Date/Time,Environment:Site Outdoor Air Drybulb Temperature [C](TimeStep),Environment:Site Outdoor Air Relative Humidity [%](TimeStep),Environment:Site Wind Speed [m/s](TimeStep),Environment:Site Diffuse Solar Radiation Rate per Area [W/m2](TimeStep),Environment:Site Direct Solar Radiation Rate per Area [W/m2](TimeStep),Environment:Site Rain Status [](TimeStep),BACKROOM:Zone People Occupant Count [](TimeStep),BATHROOM:Zone People Occupant Count [](TimeStep),BEDROOM_1:Zone People Occupant Count [](TimeStep),BEDROOM_2:Zone People Occupant Count [](TimeStep),BEDROOM_3:Zone People Occupant Count [](TimeStep),FRONT_ROOM:Zone People Occupant Count [](TimeStep),HALL_DOWNSTAIRS:Zone People Occupant Count [](TimeStep),HALL_UPSTAIRS:Zone People Occupant Count [](TimeStep),KITCHEN:Zone People Occupant Count [](TimeStep),EMS:Boiler Cycles [](TimeStep),HALL_DOWNSTAIRS:Zone Windows Total Transmitted Solar Radiation Rate [W](TimeStep),FRONT_ROOM:Zone Windows Total Transmitted Solar Radiation Rate [W](TimeStep),KITCHEN:Zone Windows Total Transmitted Solar Radiation Rate [W](TimeStep),BACKROOM:Zone Windows Total Transmitted Solar Radiation Rate [W](TimeStep),BEDROOM_3:Zone Windows Total Transmitted Solar Radiation Rate [W](TimeStep),BEDROOM_1:Zone Windows Total Transmitted Solar Radiation Rate [W](TimeStep),HALL_UPSTAIRS:Zone Windows Total Transmitted Solar Radiation Rate [W](TimeStep),BATHROOM:Zone Windows Total Transmitted Solar Radiation Rate [W](TimeStep),BEDROOM_2:Zone Windows Total Transmitted Solar Radiation Rate [W](TimeStep),SUBFLOOR:Zone Windows Total Transmitted Solar Radiation Rate [W](TimeStep),LOFT:Zone Windows Total Transmitted Solar Radiation Rate [W](TimeStep),HALL_DOWNSTAIRS:Zone Operative Temperature [C](TimeStep),HALL_DOWNSTAIRS:Zone Air Heat Balance Interzone Air Transfer Rate [W](TimeStep),FRONT_ROOM:Zone Operative Temperature [C](TimeStep),FRONT_ROOM:Zone Air Heat Balance Interzone Air Transfer Rate [W](TimeStep),KITCHEN:Zone Operative Temperature [C](TimeStep),KITCHEN:Zone Air Heat Balance Interzone Air Transfer Rate [W](TimeStep),BACKROOM:Zone Operative Temperature [C](TimeStep),BACKROOM:Zone Air Heat Balance Interzone Air Transfer Rate [W](TimeStep),BEDROOM_3:Zone Operative Temperature [C](TimeStep),BEDROOM_3:Zone Air Heat Balance Interzone Air Transfer Rate [W](TimeStep),BEDROOM_1:Zone Operative Temperature [C](TimeStep),BEDROOM_1:Zone Air Heat Balance Interzone Air Transfer Rate [W](TimeStep),HALL_UPSTAIRS:Zone Operative Temperature [C](TimeStep),HALL_UPSTAIRS:Zone Air Heat Balance Interzone Air Transfer Rate [W](TimeStep),BATHROOM:Zone Operative Temperature [C](TimeStep),BATHROOM:Zone Air Heat Balance Interzone Air Transfer Rate [W](TimeStep),BEDROOM_2:Zone Operative Temperature [C](TimeStep),BEDROOM_2:Zone Air Heat Balance Interzone Air Transfer Rate [W](TimeStep),SUBFLOOR:Zone Air Heat Balance Interzone Air Transfer Rate [W](TimeStep),LOFT:Zone Air Heat Balance Interzone Air Transfer Rate [W](TimeStep),HALL_DOWNSTAIRS:AFN Zone Infiltration Sensible Heat Gain Rate [W](TimeStep),HALL_DOWNSTAIRS:AFN Zone Ventilation Sensible Heat Gain Rate [W](TimeStep),FRONT_ROOM:AFN Zone Infiltration Sensible Heat Gain Rate [W](TimeStep),FRONT_ROOM:AFN Zone Ventilation Sensible Heat Gain Rate [W](TimeStep),KITCHEN:AFN Zone Infiltration Sensible Heat Gain Rate [W](TimeStep),KITCHEN:AFN Zone Ventilation Sensible Heat Gain Rate [W](TimeStep),BACKROOM:AFN Zone Infiltration Sensible Heat Gain Rate [W](TimeStep),BACKROOM:AFN Zone Ventilation Sensible Heat Gain Rate [W](TimeStep),BEDROOM_3:AFN Zone Infiltration Sensible Heat Gain Rate [W](TimeStep),BEDROOM_3:AFN Zone Ventilation Sensible Heat Gain Rate [W](TimeStep),BEDROOM_1:AFN Zone Infiltration Sensible Heat Gain Rate [W](TimeStep),BEDROOM_1:AFN Zone Ventilation Sensible Heat Gain Rate [W](TimeStep),HALL_UPSTAIRS:AFN Zone Infiltration Sensible Heat Gain Rate [W](TimeStep),HALL_UPSTAIRS:AFN Zone Ventilation Sensible Heat Gain Rate [W](TimeStep),BATHROOM:AFN Zone Infiltration Sensible Heat Gain Rate [W](TimeStep),BATHROOM:AFN Zone Ventilation Sensible Heat Gain Rate [W](TimeStep),BEDROOM_2:AFN Zone Infiltration Sensible Heat Gain Rate [W](TimeStep),BEDROOM_2:AFN Zone Ventilation Sensible Heat Gain Rate [W](TimeStep),SUBFLOOR:AFN Zone Infiltration Sensible Heat Gain Rate [W](TimeStep),SUBFLOOR:AFN Zone Ventilation Sensible Heat Gain Rate [W](TimeStep),LOFT:AFN Zone Infiltration Sensible Heat Gain Rate [W](TimeStep),LOFT:AFN Zone Ventilation Sensible Heat Gain Rate [W](TimeStep),HALL_DOWNSTAIRS:AFN Zone Infiltration Volume [m3](TimeStep),HALL_DOWNSTAIRS:AFN Zone Infiltration Air Change Rate [ach](TimeStep),HALL_DOWNSTAIRS:AFN Zone Mixing Volume [m3](TimeStep),HALL_DOWNSTAIRS:AFN Zone Mixing Mass [kg](TimeStep),HALL_DOWNSTAIRS:AFN Zone Exfiltration Sensible Heat Transfer Rate [W](TimeStep),FRONT_ROOM:AFN Zone Infiltration Volume [m3](TimeStep),FRONT_ROOM:AFN Zone Infiltration Air Change Rate [ach](TimeStep),FRONT_ROOM:AFN Zone Mixing Volume [m3](TimeStep),FRONT_ROOM:AFN Zone Mixing Mass [kg](TimeStep),FRONT_ROOM:AFN Zone Exfiltration Sensible Heat Transfer Rate [W](TimeStep),KITCHEN:AFN Zone Infiltration Volume [m3](TimeStep),KITCHEN:AFN Zone Infiltration Air Change Rate [ach](TimeStep),KITCHEN:AFN Zone Mixing Volume [m3](TimeStep),KITCHEN:AFN Zone Mixing Mass [kg](TimeStep),KITCHEN:AFN Zone Exfiltration Sensible Heat Transfer Rate [W](TimeStep),BACKROOM:AFN Zone Infiltration Volume [m3](TimeStep),BACKROOM:AFN Zone Infiltration Air Change Rate [ach](TimeStep),BACKROOM:AFN Zone Mixing Volume [m3](TimeStep),BACKROOM:AFN Zone Mixing Mass [kg](TimeStep),BACKROOM:AFN Zone Exfiltration Sensible Heat Transfer Rate [W](TimeStep),BEDROOM_3:AFN Zone Infiltration Volume [m3](TimeStep),BEDROOM_3:AFN Zone Infiltration Air Change Rate [ach](TimeStep),BEDROOM_3:AFN Zone Mixing Volume [m3](TimeStep),BEDROOM_3:AFN Zone Mixing Mass [kg](TimeStep),BEDROOM_3:AFN Zone Exfiltration Sensible Heat Transfer Rate [W](TimeStep),BEDROOM_1:AFN Zone Infiltration Volume [m3](TimeStep),BEDROOM_1:AFN Zone Infiltration Air Change Rate [ach](TimeStep),BEDROOM_1:AFN Zone Mixing Volume [m3](TimeStep),BEDROOM_1:AFN Zone Mixing Mass [kg](TimeStep),BEDROOM_1:AFN Zone Exfiltration Sensible Heat Transfer Rate [W](TimeStep),HALL_UPSTAIRS:AFN Zone Infiltration Volume [m3](TimeStep),HALL_UPSTAIRS:AFN Zone Infiltration Air Change Rate [ach](TimeStep),HALL_UPSTAIRS:AFN Zone Mixing Volume [m3](TimeStep),HALL_UPSTAIRS:AFN Zone Mixing Mass [kg](TimeStep),HALL_UPSTAIRS:AFN Zone Exfiltration Sensible Heat Transfer Rate [W](TimeStep),BATHROOM:AFN Zone Infiltration Volume [m3](TimeStep),BATHROOM:AFN Zone Infiltration Air Change Rate [ach](TimeStep),BATHROOM:AFN Zone Mixing Volume [m3](TimeStep),BATHROOM:AFN Zone Mixing Mass [kg](TimeStep),BATHROOM:AFN Zone Exfiltration Sensible Heat Transfer Rate [W](TimeStep),BEDROOM_2:AFN Zone Infiltration Volume [m3](TimeStep),BEDROOM_2:AFN Zone Infiltration Air Change Rate [ach](TimeStep),BEDROOM_2:AFN Zone Mixing Volume [m3](TimeStep),BEDROOM_2:AFN Zone Mixing Mass [kg](TimeStep),BEDROOM_2:AFN Zone Exfiltration Sensible Heat Transfer Rate [W](TimeStep),SUBFLOOR:AFN Zone Infiltration Volume [m3](TimeStep),SUBFLOOR:AFN Zone Infiltration Air Change Rate [ach](TimeStep),SUBFLOOR:AFN Zone Mixing Volume [m3](TimeStep),SUBFLOOR:AFN Zone Mixing Mass [kg](TimeStep),SUBFLOOR:AFN Zone Exfiltration Sensible Heat Transfer Rate [W](TimeStep),LOFT:AFN Zone Infiltration Volume [m3](TimeStep),LOFT:AFN Zone Infiltration Air Change Rate [ach](TimeStep),LOFT:AFN Zone Mixing Volume [m3](TimeStep),LOFT:AFN Zone Mixing Mass [kg](TimeStep),LOFT:AFN Zone Exfiltration Sensible Heat Transfer Rate [W](TimeStep),HALL_DOWNSTAIRS:Zone Air System Sensible Heating Rate [W](TimeStep),HALL_DOWNSTAIRS:Zone Air Temperature [C](TimeStep),HALL_DOWNSTAIRS:Zone Air Relative Humidity [%](TimeStep),HALL_DOWNSTAIRS:Zone Thermostat Heating Setpoint Temperature [C](TimeStep),HALL_DOWNSTAIRS:Zone Thermostat Cooling Setpoint Temperature [C](TimeStep),FRONT_ROOM:Zone Air System Sensible Heating Rate [W](TimeStep),FRONT_ROOM:Zone Air Temperature [C](TimeStep),FRONT_ROOM:Zone Air Relative Humidity [%](TimeStep),FRONT_ROOM:Zone Thermostat Heating Setpoint Temperature [C](TimeStep),FRONT_ROOM:Zone Thermostat Cooling Setpoint Temperature [C](TimeStep),KITCHEN:Zone Air System Sensible Heating Rate [W](TimeStep),KITCHEN:Zone Air Temperature [C](TimeStep),KITCHEN:Zone Air Relative Humidity [%](TimeStep),KITCHEN:Zone Thermostat Heating Setpoint Temperature [C](TimeStep),KITCHEN:Zone Thermostat Cooling Setpoint Temperature [C](TimeStep),BACKROOM:Zone Air System Sensible Heating Rate [W](TimeStep),BACKROOM:Zone Air Temperature [C](TimeStep),BACKROOM:Zone Air Relative Humidity [%](TimeStep),BACKROOM:Zone Thermostat Heating Setpoint Temperature [C](TimeStep),BACKROOM:Zone Thermostat Cooling Setpoint Temperature [C](TimeStep),BEDROOM_3:Zone Air System Sensible Heating Rate [W](TimeStep),BEDROOM_3:Zone Air Temperature [C](TimeStep),BEDROOM_3:Zone Air Relative Humidity [%](TimeStep),BEDROOM_3:Zone Thermostat Heating Setpoint Temperature [C](TimeStep),BEDROOM_3:Zone Thermostat Cooling Setpoint Temperature [C](TimeStep),BEDROOM_1:Zone Air System Sensible Heating Rate [W](TimeStep),BEDROOM_1:Zone Air Temperature [C](TimeStep),BEDROOM_1:Zone Air Relative Humidity [%](TimeStep),BEDROOM_1:Zone Thermostat Heating Setpoint Temperature [C](TimeStep),BEDROOM_1:Zone Thermostat Cooling Setpoint Temperature [C](TimeStep),HALL_UPSTAIRS:Zone Air System Sensible Heating Rate [W](TimeStep),HALL_UPSTAIRS:Zone Air Temperature [C](TimeStep),HALL_UPSTAIRS:Zone Air Relative Humidity [%](TimeStep),HALL_UPSTAIRS:Zone Thermostat Heating Setpoint Temperature [C](TimeStep),HALL_UPSTAIRS:Zone Thermostat Cooling Setpoint Temperature [C](TimeStep),BATHROOM:Zone Air System Sensible Heating Rate [W](TimeStep),BATHROOM:Zone Air Temperature [C](TimeStep),BATHROOM:Zone Air Relative Humidity [%](TimeStep),BATHROOM:Zone Thermostat Heating Setpoint Temperature [C](TimeStep),BATHROOM:Zone Thermostat Cooling Setpoint Temperature [C](TimeStep),BEDROOM_2:Zone Air System Sensible Heating Rate [W](TimeStep),BEDROOM_2:Zone Air Temperature [C](TimeStep),BEDROOM_2:Zone Air Relative Humidity [%](TimeStep),BEDROOM_2:Zone Thermostat Heating Setpoint Temperature [C](TimeStep),BEDROOM_2:Zone Thermostat Cooling Setpoint Temperature [C](TimeStep),SUBFLOOR:Zone Air System Sensible Heating Rate [W](TimeStep),SUBFLOOR:Zone Air Temperature [C](TimeStep),SUBFLOOR:Zone Thermostat Heating Setpoint Temperature [C](TimeStep),SUBFLOOR:Zone Thermostat Cooling Setpoint Temperature [C](TimeStep),LOFT:Zone Air System Sensible Heating Rate [W](TimeStep),LOFT:Zone Air Temperature [C](TimeStep),LOFT:Zone Thermostat Heating Setpoint Temperature [C](TimeStep),LOFT:Zone Thermostat Cooling Setpoint Temperature [C](TimeStep),HALL_DOWNSTAIRS:Zone Air CO2 Concentration [ppm](TimeStep),FRONT_ROOM:Zone Air CO2 Concentration [ppm](TimeStep),KITCHEN:Zone Air CO2 Concentration [ppm](TimeStep),BACKROOM:Zone Air CO2 Concentration [ppm](TimeStep),BEDROOM_3:Zone Air CO2 Concentration [ppm](TimeStep),BEDROOM_1:Zone Air CO2 Concentration [ppm](TimeStep),HALL_UPSTAIRS:Zone Air CO2 Concentration [ppm](TimeStep),BATHROOM:Zone Air CO2 Concentration [ppm](TimeStep),BEDROOM_2:Zone Air CO2 Concentration [ppm](TimeStep),MAIN HOT WATER LOOP:Plant Supply Side Heating Demand Rate [W](TimeStep),MAIN HOT WATER LOOP:Plant Supply Side Inlet Temperature [C](TimeStep),MAIN HOT WATER LOOP:Plant Supply Side Outlet Temperature [C](TimeStep),Whole Building:Facility Total Purchased Electricity Rate [W](TimeStep),Whole Building:Facility Total Surplus Electricity Rate [W](TimeStep),Whole Building:Facility Net Purchased Electricity Rate [W](TimeStep),Whole Building:Facility Total Electricity Demand Rate [W](TimeStep),FRONT_ROOM-THERMOSTAT DUAL SP CONTROL-HEATING-EXT:Schedule Value [](TimeStep),BACKROOM-THERMOSTAT DUAL SP CONTROL-HEATING-EXT:Schedule Value [](TimeStep),BEDROOM_1-THERMOSTAT DUAL SP CONTROL-HEATING-EXT:Schedule Value [](TimeStep),BEDROOM_2-THERMOSTAT DUAL SP CONTROL-HEATING-EXT:Schedule Value [](TimeStep),BATHROOM-THERMOSTAT DUAL SP CONTROL-HEATING-EXT:Schedule Value [](TimeStep),BEDROOM_3-THERMOSTAT DUAL SP CONTROL-HEATING-EXT:Schedule Value [](TimeStep),HALL_DOWNSTAIRS-THERMOSTAT DUAL SP CONTROL-HEATING-EXT:Schedule Value [](TimeStep),HALL_UPSTAIRS-THERMOSTAT DUAL SP CONTROL-HEATING-EXT:Schedule Value [](TimeStep),BASEBOARD AVAILABILITY:Schedule Value [](TimeStep),BACKROOM-BASEBOARD HEAT:Baseboard Total Heating Rate [W](TimeStep),HALL_DOWNSTAIRS-BASEBOARD HEAT:Baseboard Total Heating Rate [W](TimeStep),FRONT_ROOM-BASEBOARD HEAT:Baseboard Total Heating Rate [W](TimeStep),KITCHEN-BASEBOARD HEAT:Baseboard Total Heating Rate [W](TimeStep),BEDROOM_3-BASEBOARD HEAT:Baseboard Total Heating Rate [W](TimeStep),BEDROOM_1-BASEBOARD HEAT:Baseboard Total Heating Rate [W](TimeStep),HALL_UPSTAIRS-BASEBOARD HEAT:Baseboard Total Heating Rate [W](TimeStep),BATHROOM-BASEBOARD HEAT:Baseboard Total Heating Rate [W](TimeStep),BEDROOM_2-BASEBOARD HEAT:Baseboard Total Heating Rate [W](TimeStep),MAIN BOILER:Boiler Heating Rate [W](TimeStep),MAIN BOILER:Boiler Heating Energy [J](TimeStep),MAIN BOILER:Boiler NaturalGas Energy [J](TimeStep),MAIN BOILER:Boiler Inlet Temperature [C](TimeStep),MAIN BOILER:Boiler Outlet Temperature [C](TimeStep),MAIN BOILER:Boiler Part Load Ratio [](TimeStep),MAIN BOILER:Boiler Efficiency [](TimeStep),MAIN HOT WATER LOOP SUPPLY PUMP:Pump Mass Flow Rate [kg/s](TimeStep),MAIN BOILER OUTLET:System Node Temperature [C](TimeStep),MAIN BOILER INLET:System Node Mass Flow Rate [kg/s](TimeStep),Site:Environmental Impact NaturalGas Source Energy [J](TimeStep),Site:Environmental Impact Total CO2 Emissions Carbon Equivalent Mass [kg](TimeStep) 
 02/16  00:10:00,3.0083333333333339,88.50000000000002,4.33,0.0,0.0,0.0,0.0,0.0,2.0,2.0,0.0,0.0,0.0,0.0,0.0,279.0,0.0,0.0,0.0,0.0,0.0,0.0,0.0,0.0,0.0,0.0,0.0,18.27642424633251,-204.52978748673406,18.397961023005963,-232.6872326418445,18.202062329295094,-88.2810905745207,18.006215697455127,-161.66451586664079,15.051478474294893,-0.0999226238270883,17.904894716087104,-44.362957862479017,16.0487642517513,146.89464290431943,14.30400456006655,-163.1238371046149,16.29730155627611,-43.32310048034132,459.8225432630901,469.69353000784408,0.0,0.0,0.0,0.0,0.0,0.0,0.0,0.0,0.0,0.0,0.0,0.0,0.0,0.0,0.0,0.0,0.0,0.0,0.0,0.0,0.0,0.0,1.5077060375940104,0.46022772820329996,141.41893941483546,167.48681026579576,4222.772533600513,0.2745439443717456,0.04190231141204909,63.18087239083647,74.7914511783105,1884.7521829744983,1.7421949539651283,0.32921295426400778,89.84736793276531,106.40480149089746,2713.0273695141565,0.28304823618522259,0.053486061259490267,48.369170370772518,57.26660597122702,1439.3007009657359,0.0,0.0,8.903089322457414,10.642509573378606,215.95186251256269,0.0,0.0,12.547724163664946,14.842561999542806,377.70708515287569,0.0,0.0,83.17288453498252,99.08793560386497,2175.0176252289618,0.0,0.0,41.23084762041285,49.46022988130163,916.3379856566387,0.0,0.0,17.335338989496188,20.63836417053179,461.0617108660265,35.84725120599458,24.58659204800727,129.11267844496505,153.86386035836956,4308.986919726563,0.0,0.0,53.871523844703478,65.11336776014527,972.2613369263347,0.0,17.803928771599005,34.589909398390378,22.0,30.0,0.0,17.985782347872229,34.05109002398574,12.0,30.0,0.0,17.861020715280004,34.6130116532063,22.0,30.0,0.0,17.86061263127101,34.5418185995966,12.0,30.0,0.0,15.035401683243606,42.51590554510733,12.0,30.0,0.0,18.097579314232797,34.89553426674066,12.0,30.0,0.0,16.02064147173977,39.15314497778604,10.0,30.0,0.0,13.988378213498514,45.439201721686988,12.0,30.0,0.0,16.25798049300489,39.10683977213064,20.0,30.0,0.0,15.983575105365468,0.0,0.0,0.0,11.838475677968454,0.0,0.0,581.868962978479,567.325836773432,598.3270442878509,590.1452081895905,684.4068643868418,964.6517939572275,622.4304937578066,696.2240717405798,733.3588458895185,0.0,80.5164901227629,80.5164901227629,60.0,0.0,60.0,60.0,12.0,12.0,12.0,19.0,12.0,12.0,21.0,10.0,0.0,0.0,0.0,0.0,0.0,0.0,0.0,0.0,0.0,0.0,0.0,0.0,0.0,80.5164901227629,80.5164901227629,0.0,0.0,0.0,80.5164901227629,0.0,0.0,0.0013800000000000002 
 02/16  00:20:00,3.2666666666666668,86.0,4.88,0.0,0.0,0.0,0.0,0.0,2.0,2.0,0.0,0.0,0.0,0.0,0.0,279.0,0.0,0.0,0.0,0.0,0.0,0.0,0.0,0.0,0.0,0.0,0.0,18.093636272242344,-174.0107754704258,18.29969265870913,-305.2578672346314,18.080054645197494,-265.95553070884088,17.832361516983533,-191.00774945257664,15.025522699770829,0.22725212986047903,17.839955534550783,-31.68500918512881,16.152472872189038,42.018027631572127,14.175797315040377,-197.11390032832885,16.333949924095238,-49.85658410865295,667.8267879410703,574.8869034245399,0.0,0.0,0.0,0.0,0.0,0.0,0.0,0.0,0.0,0.0,0.0,0.0,0.0,0.0,0.0,0.0,0.0,0.0,0.0,0.0,0.0,0.0,1.5433895832364733,0.47112014140307476,309.9661125249394,367.2364007771993,8861.841063733185,0.27424083753467778,0.041856049684779867,169.24190312193506,200.18049604504206,4934.408649943974,1.4973348928262754,0.2829431014410951,296.54572460546776,351.1088937642407,8592.665756281494,0.2886502329236042,0.05454463963031066,152.51233896696116,180.69761296432473,4364.632806846455,0.0,0.0,8.530369456799266,10.189159803621806,201.8656031980355,0.0,0.0,11.661252813564138,13.783222998042075,343.33113481271348,0.0,0.0,84.65083181600375,100.69667523353852,2200.677934287,0.0,0.0,47.71725725415389,57.23644238808071,1017.3963669364521,0.0,0.0,15.039080995441186,17.87787786025335,394.81384559237167,38.054423861422019,26.10042788849247,407.7876095267888,484.7894452434956,11865.199932805224,0.0,0.0,61.18662219656888,73.91797071889804,1062.2851939900796,0.0,17.55210919492114,34.87032106469557,21.999999999999994,29.99999999999999,0.0,17.893847322081766,34.04186344677329,11.999999999999995,29.99999999999999,0.0,17.717159703794537,34.588020939325129,21.999999999999994,29.99999999999999,0.0,17.601749808671177,34.83521491748897,11.999999999999995,29.99999999999999,0.0,15.009504724215102,42.240342143556649,11.999999999999995,29.99999999999999,0.0,18.035769428159847,34.77481987287109,11.999999999999995,29.99999999999999,0.0,16.222620946977349,38.34853064894588,9.999999999999997,29.99999999999999,0.0,13.79989851295701,45.451186315987829,11.999999999999995,29.99999999999999,0.0,16.35661128931261,38.71769862181345,19.999999999999994,29.99999999999999,0.0,16.460882247739563,0.0,0.0,0.0,11.76544424824145,0.0,0.0,563.0160000688286,554.2835620511689,571.3177218843397,573.4203975694544,663.8354287829234,953.3745564671956,604.8827509400937,671.2406172612119,791.9571384708747,0.0,80.51649012276288,80.51649012276288,59.99999999999998,0.0,59.99999999999998,59.99999999999998,12.0,12.0,12.0,19.0,12.0,12.0,21.0,10.0,0.0,0.0,0.0,0.0,0.0,0.0,0.0,0.0,0.0,0.0,0.0,0.0,0.0,80.51649012276288,80.51649012276288,0.0,0.0,0.0,80.51649012276288,0.0,0.0,0.001396666666666667 
 02/16  00:30:00,3.525,83.5,5.43,0.0,0.0,0.0,0.0,0.0,2.0,2.0,0.0,0.0,0.0,0.0,0.0,279.0,0.0,0.0,0.0,0.0,0.0,0.0,0.0,0.0,0.0,0.0,0.0,18.08629539748567,-163.65509726936907,18.17089052929259,-291.903394402182,17.915503218768053,-237.47777708891429,17.74696314619448,-161.55116438589153,14.999689582593595,1.157755116723573,17.777932104442944,-33.28964393914599,16.15906062435837,37.00150249891353,14.062293756310993,-198.45787716663086,16.343064055111684,-57.38514001597977,531.3071910050127,613.8938890752559,0.0,0.0,0.0,0.0,0.0,0.0,0.0,0.0,0.0,0.0,0.0,0.0,0.0,0.0,0.0,0.0,0.0,0.0,0.0,0.0,0.0,0.0,1.5132453958320027,0.46191861899633776,158.93599980819753,187.95962047112313,4509.829376296431,0.2789454293046427,0.042574088721709809,99.00727370926629,117.0473162988743,2808.3292472586306,1.498630592979274,0.2831879427398477,186.2976819587035,220.46438686632278,5234.422727523127,0.29352655697186405,0.05546609164245349,109.3879571996581,129.3860471134808,3053.284360351202,0.0,0.0,9.030554464409422,10.777761602646074,208.38492373911596,0.0,0.0,11.863022940678049,14.01261724887327,341.4982577789145,0.0,0.0,89.8940363312768,106.82554232913984,2293.2750716567727,0.0,0.0,50.23473753700753,60.234850611219659,1028.9432922392207,0.0,0.0,16.216674609610437,19.258945000269564,418.28992173019528,40.81921067171008,27.996715138347108,177.40865890468815,211.04425225320288,5428.062481547556,0.0,0.0,64.4056386058578,77.7570250995939,1074.5777286548676,0.0,17.638846076180227,34.34111028414022,21.999999999999994,29.99999999999999,0.0,17.75074952415915,33.97902531131744,11.999999999999995,29.99999999999999,0.0,17.50702773536248,34.679978521095339,21.999999999999994,29.99999999999999,0.0,17.523235324974956,34.68368450213365,11.999999999999995,29.99999999999999,0.0,14.984706551973318,41.9404788737091,11.999999999999995,29.99999999999999,0.0,17.975044910115824,34.628513007559927,11.999999999999995,29.99999999999999,0.0,16.252448550490365,37.903759018585677,9.999999999999997,29.99999999999999,0.0,13.647328321131264,45.466406850495307,11.999999999999995,29.99999999999999,0.0,16.400134427014739,38.37402572414395,19.999999999999994,29.99999999999999,0.0,15.829576804451602,0.0,0.0,0.0,11.69694298355792,0.0,0.0,544.7848830657189,534.3580551335747,552.2826161363081,557.182799924165,643.0291671796484,938.7002836054971,583.6068178022376,652.649327723434,818.6670488577413,0.0,80.51649012276288,80.51649012276288,59.99999999999998,0.0,59.99999999999998,59.99999999999998,12.0,12.0,12.0,19.0,12.0,12.0,21.0,10.0,0.0,0.0,0.0,0.0,0.0,0.0,0.0,0.0,0.0,0.0,0.0,0.0,0.0,80.51649012276288,80.51649012276288,0.0,0.0,0.0,80.51649012276288,0.0,0.0,0.0014133333333333336 
 02/16  00:40:00,3.783333333333333,81.0,5.9799999999999999,0.0,0.0,0.0,0.0,0.0,2.0,2.0,0.0,0.0,0.0,0.0,0.0,93.0,0.0,0.0,0.0,0.0,0.0,0.0,0.0,0.0,0.0,0.0,0.0,18.072870165715896,-54.24945689317383,17.97500914056058,-382.74705797022218,17.77482311729495,-313.1079592060846,17.735971448653915,-8.661955214033242,14.97039830285467,1.8698058812629484,17.706705087415217,-31.99026405575603,16.13763341393382,25.7510362603075,13.95477215235113,-185.93414108353387,16.337937250904149,-59.88962866797965,504.4737810311153,632.0933103674734,0.0,0.0,0.0,0.0,0.0,0.0,0.0,0.0,0.0,0.0,0.0,0.0,0.0,0.0,0.0,0.0,0.0,0.0,0.0,0.0,0.0,0.0,1.4887223505812195,0.4544329519478692,108.19353562642422,127.52167743380299,3042.0653111104745,0.2742935430564189,0.04186409387307981,100.90782420971576,119.04619348458653,2757.829250022777,1.45953821081119,0.27580087127951449,83.6902028974208,98.7768921327673,2299.214532193987,0.29118346823150478,0.055023331109505798,87.54822171972724,103.22880538069033,2414.376156768379,0.0,0.0,9.13801105968103,10.87169155281101,205.45700322418777,0.0,0.0,12.139123622637982,14.296336873569981,341.1751966336396,0.0,0.0,90.31974631307502,106.99489079013763,2252.652216325295,0.0,0.0,50.80528929681211,60.75048796620607,999.6664456996459,0.0,0.0,16.631805302821069,19.68673879668478,420.6863322708138,43.061915617483069,29.534921548342305,129.26069873173129,153.4944323203852,4070.436699406272,0.0,0.0,65.49397419612686,78.83378550933013,1048.9363577291566,0.0,17.718785032308696,33.935496096138049,22.0,30.0,0.0,17.466227663776857,34.132121204402007,12.0,30.0,0.0,17.332353925119397,34.53710256425178,22.0,30.0,0.0,17.587280013198425,34.505691824942839,12.0,30.0,0.0,14.953640423192145,41.61631654609524,12.0,30.0,0.0,17.894761543616654,34.47372694002607,12.0,30.0,0.0,16.23203958258937,37.63341738047867,10.0,30.0,0.0,13.507077764848092,45.569185069500807,12.0,30.0,0.0,16.416404163020464,38.0349500329865,20.0,30.0,0.0,15.573435145738842,0.0,0.0,0.0,11.628862894778026,0.0,0.0,533.7599114606222,509.4849374355533,521.7472472169002,560.0778139549036,620.7852027774885,918.7254633438527,568.2617410148873,639.8499777147432,830.6791515624049,0.0,80.5164901227629,80.5164901227629,60.0,0.0,60.0,60.0,12.0,12.0,12.0,19.0,12.0,12.0,21.0,10.0,0.0,0.0,0.0,0.0,0.0,0.0,0.0,0.0,0.0,0.0,0.0,0.0,0.0,80.5164901227629,80.5164901227629,0.0,0.0,0.0,80.5164901227629,0.0,0.0,0.0014299999999999999 
 02/16  00:50:00,4.041666666666667,78.5,6.53,0.0,0.0,0.0,0.0,0.0,2.0,2.0,0.0,0.0,0.0,0.0,0.0,465.0,0.0,0.0,0.0,0.0,0.0,0.0,0.0,0.0,0.0,0.0,0.0,17.84565363168723,-279.4938855746604,17.924818852533407,-192.9362119794624,17.749355150646666,-119.90088758909687,17.62473808160339,-212.93848910091493,14.947954680064829,1.2028923027002295,17.65645512988787,-33.73668699781069,16.099260723251935,2.047871351217236,13.886418852983749,-194.9664319028828,16.320317990470799,-66.067503448607,539.9168088838192,646.0877604682812,0.0,0.0,0.0,0.0,0.0,0.0,0.0,0.0,0.0,0.0,0.0,0.0,0.0,0.0,0.0,0.0,0.0,0.0,0.0,0.0,0.0,0.0,1.4646616917498859,0.4470884284950812,182.42557589118293,215.90070065882513,4858.60314820528,0.27182230577103169,0.041486920905224617,89.66757475140588,106.07374153366277,2405.1315510044184,1.4184292253926354,0.2680327334453205,128.91413410245529,152.51181928422106,3464.9020212258189,0.2729954872775652,0.05158644884307731,68.80233810766787,81.37938452871167,1837.071452382738,0.0,0.0,9.234118137401355,11.008475187386964,202.25660218960855,0.0,0.0,12.183044026491999,14.378306872886404,334.7752538253821,0.0,0.0,89.89714571673717,106.7187485236947,2184.203376662696,0.0,0.0,52.029838418968768,62.35143877820913,988.6930716168737,0.0,0.0,17.865883918584108,21.188991308854356,441.8233313400558,44.29156310030603,30.378301166190704,183.09050937182483,217.82632900773593,5351.099577148479,0.0,0.0,66.92943751027028,80.73539353996928,1027.781603361048,0.0,17.340557111259636,34.42252957030965,22.0,30.0,0.0,17.485731101913495,33.99111179090104,12.000000000000002,30.0,0.0,17.400385792052235,34.46220004421189,22.0,30.0,0.0,17.41200582310108,34.34404478112673,12.000000000000002,30.0,0.0,14.936906543915182,41.4400606095607,12.000000000000002,30.0,0.0,17.854589439489098,34.38108909616896,12.000000000000002,30.0,0.0,16.181898260491559,37.529644082745239,10.0,30.0,0.0,13.442058842665358,45.4714414279392,12.000000000000002,30.0,0.0,16.408782147849999,37.86963901359324,20.0,30.0,0.0,15.618606646157069,0.0,0.0,0.0,11.571215268114509,0.0,0.0,522.1108162167958,512.1598709580063,535.3604230686029,532.0796409839697,611.153960785607,908.6526277821478,561.5302157555897,630.9640677185048,826.5863712936877,0.0,80.51649012276292,80.51649012276292,60.0,0.0,60.0,60.0,12.0,12.0,12.0,19.0,12.0,12.0,21.0,10.0,0.0,0.0,0.0,0.0,0.0,0.0,0.0,0.0,0.0,0.0,0.0,0.0,0.0,80.51649012276292,80.51649012276292,0.0,0.0,0.0,80.51649012276292,0.0,0.0,0.0014366666666666664 
 02/16  01:00:00,4.3,76.0,7.08,0.0,0.0,0.0,0.0,0.0,2.0,2.0,0.0,0.0,0.0,0.0,0.0,186.0,0.0,0.0,0.0,0.0,0.0,0.0,0.0,0.0,0.0,0.0,0.0,17.721615719183018,-228.79705244637536,17.863331258348219,-198.33052965000298,17.70505506892835,-128.68950586432119,17.549479849678023,-126.29021882652956,14.918204290259898,1.4126426499560126,17.591100627435816,-33.77738812976526,16.040041610002939,8.376321639623484,13.800792191107196,-190.09252923973839,16.29468774956866,-68.3703930900943,465.45190806250278,653.6311103352332,0.0,0.0,0.0,0.0,0.0,0.0,0.0,0.0,0.0,0.0,0.0,0.0,0.0,0.0,0.0,0.0,0.0,0.0,0.0,0.0,0.0,0.0,1.4334790550127062,0.43756991911254769,150.44435893869605,177.64165592563433,3908.462930107755,0.26790609758829966,0.04088920903362327,80.49593022265131,95.03283218463072,2106.951403053445,1.381508819790749,0.2610560883958333,69.59352072092173,82.06917426280319,1850.2287297089584,0.2683964991782609,0.0507174034728384,32.02221990443872,37.74185943164791,834.5505649359717,0.0,0.0,9.37804784719174,11.159158137719578,199.84260856270059,0.0,0.0,12.329065244193995,14.526180848657152,330.5497542010917,0.0,0.0,90.70085416171446,107.49012172964004,2141.6598557840445,0.0,0.0,52.33875825159423,62.6214487820688,956.3176457571058,0.0,0.0,18.532122686797665,21.938300872047827,447.63058371810197,45.4801454501625,31.193515397916678,114.24498293503459,135.76170358248275,3522.3056425413444,0.0,0.0,67.46925125501278,81.24720839087661,991.2808710196686,0.0,17.21754447721333,34.35227500213807,22.0,30.0,0.0,17.44557105127597,33.87840556597519,12.0,30.0,0.0,17.40056223361053,34.17201965034508,22.0,30.0,0.0,17.349854571022694,34.059932323684069,12.0,30.0,0.0,14.906364830759994,41.17674085772565,12.0,30.0,0.0,17.78336369579734,34.235040916134618,12.0,30.0,0.0,16.103880841292545,37.509361570182139,10.0,30.0,0.0,13.341803025029526,45.46954333515838,12.0,30.0,0.0,16.386972745612927,37.621871103826837,20.0,30.0,0.0,15.314112985694348,0.0,0.0,0.0,11.506364848847684,0.0,0.0,511.4929583359972,508.0312513414101,528.6185953561248,519.9734295107012,596.4971724674324,889.3546572173796,555.4691512124451,625.2692078372656,814.9521822455017,0.0,80.5164901227629,80.5164901227629,60.0,0.0,60.0,60.0,12.0,12.0,12.0,19.0,12.0,12.0,21.0,10.0,0.0,0.0,0.0,0.0,0.0,0.0,0.0,0.0,0.0,0.0,0.0,0.0,0.0,80.5164901227629,80.5164901227629,0.0,0.0,0.0,80.5164901227629,0.0,0.0,0.0014433333333333334 
 02/16  01:10:00,4.3,76.0,7.085000000000001,0.0,0.0,0.0,0.0,0.0,2.0,2.0,0.0,0.0,0.0,0.0,0.0,279.0,0.0,0.0,0.0,0.0,0.0,0.0,0.0,0.0,0.0,0.0,0.0,17.661836787562558,-77.31614191696676,17.773189623328315,-304.44151254648019,17.577262991563847,-274.96481471514718,17.466682081396358,-101.11831823316757,14.89013019063053,0.6492305784753398,17.532674364081268,-34.27339114890334,15.984355596446708,-7.674834207694554,13.728658787091917,-191.22172449321358,16.266277330870638,-71.71278871390644,525.4827430136044,655.2481554415588,0.0,0.0,0.0,0.0,0.0,0.0,0.0,0.0,0.0,0.0,0.0,0.0,0.0,0.0,0.0,0.0,0.0,0.0,0.0,0.0,0.0,0.0,1.4147010472093729,0.4318379264985876,146.57404976628778,173.30255775593987,3805.0882032824667,0.259742474070979,0.03964323474831792,85.85418240871756,101.51547852386639,2231.0846223779929,1.3632898093460318,0.2576133426579804,128.03204455880067,151.33059498223205,3327.733270024638,0.26589815280449916,0.05024530476275493,84.81023978547953,100.1747252909658,2191.1753779311568,0.0,0.0,9.267294172237208,11.036613529585316,197.01284004988123,0.0,0.0,12.568714730197345,14.822396393049563,335.614398821038,0.0,0.0,89.0193834090302,105.60118998299146,2089.789477234376,0.0,0.0,52.63420743193565,63.038010596391448,954.1014590092626,0.0,0.0,19.62049891773891,23.246208939311499,472.97295981832226,45.40737260465795,31.143602609504776,161.7964112647736,192.381603161958,4667.0764578766079,0.0,0.0,67.65298602486337,81.54642855759642,985.5681669770918,0.0,17.22306692950209,34.17946620302559,22.0,30.0,0.0,17.342853469691499,33.758481946136168,12.0,30.0,0.0,17.227559479348039,34.1632319917053,22.0,30.0,0.0,17.258931817099087,34.14520936146644,12.0,30.0,0.0,14.879773103719373,41.019641318348927,12.0,30.0,0.0,17.725777227675317,34.14932364370223,12.0,30.0,0.0,16.032315294970674,37.392087002401478,10.0,30.0,0.0,13.26740069694302,45.43633484762992,12.0,30.0,0.0,16.361354914174269,37.47207727344477,20.0,30.0,0.0,15.458655730821562,0.0,0.0,0.0,11.443251976187144,0.0,0.0,507.92435506715477,498.36803268240149,512.3359566842034,514.6449188796044,587.2213556758165,873.7959960169362,547.9060503544515,621.5953533698569,803.6659513385628,0.0,80.5164901227629,80.5164901227629,60.0,0.0,60.0,60.0,12.0,12.0,12.0,19.0,12.0,12.0,21.0,10.0,0.0,0.0,0.0,0.0,0.0,0.0,0.0,0.0,0.0,0.0,0.0,0.0,0.0,80.5164901227629,80.5164901227629,0.0,0.0,0.0,80.5164901227629,0.0,0.0,0.0014500000000000002 
 02/16  01:20:00,4.3,76.0,7.090000000000001,0.0,0.0,0.0,0.0,0.0,2.0,2.0,0.0,0.0,0.0,0.0,0.0,186.0,0.0,0.0,0.0,0.0,0.0,0.0,0.0,0.0,0.0,0.0,0.0,17.57390489267793,-180.72420603046045,17.711865470263363,-197.12140582643645,17.498727303752707,-253.49277591119484,17.41114541929963,-82.77901036022593,14.85895008775801,0.7741676710561194,17.46950431308614,-35.08098024289134,15.936535046236339,2.6009758628476904,13.654516584857156,-189.13417405449935,16.232833104737816,-73.37364073777974,484.37510850290848,658.8389841854797,0.0,0.0,0.0,0.0,0.0,0.0,0.0,0.0,0.0,0.0,0.0,0.0,0.0,0.0,0.0,0.0,0.0,0.0,0.0,0.0,0.0,0.0,1.4073517854654845,0.42959456210790128,107.01682618406955,126.44054377517523,2770.5809930542739,0.2623290333670323,0.040038008755652058,73.56192849476727,86.92913308133784,1907.1842607632617,1.3528198597269299,0.2556348941282937,84.56517575985379,99.85172307566237,2194.8464907564277,0.2687825131531793,0.050790346400827527,81.20143842419964,95.84038525830886,2095.7993049657168,0.0,0.0,9.391214082548835,11.180731216438723,199.10805505198307,0.0,0.0,12.604895969800712,14.862406646197629,335.03853525936486,0.0,0.0,90.34464762000035,107.1496557179087,2111.8779889923555,0.0,0.0,52.84959167743111,63.286358550957647,949.9987788738108,0.0,0.0,20.174788574108523,23.896054987074895,485.108026386631,45.34703750811903,31.102220513113197,125.01250844374158,148.62153882660483,3741.0230021272138,0.0,0.0,67.82708801493198,81.7393415195944,980.0741117355058,0.0,17.128605994482514,34.112614981588439,22.0,30.0,0.0,17.31364658856348,33.645861714096117,12.0,30.0,0.0,17.170022630557253,34.11675585735093,22.0,30.0,0.0,17.21226478674839,34.09999232916658,12.0,30.0,0.0,14.847764877236802,40.836121898760897,12.0,30.0,0.0,17.658235846059705,34.04944845836184,12.0,30.0,0.0,15.977511671627747,37.3042857859583,10.0,30.0,0.0,13.187915503825409,45.43528988865275,12.0,30.0,0.0,16.32690394836068,37.30698806385656,20.0,30.0,0.0,15.260680066768132,0.0,0.0,0.0,11.38190540541759,0.0,0.0,498.6377354357163,493.43676942504507,509.053356444046,512.7525302113763,578.1038410140161,857.8330373615804,541.9802967312676,618.557648024881,791.0921329173267,0.0,80.5164901227629,80.5164901227629,60.0,0.0,60.0,60.0,12.0,12.0,12.0,19.0,12.0,12.0,21.0,10.0,0.0,0.0,0.0,0.0,0.0,0.0,0.0,0.0,0.0,0.0,0.0,0.0,0.0,80.5164901227629,80.5164901227629,0.0,0.0,0.0,80.5164901227629,0.0,0.0,0.00145 
 02/16  01:30:00,4.3,76.0,7.095000000000001,0.0,0.0,0.0,0.0,0.0,2.0,2.0,0.0,0.0,0.0,0.0,0.0,186.0,0.0,0.0,0.0,0.0,0.0,0.0,0.0,0.0,0.0,0.0,0.0,17.39559503715944,-127.86606492730334,17.648370285811315,-358.68114652829947,17.311902465328524,-210.4847365645005,17.326444669736106,-246.31419872907419,14.827330450838524,-0.7932850453358782,17.40825481410821,-34.902784095129337,15.877015846274045,-30.376167408905304,13.582914423537826,-192.12728117106827,16.198459840317314,-73.51925384836886,711.2651334460179,656.7913801008383,0.0,0.0,0.0,0.0,0.0,0.0,0.0,0.0,0.0,0.0,0.0,0.0,0.0,0.0,0.0,0.0,0.0,0.0,0.0,0.0,0.0,0.0,1.3803600045196763,0.4213553127349439,306.80315380850495,362.75681809550317,7735.608765022536,0.24353335690539347,0.03716931576700144,245.88501424889848,290.35563015145837,6335.182114751944,1.3319010116982853,0.25168197499967606,249.17970586611478,294.67759235609278,6287.769056616191,0.25913357599654887,0.04896704005981647,235.97172920492177,278.84654335937287,6019.878106483847,0.0,0.0,9.006460173236303,10.728023681005374,190.42274803446504,0.0,0.0,12.861124238249204,15.169144833771018,340.3182149674134,0.0,0.0,86.15534040598215,102.24589283431779,2002.6641835891465,0.0,0.0,52.9955735961989,63.48937565774838,944.8442221059,0.0,0.0,22.95059638468748,27.18916145850528,550.3547917769491,45.24672526944714,31.03341925202137,453.177298009055,537.6637158900593,11589.167953774702,0.0,0.0,67.79931023861022,81.73940150263164,970.8941600935782,0.0,16.874109596335197,34.50548263925653,22.0,30.0,0.0,17.262175473593297,33.557513766318269,12.0,30.0,0.0,16.899698395680625,34.59047363766791,22.0,30.0,0.0,17.098869291065989,34.05953870889937,12.0,30.0,0.0,14.815456776324126,40.597310247187468,12.0,30.0,0.0,17.59409726877403,33.93893291900576,12.0,30.0,0.0,15.89954304654432,37.13060357265549,10.0,30.0,0.0,13.111786715661644,45.200263391603048,12.0,30.0,0.0,16.2913552702233,37.06610252073624,20.0,30.0,0.0,15.940552383270106,0.0,0.0,0.0,11.31566006389652,0.0,0.0,494.6269588120334,487.5366804013539,508.3864602771539,502.0017306761563,569.0753513526515,845.3449977589896,535.1047972165575,611.338869817433,771.6819978706717,0.0,80.5164901227629,80.5164901227629,60.0,0.0,60.0,60.0,12.0,12.0,12.0,19.0,12.0,12.0,21.0,10.0,0.0,0.0,0.0,0.0,0.0,0.0,0.0,0.0,0.0,0.0,0.0,0.0,0.0,80.5164901227629,80.5164901227629,0.0,0.0,0.0,80.5164901227629,0.0,0.0,0.00145 
 02/16  01:40:00,4.3,76.0,7.1000000000000009,0.0,0.0,0.0,0.0,0.0,2.0,2.0,0.0,0.0,0.0,0.0,0.0,279.0,0.0,0.0,0.0,0.0,0.0,0.0,0.0,0.0,0.0,0.0,0.0,17.423990325223568,-162.15461859924,17.480216100127053,-267.3668740170872,17.312305222329838,-218.6369687096875,17.1913697261488,-69.55914605585885,14.795923962911587,-0.5484798586436838,17.352868804962588,-36.87986144566407,15.798485099545344,-15.72595604928742,13.518673223493196,-189.34015873743483,16.166566184501066,-76.69869645918132,617.185340828545,657.3239452250891,0.0,0.0,0.0,0.0,0.0,0.0,0.0,0.0,0.0,0.0,0.0,0.0,0.0,0.0,0.0,0.0,0.0,0.0,0.0,0.0,0.0,0.0,1.371906152827322,0.4187747719253123,219.94569559925248,260.17353866512817,5597.510626373774,0.2461910108352655,0.037574940603673039,153.4704808799977,181.57570478894145,3897.1854592863139,1.3272369834551517,0.2508006393528256,140.4521022479194,166.18317196012303,3585.3127985241956,0.2618930922313362,0.049488490595490628,110.61028149849928,130.97058620260473,2786.5721942251796,0.0,0.0,9.124985136364389,10.875999057824352,192.3769631026342,0.0,0.0,13.23227862655536,15.622226943259399,348.8188372988883,0.0,0.0,86.62801003144372,102.89946825784158,1994.8402508679997,0.0,0.0,52.93387582839266,63.4755376472436,937.3796287093164,0.0,0.0,22.945787251923624,27.209105937670438,548.9218349737214,45.1956646632896,30.998398260143796,250.66530801097418,297.9819755976074,6715.9997169566399,0.0,0.0,67.67626292339293,81.6667576809793,961.3357038183532,0.0,17.000727417506938,34.12894145065161,22.000000000000019,30.00000000000002,0.0,17.0396459940172,33.8339791628706,12.00000000000001,30.00000000000002,0.0,16.98849613900139,34.17627892780824,22.000000000000019,30.00000000000002,0.0,16.933129946388655,34.28876062010231,12.00000000000001,30.00000000000002,0.0,14.784485795482537,40.44412524020626,12.00000000000001,30.00000000000002,0.0,17.540773063588646,33.83113058274657,12.00000000000001,30.00000000000002,0.0,15.793350638463075,37.236248828505669,10.000000000000007,30.00000000000002,0.0,13.049970586221916,45.14944138617905,12.00000000000001,30.00000000000002,0.0,16.260877725842108,36.87758115635578,20.000000000000015,30.00000000000002,0.0,15.641991362013773,0.0,0.0,0.0,11.257257861159209,0.0,0.0,492.4542435941358,480.61515934608317,497.81633235046936,496.70351813749928,563.1148197156276,830.3681475306114,531.4791998775462,607.7899798983245,757.6200039311717,0.0,80.51649012276298,80.51649012276298,60.00000000000004,0.0,60.00000000000004,60.00000000000004,12.0,12.0,12.0,19.0,12.0,12.0,21.0,10.0,0.0,0.0,0.0,0.0,0.0,0.0,0.0,0.0,0.0,0.0,0.0,0.0,0.0,80.51649012276298,80.51649012276298,0.0,0.0,0.0,80.51649012276298,0.0,0.0,0.0014500000000000002 
 02/16  01:50:00,4.3,76.0,7.105,0.0,0.0,0.0,0.0,0.0,2.0,2.0,0.0,0.0,0.0,0.0,0.0,93.0,0.0,0.0,0.0,0.0,0.0,0.0,0.0,0.0,0.0,0.0,0.0,17.326308140748674,-139.88660392800876,17.42752617621985,-200.95670639679498,17.289608548378447,-73.29074632486118,17.090665413235017,-231.01884730947496,14.758979345574272,-0.11971408806221007,17.28304782866946,-37.77553595588927,15.751511495689517,-7.4126929574899809,13.447481230386615,-184.282662818149,16.123937646395434,-78.32520435392121,505.9351365954608,660.4824963845149,0.0,0.0,0.0,0.0,0.0,0.0,0.0,0.0,0.0,0.0,0.0,0.0,0.0,0.0,0.0,0.0,0.0,0.0,0.0,0.0,0.0,0.0,1.3636194816171817,0.41624526300890776,115.62635127078639,136.54965637006135,2937.1124711078389,0.2543984181048487,0.03882759739084993,65.67475542142199,77.52516024690959,1671.3543427262396,1.3299394295911105,0.2513113056672545,153.19635690124759,180.81905482893564,3920.8396376800249,0.2552957094112265,0.04824181961663386,90.06838160290971,106.40808460732427,2248.379474078523,0.0,0.0,9.28843757593858,11.049154062235172,195.16514273037385,0.0,0.0,13.216676834712385,15.57543145218768,346.5063156584853,0.0,0.0,87.71637135348493,103.99061785643528,2012.7303772013236,0.0,0.0,53.040552462457878,63.48543177586706,931.6466102210636,0.0,0.0,22.636821727221315,26.790895577173044,539.5725911591424,45.09924133384231,30.93226428932944,151.61933363328763,180.0910993764176,4312.370900580485,0.0,0.0,67.74499282713673,81.59473202477712,954.429588454704,0.0,16.8937223919354,34.12402693070399,22.0,30.0,0.0,17.02234994906005,33.81207520043809,12.0,30.0,0.0,17.03403226228571,34.14795840846234,22.0,30.0,0.0,16.781934829696465,34.35450256904236,12.0,30.0,0.0,14.742826985242404,40.23965672220258,12.0,30.0,0.0,17.458614068884275,33.73016789681714,12.0,30.0,0.0,15.746112518117732,37.24588108573885,10.0,30.0,0.0,12.972437020441526,45.13462111054671,12.0,30.0,0.0,16.209926736341079,36.711015884500557,20.0,30.0,0.0,15.243305767520749,0.0,0.0,0.0,11.195294581875185,0.0,0.0,484.241007274243,481.54010523227307,503.98917816205928,483.2831336755682,556.1679761031825,816.0280861513184,529.7985013538577,605.8844174539694,749.5186775677572,0.0,80.5164901227629,80.5164901227629,60.0,0.0,60.0,60.0,12.0,12.0,12.0,19.0,12.0,12.0,21.0,10.0,0.0,0.0,0.0,0.0,0.0,0.0,0.0,0.0,0.0,0.0,0.0,0.0,0.0,80.5164901227629,80.5164901227629,0.0,0.0,0.0,80.5164901227629,0.0,0.0,0.0014533333333333334 
 02/16  02:00:00,4.3,76.0,7.11,0.0,0.0,0.0,0.0,0.0,2.0,2.0,0.0,0.0,0.0,0.0,0.0,279.0,0.0,0.0,0.0,0.0,0.0,0.0,0.0,0.0,0.0,0.0,0.0,17.273034427033367,-115.63931143008669,17.352497946208538,-293.0704872411144,17.124463991842565,-310.2695376398567,17.070388259993466,-68.78464018158545,14.730908383578975,-0.9715837142265029,17.233566897331046,-37.02385079436771,15.710813103477128,-18.533309886472595,13.392069388321767,-190.42200921336704,16.092617484776228,-80.41486123244164,587.7973929098242,662.9468243531979,0.0,0.0,0.0,0.0,0.0,0.0,0.0,0.0,0.0,0.0,0.0,0.0,0.0,0.0,0.0,0.0,0.0,0.0,0.0,0.0,0.0,0.0,1.3375969320226058,0.4083018718017725,179.26796387406967,212.21955974556978,4525.079920751194,0.24452619373781457,0.03732084764008162,97.0082949356426,114.77921042347107,2447.9670183105638,1.3181414926427309,0.24908191470951103,182.9010098153486,216.72174589878405,4579.841806707818,0.2625460816152444,0.04961188239139164,107.36377439225623,127.1987558521963,2688.9609824380756,0.0,0.0,9.150049263435833,10.91197623107151,191.7985338441143,0.0,0.0,13.185051415755606,15.577816843131263,344.5555797926541,0.0,0.0,87.86257519023255,104.43019696878943,2009.2742865098235,0.0,0.0,53.35908551492763,64.0319723163935,932.0550562455761,0.0,0.0,22.63245979140182,26.85270164570366,538.14300058029,45.07487031184974,30.91554891073374,225.2273811089243,268.0173703389069,6040.411474513482,0.0,0.0,68.01639686757668,82.13512444665088,950.4595843659882,0.0,16.871909813959353,34.140874180352927,22.000000000000019,30.00000000000002,0.0,16.94649510619534,33.78528801807432,12.00000000000001,30.00000000000002,0.0,16.76976327231229,34.35574662323221,22.000000000000019,30.00000000000002,0.0,16.83047990209272,34.35230771943487,12.00000000000001,30.00000000000002,0.0,14.71923021432474,40.16715040017394,12.00000000000001,30.00000000000002,0.0,17.41684998555274,33.70448305526998,12.00000000000001,30.00000000000002,0.0,15.708005787291395,37.12750203661938,10.000000000000007,30.00000000000002,0.0,12.924820828916728,45.07259865242289,12.00000000000001,30.00000000000002,0.0,16.182152173558359,36.651398770249617,20.000000000000015,30.00000000000002,0.0,15.44220890688133,0.0,0.0,0.0,11.139063051564929,0.0,0.0,484.86370395649109,473.64417047368388,487.5708669926135,492.027144707593,553.1147077958059,811.0671371130877,524.7311739261055,601.9086974847403,747.111423512831,0.0,80.51649012276298,80.51649012276298,60.00000000000004,0.0,60.00000000000004,60.00000000000004,12.0,12.0,12.0,19.0,12.0,12.0,21.0,10.0,0.0,0.0,0.0,0.0,0.0,0.0,0.0,0.0,0.0,0.0,0.0,0.0,0.0,80.51649012276298,80.51649012276298,0.0,0.0,0.0,80.51649012276298,0.0,0.0,0.0014566666666666669 
 02/16  02:10:00,4.255,76.0,7.061666666666667,0.0,0.0,0.0,0.0,0.0,2.0,2.0,0.0,0.0,0.0,0.0,0.0,186.0,0.0,0.0,0.0,0.0,0.0,0.0,0.0,0.0,0.0,0.0,0.0,17.197934549984006,-148.3615549170985,17.28581450567612,-146.61869708831569,17.084406381194165,-178.64800106797498,17.040480468235417,-81.67484852967459,14.696257587626342,-0.8681654016628215,17.173312565388028,-37.3468789668475,15.659038914196433,-13.468647427334873,13.325616453833286,-188.27395530939953,16.053622672303214,-81.40711562536274,413.4459024650628,665.8352859032107,0.0,0.0,0.0,0.0,0.0,0.0,0.0,0.0,0.0,0.0,0.0,0.0,0.0,0.0,0.0,0.0,0.0,0.0,0.0,0.0,0.0,0.0,1.3460736579940838,0.4108893949920891,97.78276210594149,115.80679349766432,2482.727658820819,0.24999259599522029,0.03815515811892862,50.69686845745436,60.077192993402807,1280.0213397113856,1.3115210825219335,0.2478308923888764,114.29409576237706,135.33727746007629,2892.4801586330006,0.25875102275831976,0.04889475108811785,71.38802839355137,84.46720045006532,1795.9855808022226,0.0,0.0,9.202535783640155,10.97088943551604,193.11882641456323,0.0,0.0,13.145594428835235,15.52798658543814,343.17709873978358,0.0,0.0,88.15597118198144,104.75177928753596,2014.4069133321987,0.0,0.0,53.45483052642751,64.13441887463586,931.4707733358382,0.0,0.0,22.640620727543636,26.854967323037618,538.6256312666897,44.788596532762728,30.719202011497079,111.54221932481809,132.94988464540706,3339.6446113543809,0.0,0.0,68.04367846726999,82.14879973999357,949.5494633118788,0.0,16.799464919446345,34.1179686544927,22.0,30.0,0.0,16.90287409797826,33.79820400125243,12.0,30.0,0.0,16.785522193674148,34.27864064659375,22.0,30.0,0.0,16.82115873654357,34.186347495383149,12.0,30.0,0.0,14.682969411328516,40.055044795461117,12.0,30.0,0.0,17.3532353524467,33.66097753815396,12.0,30.0,0.0,15.650004704282026,37.11814715762284,10.0,30.0,0.0,12.855200610620097,45.08211791580521,12.0,30.0,0.0,16.139539264144586,36.56242983362445,20.0,30.0,0.0,14.859479678935657,0.0,0.0,0.0,11.082092164706083,0.0,0.0,479.7415634572228,470.94868217684168,488.8946111995822,484.3176037787024,548.4359266135407,803.9958712752415,519.9706074379315,597.4140988273404,742.7514784011539,0.0,80.5164901227629,80.5164901227629,60.0,0.0,60.0,60.0,12.0,12.0,12.0,19.0,12.0,12.0,21.0,10.0,0.0,0.0,0.0,0.0,0.0,0.0,0.0,0.0,0.0,0.0,0.0,0.0,0.0,80.5164901227629,80.5164901227629,0.0,0.0,0.0,80.5164901227629,0.0,0.0,0.0014600000000000002 
 02/16  02:20:00,4.21,76.0,7.0133333333333349,0.0,0.0,0.0,0.0,0.0,2.0,2.0,0.0,0.0,0.0,0.0,0.0,279.0,0.0,0.0,0.0,0.0,0.0,0.0,0.0,0.0,0.0,0.0,0.0,17.124995859826297,-108.97412405407002,17.20978806446594,-392.61806693813,17.018687165805326,-182.51066078268128,17.01786888651722,-80.7775366566823,14.663722281045855,-1.4522473372748546,17.11841718938853,-36.656965421737769,15.608363398756025,-26.175654263207727,13.264951364386187,-189.44816067491616,16.017462425529489,-81.99145188324849,403.9087902863007,667.1103223536206,0.0,0.0,0.0,0.0,0.0,0.0,0.0,0.0,0.0,0.0,0.0,0.0,0.0,0.0,0.0,0.0,0.0,0.0,0.0,0.0,0.0,0.0,1.345414376282796,0.4106881490484724,150.0764024526476,177.66130156693857,3787.3139796192106,0.2449079595983299,0.0373791147128098,87.64718838378045,103.78502692120671,2198.649166956531,1.2990235412653309,0.24546930107054627,65.69670770401238,77.80438627937491,1671.7914572705136,0.2513922662687909,0.04750420753378509,20.697931666679695,24.55380511277366,525.9184718501983,0.0,0.0,9.039991118376323,10.786027478215125,189.9740296373201,0.0,0.0,13.255507037913136,15.671222978584812,345.8834450172127,0.0,0.0,85.98987153295107,102.2707199713154,1963.388470387497,0.0,0.0,53.537031428228008,64.29064279981296,931.5848790931755,0.0,0.0,23.771223852542805,28.217688489752633,565.993826301663,44.58454535798475,30.579249216724795,115.09367812954894,137.1254342417323,3421.463292672667,0.0,0.0,68.01902666800614,82.19179271679389,947.7877086067497,0.0,16.739203227481434,34.135636976311477,21.999999999999994,29.99999999999999,0.0,16.81330742448931,33.79378478854827,11.999999999999995,29.99999999999999,0.0,16.737665111006768,34.21709509624382,21.999999999999994,29.99999999999999,0.0,16.825621936879175,34.030982719043908,11.999999999999995,29.99999999999999,0.0,14.651238204275789,39.964849814880988,11.999999999999995,29.99999999999999,0.0,17.299506815845,33.63047555852022,11.999999999999995,29.99999999999999,0.0,15.593311344457565,37.075586100253257,9.999999999999997,29.99999999999999,0.0,12.796101431123527,45.0485009744076,11.999999999999995,29.99999999999999,0.0,16.10291497036324,36.48174468049139,19.999999999999994,29.99999999999999,0.0,14.751411863149898,0.0,0.0,0.0,11.025369167476104,0.0,0.0,476.7535674535492,465.2670321247887,486.59411299569998,478.4030531292659,544.3068361751175,798.4548568785274,516.7199054263925,593.8481288051655,736.1571833228534,0.0,80.51649012276288,80.51649012276288,59.99999999999998,0.0,59.99999999999998,59.99999999999998,12.0,12.0,12.0,19.0,12.0,12.0,21.0,10.0,0.0,0.0,0.0,0.0,0.0,0.0,0.0,0.0,0.0,0.0,0.0,0.0,0.0,80.51649012276288,80.51649012276288,0.0,0.0,0.0,80.51649012276288,0.0,0.0,0.0014600000000000002 
 02/16  02:30:00,4.165,76.0,6.965,0.0,0.0,0.0,0.0,0.0,2.0,2.0,0.0,0.0,0.0,0.0,0.0,186.0,0.0,0.0,0.0,0.0,0.0,0.0,0.0,0.0,0.0,0.0,0.0,16.97800155922927,-273.3349427901105,17.09335891565261,-145.99648637515475,16.941378360867156,-150.51883018745799,16.923209263107006,-167.94058554329423,14.628288476257986,-1.2024536620090487,17.059066268214946,-38.673668801126357,15.55785811164795,-10.433741168708366,13.201306885653266,-187.83099406577379,15.97842274735147,-83.67377037243074,513.191980955567,668.0495981128021,0.0,0.0,0.0,0.0,0.0,0.0,0.0,0.0,0.0,0.0,0.0,0.0,0.0,0.0,0.0,0.0,0.0,0.0,0.0,0.0,0.0,0.0,1.3497461844948986,0.41201043482750268,150.44018351783655,178.2374107446002,3708.3034032023608,0.25754996496160967,0.03930860271086838,101.89245577181637,120.63408625114777,2555.500161992767,1.2942896610851953,0.24457476588911485,97.05831563600637,114.9501314605257,2453.1120484659907,0.2540865690116102,0.04801333503620751,90.26769620525526,106.90584565122799,2261.7015623485588,0.0,0.0,9.277775996474997,11.065734009185043,195.17548216830813,0.0,0.0,13.100647727631796,15.485207283219819,341.51564315546417,0.0,0.0,88.22743519136739,104.89826721590677,2013.621291676306,0.0,0.0,53.63754594471624,64.39776026471059,931.4727384838072,0.0,0.0,23.776368340018018,28.218203881338416,566.4442609112758,44.41845373917084,30.46533178269606,164.28233803107742,195.56027165327215,4576.016855747829,0.0,0.0,68.06506454070356,82.22817673346705,947.0149428848674,0.0,16.51906923571915,34.44606717360082,22.0,30.0,0.0,16.688881432729013,34.00190365344427,12.0,30.0,0.0,16.66676847053996,34.257802299534308,22.0,30.0,0.0,16.68613153283087,34.12654979591284,12.0,30.0,0.0,14.614102348728416,39.865250302691439,12.0,30.0,0.0,17.236584233472095,33.59975298893179,12.0,30.0,0.0,15.539506106510152,37.08348359998402,10.0,30.0,0.0,12.73041267106181,45.0537253077394,12.0,30.0,0.0,16.06058932290398,36.390226366857607,20.0,30.0,0.0,15.06864901520824,0.0,0.0,0.0,10.967514744856797,0.0,0.0,472.22114607544008,466.53045491558069,481.9136399077393,473.92772261193155,539.9843171139016,793.1411163535302,513.5920592919237,592.193844886129,727.0608083141704,0.0,80.5164901227629,80.5164901227629,60.0,0.0,60.0,60.0,12.0,12.0,12.0,19.0,12.0,12.0,21.0,10.0,0.0,0.0,0.0,0.0,0.0,0.0,0.0,0.0,0.0,0.0,0.0,0.0,0.0,80.5164901227629,80.5164901227629,0.0,0.0,0.0,80.5164901227629,0.0,0.0,0.0014600000000000002 
 02/16  02:40:00,4.12,76.0,6.916666666666668,0.0,0.0,0.0,0.0,0.0,2.0,2.0,0.0,0.0,0.0,0.0,0.0,186.0,0.0,0.0,0.0,0.0,0.0,0.0,0.0,0.0,0.0,0.0,0.0,16.79621080547629,-95.98132637587477,17.057941122758547,-331.68814594897506,16.80879849016958,-191.66327490496966,16.849327768666475,-236.33421740261429,14.592926054187972,-3.007237447350634,17.00049171783177,-38.7947204125678,15.488061470631419,-56.43017139250515,13.138887891837632,-189.85723492704205,15.938956491966972,-84.5060319576938,624.140634439131,658.1287086366555,0.0,0.0,0.0,0.0,0.0,0.0,0.0,0.0,0.0,0.0,0.0,0.0,0.0,0.0,0.0,0.0,0.0,0.0,0.0,0.0,0.0,0.0,1.3287600025099784,0.40560439637056747,313.4669113622233,371.5922171435259,7690.165420035751,0.23494722623819642,0.03585885626346101,222.32103359264392,263.285907746984,5562.568423564506,1.256875234833942,0.23750476848713965,190.97674824284315,226.3381636734414,4746.729842373192,0.2355478179117515,0.04451016967342244,178.17573715609997,211.07106432373389,4437.961196372452,0.0,0.0,8.585920083776605,10.245498412745717,180.8166142052482,0.0,0.0,13.67842535575462,16.172998254708366,356.22696399168947,0.0,0.0,80.92689411927062,96.28096014420538,1841.3441597048978,0.0,0.0,53.05151475641427,63.71710427725999,919.5332994581481,0.0,0.0,26.834443346217556,31.85231007109815,639.5586715805595,44.0990331652692,30.246250456288906,372.5578448865247,443.1860597314836,9402.579818246722,0.0,0.0,67.19405726280493,81.20705534091363,931.5958747064882,0.0,16.2853056949071,34.86779796069336,22.000000000000008,30.00000000000001,0.0,16.677978597544624,33.91415646676604,12.000000000000004,30.00000000000001,0.0,16.47782500676312,34.49687460920981,22.000000000000008,30.00000000000001,0.0,16.605366611599018,34.10367725112795,12.000000000000004,30.00000000000001,0.0,14.577297236092626,39.7586045779918,12.000000000000004,30.00000000000001,0.0,17.17481300970897,33.57388676552496,12.000000000000004,30.00000000000001,0.0,15.447383507610086,37.104321359854377,10.000000000000004,30.00000000000001,0.0,12.666250988360356,44.93458950649837,12.000000000000004,30.00000000000001,0.0,16.0177821252502,36.26989808602667,20.000000000000008,30.00000000000001,0.0,15.387825106352356,0.0,0.0,0.0,10.89596209648132,0.0,0.0,472.00904052720525,463.80162440144439,477.92057595205019,467.7818445381141,536.887929299294,787.7520280895087,514.4040752107804,590.4788307128275,715.9406600506175,0.0,80.51649012276293,80.51649012276293,60.00000000000002,0.0,60.00000000000002,60.00000000000002,12.0,12.0,12.0,19.0,12.0,12.0,21.0,10.0,0.0,0.0,0.0,0.0,0.0,0.0,0.0,0.0,0.0,0.0,0.0,0.0,0.0,80.51649012276293,80.51649012276293,0.0,0.0,0.0,80.51649012276293,0.0,0.0,0.0014600000000000002 
 02/16  02:50:00,4.075,76.0,6.868333333333333,0.0,0.0,0.0,0.0,0.0,2.0,2.0,0.0,0.0,0.0,0.0,0.0,186.0,0.0,0.0,0.0,0.0,0.0,0.0,0.0,0.0,0.0,0.0,0.0,16.84117200153061,-197.0946248702544,16.877681110296849,-236.9453473184535,16.75893513490921,-275.9502613185855,16.64739103863601,-183.7184627625088,14.557202433899353,-2.561212839560241,16.944940324791359,-41.329611751032647,15.41785559686057,-16.591982362477439,13.07627880894605,-190.17482288703776,15.900948249427544,-89.00864501616587,623.5629139613348,658.9863988514543,0.0,0.0,0.0,0.0,0.0,0.0,0.0,0.0,0.0,0.0,0.0,0.0,0.0,0.0,0.0,0.0,0.0,0.0,0.0,0.0,0.0,0.0,1.314674876477743,0.4013049073497384,212.64769580169964,252.1061636581241,5268.800320736676,0.24486711511613108,0.03737288081748032,176.07085439681453,208.79412540324456,4346.434618728748,1.285101000504406,0.24283843546946455,251.75105948818539,298.50427239415719,6262.245276796984,0.2590038895758182,0.04894253393345015,191.9217093384026,227.62864028724744,4697.535669366329,0.0,0.0,9.109445887891904,10.87004869443879,192.01815284594285,0.0,0.0,13.520304014865812,15.991945178799412,351.9238976441985,0.0,0.0,86.99878617301434,103.52326890158266,1972.078130308193,0.0,0.0,53.48827935312357,64.2652193058273,925.2660681976702,0.0,0.0,25.784234146271559,30.618706810928815,614.9531299364586,43.93411594576099,30.133138508752404,339.9996874239314,404.5895272984385,8677.109266798054,0.0,0.0,67.62467456821189,81.75380448485507,936.5340228830556,0.0,16.430658048468254,34.435738796300778,22.0,30.0,0.0,16.418771940172797,34.282667361894358,12.0,30.0,0.0,16.452843344493226,34.442747428762029,22.0,30.0,0.0,16.296405819314658,34.62892123946958,12.0,30.0,0.0,14.540426701867663,39.67731828187094,12.0,30.0,0.0,17.118854534457527,33.54443753546106,12.0,30.0,0.0,15.362007955021492,37.186072056221338,10.0,30.0,0.0,12.601425323530595,44.88909500931669,12.0,30.0,0.0,15.97778793098177,36.163455915995509,20.0,30.0,0.0,15.353698182249366,0.0,0.0,0.0,10.841508284757286,0.0,0.0,470.95226585864,457.8292281504272,477.35658884738896,465.5191703040413,534.4811995839709,781.5157557152804,513.423613075931,589.7336501209588,707.8844832719701,0.0,80.5164901227629,80.5164901227629,60.0,0.0,60.0,60.0,12.0,12.0,12.0,19.0,12.0,12.0,21.0,10.0,0.0,0.0,0.0,0.0,0.0,0.0,0.0,0.0,0.0,0.0,0.0,0.0,0.0,80.5164901227629,80.5164901227629,0.0,0.0,0.0,80.5164901227629,0.0,0.0,0.0014700000000000002 
 02/16  03:00:00,4.03,76.0,6.82,0.0,0.0,0.0,0.0,0.0,2.0,2.0,0.0,0.0,0.0,0.0,0.0,186.0,0.0,0.0,0.0,0.0,0.0,0.0,0.0,0.0,0.0,0.0,0.0,16.670885667514328,-110.08653020263864,16.869528301919645,-305.1474222321283,16.607641603134945,-173.17718257625166,16.643454588604393,-211.35688433035558,14.521704960677856,-3.366944684196042,16.88705573299839,-39.63880982101443,15.36436918301408,-54.51521623116059,13.016622689785545,-189.43720582204299,15.860294499227902,-88.584598425987,587.2366148217893,659.5862345126177,0.0,0.0,0.0,0.0,0.0,0.0,0.0,0.0,0.0,0.0,0.0,0.0,0.0,0.0,0.0,0.0,0.0,0.0,0.0,0.0,0.0,0.0,1.310899669642649,0.40015252431094297,237.8996152332918,282.1785811940091,5839.254272287559,0.22893627979023119,0.034941434644418688,178.67124937171435,211.758580010841,4429.697424351705,1.2669338654272009,0.23940549233318243,174.69067424525316,207.23739939569425,4300.050482180518,0.23955732908165784,0.04526782484536239,164.39280126529645,194.9533287297798,4047.7829391047428,0.0,0.0,8.539640070690519,10.194837828086584,180.20867092983509,0.0,0.0,13.829849838208347,16.362798734687389,359.6534712409707,0.0,0.0,81.04530500777739,96.49011696619744,1835.6914185711058,0.0,0.0,53.25013990864035,63.99996003258519,919.8616343675579,0.0,0.0,27.210061035147509,32.31605659168639,649.1444153245802,43.6306285639446,29.92498529763005,315.18451701028547,375.19189081747336,8053.124602654461,0.0,0.0,67.20987522165146,81.27923390437479,929.1931100254433,0.0,16.193604225176704,34.842779723846508,22.0,30.0,0.0,16.474209014465019,34.07059495013121,12.0,30.0,0.0,16.24519806609415,34.81645700050925,22.0,30.0,0.0,16.355431854008299,34.42396540776371,12.0,30.0,0.0,14.504136945392716,39.58197773977162,12.0,30.0,0.0,17.058208089319267,33.51597812953508,12.0,30.0,0.0,15.301647526721645,37.15354193006791,10.0,30.0,0.0,12.541919755069169,44.865062100663248,12.0,30.0,0.0,15.933671361347124,36.087810975234919,20.0,30.0,0.0,15.212609686602442,0.0,0.0,0.0,10.78276258566552,0.0,0.0,470.11393589554896,456.63994118953067,479.84547446721686,466.47310453232066,532.303187863791,777.0108138442531,511.04881357923298,586.3864124657466,704.3587228453823,0.0,80.5164901227629,80.5164901227629,60.0,0.0,60.0,60.0,12.0,12.0,12.0,19.0,12.0,12.0,21.0,10.0,0.0,0.0,0.0,0.0,0.0,0.0,0.0,0.0,0.0,0.0,0.0,0.0,0.0,80.5164901227629,80.5164901227629,0.0,0.0,0.0,80.5164901227629,0.0,0.0,0.00148 
 02/16  03:10:00,3.9866666666666674,76.33333333333334,6.731666666666667,0.0,0.0,0.0,0.0,0.0,2.0,2.0,0.0,0.0,0.0,0.0,0.0,186.0,0.0,0.0,0.0,0.0,0.0,0.0,0.0,0.0,0.0,0.0,0.0,16.671536103921047,-205.0491680236978,16.69555052361776,-247.56686534194479,16.585418665498105,-241.16464959289034,16.496911987178288,-148.5547609967216,14.485546168671285,-3.319139677162781,16.83152687012425,-42.258076054596589,15.28873751170667,-32.65168562051076,12.957147871424745,-188.60774027081619,15.821249074884602,-91.6847140559841,597.8597068893269,654.979079807154,0.0,0.0,0.0,0.0,0.0,0.0,0.0,0.0,0.0,0.0,0.0,0.0,0.0,0.0,0.0,0.0,0.0,0.0,0.0,0.0,0.0,0.0,1.2946177852594703,0.39518247413292748,256.8535998644867,304.812581615413,6334.860651845998,0.2405212031423135,0.036709585339180939,193.08821115169799,229.20652336692144,4725.959398029279,1.2452165964532376,0.23530170001006013,181.412181899779,215.21131504126869,4478.688179107136,0.2512875255011595,0.0474844152496522,170.1755645311959,201.96413977089819,4149.965564614113,0.0,0.0,8.800016725795543,10.50561891965889,185.83871421308059,0.0,0.0,13.797671744241985,16.330480546728738,358.58578502105356,0.0,0.0,83.38266113754614,99.29478894898333,1879.9972860905119,0.0,0.0,53.109031111064478,63.8514527179824,915.9787444395138,0.0,0.0,27.39484622363363,32.54952583678147,653.8773256544549,43.30154851984916,29.699278820198339,335.94500159722596,400.0561449132241,8537.412347905445,0.0,0.0,66.94694250670415,80.98771631816408,923.5333588737098,0.0,16.25523123668382,34.583755540383979,22.0,30.0,0.0,16.221598850677006,34.44131897055358,12.0,30.0,0.0,16.274394403589864,34.68855984569166,22.0,30.0,0.0,16.148597955039848,34.769458444867357,12.0,30.0,0.0,14.466925776937874,39.517891733144207,12.0,30.0,0.0,17.0025225637274,33.497437562688649,12.0,30.0,0.0,15.20404926711095,37.22702171288442,10.0,30.0,0.0,12.482567693163992,44.844024908023978,12.0,30.0,0.0,15.892905420986125,36.01594744059006,20.0,30.0,0.0,15.213810198514821,0.0,0.0,0.0,10.722534147014312,0.0,0.0,468.50832716740697,451.93020466941928,481.13523152041867,465.325158129745,530.3675341725982,771.2537227075513,509.2875392224581,587.1655905754287,696.8058085622383,0.0,80.5164901227629,80.5164901227629,60.0,0.0,60.0,60.0,12.0,12.0,12.0,19.0,12.0,12.0,21.0,10.0,0.0,0.0,0.0,0.0,0.0,0.0,0.0,0.0,0.0,0.0,0.0,0.0,0.0,80.5164901227629,80.5164901227629,0.0,0.0,0.0,80.5164901227629,0.0,0.0,0.00149 
 02/16  03:20:00,3.9433333333333335,76.66666666666667,6.643333333333334,0.0,0.0,0.0,0.0,0.0,2.0,2.0,0.0,0.0,0.0,0.0,0.0,186.0,0.0,0.0,0.0,0.0,0.0,0.0,0.0,0.0,0.0,0.0,0.0,16.50492221384619,-112.14084660480512,16.69865834038358,-288.7454289316611,16.45088983924727,-169.24508215593006,16.49501065389317,-209.9509342526817,14.449547548026077,-3.886897760230383,16.773233749557677,-40.97401987883924,15.239925182904429,-58.38475479854992,12.8987424565534,-189.00284772474596,15.779837633456936,-91.55066472231636,561.4550550302301,656.8690576862928,0.0,0.0,0.0,0.0,0.0,0.0,0.0,0.0,0.0,0.0,0.0,0.0,0.0,0.0,0.0,0.0,0.0,0.0,0.0,0.0,0.0,0.0,1.2972247136616562,0.39597823982346039,228.2312556339599,270.897988186721,5573.5664325244529,0.22700056555416646,0.03464599596370062,169.778972410191,201.3761266837067,4183.562353082571,1.242012915649538,0.2346963181499506,169.5528446581177,201.27961080998666,4155.5317278990719,0.23517790583426624,0.04444026943202308,167.20685831427523,198.44051847426506,4098.245267305931,0.0,0.0,8.387787104502165,10.018393473393847,177.29641328464693,0.0,0.0,13.990988286353783,16.56395196788732,363.224336641042,0.0,0.0,79.11945198674619,94.26541938513863,1783.8613461449937,0.0,0.0,53.019666001347207,63.76390309034439,913.1372117539069,0.0,0.0,28.591114581967874,33.97476981903463,682.490631515318,42.891341646358259,29.417929798599638,309.224787131633,368.3489056321402,7872.723707626299,0.0,0.0,66.67832299188956,80.68893232288616,917.9414733789811,0.0,16.026165962869745,34.986036089202,22.0,30.0,0.0,16.300892868204728,34.22063668858361,12.0,30.0,0.0,16.093890009427527,35.00183885267033,22.0,30.0,0.0,16.20214280299498,34.60730708044325,12.0,30.0,0.0,14.430197366021443,39.436472423004108,12.0,30.0,0.0,16.941720343113386,33.476363809570198,12.0,30.0,0.0,15.156111109528397,37.227091926115139,10.0,30.0,0.0,12.424648944980131,44.8356201698278,12.0,30.0,0.0,15.848267747468679,35.9561669484698,20.0,30.0,0.0,15.075734081208975,0.0,0.0,0.0,10.663289129284614,0.0,0.0,467.31447978354688,452.27908655849219,481.93603891790408,466.7786920286233,528.9603366899844,767.84655577032,509.485540495197,585.8954645761941,694.012052748131,0.0,80.5164901227629,80.5164901227629,60.0,0.0,60.0,60.0,12.0,12.0,12.0,19.0,12.0,12.0,21.0,10.0,0.0,0.0,0.0,0.0,0.0,0.0,0.0,0.0,0.0,0.0,0.0,0.0,0.0,80.5164901227629,80.5164901227629,0.0,0.0,0.0,80.5164901227629,0.0,0.0,0.0014966666666666666 
 02/16  03:30:00,3.9000000000000005,77.0,6.555,0.0,0.0,0.0,0.0,0.0,2.0,2.0,0.0,0.0,0.0,0.0,0.0,186.0,0.0,0.0,0.0,0.0,0.0,0.0,0.0,0.0,0.0,0.0,0.0,16.520348427249389,-187.0591829371292,16.54212619193633,-232.74702368885574,16.432876681660085,-232.06855078470108,16.345934415385565,-156.49410041928923,14.413067628555045,-3.762392269657454,16.717956040305777,-43.16203323433885,15.173998538619492,-32.841682688468157,12.839714213910995,-189.02691405673773,15.740052275702734,-94.65360651858026,582.3313448267782,654.385832835607,0.0,0.0,0.0,0.0,0.0,0.0,0.0,0.0,0.0,0.0,0.0,0.0,0.0,0.0,0.0,0.0,0.0,0.0,0.0,0.0,0.0,0.0,1.2838765618367852,0.3919037124043911,226.13340871532587,268.51656865204645,5550.749717532652,0.23786024012560848,0.03630345545262645,186.31376417018473,221.31723684723796,4542.813946318088,1.2380280525317705,0.23394332058423487,194.46299017194438,230.87842210189337,4782.4106056663199,0.24931871413626253,0.04711237984434287,178.27456335358856,211.75356016610795,4322.606224407004,0.0,0.0,8.7185781704403,10.41360478273321,184.4209848938267,0.0,0.0,13.876223287237437,16.433795172800929,360.0159941398725,0.0,0.0,82.81484524521781,98.68496606042743,1861.75330099564,0.0,0.0,53.073178616925648,63.84915235499739,912.5925845577618,0.0,0.0,28.065061641931395,33.36352548145363,670.2240048530277,42.58023803349255,29.20455283504291,337.58357801661989,402.2505499647282,8546.222795729038,0.0,0.0,66.64199568646684,80.67135010481855,915.3198009921064,0.0,16.117177595496924,34.695538687349628,22.0,30.0,0.0,16.078700791963258,34.57466289674249,12.0,30.0,0.0,16.12858815091048,34.853929436732347,22.0,30.0,0.0,15.987271902976073,34.97600616220609,12.0,30.0,0.0,14.3928360141451,39.38986269765158,12.0,30.0,0.0,16.886177043097047,33.4751143716192,12.0,30.0,0.0,15.077947475404003,37.28383862759913,10.0,30.0,0.0,12.365104678376725,44.839275044674838,12.0,30.0,0.0,15.806724093924558,35.9197200658213,20.0,30.0,0.0,15.107119095479721,0.0,0.0,0.0,10.602272361856898,0.0,0.0,465.87445253957318,447.6642679570408,481.88196954552935,464.20443739612127,527.6580916084513,763.9805199274159,507.5758032300114,586.867087312365,689.9888227524291,0.0,80.5164901227629,80.5164901227629,60.0,0.0,60.0,60.0,12.0,12.0,12.0,19.0,12.0,12.0,21.0,10.0,0.0,0.0,0.0,0.0,0.0,0.0,0.0,0.0,0.0,0.0,0.0,0.0,0.0,80.5164901227629,80.5164901227629,0.0,0.0,0.0,80.5164901227629,0.0,0.0,0.0015033333333333336 
 02/16  03:40:00,3.8566666666666666,77.33333333333334,6.466666666666667,0.0,0.0,0.0,0.0,0.0,2.0,2.0,0.0,0.0,0.0,0.0,0.0,186.0,0.0,0.0,0.0,0.0,0.0,0.0,0.0,0.0,0.0,0.0,0.0,16.35956588674194,-111.11381581050955,16.54657399119184,-281.19311629455708,16.306132923988345,-165.8020460009393,16.352160637658899,-201.54155406278597,14.376673589159797,-4.277712062832364,16.660529537023487,-41.46311075315063,15.126468856479182,-60.754426732844198,12.78150752925224,-189.49382427664274,15.698317570199484,-94.29661511792739,537.9648070001017,657.658673667338,0.0,0.0,0.0,0.0,0.0,0.0,0.0,0.0,0.0,0.0,0.0,0.0,0.0,0.0,0.0,0.0,0.0,0.0,0.0,0.0,0.0,0.0,1.2836486615649927,0.3918341457768598,221.68136827207008,263.29739257366057,5396.851726072215,0.2251805089923376,0.03436820955316509,164.13646173119646,194.8185939002439,4028.624781405375,1.2299096893846136,0.232409238356881,161.3707710071496,191.69206880539344,3943.4198955382946,0.23307741797649529,0.04404335184741028,159.07975492391518,188.92638318282406,3883.2523398453279,0.0,0.0,8.27668473397416,9.890433820486038,175.2289776676643,0.0,0.0,14.034326206290667,16.62560107244341,363.7682849585965,0.0,0.0,78.20597477982861,93.23734416500727,1758.2947140380707,0.0,0.0,53.01073037394926,63.79389538179987,910.1718520000328,0.0,0.0,29.374070523376859,34.923836395144927,701.5463907824035,42.18156683972232,28.931115802278698,295.6889236512757,352.4482155597746,7529.349682047856,0.0,0.0,66.40889186417346,80.41534605808255,910.0524525343855,0.0,15.893765129193515,35.11828144728696,22.0,30.0,0.0,16.157047929284738,34.38787697672155,12.0,30.0,0.0,15.960146006172238,35.150062662129759,22.0,30.0,0.0,16.056886564887269,34.80502745352276,12.0,30.0,0.0,14.355775456529385,39.335276270409298,12.0,30.0,0.0,16.826757810507087,33.47513889074685,12.0,30.0,0.0,15.031196426157554,37.30879615025133,10.0,30.0,0.0,12.30674447538119,44.85936429012382,12.0,30.0,0.0,15.762075048486857,35.883568599704499,20.0,30.0,0.0,14.94249431387666,0.0,0.0,0.0,10.541630299729376,0.0,0.0,465.3475048986296,449.08193799953917,482.2865563785401,466.6076966357914,526.7740765237007,762.022427318718,508.1037370895316,585.1520880507128,688.1502470419196,0.0,80.5164901227629,80.5164901227629,60.0,0.0,60.0,60.0,12.0,12.0,12.0,19.0,12.0,12.0,21.0,10.0,0.0,0.0,0.0,0.0,0.0,0.0,0.0,0.0,0.0,0.0,0.0,0.0,0.0,80.5164901227629,80.5164901227629,0.0,0.0,0.0,80.5164901227629,0.0,0.0,0.0015099999999999999 
 02/16  03:50:00,3.813333333333333,77.66666666666666,6.378333333333334,0.0,0.0,0.0,0.0,0.0,2.0,2.0,0.0,0.0,0.0,0.0,0.0,186.0,0.0,0.0,0.0,0.0,0.0,0.0,0.0,0.0,0.0,0.0,0.0,16.37542655022834,-179.1952871416238,16.396139454035795,-224.9555825366915,16.28775807364683,-226.29955214487337,16.210687081533786,-154.55975103200854,14.33986650061898,-4.187334758702434,16.605829280270599,-43.56903412405387,15.062469870243888,-36.17460167818149,12.722609808776859,-189.85008120986027,15.657985550620447,-97.30795885757476,562.9958461883352,655.8030079258248,0.0,0.0,0.0,0.0,0.0,0.0,0.0,0.0,0.0,0.0,0.0,0.0,0.0,0.0,0.0,0.0,0.0,0.0,0.0,0.0,0.0,0.0,1.2697619227452935,0.3875952145132153,215.89198629560415,256.52197714554679,5282.647441733615,0.2359171218471281,0.03600688672880466,180.95755926532417,215.09558590563507,4398.19307370104,1.2281429836976293,0.23207539374482795,186.6121560920262,221.6987502231662,4573.341871810431,0.2471548677711296,0.04670348975266998,175.88739124701494,209.05774256896525,4250.749183309179,0.0,0.0,8.605341669316559,10.28336908848432,182.31442552995169,0.0,0.0,13.918366701835368,16.49385224687022,360.5527856084268,0.0,0.0,81.91903157974389,97.68005484102875,1836.991958144789,0.0,0.0,53.08204647752973,63.90041839865469,909.877772847406,0.0,0.0,28.64391504435789,34.06954402379303,684.3772688194268,41.87751090575256,28.722572637690385,330.2236297084281,393.7222862542857,8344.775712302828,0.0,0.0,66.39397564751643,80.42410876780318,907.358998296578,0.0,15.984685213178154,34.85280058730494,22.0,30.0,0.0,15.944395787081258,34.76329355616671,12.0,30.0,0.0,15.992183112062462,35.03786246442648,22.0,30.0,0.0,15.853313324668854,35.181000223874779,12.0,30.0,0.0,14.318177372379115,39.31154011321658,12.0,30.0,0.0,16.77197667203527,33.493845123738967,12.0,30.0,0.0,14.956576965986926,37.3867269348756,10.0,30.0,0.0,12.246719823816097,44.897589381184307,12.0,30.0,0.0,15.720028862913772,35.87483132080638,20.0,30.0,0.0,14.986595049352907,0.0,0.0,0.0,10.477789440543989,0.0,0.0,463.97147700347287,444.9366671258296,483.0909649067338,464.4060487617963,525.731764428058,759.2554278983181,506.47031778402126,586.4329751933797,685.573250265131,0.0,80.5164901227629,80.5164901227629,60.0,0.0,60.0,60.0,12.0,12.0,12.0,19.0,12.0,12.0,21.0,10.0,0.0,0.0,0.0,0.0,0.0,0.0,0.0,0.0,0.0,0.0,0.0,0.0,0.0,80.5164901227629,80.5164901227629,0.0,0.0,0.0,80.5164901227629,0.0,0.0,0.0015366666666666667 
 02/16  04:00:00,3.77,78.0,6.29,0.0,0.0,0.0,0.0,0.0,2.0,2.0,0.0,0.0,0.0,0.0,0.0,186.0,0.0,0.0,0.0,0.0,0.0,0.0,0.0,0.0,0.0,0.0,0.0,16.220987498556327,-106.9270737724155,16.40064575210942,-273.51069495156028,16.165966379620337,-159.35221916276033,16.21848149583171,-198.326871511935,14.30309084361965,-4.643792750514521,16.549118163435403,-41.87804147905217,15.015048876165573,-62.7716493529872,12.66431739950573,-190.54800531703268,15.615868599763932,-97.03216113114883,517.7720860343552,659.7505986707231,0.0,0.0,0.0,0.0,0.0,0.0,0.0,0.0,0.0,0.0,0.0,0.0,0.0,0.0,0.0,0.0,0.0,0.0,0.0,0.0,0.0,0.0,1.2719956676211648,0.38827706581842638,213.64168679150783,253.9084795357631,5188.576822820344,0.2237120264800956,0.03414408218560678,158.19221468677029,187.88663444620407,3869.7031929515358,1.2206447625803215,0.23065849633037073,156.43225952017935,185.94305200573383,3812.6343257724067,0.2313850729591233,0.04372355876022738,154.09607835365095,183.12651951134587,3749.8362635992509,0.0,0.0,8.177546463586327,9.776597228077599,173.39864147205572,0.0,0.0,14.062617796304613,16.669269690515269,363.9668270970585,0.0,0.0,77.49635772046705,92.44923589914925,1737.967945721433,0.0,0.0,53.04693100177611,63.878066889196379,907.8453518014508,0.0,0.0,30.035742063961768,35.72933275170037,717.6823195823042,41.48603115706104,28.454068008958204,285.0296194311599,339.94488597822439,7258.200167044578,0.0,0.0,66.19372229792825,80.20793042911379,902.2733693075271,0.0,15.770754651642715,35.28661055286455,22.0,30.0,0.0,16.020771674997488,34.59851372475376,12.0,30.0,0.0,15.831439723428876,35.33040948470969,22.0,30.0,0.0,15.924331503315497,35.018961494484447,12.0,30.0,0.0,14.280761806955266,39.28813365214973,12.0,30.0,0.0,16.713578947362757,33.520334325294289,12.0,30.0,0.0,14.90998765983094,37.43794399083158,10.0,30.0,0.0,12.18757776074466,44.95021274083933,12.0,30.0,0.0,15.67515529264842,35.86746398787342,20.0,30.0,0.0,14.818132097486722,0.0,0.0,0.0,10.414966337256285,0.0,0.0,464.14629568226516,446.92515369845776,483.0665191642503,467.11540304768837,525.2970569395991,758.2912371370354,507.38238225469197,585.0183270785315,684.2438626898384,0.0,80.5164901227629,80.5164901227629,60.0,0.0,60.0,60.0,12.0,12.0,12.0,19.0,12.0,12.0,21.0,10.0,0.0,0.0,0.0,0.0,0.0,0.0,0.0,0.0,0.0,0.0,0.0,0.0,0.0,80.5164901227629,80.5164901227629,0.0,0.0,0.0,80.5164901227629,0.0,0.0,0.0015633333333333335 
 02/16  04:10:00,3.7416666666666669,78.33333333333333,6.19,0.0,0.0,0.0,0.0,0.0,2.0,2.0,0.0,0.0,0.0,0.0,0.0,186.0,0.0,0.0,0.0,0.0,0.0,0.0,0.0,0.0,0.0,0.0,0.0,16.234200322291863,-173.31010810682393,16.255946226538489,-219.15649637928983,16.148366341987538,-219.36944133981525,16.082193676525017,-152.8691480197017,14.266066298083388,-4.5859164540785148,16.496058910794088,-43.862147579474768,14.952540323402202,-39.57628421079198,12.605943543138725,-191.0795588694549,15.575492915320489,-99.92277015723016,543.0932730051636,658.2920338253448,0.0,0.0,0.0,0.0,0.0,0.0,0.0,0.0,0.0,0.0,0.0,0.0,0.0,0.0,0.0,0.0,0.0,0.0,0.0,0.0,0.0,0.0,1.2565274392907733,0.383555384398893,209.7885908671986,249.44039744297195,5113.050259329706,0.23374685694356604,0.035675649716661487,175.49535476891135,208.74370352678768,4248.260434155467,1.2165975269335548,0.22989371257247832,182.2155149595981,216.62494672803124,4447.961756238688,0.24460056635390085,0.046220817527192138,171.49632155520858,203.97596089698767,4128.586237495926,0.0,0.0,8.490451459312462,10.15135028187365,179.90900045026468,0.0,0.0,13.941256507825916,16.531515571267165,360.23990639585727,0.0,0.0,81.03016851000109,96.68424339589197,1810.504019788005,0.0,0.0,53.12367228111391,63.99334172687947,906.0207505110159,0.0,0.0,29.162018155669214,34.70507892463095,696.2113689552159,41.142292080382897,28.218307325365509,320.7827118641002,382.70820296326988,8089.20158428092,0.0,0.0,66.17029241506663,80.20942878626784,897.2841410117837,0.0,15.855179853804643,35.05631868846439,22.0,30.0,0.0,15.815115889804149,35.00117376216118,12.0,30.0,0.0,15.862425717002527,35.234180871702779,22.0,30.0,0.0,15.727254318343008,35.40099336523445,12.0,30.0,0.0,14.24310081159782,39.28982430547461,12.0,30.0,0.0,16.659892464021679,33.560324119685088,12.0,30.0,0.0,14.837768357696186,37.5416052810752,10.0,30.0,0.0,12.127232348091571,45.026403374078899,12.0,30.0,0.0,15.63279467089019,35.885960368015208,20.0,30.0,0.0,14.87039417616598,0.0,0.0,0.0,10.349658100595665,0.0,0.0,462.7739454957132,443.1890645740797,483.8416383319053,464.2480637562778,524.4994711594061,756.2745659850874,506.2175259858749,586.6924572891664,682.6236373349964,0.0,80.5164901227629,80.5164901227629,60.0,0.0,60.0,60.0,12.0,12.0,12.0,19.0,12.0,12.0,21.0,10.0,0.0,0.0,0.0,0.0,0.0,0.0,0.0,0.0,0.0,0.0,0.0,0.0,0.0,80.5164901227629,80.5164901227629,0.0,0.0,0.0,80.5164901227629,0.0,0.0,0.00159 
 02/16  04:20:00,3.713333333333334,78.66666666666667,6.090000000000001,0.0,0.0,0.0,0.0,0.0,2.0,2.0,0.0,0.0,0.0,0.0,0.0,186.0,0.0,0.0,0.0,0.0,0.0,0.0,0.0,0.0,0.0,0.0,0.0,16.086394095389058,-102.5794641938569,16.261459811951285,-266.8206133172969,16.033655897003578,-152.31915000168693,16.09204010190188,-194.4131833753097,14.229137299666132,-4.986694757261461,16.441559603526728,-42.25737467740083,14.904743406248015,-64.84087232233333,12.548514756649052,-191.64964278516323,15.533654600042356,-99.7541645624471,494.19330661042116,661.8756793505153,0.0,0.0,0.0,0.0,0.0,0.0,0.0,0.0,0.0,0.0,0.0,0.0,0.0,0.0,0.0,0.0,0.0,0.0,0.0,0.0,0.0,0.0,1.2568926606658102,0.3836668683351069,206.70484998090545,245.82833066498578,4997.718689170899,0.22164199040189598,0.03382814261323199,151.88976785966688,180.527598583352,3695.5609111346004,1.2067061059505516,0.22802458540259863,149.2564667267391,177.5304228021807,3622.5884905013506,0.22874233561319658,0.04322417528594037,147.01257378130743,174.82836406440686,3559.7040863144686,0.0,0.0,8.070375546597392,9.653695668584526,170.9161442493392,0.0,0.0,14.076873043350047,16.69728443793563,363.06324829644657,0.0,0.0,76.73958661414376,91.60944895200939,1712.4023384731316,0.0,0.0,53.080458091086658,63.96337150610057,902.3038355344263,0.0,0.0,30.67201067917373,36.5078977882648,731.4271523661435,40.71158388636609,27.922897041403368,271.9819933868618,324.5907662966657,6917.28147265699,0.0,0.0,65.94813390074552,79.96881334174054,890.0789664298304,0.0,15.651714761557095,35.50133602066331,22.0,30.0,0.0,15.88971607012363,34.85776358234692,12.0,30.0,0.0,15.712732176026093,35.52296337418483,22.0,30.0,0.0,15.799358798944246,35.25145268047425,12.0,30.0,0.0,14.205724498815524,39.29803663245449,12.0,30.0,0.0,16.603364210868425,33.61243054634848,12.0,30.0,0.0,14.790364819998393,37.62203047772138,10.0,30.0,0.0,12.068429489532909,45.10984083780677,12.0,30.0,0.0,15.588071970879082,35.90737165534158,20.0,30.0,0.0,14.69591887613809,0.0,0.0,0.0,10.287884151588195,0.0,0.0,463.5984991868362,445.6201270808516,483.5285454986954,467.3008211608294,524.5339179134116,756.0627769952312,507.52285539955087,585.7910900550197,681.5293374077563,0.0,80.5164901227629,80.5164901227629,60.0,0.0,60.0,60.0,12.0,12.0,12.0,19.0,12.0,12.0,21.0,10.0,0.0,0.0,0.0,0.0,0.0,0.0,0.0,0.0,0.0,0.0,0.0,0.0,0.0,80.5164901227629,80.5164901227629,0.0,0.0,0.0,80.5164901227629,0.0,0.0,0.0016133333333333332 
 02/16  04:30:00,3.685,79.0,5.99,0.0,0.0,0.0,0.0,0.0,2.0,2.0,0.0,0.0,0.0,0.0,0.0,186.0,0.0,0.0,0.0,0.0,0.0,0.0,0.0,0.0,0.0,0.0,0.0,16.09760206082082,-166.8412215102112,16.121338493669989,-213.77355791366427,16.01507990839582,-213.49546671015288,15.960140203043985,-151.18666493599904,14.19202926248892,-4.9396142466992078,16.389692279195264,-44.15062384582515,14.843350996522727,-42.87033374898715,12.490974675452217,-191.9533419716514,15.493082198411689,-102.48069310626829,522.9676663114733,660.4997289815564,0.0,0.0,0.0,0.0,0.0,0.0,0.0,0.0,0.0,0.0,0.0,0.0,0.0,0.0,0.0,0.0,0.0,0.0,0.0,0.0,0.0,0.0,1.2426231465967346,0.37931109480974808,203.2647826613607,241.85148805129769,4930.737198014625,0.23153317636027138,0.0353377863797728,170.03082223134468,202.38245995356588,4095.9915918645444,1.203928533459607,0.2274997228759651,177.33733031092715,210.97260955406393,4308.8565707669399,0.2418302799092698,0.04569733180447274,166.4050798782835,198.0547946524589,3987.9852518970076,0.0,0.0,8.377109230937722,10.021339465778638,177.29194173746175,0.0,0.0,13.952423540531648,16.55561812803656,359.30432258398187,0.0,0.0,80.030028834377,95.55690942549038,1779.5294601928568,0.0,0.0,53.167724967634118,64.09090962749207,900.7521874553067,0.0,0.0,29.724909201356643,35.39552882872886,708.2287931169091,40.37473561620115,27.691862562552239,310.5846288068095,370.7800800165561,7810.821286528345,0.0,0.0,65.94135135229777,79.9889829480446,885.8679618987114,0.0,15.731085931160813,35.303160566006457,22.0,30.0,0.0,15.690713063712043,35.28775728439692,12.0,30.0,0.0,15.739716205647977,35.44933062756199,22.0,30.0,0.0,15.60860629149697,35.643803989441817,12.0,30.0,0.0,14.16819130767676,39.32392154318438,12.0,30.0,0.0,16.551114090728626,33.67213665878597,12.0,30.0,0.0,14.720297044229632,37.75170228233186,10.0,30.0,0.0,12.009131206483176,45.21735254380105,12.0,30.0,0.0,15.545621601488382,35.94928594271096,20.0,30.0,0.0,14.75941215425664,0.0,0.0,0.0,10.226683287255085,0.0,0.0,462.14543252358387,442.13435835441336,484.27186321415828,463.8364196735604,524.0204403301243,754.6416001638856,506.7786929500702,587.8219964445137,680.4864514880502,0.0,80.5164901227629,80.5164901227629,60.0,0.0,60.0,60.0,12.0,12.0,12.0,19.0,12.0,12.0,21.0,10.0,0.0,0.0,0.0,0.0,0.0,0.0,0.0,0.0,0.0,0.0,0.0,0.0,0.0,80.5164901227629,80.5164901227629,0.0,0.0,0.0,80.5164901227629,0.0,0.0,0.0016366666666666665 
 02/16  04:40:00,3.6566666666666669,79.33333333333333,5.890000000000001,0.0,0.0,0.0,0.0,0.0,2.0,2.0,0.0,0.0,0.0,0.0,0.0,186.0,0.0,0.0,0.0,0.0,0.0,0.0,0.0,0.0,0.0,0.0,0.0,15.956089212676915,-98.35180864778522,16.1263675863605,-261.51895753395,15.90679756688189,-144.3223980539583,15.970275542929,-191.37408734704673,14.154946186412414,-5.270409902827339,16.33635868827933,-42.6314134331048,14.795157355184442,-66.38784143171029,12.434634639071899,-192.11434875686656,15.451153605856796,-102.34878722541555,470.51156893257396,663.0576030280037,0.0,0.0,0.0,0.0,0.0,0.0,0.0,0.0,0.0,0.0,0.0,0.0,0.0,0.0,0.0,0.0,0.0,0.0,0.0,0.0,0.0,0.0,1.2436052239199028,0.3796108742124245,199.91664091636185,237.9070667230735,4814.015297819587,0.219948982818929,0.03356974707248611,145.29108330656707,172.8016641679709,3516.814281385755,1.1945966494820473,0.22573632832238239,141.04214774261508,167.8641895253051,3411.1081690688345,0.2264223690132859,0.04278578401611599,138.94859789505277,165.34689744352336,3348.9958198021024,0.0,0.0,7.969148926723598,9.537703637030593,168.56653443755125,0.0,0.0,14.087494207935297,16.720724133319388,362.14082972991425,0.0,0.0,76.04757445953047,90.84468614369475,1688.6864806969953,0.0,0.0,53.106696331389,64.03895477229533,896.8958210028134,0.0,0.0,31.252325449253854,37.22043180828939,743.7799556804996,39.949789900615659,27.400404595758347,257.67148405182015,307.70348935544919,6552.045071962459,0.0,0.0,65.70529269466785,79.72979070972525,879.0576291561935,0.0,15.537754806051055,35.75266294290341,22.0,30.0,0.0,15.762581123024738,35.15966201662691,12.0,30.0,0.0,15.600735798788545,35.734594143791429,22.0,30.0,0.0,15.67995631523953,35.50473854791054,12.0,30.0,0.0,14.13079325239726,39.362120969136217,12.0,30.0,0.0,16.49606837111839,33.749130049282687,12.0,30.0,0.0,14.672444927789395,37.85551604226873,10.0,30.0,0.0,11.95187822514993,45.32677996665153,13.0,30.0,0.0,15.501011079605892,35.99915607346457,20.0,30.0,0.0,14.572304173546915,0.0,0.0,0.0,10.169053968434643,0.0,0.0,463.56794552144188,444.8684803641843,483.8463558386778,467.2200717040243,524.484363765438,754.9852171964817,508.36555127610338,587.3833439851542,679.6355710358484,0.0,80.5164901227629,80.5164901227629,60.0,0.0,60.0,60.0,12.0,12.0,12.0,19.0,12.0,12.0,21.0,10.0,0.0,0.0,0.0,0.0,0.0,0.0,0.0,0.0,0.0,0.0,0.0,0.0,0.0,80.5164901227629,80.5164901227629,0.0,0.0,0.0,80.5164901227629,0.0,0.0,0.00166 
 02/16  04:50:00,3.628333333333333,79.66666666666667,5.79,0.0,0.0,0.0,0.0,0.0,2.0,2.0,0.0,0.0,0.0,0.0,0.0,186.0,0.0,0.0,0.0,0.0,0.0,0.0,0.0,0.0,0.0,0.0,0.0,15.964663611249643,-160.64890218047095,15.99000063410054,-208.3376792471263,15.886394246661228,-208.2631995152451,15.842498667084972,-148.5373315126485,14.117717300260758,-5.23242885992353,16.285379594623377,-44.43411296375211,14.735078715074277,-45.802159557999178,12.378441392008284,-192.13809277601946,15.410377567489274,-104.87603081822101,504.45653230614519,661.3726828898901,0.0,0.0,0.0,0.0,0.0,0.0,0.0,0.0,0.0,0.0,0.0,0.0,0.0,0.0,0.0,0.0,0.0,0.0,0.0,0.0,0.0,0.0,1.231137193701424,0.37580500418236387,198.01873371613457,235.76934058737434,4782.226927511267,0.22962621757461466,0.035046736504062068,165.8972858324198,197.59549258892285,3977.700622438895,1.19187804161075,0.2252226080141252,172.47127553198005,205.32217919107274,4172.812699504306,0.23910273998974758,0.045181923656414869,161.49881178827696,192.34124620276973,3854.615638764165,0.0,0.0,8.262421282668317,9.889485237411148,174.65200939598737,0.0,0.0,13.963433159683732,16.579296208240053,358.4283958942549,0.0,0.0,79.08951347160964,94.49774097349769,1750.3410695143892,0.0,0.0,53.18207375492149,64.15153739040069,895.3384220851785,0.0,0.0,30.42321036583188,36.24757285724705,723.4104450961459,39.61837863552931,27.173099201323269,301.76701976431789,360.4799164112385,7568.111805407877,0.0,0.0,65.69045306844649,79.73857033058823,875.3415608211758,0.0,15.61072860405745,35.58760735158182,22.0,30.0,0.0,15.56915626050911,35.61468462066726,12.0,30.0,0.0,15.622108916667873,35.685186124567739,22.0,30.0,0.0,15.495566151517627,35.90781366746336,12.0,30.0,0.0,14.093278044254849,39.412030602505158,12.0,30.0,0.0,16.44484333683752,33.828713338142339,12.0,30.0,0.0,14.604433780651519,38.00894188128052,10.0,30.0,0.0,11.894578290441303,45.46076761008395,13.0,30.0,0.0,15.458472726943802,36.06303043124005,20.0,30.0,0.0,14.652680645560889,0.0,0.0,0.0,10.11236118489817,0.0,0.0,462.1722422986035,441.754837669019,484.54702651957407,463.54912534756849,524.2364901494379,754.0089928097907,507.9898600200179,589.6312975679762,678.6693255483424,0.0,80.5164901227629,80.5164901227629,60.0,0.0,60.0,60.0,12.0,12.0,12.0,19.0,12.0,12.0,21.0,10.0,0.0,0.0,0.0,0.0,0.0,0.0,0.0,0.0,0.0,0.0,0.0,0.0,0.0,80.5164901227629,80.5164901227629,0.0,0.0,0.0,80.5164901227629,0.0,0.0,0.0017633333333333334 
 02/16  05:00:00,3.6,80.0,5.69,0.0,0.0,0.0,0.0,0.0,2.0,2.0,0.0,0.0,0.0,0.0,0.0,186.0,0.0,0.0,0.0,0.0,0.0,0.0,0.0,0.0,0.0,0.0,0.0,15.82907893787182,-94.13149843869042,15.994421955956773,-256.9115471444761,15.784102062256633,-135.94374305652287,15.852223297820082,-188.93270746274517,14.080471919472903,-5.49711097340338,16.232989897749414,-42.976780263658017,14.687000957814691,-67.63998497059925,12.32349270886694,-191.99962775706616,15.368377076476329,-104.71920939012688,447.2193850866047,663.1072109767475,0.0,0.0,0.0,0.0,0.0,0.0,0.0,0.0,0.0,0.0,0.0,0.0,0.0,0.0,0.0,0.0,0.0,0.0,0.0,0.0,0.0,0.0,1.2320328812040425,0.376078413065947,193.6465856015835,230.58837034320579,4645.230092543157,0.2186020926580129,0.03336417775610698,138.8370585237177,165.23461345752717,3343.8856501382526,1.183786735163312,0.22369363854182018,132.747624452208,158.08635260117223,3200.453890383688,0.2243584430015796,0.04239577532153808,130.8339836598329,155.7889413907763,3139.8428703390056,0.0,0.0,7.870724694911198,9.424887117653118,166.2805065633014,0.0,0.0,14.092705231102844,16.737527340471784,361.1351928333111,0.0,0.0,75.37046275904791,90.09541420233663,1665.7966306544072,0.0,0.0,53.1068394115497,64.08180099185396,891.4602647105551,0.0,0.0,31.77866899412635,37.86919539473143,754.7967230578671,39.199784910129398,26.885997880747195,243.4687262625128,290.9193840758556,6193.564063832644,0.0,0.0,65.44573307587454,79.46723688808538,868.9727523267366,0.0,15.426907280789039,36.035621266865238,22.0,30.0,0.0,15.638230379771827,35.4960171544618,12.0,30.0,0.0,15.493260831775743,35.96799798711949,22.0,30.0,0.0,15.564817437914986,35.77828743066449,12.0,30.0,0.0,14.055810636898198,39.47746641700507,12.0,30.0,0.0,16.3909433657794,33.928202751475399,12.0,30.0,0.0,14.556933028054722,38.13010136649544,10.0,30.0,0.0,11.83936762710901,45.593075221916887,13.0,30.0,0.0,15.413986858988647,36.13953682583397,20.0,30.0,0.0,14.44902435754387,0.0,0.0,0.0,10.058719537529282,0.0,0.0,464.0779341879759,444.6759462896011,484.36057358689507,467.2425120405842,525.0525538759703,754.7835899414799,509.750206592126,589.3738423609698,678.0685254758838,0.0,80.5164901227629,80.5164901227629,60.0,0.0,60.0,60.0,12.0,12.0,12.0,19.0,12.0,12.0,21.0,10.0,0.0,0.0,0.0,0.0,0.0,0.0,0.0,0.0,0.0,0.0,0.0,0.0,0.0,80.5164901227629,80.5164901227629,0.0,0.0,0.0,80.5164901227629,0.0,0.0,0.0018666666666666667 
 02/16  05:10:00,3.475,80.5,5.608333333333334,0.0,0.0,0.0,0.0,0.0,2.0,2.0,0.0,0.0,0.0,0.0,0.0,186.0,0.0,0.0,0.0,0.0,0.0,0.0,0.0,0.0,0.0,0.0,0.0,15.83295727239998,-156.18034898689076,15.857144116641804,-204.90633069472779,15.75879366151274,-207.22105402646185,15.724727860165114,-146.83222359635966,14.0429206591572,-5.458961858083654,16.18014087989065,-44.76123913246664,14.628031146663995,-48.30081358995585,12.267578851907196,-191.8615694473723,15.326473313614273,-107.06411156054043,495.25723521222928,661.9593139391294,0.0,0.0,0.0,0.0,0.0,0.0,0.0,0.0,0.0,0.0,0.0,0.0,0.0,0.0,0.0,0.0,0.0,0.0,0.0,0.0,0.0,0.0,1.2376751780145872,0.3778007258896786,194.5352751607159,231.7737935286409,4714.821697811942,0.2312785031860443,0.035298916847686868,163.8321938462448,195.26296714232405,3940.987067738699,1.1957366463223054,0.22595174722643725,169.02183185915505,201.34598806297508,4104.513523847299,0.23961513391604645,0.04527874790552652,157.67518606178619,187.90523905224624,3778.7211077625595,0.0,0.0,8.17224168443989,9.78655858210987,174.11707915800185,0.0,0.0,13.994127422799498,16.625873945602295,360.7727465381387,0.0,0.0,78.36853432464031,93.69610082241448,1741.7270125847418,0.0,0.0,53.19438669494643,64.20719483279518,900.6869013032842,0.0,0.0,31.00990154860118,36.96669941951799,741.8598906318196,39.05335858071024,26.785568299526923,296.0916371672728,353.9236530480277,7460.573261277283,0.0,0.0,65.52262079208527,79.58438739495907,879.8750641780434,0.0,15.489600313266833,35.89684335270094,22.0,30.0,0.0,15.445897488115947,35.95537822470712,12.0,30.0,0.0,15.504152147559698,35.94104062341313,22.0,30.0,0.0,15.382926918664828,36.17935498531877,12.0,30.0,0.0,14.017889208308878,39.54987877287043,12.0,30.0,0.0,16.33935574554024,34.02709130157069,12.0,30.0,0.0,14.490712133519775,38.30005013049532,10.0,30.0,0.0,11.783583719814132,45.749578832608879,13.0,30.0,0.0,15.3710134839665,36.223807802969869,20.0,30.0,0.0,14.537869847293877,0.0,0.0,0.0,10.00552244395583,0.0,0.0,462.80464458609006,441.9448441995585,484.9527205434408,463.46319358344535,524.9997196795544,754.0603174015569,509.5552566926057,591.676044913533,677.5195800693246,0.0,80.5164901227629,80.5164901227629,60.0,0.0,60.0,60.0,12.0,12.0,12.0,19.0,12.0,12.0,21.0,10.0,0.0,0.0,0.0,0.0,0.0,0.0,0.0,0.0,0.0,0.0,0.0,0.0,0.0,80.5164901227629,80.5164901227629,0.0,0.0,0.0,80.5164901227629,0.0,0.0,0.00197 
 02/16  05:20:00,3.3500000000000007,81.0,5.526666666666667,0.0,0.0,0.0,0.0,0.0,2.0,2.0,0.0,0.0,0.0,0.0,0.0,186.0,0.0,0.0,0.0,0.0,0.0,0.0,0.0,0.0,0.0,0.0,0.0,15.697808734608096,-92.45878093866782,15.855798503191874,-257.55836860409547,15.656371032062172,-130.76085972532838,15.72877601829401,-192.58449103740464,14.005091798483905,-5.668503160209994,16.124954977000699,-43.375491296878667,14.579897161272731,-69.28398596603665,12.21221335847452,-191.84624908698346,15.282985046036537,-106.89600361409646,442.2523164058425,664.4145276919512,0.0,0.0,0.0,0.0,0.0,0.0,0.0,0.0,0.0,0.0,0.0,0.0,0.0,0.0,0.0,0.0,0.0,0.0,0.0,0.0,0.0,0.0,1.253634321501187,0.38267225931049667,191.56734244621164,228.25560357667076,4648.648511210103,0.2232153246464999,0.03406827299244504,136.2222973121703,162.2301499672435,3315.3992768405134,1.2048883430145306,0.22768109278430294,129.13806100014305,153.87923197614647,3151.4731225133739,0.22827949311637747,0.04313671449666995,127.46509633142986,151.87167810904465,3093.382532207106,0.0,0.0,7.802440545642635,9.347686052122436,167.65217368957642,0.0,0.0,14.148437601284972,16.813663006938215,366.82499793149057,0.0,0.0,74.89887349193542,89.58662700236643,1676.9215742440245,0.0,0.0,53.13684416483726,64.15719234367195,907.5526261592072,0.0,0.0,32.27720009654836,38.48369245155582,777.5198517329462,38.81590741350398,26.6227074166694,237.64980398709728,284.1512429236774,6127.065468813,0.0,0.0,65.3731316988307,79.42679648623765,887.6115923011874,0.0,15.305167020316507,36.32420279035708,22.0,30.0,0.0,15.507241909830383,35.81897037198996,12.0,30.0,0.0,15.375647230787628,36.214740896678119,22.0,30.0,0.0,15.443451674317707,36.03651847640273,12.0,30.0,0.0,13.979541547360512,39.63688390943878,12.0,30.0,0.0,16.283930346204863,34.14517720282386,12.0,30.0,0.0,14.443121555987848,38.412475075601189,10.0,30.0,0.0,11.728641967482272,45.9038655284913,13.0,30.0,0.0,15.32569929161303,36.32093938570646,20.0,30.0,0.0,14.309812498942755,0.0,0.0,0.0,9.9514031989372,0.0,0.0,464.92407701198109,444.8746258847346,485.0034561039828,467.14481225195586,526.0179845164622,754.8636240936262,511.2950015542888,591.3712992898984,677.1106376964153,0.0,80.5164901227629,80.5164901227629,60.0,0.0,60.0,60.0,12.0,12.0,12.0,19.0,12.0,12.0,21.0,10.0,0.0,0.0,0.0,0.0,0.0,0.0,0.0,0.0,0.0,0.0,0.0,0.0,0.0,80.5164901227629,80.5164901227629,0.0,0.0,0.0,80.5164901227629,0.0,0.0,0.00201 
 02/16  05:30:00,3.225,81.5,5.445,0.0,0.0,0.0,0.0,0.0,2.0,2.0,0.0,0.0,0.0,0.0,0.0,186.0,0.0,0.0,0.0,0.0,0.0,0.0,0.0,0.0,0.0,0.0,0.0,15.698364053551164,-152.80819503684189,15.71782898362854,-200.3779419478683,15.625587450079785,-211.75476422447628,15.599438101861404,-145.3419894656579,13.96698323496427,-5.66020074105613,16.071065306096384,-45.14684613018494,14.51947035957535,-52.279107654978137,12.15632759616026,-192.060354188338,15.240255852677836,-109.22947229151186,494.59890008613459,663.5526927755967,0.0,0.0,0.0,0.0,0.0,0.0,0.0,0.0,0.0,0.0,0.0,0.0,0.0,0.0,0.0,0.0,0.0,0.0,0.0,0.0,0.0,0.0,1.2577365548965565,0.3839244673066412,201.2656016464564,239.9663425721084,4934.071637430343,0.2352275205402731,0.03590163622409541,164.7665007178906,196.51163901645453,4005.324369178208,1.2142098827817143,0.22944253264960594,174.0287497384885,207.4571367015123,4271.614141619403,0.2424658827025708,0.04581743815241322,158.2664572175148,188.73803893552634,3835.210382083793,0.0,0.0,8.070485784918193,9.669407166630716,174.84860582890429,0.0,0.0,14.071657003133592,16.72792854647395,366.97074213620376,0.0,0.0,77.47024114740536,92.68005992633406,1743.6020548761508,0.0,0.0,53.172788602931998,64.220368277991,915.8903679882049,0.0,0.0,31.67015105618654,37.77367571174975,768.2801775543628,38.662853385368538,26.517732088730143,297.7322900653775,356.12713226620829,7577.8035582506749,0.0,0.0,65.3874219481052,79.46935467537125,896.9642746990846,0.0,15.361120157020834,36.17986609351612,22.0,30.0,0.0,15.314321610177862,36.24886596111738,12.0,30.0,0.0,15.374743840725824,36.19489472772162,22.0,30.0,0.0,15.259262410905745,36.427978238824838,12.0,30.0,0.0,13.94082854199051,39.723385845260668,12.0,30.0,0.0,16.23079009046357,34.25446303899836,12.0,30.0,0.0,14.373743875253633,38.58223572114635,10.0,30.0,0.0,11.672483614619515,46.070858868914928,13.0,30.0,0.0,15.281783077341919,36.415701883079339,20.0,30.0,0.0,14.412889916127263,0.0,0.0,0.0,9.892739586464062,0.0,0.0,465.04173400639015,443.46479840112286,484.84755222535775,463.03090173422057,526.0707577794458,754.0884920422209,512.0684505697466,593.7483927551964,676.4852932827475,0.0,80.5164901227629,80.5164901227629,60.0,0.0,60.0,60.0,12.0,12.0,12.0,19.0,12.0,12.0,21.0,10.0,0.0,0.0,0.0,0.0,0.0,0.0,0.0,0.0,0.0,0.0,0.0,0.0,0.0,80.5164901227629,80.5164901227629,0.0,0.0,0.0,80.5164901227629,0.0,0.0,0.00205 
 02/16  05:40:00,3.1,82.0,5.363333333333333,0.0,0.0,0.0,0.0,0.0,2.0,2.0,0.0,0.0,0.0,0.0,0.0,186.0,0.0,0.0,0.0,0.0,0.0,0.0,0.0,0.0,0.0,0.0,0.0,15.563869828235163,-92.5826429593535,15.71550549145513,-252.9496209930801,15.520974753322939,-128.4611193939104,15.601400759270906,-194.6007307297807,13.928674641366858,-5.83012365101591,16.015156601663059,-43.81707619391307,14.471711760872932,-71.14178050948374,12.100402516476877,-192.70270691000418,15.196069826129346,-109.18885032569495,443.5764806788693,666.8762986087594,0.0,0.0,0.0,0.0,0.0,0.0,0.0,0.0,0.0,0.0,0.0,0.0,0.0,0.0,0.0,0.0,0.0,0.0,0.0,0.0,0.0,0.0,1.2735241236145754,0.3887436274769766,189.97468081663443,226.51658204788405,4659.361377925629,0.2273306751744728,0.03469637899488291,136.44996812041053,162.61494286085424,3355.7490879231115,1.2260798328535132,0.2316855315293866,130.97491427101407,156.1746348079983,3229.683119612597,0.23225074341733105,0.04388713972360752,129.3515966157477,154.2227124576949,3172.9496264219376,0.0,0.0,7.724572288088938,9.25897005572385,168.74674461847469,0.0,0.0,14.211874131815585,16.89918965742095,372.68292482583657,0.0,0.0,74.36717744115073,89.00632110957553,1686.136651627281,0.0,0.0,53.14674746189189,64.20869402914367,923.1417883295054,0.0,0.0,32.7853636214423,39.11046224028287,800.7101269623286,38.430006038571288,26.3580288330393,239.9148703351621,287.0493387108297,6245.161586168399,0.0,0.0,65.27242060175542,79.35538792253206,904.3149051473238,0.0,15.176469814896536,36.583233067464998,22.0,30.0,0.0,15.373368564645834,36.09171501290065,12.0,30.0,0.0,15.242501348729915,36.47080980023394,22.0,30.0,0.0,15.315694355387617,36.27281537255179,12.0,30.0,0.0,13.90186017594761,39.81315477587491,12.0,30.0,0.0,16.17424963486712,34.370886349865667,12.0,30.0,0.0,14.32717562261205,38.677363655526068,10.0,30.0,0.0,11.616101595622851,46.23269360925305,13.0,30.0,0.0,15.235581841778627,36.513318017712197,20.0,30.0,0.0,14.190327051979573,0.0,0.0,0.0,9.832394301068009,0.0,0.0,466.3696059490235,446.1641242886118,485.1789070117189,466.5170471653938,527.2842974438183,754.9944369406699,513.5513780305774,593.8171438779066,676.423333387932,0.0,80.5164901227629,80.5164901227629,60.0,0.0,60.0,60.0,12.0,12.0,12.0,19.0,12.0,12.0,21.0,10.0,0.0,0.0,0.0,0.0,0.0,0.0,0.0,0.0,0.0,0.0,0.0,0.0,0.0,80.5164901227629,80.5164901227629,0.0,0.0,0.0,80.5164901227629,0.0,0.0,0.00209 
 02/16  05:50:00,2.9749999999999998,82.5,5.281666666666667,0.0,0.0,0.0,0.0,0.0,2.0,2.0,0.0,0.0,0.0,0.0,0.0,186.0,0.0,0.0,0.0,0.0,0.0,0.0,0.0,0.0,0.0,0.0,0.0,15.562117368325366,-150.32677918258333,15.577913481115877,-198.23340555844835,15.490039960750636,-211.16254645898926,15.470505652022704,-146.13520364353759,13.890158413460066,-5.8495482057461178,15.960681447094457,-45.54653316158763,14.410748239969433,-55.497826826003009,12.043662574015372,-193.3748854297844,15.152611384372597,-111.55684929894398,493.1933815031398,666.806587498069,0.0,0.0,0.0,0.0,0.0,0.0,0.0,0.0,0.0,0.0,0.0,0.0,0.0,0.0,0.0,0.0,0.0,0.0,0.0,0.0,0.0,0.0,1.277048222989567,0.3898193598869253,202.14771010871159,241.18661940174537,5008.093866251043,0.23917589491243664,0.0365042574652681,164.7379530386403,196.61304750479332,4046.1783123549878,1.233061024207791,0.23300472868627959,174.33189812024649,207.96192226383864,4323.288771826508,0.245871661271149,0.04646100931049678,158.7593336420418,189.45681354369783,3887.9550291025,0.0,0.0,7.9798959074977919,9.56558094965585,175.7386976153823,0.0,0.0,14.144407859523082,16.824554647592487,373.0402728495655,0.0,0.0,76.75059865554212,91.87708615634789,1749.0961296128324,0.0,0.0,53.17493109007121,64.26303686777126,931.1692466634513,0.0,0.0,32.26686270749071,38.505955318392128,793.4829842020222,38.27661078862316,26.25281947093496,298.31452568103807,357.0668070017896,7670.188748397478,0.0,0.0,65.27335294138917,79.38350731261098,912.6500593159992,0.0,15.228361968469127,36.42922641668019,22.0,30.0,0.0,15.180919924052433,36.487445956258259,12.0,30.0,0.0,15.24100737787781,36.440457760162889,22.0,30.0,0.0,15.129162331218693,36.65757122200337,12.0,30.0,0.0,13.862659912814158,39.9008974756658,12.0,30.0,0.0,16.12024595001987,34.47834153400992,12.0,30.0,0.0,14.25698895818478,38.830120273026299,10.0,30.0,0.0,11.558083001449838,46.39483437629049,13.0,30.0,0.0,15.190796477802936,36.60694692913186,20.0,30.0,0.0,14.285225620947994,0.0,0.0,0.0,9.767353744880172,0.0,0.0,466.5513878360405,444.3021766117075,485.11485096724638,462.7901788207281,527.5394619828651,754.3998665231692,514.3101733154575,596.2000321042413,676.0104928661062,0.0,80.5164901227629,80.5164901227629,60.0,0.0,60.0,60.0,12.0,12.0,12.0,19.0,12.0,12.0,21.0,10.0,0.0,0.0,0.0,0.0,0.0,0.0,0.0,0.0,0.0,0.0,0.0,0.0,0.0,80.5164901227629,80.5164901227629,0.0,0.0,0.0,80.5164901227629,0.0,0.0,0.0021 
 02/16  06:00:00,2.85,83.0,5.2,0.0,0.0,0.0,0.0,0.0,2.0,2.0,0.0,0.0,0.0,0.0,0.0,186.0,0.0,0.0,0.0,0.0,0.0,0.0,0.0,0.0,0.0,0.0,0.0,15.427211489431567,-92.08990548434918,15.57465980573775,-248.7198349089058,15.384560276868396,-127.59699443760769,15.471758671309847,-195.20589490937074,13.851465523476734,-5.989886580628678,15.904323183061948,-44.27579005604906,14.36246091856859,-73.67898242024887,11.9866427499486,-194.4825349657234,15.107697166647473,-111.66421003574152,444.8849230932019,670.9190982256528,0.0,0.0,0.0,0.0,0.0,0.0,0.0,0.0,0.0,0.0,0.0,0.0,0.0,0.0,0.0,0.0,0.0,0.0,0.0,0.0,0.0,0.0,1.2930777296628909,0.39471237169196918,189.82210436531018,226.49680208831865,4703.255208862688,0.23130023181812374,0.03530223318347432,137.3425916476756,163.7953574581651,3412.3996241564279,1.2452090506409537,0.23530027411960587,133.07029636983649,158.7849835466772,3314.4923805694299,0.2358848515677885,0.04457385706118451,131.49393268331606,156.8849363026717,3259.2059148392747,0.0,0.0,7.6356512654172949,9.156962143299552,169.5291306730038,0.0,0.0,14.282719442329802,16.993760312314046,378.7391580290271,0.0,0.0,73.75665579494384,88.33171903189322,1693.069003714802,0.0,0.0,53.16667944907934,64.27342605029537,938.5059922794401,0.0,0.0,33.33470000263154,39.78737796286292,825.1595481459954,38.04613791622991,26.094744798511607,243.10324925128612,291.0608653001518,6384.599010821979,0.0,0.0,65.17398511971247,79.29024559905503,919.4234161109135,0.0,15.042493443846724,36.81853070463983,22.0,30.0,0.0,15.238183497415339,36.32055819501457,12.0,30.0,0.0,15.106923545401994,36.71375102465734,22.0,30.0,0.0,15.184584366849834,36.493073906457087,12.0,30.0,0.0,13.823259847048443,39.982742704340299,12.0,30.0,0.0,16.06307997587342,34.5835974490318,12.0,30.0,0.0,14.209816470211262,38.914505460045649,10.0,30.0,0.0,11.499501129597384,46.55372553017869,13.0,30.0,0.0,15.143732374162111,36.69468083662947,20.0,30.0,0.0,14.07060124398312,0.0,0.0,0.0,9.70115115536688,0.0,0.0,467.4956744129571,446.97474044334026,485.61168935410469,466.2555462522041,528.8138091800657,755.2393830725514,515.7039720495822,596.4293107247157,676.0293097067497,0.0,80.5164901227629,80.5164901227629,60.0,0.0,60.0,60.0,12.0,12.0,12.0,19.0,12.0,12.0,21.0,10.0,0.0,0.0,0.0,0.0,0.0,0.0,0.0,0.0,0.0,0.0,0.0,0.0,0.0,80.5164901227629,80.5164901227629,0.0,0.0,0.0,80.5164901227629,0.0,0.0,0.00211 
 02/16  06:10:00,2.7666666666666668,83.5,5.131666666666668,0.0,0.0,0.0,0.0,0.0,2.0,2.0,0.0,0.0,0.0,0.0,0.0,940.0,0.0,0.0,0.0,0.0,0.0,0.0,0.0,0.0,0.0,0.0,0.0,16.81087112236719,-803.5112149055823,16.33802418646559,169.3988377035015,16.968203676364696,-2471.924430667301,15.76100472399892,1039.6228103815293,13.817220044162735,-3.4280901332245437,16.931071799714219,-115.48030808578767,14.471463294193729,220.6418946925255,13.06915278884398,-299.247574929912,16.721512195916629,-286.7914688043221,833.0580778649119,814.5300779023033,0.0,0.0,0.0,0.0,0.0,0.0,0.0,0.0,0.0,0.0,0.0,0.0,0.0,0.0,0.0,0.0,0.0,0.0,0.0,0.0,0.0,0.0,1.3209954781694476,0.4032342729454969,291.1542912033598,345.24595013424575,8512.784479685382,0.2973436053790157,0.045382113153085438,232.74996691408138,276.6487456595751,6471.042636241236,1.2243837901907969,0.23136503971859366,483.66514339835586,572.8781960148328,14405.161693546863,0.360488002036203,0.068119425932767,372.8130559449766,444.2034407863644,9866.6577257805,0.0,0.0,11.422510781718453,13.713603743450186,254.80851785617268,0.0,0.0,18.951228190519197,22.458625987783834,559.8250491974861,0.0,0.0,81.46848134786618,97.59856839970048,1926.8905840064293,0.0,0.0,44.13508960009511,53.143222765396767,925.2345290839356,0.0,0.0,47.951084471002697,56.82547959583644,1413.9225514306564,39.239957902901348,26.91355137373207,590.3531836917172,704.8845609779216,15878.471167304795,0.0,0.0,58.5983507267465,71.37273628322463,847.6099870801596,2110.8912870940955,17.18873486029468,32.1150034456915,21.999999999999998,30.0,1417.6311857574684,16.525589670571855,33.45618709144591,16.799999999999998,30.0,4745.096587208685,17.468264812964489,31.552281490862904,21.999999999999998,30.0,0.0,15.83726621127302,34.95924875648674,16.999999999999998,30.0,0.0,13.792933580726784,40.037852252238909,12.0,30.0,1908.7868867222529,17.475782006786547,31.634360587793517,20.0,30.0,0.0,14.479708781803917,38.1958435114867,10.0,30.0,1495.895826747921,13.201040959548897,41.68044853924098,16.999999999999998,30.0,3175.994820313246,17.342232304702884,31.953787800525939,20.0,30.0,0.0,15.175591636200207,0.0,0.0,0.0,9.79911464370409,0.0,0.0,462.9540242022906,457.0914591320614,462.9073265558849,459.1122361438641,527.5642888724001,742.9896885836168,502.5370387641959,602.8503587176907,662.0763799924536,14349.914032954566,78.5139551388547,87.8415858646668,60.0,0.0,60.0,60.0,16.0,16.0,19.0,19.0,16.0,12.0,21.0,10.0,1.0,0.0,2110.8912870940955,1417.6311857574684,4745.096587208685,0.0,1908.7868867222529,0.0,1495.895826747921,3175.994820313246,14110.274725222902,8466164.83513374,10995889.999982737,78.5139551388547,87.99999999999999,0.4703424908407633,0.7698822206136488,0.3602813740196596,87.99999999999999,0.3542647819438876,10995889.999982737,0.5739062799991025 
 02/16  06:20:00,2.6833333333333337,84.0,5.063333333333334,0.0,0.0,0.0,0.0,0.0,2.0,2.0,0.0,0.0,0.0,0.0,0.0,564.0,0.0,0.0,0.0,0.0,0.0,0.0,0.0,0.0,0.0,0.0,0.0,17.74234584138914,-1394.7957240284409,16.80142073336102,763.3176007028467,18.023627058716188,-3494.3986282916096,16.723340196747356,1064.1328754800355,13.786328491532139,8.147921121355875,18.085121351101244,-222.7327839133888,14.813786532862239,134.09562189191545,14.450291322649357,-242.5030915106003,18.015245866897414,-508.5310745397618,1221.5492666237395,1217.5756479204268,0.0,0.0,0.0,0.0,0.0,0.0,0.0,0.0,0.0,0.0,0.0,0.0,0.0,0.0,0.0,0.0,0.0,0.0,0.0,0.0,0.0,0.0,1.4432200466883468,0.44054335979497769,419.1168700175971,494.69972140133788,13413.160953327688,0.38180068964618188,0.05827238852963705,360.16751944174617,427.07998775726215,10582.667082751628,1.2591141085255549,0.23792783607814725,575.4090417766064,678.357965319414,18802.09589625501,0.3821930012680396,0.0722208997105139,409.02912657668255,485.00865310940176,12067.808348615792,0.0,0.0,14.605160891292222,17.538036649697358,327.71812786484977,0.0,0.0,24.227276000569977,28.524366636879998,807.1297298066033,0.0,0.0,97.45257230594325,116.49370133632111,2428.228275737983,0.0,0.0,27.891253923926827,33.31935855030909,714.4991151233916,0.0,0.0,67.43073205517006,79.32800585197377,2275.0463722938195,40.385470176554367,27.69922508679998,753.3868734378933,896.6989431923271,21695.068490060035,0.0,0.0,66.9536636751257,81.33896360324136,1068.2289630348565,2073.2698464414399,18.73040726691771,29.08433009600857,22.0,30.0,0.0,17.374445640173997,31.678242692546207,16.0,30.0,4543.867106591967,19.116477322555597,28.38865978779666,22.0,30.0,0.0,17.469677332066,31.49047932883318,16.5,30.0,0.0,13.770674518448037,40.04542734450756,12.0,30.0,1760.0634093445813,19.456670503492288,27.89366011474061,20.0,30.0,0.0,15.049689575039256,36.788750321474498,10.0,30.0,1417.8653822196137,15.56078530123554,35.72972126167707,17.0,30.0,1619.7202307445946,19.68949705596269,27.477217040616976,19.666666666666666,30.0,0.0,16.323723999987118,0.0,0.0,0.0,10.435724724922189,0.0,0.0,462.00117453383577,462.3965438994701,459.2186641830834,459.6903990461354,527.1861514538659,705.2827363182072,516.7653590362584,614.311109756713,623.955478389793,11788.605616793819,80.20950745929066,87.86990108546596,60.0,0.0,60.0,60.0,16.0,16.0,19.0,19.0,16.0,12.0,21.0,10.0,1.0,0.0,2073.2698464414399,0.0,4543.867106591967,0.0,1760.0634093445813,0.0,1417.8653822196137,1619.7202307445946,11591.739399850469,6955043.639910283,9087753.09975044,80.20950745929066,88.0,0.386391313328349,0.7652299949137893,0.36028137401965956,88.0,0.3542647819438875,9087753.09975044,0.47472649452035639 
 02/16  06:30:00,2.6,84.5,4.995,0.0,0.0,0.0,0.0,0.0,2.0,2.0,0.0,0.0,0.0,0.0,0.0,282.0,0.0,0.0,0.0,0.0,0.0,0.0,0.0,0.0,0.0,0.0,0.0,18.15583694215385,-1353.4588000662268,17.165355644987615,776.7874309703477,18.534830729695295,-3506.1813352599149,17.318040269967399,820.996469072554,13.764778504148719,11.726195358210984,17.936855038433749,-214.0188142453309,14.83720447894277,62.23292524233721,15.262244053384972,-121.86346267760422,18.074933676446958,-412.0263728944841,1350.3972129792,1213.6115921111614,0.0,0.0,0.0,0.0,0.0,0.0,0.0,0.0,0.0,0.0,0.0,0.0,0.0,0.0,0.0,0.0,0.0,0.0,0.0,0.0,0.0,0.0,1.5332954957388228,0.46803891811319367,437.5299549979202,515.3188587308814,14531.434777006692,0.4065771571470602,0.06205390066347072,379.81567281856305,449.3587383684802,11646.528396970425,1.304366617768227,0.24647895271508447,568.4279511173014,668.4479874024816,19351.407402140576,0.37021397523227786,0.06995728934850296,378.1993399944872,446.8803175539429,11875.855963705651,0.0,0.0,15.428269000117144,18.5209677906491,348.5286894260886,0.0,0.0,24.70364519572116,29.101768395630456,815.1405645770883,0.0,0.0,112.5963264983783,134.5515195230279,2825.07768944617,0.0,0.0,22.960566730149425,27.260162087628076,659.5636854181219,0.0,0.0,64.03078958378163,75.34262472885988,2156.0631803186568,40.8553439706235,28.021497922238344,741.6315214938682,880.6092730493977,22411.71699266783,0.0,0.0,67.84945661884065,82.36280950890678,1111.3471024334263,1922.642816685674,19.293706067184134,28.074738403188478,21.999999999999994,29.99999999999999,0.0,17.978778181703754,30.487009452968235,15.999999999999993,29.99999999999999,4341.20532781374,19.762730667410016,27.26324076148412,21.999999999999994,29.99999999999999,0.0,18.379260601480529,29.72466928094088,15.999999999999993,29.99999999999999,0.0,13.759734496087031,40.040982023453647,11.999999999999995,29.99999999999999,129.2656916350455,19.224206867928527,28.314967022008334,18.999999999999994,29.99999999999999,0.0,15.054363777670253,36.77739503820777,9.999999999999997,29.99999999999999,949.5333501551681,16.9546180758122,32.62210451417016,16.999999999999994,29.99999999999999,1529.6508550131117,19.607748195518288,27.609218529013,19.66666666666666,29.99999999999999,0.0,16.944696281116444,0.0,0.0,0.0,10.576902801289318,0.0,0.0,463.33895881004198,463.5412830382176,459.1335607219875,459.2424500217696,538.0618836999445,686.3197100460286,535.2337231264695,578.2790536131503,615.2495447001169,11017.004098381745,80.72004939632427,87.8784269843722,59.99999999999998,0.0,59.99999999999998,59.99999999999998,16.0,16.0,19.0,19.0,16.0,12.0,21.0,10.0,1.0,0.0,1922.642816685674,0.0,4341.20532781374,0.0,129.2656916350455,0.0,949.5333501551681,1529.6508550131117,10833.023397915518,6499814.038749313,8506962.104943108,80.72004939632427,87.99999999999997,0.36110077993051728,0.764078279968837,0.36028137401965945,87.99999999999997,0.35426478194388735,8506962.104943108,0.4445686961237083 
 02/16  06:40:00,2.5166666666666668,85.0,4.926666666666667,0.0,0.0,0.0,0.0,0.0,2.0,2.0,0.0,0.0,0.0,0.0,0.0,470.0,0.0,0.0,0.0,0.0,0.0,0.0,0.0,0.0,0.0,0.0,0.0,18.544912863884496,-1226.0410270619673,17.455187500873558,898.9736495869299,18.990704973205149,-3323.948565931834,17.67323271378796,899.8096283624784,13.74440929028789,14.611778101224733,18.308506563159815,-242.92249703051298,14.921488599334161,225.1562077763732,15.064267176925342,-76.67185345403034,18.091402619860454,-347.8542952898439,1492.6756064295042,1104.99695562559,0.0,0.0,0.0,0.0,0.0,0.0,0.0,0.0,0.0,0.0,0.0,0.0,0.0,0.0,0.0,0.0,0.0,0.0,0.0,0.0,0.0,0.0,1.6260843845320255,0.49636275474115568,448.06470900788556,527.0993830912966,15384.082415664869,0.4239709307826691,0.06470862801933294,385.1598375715831,455.2297842294833,12204.038802230725,1.3689515429965993,0.258683209183031,567.9824928809887,667.0531352759279,20002.05405516838,0.37250361631706765,0.07038995017329322,364.93307256458419,430.6477658929344,11878.071937906832,0.0,0.0,16.059686106422324,19.291348264619328,365.12336056694695,0.0,0.0,25.19770518291051,29.649622964990124,860.1393355744635,0.0,0.0,114.24089002889625,136.5493834572932,2918.747164667788,0.0,0.0,20.45836076595912,24.356907233314865,567.3298753138204,0.0,0.0,60.39181522592109,71.16706524320675,2015.3738377827099,41.30548001011608,28.33023320309747,734.6855709941549,871.1372851390174,23178.640740743525,0.0,0.0,61.3395400535852,74.54342820648381,1003.0804503836686,1909.626010140481,19.79883277219556,27.19919009240738,22.000000000000008,30.00000000000001,0.0,18.43210960484767,29.624016601073096,16.000000000000005,30.00000000000001,4304.281424477562,20.295858979760113,26.37079942208348,22.000000000000008,30.00000000000001,0.0,18.893689963075525,28.774700720061465,16.000000000000005,30.00000000000001,0.0,13.746968784260464,40.05547311982291,12.000000000000006,30.00000000000001,1482.5626636453399,19.745777222880034,27.397024955472859,20.000000000000008,30.00000000000001,0.0,15.211758843178178,36.39095739999776,10.000000000000004,30.00000000000001,311.970437697667,16.327795953269324,33.921328029929409,16.200000000000004,30.00000000000001,693.8023527619632,19.330315705288194,28.096121877661266,19.20000000000001,30.00000000000001,0.0,17.49795521959864,0.0,0.0,0.0,10.469722324825842,0.0,0.0,464.59767018340986,465.8132507164954,460.2064124635485,459.70161096559868,545.4762469929247,682.9762263614788,526.1991206347823,552.0438268305803,612.6261371532506,10963.063751556063,80.7557370654822,87.87902295786117,60.00000000000002,0.0,60.00000000000002,60.00000000000002,16.0,16.0,19.0,19.0,16.0,12.0,21.0,10.0,1.0,0.0,1909.626010140481,0.0,4304.281424477562,0.0,1482.5626636453399,0.0,311.970437697667,693.8023527619632,10779.983838881484,6467990.303328888,8460668.897502797,80.7557370654822,88.00000000000003,0.35933279462938286,0.7644417930505258,0.36028137401965967,88.00000000000003,0.35426478194388769,8460668.897502797,0.4422047826701455 
 02/16  06:50:00,2.4333333333333337,85.5,4.858333333333333,0.0,0.0,0.0,0.0,0.0,2.0,2.0,0.0,0.0,0.0,0.0,0.0,376.0,0.0,0.0,0.0,0.0,0.0,0.0,0.0,0.0,0.0,0.0,0.0,18.856490323864329,-1236.5075847257513,17.74058100434758,913.1818308685765,19.339617343859275,-3395.1093910357087,18.005977749530474,897.8169783654248,13.728373313279079,21.108310018074009,18.043981334824794,-208.3787336038252,15.163509849921283,215.6406737248583,15.361700601165783,-63.20175902936796,18.260610152303248,-359.9397887953629,1579.1562837536695,1124.6289532688255,0.0,0.0,0.0,0.0,0.0,0.0,0.0,0.0,0.0,0.0,0.0,0.0,0.0,0.0,0.0,0.0,0.0,0.0,0.0,0.0,0.0,0.0,1.685379842403621,0.5144627113564168,454.27520666963917,533.6279373891774,16039.2112533469,0.4360083678135752,0.06654584368339059,390.4332215534856,460.78316730150439,12752.130298958911,1.4175196759532137,0.2678608609133058,573.1645188678615,672.1374933215251,20747.196200726223,0.38082041168370048,0.07196152904075971,365.17016625203658,430.23666459784496,12268.302078368619,0.0,0.0,16.55072518713226,19.881079150110169,378.8822249818974,0.0,0.0,25.570609987895755,30.135715517508758,854.4763104041191,0.0,0.0,115.62620924710774,137.9957651836391,3063.366068587812,0.0,0.0,18.780064536502999,22.315503573987735,543.3586970989701,0.0,0.0,60.790935512302457,71.53412453587164,2083.481566565669,41.584749608923207,28.52177613780742,739.7257263164405,875.9655856453513,24032.629344789006,0.0,0.0,58.798346105983487,71.47591910394789,957.1704024093197,1879.7054245710875,20.229813096087665,26.476278692665596,22.0,30.0,0.0,18.861759469553755,28.831712677499938,16.0,30.0,4237.022958556666,20.73361315629244,25.661669031203937,22.0,30.0,0.0,19.362970958120348,27.938707415945204,16.0,30.0,0.0,13.739120505687247,40.05810876464952,12.0,30.0,109.98162686429669,19.266165610550137,28.231439592056725,19.0,30.0,0.0,15.60640641325951,35.4704892006806,10.0,30.0,695.7676324508652,16.88327242055222,32.72606941995353,16.75,30.0,837.8626201302574,19.716608353145593,27.407324105175513,19.5,30.0,0.0,17.880073085020038,0.0,0.0,0.0,10.355882259639082,0.0,0.0,465.18282459635256,467.01989840446319,461.26309642391626,460.7923929576899,544.9823953329992,677.3739294729423,521.3454464869044,543.1940147373797,606.9207875605748,10431.905419017541,81.10705283917867,86.31874749298811,60.0,0.0,60.0,60.0,16.0,16.0,19.0,19.0,16.0,12.0,21.0,10.0,1.0,0.0,1879.7054245710875,0.0,4237.022958556666,0.0,109.98162686429669,0.0,695.7676324508652,837.8626201302574,7887.286144720036,4732371.686832022,6171455.459668718,81.10705283917867,86.40725936984868,0.3479095381573345,0.7654673213624414,0.36028137401965956,86.40725936984868,0.3542647819438875,6171455.459668718,0.32320235056944 
 02/16  07:00:00,2.35,86.0,4.79,0.0,0.0,0.0,0.0,0.0,2.0,2.0,0.0,0.0,0.0,0.0,0.0,376.0,0.0,0.0,0.0,0.0,0.0,0.0,0.0,0.0,0.0,0.0,0.0,19.228947282211068,-1210.8965635247897,18.02794091345291,1046.4482980961289,19.722257184236363,-3352.7368758470058,18.335808820026025,992.4443348683849,13.721834526658777,31.949328623444985,18.42373919043422,-182.5025087071892,15.688176241256262,641.9090290744148,15.157523660967238,-354.5645743358671,18.276530019463299,-263.46736321438626,1704.755483601115,893.4684014064344,0.0,0.0,0.0,0.0,0.0,0.0,0.0,0.0,0.0,0.0,0.0,0.0,0.0,0.0,0.0,0.0,0.0,0.0,0.0,0.0,0.0,0.0,1.7986157028135788,0.5490279923118372,469.77667863001008,550.9723286567949,17102.69821978784,0.45857865477668616,0.06999063717592889,398.9404760305629,470.16733175204868,13427.552606310874,1.5201867859823857,0.28726129742675479,576.9657210705339,675.6401964093152,21482.061401170715,0.40018544053601087,0.07562083154497558,368.0996913202934,433.0386681525606,12759.340338010843,0.0,0.0,16.561835035825106,19.89658249722731,382.1908460642452,0.0,0.0,23.446977790607165,27.581518452414018,812.8083316133848,0.0,0.0,88.4405304459619,105.20837773208997,2523.5499969309314,0.0,0.0,28.083417217233337,33.43252976664326,787.0150995137791,0.0,0.0,48.344293406586078,56.88795094328202,1664.341791482776,42.02089197624992,28.820913563957434,755.1482799260402,892.8658173856962,25379.406313441505,0.0,0.0,45.77562822278748,55.713291368747118,720.6698999791138,1937.1875313077938,20.728802743519088,25.659815576910686,22.0,30.0,0.0,19.300828477883188,28.038244396804786,16.0,30.0,4363.586405762487,21.206462135082775,24.91569249564939,22.0,30.0,0.0,19.841688012119776,27.10669236966212,16.0,30.0,0.0,13.745737407560357,40.01712716939512,12.0,30.0,1386.3488436101223,19.84162035255329,27.211478626620218,20.0,30.0,0.0,16.58328594171184,33.284999879531579,10.0,30.0,785.9027437883462,16.28511838426671,34.006811481763929,16.5,30.0,1389.7097714340007,19.689224122783878,27.434884992132085,19.75,30.0,0.0,18.360935788663693,0.0,0.0,0.0,9.990977501673452,0.0,0.0,464.95260678000997,467.74117132982726,463.81460032010929,463.2651420229727,535.6314372576669,668.5357719169937,478.03053505444998,577.784486316053,605.7476949669225,11311.115451051854,80.5254974875618,87.87517802520589,60.0,0.0,60.0,60.0,16.0,16.0,19.0,19.0,16.0,12.0,21.0,10.0,1.0,0.0,1937.1875313077938,0.0,4363.586405762487,0.0,1386.3488436101223,0.0,785.9027437883462,1389.7097714340007,11122.223178238364,6673333.906943019,8732143.145529833,80.5254974875618,88.0,0.3707407726079454,0.7642378594987552,0.36028137401965956,88.0,0.3542647819438875,8732143.145529833,0.4563947769008847 
 02/16  07:10:00,2.316666666666667,86.16666666666667,4.755,0.0,0.0,0.0,0.0,0.0,2.0,2.0,0.0,0.0,0.0,0.0,0.0,376.0,0.0,0.0,0.0,0.0,0.0,0.0,0.0,0.0,0.0,0.0,0.0,19.484970941305329,-1154.2949543951455,18.273855772955196,986.9467639717423,20.050389555776868,-3321.1562284074227,18.58792954951379,946.1091297643347,13.724273724088368,39.291079185330449,18.17993849200845,-103.76653816677603,16.232434085069227,588.9158594909502,15.89279599757671,-266.5040144115476,18.03234108134549,-111.2444424080982,1763.8539902656858,661.8187163158923,0.0,0.0,0.0,0.0,0.0,0.0,0.0,0.0,0.0,0.0,0.0,0.0,0.0,0.0,0.0,0.0,0.0,0.0,0.0,0.0,0.0,0.0,1.8604992126590306,0.5679179525821216,462.73886906009906,542.2323097878741,17143.193932784805,0.46376988407862876,0.07078294934045006,391.6681570999887,461.1376988705753,13454.231438882249,1.589556333175229,0.3003696774707539,567.7233047876985,664.0211650617735,21567.004498247938,0.4070977245279509,0.07692700765834292,361.9291250869595,425.3593008625614,12781.08673364646,0.0,0.0,16.100170874348405,19.34368355186523,373.26157343136239,0.0,0.0,20.204597221999728,23.807088864699453,683.3635489257215,0.0,0.0,84.58638980242103,100.34170322359398,2557.4351932017095,0.0,0.0,19.094961493890215,22.648550790029405,579.1505179035958,0.0,0.0,33.81240815260889,39.847187534126828,1141.666932073062,42.27456622916819,28.994901391747744,743.089926572019,877.8179885168963,25492.011247430426,0.0,0.0,34.61618476971325,42.194778278299107,523.5066334377732,1901.475820876577,21.030463692869178,25.180826934858048,22.0,30.0,0.0,19.633973816222246,27.472325129705518,16.0,30.0,4278.694043047138,21.563217713481909,24.36963759359387,22.0,30.0,0.0,20.15025788628501,26.594189284258549,16.0,30.0,0.0,13.76461387844498,39.96221749566377,12.0,30.0,0.0,19.354420666917706,29.477015006299494,19.0,30.0,0.0,17.44480620169398,31.490120682056014,10.0,30.0,1356.3926127891314,17.509310604164413,31.527414655344456,20.7,30.0,16.685379715946114,19.323108882202875,29.31504852770667,19.0,30.0,0.0,18.654232425800666,0.0,0.0,0.0,9.643014890773483,0.0,0.0,464.9056164555533,468.4589903549245,464.5152603659946,465.5585703418739,523.9021087646679,690.4182941892988,467.6965102067386,596.7841444021815,637.9814535037531,11341.625667516895,80.5052928419588,87.87484061361762,60.0,0.0,60.0,60.0,16.0,16.0,19.0,19.0,19.7,12.0,21.0,10.0,1.0,0.0,1901.475820876577,0.0,4278.694043047138,0.0,0.0,0.0,1356.3926127891314,16.685379715946114,11152.223883138691,6691334.329883214,8754742.355036019,80.5052928419588,88.0,0.371740796104623,0.7643204211611223,0.36028137401965956,88.0,0.3542647819438875,8754742.355036019,0.4576066024618729 
 02/16  07:20:00,2.283333333333333,86.33333333333334,4.720000000000001,0.0,0.0,0.0,0.0,0.0,2.0,2.0,0.0,0.0,0.0,0.0,0.0,470.0,0.0,0.0,0.0,0.0,0.0,0.0,0.0,0.0,0.0,0.0,0.0,19.704134443539397,-1202.6306159676679,18.462037935490863,1009.480159055537,20.275458948395945,-3393.512231615069,18.80754970092155,950.9238335684875,13.724514952052364,40.23729890450415,18.367837399568175,-104.67289862975679,16.51073393430918,443.9689559509214,16.676609102971669,-109.74000225713965,18.378794020717657,-110.57750883036997,1799.135509032623,618.3083340242026,0.0,0.0,0.0,0.0,0.0,0.0,0.0,0.0,0.0,0.0,0.0,0.0,0.0,0.0,0.0,0.0,0.0,0.0,0.0,0.0,0.0,0.0,1.8755821174369352,0.5725220138696382,467.3430271503835,547.3019480177887,17578.568475598826,0.47011762865958675,0.07175177482594425,398.627495230764,469.0932205678208,13899.578677740008,1.6041633960764613,0.3031298934384849,573.6325030917654,670.6281746899554,22085.551182607778,0.4119146527059777,0.07783723596106908,365.6119141774361,429.4516847961167,13116.980336554812,0.0,0.0,16.384384176330266,19.689950193095286,381.3398439399863,0.0,0.0,20.41619516668206,24.035019425665565,702.909517415922,0.0,0.0,88.06523873073199,104.36095739007566,2729.3955204838018,0.0,0.0,15.959465928604507,18.853749690328049,522.6684703174349,0.0,0.0,33.15384397198869,39.01293021767402,1151.6695171196359,42.43103376011295,29.102217942464315,753.8431865393551,890.1878560193641,26210.30746197339,0.0,0.0,29.295320729563774,35.75353857267302,427.16227795411279,1901.7902725796153,21.29872211005557,24.77655804473019,22.0,30.0,0.0,19.87488426164136,27.08348781896356,16.0,30.0,4287.6124301547,21.80462664216044,24.02080413971929,22.0,30.0,0.0,20.418671344029304,26.16113942976139,16.0,30.0,0.0,13.775301281012931,40.030541772041519,12.000000000000002,30.0,1221.9514262575752,19.63528924191091,30.226005388253659,19.8,30.0,0.0,17.809180867417063,30.832149138452136,10.0,30.0,1332.100394537004,18.752342283741446,29.217101614035565,20.7,30.0,1116.5138277596223,19.800690918192225,29.393706675837099,19.6,30.0,0.0,18.861707003682409,0.0,0.0,0.0,9.346449145036246,0.0,0.0,465.49225122723166,469.145341791195,464.9721268409459,465.75669854120079,518.963498818703,717.2863471833116,474.3904823863319,570.405439996266,667.4547857508375,10874.328476845101,80.81443365418892,87.88000317348136,60.0,0.0,60.0,60.0,16.0,16.0,19.0,19.0,19.7,12.0,21.0,10.0,1.0,0.0,1901.7902725796153,0.0,4287.6124301547,0.0,1221.9514262575752,0.0,1332.100394537004,1116.5138277596223,10692.730416936629,6415638.2501619779,8403028.684200474,80.81443365418892,88.0,0.35642434723122098,0.763511365727651,0.36028137401965956,88.0,0.35426478194388757,8403028.684200474,0.4393041582450913 
 02/16  07:30:00,2.25,86.5,4.6850000000000009,7.0,0.0,0.0,0.0,0.0,2.0,2.0,0.0,0.0,0.0,0.0,0.0,940.0,0.0,10.04183957721657,2.4574178949226366,6.297045662703516,0.3011066699239715,8.014361331043324,0.0,2.457417894922635,3.3594765708924045,0.0,0.0,19.82348274396066,-1281.614861595169,18.629313613301734,958.4293294985823,20.102634150399078,-2767.2212873061687,18.97306102518055,807.839164815303,13.722833013853885,38.38381368754209,18.27640838160215,-91.92073840567771,16.533393476596623,368.97917392541208,17.33743712431881,-85.97820824618964,18.231555723880896,-55.205741141405407,1814.1073457954897,661.9783550573296,0.0,0.0,0.0,0.0,0.0,0.0,0.0,0.0,0.0,0.0,0.0,0.0,0.0,0.0,0.0,0.0,0.0,0.0,0.0,0.0,0.0,0.0,1.8829945076397324,0.5747846482416765,457.81186368072346,536.2067827286334,17337.674913932042,0.46270897846309586,0.07062102845895847,385.3130258873425,453.3500041081421,13602.75837172968,1.6463036189364098,0.31109289851406088,511.5603906771252,598.5383430623426,19716.325498583454,0.40630560069289,0.07677732439397014,338.19090312554388,397.2539538954054,12264.590575095131,0.0,0.0,16.239045843134645,19.524158465684495,379.23197459668168,0.0,0.0,19.46746734913704,22.943166130847904,664.9934439677927,0.0,0.0,94.89671457696835,112.53892965435594,2934.750844538387,0.0,0.0,25.78109863019089,30.34996804941649,896.7074622969434,0.0,0.0,22.99222419062255,27.1255637182402,775.8911162045014,42.50668167241794,29.154102655979398,713.1815449155607,842.2082354100467,25137.159634005315,0.0,0.0,31.38485056492618,38.322165115124338,458.53507975775156,1844.753553283743,21.396712631128435,24.663384682780398,21.999999999999998,30.0,0.0,20.071704161676967,26.801946255192957,15.999999999999999,30.0,3005.7633609971965,21.70750204648343,24.199460339304687,21.700000000000004,30.0,0.0,20.585794586345647,25.938217109170258,15.999999999999999,30.0,0.0,13.779978067749154,40.264299171226877,12.0,30.0,0.0,19.451089058743287,31.391234226641467,19.0,30.0,0.0,17.7369148928077,31.129632271041737,10.0,30.0,1273.2403847199437,19.749069727498758,27.481982028271888,20.7,30.0,311.7472367885962,19.218598731520435,31.251369978880477,19.1,30.0,0.0,19.002616184717298,0.0,0.0,0.0,9.329353906140396,0.0,0.0,467.6089164953234,471.4438311439059,466.1357711495619,468.1419027456005,524.5038330612206,737.5168521446875,489.13723417255758,524.2089399878447,696.3898827058501,10411.218920504516,81.12073974664034,84.63943980470974,60.0,0.0,60.0,60.0,16.0,16.0,19.0,19.0,19.7,12.0,21.0,10.0,1.0,0.0,1844.753553283743,0.0,3005.7633609971965,0.0,0.0,0.0,1273.2403847199437,311.7472367885962,5325.073212143811,3195043.9272862866,4156616.0943815999,81.12073974664034,84.69919901297829,0.3475024404047937,0.7674834640694334,0.3602813740196596,84.69919901297829,0.3542647819438876,4156616.0943815999,0.21847737024117654 
 02/16  07:40:00,2.216666666666667,86.66666666666667,4.65,12.5,76.49999999999999,0.0,0.0,1.0,2.0,0.0,0.0,0.0,0.0,0.0,4.0,940.0,0.0,22.052634452109517,11.118381128400797,28.490333349603444,0.6612523123540242,17.600133677822144,0.0,11.118381128400776,15.199669939853895,0.0,0.0,19.51809824449375,-1551.3853076833978,18.5881183071673,474.452795255322,20.257069572885539,-1889.3381402131814,19.011518257833715,694.0947342795937,13.713225499511271,29.790163873501549,18.430542804600138,-165.9133645484645,15.551656793633,-719.5710666806798,17.725464946286409,-368.65741384619437,17.407456156164707,-1087.5092060292348,1717.582194778705,3041.591367456015,0.0,0.0,0.0,0.0,0.0,0.0,0.0,0.0,0.0,0.0,0.0,0.0,0.0,0.0,0.0,0.0,0.0,0.0,0.0,0.0,0.0,0.0,2.0654351886841075,0.6304747218205458,355.4038591083861,417.19302700833847,13085.846636652697,0.44439118313654149,0.06782527215148679,289.7489220223011,341.1564505942622,10146.200294210752,1.4319126212198373,0.2705806162546935,344.10148025453057,402.94897461446717,13151.562921502995,0.37051375211780676,0.07001393653019779,324.29557471455328,381.0426032967295,11762.537535342179,0.0,0.0,15.314482928912579,18.41503386923613,358.38593859798257,0.0,0.0,19.145956709172056,22.55036362715578,661.9090081429829,0.0,0.0,317.8884947768885,379.64848142910247,8632.556176058311,0.0,0.0,52.14254010508109,61.30549656580185,1859.7481701352747,0.0,0.0,227.00951296141828,269.00163209991475,7144.189869013485,42.184601430784038,28.93319714045546,603.1057949270073,712.9195742163719,21210.909314007662,0.0,0.0,249.53685763931305,301.38612918859845,5226.723660534424,1880.7385613229474,20.759417487070139,26.115631064893934,21.999999999999998,30.0,0.0,19.87308335178541,27.50862110310776,15.999999999999999,30.0,2496.962395470204,21.51282486467447,25.382224264342708,21.6,30.0,0.0,20.54097691942516,26.840637901145038,19.0,30.0,0.0,13.768542887626582,40.89911773898676,12.0,30.0,1098.3541870280963,19.648231624481089,31.79226417438192,19.7,30.0,0.0,15.693317521435376,36.926114529687378,10.0,30.0,1281.3133900364056,20.231185540075854,27.984908106917634,20.7,30.0,0.0,17.960164006538716,32.160950068565757,12.0,30.0,0.0,18.745757848178365,0.0,0.0,0.0,12.497389429361393,0.0,0.0,496.5608914012872,493.0637556032258,518.9910792303923,513.9741664333486,546.4471205056318,778.1126158927841,574.0651503221981,588.6336488983709,589.6765888683733,10562.836076000995,81.02045545925749,85.27951625545392,220.0,0.0,220.0,220.0,16.0,19.0,19.0,12.0,19.7,12.0,21.0,10.0,1.0,0.0,1880.7385613229474,0.0,2496.962395470204,0.0,1098.3541870280963,0.0,1281.3133900364056,0.0,6445.448114274333,3867268.8685645998,5040801.859483655,81.02045545925749,85.35184924688483,0.35084827047581115,0.7663203976431874,0.3602813740196596,85.35184924688483,0.3542647819438876,5040801.859483655,0.2706283633598167 
 02/16  07:50:00,2.1833333333333337,86.83333333333333,4.615,17.999999999999998,152.99999999999998,0.0,0.0,1.0,2.0,0.0,0.0,0.0,0.0,0.0,4.0,470.0,0.0,36.12939369945863,15.225861073592336,39.015602708440777,1.083348682477274,28.834771454191519,0.0,15.2258610735923,20.81490643251227,0.0,0.0,19.42307232112092,-1455.4113524252674,18.45358723069027,547.9993214903033,20.339805857843666,-1941.3443511734309,19.005481769401685,692.914509447222,13.695563022657055,23.839135227808279,18.169074897560429,-157.97883776060304,15.03336857756484,0.5630630516005111,17.858960387303687,-481.19631992794589,16.50219017200267,-523.5255799564808,1687.8310941806247,2235.8100828154745,0.0,0.0,0.0,0.0,0.0,0.0,0.0,0.0,0.0,0.0,0.0,0.0,0.0,0.0,0.0,0.0,0.0,0.0,0.0,0.0,0.0,0.0,2.094626159139963,0.6393852744627483,365.48057628122407,429.2750774784558,13315.00361590137,0.4526628935698962,0.06908774321884864,298.7304980143221,351.979656386811,10325.869682772682,1.360278419088748,0.25704429687996008,340.7392904272824,398.8044336300979,13092.624435362666,0.3543488538986837,0.06695934502998557,320.21778696834397,376.2579931956935,11589.207107735454,0.0,0.0,14.81120797375014,17.807379704324175,346.95637807344817,0.0,0.0,18.616240792984326,21.94841103784003,631.2455428863807,0.0,0.0,281.8960224571333,337.4602979414029,7289.730962139212,0.0,0.0,60.09284467604127,70.62041524899944,2153.3586342141309,0.0,0.0,184.25987752647405,219.39062218957415,5324.586757221876,42.03892653584238,28.833282946393966,607.4149107273438,718.0113519526029,21304.29955467187,0.0,0.0,210.78114479603199,254.40265785570689,4498.6958526842049,1887.600329650545,20.512821288761765,26.774831940848505,22.0,30.0,0.0,19.592648613260186,28.316302363913253,16.0,30.0,2509.8669959413489,21.59607466119298,25.59571390377553,21.6,30.0,0.0,20.45325814126094,27.300779660952423,19.0,30.0,0.0,13.743446244137733,41.48495950743098,12.000000000000002,30.0,43.636585917027037,19.245425463099165,33.3177544073133,19.0,30.0,0.0,15.006943252441272,38.570358629532609,10.0,30.0,1267.340041010804,20.283080662930567,28.377120666908888,20.7,30.0,0.0,16.561588040182938,34.911168154907517,12.000000000000002,30.0,0.0,18.668827923091408,0.0,0.0,0.0,12.629728874730507,0.0,0.0,510.457874557844,510.2542745319808,537.641176751617,530.6309420893347,562.0623099070971,815.4263605304964,566.1817257914205,610.4175241911713,569.1177977397105,10163.031080799323,81.28480399264163,84.28476133230814,220.0,0.0,220.0,220.0,16.0,19.0,19.0,12.0,19.7,12.0,21.0,10.0,1.0,0.0,1887.600329650545,0.0,2509.8669959413489,0.0,43.636585917027037,0.0,1267.340041010804,0.0,4539.719539711037,2723831.7238266218,3556162.50374546,81.28480399264163,84.33571056711057,0.3553239846570346,0.7675228267902273,0.36028137401965956,84.33571056711057,0.35426478194388757,3556162.50374546,0.19317045019476396 
 02/16  08:00:00,2.15,87.0,4.58,23.5,229.5,0.0,0.0,1.0,2.0,0.0,0.0,0.0,0.0,0.0,4.0,564.0,0.0,48.72050740198731,16.302776373219566,41.77524637834448,1.4609025215265468,38.88377303136795,0.0,16.30277637321953,22.2871312931712,0.0,0.0,19.397186975350054,-1456.7408313576587,18.39655326301557,566.1819529968711,20.457024965496946,-2204.8497416218685,19.03095431623243,764.6275698128864,13.675159418364722,19.9695771338475,18.52790842506766,-174.03268410121744,15.061956890629669,27.041498911258225,17.910418546925535,-513.7211022700858,16.09812346355986,-258.3516044368263,1673.0512459014624,1836.271489894424,0.0,0.0,0.0,0.0,0.0,0.0,0.0,0.0,0.0,0.0,0.0,0.0,0.0,0.0,0.0,0.0,0.0,0.0,0.0,0.0,0.0,0.0,2.13644141884531,0.6521493952519254,372.2316023433301,437.44699476377277,13519.566122621402,0.46290450194347107,0.07065087025999245,305.5014114397786,360.20592266827296,10502.766406592382,1.2757183974444593,0.24106545681112208,364.0361281859381,425.98577163543868,14060.567745437347,0.35001297507307968,0.06614001796543444,342.40736279530258,402.39275662699807,12398.921681004565,0.0,0.0,14.278905167392935,17.172696883700327,334.68540256793707,0.0,0.0,18.521554254696878,21.802355666164645,647.2716108427951,0.0,0.0,232.01663871261287,277.72480362790818,6057.782156124223,0.0,0.0,63.2541135167949,74.37955096303677,2262.0978178364428,0.0,0.0,134.00475233726704,159.89958219602065,3739.584767535196,41.95002569384234,28.7723084319906,635.9119875656356,751.8803084658002,22246.001764924047,0.0,0.0,159.86118652602534,193.3697949884128,3247.1376866275425,1889.582401227092,20.414179387962976,27.227608889641379,21.999999999999969,29.999999999999959,0.0,19.454096003714534,28.857872413569653,15.999999999999977,29.999999999999959,2670.6210059794659,21.670124924391943,25.738348001138339,21.666666666666637,29.999999999999959,0.0,20.43794011352354,27.663753401213098,18.99999999999997,29.999999999999959,0.0,13.714394316799524,41.853354297309568,11.999999999999983,29.999999999999959,1190.707942622634,19.76427937796883,32.634166669298178,19.833333333333305,29.999999999999959,0.0,15.098339030347369,38.54606581851932,9.999999999999986,29.999999999999959,1267.1642475422887,20.205191732148543,28.594585711111816,20.69999999999997,29.999999999999959,0.0,16.024480803320338,36.23437128376963,11.999999999999983,29.999999999999959,0.0,18.64357667696664,0.0,0.0,0.0,12.078124067863844,0.0,0.0,524.951139303942,524.3192274405707,551.2744143117493,547.4935498019235,567.0097674083788,835.7424431628422,566.3029147718138,607.3139846346214,565.8460741336144,10792.81047645602,80.86830904014872,85.77754413558275,219.99999999999972,0.0,219.99999999999972,219.99999999999972,16.0,19.0,19.0,12.0,19.7,12.0,21.0,10.0,1.0,0.0,1889.582401227092,0.0,2670.6210059794659,0.0,1190.707942622634,0.0,1267.1642475422887,0.0,7429.090101725794,4457454.061035482,5806918.134894667,80.86830904014872,85.86091924504527,0.3609696700575263,0.765921298110567,0.360281374019659,85.86091924504527,0.354264781943887,5806918.134894667,0.30995307634785609 
 02/16  08:10:00,2.3449999999999999,86.33333333333333,4.568333333333333,29.000000000000005,306.00000000000008,0.0,4.0,0.0,0.0,0.0,0.0,0.0,0.0,0.0,0.0,752.0,0.0,62.0989065036541,16.16901333166325,41.4326198281088,1.862066347535641,49.5611380828222,0.0,16.16901333166322,22.104267074151644,0.0,0.0,19.77874007681421,-1003.3236089455627,18.4914181896183,956.2133316533345,20.416054922784658,-2163.027089019919,18.930617039748478,-34.32248149912023,13.665681402659223,36.690001170580519,17.975588372726933,-560.1480692686942,15.759735735585175,774.8245041077461,17.17449257039201,-224.07166817482756,15.74432621778178,-795.7363580921574,1410.4345108289033,1691.261805232612,0.0,0.0,0.0,0.0,0.0,0.0,0.0,0.0,0.0,0.0,0.0,0.0,0.0,0.0,0.0,0.0,0.0,0.0,0.0,0.0,0.0,0.0,1.9312092498159573,0.589502213008534,471.0236964894881,552.4396472781343,17441.86128134138,0.4786897316510989,0.07306009335334234,394.0887335105047,464.44724230403087,13511.81347691757,1.4335969916847682,0.27089890243476358,299.81252504938569,350.9464682414542,11443.646898465695,0.4159583139569264,0.07860134428513346,31.283848094666234,36.793260373647559,1110.7681162419786,0.0,0.0,14.458521639328609,17.394255868994248,333.00632241215046,0.0,0.0,102.93306620895483,121.67555385771154,3372.603412449867,0.0,0.0,293.1893057812747,349.1750675360902,8339.861939685918,0.0,0.0,45.38873907952876,53.63968679909806,1497.7810685368239,0.0,0.0,144.30110509073476,172.4642339575621,3785.305920967953,41.87760066472144,28.72263420076917,415.8166049216354,492.93538230837739,14190.935313169342,0.0,0.0,153.1212463192879,185.1959316106986,3011.842542640312,1858.8693593237925,21.023970311389829,26.462157381820427,22.0,30.0,0.0,19.608578617747687,28.873058875489524,16.0,30.0,2481.0595466334427,21.618339292789238,25.4566975502267,21.625,30.0,0.0,20.068698697471793,30.890845645242835,19.0,30.0,0.0,13.707518537102582,42.37608079893239,12.0,30.0,0.0,18.73269575798099,32.04741031865715,16.0,30.0,0.0,16.509959971778689,36.1191002930636,10.0,30.0,0.0,18.810388047034729,31.117716370268956,16.0,30.0,0.0,15.491984777610238,38.11777432267523,12.0,30.0,0.0,17.889144631315764,0.0,0.0,0.0,11.803024703036352,0.0,0.0,536.8717249606604,537.7163492476464,531.5706366890252,699.6003840589524,581.2358336180992,654.5880686634862,606.5509494316289,599.8585414171292,590.7001848192824,9837.608858751963,81.50010077455809,82.38173322335106,132.0,0.0,132.0,132.0,16.0,19.0,16.0,12.0,16.0,12.0,21.0,10.0,1.0,0.0,1858.8693593237925,0.0,2481.0595466334427,0.0,0.0,0.0,0.0,0.0,1334.2277993350218,800536.679601013,1036977.9393751024,81.50010077455809,82.39670626915043,0.34197425997783406,0.770415970847636,0.36028137401965956,82.39670626915043,0.3542647819438875,1036977.9393751024,0.058564852847505319 
 02/16  08:20:00,2.54,85.66666666666667,4.556666666666667,34.5,382.5,0.0,4.0,0.0,0.0,0.0,0.0,0.0,0.0,0.0,0.0,376.0,0.0,83.44611467403488,18.653556212995654,47.79927894025075,2.5021742330797549,66.59835954026036,0.0,18.653556212995644,25.50082555794043,0.0,0.0,19.87549720311001,-1364.8160900736567,18.68761680072012,809.9999855401084,20.400597465162485,-1656.5299485690198,18.681523795029034,-42.82101246368558,13.678778948213335,46.42832550339611,17.339510585495444,-186.3388631513127,16.05932875990556,170.17249377873123,16.262277711908639,-62.21367013699023,15.057740743184788,-770.0962760387796,1463.0575430324116,2002.5110487959033,0.0,0.0,0.0,0.0,0.0,0.0,0.0,0.0,0.0,0.0,0.0,0.0,0.0,0.0,0.0,0.0,0.0,0.0,0.0,0.0,0.0,0.0,1.9256858307856924,0.5878161876635203,490.3135160233999,574.8114210358729,18007.911767596433,0.46230119372418479,0.07055879025094396,364.6506630906931,429.23377320942827,12553.272139376848,1.4638817653462349,0.27662164878046777,260.39684011130739,304.82893201561469,9757.947041673624,0.45041386992092005,0.08511222031763416,37.605187153634357,44.27161832363141,1285.8027680742253,0.0,0.0,13.088315039375502,15.737383878626547,297.10165643106287,0.0,0.0,75.25962830757642,89.24502513326886,2290.54273215384,0.0,0.0,343.04625449708279,408.0414093718629,9811.308556494027,0.0,0.0,30.75091265193278,36.52903847482151,908.520652991281,0.0,0.0,227.51192800521103,272.85335721623997,5454.699847719447,41.75457515228845,28.63825456261211,428.33988923847638,507.26252374279917,14576.002546867036,0.0,0.0,232.9863527280066,281.05214507482529,4835.70879299254,1890.2745881707245,21.100762120336257,26.431961646275345,22.0,30.0,0.0,19.877419451265959,28.4505076583097,16.0,30.0,2107.0010515162568,21.47693696505982,25.859516136505456,21.5,30.0,0.0,19.586990397084088,33.52799412101247,19.0,30.0,0.0,13.737599194453538,42.6239001849445,12.0,30.0,0.0,17.755500275954185,33.205321425641319,16.0,30.0,0.0,16.81950118683269,35.028327039080469,10.0,30.0,0.0,17.252724384367558,34.20876800737597,16.0,30.0,0.0,14.419433781244982,41.01131212029105,12.0,30.0,0.0,18.099477394885438,0.0,0.0,0.0,12.67881083523469,0.0,0.0,541.4289121950388,540.2012772163221,541.8474630966896,811.2767646337046,589.2202628894314,597.3542281961152,583.1658138597414,593.3936692372979,594.3925000155789,10332.190376732064,81.17282791967598,84.96986932341618,132.0,0.0,132.0,132.0,16.0,19.0,16.0,12.0,16.0,12.0,21.0,10.0,1.0,0.0,1890.2745881707245,0.0,2107.0010515162568,0.0,0.0,0.0,0.0,0.0,5745.784600574481,3447470.760344689,4479330.628648482,81.17282791967598,85.03435569176406,0.3615261533524827,0.7686405181396347,0.36028137401965956,85.03435569176406,0.3542647819438875,4479330.628648482,0.23754519268972106 
 02/16  08:30:00,2.735,85.0,4.545,40.0,459.0,0.0,4.0,0.0,0.0,0.0,0.0,0.0,0.0,0.0,0.0,376.0,0.0,113.15682390827003,22.283962780405518,57.10217229989188,3.3930606623299845,90.31043510124765,0.0,22.283962780405508,30.463866573970518,0.0,0.0,19.878309142917318,-1226.3679696750438,18.731272714466649,608.2058495423912,20.187728485895926,-1707.1000472407175,18.519625615355744,-39.25736979213764,13.68828667920637,40.9662162895566,16.983242490468137,-149.64083972601623,15.80215208735939,90.68073238215448,15.717355566997819,-35.70005497914627,14.73754736322427,-567.1558155168998,1413.5486043865413,1852.642395689833,0.0,0.0,0.0,0.0,0.0,0.0,0.0,0.0,0.0,0.0,0.0,0.0,0.0,0.0,0.0,0.0,0.0,0.0,0.0,0.0,0.0,0.0,1.8979837392505293,0.5793601157663397,473.6516809689116,555.4711391247008,17089.871824946567,0.4306964643546465,0.06573511360724153,289.7238439809229,340.9341190790627,9868.39020825202,1.3793174339994657,0.2606419943309649,292.66020721270908,342.56105958365586,10866.745779257193,0.4740985905765155,0.08958779111423195,44.68609331289862,52.67400540604412,1483.1727621760254,0.0,0.0,12.377886363421672,14.882113935827363,276.55760520734807,0.0,0.0,65.51911693867007,77.833817576393,1898.3855590610133,0.0,0.0,351.2509133129636,418.61861298426376,9571.181470728134,0.0,0.0,20.16352514635135,24.02376537785717,551.1817128264427,0.0,0.0,241.19679357754559,289.7343222949536,5519.062064839836,41.417867200630457,28.40731632416356,414.42322580597286,490.61487001097637,13992.079196023133,0.0,0.0,245.19072460971928,295.9652210284162,4951.515985399839,1823.792633876183,21.070274593090465,26.85648143122293,22.0,30.0,0.0,19.85846607510709,28.798710590711317,16.0,30.0,2319.8285243461675,21.499319899761507,26.12807881490874,21.5,30.0,0.0,19.277663125841955,34.03099406914572,19.0,30.0,0.0,13.75537905965506,42.605793957197949,12.0,30.0,0.0,17.211834765706838,34.176242600548459,16.0,30.0,0.0,16.297791190466648,36.16235465686965,10.0,30.0,0.0,16.358717045328097,36.11404980474649,16.0,30.0,0.0,14.031737924441094,41.842759611758228,12.0,30.0,0.0,18.054930885039775,0.0,0.0,0.0,12.638358736077949,0.0,0.0,562.7906304596639,557.4915994028328,560.6788181966525,813.3237695699563,584.8396014726842,581.0018108582634,574.3620448823895,585.042626808731,577.9103712883092,8589.165030501972,82.32556691664445,84.02887597917689,132.0,0.0,132.0,132.0,16.0,19.0,16.0,12.0,16.0,12.0,21.0,10.0,1.0,0.0,1823.792633876183,0.0,2319.8285243461675,0.0,0.0,0.0,0.0,0.0,2577.8105855134265,1546686.3513080558,2017238.2184587026,82.32556691664445,84.05780382165672,0.34092701951711426,0.7673024898509123,0.36028137401965956,84.05780382165672,0.3542647819438875,2017238.2184587026,0.10949438735985254 
 02/16  08:40:00,2.9299999999999999,84.33333333333333,4.533333333333333,43.666666666666667,483.16666666666665,0.0,0.0,1.0,2.0,0.0,0.0,0.0,0.0,0.0,0.0,846.0,0.0,150.00032458315807,24.7268192133319,63.3619808474387,4.497812126475567,119.71502571375261,0.0,24.72681921333189,33.803436522340387,0.0,0.0,19.935249954320385,-1396.7558197717549,18.80403885506343,722.7608010867256,20.432290919854294,-3264.5193888817118,18.754671163070815,1124.9158866925096,13.693917750210613,42.70944502946396,17.875629026137874,-140.775453251498,15.718147339790914,68.3683375456756,16.441909731025964,-147.50841621911213,14.548407249235556,-484.64929022569779,1606.6410986419117,1853.389612928894,0.0,0.0,0.0,0.0,0.0,0.0,0.0,0.0,0.0,0.0,0.0,0.0,0.0,0.0,0.0,0.0,0.0,0.0,0.0,0.0,0.0,0.0,1.7758830870061893,0.5420888543974949,448.8006431479166,526.3878294423953,16157.63066486674,0.4275249857343094,0.06525106619876532,354.32759426909908,417.24528499387716,11946.443141186508,1.56566728456452,0.29585549594945656,579.3273896588842,678.5064584665566,21269.931778390346,0.43153850483618647,0.08154544687002782,424.28517729012767,499.8156340503535,14232.172532839517,0.0,0.0,13.619297657298628,16.383434802937225,299.1990092436449,0.0,0.0,21.10558037300713,24.979339126208126,652.6207180356055,0.0,0.0,311.5300001912439,371.6756270114499,8275.769694168803,0.0,0.0,32.6951758141346,38.78431663477943,962.7682204068765,0.0,0.0,249.04998978277963,299.5247085175257,5503.186098062355,41.359615275452949,28.36736301471403,770.4685842789902,910.9007027374544,25558.248925415734,0.0,0.0,254.27726186156586,306.9571594100016,5091.533080739664,1900.3090799860725,21.099937075894809,27.318172815554435,22.000000000000047,30.000000000000065,0.0,19.925631543028744,29.275906409341056,16.000000000000033,30.000000000000065,4307.2639190309669,21.504570777019557,26.6192606641277,22.000000000000047,30.000000000000065,0.0,19.844114306775958,29.511269207727098,16.000000000000033,30.000000000000065,0.0,13.765728277420508,42.64749540546279,12.000000000000029,30.000000000000065,1848.8180776641225,18.4228875046504,32.64440424071649,20.000000000000044,30.000000000000065,0.0,16.146017623700993,36.81862652407227,10.000000000000022,30.000000000000065,1388.2489007039279,17.498858062941303,34.1832263173152,20.700000000000047,30.000000000000065,0.0,13.83209216921364,42.583954778358179,12.000000000000029,30.000000000000065,0.0,18.766237114646697,0.0,0.0,0.0,12.755169481552171,0.0,0.0,597.4398786635176,593.0040262629948,594.3293357046941,596.9414442053192,582.4408258377217,655.1052037096331,585.1377708944783,628.1483167238687,582.4560840258434,11349.698706684392,80.49982169876484,87.12755800737256,60.00000000000013,0.0,60.00000000000013,60.00000000000013,16.0,16.0,19.0,12.0,19.7,12.0,21.0,10.0,1.0,0.0,1900.3090799860725,0.0,4307.2639190309669,0.0,1848.8180776641225,0.0,1388.2489007039279,0.0,10029.338406041865,6017603.043625104,7859750.170092233,80.49982169876484,87.24011897246729,0.37208905797917338,0.7658404673021094,0.36028137401966039,87.24011897246729,0.3542647819438883,7859750.170092233,0.41078700884479615 
 02/16  08:50:00,3.125,83.66666666666667,4.5216666666666669,47.33333333333333,507.33333333333339,0.0,0.0,1.0,2.0,0.0,0.0,0.0,0.0,0.0,0.0,376.0,0.0,200.0848941035573,27.1882024731569,69.66926842462972,5.99959081217211,159.6871746045466,0.0,27.18820247315689,37.16833404768749,0.0,0.0,20.144927003623829,-1334.9448042348222,18.95160796179769,839.0449807733958,20.74039164483421,-3520.0864419687497,19.153319497817948,846.1960049717541,13.702712786627977,43.132140933874669,18.872785350375524,-222.53975176335227,15.638145846327629,109.8723962873355,17.415008820133889,-353.14173292685089,14.446882243459069,-358.9506203391943,1644.2774322333035,1877.0361239664617,0.0,0.0,0.0,0.0,0.0,0.0,0.0,0.0,0.0,0.0,0.0,0.0,0.0,0.0,0.0,0.0,0.0,0.0,0.0,0.0,0.0,0.0,1.7838691643834198,0.5445266069546458,463.4010025987807,542.7031388343058,16786.77983982995,0.4417763260727802,0.06742617919303729,375.5112726657927,441.7532979785385,12639.921659243542,1.5252318579884774,0.2882146368081024,593.6657119142046,694.0590794052066,22048.458996397123,0.4111095598661644,0.07768510201552613,402.818521548705,473.3826634066793,13809.521264495228,0.0,0.0,13.935063644508585,16.755788977607798,301.0653244113902,0.0,0.0,22.063900378437827,25.950809905048069,742.2393246464427,0.0,0.0,309.4168361119392,369.18327093577946,8018.8338699726359,0.0,0.0,49.80623781219695,58.74807240295419,1595.42911879352,0.0,0.0,255.12217755831635,306.7754812822514,5505.0047833677549,41.393644348495858,28.390702570984819,769.3529779975922,908.3271947396966,25676.240491691104,0.0,0.0,262.25681656680765,316.1100736956289,5312.056478411649,1939.9507075187949,21.42765287491946,26.683475419526027,22.0,30.0,0.0,20.099717120138608,29.005824530017084,16.0,30.0,4230.623263714471,21.949222388868614,25.85323253316251,22.0,30.0,0.0,20.44092742852814,28.368660544668914,16.0,30.0,0.0,13.77965121065112,42.792671057608178,12.0,30.0,1177.9042717771079,20.088772214000814,30.867222994312678,19.75,30.0,0.0,16.00950758939564,37.273487318674458,10.0,30.0,1352.139474354914,19.189959693158575,31.17953343076021,20.7,30.0,0.0,13.765798806982698,43.07256418377893,12.0,30.0,0.0,19.07002903839968,0.0,0.0,0.0,13.073695418871543,0.0,0.0,589.6158058977371,594.0714546547117,589.2435232934338,590.7978102935637,585.5859013333613,749.632388027259,590.6643037311419,645.8541851794909,594.7517169135078,11292.897893091238,80.53755209098279,87.87537933350726,60.0,0.0,60.0,60.0,16.0,16.0,19.0,12.0,19.7,12.0,21.0,10.0,1.0,0.0,1939.9507075187949,0.0,4230.623263714471,0.0,1177.9042717771079,0.0,1352.139474354914,0.0,11104.30984809181,6662585.908855086,8714348.30291027,80.53755209098279,88.0,0.37014366160306036,0.7645540078879247,0.36028137401965956,88.0,0.3542647819438875,8714348.30291027,0.4552027784180007 
 02/16  09:00:00,3.32,83.0,4.51,51.0,531.5,0.0,0.0,1.0,2.0,0.0,0.0,0.0,0.0,0.0,0.0,376.0,0.0,263.7139153497808,29.665774025374366,76.01804217803249,7.907493423600133,210.46900750410729,0.0,29.665774025374348,40.55536219604649,0.0,0.0,20.06075292699863,-1334.7546098142798,19.056598438079548,571.8216680033283,20.667271714100516,-2050.5484908502978,19.15499034009946,503.58197716047337,13.714059862960845,42.71771216616476,18.516305381689095,-183.7513512060988,15.626122852360421,103.07186773317653,17.83471473186928,-482.32305570352346,14.460295432879655,-237.67689555026005,1562.0095390069128,1868.5356411349786,0.0,0.0,0.0,0.0,0.0,0.0,0.0,0.0,0.0,0.0,0.0,0.0,0.0,0.0,0.0,0.0,0.0,0.0,0.0,0.0,0.0,0.0,1.7689821915874869,0.5399823539644344,427.64013157243979,501.3321173518982,15153.511521575447,0.4000829688756471,0.06106272418736983,305.86548080988987,359.82501056506427,10201.157537510588,1.555723399234286,0.2939764548817624,427.73594000019616,500.4346141551793,15441.7279117143,0.37792944278127069,0.07141523862079942,312.5236564752164,367.26949557493358,10534.068602288384,0.0,0.0,13.510126167983099,16.245717521186419,287.0051252282676,0.0,0.0,20.80708249611127,24.524132319981374,667.7825159488922,0.0,0.0,299.5583466307579,357.4837662905996,7631.099851344043,0.0,0.0,60.91755181274585,71.73894861569427,1992.7985922008837,0.0,0.0,251.63276744593939,302.48166102256217,5387.742421721767,41.02900533236124,28.140607223841739,610.0251321730905,720.3245922694116,20271.00644366008,0.0,0.0,259.6400064573805,312.6951236607064,5291.127614208559,1871.6890643559883,21.229400201904949,26.904849579377826,22.0,30.0,0.0,20.13940330264962,28.838926414355539,16.0,30.0,2537.021962202619,21.598066397767217,26.29958443512475,21.5,30.0,0.0,20.315677723203529,28.479963890399206,16.0,30.0,0.0,13.795931796398979,42.9723146344079,12.0,30.0,0.0,19.466906028794896,33.226813843967708,19.0,30.0,0.0,15.981961922302938,37.580949596052587,10.0,30.0,1289.8548536237723,19.799928408755528,30.206049373420407,20.7,30.0,0.0,13.882121665032028,43.19140871006406,12.0,30.0,0.0,18.98248787988869,0.0,0.0,0.0,13.33880815886826,0.0,0.0,578.227651858606,584.0669973443647,576.4463633831789,580.3155611385074,592.1796277379842,801.3525782042552,599.5978191075324,644.5049466008449,610.3894279368625,10805.188327529273,80.86010501551874,86.38036091624751,60.0,0.0,60.0,60.0,16.0,16.0,19.0,12.0,19.7,12.0,21.0,10.0,1.0,0.0,1871.6890643559883,0.0,2537.021962202619,0.0,0.0,0.0,1289.8548536237723,0.0,8353.744366191426,5012246.619714855,6534079.784360355,80.86010501551874,86.47411318743382,0.3634581455397142,0.7666217972761282,0.36028137401965956,86.47411318743382,0.3542647819438875,6534079.784360355,0.34180548212007186 
 02/16  09:10:00,3.6016666666666667,81.33333333333334,4.535,54.666666666666667,555.6666666666666,0.0,0.0,0.0,0.0,0.0,0.0,0.0,0.0,0.0,0.0,846.0,0.0,340.5166094961074,32.156740854906498,82.40114465105757,10.210402277851245,271.7646091271507,0.0,32.15674085490648,43.96070270405429,0.0,0.0,19.39552365507206,-447.6858148445862,18.982536095075518,131.38663950510938,19.75311932602431,-1067.812467359168,19.03450370472586,3.234236348458076,13.728465123703991,43.844085280402179,17.918793566538367,-490.9712499218952,15.721121436885375,174.9896133945545,17.217918967144568,-291.58558741916058,14.475056221668975,-244.61773897022438,1066.6771402014179,1729.4609919238249,0.0,0.0,0.0,0.0,0.0,0.0,0.0,0.0,0.0,0.0,0.0,0.0,0.0,0.0,0.0,0.0,0.0,0.0,0.0,0.0,0.0,0.0,1.6806377043919932,0.5130151722808282,248.65172559824334,292.7527579496139,8274.76943883116,0.3475715344311974,0.05304815849072,156.55277903841682,184.63364194391256,5095.0336624007709,1.5477394679821635,0.29246777550683369,260.1909507180888,306.1617018211333,8763.458100198157,0.32489758782132235,0.06139410200705258,152.08618179709243,179.21084688826967,5014.805976805878,0.0,0.0,13.232188760375152,15.920698196117588,274.05351044108837,0.0,0.0,99.36072546074512,117.65344935099813,2933.2235399630119,0.0,0.0,375.69468472176478,448.28658121042238,9496.309577550408,0.0,0.0,50.400514881497489,59.62723377992553,1516.7391694473948,0.0,0.0,250.0362904367273,300.6467582674707,5248.956789784372,40.13584479658438,27.528014263775299,308.9786392797526,366.3503220725283,10226.611039345144,0.0,0.0,257.27523184468518,309.9831853214457,5112.27758544752,0.0,20.0935479528733,28.84684911767911,21.999999999999994,29.999999999999994,0.0,19.85939786121256,29.296718597322493,15.999999999999997,29.999999999999994,0.0,20.257895939736075,28.43932749616758,21.999999999999994,29.999999999999994,0.0,20.03567718789096,28.942900406042346,15.999999999999997,29.999999999999994,0.0,13.815546721838226,43.258542266201647,11.999999999999997,29.999999999999994,0.0,18.370165604646638,33.501009467935798,15.999999999999997,29.999999999999994,0.0,16.171382097135174,37.7076408716098,9.999999999999999,29.999999999999994,0.0,18.63552894517146,32.27984317662803,11.999999999999997,29.999999999999994,0.0,13.959659390959276,43.36773924235423,11.999999999999997,29.999999999999994,0.0,17.592615796931477,0.0,0.0,0.0,13.367972417099527,0.0,0.0,573.333320308316,577.7502365927164,562.2075436488361,574.4721997742405,604.2363214666409,669.7735034335652,626.6712254072248,627.3143436084455,624.1434814943655,0.0,81.16067339652307,81.16067339652307,59.999999999999989,0.0,59.999999999999989,59.999999999999989,16.0,16.0,16.0,12.0,12.0,12.0,21.0,10.0,0.0,0.0,0.0,0.0,0.0,0.0,0.0,0.0,0.0,0.0,0.0,0.0,0.0,81.16067339652307,81.16067339652307,0.0,0.0,0.0,81.16067339652307,0.0,0.0,0.0020100000000000007 
 02/16  09:20:00,3.8833333333333335,79.66666666666667,4.5600000000000009,58.333333333333339,579.8333333333334,0.0,0.0,0.0,0.0,0.0,0.0,0.0,0.0,0.0,0.0,376.0,0.0,429.6112682869159,34.65799648006993,88.8106151257592,12.881879739003243,342.87029704406577,0.0,34.65799648006992,47.380108775732619,0.0,0.0,18.668173753101429,-105.65685186730663,18.626288300835105,-244.47429844213066,18.969790265309123,-335.19171901508806,18.504014113863563,-164.4456521389173,13.739572099091627,34.27150007021749,17.43501184607613,-295.45462135609076,15.583709138629814,43.89423209597454,16.361201045680898,-121.98418966643233,14.459502210069907,-288.52163432275219,934.8050925194125,1494.5308506099803,0.0,0.0,0.0,0.0,0.0,0.0,0.0,0.0,0.0,0.0,0.0,0.0,0.0,0.0,0.0,0.0,0.0,0.0,0.0,0.0,0.0,0.0,1.568079518792914,0.47865675176828889,183.12318201577078,216.407181119206,5538.3944331729639,0.293983198284341,0.044869230507378069,120.84835341969424,142.7616864471787,3672.1856748428974,1.5018190451005094,0.2837904469199754,146.8405980650269,173.57020182262967,4478.216995589282,0.29012591845060278,0.054823491770711028,98.80442685080699,116.76541258971561,3007.231089192666,0.0,0.0,11.707823953669124,14.079360620611276,236.11493360557004,0.0,0.0,85.050556708358,100.9746032730791,2322.24646096328,0.0,0.0,344.30908346591118,411.0583308354199,8333.906864742867,0.0,0.0,36.968563469011488,43.9587299660315,981.833024270245,0.0,0.0,230.8102205245308,277.41781810069019,4718.861345023225,39.08543390726505,26.807567837630367,201.69150104584106,240.02884200889285,6317.529715058249,0.0,0.0,236.4101993631804,284.96950349611816,4457.838950728885,0.0,18.934792587195159,30.946947810218988,22.000000000000005,30.000000000000008,0.0,19.067189139316228,30.602325618938413,16.000000000000005,30.000000000000008,0.0,19.010527841415205,30.61170006591853,22.000000000000005,30.000000000000008,0.0,19.052547761804108,30.709460079560306,16.000000000000005,30.000000000000008,0.0,13.826835647597325,43.507694216591648,12.000000000000002,30.000000000000008,0.0,17.51861863262946,34.573243827789358,16.000000000000005,30.000000000000008,0.0,15.903653615508706,38.17953502607746,10.000000000000002,30.000000000000008,0.0,17.090248750200489,35.48158959394408,12.000000000000002,30.000000000000008,0.0,13.968375043880478,43.39097659041491,12.000000000000002,30.000000000000008,0.0,16.671572322758605,0.0,0.0,0.0,13.134463289640698,0.0,0.0,568.121362588506,560.2839383115982,551.0427822015164,567.2826439173625,613.6339582905855,623.2884951489268,615.066132568,620.8013810039615,623.6254532594813,0.0,81.16067339652308,81.16067339652308,60.000000000000017,0.0,60.000000000000017,60.000000000000017,16.0,16.0,16.0,12.0,12.0,12.0,21.0,10.0,0.0,0.0,0.0,0.0,0.0,0.0,0.0,0.0,0.0,0.0,0.0,0.0,0.0,81.16067339652308,81.16067339652308,0.0,0.0,0.0,81.16067339652308,0.0,0.0,0.00201 
 02/16  09:30:00,4.165,78.0,4.585,62.0,604.0,0.0,0.0,0.0,0.0,0.0,0.0,0.0,0.0,0.0,0.0,376.0,0.0,529.1441415409705,37.14558333194868,95.18506312672706,15.866342002919282,422.30661291480456,0.0,37.14558333194866,50.78082859803606,0.0,0.0,18.12579480697831,-182.26316760871169,18.251879864219178,-434.68482404659167,18.472026098182796,-496.50070920330588,17.995840419022529,-321.0297677784487,13.740909274420162,22.86521465277373,17.198091440066166,-259.94525148752487,15.393509903549493,-16.89870878035208,15.895566743287198,-66.67048393753072,14.382859733973929,-362.09392966694807,844.490974511285,1223.4741690148877,0.0,0.0,0.0,0.0,0.0,0.0,0.0,0.0,0.0,0.0,0.0,0.0,0.0,0.0,0.0,0.0,0.0,0.0,0.0,0.0,0.0,0.0,1.4215177628652565,0.4339187310333506,232.42085715932945,275.5222352398477,6503.269691479585,0.25677337627626936,0.039190075744241357,119.06781383665592,141.00027224288656,3359.7703625059759,1.3743893661798597,0.2597107645842517,246.82863116308665,292.49120926550378,7009.870624115528,0.26728905090322416,0.05050813509131218,143.84964301432627,170.52791856677585,4029.8452903311037,0.0,0.0,10.442951367487345,12.55831781606151,204.50952201816194,0.0,0.0,78.10161073547576,92.85804325142157,2025.2158520278827,0.0,0.0,312.37972329241708,373.408945811607,7172.357775403556,0.0,0.0,26.278932376892106,31.32748470744005,642.232041259001,0.0,0.0,205.64322047787105,247.26839013104454,4044.8341171296808,37.95900821929642,26.03498506124584,304.6100496705215,362.9818397024373,8566.214774854143,0.0,0.0,209.33882287964114,252.63314114011875,3694.011475427191,0.0,18.08874956467993,32.334899613761439,22.0,30.0,0.0,18.311400667254249,31.70795071243839,16.0,30.0,0.0,18.261187164595776,31.894986036004853,22.0,30.0,0.0,18.15571636486106,32.27937634986852,16.0,30.0,0.0,13.81889145351184,43.54236548001736,12.0,30.0,0.0,17.102482796052855,35.25457716035054,16.0,30.0,0.0,15.555563192049643,38.761374530589097,10.0,30.0,0.0,16.326722638506046,37.11006842256969,12.0,30.0,0.0,13.862278812338048,43.42880790415323,12.0,30.0,0.0,16.440886308412027,0.0,0.0,0.0,12.81757360825944,0.0,0.0,541.2419258753874,525.9027249303692,533.028189981638,548.1439168578068,611.0891422083457,605.8523297586021,595.770112109905,611.0903016610877,607.5769954434527,0.0,81.16067339652307,81.16067339652307,60.0,0.0,60.0,60.0,16.0,16.0,16.0,12.0,12.0,12.0,21.0,10.0,0.0,0.0,0.0,0.0,0.0,0.0,0.0,0.0,0.0,0.0,0.0,0.0,0.0,81.16067339652307,81.16067339652307,0.0,0.0,0.0,81.16067339652307,0.0,0.0,0.00201 
 02/16  09:40:00,4.446666666666666,76.33333333333334,4.609999999999999,65.5,610.5,0.0,0.0,0.0,0.0,0.0,0.0,0.0,0.0,0.0,0.0,188.0,0.0,626.125533762452,39.25690191730031,100.59531035084049,18.77429440034595,499.70656507498696,0.0,39.25690191730029,53.667161173310898,0.0,0.0,17.789249733992667,-192.53519847151575,18.03589550369096,-190.99043471521976,18.112677619487827,-194.0148333241077,17.729212445180339,-199.56636508617226,13.743296897127526,21.44848239115251,17.05156053484578,-230.84344637110736,15.30330580690104,20.586148424175918,15.558586168611459,-43.36436854725355,14.30730040168049,-326.0263680856492,784.2984548733762,1150.2182127778056,0.0,0.0,0.0,0.0,0.0,0.0,0.0,0.0,0.0,0.0,0.0,0.0,0.0,0.0,0.0,0.0,0.0,0.0,0.0,0.0,0.0,0.0,1.3711658470446937,0.41854879335918618,213.72695372949574,253.4846200348728,5676.148975931929,0.2527897442132075,0.03858207329261409,87.45022942880147,103.71145102953114,2352.641013915596,1.329882064868075,0.25130046577250106,189.88238898170602,224.99498656333089,5104.982381648167,0.2552733475012543,0.04823759401006315,110.98706907681717,131.5394458905388,2952.5512575606164,0.0,0.0,10.288865029077123,12.363805722966962,195.60388586945275,0.0,0.0,76.95353971222028,91.51150690285799,1913.3043928585863,0.0,0.0,308.95975992101327,369.20002541062186,6842.549245780747,0.0,0.0,24.099240832454315,28.762371450215836,551.9767248150163,0.0,0.0,202.08826544011584,242.88169663526248,3823.461522162209,37.5595672270272,25.761020045972026,249.3631276484558,297.0357914869629,6854.546606955413,0.0,0.0,205.40667884412717,247.68020889135773,3514.2803247171898,0.0,17.64107257410965,33.17633477063424,22.0,30.0,0.0,17.89270529677427,32.50006554441822,16.0,30.0,0.0,17.801854224386,32.765928941512218,22.0,30.0,0.0,17.7700464595372,32.9557778128614,16.0,30.0,0.0,13.815796134151399,43.48010304727601,12.0,30.0,0.0,16.834956047560909,35.73384405735223,16.0,30.0,0.0,15.426015715483,38.98988956010935,10.0,30.0,0.0,15.810880827487753,38.22101241480453,12.0,30.0,0.0,13.76905625349779,43.579169007222969,12.0,30.0,0.0,16.36069844764626,0.0,0.0,0.0,12.833656396729158,0.0,0.0,533.609784004323,520.8546319774266,527.463124633279,537.9359687026208,604.6316251297817,596.400059883531,588.9304988850654,601.7318553264281,600.3868075346768,0.0,81.16067339652307,81.16067339652307,60.0,0.0,60.0,60.0,16.0,16.0,16.0,12.0,12.0,12.0,21.0,10.0,0.0,0.0,0.0,0.0,0.0,0.0,0.0,0.0,0.0,0.0,0.0,0.0,0.0,81.16067339652307,81.16067339652307,0.0,0.0,0.0,81.16067339652307,0.0,0.0,0.00201 
 02/16  09:50:00,4.7283333333333339,74.66666666666667,4.635,69.0,617.0,0.0,0.0,0.0,0.0,0.0,0.0,0.0,0.0,0.0,0.0,282.0,0.0,726.7216379021555,41.330264960350287,105.90829637374401,21.79063170094874,579.9913751251304,0.0,41.33026496035026,56.501605644669258,0.0,0.0,17.58077517038369,28.947410729608558,17.94434220753235,-398.68292126902636,17.901626807391645,-322.13576233872569,17.53140932479449,-101.34098591486927,13.748455272601868,17.92315174150132,16.99760662376849,-229.27278743251407,15.204335474453553,-10.136816778397293,15.352414340083559,-31.425626482967446,14.270117058851385,-305.2590640860974,646.9797395021113,1022.9944295815341,0.0,0.0,0.0,0.0,0.0,0.0,0.0,0.0,0.0,0.0,0.0,0.0,0.0,0.0,0.0,0.0,0.0,0.0,0.0,0.0,0.0,0.0,1.2869352490343833,0.3928373776051235,215.9568336407787,256.5404230563553,5530.7547185826119,0.22986862265113623,0.03508373361586332,137.22742535815915,162.87308877090119,3551.6799782006276,1.2337635218832933,0.23313747579049408,159.4675061804733,189.28283843256626,4112.451502700982,0.24217020971272724,0.04576156646121077,83.546304579973,99.14759961689775,2138.656899116449,0.0,0.0,9.741429759182678,11.713477239183643,179.69061554743315,0.0,0.0,75.58776053122938,89.9806290298173,1819.5681660588628,0.0,0.0,295.7246464133759,353.81332901661735,6293.778558192762,0.0,0.0,20.020979748017227,23.93231345141756,436.49366688051699,0.0,0.0,192.24713593339249,231.23673336975555,3518.1217546156678,36.96653816998915,25.3542785802395,231.53804943330753,276.25934422568147,6135.757770072276,0.0,0.0,194.83302406917893,235.123028072706,3208.730145951549,0.0,17.455174500134065,33.478557343449299,22.000000000000019,30.00000000000002,0.0,17.6567051922947,32.949186976804067,16.000000000000015,30.00000000000002,0.0,17.569939359232497,33.188689372203118,22.000000000000019,30.00000000000002,0.0,17.501020830225863,33.453953794581028,16.000000000000015,30.00000000000002,0.0,13.818434593296283,43.3953123225156,12.00000000000001,30.00000000000002,0.0,16.717846588209765,35.892118211624197,16.000000000000015,30.00000000000002,0.0,15.272555812812206,39.25048707719775,10.000000000000007,30.00000000000002,0.0,15.537882497073502,38.805572653212,12.00000000000001,30.00000000000002,0.0,13.743923589249232,43.51167604539932,12.00000000000001,30.00000000000002,0.0,16.027241587779494,0.0,0.0,0.0,12.798562460178875,0.0,0.0,526.7739810332037,518.5893619550384,523.2409516114142,532.5775468476024,598.7684922585929,587.9803070119458,580.0747004731073,595.2892478725421,591.5493874517681,0.0,81.16067339652314,81.16067339652314,60.00000000000004,0.0,60.00000000000004,60.00000000000004,16.0,16.0,16.0,12.0,12.0,12.0,21.0,10.0,0.0,0.0,0.0,0.0,0.0,0.0,0.0,0.0,0.0,0.0,0.0,0.0,0.0,81.16067339652314,81.16067339652314,0.0,0.0,0.0,81.16067339652314,0.0,0.0,0.001996666666666667 
 02/16  10:00:00,5.01,73.0,4.66,72.5,623.5,0.0,0.0,0.0,0.0,0.0,0.0,0.0,0.0,0.0,0.0,188.0,0.0,829.5424807399413,43.365214611671159,111.12284772308363,24.873676251598263,662.0517204420855,0.0,43.365214611671138,59.28353609723209,0.0,0.0,17.44463172511924,-58.00586408725326,17.86769927670022,-314.15285730661187,17.724211726378777,-171.9547124645444,17.399716293400866,-91.6253949903438,13.756550348818614,16.640599724975176,16.97507916782702,-230.08234703709128,15.153464452077826,10.297868281444608,15.175342126438231,-22.610465289395337,14.238686155889216,-290.302264482621,501.36357380605798,943.9303799291397,0.0,0.0,0.0,0.0,0.0,0.0,0.0,0.0,0.0,0.0,0.0,0.0,0.0,0.0,0.0,0.0,0.0,0.0,0.0,0.0,0.0,0.0,1.2260540699946552,0.3742533791192476,157.53462560374599,187.13535958363907,3917.6230922569118,0.22299047112642857,0.03403395468962585,105.280482283077,125.00644025690353,2627.425435675854,1.193990506943512,0.22562178891600766,104.2968675549385,123.8424018375509,2614.1367353732496,0.23440951659791305,0.044295071163626787,54.84866445628043,65.15891645769264,1359.135445285176,0.0,0.0,9.642173165841488,11.588157338821281,172.5541225776388,0.0,0.0,75.28785938693993,89.60709512188828,1758.5125439385002,0.0,0.0,291.49510079794268,348.65206185243155,6005.57581743055,0.0,0.0,17.917548635988717,21.42528067941099,372.47277896408925,0.0,0.0,186.92671338868258,224.73797710956169,3307.2614416129088,36.56522052499826,25.079026423181256,145.63747235708346,174.0127891956366,3915.063336138567,0.0,0.0,189.02844690365613,227.97680638506163,3017.076758670519,0.0,17.326850897266558,33.71481600904148,22.0,30.0,0.0,17.46170025788786,33.28305222144499,16.0,30.0,0.0,17.402778344786677,33.508376580679897,22.0,30.0,0.0,17.329319303235914,33.78228667190145,16.0,30.0,0.0,13.827129987744188,43.263469755376018,12.0,30.0,0.0,16.637419537090176,35.97502149091371,16.0,30.0,0.0,15.21320856048979,39.309681518587129,10.0,30.0,0.0,15.30633830276237,39.279555786213709,12.0,30.0,0.0,13.723788117109202,43.45292061306427,12.0,30.0,0.0,15.602182771315965,0.0,0.0,0.0,12.830780072729143,0.0,0.0,524.484747516248,513.6306838535586,521.0352818376807,530.0403017981023,591.2628760459376,580.1807032892144,573.7242031145939,587.7214239139569,584.1164481328173,0.0,81.16067339652307,81.16067339652307,60.0,0.0,60.0,60.0,16.0,16.0,16.0,12.0,12.0,12.0,21.0,10.0,0.0,0.0,0.0,0.0,0.0,0.0,0.0,0.0,0.0,0.0,0.0,0.0,0.0,81.16067339652307,81.16067339652307,0.0,0.0,0.0,81.16067339652307,0.0,0.0,0.0019833333333333336 
 02/16  10:10:00,5.2316666666666669,72.16666666666667,4.8133333333333339,76.0,630.0,0.0,0.0,0.0,0.0,0.0,0.0,0.0,0.0,0.0,0.0,282.0,0.0,933.4674682887614,45.361315203377227,116.23784776746601,27.98982759394388,744.9932669840812,0.0,45.3613152033772,62.012356939969588,0.0,0.0,17.30810863968485,-30.04798119697019,17.85242027816618,-392.77857869810478,17.58496291947596,-232.83985832774648,17.31725795793215,-52.3414556902988,13.76713581187877,15.665676096096036,16.99103056626312,-232.36532435467448,15.112923665376649,7.111713972771517,15.047208106033601,-16.991053911455027,14.22288294016689,-265.2513958920017,475.540981343514,868.8403550342871,0.0,0.0,0.0,0.0,0.0,0.0,0.0,0.0,0.0,0.0,0.0,0.0,0.0,0.0,0.0,0.0,0.0,0.0,0.0,0.0,0.0,0.0,1.175789545995345,0.3589101178251969,163.79441096602424,194.7108766726546,3951.624913145097,0.2129035126457287,0.03249443111198546,112.94769900088954,134.18886574956827,2744.626502817695,1.1422043208987789,0.21583603947444808,70.76376628195894,84.16422203869479,1733.6829885499734,0.224257432786942,0.0423766879793919,43.60331584803959,51.88316992248243,1054.2854203586958,0.0,0.0,9.47363851944342,11.392529763060619,165.52399416202077,0.0,0.0,75.38072500196937,89.78193417377543,1723.5554695818583,0.0,0.0,286.0751592348364,342.4459152494923,5741.538088876703,0.0,0.0,15.258541479750429,18.266665776460124,306.02159931825067,0.0,0.0,181.86470170366756,218.7909665552088,3138.279973843967,36.63822178492322,25.12909587443295,138.22332656943707,165.31073390060039,3627.9397091240136,0.0,0.0,183.6139747835594,221.5459272963093,2869.3959815571836,0.0,17.198486347008627,33.884904432824288,22.0,30.0,0.0,17.35685423676474,33.406587575056978,16.0,30.0,0.0,17.275796720312049,33.63536384514266,22.0,30.0,0.0,17.243667544244987,33.941067307640668,16.0,30.0,0.0,13.84014599787211,43.130129917400768,12.0,30.0,0.0,16.612813325721118,35.932498705657078,16.0,30.0,0.0,15.169229344247477,39.29897045632324,10.0,30.0,0.0,15.160190187960396,39.56412065562616,12.0,30.0,0.0,13.730315928295461,43.30384274955449,12.0,30.0,0.0,15.51915856082221,0.0,0.0,0.0,12.890003315924553,0.0,0.0,517.1136470104748,506.4313160479826,510.7937961439178,528.4164538352532,584.7802567912437,572.7340238617073,565.5135471458877,581.7134138259708,575.887212261035,0.0,81.16067339652307,81.16067339652307,60.0,0.0,60.0,60.0,16.0,16.0,16.0,12.0,12.0,12.0,21.0,10.0,0.0,0.0,0.0,0.0,0.0,0.0,0.0,0.0,0.0,0.0,0.0,0.0,0.0,81.16067339652307,81.16067339652307,0.0,0.0,0.0,81.16067339652307,0.0,0.0,0.00197 
 02/16  10:20:00,5.453333333333333,71.33333333333334,4.966666666666667,79.5,636.5,0.0,0.0,0.0,0.0,0.0,0.0,0.0,0.0,0.0,0.0,188.0,0.0,1037.6387566636536,47.318169376085368,121.25227804153993,31.113363693505684,828.1313786558316,0.0,47.31816937608534,64.68752495247932,0.0,0.0,17.20048141364386,-23.223100024969427,17.84320233961575,-388.30529519671657,17.466312429477683,-189.80675391704905,17.25372403251724,-57.15633039719633,13.781639733528632,15.184221525970117,17.03185979608419,-237.54747017557953,15.084140305502526,16.78951499384766,14.929361155242266,-12.439596454544557,14.21725888721917,-245.58592750650815,420.73089557682786,808.782835494148,0.0,0.0,0.0,0.0,0.0,0.0,0.0,0.0,0.0,0.0,0.0,0.0,0.0,0.0,0.0,0.0,0.0,0.0,0.0,0.0,0.0,0.0,1.1348921047391838,0.34642616139779727,173.1435011883523,205.79066338192497,4067.4160870779107,0.20702032547103345,0.031596508771525259,106.31581747691591,126.31074514106393,2516.9624270510519,1.093765217586299,0.20668276976309514,53.290185207625899,63.312362985483918,1276.9078633220598,0.21448961792348165,0.040530917974958727,9.258635943860679,11.002650701942262,222.38773209726174,0.0,0.0,9.416933060421507,11.317896695172483,160.6990265896634,0.0,0.0,75.92223942238486,90.38104841253232,1703.2009257278288,0.0,0.0,282.9125970409888,338.5180845720338,5540.081561822733,0.0,0.0,13.552251932346746,16.224019375935926,262.1251007300598,0.0,0.0,178.29168909242868,214.3700089158005,3004.1208709252166,36.77241206454394,25.221133103253739,115.6332307116332,138.27383714329538,3039.1460116795817,0.0,0.0,179.84421046340919,216.82500391792787,2760.0200552794615,0.0,17.107472593658298,34.01735686296199,22.0,30.0,0.0,17.257830145967007,33.54284094459545,16.0,30.0,0.0,17.18428389349536,33.77446921033396,22.0,30.0,0.0,17.17788239389336,34.19663692866061,16.0,30.0,0.0,13.86003368266659,42.95649836218783,12.0,30.0,0.0,16.617984878705465,35.81780429696142,16.0,30.0,0.0,15.146745656504156,39.2678186678593,10.0,30.0,0.0,15.021752955889408,39.81842428733358,12.0,30.0,0.0,13.750576711937839,43.137603676211217,12.0,30.0,0.0,15.360261029414613,0.0,0.0,0.0,12.974744757764473,0.0,0.0,512.007313814441,499.58281627540739,505.36533095331029,536.9498893210562,577.1242322525552,565.085396184026,559.5063793949743,574.9111663985713,569.0890755443986,0.0,81.16067339652307,81.16067339652307,60.0,0.0,60.0,60.0,16.0,16.0,16.0,12.0,12.0,12.0,21.0,10.0,0.0,0.0,0.0,0.0,0.0,0.0,0.0,0.0,0.0,0.0,0.0,0.0,0.0,81.16067339652307,81.16067339652307,0.0,0.0,0.0,81.16067339652307,0.0,0.0,0.0019566666666666666 
 02/16  10:30:00,5.675,70.5,5.12,83.0,643.0,0.0,0.0,0.0,0.0,0.0,0.0,0.0,0.0,0.0,0.0,94.0,0.0,1141.4313717974758,49.23542620354552,126.16523906555637,34.22554499517695,910.9672701861128,0.0,49.2354262035455,67.30856039197207,0.0,0.0,17.096497096387439,-13.693628756012913,17.864803045339774,-420.5807338601694,17.431318837714956,-33.216101233015709,17.07254447823557,-223.84776490512059,13.800650736374813,14.56571810883753,17.098231075479036,-245.432940008905,15.067983736086403,24.090889512483046,14.821716933094745,-8.547685503086086,14.217337114627508,-238.95887252110243,436.43890519234858,751.2600312649238,0.0,0.0,0.0,0.0,0.0,0.0,0.0,0.0,0.0,0.0,0.0,0.0,0.0,0.0,0.0,0.0,0.0,0.0,0.0,0.0,0.0,0.0,1.0940948605915706,0.3339727901683671,167.30159568627566,198.598427856193,3825.533683040411,0.19757834044364357,0.030155424365635468,112.6876279063435,133.68472156051818,2605.4954136923195,1.0588971249123998,0.2000939389479214,68.46147239309384,81.19681860022038,1610.6053868563593,0.20299869361577758,0.03835954149958003,65.51517104429559,77.80862448103605,1475.0616254649602,0.0,0.0,9.36025439098612,11.230349160458854,156.08765467855393,0.0,0.0,76.5002558547254,90.90984517827164,1688.4472397398766,0.0,0.0,279.392862040964,333.76492382125118,5346.921737986528,0.0,0.0,11.639916070861025,13.916710621209007,217.05662814650604,0.0,0.0,174.31862616504464,209.23001653137556,2868.8365813300736,36.93298203666089,25.33126339963025,130.6525361232248,155.9430430742878,3294.188257067679,0.0,0.0,175.65766333068289,211.36121048604043,2650.258485378641,0.0,17.011530054066879,34.14881209350258,22.0,30.0,0.0,17.200479369459999,33.59716328304224,16.0,30.0,0.0,17.245267746327554,34.03138503356677,22.0,30.0,0.0,16.87016120251648,34.47426706067952,16.0,30.0,0.0,13.887586236204213,42.75068912305004,12.0,30.0,0.0,16.65698880071769,35.630396277527527,16.0,30.0,0.0,15.144747355794275,39.179100445145,10.0,30.0,0.0,14.89360670643761,40.04799606168834,12.0,30.0,0.0,13.776750682752624,42.960705779995979,12.0,30.0,0.0,15.440373053568927,0.0,0.0,0.0,13.069018653863122,0.0,0.0,504.6978375645733,493.04311729079236,534.8913554129348,505.7915041173424,568.8889051757936,557.6784742440214,553.0569642400592,568.158187766648,562.6679669683952,0.0,81.16067339652307,81.16067339652307,60.0,0.0,60.0,60.0,16.0,16.0,16.0,12.0,12.0,12.0,21.0,10.0,0.0,0.0,0.0,0.0,0.0,0.0,0.0,0.0,0.0,0.0,0.0,0.0,0.0,81.16067339652307,81.16067339652307,0.0,0.0,0.0,81.16067339652307,0.0,0.0,0.0019433333333333336 
 02/16  10:40:00,5.8966666666666669,69.66666666666666,5.273333333333333,84.83333333333333,648.6666666666667,0.0,0.0,0.0,0.0,0.0,0.0,0.0,0.0,0.0,0.0,282.0,0.0,1239.1836913912369,50.45445695587466,129.28901730741894,37.156608618576218,988.9824405680483,0.0,50.45445695587464,68.9750678509226,0.0,0.0,17.030963652835284,-0.8825251768636626,17.92664346215667,-433.9123832815869,17.214442719835227,-271.94900280759568,17.04016649512462,-55.08836127313866,13.815839119418446,14.936471727002159,17.170293490722878,-252.32106293809745,15.059721547033118,34.33814090658722,14.750464165152167,-7.988938249137766,14.22447655710043,-192.66622747611155,508.6453255283954,709.427033573325,0.0,0.0,0.0,0.0,0.0,0.0,0.0,0.0,0.0,0.0,0.0,0.0,0.0,0.0,0.0,0.0,0.0,0.0,0.0,0.0,0.0,0.0,1.0354522711138046,0.3160721218296109,195.75839068095167,232.9634004765348,4371.355093963,0.17542928089991023,0.026774920772269594,146.1849819377603,173.7557600863969,3316.0230989197427,1.0339656337876369,0.19538277282457257,189.4775460483094,225.7200149061404,4195.035382335211,0.21250828615469648,0.04015651665810593,122.57355053141554,145.98371955200813,2709.1995753299518,0.0,0.0,9.300358065423176,11.184072385189234,151.21609330354878,0.0,0.0,78.1468715559712,93.07117738757717,1695.3385704252042,0.0,0.0,277.1452694486127,331.84603485025948,5183.968913538473,0.0,0.0,8.848433734481312,10.607393552730994,159.92360505749083,0.0,0.0,171.02396492271917,205.7333965857245,2750.0540009018357,37.09660673505997,25.443488844348435,232.94511418959483,278.49737480569078,5373.866015977931,0.0,0.0,172.17525586400056,207.59814387143829,2548.223449234719,0.0,16.981560166126209,34.23288741270999,22.000000000000019,30.00000000000002,0.0,17.21446437004871,33.57115422508669,16.000000000000015,30.00000000000002,0.0,16.910000187579294,34.42275685887995,22.000000000000019,30.00000000000002,0.0,16.895037849620424,34.63189869813222,16.000000000000015,30.00000000000002,0.0,13.906432886255488,42.62666032640003,12.00000000000001,30.00000000000002,0.0,16.6951067221453,35.46502711270114,16.000000000000015,30.00000000000002,0.0,15.15470937566565,39.05479243747621,10.000000000000007,30.00000000000002,0.0,14.830339163801137,40.1649195582685,12.00000000000001,30.00000000000002,0.0,13.815521056525391,42.73086465314408,12.00000000000001,30.00000000000002,0.0,15.711607057068559,0.0,0.0,0.0,13.153323271425464,0.0,0.0,504.6883377846859,490.6029137519018,507.2585039582363,521.3891114180572,564.2243992557167,551.5118317051095,545.852549135355,564.9205557796349,554.9933817364282,0.0,81.16067339652314,81.16067339652314,60.00000000000004,0.0,60.00000000000004,60.00000000000004,16.0,16.0,16.0,12.0,12.0,12.0,21.0,10.0,0.0,0.0,0.0,0.0,0.0,0.0,0.0,0.0,0.0,0.0,0.0,0.0,0.0,81.16067339652314,81.16067339652314,0.0,0.0,0.0,81.16067339652314,0.0,0.0,0.0019300000000000003 
 02/16  10:50:00,6.118333333333333,68.83333333333334,5.426666666666667,86.66666666666667,654.3333333333334,0.0,0.0,0.0,0.0,0.0,0.0,0.0,0.0,0.0,0.0,94.0,0.0,1335.5257719896145,51.63913673012622,132.32476920689354,40.04538639829394,1065.8721086442443,0.0,51.6391367301262,70.59461491853013,0.0,0.0,16.957804748898526,4.3657972075898219,17.956337307138047,-504.72647429563497,17.087132154057306,-237.71406647808636,17.020768426043639,-36.3137219354503,13.84080335137326,14.594892859334437,17.271717418333425,-264.48016703935539,15.06278083806226,40.26153506046103,14.654518633463125,-11.230912569327387,14.244026680478602,-196.55088642334159,476.8396101231883,671.3821589637792,0.0,0.0,0.0,0.0,0.0,0.0,0.0,0.0,0.0,0.0,0.0,0.0,0.0,0.0,0.0,0.0,0.0,0.0,0.0,0.0,0.0,0.0,0.990732359486303,0.30242135515454918,154.28455998299055,183.22917620749053,3363.703068688166,0.16855382166750683,0.02572555275755599,143.7962896793941,170.6394853166331,3181.9124778046254,1.0028715939843008,0.18950710392749454,87.52239630786686,103.99454202242269,1892.2903066292202,0.20298484069409579,0.038356923789511668,96.70905283572107,114.85535051010067,2095.3881165230898,0.0,0.0,9.305663475976976,11.164517561735688,147.85856121855046,0.0,0.0,78.67700130982229,93.47269351100407,1685.386943545913,0.0,0.0,274.85869089587217,328.3587222269952,5035.1654715651989,0.0,0.0,8.41676875172939,10.071047263429758,146.42693990046278,0.0,0.0,168.0403995497976,201.6625175119204,2645.543314722522,37.29844348126925,25.581922826659306,183.84318090671474,219.30302600277069,4234.691037635066,0.0,0.0,170.5423147160419,205.10374342049156,2484.276839132979,0.0,16.923789743699247,34.22779405839697,22.0,30.0,0.0,17.15157917092032,33.73018294302067,16.0,30.0,0.0,16.775045179315855,34.59505970978337,22.0,30.0,0.0,16.90231487974373,34.51339241583556,16.0,30.0,0.0,13.943132993523493,42.376746048736929,12.0,30.0,0.0,16.77972751163711,35.14908867701087,16.0,30.0,0.0,15.182201034881765,38.89405075593735,10.0,30.0,0.0,14.710740263724466,40.373122044323739,12.0,30.0,0.0,13.869252947325203,42.47885700413565,12.0,30.0,0.0,15.636965258382363,0.0,0.0,0.0,13.25988137106686,0.0,0.0,491.34891280352385,489.1745809675448,493.35692788729116,512.8675861692109,554.590680376282,541.4082445416212,539.0547139639878,557.9655045240199,548.2822027311768,0.0,81.16067339652307,81.16067339652307,60.0,0.0,60.0,60.0,16.0,16.0,16.0,12.0,12.0,12.0,21.0,10.0,0.0,0.0,0.0,0.0,0.0,0.0,0.0,0.0,0.0,0.0,0.0,0.0,0.0,81.16067339652307,81.16067339652307,0.0,0.0,0.0,81.16067339652307,0.0,0.0,0.0019166666666666666 
 02/16  11:00:00,6.34,68.0,5.58,88.5,660.0,0.0,0.0,0.0,0.0,0.0,0.0,0.0,0.0,0.0,0.0,94.0,0.0,1430.2872181664657,52.7890923521478,135.27153830780774,42.88676908521931,1141.5002833669287,0.0,52.78909235214777,72.1666914374362,0.0,0.0,16.90147489812717,15.745769849273529,18.029972550037188,-505.97410501771176,17.104125738315916,-28.952775064583876,16.871933561991747,-219.88577654671418,13.863882246041472,14.737514601310182,17.375624559615326,-276.55814939948098,15.063531965651079,46.681073943978848,14.564513117387389,-25.393489890753359,14.261368247458983,-172.3631582699736,473.47975687508736,642.8057054839137,0.0,0.0,0.0,0.0,0.0,0.0,0.0,0.0,0.0,0.0,0.0,0.0,0.0,0.0,0.0,0.0,0.0,0.0,0.0,0.0,0.0,0.0,0.9655496207123883,0.294734316456773,172.85040312101385,205.31132013428894,3677.8370764917087,0.15416552903751588,0.023529537398888264,163.41774709490404,193.91834403375325,3549.853372564555,0.9918749304336358,0.18742912517642408,201.3739919288295,239.16155680467575,4294.394593565574,0.18794245035681327,0.03551444640151421,97.63111870125604,116.06552841346398,2021.9915962700025,0.0,0.0,9.282411545707772,11.136278866305919,143.90185498012998,0.0,0.0,80.00035824917534,95.02585491739989,1690.4338094795417,0.0,0.0,275.1900181916686,328.7566876932794,4929.179977093496,0.0,0.0,11.122239734560623,13.31452536220234,186.06878717241177,0.0,0.0,164.92327619447208,197.90359260191503,2538.578113580107,37.475510249751547,25.70336779818351,212.13294123624616,253.03759885005128,4687.099081535323,0.0,0.0,172.2621078084104,207.09883081299334,2473.3267655545457,0.0,16.892425891843769,34.348528049496717,22.0,30.0,0.0,17.173660620443575,33.763962654973209,16.0,30.0,0.0,16.92427747790603,34.35964042267473,22.0,30.0,0.0,16.639649603845734,34.97865172333777,16.0,30.0,0.0,13.974322776826668,42.20520529920581,12.0,30.0,0.0,16.858337524325877,34.9407925460323,16.0,30.0,0.0,15.201981306875793,38.78127992589104,10.0,30.0,0.0,14.598099654539343,40.58018223712033,12.0,30.0,0.0,13.918464942892271,42.24477559071196,12.0,30.0,0.0,15.67479097547427,0.0,0.0,0.0,13.381138709777567,0.0,0.0,493.931025742815,494.82872595149009,502.8273417125145,499.3404487168495,548.8639268970402,538.4862748595029,533.9071936748558,551.9752849537463,541.6023464871597,0.0,81.16067339652307,81.16067339652307,60.0,0.0,60.0,60.0,16.0,16.0,16.0,12.0,12.0,12.0,21.0,10.0,0.0,0.0,0.0,0.0,0.0,0.0,0.0,0.0,0.0,0.0,0.0,0.0,0.0,81.16067339652307,81.16067339652307,0.0,0.0,0.0,81.16067339652307,0.0,0.0,0.0019033333333333333 
 02/16  11:10:00,6.47,67.16666666666667,5.571666666666667,90.33333333333333,665.6666666666666,0.0,0.0,0.0,0.0,0.0,0.0,0.0,0.0,0.0,0.0,94.0,0.0,1523.344076973453,53.903914931018068,138.12827663808484,45.67703998441056,1215.768038924814,0.0,53.90391493101804,73.69073842275142,0.0,0.0,16.863258721008557,31.786974655185987,18.11258320328268,-538.7289143327244,16.933656432796455,-236.33872480709034,16.902797440647136,2.774874676737454,13.88907961120568,14.919084791256353,17.48689528857124,-290.60464206490499,15.07258131136196,56.11431983991679,14.480076170598853,-27.959528601551484,14.286283002135189,-148.6936582047074,488.55787276965568,609.4478137685801,0.0,0.0,0.0,0.0,0.0,0.0,0.0,0.0,0.0,0.0,0.0,0.0,0.0,0.0,0.0,0.0,0.0,0.0,0.0,0.0,0.0,0.0,0.9312464039464493,0.28426324906790276,183.14057830510553,217.54298597159625,3845.6572369949947,0.14499792812909563,0.02213033091103413,175.31242654894775,208.02615878390135,3771.4796884620047,0.932201091744354,0.17615288959643883,166.7750349641113,198.26332680948,3429.7362052593546,0.21020263017297403,0.039720829586729778,176.81617602163639,210.1087540469519,3660.774387292141,0.0,0.0,9.273017243883432,11.12429943351742,141.93306620575553,0.0,0.0,81.57574523443114,96.87366540906358,1715.939168785537,0.0,0.0,275.9186459555576,329.6046512547026,4888.139348134706,0.0,0.0,13.941908504249707,16.696834162441748,226.78695335642395,0.0,0.0,161.69206909729128,193.99461404445024,2465.571599651653,37.339074798114577,25.609790670860485,254.32712866630528,303.28271855253288,5451.871059051026,0.0,0.0,171.92513712226208,206.62256661440524,2461.816333187061,0.0,16.888541825978519,34.420644999723048,22.0,30.0,0.0,17.200920402822655,33.603886588221609,16.0,30.0,0.0,16.660349867861976,34.81484045773384,22.0,30.0,0.0,16.778412512017959,34.701296762741929,16.0,30.0,0.0,14.007822893889948,42.0363598099163,12.0,30.0,0.0,16.94342118592063,34.69779659364935,16.0,30.0,0.0,15.235429914485737,38.6563364411631,10.0,30.0,0.0,14.495855339962917,40.75886925535922,12.0,30.0,0.0,13.97869150237999,42.04047976395569,12.0,30.0,0.0,15.76474950414908,0.0,0.0,0.0,13.494533806917259,0.0,0.0,498.2318509853348,482.7040480209922,487.0477974448511,504.4253279509315,543.580937584215,533.5859203325778,530.46535209063,545.8135371010974,538.8063908648708,0.0,81.16067339652307,81.16067339652307,60.0,0.0,60.0,60.0,16.0,16.0,16.0,12.0,12.0,12.0,21.0,10.0,0.0,0.0,0.0,0.0,0.0,0.0,0.0,0.0,0.0,0.0,0.0,0.0,0.0,81.16067339652307,81.16067339652307,0.0,0.0,0.0,81.16067339652307,0.0,0.0,0.0018899999999999998 
 02/16  11:20:00,6.6000000000000009,66.33333333333334,5.563333333333334,92.16666666666667,671.3333333333334,0.0,0.0,0.0,0.0,0.0,0.0,0.0,0.0,0.0,0.0,94.0,0.0,1614.584930040277,54.98316658829924,140.89386195364166,48.412858244655087,1288.5864532252734,0.0,54.98316658829921,75.16615726145368,0.0,0.0,16.83843868024693,46.47243643647198,18.20412024061133,-567.7642001922277,16.960387742648999,-14.511810702406365,16.808700026194928,-166.3102365263162,13.91644825181264,15.19137008421717,17.606374414631739,-303.5013870772468,15.088654017366082,66.02816457088193,14.403582483924137,-28.389273335312966,14.315257261679865,-128.9970285000054,448.5864240209985,579.4960271083919,0.0,0.0,0.0,0.0,0.0,0.0,0.0,0.0,0.0,0.0,0.0,0.0,0.0,0.0,0.0,0.0,0.0,0.0,0.0,0.0,0.0,0.0,0.9082079848063468,0.27723076459290199,198.51293994096819,235.8050578570179,4120.291746199655,0.13062657603118167,0.019936901103660207,191.34987102043125,227.033599126579,4080.246327219805,0.993120596285828,0.18766451176980884,225.02301708476004,267.3683834691947,4631.970311272226,0.19127516164314865,0.036144210438992557,85.25920760933494,101.37781684352184,1716.6953874925612,0.0,0.0,9.274248688041855,11.124959992634711,140.17094749299364,0.0,0.0,82.88389712919225,98.40022906609345,1736.9018502581835,0.0,0.0,276.40383516158416,330.14935891542936,4847.763612262692,0.0,0.0,16.73395804346332,20.04795884951651,264.860231665222,0.0,0.0,157.97011994558037,189.49697530472793,2387.0614917800564,37.15246579728097,25.481800958354584,227.23043575620805,271.0629935454295,4830.940294301953,0.0,0.0,171.31053917500624,205.81137773403789,2446.8488383856999,0.0,16.90351001397621,34.28589988356308,22.0,30.0,0.0,17.23889196309936,33.57025436679297,16.0,30.0,0.0,16.81697671759374,34.6027773628763,22.0,30.0,0.0,16.608296026383515,34.99394131408817,16.0,30.0,0.0,14.043625234735777,41.8721881530302,12.0,30.0,0.0,17.03693133819869,34.449726756712738,16.0,30.0,0.0,15.278508469664212,38.53094421257869,10.0,30.0,0.0,14.40600451886028,40.908624798448268,12.0,30.0,0.0,14.04204006284707,41.802407129603668,12.0,30.0,0.0,15.683329595415364,0.0,0.0,0.0,13.60933168661588,0.0,0.0,486.5713298665427,487.881191062582,501.31289443663146,492.94943412811139,538.8714650965972,529.5402810181128,528.7418645868756,539.594210651792,533.931485836487,0.0,81.16067339652307,81.16067339652307,60.0,0.0,60.0,60.0,16.0,16.0,16.0,12.0,12.0,12.0,21.0,10.0,0.0,0.0,0.0,0.0,0.0,0.0,0.0,0.0,0.0,0.0,0.0,0.0,0.0,81.16067339652307,81.16067339652307,0.0,0.0,0.0,81.16067339652307,0.0,0.0,0.0018733333333333337 
 02/16  11:30:00,6.73,65.5,5.555,94.0,677.0,0.0,0.0,0.0,0.0,0.0,0.0,0.0,0.0,0.0,0.0,94.0,0.0,1703.8878749796409,56.02638191226641,143.56710146532576,51.09056865809741,1359.8582370098389,0.0,56.02638191226639,76.59231170042996,0.0,0.0,16.82042126085662,58.51495290357343,18.285307617054749,-625.0461001284393,16.90604623293246,-86.19196174999525,16.831778885684068,-9.764987331323028,13.946060393630399,15.568641931522109,17.733427701487714,-316.5175157570193,15.10902465412574,75.50535228660192,14.337145477552323,-25.613830437314506,14.34663280106195,-111.14726500877532,419.12635378922189,553.4947644870308,0.0,0.0,0.0,0.0,0.0,0.0,0.0,0.0,0.0,0.0,0.0,0.0,0.0,0.0,0.0,0.0,0.0,0.0,0.0,0.0,0.0,0.0,0.8893404055424161,0.2714714302632528,204.64279166813314,243.0777934964635,4201.035241869647,0.1244068267132456,0.018987610914720025,198.48283704651178,235.50247186336686,4184.59058021414,0.942562589450664,0.17811084456739688,147.54913410436479,175.35418671803044,2991.6479142672817,0.20698348331166048,0.039112525191167878,157.81001129505615,187.582746344906,3164.8390131477556,0.0,0.0,9.287594675149205,11.140032514652539,138.6324034939056,0.0,0.0,84.10611629913488,99.82086566498714,1757.1240394768125,0.0,0.0,277.02115836350898,330.8495199541491,4811.9356335632069,0.0,0.0,18.59347929700539,22.282609775391117,286.7207350712299,0.0,0.0,155.5814051667719,186.59870207190654,2329.8134509140716,37.026399104137308,25.395335462371276,198.61693653768709,236.98716678227275,4217.3811178772789,0.0,0.0,171.14480690247565,205.53692573465626,2439.3183596713836,0.0,16.923310774347696,34.28278614960954,22.0,30.0,0.0,17.249388827199405,33.44755571613916,16.0,30.0,0.0,16.77196820006559,34.56612965789752,22.0,30.0,0.0,16.71076636706144,34.8542503052365,16.0,30.0,0.0,14.081770110586917,41.717787043806847,12.0,30.0,0.0,17.13817065793257,34.20935988096944,16.0,30.0,0.0,15.326056293631764,38.345521019912677,10.0,30.0,0.0,14.332376943117545,41.03266493798503,12.0,30.0,0.0,14.10625287077893,41.58453873267571,12.0,30.0,0.0,15.624785090775554,0.0,0.0,0.0,13.727060288365655,0.0,0.0,490.9811779540236,478.08644292726299,486.0520386370539,502.6029021888049,535.1505083461182,527.55447854013,522.6678742655232,534.3633085486897,530.536329417264,0.0,81.16067339652307,81.16067339652307,60.0,0.0,60.0,60.0,16.0,16.0,16.0,12.0,12.0,12.0,21.0,10.0,0.0,0.0,0.0,0.0,0.0,0.0,0.0,0.0,0.0,0.0,0.0,0.0,0.0,81.16067339652307,81.16067339652307,0.0,0.0,0.0,81.16067339652307,0.0,0.0,0.0018566666666666667 
 02/16  11:40:00,6.859999999999999,64.66666666666667,5.546666666666667,93.66666666666667,681.5,0.0,0.0,0.0,0.0,0.0,0.0,0.0,0.0,0.0,0.0,94.0,0.0,1782.907905930088,56.18876902226942,143.98324422886817,53.45994779692423,1422.9233029467237,0.0,56.18876902226939,76.81430719114286,0.0,0.0,16.79528150055913,63.60534879721854,18.374024069596964,-650.7001000751016,16.903933222839016,-8.510010551620326,16.833560211153946,-33.01153701637077,13.977186153807349,16.064886425975659,17.863194285530537,-330.8146295623774,15.132987180445883,84.91058245111526,14.279807066510183,-21.677163526490064,14.379920504177,-93.42699030848144,382.3168651683145,528.8793477950994,0.0,0.0,0.0,0.0,0.0,0.0,0.0,0.0,0.0,0.0,0.0,0.0,0.0,0.0,0.0,0.0,0.0,0.0,0.0,0.0,0.0,0.0,0.872821939044636,0.26642916332253849,201.70258971682399,239.6017126851258,4087.0004472199077,0.1215216906898431,0.018547266588803896,195.60276098135436,232.06979489670418,4084.6224093566809,0.9601981116590326,0.18144333175718689,132.86432673143734,157.87072886849018,2678.4357031523379,0.19427500421368566,0.03671107411445306,85.90549480249415,102.11147014417502,1705.519749748171,0.0,0.0,9.330511065220123,11.19051783652265,137.55253588838577,0.0,0.0,85.4036730139655,101.32955635611042,1779.3412772924026,0.0,0.0,277.71274828226867,331.63108562620035,4779.1726064237859,0.0,0.0,20.378087765448926,24.427515010887896,306.51128034132196,0.0,0.0,152.8672712178494,183.30991879659104,2268.762838375658,36.88695833911893,25.299697077585006,156.6019442200662,186.91667135665157,3381.6466715524195,0.0,0.0,170.72441762255986,204.9595566730978,2427.7221330187164,0.0,16.920856251973825,34.18930585695497,22.0,30.0,0.0,17.279976763196144,33.39093895065257,16.0,30.0,0.0,16.837817674275777,34.483494404151318,22.0,30.0,0.0,16.731524847845689,34.703371961818159,16.0,30.0,0.0,14.12140984400059,41.55542708757008,12.0,30.0,0.0,17.242934531370556,33.925620227984108,16.0,30.0,0.0,15.377244253839202,38.202258120917068,10.0,30.0,0.0,14.273037355413145,41.145177540538778,12.0,30.0,0.0,14.171686600400669,41.3821371369559,12.0,30.0,0.0,15.543366254990746,0.0,0.0,0.0,13.843441125442249,0.0,0.0,481.58170591778255,480.51060723156027,492.29573690986475,490.61828578047229,530.8720993003311,521.7777459180937,521.3532475871783,530.8719721289812,528.3034534879078,0.0,81.16067339652307,81.16067339652307,60.0,0.0,60.0,60.0,16.0,16.0,16.0,12.0,12.0,12.0,21.0,10.0,0.0,0.0,0.0,0.0,0.0,0.0,0.0,0.0,0.0,0.0,0.0,0.0,0.0,81.16067339652307,81.16067339652307,0.0,0.0,0.0,81.16067339652307,0.0,0.0,0.00184 
 02/16  11:50:00,6.99,63.83333333333333,5.538333333333333,93.33333333333333,686.0,0.0,0.0,0.0,0.0,0.0,0.0,0.0,0.0,0.0,0.0,94.0,0.0,1859.2984068012395,56.31641515067908,144.31036001900928,55.750481105103037,1483.889761864922,0.0,56.31641515067905,76.98880912613869,0.0,0.0,16.78118791985903,77.11804040078732,18.448701267004134,-711.7279632071623,16.88254002508939,-16.29550756470462,16.83521579547141,-20.80558056875725,14.010014542404687,16.463449674070888,17.996950726689084,-344.5924295078871,15.15597510193087,92.07336601433235,14.231197647912193,-16.655797673552116,14.414627668297769,-77.1165711296544,392.81243841459766,506.5121168283313,0.0,0.0,0.0,0.0,0.0,0.0,0.0,0.0,0.0,0.0,0.0,0.0,0.0,0.0,0.0,0.0,0.0,0.0,0.0,0.0,0.0,0.0,0.8715598215752193,0.2660439015797373,209.6289823407476,249.01396831911627,4198.557934711757,0.11796778571181042,0.018004851299116367,204.16912957525936,242.24503882298965,4209.973811763978,0.9221907149285477,0.17426128400010355,106.14469918473604,126.12403411580172,2117.6382933307374,0.19166853175930324,0.036218543416346029,113.21085766630732,134.56078085547558,2222.4036578008365,0.0,0.0,9.323791957086483,11.181400455822884,135.75892597621923,0.0,0.0,86.68047646382937,102.81046420058613,1801.6761697624864,0.0,0.0,277.7918371209231,331.68917283798546,4732.905780079553,0.0,0.0,21.664748607135203,25.9753558989635,318.2025448534825,0.0,0.0,150.5333661344819,180.47943371720394,2213.996149833436,36.78126677298337,25.227206291483804,165.3134464024782,197.27777521044104,3506.7220509499668,0.0,0.0,170.39638491663775,204.49304723952097,2416.892056937138,0.0,16.936451803889847,34.1587698966982,22.0,30.0,0.0,17.279112138085194,33.366007290541769,16.0,30.0,0.0,16.850233903489163,34.3691601236535,22.0,30.0,0.0,16.756703379121224,34.68386039500578,16.0,30.0,0.0,14.162370075803152,41.399732359126208,12.0,30.0,0.0,17.351835433831874,33.67311873009894,16.0,30.0,0.0,15.423192791093749,38.03790828052299,10.0,30.0,0.0,14.226790433150905,41.204913526220227,12.0,30.0,0.0,14.23699038923676,41.14251593541995,12.0,30.0,0.0,15.612886609342655,0.0,0.0,0.0,13.95810306373388,0.0,0.0,483.4711215634912,481.1995708919515,484.1886876828972,494.2717276420142,527.3525169253962,520.0728730043054,516.7609415491431,525.6829065016156,522.9161637341892,0.0,81.16067339652307,81.16067339652307,60.0,0.0,60.0,60.0,16.0,16.0,16.0,12.0,12.0,12.0,21.0,10.0,0.0,0.0,0.0,0.0,0.0,0.0,0.0,0.0,0.0,0.0,0.0,0.0,0.0,81.16067339652307,81.16067339652307,0.0,0.0,0.0,81.16067339652307,0.0,0.0,0.0018233333333333333 
 02/16  12:00:00,7.12,63.0,5.53,93.0,690.5,0.0,0.0,0.0,0.0,0.0,0.0,0.0,0.0,0.0,0.0,94.0,0.0,1932.9233535689253,56.40843356675599,144.5461764939804,57.9580899527852,1542.6490542697207,0.0,56.40843356675596,77.1146052772694,0.0,0.0,16.758857523145008,78.43297121110754,18.558794970258615,-697.2769233904382,16.854157238880327,-13.015074473728874,16.831721924998126,-20.81160966989728,14.044644810946857,16.890683971871569,18.132312636931617,-361.16261280114306,15.184393752771918,101.55487893206373,14.19031773271884,-11.147343207494942,14.449476124857103,-60.96469881550547,384.1224148583897,483.73053245774556,0.0,0.0,0.0,0.0,0.0,0.0,0.0,0.0,0.0,0.0,0.0,0.0,0.0,0.0,0.0,0.0,0.0,0.0,0.0,0.0,0.0,0.0,0.856778071821672,0.26153176795533336,204.76511078270435,243.2533192889696,4045.0498660355049,0.11707418032338936,0.017868464640321943,199.54539529208555,236.71173593632819,4091.3210637140575,0.9105119123340788,0.1720544052029628,108.53063061120038,128.96602840425036,2135.368654699622,0.18737712038400887,0.035407619120183069,102.92820641002672,122.34125734832895,1996.1248106686826,0.0,0.0,9.367185362087865,11.232319960578096,134.71624283403717,0.0,0.0,88.12976516687229,104.4955141219967,1827.4193650123328,0.0,0.0,278.13117564107326,332.04711339511308,4695.690596958724,0.0,0.0,23.59393745104458,28.293183871577786,338.70305625441486,0.0,0.0,148.56405005698429,178.08748398706309,2164.3941545733189,36.654569950803089,25.140308608232578,160.80533293025438,191.89492125473186,3381.3366913490165,0.0,0.0,169.65754230735255,203.53976273197785,2398.0774762622575,0.0,16.929487369501467,34.145071828117519,22.0,30.0,0.0,17.35292158005651,33.14099409783633,16.0,30.0,0.0,16.84653101353155,34.37313518386513,22.0,30.0,0.0,16.767369412311227,34.58251102939025,16.0,30.0,0.0,14.204822061834884,41.23927714496813,12.0,30.0,0.0,17.460475929125726,33.399073890410829,16.0,30.0,0.0,15.47773421784791,37.86963487008651,10.0,30.0,0.0,14.191546685593434,41.260955933906348,12.0,30.0,0.0,14.299623499719277,40.95087012076847,12.0,30.0,0.0,15.629980874204798,0.0,0.0,0.0,14.066204623368357,0.0,0.0,483.8045201952051,475.6796002775565,485.32829253556,487.1529299464495,523.6664635650044,515.8545417321881,513.9848359645514,522.7216546085708,521.0317274209743,0.0,81.16067339652307,81.16067339652307,60.0,0.0,60.0,60.0,16.0,16.0,16.0,12.0,12.0,12.0,21.0,10.0,0.0,0.0,0.0,0.0,0.0,0.0,0.0,0.0,0.0,0.0,0.0,0.0,0.0,81.16067339652307,81.16067339652307,0.0,0.0,0.0,81.16067339652307,0.0,0.0,0.0018066666666666665 
 02/16  12:10:00,7.211666666666667,62.0,5.578333333333333,92.66666666666667,695.0,0.0,0.0,0.0,0.0,0.0,0.0,0.0,0.0,0.0,0.0,94.0,0.0,2003.63469219112,56.463853480526839,144.68820592465176,60.07833499778934,1599.083019658037,0.0,56.46385348052681,77.19036850104128,0.0,0.0,16.767365113627265,103.15350472443333,18.643729759557748,-769.2233928651067,16.821129935489617,-11.095424585591445,16.82394125574597,-20.507108193442038,14.080888839618254,17.272212796036059,18.26976835865038,-375.2284377271708,15.211309575698504,108.08529678100058,14.156352275309505,-5.091689874992767,14.484055753948832,-47.053466845443839,406.448714450592,465.4822276760251,0.0,0.0,0.0,0.0,0.0,0.0,0.0,0.0,0.0,0.0,0.0,0.0,0.0,0.0,0.0,0.0,0.0,0.0,0.0,0.0,0.0,0.0,0.851918092014005,0.2600482576355327,224.64164420464918,266.8227629859971,4417.072193415941,0.10507111513688078,0.016036494984261415,220.6299196792153,261.71178340990289,4488.707236091465,0.9103114387431289,0.172016522816162,110.18240134175328,130.93692791469042,2143.7985837740959,0.18633033316961535,0.03520981352411475,97.54228938596161,115.93919515740562,1874.2380760638023,0.0,0.0,9.362560883432876,11.225177757412503,133.717791423205,0.0,0.0,89.5205678268175,106.1046587056031,1859.1862827186965,0.0,0.0,278.5047031004926,332.43989443653006,4676.8890460585739,0.0,0.0,25.200391832950559,30.222593692083615,355.8193973801027,0.0,0.0,147.54713711766716,176.8334961393785,2139.6449569920148,36.79646665537156,25.237631450872138,181.7626093958541,216.8375380669406,3742.3860041630007,0.0,0.0,169.62108983327946,203.42046564187488,2402.6390389156674,0.0,16.981091769751218,33.95920450975608,22.0,30.0,0.0,17.367191773572395,33.09513282214367,16.0,30.0,0.0,16.83086175727649,34.37508386024675,22.0,30.0,0.0,16.769279000480056,34.56721981321599,16.0,30.0,0.0,14.248370201411769,41.076821611522529,12.0,30.0,0.0,17.572480348835457,33.12732476812375,16.0,30.0,0.0,15.526045892847805,37.71991463807291,10.0,30.0,0.0,14.166026785696225,41.2766236883172,12.0,30.0,0.0,14.359501733004065,40.739488033573589,12.0,30.0,0.0,15.723835344898017,0.0,0.0,0.0,14.17530597844067,0.0,0.0,478.1949201089703,477.37041428047237,485.4605367926584,487.65935505651256,520.1935512224493,512.7200893615524,511.9910966242633,518.6160588681148,516.8305309675434,0.0,81.16067339652307,81.16067339652307,60.0,0.0,60.0,60.0,16.0,16.0,16.0,12.0,12.0,12.0,21.0,10.0,0.0,0.0,0.0,0.0,0.0,0.0,0.0,0.0,0.0,0.0,0.0,0.0,0.0,81.16067339652307,81.16067339652307,0.0,0.0,0.0,81.16067339652307,0.0,0.0,0.00179 
 02/16  12:20:00,7.303333333333334,61.00000000000001,5.626666666666667,92.33333333333333,699.5,0.0,0.0,0.0,0.0,0.0,0.0,0.0,0.0,0.0,0.0,94.0,0.0,2071.2817855294858,56.4816331144671,144.73377869037817,62.10669944662874,1653.0714360023608,0.0,56.48163311446707,77.2146746085962,0.0,0.0,16.75870570527659,101.98314840239164,18.765025001096796,-747.5455502434543,16.796019400863949,5.2561615839740629,16.812207989471486,-22.45477865257635,14.118924239608195,17.786807871620796,18.407391850460305,-392.3536714733932,15.24631906406044,118.48459652898419,14.128847096613427,1.4058757949362644,14.519186650497069,-33.16180555937353,394.7414509559376,447.11316113695195,0.0,0.0,0.0,0.0,0.0,0.0,0.0,0.0,0.0,0.0,0.0,0.0,0.0,0.0,0.0,0.0,0.0,0.0,0.0,0.0,0.0,0.0,0.8331369091943615,0.2543152958468747,218.20893998702906,259.17601940446556,4254.017833323796,0.10365248503040757,0.015819976347742304,214.4242035128111,254.27303193550987,4362.0272806002,0.924175735530588,0.1746363823753946,132.52354976077209,157.48998395144893,2550.170290051509,0.18785493781603983,0.03549790964021916,89.11926233049255,105.93080634525191,1695.1386391394752,0.0,0.0,9.456361152722165,11.335960974409169,134.14449764784627,0.0,0.0,90.89347145871585,107.69186383749656,1890.3729407965757,0.0,0.0,279.798845062619,333.9161910999092,4681.149998351268,0.0,0.0,26.621226749894946,31.928746833195157,370.0577564201188,0.0,0.0,146.5275044270497,175.57689210578219,2114.753075991759,36.933266311336939,25.331458375402574,175.35719663440299,209.20774939401145,3591.364913201278,0.0,0.0,169.48545953457364,203.18651020181663,2403.7446441096328,0.0,16.98948430686811,33.92351523659622,22.0,30.0,0.0,17.46108753762982,32.816731783667957,16.0,30.0,0.0,16.82897627721657,34.30306635775189,22.0,30.0,0.0,16.762514626136075,34.55232901633062,16.0,30.0,0.0,14.293419441803302,40.91440742181025,12.0,30.0,0.0,17.682789889105828,32.86829662303511,16.0,30.0,0.0,15.588511710491188,37.515239295805,10.0,30.0,0.0,14.1492164903437,41.276106691351888,12.0,30.0,0.0,14.418531669653753,40.54417932524261,12.0,30.0,0.0,15.712977303162733,0.0,0.0,0.0,14.278302280279125,0.0,0.0,479.6809087259945,474.82801124341389,479.9155515164115,487.7365394340769,517.1916184725831,510.68181458958937,507.7647836601088,515.31208843716,514.0243356432462,0.0,81.16067339652307,81.16067339652307,60.0,0.0,60.0,60.0,16.0,16.0,16.0,12.0,12.0,12.0,21.0,10.0,0.0,0.0,0.0,0.0,0.0,0.0,0.0,0.0,0.0,0.0,0.0,0.0,0.0,81.16067339652307,81.16067339652307,0.0,0.0,0.0,81.16067339652307,0.0,0.0,0.0017733333333333334 
 02/16  12:30:00,7.395,60.0,5.675000000000001,92.0,704.0,0.0,0.0,0.0,0.0,0.0,0.0,0.0,0.0,0.0,0.0,94.0,0.0,2135.719934223506,56.46067015622688,144.68007006389659,64.03884454849089,1704.4988201664783,0.0,56.460670156226857,77.1860166553803,0.0,0.0,16.782659426915026,128.303551697677,18.849955602957139,-832.2817843312514,16.770589433305326,11.3633442206592,16.801254447189529,-19.538240709068306,14.158654655791147,18.220949740510834,18.54757911061302,-405.67299416284416,15.27740842290737,123.99098420301562,14.106843286347548,7.834051411377686,14.554370764999156,-20.92748805089741,413.172237007876,434.6044441809163,0.0,0.0,0.0,0.0,0.0,0.0,0.0,0.0,0.0,0.0,0.0,0.0,0.0,0.0,0.0,0.0,0.0,0.0,0.0,0.0,0.0,0.0,0.8246509433423036,0.25172495218019039,238.53427986778838,283.2528765708935,4637.712912346637,0.08861392873102501,0.01352471439728709,235.99706751662326,279.8501489837052,4761.792760666899,0.9312358755868577,0.1759704980322861,140.1305299534315,166.5349303045311,2667.9080905116854,0.1896679245636549,0.03584049972858179,91.56711681661399,108.84416647308639,1723.800931338231,0.0,0.0,9.454915128623086,11.332506682459437,133.2357426390085,0.0,0.0,92.16040633660077,109.1511881229309,1920.201426002118,0.0,0.0,280.93022811064096,335.20961760624467,4676.249444845015,0.0,0.0,27.847062589316559,33.40040002276303,381.38678605498907,0.0,0.0,146.47158080904479,175.4763872017385,2103.3121328656804,37.0838327792877,25.4347275578105,196.7947470835224,234.71944279944737,3951.343654361462,0.0,0.0,170.2579670141554,204.03957747186287,2418.779833509547,0.0,17.06086213805313,33.68433495696259,22.0,30.0,0.0,17.471474582846477,32.712734905116018,16.0,30.0,0.0,16.822266985759794,34.29490505669787,22.0,30.0,0.0,16.757112763497547,34.49140338120941,16.0,30.0,0.0,14.339771443305088,40.745089123133848,12.0,30.0,0.0,17.79744178058925,32.58327121061668,16.0,30.0,0.0,15.639517354574302,37.361812226679088,10.0,30.0,0.0,14.139326719432776,41.26324762763879,12.0,30.0,0.0,14.475705215421016,40.357005019143169,12.0,30.0,0.0,15.795943369076209,0.0,0.0,0.0,14.38440001415071,0.0,0.0,476.81270554871056,473.856116068808,480.96202151255587,482.72806087091836,513.9063884195603,506.65246855630786,506.1405956750693,512.8803958164004,511.7412622548466,0.0,81.16067339652307,81.16067339652307,60.0,0.0,60.0,60.0,16.0,16.0,16.0,12.0,12.0,12.0,21.0,10.0,0.0,0.0,0.0,0.0,0.0,0.0,0.0,0.0,0.0,0.0,0.0,0.0,0.0,81.16067339652307,81.16067339652307,0.0,0.0,0.0,81.16067339652307,0.0,0.0,0.0017566666666666666 
 02/16  12:40:00,7.486666666666666,59.0,5.723333333333334,93.33333333333334,674.1666666666667,0.0,0.0,0.0,0.0,0.0,0.0,0.0,0.0,0.0,0.0,94.0,0.0,2113.869284143477,56.061593679125049,143.65737038438216,63.383651333292409,1687.0599173974384,0.0,56.06159367912502,76.64044885529715,0.0,0.0,16.77810769024378,121.04133810720214,18.940178331654459,-789.6246067208422,16.757824661429923,34.0652482675805,16.789667040595995,-18.646110430595856,14.192471132004016,18.94172544074064,18.649355229398937,-419.7334779734724,15.317758124369228,134.41560742057482,14.089840631043519,14.575211754030306,14.590322211022219,-8.091020051633678,390.27964723896278,420.558780522073,0.0,0.0,0.0,0.0,0.0,0.0,0.0,0.0,0.0,0.0,0.0,0.0,0.0,0.0,0.0,0.0,0.0,0.0,0.0,0.0,0.0,0.0,0.7984297293769279,0.24372091861322588,225.36701223702287,267.6172001034906,4342.705510162106,0.09031135959748985,0.01378378504235193,222.8142595297318,264.1382189137342,4494.45675856129,0.947373547889431,0.17901994480147985,162.09784347200807,192.6343764423939,3058.7848997924736,0.19369008992209775,0.03660054609261105,95.24966339943635,113.22524811338914,1774.1473802756087,0.0,0.0,9.57344539157229,11.473100831063338,133.87792992940889,0.0,0.0,93.42273405166017,110.61192418105616,1946.0617796802522,0.0,0.0,282.6919192854044,337.2367540538267,4690.699929789993,0.0,0.0,28.966807577591717,34.74423565482453,391.1476628035392,0.0,0.0,145.92144144327706,174.78429019907567,2084.884693675445,37.22788511650787,25.533528886493749,183.38493021758738,218.76536031356384,3666.6896276895806,0.0,0.0,170.42950538325153,204.17902371458477,2421.662368731224,0.0,17.06581482721056,33.593874423739467,22.0,30.0,0.0,17.563007244388673,32.463435080015077,16.0,30.0,0.0,16.838318425093179,34.173458577076058,22.0,30.0,0.0,16.749758323976466,34.47810386040397,16.0,30.0,0.0,14.37929567518584,40.59695539620115,12.0,30.0,0.0,17.890057961573445,32.36284942646102,16.0,30.0,0.0,15.706979043360903,37.146900793076039,10.0,30.0,0.0,14.135834876543843,41.21837705118542,12.0,30.0,0.0,14.533097782306888,40.154048518376949,12.0,30.0,0.0,15.749982049626376,0.0,0.0,0.0,14.479681695315893,0.0,0.0,475.9182615961404,473.4685749854239,478.0630978958839,483.0906691737116,511.02126699313279,504.89084693402278,503.15805104496908,509.1295662906091,507.9435766872454,0.0,81.16067339652307,81.16067339652307,60.0,0.0,60.0,60.0,16.0,16.0,16.0,12.0,12.0,12.0,21.0,10.0,0.0,0.0,0.0,0.0,0.0,0.0,0.0,0.0,0.0,0.0,0.0,0.0,0.0,81.16067339652307,81.16067339652307,0.0,0.0,0.0,81.16067339652307,0.0,0.0,0.00174 
 02/16  12:50:00,7.578333333333333,58.0,5.771666666666667,94.66666666666667,644.3333333333334,0.0,0.0,0.0,0.0,0.0,0.0,0.0,0.0,0.0,0.0,94.0,0.0,2084.5620573763155,55.63491281260662,142.56393157390344,62.5048759425253,1663.6699964076707,0.0,55.63491281260659,76.05714376206153,0.0,0.0,16.80792293350015,147.08653592239353,18.965370299804673,-875.0607702727393,16.739554351818307,35.23419657291379,16.781756706545158,-11.74045510170754,14.22332418147191,19.579690882078638,18.736043898155054,-424.59826052990368,15.348079116080829,136.46129375484453,14.076747155940066,20.776570979267036,14.625948770979108,2.3524966335098727,411.1314885993406,414.5067667754911,0.0,0.0,0.0,0.0,0.0,0.0,0.0,0.0,0.0,0.0,0.0,0.0,0.0,0.0,0.0,0.0,0.0,0.0,0.0,0.0,0.0,0.0,0.7951935755855988,0.24273308168058572,246.14257776669795,292.2172243365497,4731.699466611686,0.07484303900268102,0.011422930250714442,244.78997743775705,290.226122646964,4878.299204575669,0.9461363268531513,0.17878615397829776,161.7657729030066,192.2420887116343,3023.0951590119855,0.19526289698767675,0.03689775075352923,105.93645518660422,125.93161283417014,1953.087616842342,0.0,0.0,9.546241405346727,11.439257723670087,132.36737749532069,0.0,0.0,94.18602113071086,111.48516712581518,1959.7689031663836,0.0,0.0,283.66458242623318,338.34768987072,4679.640542243781,0.0,0.0,29.91463913170159,35.881316274802539,398.440186358224,0.0,0.0,146.4330518308038,175.36492755302769,2080.962744944166,37.38447574420055,25.640929865706835,205.261055727901,244.79147824262106,4029.8102668682588,0.0,0.0,171.63362180471564,205.55680259691096,2438.7401440911369,0.0,17.1399916773912,33.3705965176394,22.0,30.0,0.0,17.53333433129599,32.41589780019149,16.0,30.0,0.0,16.83982649360632,34.089322356063927,22.0,30.0,0.0,16.748678297100875,34.39512379951004,16.0,30.0,0.0,14.413237034978803,40.4605000322697,12.0,30.0,0.0,17.973041056609448,32.146251582818958,16.0,30.0,0.0,15.75230350282916,36.98831442852768,10.0,30.0,0.0,14.136584696964368,41.17582271564068,12.0,30.0,0.0,14.588161789774537,39.97399896238344,12.0,30.0,0.0,15.837869732555136,0.0,0.0,0.0,14.573548609789004,0.0,0.0,475.15317348772279,471.25630574105466,477.04716407246687,480.092001414928,508.21454029373668,501.95672594536878,500.6603424689843,506.86441489372398,505.99369005008739,0.0,81.16067339652307,81.16067339652307,60.0,0.0,60.0,60.0,16.0,16.0,16.0,12.0,12.0,12.0,21.0,10.0,0.0,0.0,0.0,0.0,0.0,0.0,0.0,0.0,0.0,0.0,0.0,0.0,0.0,81.16067339652307,81.16067339652307,0.0,0.0,0.0,81.16067339652307,0.0,0.0,0.0017266666666666666 
 02/16  13:00:00,7.67,57.0,5.82,96.0,614.5,0.0,0.0,0.0,0.0,0.0,0.0,0.0,0.0,0.0,0.0,94.0,0.0,2048.1985888970318,55.18755697951055,141.41751063600089,61.41452231903193,1634.6485612914995,0.0,55.187556979510528,75.44557442204678,0.0,0.0,16.77475090148114,116.02847444964482,19.041694075213955,-790.1862198068147,16.73429690172449,59.55176802398182,16.77345954875951,-10.321311720847007,14.252081284120445,20.37228974577647,18.806225808828175,-432.966213354126,15.386824450737766,144.74165784092657,14.067189309765242,26.935707339269017,14.661567976628709,12.615607408887627,384.66608706723675,404.2393790773858,0.0,0.0,0.0,0.0,0.0,0.0,0.0,0.0,0.0,0.0,0.0,0.0,0.0,0.0,0.0,0.0,0.0,0.0,0.0,0.0,0.0,0.0,0.7622409635541484,0.2326742867991906,230.77478576461145,274.036336806722,4366.86666423029,0.08427455013810433,0.01286241607724425,218.95903727648469,259.51140347110768,4367.94568493093,0.9581711615300634,0.18106031019086619,181.36068983724943,215.51376152836728,3362.483257256504,0.1985640806960239,0.03752155719879514,109.5676654608727,130.25212643988989,1998.9771768385606,0.0,0.0,9.676644085393586,11.594419673228204,132.95881057908938,0.0,0.0,94.80114592180367,112.18928990921161,1967.1650755757792,0.0,0.0,284.6883466806667,339.50029534723486,4678.210344306709,0.0,0.0,30.772913616577726,36.91058693997463,404.43907080684127,0.0,0.0,145.56371583597645,174.2931375502654,2057.098378133825,37.52922159613864,25.740206856062178,189.14848030541649,225.62923291790896,3696.151077374819,0.0,0.0,171.30624999327055,205.11414275964806,2427.382086978776,0.0,17.07937219689201,33.39027157061101,22.0,30.0,0.0,17.637885813302895,32.13329160977284,16.0,30.0,0.0,16.864170145003166,33.96873046750606,22.0,30.0,0.0,16.744886517774618,34.32371654484967,16.0,30.0,0.0,14.443440371352083,40.33035199541243,12.0,30.0,0.0,18.038510497413865,31.969033985645554,16.0,30.0,0.0,15.813736442138465,36.79280486201096,10.0,30.0,0.0,14.141141003328844,41.10873634673092,12.0,30.0,0.0,14.642011457283675,39.7796293805197,12.0,30.0,0.0,15.777769294883623,0.0,0.0,0.0,14.647649809634919,0.0,0.0,473.05377797156589,471.0590131238003,476.13876486499626,478.8967278436241,505.4626871608528,499.56707756778789,498.5364055887548,504.06369398751499,503.15133957194618,0.0,81.16067339652307,81.16067339652307,60.0,0.0,60.0,60.0,16.0,16.0,16.0,12.0,12.0,12.0,21.0,10.0,0.0,0.0,0.0,0.0,0.0,0.0,0.0,0.0,0.0,0.0,0.0,0.0,0.0,81.16067339652307,81.16067339652307,0.0,0.0,0.0,81.16067339652307,0.0,0.0,0.0017133333333333335 
 02/16  13:10:00,7.736666666666666,56.5,5.760000000000001,97.33333333333333,584.6666666666667,0.0,0.0,0.0,0.0,0.0,0.0,0.0,0.0,0.0,0.0,94.0,0.0,2005.1834626742582,54.72626707777477,140.23538149394674,60.12472181010402,1600.318507224598,0.0,54.72626707777474,74.81495615379355,0.0,0.0,16.829415517258398,167.66189486718214,19.022255238489128,-917.9166428649323,16.705750045980275,40.03672692191776,16.770854177664213,-1.0428930529828904,14.278746372715299,20.61695713147202,18.867229390904475,-432.1920764128304,15.406894542084995,141.78853192499265,14.05957867128177,31.747037898808345,14.695144552300928,18.9737455677041,415.39978151922699,401.2962427903267,0.0,0.0,0.0,0.0,0.0,0.0,0.0,0.0,0.0,0.0,0.0,0.0,0.0,0.0,0.0,0.0,0.0,0.0,0.0,0.0,0.0,0.0,0.7826038533144191,0.23889006511429157,258.9133139800068,307.3059802927832,4924.615924025604,0.06083212143696422,0.009284511818828483,258.8689253737971,306.8980791789574,5083.223267496729,0.9345563813435515,0.17659795565826753,160.3985826657286,190.6143014069621,2945.2562756673958,0.19604826546610505,0.03704615749548469,120.83295028602072,143.63424333488778,2189.288252506702,0.0,0.0,9.511779533571435,11.39524568739365,129.89971805146264,0.0,0.0,95.21741983851878,112.65247806529422,1974.2884289694883,0.0,0.0,283.7438894307254,338.330648930031,4636.953426490366,0.0,0.0,31.29170796556822,37.53025186521859,407.33599333954717,0.0,0.0,145.8492172449676,174.59666297473093,2055.2994935838739,37.286278577453298,25.573579271229979,219.49748314021148,261.6992370196599,4218.331271113207,0.0,0.0,171.9229981620552,205.78934068927556,2437.8144501381218,0.0,17.201863719847954,33.05760541168488,22.0,30.0,0.0,17.54744850108815,32.18176134398234,16.0,30.0,0.0,16.837247857111028,33.91836192091774,22.0,30.0,0.0,16.751368698092869,34.23491273136322,16.0,30.0,0.0,14.469871797821878,40.2071598770037,12.0,30.0,0.0,18.100048861087318,31.79461480103198,16.0,30.0,0.0,15.836474847534295,36.67756757156964,10.0,30.0,0.0,14.146413821477767,41.03547469349787,12.0,30.0,0.0,14.690489377065444,39.5983626925038,12.0,30.0,0.0,15.909169471663234,0.0,0.0,0.0,14.721421565554346,0.0,0.0,472.4706985410645,469.1147230906043,474.12778194883148,477.62574014256736,502.96218021811577,497.3001574815116,496.22006999652396,501.46415375134429,500.6642114045819,0.0,81.16067339652307,81.16067339652307,60.0,0.0,60.0,60.0,16.0,16.0,16.0,12.0,12.0,12.0,21.0,10.0,0.0,0.0,0.0,0.0,0.0,0.0,0.0,0.0,0.0,0.0,0.0,0.0,0.0,81.16067339652307,81.16067339652307,0.0,0.0,0.0,81.16067339652307,0.0,0.0,0.0017 
 02/16  13:20:00,7.803333333333335,56.00000000000001,5.700000000000001,98.66666666666667,554.8333333333333,0.0,0.0,0.0,0.0,0.0,0.0,0.0,0.0,0.0,0.0,94.0,0.0,1955.914841096695,54.25754373465081,139.03420239274076,58.64741321561017,1560.9976043938612,0.0,54.25754373465078,74.17417580759813,0.0,0.0,16.734255462680978,85.53004590780984,19.11000657969347,-747.785868921259,16.7108101207091,84.93283818194687,16.761049657577339,-8.63044067117653,14.30418726132293,21.298387344901245,18.910990273654386,-440.6813434993046,15.448332612478535,153.24076024619536,14.05418719232615,36.7400094488288,14.727527344699002,25.661992728980296,386.51074618343048,388.74209500622239,0.0,0.0,0.0,0.0,0.0,0.0,0.0,0.0,0.0,0.0,0.0,0.0,0.0,0.0,0.0,0.0,0.0,0.0,0.0,0.0,0.0,0.0,0.7307017341705502,0.22304692740248786,245.76477314815487,291.88379072531645,4549.004859479008,0.08387466435925127,0.012801383449214176,207.00970023416915,245.26650225466316,4103.222584647512,0.9665017117652761,0.18263448823984816,196.8385352875558,233.87478788399268,3600.280833922611,0.20019187741555775,0.037829152950785659,108.33069061078003,128.77217960526114,1946.3279435757459,0.0,0.0,9.705758513038996,11.626054185889139,131.70227705221823,0.0,0.0,95.60764478719637,113.09284413614636,1976.975785636724,0.0,0.0,284.3785965361624,338.99325313688959,4645.730854518437,0.0,0.0,31.963615099155679,38.33321493153788,412.19210447425737,0.0,0.0,143.94100407414826,172.27617782436946,2021.8803979825755,37.04809241303674,25.410214275059503,204.83461492825084,244.25294569866095,3915.1954472061727,0.0,0.0,170.28008964250624,203.77733387917059,2408.2097854484206,0.0,17.009213803036368,33.32482369662497,22.0,30.0,0.0,17.711139554272667,31.804830757403175,16.0,30.0,0.0,16.878554219761275,33.75221286117898,22.0,30.0,0.0,16.740721948466754,34.15867506327048,16.0,30.0,0.0,14.494384174970623,40.08409590481835,12.0,30.0,0.0,18.140486209778897,31.661328167552328,16.0,30.0,0.0,15.902718770597732,36.456774961129649,10.0,30.0,0.0,14.153498952014472,40.95737710077329,12.0,30.0,0.0,14.73623931001499,39.424073874054538,12.0,30.0,0.0,15.854923566288532,0.0,0.0,0.0,14.771396235083456,0.0,0.0,470.5914156948683,468.75931361651558,473.3265140256703,475.883068684587,500.50845510446995,495.1827106449632,493.94454187515069,499.2050907594091,498.4858449057556,0.0,81.16067339652307,81.16067339652307,60.0,0.0,60.0,60.0,16.0,16.0,16.0,12.0,12.0,12.0,21.0,10.0,0.0,0.0,0.0,0.0,0.0,0.0,0.0,0.0,0.0,0.0,0.0,0.0,0.0,81.16067339652307,81.16067339652307,0.0,0.0,0.0,81.16067339652307,0.0,0.0,0.0017066666666666665 
 02/16  13:30:00,7.87,55.5,5.640000000000001,100.0,525.0,0.0,0.0,0.0,0.0,0.0,0.0,0.0,0.0,0.0,0.0,94.0,0.0,1900.773383444881,53.787588452565497,137.82986508635475,56.99401051386329,1516.9896539489144,0.0,53.787588452565469,73.53171130744342,0.0,0.0,16.85399977417007,198.96293838369457,19.03494614627947,-963.4906798856864,16.659676899843558,23.506328373551697,16.762089784762606,7.247298128783768,14.32746019321683,20.986446512563135,18.949700611291339,-432.09690200711477,15.450239666061317,140.4018675479765,14.048998294206445,39.80245872451803,14.756704939701717,28.24477594599921,425.0314747878265,391.16680606487446,0.0,0.0,0.0,0.0,0.0,0.0,0.0,0.0,0.0,0.0,0.0,0.0,0.0,0.0,0.0,0.0,0.0,0.0,0.0,0.0,0.0,0.0,0.78621733792821,0.23999308239566853,285.2383498254521,338.44576744975168,5383.515539879706,0.03601400663530351,0.005496643259356458,287.23027211945836,340.5107222153521,5552.3947099773299,0.9033446327306135,0.17070004397781819,139.06174388750143,165.265669255321,2507.415104131087,0.19134810472293838,0.036157994089746469,127.00741409476292,150.95990165294996,2267.071144046549,0.0,0.0,9.311569620818532,11.152512743683803,125.46999476417791,0.0,0.0,95.77166480239127,113.26384161837307,1975.8807721926649,0.0,0.0,281.5508862877252,335.62288439503518,4553.426378342379,0.0,0.0,32.090528955999278,38.48283061077691,409.79238762716838,0.0,0.0,144.95784826033336,173.46114729847128,2027.6398773029512,36.771024741690059,25.220181578662598,248.50538871074674,296.1529329944661,4666.730043552438,0.0,0.0,171.43804409907407,205.10666609865454,2423.366621103015,0.0,17.268048848111378,32.732000643843637,22.0,30.0,0.0,17.52978873418954,32.07401071932604,16.0,30.0,0.0,16.800442726974443,33.78837683293526,22.0,30.0,0.0,16.753321235799068,34.045178578064888,16.0,30.0,0.0,14.515013416837196,39.96910362836804,12.0,30.0,0.0,18.185940992190454,31.50714374566196,16.0,30.0,0.0,15.888064991880006,36.429767197184428,10.0,30.0,0.0,14.158519323975997,40.87748554785009,12.0,30.0,0.0,14.775158731490749,39.259621675844268,12.0,30.0,0.0,16.012152888689923,0.0,0.0,0.0,14.836558276960572,0.0,0.0,469.8343654942316,467.4129364893747,471.68132382448757,474.56112449274925,498.20785062592759,492.6975426051647,492.3129604828074,496.904607083698,496.1935622651298,0.0,81.16067339652307,81.16067339652307,60.0,0.0,60.0,60.0,16.0,16.0,16.0,12.0,12.0,12.0,21.0,10.0,0.0,0.0,0.0,0.0,0.0,0.0,0.0,0.0,0.0,0.0,0.0,0.0,0.0,81.16067339652307,81.16067339652307,0.0,0.0,0.0,81.16067339652307,0.0,0.0,0.0017133333333333335 
 02/16  13:40:00,7.936666666666667,55.0,5.58,100.83333333333334,501.5,0.0,0.0,0.0,0.0,0.0,0.0,0.0,0.0,0.0,0.0,188.0,0.0,1856.7207640181662,53.29882004065789,136.5773332925762,55.67310270571562,1481.8316031793575,0.0,53.29882004065786,72.86352783250881,0.0,0.0,16.775076886523999,109.94912454654878,19.08567453631489,-790.5489924692452,16.661555256129213,77.47860892790959,16.75229165055647,-6.065605663870883,14.349180801497515,21.801605890521729,18.97542284646913,-436.57707254757886,15.486498473602286,156.59315694022917,14.04570905170718,45.23258503990195,14.782670279540222,39.003063970911629,400.7555918486664,380.43782720796346,0.0,0.0,0.0,0.0,0.0,0.0,0.0,0.0,0.0,0.0,0.0,0.0,0.0,0.0,0.0,0.0,0.0,0.0,0.0,0.0,0.0,0.0,0.7338834513089902,0.22401814753021682,273.89117405849938,325.6724179608126,5040.566622574121,0.06053209538314356,0.009238720296572583,235.3340359538451,279.2301699669864,4566.472249531477,0.9419382497593362,0.17799286654560404,180.80180452386169,215.2520218306273,3244.2967999505065,0.19494253337502999,0.036837213411759248,104.58119136333176,124.48098272813442,1850.2265833948127,0.0,0.0,9.509767174534808,11.40805500262597,127.13299421428414,0.0,0.0,95.9922637175749,113.69976028682294,1970.723325518179,0.0,0.0,281.79015028525955,336.3843773363345,4549.777252756276,0.0,0.0,32.75022494754532,39.33640826398519,414.11869522258237,0.0,0.0,142.6534275107274,170.95656525358164,1984.8865557321445,36.53362624108045,25.057356818299355,235.50573702146594,281.11968096356869,4392.4839986767769,0.0,0.0,169.37349121001456,202.93269645378968,2383.624082735917,0.0,17.09612790822537,32.95501016752423,22.0,30.0,0.0,17.646638741317149,31.722966320075867,16.0,30.0,0.0,16.835288848289538,33.60957001176974,22.0,30.0,0.0,16.73988676446025,33.948721698281079,16.0,30.0,0.0,14.531849482601743,39.8656241415424,12.0,30.0,0.0,18.205839725022856,31.397102411809287,16.0,30.0,0.0,15.9455161822423,36.1946317888849,10.0,30.0,0.0,14.165454325408384,40.781715024190379,12.0,30.0,0.0,14.80812917843566,39.0859269142082,12.0,30.0,0.0,15.973009493722075,0.0,0.0,0.0,14.875302054331236,0.0,0.0,468.1222731972555,466.1525912632736,470.1001476815121,472.9813624297867,496.27758245816906,490.4100689035013,489.2374605475537,494.56242839280938,493.4417888884394,0.0,81.16067339652307,81.16067339652307,60.0,0.0,60.0,60.0,16.0,16.0,16.0,12.0,12.0,12.0,21.0,10.0,0.0,0.0,0.0,0.0,0.0,0.0,0.0,0.0,0.0,0.0,0.0,0.0,0.0,81.16067339652307,81.16067339652307,0.0,0.0,0.0,81.16067339652307,0.0,0.0,0.00172 
 02/16  13:50:00,8.003333333333334,54.5,5.52,101.66666666666666,478.0,0.0,0.0,0.0,0.0,0.0,0.0,0.0,0.0,0.0,0.0,94.0,0.0,1775.5945466003705,50.07689443842738,128.32123914072995,53.24056246316497,1417.085523774287,0.0,50.07689443842735,68.45891126476279,0.0,0.0,16.784648604530838,124.76305409634915,19.107951813453668,-768.3354897721392,16.654143436874145,94.59948876854651,16.737941676980168,-7.387176613557585,14.37144247653071,21.915958050573864,18.988339726015814,-439.484337038798,15.514913870449219,156.23194125379815,14.043365269474224,47.89750641930027,14.813064401306804,37.61834111360895,368.2089131229832,370.27139268333579,0.0,0.0,0.0,0.0,0.0,0.0,0.0,0.0,0.0,0.0,0.0,0.0,0.0,0.0,0.0,0.0,0.0,0.0,0.0,0.0,0.0,0.0,0.7058841733894536,0.21547135939849014,246.83771807939253,293.01250287538366,4520.834410460913,0.06470403053450714,0.009875462535791689,227.28366159105577,269.26139577854686,4410.220612926947,0.9546278267756301,0.18039074580038368,200.1160217661608,237.76812120483926,3565.8887600627019,0.1967519835926871,0.037179135221596198,101.32252289505121,120.43430540700146,1776.4209407620593,0.0,0.0,9.555497722587186,11.442102045432492,126.87633543632322,0.0,0.0,96.08613745695658,113.60928861081465,1964.3724608888609,0.0,0.0,281.12291440193999,334.97124326340477,4524.127228571153,0.0,0.0,33.01427004195893,39.58498690009941,413.62885847589436,0.0,0.0,141.22174282356657,168.93091070427313,1958.3580607719119,36.26617079201115,24.873916866948674,208.2343540810109,248.24006920427679,3880.014559207572,0.0,0.0,167.96019239432446,200.87755655472533,2352.73549309043,0.0,17.118601405486936,32.77944437317105,22.0,30.0,0.0,17.705271085271766,31.495016198015425,16.0,30.0,0.0,16.84650558096785,33.47047080284849,22.0,30.0,0.0,16.725025237753923,33.84344362453982,16.0,30.0,0.0,14.552661322678004,39.70416944107567,12.0,30.0,0.0,18.22820109628735,31.26540907156805,16.0,30.0,0.0,15.985533141765215,36.00616864915969,10.0,30.0,0.0,14.17382681432511,40.63250848454834,12.0,30.0,0.0,14.851488065232318,38.86601014554809,12.0,30.0,0.0,15.900006103519534,0.0,0.0,0.0,14.909200403169303,0.0,0.0,466.7068268220674,464.7657711336306,468.50684721495517,471.1344634636438,493.0428123073075,487.7586164515786,486.7339534974877,490.98174220150249,490.27933878270297,0.0,81.16067339652307,81.16067339652307,60.0,0.0,60.0,60.0,16.0,16.0,16.0,12.0,12.0,12.0,21.0,10.0,0.0,0.0,0.0,0.0,0.0,0.0,0.0,0.0,0.0,0.0,0.0,0.0,0.0,81.16067339652307,81.16067339652307,0.0,0.0,0.0,81.16067339652307,0.0,0.0,0.0017133333333333335 
 02/16  14:00:00,8.07,54.0,5.46,102.5,454.5,0.0,0.0,0.0,0.0,0.0,0.0,0.0,0.0,0.0,0.0,94.0,0.0,1725.8339537739637,49.479144002882048,126.78944604155777,51.74850393132763,1377.3720011491853,0.0,49.47914400288202,67.6417411010701,0.0,0.0,16.854063886637904,182.30536078756269,19.047431509112465,-900.6913192132925,16.629202466578435,68.85215441817036,16.734316045840829,5.71710236335457,14.392683296471139,21.797428899456464,19.001572283846607,-429.25346343926187,15.523461421538304,148.1145591003842,14.039258407393227,49.34331326303459,14.834974076258469,36.091400949713719,388.37540356966476,374.2019314757981,0.0,0.0,0.0,0.0,0.0,0.0,0.0,0.0,0.0,0.0,0.0,0.0,0.0,0.0,0.0,0.0,0.0,0.0,0.0,0.0,0.0,0.0,0.7293990568234406,0.22264928474464003,265.3650459987501,314.8334817118661,4898.453491204773,0.03697435983615671,0.0056432173132107319,266.92099458270396,316.3381837927883,5080.596247812083,0.9247118304513444,0.17473768527047332,177.4848514692959,210.8914087794754,3129.8687503070448,0.19491158010622398,0.036831364343579729,123.05767702470685,146.2605188046448,2141.1025492505589,0.0,0.0,9.35093707286473,11.19597060812004,123.20425495704976,0.0,0.0,95.61659823460076,113.04091819382022,1945.7138954672017,0.0,0.0,280.06915698835368,333.70131585094159,4468.652432938821,0.0,0.0,33.27086398082798,39.89039167735406,412.48547185448498,0.0,0.0,142.31594020009895,170.2162962952231,1961.451265669883,36.012103530844608,24.699659486176008,228.9138766023067,272.79470210411878,4214.875368699533,0.0,0.0,169.24529655764918,202.37308349518947,2362.942853673427,0.0,17.263278299935125,32.41903772313259,22.0,30.0,0.0,17.584957635377344,31.62545723580373,16.0,30.0,0.0,16.817401822970998,33.43021503164578,22.0,30.0,0.0,16.729184930895057,33.75365899843892,16.0,30.0,0.0,14.56952521388895,39.57963173108489,12.0,30.0,0.0,18.248736348366408,31.157325709760138,16.0,30.0,0.0,15.984262437453007,35.936379641415069,10.0,30.0,0.0,14.176185849092695,40.55116756268857,12.0,30.0,0.0,14.877135919978226,38.73367350575606,12.0,30.0,0.0,15.989750903434807,0.0,0.0,0.0,14.954569504578219,0.0,0.0,465.79546989284196,463.31229353556668,467.459357474281,469.66372625452086,490.8058229550993,485.69449248383509,485.0613267784585,489.21477076069706,488.67336036871429,0.0,81.16067339652307,81.16067339652307,60.0,0.0,60.0,60.0,16.0,16.0,16.0,12.0,12.0,12.0,21.0,10.0,0.0,0.0,0.0,0.0,0.0,0.0,0.0,0.0,0.0,0.0,0.0,0.0,0.0,81.16067339652307,81.16067339652307,0.0,0.0,0.0,81.16067339652307,0.0,0.0,0.0017066666666666665 
 02/16  14:10:00,8.09,54.0,5.376666666666667,103.33333333333334,431.0,0.0,0.0,0.0,0.0,0.0,0.0,0.0,0.0,0.0,0.0,94.0,0.0,1672.7329095819717,48.87817782495954,125.24941317039266,50.1562837805786,1334.9925019556973,0.0,48.878177824959518,66.8201747737471,0.0,0.0,16.72306833584588,71.63519013586665,19.106056644315424,-711.6236944874763,16.647651783875344,122.73875099287398,16.724323257094306,-2.85758958590759,14.414229546662997,22.281932060444036,19.003110659944328,-433.59105581749648,15.556800127800335,158.1588434305122,14.037171180357689,52.75219339726516,14.857241456624815,39.73021676703502,370.1555081696006,363.4755320467684,0.0,0.0,0.0,0.0,0.0,0.0,0.0,0.0,0.0,0.0,0.0,0.0,0.0,0.0,0.0,0.0,0.0,0.0,0.0,0.0,0.0,0.0,0.6724262488391823,0.20525831771647816,262.83603967344149,312.1214441695691,4700.396240253451,0.07185058581517215,0.010966206626247276,203.01205324005768,240.4631227904183,3917.134891232122,0.9656033889042218,0.18246473713231713,215.7239997029195,256.2679141181193,3817.799370409,0.2010271398826504,0.037986987884098707,111.85155255868584,132.94428023994716,1939.170482359566,0.0,0.0,9.57677874719233,11.465362428387867,126.12145646499237,0.0,0.0,95.52584319558734,112.92934644291802,1940.4916002756057,0.0,0.0,280.8248783705581,334.5342590545771,4497.105554816751,0.0,0.0,33.71075751098168,40.416011876794019,416.88520989235777,0.0,0.0,140.40528136666883,167.91057894171116,1936.9213507394746,35.73342527934429,24.50852213946797,224.17461849198438,267.1732992065984,4105.746002061123,0.0,0.0,167.4190884236572,200.17015570198138,2337.145570920936,0.0,16.990045934530629,32.86423425857768,22.0,30.0,0.0,17.738910622093234,31.26090449979842,16.0,30.0,0.0,16.877286209489435,33.239158137429487,22.0,30.0,0.0,16.71637829220766,33.68993028460387,16.0,30.0,0.0,14.58718220188065,39.45306302695574,12.0,30.0,0.0,18.25154958650319,31.09417879748787,16.0,30.0,0.0,16.035035214412056,35.742387442752519,10.0,30.0,0.0,14.181094843112064,40.457852953466538,12.0,30.0,0.0,14.904435895222463,38.58825354183203,12.0,30.0,0.0,15.953018643107134,0.0,0.0,0.0,14.974449115720079,0.0,0.0,464.3159087870752,462.9140328196847,466.4406497907572,468.77658694793146,488.7163436894179,484.2043249784357,483.19358055716909,487.2714622241574,486.7422114193048,0.0,81.16067339652307,81.16067339652307,60.0,0.0,60.0,60.0,16.0,16.0,16.0,12.0,12.0,12.0,21.0,10.0,0.0,0.0,0.0,0.0,0.0,0.0,0.0,0.0,0.0,0.0,0.0,0.0,0.0,81.16067339652307,81.16067339652307,0.0,0.0,0.0,81.16067339652307,0.0,0.0,0.0017 
 02/16  14:20:00,8.11,54.00000000000001,5.293333333333334,104.16666666666666,407.5,0.0,0.0,0.0,0.0,0.0,0.0,0.0,0.0,0.0,0.0,188.0,0.0,1616.6312808006683,48.27556795367845,123.70516939591026,48.474092822386889,1290.2182710251562,0.0,48.275567953678429,65.9963613929867,0.0,0.0,16.80299856558719,176.56333778448244,19.052294733397223,-844.5648081267395,16.61181750092475,66.38950487280454,16.723510530424599,8.040704089494284,14.432942159612736,21.80332840135793,19.002022389422537,-424.4150996069384,15.556892957474585,148.28774065427843,14.034941930928403,55.153079623654949,14.876222656254232,44.011134061182477,380.43114642555977,362.8947328483355,0.0,0.0,0.0,0.0,0.0,0.0,0.0,0.0,0.0,0.0,0.0,0.0,0.0,0.0,0.0,0.0,0.0,0.0,0.0,0.0,0.0,0.0,0.7204912704554163,0.21993018023669604,273.0152065486048,324.5529185483615,4967.26221586803,0.03815493301732094,0.005823402475171084,258.7254827933382,307.11632325000746,4927.301487730027,0.9149757233274254,0.17289790690238583,171.80009294854797,204.38293273962877,3017.1484186414365,0.1932108842944975,0.036509993252928477,121.77704507961187,144.99610971786334,2107.1144730263088,0.0,0.0,9.251687733093146,11.093232922864744,121.655093994554,0.0,0.0,95.4464123777984,113.01491736379993,1935.807500995902,0.0,0.0,277.25379946521459,330.8309215098912,4418.608194166899,0.0,0.0,33.642154849244779,40.398215314347229,414.76225341728266,0.0,0.0,140.01600287996309,167.7075809972054,1931.009494319279,35.39886663214768,24.27905804674053,237.4459396701655,283.4160675026786,4329.345378060096,0.0,0.0,166.94256290128073,199.90469711758755,2333.3419152723338,0.0,17.16922214202979,32.406803279876317,22.0,30.0,0.0,17.640339866270997,31.369407581512527,16.0,30.0,0.0,16.82049095492446,33.222664368386428,22.0,30.0,0.0,16.72365216267155,33.56538602277728,16.0,30.0,0.0,14.599320281765632,39.35276026273527,12.0,30.0,0.0,18.25859498741687,30.993594031041739,16.0,30.0,0.0,16.018589519919688,35.67817072713936,10.0,30.0,0.0,14.184168218944042,40.36048074881961,12.0,30.0,0.0,14.925081799666675,38.43460234415498,12.0,30.0,0.0,16.00685106693128,0.0,0.0,0.0,15.005580371778408,0.0,0.0,463.25931824406777,461.56393132805939,464.8285495506274,467.095325237299,487.0819208611556,481.9445814755725,481.0755041730447,485.35153215545815,484.470248349298,0.0,81.16067339652307,81.16067339652307,60.0,0.0,60.0,60.0,16.0,16.0,16.0,12.0,12.0,12.0,21.0,10.0,0.0,0.0,0.0,0.0,0.0,0.0,0.0,0.0,0.0,0.0,0.0,0.0,0.0,81.16067339652307,81.16067339652307,0.0,0.0,0.0,81.16067339652307,0.0,0.0,0.0016833333333333334 
 02/16  14:30:00,8.129999999999999,54.0,5.21,105.0,384.0,0.0,0.0,0.0,0.0,0.0,0.0,0.0,0.0,0.0,0.0,94.0,0.0,1557.8509071191409,47.671807495754588,122.1579788482491,46.71158133410099,1243.3061659552937,0.0,47.671807495754567,65.1709750730542,0.0,0.0,16.84217760047681,175.0985024683905,19.002132785088507,-853.4493884665571,16.59240035831317,79.49492961893975,16.717113102276117,5.938323285338811,14.454452621306907,21.672440446466056,18.99407752877557,-419.7940147271006,15.571280332230126,147.2882581451504,14.033324395460279,55.37951916210352,14.897119950797672,38.104764969612919,369.51999521323617,359.7022173864243,0.0,0.0,0.0,0.0,0.0,0.0,0.0,0.0,0.0,0.0,0.0,0.0,0.0,0.0,0.0,0.0,0.0,0.0,0.0,0.0,0.0,0.0,0.7151708058062986,0.21830610677847943,257.9295884575672,306.01488944949787,4718.843501433927,0.03979618617974519,0.006073898989582599,259.60461237408,307.64947038505218,4907.9914601704699,0.9228309512324352,0.17438226591693793,182.45998478056024,216.80070729324025,3189.138955929493,0.19383147026933099,0.03662726195565588,119.17701789422604,141.6459542352888,2056.227464502767,0.0,0.0,9.231736013004725,11.050581014466835,121.37373888833339,0.0,0.0,95.07038671052719,112.3835712319332,1924.8423965014056,0.0,0.0,276.7113328480971,329.6224230267771,4407.043242030789,0.0,0.0,33.831484487938329,40.558061063298428,416.0121664413759,0.0,0.0,139.6624286818597,166.9886685100652,1927.640332238357,35.08502556798595,24.063803544571994,222.56072268858035,265.2058547330102,4066.8228290025137,0.0,0.0,166.6268930623627,199.1761898181519,2330.811293029631,0.0,17.241744899455374,32.17747464684949,22.0,30.0,0.0,17.581695866181954,31.374724630829229,16.0,30.0,0.0,16.801963119955937,33.16503540491272,22.0,30.0,0.0,16.717078629682609,33.446732182814859,16.0,30.0,0.0,14.61750224904505,39.180132045511118,12.0,30.0,0.0,18.258954054184707,30.886484843416534,16.0,30.0,0.0,16.032149073901178,35.55423099939484,10.0,30.0,0.0,14.18717637178717,40.223577503770759,12.0,30.0,0.0,14.949523474770779,38.263215350825387,12.0,30.0,0.0,15.988507436313805,0.0,0.0,0.0,15.030449326242385,0.0,0.0,462.1039081839934,459.8802093404415,463.4942379813678,465.39589634410938,484.2895850683186,479.3530028924803,479.10994573948599,482.7242658001801,482.16447123090799,0.0,81.16067339652307,81.16067339652307,60.0,0.0,60.0,60.0,16.0,16.0,16.0,12.0,12.0,12.0,21.0,10.0,0.0,0.0,0.0,0.0,0.0,0.0,0.0,0.0,0.0,0.0,0.0,0.0,0.0,81.16067339652307,81.16067339652307,0.0,0.0,0.0,81.16067339652307,0.0,0.0,0.0016666666666666668 
 02/16  14:40:00,8.149999999999999,54.0,5.126666666666667,102.33333333333333,361.5,0.0,0.0,0.0,0.0,0.0,0.0,0.0,0.0,0.0,0.0,94.0,0.0,1488.204548766709,45.93303823303007,117.702371143676,44.623255951305349,1187.7220056664192,0.0,45.93303823303004,62.793945666545869,0.0,0.0,16.733314512677294,81.15172846205678,19.022829308538584,-707.6763827052419,16.60586980723224,125.67133099194416,16.705628353842849,-1.179350275933757,14.473153670821472,21.983164042042348,18.973323235110134,-419.40557317199957,15.59541864965911,153.91548933643026,14.031936368976336,58.060915606196548,14.91434790766132,40.79841697666234,356.97801704162068,350.8035611215282,0.0,0.0,0.0,0.0,0.0,0.0,0.0,0.0,0.0,0.0,0.0,0.0,0.0,0.0,0.0,0.0,0.0,0.0,0.0,0.0,0.0,0.0,0.664967336125875,0.2029814823339057,260.58822890278557,309.40778620151806,4638.966171614169,0.06692105061054597,0.010213835563270144,208.10404351627879,246.5219597384839,3968.3611697417115,0.9581437677393473,0.18105513373759406,214.9627347965568,255.37121864188863,3766.2271801110166,0.1994567960884147,0.0376902486939559,110.96514159884447,131.88860553227983,1907.1576052323106,0.0,0.0,9.397097358093922,11.247695623771357,123.4201318879315,0.0,0.0,94.68775642504481,111.93291895837953,1910.8112134977062,0.0,0.0,277.25606478412188,330.2238937516951,4423.033936848692,0.0,0.0,34.18297092378518,40.977962017237697,419.17595463140307,0.0,0.0,138.26767118217286,165.30558532683029,1908.159069224396,34.80281432373651,23.87024302039542,223.45673753335979,266.2862248437282,4054.5601309961868,0.0,0.0,165.2862141045681,197.55763001947646,2310.0319974862129,0.0,17.011326932476423,32.55800232268641,22.0,30.0,0.0,17.685656482801539,31.12278858878717,16.0,30.0,0.0,16.849707941715257,33.007889078790999,22.0,30.0,0.0,16.70240237144875,33.422575571167929,16.0,30.0,0.0,14.631364366321677,39.055054396377197,12.0,30.0,0.0,18.245639429019158,30.867116113344584,16.0,30.0,0.0,16.06655711194616,35.39040732488427,10.0,30.0,0.0,14.190760236693455,40.110042135578378,12.0,30.0,0.0,14.969461545437147,38.1192235245462,12.0,30.0,0.0,15.965941477337927,0.0,0.0,0.0,15.045012258582024,0.0,0.0,460.7007437223859,459.2781696808607,462.66299992383298,464.6314383249397,482.39608001645146,478.30519300446897,477.36308385291445,480.7266608928306,480.26825504908217,0.0,81.16067339652307,81.16067339652307,60.0,0.0,60.0,60.0,16.0,16.0,16.0,12.0,12.0,12.0,21.0,10.0,0.0,0.0,0.0,0.0,0.0,0.0,0.0,0.0,0.0,0.0,0.0,0.0,0.0,81.16067339652307,81.16067339652307,0.0,0.0,0.0,81.16067339652307,0.0,0.0,0.00165 
 02/16  14:50:00,8.17,54.0,5.043333333333334,99.66666666666667,339.0,0.0,0.0,0.0,0.0,0.0,0.0,0.0,0.0,0.0,0.0,94.0,0.0,1416.6563035251614,44.20023786334309,113.2620608194176,42.477903846756067,1130.6199744146416,0.0,44.20023786334307,60.42507618935002,0.0,0.0,16.84985842276255,194.36977754656983,18.91117227341431,-872.1283529678658,16.54781577552658,44.53957301261653,16.70641910170631,16.082795627140514,14.489888543555239,21.095698795153113,18.95030851933172,-405.68789577088458,15.581571387375537,137.68631782638296,14.029542559326199,58.472308488373418,14.929756301647127,39.952391434629138,380.56127011863648,353.482669175276,0.0,0.0,0.0,0.0,0.0,0.0,0.0,0.0,0.0,0.0,0.0,0.0,0.0,0.0,0.0,0.0,0.0,0.0,0.0,0.0,0.0,0.0,0.7394758371976923,0.22572522502982063,279.49303809312826,331.5628273580895,5098.358632908284,0.023915097449294557,0.00365004539824398,282.6683060629844,335.04732635031027,5279.704849435973,0.879119515416666,0.16612235741055676,149.1084831091806,177.19588513441145,2580.294760928612,0.18810888537524796,0.035545896707340877,131.61952427217688,156.42678927138395,2259.070574507497,0.0,0.0,8.95482111280208,10.717646845955953,117.43126747945081,0.0,0.0,94.3577943345637,111.5431102527514,1898.9570454517323,0.0,0.0,273.24246305519486,325.4814637740213,4325.367338463169,0.0,0.0,33.87094835927376,40.602618782584659,414.01475681256968,0.0,0.0,138.93973930208626,166.0945691474703,1916.3071080548639,34.44652274727206,23.625872940515828,246.38994586739188,293.507928283487,4450.412507096655,0.0,0.0,165.78058007935125,198.12485832980156,2319.0345446383187,0.0,17.25743362357678,32.00629529445497,22.0,30.0,0.0,17.506913222782026,31.424386082658076,16.0,30.0,0.0,16.747686424306126,33.13566312534824,22.0,30.0,0.0,16.714640778694269,33.32462075827489,16.0,30.0,0.0,14.64192088547699,38.94371777433876,12.0,30.0,0.0,18.23820872106223,30.8004405491411,16.0,30.0,0.0,16.02448423450271,35.42291163495634,10.0,30.0,0.0,14.191545365975753,40.0391226247179,12.0,30.0,0.0,14.986122486504641,38.01476650642605,12.0,30.0,0.0,16.06223200505427,0.0,0.0,0.0,15.07222261175892,0.0,0.0,459.98632829279128,458.4652455321025,461.3940675198032,463.4438477205778,480.6899371137047,476.4295074209681,476.16415143293167,479.44623440661777,479.03839332811648,0.0,81.16067339652307,81.16067339652307,60.0,0.0,60.0,60.0,16.0,16.0,16.0,12.0,12.0,12.0,21.0,10.0,0.0,0.0,0.0,0.0,0.0,0.0,0.0,0.0,0.0,0.0,0.0,0.0,0.0,81.16067339652307,81.16067339652307,0.0,0.0,0.0,81.16067339652307,0.0,0.0,0.0016466666666666666 
 02/16  15:00:00,8.19,54.0,4.96,97.0,316.5,0.0,0.0,0.0,0.0,0.0,0.0,0.0,0.0,0.0,0.0,188.0,0.0,1343.585894732837,42.47450195771108,108.83985572833626,40.28691090003802,1072.30312600347,0.0,42.474501957711058,58.06586437010792,0.0,0.0,16.767462777161037,98.60284154537476,18.90433379743882,-716.677187028265,16.551061757365944,100.94907450316805,16.6931599069203,-3.2887480378449256,14.504958389739599,21.279535009416663,18.91634275901014,-405.9890398588054,15.602035291896492,147.26751125609645,14.027912906677912,60.307250983370128,14.942639164966899,40.970213283035949,360.2231263547287,341.3701338115725,0.0,0.0,0.0,0.0,0.0,0.0,0.0,0.0,0.0,0.0,0.0,0.0,0.0,0.0,0.0,0.0,0.0,0.0,0.0,0.0,0.0,0.0,0.6879420125021356,0.2099945093107862,271.5626084738858,322.862614756683,4843.378886425601,0.05249143832151197,0.00801151378533455,229.72070351729904,272.5631061589444,4311.487251251667,0.9241129385114503,0.1746245159696619,190.86724981060164,227.21336546333328,3303.924979705346,0.1909579780948794,0.03608427401641711,99.68431030352456,118.63888356524743,1703.4770212659058,0.0,0.0,9.124329458963797,10.938195424021096,119.39682507559709,0.0,0.0,93.90393705729776,111.19273489104676,1881.5628755478788,0.0,0.0,272.2310215894836,324.7640912863099,4313.472423890929,0.0,0.0,34.15977558800819,41.01455879604364,416.17811616716537,0.0,0.0,135.91521606618964,162.73032280327335,1871.9741928477809,34.1499922164139,23.422491232108308,236.48536707294785,282.1871834308305,4252.493879832518,0.0,0.0,162.68995036747979,194.74084232101499,2268.278316145296,0.0,17.07281147123417,32.30820531035461,22.0,30.0,0.0,17.583334500945669,31.207959627680994,16.0,30.0,0.0,16.77846573303357,32.990884434221147,22.0,30.0,0.0,16.694742925243749,33.285673860936,16.0,30.0,0.0,14.650084607895712,38.849411361911787,12.0,30.0,0.0,18.21621373066392,30.771273829354525,16.0,30.0,0.0,16.055012655092655,35.246220332505178,10.0,30.0,0.0,14.193532323921332,39.94013630289898,12.0,30.0,0.0,14.998793298463909,37.87718951029515,12.0,30.0,0.0,16.01625075941756,0.0,0.0,0.0,15.071159885790714,0.0,0.0,458.8017663603747,457.34193089390785,460.15151528392786,462.301484165028,479.27799499819687,474.8412224536695,474.0625283111717,477.760115245882,477.0330717602341,0.0,81.16067339652307,81.16067339652307,60.0,0.0,60.0,60.0,16.0,16.0,16.0,12.0,12.0,12.0,21.0,10.0,0.0,0.0,0.0,0.0,0.0,0.0,0.0,0.0,0.0,0.0,0.0,0.0,0.0,81.16067339652307,81.16067339652307,0.0,0.0,0.0,81.16067339652307,0.0,0.0,0.0016433333333333335 
 02/16  15:10:00,8.145,54.166666666666667,4.765000000000001,94.33333333333334,294.0,0.0,0.0,0.0,0.0,0.0,0.0,0.0,0.0,0.0,0.0,950.0,0.0,1203.2115667725466,39.33346459434163,100.79102370220656,36.07784587400627,960.2717716709452,0.0,39.333464594341609,53.771828157406897,0.0,0.0,17.87105130224775,-785.1811948896727,19.068138521357747,190.42586359807877,18.024219554906183,-2169.976076058053,17.015931920567789,1031.5076999407327,14.516726932867062,27.247891506521197,18.872804488436548,-335.23226418991,15.754152113600984,372.8177124714271,14.029870602571155,75.0246837603941,15.933745383642977,-129.1602359535193,633.3518459755569,319.50346011061506,0.0,0.0,0.0,0.0,0.0,0.0,0.0,0.0,0.0,0.0,0.0,0.0,0.0,0.0,0.0,0.0,0.0,0.0,0.0,0.0,0.0,0.0,0.8199879977783798,0.25030158662343707,316.69724830147939,374.583588774772,6756.497758914507,0.20470178164221007,0.031242640665782977,245.19197183671609,290.70640182174608,4877.798701364445,0.7502491901841384,0.14177044410131116,480.5077046119366,567.6645918040307,10536.61904270399,0.2851222918045872,0.053877984090058058,377.7157436856693,448.88332828455477,7031.162440350715,0.0,0.0,10.450081700582281,12.541325440326407,137.83908902003368,0.0,0.0,85.7338284328872,101.65451083271735,1726.122740827338,0.0,0.0,214.28228072225375,255.7430067324261,3530.6263843876979,0.0,0.0,43.37374075550195,52.132135465203997,533.2524220484899,0.0,0.0,103.22512833663932,123.08686789784761,1743.1518478004312,34.70035071142913,23.79996619439585,600.0800824484612,714.1047554134495,11268.998856790866,0.0,0.0,102.55524024229476,122.94484579923378,1438.8633458702785,1982.9068591057522,18.719041597144466,29.063169785937139,21.999999999999998,30.0,0.0,18.023927834843577,30.344587080549628,15.999999999999999,30.0,4492.39597764723,18.961863635553209,28.62507475762836,21.999999999999998,30.0,0.0,17.356272791713864,31.69946515171653,15.999999999999999,30.0,0.0,14.65818195700194,38.705491401518468,12.0,30.0,0.0,18.22293156128103,30.597921264072466,15.999999999999999,30.0,0.0,16.348259408536817,34.30999850915939,10.0,30.0,0.0,14.204103727697414,39.77487743888156,12.0,30.0,1584.3344774947144,16.53728045282535,34.12338674742769,16.599999999999999,30.0,0.0,16.87914711587404,0.0,0.0,0.0,15.053126996974303,0.0,0.0,457.27207008245559,457.3048442293809,456.9414904722489,458.03763183709477,477.0057051432783,471.3166501239195,468.51232529426,475.3484160638045,472.5946187017079,10566.8258562003,81.01782318567465,86.59734769676783,60.0,0.0,60.0,60.0,16.0,16.0,16.0,16.0,12.0,12.0,21.0,10.0,1.0,0.0,1982.9068591057522,0.0,4492.39597764723,0.0,0.0,0.0,0.0,1584.3344774947144,8443.926707394652,5066356.024436791,6629694.1393639449,81.01782318567465,86.69210654571639,0.3494642235798217,0.7647116382626165,0.3602813740196596,86.69210654571639,0.3542647819438876,6629694.1393639449,0.3463840952469251 
 02/16  15:20:00,8.1,54.33333333333334,4.57,91.66666666666667,271.5,0.0,0.0,0.0,0.0,0.0,0.0,0.0,0.0,0.0,0.0,285.0,0.0,1133.0790993767615,37.68899797405767,96.57707394469174,33.974946630778919,904.2996734346856,0.0,37.68899797405765,51.523717612646468,0.0,0.0,18.617592982936338,-1229.4728774099095,19.64199235415701,189.18608898358489,18.896133778351094,-3182.6044579230235,17.799980250617254,800.9246675773269,14.540433618247935,33.05858693588384,18.887877271805153,-261.8514588813954,16.11773224017633,357.85703669224179,14.043893742416014,72.15146975737068,15.810521510664785,-102.33952911253803,801.1939964475748,348.9725298561043,0.0,0.0,0.0,0.0,0.0,0.0,0.0,0.0,0.0,0.0,0.0,0.0,0.0,0.0,0.0,0.0,0.0,0.0,0.0,0.0,0.0,0.0,0.9529454057862214,0.29088687600312,361.26643600365608,425.5664935006192,8463.829426363658,0.2577187294336296,0.03933436041416812,288.5488212341317,340.85536915751927,6298.433516780721,0.8157267915957278,0.15414338465527739,533.7202424707145,628.041844337228,12852.034343498586,0.3061203293876023,0.05784586723121734,408.74864282815619,483.6328205061853,8578.244252034048,0.0,0.0,10.850563482346344,13.011985956385488,144.63475071113906,0.0,0.0,78.41689377602495,92.88000149307722,1599.5879536306657,0.0,0.0,214.86177011812397,255.60479145011076,3818.916083687357,0.0,0.0,46.57251354153442,55.936143740086908,579.3262881960815,0.0,0.0,81.8206281473538,97.57365760091577,1343.9870350604395,35.033389728736917,24.028388016966333,689.068812906833,817.7684281818872,13928.84036874187,0.0,0.0,99.03582856723742,118.53738248630647,1406.3731483219513,1853.9723937952873,19.87375076834687,26.9954455459102,21.999999999999994,29.99999999999999,0.0,19.056148817113447,28.432583397610175,15.999999999999993,29.99999999999999,4194.939499829936,20.260272073117219,26.332609269219299,21.999999999999994,29.99999999999999,0.0,18.636402774712669,29.16517444850528,15.999999999999993,29.99999999999999,0.0,14.682580613380825,38.43385195399496,11.999999999999995,29.99999999999999,0.0,18.314683585627298,30.248663160734247,15.999999999999993,29.99999999999999,0.0,16.938077716208086,32.890997080876228,9.999999999999997,29.99999999999999,0.0,14.231785870509292,39.540561658533579,11.999999999999995,29.99999999999999,0.0,16.275207003856424,34.50885207104784,15.999999999999993,29.99999999999999,0.0,17.73525133577078,0.0,0.0,0.0,15.070966957132125,0.0,0.0,456.70576726459276,457.277928896114,456.0757659797095,456.73474430563899,473.22222021583277,467.54201768607177,465.4703187445207,472.56586985230208,469.33898178659538,12967.022666814712,79.42968148186123,87.85687822296282,59.99999999999998,0.0,59.99999999999998,59.99999999999998,16.0,16.0,16.0,16.0,12.0,12.0,21.0,10.0,1.0,0.0,1853.9723937952873,0.0,4194.939499829936,0.0,0.0,0.0,0.0,0.0,12750.477234690163,7650286.340814101,9965432.260175465,79.42968148186123,87.99999999999997,0.42501590782300538,0.7677075292236362,0.36028137401965945,87.99999999999997,0.35426478194388735,9965432.260175465,0.5198591441957908 
 02/16  15:30:00,8.055,54.5,4.375,89.0,249.0,0.0,0.0,0.0,0.0,0.0,0.0,0.0,0.0,0.0,0.0,285.0,0.0,1064.7181273857728,35.994616949051138,92.23522571750579,31.92516538641329,849.7413930209625,0.0,35.99461694905112,49.20737029238195,0.0,0.0,19.259234334060588,-1103.1531827815066,20.159487294890618,518.6987033255971,19.716231060881577,-2913.4033719467618,18.428453091314308,1121.3609676829222,14.574117835955015,44.64507263602294,18.93440074933534,-200.3050168138115,16.361775777301295,419.5321788933453,14.082654050927486,120.51365027379434,16.074452688432836,-188.70463252882639,1072.3255641391839,491.13961328535927,0.0,0.0,0.0,0.0,0.0,0.0,0.0,0.0,0.0,0.0,0.0,0.0,0.0,0.0,0.0,0.0,0.0,0.0,0.0,0.0,0.0,0.0,1.1719907404426394,0.3577505312706468,403.54161691652839,473.9868425732808,10133.10315758571,0.3059051344815278,0.04668881783906101,311.71706259144926,366.99073981461506,7398.8252526609689,0.9334013123403675,0.17637968865086307,535.3625207797987,627.3236263620963,14147.269933566427,0.3274412342358213,0.061874760815536857,413.6709293141771,487.61218599435576,9557.61634430592,0.0,0.0,11.436513969980647,13.712452842284336,154.40182630394274,0.0,0.0,73.33817544103204,86.81448045487875,1522.4764215558112,0.0,0.0,257.86988792548598,306.57654619544607,4769.78856973041,0.0,0.0,49.10262635669139,58.95740914485148,622.6826339792515,0.0,0.0,108.69578974295026,129.57703091812543,1864.913040874385,35.820491859691859,24.568238586894279,727.9490589518175,860.2694241922177,16511.402764045513,0.0,0.0,141.6492089392877,169.49476676758594,2125.915054271629,1893.71990356568,20.769420657350929,25.490123686898956,21.999999999999994,29.99999999999999,0.0,19.983828237677597,26.781850206430009,15.999999999999993,29.99999999999999,4251.968159516161,21.4436663507113,24.42033317050381,21.999999999999994,29.99999999999999,0.0,19.673596677272543,27.268842278834769,15.999999999999993,29.99999999999999,0.0,14.723429504842127,38.12784283450254,11.999999999999995,29.99999999999999,0.0,18.454487986980938,29.853367831482254,15.999999999999993,29.99999999999999,0.0,17.315289247910568,31.95603403878151,9.999999999999997,29.99999999999999,0.0,14.306928276239493,38.989155482087017,11.999999999999995,29.99999999999999,1055.6574005480789,16.671393761625717,33.478508821958389,16.66666666666666,29.99999999999999,0.0,18.922210522337907,0.0,0.0,0.0,15.396398012891739,0.0,0.0,455.3572560107242,456.1516628753859,454.7594716717949,455.35407081118736,469.62135242449826,464.71632519914706,462.2986191733596,466.4994679020351,465.695398226051,12741.61503094207,79.57890387145037,87.8593701926051,59.99999999999998,0.0,59.99999999999998,59.99999999999998,16.0,16.0,16.0,16.0,12.0,12.0,21.0,10.0,1.0,0.0,1893.71990356568,0.0,4251.968159516161,0.0,0.0,0.0,0.0,1055.6574005480789,12528.833839473866,7517300.303684322,9827225.715756255,79.57890387145037,87.99999999999997,0.4176277946491288,0.764997814126711,0.36028137401965945,87.99999999999997,0.35426478194388735,9827225.715756255,0.5126890705526586 
 02/16  15:40:00,8.01,54.66666666666667,4.18,79.16666666666667,255.33333333333332,0.0,0.0,0.0,0.0,0.0,0.0,0.0,0.0,0.0,0.0,855.0,0.0,1045.502728150164,32.448196650996219,83.14762661971158,31.34898762192561,834.4056421085295,0.0,32.448196650996198,44.35914487395842,0.0,0.0,19.727524229044407,-1008.6415031487333,20.563808466990407,421.2501644595407,19.74986704293412,-2379.122619970133,18.900782889974307,947.131593562891,14.616538300206429,57.55265894883033,19.827890931249294,-348.0996550368399,16.705702503024498,506.55440207174407,15.162773159722331,-22.711517672773306,16.17898824150473,-203.64672564858817,1164.0375150395506,707.8194299824368,0.0,0.0,0.0,0.0,0.0,0.0,0.0,0.0,0.0,0.0,0.0,0.0,0.0,0.0,0.0,0.0,0.0,0.0,0.0,0.0,0.0,0.0,1.234470587526454,0.3768225236649746,398.9731042814991,467.7763207665781,10609.029421752082,0.3080797283141072,0.04702071555465627,298.9499957936825,351.5885839110418,7441.7161754710209,1.0438012345357076,0.19724135195308205,520.5234676196316,610.0391072028035,14073.476757138615,0.326592271259546,0.061714336972703429,385.27239755863578,453.58119137771186,9392.205370109907,0.0,0.0,12.406850128283676,14.882901988541896,169.81661272723708,0.0,0.0,84.3731512579561,99.48048010623643,1970.5261200803744,0.0,0.0,286.3388367585957,339.7834249868544,5655.166536691892,0.0,0.0,37.87136962937131,45.29059260832203,595.8116669177151,0.0,0.0,130.97946047238453,156.0310724174774,2282.0174409176645,35.83000149741355,24.574760972162986,677.2427719575036,799.5717150957505,16215.818173381222,0.0,0.0,160.29619095085307,191.65148973153277,2480.273903185249,1885.8797619925668,21.4447752251262,24.37429506812676,22.000000000000047,30.000000000000065,0.0,20.585332664620336,25.730980558332506,16.000000000000033,30.000000000000065,2829.444139081652,21.63471880211278,24.07852689858057,21.666666666666715,30.000000000000065,0.0,20.319996082655388,26.127871141636047,16.000000000000033,30.000000000000065,0.0,14.772225878274448,37.828499454952069,12.000000000000029,30.000000000000065,1197.8673239862699,19.720026055825114,27.484283869234,19.77777777777782,30.000000000000065,0.0,17.863649181199514,30.768878494938418,10.000000000000022,30.000000000000065,1376.9499550755673,15.998247658308495,34.857347038695198,17.00000000000004,30.000000000000065,151.3303147737759,16.732224536858959,33.19146003290826,16.222222222222255,30.000000000000065,0.0,19.473561597355933,0.0,0.0,0.0,15.628153969960465,0.0,0.0,453.7810725847165,454.5791496458641,453.33877633023288,453.94579781707747,466.515389253762,462.0593513753582,460.32157124319147,463.5829781124182,462.9831635902064,10315.662742070945,81.18388921711706,85.92141299183125,60.00000000000013,0.0,60.00000000000013,60.00000000000013,16.0,16.0,19.0,16.0,16.0,12.0,21.0,10.0,1.0,0.0,1885.8797619925668,0.0,2829.444139081652,0.0,1197.8673239862699,0.0,1376.9499550755673,151.3303147737759,7169.503817052959,4301702.290231767,5633744.93519211,81.18388921711706,86.0018718730255,0.3523167939017657,0.7651273317331988,0.36028137401966039,86.0018718730255,0.3542647819438883,5633744.93519211,0.2946447366299898 
 02/16  15:50:00,7.965,54.833333333333339,3.9850000000000005,69.33333333333334,261.6666666666667,0.0,0.0,0.0,0.0,0.0,0.0,0.0,0.0,0.0,0.0,380.0,0.0,1083.1843276221098,30.043305334653213,76.98512819284356,32.47883595046351,864.478749811439,0.0,30.043305334653199,41.071476118274009,0.0,0.0,19.97499374609091,-1008.148165778447,20.85478527424943,269.0907324292689,19.84728576472731,-2047.8909752038345,19.091338456750138,841.8709826299232,14.680279780230585,61.79951304085263,19.770233950350077,-321.91818778952577,16.841433338574768,320.35782231030819,15.408766443649935,-23.7786280172117,15.850477586164104,-11.020504312039066,1175.3171141965186,795.8167718385421,0.0,0.0,0.0,0.0,0.0,0.0,0.0,0.0,0.0,0.0,0.0,0.0,0.0,0.0,0.0,0.0,0.0,0.0,0.0,0.0,0.0,0.0,1.2407285777136914,0.3787327770798814,350.4225746849546,410.3982067436984,9493.62374392889,0.29566748779276688,0.0451262954506665,268.79968462522199,315.5411371888794,6916.244614341028,1.1195983150127798,0.21156430744761529,491.50396842517719,575.6472630027172,13278.959292249725,0.33343736099162477,0.06300781575805455,380.71624396715228,447.6150825105495,9454.558170717426,0.0,0.0,12.417620662165128,14.886202926034063,173.00913950167016,0.0,0.0,85.21072532011658,100.46331525213812,1986.5637743607945,0.0,0.0,328.3984408456603,389.43562302461319,6574.317754416582,0.0,0.0,28.747772725806045,34.288492666903938,485.03052465627828,0.0,0.0,179.23025751087514,213.8442952857858,2963.854095016548,35.49379392560316,24.344165929768978,641.7076843004822,756.6301766514866,15720.500337004189,0.0,0.0,205.3798466101814,245.13148448260263,3363.4758239250706,1794.535865112507,21.66415585182123,24.009439511722929,22.0,30.0,0.0,20.974182722331795,25.072254930516399,16.0,30.0,2869.074555328728,21.639533265989614,24.028480034910137,21.75,30.0,0.0,20.50098395089622,25.78984501361127,16.0,30.0,0.0,14.851470701258402,37.451147037337637,12.0,30.0,0.0,19.696401569572374,27.42365870474968,19.0,30.0,0.0,17.98096571645678,30.473382738739219,10.0,30.0,0.0,16.334298415404228,33.960887510385187,16.0,30.0,0.0,16.187632468095705,34.22094775766283,16.0,30.0,0.0,19.669800912853117,0.0,0.0,0.0,16.075089734084047,0.0,0.0,452.88151967489446,453.5048499984979,452.27445496240906,452.93971566506306,463.357387336729,460.08700860776727,459.00005184207478,461.45568163579579,460.45226630870197,10449.99924885837,81.09500800446152,86.51188972503718,60.0,0.0,60.0,60.0,16.0,16.0,19.0,16.0,16.0,12.0,21.0,10.0,1.0,0.0,1794.535865112507,0.0,2869.074555328728,0.0,0.0,0.0,0.0,0.0,8197.476176155655,4918485.705693392,6439953.410679232,81.09500800446152,86.60388635946575,0.3582492058718551,0.763828015112215,0.36028137401965956,86.60388635946575,0.3542647819438875,6439953.410679232,0.3365842440219868 
 02/16  16:00:00,7.92,55.0,3.79,59.5,268.0,0.0,0.0,0.0,0.0,0.0,0.0,0.0,0.0,0.0,0.0,285.0,0.0,1060.2537199591762,26.214151022998978,67.17303279692693,31.791258696274548,846.1779222317134,0.0,26.214151022998963,35.83673186785053,0.0,0.0,20.14069731158977,-1219.5114329181668,21.02606557836998,235.16012444916988,20.238380877556418,-1923.7715493398223,19.245346108090069,750.2191263126333,14.736359730167163,59.67036364238838,19.581104114816378,-275.0948512616227,16.807711141707473,314.1753873839149,15.576348276114932,-24.48888508552634,15.74299819575431,91.6595308534789,1173.9445002061532,784.3482452144499,0.0,0.0,0.0,0.0,0.0,0.0,0.0,0.0,0.0,0.0,0.0,0.0,0.0,0.0,0.0,0.0,0.0,0.0,0.0,0.0,0.0,0.0,1.2684999839440945,0.3872100073089425,335.6913379430081,392.8802607110724,9192.557020056514,0.28948055783362516,0.044182014321371389,252.07050204632018,295.5851595530112,6611.711580515304,1.165104662818393,0.22016339055525215,420.0104360065811,491.22370438972737,11664.096200892716,0.33791968000010338,0.06385481481483438,374.24578496191756,439.67195175964988,9426.735108878627,0.0,0.0,12.226063631567369,14.649137497410374,172.999195074079,0.0,0.0,82.30020351382882,97.10890375456627,1876.706752224558,0.0,0.0,337.9435726507009,400.86022547212419,6708.728537686735,0.0,0.0,25.909027465818846,30.87167179759459,451.54294797508376,0.0,0.0,193.33493803582423,230.7639845242922,3154.830922903354,35.05533323688961,24.0434384340807,618.1758192746454,728.286950996921,15408.840981324029,0.0,0.0,217.14286424622117,259.10181026741187,3591.771716455367,1817.4041746297526,21.775020258649186,23.80989364258842,22.000000000000019,30.00000000000002,0.0,21.18968185570342,24.707903402563617,16.000000000000015,30.00000000000002,3269.153555936589,21.98730323019417,23.48158989895156,22.000000000000019,30.00000000000002,0.0,20.642878149035057,25.528917367287993,16.000000000000015,30.00000000000002,0.0,14.915844708097995,37.16850249151327,12.00000000000001,30.00000000000002,0.0,19.38176435139365,27.905652859279017,19.000000000000015,30.00000000000002,0.0,17.843554150836856,30.67269092782816,10.000000000000007,30.00000000000002,757.6623570382094,16.62181316468769,33.27120308795852,16.66666666666668,30.00000000000002,6.739343631109128,16.022237561547354,34.50754404117871,16.000000000000015,30.00000000000002,0.0,19.82072374343452,0.0,0.0,0.0,16.12213167353542,0.0,0.0,452.017037486615,452.72950273395807,451.49327678676448,452.16098936091955,461.199379671057,458.80204377529426,457.7224259909277,459.8902914143654,459.1078168369098,11673.625969979785,80.28558278388691,87.87117152082053,60.00000000000004,0.0,60.00000000000004,60.00000000000004,16.0,16.0,19.0,16.0,16.0,12.0,21.0,10.0,1.0,0.0,1817.4041746297526,0.0,3269.153555936589,0.0,0.0,0.0,757.6623570382094,6.739343631109128,11478.679879031784,6887207.927419066,8989076.2451043,80.28558278388691,88.00000000000007,0.3826226626343928,0.7661251564368201,0.3602813740196598,88.00000000000007,0.3542647819438878,8989076.2451043,0.4691552980787569 
 02/16  16:10:00,7.698333333333334,56.0,3.5783333333333338,49.666666666666667,274.3333333333333,0.0,0.0,0.0,2.0,0.0,0.0,0.0,0.0,0.0,4.0,380.0,0.0,1034.4352772255346,22.288630996088057,57.11400250317107,31.017090763413969,825.5723404547907,0.0,22.28863099608804,30.47024837872817,0.0,0.0,20.149277541038843,-1129.746065150654,21.113257100256474,102.37023050288963,19.991245808665835,-973.2033317759683,19.267480834699734,488.2762400770698,14.781653587211596,54.87239733039222,19.631035483325279,-71.14681055843232,16.845245986215656,347.0564459894565,15.529184659288898,-24.588561059414987,16.258379281518225,-194.3164615494693,1113.8738018081477,653.1651531054998,0.0,0.0,0.0,0.0,0.0,0.0,0.0,0.0,0.0,0.0,0.0,0.0,0.0,0.0,0.0,0.0,0.0,0.0,0.0,0.0,0.0,0.0,1.2621746951589226,0.3852792109764721,268.6711821057915,314.6745358904245,7418.416166196388,0.2623738599515009,0.04004485041994825,183.82320210914544,215.58397169304957,4928.872180091443,1.2534723474492303,0.2368617436600965,300.0946186734002,351.8897886436839,8104.18004845519,0.323273379404054,0.06108718431671464,312.381341668765,367.234633519829,7969.870629458457,0.0,0.0,12.030242727649452,14.415653192895617,176.61216412968003,0.0,0.0,15.953275665045555,18.818978430517097,373.78727675470386,0.0,0.0,223.32960892360587,264.9884711739896,4533.872002704358,0.0,0.0,27.71802064448647,33.04577038879241,482.4241204541293,0.0,0.0,143.09071600053958,170.38105229193699,2629.0829065192867,34.41983304839136,23.607567248553754,487.7352260728828,575.102425828575,12427.078320440876,0.0,0.0,165.81460009911295,198.06273659467298,2750.988009806918,1717.681101914386,21.65121924149765,23.99544464497246,22.0,30.0,0.0,21.265886103717944,24.56818988157989,16.0,30.0,0.0,21.305831249749749,25.182650529682847,21.0,30.0,0.0,20.568402467429704,26.07486139729309,16.0,30.0,0.0,14.958970011306164,36.96160497872866,12.0,30.0,0.0,19.482732993352529,29.09865970858074,19.0,30.0,0.0,17.856959468797677,30.536301242171896,10.0,30.0,0.0,16.388273244749894,33.68684052198386,16.0,30.0,877.2609029790377,16.843042799084313,32.67894088213964,16.5,30.0,0.0,19.691401836701759,0.0,0.0,0.0,15.892924259780305,0.0,0.0,453.7892096105483,453.0190018296721,489.62353254906318,474.8511511953749,459.4930848836111,547.5924681359485,455.57682871691267,458.7478299630388,457.96589441402667,8012.771620219035,82.70667507323991,82.70667507323991,1744.0,0.0,1744.0,1744.0,16.0,16.0,19.0,16.0,16.0,12.0,21.0,10.0,1.0,0.0,1717.681101914386,0.0,0.0,0.0,0.0,0.0,0.0,877.2609029790377,0.0,0.0,0.0,82.70667507323991,82.70667507323991,0.34,0.7709891873462316,0.36028137401965956,82.70667507323991,0.3542647819438875,0.0,0.050576 
 02/16  16:20:00,7.476666666666667,57.0,3.3666666666666669,39.83333333333333,280.6666666666667,0.0,0.0,0.0,2.0,0.0,0.0,0.0,0.0,0.0,4.0,190.0,0.0,1005.2407328371212,18.263106892701669,46.798714210497227,30.141691734667327,802.2723243272639,0.0,18.26310689270166,24.96705173527939,0.0,0.0,20.282932141973086,-1270.8907764546303,21.14229061747736,110.98799108331878,20.22141855381873,-1099.8050787394196,19.0979637957926,467.3614799759098,14.826784572599394,54.50021409539852,19.781556550094174,-78.36737430409363,16.902176645530717,288.5518221216821,15.618943603503562,-43.941791262607868,15.962238054976027,-54.492725645053727,1080.149050949387,726.0821776284538,0.0,0.0,0.0,0.0,0.0,0.0,0.0,0.0,0.0,0.0,0.0,0.0,0.0,0.0,0.0,0.0,0.0,0.0,0.0,0.0,0.0,0.0,1.1424372895149993,0.34872933135378489,279.20518733574036,326.587896861669,7877.010477315514,0.24105561818491945,0.03679115051662385,187.77073291713809,219.9789214300604,5119.442648885288,1.593045339209315,0.3010289756631359,280.6719239342528,328.45978672046649,7844.768871587288,0.329345075221779,0.06223451912732028,297.2290912202038,349.46076591760046,7503.012027686911,0.0,0.0,11.970915663433058,14.3307559261997,182.14202477765668,0.0,0.0,16.068902800550334,18.916014924672667,390.9043254205713,0.0,0.0,240.98740053934137,285.59641553792559,5016.526377201455,0.0,0.0,33.02635219589713,39.3231394082698,601.6839096968956,0.0,0.0,155.80648948379929,185.6654399555714,2755.782310765856,33.79119595872457,23.176403263871458,475.67129694331347,560.4745537857619,12240.504361398464,0.0,0.0,183.83831258304486,219.27121184262763,3162.5311926998695,1850.3241276822155,21.738330437604764,23.970145642267086,22.0,30.0,0.0,21.27386034075839,24.63452527492295,16.0,30.0,1032.757828951842,21.561470303909858,24.90040097320741,21.5,30.0,0.0,20.209581159290626,26.94654581990737,16.0,30.0,0.0,15.003170684325245,36.75029831428691,12.0,30.0,0.0,19.718662388782787,30.386304326891499,19.0,30.0,0.0,17.89390503685759,30.472826315559453,10.0,30.0,705.8799221531992,16.50882944341525,33.365909390798169,16.5,30.0,0.0,16.280845268665705,33.80702202954056,16.0,30.0,0.0,19.592721450719659,0.0,0.0,0.0,15.98861488588123,0.0,0.0,460.21000190744999,458.7962040528464,499.3306903709872,491.69412117586458,457.947469872366,656.2732669844272,456.978334097113,458.0209100405541,457.6905558235302,8503.886572122497,82.38198193828036,82.38198193828036,1744.0,0.0,1744.0,1744.0,16.0,16.0,19.0,16.0,16.0,12.0,21.0,10.0,1.0,0.0,1850.3241276822155,0.0,1032.757828951842,0.0,0.0,0.0,705.8799221531992,0.0,0.0,0.0,0.0,82.38198193828036,82.38198193828036,0.34,0.768842305772135,0.36028137401965956,82.38198193828036,0.3542647819438875,0.0,0.0506728888888889 
 02/16  16:30:00,7.255,58.0,3.1550000000000004,30.0,287.0,0.0,0.0,0.0,2.0,0.0,0.0,0.0,0.0,0.0,4.0,285.0,0.0,984.4801932878897,15.404504413350854,39.4735937667384,29.51918143628708,785.7033888606654,0.0,15.404504413350847,21.059125421763093,0.0,0.0,20.315155661485489,-1249.90273368691,21.18426742410002,100.46179277940819,20.175326969042069,-1104.3704225533082,19.146500386789265,625.4834241146907,14.867807116181375,52.20708606562139,19.871054072317798,-93.00370250404464,16.81392719943404,231.6906736423582,15.613179138909022,-18.379473009596717,15.82008141983146,40.15621615315921,1070.1893955639228,735.019738353653,0.0,0.0,0.0,0.0,0.0,0.0,0.0,0.0,0.0,0.0,0.0,0.0,0.0,0.0,0.0,0.0,0.0,0.0,0.0,0.0,0.0,0.0,1.1933359411663625,0.36426616030719236,272.424151406929,318.8944895561458,7782.0563474603809,0.24870151543941816,0.037958106752047939,182.32593509750266,213.71651830210875,5061.723755427546,1.5635623138895172,0.29545773127163968,333.28062204412216,390.7576518677278,9233.774149450937,0.3506730255123133,0.06626474404994579,351.53215751850419,413.4719420439456,9084.491490414366,0.0,0.0,11.803293652079566,14.135345436323754,185.65923994494117,0.0,0.0,16.452576133510566,19.36840409799509,411.20881357215037,0.0,0.0,259.39893427110885,307.8321435901864,5409.071285799944,0.0,0.0,23.984944811295525,28.58769244386424,441.65615578455017,0.0,0.0,182.7760870671517,218.11368771190284,3239.394972969896,33.43974779325155,22.935355139404355,524.1949062965455,618.066171945593,13638.571142706709,0.0,0.0,204.2552404203558,243.76983831605785,3613.911028707803,1772.5777819473975,21.68953838920168,24.260224341569683,21.999999999999994,29.99999999999999,0.0,21.307769619393559,24.77811105694385,15.999999999999993,29.99999999999999,0.0,21.21231739532334,25.62637361240407,20.999999999999994,29.99999999999999,0.0,20.29229599614079,26.945159591845238,15.999999999999993,29.99999999999999,0.0,15.03841959826381,36.628481605492087,11.999999999999995,29.99999999999999,0.0,19.840668256180373,30.98984457012236,18.999999999999994,29.99999999999999,0.0,17.674991874921035,30.96806526528945,9.999999999999997,29.99999999999999,0.0,16.411145280640345,33.54695798264216,15.999999999999993,29.99999999999999,0.0,16.05896216052411,34.314946985043999,15.999999999999993,29.99999999999999,0.0,19.586765231945934,0.0,0.0,0.0,16.029654103346389,0.0,0.0,473.85194812063187,470.6509842891877,507.9675103974147,499.21867506919417,458.21918226616608,707.0158686662073,461.9439503351505,459.4587372917977,460.9622080720709,9044.532932175145,82.02456255287548,82.02456255287548,1743.9999999999996,0.0,1743.9999999999996,1743.9999999999996,16.0,16.0,19.0,16.0,16.0,12.0,21.0,10.0,1.0,0.0,1772.5777819473975,0.0,0.0,0.0,0.0,0.0,0.0,0.0,0.0,0.0,0.0,82.02456255287548,82.02456255287548,0.3399999999999999,0.7684115312888056,0.36028137401965945,82.02456255287548,0.35426478194388735,0.0,0.050769777777777778 
 02/16  16:40:00,7.033333333333333,59.0,2.9433333333333335,25.166666666666669,239.16666666666669,0.0,0.0,0.0,2.0,0.0,0.0,0.0,0.0,0.0,4.0,95.0,0.0,807.0601248360229,12.605232879006599,32.30050955866179,24.19931822955896,644.1062273436508,0.0,12.605232879006591,17.23230900823176,0.0,0.0,20.4815938584552,-1341.879528140919,21.134205029141734,88.51201795911224,19.961273960240093,-850.9863204220659,19.053995452348255,457.33926697062477,14.895799673558099,48.983182748467438,19.87930923137465,-99.6122948518785,16.76503256819496,244.84389379985636,15.356075473265559,-1.0430804888707149,15.782357218927722,44.24763928791619,1034.0770696442019,721.0721956227548,0.0,0.0,0.0,0.0,0.0,0.0,0.0,0.0,0.0,0.0,0.0,0.0,0.0,0.0,0.0,0.0,0.0,0.0,0.0,0.0,0.0,0.0,1.1226656567853018,0.342694034427748,262.9891366271025,306.975618002902,7718.917076303851,0.23102186782789239,0.03525974783697993,166.94008262960026,195.25186671224473,4699.691166811003,2.142942206925401,0.40493994839860217,284.2324831314537,332.69216495902966,7904.5462048489839,0.3458207024654169,0.06534782737441741,303.7714794111406,356.7246029507543,7844.56540773409,0.0,0.0,11.712105521771882,13.99474183658316,190.05629778010749,0.0,0.0,16.43132931954233,19.287266503744779,420.40967670014256,0.0,0.0,261.5355336446741,309.82448998963897,5509.637151855079,0.0,0.0,27.126795491585296,32.30713003662267,490.4267099674973,0.0,0.0,180.3431378586491,214.78666710491306,3258.1777361508436,32.946268996325219,22.59689231572376,460.4634334540099,541.8593667030189,12178.714298704537,0.0,0.0,205.709571315559,245.0478689037947,3695.74312821022,1911.5988456457874,21.871399170200964,24.088902078913948,22.00000000000001,30.000000000000015,0.0,21.277488949321709,25.040482044514986,16.000000000000008,30.000000000000015,210.3591268068763,21.005251390025355,26.079396708813797,21.00000000000001,30.000000000000015,0.0,20.047581666186884,27.657126025665119,19.000000000000008,30.000000000000015,0.0,15.062207684889517,36.61445782718355,12.000000000000006,30.000000000000015,0.0,19.916604004093164,31.61774081979093,19.000000000000008,30.000000000000015,0.0,17.553196301008528,31.322729719584033,10.000000000000004,30.000000000000015,201.03573815469236,16.01032898258105,34.50058232903832,16.000000000000008,30.000000000000015,82.09296598302316,16.003899804712736,34.53784821325265,16.000000000000008,30.000000000000015,0.0,19.472031980751919,0.0,0.0,0.0,15.938456911777948,0.0,0.0,479.58148840827217,484.8538664793764,518.8184936472251,515.3132020063503,462.217372297117,752.3601075044023,469.0238903184001,465.55019025958367,467.1003386752578,8837.380791597965,82.16153900061423,82.16153900061423,1744.0000000000007,0.0,1744.0000000000007,1744.0000000000007,16.0,19.0,19.0,16.0,16.0,12.0,21.0,10.0,1.0,0.0,1911.5988456457874,0.0,210.3591268068763,0.0,0.0,0.0,201.03573815469236,82.09296598302316,0.0,0.0,0.0,82.16153900061423,82.16153900061423,0.3400000000000002,0.7714978884324041,0.3602813740196597,82.16153900061423,0.35426478194388769,0.0,0.050866666666666667 
 02/16  16:50:00,6.8116666666666669,60.0,2.7316666666666666,20.333333333333337,191.33333333333335,0.0,0.0,0.0,2.0,0.0,0.0,0.0,0.0,0.0,4.0,380.0,0.0,616.0409130466269,9.910482500261761,25.39527026018742,18.471694112869025,491.6557647884614,0.0,9.910482500261756,13.548380938650532,0.0,0.0,20.48747199540842,-1345.744131558576,21.075185206778099,153.5724840968203,20.49550084984471,-1646.479910833912,19.25148481272278,859.8409563255564,14.909973455458612,50.11025112664065,19.82025944745992,-88.51888140502223,16.92280544215992,402.7271311293357,15.84404357481237,-50.518018130769977,16.311085919364375,-229.56523862371967,1091.2604209346455,651.0247112675654,0.0,0.0,0.0,0.0,0.0,0.0,0.0,0.0,0.0,0.0,0.0,0.0,0.0,0.0,0.0,0.0,0.0,0.0,0.0,0.0,0.0,0.0,1.3181043367283923,0.4023517511380929,289.5319786323811,338.89378229095106,8560.775217083596,0.27830667678335216,0.04247659902065814,202.7100709305862,237.64625263945414,5796.033631180937,1.6819198908358109,0.3178231086235471,373.08130559434718,436.61469414546476,11050.536286275734,0.37102777945668466,0.07011106943625936,385.4549432302064,453.14846142735868,10413.098478930879,0.0,0.0,12.103316630405992,14.49568698669539,201.81794871528497,0.0,0.0,16.364861031386739,19.262717283808415,425.54642517002426,0.0,0.0,216.52205559506838,256.87750720313286,4767.536286982566,0.0,0.0,24.1387884985502,28.739347872984298,485.78547308699486,0.0,0.0,138.3982544392528,164.75647828641554,2782.4511982161859,32.965243075802117,22.60990608765578,578.7021957182436,682.1744034421486,15591.763857825792,0.0,0.0,159.03122880523115,190.01724884343467,2872.9998708396817,1825.3462556028886,21.75652138052825,24.533749585089958,22.0,30.0,0.0,21.284966449901537,25.201441576056994,16.0,30.0,1320.5803325051116,21.767663311567046,25.048011449884784,21.5,30.0,0.0,20.437956028458396,27.038887522063847,19.0,30.0,0.0,15.065794684467333,36.67426763635113,12.0,30.0,0.0,19.9115058478463,31.872085415575464,19.0,30.0,0.0,17.83520597376601,30.972054189295166,10.0,30.0,682.561700896104,16.85129003317725,32.805637498225099,16.75,30.0,884.1427145811398,16.83203217593951,32.92725674803839,16.5,30.0,0.0,19.675475788088816,0.0,0.0,0.0,15.742903165331145,0.0,0.0,497.0774384841363,494.34360721821818,528.7413433135681,520.7420155680239,466.05717687393817,766.375058561116,479.7171306222863,471.29106288313406,475.7513882955552,10197.469158439595,81.2620281741214,84.96806961814258,1744.0,0.0,1744.0,1744.0,16.0,19.0,19.0,16.0,16.0,12.0,21.0,10.0,1.0,0.0,1825.3462556028886,0.0,1320.5803325051116,0.0,0.0,0.0,682.561700896104,884.1427145811398,5608.283959047685,3364970.3754286107,4391029.77028441,81.2620281741214,85.0310105050753,0.35694279863492286,0.7668033861742005,0.36028137401965956,85.0310105050753,0.3542647819438875,4391029.77028441,0.27764999249923386 
 02/16  17:00:00,6.59,61.0,2.52,15.5,143.5,0.0,0.0,0.0,2.0,0.0,0.0,0.0,0.0,0.0,4.0,285.0,0.0,436.1778496790653,7.330067791106042,18.783025545662978,13.078583554924038,348.10892583270688,0.0,7.330067791106038,10.02075839772829,0.0,0.0,20.56603541428467,-1348.003365997717,20.988265511293578,170.61634997018894,20.099383356916929,-810.6089698172698,19.317806849039859,420.95090472061477,14.923828304169204,52.669566793383399,19.732015027915723,-86.57188105461303,17.014246737125263,250.84997855133549,15.495785993923615,-20.34146855635532,16.006334412219407,-86.73540976659425,1082.5484397831706,809.3407164593934,0.0,0.0,0.0,0.0,0.0,0.0,0.0,0.0,0.0,0.0,0.0,0.0,0.0,0.0,0.0,0.0,0.0,0.0,0.0,0.0,0.0,0.0,1.2788438058024754,0.390367462088668,296.76677642409876,347.1640872279135,8918.527637502497,0.27196288458523856,0.041508376768198847,206.531902255279,242.04229767192565,5983.133467013953,2.254586767327551,0.42603680410573577,282.1775834338338,330.9728578721709,8131.649024545692,0.35014359486591198,0.0661647004659698,299.14081612902216,351.59870525809887,8218.171025880507,0.0,0.0,11.977858941319305,14.340545015350593,205.2288454777517,0.0,0.0,16.443286509220763,19.34767715744293,433.7426239921916,0.0,0.0,247.51007065245708,293.3860167355716,5601.551152238539,0.0,0.0,27.81785365670598,33.169852079013157,536.5850971878721,0.0,0.0,165.98764788404044,197.86156120298205,3231.370239011553,32.64676346862788,22.39147014309185,496.5738584413813,585.1566881337791,13742.734280654437,0.0,0.0,191.39030466978336,228.44096380656618,3588.410013804793,1828.6802955395136,21.783614213042236,24.580235635429916,22.000000000000019,30.00000000000002,0.0,21.25331565007604,25.428168526374429,16.000000000000015,30.00000000000002,0.0,21.0744247074213,26.402965370400766,21.000000000000015,30.00000000000002,0.0,20.43567588885491,27.29411515113162,19.000000000000015,30.00000000000002,0.0,15.072320955616608,36.82024070416389,12.00000000000001,30.00000000000002,0.0,19.87705323478806,32.30131346042163,19.000000000000015,30.00000000000002,0.0,17.91983790266788,30.967516264028178,10.000000000000007,30.00000000000002,10.104518457310175,16.201221458962054,34.396857568138,16.000000000000015,30.00000000000002,0.0,16.282516567377024,34.314194996633549,16.000000000000015,30.00000000000002,0.0,19.6849770007361,0.0,0.0,0.0,15.871250649137691,0.0,0.0,503.62947456931138,505.71846323826687,544.5436796520098,534.8628550709088,474.10782396276968,787.4160822384242,488.46996834231916,481.65273459630466,486.53974894959296,9981.781834968286,81.40476641896635,81.40476641896635,1744.0000000000014,0.0,1744.0000000000014,1744.0000000000014,16.0,19.0,19.0,16.0,16.0,12.0,21.0,10.0,1.0,0.0,1828.6802955395136,0.0,0.0,0.0,0.0,0.0,10.104518457310175,0.0,0.0,0.0,0.0,81.40476641896635,81.40476641896635,0.3400000000000003,0.7715394668900224,0.3602813740196598,81.40476641896635,0.3542647819438878,0.0,0.047766222222222227 
 02/16  17:10:00,6.33,62.16666666666667,2.535,10.666666666666665,95.66666666666665,0.0,4.0,0.0,0.0,0.0,0.0,0.0,0.0,0.0,0.0,380.0,0.0,286.4117826650977,4.3569402830540879,11.16449270882968,8.58791797838428,228.58219188659928,0.0,4.356940283054086,5.956267687290658,0.0,0.0,20.552317031909248,-1372.9943695507414,20.87155207702444,174.46846881571663,20.419551442688584,-403.61144527765927,19.160976513697315,-34.68494555214323,14.937837403456652,54.73466765102914,19.42794093448542,-303.9442085349974,17.019846513018288,303.07168006786608,15.90041002250942,-42.87284688543774,15.841959007178307,0.059799879081538168,1006.4662984665415,886.2279874250428,0.0,0.0,0.0,0.0,0.0,0.0,0.0,0.0,0.0,0.0,0.0,0.0,0.0,0.0,0.0,0.0,0.0,0.0,0.0,0.0,0.0,0.0,1.4002122734025089,0.42741522387133976,354.94901874655047,415.645308593683,10746.827694085197,0.2909154575701885,0.044401016112666138,191.54672565654219,224.51243438435234,5621.728293098327,1.7270712735726482,0.3263551159434332,150.53164217734077,176.31488170331907,4605.964009076375,0.3970132980556642,0.0750214093075707,38.737832566414407,45.57528360406893,1061.399016399357,0.0,0.0,12.251391395121729,14.672094430983077,216.50916809374525,0.0,0.0,86.53204923241418,102.04900777791845,2263.0309793093958,0.0,0.0,339.8412133622708,402.98408674679936,7863.348316852555,0.0,0.0,21.865672391242009,26.033428630159667,463.2194283925254,0.0,0.0,197.44883902549484,235.63974195270402,3860.8367099719109,32.89612025770069,22.562496747394176,299.3455412194662,353.2923052369586,8565.268778534099,0.0,0.0,215.98961729273899,257.8990851703503,4169.6042316544,1779.0042618181465,21.656507465884425,24.926253680654356,22.0,30.0,0.0,21.176209114085606,25.643931925873568,16.0,30.0,1401.6096073371803,21.679277308232856,24.83272406834583,21.5,30.0,0.0,20.029770986178936,30.3042427193021,19.0,30.0,0.0,15.079601225016287,37.139393525093087,12.0,30.0,0.0,19.479143114679539,29.66241330603499,16.0,30.0,0.0,17.904590932464747,31.83824755782699,10.0,30.0,686.580357222198,16.908045817395874,33.121627706485067,16.75,30.0,7.99584081339494,16.047399247984765,35.36613932678301,16.0,30.0,0.0,19.28985384249456,0.0,0.0,0.0,15.903168115102205,0.0,0.0,514.631617288778,512.3511635025215,510.3936690401779,672.1277634349792,489.5799242263468,582.3031063586122,533.9896923075622,493.65147049912528,512.1110390480613,10074.09010477094,81.34352024993463,85.11076196676112,162.0,0.0,162.0,162.0,16.0,19.0,16.0,16.0,16.0,12.0,21.0,10.0,1.0,0.0,1779.0042618181465,0.0,1401.6096073371803,0.0,0.0,0.0,686.580357222198,7.99584081339494,5700.789559683086,3420473.7358098516,4479196.7707460769,81.34352024993463,85.17474223749704,0.36002631865610287,0.7658126476850644,0.36028137401965956,85.17474223749704,0.3542647819438875,4479196.7707460769,0.23721123207879597 
 02/16  17:20:00,6.07,63.333333333333339,2.55,0.0,0.0,0.0,4.0,0.0,0.0,0.0,0.0,0.0,0.0,0.0,0.0,380.0,0.0,0.0,0.0,0.0,0.0,0.0,0.0,0.0,0.0,0.0,0.0,20.346623258081153,-1599.8658257011414,20.62509727902001,-12.31385992721681,20.309415400277208,-220.46243053398923,19.037314070726958,-6.316249277240843,14.931160569289606,46.21238734116763,19.036788576208254,-159.454742956058,17.11439415961777,324.3785084861306,15.753605060698396,-53.86458954500878,16.34427858955362,-236.37929440769063,867.1424306220952,782.9828729005742,0.0,0.0,0.0,0.0,0.0,0.0,0.0,0.0,0.0,0.0,0.0,0.0,0.0,0.0,0.0,0.0,0.0,0.0,0.0,0.0,0.0,0.0,1.4009354804259267,0.4276359830359972,381.7325414435384,447.69351469793517,11294.859698719178,0.2687969588495038,0.04102517686958239,189.85522608020598,222.7010876909165,5580.5416036622459,1.8799589070193188,0.35524544728256227,142.2487564382916,166.65512942588578,4327.84062815491,0.3786000955376525,0.07154196816660098,34.039303673645,40.084917504595917,936.7357881705648,0.0,0.0,11.003131638569176,13.17797741190202,199.81522539700888,0.0,0.0,67.19472302035521,79.36220299949322,1741.906786604157,0.0,0.0,268.50078940576608,318.22361436460656,6424.047789426451,0.0,0.0,34.10704775808408,40.65450587246333,709.8204130888116,0.0,0.0,134.33376099453555,159.8688950524368,2894.796055516773,32.7232438313504,22.443925810254055,326.30441112391909,384.8887711055612,9379.666462877578,0.0,0.0,161.4718379474694,192.97200462570795,3107.74498712755,1906.2853551432546,21.19544995300687,26.039582201133919,22.0,30.0,0.0,20.9578962173626,26.09489449899666,16.0,30.0,1039.9354768778592,21.372940961046319,25.41217428586993,21.25,30.0,0.0,19.792532877704067,32.29036494531193,19.0,30.0,0.0,15.060381113818226,37.56492630555612,12.0,30.0,0.0,19.09159625342947,29.528046640437034,16.0,30.0,0.0,18.04269008074149,31.447938013305483,10.0,30.0,337.189578255956,16.416969867376463,34.66221538754753,16.0,30.0,871.1904777480928,16.825430889219253,33.96115184064985,16.5,30.0,0.0,18.69101170565155,0.0,0.0,0.0,15.591855195264529,0.0,0.0,546.144460769312,521.3137552165374,519.9108978984887,771.3631107052479,507.1147403294365,533.0621276646533,529.3768301903349,518.1057679618268,527.9601935132058,9263.137533973058,81.87972445977235,83.9197213196823,162.0,0.0,162.0,162.0,16.0,19.0,16.0,16.0,16.0,12.0,21.0,10.0,1.0,0.0,1906.2853551432546,0.0,1039.9354768778592,0.0,0.0,0.0,337.189578255956,871.1904777480928,3086.7105135755548,1852026.3081453329,2400537.8546722379,81.87972445977235,83.95436723868838,0.3578903504525185,0.7701394517154029,0.36028137401965956,83.95436723868838,0.3542647819438875,2400537.8546722379,0.12909396844295638 
 02/16  17:30:00,5.8100000000000009,64.5,2.565,0.0,0.0,0.0,4.0,0.0,0.0,0.0,0.0,0.0,0.0,0.0,0.0,285.0,0.0,0.0,0.0,0.0,0.0,0.0,0.0,0.0,0.0,0.0,0.0,20.437014863695006,-1239.4858741376286,20.430103674265788,113.90033680275211,20.038372821352885,-361.21331471054318,18.95735204745256,-8.637057135142486,14.934132674460298,46.95579776900462,18.804765525182235,-118.89407918133682,17.083357745539098,206.87758967058827,16.021869318181826,-64.15378962043734,16.01596260983654,-148.83337007627956,941.5495690033058,950.5776058960454,0.0,0.0,0.0,0.0,0.0,0.0,0.0,0.0,0.0,0.0,0.0,0.0,0.0,0.0,0.0,0.0,0.0,0.0,0.0,0.0,0.0,0.0,1.4169485445442414,0.4325239757461053,343.4681853719664,402.6224884136227,10480.56056353065,0.2920655380978279,0.0445765473287283,189.50796447374209,222.51047030953914,5623.963293809593,1.8918410492600156,0.3574907500491337,152.03245781847267,178.29796636440435,4638.006452098112,0.3936929527663493,0.07439398200422318,36.79544517034045,43.3384151032824,1020.1939840707189,0.0,0.0,10.870071083492114,13.01655078865085,202.7786197177112,0.0,0.0,62.703320214014457,74.10956285161226,1627.5394925505773,0.0,0.0,297.477441540164,352.64106677369139,7204.844823347967,0.0,0.0,24.02137726803747,28.58034290654159,538.5316066394964,0.0,0.0,176.3572291904044,210.25749695668118,3696.1947425557225,33.00673708452448,22.63836562724587,289.581827223416,341.90964836533808,8491.468371683992,0.0,0.0,196.64185861401126,234.93065821371369,3902.9978146671985,1833.3207142656552,21.397416823449409,25.587147873697036,21.999999999999994,29.99999999999999,0.0,20.76687271625778,26.610199542399618,15.999999999999993,29.99999999999999,309.2726126529946,21.072828991271558,26.132539896435739,20.999999999999994,29.99999999999999,0.0,19.632741243279317,33.121433111054958,18.999999999999994,29.99999999999999,0.0,15.044727877550669,37.820466289594467,11.999999999999995,29.99999999999999,0.0,18.83448105363244,29.956735613411277,15.999999999999993,29.99999999999999,0.0,17.92796546698869,31.718302929493015,9.999999999999997,29.99999999999999,507.2973561644183,16.990920282476475,33.573161655502548,16.999999999999994,29.99999999999999,0.0,16.243641877276809,35.26738777538616,15.999999999999993,29.99999999999999,0.0,18.87725279571998,0.0,0.0,0.0,15.638793159161445,0.0,0.0,536.0432973262989,538.4982163660802,540.6537261718927,810.8546888503283,517.7635448662754,531.4736745051513,532.6834606916054,526.9120200439459,530.5070040725698,8774.566886751494,82.20291626791948,82.20291626791949,161.99999999999995,0.0,161.99999999999995,161.99999999999995,16.0,19.0,16.0,16.0,16.0,12.0,21.0,10.0,1.0,0.0,1833.3207142656552,0.0,309.2726126529946,0.0,0.0,0.0,507.2973561644183,0.0,0.0,0.0,0.0,82.20291626791948,82.20291626791948,0.3399999999999999,0.7708544271726044,0.36028137401965945,82.20291626791948,0.35426478194388735,0.0,0.004239 
 02/16  17:40:00,5.550000000000001,65.66666666666666,2.58,0.0,0.0,0.0,4.0,0.0,0.0,0.0,0.0,0.0,0.0,0.0,0.0,475.0,0.0,0.0,0.0,0.0,0.0,0.0,0.0,0.0,0.0,0.0,0.0,20.477599482929464,-1096.8275554488974,21.003484788151157,-167.86362204075884,20.410243573727845,-504.6926656828062,18.920457681877225,40.17031108839876,14.943291782274244,44.971317806559,18.620293545767014,-118.37530664243966,17.039797855526026,351.395859422876,15.763617453653503,-45.08491405670185,16.246595160699017,-255.39796785069854,1003.8700003622264,893.6138642060288,0.0,0.0,0.0,0.0,0.0,0.0,0.0,0.0,0.0,0.0,0.0,0.0,0.0,0.0,0.0,0.0,0.0,0.0,0.0,0.0,0.0,0.0,1.4239260042396,0.4346538474479855,314.5228160727433,368.52643002815457,9958.957865459291,0.272822027921719,0.04163950365105603,105.40473456678299,123.56024696089753,3345.9591311870606,1.909231360426165,0.3607769010631456,195.47181956112994,228.88271068433347,6253.58759428576,0.45549611375764406,0.0860725838544301,46.37733495359176,54.658519637147808,1302.7763893564698,0.0,0.0,11.075587646865913,13.267899447674538,212.29680561596457,0.0,0.0,61.84064034817783,73.17666258438007,1613.1527736608364,0.0,0.0,290.69375837023247,344.94532647644419,7134.871015261367,0.0,0.0,24.23501671203027,28.88075008239324,529.7393265042904,0.0,0.0,166.8544954146877,198.93776221337286,3667.552095096006,33.60684975519492,23.049965538542489,253.57546639863222,299.77423736493309,7632.864080316155,0.0,0.0,186.24455413866856,222.85448050727258,3716.763265899759,1301.7450505841364,21.574646843267357,25.593229983057648,21.800000000000009,30.00000000000001,1427.3439004809478,21.721758105788799,25.173080959752406,21.800000000000009,30.00000000000001,1306.9461521089648,21.637435595053849,25.443507457489078,21.400000000000007,30.00000000000001,0.0,19.564411950530947,32.940012060193897,19.000000000000008,30.00000000000001,0.0,15.039393825078477,37.95339370548335,12.000000000000006,30.00000000000001,0.0,18.63101644526051,30.35437091165766,16.000000000000005,30.00000000000001,0.0,17.83693058515043,31.97009835422852,10.000000000000004,30.00000000000001,0.0,16.478889480805095,34.73684721879695,16.000000000000005,30.00000000000001,1012.1771015049633,16.55140607928519,34.62003301742352,16.60000000000001,30.00000000000001,0.0,18.909010341398294,0.0,0.0,0.0,15.41802950384758,0.0,0.0,558.7710285520651,544.1003678344463,555.3798508243657,798.6503022892156,524.0005435271788,533.204695747183,537.9064165438057,530.3000476344056,532.7729587537846,9961.539920651958,81.41810995738158,82.92380154096567,162.00000000000007,0.0,162.00000000000007,162.00000000000007,21.0,19.0,16.0,16.0,16.0,12.0,21.0,10.0,1.0,0.0,1301.7450505841364,1427.3439004809478,1306.9461521089648,0.0,0.0,0.0,0.0,1012.1771015049633,2278.4969203082475,1367098.1521849484,1779449.380191702,81.41810995738158,82.94937318260794,0.34794989734360839,0.769656120136138,0.36028137401965967,82.94937318260794,0.35426478194388769,1779449.380191702,0.09674336776996848 
 02/16  17:50:00,5.290000000000001,66.83333333333334,2.5949999999999999,0.0,0.0,0.0,4.0,0.0,0.0,0.0,0.0,0.0,0.0,0.0,0.0,380.0,0.0,0.0,0.0,0.0,0.0,0.0,0.0,0.0,0.0,0.0,0.0,20.634683935833374,-1132.500543946216,20.789120096440869,-267.6494877259339,20.334860163314987,-410.8567723482394,18.917272389451094,30.6107522037359,14.957952105317819,45.871454239869368,18.470451727304437,-65.72166941691694,17.158877406225267,232.084440295514,15.785111175478726,-64.94033358068202,16.213601042570529,-285.18482424774018,946.6628974289477,1019.863444697643,0.0,0.0,0.0,0.0,0.0,0.0,0.0,0.0,0.0,0.0,0.0,0.0,0.0,0.0,0.0,0.0,0.0,0.0,0.0,0.0,0.0,0.0,1.4222752521531164,0.4341499548696936,295.26703463259727,345.7874256737879,9490.580129332688,0.27129352312274337,0.04140621537282407,170.79715158703756,200.15536381618109,5362.612792239919,2.121418186958703,0.4008726732726198,135.7051701331247,159.01081266487419,4373.622695635255,0.45067477391561119,0.08516152190393255,44.184321495697947,52.077417390826258,1263.055701263274,0.0,0.0,11.00458439965655,13.181165872147269,216.82963878689385,0.0,0.0,50.53606997057932,59.82323407378078,1329.9770921824739,0.0,0.0,284.30469882861947,337.0623054866118,7223.09627951765,0.0,0.0,31.23906201648082,37.24742835752447,696.7126473694843,0.0,0.0,164.6948573958138,196.26907101570024,3705.1019981496217,33.699448605919148,23.113476410095445,239.0507772439757,282.52013466011558,7310.7673414694,0.0,0.0,191.2132040220195,228.78107012278415,3882.271945844423,1851.4506850810349,21.597201501875444,25.650879257619097,22.0,30.0,0.0,21.251907608781374,26.116993744332214,21.0,30.0,1500.1507197990455,21.47404857270462,25.761705760170714,21.5,30.0,0.0,19.54401012859649,32.78687441174844,19.0,30.0,0.0,15.044606478997741,38.05700680440141,12.0,30.0,0.0,18.480739135908899,30.714767294072034,16.0,30.0,0.0,18.004248865844514,31.731265308188829,10.0,30.0,626.1535127050488,16.421024437349499,34.94565943520776,16.5,30.0,0.0,16.49514112546252,34.80412596348555,16.0,30.0,0.0,18.5729973682704,0.0,0.0,0.0,15.336490689888962,0.0,0.0,567.0831066783865,560.9341291207124,560.9479297860216,791.3038868088244,530.3975854975793,538.7172880183468,544.6219249191602,535.2976291079403,537.6425584699582,9407.934666116416,81.78399005556105,83.83432131469997,162.0,0.0,162.0,162.0,21.0,19.0,16.0,16.0,16.0,12.0,21.0,10.0,1.0,0.0,1851.4506850810349,0.0,1500.1507197990455,0.0,0.0,0.0,626.1535127050488,0.0,3102.3225993091625,1861393.5595854975,2412604.4886372114,81.78399005556105,83.8691427461128,0.3584107533103054,0.7676515994072223,0.36028137401965956,83.8691427461128,0.3542647819438875,2412604.4886372114,0.12965843340913497 
 02/16  18:00:00,5.03,68.0,2.61,0.0,0.0,0.0,4.0,0.0,0.0,0.0,0.0,0.0,0.0,0.0,0.0,380.0,0.0,0.0,0.0,0.0,0.0,0.0,0.0,0.0,0.0,0.0,0.0,20.548216615437754,-1365.611053465354,20.852908386724665,-204.04352696588229,20.390122150926417,-161.1394317779534,18.90242702817799,-3.987109271321799,14.976924504338705,44.39694973182904,18.346561259341997,-74.29268104075192,17.046133781455397,146.5998693473989,15.829418835945006,-46.758236151760119,16.242718561852756,-297.7546553549014,1076.7536477990114,1088.4035717314787,0.0,0.0,0.0,0.0,0.0,0.0,0.0,0.0,0.0,0.0,0.0,0.0,0.0,0.0,0.0,0.0,0.0,0.0,0.0,0.0,0.0,0.0,1.485806149318106,0.4535427806221325,407.41270575241438,477.75646481232169,13111.54711919178,0.2825722353150806,0.043127630542594708,214.6740162712432,251.49013861941837,6954.626145430515,2.212973919613917,0.41817345419764126,177.76371100117593,208.54657642212846,5778.15517158849,0.4431648176884452,0.08374240697060564,43.19667758046197,50.92678325630108,1253.8051791303365,0.0,0.0,10.989045621585293,13.163258778323428,222.56518817766625,0.0,0.0,50.79692548751125,60.1508754456526,1350.9452302722876,0.0,0.0,305.0911709526845,362.0378087161875,7763.791081669672,0.0,0.0,22.125209039038216,26.368124923883046,508.06308343363505,0.0,0.0,195.33128017656487,232.9980437782896,4411.390748645007,33.846961502425099,23.214651236231214,346.1924077277497,408.76316526359696,10738.166843789,0.0,0.0,214.01102057310346,256.1100305325154,4446.075042387769,1800.1048171822523,21.417983573830229,26.05752821046224,22.0,30.0,1024.086148563299,21.355832432090506,26.124461831584815,21.5,30.0,846.3321568119142,21.451457257283886,25.969067137986547,21.25,30.0,0.0,19.499802536864889,33.017661401264309,19.0,30.0,0.0,15.057524756897744,38.170735902432387,12.0,30.0,0.0,18.35591678148526,31.098150683449853,16.0,30.0,0.0,17.751329978285054,32.42878450579714,10.0,30.0,0.0,16.477429447551857,34.92890508700374,16.0,30.0,797.8287124532454,16.262595812966727,35.52389157352557,16.25,30.0,0.0,19.08055311078394,0.0,0.0,0.0,15.311285274511615,0.0,0.0,578.5525287468196,576.2754927846551,576.8587295567896,803.8378369642062,538.719995381258,549.0617835129928,557.9750925846445,543.0319591891325,549.9708655315592,9601.50329697923,81.6558661338232,83.77931918220753,162.0,0.0,162.0,162.0,21.0,19.0,16.0,16.0,16.0,12.0,21.0,10.0,1.0,0.0,1800.1048171822523,1024.086148563299,846.3321568119142,0.0,0.0,0.0,0.0,797.8287124532454,3212.779895739569,1927667.9374437414,2495118.0331219418,81.6558661338232,83.81538246434944,0.36209266319131896,0.7696732059266978,0.36028137401965956,83.81538246434944,0.3542647819438875,2495118.0331219418,0.13394013772234096 
 02/16  18:10:00,4.898333333333334,68.66666666666667,2.668333333333333,0.0,0.0,0.0,0.0,0.0,0.0,0.0,0.0,4.0,0.0,0.0,0.0,475.0,0.0,0.0,0.0,0.0,0.0,0.0,0.0,0.0,0.0,0.0,0.0,20.75646406810646,-1218.9969661163132,21.086869237594315,-143.229704416198,20.45781723556531,-1625.9162224160328,19.163139693226499,989.3625015765899,14.993289992467553,41.286127206638067,18.237817921584637,-44.56586967311207,17.118911799202743,358.85509002999796,15.83934150391592,-87.2661661166016,16.437628820779144,-395.7799501214822,1039.3452734622266,972.2069973444392,0.0,0.0,0.0,0.0,0.0,0.0,0.0,0.0,0.0,0.0,0.0,0.0,0.0,0.0,0.0,0.0,0.0,0.0,0.0,0.0,0.0,0.0,1.5252779083075475,0.46559154710242597,272.4878558782125,319.10450410737419,9017.993275470559,0.22902339119922666,0.034954730036512008,20.069243999407769,23.46952760960682,679.2830030440299,2.5498954501495225,0.4818396542232659,441.0059950275877,516.5291678619695,14574.342066527375,0.4305787208755899,0.08136408179810845,411.3303397889597,484.2446019798374,12412.91353672636,0.0,0.0,10.958758284492875,13.128394289958817,225.0354065870771,0.0,0.0,42.78805741189032,50.712839700493557,1140.698723651622,0.0,0.0,255.37350647859473,302.93563874017277,6641.4431152305719,0.0,0.0,30.10849958121547,35.897193979601009,700.439010625923,0.0,0.0,143.41612925073216,170.78513746948867,3417.8794115352377,34.26646757065661,23.502378306348854,450.97590265346028,533.0769581877095,13468.114383073338,0.0,0.0,167.70284642627625,200.93401153606767,3427.739384731884,1678.6171459151845,21.66388654644968,26.551505449796829,21.799999999999998,30.0,293.8458791019153,21.903686174594875,27.84846754639064,21.4,30.0,2227.8084866561127,21.564357990922067,26.427684419019387,21.6,30.0,0.0,20.117134087556225,28.776857386417779,16.0,30.0,0.0,15.065509355683624,38.320746174960508,12.000000000000002,30.0,0.0,18.248041364801609,31.46812206168895,16.0,30.0,0.0,17.91524556743052,32.54412278944016,10.0,30.0,637.6484366721388,16.512847673890457,35.03213680271428,16.6,30.0,324.9017633457595,16.7846779584862,34.55584034621526,16.4,30.0,0.0,18.791835847522085,0.0,0.0,0.0,14.984463161969993,0.0,0.0,640.7995427335903,723.9191377809016,622.689141007133,615.1119413443453,548.2543816467488,559.835941769652,584.3378274981149,554.0417524530002,561.8661432478374,10459.011284531587,81.08904986693989,85.52375841783756,240.0,0.0,240.0,240.0,21.0,16.0,16.0,16.0,16.0,12.0,21.0,10.0,1.0,0.0,1678.6171459151845,293.8458791019153,2227.8084866561127,0.0,0.0,0.0,637.6484366721388,324.9017633457595,6710.967885471093,4026580.731282655,5235357.774295982,81.08904986693989,85.59907449125385,0.3596989295157031,0.7666911652049643,0.36028137401965956,85.59907449125385,0.35426478194388757,5235357.774295982,0.2784386042633911 
 02/16  18:20:00,4.7666666666666679,69.33333333333334,2.7266666666666667,0.0,0.0,0.0,0.0,0.0,0.0,0.0,0.0,4.0,0.0,0.0,0.0,285.0,0.0,0.0,0.0,0.0,0.0,0.0,0.0,0.0,0.0,0.0,0.0,20.685814452397996,-1430.892253736903,20.888866317969524,-142.66357724383577,20.394350417111814,-571.4503919414199,19.379845630740186,411.70732391030335,15.013606898639918,42.56846442667705,18.155600693244268,-32.695953304697869,17.147198750188499,182.86634788089936,15.77873140959234,-73.22512626865043,15.995014696827447,-281.8422009487136,1014.7830761512591,1159.8599285743065,0.0,0.0,0.0,0.0,0.0,0.0,0.0,0.0,0.0,0.0,0.0,0.0,0.0,0.0,0.0,0.0,0.0,0.0,0.0,0.0,0.0,0.0,1.5719465397968305,0.4798371611101434,262.5835564785905,307.46753655823178,8707.697095040778,0.2226779408295027,0.033986254705357547,22.329302133536844,26.12117749612272,747.0308489522995,2.827913547378494,0.5343751979173269,293.97691840132588,344.6161940449112,9693.383511218692,0.4024367839283668,0.0760462554664336,315.15578960404329,370.58787273313376,9765.483576556844,0.0,0.0,10.964479811043729,13.128793419221758,228.43641704215487,0.0,0.0,36.01534288503744,42.665471493782508,964.5699047851013,0.0,0.0,280.2325546253429,332.2481715203069,7351.422369701752,0.0,0.0,27.64628320891682,32.95456181247433,646.1872962450137,0.0,0.0,177.0397710933703,211.19168444725188,4034.450422185879,34.445060418816257,23.624869971753264,312.0803591461403,369.17778764166749,9582.954130227221,0.0,0.0,201.80108965543253,241.5502964700105,4221.122446533923,1616.7007060759018,21.48951979850811,26.485194929595829,21.999999999999994,29.99999999999999,0.0,21.567493025688088,31.413719501765827,20.999999999999994,29.99999999999999,1210.5480915587144,21.355281329865926,26.80134544683971,21.333333333333326,29.99999999999999,0.0,20.377230708060485,28.558059655288113,15.999999999999993,29.99999999999999,0.0,15.081979306318744,38.56449318106059,11.999999999999995,29.99999999999999,0.0,18.175550295666253,31.883669765850379,15.999999999999993,29.99999999999999,0.0,17.895929070951298,32.68811431788434,9.999999999999997,29.99999999999999,0.0,16.386662121640354,35.61839908781763,15.999999999999993,29.99999999999999,48.5075141674497,16.105737593949408,36.44198613347787,15.999999999999993,29.99999999999999,0.0,18.639145925429838,0.0,0.0,0.0,15.095492631611556,0.0,0.0,616.5517689619414,888.5941754698163,622.8512632765308,629.1818101222625,563.0235465803659,576.3197697271539,590.5237181043126,571.358677618095,581.0731656616202,10776.067968384394,80.87942118503388,85.66913927092486,239.99999999999992,0.0,239.99999999999992,239.99999999999992,21.0,16.0,16.0,16.0,16.0,12.0,21.0,10.0,1.0,0.0,1616.7007060759018,0.0,1210.5480915587144,0.0,0.0,0.0,0.0,48.5075141674497,7248.43127208779,4349058.7632526759,5664788.486159704,80.87942118503388,85.75048458479611,0.35494770906959297,0.7671378467057005,0.36028137401965945,85.75048458479611,0.35426478194388735,5664788.486159704,0.3006090012803046 
 02/16  18:30:00,4.635,70.0,2.785,0.0,0.0,0.0,0.0,0.0,0.0,0.0,0.0,4.0,0.0,0.0,0.0,380.0,0.0,0.0,0.0,0.0,0.0,0.0,0.0,0.0,0.0,0.0,0.0,20.756792711591808,-1151.035162357624,20.748398153978564,-122.85761398595338,20.613573105187628,-1483.0820112183979,19.356939390688575,655.1879261429413,15.034023198715728,39.69357205256948,18.077974797701218,-27.41857869983417,17.154597268784316,337.0294622392212,15.961009412923464,-97.7974286933574,16.499469583867986,-469.1969592840952,1078.8214359190397,1018.0636350220016,0.0,0.0,0.0,0.0,0.0,0.0,0.0,0.0,0.0,0.0,0.0,0.0,0.0,0.0,0.0,0.0,0.0,0.0,0.0,0.0,0.0,0.0,1.5885977189469412,0.4849199386284924,244.18127061165112,285.9074553610311,8238.006785945348,0.24303719316998069,0.037093588701157007,19.81680013788813,23.2073494832076,661.7797164940134,2.6707876188310144,0.5046839793709401,372.7587892682382,436.4209605922673,12533.500019242445,0.40814756206276156,0.07712538965660647,350.47227942719328,412.12237470247569,10921.212522236685,0.0,0.0,10.960403736353865,13.126712268650739,231.6078194430636,0.0,0.0,34.973347452235639,41.468004821738997,941.1407468055433,0.0,0.0,245.19309941134495,290.86836336851038,6505.198067808445,0.0,0.0,27.534041577477909,32.79842381011259,668.1978001589617,0.0,0.0,142.84996634824246,170.05668376803659,3513.5640706497599,34.662977493470147,23.774332985919178,375.94425072912898,444.15986386856476,11670.728495876338,0.0,0.0,165.61348950777203,198.5629367496548,3420.1302904517,1730.4540288676877,21.668435308661019,26.272504714959209,22.0,30.0,0.0,21.34981747072798,33.386916016539419,21.0,30.0,1970.018448549894,21.52902290748325,26.2606775941501,21.5,30.0,0.0,20.338343425443666,28.472440605175274,16.0,30.0,0.0,15.098262406568239,38.74707914592288,12.0,30.0,0.0,18.10309101057288,32.199914178711058,16.0,30.0,0.0,17.92400662216743,32.752454089828358,10.0,30.0,693.2396325626501,16.736770209503065,35.083646849399588,16.75,30.0,1151.7871702422399,16.90098103242999,34.806965910851477,16.75,30.0,0.0,18.85054979652122,0.0,0.0,0.0,14.805523800549345,0.0,0.0,619.2645418480454,977.3680167915659,605.7616486432762,618.1966119320946,574.4009667687442,586.5533066220594,597.5502014621208,584.5204693125793,590.2287160332004,10597.050366195357,80.99783182343555,86.22988056152254,240.0,0.0,240.0,240.0,21.0,16.0,16.0,16.0,16.0,12.0,21.0,10.0,1.0,0.0,1730.4540288676877,0.0,1970.018448549894,0.0,0.0,0.0,693.2396325626501,1151.7871702422399,7918.057284092889,4750834.3704557339,6186484.9280875329,80.99783182343555,86.31873811830507,0.3489352428030963,0.7664943795676388,0.36028137401965956,86.31873811830507,0.3542647819438875,6186484.9280875329,0.3275772162605517 
 02/16  18:40:00,4.503333333333334,70.66666666666667,2.8433333333333334,0.0,0.0,0.0,0.0,0.0,0.0,0.0,0.0,4.0,0.0,0.0,0.0,665.0,0.0,0.0,0.0,0.0,0.0,0.0,0.0,0.0,0.0,0.0,0.0,20.58356674535502,-172.5156409886364,20.65760914681566,-94.3647631819199,20.452604607228147,-1902.4178405600888,19.54761685818978,556.8024557872617,15.053968073934592,41.732220140573577,18.895338806901955,-221.65046023698148,17.211683971154569,169.9036802536041,16.89806771888631,-72.74521316376621,16.096096723658535,-430.55217949027118,1151.9695588320822,1223.304009375608,0.0,0.0,0.0,0.0,0.0,0.0,0.0,0.0,0.0,0.0,0.0,0.0,0.0,0.0,0.0,0.0,0.0,0.0,0.0,0.0,0.0,0.0,1.6660255572388132,0.5085548099019583,184.35346582726275,216.3406449438543,6130.14545865361,0.2500449000287119,0.03816314103002323,20.44061399260458,23.942810570045564,682.614619605193,2.4307713929864485,0.4593294393398436,422.8626655113418,495.4590440051077,14378.301733967033,0.3779357032705497,0.07141642163086735,323.35363138243926,380.2095171334962,10328.917223020328,0.0,0.0,11.265197051088539,13.495246156891556,241.40764859078619,0.0,0.0,64.82716979148785,76.43996259089016,1938.6814692768008,0.0,0.0,295.1094827215443,350.02484980824826,7931.626322174029,0.0,0.0,20.114138999380015,23.835629699887247,551.2161794122313,0.0,0.0,187.88151262949828,224.15797067467063,4433.661958903313,34.84121313396938,23.896579652928279,406.7531335518403,480.44043938289055,12958.38754665222,0.0,0.0,196.1416670800921,235.09303138468233,4136.121444569368,272.0802320123747,21.21461872502612,27.174634862797235,21.142857142857168,30.000000000000033,0.0,21.21761982923522,34.82178109829049,21.00000000000002,30.000000000000033,1970.6925522024968,21.565856323341877,26.106740843358364,21.571428571428596,30.000000000000033,0.0,20.630764213880764,27.792022767962846,16.000000000000019,30.000000000000033,0.0,15.115052275651959,38.90346472664557,12.000000000000015,30.000000000000033,1627.738444517544,19.375499942785397,29.947707011266929,20.00000000000002,30.000000000000033,0.0,17.95967107030472,32.79814170906276,10.00000000000001,30.000000000000033,1316.2763177778475,18.184292831745954,32.147721352441397,20.700000000000025,30.000000000000033,22.81437785355531,16.26250870638279,36.413272539393997,16.000000000000019,30.000000000000033,0.0,19.161799571906376,0.0,0.0,0.0,14.915577013525694,0.0,0.0,626.5279079277269,1047.2477393589643,598.8399928830486,607.1503442790419,584.2328932566325,598.0568881491287,603.3723552778943,591.7745523175636,598.3017130076503,10667.40592575431,80.9512556563112,85.18558608195352,240.00000000000026,0.0,240.00000000000026,240.00000000000026,21.0,16.0,19.0,16.0,19.7,12.0,21.0,10.0,1.0,0.0,272.0802320123747,0.0,1970.6925522024968,0.0,1627.738444517544,0.0,1316.2763177778475,22.81437785355531,6407.733452125554,3844640.071275327,5005519.57516564,80.9512556563112,85.25749906959322,0.3593054007851377,0.7676704140516986,0.36028137401966,85.25749906959322,0.35426478194388796,5005519.57516564,0.26600701790861328 
 02/16  18:50:00,4.371666666666667,71.33333333333333,2.901666666666667,0.0,0.0,0.0,0.0,0.0,0.0,0.0,0.0,4.0,0.0,0.0,0.0,475.0,0.0,0.0,0.0,0.0,0.0,0.0,0.0,0.0,0.0,0.0,0.0,20.80890274006523,-870.1880860530708,20.5959896740602,-51.69144281777853,20.637600878400954,-1278.547976800146,19.57249114747777,599.3855534978899,15.079703128763282,45.17501707858177,19.014699080574773,-229.90700595985684,17.29683902847804,387.5279230791137,17.859615282700124,-127.23063009525606,16.476743465786684,-614.6771602183379,1127.483240492004,1236.5229407142895,0.0,0.0,0.0,0.0,0.0,0.0,0.0,0.0,0.0,0.0,0.0,0.0,0.0,0.0,0.0,0.0,0.0,0.0,0.0,0.0,0.0,0.0,1.584791405165301,0.4837580601847683,188.58279910187174,220.82914412223949,6468.980641120082,0.28736631422009459,0.0438593275671695,12.55845613413152,14.718474211333352,425.39211541263969,2.642890768401169,0.49941246568427247,349.28089778934136,409.18328245496368,11992.8025593981,0.4029987849592917,0.07615245369601127,338.9143874241313,398.3339256851393,10926.717817459727,0.0,0.0,11.95532885202152,14.319135463286662,260.03996715416715,0.0,0.0,75.39648601076567,88.97738699464736,2262.5836408920488,0.0,0.0,293.61981171518286,348.05531238439377,8073.603167296311,0.0,0.0,29.84974222622732,35.16766264835425,916.3703275988673,0.0,0.0,180.0229765793161,214.384702119772,4486.437265164615,35.211284824673509,24.150401114316546,356.4566044179566,421.2548164606205,11444.819598572898,0.0,0.0,183.6704433849995,220.12139890813553,3930.86156634359,1159.382190325028,21.771290726644219,25.928775468773418,21.8,30.0,0.0,21.139220871210289,36.158443663183778,21.0,30.0,1951.3236974926788,21.63040974061387,25.954923434765538,21.6,30.0,0.0,20.647536960009178,27.717951113516297,16.0,30.0,0.0,15.143610037404513,39.02721636632778,12.000000000000002,30.0,0.0,19.45237333316903,29.942703661009778,19.0,30.0,0.0,18.141860706027484,32.452361027397007,10.0,30.0,1280.3551768444339,19.77878385022497,29.22862740145123,20.7,30.0,1130.8225732962654,16.800784822576295,35.2925677099739,16.6,30.0,0.0,19.056766454425419,0.0,0.0,0.0,14.940168227086778,0.0,0.0,605.7962417281856,1119.0672977690136,595.0282656925516,603.5182228323804,593.4137753874788,606.5861645918089,604.6770292592433,600.1950891945442,603.2107480795132,10913.37675218707,80.78847181426633,85.48956874031808,240.0,0.0,240.0,240.0,21.0,16.0,19.0,16.0,19.7,12.0,21.0,10.0,1.0,0.0,1159.382190325028,0.0,1951.3236974926788,0.0,0.0,0.0,1280.3551768444339,1130.8225732962654,7113.628734519204,4268177.240711522,5577326.489585529,80.78847181426633,85.56940897269318,0.3731209578173068,0.7666755448119221,0.36028137401965956,85.56940897269318,0.35426478194388757,5577326.489585529,0.29560764412511428 
 02/16  19:00:00,4.24,72.0,2.96,0.0,0.0,0.0,0.0,0.0,0.0,0.0,0.0,4.0,0.0,0.0,0.0,190.0,0.0,0.0,0.0,0.0,0.0,0.0,0.0,0.0,0.0,0.0,0.0,20.647264459271257,-566.202427658209,20.546520003786026,-92.88565915370453,20.599505729801025,-1115.2070577835767,19.524841078430137,365.30728684122826,15.105305913110723,42.11907621344659,19.053062594795514,-186.8147120085573,17.253689663301395,124.74320047327365,18.473056900170918,-232.0168588855464,16.02684290047481,-401.3708129257966,1081.43805979457,1429.0728799441868,0.0,0.0,0.0,0.0,0.0,0.0,0.0,0.0,0.0,0.0,0.0,0.0,0.0,0.0,0.0,0.0,0.0,0.0,0.0,0.0,0.0,0.0,1.654138672278537,0.5049263346393581,147.8705891884523,173.31753322112469,5034.946063425135,0.24318378865604413,0.037115962859591598,20.134523513126348,23.542158999047346,677.2416619548021,2.671893428268123,0.5048929380703182,287.0002817842087,336.04739519469089,9866.708377087816,0.37530867520411118,0.07092000665232636,275.24886663212586,323.41336523260318,8885.38140045762,0.0,0.0,11.045535191531485,13.216372490765473,243.8337733219602,0.0,0.0,64.992096479456,76.62354385567858,1970.6621879269167,0.0,0.0,304.5606425165673,360.85365918414507,8353.138481257283,0.0,0.0,40.181658474602858,47.14931875675801,1312.3384293306318,0.0,0.0,211.08869844571923,251.70553402282003,5023.103991792144,35.09314363104839,24.06937148905926,286.7367485488574,338.93448027100785,9299.15631658844,0.0,0.0,216.9249182332547,259.35888495133238,4843.313952657105,1220.7682377774536,21.477803050120746,27.107569610920636,21.5,30.0,0.0,21.066037627642034,37.15744970423842,21.0,30.0,2043.5948848119084,21.557998593311227,26.03138112064973,21.5,30.0,0.0,20.49939935154277,28.023990664620734,16.0,30.0,0.0,15.172194327178494,39.07323012813365,12.0,30.0,978.4435057167275,19.554082609099006,29.79426430222495,19.5,30.0,0.0,17.971500418075313,32.804671047648387,10.0,30.0,1261.5710517078265,20.712782907304264,27.634866987036927,20.7,30.0,129.5495836539655,16.072336890840416,36.98438040044961,16.0,30.0,0.0,18.73406743494695,0.0,0.0,0.0,15.254250657724655,0.0,0.0,647.0566925330107,1171.5186838762193,591.7384223660467,605.7177680506472,598.9463028520626,608.2380985762185,604.5733691536307,603.4777226659605,604.0203866992191,11957.789970508651,80.09730815468459,84.52275737918493,240.0,0.0,240.0,240.0,21.0,16.0,19.0,16.0,19.7,12.0,21.0,10.0,1.0,0.0,1220.7682377774536,0.0,2043.5948848119084,0.0,978.4435057167275,0.0,1261.5710517078265,129.5495836539655,6695.232067522574,4017139.240513544,5198309.242677247,80.09730815468459,84.59791619850012,0.3931744022507525,0.7684875058439094,0.36028137401965956,84.59791619850012,0.3542647819438875,5198309.242677247,0.27576541395255019 
 02/16  19:10:00,4.130000000000001,72.83333333333333,2.975,0.0,0.0,0.0,0.0,1.0,2.0,0.0,0.0,4.0,0.0,0.0,0.0,380.0,0.0,0.0,0.0,0.0,0.0,0.0,0.0,0.0,0.0,0.0,0.0,20.764342416422804,-741.6575938443886,20.73133655648266,-87.61626050286688,20.67109977615175,-1519.8765163449753,19.46032196614069,565.4799147521121,15.121406148395338,38.83927241929349,19.189063937421016,-66.18767942752356,17.130604253437608,293.6779614369134,18.159289764932795,-188.18402449741837,16.532874844998135,-543.72627804135,1086.800395899094,1143.602434653782,0.0,0.0,0.0,0.0,0.0,0.0,0.0,0.0,0.0,0.0,0.0,0.0,0.0,0.0,0.0,0.0,0.0,0.0,0.0,0.0,0.0,0.0,1.6005761017303857,0.48857634362954385,134.1413525520074,157.23110568835245,4621.909171012656,0.25894606335484207,0.039521682441215209,17.812294540614226,20.87115842724395,605.6728171507303,2.6401480781880619,0.4988941946689461,314.1973012132203,368.0352445974192,10875.082061831134,0.39860745287799517,0.07532264793612907,329.43860996593778,387.3611221602081,10632.020672357354,0.0,0.0,11.371240783179927,13.61458598731198,253.78544768417096,0.0,0.0,14.22046788969455,16.755911228179838,441.6992050280656,0.0,0.0,205.99948589890986,244.52463066050573,5610.807624615627,0.0,0.0,41.32308093014101,48.68069501413472,1297.1168125603809,0.0,0.0,161.103821487667,191.823277464518,4125.152540683048,35.202688189627128,24.144504931157156,326.72764010752788,386.4306528651254,10499.219442677297,0.0,0.0,165.9444637765462,198.91927953439888,3630.445694431428,1105.9088220210879,21.537403022166985,26.81105005835459,21.5,30.0,531.6359244842803,21.17078293337923,36.46143502023207,21.25,30.0,2018.3758111510627,21.501315829478565,26.215913645707454,21.5,30.0,0.0,20.396425802147666,28.227293681277275,16.0,30.0,0.0,15.184124204395282,39.14300021404104,12.0,30.0,0.0,19.769306009338057,31.077216443319409,19.0,30.0,0.0,17.765579847466215,33.602017906368988,10.0,30.0,474.063987698245,19.927761138663244,29.94149829412372,19.95,30.0,1191.1357021971167,16.895804868826497,35.21486763593458,16.75,30.0,0.0,18.67575682866388,0.0,0.0,0.0,14.870661281260454,0.0,0.0,634.2785207014733,1149.902228018936,595.9880396290357,606.3717142484138,603.25825920861,707.3509497458291,621.7425383432355,654.3183860815223,609.3846452969599,9226.305643464593,81.90421957095929,83.6791899216993,270.0,0.0,270.0,270.0,21.0,16.0,19.0,16.0,19.7,12.0,21.0,10.0,1.0,0.0,1105.9088220210879,531.6359244842803,2018.3758111510627,0.0,0.0,0.0,474.063987698245,1191.1357021971167,2686.1518781249758,1611691.1268749855,2090524.4767059198,81.90421957095929,83.70933481075204,0.3445383959374992,0.7696666934002917,0.36028137401965956,83.70933481075204,0.3542647819438875,2090524.4767059198,0.11469227278870782 
 02/16  19:20:00,4.0200000000000009,73.66666666666667,2.99,0.0,0.0,0.0,0.0,1.0,2.0,0.0,0.0,4.0,0.0,0.0,0.0,285.0,0.0,0.0,0.0,0.0,0.0,0.0,0.0,0.0,0.0,0.0,0.0,20.583073303643386,-630.5220319736903,21.09725986324265,-229.34419665074393,20.585272150689716,-1077.9860607488236,19.493623993928546,338.31936692091576,15.13585758282966,36.37718834516055,18.94507687917526,-28.77677192640843,17.155271553676138,84.61761525022178,18.62089823929056,-271.92909453841596,16.084921189865275,-438.804267470956,1053.8941555408724,1349.6050422152153,0.0,0.0,0.0,0.0,0.0,0.0,0.0,0.0,0.0,0.0,0.0,0.0,0.0,0.0,0.0,0.0,0.0,0.0,0.0,0.0,0.0,0.0,1.7058164556419127,0.5207009937856875,153.84321336836636,180.35502038552174,5273.756484946705,0.14448239699381278,0.02205164789282856,35.043843818505148,40.89986401603076,1241.7272613979745,2.8156526607547267,0.5320583259173708,280.4410683953543,328.7879064973754,9661.99737600494,0.3872633493107673,0.07317901536484639,279.876637366675,329.10255353977598,9102.026421407063,0.0,0.0,10.520743948287644,12.593637353015725,237.34960579326669,0.0,0.0,13.592567721633044,16.025317909820154,416.1942646938196,0.0,0.0,224.43709566873825,266.2348315359034,6157.579775990196,0.0,0.0,45.51616048142465,53.43781511196144,1502.6323191984209,0.0,0.0,187.98062976248546,224.18773369007344,4589.204986072239,35.23537012945855,24.166920527749349,290.34587905969786,343.5231621313081,9470.538371550878,0.0,0.0,193.82883535899954,232.11679336433446,4289.227351210694,796.901967319842,21.158693993044318,28.000139702250629,21.333333333333326,29.99999999999999,514.6211106791666,21.943963841161588,33.6462412964108,21.666666666666658,29.99999999999999,1581.1035971103677,21.348236079189623,26.779009283511095,21.333333333333326,29.99999999999999,0.0,20.408989029816924,28.310924979439834,15.999999999999993,29.99999999999999,0.0,15.194621313137454,39.36284076909072,11.999999999999995,29.99999999999999,0.0,19.414603555535174,34.170889882201809,18.999999999999994,29.99999999999999,0.0,17.75192756610911,33.82860859323404,9.999999999999997,29.99999999999999,1263.948865027361,20.670973264405,28.946439711011427,20.69999999999999,29.99999999999999,36.927419327383329,16.180567897355723,37.22668869030121,15.999999999999993,29.99999999999999,0.0,18.615911528534978,0.0,0.0,0.0,14.92575464748856,0.0,0.0,665.2055821985282,1076.5807534250189,614.1786852796411,611.3092758923874,613.5969909752113,847.7363431163491,630.6382040937051,678.0174714475625,625.3236385960987,10491.784291218037,81.0674354344377,85.82287475941149,269.9999999999999,0.0,269.9999999999999,269.9999999999999,21.0,16.0,19.0,16.0,19.7,12.0,21.0,10.0,1.0,0.0,796.901967319842,514.6211106791666,1581.1035971103677,0.0,0.0,0.0,1263.948865027361,36.927419327383329,7196.609742253899,4317965.8453523409,5625232.607007535,81.0674354344377,85.90363790612469,0.3532203247417966,0.7678094853089312,0.36028137401965945,85.90363790612469,0.35426478194388735,5625232.607007535,0.2981820955643918 
 02/16  19:30:00,3.91,74.5,3.005,0.0,0.0,0.0,0.0,1.0,2.0,0.0,0.0,4.0,0.0,0.0,0.0,380.0,0.0,0.0,0.0,0.0,0.0,0.0,0.0,0.0,0.0,0.0,0.0,20.80770649247003,-1084.5587569086852,20.896717745748349,-169.1239967865473,20.64116623062302,-728.8199301403724,19.421430044229269,434.9253047402458,15.14963491922067,35.81444985424544,18.797362420377309,-36.215961867047,17.152576447956379,321.6905918680609,18.328472684387024,-197.2590037084027,16.550290120716825,-608.6478243244734,1095.889354916343,1175.0398857822784,0.0,0.0,0.0,0.0,0.0,0.0,0.0,0.0,0.0,0.0,0.0,0.0,0.0,0.0,0.0,0.0,0.0,0.0,0.0,0.0,0.0,0.0,1.6353378226351343,0.49918736954674439,210.44692273707126,246.578283589789,7346.704868122921,0.19643876525333493,0.029981496528286773,28.218042419876576,33.01348330980511,990.8932816394855,2.962654294998984,0.5598364125092565,313.5484497890511,367.70984419181436,10845.185965794786,0.4100478704459334,0.07748448043196017,307.74388421080809,362.0582196184851,9999.800612518835,0.0,0.0,11.098053951630764,13.286654209349927,253.0608794954693,0.0,0.0,13.551406575596634,15.992913277842142,412.09370989158927,0.0,0.0,203.70613798360916,241.73629509819703,5649.039482225736,0.0,0.0,41.458118814030367,48.825288375166007,1323.8295933938794,0.0,0.0,159.17379738702204,189.48445823936877,4142.999467306838,35.454432814036298,24.31716928260378,321.3732977637171,380.2635242499572,10471.361335257236,0.0,0.0,163.7838312617391,196.39432849361226,3601.5904969719497,1501.5609398648103,21.600491195385204,26.98196260632776,21.75,30.0,0.0,21.595710843465356,33.227919351638828,21.0,30.0,1189.4986122515637,21.330319093005146,27.062856818137065,21.25,30.0,0.0,20.293319014265039,29.046478774696256,16.0,30.0,0.0,15.2054759102036,39.6709472640114,12.0,30.0,0.0,19.1841099624245,36.21399832963447,19.0,30.0,0.0,17.795982300685517,34.007248797635828,10.0,30.0,439.7775845139871,19.977318676193219,30.5729035283769,19.95,30.0,1242.9024747885715,16.888010191735046,35.98796299500118,16.75,30.0,0.0,18.62528246429535,0.0,0.0,0.0,14.730172219831394,0.0,0.0,647.9964865946156,1000.1107532296863,626.7139408428194,638.6573152945914,627.4810429888214,940.7260698681457,643.2997003707515,694.292918757806,643.8089226647832,10231.352754768626,81.23967907554396,86.43035121629679,270.0,0.0,270.0,270.0,21.0,16.0,19.0,16.0,19.7,12.0,21.0,10.0,1.0,0.0,1501.5609398648103,0.0,1189.4986122515637,0.0,0.0,0.0,439.7775845139871,1242.9024747885715,7855.506344447482,4713303.806668489,6158736.58108554,81.23967907554396,86.5185060610957,0.34685021148158276,0.7644924094911459,0.36028137401965956,86.5185060610957,0.3542647819438875,6158736.58108554,0.3256093022164481 
 02/16  19:40:00,3.8000000000000004,75.33333333333333,3.02,0.0,0.0,0.0,0.0,1.0,2.0,0.0,0.0,4.0,0.0,0.0,0.0,380.0,0.0,0.0,0.0,0.0,0.0,0.0,0.0,0.0,0.0,0.0,0.0,20.891428896663343,-1519.4458089761745,20.75402465562415,-102.08985300278673,20.356393217729527,-246.00291071079409,19.453117923958318,479.5248743716995,15.166220439125738,40.5267062880467,18.89123691503635,-63.83334469850936,17.17454616821502,131.63318163854775,18.676464877615666,-293.62221156566207,16.09652390489167,-466.96493367513929,1111.6017625946543,1472.8740484074936,0.0,0.0,0.0,0.0,0.0,0.0,0.0,0.0,0.0,0.0,0.0,0.0,0.0,0.0,0.0,0.0,0.0,0.0,0.0,0.0,0.0,0.0,1.6249069594293256,0.4960033453691472,270.9526883807828,317.2134625803979,9585.426495604988,0.2614058646370592,0.03989710998734117,18.022925900005587,21.085209923089534,633.673153592238,2.9517132891301567,0.5577689510827963,295.8824398662654,347.06887059674457,10245.21074727108,0.41313213798345135,0.07806729742695604,311.1197200539157,365.92329390896148,10212.659064306805,0.0,0.0,11.629507998406068,13.921382974559127,268.1457616089661,0.0,0.0,15.209894267223046,17.949068720344515,465.0653466170868,0.0,0.0,257.5416295830645,305.59078214309548,7193.217898667666,0.0,0.0,48.58624781555147,57.08420428256623,1615.8994025805612,0.0,0.0,212.16167908917604,253.11799458933309,5281.64058472855,35.729944647598077,24.506134874895819,311.65894796095486,368.6318745239859,10316.387276948179,0.0,0.0,218.07017341990543,261.17624501660216,4963.062900025334,1825.8913406390039,21.662654219558858,26.65765080356154,22.000000000000008,30.00000000000001,0.0,21.37147292170457,35.05762838174749,21.000000000000008,30.00000000000001,86.18196875004306,21.168438595613617,27.276482405800345,21.000000000000008,30.00000000000001,0.0,20.351704527508983,28.932338548803707,16.000000000000008,30.00000000000001,0.0,15.223036488343548,39.94373274445998,12.000000000000004,30.00000000000001,462.56845331669106,19.170532901043939,36.73602385244552,19.250000000000008,30.00000000000001,0.0,17.764371899716516,34.26814372459402,10.000000000000004,30.00000000000001,1138.499251875381,20.594035924800719,29.649218009211738,20.700000000000008,30.00000000000001,48.39888111393823,16.171401601617064,38.15975433315572,16.000000000000008,30.00000000000001,0.0,18.717640832660995,0.0,0.0,0.0,15.047303720544292,0.0,0.0,632.5315986945348,1077.6754891253914,621.295174406652,635.4601498775579,639.8636032875224,978.0023661905364,651.9953328402256,708.7597097851797,664.4371680676848,9701.965739690226,81.58980280871217,83.280898466702,270.0000000000001,0.0,270.0000000000001,270.0000000000001,21.0,16.0,19.0,16.0,19.7,12.0,21.0,10.0,1.0,0.0,1825.8913406390039,0.0,86.18196875004306,0.0,462.56845331669106,0.0,1138.499251875381,48.39888111393823,2559.3448223570237,1535606.893414214,1989695.1752331169,81.58980280871217,83.30961888502698,0.3403114940785676,0.7688845255346646,0.36028137401965967,83.30961888502698,0.35426478194388769,1989695.1752331169,0.10850414911212207 
 02/16  19:50:00,3.69,76.16666666666667,3.0349999999999999,0.0,0.0,0.0,0.0,1.0,2.0,0.0,0.0,4.0,0.0,0.0,0.0,380.0,0.0,0.0,0.0,0.0,0.0,0.0,0.0,0.0,0.0,0.0,0.0,20.977877862356388,-642.5452643858752,20.6650285621427,-73.46306114047217,20.85649391083109,-2226.032886584002,19.610814946969648,779.3338334491673,15.182587340585434,38.83095037138716,19.235507248924859,-69.4131997703298,17.30989116238766,326.15919389937769,18.512156585722804,-176.81102866447697,16.48801826963784,-564.9930344645088,1231.6637139190248,1185.62673783643,0.0,0.0,0.0,0.0,0.0,0.0,0.0,0.0,0.0,0.0,0.0,0.0,0.0,0.0,0.0,0.0,0.0,0.0,0.0,0.0,0.0,0.0,1.6603961180626808,0.5068364218750552,217.13915661652809,254.2293249659252,7785.751789613912,0.291462754655659,0.04448454741386738,14.058561583886796,16.454011493095316,497.0080569904728,2.696633544770874,0.5095679411887519,458.9559897324863,537.2295711247315,16445.299025984626,0.42837588319980549,0.08094782373390124,375.9423933561121,441.72274477826059,12628.466005550017,0.0,0.0,11.824937826791722,14.154205731231361,275.6385867313475,0.0,0.0,14.454215279105466,17.012051770592828,465.47403198084415,0.0,0.0,201.3993580904924,238.64320765532677,5782.088452493509,0.0,0.0,38.364950949066699,45.14421283077869,1251.1614699355055,0.0,0.0,153.10971074585766,182.23476056800468,4001.704432532495,36.007638539541037,24.69659707787452,441.229630436145,521.0113037517144,14706.2254206473,0.0,0.0,157.93023624286148,189.2608849141836,3531.251561878773,917.4371702764728,21.698354194281529,26.79439050796804,21.5,30.0,0.0,21.23501688956735,36.87793894735159,21.0,30.0,3303.9141185462838,21.819392976212727,26.1205810535428,22.0,30.0,0.0,20.649201353609443,28.31301802761522,16.0,30.0,0.0,15.239155008705544,40.1405828292001,12.0,30.0,380.4381256959093,19.905045671262906,35.416603819167637,19.5,30.0,0.0,18.046112859227227,33.810416391281197,10.0,30.0,616.5128942263269,20.12526492594364,30.79944371100419,19.95,30.0,969.3275100924125,16.760343545991966,36.97793942472909,16.5,30.0,0.0,19.16106338071757,0.0,0.0,0.0,14.670674561571272,0.0,0.0,642.0791420455745,1167.2051275621932,613.1479461818994,627.8839726764381,648.7970093570501,999.353942806059,657.6236526283863,722.0562104646406,674.0182439708578,10462.863990801112,81.08643813732064,86.61868154499772,270.0,0.0,270.0,270.0,21.0,16.0,19.0,16.0,19.7,12.0,21.0,10.0,1.0,0.0,917.4371702764728,0.0,3303.9141185462838,0.0,380.4381256959093,0.0,616.5128942263269,969.3275100924125,8371.8748768815,5023124.926128901,6541995.063900903,81.08643813732064,86.7126374038478,0.36406249589605008,0.7670333560742452,0.36028137401965956,86.7126374038478,0.3542647819438875,6541995.063900903,0.34501374332284698 
 02/16  20:00:00,3.58,77.0,3.05,0.0,0.0,0.0,0.0,1.0,2.0,0.0,0.0,4.0,0.0,0.0,0.0,380.0,0.0,0.0,0.0,0.0,0.0,0.0,0.0,0.0,0.0,0.0,0.0,20.968386674199988,-698.1484677155528,20.59551085719832,-101.12565105521705,20.8804482199915,-1709.4337561809869,19.625561169966735,393.1944698872155,15.19637185959919,36.51925006762298,19.009360061490456,-66.50903277150832,17.129745967662929,56.939431622108717,18.83786792084722,-328.6825344220237,16.371084374343533,-480.6781331866091,1097.8369589609266,1425.1730995923788,0.0,0.0,0.0,0.0,0.0,0.0,0.0,0.0,0.0,0.0,0.0,0.0,0.0,0.0,0.0,0.0,0.0,0.0,0.0,0.0,0.0,0.0,1.6964199938803642,0.5178327209647021,190.4203866128748,222.73443892843708,6891.205164405749,0.26307092179475896,0.04015123959016467,19.808777555669708,23.218242449706314,695.6027819244376,2.799892209028328,0.5290801604361921,339.1486987492987,396.8929312274606,12172.62536528967,0.3910269858926858,0.0738902089744304,268.9755402739306,315.8878826482156,9058.488167024061,0.0,0.0,11.101677196552878,13.285002871551472,261.51653392423295,0.0,0.0,14.826124506703455,17.467675975546439,469.5594552360325,0.0,0.0,245.67961408613275,291.60152136068629,6903.980889265719,0.0,0.0,52.62766492629184,61.81872246753821,1777.6643019424053,0.0,0.0,207.02685329944999,246.85199581164097,5293.488509789377,35.83372697038641,24.57731616624583,331.43317996691226,391.3813990992554,11244.856163987399,0.0,0.0,213.32268323436007,255.46677252918614,4943.11784663317,1444.136236986276,21.732564121945729,27.2549837377448,21.75,30.0,0.0,21.121074946372326,37.098859632758,21.0,30.0,2217.8432729269686,21.653201697326467,26.29516359604061,21.5,30.0,0.0,20.55823659132791,28.513696091819538,16.0,30.0,0.0,15.251478295469177,40.46636263630929,12.0,30.0,0.0,19.516273277757564,37.0055417586275,19.0,30.0,0.0,17.622689306623039,35.149659075739169,10.0,30.0,884.7385787307753,20.64505083653521,29.896275093633326,20.45,30.0,825.8907409464736,16.289758603738929,38.44569824587661,16.25,30.0,0.0,18.74088147499354,0.0,0.0,0.0,15.038495012519104,0.0,0.0,670.1162208485133,1167.5313893654159,604.4027683888655,627.732955625703,663.0646466104279,1035.9858059453832,676.8403082124434,724.7887648814734,687.752737165908,11068.549439745073,80.68591598606769,86.31722210307285,270.0,0.0,270.0,270.0,21.0,16.0,19.0,16.0,19.7,12.0,21.0,10.0,1.0,0.0,1444.136236986276,0.0,2217.8432729269686,0.0,0.0,0.0,884.7385787307753,825.8907409464736,8521.626589654345,5112975.953792607,6663784.490680008,80.68591598606769,86.41286037559294,0.36905421965514487,0.768025344244445,0.36028137401965956,86.41286037559294,0.3542647819438875,6663784.490680008,0.3511367935153604 
 02/16  20:10:00,3.495,77.33333333333334,3.045,0.0,0.0,0.0,0.0,0.0,2.0,0.0,0.0,4.0,0.0,0.0,0.0,570.0,0.0,0.0,0.0,0.0,0.0,0.0,0.0,0.0,0.0,0.0,0.0,20.898685313811286,-800.6505147552297,20.54232499095759,-89.3690325256551,20.785952033639359,-1449.7570167191289,19.649927367988949,491.7742781205493,15.207959971879223,35.47384811454878,18.91287459358051,-53.461404064190848,17.219489512825406,290.6618368321622,18.080112911083384,-129.62059393684769,16.50224516902525,-583.6167861619774,1125.9599838123573,1178.039739219671,0.0,0.0,0.0,0.0,0.0,0.0,0.0,0.0,0.0,0.0,0.0,0.0,0.0,0.0,0.0,0.0,0.0,0.0,0.0,0.0,0.0,0.0,1.7213079601841069,0.5254297802759789,167.35042950871537,196.05956222299177,6024.124342900914,0.2807131911228721,0.04284389363902199,18.051323088874989,21.15484281552304,635.6127908773228,2.781237796187881,0.5255551391133563,321.7485608182517,376.80149783145989,11599.534891865258,0.4055941181552981,0.07664287947001095,315.2118244249733,370.4576050123642,10683.657652344416,0.0,0.0,11.408944441407684,13.657293887354556,270.90211139744249,0.0,0.0,14.315672311729447,16.884111424584885,450.99771432824095,0.0,0.0,209.2089918958108,248.20525733004937,5993.687384933257,0.0,0.0,35.90792450162474,42.38911421439373,1135.6845010460766,0.0,0.0,161.19753745326939,191.984935307803,4271.05254447614,36.036898161607677,24.716665405766585,326.8866574450166,386.44493596307157,11095.489189534721,0.0,0.0,165.6939580407803,198.73394320515727,3746.19382116041,947.3971850981443,21.51573320134034,27.342826772495646,21.499999999999994,30.0,0.0,21.04671312752626,37.901048376470487,20.999999999999998,30.0,1913.8895713062457,21.572751285501096,26.63302126057335,21.499999999999994,30.0,0.0,20.59689880536525,28.428466029291664,15.999999999999999,30.0,0.0,15.26117582540909,40.701316376378567,11.999999999999997,30.0,0.0,19.3321605555173,37.68620428206601,18.999999999999998,30.0,0.0,17.824065565828858,34.783038546353768,9.999999999999999,30.0,0.0,19.323273076098727,31.94779834329404,11.999999999999997,30.0,331.0839359258955,16.707902710782496,37.5854065084662,16.33333333333333,30.0,0.0,18.792239871864508,0.0,0.0,0.0,14.640024220277539,0.0,0.0,652.6839766723634,1208.1237699167148,615.6873646003297,625.008957396391,672.5557947103913,1050.6417231329143,678.7080997642113,695.6950231400344,693.3673289388092,8933.447209472379,82.09790076690237,84.39231024470648,569.9999999999999,0.0,569.9999999999999,569.9999999999999,21.0,16.0,19.0,16.0,12.0,12.0,21.0,10.0,1.0,0.0,947.3971850981443,0.0,1913.8895713062457,0.0,0.0,0.0,0.0,331.0839359258955,3472.3540029523585,2083412.4017714158,2721095.75839064,82.09790076690237,84.43127693455632,0.34241180009841196,0.767653899027422,0.3602813740196595,84.43127693455632,0.3542647819438874,2721095.75839064,0.1508069794363133 
 02/16  20:20:00,3.41,77.66666666666667,3.04,0.0,0.0,0.0,0.0,0.0,2.0,0.0,0.0,4.0,0.0,0.0,0.0,285.0,0.0,0.0,0.0,0.0,0.0,0.0,0.0,0.0,0.0,0.0,0.0,20.81939019147506,-710.3420294201884,20.789359091800259,-125.84268855729757,20.74345579559992,-1025.167572077197,19.595121751106718,262.12629282660449,15.218820845948699,34.84013446609778,18.86888971846703,-53.55116442633822,17.20796991934248,89.80439173196315,17.370564594605609,-42.73715710980419,16.44546786927615,-610.8403903959284,1063.6224252956279,1296.7529528925552,0.0,0.0,0.0,0.0,0.0,0.0,0.0,0.0,0.0,0.0,0.0,0.0,0.0,0.0,0.0,0.0,0.0,0.0,0.0,0.0,0.0,0.0,1.7465007178703436,0.5331198772497996,140.2244818721599,164.36136049974048,4994.687423907025,0.2618227902326209,0.03996074331999708,21.2180739401441,24.80730025245788,759.8487286644166,2.9638942943434518,0.5600707283339856,243.75316032964924,285.7062671526815,8719.150091429237,0.3931008099777932,0.07428208805324886,257.2750062372338,302.40362888350117,8704.478147147242,0.0,0.0,10.884555613771447,13.022154917778817,260.53104945857958,0.0,0.0,13.549704010867826,15.973927186558031,427.4104740910232,0.0,0.0,243.03261176566248,288.24065114791787,6961.958098694931,0.0,0.0,25.27324570114613,29.941969717574197,744.8053809564417,0.0,0.0,193.19613189238616,230.1561994822698,5050.363151796659,35.95630113114313,24.66138623535194,259.55275057216519,307.1776745475531,8876.519771676272,0.0,0.0,196.9182440798998,235.99273665542558,4500.497577089912,988.5823390703808,21.401269496404124,27.86873116929789,21.33333333333333,29.999999999999998,701.6292274888347,21.270870202148275,37.38408783985469,21.33333333333333,29.999999999999998,1501.2317934922742,21.326781832267224,27.19519517122088,21.33333333333333,29.999999999999998,0.0,20.45983897265212,28.973977009765585,15.999999999999997,29.999999999999998,0.0,15.270713511523468,40.8925298795848,11.999999999999997,29.999999999999998,0.0,19.261314566747239,38.1042614408811,18.999999999999998,29.999999999999998,0.0,17.741283247973457,35.00185402705029,9.999999999999999,29.999999999999998,0.0,18.129467347483766,34.25361139864606,11.999999999999997,29.999999999999998,1127.8266039165868,16.402431163308344,38.32646156578016,16.33333333333333,29.999999999999998,0.0,18.449493124223296,0.0,0.0,0.0,14.685419540126287,0.0,0.0,672.950791949773,1211.1996286459676,623.7723776039578,641.6869852544205,680.2794161292742,1068.2205417650403,679.8805238759945,686.2164016952895,691.2550444634538,10333.979423331746,81.1714897280412,83.98033261695906,569.9999999999999,0.0,569.9999999999999,569.9999999999999,21.0,16.0,19.0,16.0,12.0,12.0,21.0,10.0,1.0,0.0,988.5823390703808,701.6292274888347,1501.2317934922742,0.0,0.0,0.0,0.0,1127.8266039165868,4249.828688920999,2549897.2133526008,3300367.419102628,81.1714897280412,84.02803609393135,0.3683276229640333,0.7685278325636391,0.3602813740196595,84.02803609393135,0.35426478194388746,3300367.419102628,0.18064410579333668 
 02/16  20:30:00,3.325,78.0,3.035,0.0,0.0,0.0,0.0,0.0,2.0,0.0,0.0,4.0,0.0,0.0,0.0,380.0,0.0,0.0,0.0,0.0,0.0,0.0,0.0,0.0,0.0,0.0,0.0,20.954661652765134,-1558.5669453003214,21.092455433604969,-212.58143589030608,20.73517396498645,-467.684248300925,19.506505260996467,409.75119315785289,15.225817018681534,32.26225405519622,18.843218085723323,-38.06246395271637,17.2337803392993,283.20276581968508,16.95226100489294,-28.075633801577426,16.418808418317015,-579.8647220030335,1121.1550521045943,1168.3827858345208,0.0,0.0,0.0,0.0,0.0,0.0,0.0,0.0,0.0,0.0,0.0,0.0,0.0,0.0,0.0,0.0,0.0,0.0,0.0,0.0,0.0,0.0,1.7621347464034494,0.5378921692318223,268.78556474433807,314.67177475723858,9741.138849099125,0.20444072039588413,0.031202796153217969,30.897460047088367,36.084317843089078,1138.049240657576,3.2271640718985576,0.6098193635484805,285.7469879898064,334.9675583817582,10267.251412310383,0.432636153527545,0.08175286347837205,307.8845699945416,362.128263893784,10385.293552223386,0.0,0.0,10.83679762127064,12.967405660389052,261.30146287721439,0.0,0.0,12.83247811424925,15.132710252413812,406.1549280935006,0.0,0.0,222.63904905990268,264.05035521847369,6457.253181237646,0.0,0.0,13.970504503694567,16.593963225334546,396.3367758798707,0.0,0.0,164.44836482881565,195.9560251002871,4337.966932225482,36.25739322636556,24.8678965887281,304.71169679048298,360.637870283013,10323.591849712822,0.0,0.0,169.10276396659448,202.9044564248319,3809.214335919501,1718.6275401588153,21.60623139137767,27.24604441631124,22.0,30.0,333.493034355301,21.90845129596738,34.42028976288976,21.5,30.0,883.3174895133564,21.350540711430008,27.48094475442903,21.25,30.0,0.0,20.334366959163189,29.364971171334795,16.0,30.0,0.0,15.273886410023792,41.03524388159033,12.0,30.0,0.0,19.22926030205999,38.62776029530031,19.0,30.0,0.0,17.831323809107368,34.82386095170147,10.0,30.0,0.0,17.472479814431116,35.70957477030936,12.0,30.0,0.0,16.463626420036019,38.17867681293869,16.0,30.0,0.0,18.5231427732906,0.0,0.0,0.0,14.41583986872633,0.0,0.0,655.0926298098017,1108.431462384081,643.4077888133735,650.3471041818591,685.8269779465126,1095.8134460996749,679.3025779804549,686.1832189334386,691.0628859730041,8274.187746587999,82.53381351943061,82.53381351943063,570.0,0.0,570.0,570.0,21.0,16.0,19.0,16.0,12.0,12.0,21.0,10.0,1.0,0.0,1718.6275401588153,333.493034355301,883.3174895133564,0.0,0.0,0.0,0.0,0.0,0.0,0.0,0.0,82.53381351943061,82.53381351943061,0.34,0.769553492692709,0.36028137401965956,82.53381351943061,0.3542647819438875,0.0,0.00874 
 02/16  20:40:00,3.24,78.33333333333333,3.0300000000000004,0.0,0.0,0.0,0.0,0.0,2.0,0.0,0.0,4.0,0.0,0.0,0.0,380.0,0.0,0.0,0.0,0.0,0.0,0.0,0.0,0.0,0.0,0.0,0.0,21.02391793947214,-1107.1184083075885,20.897790928049788,-117.03959312750291,20.95651152189186,-1266.4409980422645,19.57275017159092,640.3416311359563,15.235896422384231,36.42561056085174,18.81687830870836,-57.91581703464688,17.321466561968735,266.69872469332867,16.57742377865051,-94.77060992723459,16.789622567465494,-646.4998592086359,1208.5929543385183,1237.3175493961338,0.0,0.0,0.0,0.0,0.0,0.0,0.0,0.0,0.0,0.0,0.0,0.0,0.0,0.0,0.0,0.0,0.0,0.0,0.0,0.0,0.0,0.0,1.7697229214480122,0.5402084619804679,249.09098922210709,291.64095886876796,9092.354376082098,0.27627266717469,0.04216615799369507,20.13574670910763,23.53827419732016,738.1157822432695,3.0928643758463014,0.5844414920344488,372.47987067135059,435.85598340351256,13652.1800323416,0.4398498464903272,0.08311599517957809,337.6073655879824,396.77105863676948,11538.979735207999,0.0,0.0,11.617198112526978,13.90083074572709,282.3528156404401,0.0,0.0,14.501353722738458,17.107275685055997,460.3788909564319,0.0,0.0,238.9788726508788,283.3972890634381,7019.546012722335,0.0,0.0,21.47616799568948,25.54979600657195,587.2702487571341,0.0,0.0,164.3787632598999,195.69812671730819,4480.867552173937,36.61223311420786,25.1112709973991,378.3868096350131,446.8745179081849,13014.466502610874,0.0,0.0,182.31522033878995,218.7855723027325,4161.181816108968,1384.4622505312976,21.642787477508909,27.361628418082704,21.750000000000008,30.00000000000001,0.0,21.590720030918804,35.33693181456928,21.000000000000008,30.00000000000001,1702.2227658152045,21.645197502517307,27.15454393251166,21.500000000000008,30.00000000000001,0.0,20.471146920702979,29.311575487699387,16.000000000000008,30.00000000000001,0.0,15.284949394501093,41.081721399217119,12.000000000000004,30.00000000000001,0.0,19.190773048631518,38.6513422880442,19.000000000000008,30.00000000000001,0.0,17.949685572568563,34.58805063811732,10.000000000000004,30.00000000000001,0.0,16.88797619414248,37.126339658225628,12.000000000000004,30.00000000000001,1781.912970058435,16.895642482728154,37.18209202449439,16.750000000000008,30.00000000000001,0.0,18.979607269542425,0.0,0.0,0.0,14.478495801336317,0.0,0.0,664.5463999492716,1112.9562992507427,652.5339754448877,660.0827874782085,687.4946433424869,1092.80436961435,678.6037885255759,688.5746553883139,689.5670660331341,9929.244352937952,81.43950194780158,83.15295295337032,570.0000000000002,0.0,570.0000000000002,570.0000000000002,21.0,16.0,19.0,16.0,12.0,12.0,21.0,10.0,1.0,0.0,1384.4622505312976,0.0,1702.2227658152045,0.0,0.0,0.0,0.0,1781.912970058435,2593.1442577605946,1555886.5546563545,2024645.3429081403,81.43950194780158,83.18205303971183,0.34143814192535318,0.7686082007295598,0.36028137401965967,83.18205303971183,0.35426478194388769,2024645.3429081403,0.11373655783122329 
 02/16  20:50:00,3.155,78.66666666666667,3.025,0.0,0.0,0.0,0.0,0.0,2.0,0.0,0.0,4.0,0.0,0.0,0.0,380.0,0.0,0.0,0.0,0.0,0.0,0.0,0.0,0.0,0.0,0.0,0.0,20.953873741932818,-695.7328495730092,20.74963694498217,-133.1809060538707,20.978298158330973,-1941.8918410561303,19.641195541674827,463.139920222436,15.244136269229902,35.002382640005567,18.803330182591276,-33.14993532523569,17.425903541359419,235.40750537327359,16.207569646938784,-150.83760745674526,16.692074746130026,-626.6470595658074,1070.8857690062014,1303.9163961509526,0.0,0.0,0.0,0.0,0.0,0.0,0.0,0.0,0.0,0.0,0.0,0.0,0.0,0.0,0.0,0.0,0.0,0.0,0.0,0.0,0.0,0.0,1.8218327555928507,0.5561150047597225,210.84364904544456,246.70147124208965,7780.161193248712,0.2766810054089597,0.04222848067902315,21.901798282546328,25.65081589467598,796.4929946622197,3.0790332733671068,0.5818279050202396,344.8410436263502,403.5283744234092,12661.604242764166,0.4179692384468716,0.07898133757499462,264.968743579333,311.10733620524896,9146.507443742741,0.0,0.0,11.214593834772428,13.416375399444318,274.6469669580048,0.0,0.0,13.62660614415246,16.06792583262636,434.7153936519203,0.0,0.0,225.89931968126099,267.65128884559848,6746.573594365009,0.0,0.0,35.44260584579139,42.25722722634517,938.1710523190351,0.0,0.0,143.060774654023,170.21795334673807,3941.100308633265,36.50613938398601,25.03850437859124,336.3789471030844,397.15337052198427,11727.969196016555,0.0,0.0,172.49111464104477,206.94989826542924,3958.620928988624,1220.949959329372,21.656198809902347,27.886496603211648,21.75,30.0,0.0,21.34199298176217,35.91508006445631,21.0,30.0,2416.094468245191,21.68602859354778,26.633879665727929,21.5,30.0,0.0,20.527844700948689,29.09973227893367,16.0,30.0,0.0,15.291801759696386,41.19813011061019,12.0,30.0,0.0,19.183354211258736,38.93799621336363,19.0,30.0,0.0,18.103028414001277,34.53254990502638,10.0,30.0,0.0,16.31927446183741,38.63311700341505,12.0,30.0,0.0,16.894292282288025,37.299257769544038,16.0,30.0,0.0,18.53335497329707,0.0,0.0,0.0,14.452051119140707,0.0,0.0,695.0517793977,1113.752398145168,625.1985556166425,653.0700389347222,691.4209062348452,1108.246765180954,690.2518699299529,692.7155443205531,693.8712128258075,10034.68640154585,81.3696572376658,84.9775164741616,570.0,0.0,570.0,570.0,21.0,16.0,19.0,16.0,12.0,12.0,21.0,10.0,1.0,0.0,1220.949959329372,0.0,2416.094468245191,0.0,0.0,0.0,0.0,0.0,5459.839035264592,3275903.421158755,4247425.039886326,81.3696572376658,85.038789901268,0.35199463450881976,0.7695176993948976,0.36028137401965956,85.038789901268,0.3542647819438875,4247425.039886326,0.229131102074089 
 02/16  21:00:00,3.07,79.0,3.02,0.0,0.0,0.0,0.0,0.0,2.0,0.0,0.0,4.0,0.0,0.0,0.0,380.0,0.0,0.0,0.0,0.0,0.0,0.0,0.0,0.0,0.0,0.0,0.0,20.84387063729944,-574.0233307169087,20.652665034912503,-100.89894449197476,21.06184677972069,-1694.6969191636038,19.66591592579883,439.793672062171,15.255254866107137,36.42744996924951,18.7826616455906,-51.85075119956832,17.282797268529035,47.1014593379482,15.95745166101517,-83.62563232611783,16.160818323709309,-430.7633584243981,1202.0172338338664,1415.6119566319447,0.0,0.0,0.0,0.0,0.0,0.0,0.0,0.0,0.0,0.0,0.0,0.0,0.0,0.0,0.0,0.0,0.0,0.0,0.0,0.0,0.0,0.0,1.8384755698117395,0.5611952288802624,222.51354276210513,261.0853268777106,8043.991970738435,0.28093356432606189,0.042877528132793319,21.43975216870693,25.111144369328863,777.45198881186,3.0731194306577689,0.5807103988393367,379.5950384309844,444.4687244224503,13982.370081175359,0.41817699777494179,0.07902059670728301,275.63734829083026,323.6943116444202,9563.509603589802,0.0,0.0,11.042393954011774,13.210986428402525,272.60467093536126,0.0,0.0,14.566861215310383,17.18178862805075,466.39457426934657,0.0,0.0,268.0083940278715,317.9490132387299,7884.796400725916,0.0,0.0,32.44844382049627,38.73413651525778,843.4855341506556,0.0,0.0,185.6541670934801,221.50476573237246,4876.23321116339,36.637154608787849,25.12836392920978,370.41155349701378,437.55003593729716,12913.080227617005,0.0,0.0,215.55473689717398,258.4938912838885,5056.772878232592,908.9038475284481,21.402958756719515,27.966585958177438,21.5,30.0,0.0,21.1961846192587,36.73887953078838,21.0,30.0,2210.853048210406,21.699033483979897,26.43851090842979,21.5,30.0,0.0,20.5450677055604,28.84601814207588,16.0,30.0,0.0,15.305667675425012,41.284430391838458,12.0,30.0,0.0,19.155433988816588,38.976435898286187,19.0,30.0,0.0,17.7740489280348,35.165681290497278,10.0,30.0,0.0,15.981496083928393,39.61752065908808,12.0,30.0,67.80508665090824,16.119818369108324,39.26023106296529,16.0,30.0,0.0,18.907815484575086,0.0,0.0,0.0,14.648244419667727,0.0,0.0,675.018012231674,1147.700528578824,614.3726977750871,640.489870051299,694.986383906089,1105.5053044529648,685.3089761017168,696.9853459347427,695.9091243189313,8439.413805086018,82.42466452170899,82.42466452170899,570.0,0.0,570.0,570.0,21.0,16.0,19.0,16.0,12.0,12.0,21.0,10.0,1.0,0.0,908.9038475284481,0.0,2210.853048210406,0.0,0.0,0.0,0.0,67.80508665090824,0.0,0.0,0.0,82.42466452170899,82.42466452170899,0.34,0.7693454430053239,0.36028137401965956,82.42466452170899,0.3542647819438875,0.0,0.008074999999999999 
 02/16  21:10:00,3.0416666666666667,79.50000000000002,3.085,0.0,0.0,0.0,0.0,0.0,2.0,0.0,0.0,4.0,0.0,0.0,0.0,380.0,0.0,0.0,0.0,0.0,0.0,0.0,0.0,0.0,0.0,0.0,0.0,20.843996278877769,-565.5512807795742,20.585958226252666,-87.94337750654424,21.094851942887176,-1707.1857620529964,19.691863429775759,455.52594828669319,15.260521771277894,33.131560244856007,18.765781569887474,-37.33906227034784,17.36715802512478,302.097751758414,15.75715322273903,-119.8925413983414,16.959828224993346,-576.0514905699902,1201.8998429450167,1181.7777814356319,0.0,0.0,0.0,0.0,0.0,0.0,0.0,0.0,0.0,0.0,0.0,0.0,0.0,0.0,0.0,0.0,0.0,0.0,0.0,0.0,0.0,0.0,1.8354695204682854,0.5602776314005755,223.84213271856837,262.65049848133199,8102.332613731206,0.28999465402437199,0.0442604783309481,19.488608809811909,22.83345418851788,705.43281803492,3.042722861003032,0.574966527022493,378.7714723026623,443.50323126184619,13969.246581273826,0.41614892675905337,0.07863736333315444,273.23497004885,320.8520234858853,9508.939645190865,0.0,0.0,11.305334672709173,13.525279511101142,279.8028140284299,0.0,0.0,13.8638346023425,16.35341958467622,444.21673537163965,0.0,0.0,211.08157170433806,250.1998331469764,6306.154941784802,0.0,0.0,41.27830901533832,49.31493899897443,1053.1562363616857,0.0,0.0,122.78396504616303,145.92156471023663,3483.57449267184,36.762179485449738,25.21411487342232,367.23364616158519,433.78761384989289,12841.799183827534,0.0,0.0,154.49424040008885,185.5402607242155,3490.9703904843106,897.5926681957302,21.403566703674085,27.78334302932805,21.5,30.0,0.0,21.099182924825706,37.25522062481295,21.0,30.0,2217.6407649748127,21.700222581524174,26.45662641773726,21.5,30.0,0.0,20.572169200578089,28.747485860536885,16.0,30.0,0.0,15.308778407317343,41.26081339112591,12.0,30.0,0.0,19.138648463291149,39.06822245130089,19.0,30.0,0.0,17.991200479561223,34.54664516921633,10.0,30.0,0.0,15.705238326016707,40.297887434683,12.0,30.0,1897.4322247826527,17.19392817791441,36.6000797610984,17.0,30.0,0.0,18.895070541870909,0.0,0.0,0.0,14.17933492220704,0.0,0.0,664.4822235897939,1170.6289450825998,615.3124612031797,637.7850431957968,693.3102754928392,1108.1631193020378,678.0675689633273,695.1812046865726,691.853076581928,10082.280727995261,81.33811994042614,85.04802458894308,570.0,0.0,570.0,570.0,21.0,16.0,19.0,16.0,12.0,12.0,21.0,10.0,1.0,0.0,897.5926681957302,0.0,2217.6407649748127,0.0,0.0,0.0,0.0,1897.4322247826527,5614.040947266982,3368424.568360189,4378259.730588059,81.33811994042614,85.11103108591311,0.35713469824223278,0.7680298163000578,0.36028137401965956,85.11103108591311,0.3542647819438875,4378259.730588059,0.23555450599057907 
 02/16  21:20:00,3.0133333333333338,80.0,3.1500000000000005,0.0,0.0,0.0,0.0,0.0,2.0,0.0,0.0,4.0,0.0,0.0,0.0,380.0,0.0,0.0,0.0,0.0,0.0,0.0,0.0,0.0,0.0,0.0,0.0,20.842843493159195,-534.042967529484,20.537740214404438,-82.12686191774795,21.12441435191549,-1752.305433196341,19.705633814010164,427.79602401943085,15.265732302003482,34.80944470925199,18.759023436967625,-30.853536828141814,17.451695350206895,210.03428420605088,15.558429357191866,-126.60748951810843,16.75345342767364,-628.2105879615938,1207.9859543203,1377.9697991734,0.0,0.0,0.0,0.0,0.0,0.0,0.0,0.0,0.0,0.0,0.0,0.0,0.0,0.0,0.0,0.0,0.0,0.0,0.0,0.0,0.0,0.0,1.853015161977423,0.5656334438270523,225.48526086848586,264.5438653243639,8177.888975664169,0.29770976522393058,0.04543799835530076,18.673638323887649,21.880074594637195,675.3405074457079,3.03711570956334,0.5739069745962475,381.36405929562008,446.50882030310097,14084.832567589143,0.41707331043226389,0.07881203900836427,245.04961604038125,287.62579475113656,8549.800503530554,0.0,0.0,11.220306688154344,13.422976363425953,278.44211785150778,0.0,0.0,13.54321762992337,15.973999132403226,434.6734741543147,0.0,0.0,228.89052603745217,271.2278128321398,6897.005493987568,0.0,0.0,47.31526435229521,56.58610040730596,1184.8765518432966,0.0,0.0,137.15114055485013,163.14581367397634,3838.9091104603055,36.91493132786932,25.318882940925467,369.29029036341879,436.16207345302919,12945.22184321319,0.0,0.0,173.88797218151326,208.7155606715226,4005.6728169675554,861.9469906583245,21.391880663555555,27.796554047558126,21.5,30.0,0.0,21.033222882069258,37.83910498404991,21.0,30.0,2239.7455186563017,21.69840448270437,26.485994393049137,21.5,30.0,0.0,20.57176164072247,28.83008603288316,16.0,30.0,0.0,15.314014183740922,41.14861253574866,12.0,30.0,0.0,19.137770724084036,39.14467190980927,19.0,30.0,0.0,18.096150271141739,34.279988973485867,10.0,30.0,0.0,15.429564773221632,40.87022569759853,12.0,30.0,0.0,16.964008496204536,37.014817492254028,16.0,30.0,0.0,18.904089183113379,0.0,0.0,0.0,14.355770445416719,0.0,0.0,663.7829644785131,1201.0460638897374,615.949107518398,641.8545040684235,688.313562336684,1113.2274446109253,675.7950514947506,688.6827669314206,686.1955570848231,8550.711308865379,82.35077914513279,85.8406579209135,570.0,0.0,570.0,570.0,21.0,16.0,19.0,16.0,12.0,12.0,21.0,10.0,1.0,0.0,861.9469906583245,0.0,2239.7455186563017,0.0,0.0,0.0,0.0,0.0,5281.497810130234,3168898.6860781407,4138491.7459865545,82.35077914513279,85.8999276481287,0.3460499270043412,0.7677012469779355,0.36028137401965956,85.8999276481287,0.3542647819438875,4138491.7459865545,0.2227382374579675 
 02/16  21:30:00,2.985,80.5,3.215,0.0,0.0,0.0,0.0,0.0,2.0,0.0,0.0,4.0,0.0,0.0,0.0,380.0,0.0,0.0,0.0,0.0,0.0,0.0,0.0,0.0,0.0,0.0,0.0,20.966126761549384,-609.4794542404229,20.931482168123737,-123.44107952652647,21.140029804519338,-1714.1342161994726,19.71659445892555,421.1391491546351,15.271466973275779,34.3804919254199,18.741371969208559,-51.07853909791275,17.281506831037424,50.56375584395755,15.450948094545814,-67.48611164099424,16.192685559711604,-480.0762336381622,1213.2325413064678,1475.1306267995304,0.0,0.0,0.0,0.0,0.0,0.0,0.0,0.0,0.0,0.0,0.0,0.0,0.0,0.0,0.0,0.0,0.0,0.0,0.0,0.0,0.0,0.0,1.8544404103301596,0.5660685013217826,228.2499420715902,267.7239663578125,8318.621419655103,0.282218753890057,0.04307368038615034,21.909995528835755,25.611772340060946,810.8073444056415,3.0489670825243206,0.5761464630620411,378.679569277121,443.37224704175687,14005.220000492198,0.4182203509372368,0.07902878891482175,271.6470563006468,318.9569718569315,9482.807167966255,0.0,0.0,10.986620646518743,13.143346316401479,273.40462842741507,0.0,0.0,14.168766365560217,16.715744648717334,454.90298453016916,0.0,0.0,269.2494450701351,319.4459625338125,7946.987374193964,0.0,0.0,41.349058881432188,49.466862486881087,1029.376089514842,0.0,0.0,180.33847081673688,215.1325862950998,4776.126175135249,37.0610484835149,25.4191004688031,371.16268208718545,438.3719397858673,13030.36488110056,0.0,0.0,215.45743687948426,258.5110923112482,5023.779886798284,1095.8732145165189,21.50934138552675,27.76926858150864,21.5,30.0,1040.4872775764664,21.46179149182691,36.969438671991238,21.5,30.0,2198.7537376316797,21.697189082019276,26.510170069596819,21.5,30.0,0.0,20.57069052013781,28.787565296542565,16.0,30.0,0.0,15.320875336972524,41.08655281042534,12.0,30.0,0.0,19.113914953659987,39.12008909738691,19.0,30.0,0.0,17.73656608666355,35.062639556625168,10.0,30.0,0.0,15.325218971290014,41.07084376517541,12.0,30.0,58.840284466433399,16.14466471224893,38.94899695356054,16.0,30.0,0.0,18.906577140103665,0.0,0.0,0.0,14.484739026758439,0.0,0.0,673.0631911141229,1209.967539100276,615.8649765031139,638.347869482339,686.0401142323322,1108.7093524815428,675.2942967446447,685.1127367075495,683.8575964881877,8282.858649644362,82.52798598108987,84.28504337522392,570.0,0.0,570.0,570.0,21.0,16.0,19.0,16.0,12.0,12.0,21.0,10.0,1.0,0.0,1095.8732145165189,1040.4872775764664,2198.7537376316797,0.0,0.0,0.0,0.0,58.840284466433399,2659.0709692062825,1595442.5815237696,2068898.844449289,82.52798598108987,84.31488404280656,0.34363569897354276,0.7699968728076249,0.36028137401965956,84.31488404280656,0.3542647819438875,2068898.844449289,0.11477107324469636 
 02/16  21:40:00,2.9566666666666667,81.0,3.2800000000000004,0.0,0.0,0.0,0.0,0.0,2.0,0.0,0.0,4.0,0.0,0.0,0.0,380.0,0.0,0.0,0.0,0.0,0.0,0.0,0.0,0.0,0.0,0.0,0.0,20.863254182148287,-515.0820503670343,21.102229384553384,-226.13327043327889,21.11541267346945,-1891.8152754477285,19.73389120660066,440.0604404089527,15.270454748179873,28.725855381953978,18.736494915384506,-8.973129095958243,17.33177910256743,236.88643457984268,15.349922414150793,-102.0455827180271,16.684149347866418,-529.3901301512412,1213.2289928048604,1221.8830983349345,0.0,0.0,0.0,0.0,0.0,0.0,0.0,0.0,0.0,0.0,0.0,0.0,0.0,0.0,0.0,0.0,0.0,0.0,0.0,0.0,0.0,0.0,1.933350355284092,0.5901557861062552,250.61863018670506,293.65771610978956,9171.495314921303,0.2026305132205269,0.030926513006795925,36.14193172031506,42.22222186945539,1354.6532102645165,3.069676643202671,0.5800598343164536,385.11768961053476,450.82550622537885,14208.391943169925,0.41800353522447428,0.07898781844755745,266.74555156237758,313.1640657289366,9333.776055926646,0.0,0.0,10.43113943961867,12.47848163966343,260.06292561558566,0.0,0.0,12.759897413675058,15.0492782532394,410.5678050711037,0.0,0.0,207.26044571459216,245.75417615008957,6183.020134254212,0.0,0.0,46.95277398554374,56.18877088625429,1160.776253758655,0.0,0.0,119.41519343840487,142.0225572065868,3359.550903886922,37.223960306412539,25.530836972848108,384.6428448202339,453.9620927632674,13545.789426986577,0.0,0.0,154.91817848948916,186.14211752761788,3481.8597959401097,631.1981994471377,21.31324169752613,28.382135546160634,21.25,30.0,0.0,21.88054408532871,34.075991568545337,21.0,30.0,2191.641483054029,21.60690810755875,26.994534989172988,21.5,30.0,0.0,20.58705583860539,29.138455890392064,16.0,30.0,0.0,15.315501953016549,41.20077741262643,12.0,30.0,0.0,19.121284701395085,39.593215473452328,19.0,30.0,0.0,17.8810594826481,34.90885129154423,10.0,30.0,0.0,15.206407612345862,41.47735239884885,12.0,30.0,1285.9922276355449,16.986171712601786,37.00433667562001,17.0,30.0,0.0,18.91096964731045,0.0,0.0,0.0,14.032787373208985,0.0,0.0,686.0047364494441,1075.1492080030558,634.0114467532749,657.4376087181853,690.1306110833683,1135.2005142747344,681.6202052816868,688.5210801143722,687.3499638176097,8463.591273019872,82.40859337694212,82.40859337694212,570.0,0.0,570.0,570.0,21.0,16.0,19.0,16.0,12.0,12.0,21.0,10.0,1.0,0.0,631.1981994471377,0.0,2191.641483054029,0.0,0.0,0.0,0.0,1285.9922276355449,0.0,0.0,0.0,82.40859337694212,82.40859337694212,0.34,0.7695750447925067,0.36028137401965956,82.40859337694212,0.3542647819438875,0.0,0.00684 
 02/16  21:50:00,2.928333333333333,81.5,3.3449999999999999,0.0,0.0,0.0,0.0,0.0,2.0,0.0,0.0,4.0,0.0,0.0,0.0,285.0,0.0,0.0,0.0,0.0,0.0,0.0,0.0,0.0,0.0,0.0,0.0,20.8977501346061,-567.8779905939886,20.869092765603999,-138.35471334030815,21.155403748417649,-1855.2805828627009,19.790854904081919,480.4174398071546,15.26985945637956,32.75357327510778,18.735106861581565,-33.747938309931019,17.375008247156808,159.20381977844819,15.237386932135906,-96.06322609442593,16.373860585319556,-532.2737660724358,1278.0030679572238,1431.2429349673108,0.0,0.0,0.0,0.0,0.0,0.0,0.0,0.0,0.0,0.0,0.0,0.0,0.0,0.0,0.0,0.0,0.0,0.0,0.0,0.0,0.0,0.0,1.871000829288775,0.5711235742639733,278.7979332423571,326.5325815374447,10139.780369105174,0.2664262437059649,0.04066334610896904,25.582942738401138,29.919195818783629,947.6072478972465,3.040398750800623,0.5745273527589997,450.2068166928227,526.5035971901323,16779.490187750936,0.43222627134395316,0.08167541030686948,314.48102650334638,369.1376906194913,11065.276576595026,0.0,0.0,11.188489635075595,13.379648174576762,279.55125968946148,0.0,0.0,14.120141277170479,16.64624600190765,455.16769555617256,0.0,0.0,243.32048951608057,288.2944240034842,7297.710225312532,0.0,0.0,47.34799895654039,56.66928496949006,1160.547547688498,0.0,0.0,150.71126480965354,179.52188743536017,4064.407835325491,37.4948391285992,25.716624916734735,440.3491718322764,519.3018462766971,15506.31932091317,0.0,0.0,188.1322075606488,225.73624385393129,4320.045410303993,631.547998482474,21.433583544696494,28.214308278454817,21.000000000000015,30.00000000000002,0.0,21.51457656965396,34.56677138132338,21.000000000000015,30.00000000000002,2399.381561133411,21.68441872569913,27.149094623773885,22.000000000000019,30.00000000000002,0.0,20.675426610299384,29.10903995594393,16.000000000000015,30.00000000000002,0.0,15.313717218913075,41.342697389406058,12.00000000000001,30.00000000000002,0.0,19.122888319856466,39.783471892598637,19.000000000000015,30.00000000000002,0.0,17.93813829131478,34.90149547388479,10.000000000000007,30.00000000000002,0.0,15.067717819077054,41.966827486535169,12.00000000000001,30.00000000000002,0.0,16.38566290620662,38.58550570751614,16.000000000000015,30.00000000000002,0.0,19.20271289393105,0.0,0.0,0.0,14.22158879814855,0.0,0.0,686.902728606552,1048.4915142197665,649.2578699677574,663.0941716933503,695.2382421407301,1143.8223240159683,686.586246286978,692.5897965071793,692.4954175296497,10472.973596376572,81.07987495577506,85.82176725180193,570.0000000000005,0.0,570.0000000000005,570.0000000000005,21.0,16.0,19.0,16.0,12.0,12.0,21.0,10.0,1.0,0.0,631.547998482474,0.0,2399.381561133411,0.0,0.0,0.0,0.0,0.0,7176.124279189766,4305674.567513855,5607174.693579303,81.07987495577506,85.90230032499056,0.3525374759729923,0.7684913042667985,0.3602813740196598,85.90230032499056,0.3542647819438878,5607174.693579303,0.2986664173994571 
 02/16  22:00:00,2.9,82.0,3.41,0.0,0.0,0.0,0.0,0.0,2.0,0.0,0.0,4.0,0.0,0.0,0.0,380.0,0.0,0.0,0.0,0.0,0.0,0.0,0.0,0.0,0.0,0.0,0.0,21.018776132580528,-557.4259955461586,20.756986712513425,-79.11770882410933,21.058917522211219,-1807.8822776519979,19.867793977902957,543.3650605444286,15.27266937471349,33.868390713667498,18.713559279742847,-52.81583261432566,17.306851991563705,249.00687195786669,15.17230855886169,-75.37006895564656,16.560718036160738,-566.5198245268961,1227.3642152466997,1334.0139076775818,0.0,0.0,0.0,0.0,0.0,0.0,0.0,0.0,0.0,0.0,0.0,0.0,0.0,0.0,0.0,0.0,0.0,0.0,0.0,0.0,0.0,0.0,1.8518343706320256,0.5652730069084326,135.82750076826469,158.94631827201105,5102.942439498532,0.31300311005251227,0.04777214744391212,15.502927902926002,18.16035054202794,575.7092588719889,2.912500941413474,0.5503592103955924,361.5114356504788,423.1849149545388,13474.955535686704,0.43227339236522085,0.08168431450589961,335.2643227074881,393.5056097003161,11880.424379708043,0.0,0.0,11.7345703353853,14.034071589302151,293.9568045739768,0.0,0.0,14.895164411083647,17.56512325900747,480.0970020236348,0.0,0.0,241.88881590604908,286.90165058273069,7208.938663274948,0.0,0.0,46.709276238910209,55.92400515719212,1142.6530219106344,0.0,0.0,145.96136133460244,173.83810478666408,4031.4626573847924,37.73022997530501,25.87807268539439,353.13888213360249,417.07277835911227,12522.340690129253,0.0,0.0,182.26198295688696,218.90311832312336,4180.507284640888,959.5383325627853,21.643243687376626,27.602018848318939,21.5,30.0,0.0,21.34012598408009,36.09679647350139,21.0,30.0,1782.9020902115236,21.661115029117917,27.028349322500387,21.75,30.0,0.0,20.796546771196107,28.734719166272705,16.0,30.0,0.0,15.318375534542476,41.43343451575984,12.0,30.0,0.0,19.092437809570943,39.58819591745195,19.0,30.0,0.0,17.82307156976568,35.252161224806439,10.0,30.0,0.0,15.01482076457138,42.28683368941911,12.0,30.0,1215.1605602411726,16.7094115128831,37.96495976773662,16.75,30.0,0.0,19.017383240064797,0.0,0.0,0.0,14.166349462508489,0.0,0.0,670.1844788226982,1116.6301068677317,637.6509700231576,651.9724652902847,698.3147566951595,1128.5000507921173,689.3474109158964,698.4809109529808,698.3060802555999,8708.348443281824,82.24666712011089,84.13131800141034,570.0,0.0,570.0,570.0,21.0,16.0,19.0,16.0,12.0,12.0,21.0,10.0,1.0,0.0,959.5383325627853,0.0,1782.9020902115236,0.0,0.0,0.0,0.0,1215.1605602411726,2851.955168196294,1711173.1009177764,2221580.2405841776,82.24666712011089,84.16332562998635,0.3500651722732098,0.7688421303723498,0.36028137401965956,84.16332562998635,0.3542647819438875,2221580.2405841776,0.1228688391770439 
 02/16  22:10:00,2.8633333333333335,82.83333333333334,3.4483333333333334,0.0,0.0,0.0,0.0,0.0,2.0,0.0,0.0,4.0,0.0,0.0,0.0,760.0,0.0,0.0,0.0,0.0,0.0,0.0,0.0,0.0,0.0,0.0,0.0,20.95583904653347,-693.1979546259356,20.680344251342349,-97.65378357706558,21.00916032818835,-1518.6505328678634,19.907512124349375,439.18913698841257,15.272970249695878,32.15029964231655,18.689123329243079,-32.2316017508745,17.415999319371339,40.87368458133972,15.077522327867304,-121.20100135914308,18.00166281694792,-543.8637113813799,1201.8084182206167,1359.1639326517639,0.0,0.0,0.0,0.0,0.0,0.0,0.0,0.0,0.0,0.0,0.0,0.0,0.0,0.0,0.0,0.0,0.0,0.0,0.0,0.0,0.0,0.0,1.8745975077317859,0.5722214614565891,162.04531217911296,189.82917024007549,6029.217000591177,0.30696986662099809,0.046851322744352569,17.402130002326929,20.388073873304348,641.9183094209902,2.973938389525375,0.5619687055036613,304.720974887954,356.89978972675876,11368.629953045885,0.4202179502898531,0.0794062642271075,285.9111130757979,335.6882777244002,10171.467878074207,0.0,0.0,12.187079109786107,14.581060066653493,306.16770750381246,0.0,0.0,13.30880261572663,15.708796314864065,429.2063141753879,0.0,0.0,194.65756713328669,230.78286102897878,5868.669024659094,0.0,0.0,57.37370768567815,68.74365921879053,1393.5203505402042,0.0,0.0,138.75796592362083,163.84143403745555,4456.763435297605,37.737558239729107,25.88309892985536,307.78796183497055,363.8729733083189,10988.833323418057,0.0,0.0,144.47835603371497,173.54940584705219,3296.8882612968129,910.8784960215278,21.531580160575119,27.764779069884555,21.5,30.0,0.0,21.224863808559954,37.80095278111136,21.0,30.0,1889.7250732172213,21.58213315156655,27.124359020492709,21.5,30.0,0.0,20.834147610014285,28.604035419003997,16.0,30.0,0.0,15.318860418804306,41.44499179671711,12.0,30.0,0.0,19.065358287970026,38.16739431537997,19.0,30.0,0.0,17.98682360191597,34.85647962339217,10.0,30.0,0.0,14.891421308177428,42.741077163957609,12.0,30.0,2947.2192394740798,18.75160821176158,33.41855599417721,20.0,30.0,0.0,18.735643819889178,0.0,0.0,0.0,13.944156447456882,0.0,0.0,664.5640702221846,1204.5951884588999,630.9621376794444,644.2454745267235,696.7037974528613,1090.4942361845793,684.8475366175197,701.89678127895,695.1142637608824,10301.384454680894,81.1933679204671,84.73093457835357,570.0,0.0,570.0,570.0,21.0,16.0,19.0,19.0,12.0,12.0,21.0,10.0,1.0,0.0,910.8784960215278,0.0,1889.7250732172213,0.0,0.0,0.0,0.0,2947.2192394740798,5353.592161243725,3212155.296746235,4184877.69433045,81.1933679204671,84.79101420411985,0.3484530720414575,0.7662226961621104,0.36028137401965956,84.79101420411985,0.3542647819438875,4184877.69433045,0.22521364010518345 
 02/16  22:20:00,2.826666666666667,83.66666666666667,3.4866666666666674,0.0,0.0,0.0,0.0,0.0,2.0,0.0,0.0,4.0,0.0,0.0,0.0,285.0,0.0,0.0,0.0,0.0,0.0,0.0,0.0,0.0,0.0,0.0,0.0,20.9429187686964,-793.9641335743665,20.603340077815049,-103.06195218037495,21.088314494858247,-1842.9079894905686,19.865444213256909,450.0763775184961,15.27257999020017,32.619864095882267,18.657864242991555,-56.98075348122635,16.94095463097974,-64.91460432897444,15.01914276843437,-16.34964135434673,18.478736186025669,-1242.110475339388,1223.5906108111295,2064.4198517623178,0.0,0.0,0.0,0.0,0.0,0.0,0.0,0.0,0.0,0.0,0.0,0.0,0.0,0.0,0.0,0.0,0.0,0.0,0.0,0.0,0.0,0.0,1.8553788216523542,0.5663549516643327,190.5867265210307,222.86555877106768,7141.012913500291,0.29696286040975058,0.04532400189404007,18.72730848198878,21.918724056021096,686.9194151504838,2.961896837472216,0.559693279945619,341.1930009288577,399.012725780849,12750.182493561239,0.4168391675657668,0.07876779432459685,264.2810852043733,310.0361023649916,9397.050551299824,0.0,0.0,13.052288594137629,15.604666797476757,328.90713834319379,0.0,0.0,14.870600070342068,17.539540956515724,479.4814123779013,0.0,0.0,280.0370241693506,332.6924644619685,7980.307965336648,0.0,0.0,60.084251699886319,71.95821929435006,1459.3091161384639,0.0,0.0,252.04171231632143,296.72516747951706,8434.947977617334,37.72743228541136,25.876153830871993,331.6536866466729,391.44853904529796,11839.630800736824,0.0,0.0,241.71589757854023,288.4930174066345,6266.114815282418,1337.7117398119625,21.62016578602081,27.963627222063406,21.666666666666658,29.99999999999999,0.0,21.110024167297568,38.420531405468697,20.999999999999994,29.99999999999999,2590.7041359823576,21.585674428354598,27.287387328047168,21.666666666666658,29.99999999999999,0.0,20.74344932622939,29.06414482092631,15.999999999999993,29.99999999999999,0.0,15.319591186762079,41.426274128374128,11.999999999999995,29.99999999999999,1.736733289280447,19.02430722124176,36.22003108025685,18.999999999999994,29.99999999999999,0.0,17.10619242581402,36.9374521538997,9.999999999999997,29.99999999999999,0.0,14.849964882436833,42.8099270664558,11.999999999999995,29.99999999999999,1458.4353539187512,19.806696599544126,31.26584342238091,19.66666666666666,29.99999999999999,0.0,18.781515636736946,0.0,0.0,0.0,15.425724054221714,0.0,0.0,683.4485374822727,1229.1705992533762,637.7852826099036,659.0124796124514,693.6794967948466,1040.4708305776538,688.2380615409406,698.673210503536,694.2105240526812,10081.767046184641,81.33829341286745,84.15702801116427,569.9999999999998,0.0,569.9999999999998,569.9999999999998,21.0,16.0,19.0,19.0,12.0,12.0,21.0,10.0,1.0,0.0,1337.7117398119625,0.0,2590.7041359823576,0.0,1.736733289280447,0.0,0.0,1458.4353539187512,4264.770486678306,2558862.292006985,3342809.9825221428,81.33829341286745,84.20489948220002,0.3688256828892768,0.7678243405630102,0.36028137401965945,84.20489948220002,0.35426478194388735,3342809.9825221428,0.18133111909115147 
 02/16  22:30:00,2.79,84.5,3.5250000000000005,0.0,0.0,0.0,0.0,0.0,2.0,0.0,0.0,4.0,0.0,0.0,0.0,380.0,0.0,0.0,0.0,0.0,0.0,0.0,0.0,0.0,0.0,0.0,0.0,20.695796021183495,-252.0483010341926,20.549049319606284,-90.57214208462745,21.14688209124488,-2071.521802184816,19.944307196460835,534.9046195992719,15.273182662172891,34.83892706264422,19.337476359994765,-91.10959646708491,16.856200248248727,26.09320420814447,15.120719186407424,62.33159257939599,18.69624521346295,-1507.7209447947308,1281.0340499580835,2118.2137596959016,0.0,0.0,0.0,0.0,0.0,0.0,0.0,0.0,0.0,0.0,0.0,0.0,0.0,0.0,0.0,0.0,0.0,0.0,0.0,0.0,0.0,0.0,1.9097758863851314,0.5829596722787337,207.7856682514905,243.47927767251549,7590.426983694359,0.3103718725207586,0.047370554414035207,19.61185188250625,22.954517210057007,717.8723401028877,2.6955518188814766,0.5093635334243155,419.9110372321245,491.2829645727422,15670.150990490869,0.40753607604878358,0.0770098405232017,303.3269939380152,355.9198019911837,10855.18850373098,0.0,0.0,12.96916977057515,15.511542724186981,327.81785939433225,0.0,0.0,17.194132429752029,20.22655817509179,587.0460585180847,0.0,0.0,304.0421550009643,361.48684780325666,8672.907825170498,0.0,0.0,55.63866339105686,66.59841530351128,1381.0678666230209,0.0,0.0,276.456502641979,325.5899649853882,9320.391387508764,37.86752353564511,25.97223836464,403.4173538121113,475.759975293711,14438.172124929617,0.0,0.0,268.45673717482608,320.49648649735198,7044.244356774235,163.25531484739975,21.14187867831966,28.57437247849698,21.0,30.0,0.0,21.035744397140499,38.629414535715969,21.0,30.0,2062.8535311687107,21.642088414255267,27.216628292150618,21.75,30.0,0.0,20.876534605569334,28.619289279462348,16.0,30.0,0.0,15.32292762420976,41.43158148456893,12.0,30.0,866.8706731278758,20.001767583817597,33.068184748707547,19.75,30.0,0.0,17.021472678517094,37.18893919050483,10.0,30.0,0.0,15.088524405151873,42.10743344249099,12.0,30.0,2718.9145996977665,19.769744990218027,31.336171666301018,20.0,30.0,0.0,19.155976615182156,0.0,0.0,0.0,15.799881008675439,0.0,0.0,667.4588985445778,1233.8530994299804,635.4387358180995,642.5250572755274,693.1445784452495,1002.0491882912681,691.8136888126699,696.7564697484168,696.4474998893353,10333.694345194164,81.17199592205009,84.73692945891844,570.0,0.0,570.0,570.0,21.0,16.0,19.0,19.0,12.0,12.0,21.0,10.0,1.0,0.0,163.25531484739975,0.0,2062.8535311687107,0.0,866.8706731278758,0.0,0.0,2718.9145996977665,5394.968753597969,3236981.2521587817,4212346.347356308,81.17199592205009,84.79747386514163,0.34983229178659899,0.7657182448932438,0.36028137401965956,84.79747386514163,0.3542647819438875,4212346.347356308,0.2264520100625281 
 02/16  22:40:00,2.7533333333333336,85.33333333333334,3.5633333333333336,0.0,0.0,0.0,0.0,0.0,2.0,0.0,0.0,0.0,0.0,0.0,0.0,665.0,0.0,0.0,0.0,0.0,0.0,0.0,0.0,0.0,0.0,0.0,0.0,20.175313619562169,-193.96448394165084,20.21894999599361,-474.3409875635344,20.24851342824948,-391.035245618848,19.794241782946437,-70.81245132758093,15.27028165773297,29.588203684707936,19.07718521091525,-80.06533869461888,16.77263994198321,-1.4517958890393637,15.175932234990217,22.35560721970424,18.080898959770417,-863.940718322538,972.987457388043,1701.8025609547904,0.0,0.0,0.0,0.0,0.0,0.0,0.0,0.0,0.0,0.0,0.0,0.0,0.0,0.0,0.0,0.0,0.0,0.0,0.0,0.0,0.0,0.0,1.8160948518787017,0.5543635078994822,248.66061280009684,292.38289528608007,8767.933307730556,0.3308806641078644,0.05050071186017472,127.90200012268048,150.33569384365019,4511.609407708371,2.8267663940546075,0.5341584266921036,180.6342408588915,212.5160835703756,6442.722910510523,0.3532669514937065,0.06675490391037542,92.4346826063015,108.71694901846033,3291.125047852163,0.0,0.0,12.310123792942955,14.728674165803075,311.9571276870778,0.0,0.0,15.743227309390595,18.549563182072068,530.4281403561172,0.0,0.0,262.5786599451248,312.4647291342349,7456.00253049196,0.0,0.0,50.1183883100934,59.98977039874617,1259.5858072459678,0.0,0.0,232.66143674148339,275.1226964847196,7422.344914297032,37.25659425629263,25.55321965452173,258.2415557369403,305.66897093367688,9367.353207161452,0.0,0.0,226.58194217213433,271.15915515343348,5741.295800529585,0.0,20.369143036065439,31.908261723806029,21.857142857142884,30.000000000000033,0.0,20.487863069841823,31.675295644116234,12.000000000000015,30.000000000000033,0.0,20.410906125219094,30.806151221750356,21.857142857142884,30.000000000000033,0.0,20.53178246775346,29.660783355595528,12.000000000000015,30.000000000000033,0.0,15.319374923991113,41.59683631139275,12.000000000000015,30.000000000000033,0.0,19.71256537986838,33.35477180882661,12.000000000000015,30.000000000000033,0.0,16.90762644937792,38.23732630136141,10.00000000000001,30.000000000000033,0.0,15.211143277006464,41.93499279260169,12.000000000000015,30.000000000000033,0.0,18.70543964601288,34.0068718662327,19.57142857142859,30.000000000000033,0.0,18.26233833183857,0.0,0.0,0.0,15.244534532195966,0.0,0.0,772.9149388886004,768.8716767676566,713.7591986292329,662.2675923746746,699.3944527184212,993.6195468434346,726.5705390264642,705.4014941739545,721.8859639981785,0.0,82.00906666208255,82.00906666208255,60.000000000000067,0.0,60.000000000000067,60.000000000000067,12.0,12.0,12.0,19.0,12.0,12.0,21.0,10.0,0.0,0.0,0.0,0.0,0.0,0.0,0.0,0.0,0.0,0.0,0.0,0.0,0.0,82.00906666208255,82.00906666208255,0.0,0.0,0.0,82.00906666208255,0.0,0.0,0.0007699999999999999 
 02/16  22:50:00,2.716666666666667,86.16666666666666,3.601666666666667,0.0,0.0,0.0,0.0,0.0,2.0,0.0,0.0,0.0,0.0,0.0,0.0,285.0,0.0,0.0,0.0,0.0,0.0,0.0,0.0,0.0,0.0,0.0,0.0,19.719127632547477,-144.07245269081776,19.78100688746939,-409.74614147890909,19.796190105672865,-229.2938880989955,19.33977124505953,-247.85578710848834,15.256594109775414,21.27382558616178,18.804967063443195,-58.90239252586427,16.660125370808708,-12.563498254163286,15.129991814742759,-37.592768348077729,17.37621654751692,-288.42506222802299,877.1837150155546,1293.5802411665332,0.0,0.0,0.0,0.0,0.0,0.0,0.0,0.0,0.0,0.0,0.0,0.0,0.0,0.0,0.0,0.0,0.0,0.0,0.0,0.0,0.0,0.0,1.7746385851257883,0.5417089698186172,183.048095419971,215.48235333526453,6192.188076068398,0.3245152538284524,0.049529190144757737,132.4838615771407,155.92363479568287,4475.498005834592,2.6986889402106777,0.5099563379082919,135.82307974716469,159.8882840680576,4666.910871337399,0.3312786142099414,0.06259988930648934,101.27876071776066,119.20988544089507,3409.3326892368979,0.0,0.0,11.268228567026022,13.473259950123755,285.9261373094238,0.0,0.0,13.661271163215833,16.109704348562695,449.7833062640482,0.0,0.0,204.28676021033454,243.08184251220525,5747.53280386409,0.0,0.0,44.971359038495929,53.79784562420666,1128.1347648334013,0.0,0.0,173.58385868450245,205.95501223431436,5164.265516757458,36.724865149098899,25.18852205013644,202.96443765956986,240.52970370889265,7143.373572653019,0.0,0.0,166.99614990146064,200.40490470023119,3922.8444703729785,0.0,19.633673547982029,32.3272073871013,22.000000000000019,30.00000000000002,0.0,19.77470973421248,31.412402914460679,12.00000000000001,30.00000000000002,0.0,19.732604812624719,31.576091856429217,22.000000000000019,30.00000000000002,0.0,19.71249070046486,31.33923096975939,12.00000000000001,30.00000000000002,0.0,15.296919218671804,41.9997913840427,12.00000000000001,30.00000000000002,0.0,19.265788992879416,33.82729903860363,12.00000000000001,30.00000000000002,0.0,16.73201034392491,38.72955112266585,10.000000000000007,30.00000000000002,0.0,15.145307236595873,42.52016002160457,12.00000000000001,30.00000000000002,0.0,17.559915179079284,36.77970835813127,20.000000000000015,30.00000000000002,0.0,17.554505628230446,0.0,0.0,0.0,14.217705389811624,0.0,0.0,711.808483932611,672.2586208639266,679.8109122099064,663.7255220860903,713.2652538094185,989.6331759605428,727.2971437065328,723.1600022157511,732.0464399791347,0.0,82.00906666208253,82.00906666208253,60.00000000000004,0.0,60.00000000000004,60.00000000000004,12.0,12.0,12.0,19.0,12.0,12.0,21.0,10.0,0.0,0.0,0.0,0.0,0.0,0.0,0.0,0.0,0.0,0.0,0.0,0.0,0.0,82.00906666208253,82.00906666208253,0.0,0.0,0.0,82.00906666208253,0.0,0.0,0.0007966666666666669 
 02/16  23:00:00,2.68,87.0,3.64,0.0,0.0,0.0,0.0,0.0,2.0,0.0,0.0,0.0,0.0,0.0,0.0,285.0,0.0,0.0,0.0,0.0,0.0,0.0,0.0,0.0,0.0,0.0,0.0,19.368195602995664,-193.8875169941101,19.376302252887638,-399.33559703796495,19.412293112973136,-334.60595539910886,18.90359091536032,-191.7631987784574,15.231077847867088,8.67155392840386,18.624288905585567,-51.14743743771478,16.482039078152249,-106.71359344250604,14.994073334467464,-118.60248860611805,17.06808995810384,-192.95008550612557,854.1227772084816,949.0978027586317,0.0,0.0,0.0,0.0,0.0,0.0,0.0,0.0,0.0,0.0,0.0,0.0,0.0,0.0,0.0,0.0,0.0,0.0,0.0,0.0,0.0,0.0,1.6826915475732749,0.5136421085388512,238.07479682795066,280.95839571957677,7829.947751382513,0.30245734181498337,0.046162597957109838,194.7561337213712,229.88527449305526,6377.056312197899,2.514469964323798,0.4751454959039685,208.22223969759325,245.80984096230797,6919.672119868259,0.32195516552603456,0.0608380887237405,160.1546838759802,189.18377797206265,5206.555600085437,0.0,0.0,10.03506497582526,11.997912260495119,254.53744338039975,0.0,0.0,12.639792388842688,14.917374989080102,410.35680632005099,0.0,0.0,160.15238818842779,190.6991825572335,4421.298081895549,0.0,0.0,40.882105091143348,48.93675823529212,1010.1116132656759,0.0,0.0,131.2169935943253,155.8653072849515,3796.387038488553,35.98284470227112,24.679591702517944,323.89197979112807,384.34754452917687,10741.305963456798,0.0,0.0,124.07219679950973,149.2718645764695,2713.154072658578,0.0,19.09775168499134,32.705689568923407,22.000000000000019,30.00000000000002,0.0,19.13002540780228,32.08822379625039,12.00000000000001,30.00000000000002,0.0,19.16344753571621,32.34487861983591,22.000000000000019,30.00000000000002,0.0,18.98177148341346,32.468170352231307,12.00000000000001,30.00000000000002,0.0,15.25443797058761,42.26501363650066,12.00000000000001,30.00000000000002,0.0,18.989368240311003,34.10222254925348,12.00000000000001,30.00000000000002,0.0,16.425205227718036,39.143447409583767,10.000000000000007,30.00000000000002,0.0,14.91333846154863,43.448555095359569,12.00000000000001,30.00000000000002,0.0,17.1219521645276,37.63285587271183,20.000000000000015,30.00000000000002,0.0,17.53244245121679,0.0,0.0,0.0,13.432915186640282,0.0,0.0,670.3985306229909,632.7962321414839,656.8832375097575,640.3133685939096,718.3608752312265,994.3683587869848,708.4289744815247,735.0761439076729,719.5285640487743,0.0,82.00906666208253,82.00906666208253,60.00000000000004,0.0,60.00000000000004,60.00000000000004,12.0,12.0,12.0,19.0,12.0,12.0,21.0,10.0,0.0,0.0,0.0,0.0,0.0,0.0,0.0,0.0,0.0,0.0,0.0,0.0,0.0,82.00906666208253,82.00906666208253,0.0,0.0,0.0,82.00906666208253,0.0,0.0,0.0008233333333333334 
 02/16  23:10:00,2.691666666666667,87.66666666666667,3.6633333333333337,0.0,0.0,0.0,0.0,0.0,2.0,0.0,0.0,0.0,0.0,0.0,0.0,190.0,0.0,0.0,0.0,0.0,0.0,0.0,0.0,0.0,0.0,0.0,0.0,19.157521157945675,-88.5462295906757,19.190936640639565,-325.3956759338123,19.1112796112747,-226.05325508270199,18.705150661579855,-201.83778477686384,15.204726062122312,7.524594917151688,18.46983682313305,-48.479150026220768,16.335269172472829,-79.83908283248366,14.868898005193384,-108.65822060085361,16.848239123564949,-153.955081617391,680.7308401156515,964.2430175199463,0.0,0.0,0.0,0.0,0.0,0.0,0.0,0.0,0.0,0.0,0.0,0.0,0.0,0.0,0.0,0.0,0.0,0.0,0.0,0.0,0.0,0.0,1.6509184494861585,0.5039433606490106,118.66991902284932,139.9602121125914,3868.8558929250996,0.30319524545050927,0.04627522061210459,78.48722470898987,92.5254751272154,2519.299588205895,2.4816837238206927,0.4689500611906073,199.84480879653223,235.872347709789,6474.903707037551,0.31833095951193227,0.060153242538158,130.49171706843746,154.10606541083525,4170.251042340092,0.0,0.0,9.94520569675231,11.885308322913386,251.29384424970005,0.0,0.0,12.392424086450307,14.627983936173667,396.8809311806796,0.0,0.0,161.75394284865946,192.64870523448554,4395.731095569132,0.0,0.0,40.321222855792587,48.26701809119311,980.337259724962,0.0,0.0,132.2098328576472,157.12505413750865,3748.7123001254897,35.79604785227406,24.551473149707868,184.43968516042265,219.01908979668657,6290.088747002545,0.0,0.0,125.20783236404194,150.6408822323441,2697.700590478672,0.0,18.85444392896654,32.78031662715363,22.0,30.0,0.0,18.91906532854151,32.15067804547915,12.0,30.0,0.0,18.765830371820799,32.88575379339404,22.0,30.0,0.0,18.70267694368711,32.916666422465919,12.0,30.0,0.0,15.21518147167495,42.37172881140438,12.0,30.0,0.0,18.76639880879674,34.251069871150779,12.0,30.0,0.0,16.208167591412335,39.59779249580668,10.0,30.0,0.0,14.720408145985493,43.93921730377369,12.0,30.0,0.0,16.825009876601749,38.17168098256087,20.0,30.0,0.0,16.906511061443589,0.0,0.0,0.0,13.281105033737905,0.0,0.0,644.7546946164209,606.8426695493292,638.8515092391626,630.0661417276086,716.9188133174371,993.1660282040738,704.1320799995684,732.1522915024377,709.812162065545,0.0,82.00906666208246,82.00906666208246,60.0,0.0,60.0,60.0,12.0,12.0,12.0,19.0,12.0,12.0,21.0,10.0,0.0,0.0,0.0,0.0,0.0,0.0,0.0,0.0,0.0,0.0,0.0,0.0,0.0,82.00906666208246,82.00906666208246,0.0,0.0,0.0,82.00906666208246,0.0,0.0,0.00085 
 02/16  23:20:00,2.7033333333333338,88.33333333333334,3.686666666666667,0.0,0.0,0.0,0.0,0.0,2.0,0.0,0.0,0.0,0.0,0.0,0.0,285.0,0.0,0.0,0.0,0.0,0.0,0.0,0.0,0.0,0.0,0.0,0.0,18.90620865148236,-290.2545626382003,19.002569794336446,-159.47343633930675,18.884017445914855,-350.2935350127105,18.514528637134285,-100.94721073463032,15.181161639237626,4.718373925909113,18.35557543791527,-49.58716110821242,16.247427749944984,-81.83832175263035,14.775157520377359,-116.89959658500587,16.69485765184119,-145.2883159709875,654.5848286055574,888.0957719319015,0.0,0.0,0.0,0.0,0.0,0.0,0.0,0.0,0.0,0.0,0.0,0.0,0.0,0.0,0.0,0.0,0.0,0.0,0.0,0.0,0.0,0.0,1.612364089321516,0.4921746304400231,174.86032413903335,206.74099463417503,5537.884075399159,0.2980748090605223,0.04549371322657544,41.70592704602189,49.34796942973427,1335.6839086855076,2.4059835278504586,0.4546454134260126,225.24471153835288,266.2269539251499,7119.682096449678,0.3135858490036659,0.05925658522367076,138.6619137909981,163.92071997170573,4359.019754513209,0.0,0.0,9.605617015509907,11.487399218319478,241.88245405143884,0.0,0.0,12.330263642350812,14.57131045970706,391.1513678078092,0.0,0.0,152.54813624848254,181.86722298002244,4109.385170370991,0.0,0.0,39.68082405726212,47.550216235407329,953.8304868993844,0.0,0.0,123.55281991735439,147.01995907218328,3456.196488664729,35.5005291618941,24.34878543339787,223.07476708867075,264.9889063957421,7369.9057634790929,0.0,0.0,116.17863379283793,139.981720832137,2444.8525806441559,0.0,18.48888681110522,33.21228723101626,21.999999999999994,29.99999999999999,0.0,18.691379647614114,32.461755812761577,11.999999999999995,29.99999999999999,0.0,18.48467271534618,33.31444540075782,21.999999999999994,29.99999999999999,0.0,18.45649590554606,33.38149259070681,11.999999999999995,29.99999999999999,0.0,15.184069776825535,42.3806679275598,11.999999999999995,29.99999999999999,0.0,18.619468467725004,34.30841253478994,11.999999999999995,29.99999999999999,0.0,16.098386394568946,39.52723733820963,9.999999999999997,29.99999999999999,0.0,14.591662683087052,44.181511801291048,11.999999999999995,29.99999999999999,0.0,16.639753968864008,38.39125852727481,19.999999999999994,29.99999999999999,0.0,16.818247037093479,0.0,0.0,0.0,13.03807066345161,0.0,0.0,620.1109386926842,594.2997145933945,625.4449857644238,627.1985623773079,712.4041936157244,988.6008729736609,684.5423892557892,726.5132423075665,696.8005534907409,0.0,82.00906666208243,82.00906666208243,59.99999999999998,0.0,59.99999999999998,59.99999999999998,12.0,12.0,12.0,19.0,12.0,12.0,21.0,10.0,0.0,0.0,0.0,0.0,0.0,0.0,0.0,0.0,0.0,0.0,0.0,0.0,0.0,82.00906666208243,82.00906666208243,0.0,0.0,0.0,82.00906666208243,0.0,0.0,0.0008466666666666668 
 02/16  23:30:00,2.715,89.0,3.71,0.0,0.0,0.0,0.0,0.0,2.0,0.0,0.0,0.0,0.0,0.0,0.0,190.0,0.0,0.0,0.0,0.0,0.0,0.0,0.0,0.0,0.0,0.0,0.0,18.752210053819799,-42.05712858005609,18.812892511599835,-446.93848042719676,18.71729893069451,-190.9957927871825,18.40064588536314,-3.9060668088117156,15.154922897725207,3.107192325558316,18.24717117800907,-45.48907915771747,16.140020180500348,-96.35610287276904,14.678409024941559,-118.41301180930077,16.561264911662286,-127.61038261356043,519.3916433095319,865.2745530352499,0.0,0.0,0.0,0.0,0.0,0.0,0.0,0.0,0.0,0.0,0.0,0.0,0.0,0.0,0.0,0.0,0.0,0.0,0.0,0.0,0.0,0.0,1.585786542793291,0.4840618262494783,143.69589073137497,169.90623665858113,4529.833809856482,0.2890059242376105,0.0441095732963386,124.4525492082625,147.1414966772977,3903.436282500354,2.3111065201725395,0.43671702951106197,53.29227962931968,62.99564172729882,1729.9330251525503,0.30560598786355,0.05774867495531933,54.49343862293246,64.42676490405202,1705.4830131131317,0.0,0.0,9.187921650608603,10.98224206048219,230.56072245621938,0.0,0.0,12.313060605606701,14.549281761742695,387.1332730038325,0.0,0.0,146.25122471647439,174.33971627639864,3895.652713596345,0.0,0.0,39.24332096767941,47.0188092806025,932.3665877561032,0.0,0.0,118.88062676280274,141.45057780371213,3286.695944878148,35.25896886072336,24.183106214487908,126.22650436008397,150.28889569859104,4418.0505207677019,0.0,0.0,112.14714546453425,135.120694290535,2319.7554506161156,0.0,18.362573987360635,33.249761364153687,22.0,30.0,0.0,18.41551088179874,32.934624240388497,12.0,30.0,0.0,18.33180897120596,33.46143430291434,22.0,30.0,0.0,18.331427809312559,33.56499426933701,12.0,30.0,0.0,15.150069482267908,42.306213082512048,12.0,30.0,0.0,18.480968237307495,34.30999884059353,12.0,30.0,0.0,15.95266047216129,39.667075216218538,10.0,30.0,0.0,14.458881852631928,44.368265610685288,12.0,30.0,0.0,16.480651099469,38.55703363642424,20.0,30.0,0.0,16.35870228057059,0.0,0.0,0.0,12.866737108460516,0.0,0.0,602.0071092005723,582.2506826326325,611.208794073734,620.4407658582893,703.3632952725498,979.0953746661983,671.176406765904,718.376468254986,683.947802890893,0.0,82.00906666208246,82.00906666208246,60.0,0.0,60.0,60.0,12.0,12.0,12.0,19.0,12.0,12.0,21.0,10.0,0.0,0.0,0.0,0.0,0.0,0.0,0.0,0.0,0.0,0.0,0.0,0.0,0.0,82.00906666208246,82.00906666208246,0.0,0.0,0.0,82.00906666208246,0.0,0.0,0.0008433333333333333 
 02/16  23:40:00,2.7266666666666667,89.66666666666667,3.7333333333333336,0.0,0.0,0.0,0.0,0.0,2.0,0.0,0.0,0.0,0.0,0.0,0.0,285.0,0.0,0.0,0.0,0.0,0.0,0.0,0.0,0.0,0.0,0.0,0.0,18.575921321443557,-210.8693994692706,18.649075942340887,-395.52438280834567,18.58844170812508,-292.81307004317548,18.3572837282467,-15.922491584637218,15.13067760104401,1.3552921375769436,18.159042481398524,-46.80483630667362,16.042837424167258,-120.4203815661013,14.598015171462869,-123.29051045513853,16.4528096862831,-132.13186044360485,397.75410134010618,850.3839476441306,0.0,0.0,0.0,0.0,0.0,0.0,0.0,0.0,0.0,0.0,0.0,0.0,0.0,0.0,0.0,0.0,0.0,0.0,0.0,0.0,0.0,0.0,1.583635247636896,0.48340514274630549,191.16841335763787,226.0902271116369,5912.515346560905,0.2922084584221557,0.0445983605650421,106.21520431628443,125.63044735781885,3276.843828440189,2.135044073240864,0.403447481715961,61.0427312547504,72.15422421593587,1930.2630911577499,0.2911099141371755,0.05500943199871042,4.053340913675636,4.796064088878136,134.9431958422371,0.0,0.0,8.970608720508544,10.730744259593449,224.3875495205059,0.0,0.0,12.335607732706027,14.589846259033824,385.1367578544308,0.0,0.0,143.7022863712903,171.48813451901948,3788.5366198952526,0.0,0.0,38.73251551884843,46.452302881530027,911.7464325324224,0.0,0.0,116.94838646044329,139.29601683051244,3203.4203467485565,35.0925869287236,24.068989663047753,135.5751237876559,161.16539827467956,4674.541150625553,0.0,0.0,110.92083782076455,133.78785107399055,2262.1279064609977,0.0,18.118952010245729,33.60985741710917,22.000000000000008,30.00000000000001,0.0,18.23601124809873,33.198532457515828,12.000000000000006,30.00000000000001,0.0,18.222461472747,33.45871881215372,22.000000000000008,30.00000000000001,0.0,18.313254968265029,33.63791185636303,12.000000000000006,30.00000000000001,0.0,15.122031059462906,42.20851412470981,12.000000000000006,30.00000000000001,0.0,18.379064172155915,34.313723025316189,12.000000000000006,30.00000000000001,0.0,15.82287933514952,39.71458867225252,10.000000000000004,30.00000000000001,0.0,14.3592676913274,44.393177298345538,12.000000000000006,30.00000000000001,0.0,16.36083741593233,38.61187462273742,20.000000000000008,30.00000000000001,0.0,15.890377918605307,0.0,0.0,0.0,12.731749397233328,0.0,0.0,582.4619386573708,568.1270289490027,587.7295360404476,623.1630420149323,693.9729433554447,970.4705680125248,651.9180753961919,706.4296542744014,669.6645812033208,0.0,82.00906666208249,82.00906666208249,60.00000000000002,0.0,60.00000000000002,60.00000000000002,12.0,12.0,12.0,19.0,12.0,12.0,21.0,10.0,0.0,0.0,0.0,0.0,0.0,0.0,0.0,0.0,0.0,0.0,0.0,0.0,0.0,82.00906666208249,82.00906666208249,0.0,0.0,0.0,82.00906666208249,0.0,0.0,0.0008400000000000003 
 02/16  23:50:00,2.7383333333333339,90.33333333333334,3.7566666666666665,0.0,0.0,0.0,0.0,0.0,2.0,0.0,0.0,0.0,0.0,0.0,0.0,190.0,0.0,0.0,0.0,0.0,0.0,0.0,0.0,0.0,0.0,0.0,0.0,18.40259748830891,-255.6632906831196,18.47955774769499,-171.3238421144472,18.38092381766583,-248.38019303293755,18.16009354348131,-216.2746942801473,15.10348111727663,0.42201693814902799,18.069911481045517,-51.160911028840448,15.922892213824407,-110.56617362064708,14.518200379777474,-121.57561524354344,16.341446219296559,-138.3910203989883,594.6181999067649,872.0806228608985,0.0,0.0,0.0,0.0,0.0,0.0,0.0,0.0,0.0,0.0,0.0,0.0,0.0,0.0,0.0,0.0,0.0,0.0,0.0,0.0,0.0,0.0,1.5558973216566013,0.47493813237380996,186.80503059503003,221.20218188574354,5696.91609156606,0.29947772213763199,0.04570783304908913,107.66021172595086,127.38022941373338,3298.73442229003,2.114339625290452,0.39953507658549755,134.95133502678284,159.73629493270014,4158.300194477742,0.29250666414750806,0.055273368130670439,121.5450073597004,143.8643906393479,3707.145368340549,0.0,0.0,9.110640406398693,10.891712713874349,227.12269532050324,0.0,0.0,12.278074102748175,14.518683010450346,380.6185237295372,0.0,0.0,149.2195844118794,178.05233177557987,3882.6976636298688,0.0,0.0,38.32615457665216,45.95245508913105,894.0322113778464,0.0,0.0,121.07223436483618,144.17921018928423,3282.9997392312777,35.02305534962886,24.021299965451907,204.95540189439243,243.71530311667454,6651.544134574468,0.0,0.0,114.41020907857197,137.9492147726541,2312.3957326380875,0.0,17.90326339278719,34.06043446155717,22.0,30.0,0.0,18.039428479423266,33.487691555605909,12.0,30.0,0.0,17.964361395421745,34.03051305413857,22.0,30.0,0.0,17.984904444326359,33.83597100950192,12.0,30.0,0.0,15.089916054261528,42.069596900309537,12.0,30.0,0.0,18.272655825977723,34.30421242029375,12.0,30.0,0.0,15.65709831622095,40.02669070123022,10.0,30.0,0.0,14.261172293647978,44.406811333833719,12.0,30.0,0.0,16.228979868234668,38.720097481417088,20.0,30.0,0.0,16.531090108040645,0.0,0.0,0.0,12.650084753642132,0.0,0.0,578.0862987765108,552.5660098085294,586.6545757376985,573.8389969863908,681.0065418131537,958.0362642364354,645.4319336039278,693.4627514426751,654.4038583107608,0.0,82.00906666208246,82.00906666208246,60.0,0.0,60.0,60.0,12.0,12.0,12.0,19.0,12.0,12.0,21.0,10.0,0.0,0.0,0.0,0.0,0.0,0.0,0.0,0.0,0.0,0.0,0.0,0.0,0.0,82.00906666208246,82.00906666208246,0.0,0.0,0.0,82.00906666208246,0.0,0.0,0.00087 
 02/16  24:00:00,2.75,91.0,3.78,0.0,0.0,0.0,0.0,0.0,2.0,0.0,0.0,0.0,0.0,0.0,0.0,190.0,0.0,0.0,0.0,0.0,0.0,0.0,0.0,0.0,0.0,0.0,0.0,18.225325921224717,-89.737923016467,18.430526203511954,-334.3488352272457,18.16365293124641,-212.79779179133903,18.043669237028085,-227.37073601041539,15.075270828483934,-2.3607229439176509,17.986650897782185,-51.21510715717338,15.77029025480176,-175.54466813180398,14.449778266739667,-118.75518461843024,16.216488754482634,-174.19469602772097,661.0213640715929,888.1478404350737,0.0,0.0,0.0,0.0,0.0,0.0,0.0,0.0,0.0,0.0,0.0,0.0,0.0,0.0,0.0,0.0,0.0,0.0,0.0,0.0,0.0,0.0,1.5159087745355884,0.46273161615860455,232.43732680447875,275.3413317501197,6997.5849618478209,0.2680142021439166,0.04090570850792378,196.43726378650707,232.4338037564351,5979.068205873866,2.1005282926731057,0.396925225372847,239.38810211984066,283.7300534135163,7194.649275227735,0.28352481324104847,0.053576117392488357,208.58194836959914,247.01973096276823,6294.414760883992,0.0,0.0,8.562098069214166,10.238821108151284,212.70692997465739,0.0,0.0,12.793935045571307,15.132905896807025,393.97762162687,0.0,0.0,154.1017860842421,184.04988362663438,3938.2509806910268,0.0,0.0,36.621173270745369,43.92053090191321,847.9701745124828,0.0,0.0,127.04563738474352,151.394197439322,3402.7755913733365,34.738550638701209,23.82616641886229,381.33584374273326,453.28421080304215,11658.647937382228,0.0,0.0,121.34535112197865,146.35818337004566,2433.6318596961689,0.0,17.704549590379736,34.50883471983644,22.0,30.0,0.0,18.02937983805807,33.503446909115,12.0,30.0,0.0,17.672581752695558,34.618261053348977,22.0,30.0,0.0,17.85570167084036,34.029229271395127,12.0,30.0,0.0,15.057285533365033,41.92547463381183,12.0,30.0,0.0,18.176802066760624,34.304973199690468,12.0,30.0,0.0,15.42450911458496,40.41231829364416,10.0,30.0,0.0,14.185227035623289,44.24286787223534,12.0,30.0,0.0,16.066716735873244,38.86722424769846,20.0,30.0,0.0,16.739058118244928,0.0,0.0,0.0,12.582516867895162,0.0,0.0,578.0983218705003,546.797199802958,579.7059145369287,561.5413986414061,666.9373223695889,943.3728971601087,631.342876306915,672.3718418129777,637.8475395840176,0.0,82.00906666208246,82.00906666208246,60.0,0.0,60.0,60.0,12.0,12.0,12.0,19.0,12.0,12.0,21.0,10.0,0.0,0.0,0.0,0.0,0.0,0.0,0.0,0.0,0.0,0.0,0.0,0.0,0.0,82.00906666208246,82.00906666208246,0.0,0.0,0.0,82.00906666208246,0.0,0.0,0.0009 
 02/17  00:10:00,2.7750000000000005,91.50000000000002,3.76,0.0,0.0,0.0,0.0,0.0,2.0,2.0,0.0,0.0,0.0,0.0,0.0,285.0,0.0,0.0,0.0,0.0,0.0,0.0,0.0,0.0,0.0,0.0,0.0,18.204583586887943,-161.39411399659759,18.271314270520806,-269.71477192009788,18.142163482032129,-219.4651861570716,17.89769356514183,-62.39588127610948,15.049355030011864,-1.069799130248536,17.915916208092626,-48.3819353477361,15.950725280066332,162.11804855422043,14.371856081874972,-153.76073131741698,16.235642934069909,-38.97881464561351,572.7657438282455,423.7421396958467,0.0,0.0,0.0,0.0,0.0,0.0,0.0,0.0,0.0,0.0,0.0,0.0,0.0,0.0,0.0,0.0,0.0,0.0,0.0,0.0,0.0,0.0,1.500006203288439,0.4578773514311475,191.38083920989585,226.8485561277035,5770.033375692172,0.27053931090568569,0.0412911036180839,135.27142526115024,160.35469713879233,4069.5801579463934,2.04513155548685,0.3864572100315289,142.92903618797579,169.48191810013337,4337.4440103691599,0.2884924579654641,0.054514825768228278,112.23954254275346,133.14115871133675,3348.1238195267185,0.0,0.0,8.693457518299642,10.401849196553679,215.0590311000792,0.0,0.0,12.882941246935959,15.253878878287738,394.2693787053769,0.0,0.0,79.55630456936314,94.91508051091162,2096.9890997157119,0.0,0.0,37.889552406250768,45.478473032421749,868.0039012468728,0.0,0.0,17.61823363816868,21.002796493619049,474.10694447403287,34.6328777787461,23.75368846278883,231.19051045968079,275.35572424994879,7276.234691551257,0.0,0.0,50.077670128759468,60.57791329214518,931.2465328507039,0.0,17.7551578182971,34.23537384151505,22.0,30.0,0.0,17.831293004863644,33.85004553614567,12.0,30.0,0.0,17.75087224440311,34.27389364051231,22.0,30.0,0.0,17.681987520927483,34.359502332204119,12.0,30.0,0.0,15.031043851349047,41.788682634788717,12.0,30.0,0.0,18.103377272621203,34.26876128829241,12.0,30.0,0.0,15.870212513366976,38.92191064259876,10.0,30.0,0.0,14.088866571864115,44.309853482570499,12.0,30.0,0.0,16.16703144525234,38.58677667602177,20.0,30.0,0.0,16.427607222725717,0.0,0.0,0.0,11.867444728875804,0.0,0.0,557.5731819722969,533.0100310616094,558.6275884559177,555.8766962807696,653.381366624011,923.460591456334,593.7448017860542,662.7774044883721,699.6547880926217,0.0,82.00906666208246,82.00906666208246,60.0,0.0,60.0,60.0,12.0,12.0,12.0,19.0,12.0,12.0,21.0,10.0,0.0,0.0,0.0,0.0,0.0,0.0,0.0,0.0,0.0,0.0,0.0,0.0,0.0,82.00906666208246,82.00906666208246,0.0,0.0,0.0,82.00906666208246,0.0,0.0,0.0009300000000000002 
 02/17  00:20:00,2.8,92.0,3.74,0.0,0.0,0.0,0.0,0.0,2.0,2.0,0.0,0.0,0.0,0.0,0.0,190.0,0.0,0.0,0.0,0.0,0.0,0.0,0.0,0.0,0.0,0.0,0.0,18.068401205201874,-228.63596298157359,18.223413949562699,-130.2512558976143,18.04312885981723,-122.47219557805897,17.849209865669548,-177.56929025692103,15.022149556421257,-0.21808596761735545,17.84855309079318,-37.864819650654769,16.134456344508423,85.6482308309096,14.24199905042422,-183.74937441202469,16.29014931994437,-42.9335227495892,468.3719090995669,507.88915388476269,0.0,0.0,0.0,0.0,0.0,0.0,0.0,0.0,0.0,0.0,0.0,0.0,0.0,0.0,0.0,0.0,0.0,0.0,0.0,0.0,0.0,0.0,1.5014504510873355,0.45831820851261775,112.90763917810438,133.81401160516297,3371.5166912528777,0.2778798087556824,0.042411448222784257,45.0812506299918,53.47535090485414,1357.5752691653964,2.095326467834287,0.3959422652748087,129.85357608642213,153.75680404411615,3924.324061838771,0.2866356438368639,0.05416395386184124,92.41675059409234,109.50680940579602,2747.5466738558054,0.0,0.0,8.588152269568429,10.270418533497662,211.56567190831826,0.0,0.0,11.641725223324605,13.777795439498945,354.1793858590383,0.0,0.0,83.40496475394704,99.32424706285059,2250.804214381436,0.0,0.0,42.98013518847657,51.59247930101848,966.4178601793731,0.0,0.0,14.763293907508544,17.578204620110037,400.4413939007346,34.54578613151487,23.69395482271254,147.99314386126907,176.26748247990182,4860.822060937733,0.0,0.0,55.566103442707,67.20647693217166,1017.0343885726627,0.0,17.584341608774836,34.51755330203012,22.0,30.0,0.0,17.83476709851237,33.935025437618168,12.0,30.0,0.0,17.672282815783406,34.39756133452385,22.0,30.0,0.0,17.650868777167408,34.4605548056224,12.0,30.0,0.0,15.003031380474802,41.611309075196398,12.0,30.0,0.0,18.034240675156945,34.22627851045823,12.0,30.0,0.0,16.22650882718228,37.90937318861323,10.0,30.0,0.0,13.89606682009411,44.623831748285827,12.0,30.0,0.0,16.30073125187078,38.21516080937073,20.0,30.0,0.0,16.031962057661646,0.0,0.0,0.0,11.743222183671508,0.0,0.0,538.4166803643316,535.3441503710834,551.986117355423,551.6970039128792,634.9660173029629,914.493902533917,581.626557240368,653.143836479305,765.067905035913,0.0,82.00906666208246,82.00906666208246,60.0,0.0,60.0,60.0,12.0,12.0,12.0,19.0,12.0,12.0,21.0,10.0,0.0,0.0,0.0,0.0,0.0,0.0,0.0,0.0,0.0,0.0,0.0,0.0,0.0,82.00906666208246,82.00906666208246,0.0,0.0,0.0,82.00906666208246,0.0,0.0,0.0009433333333333331 
 02/17  00:30:00,2.825,92.5,3.7199999999999999,0.0,0.0,0.0,0.0,0.0,2.0,2.0,0.0,0.0,0.0,0.0,0.0,190.0,0.0,0.0,0.0,0.0,0.0,0.0,0.0,0.0,0.0,0.0,0.0,17.894884117848187,-104.8333988951008,18.16992707242688,-317.4331744184292,17.92837246538552,-317.27194605620846,17.691342960155227,-118.68193939085814,14.995170212860869,-1.2177499977964459,17.79054140218606,-28.499442402107037,16.130154860681743,2.319455321617397,14.115208647014516,-196.40641667041326,16.307527763425975,-52.99527672988006,644.5773853565606,577.9595258188288,0.0,0.0,0.0,0.0,0.0,0.0,0.0,0.0,0.0,0.0,0.0,0.0,0.0,0.0,0.0,0.0,0.0,0.0,0.0,0.0,0.0,0.0,1.501989687918067,0.45848281071980076,397.51152019807219,471.3803406976922,11626.021269704841,0.2592283289105362,0.039564763264733859,200.47955227004605,237.35027313055597,5978.324955779028,2.0526531261580804,0.3878785196821771,363.91241077929586,431.4444536230162,10766.291026146559,0.2802884588164899,0.052964561378777367,194.60193000742789,230.8254402804509,5686.110094773014,0.0,0.0,7.9803314330350159,9.546179537049069,195.77450480313895,0.0,0.0,11.14140761242958,13.187186175418568,337.2433379814835,0.0,0.0,80.46441467592,95.83986526977056,2167.359261528213,0.0,0.0,48.12584482729576,57.812487829905339,1063.0589140858934,0.0,0.0,15.327487935488954,18.245865259570757,416.6564060660727,34.35021244178427,23.559816489563983,540.9336613623593,643.3130357276809,15860.88460268842,0.0,0.0,60.83813059150778,73.59954741730627,1105.729081070108,0.0,17.363434525824656,35.042316452419928,22.0,30.0,0.0,17.798399523179506,34.06131740818049,12.0,30.0,0.0,17.540705945516274,34.654937424237449,22.0,30.0,0.0,17.42919515337418,34.904881833277148,12.0,30.0,0.0,14.976189720842458,41.47398168747094,12.0,30.0,0.0,17.980141596471769,34.20747175848189,12.0,30.0,0.0,16.221241847471285,37.824060878648939,10.0,30.0,0.0,13.716097292818521,44.7733798607254,12.0,30.0,0.0,16.3579853042688,37.966524048125879,20.0,30.0,0.0,16.588705502601465,0.0,0.0,0.0,11.706576285083584,0.0,0.0,537.3884487115222,532.4969972688059,538.9581612150098,541.827633502058,619.052392144533,913.2511335618472,569.4554273755106,631.2116259626457,797.3745434248585,0.0,82.00906666208246,82.00906666208246,60.0,0.0,60.0,60.0,12.0,12.0,12.0,19.0,12.0,12.0,21.0,10.0,0.0,0.0,0.0,0.0,0.0,0.0,0.0,0.0,0.0,0.0,0.0,0.0,0.0,82.00906666208246,82.00906666208246,0.0,0.0,0.0,82.00906666208246,0.0,0.0,0.0009566666666666667 
 02/17  00:40:00,2.8499999999999998,93.0,3.7,0.0,0.0,0.0,0.0,0.0,2.0,2.0,0.0,0.0,0.0,0.0,0.0,190.0,0.0,0.0,0.0,0.0,0.0,0.0,0.0,0.0,0.0,0.0,0.0,17.892252438906327,-242.27649957592167,17.993777469666236,-223.54374946608665,17.738022190962984,-160.2059904559951,17.670842742604497,-164.1855542704202,14.966515461223949,-0.7830623890679505,17.735801238693289,-31.773876129042976,16.072945948798507,20.44638889790076,14.008540416680332,-196.41606892468884,16.305372546025326,-60.391937145908148,611.1920223333982,594.4286248109635,0.0,0.0,0.0,0.0,0.0,0.0,0.0,0.0,0.0,0.0,0.0,0.0,0.0,0.0,0.0,0.0,0.0,0.0,0.0,0.0,0.0,0.0,1.4738182291099778,0.44988346431928508,286.68746696410508,339.97805417766036,8389.172704267261,0.26575846658281568,0.04056142652362876,132.72968682370672,157.46556638350627,3898.9163439421065,2.1159173001914706,0.39983320109438227,275.7876406975841,327.02508141246485,8043.705404858594,0.281313918723755,0.053158336871457847,152.44860533610257,180.72645193091854,4453.024483280782,0.0,0.0,8.364175286020196,10.003009288494252,204.28168793570843,0.0,0.0,11.096563776622077,13.136082903855922,334.24656519169846,0.0,0.0,84.19938123197422,100.29057648988629,2248.83355970727,0.0,0.0,49.517944900078628,59.51045097187021,1077.9797750580688,0.0,0.0,17.003223929657105,20.23485632134654,462.0250591650763,34.28344537084138,23.51402288809423,381.8049981619048,454.2100889870029,11356.321954105071,0.0,0.0,62.19587751386314,75.26090173992719,1116.7088208678443,0.0,17.426947228395038,34.914570051723519,22.0,30.0,0.0,17.554767038141884,34.61130270907796,12.0,30.0,0.0,17.291781226467579,35.212596819767728,22.0,30.0,0.0,17.45782056768327,34.8583391814719,12.0,30.0,0.0,14.947147675717137,41.38878726209735,12.0,30.0,0.0,17.929164997627987,34.194349903467848,12.0,30.0,0.0,16.134145895639969,37.9897443109823,10.0,30.0,0.0,13.578903143638727,45.01365430620582,12.0,30.0,0.0,16.3779723744356,37.78484531652083,20.0,30.0,0.0,16.4691420142724,0.0,0.0,0.0,11.62130643564222,0.0,0.0,526.5365949673008,518.937907683565,530.4178037720694,539.9951792068316,607.7400881407909,906.6838517841338,560.7790264092566,625.8403499235776,809.8817638736493,0.0,82.00906666208246,82.00906666208246,60.0,0.0,60.0,60.0,12.0,12.0,12.0,19.0,12.0,12.0,21.0,10.0,0.0,0.0,0.0,0.0,0.0,0.0,0.0,0.0,0.0,0.0,0.0,0.0,0.0,82.00906666208246,82.00906666208246,0.0,0.0,0.0,82.00906666208246,0.0,0.0,0.00097 
 02/17  00:50:00,2.875,93.5,3.68,0.0,0.0,0.0,0.0,0.0,2.0,2.0,0.0,0.0,0.0,0.0,0.0,190.0,0.0,0.0,0.0,0.0,0.0,0.0,0.0,0.0,0.0,0.0,0.0,17.706824811203555,-99.37043120763201,17.964730700581403,-299.8834407671188,17.70665474710939,-278.37896143662149,17.541301334561,-107.7692531193884,14.937655078712958,-1.9910149353606386,17.675715382059093,-30.831438305382706,16.032857212199404,-20.431182845577724,13.913784285187614,-195.228460128508,16.290422689042438,-63.66923278386406,590.0323514739575,601.322540061688,0.0,0.0,0.0,0.0,0.0,0.0,0.0,0.0,0.0,0.0,0.0,0.0,0.0,0.0,0.0,0.0,0.0,0.0,0.0,0.0,0.0,0.0,1.4717903978008092,0.44926446819316526,323.71666849072019,383.92874339206079,9353.82925924025,0.2544210482711297,0.038831051323432497,164.9719516524658,195.39010114572563,4827.5786391207689,1.9386278019471162,0.36633178419257686,271.4742539498656,322.0272754813269,7892.579080215994,0.27665467374029559,0.05227790509075878,139.112565834718,165.04527814567559,4016.4923577924976,0.0,0.0,8.00752184510788,9.579751005570192,194.72172973772758,0.0,0.0,11.590561674300585,13.723132244835128,347.1817164969378,0.0,0.0,79.19705703100414,94.36544865575371,2104.2694144750696,0.0,0.0,49.79440044622831,59.86493361965178,1070.3733792670956,0.0,0.0,18.924404737137043,22.52315272970157,513.1331495224531,34.12297075944331,23.40395799687471,410.9362253094706,488.871583131823,12052.853018954982,0.0,0.0,62.30383546565953,75.41369863723037,1104.1361142993,0.0,17.189125402570079,35.47489292467317,22.0,30.0,0.0,17.57728489743579,34.60266585822113,12.0,30.0,0.0,17.322039820961323,35.17927613631844,22.0,30.0,0.0,17.285242072703789,35.25696045133422,12.0,30.0,0.0,14.918380086638369,41.33494455925233,12.0,30.0,0.0,17.8675800462832,34.23788629264462,12.0,30.0,0.0,16.08463067168615,38.10885657049519,10.0,30.0,0.0,13.464975335846323,45.25765404990692,12.0,30.0,0.0,16.374872240363098,37.6664272967253,20.0,30.0,0.0,16.378628958955887,0.0,0.0,0.0,11.52970602385897,0.0,0.0,524.5342131625309,516.9325551457187,523.5481244509582,527.7914446481859,597.146606826056,896.7011558971813,560.2900850626585,627.6485870869051,805.3211300966646,0.0,82.00906666208246,82.00906666208246,60.0,0.0,60.0,60.0,12.0,12.0,12.0,19.0,12.0,12.0,21.0,10.0,0.0,0.0,0.0,0.0,0.0,0.0,0.0,0.0,0.0,0.0,0.0,0.0,0.0,82.00906666208246,82.00906666208246,0.0,0.0,0.0,82.00906666208246,0.0,0.0,0.00094 
 02/17  01:00:00,2.9,94.0,3.66,0.0,0.0,0.0,0.0,0.0,2.0,2.0,0.0,0.0,0.0,0.0,0.0,190.0,0.0,0.0,0.0,0.0,0.0,0.0,0.0,0.0,0.0,0.0,0.0,17.705072720008397,-229.53398772166657,17.785573376383618,-244.8573395709409,17.54342048625245,-155.2876470617921,17.516773536068173,-162.70459392806766,14.906932384698962,-1.8043642652295234,17.61882031093745,-34.17358303856241,15.959230839135014,2.4523858788500094,13.826729527470669,-196.02222087352755,16.268519582915535,-68.59496857609673,591.3882872673703,609.1171107536945,0.0,0.0,0.0,0.0,0.0,0.0,0.0,0.0,0.0,0.0,0.0,0.0,0.0,0.0,0.0,0.0,0.0,0.0,0.0,0.0,0.0,0.0,1.448937492869841,0.442288611987131,323.62950094738508,383.9970371121532,9329.251954864558,0.2563372095457279,0.03912350573042246,167.550620745733,198.89666702204642,4827.842953359578,2.03127256564243,0.3838383532959998,276.07634093957679,327.54094623356448,7925.849377439003,0.27309222610492225,0.05160472904476987,148.65482605173765,176.29456084695836,4280.455093381391,0.0,0.0,8.296572847671346,9.92330736563997,200.81058972271863,0.0,0.0,11.74523842088585,13.909217403808747,349.96484090649838,0.0,0.0,82.32340439113563,98.09673884534215,2165.8266889798157,0.0,0.0,50.48581995637623,60.71425174755927,1072.7595477411874,0.0,0.0,19.85969598072773,23.635138049951885,536.8853967033317,34.018146416361577,23.33206201396542,419.7808754613051,499.5429520867609,12242.345561485927,0.0,0.0,62.92779107086754,76.18721379945127,1101.5856818802177,0.0,17.250273585750088,35.393937376014388,22.0,30.0,0.0,17.321101017102053,35.23511266396195,12.0,30.0,0.0,17.11196949894957,35.69829716237818,22.0,30.0,0.0,17.298350817816286,35.268705062036307,12.0,30.0,0.0,14.886966344653596,41.334620067091588,12.0,30.0,0.0,17.811158780818979,34.29423717237691,12.0,30.0,0.0,15.978388357230103,38.37986800562442,10.0,30.0,0.0,13.36492194817897,45.50910615549298,12.0,30.0,0.0,16.359338430799256,37.6154918209256,20.0,30.0,0.0,16.357320768648614,0.0,0.0,0.0,11.446519987322253,0.0,0.0,512.745614339686,503.70364124762866,515.0497397386655,525.4625181409418,591.6474281790313,884.3413760356665,554.0184655510559,630.6550214261599,802.9142917240231,0.0,82.00906666208246,82.00906666208246,60.0,0.0,60.0,60.0,12.0,12.0,12.0,19.0,12.0,12.0,21.0,10.0,0.0,0.0,0.0,0.0,0.0,0.0,0.0,0.0,0.0,0.0,0.0,0.0,0.0,82.00906666208246,82.00906666208246,0.0,0.0,0.0,82.00906666208246,0.0,0.0,0.0009099999999999999 
 02/17  01:10:00,2.9216666666666666,94.16666666666667,3.656666666666667,0.0,0.0,0.0,0.0,0.0,2.0,2.0,0.0,0.0,0.0,0.0,0.0,190.0,0.0,0.0,0.0,0.0,0.0,0.0,0.0,0.0,0.0,0.0,0.0,17.530521034676519,-91.92835243723084,17.773844207444016,-284.7002536314834,17.519037116905236,-274.63552249039597,17.392418079065956,-111.80759103365654,14.876228181982303,-2.738694265369446,17.55740191053745,-33.62101013532549,15.91723464384106,-29.58544584819151,13.74504266379412,-195.86066155128607,16.240309518732837,-70.18129425269228,551.1951952968493,613.8085842414889,0.0,0.0,0.0,0.0,0.0,0.0,0.0,0.0,0.0,0.0,0.0,0.0,0.0,0.0,0.0,0.0,0.0,0.0,0.0,0.0,0.0,0.0,1.4446455208744434,0.44097848622541,293.8578044321749,348.6453579254369,8379.446202361221,0.2518047012155383,0.03843173095475248,147.7353482420656,175.06021320661109,4253.023045184887,1.858128938812543,0.3511203588081149,250.84360847256375,297.7079719959295,7185.931424443068,0.27048414521166777,0.05111189440885633,130.50643284918113,154.91056966687499,3717.48699661181,0.0,0.0,7.991933224578991,9.562692896433556,192.62095911898144,0.0,0.0,12.07245043104496,14.299343393962527,357.7034088513201,0.0,0.0,78.37046901599392,93.42320595709202,2052.078726803852,0.0,0.0,50.52435316022137,60.78028352664879,1062.4283364173426,0.0,0.0,21.425688733178356,25.502091459056247,577.2161404029987,33.89138469207866,23.24511981624051,371.7496436231143,442.44477127884695,10815.15328438512,0.0,0.0,62.82372437160505,76.08462089905845,1086.315692262919,0.0,17.028368419796644,35.93936098549791,22.0,30.0,0.0,17.378478517039459,35.161635693458169,12.0,30.0,0.0,17.147999369902647,35.68447909762069,22.0,30.0,0.0,17.131272236954176,35.70449046376392,12.0,30.0,0.0,14.856198321212059,41.36642863087104,12.0,30.0,0.0,17.74631464031441,34.40239802696291,12.0,30.0,0.0,15.933942772006543,38.52038451701719,10.0,30.0,0.0,13.274357303813382,45.76108218742971,12.0,30.0,0.0,16.333182878876167,37.625081315481619,20.0,30.0,0.0,16.19996636016638,0.0,0.0,0.0,11.360745519175732,0.0,0.0,511.85296912748898,503.6117493301199,509.5184502747452,513.0697273522194,585.8714588456879,874.0119067762498,555.2442297365728,633.2717184755019,792.884351256027,0.0,82.00906666208246,82.00906666208246,60.0,0.0,60.0,60.0,12.0,12.0,12.0,19.0,12.0,12.0,21.0,10.0,0.0,0.0,0.0,0.0,0.0,0.0,0.0,0.0,0.0,0.0,0.0,0.0,0.0,82.00906666208246,82.00906666208246,0.0,0.0,0.0,82.00906666208246,0.0,0.0,0.00088 
 02/17  01:20:00,2.9433333333333335,94.33333333333334,3.6533333333333339,0.0,0.0,0.0,0.0,0.0,2.0,2.0,0.0,0.0,0.0,0.0,0.0,190.0,0.0,0.0,0.0,0.0,0.0,0.0,0.0,0.0,0.0,0.0,0.0,17.528231165132988,-220.8621409513962,17.61310562469138,-232.4956125023823,17.369728394294716,-144.21144396294722,17.37048785484813,-161.78818777057223,14.844041645611999,-2.5681711560562379,17.49994479548751,-36.03082221721948,15.84540507836446,-6.659870045342359,13.666784330276334,-197.0790200345126,16.209720176798418,-74.47034059451824,563.0233200895709,620.1900742893687,0.0,0.0,0.0,0.0,0.0,0.0,0.0,0.0,0.0,0.0,0.0,0.0,0.0,0.0,0.0,0.0,0.0,0.0,0.0,0.0,0.0,0.0,1.424822762858946,0.4349275832902766,310.2764619960782,368.3525287079449,8819.717309055559,0.25256736523863446,0.038548132667679247,162.60866176512736,193.13644030719355,4619.65182711389,1.9653443033460763,0.37138025384468578,262.28581416709019,311.32096543114747,7431.421020712878,0.26782263012181009,0.05060896260805177,142.22880929628725,168.75002389037747,4041.6679171801508,0.0,0.0,8.249646465604006,9.869475578665451,197.9379634853999,0.0,0.0,12.09346998773341,14.327625202196313,356.4811749114538,0.0,0.0,81.43261145932965,97.08141887897784,2113.0560220481058,0.0,0.0,51.08688135566986,61.474396860879057,1063.4981303894186,0.0,0.0,21.507590561851634,25.601658780385465,577.2491114812508,33.79765556799357,23.180833722903694,401.0000561504726,477.41151343685228,11568.766191528075,0.0,0.0,63.33630581616016,76.72507493653167,1082.7508244445549,0.0,17.084629948366918,35.911727522878667,22.0,30.0,0.0,17.15345917330887,35.77715850117741,12.0,30.0,0.0,16.958861801570064,36.18495139756113,22.0,30.0,0.0,17.147001668894409,35.71622038675579,12.0,30.0,0.0,14.823344513389582,41.427598509703759,12.0,30.0,0.0,17.688448400074816,34.51476805336263,12.0,30.0,0.0,15.836241089256177,38.823446027203519,10.0,30.0,0.0,13.18918564815328,46.022658216659369,12.0,30.0,0.0,16.30318707550775,37.66911670773343,20.0,30.0,0.0,16.208459175213127,0.0,0.0,0.0,11.284000060561727,0.0,0.0,501.32463452810637,492.3191098120216,503.36329991577557,511.4782498693207,582.6684772492333,863.0899383219032,548.5653279846198,633.2270108376913,788.4971230266981,0.0,82.00906666208246,82.00906666208246,60.0,0.0,60.0,60.0,12.0,12.0,12.0,19.0,12.0,12.0,21.0,10.0,0.0,0.0,0.0,0.0,0.0,0.0,0.0,0.0,0.0,0.0,0.0,0.0,0.0,82.00906666208246,82.00906666208246,0.0,0.0,0.0,82.00906666208246,0.0,0.0,0.0008566666666666667 
 02/17  01:30:00,2.965,94.5,3.6500000000000005,0.0,0.0,0.0,0.0,0.0,2.0,2.0,0.0,0.0,0.0,0.0,0.0,190.0,0.0,0.0,0.0,0.0,0.0,0.0,0.0,0.0,0.0,0.0,0.0,17.365425931256789,-88.55195928585863,17.606171911741144,-276.66176054887606,17.34731257262097,-266.1217052774491,17.251079378798076,-113.62767389587953,14.811871854504306,-3.3792851963810905,17.439181463346978,-35.121971703730057,15.802491268795702,-35.66462345440823,13.591621725063359,-196.95382003359647,16.175564466303358,-75.25859359078817,524.1420032852261,623.5047392441661,0.0,0.0,0.0,0.0,0.0,0.0,0.0,0.0,0.0,0.0,0.0,0.0,0.0,0.0,0.0,0.0,0.0,0.0,0.0,0.0,0.0,0.0,1.4219326470529819,0.4340453745582973,279.4200859283567,331.6552738222663,7866.516937502107,0.2486544876508109,0.037950929128634149,142.3468278934486,168.757705813933,4041.760209664343,1.7901511550791365,0.3382749726151053,236.26624397375634,280.5424776841805,6677.40928991952,0.2655138927113072,0.05017269325610489,124.48075050640205,147.82948282388464,3500.7017062017519,0.0,0.0,7.944461397746999,9.507936712354138,189.78051504722957,0.0,0.0,12.332598999219944,14.613542386697866,361.4884074474587,0.0,0.0,77.74622437582365,92.72161712140465,2007.9505349143947,0.0,0.0,51.026031867449187,61.41852427848454,1052.0030108636584,0.0,0.0,22.962392717433663,27.336692234095204,613.7311705969439,33.685657597224977,23.104017556395737,351.90420379096909,419.0002730734258,10141.554026339723,0.0,0.0,63.14159968151204,76.51064735194866,1066.656951674688,0.0,16.879454394359123,36.429698529409268,22.0,30.0,0.0,17.215255775107044,35.68569683623361,12.0,30.0,0.0,16.992651324481498,36.19245384889673,22.0,30.0,0.0,16.98624291124419,36.18523402777356,12.0,30.0,0.0,14.791015115095842,41.52094982386829,12.0,30.0,0.0,17.624189195275176,34.6668256963595,12.0,30.0,0.0,15.793669328842288,38.972701246690167,10.0,30.0,0.0,13.109104367226348,46.29174019336992,12.0,30.0,0.0,16.267561441470578,37.761196419860869,20.0,30.0,0.0,16.053063075673319,0.0,0.0,0.0,11.204337663741047,0.0,0.0,500.92493562524228,493.7523252643862,499.3579054593314,500.70878562859198,578.4907232411731,854.7831089978547,548.9741354156372,632.9124403253397,778.9322670680314,0.0,82.00906666208246,82.00906666208246,60.0,0.0,60.0,60.0,12.0,12.0,12.0,19.0,12.0,12.0,21.0,10.0,0.0,0.0,0.0,0.0,0.0,0.0,0.0,0.0,0.0,0.0,0.0,0.0,0.0,82.00906666208246,82.00906666208246,0.0,0.0,0.0,82.00906666208246,0.0,0.0,0.0008333333333333334 
 02/17  01:40:00,2.9866666666666665,94.66666666666666,3.646666666666667,0.0,0.0,0.0,0.0,0.0,2.0,2.0,0.0,0.0,0.0,0.0,0.0,190.0,0.0,0.0,0.0,0.0,0.0,0.0,0.0,0.0,0.0,0.0,0.0,17.364504559227038,-213.12042891950206,17.454686886779958,-224.672706504914,17.208538906138359,-136.07008908394028,17.2320634610538,-159.77672510143862,14.778530663435629,-3.2115472654418655,17.382471531492869,-37.17217818244367,15.73241316746456,-13.451850513441514,13.518383870615388,-198.11800807799274,16.141183139430085,-78.6939544019109,539.7827738102333,628.7584762795684,0.0,0.0,0.0,0.0,0.0,0.0,0.0,0.0,0.0,0.0,0.0,0.0,0.0,0.0,0.0,0.0,0.0,0.0,0.0,0.0,0.0,0.0,1.4024980484860484,0.42811295741332369,301.0806862307644,357.60899533987188,8447.110981162405,0.2486925818767607,0.037956743265683868,159.09310017606613,189.0545379769273,4460.745231167178,1.903276953415199,0.3596517296702947,251.83258827169647,299.0391227998844,7045.80927592897,0.2631190901359115,0.0497201606454859,136.9246128671214,162.524985219126,3841.9326235116966,0.0,0.0,8.188472493008815,9.79849718972504,194.703930673025,0.0,0.0,12.316289882363586,14.597505227830613,359.14525739165006,0.0,0.0,80.63836340547214,96.17702813619209,2064.5630897580488,0.0,0.0,51.516761706023917,62.02489696362932,1052.0331831770218,0.0,0.0,22.99680380140159,27.381657049133766,612.0835137353832,33.59372202341329,23.040961607279358,386.8306475775952,460.734433887956,11041.625120966404,0.0,0.0,63.588666684563097,77.07039331426259,1062.4362179151513,0.0,16.93551950426336,36.420177325500549,22.0,30.0,0.0,17.00403635029701,36.29747771988625,12.0,30.0,0.0,16.818504262215975,36.67459059628109,22.0,30.0,0.0,17.005481574296259,36.18993259429867,12.0,30.0,0.0,14.757065409264488,41.626483496684787,12.0,30.0,0.0,17.56699274918975,34.815688521641337,12.0,30.0,0.0,15.701674786491662,39.29138597899973,10.0,30.0,0.0,13.03159182920816,46.570505676972697,12.0,30.0,0.0,16.231936513641075,37.864260802083908,20.0,30.0,0.0,16.07360104521942,0.0,0.0,0.0,11.13328472233975,0.0,0.0,492.67499419347169,485.183775278793,495.4194598015712,500.39252543461569,575.6676299596438,845.7583673065676,543.020119783427,631.1214334127752,772.4669077272465,0.0,82.00906666208246,82.00906666208246,60.0,0.0,60.0,60.0,12.0,12.0,12.0,19.0,12.0,12.0,21.0,10.0,0.0,0.0,0.0,0.0,0.0,0.0,0.0,0.0,0.0,0.0,0.0,0.0,0.0,82.00906666208246,82.00906666208246,0.0,0.0,0.0,82.00906666208246,0.0,0.0,0.00081 
 02/17  01:50:00,3.0083333333333335,94.83333333333333,3.6433333333333337,0.0,0.0,0.0,0.0,0.0,2.0,2.0,0.0,0.0,0.0,0.0,0.0,190.0,0.0,0.0,0.0,0.0,0.0,0.0,0.0,0.0,0.0,0.0,0.0,17.21031010041139,-84.83332117219197,17.448863133575338,-272.4755693402084,17.185509900137448,-260.62757428230909,17.118673425657684,-112.92886603942134,14.745250443126274,-3.902242779489413,17.322858084278097,-36.17044823825668,15.689420586210911,-40.313936903034349,13.447382139643281,-197.82285407935559,16.104126729464917,-79.48949805495113,499.2445889289993,631.0983769860496,0.0,0.0,0.0,0.0,0.0,0.0,0.0,0.0,0.0,0.0,0.0,0.0,0.0,0.0,0.0,0.0,0.0,0.0,0.0,0.0,0.0,0.0,1.401211653665904,0.4277202850018022,265.48531843483388,315.22876856580646,7384.503217350895,0.24584230528000104,0.037521719365079527,138.9627685736207,164.82356182874566,3894.050661925409,1.722158093309273,0.3254266994159625,218.69303421266603,259.7839819166099,6099.720829240736,0.2610540938483593,0.04932994970679502,117.03518328627107,139.04431557280274,3251.897803148259,0.0,0.0,7.894395159276884,9.450043946082073,186.86474601644495,0.0,0.0,12.511254783303907,14.831129134171963,362.79085584074587,0.0,0.0,77.18665086522319,92.0936338807685,1967.005735260665,0.0,0.0,51.40199030026958,61.90261870193967,1039.989614650946,0.0,0.0,24.099652913088158,28.69726873843566,638.5436416356158,33.49369570140286,22.972356448150117,331.6415461749381,395.02091188686048,9477.051014388391,0.0,0.0,63.34769828128229,76.7980168030524,1046.2925810459613,0.0,16.74207793702754,36.93099163222383,22.0,30.0,0.0,17.064534758891854,36.20534059969928,12.0,30.0,0.0,16.846332840014797,36.72953296015627,22.0,30.0,0.0,16.853585707283608,36.68686102465864,12.0,30.0,0.0,14.723626053671584,41.761987750651559,12.0,30.0,0.0,17.504105265993688,34.996043007736719,12.0,30.0,0.0,15.660845661178648,39.45044182947038,10.0,30.0,0.0,12.95762714209896,46.857532661264389,12.0,30.0,0.0,16.192052395582438,38.00570738128155,20.0,30.0,0.0,15.911066058161778,0.0,0.0,0.0,11.05920644527799,0.0,0.0,492.0093830611685,487.5281693701045,490.3429952378587,489.1996549543121,572.0176160222175,839.4877188474434,543.2290886218361,629.4820495700953,764.8686533645068,0.0,82.00906666208246,82.00906666208246,60.0,0.0,60.0,60.0,12.0,12.0,12.0,19.0,12.0,12.0,21.0,10.0,0.0,0.0,0.0,0.0,0.0,0.0,0.0,0.0,0.0,0.0,0.0,0.0,0.0,82.00906666208246,82.00906666208246,0.0,0.0,0.0,82.00906666208246,0.0,0.0,0.0008233333333333333 
 02/17  02:00:00,3.03,95.0,3.64,0.0,0.0,0.0,0.0,0.0,2.0,2.0,0.0,0.0,0.0,0.0,0.0,190.0,0.0,0.0,0.0,0.0,0.0,0.0,0.0,0.0,0.0,0.0,0.0,17.20920887369592,-205.60321258588466,17.30428596205979,-216.02080006634675,17.05434092577702,-128.83764012266557,17.10061177114083,-159.39765128205773,14.711015228288496,-3.7464596916423575,17.267172255857724,-38.00236453905126,15.620814609788355,-19.103503796724227,13.377666272845064,-198.8204720413445,16.06777665822441,-82.47243175001933,520.0408398694981,635.4557912076724,0.0,0.0,0.0,0.0,0.0,0.0,0.0,0.0,0.0,0.0,0.0,0.0,0.0,0.0,0.0,0.0,0.0,0.0,0.0,0.0,0.0,0.0,1.3812358815825694,0.42162267447575388,294.0446441669708,349.41018089319848,8146.218501818006,0.2449439773181919,0.037384611922800969,155.66116225552396,185.06260056106317,4309.518012437855,1.8437976652278614,0.3484122572237079,246.6774282020702,293.0391598862908,6814.990803412263,0.25854949023280957,0.04885666860030413,134.85844612672606,160.1359064602539,3737.7255409707188,0.0,0.0,8.122097581955764,9.721227371776685,191.34317581879876,0.0,0.0,12.482144168782324,14.799814775444745,360.08149065259706,0.0,0.0,79.97549272816217,95.42653412818352,2020.7963554929129,0.0,0.0,51.85247308931737,62.45969192881307,1039.4484061175618,0.0,0.0,24.07840257667059,28.67710058171143,635.1754273096715,33.39835833721635,22.906967309476245,378.0585200100795,450.46161915314078,10672.0031779331,0.0,0.0,63.75794603755749,77.31185883969903,1041.9016185823635,0.0,16.795603875398947,36.933985464754929,22.0,30.0,0.0,16.86415368758614,36.814944792177588,12.0,30.0,0.0,16.68286439443675,37.18444370997818,22.0,30.0,0.0,16.8724404251978,36.68971659666444,12.0,30.0,0.0,14.688869453496487,41.90106702308918,12.0,30.0,0.0,17.448033551052946,35.170240294758809,12.0,30.0,0.0,15.572894268696509,39.782455943873689,10.0,30.0,0.0,12.885098712552442,47.15345720652323,12.0,30.0,0.0,16.153818333681718,38.1479200566122,20.0,30.0,0.0,15.948777073480838,0.0,0.0,0.0,10.99328143750208,0.0,0.0,486.0312952058222,480.7623032272205,489.3182817070806,490.3229303002279,569.2358386432134,832.1336866384174,537.986740746469,627.2317093832448,758.3946171426738,0.0,82.00906666208246,82.00906666208246,60.0,0.0,60.0,60.0,12.0,12.0,12.0,19.0,12.0,12.0,21.0,10.0,0.0,0.0,0.0,0.0,0.0,0.0,0.0,0.0,0.0,0.0,0.0,0.0,0.0,82.00906666208246,82.00906666208246,0.0,0.0,0.0,82.00906666208246,0.0,0.0,0.0008366666666666668 
 02/17  02:10:00,3.0316666666666665,95.16666666666667,3.671666666666667,0.0,0.0,0.0,0.0,0.0,2.0,2.0,0.0,0.0,0.0,0.0,0.0,190.0,0.0,0.0,0.0,0.0,0.0,0.0,0.0,0.0,0.0,0.0,0.0,17.062316056161408,-80.43445796510878,17.29879699720532,-264.1331182359386,17.032746370413368,-252.43828383962228,16.987444019681136,-115.3875025631155,14.676787679070394,-4.315733531124977,17.20750723697337,-37.02073985549555,15.577620008410099,-44.11384368867721,13.309246246587675,-198.34800175045587,16.02889299075602,-82.97357198522696,484.43691693852818,637.7619437622909,0.0,0.0,0.0,0.0,0.0,0.0,0.0,0.0,0.0,0.0,0.0,0.0,0.0,0.0,0.0,0.0,0.0,0.0,0.0,0.0,0.0,0.0,1.3833856063596342,0.4222788786201569,257.3691341035662,305.704222565071,7081.713032096408,0.24311341839666385,0.03710522258801341,134.6354392813722,159.7500954844911,3730.5919190741508,1.6527507073876069,0.31231116919644888,214.92578685677538,255.41470996390445,5928.061233964689,0.2576032632392175,0.048677865313533148,116.69548921786105,138.70089717102807,3206.786271391409,0.0,0.0,7.856014309181344,9.405778656165604,184.5274052386996,0.0,0.0,12.662933077328063,15.016141414941597,363.7467027992484,0.0,0.0,76.66870965548547,91.50944749744673,1931.1765950955524,0.0,0.0,51.73690983362251,62.33327441311289,1029.8274890683047,0.0,0.0,25.175829741484987,29.985374784975894,661.9952018272898,33.42283806469122,22.92375724601593,323.20295817874367,385.10779262046045,9154.467944288985,0.0,0.0,63.557472570435439,77.08414675236938,1029.7065205271604,0.0,16.612068892519664,37.42686399209362,22.0,30.0,0.0,16.92431493991456,36.71716274524044,12.0,30.0,0.0,16.710213756358834,37.2380311072648,22.0,30.0,0.0,16.72039860812435,37.1914075736271,12.0,30.0,0.0,14.654442005229292,42.06617156248733,12.0,30.0,0.0,17.386067966221917,35.37009094530002,12.0,30.0,0.0,15.532749571801503,39.95015723345409,10.0,30.0,0.0,12.81511697207771,47.45597406096758,12.0,30.0,0.0,16.11206106072037,38.31978353336592,20.0,30.0,0.0,15.78716765762606,0.0,0.0,0.0,10.924655401588634,0.0,0.0,485.90705912622556,483.066610171531,485.63151439185489,481.95426165171718,565.9406258034424,827.3789496580171,538.2227829895066,625.4529106157788,751.7226108544743,0.0,82.00906666208246,82.00906666208246,60.0,0.0,60.0,60.0,12.0,12.0,12.0,19.0,12.0,12.0,21.0,10.0,0.0,0.0,0.0,0.0,0.0,0.0,0.0,0.0,0.0,0.0,0.0,0.0,0.0,82.00906666208246,82.00906666208246,0.0,0.0,0.0,82.00906666208246,0.0,0.0,0.00085 
 02/17  02:20:00,3.033333333333333,95.33333333333334,3.703333333333334,0.0,0.0,0.0,0.0,0.0,2.0,2.0,0.0,0.0,0.0,0.0,0.0,190.0,0.0,0.0,0.0,0.0,0.0,0.0,0.0,0.0,0.0,0.0,0.0,17.05843939468739,-200.2780083829548,17.156723754656637,-211.75702042225499,16.906647134776674,-125.1291303581529,16.969868000013606,-158.55303364601833,14.641684378397603,-4.1580034834608459,17.151117231217083,-38.71193374949743,15.51061884726849,-23.609117850179019,13.24161531174731,-199.27700984240495,15.990804510796789,-85.86931790126198,508.12390870730999,641.7313282274402,0.0,0.0,0.0,0.0,0.0,0.0,0.0,0.0,0.0,0.0,0.0,0.0,0.0,0.0,0.0,0.0,0.0,0.0,0.0,0.0,0.0,0.0,1.367357616166975,0.41738632972129888,288.22011355588088,342.6165854620518,7907.347242942942,0.24264594592252135,0.037033874530299357,153.14197389807718,182.13576967505254,4198.866724113258,1.7570950620947464,0.3320285453693777,240.3951693976805,285.66822796634849,6578.152524534691,0.2554429098334013,0.04826963526708261,131.45242500651259,156.14068259687299,3608.8390843780769,0.0,0.0,8.082538585094895,9.675345208378373,189.2459423622933,0.0,0.0,12.638741452159259,14.990121684656965,361.6534127168708,0.0,0.0,79.52516246153508,94.92076316455041,1989.7300054176918,0.0,0.0,52.156342978780617,62.85022476193981,1030.8613148416508,0.0,0.0,24.973187613182547,29.748655821308355,654.6545244110189,33.44653272609412,22.940008728459625,369.0496034114532,439.87318669038998,10336.678966553169,0.0,0.0,63.97232611737511,77.60022244505348,1028.1290900111545,0.0,16.658437655733829,37.44233557134471,22.0,30.0,0.0,16.728180302611329,37.31878556401173,12.0,30.0,0.0,16.553198238382636,37.67640603376401,22.0,30.0,0.0,16.74071722078891,37.184311709362209,12.0,30.0,0.0,14.618772898695765,42.228271282707968,12.0,30.0,0.0,17.329959082680199,35.56180646172105,12.0,30.0,0.0,15.448820324423016,40.27997364642371,10.0,30.0,0.0,12.745749733394608,47.76355635648703,12.0,30.0,0.0,16.072076527231539,38.4865398028233,20.0,30.0,0.0,15.81954702953027,0.0,0.0,0.0,10.861373304007849,0.0,0.0,481.2942508314594,477.87549933259728,485.6250226546041,483.793574839116,563.4315881683057,821.2865055534976,533.9408098107888,623.324403788622,746.1807172548483,0.0,82.00906666208246,82.00906666208246,60.0,0.0,60.0,60.0,12.0,12.0,12.0,19.0,12.0,12.0,21.0,10.0,0.0,0.0,0.0,0.0,0.0,0.0,0.0,0.0,0.0,0.0,0.0,0.0,0.0,82.00906666208246,82.00906666208246,0.0,0.0,0.0,82.00906666208246,0.0,0.0,0.0008333333333333334 
 02/17  02:30:00,3.035,95.5,3.7350000000000005,0.0,0.0,0.0,0.0,0.0,2.0,2.0,0.0,0.0,0.0,0.0,0.0,190.0,0.0,0.0,0.0,0.0,0.0,0.0,0.0,0.0,0.0,0.0,0.0,16.91553946614479,-76.89316697051845,17.151122981995333,-257.2180411860136,16.884720339496,-247.257045875313,16.85708583932057,-117.57705569629207,14.606587778978895,-4.665515700121858,17.091811781995835,-37.73834401700438,15.46698779840218,-47.62755481047225,13.175184222401672,-198.85173704914235,15.950895905803945,-86.04445950544448,475.04716064796687,643.8281836108159,0.0,0.0,0.0,0.0,0.0,0.0,0.0,0.0,0.0,0.0,0.0,0.0,0.0,0.0,0.0,0.0,0.0,0.0,0.0,0.0,0.0,0.0,1.3714407568757814,0.418632709669042,253.18226610885658,300.83558849577988,6899.46064647256,0.24131377353109799,0.036830551515735349,132.47498965094713,157.24166882859596,3635.1192115657966,1.5583880275042697,0.29447997496301406,213.93702135020807,254.3324467832291,5842.403336954852,0.2550659651416657,0.048198406111425857,117.56326130005881,139.78653129520414,3199.4718627297349,0.0,0.0,7.819632755040916,9.363605940247098,182.5311459875883,0.0,0.0,12.8078299332021,15.192627603024399,364.9308750039361,0.0,0.0,76.29268020525434,91.09019856359348,1902.7851783867596,0.0,0.0,52.02096132019435,62.69932298186767,1021.080119723091,0.0,0.0,26.2105605648144,31.223854712541696,684.8184192224568,33.477072955246658,22.960955387686327,319.8018639109628,381.18012605202275,8982.216332989257,0.0,0.0,63.754175170675157,77.35062927208435,1015.8153461264204,0.0,16.479796743618438,37.92577392142692,22.0,30.0,0.0,16.78642841535467,37.217208578781349,12.0,30.0,0.0,16.577098335219767,37.732581297124017,22.0,30.0,0.0,16.58799634584846,37.68917873292292,12.0,30.0,0.0,14.58339170459398,42.413697041474737,12.0,30.0,0.0,17.268311748958156,35.774373348570509,12.0,30.0,0.0,15.40857001829399,40.45131965677152,10.0,30.0,0.0,12.678168564947417,48.07684349308283,12.0,30.0,0.0,16.02926284869796,38.67757774186713,20.0,30.0,0.0,15.665392975873239,0.0,0.0,0.0,10.793896708930842,0.0,0.0,481.5042042679026,480.13660333469229,482.1826910623426,476.9360165691994,560.552039203325,817.6257221010566,534.5115990512529,621.7053092460735,740.088081352616,0.0,82.00906666208246,82.00906666208246,60.0,0.0,60.0,60.0,12.0,12.0,12.0,19.0,12.0,12.0,21.0,10.0,0.0,0.0,0.0,0.0,0.0,0.0,0.0,0.0,0.0,0.0,0.0,0.0,0.0,82.00906666208246,82.00906666208246,0.0,0.0,0.0,82.00906666208246,0.0,0.0,0.0008166666666666667 
 02/17  02:40:00,3.036666666666666,95.66666666666667,3.7666666666666668,0.0,0.0,0.0,0.0,0.0,2.0,2.0,0.0,0.0,0.0,0.0,0.0,190.0,0.0,0.0,0.0,0.0,0.0,0.0,0.0,0.0,0.0,0.0,0.0,16.911131090589689,-195.1160180133702,17.011995407226985,-207.57802465981264,16.76208336563449,-122.5010919630563,16.840697560878036,-158.05954213067913,14.570774707565978,-4.526263279269031,17.035760124131906,-39.350779655138499,15.40044934142136,-28.153226329495739,13.109265173179534,-199.86362227404505,15.911915077735032,-88.81016214336722,497.4134988592177,647.7509038614608,0.0,0.0,0.0,0.0,0.0,0.0,0.0,0.0,0.0,0.0,0.0,0.0,0.0,0.0,0.0,0.0,0.0,0.0,0.0,0.0,0.0,0.0,1.3546533148302356,0.4135083378602673,283.2307728374031,336.8092936006308,7695.526447551312,0.24055296789179335,0.0367144334389184,150.8625719096284,179.49128317460802,4096.537637410833,1.664124765573545,0.31446046212652037,236.0404305772359,280.5863156706017,6396.314149272655,0.25265680338941229,0.04774316012649513,129.4052725728007,153.75829486176506,3518.9767846117094,0.0,0.0,8.040950312219243,9.627035223874561,187.08680192773375,0.0,0.0,12.784131556687168,15.167192496468353,362.8457308882072,0.0,0.0,78.90650980410828,94.21353849778163,1954.8944720063187,0.0,0.0,52.41073819780273,63.18027862824787,1021.576879268913,0.0,0.0,25.97291566599342,30.945379332482294,676.4665988991169,33.502782113251388,22.978588555042113,362.24882677706798,431.90941811684777,10064.014477077122,0.0,0.0,64.14023924556359,77.83184522335225,1013.66637536989,0.0,16.52364107491608,37.93947552851721,22.0,30.0,0.0,16.59399982317028,37.80976209263747,12.0,30.0,0.0,16.42387715025241,38.16217917596573,22.0,30.0,0.0,16.61012130672707,37.67367703393856,12.0,30.0,0.0,14.54701496500811,42.59055710573806,12.0,30.0,0.0,17.21242493378579,35.97561914705966,12.0,30.0,0.0,15.326067458950338,40.77906086035471,10.0,30.0,0.0,12.61077061395089,48.390702222582948,12.0,30.0,0.0,15.988303668557025,38.85833886116326,20.0,30.0,0.0,15.692884456096408,0.0,0.0,0.0,10.730820027583203,0.0,0.0,477.8385798241279,475.69744585318019,482.91097215421748,479.11012388838528,558.4884018382693,812.539347274989,530.9388849221962,620.0523623762078,735.210629474054,0.0,82.00906666208246,82.00906666208246,60.0,0.0,60.0,60.0,12.0,12.0,12.0,19.0,12.0,12.0,21.0,10.0,0.0,0.0,0.0,0.0,0.0,0.0,0.0,0.0,0.0,0.0,0.0,0.0,0.0,82.00906666208246,82.00906666208246,0.0,0.0,0.0,82.00906666208246,0.0,0.0,0.0007999999999999999 
 02/17  02:50:00,3.0383333333333337,95.83333333333333,3.7983333333333335,0.0,0.0,0.0,0.0,0.0,2.0,2.0,0.0,0.0,0.0,0.0,0.0,190.0,0.0,0.0,0.0,0.0,0.0,0.0,0.0,0.0,0.0,0.0,0.0,16.77180777938775,-73.64003064024019,17.006124725996423,-250.98340807539376,16.74036451426263,-242.93073074714767,16.72855714704084,-119.07170298146844,14.534987252475343,-4.97752682666912,16.976981194446219,-38.40821152889532,15.356330141259252,-50.64639280877827,13.04420452198946,-199.5410796631479,15.871341422174286,-89.07552075492282,466.12100159511285,649.5807061771204,0.0,0.0,0.0,0.0,0.0,0.0,0.0,0.0,0.0,0.0,0.0,0.0,0.0,0.0,0.0,0.0,0.0,0.0,0.0,0.0,0.0,0.0,1.3630334164855207,0.41606636644857167,248.91473888480659,295.8656690477432,6718.343996528096,0.24022539753255019,0.03666443796284344,130.36937212393657,154.7961790303529,3542.7139902375467,1.4474089224232488,0.27350886667105997,212.4371448084816,252.63933398507306,5743.732533581426,0.2532435397383395,0.0478540324524451,118.05038356285275,140.41852343492946,3181.950477663183,0.0,0.0,7.783032305994071,9.32118233535779,180.51861958367474,0.0,0.0,12.94433345063014,15.359191950128278,365.82822542273098,0.0,0.0,75.95447924005306,90.71556917278849,1875.6851005232393,0.0,0.0,52.26507215834544,63.01665308981124,1011.7380412355981,0.0,0.0,27.13148019333631,32.3272018786189,704.255690847782,33.54271905008512,23.00598014409131,315.9676001004992,376.73217158203297,8801.210160624407,0.0,0.0,63.91282031486186,77.57096689702506,1001.2340452178453,0.0,16.349595127058966,38.415665544120717,22.0,30.0,0.0,16.650388998868569,37.708268540479128,12.0,30.0,0.0,16.44598393508368,38.2184955383549,22.0,30.0,0.0,16.45754500317969,38.17790795942908,12.0,30.0,0.0,14.510919349081118,42.78694764434757,12.0,30.0,0.0,17.151352316221535,36.19361261068986,12.0,30.0,0.0,15.285616130631299,40.95319451296919,10.0,30.0,0.0,12.544599409223075,48.7084539698356,12.0,30.0,0.0,15.944865239770217,39.05830898047468,20.0,30.0,0.0,15.543574426092065,0.0,0.0,0.0,10.663330265194116,0.0,0.0,478.2782236034135,477.92959348078127,479.59482271405047,473.23724905870565,556.0408095824803,809.7024083168294,531.8038756286375,618.6690066394808,729.9065222677258,0.0,82.00906666208246,82.00906666208246,60.0,0.0,60.0,60.0,12.0,12.0,12.0,19.0,12.0,12.0,21.0,10.0,0.0,0.0,0.0,0.0,0.0,0.0,0.0,0.0,0.0,0.0,0.0,0.0,0.0,82.00906666208246,82.00906666208246,0.0,0.0,0.0,82.00906666208246,0.0,0.0,0.0007966666666666668 
 02/17  03:00:00,3.04,96.0,3.83,0.0,0.0,0.0,0.0,0.0,2.0,2.0,0.0,0.0,0.0,0.0,0.0,95.0,0.0,0.0,0.0,0.0,0.0,0.0,0.0,0.0,0.0,0.0,0.0,16.6904527406437,-188.7307397129598,16.994818003037943,-24.77835455509046,16.713835064539233,-43.70205358227395,16.661557691233918,-181.4257799646639,14.49548375296435,-4.010274886018067,16.913883803804717,-40.147832466392,15.310130487164667,-20.696767534748689,12.978670004767644,-193.53071409389168,15.827607539429203,-89.5823197671267,429.5267805785779,656.5218761028771,0.0,0.0,0.0,0.0,0.0,0.0,0.0,0.0,0.0,0.0,0.0,0.0,0.0,0.0,0.0,0.0,0.0,0.0,0.0,0.0,0.0,0.0,1.3455234184505205,0.4107214342034556,149.4761973413065,177.58520616442193,3994.695944024761,0.2428402572295826,0.03706353132319637,10.662923626450163,12.647358731207927,298.72157368568568,1.6344392081760129,0.3088509463673495,227.69089270402496,270.28786686134819,6180.954062843657,0.25179681224104447,0.047580652350915419,122.28673668651743,145.21226881309225,3278.3059144850719,0.0,0.0,8.174193956252392,9.771869744594364,188.9180469665352,0.0,0.0,12.883883865396442,15.26322481001426,362.43573829806845,0.0,0.0,80.09153228503382,95.48548641476548,1971.2214122330859,0.0,0.0,52.60378379773056,63.32368928281013,1011.3355790978783,0.0,0.0,26.38036220458282,31.3806144659809,682.3120410881221,33.55912613152613,23.017233286369096,228.4543166895231,272.2226975554645,6499.612241441876,0.0,0.0,64.29623046755835,77.90877294722704,999.6266700204831,0.0,16.23838254928397,38.78712388319639,22.0,30.0,0.0,16.711769188663557,37.65183349682332,12.0,30.0,0.0,16.48231364876895,38.04267053300058,22.0,30.0,0.0,16.377914425084336,38.46119660057873,12.0,30.0,0.0,14.467767438493441,43.008928470999389,12.0,30.0,0.0,17.080925779075828,36.445228744798708,12.0,30.0,0.0,15.244001296495494,41.05964886918002,10.0,30.0,0.0,12.476754988837488,48.974104886222409,12.0,30.0,0.0,15.895088686289889,39.26392251933294,20.0,30.0,0.0,15.373886107386865,0.0,0.0,0.0,10.603731538578416,0.0,0.0,474.2107183437544,474.13484139546338,485.15468653485797,468.2376628149133,554.3315011883825,806.5867852751366,530.8494429148154,618.7634619302247,728.585452622521,0.0,82.00906666208246,82.00906666208246,60.0,0.0,60.0,60.0,12.0,12.0,12.0,19.0,12.0,12.0,21.0,10.0,0.0,0.0,0.0,0.0,0.0,0.0,0.0,0.0,0.0,0.0,0.0,0.0,0.0,82.00906666208246,82.00906666208246,0.0,0.0,0.0,82.00906666208246,0.0,0.0,0.0007933333333333334 
 02/17  03:10:00,3.1300000000000005,96.0,3.868333333333333,0.0,0.0,0.0,0.0,0.0,2.0,2.0,0.0,0.0,0.0,0.0,0.0,190.0,0.0,0.0,0.0,0.0,0.0,0.0,0.0,0.0,0.0,0.0,0.0,16.718171473103575,-84.22229594468081,16.892611863572478,-242.90622879867659,16.61943911295944,-179.3091623613277,16.650087037361563,-88.00998921968676,14.463376984969014,-4.716781731731359,16.86724484504584,-37.32312023537858,15.255445331633699,-40.25001907970159,12.924211563103004,-198.42622251422416,15.793907061266666,-90.22439644250665,446.7339257454555,659.6172615700093,0.0,0.0,0.0,0.0,0.0,0.0,0.0,0.0,0.0,0.0,0.0,0.0,0.0,0.0,0.0,0.0,0.0,0.0,0.0,0.0,0.0,0.0,1.3343968355627905,0.40732504138058325,212.04931827361907,252.3682056509267,5686.1226712566499,0.23179248798651287,0.03537736385630538,107.83251131586273,128.42983678722738,2895.0921529497147,1.414327782975301,0.26725770653350369,176.79577777383524,210.28533450921979,4725.590186147631,0.25419693702702697,0.04803419067026207,92.4110170505441,109.8912187750256,2469.305355838544,0.0,0.0,7.829741390249529,9.376653587314916,179.04743290069946,0.0,0.0,12.936984093677568,15.355354884170606,360.4903386111565,0.0,0.0,77.40097173960756,92.45286354795835,1880.8722537423808,0.0,0.0,52.66437579353196,63.51782440112279,997.5020753645626,0.0,0.0,26.830700889944525,31.97661309283611,687.3175419589039,33.56235069404876,23.01944492047241,257.7867814752243,307.79566222201125,7197.477221401615,0.0,0.0,64.25591404469145,78.01316970181859,978.91601462835,0.0,16.3877086518412,38.43854935472115,22.0,30.0,0.0,16.543038954631208,38.14175974814029,12.0,30.0,0.0,16.347176346470179,38.52218276070707,22.0,30.0,0.0,16.425141640493629,38.3097451237728,12.0,30.0,0.0,14.439440116905459,43.13051145396025,12.0,30.0,0.0,17.04021670464261,36.584109448111998,12.0,30.0,0.0,15.179872232353599,41.33894564507218,10.0,30.0,0.0,12.427907201839738,49.209025999482367,12.0,30.0,0.0,15.864228324588222,39.37822564069141,20.0,30.0,0.0,15.395315933930594,0.0,0.0,0.0,10.541598717387858,0.0,0.0,476.84387637129546,470.9311856818915,481.03112874441646,475.11188157150886,553.4012421903142,803.8946765813082,529.377464192023,616.9282110786455,726.6248641391965,0.0,82.00906666208246,82.00906666208246,60.0,0.0,60.0,60.0,12.0,12.0,12.0,19.0,12.0,12.0,21.0,10.0,0.0,0.0,0.0,0.0,0.0,0.0,0.0,0.0,0.0,0.0,0.0,0.0,0.0,82.00906666208246,82.00906666208246,0.0,0.0,0.0,82.00906666208246,0.0,0.0,0.00079 
 02/17  03:20:00,3.22,96.0,3.9066666666666669,0.0,0.0,0.0,0.0,0.0,2.0,2.0,0.0,0.0,0.0,0.0,0.0,95.0,0.0,0.0,0.0,0.0,0.0,0.0,0.0,0.0,0.0,0.0,0.0,16.740134004125559,-16.515602838264387,16.750130804302687,-354.9279589532016,16.602867113798746,-113.53217804084784,16.66287287482686,-7.255192226048393,14.423508188134346,-4.571064739478118,16.809642576719527,-35.821886298870428,15.195545453282382,-43.66787237962399,12.857823033231523,-194.90185456150699,15.751569756662543,-89.3912628697949,374.24087642896668,664.510185690003,0.0,0.0,0.0,0.0,0.0,0.0,0.0,0.0,0.0,0.0,0.0,0.0,0.0,0.0,0.0,0.0,0.0,0.0,0.0,0.0,0.0,0.0,1.3290245858151205,0.405685160505226,211.78234587962329,251.36053505394256,5673.724326864132,0.23045415813432838,0.03517310105835293,167.95224318342268,199.45271529233566,4422.14204259293,1.2960153884230284,0.24490086704894724,37.837652313753668,44.92680544644704,1033.1702650995542,0.25265739686125007,0.047743272271589188,4.1743131150386258,4.954388600664995,117.86245562703678,0.0,0.0,7.716170036682868,9.225787647132874,174.44050221424315,0.0,0.0,12.94131396704803,15.335351504242749,356.78216746157838,0.0,0.0,76.3555404132889,91.06523566859983,1831.252104913318,0.0,0.0,52.76649131388358,63.54076290832879,982.4673709810936,0.0,0.0,27.22628086154909,32.392814938757059,690.161994209009,33.522195947961268,22.99190394236027,160.10462649656729,190.92329606518656,4639.9390941870919,0.0,0.0,64.28911743102607,77.926095586119,960.4703972694807,0.0,16.499594494724634,38.20454840064574,22.0,30.0,0.0,16.32729356346416,38.768236170687227,12.0,30.0,0.0,16.383439807200486,38.49032765237996,22.0,30.0,0.0,16.49981743456438,38.227698738069957,12.0,30.0,0.0,14.395853881637,43.33219157232234,12.0,30.0,0.0,16.976079784589929,36.80856725224167,12.0,30.0,0.0,15.106726649298365,41.61777587514241,10.0,30.0,0.0,12.355157573949383,49.511662477547847,12.0,30.0,0.0,15.815952322204242,39.56978778648265,20.0,30.0,0.0,15.125441696731392,0.0,0.0,0.0,10.484323848355074,0.0,0.0,476.9957934455553,469.4963279463139,493.10655250770147,469.64204740463807,551.5197896313724,800.7639626482389,528.1681698157838,615.1298058395336,723.3902365276605,0.0,82.00906666208246,82.00906666208246,60.0,0.0,60.0,60.0,12.0,12.0,12.0,19.0,12.0,12.0,21.0,10.0,0.0,0.0,0.0,0.0,0.0,0.0,0.0,0.0,0.0,0.0,0.0,0.0,0.0,82.00906666208246,82.00906666208246,0.0,0.0,0.0,82.00906666208246,0.0,0.0,0.0007833333333333333 
 02/17  03:30:00,3.31,96.0,3.945,0.0,0.0,0.0,0.0,0.0,2.0,2.0,0.0,0.0,0.0,0.0,0.0,190.0,0.0,0.0,0.0,0.0,0.0,0.0,0.0,0.0,0.0,0.0,0.0,16.574265260516449,-153.4117272874928,16.73646040887887,-156.02947826014316,16.54263324176341,-187.04478373359235,16.594624170921276,-122.92553131405509,14.3914551973711,-4.814735103327379,16.763082271985863,-39.03526691969927,15.160734292714605,-39.10318242286462,12.803935554803239,-198.90582101121573,15.717542286931274,-92.13282299459894,450.9167080353336,664.3665589944031,0.0,0.0,0.0,0.0,0.0,0.0,0.0,0.0,0.0,0.0,0.0,0.0,0.0,0.0,0.0,0.0,0.0,0.0,0.0,0.0,0.0,0.0,1.3475443285173575,0.411338317618241,234.1626662646916,278.55818859210958,6106.881400972309,0.2507174667311889,0.03826579162563933,130.5915336238776,155.26935584484097,3430.1898841928207,1.2715289906040426,0.24027380774830749,150.78965017001858,179.36886644363518,3966.6850568037409,0.24519978738429039,0.04633404901441616,72.44323473127811,86.22665655807755,1904.5053410763053,0.0,0.0,7.973367926055065,9.551859988749193,178.32582635688886,0.0,0.0,12.755722363395698,15.143904951141368,348.21078185510876,0.0,0.0,77.68423556285737,92.82828073310972,1845.365832394102,0.0,0.0,52.90077845255903,63.82537575375615,969.8963276753007,0.0,0.0,27.489908172565174,32.76565482087716,689.9677293685064,33.56537961123471,23.021522367102006,251.77733481843434,300.48615397556156,6904.8840147941559,0.0,0.0,64.36523772561722,78.1712381243656,942.2413326522928,0.0,16.211342019796719,39.01617953936944,22.0,30.0,0.0,16.395833333448903,38.583725987424738,12.0,30.0,0.0,16.325759930255189,38.739996742188498,22.0,30.0,0.0,16.391521606486486,38.603207547787047,12.0,30.0,0.0,14.368028173272368,43.464710181160238,12.0,30.0,0.0,16.932923872873105,36.950227702754578,12.0,30.0,0.0,15.084447687314145,41.746623938278137,10.0,30.0,0.0,12.30619956858543,49.7404716880819,12.0,30.0,0.0,15.783982022688234,39.700521769104607,20.0,30.0,0.0,15.345259088284376,0.0,0.0,0.0,10.428074250202851,0.0,0.0,475.6342534506256,475.1433663188896,480.56911440912969,469.53022157311445,550.2060373578765,801.6365149066837,526.8555033674243,614.3164245683494,720.8720316945464,0.0,82.00906666208246,82.00906666208246,60.0,0.0,60.0,60.0,12.0,12.0,12.0,19.0,12.0,12.0,21.0,10.0,0.0,0.0,0.0,0.0,0.0,0.0,0.0,0.0,0.0,0.0,0.0,0.0,0.0,82.00906666208246,82.00906666208246,0.0,0.0,0.0,82.00906666208246,0.0,0.0,0.0007766666666666666 
 02/17  03:40:00,3.4000000000000005,96.0,3.983333333333333,0.0,0.0,0.0,0.0,0.0,2.0,2.0,0.0,0.0,0.0,0.0,0.0,95.0,0.0,0.0,0.0,0.0,0.0,0.0,0.0,0.0,0.0,0.0,0.0,16.569906367422325,-84.31744734572476,16.69701996754356,-137.55704806722975,16.51275415734755,-44.32530141766256,16.471483461746535,-217.814961087166,14.351485302416691,-4.5328972367759949,16.70555688808155,-39.621048614965847,15.10941952008439,-28.824325155721,12.739241987548379,-195.2447473937525,15.674860852253822,-92.76797331468254,399.1196247205489,666.3568102677052,0.0,0.0,0.0,0.0,0.0,0.0,0.0,0.0,0.0,0.0,0.0,0.0,0.0,0.0,0.0,0.0,0.0,0.0,0.0,0.0,0.0,0.0,1.3183942251238348,0.40244023965929029,103.43239347293089,122.84321716829106,2705.8907429010166,0.24593756451020575,0.03753625831962847,65.82834838780768,78.1533242293242,1719.8491910084302,1.2824238909283577,0.2423325568647691,186.1335408933341,221.0202446989191,4865.092574482757,0.23937636399218305,0.04523362887229459,126.8698728892031,150.71806681506173,3264.0603430238559,0.0,0.0,8.075447172464676,9.65681911729856,178.49732312478725,0.0,0.0,12.83087084246541,15.208708562187204,346.44071795325729,0.0,0.0,78.78172181037411,93.97584274824325,1849.244296407432,0.0,0.0,53.06697803374173,63.92351979160793,956.0705597581979,0.0,0.0,27.822869433192389,33.10871481087277,690.8430640454402,33.497419804277509,22.9749107025223,186.39852899935347,222.22299655536509,5206.261132711066,0.0,0.0,64.46731276462634,78.16378480382149,925.6241741896798,0.0,16.27551420059481,38.97513815906832,22.0,30.0,0.0,16.378485767592815,38.78877018390578,12.0,30.0,0.0,16.34190403181932,38.65875779297288,22.0,30.0,0.0,16.19591741198998,39.26297165995454,12.0,30.0,0.0,14.324518618457706,43.68707342436477,12.0,30.0,0.0,16.867749607687626,37.1869691122758,12.0,30.0,0.0,15.03114134123267,41.878991952128867,10.0,30.0,0.0,12.235568050522496,50.04666173908593,12.0,30.0,0.0,15.734947812507919,39.9141830079054,20.0,30.0,0.0,15.16516512556334,0.0,0.0,0.0,10.377902111283852,0.0,0.0,479.1053462331517,467.89675172204695,480.6709562429147,465.3672456411597,548.7361794765287,801.2235103382923,528.6498789445768,614.2669803613924,716.3415506387862,0.0,82.00906666208246,82.00906666208246,60.0,0.0,60.0,60.0,12.0,12.0,12.0,19.0,12.0,12.0,21.0,10.0,0.0,0.0,0.0,0.0,0.0,0.0,0.0,0.0,0.0,0.0,0.0,0.0,0.0,82.00906666208246,82.00906666208246,0.0,0.0,0.0,82.00906666208246,0.0,0.0,0.0007700000000000001 
 02/17  03:50:00,3.49,96.0,4.0216666666666669,0.0,0.0,0.0,0.0,0.0,2.0,2.0,0.0,0.0,0.0,0.0,0.0,95.0,0.0,0.0,0.0,0.0,0.0,0.0,0.0,0.0,0.0,0.0,0.0,16.572207958081436,-34.04275806108399,16.62434550647557,-223.81354602915509,16.34569129779485,-263.52390978810129,16.506069598403,-0.3713545084224279,14.315574793387194,-4.515739510664076,16.655546227310177,-37.89814014834752,15.06918866013946,-30.794053432514376,12.682429376331048,-195.12360992656114,15.635979088756084,-94.59357148656682,397.7721782324861,667.870654691199,0.0,0.0,0.0,0.0,0.0,0.0,0.0,0.0,0.0,0.0,0.0,0.0,0.0,0.0,0.0,0.0,0.0,0.0,0.0,0.0,0.0,0.0,1.2911340449840112,0.3941190613504308,131.1175742909986,155.6804654601373,3414.241758534579,0.2377615496683523,0.03628839280652508,99.09638140195247,117.68090334311451,2549.837217815244,1.2579999261590629,0.23771729519256677,130.54032841498137,155.14387397549036,3325.9988815121166,0.25561688401366697,0.048302510206664189,107.39753924846502,127.52114280211808,2775.4445773619006,0.0,0.0,7.99410107947201,9.560312576234868,174.69117234912228,0.0,0.0,12.791755339831023,15.16431254581556,341.8360199839332,0.0,0.0,79.57195202263918,94.9246461728785,1847.708210587073,0.0,0.0,53.23402354115734,64.13417310068346,943.4232408443082,0.0,0.0,26.622746108511607,31.68386341198344,654.086740330696,33.501549590645,22.977743203460226,179.81088648662257,214.3833083241542,4997.318951646865,0.0,0.0,64.59090180961977,78.322834299646,909.7443862421181,0.0,16.34613455742689,38.80042079719715,22.0,30.0,0.0,16.285358831615715,39.14975243270655,12.0,30.0,0.0,16.059260753606649,39.689552964001787,22.0,30.0,0.0,16.343958675858557,38.66666194754343,12.0,30.0,0.0,14.289161340545828,43.83004185475086,12.0,30.0,0.0,16.81728789512492,37.351188166797978,12.0,30.0,0.0,14.994741053493,42.12701216091485,10.0,30.0,0.0,12.179557045157634,50.32685287717986,12.0,30.0,0.0,15.693572854706224,40.0445727614665,20.0,30.0,0.0,15.130582876792584,0.0,0.0,0.0,10.33357047777417,0.0,0.0,476.58991968538217,471.33528449804336,479.4332888394202,479.9049987336975,548.2261041284395,800.9778467788303,528.3872729608764,613.3731287046315,721.5584489898224,0.0,82.00906666208246,82.00906666208246,60.0,0.0,60.0,60.0,12.0,12.0,12.0,19.0,12.0,12.0,21.0,10.0,0.0,0.0,0.0,0.0,0.0,0.0,0.0,0.0,0.0,0.0,0.0,0.0,0.0,82.00906666208246,82.00906666208246,0.0,0.0,0.0,82.00906666208246,0.0,0.0,0.0007666666666666667 
 02/17  04:00:00,3.58,96.0,4.06,0.0,0.0,0.0,0.0,0.0,2.0,2.0,0.0,0.0,0.0,0.0,0.0,190.0,0.0,0.0,0.0,0.0,0.0,0.0,0.0,0.0,0.0,0.0,0.0,16.42698216307766,-129.70693846846099,16.59135831760333,-186.86915639287038,16.355302346423863,-63.682488655786418,16.417856850856255,-151.93407465588735,14.283253913003748,-5.006088836521641,16.611980992198626,-37.356669480398299,15.02771885060027,-41.523199582641158,12.630439681303134,-198.25585804348339,15.60203630166639,-95.22216743134175,404.71614776389608,670.9147628331834,0.0,0.0,0.0,0.0,0.0,0.0,0.0,0.0,0.0,0.0,0.0,0.0,0.0,0.0,0.0,0.0,0.0,0.0,0.0,0.0,0.0,0.0,1.2745630394691244,0.38906075685870708,204.25361678411788,243.07958985748315,5171.560004038135,0.22898256095770729,0.03494849831466838,97.82695915880338,116.24821135804507,2491.085077693757,1.2609062247279944,0.23826648237490456,163.27517323174306,194.5524173937273,4157.086790764421,0.239350999166496,0.045228835821333319,74.56917053930701,88.90464270394281,1887.4751782255767,0.0,0.0,7.880778688047562,9.442998067220337,170.30299969352195,0.0,0.0,12.706770432906792,15.091854085431976,336.23581259281766,0.0,0.0,78.62486012260766,93.97970625509228,1805.0715383452333,0.0,0.0,53.667718224827968,64.78176993740604,936.0186991882629,0.0,0.0,27.26136757898154,32.50308000213271,662.9935792169036,33.439584829696759,22.935243367418914,225.9957387598819,269.9999191278947,6040.127906813227,0.0,0.0,64.9717566013419,78.93408496156678,898.1069875557704,0.0,16.10869772414233,39.586780890500069,22.0,30.0,0.0,16.28613864668083,39.221509497802959,12.0,30.0,0.0,16.163139076582639,39.296994505411479,22.0,30.0,0.0,16.192187043742398,39.45880095855012,12.0,30.0,0.0,14.261038458747536,43.96854758829327,12.0,30.0,0.0,16.778746223318274,37.497939101359978,12.0,30.0,0.0,14.9552374596671,42.34388492839076,10.0,30.0,0.0,12.132506641572118,50.532543017840939,12.0,30.0,0.0,15.662250906496415,40.18576278520713,20.0,30.0,0.0,15.134723264408713,0.0,0.0,0.0,10.29695648045562,0.0,0.0,473.1097653244633,471.924875260716,484.41048864254585,464.88327226473299,547.5709305137971,801.6636039761932,525.151322156169,610.4821813402834,720.7660445772424,0.0,82.00906666208246,82.00906666208246,60.0,0.0,60.0,60.0,12.0,12.0,12.0,19.0,12.0,12.0,21.0,10.0,0.0,0.0,0.0,0.0,0.0,0.0,0.0,0.0,0.0,0.0,0.0,0.0,0.0,82.00906666208246,82.00906666208246,0.0,0.0,0.0,82.00906666208246,0.0,0.0,0.0007633333333333333 
 02/17  04:10:00,3.645,96.0,4.085,0.0,0.0,0.0,0.0,0.0,2.0,2.0,0.0,0.0,0.0,0.0,0.0,95.0,0.0,0.0,0.0,0.0,0.0,0.0,0.0,0.0,0.0,0.0,0.0,16.437566371778105,-51.40528553779495,16.513812686689378,-175.3952339527168,16.341858217008978,-58.338665169864729,16.333570112559749,-175.67962084899455,14.24291921461992,-4.727419910481046,16.55655581738279,-38.7161707623535,14.971028934336572,-31.909888891775155,12.569677038404255,-193.31370423246109,15.55892350772333,-95.86180761363778,331.8552581874401,668.6481017299664,0.0,0.0,0.0,0.0,0.0,0.0,0.0,0.0,0.0,0.0,0.0,0.0,0.0,0.0,0.0,0.0,0.0,0.0,0.0,0.0,0.0,0.0,1.274365108192143,0.38900033827598998,88.7580088485795,105.42420796777806,2268.472303497017,0.23679000541539647,0.0361401107166356,73.9896845076448,87.8815087368839,1869.489673817775,1.237074065587628,0.2337630509424846,128.03106103061905,152.07926491417264,3254.9959757165477,0.23784898245097156,0.044945008021725529,82.69802559807323,98.26325961688905,2070.704879263603,0.0,0.0,8.007502121960377,9.577774941540048,171.34267385388547,0.0,0.0,12.753597545190122,15.122722713816124,334.3999223466488,0.0,0.0,79.09244660072052,94.3778773159176,1795.8097377263826,0.0,0.0,53.5475203652846,64.53111234959565,920.2901319165176,0.0,0.0,27.726880198119774,33.003685220791677,668.2374621321072,33.40297850389501,22.910136148076146,128.1852963731979,152.95718452401497,3650.1335674723775,0.0,0.0,64.78740354376517,78.5741025077761,881.8950307621681,0.0,16.201676492604709,39.48459643438027,22.0,30.0,0.0,16.196457089012687,39.67413846444618,12.0,30.0,0.0,16.193383517172948,39.389322148638019,22.0,30.0,0.0,16.08250841019727,39.9807535375033,12.0,30.0,0.0,14.21702772067309,44.21854187096218,12.0,30.0,0.0,16.717318750785326,37.75903293356271,12.0,30.0,0.0,14.890589428915107,42.544382015895397,10.0,30.0,0.0,12.068491917500449,50.836506835227627,12.0,30.0,0.0,15.613145336647465,40.43048417932142,20.0,30.0,0.0,14.859523858450955,0.0,0.0,0.0,10.256409820826653,0.0,0.0,479.842287557156,464.1947844915247,477.24833525187605,461.9619198597097,545.9614380325658,800.8844461213886,525.8570835108094,611.2636144316283,715.8063490554562,0.0,82.00906666208246,82.00906666208246,60.0,0.0,60.0,60.0,12.0,12.0,12.0,19.0,12.0,12.0,21.0,10.0,0.0,0.0,0.0,0.0,0.0,0.0,0.0,0.0,0.0,0.0,0.0,0.0,0.0,82.00906666208246,82.00906666208246,0.0,0.0,0.0,82.00906666208246,0.0,0.0,0.0007599999999999999 
 02/17  04:20:00,3.7100000000000006,96.0,4.109999999999999,0.0,0.0,0.0,0.0,0.0,2.0,2.0,0.0,0.0,0.0,0.0,0.0,95.0,0.0,0.0,0.0,0.0,0.0,0.0,0.0,0.0,0.0,0.0,0.0,16.322839407393759,-120.9704744828116,16.546986239070507,-23.250262021790065,16.19608784800908,-235.02703464107936,16.36389978770797,-3.237990319102664,14.206743860433895,-4.5545779711246159,16.50649836835401,-38.612752146352537,14.938336040995094,-25.795379428165235,12.516106520529985,-192.52550590407828,15.519445173526489,-97.83758548130629,265.0911557179588,668.1195915583364,0.0,0.0,0.0,0.0,0.0,0.0,0.0,0.0,0.0,0.0,0.0,0.0,0.0,0.0,0.0,0.0,0.0,0.0,0.0,0.0,0.0,0.0,1.2492860629388148,0.3813449520570253,52.10992489491488,61.92767483173175,1320.0049273760138,0.23462496343611884,0.035809670854108497,7.613422478188392,9.038582087824214,198.54076094684198,1.224616913976719,0.2314090918323355,89.55839013443813,106.45874565290069,2232.29709937483,0.24670811912270255,0.04661907012900651,91.06051836273254,108.15355436842286,2290.2588092016856,0.0,0.0,8.098567923662652,9.687456280956774,171.65988716366852,0.0,0.0,12.67232801343759,15.0282606108957,329.3814355177322,0.0,0.0,81.07600293587754,96.74571570708712,1826.8412605768454,0.0,0.0,53.706608243015029,64.7308571975988,910.4913243731006,0.0,0.0,26.51996492613975,31.570319611023728,633.5297702862495,33.37286876227052,22.889484747785,88.66013623472988,105.8763957559619,2679.2184969390966,0.0,0.0,64.92295498761605,78.74526134991642,870.3400429352244,0.0,16.03146595081193,40.02327422416998,22.0,30.0,0.0,16.323159055339486,39.359877905250517,12.0,30.0,0.0,15.954071738914138,40.29069000423456,22.0,30.0,0.0,16.211134658620435,39.36850020614535,12.0,30.0,0.0,14.18134891780207,44.38485488145499,12.0,30.0,0.0,16.666692338616593,37.94557483150871,12.0,30.0,0.0,14.86939065795972,42.76825416040847,10.0,30.0,0.0,12.0176086106448,51.14045300608879,12.0,30.0,0.0,15.571407386879642,40.57431003607876,20.0,30.0,0.0,14.600278082129416,0.0,0.0,0.0,10.220017729080717,0.0,0.0,486.0378803200793,466.9487118389545,483.8464929804379,476.14299147567285,545.2650936804195,801.2827205287117,527.2183390216834,610.7291298145041,720.8910337701359,0.0,82.00906666208246,82.00906666208246,60.0,0.0,60.0,60.0,12.0,12.0,12.0,19.0,12.0,12.0,21.0,10.0,0.0,0.0,0.0,0.0,0.0,0.0,0.0,0.0,0.0,0.0,0.0,0.0,0.0,82.00906666208246,82.00906666208246,0.0,0.0,0.0,82.00906666208246,0.0,0.0,0.0007566666666666667 
 02/17  04:30:00,3.7750000000000005,96.0,4.135,0.0,0.0,0.0,0.0,0.0,2.0,2.0,0.0,0.0,0.0,0.0,0.0,190.0,0.0,0.0,0.0,0.0,0.0,0.0,0.0,0.0,0.0,0.0,0.0,16.278609276980334,-104.57570250834306,16.41804204109848,-264.361887917779,16.202512790588118,-31.802363490539848,16.241400045063089,-194.587065198019,14.174023755127595,-5.095990677727215,16.463540192327117,-37.341994686909007,14.889555452615575,-37.576700144602458,12.467399082675247,-194.340303806002,15.48543256603902,-98.053653350373,374.32496038517868,668.4342854990537,0.0,0.0,0.0,0.0,0.0,0.0,0.0,0.0,0.0,0.0,0.0,0.0,0.0,0.0,0.0,0.0,0.0,0.0,0.0,0.0,0.0,0.0,1.2458863140785286,0.38030717767964858,175.6208916096583,209.10852059324774,4349.082443452283,0.21963703410000635,0.03352213585164932,108.5698824476271,129.3926416173465,2683.0339018255988,1.2273066610115342,0.2319173584677881,150.77376451992428,179.6408165017137,3741.2745272920085,0.23456443568530306,0.04432434536759315,107.48513712352079,128.06480405299005,2638.6598488330766,0.0,0.0,7.884857478304653,9.448914392798838,165.60003828083726,0.0,0.0,12.718424063271366,15.111812266466508,327.9298457794289,0.0,0.0,79.54616987643692,95.10096117899816,1773.1119492819226,0.0,0.0,53.946529402185017,65.14475382745175,902.6767000287441,0.0,0.0,27.31460904647337,32.579144451401308,647.148696220171,33.329874830284939,22.85999645424208,199.1677934195621,238.11892858505812,5263.505968455618,0.0,0.0,65.09598405046433,79.10431655712158,859.2959294522888,0.0,16.018773677318366,40.207946206121039,22.0,30.0,0.0,16.099802581548908,40.30084120011574,12.0,30.0,0.0,16.04574456038229,39.91237977855498,22.0,30.0,0.0,15.99347171809181,40.42435431570383,12.0,30.0,0.0,14.152580056482782,44.5446040257485,12.0,30.0,0.0,16.6299002879411,38.11466425500042,12.0,30.0,0.0,14.815516160523464,43.044608482491927,10.0,30.0,0.0,11.975699780796822,51.358555539354998,12.5,30.0,0.0,15.540857659182,40.73594318846975,20.0,30.0,0.0,14.922236731394336,0.0,0.0,0.0,10.185985898525058,0.0,0.0,476.1489088843028,456.24400563955279,483.53356193623417,463.66887709955997,545.6709563139116,800.7273572137845,527.2297457500926,609.1145631481696,719.6086433716124,0.0,82.00906666208246,82.00906666208246,60.0,0.0,60.0,60.0,12.0,12.0,12.0,19.0,12.0,12.0,21.0,10.0,0.0,0.0,0.0,0.0,0.0,0.0,0.0,0.0,0.0,0.0,0.0,0.0,0.0,82.00906666208246,82.00906666208246,0.0,0.0,0.0,82.00906666208246,0.0,0.0,0.0007533333333333332 
 02/17  04:40:00,3.84,96.0,4.16,0.0,0.0,0.0,0.0,0.0,2.0,2.0,0.0,0.0,0.0,0.0,0.0,95.0,0.0,0.0,0.0,0.0,0.0,0.0,0.0,0.0,0.0,0.0,0.0,16.26400760774835,-13.068691812597536,16.264541720248194,-359.2146381413977,16.082307866566916,-214.78529325828777,16.277043450694288,-8.155256039946167,14.133242298809638,-5.064312748081875,16.410216224617039,-35.59266641280351,14.814138696461516,-53.516597604359507,12.410414608080693,-189.82096616238324,15.443111028917187,-96.20897069462149,368.6186280042084,668.4555065886079,0.0,0.0,0.0,0.0,0.0,0.0,0.0,0.0,0.0,0.0,0.0,0.0,0.0,0.0,0.0,0.0,0.0,0.0,0.0,0.0,0.0,0.0,1.2235804528902215,0.37349830674304687,226.26556280396776,268.83141139523266,5583.8191961117349,0.21709446081066093,0.03313407521530234,147.45235246891384,175.29518679501587,3567.176824087758,1.1747730857851633,0.22199037902213979,73.12069500058945,86.93326195725291,1793.4354063661249,0.230293796223709,0.04351734622519065,3.7923358110727798,4.50479711711641,99.23715815892018,0.0,0.0,7.576265236701214,9.064043688073836,157.50381306001058,0.0,0.0,12.815880200356029,15.201750894887319,327.42448713786089,0.0,0.0,75.73146342142171,90.40712350710976,1663.171004177079,0.0,0.0,53.706774546351997,64.74737466669285,885.5275267139539,0.0,0.0,28.497210748041888,33.92951938392386,668.9927546088073,33.2859575655109,22.829874873464275,180.2936467466175,215.08407257508075,4746.613401169748,0.0,0.0,64.76251419151399,78.56128202200066,841.8756451270585,0.0,16.06780666635099,40.14655769673944,22.0,30.0,0.0,15.865379535931022,41.26562737255156,12.0,30.0,0.0,15.85646787368281,41.112887601776659,22.0,30.0,0.0,16.13250865293119,39.93096845242406,12.0,30.0,0.0,14.107801723211063,44.80955539027089,12.0,30.0,0.0,16.57171455918871,38.40025156585646,12.0,30.0,0.0,14.710723577359437,43.50133409826494,10.0,30.0,0.0,11.916890125626403,51.69519239856777,13.0,30.0,0.0,15.493546345748824,40.99667024935226,20.0,30.0,0.0,14.8750486527059,0.0,0.0,0.0,10.150509065497399,0.0,0.0,471.0440209930383,449.8472622098467,467.0022650072537,471.54715784674286,544.4716295238318,797.5763965952333,531.1246425650363,610.0756547462811,713.593880669206,0.0,82.00906666208246,82.00906666208246,60.0,0.0,60.0,60.0,12.0,12.0,12.0,19.0,12.0,12.0,21.0,10.0,0.0,0.0,0.0,0.0,0.0,0.0,0.0,0.0,0.0,0.0,0.0,0.0,0.0,82.00906666208246,82.00906666208246,0.0,0.0,0.0,82.00906666208246,0.0,0.0,0.00075 
 02/17  04:50:00,3.9050000000000004,96.0,4.185,0.0,0.0,0.0,0.0,0.0,2.0,2.0,0.0,0.0,0.0,0.0,0.0,190.0,0.0,0.0,0.0,0.0,0.0,0.0,0.0,0.0,0.0,0.0,0.0,16.088982867964718,-148.57597428515829,16.25841544993205,-115.99574131800159,16.064821256292075,-99.40243706428692,16.17418653570616,-162.98988982892653,14.100490165338059,-5.295936619509845,16.365942778229518,-39.680672529424587,14.771818372404132,-48.96190829808825,12.364560277222204,-190.52503479162295,15.408840409885816,-99.33282039373285,405.0965626118241,662.1756652386275,0.0,0.0,0.0,0.0,0.0,0.0,0.0,0.0,0.0,0.0,0.0,0.0,0.0,0.0,0.0,0.0,0.0,0.0,0.0,0.0,0.0,0.0,1.2268724910047416,0.3745032023823997,233.94746564364483,278.66410375607048,5608.768732654795,0.22725581998145828,0.03468495420962428,123.96080649847846,147.5439229122523,3001.6081283394325,1.160742856114555,0.21933916404281093,160.52807969194766,191.28748030298145,3897.570106220363,0.21663674346835339,0.04093664842561476,78.04794872051937,93.09910811280352,1888.546916804498,0.0,0.0,7.778025626831058,9.323780555156315,160.19750772521059,0.0,0.0,12.862754588654449,15.286322496939015,325.8370333345811,0.0,0.0,76.36933347550206,91.35069984586073,1661.668274300201,0.0,0.0,53.54813356781048,64.67965804533144,871.5611448158443,0.0,0.0,29.431386845087617,35.10633974721423,685.0567249565811,33.218101512521,22.783334370727724,260.67628627401748,311.48011842246276,6563.57038798732,0.0,0.0,64.508735121339,78.40469710590348,824.3913017674645,0.0,15.764040707184197,41.13552267987074,22.0,30.0,0.0,15.950398239152606,40.82811373229517,12.0,30.0,0.0,15.896915108738812,40.81108855569789,22.0,30.0,0.0,15.956744497236994,40.770889764759107,12.0,30.0,0.0,14.079128747122648,44.988179516099439,12.0,30.0,0.0,16.530822684640716,38.58768865240624,12.0,30.0,0.0,14.675516205584304,43.72744553389693,10.0,30.0,0.0,11.879125443514948,51.96100431019575,13.0,30.0,0.0,15.461807751311222,41.18423239174162,20.0,30.0,0.0,14.985991650711114,0.0,0.0,0.0,10.109168718324757,0.0,0.0,473.8688000499001,462.1072184842832,472.56979092071779,470.68845530297156,544.8158215587296,797.7136415516757,525.9385862813156,611.7823750276405,709.8262950879483,0.0,82.00906666208246,82.00906666208246,60.0,0.0,60.0,60.0,12.0,12.0,12.0,19.0,12.0,12.0,21.0,10.0,0.0,0.0,0.0,0.0,0.0,0.0,0.0,0.0,0.0,0.0,0.0,0.0,0.0,82.00906666208246,82.00906666208246,0.0,0.0,0.0,82.00906666208246,0.0,0.0,0.0007366666666666668 
 02/17  05:00:00,3.97,96.0,4.21,0.0,0.0,0.0,0.0,0.0,2.0,2.0,0.0,0.0,0.0,0.0,0.0,95.0,0.0,0.0,0.0,0.0,0.0,0.0,0.0,0.0,0.0,0.0,0.0,16.126002145585035,-36.506736827669559,16.19377853183514,-185.39749050323827,16.042719047050054,-46.09392676122525,16.059057859971888,-207.53885583124294,14.059642792392193,-5.0971800935254809,16.31100092611843,-39.91929876371,14.71182016156145,-40.28106083955481,12.310458552756572,-186.73473507953259,15.365704234175988,-99.66961314413186,354.6531760869748,659.4014197589254,0.0,0.0,0.0,0.0,0.0,0.0,0.0,0.0,0.0,0.0,0.0,0.0,0.0,0.0,0.0,0.0,0.0,0.0,0.0,0.0,0.0,0.0,1.206258795943178,0.3682108656725208,99.41364336655728,118.15952207990915,2413.433246793726,0.22223198537305564,0.0339181906857533,90.40800330943002,107.46837874726468,2167.2493667445939,1.1534286235161405,0.21795703392217326,114.59112324715443,136.2031728066231,2776.349840775791,0.21595312808021539,0.040807469402912948,110.73224992405862,131.6677405028794,2634.4114361749354,0.0,0.0,7.796971646195453,9.329405407402748,158.9171143912229,0.0,0.0,13.027122337507702,15.455951108026616,326.84386842423029,0.0,0.0,76.48160322041636,91.32709147512286,1644.0285448311764,0.0,0.0,53.374289552825469,64.36036227805156,856.0801079992846,0.0,0.0,29.911935037313488,35.619552880474987,689.6719585588277,33.1782403569499,22.755994757853164,165.9964589528923,198.05694007176505,4342.608606775539,0.0,0.0,64.25848898905403,77.96292825334548,807.7145253226489,0.0,15.913147245223242,41.05120256120722,22.0,30.0,0.0,15.875435697207117,41.2205334905521,12.0,30.0,0.0,15.913847582955077,40.86650456701024,22.0,30.0,0.0,15.787902532809781,41.45343332209292,12.0,30.0,0.0,14.034323647436324,45.29421608705681,12.0,30.0,0.0,16.46901745145122,38.90747937064253,12.0,30.0,0.0,14.606614732458505,43.930392923558247,10.0,30.0,0.0,11.82430639567572,52.29005138446014,13.0,30.0,0.0,15.412685562230463,41.49855363505182,20.0,30.0,0.0,14.793689043262143,0.0,0.0,0.0,10.06941889445872,0.0,0.0,468.54362002288,467.8718635543445,478.73826386714617,468.2650213723071,545.3036041870704,795.3426559367734,525.5388442620638,613.8742856609529,705.391417076928,0.0,82.00906666208246,82.00906666208246,60.0,0.0,60.0,60.0,12.0,12.0,12.0,19.0,12.0,12.0,21.0,10.0,0.0,0.0,0.0,0.0,0.0,0.0,0.0,0.0,0.0,0.0,0.0,0.0,0.0,82.00906666208246,82.00906666208246,0.0,0.0,0.0,82.00906666208246,0.0,0.0,0.0007233333333333333 
 02/17  05:10:00,4.025,95.83333333333333,4.226666666666667,0.0,0.0,0.0,0.0,0.0,2.0,2.0,0.0,0.0,0.0,0.0,0.0,95.0,0.0,0.0,0.0,0.0,0.0,0.0,0.0,0.0,0.0,0.0,0.0,15.968245917778042,-151.30376504540073,16.236322449678555,-10.900863717954053,15.902808639642914,-221.40570097339697,16.092360381769848,-3.3103431336116957,14.023299608006722,-4.839099322279623,16.26229424723433,-40.49064873871646,14.685302651147044,-28.702347656800158,12.261600932929142,-186.28498544434889,15.326370129608428,-102.01514135388686,305.3746110778525,657.8552131567519,0.0,0.0,0.0,0.0,0.0,0.0,0.0,0.0,0.0,0.0,0.0,0.0,0.0,0.0,0.0,0.0,0.0,0.0,0.0,0.0,0.0,0.0,1.1791854826540172,0.35994672852686729,84.01238164828965,99.94497518825613,1991.2191141066908,0.2234661790018335,0.03410655967671451,35.35069352264706,42.001706955318038,856.7152357182032,1.1425122935162933,0.21589423535833214,98.98159133544643,117.73975449215452,2346.1207731356505,0.2323880630937017,0.043913088264115957,99.9932011580304,118.84758590649936,2396.223718358623,0.0,0.0,8.01523551016988,9.591835360990388,161.91877892734775,0.0,0.0,12.892385336235794,15.298882579963085,320.80210668097478,0.0,0.0,79.52349494699182,94.95867423847237,1699.4801848417067,0.0,0.0,53.51097526393377,64.535380292207,847.445296911191,0.0,0.0,28.43479896011651,33.865914697484758,650.1802196613753,33.12011823145439,22.716130474248563,125.53397577612199,149.87466985530518,3382.5365504899857,0.0,0.0,64.38585673381091,78.12820422460247,797.4592390408074,0.0,15.652446150612402,41.82457689400825,22.0,30.0,0.0,16.020583665173029,40.79385310778117,12.0,30.0,0.0,15.682869737388975,41.784237115171269,22.0,30.0,0.0,15.930119236233545,40.84221738991847,12.0,30.0,0.0,13.998505462288799,45.48903649510545,12.0,30.0,0.0,16.41854567797896,39.10619405591752,12.0,30.0,0.0,14.59906651167785,44.28511456436898,10.0,30.0,0.0,11.778505594239606,52.6244475532277,13.0,30.0,0.0,15.370754682435786,41.66190653796581,20.0,30.0,0.0,14.601783219955289,0.0,0.0,0.0,10.033650738072828,0.0,0.0,472.43425925348859,469.22176879001526,473.5133605680212,478.1031987933651,544.6857789619871,796.2997796152881,521.648798871186,615.2655617288873,710.3294574444977,0.0,82.00906666208246,82.00906666208246,60.0,0.0,60.0,60.0,12.0,12.0,12.0,19.0,12.0,12.0,21.0,10.0,0.0,0.0,0.0,0.0,0.0,0.0,0.0,0.0,0.0,0.0,0.0,0.0,0.0,82.00906666208246,82.00906666208246,0.0,0.0,0.0,82.00906666208246,0.0,0.0,0.0007099999999999999 
 02/17  05:20:00,4.08,95.66666666666666,4.243333333333334,0.0,0.0,0.0,0.0,0.0,2.0,2.0,0.0,0.0,0.0,0.0,0.0,190.0,0.0,0.0,0.0,0.0,0.0,0.0,0.0,0.0,0.0,0.0,0.0,15.971866572499178,-55.32778441399546,16.12710001798114,-235.64692735514064,15.905027516081982,-35.359350591142177,15.992919603430418,-166.7765351069167,13.990460366932048,-5.49184917537039,16.221634508120766,-37.98219330552283,14.629553678125096,-49.49601775789483,12.21684514881099,-187.91935506104017,15.293070467319894,-101.27268861525721,306.12039481660568,658.2555028248064,0.0,0.0,0.0,0.0,0.0,0.0,0.0,0.0,0.0,0.0,0.0,0.0,0.0,0.0,0.0,0.0,0.0,0.0,0.0,0.0,0.0,0.0,1.1720892425718686,0.35778059907566198,152.25335465541029,181.51843624056643,3601.5124560359638,0.20325566022000214,0.03102192616300399,99.4320609978458,118.65417966451762,2343.7068850051316,1.1437835858233637,0.2161344644413008,112.25302091689291,133.86638966982719,2660.1204027907399,0.2157010598891475,0.040759837469604588,76.1200053065805,90.86754678077713,1784.5570052386955,0.0,0.0,7.610499277299329,9.124615791586607,152.42635752849743,0.0,0.0,12.974978937310614,15.427420811517742,320.4824410050488,0.0,0.0,76.11278467528152,91.07217788764135,1607.7652366084249,0.0,0.0,53.66343499364514,64.84761270584203,839.5760355954444,0.0,0.0,29.505695531168024,35.21107348144477,669.5553205934534,32.992042002647838,22.628286695917589,181.19126482460605,216.83827953577035,4623.8044878981049,0.0,0.0,64.45511198663752,78.36493012432081,786.9351010399546,0.0,15.742992922775706,41.62309228645984,22.0,30.0,0.0,15.831412343258766,41.717268653063658,12.0,30.0,0.0,15.762791737700866,41.336764542733778,22.0,30.0,0.0,15.756456299340528,41.904998619150337,12.0,30.0,0.0,13.969608895002566,45.69696138145204,12.0,30.0,0.0,16.383811326853786,39.30430606503549,12.0,30.0,0.0,14.531671839077188,44.55392897635754,10.0,30.0,0.0,11.740322337345902,52.88003212759396,13.0,30.0,0.0,15.34117481337097,41.87635516916791,20.0,30.0,0.0,14.574002273381698,0.0,0.0,0.0,10.003343301560858,0.0,0.0,474.11720609439069,460.0806247259836,484.9490755060259,460.2663124942281,544.1723879795779,794.7099742910727,526.5890647086397,611.6870046546966,707.7945180934952,0.0,82.00906666208246,82.00906666208246,60.0,0.0,60.0,60.0,12.0,12.0,12.0,19.0,12.0,12.0,21.0,10.0,0.0,0.0,0.0,0.0,0.0,0.0,0.0,0.0,0.0,0.0,0.0,0.0,0.0,82.00906666208246,82.00906666208246,0.0,0.0,0.0,82.00906666208246,0.0,0.0,0.0007333333333333333 
 02/17  05:30:00,4.135,95.5,4.26,0.0,0.0,0.0,0.0,0.0,2.0,2.0,0.0,0.0,0.0,0.0,0.0,190.0,0.0,0.0,0.0,0.0,0.0,0.0,0.0,0.0,0.0,0.0,0.0,15.839467488363426,-95.32518763183407,16.090481161922804,-222.5383982837527,15.827203773731565,-138.6073429230978,15.964280160154793,-148.80692576929597,13.95345726935017,-5.850872417935108,16.174195236897775,-39.42369406168487,14.576223773217509,-58.32171173226277,12.166520912017159,-187.63160921557677,15.25375655534654,-103.293004854108,390.71966504228979,651.8166715196373,0.0,0.0,0.0,0.0,0.0,0.0,0.0,0.0,0.0,0.0,0.0,0.0,0.0,0.0,0.0,0.0,0.0,0.0,0.0,0.0,0.0,0.0,1.1620158461292234,0.35470569173663715,233.0746296199436,277.7284198243868,5387.672068261369,0.2082073226535779,0.031777674397676727,166.39855136373743,198.12477768908486,3903.454934190753,1.0977071192946105,0.20742764914864154,136.26166300019373,162.3559553152425,3182.2238083122149,0.2093461490437854,0.03955898508008038,133.66215059720657,159.2073829232764,3123.1281669138527,0.0,0.0,7.552615506216004,9.058184469641493,149.892339574198,0.0,0.0,12.985915278899109,15.44235418937679,318.09629827558549,0.0,0.0,74.9060402128085,89.66084439869195,1565.5950054104299,0.0,0.0,53.440857803997278,64.58933422547617,824.877124168984,0.0,0.0,30.123178698797916,35.94873780875885,677.7882274549997,32.90880543006722,22.571197139963805,278.1042163939355,332.29624515466619,6688.007303843477,0.0,0.0,64.12989250393372,77.97961675294394,770.899201077865,0.0,15.540372972856675,42.44320148183482,22.0,30.0,0.0,15.823999873354396,41.87322888128057,12.0,30.0,0.0,15.656730888553174,42.077646488796577,22.0,30.0,0.0,15.759816966076619,42.054338164158938,12.0,30.0,0.0,13.932450916650165,46.00198911550339,12.0,30.0,0.0,16.334479012704006,39.59569100829353,12.0,30.0,0.0,14.471562888840128,45.02485833154769,10.0,30.0,0.0,11.69073374690695,53.367800712028628,13.0,30.0,0.0,15.29917218734437,42.20402925552344,20.0,30.0,0.0,14.805197936277946,0.0,0.0,0.0,9.96560730604833,0.0,0.0,473.94047218674577,463.05597896818406,479.2628323485054,465.0876382720357,544.2355431896617,795.2077781074979,526.8838752786933,612.2600262288514,706.4440525721211,0.0,82.00906666208246,82.00906666208246,60.0,0.0,60.0,60.0,12.0,12.0,12.0,19.0,12.0,12.0,21.0,10.0,0.0,0.0,0.0,0.0,0.0,0.0,0.0,0.0,0.0,0.0,0.0,0.0,0.0,82.00906666208246,82.00906666208246,0.0,0.0,0.0,82.00906666208246,0.0,0.0,0.0007566666666666667 
 02/17  05:40:00,4.1899999999999999,95.33333333333333,4.276666666666666,0.0,0.0,0.0,0.0,0.0,2.0,2.0,0.0,0.0,0.0,0.0,0.0,285.0,0.0,0.0,0.0,0.0,0.0,0.0,0.0,0.0,0.0,0.0,0.0,15.871144803172138,-57.218241906544687,15.987034971525965,-185.90486376267124,15.805641417493878,-93.29582844803886,15.880186428860496,-110.53057090726309,13.918162515442037,-5.607413323666042,16.130654278482376,-40.479466181185,14.51772697791192,-44.787186582866109,12.121032800925807,-184.96873320745278,15.217695282470685,-104.46017806691586,302.989243639206,649.3235739455058,0.0,0.0,0.0,0.0,0.0,0.0,0.0,0.0,0.0,0.0,0.0,0.0,0.0,0.0,0.0,0.0,0.0,0.0,0.0,0.0,0.0,0.0,1.136742986486413,0.34699114361612146,142.33888227876083,169.83761033680126,3311.8070001601306,0.20640591900258524,0.03150273489050449,97.09419735537968,115.84388582901002,2245.4117514305487,1.0998765934029012,0.207837602683844,82.71716305340778,98.69139197951226,1934.8797687327092,0.2122711354377977,0.040111703597467459,79.04009037053959,94.31635023221236,1825.1990440194759,0.0,0.0,7.658712590349445,9.190671459656839,150.62481896212018,0.0,0.0,13.123746873504463,15.61882698790938,318.95060685211549,0.0,0.0,75.76039134069385,90.7488967267638,1564.830426174514,0.0,0.0,53.33536093232178,64.51093297745422,812.9460645348638,0.0,0.0,30.403153344061079,36.31322023533797,678.6075946191609,32.84701229312854,22.528815015863225,149.44972156561227,178.99821479338903,3817.525449745914,0.0,0.0,63.96749889147087,77.83796114192612,758.0912923563748,0.0,15.663564547449264,42.26237862683135,22.000000000000019,30.00000000000002,0.0,15.688944740391598,42.48581715272694,12.00000000000001,30.00000000000002,0.0,15.673526229346362,42.19100169924485,22.000000000000019,30.00000000000002,0.0,15.654982601684058,42.51726110809412,12.00000000000001,30.00000000000002,0.0,13.898753836941954,46.27088780721616,12.00000000000001,30.00000000000002,0.0,16.292565388538248,39.85731008450393,12.00000000000001,30.00000000000002,0.0,14.405236610219279,45.35645144493972,10.000000000000007,30.00000000000002,0.0,11.650374963505286,53.68883696727124,13.00000000000001,30.00000000000002,0.0,15.263711518315024,42.480962566226839,20.000000000000015,30.00000000000002,0.0,14.52015519219547,0.0,0.0,0.0,9.93761358278881,0.0,0.0,473.64086132198215,460.3784416034693,479.4402778474094,463.0800728630018,544.2363553801218,792.7999765054607,527.4231389636466,613.8758250904293,702.5898583526265,0.0,82.00906666208253,82.00906666208253,60.00000000000004,0.0,60.00000000000004,60.00000000000004,12.0,12.0,12.0,19.0,12.0,12.0,21.0,10.0,0.0,0.0,0.0,0.0,0.0,0.0,0.0,0.0,0.0,0.0,0.0,0.0,0.0,82.00906666208253,82.00906666208253,0.0,0.0,0.0,82.00906666208253,0.0,0.0,0.0007800000000000001 
 02/17  05:50:00,4.245,95.16666666666667,4.293333333333333,0.0,0.0,0.0,0.0,0.0,2.0,2.0,0.0,0.0,0.0,0.0,0.0,285.0,0.0,0.0,0.0,0.0,0.0,0.0,0.0,0.0,0.0,0.0,0.0,15.803953227629169,-82.60876121148695,15.94744237448661,-153.3458563855978,15.732268648884738,-148.10399690787515,15.811030428488398,-147.70814445561116,13.881534244305577,-5.78455842443627,16.084040729559079,-40.844645300941177,14.480580498264385,-42.77808327734529,12.073560752342253,-184.87925590888364,15.178649517978212,-105.87693347653959,311.6198739290113,646.8887922692791,0.0,0.0,0.0,0.0,0.0,0.0,0.0,0.0,0.0,0.0,0.0,0.0,0.0,0.0,0.0,0.0,0.0,0.0,0.0,0.0,0.0,0.0,1.1211873582431645,0.3422427833465096,109.0412472594805,129.9971206187675,2513.0553438541776,0.20711937927034886,0.03161162687276389,64.587925754885,76.96030539961594,1485.2358192757102,1.09172904633469,0.206298005732179,128.73810781743124,153.53678820253044,2956.808488820744,0.21294590436789283,0.04023921095387244,88.7640421000793,105.92322782271987,2024.4576823065073,0.0,0.0,7.756043733147105,9.309045905147445,151.13016919578957,0.0,0.0,12.969454212830561,15.437580010869164,312.5774461937782,0.0,0.0,77.02348834294809,92.27230101509697,1578.0876962046846,0.0,0.0,53.55548374688359,64.7869319827486,805.5042068131138,0.0,0.0,29.8451234991363,35.65138735398385,660.4786350014502,32.796320604280079,22.494047053690065,150.87189794798349,180.57768853581826,3810.3401022313967,0.0,0.0,64.17666446994046,78.09962287194907,749.7785259909431,0.0,15.586452072212527,42.8728555632428,22.000000000000019,30.00000000000002,0.0,15.670401731802679,42.73398461224925,12.00000000000001,30.00000000000002,0.0,15.582013744191557,42.763147752507837,22.000000000000019,30.00000000000002,0.0,15.565724757213602,43.13428380113885,12.00000000000001,30.00000000000002,0.0,13.862272298014256,46.61243539858862,12.00000000000001,30.00000000000002,0.0,16.244399572833396,40.17488635448101,12.00000000000001,30.00000000000002,0.0,14.376421938776883,45.82419755657519,10.000000000000007,30.00000000000002,0.0,11.605040231508719,54.184208354045328,13.00000000000001,30.00000000000002,0.0,15.22238960584442,42.827168415850227,20.000000000000015,30.00000000000002,0.0,14.508822686251913,0.0,0.0,0.0,9.909860406802004,0.0,0.0,471.4009737843121,466.3103449399001,480.40682206770796,460.2003646929279,544.0088059416476,793.0463400516829,525.0941441830584,614.0124926569606,703.5630875733644,0.0,82.00906666208253,82.00906666208253,60.00000000000004,0.0,60.00000000000004,60.00000000000004,12.0,12.0,12.0,19.0,12.0,12.0,21.0,10.0,0.0,0.0,0.0,0.0,0.0,0.0,0.0,0.0,0.0,0.0,0.0,0.0,0.0,82.00906666208253,82.00906666208253,0.0,0.0,0.0,82.00906666208253,0.0,0.0,0.0007833333333333334 
 02/17  06:00:00,4.3,95.0,4.31,0.0,0.0,0.0,0.0,0.0,2.0,2.0,0.0,0.0,0.0,0.0,0.0,95.0,0.0,0.0,0.0,0.0,0.0,0.0,0.0,0.0,0.0,0.0,0.0,15.784136035870194,-29.6879874405181,15.864114635830916,-205.51066562245388,15.696886835882644,-61.34186684965607,15.776949530370072,-111.54287530012789,13.84006654630689,-5.255963184553394,16.032034638839265,-39.52965087316733,14.43335796526891,-41.58733371507924,12.023788964760822,-179.5703595790701,15.135265602732853,-103.80461795459871,273.18012613097337,647.6088867245883,0.0,0.0,0.0,0.0,0.0,0.0,0.0,0.0,0.0,0.0,0.0,0.0,0.0,0.0,0.0,0.0,0.0,0.0,0.0,0.0,0.0,0.0,1.1128816106751128,0.33970745136602956,102.11407283106381,121.48975545460088,2347.5114962933296,0.20267254791063034,0.030932928557788516,94.93146374576594,112.96205959976332,2154.0968347163318,1.083284118360834,0.20470221435389916,95.13234186800648,113.19782165122467,2181.5677552586046,0.210957756380193,0.03986352161379307,52.60748244776724,62.60063211572063,1195.302659578885,0.0,0.0,7.681748747986901,9.198106787233949,148.19352867917446,0.0,0.0,12.984296002188796,15.419524226705887,310.1480777407167,0.0,0.0,76.45253156561029,91.37218946624974,1551.1491479220256,0.0,0.0,53.52645290824433,64.60129811992819,794.0249944098653,0.0,0.0,29.965546337737878,35.71115128857924,657.1925803037257,32.688566105847,22.42014136203499,112.9106823097826,134.9144868196634,2954.337723585502,0.0,0.0,64.10417089732569,77.82043463896582,739.4309498099567,0.0,15.609676344416937,42.9077213806824,22.0,30.0,0.0,15.558636961827937,43.15628532138709,12.0,30.0,0.0,15.574731262279835,42.96210351151896,22.0,30.0,0.0,15.552252998959096,43.18459959133434,12.0,30.0,0.0,13.81606367754766,47.049173359127468,12.0,30.0,0.0,16.185073815201965,40.579610930358679,12.0,30.0,0.0,14.326872064275955,46.12489867492437,10.0,30.0,0.0,11.554595997368545,54.59906980927246,13.0,30.0,0.0,15.17244233421712,43.214354651441997,20.0,30.0,0.0,14.356584811313,0.0,0.0,0.0,9.889898945297448,0.0,0.0,474.6167680795055,475.4401618980369,478.50188111394786,472.92857004099877,543.0425343247766,792.9835189977737,527.1654363917111,612.9132412918124,703.534161281554,0.0,82.00906666208246,82.00906666208246,60.0,0.0,60.0,60.0,12.0,12.0,12.0,19.0,12.0,12.0,21.0,10.0,0.0,0.0,0.0,0.0,0.0,0.0,0.0,0.0,0.0,0.0,0.0,0.0,0.0,82.00906666208246,82.00906666208246,0.0,0.0,0.0,82.00906666208246,0.0,0.0,0.0007866666666666667 
 02/17  06:10:00,4.35,95.0,4.34,0.0,0.0,0.0,0.0,0.0,2.0,2.0,0.0,0.0,0.0,0.0,0.0,960.0,0.0,0.0,0.0,0.0,0.0,0.0,0.0,0.0,0.0,0.0,0.0,17.0505683056649,-798.6394527169049,16.665969041027617,292.8846054414536,17.24060232814041,-2394.0035759388067,16.105648188065719,1010.5695608099013,13.812402513605886,-1.744011596868833,17.060969167143584,-113.42179207284164,14.567015992670268,245.5659307975161,13.107939079422917,-290.8777508894075,16.747999709965684,-267.7510487016715,690.1998068598134,773.1499012590184,0.0,0.0,0.0,0.0,0.0,0.0,0.0,0.0,0.0,0.0,0.0,0.0,0.0,0.0,0.0,0.0,0.0,0.0,0.0,0.0,0.0,0.0,1.123966928724889,0.3430912480845204,296.6083439377214,351.22096048060947,7982.373737259519,0.27161815899693189,0.04145576297266971,236.23399435890929,280.48886442108377,5964.2525777713,1.0102441927262976,0.19090026317579326,477.7593063897124,565.1977480648417,13107.875806703816,0.3211805991319075,0.06069172319197042,355.4501911150132,422.9603788355173,8588.341735574259,0.0,0.0,11.347623350250592,13.629960921733389,217.2325974557096,0.0,0.0,18.05920221836725,21.399405558291418,482.055067810811,0.0,0.0,82.90407542453609,99.31212313410603,1723.6977903622013,0.0,0.0,44.95044200599118,54.144121548916029,804.5184255882332,0.0,0.0,45.1876113462613,53.56590030199995,1194.8931784545862,34.180919215264498,23.443703165476344,584.2770708242231,696.4428504870076,14273.95726245691,0.0,0.0,57.566471548508399,70.10094286877244,671.8932542368762,2086.441663915519,17.534796402353785,38.18100863254513,21.999999999999998,30.0,1084.0687914676747,16.783688558151384,39.96983852602743,16.599999999999999,30.0,4708.463170821695,17.838180224518664,37.495159356002989,21.999999999999998,30.0,0.0,16.2587194276133,41.38285779656015,16.999999999999998,30.0,0.0,13.797279362899007,47.286601239696668,12.0,30.0,1894.4614071032586,17.59520925747476,37.24622083642699,20.0,30.0,0.0,14.637805741944565,45.502645000277549,10.0,30.0,1486.5811182499734,13.254009431153339,49.07032060129502,16.999999999999998,30.0,3156.5198300562717,17.364316560364459,37.81965094616669,20.0,30.0,0.0,15.61805266573583,0.0,0.0,0.0,10.016515575519826,0.0,0.0,474.8962838337101,475.84427847988777,473.0692063686088,473.2000528266258,541.7844477456861,780.2736743117592,514.2884686872819,617.7460714496569,689.527518538198,14368.427582864371,78.50160071632591,87.84137954947527,60.0,0.0,60.0,60.0,16.0,16.0,19.0,19.0,16.0,12.0,21.0,10.0,1.0,0.0,2086.441663915519,1084.0687914676747,4708.463170821695,0.0,1894.4614071032586,0.0,1486.5811182499734,3156.5198300562717,14128.47910434089,8477087.462604534,11011320.633121737,78.50160071632591,87.99999999999999,0.47094930347802968,0.7697452458880086,0.3602813740196596,87.99999999999999,0.3542647819438876,11011320.633121737,0.5733786729223304 
 02/17  06:20:00,4.4,95.0,4.37,0.0,0.0,0.0,0.0,0.0,2.0,2.0,0.0,0.0,0.0,0.0,0.0,576.0,0.0,0.0,0.0,0.0,0.0,0.0,0.0,0.0,0.0,0.0,0.0,17.95656370643242,-1305.5117701731445,17.02899585941534,823.9194174800891,18.276625977316884,-3422.734379468865,17.01963149666106,1048.540651187412,13.78655583422388,11.153192809514131,18.170389592311005,-218.39834742105496,14.916112169991303,159.2118914427245,14.484841559381597,-250.10992196727018,18.037635973558808,-480.0964356103045,1009.6802035346792,1165.4228367277604,0.0,0.0,0.0,0.0,0.0,0.0,0.0,0.0,0.0,0.0,0.0,0.0,0.0,0.0,0.0,0.0,0.0,0.0,0.0,0.0,0.0,0.0,1.2193987452102438,0.37222183919726617,428.980675832321,505.9768511120534,12502.463468296635,0.35216151918724017,0.05374870561465815,372.04772460115358,440.94233272825678,9826.723645343052,1.0060364037889518,0.19010514054968864,583.0626359563041,686.809706745608,17433.512249717038,0.33867611483561868,0.0639977541261562,404.1581990560367,478.80856569810569,10810.334072800555,0.0,0.0,14.421632333532294,17.323013858518946,274.2584918308535,0.0,0.0,23.40794965786231,27.55942711688926,705.5071822374023,0.0,0.0,95.88435647575574,114.5873493020967,2091.548781443779,0.0,0.0,28.739874970288935,34.34726987331199,639.4566478698571,0.0,0.0,65.45065809100147,77.01870173310067,1990.5690805018958,35.55691675652607,24.38746005248703,762.6225259941513,906.5494880696708,19770.015582825145,0.0,0.0,65.86248752745817,79.97089810768539,854.5480930408753,2001.8897269056936,19.013774174821817,34.820295412914308,22.0,30.0,0.0,17.599964495859028,38.02764384255282,16.0,30.0,4520.857785385937,19.445420356543154,33.91867473054615,22.0,30.0,0.0,17.80419523591432,37.57807996217799,16.0,30.0,0.0,13.78258477389347,47.699056219923,12.0,30.0,1671.9830292242605,19.555983799595798,33.11286694883679,20.0,30.0,0.0,15.21582276482366,43.95506384434936,10.0,30.0,1416.5576925246986,15.593856134210176,42.29892495420619,17.0,30.0,1580.3536150523297,19.70800917273978,32.85844319117296,19.666666666666666,30.0,0.0,16.765474219633263,0.0,0.0,0.0,10.69367732548323,0.0,0.0,475.44437098770848,476.1046891858111,472.7776241535599,472.73183558948986,542.5395654094483,735.5753142835037,531.9525228973029,633.2023053032257,645.9942362352958,11899.24537743089,80.13633327519918,87.8686790982973,60.0,0.0,60.0,60.0,16.0,16.0,19.0,19.0,16.0,12.0,21.0,10.0,1.0,0.0,2001.8897269056936,0.0,4520.857785385937,0.0,1671.9830292242605,0.0,1416.5576925246986,1580.3536150523297,11700.531509304,7020318.905582401,9169043.520258662,80.13633327519918,88.0,0.39001771697680007,0.7656337483670811,0.36028137401965956,88.0,0.3542647819438875,9169043.520258662,0.47762692972011708 
 02/17  06:30:00,4.449999999999999,95.0,4.4,0.0,0.0,0.0,0.0,0.0,2.0,2.0,0.0,0.0,0.0,0.0,0.0,288.0,0.0,0.0,0.0,0.0,0.0,0.0,0.0,0.0,0.0,0.0,0.0,18.391861444363607,-1322.1108430682205,17.43708724484764,811.1926415494542,18.793283825680704,-3465.9230730321048,17.605978388214454,842.0414175041572,13.770986086714697,15.5073296734882,17.999056013412777,-205.8366245321916,14.96856619925326,104.58068375483023,15.278939021858424,-118.0504004732713,18.088549499607806,-381.7084547640168,1160.5607644735474,1124.2837992124019,0.0,0.0,0.0,0.0,0.0,0.0,0.0,0.0,0.0,0.0,0.0,0.0,0.0,0.0,0.0,0.0,0.0,0.0,0.0,0.0,0.0,0.0,1.289289642653683,0.39355605697609366,445.328856619912,523.9431487563874,13439.770032521552,0.3719574254028323,0.05677005882216608,389.0611988065283,459.87532180933877,10720.631307110394,1.0362698064442793,0.19581817960020393,576.7900246135587,677.5168634020782,17911.17489400447,0.3274027806965651,0.061867494462691779,380.1712475586815,448.74656428959977,10780.229204049996,0.0,0.0,15.207113867429588,18.256928890223557,287.6311983574814,0.0,0.0,24.353820033878898,28.692250444932193,715.7309053046315,0.0,0.0,109.64245738686812,130.93366229267307,2392.245256829465,0.0,0.0,21.05454454254514,25.003453016329936,527.7275292847918,0.0,0.0,61.65704673375362,72.56004442827717,1852.3469186186013,36.253772552334599,24.865413273206167,754.4364183241219,894.5305853449828,20403.809105019915,0.0,0.0,64.26617619850188,77.95430154393459,845.210514578121,1917.0669099690709,19.628820610897749,33.53960386101352,21.999999999999994,29.99999999999999,0.0,18.270334486590028,36.486461756144297,15.999999999999993,29.99999999999999,4326.8726744699429,20.11424171350619,32.57001216093455,21.999999999999994,29.99999999999999,0.0,18.700672662777739,35.546339790893487,15.999999999999993,29.99999999999999,0.0,13.780442886902997,47.9437660617282,11.999999999999995,29.99999999999999,96.25468332652577,19.239307771916417,33.94976056996108,18.999999999999994,29.99999999999999,0.0,15.272357144371924,43.822490580855809,9.999999999999997,29.99999999999999,933.7628845900752,16.961832020635879,39.00561883891086,16.999999999999994,29.99999999999999,1482.7920457174503,19.611680564558296,33.20651467132346,19.66666666666666,29.99999999999999,0.0,17.380371213210564,0.0,0.0,0.0,10.843607564032283,0.0,0.0,476.80726787389309,477.83139929490297,472.56102723785019,472.6384019708528,554.5999666795132,710.7603371125842,549.7047049673356,603.0080544206351,636.0002221216402,11775.691940251016,80.21808125530677,87.87004426531614,59.99999999999998,0.0,59.99999999999998,59.99999999999998,16.0,16.0,19.0,19.0,16.0,12.0,21.0,10.0,1.0,0.0,1917.0669099690709,0.0,4326.8726744699429,0.0,96.25468332652577,0.0,933.7628845900752,1482.7920457174503,11579.041377875341,6947424.826725208,9073118.49010214,80.21808125530677,87.99999999999997,0.38596804592917807,0.7656929573781146,0.36028137401965945,87.99999999999997,0.35426478194388735,9073118.49010214,0.47268549481864477 
 02/17  06:40:00,4.5,95.0,4.43,0.0,0.0,0.0,0.0,0.0,2.0,2.0,0.0,0.0,0.0,0.0,0.0,384.0,0.0,0.0,0.0,0.0,0.0,0.0,0.0,0.0,0.0,0.0,0.0,18.777683182927626,-1210.7527117128626,17.743876473568045,891.384918804152,19.24626171596403,-3294.645787032321,17.9667427179604,890.8889314693145,13.756162418837623,18.85746668836122,18.383641272451546,-230.7729662508667,15.075763268876252,252.23806575416283,15.08809303408766,-78.74613824603178,18.133573990836277,-324.8631739440016,1288.6549370270446,1022.3177674541013,0.0,0.0,0.0,0.0,0.0,0.0,0.0,0.0,0.0,0.0,0.0,0.0,0.0,0.0,0.0,0.0,0.0,0.0,0.0,0.0,0.0,0.0,1.363169993396,0.41610805659218577,449.91050900303739,528.6109261483952,13958.885922381041,0.38286899514728647,0.05843543881979344,388.99488889442196,459.21992892452627,11027.76156995404,1.0894729975726634,0.20587169266301284,572.5297535605153,671.5170519076507,18290.8278051991,0.32692786418242378,0.06177775211308084,366.6600133156555,432.1498721811637,10723.25615558969,0.0,0.0,15.690298521828975,18.844621375969628,295.0188514501438,0.0,0.0,24.65965846253794,29.011271134899216,747.4141091583588,0.0,0.0,110.32916410469857,131.75186333004596,2434.149126276567,0.0,0.0,19.494424505728384,23.205194549814743,463.96112585101658,0.0,0.0,57.90631885032697,68.22448947830293,1711.3209611457249,36.8900077499593,25.301788580219019,741.7563299774342,878.1029066565133,20836.599255789264,0.0,0.0,58.413921042653289,70.90907979091607,754.4884864839564,1899.007257707985,20.127262092133664,32.5643280138393,22.000000000000008,30.00000000000001,0.0,18.741575063321606,35.470183439279427,16.000000000000008,30.00000000000001,4280.36760004176,20.638672874295584,31.574945786384288,22.000000000000008,30.00000000000001,0.0,19.21781261724868,34.46367839449434,16.000000000000008,30.00000000000001,0.0,13.775139716881773,48.109872380866857,12.000000000000004,30.00000000000001,1441.7746747433444,19.781264891712384,32.908892642992608,20.000000000000008,30.00000000000001,0.0,15.459761272175263,43.43257546364177,10.000000000000004,30.00000000000001,367.4066341147717,16.344406856942219,40.791672204991147,16.250000000000008,30.00000000000001,777.8831685878752,19.382150489899187,33.79850459593905,19.250000000000008,30.00000000000001,0.0,17.92846155119371,0.0,0.0,0.0,10.775115554985705,0.0,0.0,478.1385240523996,479.9253644853529,473.59292219450466,473.0460297797817,562.8613735979029,704.196489823526,541.0235546951299,575.5510491033147,633.7904025121244,11053.185478523317,80.69612580623132,87.87802746751416,60.00000000000002,0.0,60.00000000000002,60.00000000000002,16.0,16.0,19.0,19.0,16.0,12.0,21.0,10.0,1.0,0.0,1899.007257707985,0.0,4280.36760004176,0.0,1441.7746747433444,0.0,367.4066341147717,777.8831685878752,10868.600559741219,6521160.335844729,8531369.339243902,80.69612580623132,88.00000000000003,0.3622866853247073,0.7643624133335305,0.36028137401965967,88.00000000000003,0.35426478194388769,8531369.339243902,0.4445612056406829 
 02/17  06:50:00,4.55,95.0,4.46,0.0,0.0,0.0,0.0,0.0,2.0,2.0,0.0,0.0,0.0,0.0,0.0,384.0,0.0,0.0,0.0,0.0,0.0,0.0,0.0,0.0,0.0,0.0,0.0,19.163513443553755,-1130.2387573083898,18.074621043210088,1019.8253320438635,19.67013835983188,-3177.8254182613238,18.34082734328177,989.756509946867,13.749094138377304,29.252504309904823,18.108945484706497,-187.76441331579563,15.360805808770725,295.8804992832406,15.393207293040789,-70.36722674578394,18.28511497049218,-315.00076681948937,1424.7678940359083,1036.373280987804,0.0,0.0,0.0,0.0,0.0,0.0,0.0,0.0,0.0,0.0,0.0,0.0,0.0,0.0,0.0,0.0,0.0,0.0,0.0,0.0,0.0,0.0,1.431212403202644,0.4368780229556301,458.3324464265057,537.4911189716502,14655.397699310448,0.39657831840505516,0.06052782637439792,395.79399016745608,466.42141882789596,11567.286910951992,1.15041201096592,0.2173870013163115,574.8684833339429,672.9466336795128,18924.915716840962,0.33629751734035387,0.06354828369999127,365.41550493872657,429.85891206028807,11032.814929006912,0.0,0.0,16.355429651984826,19.64353742305733,306.0821747885069,0.0,0.0,24.96140176488892,29.414649951979685,731.4037977437578,0.0,0.0,111.44028163015894,132.84472308650238,2552.060088132239,0.0,0.0,18.721305376586796,22.24386414547327,463.47918626164417,0.0,0.0,57.82575161348787,68.04276213497838,1743.2286221559035,37.57863719010132,25.77409958168816,747.2002197599644,882.8015706296352,21775.890098578635,0.0,0.0,55.45224975955634,67.32023389358705,705.7570922220211,1838.8801379749726,20.683756633443115,31.555459175849408,22.0,30.0,0.0,19.254409530502167,34.45229188341413,16.0,30.0,4138.055003659622,21.20941967803887,30.570218647865127,22.0,30.0,0.0,19.767438124161364,33.39727464806818,16.0,30.0,0.0,13.78127942199845,48.28792059145035,12.0,30.0,66.14572688641874,19.29383265098241,34.0703041970407,19.0,30.0,0.0,15.93695062577524,42.306343328531777,10.0,30.0,655.4499410712584,16.898980275765916,39.543098960481717,16.75,30.0,707.8144317832044,19.7299936687247,33.20669288419529,19.5,30.0,0.0,18.501630963648088,0.0,0.0,0.0,10.737175226671866,0.0,0.0,479.49859313071547,482.03444862088886,475.7388791895988,475.26454218544236,562.0323758745909,696.4342110093687,533.3428811535064,567.2913562854337,626.3694100443692,11090.684577291591,80.67125563676687,86.30112546877533,60.0,0.0,60.0,60.0,16.0,16.0,19.0,19.0,16.0,12.0,21.0,10.0,1.0,0.0,1838.8801379749726,0.0,4138.055003659622,0.0,66.14572688641874,0.0,655.4499410712584,707.8144317832044,8519.421727865938,5111653.0367195629,6657364.501393497,80.67125563676687,86.39673934840804,0.36898072426219799,0.7669589318167202,0.36028137401965956,86.39673934840804,0.3542647819438875,6657364.501393497,0.34710295407246186 
 02/17  07:00:00,4.6,95.0,4.49,0.0,0.0,0.0,0.0,0.0,2.0,2.0,0.0,0.0,0.0,0.0,0.0,384.0,0.0,0.0,0.0,0.0,0.0,0.0,0.0,0.0,0.0,0.0,0.0,19.532296602060705,-1160.4274917645362,18.383926635431665,1056.1036512501697,20.06215060874881,-3285.668377625273,18.688747377842544,1008.6870911239898,13.749179746630969,37.28740502856189,18.48748279621102,-155.39665861411707,15.918439041016509,675.7941139311872,15.186476902340666,-397.6035373321656,18.20226094893936,-196.94279231537787,1513.0242063451388,820.5930522772245,0.0,0.0,0.0,0.0,0.0,0.0,0.0,0.0,0.0,0.0,0.0,0.0,0.0,0.0,0.0,0.0,0.0,0.0,0.0,0.0,0.0,0.0,1.5322229737920233,0.4677115304615456,474.16704565034447,555.2109728582392,15534.575175655124,0.4157410782483616,0.06345254552020172,402.0420525705124,473.0894029112651,12051.050800801542,1.2385242908418979,0.2340370919958236,583.7254545435491,682.354952569654,19646.568402851095,0.3532501505249176,0.06675172912413408,372.40074081141298,437.40725834605589,11542.80986142072,0.0,0.0,16.001215599708155,19.21748551958725,298.30406317948009,0.0,0.0,21.788301338324098,25.62706276309449,659.1189184147204,0.0,0.0,95.06274347998955,112.9255916683722,2353.002736109767,0.0,0.0,33.64092223698074,40.05001246293001,790.7961125818251,0.0,0.0,40.439596428095459,47.624429066451749,1194.0231712629434,38.12897960751543,26.151563516814439,764.9578614426878,902.5846091445892,22832.744775934152,0.0,0.0,48.65625496085828,59.125080870072647,584.6794647837019,1938.4688428754017,21.157497759078248,30.74493150858015,22.0,30.0,0.0,19.70601570171066,33.599722646502687,16.0,30.0,4364.146775360338,21.662379013312209,29.820944088627859,22.0,30.0,0.0,20.251909182996479,32.501894625525768,16.0,30.0,0.0,13.795768517994399,48.449179119706709,12.0,30.0,1332.726772955527,19.851022683768357,33.03250569859724,20.0,30.0,0.0,16.95089019486342,39.88603798917541,10.0,30.0,837.0250504367912,16.28764827243727,41.20235254238433,16.5,30.0,1236.9240056736747,19.459031688118448,33.877079086921529,19.5,30.0,0.0,18.913733578129347,0.0,0.0,0.0,10.434495075424494,0.0,0.0,479.46540759932108,482.7376956864358,478.4564317573986,478.73566093736096,552.3269784597829,689.6569702349738,495.684189427871,601.6589288545072,632.1166498533075,10691.020116773814,80.93564787019173,86.32135320539831,60.0,0.0,60.0,60.0,16.0,16.0,19.0,19.0,16.0,12.0,21.0,10.0,1.0,0.0,1938.4688428754017,0.0,4364.146775360338,0.0,1332.726772955527,0.0,837.0250504367912,1236.9240056736747,8150.342397615837,4890205.438569503,6380351.946628709,80.93564787019173,86.41282036130483,0.35667807992052799,0.7677112664200371,0.36028137401965956,86.41282036130483,0.3542647819438875,6380351.946628709,0.3326883012246929 
 02/17  07:10:00,4.64,95.0,4.57,0.0,0.0,0.0,0.0,0.0,2.0,2.0,0.0,0.0,0.0,0.0,0.0,384.0,0.0,0.0,0.0,0.0,0.0,0.0,0.0,0.0,0.0,0.0,0.0,19.699917381159893,-1298.7609118295096,18.628127307024149,998.3917015145084,20.164598449765074,-2275.680343498199,18.91053787166454,790.0992229681529,13.757984412146632,46.40266009578636,18.26190719392326,-92.1005809428894,16.435214016280136,602.0130695523728,15.841072138961043,-381.62893920335059,18.19401883079631,-105.8275888698584,1540.0675069077743,762.84732424483,0.0,0.0,0.0,0.0,0.0,0.0,0.0,0.0,0.0,0.0,0.0,0.0,0.0,0.0,0.0,0.0,0.0,0.0,0.0,0.0,0.0,0.0,1.5747334992492746,0.4806878813337224,481.5899743722913,563.5779718824435,15866.30021427308,0.40934538258484007,0.06247640149341271,386.3774666776796,454.1914840816583,11785.56766154694,1.3481676748002132,0.25475579644750825,475.02583014465076,555.5182274534477,15987.526007564964,0.34957803976845105,0.06605783064407614,320.53463912495075,376.27066888598326,10069.069978523345,0.0,0.0,15.808367130529483,18.985002751778234,294.2720922752148,0.0,0.0,19.606229052342756,23.094456094274748,574.9697995597314,0.0,0.0,91.04722284558304,107.85379355937343,2385.8523841366975,0.0,0.0,27.578194180182238,32.71701619502498,702.7372527796558,0.0,0.0,34.20234973055335,40.29927062660374,1001.8070918980269,38.55039245601042,26.4405983923254,697.4129533673101,822.4070536007268,21178.31083736549,0.0,0.0,43.52127616686941,52.90136905995706,514.1999554842436,1843.4663303512026,21.3069390118769,30.56860131329779,22.0,30.0,0.0,20.02926862891579,33.05964526227176,16.0,30.0,3257.9847257639478,21.742107016521936,29.78148195346823,21.75,30.0,0.0,20.49419664494033,32.12830420293625,16.0,30.0,0.0,13.822713551772534,48.58948352529594,12.0,30.0,0.0,19.392263534921495,35.578511676957869,19.0,30.0,0.0,17.74806396465212,38.05753383940599,10.0,30.0,1326.341622022028,17.382010514204468,38.6471198020423,20.7,30.0,0.0,19.350030182008465,35.49995360714542,19.0,30.0,0.0,19.122104648653548,0.0,0.0,0.0,10.37531041336894,0.0,0.0,479.9491809006509,484.2068670494486,480.1496978797248,480.8232600394516,541.7096023686081,714.6974605367282,492.16091656454167,613.3469264122757,665.6291894783366,10826.266272955228,80.84616651448717,86.25956135696556,60.0,0.0,60.0,60.0,16.0,16.0,19.0,19.0,19.7,12.0,21.0,10.0,1.0,0.0,1843.4663303512026,0.0,3257.9847257639478,0.0,0.0,0.0,1326.341622022028,0.0,8192.153280584498,4915291.968350698,6424274.239883734,80.84616651448717,86.3514987726284,0.3580717760194832,0.7653935106343852,0.36028137401965956,86.3514987726284,0.3542647819438875,6424274.239883734,0.33496226047395419 
 02/17  07:20:00,4.68,95.0,4.65,0.0,0.0,0.0,0.0,0.0,2.0,2.0,0.0,0.0,0.0,0.0,0.0,384.0,0.0,0.0,0.0,0.0,0.0,0.0,0.0,0.0,0.0,0.0,0.0,19.642479527467594,-1025.9968079447118,18.74594031473348,715.3899239294583,20.172413005340674,-2005.151059703163,18.873960230502875,747.632535673436,13.759367218646018,38.7789833614071,18.425986548727346,-77.3929172230669,16.685327469113046,390.6759275343393,16.60970224082191,-118.51589366331034,18.66496342290555,-95.36371803260735,1477.753102087143,558.5750672426102,0.0,0.0,0.0,0.0,0.0,0.0,0.0,0.0,0.0,0.0,0.0,0.0,0.0,0.0,0.0,0.0,0.0,0.0,0.0,0.0,0.0,0.0,1.5881390667015519,0.48477993489058365,420.456345318319,492.76944374519646,13584.982232729559,0.38200124090419299,0.05830299769600014,318.17322048445478,373.94898161618166,9759.64815982742,1.3349301718371117,0.2522543786540272,455.3619373508244,532.353584739683,15110.469011098336,0.34481198806520726,0.06515721618768088,317.7115217006162,372.98379263292966,9841.397303855982,0.0,0.0,15.113706966459218,18.150271482282958,280.36030223086757,0.0,0.0,17.374121486939733,20.440587791211688,516.0079591903627,0.0,0.0,81.36576224956487,96.29376266654289,2174.822232866375,0.0,0.0,14.197384453077398,16.767794556536793,394.41703461329129,0.0,0.0,29.041690362231713,34.08762237900399,889.6411428078014,38.57691087832174,26.45878661064592,627.6026523681529,740.2961221490408,18959.92435198642,0.0,0.0,28.731188815280335,34.93956781388309,319.19007323724716,1900.5056938224494,21.12473593209677,31.071041074135257,22.0,30.0,0.0,20.127184127538646,33.02265147645562,16.0,30.0,2583.674865239371,21.481025133705495,30.396945988849838,21.5,30.0,0.0,20.30538518337813,32.65973096003629,16.0,30.0,0.0,13.830259368420843,48.871804707647147,12.0,30.0,1122.77675752808,19.627791103094159,36.630172019478958,19.75,30.0,0.0,18.067200215724566,37.506025718350219,10.0,30.0,1333.9814628959585,18.60770255401066,36.03977527727457,20.7,30.0,1592.6579799353186,19.977440454407814,35.406067878466519,19.75,30.0,0.0,18.986944125192087,0.0,0.0,0.0,10.003858492750718,0.0,0.0,482.34207573399535,487.24358495199007,482.3613055169131,484.01298819960706,534.8383351214105,754.2107082693708,489.998618717045,588.5064487763261,706.3952159428176,11317.086785035626,80.52153300207013,87.87511181947416,60.0,0.0,60.0,60.0,16.0,16.0,19.0,19.0,19.7,12.0,21.0,10.0,1.0,0.0,1900.5056938224494,0.0,2583.674865239371,0.0,1122.77675752808,0.0,1333.9814628959585,1592.6579799353186,11128.094792715883,6676856.875629529,8737693.119433854,80.52153300207013,88.0,0.3709364930905294,0.7641754508402341,0.36028137401965956,88.0,0.3542647819438875,8737693.119433854,0.45528004221056037 
 02/17  07:30:00,4.72,95.0,4.73,8.0,0.0,0.0,0.0,0.0,2.0,2.0,0.0,0.0,0.0,0.0,0.0,384.0,0.0,11.488657317706429,2.8114800942668749,7.204317352056245,0.34448979487049027,9.169062028571038,0.0,2.811480094266873,3.843506440534519,0.0,0.0,19.80271278678562,-1070.8196122141636,18.71531872575454,745.7739308202552,20.30466523291172,-2249.354861946149,18.995046030866534,675.10220555105,13.757794548269786,41.469493279304888,18.318860480008163,-99.47496079288007,16.374464856927959,114.56551318299171,17.325939275265477,-100.125837740735,18.397254083306878,-98.8435617458475,1439.3057113221199,874.0040061933397,0.0,0.0,0.0,0.0,0.0,0.0,0.0,0.0,0.0,0.0,0.0,0.0,0.0,0.0,0.0,0.0,0.0,0.0,0.0,0.0,0.0,0.0,1.5342426639426615,0.46832804149653897,380.0017869485975,444.88392286104468,12384.699250364296,0.3752350963332207,0.05727031384817167,309.0129660649902,363.11430177052326,9390.574503393724,1.2980306468372008,0.24528167929652326,435.7303716565028,509.5857026418879,14540.33678882831,0.32938208005993388,0.06224151172712278,291.1354436946446,341.73295464908309,9075.560644204375,0.0,0.0,15.56221566283716,18.687598819668577,287.5023120292657,0.0,0.0,19.700667394472874,23.194436964443019,574.4086292969427,0.0,0.0,100.37344597956188,119.06103676281566,2537.673721312432,0.0,0.0,27.68711992949182,32.583298892185137,823.1859712830645,0.0,0.0,32.0668358928213,37.72420808550871,950.8933260875704,38.72677495610672,26.561574043968958,601.1302196472483,709.0247227631195,18158.031426449874,0.0,0.0,46.39368698622833,56.3528350364091,552.1024844692622,1506.4263667157885,21.266362430905134,30.964534075403344,21.75,30.0,0.0,19.994810711418844,33.476686418720607,16.0,30.0,3246.913524436172,21.726445764604727,30.09807312708129,21.75,30.0,0.0,20.42981957033387,32.5548820430347,16.0,30.0,0.0,13.832354986597446,49.39265189897649,12.0,30.0,0.0,19.40457490631989,38.1706582847993,19.0,30.0,0.0,17.35158181230762,39.76481870046524,10.0,30.0,1301.2767564249185,19.700681565275806,34.039136948611169,20.7,30.0,0.0,19.66791028326783,36.85286590428173,19.0,30.0,0.0,18.936430032468864,0.0,0.0,0.0,10.49290132034324,0.0,0.0,484.34201876587226,487.9108644462675,481.09564545827308,481.4298204403144,545.0280479216322,777.2786895998257,530.2864703508619,547.6757203364914,713.5001684517638,9463.828746960577,81.74722587156002,85.18247495647165,60.0,0.0,60.0,60.0,16.0,16.0,19.0,19.0,19.7,12.0,21.0,10.0,1.0,0.0,1506.4263667157885,0.0,3246.913524436172,0.0,0.0,0.0,1301.2767564249185,0.0,5198.90827657421,3119344.965944526,4070722.5407043986,81.74722587156002,85.24081689017776,0.34329694255247369,0.7658282990121701,0.36028137401965956,85.24081689017776,0.3542647819438875,4070722.5407043986,0.2126175721166287 
 02/17  07:40:00,4.76,95.0,4.81,15.666666666666665,3.166666666666666,0.0,0.0,1.0,2.0,0.0,0.0,0.0,0.0,0.0,4.0,960.0,0.0,22.123478071357938,5.916418972983874,15.160604741157915,0.6633775170036672,17.656684029749078,0.0,5.916418972983871,8.088193287917909,0.0,0.0,19.564700683894765,-1453.1756160188082,18.692826884939245,536.7241106683601,20.265718510410456,-1810.7389562798422,19.022022571720549,776.4504559721655,13.755502095397575,35.26796400872756,18.420150617040386,-150.82615575574003,15.516349598852055,-471.10594631447517,17.730708452195086,-321.6451137561006,17.516063739037379,-999.3764725757824,1450.5944267209298,2771.6220733092088,0.0,0.0,0.0,0.0,0.0,0.0,0.0,0.0,0.0,0.0,0.0,0.0,0.0,0.0,0.0,0.0,0.0,0.0,0.0,0.0,0.0,0.0,1.6947794225871156,0.5173319360766531,364.65141884578568,427.80191659537436,11595.710249544012,0.38379697943102977,0.05857707256273348,301.8491486185779,355.23530529554867,9049.11140200256,1.0816140453036467,0.20438662987597262,359.8474303090977,420.99369696685747,11925.851440491639,0.3173398779777259,0.05996596333668288,341.21543475169576,400.7447296453563,10568.410975816634,0.0,0.0,14.908937096955459,17.914782862895618,274.168707306652,0.0,0.0,18.806311861488959,22.143891910642979,553.1652523205174,0.0,0.0,315.5349826972397,376.71256222346428,6927.819393900021,0.0,0.0,47.57442456788981,55.887438004291798,1458.764269643038,0.0,0.0,229.20542194386668,271.35016154492976,6113.398939530987,38.843445558090959,26.641595032984204,633.3641687845658,747.516543320526,19014.003006051844,0.0,0.0,249.6020024653456,300.52323745203736,4301.565197128553,1856.353439105991,20.784825947981515,32.3526418275893,21.999999999999998,30.0,0.0,19.870597521483697,34.1189705677241,15.999999999999999,30.0,1689.682646510663,21.491279514693468,31.471563248974257,21.400000000000003,30.0,0.0,20.400252192383346,33.430104279450947,19.0,30.0,0.0,13.831028630692101,50.07601618793487,12.0,30.0,1085.0784510796289,19.572871679601364,38.47827459425445,19.7,30.0,0.0,15.661175489316449,45.42290790482301,10.0,30.0,1260.549438692692,20.223348495953347,34.24462216293352,20.7,30.0,0.0,18.09322031402318,39.071658685395238,12.0,30.0,0.0,18.995711754129183,0.0,0.0,0.0,13.217334435806063,0.0,0.0,504.17182549707368,501.79612111086819,524.774317018364,515.9629324699984,567.6145103683991,807.389474588136,596.7498646520585,605.3935099416586,606.3577741534739,10191.323190113946,81.26609267785256,84.92285788668565,220.0,0.0,220.0,220.0,16.0,19.0,19.0,12.0,19.7,12.0,21.0,10.0,1.0,0.0,1856.353439105991,0.0,1689.682646510663,0.0,1085.0784510796289,0.0,1260.549438692692,0.0,5533.765277812088,3320259.166687253,4325845.684412731,81.26609267785256,84.98496189955898,0.3544588425937363,0.7675347907939765,0.3602813740196596,84.98496189955898,0.3542647819438876,4325845.684412731,0.22846397558946197 
 02/17  07:50:00,4.8,95.0,4.89,23.33333333333333,6.333333333333332,0.0,0.0,1.0,2.0,0.0,0.0,0.0,0.0,0.0,4.0,384.0,0.0,32.772281230116259,8.703908234034096,22.303446438356663,0.9826846547373941,26.155466981443348,0.0,8.703908234034089,11.89890244058614,0.0,0.0,19.540911575732737,-1420.104781899241,18.61839858021082,557.6007470929362,20.309537662480588,-1847.1374707052842,19.12697051180223,760.7118128915745,13.74425114419805,30.41516268011499,18.251698439110379,-146.6503345939088,15.238134404299562,64.21079893059664,17.895910795458329,-441.434629981657,16.61522922979595,-454.7874408897371,1423.4348397370623,1997.6755872589918,0.0,0.0,0.0,0.0,0.0,0.0,0.0,0.0,0.0,0.0,0.0,0.0,0.0,0.0,0.0,0.0,0.0,0.0,0.0,0.0,0.0,0.0,1.7351243749120507,0.5296472450891485,366.8202282157583,430.24544938193579,11551.980925583244,0.3905824814506264,0.0596127108441127,302.68155215673365,356.1937927123223,8947.93700203135,0.9585078379105919,0.1811239300662495,363.3489218082256,424.82720316251428,11978.969669699083,0.3010348689440973,0.05688489587001081,343.66319864879736,403.1354306107984,10693.425611829984,0.0,0.0,14.361957756632354,17.248027764707204,262.49836695870007,0.0,0.0,18.154665953732918,21.381919282743846,523.1232466608165,0.0,0.0,272.4098261174938,325.46871688458688,5788.056355746623,0.0,0.0,57.86215470608075,67.92363052153206,1779.2360484963716,0.0,0.0,177.8322471837223,211.48669448475619,4253.340466840691,38.98646116694033,26.73968529968473,635.8667336732335,749.9887492474986,19003.243874461503,0.0,0.0,203.1614458674246,244.54023510593079,3483.1856063303059,1870.562684578007,20.661592012106366,32.89401679185428,22.0,30.0,0.0,19.690683359470655,34.85780455583963,16.0,30.0,2100.116342982527,21.513695119278965,31.738822217673574,21.5,30.0,0.0,20.497085610311019,33.661584951616138,19.0,30.0,0.0,13.813676955452064,50.782740751477657,12.0,30.0,9.365789768297044,19.288715999254828,39.98568824521296,19.0,30.0,0.0,15.346643040146756,46.448603017277338,10.0,30.0,1258.6551747298589,20.323494974140485,34.68700506694668,20.7,30.0,0.0,16.686680004241809,42.59973817880112,12.0,30.0,0.0,18.960554107005593,0.0,0.0,0.0,13.166955800943013,0.0,0.0,516.2000017972672,515.7282923033558,540.2106794214874,535.9255748763094,585.4274455726787,844.6341009676509,586.3344974994005,632.8082127198914,591.7086837355103,10952.030344336237,80.76302353734468,86.20751500652071,220.0,0.0,220.0,220.0,16.0,19.0,19.0,12.0,19.7,12.0,21.0,10.0,1.0,0.0,1870.562684578007,0.0,2100.116342982527,0.0,9.365789768297044,0.0,1258.6551747298589,0.0,8239.221600638268,4943532.960382962,6475861.114556978,80.76302353734468,86.29998054613859,0.3596407200212756,0.7637384936940674,0.36028137401965956,86.29998054613859,0.3542647819438875,6475861.114556978,0.3401670001791851 
 02/17  08:00:00,4.84,95.0,4.97,31.0,9.5,0.0,0.0,1.0,2.0,0.0,0.0,0.0,0.0,0.0,4.0,384.0,0.0,44.7447231461762,11.794947165039643,30.224118157220127,1.3416805599345883,35.71063304510401,0.0,11.79494716503963,16.124587005626855,0.0,0.0,19.53799032659491,-1469.3755612561427,18.598251029816376,573.3208832376745,20.34693314011831,-1933.1984862997643,19.184440961759657,659.9762525385481,13.730983909559614,26.17464743052038,18.79681473864905,-163.20000099067136,15.309947831032833,79.05821137773933,18.005228618898867,-483.1697027832853,16.282968722592025,-170.97282761434736,1390.3221582226279,1539.2330033740919,0.0,0.0,0.0,0.0,0.0,0.0,0.0,0.0,0.0,0.0,0.0,0.0,0.0,0.0,0.0,0.0,0.0,0.0,0.0,0.0,0.0,0.0,1.7212223319090519,0.5254036422188804,374.7017819849174,439.6014562036084,11715.650850396109,0.3913431549527021,0.059728808753464927,308.90350227112756,363.60383164100457,9063.386108637678,0.940383694611837,0.1776991108487977,361.33963216753195,422.40598381317769,11899.484009823824,0.2965225912076388,0.05603223567793626,343.66119097175,403.0925491058654,10666.843226599005,0.0,0.0,13.809279301168092,16.58473544737894,250.73014459976083,0.0,0.0,18.0081482542101,21.15854488460786,540.8115506332623,0.0,0.0,204.9861701358501,244.71115943798098,4403.002140137982,0.0,0.0,61.418301220748698,72.10310748020464,1885.9899986511915,0.0,0.0,110.33427202650366,131.36482434824908,2534.2863940744284,39.12580444541511,26.835256821272375,641.8422745275959,757.1697384983892,19036.832350850655,0.0,0.0,134.0254734048687,161.67499833009499,2091.3516196000739,1903.7990742219739,20.585085838937215,33.61729589046218,22.0,30.0,0.0,19.614088716185845,35.63475408604042,16.0,30.0,2257.412817762616,21.525532818344968,32.253909981759289,21.5,30.0,0.0,20.497917338312939,34.349179900226648,19.0,30.0,0.0,13.793009244413,51.27019856405588,12.0,30.0,1329.7527187709757,19.986978741476887,38.756254198881169,20.0,30.0,0.0,15.498705740549003,46.45463677532795,10.0,30.0,1279.1177573453279,20.34241144010099,34.87238791960534,20.7,30.0,0.0,16.27092105344696,44.01760264641325,12.0,30.0,0.0,18.893097101334779,0.0,0.0,0.0,12.48148507281175,0.0,0.0,538.8095970525162,538.9299634478348,565.1132878834069,568.4157775716444,587.8604153957043,863.3023536772254,583.1219985474043,625.2322164915622,581.784996381875,10797.99985167627,80.86487096069607,84.66850280498595,220.0,0.0,220.0,220.0,16.0,19.0,19.0,12.0,19.7,12.0,21.0,10.0,1.0,0.0,1903.7990742219739,0.0,2257.412817762616,0.0,1329.7527187709757,0.0,1279.1177573453279,0.0,5755.801216218888,3453480.729731333,4496051.806945119,80.86487096069607,84.73310110089314,0.36186004054062967,0.7675858164124048,0.36028137401965956,84.73310110089314,0.3542647819438875,4496051.806945119,0.23711913840559063 
 02/17  08:10:00,4.955,95.0,4.9816666666666669,38.66666666666667,12.666666666666668,0.0,4.0,0.0,0.0,0.0,0.0,0.0,0.0,0.0,0.0,864.0,0.0,55.692878057486208,13.807705458903932,35.381757429725357,1.6699639097675608,44.44832865741783,0.0,13.807705458903924,18.876180190114235,0.0,0.0,19.872552907776205,-1246.99544671037,18.70632426731042,925.05385165908,20.33089371964313,-1525.7409631759868,19.181946878073249,-52.59635502429036,13.72909112568743,43.63729736262318,18.235144381182189,-552.5700915349332,15.94559288927778,770.3167217581706,17.303588342825429,-212.81586625771693,15.958223438555452,-719.7211641921626,1190.6676258524984,1536.4211099328289,0.0,0.0,0.0,0.0,0.0,0.0,0.0,0.0,0.0,0.0,0.0,0.0,0.0,0.0,0.0,0.0,0.0,0.0,0.0,0.0,0.0,0.0,1.5788845293838577,0.4819549845494071,459.5595883601368,538.4004655534274,14715.663738737332,0.41281060519878745,0.06300528162374657,385.4901248145592,453.6956098834863,11347.447122568154,1.144008411300061,0.2161769484693994,237.09758924086669,277.4589675419756,7814.7282983836889,0.3401431115253171,0.06427496438498053,27.921574250304685,32.7836036947944,858.1786253458681,0.0,0.0,14.219489549127502,17.08931245523085,254.91848103634829,0.0,0.0,102.11103487650789,120.49621095078489,2874.7422704609477,0.0,0.0,288.8503728464569,343.3973519238171,6859.582763538013,0.0,0.0,43.63566136172643,51.50080015935188,1230.0721010405055,0.0,0.0,143.6029972228777,171.2997266542586,3093.501767533445,39.228215768565799,26.90549778365282,404.12615702708066,478.04277287503279,11779.309494371084,0.0,0.0,151.38072060454548,182.50434501601397,2369.7475048011526,1863.2684010049603,21.116260910315878,32.912945555190557,21.999999999999994,29.999999999999994,0.0,19.784939467633384,35.67785813156129,15.999999999999997,29.999999999999994,2169.309017244808,21.531680451105009,32.07312851804379,21.55555555555555,29.999999999999994,0.0,20.326693076278649,37.17549210042493,18.999999999999998,29.999999999999994,0.0,13.795597305937842,51.9015843482438,11.999999999999997,29.999999999999994,0.0,19.036219084290715,38.62367151096524,15.999999999999997,29.999999999999994,0.0,16.77141634989731,43.84855097090153,9.999999999999999,29.999999999999994,0.0,19.000327762940505,37.9301277830425,15.999999999999997,29.999999999999994,0.0,15.769739094739759,46.17292424210186,11.999999999999997,29.999999999999994,0.0,18.29056152490155,0.0,0.0,0.0,12.481898194447007,0.0,0.0,551.2866291804627,552.4510459951187,546.9524856695404,710.6307411405521,601.1726368935015,678.6347450547285,626.4810156786303,618.9647323792136,608.9467519768805,9938.9542536796,81.43298115405959,84.65076277886472,131.99999999999998,0.0,131.99999999999998,131.99999999999998,16.0,19.0,16.0,12.0,16.0,12.0,21.0,10.0,1.0,0.0,1863.2684010049603,0.0,2169.309017244808,0.0,0.0,0.0,0.0,0.0,4869.530295228828,2921718.1771372968,3803177.4099532,81.43298115405959,84.70541139315582,0.3512065653965165,0.76797315397601,0.36028137401965945,84.70541139315582,0.3542647819438875,3803177.4099532,0.1997012253175664 
 02/17  08:20:00,5.07,95.0,4.993333333333333,46.333333333333339,15.833333333333334,0.0,4.0,0.0,0.0,0.0,0.0,0.0,0.0,0.0,0.0,384.0,0.0,68.93281236107078,16.305327229622259,41.78183308336742,2.066965203794872,55.015069570118878,0.0,16.30532722962225,22.29061850726631,0.0,0.0,19.967425426107174,-1283.1353721927526,18.87627441673224,760.0964479354325,20.360109145036554,-1393.5644236734025,18.919622102780325,-53.81204732015783,13.74599127625546,49.06028230827753,17.58210220971359,-189.93087679609259,16.21464795827712,198.94842724339834,16.377805620024586,-55.58685808843055,15.33828616674947,-668.7857138099072,1223.853936635977,1774.5190617772262,0.0,0.0,0.0,0.0,0.0,0.0,0.0,0.0,0.0,0.0,0.0,0.0,0.0,0.0,0.0,0.0,0.0,0.0,0.0,0.0,0.0,0.0,1.5862874369724576,0.4842147243505671,460.30161515008907,538.8811081420771,14678.433323701931,0.40061340875697407,0.06114368265521584,359.6446582161336,422.70034104922788,10662.886856215657,1.1678823144072559,0.22068826802858208,231.1742150738278,270.2990883322179,7509.430607082373,0.3749724167525045,0.0708564657506622,33.67282459745714,39.563932117817078,994.3925162862765,0.0,0.0,12.733855322406292,15.292342426052225,226.17166759985998,0.0,0.0,75.8637537758416,89.7989507256232,1964.642889107803,0.0,0.0,333.6976413755559,396.22987276254869,7999.547950094929,0.0,0.0,29.06929576203607,34.48396561952329,720.9833131853159,0.0,0.0,219.03250239262355,262.0710275705811,4301.518240935372,39.17278772634069,26.867481293786495,398.3763947426977,470.79954178380538,11602.091058847482,0.0,0.0,223.5838867306416,268.947424600941,3726.9927089188197,1899.7363244126826,21.186597333684433,32.940278474217,22.000000000000005,30.000000000000008,0.0,20.005505047161465,35.33106010525295,16.000000000000005,30.000000000000008,2062.014917099917,21.491498711277676,32.398884155402559,21.500000000000005,30.000000000000008,0.0,19.818057146911398,40.56479292749823,19.000000000000005,30.000000000000008,0.0,13.827861814922399,52.282644472661839,12.000000000000002,30.000000000000008,0.0,18.019050639658496,40.36744046710173,16.000000000000005,30.000000000000008,0.0,17.041842130638437,42.80436563510152,10.000000000000002,30.000000000000008,0.0,17.406432894767585,41.88023373715118,16.000000000000005,30.000000000000008,0.0,14.807242699238552,49.43253635844964,12.000000000000002,30.000000000000008,0.0,18.377520373916057,0.0,0.0,0.0,13.22301482104706,0.0,0.0,555.6095943301724,555.1085630442688,555.2513202878971,847.3631249578023,608.7927750590976,616.63029823287,601.8526068747467,613.2610576671112,614.1005972556254,10157.111527724668,81.28864065762294,85.01512302358668,132.00000000000004,0.0,132.00000000000004,132.00000000000004,16.0,19.0,16.0,12.0,16.0,12.0,21.0,10.0,1.0,0.0,1899.7363244126826,0.0,2062.014917099917,0.0,0.0,0.0,0.0,0.0,5639.147480092908,3383488.4880557435,4397753.071253481,81.28864065762294,85.07841106523321,0.3579715826697636,0.768328592223267,0.3602813740196596,85.07841106523321,0.35426478194388757,4397753.071253481,0.23062649303851438 
 02/17  08:30:00,5.1850000000000009,95.0,5.005,54.0,19.0,0.0,4.0,0.0,0.0,0.0,0.0,0.0,0.0,0.0,0.0,288.0,0.0,83.3550673125333,18.97562838917697,48.624390911137989,2.4994178995453057,66.52540899798719,0.0,18.975628389176959,25.941122640603095,0.0,0.0,20.010110014204075,-1132.5396292337096,18.947181728552868,548.4672659813482,20.467288420955805,-1502.851049510924,18.75237195927653,-50.20238557472315,13.759740727761479,47.518707009503398,17.22232960063294,-114.49489106756062,16.035308501661939,126.15817076311208,15.820759306428613,-23.28844357671137,15.049232299405422,-467.1638154702757,1193.542409024466,1722.8520897385393,0.0,0.0,0.0,0.0,0.0,0.0,0.0,0.0,0.0,0.0,0.0,0.0,0.0,0.0,0.0,0.0,0.0,0.0,0.0,0.0,0.0,0.0,1.5564065885508669,0.4750935862487383,415.4138463429392,486.1517119617058,13227.729916608616,0.3760226388746376,0.057390512648754197,324.9407421601449,381.86717547304496,9586.046202535554,1.147210493821972,0.21678202831103028,227.5878506139453,265.7386785573815,7438.462828795271,0.39947011919318378,0.0754856612232017,39.17278974564424,46.06898662685717,1123.7538233684925,0.0,0.0,12.155003157858033,14.591039271666153,213.644202248876,0.0,0.0,64.61198887812361,76.59526883632802,1589.758707763511,0.0,0.0,343.9815510960233,408.9035504289392,7923.913242055673,0.0,0.0,19.40807344820641,23.090899418324264,441.57862216844827,0.0,0.0,236.2291583287352,282.96335120964,4431.719173568839,38.99554523721308,26.74591580055767,360.302884988949,425.836657810979,10476.942571856358,0.0,0.0,239.80942474477502,288.3984900438817,3968.355116596934,1817.41295845153,21.290918636508374,32.958677270883409,21.999999999999994,29.99999999999999,0.0,20.054659005959598,35.45266233195359,15.999999999999993,29.99999999999999,2637.734292004484,21.684174539019066,32.2472872564896,21.666666666666658,29.99999999999999,0.0,19.496604304005566,41.41389054196711,18.999999999999994,29.99999999999999,0.0,13.850993255241937,52.37683210096372,11.999999999999995,29.99999999999999,0.0,17.473798654444516,41.677164348883177,15.999999999999993,29.99999999999999,0.0,16.659024834719977,43.895510408236898,9.999999999999997,29.99999999999999,0.0,16.48198718876464,44.3891115183909,15.999999999999993,29.99999999999999,0.0,14.45511944551184,50.54188051769309,11.999999999999995,29.99999999999999,0.0,18.36013831913659,0.0,0.0,0.0,13.313272635636089,0.0,0.0,564.8879601437557,562.3624125635282,565.8370498836624,857.946043741558,605.879065615962,602.6390340798367,595.2384614670561,607.4250142577752,604.2063935238523,10896.64226495649,80.79967127468987,87.87975664612265,131.99999999999995,0.0,131.99999999999995,131.99999999999995,16.0,19.0,16.0,12.0,16.0,12.0,21.0,10.0,1.0,0.0,1817.41295845153,0.0,2637.734292004484,0.0,0.0,0.0,0.0,0.0,10714.671571405503,6428802.942843305,8415860.048034795,80.79967127468987,87.99999999999997,0.3571557190468501,0.7639506342656335,0.36028137401965945,87.99999999999997,0.35426478194388735,8415860.048034795,0.43957538916447599 
 02/17  08:40:00,5.3,95.0,5.016666666666667,61.166666666666667,31.166666666666666,0.0,0.0,1.0,2.0,0.0,0.0,0.0,0.0,0.0,0.0,864.0,0.0,98.77267134928377,21.592894530555694,55.33105797485648,2.9617168557939954,78.8301390167554,0.0,21.592894530555684,29.51912388325645,0.0,0.0,20.089112379519969,-1513.5047406315367,18.96588269265225,775.3573170754719,20.523706819835746,-2848.7650434498048,18.954409216633836,1057.7066802860152,13.767979336386566,47.521689837619479,18.110375119828814,-132.21427323430903,15.917825474516118,130.39457944587503,16.561586062122296,-125.44154490271447,14.895497686428975,-418.7441889209425,1391.4511737069202,1630.3633962500595,0.0,0.0,0.0,0.0,0.0,0.0,0.0,0.0,0.0,0.0,0.0,0.0,0.0,0.0,0.0,0.0,0.0,0.0,0.0,0.0,0.0,0.0,1.4670130868066387,0.4478061925539201,460.72976373881417,539.5875074054546,14569.851580467835,0.37563376519977395,0.05733116074477639,357.5750635827783,420.4961551765034,10463.51521799281,1.2689295291863776,0.23978260188707127,550.5914745517418,643.9299905024137,17740.756104018357,0.37763592657020719,0.07135977448416628,415.0913230559283,488.2487249517495,12094.859809347827,0.0,0.0,13.40044506304937,16.100326655613477,232.71432171292984,0.0,0.0,20.46633289565333,24.179281311473934,546.4462415247331,0.0,0.0,299.01659933129226,356.06262051371888,6689.482114920569,0.0,0.0,30.083335386806217,35.626717276207369,753.1084291567362,0.0,0.0,237.8294207968235,285.30092718723258,4333.996328767477,38.99985347042097,26.748870693018576,765.2215760691344,902.9445481278002,21966.591088698104,0.0,0.0,242.02466919055824,291.33929159640879,3942.791319949881,1852.6862726102045,21.28252751940211,33.70224342650122,22.000000000000055,30.000000000000076,0.0,20.05702014548197,36.209132863092758,16.00000000000004,30.000000000000076,3403.9947057852725,21.584708059485448,33.078066600937578,21.77777777777783,30.000000000000076,0.0,19.995632746023838,36.46728520145496,16.00000000000004,30.000000000000076,0.0,13.862848963649553,52.511214019197797,12.000000000000032,30.000000000000076,1827.761735599368,18.68809266137516,39.65549767780835,20.00000000000005,30.000000000000076,0.0,16.43587399335546,44.93914228373927,10.000000000000025,30.000000000000076,1375.6613029794713,17.64693185364495,41.9219146738691,20.700000000000054,30.000000000000076,0.0,14.300750988914248,51.28661940833221,12.000000000000032,30.000000000000076,0.0,19.05068321114182,0.0,0.0,0.0,13.301444646653048,0.0,0.0,607.4064088063922,602.7983881160387,603.8685442363216,607.1227729836323,602.8280787118363,676.3613419945573,601.7951456754073,651.0343763425299,601.6950756824812,10828.442809124152,80.84475230008957,85.7007445402021,60.00000000000015,0.0,60.00000000000015,60.00000000000015,16.0,16.0,19.0,12.0,19.7,12.0,21.0,10.0,1.0,0.0,1852.6862726102045,0.0,3403.9947057852725,0.0,1827.761735599368,0.0,1375.6613029794713,0.0,7348.5960473983009,4409157.628438967,5761190.219791522,80.84475230008957,85.78321540922713,0.3582865349132769,0.7657890994040094,0.36028137401966056,85.78321540922713,0.3542647819438884,5761190.219791522,0.30047189142915917 
 02/17  08:50:00,5.415,95.0,5.028333333333333,68.33333333333334,43.33333333333333,0.0,0.0,1.0,2.0,0.0,0.0,0.0,0.0,0.0,0.0,576.0,0.0,116.40985919962822,24.226677898595246,62.08005305513392,3.490569384098045,92.90629992062128,0.0,24.226677898595236,33.11970542700464,0.0,0.0,20.124478996964016,-1357.5203060848995,19.064561878689156,685.7610362832886,20.57827441948807,-2365.4712527571466,19.223845609921449,628.2737937768155,13.776263631379145,45.97169079436236,18.71043709528522,-182.68814778371499,15.835108551223561,116.28371025977094,17.481960200658344,-319.6121056517078,14.799550634555324,-307.0242621868884,1375.8709886879472,1662.652833537165,0.0,0.0,0.0,0.0,0.0,0.0,0.0,0.0,0.0,0.0,0.0,0.0,0.0,0.0,0.0,0.0,0.0,0.0,0.0,0.0,0.0,0.0,1.4597813270843672,0.4455986956911982,432.12598198173256,505.9573148216704,13578.733727921392,0.3666696112164849,0.05596300537492132,340.6648353807336,400.39033761907379,9953.721228527922,1.26869491427074,0.23973826800278509,482.63964013264498,564.253623975947,15461.680486410925,0.34545196961171106,0.06527814996441998,355.6696092222789,417.7092100734625,10524.733559442971,0.0,0.0,13.357379141288732,16.04475175274374,229.17082341636402,0.0,0.0,20.567884877221318,24.19725736663581,588.1177021377946,0.0,0.0,293.0573362565195,349.09265146638406,6399.718146462584,0.0,0.0,48.46899285838433,57.12043273551291,1335.5433111785217,0.0,0.0,242.10956409121054,290.45365533733436,4323.010532773958,38.90527011858335,26.683998709590747,688.4873778436044,811.8402261735055,19888.67170385916,0.0,0.0,248.31638559324299,298.5918585999183,4112.950773350374,1849.5151106758709,21.287310766729556,33.645651744735328,21.999999999999969,29.999999999999959,0.0,20.152709293805687,36.10298463326546,15.999999999999977,29.999999999999959,2925.3287132716575,21.575413202387315,33.104353076418039,21.666666666666637,29.999999999999959,0.0,20.3431593837621,35.68330210893207,15.999999999999977,29.999999999999959,0.0,13.87388290136877,52.79859484765889,11.999999999999983,29.999999999999959,553.0632764747679,19.822148399497359,38.512658877698928,19.49999999999997,29.999999999999959,0.0,16.277236596205165,45.656160574537519,9.999999999999986,29.999999999999959,1289.8591114815718,19.230763486489388,38.53481188116321,20.69999999999997,29.999999999999959,0.0,14.23026881470533,51.99567975408449,11.999999999999983,29.999999999999959,0.0,19.17822563484611,0.0,0.0,0.0,13.557746195742015,0.0,0.0,596.2930310238469,601.6332842135195,596.3112700067309,599.3769504070501,604.2238772424378,770.5483586906159,606.9529632781026,665.7670005949473,613.8403741724219,10541.122885989313,81.0347827574252,85.83633989823376,59.999999999999918,0.0,59.999999999999918,59.999999999999918,16.0,16.0,19.0,12.0,19.7,12.0,21.0,10.0,1.0,0.0,1849.5151106758709,0.0,2925.3287132716575,0.0,553.0632764747679,0.0,1289.8591114815718,0.0,7266.315103763569,4359789.062258148,5675626.415005934,81.0347827574252,85.91788627856046,0.3555438367921188,0.767855339975948,0.360281374019659,85.91788627856046,0.354264781943887,5675626.415005934,0.2960092402469753 
 02/17  09:00:00,5.53,95.0,5.04,75.5,55.5,0.0,0.0,1.0,2.0,0.0,0.0,0.0,0.0,0.0,0.0,480.0,0.0,136.97406470184127,26.874306761636296,68.86452980307348,4.107187488313849,109.31848651187355,0.0,26.874306761636285,36.73921481211267,0.0,0.0,20.17493688791301,-1395.6987002603544,19.128415518630683,648.2922942598514,20.60747346164534,-2141.968641124089,19.273869430986616,552.1877793496362,13.78415563476709,46.044033506168577,18.4648564239699,-158.15462065690856,15.817581192530208,143.6497824531845,17.944270699932987,-442.6440191850931,14.783706529216789,-234.2588096061447,1355.5632674952,1649.5032971499055,0.0,0.0,0.0,0.0,0.0,0.0,0.0,0.0,0.0,0.0,0.0,0.0,0.0,0.0,0.0,0.0,0.0,0.0,0.0,0.0,0.0,0.0,1.4382386457566714,0.4390227856400096,429.1027211514231,502.34567405072758,13404.580541965403,0.3574736216348296,0.05455946606148194,331.9598327655084,390.07341628969126,9649.39089264508,1.2583131014863989,0.2377764742037792,452.120221907326,528.519862899242,14374.583688022853,0.3344089433393338,0.06319141030599657,336.68170785130067,395.3038846053577,9902.937435152307,0.0,0.0,13.341318377369025,16.0232266875943,226.0709154565489,0.0,0.0,20.464908088960475,24.120276315690338,557.0988163984495,0.0,0.0,288.07216309625076,343.1548431501947,6205.57281066436,0.0,0.0,57.643468943736369,67.78643398977767,1647.0080457605055,0.0,0.0,240.48656653881629,288.42798945245468,4260.5815991057029,38.77304953494131,26.593312438231359,660.7479794059436,778.9265656941005,19016.13031690815,0.0,0.0,247.36217570422788,297.2047954732224,4137.807727700217,1876.9552706423945,21.312996796141154,33.61649722158466,22.0,30.0,0.0,20.191949710912014,36.048550788290437,16.0,30.0,2667.695001056754,21.546631154526943,33.16089291179489,21.6,30.0,0.0,20.36578300726871,35.63463082066248,16.0,30.0,0.0,13.883822906676354,53.082555733512197,12.000000000000002,30.0,370.79314385926787,19.20788504310474,41.14716224230029,19.200000000000004,30.0,0.0,16.24305947409364,45.99339760916143,10.0,30.0,1289.572414059508,19.921188426338018,37.15399636789057,20.7,30.0,0.0,14.277222467903702,52.22525221805962,12.000000000000002,30.0,0.0,19.211070094610077,0.0,0.0,0.0,13.759583088791806,0.0,0.0,589.7573486391817,596.0226270080603,588.00275430927,591.597469542854,608.0913888517466,822.7161982308469,611.1815259866304,660.0569457458082,622.7313958401662,10497.03612247716,81.06389703975109,85.48189412283928,60.0,0.0,60.0,60.0,16.0,16.0,19.0,12.0,19.7,12.0,21.0,10.0,1.0,0.0,1876.9552706423945,0.0,2667.695001056754,0.0,370.79314385926787,0.0,1289.572414059508,0.0,6685.719070310415,4011431.4421862487,5230059.489264216,81.06389703975109,85.55692638005388,0.3588573023436805,0.7677179308154438,0.36028137401965956,85.55692638005388,0.35426478194388757,5230059.489264216,0.2728264267750726 
 02/17  09:10:00,5.76,94.33333333333334,5.303333333333334,82.66666666666667,67.66666666666667,0.0,0.0,0.0,0.0,0.0,0.0,0.0,0.0,0.0,0.0,864.0,0.0,176.45029151960157,30.464020832151968,78.06305006846381,5.290873058403373,140.82415260206308,0.0,30.46402083215195,41.64662609979675,0.0,0.0,19.483672573478708,-364.9744006473813,19.06749369931159,136.62003584431273,19.84430684141492,-1007.8216116516489,19.19244153202903,30.948085615307919,13.796310457478713,47.820676977948398,18.05955940883934,-474.18393655410429,15.920274404307193,181.85325356852446,17.35564047396793,-270.5733222338527,14.797127401089183,-205.41153525038718,943.8887329715697,1554.65444245691,0.0,0.0,0.0,0.0,0.0,0.0,0.0,0.0,0.0,0.0,0.0,0.0,0.0,0.0,0.0,0.0,0.0,0.0,0.0,0.0,0.0,0.0,1.3975514528484423,0.4266030075849946,243.64079789959829,286.5298638844615,7085.839431485678,0.29539937114685346,0.04508537410666263,159.4033473133752,187.77196388918999,4534.761187817318,1.2559826859828105,0.23733610846236029,276.26275298131278,324.6441573255946,8186.243242600125,0.27141762170172376,0.05128828830342473,159.5562570659137,187.8198871526671,4601.4614768644819,0.0,0.0,13.004478807827953,15.62624868564457,214.70561433538973,0.0,0.0,97.51984773043903,115.263039953823,2503.3633011492895,0.0,0.0,363.85231910444198,433.31528017638768,7804.695503506932,0.0,0.0,48.94033997021384,57.80928357462749,1278.6743912877706,0.0,0.0,241.36887566462998,289.5290073318364,4200.0963429113339,38.50560067938905,26.409877009183167,314.713967093321,372.46363324092456,9054.317061636584,0.0,0.0,247.88967074556283,297.88206478717356,4069.133871456068,0.0,20.191231792531818,36.14734035473848,21.999999999999994,29.999999999999994,0.0,19.9768164113816,36.59323963659084,15.999999999999997,29.999999999999994,0.0,20.40819556191256,35.66824423428516,21.66666666666666,29.999999999999994,0.0,20.14439137644825,36.204123119421577,15.999999999999997,29.999999999999994,0.0,13.899800714219334,53.461763037499249,11.999999999999997,29.999999999999994,0.0,18.607933482139499,40.82428605748912,15.999999999999997,29.999999999999994,0.0,16.432717137186488,46.13111395904572,9.999999999999999,29.999999999999994,0.0,18.805848294803046,39.690424083463209,11.999999999999997,29.999999999999994,0.0,14.353732841931647,52.50901458143342,11.999999999999997,29.999999999999994,0.0,18.012290875804653,0.0,0.0,0.0,13.834290500309173,0.0,0.0,584.7360976645609,590.2002736591032,574.4195529663867,585.7907651329633,618.7498663250284,686.8053707560806,640.7057434711442,641.0357383585919,637.5204586991923,0.0,80.48960541890804,80.48960541890804,59.999999999999989,0.0,59.999999999999989,59.999999999999989,16.0,16.0,16.0,12.0,12.0,12.0,21.0,10.0,0.0,0.0,0.0,0.0,0.0,0.0,0.0,0.0,0.0,0.0,0.0,0.0,0.0,80.48960541890804,80.48960541890804,0.0,0.0,0.0,80.48960541890804,0.0,0.0,0.0008499999999999998 
 02/17  09:20:00,5.99,93.66666666666667,5.566666666666666,89.83333333333334,79.83333333333334,0.0,0.0,0.0,0.0,0.0,0.0,0.0,0.0,0.0,0.0,480.0,0.0,206.69651483588712,33.16368523029073,84.980871066467,6.197802265021531,164.96345997603025,0.0,33.16368523029072,45.33727200644465,0.0,0.0,18.821047768118569,-97.05509186357851,18.69465467490297,-220.4318162405128,19.11269552172279,-340.45281185589598,18.7184791168481,-170.67434017370918,13.801563522037548,37.69669106246768,17.533627295068027,-275.3912892458792,15.789983450016106,58.645111611599009,16.525396545869648,-110.29004165498331,14.784058979742678,-258.9061210324077,765.078947159174,1321.9280917968734,0.0,0.0,0.0,0.0,0.0,0.0,0.0,0.0,0.0,0.0,0.0,0.0,0.0,0.0,0.0,0.0,0.0,0.0,0.0,0.0,0.0,0.0,1.2878974172549418,0.39313107974815078,175.59162498928456,207.1318914813819,4629.917755722365,0.24380859731315628,0.037211324376244869,95.88889806045381,113.13036533993605,2545.166325767398,1.2090569689674258,0.22846881499762407,134.20894916199743,158.37102011846538,3581.7694259373677,0.23476759800674117,0.04436273582893824,77.90935461099882,91.9354946382023,2078.1015006651266,0.0,0.0,11.527368380433297,13.845344945210162,185.04796789898544,0.0,0.0,82.59959973411307,97.90465704064357,1938.8025023108754,0.0,0.0,331.54049871890268,395.0559670678115,6795.459410269859,0.0,0.0,34.7481662630524,41.25026812394311,790.7291494874023,0.0,0.0,220.86583048250032,264.8456271511485,3744.6900475467266,38.02570339943574,26.08072935489421,163.4396166078164,194.2584236367461,4494.453958188891,0.0,0.0,225.78237368707526,271.46510228505385,3494.175076845448,0.0,19.141601523096577,38.664526068232778,22.000000000000008,30.000000000000008,0.0,19.22833989951136,38.461412482431018,16.000000000000005,30.000000000000008,0.0,19.24039920407164,38.450085556269758,22.000000000000008,30.000000000000008,0.0,19.262784654775289,38.36287824206373,16.000000000000005,30.000000000000008,0.0,13.902626195870767,53.83202519836598,12.000000000000004,30.000000000000008,0.0,17.713508516852273,42.51936763820671,16.000000000000005,30.000000000000008,0.0,16.17491226782314,46.812205307007989,10.000000000000002,30.000000000000008,0.0,17.303809109920388,43.591733076682867,12.000000000000004,30.000000000000008,0.0,14.361094069464759,52.63543200001,12.000000000000004,30.000000000000008,0.0,16.847721342710466,0.0,0.0,0.0,13.588053017458554,0.0,0.0,577.990816383415,571.1771554773691,561.2341865175716,578.1381122653946,627.3200551031307,636.7524408272691,627.0151810366785,634.2238034614752,636.5069273064363,0.0,80.48960541890807,80.48960541890807,60.000000000000017,0.0,60.000000000000017,60.000000000000017,16.0,16.0,16.0,12.0,12.0,12.0,21.0,10.0,0.0,0.0,0.0,0.0,0.0,0.0,0.0,0.0,0.0,0.0,0.0,0.0,0.0,80.48960541890807,80.48960541890807,0.0,0.0,0.0,80.48960541890807,0.0,0.0,0.00082 
 02/17  09:30:00,6.220000000000001,93.0,5.83,97.0,92.0,0.0,0.0,0.0,0.0,0.0,0.0,0.0,0.0,0.0,0.0,384.0,0.0,241.13800923984705,35.79085685379206,91.71293613545739,7.230524865854966,192.45097102239729,0.0,35.79085685379204,48.928814794141299,0.0,0.0,18.41674134124628,-83.22625828545643,18.345895457476077,-204.76624270485264,18.675303361202354,-416.2673329900075,18.32997160392572,-172.86080743007504,13.798085604301109,30.21758001267432,17.232006036502086,-210.08707449834606,15.652940579298097,39.441884207983097,16.05120190661828,-55.964081395712899,14.72640419381474,-289.1018200373105,601.8345857678517,1143.8311316758339,0.0,0.0,0.0,0.0,0.0,0.0,0.0,0.0,0.0,0.0,0.0,0.0,0.0,0.0,0.0,0.0,0.0,0.0,0.0,0.0,0.0,0.0,1.1826994097955855,0.3610193558594583,132.80707866255757,156.9485821879931,3297.9853476147125,0.2223917252326036,0.03394257100619713,62.45779162428269,73.81488634034602,1545.7204418231998,1.1196120284713156,0.2115668988041036,124.13283988058086,146.5902280581755,3074.135335576087,0.21725315478872746,0.04105312826695529,70.66022588363814,83.3972847538552,1735.4324372839515,0.0,0.0,10.673954268902082,12.817786057864659,166.13376952345517,0.0,0.0,74.81168405912638,88.79890212652647,1652.5987957004828,0.0,0.0,309.2040440905313,368.6776729816795,6046.011884337671,0.0,0.0,25.76722808909047,30.6660012757337,533.673899641089,0.0,0.0,203.61368460941854,244.16689724655954,3328.795112031957,37.80607909525153,25.930095401407099,126.9009767456641,151.01481711809616,3342.0576028073776,0.0,0.0,207.19865093315816,249.246336647901,3026.269295904931,0.0,18.560608923890308,40.210097980064919,22.0,30.0,0.0,18.58662029813755,40.19044487819433,16.0,30.0,0.0,18.598144890888073,40.23836019665184,22.0,30.0,0.0,18.60017758736871,40.15207691545734,16.0,30.0,0.0,13.89021982339129,54.03403539573275,12.0,30.0,0.0,17.239890297482864,43.747913042377849,16.0,30.0,0.0,15.928583390451554,47.541048784516998,10.0,30.0,0.0,16.51099061126642,45.828871725743059,12.0,30.0,0.0,14.288375982654913,52.854051640590579,12.0,30.0,0.0,16.326475243969769,0.0,0.0,0.0,13.387513715675637,0.0,0.0,569.260297469914,554.2419606544347,546.730561070925,566.6945546570787,626.646300766904,624.6784943267683,616.407251455265,628.5138476231987,627.3506343343793,0.0,80.48960541890804,80.48960541890804,60.0,0.0,60.0,60.0,16.0,16.0,16.0,12.0,12.0,12.0,21.0,10.0,0.0,0.0,0.0,0.0,0.0,0.0,0.0,0.0,0.0,0.0,0.0,0.0,0.0,80.48960541890804,80.48960541890804,0.0,0.0,0.0,80.48960541890804,0.0,0.0,0.00079 
 02/17  09:40:00,6.45,92.33333333333334,6.093333333333334,101.16666666666667,79.83333333333334,0.0,0.0,0.0,0.0,0.0,0.0,0.0,0.0,0.0,0.0,192.0,0.0,255.73743493815437,37.129525707661617,95.14321601469648,7.66828333645791,204.10263663027599,0.0,37.1295257076616,50.758876608230817,0.0,0.0,18.096385756525057,-63.30567818410191,18.076095060512956,-248.09533913440419,18.368063159537713,-109.29669999192436,18.020467420926868,-203.4251573837768,13.79072722848489,26.79403207999647,17.02262178337277,-175.28624905113294,15.547482040976425,41.2765156586247,15.722859064919664,-30.880035710508197,14.66568942466105,-278.26075125219088,342.7098895702619,1045.2574761680945,0.0,0.0,0.0,0.0,0.0,0.0,0.0,0.0,0.0,0.0,0.0,0.0,0.0,0.0,0.0,0.0,0.0,0.0,0.0,0.0,0.0,0.0,1.1003525883667962,0.33588296348192805,100.31982615980894,118.62066704422222,2363.2068441467997,0.20600103176547975,0.03144093891414526,54.38553611152102,64.26495178574165,1268.2743348717336,1.0523433312809226,0.19885550477719633,58.2022400764464,68.7601946096169,1390.5226232172996,0.2038563058645833,0.03852159974765367,35.48714368766195,41.90010496919738,821.9854545160316,0.0,0.0,10.23385170549335,12.27681756564047,154.23564890022394,0.0,0.0,71.15842009977965,84.46264277246503,1497.302736757003,0.0,0.0,298.50012480229568,355.7499930664609,5597.474072410221,0.0,0.0,21.48508079071982,25.587336569128369,413.6791083376544,0.0,0.0,195.57799174018028,234.338097137531,3077.8647180655855,37.771083258620368,25.906092769972824,61.35295674534777,73.12407173532137,1815.7690876565858,0.0,0.0,198.51635127241139,238.59428009813116,2782.8485412690995,0.0,18.11649649148987,41.46781613256766,22.0,30.0,0.0,18.115466564413106,41.656460924089248,16.0,30.0,0.0,18.214224056704809,41.31505879410813,22.0,30.0,0.0,18.09834680190437,41.63594792620612,16.0,30.0,0.0,13.874537055435459,54.175220419995259,12.0,30.0,0.0,16.93405146931536,44.59546784970664,16.0,30.0,0.0,15.752978380178718,48.09014949353376,10.0,30.0,0.0,16.004440751533385,47.32326595735388,12.0,30.0,0.0,14.21273711846835,53.099805241374017,12.0,30.0,0.0,15.544183586421769,0.0,0.0,0.0,13.327156988639019,0.0,0.0,560.934305132706,534.3072363076326,545.3934964306197,554.8273166104884,622.3144892087203,616.6416095653017,609.70073841151,621.6682533122666,620.0023845743072,0.0,80.48960541890804,80.48960541890804,60.0,0.0,60.0,60.0,16.0,16.0,16.0,12.0,12.0,12.0,21.0,10.0,0.0,0.0,0.0,0.0,0.0,0.0,0.0,0.0,0.0,0.0,0.0,0.0,0.0,80.48960541890804,80.48960541890804,0.0,0.0,0.0,80.48960541890804,0.0,0.0,0.0007599999999999999 
 02/17  09:50:00,6.680000000000001,91.66666666666667,6.3566666666666669,105.33333333333333,67.66666666666667,0.0,0.0,0.0,0.0,0.0,0.0,0.0,0.0,0.0,0.0,384.0,0.0,242.60133883825794,37.42000247762838,95.88755924509563,7.274406290993321,193.61888450261177,0.0,37.42000247762836,51.15598037520023,0.0,0.0,17.847678501106317,-149.80006092237819,17.907028444987156,-132.07984145326865,18.087171759993617,-395.2343454901272,17.829450984789405,-128.88170785868443,13.78156451194678,22.736684074731686,16.884100086303499,-171.9849501754062,15.459199400916959,16.160620639080663,15.525889509163133,-22.123096180800105,14.624043552435632,-281.91203793355956,410.6280130475818,922.5074425615815,0.0,0.0,0.0,0.0,0.0,0.0,0.0,0.0,0.0,0.0,0.0,0.0,0.0,0.0,0.0,0.0,0.0,0.0,0.0,0.0,0.0,0.0,1.0109368487192577,0.3085887816603351,106.40479764366472,126.02814662432101,2382.3390194037885,0.18773518525082096,0.028653111302017848,29.453419141642344,34.8885951849586,661.8338327992443,0.9682614375701637,0.1829670139021474,116.87539006991793,138.42368307806528,2614.5840575849285,0.1898610552422211,0.03587699456580141,73.6352414074633,87.19564425854898,1641.9759845678587,0.0,0.0,9.800771121778658,11.770800227934672,142.8472171388565,0.0,0.0,68.64789429202256,81.61895606411004,1390.1476737723456,0.0,0.0,284.6013579643005,339.7308882448174,5126.529468074819,0.0,0.0,17.221305269241065,20.54990568727013,314.69343064380578,0.0,0.0,183.73557140873579,220.43006535100955,2791.185664815327,37.815133164693659,25.936305325578649,108.4894981491257,129.25167482865533,2717.0165967921968,0.0,0.0,185.91419609659159,223.76633640199356,2488.647705035746,0.0,17.796777736944418,42.54907619295814,22.0,30.0,0.0,17.874150503730438,42.5187630651867,16.0,30.0,0.0,17.822039733576525,42.757955125386789,22.0,30.0,0.0,17.83526186652484,42.450391335626857,16.0,30.0,0.0,13.859984065387576,54.27146117402388,12.0,30.0,0.0,16.765114044537115,45.09637771729005,16.0,30.0,0.0,15.612564700106331,48.584592979879179,10.0,30.0,0.0,15.742985242472205,48.126607404777839,12.0,30.0,0.0,14.172447505014726,53.25079088696909,12.0,30.0,0.0,15.75432502386883,0.0,0.0,0.0,13.244264927717249,0.0,0.0,545.6643439849738,523.2894102408005,515.4887485338661,543.1963500712952,617.3907964178733,608.4324491501186,598.3777672244801,615.7639618348566,610.7389152930296,0.0,80.48960541890804,80.48960541890804,60.0,0.0,60.0,60.0,16.0,16.0,16.0,12.0,12.0,12.0,21.0,10.0,0.0,0.0,0.0,0.0,0.0,0.0,0.0,0.0,0.0,0.0,0.0,0.0,0.0,80.48960541890804,80.48960541890804,0.0,0.0,0.0,80.48960541890804,0.0,0.0,0.0007333333333333333 
 02/17  10:00:00,6.91,91.0,6.62,109.5,55.5,0.0,0.0,0.0,0.0,0.0,0.0,0.0,0.0,0.0,0.0,192.0,0.0,249.05549226762836,38.65185612404557,99.04412459007533,7.467932098697579,198.76988817755885,0.0,38.65185612404556,52.8400177025337,0.0,0.0,17.618695159434418,-23.4776890452722,17.713069569137656,-295.155261214084,17.844883020322059,-347.82551753923385,17.677728023522904,-54.000631365641059,13.770344883946163,21.26611716628983,16.75728474675499,-157.5579232967293,15.380104015083776,17.240671422347078,15.346446169700855,-14.939598447336607,14.581591993454416,-266.0658490767114,428.781998944286,864.3521658416362,0.0,0.0,0.0,0.0,0.0,0.0,0.0,0.0,0.0,0.0,0.0,0.0,0.0,0.0,0.0,0.0,0.0,0.0,0.0,0.0,0.0,0.0,0.9428402246313989,0.2878022663710009,160.7165117916357,190.31621357572744,3429.2101133214239,0.1747131870173017,0.02666562683414251,78.19932239435757,92.63140622014226,1668.1727337565758,0.8910164152021478,0.16837044882882619,95.1348853296633,112.5733781288593,2019.1738725563835,0.17454989983539088,0.03298373012762487,37.22146051688835,44.00161710692619,800.6438940617799,0.0,0.0,9.55617947082816,11.465724866793075,134.52615760051664,0.0,0.0,67.2581618245442,79.92813364308339,1310.0788173556469,0.0,0.0,277.9578543394032,331.5817848892906,4815.959855062911,0.0,0.0,15.366845607964216,18.33351650757293,266.44705093631526,0.0,0.0,179.11889274140783,214.69408109207903,2622.8162508473926,38.02174620175318,26.078015227539916,126.28555879790462,150.25538538761189,2976.7649660415229,0.0,0.0,181.08676969667887,217.72210993046003,2339.942429843575,0.0,17.52123112241511,43.52531649686874,22.0,30.0,0.0,17.55083658480025,43.696044934494,16.0,30.0,0.0,17.525255122750545,43.748865176154229,22.0,30.0,0.0,17.63036860594878,43.13696858772337,16.0,30.0,0.0,13.842234822277448,54.39098853340122,12.0,30.0,0.0,16.60234178024399,45.61151323813842,16.0,30.0,0.0,15.49598083824221,49.01551813571517,10.0,30.0,0.0,15.500234584444766,48.906314910619148,12.0,30.0,0.0,14.128789972087091,53.440450557918428,12.0,30.0,0.0,15.843454416488842,0.0,0.0,0.0,13.244536801117079,0.0,0.0,528.0575433046773,509.181505089725,514.0603024461732,539.6764233051151,609.6621678065887,599.0779213226231,590.3403855390438,607.6382263014913,602.7293705227138,0.0,80.48960541890804,80.48960541890804,60.0,0.0,60.0,60.0,16.0,16.0,16.0,12.0,12.0,12.0,21.0,10.0,0.0,0.0,0.0,0.0,0.0,0.0,0.0,0.0,0.0,0.0,0.0,0.0,0.0,80.48960541890804,80.48960541890804,0.0,0.0,0.0,80.48960541890804,0.0,0.0,0.0007066666666666668 
 02/17  10:10:00,7.036666666666667,90.50000000000002,6.73,113.66666666666667,43.33333333333333,0.0,0.0,0.0,0.0,0.0,0.0,0.0,0.0,0.0,0.0,192.0,0.0,252.4752823481794,39.839150938106389,102.08650748146148,7.570473686792687,201.49919541385359,0.0,39.83915093810637,54.463139727819079,0.0,0.0,17.387519555312506,-176.55273791360015,17.521561072074439,-238.21060503165269,17.55405814087301,-228.68639281114975,17.529178598394979,-231.2196246586659,13.758270256449574,17.824822987789305,16.657413482396878,-161.82115868321353,15.289210631419064,7.553434624998317,15.212999813113023,-12.440377057203733,14.555322094128151,-252.98736030137753,589.388760632879,752.2031101347143,0.0,0.0,0.0,0.0,0.0,0.0,0.0,0.0,0.0,0.0,0.0,0.0,0.0,0.0,0.0,0.0,0.0,0.0,0.0,0.0,0.0,0.0,0.8912278713135939,0.2720475797660543,351.10594721479108,416.4180047235745,7185.061725114407,0.14701657496082627,0.022438427191823305,156.84953738939124,186.12736500154208,3204.0555478751377,0.8313270555796779,0.15709128034385456,367.96833398184335,436.3975698000314,7449.5993755720469,0.15243885178928374,0.028805527548995403,213.28675378575634,252.69788747374538,4419.707460007672,0.0,0.0,9.121647352360136,10.943326223386965,125.74543032955583,0.0,0.0,67.40009166893921,80.11906224369037,1280.0397948612284,0.0,0.0,261.94452908475878,312.60737283093916,4398.23926579237,0.0,0.0,12.658721179757558,15.105670266760715,212.0961026934391,0.0,0.0,165.56617958875013,198.45999979539597,2376.9433875717379,37.69935316773369,25.856895176772086,499.51243903313937,594.0277250095512,10083.60586408354,0.0,0.0,166.96762027976008,200.80071333685067,2088.684539170612,0.0,17.19453912393733,44.61699437182526,22.0,30.0,0.0,17.255546141039099,44.685166710897728,16.0,30.0,0.0,17.121270810760757,44.9686232606485,22.0,30.0,0.0,17.40286017683809,43.962039543719047,16.0,30.0,0.0,13.824423902033603,54.534136055676537,12.0,30.0,0.0,16.48383380551364,46.08525296925592,16.0,30.0,0.0,15.352427860974597,49.625793119575039,10.0,30.0,0.0,15.33769334870026,49.478687956690198,12.0,30.0,0.0,14.113599215779054,53.63283769255625,12.0,30.0,0.0,16.395173517879173,0.0,0.0,0.0,13.165702412083168,0.0,0.0,523.4630062929964,506.4214351948888,513.2798364051432,527.7194768511528,600.2408718085964,583.7069672554749,574.9739688284476,598.455097907198,586.0149077803051,0.0,80.48960541890804,80.48960541890804,60.0,0.0,60.0,60.0,16.0,16.0,16.0,12.0,12.0,12.0,21.0,10.0,0.0,0.0,0.0,0.0,0.0,0.0,0.0,0.0,0.0,0.0,0.0,0.0,0.0,80.48960541890804,80.48960541890804,0.0,0.0,0.0,80.48960541890804,0.0,0.0,0.0006799999999999999 
 02/17  10:20:00,7.163333333333334,90.0,6.840000000000001,117.83333333333334,31.166666666666666,0.0,0.0,0.0,0.0,0.0,0.0,0.0,0.0,0.0,0.0,96.0,0.0,252.89267278511665,40.98484967721123,105.02230005582456,7.582989504897297,201.83231646843104,0.0,40.98484967721121,56.02939676504345,0.0,0.0,17.28892554062073,10.860592038208779,17.410977364714605,-254.4119525560618,17.47495773213658,-258.4167208184126,17.405620943891326,-41.07547973574424,13.744875649314889,17.144426080036739,16.564667470440904,-136.7947800352647,15.218579984163864,-5.633481102411679,15.087353197022374,-7.865198264439016,14.514973334941378,-269.19958685129407,496.0211827385647,748.9688101030442,0.0,0.0,0.0,0.0,0.0,0.0,0.0,0.0,0.0,0.0,0.0,0.0,0.0,0.0,0.0,0.0,0.0,0.0,0.0,0.0,0.0,0.0,0.8476658047128804,0.2587502456388524,313.0634435295379,370.43193812692587,6291.256181876278,0.13936712451549505,0.02127092865010608,166.77000657012327,197.35134021083713,3324.7262306652767,0.7387098485594172,0.13958991847305697,173.0203871579553,204.75338489236195,3458.826535877708,0.14290627394261455,0.027004208983865176,44.67539128699356,52.84566259126321,906.5142075839635,0.0,0.0,8.795118843358628,10.530023164712873,118.7021896723789,0.0,0.0,64.82611491705258,76.92263141158267,1201.6031003745707,0.0,0.0,258.1751214633197,307.54195094807735,4219.1655340791,0.0,0.0,11.565180696114743,13.78051686410816,187.35635743217785,0.0,0.0,167.27021134445978,200.08109229342484,2343.701897530039,37.54285568860241,25.749558085461194,293.1986190621645,348.1626205456062,5949.576314414844,0.0,0.0,168.79820155680154,202.49549141938946,2090.3686827542876,0.0,17.171596980034065,44.628152700282807,22.0,30.0,0.0,17.108229354602235,45.37456759083472,16.0,30.0,0.0,17.10126444869774,45.379984951182169,22.0,30.0,0.0,17.267326272413059,44.265323054426009,16.0,30.0,0.0,13.805787793881576,54.70648549356051,12.0,30.0,0.0,16.37596442565315,46.499619559971069,16.0,30.0,0.0,15.251574567263642,50.021840074720937,10.0,30.0,0.0,15.179012268896635,50.07380324879358,12.0,30.0,0.0,14.06639027378114,53.8723893924413,12.0,30.0,0.0,16.123304753036906,0.0,0.0,0.0,13.230932611859375,0.0,0.0,526.9492688388592,489.6843293851589,491.0120457720279,535.0195315730325,588.9307392975408,572.5995120067811,569.1849419955858,587.2939001059489,579.8387398978341,0.0,80.48960541890804,80.48960541890804,60.0,0.0,60.0,60.0,16.0,16.0,16.0,12.0,12.0,12.0,21.0,10.0,0.0,0.0,0.0,0.0,0.0,0.0,0.0,0.0,0.0,0.0,0.0,0.0,0.0,80.48960541890804,80.48960541890804,0.0,0.0,0.0,80.48960541890804,0.0,0.0,0.0006733333333333332 
 02/17  10:30:00,7.29,89.5,6.95,122.0,19.0,0.0,0.0,0.0,0.0,0.0,0.0,0.0,0.0,0.0,0.0,192.0,0.0,224.1321679856353,41.785446023610997,107.07378469328991,6.720621134435417,178.8788790214898,0.0,41.78544602361097,57.12387266758697,0.0,0.0,17.15077842940157,-85.11790357256928,17.361370982230164,-175.54784532529835,17.39670656404195,-224.10259587957808,17.309867631779136,-141.96405558293828,13.733375267195225,17.068190971113596,16.485623820210429,-149.2112146731621,15.204114959682475,17.0836787212329,15.00379799700336,-7.602435718171108,14.500893201991536,-231.39153040983639,421.98346186937308,678.3070522732651,0.0,0.0,0.0,0.0,0.0,0.0,0.0,0.0,0.0,0.0,0.0,0.0,0.0,0.0,0.0,0.0,0.0,0.0,0.0,0.0,0.0,0.0,0.8145083716085165,0.24862892906242876,174.30275746127345,206.62152294250672,3407.851014607061,0.14826742528267146,0.022629338413106147,80.18826715908006,94.99646920767589,1572.175710350362,0.7582147050666321,0.14327564343662745,145.99668154821848,173.1171906295363,2870.9493060286624,0.14323538354082028,0.027066399006201858,92.11563217788702,109.29503598883275,1816.6078363916136,0.0,0.0,8.99425312326986,10.792513972150003,118.84006369009797,0.0,0.0,65.2338281877781,77.59790523203842,1182.7798228620532,0.0,0.0,256.3419966564891,306.01002370272479,4129.201118447137,0.0,0.0,10.53322724148046,12.583738569603023,166.1937115021053,0.0,0.0,160.2261405510726,192.0612959056146,2205.9880665356415,37.481795651775197,25.707678773508375,192.9568935420927,229.59501872266393,4001.1037595310315,0.0,0.0,161.22156824887706,193.8342591718228,1949.2410080013356,0.0,16.989439603701265,45.34041636960723,22.0,30.0,0.0,17.102437143192547,45.392610344800427,16.0,30.0,0.0,17.08155864127574,45.298292522743818,22.0,30.0,0.0,17.128596655989914,44.86771638931987,16.0,30.0,0.0,13.794438847882706,54.80860084001169,12.0,30.0,0.0,16.301618457751986,46.760877686033108,16.0,30.0,0.0,15.265047306056284,50.057786671260718,10.0,30.0,0.0,15.095109244577362,50.39224266693986,12.0,30.0,0.0,14.075250470068472,53.929683897836657,12.0,30.0,0.0,15.88556741993238,0.0,0.0,0.0,13.214715565934207,0.0,0.0,518.1597871543746,492.84209656431667,504.6382156415126,523.0493722894555,582.9984345947314,569.2617955653742,561.9410283890948,582.2479290109018,571.5349741534469,0.0,80.48960541890804,80.48960541890804,60.0,0.0,60.0,60.0,16.0,16.0,16.0,12.0,12.0,12.0,21.0,10.0,0.0,0.0,0.0,0.0,0.0,0.0,0.0,0.0,0.0,0.0,0.0,0.0,0.0,80.48960541890804,80.48960541890804,0.0,0.0,0.0,80.48960541890804,0.0,0.0,0.0006666666666666668 
 02/17  10:40:00,7.416666666666667,89.0,7.0600000000000009,115.83333333333334,17.5,0.0,0.0,0.0,0.0,0.0,0.0,0.0,0.0,0.0,0.0,192.0,0.0,211.5232387001582,40.0130412248074,102.53205014131547,6.3425421556636849,168.8157575781595,0.0,40.01304122480738,54.70086093318867,0.0,0.0,17.049102487069207,-101.06686664974677,17.262600312496887,-181.0740105935638,17.199597836094108,-204.2699244164146,17.224647363930204,-204.24336071863127,13.720224626540715,16.513868659459477,16.410747609869188,-138.25516999253285,15.169670795375322,16.411387484340595,14.915591476749235,-7.700884683032314,14.49058419990973,-219.23091340162456,451.7299021887575,642.6648748842049,0.0,0.0,0.0,0.0,0.0,0.0,0.0,0.0,0.0,0.0,0.0,0.0,0.0,0.0,0.0,0.0,0.0,0.0,0.0,0.0,0.0,0.0,0.76607924783863,0.23384592424866608,181.90437243236176,215.90506549443539,3468.994770959075,0.1388001708682492,0.021184397263163798,78.25119406617874,92.83831320367566,1501.1838651692916,0.7568256183869874,0.1430131554019251,266.42079610971759,316.1543504116464,5042.49364861134,0.13880407070126236,0.02622903830333755,164.43898725193447,195.03174199313046,3163.0240357294117,0.0,0.0,8.811561575257083,10.572940527723663,113.90191204386557,0.0,0.0,62.66631875131407,74.5539810028748,1111.2623178870204,0.0,0.0,250.16208612231316,298.64903231588598,3948.085108721122,0.0,0.0,8.106829842460034,9.685667836858949,124.2247175280077,0.0,0.0,155.5453714827837,186.44045060901599,2104.6585007598889,37.34459189855994,25.613574690370336,281.41864987125566,334.96748735867177,5488.329160098211,0.0,0.0,156.59700849899859,188.2598400710471,1858.1648106789795,0.0,16.893064854378076,45.898908268228058,22.0,30.0,0.0,16.97657366025811,46.05609232608756,16.0,30.0,0.0,16.814034606560136,46.26975851434284,22.0,30.0,0.0,17.029738063842517,45.370164837578688,16.0,30.0,0.0,13.779415909789542,54.976335363469647,12.0,30.0,0.0,16.228207175735297,47.12791054555576,16.0,30.0,0.0,15.229112724905964,50.36714170181659,10.0,30.0,0.0,14.996026250095158,50.79303495712833,12.0,30.0,0.0,14.085048649330468,54.06089823464833,12.0,30.0,0.0,15.993971318957705,0.0,0.0,0.0,13.231103479634026,0.0,0.0,505.6239521420038,481.3255994633565,497.3465559167149,513.4179348874963,573.5977285734232,557.38172286813,548.9211970929337,575.0257432022486,559.3523750659808,0.0,80.48960541890804,80.48960541890804,60.0,0.0,60.0,60.0,16.0,16.0,16.0,12.0,12.0,12.0,21.0,10.0,0.0,0.0,0.0,0.0,0.0,0.0,0.0,0.0,0.0,0.0,0.0,0.0,0.0,80.48960541890804,80.48960541890804,0.0,0.0,0.0,80.48960541890804,0.0,0.0,0.0006600000000000001 
 02/17  10:50:00,7.543333333333333,88.5,7.17,109.66666666666667,16.0,0.0,0.0,0.0,0.0,0.0,0.0,0.0,0.0,0.0,0.0,192.0,0.0,198.76968216723544,38.17272083384388,97.81628534179322,5.960126551904657,158.63721015440465,0.0,38.17272083384386,52.185003435303837,0.0,0.0,16.948165269740494,-27.82683234319211,17.191478699217556,-235.11624353519916,17.199801165094429,-125.17721093548198,17.10835778059274,-137.1823324932638,13.706792289175692,15.997221703443245,16.340885576758468,-131.94210428589373,15.13934161664018,10.056382230901363,14.830583312160336,-13.39550188333881,14.482309913446393,-210.71652529851645,306.9510124373519,612.9816714420481,0.0,0.0,0.0,0.0,0.0,0.0,0.0,0.0,0.0,0.0,0.0,0.0,0.0,0.0,0.0,0.0,0.0,0.0,0.0,0.0,0.0,0.0,0.7410449531967313,0.2262041981675004,165.82324608737745,196.83048265752985,3092.102021879542,0.1341545423642566,0.02047535750370217,83.88918085149695,99.48185077389027,1571.8582545737209,0.6919372635950662,0.13075156152590074,84.69607572365254,100.52283535121282,1603.7405346958672,0.1295413339256563,0.024478710114447516,41.946068701994779,49.69819312555579,784.294285863192,0.0,0.0,8.667049421083878,10.399901270934312,109.55239706524809,0.0,0.0,61.64847784512166,73.35924930976614,1069.4136512473666,0.0,0.0,243.89552073183268,291.1848482540311,3773.0101999754385,0.0,0.0,7.9321918359503009,9.480602787973883,117.99942366172931,0.0,0.0,150.73567376385817,180.65700024903124,2004.3447912802754,37.18514873891617,25.50421724205499,120.05407984367428,143.06864473220308,2531.561563223083,0.0,0.0,153.50389218530854,184.51906023565616,1786.3358892285619,0.0,16.80459232286711,46.55315726359777,22.0,30.0,0.0,16.89993793602494,46.337468261040957,16.0,30.0,0.0,16.92063570816427,46.03884840891283,22.0,30.0,0.0,16.888798294915334,46.11517938529735,16.0,30.0,0.0,13.76443782259022,55.18759509372757,12.0,30.0,0.0,16.160481062485315,47.5271753777005,16.0,30.0,0.0,15.200106759184678,50.69181300865578,10.0,30.0,0.0,14.897788834957325,51.228237770771468,12.0,30.0,0.0,14.096470584931346,54.22366270075095,12.0,30.0,0.0,15.533397243618627,0.0,0.0,0.0,13.245357915392585,0.0,0.0,486.17818808515337,483.81443457004027,496.67589620494786,497.8164324421144,562.7848058959224,544.3181394459695,535.4724209587034,566.3604300377213,547.006436936013,0.0,80.48960541890804,80.48960541890804,60.0,0.0,60.0,60.0,16.0,16.0,16.0,12.0,12.0,12.0,21.0,10.0,0.0,0.0,0.0,0.0,0.0,0.0,0.0,0.0,0.0,0.0,0.0,0.0,0.0,80.48960541890804,80.48960541890804,0.0,0.0,0.0,80.48960541890804,0.0,0.0,0.0006633333333333333 
 02/17  11:00:00,7.67,88.0,7.28,103.5,14.5,0.0,0.0,0.0,0.0,0.0,0.0,0.0,0.0,0.0,0.0,192.0,0.0,185.8830693897263,36.27385976400622,92.95051301381106,5.573721278143876,148.35247148888463,0.0,36.2738597640062,49.58911639115087,0.0,0.0,16.88012384372578,-41.10897181647351,17.10520811020072,-149.14625398651737,17.11042200469238,-276.69885268127748,16.989668757061819,-146.03904314592774,13.693327923538233,15.937694610099073,16.27862009518579,-123.77505135728757,15.111576593294777,15.936631085435238,14.739646435980618,-27.26192262263575,14.474873984481452,-196.7820266231206,402.08009553435479,597.9898325833365,0.0,0.0,0.0,0.0,0.0,0.0,0.0,0.0,0.0,0.0,0.0,0.0,0.0,0.0,0.0,0.0,0.0,0.0,0.0,0.0,0.0,0.0,0.7066143888120933,0.21569425787914937,153.60611345428038,182.3957357412296,2810.2132060804608,0.1249782501678899,0.0190748245066987,73.5124981985801,87.40486427320136,1344.3365879281078,0.6763360630790467,0.12780348886603305,264.80280733625627,314.3162533572547,4873.888386100267,0.13180585509678006,0.024906624167947847,162.50288696852085,192.95856086136059,2951.7845012554068,0.0,0.0,8.564293302330917,10.276564608109464,105.80771860428082,0.0,0.0,60.37049924501483,71.84715819426518,1025.3102243252347,0.0,0.0,241.6491117591333,288.5172289468976,3664.8019423265207,0.0,0.0,10.741277297561166,12.844411975606996,154.66949612702889,0.0,0.0,146.65254314331225,175.74926117668788,1915.8844874027714,37.079906941237329,25.432034939120265,250.3965940443193,298.2525219582385,4714.809101780679,0.0,0.0,153.64508109209428,184.66301776723805,1758.853644605961,0.0,16.75489102162605,46.62443568006505,22.0,30.0,0.0,16.803198755594804,46.76201155888808,16.0,30.0,0.0,16.83278689575994,46.561938235438777,22.0,30.0,0.0,16.721732919563004,46.750635959368569,16.0,30.0,0.0,13.749852925796084,55.41909799365674,12.0,30.0,0.0,16.104836819867118,47.87325249942046,16.0,30.0,0.0,15.175359236877986,50.97358934059599,10.0,30.0,0.0,14.78406767378521,51.78955444046619,12.0,30.0,0.0,14.108319739242339,54.45145535646568,12.0,30.0,0.0,15.83509099027653,0.0,0.0,0.0,13.27932794493294,0.0,0.0,493.7417937522738,480.4486384048548,485.46741699683778,492.8472052258901,551.8566910123684,533.5421110043851,525.1309039505018,554.1248037942617,532.827568750994,0.0,80.48960541890804,80.48960541890804,60.0,0.0,60.0,60.0,16.0,16.0,16.0,12.0,12.0,12.0,21.0,10.0,0.0,0.0,0.0,0.0,0.0,0.0,0.0,0.0,0.0,0.0,0.0,0.0,0.0,80.48960541890804,80.48960541890804,0.0,0.0,0.0,80.48960541890804,0.0,0.0,0.0006666666666666668 
 02/17  11:10:00,7.733333333333333,88.00000000000002,7.155000000000001,97.33333333333333,13.0,0.0,0.0,0.0,0.0,0.0,0.0,0.0,0.0,0.0,0.0,192.0,0.0,172.87448881316673,34.32414087474952,87.95442008472775,5.183658820290936,137.97039119825909,0.0,34.3241408747495,46.92370285207902,0.0,0.0,16.81161165843902,-52.98927262065172,17.06587758707302,-203.3018387093855,16.946968899482909,-157.50852137167886,16.970504277296209,-163.29316285404435,13.67975502766669,15.743456045126834,16.21928477239342,-117.1867838542446,15.088688941959223,18.53251204751632,14.651062442531672,-31.75093578082894,14.469201215515746,-187.63120592801989,360.0046730453969,579.2576639547699,0.0,0.0,0.0,0.0,0.0,0.0,0.0,0.0,0.0,0.0,0.0,0.0,0.0,0.0,0.0,0.0,0.0,0.0,0.0,0.0,0.0,0.0,0.6856789712035885,0.20930371526361064,148.11397126775047,175.8860349211629,2675.006523594536,0.11997851465088798,0.01831173911033089,88.15140922181625,104.57567139844471,1599.4185730851664,0.67678475481242,0.12788827566372264,196.88846979464143,233.7609202350631,3528.362864932701,0.12624333458107593,0.02385550540080799,116.5943152350776,138.3928495911778,2105.738172145364,0.0,0.0,8.44954781526048,10.139736265564329,103.06801047909457,0.0,0.0,59.271580984340378,70.55489478764878,993.2018262281008,0.0,0.0,239.06058538478437,285.44982516297798,3586.9833528521819,0.0,0.0,13.071592771947593,15.635607584614519,183.71578053948594,0.0,0.0,142.51891517425009,170.79170230071183,1847.5817307541229,36.56536364718194,25.079124586544546,202.64503562300423,241.36821992734114,3842.701020394865,0.0,0.0,151.88985150084879,182.5453361184745,1725.0937167937178,0.0,16.699794357348784,47.00581375079892,22.0,30.0,0.0,16.783664129518419,47.07085423153639,16.0,30.0,0.0,16.62069032421764,47.36354365773175,22.0,30.0,0.0,16.747361692058143,46.7486915334178,16.0,30.0,0.0,13.735303309872599,55.65299624460896,12.0,30.0,0.0,16.05325086562408,48.193815948534517,16.0,30.0,0.0,15.157812058669706,51.19559460318173,10.0,30.0,0.0,14.674486089135139,52.38103322466527,12.0,30.0,0.0,14.12202222103149,54.584424551820479,12.0,30.0,0.0,15.723202824703666,0.0,0.0,0.0,13.29840438887784,0.0,0.0,485.87607605778819,471.65371242309029,480.5482511182977,491.73386768087826,541.916534966773,524.7881145477802,517.3625083453205,540.9824178719767,524.1932025221861,0.0,80.48960541890804,80.48960541890804,60.0,0.0,60.0,60.0,16.0,16.0,16.0,12.0,12.0,12.0,21.0,10.0,0.0,0.0,0.0,0.0,0.0,0.0,0.0,0.0,0.0,0.0,0.0,0.0,0.0,80.48960541890804,80.48960541890804,0.0,0.0,0.0,80.48960541890804,0.0,0.0,0.0006699999999999999 
 02/17  11:20:00,7.796666666666668,88.0,7.030000000000001,91.16666666666667,11.5,0.0,0.0,0.0,0.0,0.0,0.0,0.0,0.0,0.0,0.0,288.0,0.0,159.7553229998755,32.32990905800009,82.84426501629967,4.790280483328391,127.5000536320118,0.0,32.32990905800008,44.19743676638796,0.0,0.0,16.740492239290739,-36.59815911786016,16.990606349613729,-185.02213874225869,16.94482107207432,-131.96772279713779,16.893212121920997,-80.58658156167482,13.666607779769518,15.616736567380821,16.16446417326958,-111.91561717737017,15.067265622901214,17.241721882786196,14.57436018330609,-31.556285608303129,14.459727896095606,-184.0638254186725,279.19296918455486,565.8797415285864,0.0,0.0,0.0,0.0,0.0,0.0,0.0,0.0,0.0,0.0,0.0,0.0,0.0,0.0,0.0,0.0,0.0,0.0,0.0,0.0,0.0,0.0,0.6674599733285983,0.20374236060091517,125.87708258347871,149.6385791793172,2244.110685081744,0.11789836631591791,0.01799425615322312,87.49171376106126,104.00616086195376,1564.399026659316,0.6519598613664106,0.12319725271474123,107.05173061243707,127.38859672563838,1923.8721445331233,0.12739088482346495,0.024072351629528509,65.18884548899853,77.59192775018436,1159.3263844390813,0.0,0.0,8.359241818648881,10.039608833107291,100.66448493103502,0.0,0.0,58.69768225020674,69.93762316379004,970.9398011772497,0.0,0.0,237.22723656227164,283.4969965924953,3521.613131557224,0.0,0.0,13.828495368483447,16.556772610097597,190.1423913060961,0.0,0.0,140.6693563400326,168.7050368143366,1806.8823926410747,36.03298844276691,24.71398384277566,128.57271979081964,153.52073454686406,2560.829358416098,0.0,0.0,150.8189807558049,181.38529502884473,1699.0033386297592,0.0,16.639285601816157,47.37434044781789,21.999999999999994,29.99999999999999,0.0,16.702126067554617,47.441267203642038,15.999999999999993,29.99999999999999,0.0,16.702741594706369,47.15577671897714,21.999999999999994,29.99999999999999,0.0,16.665768223799036,47.21703201896165,15.999999999999993,29.99999999999999,0.0,13.721801619854947,55.86301727526853,11.999999999999995,29.99999999999999,0.0,16.0085047431013,48.47630570548569,15.999999999999993,29.99999999999999,0.0,15.141974136774032,51.37969861762416,9.999999999999997,29.99999999999999,0.0,14.586347067848582,52.84240595333152,11.999999999999995,29.99999999999999,0.0,14.127100464945134,54.6754111128197,11.999999999999995,29.99999999999999,0.0,15.472484534434312,0.0,0.0,0.0,13.31691072681198,0.0,0.0,479.31556778409927,468.77881695940519,481.5299884912034,482.5052363226939,533.8156161090267,517.8000651800859,511.8821608944443,531.9972369720642,519.466994177851,0.0,80.48960541890802,80.48960541890802,59.99999999999998,0.0,59.99999999999998,59.99999999999998,16.0,16.0,16.0,12.0,12.0,12.0,21.0,10.0,0.0,0.0,0.0,0.0,0.0,0.0,0.0,0.0,0.0,0.0,0.0,0.0,0.0,80.48960541890802,80.48960541890802,0.0,0.0,0.0,80.48960541890802,0.0,0.0,0.0006633333333333333 
 02/17  11:30:00,7.86,88.0,6.905,85.0,10.0,0.0,0.0,0.0,0.0,0.0,0.0,0.0,0.0,0.0,0.0,96.0,0.0,146.5380113884331,30.29643707969484,77.63355900856505,4.3939592622375,116.95138662215989,0.0,30.296437079694827,41.41752640486689,0.0,0.0,16.676732067345804,-26.892694021414174,16.905970856015928,-211.16679305662,16.85419425162821,-179.4900264371122,16.920071915210295,-35.113820348780709,13.650588230997265,15.537607740327019,16.102687811283098,-105.56923674423024,15.041073271566227,21.58905563170174,14.487920972832552,-30.95683506970863,14.448647926456936,-180.74001890845285,238.58538850893457,551.7198966148794,0.0,0.0,0.0,0.0,0.0,0.0,0.0,0.0,0.0,0.0,0.0,0.0,0.0,0.0,0.0,0.0,0.0,0.0,0.0,0.0,0.0,0.0,0.6551497361476444,0.19998465694372542,146.5415637839429,173.71301644195985,2577.5356123483936,0.12022638121346656,0.018349569782275117,73.2450949912695,86.81581058224922,1286.4917801671887,0.6175135105940451,0.11668811613644092,60.83291669530343,72.1041345197699,1078.0133459271686,0.12057278139212871,0.02278397229632061,6.687448700330394,7.923107208865572,121.62153751516127,0.0,0.0,8.277648373628292,9.913022507814665,98.35424563755784,0.0,0.0,58.157907858073198,69.10397569331457,948.2214312446031,0.0,0.0,234.9197305955292,279.93445258050368,3447.1491216180086,0.0,0.0,14.646756685189239,17.49316418152739,196.4382818812269,0.0,0.0,138.07480494081706,165.1020734582165,1757.2990657262313,35.538518439785089,24.37484117955082,90.32690854777411,107.53618364519997,1889.4262695088606,0.0,0.0,149.13935073661419,178.8300145720328,1664.6686366270906,0.0,16.585504832174125,47.660473374862039,22.0,30.0,0.0,16.598047195660567,48.01247906896865,16.0,30.0,0.0,16.601867951659707,47.917004808074988,22.0,30.0,0.0,16.76748222401672,46.68187918578552,16.0,30.0,0.0,13.702653986833426,56.1457135714871,12.0,30.0,0.0,15.94816498252301,48.80656557390805,17.0,30.0,0.0,15.116125788529214,51.60230810603706,10.0,30.0,0.0,14.475493749411207,53.4515470936189,12.0,30.0,0.0,14.1291139492833,54.83499027913725,12.0,30.0,0.0,15.316510638615983,0.0,0.0,0.0,13.326756298529738,0.0,0.0,476.2278959394277,462.9024025350488,466.69191060512147,493.5469503197037,523.8691854005339,511.3213887971835,506.5352130473522,520.7407645650654,512.7314064956044,0.0,80.48960541890804,80.48960541890804,60.0,0.0,60.0,60.0,16.0,16.0,16.0,12.0,12.0,12.0,21.0,10.0,0.0,0.0,0.0,0.0,0.0,0.0,0.0,0.0,0.0,0.0,0.0,0.0,0.0,80.48960541890804,80.48960541890804,0.0,0.0,0.0,80.48960541890804,0.0,0.0,0.0006566666666666667 
 02/17  11:40:00,7.923333333333334,88.0,6.780000000000001,87.0,11.666666666666666,0.0,0.0,0.0,0.0,0.0,0.0,0.0,0.0,0.0,0.0,192.0,0.0,154.50001020673975,31.027376391493659,79.5065696513925,4.632698498985743,123.30580108095146,0.0,31.027376391493644,42.41677586007999,0.0,0.0,16.618426747199356,-31.44223324481233,16.878852347295639,-143.97935917856894,16.81362833918198,-158.54081362768103,16.8266217478848,-163.42646850391828,13.639826490581399,15.198142481580481,16.06180912322603,-102.6303483824793,15.016495150663096,17.540509458699498,14.430272437566537,-32.16302037902754,14.438631327223437,-171.8220393441489,293.37697728714979,536.7075151389947,0.0,0.0,0.0,0.0,0.0,0.0,0.0,0.0,0.0,0.0,0.0,0.0,0.0,0.0,0.0,0.0,0.0,0.0,0.0,0.0,0.0,0.0,0.6462823643679402,0.19727788900120284,134.69997822133048,160.01064476704878,2339.5177676949217,0.12041237366988726,0.018377956909323459,58.539636091916737,69.51233577427942,1021.114146996962,0.6036078929159937,0.11406044839682429,125.93242592261518,149.59348457715033,2201.406214905196,0.11175001730347176,0.021116783315092925,91.474803166363,108.73271061941424,1595.2946805769694,0.0,0.0,8.163008144584208,9.798236537479565,95.74712520085468,0.0,0.0,57.13117912452184,68.04617499641046,920.320675759325,0.0,0.0,232.32449322570495,277.4959812166612,3367.4023569712846,0.0,0.0,15.865166511508967,18.9945818759757,208.85917775251694,0.0,0.0,135.11792112102669,161.93390237203273,1702.3894404580888,35.060337687434159,24.046870841861577,139.10206982473438,165.79653100066603,2661.7228972148679,0.0,0.0,147.57481017868543,177.3550339597055,1628.7734805251549,0.0,16.537600991996017,47.88751284419385,22.000000000000008,30.00000000000001,0.0,16.601651036660927,48.06208530547161,16.000000000000008,30.00000000000001,0.0,16.60270092039569,47.68938940483395,22.000000000000008,30.00000000000001,0.0,16.613232133313379,47.63694208941456,16.000000000000008,30.00000000000001,0.0,13.692139813591077,56.2945053604996,12.000000000000004,30.00000000000001,0.0,15.915692515731183,49.0039056728224,17.000000000000008,30.00000000000001,0.0,15.09194536678394,51.815840430104987,10.000000000000004,30.00000000000001,0.0,14.417231440703205,53.76623951278741,12.000000000000004,30.00000000000001,0.0,14.131082746916281,54.93133697574906,12.000000000000004,30.00000000000001,0.0,15.508126990464252,0.0,0.0,0.0,13.330128978563673,0.0,0.0,475.49407331218279,462.88992025592497,476.9243100682062,476.7948377261723,519.1838906382368,507.4303994604558,501.75057580139358,515.7719759793264,508.8443554417512,0.0,80.48960541890807,80.48960541890807,60.00000000000002,0.0,60.00000000000002,60.00000000000002,16.0,16.0,16.0,12.0,12.0,12.0,21.0,10.0,0.0,0.0,0.0,0.0,0.0,0.0,0.0,0.0,0.0,0.0,0.0,0.0,0.0,80.48960541890807,80.48960541890807,0.0,0.0,0.0,80.48960541890807,0.0,0.0,0.00065 
 02/17  11:50:00,7.986666666666667,88.0,6.655,89.0,13.333333333333333,0.0,0.0,0.0,0.0,0.0,0.0,0.0,0.0,0.0,0.0,96.0,0.0,162.81291965905133,31.752923969373293,81.36576429118033,4.88195960808448,129.94027344358109,0.0,31.752923969373279,43.40865440625257,0.0,0.0,16.553281550664658,-30.756689657235257,16.828466146010429,-174.46090518392612,16.79981922209408,-24.77794206381077,16.740671842076947,-179.30249632160804,13.626837716775185,14.93994864229174,16.01631019206821,-98.60524110158417,14.992120670442532,22.27722334365535,14.362088136998543,-31.36699139583459,14.428240303843351,-169.50763563983947,281.09630763913449,522.9489876158882,0.0,0.0,0.0,0.0,0.0,0.0,0.0,0.0,0.0,0.0,0.0,0.0,0.0,0.0,0.0,0.0,0.0,0.0,0.0,0.0,0.0,0.0,0.6375682235738839,0.19461789486382292,104.90358317836021,124.40628209896545,1798.3630928235573,0.11132832764808619,0.016991502998792156,90.49102588705475,107.28508170225762,1556.0747901809583,0.6021130584227588,0.11377797778207842,92.25120388620764,109.34365061636294,1614.7983089606242,0.10929577937944314,0.020653019535042159,89.05154599905106,105.596820998764,1523.456150531623,0.0,0.0,8.066914036110248,9.661995303625659,93.37378406215417,0.0,0.0,56.58883982791946,67.2613931169948,899.5200102855654,0.0,0.0,229.9305345251971,274.0517785291789,3294.17350066216,0.0,0.0,16.462576617677276,19.672468895291023,211.99981992654876,0.0,0.0,132.6617599634616,158.63752064900354,1654.9322674750793,34.53638890726607,23.68750953859128,135.83180450721043,161.61863012467203,2574.1911978827045,0.0,0.0,145.77871714092965,174.80483413210409,1591.7013088191594,0.0,16.473023786128857,48.35777158015051,22.0,30.0,0.0,16.542456146226845,48.314090355623587,16.0,30.0,0.0,16.653627137316346,47.32314522672984,22.0,30.0,0.0,16.497211105277175,48.36004383909952,16.0,30.0,0.0,13.676715483515953,56.53219412103119,12.0,30.0,0.0,15.868657149451869,49.30411479527518,17.0,30.0,0.0,15.068876065686183,51.934218607379637,10.0,30.0,0.0,14.334108549396,54.22756647574122,12.0,30.0,0.0,14.130480300036958,55.06918913607246,12.0,30.0,0.0,15.495769807425232,0.0,0.0,0.0,13.33312133918546,0.0,0.0,467.97999625422156,462.7488662005665,484.150545789148,466.0619728069571,512.048835397535,501.75379182245947,500.2870562725513,508.7923696783455,504.0238813335571,0.0,80.48960541890804,80.48960541890804,60.0,0.0,60.0,60.0,16.0,16.0,16.0,12.0,12.0,12.0,21.0,10.0,0.0,0.0,0.0,0.0,0.0,0.0,0.0,0.0,0.0,0.0,0.0,0.0,0.0,80.48960541890804,80.48960541890804,0.0,0.0,0.0,80.48960541890804,0.0,0.0,0.0006366666666666667 
 02/17  12:00:00,8.05,88.0,6.53,91.0,15.0,0.0,0.0,0.0,0.0,0.0,0.0,0.0,0.0,0.0,0.0,192.0,0.0,196.01723647675565,32.84385063364954,84.16122225836362,5.877576458230905,156.44030190160388,0.0,32.843850633649527,44.90003386465488,0.0,0.0,16.511018999316268,-20.66983272984453,16.809522053743544,-156.6455733814479,16.68641743530857,-180.58173500970589,16.72679415008909,-89.97351853004534,13.619256986438181,14.59147190390027,15.991701182377743,-97.38261955271469,14.968833610755619,18.941201727753197,14.313996833167137,-31.564223430408306,14.418587170298692,-162.4461098862182,303.2414604745991,507.5542010611009,0.0,0.0,0.0,0.0,0.0,0.0,0.0,0.0,0.0,0.0,0.0,0.0,0.0,0.0,0.0,0.0,0.0,0.0,0.0,0.0,0.0,0.0,0.6120104258718451,0.18681636931375,137.2191600786092,163.1927246117213,2325.2751247029857,0.10935575559119912,0.016690438887545655,82.19755065301317,97.63843507074492,1400.7878841115203,0.5760545329819078,0.1088538422112449,134.3310642091501,159.79472797894443,2278.648981268105,0.11220664128736124,0.021203069026334316,93.28024601521347,110.8761294264958,1589.7765642544082,0.0,0.0,7.96896491910605,9.56666711197735,91.07526276954137,0.0,0.0,55.942268174291957,66.65083064212044,879.2809376754262,0.0,0.0,227.40039565789918,271.6744082970089,3217.875741383782,0.0,0.0,17.206123703971096,20.610368028242165,217.71679159350314,0.0,0.0,129.93807024712889,155.73609567047647,1603.8963287357997,34.06199547231124,23.36213681228481,172.1203304108334,205.28593620411562,3126.639687532228,0.0,0.0,143.96757187383373,173.0266822694153,1554.1604386871423,0.0,16.451885148735646,48.34252634813218,22.0,30.0,0.0,16.53178271887514,48.45719072016438,16.0,30.0,0.0,16.478853291056077,48.35973084955383,22.0,30.0,0.0,16.530560149456109,48.03841579639133,16.0,30.0,0.0,13.669388878488027,56.653898954300959,12.0,30.0,0.0,15.845045788349914,49.44459996413929,17.0,30.0,0.0,15.046329314632186,52.18193575530498,10.0,30.0,0.0,14.287478926861155,54.49868002379691,12.0,30.0,0.0,14.130696585810796,55.18067326996738,12.0,30.0,0.0,15.579308780961636,0.0,0.0,0.0,13.33723507591672,0.0,0.0,472.16767638126449,461.50800170757818,469.733020983193,474.4485233000754,508.57445603719295,499.3837067493953,494.8302548372849,504.9994401510179,500.492386630056,0.0,80.48960541890804,80.48960541890804,60.0,0.0,60.0,60.0,16.0,16.0,16.0,12.0,12.0,12.0,21.0,10.0,0.0,0.0,0.0,0.0,0.0,0.0,0.0,0.0,0.0,0.0,0.0,0.0,0.0,80.48960541890804,80.48960541890804,0.0,0.0,0.0,80.48960541890804,0.0,0.0,0.0006233333333333334 
 02/17  12:10:00,8.181666666666667,87.50000000000002,6.413333333333334,93.0,16.666666666666669,0.0,0.0,0.0,0.0,0.0,0.0,0.0,0.0,0.0,0.0,96.0,0.0,206.3232490934605,33.55043921924121,85.97183544804716,6.186599701943747,164.66544763626164,0.0,33.5504392192412,45.865994030998489,0.0,0.0,16.455418974124947,-17.60043099655377,16.772619448277923,-170.82041855002763,16.658986164055336,-113.71649456687578,16.730828783903108,-30.797735655744675,13.609420889215393,14.42458646764021,15.96078730256618,-95.23669560398776,14.946451680530947,23.205536982443847,14.257653939476083,-30.521561175022158,14.408885480668533,-160.0557239161003,213.40587656532399,493.9880477974825,0.0,0.0,0.0,0.0,0.0,0.0,0.0,0.0,0.0,0.0,0.0,0.0,0.0,0.0,0.0,0.0,0.0,0.0,0.0,0.0,0.0,0.0,0.5804397790729015,0.17717941974142294,147.65718640644159,175.15962254434764,2446.625206313454,0.10366771207044984,0.015822300377052787,84.21924405512779,99.86818677708019,1405.8616246429643,0.5534102653572163,0.1045748800750598,51.648504852466079,61.24626868674622,871.0043640625543,0.1071217691581019,0.020242208835620159,6.488043772809003,7.69189115056656,111.13518032985108,0.0,0.0,7.912696901334862,9.477900741716456,88.18090171272285,0.0,0.0,55.807246375359728,66.34630227910825,858.9733849152877,0.0,0.0,225.6047342374186,268.9331285207145,3124.452938603708,0.0,0.0,17.5808002944932,21.016937119467785,215.52607621840876,0.0,0.0,127.82100329132034,152.8495399301674,1543.8004272514543,33.628309605377967,23.064684228654305,93.48974196821281,111.3085601167422,1823.6665036801044,0.0,0.0,142.31191419095993,170.6422101270165,1501.3274659798806,0.0,16.399191052599126,48.596957339374359,22.0,30.0,0.0,16.485035075699196,48.75374353639542,16.0,30.0,0.0,16.49171934628529,48.53851651977229,22.0,30.0,0.0,16.57682293487765,47.97480463151201,16.0,30.0,0.0,13.658602268861565,56.84299182721728,12.0,30.0,0.0,15.811241725561278,49.647844367119137,17.0,30.0,0.0,15.02571795590289,52.37821690931321,10.0,30.0,0.0,14.220534794137827,54.900922714477108,12.0,30.0,0.0,14.12897082374619,55.33012821860169,12.0,30.0,0.0,15.306721141794645,0.0,0.0,0.0,13.346242415791674,0.0,0.0,470.40198688848548,459.82198057488838,465.57187326654738,473.2128639221306,503.2771758137489,495.9660569999294,491.22291612774617,499.4016545735997,496.0255548957617,0.0,80.48960541890804,80.48960541890804,60.0,0.0,60.0,60.0,16.0,16.0,16.0,12.0,12.0,12.0,21.0,10.0,0.0,0.0,0.0,0.0,0.0,0.0,0.0,0.0,0.0,0.0,0.0,0.0,0.0,80.48960541890804,80.48960541890804,0.0,0.0,0.0,80.48960541890804,0.0,0.0,0.00061 
 02/17  12:20:00,8.313333333333335,87.0,6.296666666666668,95.0,18.333333333333337,0.0,0.0,0.0,0.0,0.0,0.0,0.0,0.0,0.0,0.0,96.0,0.0,216.99053879793645,34.249974639118487,87.76437518661644,6.506455632727471,173.17892443121336,0.0,34.24997463911846,46.82231198507648,0.0,0.0,16.413062470177708,-11.482285375189349,16.733291681528205,-188.8060039835009,16.674269150509759,-24.17201429581246,16.626529437429896,-198.15180420137859,13.601228004512349,14.203459954307789,15.937033880363142,-93.31727935823756,14.923514011387962,22.14637126312482,14.212436966949717,-29.681972267619643,14.399869341295009,-154.57287544677457,246.96314953778666,481.05271384981099,0.0,0.0,0.0,0.0,0.0,0.0,0.0,0.0,0.0,0.0,0.0,0.0,0.0,0.0,0.0,0.0,0.0,0.0,0.0,0.0,0.0,0.0,0.5673054543646302,0.1731701631149665,173.06160763790633,205.30573163209753,2809.858109262554,0.102636865165986,0.015664967210925825,83.21854302538935,98.69511117610576,1358.6044757457176,0.5128911266800429,0.09691820232049189,87.45692039485225,103.68219996458754,1459.9392558577118,0.09072432166533831,0.01714367378407753,84.78569720552543,100.57039063445787,1376.7209805185165,0.0,0.0,7.819843451497756,9.36671313431997,84.93331988827046,0.0,0.0,55.207839715569338,65.63711079338664,832.6309024374702,0.0,0.0,223.64686753218965,266.6169996908211,3027.5513120122329,0.0,0.0,18.006832052652898,21.529412585781704,214.2457825987112,0.0,0.0,126.08003754913762,150.76611898786326,1488.9946902761315,33.258207959576889,22.810842221932029,125.66553877142091,149.55592224680667,2276.439591931216,0.0,0.0,141.2757193956945,169.38515998930169,1457.2309929994147,0.0,16.369840447481196,48.933682766430909,22.0,30.0,0.0,16.43252635663825,49.11246567392787,16.0,30.0,0.0,16.581544436639719,47.95223139760083,22.0,30.0,0.0,16.388817529178483,49.170828886925949,16.0,30.0,0.0,13.650525396860976,56.985598460565068,12.0,30.0,0.0,15.788222649722345,49.83603904202945,17.0,30.0,0.0,15.002185384026488,52.50566120875247,10.0,30.0,0.0,14.172719273331289,55.14503182600602,12.0,30.0,0.0,14.12825592754786,55.36975853077514,12.0,30.0,0.0,15.43052794135703,0.0,0.0,0.0,13.362517570957272,0.0,0.0,465.2158190484378,456.2948867823168,473.80345620453098,458.5702479432226,499.62953108577229,492.45167797329699,489.66672018000159,496.9324586514451,494.85369585582228,0.0,80.48960541890804,80.48960541890804,60.0,0.0,60.0,60.0,16.0,16.0,16.0,12.0,12.0,12.0,21.0,10.0,0.0,0.0,0.0,0.0,0.0,0.0,0.0,0.0,0.0,0.0,0.0,0.0,0.0,80.48960541890804,80.48960541890804,0.0,0.0,0.0,80.48960541890804,0.0,0.0,0.00061 
 02/17  12:30:00,8.445,86.5,6.18,97.0,20.0,0.0,0.0,0.0,0.0,0.0,0.0,0.0,0.0,0.0,0.0,192.0,0.0,228.01882073476379,34.941391468479569,89.53611134225122,6.837135703385727,181.9805048816504,0.0,34.94139146847955,47.767531210409909,0.0,0.0,16.37658756879327,-12.849293415210014,16.72474603245155,-144.35411889400974,16.542378728996526,-194.7288287170595,16.619379340674166,-81.27262174175553,13.594459295744838,14.000169940103803,15.917820239520936,-94.18792277855914,14.906176121799146,23.58586650176403,14.175636954751769,-29.356818478690884,14.393367748397264,-145.83968015898018,287.8987381414704,462.59514580259727,0.0,0.0,0.0,0.0,0.0,0.0,0.0,0.0,0.0,0.0,0.0,0.0,0.0,0.0,0.0,0.0,0.0,0.0,0.0,0.0,0.0,0.0,0.5348825910221186,0.1632730741825759,144.1309264045668,171.46822491745963,2297.074100097979,0.09394360497607135,0.014338157047629939,82.5401679748555,98.06131471661117,1326.5983555289243,0.4918485353026284,0.09294190009497895,165.46197263272104,196.8542896491634,2634.782002680795,0.0963578163342066,0.01820820414478582,104.6011174133867,124.36774681070952,1679.182528449865,0.0,0.0,7.77171393883412,9.330083509897666,82.21885687200867,0.0,0.0,55.19994569251104,65.77930069480212,815.7262495100641,0.0,0.0,221.78400473228289,265.0005752764909,2937.046905120085,0.0,0.0,18.882356936818764,22.628321686956263,218.2845884811841,0.0,0.0,123.5552462241144,148.07653477520177,1426.5702461109168,32.84557467843017,22.527828997551564,192.01766998187635,228.99254283010985,3239.92766677033,0.0,0.0,139.25914920693266,167.33567283178628,1402.0914577057175,0.0,16.349015336758677,49.01463901770181,22.0,30.0,0.0,16.441892126548934,49.05267818072947,16.0,30.0,0.0,16.361229855360088,48.993895719003237,22.0,30.0,0.0,16.432237139272098,48.72685579464349,16.0,30.0,0.0,13.644728527726603,57.09452156586616,12.0,30.0,0.0,15.770805699043163,49.9720001127677,17.0,30.0,0.0,14.989897042307188,52.67647096776717,10.0,30.0,0.0,14.138848165661557,55.36763053224474,12.0,30.0,0.0,14.131528954901017,55.497040325710987,12.0,30.0,0.0,15.598044251704842,0.0,0.0,0.0,13.374553630251519,0.0,0.0,466.00739313147496,458.2569303986598,465.79191137914668,466.8782597638426,496.98026788269848,490.0356485808122,486.47716505636779,494.01931323744756,491.07070068624537,0.0,80.48960541890804,80.48960541890804,60.0,0.0,60.0,60.0,16.0,16.0,16.0,12.0,12.0,12.0,21.0,10.0,0.0,0.0,0.0,0.0,0.0,0.0,0.0,0.0,0.0,0.0,0.0,0.0,0.0,80.48960541890804,80.48960541890804,0.0,0.0,0.0,80.48960541890804,0.0,0.0,0.00061 
 02/17  12:40:00,8.576666666666667,86.0,6.063333333333334,100.66666666666667,18.833333333333337,0.0,0.0,0.0,0.0,0.0,0.0,0.0,0.0,0.0,0.0,96.0,0.0,236.12129697895797,36.07757029995472,92.44752836556647,7.080087507137486,188.44703744732574,0.0,36.07757029995471,49.320773812155049,0.0,0.0,16.32348519460307,-11.155728425532289,16.694350754384535,-179.3436371070061,16.536361239348929,-77.97018274395987,16.62929751911115,-28.363326559714325,13.586359913457346,13.85617906202765,15.8954886801987,-91.92041981556804,14.887145920169886,25.476826545912446,14.132680611359682,-28.28329037424203,14.387939161490394,-143.73718745872476,193.0611414888126,449.2363045553734,0.0,0.0,0.0,0.0,0.0,0.0,0.0,0.0,0.0,0.0,0.0,0.0,0.0,0.0,0.0,0.0,0.0,0.0,0.0,0.0,0.0,0.0,0.500097773284015,0.15265499794994354,147.73235485280959,175.297003486781,2298.188093561006,0.08406888394853614,0.012831026243671572,98.59226738606312,116.9365164124396,1550.4359069512337,0.4853254390402271,0.0917092666364753,37.78443643018103,44.81543725938769,602.2537268281112,0.08938782489076584,0.016891123373160584,6.29369345122715,7.463253092472917,101.31819300220616,0.0,0.0,7.696772874781773,9.21930299836175,79.26494051289514,0.0,0.0,54.84178977636161,65.20809839826622,793.5938150388903,0.0,0.0,219.95354327692628,262.2251524617743,2847.9092345955689,0.0,0.0,19.467752803070718,23.281549287866004,218.0480838041575,0.0,0.0,122.05241501694039,145.93814220553058,1377.9368406133195,32.38656174943927,22.213005315116104,93.98544907863728,111.8865824274403,1714.0855023061377,0.0,0.0,137.92036299082054,165.33438935729064,1358.4257781830759,0.0,16.292943871024673,49.30833534302943,22.0,30.0,0.0,16.39949783593464,49.36063542876974,16.0,30.0,0.0,16.412230094147444,48.99860272630372,22.0,30.0,0.0,16.481839360019618,48.63321087885866,16.0,30.0,0.0,13.635975524151077,57.27083064991055,12.0,30.0,0.0,15.746815103808526,50.16061159356961,17.0,30.0,0.0,14.972732872325926,52.87406038573922,10.0,30.0,0.0,14.08971333389839,55.70272468074323,12.0,30.0,0.0,14.134671164245223,55.62006757666293,12.0,30.0,0.0,15.313712628968644,0.0,0.0,0.0,13.397067280748273,0.0,0.0,463.9073758073375,456.0819754496396,463.46302359261326,466.42040080498347,492.9215385736216,486.904628872592,483.1611733787978,489.78436202594397,487.6982769458981,0.0,80.48960541890804,80.48960541890804,60.0,0.0,60.0,60.0,16.0,16.0,16.0,12.0,12.0,12.0,21.0,10.0,0.0,0.0,0.0,0.0,0.0,0.0,0.0,0.0,0.0,0.0,0.0,0.0,0.0,80.48960541890804,80.48960541890804,0.0,0.0,0.0,80.48960541890804,0.0,0.0,0.00061 
 02/17  12:50:00,8.708333333333334,85.5,5.946666666666666,104.33333333333333,17.666666666666669,0.0,0.0,0.0,0.0,0.0,0.0,0.0,0.0,0.0,0.0,96.0,0.0,244.49488557826633,37.19672736180996,95.31532794901594,7.33116845563107,195.12994159705063,0.0,37.19672736180994,50.85074636432848,0.0,0.0,16.289900802764877,-1.329549099932592,16.66121692613288,-189.43325097828166,16.546848039071287,-24.338710238377645,16.544026500645069,-176.9489073075638,13.579556907764659,13.727953950522903,15.877655743737386,-91.01618551740535,14.867433727588108,25.028682282648334,14.098658703009019,-26.539825034169554,14.383254584215287,-137.33775032144696,225.1799558169605,433.6695644624501,0.0,0.0,0.0,0.0,0.0,0.0,0.0,0.0,0.0,0.0,0.0,0.0,0.0,0.0,0.0,0.0,0.0,0.0,0.0,0.0,0.0,0.0,0.4886981126219447,0.14917524805309669,185.126056702331,219.67491945145663,2821.499592682276,0.08644082281477589,0.013193043775148945,90.00297268059757,106.76059021619241,1383.8880244155362,0.42903468472075248,0.0810723138172246,83.61281727151609,99.15049444361043,1311.7141381674574,0.07454110644701559,0.014085621021733856,80.53180735574743,95.53767369373341,1233.4808226399758,0.0,0.0,7.621357615997908,9.128959036346349,76.35240607866163,0.0,0.0,54.549706438426287,64.86300146209207,773.0461642712727,0.0,0.0,217.89861518373903,259.7883763917713,2755.0426202011528,0.0,0.0,19.90442523662259,23.80607599956609,216.2956195513613,0.0,0.0,120.5500934163027,144.13704519296929,1329.8794588741003,32.00981360729298,21.954604668925236,130.2811038761452,155.0330313590771,2196.9129559602,0.0,0.0,136.53227255831014,163.6516929393732,1315.0591555130232,0.0,16.27319103261715,49.52560880869294,22.0,30.0,0.0,16.355139146111378,49.70513319903431,16.0,30.0,0.0,16.481491725010728,48.611780280972308,22.0,30.0,0.0,16.325114082395176,49.701811415310668,16.0,30.0,0.0,13.629286077694533,57.40768186588221,12.0,30.0,0.0,15.729389256567603,50.3252343366343,17.0,30.0,0.0,14.95328992734292,53.00053032437292,10.0,30.0,0.0,14.055847992014288,55.91223598885653,12.0,30.0,0.0,14.138962947181126,55.67421851420566,12.0,30.0,0.0,15.43491094401627,0.0,0.0,0.0,13.421952946097394,0.0,0.0,461.60893707694916,453.0867947510183,467.2296369776349,455.3628045393443,490.01428946956426,484.1893583832659,481.66594682411877,487.5317068518237,485.9658811469991,0.0,80.48960541890804,80.48960541890804,60.0,0.0,60.0,60.0,16.0,16.0,16.0,12.0,12.0,12.0,21.0,10.0,0.0,0.0,0.0,0.0,0.0,0.0,0.0,0.0,0.0,0.0,0.0,0.0,0.0,80.48960541890804,80.48960541890804,0.0,0.0,0.0,80.48960541890804,0.0,0.0,0.0006166666666666666 
 02/17  13:00:00,8.84,85.0,5.83,108.0,16.5,0.0,0.0,0.0,0.0,0.0,0.0,0.0,0.0,0.0,0.0,192.0,0.0,218.091640482119,37.963019148080707,97.27893002869398,6.539484342451945,174.05784035949393,0.0,37.96301914808068,51.89832533238384,0.0,0.0,16.256400601849788,-6.550636131059036,16.643167565137554,-145.28554469372376,16.434375980098904,-167.38722560261545,16.539287978753639,-78.4998052053163,13.57148935225821,13.651971711998101,15.850769648305687,-91.07788649334498,14.853734315671592,27.477023984900826,14.071361351078164,-24.871770727304694,14.380700472254889,-127.7023527964177,261.3939749715569,414.0916679264403,0.0,0.0,0.0,0.0,0.0,0.0,0.0,0.0,0.0,0.0,0.0,0.0,0.0,0.0,0.0,0.0,0.0,0.0,0.0,0.0,0.0,0.0,0.45770103084883076,0.13971337937998497,150.27678109680813,178.83841635972616,2244.89983716908,0.07835035931510877,0.011958235548704025,88.96786715262948,105.73911784209213,1345.011930130808,0.4122842292897664,0.07790707280607834,143.28047845305034,170.52214287054589,2148.1888124799086,0.0785084988718101,0.014835317247129648,95.46140255907319,113.50267318348983,1443.231691223842,0.0,0.0,7.576765174857403,9.096183825994136,73.75879757763659,0.0,0.0,54.50667977789807,64.9626712110985,755.7860353376188,0.0,0.0,215.63763088915378,257.6801798409184,2665.0005231738098,0.0,0.0,20.51225246044737,24.589429868895384,216.4284797282059,0.0,0.0,118.08411487511106,141.5035310113078,1272.5128211180229,31.583244552693196,21.66203330088697,190.7939564893748,227.5245465571544,3021.9380319558588,0.0,0.0,134.1584703768343,161.15808537733387,1261.6161910524175,0.0,16.250110618995124,49.69259916002862,22.0,30.0,0.0,16.361341932408608,49.63975466900517,16.0,30.0,0.0,16.29400399484579,49.565864090640967,22.0,30.0,0.0,16.362714283580169,49.29016075701691,16.0,30.0,0.0,13.62270012072086,57.52028749178132,12.0,30.0,0.0,15.711175290284779,50.46947035283467,17.0,30.0,0.0,14.945654921659273,53.15753304878686,10.0,30.0,0.0,14.033048138404661,56.09872487404862,12.0,30.0,0.0,14.146376478431975,55.78034128062687,12.0,30.0,0.0,15.588536039836246,0.0,0.0,0.0,13.443191594509586,0.0,0.0,460.63172917620138,454.8255337171801,460.4607846100611,461.7325694930413,487.86569983540326,482.09356108666807,478.9564289244273,485.1384716354996,483.0014198822309,0.0,80.48960541890804,80.48960541890804,60.0,0.0,60.0,60.0,16.0,16.0,16.0,12.0,12.0,12.0,21.0,10.0,0.0,0.0,0.0,0.0,0.0,0.0,0.0,0.0,0.0,0.0,0.0,0.0,0.0,80.48960541890804,80.48960541890804,0.0,0.0,0.0,80.48960541890804,0.0,0.0,0.0006233333333333334 
 02/17  13:10:00,8.92,84.33333333333334,5.9399999999999999,111.66666666666667,15.333333333333333,0.0,0.0,0.0,0.0,0.0,0.0,0.0,0.0,0.0,0.0,96.0,0.0,224.9447366535746,39.05101580499003,100.066882688801,6.744974105726197,179.5272561460765,0.0,39.051015804990019,53.38569924857779,0.0,0.0,16.212413364709677,0.2826226674806094,16.615060822964446,-171.45051545805928,16.453531882920644,-30.521902449231676,16.50264938848384,-99.89741929477714,13.563314111574769,13.654334571863075,15.825456483832859,-87.961737455405,14.8381529689401,28.881033748866686,14.039376467127785,-23.65057128974911,14.379442540434618,-125.9242722158483,199.9541123431086,400.3281001211808,0.0,0.0,0.0,0.0,0.0,0.0,0.0,0.0,0.0,0.0,0.0,0.0,0.0,0.0,0.0,0.0,0.0,0.0,0.0,0.0,0.0,0.0,0.4299802972503397,0.1312516169872832,170.870700762308,202.79846588727285,2508.463749489221,0.07009892829343449,0.010698859629645069,102.80746321456044,121.95628893433127,1531.3787893614149,0.4043501562339948,0.07640781485903155,57.0709515182591,67.6927983792173,862.0402765562114,0.07520234550781166,0.014210571713494262,52.6333788876111,62.44147576155826,783.2253236391198,0.0,0.0,7.535434098496665,9.026119925758597,72.01424260306047,0.0,0.0,53.99614183029517,64.21144954717518,737.5276168233783,0.0,0.0,213.75545955204243,254.85223277725806,2602.6621268978085,0.0,0.0,20.929018343411366,25.03511490598217,216.1131794491838,0.0,0.0,116.56227887319365,139.3535736357109,1239.7166697441235,31.654233190954306,21.71072235319226,116.56240147981294,138.72393836907646,1927.2065421866487,0.0,0.0,132.8640048363143,159.21848424858005,1236.3462676903733,0.0,16.205782119576548,49.89440442304971,22.0,30.0,0.0,16.32922977893212,49.89746615585144,16.0,30.0,0.0,16.387080095554397,49.292852082029877,22.0,30.0,0.0,16.316022231573233,49.786182312566129,16.0,30.0,0.0,13.613045251218985,57.705534015327199,12.0,30.0,0.0,15.685356021463424,50.679769826936709,17.0,30.0,0.0,14.932691961424107,53.34713958630576,10.0,30.0,0.0,13.999382666324298,56.379198691674137,12.0,30.0,0.0,14.155186137833339,55.88351726048103,12.0,30.0,0.0,15.380139962151683,0.0,0.0,0.0,13.47350418797531,0.0,0.0,459.96607483994,453.1527017804421,460.73664711581508,456.1736600993323,484.4672283151988,479.21039499023848,476.1103534355697,481.7047216926034,480.17369470952925,0.0,80.48960541890804,80.48960541890804,60.0,0.0,60.0,60.0,16.0,16.0,16.0,12.0,12.0,12.0,21.0,10.0,0.0,0.0,0.0,0.0,0.0,0.0,0.0,0.0,0.0,0.0,0.0,0.0,0.0,80.48960541890804,80.48960541890804,0.0,0.0,0.0,80.48960541890804,0.0,0.0,0.00063 
 02/17  13:20:00,9.0,83.66666666666667,6.050000000000001,115.33333333333334,14.166666666666666,0.0,0.0,0.0,0.0,0.0,0.0,0.0,0.0,0.0,0.0,96.0,0.0,232.3129179661001,40.11601403541822,102.79590314896409,6.965908422010579,185.40775562977894,0.0,40.116014035418199,54.84163257215196,0.0,0.0,16.191271023148859,12.218098476248088,16.583967402232326,-176.770558063115,16.302234543524166,-224.79291813204964,16.528379337364809,-25.991256159563819,13.556926486816196,13.697811248838264,15.80491394470466,-86.34120468151014,14.82345099141038,29.69236442481906,14.013563195062014,-21.574843573217437,14.378067470013145,-119.24924302225145,262.87186134683,385.2171020648357,0.0,0.0,0.0,0.0,0.0,0.0,0.0,0.0,0.0,0.0,0.0,0.0,0.0,0.0,0.0,0.0,0.0,0.0,0.0,0.0,0.0,0.0,0.4168946225241769,0.1272572107827158,199.03729694971296,236.2234579404043,2888.0284087432448,0.0718614553355471,0.010967865588453465,94.99014965278637,112.69408835576675,1393.0356999153726,0.35585162222415386,0.06724331485717196,142.37709097098543,169.01356260899272,2043.6590387640115,0.0700232884378188,0.013231913914931742,55.13408616994627,65.39359698923183,820.0272145116992,0.0,0.0,7.505516891123272,8.990297378955072,70.41119388205049,0.0,0.0,53.62620484475447,63.77429676304176,721.8243466137803,0.0,0.0,211.80196999389424,252.53048467695283,2539.6335463706679,0.0,0.0,21.20775490146056,25.370110083281046,214.5699275293725,0.0,0.0,115.03278663502883,137.51856986052148,1206.7302821076904,31.797882071923554,21.80924696291054,198.0531961785917,235.5559452177984,3040.222285652622,0.0,0.0,131.4505151983752,157.50505954110197,1209.4560482964687,0.0,16.2041223491721,50.01708213511068,22.0,30.0,0.0,16.293047115555475,50.132871365676397,16.0,30.0,0.0,16.121577471020847,50.66546768865656,22.0,30.0,0.0,16.395611421734963,49.242259026879057,16.0,30.0,0.0,13.6063686210831,57.847390456280617,12.0,30.0,0.0,15.66623470009617,50.84916065943554,17.0,30.0,0.0,14.920632328466752,53.44375355155937,10.0,30.0,0.0,13.975993324111414,56.56415846749228,12.0,30.0,0.0,14.163507051005303,55.94227507543622,12.0,30.0,0.0,15.575974560475772,0.0,0.0,0.0,13.502435420421028,0.0,0.0,458.3813155920333,450.97427345049257,451.37180091254899,461.5145439736145,481.99749845041625,476.98962399426116,474.9322356649066,479.65600145515858,478.3978958868307,0.0,80.48960541890804,80.48960541890804,60.0,0.0,60.0,60.0,16.0,16.0,16.0,12.0,12.0,12.0,21.0,10.0,0.0,0.0,0.0,0.0,0.0,0.0,0.0,0.0,0.0,0.0,0.0,0.0,0.0,80.48960541890804,80.48960541890804,0.0,0.0,0.0,80.48960541890804,0.0,0.0,0.0006433333333333332 
 02/17  13:30:00,9.08,83.0,6.16,119.0,13.0,0.0,0.0,0.0,0.0,0.0,0.0,0.0,0.0,0.0,0.0,96.0,0.0,240.3619931045126,41.15499271898243,105.4582499869752,7.20725898164668,191.83166892888378,0.0,41.154992718982409,56.26199520249753,0.0,0.0,16.138141116363998,-9.513998112924128,16.567385674387205,-156.29648541225243,16.351273039166693,1.3291407243013965,16.420151205284925,-196.80991056372296,13.551333737110446,13.788079075170828,15.786178005700308,-85.20602085664905,14.814132657216743,33.2761865042321,13.989971069095425,-20.008253394528425,14.378348331079327,-112.77043717906872,252.83087140126646,369.68815070465328,0.0,0.0,0.0,0.0,0.0,0.0,0.0,0.0,0.0,0.0,0.0,0.0,0.0,0.0,0.0,0.0,0.0,0.0,0.0,0.0,0.0,0.0,0.4174579653790084,0.1274291713611137,120.15248874479716,142.62802129744837,1709.8479466614966,0.06063385813170557,0.009254251851603415,107.79942257252374,127.89781715518852,1561.4743406110659,0.40452117333449619,0.07644013101558887,191.75771904006573,227.5262260348865,2781.833919657962,0.048418654231933418,0.009149405561589833,147.5680177943121,175.14007417344264,2109.3612722458549,0.0,0.0,7.503723211524482,8.988150761731298,69.09101438724925,0.0,0.0,53.46085881569799,63.58062392925913,709.1155419812296,0.0,0.0,210.20461357705919,250.62243736401573,2485.6459452585374,0.0,0.0,21.84055230394206,26.128441901415536,216.5181467848585,0.0,0.0,112.7749680296184,134.81161078562352,1167.1130944320387,31.84550187266342,21.841908005941997,215.54540573548094,256.3692476281822,3219.165459851681,0.0,0.0,129.61947959215696,155.2946404205753,1178.4165079702505,0.0,16.133912371321338,50.49403043381029,22.0,30.0,0.0,16.284709971925815,49.99906081088204,16.0,30.0,0.0,16.284602209737984,49.61031688144213,22.0,30.0,0.0,16.18907076099017,50.26728362609312,16.0,30.0,0.0,13.600597087955605,57.97377436451225,12.0,30.0,0.0,15.648411559935937,50.97229589775395,17.0,30.0,0.0,14.918469407962581,53.55694573365707,10.0,30.0,0.0,13.954903149086613,56.75833251308757,12.0,30.0,0.0,14.173869288091325,56.016879307075367,12.0,30.0,0.0,15.548818663805408,0.0,0.0,0.0,13.528863168972004,0.0,0.0,453.99632624261246,453.7843344300481,461.2409201132333,454.51554996884399,479.84628127169807,475.5689282348842,473.02169362980478,477.45153764731949,476.30995964887867,0.0,80.48960541890804,80.48960541890804,60.0,0.0,60.0,60.0,16.0,16.0,16.0,12.0,12.0,12.0,21.0,10.0,0.0,0.0,0.0,0.0,0.0,0.0,0.0,0.0,0.0,0.0,0.0,0.0,0.0,80.48960541890804,80.48960541890804,0.0,0.0,0.0,80.48960541890804,0.0,0.0,0.0006566666666666667 
 02/17  13:40:00,9.16,82.33333333333334,6.27,118.16666666666667,15.0,0.0,0.0,0.0,0.0,0.0,0.0,0.0,0.0,0.0,0.0,96.0,0.0,247.0768067127236,40.86339153296983,104.7110371164926,7.408598951946354,197.19068522749809,0.0,40.86339153296981,55.86335427354612,0.0,0.0,16.114578949253745,10.610074715933479,16.55280296736695,-155.63090462383617,16.24984214381071,-168.51200767055708,16.44567120323933,-25.21444554279833,13.546231741079282,13.771733084871727,15.770767746079607,-82.70204399513205,14.798256862032165,31.393029736072096,13.96812937388641,-18.164830921683575,14.378087154265995,-108.07446587547475,250.08939008350809,358.16885911642978,0.0,0.0,0.0,0.0,0.0,0.0,0.0,0.0,0.0,0.0,0.0,0.0,0.0,0.0,0.0,0.0,0.0,0.0,0.0,0.0,0.0,0.0,0.3625098312592129,0.11065623664811139,181.6214500074654,215.60828075621087,2549.340950526953,0.05669576305908215,0.008653199490091905,104.3912002042743,123.85191407150356,1493.1836192334245,0.339754765518299,0.0642015807857708,135.84726182680013,161.26351234618412,1903.4185527867774,0.07070620914350738,0.013360961667329433,74.92515279916171,88.89793184689309,1074.9905771033423,0.0,0.0,7.436426876299612,8.907531732756523,67.18666241461277,0.0,0.0,52.7316501217144,62.7150902281432,689.5276756136519,0.0,0.0,208.01238802290355,248.0159619142999,2419.4047816822946,0.0,0.0,22.021617833682055,26.34632905570894,213.92769542555269,0.0,0.0,111.76062147809408,133.59272145001578,1140.5881977925936,31.938455845280218,21.905662445322517,200.88377177091417,238.94504906337103,2986.025133169527,0.0,0.0,128.56154238106698,154.00786239068749,1155.621923632788,0.0,16.127855074563816,50.283490417737969,22.0,30.0,0.0,16.27436245316468,50.30089932368681,16.0,30.0,0.0,16.111396631539586,50.80450933371581,22.0,30.0,0.0,16.293913622291215,49.57043675988576,16.0,30.0,0.0,13.59529722228375,58.096325052855828,12.0,30.0,0.0,15.634688584698126,51.110834737865818,17.0,30.0,0.0,14.902087769915634,53.7541718418076,10.0,30.0,0.0,13.936240207633178,56.90940932364792,12.0,30.0,0.0,14.183156734083468,56.05457798527026,12.0,30.0,0.0,15.535636965992648,0.0,0.0,0.0,13.558783349948913,0.0,0.0,458.0432490092697,448.8205723241249,449.27887105442695,461.54688531703388,477.850121850677,473.74860244155146,470.496842940316,475.8623412831683,474.922339829674,0.0,80.48960541890804,80.48960541890804,60.0,0.0,60.0,60.0,16.0,16.0,16.0,12.0,12.0,12.0,21.0,10.0,0.0,0.0,0.0,0.0,0.0,0.0,0.0,0.0,0.0,0.0,0.0,0.0,0.0,80.48960541890804,80.48960541890804,0.0,0.0,0.0,80.48960541890804,0.0,0.0,0.0006699999999999999 
 02/17  13:50:00,9.24,81.66666666666666,6.380000000000001,117.33333333333334,17.0,0.0,0.0,0.0,0.0,0.0,0.0,0.0,0.0,0.0,0.0,96.0,0.0,254.2283066513142,40.556013914094588,103.92339765251168,7.623032677553907,202.89821545058914,0.0,40.55601391409457,55.443145764785118,0.0,0.0,16.07933055927527,4.078994090516062,16.52359512546446,-181.00725782193195,16.27993772287762,-7.6586987822356609,16.374452903458875,-159.5312285515338,13.541749445601879,13.735473286963498,15.75687691155019,-81.91332579710616,14.787547040428607,34.16664338683404,13.947997867007086,-16.368802220732506,14.378688792641864,-102.04904888499232,245.76054750943059,342.93534843819045,0.0,0.0,0.0,0.0,0.0,0.0,0.0,0.0,0.0,0.0,0.0,0.0,0.0,0.0,0.0,0.0,0.0,0.0,0.0,0.0,0.0,0.0,0.36652820440498787,0.11188284627746882,138.1873338063584,164.0547549654535,1908.9318832545485,0.04434661748411938,0.006768409261922983,126.86342362384949,150.53653702153117,1783.4135917121792,0.35557884247396018,0.0671917691749736,119.4102460412899,141.7125903716583,1681.2444335522185,0.0498264080250109,0.009415421017575754,115.53441304611855,137.1278264663098,1608.6378089228065,0.0,0.0,7.406617027855379,8.871779195594839,65.64698045661604,0.0,0.0,52.66678948577586,62.63915103908464,678.8377060974553,0.0,0.0,205.6574895204356,245.2128807807026,2356.3120740098067,0.0,0.0,22.40757592999399,26.809117413986,213.3017633848286,0.0,0.0,109.44377273708185,130.81570501048015,1101.5185168961803,32.01083010214268,21.95530185332146,203.36546938941954,241.90939917871919,2972.784746030437,0.0,0.0,126.50759952847685,151.53230805630256,1121.9007419612154,0.0,16.09197490332596,50.77242406953958,22.0,30.0,0.0,16.232331286967104,50.37373856304317,16.0,30.0,0.0,16.224767749666915,49.78297692937185,22.0,30.0,0.0,16.163296381156799,50.532888729409609,16.0,30.0,0.0,13.5906221007403,58.22837912584507,12.0,30.0,0.0,15.621561502668025,51.28102103381045,17.0,30.0,0.0,14.895961668982068,53.76804231219955,10.0,30.0,0.0,13.919537692590039,57.07178548906221,12.0,30.0,0.0,14.193677209435153,56.12556944326167,12.0,30.0,0.0,15.518227946978208,0.0,0.0,0.0,13.579611159537647,0.0,0.0,451.1534535615538,449.66651540079666,461.7168758666184,450.9167211873341,475.7554883117023,471.33268831774316,470.42061228324959,474.0818861159478,473.01808852134266,0.0,80.48960541890804,80.48960541890804,60.0,0.0,60.0,60.0,16.0,16.0,16.0,12.0,12.0,12.0,21.0,10.0,0.0,0.0,0.0,0.0,0.0,0.0,0.0,0.0,0.0,0.0,0.0,0.0,0.0,80.48960541890804,80.48960541890804,0.0,0.0,0.0,80.48960541890804,0.0,0.0,0.0006933333333333333 
 02/17  14:00:00,9.32,81.0,6.49,116.5,19.0,0.0,0.0,0.0,0.0,0.0,0.0,0.0,0.0,0.0,0.0,96.0,0.0,261.87130222086275,40.23124069659893,103.09118253060598,7.852203580161353,208.99800222411654,0.0,40.23124069659891,54.99915615386696,0.0,0.0,16.051304793137527,9.810612711791692,16.51427229640786,-151.71725290876794,16.20851829981317,-129.00111167637489,16.399186096812409,-24.681149618174915,13.538079028920765,13.847667702018441,15.744451880787605,-81.80568517225015,14.778620452867625,36.09113164785413,13.929197570367311,-14.828507137462907,14.37920910541449,-97.60834147087553,219.43300780750816,330.7629099058013,0.0,0.0,0.0,0.0,0.0,0.0,0.0,0.0,0.0,0.0,0.0,0.0,0.0,0.0,0.0,0.0,0.0,0.0,0.0,0.0,0.0,0.0,0.32616875554453236,0.0995631121930807,172.81964527236657,205.1931567272053,2350.5967363154206,0.04895681124476297,0.007472040788272737,103.20651175285566,122.46385231897364,1434.64990586531,0.3072565999628614,0.05806058200356416,95.71598406035102,113.62541465226411,1311.0654969243067,0.06017427012026635,0.011370799342453955,41.94848119607012,49.77674715354089,585.51963669238,0.0,0.0,7.417112030799979,8.884307886329263,64.48249922019699,0.0,0.0,52.650176482687808,62.62164568486043,668.8511796587546,0.0,0.0,203.9493478441752,243.17070171905815,2302.217468187388,0.0,0.0,22.56888777082594,27.00290797217138,210.48549805726936,0.0,0.0,107.47583049258872,128.45620384492453,1066.351254055019,32.093988151482928,22.01233755245743,159.4726470589171,189.75342031648186,2354.0489368373475,0.0,0.0,124.49263570655178,149.10749291762995,1088.8986696943019,0.0,16.071187387699223,50.598445251313467,22.0,30.0,0.0,16.233397369676149,50.39008289031103,16.0,30.0,0.0,16.11078302817145,50.70980545818319,22.0,30.0,0.0,16.25588984691977,49.78736494864871,16.0,30.0,0.0,13.586941535111058,58.332456176228458,12.0,30.0,0.0,15.609101340548389,51.34302505803382,17.0,30.0,0.0,14.891996250954654,53.97385504371003,10.0,30.0,0.0,13.90406542690839,57.2606034900282,12.0,30.0,0.0,14.203193616384408,56.212935189559178,12.0,30.0,0.0,15.426707222828595,0.0,0.0,0.0,13.599972728180486,0.0,0.0,455.4635575172691,448.8655209760699,450.3708766134118,459.77486229223828,474.08031175171888,470.7770746255438,467.0362239787958,471.8401161702966,470.8945985912364,0.0,80.48960541890804,80.48960541890804,60.0,0.0,60.0,60.0,16.0,16.0,16.0,12.0,12.0,12.0,21.0,10.0,0.0,0.0,0.0,0.0,0.0,0.0,0.0,0.0,0.0,0.0,0.0,0.0,0.0,80.48960541890804,80.48960541890804,0.0,0.0,0.0,80.48960541890804,0.0,0.0,0.0007166666666666667 
 02/17  14:10:00,9.34,80.83333333333333,6.463333333333334,115.66666666666667,21.0,0.0,0.0,0.0,0.0,0.0,0.0,0.0,0.0,0.0,0.0,96.0,0.0,270.0859261020385,39.887117020489757,102.2093824900913,8.098514389876497,215.55399848495413,0.0,39.88711702048973,54.52871299897387,0.0,0.0,16.021962180713744,10.369860946510926,16.483994835740956,-189.0770766778578,16.228498245919697,-10.098207878179437,16.323935444957976,-161.75483239084498,13.534955337278945,13.731742866673386,15.73445877652673,-79.33642209979598,14.766873050545222,35.639981180524959,13.911315123296623,-13.424912535736098,14.378742021070388,-94.15310608132632,236.59071756654886,321.7098856933717,0.0,0.0,0.0,0.0,0.0,0.0,0.0,0.0,0.0,0.0,0.0,0.0,0.0,0.0,0.0,0.0,0.0,0.0,0.0,0.0,0.0,0.0,0.3336215642865941,0.1018380843365672,170.15452662812383,202.02584259578823,2298.9335225938959,0.041952404345427057,0.006402992116212921,121.84304551751991,144.58966663919447,1677.1648510398298,0.32348628719723895,0.06112741632600889,111.47356054928714,132.29594008130159,1540.3805580215108,0.04428241572987451,0.00836780342590221,107.77623378038534,127.92849142648712,1469.129656120973,0.0,0.0,7.340991468555572,8.79253469262616,63.4713882682901,0.0,0.0,52.06097430750643,61.9171246553057,658.3722154041732,0.0,0.0,201.76731128346428,240.56317517528638,2265.0640015940709,0.0,0.0,22.903700877028343,27.40298847401714,211.99932290656109,0.0,0.0,106.2588014110463,126.98959183955103,1051.5061232730828,32.00376494778992,21.950456068443026,190.93498652247605,227.14763957122939,2749.8633173002069,0.0,0.0,123.5212586020641,147.91940291997595,1080.6281326652632,0.0,16.045489293841059,50.90252780920813,22.0,30.0,0.0,16.185996047739946,50.64471489327158,16.0,30.0,0.0,16.195371236429776,49.9710613667087,22.0,30.0,0.0,16.11743850365697,50.80676784439972,16.0,30.0,0.0,13.583672910843884,58.449471512016028,12.0,30.0,0.0,15.600715670833225,51.51912300148975,17.0,30.0,0.0,14.881383836394372,54.0029535227953,10.0,30.0,0.0,13.889424552620364,57.35934491789714,12.0,30.0,0.0,14.210734020486706,56.220370828137728,12.0,30.0,0.0,15.470990918820246,0.0,0.0,0.0,13.621446054296822,0.0,0.0,450.75318408077438,446.2222249605264,459.88867656505547,447.47157871850507,472.1682247477315,467.9364494494483,466.97831837103737,470.9015566696258,470.0921071643269,0.0,80.48960541890804,80.48960541890804,60.0,0.0,60.0,60.0,16.0,16.0,16.0,12.0,12.0,12.0,21.0,10.0,0.0,0.0,0.0,0.0,0.0,0.0,0.0,0.0,0.0,0.0,0.0,0.0,0.0,80.48960541890804,80.48960541890804,0.0,0.0,0.0,80.48960541890804,0.0,0.0,0.00074 
 02/17  14:20:00,9.36,80.66666666666667,6.436666666666667,114.83333333333333,23.0,0.0,0.0,0.0,0.0,0.0,0.0,0.0,0.0,0.0,0.0,96.0,0.0,326.2905186202628,39.87479584603903,102.17780719890473,9.78377907113107,260.41025565378899,0.0,39.87479584603901,54.51186901937292,0.0,0.0,15.99777973193533,15.197439546730493,16.49490912651204,-155.50074720754538,16.136499603170713,-146.968829616967,16.348995176298794,-22.56520451465326,13.536727948901707,13.736944406774257,15.742293149695051,-81.28793844136635,14.758652074441946,38.09051827252097,13.89478687667857,-11.854472637108302,14.378529627549993,-89.80931129377268,228.80433006594286,310.35752632869755,0.0,0.0,0.0,0.0,0.0,0.0,0.0,0.0,0.0,0.0,0.0,0.0,0.0,0.0,0.0,0.0,0.0,0.0,0.0,0.0,0.0,0.0,0.3161166233226081,0.09649469576392189,182.51616118047233,216.70627141320257,2452.102295564939,0.047336791490949058,0.007224785026091126,104.08245677485,123.50363219766253,1431.1483244867862,0.28987891228726755,0.05477681638081399,116.0584391462731,137.79196296756823,1562.5036073950628,0.057665848159246167,0.01089679670431711,53.028808429296919,62.92595493159162,730.9060617788762,0.0,0.0,7.351335576814944,8.804203030252302,63.28249618074987,0.0,0.0,52.23101844170118,62.11553270641879,658.2342983275643,0.0,0.0,200.3996275441974,238.91571518192377,2240.090270559155,0.0,0.0,22.98391570968587,27.49790033532198,211.19045611976993,0.0,0.0,104.48921994405373,124.86068506895512,1031.2842497967866,31.91127344551502,21.887018824084387,181.30030634266388,215.69018858748363,2607.730010849748,0.0,0.0,121.63006310588952,145.63736440327868,1062.872881471431,0.0,16.029403804464555,50.8333636294584,22.0,30.0,0.0,16.198614907458617,50.45853028915065,16.0,30.0,0.0,16.038434341667263,50.92142821843454,22.0,30.0,0.0,16.21110226478754,49.993707372750339,16.0,30.0,0.0,13.585274114564398,58.53047678271934,12.0,30.0,0.0,15.599304947369524,51.545765487916209,17.0,30.0,0.0,14.877855255277927,54.13164861596006,10.0,30.0,0.0,13.876149058461742,57.54714982012262,12.0,30.0,0.0,14.21832281269882,56.33753095277847,12.0,30.0,0.0,15.4390823828948,0.0,0.0,0.0,13.637037845674027,0.0,0.0,452.87767589160839,448.7307744943804,449.88090588848146,458.2556735435794,470.55765973726735,467.36007958961445,464.65736705007387,468.5023893142623,467.5501936199238,0.0,80.48960541890804,80.48960541890804,60.0,0.0,60.0,60.0,16.0,16.0,16.0,12.0,12.0,12.0,21.0,10.0,0.0,0.0,0.0,0.0,0.0,0.0,0.0,0.0,0.0,0.0,0.0,0.0,0.0,80.48960541890804,80.48960541890804,0.0,0.0,0.0,80.48960541890804,0.0,0.0,0.00075 
 02/17  14:30:00,9.379999999999999,80.5,6.41,114.0,25.0,0.0,0.0,0.0,0.0,0.0,0.0,0.0,0.0,0.0,0.0,96.0,0.0,337.2879801198411,39.48937540018562,101.19018547540265,10.11353165049006,269.1872021056895,0.0,39.4893754001856,53.984970049335029,0.0,0.0,15.968045560360338,12.283077860945923,16.478603681346266,-191.29359324884173,16.16077399165215,-4.505396737192314,16.272400169561729,-160.84390802882855,13.537082810114122,13.619016182190819,15.74409491557731,-80.34547411908761,14.749959837164902,38.673183554728897,13.878968119845997,-10.677165488151218,14.377601368369957,-86.73709463703881,238.92433116258418,302.0297992070491,0.0,0.0,0.0,0.0,0.0,0.0,0.0,0.0,0.0,0.0,0.0,0.0,0.0,0.0,0.0,0.0,0.0,0.0,0.0,0.0,0.0,0.0,0.33442170563489279,0.10208232772737876,139.93114463031783,166.1476846926759,1867.2941084907355,0.036094650429460809,0.005508951530747987,128.92570768583526,152.98676911629824,1758.7500371742047,0.3186701126224711,0.06021733042752668,121.51336242294313,144.22233307360694,1653.8005858315578,0.04035078577924715,0.0076248650376506319,117.82958479670886,139.86743769217123,1585.2033033277592,0.0,0.0,7.297793997528254,8.739376346428184,62.53874501218364,0.0,0.0,52.412246003602188,62.32578370301534,658.4829356602066,0.0,0.0,198.63220140244199,236.79706455554243,2209.8237213423947,0.0,0.0,23.306770180423017,27.883437694225646,212.60197378203316,0.0,0.0,103.050568502534,123.13059318631054,1014.0820542580932,31.805100137819467,21.814197625390589,208.3721053093946,247.8639507440228,2940.034796568693,0.0,0.0,120.42279068208858,144.17115593899897,1051.6950685580778,0.0,15.999765646107454,51.02431426420454,22.0,30.0,0.0,16.165398808493618,50.69552328045995,16.0,30.0,0.0,16.133230213636538,50.23264516186147,22.0,30.0,0.0,16.069092281055349,50.96679537406176,16.0,30.0,0.0,13.586423506260742,58.61421831893232,12.0,30.0,0.0,15.600406963600538,51.64338367054447,17.0,30.0,0.0,14.871855470859073,54.19309674416354,10.0,30.0,0.0,13.86327117939007,57.64690343246587,12.0,30.0,0.0,14.224313448702223,56.34949265063064,12.0,30.0,0.0,15.465185596999703,0.0,0.0,0.0,13.654989775847373,0.0,0.0,450.3607274262377,445.6634687291876,458.3761454314808,446.57394274837426,468.91708461857959,465.2311749640639,463.8121690457631,467.48878746945368,466.79051249148946,0.0,80.48960541890804,80.48960541890804,60.0,0.0,60.0,60.0,16.0,16.0,16.0,12.0,12.0,12.0,21.0,10.0,0.0,0.0,0.0,0.0,0.0,0.0,0.0,0.0,0.0,0.0,0.0,0.0,0.0,80.48960541890804,80.48960541890804,0.0,0.0,0.0,80.48960541890804,0.0,0.0,0.0007599999999999999 
 02/17  14:40:00,9.4,80.33333333333333,6.383333333333333,106.5,27.666666666666669,0.0,0.0,0.0,0.0,0.0,0.0,0.0,0.0,0.0,0.0,96.0,0.0,327.39813734051139,37.12751082643389,95.13798965672048,9.816982500142029,261.29414746766988,0.0,37.12751082643387,50.75612211283479,0.0,0.0,15.947611092536029,19.75866271430823,16.470652330210468,-167.76684219232858,16.086366326649715,-124.52232131435267,16.293723449303906,-21.968397910398154,13.536070255881317,13.638113439906647,15.738621061276533,-81.16301780340314,14.741940602628296,39.86166016976222,13.863244436180877,-9.275519214351562,14.375169519553687,-83.44600355243938,221.3513490206351,294.3097431995802,0.0,0.0,0.0,0.0,0.0,0.0,0.0,0.0,0.0,0.0,0.0,0.0,0.0,0.0,0.0,0.0,0.0,0.0,0.0,0.0,0.0,0.0,0.3024945924848016,0.09233656669255239,185.53080525108138,220.28651321342339,2462.349222280484,0.039303949059549297,0.005998771223984936,116.84441309926025,138.64414062104152,1589.4062753121562,0.287996644838224,0.05442113470110055,100.27452392729556,119.0482622333124,1336.687709399397,0.05676058180905633,0.01072573352400913,45.90425592595192,54.473769907436,624.3678699115322,0.0,0.0,7.2902852677197169,8.729735585102919,62.17090806084253,0.0,0.0,52.74529387388776,62.71797450657972,660.1899348104431,0.0,0.0,197.7518154374911,235.73401267226545,2190.0055350761338,0.0,0.0,23.374987402593665,27.9640803838777,211.6910118009223,0.0,0.0,102.08559754998342,121.96607436915214,1001.3367991410789,31.713597726223857,21.75143876970087,178.44955386450028,212.30141408358313,2537.3754859237158,0.0,0.0,119.35410138716969,142.87411563096377,1041.043479497973,0.0,15.988964567593405,51.02296400396514,22.0,30.0,0.0,16.166153010237126,50.60008702086848,16.0,30.0,0.0,16.0102270398472,51.04709922113532,22.0,30.0,0.0,16.159366723900744,50.24256900243395,16.0,30.0,0.0,13.586133435514757,58.69606846461339,12.0,30.0,0.0,15.597384259242939,51.70509482563259,17.0,30.0,0.0,14.866973125129994,54.27822917865366,10.0,30.0,0.0,13.850954020509711,57.786603875069847,12.0,30.0,0.0,14.228942168258186,56.42820230709614,12.0,30.0,0.0,15.400909991732189,0.0,0.0,0.0,13.670025959666483,0.0,0.0,451.0497624602811,447.1236528238537,448.43390778523948,456.15984490653946,467.4095887793189,464.1126128123109,462.2723606504292,465.71652950556668,464.9374418843623,0.0,80.48960541890804,80.48960541890804,60.0,0.0,60.0,60.0,16.0,16.0,16.0,12.0,12.0,12.0,21.0,10.0,0.0,0.0,0.0,0.0,0.0,0.0,0.0,0.0,0.0,0.0,0.0,0.0,0.0,80.48960541890804,80.48960541890804,0.0,0.0,0.0,80.48960541890804,0.0,0.0,0.0007700000000000001 
 02/17  14:50:00,9.42,80.16666666666667,6.356666666666667,99.00000000000002,30.333333333333333,0.0,0.0,0.0,0.0,0.0,0.0,0.0,0.0,0.0,0.0,96.0,0.0,317.3939395585287,34.73437955057102,89.0056739165863,9.517004364583663,253.30982616545459,0.0,34.734379550571,47.48453022407129,0.0,0.0,15.920516431399183,16.6296497027879,16.445588482188435,-192.47473975402319,16.103515693198639,-7.134525336419301,16.220773332593124,-150.459699618566,13.534567455437835,13.609671844891267,15.730384898510295,-80.68228004264074,14.734468553217589,40.82862694477899,13.847787894435549,-8.073121313004322,14.371865139407042,-80.31289761993458,232.0033917522005,288.1951646184775,0.0,0.0,0.0,0.0,0.0,0.0,0.0,0.0,0.0,0.0,0.0,0.0,0.0,0.0,0.0,0.0,0.0,0.0,0.0,0.0,0.0,0.0,0.3149842407577641,0.09614903564034314,157.16288538162207,186.60729435043388,2071.8279884570836,0.03276031906430748,0.005000048697238626,128.97754679494694,153.0475686885713,1740.3677433902313,0.31139077595118577,0.05884179439742741,117.50308817752097,139.46501823657398,1578.9468157609943,0.041210116958064358,0.007787248102430904,110.54006018852096,131.21675567908998,1469.4966949749797,0.0,0.0,7.262146306109817,8.695433854614836,61.61273736787063,0.0,0.0,52.86864199161542,62.86110274966074,659.0304046470527,0.0,0.0,196.54142752462747,234.27831070026543,2166.728091662639,0.0,0.0,23.632691068970297,28.271520300013678,212.4790195028384,0.0,0.0,100.8335140932989,120.46010601986547,985.5917223171019,31.61863535137971,21.686306825363319,201.30356138749787,239.45637896328749,2814.565836134632,0.0,0.0,118.28144241149625,141.57486661809669,1029.1055275049644,0.0,15.961977709581517,51.19372171423975,22.0,30.0,0.0,16.1319796289001,50.77692692714441,16.0,30.0,0.0,16.08713932876101,50.47139989052416,22.0,30.0,0.0,16.02943455555588,51.06944426720397,16.0,30.0,0.0,13.584746111361915,58.777598132788067,12.0,30.0,0.0,15.59224053768226,51.78649413711135,17.0,30.0,0.0,14.862321096161973,54.343189088521018,10.0,30.0,0.0,13.838730208133427,57.896915041745149,12.0,30.0,0.0,14.232305503515186,56.47141085428375,12.0,30.0,0.0,15.426973403351337,0.0,0.0,0.0,13.679655828572593,0.0,0.0,448.6258491938139,445.2188616004814,456.12106445776637,446.1705823747771,465.94937838632696,462.6170560867216,461.25682244055317,464.4834075745706,463.82187452702456,0.0,80.48960541890804,80.48960541890804,60.0,0.0,60.0,60.0,16.0,16.0,16.0,12.0,12.0,12.0,21.0,10.0,0.0,0.0,0.0,0.0,0.0,0.0,0.0,0.0,0.0,0.0,0.0,0.0,0.0,80.48960541890804,80.48960541890804,0.0,0.0,0.0,80.48960541890804,0.0,0.0,0.00081 
 02/17  15:00:00,9.44,80.0,6.33,91.5,33.0,0.0,0.0,0.0,0.0,0.0,0.0,0.0,0.0,0.0,0.0,96.0,0.0,307.22207710256006,32.31042039574128,82.79436266851363,9.211998774636952,245.19169226813745,0.0,32.31042039574126,44.17079428755203,0.0,0.0,15.899773907940313,21.657515925737245,16.432482434910037,-169.45958480690707,16.029304357948818,-119.58433044531557,16.238843701868029,-21.070263156443845,13.532806546494573,13.593777031097546,15.719630615649099,-80.4526059874745,14.726293329228142,41.1115881312835,13.832469645305917,-7.0383141573262268,14.367170151668166,-78.1542031795575,216.78733766159804,284.2231459335467,0.0,0.0,0.0,0.0,0.0,0.0,0.0,0.0,0.0,0.0,0.0,0.0,0.0,0.0,0.0,0.0,0.0,0.0,0.0,0.0,0.0,0.0,0.2909538053456453,0.08881373789549613,182.58980408600525,216.79707692565388,2393.501977021502,0.03604817920132751,0.005501858852461464,117.92575508105277,139.9270207947877,1585.8263772986107,0.2802816019077003,0.052963265666610057,97.43252987432317,115.677634197754,1281.8839729977838,0.05544652271854224,0.010477423038273286,46.62991961022133,55.336182665753359,626.1326315182702,0.0,0.0,7.243788829499861,8.672874724955156,61.130617934575088,0.0,0.0,52.83660373972047,62.820191149233057,655.6621086855889,0.0,0.0,195.66654974081983,233.2235261284993,2146.5087372660584,0.0,0.0,23.69225768239379,28.341914201379919,211.45840335247235,0.0,0.0,100.1530462799823,119.63796564457984,975.046363742128,31.523062325024659,21.62075605282899,176.90611752535754,210.46049961415452,2486.8433238844688,0.0,0.0,117.51161911814747,140.64139543570887,1018.5514275358572,0.0,15.947977894298184,51.18409668939719,22.0,30.0,0.0,16.129146316937314,50.74242886668865,16.0,30.0,0.0,15.963800084062067,51.22879155182996,22.0,30.0,0.0,16.11300367750025,50.455752106660117,16.0,30.0,0.0,13.582736710762666,58.85575491023353,12.0,30.0,0.0,15.584530019681316,51.86202439327281,17.0,30.0,0.0,14.85573979884634,54.432710859974658,10.0,30.0,0.0,13.826368421486276,58.012056058143027,12.0,30.0,0.0,14.233385659868088,56.53271401210248,12.0,30.0,0.0,15.370513724922683,0.0,0.0,0.0,13.683779455639283,0.0,0.0,449.71345435043176,445.8559117695205,447.08188976678698,454.3295887384512,464.5887601632567,461.50403556083605,459.7041882527809,463.0793748022527,462.4319997182702,0.0,80.48960541890804,80.48960541890804,60.0,0.0,60.0,60.0,16.0,16.0,16.0,12.0,12.0,12.0,21.0,10.0,0.0,0.0,0.0,0.0,0.0,0.0,0.0,0.0,0.0,0.0,0.0,0.0,0.0,80.48960541890804,80.48960541890804,0.0,0.0,0.0,80.48960541890804,0.0,0.0,0.00085 
 02/17  15:10:00,9.405,79.83333333333334,6.333333333333334,84.0,35.66666666666667,0.0,0.0,0.0,0.0,0.0,0.0,0.0,0.0,0.0,0.0,970.0,0.0,296.8263129386076,29.85598417150685,76.50495479884556,8.900279486088243,236.89486355341342,0.0,29.855984171506838,40.81539388654503,0.0,0.0,17.132999643733166,-817.4024271819461,16.63650806874881,712.937931426495,17.5567953372789,-2449.9373656771556,16.541126661003326,918.49177987442,13.535891620139213,24.546411815615796,16.402968990375279,-244.63186215509269,14.866885785241774,271.1499747002614,13.825714653854324,19.00741328572144,15.653611724132013,-443.5190778673305,474.0427091669609,608.1634133190429,0.0,0.0,0.0,0.0,0.0,0.0,0.0,0.0,0.0,0.0,0.0,0.0,0.0,0.0,0.0,0.0,0.0,0.0,0.0,0.0,0.0,0.0,0.43721731896948037,0.13346072007615399,393.6466889378822,465.75742468732826,6757.684881080015,0.2106343994020236,0.03214810735684121,337.0095710503474,400.59486213663879,4894.539421269538,0.07796929866469525,0.014733427563245519,522.3103884615689,617.0564095135926,9416.347823063508,0.18579807196442239,0.03510923506508359,356.67830596209958,423.74727146614108,5312.353959157823,0.0,0.0,10.036593562984944,12.062751390592249,85.53083989701026,0.0,0.0,74.64438681984645,88.7503163137973,1095.6545019019432,0.0,0.0,247.82250079908756,296.125876834397,2896.6237596546795,0.0,0.0,36.450819772971239,43.76524721915883,328.2407597813773,0.0,0.0,151.57808903285287,180.25395473741779,2154.962526059762,33.01049093998538,22.640940288055828,684.5562743870006,814.8300031340185,9850.21079791983,0.0,0.0,146.74564701189579,175.86568175568858,1452.288574068913,2074.804605917472,17.807030219910119,45.58948038302064,21.999999999999998,30.0,0.0,16.56003099012184,49.30778309235754,15.999999999999999,30.0,4639.235900072729,18.245976288043008,44.371288547183088,21.999999999999998,30.0,0.0,16.73655305121704,48.73956483568955,15.999999999999999,30.0,0.0,13.590314353972364,58.89898459118269,12.0,30.0,1106.0633207259526,16.66226435293156,48.5249599970996,16.7,30.0,0.0,15.146412100664044,53.54728463973568,10.0,30.0,0.0,13.831270764212258,58.06375711180143,12.0,30.0,2350.795098732945,16.201350251202386,50.01800268044381,16.799999999999998,30.0,0.0,16.149611192944638,0.0,0.0,0.0,14.121454140599786,0.0,0.0,447.3405651860031,447.1582021663193,446.8397579030519,447.81684163392989,463.2044916727029,459.05904235086407,456.86127938993658,461.7259264389878,459.09718696745036,11059.84582426767,80.69169760606198,86.57856468623345,60.0,0.0,60.0,60.0,16.0,16.0,16.0,16.0,12.0,12.0,21.0,10.0,1.0,0.0,2074.804605917472,0.0,4639.235900072729,0.0,1106.0633207259526,0.0,0.0,2350.795098732945,8908.547684484398,5345128.610690638,6986775.064503845,80.69169760606198,86.67854323231227,0.36495158948281328,0.76545967251007,0.3602813740196596,86.67854323231227,0.3542647819438876,6986775.064503845,0.36420230335419997 
 02/17  15:20:00,9.370000000000001,79.66666666666667,6.336666666666667,76.5,38.333333333333339,0.0,0.0,0.0,0.0,0.0,0.0,0.0,0.0,0.0,0.0,291.0,0.0,284.41366086991129,27.422142290148533,70.26831788819246,8.528084745838026,226.98837755940253,0.0,27.42214229014852,37.48814751360472,0.0,0.0,17.887032481515467,-1390.699681524892,17.247423519786638,681.8254974939837,18.434976658907048,-3509.3620659271475,17.307846555058626,707.8927427929045,13.553051671328018,30.926064996283978,16.32416361091486,-146.95579308390897,15.207185915258876,267.105024803665,13.857245050186429,32.95289447569233,15.597171752184089,-226.93910148452876,646.222141806652,483.2051284958948,0.0,0.0,0.0,0.0,0.0,0.0,0.0,0.0,0.0,0.0,0.0,0.0,0.0,0.0,0.0,0.0,0.0,0.0,0.0,0.0,0.0,0.0,0.5807058410593815,0.17726063524401143,459.55281434980449,541.6079448890453,8820.457061383364,0.2650390693139724,0.04045162840567344,392.34431588929427,464.64838954778568,6455.992795145208,0.18984602145769986,0.03587415371460692,575.3465870225572,677.0209838899464,11597.275001695898,0.2130176832218369,0.040252774607300968,385.03849761992628,455.4519534857664,6632.427188877437,0.0,0.0,10.47010544229177,12.57321269178304,90.60423223190964,0.0,0.0,66.90250764561206,79.56498910674095,958.6977115132645,0.0,0.0,225.10460181305988,268.4805035354366,2864.3031023575838,0.0,0.0,40.78161040479317,48.91935923037803,375.92543429532295,0.0,0.0,138.12432807814103,164.50137818557239,1880.8388536665635,34.11858373818151,23.400949065968115,769.4268910492883,913.5051908808748,12101.286259231563,0.0,0.0,126.7982542126143,151.9746799973528,1276.3958464229743,1953.0101587563916,19.0045121812451,42.24987790012426,21.999999999999994,29.99999999999999,0.0,17.592530295177185,46.15821942257442,15.999999999999993,29.99999999999999,4411.272588431751,19.54878949344267,40.859128134015019,21.999999999999994,29.99999999999999,0.0,18.004686166942038,44.994147179563679,15.999999999999993,29.99999999999999,0.0,13.621044031773014,58.91883646066957,11.999999999999995,29.99999999999999,0.0,16.48437375557497,49.162306866072189,15.999999999999993,29.99999999999999,0.0,15.701677017650664,51.7634219754853,9.999999999999997,29.99999999999999,0.0,13.903401514745678,57.90725406933906,11.999999999999995,29.99999999999999,80.39595389183393,16.109868485140735,50.35526604678991,15.999999999999993,29.99999999999999,0.0,16.898266272442695,0.0,0.0,0.0,14.286285193784007,0.0,0.0,446.90847661548789,447.364848061634,446.4228095468567,446.75514904357376,460.47034288673219,456.53374932422107,454.5095252850555,459.3510090858399,456.431281787292,11238.985208441314,80.57289022934882,86.0081695004036,59.99999999999998,0.0,59.99999999999998,59.99999999999998,16.0,16.0,16.0,16.0,12.0,12.0,21.0,10.0,1.0,0.0,1953.0101587563916,0.0,4411.272588431751,0.0,0.0,0.0,0.0,80.39595389183393,8224.047395746007,4934428.437447606,6413501.8997592669,80.57289022934882,86.10047858631498,0.3874682465248669,0.7693479438167101,0.36028137401965945,86.10047858631498,0.35426478194388735,6413501.8997592669,0.33444543212081526 
 02/17  15:30:00,9.335,79.5,6.34,69.0,41.0,0.0,0.0,0.0,0.0,0.0,0.0,0.0,0.0,0.0,0.0,388.0,0.0,273.18709487712189,24.908855524771047,63.82810700720393,8.19145403692064,218.0284922351139,0.0,24.908855524771036,34.052293961115868,0.0,0.0,18.426422669732088,-1207.6428778647688,17.704378635453076,862.238795653017,19.021975648959314,-3455.574468001697,17.799628005330918,929.3947295081498,13.572035543511568,38.38721746940644,16.18594564590363,-32.483506609756947,15.435515230859405,253.3366273651293,13.875482280202183,38.36785349898298,16.13047266887866,-323.6298133047876,863.7295414041173,653.6799833109501,0.0,0.0,0.0,0.0,0.0,0.0,0.0,0.0,0.0,0.0,0.0,0.0,0.0,0.0,0.0,0.0,0.0,0.0,0.0,0.0,0.0,0.0,0.7455427200436181,0.22757714287045734,477.29968407999265,561.2955084007782,9902.544956858119,0.29459785286903797,0.04496304225717917,405.37603662725629,479.08828932456739,7273.429577155664,0.35272754208472748,0.0666529746947709,601.3983639802378,706.0005824155871,13069.213400008006,0.2314490443656754,0.04373564708346095,391.49036575438159,461.9623111829074,7373.788471949617,0.0,0.0,10.757595609411066,12.921046576320587,94.50127146188072,0.0,0.0,43.54495177123207,51.85024080522409,609.5463901708489,0.0,0.0,212.70104435193719,253.32818177716383,2881.338875588085,0.0,0.0,46.80532319211861,56.158135284674859,438.26549082613738,0.0,0.0,150.19263219541413,178.31822274942469,2285.845121407205,35.270107014470628,24.190745551763123,788.5601065795261,933.8445271052001,13821.287477590506,0.0,0.0,136.62292099652584,163.59310589217433,1422.021781546599,1938.0341273315667,19.777199916285018,40.26436126355056,22.0,30.0,0.0,18.328042128181936,44.06774656680055,16.0,30.0,4359.6601977934419,20.307356510046206,38.97173977777466,22.0,30.0,0.0,18.796177344153507,42.80957540990599,16.0,30.0,0.0,13.65093777295318,58.90935736343198,12.0,30.0,0.0,16.28417403071065,49.870817561446987,16.0,30.0,0.0,16.05741746154669,50.67039065925054,10.0,30.0,0.0,13.941297676019005,57.86332529471353,12.0,30.0,1222.4760733418939,16.915885923486046,47.92865413922664,16.75,30.0,0.0,17.744333454279898,0.0,0.0,0.0,14.415624211146416,0.0,0.0,446.415803124013,446.8847220518129,445.99619502313819,446.32705791349289,458.29336774134699,454.46547776058966,452.4326910537694,457.2210676267905,453.8577456658327,11769.010629475946,80.22252485463874,87.87011847210691,60.0,0.0,60.0,60.0,16.0,16.0,16.0,16.0,12.0,12.0,21.0,10.0,1.0,0.0,1938.0341273315667,0.0,4359.6601977934419,0.0,0.0,0.0,0.0,1222.4760733418939,11572.471643008337,6943482.985805003,9086539.923488358,80.22252485463874,88.0,0.38574905476694457,0.7641323939420986,0.36028137401965956,88.0,0.3542647819438875,9086539.923488358,0.4734967426880613 
 02/17  15:40:00,9.3,79.33333333333334,6.343333333333333,62.0,35.00000000000001,0.0,0.0,0.0,0.0,0.0,0.0,0.0,0.0,0.0,0.0,970.0,0.0,239.21040677976368,22.400040949776096,57.39934542036446,7.172671365546504,190.9119701445664,0.0,22.400040949776085,30.62255423193795,0.0,0.0,18.951997266937103,-1093.9157853732177,18.12236407483171,1042.4159177249965,19.587717944601807,-3202.824161034543,18.266174944283465,1029.8929860057079,13.596267179485377,49.00868044434586,17.149801091047914,-134.7745888619248,15.78105902321486,574.5988246072691,14.985337744878177,-65.62625087242192,15.835711053598987,-188.21005159434044,1039.2054895391457,502.18246814731409,0.0,0.0,0.0,0.0,0.0,0.0,0.0,0.0,0.0,0.0,0.0,0.0,0.0,0.0,0.0,0.0,0.0,0.0,0.0,0.0,0.0,0.0,0.8496139525967545,0.25934491837507786,487.09057824943087,571.8329889991735,10804.33740167388,0.3132449843480307,0.047809063545181749,411.5306151749266,485.6053763991979,7939.076899392998,0.4791264724991374,0.09053788218048713,601.986964049292,705.4147323285175,13960.728912409671,0.24598748672163588,0.046482896205902467,393.16349241789086,463.13125299242048,7962.441582631916,0.0,0.0,11.622524120880984,13.967641225378572,103.78677155364382,0.0,0.0,59.181577904467619,70.10388472583915,998.6091984942701,0.0,0.0,201.1610202412728,239.18396018323205,2990.6640796696567,0.0,0.0,31.092003663464529,37.184757233630509,381.38639450872349,0.0,0.0,94.74198988482756,112.82712189183445,1345.4213651878177,36.238499722414619,24.85493808121718,796.2331990984174,941.1951945699178,15211.628634088118,0.0,0.0,101.28633447886158,121.42076260191463,1042.6440913435138,1940.2793246749628,20.49046532323012,38.51429883166056,22.000000000000005,30.00000000000001,0.0,18.991857208791218,42.26507345403867,16.000000000000005,30.00000000000001,4366.584432002195,21.032718799456167,37.254567628117268,22.000000000000005,30.00000000000001,0.0,19.49268732045309,40.974064239406867,16.000000000000005,30.00000000000001,0.0,13.688354648256086,58.87468540553277,12.000000000000004,30.00000000000001,1877.9151934724203,17.60192515054421,45.99123202633861,20.000000000000008,30.00000000000001,0.0,16.660778559633273,48.8458639006435,10.000000000000004,30.00000000000001,1437.295581692781,15.64041343325496,52.02884718258382,17.000000000000005,30.00000000000001,0.0,16.357858861711628,49.72218877078141,16.000000000000005,30.00000000000001,0.0,18.48005595238741,0.0,0.0,0.0,14.304079017178541,0.0,0.0,445.3138069492677,445.8039995979998,444.9709907013051,445.37958233288836,455.8521772005608,451.85582064308945,449.648152475935,454.6558359364849,452.04178638912676,10717.107631662098,80.9184244217102,87.88173978845218,60.00000000000002,0.0,60.00000000000002,60.00000000000002,16.0,16.0,19.0,16.0,16.0,12.0,21.0,10.0,1.0,0.0,1940.2793246749628,0.0,4366.584432002195,0.0,1877.9151934724203,0.0,1437.295581692781,0.0,10538.135113231725,6322881.067939033,8287798.009971681,80.9184244217102,88.00000000000002,0.3512711704410575,0.7628727899408779,0.3602813740196597,88.00000000000002,0.3542647819438877,8287798.009971681,0.43201549651852746 
 02/17  15:50:00,9.265,79.16666666666667,6.346666666666667,55.00000000000001,29.000000000000005,0.0,0.0,0.0,0.0,0.0,0.0,0.0,0.0,0.0,0.0,388.0,0.0,205.4050927057055,19.888160486412418,50.96272920159477,6.159027478648021,163.9322222069192,0.0,19.888160486412408,27.188623200920416,0.0,0.0,19.33225053724653,-1142.0416779992038,18.50831031004769,924.5750538446046,19.994489866170377,-3293.181067965261,18.666562578941347,906.196579983156,13.635003573302896,64.62928858921119,18.213754265881648,-355.4174077271855,16.321208181760114,564.9065535058346,15.6826353733673,-79.61960576866255,16.11720707483766,-409.2902120658148,1120.66438783192,650.1381765051654,0.0,0.0,0.0,0.0,0.0,0.0,0.0,0.0,0.0,0.0,0.0,0.0,0.0,0.0,0.0,0.0,0.0,0.0,0.0,0.0,0.0,0.0,0.9196826620172364,0.28073341331417475,477.101876148095,558.7931995873871,11075.645125900184,0.31863083654004079,0.048631080058003778,402.3928583127897,473.57846012626347,8241.355351592469,0.5680591130478148,0.10734299188356292,594.5133559202614,695.0387394286091,14391.401104060738,0.2534745455441825,0.047897684343193958,387.85049606253366,455.71470451537518,8297.60857369134,0.0,0.0,12.760879897127675,15.321192212425866,116.4392526997105,0.0,0.0,80.58263076378175,94.86382950389883,1626.9921137700044,0.0,0.0,240.43567112212924,284.90719148062,3986.5943442068257,0.0,0.0,17.598806425104688,20.912770103316814,269.250061616341,0.0,0.0,104.93444592445428,124.65188586981812,1591.4256621985745,36.82431436001504,25.256731385469857,781.3546895919133,921.7027269088671,15668.804636640392,0.0,0.0,118.17463684463609,141.45955508949593,1282.615872419446,1863.6740032285446,20.996721494239816,37.320729065353599,22.0,30.0,0.0,19.57654347011707,40.74499833755192,16.0,30.0,4198.99972383815,21.532052877917445,36.11770052881915,22.0,30.0,0.0,20.05501242210181,39.55687636252899,16.0,30.0,0.0,13.749365703004953,58.75744836268877,12.0,30.0,1730.5594055746267,19.37665618491497,41.17462171769321,20.0,30.0,0.0,17.53440292644582,46.228154007349029,10.0,30.0,476.29768215644648,16.900903966607627,48.00987787389708,16.75,30.0,1365.8565444995896,16.73997599448976,48.58072863251064,16.75,30.0,0.0,18.902624451715476,0.0,0.0,0.0,14.562156301538286,0.0,0.0,444.7265504990369,445.12143166537097,444.38142036983307,444.7806430314344,452.9349866864954,449.5439409818245,448.6434818338305,452.62804368667499,450.4277014839288,12177.46976126956,79.9523182052022,87.86560610121279,60.0,0.0,60.0,60.0,16.0,16.0,19.0,16.0,16.0,12.0,21.0,10.0,1.0,0.0,1863.6740032285446,0.0,4198.99972383815,0.0,1730.5594055746267,0.0,476.29768215644648,1365.8565444995896,11974.109628462335,7184465.7770774,9376335.02215489,79.9523182052022,88.0,0.39913698761541108,0.7662415126132389,0.36028137401965956,88.0,0.3542647819438875,9376335.02215489,0.48867275448538757 
 02/17  16:00:00,9.23,79.0,6.35,48.0,23.0,0.0,0.0,0.0,0.0,0.0,0.0,0.0,0.0,0.0,0.0,291.0,0.0,171.79323347889949,17.37462209974757,44.521866282054038,5.151184472724477,137.10687104203186,0.0,17.374622099747559,23.75242566305513,0.0,0.0,19.637825168415956,-1134.3032318473048,18.77080732999471,897.3124878160156,20.305898429885724,-3234.7551673308328,18.935850985393374,867.1291704015428,13.686511736037327,79.38675679024327,18.721970921320247,-434.47915207643526,16.618607859032083,423.059697741361,15.519052242911542,-79.17066231353208,15.91198729430577,-331.8457747250561,1188.429470553282,974.66445491274,0.0,0.0,0.0,0.0,0.0,0.0,0.0,0.0,0.0,0.0,0.0,0.0,0.0,0.0,0.0,0.0,0.0,0.0,0.0,0.0,0.0,0.0,1.0012498981563987,0.305631837044078,469.9286271238441,549.5109604430212,11262.908400667262,0.3254787157192028,0.049676238662882028,393.38900486708919,462.2122059639667,8368.56176335664,0.6729024428232961,0.12715465661815893,584.2876488487332,682.0676470025954,14551.558676418055,0.26382036470894307,0.04985267662678443,382.15664733545597,448.32362802668868,8456.06692158252,0.0,0.0,13.476280982181294,16.171313527558099,126.04701389735118,0.0,0.0,89.92379264093305,105.59615933727653,1939.876517472333,0.0,0.0,305.2225644092432,361.00874161612139,5313.542330228842,0.0,0.0,26.79831243566749,31.852836588500396,387.0313608004584,0.0,0.0,153.49453939053346,182.55409800738983,2179.9279007673719,37.33877185319393,25.609582889707803,766.665775307952,902.9914420152616,15974.854133726945,0.0,0.0,177.5889614230632,212.01716340349265,2139.6875817625698,1867.2513708948368,21.352089637884015,36.50531315481567,22.000000000000019,30.00000000000002,0.0,19.95223206990433,39.79807368926309,16.000000000000015,30.00000000000002,4136.575982309507,21.861017945532283,35.38651254872469,22.000000000000019,30.00000000000002,0.0,20.40118409848527,38.70878183878332,16.000000000000015,30.00000000000002,0.0,13.829085163595316,58.53175224203203,12.00000000000001,30.00000000000002,1468.9086430973299,20.095988701973327,39.38497773138498,20.000000000000015,30.00000000000002,0.0,17.933331368778498,45.084074312047388,10.000000000000007,30.00000000000002,464.72816389209108,16.381493686213014,49.69778655879209,16.333333333333348,30.00000000000002,0.0,16.32243577351222,49.91560622879265,16.000000000000015,30.00000000000002,0.0,19.238209275277858,0.0,0.0,0.0,15.12914147283902,0.0,0.0,444.1979605233304,444.5774286216714,443.8731045555029,444.2839776314555,450.78106688072048,448.6140797272441,448.01590101220247,450.33620241621386,448.9769201786879,11413.563324259658,80.45761827548556,87.8740444624993,60.00000000000004,0.0,60.00000000000004,60.00000000000004,16.0,16.0,19.0,16.0,16.0,12.0,21.0,10.0,1.0,0.0,1867.2513708948368,0.0,4136.575982309507,0.0,1468.9086430973299,0.0,464.72816389209108,0.0,11222.960202352735,6733776.121411636,8805712.844604504,80.45761827548556,88.00000000000007,0.37409867341175787,0.7648291404891577,0.3602813740196598,88.00000000000007,0.3542647819438878,8805712.844604504,0.4590537345861009 
 02/17  16:10:00,9.173333333333334,79.00000000000002,6.343333333333334,41.0,17.0,0.0,0.0,0.0,2.0,0.0,0.0,0.0,0.0,0.0,4.0,388.0,0.0,138.35027340927696,14.860699399523508,38.08002030844319,4.14840607200445,110.41631917483173,0.0,14.8606993995235,20.31570273941777,0.0,0.0,19.539061028150763,-1419.685164997049,18.879232296607314,631.0358827625255,19.941462634154179,-1208.8355845443157,19.00933371237212,530.8672116161524,13.732213518023976,76.22394251366596,18.49810660942973,-92.63278051746957,16.514525047468909,290.61484049994149,15.80644285216399,-63.95932088061603,16.149062598023808,-327.258434198573,1167.4514765283385,843.2480594294127,0.0,0.0,0.0,0.0,0.0,0.0,0.0,0.0,0.0,0.0,0.0,0.0,0.0,0.0,0.0,0.0,0.0,0.0,0.0,0.0,0.0,0.0,1.132407760322113,0.3456678145061395,393.22794259798027,460.60267248776668,9222.436233235661,0.29412421719087,0.044890753539510077,318.53951725012328,374.3618794698098,6869.026911759672,0.7095301657825885,0.13407599504584068,316.8938575526041,371.02589163580748,7525.470880513161,0.2367597792329654,0.04473918730781658,315.1281906112293,369.94844773834,7008.109889459331,0.0,0.0,13.036708948408436,15.647074434671208,125.03335191369969,0.0,0.0,17.210033450903056,20.245130672835157,359.76071327003867,0.0,0.0,217.0219864981711,257.2644055766781,3664.526238775414,0.0,0.0,19.080996675084319,22.671657194730679,296.54935333099106,0.0,0.0,145.29645948174784,172.8590190100025,2174.260395381571,37.457218926015787,25.690822308652814,625.1375254989171,736.6428037643901,13305.714450656844,0.0,0.0,162.57854990932268,194.36067332493554,1987.1903235294017,1826.7777247065354,21.009038861276058,37.31527099138315,22.0,30.0,0.0,20.040978090795137,39.58487722221548,16.0,30.0,63.778249642141108,21.15087984362682,37.649000776042388,21.0,30.0,0.0,20.38166265963337,39.20143094701767,16.0,30.0,0.0,13.89147285122935,58.33871687827059,12.0,30.0,0.0,19.67991883839496,41.96790931270448,19.0,30.0,0.0,17.606446891928767,46.038924575338729,10.0,30.0,422.57993805707499,16.914683034091508,48.06784588837165,16.75,30.0,1210.1050466714033,16.69233778953344,48.791398464547508,16.75,30.0,0.0,19.281822134372857,0.0,0.0,0.0,15.131764414514919,0.0,0.0,446.1920561889171,445.1238203944803,480.20702784236058,466.62765088799406,449.40207476293826,536.5660433245981,446.69504473908639,449.01941683138298,448.2912125451113,9690.314871012479,81.5974018484084,85.18342013396475,1744.0,0.0,1744.0,1744.0,16.0,16.0,19.0,16.0,16.0,12.0,21.0,10.0,1.0,0.0,1826.7777247065354,0.0,63.778249642141108,0.0,0.0,0.0,422.57993805707499,1210.1050466714033,5426.826470390644,3256095.882234386,4240975.556511531,81.5974018484084,85.24432262921721,0.35089421567968817,0.7661101722438202,0.36028137401965956,85.24432262921721,0.3542647819438875,4240975.556511531,0.2557013956052663 
 02/17  16:20:00,9.116666666666668,79.0,6.336666666666666,34.0,11.0,0.0,0.0,0.0,2.0,0.0,0.0,0.0,0.0,0.0,4.0,388.0,0.0,104.96759224944003,12.347434708354483,31.639862260427575,3.14743536822993,83.7738781286156,0.0,12.347434708354476,16.87987936404543,0.0,0.0,19.557365846654784,-1290.726904085318,18.825333575675236,571.3848047727606,20.34994561988738,-1969.046908735555,19.137896777669533,904.2237393033593,13.761803626454544,69.79274512660233,18.437088563241635,-83.81625586378914,16.476126307503408,260.6603439213352,15.41693973674715,-65.99128590090257,15.995294671543232,-338.25105971437258,1173.4528469116995,877.8621288121067,0.0,0.0,0.0,0.0,0.0,0.0,0.0,0.0,0.0,0.0,0.0,0.0,0.0,0.0,0.0,0.0,0.0,0.0,0.0,0.0,0.0,0.0,1.322531104749284,0.4037030234277424,382.45597036409688,447.9834576760562,8954.973988344918,0.3216625323354547,0.049093793091491869,311.9831932202551,366.7325412379348,6669.650516751693,0.31899578205733067,0.060278870381203848,397.50283476671646,464.54846981027927,9886.455586809549,0.23528015076210913,0.04445959009110148,386.72315320325279,453.7051680572615,8782.652244213667,0.0,0.0,12.778416632209254,15.334551175803308,124.82854344641113,0.0,0.0,16.90575986151827,19.899505789346045,345.593871791193,0.0,0.0,223.04929898432733,264.4138679611099,3734.063807598211,0.0,0.0,26.825838857052977,31.94288021507029,380.73167708358059,0.0,0.0,144.82896122032833,172.341991400756,2118.2782709678947,37.687462482134247,25.848739699680558,689.1267427189822,811.8640927374439,14711.58170950993,0.0,0.0,168.58699072911595,201.55129932061048,2021.6505301248822,1819.392668193778,20.927358320897996,37.921586406631288,22.0,30.0,0.0,19.887452103499798,40.40538577158944,16.0,30.0,1517.2767716557119,21.677251980925523,36.70445870235824,21.5,30.0,0.0,20.593893496298639,39.13894256825692,16.0,30.0,0.0,13.923033006705705,58.315875005562627,12.0,30.0,831.4559977722122,19.385801146314234,44.321510118311028,19.5,30.0,0.0,17.473407177985505,46.682550847276427,10.0,30.0,73.00585548725192,16.16173375870408,50.53895691043108,16.0,30.0,0.0,16.377490995355037,49.92204808732632,16.0,30.0,0.0,19.316506132040403,0.0,0.0,0.0,15.013622821656068,0.0,0.0,469.5992531508697,468.28681291808035,497.99868723463507,493.36218290586836,450.1978435019386,634.6449495668852,456.590794210252,451.07911187687406,452.62880229650576,10137.082734417998,81.30199316358736,84.89566286475128,1744.0,0.0,1744.0,1744.0,16.0,16.0,19.0,16.0,16.0,12.0,21.0,10.0,1.0,0.0,1819.392668193778,0.0,1517.2767716557119,0.0,831.4559977722122,0.0,73.00585548725192,0.0,5438.409225784008,3263045.535470405,4229542.673187673,81.30199316358736,84.9566953064417,0.3512803075261336,0.7695593757366901,0.36028137401965956,84.9566953064417,0.3542647819438875,4229542.673187673,0.2566571078946479 
 02/17  16:30:00,9.06,79.0,6.33,27.0,5.0,0.0,0.0,0.0,2.0,0.0,0.0,0.0,0.0,0.0,4.0,388.0,0.0,55.01062812951169,9.515568965849488,24.383308833596315,1.649493792964545,43.903688699868478,0.0,9.515568965849484,13.008504196836496,0.0,0.0,19.600922719130389,-1416.8369291539084,18.81496635417031,594.5666127406653,20.367043923334355,-1622.114418421128,19.06622526419848,572.5733999363911,13.784297617609426,67.13908868722874,18.65438442615023,-103.30307267881435,16.473526530948388,341.0884145497978,16.05169318434326,-32.4226390548952,16.21061998663728,-368.9151101500237,1105.2717689492484,718.9989806503734,0.0,0.0,0.0,0.0,0.0,0.0,0.0,0.0,0.0,0.0,0.0,0.0,0.0,0.0,0.0,0.0,0.0,0.0,0.0,0.0,0.0,0.0,1.1554286036913313,0.35269493397171289,385.11013545921636,451.16800974687046,9024.4999351236,0.2947750754678922,0.04499009088337794,311.9680294198536,366.7588870376212,6682.350761627911,0.6129971800846734,0.11583469011426184,330.4268413706396,385.9636368233615,8172.277622312937,0.23573077477729249,0.044544742021408238,326.3806821451415,382.88411163033319,7285.8755492411,0.0,0.0,12.913347813559162,15.494925256277796,128.16713058053979,0.0,0.0,17.064683157947266,20.055121477796335,365.2190571730646,0.0,0.0,192.87133481136937,228.767681997366,3226.6188059907015,0.0,0.0,12.195178196749172,14.472359848887649,198.1616986980614,0.0,0.0,130.44446017550147,155.1752011400795,1983.5122597520772,37.65245459326979,25.824728801968314,629.7087711865722,741.8937712203004,13380.297013116045,0.0,0.0,137.8157352490802,164.93581940891648,1624.1082391157989,1899.4674823134413,20.88375404491776,38.31532778822218,22.0,30.0,0.0,19.85115230437112,40.81639914393767,16.0,30.0,1435.0961702543028,21.51292611866178,37.48081548030535,21.5,30.0,0.0,20.30352546136607,40.326133035605838,16.0,30.0,0.0,13.944084559488708,58.46932454394748,12.0,30.0,375.7096691712495,19.828970725624939,44.1110415340098,19.5,30.0,0.0,17.424827545302198,47.19267321721567,10.0,30.0,916.5287024607599,17.13799363609262,47.669858907622188,16.75,30.0,1211.0305985722924,16.70478746282605,49.255929572368497,16.75,30.0,0.0,19.1480043970654,0.0,0.0,0.0,14.814589309095219,0.0,0.0,488.1243932569702,486.8076754055089,522.7416108882723,520.4822713606953,456.8491074859457,695.4036083773758,473.1218476804782,457.2660194088244,467.3735118125211,10196.708679423631,81.26249937311407,86.61984965730844,1744.0,0.0,1744.0,1744.0,16.0,16.0,19.0,16.0,16.0,12.0,21.0,10.0,1.0,0.0,1899.4674823134413,0.0,1435.0961702543028,0.0,375.7096691712495,0.0,916.5287024607599,1211.0305985722924,8107.483717624333,4864490.230574599,6352627.361151539,81.26249937311407,86.71083525031645,0.3552494572541444,0.7654744504679577,0.36028137401965956,86.71083525031645,0.3542647819438875,6352627.361151539,0.36860773389099119 
 02/17  16:40:00,9.003333333333334,79.0,6.323333333333332,22.5,4.166666666666667,0.0,0.0,0.0,2.0,0.0,0.0,0.0,0.0,0.0,4.0,388.0,0.0,47.17251855819367,7.906104381690737,20.259112570590227,1.4144672570010919,37.648126520350917,0.0,7.906104381690732,10.808244089129975,0.0,0.0,19.656114741894244,-1364.0286525117413,18.832994570383165,607.1830370163898,20.192473284156074,-1200.2866462185128,19.117614031080238,492.1446783931467,13.80842522480561,68.4013397709462,18.233611336717837,-76.3722891459064,16.544953269134625,276.36192132614158,15.751737002819955,-70.1314634402163,16.036786829916684,-378.17829480983405,1098.2802306625663,893.9629389514755,0.0,0.0,0.0,0.0,0.0,0.0,0.0,0.0,0.0,0.0,0.0,0.0,0.0,0.0,0.0,0.0,0.0,0.0,0.0,0.0,0.0,0.0,1.2165875676814988,0.3713637263985039,389.9251936891206,456.8037335436046,9176.207075574677,0.3065874840858655,0.04679296155156678,317.63794707048978,373.4219274706747,6840.280805214448,0.6435090445621476,0.1216003485567173,285.1243903744154,333.4807372855737,6893.096679125389,0.21716034345275588,0.041035590221609189,280.5543608139582,329.09733116476618,6316.407295268205,0.0,0.0,12.85216076537823,15.420172509795288,129.59528194553645,0.0,0.0,17.080965233971566,20.118539145057455,344.8665143604451,0.0,0.0,222.00800773627004,263.14111185618028,3773.1480820367057,0.0,0.0,20.31101328807036,24.149550724933954,310.3618258979771,0.0,0.0,148.3297607371408,176.49556202490198,2198.141590954121,37.88888504836128,25.98688960792956,588.7768109966374,693.6752414598498,12650.255357511243,0.0,0.0,167.36682947907105,200.11805444653846,2022.992611198962,1842.208654491899,20.875543054217418,38.69859461519394,22.0,30.0,0.0,19.8519319554838,41.177733912614289,16.0,30.0,32.92767034211139,21.307356862970058,38.42947997947764,21.0,30.0,0.0,20.338314901016977,40.59201201080484,19.0,30.0,0.0,13.966139573640128,58.74850152621534,12.0,30.0,80.4320034502514,19.139725062655758,46.78971023200961,19.0,30.0,0.0,17.488222528973659,47.37066087515649,10.0,30.0,0.0,16.59364262974168,49.720271021990608,16.0,30.0,0.0,16.3621518227249,50.78050569237186,16.0,30.0,0.0,19.150558143306215,0.0,0.0,0.0,14.94642429816454,0.0,0.0,509.67916013110075,508.00796245979697,548.6897701469995,538.861644083994,469.3981558207105,739.3169389079117,490.96729400099118,473.26116159415229,487.0272190334148,9754.994141002793,81.55467976643777,83.355999205216,1744.0,0.0,1744.0,1744.0,16.0,19.0,19.0,16.0,16.0,12.0,21.0,10.0,1.0,0.0,1842.208654491899,0.0,32.92767034211139,0.0,80.4320034502514,0.0,0.0,0.0,2725.9855451154305,1635591.3270692584,2116580.2456052459,81.55467976643777,83.3865915892566,0.34586618483718109,0.7672401669638412,0.36028137401965956,83.3865915892566,0.3542647819438875,2116580.2456052459,0.1498835061048061 
 02/17  16:50:00,8.946666666666668,79.0,6.316666666666666,18.000000000000005,3.333333333333334,0.0,0.0,0.0,2.0,0.0,0.0,0.0,0.0,0.0,4.0,388.0,0.0,39.06496928088508,6.29842594415445,16.13949347526247,1.171361752448277,31.17752792611157,0.0,6.298425944154446,8.610425779272628,0.0,0.0,19.742227658713369,-1341.90997369131,18.863679430124578,636.1904802312506,20.520181092927559,-1942.8089182476506,19.28853925221722,861.8966805554223,13.833340759322745,67.37470496082227,18.661338978803195,-97.65496667582127,16.60044696580985,366.2068393241384,15.830213598463839,-86.52087244712252,16.403903901242466,-373.57075855545818,1158.2102710498103,717.8602198708818,0.0,0.0,0.0,0.0,0.0,0.0,0.0,0.0,0.0,0.0,0.0,0.0,0.0,0.0,0.0,0.0,0.0,0.0,0.0,0.0,0.0,0.0,1.3477897192444526,0.41141322321259246,392.3727578030347,459.51409946354678,9337.925793701761,0.33139306729150866,0.05057891747428399,321.9979404708222,378.4788321517341,6986.125073744231,0.3918803998035662,0.07405147388578352,390.7029613070323,456.4970976518239,9868.447300718673,0.23801055241773468,0.04497553900561878,379.37972914213136,444.9473170623213,8784.076997002165,0.0,0.0,13.079187677406237,15.69023247593063,133.97707237716083,0.0,0.0,17.07642116602067,20.065901718203546,368.8873069930999,0.0,0.0,184.05743321343739,218.15910432393535,3167.701898950348,0.0,0.0,23.85435731959035,28.3615238703709,370.3172918327037,0.0,0.0,108.3577395792068,128.69858896568383,1748.6233270435278,38.24123412659322,26.228555642382188,691.5305726595086,814.5375982642926,15045.494683190751,0.0,0.0,128.722001719049,154.0486244989495,1524.934835685019,1852.668283869744,20.951837311080028,38.79679577973124,22.0,30.0,0.0,19.876914781618959,41.4232205680103,16.0,30.0,1458.9610337884893,21.705782979533998,37.544978022089839,21.5,30.0,0.0,20.65154630055977,39.9516446183372,19.0,30.0,0.0,13.988871449074243,59.0768004492741,12.0,30.0,1015.0414712955181,19.822524328452049,45.265140814400869,19.75,30.0,0.0,17.552328820335459,47.5654969101514,10.0,30.0,681.1189028262164,16.698302951834238,49.838338933182708,16.5,30.0,1277.7310031822538,16.98820405825992,49.13910960300195,16.75,30.0,0.0,19.336627767454158,0.0,0.0,0.0,14.745365007952654,0.0,0.0,527.0321195195564,525.3991287179599,556.6025587266375,550.877864642604,484.57826337864898,771.4506997323103,509.410952070891,493.1149673170464,503.16357507404259,9290.468983737845,81.8617521058783,83.8091081401808,1744.0,0.0,1744.0,1744.0,16.0,19.0,19.0,16.0,16.0,12.0,21.0,10.0,1.0,0.0,1852.668283869744,0.0,1458.9610337884893,0.0,1015.0414712955181,0.0,681.1189028262164,1277.7310031822538,2946.7366089498948,1768041.9653699368,2301785.3532521429,81.8617521058783,83.84218071042162,0.3532245536316632,0.7689136233844093,0.36028137401965956,83.84218071042162,0.3542647819438875,2301785.3532521429,0.15961106059133363 
 02/17  17:00:00,8.89,79.0,6.31,13.5,2.5,0.0,0.0,0.0,2.0,0.0,0.0,0.0,0.0,0.0,4.0,291.0,0.0,30.82224799628689,4.697460675925066,12.037076775413807,0.9242032269274422,24.59905049313513,0.0,4.697460675925063,6.4217848808151,0.0,0.0,19.80857948448211,-1384.6616432721099,18.90691693634501,613.3109726071426,20.11862487556488,-978.4230166842237,19.227683117270226,389.1125804742014,13.860237599139609,69.0567823805032,18.366095678788626,-74.28056967621129,16.71766670777361,294.09496564120669,15.668321119832445,-77.11102315390198,16.115672770750707,-320.18267078870027,1112.7541214186504,869.7721589584547,0.0,0.0,0.0,0.0,0.0,0.0,0.0,0.0,0.0,0.0,0.0,0.0,0.0,0.0,0.0,0.0,0.0,0.0,0.0,0.0,0.0,0.0,1.2217834537260469,0.37294977219964828,391.6806281009253,458.49722534784339,9373.630523108926,0.3082123190785683,0.047040952240318779,318.7988677290046,374.52220686184469,6978.415985944015,0.7530392089251171,0.1422976585270442,274.1409667212148,320.90037310652556,6585.628528126914,0.2214664161819943,0.04184928499281829,270.8828896122019,317.72734058371136,6188.399025292358,0.0,0.0,13.012063373787218,15.602142121446733,135.4748718898304,0.0,0.0,16.992506086875,19.993568951588978,351.0986907223017,0.0,0.0,208.6116767547263,246.86822097372619,3676.5382683548998,0.0,0.0,24.945827528795915,29.66493681814606,373.70516031775358,0.0,0.0,130.7826851971698,155.44042769294928,1972.2634000471445,38.26703579200702,26.246252257892367,580.2938476894159,683.3947999797747,12701.975856278468,0.0,0.0,153.36931336718267,183.20168699442386,1882.4398446999044,1830.7986775557502,20.96585349252427,38.80652875233881,22.000000000000019,30.00000000000002,0.0,19.919627803348186,41.448233146606607,16.000000000000015,30.00000000000002,78.02225887915023,21.019405447204897,39.416634705670059,21.000000000000015,30.00000000000002,0.0,20.403418158484486,40.809654423950018,19.000000000000015,30.00000000000002,0.0,14.015558791024154,59.362003234310197,12.00000000000001,30.00000000000002,0.0,19.26920734007326,47.320308134625289,19.000000000000015,30.00000000000002,0.0,17.699807180337623,47.289339505760427,10.000000000000007,30.00000000000002,0.0,16.349092845572036,51.29956495402156,16.000000000000015,30.00000000000002,0.0,16.428206509658428,51.20366764150975,16.000000000000015,30.00000000000002,0.0,19.224191655871274,0.0,0.0,0.0,14.905756672147437,0.0,0.0,531.1787729141789,533.8467934116509,572.3866422334229,564.4309181964061,499.1328266822527,797.3695516142941,517.9412288460371,508.7812558393117,515.9261987017221,9514.63854659743,81.71369172386093,81.71369172386093,1744.0000000000014,0.0,1744.0000000000014,1744.0000000000014,16.0,19.0,19.0,16.0,16.0,12.0,21.0,10.0,1.0,0.0,1830.7986775557502,0.0,78.02225887915023,0.0,0.0,0.0,0.0,0.0,0.0,0.0,0.0,81.71369172386093,81.71369172386093,0.3400000000000003,0.7695680331949879,0.3602813740196598,81.71369172386093,0.3542647819438878,0.0,0.04001511111111111 
 02/17  17:10:00,8.816666666666667,79.16666666666667,6.35,8.999999999999999,1.6666666666666664,0.0,4.0,0.0,0.0,0.0,0.0,0.0,0.0,0.0,0.0,388.0,0.0,20.9513974673668,3.1197507305374159,7.9942508172259709,0.628226144889099,16.721181622442964,0.0,3.1197507305374145,4.264935771778801,0.0,0.0,20.07342298351068,-1330.2365036770198,19.012034434727693,847.0388522811613,20.27418626549747,-1179.6326843778166,19.063852692883495,-19.59047383606122,13.888030699990079,69.05185393629367,17.89878393826836,-142.78463193931033,16.749062376161459,374.792637492606,15.861483350673505,-70.97813281017176,16.190855718047936,-342.17797316141346,988.7900485812047,937.4181677570646,0.0,0.0,0.0,0.0,0.0,0.0,0.0,0.0,0.0,0.0,0.0,0.0,0.0,0.0,0.0,0.0,0.0,0.0,0.0,0.0,0.0,0.0,1.1051715447670104,0.3373539513940813,460.12673159151759,538.0356269534949,11426.889576936843,0.32875533600205927,0.050176333333647637,375.02843472054328,440.44443989024617,8393.793878494898,0.7276549527641554,0.13750093589647689,201.3355903574741,235.315046820937,5140.569476573084,0.3141981195577217,0.05937228260727921,33.23596048333853,39.02772474130744,742.532831303581,0.0,0.0,12.550370602171107,15.05368928168781,133.2200993952349,0.0,0.0,72.10336973735297,85.15412212648617,1399.420611881836,0.0,0.0,295.9568136838584,350.5297073679896,5267.7983798420359,0.0,0.0,24.047811164526914,28.59718087918561,376.9520303435701,0.0,0.0,160.82811948181033,191.3312600861125,2467.5043007757878,38.68836295358925,26.535228363229949,401.41037197303197,473.5625058906157,8721.360396312566,0.0,0.0,182.78289417069153,218.42261395805734,2346.1071565992635,1879.0591890309125,21.363203107954396,37.99809196759599,22.0,30.0,0.0,20.09631126569608,41.06952260252881,16.0,30.0,1752.801501077171,21.594029879264803,37.359646851585107,21.5,30.0,0.0,19.988595092723437,44.23658621155792,19.0,30.0,0.0,14.043400948392274,59.67902915891643,12.0,30.0,0.0,18.51523123632249,46.56787524056263,16.0,30.0,0.0,17.718370487212967,47.94454982540982,10.0,30.0,713.9903115981881,16.66294655334365,50.6174003838811,16.75,30.0,1031.7442048965298,16.478950420131043,51.51503314519462,16.5,30.0,0.0,18.773655676247328,0.0,0.0,0.0,15.124818115929374,0.0,0.0,540.9039275838663,539.7737530163132,534.4670187514669,706.9554268845948,516.4019961889594,615.2861056551835,557.9787764490702,524.1583656406916,539.1491748236513,10097.42255255497,81.32827283946762,83.1134024414968,162.0,0.0,162.0,162.0,16.0,19.0,16.0,16.0,16.0,12.0,21.0,10.0,1.0,0.0,1879.0591890309125,0.0,1752.801501077171,0.0,0.0,0.0,713.9903115981881,1031.7442048965298,2701.5104397692678,1620906.2638615606,2100148.9533218049,81.32827283946762,83.14371986836284,0.34505034799230896,0.7710801927609522,0.36028137401965956,83.14371986836284,0.3542647819438875,2100148.9533218049,0.11293374557273385 
 02/17  17:20:00,8.743333333333334,79.33333333333334,6.390000000000001,0.0,0.0,0.0,4.0,0.0,0.0,0.0,0.0,0.0,0.0,0.0,0.0,388.0,0.0,0.0,0.0,0.0,0.0,0.0,0.0,0.0,0.0,0.0,0.0,20.232473431179206,-1136.2966669592093,19.140939762458666,748.2477968656144,20.575494487162524,-1580.146035501085,18.952022280448469,34.39951693915583,13.9133958999874,68.50098332634396,17.53822158211401,-15.454113527143335,16.87734320166701,314.8884721165998,15.734238466055136,-80.31876527982993,16.231522791455029,-323.24983067938208,1029.5900061050207,990.8499202077017,0.0,0.0,0.0,0.0,0.0,0.0,0.0,0.0,0.0,0.0,0.0,0.0,0.0,0.0,0.0,0.0,0.0,0.0,0.0,0.0,0.0,0.0,1.1376298894697228,0.34726187102250397,447.5944739310332,523.0953304717997,11330.56641804807,0.3300867674292698,0.050379543258435566,365.2528328600533,428.7026838323618,8356.938904007933,0.6450312037752896,0.1218879825728061,253.2338136768493,295.7194095782816,6569.94033160434,0.36098070130666595,0.06821252859158461,40.41559223212961,47.491458970511747,891.4565301430484,0.0,0.0,12.240133706330476,14.678856377624344,132.342669815149,0.0,0.0,32.61026622269481,38.58694283298547,603.4055153176335,0.0,0.0,252.10103589737464,298.3148712405091,4611.657926531922,0.0,0.0,29.138957687583078,34.66818567771161,449.23249824957716,0.0,0.0,150.30353453974309,178.70872522648006,2330.063751697142,39.066566467284939,26.794627206642628,398.5402159250039,470.0507663679765,8798.93655734136,0.0,0.0,176.07183913949278,210.31864667818895,2277.356696838031,1807.5822831637902,21.575637608342228,37.539361649356319,22.0,30.0,0.0,20.27826123269711,40.62862047497559,16.0,30.0,2757.0443156835356,21.91401125137491,36.71406155759752,22.0,30.0,0.0,19.76409799664638,46.06871952757635,19.0,30.0,0.0,14.06745374368348,59.989337222938448,12.0,30.0,0.0,17.98709863051979,47.25525391330677,16.0,30.0,0.0,17.885842383931576,47.27404574835712,10.0,30.0,0.0,16.392467029971554,51.875903414705167,16.0,30.0,0.0,16.473262372640929,51.750242807971947,16.0,30.0,0.0,18.844512097872085,0.0,0.0,0.0,15.116276916025127,0.0,0.0,550.2522456830635,547.3809029200585,547.8826735142347,790.0440160857181,533.714484942788,564.7255221723087,550.4441696347197,544.0202179295216,551.474239567534,11336.762780678442,80.50849930031142,86.2267319164391,162.0,0.0,162.0,162.0,16.0,19.0,16.0,16.0,16.0,12.0,21.0,10.0,1.0,0.0,1807.5822831637902,0.0,2757.0443156835356,0.0,0.0,0.0,0.0,0.0,8653.01162735323,5191806.976411938,6769300.9236304019,80.50849930031142,86.32384648949048,0.3734337209117743,0.7666485305064617,0.36028137401965956,86.32384648949048,0.3542647819438875,6769300.9236304019,0.3558106480287809 
 02/17  17:30:00,8.67,79.5,6.43,0.0,0.0,0.0,4.0,0.0,0.0,0.0,0.0,0.0,0.0,0.0,0.0,388.0,0.0,0.0,0.0,0.0,0.0,0.0,0.0,0.0,0.0,0.0,0.0,20.05495958879135,-1246.0469305012026,19.16945225432654,492.8815710205895,20.551575505262087,-862.044603932088,18.877694837114676,2.9924089851023156,13.940199643825283,66.19658126116173,17.290987449780518,-15.082771752532637,16.79277241390764,238.9123714729908,15.991281751111297,-58.64182387878017,16.232919224223097,-311.71114926561907,1069.7148044546698,928.6020936822438,0.0,0.0,0.0,0.0,0.0,0.0,0.0,0.0,0.0,0.0,0.0,0.0,0.0,0.0,0.0,0.0,0.0,0.0,0.0,0.0,0.0,0.0,1.1627858944795966,0.35494074923064608,464.05890772907778,543.3811657448703,11420.227837440014,0.28412949144987467,0.043365306997844129,283.693404965797,333.09075200070006,6534.497995995445,0.7597135384762136,0.1435588697045,253.6832826151955,296.2667789825882,6503.619866620162,0.3463318715964858,0.06544442018074183,38.66266695009088,45.461947105297927,846.2861736513661,0.0,0.0,12.123290360361788,14.538541814012178,133.48699295206729,0.0,0.0,25.517716582943316,30.245912805904479,458.6541431949302,0.0,0.0,252.3394700292785,299.01402424519838,4542.514555390757,0.0,0.0,22.88340092823163,27.227617860886057,365.25276347848799,0.0,0.0,163.6646057426187,194.74787816949962,2559.690197898882,39.12079507283912,26.831821037612575,406.602916174165,479.38045421201675,9213.398559953599,0.0,0.0,184.32862817722109,220.3229788342464,2425.683758113056,1830.5542062471023,21.22171953648088,38.4516903677322,22.0,30.0,0.0,20.272727940929405,40.74779876391631,16.0,30.0,1479.4903787325107,21.676019963523854,37.37736153153837,21.5,30.0,0.0,19.597684355657309,46.84125569181393,19.0,30.0,0.0,14.092696642072845,60.07452874679795,12.0,30.0,0.0,17.625750914143255,48.17525151738109,16.0,30.0,0.0,17.659561649259186,47.97355276841343,10.0,30.0,688.1182891974868,16.725749886200469,50.8803700198922,16.75,30.0,958.4207037465494,16.497992803595716,51.645339157370717,16.5,30.0,0.0,18.999577815365034,0.0,0.0,0.0,15.125447392334774,0.0,0.0,560.4465116933031,559.5091365964013,559.671274898725,818.3622113344535,542.6948193759552,557.0284743364172,555.3524923049824,549.3414919964002,551.9657159956898,10663.998905386532,80.95335582777885,84.92239555581333,162.0,0.0,162.0,162.0,16.0,19.0,16.0,16.0,16.0,12.0,21.0,10.0,1.0,0.0,1830.5542062471023,0.0,1479.4903787325107,0.0,0.0,0.0,688.1182891974868,958.4207037465494,6005.7875007182069,3603472.500430924,4683127.273565354,80.95335582777885,84.98980302670299,0.3701929166906069,0.7688830016196022,0.36028137401965956,84.98980302670299,0.3542647819438875,4683127.273565354,0.24741061822539843 
 02/17  17:40:00,8.596666666666668,79.66666666666666,6.47,0.0,0.0,0.0,4.0,0.0,0.0,0.0,0.0,0.0,0.0,0.0,0.0,679.0,0.0,0.0,0.0,0.0,0.0,0.0,0.0,0.0,0.0,0.0,0.0,20.278401275009764,-1206.027229753722,19.87884302652011,-72.92232874378726,20.420824429831684,-531.9756088854351,18.84766882893114,21.307914495280174,13.962008990069148,63.11420428414573,17.111917454539126,27.05341760433169,16.87629716622412,317.37228988521778,15.825166774382092,-72.66024746859239,16.273278811441374,-353.4404265442243,926.4953565866895,969.8829692976194,0.0,0.0,0.0,0.0,0.0,0.0,0.0,0.0,0.0,0.0,0.0,0.0,0.0,0.0,0.0,0.0,0.0,0.0,0.0,0.0,0.0,0.0,1.0698973902101153,0.3265865049481429,302.7229796900797,354.38375116439758,7717.314825947771,0.2298942677183107,0.03508764769815489,171.5764488030952,201.44119843764464,4189.273417393497,0.9755703178675167,0.18434813262802686,144.1691148882674,168.63734896614955,3692.27656870375,0.3756591488247108,0.07098623371593178,41.63339264997593,48.99358796767984,911.683026280692,0.0,0.0,12.022366424705825,14.425026587509422,134.54034281483758,0.0,0.0,42.15128853677861,49.98082270301013,741.8215733768404,0.0,0.0,261.8386852078662,310.1003216400372,4822.346077857053,0.0,0.0,25.243100921596839,30.03145280650249,399.391238253045,0.0,0.0,151.2940271924215,179.99271096975557,2401.33016169033,39.44317379251687,27.052931270587736,241.79796410461035,285.9039780091005,5592.732800527232,0.0,0.0,174.43602660947995,208.5727679439462,2274.0888323889837,1745.1669066720054,21.49308777990357,37.85844688989084,22.000000000000015,30.00000000000002,2016.627657082767,21.206058694958118,38.52179868235207,22.000000000000015,30.00000000000002,1035.3333491720428,21.39082393289229,38.09415811780635,21.2857142857143,30.00000000000002,0.0,19.52648142537852,47.02400968565201,19.000000000000015,30.00000000000002,0.0,14.108928878182983,60.10324306641272,12.00000000000001,30.00000000000002,0.0,17.385417735558094,48.85807938450016,16.00000000000001,30.00000000000002,0.0,17.798683306259414,47.57630438704463,10.000000000000007,30.00000000000002,0.0,16.488476275501353,51.658872901700799,16.00000000000001,30.00000000000002,0.0,16.504223179472228,51.62247631790498,16.00000000000001,30.00000000000002,0.0,18.47745114508771,0.0,0.0,0.0,15.018419410339865,0.0,0.0,570.8733764484623,566.9191506244424,569.8036565266708,825.5154457363648,548.4284249233631,556.9549765542773,559.9144875067602,552.6881304701806,555.4640603327401,10055.744377754185,81.3557844494333,83.49125678198294,162.0000000000001,0.0,162.0000000000001,162.0000000000001,21.0,19.0,16.0,16.0,16.0,12.0,21.0,10.0,1.0,0.0,1745.1669066720054,2016.627657082767,1035.3333491720428,0.0,0.0,0.0,0.0,0.0,3231.5349676420967,1938920.980585255,2511097.9331897248,81.3557844494333,83.52752419147126,0.35057497511187959,0.7698804051349671,0.3602813740196598,83.52752419147126,0.35426478194388785,2511097.9331897248,0.13454609252586567 
 02/17  17:50:00,8.523333333333334,79.83333333333334,6.51,0.0,0.0,0.0,4.0,0.0,0.0,0.0,0.0,0.0,0.0,0.0,0.0,194.0,0.0,0.0,0.0,0.0,0.0,0.0,0.0,0.0,0.0,0.0,0.0,20.311540509780845,-819.110400340549,20.257966699485374,-974.5662677079909,20.14208460104193,-212.02353578475323,18.82718488701195,28.230184224082679,13.98595660377735,61.87884069718905,16.970435254487144,47.75200281961634,16.833887461257008,224.9738943615248,15.873211676192982,-84.54764198312035,16.29647681644379,-429.28430897282217,975.32923115529,1029.7664958994793,0.0,0.0,0.0,0.0,0.0,0.0,0.0,0.0,0.0,0.0,0.0,0.0,0.0,0.0,0.0,0.0,0.0,0.0,0.0,0.0,0.0,0.0,1.0798028250726808,0.3296101419635778,284.77293123194269,332.2761950080094,7397.154034139658,0.17434439375841305,0.0266093397067175,212.53302068064967,247.8907642125335,5498.075846610871,1.0410181125007845,0.19671544075978548,49.96608188753979,58.41007239433431,1272.3423485878994,0.39336307118370719,0.07433164610425304,44.864025587104809,52.709901365547668,984.725470330306,0.0,0.0,11.83310437441052,14.17299114730412,134.7193682064892,0.0,0.0,49.180594666229627,58.271176014322708,855.7119727433239,0.0,0.0,292.1687723725605,345.6245122019397,5341.67803412309,0.0,0.0,28.610495695376608,33.974082201310299,461.8574468205546,0.0,0.0,172.5711797124293,204.88942812065273,2794.518426762449,39.768929316026547,27.276357555573776,215.6635783294962,254.23733536825947,5120.834155181496,0.0,0.0,199.17249815750828,237.56783737646874,2709.9496245360207,1318.9384089132953,21.606380673984626,37.62726961312421,22.0,30.0,1707.0190377328275,21.699883359793135,37.44198760939231,22.0,30.0,125.86997411756392,21.15860837484489,38.64482672978184,21.0,30.0,0.0,19.475709138562324,46.84566084666439,19.0,30.0,0.0,14.13031588727431,60.09026033810941,12.0,30.0,0.0,17.197011258908174,49.42706845518387,16.0,30.0,0.0,17.661745617933847,48.01057039506334,10.0,30.0,630.7984808790088,16.513835046632275,51.6269283811887,16.5,30.0,1038.8280733559585,16.52394245664138,51.602811873808089,16.5,30.0,0.0,18.565338888816034,0.0,0.0,0.0,15.230651119861886,0.0,0.0,574.0007903879098,578.9473417165946,575.0653930673773,813.812279343693,553.966603099221,559.6270139159963,562.5884753764165,557.1943637355848,558.7629505007618,9483.443924079782,81.73349068117627,85.92787755666525,162.0,0.0,162.0,162.0,21.0,19.0,16.0,16.0,16.0,12.0,21.0,10.0,1.0,0.0,1318.9384089132953,1707.0190377328275,125.86997411756392,0.0,0.0,0.0,630.7984808790088,1038.8280733559585,6346.227587900201,3807736.5527401205,4959191.395963139,81.73349068117627,85.99911217021989,0.38154091959667338,0.7678197186175066,0.36028137401965956,85.99911217021989,0.3542647819438875,4959191.395963139,0.2619009525900832 
 02/17  18:00:00,8.45,80.0,6.55,0.0,0.0,0.0,4.0,0.0,0.0,0.0,0.0,0.0,0.0,0.0,0.0,582.0,0.0,0.0,0.0,0.0,0.0,0.0,0.0,0.0,0.0,0.0,0.0,20.17200935857375,-38.03108811057059,20.291962217127766,-1100.9550753128074,20.232499868980179,-669.3032510751576,18.845775650478033,56.29594684564828,14.005503252569199,58.58659813613785,16.880781189065489,56.815254900969389,16.864356201581758,319.630175281985,15.91118308652359,-72.18167959815902,16.3268346188174,-332.31948810478556,1072.893441854635,878.9265670808024,0.0,0.0,0.0,0.0,0.0,0.0,0.0,0.0,0.0,0.0,0.0,0.0,0.0,0.0,0.0,0.0,0.0,0.0,0.0,0.0,0.0,0.0,1.0772775797819996,0.328839310067765,335.64275685241787,393.0083579164968,8478.671940534769,0.16619382050519744,0.025365357219962946,198.43778531563283,231.79261099072435,5169.972563384229,0.9917367902723235,0.18740302159340939,162.15217317841985,189.80511287423276,4232.386544537182,0.39967622047280407,0.0755246070432357,45.440677450648049,53.49618155505621,1005.0843858648877,0.0,0.0,11.699804284936218,14.036162033287117,135.21430152420525,0.0,0.0,51.90172705278261,61.62091231471186,900.5829047918653,0.0,0.0,260.6909462852617,308.8476846064244,4836.93996155921,0.0,0.0,24.821980537408004,29.529183894185456,402.32222063805218,0.0,0.0,140.55979809763444,167.1814221904777,2291.481657745737,40.06244833898503,27.47767375787722,278.17912415350789,328.23386199104308,6643.30711407172,0.0,0.0,163.28989957180216,195.2321218757586,2184.395724265191,308.9282144710185,21.214530482539478,38.57263477784472,21.166666666666637,29.999999999999959,1984.1168223089069,21.655123605974976,37.57674745980254,21.999999999999969,29.999999999999959,1198.8380954409152,21.441873359396319,38.04488250349448,21.333333333333305,29.999999999999959,0.0,19.489820700433435,46.64811529764452,18.99999999999997,29.999999999999959,0.0,14.14340880391912,60.075094523301789,11.999999999999983,29.999999999999959,0.0,17.09803981961167,49.75586228910923,15.999999999999977,29.999999999999959,0.0,17.71874290509035,47.8673305301123,9.999999999999986,29.999999999999959,0.0,16.52106950045607,51.599770601371648,15.999999999999977,29.999999999999959,0.0,16.57122233789305,51.44913914601074,15.999999999999977,29.999999999999959,0.0,18.90260618161836,0.0,0.0,0.0,15.041481870885847,0.0,0.0,584.2135992404701,590.0735079955172,585.1577734153807,810.2994952731892,557.5672706282677,563.4770122250453,568.872330550344,560.5274107447235,563.1309464793317,9219.040329160314,81.90912716307168,83.05672669796302,161.99999999999978,0.0,161.99999999999978,161.99999999999978,21.0,19.0,16.0,16.0,16.0,12.0,21.0,10.0,1.0,0.0,308.9282144710185,1984.1168223089069,1198.8380954409152,0.0,0.0,0.0,0.0,0.0,1736.7741459636494,1042064.4875781911,1358432.7955503455,81.90912716307168,83.07621674783447,0.3412258048654546,0.7689898312015027,0.360281374019659,83.07621674783447,0.354264781943887,1358432.7955503455,0.07471550536861797 
 02/17  18:10:00,8.378333333333332,80.33333333333334,6.611666666666666,0.0,0.0,0.0,0.0,0.0,0.0,0.0,0.0,4.0,0.0,0.0,0.0,388.0,0.0,0.0,0.0,0.0,0.0,0.0,0.0,0.0,0.0,0.0,0.0,20.59094017123452,-1054.161833654005,20.425961796003518,-160.81423191324334,20.648424671759366,-2168.3280162960188,19.212820007577635,1126.6478854545922,14.027723087937645,62.15258935404988,16.802180283955616,68.21153978345586,16.91705868205202,364.6854612754537,16.128039383125875,-73.26521755492365,16.30356898565771,-352.63769762837367,1066.6956364536637,922.1829412672834,0.0,0.0,0.0,0.0,0.0,0.0,0.0,0.0,0.0,0.0,0.0,0.0,0.0,0.0,0.0,0.0,0.0,0.0,0.0,0.0,0.0,0.0,1.140991998819176,0.34828815592770948,196.61588190852297,229.36651779817977,5265.370506137413,0.17861490326890629,0.027261126872543695,20.153899840662175,23.529153487651987,539.4988191205513,1.1996449183982506,0.22669027180616986,458.59287883829168,535.6930885419333,12141.735795274166,0.3851081450921869,0.07277175833185691,440.43740381607429,517.0655441152284,10404.971162067368,0.0,0.0,12.256497013591183,14.694887405395157,143.93694251110007,0.0,0.0,56.08283309515482,66.57987372357778,971.5308114405987,0.0,0.0,279.3875636840497,330.8632269531285,5252.407272300853,0.0,0.0,23.037221813976136,27.390704545494587,388.02820092023418,0.0,0.0,154.81148916359337,184.13536856823505,2537.8587578225949,40.607702297491297,27.851647666317768,444.7993606211893,524.7254475337763,10087.980055430624,0.0,0.0,175.31835931021164,209.5717680183073,2387.7483365472946,1744.1956960713599,21.951243324935434,37.73943289570923,22.0,30.0,658.7569755113866,21.841297979857097,39.791681816853,21.5,30.0,2953.492932961307,21.76301546369141,37.78871607209966,21.75,30.0,0.0,20.299675457384134,41.23106783576887,16.0,30.0,0.0,14.163651642100329,60.055078836831608,12.0,30.0,0.0,17.00835360826761,50.147856645751378,16.0,30.0,0.0,17.780994427244914,48.12121465741305,10.0,30.0,693.4972544910725,16.831301313651,50.6421002016842,16.5,30.0,924.2670918896537,16.54175133686553,51.61056828192914,16.25,30.0,0.0,18.825964401421346,0.0,0.0,0.0,15.072814668602132,0.0,0.0,648.0158667422679,743.0165606478419,623.8403977331857,614.7862489987829,563.5167251770863,573.3470889833401,596.2628470022388,565.6295372098489,569.6322779656149,10116.669748289947,81.31551414890052,84.81482763001677,240.0,0.0,240.0,240.0,21.0,16.0,16.0,16.0,16.0,12.0,21.0,10.0,1.0,0.0,1744.1956960713599,658.7569755113866,2953.492932961307,0.0,0.0,0.0,693.4972544910725,924.2670918896537,5295.764874131744,3177458.924479047,4139115.2832065576,81.31551414890052,84.87425758984964,0.3465254958043915,0.7665765049380655,0.36028137401965956,84.87425758984964,0.3542647819438875,4139115.2832065576,0.22135399472674104 
 02/17  18:20:00,8.306666666666667,80.66666666666667,6.673333333333334,0.0,0.0,0.0,0.0,0.0,0.0,0.0,0.0,4.0,0.0,0.0,0.0,291.0,0.0,0.0,0.0,0.0,0.0,0.0,0.0,0.0,0.0,0.0,0.0,20.41390443902086,-1099.2201160817218,20.02710518399156,-117.66491310531763,20.63211794838478,-1562.410600389032,19.48207769639974,570.4010511673379,14.054321131868817,60.88649004178333,16.755762080754459,117.54208832177236,17.084507163299617,295.27287569242,15.929674059245354,-79.92343630204027,16.532519828337756,-425.2753320258813,1135.8079483190125,966.9082791421272,0.0,0.0,0.0,0.0,0.0,0.0,0.0,0.0,0.0,0.0,0.0,0.0,0.0,0.0,0.0,0.0,0.0,0.0,0.0,0.0,0.0,0.0,1.2088757922646019,0.36900970459847429,274.9837187972921,321.21989403625,7247.326375500772,0.19746650159245958,0.03013835494390408,14.764977540221278,17.261934296664835,380.1944855437643,1.246857964648589,0.23561186028884899,418.61240170631859,488.7911095016376,10990.901873735456,0.3381413561444833,0.06389670373100588,325.7551023369972,381.77486401078616,7970.834741612184,0.0,0.0,12.186561298054155,14.605546482240687,145.55822502760678,0.0,0.0,65.28383916687315,77.47461553987363,1135.896748286135,0.0,0.0,276.32412726215929,326.7898970111046,5372.1608484556,0.0,0.0,27.533524891351769,32.72235146086101,454.03297923723309,0.0,0.0,139.22122694949727,165.29198192110207,2411.9231546610469,40.85204382974469,28.019234451128044,410.3074200739701,483.1548591425932,9739.459365437451,0.0,0.0,164.44801935646866,196.50636409030086,2244.0291157939338,1598.33412798247,21.656244374035994,38.12887152207591,21.999999999999994,29.99999999999999,19.420797505600484,21.162734403030119,44.907242050666557,20.999999999999994,29.99999999999999,2338.3995569552828,21.584274396630087,38.2990492837826,21.666666666666658,29.99999999999999,0.0,20.615264520671926,40.76525509382138,15.999999999999993,29.99999999999999,0.0,14.191740140434849,60.15392446176127,11.999999999999995,29.99999999999999,0.0,16.97193527503962,50.612513733653177,15.999999999999993,29.99999999999999,0.0,18.02781337359428,47.36770427803114,9.999999999999997,29.99999999999999,0.0,16.533076220097759,51.78948180526767,15.999999999999993,29.99999999999999,496.3145022858009,16.9288035794185,50.63884011347457,16.66666666666666,29.99999999999999,0.0,19.102857710569034,0.0,0.0,0.0,15.038971809018177,0.0,0.0,629.5354762223064,927.8617077926505,631.27217385815,636.3016169849454,575.977844452366,595.0174298908269,599.057322715453,579.0276721999111,588.0929746240649,9079.650309787656,82.00080294251588,84.7919653354873,239.99999999999992,0.0,239.99999999999992,239.99999999999992,21.0,16.0,16.0,16.0,16.0,12.0,21.0,10.0,1.0,0.0,1598.33412798247,19.420797505600484,2338.3995569552828,0.0,0.0,0.0,0.0,496.3145022858009,4223.12118328748,2533872.7099724889,3291249.9354134227,82.00080294251588,84.8393685389432,0.36743737277624929,0.7673352134747193,0.36028137401965945,84.8393685389432,0.35426478194388735,3291249.9354134227,0.17737166330816465 
 02/17  18:30:00,8.235,81.0,6.734999999999999,0.0,0.0,0.0,0.0,0.0,0.0,0.0,0.0,4.0,0.0,0.0,0.0,388.0,0.0,0.0,0.0,0.0,0.0,0.0,0.0,0.0,0.0,0.0,0.0,20.319709669561548,-227.3586834328696,20.49010140118677,-174.4846150418549,20.48680588885813,-2142.319407419238,19.553432339092148,631.9945504669545,14.075520867108823,57.76985100517386,16.733236698623278,103.77397911227956,16.983204003316084,160.67514859135555,16.18767479795705,-68.26919829210577,16.165378633063317,-283.1813491428204,1184.560610588614,1006.3917090729267,0.0,0.0,0.0,0.0,0.0,0.0,0.0,0.0,0.0,0.0,0.0,0.0,0.0,0.0,0.0,0.0,0.0,0.0,0.0,0.0,0.0,0.0,1.3476223362725502,0.41136212950932546,217.81914688971669,254.54022261147709,5693.145212489031,0.12583375582840976,0.019205396188707228,24.69153068522599,28.761576880027499,669.7100449423667,1.1707371247909482,0.22122772577304396,466.5790482155851,544.9193044315864,12334.657125085017,0.3189326491718134,0.060266940508657097,342.93563190311127,401.9687306017522,8463.75557085799,0.0,0.0,11.617660992220309,13.929084461693034,140.85772520705465,0.0,0.0,62.39707000083543,74.1066620262169,1093.501768725468,0.0,0.0,288.82121895550747,341.9883799784801,5521.244136599073,0.0,0.0,24.01566471581294,28.567652987708749,410.47444492093828,0.0,0.0,162.20133301683013,192.9988712929492,2632.459197357272,41.130403512134318,28.21015330050366,446.635839890594,525.574888196971,10808.943179197466,0.0,0.0,183.17429303678154,218.84455074667265,2572.8346674112156,609.4948060933186,21.337132703468997,38.97211719487937,21.25,30.0,1373.0961759846917,21.869558371768677,44.37545383308479,22.0,30.0,2239.7799476438269,21.64104944637162,37.84574517203811,21.75,30.0,0.0,20.697131438455899,40.27421311053811,16.0,30.0,0.0,14.209997131535588,60.260052410246917,12.0,30.0,0.0,16.96279465851118,50.70633618319514,16.0,30.0,0.0,17.784263637756334,48.235516229094269,10.0,30.0,686.7469791377243,16.87561817284997,50.93054941167347,16.5,30.0,0.0,16.311558662202427,52.83709253434776,16.0,30.0,0.0,19.30998364536688,0.0,0.0,0.0,15.166245265732066,0.0,0.0,633.2684763400001,1015.1153312773699,612.1378343303522,622.176784134775,586.6589436462934,601.203526115447,607.569667341738,594.515867172532,600.0345498154514,10526.361224710949,81.04451680691447,86.47740404757072,240.0,0.0,240.0,240.0,21.0,16.0,16.0,16.0,16.0,12.0,21.0,10.0,1.0,0.0,609.4948060933186,1373.0961759846917,2239.7799476438269,0.0,0.0,0.0,686.7469791377243,0.0,8221.679768939695,4933007.861363817,6463335.518399852,81.04451680691447,86.56967250886494,0.35905599229798987,0.7630508702399442,0.36028137401965956,86.56967250886494,0.3542647819438875,6463335.518399852,0.3424267802901257 
 02/17  18:40:00,8.163333333333333,81.33333333333334,6.796666666666667,0.0,0.0,0.0,0.0,0.0,0.0,0.0,0.0,4.0,0.0,0.0,0.0,679.0,0.0,0.0,0.0,0.0,0.0,0.0,0.0,0.0,0.0,0.0,0.0,20.38563543610926,-690.6137184005663,20.361452882144535,-149.51028882104894,20.637992961594944,-1163.1675950008353,19.583153374176214,390.4423789530267,14.096130474099736,59.996171469208068,17.694672396655386,-65.43028008131683,16.963225194585634,348.9947294203301,17.104964545894654,-57.308618818261368,16.347844357191023,-416.710940113955,1055.8287319013628,927.1316330083582,0.0,0.0,0.0,0.0,0.0,0.0,0.0,0.0,0.0,0.0,0.0,0.0,0.0,0.0,0.0,0.0,0.0,0.0,0.0,0.0,0.0,0.0,1.275777853014581,0.3894315790642804,177.25445109130804,207.40674959727597,4722.378904827529,0.12850438324469913,0.01961300110572333,24.234821838828475,28.30755158264985,643.7365347744888,1.2817933293401108,0.24221340312549367,313.48873518824197,366.87750118267197,8300.090493785043,0.31677415234898789,0.05985906129043615,288.5242395388262,338.5732817580658,7162.377013641267,0.0,0.0,11.881620202669442,14.25143931280822,146.21317053597773,0.0,0.0,46.252980663846347,54.67013710702215,941.8318502064849,0.0,0.0,257.02714062361908,304.5817451808177,4935.918686893765,0.0,0.0,20.415541514918855,24.1185187449656,421.0239822242804,0.0,0.0,162.43506031726586,193.30997508224679,2738.2878232486598,41.34005758306793,28.353948959580245,308.82619157254018,364.49448347721258,7567.43940000094,0.0,0.0,167.99361888310643,200.9686286009342,2344.535440384874,880.1137596764628,21.47111022866638,38.74168621248597,21.428571428571453,30.000000000000033,0.0,21.569840782929189,45.32929597544575,21.00000000000002,30.000000000000033,2071.829118742302,21.519617176853104,38.09845695164324,21.57142857142859,30.000000000000033,0.0,20.684674631093509,40.25840175727253,16.000000000000019,30.000000000000033,0.0,14.228810816396619,60.34215959387385,12.000000000000015,30.000000000000033,1813.3511975888023,18.296492755213408,46.741767241966979,20.00000000000002,30.000000000000033,0.0,17.765230054063517,48.417201464799898,10.00000000000001,30.000000000000033,1320.7681891491885,18.420950302928249,46.298015941545099,20.700000000000025,30.000000000000033,925.695115928225,16.584974014741669,52.066111351254388,16.42857142857145,30.000000000000033,0.0,18.937035635076847,0.0,0.0,0.0,15.036510519245628,0.0,0.0,638.91226667489,1019.6374339950944,611.5165158895087,619.5030656426019,596.1492763473443,607.997613493866,616.8424465720656,602.1288267970504,608.7604436005998,10471.434658324264,81.08087655837855,86.17172936339138,240.00000000000026,0.0,240.00000000000026,240.00000000000026,21.0,16.0,19.0,16.0,19.7,12.0,21.0,10.0,1.0,0.0,880.1137596764628,0.0,2071.829118742302,0.0,1813.3511975888023,0.0,1320.7681891491885,925.695115928225,7704.201105018711,4622520.663011221,6040571.286767997,81.08087655837855,86.25818894449196,0.353949560643481,0.7660844025523835,0.36028137401966,86.25818894449196,0.35426478194388796,6040571.286767997,0.3205497069119358 
 02/17  18:50:00,8.091666666666667,81.66666666666667,6.8583333333333329,0.0,0.0,0.0,0.0,0.0,0.0,0.0,0.0,4.0,0.0,0.0,0.0,679.0,0.0,0.0,0.0,0.0,0.0,0.0,0.0,0.0,0.0,0.0,0.0,20.377917287834629,-834.2354796774752,20.21739896339529,-85.73432487097858,20.681155780319746,-923.7332810938793,19.544425427503506,511.652353794011,14.12929241143366,76.78424944446788,18.54792558945639,-323.6189568016983,17.126644974501155,287.6709718059884,18.00352768487221,-177.32671134458543,16.15778012638676,-302.48819058492355,1079.5115076722487,1255.2923093109417,0.0,0.0,0.0,0.0,0.0,0.0,0.0,0.0,0.0,0.0,0.0,0.0,0.0,0.0,0.0,0.0,0.0,0.0,0.0,0.0,0.0,0.0,1.2111895386714995,0.36971597639545225,226.20171968500734,264.89571295803889,5990.647299791372,0.17590240624994275,0.026847131601029155,17.88740736860982,20.924583733834348,465.8358074231887,1.2939368956132305,0.2445081057470206,348.50835220654735,407.8416252691257,9323.28706194353,0.3328892928330978,0.06290425034639045,317.6727808496968,372.92232812094138,7892.210037192339,0.0,0.0,13.252680273633893,15.89335350424208,166.15658774854658,0.0,0.0,85.62777772805559,100.7503838948893,1987.23003251258,0.0,0.0,332.8297888596399,393.96945154336296,6615.7908659502,0.0,0.0,38.86935047576547,45.71212221841541,911.3108123302102,0.0,0.0,214.7458590176287,255.71444577466793,3542.2833253431197,41.664946540766539,28.576780892158177,341.20205780136,402.71554574153438,8375.067668836487,0.0,0.0,221.28058385563507,264.18245966608159,3330.3192789223505,1274.006378941667,21.455613247035289,38.46081157506026,21.714285714285745,30.000000000000044,306.06678093490987,21.125656083883116,47.378188789363978,21.142857142857176,30.000000000000044,1375.310984592079,21.539932519696437,37.9029098900812,21.42857142857146,30.000000000000044,0.0,20.624568234237225,40.21973453908019,16.00000000000002,30.000000000000044,0.0,14.272859875820508,60.352937296805318,12.000000000000018,30.000000000000044,1324.7901434459796,19.77385394107873,42.75791337528502,19.857142857142887,30.000000000000044,0.0,18.030818371140314,47.64045662175536,10.000000000000015,30.000000000000044,1265.771495544256,19.88831850228985,42.38066373834281,20.70000000000003,30.000000000000044,0.0,16.28814307925404,53.22018716619773,16.00000000000002,30.000000000000044,0.0,18.99211742222632,0.0,0.0,0.0,15.532492250247003,0.0,0.0,623.2795812253939,1065.4154317923895,604.5312748534182,610.9582119911505,607.0204884530982,620.4486533909164,620.607590466955,615.200911936494,619.5982290339587,10722.439638334192,80.91483768885964,85.07433005735484,240.00000000000035,0.0,240.00000000000035,240.00000000000035,21.0,16.0,19.0,16.0,19.7,12.0,21.0,10.0,1.0,0.0,1274.006378941667,306.06678093490987,1375.310984592079,0.0,1324.7901434459796,0.0,1265.771495544256,0.0,6294.535764467476,3776721.45868048,4916758.764836551,80.91483768885964,85.14497204633892,0.3555321445298685,0.7669775461708894,0.3602813740196601,85.14497204633892,0.35426478194388807,4916758.764836551,0.2621781224381673 
 02/17  19:00:00,8.02,82.0,6.92,0.0,0.0,0.0,0.0,0.0,0.0,0.0,0.0,4.0,0.0,0.0,0.0,873.0,0.0,0.0,0.0,0.0,0.0,0.0,0.0,0.0,0.0,0.0,0.0,20.463993632467738,-757.1694772622541,20.53190090177354,-160.37542110107257,20.517332888708574,-1301.826098658141,19.530384368344288,554.549227522568,14.164084690357673,70.14225083791975,18.358814866149204,-235.6199801281471,17.04006755948413,183.75587659824297,18.43849384478428,-277.14330005448616,16.210433876817726,-131.49311352028554,1078.8245435522409,1227.3343490035634,0.0,0.0,0.0,0.0,0.0,0.0,0.0,0.0,0.0,0.0,0.0,0.0,0.0,0.0,0.0,0.0,0.0,0.0,0.0,0.0,0.0,0.0,1.2607304966046174,0.3848383689269296,144.57218575194413,169.05432319671267,3906.5537049344668,0.11641922287973064,0.017768501660520604,26.07300068523689,30.420363426507828,709.8578141136517,1.2944612565982663,0.24460719134510026,316.54321665754807,370.37982791525379,8511.722782736462,0.33965452256241587,0.06418263842827223,331.4108289978829,389.0994684321604,8248.596654219546,0.0,0.0,12.52825189912887,15.025167581785345,159.93807341077673,0.0,0.0,76.06371203641177,89.68376725395693,1701.8278218708104,0.0,0.0,325.2392174177443,385.33847527485968,6379.36159620995,0.0,0.0,47.560370910426417,55.82221694743025,1177.3626209202342,0.0,0.0,219.7961133829558,261.99339316442549,3556.2806610266554,41.906630091309789,28.74254464424549,327.68956819793876,386.9284113978056,8015.911458148395,0.0,0.0,227.24669770989886,271.2250556150283,3516.3595888518786,1226.0608166399375,21.592974551086209,38.4398813729836,21.666666666666726,30.000000000000087,764.6170863633406,21.7760327902878,45.60375810440463,21.444444444444505,30.000000000000087,1360.1159796988978,21.533856788624055,37.81182230325224,21.444444444444505,30.000000000000087,0.0,20.58203517032626,40.27440935300562,16.000000000000044,30.000000000000087,0.0,14.315295665792183,60.289710830225477,12.000000000000036,30.000000000000087,427.8524114363804,19.247226982562635,44.24364648703221,19.22222222222228,30.000000000000087,0.0,17.820088138937384,48.343220884245159,10.000000000000029,30.000000000000087,962.4895620375946,20.50740309499105,40.80988574206242,20.47777777777783,30.000000000000087,0.0,16.052347992734597,54.01650966743023,16.000000000000044,30.000000000000087,0.0,18.889476920597077,0.0,0.0,0.0,15.677136010020029,0.0,0.0,641.9123741640885,1077.4270020577799,600.2905680640998,609.9177598983366,613.9537643950475,625.772012036299,625.5041700274175,619.9759597114869,621.3764696692399,10246.716346413446,81.2295117346057,83.67456054866382,240.00000000000069,0.0,240.00000000000069,240.00000000000069,21.0,16.0,19.0,16.0,19.7,12.0,21.0,10.0,1.0,0.0,1226.0608166399375,764.6170863633406,1360.1159796988978,0.0,427.8524114363804,0.0,962.4895620375946,0.0,3700.086882264255,2220052.1293585465,2888462.0071759198,81.2295117346057,83.71608559453154,0.35000289607547588,0.7699105310362441,0.36028137401966067,83.71608559453154,0.3542647819438885,2888462.0071759198,0.15677335770648116 
 02/17  19:10:00,8.0,82.16666666666667,6.968333333333334,0.0,0.0,0.0,0.0,1.0,2.0,0.0,0.0,4.0,0.0,0.0,0.0,388.0,0.0,0.0,0.0,0.0,0.0,0.0,0.0,0.0,0.0,0.0,0.0,20.43879383011224,-965.0550161275655,20.227705378231286,-82.15916058326217,20.79784233308545,-1394.469460549899,19.599377270204138,653.1999551437648,14.188214578747555,67.50214141118406,18.83920160027848,-89.28617447095016,17.010540762563367,342.62904882269529,18.33941405626938,-219.83925362806918,16.44745514686587,-364.60227091895276,1157.6580419033708,1030.3455848458189,0.0,0.0,0.0,0.0,0.0,0.0,0.0,0.0,0.0,0.0,0.0,0.0,0.0,0.0,0.0,0.0,0.0,0.0,0.0,0.0,0.0,0.0,1.2248061579927377,0.37387245359973689,233.35366650299927,272.5762868369085,6314.874986040562,0.19058220429776408,0.029087638018584259,17.144044689326205,20.05739097601695,454.88880331319998,1.2643991580927277,0.23892652269325929,382.3223693007277,446.73508811856018,10412.605341286524,0.3469481927846093,0.06556088299028896,355.34500937237427,416.6821594561634,8929.925866785721,0.0,0.0,12.862574474087749,15.410830442864253,165.3938496002674,0.0,0.0,15.495737512349092,18.202544554089383,369.09446530564568,0.0,0.0,224.48667413686005,265.9526929072009,4373.922450465296,0.0,0.0,42.799395934745529,50.27914063585499,1029.863527349049,0.0,0.0,174.43881552094013,207.4478266728814,3042.052525600471,42.0850793067754,28.864937796142259,383.433051908175,451.97700985642686,9459.20965091663,0.0,0.0,180.63129758555366,215.73541677831356,2715.1057211750137,1333.2493827142276,21.68938106686447,37.78325941721323,21.75,30.0,0.0,21.251572444921679,47.0335445992003,21.0,30.0,2029.6000576065058,21.727401558909138,37.403153919162679,21.5,30.0,0.0,20.687125730760419,39.97783378540474,16.0,30.0,0.0,14.339659645611074,60.28643867983576,12.0,30.0,876.2518655522044,19.993309387717713,43.660398046971817,19.75,30.0,0.0,17.75946036962477,48.466142184813538,10.0,30.0,978.3420337097305,20.143679166566064,42.51947000892849,20.45,30.0,1144.6881889895793,16.74116983994187,51.79928787876211,16.75,30.0,0.0,19.13562833475256,0.0,0.0,0.0,15.383863929147694,0.0,0.0,618.5640243170666,1075.3818542395666,602.8569350127752,608.7848809175177,619.8957475319472,719.5534133831145,624.8003335336523,668.7417033508817,626.5840917519843,10558.92674704716,81.02281410857133,84.9184665506187,270.0,0.0,270.0,270.0,21.0,16.0,19.0,16.0,19.7,12.0,21.0,10.0,1.0,0.0,1333.2493827142276,0.0,2029.6000576065058,0.0,876.2518655522044,0.0,978.3420337097305,1144.6881889895793,5894.783108726677,3536869.8652360069,4592378.664242156,81.02281410857133,84.98462766176323,0.3664927702908893,0.7678454575077478,0.36028137401965956,84.98462766176323,0.3542647819438875,4592378.664242156,0.2462736905405921 
 02/17  19:20:00,7.98,82.33333333333334,7.0166666666666679,0.0,0.0,0.0,0.0,1.0,2.0,0.0,0.0,4.0,0.0,0.0,0.0,291.0,0.0,0.0,0.0,0.0,0.0,0.0,0.0,0.0,0.0,0.0,0.0,20.64610539629828,-934.9114339983962,20.616298124666725,-131.43089464597387,20.77937529443885,-1567.4032072753567,19.59466270956645,467.0951468126293,14.212723319335627,67.2560048313187,18.42295469771841,-53.25637034060743,17.149725533216328,204.62800408739794,18.57265064100656,-239.29848463413843,16.36332482088669,-340.8054655050057,1165.1804582246764,1158.1456623111872,0.0,0.0,0.0,0.0,0.0,0.0,0.0,0.0,0.0,0.0,0.0,0.0,0.0,0.0,0.0,0.0,0.0,0.0,0.0,0.0,0.0,0.0,1.2233263813179368,0.3734207513180514,228.51465888908127,266.6542048812983,6248.808948399852,0.1576719273388312,0.024064701974791083,20.57605316190066,23.95077885337598,568.4799321737044,1.310920109472446,0.24771732983228385,398.5417055026451,465.2421280778305,10798.149621836754,0.3330890069201138,0.06294198921392924,257.38736494850516,301.5565599593666,6483.121026692828,0.0,0.0,12.441528520017112,14.903416488908676,161.12334243439376,0.0,0.0,14.55030056300117,17.125760567128947,329.1670421833241,0.0,0.0,230.39959765771659,272.51548513833697,4598.96772606901,0.0,0.0,45.59244507594735,53.45835889794736,1127.3429989073009,0.0,0.0,184.9140385775235,219.81305321427323,3155.7176839135365,42.019302356576719,28.81982328983314,398.57212517489526,469.23306391285589,9839.081426695051,0.0,0.0,191.85219297170054,228.7999409984937,2927.7424489574598,1859.9151640671876,21.862725968404516,37.592311451862908,21.999999999999994,29.99999999999999,1390.652729370825,21.71394457919073,46.903917305930168,21.666666666666658,29.99999999999999,2405.8189902168667,21.59664960064984,37.60979551346932,21.666666666666658,29.99999999999999,0.0,20.60567431699931,40.52137326393425,15.999999999999993,29.99999999999999,0.0,14.365889157857513,60.25311691881092,11.999999999999995,29.99999999999999,0.0,19.334309946646547,47.28601155488117,18.999999999999994,29.99999999999999,0.0,17.961494273039283,47.8420862772699,9.999999999999997,29.99999999999999,666.6601399787751,20.469355782741788,41.971583356037857,20.366666666666658,29.99999999999999,0.0,16.479854792731886,52.78932150522755,15.999999999999993,29.99999999999999,0.0,19.153988570424063,0.0,0.0,0.0,15.51033264155716,0.0,0.0,631.6647310770368,1147.9132976961249,597.5596443284871,626.6216229368969,624.9373229549885,827.848156933898,626.0918518570757,686.3748272466826,635.1739112266018,11257.157985952907,80.56119406573308,87.87577414747261,269.9999999999999,0.0,269.9999999999999,269.9999999999999,21.0,16.0,19.0,16.0,19.7,12.0,21.0,10.0,1.0,0.0,1859.9151640671876,1390.652729370825,2405.8189902168667,0.0,0.0,0.0,666.6601399787751,0.0,11069.16678680115,6641500.072080692,8703951.486832388,80.56119406573308,87.99999999999997,0.368972226226705,0.7630297182973858,0.36028137401965945,87.99999999999997,0.35426478194388735,8703951.486832388,0.46024047731528419 
 02/17  19:30:00,7.96,82.5,7.0649999999999999,0.0,0.0,0.0,0.0,1.0,2.0,0.0,0.0,4.0,0.0,0.0,0.0,388.0,0.0,0.0,0.0,0.0,0.0,0.0,0.0,0.0,0.0,0.0,0.0,20.55610497294474,-545.3324458607956,20.687126646838558,-197.9641072937425,20.86596477175403,-1655.6068897533315,19.61549307092098,483.2770991739894,14.23176863255123,61.98647954402419,18.81228050775004,-52.57131028976433,16.986894913754364,123.48366802000965,18.48795578663979,-238.01744750647817,16.370869568305147,-270.40352030888109,1080.5375893957674,1119.7261546367516,0.0,0.0,0.0,0.0,0.0,0.0,0.0,0.0,0.0,0.0,0.0,0.0,0.0,0.0,0.0,0.0,0.0,0.0,0.0,0.0,0.0,0.0,1.3187238856376796,0.40254086863177038,172.84422418891485,202.15973789988468,4657.360269074818,0.07098180652091316,0.010833609053863424,32.46413104937695,37.86607200205605,890.5580923424841,1.3083664324114777,0.24723477558795887,349.9747007546748,408.90907529114977,9471.490890787574,0.3326113038732156,0.0628517203086197,312.82831173403209,366.84000230847667,7848.6140367631,0.0,0.0,11.65021133330411,13.960051587492348,151.70507039669818,0.0,0.0,14.139571347867568,16.618041551106246,332.23127706425449,0.0,0.0,243.03464465402213,287.97096795066599,4699.615632544355,0.0,0.0,45.116520848446487,52.97500414533479,1094.7514070659077,0.0,0.0,201.82988834199817,240.20623974384035,3397.0242839744526,42.06882069030345,28.853786481689619,345.99082856513749,407.8067280673693,8581.762631832395,0.0,0.0,208.8660510994812,249.2290258386046,3211.809859735248,945.8851340334045,21.518789255717118,38.918239981110399,21.5,30.0,0.0,21.85359907081463,44.9307133382227,21.0,30.0,2131.8239822919229,21.63401463922158,37.68000257364629,21.5,30.0,0.0,20.60790784310485,40.39772335090313,16.0,30.0,0.0,14.381343191584696,60.365156718168709,12.0,30.0,1308.48534490894,19.768784176099059,47.501099321201369,19.75,30.0,0.0,17.612400483703757,49.27324958578783,10.0,30.0,1019.250634678132,20.171670504207449,42.81153373873593,20.45,30.0,777.4917995829399,16.32329455946809,53.47416253445162,16.0,30.0,0.0,18.990993596050197,0.0,0.0,0.0,15.565208218662488,0.0,0.0,660.7996636805065,1047.394410558502,607.5743716164018,621.7898844020358,633.8100531713459,919.4763545666599,644.0991454068542,693.4786366386436,643.5421748647018,10092.459690788764,81.33134872221905,85.1754193081587,270.0,0.0,270.0,270.0,21.0,16.0,19.0,16.0,19.7,12.0,21.0,10.0,1.0,0.0,945.8851340334045,0.0,2131.8239822919229,0.0,1308.48534490894,0.0,1019.250634678132,777.4917995829399,5816.921386046826,3490152.831628096,4545065.818808671,81.33134872221905,85.24070438814653,0.3638973795348942,0.7679301697389189,0.36028137401965956,85.24070438814653,0.3542647819438875,4545065.818808671,0.24414342257805089 
 02/17  19:40:00,7.9399999999999999,82.66666666666666,7.113333333333333,0.0,0.0,0.0,0.0,1.0,2.0,0.0,0.0,4.0,0.0,0.0,0.0,388.0,0.0,0.0,0.0,0.0,0.0,0.0,0.0,0.0,0.0,0.0,0.0,20.55253190437808,-527.3712077085631,20.32717257822064,-110.28092821143325,20.938561016738086,-1659.7358311624333,19.603185301747275,462.1612557129663,14.250075173148318,63.663149521576,18.875710950790706,-59.310883960866679,17.02014309301016,279.18633664251589,18.613918746013089,-233.21304509308875,16.389746419786257,-332.840396154934,1092.782084889925,1110.9210838872708,0.0,0.0,0.0,0.0,0.0,0.0,0.0,0.0,0.0,0.0,0.0,0.0,0.0,0.0,0.0,0.0,0.0,0.0,0.0,0.0,0.0,0.0,1.269690773181929,0.3875734960872801,219.6672083512131,257.2865044512962,5826.873936940072,0.15470689180757975,0.023612162974294846,22.731815613809997,26.579117348386587,603.2996977282892,1.2629256445754967,0.23864808098554378,381.5888242338301,445.94153857991537,10317.20212355592,0.314325937612822,0.05939643567891572,274.30758154729775,321.49814210091838,6872.533469339465,0.0,0.0,11.998209967809445,14.375637673819197,157.10270962916744,0.0,0.0,14.853458387115115,17.443814382326594,354.6086041268859,0.0,0.0,216.78148821839188,256.79400960824025,4236.953368737115,0.0,0.0,46.94566087135084,55.10168184491552,1152.9655079621928,0.0,0.0,175.46403558466268,208.69411938311806,3025.8673810914845,42.04241896160341,28.835678300139536,370.3244413474562,436.3778010901922,9217.168885701782,0.0,0.0,182.74152325983028,218.0826670698514,2808.716960996406,985.7441128354542,21.471909457298609,38.78884745912099,21.500000000000008,30.00000000000001,0.0,21.27973192207572,46.37943216237931,21.000000000000008,30.00000000000001,2165.633507663735,21.703595156095873,37.48328629733183,21.500000000000008,30.00000000000001,0.0,20.54957305510233,40.66508610429734,16.000000000000008,30.00000000000001,0.0,14.396944801879247,60.61628078477019,12.000000000000004,30.00000000000001,0.0,19.962854149525929,48.168229161749788,19.000000000000008,30.00000000000001,0.0,17.698410855575525,49.25638144805523,10.000000000000004,30.00000000000001,467.31886348120727,20.3189736163881,42.705767968647197,20.200000000000008,30.00000000000001,0.0,16.51132890859512,53.39033622332349,16.000000000000008,30.00000000000001,0.0,19.0555080685023,0.0,0.0,0.0,15.535563113913155,0.0,0.0,647.7583483536336,1035.3782019145934,606.5441318168222,628.9778673108303,648.1479737880727,985.4196922354954,658.9612831762473,709.4226558793628,671.6855158030248,8998.645501121946,82.05490109317054,82.05490109317054,270.0000000000001,0.0,270.0000000000001,270.0000000000001,21.0,16.0,19.0,16.0,19.7,12.0,21.0,10.0,1.0,0.0,985.7441128354542,0.0,2165.633507663735,0.0,0.0,0.0,467.31886348120727,0.0,0.0,0.0,0.0,82.05490109317054,82.05490109317054,0.34000000000000016,0.7695804460773281,0.36028137401965967,82.05490109317054,0.35426478194388769,0.0,0.007965000000000002 
 02/17  19:50:00,7.92,82.83333333333334,7.161666666666667,0.0,0.0,0.0,0.0,1.0,2.0,0.0,0.0,4.0,0.0,0.0,0.0,388.0,0.0,0.0,0.0,0.0,0.0,0.0,0.0,0.0,0.0,0.0,0.0,20.588904354758826,-559.0039630414738,20.557961949106443,-114.60874499332044,20.9721290620432,-1654.747508696225,19.614356035995905,447.68095547974397,14.269296766848865,60.8276570261133,18.476170806078508,-60.248161721209,16.966740099653668,134.7574198923353,18.612239468511207,-248.81786930940354,16.403109150939046,-299.24497209438689,1093.023608341763,1111.703898643782,0.0,0.0,0.0,0.0,0.0,0.0,0.0,0.0,0.0,0.0,0.0,0.0,0.0,0.0,0.0,0.0,0.0,0.0,0.0,0.0,0.0,0.0,1.2630539096002649,0.3855475914530724,220.76348406968283,258.5784276267407,5868.610787460901,0.16839523561745893,0.02570134853746321,20.458436666860356,23.881633003732547,551.9088914834692,1.2566770811012838,0.23746732447114217,381.2648129431418,445.6001966181042,10323.2119742619,0.314093694052262,0.059352549896496967,276.94393748090456,324.6209157513796,6944.204957857775,0.0,0.0,11.895132232774533,14.252209692037124,156.6330153371233,0.0,0.0,14.582005254105024,17.167157734209988,330.04617056821936,0.0,0.0,247.53549641907,293.43192854989629,4772.240820502904,0.0,0.0,44.44860761442372,52.168288836481398,1088.9742704343506,0.0,0.0,203.51664997585443,242.2501997007717,3444.6314789085206,42.08739450265656,28.86652572198667,371.2578121165676,437.51146554032825,9250.205494792146,0.0,0.0,210.38991993374143,251.12363914953139,3238.0047374042744,1020.9339768010921,21.4859901686809,38.764740857145387,21.5,30.0,1087.4064919603994,21.4379326917133,46.87468154878678,21.5,30.0,2141.095458199152,21.7039572842976,37.35075500946179,21.5,30.0,0.0,20.53824109020852,40.539487261520758,16.0,30.0,0.0,14.413718372965823,60.79098533271109,12.0,30.0,0.0,19.27886300960291,50.84526598456448,19.0,30.0,0.0,17.53568575706162,49.86435699558064,10.0,30.0,1138.5522175814174,20.226797160481295,43.105181359715739,20.45,30.0,778.8446732004704,16.33337206198446,54.17281237251637,16.0,30.0,0.0,19.05747692452444,0.0,0.0,0.0,15.522014355235387,0.0,0.0,650.305467385817,1098.4038271066764,600.2431952082726,622.3114725695488,659.4750557333355,1018.2819850893053,665.5632342313344,723.5957750356668,680.3856886356687,11125.210241537752,80.64841090611141,86.33382657225372,270.0,0.0,270.0,270.0,21.0,16.0,19.0,16.0,19.7,12.0,21.0,10.0,1.0,0.0,1020.9339768010921,1087.4064919603994,2141.095458199152,0.0,0.0,0.0,1138.5522175814174,778.8446732004704,8603.397267075168,5162038.3602451,6734879.075064708,80.64841090611141,86.43038380454954,0.37177990890250559,0.7653687870450163,0.36028137401965956,86.43038380454954,0.3542647819438875,6734879.075064708,0.3582387119033648 
 02/17  20:00:00,7.9,83.0,7.21,0.0,0.0,0.0,0.0,1.0,2.0,0.0,0.0,4.0,0.0,0.0,0.0,388.0,0.0,0.0,0.0,0.0,0.0,0.0,0.0,0.0,0.0,0.0,0.0,20.633067168553084,-532.622800990059,20.664947980916098,-176.89394702934903,21.005355790845618,-1614.4901613544033,19.640059387310957,461.3124924368883,14.286121462915576,59.91828242762634,18.90821446895718,-42.34181329441191,17.0542984417594,271.82375449453527,18.657071615883014,-203.66037860485285,16.421888176086,-354.00128321722607,1083.4217844352173,1073.0891696428392,0.0,0.0,0.0,0.0,0.0,0.0,0.0,0.0,0.0,0.0,0.0,0.0,0.0,0.0,0.0,0.0,0.0,0.0,0.0,0.0,0.0,0.0,1.3240088325334337,0.40415410028493095,213.69566210152648,250.2163759577494,5721.061487194238,0.07908175020891178,0.01206986419549936,31.623500298831638,36.92359860639698,863.6323559303485,1.328757414215114,0.2510879467526671,369.60028248143819,431.94587641147185,10029.810050955657,0.32566767695137635,0.061539621494969058,271.55653417522157,318.2700286902964,6833.0397901321289,0.0,0.0,11.561053370098723,13.85089088203354,153.00953705931986,0.0,0.0,13.25304291040663,15.56676079362387,314.45451605779297,0.0,0.0,215.5721641139091,255.36193857372929,4237.323335569576,0.0,0.0,43.08889113452565,50.6012896738664,1050.9057827349726,0.0,0.0,173.9374179628788,206.87749684318488,3019.369032101737,42.230480804483047,28.96466447495409,363.66994278445437,428.54828929564817,9108.143749995807,0.0,0.0,180.80577097466122,215.81829318223019,2777.8685518214367,945.6880730461387,21.520545713360677,38.95198479816555,21.5,30.0,0.0,21.699429776132715,45.121447718367267,21.0,30.0,2085.3098768252095,21.703555983311135,37.54860163071742,21.5,30.0,0.0,20.559033601075116,40.71858546591648,16.0,30.0,0.0,14.426808868412737,61.022102047894538,12.0,30.0,1329.8013915270163,19.79237489949999,49.84524942321969,19.75,30.0,0.0,17.71505506924133,49.51108007435769,10.0,30.0,646.037599739388,20.188031737053096,43.387511036821518,19.95,30.0,0.0,16.52790196870162,53.681956994575738,16.0,30.0,0.0,19.057686095010369,0.0,0.0,0.0,15.484629660216387,0.0,0.0,666.2996305058165,1036.6343831824502,612.5559104846072,635.6542812607007,672.7419827538977,1061.6820934392688,677.161090696964,732.8987228578203,691.2668234526566,9691.205652133362,81.59678227358924,85.24122236397298,270.0,0.0,270.0,270.0,21.0,16.0,19.0,16.0,19.7,12.0,21.0,10.0,1.0,0.0,945.6880730461387,0.0,2085.3098768252095,0.0,1329.8013915270163,0.0,646.037599739388,0.0,5515.155982072865,3309093.5892437195,4316923.442788142,81.59678227358924,85.30311705541848,0.3538385327357622,0.7677400116816058,0.36028137401965956,85.30311705541848,0.3542647819438875,4316923.442788142,0.2325650190249834 
 02/17  20:10:00,7.886666666666667,83.33333333333334,7.241666666666667,0.0,0.0,0.0,0.0,0.0,2.0,0.0,0.0,4.0,0.0,0.0,0.0,585.0,0.0,0.0,0.0,0.0,0.0,0.0,0.0,0.0,0.0,0.0,0.0,20.631548232148068,-599.9951047372804,20.35953071764783,-106.12903888051128,20.884423537046275,-1534.5400122724234,19.687951705634104,465.76319726731716,14.304327997201423,61.206919156719838,19.092165730721545,-79.82766599089715,17.04958486501654,161.56411532396164,18.23194372710922,-167.50483077775096,16.099707597928913,-202.4552785371943,1060.3551887762379,1058.491376278614,0.0,0.0,0.0,0.0,0.0,0.0,0.0,0.0,0.0,0.0,0.0,0.0,0.0,0.0,0.0,0.0,0.0,0.0,0.0,0.0,0.0,0.0,1.2663460430224159,0.3865525161851086,162.63262043017324,190.35807201548625,4385.656077142175,0.1749347011455511,0.0266994354617752,21.161613932395274,24.76468342850074,563.2371818297711,1.2804519268433854,0.2419599257073669,342.163252440312,400.11812271921829,9289.466247107115,0.3274896642325772,0.06188391236443254,312.359108414927,366.4904929848844,7886.050984489586,0.0,0.0,12.042680124531542,14.433401005996231,160.09241459688259,0.0,0.0,15.459703889984713,18.149733878738237,376.5333299560389,0.0,0.0,239.54704342453264,283.9242478368044,4683.938721653135,0.0,0.0,39.83905882312786,46.93103070041459,921.9466887549407,0.0,0.0,194.03076218681907,231.19402766576506,3215.579949721595,42.25301826220325,28.98012226488564,337.46232208848417,398.04833904330106,8434.863062672728,0.0,0.0,200.72580202426279,239.70209524444966,3080.204677915895,853.5723635378835,21.542417804850019,38.756282407455,21.499999999999994,30.0,0.0,21.239551790046098,46.61810954292526,20.999999999999998,30.0,1910.0051176832195,21.58478518226103,37.99471426763285,21.499999999999994,30.0,0.0,20.620233557625669,40.477692515529,15.999999999999999,30.0,0.0,14.442898536071637,61.176926769369639,11.999999999999997,30.0,0.0,20.16113776081198,49.118208662464429,18.999999999999998,30.0,0.0,17.64876460865944,49.88342429478311,9.999999999999999,30.0,0.0,19.47900002914041,44.805581318062497,11.999999999999997,30.0,0.0,16.11491397066208,55.259265945732369,15.999999999999999,30.0,0.0,18.99418139394919,0.0,0.0,0.0,15.470388815431733,0.0,0.0,658.7855587983651,1047.3037266648467,621.8610385802484,631.2198380606901,682.6378787179086,1080.9075939197688,685.2997605796339,702.4690876089914,698.1946018416385,6419.730909346752,81.16410701754022,82.41621000086313,569.9999999999999,0.0,569.9999999999999,569.9999999999999,21.0,16.0,19.0,16.0,12.0,12.0,21.0,10.0,1.0,0.0,853.5723635378835,0.0,1910.0051176832195,0.0,0.0,0.0,0.0,0.0,1894.7567932059988,1136854.0759235998,1471181.4641991934,81.16410701754022,82.43747486621659,0.23315855977353329,0.4881020852456609,0.24018758267977298,82.43747486621659,0.23617652129592496,1471181.4641991934,0.09369643613835806 
 02/17  20:20:00,7.873333333333334,83.66666666666667,7.273333333333334,0.0,0.0,0.0,0.0,0.0,2.0,0.0,0.0,4.0,0.0,0.0,0.0,392.0,0.0,0.0,0.0,0.0,0.0,0.0,0.0,0.0,0.0,0.0,0.0,20.721150534256837,-578.3447237715152,20.607145987585317,-120.26330529554335,20.954488214431224,-1565.6142149337916,19.682786610552485,453.89065671057736,14.32251700949186,57.1646496711467,18.789820675743738,-61.12034108928362,17.082798570501717,306.4933557542004,17.512676417388904,-51.32806263562393,16.850154801793204,-306.1753484674562,1013.692130374311,748.3572808328405,0.0,0.0,0.0,0.0,0.0,0.0,0.0,0.0,0.0,0.0,0.0,0.0,0.0,0.0,0.0,0.0,0.0,0.0,0.0,0.0,0.0,0.0,1.2710805933376759,0.38799773911406479,124.16520675708868,145.23977847682347,3371.9487404227736,0.1790418789962955,0.027326294108103716,19.660418718558434,22.95575098529823,532.6704483130736,1.2890348927130096,0.24358180134410624,304.93140825335646,356.3681041030398,8298.260503753643,0.3258767884477793,0.061579136139036139,301.93508644186786,354.13363933532937,7618.375535130759,0.0,0.0,12.05546172855113,14.442216846384959,160.98176383493417,0.0,0.0,13.86898933040431,16.30849770040635,324.2335054096636,0.0,0.0,192.54441753044237,228.32617091719639,3775.4976465167376,0.0,0.0,24.246515182099996,28.69256884145655,507.4401671544765,0.0,0.0,140.8500620736872,167.55205165590693,2537.446290370967,42.21638865977185,28.954999080776326,303.3875789964316,357.9309588535846,7570.585491015909,0.0,0.0,140.4609981472353,168.05465700394397,2089.0207408155249,1124.2094350121957,21.631258629462466,38.63725030655155,21.500000000000005,30.000000000000008,1076.47563117545,21.42736539739578,47.03738099276373,21.500000000000005,30.000000000000008,1937.4149307190485,21.55946398676273,37.91977078110186,21.500000000000005,30.000000000000008,0.0,20.583859084682027,40.54743748423118,16.000000000000005,30.000000000000008,0.0,14.458635631269392,61.22128577709099,12.000000000000002,30.000000000000008,0.0,19.620589049376357,50.95046600225604,19.000000000000005,30.000000000000008,0.0,17.71025956234373,49.629364287772698,10.000000000000002,30.000000000000008,0.0,18.260404264463035,48.11108957055407,12.000000000000002,30.000000000000008,1535.6064797754507,17.08998793738805,51.983767590441008,16.750000000000005,30.000000000000008,0.0,18.822181552702049,0.0,0.0,0.0,14.990490671388688,0.0,0.0,664.1847069267656,1109.7543045119238,613.0987459415071,629.8595384039156,687.4953809572598,1086.4110124047532,682.2834929365367,690.9492181473156,697.5935180864221,9511.879882533514,81.71524196820919,85.4967096732987,570.0000000000001,0.0,570.0000000000001,570.0000000000001,21.0,16.0,19.0,16.0,12.0,12.0,21.0,10.0,1.0,0.0,1124.2094350121957,1076.47563117545,1937.4149307190485,0.0,0.0,0.0,0.0,1535.6064797754507,5722.298373858932,3433379.024315358,4477536.772879908,81.71524196820919,85.56093154854237,0.3607432791286311,0.7689160176794464,0.3602813740196596,85.56093154854237,0.35426478194388757,4477536.772879908,0.24980524552308856 
 02/17  20:30:00,7.86,84.0,7.305,0.0,0.0,0.0,0.0,0.0,2.0,0.0,0.0,4.0,0.0,0.0,0.0,394.0,0.0,0.0,0.0,0.0,0.0,0.0,0.0,0.0,0.0,0.0,0.0,20.556029311143307,-476.78920830998256,20.721369121967265,-193.02119551149719,21.051546472225664,-1756.8890926179198,19.695294441087016,441.7596041082145,14.339464800374941,57.2021150799973,18.610208011068616,-16.058937241826756,17.25942105727836,225.72479703105229,17.05768781246426,-75.58249250076456,16.6386101260692,-544.8003956509135,1091.1646863588806,1103.8574143037832,0.0,0.0,0.0,0.0,0.0,0.0,0.0,0.0,0.0,0.0,0.0,0.0,0.0,0.0,0.0,0.0,0.0,0.0,0.0,0.0,0.0,0.0,1.4058387901674286,0.4291327198313274,248.3705316432684,290.6322735727099,6661.292565410726,0.08548826082299961,0.013047658855769173,34.026762640819828,39.72613828282602,932.2594096432506,1.3411259743173743,0.2534251652149235,388.5515635390383,454.06080728076668,10541.667835318276,0.3243771508159735,0.061295757901733447,262.64702806924677,307.83963046764776,6641.579376452712,0.0,0.0,11.348750417525775,13.596810709036247,152.18734301329614,0.0,0.0,13.024969104330224,15.328789721993353,297.10494858130206,0.0,0.0,217.7071229911388,257.75427509865286,4405.8979890629739,0.0,0.0,16.076222788749,19.069030308625757,312.2782199380959,0.0,0.0,157.44874362382655,187.1111041814913,2853.092582457226,42.31297761583846,29.021246650094974,384.34634464808229,452.6658793152252,9679.507924469615,0.0,0.0,171.91408795950273,205.51767535174288,2548.704056344298,646.5397348572321,21.313781665710367,39.55733806902522,21.25,30.0,0.0,21.71203320098214,45.09684274538277,21.0,30.0,2084.725307590322,21.644077873677959,38.01467648776963,21.5,30.0,0.0,20.580703036560434,40.96127649688073,16.0,30.0,0.0,14.473480139377596,61.320933359648737,12.0,30.0,0.0,19.314193100251889,52.42339248601489,19.0,30.0,0.0,17.978622222516394,48.879153642076847,10.0,30.0,0.0,17.515275166838778,50.49137777506881,12.0,30.0,0.0,16.86038565983088,52.678847648677848,16.0,30.0,0.0,19.097313944852624,0.0,0.0,0.0,15.105870063122467,0.0,0.0,672.1557546159606,1038.6309817991244,629.6948533662632,650.9321217666026,694.4784524269028,1118.492113911716,686.0324344008303,694.4543953169955,696.8198851623976,7082.555552189202,81.4603010823271,83.17182970815851,570.0,0.0,570.0,570.0,21.0,16.0,19.0,16.0,12.0,12.0,21.0,10.0,1.0,0.0,646.5397348572321,0.0,2084.725307590322,0.0,0.0,0.0,0.0,0.0,2590.2378131233406,1554142.6878740043,2011607.1390125494,81.4603010823271,83.20089714611022,0.2563412604374447,0.5406421437699802,0.27021103051474468,83.20089714611022,0.2656985864579156,2011607.1390125494,0.12135523789531923 
 02/17  20:40:00,7.846666666666667,84.33333333333334,7.336666666666668,0.0,0.0,0.0,0.0,0.0,2.0,0.0,0.0,4.0,0.0,0.0,0.0,297.0,0.0,0.0,0.0,0.0,0.0,0.0,0.0,0.0,0.0,0.0,0.0,20.89744184937932,-939.9577388372022,20.42201974504841,-82.68807983094935,21.050012568249767,-1339.495168772333,19.753505050170568,478.56504528579208,14.361083115611706,65.34041135708748,18.474587679885717,-49.63418724757629,17.300441259620596,233.23203715996613,16.715361249931719,-59.713247031831588,16.21282549245838,-278.2150263608057,1179.2177647115814,1084.9337161846443,0.0,0.0,0.0,0.0,0.0,0.0,0.0,0.0,0.0,0.0,0.0,0.0,0.0,0.0,0.0,0.0,0.0,0.0,0.0,0.0,0.0,0.0,1.2396106616601808,0.3783915328633034,285.84548216656949,333.93950137009088,7812.353893720872,0.20019364589902084,0.03055458575992384,21.987273694467988,25.714385640301626,588.5285928051819,1.4148360874722946,0.2673537580257551,459.40480805993487,536.5188564144703,12619.529858365819,0.3563018315186005,0.06732838841999259,319.06316926402647,373.9765547836171,8118.559220387859,0.0,0.0,12.601186942999384,15.089045036836588,169.96602518057649,0.0,0.0,15.734875864883597,18.524653678364936,352.24735197697989,0.0,0.0,253.24453664303077,299.4784033339347,5164.8337034262099,0.0,0.0,19.14091077566932,22.71365264618326,351.0845663082272,0.0,0.0,180.67041769020796,214.99313615535898,3040.6548224477949,42.53900637239532,29.17627323209559,445.62139044179016,524.5319856504997,11243.07473337237,0.0,0.0,197.98757298845445,236.26484932214886,3019.74510421927,1226.3524288875343,21.841417502724427,38.30531107805582,21.666666666666687,30.00000000000002,0.0,21.257730268325376,46.79058226592783,21.000000000000015,30.00000000000002,1823.5188460188943,21.701410059579748,38.136786809669079,22.000000000000019,30.00000000000002,0.0,20.66390486207623,40.82595426628788,16.000000000000015,30.00000000000002,0.0,14.49795245435755,61.28586234890494,12.00000000000001,30.00000000000002,0.0,19.078191929691756,52.98349841767744,19.000000000000015,30.00000000000002,0.0,18.036054810252787,48.688083840488989,10.000000000000007,30.00000000000002,0.0,16.999527063775646,52.19146526486422,12.00000000000001,30.00000000000002,0.0,16.21676039364561,54.86948975004851,16.000000000000015,30.00000000000002,0.0,19.43066835848981,0.0,0.0,0.0,15.352073849501373,0.0,0.0,670.6703527406045,1062.977686547042,643.1332214950134,654.1813301340153,696.8292279501463,1114.3561221813928,684.8248143800373,695.647593053455,696.1798191017686,8541.712316658894,82.35687825930308,84.65340223224144,570.0000000000005,0.0,570.0000000000005,570.0000000000005,21.0,16.0,19.0,16.0,12.0,12.0,21.0,10.0,1.0,0.0,1226.3524288875343,0.0,1823.5188460188943,0.0,0.0,0.0,0.0,0.0,3475.551377516095,2085330.8265096553,2712926.1154675486,82.35687825930308,84.69240483323832,0.34251837925053665,0.7703601095549977,0.3602813740196598,84.69240483323832,0.3542647819438878,2712926.1154675486,0.15760215800431252 
 02/17  20:50:00,7.833333333333334,84.66666666666667,7.368333333333333,0.0,0.0,0.0,0.0,0.0,2.0,0.0,0.0,4.0,0.0,0.0,0.0,396.0,0.0,0.0,0.0,0.0,0.0,0.0,0.0,0.0,0.0,0.0,0.0,20.755973794449056,-733.7952747158852,20.502295593415476,-75.35819970713458,21.04953040067353,-1530.6517220509959,19.778319211999397,431.82946006590466,14.385044289765125,61.72961765286523,18.957077675828715,-74.14063242923709,17.176857059520587,200.50995243024205,16.470019797751087,-52.28313623302395,16.397236971242216,-265.82098229488079,1101.105108630998,962.2697396944233,0.0,0.0,0.0,0.0,0.0,0.0,0.0,0.0,0.0,0.0,0.0,0.0,0.0,0.0,0.0,0.0,0.0,0.0,0.0,0.0,0.0,0.0,1.3223160212935324,0.4036373691372199,242.1539575979215,283.20332128709847,6603.063654063011,0.20647891557809595,0.0315138760039829,15.614354714026384,18.27142712413128,415.3383290762729,1.300879111757749,0.24581993797387556,390.30961204510086,456.27962992890948,10636.838261453828,0.32662677782024299,0.06172085748681838,299.1092975579202,350.79000344540767,7622.975392652203,0.0,0.0,12.278953697759804,14.708857000221953,166.5833295667702,0.0,0.0,15.231218029637466,17.90825140994194,359.2387275159533,0.0,0.0,244.8639566234109,290.17173319426919,4869.4684458466749,0.0,0.0,22.50884760793438,26.76015285040527,398.9075317910733,0.0,0.0,171.4019035902813,204.09237815205607,2962.703380690469,42.39695080340519,29.078841428947326,377.52189293538427,444.9412091440096,9524.972998214298,0.0,0.0,191.63759968937067,228.99736563830715,2925.73375462488,1475.1328189357867,21.616269444585453,38.617499467135747,21.75,30.0,546.8533690884513,21.187131260765907,48.61574572962835,21.25,30.0,1891.0959883534777,21.626805506658138,38.269727498957909,21.5,30.0,0.0,20.674937979462134,40.85490003907481,16.0,30.0,0.0,14.524425323198223,61.163297086578157,12.0,30.0,879.8706685086067,19.695546441557118,50.51461162836059,19.75,30.0,0.0,17.77188616442174,49.44935679208372,10.0,30.0,0.0,16.652695895109799,53.368186012771548,12.0,30.0,886.956626411023,16.494293506988588,53.918149197353319,16.5,30.0,0.0,19.20153816030149,0.0,0.0,0.0,15.33675300021563,0.0,0.0,658.1657161227528,1163.2130671584678,639.3033316535734,656.2451384720165,695.8007040162786,1094.8893325340053,681.6342557435403,696.0374798894585,694.9362322418127,9626.055724783913,81.63984558917014,85.307922480521,570.0,0.0,570.0,570.0,21.0,16.0,19.0,16.0,12.0,12.0,21.0,10.0,1.0,0.0,1475.1328189357867,546.8533690884513,1891.0959883534777,0.0,879.8706685086067,0.0,0.0,886.956626411023,5550.888873402957,3330533.3240417747,4346496.098882012,81.63984558917014,85.37021860331572,0.3550296291134319,0.768751224552282,0.36028137401965956,85.37021860331572,0.3542647819438875,4346496.098882012,0.2422627971418646 
 02/17  21:00:00,7.82,85.0,7.4,0.0,0.0,0.0,0.0,0.0,2.0,0.0,0.0,4.0,0.0,0.0,0.0,396.0,0.0,0.0,0.0,0.0,0.0,0.0,0.0,0.0,0.0,0.0,0.0,20.600851029731019,-464.1330203252862,20.822483860697763,-219.56082448147874,21.11833387779827,-1728.0513467275064,19.752141661921269,410.76858568365096,14.403188492659325,57.67592880409825,18.935450023839416,-23.584469241780739,17.2557091297236,201.26604290834804,16.256682901641577,-74.21722107996405,16.617555102424729,-402.01176053919519,1088.6602654978706,1022.3790091932965,0.0,0.0,0.0,0.0,0.0,0.0,0.0,0.0,0.0,0.0,0.0,0.0,0.0,0.0,0.0,0.0,0.0,0.0,0.0,0.0,0.0,0.0,1.4419920694979327,0.44016851938276338,255.89032356247388,299.54747738235286,6864.9341039727719,0.05789892279915759,0.008836831929053359,37.92887921651091,44.255092548765109,1052.6969299658272,1.3841566047274788,0.2615564256854647,395.5916999609676,462.36605947168968,10781.407307464611,0.33232338337290059,0.06279731356252844,241.53302372016933,282.98344296639359,6142.761243454363,0.0,0.0,11.25659448900387,13.485549502033449,153.38619593384824,0.0,0.0,14.229638864446099,16.72448311091862,338.3082953352378,0.0,0.0,224.93316882214246,266.4558604036755,4531.2990853998849,0.0,0.0,32.91384008763927,39.188476370816747,565.1732890306157,0.0,0.0,148.10758152864435,176.07363327810425,2696.0279165027925,42.43978386504953,29.108219386179387,392.83475919918467,462.6795925202397,9952.60914765298,0.0,0.0,177.75053452096143,212.4425668304538,2700.572877383979,640.011785950964,21.284811371516939,40.23020571186859,21.25,30.0,525.7185405879939,21.87324450513335,45.35367389841521,21.5,30.0,2053.3616477632206,21.662452427250707,38.222147379345418,21.5,30.0,0.0,20.60069701483033,41.36585767581275,16.0,30.0,0.0,14.540901076777735,61.18739761028744,12.0,30.0,0.0,19.775565815670804,50.8098241206054,19.0,30.0,0.0,17.888265212499034,49.30761266081383,10.0,30.0,0.0,16.34521132657044,54.36770547975658,12.0,30.0,341.73816198795546,16.86698340611199,52.564405429131678,16.5,30.0,0.0,19.163466586758405,0.0,0.0,0.0,15.257339297674406,0.0,0.0,703.267891693847,1085.9841955369937,639.3712637639758,672.2337882096272,699.5610308488759,1121.2683873242505,691.1250841448795,693.459652303477,691.8053080482135,8726.38562348645,82.23492282559799,82.23492282559799,570.0,0.0,570.0,570.0,21.0,16.0,19.0,16.0,12.0,12.0,21.0,10.0,1.0,0.0,640.011785950964,525.7185405879939,2053.3616477632206,0.0,0.0,0.0,0.0,341.73816198795546,0.0,0.0,0.0,82.23492282559799,82.23492282559799,0.34,0.7713291849916495,0.36028137401965956,82.23492282559799,0.3542647819438875,0.0,0.015960000000000003 
 02/17  21:10:00,7.771666666666667,85.66666666666667,7.315,0.0,0.0,0.0,0.0,0.0,2.0,0.0,0.0,4.0,0.0,0.0,0.0,297.0,0.0,0.0,0.0,0.0,0.0,0.0,0.0,0.0,0.0,0.0,0.0,20.614150606794369,-486.5621042760998,20.5443060763888,-122.71060462789879,21.146763696558588,-1773.414362659446,19.812781078669219,468.79417871965719,14.418899879060796,59.71990716459667,18.74604873289146,-43.994565248544677,17.276534127705426,179.07528574227278,16.083885809278717,-57.27779668815292,16.286001883739517,-253.97264058713126,1143.1832294527674,1038.77158673869,0.0,0.0,0.0,0.0,0.0,0.0,0.0,0.0,0.0,0.0,0.0,0.0,0.0,0.0,0.0,0.0,0.0,0.0,0.0,0.0,0.0,0.0,1.362776484118822,0.41598793776520817,281.3295431186074,329.0426755637762,7515.677030582524,0.16214043331460344,0.024746708381349737,24.943690384630199,29.152915720592639,675.4727143012109,1.3543653134173637,0.2559269299730469,454.3927601945608,530.6206954854515,12551.507500458229,0.34020152658137939,0.06428600275536267,310.5795380100376,364.0388813549683,7968.127987880034,0.0,0.0,11.895220375638644,14.243503888702423,163.5827938181833,0.0,0.0,14.892703453375088,17.51525182006681,346.1500886210949,0.0,0.0,244.38051115626184,289.1802807679063,4962.285348573716,0.0,0.0,32.83962418516255,39.110950930648588,551.9156391848587,0.0,0.0,162.40703447601175,193.2190687895544,2792.090926356305,42.25145728887401,28.97905163845955,441.09101467801727,519.1307758964489,11207.936996418575,0.0,0.0,192.6029339525814,229.92032337802685,2950.5576541124166,588.6860026710915,21.391451813081134,39.78331598989281,21.0,30.0,0.0,21.384985020952525,46.30872828512128,21.0,30.0,2225.976752781565,21.708516892357634,38.40574195374805,22.0,30.0,0.0,20.695558072596599,41.09093333351663,16.0,30.0,0.0,14.554206914264974,61.27235757154345,12.0,30.0,0.0,19.443678502725825,52.20304804842179,19.0,30.0,0.0,17.915483375400407,49.31552726548101,10.0,30.0,0.0,16.110700391179088,55.3564989629174,12.0,30.0,0.0,16.32327803395412,54.6650269523374,16.0,30.0,0.0,19.392266059492525,0.0,0.0,0.0,15.320215574456821,0.0,0.0,691.269687691539,1055.8038084279695,654.8140243119938,669.0116685083428,704.5189862199064,1134.552026325503,694.8064486201791,700.2170490068645,701.9957870144676,7504.40020320618,83.04271441904626,83.04271441904626,570.0,0.0,570.0,570.0,21.0,16.0,19.0,16.0,12.0,12.0,21.0,10.0,1.0,0.0,588.6860026710915,0.0,2225.976752781565,0.0,0.0,0.0,0.0,0.0,0.0,0.0,0.0,83.04271441904626,83.04271441904626,0.34,0.7694487734761815,0.36028137401965956,83.04271441904626,0.3542647819438875,0.0,0.015674999999999999 
 02/17  21:20:00,7.723333333333334,86.33333333333334,7.23,0.0,0.0,0.0,0.0,0.0,2.0,0.0,0.0,4.0,0.0,0.0,0.0,396.0,0.0,0.0,0.0,0.0,0.0,0.0,0.0,0.0,0.0,0.0,0.0,20.75498730750929,-773.9627707467312,20.372109248618288,-85.39662613851466,21.096565277428888,-1487.8131181541053,19.81260416757894,381.0746134956448,14.435431368526059,57.14716984664257,18.601653044475115,-60.86976841285379,17.15240579605791,140.3152808692662,15.971436861206606,-38.63402187741141,16.430382085380808,-258.6118033710552,1037.9601324008464,1011.446863292404,0.0,0.0,0.0,0.0,0.0,0.0,0.0,0.0,0.0,0.0,0.0,0.0,0.0,0.0,0.0,0.0,0.0,0.0,0.0,0.0,0.0,0.0,1.3443056234200506,0.41034970189867239,212.73644331276305,248.56625289568246,5873.878494359271,0.19977739361914829,0.0304910551921777,17.77655146309558,20.805790365007135,475.79815742420529,1.3304930298819169,0.25141591645538877,358.7630858236233,419.27966099722127,9888.12993676125,0.3261421172312824,0.06162927385322795,285.6548006227747,334.99976685746256,7334.5724596251279,0.0,0.0,11.87957530100442,14.229362968610128,164.86640219949713,0.0,0.0,14.428684493350634,16.989551273271819,329.91320566971435,0.0,0.0,261.4142491878573,309.7846053989334,5214.256270348969,0.0,0.0,31.121176082031807,37.09951215979577,518.0679416036853,0.0,0.0,178.25873429844894,212.24861875516155,3077.345846033517,41.892323965732149,28.732732486784746,343.98002452581116,405.3307905507311,8816.990457933905,0.0,0.0,207.9721299244049,248.42068091919675,3220.6248892090595,1517.8860871483453,21.61208890464447,39.11865906442068,21.75,30.0,0.0,21.10462623538372,48.13290691818992,21.0,30.0,1799.8254061331928,21.55012018205088,38.79773319357731,21.5,30.0,0.0,20.65804734666049,41.24198139577748,16.0,30.0,0.0,14.568785209119135,61.281056996848828,12.0,30.0,0.0,19.199609317525569,52.76417984656335,19.0,30.0,0.0,17.678351131001479,50.12200706428289,10.0,30.0,0.0,15.978744369913269,55.98594798948527,12.0,30.0,756.9706436356606,16.289263337875519,54.94595365301687,16.0,30.0,0.0,19.090646499076049,0.0,0.0,0.0,15.372658607205553,0.0,0.0,681.35974538296,1114.9175439493243,653.276125203318,670.0907660949738,706.0229279321338,1125.6781775444986,696.4301959967936,706.0156923227536,707.180942416411,9308.612796534531,81.8498552783441,83.60557419647864,570.0,0.0,570.0,570.0,21.0,16.0,19.0,16.0,12.0,12.0,21.0,10.0,1.0,0.0,1517.8860871483453,0.0,1799.8254061331928,0.0,0.0,0.0,0.0,756.9706436356606,2657.0474593501496,1594228.4756100898,2066641.0660194127,81.8498552783441,83.63539213229538,0.343568248645005,0.7700883184429072,0.36028137401965956,83.63539213229538,0.3542647819438875,2066641.0660194127,0.12269700209967612 
 02/17  21:30:00,7.675000000000001,87.0,7.145,0.0,0.0,0.0,0.0,0.0,2.0,0.0,0.0,4.0,0.0,0.0,0.0,396.0,0.0,0.0,0.0,0.0,0.0,0.0,0.0,0.0,0.0,0.0,0.0,20.772336686640224,-512.9474607907432,20.922007499450623,-154.0690574275971,21.156689695628548,-1508.0750756638593,19.79289740888985,413.0642986383741,14.452793632396972,57.48260411353762,18.717258119703936,-30.774121496819519,17.282110388090368,301.4312722519712,15.867245322934913,-54.54717554553946,16.639483644755815,-361.2761711973062,1041.0107205326429,964.9111327882474,0.0,0.0,0.0,0.0,0.0,0.0,0.0,0.0,0.0,0.0,0.0,0.0,0.0,0.0,0.0,0.0,0.0,0.0,0.0,0.0,0.0,0.0,1.386587645910581,0.42325630217050716,214.5856693421554,251.53196895852404,5801.995483146464,0.1557973653162143,0.023778596659983873,24.389769018179814,28.409946412409224,693.4750394550856,1.3831464575709978,0.26136554375869205,367.28094660151,429.48847838318229,10124.783183225529,0.33486648033352625,0.06327786854375021,243.7737989947854,285.5980087645121,6276.729167611634,0.0,0.0,11.691143744799831,14.005573086653337,163.79579565389006,0.0,0.0,13.220894154188482,15.576427101724545,303.29154651896678,0.0,0.0,223.97617562986046,265.2536585276956,4597.1025023810639,0.0,0.0,40.502282646653927,48.30968509786806,667.79391838444,0.0,0.0,136.55619779833052,162.31230622752259,2524.892590638533,41.70168967275244,28.601981942902915,355.7398842549858,419.3804862204784,9119.276244905619,0.0,0.0,169.90614235835413,203.05078704277796,2624.2018844924525,988.7020905306201,21.52625183439836,39.91871590398488,21.5,30.0,1534.6071405020189,21.815442089104644,46.916155788060809,21.75,30.0,1903.6976673100012,21.710542431012123,38.34116707484698,21.5,30.0,0.0,20.60766265567902,41.531562434824468,16.0,30.0,0.0,14.586321857100984,61.230950100612947,12.0,30.0,423.26804803299577,19.194018038411259,52.64485457097829,19.0,30.0,0.0,17.928738697627,49.44238474592387,10.0,30.0,0.0,15.847019523463022,56.49330054705338,12.0,30.0,299.12593802904805,16.871540430565898,52.90983670159161,16.5,30.0,0.0,19.1065593032935,0.0,0.0,0.0,15.276186269023361,0.0,0.0,713.8500958511199,1168.3460229882408,644.5595511554432,675.7859109989133,704.8717204766489,1123.680521301759,698.4673286142096,705.0898598949399,703.5460352468758,10538.501978965669,81.03647585825053,86.47771036230081,570.0,0.0,570.0,570.0,21.0,16.0,19.0,16.0,12.0,12.0,21.0,10.0,1.0,0.0,988.7020905306201,1534.6071405020189,1903.6976673100012,0.0,423.26804803299577,0.0,0.0,299.12593802904805,8234.284153791818,4940570.492275091,6456886.5416570999,81.03647585825053,86.57012058783848,0.35947613845972728,0.7664603798354168,0.36028137401965956,86.57012058783848,0.3542647819438875,6456886.5416570999,0.35054643349950256 
 02/17  21:40:00,7.626666666666667,87.66666666666666,7.0600000000000009,0.0,0.0,0.0,0.0,0.0,2.0,0.0,0.0,4.0,0.0,0.0,0.0,396.0,0.0,0.0,0.0,0.0,0.0,0.0,0.0,0.0,0.0,0.0,0.0,20.66860880683602,-481.16210755948557,21.029523813150307,-240.1736323951023,21.19605009638095,-1741.3960961071685,19.819909320053058,403.3325381582408,14.46839086361545,57.1466292966019,19.050901513972769,-32.08840508904959,17.224018443099916,79.14398458793949,15.793899848961999,-26.424597649962779,16.326019396454848,-248.14532834732359,1057.1912799211874,1062.0309872778,0.0,0.0,0.0,0.0,0.0,0.0,0.0,0.0,0.0,0.0,0.0,0.0,0.0,0.0,0.0,0.0,0.0,0.0,0.0,0.0,0.0,0.0,1.475645580895036,0.45044126400947379,254.23494851644393,297.52582246898757,6945.371020444891,0.06029403567157379,0.009202386396760347,38.472335508573028,44.85661217309473,1097.494818251478,1.4096005355504507,0.2663644247071903,379.8881499481877,443.9688219459463,10508.340286488708,0.33432478260429857,0.06317550691691204,266.9955799970009,312.9918772673388,6901.629031002178,0.0,0.0,11.109107304247298,13.307256423068392,157.0370831496598,0.0,0.0,15.008493932655613,17.631793998339206,366.8267977874118,0.0,0.0,250.5613443888357,296.93312490311026,5079.821720076723,0.0,0.0,37.128551471421378,44.29797195543982,610.4107495060083,0.0,0.0,170.77851351501216,203.34863907654154,3006.313340270657,41.49069021888812,28.457263524614633,378.9862390776989,446.305857609716,9795.279313479656,0.0,0.0,204.17163944816446,243.9137375688072,3218.227529351015,640.081286476358,21.328951261946544,40.417169318055019,21.25,30.0,0.0,22.095157945244798,44.42885624594335,21.0,30.0,2047.204820966464,21.66525526600658,38.71175271093556,21.5,30.0,0.0,20.636665645835678,41.71571810152608,16.0,30.0,0.0,14.600234652465005,61.4960903233616,12.0,30.0,338.21496388525636,19.921954163153015,50.87759343970144,19.5,30.0,0.0,17.74246714426981,50.343063473784749,10.0,30.0,0.0,15.77316095594062,57.10941530292632,12.0,30.0,0.0,16.36207476043782,55.09102894928188,16.0,30.0,0.0,19.152573399523669,0.0,0.0,0.0,15.393392988597489,0.0,0.0,708.2638258013858,1047.016416741272,654.8009889364852,684.7901493816945,716.3057399015363,1150.6212845698647,710.3039826851134,717.1889890158361,720.1042859741053,9696.617776433643,81.59328625741294,85.0856799512342,570.0,0.0,570.0,570.0,21.0,16.0,19.0,16.0,12.0,12.0,21.0,10.0,1.0,0.0,640.081286476358,0.0,2047.204820966464,0.0,338.21496388525636,0.0,0.0,0.0,5285.299668860223,3171179.8013161339,4134979.383995668,81.59328625741294,85.1449923901067,0.3461766556286741,0.769015912188159,0.36028137401965956,85.1449923901067,0.3542647819438875,4134979.383995668,0.22936392796777478 
 02/17  21:50:00,7.578333333333333,88.33333333333334,6.975,0.0,0.0,0.0,0.0,0.0,2.0,0.0,0.0,4.0,0.0,0.0,0.0,297.0,0.0,0.0,0.0,0.0,0.0,0.0,0.0,0.0,0.0,0.0,0.0,20.65260531976935,-477.1772194878072,20.69889693901451,-140.3242554808154,21.21052145107678,-1763.0963377465653,19.86839196152531,447.64662469591385,14.483015310367918,56.16183444117671,18.869013818108895,-52.259915435549917,17.17526639488807,150.11385483525386,15.735260004321056,-28.236084551549405,16.533641547625864,-332.4495978320971,1119.0929190122834,1020.9641330710397,0.0,0.0,0.0,0.0,0.0,0.0,0.0,0.0,0.0,0.0,0.0,0.0,0.0,0.0,0.0,0.0,0.0,0.0,0.0,0.0,0.0,0.0,1.3946825805870296,0.42572728345147467,279.1575979842663,326.511104959266,7562.93633224362,0.15049130903127004,0.022968759009656619,27.498832157075367,32.127051664581198,762.274176586616,1.3835788915418284,0.2614472584168235,448.9166782628972,524.2174877162595,12581.66943513523,0.344147057479338,0.06503156792882428,308.91673046970927,362.085404850406,8053.43575162969,0.0,0.0,11.680755978781829,13.984627866781498,166.5601598290071,0.0,0.0,15.27812320665481,17.961793794138928,364.91416820936208,0.0,0.0,256.41613834985938,303.71239129126595,5193.304844721358,0.0,0.0,35.55510881538534,42.40709699212897,583.8686776801475,0.0,0.0,172.98924933935843,205.71856655801742,3106.5528206639157,41.3174404760036,28.33843654046889,437.6774753017869,515.0595967164634,11324.21781627639,0.0,0.0,204.94114520421767,244.7065693222027,3217.344414135423,554.5672573842892,21.385801991755398,40.273556739234567,21.000000000000015,30.00000000000002,0.0,21.53334692393814,45.784447949961428,21.000000000000015,30.00000000000002,2175.0324921217195,21.7124026677758,38.84945478183925,22.000000000000019,30.00000000000002,0.0,20.710071988657764,41.54449535334091,16.000000000000015,30.00000000000002,0.0,14.612390967913282,61.732504771614888,12.00000000000001,30.00000000000002,0.0,19.57637379181478,52.227068357192269,19.000000000000015,30.00000000000002,0.0,17.684170369533328,50.64977826367837,10.000000000000007,30.00000000000002,0.0,15.71316448665636,57.49863265826095,12.00000000000001,30.00000000000002,957.2160947755991,16.472633474863973,54.852101328336768,16.000000000000015,30.00000000000002,0.0,19.42505254995141,0.0,0.0,0.0,15.327443887776927,0.0,0.0,705.1178284802298,1024.2726403158764,666.8364441977932,682.4680608624572,725.6478965051123,1154.1070997153823,714.1221381012834,722.5462466170395,723.624533676914,9051.097129284482,82.01972935695989,84.7608338315416,570.0000000000005,0.0,570.0000000000005,570.0000000000005,21.0,16.0,19.0,16.0,12.0,12.0,21.0,10.0,1.0,0.0,554.5672573842892,0.0,2175.0324921217195,0.0,0.0,0.0,0.0,957.2160947755991,4147.502577121813,2488501.5462730859,3240150.7315596879,82.01972935695989,84.80738688536236,0.3649167525707273,0.769518159902397,0.3602813740196598,84.80738688536236,0.3542647819438878,3240150.7315596879,0.18270617137443713 
 02/17  22:00:00,7.53,89.0,6.89,0.0,0.0,0.0,0.0,0.0,2.0,0.0,0.0,4.0,0.0,0.0,0.0,396.0,0.0,0.0,0.0,0.0,0.0,0.0,0.0,0.0,0.0,0.0,0.0,20.818448593377935,-742.1667994491662,20.5192124006966,-94.54309085686939,21.1441372497639,-1468.679746876981,19.87691757947283,382.0647852198863,14.49580789383101,53.87630174197123,18.722725249262007,-48.43065187703232,17.250876442359855,291.0761495806282,15.676149709223381,-40.07251297998641,16.618896603690567,-329.66134572801766,1028.8409462307205,891.5904300168401,0.0,0.0,0.0,0.0,0.0,0.0,0.0,0.0,0.0,0.0,0.0,0.0,0.0,0.0,0.0,0.0,0.0,0.0,0.0,0.0,0.0,0.0,1.368161711125962,0.41763177995297998,206.9951476860511,241.82205409849133,5799.6524746838199,0.19636491831234438,0.02997022562764718,19.58798945901536,22.920713898091685,536.4583444058624,1.3736450650824233,0.25957011811837185,364.84704330060409,426.3755390269595,10207.13136203197,0.33175985159087148,0.06269082607537252,279.2800315790914,327.4971403692697,7298.902325951746,0.0,0.0,11.853126953624236,14.195538649570464,170.3903252314377,0.0,0.0,13.968431989363417,16.442679654083706,328.3724339234027,0.0,0.0,220.8721671404121,261.5824091164339,4565.95548169851,0.0,0.0,39.93898415462922,47.66044200911913,654.4723225622978,0.0,0.0,132.7110176665456,157.75881746457589,2463.4350085424086,40.98615036469557,28.11121424190369,351.27462607755629,413.8181560954232,9177.103206521198,0.0,0.0,165.2055886021364,197.46821945609487,2557.62429547289,1499.0403865179006,21.644105811449088,39.65966831964786,21.75,30.0,0.0,21.241702933926847,47.58997965832739,21.0,30.0,1748.7373622765948,21.552615857275403,39.297596951124848,21.5,30.0,0.0,20.693682117641555,41.67987613636686,16.0,30.0,0.0,14.62164199542061,61.78064371480844,12.0,30.0,0.0,19.33118019616147,52.976765515126597,19.0,30.0,0.0,17.850694499298507,50.222831227886519,10.0,30.0,0.0,15.646959338136038,57.926971032019419,12.0,30.0,0.0,16.768308558987977,53.9458204100706,16.0,30.0,0.0,19.172348321908005,0.0,0.0,0.0,15.153481224514401,0.0,0.0,702.2382047379987,1082.760026084739,667.1829542188976,684.3884384705666,725.9948600885898,1150.2705683387144,714.9642351276921,727.8101925924843,727.4465519579314,9553.99882414403,81.68766330235053,81.68766330235055,570.0,0.0,570.0,570.0,21.0,16.0,19.0,16.0,12.0,12.0,21.0,10.0,1.0,0.0,1499.0403865179006,0.0,1748.7373622765948,0.0,0.0,0.0,0.0,0.0,0.0,0.0,0.0,81.68766330235053,81.68766330235053,0.34,0.7710211334884457,0.36028137401965956,81.68766330235053,0.3542647819438875,0.0,0.014091666666666668 
 02/17  22:10:00,7.5183333333333339,89.16666666666667,6.743333333333332,0.0,0.0,0.0,0.0,0.0,2.0,0.0,0.0,4.0,0.0,0.0,0.0,990.0,0.0,0.0,0.0,0.0,0.0,0.0,0.0,0.0,0.0,0.0,0.0,20.806474784321219,-683.8635424699889,20.554174339393837,-75.68428659632454,21.074689659747898,-1354.8130013438018,19.897165344053926,459.6143048439693,14.512046868944588,59.21208830537661,18.61204706063335,-38.932997303983658,17.386505186559185,196.09719857424887,15.609558410938103,-49.03653241057304,17.860170872334359,-397.75771900935288,970.4360725463089,933.0045612455313,0.0,0.0,0.0,0.0,0.0,0.0,0.0,0.0,0.0,0.0,0.0,0.0,0.0,0.0,0.0,0.0,0.0,0.0,0.0,0.0,0.0,0.0,1.3696213200207864,0.4180773260136711,139.4007966714367,163.20113682947778,3902.8609730991745,0.2237709731779727,0.03415307893436702,15.894274086068713,18.612540788690617,432.1328014448563,1.3545929777666388,0.25596995044721079,296.63683685607136,347.04115337787575,8299.619618036992,0.3360073745064558,0.06349345701180191,295.66209940737567,346.98740859471089,7738.767455073469,0.0,0.0,12.675060385407374,15.190168450284608,182.91882310545643,0.0,0.0,13.310861765095222,15.696843276600243,308.68903631961737,0.0,0.0,189.55390110290348,224.54883592488097,3985.2294144836598,0.0,0.0,49.36787667354364,58.964181701300407,801.8890514576517,0.0,0.0,127.91502258116197,151.11430616910634,2841.126978111109,40.507088107632728,27.78263930564659,298.3049111104189,352.06950419051818,7786.212261865153,0.0,0.0,137.91603385512705,164.92380330376055,2159.5248790355046,903.5978784927412,21.54028556132617,39.76681898190998,21.499999999999998,30.0,205.2374205492697,21.082398222790965,49.56160744444351,21.1,30.0,1448.8780605296466,21.57103924298134,39.14011355363418,21.4,30.0,0.0,20.71903303186212,41.45787698140983,15.999999999999999,30.0,0.0,14.638728338305022,61.752130508397097,12.0,30.0,0.0,19.15236009600703,52.07863597221227,19.0,30.0,0.0,18.04298529553546,49.65305189093757,10.0,30.0,0.0,15.564307690057444,58.36201528967892,12.0,30.0,2988.6768540600376,18.450822918002275,48.64511697890612,20.0,30.0,0.0,19.019948128359279,0.0,0.0,0.0,15.14291288028611,0.0,0.0,688.1277700636721,1175.1008609747103,653.9677858815735,668.7070385715216,723.5868183644341,1116.2866415681477,711.0808480190397,729.4384936338356,723.6030584215295,10777.487242080402,80.87845322036579,84.55818676603367,570.0,0.0,570.0,570.0,21.0,16.0,19.0,19.0,12.0,12.0,21.0,10.0,1.0,0.0,903.5978784927412,205.2374205492697,1448.8780605296466,0.0,0.0,0.0,0.0,2988.6768540600376,5568.485391796523,3341091.235077914,4351395.93387304,80.87845322036579,84.62068085751612,0.3556161797265508,0.7674335484485766,0.3602813740196596,84.62068085751612,0.3542647819438876,4351395.93387304,0.2402375885613981 
 02/17  22:20:00,7.506666666666667,89.33333333333334,6.596666666666667,0.0,0.0,0.0,0.0,0.0,2.0,0.0,0.0,4.0,0.0,0.0,0.0,396.0,0.0,0.0,0.0,0.0,0.0,0.0,0.0,0.0,0.0,0.0,0.0,20.786691488553268,-582.1722142060386,21.139855802993055,-224.89062120864348,21.075688252849987,-1277.9912667067627,19.916292676025244,398.78599309148447,14.533254384526187,59.82406825106267,18.761562093766537,-27.313921081828555,17.18584036385507,82.59718472431814,15.582429905400528,33.519755253515828,18.39120784910378,-850.9306484943031,931.5603577357081,1401.0482563507679,0.0,0.0,0.0,0.0,0.0,0.0,0.0,0.0,0.0,0.0,0.0,0.0,0.0,0.0,0.0,0.0,0.0,0.0,0.0,0.0,0.0,0.0,1.4188793724230287,0.433113361545491,129.79833548535346,151.95250630838778,3593.7082963384,0.09906330181548918,0.015119551559140597,31.324057097533119,36.47815762295802,908.8990409719077,1.4507775249804276,0.2741454128836788,263.83455950709716,308.48766363977168,7359.655103615714,0.34130434671132967,0.06449439658188389,258.93986635228625,303.59039361490866,6798.240660448081,0.0,0.0,12.48660460085975,14.953726561334909,181.1233330359712,0.0,0.0,14.231020005108878,16.767567076004217,331.2290540531586,0.0,0.0,243.99271871252854,289.12289536976018,4930.45107589767,0.0,0.0,53.75621968068894,64.1782281641077,874.051155598396,0.0,0.0,218.00030544578665,256.5631867125253,5230.583196001684,39.996676503444778,27.432562759564328,265.0238647654918,312.713927004226,6923.16975866714,0.0,0.0,207.24230941457842,246.6066034855652,3691.0715264064685,923.0695544082032,21.539128830865228,40.48169244817644,21.5,30.0,1213.2598499906749,22.121279762963956,46.14807206584349,21.75,30.0,1737.4250955681678,21.519126250731487,39.31504562809174,21.5,30.0,0.0,20.723837631045926,41.536367301971619,16.0,30.0,0.0,14.663793259428207,61.67863021025458,12.0,30.0,447.9233080726985,19.186928512727925,50.2828211457469,19.0,30.0,0.0,17.632665423508777,51.159410545719847,10.0,30.0,0.0,15.558756392771964,58.37152881226957,12.0,30.0,1019.9890056093967,19.64078387311876,45.06445189161207,19.5,30.0,0.0,18.82234973237362,0.0,0.0,0.0,16.14808271908654,0.0,0.0,727.8552176239588,1155.7955095316257,651.8544424263776,669.8230547675013,720.303131396804,1085.690228070403,719.0949807933353,725.7495735645125,718.5427317796427,10493.496781836886,81.0662416243871,84.86548359538267,570.0,0.0,570.0,570.0,21.0,16.0,19.0,19.0,12.0,12.0,21.0,10.0,1.0,0.0,923.0695544082032,1213.2598499906749,1737.4250955681678,0.0,447.9233080726985,0.0,0.0,1019.9890056093967,5749.16556788613,3449499.340731678,4498166.740002314,81.0662416243871,84.93000733666794,0.361638852262871,0.7657788704134398,0.36028137401965956,84.93000733666794,0.3542647819438875,4498166.740002314,0.24720467048012033 
 02/17  22:30:00,7.495,89.5,6.449999999999999,0.0,0.0,0.0,0.0,0.0,2.0,0.0,0.0,4.0,0.0,0.0,0.0,396.0,0.0,0.0,0.0,0.0,0.0,0.0,0.0,0.0,0.0,0.0,0.0,20.83358272113297,-855.9750603304085,20.964562695356294,-153.02252878687095,21.169955799417516,-1180.8642618189243,19.936637611164618,416.9997143266738,14.557604380297562,66.62349014233614,19.088613657421946,-60.97313928527444,17.148907634245619,152.94084872449413,15.654522808702002,70.0637441950388,18.72673161779275,-1152.1103308667426,1075.8506959126749,1612.6332428824988,0.0,0.0,0.0,0.0,0.0,0.0,0.0,0.0,0.0,0.0,0.0,0.0,0.0,0.0,0.0,0.0,0.0,0.0,0.0,0.0,0.0,0.0,1.3839460899320229,0.4224499664017164,283.74917444344529,332.0966689525009,7928.7707658945259,0.14020366979619515,0.021398606501250786,28.013528322641684,32.69455977742756,799.603462218404,1.4793894371729435,0.2795520478406923,401.7344373688826,469.6984617896561,11240.447266805024,0.3444983471652094,0.065097949199775,229.346432083647,268.6236795221302,6044.563183826458,0.0,0.0,13.185519261394635,15.788617074693324,192.39063098213243,0.0,0.0,15.821163770891058,18.599241981662627,390.5796664087527,0.0,0.0,281.1518367867071,333.2832602659793,5688.4849145080729,0.0,0.0,53.28416106589491,63.58062546232081,884.5732969839929,0.0,0.0,252.9234539464864,297.4714378801084,6227.392263263244,39.66767209720284,27.206908159947085,392.61663327992678,462.48124867010338,10278.704224380113,0.0,0.0,243.5028377075106,289.62373945596667,4469.798048856262,1213.6644483615085,21.67143099754002,39.75183704928607,21.5,30.0,0.0,21.89711346404517,45.62899916749777,21.0,30.0,1548.254571467738,21.70983891648722,39.44398468249908,21.5,30.0,0.0,20.742451261536556,42.08412680106978,16.0,30.0,0.0,14.695030327142174,61.69135385626314,12.0,30.0,324.9111958559947,19.912364752013688,47.20954630961614,19.5,30.0,0.0,17.585944709854048,51.41355918511162,10.0,30.0,0.0,15.72030058615705,57.957588877210238,12.0,30.0,2388.522566334901,19.877285463662117,44.64757705161649,20.0,30.0,0.0,19.41861105361262,0.0,0.0,0.0,16.6012646030821,0.0,0.0,699.0459564643085,1067.7635135209649,685.041100615537,700.177837847222,723.0657365843674,1065.1439033222803,723.698761488943,732.7286455708253,732.3362331872341,9283.787833433353,81.86632073190813,81.86632073190813,570.0,0.0,570.0,570.0,21.0,16.0,19.0,19.0,12.0,12.0,21.0,10.0,1.0,0.0,1213.6644483615085,0.0,1548.254571467738,0.0,324.9111958559947,0.0,0.0,2388.522566334901,0.0,0.0,0.0,81.86632073190813,81.86632073190813,0.34,0.7700548773170838,0.36028137401965956,81.86632073190813,0.3542647819438875,0.0,0.012635 
 02/17  22:40:00,7.4833333333333329,89.66666666666667,6.303333333333333,0.0,0.0,0.0,0.0,0.0,2.0,0.0,0.0,0.0,0.0,0.0,0.0,594.0,0.0,0.0,0.0,0.0,0.0,0.0,0.0,0.0,0.0,0.0,0.0,20.398286654707705,-268.3758801600427,20.44358944489772,-460.8688667655508,20.64505073466848,-651.7589504726449,19.945166012534118,165.13950970964258,14.582485589870093,64.48737142733435,18.80728387783565,-56.839515443297639,17.196256608397129,124.35416829641327,15.702215764668786,46.95858744616854,18.21615313591321,-568.0938194508549,978.6363584840905,1183.883540479165,0.0,0.0,0.0,0.0,0.0,0.0,0.0,0.0,0.0,0.0,0.0,0.0,0.0,0.0,0.0,0.0,0.0,0.0,0.0,0.0,0.0,0.0,1.3516949095047258,0.41260528373160107,286.56015683758309,336.1359175520133,7677.916124953707,0.2374093991481787,0.03623464577963654,167.75140409708056,196.7439295571741,4522.199253798387,1.3556898241056679,0.25617721543946855,247.6056717544646,290.36937628981107,6680.1831572670839,0.2994821624184844,0.05659148949706805,195.71265332690138,229.8767828253416,5158.303369653109,0.0,0.0,12.997048874458305,15.570006660321053,190.69615670453408,0.0,0.0,13.904539509304052,16.3848520509597,332.20399859447965,0.0,0.0,232.06275231519326,275.23910178613218,4738.212932233072,0.0,0.0,49.18613992837973,58.70038175587461,827.4382222201959,0.0,0.0,200.80402047475864,237.10218584346417,4613.107597670255,38.90059792017407,26.68079418393283,356.3500219475305,420.2718840741851,9447.693190392712,0.0,0.0,191.61422192794078,228.46473409525428,3363.8206654330417,0.0,20.902783553216375,43.62658100134638,21.66666666666665,29.99999999999998,0.0,21.011828735639037,42.98407375974032,11.999999999999993,29.99999999999998,0.0,20.994834695771666,42.4191954527212,21.333333333333319,29.99999999999998,0.0,20.725449954694015,43.0872532209262,11.999999999999993,29.99999999999998,0.0,14.725078255973088,61.84665408261416,11.999999999999993,29.99999999999998,0.0,19.47031390493025,47.82556035610289,11.999999999999993,29.99999999999998,0.0,17.66666928550528,52.077840993386349,9.999999999999993,29.99999999999998,0.0,15.821094802308024,57.75568004226933,11.999999999999993,29.99999999999998,0.0,18.94423621483977,47.85806168863238,19.499999999999987,29.99999999999998,0.0,19.18528878832616,0.0,0.0,0.0,16.12501745604412,0.0,0.0,805.1000525871875,781.6037216867682,746.6689483242643,747.5132753506726,731.8538951776976,1045.2875724659464,762.7284841454607,739.5260819451012,755.2695116381807,0.0,81.7852464873989,81.7852464873989,59.99999999999996,0.0,59.99999999999996,59.99999999999996,12.0,12.0,12.0,19.0,12.0,12.0,21.0,10.0,0.0,0.0,0.0,0.0,0.0,0.0,0.0,0.0,0.0,0.0,0.0,0.0,0.0,81.7852464873989,81.7852464873989,0.0,0.0,0.0,81.7852464873989,0.0,0.0,0.0012600000000000003 
 02/17  22:50:00,7.471666666666667,89.83333333333333,6.156666666666666,0.0,0.0,0.0,0.0,0.0,2.0,0.0,0.0,0.0,0.0,0.0,0.0,297.0,0.0,0.0,0.0,0.0,0.0,0.0,0.0,0.0,0.0,0.0,0.0,19.881072533627383,-71.09101490007324,19.94739340473489,-308.91577131427507,20.081156165963884,-403.5633886540827,19.624548979234583,-34.31310170241434,14.593361007325609,52.36433903163713,18.550771743908585,-42.39497029641751,17.108949887087584,102.37329005922106,15.66509616647005,-3.778935406223887,17.65283882990247,-157.94813084037555,827.8893450305061,835.30005765217,0.0,0.0,0.0,0.0,0.0,0.0,0.0,0.0,0.0,0.0,0.0,0.0,0.0,0.0,0.0,0.0,0.0,0.0,0.0,0.0,0.0,0.0,1.310585782984083,0.4000567103126019,158.5368275103569,186.11944942427287,3985.565401921115,0.2417337990950234,0.03689465798153596,93.92706511192894,110.29692345493199,2373.9755204057498,1.2710910350407146,0.24019104970535069,190.66414747747406,223.93208174985419,4791.910858176689,0.2568916213412955,0.04854339027613296,137.6054331616328,161.66712438304115,3464.556098174371,0.0,0.0,11.915900267000783,14.262226411747382,175.2742613358655,0.0,0.0,11.918853775945975,14.053146763692546,275.2427777441435,0.0,0.0,172.98195929157704,205.1160554048859,3484.4332283018586,0.0,0.0,44.62913578052445,53.22506352058639,746.7044175006759,0.0,0.0,142.97956979902458,169.2513090574694,3022.97060475451,37.779230572867117,25.91168077700079,221.5627118611546,261.6749687805654,5664.337935037778,0.0,0.0,134.23793748446892,160.36431435618705,2154.0292524648459,0.0,20.074401943622225,44.683243472888928,22.000000000000019,30.00000000000002,0.0,20.19545162762174,43.702802703270659,12.00000000000001,30.00000000000002,0.0,20.088935164304389,44.08497840654259,22.000000000000019,30.00000000000002,0.0,20.118660818431587,44.54525596949428,12.00000000000001,30.00000000000002,0.0,14.730406874682224,62.2603495354753,12.00000000000001,30.00000000000002,0.0,19.04451095590938,48.640457858069549,12.00000000000001,30.00000000000002,0.0,17.511027726873484,52.55346143453874,10.000000000000007,30.00000000000002,0.0,15.759325978719533,58.39424703932016,12.00000000000001,30.00000000000002,0.0,18.00679973748709,51.001835224861078,20.000000000000015,30.00000000000002,0.0,18.40274099051699,0.0,0.0,0.0,15.322702632079889,0.0,0.0,738.9621823052908,700.3676843858712,704.3656106277771,734.6289958023419,746.3584950374886,1048.5210023354837,757.8408116990239,754.8722696174157,764.0909393405525,0.0,81.78524648739901,81.78524648739901,60.00000000000004,0.0,60.00000000000004,60.00000000000004,12.0,12.0,12.0,19.0,12.0,12.0,21.0,10.0,0.0,0.0,0.0,0.0,0.0,0.0,0.0,0.0,0.0,0.0,0.0,0.0,0.0,81.78524648739901,81.78524648739901,0.0,0.0,0.0,81.78524648739901,0.0,0.0,0.00118 
 02/17  23:00:00,7.46,90.0,6.01,0.0,0.0,0.0,0.0,0.0,2.0,0.0,0.0,0.0,0.0,0.0,0.0,297.0,0.0,0.0,0.0,0.0,0.0,0.0,0.0,0.0,0.0,0.0,0.0,19.45680448689655,-161.6333233655964,19.53986590322868,-345.7460419095087,19.604794746485756,-340.810921303039,19.29449168733761,-168.14153702006508,14.5833366287765,32.71693804997046,18.378578465920364,-24.64615383418362,17.001138044544147,38.86974891834646,15.556303353166339,-73.58539587700472,17.39586659377428,-71.85525162075243,783.5424025849352,500.07405166626566,0.0,0.0,0.0,0.0,0.0,0.0,0.0,0.0,0.0,0.0,0.0,0.0,0.0,0.0,0.0,0.0,0.0,0.0,0.0,0.0,0.0,0.0,1.219696342734463,0.3723126809323761,353.64465335746697,416.62423746298546,8453.327768683086,0.20865198647256157,0.03184554128091602,165.1043835349502,194.46438349890344,3968.024393866226,1.1469434535511197,0.21673156718653079,333.3083421842475,392.98388338957269,7902.297457259158,0.22079319761332473,0.041722070599645669,174.9839675056057,206.17193483710563,4220.672126013689,0.0,0.0,10.05347677477644,12.031780713318496,147.46467984288013,0.0,0.0,10.67434715946469,12.595052283975427,241.22752252039593,0.0,0.0,111.28679100161652,131.97053260902505,2199.7620776753535,0.0,0.0,40.64333882553056,48.495022346836169,665.4884535957119,0.0,0.0,88.26772999371711,104.55857136300955,1795.587890766994,36.40270864128092,24.96756422584428,463.7726856814129,548.6270676035058,10859.765411952461,0.0,0.0,81.257918358325,97.24640054117232,1183.483440267389,0.0,19.39435537381259,45.80338083807365,22.000000000000019,30.00000000000002,0.0,19.53801070462325,44.661490845340697,12.00000000000001,30.00000000000002,0.0,19.336290257393669,45.51997043926042,22.000000000000019,30.00000000000002,0.0,19.53620697717335,45.59869601714866,12.00000000000001,30.00000000000002,0.0,14.697483544437472,62.536566895798177,12.00000000000001,30.00000000000002,0.0,18.78115257921469,49.09528532475694,12.00000000000001,30.00000000000002,0.0,17.312785254429778,52.637867262624997,10.000000000000007,30.00000000000002,0.0,15.56642178876772,59.430806745002559,12.00000000000001,30.00000000000002,0.0,17.6144639963527,51.95610626114063,20.000000000000015,30.00000000000002,0.0,18.300096735126304,0.0,0.0,0.0,14.619373138140109,0.0,0.0,694.9834160901912,649.6402397723799,666.166296088677,703.9202438638955,749.561627648783,1057.2503829872276,726.5020074402058,766.6634519201239,744.1857797638569,0.0,81.78524648739901,81.78524648739901,60.00000000000004,0.0,60.00000000000004,60.00000000000004,12.0,12.0,12.0,19.0,12.0,12.0,21.0,10.0,0.0,0.0,0.0,0.0,0.0,0.0,0.0,0.0,0.0,0.0,0.0,0.0,0.0,81.78524648739901,81.78524648739901,0.0,0.0,0.0,81.78524648739901,0.0,0.0,0.0011000000000000003 
 02/17  23:10:00,7.448333333333333,90.16666666666667,5.916666666666667,0.0,0.0,0.0,0.0,0.0,2.0,0.0,0.0,0.0,0.0,0.0,0.0,198.0,0.0,0.0,0.0,0.0,0.0,0.0,0.0,0.0,0.0,0.0,0.0,19.257596165178059,-33.0638311664934,19.308628168360188,-163.22780684463465,19.413315011108918,-318.6615121002492,19.02717900515323,-81.40169881289012,14.573652691737239,32.49851139897942,18.234687732489868,-28.43964890317369,16.905230308421719,62.01205944050025,15.455318826872614,-65.80907445695255,17.21337321300409,-46.66016293576081,647.6671850870744,508.29687417366838,0.0,0.0,0.0,0.0,0.0,0.0,0.0,0.0,0.0,0.0,0.0,0.0,0.0,0.0,0.0,0.0,0.0,0.0,0.0,0.0,0.0,0.0,1.1934630177507549,0.3643049504733684,141.28301090100968,166.32613975488204,3323.809349661897,0.2215296924068227,0.03381100311459443,72.05259161898397,84.93024640026872,1696.6734451834646,1.1372482055831355,0.2148995097473802,236.93920350246862,279.0032527247174,5526.645660852462,0.22522648604593244,0.042559804619412767,156.29831278525746,184.07199451191628,3634.5126315001436,0.0,0.0,10.213722109733578,12.21495697248508,149.55560423000004,0.0,0.0,10.088172283788417,11.902370776756554,224.15950495614175,0.0,0.0,114.69778195183031,136.01751888745808,2236.9233441161325,0.0,0.0,40.26402424448855,48.02943041805544,647.5935392559247,0.0,0.0,90.11053649212023,106.78837928713756,1791.1340847050688,35.87685291733804,24.60689500503296,233.48928558058968,276.1855424023524,5590.196447636468,0.0,0.0,82.37517370483325,98.58492609697474,1182.2747781362396,0.0,19.171594051049746,46.104597095555309,22.0,30.0,0.0,19.232086744895886,45.42494776659347,12.0,30.0,0.0,19.13949618749293,46.081309522821687,22.0,30.0,0.0,19.110050600569318,46.32738028243634,12.0,30.0,0.0,14.671560690893964,62.599590242859097,12.0,30.0,0.0,18.569197175484434,49.419786615796798,12.0,30.0,0.0,17.159597803406343,52.92179887389949,10.0,30.0,0.0,15.40452005568962,59.97701939918162,12.0,30.0,0.0,17.350463410199838,52.578977867475618,20.0,30.0,0.0,17.830464004034718,0.0,0.0,0.0,14.50663397155699,0.0,0.0,675.1436465077834,642.4911000442322,666.2816864618565,675.7094901485425,745.9847473980096,1064.9074781754103,715.2880958481462,762.9874682087251,731.4546178932424,0.0,81.78524648739894,81.78524648739894,60.0,0.0,60.0,60.0,12.0,12.0,12.0,19.0,12.0,12.0,21.0,10.0,0.0,0.0,0.0,0.0,0.0,0.0,0.0,0.0,0.0,0.0,0.0,0.0,0.0,81.78524648739894,81.78524648739894,0.0,0.0,0.0,81.78524648739894,0.0,0.0,0.00102 
 02/17  23:20:00,7.4366666666666669,90.33333333333334,5.823333333333333,0.0,0.0,0.0,0.0,0.0,2.0,0.0,0.0,0.0,0.0,0.0,0.0,297.0,0.0,0.0,0.0,0.0,0.0,0.0,0.0,0.0,0.0,0.0,0.0,19.066553908985587,-135.54672428914237,19.133004080785594,-216.95013151659479,19.205006265074844,-218.26842417533354,18.874846190413665,-154.4778880509649,14.567112114713322,29.304862658296096,18.128537195059314,-27.62423286059007,16.91720777688233,122.71532359340573,15.379738984848448,-77.35893000059298,17.093120707275629,-34.811978902701287,469.38747721736339,379.2906872243658,0.0,0.0,0.0,0.0,0.0,0.0,0.0,0.0,0.0,0.0,0.0,0.0,0.0,0.0,0.0,0.0,0.0,0.0,0.0,0.0,0.0,0.0,1.1532269944057228,0.35202289206523887,124.63587366825618,147.00754909179472,2875.4345307175619,0.21548570987558122,0.03288853935829993,82.29530830573173,97.04878805147439,1898.0567056606238,1.1147791977986335,0.21065366549482868,145.99296282043873,172.0451050468739,3351.179258960282,0.22295155296675557,0.04212992308517676,96.5195779954228,113.70320069954706,2192.259869509092,0.0,0.0,9.932148435982317,11.889470927892269,145.31033862319047,0.0,0.0,10.053136229424564,11.877093177356255,220.89092955800624,0.0,0.0,91.88714581750375,109.06319816700882,1802.2885854743955,0.0,0.0,40.228611919310228,48.04744780215957,639.1720688392884,0.0,0.0,50.86858834510656,60.452319778980129,998.4036561444698,35.378493671232,24.26508482251852,159.5679826804355,188.99775925034607,3891.0450848797329,0.0,0.0,60.45662552186643,72.49827506541335,836.7588561457396,0.0,18.920862513429165,46.44303762354799,21.999999999999994,29.99999999999999,0.0,19.003191253515646,45.726291929732969,11.999999999999995,29.99999999999999,0.0,18.90290010050872,46.53150286803984,21.999999999999994,29.99999999999999,0.0,18.88972507526286,46.69326613097169,11.999999999999995,29.99999999999999,0.0,14.654324743739274,62.52960123117244,11.999999999999995,29.99999999999999,0.0,18.43010787098022,49.60520909059585,11.999999999999995,29.99999999999999,0.0,17.210544266969906,52.3170299769162,9.999999999999997,29.99999999999999,0.0,15.294427722272534,60.191141335255647,11.999999999999995,29.99999999999999,0.0,17.19570758022279,52.90701868432445,19.999999999999994,29.99999999999999,0.0,17.25298344917622,0.0,0.0,0.0,14.230901952370921,0.0,0.0,651.8443607572556,621.8747896654361,653.9407018982345,660.0415115629012,738.938629275824,1069.0443181678446,689.622962457411,754.1236902555226,721.9169409637145,0.0,81.78524648739891,81.78524648739891,59.99999999999998,0.0,59.99999999999998,59.99999999999998,12.0,12.0,12.0,19.0,12.0,12.0,21.0,10.0,0.0,0.0,0.0,0.0,0.0,0.0,0.0,0.0,0.0,0.0,0.0,0.0,0.0,81.78524648739891,81.78524648739891,0.0,0.0,0.0,81.78524648739891,0.0,0.0,0.0010133333333333334 
 02/17  23:30:00,7.425,90.5,5.73,0.0,0.0,0.0,0.0,0.0,2.0,0.0,0.0,0.0,0.0,0.0,0.0,198.0,0.0,0.0,0.0,0.0,0.0,0.0,0.0,0.0,0.0,0.0,0.0,18.912239411037296,-45.881020762109759,18.96233660763059,-221.28809267123109,19.06421075977382,-150.97793827155733,18.769098601602058,-13.064052014237732,14.559632793666827,27.213781351204405,18.031099869336125,-22.316666298684085,16.93718549371383,101.7413067460941,15.295201054787047,-84.20616864708279,16.986608489722074,-40.462825701615177,203.50450696193787,374.4563490610328,0.0,0.0,0.0,0.0,0.0,0.0,0.0,0.0,0.0,0.0,0.0,0.0,0.0,0.0,0.0,0.0,0.0,0.0,0.0,0.0,0.0,0.0,1.1326440600619772,0.3457399450738636,96.69282588020886,114.01822771269507,2208.8055031679225,0.21202307330570437,0.03236005392333706,57.284776641765777,67.60729158276765,1302.9130516087244,1.0982248800174699,0.20752548753164594,30.27353741542282,35.64891203604485,707.752669601629,0.2142739938336251,0.0404901726820909,4.679297414471209,5.5202769215664129,110.6778158327414,0.0,0.0,9.575500722285327,11.45379181934668,140.02055224304116,0.0,0.0,9.65593038033439,11.404158981659477,210.0776518478001,0.0,0.0,95.20546030470085,112.82797888064744,1879.5595491706677,0.0,0.0,40.92495462611276,48.85819803552531,641.1857670187658,0.0,0.0,22.19564524251585,26.293579098792067,428.8006699733407,34.978616666133067,23.99082075866466,41.314562145778378,49.12368525851038,1370.5165542561038,0.0,0.0,57.69833317630658,69.13426177533082,784.2400555313525,0.0,18.753200279676116,46.62265633338805,22.0,30.0,0.0,18.784604916991559,45.89144285376841,12.0,30.0,0.0,18.770426643339449,46.26261314014473,22.0,30.0,0.0,18.770680177844708,47.23258816176839,12.0,30.0,0.0,14.637603066586057,62.31863984828742,12.0,30.0,0.0,18.30338342220294,49.690764340995858,12.0,30.0,0.0,17.260925690675067,51.939637822128208,10.0,30.0,0.0,15.169000085692183,60.32682475632008,12.0,30.0,0.0,17.056600586335084,53.2944438961279,20.0,30.0,0.0,16.365895433923258,0.0,0.0,0.0,14.09984808560332,0.0,0.0,634.2878536865758,594.0853383178239,616.1500317901623,673.0221029596797,725.7841275053905,1068.5533754830925,678.5851081364762,740.0588181088523,719.2131742161583,0.0,81.78524648739894,81.78524648739894,60.0,0.0,60.0,60.0,12.0,12.0,12.0,19.0,12.0,12.0,21.0,10.0,0.0,0.0,0.0,0.0,0.0,0.0,0.0,0.0,0.0,0.0,0.0,0.0,0.0,81.78524648739894,81.78524648739894,0.0,0.0,0.0,81.78524648739894,0.0,0.0,0.0010066666666666668 
 02/17  23:40:00,7.413333333333332,90.66666666666667,5.636666666666667,0.0,0.0,0.0,0.0,0.0,2.0,0.0,0.0,0.0,0.0,0.0,0.0,297.0,0.0,0.0,0.0,0.0,0.0,0.0,0.0,0.0,0.0,0.0,0.0,18.735481616940647,-172.44312572760627,18.83956312811029,-158.84943777470995,18.891482699610586,-282.40610147138957,18.62847667332086,-189.8264122238484,14.553281470536604,25.44881942716418,17.95625374347439,-20.434995415705779,16.888663625064785,65.84319851493714,15.230629234933393,-80.69797777825566,16.871843551372515,-110.96434069443086,481.8816784911027,455.7374897080716,0.0,0.0,0.0,0.0,0.0,0.0,0.0,0.0,0.0,0.0,0.0,0.0,0.0,0.0,0.0,0.0,0.0,0.0,0.0,0.0,0.0,0.0,1.1207748695200324,0.34211687103786106,157.0009910880152,185.3485096273099,3499.733753084516,0.20813462876890516,0.031766579482433648,46.15019269725655,54.489720235253,1034.4895849613184,1.079582362619622,0.20400271402487203,192.27450628994164,226.94774200785543,4272.959318586558,0.20765636886836115,0.039239676656908768,118.5644725224972,139.966940233984,2636.238512594129,0.0,0.0,9.227292364921409,11.047666191385119,134.8984774203689,0.0,0.0,9.516129545148667,11.252119563668292,205.6399405971427,0.0,0.0,115.38681891531121,136.93354242902346,2261.951020247932,0.0,0.0,41.41680448314849,49.5080102782665,642.9600362147961,0.0,0.0,43.90700072533848,52.14359378278162,836.3697977977481,34.733621813697379,23.822785880450895,213.5873918614907,253.11902754795245,4942.476751402466,0.0,0.0,72.25530234721615,86.6422564505021,989.5143655777235,0.0,18.50977403217353,46.78369899087184,22.000000000000008,30.00000000000001,0.0,18.656852825606796,45.9235931982153,12.000000000000006,30.00000000000001,0.0,18.548482360502648,46.815160848755279,22.000000000000008,30.00000000000001,0.0,18.551758287045545,46.863649521163328,12.000000000000006,30.00000000000001,0.0,14.624955867954569,62.09592018874055,12.000000000000006,30.00000000000001,0.0,18.216796186568009,49.71937695799502,12.000000000000006,30.00000000000001,0.0,17.177863038494264,51.94880989760286,10.000000000000004,30.00000000000001,0.0,15.084794100363754,60.16009238186239,12.000000000000006,30.00000000000001,0.0,16.89575208279973,53.536210570426877,20.000000000000008,30.00000000000001,0.0,17.20477822012497,0.0,0.0,0.0,14.140673738818709,0.0,0.0,601.0612813924709,573.9042691519944,609.9522987141199,612.76498810322,713.4112542394496,1068.3663959164606,666.3736951669819,717.1345522362033,705.7233276658307,0.0,81.78524648739897,81.78524648739897,60.00000000000002,0.0,60.00000000000002,60.00000000000002,12.0,12.0,12.0,19.0,12.0,12.0,21.0,10.0,0.0,0.0,0.0,0.0,0.0,0.0,0.0,0.0,0.0,0.0,0.0,0.0,0.0,81.78524648739897,81.78524648739897,0.0,0.0,0.0,81.78524648739897,0.0,0.0,0.001 
 02/17  23:50:00,7.401666666666666,90.83333333333334,5.543333333333333,0.0,0.0,0.0,0.0,0.0,2.0,0.0,0.0,0.0,0.0,0.0,0.0,99.0,0.0,0.0,0.0,0.0,0.0,0.0,0.0,0.0,0.0,0.0,0.0,18.656571904171739,-17.946386822914066,18.64450867639493,-267.8217178578343,18.70756900173732,-272.613987025552,18.542433149167633,-9.90714208573445,14.54370386871415,23.10553466060628,17.87638280367551,-15.422216186636775,16.791098029965917,48.46511220043067,15.17625953243629,-69.92714577644938,16.698276064919609,-148.81445309151037,497.80361568915125,505.53139411059467,0.0,0.0,0.0,0.0,0.0,0.0,0.0,0.0,0.0,0.0,0.0,0.0,0.0,0.0,0.0,0.0,0.0,0.0,0.0,0.0,0.0,0.0,1.092724915834151,0.3335546141129887,215.0185213225717,253.24206252348865,4780.842114858522,0.19412611483843077,0.029628527905743403,133.85517932181336,157.73840403725613,2935.47768331694,1.0498588347343252,0.19838602319242736,133.2847562262814,157.09434283179747,2926.8514099690717,0.2072808361224265,0.03916871430884854,66.12806411431595,77.87802529179894,1466.6512103059718,0.0,0.0,8.669037517518547,10.344390519451809,126.70446190053252,0.0,0.0,9.63229107739685,11.354773079651683,206.6180123526679,0.0,0.0,121.9689656919737,144.35649036909906,2355.8551736806796,0.0,0.0,40.484894340141178,48.24171818403019,624.5487999495715,0.0,0.0,54.303227488797279,64.34900440641629,1008.3901879539274,34.40049078269368,23.594300948349586,223.36653015884583,264.18204650253679,5103.32810961202,0.0,0.0,82.78602819303143,98.94533249609519,1140.2032809144337,0.0,18.485168219606295,46.77464821679753,22.0,30.0,0.0,18.368975269257417,46.37286993943661,12.0,30.0,0.0,18.3113160709023,46.62835722787308,22.0,30.0,0.0,18.478502795047697,47.22925724668849,12.0,30.0,0.0,14.607315967233104,61.76870153738923,12.0,30.0,0.0,18.116206990177117,49.62654296376938,12.0,30.0,0.0,17.011070662196738,52.19238915810508,10.0,30.0,0.0,15.019281762937016,59.92261026938578,12.0,30.0,0.0,16.62690615043871,54.034576160699767,20.0,30.0,0.0,17.289731240642216,0.0,0.0,0.0,14.166956011575487,0.0,0.0,596.2900129141716,551.053462386044,557.0435983632633,623.1211069999172,695.8039166221898,1058.4770869956493,650.9401552967187,693.6236869617547,687.2109189067272,0.0,81.78524648739894,81.78524648739894,60.0,0.0,60.0,60.0,12.0,12.0,12.0,19.0,12.0,12.0,21.0,10.0,0.0,0.0,0.0,0.0,0.0,0.0,0.0,0.0,0.0,0.0,0.0,0.0,0.0,81.78524648739894,81.78524648739894,0.0,0.0,0.0,81.78524648739894,0.0,0.0,0.0009866666666666668 
 02/17  24:00:00,7.39,91.0,5.45,0.0,0.0,0.0,0.0,0.0,2.0,0.0,0.0,0.0,0.0,0.0,0.0,297.0,0.0,0.0,0.0,0.0,0.0,0.0,0.0,0.0,0.0,0.0,0.0,18.482061859579586,-135.4314159103696,18.580538964905349,-132.69004537602144,18.66178311713599,-134.77076713953523,18.43164553305634,-164.855858863881,14.538979234505618,22.987264615802397,17.822337059244484,-22.032504833086024,16.73539249059091,28.996892542655613,15.145577805126625,-63.465796732530908,16.575176864012133,-215.92047723613605,465.31799016880179,559.357599910566,0.0,0.0,0.0,0.0,0.0,0.0,0.0,0.0,0.0,0.0,0.0,0.0,0.0,0.0,0.0,0.0,0.0,0.0,0.0,0.0,0.0,0.0,1.0949250388421473,0.33422620233276809,182.9022728411966,216.51897729722229,3976.4286435726,0.20270557945912288,0.03093797000291866,95.96053987955725,113.47884336209619,2104.6496237808926,1.039106445180095,0.196354203548771,166.40771692368515,196.8951940828955,3661.0479577482985,0.1961446930120135,0.03706437887604188,103.81795066129945,122.81957228335966,2267.2919795219797,0.0,0.0,8.751585093925313,10.480270487224808,127.93937090675184,0.0,0.0,9.872164176210826,11.680593396251347,210.87797837943467,0.0,0.0,138.08754248382145,164.03176612258225,2647.731725180342,0.0,0.0,38.65592740434521,46.22792129469991,595.3375097596019,0.0,0.0,70.51686845902717,83.8877615945735,1287.5292874380198,34.11318255416343,23.39724455018071,230.99517728508935,274.3775237392546,5231.098522239027,0.0,0.0,98.33925138994427,117.91452129552624,1362.675703136649,0.0,18.222188285058093,47.29781362900799,22.000000000000019,30.00000000000002,0.0,18.35746945427068,46.583945124519278,12.00000000000001,30.00000000000002,0.0,18.34376087738802,46.96912400605511,22.000000000000019,30.00000000000002,0.0,18.31068843022907,47.135228266031287,12.00000000000001,30.00000000000002,0.0,14.600805791532416,61.57622924992137,12.00000000000001,30.00000000000002,0.0,18.06316335795588,49.61461730647963,12.00000000000001,30.00000000000002,0.0,16.93202313948849,52.28311577198766,10.000000000000007,30.00000000000002,0.0,14.9981843821669,59.72364773458497,12.00000000000001,30.00000000000002,0.0,16.46323240756082,54.328577079497289,20.000000000000015,30.00000000000002,0.0,17.175278076526359,0.0,0.0,0.0,14.200230435553696,0.0,0.0,581.7525328550684,562.1556744945125,583.5900354612319,587.134517104231,686.1495251167585,1051.8478600756176,643.5937186727391,680.5594346669869,674.6436177253122,0.0,81.78524648739901,81.78524648739901,60.00000000000004,0.0,60.00000000000004,60.00000000000004,12.0,12.0,12.0,19.0,12.0,12.0,21.0,10.0,0.0,0.0,0.0,0.0,0.0,0.0,0.0,0.0,0.0,0.0,0.0,0.0,0.0,81.78524648739901,81.78524648739901,0.0,0.0,0.0,81.78524648739901,0.0,0.0,0.0009733333333333334 
 02/18  00:10:00,7.335,91.33333333333334,5.361666666666667,0.0,0.0,0.0,0.0,0.0,2.0,2.0,0.0,0.0,0.0,0.0,0.0,198.0,0.0,0.0,0.0,0.0,0.0,0.0,0.0,0.0,0.0,0.0,0.0,18.397072856930863,-131.9617852767617,18.498623100969149,-103.84537440335032,18.591054086048609,-150.88222333501245,18.3488518931184,-88.10629556531967,14.530517907420542,21.007929449159947,17.756647989561207,-21.6989763641796,16.697621827066685,68.87492096066922,15.107941039812964,-69.19125595415676,16.549873060260269,-82.18321007236227,365.90448268538878,396.5159368087901,0.0,0.0,0.0,0.0,0.0,0.0,0.0,0.0,0.0,0.0,0.0,0.0,0.0,0.0,0.0,0.0,0.0,0.0,0.0,0.0,0.0,0.0,1.0889284794186738,0.33239575073830099,143.60093476217038,169.8242912828482,3134.3455049193155,0.20443004125048357,0.0312011662470213,68.08372785914735,80.51121513712008,1491.5362450844307,1.0382156942329524,0.19618588326397444,90.17494424916109,106.59096819476672,1995.4708688927004,0.20141529336781156,0.03806033510351691,48.27001890708428,57.007384276706677,1053.557667693828,0.0,0.0,8.607054777585445,10.297719849606374,126.57183127133908,0.0,0.0,9.628443474802209,11.385469592693302,205.3645304916692,0.0,0.0,86.91556104371226,103.17843299778825,1670.3298389213119,0.0,0.0,38.63764634339946,46.17108398929239,596.6257357763307,0.0,0.0,19.4349099240037,23.103310838862869,357.66220299133996,33.937981599856687,23.27707928659581,126.75737339260621,150.61030037395904,3050.7746104547816,0.0,0.0,64.6975443283867,77.59052025607817,870.4882815756921,0.0,18.156710589034235,47.307190893037617,22.0,30.0,0.0,18.28390843797165,46.71241500096302,12.0,30.0,0.0,18.299719198447698,46.85771245437837,22.0,30.0,0.0,18.23183500668526,47.196661687233049,12.0,30.0,0.0,14.587627310591511,61.293623499177218,12.0,30.0,0.0,17.988438230690833,49.55852800411844,12.0,30.0,0.0,16.89597165438824,51.876245401641117,10.0,30.0,0.0,14.96163489173266,59.55690495329037,12.0,30.0,0.0,16.476740635067338,54.12594460081193,20.0,30.0,0.0,16.79137403226965,0.0,0.0,0.0,13.940713508881626,0.0,0.0,570.6953838234058,556.6052404207165,569.6084673021649,578.752531574072,671.5461578966535,1043.1004224191989,614.0410753574843,667.5387375885482,732.1785780891078,0.0,81.78524648739894,81.78524648739894,60.0,0.0,60.0,60.0,12.0,12.0,12.0,19.0,12.0,12.0,21.0,10.0,0.0,0.0,0.0,0.0,0.0,0.0,0.0,0.0,0.0,0.0,0.0,0.0,0.0,81.78524648739894,81.78524648739894,0.0,0.0,0.0,81.78524648739894,0.0,0.0,0.00096 
 02/18  00:20:00,7.279999999999999,91.66666666666667,5.273333333333333,0.0,0.0,0.0,0.0,0.0,2.0,2.0,0.0,0.0,0.0,0.0,0.0,297.0,0.0,0.0,0.0,0.0,0.0,0.0,0.0,0.0,0.0,0.0,0.0,18.32707200112687,-15.383463592003859,18.413939066892774,-205.7920643386447,18.479723315383099,-303.7977946643405,18.285073775980409,-46.88126170899748,14.521846777111096,19.164076728545518,17.700055568085639,-19.135506824119199,16.672965929665116,51.82118958862958,15.05774988955745,-81.49673845621462,16.574369177945095,-76.91308060418567,384.7632695707448,392.26182834584486,0.0,0.0,0.0,0.0,0.0,0.0,0.0,0.0,0.0,0.0,0.0,0.0,0.0,0.0,0.0,0.0,0.0,0.0,0.0,0.0,0.0,0.0,1.076538015595424,0.328613557874061,156.20425061436897,184.88087014807537,3405.886549242682,0.2009282604698121,0.030666706420911489,73.99245087892146,87.58552103948083,1617.229067116455,1.0230594137902558,0.19332188469203627,116.56081824335199,137.88300507641723,2551.7519948433757,0.2006998054994969,0.037925133314341798,64.9589668140377,76.8192993667734,1417.7500362122092,0.0,0.0,8.499115082561254,10.178125621729441,125.69972462599759,0.0,0.0,9.48797557821594,11.231429782028816,202.3129518729145,0.0,0.0,83.83908480028211,99.62223119474146,1616.5413529773353,0.0,0.0,39.22178647964233,46.91826934036557,605.1859411485955,0.0,0.0,16.94244432424137,20.15449265887727,316.1561003604722,33.76813693281834,23.16058774541724,146.6552020955465,174.33212443373297,3454.905202287452,0.0,0.0,62.29041120129435,74.79861642805966,831.4743487760891,0.0,18.124090796157014,47.26202110758854,21.999999999999994,29.99999999999999,0.0,18.192557576589129,46.85407495120148,11.999999999999995,29.99999999999999,0.0,18.16771334718784,46.97485685914546,21.999999999999994,29.99999999999999,0.0,18.17456572087258,47.210551946401547,11.999999999999995,29.99999999999999,0.0,14.575095090158355,61.00669389156017,11.999999999999995,29.99999999999999,0.0,17.930047058233315,49.49133970504742,11.999999999999995,29.99999999999999,0.0,16.873494488573216,51.67340547762636,9.999999999999997,29.99999999999999,0.0,14.900565948665762,59.442547031790059,11.999999999999995,29.99999999999999,0.0,16.554922912276113,53.74105346999281,19.999999999999994,29.99999999999999,0.0,16.811759337371968,0.0,0.0,0.0,13.831684347255067,0.0,0.0,563.2877428287466,548.96557551668,553.8148195485021,574.1860273560142,657.0654361876287,1039.5134057105877,603.7929648629112,654.0099200558543,782.0211186190504,0.0,81.78524648739891,81.78524648739891,59.99999999999998,0.0,59.99999999999998,59.99999999999998,12.0,12.0,12.0,19.0,12.0,12.0,21.0,10.0,0.0,0.0,0.0,0.0,0.0,0.0,0.0,0.0,0.0,0.0,0.0,0.0,0.0,81.78524648739891,81.78524648739891,0.0,0.0,0.0,81.78524648739891,0.0,0.0,0.0009400000000000001 
 02/18  00:30:00,7.225,92.0,5.1850000000000009,0.0,0.0,0.0,0.0,0.0,2.0,2.0,0.0,0.0,0.0,0.0,0.0,198.0,0.0,0.0,0.0,0.0,0.0,0.0,0.0,0.0,0.0,0.0,0.0,18.224370591679724,-149.42159969850969,18.3397160199832,-92.96754055520398,18.4111100981698,-76.91292273841407,18.203048579131289,-171.766198670056,14.512471767206458,19.294186500930594,17.641999609293515,-19.392544118292734,16.6423914804395,56.646132884470038,15.001708137184007,-84.2124829431715,16.594538138969136,-68.9979198650415,287.89233429885669,390.27158534356217,0.0,0.0,0.0,0.0,0.0,0.0,0.0,0.0,0.0,0.0,0.0,0.0,0.0,0.0,0.0,0.0,0.0,0.0,0.0,0.0,0.0,0.0,1.0821037700901908,0.33031250613253695,106.13208679551338,125.54836225334404,2308.487444011693,0.20355575513263403,0.03106772819484646,51.03122827799017,60.37451590349524,1115.783806048289,1.0396626994530763,0.19645931584525259,73.34589182303646,86.59153951400147,1625.0071015653867,0.1974138797710866,0.037304210085239337,50.512468178924248,59.6166493087175,1088.3961841143876,0.0,0.0,8.65974365877886,10.362301913239439,128.83001520965184,0.0,0.0,9.351691908643869,11.063265048081174,199.30818272030346,0.0,0.0,83.18501221255807,98.77352422145464,1607.7535931045669,0.0,0.0,40.05567037481236,47.88828427682148,616.99704293322,0.0,0.0,14.887265179588966,17.690907140501598,281.29696529758248,33.58799173630379,23.037031369207,92.22084460841737,109.52703585760138,2349.4840564760727,0.0,0.0,60.672954580553668,72.81993284655639,805.4741652917015,0.0,17.991048154526337,47.35297780846419,22.0,30.0,0.0,18.136459396179079,46.962960895674047,12.0,30.0,0.0,18.140935641613507,47.13430506010339,22.0,30.0,0.0,18.067007739321708,47.22409732210407,12.0,30.0,0.0,14.562171092599613,60.6789657362093,12.0,30.0,0.0,17.866405857808638,49.41898381218983,12.0,30.0,0.0,16.839417478970018,51.60128272699856,10.0,30.0,0.0,14.829906346137932,59.33554960486807,12.0,30.0,0.0,16.617515201833819,53.340852811140639,20.0,30.0,0.0,16.466184150803163,0.0,0.0,0.0,13.738087587163403,0.0,0.0,545.425213254963,546.6357003621399,565.6180324208447,561.6507811731095,641.6997521900914,1038.417626718418,595.7581279577178,639.2867610197476,820.790089494473,0.0,81.78524648739894,81.78524648739894,60.0,0.0,60.0,60.0,12.0,12.0,12.0,19.0,12.0,12.0,21.0,10.0,0.0,0.0,0.0,0.0,0.0,0.0,0.0,0.0,0.0,0.0,0.0,0.0,0.0,81.78524648739894,81.78524648739894,0.0,0.0,0.0,81.78524648739894,0.0,0.0,0.00092 
 02/18  00:40:00,7.17,92.33333333333334,5.096666666666667,0.0,0.0,0.0,0.0,0.0,2.0,2.0,0.0,0.0,0.0,0.0,0.0,297.0,0.0,0.0,0.0,0.0,0.0,0.0,0.0,0.0,0.0,0.0,0.0,18.155810602324949,-11.94159641749413,18.24473044740184,-234.40052133310079,18.30453008719111,-259.8735336427404,18.130199930034594,-1.9446292581695195,14.503315204242377,17.55751392199921,17.5913220332922,-17.062323061963818,16.598992779772958,37.86667825890786,14.9498720849743,-89.96784425409627,16.607327996954994,-46.57006436840553,304.08629821767189,370.58005627289716,0.0,0.0,0.0,0.0,0.0,0.0,0.0,0.0,0.0,0.0,0.0,0.0,0.0,0.0,0.0,0.0,0.0,0.0,0.0,0.0,0.0,0.0,1.0664711321403862,0.32554063862649165,146.03441461483284,172.97665301626086,3169.503750448588,0.1976541027501253,0.030166987599225486,81.17071053467127,96.14319842936615,1764.3010254399347,1.020404292373013,0.19282016106821876,78.20850172674992,92.69401439144773,1712.5725843007995,0.1996182474774393,0.03772075727086911,26.799985150496654,31.815157018260718,583.5034249356191,0.0,0.0,8.482830629591172,10.159749234281684,126.92164618799703,0.0,0.0,9.268046405249324,10.975507837995428,197.6159803899428,0.0,0.0,78.32633963423842,93.10388714958583,1513.472520125057,0.0,0.0,40.67370173218532,48.679445931005989,625.9986722636072,0.0,0.0,11.019510010054504,13.106567561813585,210.32710935581927,33.37486466745446,22.890853681381679,115.39103971136623,137.3972982416428,2823.0456816773969,0.0,0.0,56.525582344991,67.92891127213614,744.4388129338164,0.0,17.95549142816035,47.43596352295882,22.000000000000008,30.00000000000001,0.0,18.016908662671108,47.01914741021102,12.000000000000006,30.00000000000001,0.0,18.00300917542001,47.08263167523094,22.000000000000008,30.00000000000001,0.0,18.008154176967108,47.37479653581076,12.000000000000006,30.00000000000001,0.0,14.550218133530106,60.424065677258749,12.000000000000006,30.00000000000001,0.0,17.81615311803016,49.34385789226944,12.000000000000006,30.00000000000001,0.0,16.781417857905369,51.503483006930327,10.000000000000004,30.00000000000001,0.0,14.768117089213348,59.25819559916312,12.000000000000006,30.00000000000001,0.0,16.662490875256187,53.02971073687903,20.000000000000008,30.00000000000001,0.0,16.4851039011193,0.0,0.0,0.0,13.629015459287324,0.0,0.0,546.5932146694222,529.9829146733832,534.6911510196928,567.3015390511519,629.6919931124044,1036.1660667031152,579.1818894014384,628.0019286216036,852.4783180635072,0.0,81.78524648739897,81.78524648739897,60.00000000000002,0.0,60.00000000000002,60.00000000000002,12.0,12.0,12.0,19.0,12.0,12.0,21.0,10.0,0.0,0.0,0.0,0.0,0.0,0.0,0.0,0.0,0.0,0.0,0.0,0.0,0.0,81.78524648739897,81.78524648739897,0.0,0.0,0.0,81.78524648739897,0.0,0.0,0.0009000000000000001 
 02/18  00:50:00,7.114999999999999,92.66666666666666,5.008333333333334,0.0,0.0,0.0,0.0,0.0,2.0,2.0,0.0,0.0,0.0,0.0,0.0,99.0,0.0,0.0,0.0,0.0,0.0,0.0,0.0,0.0,0.0,0.0,0.0,18.00836325130328,-144.99064020982542,18.22041353164765,-17.680000008318645,18.306847892458479,-53.76118292995261,17.985577950605657,-218.97633226976996,14.491903898257864,17.810827360036457,17.531722188725817,-17.881279430974588,16.55511313738646,46.94477597394416,14.887052637038478,-89.76834504900717,16.632897886175927,-30.99182246893622,264.17548215793297,360.36997028988187,0.0,0.0,0.0,0.0,0.0,0.0,0.0,0.0,0.0,0.0,0.0,0.0,0.0,0.0,0.0,0.0,0.0,0.0,0.0,0.0,0.0,0.0,1.0825629811589808,0.33045268045145939,53.92171931009352,63.6823640014597,1167.7240470393529,0.20353471233254945,0.031064516534271896,4.5499421845491059,5.367283701848135,103.98430497621878,1.0226551311309562,0.19324548963170003,79.93463859168287,94.27204452652529,1777.4747446362497,0.19542645904768767,0.03692865817227657,75.09562750030841,88.68068591194454,1603.7892264636112,0.0,0.0,8.656037780565877,10.333661296945677,130.27069288754152,0.0,0.0,9.187071123456273,10.845857258170327,195.75551809260419,0.0,0.0,77.54037399255485,91.88224023701634,1498.8636153329722,0.0,0.0,41.12032077319062,49.065876457129899,631.0540128484003,0.0,0.0,10.28757337047105,12.18757785084129,198.94923768015227,33.21015951858974,22.777887186961423,77.63539874972293,92.1504750118874,2043.5052464759518,0.0,0.0,53.83206907115764,64.49882245353627,703.2252949399203,0.0,17.72525892418827,47.75757459690501,22.0,30.0,0.0,18.060668884949967,46.828293643697737,12.0,30.0,0.0,18.10227837120722,47.128941900902677,22.0,30.0,0.0,17.76241702874837,47.484829814413739,12.0,30.0,0.0,14.534635193206578,60.06169782189596,12.0,30.0,0.0,17.74633695339752,49.22671425537279,12.0,30.0,0.0,16.723955119858414,51.47045062435473,10.0,30.0,0.0,14.685417440710016,59.268294376208547,12.0,30.0,0.0,16.728113514535658,52.564963014553438,20.0,30.0,0.0,16.292876833758993,0.0,0.0,0.0,13.516461243387364,0.0,0.0,524.5453112773016,527.4897974676811,575.0032032155554,522.500269208237,611.4398018620474,1029.1722789649194,565.9927383646964,616.6419501580278,892.0644154238034,0.0,81.78524648739894,81.78524648739894,60.0,0.0,60.0,60.0,12.0,12.0,12.0,19.0,12.0,12.0,21.0,10.0,0.0,0.0,0.0,0.0,0.0,0.0,0.0,0.0,0.0,0.0,0.0,0.0,0.0,81.78524648739894,81.78524648739894,0.0,0.0,0.0,81.78524648739894,0.0,0.0,0.0009133333333333333 
 02/18  01:00:00,7.06,93.0,4.92,0.0,0.0,0.0,0.0,0.0,2.0,2.0,0.0,0.0,0.0,0.0,0.0,297.0,0.0,0.0,0.0,0.0,0.0,0.0,0.0,0.0,0.0,0.0,0.0,17.997730671107339,-39.01140856242701,18.095178592106138,-263.71418938211596,18.098377899946408,-319.0752871043878,17.966087064250396,-32.151546405481948,14.482699953596243,15.564622064378181,17.490420698629185,-15.857354235276216,16.508045377795058,24.781067225150179,14.841567712041805,-98.86918672969962,16.63426083293279,-34.97652490275892,412.6855478484995,364.79116304572769,0.0,0.0,0.0,0.0,0.0,0.0,0.0,0.0,0.0,0.0,0.0,0.0,0.0,0.0,0.0,0.0,0.0,0.0,0.0,0.0,0.0,0.0,1.0493554776578558,0.3203160798711407,203.109777730686,240.76101830746218,4387.470264126956,0.18911908488090596,0.02886432919427749,101.53302558261083,120.31019621819584,2196.2655987425875,1.0155818332914036,0.19190888762120268,197.08689390809406,233.87264606580653,4222.311238162581,0.20356881521991078,0.0384672742290081,105.13176767036956,124.74708076514264,2265.3431129329167,0.0,0.0,8.430947052997006,10.09861872754638,127.57558520413744,0.0,0.0,9.127282805842516,10.812855253919756,194.78429069159723,0.0,0.0,74.94903613914565,89.1218909130802,1447.0891293944572,0.0,0.0,41.62143807696716,49.83692913162241,639.0740423364954,0.0,0.0,12.92252324402114,15.358165369169378,251.56989340377459,33.01667720327297,22.64518326699109,256.8116697563686,305.5532682564493,5711.169249713343,0.0,0.0,54.201996895941807,65.17505657980033,704.7417743123825,0.0,17.79551318150724,47.576976447584517,22.000000000000019,30.00000000000002,0.0,17.86619138744112,47.02296173381694,12.00000000000001,30.00000000000002,0.0,17.750707750900877,47.69719358942674,22.000000000000019,30.00000000000002,0.0,17.815283591531743,47.6255741966448,12.00000000000001,30.00000000000002,0.0,14.523908196361488,59.909425013423739,12.00000000000001,30.00000000000002,0.0,17.712304584440763,49.15083309751249,12.00000000000001,30.00000000000002,0.0,16.660688021257628,51.47351981152976,10.000000000000007,30.00000000000002,0.0,14.63715187970276,59.21855186234464,12.00000000000001,30.00000000000002,0.0,16.74252219670337,52.33774821706156,20.000000000000015,30.00000000000002,0.0,16.752644237887368,0.0,0.0,0.0,13.432793916506757,0.0,0.0,531.7852757570304,505.36192329161386,534.8340421959294,549.6089847626884,603.8029387130654,1021.2218198177239,558.0465260499213,611.2177686265076,890.3434233835451,0.0,81.78524648739901,81.78524648739901,60.00000000000004,0.0,60.00000000000004,60.00000000000004,12.0,12.0,12.0,19.0,12.0,12.0,21.0,10.0,0.0,0.0,0.0,0.0,0.0,0.0,0.0,0.0,0.0,0.0,0.0,0.0,0.0,81.78524648739901,81.78524648739901,0.0,0.0,0.0,81.78524648739901,0.0,0.0,0.0009266666666666668 
 02/18  01:10:00,7.063333333333333,93.16666666666667,4.886666666666667,0.0,0.0,0.0,0.0,0.0,2.0,2.0,0.0,0.0,0.0,0.0,0.0,198.0,0.0,0.0,0.0,0.0,0.0,0.0,0.0,0.0,0.0,0.0,0.0,17.956344204835874,-39.99458724636452,18.027852781096237,-87.7592966872621,18.04468936116163,-261.7460100811031,17.92568850924606,-64.84599081264787,14.471305285300492,15.733169841776246,17.441765160355325,-17.58788398642696,16.462259994415537,33.12309302683184,14.785546099471084,-99.4491268861866,16.633789510450556,-37.54403467145579,339.3086389112066,370.65889494023647,0.0,0.0,0.0,0.0,0.0,0.0,0.0,0.0,0.0,0.0,0.0,0.0,0.0,0.0,0.0,0.0,0.0,0.0,0.0,0.0,0.0,0.0,1.0514503810297594,0.32095554976488385,96.65599976503286,114.40494037923617,2093.5980576708568,0.19676552551465158,0.030031368363042059,39.85119449838013,47.27293386648316,859.2345385509,1.0043769390185169,0.18979156066109549,153.25342734408509,181.34445776412054,3284.5929761605145,0.1990452342035146,0.03761247811857796,88.08526203242593,104.21030281464792,1892.8880851907609,0.0,0.0,8.604598413627965,10.299094559450574,129.9203190105843,0.0,0.0,9.062495570134898,10.729541323961186,192.4237635822504,0.0,0.0,75.71629984966769,89.9823865149528,1453.0993219717628,0.0,0.0,41.85982701634239,50.09473129881504,636.786468130271,0.0,0.0,14.034596551920045,16.6665243283076,273.4357644834457,32.90640468682008,22.569550539657127,133.79837496590739,159.04019528260867,3153.0243801373919,0.0,0.0,54.37746559524369,65.35313537428788,697.6487031505189,0.0,17.778353394244215,47.555265724086257,22.0,30.0,0.0,17.820567468227965,47.09364373749868,12.0,30.0,0.0,17.738770951247579,47.64359127802024,22.0,30.0,0.0,17.778777027705496,47.52212244182464,12.0,30.0,0.0,14.509739977666886,59.68731294453366,12.0,30.0,0.0,17.658469571056977,49.051800591146548,12.0,30.0,0.0,16.603045864055223,51.48185760972899,10.0,30.0,0.0,14.567381953591177,59.29106996863112,12.0,30.0,0.0,16.75300106652675,52.017402855163258,20.0,30.0,0.0,16.482397486307737,0.0,0.0,0.0,13.348568883189085,0.0,0.0,529.1507441458925,502.62409121748859,530.112178401467,535.338237993712,594.4136114209073,1009.1965630473808,550.1950370765466,613.7257455905728,878.8322321078424,0.0,81.78524648739894,81.78524648739894,60.0,0.0,60.0,60.0,12.0,12.0,12.0,19.0,12.0,12.0,21.0,10.0,0.0,0.0,0.0,0.0,0.0,0.0,0.0,0.0,0.0,0.0,0.0,0.0,0.0,81.78524648739894,81.78524648739894,0.0,0.0,0.0,81.78524648739894,0.0,0.0,0.00094 
 02/18  01:20:00,7.066666666666666,93.33333333333334,4.8533333333333339,0.0,0.0,0.0,0.0,0.0,2.0,2.0,0.0,0.0,0.0,0.0,0.0,198.0,0.0,0.0,0.0,0.0,0.0,0.0,0.0,0.0,0.0,0.0,0.0,17.86131022091083,-124.62906755325594,17.965267313771166,-159.42170070290434,17.891215355783126,-170.03744838349486,17.87645331209359,-154.7581521129614,14.459578151762644,14.334716410400802,17.396408114202037,-18.319806295689973,16.408614644518907,21.704817471654225,14.730781249982478,-105.2946901905276,16.625767197475484,-41.63045824710875,443.9015274725698,374.41146986666038,0.0,0.0,0.0,0.0,0.0,0.0,0.0,0.0,0.0,0.0,0.0,0.0,0.0,0.0,0.0,0.0,0.0,0.0,0.0,0.0,0.0,0.0,1.0173447848065962,0.3105448061070196,216.58333595018045,256.5260665977953,4611.129480292126,0.1864391614150624,0.028455305466279364,79.8733679375705,94.64600628835776,1710.7414919571855,1.0089162059760935,0.19064932085716058,315.9795248376622,374.2390076333181,6644.6924873697739,0.1931912319390954,0.03650627965591371,183.47017466587313,217.17334281313419,3912.793737202171,0.0,0.0,8.548397317717724,10.231978934783705,128.77032018692288,0.0,0.0,9.21314032122083,10.909816468990894,194.69912086767105,0.0,0.0,74.38709740105944,88.4219715650579,1416.1417191096608,0.0,0.0,42.385196885356069,50.73676828495546,638.843162938918,0.0,0.0,15.686368962624897,18.629113430542327,305.40038646393909,32.75475311966231,22.46553711910996,350.81094475366538,416.6445245944657,7501.850768296655,0.0,0.0,54.76242484291802,65.83519824204335,693.4455658098918,0.0,17.64933381315379,47.71043650710415,22.0,30.0,0.0,17.75425985778441,47.262637775366417,12.0,30.0,0.0,17.527676193463458,48.16157956232706,22.0,30.0,0.0,17.725699387229779,47.584716702075599,12.0,30.0,0.0,14.495306780088406,59.49614338344416,12.0,30.0,0.0,17.610101580136829,48.958705776606809,12.0,30.0,0.0,16.52709563831614,51.523644725608708,10.0,30.0,0.0,14.499784123503007,59.27269934613933,12.0,30.0,0.0,16.749491118573994,51.74945005860025,20.0,30.0,0.0,16.824354396200719,0.0,0.0,0.0,13.26794990342934,0.0,0.0,516.7233624606697,503.7319895222803,523.8452598036604,527.7884002866438,589.4586934423745,995.0349741977673,548.708888096206,620.1499555006521,863.4373606354969,0.0,81.78524648739894,81.78524648739894,60.0,0.0,60.0,60.0,12.0,12.0,12.0,19.0,12.0,12.0,21.0,10.0,0.0,0.0,0.0,0.0,0.0,0.0,0.0,0.0,0.0,0.0,0.0,0.0,0.0,81.78524648739894,81.78524648739894,0.0,0.0,0.0,81.78524648739894,0.0,0.0,0.0009266666666666668 
 02/18  01:30:00,7.07,93.5,4.82,0.0,0.0,0.0,0.0,0.0,2.0,2.0,0.0,0.0,0.0,0.0,0.0,99.0,0.0,0.0,0.0,0.0,0.0,0.0,0.0,0.0,0.0,0.0,0.0,17.824211509251208,-16.86746755371405,17.848180206266293,-220.85683439800779,17.86188999315526,-216.69463514522887,17.831313563522916,-8.615983871109166,14.446426344481669,13.616574173027886,17.348332351432487,-15.98668138952496,16.351070076754249,14.288932458221553,14.678317047056922,-99.86902236888068,16.6136125591117,-41.616931133007259,394.9800343252509,379.976396142627,0.0,0.0,0.0,0.0,0.0,0.0,0.0,0.0,0.0,0.0,0.0,0.0,0.0,0.0,0.0,0.0,0.0,0.0,0.0,0.0,0.0,0.0,1.0139818162715993,0.3095182589351646,207.9282784974018,245.6251081431041,4428.373298456567,0.17882460183493907,0.027293132148189727,134.38357259215187,158.79411813537357,2832.9651051463326,0.9779815848937695,0.18480377643495275,125.65223739909283,148.50003118620806,2654.2394970187845,0.19318958720118374,0.036505968858878249,61.238681509712979,72.32658527804331,1307.4902463743934,0.0,0.0,8.309086187783155,9.922664328304569,124.88160959845503,0.0,0.0,9.504334030077328,11.229602080805563,199.85757201081138,0.0,0.0,71.74747899722272,85.10774123923246,1354.8563344270768,0.0,0.0,42.178278884929508,50.37698499968963,630.4826197059979,0.0,0.0,16.109164218184917,19.086731405917374,313.3134093633159,32.651800095968919,22.394924620006124,218.77183973696374,259.347551559379,4834.447894222536,0.0,0.0,54.47739769656976,65.35038601840715,681.868428926904,0.0,17.660636877256665,47.6978136058476,22.0,30.0,0.0,17.5875484867029,47.69406075555499,12.0,30.0,0.0,17.539522054672298,47.880276726596459,22.0,30.0,0.0,17.706919538248248,47.75996658356877,12.0,30.0,0.0,14.47865944101877,59.3040331925212,12.0,30.0,0.0,17.55528922411129,48.85146413985356,12.0,30.0,0.0,16.448114908250905,51.645269785464609,10.0,30.0,0.0,14.437329695123877,59.381713314635167,12.0,30.0,0.0,16.739210608163334,51.502226020199859,20.0,30.0,0.0,16.65454823116254,0.0,0.0,0.0,13.195486260365458,0.0,0.0,518.8851797539273,499.033792209676,504.64772719438266,541.2681444780702,585.4268942141694,974.9458675290657,543.3035022339344,625.9501119897093,848.7565417055222,0.0,81.78524648739894,81.78524648739894,60.0,0.0,60.0,60.0,12.0,12.0,12.0,19.0,12.0,12.0,21.0,10.0,0.0,0.0,0.0,0.0,0.0,0.0,0.0,0.0,0.0,0.0,0.0,0.0,0.0,81.78524648739894,81.78524648739894,0.0,0.0,0.0,81.78524648739894,0.0,0.0,0.0009133333333333333 
 02/18  01:40:00,7.073333333333333,93.66666666666667,4.786666666666667,0.0,0.0,0.0,0.0,0.0,2.0,2.0,0.0,0.0,0.0,0.0,0.0,198.0,0.0,0.0,0.0,0.0,0.0,0.0,0.0,0.0,0.0,0.0,0.0,17.69857793651628,-108.56534604978651,17.813824693958574,-126.86165946737992,17.832892472885086,-176.17108392976616,17.758316279514355,-113.38340806197994,14.43642236781199,13.327371304080217,17.310188884155879,-19.181049914164448,16.318956288187807,17.541956228118808,14.63663186007983,-105.47650052789936,16.600771313750763,-44.12634617376028,409.61714127928055,381.10037302313699,0.0,0.0,0.0,0.0,0.0,0.0,0.0,0.0,0.0,0.0,0.0,0.0,0.0,0.0,0.0,0.0,0.0,0.0,0.0,0.0,0.0,0.0,1.023373150869519,0.3123849666878874,203.24483706795705,240.68958877751357,4254.714204484938,0.18774818777305994,0.028655095813959087,96.44817326331048,114.13005950238282,2031.459758604831,0.965501802718834,0.1824455409521607,182.36525652819464,216.0181780431555,3846.725810691896,0.18365015630259247,0.034703355310391609,101.61693775807838,120.43753833703306,2141.01281161947,0.0,0.0,8.507914169927183,10.186533926558444,127.60114590552202,0.0,0.0,9.594949423833882,11.365799552171377,200.94561032766809,0.0,0.0,72.2288873232066,85.90463992963874,1359.1013175940794,0.0,0.0,42.26540011281437,50.61384189033667,627.7317760423363,0.0,0.0,17.311368248623468,20.56252357207629,336.08315464280306,32.580561902043,22.346064404693427,253.83150230059227,301.52808243545305,5518.469314555871,0.0,0.0,54.47695807155498,65.52798647400692,673.6171442697762,0.0,17.460350015007238,48.188788295571828,22.0,30.0,0.0,17.597956525850209,47.705683635376967,12.0,30.0,0.0,17.55951258794247,47.94540603797139,22.0,30.0,0.0,17.592232789224036,47.80656359893017,12.0,30.0,0.0,14.468859830223039,59.19498127123988,12.0,30.0,0.0,17.51876440307782,48.82691068719026,12.0,30.0,0.0,16.41956226536079,51.72781379474207,10.0,30.0,0.0,14.394887780431013,59.41276089627904,12.0,30.0,0.0,16.728176715763725,51.38270595015982,20.0,30.0,0.0,16.679478553770744,0.0,0.0,0.0,13.125095523093837,0.0,0.0,511.3180187393974,503.0364159636141,517.3606355355325,514.5749780617059,583.0403811775146,965.3695196033118,547.4418609382301,630.3166767421423,838.5399497307196,0.0,81.78524648739894,81.78524648739894,60.0,0.0,60.0,60.0,12.0,12.0,12.0,19.0,12.0,12.0,21.0,10.0,0.0,0.0,0.0,0.0,0.0,0.0,0.0,0.0,0.0,0.0,0.0,0.0,0.0,81.78524648739894,81.78524648739894,0.0,0.0,0.0,81.78524648739894,0.0,0.0,0.0009 
 02/18  01:50:00,7.076666666666666,93.83333333333334,4.753333333333333,0.0,0.0,0.0,0.0,0.0,2.0,2.0,0.0,0.0,0.0,0.0,0.0,198.0,0.0,0.0,0.0,0.0,0.0,0.0,0.0,0.0,0.0,0.0,0.0,17.641468535703355,-134.91584031078492,17.715494703638645,-149.03837999619919,17.69762745511474,-185.84531190490544,17.716792320105719,-143.61075244172299,14.423446595372262,12.440723498213203,17.26827438186955,-20.700717460892123,16.267006631861045,17.93841839808738,14.586242475190593,-109.79782231388492,16.584166688847739,-47.43713282020087,429.3716158254201,382.40309051714066,0.0,0.0,0.0,0.0,0.0,0.0,0.0,0.0,0.0,0.0,0.0,0.0,0.0,0.0,0.0,0.0,0.0,0.0,0.0,0.0,0.0,0.0,1.0070548377201348,0.30740379661786779,247.19812592989309,293.00623364723267,5140.651515341084,0.18300577069076369,0.027931283682961495,110.88436845613592,131.50372237374618,2306.4772049177215,0.9708191216070207,0.18345032532256634,270.3611483891163,320.3672299736255,5596.9826622993809,0.17963875518677142,0.0339453430058147,160.1567089819563,189.63633148376676,3357.805510187554,0.0,0.0,8.531194277444456,10.213336731031035,127.63426463818283,0.0,0.0,9.804891868985936,11.617432530286898,204.4386111899712,0.0,0.0,72.53020080468142,86.26877411810696,1354.6022131345617,0.0,0.0,42.559373970114098,50.976861572031669,626.8018457349939,0.0,0.0,18.280402632754034,21.715635433536009,354.14798084855559,32.44433638726041,22.252631266982456,357.7103178479965,424.908074816465,7552.811355094818,0.0,0.0,54.65905732925158,65.76202652377008,668.3011012825905,0.0,17.41346602919142,48.24304994329725,22.0,30.0,0.0,17.464117187552917,48.01916737381509,12.0,30.0,0.0,17.361924117149976,48.419937464960337,22.0,30.0,0.0,17.560348754405859,47.863659380338408,12.0,30.0,0.0,14.453544462736702,59.08756678391704,12.0,30.0,0.0,17.474317212735799,48.79699444736001,12.0,30.0,0.0,16.351627252621598,51.833739666170917,10.0,30.0,0.0,14.335313087094443,59.43053604578784,12.0,30.0,0.0,16.710613952730904,51.24837088335674,20.0,30.0,0.0,16.73260530393104,0.0,0.0,0.0,13.058911104168047,0.0,0.0,504.77705041470326,495.7581984699993,507.06622909002069,511.9485529896615,582.793298215011,952.2557938453465,547.8502736135156,634.9728175696469,829.3281764541214,0.0,81.78524648739894,81.78524648739894,60.0,0.0,60.0,60.0,12.0,12.0,12.0,19.0,12.0,12.0,21.0,10.0,0.0,0.0,0.0,0.0,0.0,0.0,0.0,0.0,0.0,0.0,0.0,0.0,0.0,81.78524648739894,81.78524648739894,0.0,0.0,0.0,81.78524648739894,0.0,0.0,0.0009099999999999999 
 02/18  02:00:00,7.08,94.0,4.72,0.0,0.0,0.0,0.0,0.0,2.0,2.0,0.0,0.0,0.0,0.0,0.0,99.0,0.0,0.0,0.0,0.0,0.0,0.0,0.0,0.0,0.0,0.0,0.0,17.612819369351706,-13.78526226536269,17.651415097616494,-187.90331887319463,17.681256356978709,-188.9150180743627,17.683503566859863,-3.6489123834281829,14.408944914969496,11.271430667907908,17.22307986473516,-17.644182700532669,16.20289575560971,-2.550862694037278,14.5376629927704,-104.52680488417059,16.565836290307979,-44.97211610850968,351.2170274827631,387.70260062670129,0.0,0.0,0.0,0.0,0.0,0.0,0.0,0.0,0.0,0.0,0.0,0.0,0.0,0.0,0.0,0.0,0.0,0.0,0.0,0.0,0.0,0.0,0.991058818523674,0.3025210068753584,247.3708369686283,292.4402344403662,5154.78295697521,0.1759825564677561,0.026859364540255817,136.2710268436237,161.13450686627233,2819.3009494578097,0.9187740031774642,0.1736156468589313,125.91931001968286,148.89403286039559,2620.3293449123896,0.1785120778425506,0.033732441013331549,21.568992002333855,25.48894323895446,456.20018997321275,0.0,0.0,8.118785142203113,9.69753950266406,121.1657816276395,0.0,0.0,10.031661873569857,11.859083870773445,208.1769068262216,0.0,0.0,67.31224086585712,79.90114277596864,1245.0208342306654,0.0,0.0,42.30364977918505,50.557565592641477,618.3330224487382,0.0,0.0,19.556377772363136,23.177207282512538,378.1167852271438,32.28512058900111,22.143429759260028,216.91644049243596,257.3239114240156,4691.397011071348,0.0,0.0,54.311186778332338,65.19830188558625,657.9040658019967,0.0,17.443538797768274,48.247891409531749,22.0,30.0,0.0,17.395525356100558,48.11300945042358,12.0,30.0,0.0,17.39376137280527,48.14928169660033,22.0,30.0,0.0,17.558591091431734,47.83900428413067,12.0,30.0,0.0,14.435612728971805,58.987940660705799,12.0,30.0,0.0,17.42288613754657,48.78118791756461,12.0,30.0,0.0,16.25939308011897,52.05129003209576,10.0,30.0,0.0,14.279658918285051,59.555309715371979,12.0,30.0,0.0,16.690705000129094,51.11335015575859,20.0,30.0,0.0,16.45775965940872,0.0,0.0,0.0,13.003290338007057,0.0,0.0,515.4655424890651,484.2398660580384,490.6721307442772,509.39883859963569,582.431908450072,937.8824860064246,544.5493765171635,637.8563345494065,813.7481421565894,0.0,81.78524648739894,81.78524648739894,60.0,0.0,60.0,60.0,12.0,12.0,12.0,19.0,12.0,12.0,21.0,10.0,0.0,0.0,0.0,0.0,0.0,0.0,0.0,0.0,0.0,0.0,0.0,0.0,0.0,81.78524648739894,81.78524648739894,0.0,0.0,0.0,81.78524648739894,0.0,0.0,0.00092 
 02/18  02:10:00,7.088333333333334,94.16666666666667,4.676666666666667,0.0,0.0,0.0,0.0,0.0,2.0,2.0,0.0,0.0,0.0,0.0,0.0,99.0,0.0,0.0,0.0,0.0,0.0,0.0,0.0,0.0,0.0,0.0,0.0,17.441390118307966,-154.42292959683028,17.67087404844175,-13.3091716143349,17.721869192511105,-41.040839285806217,17.54208847347813,-214.68390314566387,14.397319741472172,12.551074193363889,17.18133274782425,-22.840674246819618,16.187394893158215,26.607176935535337,14.495559381695263,-105.70521371482073,16.547018994759659,-48.978587034009368,355.93926342765919,386.3162850482854,0.0,0.0,0.0,0.0,0.0,0.0,0.0,0.0,0.0,0.0,0.0,0.0,0.0,0.0,0.0,0.0,0.0,0.0,0.0,0.0,0.0,0.0,1.0048717744562666,0.30673741589019129,120.79800004134944,142.95734068944277,2455.748810267046,0.19164002071841186,0.029249087411235023,58.44577574496708,69.07992560326855,1222.6838317198242,0.9546410908144754,0.1803932522325162,146.55048546759964,173.1901440587742,3087.3475253131248,0.1720337070699485,0.032508259083512559,126.7376217222075,149.9061032461772,2597.504122680647,0.0,0.0,8.690976175895555,10.38145849391021,129.3579116696393,0.0,0.0,9.98738686278997,11.808695990221928,206.20001663057858,0.0,0.0,72.45836736557458,86.00463562203982,1339.964925102801,0.0,0.0,42.375061846730137,50.65044383494535,614.9579863826933,0.0,0.0,19.769970472187415,23.4321851308807,381.10356586949669,32.21988996635411,22.098689963205844,185.60560747536574,220.19260061803466,4089.3517315674637,0.0,0.0,54.33438624269815,65.23964294601045,650.9290224163482,0.0,17.145351308167056,48.93957144189557,22.0,30.0,0.0,17.502358466729214,48.00826334407325,12.0,30.0,0.0,17.543211603043056,47.90476034262364,22.0,30.0,0.0,17.30345522477295,48.411935876135178,12.0,30.0,0.0,14.424042051682916,58.905407062947158,12.0,30.0,0.0,17.37688403197759,48.80433501184253,12.0,30.0,0.0,16.26643399358544,52.12266492104033,10.0,30.0,0.0,14.235505855641656,59.65292777276543,12.0,30.0,0.0,16.66973551733008,51.06187048007167,20.0,30.0,0.0,16.439699786510415,0.0,0.0,0.0,12.944852752371567,0.0,0.0,493.78892081137539,509.0675920914573,514.8720355947502,486.3351831555072,581.2187763714117,929.6027180612953,553.8164583314898,644.0287545027661,805.4531572096341,0.0,81.78524648739894,81.78524648739894,60.0,0.0,60.0,60.0,12.0,12.0,12.0,19.0,12.0,12.0,21.0,10.0,0.0,0.0,0.0,0.0,0.0,0.0,0.0,0.0,0.0,0.0,0.0,0.0,0.0,81.78524648739894,81.78524648739894,0.0,0.0,0.0,81.78524648739894,0.0,0.0,0.00093 
 02/18  02:20:00,7.096666666666668,94.33333333333334,4.633333333333334,0.0,0.0,0.0,0.0,0.0,2.0,2.0,0.0,0.0,0.0,0.0,0.0,198.0,0.0,0.0,0.0,0.0,0.0,0.0,0.0,0.0,0.0,0.0,0.0,17.468929545839616,-43.84185443653155,17.59385608503236,-157.14237236260792,17.573592428817784,-240.47776888007184,17.53424314349406,-61.21555726593806,14.385182715510453,10.571273715997762,17.147497073044563,-19.843263161384415,16.141450029918994,5.4923393122669499,14.45692900229147,-109.8159653682153,16.530211678046635,-49.86986334243926,381.792503340409,389.2829720636862,0.0,0.0,0.0,0.0,0.0,0.0,0.0,0.0,0.0,0.0,0.0,0.0,0.0,0.0,0.0,0.0,0.0,0.0,0.0,0.0,0.0,0.0,0.976121207302636,0.29796129649042615,208.65907255017243,247.64324764536674,4289.588897633596,0.17329505869740242,0.026449184782875828,84.27067446187155,100.11832216861639,1734.5818643878172,0.9174372767082858,0.17336305304389383,231.98240811797968,275.17915134609839,4750.877328829916,0.18127672216506489,0.03425486057540908,129.16489954969124,153.13127915916543,2660.2244354407764,0.0,0.0,8.268945502801039,9.900961528373884,122.6846546430503,0.0,0.0,10.166569770487549,12.051275793608328,209.0642654274131,0.0,0.0,69.34920794172732,82.52274047800614,1272.8167493445749,0.0,0.0,42.49834574795726,50.92772210544507,612.6296434841943,0.0,0.0,20.101903690028935,23.885717903577335,386.4024604395713,32.052159545769857,21.983648522475904,292.8203526662587,348.3572050129426,6164.010374191705,0.0,0.0,54.34788314224959,65.42471010272819,644.604825992247,0.0,17.28337776129259,48.60790984268406,22.0,30.0,0.0,17.384005168760845,48.15405563255637,12.0,30.0,0.0,17.290853778596558,48.53397786582666,22.0,30.0,0.0,17.365184725648637,48.338147800587488,12.0,30.0,0.0,14.411447485721125,58.89162889653239,12.0,30.0,0.0,17.34702882581675,48.83103262585543,12.0,30.0,0.0,16.20696878074178,52.20965376899478,10.0,30.0,0.0,14.197823810663016,59.69591591970128,12.0,30.0,0.0,16.65393492314184,51.046011241984569,20.0,30.0,0.0,16.510134889445685,0.0,0.0,0.0,12.895717578313878,0.0,0.0,503.9171875566458,483.650595231129,498.39705567320058,500.5497059300675,582.1658390549042,923.6791779568748,550.5534165918159,643.4823354303602,802.9736159810143,0.0,81.78524648739894,81.78524648739894,60.0,0.0,60.0,60.0,12.0,12.0,12.0,19.0,12.0,12.0,21.0,10.0,0.0,0.0,0.0,0.0,0.0,0.0,0.0,0.0,0.0,0.0,0.0,0.0,0.0,81.78524648739894,81.78524648739894,0.0,0.0,0.0,81.78524648739894,0.0,0.0,0.0009133333333333333 
 02/18  02:30:00,7.105,94.5,4.59,0.0,0.0,0.0,0.0,0.0,2.0,2.0,0.0,0.0,0.0,0.0,0.0,99.0,0.0,0.0,0.0,0.0,0.0,0.0,0.0,0.0,0.0,0.0,0.0,17.46100050601987,-13.730313683479836,17.495867188387835,-218.89766128858038,17.506723461217434,-206.28439375156996,17.540544398695674,-4.73083300894541,14.370009180163871,10.358075256200778,17.105381045960074,-19.29647369356286,16.096605621540996,5.802066656904117,14.409597436170089,-107.84166496020907,16.508221492688429,-50.05868365864433,335.5931556591322,392.74513515741116,0.0,0.0,0.0,0.0,0.0,0.0,0.0,0.0,0.0,0.0,0.0,0.0,0.0,0.0,0.0,0.0,0.0,0.0,0.0,0.0,0.0,0.0,0.9586658774613786,0.2926330517281375,200.87739297355638,237.571600665772,4131.463290441752,0.17140243204708689,0.02616032235150899,121.63928145197507,143.90138618763283,2475.3089820452066,0.917036038530959,0.1732872332824942,105.17628974271972,124.43230393032194,2152.1903387766694,0.17930405044619009,0.033882095700338257,33.83822689690246,40.005663993664978,702.6968856612963,0.0,0.0,8.21734193258878,9.816661039867041,121.53053997582828,0.0,0.0,10.200407331490624,12.06378289404398,208.71951883350006,0.0,0.0,68.89204070926269,81.80445677498455,1256.1815549340284,0.0,0.0,42.64186459218932,50.98567227333598,609.5693389741324,0.0,0.0,20.54785841853452,24.35760444175273,393.73398743347078,31.90081757317805,21.8798474438807,186.02937798749296,220.76611346104839,4038.6828793741835,0.0,0.0,54.42669911981351,65.37102095521569,639.933598645349,0.0,17.322118158645176,48.44336948661605,22.0,30.0,0.0,17.245360840372997,48.530465776054537,12.0,30.0,0.0,17.22718095468871,48.62126281540775,22.0,30.0,0.0,17.41916853897686,48.19834675424081,12.0,30.0,0.0,14.393420419596155,58.86912570861568,12.0,30.0,0.0,17.299247823278333,48.877375602398149,12.0,30.0,0.0,16.151077484342208,52.30803457427344,10.0,30.0,0.0,14.142890431906548,59.81857709207915,12.0,30.0,0.0,16.62806061020181,51.035796609146,20.0,30.0,0.0,16.333037136910784,0.0,0.0,0.0,12.850483760778895,0.0,0.0,499.62352217695368,474.65341446765668,483.9354905210092,505.3932557007836,583.2674029407041,915.5784426058187,544.9781656240605,642.5920621369337,799.4960113537609,0.0,81.78524648739894,81.78524648739894,60.0,0.0,60.0,60.0,12.0,12.0,12.0,19.0,12.0,12.0,21.0,10.0,0.0,0.0,0.0,0.0,0.0,0.0,0.0,0.0,0.0,0.0,0.0,0.0,0.0,81.78524648739894,81.78524648739894,0.0,0.0,0.0,81.78524648739894,0.0,0.0,0.0008966666666666667 
 02/18  02:40:00,7.113333333333333,94.66666666666666,4.546666666666667,0.0,0.0,0.0,0.0,0.0,2.0,2.0,0.0,0.0,0.0,0.0,0.0,198.0,0.0,0.0,0.0,0.0,0.0,0.0,0.0,0.0,0.0,0.0,0.0,17.349314691796598,-97.64272922224336,17.47247074675102,-105.71250114187387,17.4865391856971,-149.07979295490623,17.46391661203146,-124.50635352424274,14.358250108458206,10.2059490340543,17.071988304397949,-21.479361384448283,16.06801290188162,7.2570791738999109,14.372488000000964,-110.70046399531873,16.490457618830328,-51.767639224779149,361.88480726835908,393.2433639233428,0.0,0.0,0.0,0.0,0.0,0.0,0.0,0.0,0.0,0.0,0.0,0.0,0.0,0.0,0.0,0.0,0.0,0.0,0.0,0.0,0.0,0.0,0.9689775875547448,0.29578070438179029,189.29016086746123,224.39860546485748,3829.146146516129,0.17963294465634345,0.027416505594680016,93.7167107277992,111.0431146446966,1908.3012064669147,0.9081974577505669,0.17161705550842164,166.9147454389903,197.93154417556577,3410.1427640296435,0.17002592824854968,0.03212886021325579,96.02440195872805,113.96565810984825,1958.1989938929287,0.0,0.0,8.346967042252162,9.996856188518415,123.0818300751794,0.0,0.0,10.15657772394635,12.041987626812818,206.95551563501074,0.0,0.0,69.47179159890412,82.70526204393673,1262.0518026784885,0.0,0.0,42.774609851824319,51.275106273956279,607.5328209666384,0.0,0.0,21.360877419630869,25.383035681467587,408.0900573654544,31.77073298236476,21.790626188178856,234.07764265989125,278.34831715896498,4956.165276771665,0.0,0.0,54.48039805187997,65.604880350712,634.6210032346687,0.0,17.140591229618545,48.97580611217511,22.0,30.0,0.0,17.269693878390627,48.519196258999269,12.0,30.0,0.0,17.256265516238117,48.618348213915137,22.0,30.0,0.0,17.290421620480847,48.513088097037229,12.0,30.0,0.0,14.382560355946499,58.84688319131742,12.0,30.0,0.0,17.267789207017075,48.91883955268272,12.0,30.0,0.0,16.127793566998336,52.37094284313996,10.0,30.0,0.0,14.107589296703163,59.90151907733684,12.0,30.0,0.0,16.610970259556269,51.02713237132188,20.0,30.0,0.0,16.40239337220218,0.0,0.0,0.0,12.80648294395193,0.0,0.0,495.0442008887518,483.4052443962118,494.4356838990493,491.9601833820174,582.2917837634143,912.3648134332809,544.5863519558976,644.1495612177635,793.4734800702713,0.0,81.78524648739894,81.78524648739894,60.0,0.0,60.0,60.0,12.0,12.0,12.0,19.0,12.0,12.0,21.0,10.0,0.0,0.0,0.0,0.0,0.0,0.0,0.0,0.0,0.0,0.0,0.0,0.0,0.0,81.78524648739894,81.78524648739894,0.0,0.0,0.0,81.78524648739894,0.0,0.0,0.00088 
 02/18  02:50:00,7.121666666666666,94.83333333333333,4.503333333333333,0.0,0.0,0.0,0.0,0.0,2.0,2.0,0.0,0.0,0.0,0.0,0.0,198.0,0.0,0.0,0.0,0.0,0.0,0.0,0.0,0.0,0.0,0.0,0.0,17.304569456824369,-114.83154048334609,17.39465858453844,-131.9749114297506,17.362858634698584,-176.56389087938624,17.42884728190205,-139.2303010949031,14.343929085433285,9.700745488860747,17.03503241137951,-22.474508939588277,16.026118199878107,10.451719354060515,14.329195999882275,-112.93361586519609,16.469234227297198,-54.61389165862698,378.01781188938,393.0044521941861,0.0,0.0,0.0,0.0,0.0,0.0,0.0,0.0,0.0,0.0,0.0,0.0,0.0,0.0,0.0,0.0,0.0,0.0,0.0,0.0,0.0,0.0,0.9520754209654128,0.2906213128710051,206.32935495377203,244.80049955419038,4151.212181088733,0.1744934128010488,0.02663208376084384,88.76706512985574,105.38380736129688,1787.6501125880446,0.9208259607050457,0.1740033939351939,242.6347630449636,287.7554631537233,4865.475865815581,0.17004565676597453,0.032132588202187169,150.1813801482931,177.98202086145433,3049.906471938647,0.0,0.0,8.378145450282649,10.033366956877988,123.13780161900447,0.0,0.0,10.242944514800343,12.146660085983513,207.77917568281598,0.0,0.0,70.3649264734662,83.77102409201635,1270.2736425090339,0.0,0.0,43.02679556460781,51.584979864804157,606.3128008020458,0.0,0.0,21.662319168572468,25.74367134842204,412.4815402341301,31.61257147719845,21.682147789573706,307.0136450193214,364.99218529851017,6334.980216017278,0.0,0.0,54.641156574025448,65.80689822049394,630.8463765306026,0.0,17.109536087502556,49.076071370444939,22.0,30.0,0.0,17.166280391743045,48.85623596525141,12.0,30.0,0.0,17.071383262459184,49.185388410688037,22.0,30.0,0.0,17.26877658558457,48.60201020273785,12.0,30.0,0.0,14.366836729482515,58.83053479860703,12.0,30.0,0.0,17.229197447402158,48.972842143756,12.0,30.0,0.0,16.078739526972809,52.49879225569216,10.0,30.0,0.0,14.059825517658013,59.97335655629395,12.0,30.0,0.0,16.587248470960696,51.02537525068692,20.0,30.0,0.0,16.444844528264363,0.0,0.0,0.0,12.76322688034653,0.0,0.0,492.1028140059262,477.44482399743188,488.4223363481296,494.8810569371675,581.7137550740069,906.984348592447,545.5703778777024,642.926663635338,788.3845573368949,0.0,81.78524648739894,81.78524648739894,60.0,0.0,60.0,60.0,12.0,12.0,12.0,19.0,12.0,12.0,21.0,10.0,0.0,0.0,0.0,0.0,0.0,0.0,0.0,0.0,0.0,0.0,0.0,0.0,0.0,81.78524648739894,81.78524648739894,0.0,0.0,0.0,81.78524648739894,0.0,0.0,0.0008566666666666667 
 02/18  03:00:00,7.13,95.0,4.46,0.0,0.0,0.0,0.0,0.0,2.0,2.0,0.0,0.0,0.0,0.0,0.0,99.0,0.0,0.0,0.0,0.0,0.0,0.0,0.0,0.0,0.0,0.0,0.0,17.279554015312436,-11.143730139100626,17.338483519940284,-172.18125028158193,17.361212391931013,-153.09279245394556,17.398720545076864,-9.339832007072915,14.327788518145463,8.798030986846755,16.99540721826176,-19.735614091513754,15.969161859426352,-7.588801979648451,14.286813051665743,-108.24662513221552,16.446658755969627,-52.476062976028178,298.2209626983313,395.982975899831,0.0,0.0,0.0,0.0,0.0,0.0,0.0,0.0,0.0,0.0,0.0,0.0,0.0,0.0,0.0,0.0,0.0,0.0,0.0,0.0,0.0,0.0,0.9378652078159588,0.2862836409694624,225.89792886699707,267.3236263800058,4549.025349075272,0.1675320450782335,0.02556960394966934,125.9939881175232,149.11509380465976,2522.9732283881628,0.8763458264059231,0.16559822872371947,93.12314902527938,110.20371979401213,1883.6303124370903,0.16683412756736519,0.03152572327425645,5.609356173034682,6.634960576678792,117.33220521380474,0.0,0.0,7.988020764047842,9.54408160793853,117.00844737005191,0.0,0.0,10.42009806828187,12.32830030823914,210.3759548833196,0.0,0.0,66.00120062789446,78.40989668744135,1180.48972341518,0.0,0.0,42.77118049553105,51.162440013608328,598.3128636088533,0.0,0.0,22.79555567111381,27.028010217376776,432.69254750405386,31.399323195410358,21.535886965302038,183.3758341904719,217.72799157605849,3899.6751518933158,0.0,0.0,54.28567864441487,65.22872332770416,622.1459872443332,0.0,17.133860674058288,48.999652476461019,22.0,30.0,0.0,17.104775679030113,49.05310112586655,12.0,30.0,0.0,17.12583592803734,49.007139792564789,22.0,30.0,0.0,17.267682622530726,48.58169753496095,12.0,30.0,0.0,14.347718787917112,58.828086979973239,12.0,30.0,0.0,17.184821513132805,49.0439257015823,12.0,30.0,0.0,15.998709047230238,52.765051656349097,10.0,30.0,0.0,14.01386062144753,60.10887399972007,12.0,30.0,0.0,16.561588494098755,51.03192309507183,20.0,30.0,0.0,16.16668307165456,0.0,0.0,0.0,12.727300704847425,0.0,0.0,495.31249961610276,469.88162380753286,480.5981203511452,482.99817400931956,580.658378500027,899.9224827842011,543.7011939945156,643.087726357541,777.5309326818539,0.0,81.78524648739894,81.78524648739894,60.0,0.0,60.0,60.0,12.0,12.0,12.0,19.0,12.0,12.0,21.0,10.0,0.0,0.0,0.0,0.0,0.0,0.0,0.0,0.0,0.0,0.0,0.0,0.0,0.0,81.78524648739894,81.78524648739894,0.0,0.0,0.0,81.78524648739894,0.0,0.0,0.0008333333333333334 
 02/18  03:10:00,7.1,95.0,4.426666666666667,0.0,0.0,0.0,0.0,0.0,2.0,2.0,0.0,0.0,0.0,0.0,0.0,99.0,0.0,0.0,0.0,0.0,0.0,0.0,0.0,0.0,0.0,0.0,0.0,17.146521522080734,-126.06223861095532,17.356915465771189,-10.514005673607017,17.393763942579903,-36.419636256213838,17.272853238161298,-201.0374283042056,14.31417559466753,9.705165927760789,16.957571988885115,-23.60231412672141,15.950711213986996,15.048286212932453,14.249393883739888,-108.3247622260692,16.424965167106536,-55.02879594331796,295.61093226001779,394.01708983662368,0.0,0.0,0.0,0.0,0.0,0.0,0.0,0.0,0.0,0.0,0.0,0.0,0.0,0.0,0.0,0.0,0.0,0.0,0.0,0.0,0.0,0.0,0.9675005176290862,0.29532982833610696,79.29276135481745,93.90350257215309,1579.2271608351774,0.18332757956127394,0.027980399810939247,35.68099651530859,42.21312539210009,726.186336231667,0.8963149728145802,0.1693716879846146,117.11328808674848,138.53092102084433,2399.9225356071749,0.16349897120092894,0.0308954972035013,114.49491770994688,135.529533123925,2285.9754131535348,0.0,0.0,8.437546433686754,10.081454086169769,123.87464135722732,0.0,0.0,10.371973868464023,12.27281515965059,209.21547760932098,0.0,0.0,69.71306551940909,82.81795203558224,1250.9413694615785,0.0,0.0,42.773994474330077,51.17131257618712,597.8434769148202,0.0,0.0,22.98591042259908,27.255373886977293,436.6281015369206,31.4009154361113,21.536979037113384,145.29127867317468,172.53970423215328,3199.1218750378477,0.0,0.0,54.278879926884169,65.22829317078704,620.998435736996,0.0,16.90787611463201,49.745856268920459,22.0,30.0,0.0,17.20330186737622,48.772372923969587,12.0,30.0,0.0,17.249079405628679,48.648787980619847,22.0,30.0,0.0,17.04260902634888,49.30898595642796,12.0,30.0,0.0,14.334067128574923,58.83610319702826,12.0,30.0,0.0,17.14461857235359,49.134269112841788,12.0,30.0,0.0,15.997887081894737,52.745685061783337,10.0,30.0,0.0,13.977303118060388,60.206284243148349,12.0,30.0,0.0,16.538067293298064,51.071814255935247,20.0,30.0,0.0,16.10959878987888,0.0,0.0,0.0,12.686977804166535,0.0,0.0,491.0365595843508,486.1634687471703,490.74188242327389,479.3861333942345,579.5388181539624,896.8589913900075,544.0282642563693,644.4206224178385,772.0786864855144,0.0,81.78524648739894,81.78524648739894,60.0,0.0,60.0,60.0,12.0,12.0,12.0,19.0,12.0,12.0,21.0,10.0,0.0,0.0,0.0,0.0,0.0,0.0,0.0,0.0,0.0,0.0,0.0,0.0,0.0,81.78524648739894,81.78524648739894,0.0,0.0,0.0,81.78524648739894,0.0,0.0,0.00081 
 02/18  03:20:00,7.07,95.0,4.3933333333333339,0.0,0.0,0.0,0.0,0.0,2.0,2.0,0.0,0.0,0.0,0.0,0.0,198.0,0.0,0.0,0.0,0.0,0.0,0.0,0.0,0.0,0.0,0.0,0.0,17.158580866198116,-41.51947148541012,17.28633145660747,-145.067221900147,17.251874812919426,-227.51565032483087,17.26250795255973,-66.62085539452574,14.3008962168679,8.449938221582429,16.92568300472474,-21.496216238313168,15.911897132548827,0.6739285658684366,14.214807599530652,-110.88342651957646,16.40550518579075,-56.309098342508608,348.61713616265799,395.38517363170788,0.0,0.0,0.0,0.0,0.0,0.0,0.0,0.0,0.0,0.0,0.0,0.0,0.0,0.0,0.0,0.0,0.0,0.0,0.0,0.0,0.0,0.0,0.9420979303686419,0.2875756808207088,186.52089502630356,221.56356806066237,3742.1804173750444,0.16859553680613194,0.025731919536955425,74.60365654962304,88.70608027950162,1498.423651153808,0.8876478177248622,0.16773390357612673,213.05517778515395,252.92600871539833,4257.832774952234,0.1734737957144571,0.032780384677712968,122.15140301802535,144.91394268759167,2457.3758881007345,0.0,0.0,8.139033211094502,9.747991405568432,119.73069165160007,0.0,0.0,10.51167071753992,12.46937973236106,212.02297422455303,0.0,0.0,67.83745211419464,80.7896023745522,1214.8270069092449,0.0,0.0,42.87910835168496,51.42531760196309,599.028550583809,0.0,0.0,23.059686480155649,27.41067561662829,438.42764253138378,31.320564983292038,21.481868987168757,264.3809222259303,314.7434460688023,5474.301893852356,0.0,0.0,54.324746188650987,65.44781092499037,620.6620265531524,0.0,17.001671027973339,49.42702990409534,22.0,30.0,0.0,17.095227303191689,49.109497128034778,12.0,30.0,0.0,17.005114907766648,49.40091915884535,22.0,30.0,0.0,17.09384514119462,49.13855116125967,12.0,30.0,0.0,14.321069893842943,58.85809065482395,12.0,30.0,0.0,17.117051548549666,49.19597748218392,12.0,30.0,0.0,15.951826887853816,52.901189934756207,10.0,30.0,0.0,13.945998854495944,60.295792941863059,12.0,30.0,0.0,16.519735568864868,51.10597083537043,20.0,30.0,0.0,16.254202311236349,0.0,0.0,0.0,12.650652054301144,0.0,0.0,490.4613793323765,472.44953159805496,482.8506528502048,485.7394526435642,579.3392721433796,893.3274414939726,543.5206352995539,643.4703419122219,770.6333745597247,0.0,81.78524648739894,81.78524648739894,60.0,0.0,60.0,60.0,12.0,12.0,12.0,19.0,12.0,12.0,21.0,10.0,0.0,0.0,0.0,0.0,0.0,0.0,0.0,0.0,0.0,0.0,0.0,0.0,0.0,81.78524648739894,81.78524648739894,0.0,0.0,0.0,81.78524648739894,0.0,0.0,0.00081 
 02/18  03:30:00,7.04,95.0,4.359999999999999,0.0,0.0,0.0,0.0,0.0,2.0,2.0,0.0,0.0,0.0,0.0,0.0,99.0,0.0,0.0,0.0,0.0,0.0,0.0,0.0,0.0,0.0,0.0,0.0,17.145929010090798,-10.95847017575943,17.194983988345844,-202.2760530661858,17.225017741873093,-141.14096473836208,17.265334992015164,-8.037622773298637,14.284185337091918,8.316411815744715,16.88591779111852,-20.822029157298745,15.870658635611353,0.029798356556511864,14.172650234755509,-108.79717087910353,16.380591631581355,-56.26517738099551,278.3900739947903,397.7899928484708,0.0,0.0,0.0,0.0,0.0,0.0,0.0,0.0,0.0,0.0,0.0,0.0,0.0,0.0,0.0,0.0,0.0,0.0,0.0,0.0,0.0,0.0,0.9326796947835805,0.2847007615334495,189.38319300991766,224.17706211997644,3811.29566347724,0.16717310767197833,0.025514821073256766,116.79557284090564,138.28285874268313,2328.5911791817136,0.8938254073720382,0.16890124855858627,65.27674377236018,77.27246901937892,1323.7582608129686,0.17325101126699816,0.032738286331632299,4.28691331618025,5.07250920152617,90.30267613806916,0.0,0.0,8.076269960295143,9.650462319186495,119.02768967782612,0.0,0.0,10.557312960031469,12.494668599514523,212.74832658303019,0.0,0.0,67.3719407113013,80.05903319515248,1204.3822625504436,0.0,0.0,42.9550421778435,51.39954849277215,598.9617631712812,0.0,0.0,23.359934877901446,27.702203151531568,444.3804529788772,31.22468111955442,21.41610502027053,145.49152365453805,172.84153330313749,3178.2796436518867,0.0,0.0,54.36858672836179,65.34969482534773,620.7881246325859,0.0,17.026955730925385,49.33367978985516,22.0,30.0,0.0,16.966355963929943,49.50572599656758,12.0,30.0,0.0,17.01615168497719,49.36282521725467,22.0,30.0,0.0,17.140830119155568,48.9929361225926,12.0,30.0,0.0,14.301615780422678,58.89356817820621,12.0,30.0,0.0,17.072969482739265,49.30114877125813,12.0,30.0,0.0,15.901844961221446,53.06806349198248,10.0,30.0,0.0,13.899591706987822,60.448820714100929,12.0,30.0,0.0,16.490851291109477,51.165600350122,20.0,30.0,0.0,15.986395715384092,0.0,0.0,0.0,12.614690402190853,0.0,0.0,485.1368160637598,465.9287313390997,482.3640951820534,480.02958285339636,578.2381743831522,888.0228609281596,542.8242871864877,641.9607565399492,767.6209991850816,0.0,81.78524648739894,81.78524648739894,60.0,0.0,60.0,60.0,12.0,12.0,12.0,19.0,12.0,12.0,21.0,10.0,0.0,0.0,0.0,0.0,0.0,0.0,0.0,0.0,0.0,0.0,0.0,0.0,0.0,81.78524648739894,81.78524648739894,0.0,0.0,0.0,81.78524648739894,0.0,0.0,0.00081 
 02/18  03:40:00,7.01,95.0,4.326666666666666,0.0,0.0,0.0,0.0,0.0,2.0,2.0,0.0,0.0,0.0,0.0,0.0,198.0,0.0,0.0,0.0,0.0,0.0,0.0,0.0,0.0,0.0,0.0,0.0,17.053564454912264,-80.56799528786405,17.170348473494604,-102.2894573750408,17.183994090324029,-169.7101180976813,17.2012306557032,-109.18684840073013,14.271068249942413,8.19193473168167,16.85369546499163,-22.67230152445086,15.843196887221487,1.19166539392927,14.138737407959202,-110.86306866011467,16.36071435347747,-57.67374125108449,324.4618809851959,397.6514041993287,0.0,0.0,0.0,0.0,0.0,0.0,0.0,0.0,0.0,0.0,0.0,0.0,0.0,0.0,0.0,0.0,0.0,0.0,0.0,0.0,0.0,0.0,0.9563154397344476,0.29191557989452,164.40853363090793,194.98603157200302,3280.2053220805389,0.17903249504372144,0.027324861880909866,84.11994192486746,99.75897564731997,1684.0462731357637,0.8763565331964306,0.1656002519267632,138.81415359626295,164.65819310710487,2790.200653827907,0.16679182945948504,0.031517730434520978,82.54455366109205,98.013682180811,1660.828652015849,0.0,0.0,8.198193483087352,9.82067033823494,121.08100254721336,0.0,0.0,10.487070951313818,12.442225782469896,211.28137923070077,0.0,0.0,67.79729169714176,80.7692441639502,1212.7012624159766,0.0,0.0,42.98651355960627,51.56643347172826,599.181586928044,0.0,0.0,23.879148898759554,28.386731281376585,454.65113894501885,31.19032205689463,21.392539133672594,199.6280152427028,237.50945180043869,4219.983710511919,0.0,0.0,54.364895654932748,65.51123534859187,619.6010924327084,0.0,16.880451916821863,49.79712970829512,22.0,30.0,0.0,16.984428652874667,49.4422724640552,12.0,30.0,0.0,16.990525553086266,49.43314969223157,22.0,30.0,0.0,17.03767959936283,49.300988156685367,12.0,30.0,0.0,14.289568786376904,58.92101012284138,12.0,30.0,0.0,17.043445587983109,49.37938481465052,12.0,30.0,0.0,15.879443785781062,53.11736093171697,10.0,30.0,0.0,13.869000900567278,60.5430966477903,12.0,30.0,0.0,16.472151034492616,51.210267862708807,20.0,30.0,0.0,16.102078134946124,0.0,0.0,0.0,12.575756073321236,0.0,0.0,486.1138798038978,473.669228069499,480.97140323033127,480.8029838639145,577.2470567671696,886.8772554094398,539.4151026890882,640.9982144431097,763.8227446180554,0.0,81.78524648739894,81.78524648739894,60.0,0.0,60.0,60.0,12.0,12.0,12.0,19.0,12.0,12.0,21.0,10.0,0.0,0.0,0.0,0.0,0.0,0.0,0.0,0.0,0.0,0.0,0.0,0.0,0.0,81.78524648739894,81.78524648739894,0.0,0.0,0.0,81.78524648739894,0.0,0.0,0.00081 
 02/18  03:50:00,6.98,95.0,4.293333333333333,0.0,0.0,0.0,0.0,0.0,2.0,2.0,0.0,0.0,0.0,0.0,0.0,99.0,0.0,0.0,0.0,0.0,0.0,0.0,0.0,0.0,0.0,0.0,0.0,17.00597274762845,-70.66801822612797,17.16651606728569,-12.231047813391882,17.174206755438946,-33.83165506096975,17.09856827617842,-180.3134887175238,14.254280710003562,8.332528265600843,16.813603436000503,-23.08723547829686,15.808067311875935,7.345407092514961,14.09739312430017,-109.18696965565982,16.335347418975176,-58.20468653019964,260.89335412940548,399.7830428544894,0.0,0.0,0.0,0.0,0.0,0.0,0.0,0.0,0.0,0.0,0.0,0.0,0.0,0.0,0.0,0.0,0.0,0.0,0.0,0.0,0.0,0.0,0.9530419794255713,0.29091635513601085,54.79934252848454,64.90643747157331,1102.6368434947943,0.1775144679962319,0.027093172771097668,5.719105131816144,6.769494106987013,118.79974097047861,0.9122506254999706,0.1723829602229726,137.64007242352515,162.9148450297281,2792.983228766775,0.16423233490213497,0.031034076890048169,124.82411997683347,147.8262993191751,2481.6907792948829,0.0,0.0,8.260257363038882,9.870927716122312,122.22617642911682,0.0,0.0,10.531708154045056,12.466995653357369,211.96333259243495,0.0,0.0,68.5906610037913,81.52015679405686,1226.4107072612,0.0,0.0,43.12539871772302,51.61468674012185,600.0577671999515,0.0,0.0,24.111868296451786,28.59733254211789,459.31290847282579,31.0725848851766,21.31178661534747,125.2079847303936,148.80119450418204,2793.202488194899,0.0,0.0,54.47571376971018,65.49303573148964,620.2287554202583,0.0,16.836930090401066,49.9120241422648,22.0,30.0,0.0,17.027865579848389,49.29279379267303,12.0,30.0,0.0,17.033659011528085,49.31789875403736,22.0,30.0,0.0,16.877186916963795,49.77221501265389,12.0,30.0,0.0,14.270348196553649,58.96614753181035,12.0,30.0,0.0,16.998185873097513,49.49766823699201,12.0,30.0,0.0,15.842248675562893,53.23695551397806,10.0,30.0,0.0,13.82350653115875,60.699797718187678,12.0,30.0,0.0,16.442769818590766,51.281491324000707,20.0,30.0,0.0,15.867462245450059,0.0,0.0,0.0,12.537406656406443,0.0,0.0,492.01673324959168,473.74814806296049,490.2591623990262,477.2691534660557,575.8209920803312,883.9198891515733,537.9986642678174,640.2918256294231,758.9159403803396,0.0,81.78524648739894,81.78524648739894,60.0,0.0,60.0,60.0,12.0,12.0,12.0,19.0,12.0,12.0,21.0,10.0,0.0,0.0,0.0,0.0,0.0,0.0,0.0,0.0,0.0,0.0,0.0,0.0,0.0,81.78524648739894,81.78524648739894,0.0,0.0,0.0,81.78524648739894,0.0,0.0,0.00082 
 02/18  04:00:00,6.95,95.0,4.26,0.0,0.0,0.0,0.0,0.0,2.0,2.0,0.0,0.0,0.0,0.0,0.0,198.0,0.0,0.0,0.0,0.0,0.0,0.0,0.0,0.0,0.0,0.0,0.0,16.975591244979787,-62.796774016944258,17.102622787174484,-129.63274825887698,17.056790410397129,-200.06481270090854,17.084431512896619,-73.66435692967844,14.240575964339524,7.6271065684691738,16.782550745779554,-22.292034797583484,15.777326867979096,2.6352126568731366,14.063688445431774,-111.68185858195239,16.314756251373248,-60.15949170285717,334.4046185628158,400.55915697097967,0.0,0.0,0.0,0.0,0.0,0.0,0.0,0.0,0.0,0.0,0.0,0.0,0.0,0.0,0.0,0.0,0.0,0.0,0.0,0.0,0.0,0.0,0.9381270483868851,0.28636356788366459,156.82816501487936,186.3288310971487,3133.673100155651,0.16987676800337613,0.025927467643982926,61.46043216365631,73.10756777593126,1230.8148365768246,0.9033249051547033,0.17069631616679965,187.2408412793202,222.32175043355157,3730.609942789367,0.17611960141125852,0.03328034796131112,113.06001146167833,134.18566248962473,2262.413708841529,0.0,0.0,8.145554054215582,9.757314130464679,120.76774515713511,0.0,0.0,10.598884199079159,12.57792760628782,213.31042541488777,0.0,0.0,68.39759830926977,81.49124573454884,1222.544935053317,0.0,0.0,43.232032581051,51.87144059388952,601.3048417983096,0.0,0.0,23.854671215945105,28.361828829601309,454.7644471699994,31.04048022134053,21.28976695565195,225.32810773006387,268.34434258906375,4704.999665985088,0.0,0.0,54.54290028899542,65.73954260309067,619.7840301453573,0.0,16.831705300498773,49.90902693852378,22.0,30.0,0.0,16.932455168269514,49.53798365954532,12.0,30.0,0.0,16.837555363649778,49.87242590173592,22.0,30.0,0.0,16.915484849238817,49.650946166686228,12.0,30.0,0.0,14.257358289463859,59.00031014843693,12.0,30.0,0.0,16.97088114062011,49.56944217887501,12.0,30.0,0.0,15.811743111790591,53.319736163685849,10.0,30.0,0.0,13.792760065440314,60.80228818116953,12.0,30.0,0.0,16.423139624328067,51.33239032603534,20.0,30.0,0.0,16.06871968325253,0.0,0.0,0.0,12.497901822819579,0.0,0.0,485.85768386412328,467.60227322164158,480.1564302873393,484.175418859115,575.0716064725882,881.660624819575,539.9730478949225,639.0848311014123,759.2250745858939,0.0,81.78524648739894,81.78524648739894,60.0,0.0,60.0,60.0,12.0,12.0,12.0,19.0,12.0,12.0,21.0,10.0,0.0,0.0,0.0,0.0,0.0,0.0,0.0,0.0,0.0,0.0,0.0,0.0,0.0,81.78524648739894,81.78524648739894,0.0,0.0,0.0,81.78524648739894,0.0,0.0,0.00083 
 02/18  04:10:00,6.956666666666667,95.0,4.238333333333333,0.0,0.0,0.0,0.0,0.0,2.0,2.0,0.0,0.0,0.0,0.0,0.0,99.0,0.0,0.0,0.0,0.0,0.0,0.0,0.0,0.0,0.0,0.0,0.0,16.958203801532,-5.907563917813604,17.006845640890334,-203.34557830527593,17.02228419300839,-142.8838790172622,17.088579777246339,-7.072981708624837,14.223056867351027,7.1227653140607,16.746377058159394,-20.87530626225515,15.731091531230874,-5.41972757455278,14.023596340352775,-109.4809404636353,16.289788541953688,-59.538690035087487,277.6832387895365,402.84919852734176,0.0,0.0,0.0,0.0,0.0,0.0,0.0,0.0,0.0,0.0,0.0,0.0,0.0,0.0,0.0,0.0,0.0,0.0,0.0,0.0,0.0,0.0,0.924513039007832,0.2822078873650281,196.26177088343969,232.4478553664093,3915.053427815574,0.16485347978481627,0.025160787512945098,121.12611964129082,143.49350470039244,2392.9916999459699,0.8846181922283185,0.16716141198569896,68.37345824630218,80.98813848132852,1371.6407848833888,0.17275035810297569,0.03264368066949653,3.996523306939555,4.731591976697091,83.67535880019182,0.0,0.0,7.940935793241779,9.490451892684665,117.35289328516157,0.0,0.0,10.690578276677363,12.658057366795708,214.2491518703538,0.0,0.0,66.32555269633112,78.85343195795652,1177.1607729548337,0.0,0.0,43.177707957352357,51.69091899074182,596.3812260834268,0.0,0.0,24.51448843094532,29.07978568937055,465.80404237312697,30.910888757097227,21.20088392119152,153.53200605091477,182.4671354521137,3302.260271342256,0.0,0.0,54.41774808897752,65.44107601454587,613.7560208079677,0.0,16.852683533398129,49.824293078993587,22.0,30.0,0.0,16.78807216904478,49.93605877760137,12.0,30.0,0.0,16.826989991942456,49.83978008034269,22.0,30.0,0.0,16.963682514110656,49.459348788443097,12.0,30.0,0.0,14.236980974765484,59.05744256333757,12.0,30.0,0.0,16.930026855646444,49.67633436543441,12.0,30.0,0.0,15.750634140072995,53.496662699922108,10.0,30.0,0.0,13.748095307481075,60.961211464915788,12.0,30.0,0.0,16.39396399619098,51.408186584321587,20.0,30.0,0.0,15.859316537757,0.0,0.0,0.0,12.460142435245324,0.0,0.0,480.8259440610475,463.6182837212456,479.0108598599261,478.26717084863727,573.7984405668634,877.2347779292328,540.32766684139,637.738052626061,755.4828875175322,0.0,81.78524648739894,81.78524648739894,60.0,0.0,60.0,60.0,12.0,12.0,12.0,19.0,12.0,12.0,21.0,10.0,0.0,0.0,0.0,0.0,0.0,0.0,0.0,0.0,0.0,0.0,0.0,0.0,0.0,81.78524648739894,81.78524648739894,0.0,0.0,0.0,81.78524648739894,0.0,0.0,0.0008400000000000001 
 02/18  04:20:00,6.963333333333334,95.0,4.216666666666667,0.0,0.0,0.0,0.0,0.0,2.0,2.0,0.0,0.0,0.0,0.0,0.0,99.0,0.0,0.0,0.0,0.0,0.0,0.0,0.0,0.0,0.0,0.0,0.0,16.812724249596309,-119.60516332367934,17.022299994981539,-9.440690242292022,17.04724464295744,-32.81634305364787,16.961449084491428,-204.3373945220219,14.208356616439759,7.817600818640642,16.71310340894043,-24.27291623141855,15.710770790425732,9.070381227445523,13.988583065483628,-109.82440959487986,16.267466548445307,-60.89672786642507,291.4873923028408,402.53699871761776,0.0,0.0,0.0,0.0,0.0,0.0,0.0,0.0,0.0,0.0,0.0,0.0,0.0,0.0,0.0,0.0,0.0,0.0,0.0,0.0,0.0,0.0,0.9429891776912351,0.2878477343379839,114.69759562869696,135.9687005400712,2237.520776368562,0.18266622232498554,0.027879460061810979,72.1338050906793,85.42692035853273,1439.0500593101616,0.8933262202730244,0.16880691993065473,119.15215971420885,141.08643234723713,2400.068351359704,0.16178228005336113,0.03057110356261547,116.84808998478509,138.45513341748035,2294.032742931514,0.0,0.0,8.31025962053991,9.932595243825759,122.46328973636229,0.0,0.0,10.530234383637398,12.470076058461967,210.16171327817524,0.0,0.0,68.89746251194994,81.9152360204339,1220.8481181243829,0.0,0.0,43.239709540742918,51.772770294743249,593.6416840685645,0.0,0.0,24.76578567738379,29.381073277070649,469.0967077507778,30.857323339112619,21.164144951380405,155.10263014770667,184.32919308572628,3333.0737181095385,0.0,0.0,54.454716070404909,65.49566357876489,609.4351777144046,0.0,16.598581752445747,50.580474648565338,22.0,30.0,0.0,16.882467706555816,49.716820066347157,12.0,30.0,0.0,16.93082648625269,49.566493066247897,22.0,30.0,0.0,16.730836124328307,50.145117377785847,12.0,30.0,0.0,14.222461300975115,59.092725939529028,12.0,30.0,0.0,16.89384769404888,49.77294898781871,12.0,30.0,0.0,15.742743871824735,53.519500951427279,10.0,30.0,0.0,13.712763161083096,61.08796863257672,12.0,30.0,0.0,16.369851118656844,51.46936597728515,20.0,30.0,0.0,15.876079316672465,0.0,0.0,0.0,12.42326083438003,0.0,0.0,484.5303112645392,479.0817212512644,486.06138615020009,475.8213133994696,573.1047463170751,878.0866040474979,533.7210144769914,637.779734633965,752.1495392191329,0.0,81.78524648739894,81.78524648739894,60.0,0.0,60.0,60.0,12.0,12.0,12.0,19.0,12.0,12.0,21.0,10.0,0.0,0.0,0.0,0.0,0.0,0.0,0.0,0.0,0.0,0.0,0.0,0.0,0.0,81.78524648739894,81.78524648739894,0.0,0.0,0.0,81.78524648739894,0.0,0.0,0.0008333333333333334 
 02/18  04:30:00,6.970000000000001,95.0,4.195,0.0,0.0,0.0,0.0,0.0,2.0,2.0,0.0,0.0,0.0,0.0,0.0,198.0,0.0,0.0,0.0,0.0,0.0,0.0,0.0,0.0,0.0,0.0,0.0,16.824337006208589,-32.31068815225922,16.959463158556664,-132.27187478601577,16.9144689533885,-211.45976505896079,16.95492752221751,-63.21132186236514,14.194155016052577,6.4323694200371339,16.685886071568985,-22.185994947423184,15.6682552930824,-8.261503392705209,13.957114309238508,-111.64119996369903,16.247762039681903,-62.281867108766849,325.867401713866,401.9253606762801,0.0,0.0,0.0,0.0,0.0,0.0,0.0,0.0,0.0,0.0,0.0,0.0,0.0,0.0,0.0,0.0,0.0,0.0,0.0,0.0,0.0,0.0,0.9197532472619876,0.2807549594816812,180.3810487989733,214.50997855548523,3545.518541421654,0.16459844869530344,0.025121863353984039,73.70260777414532,87.72497205418537,1450.9394524774644,0.8650396212236331,0.16346175760083776,207.4462616302127,246.53419809747465,4064.5854414552979,0.1692454997044976,0.031981386943404677,120.73640379825577,143.38591098195844,2380.906636288492,0.0,0.0,7.925653812493518,9.495915296653099,116.43594352213525,0.0,0.0,10.784074708278898,12.803038689624576,214.5108677476095,0.0,0.0,65.95002669774925,78.6116876441995,1160.373736492309,0.0,0.0,43.14002599264515,51.784382558144198,589.0438129878452,0.0,0.0,25.275107479997304,30.060555791803684,477.32388887433498,30.73270931294909,21.078675797633126,258.04289300602309,307.50297615718406,5247.563012209296,0.0,0.0,54.251255066340068,65.4173412199988,602.679614099238,0.0,16.690295876827176,50.30369208048796,22.0,30.0,0.0,16.784699831056864,49.936700625085027,12.0,30.0,0.0,16.701245217916119,50.23639632347118,22.0,30.0,0.0,16.785661750383399,49.99144903892403,12.0,30.0,0.0,14.208847439043442,59.13032999917522,12.0,30.0,0.0,16.869891089079787,49.836123111691467,12.0,30.0,0.0,15.688637806290093,53.680018566863569,10.0,30.0,0.0,13.684148969714558,61.179880489845519,12.0,30.0,0.0,16.351131181334006,51.51624226797932,20.0,30.0,0.0,15.973539334118576,0.0,0.0,0.0,12.390621592365135,0.0,0.0,485.00487909292738,467.6317890003351,478.1502771712136,481.03637144143786,572.3893129401791,874.9391967963636,538.5116998691365,637.9271810389478,749.4228901433343,0.0,81.78524648739894,81.78524648739894,60.0,0.0,60.0,60.0,12.0,12.0,12.0,19.0,12.0,12.0,21.0,10.0,0.0,0.0,0.0,0.0,0.0,0.0,0.0,0.0,0.0,0.0,0.0,0.0,0.0,81.78524648739894,81.78524648739894,0.0,0.0,0.0,81.78524648739894,0.0,0.0,0.0008266666666666667 
 02/18  04:40:00,6.976666666666667,95.0,4.173333333333333,0.0,0.0,0.0,0.0,0.0,2.0,2.0,0.0,0.0,0.0,0.0,0.0,99.0,0.0,0.0,0.0,0.0,0.0,0.0,0.0,0.0,0.0,0.0,0.0,16.811370685650759,-6.979715057690555,16.874859224590169,-190.72555872525164,16.882876369345934,-135.78405381409858,16.962540091182974,-9.351924093100763,14.176549531811756,6.335811640341888,16.65200062654698,-21.89854418651197,15.62517413184612,-6.84496362122627,13.919110373810538,-109.59520175092485,16.22264705924652,-62.40779569299002,260.9700389456975,402.2882585422642,0.0,0.0,0.0,0.0,0.0,0.0,0.0,0.0,0.0,0.0,0.0,0.0,0.0,0.0,0.0,0.0,0.0,0.0,0.0,0.0,0.0,0.0,0.9036023900863233,0.2758249053987556,185.47686745090304,219.79885334686936,3642.1834582415065,0.16235135746243593,0.024778900711604998,113.38448538433203,134.39111688718183,2207.9711209058507,0.8652252265246423,0.16349683040904057,65.25230371879417,77.33148852027897,1290.294840215185,0.16734599112015839,0.03162244730161722,4.9734318758931999,5.891233790076347,101.70462560011916,0.0,0.0,7.877601549007813,9.417049298472165,115.35591793225705,0.0,0.0,10.853886522682244,12.856764151331979,215.03113225101687,0.0,0.0,65.54401484032766,77.9614342912121,1145.9296623567498,0.0,0.0,43.123581947977758,51.649064758203667,584.892487128686,0.0,0.0,25.615333791705817,30.395531088854466,482.12652969553695,30.623089504336777,21.003490743715216,143.45532349361216,170.58054440308599,3065.822239686382,0.0,0.0,54.181062576989109,65.18347022851352,598.4357324326707,0.0,16.711290608509115,50.2092055235592,22.0,30.0,0.0,16.661722718572937,50.28402171618415,12.0,30.0,0.0,16.697648316418623,50.200093175969708,22.0,30.0,0.0,16.836257752364636,49.79320101012848,12.0,30.0,0.0,14.188758138577727,59.18463583830204,12.0,30.0,0.0,16.831593672632779,49.934256310797668,12.0,30.0,0.0,15.635052020445741,53.83495029977551,10.0,30.0,0.0,13.642345489450938,61.32078635432314,12.0,30.0,0.0,16.32173516829285,51.591999679477897,20.0,30.0,0.0,15.729621159096962,0.0,0.0,0.0,12.36330543061686,0.0,0.0,480.3186143112942,461.9052963641883,478.1363319310181,474.970888745347,571.8292869238678,870.7530051351045,539.3399144585188,637.849962578253,746.3244843376897,0.0,81.78524648739894,81.78524648739894,60.0,0.0,60.0,60.0,12.0,12.0,12.0,19.0,12.0,12.0,21.0,10.0,0.0,0.0,0.0,0.0,0.0,0.0,0.0,0.0,0.0,0.0,0.0,0.0,0.0,81.78524648739894,81.78524648739894,0.0,0.0,0.0,81.78524648739894,0.0,0.0,0.00082 
 02/18  04:50:00,6.983333333333333,95.0,4.151666666666666,0.0,0.0,0.0,0.0,0.0,2.0,2.0,0.0,0.0,0.0,0.0,0.0,99.0,0.0,0.0,0.0,0.0,0.0,0.0,0.0,0.0,0.0,0.0,0.0,16.64775697652557,-137.63024893840066,16.890806972500259,-9.304112429590532,16.90718008538514,-31.118939649237747,16.838937511754638,-202.02656908339123,14.161555770028638,6.906748545487602,16.6208539435486,-24.610870790144817,15.603865753627347,4.894442777215318,13.886355854996208,-109.196216302636,16.20036591836907,-63.288489864443707,291.13823053454146,401.0466123362796,0.0,0.0,0.0,0.0,0.0,0.0,0.0,0.0,0.0,0.0,0.0,0.0,0.0,0.0,0.0,0.0,0.0,0.0,0.0,0.0,0.0,0.0,0.935110207628859,0.28544267632138556,95.6553531727668,113.4734087549528,1831.6182436813907,0.17836771379802375,0.02722339954182292,54.3937476993206,64.45150369652912,1070.1532088288103,0.861435575536594,0.16278072100086816,116.19933329850584,137.6635444356958,2305.8882724461957,0.15669549318921575,0.029609881555029424,114.39300696495899,135.61294924617529,2214.3497018363125,0.0,0.0,8.178643470636415,9.777672599670954,119.41861200796139,0.0,0.0,10.71525940718259,12.694346644703867,211.45082124950469,0.0,0.0,67.54545124155509,80.34686977069276,1178.644931550961,0.0,0.0,43.16708988497979,51.70818985250817,582.1734114292393,0.0,0.0,25.891164032007358,30.726152692580329,485.7846887152098,30.575678865886919,20.970973159044534,163.2588569524241,194.08671990189186,3438.153655285833,0.0,0.0,54.200284587612,65.21367885516728,595.3645329785755,0.0,16.41976578913906,51.11749120698646,22.0,30.0,0.0,16.753162823194189,50.05690271067507,12.0,30.0,0.0,16.798722961288278,49.91836046067979,22.0,30.0,0.0,16.60935257171845,50.491074686811248,12.0,30.0,0.0,14.174027147992538,59.21912665161043,12.0,30.0,0.0,16.798119369605357,50.02172741430372,12.0,30.0,0.0,15.624482333677405,53.86332589166001,10.0,30.0,0.0,13.61033141713892,61.43559824774293,12.0,30.0,0.0,16.29796358449881,51.649650657729967,20.0,30.0,0.0,15.800771837375411,0.0,0.0,0.0,12.339676412081515,0.0,0.0,483.20482520852519,476.79169640357466,483.1183792440605,473.7091076040633,571.5269150065393,871.0377126474575,534.3418433378002,638.3678369206057,743.3830735589326,0.0,81.78524648739894,81.78524648739894,60.0,0.0,60.0,60.0,12.0,12.0,12.0,19.0,12.0,12.0,21.0,10.0,0.0,0.0,0.0,0.0,0.0,0.0,0.0,0.0,0.0,0.0,0.0,0.0,0.0,81.78524648739894,81.78524648739894,0.0,0.0,0.0,81.78524648739894,0.0,0.0,0.0008233333333333333 
 02/18  05:00:00,6.99,95.0,4.13,0.0,0.0,0.0,0.0,0.0,2.0,2.0,0.0,0.0,0.0,0.0,0.0,198.0,0.0,0.0,0.0,0.0,0.0,0.0,0.0,0.0,0.0,0.0,0.0,16.68114013852086,-15.642114574998232,16.827050122951776,-134.20940040739479,16.778900379436139,-203.13852385932206,16.83238470317797,-64.77919551542687,14.147103734125006,5.6032843374481449,16.595279459061815,-22.70428646963333,15.559155502731518,-13.103437215481904,13.857704506140804,-109.42427714434393,16.180617357405536,-64.77685560642675,308.8431027312645,398.37312477890228,0.0,0.0,0.0,0.0,0.0,0.0,0.0,0.0,0.0,0.0,0.0,0.0,0.0,0.0,0.0,0.0,0.0,0.0,0.0,0.0,0.0,0.0,0.9008451984814733,0.2749832718197415,184.42702122484998,219.4837075500053,3569.0047310628426,0.1594488964218816,0.024335912152301833,79.9244619975878,95.18192567452336,1549.318346199316,0.8376191545317872,0.1582802635169666,203.26513318691065,241.71307632563649,3924.676731221949,0.16277904400053579,0.03075945653827206,117.86875052010504,140.04125140631238,2291.218042028524,0.0,0.0,7.772704978885956,9.314799054774138,113.13716849042541,0.0,0.0,10.99535065077557,13.059081742440894,216.28342362816728,0.0,0.0,64.20637239636558,76.56991105756724,1111.9060250266066,0.0,0.0,42.95206142013951,51.58017106434771,576.4287028437645,0.0,0.0,26.535497631595996,31.569985602743047,496.3883465722382,30.436533817308985,20.87553759760562,259.32185532730019,309.2168490350147,5187.54058678144,0.0,0.0,53.87499850079904,64.98477672588447,588.5938336160274,0.0,16.557880063469474,50.677793893234348,22.0,30.0,0.0,16.652254403135254,50.322331092273177,12.0,30.0,0.0,16.577006943665027,50.589156350956248,22.0,30.0,0.0,16.66194331862274,50.33646600278155,12.0,30.0,0.0,14.16030009769581,59.256666641659197,12.0,30.0,0.0,16.775849568053489,50.07928498272109,12.0,30.0,0.0,15.566803610233717,54.044857892885449,10.0,30.0,0.0,13.58604879562277,61.508691219066609,12.0,30.0,0.0,16.2793151579543,51.69601844948625,20.0,30.0,0.0,15.845718512483562,0.0,0.0,0.0,12.318632886137117,0.0,0.0,483.6744651654517,467.80144564966965,477.3546160618761,478.95110954654259,571.3569202528444,867.6830002277652,538.6889100453661,638.9302045650942,740.7066208333962,0.0,81.78524648739894,81.78524648739894,60.0,0.0,60.0,60.0,12.0,12.0,12.0,19.0,12.0,12.0,21.0,10.0,0.0,0.0,0.0,0.0,0.0,0.0,0.0,0.0,0.0,0.0,0.0,0.0,0.0,81.78524648739894,81.78524648739894,0.0,0.0,0.0,81.78524648739894,0.0,0.0,0.0008266666666666667 
 02/18  05:10:00,6.970000000000001,95.0,4.121666666666667,0.0,0.0,0.0,0.0,0.0,2.0,2.0,0.0,0.0,0.0,0.0,0.0,99.0,0.0,0.0,0.0,0.0,0.0,0.0,0.0,0.0,0.0,0.0,0.0,16.67102037823377,-6.236218332516728,16.744035377800594,-186.3486748842115,16.74604814912697,-132.34465047349387,16.838781550886659,-10.509093450493709,14.129350072941758,5.781148716613387,16.560904756698734,-22.852204760670419,15.521029973235312,-7.506046196780289,13.822488172304479,-107.43183663940613,16.15450555196211,-64.97747741503247,250.75255115991514,397.67055255451558,0.0,0.0,0.0,0.0,0.0,0.0,0.0,0.0,0.0,0.0,0.0,0.0,0.0,0.0,0.0,0.0,0.0,0.0,0.0,0.0,0.0,0.0,0.8875591411769823,0.27092769877197267,179.6322879253975,212.98668353101287,3483.9344771801218,0.15995354360222187,0.024412934005223119,109.62071151522352,129.996327612133,2109.3343344357028,0.8504644286322407,0.16070756398946355,63.21493433885452,74.95547214972643,1235.3410738930014,0.16376625037748478,0.030946003472691748,5.426912960900467,6.431650567599633,109.3378151867144,0.0,0.0,7.816885277664366,9.346787115975247,113.8318980975933,0.0,0.0,11.035561455879192,13.077219139415505,216.79441538222128,0.0,0.0,64.77692769185829,77.08485216426621,1119.2881348510412,0.0,0.0,42.96639008300764,51.48153074334731,575.4772749916648,0.0,0.0,26.59482412789112,31.56822579410653,497.2079182911283,30.41562783068005,20.861198786474668,138.22444509266513,164.44069878208937,2933.344589959484,0.0,0.0,53.878865901468099,64.83902284461122,589.2546762252092,0.0,16.57889121580111,50.587193592994989,22.0,30.0,0.0,16.534932746760818,50.674336021310818,12.0,30.0,0.0,16.57016654795842,50.58488099253245,22.0,30.0,0.0,16.711710236966558,50.154875472944407,12.0,30.0,0.0,14.140272830517822,59.309208770141768,12.0,30.0,0.0,16.738178960299476,50.17733000431214,12.0,30.0,0.0,15.523082200436632,54.17909941670606,10.0,30.0,0.0,13.549524698562458,61.630192592147327,12.0,30.0,0.0,16.24935218997705,51.77384867785379,20.0,30.0,0.0,15.610741208592815,0.0,0.0,0.0,12.30189237092249,0.0,0.0,479.60962158629828,462.18485623139795,478.5985533646122,473.7763027354789,571.0804874507352,863.8615522024327,540.1001793621324,639.6465977410296,739.0314921691154,0.0,81.78524648739894,81.78524648739894,60.0,0.0,60.0,60.0,12.0,12.0,12.0,19.0,12.0,12.0,21.0,10.0,0.0,0.0,0.0,0.0,0.0,0.0,0.0,0.0,0.0,0.0,0.0,0.0,0.0,81.78524648739894,81.78524648739894,0.0,0.0,0.0,81.78524648739894,0.0,0.0,0.00083 
 02/18  05:20:00,6.950000000000001,95.0,4.113333333333333,0.0,0.0,0.0,0.0,0.0,2.0,2.0,0.0,0.0,0.0,0.0,0.0,99.0,0.0,0.0,0.0,0.0,0.0,0.0,0.0,0.0,0.0,0.0,0.0,16.516153640936449,-129.48436625669866,16.757745477894347,-8.876344681765432,16.76912992290466,-28.993663012763137,16.71345390661878,-202.7685662582985,14.113945775749979,6.338722860795286,16.528582506933497,-25.10140264575,15.500590342525939,2.532015966029576,13.791547574504432,-106.45777987058114,16.131263439206835,-65.34523736401525,282.6251493570071,396.43674192415167,0.0,0.0,0.0,0.0,0.0,0.0,0.0,0.0,0.0,0.0,0.0,0.0,0.0,0.0,0.0,0.0,0.0,0.0,0.0,0.0,0.0,0.0,0.9246658252867006,0.2822545254232908,89.97733060359873,106.78910554145222,1709.392864323382,0.17603865570285225,0.02686792669457452,49.526574261475207,58.71531982048362,965.5667545058213,0.8489438429460848,0.16042022731407505,117.16659082666675,138.88281181409713,2302.982401608005,0.15392867130409447,0.02908705051097778,115.69610222952366,137.2283041421869,2219.0489938997936,0.0,0.0,8.090659278016802,9.67493170246949,117.90582276505073,0.0,0.0,10.882921201619464,12.898194457154505,213.53027290952836,0.0,0.0,66.57831608752902,79.23343270231629,1151.8479305816834,0.0,0.0,43.03042404381829,51.564818309688508,575.6656150379781,0.0,0.0,26.761444979395369,31.76954862784835,500.15780801445438,30.439121218860956,20.87731222144099,159.14051378610857,189.28595202304954,3330.3497363475328,0.0,0.0,53.95331924261768,64.9342893045894,590.4625800442252,0.0,16.303386688906469,51.46278270417085,22.0,30.0,0.0,16.623611095696118,50.43021919100852,12.0,30.0,0.0,16.66862838024796,50.29770283010645,22.0,30.0,0.0,16.483317154237225,50.86407846779713,12.0,30.0,0.0,14.125033139349786,59.349085661500748,12.0,30.0,0.0,16.70464922394016,50.26978448273288,12.0,30.0,0.0,15.513262040313912,54.19803137990017,10.0,30.0,0.0,13.521041017119867,61.72826494392546,12.0,30.0,0.0,16.225278791183596,51.83749206629686,20.0,30.0,0.0,15.678407678280597,0.0,0.0,0.0,12.285022650665113,0.0,0.0,483.5525406341559,475.7768457218255,481.9966326977039,473.47844601031866,571.1476854638894,864.5524511224206,534.9983531409456,639.442278052999,737.4261713375042,0.0,81.78524648739894,81.78524648739894,60.0,0.0,60.0,60.0,12.0,12.0,12.0,19.0,12.0,12.0,21.0,10.0,0.0,0.0,0.0,0.0,0.0,0.0,0.0,0.0,0.0,0.0,0.0,0.0,0.0,81.78524648739894,81.78524648739894,0.0,0.0,0.0,81.78524648739894,0.0,0.0,0.0008366666666666668 
 02/18  05:30:00,6.93,95.0,4.105,0.0,0.0,0.0,0.0,0.0,2.0,2.0,0.0,0.0,0.0,0.0,0.0,198.0,0.0,0.0,0.0,0.0,0.0,0.0,0.0,0.0,0.0,0.0,0.0,16.54558665950422,-14.850997733288978,16.693275476799437,-130.6329443060958,16.642130400257409,-198.51364345388448,16.705247482703436,-64.61992191333161,14.099174606053566,5.217325367933441,16.50124062305163,-23.314110207020549,15.45814154868243,-13.930787227137785,13.764048863062602,-106.28117883395112,16.110399030185154,-66.8014989857358,303.96085519814099,393.89237149938949,0.0,0.0,0.0,0.0,0.0,0.0,0.0,0.0,0.0,0.0,0.0,0.0,0.0,0.0,0.0,0.0,0.0,0.0,0.0,0.0,0.0,0.0,0.8937158687366105,0.27280704173889216,180.41330082374024,214.81886301236828,3468.6977587815856,0.15844677386516232,0.02418296304413344,78.263521791154,93.25136845497578,1507.4484360094435,0.8322499344001617,0.15726567165535944,200.56839074818658,238.62798388739317,3847.5962885449046,0.16164229762621308,0.030544651856805186,117.22203160992113,139.34362178163904,2264.033236134503,0.0,0.0,7.71606127873973,9.249309603286103,112.50731308306939,0.0,0.0,11.138727177433975,13.23477972623548,218.42308279178878,0.0,0.0,63.56664427040177,75.84172351129408,1095.2786785584472,0.0,0.0,42.8148106034716,51.435252738679938,572.4565945290972,0.0,0.0,27.2522310193745,32.43358964848201,509.2357319510369,30.37566336351197,20.833788315165966,254.8722870289127,304.0606648139628,5074.052483433462,0.0,0.0,53.66198584436491,64.74547498125543,587.0723473501961,0.0,16.430510915686186,51.04694504667499,22.0,30.0,0.0,16.52455308087924,50.6952264369615,12.0,30.0,0.0,16.449481497529875,50.96375889332812,22.0,30.0,0.0,16.53513080449757,50.70333182019847,12.0,30.0,0.0,14.110994755855132,59.389073360849398,12.0,30.0,0.0,16.68147509375522,50.331874529988379,12.0,30.0,0.0,15.459651517442517,54.37192474515861,10.0,30.0,0.0,13.499022895030976,61.797650923549387,12.0,30.0,0.0,16.206038746302146,51.88711621974491,20.0,30.0,0.0,15.725307097098455,0.0,0.0,0.0,12.26458828740935,0.0,0.0,483.19686315585906,468.1304101132479,477.22161905228736,478.3969965527567,571.1040229820665,861.6958729464076,539.1167483700283,639.9244557881818,735.6317997220622,0.0,81.78524648739894,81.78524648739894,60.0,0.0,60.0,60.0,12.0,12.0,12.0,19.0,12.0,12.0,21.0,10.0,0.0,0.0,0.0,0.0,0.0,0.0,0.0,0.0,0.0,0.0,0.0,0.0,0.0,81.78524648739894,81.78524648739894,0.0,0.0,0.0,81.78524648739894,0.0,0.0,0.0008433333333333333 
 02/18  05:40:00,6.91,95.0,4.096666666666667,0.0,0.0,0.0,0.0,0.0,2.0,2.0,0.0,0.0,0.0,0.0,0.0,99.0,0.0,0.0,0.0,0.0,0.0,0.0,0.0,0.0,0.0,0.0,0.0,16.534663736820009,-4.667467658699934,16.609983362504125,-183.45158367362184,16.608855863667359,-128.96678657908206,16.711218534943037,-11.043929299906097,14.080991919506446,5.374482813123706,16.466546062401556,-23.331600329854156,15.421255592115877,-9.059625076392877,13.730805899571582,-104.44193630777477,16.08381217119877,-66.7927273371937,246.66652934820014,393.6089628580071,0.0,0.0,0.0,0.0,0.0,0.0,0.0,0.0,0.0,0.0,0.0,0.0,0.0,0.0,0.0,0.0,0.0,0.0,0.0,0.0,0.0,0.0,0.8807848384682112,0.2688598408022623,178.0725594279992,211.2497739671384,3430.3448131822735,0.15872686477822449,0.024225711962488476,109.16419278657054,129.52392361716913,2086.5326772072237,0.8444413030768178,0.15956940723295882,62.377800973704797,74.00237135731185,1210.9159679208293,0.16228082632254083,0.03066531109647407,5.717985906943963,6.780179567068776,114.26162446395616,0.0,0.0,7.748664016868015,9.267610572034665,113.02535143985392,0.0,0.0,11.169035518918806,13.240854671130104,218.71841058124918,0.0,0.0,64.01182196002276,76.2087396952978,1100.6685078949186,0.0,0.0,42.81082777603957,51.3146023251514,571.4892580910148,0.0,0.0,27.29370744740909,32.408827082147919,509.6870447658261,30.352463031096005,20.817875878666677,137.29721849819249,163.41893319533109,2898.0784462908497,0.0,0.0,53.64716644498229,64.57880781809591,587.0925554288572,0.0,16.448894482365213,50.9678934558744,22.0,30.0,0.0,16.40621080392565,51.0273467452494,12.0,30.0,0.0,16.440873033439993,50.94180028827239,22.0,30.0,0.0,16.584051261157094,50.51328194759884,12.0,30.0,0.0,14.090403004990846,59.44624735536256,12.0,30.0,0.0,16.643110400280379,50.43478188647163,12.0,30.0,0.0,15.417473870337576,54.49635984004526,10.0,30.0,0.0,13.465178811685469,61.91200855515064,12.0,30.0,0.0,16.175600112677004,51.968617326494129,20.0,30.0,0.0,15.493210460075906,0.0,0.0,0.0,12.24380436465162,0.0,0.0,479.44084302269979,462.5723520472162,478.9878508875858,473.63635191726316,570.9033825126369,858.5215628926591,540.7552215293263,640.5920087647244,734.5821536470286,0.0,81.78524648739894,81.78524648739894,60.0,0.0,60.0,60.0,12.0,12.0,12.0,19.0,12.0,12.0,21.0,10.0,0.0,0.0,0.0,0.0,0.0,0.0,0.0,0.0,0.0,0.0,0.0,0.0,0.0,81.78524648739894,81.78524648739894,0.0,0.0,0.0,81.78524648739894,0.0,0.0,0.00085 
 02/18  05:50:00,6.890000000000001,95.0,4.088333333333334,0.0,0.0,0.0,0.0,0.0,2.0,2.0,0.0,0.0,0.0,0.0,0.0,99.0,0.0,0.0,0.0,0.0,0.0,0.0,0.0,0.0,0.0,0.0,0.0,16.3815153727624,-126.461881341967,16.622574189126668,-8.486231544594603,16.63133223297846,-27.13869199193141,16.585891157523478,-202.53017980494043,14.065219449518679,5.8796754323173279,16.434310129197955,-25.47076599947104,15.400965526869874,0.5533924322915027,13.700941176546364,-103.85172734400544,16.060310955683908,-67.00739080831727,279.5811615204284,392.93093694848428,0.0,0.0,0.0,0.0,0.0,0.0,0.0,0.0,0.0,0.0,0.0,0.0,0.0,0.0,0.0,0.0,0.0,0.0,0.0,0.0,0.0,0.0,0.9178194680208356,0.28016467277803289,89.52987632211047,106.3143845813169,1689.474269448654,0.17477348118712394,0.026674829241014033,49.740599304587629,59.00084220219276,963.0426632910139,0.842368823253003,0.15917778217176935,118.05679609837452,140.01352818125225,2304.395272767718,0.15237022838856707,0.02879256016412831,116.86058976895493,138.6832068508586,2226.5609390896627,0.0,0.0,8.016726647916846,9.589017267958795,117.01450177534511,0.0,0.0,11.014889403208123,13.06000095860726,215.42914273179518,0.0,0.0,65.75199297316327,78.2853109535444,1131.9840968208903,0.0,0.0,42.85363603248377,51.372281064774849,571.4688192935103,0.0,0.0,27.44007675771711,32.58628399922521,512.2418910491535,30.37396232090528,20.832621619276606,160.13961649142176,190.56692275432276,3327.6826376100555,0.0,0.0,53.69934215309494,64.64857017125749,587.4380575882948,0.0,16.176039396144355,51.80776060941176,22.0,30.0,0.0,16.492104558871256,50.80695341997099,12.0,30.0,0.0,16.537207485919156,50.66817473350963,22.0,30.0,0.0,16.355632357352499,51.20254731646423,12.0,30.0,0.0,14.074701637622198,59.48806772289777,12.0,30.0,0.0,16.6094992448742,50.5266494168765,12.0,30.0,0.0,15.40748025556817,54.522035157576777,10.0,30.0,0.0,13.437579053569028,62.00882287184323,12.0,30.0,0.0,16.15135904004328,52.03257650122316,20.0,30.0,0.0,15.564653264555352,0.0,0.0,0.0,12.221186993933875,0.0,0.0,483.48878808610916,475.7632615784856,481.79444498156769,473.44165620622018,571.1153747745946,859.606515225348,535.5590444844453,640.3618367207477,733.4196006819465,0.0,81.78524648739894,81.78524648739894,60.0,0.0,60.0,60.0,12.0,12.0,12.0,19.0,12.0,12.0,21.0,10.0,0.0,0.0,0.0,0.0,0.0,0.0,0.0,0.0,0.0,0.0,0.0,0.0,0.0,81.78524648739894,81.78524648739894,0.0,0.0,0.0,81.78524648739894,0.0,0.0,0.0008433333333333333 
 02/18  06:00:00,6.87,95.0,4.08,0.0,0.0,0.0,0.0,0.0,2.0,2.0,0.0,0.0,0.0,0.0,0.0,198.0,0.0,0.0,0.0,0.0,0.0,0.0,0.0,0.0,0.0,0.0,0.0,16.410810010467317,-12.755728296836424,16.559016862900508,-127.61175934437735,16.506574233508457,-193.75126379360746,16.57761970530864,-64.52678342231229,14.050182907199904,4.762453848611699,16.407107221956829,-23.76125822417788,15.359290924807486,-15.570857593649066,13.673841990014252,-104.37947838517255,16.039191809747007,-68.53506985164137,298.8290361305312,390.98309229360179,0.0,0.0,0.0,0.0,0.0,0.0,0.0,0.0,0.0,0.0,0.0,0.0,0.0,0.0,0.0,0.0,0.0,0.0,0.0,0.0,0.0,0.0,0.8864050755020259,0.2705754198724133,178.73898979399054,212.94099290039939,3413.216900382504,0.15723074690851075,0.023997366744278195,77.92869076856394,92.90141534053793,1490.9312521768782,0.825278323411371,0.15594828484719792,199.25472187880366,237.19033909937157,3797.1997168819109,0.16017144652829694,0.03026671325175678,116.87740697288442,139.0058086277692,2242.5077051473319,0.0,0.0,7.64240219636979,9.163382759974873,111.60670676931784,0.0,0.0,11.261868031261593,13.386591730995163,220.13139013833826,0.0,0.0,62.73963715687907,74.88845866057514,1075.8428178062109,0.0,0.0,42.6260140069724,51.22764707196332,568.0821485345197,0.0,0.0,27.90373382002658,33.22019842143931,520.7886813480955,30.308474824895567,20.787705641217817,253.18615961469664,302.2030021962636,5010.587428907631,0.0,0.0,53.3942576358893,64.44351413641715,583.2721194401454,0.0,16.301487743768246,51.404222891690817,22.0,30.0,0.0,16.394758185599885,51.03646590497373,12.0,30.0,0.0,16.321752107928125,51.30886868995624,22.0,30.0,0.0,16.4071182450526,51.04944276563505,12.0,30.0,0.0,14.060400109556085,59.52901453192308,12.0,30.0,0.0,16.58629272824263,50.58857896320205,12.0,30.0,0.0,15.354914430036818,54.680084555700137,10.0,30.0,0.0,13.415221503779254,62.079753903600678,12.0,30.0,0.0,16.13189706389589,52.08206793435639,20.0,30.0,0.0,15.604800609370177,0.0,0.0,0.0,12.194872632148926,0.0,0.0,483.15667645079949,468.4392981762129,477.3518749939823,478.26301007370878,571.1445310920099,857.0764445015631,539.7702450748665,641.0240069902227,731.8888684963351,0.0,81.78524648739894,81.78524648739894,60.0,0.0,60.0,60.0,12.0,12.0,12.0,19.0,12.0,12.0,21.0,10.0,0.0,0.0,0.0,0.0,0.0,0.0,0.0,0.0,0.0,0.0,0.0,0.0,0.0,81.78524648739894,81.78524648739894,0.0,0.0,0.0,81.78524648739894,0.0,0.0,0.0008366666666666668 
 02/18  06:10:00,6.806666666666667,95.0,4.04,0.0,0.0,0.0,0.0,0.0,2.0,2.0,0.0,0.0,0.0,0.0,0.0,1000.0,0.0,0.0,0.0,0.0,0.0,0.0,0.0,0.0,0.0,0.0,0.0,17.600940221196177,-815.9254400131304,16.745369162287468,767.6867161701405,18.008950683142375,-2538.4927314493259,16.86901706704904,934.740014801007,14.040256397674295,16.413709515852604,17.43682829397015,-101.94960038823337,15.453022719333159,171.8597397790324,14.7667949558994,-154.6359152180749,17.638378416408814,-235.91704538482512,552.5877248788594,549.0648172437467,0.0,0.0,0.0,0.0,0.0,0.0,0.0,0.0,0.0,0.0,0.0,0.0,0.0,0.0,0.0,0.0,0.0,0.0,0.0,0.0,0.0,0.0,0.9017357060721587,0.275255099533626,382.4780344160021,452.5176378820808,8798.11863403191,0.28585215104356545,0.04362822818125236,336.7755635812285,400.3610394243382,6821.990668480628,0.6662094430707322,0.12588991743589049,520.433247657364,614.830589893882,12407.518660244474,0.25938341912481435,0.04901425153530127,350.9580282899935,416.95305683016809,7264.572000036449,0.0,0.0,11.732910574200892,14.090556032308007,172.73792446661586,0.0,0.0,18.124048831027694,21.459190462004515,410.3857070337969,0.0,0.0,75.26313480374967,89.92453889547864,1334.1869096066258,0.0,0.0,30.49196823668981,36.55499611674884,499.2597273292712,0.0,0.0,44.023832628332637,52.04881620170806,1031.2579391376872,31.565873863713294,21.65011924808868,676.6780847629127,805.6798016282057,13725.111944126042,0.0,0.0,50.03158839251915,60.46419990986486,569.2334954891306,2012.8231793358362,18.10390324334483,45.84028791722166,21.999999999999998,30.0,0.0,16.814323568925585,49.69462811650581,15.999999999999999,30.0,4643.729513752858,18.550372604611306,44.57829636592841,21.999999999999998,30.0,0.0,17.026045365540705,49.04155307848822,15.999999999999999,30.0,0.0,14.056576084299806,59.5127649128907,12.0,30.0,1884.7574991211032,17.985593848858416,46.33234235563077,20.0,30.0,0.0,15.573618051124452,53.853018187363208,10.0,30.0,1450.7026022387175,15.117390506278938,55.67104895679758,16.999999999999998,30.0,3115.8566972865157,18.296382555884624,45.49867233364357,20.0,30.0,0.0,16.34448445017284,0.0,0.0,0.0,12.349691994667542,0.0,0.0,479.18177642283379,479.62606553102577,477.06413963724637,476.38705315457357,568.2264845933977,833.8219197901344,525.8777879555067,645.1642581748765,713.2438521291398,13268.311315850207,79.23017538108701,87.85354653025948,60.0,0.0,60.0,60.0,16.0,16.0,19.0,19.0,16.0,12.0,21.0,10.0,1.0,0.0,2012.8231793358362,0.0,4643.729513752858,0.0,1884.7574991211032,0.0,1450.7026022387175,3115.8566972865157,13046.734452658096,7828040.671594857,10191799.477195869,79.23017538108701,87.99999999999999,0.43489114842193657,0.7680431872079947,0.3602813740196596,87.99999999999999,0.3542647819438876,10191799.477195869,0.5308035728141851 
 02/18  06:20:00,6.743333333333334,95.0,4.0,0.0,0.0,0.0,0.0,0.0,2.0,2.0,0.0,0.0,0.0,0.0,0.0,400.0,0.0,0.0,0.0,0.0,0.0,0.0,0.0,0.0,0.0,0.0,0.0,18.422404378026707,-1337.9305106587372,17.358754300926415,889.9491813585796,18.907238651905517,-3552.722611045686,17.68241419967515,853.8141554154177,14.044264467246653,27.762631670263859,18.450070197539206,-195.1375346315699,15.652731362841699,118.58939155310702,15.741260615386765,-96.63547465777779,18.47203631659132,-362.9218564216392,790.7023688362488,791.8478950505366,0.0,0.0,0.0,0.0,0.0,0.0,0.0,0.0,0.0,0.0,0.0,0.0,0.0,0.0,0.0,0.0,0.0,0.0,0.0,0.0,0.0,0.0,0.9903250648226628,0.3022970283341462,453.27751313156525,534.2103792908167,11464.318502769975,0.3358664956661003,0.05126167516271372,404.51934590322329,479.26805940698866,9024.846290689413,0.7015574330108829,0.13256943178588116,588.8733090006126,692.9249064945991,15415.320408042047,0.280999435006795,0.05309891062108747,387.2031126098557,458.0255732696015,9001.66343754981,0.0,0.0,13.972675301211526,16.772824526462217,208.08057349976793,0.0,0.0,22.50088703145447,26.47799437332909,586.1401080942358,0.0,0.0,95.8493903055738,114.31751123207582,1768.0374009922767,0.0,0.0,19.62557478033991,23.34585564523902,400.1878994676102,0.0,0.0,58.260350523137557,68.54120501529175,1524.0403259470923,32.69680371999523,22.425791303151745,777.8241104832536,923.729297168589,17007.317599401296,0.0,0.0,57.73071346926887,69.58206283419796,725.0159583355808,1953.5292368459678,19.43400315923646,42.119506607368808,22.0,30.0,0.0,17.8911538603501,46.40230506777726,16.0,30.0,4407.213070894079,19.921348207417446,40.85576204549808,22.0,30.0,0.0,18.391783931290428,44.95795188222731,16.0,30.0,0.0,14.076787648631843,59.37644509149505,12.0,30.0,1390.8593963139365,19.830626179633,41.2146205564437,20.0,30.0,0.0,15.889171704903888,52.75204931054833,10.0,30.0,636.1765489549589,16.897455598233259,49.565648425521448,16.75,30.0,910.4458530686006,19.907468411362115,41.01412027230362,19.75,30.0,0.0,17.225054743418938,0.0,0.0,0.0,12.86451526840766,0.0,0.0,480.40315797488418,481.87319484061836,476.6814794481047,476.70610079607158,567.7718117131913,770.9903151310093,558.397612481094,628.0828431988451,666.9745973458933,11459.944017757507,80.42700201846344,87.87353318008869,60.0,0.0,60.0,60.0,16.0,16.0,19.0,19.0,16.0,12.0,21.0,10.0,1.0,0.0,1953.5292368459678,0.0,4407.213070894079,0.0,1390.8593963139365,0.0,636.1765489549589,910.4458530686006,11268.566352027086,6761139.811216253,8838420.87685523,80.42700201846344,88.0,0.3756188784009029,0.7649633954367845,0.36028137401965956,88.0,0.3542647819438875,8838420.87685523,0.4604245522631386 
 02/18  06:30:00,6.68,95.0,3.96,0.0,0.0,0.0,0.0,0.0,2.0,2.0,0.0,0.0,0.0,0.0,0.0,400.0,0.0,0.0,0.0,0.0,0.0,0.0,0.0,0.0,0.0,0.0,0.0,19.103436556907466,-1165.5911381217593,17.929538531960295,1127.1023736855382,19.639386154901439,-3231.2373831702809,18.308619378152359,1031.3805003928297,14.058214496296662,39.75574187726012,18.228038842006577,-143.48751728794594,16.026201745688309,485.4384905908064,15.53053424812925,-180.05755880764554,18.332613503188165,-215.1117104304002,1096.1511846756867,577.6140517491963,0.0,0.0,0.0,0.0,0.0,0.0,0.0,0.0,0.0,0.0,0.0,0.0,0.0,0.0,0.0,0.0,0.0,0.0,0.0,0.0,0.0,0.0,1.1879235233153103,0.36261401810601659,472.18133858836606,554.5779650128033,12908.227514674134,0.36694973356970175,0.05600575909183482,410.2125026098024,484.4066040736777,9962.637643609196,0.8877148709129195,0.16774657424658349,585.3283850072094,686.3444545195436,16533.32577846924,0.3005581835738619,0.05679481926943722,376.49423483797139,443.74854970102987,9543.554849672948,0.0,0.0,14.73922536075554,17.69378225454691,222.35934117530736,0.0,0.0,21.54742419424295,25.40539157449203,543.3186129357928,0.0,0.0,85.25282726053624,101.45904477435269,1701.5840306290998,0.0,0.0,26.43700264279837,31.488448953605407,511.5185175906656,0.0,0.0,43.99203646385147,51.88370230364097,1105.7891776447999,34.03434086479626,23.34316931741857,777.3101503015359,919.5958787542274,18839.51205331424,0.0,0.0,44.946313055821679,54.22812806408602,551.3167988793168,1929.172815171161,20.438861400070186,39.52964610285016,22.0,30.0,0.0,18.852153065603614,43.64033592854059,16.0,30.0,4342.172687771197,20.936630322964065,38.33128321004956,22.0,30.0,0.0,19.41237100320422,42.13178154669838,16.0,30.0,0.0,14.110531900254899,59.19462074106233,12.0,30.0,0.0,19.33794350683389,42.50257053190339,19.0,30.0,0.0,16.597431149244135,50.344259437293548,10.0,30.0,406.82268378212509,16.264101369335458,51.577561963745669,16.25,30.0,830.3682905500517,19.315472698219304,42.520578282527569,19.25,30.0,0.0,18.32512202675526,0.0,0.0,0.0,12.672627305513779,0.0,0.0,482.19719528962477,485.8656101247201,480.1598974566005,479.1513896723694,573.2998807607635,742.7182919648774,514.2611415148433,640.8086707029466,661.759548334034,11515.001277319267,80.39056234967868,87.87292464842908,60.0,0.0,60.0,60.0,16.0,16.0,19.0,19.0,16.0,12.0,21.0,10.0,1.0,0.0,1929.172815171161,0.0,4342.172687771197,0.0,0.0,0.0,406.82268378212509,830.3682905500517,11322.704171685815,6793622.503011488,8890018.270252858,80.39056234967868,88.0,0.3774234723895271,0.7641986334207551,0.36028137401965956,88.0,0.3542647819438875,8890018.270252858,0.46310428338648199 
 02/18  06:40:00,6.616666666666667,95.0,3.92,0.0,0.0,0.0,0.0,0.0,2.0,2.0,0.0,0.0,0.0,0.0,0.0,300.0,0.0,0.0,0.0,0.0,0.0,0.0,0.0,0.0,0.0,0.0,0.0,19.434362244259977,-1192.3394895201489,18.340134430023825,930.6937080565895,20.019771206245097,-3275.1972751052405,18.738322776816717,840.5628908995761,14.078033310819784,48.29517944566429,18.420829846263659,-125.63642570306674,16.514206637359594,446.0080791636206,15.839479116963468,-224.38713787086869,18.634489960519859,-227.1190466621914,1161.997157722294,612.059127193942,0.0,0.0,0.0,0.0,0.0,0.0,0.0,0.0,0.0,0.0,0.0,0.0,0.0,0.0,0.0,0.0,0.0,0.0,0.0,0.0,0.0,0.0,1.2547458738519948,0.38301156100488278,464.93778921353666,545.1868687155431,13131.955558375068,0.37348058291391236,0.05700253096976689,405.3151079655736,477.5552113373336,10349.54708515855,0.9641838753054696,0.18219649949082968,572.7726208029762,670.4611559691919,16730.278373597524,0.3057845305402182,0.057782413178423728,365.06836354970496,429.3408741370403,9706.211232707998,0.0,0.0,14.986607806107365,17.981912491708966,229.1805031001178,0.0,0.0,21.097576902803149,24.851292520822324,541.7441715581131,0.0,0.0,79.90422478608657,94.81022716212051,1726.655076032685,0.0,0.0,26.663848787498954,31.69635298703343,547.5658711642362,0.0,0.0,44.88288036409743,52.780897735249457,1192.7009064532638,34.43806983966192,23.620075335844967,759.6755335935093,897.4235246504753,19098.220119937017,0.0,0.0,42.43601649315762,51.18801308023451,522.4125755749602,1826.2801021183644,20.85630320217342,38.502636076620458,22.000000000000019,30.00000000000002,0.0,19.450214962398549,42.01767800170329,16.000000000000015,30.00000000000002,4115.61159981068,21.386339809237435,37.26299631011316,22.000000000000019,30.00000000000002,0.0,20.00807458781133,40.57722811968345,16.000000000000015,30.00000000000002,0.0,14.149338414089656,58.989693005952037,12.00000000000001,30.00000000000002,1198.5355285315107,19.524230204587967,41.980800964534569,19.666666666666683,30.00000000000002,0.0,17.391769373798938,47.82783782785691,10.000000000000007,30.00000000000002,576.0424306670914,16.842794424701756,49.70474467000339,16.66666666666668,30.00000000000002,960.769185059546,19.988661030688314,40.74955473918215,20.000000000000015,30.00000000000002,0.0,18.697152234428349,0.0,0.0,0.0,12.63094038268803,0.0,0.0,482.25042297885548,486.0696239147776,481.2876981353587,480.6432891627901,563.572541039795,718.0962257185879,500.5536646486744,663.9302793062284,656.3258470053947,12378.639324188727,79.8191385558504,87.8633820405738,60.00000000000004,0.0,60.00000000000004,60.00000000000004,16.0,16.0,19.0,19.0,16.0,12.0,21.0,10.0,1.0,0.0,1826.2801021183644,0.0,4115.61159981068,0.0,1198.5355285315107,0.0,576.0424306670914,960.769185059546,12171.919719353731,7303151.831612233,9533984.574721979,79.8191385558504,88.00000000000007,0.405730657311791,0.7660272729907911,0.3602813740196598,88.00000000000007,0.3542647819438878,9533984.574721979,0.49658719788554298 
 02/18  06:50:00,6.553333333333334,95.0,3.88,0.0,0.0,0.0,0.0,0.0,2.0,2.0,0.0,0.0,0.0,0.0,0.0,400.0,0.0,0.0,0.0,0.0,0.0,0.0,0.0,0.0,0.0,0.0,0.0,19.813974087359449,-1162.829158962153,18.627611157509173,997.9109041246011,20.420568533960748,-3328.9199980290507,19.039900417539305,932.385732357453,14.102429343992255,56.40555666327228,18.42496904268678,-90.84878122777852,16.82995092489242,463.9820169044244,15.719889240338727,-292.8579209682722,18.325174404145217,-137.60737527092449,1265.7592572665017,675.1606762063525,0.0,0.0,0.0,0.0,0.0,0.0,0.0,0.0,0.0,0.0,0.0,0.0,0.0,0.0,0.0,0.0,0.0,0.0,0.0,0.0,0.0,0.0,1.359261948267479,0.4149151246237726,469.922951704041,550.2982900835059,13773.538088014055,0.3885115082099239,0.05929662823716788,404.1267095007848,475.6648519327339,10684.470264782572,1.0587265062546699,0.20006169808289307,582.493800365974,680.9650435252939,17612.606904958702,0.32239061755199197,0.06092037368707329,371.0621777903084,435.9051807191656,10206.491453125676,0.0,0.0,14.912930714161562,17.899373493783857,231.20679213905854,0.0,0.0,19.16762665400502,22.594659623157616,492.54698223484379,0.0,0.0,95.62499503529016,113.29519361255628,2168.9427729159845,0.0,0.0,39.49422032997632,47.026127319979369,784.3960823746319,0.0,0.0,36.69219612315358,43.27011057999232,939.6901588074049,34.98381734101797,23.99438775104114,765.7858350003273,903.5227797764559,20061.66687606432,0.0,0.0,54.18124979946037,65.34778902952388,686.058697528184,1914.1957274486668,21.34735250312546,37.327290123698329,22.0,30.0,0.0,19.856307556239014,40.93860894203872,16.0,30.0,4249.599451358177,21.8601738954165,36.16693615586967,22.0,30.0,0.0,20.421342485226867,39.5225770013614,16.0,30.0,0.0,14.192003829332652,58.786336563507038,12.0,30.0,0.0,19.448464759466128,42.15952858252761,19.0,30.0,0.0,17.87181551291489,46.379992638293547,10.0,30.0,738.6953282045015,16.412193358225179,51.06153629863172,16.5,30.0,0.0,19.379570701469008,42.33093985205363,19.0,30.0,0.0,19.149790686440725,0.0,0.0,0.0,12.739389886025434,0.0,0.0,483.51039013083649,486.8382596059513,482.7749543598079,483.4169325885814,558.5340364751637,709.317246522994,513.2178008690976,656.6627474058987,661.186936526867,9833.256955081084,81.5029721257869,83.20898019626327,60.0,0.0,60.0,60.0,16.0,16.0,19.0,19.0,16.0,12.0,21.0,10.0,1.0,0.0,1914.1957274486668,0.0,4249.599451358177,0.0,0.0,0.0,738.6953282045015,0.0,2581.8912667886017,1549134.760073161,2006555.8080376024,81.5029721257869,83.23795387685807,0.34106304222628677,0.7692066007722521,0.36028137401965956,83.23795387685807,0.3542647819438875,2006555.8080376024,0.10516090201795532 
 02/18  07:00:00,6.49,95.0,3.84,0.0,0.0,0.0,0.0,0.0,2.0,2.0,0.0,0.0,0.0,0.0,0.0,1000.0,0.0,0.0,0.0,0.0,0.0,0.0,0.0,0.0,0.0,0.0,0.0,19.951877513988785,-1255.9279367839397,18.840496450535555,879.270252974293,20.39575488387306,-2183.417823808698,19.20362947379898,715.6515180285014,14.125381420071573,59.04876512838756,18.564168987242146,-69.66126730444626,17.08406498192718,442.68368614499107,15.73000098176665,-313.76140508499096,18.49015941587426,-114.28524476893813,1281.1007792318213,691.0885385705466,0.0,0.0,0.0,0.0,0.0,0.0,0.0,0.0,0.0,0.0,0.0,0.0,0.0,0.0,0.0,0.0,0.0,0.0,0.0,0.0,0.0,0.0,1.3992759850155517,0.4271294215554187,448.3379214914811,525.3278240146058,13255.048861988398,0.3731914928034481,0.056958408547534807,372.0401400102998,437.8449612911254,10062.447768712942,1.1894113382858245,0.22475648871614227,467.39023264892526,546.9509626364553,14034.184610800101,0.32100851015842526,0.06065920448949833,323.76286651432226,380.37000242298935,9027.68719065992,0.0,0.0,14.539191644539234,17.460789622809558,228.28058455705114,0.0,0.0,17.12374874137953,20.188731758657139,445.3837461648949,0.0,0.0,99.71975033264065,118.11421114985298,2340.517535210494,0.0,0.0,41.46665733741386,49.391128596496049,837.5486336031285,0.0,0.0,30.615249042311885,36.078876459762557,800.814860595235,35.14849282126565,24.10733389661568,687.4765556218977,811.1203856881446,18457.69313318562,0.0,0.0,56.57207191585202,68.2732434642409,727.2464566533878,1860.9389276102127,21.411957167578107,37.103396361436029,21.999999999999998,30.0,0.0,20.111567414320456,40.22035351832271,15.999999999999999,30.0,2527.8070558040137,21.600171159879,36.683087730912998,21.599999999999999,30.0,0.0,20.54749045901167,39.145609757336909,15.999999999999999,30.0,0.0,14.227352814849646,58.60630049856503,12.0,30.0,1049.9891403574625,19.540036699050224,41.90004527492486,19.7,30.0,0.0,18.22798802489746,45.27985910843319,10.0,30.0,223.11513705764066,16.569537351683424,50.49401116354533,16.3,30.0,939.2052322415219,19.60069609396416,41.72849030389197,19.4,30.0,0.0,19.333344087785919,0.0,0.0,0.0,12.767808600485683,0.0,0.0,487.11857562349516,490.67419581313438,486.81123445749116,488.2557239438217,554.3616557970387,718.4421148985737,513.2600173421706,621.2570386875026,679.3207245250015,10398.612051971813,81.12904038779817,86.08132498178937,60.0,0.0,60.0,60.0,16.0,16.0,19.0,19.0,16.0,12.0,21.0,10.0,1.0,0.0,1860.9389276102127,0.0,2527.8070558040137,0.0,1049.9891403574625,0.0,223.11513705764066,939.2052322415219,7494.56485887882,4496738.915327291,5874788.999224205,81.12904038779817,86.1654312146519,0.3518188286292939,0.7649086118260584,0.3602813740196596,86.1654312146519,0.3542647819438876,5874788.999224205,0.30630902795965866 
 02/18  07:10:00,6.511666666666668,95.16666666666667,3.796666666666667,0.0,0.0,0.0,0.0,0.0,2.0,2.0,0.0,0.0,0.0,0.0,0.0,400.0,0.0,0.0,0.0,0.0,0.0,0.0,0.0,0.0,0.0,0.0,0.0,20.060810873701457,-1272.7673815458366,18.958679771877294,793.5316057283635,20.149736103395719,-1703.6174798335915,19.282880911997219,650.0283642646662,14.149023237518655,58.41465508359747,18.48594850654974,-59.11579576184448,17.236254138924737,421.40010926950108,15.967616296927206,-328.7252101173782,18.222368623670517,-69.95095199501438,1257.488647426656,662.9754327008961,0.0,0.0,0.0,0.0,0.0,0.0,0.0,0.0,0.0,0.0,0.0,0.0,0.0,0.0,0.0,0.0,0.0,0.0,0.0,0.0,0.0,0.0,1.4032045217173217,0.42832860858282109,464.7251718907913,544.1980635688467,13716.493687083746,0.36169646075373909,0.05520397752651695,352.65649540034817,414.5813638281308,9598.77602779807,1.2501271276689912,0.23622961596163864,452.23425891561205,529.4017048803389,13314.162592216398,0.31816482698601619,0.06012184939267122,299.1602581093676,351.11361950806028,8364.434211916803,0.0,0.0,14.229324504295768,17.076418656017326,223.78512206257057,0.0,0.0,16.023068638102609,18.879579378792366,415.7118076773898,0.0,0.0,100.09148930456776,118.40989449576368,2379.989300047824,0.0,0.0,40.676710026829137,48.38598421437482,845.5353513347926,0.0,0.0,25.469705857829334,30.057648898620838,643.2757955719308,35.030774892879019,24.02659457673459,660.4238831026445,778.5367065500036,17790.32172801515,0.0,0.0,55.806819056029109,67.31583350802734,720.439038951891,1835.8465955168015,21.45217284336845,36.99085036789784,22.0,30.0,0.0,20.217712801104136,39.93644944702501,16.0,30.0,2127.3649776942786,21.416988941207003,37.08071351881851,21.5,30.0,0.0,20.57880449584995,39.04387653699561,16.0,30.0,0.0,14.261790981762813,58.41305618328475,12.0,30.0,0.0,19.539494299050888,43.352744722083738,19.0,30.0,0.0,18.40834283600439,44.72539314657824,10.0,30.0,1022.6514508195709,16.862417189019419,49.50839654410157,17.0,30.0,57.55044174204835,19.16331896632376,44.089667696168479,19.0,30.0,0.0,19.36859532603866,0.0,0.0,0.0,12.82114157139567,0.0,0.0,489.3744992346418,493.35755376486898,489.0799605291005,491.8725897538385,547.7520695549532,757.4467770884512,511.51227078787238,594.8887017087914,711.409276147037,9880.513000772704,81.4715424627238,85.15520681250084,60.0,0.0,60.0,60.0,16.0,16.0,19.0,19.0,16.0,12.0,21.0,10.0,1.0,0.0,1835.8465955168015,0.0,2127.3649776942786,0.0,0.0,0.0,1022.6514508195709,57.55044174204835,5574.418788789084,3344651.273273451,4363779.645104137,81.4715424627238,85.21776766208643,0.35581395962630288,0.7655691287942991,0.36028137401965956,85.21776766208643,0.3542647819438875,4363779.645104137,0.22773654154541513 
 02/18  07:20:00,6.533333333333333,95.33333333333334,3.7533333333333336,0.0,0.0,0.0,0.0,0.0,2.0,2.0,0.0,0.0,0.0,0.0,0.0,400.0,0.0,0.0,0.0,0.0,0.0,0.0,0.0,0.0,0.0,0.0,0.0,20.218779100616275,-1036.8572357873532,19.0295675559648,766.3668629620415,20.458138867580666,-2072.232561023045,19.42816857826006,736.7843101567178,14.168485068251698,62.509067657264228,18.596452953677436,-72.43771376264937,17.29813760053724,350.04887684843427,15.938521996698225,-357.44401483403126,19.03160193673262,-178.25241765823848,1256.1915855687658,825.8259902401342,0.0,0.0,0.0,0.0,0.0,0.0,0.0,0.0,0.0,0.0,0.0,0.0,0.0,0.0,0.0,0.0,0.0,0.0,0.0,0.0,0.0,0.0,1.4554143039389783,0.4442656605430337,445.05551277851739,520.8932349117741,13227.747626321598,0.3669156617247181,0.05600055887129397,337.6604262376488,396.7965910507965,9210.573678369914,1.14528321903533,0.21641784184341088,519.2105311031525,607.9418338874449,15376.40295113489,0.32383958278151439,0.06119417664049778,335.6672073763611,393.9592693680564,9475.38887689841,0.0,0.0,14.534228250855506,17.43914049886205,228.7075522026372,0.0,0.0,17.61044955188061,20.72672408834345,462.0903823420106,0.0,0.0,97.97251558707812,115.9008738859799,2328.856664030471,0.0,0.0,48.60648824726585,57.866045270356497,984.5027664731684,0.0,0.0,38.76562719220083,45.55245668838526,1055.701072551205,35.01548884723629,24.016110320463853,674.2805889696314,794.8521909597156,18196.596568051784,0.0,0.0,64.13054139671164,77.29714408360572,850.6888998339175,1693.5969012865233,21.625397085478168,36.59507717198355,21.75,30.0,0.0,20.255072839077646,39.855999946168989,16.0,30.0,2691.7387241123999,21.56664335041355,36.72469664113058,21.75,30.0,0.0,20.766435886469038,38.568770802967488,16.0,30.0,0.0,14.287307729576348,58.3473752843807,12.0,30.0,941.1379426509934,19.697758970242505,44.38105601920588,19.5,30.0,0.0,18.424470879842,44.70669998332539,10.0,30.0,625.6529881316471,16.602057498206773,50.66694672089149,16.25,30.0,1649.5570413288852,20.23644152930697,42.118427093019167,20.0,30.0,0.0,19.441356809829185,0.0,0.0,0.0,13.024580462535825,0.0,0.0,495.2676748428429,499.64796459261609,493.7053340529816,494.5562654132677,542.6574742014445,794.9334326629888,514.4420172553412,583.5854831065303,720.9689887834086,11724.511271732226,80.25175354742822,87.8706065826064,60.0,0.0,60.0,60.0,16.0,16.0,19.0,19.0,16.0,12.0,21.0,10.0,1.0,0.0,1693.5969012865233,0.0,2691.7387241123999,0.0,941.1379426509934,0.0,625.6529881316471,1649.5570413288852,11528.715411339079,6917229.246803448,9049552.978222974,80.25175354742822,88.0,0.38429051371130265,0.7644235242960087,0.36028137401965956,88.0,0.3542647819438875,9049552.978222974,0.471410088200928 
 02/18  07:30:00,6.555,95.5,3.71,4.0,0.0,0.0,0.0,0.0,2.0,2.0,0.0,0.0,0.0,0.0,0.0,400.0,0.0,5.669847893857801,1.3875132707226168,3.5554535867298537,0.1700116309087043,4.525088741827333,0.0,1.387513270722616,1.8968358350550983,0.0,0.0,20.322753658186217,-1296.0268809558593,19.119458508341468,769.7252937826784,20.554654552164175,-2188.917150133828,19.473123420855328,652.195616431507,14.191279205680277,62.94594401438363,18.513281697068039,-56.872260350315759,17.376884638335484,391.9781736176943,16.002893040190306,-323.15995429573555,18.722185186884994,-118.07852392662159,1243.5095031653,731.5006126950561,0.0,0.0,0.0,0.0,0.0,0.0,0.0,0.0,0.0,0.0,0.0,0.0,0.0,0.0,0.0,0.0,0.0,0.0,0.0,0.0,0.0,0.0,1.3914173977731084,0.42473058540082678,409.1291599689322,478.50412988438156,12260.371168599324,0.3599792438433043,0.05494188703347136,341.72094349510078,401.45361316470498,9358.538596980989,1.2226006244753296,0.23102808474590517,470.1049478528647,549.8043853699346,14108.304472442447,0.3303543505487002,0.06242523630927818,334.18070608327056,392.1857467593377,9397.099460465472,0.0,0.0,14.466366997169335,17.357128254870298,227.84944688567718,0.0,0.0,16.85511057714702,19.85338706377445,434.22191870234897,0.0,0.0,99.29334213993657,117.42269926538235,2371.1065585215994,0.0,0.0,44.1601767308946,52.547895441085277,898.8498908554193,0.0,0.0,32.43893883811572,38.1780972794102,854.740943520461,34.940276647302557,23.96452444945306,667.8913419426478,787.0131036923685,18090.29624152839,0.0,0.0,59.40615358476042,71.59478956959376,783.8506956613446,1879.7856437560695,21.709938783621177,36.40487509165442,22.0,30.0,0.0,20.3360326919112,39.6703612046834,16.0,30.0,2830.634217013234,21.728419691368975,36.37508585549003,21.75,30.0,0.0,20.739985688734366,38.66302651655543,16.0,30.0,0.0,14.316715230846679,58.46567617584272,12.0,30.0,0.0,19.504997220894205,45.83016850325251,19.0,30.0,0.0,18.503453706773834,44.61623985865405,10.0,30.0,581.0357750125849,16.67589916464565,51.122711835521418,16.25,30.0,0.0,19.811543801953805,43.90251451890106,19.0,30.0,0.0,19.48087862655784,0.0,0.0,0.0,13.00806438755038,0.0,0.0,496.55975710315217,501.51403841433719,496.145751896949,498.5341448933175,547.755150410761,813.5917762190084,519.9490106139649,610.3198636689008,727.5627134085349,9730.832781089786,81.57070316418532,83.33514494862338,60.0,0.0,60.0,60.0,16.0,16.0,19.0,19.0,16.0,12.0,21.0,10.0,1.0,0.0,1879.7856437560695,0.0,2830.634217013234,0.0,0.0,0.0,581.0357750125849,0.0,2670.234810821807,1602140.8864930843,2076044.6570216348,81.57070316418532,83.36511102766788,0.3440078270273936,0.771915981512814,0.36028137401965956,83.36511102766788,0.3542647819438875,2076044.6570216348,0.10880098883179167 
 02/18  07:40:00,6.576666666666666,95.66666666666667,3.666666666666667,8.499999999999999,0.16666666666666664,0.0,0.0,0.0,2.0,2.0,0.0,0.0,0.0,0.0,0.0,300.0,0.0,12.118205360284494,2.9723354409525455,7.616503788753902,0.36336699703712108,9.671503170162115,0.0,2.972335440952544,4.063407894662369,0.0,0.0,20.279019055473979,-1348.7985019815713,19.197551674219857,638.6115188643543,20.622868537266016,-1674.6706372810268,19.498862512201407,550.2578153876673,14.211231717182092,59.26713004271846,18.768956221677969,-54.49816766548581,17.468987782541207,352.1087729153108,15.930115275672304,-323.77197736251278,18.723318052960729,-93.05891047769349,1220.7040311988286,735.0831596997654,0.0,0.0,0.0,0.0,0.0,0.0,0.0,0.0,0.0,0.0,0.0,0.0,0.0,0.0,0.0,0.0,0.0,0.0,0.0,0.0,0.0,0.0,1.4447814122333554,0.4410199671041992,412.5988842757911,482.87694321927997,12227.342408244294,0.352221412743286,0.05375784687779095,323.6537463266783,380.2485451980542,8878.515256360348,1.2333286777244188,0.23305530569244527,368.1327492843932,430.1331950178677,11058.627677732566,0.31594699378131499,0.0597027577062198,289.65062494837778,339.8074555996006,8124.426065490054,0.0,0.0,13.989747744201342,16.780730002744837,220.37560524270936,0.0,0.0,15.239216376132413,17.935728430049655,398.10274707060275,0.0,0.0,102.78936342183707,121.48689040316353,2468.6649409878984,0.0,0.0,46.64672129272007,55.5262969916799,927.9689728075155,0.0,0.0,26.678931733095206,31.43436060693445,685.9160611847516,34.81915428091248,23.88145012408266,605.6019139878425,713.5573855359636,16454.158747938567,0.0,0.0,61.84706452177683,74.5092174586351,813.2443675090524,1896.929042838207,21.54071280087182,36.81206325703438,22.000000000000019,30.00000000000002,0.0,20.396305516967705,39.5520819646932,16.000000000000015,30.00000000000002,2780.772920751585,21.7089347203731,36.4470980467598,21.666666666666687,30.00000000000002,0.0,20.69926057198529,38.8049344564791,16.000000000000015,30.00000000000002,0.0,14.339842533512572,58.56540337123025,12.00000000000001,30.00000000000002,1166.2617437271698,19.75050952121109,45.78043699775489,19.33333333333335,30.00000000000002,0.0,18.59973516172136,44.41988968124182,10.000000000000007,30.00000000000002,451.8080361129569,16.45208822009464,52.0435080878347,16.000000000000015,30.00000000000002,963.0016354138356,19.529748831820876,45.2292000237428,19.000000000000015,30.00000000000002,0.0,19.486089022522923,0.0,0.0,0.0,13.009357565620102,0.0,0.0,498.04749900433105,503.0490498260315,498.04995672245016,501.6851644518342,550.9874126535128,834.3677902471702,522.5725796146568,607.9946857643141,748.4576674174841,10395.109613475895,81.13118943815576,83.87890336863545,60.00000000000004,0.0,60.00000000000004,60.00000000000004,16.0,16.0,19.0,19.0,16.0,12.0,21.0,10.0,1.0,0.0,1896.929042838207,0.0,2780.772920751585,0.0,1166.2617437271698,0.0,451.8080361129569,963.0016354138356,4157.487189206575,2494492.3135239428,3234494.134819598,81.13118943815576,83.92556867295925,0.36524957297355267,0.771183242104596,0.3602813740196598,83.92556867295925,0.3542647819438878,3234494.134819598,0.1690536950106191 
 02/18  07:50:00,6.598333333333333,95.83333333333333,3.623333333333333,12.999999999999997,0.33333333333333328,0.0,0.0,0.0,2.0,2.0,0.0,0.0,0.0,0.0,0.0,400.0,0.0,18.58967333735041,4.556944078098894,11.6770068820602,0.5574153281198093,14.836361932826998,0.0,4.556944078098892,6.229688038355427,0.0,0.0,20.319365437155889,-1369.0424296009642,19.202047669932605,655.2298602065994,20.608442889411177,-1433.7968699330252,19.479306348567797,509.9662898685367,14.227531779805464,61.67890298951457,18.832406981515967,-65.3472979085291,17.5012411456901,356.59505760813968,16.07014979485426,-326.8184353765742,18.77284651317995,-101.88127908937332,1186.7113480800763,729.4203438496883,0.0,0.0,0.0,0.0,0.0,0.0,0.0,0.0,0.0,0.0,0.0,0.0,0.0,0.0,0.0,0.0,0.0,0.0,0.0,0.0,0.0,0.0,1.3946658795008953,0.4257221854398337,438.6232498550095,513.6829798989043,12941.790558600762,0.34093659828478148,0.052035500348715128,318.3162496979625,374.2149705413832,8689.98798699946,1.285966480582242,0.2430019804577178,369.28099605278256,432.01084612424759,10978.035932010567,0.31262736256812537,0.05907546533789214,275.29421020891359,323.2023634720397,7656.955377489513,0.0,0.0,14.272977641202074,17.126361247333507,224.6890519243396,0.0,0.0,16.47061157745965,19.377845337432608,435.2456865271204,0.0,0.0,97.2629294941133,115.0202357029171,2331.632681228114,0.0,0.0,44.02272606150382,52.3860150008048,897.3993856491218,0.0,0.0,31.023112045005829,36.522893187354167,810.293749594176,34.61215509490053,23.73947537373151,586.3156377064037,691.2623690493576,15862.000239877885,0.0,0.0,59.23722227334849,71.39793714166734,780.1002413355558,1846.3579841653103,21.519309479242677,36.902714067152157,22.0,30.0,0.0,20.35104503692149,39.69774023765787,16.0,30.0,2003.8846716554218,21.526651962750309,36.90156428622825,21.5,30.0,0.0,20.59953552965817,39.074940981940688,16.0,30.0,0.0,14.356810320721447,58.627374128492238,12.0,30.0,0.0,19.881759766126995,45.93382963423839,19.0,30.0,0.0,18.599254377523793,44.46372468849263,10.0,30.0,413.14190196428236,16.73123237841031,51.220186318339127,16.5,30.0,0.0,19.726925095897138,45.00522993105452,19.0,30.0,0.0,19.434488453091153,0.0,0.0,0.0,13.041683848991275,0.0,0.0,499.7838268234199,504.182688802748,499.93791429227829,502.80588852204689,551.455760081419,848.8938792529428,521.5169587164154,601.4332480066296,757.8961790377499,8359.459062094427,82.47750717381226,82.47750717381226,60.0,0.0,60.0,60.0,16.0,16.0,19.0,19.0,16.0,12.0,21.0,10.0,1.0,0.0,1846.3579841653103,0.0,2003.8846716554218,0.0,0.0,0.0,413.14190196428236,0.0,0.0,0.0,0.0,82.47750717381226,82.47750717381226,0.34,0.7690825768448261,0.36028137401965956,82.47750717381226,0.3542647819438875,0.0,0.0008166666666666667 
 02/18  08:00:00,6.62,96.0,3.58,17.5,0.5,0.0,0.0,0.0,2.0,2.0,0.0,0.0,0.0,0.0,0.0,400.0,0.0,25.076736346603235,6.141783798704532,15.738102169957937,0.7519312762619163,20.013667007319467,0.0,6.1417837987045289,8.39628409065687,0.0,0.0,20.355256140546815,-1359.2579133346863,19.212697970109333,654.7017158637527,20.71553082932814,-1397.0112127169549,19.469709313082,519.3342715147476,14.243593847629992,58.17651856525988,18.427118981285198,-35.916080168454147,17.52583453999144,338.9787133629063,15.94857280254532,-324.62810293922146,18.693931553589345,-87.73218059006229,1179.2566514765723,743.739766000936,0.0,0.0,0.0,0.0,0.0,0.0,0.0,0.0,0.0,0.0,0.0,0.0,0.0,0.0,0.0,0.0,0.0,0.0,0.0,0.0,0.0,0.0,1.402597370551576,0.42814327550414407,461.18119206218446,540.1658082806779,13561.855123323841,0.3382054201162451,0.05161865386389577,315.29474020553826,370.64347667772696,8572.232165357207,1.3916890651024477,0.2629797931032593,381.2422826999861,445.7989854367836,11345.305322564587,0.31290506932335496,0.059127942049008858,261.4829910861424,306.8754940236195,7232.985531623999,0.0,0.0,13.685741328170764,16.420836115855264,215.2713170411929,0.0,0.0,14.386353065405828,16.961469573709,362.034718414789,0.0,0.0,106.617847879603,126.0924381864342,2548.9804040541146,0.0,0.0,49.61974512058736,59.12743288621549,974.5522856508254,0.0,0.0,23.812024382108115,28.072045824512295,603.1572303322752,34.510653573267038,23.669858417878637,590.2362484206291,695.710720630019,15947.471173644373,0.0,0.0,64.74512286279777,78.03043208622559,857.292289741447,1851.9244302830887,21.50300434122687,37.03955860267662,22.0,30.0,0.0,20.315526275311457,39.90969071835502,16.0,30.0,1986.7308225851635,21.680200482431148,36.647357127315888,21.5,30.0,0.0,20.53016867053106,39.377566016532757,16.0,30.0,0.0,14.372071426100917,58.739488429413558,12.0,30.0,0.0,19.24457249073572,48.28160439342182,19.0,30.0,0.0,18.5864056640492,44.67170029566495,10.0,30.0,785.5230791617839,16.39908873440117,52.51943865799552,16.5,30.0,718.7416744007744,19.3552179892786,46.39045377903837,19.0,30.0,0.0,19.45872406821593,0.0,0.0,0.0,13.097449323946244,0.0,0.0,504.5178563929861,509.79007086930599,504.02210085647917,509.40691687799377,552.991217944983,867.405352879019,527.2259835966282,600.3319564400094,771.7289802823899,9743.708144607635,81.56209746790914,83.47079415105373,60.0,0.0,60.0,60.0,16.0,16.0,19.0,19.0,16.0,12.0,21.0,10.0,1.0,0.0,1851.9244302830887,0.0,1986.7308225851635,0.0,0.0,0.0,785.5230791617839,718.7416744007744,2888.3022148652119,1732981.3289191272,2248113.9543694078,81.56209746790914,83.50321015717165,0.35127674049550708,0.7693755227138631,0.36028137401965956,83.50321015717165,0.3542647819438875,2248113.9543694078,0.11767525896054254 
 02/18  08:10:00,6.705,95.66666666666667,3.626666666666667,22.0,0.6666666666666667,0.0,0.0,0.0,2.0,2.0,0.0,0.0,0.0,0.0,0.0,400.0,0.0,31.578858700157669,7.729438805866171,19.806411525732938,0.9468987788824718,25.20299086422962,0.0,7.729438805866168,10.566728853120623,0.0,0.0,20.423261396762343,-1389.1200936247879,19.244177466043597,650.9420351959698,20.749571772857697,-1399.757306569043,19.506698206406044,521.3657088098141,14.261348750098865,62.02355784046816,18.874625959389573,-65.19523188335322,17.56656137233572,334.58917517413138,15.99896331667011,-315.8523326396297,18.868152254305636,-126.45376604731644,1160.5779400805569,783.0666792457951,0.0,0.0,0.0,0.0,0.0,0.0,0.0,0.0,0.0,0.0,0.0,0.0,0.0,0.0,0.0,0.0,0.0,0.0,0.0,0.0,0.0,0.0,1.3835399209827993,0.4223259832059827,448.32918897130477,524.9985003792331,13150.053257905694,0.3355202427534154,0.05120882825906829,314.00376357575768,369.1096560115697,8488.16812930325,1.2915949858325742,0.24406556799557345,367.9522282535172,430.21560086298435,10891.2853397357,0.30971675275985346,0.058525463484477197,254.634068401481,298.8039644998559,7010.783258371643,0.0,0.0,14.158012165544692,16.986285993915396,220.815201203744,0.0,0.0,16.636836753956524,19.578905839524596,432.88524030425267,0.0,0.0,99.6585418804095,117.83914755678782,2370.822599475014,0.0,0.0,47.93126307331319,57.08682149044911,938.0674421262878,0.0,0.0,34.18424633310062,40.22770205699514,893.7361209695739,34.556858700678578,23.701549177420156,579.5572034719203,683.1014139943806,15568.43062343071,0.0,0.0,63.68730608431337,76.71639322740202,842.4158485162476,1867.2639817467994,21.54135889512086,37.054803034817528,22.0,30.0,0.0,20.320482268058638,40.00802625679806,16.0,30.0,1965.5916486443226,21.683846562117446,36.740685967985829,21.5,30.0,0.0,20.545497513123228,39.40496502352279,16.0,30.0,0.0,14.391511039023966,58.83778325080597,12.0,30.0,1355.254140749459,19.78211812397079,46.78478756201846,19.75,30.0,0.0,18.612897127138888,44.70321365707785,10.0,30.0,345.97454296180009,16.428397036558004,52.6497084999674,16.0,30.0,330.4579879693373,19.849493843263326,44.99612691384172,19.5,30.0,0.0,19.445365268035567,0.0,0.0,0.0,13.178471938373253,0.0,0.0,508.4746588509895,513.916630709577,507.84845824790218,510.16721900659248,555.1069395009874,872.1751802498338,529.2680359942021,606.5605438157318,765.3470433384225,10616.88555614969,80.98471050597242,86.22234132465434,60.0,0.0,60.0,60.0,16.0,16.0,19.0,19.0,16.0,12.0,21.0,10.0,1.0,0.0,1867.2639817467994,0.0,1965.5916486443226,0.0,1355.254140749459,0.0,345.97454296180009,330.4579879693373,7926.493227164365,4755895.936298619,6204741.097231751,80.98471050597242,86.31129368369659,0.3492164409054789,0.7654514139594317,0.36028137401965956,86.31129368369659,0.3542647819438875,6204741.097231751,0.32337653705605109 
 02/18  08:20:00,6.790000000000001,95.33333333333333,3.673333333333334,26.500000000000005,0.8333333333333334,0.0,0.0,0.0,2.0,2.0,0.0,0.0,0.0,0.0,0.0,400.0,0.0,38.09638476845582,9.322846645890764,23.88946224456119,1.1423281614553116,30.404608338602196,0.0,9.322846645890758,12.74503817425764,0.0,0.0,20.4595431400976,-1395.0553885327627,19.285345083554426,648.0757513908852,20.777031968071783,-1358.17240627128,19.542551746217968,501.210124850232,14.279370582429355,58.82882305556386,18.95336503548993,-58.17016473314827,17.620254445403146,364.95362630355569,16.13566833720742,-301.16731575642896,18.50984412181241,-55.75373660028782,1154.011915605035,668.0302576509969,0.0,0.0,0.0,0.0,0.0,0.0,0.0,0.0,0.0,0.0,0.0,0.0,0.0,0.0,0.0,0.0,0.0,0.0,0.0,0.0,0.0,0.0,1.380492703667713,0.4213958191903886,447.69064782158116,524.2352965818049,13065.129064079185,0.3337821294834375,0.05094354845595811,310.52801612582138,364.98487261120666,8356.48038908635,1.2944084120852316,0.2445972056094543,363.8966323529161,425.4870010793594,10711.593747218092,0.3095286385868868,0.05848991658860293,253.67685136810008,297.6653515166081,6947.197779212309,0.0,0.0,13.788834067372541,16.542483832795506,213.19319007970965,0.0,0.0,14.910395745233409,17.533128510692195,391.93884978310339,0.0,0.0,98.3188373554041,116.23864315643603,2332.9406332685045,0.0,0.0,41.50927240441856,49.389789053110529,830.3835481079849,0.0,0.0,22.492781038410045,26.51978849327501,558.6873742991141,34.63155757657209,23.75278297432929,578.3405039135988,681.6102539320038,15466.60751332929,0.0,0.0,56.715817122248228,68.3400616080419,732.40155472034,1830.3599261927594,21.544103465172939,37.13977652668751,22.0,30.0,0.0,20.3442320872416,40.03585991783949,16.0,30.0,1911.3531322232375,21.684983194412298,36.83125358269981,21.5,30.0,0.0,20.556816643444216,39.52387125456243,16.0,30.0,0.0,14.409932225127234,58.96412812961555,12.0,30.0,0.0,20.01274041401031,46.43934878207807,19.0,30.0,0.0,18.66963470567368,44.66127333837301,10.0,30.0,425.43237965359949,16.743513396355636,51.82077166156773,16.5,30.0,0.0,19.25907236284643,46.9956707105643,19.0,30.0,0.0,19.471736048867276,0.0,0.0,0.0,13.108242159351251,0.0,0.0,511.15608321489449,515.6823751360523,510.6730561260074,516.2569510739071,558.9108534276035,880.3184880423868,531.8368048861908,612.6427881950357,780.0568219120188,10501.85874943058,81.06079788952144,86.2464714314655,60.0,0.0,60.0,60.0,16.0,16.0,19.0,19.0,16.0,12.0,21.0,10.0,1.0,0.0,1830.3599261927594,0.0,1911.3531322232375,0.0,0.0,0.0,425.43237965359949,0.0,7847.951098402145,4708770.659041287,6151878.602509246,81.06079788952144,86.33454138346242,0.34659836994673817,0.7660781392806048,0.36028137401965956,86.33454138346242,0.3542647819438875,6151878.602509246,0.3206376873304808 
 02/18  08:30:00,6.875,95.0,3.7199999999999999,31.0,1.0,0.0,0.0,0.0,2.0,2.0,0.0,0.0,0.0,0.0,0.0,400.0,0.0,44.643081862068338,10.921580399126589,27.986160366646055,1.3386322292173288,35.629506964795478,0.0,10.921580399126583,14.930628422537217,0.0,0.0,20.51170090858883,-1397.403992686427,19.330465465520115,636.4699708634294,20.80302018811408,-1325.1523407354078,19.576835328664335,495.44813340044996,14.296172244339179,60.56696413333184,18.577034672782518,-39.7372728787966,17.64868461281405,317.24947826315647,16.03167557002382,-325.25933977756957,19.098049957389997,-132.52793637561184,1151.2439824058529,772.0957291638206,0.0,0.0,0.0,0.0,0.0,0.0,0.0,0.0,0.0,0.0,0.0,0.0,0.0,0.0,0.0,0.0,0.0,0.0,0.0,0.0,0.0,0.0,1.3772334914193254,0.4204009436566928,457.845220391374,536.1608319988891,13288.319301113368,0.3323811069815131,0.05072971718277062,312.0428324241413,366.7499400860362,8362.10372130162,1.3034640614295199,0.24630840163067278,370.9361693714592,433.7714710868257,10851.29627784023,0.3094348800213874,0.0584721995505267,252.10958804615263,295.82456941388997,6867.948082477888,0.0,0.0,13.84370045021928,16.606804739973869,212.1358274212968,0.0,0.0,15.289073561707628,18.013836364886197,380.638014134448,0.0,0.0,105.65212780296034,124.92634068129856,2488.585146178523,0.0,0.0,51.231527254838557,61.03839000802472,984.3865912168619,0.0,0.0,28.042281497795764,32.957489723736077,734.1981633118064,34.70546302094101,23.803472579520589,582.5016129725856,686.4914462581302,15508.37552246816,0.0,0.0,66.41345858107077,79.99106821644766,868.5995028932066,1862.250293944298,21.55997928136685,37.22148484808221,22.0,30.0,0.0,20.375416608242039,40.102035859867687,16.0,30.0,1867.3328180122415,21.68511452036216,36.94022833838104,21.5,30.0,0.0,20.56962081050214,39.603799482006888,16.0,30.0,0.0,14.42695450582401,59.01110646573614,12.0,30.0,0.0,19.37789290448538,48.65776240096605,19.0,30.0,0.0,18.66616780351875,44.802171376973358,10.0,30.0,782.1501729534048,16.431343370483405,52.718908822506197,16.5,30.0,1684.7077029551984,19.919269809910696,45.281950621488117,19.75,30.0,0.0,19.511423304431195,0.0,0.0,0.0,13.277690805593754,0.0,0.0,515.4598154243369,521.0591952047587,514.4843987561931,519.8375171034296,559.2769089354507,892.8196863553071,535.7063878122376,599.3358810417855,789.7730490631458,10791.235710349094,80.86928259452368,86.46288308471705,60.0,0.0,60.0,60.0,16.0,16.0,19.0,19.0,16.0,12.0,21.0,10.0,1.0,0.0,1862.250293944298,0.0,1867.3328180122415,0.0,0.0,0.0,782.1501729534048,1684.7077029551984,8464.594932771166,5078756.959662699,6620209.215765765,80.86928259452368,86.55788099051978,0.36715316442570558,0.7672399889983247,0.36028137401965956,86.55788099051978,0.3542647819438875,6620209.215765765,0.34500087921981978 
 02/18  08:40:00,6.96,94.66666666666666,3.7666666666666668,39.0,1.1666666666666666,0.0,0.0,0.0,2.0,2.0,0.0,0.0,0.0,0.0,0.0,500.0,0.0,56.38622951720789,13.784230139809738,35.32159742748799,1.690752836757056,45.00167549575528,0.0,13.78423013980973,18.844087649136939,0.0,0.0,20.526599589849654,-1450.484298199548,19.37739495515823,607.3303412794259,20.72071008392934,-1238.813837173754,19.626611695200525,470.8422707028425,14.317632332425923,62.63510040971677,18.661394825656239,-50.11132066557409,17.698991355341027,361.8400469597604,16.963518162044055,-326.7680303793881,19.182733640740943,-126.53286259000598,1130.4563999068546,658.5742840244748,0.0,0.0,0.0,0.0,0.0,0.0,0.0,0.0,0.0,0.0,0.0,0.0,0.0,0.0,0.0,0.0,0.0,0.0,0.0,0.0,0.0,0.0,1.3488612689446223,0.41174031408566005,433.1853387017319,507.46057485253297,12483.873331843202,0.3292251332020201,0.05024803620299453,313.56802284059077,368.6975491842395,8370.343919737774,1.2203633280484006,0.23060531520188988,346.3571283264062,405.437385811976,10022.476551061427,0.30714383906610517,0.05803927419994428,273.4453978943702,321.18616259729955,7412.830954516468,0.0,0.0,14.210782043192659,17.052013791672619,216.00705548194208,0.0,0.0,17.06624359476172,20.126935800940019,419.0193865275864,0.0,0.0,87.38368271066672,103.35164363093142,2052.349970117607,0.0,0.0,35.21475124747946,41.7748104147542,773.1401247017977,0.0,0.0,35.08331970990157,41.24994555217102,926.9392464210462,34.71726786180627,23.811569178193609,579.7355917336563,683.6760695161846,15318.121364068613,0.0,0.0,51.06801285056286,61.555238725538298,654.798712424298,1839.9007699943216,21.520129003715867,37.362768465115987,22.0,30.0,0.0,20.40942562058579,40.08508904313986,16.0,30.0,1697.0036803071844,21.467744542457653,37.49712231812245,21.4,30.0,0.0,20.611412170720319,39.50423200578953,16.0,30.0,0.0,14.452003122010137,59.07348212281974,12.000000000000002,30.0,748.9356084784397,19.29134244608196,48.714842764943949,19.4,30.0,0.0,18.724018319786823,44.62306579744025,10.0,30.0,1320.3588895441413,18.033497099963009,47.959407080496337,20.7,30.0,0.0,20.24824298068211,44.207664831877988,19.0,30.0,0.0,19.490875173019803,0.0,0.0,0.0,13.21690571369505,0.0,0.0,515.6719945093655,522.6432267166172,515.9570133710624,516.9359959006063,562.679449915765,882.7279252035805,531.2230094811214,616.2167845627421,766.1448193923991,10343.256433793085,81.16566447084787,85.39073124939911,60.0,0.0,60.0,60.0,16.0,16.0,19.0,19.0,19.7,12.0,21.0,10.0,1.0,0.0,1839.9007699943216,0.0,1697.0036803071844,0.0,748.9356084784397,0.0,1320.3588895441413,0.0,6394.049740480976,3836429.8442885859,4986314.268051145,81.16566447084787,85.46248690955801,0.3491349913493659,0.76762956585677,0.36028137401965956,85.46248690955801,0.35426478194388757,4986314.268051145,0.26004834193865958 
 02/18  08:50:00,7.045,94.33333333333334,3.8133333333333336,47.0,1.3333333333333333,0.0,0.0,0.0,2.0,2.0,0.0,0.0,0.0,0.0,0.0,500.0,0.0,68.35918925001127,16.55976947178517,42.43381901121102,2.0497642450785289,54.5572545690994,0.0,16.559769471785164,22.638460342779003,0.0,0.0,20.563150559826608,-1424.1620160883679,19.40651137496085,618.6006540161492,20.79497058559267,-1110.7681612182262,19.621624918240877,456.6066971081923,14.33281665874578,54.317342826827957,18.90621974780693,-48.90521771454431,17.79448559132422,367.73984946957565,17.97166568682496,-31.464936998268457,18.789244482032446,-27.34514190983705,1126.4714918445187,259.1798860957632,0.0,0.0,0.0,0.0,0.0,0.0,0.0,0.0,0.0,0.0,0.0,0.0,0.0,0.0,0.0,0.0,0.0,0.0,0.0,0.0,0.0,0.0,1.3205722835570093,0.40310509266086977,450.20587924378358,527.4301417314634,12897.912988764321,0.3201680978165513,0.048865704794955947,306.7185711520692,360.58541688479866,8138.114989903844,1.2113393012817196,0.2289000947244369,348.14412075282368,407.3828307042062,10032.72842276655,0.3012827165401138,0.05693173026079247,238.27816929564237,279.67050989527038,6402.422999968756,0.0,0.0,13.850010674502912,16.617981395466449,208.47532878828683,0.0,0.0,14.927199449002775,17.569420464537367,380.13440502338127,0.0,0.0,72.27210372089444,85.42225906550238,1704.2040650346112,0.0,0.0,15.113469653246499,17.80147005880067,381.85083533131549,0.0,0.0,17.208174164223235,20.277028556064143,430.0345689850835,34.77261385493179,23.84952939295734,572.542295958322,674.9905535740825,15069.656708710707,0.0,0.0,18.056713149392093,21.80100073176908,206.38385033811847,1840.3038421287,21.527230811785516,37.42477194069651,22.0,30.0,0.0,20.413659436718555,40.1415743321247,16.0,30.0,1597.90259099431,21.580002559562489,37.310884478359188,21.4,30.0,0.0,20.555434893388399,39.78341732396588,16.0,30.0,0.0,14.463823524534906,59.26066729346437,12.000000000000002,30.0,239.57989915331206,19.84193088433597,47.157483278606878,19.400000000000003,30.0,0.0,18.857529545535777,44.15110010112449,10.0,30.0,1291.6689432283566,19.706668842470444,43.02368094639804,20.7,30.0,0.0,19.5908934272603,46.62606394840742,19.0,30.0,0.0,19.522773178008586,0.0,0.0,0.0,12.619241730600667,0.0,0.0,516.0930910203647,521.8366796977907,515.288899640271,521.2518041995169,568.6050181654684,884.0050056508416,518.5246814512865,599.340463898958,792.2982052199297,9997.527931611869,81.39432883230994,84.16003599431636,60.0,0.0,60.0,60.0,16.0,16.0,19.0,19.0,19.7,12.0,21.0,10.0,1.0,0.0,1840.3038421287,0.0,1597.90259099431,0.0,239.57989915331206,0.0,1291.6689432283566,0.0,4185.596351038018,2511357.810622811,3252019.1107599774,81.39432883230994,84.2070068834449,0.34351987836793398,0.7675778785321351,0.36028137401965956,84.2070068834449,0.35426478194388757,3252019.1107599774,0.16984832709285217 
 02/18  09:00:00,7.13,94.0,3.86,55.0,1.5,0.0,0.0,0.0,2.0,2.0,0.0,0.0,0.0,0.0,0.0,400.0,0.0,80.74327088806884,19.278772241788585,49.401168877525169,2.4211029335019078,64.44094554285404,0.0,19.278772241788574,26.355543269899785,0.0,0.0,20.53211896350161,-1607.4640685238033,19.44569840666096,576.5239428334517,20.6309408226605,-650.8446984854586,19.634820152906739,311.74934436120796,14.342934279683302,50.84533636354914,18.58596922270734,-29.351691752628058,17.841840315746393,346.84685749511427,18.500394350060675,-74.78689167782997,18.85365155649054,-74.6096797692054,1095.3987711187029,346.4102869912395,0.0,0.0,0.0,0.0,0.0,0.0,0.0,0.0,0.0,0.0,0.0,0.0,0.0,0.0,0.0,0.0,0.0,0.0,0.0,0.0,0.0,0.0,1.290681734833545,0.39398099353893326,436.5864400624952,511.45464184564647,12353.843497909353,0.3105735454176018,0.047401334770696249,300.72944401225359,353.53576430484937,7940.670527132456,1.2327719485847598,0.232950103663031,268.55651112544907,314.9063724466701,7549.141601350511,0.29461438088896049,0.05567165171749063,247.58477410957227,290.96602040857086,6590.4793794861839,0.0,0.0,13.495716475086505,16.189970508001076,200.95107724550827,0.0,0.0,13.83478922131545,16.31160765621531,336.06971575836448,0.0,0.0,72.3582141976956,85.49374682900621,1699.2900363371755,0.0,0.0,25.132746214193767,29.506505384737804,668.7121148474759,0.0,0.0,16.535809361399257,19.48849973648467,404.0762657663903,34.7429571624478,23.829188725958717,541.6247524968869,638.8307060583886,14146.872177981586,0.0,0.0,21.86096760339423,26.37178023245766,247.8664472566727,1823.6633941069829,21.41490192152263,37.7306631284323,22.0,30.0,0.0,20.432298437233436,40.159492111803597,16.0,30.0,1078.4194698924578,21.29805596206499,38.00406773887683,21.25,30.0,0.0,20.532309480982354,39.90319743769213,16.0,30.0,0.0,14.468240323735147,59.40645201490261,12.0,30.0,0.0,19.307476722418718,49.0049648658331,19.0,30.0,0.0,18.89429939125303,44.11382966923256,10.0,30.0,766.0749635451057,20.551113679434157,40.513606661476988,20.45,30.0,722.7562962351562,19.38410939498194,47.84264228819842,19.0,30.0,0.0,19.468823413191119,0.0,0.0,0.0,12.649535325928185,0.0,0.0,516.211655740381,523.2437186235027,515.8086806231931,522.3058981998921,572.1242169811079,894.1753127358218,519.3295406037083,571.9676182941178,831.2376202063467,8955.546019913018,82.08332006972575,82.08332006972575,60.0,0.0,60.0,60.0,16.0,16.0,19.0,19.0,19.7,12.0,21.0,10.0,1.0,0.0,1823.6633941069829,0.0,1078.4194698924578,0.0,0.0,0.0,766.0749635451057,722.7562962351562,0.0,0.0,0.0,82.08332006972575,82.08332006972575,0.34,0.7690646139099723,0.36028137401965956,82.08332006972575,0.3542647819438875,0.0,0.0007266666666666667 
 02/18  09:10:00,7.215,93.83333333333334,3.828333333333333,63.0,1.6666666666666668,0.0,0.0,1.0,2.0,0.0,0.0,0.0,0.0,0.0,4.0,900.0,0.0,93.52405737982204,21.98161581468396,56.32711174972288,2.8043366138947789,74.6412423233743,0.0,21.98161581468395,30.050535349468324,0.0,0.0,20.51367412255097,-1453.2103851121477,19.43824930331681,546.8537393147013,20.736802226384925,-1320.9371094135846,19.624833565085493,626.7152720958056,14.355336062722899,55.58634183046712,18.70287705568381,-71.14348987114771,17.165649347215479,-441.1222173089261,18.397451436131207,-121.60865715061358,18.631279839544896,-556.1068496979938,1107.1107737517905,1790.3843112990235,0.0,0.0,0.0,0.0,0.0,0.0,0.0,0.0,0.0,0.0,0.0,0.0,0.0,0.0,0.0,0.0,0.0,0.0,0.0,0.0,0.0,0.0,1.345661855949392,0.4107636922922443,367.6589809300656,430.9986052994933,10315.084638626717,0.32464796549209065,0.04954944528267562,305.6545901880344,359.52656157874466,7979.372040567925,1.070488619660553,0.2022843196637478,323.0425704094124,378.33080655317669,9189.827973387044,0.3014814917821306,0.05696929171997928,316.9580884703462,372.54559852810578,8370.842103601712,0.0,0.0,13.753511397426014,16.507185590523109,202.68633649141709,0.0,0.0,15.56205020995694,18.345449271863374,378.9521126540627,0.0,0.0,251.2553918223248,298.39381268085006,5162.412490192657,0.0,0.0,29.470630014653545,34.65245119063958,760.9665396943735,0.0,0.0,183.582321933363,216.7138813988077,4386.967592631001,34.69351624814831,23.79527863384658,615.628042357102,726.141698771408,15915.914685544407,0.0,0.0,188.1751006274658,225.56926044377773,2867.821666852457,1848.9575630881603,21.36051085966814,38.24076945307287,21.999999999999994,29.999999999999994,0.0,20.3669220301309,40.61280172670553,15.999999999999997,29.999999999999994,1195.4645767755533,21.5356733908259,38.36713567035649,21.33333333333333,29.999999999999994,0.0,20.517615861976389,40.645392391404019,18.999999999999998,29.999999999999994,0.0,14.47830058839697,59.838731168630769,11.999999999999997,29.999999999999994,856.60043140638,19.414550800650259,49.04895539310431,19.55555555555555,29.999999999999994,0.0,17.499469872421689,50.06661420080067,9.999999999999999,29.999999999999994,864.7302309343916,20.128420334614906,42.78113659837049,20.366666666666665,29.999999999999994,0.0,19.225386791119854,45.38060743565285,11.999999999999997,29.999999999999994,0.0,19.52544184426394,0.0,0.0,0.0,14.670990308115212,0.0,0.0,535.0320833127993,535.5580883382194,561.3323755769253,553.371417878958,590.7531323993204,918.8062950009514,623.4760116920265,641.7849712812018,653.1779235180729,10353.590275553595,81.15884433453663,85.82281890168271,219.99999999999995,0.0,219.99999999999995,219.99999999999995,16.0,19.0,19.0,12.0,19.7,12.0,21.0,10.0,1.0,0.0,1848.9575630881603,0.0,1195.4645767755533,0.0,856.60043140638,0.0,864.7302309343916,0.0,7058.33182068884,4234999.092413303,5537479.568413332,81.15884433453663,85.90202867316582,0.348611060689628,0.7652107034852588,0.36028137401965945,85.90202867316582,0.3542647819438875,5537479.568413332,0.2905522708908267 
 02/18  09:20:00,7.300000000000001,93.66666666666667,3.796666666666667,71.00000000000002,1.8333333333333335,0.0,0.0,1.0,2.0,0.0,0.0,0.0,0.0,0.0,4.0,300.0,0.0,106.70414618516526,24.668827776274005,63.21299953363296,3.1995431692687998,85.16021790963005,0.0,24.668827776273994,33.724157831275707,0.0,0.0,20.513067105963594,-1510.702772967687,19.469651934821326,543.2684068519823,20.659540700928536,-879.7426066177806,19.690971185061629,284.05065547930158,14.372983523520706,53.050160835719328,18.780943033808179,-92.5125692456457,16.742564858987906,55.687194130215448,18.643497910810745,-240.69308773885468,17.93633196813328,-344.074924259656,1059.9039219140939,1444.7657226815282,0.0,0.0,0.0,0.0,0.0,0.0,0.0,0.0,0.0,0.0,0.0,0.0,0.0,0.0,0.0,0.0,0.0,0.0,0.0,0.0,0.0,0.0,1.2532638903214706,0.38255918507981398,371.26698249350468,434.79620872706917,10332.900410371134,0.30854323002760189,0.047091457574420309,304.8254801608535,358.15794621380879,7913.052120298202,1.154022036039699,0.21806916780795528,241.85866055881434,283.366846887603,6733.484815366632,0.27874835623607499,0.05267353670371784,240.64707606973639,282.6548413217418,6338.748992465378,0.0,0.0,13.72750340921398,16.456888721617866,200.4819082663233,0.0,0.0,16.252776719133228,19.131882650157878,396.674936778959,0.0,0.0,249.74089322048565,296.9391453338903,4819.079376954438,0.0,0.0,42.83179340941729,50.27135882263633,1119.6204909479096,0.0,0.0,169.0311397203275,200.16384095976503,3660.0679320587889,34.46636088890453,23.639479347671157,538.1955629410295,634.4391918245905,13850.531056168718,0.0,0.0,183.10775527120249,219.04774931349597,2908.982815937532,1813.180348121181,21.33269878895505,38.50590656715992,21.999999999999994,29.999999999999998,0.0,20.376957285756217,40.839426263569169,15.999999999999997,29.999999999999998,1153.2345873331499,21.34119729365094,39.29021715945708,21.33333333333333,29.999999999999998,0.0,20.552389621785367,41.01255387746412,18.999999999999998,29.999999999999998,0.0,14.49710649172289,60.405107779934798,11.999999999999997,29.999999999999998,0.0,19.55286618460704,48.98760436905179,18.999999999999998,29.999999999999998,0.0,16.8997730843331,52.00440689219201,9.999999999999999,29.999999999999998,633.3208355861966,20.503081030880286,42.56858694559858,20.36666666666666,29.999999999999998,0.0,18.09625912095106,48.266621460539678,11.999999999999997,29.999999999999998,0.0,19.459327809857436,0.0,0.0,0.0,15.118748793291367,0.0,0.0,544.1972680978922,547.03034210556,585.335639292432,575.6261316899097,616.3450592691776,936.2624168691764,621.5103912640208,684.4407990459312,626.2601721036548,9230.174764675361,81.90155758799109,86.51679802239308,219.99999999999995,0.0,219.99999999999995,219.99999999999995,16.0,19.0,19.0,12.0,19.7,12.0,21.0,10.0,1.0,0.0,1813.180348121181,0.0,1153.2345873331499,0.0,0.0,0.0,633.3208355861966,0.0,6984.654734439361,4190792.840663617,5457896.788000481,81.90155758799109,86.59518012651599,0.34615515781464536,0.7660207390870375,0.3602813740196595,86.59518012651599,0.35426478194388746,5457896.788000481,0.28640174408713617 
 02/18  09:30:00,7.385,93.5,3.7649999999999999,79.0,2.0,0.0,0.0,1.0,2.0,0.0,0.0,0.0,0.0,0.0,4.0,300.0,0.0,120.51108187765752,27.308271042763914,69.97648275646907,3.6135454033882334,96.17947309681373,0.0,27.308271042763903,37.33247688530934,0.0,0.0,20.576640773928859,-1466.2789474304423,19.502158102009696,543.0261805930263,20.71759148495623,-909.8154992218879,19.682219588603954,433.6372931622419,14.383215753870527,46.89123824736256,18.772452025886794,-81.19318683107449,16.862633005976183,155.84987694685419,18.520892336991964,-202.89484106532587,17.637601885909665,-113.09414550648212,1088.11671289885,874.0763506328059,0.0,0.0,0.0,0.0,0.0,0.0,0.0,0.0,0.0,0.0,0.0,0.0,0.0,0.0,0.0,0.0,0.0,0.0,0.0,0.0,0.0,0.0,1.324195675501066,0.4042111341578345,377.9399889989317,442.467133750126,10505.277619345443,0.32218836546156118,0.04917404845261921,310.39476457870719,364.6603245879672,8013.135199644938,1.0589246094458003,0.20009913254833718,264.2302294400511,309.50817551300369,7331.935878793769,0.2689539711533997,0.05082274587176862,261.636534714094,307.30902898326147,6838.102052100763,0.0,0.0,13.20245013622949,15.826250129125832,190.67155161506595,0.0,0.0,16.5216104872654,19.460955376356489,394.4128862623022,0.0,0.0,174.75848595729739,207.5565470613999,3436.2475083877136,0.0,0.0,39.49786236535844,46.427509176494357,1001.4911955079272,0.0,0.0,97.65072522099689,115.76912078808877,2019.1070408121694,34.4764013929629,23.646365838794858,564.1542992645407,664.7168574671827,14516.363413644456,0.0,0.0,104.89128741924657,125.8047381339013,1480.3632834812652,1853.2628889627404,21.401098457655686,38.85262700478332,21.999999999999994,29.99999999999999,0.0,20.389815909352657,41.364400339059489,15.999999999999993,29.99999999999999,1002.6945727871882,21.428896701595716,39.569196259058617,21.333333333333326,29.99999999999999,0.0,20.54370986447133,41.46820265425205,18.999999999999994,29.99999999999999,0.0,14.501881840976284,60.59470429648299,11.999999999999995,29.99999999999999,594.8908748487303,19.361119625583826,49.72214728141868,18.999999999999994,29.99999999999999,0.0,17.172508728083569,51.105395639321589,9.999999999999997,29.99999999999999,955.4977859882936,20.136499616078184,43.54142196372874,20.36666666666666,29.99999999999999,0.0,17.697950262621665,49.40063868321619,11.999999999999995,29.99999999999999,0.0,19.579083147442004,0.0,0.0,0.0,14.320561886379882,0.0,0.0,568.2958256915995,572.4788535038555,607.3752927769061,593.9176132894992,620.9568303628014,941.6209656609674,610.6041955384532,680.2560732085186,613.2698386687799,10700.726415430605,80.92923656586362,85.75886792109429,219.9999999999999,0.0,219.9999999999999,219.9999999999999,16.0,19.0,19.0,12.0,19.7,12.0,21.0,10.0,1.0,0.0,1853.2628889627404,0.0,1002.6945727871882,0.0,594.8908748487303,0.0,955.4977859882936,0.0,7308.76442781295,4385258.656687772,5715467.645842353,80.92923656586362,85.84089109478188,0.35695881426043166,0.766669262368376,0.36028137401965945,85.84089109478188,0.35426478194388735,5715467.645842353,0.29978320647269127 
 02/18  09:40:00,7.47,93.33333333333334,3.7333333333333336,85.66666666666667,4.166666666666666,0.0,4.0,0.0,0.0,0.0,0.0,0.0,0.0,0.0,0.0,600.0,0.0,133.58872260251878,29.58757612782942,75.81712675206724,4.005679322188437,106.61667746088227,0.0,29.587576127829406,40.44845974154818,0.0,0.0,20.57283751934804,-1540.1628410974409,19.558782178642553,540.9135438792846,20.455739735821333,-320.97921935065537,19.62960484504329,-26.246507710751179,14.394542624311719,49.04529983178895,18.61359097804081,-252.0227616907002,17.25547195297284,505.8568213852136,18.186517888756336,-121.23926513259585,17.41070103026953,-429.6066212482908,918.0485232894434,889.7362697839111,0.0,0.0,0.0,0.0,0.0,0.0,0.0,0.0,0.0,0.0,0.0,0.0,0.0,0.0,0.0,0.0,0.0,0.0,0.0,0.0,0.0,0.0,1.2470407333430936,0.38065956451254359,395.70344107373276,463.6947667970779,10921.92642703246,0.3120789499926147,0.04763109737372018,308.3611039478909,362.56595092426189,7941.73878182849,1.105870426326302,0.2089702241735264,92.27401656150441,108.28937127919059,2562.957846808685,0.3127746144797134,0.05910329071801079,25.023463256477215,29.42478269011697,646.0303238245174,0.0,0.0,12.47628859393331,14.970515891372037,178.22116942019324,0.0,0.0,79.16872122546266,93.46642267741285,1857.1643320642527,0.0,0.0,224.7106338584113,266.34776425301586,4713.645533968185,0.0,0.0,33.54165873269367,39.55693951901258,810.999481977555,0.0,0.0,100.96701725449454,119.8616895687495,1990.374998836598,34.32382634495183,23.541719029459416,331.77749772865948,391.9509079653654,8440.91239422592,0.0,0.0,105.87503361913233,126.96403633253826,1488.84978528701,1803.4719684652055,21.38955042216128,39.17901588606775,21.999999999999984,29.99999999999998,0.0,20.447834595614368,41.4929515546689,15.999999999999988,29.99999999999998,33.48349847274897,21.238957022495279,39.481643164512487,20.999999999999987,29.99999999999998,0.0,20.322154443084906,44.79411108794825,18.999999999999987,29.99999999999998,0.0,14.510568894783587,60.93510428842281,11.999999999999993,29.99999999999998,0.0,19.194994619988358,46.99964598067821,15.999999999999988,29.99999999999998,0.0,17.94090229128539,49.709425857879057,9.999999999999993,29.99999999999998,0.0,19.53138539289255,44.9402985779293,15.999999999999988,29.99999999999998,0.0,17.36145479670565,50.99309370656111,11.999999999999993,29.99999999999998,0.0,19.047642169113439,0.0,0.0,0.0,14.289630205518226,0.0,0.0,580.293627853561,582.288576408375,576.1420848865565,757.1512929754085,632.9757261665044,734.3224495168721,662.8365671656729,661.4347795053761,638.0964572603899,9146.96778801173,81.95679948020032,81.95679948020032,131.99999999999992,0.0,131.99999999999992,131.99999999999992,16.0,19.0,16.0,12.0,16.0,12.0,21.0,10.0,1.0,0.0,1803.4719684652055,0.0,33.48349847274897,0.0,0.0,0.0,0.0,0.0,0.0,0.0,0.0,81.95679948020032,81.95679948020032,0.3399999999999998,0.7703547148717984,0.3602813740196593,81.95679948020032,0.3542647819438872,0.0,0.0015400000000000004 
 02/18  09:50:00,7.555,93.16666666666666,3.7016666666666668,92.33333333333333,6.333333333333332,0.0,4.0,0.0,0.0,0.0,0.0,0.0,0.0,0.0,0.0,400.0,0.0,147.49246063421044,31.859763121032665,81.6395315278646,4.4225834055691399,117.71318170433003,0.0,31.85976312103265,43.55471162655493,0.0,0.0,20.449447277596737,-1054.978798837521,19.596731722774569,587.717810963301,20.82863277833875,-876.6974220535669,19.58056373723967,-12.647673541243933,14.413180390434978,55.105234118426199,18.22941534976502,-65.4404829649788,17.458465115645369,197.62052909385785,17.496838895930595,-26.657833506798114,16.940285577109426,-542.1654476807465,938.0671609099522,1156.5776395258225,0.0,0.0,0.0,0.0,0.0,0.0,0.0,0.0,0.0,0.0,0.0,0.0,0.0,0.0,0.0,0.0,0.0,0.0,0.0,0.0,0.0,0.0,1.3406067613321278,0.40922062311725518,397.76068638679819,465.87321076757618,10893.662344288865,0.3384005839930602,0.051648440780381599,324.47628901137929,381.1845497755063,8322.569889952341,0.9635817894526886,0.18208272665394727,167.10013274177684,195.42611662383548,4704.554881237526,0.33868000857146676,0.06399848990390526,31.668146142443676,37.20326670997089,803.1426149739274,0.0,0.0,11.66061833735487,13.982337402004017,165.08533869160775,0.0,0.0,53.61792902046171,63.41887990368531,1184.8404521642224,0.0,0.0,263.2610910338173,311.6346347619543,5604.32162556246,0.0,0.0,21.39515661714128,25.329087972039767,463.7992496818036,0.0,0.0,171.98886975596859,204.66528081280158,3128.27560423079,34.41156509420361,23.60189649808205,350.64129116695826,413.86815658876005,8837.589345432429,0.0,0.0,175.0472979283621,209.4591739416161,2643.5457665046326,1342.37953860563,21.36993306347104,39.38454379974887,21.75,30.0,0.0,20.473251896698895,41.56680468364717,16.0,30.0,1489.139253270832,21.791870732795329,38.341626286938659,21.5,30.0,0.0,20.19992632223776,47.33348027985434,19.0,30.0,0.0,14.532384920448524,61.16466342332031,12.0,30.0,0.0,18.5937393581643,47.63591193862828,16.0,30.0,0.0,18.197826286516404,48.49034601909129,10.0,30.0,0.0,18.34142613203878,48.257097901012489,16.0,30.0,0.0,16.614259572910848,53.777467687062998,12.0,30.0,0.0,19.077083118731527,0.0,0.0,0.0,14.960685632051295,0.0,0.0,586.4569835682557,586.3664933745658,582.1091227643885,892.6418203515646,642.0907847573751,659.2075716610409,635.1293306266631,651.808425726847,650.1218810278119,8706.935107950885,82.24760994261044,84.12796013711989,132.0,0.0,132.0,132.0,16.0,19.0,16.0,12.0,16.0,12.0,21.0,10.0,1.0,0.0,1342.37953860563,0.0,1489.139253270832,0.0,0.0,0.0,0.0,0.0,2845.4542407218866,1707272.5444331319,2240760.2263474438,82.24760994261044,84.15989472575692,0.3498484746907296,0.7663009530505627,0.36028137401965956,84.15989472575692,0.3542647819438875,2240760.2263474438,0.11807419843673374 
 02/18  10:00:00,7.64,93.0,3.67,99.0,8.5,0.0,4.0,0.0,0.0,0.0,0.0,0.0,0.0,0.0,0.0,400.0,0.0,162.24046533875197,34.12358738305847,87.44050772311465,4.864802446182364,129.4834865289036,0.0,34.12358738305846,46.64953102402372,0.0,0.0,20.451823843763714,-1222.0607488525193,19.627922367154054,376.99962059892689,20.72279318891177,-601.4016566189135,19.543011734773143,-51.71591439251216,14.43464062336913,51.77387543587565,17.999621403661693,-53.52650409219649,17.284319296609824,103.19353113100897,17.067763614731584,-13.752180202201786,16.66788081860419,-378.00607370108107,945.1827721018212,1070.0960073636869,0.0,0.0,0.0,0.0,0.0,0.0,0.0,0.0,0.0,0.0,0.0,0.0,0.0,0.0,0.0,0.0,0.0,0.0,0.0,0.0,0.0,0.0,1.309412614936522,0.39969860040797386,462.6351969316388,542.8460001535705,12282.453004484734,0.3049760116382167,0.046547010323293159,273.2465704399069,321.0709941060786,6970.571611312926,1.0622095949706119,0.2007198781123606,215.62097477135968,252.35297291996717,5937.358126134818,0.30326443508085856,0.057306204663805457,26.315302443985105,30.91960765092272,658.2809398100282,0.0,0.0,11.109827087911445,13.320882705365179,155.92223151228996,0.0,0.0,45.96916819848167,54.41748173049277,974.8087210034693,0.0,0.0,275.21908647005696,326.2549862169011,5629.497326452098,0.0,0.0,12.159691324765826,14.42461179083488,243.5833735744601,0.0,0.0,187.9013644320019,223.96045721802364,3265.046256306654,34.04149945322279,23.348079186023868,403.89074075995418,476.80644168005849,10106.24634122613,0.0,0.0,189.99692565286677,227.40255754492299,2860.1974325209187,1848.5037547366156,21.175247123459895,40.21604947467064,22.0,30.0,0.0,20.46594717439382,41.91836305164905,16.0,30.0,1515.3193910094629,21.5394627288253,39.24724007943602,21.5,30.0,0.0,20.09739016725179,48.69295184275826,19.0,30.0,0.0,14.557100338015918,61.09843929145931,12.0,30.0,0.0,18.236659927481463,48.41698269901289,16.0,30.0,0.0,17.844032809887069,49.52434333190999,10.0,30.0,0.0,17.628351567909396,50.36044830358717,16.0,30.0,0.0,16.259876569568335,54.793040607286418,12.0,30.0,0.0,19.1714955854962,0.0,0.0,0.0,15.059367216600104,0.0,0.0,600.0706796669181,599.5427119944097,598.2156255509581,957.4001737427591,637.6502167656914,635.8476370171164,622.6153773166942,642.3938897379746,630.4158683257842,9951.82805059597,81.4244914239411,84.9676905707382,132.0,0.0,132.0,132.0,16.0,19.0,16.0,12.0,16.0,12.0,21.0,10.0,1.0,0.0,1848.5037547366156,0.0,1515.3193910094629,0.0,0.0,0.0,0.0,0.0,5362.111928634127,3217267.1571804767,4197870.532816422,81.4244914239411,85.02786585486474,0.34873706428780429,0.7691954353229591,0.36028137401965956,85.02786585486474,0.3542647819438875,4197870.532816422,0.2198586010397873 
 02/18  10:10:00,7.736666666666666,92.33333333333333,3.6183333333333338,105.66666666666667,10.666666666666668,0.0,0.0,1.0,2.0,0.0,0.0,0.0,0.0,0.0,0.0,800.0,0.0,177.83935884537903,36.37770113524094,93.21660168650374,5.332534998603563,141.93287691190506,0.0,36.377701135240929,49.73107541833675,0.0,0.0,20.708668616641306,-1535.0783158196476,19.627651286697249,592.8269478531306,20.787403091721595,-1593.200215923872,19.628026363969988,654.9373787753093,14.454883918473332,57.39159049353769,18.889536334199293,-88.967364390833,17.201773846838998,133.7397042147145,17.85450444634993,-97.98774589213818,16.517700637918396,-317.97575072681379,1043.6020189106349,1097.7537579855012,0.0,0.0,0.0,0.0,0.0,0.0,0.0,0.0,0.0,0.0,0.0,0.0,0.0,0.0,0.0,0.0,0.0,0.0,0.0,0.0,0.0,0.0,1.2334123938167486,0.37649950971207216,437.0278889009469,511.87746159671488,11945.56491612622,0.31100209100718687,0.0474667416067135,313.93811677811359,369.0200352648076,7916.622729932954,1.113436877352024,0.21040001461678468,416.76092225169506,487.77107133594867,11446.843287040012,0.31598718865817518,0.05971035311001041,345.4858376920987,406.17190666230086,8646.268073091764,0.0,0.0,12.376386301321212,14.846107817839805,171.82731724499687,0.0,0.0,17.422451055083685,20.54614415934808,407.4331086816196,0.0,0.0,253.36562344233009,300.6662476424383,5059.369894533125,0.0,0.0,26.850720377371098,31.67890512306886,607.8545380286159,0.0,0.0,199.49988107790646,238.04813188408034,3360.4445255834827,33.93415216484757,23.2744527879613,653.3401320065909,770.2228370629723,16127.426132266137,0.0,0.0,202.77925255715418,242.70651632114318,3065.4022570739678,1834.1838822484945,21.549566197229237,40.07715724049325,22.0,30.0,0.0,20.441297461825554,42.79144236264089,16.0,30.0,1976.4826483021837,21.52198346613319,40.11556870399463,21.5,30.0,0.0,20.332276919383888,43.271930312409207,16.0,30.0,0.0,14.58027772154626,61.06160900225878,12.0,30.0,1560.505680535507,19.46156342364739,45.91669596894685,20.0,30.0,0.0,17.69596233508163,50.33276520366831,10.0,30.0,1338.498905468532,18.861934145991069,47.28620353696948,20.7,30.0,0.0,16.089080967957217,55.52147088520637,12.0,30.0,0.0,19.534831781332327,0.0,0.0,0.0,15.190427248515743,0.0,0.0,651.3754729532209,646.2566098752252,647.7414449098948,657.6719494996391,633.6371294067445,710.1847430645918,634.9908568367741,686.1973234855084,630.7300927762466,10500.23916512434,81.06178870403471,83.9095762883914,60.0,0.0,60.0,60.0,16.0,16.0,19.0,12.0,19.7,12.0,21.0,10.0,1.0,0.0,1834.1838822484945,0.0,1976.4826483021837,0.0,1560.505680535507,0.0,1338.498905468532,0.0,4309.347822369772,2585608.693421864,3365051.099470376,81.06178870403471,83.95794117557976,0.35614492741232575,0.7690736946348009,0.36028137401965956,83.95794117557976,0.3542647819438875,3365051.099470376,0.17570265717245957 
 02/18  10:20:00,7.833333333333334,91.66666666666667,3.5666666666666666,112.33333333333334,12.833333333333334,0.0,0.0,1.0,2.0,0.0,0.0,0.0,0.0,0.0,0.0,400.0,0.0,194.28979453187703,38.62064461142732,98.96407280343864,5.825800647297719,155.06187423368497,0.0,38.6206446114273,52.797349198491399,0.0,0.0,20.722121667735789,-1429.9193755224738,19.718841633499886,496.07600130255926,20.875554741930203,-1337.0771471766507,19.803426663314775,427.3570476981399,14.480165900044769,56.80173292895593,18.961864716166859,-100.26689912814888,17.13875519469142,112.86384284771703,18.82218224115769,-284.0122268956758,16.434689150654437,-226.56500769815649,1020.4081537784841,1144.2095662642508,0.0,0.0,0.0,0.0,0.0,0.0,0.0,0.0,0.0,0.0,0.0,0.0,0.0,0.0,0.0,0.0,0.0,0.0,0.0,0.0,0.0,0.0,1.221278888284776,0.37279575344468138,419.1997420416435,490.6798066352007,11381.188522252818,0.29918880099239888,0.0456637364152013,295.4052791199547,346.95387741837899,7447.414122167411,1.1047787678247468,0.20876393949825154,368.9975650461206,431.51333998016755,10073.676728530396,0.2978238658443183,0.0562781303560692,308.02493828129738,361.61669405889617,7795.945458326314,0.0,0.0,12.308047684423027,14.753270391684588,169.22231385251858,0.0,0.0,17.49029646959454,20.59284422858554,413.50855130339508,0.0,0.0,251.9221531843179,298.8790137826873,4925.123920263392,0.0,0.0,44.865187221096409,52.64714332190859,1134.9762036378978,0.0,0.0,207.02009020289803,246.9178770759046,3420.090836958714,33.67708946583009,23.098140923065914,597.4599433538409,703.8163635579856,14790.420611947415,0.0,0.0,212.27322245346913,253.65543678358606,3285.122137972888,1808.5013941011562,21.555633833390258,39.95112625665859,22.0,30.0,0.0,20.540165511988673,42.58951736609523,16.0,30.0,1762.458324881424,21.55203965052073,40.036612339620479,21.5,30.0,0.0,20.571934444950537,42.49678911442836,16.0,30.0,0.0,14.610880661896278,61.14656326776819,12.0,30.0,0.0,19.70650712369912,46.994752589101398,19.0,30.0,0.0,17.57843801422177,50.872846384143659,10.0,30.0,1244.2131906502576,20.530189248978329,43.13197605081467,20.7,30.0,0.0,16.021400288908809,56.12632173210744,12.0,30.0,0.0,19.619499340667283,0.0,0.0,0.0,15.472928836147759,0.0,0.0,642.0093898012017,648.2019398122702,645.0489927450301,646.7975373370957,636.2137719730913,815.221266685204,641.5510581195077,703.5388688690985,645.4372777332799,10249.51232723261,81.22756617408239,84.93682933395368,60.0,0.0,60.0,60.0,16.0,16.0,19.0,12.0,19.7,12.0,21.0,10.0,1.0,0.0,1808.5013941011562,0.0,1762.458324881424,0.0,0.0,0.0,1244.2131906502576,0.0,5613.135671001537,3367881.402600922,4389384.493908921,81.22756617408239,84.99982493631691,0.35710452236671788,0.7675433939350669,0.36028137401965956,84.99982493631691,0.3542647819438875,4389384.493908921,0.22897132701659726 
 02/18  10:30:00,7.93,91.0,3.5149999999999999,119.0,15.0,0.0,0.0,1.0,2.0,0.0,0.0,0.0,0.0,0.0,0.0,400.0,0.0,211.59115493033858,40.850835084741877,104.67886537788945,6.344580870871169,168.86998562435046,0.0,40.85083508474185,55.84618865685448,0.0,0.0,20.734978219489073,-1642.6214488368265,19.7687583736542,515.1491401619674,20.81409032868352,-445.79397141732377,19.79802808956201,204.10770335421288,14.504335202147474,57.899380429815767,18.684058809864689,-82.42601268576269,17.138957003241879,168.5393453149377,18.60964407591886,-240.7331846351501,16.433175219859807,-159.21612120832334,1007.1646984614117,1078.6410204149386,0.0,0.0,0.0,0.0,0.0,0.0,0.0,0.0,0.0,0.0,0.0,0.0,0.0,0.0,0.0,0.0,0.0,0.0,0.0,0.0,0.0,0.0,1.1972634129681453,0.36546502227354868,472.2716765330483,552.8325502647962,12690.701300700279,0.28242253055483959,0.04310478183071423,281.02649650001447,329.9963424231655,7050.426595720192,1.1853912465495167,0.22399683419303044,275.56775252838579,322.7892997708814,7337.658934231122,0.2817607375537117,0.0532427697569372,207.17988932828008,243.10904832762683,5183.258321628494,0.0,0.0,12.331651605549059,14.779102997105014,167.81535924547269,0.0,0.0,17.388525828406757,20.502495130752736,391.587317371641,0.0,0.0,248.75561101978546,295.0896522390127,4819.759943792449,0.0,0.0,45.56976355682025,53.619414036350288,1093.692826382381,0.0,0.0,202.6626839884702,241.66670517061258,3332.2973146851866,33.407345493740027,22.913131340013746,526.7634210615697,620.4733581840879,13061.344261763923,0.0,0.0,207.8563287217546,248.29776617019025,3214.8875671265216,1832.394285422774,21.510884847482094,39.915906467694338,22.0,30.0,0.0,20.57591113138374,42.380217113703057,16.0,30.0,863.2525322957826,21.455383901322425,40.07524993040584,21.25,30.0,0.0,20.508848306488554,42.50250596671522,16.0,30.0,0.0,14.638894799452567,61.31179354896274,12.0,30.0,0.0,19.221335822670246,49.61973308884823,19.0,30.0,0.0,17.589382705325904,51.11327730767432,10.0,30.0,407.6831643450815,19.988214184681675,44.93709651450721,19.95,30.0,0.0,16.081493838610965,56.38762092379271,12.0,30.0,0.0,19.663100263370248,0.0,0.0,0.0,15.56751015425185,0.0,0.0,629.0803916227701,637.6722678383885,628.8697670794355,633.8276196336457,643.235942539472,877.9057180827606,650.9271856687529,707.7021180613729,661.9044860489157,8959.83884701423,82.08051381913694,82.08051381913694,60.0,0.0,60.0,60.0,16.0,16.0,19.0,12.0,19.7,12.0,21.0,10.0,1.0,0.0,1832.394285422774,0.0,863.2525322957826,0.0,0.0,0.0,407.6831643450815,0.0,0.0,0.0,0.0,82.08051381913694,82.08051381913694,0.34,0.7705235692117751,0.36028137401965956,82.08051381913694,0.3542647819438875,0.0,0.0007266666666666667 
 02/18  10:40:00,8.026666666666668,90.33333333333333,3.463333333333333,122.16666666666667,24.166666666666666,0.0,0.0,0.0,0.0,0.0,0.0,0.0,0.0,0.0,0.0,500.0,0.0,259.8771623645941,42.48117456478315,108.85656738578276,7.792418524957402,207.4065903738478,0.0,42.48117456478313,58.074986329857519,0.0,0.0,20.75348660794966,-1367.966414906679,19.80535688376147,427.2449293774542,20.883363583635423,-1203.0925317668553,19.774031832516927,455.97314673381956,14.52821126004639,54.28440080029418,18.3883903603368,-169.6809242836701,17.21243498749668,192.8528737977169,18.11960967680017,-138.64271640899288,16.419813077035849,-171.3877871508983,988.9929364261873,1013.9761523696463,0.0,0.0,0.0,0.0,0.0,0.0,0.0,0.0,0.0,0.0,0.0,0.0,0.0,0.0,0.0,0.0,0.0,0.0,0.0,0.0,0.0,0.0,1.211088024269045,0.3696849890931151,403.2798531257307,472.121179631659,10763.854290418498,0.2890157878101376,0.04411107872560097,281.5699227545547,330.7331677025767,6999.32968545853,1.0995504034097823,0.20777596436314867,352.25724301540887,412.08950382424077,9457.832578638641,0.2963014193921699,0.05599044206201244,309.3223980577949,363.3453517886817,7649.219779125757,0.0,0.0,11.62832865166768,13.939200334303268,156.4998201447336,0.0,0.0,72.1013706845653,85.22944232612285,1538.799698690458,0.0,0.0,307.5376335507698,364.71908665789598,5978.848073635922,0.0,0.0,36.816220455525819,43.453243123440149,821.0663278759139,0.0,0.0,204.02296684154153,243.31337360812052,3320.1770269862747,33.13335205345457,22.725207169721938,585.0017182217473,689.2000694518138,14278.461718158154,0.0,0.0,208.44830470977744,249.0353840698172,3185.7575601978535,1838.352700686558,21.51422818111901,39.86522512306119,22.0,30.0,0.0,20.558069335015948,42.34169879685646,16.0,30.0,1532.4727736511482,21.497101975088304,39.90396289303161,21.4,30.0,0.0,20.47797130124791,42.511731691072949,16.0,30.0,0.0,14.66262935333856,61.55400916985111,12.000000000000002,30.0,0.0,18.693600217369025,49.092369181207079,16.0,30.0,0.0,17.723651346118126,51.20041610539794,10.0,30.0,0.0,19.161653225010278,46.94186727231248,16.0,30.0,0.0,16.094692443033766,56.653748114263049,12.000000000000002,30.0,0.0,19.650023624081535,0.0,0.0,0.0,15.57513486914461,0.0,0.0,624.058252396322,629.9005623521194,622.187922214483,626.593745135504,654.0485307526482,737.9054336974248,678.152513947983,685.9669155096594,673.9886878262771,10764.673900485466,80.88690261468908,85.37212745893845,60.0,0.0,60.0,60.0,16.0,16.0,16.0,12.0,16.0,12.0,21.0,10.0,1.0,0.0,1838.352700686558,0.0,1532.4727736511482,0.0,0.0,0.0,0.0,0.0,6787.330970206203,4072398.582123722,5289795.213491861,80.88690261468908,85.44830146671842,0.3622443656735401,0.7676571512226273,0.36028137401965956,85.44830146671842,0.35426478194388757,5289795.213491861,0.2757993511015767 
 02/18  10:50:00,8.123333333333333,89.66666666666667,3.411666666666666,125.33333333333334,33.33333333333333,0.0,0.0,0.0,0.0,0.0,0.0,0.0,0.0,0.0,0.0,400.0,0.0,285.38466626846897,43.78643486428009,112.20127353074013,8.557254926055875,227.76392609238256,0.0,43.78643486428007,59.85937611725832,0.0,0.0,20.758290035585067,-1655.2093821229333,19.847504193447788,450.4537817849755,20.7927525843837,-604.5339084685274,19.827306929520654,250.58610403127524,14.549331581452894,52.599607366761848,18.140831234040769,-84.12189949415427,17.23779998574642,168.07327487858084,17.524116875068523,-50.56233293302117,16.403380813377959,-166.4072380915768,963.7386959893693,924.4653698085701,0.0,0.0,0.0,0.0,0.0,0.0,0.0,0.0,0.0,0.0,0.0,0.0,0.0,0.0,0.0,0.0,0.0,0.0,0.0,0.0,0.0,0.0,1.218728376504628,0.3720172089452467,433.4445938282872,507.33836296666126,11456.597385243975,0.2858881399742191,0.043633720997286188,281.341226159025,330.4127005415265,6947.527120210585,1.1501487664434092,0.21733725745340316,260.07617628700077,304.7095147991111,6820.701998322375,0.28696721599943539,0.05422660922135965,270.17356402530808,317.38693678557106,6652.507242496108,0.0,0.0,11.196421294531188,13.415056005803871,148.9515441290243,0.0,0.0,57.19861468063421,67.69367065261487,1165.5078731369857,0.0,0.0,294.83489965960077,349.54142130646786,5685.551976939893,0.0,0.0,25.069625092572389,29.688997952284308,505.0663315089939,0.0,0.0,199.04685843520657,237.3096245800882,3202.3334252009028,32.865738498122627,22.54165877786189,545.735740772161,642.9646509573845,13264.909286531549,0.0,0.0,202.1018427209689,241.40599225931323,3042.6264829138387,1816.690566752911,21.475540848518038,39.902160091695268,22.0,30.0,0.0,20.5716223131321,42.2375256572899,16.0,30.0,950.5925441954552,21.34754106610729,40.22726557844089,21.25,30.0,0.0,20.52422949309159,42.34909503265273,16.0,30.0,0.0,14.682762398233649,61.75442369784617,12.0,30.0,0.0,18.3010919316902,49.418002750408579,16.0,30.0,0.0,17.742294505306803,50.92748428853336,10.0,30.0,0.0,18.15268730724816,49.81108000307315,16.0,30.0,0.0,16.099386761152368,56.702850050693729,12.0,30.0,0.0,19.659028364657073,0.0,0.0,0.0,15.557794692232213,0.0,0.0,618.3310643766724,623.6006046168108,618.0925169418797,622.4378398097013,663.3352832215517,680.488547809444,662.9351278956825,676.0402163487904,674.9412577956395,9040.021066419125,82.0275170444877,82.0275170444877,60.0,0.0,60.0,60.0,16.0,16.0,16.0,12.0,16.0,12.0,21.0,10.0,1.0,0.0,1816.690566752911,0.0,950.5925441954552,0.0,0.0,0.0,0.0,0.0,0.0,0.0,0.0,82.0275170444877,82.0275170444877,0.34,0.7692784445391468,0.36028137401965956,82.0275170444877,0.3542647819438875,0.0,0.0007300000000000001 
 02/18  11:00:00,8.22,89.0,3.36,128.5,42.5,0.0,0.0,0.0,0.0,0.0,0.0,0.0,0.0,0.0,0.0,300.0,0.0,313.0733806366656,45.088431332118137,115.53761733312142,9.387493927169164,249.86206335153424,0.0,45.08843133211811,61.639303999334838,0.0,0.0,20.753088789944728,-1563.6696004325154,19.879441618731698,420.417288398322,20.787296134742186,-717.8379635879646,19.767998869143385,303.7481205526652,14.571097121140888,51.61369764247415,18.001454283052575,-52.360054408706947,17.23505588139878,161.7501813556132,17.158653265715694,-16.797170340752353,16.387267808536877,-158.03032367358399,946.0523863135054,858.6590405767638,0.0,0.0,0.0,0.0,0.0,0.0,0.0,0.0,0.0,0.0,0.0,0.0,0.0,0.0,0.0,0.0,0.0,0.0,0.0,0.0,0.0,0.0,1.1970283396387667,0.3653932660679999,425.80807587184565,498.1679602486222,11138.116752632577,0.2816876249531193,0.042992616751086617,279.8095262430485,328.4342643611752,6847.633792098855,1.1466593207721095,0.21667787618520613,278.9782039152327,326.6417323716193,7274.7765741897069,0.2890425372059862,0.05461877120294527,279.2421042399401,327.9632613831377,6759.933806796858,0.0,0.0,11.061277668319648,13.245324688813156,145.46050415680649,0.0,0.0,48.35831276544849,57.24365001419682,955.6641530523593,0.0,0.0,283.79131755341668,336.308764719559,5409.30284014684,0.0,0.0,16.679863166475216,19.786058861731797,313.49270221065407,0.0,0.0,193.43360594384908,230.51280020601096,3074.4495238533766,32.574612802751669,22.341984089678808,553.3613429195997,651.5687634184272,13310.22709959007,0.0,0.0,195.4131321808815,233.30688599816495,2906.289947841085,1847.0602999529513,21.42671038052333,39.97882870172357,22.000000000000019,30.00000000000002,0.0,20.556790398125786,42.22082671646511,16.000000000000015,30.00000000000002,1052.0909787269325,21.410892579719673,40.028244482585069,21.33333333333335,30.00000000000002,0.0,20.413862980734579,42.58566967513426,16.000000000000015,30.00000000000002,0.0,14.703838816579193,61.74707388932883,12.00000000000001,30.00000000000002,0.0,18.08688004385734,49.8668236243148,16.000000000000015,30.00000000000002,0.0,17.726728700269523,50.847908733229889,10.000000000000007,30.00000000000002,0.0,17.56603105394703,51.586843962463699,16.000000000000015,30.00000000000002,0.0,16.09922931435597,56.559065174669928,12.00000000000001,30.00000000000002,0.0,19.654653235766614,0.0,0.0,0.0,15.56421253197971,0.0,0.0,614.3686191165806,618.5666371326805,613.7679285334152,617.6465833731894,663.7508133303651,665.1507898604439,653.4359948266398,669.3379218897856,665.3202621748228,9283.501014101268,81.86646477784274,84.1610267620888,60.00000000000004,0.0,60.00000000000004,60.00000000000004,16.0,16.0,16.0,12.0,16.0,12.0,21.0,10.0,1.0,0.0,1847.0602999529513,0.0,1052.0909787269325,0.0,0.0,0.0,0.0,0.0,3472.585084959325,2083551.0509755933,2719108.340241807,81.86646477784274,84.19999604200433,0.34241950283197766,0.7666984022659227,0.3602813740196598,84.19999604200433,0.3542647819438878,2719108.340241807,0.14212363369257403 
 02/18  11:10:00,8.311666666666668,88.0,3.3666666666666664,131.66666666666669,51.66666666666667,0.0,0.0,0.0,0.0,0.0,0.0,0.0,0.0,0.0,0.0,300.0,0.0,342.8440279896062,46.38526063658737,118.86072139895973,10.280158714085968,273.6217695556681,0.0,46.38526063658735,63.412167977338977,0.0,0.0,20.795470738314337,-1578.9467652598269,19.991190235377464,517.1586940723585,20.767281137352865,-559.0054364731307,19.82544588819484,372.4166318105993,14.595117785991086,53.157423393293928,17.923061220510065,-33.485797719951438,17.278420764967476,184.5579144363516,16.89751250081064,-34.01569612115535,16.38439618990676,-127.56413598372305,973.5872689791868,836.037299545027,0.0,0.0,0.0,0.0,0.0,0.0,0.0,0.0,0.0,0.0,0.0,0.0,0.0,0.0,0.0,0.0,0.0,0.0,0.0,0.0,0.0,0.0,1.2205093215476788,0.37256084296327199,450.69842936339605,527.3202129143281,11703.8245610222,0.2951631451487432,0.04504932007764702,298.0630179170382,349.7859182769424,7327.312660625791,1.1395353656951036,0.21533170175644449,263.57175384195298,308.67913231426487,6819.258369738627,0.2845008111109236,0.053760546317256897,269.1347074224667,316.0505197612372,6524.848275844936,0.0,0.0,11.253810759439104,13.475448962390896,146.46608833151897,0.0,0.0,37.72425207060175,44.67088776131104,729.8161553846503,0.0,0.0,274.8429460122526,325.6247466322385,5227.257436406124,0.0,0.0,12.535888889557171,14.882592410288389,223.04928574693106,0.0,0.0,188.34525653483804,224.43204928896814,2966.607598759866,32.711222294618469,22.43568058615808,560.5918406856742,659.9014902392753,13552.617456855489,0.0,0.0,196.56470790447828,234.60932057467097,2919.808203160006,1871.954983053697,21.458308420768654,39.810184254963917,22.0,30.0,0.0,20.701621425087816,41.772864196922757,16.0,30.0,898.0820989454385,21.396599821113108,39.99547284088328,21.333333333333337,30.0,0.0,20.518292167664748,42.21448212954157,16.0,30.0,0.0,14.728987973513878,61.57822674640058,12.0,30.0,0.0,17.968226883412674,50.06279131513189,16.0,30.0,0.0,17.799432157573486,50.40245646408016,10.0,30.0,0.0,17.169445587518266,52.783559385172548,16.0,30.0,0.0,16.120158918130035,56.214523056688268,12.0,30.0,0.0,19.7911178695937,0.0,0.0,0.0,15.648225909526799,0.0,0.0,606.0572894899647,612.1839001092807,607.9350020522319,609.1158833169707,657.2138265675128,652.0191040561131,637.7650432768812,661.3293211497728,647.4522324479369,9189.528143704818,81.92864487012699,81.92864487012699,60.0,0.0,60.0,60.0,16.0,16.0,16.0,12.0,16.0,12.0,21.0,10.0,1.0,0.0,1871.954983053697,0.0,898.0820989454385,0.0,0.0,0.0,0.0,0.0,0.0,0.0,0.0,81.92864487012699,81.92864487012699,0.34,0.7695933519133305,0.36028137401965956,81.92864487012699,0.3542647819438875,0.0,0.0007300000000000001 
 02/18  11:20:00,8.403333333333335,87.0,3.3733333333333337,134.83333333333332,60.833333333333339,0.0,0.0,0.0,0.0,0.0,0.0,0.0,0.0,0.0,0.0,300.0,0.0,374.59922941343936,47.67477643158489,122.16508561980084,11.232329399536173,298.9653273273819,0.0,47.67477643158487,65.17503383342336,0.0,0.0,20.82386408846189,-1561.759668522874,20.081746255120707,463.8967717842681,20.768015208981244,-524.018775282359,19.85294788252441,356.0342636597408,14.621808696032315,54.20714552446077,17.87908815971645,-27.214530326625309,17.31014977058833,178.6842672410281,16.687238285381637,-39.71656529096676,16.401605196797754,-97.45352239692052,961.7151885829476,813.8162532254564,0.0,0.0,0.0,0.0,0.0,0.0,0.0,0.0,0.0,0.0,0.0,0.0,0.0,0.0,0.0,0.0,0.0,0.0,0.0,0.0,0.0,0.0,1.2097248850546106,0.36926889043181018,445.56651072711557,521.3002736116898,11501.713253959371,0.2890070077104353,0.04410973866154383,287.6557423692385,337.5030610821202,7062.902402712486,1.1669423312466639,0.22051064460443385,259.62502029086877,304.06407793317438,6674.0212635691609,0.2827773172391737,0.0534348672031696,265.13195885463809,311.3392511343857,6393.386680894784,0.0,0.0,11.36845836723487,13.611725428772815,146.5077372381318,0.0,0.0,28.588804900658759,33.86921388958254,543.9598226085516,0.0,0.0,269.2985852768811,319.0244562230957,5094.000704538408,0.0,0.0,19.10946377421354,22.711987521915949,325.0790216552486,0.0,0.0,183.49213907972286,218.616355563412,2874.4263854783168,32.65984625580089,22.400443248148759,547.4577461250276,644.4216435516025,13173.16429719234,0.0,0.0,198.6472061110956,237.01526519055279,2954.64213188217,1870.7339236668036,21.480104796764363,39.65966499944908,21.999999999999994,29.99999999999999,0.0,20.77715521674206,41.489002098289329,15.999999999999993,29.99999999999999,865.0733426645477,21.399042164286216,39.89206509328052,21.333333333333326,29.99999999999999,0.0,20.543523874441079,42.05152563391779,15.999999999999993,29.99999999999999,0.0,14.758107371754733,61.314956516022139,11.999999999999995,29.99999999999999,0.0,17.89722863851613,50.12405683002431,15.999999999999993,29.99999999999999,0.0,17.839884493059175,50.100492287690538,9.999999999999997,29.99999999999999,0.0,16.86142152085155,53.619243793567019,15.999999999999993,29.99999999999999,0.0,16.170392921346559,55.81609519941294,11.999999999999995,29.99999999999999,0.0,19.813347994886649,0.0,0.0,0.0,15.751193299949636,0.0,0.0,598.5104697624765,605.1734241722742,600.238982118228,601.8417080830832,646.9803804602548,640.0545227264299,625.344960069369,647.1410274300149,633.065710706243,9270.947298667605,81.8748014837347,81.8748014837347,59.99999999999998,0.0,59.99999999999998,59.99999999999998,16.0,16.0,16.0,12.0,16.0,12.0,21.0,10.0,1.0,0.0,1870.7339236668036,0.0,865.0733426645477,0.0,0.0,0.0,0.0,0.0,0.0,0.0,0.0,81.8748014837347,81.8748014837347,0.3399999999999999,0.7695231909005024,0.36028137401965945,81.8748014837347,0.35426478194388735,0.0,0.0007433333333333335 
 02/18  11:30:00,8.495000000000001,86.0,3.38,138.0,70.0,0.0,0.0,0.0,0.0,0.0,0.0,0.0,0.0,0.0,0.0,300.0,0.0,408.2432925746481,48.95459720956959,125.44460729614052,12.241136667020414,325.8163653254038,0.0,48.95459720956956,66.92464586622588,0.0,0.0,20.851851245713186,-1562.9403109197552,20.151956795653008,434.40846216757759,20.773012289485718,-507.85043960255748,19.872958594035866,349.7790498216823,14.649506909841252,53.707508963394669,17.86025987702449,-18.763790291728573,17.33709800326149,181.15053525439539,16.525441464774283,-34.242672444423487,16.42726136032463,-79.29541691485213,952.3224794980775,787.851033026924,0.0,0.0,0.0,0.0,0.0,0.0,0.0,0.0,0.0,0.0,0.0,0.0,0.0,0.0,0.0,0.0,0.0,0.0,0.0,0.0,0.0,0.0,1.2060712536718539,0.3681536183369516,445.0091720704678,520.6148468783708,11428.996100512115,0.2854090935148951,0.0435606064583173,281.9638779637204,330.792542862971,6894.103716326329,1.1756322232793755,0.22215272548741034,259.2036983284687,303.5646256534752,6620.741474213103,0.28266296757927125,0.05341325917975642,263.48764844335826,309.40764229541869,6312.798806106519,0.0,0.0,11.19873202192576,13.40756320690424,142.90950603543045,0.0,0.0,28.614996340155814,33.9094807066061,537.155390451841,0.0,0.0,269.6259527719078,319.38975886271899,5068.211775691551,0.0,0.0,22.749570187887487,27.060519341513439,372.90190203159826,0.0,0.0,179.24084556186143,213.5155212200376,2795.068134897646,32.61223022682561,22.36778479206146,542.6067609280663,638.6677041972965,12988.014741746527,0.0,0.0,198.85879828226184,237.19403652007157,2959.714391918851,1870.223671552991,21.50330694458974,39.493560296946757,21.999999999999994,29.99999999999999,0.0,20.817836078821519,41.27533438533929,15.999999999999993,29.99999999999999,847.311548113042,21.40151141659486,39.77802251186772,21.333333333333326,29.99999999999999,0.0,20.556678144677009,41.905110953304347,15.999999999999993,29.99999999999999,0.0,14.788002473488915,61.028006233604859,11.999999999999995,29.99999999999999,0.0,17.860995445177275,50.07811598980224,15.999999999999993,29.99999999999999,0.0,17.87426675925803,49.83197436502701,9.999999999999997,29.99999999999999,0.0,16.637335039163174,54.15631286468387,15.999999999999993,29.99999999999999,0.0,16.228072394305703,55.42244494926368,11.999999999999995,29.99999999999999,0.0,19.841467229945829,0.0,0.0,0.0,15.849930056540128,0.0,0.0,590.7837574656697,597.2408973332128,592.5513221823488,594.1145109797941,636.2731016392444,628.6394636384241,614.4935722233388,631.6604637892964,621.1294321175078,9231.8489150166,81.90065675116969,81.90065675116969,59.99999999999998,0.0,59.99999999999998,59.99999999999998,16.0,16.0,16.0,12.0,16.0,12.0,21.0,10.0,1.0,0.0,1870.223671552991,0.0,847.311548113042,0.0,0.0,0.0,0.0,0.0,0.0,0.0,0.0,81.90065675116969,81.90065675116969,0.3399999999999999,0.7693944725342725,0.36028137401965945,81.90065675116969,0.35426478194388735,0.0,0.0007566666666666668 
 02/18  11:40:00,8.586666666666666,85.0,3.3866666666666669,136.83333333333332,77.16666666666666,0.0,0.0,0.0,0.0,0.0,0.0,0.0,0.0,0.0,0.0,300.0,0.0,428.53135138440907,48.886042331001068,125.26895503007234,12.849465735278305,342.0080651491315,0.0,48.886042331001039,66.83092614975145,0.0,0.0,20.88038805250978,-1566.4318895425816,20.211347997067074,417.40383395492918,20.778794374043515,-492.8311253378995,19.89019352180653,345.7370103170406,14.67742585889647,55.0599035942582,17.854349797600884,-17.766857195236125,17.363124080229924,183.20887903303098,16.40414835616282,-26.128806152380116,16.455411540774635,-63.628290034508669,942.5844615519729,760.9973567883438,0.0,0.0,0.0,0.0,0.0,0.0,0.0,0.0,0.0,0.0,0.0,0.0,0.0,0.0,0.0,0.0,0.0,0.0,0.0,0.0,0.0,0.0,1.1973197365503068,0.36548221506419656,445.50501241699808,521.1588580685464,11384.933895393311,0.28173317079058216,0.042999568191480829,278.0058019364593,326.128974580257,6762.298452194121,1.1620605629423969,0.21958816382131486,259.13847502549438,303.4851240628251,6575.180432033753,0.28178192936606485,0.05324677425662602,262.2908526252605,308.0042907452406,6241.776898665196,0.0,0.0,11.382894693621216,13.62616696501971,143.85520624130172,0.0,0.0,25.509621237046856,30.242272246569976,473.38760255197897,0.0,0.0,266.965842693509,316.2208640780234,4985.865622631376,0.0,0.0,25.143856148081875,29.92634732904122,399.6991656217519,0.0,0.0,175.63425286093293,209.18336398591476,2726.572974534468,32.55760649967483,22.33031995862474,539.46363011529,634.9268221372716,12841.315641836276,0.0,0.0,198.3378990217039,236.50335233300795,2952.1416683818799,1869.7408881206694,21.527155707140328,39.31871215180229,22.000000000000019,30.00000000000002,0.0,20.847726108304433,41.080500328048149,16.000000000000015,30.00000000000002,829.8596169071579,21.40423594962077,39.655742368710509,21.33333333333335,30.00000000000002,0.0,20.566969008517878,41.757210191239227,16.000000000000015,30.00000000000002,0.0,14.81895709160814,60.72714547780939,12.00000000000001,30.00000000000002,0.0,17.844918800492417,49.97767957228521,16.000000000000015,30.00000000000002,0.0,17.906918675541357,49.573370896597939,10.000000000000007,30.00000000000002,0.0,16.47765886025768,54.49678602979171,16.000000000000015,30.00000000000002,0.0,16.286463861517665,55.039363117530729,12.00000000000001,30.00000000000002,0.0,19.869270774656273,0.0,0.0,0.0,15.944291630498814,0.0,0.0,583.2290400956802,589.4072620433456,585.0320337632462,586.4470704655314,625.65489619507,618.351587126878,604.6386237160187,618.2429778865961,610.58082764455,9183.88490190908,81.93237437095604,81.93237437095604,60.00000000000004,0.0,60.00000000000004,60.00000000000004,16.0,16.0,16.0,12.0,16.0,12.0,21.0,10.0,1.0,0.0,1869.7408881206694,0.0,829.8596169071579,0.0,0.0,0.0,0.0,0.0,0.0,0.0,0.0,81.93237437095604,81.93237437095604,0.3400000000000003,0.7692778666154236,0.3602813740196598,81.93237437095604,0.3542647819438878,0.0,0.0007700000000000001 
 02/18  11:50:00,8.678333333333333,84.0,3.3933333333333337,135.66666666666669,84.33333333333333,0.0,0.0,0.0,0.0,0.0,0.0,0.0,0.0,0.0,0.0,300.0,0.0,500.9623133225616,49.69002888283854,127.32914093285261,15.0212722778707,399.8144373648802,0.0,49.69002888283852,67.93003672015593,0.0,0.0,20.909714010307405,-1570.1889543774337,20.28665901953392,399.2920364660237,20.785426428388015,-476.6766427483633,19.90780371441452,342.1811013462881,14.710691451832055,55.19296368419918,17.87601560817158,-15.145055294863266,17.388496141436556,185.5615942911028,16.313498989276405,-17.97561646210425,16.485577688347307,-50.39367297035433,933.1246843974363,735.6945109142947,0.0,0.0,0.0,0.0,0.0,0.0,0.0,0.0,0.0,0.0,0.0,0.0,0.0,0.0,0.0,0.0,0.0,0.0,0.0,0.0,0.0,0.0,1.189556635668667,0.36311252615038716,446.1419106227419,521.8660294091919,11345.320308584473,0.27815182113002548,0.04245296415293433,274.1319797806234,321.56318030934218,6634.409728716448,1.1618908103360047,0.2195560866092226,259.30227751125048,303.67426950002746,6535.686843953447,0.2812102605635447,0.05313874916166758,261.2408574153565,306.77394465951309,6174.347340468862,0.0,0.0,11.347030618223743,13.58204985282566,142.11177811088207,0.0,0.0,25.482890611042568,30.208775013925825,468.3058857914427,0.0,0.0,266.58133530371199,315.7408651186729,4946.007597820888,0.0,0.0,27.46253447291336,32.700243701972969,425.5159187746981,0.0,0.0,172.7209413377193,205.68085517814064,2669.0724129033485,32.50482667041252,22.294119801380359,536.5276701276937,631.4293669512193,12700.752249878487,0.0,0.0,197.73204574785712,235.7157215363195,2942.1161333686216,1869.2100843459412,21.552201829999427,39.13465668953025,22.000000000000019,30.00000000000002,0.0,20.879798831342258,40.87272437183425,16.000000000000015,30.00000000000002,811.1748472871581,21.407196021533733,39.52557230208193,21.33333333333335,30.00000000000002,0.0,20.576812807701918,41.60415250840024,16.000000000000015,30.00000000000002,0.0,14.855060083486585,60.39898608639443,12.00000000000001,30.00000000000002,0.0,17.847615505665034,49.82457239095427,16.000000000000015,30.00000000000002,0.0,17.93840569170832,49.32007861022733,10.000000000000007,30.00000000000002,0.0,16.365850558789928,54.690388629845489,16.000000000000015,30.00000000000002,0.0,16.34422397253183,54.665753667589147,12.00000000000001,30.00000000000002,0.0,19.897851283377088,0.0,0.0,0.0,16.03590955124571,0.0,0.0,575.851922116685,581.6708472587211,577.618541141256,579.0347928800616,615.272136022818,609.1005254480901,595.580668472303,606.782478307249,601.0792466355557,9131.76749424966,81.96683813766268,81.96683813766268,60.00000000000004,0.0,60.00000000000004,60.00000000000004,16.0,16.0,16.0,12.0,16.0,12.0,21.0,10.0,1.0,0.0,1869.2100843459412,0.0,811.1748472871581,0.0,0.0,0.0,0.0,0.0,0.0,0.0,0.0,81.96683813766268,81.96683813766268,0.3400000000000003,0.7691745415003911,0.3602813740196598,81.96683813766268,0.3542647819438878,0.0,0.0007766666666666667 
 02/18  12:00:00,8.77,83.0,3.4,134.5,91.5,0.0,0.0,0.0,0.0,0.0,0.0,0.0,0.0,0.0,0.0,300.0,0.0,524.627558949476,49.58070816295175,127.0490279820056,15.730864440284526,418.70143171819975,0.0,49.58070816295173,67.78058700794719,0.0,0.0,20.939695248663236,-1574.0672712552865,20.351652511070168,381.43679514097098,20.79223902745762,-459.6680647997331,19.924669698608456,338.71884125026949,14.74251320709762,54.21881992693601,17.90108782353138,-10.389541295270048,17.414666713035879,187.87880974423707,16.245982573851316,-9.640718275458888,16.515635874776316,-39.638029524913118,923.5291651188437,711.0980266932168,0.0,0.0,0.0,0.0,0.0,0.0,0.0,0.0,0.0,0.0,0.0,0.0,0.0,0.0,0.0,0.0,0.0,0.0,0.0,0.0,0.0,0.0,1.1831860360703857,0.36116789867838419,446.9842076321903,522.8135773110886,11310.309839715548,0.27483883001605516,0.04194731837851884,270.47284342061035,317.2498221986515,6512.159089153,1.1760940295722747,0.2222399904709516,259.60869285489016,304.03104808611797,6499.946182110114,0.28094364759320858,0.05308836878178547,260.2123113380407,305.5692421013493,6107.711172742729,0.0,0.0,11.115703058028313,13.304811739064661,137.93220352338353,0.0,0.0,27.825983340162897,32.97084852204281,507.3064802608094,0.0,0.0,267.6375947403392,316.9576017652469,4933.481175681098,0.0,0.0,29.50638685934176,35.14446277103919,447.34624912012216,0.0,0.0,170.67252872446017,203.2107111499338,2624.4221004383236,32.45396682833272,22.25923650777281,533.8418828236652,628.2257466450647,12566.749433940144,0.0,0.0,196.90712634348874,234.66977208596124,2927.34295914177,1868.6682060291346,21.577440895492786,38.94480131456057,22.000000000000019,30.00000000000002,0.0,20.910677839656598,40.66321732510716,16.000000000000015,30.00000000000002,792.0535086436928,21.410160002237988,39.38945227142982,21.33333333333335,30.00000000000002,0.0,20.586507025300955,41.445321170438038,16.000000000000015,30.00000000000002,0.0,14.890575579871199,60.077490356954317,12.00000000000001,30.00000000000002,0.0,17.866282091285258,49.61071250217974,16.000000000000015,30.00000000000002,0.0,17.971055805599677,49.063852945665377,10.000000000000007,30.00000000000002,0.0,16.289439884343147,54.77180342205031,16.000000000000015,30.00000000000002,0.0,16.39938599958569,54.30404359475796,12.00000000000001,30.00000000000002,0.0,19.926675271983528,0.0,0.0,0.0,16.12352718637988,0.0,0.0,568.6941473972877,574.217553772098,570.4212209979261,571.8267064226167,605.7574275243904,599.8360398446921,587.2303555571042,596.8408483609808,592.3598604158324,9076.674779659652,82.00326895078483,82.00326895078483,60.00000000000004,0.0,60.00000000000004,60.00000000000004,16.0,16.0,16.0,12.0,16.0,12.0,21.0,10.0,1.0,0.0,1868.6682060291346,0.0,792.0535086436928,0.0,0.0,0.0,0.0,0.0,0.0,0.0,0.0,82.00326895078483,82.00326895078483,0.3400000000000003,0.7690560351076272,0.3602813740196598,82.00326895078483,0.3542647819438878,0.0,0.0007833333333333334 
 02/18  12:10:00,8.821666666666668,82.33333333333334,3.42,133.33333333333335,98.66666666666667,0.0,0.0,0.0,0.0,0.0,0.0,0.0,0.0,0.0,0.0,300.0,0.0,549.0080985347782,49.45678927456885,126.73150752517479,16.46190423929628,438.15929341690016,0.0,49.45678927456883,67.61118049264774,0.0,0.0,20.956210285227649,-1532.7131611795449,20.410962038880414,350.10822642079196,20.793838895434818,-451.6297160222766,19.942953613562275,342.6501233809079,14.773350309289315,54.30144245730179,17.934526185937416,-9.800515459314813,17.437292107065148,183.89440454401729,16.1963012629614,-1.7355843030938632,16.544681308179727,-28.608520225868234,911.2723688165072,687.6867284988728,0.0,0.0,0.0,0.0,0.0,0.0,0.0,0.0,0.0,0.0,0.0,0.0,0.0,0.0,0.0,0.0,0.0,0.0,0.0,0.0,0.0,0.0,1.1907775013455342,0.36348519577092017,436.18005631938237,510.1476573977478,11008.937433416766,0.27304433303467487,0.04167343300285026,262.7942357933025,308.2191225283256,6311.186139786638,1.1365819507330313,0.21477361124962808,252.94032616566919,296.24005201155316,6300.99968397313,0.2815396619451685,0.053200994320704537,262.4493382221902,308.15387712665918,6138.130532537332,0.0,0.0,11.068744110193894,13.246362178699064,136.91596767624007,0.0,0.0,27.774204296740498,32.90273496983644,505.03095202923319,0.0,0.0,266.6664107585828,315.7607956781811,4900.60597140129,0.0,0.0,30.87126153103533,36.77463378333776,461.750206199554,0.0,0.0,169.08377057541927,201.2718661238581,2598.959227847599,32.51048013431737,22.29799734864018,519.7545814944202,611.6433047791205,12203.262975635405,0.0,0.0,196.07927247947675,233.60131882740007,2926.8441675821857,1822.900653207586,21.583528509454763,38.79361018343145,22.0,30.0,0.0,20.933076371192958,40.46737718622062,16.0,30.0,735.7608628259752,21.41220737378576,39.24716267653404,21.333333333333337,30.0,0.0,20.599419327720548,41.27011576534673,16.0,30.0,0.0,14.924122968974562,59.760591148503269,12.0,30.0,0.0,17.895551740072624,49.3509885046505,16.0,30.0,0.0,17.996108514795219,48.823951328056427,10.0,30.0,0.0,16.239005818534115,54.761609321874107,16.0,30.0,0.0,16.450010817234536,53.95252520339603,12.0,30.0,0.0,19.928075273113465,0.0,0.0,0.0,16.208048861592869,0.0,0.0,561.7940614064553,567.0192449577446,563.5039468217468,564.8457210300231,597.0119244337709,590.7596252660804,579.3415089785787,587.9717017604158,584.2244482447633,8774.106515292013,82.20333337465402,82.20333337465402,60.0,0.0,60.0,60.0,16.0,16.0,16.0,12.0,16.0,12.0,21.0,10.0,1.0,0.0,1822.900653207586,0.0,735.7608628259752,0.0,0.0,0.0,0.0,0.0,0.0,0.0,0.0,82.20333337465402,82.20333337465402,0.34,0.768766719624287,0.36028137401965956,82.20333337465402,0.3542647819438875,0.0,0.0007900000000000001 
 02/18  12:20:00,8.873333333333333,81.66666666666667,3.4400000000000006,132.16666666666667,105.83333333333334,0.0,0.0,0.0,0.0,0.0,0.0,0.0,0.0,0.0,0.0,200.0,0.0,573.9958615299181,49.317654730642157,126.37499711002742,17.21115121056852,458.10177227351968,0.0,49.317654730642129,67.42097302264871,0.0,0.0,20.995331329421036,-1589.1227087876414,20.4214884578928,299.0753980022264,20.489221259362198,-251.8819535498833,19.906250482314158,289.5901883296365,14.80577983717071,55.16855465340262,17.97286177148306,-15.584265976063876,17.435427410094897,180.33149804019923,16.157045673168218,3.575423044051149,16.570155810282338,-26.62857366083972,879.2733508172696,662.4641711091294,0.0,0.0,0.0,0.0,0.0,0.0,0.0,0.0,0.0,0.0,0.0,0.0,0.0,0.0,0.0,0.0,0.0,0.0,0.0,0.0,0.0,0.0,1.1500149036714336,0.3510424003881055,439.217554725998,513.0499684730337,11065.182452012054,0.2553880970254063,0.038978647287149937,245.76262567957159,287.87084694118996,5845.429009602052,1.1563634806028907,0.21851161764982825,264.11578782518895,309.3287847661817,6386.434300032995,0.289201666979706,0.05464884107704193,273.88853950217,321.33841787464805,6321.713400568329,0.0,0.0,11.270806904723676,13.47240831576204,139.06394564591913,0.0,0.0,21.418770541280837,25.362948054458756,388.6065578597959,0.0,0.0,260.60283894717136,308.3458441386207,4751.720173220194,0.0,0.0,31.390096925901646,37.36363337566981,463.9411131073524,0.0,0.0,168.84263337578936,200.7883878086974,2591.460097066631,32.425502669520529,22.239713765103255,512.9494910673207,603.0460782174273,11894.97374261405,0.0,0.0,195.8853918282448,233.11365614874902,2933.079693086243,1870.1630633028474,21.62535101146272,38.63350043951055,22.0,30.0,0.0,20.874128918662224,40.51416299364463,16.0,30.0,71.53015803274595,21.037403310232738,40.06217020002093,21.0,30.0,0.0,20.500975585120249,41.46437077340457,16.0,30.0,0.0,14.960304871860164,59.45424102206945,12.0,30.0,0.0,17.929431853979645,49.12938343723622,16.0,30.0,0.0,17.97494429625973,48.80415521701384,10.0,30.0,0.0,16.201054975520948,54.77365738741247,16.0,30.0,0.0,16.49163673169331,53.73061474308487,12.0,30.0,0.0,19.861777225001768,0.0,0.0,0.0,16.28600279888309,0.0,0.0,558.9475869349014,561.9585973466683,559.4053716791932,562.2795399509996,589.5717151059193,584.8087451145436,575.5191472521035,582.6267191327871,580.8816924015571,9353.191090393815,81.8204639912438,81.8204639912438,60.0,0.0,60.0,60.0,16.0,16.0,16.0,12.0,16.0,12.0,21.0,10.0,1.0,0.0,1870.1630633028474,0.0,71.53015803274595,0.0,0.0,0.0,0.0,0.0,0.0,0.0,0.0,81.8204639912438,81.8204639912438,0.34,0.7672060391676052,0.36028137401965956,81.8204639912438,0.3542647819438875,0.0,0.0007999999999999999 
 02/18  12:30:00,8.925,81.0,3.46,131.0,113.0,0.0,0.0,0.0,0.0,0.0,0.0,0.0,0.0,0.0,0.0,400.0,0.0,599.4828534932397,49.16239479208006,125.97716540593464,17.97536717195396,478.44267884245979,0.0,49.16239479208003,67.20872091564029,0.0,0.0,20.832800825975416,-1111.6138673708888,20.48265817343818,331.72655928443057,21.00121430377223,-1219.873017217847,20.028742221483769,533.8740997946015,14.836303477551125,54.80869964198462,18.010414655188943,-13.679389201185359,17.460801296861506,185.71763597457676,16.130449790027009,9.335154452405135,16.593436710070806,-16.480146877073368,899.2000432569857,638.8584533126118,0.0,0.0,0.0,0.0,0.0,0.0,0.0,0.0,0.0,0.0,0.0,0.0,0.0,0.0,0.0,0.0,0.0,0.0,0.0,0.0,0.0,0.0,1.1912990661880177,0.363644403598296,417.0871779899498,488.13533952628816,10393.31650681991,0.2769672818531194,0.042272173665006029,266.4106346671298,312.3610640971241,6330.488965217319,1.0548905957353332,0.1993368472666919,371.5545697994028,434.60661973937769,9450.489410214614,0.29792550140956378,0.056297335867264489,319.3834863741053,374.81387824187797,7488.646512532948,0.0,0.0,11.16501910713475,13.36114223532321,137.2450776693545,0.0,0.0,21.426019195437556,25.379653175945884,387.7397889857573,0.0,0.0,258.0499060903159,305.6319945225241,4693.7871337908659,0.0,0.0,31.99804376476987,38.135406958542599,468.294498044047,0.0,0.0,166.46688304977665,198.16827003642386,2549.3169072339208,32.64512137462406,22.39034387834299,579.4903993869264,681.8005319609595,13403.931604114407,0.0,0.0,193.77942299108805,230.82609826202387,2904.4674372369979,1259.2290594946376,21.55174363713662,38.74886957132648,21.75,30.0,0.0,20.916499378242688,40.33193855463249,16.0,30.0,1726.960487923098,21.715790153492614,38.34880610910193,21.5,30.0,0.0,20.731994052834368,40.766929646977299,16.0,30.0,0.0,14.991685263969094,59.204684621256607,12.0,30.0,0.0,17.958816464119665,48.960104081858769,16.0,30.0,0.0,18.006889214700228,48.59790936913964,10.0,30.0,0.0,16.1822455249947,54.73461785881303,16.0,30.0,0.0,16.529179056673969,53.484735924540959,12.0,30.0,0.0,19.952115846516759,0.0,0.0,0.0,16.34891586858774,0.0,0.0,556.0094026294697,558.6675891879452,555.0747700857721,557.1771156512161,584.1646265130436,581.1056690920161,570.8444063312111,578.297565773757,575.9902112787243,8939.477646201733,82.09384483928273,83.87731588029243,60.0,0.0,60.0,60.0,16.0,16.0,16.0,12.0,16.0,12.0,21.0,10.0,1.0,0.0,1259.2290594946376,0.0,1726.960487923098,0.0,0.0,0.0,0.0,0.0,2699.0030764701239,1619401.8458820743,2124561.9615510499,82.09384483928273,83.9076051392863,0.3449667692156708,0.7668467941907595,0.36028137401965956,83.9076051392863,0.3542647819438875,2124561.9615510499,0.11128722200065458 
 02/18  12:40:00,8.976666666666667,80.33333333333334,3.4800000000000006,130.0,109.16666666666667,0.0,0.0,0.0,0.0,0.0,0.0,0.0,0.0,0.0,0.0,400.0,0.0,597.6484534453164,48.72350489799124,124.85251428252248,17.920360657975139,476.9786319067557,0.0,48.72350489799122,66.60872515609153,0.0,0.0,20.883536198781518,-1238.5073680449855,20.51818929529307,185.37041455912323,20.943108591045609,-851.6006656009677,20.027861492019775,288.43994394969698,14.865225877412005,52.65445748781907,18.043739412629987,-16.62022339874494,17.471108553967907,159.44183049482946,16.109165275291628,15.11945919758358,16.61744528524428,-7.6950777556608049,847.5389314031845,593.6733158491777,0.0,0.0,0.0,0.0,0.0,0.0,0.0,0.0,0.0,0.0,0.0,0.0,0.0,0.0,0.0,0.0,0.0,0.0,0.0,0.0,0.0,0.0,1.1327102516356802,0.34576015007194146,445.6541848533248,522.0878804458525,10933.296526749356,0.251779281028985,0.03842785119490003,243.83965029584747,285.97460077963589,5773.481721201521,1.1086399201945343,0.2094935601274631,340.20613288409757,397.6926113639869,8511.615214473537,0.2799961947110816,0.05290933384563143,269.2916138660918,315.90567763085508,6238.503196373039,0.0,0.0,10.861503134616836,12.996036840561033,133.02009619828454,0.0,0.0,27.92441218506704,33.103057744310429,504.0148816816825,0.0,0.0,257.73501711257736,305.25726353963838,4664.688233207167,0.0,0.0,32.42101555531753,38.640899645006687,470.21977963087718,0.0,0.0,160.53646010113313,191.05816852534464,2453.6886576942217,32.47010213577386,22.27030324813023,527.6210104632669,620.9008538952789,12090.920503966641,0.0,0.0,187.83596593922199,223.68494053686997,2812.4895882743669,1813.8288215821656,21.491509320024968,38.676959356887198,22.0,30.0,0.0,20.913109445184657,40.18669831005794,16.0,30.0,1650.1945060692975,21.55266274891261,38.64636878824028,21.5,30.0,0.0,20.640767763124104,40.89013300427766,16.0,30.0,0.0,15.022097474451817,58.92071541064363,12.0,30.0,0.0,17.993176758792754,48.68211137314852,16.0,30.0,0.0,18.01439211578508,48.367863398399517,10.0,30.0,0.0,16.168754671852907,54.595309891323598,16.0,30.0,0.0,16.5674813530274,53.1512815314406,12.0,30.0,0.0,19.847319915463566,0.0,0.0,0.0,16.39094841245131,0.0,0.0,546.6254041698865,552.3847641851281,551.8411899087344,553.2754450843283,577.6323103531271,573.3369326814527,562.4921735559818,570.9769472150188,567.984217549518,9108.647120152309,81.98213915149022,81.98213915149022,60.0,0.0,60.0,60.0,16.0,16.0,16.0,12.0,16.0,12.0,21.0,10.0,1.0,0.0,1813.8288215821656,0.0,1650.1945060692975,0.0,0.0,0.0,0.0,0.0,0.0,0.0,0.0,81.98213915149022,81.98213915149022,0.34,0.7700597128392763,0.36028137401965956,81.98213915149022,0.3542647819438875,0.0,0.00082 
 02/18  12:50:00,9.028333333333335,79.66666666666667,3.5,129.0,105.33333333333334,0.0,0.0,0.0,0.0,0.0,0.0,0.0,0.0,0.0,0.0,401.0,0.0,594.8345026460863,48.270372207853238,123.69136604223059,17.83598272018324,474.73281518054889,0.0,48.27037220785321,65.98925841452943,0.0,0.0,20.735654629216464,-560.9244432878563,20.457586439142085,59.12686214660175,20.92860986614549,-719.2010439026208,20.020251456340476,153.52360291248454,14.891484312131448,50.1508865336981,18.075741001560496,-14.2998604889749,17.42652258928797,127.62816155897417,16.09430647949984,19.79417939065212,16.643378178928147,-0.4952325548047156,794.8546988932894,575.9424104602381,0.0,0.0,0.0,0.0,0.0,0.0,0.0,0.0,0.0,0.0,0.0,0.0,0.0,0.0,0.0,0.0,0.0,0.0,0.0,0.0,0.0,0.0,1.1759780132925138,0.35896764752518736,273.15951072427188,320.3233167055424,6558.046151266559,0.23568224532395386,0.035971038663607127,149.70706146571983,175.67358006116383,3483.469254622514,1.0802984322128598,0.20413802573939156,288.1888972043808,337.63416693828199,7026.83333213472,0.24840076855703548,0.04693892074018053,189.07473929341689,221.81835373658164,4346.9621830391629,0.0,0.0,10.335929490937272,12.36636136861327,126.02392564079723,0.0,0.0,28.73231159698955,34.01803163682434,517.8650334957321,0.0,0.0,254.34023742087076,301.3335895973204,4525.284884837724,0.0,0.0,32.4887400547484,38.7233910985985,467.4039956461829,0.0,0.0,158.76577154061065,188.95282144556865,2422.416241013386,32.39569998556706,22.219272966781259,382.9174588345719,450.9517828998113,8828.09303888628,0.0,0.0,186.27369790709629,221.8103652868491,2790.0923605944765,636.3054625503503,21.14396790361004,39.4098092320426,21.25,30.0,0.0,20.75975588407464,40.42583903579396,16.0,30.0,1089.8538068738813,21.44088205761035,38.67109940525256,21.25,30.0,0.0,20.5998811919438,40.82333087750814,16.0,30.0,0.0,15.04830150969699,58.63328230316068,12.0,30.0,0.0,18.029171540529327,48.40594473843642,16.0,30.0,0.0,17.90852063591224,48.53709918963679,10.0,30.0,0.0,16.1628186374541,54.391604082639279,16.0,30.0,0.0,16.608364590059236,52.793115641485339,12.0,30.0,0.0,19.715067317393044,0.0,0.0,0.0,16.44801151257154,0.0,0.0,543.4605951848906,546.6838287443115,541.6809002216927,546.6547013088714,570.8754654554017,566.4162198682755,556.7351157665607,562.8901706660603,560.0406145311267,5360.198932733027,81.802036612298,83.73866375227022,60.0,0.0,60.0,60.0,16.0,16.0,16.0,12.0,16.0,12.0,21.0,10.0,1.0,0.0,636.3054625503503,0.0,1089.8538068738813,0.0,0.0,0.0,0.0,0.0,2930.519929787395,1758311.957872437,2278092.205084426,81.802036612298,83.77155411026783,0.18268399765957983,0.34717304290991288,0.18014068700982978,83.77155411026783,0.17713239097194376,2278092.205084426,0.11928746133105682 
 02/18  13:00:00,9.08,79.0,3.52,128.0,101.5,0.0,0.0,0.0,0.0,0.0,0.0,0.0,0.0,0.0,0.0,202.0,0.0,591.1238157795731,47.80376904195326,122.49569980954276,17.724716527505007,471.77132229953488,0.0,47.80376904195324,65.35137651133994,0.0,0.0,21.01286178872671,-1469.5978734508945,20.50246668206102,436.7186258441325,20.733055323300858,-193.80649645449103,19.947517390156578,196.45423317869109,14.916178374530589,52.05274457647542,18.102639261600495,-21.6276674271777,17.49132003297388,250.18011660011963,16.07829665456285,19.282169924885694,16.658477277454499,-12.24033833217618,854.2438480978217,529.0176658386645,0.0,0.0,0.0,0.0,0.0,0.0,0.0,0.0,0.0,0.0,0.0,0.0,0.0,0.0,0.0,0.0,0.0,0.0,0.0,0.0,0.0,0.0,1.0557241483193268,0.322260118534593,506.885232474751,592.0445928537655,12318.861217121143,0.2579080740066444,0.03936325915852326,278.2233591933441,325.5967382413597,6519.022533301615,1.3218626009451225,0.24978507198509504,361.69983704331949,423.69816534333759,8519.46632564242,0.27139641818383078,0.05128428159180474,222.96430175772799,261.6496835630552,5056.124510403262,0.0,0.0,10.958049466840953,13.089601994534299,133.02804125252488,0.0,0.0,33.45366814616197,39.54909706318933,601.361461132176,0.0,0.0,256.90844834588168,303.7757130323414,4617.404024349591,0.0,0.0,33.01579993153677,39.293524438749617,470.78960454707205,0.0,0.0,152.203657033599,180.8695042288262,2312.495342323482,32.51023461440641,22.297828953639518,577.0610280775206,677.8066634731763,13106.973993644508,0.0,0.0,179.50014836484085,213.4545604568588,2660.9710004532296,1780.6469910622714,21.65149088028698,38.14874254447383,22.0,30.0,0.0,20.852287341377477,40.110449653143678,16.0,30.0,0.0,20.97183186254042,39.731855545892319,21.0,30.0,0.0,20.47881048302145,40.98985406935785,16.0,30.0,0.0,15.07286284333398,58.368829831039807,12.0,30.0,0.0,18.056647687388108,48.16021650420711,16.0,30.0,0.0,18.051186026665329,48.01959183758429,10.0,30.0,0.0,16.150109344847519,54.325051153562217,16.0,30.0,0.0,16.627097751511117,52.669014127603677,12.0,30.0,0.0,19.902830041458956,0.0,0.0,0.0,16.424758133061308,0.0,0.0,540.2616989756596,543.2828870213107,539.687274960658,541.0715185850274,564.9619705525727,559.9342928655232,553.6632107837008,559.1167391177676,558.0396997778196,9433.432858888871,81.76738032856255,81.76738032856255,60.0,0.0,60.0,60.0,16.0,16.0,16.0,12.0,16.0,12.0,21.0,10.0,1.0,0.0,1780.6469910622714,0.0,0.0,0.0,0.0,0.0,0.0,0.0,0.0,0.0,0.0,81.76738032856255,81.76738032856255,0.34,0.769922546920422,0.36028137401965956,81.76738032856255,0.3542647819438875,0.0,0.0008333333333333334 
 02/18  13:10:00,9.113333333333334,78.50000000000002,3.5133333333333338,127.0,97.66666666666666,0.0,0.0,0.0,0.0,0.0,0.0,0.0,0.0,0.0,0.0,303.0,0.0,586.6074442065294,47.324223617031659,121.26686920821646,17.58929222141164,468.16682050115778,0.0,47.32422361703163,64.69580155885369,0.0,0.0,21.008183252057778,-1049.0904245070047,20.62941284587236,213.16081548491713,21.128811361102288,-1605.8646220929809,20.026510067571967,582.6364122488812,14.942924452788269,53.662105951980858,18.125589083642859,-16.454897154925903,17.5339318604412,147.59864384901148,16.067578961325073,26.445441996487945,16.673875885263834,8.659486135583697,848.5977020322,569.3105578721946,0.0,0.0,0.0,0.0,0.0,0.0,0.0,0.0,0.0,0.0,0.0,0.0,0.0,0.0,0.0,0.0,0.0,0.0,0.0,0.0,0.0,0.0,1.158555311833122,0.3536493625864231,386.70881457798546,452.4298816206198,9501.650713654391,0.26006591368697298,0.03969259976907402,189.2729496886808,221.63448655201635,4467.654168302439,1.0184733458480345,0.1924552807724933,410.30377820060587,478.9541469121714,10444.597132726683,0.300450816449748,0.05677453069723128,341.1391870910975,399.9550437965377,7829.351541142156,0.0,0.0,10.923039400255867,13.059750780749205,132.44726010500188,0.0,0.0,23.76338554865778,28.098481673509036,426.7786741397096,0.0,0.0,255.98373382847474,302.92337554429346,4592.936508869299,0.0,0.0,33.608361552963639,40.03821350304954,476.67239995865068,0.0,0.0,162.35136528938666,193.0807380272297,2462.9248540865039,32.71563358220787,22.438706160636415,582.2713391733253,684.433483773952,13210.275408412348,0.0,0.0,190.41659225626766,226.5215398366094,2863.990861298517,1557.962826724669,21.61400411186087,38.15622635221629,22.0,30.0,0.0,20.992403205196596,39.714477598576369,16.0,30.0,2433.811784904363,21.981392186617293,37.2520159497128,21.666666666666666,30.0,0.0,20.650763672948125,40.49323137437794,16.0,30.0,0.0,15.10113357585367,58.13322682602342,12.0,30.0,0.0,18.080936896396407,48.00777845556261,16.0,30.0,0.0,18.076404888060027,47.85737334872296,10.0,30.0,0.0,16.146385463780768,54.24191302666728,16.0,30.0,0.0,16.650855009218959,52.483959458799848,12.0,30.0,0.0,19.923613796378473,0.0,0.0,0.0,16.569291811042257,0.0,0.0,537.9663257630107,541.5563643594229,536.1339841275893,538.7020215098191,560.5955775332247,556.8820054454088,550.7033186419558,555.9127964834818,554.4611430932259,10898.571621344694,80.79839839318152,87.87973538937905,60.0,0.0,60.0,60.0,16.0,16.0,16.0,12.0,16.0,12.0,21.0,10.0,1.0,0.0,1557.962826724669,0.0,2433.811784904363,0.0,0.0,0.0,0.0,0.0,10716.568708114328,6429941.2248685969,8395336.242319962,80.79839839318152,88.0,0.3572189569371443,0.7658905714233546,0.36028137401965956,88.0,0.3542647819438875,8395336.242319962,0.437397484600638 
 02/18  13:20:00,9.146666666666667,78.0,3.506666666666667,126.0,93.83333333333333,0.0,0.0,0.0,0.0,0.0,0.0,0.0,0.0,0.0,0.0,404.0,0.0,581.3849973736434,46.832009089692288,120.0055742853347,17.432696553160164,463.99880713724709,0.0,46.83200908969226,64.02290698285747,0.0,0.0,21.05043889015678,-1384.5011660699507,20.663059470164315,204.39099602708576,20.679259304706294,-273.6754594567326,20.16424572717017,171.9697485126128,14.971072744107098,56.54564966806659,18.147679358629348,-20.371920369381756,17.551074859324744,174.49156769356797,16.064945912514515,31.817209684106218,16.702125486615644,18.203839328369669,835.8486690921827,558.5037227525647,0.0,0.0,0.0,0.0,0.0,0.0,0.0,0.0,0.0,0.0,0.0,0.0,0.0,0.0,0.0,0.0,0.0,0.0,0.0,0.0,0.0,0.0,1.144349366615072,0.3493129934722442,421.01375061997956,492.2912189909127,10435.526349466074,0.24726660120242623,0.03773910274762306,222.1344961185497,260.44039966637618,5221.46049766717,1.1372683152568433,0.21490330976130835,261.1675941913824,306.3652915605486,6210.508696278101,0.27028203606841796,0.051073702960774357,224.7497838219968,263.7595950532821,5207.529072344718,0.0,0.0,11.373329433322974,13.602365643237059,137.82020727469922,0.0,0.0,14.599111955263645,17.282590415245786,261.7492712325862,0.0,0.0,248.42667849232709,294.097695169854,4450.844916456843,0.0,0.0,34.55471206207345,41.17946159742726,488.3080597445457,0.0,0.0,161.54962319888535,192.17265309389487,2453.7081825032057,32.726653783809,22.446264597948564,451.11205751369098,530.9325318871931,10376.191141893756,0.0,0.0,190.1251950532567,226.2165819911838,2868.2349977455535,1600.2965976834854,21.68007636672535,37.835819022580299,22.0,30.0,0.0,21.018872771829977,39.506563807130728,16.0,30.0,0.0,21.10167733248577,39.254815120304808,21.0,30.0,0.0,20.806837710455647,40.0323387315399,16.0,30.0,0.0,15.131753868016741,57.88176450204321,12.0,30.0,0.0,18.10392637499249,47.867728675903538,16.0,30.0,0.0,18.097147204601816,47.65299968433732,10.0,30.0,0.0,16.154584101459528,54.09599915592857,16.0,30.0,0.0,16.694676025315155,52.21925508538851,12.0,30.0,0.0,19.946366432933045,0.0,0.0,0.0,16.628560391591678,0.0,0.0,532.3469252590569,536.2775779442353,534.2765221155264,536.3483606688494,556.2070014301639,554.25612726648,545.937577333492,552.1369309214753,550.5741907559641,9294.660783367777,81.8590387469333,83.66020269155809,60.0,0.0,60.0,60.0,16.0,16.0,16.0,12.0,16.0,12.0,21.0,10.0,1.0,0.0,1600.2965976834854,0.0,0.0,0.0,0.0,0.0,0.0,0.0,2725.7504779600287,1635450.2867760172,2116272.525892544,81.8590387469333,83.69079243479175,0.3458583492653343,0.7702776423338842,0.36028137401965956,83.69079243479175,0.3542647819438875,2116272.525892544,0.11088950467974562 
 02/18  13:30:00,9.18,77.5,3.5,125.0,90.0,0.0,0.0,0.0,0.0,0.0,0.0,0.0,0.0,0.0,0.0,101.0,0.0,575.5654682829912,46.3271236360931,118.71181046632944,17.258197635015777,459.3542684715502,0.0,46.32712363609307,63.33269029002091,0.0,0.0,20.975698346063326,-1594.2539160439083,20.64248001762702,178.3230979083046,20.498708131619389,77.89645476327314,19.95064738309848,155.9556529282363,15.001167044593747,52.47620242072094,18.175358921662725,-13.415796090202207,17.559421968905679,176.4014388403466,16.063627442304694,33.12363053732315,16.72826947217905,11.455904779641969,802.1216625335692,536.4174724246241,0.0,0.0,0.0,0.0,0.0,0.0,0.0,0.0,0.0,0.0,0.0,0.0,0.0,0.0,0.0,0.0,0.0,0.0,0.0,0.0,0.0,0.0,1.1186498320745289,0.3414682027089527,448.8666744841206,523.3377916311592,10954.119265507214,0.22857383732063747,0.0348861168071791,197.52467410500825,230.72629465269436,4606.6267433367279,1.1943977818864842,0.22569874941165619,197.19695446709134,230.3024114273087,4641.870565994235,0.27077557237357488,0.051166963789413228,211.31159406046587,247.28660330316988,4708.585277762451,0.0,0.0,10.69926175576332,12.746790298628359,129.71014977059128,0.0,0.0,21.503006738214958,25.356587116527373,385.8577857411194,0.0,0.0,251.6806797492612,296.83790393153876,4497.163170990704,0.0,0.0,34.87494870037247,41.40658883451055,491.2881726281766,0.0,0.0,159.08417196279627,188.50765653682525,2418.984235554216,32.56516364209328,22.335503183877429,401.8360782795408,471.2327828009107,9160.623007691309,0.0,0.0,188.170252184663,223.0214197486472,2845.381722578975,1812.0033486787966,21.503204030677439,38.132062965980107,22.0,30.0,0.0,20.95014689530429,39.493395887813189,16.0,30.0,160.32753619256349,21.00424902171367,39.34009247081407,21.0,30.0,0.0,20.40323928226388,40.911807078336639,16.0,30.0,0.0,15.165116448416871,57.568615906371807,12.0,30.0,0.0,18.140993335588587,47.599081375168619,16.0,30.0,0.0,18.101890956635584,47.5024129405294,10.0,30.0,0.0,16.162282735945909,53.90311484853987,16.0,30.0,0.0,16.733323169423014,51.94843290181329,12.0,30.0,0.0,19.802992324310556,0.0,0.0,0.0,16.676579245598086,0.0,0.0,528.1836580241406,529.8239552802801,529.0117843791671,532.1279942649633,550.5271752166734,548.781243140687,541.5283813926467,547.0502094526054,546.1332880883298,10723.332385250887,80.91431335100724,87.88167113479087,60.0,0.0,60.0,60.0,16.0,16.0,16.0,12.0,16.0,12.0,21.0,10.0,1.0,0.0,1812.0033486787966,0.0,160.32753619256349,0.0,0.0,0.0,0.0,0.0,10544.255915282032,6326553.549169219,8288384.81386465,80.91431335100724,88.0,0.35147519717606776,0.7633035496356639,0.36028137401965956,88.0,0.3542647819438875,8288384.81386465,0.43184267698762848 
 02/18  13:40:00,9.213333333333333,77.0,3.493333333333333,121.16666666666667,92.16666666666666,0.0,0.0,0.0,0.0,0.0,0.0,0.0,0.0,0.0,0.0,404.0,0.0,577.3635635928154,45.10772863903264,115.58715235974754,17.312108621746228,460.78926533692609,0.0,45.10772863903262,61.665684880907559,0.0,0.0,20.90758150856078,-1106.8236396678236,20.67985440223869,288.060476169514,21.046327654523986,-1240.6193221976242,20.106714161756096,543.2338103244397,15.023124033284184,54.45648790932876,18.19655237647666,-15.88323189189336,17.58171750378112,199.0530553374365,16.06050690565082,36.95012162626239,16.74365003609048,23.364252641405075,851.6929158664152,524.7747382237528,0.0,0.0,0.0,0.0,0.0,0.0,0.0,0.0,0.0,0.0,0.0,0.0,0.0,0.0,0.0,0.0,0.0,0.0,0.0,0.0,0.0,0.0,1.1567789245015757,0.3531071198112258,405.31282088898868,474.1536010638632,9903.150658171744,0.2662725854166531,0.040639893989110668,253.73617945111864,297.34219049668516,5922.983749871097,1.040167659735494,0.19655473539975336,371.9880554082586,435.0305120526866,9259.993467591989,0.297752069317263,0.05626456336305044,323.9550692334057,380.1239730932972,7415.316584825751,0.0,0.0,10.989861784852032,13.140137434779634,132.80838898487563,0.0,0.0,23.08449314818064,27.330918982145538,413.1892097940165,0.0,0.0,252.64871701840804,299.0643657111878,4510.16193844189,0.0,0.0,34.6507640021381,41.293262164473009,485.7563674469918,0.0,0.0,158.22775864217796,188.18132532958968,2400.335924219592,32.85865437973035,22.53679998609765,570.9911774120944,671.5841540234704,12927.245868660348,0.0,0.0,186.82795613297786,222.22863688373929,2824.2296754900837,1227.715244626066,21.597602817098385,37.84552834883392,21.75,30.0,0.0,20.99724038074287,39.317684851174508,16.0,30.0,1754.5168195565332,21.73875120868754,37.51307736374274,21.5,30.0,0.0,20.74656053423552,39.9071871644411,16.0,30.0,0.0,15.182688499924371,57.410667984414278,12.0,30.0,0.0,18.158178456185565,47.46012000073321,16.0,30.0,0.0,18.132638939151368,47.290783825079717,10.0,30.0,0.0,16.165540158613714,53.77771699442262,16.0,30.0,0.0,16.753708341721166,51.7404290384945,12.0,30.0,0.0,19.993445679518218,0.0,0.0,0.0,16.712617117598538,0.0,0.0,525.8201303987805,527.9729149499614,525.3899741252416,527.0775971397175,547.8945564668621,545.8483787668317,537.8221352207589,543.7828563376485,541.9840788633732,8548.002355887302,82.35275536105626,82.35275536105627,60.0,0.0,60.0,60.0,16.0,16.0,16.0,12.0,16.0,12.0,21.0,10.0,1.0,0.0,1227.715244626066,0.0,1754.5168195565332,0.0,0.0,0.0,0.0,0.0,0.0,0.0,0.0,82.35275536105626,82.35275536105626,0.34,0.770301150009107,0.36028137401965956,82.35275536105626,0.3542647819438875,0.0,0.00085 
 02/18  13:50:00,9.246666666666667,76.5,3.4866666666666665,117.33333333333334,94.33333333333334,0.0,0.0,0.0,0.0,0.0,0.0,0.0,0.0,0.0,0.0,404.0,0.0,578.8000136196879,43.866160059779037,112.40567471351264,17.35517572124956,461.9356355471748,0.0,43.86616005977901,59.96836650385146,0.0,0.0,20.965176782811946,-1121.1829512241575,20.740738232786769,173.53758060665633,20.96908539451586,-709.4339527605225,20.121960323069545,267.2236859811237,15.05061214083538,53.15984646791922,18.219391003755008,-18.594844137135028,17.61536018691426,171.23208374221486,16.059870010480819,40.33178903157278,16.763791446027264,27.032069866080975,817.475226396361,508.16685517013345,0.0,0.0,0.0,0.0,0.0,0.0,0.0,0.0,0.0,0.0,0.0,0.0,0.0,0.0,0.0,0.0,0.0,0.0,0.0,0.0,0.0,0.0,1.0983925907996169,0.33528467362625666,436.54426274340019,511.3886879428494,10458.965058631347,0.24270053578337437,0.03704220631614383,231.67248222426867,271.5655949039045,5423.510405653702,1.1251535895204006,0.21261405697664419,339.24183061558946,396.4944828841303,8324.43102015266,0.27989287454658376,0.05288981000502338,261.0994298558491,306.21686633294066,5930.285410412607,0.0,0.0,10.81141376683335,12.926665604382109,130.50493279680632,0.0,0.0,28.094069942187436,33.28091773127899,501.94473919015749,0.0,0.0,254.60823703924508,301.3528392015972,4551.427683205326,0.0,0.0,35.003372659450409,41.71416642824939,488.80113400762027,0.0,0.0,155.39558804888555,184.78080587044205,2355.6194314376846,32.66143630884814,22.40153381951176,516.9036434946477,608.0131259021949,11682.140059973728,0.0,0.0,184.14818409532587,218.99982760627669,2784.513840774078,1463.6553486920407,21.439681533225874,38.00610058529227,21.75,30.0,0.0,21.057005318870897,39.01481443680139,16.0,30.0,1460.0869097705323,21.562441946105154,37.80851147870605,21.5,30.0,0.0,20.6853861832853,39.9298376293345,16.0,30.0,0.0,15.210166120927659,57.12487400451614,12.0,30.0,0.0,18.178890490786214,47.20636496567247,16.0,30.0,0.0,18.179957216085584,46.93041028025203,10.0,30.0,0.0,16.172168666202265,53.53574109102283,16.0,30.0,0.0,16.782096070757669,51.422038152990527,12.0,30.0,0.0,19.954108884545567,0.0,0.0,0.0,16.7443693465465,0.0,0.0,519.4465448748083,523.1686659488879,522.0686152652379,523.4596056277284,542.9117423576532,539.7426319938016,531.4430781138869,537.7549243881465,535.6581992039645,8110.5085895077149,82.64204061790433,82.64204061790433,60.0,0.0,60.0,60.0,16.0,16.0,16.0,12.0,16.0,12.0,21.0,10.0,1.0,0.0,1463.6553486920407,0.0,1460.0869097705323,0.0,0.0,0.0,0.0,0.0,0.0,0.0,0.0,82.64204061790433,82.64204061790433,0.34,0.7685498392983763,0.36028137401965956,82.64204061790433,0.3542647819438875,0.0,0.00085 
 02/18  14:00:00,9.28,76.0,3.48,113.5,96.5,0.0,0.0,0.0,0.0,0.0,0.0,0.0,0.0,0.0,0.0,404.0,0.0,579.86885968243,42.602043292022987,109.16641758299235,17.387220260186756,462.78862348591056,0.0,42.60204329202296,58.24022304362718,0.0,0.0,21.015958964040558,-889.2504352894621,20.711165641457816,139.56594336620118,21.06377104871857,-1044.685867840505,20.140281868649298,293.8619890463649,15.075154159962605,50.2641535255911,18.243287217101498,-18.98761853290341,17.581856214576545,166.6803969957,16.05820294159721,38.75040085869938,16.779880031616448,17.940806034696835,800.5744880118259,476.3934389351755,0.0,0.0,0.0,0.0,0.0,0.0,0.0,0.0,0.0,0.0,0.0,0.0,0.0,0.0,0.0,0.0,0.0,0.0,0.0,0.0,0.0,0.0,1.1489634294428753,0.35072143755887527,348.90467125801356,407.9255389308428,8534.9785509762,0.24590195625528145,0.03753082360428594,186.84174093914775,218.86238801350067,4330.066581527904,1.0482996785126516,0.19809139805605667,363.0757691381323,424.42548684228827,8858.170883194425,0.26121310987705229,0.04935999808712249,243.3326583087245,285.2470741656242,5528.417111920038,0.0,0.0,10.430268153081482,12.469609063019729,125.6580520500166,0.0,0.0,31.16444084324958,36.88923782231867,556.3122214365695,0.0,0.0,250.17573692955899,296.1720671737329,4417.205771188871,0.0,0.0,34.24369361204465,40.80826233127871,476.0605513252794,0.0,0.0,150.15663925774116,178.55076233318168,2272.053185877504,32.566633514758198,22.33651132699466,471.5515085647661,554.3707721692565,10669.783414399488,0.0,0.0,178.2288936070416,211.97996764674623,2679.1196717467248,1393.6215248804959,21.626359578619664,37.481256078082,21.75,30.0,0.0,20.967376843081437,39.059121894462609,16.0,30.0,1424.2667766541086,21.688463092629666,37.26411550424165,21.5,30.0,0.0,20.703617672701136,39.68611836002509,16.0,30.0,0.0,15.232216269016352,56.843335212284,12.0,30.0,0.0,18.202167958649214,46.94620638788188,16.0,30.0,0.0,18.100077505174455,46.98633026914021,10.0,30.0,0.0,16.174635930296508,53.29059240316971,16.0,30.0,0.0,16.802367369824667,51.130574322876629,12.0,30.0,0.0,19.89457973061883,0.0,0.0,0.0,16.737167949083735,0.0,0.0,516.7267083870762,518.0238677906821,514.263326402494,517.6681279233274,537.801182082404,534.0262182529243,526.5093545710051,531.6917594302128,529.7765465305888,9403.833712913987,81.78687232095501,83.59071835373794,60.0,0.0,60.0,60.0,16.0,16.0,16.0,12.0,16.0,12.0,21.0,10.0,1.0,0.0,1393.6215248804959,0.0,1424.2667766541086,0.0,0.0,0.0,0.0,0.0,2729.80510470866,1637883.062825196,2123314.513124768,81.78687232095501,83.62135364773246,0.3459935034902887,0.771424196948151,0.36028137401965956,83.62135364773246,0.3542647819438875,2123314.513124768,0.11126235468248796 
 02/18  14:10:00,9.301666666666666,75.83333333333334,3.4699999999999999,109.66666666666667,98.66666666666666,0.0,0.0,0.0,0.0,0.0,0.0,0.0,0.0,0.0,0.0,405.0,0.0,580.5694565788782,41.31486039321207,105.868053735029,17.408222887460739,463.34771416945798,0.0,41.31486039321205,56.48054643349785,0.0,0.0,20.831661423743009,-447.7572686377498,20.70786778110827,34.014025498764429,21.003266361599154,-650.6348295044509,20.14112265465566,136.53626880736386,15.100166354952016,49.78591141262221,18.269127195150703,-16.872057731106623,17.578040487976329,125.86118650494473,16.058556446136956,44.49377050813388,16.79656611622373,33.9173619187236,752.1009731482841,491.0080100077539,0.0,0.0,0.0,0.0,0.0,0.0,0.0,0.0,0.0,0.0,0.0,0.0,0.0,0.0,0.0,0.0,0.0,0.0,0.0,0.0,0.0,0.0,1.134251008762899,0.3462304666553416,256.74095490746097,301.23345761986288,6030.259978571398,0.22239121964258302,0.03394249384044307,89.578166189659,105.13337285851546,2070.729066907643,1.0791545454311485,0.20392187177459349,305.8289579494886,358.28902774128178,7318.820867056182,0.24561543649604543,0.04641259193046965,187.82542529770559,220.3303867685611,4243.684455532481,0.0,0.0,10.17743185650528,12.167802838176659,122.6278942035011,0.0,0.0,28.341813788112085,33.51950337200176,506.3317557848694,0.0,0.0,249.5256735625823,295.44645135870709,4380.489832064182,0.0,0.0,34.71864666416606,41.377147406776028,481.53920782618237,0.0,0.0,153.39260209978165,182.4129592229538,2321.6609150482456,32.36938680116756,22.201225515204095,367.0297569507506,432.2767613201175,8354.8970529837,0.0,0.0,182.0681145316273,216.5329425102361,2751.6185793209099,664.0625924952235,21.22842410406371,38.20024416590795,21.25,30.0,0.0,20.933647302128607,38.99294675599227,16.0,30.0,1007.1509638213152,21.477518013761747,37.552800712488629,21.25,30.0,0.0,20.67853540110694,39.550001334547328,16.0,30.0,0.0,15.255949859662677,56.540689183137178,12.0,30.0,0.0,18.2299765073448,46.670286562951059,16.0,30.0,0.0,18.070118711402175,46.87575197391919,10.0,30.0,0.0,16.180978917011136,53.05028800788881,16.0,30.0,0.0,16.827836995189494,50.83494082812967,12.0,30.0,0.0,19.752724799409415,0.0,0.0,0.0,16.79958401831528,0.0,0.0,510.6241113324499,513.8620709988861,508.34123417410407,512.0064557145876,532.6492882662557,528.599140903406,521.3575751366645,526.4500633073321,524.5590398151016,4776.4988953285469,80.77553980475847,82.55322271318102,60.0,0.0,60.0,60.0,16.0,16.0,16.0,12.0,16.0,12.0,21.0,10.0,1.0,0.0,664.0625924952235,0.0,1007.1509638213152,0.0,0.0,0.0,0.0,0.0,2690.2527071831129,1614151.6243098677,2095689.6170435404,80.77553980475847,82.58341367046828,0.17467509023943712,0.3479406351223435,0.18014068700982978,82.58341367046828,0.17713239097194376,2095689.6170435404,0.10982586008626412 
 02/18  14:20:00,9.323333333333335,75.66666666666667,3.46,105.83333333333333,100.83333333333334,0.0,0.0,0.0,0.0,0.0,0.0,0.0,0.0,0.0,0.0,306.0,0.0,580.9083544662813,40.00395251488705,102.50889487566666,17.418380001427928,463.61813515492465,0.0,40.00395251488703,54.68843597766924,0.0,0.0,20.857552854663159,-1170.3033714560955,20.708791090012743,226.71959570018763,20.633431355281549,-391.6746416793035,20.082687486591877,250.56240862884375,15.1242919600186,50.6232913840593,18.291019089825175,-20.416211594272676,17.602599517112166,204.11026956035364,16.05661581373568,41.02850762782477,16.80637736819196,16.280177164954084,775.8175639927973,476.8911326623679,0.0,0.0,0.0,0.0,0.0,0.0,0.0,0.0,0.0,0.0,0.0,0.0,0.0,0.0,0.0,0.0,0.0,0.0,0.0,0.0,0.0,0.0,1.1084616374096624,0.3383582531775525,392.47978460492598,459.09883329268237,9414.491829074488,0.2422408553359212,0.03697204751769249,214.87214870369906,251.81620837032853,4948.851394303081,1.1087189664402344,0.20950849705975706,290.3622104531793,340.28793703649208,6785.354588345083,0.2740726886271651,0.05179000163022769,261.8297826387086,307.2314829755643,5851.7458909487299,0.0,0.0,10.54927318194701,12.604472625991568,127.11562479721299,0.0,0.0,31.00277760136519,36.68079641456508,553.5332424495463,0.0,0.0,252.08136124603983,298.26140506522469,4443.1633047901,0.0,0.0,35.02812483495579,41.72142631743167,484.2641812196604,0.0,0.0,150.75010088554306,179.14727459086195,2277.754081925845,32.38120680987172,22.209332517058795,470.67272806828398,553.5595896603234,10575.555378068926,0.0,0.0,179.26235722167463,213.0728520217653,2694.0848360600596,1213.8400312010825,21.490232123449375,37.478084729457808,21.666666666666658,29.99999999999999,0.0,20.939757858624199,38.83538699449508,15.999999999999993,29.99999999999999,45.06361539054506,21.09760405820984,38.35702582922977,20.999999999999994,29.99999999999999,0.0,20.59614505130935,39.60503594760164,15.999999999999993,29.99999999999999,0.0,15.278133242917882,56.26371350140042,11.999999999999995,29.99999999999999,0.0,18.24999824139863,46.43237284368832,15.999999999999993,29.99999999999999,0.0,18.129320295526765,46.581144296497388,9.999999999999997,29.99999999999999,0.0,16.18016222017103,52.90447164844645,15.999999999999993,29.99999999999999,0.0,16.83626584757402,50.69760391166942,11.999999999999995,29.99999999999999,0.0,19.91784247767147,0.0,0.0,0.0,16.779569214244938,0.0,0.0,507.1112386314312,509.6652202191553,506.4899008807158,507.8341076590432,528.1132862539367,523.7535503808704,518.306089825732,523.0124904686533,521.9639056808796,9784.88510888966,81.53497379720344,81.53497379720344,59.99999999999998,0.0,59.99999999999998,59.99999999999998,16.0,16.0,16.0,12.0,16.0,12.0,21.0,10.0,1.0,0.0,1213.8400312010825,0.0,45.06361539054506,0.0,0.0,0.0,0.0,0.0,0.0,0.0,0.0,81.53497379720344,81.53497379720344,0.3399999999999999,0.770033148720213,0.36028137401965945,81.53497379720344,0.35426478194388735,0.0,0.0008766666666666668 
 02/18  14:30:00,9.344999999999999,75.5,3.45,102.0,103.0,0.0,0.0,0.0,0.0,0.0,0.0,0.0,0.0,0.0,0.0,408.0,0.0,580.9020440266775,38.66851309351115,99.08687420215506,17.418186062254436,463.61304742643525,0.0,38.66851309351113,52.86278904263718,0.0,0.0,21.03732391504961,-935.233462510947,20.77770998786839,257.4432005292158,21.11673961274787,-1193.737717013133,20.19901851923629,487.2374282594601,15.150292925753611,51.67714424109687,18.314346879030319,-18.484837665478098,17.637591176459475,197.98497893209697,16.054834587621895,44.69252442229953,16.813731317297326,28.00069899739583,832.9883194747108,480.2986037213452,0.0,0.0,0.0,0.0,0.0,0.0,0.0,0.0,0.0,0.0,0.0,0.0,0.0,0.0,0.0,0.0,0.0,0.0,0.0,0.0,0.0,0.0,1.1670207528445176,0.35623344103923007,390.6534477370478,456.9649494654399,9416.341562355265,0.2647256545429203,0.04040379342840664,244.87831722894544,286.8880963564564,5666.731192580657,1.0136140949459918,0.19153705497845653,365.0204949880353,426.81643368941476,9001.954223166995,0.2850105122283935,0.05385686172116278,307.96942678087626,361.21469352451819,7018.700211343955,0.0,0.0,10.656830621709642,12.73604172639291,128.47009784154768,0.0,0.0,30.54046394054457,36.132064660841,545.3916606375644,0.0,0.0,254.76160746281645,301.486536141503,4502.616237497706,0.0,0.0,35.11094729904372,41.83581415980193,483.8611829613364,0.0,0.0,153.64665280320075,182.65923440551104,2317.404822615297,32.52188232262276,22.305817779576658,547.8140936462226,644.0968605353215,12341.045935600225,0.0,0.0,182.31763027644576,216.75209246272369,2751.4137768355988,1216.5918259531289,21.57937311331263,37.19185176866811,21.75,30.0,0.0,21.027151955064224,38.524441802764709,16.0,30.0,1745.2674704776112,21.766220690336618,36.747270031946587,21.5,30.0,0.0,20.83061885143748,38.949801550954337,16.0,30.0,0.0,15.303647409591349,56.00007726330222,12.0,30.0,0.0,18.27400779638623,46.23086873382938,16.0,30.0,0.0,18.177994663202257,46.31257039538694,10.0,30.0,0.0,16.18070508599686,52.76294596244571,16.0,30.0,0.0,16.845709481118015,50.5224539393672,12.0,30.0,0.0,20.058858218610838,0.0,0.0,0.0,16.836279372462763,0.0,0.0,504.7663181372583,506.69131052294525,504.02733648372068,505.31183763964045,524.270459203773,520.3174805138064,515.1432847077979,519.8707958397368,518.5811214237874,7562.53901625731,81.89266426641405,85.56610730785853,60.0,0.0,60.0,60.0,16.0,16.0,16.0,12.0,16.0,12.0,21.0,10.0,1.0,0.0,1216.5918259531289,0.0,1745.2674704776112,0.0,0.0,0.0,0.0,0.0,5558.988270886646,3335392.962531988,4335861.931107142,81.89266426641405,85.62849456569625,0.2702996090295549,0.5750987091678217,0.27021103051474468,85.62849456569625,0.2656985864579156,4335861.931107142,0.22636815375090475 
 02/18  14:40:00,9.366666666666668,75.33333333333334,3.44,96.16666666666666,104.5,0.0,0.0,0.0,0.0,0.0,0.0,0.0,0.0,0.0,0.0,206.0,0.0,571.6676249106581,36.67136377132132,93.96924201237118,17.14128963742054,456.24308123554899,0.0,36.671363771321299,50.13253450581913,0.0,0.0,21.027894848360498,-799.185491652843,20.81190105350548,55.873535628221407,20.863402026975384,-604.0264583156334,20.2013025557263,120.56730724091031,15.177449814897109,49.77406748155285,18.336567549510133,-17.598649729583664,17.63427944098303,134.78211959367042,16.056703027017087,47.21729808110105,16.828450367245297,31.56156782707695,764.932211831818,485.5885606755257,0.0,0.0,0.0,0.0,0.0,0.0,0.0,0.0,0.0,0.0,0.0,0.0,0.0,0.0,0.0,0.0,0.0,0.0,0.0,0.0,0.0,0.0,1.1184754096185903,0.341414960201035,295.98631794102075,345.8395082006001,7177.065105016245,0.23100825055362463,0.035257669498416469,142.96679155960806,167.5861724451156,3315.159360167047,1.097724251417055,0.20743088651115947,334.57183155544046,391.53557889689378,7892.136334907483,0.2515143317546216,0.047527273574191539,201.1315063850762,235.87142659665825,4579.035277002652,0.0,0.0,10.300758625267692,12.295144585782735,124.30750965236972,0.0,0.0,28.532765171932867,33.7100072135855,509.86459619602689,0.0,0.0,252.3037194528074,298.24968857137039,4430.789436234097,0.0,0.0,35.403255973518579,42.130762604005827,486.89104990198407,0.0,0.0,154.68179585560797,183.6493292039197,2333.150875091924,32.23889603306884,22.11172567425848,412.6160433406835,485.1380431138013,9329.766910531564,0.0,0.0,183.78963047921673,218.2086514370364,2777.2894213356996,1296.0331464135282,21.630670764168288,37.01225955343709,21.500000000000008,30.00000000000001,0.0,21.040591178463669,38.448329026884618,16.000000000000008,30.00000000000001,1236.9177230161227,21.40539160073437,37.549303032621299,21.500000000000008,30.00000000000001,0.0,20.763226824941513,39.05352782603096,16.000000000000008,30.00000000000001,0.0,15.3317835749944,55.7264857193701,12.000000000000004,30.00000000000001,0.0,18.301011613788515,46.02880559949581,16.000000000000008,30.00000000000001,0.0,18.14144966851473,46.3438632362881,10.000000000000004,30.00000000000001,0.0,16.18771102809322,52.60443174079212,16.000000000000008,30.00000000000001,0.0,16.867552857959745,50.34599448644112,12.000000000000004,30.00000000000001,0.0,19.870243104293423,0.0,0.0,0.0,16.86810426745283,0.0,0.0,502.9502538648486,505.474484708794,503.1372652476907,503.74424377132109,520.4745406063809,517.1330749869281,513.3061839437223,516.8630333481292,516.1242598429415,8053.910286822051,82.67941548122265,82.67941548122265,60.00000000000002,0.0,60.00000000000002,60.00000000000002,16.0,16.0,16.0,12.0,16.0,12.0,21.0,10.0,1.0,0.0,1296.0331464135282,0.0,1236.9177230161227,0.0,0.0,0.0,0.0,0.0,0.0,0.0,0.0,82.67941548122265,82.67941548122265,0.34000000000000016,0.7717172818972224,0.36028137401965967,82.67941548122265,0.3542647819438876,0.0,0.00093 
 02/18  14:50:00,9.388333333333334,75.16666666666666,3.4299999999999999,90.33333333333334,106.0,0.0,0.0,0.0,0.0,0.0,0.0,0.0,0.0,0.0,0.0,206.0,0.0,561.8491516092731,34.64458103895277,88.77567485939589,16.846880506544367,448.4069862572196,0.0,34.64458103895276,47.361768850637087,0.0,0.0,20.776779971517948,-387.9331031174215,20.772488677024087,115.23891497661589,20.56353797014063,-373.2153218994117,20.161672536883104,288.1451359727539,15.201559641737614,50.288188217754228,18.355117428075613,-19.306893473388017,17.625244824706578,171.3248549435666,16.058974535441697,50.00439696423439,16.84159856814002,37.37887933091088,801.3033046170222,493.04395470210695,0.0,0.0,0.0,0.0,0.0,0.0,0.0,0.0,0.0,0.0,0.0,0.0,0.0,0.0,0.0,0.0,0.0,0.0,0.0,0.0,0.0,0.0,1.1640981944956628,0.35534132921113029,324.83752693780289,379.80326109861206,7591.085212777316,0.23872589522884614,0.03643557619487884,171.86744403757153,201.19309005158252,3941.103648196427,1.0711322240477955,0.202405938028684,317.0109771832065,371.5594847148261,7286.857283525775,0.24950677926638133,0.04714791747286116,207.5519174300573,243.3808703742252,4683.522789728178,0.0,0.0,10.343583424784669,12.344136276701999,124.83558599903319,0.0,0.0,29.375851687272357,34.677169699446718,524.9469305253169,0.0,0.0,253.7541727297769,299.9765351353053,4434.030674465032,0.0,0.0,35.57985333816309,42.34036817212591,488.20962490273737,0.0,0.0,155.05475198639065,184.09927423271308,2337.292922708133,32.27576176532298,22.13701081297873,399.6974677993854,469.52577840716358,9142.292558759666,0.0,0.0,184.27485306851183,218.78429145928716,2786.6657918750208,343.7544344629508,21.242049020783626,37.71441456891754,21.0,30.0,0.0,20.96730676897353,38.3499689824051,16.0,30.0,168.43807793835837,20.977603959883468,38.37029919920977,21.0,30.0,0.0,20.730693188300223,38.92682423804125,16.0,30.0,0.0,15.354697978685465,55.47940024945956,12.0,30.0,0.0,18.323006658169015,45.827935484987467,16.0,30.0,0.0,18.119404072610658,46.18478808137175,10.0,30.0,0.0,16.194563255615436,52.41932120456536,16.0,30.0,0.0,16.88617013756583,50.10880689152263,12.0,30.0,0.0,20.046483159042429,0.0,0.0,0.0,16.892273091151318,0.0,0.0,497.5942429590369,497.56947151852418,498.9056736379558,497.92753287791018,516.9333056525262,513.6620330573487,507.78321190123077,513.2787656397848,512.0204363989168,6180.264380453708,83.91796311351985,83.91796311351985,60.0,0.0,60.0,60.0,16.0,16.0,16.0,12.0,16.0,12.0,21.0,10.0,1.0,0.0,343.7544344629508,0.0,168.43807793835837,0.0,0.0,0.0,0.0,0.0,0.0,0.0,0.0,83.91796311351985,83.91796311351985,0.34,0.7647603683354719,0.36028137401965956,83.91796311351985,0.3542647819438875,0.0,0.0009866666666666668 
 02/18  15:00:00,9.41,75.0,3.42,84.5,107.5,0.0,0.0,0.0,0.0,0.0,0.0,0.0,0.0,0.0,0.0,412.0,0.0,551.4462696742107,32.58817766344851,83.5062054508638,16.534948040626817,440.10447959871478,0.0,32.5881776634485,44.55050953060673,0.0,0.0,21.041425258477717,-908.2651779934322,20.809198814146535,251.068182167048,21.150076970939339,-1221.274321841161,20.226749328027915,472.3895251512513,15.223721578521456,50.14389472080089,18.36519845398457,-22.045478479397049,17.668313195892674,200.74698398257079,16.05923180464205,45.59294694852122,16.850315201448013,20.71441757592015,806.1864442136844,474.65587816093787,0.0,0.0,0.0,0.0,0.0,0.0,0.0,0.0,0.0,0.0,0.0,0.0,0.0,0.0,0.0,0.0,0.0,0.0,0.0,0.0,0.0,0.0,1.15402929740418,0.3522677953004213,372.9684043203733,436.05637451050657,8986.119937208681,0.263073839246301,0.04015168486665156,237.62003063870757,278.28716737312069,5471.322664405498,1.0049322078721619,0.18989648674832999,345.76548381903356,404.19805944295697,8477.097810048668,0.2784548930963632,0.05261808259568463,291.85520706068919,342.15052532970699,6638.746020139968,0.0,0.0,10.551660952953533,12.605528198147045,127.2563382711014,0.0,0.0,33.740528965098409,39.91013529879251,601.7751880816406,0.0,0.0,254.59534123579528,301.22802274228527,4476.243493337277,0.0,0.0,35.212271064053229,41.948414425283278,481.65992250231286,0.0,0.0,150.5984725973322,178.97662954570064,2265.885932399824,32.27845277393645,22.138856497898805,523.395417488339,615.1564163061524,11755.859770630774,0.0,0.0,179.06088653867384,212.84363807578382,2680.05587686326,1202.9310497172469,21.62118792041282,36.78096015716756,21.75,30.0,0.0,21.028791861440966,38.18370138978779,16.0,30.0,1794.6632456795588,21.79614428923095,36.36299475847507,21.5,30.0,0.0,20.85325817268251,38.562550938572,16.0,30.0,0.0,15.373707125864229,55.2597230200144,12.0,30.0,0.0,18.33136267200404,45.65300957205208,16.0,30.0,0.0,18.198912347115333,45.85700691918752,10.0,30.0,0.0,16.196530720957275,52.259503533906769,16.0,30.0,0.0,16.895056021426684,49.9273238876448,12.0,30.0,0.0,20.027541810067775,0.0,0.0,0.0,16.84043193844564,0.0,0.0,495.5208165297522,497.0578706083563,494.54541133421437,495.9325760274977,513.7311402582269,509.87726571801496,505.4085166795605,509.942238830444,508.54534040563416,6964.110432318448,82.36704981199708,84.07047486978185,60.0,0.0,60.0,60.0,16.0,16.0,16.0,12.0,16.0,12.0,21.0,10.0,1.0,0.0,1202.9310497172469,0.0,1794.6632456795588,0.0,0.0,0.0,0.0,0.0,2577.9859625771725,1546791.5775463035,2008796.9957013666,82.36704981199708,84.09940468224613,0.2559328654192391,0.5760911965227029,0.27021103051474468,84.09940468224613,0.2656985864579156,2008796.9957013666,0.1055007771098044 
 02/18  15:10:00,9.406666666666667,75.0,3.4033333333333335,78.66666666666666,109.0,0.0,0.0,0.0,0.0,0.0,0.0,0.0,0.0,0.0,0.0,208.0,0.0,540.4631079345995,30.502137815378164,78.16079322015523,16.20561603976309,431.3388564254457,0.0,30.50213781537815,41.69873490569667,0.0,0.0,20.999954580968443,-698.8795820321575,20.846434207204518,25.57971909065111,20.86954704273071,-637.4150735918811,20.226928703933536,114.86560836578929,15.248773563594544,48.51423004425163,18.379452085614724,-18.92060245974983,17.670284525067069,129.58138696417883,16.0564823481347,47.57895067608547,16.851580643805069,25.793909532141698,749.536046226347,489.6781677726244,0.0,0.0,0.0,0.0,0.0,0.0,0.0,0.0,0.0,0.0,0.0,0.0,0.0,0.0,0.0,0.0,0.0,0.0,0.0,0.0,0.0,0.0,1.1035606091900344,0.3368622128174708,282.6364335715854,330.3530585289833,6798.824698565392,0.22942459846685668,0.035015964356968357,145.7018014193299,170.7765175608952,3373.864862012487,1.0932746762400157,0.20659007487528648,348.22278816047096,407.41886558679905,8194.62757041728,0.24908914068698979,0.047068998618100859,213.43843831096138,250.23074183990867,4845.5424691568,0.0,0.0,10.220123342455642,12.195591665971392,123.84746050471625,0.0,0.0,29.984271300523916,35.42057362386405,536.1480512522652,0.0,0.0,253.02137920689686,299.0527465197645,4436.95074622253,0.0,0.0,35.67602620614552,42.45217568426084,488.1547015293438,0.0,0.0,154.0859389415396,182.91103729537324,2319.8287046460056,32.024847839467657,21.96491621362666,417.3678556882537,490.6716923371746,9404.941053051483,0.0,0.0,183.25340986231823,217.54329013649596,2760.370444827032,1199.411066899288,21.60496500868865,36.76398326866877,21.5,30.0,0.0,21.05260254132086,38.083526041900828,16.0,30.0,1247.224917961591,21.392722919286748,37.24539180337247,21.5,30.0,0.0,20.784687642006334,38.66607583843652,16.0,30.0,0.0,15.398839649670303,55.00648254336357,12.0,30.0,0.0,18.34966015831948,45.485728769137327,16.0,30.0,0.0,18.170560066475283,45.86151086963228,10.0,30.0,0.0,16.19401044506357,52.130965009682828,16.0,30.0,0.0,16.89510486119243,49.82601336729285,16.0,30.0,0.0,19.879770081350494,0.0,0.0,0.0,16.885384563680437,0.0,0.0,493.8763043724302,495.79908126203397,493.4017361433173,494.28629379936356,510.22100673982006,506.95820468327698,503.5013034748083,506.91544536966969,506.2133133173969,7873.730893599228,82.79853783685111,82.79853783685111,60.0,0.0,60.0,60.0,16.0,16.0,16.0,16.0,16.0,12.0,21.0,10.0,1.0,0.0,1199.411066899288,0.0,1247.224917961591,0.0,0.0,0.0,0.0,0.0,0.0,0.0,0.0,82.79853783685111,82.79853783685111,0.34,0.7715956150074279,0.36028137401965956,82.79853783685111,0.3542647819438875,0.0,0.0011 
 02/18  15:20:00,9.403333333333335,75.0,3.3866666666666669,72.83333333333333,110.5,0.0,0.0,0.0,0.0,0.0,0.0,0.0,0.0,0.0,0.0,208.0,0.0,527.9547012796595,28.434761754573406,72.86320486425383,15.830550222316319,421.3559505602327,0.0,28.43476175457339,38.872475092969107,0.0,0.0,20.78849375955907,-386.66239748642058,20.79979955341723,118.15658183997312,20.574215126360408,-360.07537978454959,20.179540526931406,282.15493298664298,15.272229974214973,49.94409354830421,18.388947505313916,-24.585768777517616,17.65339870972612,169.00813360112444,16.05642578897632,49.92286819359106,16.857478451097067,32.26559052642733,792.3249543410957,498.2265064620374,0.0,0.0,0.0,0.0,0.0,0.0,0.0,0.0,0.0,0.0,0.0,0.0,0.0,0.0,0.0,0.0,0.0,0.0,0.0,0.0,0.0,0.0,1.1568148932160055,0.35311809927228496,326.51875107614935,381.7408445421684,7622.2173450220129,0.23712351979807279,0.03619101340019426,170.93456173356163,200.07525955270936,3917.5805185057049,1.0655347864711609,0.20134822117746813,320.31709606072146,375.4230590254652,7352.5574662026979,0.24789971973542195,0.04684424031281592,205.1911408264358,240.6098004913875,4628.1277995356,0.0,0.0,10.484340679266737,12.509875715131426,127.59083083578124,0.0,0.0,26.395844962684369,31.140251399377637,472.7718530711358,0.0,0.0,250.95286926538555,296.6399269863814,4385.511486035309,0.0,0.0,35.73060710702835,42.519914348667359,489.2645652771306,0.0,0.0,154.7225434064094,183.69683199854328,2332.694265648678,32.069845820424088,21.995779026353973,401.0989268910786,471.1148430313479,9168.567088904554,0.0,0.0,183.73935866764723,218.15392081291373,2771.4777136193417,347.80608033576478,21.258865493064044,37.364593427889719,21.0,30.0,0.0,20.97609052491437,38.00193797391417,16.0,30.0,149.99348392889886,20.977538317354349,38.044447799838568,21.0,30.0,0.0,20.740287962430835,38.574482227829367,16.0,30.0,0.0,15.421564308479925,54.765639966701687,12.0,30.0,0.0,18.360184147075459,45.345456633590519,16.0,30.0,0.0,18.135636381714286,45.744340199390197,10.0,30.0,0.0,16.19587791069973,51.971021999307598,16.0,30.0,0.0,16.90329750305527,49.63264596254034,16.0,30.0,0.0,20.07077626226083,0.0,0.0,0.0,16.888258897942096,0.0,0.0,488.5918313843847,488.291975027247,489.6238670791584,488.7191574986571,506.83176691842507,504.1950439484131,498.1743998938773,503.5493937974629,502.38652978523626,6024.196886931216,84.02110379576132,84.02110379576132,60.0,0.0,60.0,60.0,16.0,16.0,16.0,16.0,16.0,12.0,21.0,10.0,1.0,0.0,347.80608033576478,0.0,149.99348392889886,0.0,0.0,0.0,0.0,0.0,0.0,0.0,0.0,84.02110379576132,84.02110379576132,0.34,0.7645669327676097,0.36028137401965956,84.02110379576132,0.3542647819438875,0.0,0.00113 
 02/18  15:30:00,9.4,75.0,3.37,67.0,112.0,0.0,0.0,0.0,0.0,0.0,0.0,0.0,0.0,0.0,0.0,416.0,0.0,515.6995680168304,26.29240339264598,67.37347754998183,15.46307852350693,411.5751777394252,0.0,26.292403392645967,35.94370878984214,0.0,0.0,21.050041463812165,-893.8950236730402,20.840792095496988,242.93980993529704,21.163702513355785,-1205.404555715075,20.243921694025329,468.78487127264796,15.29284028250234,48.751027747781908,18.39268140336155,-23.42219522535055,17.6976594819435,194.11859126231458,16.05525941945867,45.27986922298834,16.860902550828599,15.49131747116894,796.6131836754776,487.0718721963233,0.0,0.0,0.0,0.0,0.0,0.0,0.0,0.0,0.0,0.0,0.0,0.0,0.0,0.0,0.0,0.0,0.0,0.0,0.0,0.0,0.0,0.0,1.1545811456915237,0.3524362471585848,372.4586163634659,435.487048238754,8984.843708435012,0.2621695421737287,0.04001366638793173,235.7590388912908,276.11042923435778,5441.33404795406,1.0067288035638052,0.19023597950941149,344.79179958635958,403.07604489320866,8462.958537201866,0.27832670527890115,0.0525938596520977,290.62233583991806,340.71111441691007,6622.63227844169,0.0,0.0,10.488814280267313,12.528436166943536,128.04408139432497,0.0,0.0,34.682429076687217,41.02188437975462,621.4024131108303,0.0,0.0,255.9190495124522,302.7938764221757,4513.238935868184,0.0,0.0,35.40985858389581,42.18670746442601,484.95178025975556,0.0,0.0,151.01923144866746,179.48104053718405,2278.204114758587,32.09973736229657,22.016280769750744,520.3183382754364,611.5401647006224,11716.681697985057,0.0,0.0,179.54189375307824,213.43740334776414,2686.413304169202,1190.744239773188,21.62711803147346,36.47846397973028,21.75,30.0,0.0,21.047591222832517,37.83241624283724,16.0,30.0,1783.5113277113426,21.803598075130475,36.058198170687109,21.5,30.0,0.0,20.86329603868549,38.22820689046212,16.0,30.0,0.0,15.43820351569843,54.56579391053475,12.0,30.0,0.0,18.36308793021192,45.18208479053189,16.0,30.0,0.0,18.21630207594771,45.43206395362674,10.0,30.0,0.0,16.19477047260204,51.83013907211783,16.0,30.0,0.0,16.90512447969754,49.48084120851429,16.0,30.0,0.0,20.04596502978586,0.0,0.0,0.0,16.827782779932258,0.0,0.0,486.9277820058122,488.22551320128329,485.8941966521752,487.117265779599,503.8755736859109,500.3282768739533,496.1803027921806,500.4154857552585,499.0845074452502,7391.367404032667,81.28973622741161,81.28973622741161,60.0,0.0,60.0,60.0,16.0,16.0,16.0,16.0,16.0,12.0,21.0,10.0,1.0,0.0,1190.744239773188,0.0,1783.5113277113426,0.0,0.0,0.0,0.0,0.0,0.0,0.0,0.0,81.28973622741161,81.28973622741161,0.255,0.5785034544232289,0.27021103051474468,81.28973622741161,0.2656985864579156,0.0,0.0011599999999999998 
 02/18  15:40:00,9.396666666666667,75.0,3.353333333333333,61.16666666666667,125.83333333333334,0.0,0.0,0.0,0.0,0.0,0.0,0.0,0.0,0.0,0.0,630.0,0.0,595.2468001587853,24.85344900374202,63.68620141238954,17.84825506394946,475.06088333146087,0.0,24.85344900374201,33.97654904623743,0.0,0.0,21.035053684143877,-953.8272678722204,20.929194479680399,151.41771916292692,21.024916348698718,-814.603191185452,20.29214724027414,305.4062097374167,15.323114014187388,51.32881434782807,19.229735175394013,-205.29113678892188,17.75274911016729,214.12443629001556,16.052324497843338,48.968001462847499,16.85936059640831,27.478677478133684,749.767778511206,523.4321971627262,0.0,0.0,0.0,0.0,0.0,0.0,0.0,0.0,0.0,0.0,0.0,0.0,0.0,0.0,0.0,0.0,0.0,0.0,0.0,0.0,0.0,0.0,1.1379997887257525,0.34737478288331866,330.2887968090794,386.4345386108523,7928.7770263932329,0.24568573965673402,0.03749782351293252,203.6842923647737,238.62525054574153,4729.653630776862,1.0524470930147559,0.19887511205872172,309.7278207254667,362.4000099906415,7471.661146843561,0.26639320897393417,0.05033885279174864,247.60893319909179,290.29095048793257,5644.821676814245,0.0,0.0,10.90713006916752,13.03110408590101,133.8390426475205,0.0,0.0,64.67579183227709,76.10547638022638,1328.924518005322,0.0,0.0,290.63546363853029,343.85853770133039,5174.388045325992,0.0,0.0,36.05374154182302,42.97317152886835,493.76748685527317,0.0,0.0,157.91087033502854,187.7523051964917,2382.3294799720176,31.984346766975535,21.937137700257563,450.09667245778317,529.0987123682985,10234.067646190913,0.0,0.0,187.3660008059647,222.78584807101263,2826.8874335927678,1321.7946150289245,21.555163114059817,36.48323604571736,21.666666666666655,29.99999999999998,0.0,21.12131362005916,37.54548584505798,15.999999999999988,29.99999999999998,1173.2531212613222,21.51003232227317,36.62476343153209,21.33333333333332,29.99999999999998,0.0,20.89169009373947,38.08302711349847,15.999999999999988,29.99999999999998,0.0,15.466592512102075,54.30695771267329,11.999999999999993,29.99999999999998,1395.1158421422086,19.60252144758942,41.68613728484058,19.999999999999987,29.99999999999998,0.0,18.29651055924752,45.075413549142847,9.999999999999993,29.99999999999998,0.0,16.191691299012097,51.68386857831297,15.999999999999988,29.99999999999998,0.0,16.902516117180274,49.343459896596929,15.999999999999988,29.99999999999998,0.0,19.924473966924905,0.0,0.0,0.0,16.88864307124031,0.0,0.0,482.3959340441345,484.9142522425074,483.432980696566,485.00301628405398,500.5590292715705,496.28758371922609,493.0379414307679,497.04107517523087,495.80647627250826,9495.684134462914,81.72621174815947,82.87106653415926,59.99999999999996,0.0,59.99999999999996,59.99999999999996,16.0,16.0,19.0,16.0,16.0,12.0,21.0,10.0,1.0,0.0,1321.7946150289245,0.0,1173.2531212613222,0.0,1395.1158421422086,0.0,0.0,0.0,1732.6243841458737,1039574.6304875256,1348564.4504403624,81.72621174815947,82.89050996908259,0.341087479471529,0.7698336927750676,0.3602813740196593,82.89050996908259,0.3542647819438872,1348564.4504403624,0.07131535142289883 
 02/18  15:50:00,9.393333333333335,75.0,3.3366666666666666,55.333333333333339,139.66666666666667,0.0,0.0,0.0,0.0,0.0,0.0,0.0,0.0,0.0,0.0,316.0,0.0,613.8219996722821,22.781384221274246,58.376610886152807,18.405216630080387,489.8854785796127,0.0,22.781384221274235,31.14387939552224,0.0,0.0,20.860738726409737,-351.935841739352,20.916648063532553,-99.17707631711378,20.912225939152749,-572.8451344126308,20.21924503773354,78.87262143974087,15.358246460883424,49.82894911675537,19.26945566631791,-200.22227739833293,17.76468550852079,119.60908895037523,16.054935666274987,52.81129245559195,16.869296534936049,39.27817812689685,668.1566582906901,534.3749982711249,0.0,0.0,0.0,0.0,0.0,0.0,0.0,0.0,0.0,0.0,0.0,0.0,0.0,0.0,0.0,0.0,0.0,0.0,0.0,0.0,0.0,0.0,1.1108433975078145,0.3390852861745468,227.88719554648339,267.1924573914371,5264.7539880280469,0.20727381065526655,0.03163519698645707,141.79448586865565,166.29749045715153,3275.0140217948048,1.0707082690111638,0.20232582558789964,190.33512984387137,222.9369876660014,4488.10855958123,0.23503920008369925,0.04441405897273231,163.17022933490913,191.43670799275987,3673.958292819379,0.0,0.0,10.629237337863268,12.690228007480272,131.32458480888699,0.0,0.0,72.81222075778713,85.72514639614458,1473.522172052187,0.0,0.0,296.22002119454256,350.3008401365774,5263.539778027504,0.0,0.0,35.9249742111387,42.78798043749572,492.76858058523126,0.0,0.0,160.02174359136863,190.12219966121638,2420.8409882127618,31.596090023569056,21.670843637564535,311.9032302857546,367.2900114376953,7062.487252466163,0.0,0.0,189.66327199739878,225.33389437891027,2877.3669062192768,792.464298950224,21.236183461363276,37.180401066245028,21.33333333333335,30.00000000000002,0.0,21.03104822373033,37.64890563348167,16.000000000000015,30.00000000000002,1143.504848264779,21.32410209223519,36.91428925854687,21.33333333333335,30.00000000000002,0.0,20.72682595059982,38.39287023796082,16.000000000000015,30.00000000000002,0.0,15.506169161668569,53.99973382668905,12.00000000000001,30.00000000000002,0.0,19.56001752372174,41.65029840224656,19.000000000000015,30.00000000000002,0.0,18.2777666360244,45.058189186370757,10.000000000000007,30.00000000000002,0.0,16.198399082868084,51.526492037178758,16.000000000000015,30.00000000000002,0.0,16.919823742382243,49.181780538371587,16.000000000000015,30.00000000000002,0.0,19.65610025549312,0.0,0.0,0.0,16.926829733041666,0.0,0.0,481.219967012511,481.8887267077158,479.4609183568807,482.7969043984966,497.0508358855161,492.8908824345312,491.3314470438927,494.1402932912041,493.39728685698636,6076.503431347815,81.7603087882541,81.7603087882541,60.00000000000004,0.0,60.00000000000004,60.00000000000004,16.0,16.0,19.0,16.0,16.0,12.0,21.0,10.0,1.0,0.0,792.464298950224,0.0,1143.504848264779,0.0,0.0,0.0,0.0,0.0,0.0,0.0,0.0,81.7603087882541,81.7603087882541,0.22666666666666686,0.4638023105837856,0.24018758267977323,81.7603087882541,0.23617652129592518,0.0,0.0012200000000000002 
 02/18  16:00:00,9.39,75.0,3.32,49.5,153.5,0.0,0.0,0.0,0.0,0.0,0.0,0.0,0.0,0.0,0.0,426.0,0.0,630.7494485992462,20.639754279181724,52.88875876072979,18.91277056116256,503.3950147252591,0.0,20.639754279181714,28.21610889753456,0.0,0.0,20.95538060841857,-967.0736955801247,20.886189407010038,110.00376037251921,20.951239815978974,-625.0136093005599,20.120050141484528,200.79400362800789,15.387084589680488,47.39299696150263,19.04403111233253,-137.04693599529379,17.747100351034704,182.4578699239828,16.056382824752907,49.611313271179088,16.876051677765667,24.857994971719337,699.341937329654,514.8837730148412,0.0,0.0,0.0,0.0,0.0,0.0,0.0,0.0,0.0,0.0,0.0,0.0,0.0,0.0,0.0,0.0,0.0,0.0,0.0,0.0,0.0,0.0,1.0888664398677322,0.33237681314643849,272.21383553157718,318.5657888732417,6390.987885236129,0.22394756133619063,0.034180030728966828,144.24605675850447,169.04181348575276,3312.657218484534,1.0854143068957923,0.20510474431137425,253.84088138783722,297.294063044108,6018.435386092737,0.2604514036732333,0.04921606267445827,239.11902126998798,280.7290984189446,5308.4607533723769,0.0,0.0,10.461250476476389,12.493445942706924,129.87256573731328,0.0,0.0,65.78598972831313,77.59889832963683,1281.944898124047,0.0,0.0,287.6701894352802,340.3649048944282,5096.187292527511,0.0,0.0,35.95229888740627,42.835919517683759,493.5748160322357,0.0,0.0,154.89749250736959,184.1025048236153,2346.745483809022,31.58703920362439,21.66463594212922,380.57827804531038,447.8755382480352,8530.657886670637,0.0,0.0,184.02577335795216,218.76847684837598,2771.2222711925198,956.0245638767476,21.345482423931544,36.767746982355898,21.5,30.0,0.0,20.971808518961823,37.74075638131816,16.0,30.0,847.9599818671094,21.359867878182599,36.77439285213495,21.25,30.0,0.0,20.58676693472301,38.57672199879696,16.0,30.0,0.0,15.533277493392097,53.785574365583418,12.0,30.0,0.0,19.16262962783471,42.610062096485979,19.0,30.0,0.0,18.248005330247858,45.026578066548157,10.0,30.0,0.0,16.201438201712486,51.41894441370839,16.0,30.0,0.0,16.9279988603625,49.05922637402036,16.0,30.0,0.0,19.730957060568359,0.0,0.0,0.0,16.867392124184513,0.0,0.0,477.0584080480073,480.6315619771394,477.9934490048575,478.6951627447687,494.56635846799989,490.77973381406209,488.5373157196766,492.05498336972519,491.2276993101112,5867.40842095714,82.84725857820019,82.84725857820019,60.0,0.0,60.0,60.0,16.0,16.0,19.0,16.0,16.0,12.0,21.0,10.0,1.0,0.0,956.0245638767476,0.0,847.9599818671094,0.0,0.0,0.0,0.0,0.0,0.0,0.0,0.0,82.84725857820019,82.84725857820019,0.255,0.5389932403752783,0.27021103051474468,82.84725857820019,0.2656985864579156,0.0,0.00125 
 02/18  16:10:00,9.270000000000002,75.83333333333333,3.19,43.666666666666667,167.33333333333338,0.0,0.0,0.0,2.0,0.0,0.0,0.0,0.0,0.0,4.0,321.0,0.0,714.9296227296695,19.28226359163616,49.410214420428427,21.43686132689929,570.5781970551525,0.0,19.28226359163615,26.360316209837248,0.0,0.0,21.240503772501797,-1300.5872660642122,21.015051083970666,202.98713443765579,21.17983041938848,-1123.4031972176477,20.18457318752541,431.5096760198667,15.423844757209256,49.93482211501673,19.059396396160048,-46.777154287919838,17.753430887066693,157.55424824358125,16.0518851878364,47.37387510959062,16.87045269472891,18.562147249063857,782.7688773643653,514.4021420240481,0.0,0.0,0.0,0.0,0.0,0.0,0.0,0.0,0.0,0.0,0.0,0.0,0.0,0.0,0.0,0.0,0.0,0.0,0.0,0.0,0.0,0.0,1.128275490335706,0.3444064378314121,308.74504789622196,360.51483303116859,7720.150955063729,0.25455652570266909,0.038851728587098458,230.20018383221729,269.4728471079667,5408.943670031801,1.0503631809160097,0.19848132670370567,307.5854027719477,359.55128432055468,7547.6686851624149,0.291061485663881,0.05500028073769481,317.3497439274887,372.14486483464557,7212.0492100179,0.0,0.0,11.170868886477061,13.332945529454698,142.22287237502443,0.0,0.0,15.289562845756822,18.022622364551549,300.48877150998836,0.0,0.0,238.95982039972126,282.6163061917521,4289.954305164149,0.0,0.0,35.94030189542619,42.80680408303472,501.68697279325286,0.0,0.0,154.7083536275946,183.81122340415113,2378.2831086341509,31.652520876510836,21.7095479262763,540.8074788110383,635.5131023969157,12274.591668121418,0.0,0.0,183.50173138363616,218.07590234306253,2800.3020725960207,1802.4131680238425,21.893025421100004,35.532078732096419,22.0,30.0,0.0,21.13288443882186,37.275551821997478,16.0,30.0,0.0,21.67537211663143,36.64531415193673,21.0,30.0,0.0,20.73737929893213,38.578816268550379,16.0,30.0,0.0,15.57045561203445,53.52039153141129,12.0,30.0,0.0,19.126716093911264,44.12454517022159,19.0,30.0,0.0,18.245777087297335,44.89911727623296,10.0,30.0,0.0,16.19535441368613,51.32502864353924,16.0,30.0,0.0,16.918067673379718,48.97956516059655,16.0,30.0,0.0,20.079590505504294,0.0,0.0,0.0,16.846819146832695,0.0,0.0,476.43899521924706,478.7092842167052,511.19983553232739,498.274740929382,491.73055422024796,584.5628547481481,485.2968498758372,489.66340971053088,488.82487287435858,9770.125119783926,81.54471723999493,83.7942728214492,1744.0,0.0,1744.0,1744.0,16.0,16.0,19.0,16.0,16.0,12.0,21.0,10.0,1.0,0.0,1802.4131680238425,0.0,0.0,0.0,0.0,0.0,0.0,0.0,3404.539244868611,2042723.5469211669,2656228.8913158776,81.54471723999493,83.8324777432343,0.34015130816228708,0.7671597148440508,0.36028137401965956,83.8324777432343,0.3542647819438875,2656228.8913158776,0.17532923568175899 
 02/18  16:20:00,9.15,76.66666666666667,3.06,37.83333333333333,181.16666666666667,0.0,0.0,0.0,2.0,0.0,0.0,0.0,0.0,0.0,4.0,107.0,0.0,726.8018229792001,16.91000228619244,43.331372366884327,21.79283481938288,580.0531793113225,0.0,16.910002286192435,23.117255152888409,0.0,0.0,21.365723082740904,-1374.338030888408,21.215736360297855,223.65096991386054,21.159340641942245,-894.0512939571054,20.279496277588565,324.7029130372139,15.46909482964557,51.46470162728053,19.15723123430881,-51.64750841742887,17.815668191196687,176.65567941871996,16.04753073915183,49.21385835600745,16.864846173364727,23.041568963559258,817.9094756677114,542.0134052907797,0.0,0.0,0.0,0.0,0.0,0.0,0.0,0.0,0.0,0.0,0.0,0.0,0.0,0.0,0.0,0.0,0.0,0.0,0.0,0.0,0.0,0.0,1.0849098115595815,0.3311690511476134,345.07018934419906,401.61576651135598,8798.343164121472,0.25750097473817648,0.039301125570539757,260.1773369148626,303.45358686915719,6319.123235428053,1.1522107478035635,0.21772689867792215,284.6828575238141,331.67011411674238,7075.090403829971,0.2972719560353428,0.05617383900894609,298.78711182199518,349.0911267382506,6939.567564868463,0.0,0.0,11.520480146941097,13.705750504512947,150.8032406733431,0.0,0.0,16.042100969603088,18.83501914322496,322.7153316177579,0.0,0.0,247.52020368252108,291.73629521836167,4552.7931686171909,0.0,0.0,36.9453750421586,43.86831115469061,524.5588719238746,0.0,0.0,160.05511216789157,189.5755108246042,2498.091738789369,31.608343120324233,21.679247681978219,551.9633985415251,646.3176768549457,12850.038991406498,0.0,0.0,189.84769306229178,224.88558459228873,2957.983501897966,1659.3983242475563,22.045428593973843,35.4285721758492,22.0,30.0,0.0,21.4346083908211,36.59916833743272,16.0,30.0,0.0,21.692614564167824,36.87934529026985,21.0,30.0,0.0,20.8746444163039,38.54313584666306,16.0,30.0,0.0,15.626933148315893,53.15167353177759,12.0,30.0,0.0,19.23906367382019,45.64930381886618,19.0,30.0,0.0,18.34587729337815,44.545962288952789,10.0,30.0,0.0,16.190872401331068,51.19655798104547,16.0,30.0,0.0,16.911289159191708,48.88120378464622,16.0,30.0,0.0,20.263483285455334,0.0,0.0,0.0,16.8839011082559,0.0,0.0,490.57529413334017,480.1811345425175,529.0895108114602,513.471971439243,488.23005722216387,704.388772284559,483.6179245150194,487.2243406335269,486.74544627107539,8431.935089665414,82.42961206078505,82.42961206078505,1744.0,0.0,1744.0,1744.0,16.0,16.0,19.0,16.0,16.0,12.0,21.0,10.0,1.0,0.0,1659.3983242475563,0.0,0.0,0.0,0.0,0.0,0.0,0.0,0.0,0.0,0.0,82.42961206078505,82.42961206078505,0.34,0.7725802662019978,0.36028137401965956,82.42961206078505,0.3542647819438875,0.0,0.03720533333333333 
 02/18  16:30:00,9.030000000000002,77.5,2.9299999999999999,32.0,195.0,0.0,0.0,0.0,2.0,0.0,0.0,0.0,0.0,0.0,4.0,428.0,0.0,737.4150908845544,14.455930760959417,37.04289102056155,22.111059126267834,588.523413329217,0.0,14.45593076095941,19.7623533230659,0.0,0.0,20.75642614270077,-247.58740624330518,21.187720507388695,-190.2200189952232,21.19224385339027,-942.6010946447073,20.314127957935108,354.30968630328428,15.496398477708106,44.89655444025638,19.225191638171986,-44.88978167781731,17.749051344456548,70.53627688043412,16.04570095202788,49.414688417905498,16.865065492755734,27.089184028832507,761.0543195702398,530.6873971648772,0.0,0.0,0.0,0.0,0.0,0.0,0.0,0.0,0.0,0.0,0.0,0.0,0.0,0.0,0.0,0.0,0.0,0.0,0.0,0.0,0.0,0.0,1.2517658569932433,0.38210190994909756,205.84736607654254,241.31643299038616,4959.809047665726,0.23495834176998693,0.03586055277319703,162.9057999741908,190.85137605381426,3953.8921583202429,1.0144737882280326,0.19169950646788229,289.22891279931357,338.1862496100738,7252.966628544753,0.2696213794598888,0.050948862331800588,294.03084431315809,344.73059987712687,6923.394275616076,0.0,0.0,10.342773214635912,12.349902889522621,138.2034905246664,0.0,0.0,13.419587005099457,15.817049378803015,274.4605417271408,0.0,0.0,235.89668855071478,279.21164906163485,4323.875242082792,0.0,0.0,35.45947680280801,42.25962896054425,511.75643082079008,0.0,0.0,157.045308039758,186.69807440837355,2488.8531735971735,31.289979535906079,21.46089131406453,419.09345523822426,492.90053248679507,9877.286448943163,0.0,0.0,185.91143442982659,221.0557479429745,2931.2984733188829,107.37235934871701,21.125111306889737,37.57030235066615,21.0,30.0,0.0,21.275588734016,37.31451882195758,16.0,30.0,0.0,21.699410103806945,37.012053773734809,21.0,30.0,0.0,20.926150153190805,38.686449589072029,16.0,30.0,0.0,15.646365734095327,53.04080154923047,12.0,30.0,0.0,19.297895819642613,46.12439649569923,19.0,30.0,0.0,18.188757355619854,45.05866428117522,10.0,30.0,0.0,16.190946881111687,51.171940209415527,16.0,30.0,0.0,16.9153542558314,48.85355494837387,16.0,30.0,0.0,20.07879834488998,0.0,0.0,0.0,16.857916231015446,0.0,0.0,495.4959880593535,501.7643034896807,537.7569498968408,530.4678869252999,487.8264660500008,745.8615140310972,488.8256018660804,487.9709674245214,488.2979681303997,2067.208919007996,82.5923513612319,82.5923513612319,1744.0,0.0,1744.0,1744.0,16.0,16.0,19.0,16.0,16.0,12.0,21.0,10.0,1.0,0.0,107.37235934871701,0.0,0.0,0.0,0.0,0.0,0.0,0.0,0.0,0.0,0.0,82.5923513612319,82.5923513612319,0.085,0.15424502519760248,0.09007034350491489,82.5923513612319,0.08856619548597188,0.0,0.03720533333333333 
 02/18  16:40:00,8.91,78.33333333333333,2.8,26.833333333333337,162.5,0.0,0.0,0.0,2.0,0.0,0.0,0.0,0.0,0.0,4.0,432.0,0.0,629.4110028021308,11.905176004193864,30.506635821552544,18.872600289275398,502.3264057103667,0.0,11.905176004193859,16.275278185723008,0.0,0.0,21.155922319564426,-1087.898583748664,21.133980579632124,247.54720833010425,21.196188181697865,-917.8179997114726,20.320388078337055,294.6064439191132,15.517066236604702,47.14851651372456,19.251310616323449,-57.486451250336447,17.74306404822057,205.9329270023536,16.034880836955855,41.165860531212789,16.84830654257465,-2.8681856094628985,796.1655387975766,516.2951622081926,0.0,0.0,0.0,0.0,0.0,0.0,0.0,0.0,0.0,0.0,0.0,0.0,0.0,0.0,0.0,0.0,0.0,0.0,0.0,0.0,0.0,0.0,1.153170546144102,0.35200566121614837,310.8487588343004,363.6009172619315,7810.555543060694,0.26297482024316989,0.04013657207618588,229.72514688420535,269.01022012746469,5616.673311855739,1.1892741585122422,0.22473056661229075,270.5357010930025,316.32928745638358,6839.12171148415,0.2833321656923321,0.05353971384964702,281.6464959697064,330.1642238102848,6696.56554806763,0.0,0.0,11.366838915357615,13.570137365462845,155.07463017487314,0.0,0.0,15.939276902969646,18.776594898319638,331.6213497480161,0.0,0.0,238.6578379377787,282.39691403842809,4444.180964940426,0.0,0.0,35.99211805990246,42.89148222400509,526.8966599631518,0.0,0.0,153.33407273494087,182.2690435147924,2457.951842861092,31.239983524361315,21.42660049681847,505.26799456407425,593.7335188347644,12038.838937206789,0.0,0.0,182.13505131884174,216.58823949428976,2884.158464385555,1364.702114466804,21.649509605098623,36.91304660871206,21.75,30.0,0.0,21.265200427899715,37.73078456916392,16.0,30.0,0.0,21.66865279559407,37.58477969171587,21.0,30.0,0.0,20.92008629841542,39.19104294844726,19.0,30.0,0.0,15.665478297035797,53.002008956480619,12.0,30.0,0.0,19.354561008228303,46.64854632472253,19.0,30.0,0.0,18.219599127912536,45.25249657643647,10.0,30.0,0.0,16.173314158092045,51.351150595448867,16.0,30.0,0.0,16.88517909805386,49.12381745215889,16.0,30.0,0.0,20.220467201263206,0.0,0.0,0.0,16.76990352806421,0.0,0.0,528.2627811836818,525.6180496025273,569.142499159726,559.7159681700309,491.6459148215357,789.9770102167202,505.5770178344526,496.6557907245871,499.8073150208498,7224.606536366417,81.94188197080388,83.65711029433015,1744.0,0.0,1744.0,1744.0,16.0,19.0,19.0,16.0,16.0,12.0,21.0,10.0,1.0,0.0,1364.702114466804,0.0,0.0,0.0,0.0,0.0,0.0,0.0,2595.8313755006395,1557498.8253003837,2017496.7608537574,81.94188197080388,83.6862405654309,0.256527712516688,0.5740874052678631,0.27021103051474468,83.6862405654309,0.2656985864579156,2017496.7608537574,0.1421151648977287 
 02/18  16:50:00,8.790000000000001,79.16666666666667,2.67,21.666666666666669,130.00000000000004,0.0,0.0,0.0,2.0,0.0,0.0,0.0,0.0,0.0,4.0,218.0,0.0,486.2015757865622,9.423960291965527,24.148580957846784,14.57852942775552,388.03242420691427,0.0,9.423960291965523,12.883268194348047,0.0,0.0,20.920689135958179,-435.364454915466,21.05766164666494,-163.64327149009979,21.251954616350078,-932.8287956771701,20.335440471460893,342.5755192466959,15.529013356931764,41.67474262602104,19.235127085564288,-41.64022457537908,17.691531257564969,55.710729326712229,16.02559269473257,43.103701192524457,16.8338984672363,9.209653138011618,767.8070722054945,547.8758091165119,0.0,0.0,0.0,0.0,0.0,0.0,0.0,0.0,0.0,0.0,0.0,0.0,0.0,0.0,0.0,0.0,0.0,0.0,0.0,0.0,0.0,0.0,1.3501961463471806,0.41214778582026276,266.1695565400783,311.17682539292289,6648.3974514653659,0.2400778187141454,0.03664191372316017,212.98969514874023,249.14490736567559,5196.960268106676,0.9670613698844299,0.18274024374233378,288.623570530306,336.96738900029745,7395.931135266897,0.2631163004517806,0.04971963349428958,290.35653880703605,339.92509409847198,6988.842504188886,0.0,0.0,9.972498112742395,11.893954018305184,138.6443011727105,0.0,0.0,12.88499765306969,15.16280518581612,271.8093884122124,0.0,0.0,232.9683159067796,275.5078137102152,4332.172900109359,0.0,0.0,34.94212545669589,41.5971363251299,519.2373643783917,0.0,0.0,157.48753723417517,187.01169524230117,2557.6754587587,30.898614171357495,21.192465138105285,481.76276689923477,565.6008297015094,11515.364256983456,0.0,0.0,186.07689158804107,221.0256205751981,2994.9456029158247,812.4452202013988,21.341988457742219,37.706026970481399,21.5,30.0,0.0,21.146561209860559,38.19214810961688,16.0,30.0,0.0,21.737009003837046,37.49845939612686,21.0,30.0,0.0,20.94767182633297,39.26782067238222,19.0,30.0,0.0,15.673313161876962,53.10626949372263,12.0,30.0,0.0,19.380929311980294,47.21490321076702,19.0,30.0,0.0,18.076510005177025,45.76065530074683,10.0,30.0,0.0,16.16130790864839,51.55977406393626,16.0,30.0,0.0,16.867869258199517,49.32612817540287,16.0,30.0,0.0,20.126693503290338,0.0,0.0,0.0,16.77969737784858,0.0,0.0,532.6652600558435,536.590820565209,573.4216296720059,568.2457153093837,499.74984917631385,830.2471540955014,510.9942639471452,505.93886421591608,507.81412394814608,6398.212088730428,83.77374550207959,83.7737455020796,1744.0,0.0,1744.0,1744.0,16.0,19.0,19.0,16.0,16.0,12.0,21.0,10.0,1.0,0.0,812.4452202013988,0.0,0.0,0.0,0.0,0.0,0.0,0.0,0.0,0.0,0.0,83.77374550207959,83.77374550207959,0.34,0.7704496981785174,0.36028137401965956,83.77374550207959,0.3542647819438875,0.0,0.03730222222222222 
 02/18  17:00:00,8.67,80.0,2.54,16.5,97.5,0.0,0.0,0.0,2.0,0.0,0.0,0.0,0.0,0.0,4.0,218.0,0.0,351.11448929530169,7.0209762259825789,17.99100109596357,10.528004252760426,280.2208098152812,0.0,7.020976225982575,9.598206794503545,0.0,0.0,20.683956483045607,-338.8038270297707,20.917117031004258,58.592964118223338,21.294867694438055,-903.1127089927204,20.358666880278354,333.9872829447859,15.532754117056552,44.091038179977378,19.187501685429149,-50.292835390952919,17.657399915854847,130.01490084246735,16.012978100455816,39.42582083827858,16.812887681116608,-3.2998872259590827,777.6693451422016,582.370250026845,0.0,0.0,0.0,0.0,0.0,0.0,0.0,0.0,0.0,0.0,0.0,0.0,0.0,0.0,0.0,0.0,0.0,0.0,0.0,0.0,0.0,0.0,1.299254239877167,0.3965977533202586,227.20297673091523,266.1717973067116,5579.056023934978,0.2577379010565637,0.039337286486044519,170.52907905618333,199.72873888888348,4184.382249978947,1.184537830683845,0.22383556891229129,285.0749768298125,332.753144527412,7405.808914440408,0.27317945553074565,0.05162121230739711,290.32126076304157,339.83835232628987,7075.1669752756829,0.0,0.0,10.543467748226572,12.574163255119148,149.07561613178326,0.0,0.0,14.120235659920958,16.613726910405299,300.92487271220747,0.0,0.0,242.02394265992894,286.26203020825695,4543.125369424535,0.0,0.0,35.72994713223068,42.539643664747448,538.2293349491175,0.0,0.0,162.0816382924055,192.5088827580189,2660.6457045682529,30.840578191053877,21.152659938994434,436.70861537059889,512.8712805086008,10643.821768535541,0.0,0.0,191.37988017318623,227.36249960018217,3118.9142304877275,306.0780679617237,21.043263335489159,38.578038345557,21.0,30.0,0.0,21.037986757603414,38.67572907763463,16.0,30.0,0.0,21.78650307440708,37.584619243484329,21.0,30.0,0.0,20.979941819253278,39.41530905109016,19.0,30.0,0.0,15.670579441505293,53.284164929370238,12.0,30.0,0.0,19.366652504126607,47.74643117009862,19.0,30.0,0.0,18.043528315537324,46.1231725207176,10.0,30.0,0.0,16.142259482289999,51.86703265549259,16.0,30.0,0.0,16.834470443267976,49.69488353378259,16.0,30.0,0.0,20.13629622701207,0.0,0.0,0.0,16.755920049985016,0.0,0.0,544.638664702639,550.6171019796541,585.3706170780083,580.831367998189,508.73932271669596,860.401673876665,525.6029582378708,518.3809048032789,521.7319871949371,5323.2169922936059,84.48435525755584,84.48435525755585,1744.0,0.0,1744.0,1744.0,16.0,19.0,19.0,16.0,16.0,12.0,21.0,10.0,1.0,0.0,306.0780679617237,0.0,0.0,0.0,0.0,0.0,0.0,0.0,0.0,0.0,0.0,84.48435525755584,84.48435525755584,0.34,0.7688554410563933,0.36028137401965956,84.48435525755584,0.3542647819438875,0.0,0.03739911111111111 
 02/18  17:10:00,8.398333333333334,80.83333333333334,2.5083333333333335,11.33333333333333,64.99999999999999,0.0,4.0,0.0,0.0,0.0,0.0,0.0,0.0,0.0,0.0,436.0,0.0,225.88857734451998,4.718889660408937,12.09197653393361,6.77316283390706,180.2793071906142,0.0,4.7188896604089349,6.451079927237739,0.0,0.0,20.83357748107347,-778.8676923508067,20.831748007328487,143.07170555091947,20.877770136338336,-300.807627872854,20.378792944729015,-74.06451671495239,15.53306692841954,42.77980530275896,18.975326562138,-152.41559268365905,17.720528131817149,190.260177080861,16.003217242059145,37.319730895953117,16.799519947121458,-11.408270309052114,644.6370079703717,578.9062631611871,0.0,0.0,0.0,0.0,0.0,0.0,0.0,0.0,0.0,0.0,0.0,0.0,0.0,0.0,0.0,0.0,0.0,0.0,0.0,0.0,0.0,0.0,1.268608911058066,0.387243257343732,305.76493359343837,358.06388430952895,7921.395074632728,0.2661811744710277,0.04062594237958299,125.09761386797358,146.64957482288333,3135.6029500251959,1.3950142263631183,0.26360813045410416,150.90326553925977,176.91054537100824,3872.8398603235057,0.2582716515344954,0.04880416695663177,17.580274397775143,20.620734812122565,441.9850742287618,0.0,0.0,10.609559124212455,12.667914666853062,155.63135787310535,0.0,0.0,69.7025605883926,82.23187949941641,1488.7540523701578,0.0,0.0,294.6329997606681,348.6739906346362,5764.030806259365,0.0,0.0,35.78163910281913,42.64624887556964,557.7294989339971,0.0,0.0,157.9322895228433,187.77317267862294,2674.0289908821807,30.900642340884518,21.19385620088102,244.86218462870105,288.5293716691547,6175.074695795034,0.0,0.0,187.1218088394259,222.61260198619164,3105.1184796509148,1011.0983130594038,21.415257925860997,37.896447866917899,21.5,30.0,0.0,21.003325403435079,38.92087778277812,16.0,30.0,21.50666163438526,21.227160769694608,38.45210927168864,21.0,30.0,0.0,20.915226828524927,42.51628091917524,19.0,30.0,0.0,15.662927797547884,53.62628516136422,12.0,30.0,0.0,19.10275489326395,45.154861464509469,16.0,30.0,0.0,18.17722135968993,46.62031659790069,10.0,30.0,0.0,16.13153857568049,52.29983951167025,16.0,30.0,0.0,16.820717064237184,50.26699508490305,16.0,30.0,0.0,19.341290814002926,0.0,0.0,0.0,16.63127566532592,0.0,0.0,556.8268088072956,560.7454192097432,562.7451914264055,750.5274125669763,524.3995501567865,649.3394682900625,576.7293998139822,538.0486282454649,549.0597038809907,6673.615926580217,81.93079593338347,81.93079593338347,162.0,0.0,162.0,162.0,16.0,19.0,16.0,16.0,16.0,12.0,21.0,10.0,1.0,0.0,1011.0983130594038,0.0,21.50666163438526,0.0,0.0,0.0,0.0,0.0,0.0,0.0,0.0,81.93079593338347,81.93079593338347,0.255,0.5397439307549692,0.27021103051474468,81.93079593338347,0.2656985864579156,0.0,0.003483 
 02/18  17:20:00,8.126666666666667,81.66666666666667,2.476666666666667,0.0,0.0,0.0,4.0,0.0,0.0,0.0,0.0,0.0,0.0,0.0,0.0,440.0,0.0,0.0,0.0,0.0,0.0,0.0,0.0,0.0,0.0,0.0,0.0,20.976488943660294,-1054.9691426261225,20.792799836922045,353.842288534275,21.190226082469715,-717.4639491515236,20.32520674595819,-63.850504880305809,15.522607066856754,43.838164225098768,18.69364867875836,-81.86042445837455,17.77316000734121,187.32337869945969,15.985492134319099,33.420015317962228,16.770133317546834,-21.552443768248396,834.4891094487311,625.9793879437989,0.0,0.0,0.0,0.0,0.0,0.0,0.0,0.0,0.0,0.0,0.0,0.0,0.0,0.0,0.0,0.0,0.0,0.0,0.0,0.0,0.0,0.0,1.334351050214737,0.40731106538911396,384.3877023355581,449.72498929531778,10204.329038564996,0.31589940177759087,0.04821419441049921,279.81418727927749,327.90392792126439,7203.7347193345399,1.273945842422049,0.24073050688247339,162.809872135187,190.396973114682,4431.823325574648,0.2920532501931534,0.0551876890009738,23.501912881400246,27.542997677552397,597.6062923941985,0.0,0.0,10.564391290772914,12.613074249246767,160.41045725166127,0.0,0.0,54.60461486933854,64.48211732001606,1165.8697590468929,0.0,0.0,287.50343066908627,340.1662182124726,5821.512709572911,0.0,0.0,36.23143631678328,43.18474418894582,582.913332142078,0.0,0.0,161.86925096662965,192.48100421893407,2816.4291102886375,31.582628352285459,21.66161066686246,325.4402476411085,383.0566742740338,8232.427017148406,0.0,0.0,191.59215988548554,227.97934396017295,3266.5286153480485,1274.4162626422845,21.589923210679708,37.275686656483049,21.75,30.0,0.0,21.133565530461476,38.24974714237171,16.0,30.0,1265.5215690176597,21.76796742569364,36.962059624843949,21.5,30.0,0.0,20.817930491272084,45.446182697463658,19.0,30.0,0.0,15.646318739332277,54.04466008836671,12.0,30.0,0.0,18.824657123372046,44.76833386454406,16.0,30.0,0.0,18.252027077121629,46.08824772731356,10.0,30.0,0.0,16.108316182892016,52.87551240738594,16.0,30.0,0.0,16.780571110678524,50.71724779118406,16.0,30.0,0.0,19.713131565220367,0.0,0.0,0.0,16.586091532611307,0.0,0.0,553.2111172789275,548.4936671898552,558.4819991714603,909.7083091091191,542.6233327325966,578.2885417023651,562.2045573856811,563.4145628623029,566.9357284094781,9320.034830682604,81.84234241494977,83.57667414920998,162.0,0.0,162.0,162.0,16.0,19.0,16.0,16.0,16.0,12.0,21.0,10.0,1.0,0.0,1274.4162626422845,0.0,1265.5215690176597,0.0,0.0,0.0,0.0,0.0,2624.7134014744917,1574828.040884695,2041033.521197031,81.84234241494977,83.60612885964395,0.3424904467158164,0.7694611698612788,0.36028137401965956,83.60612885964395,0.3542647819438875,2041033.521197031,0.10964374310224563 
 02/18  17:30:00,7.855,82.5,2.4450000000000005,0.0,0.0,0.0,4.0,0.0,0.0,0.0,0.0,0.0,0.0,0.0,0.0,220.0,0.0,0.0,0.0,0.0,0.0,0.0,0.0,0.0,0.0,0.0,0.0,21.163490528149486,-1485.2443867996336,20.789980647695417,296.53251303761956,20.74939527967324,9.261581648967422,20.287417958034255,-79.90472845305502,15.522607006978579,44.964860830285889,18.504702562971276,-51.031560236084718,17.808430259881129,167.63788005780408,15.97012194587639,34.77415942689947,16.747067048492537,-15.832075131756483,808.8423252188395,677.6365977661435,0.0,0.0,0.0,0.0,0.0,0.0,0.0,0.0,0.0,0.0,0.0,0.0,0.0,0.0,0.0,0.0,0.0,0.0,0.0,0.0,0.0,0.0,1.2948973452412718,0.39526780990270818,466.645541711138,545.0854589826545,12540.317836205071,0.2851753989702023,0.04352493879276592,251.31329794781005,293.9513698384591,6638.18724166603,1.9762584537500195,0.3734426405423319,224.48007844026879,262.5428264803846,5926.635634290167,0.27266922758208858,0.05152479735111271,16.70473854302429,19.561557848073485,433.1608093971474,0.0,0.0,10.647330656386928,12.696394981020822,167.3023121042708,0.0,0.0,49.97718801227446,58.99914414723885,1072.9844420013893,0.0,0.0,287.8311463498802,340.11114193761559,6007.780025846856,0.0,0.0,37.24727765091805,44.34515805381976,618.3615074396034,0.0,0.0,164.8612182936098,195.84120866394972,2949.897983518791,31.659844861722058,21.71457123574902,405.5527714039671,475.91577151929638,10552.707732470077,0.0,0.0,195.66662107636484,232.6229504934355,3416.9369970059735,1833.9659096088383,21.645778951046027,37.20881536522644,22.0,30.0,0.0,21.19515831115933,38.25562298749378,16.0,30.0,0.0,21.05026815928209,38.704010250410508,21.0,30.0,0.0,20.736649845865835,47.49481692656799,19.0,30.0,0.0,15.635306723686462,54.255878314148649,12.0,30.0,0.0,18.601267330399609,45.15769984034823,16.0,30.0,0.0,18.292331929225754,45.988996367466288,10.0,30.0,0.0,16.089479183136974,52.910346551308439,16.0,30.0,0.0,16.75218793492641,50.712095751767879,16.0,30.0,0.0,19.891300957651965,0.0,0.0,0.0,16.51748598041686,0.0,0.0,558.9210204719003,557.8102465129514,564.8014360246126,1021.7846607387529,552.3916380856024,565.516596912415,563.4144672549403,563.7138549224594,563.5490570653667,8430.372802488331,82.43064321914975,82.43064321914975,162.0,0.0,162.0,162.0,16.0,19.0,16.0,16.0,16.0,12.0,21.0,10.0,1.0,0.0,1833.9659096088383,0.0,0.0,0.0,0.0,0.0,0.0,0.0,0.0,0.0,0.0,82.43064321914975,82.43064321914975,0.34,0.7713534109349514,0.36028137401965956,82.43064321914975,0.3542647819438875,0.0,0.003537 
 02/18  17:40:00,7.583333333333334,83.33333333333334,2.4133333333333337,0.0,0.0,0.0,4.0,0.0,0.0,0.0,0.0,0.0,0.0,0.0,0.0,440.0,0.0,0.0,0.0,0.0,0.0,0.0,0.0,0.0,0.0,0.0,0.0,21.20204692686891,-875.5204495293219,20.756170664675957,132.8759193913583,21.141255220706705,-624.2290652200618,20.26552925156399,-67.29825284907021,15.527405801436256,42.595241659041509,18.37689852821034,-34.919537202440498,17.77281292490493,93.39045400829082,15.953426495351266,27.636242476284339,16.72049584065633,-38.431471847609149,753.0570400985578,715.4031493782889,0.0,0.0,0.0,0.0,0.0,0.0,0.0,0.0,0.0,0.0,0.0,0.0,0.0,0.0,0.0,0.0,0.0,0.0,0.0,0.0,0.0,0.0,1.374519849182304,0.41957260353550188,330.7510561534848,386.88879132560177,9212.986833259729,0.2919555495361663,0.04455976030771769,187.79973539090543,219.83509159618076,5039.325516256778,1.692768546652016,0.319873119170827,167.1016353906109,195.4122516083088,4716.79528444221,0.2679666892118711,0.05063618465832786,16.360953432397545,19.14826896933419,431.6134314104219,0.0,0.0,10.35985000643888,12.369506463222657,168.3519151726724,0.0,0.0,40.694985950744257,48.11593051634032,885.3535927721734,0.0,0.0,277.36148603883876,328.2696552993565,5886.892407428662,0.0,0.0,36.4415921546108,43.448145428784219,623.2515665341338,0.0,0.0,166.09691300580097,197.5903307305698,3050.1736054623768,31.917811407322973,21.89150302285527,265.958626597445,313.19579195326329,7137.555927066699,0.0,0.0,196.5029621621804,234.00825192025639,3497.481403646505,1366.9239122801642,21.670360640899945,37.10172579957215,22.0,30.0,0.0,21.133831561044518,38.42172100206839,21.0,30.0,1178.4444637648356,21.758329449979756,36.91662131323138,21.5,30.0,0.0,20.691372349279385,49.30584016342648,19.0,30.0,0.0,15.63155040194642,54.331322729066929,12.0,30.0,0.0,18.472182164128438,45.477735750705608,16.0,30.0,0.0,18.194681771996906,46.19344585508475,10.0,30.0,0.0,16.067587556139274,52.94326991748301,16.0,30.0,0.0,16.715133492424358,50.78868524815916,16.0,30.0,0.0,19.565110793965404,0.0,0.0,0.0,16.410274393845456,0.0,0.0,561.5215021244296,563.0365000079189,563.6353553833887,1123.7066332521502,556.4857645468277,563.8439226594823,562.0488429630505,563.0597619381117,562.8982076187008,10055.256740232053,81.35615760274841,84.7714477779,162.0,0.0,162.0,162.0,21.0,19.0,16.0,16.0,16.0,12.0,21.0,10.0,1.0,0.0,1366.9239122801642,0.0,1178.4444637648356,0.0,0.0,0.0,0.0,0.0,5168.7323077986,3101239.38467916,4053909.5507387167,81.35615760274841,84.82945074305934,0.34229107692662005,0.7657326992120263,0.36028137401965956,84.82945074305934,0.3542647819438875,4053909.5507387167,0.21436729663841326 
 02/18  17:50:00,7.3116666666666669,84.16666666666667,2.381666666666667,0.0,0.0,0.0,4.0,0.0,0.0,0.0,0.0,0.0,0.0,0.0,0.0,220.0,0.0,0.0,0.0,0.0,0.0,0.0,0.0,0.0,0.0,0.0,0.0,21.2969873019875,-1679.7242705188956,20.714456947577756,343.87177988033457,20.722907336267128,6.05130928864628,20.248986171480646,-81.83195641554676,15.534763769725498,43.85303074739605,18.252548505757905,-25.308959152118179,17.79739359744522,167.9892883114535,15.92852641273142,23.60825444318425,16.68034471475617,-47.28201998380973,856.3420542012582,752.4721511872372,0.0,0.0,0.0,0.0,0.0,0.0,0.0,0.0,0.0,0.0,0.0,0.0,0.0,0.0,0.0,0.0,0.0,0.0,0.0,0.0,0.0,0.0,1.3691681000547043,0.41793898048067898,476.71317641127259,556.775610740377,13386.632848891877,0.3028906638810564,0.04622873380358004,264.4856753714182,309.4100938049947,7258.7682095215909,2.193783652063473,0.41454717537102678,206.93830833005445,241.96481678312399,5717.421147197645,0.2779473952827233,0.05252218353792955,15.668748308179105,18.345395170681429,421.640989990651,0.0,0.0,10.81783598581612,12.900692349354907,181.76757890177286,0.0,0.0,38.13246280707593,45.0617774770286,840.2681951843724,0.0,0.0,278.72013903244319,329.4207815533156,6096.266740288222,0.0,0.0,37.22035843689142,44.32579038705822,654.4246624477676,0.0,0.0,166.23944595561799,197.5572220156521,3125.1837476739549,32.236362423416569,22.10998794473016,412.9644403999485,484.69157275374627,11207.426604424149,0.0,0.0,197.23141834009,234.6872517441298,3571.046370622622,1808.4470902490503,21.698142823216445,37.151437697882389,22.0,30.0,0.0,21.170288015783979,38.31131985485786,21.0,30.0,0.0,21.09957074752022,38.547633222615008,21.0,30.0,0.0,20.65863314227746,49.66834881152978,19.0,30.0,0.0,15.632190176950859,54.352058997813617,12.0,30.0,0.0,18.331535396585499,45.82859698923343,16.0,30.0,0.0,18.247167141662417,46.02543929597413,10.0,30.0,0.0,16.03171213240479,53.02173024043138,16.0,30.0,0.0,16.656814475128884,50.93956866097405,16.0,30.0,0.0,19.87045095542792,0.0,0.0,0.0,16.28645621996074,0.0,0.0,571.444927032526,565.8759229639328,572.5688535208492,1146.0202010261792,559.3320791019696,562.8296244341123,563.1318591499324,562.6323235218296,562.566831935376,9174.461106106108,81.93865100670496,81.93865100670496,162.0,0.0,162.0,162.0,21.0,19.0,16.0,16.0,16.0,12.0,21.0,10.0,1.0,0.0,1808.4470902490503,0.0,0.0,0.0,0.0,0.0,0.0,0.0,0.0,0.0,0.0,81.93865100670496,81.93865100670496,0.34,0.7711131036796445,0.36028137401965956,81.93865100670496,0.3542647819438875,0.0,0.0035730000000000008 
 02/18  18:00:00,7.04,85.0,2.35,0.0,0.0,0.0,4.0,0.0,0.0,0.0,0.0,0.0,0.0,0.0,0.0,550.0,0.0,0.0,0.0,0.0,0.0,0.0,0.0,0.0,0.0,0.0,0.0,21.287661120338848,-1084.4770418719896,20.705763385083495,181.15979615783949,21.086798946789103,-485.10054821759868,20.23585160871471,-71.88893190166944,15.543888286475277,41.42797349519314,18.159012847300404,-18.46456041423096,17.76439908540415,88.75260817701674,16.17935465189793,-4.884460434962192,16.63915593651607,-70.99393537086017,793.9244501799392,800.3405430928079,0.0,0.0,0.0,0.0,0.0,0.0,0.0,0.0,0.0,0.0,0.0,0.0,0.0,0.0,0.0,0.0,0.0,0.0,0.0,0.0,0.0,0.0,1.440648709729436,0.43975845840336877,351.96895269749356,411.7904140017196,10180.597137626948,0.308280227673789,0.047051316800028847,209.81608823637738,245.73472873558178,5856.779696414314,1.9308420316042246,0.36486055018976296,144.60677138440284,169.24453751335023,4244.24712963122,0.2803325615539906,0.052972895229401097,16.69744764411302,19.555284019951715,457.12724524333268,0.0,0.0,10.559917333134268,12.612134859716605,183.22921552099329,0.0,0.0,27.82322051560905,32.92977692139495,623.1546396140848,0.0,0.0,270.0252053800056,319.7195524593529,6008.060678419068,0.0,0.0,34.70339550370915,41.364949791018997,646.8649863182992,0.0,0.0,171.35687843341356,203.98998326975988,3294.8936683702024,32.49045317113077,22.28426143424608,283.4083924146274,333.76046847384137,7938.021901435642,0.0,0.0,201.09703975970343,239.73041546840967,3716.2075805028418,1462.4058488750753,21.678293640569629,37.14561839451647,22.0,30.0,0.0,21.137580477424334,38.414115949525839,21.0,30.0,1006.762386370709,21.71692483318357,37.03324050735632,21.400000000000003,30.0,0.0,20.63354615439604,50.59319871892022,19.0,30.0,0.0,15.634700459690399,54.339260186094708,12.000000000000002,30.0,0.0,18.241973133783568,46.06261859652561,16.0,30.0,0.0,18.163720215518795,46.23032571346715,10.0,30.0,449.7251528098376,16.334339145430819,51.990444746638747,16.400000000000003,30.0,0.0,16.59860818251777,51.08909094277221,16.0,30.0,0.0,19.611066751332986,0.0,0.0,0.0,16.199272364425757,0.0,0.0,576.5171747782354,574.0501861480939,576.0663853905409,1199.7326480808104,560.9514124837263,563.3631860331259,565.8589128178953,563.1439049973918,563.7259718646249,10215.953768783462,81.24979819270776,84.19267388564357,162.0,0.0,162.0,162.0,21.0,19.0,16.0,16.0,16.0,12.0,21.0,10.0,1.0,0.0,1462.4058488750753,0.0,1006.762386370709,0.0,0.0,0.0,449.7251528098376,0.0,4453.397529474084,2672038.5176844506,3471895.093987178,81.24979819270776,84.24265368458645,0.35244658431580286,0.768100539318686,0.36028137401965956,84.24265368458645,0.35426478194388757,3471895.093987178,0.18412054488733332 
 02/18  18:10:00,6.933333333333334,85.33333333333334,2.3983333333333336,0.0,0.0,0.0,0.0,0.0,0.0,0.0,0.0,4.0,0.0,0.0,0.0,550.0,0.0,0.0,0.0,0.0,0.0,0.0,0.0,0.0,0.0,0.0,0.0,21.321605538610848,-1632.2978608434267,20.706243931053139,-63.94822903884914,20.736417370096189,-5.565287674053968,20.166406245021343,186.51966501572972,15.554578581892415,41.55523681405477,18.070096619033728,-18.23998905086819,17.756912934051578,118.29585097141899,16.38700860843747,-30.88933077971269,16.584744044064764,-92.05262968181579,772.1898493747788,846.1193787301088,0.0,0.0,0.0,0.0,0.0,0.0,0.0,0.0,0.0,0.0,0.0,0.0,0.0,0.0,0.0,0.0,0.0,0.0,0.0,0.0,0.0,0.0,1.2525017569191142,0.3823265436261032,309.28745939890396,361.8037290394728,9024.910948489014,0.27000976499893267,0.04121028159324369,17.727639757295209,20.777105938291734,505.63868074573056,2.341857632170864,0.44252789723561317,266.3357063349952,312.1609993519463,7572.2853295246009,0.33908385140249167,0.06407480185232267,263.9142961415428,309.89429302523356,7148.470130252753,0.0,0.0,10.928195365328893,13.053950772371737,192.10601740266785,0.0,0.0,21.117546971198917,25.00253668184214,473.5490675395008,0.0,0.0,268.6909644987361,318.1407641808031,6032.506448757277,0.0,0.0,25.461456484941466,30.294906590220795,501.1753147427452,0.0,0.0,182.3554831135285,217.16286087153805,3516.2338045637995,32.52006841684135,22.304573674102444,293.6274059741349,346.3822280152264,8021.913099692749,0.0,0.0,205.06871583041093,244.5478634034598,3794.2361240276989,1890.6769968308948,21.692036223534985,38.721509630930828,22.0,30.0,0.0,21.145977558713026,41.011570064967489,21.0,30.0,0.0,21.183421596943377,39.126546261264767,21.0,30.0,0.0,20.590627791673759,40.98856458232815,16.0,30.0,0.0,15.640529263439282,54.42798799498759,12.000000000000002,30.0,0.0,18.144364768438839,46.51029761850664,16.0,30.0,0.0,18.15727358869944,46.94738131237278,10.0,30.0,0.0,16.72849515578901,50.799260576193457,16.0,30.0,0.0,16.51520280531955,51.681729548708869,16.0,30.0,0.0,19.303894190761488,0.0,0.0,0.0,16.100033234635477,0.0,0.0,687.2392936967975,729.4482764037069,637.2198726156286,657.3586999273807,569.937757747598,575.9879828432307,610.377533426485,573.8865341251263,586.8144643114105,9787.787593701936,81.5330302266543,84.28502104246465,240.0,0.0,240.0,240.0,21.0,16.0,16.0,16.0,16.0,12.0,21.0,10.0,1.0,0.0,1890.6769968308948,0.0,0.0,0.0,0.0,0.0,0.0,0.0,4164.859084584397,2498915.4507506384,3243757.8085876714,81.5330302266543,84.33175898249962,0.3428286361528133,0.7689721852057937,0.36028137401965956,84.33175898249962,0.35426478194388757,3243757.8085876714,0.1739954060465589 
 02/18  18:20:00,6.826666666666668,85.66666666666667,2.4466666666666669,0.0,0.0,0.0,0.0,0.0,0.0,0.0,0.0,4.0,0.0,0.0,0.0,110.0,0.0,0.0,0.0,0.0,0.0,0.0,0.0,0.0,0.0,0.0,0.0,21.272237450213205,-1690.3191938012824,20.70828419478984,-66.52217241902429,20.62118301902164,265.7985557063312,20.066770662849188,161.54095728349786,15.567973277618578,40.36418948060674,17.976767022754435,-10.878514019090858,17.752382178615315,128.57850683256766,16.140453598974408,-12.501484459734229,16.53943094318974,-65.78446788475321,784.1332322560065,877.7391569888596,0.0,0.0,0.0,0.0,0.0,0.0,0.0,0.0,0.0,0.0,0.0,0.0,0.0,0.0,0.0,0.0,0.0,0.0,0.0,0.0,0.0,0.0,1.2575140433435828,0.38385654558717427,344.97119262655016,402.2557821257248,10058.483360590888,0.2527491390258173,0.03857587591969129,14.701097704909606,17.135833652591886,423.77203743480569,2.5426284476843978,0.4804664489199544,258.1125999158559,301.4253921138208,7345.917376354714,0.3402790696084903,0.06430065563274569,231.6144094087075,271.08528896764428,6261.076279427501,0.0,0.0,10.713857586363293,12.747717321294968,190.99323951882978,0.0,0.0,21.69201347462804,25.598466936557768,486.74862532674117,0.0,0.0,268.76149867061846,317.01242603977257,6091.618510624828,0.0,0.0,28.366913158325685,33.67260126894708,542.4921317577821,0.0,0.0,178.24854402033629,211.48534503327054,3456.4379665210087,32.69105885765741,22.42185106835214,282.3703267222142,331.8152717288219,7790.817185329247,0.0,0.0,204.43197372283127,242.93894946845163,3790.389124687452,1802.7584729063424,21.5328148768206,37.907287439172609,22.0,30.0,0.0,21.14962414449481,45.39716266267414,21.0,30.0,0.0,21.07024484914165,39.28060640792,21.0,30.0,0.0,20.439692462314487,40.47694697114939,16.0,30.0,0.0,15.651144056821276,54.647598063880078,12.0,30.0,0.0,18.031604179421448,47.064698637403768,16.0,30.0,0.0,18.149369197208374,47.03627647938016,10.0,30.0,0.0,16.316716875499023,52.64403998914469,16.0,30.0,0.0,16.454072697267489,52.23719910005584,16.0,30.0,0.0,19.256677617606948,0.0,0.0,0.0,16.003544438166818,0.0,0.0,621.5949836994734,980.3283342895993,636.8877478394724,611.4081002802503,587.6205622371995,594.2609054796269,618.9470326358458,603.763087013421,607.8730571117117,10517.031735020417,81.05076659041095,87.88394986341275,240.0,0.0,240.0,240.0,21.0,16.0,16.0,16.0,16.0,12.0,21.0,10.0,1.0,0.0,1802.7584729063424,0.0,0.0,0.0,0.0,0.0,0.0,0.0,10341.400424715392,6204840.254829235,8141599.53056239,81.05076659041095,88.0,0.3447133474905131,0.7621156299247047,0.36028137401965956,88.0,0.3542647819438875,8141599.53056239,0.4286831755892443 
 02/18  18:30:00,6.720000000000001,86.0,2.495,0.0,0.0,0.0,0.0,0.0,0.0,0.0,0.0,4.0,0.0,0.0,0.0,220.0,0.0,0.0,0.0,0.0,0.0,0.0,0.0,0.0,0.0,0.0,0.0,21.34234769531798,-1631.0124495886267,20.69843613374453,-87.6344066920712,20.500545960203906,170.5500623919861,20.021395103808748,154.3491194178696,15.578342981730613,37.77187831512617,17.915844768867886,-9.1087747409631,17.709788581221404,103.67218235748715,16.05227644571442,-13.21222485536947,16.50492647954526,-89.2315307423969,777.6615935540776,908.9360573487875,0.0,0.0,0.0,0.0,0.0,0.0,0.0,0.0,0.0,0.0,0.0,0.0,0.0,0.0,0.0,0.0,0.0,0.0,0.0,0.0,0.0,0.0,1.2917332539341374,0.3943019700653655,328.42630224192649,383.6944665916126,9685.741615744435,0.21205658439526654,0.03236516855849612,15.316180491128418,17.90591449959873,442.69652464518119,2.571290016042417,0.48588246712819696,282.3922659953875,330.7635166726335,8002.156783950919,0.3501839511833124,0.06617232637628728,246.31723304157345,289.1449491231863,6691.899904477223,0.0,0.0,10.48059361419832,12.501033653078505,189.13259270341977,0.0,0.0,26.668734044201963,31.56873885323311,601.2411244407557,0.0,0.0,276.9494948388648,327.62856458805336,6288.5690996440739,0.0,0.0,32.375036476518577,38.5451572678334,617.3588283689178,0.0,0.0,179.50430593921366,213.5649112358174,3502.345660725414,32.85634151791342,22.535213661120325,299.9530558987529,353.41288711315897,8268.656120224967,0.0,0.0,208.02284832307434,247.90629757584817,3866.671056644831,1776.8058621097458,21.634020349211136,37.58547349962711,22.0,30.0,0.0,21.132765447787507,46.850553507501768,21.0,30.0,21.108292573413356,20.901852751369309,39.53023871294366,21.0,30.0,0.0,20.39649399128693,40.940191396952318,16.0,30.0,0.0,15.655761001020262,54.73514918039646,12.0,30.0,0.0,17.976850467264116,47.34853934058795,16.0,30.0,0.0,18.0636952808272,47.12649096530714,10.0,30.0,0.0,16.181477608487655,53.07637021897557,16.0,30.0,0.0,16.4081750159595,52.33005507824514,16.0,30.0,0.0,19.20370638456367,0.0,0.0,0.0,15.919515288368395,0.0,0.0,617.4265819450232,1062.5622786547954,628.7090181650525,635.6530843789833,595.0789954167983,603.966610841814,613.0696870204414,606.3382521359527,608.9742805543147,9431.143047820795,81.76890446066912,81.76890446066914,240.0,0.0,240.0,240.0,21.0,16.0,16.0,16.0,16.0,12.0,21.0,10.0,1.0,0.0,1776.8058621097458,0.0,21.108292573413356,0.0,0.0,0.0,0.0,0.0,0.0,0.0,0.0,81.76890446066912,81.76890446066912,0.34,0.7719719746529643,0.36028137401965956,81.76890446066912,0.3542647819438875,0.0,0.00532 
 02/18  18:40:00,6.613333333333333,86.33333333333334,2.5433333333333336,0.0,0.0,0.0,0.0,0.0,0.0,0.0,0.0,4.0,0.0,0.0,0.0,990.0,0.0,0.0,0.0,0.0,0.0,0.0,0.0,0.0,0.0,0.0,0.0,21.17649591665417,-658.1307799022304,20.693255017291187,-72.0588112224426,20.81567443044603,-1184.6648201189219,20.124652768537623,477.3977059331903,15.589535361517847,38.33970344241217,18.76601985389718,-180.5189478455207,17.72183438854318,117.28680033515967,17.04222543536622,-45.94605813587271,16.455989373813993,-132.50418646583635,813.5242467833639,946.5113733728939,0.0,0.0,0.0,0.0,0.0,0.0,0.0,0.0,0.0,0.0,0.0,0.0,0.0,0.0,0.0,0.0,0.0,0.0,0.0,0.0,0.0,0.0,1.3631456172055803,0.41610061575262005,146.5618841957743,171.77717355480559,4350.057750979126,0.2243038222237169,0.03423440510129998,17.119800617111197,20.046383596250139,497.93976004044068,2.103960157945427,0.39757372599120036,305.6118347914766,358.03765817097476,9132.001290881497,0.35265284731080279,0.06663886003605506,313.8357311851422,368.8774530680089,8729.945095867835,0.0,0.0,10.763982119644537,12.864052907905928,196.67458363745787,0.0,0.0,60.47375628983313,71.28368641249357,1543.8375008732992,0.0,0.0,305.2615048472749,361.73757925029846,7015.817311526416,0.0,0.0,20.55126412326181,24.414063645491618,451.36966823153798,0.0,0.0,195.4438994266756,233.0074461626246,3827.5831951590519,33.26393953473884,22.814773343442334,317.7297824763553,375.1859987562911,8861.436738085593,0.0,0.0,207.52603856464149,247.86338505944736,3873.285265922989,663.2520168751798,21.553718128040033,37.918202861855878,21.44444444444449,30.000000000000065,0.0,21.12959088458223,47.94164768765875,21.000000000000044,30.000000000000065,1498.3090583997239,21.55952784416313,37.59422956983076,21.44444444444449,30.000000000000065,0.0,20.646110009291946,39.982750494568829,16.000000000000033,30.000000000000065,0.0,15.662940794148439,54.772062877758198,12.000000000000029,30.000000000000065,1691.2628415807977,19.246467836778366,43.78461483035848,20.000000000000044,30.000000000000065,0.0,18.097032220685784,46.99580171857354,10.000000000000022,30.000000000000065,1347.3087359121967,17.720314096113115,48.24583118546525,20.700000000000047,30.000000000000065,0.0,16.338839483883846,52.56832278259967,16.000000000000033,30.000000000000065,0.0,19.27362684753068,0.0,0.0,0.0,15.850505340157078,0.0,0.0,629.1047171543248,1127.8237313619177,615.1324489444724,624.2038804060032,601.4761386325026,610.7269946427175,615.8731272510258,611.7140956075579,613.8881840356719,10493.249155609681,81.06637453433214,85.18019908131285,240.0000000000005,0.0,240.0000000000005,240.0000000000005,21.0,16.0,19.0,16.0,19.7,12.0,21.0,10.0,1.0,0.0,663.2520168751798,0.0,1498.3090583997239,0.0,1691.2628415807977,0.0,1347.3087359121967,0.0,6225.3101576731619,3735186.0946038907,4866919.062815275,81.06637453433214,85.25006547908083,0.358621449700217,0.7682239575650798,0.36028137401966039,85.25006547908083,0.3542647819438883,4866919.062815275,0.25839979126639425 
 02/18  18:50:00,6.506666666666667,86.66666666666666,2.591666666666667,0.0,0.0,0.0,0.0,0.0,0.0,0.0,0.0,4.0,0.0,0.0,0.0,660.0,0.0,0.0,0.0,0.0,0.0,0.0,0.0,0.0,0.0,0.0,0.0,21.266676807128,-548.8940011631662,20.694550129441859,-58.233550351913667,21.00731745632001,-1171.3999515409249,20.248849649761888,389.52534047474526,15.604212275940546,39.58841083419732,18.940183841438377,-229.77217397375117,17.714138685451418,95.04581541845968,18.248578836120389,-144.6170891150394,16.395384325265245,-108.4333413520829,861.4812184805523,1049.773908912974,0.0,0.0,0.0,0.0,0.0,0.0,0.0,0.0,0.0,0.0,0.0,0.0,0.0,0.0,0.0,0.0,0.0,0.0,0.0,0.0,0.0,0.0,1.3798380858349507,0.421195996897115,121.73478777944897,142.4976497173162,3668.8444597064219,0.22898715428634726,0.03494919937215308,14.801585484635963,17.32598275845561,434.96438159315098,2.0222920188063107,0.3821413489807839,297.15945238072478,348.02010612085186,8955.170510967053,0.3437212586538424,0.06495110707744555,305.7519640410813,359.0548245908544,8689.24430372935,0.0,0.0,11.09244448523057,13.254911403417891,205.39540357646599,0.0,0.0,74.5158351686306,87.8928726714616,1922.6428243369915,0.0,0.0,322.77218052504409,382.48236055755947,7483.231882163531,0.0,0.0,31.299994210431018,36.832783408152767,832.7775586578309,0.0,0.0,215.75333050510555,257.2661678970573,4237.8305992419,33.556959502915727,23.01574725851556,304.1081557315293,358.93421858839357,8640.42755330156,0.0,0.0,219.85269617561176,262.4395027671686,4188.262009142882,758.5163029243214,21.598426661856128,37.80710672625421,21.49999999999997,29.999999999999959,0.0,21.136881387719919,48.74679224175123,20.99999999999997,29.999999999999959,1536.6956044541124,21.611282269087825,37.21046630604621,21.49999999999997,29.999999999999959,0.0,20.84773147123417,39.23630133413751,15.999999999999977,29.999999999999959,0.0,15.677480080999736,54.76484812642131,11.999999999999983,29.999999999999959,0.0,19.456888715431647,43.220601021981867,18.99999999999997,29.999999999999959,0.0,18.089726895453887,47.01943846997033,9.999999999999986,29.999999999999959,1273.2799530547503,19.764529759029644,42.389352224071078,20.69999999999997,29.999999999999959,0.0,16.255868239413617,52.833227250068677,15.999999999999977,29.999999999999959,0.0,19.352979179254186,0.0,0.0,0.0,15.934432341256397,0.0,0.0,635.3517854433903,1182.9052196844344,607.3928002231037,617.6124765720167,608.5710482032395,619.3555790670279,620.2941028265443,615.6335210662055,617.436851710844,9098.437942230708,81.98878368086132,84.31271023628747,239.99999999999967,0.0,239.99999999999967,239.99999999999967,21.0,16.0,19.0,16.0,19.7,12.0,21.0,10.0,1.0,0.0,758.5163029243214,0.0,1536.6956044541124,0.0,0.0,0.0,1273.2799530547503,0.0,3516.980267776697,2110188.160666021,2749182.988434717,81.98878368086132,84.35217822410532,0.3438993422592229,0.7673066235669659,0.360281374019659,84.35217822410532,0.354264781943887,2749182.988434717,0.14819751539860533 
 02/18  19:00:00,6.4,87.0,2.64,0.0,0.0,0.0,0.0,0.0,0.0,0.0,0.0,4.0,0.0,0.0,0.0,220.0,0.0,0.0,0.0,0.0,0.0,0.0,0.0,0.0,0.0,0.0,0.0,21.19687374997136,-643.969465555328,20.69146986103545,-81.65721737182747,20.97483609230948,-622.3297073296772,20.204599996783004,174.50128405652687,15.617470973773643,36.38419259493932,18.968925491308526,-221.61043205353418,17.6141878041258,57.59890681978504,18.85049636403616,-259.91819538259326,16.367233328771954,-90.22715111321623,773.5740871791868,1102.8442268361046,0.0,0.0,0.0,0.0,0.0,0.0,0.0,0.0,0.0,0.0,0.0,0.0,0.0,0.0,0.0,0.0,0.0,0.0,0.0,0.0,0.0,0.0,1.4263612540452909,0.4353972081945332,138.34145659504203,161.77599911179699,4180.861579454213,0.1879505177370483,0.02868597645559345,20.241928903118074,23.642661052759054,595.4953251320528,2.0741108378030397,0.3919332648909751,213.26685049481226,249.67689524533459,6391.844688969921,0.31646443170326657,0.059800535091320199,228.7593217899522,268.39594576372147,6516.517432990291,0.0,0.0,10.549012726072501,12.58640892547138,197.92084068467694,0.0,0.0,69.08558722612118,81.37094708214537,1798.2988850616462,0.0,0.0,313.07531858602257,370.6797396642662,7216.289659338008,0.0,0.0,43.2174623246218,50.65892600648287,1227.3208749251808,0.0,0.0,218.38344807587795,260.0443454866318,4326.678810118312,33.51312487941142,22.985682358992756,225.92528612208816,266.58676142317196,6564.985089255788,0.0,0.0,223.76826163682098,266.66687325772718,4339.495195004651,1099.5019277979614,21.561471223940189,38.12884329458399,21.5,30.0,0.0,21.13088335164006,48.714747758241617,21.0,30.0,1412.751965542417,21.550948743295814,37.39400749687648,21.5,30.0,0.0,20.735422114898797,39.50273725099929,16.0,30.0,0.0,15.689916829034989,54.74361219311979,12.0,30.0,1005.8497087638456,19.504034075556093,43.069578257214107,19.5,30.0,0.0,17.902732534847425,47.583629702467948,10.0,30.0,1070.1806618267086,20.718148550222723,39.906983850139088,20.7,30.0,0.0,16.229350577229856,52.91227509649954,16.0,30.0,0.0,19.044482902978616,0.0,0.0,0.0,15.999781196979882,0.0,0.0,653.2412242016967,1189.0749231216005,612.3349462381384,620.0826277737039,614.1311876288564,620.3127912881472,622.522313333613,618.9818127764813,619.0672886734031,9118.613346173079,81.97555560507985,81.97555560507985,240.0,0.0,240.0,240.0,21.0,16.0,19.0,16.0,19.7,12.0,21.0,10.0,1.0,0.0,1099.5019277979614,0.0,1412.751965542417,0.0,1005.8497087638456,0.0,1070.1806618267086,0.0,0.0,0.0,0.0,81.97555560507985,81.97555560507985,0.34,0.7711597332267752,0.36028137401965956,81.97555560507985,0.3542647819438875,0.0,0.00516 
 02/18  19:10:00,6.403333333333334,87.16666666666667,2.6683333333333336,0.0,0.0,0.0,0.0,1.0,2.0,0.0,0.0,4.0,0.0,0.0,0.0,442.0,0.0,0.0,0.0,0.0,0.0,0.0,0.0,0.0,0.0,0.0,0.0,21.080179462951315,-499.18920131810276,20.676959609108189,-94.36110920206912,21.21828356302221,-1592.96872691936,20.16305088829833,371.82346319799219,15.623834418310544,31.73448618222787,19.09013585296023,-60.97189368579377,17.500140228635077,11.367242134330354,18.67883579858257,-230.5020700252794,16.346134540210256,-99.90495242586212,852.586334370199,1028.0222967486969,0.0,0.0,0.0,0.0,0.0,0.0,0.0,0.0,0.0,0.0,0.0,0.0,0.0,0.0,0.0,0.0,0.0,0.0,0.0,0.0,0.0,0.0,1.4393221570626494,0.4393535277969015,181.79589311976907,212.70214776395987,5460.604075419828,0.19440517098606409,0.029671118892866924,21.18984816133186,24.798897552799127,622.2052067151713,1.8338611275404798,0.3465346045994861,341.6157325232685,399.5287903596188,10347.040517932859,0.3293075670629707,0.062227431417794899,287.1680893216266,337.1333327652058,8149.96315757736,0.0,0.0,9.98774974874114,11.931508162968298,187.308312536777,0.0,0.0,12.99524865764048,15.309058019687141,343.84399357577396,0.0,0.0,239.34263088973757,283.9484105415428,5418.644640743378,0.0,0.0,45.55477900684551,53.58508610745648,1245.0005056498897,0.0,0.0,202.9942495419474,242.0572578860102,4013.483485477582,33.58172052204738,23.032730124861034,341.3491521130476,402.25992523996106,9721.291194078434,0.0,0.0,208.26564224411497,248.6610076533227,3972.4303124714,614.2058727839822,21.35006325180639,38.50638318735772,21.25,30.0,0.0,21.110112260886738,48.095089299546369,21.0,30.0,1892.335551824386,21.608030719105373,37.08728772924797,21.5,30.0,0.0,20.695558654889206,39.59361975103301,16.0,30.0,0.0,15.690551349111248,54.76774344719209,12.0,30.0,0.0,19.69268603049594,44.21496226549914,19.0,30.0,0.0,17.695266949860256,48.25984764860357,10.0,30.0,637.6984591209579,20.151912803606025,42.09378757389205,19.95,30.0,0.0,16.213046215924906,53.01363779126707,16.0,30.0,0.0,19.277296136627525,0.0,0.0,0.0,15.838198085215226,0.0,0.0,650.7200522955236,1157.9800533640553,609.1225207441312,624.8421725301447,618.2879935603859,719.8359672490685,630.2658762439309,666.2456180757891,624.8412997057798,6386.400708085953,82.44324580290047,82.44324580290047,270.0,0.0,270.0,270.0,21.0,16.0,19.0,16.0,19.7,12.0,21.0,10.0,1.0,0.0,614.2058727839822,0.0,1892.335551824386,0.0,0.0,0.0,637.6984591209579,0.0,0.0,0.0,0.0,82.44324580290047,82.44324580290047,0.255,0.5393787964542295,0.27021103051474468,82.44324580290047,0.2656985864579156,0.0,0.005715 
 02/18  19:20:00,6.406666666666667,87.33333333333334,2.6966666666666669,0.0,0.0,0.0,0.0,1.0,2.0,0.0,0.0,4.0,0.0,0.0,0.0,444.0,0.0,0.0,0.0,0.0,0.0,0.0,0.0,0.0,0.0,0.0,0.0,21.203847042710195,-712.3715380259969,20.66977719381596,-61.48237047870393,21.21358408775295,-971.4635859802208,20.205255147783008,295.04740738599846,15.629567009039,32.28954326879396,18.839721797310735,-60.53372960571771,17.459528387637623,89.50747919828996,18.820852211219575,-279.11746404082506,16.302474809847838,-110.48391449501787,830.4075035363551,1078.7576708187979,0.0,0.0,0.0,0.0,0.0,0.0,0.0,0.0,0.0,0.0,0.0,0.0,0.0,0.0,0.0,0.0,0.0,0.0,0.0,0.0,0.0,0.0,1.3823337047989662,0.4219577853476698,235.60475266168386,276.2989949826355,6992.785189426545,0.20915569641056246,0.03192242008708218,19.0172553546483,22.268188195494959,558.991846666894,1.9592288298084793,0.3702246466002419,334.23648203201517,391.40055164870418,10061.660042502466,0.328252566098432,0.062028073714745269,231.63845467008506,271.6103547141407,6611.341706010853,0.0,0.0,10.544951257610564,12.595609879034239,197.73071973097854,0.0,0.0,14.365559822269376,16.937165468186067,369.8287914215637,0.0,0.0,243.51200878874648,288.9428557964336,5491.368084168399,0.0,0.0,49.77343125486213,58.50663488313326,1377.955267944789,0.0,0.0,204.7644530165433,244.22794563048925,4023.617628247948,33.71680570483698,23.125381141863508,341.0230437925872,402.0344329754855,9797.95949368151,0.0,0.0,210.18959306265536,250.99991866829903,3993.09918841445,936.8326576120066,21.50084235540191,37.91087664706416,21.5,30.0,0.0,21.102319783364949,47.98160730755935,21.0,30.0,1374.7061812598573,21.71429054890707,36.851437580109287,21.5,30.0,0.0,20.74863806364085,39.55593672109214,16.0,30.0,0.0,15.692142030666336,54.86779422534453,12.0,30.0,0.0,19.324886243974914,47.27116243742917,19.0,30.0,0.0,17.651455143466799,48.54021420465186,10.0,30.0,502.2010035523107,20.335712872554845,41.90428638020679,20.2,30.0,0.0,16.153904044846074,53.543874397791189,16.0,30.0,0.0,19.400241029557816,0.0,0.0,0.0,15.800708162979314,0.0,0.0,642.9584380137899,1158.442973573764,614.2923596025828,634.6093289095417,628.1387856400429,844.652431201237,645.3886593739587,690.7900527545623,647.9208884500993,8831.300162243451,82.16531651750296,85.66953248084853,270.0,0.0,270.0,270.0,21.0,16.0,19.0,16.0,19.7,12.0,21.0,10.0,1.0,0.0,936.8326576120066,0.0,1374.7061812598573,0.0,0.0,0.0,502.2010035523107,0.0,5303.171382809089,3181902.8296854535,4152718.887459742,82.16531651750296,85.72904570110478,0.3467723794269696,0.7680212344445477,0.36028137401965956,85.72904570110478,0.3542647819438875,4152718.887459742,0.22152138214790657 
 02/18  19:30:00,6.41,87.5,2.725,0.0,0.0,0.0,0.0,1.0,2.0,0.0,0.0,4.0,0.0,0.0,0.0,444.0,0.0,0.0,0.0,0.0,0.0,0.0,0.0,0.0,0.0,0.0,0.0,21.239417852888069,-797.280220012914,20.673859105759573,-64.55928439898318,21.24646474088963,-1005.6572480072905,20.220785996837664,272.69958796729096,15.636273647948219,31.475256007372438,18.66780868584178,-54.84084090899567,17.47897709010688,59.394795450662517,18.830316102744857,-247.1738677628411,16.256027431618564,-140.52693345540207,851.8051276832612,1064.742284672447,0.0,0.0,0.0,0.0,0.0,0.0,0.0,0.0,0.0,0.0,0.0,0.0,0.0,0.0,0.0,0.0,0.0,0.0,0.0,0.0,0.0,0.0,1.391170538760381,0.424655231611838,244.18249430262976,286.3109632286748,7259.281518409396,0.20559375360202637,0.0313787780222873,19.49814657485538,22.83175904227913,573.1392727903526,1.979086391815581,0.3739770203733147,335.73245294835149,393.21261792609018,10104.417363167919,0.32776231419866938,0.06193543352204635,219.1040883500291,256.8697445617416,6262.21106561715,0.0,0.0,10.511261347215623,12.555362316623674,197.11427100522469,0.0,0.0,14.152747762503273,16.698738493598549,357.1807657123449,0.0,0.0,248.91705535069793,295.3254743055204,5625.740600645202,0.0,0.0,43.9886667550122,51.702535610117497,1212.4480054536899,0.0,0.0,207.27961328679295,247.27148667297755,4045.9948539245926,33.77031298760191,23.1620802384101,335.5878596814821,395.70756787044857,9624.092226117822,0.0,0.0,212.1488671344518,253.438699164667,3978.1962014562507,1016.9294421548489,21.515348461059049,37.806324673946907,21.5,30.0,0.0,21.112589544908457,48.243506328598247,21.0,30.0,1391.575864282473,21.713337180747325,36.781908516507389,21.5,30.0,0.0,20.769875096050578,39.45313644944852,16.0,30.0,0.0,15.69599740502409,54.95493971648342,12.0,30.0,20.66761339246026,19.05982693903057,49.17897662840202,19.0,30.0,0.0,17.67994611340448,48.52927018995682,10.0,30.0,1052.165484810784,20.25011251050995,42.23638822713536,20.45,30.0,0.0,16.089557113586726,53.87894819271406,16.0,30.0,0.0,19.261931956668179,0.0,0.0,0.0,15.681512481397928,0.0,0.0,644.7803123313249,1181.6784184666934,615.8202284735839,637.6639304713656,639.3903886970727,922.3983452451703,656.9978863016048,708.7280578045563,661.9742497155271,7521.630340921667,83.03137259378117,83.03137259378117,270.0,0.0,270.0,270.0,21.0,16.0,19.0,16.0,19.7,12.0,21.0,10.0,1.0,0.0,1016.9294421548489,0.0,1391.575864282473,0.0,20.66761339246026,0.0,1052.165484810784,0.0,0.0,0.0,0.0,83.03137259378117,83.03137259378117,0.34,0.7696321219643753,0.36028137401965956,83.03137259378117,0.3542647819438875,0.0,0.005445 
 02/18  19:40:00,6.413333333333333,87.66666666666667,2.7533333333333336,0.0,0.0,0.0,0.0,1.0,2.0,0.0,0.0,4.0,0.0,0.0,0.0,444.0,0.0,0.0,0.0,0.0,0.0,0.0,0.0,0.0,0.0,0.0,0.0,21.135958023945187,-466.43043021584449,20.667812190079567,-98.53556180118281,21.335739989134046,-1634.6393918450013,20.203913660878994,244.35220689544713,15.642565965536914,30.50990536803222,19.416120474701608,-71.009412555914,17.41916442691251,-9.022221536617053,18.877662205526126,-258.3378241193904,16.220448622751804,-116.20784587686035,790.1784823788274,1094.982985553212,0.0,0.0,0.0,0.0,0.0,0.0,0.0,0.0,0.0,0.0,0.0,0.0,0.0,0.0,0.0,0.0,0.0,0.0,0.0,0.0,0.0,0.0,1.4336015504720537,0.4376073108889053,159.40758158883018,186.36220139131383,4804.174390198834,0.18405757072091392,0.028091814823094309,23.033913949900098,26.97435769643291,674.7578013379464,1.8454650129510087,0.34872732671031927,295.0290647976231,344.9371235173819,8927.473091109481,0.31621362297319829,0.05975314115139799,236.6036329808298,277.56561590347158,6739.958813605589,0.0,0.0,10.008767993937031,11.956055306987622,187.7005908035149,0.0,0.0,14.656519034451659,17.22945802965971,399.65046689481576,0.0,0.0,240.40208824942477,285.33578042294399,5376.943807741709,0.0,0.0,47.686624443647058,56.085295920173098,1306.9036534570635,0.0,0.0,206.4321506538211,246.29441256972459,4013.6388108370358,33.67536110929154,23.09695549334125,296.0937422727869,348.82636428004147,8498.535399078482,0.0,0.0,211.9062162220715,253.15292645716375,3971.0987925574179,605.0672693699951,21.451731028155629,38.39176592871476,21.25,30.0,0.0,21.102034286313509,47.91159181269836,21.0,30.0,1866.9060770750489,21.672501059142218,36.45183420891006,21.5,30.0,0.0,20.733016682932744,39.25596604855579,16.0,30.0,0.0,15.699722404536902,55.12518497476739,12.0,30.0,1191.2474989524745,20.134522518716524,47.015974684648117,19.75,30.0,0.0,17.563853168150538,49.086992635975089,10.0,30.0,629.0376959016419,20.202451369906237,42.431681967008568,19.95,30.0,0.0,16.05358108721075,54.201797840426198,16.0,30.0,0.0,18.90983483890343,0.0,0.0,0.0,15.675806729817719,0.0,0.0,677.4022210565624,1167.6186661806324,601.8535913537945,631.6495547724314,654.722548003267,996.2046862526875,674.2008428816278,718.4892339083157,678.7365997939876,9828.052680365196,81.50637515491963,83.30189742326084,270.0,0.0,270.0,270.0,21.0,16.0,19.0,16.0,19.7,12.0,21.0,10.0,1.0,0.0,605.0672693699951,0.0,1866.9060770750489,0.0,1191.2474989524745,0.0,629.0376959016419,0.0,2717.2217003915177,1630333.0202349106,2110781.980604489,81.50637515491963,83.33239135210214,0.3455740566797173,0.7692204399024043,0.36028137401965956,83.33239135210214,0.3542647819438875,2110781.980604489,0.11507066299143341 
 02/18  19:50:00,6.416666666666667,87.83333333333334,2.7816666666666669,0.0,0.0,0.0,0.0,1.0,2.0,0.0,0.0,4.0,0.0,0.0,0.0,333.0,0.0,0.0,0.0,0.0,0.0,0.0,0.0,0.0,0.0,0.0,0.0,21.19188531659736,-587.8943777989196,20.656215482873465,-75.79319738904604,21.381152916821724,-1615.685264712937,20.259715950744316,342.1830437584209,15.647045398563602,29.08533546515247,19.271529518444934,-77.77451046276278,17.399266470682073,46.10915081553992,19.055338795933616,-305.08225398978126,16.61664669891151,-299.2817499081065,882.9010763704616,1126.9867528614469,0.0,0.0,0.0,0.0,0.0,0.0,0.0,0.0,0.0,0.0,0.0,0.0,0.0,0.0,0.0,0.0,0.0,0.0,0.0,0.0,0.0,0.0,1.4049602031137143,0.4288645308649925,233.883495168288,273.4971847027339,7026.10449232189,0.21662766030473847,0.03306282971684046,17.74125573656937,20.753465847310247,521.3337333184027,1.8001824078476539,0.3401705230248783,395.3077028036406,462.0101466187738,12052.516471640694,0.33240132267173347,0.06281204132118927,292.1354128414043,342.69511909701836,8367.880577225194,0.0,0.0,10.301609154004045,12.30134590242439,193.16098130279549,0.0,0.0,14.366530588354112,16.88762530983543,387.40633169813926,0.0,0.0,242.31142088984383,287.47826016064547,5417.075419996619,0.0,0.0,50.90742813573049,59.77775446598507,1421.815971078512,0.0,0.0,206.97352271726172,246.48780588556134,4175.000383649844,33.90072487210752,23.25152597538241,387.57349451005168,456.2458575813625,11105.06584205199,0.0,0.0,212.28075376515319,253.47667746585757,3970.161906781994,780.6184323729699,21.61002347613448,37.691993370062878,21.33333333333335,30.00000000000002,0.0,21.085472527685274,48.08260333377953,21.000000000000015,30.00000000000002,1963.6180106270752,21.743666191843315,36.594567545851109,22.000000000000019,30.00000000000002,0.0,20.84574076047529,38.970698448187757,16.000000000000015,30.00000000000002,0.0,15.700761441372201,55.30089773016023,12.00000000000001,30.00000000000002,0.0,19.97595973114553,48.27146387650345,19.000000000000015,30.00000000000002,0.0,17.560326674977284,49.08256591425556,10.000000000000007,30.00000000000002,608.7674307720522,20.49759894959187,41.78003702723976,20.36666666666668,30.00000000000002,977.6361434380438,16.419814817950326,53.18183268406767,16.000000000000015,30.00000000000002,0.0,19.568939691986765,0.0,0.0,0.0,15.660802403824964,0.0,0.0,660.7740636060686,1181.4348174677282,619.0077499194304,634.0379649138396,668.6149924818665,1041.4317318229117,677.3669166417765,728.7073639876109,690.9004602295781,9027.731522039106,82.03537941335404,84.51429383597848,270.0000000000002,0.0,270.0000000000002,270.0000000000002,21.0,16.0,19.0,16.0,19.7,12.0,21.0,10.0,1.0,0.0,780.6184323729699,0.0,1963.6180106270752,0.0,0.0,0.0,608.7674307720522,977.6361434380438,3751.2822713840639,2250769.3628304365,2917201.6077934915,82.03537941335404,84.55639403230576,0.3517094090461357,0.767885358508986,0.3602813740196598,84.55639403230576,0.3542647819438878,2917201.6077934915,0.15688448360526159 
 02/18  20:00:00,6.42,88.0,2.81,0.0,0.0,0.0,0.0,1.0,2.0,0.0,0.0,4.0,0.0,0.0,0.0,446.0,0.0,0.0,0.0,0.0,0.0,0.0,0.0,0.0,0.0,0.0,0.0,21.271618172743574,-837.0700655950865,20.65696066464379,-69.24272336247624,21.152077756297495,-611.1239600025483,20.257219246297305,147.75275435118716,15.6521858757758,29.843531398741875,19.014838291903638,-56.650842487748068,17.559730022244474,259.25662347362506,18.870438241917094,-192.43755478475158,16.74883233027501,-395.39142669765956,831.5670152032885,964.073491984858,0.0,0.0,0.0,0.0,0.0,0.0,0.0,0.0,0.0,0.0,0.0,0.0,0.0,0.0,0.0,0.0,0.0,0.0,0.0,0.0,0.0,0.0,1.3580996025622774,0.41456031824245345,205.43680776526748,240.25869357667723,6194.336813678189,0.20730743556216145,0.03164032899300388,16.92128658723904,19.810617399013379,497.1870354757854,2.0816326708170798,0.39335462411509455,275.8029215168826,323.1114896491007,8243.946405683453,0.319057885504886,0.060290605726546837,220.79991877019928,259.36680489370539,6315.724080649335,0.0,0.0,10.73016225871039,12.817477078372786,201.19453619318748,0.0,0.0,13.942943026826367,16.41963021002409,364.8099635939318,0.0,0.0,201.37677249138558,238.72855751174155,4628.231077955157,0.0,0.0,40.34973032374819,47.49204829334268,1091.716080951099,0.0,0.0,158.02289143455602,188.03958982977344,3294.914195670538,33.884492647549119,23.240392762379377,278.84331630192687,328.95420260470936,8068.55077085489,0.0,0.0,162.15159627469888,193.8927530020678,2941.9122419883717,947.2616161233501,21.5592556321874,37.67518853994267,21.5,30.0,0.0,21.08845425188103,48.36298498502008,21.0,30.0,807.508103831849,21.420633280577265,37.576328764677729,21.25,30.0,0.0,20.820910180175937,38.99540406517899,16.0,30.0,0.0,15.70417722452717,55.39480404136819,12.0,30.0,0.0,19.557025927413365,50.01493624612547,19.0,30.0,0.0,17.891119683705776,48.14564064666631,10.0,30.0,761.0759700014767,20.041038569316649,43.13208369313877,20.2,30.0,0.0,16.790499669129145,52.02454509931634,16.0,30.0,0.0,19.382458223493374,0.0,0.0,0.0,15.360519121464714,0.0,0.0,656.4296640009413,1202.9783449933225,634.4197031995984,634.0573639111447,678.1292485400072,1068.9807955131856,685.4644653213545,743.3593333118154,700.023783602233,6828.98690683841,81.61812537925133,81.61812537925133,270.0,0.0,270.0,270.0,21.0,16.0,19.0,16.0,19.7,12.0,21.0,10.0,1.0,0.0,947.2616161233501,0.0,807.508103831849,0.0,0.0,0.0,761.0759700014767,0.0,0.0,0.0,0.0,81.61812537925133,81.61812537925133,0.255,0.54096264695642,0.27021103051474468,81.61812537925133,0.2656985864579156,0.0,0.005070000000000001 
 02/18  20:10:00,6.375,88.00000000000002,2.815,0.0,0.0,0.0,0.0,0.0,2.0,0.0,0.0,4.0,0.0,0.0,0.0,560.0,0.0,0.0,0.0,0.0,0.0,0.0,0.0,0.0,0.0,0.0,0.0,21.31742257240053,-1061.9244169751385,20.658247127128879,-68.54719822501497,20.991169754378939,-461.94614316885966,20.17747819982047,292.8462627200283,15.66136971351047,34.35941405955113,18.91644667319611,-57.33565123025265,17.672292013104163,65.41570017425639,18.617984206446665,-152.40901997157872,16.439835890257635,-281.5452705352338,857.5708518158069,1153.8048871202919,0.0,0.0,0.0,0.0,0.0,0.0,0.0,0.0,0.0,0.0,0.0,0.0,0.0,0.0,0.0,0.0,0.0,0.0,0.0,0.0,0.0,0.0,1.3578795900324592,0.4144931593505675,229.06510707453874,268.2492823697141,6952.427010303878,0.21572521873313317,0.03292509443423888,15.884305812516871,18.591863083598058,469.00231640131656,2.1148208823349794,0.39962601707010206,283.74229485126468,332.57245524079078,8458.91884333942,0.3441151166296189,0.0650255322429363,284.010060733676,333.66482290384598,8077.2092756231099,0.0,0.0,10.835068797114712,12.947351346993802,204.38581804498919,0.0,0.0,14.481515762053139,17.073136241637188,374.89976740190056,0.0,0.0,245.22026717516335,290.6449314130831,5721.838330049003,0.0,0.0,37.43509886201422,44.130368046999439,991.4249183142287,0.0,0.0,200.1090688842511,238.54773300966947,4011.050586853074,34.048928743502518,23.353174721195147,292.8841356712305,345.75356029395678,8391.679423264137,0.0,0.0,204.50278482080814,244.44131273617928,3796.974890314039,997.1941705752256,21.626085760562999,37.33468140102606,21.6,30.0,0.0,21.09457560823164,49.33067059152434,21.0,30.0,48.5684814415516,21.364387261883029,37.58810996762706,21.0,30.0,0.0,20.71148131890916,39.42653925318728,16.0,30.0,0.0,15.715764796271955,55.37289852601549,12.000000000000002,30.0,0.0,19.36228696671833,50.57750865831456,19.0,30.0,0.0,18.02824872419822,47.56769518846284,10.0,30.0,0.0,19.651567209024717,43.553751290743537,12.000000000000002,30.0,0.0,16.32856115702745,53.48841638721418,16.0,30.0,0.0,19.269505355367778,0.0,0.0,0.0,15.54249293023262,0.0,0.0,648.8340627352097,1263.8106881634856,630.4398196722766,645.3100693582351,683.9463357502312,1075.3240553452598,682.474911990943,710.6491847538764,701.4634230530764,7615.46964889645,81.91146710097414,83.32362668664872,570.0,0.0,570.0,570.0,21.0,16.0,19.0,16.0,12.0,12.0,21.0,10.0,1.0,0.0,997.1941705752256,0.0,48.5684814415516,0.0,0.0,0.0,0.0,0.0,2137.1042570917827,1282262.5542550695,1660185.7454172299,81.91146710097414,83.34760984446158,0.2752368085697261,0.5849200477745262,0.28822509921572767,83.34760984446158,0.28341182555511,1660185.7454172299,0.09677965876169593 
 02/18  20:20:00,6.33,88.0,2.8200000000000005,0.0,0.0,0.0,0.0,0.0,2.0,0.0,0.0,4.0,0.0,0.0,0.0,452.0,0.0,0.0,0.0,0.0,0.0,0.0,0.0,0.0,0.0,0.0,0.0,21.19239910535102,-429.91232081381897,20.65137283972866,-74.51545277144666,21.347820668769807,-1501.06067733368,20.257592509987146,403.2194845322899,15.668382321457168,29.221727104133309,18.87246020818948,-51.603358292543649,17.504580813195717,35.42839867124735,17.998617965490614,-71.6531806666132,16.283301406506835,-219.8664482609097,947.2481487264822,1061.9436202199743,0.0,0.0,0.0,0.0,0.0,0.0,0.0,0.0,0.0,0.0,0.0,0.0,0.0,0.0,0.0,0.0,0.0,0.0,0.0,0.0,0.0,0.0,1.5045244504922509,0.45925654776930738,308.0788650633937,360.8542869899128,9243.833592655841,0.21668145633874678,0.03307104034474157,19.757395662981847,23.152212374449304,583.1062572642302,1.7573842694174245,0.33208319527918087,445.48876544633915,521.5532242199441,13575.9016339181,0.3296834190479006,0.06229845409068415,287.6994174189376,337.8391017729643,8302.64562528599,0.0,0.0,10.153924807248949,12.128482711359798,192.60578042681034,0.0,0.0,13.994767008182182,16.495096065526857,361.5228763610213,0.0,0.0,241.3865856049169,286.3932295184931,5511.072855566566,0.0,0.0,30.9747737007526,36.643940334731379,761.3511302122142,0.0,0.0,198.51828482590907,236.8540887725289,3913.956255001497,34.12169216823277,23.403081048170628,445.5105922411492,525.0803882392609,12770.486008499936,0.0,0.0,202.29787953424472,241.98419006322724,3702.87331905278,863.7888075895685,21.40333604046401,37.93252317213363,21.5,30.0,0.0,21.083129586180879,48.82694904463929,21.0,30.0,1957.682110325743,21.69989099344903,36.90303754820279,21.5,30.0,0.0,20.875812945908949,38.915177848055737,16.0,30.0,0.0,15.721995487903273,55.395683459508237,12.0,30.0,0.0,19.285842026790378,51.096016448494498,19.0,30.0,0.0,17.71322627606359,48.50159721225264,10.0,30.0,0.0,18.608996024696677,46.03587764110115,12.0,30.0,0.0,16.104449376017386,54.0510545275505,16.0,30.0,0.0,19.628670185246148,0.0,0.0,0.0,15.363387149588874,0.0,0.0,655.2490303577499,1236.6208872274706,636.4629013428727,641.8823293646195,690.8264114896393,1100.7875627724866,684.6166871413079,690.8270563983502,696.4410042827369,9277.211602401567,81.87057314053463,85.34845667287654,570.0,0.0,570.0,570.0,21.0,16.0,19.0,16.0,12.0,12.0,21.0,10.0,1.0,0.0,863.7888075895685,0.0,1957.682110325743,0.0,0.0,0.0,0.0,0.0,5263.361609266565,3158016.965559939,4122627.1570703175,81.87057314053463,85.40752268103667,0.3454453869755522,0.7657065326653331,0.36028137401965956,85.40752268103667,0.3542647819438875,4122627.1570703175,0.22476327883432319 
 02/18  20:30:00,6.285,88.0,2.825,0.0,0.0,0.0,0.0,0.0,2.0,0.0,0.0,4.0,0.0,0.0,0.0,452.0,0.0,0.0,0.0,0.0,0.0,0.0,0.0,0.0,0.0,0.0,0.0,21.302876508771577,-691.9974574600881,20.647879911298838,-74.27370015189587,21.34399260896139,-1376.9711215364114,20.2485908070418,360.97217487753826,15.670341361125147,27.913424748094714,18.83808700378617,-48.822508128922468,17.562714947253086,193.68731638811915,17.621270166217309,-26.069923087432217,16.69139978552353,-446.64901675253557,929.5924017847074,934.2001091868449,0.0,0.0,0.0,0.0,0.0,0.0,0.0,0.0,0.0,0.0,0.0,0.0,0.0,0.0,0.0,0.0,0.0,0.0,0.0,0.0,0.0,0.0,1.4548862810324324,0.4441044813896314,259.33862673539945,303.5482003375112,7916.064993780343,0.2166133507431613,0.03306064571782071,20.957474249452063,24.563643692458123,619.8974603879609,1.9196292109666907,0.3627417254283241,395.69045063816739,463.14228643246767,12098.814080142007,0.339922267151165,0.06423323264383313,283.6833849290698,332.8581545321002,8199.079006878703,0.0,0.0,10.499949250916594,12.541412753320794,200.1071141457709,0.0,0.0,14.10773494351399,16.631572617631379,364.2698233202917,0.0,0.0,218.6553729766025,259.4488290703102,5050.0638842354969,0.0,0.0,16.888727277214764,20.023879517011417,397.09805159454029,0.0,0.0,166.15570128136833,197.96723695401824,3472.5717352157055,34.19755533957408,23.455113401628318,396.4496237883553,467.29024979022469,11419.144007273806,0.0,0.0,167.56910163559406,200.7624368818718,2983.5064967280457,878.7851873537368,21.68420646910764,37.674724622058629,21.5,30.0,0.0,21.078621023612848,48.493035578721208,21.0,30.0,1811.6997692980886,21.669432288692208,37.17478174602095,21.5,30.0,0.0,20.830168699508528,39.32848448151606,16.0,30.0,0.0,15.720588014754972,55.352054467856067,12.0,30.0,0.0,19.23121782724479,51.36666542394822,19.0,30.0,0.0,17.830683708085119,48.10796951109045,10.0,30.0,0.0,18.012679621398769,47.66449783165797,12.0,30.0,1062.2695140104229,16.736827784506987,51.71519544132244,16.75,30.0,0.0,19.561303693170545,0.0,0.0,0.0,15.015999976904063,0.0,0.0,683.1822607423383,1221.1557708028038,653.8959692734234,662.9595661045528,693.9171652757156,1115.488067479287,688.9059336150519,688.1729580599188,692.6209089934662,10101.102269371015,81.32570455554627,85.08402890088787,570.0,0.0,570.0,570.0,21.0,16.0,19.0,16.0,12.0,12.0,21.0,10.0,1.0,0.0,878.7851873537368,0.0,1811.6997692980886,0.0,0.0,0.0,0.0,1062.2695140104229,5687.308498994009,3412385.0993964059,4439776.315269917,81.32570455554627,85.14785772505235,0.359576949966467,0.7662791960638198,0.36028137401965956,85.14785772505235,0.3542647819438875,4439776.315269917,0.24119170172736907 
 02/18  20:40:00,6.24,88.0,2.83,0.0,0.0,0.0,0.0,0.0,2.0,0.0,0.0,4.0,0.0,0.0,0.0,454.0,0.0,0.0,0.0,0.0,0.0,0.0,0.0,0.0,0.0,0.0,0.0,21.23277854016606,-1056.9454028214905,20.64134707639686,-93.79998022182964,21.11897457012343,-431.14568566529899,20.212723938901936,56.778020519242549,15.675005765637455,31.260354633522327,18.820310001764434,-37.21692165244845,17.73297145835126,107.65525919593893,17.340409113690258,-54.522144450748687,16.664973322293677,-434.37844068466577,761.4721881368131,1147.5631441364558,0.0,0.0,0.0,0.0,0.0,0.0,0.0,0.0,0.0,0.0,0.0,0.0,0.0,0.0,0.0,0.0,0.0,0.0,0.0,0.0,0.0,0.0,1.4385767735751123,0.43912599925980236,185.29598253232184,216.92905873260384,5581.154710674491,0.1939530213418294,0.029602109484406198,20.8498063245122,24.442677562397305,617.6091807722052,2.2968311417998894,0.43401949013603366,190.55962629824774,223.09870240442587,5793.714930619972,0.3190944525293446,0.06029751559511423,173.53630378490679,203.76552586304389,4991.326456980123,0.0,0.0,10.343318767489702,12.355745936838084,198.16872192435739,0.0,0.0,13.331518311221462,15.717109325830727,344.8815570631449,0.0,0.0,231.62692846779823,274.4513929866921,5502.7427643128789,0.0,0.0,13.50942884659949,16.04362471799669,308.00335687163865,0.0,0.0,174.31250805961583,207.62637101092026,3626.5933738781557,34.04402970348874,23.349814611446335,199.4242492171286,235.5426725196472,5877.718508940105,0.0,0.0,183.91310053032738,220.16533024118915,3317.691109706512,1038.2182820482854,21.44011962673774,38.125620732560978,21.5,30.0,0.0,21.067600145376308,48.22881317066017,21.0,30.0,822.7825992374791,21.369377031587044,38.14773290926051,21.25,30.0,0.0,20.7321739896434,39.67775683499258,16.0,30.0,0.0,15.725466678515554,55.29009831081553,12.0,30.0,0.0,19.208814499491554,51.53863877090267,19.0,30.0,0.0,18.104686890202829,47.399604501838357,10.0,30.0,0.0,17.589667229373548,48.99314928367511,12.0,30.0,0.0,16.577942879916657,52.301120920969029,16.0,30.0,0.0,18.640024956410266,0.0,0.0,0.0,15.137223809376211,0.0,0.0,686.9252876950936,1209.8971408659648,676.4032700032573,674.493892532031,697.5108263654738,1130.3869654464164,700.4092348409299,693.8642219446044,701.6902805220482,6771.988799416741,82.37847651245883,82.37847651245883,570.0,0.0,570.0,570.0,21.0,16.0,19.0,16.0,12.0,12.0,21.0,10.0,1.0,0.0,1038.2182820482854,0.0,822.7825992374791,0.0,0.0,0.0,0.0,0.0,0.0,0.0,0.0,82.37847651245883,82.37847651245883,0.255,0.5394852628756703,0.27021103051474468,82.37847651245883,0.2656985864579156,0.0,0.010259999999999999 
 02/18  20:50:00,6.195,88.0,2.835,0.0,0.0,0.0,0.0,0.0,2.0,0.0,0.0,4.0,0.0,0.0,0.0,342.0,0.0,0.0,0.0,0.0,0.0,0.0,0.0,0.0,0.0,0.0,0.0,21.45048776969805,-1467.7544169784833,20.635598140797876,-72.46756219916075,21.159671014430395,-280.6501147150662,20.11671682114212,260.7642522382614,15.68217484476391,32.7792675127029,18.797234583985607,-56.9797372474889,17.6959640791312,78.06551684656619,17.11433705697846,-51.73729949543497,16.33009151981681,-300.94239607566876,819.4981511843229,1187.9884977198649,0.0,0.0,0.0,0.0,0.0,0.0,0.0,0.0,0.0,0.0,0.0,0.0,0.0,0.0,0.0,0.0,0.0,0.0,0.0,0.0,0.0,0.0,1.3895239936568896,0.42415262321638916,257.8936923988239,301.441019461929,8022.252402406681,0.22914493206365728,0.03497328022949595,15.099714252940816,17.68089399210816,451.1924807361001,2.2998510551910167,0.4345901464835637,260.1165473996494,304.8367951879491,7830.290196837617,0.3546175129535855,0.06701011204716283,279.46901542907258,328.2427502890845,7996.218555508609,0.0,0.0,10.876679103509574,12.988711969257843,209.59061349249027,0.0,0.0,14.78851022470413,17.432357000334134,382.90917641064785,0.0,0.0,258.11813157675069,305.80063452521156,6118.164606844914,0.0,0.0,14.932323605393608,17.733647103967198,331.82912862137706,0.0,0.0,195.0776093077758,232.6112741284935,3914.4257840982729,34.320044797858368,23.53912537576022,276.693828561932,326.6193543326945,8031.622090984576,0.0,0.0,205.73726165480458,246.09345181650358,3768.5943476306267,1815.0885799265764,21.871135951583584,36.78174745625627,22.000000000000019,30.00000000000002,0.0,21.062978311439978,49.352585999008017,21.000000000000015,30.00000000000002,0.0,21.283078499326778,38.026671631157828,21.000000000000015,30.00000000000002,0.0,20.61003555743205,39.9421199333471,16.000000000000015,30.00000000000002,0.0,15.734736916063973,55.18007649407416,12.00000000000001,30.00000000000002,0.0,19.172124509967696,51.21818653842479,19.000000000000015,30.00000000000002,0.0,18.029613672955784,47.39969648724727,10.000000000000007,30.00000000000002,0.0,17.26696059706906,50.031468728676397,12.00000000000001,30.00000000000002,0.0,16.147910790129204,53.73777784899535,16.000000000000015,30.00000000000002,0.0,19.16762960857772,0.0,0.0,0.0,15.22978553904346,0.0,0.0,667.1974861417867,1279.5384548131754,661.0278165656376,676.5157767510516,698.9359419919412,1114.7314978299183,692.8602923738699,698.787687313106,704.6535121711893,9877.624155819149,81.47361177011305,83.79747146622924,570.0000000000005,0.0,570.0000000000005,570.0000000000005,21.0,16.0,19.0,16.0,12.0,12.0,21.0,10.0,1.0,0.0,1815.0885799265764,0.0,0.0,0.0,0.0,0.0,0.0,0.0,3516.8792533307648,2110127.551998457,2731142.571699221,81.47361177011305,83.83693831855403,0.34389597511102568,0.7662191091330854,0.3602813740196598,83.83693831855403,0.3542647819438878,2731142.571699221,0.15218441372835948 
 02/18  21:00:00,6.15,88.0,2.84,0.0,0.0,0.0,0.0,0.0,2.0,0.0,0.0,4.0,0.0,0.0,0.0,114.0,0.0,0.0,0.0,0.0,0.0,0.0,0.0,0.0,0.0,0.0,0.0,21.421714063304774,-1611.2333652061098,20.634803304798376,-74.75494193871328,20.769404026333459,111.41558746031842,20.08390869121886,240.35454148569444,15.690128185121079,32.679004960003798,18.76468934181755,-62.144497663780388,17.617114909040347,72.79068963026839,16.89863434289079,-50.21540276299618,16.215984623448585,-228.7554641080369,814.8972365478803,1209.6826600535179,0.0,0.0,0.0,0.0,0.0,0.0,0.0,0.0,0.0,0.0,0.0,0.0,0.0,0.0,0.0,0.0,0.0,0.0,0.0,0.0,0.0,0.0,1.372877636558574,0.41907131763082236,302.31823969794996,352.6215233959224,9359.92807962094,0.2199733849928653,0.03357347145800753,16.650630042747158,19.40836961213961,498.51397527312556,2.430254780276999,0.4592318178905896,258.9515116120314,302.74230205929475,7714.404650842009,0.3630378682918138,0.06860126007025958,279.81100119615999,327.6696409171982,8007.235515454875,0.0,0.0,10.896239413349813,12.97049261512786,211.29449315878754,0.0,0.0,15.192764747731147,17.85062269972416,393.5202467279875,0.0,0.0,271.2652096772062,320.55222990855119,6378.740871603206,0.0,0.0,17.102825728425399,20.273630579024915,371.6589644507417,0.0,0.0,205.22517034837387,244.07460164151704,4082.6206738839089,34.36866441042075,23.572472160782416,277.0877070202708,326.12272308738559,8046.175444983232,0.0,0.0,217.86686038342507,259.782629124535,4023.2875348150926,1771.5268709703233,21.749924854776127,36.89272336600456,22.0,30.0,0.0,21.06495582963359,50.25151226169974,21.0,30.0,0.0,21.053041036032299,38.65999860123459,21.0,30.0,0.0,20.55666267577386,40.015431157859307,16.0,30.0,0.0,15.745458004199186,54.963829227599607,12.0,30.0,0.0,19.121508496398957,50.73673738853975,19.0,30.0,0.0,17.876414932653444,47.82402808581494,10.0,30.0,0.0,16.950542942126526,50.999008814553487,12.0,30.0,82.3284285602058,16.003148337261459,54.07352457546833,16.0,30.0,0.0,19.11863015769028,0.0,0.0,0.0,15.258136668280759,0.0,0.0,661.4167432701817,1338.659050369229,668.0715393885462,674.4849476141676,696.4116291242002,1087.6836150756863,693.8406624237605,701.8454701661101,700.9711632785555,4200.244569178031,85.22636063886216,85.22636063886216,570.0,0.0,570.0,570.0,21.0,16.0,19.0,16.0,12.0,12.0,21.0,10.0,1.0,0.0,1771.5268709703233,0.0,0.0,0.0,0.0,0.0,0.0,82.3284285602058,0.0,0.0,0.0,85.22636063886216,85.22636063886216,0.34,0.7709017064023194,0.36028137401965956,85.22636063886216,0.3542647819438875,0.0,0.010069999999999999 
 02/18  21:10:00,6.0600000000000009,88.00000000000002,2.921666666666667,0.0,0.0,0.0,0.0,0.0,2.0,0.0,0.0,4.0,0.0,0.0,0.0,456.0,0.0,0.0,0.0,0.0,0.0,0.0,0.0,0.0,0.0,0.0,0.0,21.419535069717619,-1688.6599999278893,20.62625990178507,-88.30102871943095,20.707068237904584,194.6948192074742,20.03552366041599,181.8605907671572,15.692920413446853,30.659438221373109,18.751671737308486,-47.60578787139464,17.727521666207389,233.19162758539484,16.768880184851647,-87.76763443763537,16.801573663507186,-502.03047879827036,790.3301891350484,1073.4133868603204,0.0,0.0,0.0,0.0,0.0,0.0,0.0,0.0,0.0,0.0,0.0,0.0,0.0,0.0,0.0,0.0,0.0,0.0,0.0,0.0,0.0,0.0,1.3801057759851284,0.42127770939716988,314.72083178631808,368.5237803393496,9759.742450119062,0.20167447771518419,0.03078059794187793,19.55970455131837,22.911851346702738,586.6797822784585,2.515424674480881,0.47532590220727169,243.21392224453343,285.4093098624953,7289.256019865598,0.3607228290459907,0.0681637998953119,255.26967417546678,300.1167027611874,7310.439809821549,0.0,0.0,10.935830366907119,13.067005585057333,213.96149480408634,0.0,0.0,14.068505515270078,16.603571272920335,366.4656449026212,0.0,0.0,230.68177692459407,273.46567942592608,5562.2812236857539,0.0,0.0,25.097640437574744,29.869256624275474,541.4908923400083,0.0,0.0,154.57260163410764,183.96851634247418,3393.7816194479757,34.55947748440343,23.70334532537959,260.28020439408189,307.60244133253266,7597.629156946621,0.0,0.0,175.18970407254103,209.91916517976717,3176.9572394307185,1815.985158907596,21.692034453575677,37.160020864030659,22.0,30.0,0.0,21.053974061188876,49.92287718175227,21.0,30.0,0.0,21.045317415771174,38.667429775078328,21.0,30.0,0.0,20.478771606304567,40.29702381584949,16.0,30.0,0.0,15.74614792142208,54.885826895152167,12.0,30.0,0.0,19.11207711691559,50.65947724377018,19.0,30.0,0.0,18.112595801306598,46.92003401925419,10.0,30.0,0.0,16.79286576876712,51.42735949192638,12.0,30.0,1185.549378347253,16.982404723383178,50.696786896867738,17.0,30.0,0.0,18.996263554483357,0.0,0.0,0.0,14.978577515738639,0.0,0.0,672.8425542367135,1320.2098468051027,671.4668742587925,683.38403941157,695.4195070709,1086.0958457960012,688.5539996129184,701.0317823256473,699.0662770912915,9888.648423762024,81.46630236102739,83.27560925965479,570.0,0.0,570.0,570.0,21.0,16.0,19.0,16.0,12.0,12.0,21.0,10.0,1.0,0.0,1815.985158907596,0.0,0.0,0.0,0.0,0.0,0.0,1185.549378347253,2738.0604718175457,1642836.2830905272,2125981.7117475809,81.46630236102739,83.30633729728017,0.3462686823939182,0.7673337257259477,0.36028137401965956,83.30633729728017,0.3542647819438875,2125981.7117475809,0.12052604901087423 
 02/18  21:20:00,5.970000000000001,88.0,3.0033333333333336,0.0,0.0,0.0,0.0,0.0,2.0,0.0,0.0,4.0,0.0,0.0,0.0,228.0,0.0,0.0,0.0,0.0,0.0,0.0,0.0,0.0,0.0,0.0,0.0,21.428326418466886,-1675.5841855670388,20.612256563422755,-89.06172394791264,20.646328671311797,181.413902644882,19.99052818540436,210.8243641829713,15.69720694798507,32.221706464330768,18.74450221452686,-42.076289760252738,17.849857663847744,128.6590308724235,16.581982982165405,-94.81955461854222,16.56542364749437,-400.7188901465847,788.0607107879441,1213.643981251791,0.0,0.0,0.0,0.0,0.0,0.0,0.0,0.0,0.0,0.0,0.0,0.0,0.0,0.0,0.0,0.0,0.0,0.0,0.0,0.0,0.0,0.0,1.4002044375698153,0.4274128319810181,310.7984533283534,363.54852815710856,9682.9855709599,0.20626581550287505,0.031481351572477878,19.527691621406985,22.843942757058615,588.8799627378281,2.508312787335926,0.47398200818895067,241.7188383594111,283.37261915711948,7272.224442475792,0.36500166053692859,0.06897234704023592,261.4969374652508,307.15465884292578,7509.106882909585,0.0,0.0,10.862913440339249,12.965661841098175,214.65733150114597,0.0,0.0,13.817419956273163,16.284710096748193,362.4406691854589,0.0,0.0,243.8785776799005,288.49379360381729,6012.565152449592,0.0,0.0,29.738239901862767,35.39416862429425,632.1294582399787,0.0,0.0,163.31186249957615,194.36540585235685,3459.0222365305705,34.83307352858394,23.89099693318515,258.78147892550569,305.5594045310566,7583.2376689213419,0.0,0.0,189.52906692805613,226.6427835444835,3515.157952710918,1818.1919788230562,21.667161510746007,37.19503379171461,22.0,30.0,0.0,21.035581989600723,49.52819915145999,21.0,30.0,19.14362745522763,21.006134546373386,38.771187934298939,21.0,30.0,0.0,20.421376436343125,40.44872011638106,16.0,30.0,0.0,15.750728128089627,54.734241781299328,12.0,30.0,0.0,19.109308656604605,50.5673291239721,19.0,30.0,0.0,18.293203311290186,46.36897166781604,10.0,30.0,0.0,16.52334275325454,52.16677111140895,12.0,30.0,0.0,16.501047287554145,52.16913415002976,16.0,30.0,0.0,18.92927461434592,0.0,0.0,0.0,15.090957398951062,0.0,0.0,674.5101961889891,1299.0438690431875,674.6293346795484,686.5078882193245,693.6348472150977,1087.796173514946,689.5649537575912,699.2813365058798,697.6440207972644,9874.671148589212,81.47556657851163,84.95013481592506,570.0,0.0,570.0,570.0,21.0,16.0,19.0,16.0,12.0,12.0,21.0,10.0,1.0,0.0,1818.1919788230562,0.0,19.14362745522763,0.0,0.0,0.0,0.0,0.0,5258.353966501617,3155012.37990097,4119208.2903869415,81.47556657851163,85.00914451937129,0.3452784655500539,0.7641155133168689,0.36028137401965956,85.00914451937129,0.3542647819438875,4119208.2903869415,0.22388883110012093 
 02/18  21:30:00,5.880000000000001,88.0,3.085,0.0,0.0,0.0,0.0,0.0,2.0,0.0,0.0,4.0,0.0,0.0,0.0,456.0,0.0,0.0,0.0,0.0,0.0,0.0,0.0,0.0,0.0,0.0,0.0,21.467157144149078,-961.5527653118988,20.607658748205215,-59.25011840112771,21.361210670401286,-1475.421995684821,20.165593432893759,591.0378124299978,15.70240953525143,33.83486180164083,18.73177984856237,-57.0641012882748,17.71293621568875,48.80576729585755,16.468556453829213,-66.77124470093995,16.31105230052656,-284.3222369456171,961.3438523812774,1281.74805295075,0.0,0.0,0.0,0.0,0.0,0.0,0.0,0.0,0.0,0.0,0.0,0.0,0.0,0.0,0.0,0.0,0.0,0.0,0.0,0.0,0.0,0.0,1.5009356697390138,0.4581610713489053,294.39877415109916,344.83241403546716,9259.491738826957,0.266365595039739,0.04065408959702976,15.840345789057727,18.576291893163938,483.34372732021748,2.0416641365239176,0.38580199102870718,401.5856884288198,470.0785322335185,12774.759230026806,0.3832716380718324,0.07242472374751176,345.9923737804577,406.40048683565876,10255.424619361505,0.0,0.0,11.076497043753989,13.235840678986186,221.00727753788068,0.0,0.0,15.214505403404918,17.95430173285735,401.3135120176348,0.0,0.0,274.2761916601868,325.22715501731485,6671.876427958963,0.0,0.0,27.994101956833583,33.38345455608372,593.244125090819,0.0,0.0,193.6415221331839,231.10345361249586,4007.8952109001049,35.50752669815448,24.353584840983875,408.8747334497649,482.4677276477586,12070.248629322632,0.0,0.0,219.72326227092379,263.0669184742841,4162.224979499187,960.7165886785298,21.693255857408926,37.21305165480277,21.75,30.0,0.0,21.036679349808826,49.67986798655402,21.0,30.0,2084.696026890117,21.90437676679653,36.57226837585665,21.5,30.0,0.0,20.795696535631025,39.32473041249304,16.0,30.0,0.0,15.756912300829102,54.64855878401173,12.0,30.0,0.0,19.09408563750532,50.46093223729601,19.0,30.0,0.0,18.020932989967514,47.129364567793,10.0,30.0,0.0,16.394673447178648,52.490548686747008,12.0,30.0,0.0,16.14138834898546,53.27624528111379,16.0,30.0,0.0,19.414695557953136,0.0,0.0,0.0,15.22533255723372,0.0,0.0,680.5815098972281,1312.2868435330975,671.4390307862366,680.0027591400321,693.8447010072275,1083.3552817116473,691.1914642267293,697.8126504073225,696.8071204913968,6891.410150326263,81.64136684705658,81.64136684705658,570.0,0.0,570.0,570.0,21.0,16.0,19.0,16.0,12.0,12.0,21.0,10.0,1.0,0.0,960.7165886785298,0.0,2084.696026890117,0.0,0.0,0.0,0.0,0.0,0.0,0.0,0.0,81.64136684705658,81.64136684705658,0.255,0.5782923242642792,0.27021103051474468,81.64136684705658,0.2656985864579156,0.0,0.009404999999999999 
 02/18  21:40:00,5.790000000000001,88.0,3.1666666666666667,0.0,0.0,0.0,0.0,0.0,2.0,0.0,0.0,4.0,0.0,0.0,0.0,230.0,0.0,0.0,0.0,0.0,0.0,0.0,0.0,0.0,0.0,0.0,0.0,21.331266510870845,-840.8741030921033,20.61457775010497,-69.10885190763946,20.8827949381403,-807.0111166800334,20.151399805470015,-10.148193355529657,15.70650095787672,31.147412450420548,18.709073796711264,-58.558682804773358,17.608167856378999,39.505778663017739,16.377182235899999,-59.08959640625193,16.599019138301509,-444.8190855433354,976.5805076623919,1271.369229040939,0.0,0.0,0.0,0.0,0.0,0.0,0.0,0.0,0.0,0.0,0.0,0.0,0.0,0.0,0.0,0.0,0.0,0.0,0.0,0.0,0.0,0.0,1.4719814894426749,0.44932279897517549,245.1478112309401,286.654359862089,7612.128668123845,0.2250835436244022,0.03435341019908458,17.249948871744814,20.158325513020615,528.4323981057576,2.424597554873941,0.4581628032641613,463.5078207251248,542.7148402247427,14324.580133273808,0.3450403761245864,0.06520037341734435,282.65971999585948,331.8931150979615,8393.162647594487,0.0,0.0,10.75055318035526,12.83369806429274,216.5913088952567,0.0,0.0,14.705831705291022,17.340376042332424,389.8018787435093,0.0,0.0,276.33055366596207,327.5026806091881,6680.018382693493,0.0,0.0,27.748812995028417,33.06170085719545,587.7078055633913,0.0,0.0,196.9462003034227,234.47989133076096,4258.867802652594,35.62367371961048,24.4332467212692,442.29480051493888,521.1486211137828,13006.689818022951,0.0,0.0,222.29882739175435,265.9267232960008,4218.07217140029,1023.1664946630161,21.481635843476533,37.8414327793841,21.5,30.0,0.0,21.05373989810451,50.59990949968909,21.0,30.0,1197.2437253081938,21.210993941548048,38.24727643093151,21.5,30.0,0.0,20.677405985820014,39.468736006702979,16.0,30.0,0.0,15.761074781888106,54.554496221488708,12.0,30.0,0.0,19.063572656447737,50.26465773444521,19.0,30.0,0.0,17.844929212604407,47.710132590905768,10.0,30.0,0.0,16.292791036483636,52.77278750451062,12.0,30.0,969.9166314526061,16.521597625636966,52.01062738805877,16.5,30.0,0.0,19.463966064240979,0.0,0.0,0.0,15.14639918881333,0.0,0.0,692.8029721150836,1373.5780454078734,677.1602232083176,676.4196408025546,693.9064424831684,1071.2337860409114,695.5517065301283,698.3125691506106,698.2120447689138,7840.0665390964809,82.82090537116551,82.82090537116551,570.0,0.0,570.0,570.0,21.0,16.0,19.0,16.0,12.0,12.0,21.0,10.0,1.0,0.0,1023.1664946630161,0.0,1197.2437253081938,0.0,0.0,0.0,0.0,969.9166314526061,0.0,0.0,0.0,82.82090537116551,82.82090537116551,0.34,0.7699326521158196,0.36028137401965956,82.82090537116551,0.3542647819438875,0.0,0.00912 
 02/18  21:50:00,5.700000000000001,88.0,3.2483333333333337,0.0,0.0,0.0,0.0,0.0,2.0,0.0,0.0,4.0,0.0,0.0,0.0,345.0,0.0,0.0,0.0,0.0,0.0,0.0,0.0,0.0,0.0,0.0,0.0,21.526628680502577,-1514.104322249972,20.606122551864268,-75.55085109275864,21.059154467790309,-279.36974786253048,20.00446202644695,342.87934848785548,15.706209750418858,30.524355018209698,18.69644047957773,-48.751028587475577,17.71247176743387,209.1882242942473,16.287735102236576,-84.85229324178691,16.644496586314689,-422.95049195272989,915.0923147429307,1168.0418115388739,0.0,0.0,0.0,0.0,0.0,0.0,0.0,0.0,0.0,0.0,0.0,0.0,0.0,0.0,0.0,0.0,0.0,0.0,0.0,0.0,0.0,0.0,1.4576749462532082,0.4449557222995145,276.6166900175447,323.5872622710882,8856.588333532469,0.22899838920260888,0.03495091410296231,17.60792569569095,20.629686257759944,542.0853450657314,2.333857035627611,0.44101606871270096,287.43779924416608,337.05038146322627,8902.247293820988,0.37565510488536715,0.07098546955505809,285.09233704012748,335.17477457891939,8385.948020768514,0.0,0.0,11.142249461119326,13.311976665995479,226.44602072824703,0.0,0.0,14.59328009238292,17.221603257994905,389.1359117226251,0.0,0.0,243.46801720424527,288.5475364306758,6043.76453521783,0.0,0.0,33.21902715200072,39.6253245165644,702.5304448221307,0.0,0.0,158.35917069278814,188.65039815545718,3471.6430022661509,35.88331822358949,24.611329371460586,303.927909697241,359.06299703527295,9038.881694723434,0.0,0.0,186.2319138594218,223.14388307265959,3479.880674082339,1818.8317312096675,21.837094247152249,36.687600719299179,22.000000000000019,30.00000000000002,0.0,21.042760415216866,49.98699746031929,21.000000000000015,30.00000000000002,0.0,21.256202812759488,37.88298639669055,21.000000000000015,30.00000000000002,0.0,20.49319749281949,40.075653204973367,16.000000000000015,30.00000000000002,0.0,15.7585953172156,54.52782107802466,12.00000000000001,30.00000000000002,0.0,19.053255088068569,50.27599935797704,19.000000000000015,30.00000000000002,0.0,18.087895611303286,46.83438891921561,10.000000000000007,30.00000000000002,0.0,16.1857577770907,53.12604361400365,12.00000000000001,30.00000000000002,0.0,16.589351811387929,51.761651580542807,16.000000000000015,30.00000000000002,0.0,19.038411696765516,0.0,0.0,0.0,14.89731233123333,0.0,0.0,679.8778499494214,1339.5330012809446,671.6225620243642,687.949228957137,695.0002551120679,1074.3123276282996,693.5842282417106,700.6259358745396,701.1051890695819,9553.094310929955,81.68826858927797,81.68826858927798,570.0000000000005,0.0,570.0000000000005,570.0000000000005,21.0,16.0,19.0,16.0,12.0,12.0,21.0,10.0,1.0,0.0,1818.8317312096675,0.0,0.0,0.0,0.0,0.0,0.0,0.0,0.0,0.0,0.0,81.68826858927797,81.68826858927797,0.3400000000000003,0.7690606428915366,0.3602813740196598,81.68826858927797,0.3542647819438878,0.0,0.009024999999999999 
 02/18  22:00:00,5.61,88.0,3.33,0.0,0.0,0.0,0.0,0.0,2.0,0.0,0.0,4.0,0.0,0.0,0.0,230.0,0.0,0.0,0.0,0.0,0.0,0.0,0.0,0.0,0.0,0.0,0.0,21.42115848572103,-1642.8292963353452,20.59435882636251,-84.22140749895624,20.646514012877419,127.6129648152737,20.006727096418353,214.4505776440801,15.708516060145963,32.2568067719825,18.684835261691647,-50.633974992981908,17.729187391744639,64.77879217463033,16.186824080495819,-77.81947364281496,16.29388193026184,-323.7552256077138,862.7310158299088,1329.9656779896919,0.0,0.0,0.0,0.0,0.0,0.0,0.0,0.0,0.0,0.0,0.0,0.0,0.0,0.0,0.0,0.0,0.0,0.0,0.0,0.0,0.0,0.0,1.454807343762667,0.4440803857639399,313.4893518237488,366.86016899944658,9973.807956265728,0.22366629500946645,0.03413710241292223,18.676445450553886,21.847221455426977,577.4055969164573,2.4741810860998769,0.4675323291949882,261.3498989050437,306.58007327447998,8037.765944302864,0.37586952518272789,0.07102598737390925,265.8524025255365,312.42352015384167,7861.044573743311,0.0,0.0,10.993426736847678,13.126340388911413,225.53183816830319,0.0,0.0,14.703010772521929,17.34136597272059,394.4676992024263,0.0,0.0,271.52608354112308,321.594110904637,6773.532752270459,0.0,0.0,34.4910365538276,41.13778519234539,727.4822981863933,0.0,0.0,185.29921282273728,220.933976953051,3919.622623090735,36.14004674871247,24.787412036153968,279.0401862587268,329.5958735013453,8405.700787806805,0.0,0.0,216.07512959760329,258.5047312008732,4167.873399021525,1738.3538161802872,21.631275344678835,37.07519326184775,22.0,30.0,0.0,21.027796152463016,50.05802020627149,21.0,30.0,12.600171289240427,20.989497872377755,38.55429948007709,21.0,30.0,0.0,20.48229419905607,40.02798798324976,16.0,30.0,0.0,15.762070579859076,54.44782574648245,12.0,30.0,0.0,19.04210598170925,50.17440798086579,19.0,30.0,0.0,18.065042925235283,46.85075575314185,10.0,30.0,0.0,16.05860820761717,53.519583054880687,12.0,30.0,0.0,16.09726247365097,53.33920900316146,16.0,30.0,0.0,18.988650117404398,0.0,0.0,0.0,15.108626976921809,0.0,0.0,679.6887779735225,1346.288566654841,676.7838192678744,688.1289798077946,695.8380099426149,1070.9466948449745,693.6610540141264,702.626954652034,701.8352675151532,8784.884858085497,82.19624550853649,82.19624550853649,570.0,0.0,570.0,570.0,21.0,16.0,19.0,16.0,12.0,12.0,21.0,10.0,1.0,0.0,1738.3538161802872,0.0,12.600171289240427,0.0,0.0,0.0,0.0,0.0,0.0,0.0,0.0,82.19624550853649,82.19624550853649,0.34,0.7708792255650132,0.36028137401965956,82.19624550853649,0.3542647819438875,0.0,0.00893 
 02/18  22:10:00,5.548333333333334,88.00000000000002,3.3933333333333337,0.0,0.0,0.0,0.0,0.0,2.0,0.0,0.0,4.0,0.0,0.0,0.0,1150.0,0.0,0.0,0.0,0.0,0.0,0.0,0.0,0.0,0.0,0.0,0.0,21.359836876148586,-748.0262239411128,20.587473004273819,-75.45956210593237,20.90781216831785,-1136.4924550299316,20.089641729982234,467.6334335394382,15.708931027358015,28.87293607503511,18.670534648771239,-32.4275105034535,17.7704295973286,200.96886348607843,16.106152315136084,-120.71153822802754,17.696675141850819,-356.3963409069392,896.4399434387111,994.4330224016567,0.0,0.0,0.0,0.0,0.0,0.0,0.0,0.0,0.0,0.0,0.0,0.0,0.0,0.0,0.0,0.0,0.0,0.0,0.0,0.0,0.0,0.0,1.5310510151646595,0.46735378973280208,147.79135393643223,173.4420014953278,4722.667812520622,0.2403424390751665,0.03668230144614874,17.151606519974036,20.1045909357402,533.1442889139528,2.0880551278409347,0.3945682403327544,282.62102648608848,331.60877841355366,9036.569371509962,0.3738524456378137,0.07064483099731929,297.58213430347868,350.2654918152036,8931.597792815452,0.0,0.0,11.25146265129639,13.46085418246803,232.15616021380277,0.0,0.0,13.134352835467924,15.534803948297633,353.51001618453247,0.0,0.0,189.5018813787823,225.00882339317787,4776.410150851316,0.0,0.0,42.94155678937035,51.31433309452521,902.2534818282381,0.0,0.0,120.2267613350022,142.85967478900555,2968.4285040719566,36.45954111497682,25.00654397460688,295.7027042547478,349.9395383611281,8968.141814038687,0.0,0.0,137.0193104508683,164.63111994613986,2551.6484799791589,766.5895633883832,21.552088907335159,37.38639392741992,21.5,30.0,0.0,21.023278986774235,50.147737552469738,21.000000000000005,30.0,1404.8200887701028,21.516910704099119,36.91632566506382,21.400000000000003,30.0,0.0,20.673401147655427,39.21009528093506,15.999999999999999,30.0,0.0,15.761724565500057,54.353550898741328,12.0,30.0,0.0,19.02841155359595,48.94892970604607,19.0,30.0,0.0,18.1845085812218,46.29691958646345,10.0,30.0,0.0,15.964603743203309,53.6991332148528,12.0,30.0,2968.865865955417,18.04493584267422,47.07121673164525,20.0,30.0,0.0,19.044601322631605,0.0,0.0,0.0,14.586807724051833,0.0,0.0,695.5976451697619,1356.3351805301196,664.9704957577579,679.7255349679447,695.8289425760954,1048.6120192308243,694.2260552473731,701.897208000923,699.2955725305704,10419.247206818,81.11538955205836,84.02249878200844,570.0,0.0,570.0,570.0,21.0,16.0,19.0,19.0,12.0,12.0,21.0,10.0,1.0,0.0,766.5895633883832,0.0,1404.8200887701028,0.0,0.0,0.0,0.0,2968.865865955417,4399.327601761863,2639596.5610571184,3438220.857419772,81.11538955205836,84.0718711476733,0.3506442533920622,0.7684115701290517,0.3602813740196596,84.0718711476733,0.3542647819438876,3438220.857419772,0.1876224845858282 
 02/18  22:20:00,5.486666666666667,88.0,3.456666666666667,0.0,0.0,0.0,0.0,0.0,2.0,0.0,0.0,4.0,0.0,0.0,0.0,460.0,0.0,0.0,0.0,0.0,0.0,0.0,0.0,0.0,0.0,0.0,0.0,21.38326344587908,-748.262443734128,20.58326521758758,-57.10778998343568,21.227414581796816,-1288.8831690335906,20.244965380503623,503.9822386443193,15.70658024445441,32.90225211301751,18.662474978680675,-41.1663924751887,17.627297998647014,-14.615612436594347,15.979406289828063,-77.61461972966566,18.463261599848118,-632.9591578388511,1005.3845324235258,1543.0555332383695,0.0,0.0,0.0,0.0,0.0,0.0,0.0,0.0,0.0,0.0,0.0,0.0,0.0,0.0,0.0,0.0,0.0,0.0,0.0,0.0,0.0,0.0,1.554686004226874,0.47456837735863069,201.14033858830937,235.61019304714405,6452.90878315724,0.27260018337514077,0.04160564459327546,12.735877489642002,14.936444295274966,400.2501880895692,1.9920709451192947,0.37643063966728937,334.8276871092142,392.2834002748889,10862.13089345907,0.3777699903466942,0.07138510777526343,307.0768143148819,360.790439317197,9413.500225117192,0.0,0.0,12.616435688144798,15.080682374892606,261.83794116335317,0.0,0.0,14.55744885075864,17.19699455492448,393.5275137491342,0.0,0.0,233.05423611895606,276.5205455584765,5752.8061946806969,0.0,0.0,51.68783589996252,61.781898758829317,1075.539895084807,0.0,0.0,186.6046238436976,220.02291093427795,5215.359437590191,36.868415400902517,25.286979012964694,330.92699644855966,390.9373082247014,10165.948696819301,0.0,0.0,183.65105650374364,219.50079533360919,3763.633222331873,875.6677056361534,21.675445541665157,36.734820058966999,21.75,30.0,0.0,21.01991898846659,50.206716603673118,21.0,30.0,1827.4583949222416,21.761743549199406,36.24605696634696,21.5,30.0,0.0,20.94045129335374,38.27921612320196,16.0,30.0,0.0,15.757944505440428,54.219759552363658,12.0,30.0,0.0,19.02317683973516,47.27488480306647,19.0,30.0,0.0,17.87317520231656,47.14873934898293,10.0,30.0,0.0,15.789029350110491,54.13370784622365,12.0,30.0,933.4194506499119,19.67130916581108,42.27092128637952,19.5,30.0,0.0,19.306784524514418,0.0,0.0,0.0,15.282563791470299,0.0,0.0,681.2075791637687,1370.7422455009399,663.698856395814,671.6481765001186,696.9295060419573,1026.197150992872,697.2084706070375,702.2550326169715,702.1837154543487,9088.366021169863,81.99527597061617,85.65335931759482,570.0,0.0,570.0,570.0,21.0,16.0,19.0,19.0,12.0,12.0,21.0,10.0,1.0,0.0,875.6677056361534,0.0,1827.4583949222416,0.0,0.0,0.0,0.0,933.4194506499119,5535.783111124683,3321469.8666748099,4334087.013226365,81.99527597061617,85.71548571682982,0.3545261037041561,0.7662424816926052,0.36028137401965956,85.71548571682982,0.3542647819438875,4334087.013226365,0.23420752468777099 
 02/18  22:30:00,5.425000000000001,88.0,3.52,0.0,0.0,0.0,0.0,0.0,2.0,0.0,0.0,4.0,0.0,0.0,0.0,460.0,0.0,0.0,0.0,0.0,0.0,0.0,0.0,0.0,0.0,0.0,0.0,21.307323692782675,-824.2816496322896,20.917070895049848,-117.7680817938722,21.16611523349495,-1237.407856972876,20.211772096639739,270.5413384168114,15.706358082548605,29.285776432851635,18.86652824965304,-50.07113402906933,17.365714771513717,-50.78782356262673,15.994840703917302,-5.88901325691603,18.795521864531389,-1287.2956623355913,940.6922160502611,1920.1597030301055,0.0,0.0,0.0,0.0,0.0,0.0,0.0,0.0,0.0,0.0,0.0,0.0,0.0,0.0,0.0,0.0,0.0,0.0,0.0,0.0,0.0,0.0,1.5609722604287717,0.4764872589831416,224.05501791463676,262.3957718401987,7235.976822580412,0.21334815756417875,0.03256229511052789,22.455897593345204,26.288945349886484,716.7238353626947,2.139642127600073,0.40431635064249318,314.7319813446089,368.3271523885304,10187.808679751099,0.35251309431824387,0.06661245168523125,210.05106241156097,246.57041593269418,6430.001757473354,0.0,0.0,12.200976102102189,14.585647141035329,254.73021952295754,0.0,0.0,14.975337129849452,17.68882133617212,410.4664323669655,0.0,0.0,290.2118070234899,344.9716892799311,6988.93005156957,0.0,0.0,49.43062033861092,59.07215573210054,1043.35350346735,0.0,0.0,262.22422120981607,309.1249181007868,7530.058692628252,36.79572813491946,25.237124921069598,304.3042774802071,359.04684036786736,9439.601762476053,0.0,0.0,252.0542933377014,301.00184781302007,5431.484095748634,1308.622541761125,21.639648714829105,37.29471637760289,21.75,30.0,843.5809665481831,21.42279833097207,48.148634380315929,21.5,30.0,1818.0627471653073,21.561453742316318,36.75389591895882,21.5,30.0,0.0,20.814653799976307,38.82385688673978,16.0,30.0,0.0,15.757862835140026,54.0900266312577,12.0,30.0,433.4974559175372,19.165068092635069,45.85713349060148,19.25,30.0,0.0,17.414158321762164,48.5148516994878,10.0,30.0,0.0,15.876182754548708,53.60351307629479,12.0,30.0,2470.680459166951,19.849342994513039,41.720035649970998,20.0,30.0,0.0,19.11066062127493,0.0,0.0,0.0,16.083573795740127,0.0,0.0,720.024995181334,1331.0652393972458,680.0857953821633,695.8251490257469,699.3983269295325,1008.3895763432993,706.6661217918957,703.9164743882826,710.3528740003885,11038.229155819527,80.70591345232873,86.28519087043839,570.0,0.0,570.0,570.0,21.0,16.0,19.0,19.0,12.0,12.0,21.0,10.0,1.0,0.0,1308.622541761125,843.5809665481831,1818.0627471653073,0.0,433.4974559175372,0.0,0.0,2470.680459166951,8442.87201031012,5065723.206186073,6601210.785269801,80.70591345232873,86.37994552292781,0.3664290670103374,0.7683224119364611,0.36028137401965956,86.37994552292781,0.3542647819438875,6601210.785269801,0.35209796083402969 
 02/18  22:40:00,5.363333333333333,88.0,3.583333333333333,0.0,0.0,0.0,0.0,0.0,2.0,0.0,0.0,0.0,0.0,0.0,0.0,575.0,0.0,0.0,0.0,0.0,0.0,0.0,0.0,0.0,0.0,0.0,0.0,21.362627449264879,-971.9050030169591,20.799796550940166,-319.2388245202623,21.156480123232549,-477.38971109950986,20.236487329441819,210.85971824322864,15.707274912035324,33.41876943074247,18.880297775184198,-59.1983478378811,17.441638975600804,66.02641794314751,16.02002547816609,-19.5005128499261,18.738155979039389,-836.6201712909523,1100.7776483599458,1553.7126198145598,0.0,0.0,0.0,0.0,0.0,0.0,0.0,0.0,0.0,0.0,0.0,0.0,0.0,0.0,0.0,0.0,0.0,0.0,0.0,0.0,0.0,0.0,1.5800199788751544,0.4823015808532218,408.70304135405226,479.26992919009799,13023.782272479735,0.28227325287724178,0.04308199830238733,200.61660345174048,235.4914478453772,6362.966282251814,2.0859139219756597,0.3941636284912434,328.63798998250709,385.4442079157796,10471.18401672235,0.359550605350651,0.06794229126051606,254.37665785500767,298.97627727272529,7830.623033463017,0.0,0.0,12.833647057307119,15.34754211544972,269.63380137078038,0.0,0.0,15.186953936883623,17.93237347679939,425.3363360781551,0.0,0.0,253.6563386114148,301.416963473769,6233.52133888557,0.0,0.0,48.68494336933137,58.181386752362957,1041.4071179225944,0.0,0.0,219.34704841279356,259.0594782962573,6148.533188848002,37.29951855437777,25.582660188187785,479.17265042004427,565.1361472180162,14892.351137109965,0.0,0.0,207.6731541911276,248.4296489828024,4350.558539870008,1186.2168070405863,21.578384408403303,40.084557711964638,21.4,30.0,0.0,21.31123904628238,41.05640796301046,12.000000000000002,30.0,788.1405378351612,21.462240060757,40.09209035569675,21.200000000000004,30.0,0.0,20.857793261360546,41.279803707000088,16.0,30.0,0.0,15.762163670139135,54.24265793679242,12.000000000000002,30.0,0.0,19.404505247159855,44.61217904441277,12.000000000000002,30.0,0.0,17.61102761572959,49.36895826730514,10.0,30.0,0.0,15.958428170850441,53.400196746951568,12.000000000000002,30.0,1249.799962419421,19.406633663427184,43.789302128547017,19.4,30.0,0.0,19.735037218769759,0.0,0.0,0.0,15.676731891012722,0.0,0.0,886.9434908698584,907.4822790500068,867.7340556179299,847.2891812296243,714.2861149673336,1002.0112155910243,782.215487903204,715.0045717818293,763.1422122099548,9220.906773012002,81.90778826505735,84.77399756261262,60.0,0.0,60.0,60.0,12.0,16.0,12.0,19.0,12.0,12.0,21.0,10.0,1.0,0.0,1186.2168070405863,0.0,788.1405378351612,0.0,0.0,0.0,0.0,1249.799962419421,4337.522401588307,2602513.4409529839,3399443.864364804,81.90778826505735,84.82267531164698,0.34858408005294358,0.7681307263951372,0.36028137401965956,84.82267531164698,0.35426478194388757,3399443.864364804,0.1777010809469698 
 02/18  22:50:00,5.301666666666667,88.0,3.6466666666666667,0.0,0.0,0.0,0.0,0.0,2.0,0.0,0.0,0.0,0.0,0.0,0.0,345.0,0.0,0.0,0.0,0.0,0.0,0.0,0.0,0.0,0.0,0.0,0.0,21.17392106257168,-574.9765240527299,20.473942093579315,-48.09755622055859,21.109249189731928,-889.6832875663369,20.149423047453298,253.61025181726465,15.706556714623403,32.5485246636028,18.659322852180148,-57.814927405034207,17.33137064139183,-23.876688239319284,15.995527068769582,-9.639827892273928,18.92020236252016,-1160.9352524868728,1026.4807280663502,1869.6844588476657,0.0,0.0,0.0,0.0,0.0,0.0,0.0,0.0,0.0,0.0,0.0,0.0,0.0,0.0,0.0,0.0,0.0,0.0,0.0,0.0,0.0,0.0,1.6144896708901114,0.4928234648626717,237.2355473460802,278.3879683801023,7518.577345265268,0.3075826732956961,0.046944852456608118,103.78222242218618,121.86586856358002,3207.304662627983,1.7454731012180942,0.3298324076375843,263.71075537378325,309.26913972588309,8423.45177998912,0.33413698287660906,0.06314001944002441,213.1457752046324,250.49305348259493,6527.068598192702,0.0,0.0,12.85058262995192,15.35676156889167,271.62780318088155,0.0,0.0,15.716089993884755,18.564927700726,431.8193232608029,0.0,0.0,284.51916165452067,338.0067872170075,6910.2790650113979,0.0,0.0,49.09688592189168,58.634449631401199,1055.1851190249795,0.0,0.0,255.82224066211036,301.4580520483762,7357.0366815887359,37.25405818735305,25.551480238239436,346.919671096017,409.5312668141082,10780.333587294328,0.0,0.0,246.15051735027402,293.71034983474638,5368.7340294492619,673.566682518125,21.288482493949119,38.62573914590022,21.33333333333335,30.00000000000002,0.0,20.83773164882758,41.12690868301435,12.00000000000001,30.00000000000002,1158.113587219816,21.48507624810995,38.5266255234781,21.33333333333335,30.00000000000002,0.0,20.71277998398547,41.02876508452931,16.000000000000015,30.00000000000002,0.0,15.762401774592365,54.792402605048497,12.00000000000001,30.00000000000002,0.0,19.062470276158789,45.35022090406336,12.00000000000001,30.00000000000002,0.0,17.39993698712674,49.7543843673962,10.000000000000007,30.00000000000002,0.0,15.945222009119437,54.19322655982725,12.00000000000001,30.00000000000002,1224.7983164720714,19.76544310977746,42.96066087069262,19.666666666666683,30.00000000000002,0.0,19.34763899762477,0.0,0.0,0.0,16.061751422741368,0.0,0.0,763.5644057463186,847.6952153533659,786.5451590967572,819.6617967126081,744.816156036505,1008.0933924674148,773.8407595288875,752.2591624923081,777.017912065697,7590.695473299321,82.9856695779525,82.9856695779525,60.00000000000004,0.0,60.00000000000004,60.00000000000004,12.0,16.0,12.0,19.0,12.0,12.0,21.0,10.0,1.0,0.0,673.566682518125,0.0,1158.113587219816,0.0,0.0,0.0,0.0,1224.7983164720714,0.0,0.0,0.0,82.9856695779525,82.9856695779525,0.3400000000000003,0.7697873488611197,0.3602813740196598,82.9856695779525,0.3542647819438878,0.0,0.0009300000000000002 
 02/18  23:00:00,5.24,88.0,3.71,0.0,0.0,0.0,0.0,0.0,2.0,0.0,0.0,0.0,0.0,0.0,0.0,345.0,0.0,0.0,0.0,0.0,0.0,0.0,0.0,0.0,0.0,0.0,0.0,21.21227850554908,-1379.1179782499638,20.446768706257033,409.34779616442065,21.00464380905195,-384.33238399972989,20.163958191791843,323.5498087170326,15.707003278767218,35.25366403163535,18.49809437047771,-44.85464016329786,17.41618648101001,107.03866443320757,15.967157691179809,-51.324317655958157,18.875790102584224,-818.0446281578988,1166.2339112051096,1453.5446413679716,0.0,0.0,0.0,0.0,0.0,0.0,0.0,0.0,0.0,0.0,0.0,0.0,0.0,0.0,0.0,0.0,0.0,0.0,0.0,0.0,0.0,0.0,1.621024616873045,0.4948182591187566,442.00016112190135,517.8679950633291,14277.11453645522,0.34990163653377528,0.05340379067975819,260.5434423659868,306.01804686915747,8095.066522148496,1.8969932351518415,0.3584643301496303,275.9455628929477,324.02100489420629,8734.15098767547,0.3507025634717179,0.06627032567492783,231.02158762337829,271.4699205022806,7120.854221633744,0.0,0.0,13.255653792547136,15.840010175655632,281.93708429006247,0.0,0.0,15.665882299139236,18.520522630951267,425.4255712423749,0.0,0.0,242.0715582130781,287.3546675141501,6011.7773583709499,0.0,0.0,48.41674598642634,57.820331297331069,1043.9782836466305,0.0,0.0,205.58467166362699,242.31495073752763,5907.245568198892,37.66724933600011,25.8348760877916,490.1223298010415,577.9637836126666,15226.060208355984,0.0,0.0,191.44761330054994,228.82042624554493,4009.63482223772,1321.7322399784728,21.518114763322207,37.73365847158766,21.666666666666687,30.00000000000002,0.0,20.89822815145627,39.41761418176769,12.00000000000001,30.00000000000002,0.0,21.110299458518648,38.997743535116587,21.000000000000015,30.00000000000002,0.0,20.754490835243897,39.889654792651899,16.000000000000015,30.00000000000002,0.0,15.765936955928837,54.890180272893548,12.00000000000001,30.00000000000002,0.0,18.829838836886187,45.72517675360795,12.00000000000001,30.00000000000002,0.0,17.618408112534316,48.75277053337939,10.000000000000007,30.00000000000002,0.0,15.917588998205634,54.59806803189683,12.00000000000001,30.00000000000002,1739.2007952041077,19.610263570744555,43.14427862517071,19.666666666666683,30.00000000000002,0.0,19.73056197437006,0.0,0.0,0.0,15.53208562734441,0.0,0.0,755.9616351876315,770.4061018485596,771.8195663684334,772.8927761905851,757.7438212030937,1005.962033471935,770.8307224833748,772.8298868441318,773.868318786174,8249.468148678112,82.55012203673795,82.55012203673795,60.00000000000004,0.0,60.00000000000004,60.00000000000004,12.0,16.0,12.0,19.0,12.0,12.0,21.0,10.0,1.0,0.0,1321.7322399784728,0.0,0.0,0.0,0.0,0.0,0.0,1739.2007952041077,0.0,0.0,0.0,82.55012203673795,82.55012203673795,0.3400000000000003,0.770620112577967,0.3602813740196598,82.55012203673795,0.3542647819438878,0.0,0.0009300000000000002 
 02/18  23:10:00,5.201666666666667,88.16666666666667,3.7633333333333338,0.0,0.0,0.0,0.0,0.0,2.0,0.0,0.0,0.0,0.0,0.0,0.0,690.0,0.0,0.0,0.0,0.0,0.0,0.0,0.0,0.0,0.0,0.0,0.0,20.576984111408913,-230.97874633621886,20.28235300730324,-312.8811138796185,20.4511576790184,-301.4456551770307,20.02249300707188,-101.09397939867945,15.702142885624753,27.594063535075695,18.376601004276219,-42.023722922884669,17.275635958659636,-54.932196820656219,15.93153859843299,-20.575793301710364,18.469679884832585,-705.0996385530117,725.7825825970409,1493.8460675438058,0.0,0.0,0.0,0.0,0.0,0.0,0.0,0.0,0.0,0.0,0.0,0.0,0.0,0.0,0.0,0.0,0.0,0.0,0.0,0.0,0.0,0.0,1.5745887987178709,0.48064371145234149,207.3234016477915,244.33638215776217,6338.498270699333,0.2955860877789985,0.0451138717611414,110.60874662209609,130.27502855626833,3402.6435285324766,1.7068836650611437,0.3225403751060363,129.64755327435032,152.66707200147415,4023.0877521269856,0.30370774089558619,0.057389973714207478,80.01271169623426,94.31812584973517,2441.8201921794945,0.0,0.0,11.898086516892175,14.23210206864184,253.7957313234889,0.0,0.0,13.913662445817224,16.47688857600657,374.7415417120224,0.0,0.0,246.34740090482289,293.1041669072589,6009.2817499519,0.0,0.0,45.19217175009683,54.035380924892198,975.3482496287751,0.0,0.0,217.07465418098043,256.8261147531073,5977.783274119435,36.98986614015922,25.37027855977999,193.15230485743164,229.09866691868545,6138.46784253428,0.0,0.0,207.78570145749746,248.702214124947,4382.442123893035,0.0,20.451811591882217,39.96888743903797,21.999999999999994,30.0,0.0,20.578696849296429,39.37645407191898,11.999999999999997,30.0,0.0,20.572998989105476,39.44621541113313,21.833333333333326,30.0,0.0,20.462228522865187,40.029095856874267,11.999999999999997,30.0,0.0,15.758739225283378,54.911154853249268,11.999999999999997,30.0,0.0,18.669900369911969,45.989814416408979,11.999999999999997,30.0,0.0,17.33894386113067,49.40266043447508,9.999999999999999,30.0,0.0,15.888574705579789,54.59511974400278,11.999999999999997,30.0,0.0,18.955592404833454,44.7621053363847,19.33333333333333,30.0,0.0,17.59418433235296,0.0,0.0,0.0,15.594521480401657,0.0,0.0,743.6899450654248,736.0080064513161,733.0295718576729,747.0574574928789,764.4145516521967,1009.4744969616515,766.8097590233823,775.5670450029634,772.4312948191724,0.0,84.06011729187776,84.06011729187776,60.0,0.0,60.0,60.0,12.0,12.0,12.0,19.0,12.0,12.0,21.0,10.0,0.0,0.0,0.0,0.0,0.0,0.0,0.0,0.0,0.0,0.0,0.0,0.0,0.0,84.06011729187776,84.06011729187776,0.0,0.0,0.0,84.06011729187776,0.0,0.0,0.00093 
 02/18  23:20:00,5.163333333333334,88.33333333333334,3.816666666666667,0.0,0.0,0.0,0.0,0.0,2.0,0.0,0.0,0.0,0.0,0.0,0.0,575.0,0.0,0.0,0.0,0.0,0.0,0.0,0.0,0.0,0.0,0.0,0.0,20.203620934716065,-212.18563225454313,19.91993631490079,-222.1069899539224,20.066439557794383,-388.3207733897888,19.728129520926186,-56.91882003681041,15.687394090625315,18.873540922343936,18.27895742204792,-37.08704122053652,17.149250808188975,-64.8833915989286,15.885472920688775,-66.66068274661909,17.890206619224949,-296.3149316934531,635.8195452200318,1110.620636253503,0.0,0.0,0.0,0.0,0.0,0.0,0.0,0.0,0.0,0.0,0.0,0.0,0.0,0.0,0.0,0.0,0.0,0.0,0.0,0.0,0.0,0.0,1.5466921173277233,0.4721282409425286,170.44043156222137,201.14557751827469,5041.129867363344,0.289932395772417,0.044250976155741309,78.8054427594803,93.00762338150895,2333.25561966995,1.524608101753978,0.28809676903892275,126.02975691979019,148.60216896613003,3747.595651001888,0.2889032083323022,0.054592442995521957,64.72122501971947,76.27870028236899,1907.893790603213,0.0,0.0,10.902318765011064,13.04070389699503,232.90861412916287,0.0,0.0,12.104001717490977,14.33940681842456,323.86292565174059,0.0,0.0,195.3488379093473,232.58603173003639,4704.528786852722,0.0,0.0,39.70124453647363,47.474586743424669,855.3490370827287,0.0,0.0,164.73297213296577,195.5316928628672,4251.700244463864,36.68134197463918,25.158670764498763,164.80350920359107,195.683284252249,5204.531559291172,0.0,0.0,156.09152714745535,187.3656491477639,3051.5930819977668,0.0,19.903185032592597,40.485472540245918,22.000000000000008,30.000000000000008,0.0,19.977114937571526,39.641722337053767,12.000000000000004,30.000000000000008,0.0,19.954120584876777,39.76551225251773,22.000000000000008,30.000000000000008,0.0,19.955335215082575,40.13431342101919,12.000000000000004,30.000000000000008,0.0,15.73472281262271,54.83491288719164,12.000000000000004,30.000000000000008,0.0,18.536396146476628,46.161992451424428,12.000000000000004,30.000000000000008,0.0,17.13602347558594,49.50346206549811,10.000000000000002,30.000000000000008,0.0,15.826646251161453,54.56766301146297,12.000000000000004,30.000000000000008,0.0,18.02399124474507,47.07627237928949,20.000000000000005,30.000000000000008,0.0,17.969589446452348,0.0,0.0,0.0,14.750600597237366,0.0,0.0,708.8078131881968,686.3135542308414,683.2244988991949,697.9463418656977,765.0900322535317,1023.1846923482897,752.5623524536351,773.7573379822668,761.7140110991894,0.0,84.06011729187779,84.06011729187779,60.000000000000017,0.0,60.000000000000017,60.000000000000017,12.0,12.0,12.0,19.0,12.0,12.0,21.0,10.0,0.0,0.0,0.0,0.0,0.0,0.0,0.0,0.0,0.0,0.0,0.0,0.0,0.0,84.06011729187779,84.06011729187779,0.0,0.0,0.0,84.06011729187779,0.0,0.0,0.0009333333333333334 
 02/18  23:30:00,5.125,88.5,3.87,0.0,0.0,0.0,0.0,0.0,2.0,0.0,0.0,0.0,0.0,0.0,0.0,345.0,0.0,0.0,0.0,0.0,0.0,0.0,0.0,0.0,0.0,0.0,0.0,19.919766308358058,-210.85232545808118,19.695974946895619,-337.37544983218165,19.832483368998653,-189.73558921419835,19.50581075631809,-156.90894064051313,15.665427733116081,13.272570493946845,18.19629746355315,-30.823184609222328,17.036770483757807,-62.865730655928299,15.792632837886332,-91.57192219562274,17.596938962718839,-172.7832548385837,503.84844230756769,924.1235138079853,0.0,0.0,0.0,0.0,0.0,0.0,0.0,0.0,0.0,0.0,0.0,0.0,0.0,0.0,0.0,0.0,0.0,0.0,0.0,0.0,0.0,0.0,1.526713689727977,0.4660298198192847,182.56878977819717,215.1893052678281,5266.503759493295,0.2790397955318245,0.04258849138153609,95.49854001413554,112.55317523123195,2743.1530676498807,1.4542644725037775,0.27480432209066088,88.02659915067294,103.77243147841839,2581.5102460425907,0.284012834757444,0.05366833612196595,71.43175251241384,84.25183593635896,2062.962452283558,0.0,0.0,10.128238686102133,12.109944340851597,216.5059466726711,0.0,0.0,11.40045366376309,13.502324811495786,303.6337081773285,0.0,0.0,166.30705691979927,198.01069745959365,3963.348077516376,0.0,0.0,37.22588732183417,44.50775182695429,794.4537074938345,0.0,0.0,136.99076742909177,162.7368161474398,3433.838693983007,36.49621355456379,25.031696539481339,148.943761492647,176.6248425947097,4681.303018134227,0.0,0.0,128.58629541068388,154.5292418812518,2389.766646903951,0.0,19.520671074330708,40.33915060150328,21.999999999999994,29.99999999999999,0.0,19.63911133156764,39.8049896065036,11.999999999999995,29.99999999999999,0.0,19.64596625343454,39.93502363423906,21.999999999999994,29.99999999999999,0.0,19.58689941144742,40.16629585015326,11.999999999999995,29.99999999999999,0.0,15.70008021961829,54.66194418345768,11.999999999999995,29.99999999999999,0.0,18.430626635912565,46.18365816104226,11.999999999999995,29.99999999999999,0.0,16.966159683218636,49.34191007089395,9.999999999999997,29.99999999999999,0.0,15.681491799078853,54.79465356380054,11.999999999999995,29.99999999999999,0.0,17.606523273133229,47.919434074044698,19.999999999999994,29.99999999999999,0.0,17.47851509821588,0.0,0.0,0.0,14.247135092563458,0.0,0.0,665.5076817830448,659.678915488261,658.8155681065105,662.2413999418396,760.5244805784439,1037.1259809634103,731.1588084082714,769.209355540334,749.2518066796936,0.0,84.06011729187775,84.06011729187775,59.99999999999998,0.0,59.99999999999998,59.99999999999998,12.0,12.0,12.0,19.0,12.0,12.0,21.0,10.0,0.0,0.0,0.0,0.0,0.0,0.0,0.0,0.0,0.0,0.0,0.0,0.0,0.0,84.06011729187775,84.06011729187775,0.0,0.0,0.0,84.06011729187775,0.0,0.0,0.0009366666666666669 
 02/18  23:40:00,5.086666666666667,88.66666666666666,3.9233333333333335,0.0,0.0,0.0,0.0,0.0,2.0,0.0,0.0,0.0,0.0,0.0,0.0,230.0,0.0,0.0,0.0,0.0,0.0,0.0,0.0,0.0,0.0,0.0,0.0,19.614790034891237,-339.6146212877361,19.4421847498137,-127.27022478979947,19.59367347587482,-236.45868560969954,19.291018682371804,-183.23548885250558,15.641917237342018,11.014675155843836,18.124581928879409,-35.82024181129266,16.955601198660319,-41.459467407346,15.697330573626126,-102.73335728722762,17.415228814948656,-136.20802593889818,659.5703539472004,849.927667394458,0.0,0.0,0.0,0.0,0.0,0.0,0.0,0.0,0.0,0.0,0.0,0.0,0.0,0.0,0.0,0.0,0.0,0.0,0.0,0.0,0.0,0.0,1.5078442483899924,0.46026991709096246,237.2092646499635,280.16491154630298,6609.3481391573009,0.288603980463746,0.04404822656650581,114.43755465822203,135.02136072570887,3247.3256372053144,1.4517781744083438,0.27433450007716267,177.97566281778385,209.9482579219141,5090.329623642464,0.2781935150914648,0.05256869143829644,96.5147712851817,113.87125259542398,2721.078003425477,0.0,0.0,10.160332627857052,12.13873979004666,217.3263706321988,0.0,0.0,11.680974572028305,13.825163557568656,310.0531223747589,0.0,0.0,157.55830188178209,187.50884009910443,3733.6518389317668,0.0,0.0,36.36746508194041,43.468778337494317,768.8577205316003,0.0,0.0,126.80992558552214,150.6427915301443,3130.9387988421715,36.45634203530214,25.00434981845142,266.7925902534878,316.00472188719359,7884.177655578359,0.0,0.0,117.61121508719617,141.36091030724175,2130.182893269957,0.0,19.0755894489686,40.989127710989539,22.000000000000008,30.00000000000001,0.0,19.27636243656949,40.17744739558914,12.000000000000004,30.00000000000001,0.0,19.30448118717598,40.169377929359587,22.000000000000008,30.00000000000001,0.0,19.252974182100645,40.39931636819,12.000000000000004,30.00000000000001,0.0,15.665693080120873,54.3733934114851,12.000000000000004,30.00000000000001,0.0,18.342570671939688,46.08017718299233,12.000000000000004,30.00000000000001,0.0,16.85803377079532,49.24624937257225,10.000000000000004,30.00000000000001,0.0,15.537908317362679,54.961667107867118,12.000000000000004,30.00000000000001,0.0,17.372699979514829,48.050183757714879,20.000000000000008,30.00000000000001,0.0,17.987337443947874,0.0,0.0,0.0,13.973659856444293,0.0,0.0,645.7281993507639,636.4327501808615,634.8832318883701,638.8564091030023,751.3044732194933,1043.4034670857075,718.7127408452769,762.0834311532833,730.4556746884684,0.0,84.0601172918778,84.0601172918778,60.00000000000002,0.0,60.00000000000002,60.00000000000002,12.0,12.0,12.0,19.0,12.0,12.0,21.0,10.0,0.0,0.0,0.0,0.0,0.0,0.0,0.0,0.0,0.0,0.0,0.0,0.0,0.0,84.0601172918778,84.0601172918778,0.0,0.0,0.0,84.0601172918778,0.0,0.0,0.00094 
 02/18  23:50:00,5.048333333333333,88.83333333333334,3.976666666666667,0.0,0.0,0.0,0.0,0.0,2.0,0.0,0.0,0.0,0.0,0.0,0.0,345.0,0.0,0.0,0.0,0.0,0.0,0.0,0.0,0.0,0.0,0.0,0.0,19.44966788451222,-53.10386362456276,19.3209298413121,-230.1862799546846,19.426630471468405,-305.0110241092112,19.143868512511479,-75.13136953011582,15.619911586734706,7.060944533597977,18.065359608948069,-28.145238572905336,16.85902424633351,-103.79136143630098,15.614979604599054,-114.23833467924648,17.289952523290159,-123.30217645262347,546.3772924008476,789.0220734841248,0.0,0.0,0.0,0.0,0.0,0.0,0.0,0.0,0.0,0.0,0.0,0.0,0.0,0.0,0.0,0.0,0.0,0.0,0.0,0.0,0.0,0.0,1.4806584258305374,0.45197143645620838,195.32365480132274,231.18990249579356,5466.054335625332,0.27322659938883067,0.041701251432971746,86.1032376775927,101.9140086074097,2425.01711721269,1.4073307386552308,0.26593551372925786,151.64080894654456,179.30621565909753,4285.477886399187,0.27337781039417599,0.051658694329965258,72.91844328849837,86.15436870687276,2044.800049526399,0.0,0.0,9.233303398269709,11.042480396724649,197.67562710633175,0.0,0.0,10.362341645481028,12.280128715751133,274.58690516684859,0.0,0.0,143.2037193978224,170.65377555650367,3364.893824456666,0.0,0.0,35.554826863000389,42.55317293880514,746.4855269288332,0.0,0.0,116.50946454107164,138.58843663966349,2853.454442336997,36.26738921154218,24.87475254563938,203.52232960432583,241.9095460069819,6058.268248707067,0.0,0.0,108.96308562684354,131.17301912661839,1935.4380222072926,0.0,18.960704133437227,40.98136711631574,22.000000000000019,30.00000000000002,0.0,19.128648896179258,40.20606887509263,12.00000000000001,30.00000000000002,0.0,19.09664749137613,40.33412635540737,22.000000000000019,30.00000000000002,0.0,19.067434750635763,40.5209111778921,12.00000000000001,30.00000000000002,0.0,15.636720536396308,54.06255371192177,12.00000000000001,30.00000000000002,0.0,18.279130585692568,45.89234902362943,12.00000000000001,30.00000000000002,0.0,16.71575694469808,49.07288953448317,10.000000000000007,30.00000000000002,0.0,15.42395873358992,54.88986052415485,12.00000000000001,30.00000000000002,0.0,17.231626055356516,47.95990164761834,20.000000000000015,30.00000000000002,0.0,17.605050025911937,0.0,0.0,0.0,13.758983121358039,0.0,0.0,634.3687564588147,620.8417729987612,621.687017387188,625.8644523272733,741.0592011889335,1045.0713495461938,699.8023371273581,750.7309159381287,714.6164481195192,0.0,84.06011729187785,84.06011729187785,60.00000000000004,0.0,60.00000000000004,60.00000000000004,12.0,12.0,12.0,19.0,12.0,12.0,21.0,10.0,0.0,0.0,0.0,0.0,0.0,0.0,0.0,0.0,0.0,0.0,0.0,0.0,0.0,84.06011729187785,84.06011729187785,0.0,0.0,0.0,84.06011729187785,0.0,0.0,0.0009466666666666667 
 02/18  24:00:00,5.01,89.0,4.03,0.0,0.0,0.0,0.0,0.0,2.0,0.0,0.0,0.0,0.0,0.0,0.0,230.0,0.0,0.0,0.0,0.0,0.0,0.0,0.0,0.0,0.0,0.0,0.0,19.328874122986315,-222.3983231164707,19.200269304987694,-146.2779654861581,19.328772376192267,-139.65943938566978,19.07249451151378,-12.239684056567292,15.595092865387464,6.252598246312118,18.004335264559346,-32.682025076442219,16.765191164314396,-79.41691138569149,15.53078326650638,-114.48841286662906,17.170966355606678,-120.55069374063419,382.4140874759453,791.9045933425828,0.0,0.0,0.0,0.0,0.0,0.0,0.0,0.0,0.0,0.0,0.0,0.0,0.0,0.0,0.0,0.0,0.0,0.0,0.0,0.0,0.0,0.0,1.469286333531346,0.4485001018105452,166.17428083480119,196.5607118667208,4633.863029363598,0.27661058610694458,0.04221773292230534,87.5090182831143,103.47614181581958,2448.619107647181,1.4092140345105838,0.26629138974122909,43.88859428118151,51.943305541325489,1265.2800626086878,0.27520669833789637,0.05200428917949665,3.9106383684005276,4.6226452221148659,116.85112095333344,0.0,0.0,9.414168848265558,11.251909590218734,201.72068357196739,0.0,0.0,10.815664093409373,12.81073396164615,286.0204875563023,0.0,0.0,145.76473947011548,173.66503482131396,3400.6150877123266,0.0,0.0,35.40657022490305,42.363325995935849,738.31147024451,0.0,0.0,117.5294757744202,139.7766293657182,2856.300032940523,36.28545737160283,24.8871449736645,98.61091881756045,117.43801026694541,3250.564740121399,0.0,0.0,109.30417364161818,131.54944737102375,1925.6968160111404,0.0,18.832425614675857,40.84087140640541,22.0,30.0,0.0,18.994740124883508,40.33518766293757,12.0,30.0,0.0,19.032027962238215,40.41961050666504,22.0,30.0,0.0,19.00154667116056,40.66147716388923,12.0,30.0,0.0,15.604703095589139,53.649387464073928,12.0,30.0,0.0,18.209113545207705,45.657047285677879,12.0,30.0,0.0,16.58674212106424,49.084612818100158,10.0,30.0,0.0,15.309215338288773,54.72184048076592,12.0,30.0,0.0,17.091631127756548,47.92359937458032,20.0,30.0,0.0,16.96752228164256,0.0,0.0,0.0,13.644781657198632,0.0,0.0,616.3783236675959,613.1284634224755,619.4792634896235,625.4120153287709,727.440629462878,1044.6282519786324,688.2294261070433,736.4942626635923,700.4689387474348,0.0,84.06011729187778,84.06011729187778,60.0,0.0,60.0,60.0,12.0,12.0,12.0,19.0,12.0,12.0,21.0,10.0,0.0,0.0,0.0,0.0,0.0,0.0,0.0,0.0,0.0,0.0,0.0,0.0,0.0,84.06011729187778,84.06011729187778,0.0,0.0,0.0,84.06011729187778,0.0,0.0,0.0009533333333333333 
 02/19  00:10:00,4.971666666666667,89.33333333333334,4.036666666666667,0.0,0.0,0.0,0.0,0.0,2.0,2.0,0.0,0.0,0.0,0.0,0.0,460.0,0.0,0.0,0.0,0.0,0.0,0.0,0.0,0.0,0.0,0.0,0.0,19.230748123878663,-106.84648933585732,19.10369125986636,-183.7599859706043,19.19841846182692,-285.1397570078674,18.983102327955746,-167.45670629117124,15.573692139173162,6.014727633274262,17.95260740273161,-27.327894064230195,16.925790209579238,166.20143410559263,15.445801820092872,-152.11931587986497,17.171790839870789,-33.77688065090105,503.1586256948508,402.602097698269,0.0,0.0,0.0,0.0,0.0,0.0,0.0,0.0,0.0,0.0,0.0,0.0,0.0,0.0,0.0,0.0,0.0,0.0,0.0,0.0,0.0,0.0,1.463110011578594,0.4466147776491435,169.68491389134858,201.05011406097163,4718.417246894843,0.2745996318815271,0.0419108107267288,53.04316202037686,62.9049661881864,1480.7827866491483,1.3846858839319512,0.2616564406522962,148.17118522145996,175.3327196136914,4144.433729938169,0.2674624189876148,0.05054089550030513,79.39204367551992,93.90055551819575,2205.4676013253626,0.0,0.0,9.250309779246571,11.071577989272376,198.46993998474609,0.0,0.0,10.568974667654742,12.539292444372956,279.21676701590379,0.0,0.0,81.2118037545134,96.75307913096688,1960.247173778691,0.0,0.0,37.08695841916854,44.441851701842157,767.476695831027,0.0,0.0,15.759284149682716,18.765065528800304,385.95715141513986,36.23916986469572,24.85539771241134,164.02686331649373,195.25155093123426,4941.515467889269,0.0,0.0,50.05042901412041,60.43627087687622,824.1777579965769,0.0,18.77998746426995,40.68709748730578,22.0,30.0,0.0,18.890668282811526,40.03649946371768,12.0,30.0,0.0,18.87571162878192,40.359745534154999,22.0,30.0,0.0,18.87931963311923,40.48100814811872,12.0,30.0,0.0,15.581204214956707,53.18190548056144,12.0,30.0,0.0,18.156678409553789,45.37372145817408,12.0,30.0,0.0,16.963971558575765,46.68370100619777,10.0,30.0,0.0,15.192989832066142,54.507938430358219,12.0,30.0,0.0,17.15458994447531,47.60629740640682,20.0,30.0,0.0,17.275591608148014,0.0,0.0,0.0,13.02368844280601,0.0,0.0,605.7201224137057,591.4666457043338,602.4423689520116,607.621142221286,712.2719422095266,1036.362245498503,644.4241101809359,722.3626250076194,755.0693540030205,0.0,84.06011729187778,84.06011729187778,60.0,0.0,60.0,60.0,12.0,12.0,12.0,19.0,12.0,12.0,21.0,10.0,0.0,0.0,0.0,0.0,0.0,0.0,0.0,0.0,0.0,0.0,0.0,0.0,0.0,84.06011729187778,84.06011729187778,0.0,0.0,0.0,84.06011729187778,0.0,0.0,0.00096 
 02/19  00:20:00,4.933333333333334,89.66666666666667,4.043333333333334,0.0,0.0,0.0,0.0,0.0,2.0,2.0,0.0,0.0,0.0,0.0,0.0,230.0,0.0,0.0,0.0,0.0,0.0,0.0,0.0,0.0,0.0,0.0,0.0,19.12374942246828,-170.73367297730193,19.02667197604638,-121.14586082437904,19.10005351018515,-136.66959030437625,18.87077651559313,-88.5836621897179,15.550273363502328,6.523466694817955,17.90223042505513,-21.180719998697727,17.08362118180323,97.03783349713945,15.317792837113,-172.24520898175036,17.209631452100298,-37.008835209323368,349.68834970222818,475.1800905126297,0.0,0.0,0.0,0.0,0.0,0.0,0.0,0.0,0.0,0.0,0.0,0.0,0.0,0.0,0.0,0.0,0.0,0.0,0.0,0.0,0.0,0.0,1.4587157705454324,0.4452734342324275,128.62390977161739,152.2778491494683,3575.4573682902084,0.27447453350838976,0.04189171756843556,46.46638154015602,55.04122211643288,1294.9136208521955,1.402303288091046,0.264985504174423,70.0406090405362,82.84143934121386,1977.9466084384968,0.272329739716475,0.05146064620492724,24.325547779033618,28.732534439742346,676.7524138444409,0.0,0.0,9.135125085078528,10.923003446126489,196.27282059569647,0.0,0.0,10.008384441738793,11.862228140004977,264.2213767768516,0.0,0.0,84.31302402070972,100.24226659884632,2089.443000627561,0.0,0.0,41.24432103885951,49.40612981416018,841.2861038451346,0.0,0.0,14.001750726242655,16.64617263826491,346.9591367060098,36.15060250590476,24.794651924488869,86.15702244542713,102.67697958047896,2904.2939220901655,0.0,0.0,54.474584746293718,65.74420138721132,886.8578064151622,0.0,18.669100451509068,40.47433487867208,22.0,30.0,0.0,18.82789690308077,39.97685684593848,12.0,30.0,0.0,18.797138356789057,40.38175584153582,22.0,30.0,0.0,18.744682529438238,40.25959840886145,12.0,30.0,0.0,15.554896562329116,52.48482761973415,12.0,30.0,0.0,18.10468931207769,44.945497596546918,12.0,30.0,0.0,17.260099296752104,45.44693207338114,10.0,30.0,0.0,14.998840847828824,54.35630273381973,12.0,30.0,0.0,17.260260963963835,47.10497539730244,20.0,30.0,0.0,16.747193839208287,0.0,0.0,0.0,12.88698022277151,0.0,0.0,586.8885301124669,583.8092548880334,597.5949146871899,590.8756481220067,690.0557606216423,1031.6360931604964,633.0679996685619,704.3332504562418,824.4321069309287,0.0,84.06011729187778,84.06011729187778,60.0,0.0,60.0,60.0,12.0,12.0,12.0,19.0,12.0,12.0,21.0,10.0,0.0,0.0,0.0,0.0,0.0,0.0,0.0,0.0,0.0,0.0,0.0,0.0,0.0,84.06011729187778,84.06011729187778,0.0,0.0,0.0,84.06011729187778,0.0,0.0,0.00097 
 02/19  00:30:00,4.895,90.0,4.050000000000001,0.0,0.0,0.0,0.0,0.0,2.0,2.0,0.0,0.0,0.0,0.0,0.0,460.0,0.0,0.0,0.0,0.0,0.0,0.0,0.0,0.0,0.0,0.0,0.0,19.058537040509795,-66.08118437136057,18.92286177417808,-267.12178847776047,18.99134265395803,-231.7189013021797,18.78978168933044,-106.6456170723286,15.529346635410655,6.090447760802135,17.86149983839038,-15.447598837041966,17.08783801096691,48.438626789386038,15.210609153472064,-185.01119405534315,17.213171039764214,-44.00905856667252,418.8678264179455,537.1504604848637,0.0,0.0,0.0,0.0,0.0,0.0,0.0,0.0,0.0,0.0,0.0,0.0,0.0,0.0,0.0,0.0,0.0,0.0,0.0,0.0,0.0,0.0,1.4560025564548214,0.4444452248030591,112.61939701425465,133.5309600671169,3133.992599647321,0.27083770331910686,0.04133664580572449,71.42715955315669,84.6590557583203,1975.2560260226674,1.4007519617083469,0.26469235859946096,88.8145627523693,105.31341451012934,2482.02487031506,0.27388095363624989,0.051753770528391879,69.01596893693659,81.79245082246097,1904.4043952019602,0.0,0.0,8.867275887054018,10.6166916782204,190.82014599483797,0.0,0.0,9.378796696560821,11.13108078863044,247.65723202843439,0.0,0.0,84.87701776613058,101.03714836347196,2110.352410917857,0.0,0.0,45.690697040280287,54.8346444760116,922.3571143172089,0.0,0.0,14.214047507210969,16.912920166606975,354.25616942953055,36.0995478518717,24.759635015001174,124.42238441293242,148.3898937038179,3889.2421339767199,0.0,0.0,59.07407056221702,71.40024413320112,960.4058957765844,0.0,18.651269165798408,40.257077984112068,22.0,30.0,0.0,18.698579445276,39.7337695031467,12.0,30.0,0.0,18.67339649090168,40.07345577877469,22.0,30.0,0.0,18.653744436495047,40.24626152584464,12.0,30.0,0.0,15.534475584266695,51.99006688857478,12.0,30.0,0.0,18.0700319042757,44.64320676340201,12.0,30.0,0.0,17.26539584111128,44.85488090271288,10.0,30.0,0.0,14.851379800274192,53.962201106290567,12.0,30.0,0.0,17.295285988933615,46.75875005666629,20.0,30.0,0.0,16.891634093801139,0.0,0.0,0.0,12.839225364301269,0.0,0.0,578.1577581116418,562.2502978440192,576.0558362318487,584.5141680810978,674.8158167822555,1033.2950633975798,616.1146338698708,682.0668829043569,857.8200789034036,0.0,84.06011729187778,84.06011729187778,60.0,0.0,60.0,60.0,12.0,12.0,12.0,19.0,12.0,12.0,21.0,10.0,0.0,0.0,0.0,0.0,0.0,0.0,0.0,0.0,0.0,0.0,0.0,0.0,0.0,84.06011729187778,84.06011729187778,0.0,0.0,0.0,84.06011729187778,0.0,0.0,0.00098 
 02/19  00:40:00,4.8566666666666669,90.33333333333334,4.056666666666667,0.0,0.0,0.0,0.0,0.0,2.0,2.0,0.0,0.0,0.0,0.0,0.0,230.0,0.0,0.0,0.0,0.0,0.0,0.0,0.0,0.0,0.0,0.0,0.0,18.99464913681387,-107.33579551900562,18.811494785228029,-207.27989779535575,18.80307518193966,-494.1525338783655,18.749852233917197,-0.5406223957883469,15.505133080003948,6.056081224311356,17.816463299167226,-15.03989338391861,17.058178327371757,39.99125485365107,15.103905964329169,-181.35812570155395,17.204826201402505,-48.49022930540306,304.20744323368657,556.6108301208944,0.0,0.0,0.0,0.0,0.0,0.0,0.0,0.0,0.0,0.0,0.0,0.0,0.0,0.0,0.0,0.0,0.0,0.0,0.0,0.0,0.0,0.0,1.4608572996103209,0.44592713663318708,122.05380349903705,144.32391699715653,3400.071427359466,0.27400561333775688,0.041820148555823697,37.49709808110263,44.336542839585927,1030.0904243033138,1.3831752682452925,0.26137098795262528,99.22721379141666,117.47368950148096,2666.2376364585677,0.2736650590286214,0.051712974117275389,46.99640954838665,55.51556801349932,1303.974939872018,0.0,0.0,8.885826626411446,10.629009654879415,191.49192201113454,0.0,0.0,9.31569787766811,11.046032415488878,245.94899079019178,0.0,0.0,85.03267114331156,101.13795459667969,2113.573256798917,0.0,0.0,46.837004246788747,56.181492875736,936.1381354625964,0.0,0.0,15.170920655629495,18.032184726292756,379.6654144671225,36.06059002856998,24.732914971584358,111.35763029960502,132.24391889280603,3605.667743623717,0.0,0.0,60.21449169586555,72.72661559337999,973.5619781653126,0.0,18.606547122288324,40.06487315652896,22.0,30.0,0.0,18.57776769095766,39.03393189696557,12.0,30.0,0.0,18.39770092991366,39.51247474621776,22.0,30.0,0.0,18.646056537595145,40.17918403802379,12.0,30.0,0.0,15.508485435672368,51.40357105919578,12.0,30.0,0.0,18.025067423418663,44.25878259884603,12.0,30.0,0.0,17.219013476136739,44.548554468364489,10.0,30.0,0.0,14.707168884271077,53.779775986878387,12.0,30.0,0.0,17.30685741742922,46.26651795090737,20.0,30.0,0.0,16.463168096968908,0.0,0.0,0.0,12.753308912387123,0.0,0.0,569.2541131537531,523.7884968752995,529.0053148747466,588.7079027532582,657.0762126895957,1033.028892584789,602.8863949322029,667.2102004005629,874.2751829496933,0.0,84.06011729187778,84.06011729187778,60.0,0.0,60.0,60.0,12.0,12.0,12.0,19.0,12.0,12.0,21.0,10.0,0.0,0.0,0.0,0.0,0.0,0.0,0.0,0.0,0.0,0.0,0.0,0.0,0.0,84.06011729187778,84.06011729187778,0.0,0.0,0.0,84.06011729187778,0.0,0.0,0.00099 
 02/19  00:50:00,4.818333333333333,90.66666666666667,4.0633333333333339,0.0,0.0,0.0,0.0,0.0,2.0,2.0,0.0,0.0,0.0,0.0,0.0,345.0,0.0,0.0,0.0,0.0,0.0,0.0,0.0,0.0,0.0,0.0,0.0,18.79502716031874,-231.58711963796109,18.69762522312856,-186.31675066777167,18.6788698776823,-29.010406694788974,18.58452591170586,-268.2999243529466,15.481659947111187,4.828055399113646,17.775030089824925,-14.43306007732784,17.00371306165558,10.18322121935202,15.018553987553864,-184.62196115543058,17.18531198905444,-54.079550847290537,491.3776605657062,568.1094195818906,0.0,0.0,0.0,0.0,0.0,0.0,0.0,0.0,0.0,0.0,0.0,0.0,0.0,0.0,0.0,0.0,0.0,0.0,0.0,0.0,0.0,0.0,1.4316181949146679,0.43700189099959388,189.89169691057476,225.37261856101493,5151.135553995852,0.2611472506728604,0.03985763899158434,98.16074404098144,116.35568016653935,2677.2663951176739,1.3916080358594477,0.26296448145492237,159.63469718163499,189.50669789554756,4338.90864340904,0.26442674511415656,0.049967260981511097,79.83802478678587,94.79505649896032,2166.213406884326,0.0,0.0,8.673521163461976,10.384864785390901,187.17061354067196,0.0,0.0,9.655521668618653,11.459737181239922,254.92919243489599,0.0,0.0,82.2311957638031,97.92095897832349,2036.3113115979164,0.0,0.0,47.856714969173967,57.474711279886729,950.5695154808536,0.0,0.0,16.974404030663075,20.192148503594188,425.7299499245186,35.89296874154345,24.617948382402945,214.4780303300323,255.61874565843889,6192.035156246718,0.0,0.0,61.090880944069059,73.86932599805138,982.0521752379226,0.0,18.290428476787925,39.745253102810888,22.000000000000019,30.00000000000002,0.0,18.444053235939845,39.134090380464169,12.00000000000001,30.00000000000002,0.0,18.29957504457579,40.33145641760997,22.000000000000019,30.00000000000002,0.0,18.360035860831297,39.33237817543973,12.00000000000001,30.00000000000002,0.0,15.484840016101622,50.9479614226438,12.00000000000001,30.00000000000002,0.0,17.986923160457974,43.883311029061648,12.00000000000001,30.00000000000002,0.0,17.130757003900759,44.085555283260578,10.000000000000007,30.00000000000002,0.0,14.604667303862036,53.568732356271357,12.00000000000001,30.00000000000002,0.0,17.296841292521085,45.830328154338157,20.000000000000015,30.00000000000002,0.0,17.065399654515546,0.0,0.0,0.0,12.667848237732306,0.0,0.0,526.7464862667173,516.3238161505068,554.65993400614,520.6826713409652,643.7697976064284,1023.7227514703534,582.3095532034168,660.2243358790893,871.2531896025955,0.0,84.06011729187785,84.06011729187785,60.00000000000004,0.0,60.00000000000004,60.00000000000004,12.0,12.0,12.0,19.0,12.0,12.0,21.0,10.0,0.0,0.0,0.0,0.0,0.0,0.0,0.0,0.0,0.0,0.0,0.0,0.0,0.0,84.06011729187785,84.06011729187785,0.0,0.0,0.0,84.06011729187785,0.0,0.0,0.0009866666666666668 
 02/19  01:00:00,4.78,91.0,4.07,0.0,0.0,0.0,0.0,0.0,2.0,2.0,0.0,0.0,0.0,0.0,0.0,230.0,0.0,0.0,0.0,0.0,0.0,0.0,0.0,0.0,0.0,0.0,0.0,18.700019864423035,-249.22609647594119,18.600309119548024,-131.80175357695863,18.666102505455098,-170.50714721688628,18.56059614389601,-7.033444792789638,15.455459573409432,5.114347680671273,17.72904195790285,-17.29656666755841,16.944036302840929,24.042094124804636,14.934564107160734,-183.00249166893082,17.15826686422296,-57.55290329550144,395.35150282718066,572.0769050334371,0.0,0.0,0.0,0.0,0.0,0.0,0.0,0.0,0.0,0.0,0.0,0.0,0.0,0.0,0.0,0.0,0.0,0.0,0.0,0.0,0.0,0.0,1.4282422838256026,0.43597139310915836,163.96743184537167,194.40285242050065,4436.547419412496,0.2707864557294089,0.04132882413452517,113.83477206226712,134.91651717082156,3093.6691369832417,1.3754761622327912,0.2599161304294769,47.12080036506623,55.8016157867108,1314.7210676573507,0.26910973758324588,0.05085218019335709,24.5018262776333,28.978043873360435,676.1356731534462,0.0,0.0,8.92544620127521,10.679353892036304,192.83013661897565,0.0,0.0,9.756950937300914,11.574984216875809,257.49931915905429,0.0,0.0,83.90635383450656,99.87029552367554,2070.7547593462275,0.0,0.0,47.97934059813712,57.60333089262289,947.4020670445498,0.0,0.0,18.067169186976018,21.48186659765265,453.74903678711947,35.84485130436842,24.584946024944054,124.4145116768008,148.21444717682059,3843.778522057025,0.0,0.0,61.14793655720416,73.91525444704075,976.1205493999868,0.0,18.209474198322434,39.753953088989877,22.0,30.0,0.0,18.335461503044426,39.45345772646833,12.0,30.0,0.0,18.34859910326028,39.66133333661713,22.0,30.0,0.0,18.4120671338507,39.308927905349118,12.0,30.0,0.0,15.45674365503742,50.36862416783099,12.0,30.0,0.0,17.9393458117899,43.375904312591128,12.0,30.0,0.0,17.046809046308629,43.86371206413314,10.0,30.0,0.0,14.504215384237867,53.36818916169894,12.0,30.0,0.0,17.2729612695825,45.28308682875645,20.0,30.0,0.0,16.673500188594038,0.0,0.0,0.0,12.571055354231195,0.0,0.0,519.2592240000313,520.1563089290609,533.7186125185426,530.9144771714958,627.7342571704312,1003.5780178683872,569.426021283201,657.1751989307697,855.7337100407166,0.0,84.06011729187778,84.06011729187778,60.0,0.0,60.0,60.0,12.0,12.0,12.0,19.0,12.0,12.0,21.0,10.0,0.0,0.0,0.0,0.0,0.0,0.0,0.0,0.0,0.0,0.0,0.0,0.0,0.0,84.06011729187778,84.06011729187778,0.0,0.0,0.0,84.06011729187778,0.0,0.0,0.0009833333333333333 
 02/19  01:10:00,4.735,91.16666666666667,4.0183333333333339,0.0,0.0,0.0,0.0,0.0,2.0,2.0,0.0,0.0,0.0,0.0,0.0,230.0,0.0,0.0,0.0,0.0,0.0,0.0,0.0,0.0,0.0,0.0,0.0,18.544270926200736,-95.88158317020498,18.5495333659668,-236.04062058592855,18.503236204239916,-231.7888654649505,18.478856167937339,-214.11234226730677,15.429185511389817,2.9915291649724198,17.68138176184992,-17.631016281322816,16.889976629674078,-9.129457710003635,14.853636488069995,-189.64787159330866,17.12719076782604,-59.60360673839199,577.6684266353914,573.309411321987,0.0,0.0,0.0,0.0,0.0,0.0,0.0,0.0,0.0,0.0,0.0,0.0,0.0,0.0,0.0,0.0,0.0,0.0,0.0,0.0,0.0,0.0,1.4146684491811029,0.4318279759405076,270.2797417973341,320.62763875816509,7237.033588159816,0.26192205522309977,0.03997589365431925,213.57071694448818,253.12391801487403,5798.96313405145,1.3557145026052866,0.256181878799185,239.00948988135426,283.54151850681986,6430.779758858347,0.25621919773092236,0.04841632610183716,203.7605102562837,241.5022940996977,5526.544967924081,0.0,0.0,8.68707641467745,10.398897517927669,188.00118889022864,0.0,0.0,10.674665360370036,12.667204084693818,281.63337368842789,0.0,0.0,80.26264639888785,95.58536868676913,1977.5136857903795,0.0,0.0,48.37361087671658,58.09996250228983,950.4896146725312,0.0,0.0,20.85157980272008,24.79548559064925,524.2951214998961,35.621551511318759,24.43179116002659,395.3287122671194,470.30861690544409,10810.186515840178,0.0,0.0,61.340758183626878,74.17649274056578,973.2830056814121,0.0,18.02911925384589,40.12788679294687,22.0,30.0,0.0,18.303979983108787,39.27849901008251,12.0,30.0,0.0,18.107570422092644,39.90341723146814,22.0,30.0,0.0,18.293077460909527,39.314802139602679,12.0,30.0,0.0,15.429090927795399,49.771644514275397,12.0,30.0,0.0,17.88867478585859,42.9353747488061,12.0,30.0,0.0,16.973140980874704,43.63542725299325,10.0,30.0,0.0,14.408669449795074,52.7892974271609,12.0,30.0,0.0,17.24200377276656,44.653191258788478,20.0,30.0,0.0,17.241255735323695,0.0,0.0,0.0,12.476533676572569,0.0,0.0,520.5978898803152,512.770729796671,523.3543590133913,517.584016009582,613.4210530637622,979.3741260747203,565.183454692592,650.8285536861617,830.6461119732504,0.0,84.06011729187778,84.06011729187778,60.0,0.0,60.0,60.0,12.0,12.0,12.0,19.0,12.0,12.0,21.0,10.0,0.0,0.0,0.0,0.0,0.0,0.0,0.0,0.0,0.0,0.0,0.0,0.0,0.0,84.06011729187778,84.06011729187778,0.0,0.0,0.0,84.06011729187778,0.0,0.0,0.00098 
 02/19  01:20:00,4.69,91.33333333333334,3.966666666666667,0.0,0.0,0.0,0.0,0.0,2.0,2.0,0.0,0.0,0.0,0.0,0.0,230.0,0.0,0.0,0.0,0.0,0.0,0.0,0.0,0.0,0.0,0.0,0.0,18.53718987026148,-204.25581612204315,18.397386411310295,-170.80772113305376,18.48043249954317,-252.46693166838396,18.29492582464818,-141.83654205775066,15.401061604302504,3.3407022010085827,17.63703301145041,-20.02658919291821,16.825290516988617,16.402441091959873,14.775278838765502,-191.00998859028199,17.09468775915266,-65.83321781208179,543.3942787166734,581.131242627713,0.0,0.0,0.0,0.0,0.0,0.0,0.0,0.0,0.0,0.0,0.0,0.0,0.0,0.0,0.0,0.0,0.0,0.0,0.0,0.0,0.0,0.0,1.415292859307827,0.43201857732229156,186.26474291491958,220.90616850645635,5022.191992474271,0.26634371665716435,0.04065075040555011,153.1684656135589,181.6946948026067,4116.205834100566,1.3552690082568458,0.2560976961936595,207.6082186304416,246.2380957900204,5630.001018035346,0.27272845219079835,0.05153598869818561,172.98565662081485,205.19285913941895,4627.972256386198,0.0,0.0,8.959161054100792,10.72255763320772,194.15952403723225,0.0,0.0,10.29668792282356,12.220193480985503,271.7052540861281,0.0,0.0,84.64201031124716,100.80225502563303,2077.739104415679,0.0,0.0,49.07616732884132,58.966167364261057,960.062701036667,0.0,0.0,19.751139190313958,23.492788310657489,497.10926888698318,35.49727574290506,24.34655400747947,304.2467143051423,362.042362826105,8471.23193997972,0.0,0.0,62.01825136370344,75.01907727062255,979.9178009163829,0.0,18.087517752610098,39.79555530225164,22.0,30.0,0.0,18.093173258503339,39.51487778508252,12.0,30.0,0.0,18.148119483126846,39.71823747374894,22.0,30.0,0.0,18.022258183737763,39.79044677669899,12.0,30.0,0.0,15.398917671421265,49.333018850637788,12.0,30.0,0.0,17.844596315400769,42.549531196988159,12.0,30.0,0.0,16.88488451348755,43.62821599562846,10.0,30.0,0.0,14.318432316378285,52.45574514702987,12.0,30.0,0.0,17.208434489847755,44.16534374078975,20.0,30.0,0.0,17.107785845336069,0.0,0.0,0.0,12.397301758841465,0.0,0.0,515.4648460413527,502.42549858604198,524.5750363317321,512.3151842718296,604.2132226509423,962.1823846651603,562.6960145412465,642.5765422719569,818.2615369700661,0.0,84.06011729187778,84.06011729187778,60.0,0.0,60.0,60.0,12.0,12.0,12.0,19.0,12.0,12.0,21.0,10.0,0.0,0.0,0.0,0.0,0.0,0.0,0.0,0.0,0.0,0.0,0.0,0.0,0.0,84.06011729187778,84.06011729187778,0.0,0.0,0.0,84.06011729187778,0.0,0.0,0.00098 
 02/19  01:30:00,4.645,91.5,3.915,0.0,0.0,0.0,0.0,0.0,2.0,2.0,0.0,0.0,0.0,0.0,0.0,230.0,0.0,0.0,0.0,0.0,0.0,0.0,0.0,0.0,0.0,0.0,0.0,18.4012654430448,-91.51303031775479,18.37182066807351,-211.6783330146627,18.307891989211315,-213.60626943087665,18.275313683000534,-178.889350517426,15.37346064365702,1.932532768731221,17.589321250137833,-18.58358164631082,16.779323380631895,-13.962835702730218,14.701956551360983,-192.12677182112669,17.05916332639792,-65.49203604336515,537.5570217513423,586.3077374348352,0.0,0.0,0.0,0.0,0.0,0.0,0.0,0.0,0.0,0.0,0.0,0.0,0.0,0.0,0.0,0.0,0.0,0.0,0.0,0.0,0.0,0.0,1.3984036390658817,0.426863137687998,202.25681301411269,240.0284418086709,5418.213600516607,0.25497815185514385,0.03891607934297067,171.5777235760878,203.44598500607018,4625.3958768869329,1.3563822775473935,0.25630806454032387,211.27569685595263,250.79326408804753,5643.119782606049,0.25738335555217337,0.04863631057297303,178.26069927883288,211.43553066605313,4784.05543898551,0.0,0.0,8.606468869691274,10.30444649597004,186.8156485019863,0.0,0.0,10.378979458488616,12.320205522601765,273.7969899538577,0.0,0.0,80.62113819194198,96.05465721362345,1977.9666353665903,0.0,0.0,49.203150326564408,59.13522553200585,959.1759691192297,0.0,0.0,21.376501532929063,25.429030831741089,538.3592875232589,35.25344452062181,24.179317229507427,328.33457747047899,390.7934167312735,9060.3762527553,0.0,0.0,62.00447462530807,75.0257057817165,974.8724799204267,0.0,17.926093840790956,40.15655454685028,22.0,30.0,0.0,18.113919589141994,39.321452928193,12.0,30.0,0.0,17.898566785148377,40.2107394595853,22.0,30.0,0.0,18.048092274647219,39.63329869147397,12.0,30.0,0.0,15.370251043453166,48.90314005914609,12.0,30.0,0.0,17.7940928583793,42.24060001263682,12.0,30.0,0.0,16.82922310553097,43.492098163819289,10.0,30.0,0.0,14.237503613546503,52.2715714781173,12.0,30.0,0.0,17.170432912236224,43.74721928830597,20.0,30.0,0.0,17.060374327816836,0.0,0.0,0.0,12.312173889764,0.0,0.0,519.1474385439909,498.486630404194,523.9604495284228,512.0770762990078,595.3135101327489,948.7229421400202,558.2409981248393,637.835946002758,803.9039377325323,0.0,84.06011729187778,84.06011729187778,60.0,0.0,60.0,60.0,12.0,12.0,12.0,19.0,12.0,12.0,21.0,10.0,0.0,0.0,0.0,0.0,0.0,0.0,0.0,0.0,0.0,0.0,0.0,0.0,0.0,84.06011729187778,84.06011729187778,0.0,0.0,0.0,84.06011729187778,0.0,0.0,0.00098 
 02/19  01:40:00,4.6,91.66666666666666,3.8633333333333335,0.0,0.0,0.0,0.0,0.0,2.0,2.0,0.0,0.0,0.0,0.0,0.0,230.0,0.0,0.0,0.0,0.0,0.0,0.0,0.0,0.0,0.0,0.0,0.0,18.36275410570765,-212.39154544809208,18.225727212601556,-184.10640014569709,18.300076312738793,-228.00568981804464,18.142768444198706,-118.33489368746268,15.34388229365733,1.7594218358062648,17.545204900917456,-20.353865172593744,16.70649068435155,-2.601257776611874,14.630183716640943,-192.4645472671723,17.024645683782376,-68.62866368357993,522.3506317545925,588.7673617116221,0.0,0.0,0.0,0.0,0.0,0.0,0.0,0.0,0.0,0.0,0.0,0.0,0.0,0.0,0.0,0.0,0.0,0.0,0.0,0.0,0.0,0.0,1.4015032540553552,0.4278092961096933,241.17951048995668,286.28702982990816,6476.745720405974,0.2628988740410018,0.04012498077548868,172.6596900401041,204.9795249626497,4606.397355192326,1.329659489774702,0.2512584069869052,162.85978580202929,193.20322839040177,4388.4556421611709,0.2674363367956184,0.05053596689259606,161.00200151032079,191.05787052182547,4289.084415350014,0.0,0.0,8.71759450852667,10.435558670110215,189.4664067494145,0.0,0.0,10.612372746289762,12.599631380799118,280.00941023728606,0.0,0.0,81.67021830976025,97.31089708981068,1994.6543356024709,0.0,0.0,49.350042827304338,59.33000146296665,958.913523827643,0.0,0.0,21.631627528437329,25.739142912617944,545.2182157247809,35.10783945095974,24.07945092658419,312.2733196643171,371.7850829785624,8629.976639376762,0.0,0.0,62.07528902214729,75.13374198909199,971.5538785326044,0.0,17.917552603065745,39.887985072552897,22.0,30.0,0.0,17.90664597162776,39.57338634073055,12.0,30.0,0.0,17.965365020556093,40.01147454487785,22.0,30.0,0.0,17.86633848342336,39.92789637651375,12.0,30.0,0.0,15.338529957452204,48.616351380846889,12.0,30.0,0.0,17.750370281980289,41.96163162795571,12.0,30.0,0.0,16.726635107207544,43.49664222900388,10.0,30.0,0.0,14.158965803318673,52.12918428895824,12.0,30.0,0.0,17.134281557602024,43.42784355969659,20.0,30.0,0.0,16.969079029123419,0.0,0.0,0.0,12.230382403773437,0.0,0.0,509.2498000812169,490.13027905322306,528.8365987837128,509.3816419232955,589.6318228989555,934.4096683319583,552.5266773157333,633.8332193439521,792.8814488981238,0.0,84.06011729187778,84.06011729187778,60.0,0.0,60.0,60.0,12.0,12.0,12.0,19.0,12.0,12.0,21.0,10.0,0.0,0.0,0.0,0.0,0.0,0.0,0.0,0.0,0.0,0.0,0.0,0.0,0.0,84.06011729187778,84.06011729187778,0.0,0.0,0.0,84.06011729187778,0.0,0.0,0.00098 
 02/19  01:50:00,4.555,91.83333333333333,3.8116666666666667,0.0,0.0,0.0,0.0,0.0,2.0,2.0,0.0,0.0,0.0,0.0,0.0,230.0,0.0,0.0,0.0,0.0,0.0,0.0,0.0,0.0,0.0,0.0,0.0,18.24033221498856,-81.91846596895721,18.210864298510385,-199.76624079773092,18.136920132291558,-217.95895831413737,18.128090750872908,-177.39601134406167,15.315112815754479,0.8600974503936385,17.497550903688955,-19.659390605477769,16.666044941210325,-18.894781120556219,14.56090977766554,-194.7226119018717,16.987382599156797,-69.60274415998089,517.966291014246,594.2812027135068,0.0,0.0,0.0,0.0,0.0,0.0,0.0,0.0,0.0,0.0,0.0,0.0,0.0,0.0,0.0,0.0,0.0,0.0,0.0,0.0,0.0,0.0,1.3947531584738005,0.42574882737295507,195.3712327869115,231.96192682655397,5215.680474986066,0.2541243394461087,0.03878576609372843,164.8547540500571,195.57947890815795,4421.952900377783,1.3410615042869723,0.25341298266949599,239.89809177900498,284.8718784290916,6370.311330775846,0.25535647912464229,0.04825330293360586,180.14125013587046,213.773711817534,4813.778798679296,0.0,0.0,8.523993314374558,10.207930295073556,185.5400579081436,0.0,0.0,10.475397035114512,12.438975981385497,276.31079233666005,0.0,0.0,80.02206321525989,95.38474300766208,1955.6418836174274,0.0,0.0,49.558174390098148,59.59467115835979,960.1875261261615,0.0,0.0,22.4215080468539,26.68028967502227,565.3574284584281,34.89413795306956,23.93287925450588,323.78185346427815,385.55294778282959,8906.015727656024,0.0,0.0,62.177761727333848,75.27932198506655,968.696133398788,0.0,17.781982600080945,40.24560820904128,22.0,30.0,0.0,17.94805885520781,39.377807212852548,12.0,30.0,0.0,17.728165252269908,40.38313526267366,22.0,30.0,0.0,17.89344305430508,39.77454494930136,12.0,30.0,0.0,15.308882452298013,48.30939694826856,12.0,30.0,0.0,17.699679195465924,41.7414695258424,12.0,30.0,0.0,16.687632675700685,43.45876580726067,10.0,30.0,0.0,14.084469548760412,52.029250820499587,12.0,30.0,0.0,17.093421195356208,43.166303505520179,20.0,30.0,0.0,16.921504618314363,0.0,0.0,0.0,12.148355765419219,0.0,0.0,516.5694196083098,488.6610142245708,522.3804668322783,509.77560179759328,583.6767520239263,925.1346684078362,554.4590034747696,631.2544815757802,784.0353156460733,0.0,84.06011729187778,84.06011729187778,60.0,0.0,60.0,60.0,12.0,12.0,12.0,19.0,12.0,12.0,21.0,10.0,0.0,0.0,0.0,0.0,0.0,0.0,0.0,0.0,0.0,0.0,0.0,0.0,0.0,84.06011729187778,84.06011729187778,0.0,0.0,0.0,84.06011729187778,0.0,0.0,0.0009866666666666668 
 02/19  02:00:00,4.51,92.0,3.76,0.0,0.0,0.0,0.0,0.0,2.0,2.0,0.0,0.0,0.0,0.0,0.0,230.0,0.0,0.0,0.0,0.0,0.0,0.0,0.0,0.0,0.0,0.0,0.0,18.19981783951678,-207.44935286769897,18.074121944451379,-182.41539914852639,18.135920209739966,-218.29536594024467,18.00186748952002,-119.47540769315038,15.284679597042083,0.7513840436842827,17.453459055609586,-21.264209255492405,16.59714566423139,-9.469096545723915,14.492014056612247,-194.9650673289143,16.95171949913302,-72.2459943042632,503.1974965128229,597.0369223618268,0.0,0.0,0.0,0.0,0.0,0.0,0.0,0.0,0.0,0.0,0.0,0.0,0.0,0.0,0.0,0.0,0.0,0.0,0.0,0.0,0.0,0.0,1.3914007424342612,0.42472550135355965,242.59548161393213,288.11787826624507,6488.062694148424,0.26128233227456579,0.039878255841661439,170.4973374388092,202.51311958516113,4529.513455494187,1.3185518920347406,0.2491594656150304,158.0252686119723,187.56472859924285,4239.072649478517,0.2647434501486899,0.050027106981989758,156.26433003163653,185.52538126528857,4147.024948677646,0.0,0.0,8.627611546262168,10.330248537730654,188.02304297623463,0.0,0.0,10.718342991001201,12.730126872976975,282.7748670051573,0.0,0.0,80.93126646052757,96.47287171192639,1970.4120342908639,0.0,0.0,49.69192364990545,59.77197095919837,960.0610538076351,0.0,0.0,22.619392584247728,26.92281584484052,570.7414234687226,34.75588170909643,23.838053298420058,305.67045633217028,364.0890014393933,8426.651797911152,0.0,0.0,62.244677186840217,75.38096236720473,965.8234376845662,0.0,17.765294817540715,39.953865912538947,22.0,30.0,0.0,17.754606649062219,39.61452334461379,12.0,30.0,0.0,17.805707857709544,40.138469624285907,22.0,30.0,0.0,17.720438837802229,39.98780674403203,12.0,30.0,0.0,15.276609761274142,48.11628882574911,12.0,30.0,0.0,17.65581062098854,41.546900633220449,12.0,30.0,0.0,16.59405286332557,43.448361563024047,10.0,30.0,0.0,14.010359237205515,51.98395315581472,12.0,30.0,0.0,17.055789090344818,42.97169648175549,20.0,30.0,0.0,16.82949801413106,0.0,0.0,0.0,12.070861708529705,0.0,0.0,503.9560945363885,481.23738065330135,526.6201327137195,503.11799754942867,580.1001408375976,914.1374327671348,548.095359133987,629.3726459996842,776.269764911167,0.0,84.06011729187778,84.06011729187778,60.0,0.0,60.0,60.0,12.0,12.0,12.0,19.0,12.0,12.0,21.0,10.0,0.0,0.0,0.0,0.0,0.0,0.0,0.0,0.0,0.0,0.0,0.0,0.0,0.0,84.06011729187778,84.06011729187778,0.0,0.0,0.0,84.06011729187778,0.0,0.0,0.0009933333333333333 
 02/19  02:10:00,4.495,92.16666666666667,3.748333333333333,0.0,0.0,0.0,0.0,0.0,2.0,2.0,0.0,0.0,0.0,0.0,0.0,115.0,0.0,0.0,0.0,0.0,0.0,0.0,0.0,0.0,0.0,0.0,0.0,18.17550273444975,-51.77447738252249,18.008157989936984,-232.56909266825734,18.117410691532215,-66.64788594216134,17.947126728210074,-179.31460416213123,15.251454708566215,0.11187739635479943,17.405014382973329,-16.73832624476273,16.52594554896311,-33.76061560793187,14.424584411069518,-189.21410327697005,16.912652402733678,-68.73563689638104,447.3348780049,608.658305400535,0.0,0.0,0.0,0.0,0.0,0.0,0.0,0.0,0.0,0.0,0.0,0.0,0.0,0.0,0.0,0.0,0.0,0.0,0.0,0.0,0.0,0.0,1.3817218717052767,0.42177102310905886,224.75095106628718,266.2802823864189,6037.741891495817,0.2478339479178853,0.03782569412666137,144.93269289973657,171.82177935958377,3839.4240525444768,1.3246940095953568,0.2503201076332875,120.41383254052669,142.63111783198017,3257.6749291761345,0.24738583491548445,0.04674713433777104,116.57429218637023,138.21419112107146,3083.709835317547,0.0,0.0,8.082282255742524,9.659790349279345,175.84250017466324,0.0,0.0,10.781628989690919,12.780937921615149,283.7316037160686,0.0,0.0,75.16508108277036,89.45802235208277,1818.1794329518628,0.0,0.0,49.745036010477878,59.724886980679219,955.7460216983728,0.0,0.0,23.601767763541479,28.03594239643081,594.3701909154747,34.60007464149665,23.731189740395516,225.1123102071771,267.84391590406497,6325.874004706159,0.0,0.0,62.22230886076685,75.21409580463227,959.0694980936927,0.0,17.822121694399944,39.815913336094649,22.0,30.0,0.0,17.68957240609524,39.28898971194435,12.0,30.0,0.0,17.85305686315455,40.33310313957642,22.0,30.0,0.0,17.663886488043933,39.356731129944908,12.0,30.0,0.0,15.239118604070648,47.93280602337257,12.0,30.0,0.0,17.601972435751244,41.36637804860006,12.0,30.0,0.0,16.49518924715346,43.54128152725457,10.0,30.0,0.0,13.937589539541058,52.03143669012938,12.0,30.0,0.0,17.01130825714198,42.83403303071124,20.0,30.0,0.0,16.61176937977764,0.0,0.0,0.0,12.00166485052536,0.0,0.0,505.69201060721277,456.36031646014609,550.2233589771987,456.78757798573425,575.9379812236414,902.7415044733274,546.8010425548848,625.9462491353077,768.9243264294788,0.0,84.06011729187778,84.06011729187778,60.0,0.0,60.0,60.0,12.0,12.0,12.0,19.0,12.0,12.0,21.0,10.0,0.0,0.0,0.0,0.0,0.0,0.0,0.0,0.0,0.0,0.0,0.0,0.0,0.0,84.06011729187778,84.06011729187778,0.0,0.0,0.0,84.06011729187778,0.0,0.0,0.001 
 02/19  02:20:00,4.48,92.33333333333334,3.736666666666667,0.0,0.0,0.0,0.0,0.0,2.0,2.0,0.0,0.0,0.0,0.0,0.0,230.0,0.0,0.0,0.0,0.0,0.0,0.0,0.0,0.0,0.0,0.0,0.0,18.085689863738979,-122.68994535768161,17.995487532387036,-110.6389335883971,17.976330102349708,-249.78471397643626,17.929190881668043,-115.09756439644525,15.225263395682135,0.5605729757972711,17.365499984023495,-22.008077261439497,16.504097878864898,-4.86709347185797,14.368648303362136,-194.93392854654486,16.880347301572259,-74.6209816033176,481.45475805627577,606.5987999071964,0.0,0.0,0.0,0.0,0.0,0.0,0.0,0.0,0.0,0.0,0.0,0.0,0.0,0.0,0.0,0.0,0.0,0.0,0.0,0.0,0.0,0.0,1.3753788384567299,0.41983481027372707,153.88984098745108,182.84299076853746,4108.532365557149,0.2609345493938957,0.039825175426418769,122.3581803506617,145.31557042990989,3258.2567648308479,1.324683382517871,0.25031809949317299,217.43732907136715,258.31815944267978,5763.826720824602,0.26074249495469567,0.04927106858554338,149.58858502411534,177.66807302905586,3969.4295489426606,0.0,0.0,8.666736671871213,10.381237087180132,188.36913120210788,0.0,0.0,10.61430127219132,12.610004623931922,278.77724225963666,0.0,0.0,81.51732893490443,97.21801478658159,1974.2538713535765,0.0,0.0,49.89971491383621,60.04393992834984,954.8271546321928,0.0,0.0,22.88914932756498,27.24766648613749,575.4978935022248,34.62149221774946,23.745879436042164,250.8148554044452,299.0317096217029,6991.767484331305,0.0,0.0,62.3566152151685,75.55099922113013,953.2329446310148,0.0,17.69681457874058,40.082558942722247,22.0,30.0,0.0,17.743328067266395,39.54284689421645,12.0,30.0,0.0,17.628096771426188,40.292176331402689,22.0,30.0,0.0,17.699077806676486,39.949664380995617,12.0,30.0,0.0,15.216230103572962,47.82721273665992,12.0,30.0,0.0,17.56416969713515,41.29875419049971,12.0,30.0,0.0,16.498923714402375,43.56673456429702,10.0,30.0,0.0,13.88594867337352,52.045298524139358,12.0,30.0,0.0,16.97936198493671,42.77481326733849,20.0,30.0,0.0,16.66461706749103,0.0,0.0,0.0,11.925279469834005,0.0,0.0,509.1002664108331,479.68043833070876,515.5167038422983,502.8172299743035,573.7280210840015,899.9127049305596,549.1960592912151,626.6911440478644,767.6659466382846,0.0,84.06011729187778,84.06011729187778,60.0,0.0,60.0,60.0,12.0,12.0,12.0,19.0,12.0,12.0,21.0,10.0,0.0,0.0,0.0,0.0,0.0,0.0,0.0,0.0,0.0,0.0,0.0,0.0,0.0,84.06011729187778,84.06011729187778,0.0,0.0,0.0,84.06011729187778,0.0,0.0,0.0010033333333333333 
 02/19  02:30:00,4.465,92.5,3.7249999999999998,0.0,0.0,0.0,0.0,0.0,2.0,2.0,0.0,0.0,0.0,0.0,0.0,230.0,0.0,0.0,0.0,0.0,0.0,0.0,0.0,0.0,0.0,0.0,0.0,18.003863765348166,-196.41268970159627,17.88311273225967,-193.00607879064183,17.947760078567577,-216.8856680876661,17.818471544680788,-135.40849161266216,15.194292522366205,-0.34366452227170898,17.322703587533878,-21.77956194930306,16.446768669627937,-16.652724100475326,14.301073360577029,-198.3526469969239,16.843898593438966,-76.39319922657552,502.010216579597,609.6574172439321,0.0,0.0,0.0,0.0,0.0,0.0,0.0,0.0,0.0,0.0,0.0,0.0,0.0,0.0,0.0,0.0,0.0,0.0,0.0,0.0,0.0,0.0,1.374511847796696,0.4195701611101026,241.61326024571569,287.0931174769652,6408.270636054009,0.2559531590685875,0.039064889967733138,173.92643944140338,206.7084267761628,4575.276879467825,1.3015412283684485,0.24594505449139249,172.0011816304376,204.267440053749,4575.4010709490289,0.2597963357615758,0.049092278110653007,170.1851369924746,202.18969918412749,4468.966506386152,0.0,0.0,8.51690826897785,10.200446219504429,184.82251011054169,0.0,0.0,10.846741284388387,12.888438149799122,284.2939262711407,0.0,0.0,80.247864163224,95.70652450304664,1934.608923111343,0.0,0.0,50.215789517021978,60.44040900350058,954.9967244679335,0.0,0.0,23.72913748047393,28.254194067627624,595.5274389787408,34.52489584053,23.679626776769557,323.15752876511376,385.1082092071738,8786.960455721954,0.0,0.0,62.58483966456748,75.84483386231838,950.3320567595896,0.0,17.60460964313006,39.98560845670457,22.0,30.0,0.0,17.576638903200054,39.77739090011899,12.0,30.0,0.0,17.650037316996096,40.1480156200214,22.0,30.0,0.0,17.53574082474959,40.15640422901641,12.0,30.0,0.0,15.183990568453823,47.713954120336939,12.0,30.0,0.0,17.520688555008876,41.19474592584469,12.0,30.0,0.0,16.424899191899937,43.462630791410727,10.0,30.0,0.0,13.811179817426057,52.035332785150767,12.0,30.0,0.0,16.940114603646966,42.66994144590591,20.0,30.0,0.0,16.691797613886157,0.0,0.0,0.0,11.858971543645663,0.0,0.0,494.9650453940052,474.64579110059585,516.7930858586142,495.96751358899197,571.1483883807622,892.7121377972318,540.9080038471393,624.3747313730983,761.5761687589979,0.0,84.06011729187778,84.06011729187778,60.0,0.0,60.0,60.0,12.0,12.0,12.0,19.0,12.0,12.0,21.0,10.0,0.0,0.0,0.0,0.0,0.0,0.0,0.0,0.0,0.0,0.0,0.0,0.0,0.0,84.06011729187778,84.06011729187778,0.0,0.0,0.0,84.06011729187778,0.0,0.0,0.0010066666666666668 
 02/19  02:40:00,4.449999999999999,92.66666666666667,3.7133333333333335,0.0,0.0,0.0,0.0,0.0,2.0,2.0,0.0,0.0,0.0,0.0,0.0,230.0,0.0,0.0,0.0,0.0,0.0,0.0,0.0,0.0,0.0,0.0,0.0,17.88692299790776,-74.45620197893504,17.872256484453979,-190.2550753585365,17.790066946129664,-208.3768481089487,17.81059061745653,-175.0520035913264,15.163855346093744,-0.909948244830872,17.278073747992708,-21.239067906987374,16.406885885910989,-29.113593597156524,14.236577704193131,-199.41341131432206,16.80575145229126,-77.71667758007459,481.90173127623168,613.6377893548828,0.0,0.0,0.0,0.0,0.0,0.0,0.0,0.0,0.0,0.0,0.0,0.0,0.0,0.0,0.0,0.0,0.0,0.0,0.0,0.0,0.0,0.0,1.364532328838371,0.4165239099018227,179.8944879030854,213.77816817819878,4734.841576933459,0.24878810688204,0.03797132278419414,150.34809284080769,178.53863871226296,3969.1769620614975,1.3126247042891853,0.24803943769636917,226.39927728425173,269.07904342448208,5924.676933743573,0.24922665554571503,0.04709498404114039,166.48492215902636,197.7495723394033,4379.922245552463,0.0,0.0,8.370936583250036,10.029214004221389,181.40479236447048,0.0,0.0,10.86690357288691,12.913733212186454,284.14137978000397,0.0,0.0,79.09683069305626,94.36738529037149,1903.7583429939896,0.0,0.0,50.44526535650913,60.729433764196738,954.0362813036484,0.0,0.0,24.210072143985977,28.826242046853375,606.3116832541765,34.40834425425952,23.599687417187604,295.65391927192629,352.36760415318249,8060.802126025952,0.0,0.0,62.73618770180961,76.04318152530854,946.6710871344558,0.0,17.472471899567368,40.372303788813628,22.0,30.0,0.0,17.62004248537277,39.63204365136927,12.0,30.0,0.0,17.41648918678033,40.553269332426527,22.0,30.0,0.0,17.572744818847036,40.01353589796794,12.0,30.0,0.0,15.153205700215736,47.56839714923794,12.0,30.0,0.0,17.47304712592534,41.10824184777384,12.0,30.0,0.0,16.389697587883668,43.4631096925839,10.0,30.0,0.0,13.742524840945464,51.97779214365523,12.0,30.0,0.0,16.89781815077827,42.56635974086092,20.0,30.0,0.0,16.599377859477117,0.0,0.0,0.0,11.796224728521718,0.0,0.0,504.05603767031496,475.7211896406862,510.8699612539259,497.5080699646236,568.0714082779907,888.13439040333,543.508077003124,620.9987245682546,757.8590414373819,0.0,84.06011729187778,84.06011729187778,60.0,0.0,60.0,60.0,12.0,12.0,12.0,19.0,12.0,12.0,21.0,10.0,0.0,0.0,0.0,0.0,0.0,0.0,0.0,0.0,0.0,0.0,0.0,0.0,0.0,84.06011729187778,84.06011729187778,0.0,0.0,0.0,84.06011729187778,0.0,0.0,0.00101 
 02/19  02:50:00,4.4350000000000009,92.83333333333333,3.7016666666666668,0.0,0.0,0.0,0.0,0.0,2.0,2.0,0.0,0.0,0.0,0.0,0.0,230.0,0.0,0.0,0.0,0.0,0.0,0.0,0.0,0.0,0.0,0.0,0.0,17.843190734189347,-192.5006722449234,17.742896906343547,-180.28353917722098,17.78775823408069,-204.79952899874707,17.690767000057038,-122.05230391295027,15.132353946197409,-0.9008941756249982,17.236666114831974,-22.80814439229789,16.34105049915053,-20.493413101486568,14.173708631554135,-198.1420683101618,16.769556990772537,-79.95541857856938,472.17045273004717,613.4518207106057,0.0,0.0,0.0,0.0,0.0,0.0,0.0,0.0,0.0,0.0,0.0,0.0,0.0,0.0,0.0,0.0,0.0,0.0,0.0,0.0,0.0,0.0,1.3584055067992429,0.41465369560416456,231.25459651168496,274.915434351138,6076.688582082852,0.2553871862904792,0.03897850828609267,160.69317269647838,191.04905464719543,4193.307428311989,1.2881411603810489,0.24341291768349383,149.83544446488913,178.01932043524347,3950.0684695908068,0.25791825404541565,0.04873738738575502,147.9180257324286,175.78407386961664,3857.4055394466238,0.0,0.0,8.472714417770752,10.149669683631139,183.31638623498413,0.0,0.0,10.819661920812145,12.860248616789076,282.35965083601146,0.0,0.0,79.95972002789478,95.40043892971213,1913.568688255321,0.0,0.0,50.49581245706328,60.80373588083979,949.9725049759837,0.0,0.0,24.417630393787407,29.08105954484967,610.4280511060813,34.352906905762669,23.561664544418848,287.86669967080595,343.19015282296859,7833.033442024878,0.0,0.0,62.73418454920563,76.05480927921849,941.3845167391262,0.0,17.44591312630901,40.18719216451767,22.0,30.0,0.0,17.432485649148825,39.93673370458649,12.0,30.0,0.0,17.48550863847965,40.34708521740993,22.0,30.0,0.0,17.405131521058779,40.25808484654584,12.0,30.0,0.0,15.12072071996246,47.48059944131471,12.0,30.0,0.0,17.43139342540867,41.03134890884875,12.0,30.0,0.0,16.303999666118068,43.504537336190399,10.0,30.0,0.0,13.676819921518839,52.0050568293466,12.0,30.0,0.0,16.859394264766125,42.48213201355911,20.0,30.0,0.0,16.524725364741607,0.0,0.0,0.0,11.739154980530787,0.0,0.0,492.62898888908276,469.0896628052605,514.9441618254339,490.5029530486604,566.0370346663335,882.1803534814336,538.5486622706842,620.917847860352,751.924079938336,0.0,84.06011729187778,84.06011729187778,60.0,0.0,60.0,60.0,12.0,12.0,12.0,19.0,12.0,12.0,21.0,10.0,0.0,0.0,0.0,0.0,0.0,0.0,0.0,0.0,0.0,0.0,0.0,0.0,0.0,84.06011729187778,84.06011729187778,0.0,0.0,0.0,84.06011729187778,0.0,0.0,0.0010166666666666666 
 02/19  03:00:00,4.42,93.0,3.69,0.0,0.0,0.0,0.0,0.0,2.0,2.0,0.0,0.0,0.0,0.0,0.0,115.0,0.0,0.0,0.0,0.0,0.0,0.0,0.0,0.0,0.0,0.0,0.0,17.81690361699024,-45.96075683352774,17.685473611522263,-219.4170268749249,17.76884094280578,-64.24839283214715,17.646972212231537,-170.97139261406984,15.097892582270945,-1.2729881202248806,17.19065749790425,-19.02234555977634,16.270959748583615,-42.170202609973788,14.111600150864918,-192.7642764635027,16.729900386867539,-76.3665447796891,415.39687942086678,621.7828604209685,0.0,0.0,0.0,0.0,0.0,0.0,0.0,0.0,0.0,0.0,0.0,0.0,0.0,0.0,0.0,0.0,0.0,0.0,0.0,0.0,0.0,0.0,1.348862346111984,0.411740642891326,215.48889985518034,255.56949298310284,5683.793724598919,0.2435112726839958,0.03716594515934002,136.31369658185836,161.74908564538823,3550.0542184849598,1.2921731723864885,0.24417482471400019,112.41603148987648,133.29676055415275,2987.978388687219,0.24257201820247416,0.045837493991397217,108.89443777962426,129.2191360794272,2834.477640421686,0.0,0.0,7.983245158502995,9.54611917806179,172.4213590126352,0.0,0.0,11.115885198459651,13.186826061131745,289.4087708671504,0.0,0.0,74.6790868587282,88.9584197940037,1776.0402571056346,0.0,0.0,50.500905611498,60.69764601134057,945.3838773561683,0.0,0.0,25.548814283409486,30.367978191212467,637.4229188716457,34.20012398194993,23.45687515908775,209.2320578109984,249.17945748791917,5819.262067236659,0.0,0.0,62.67042531860439,75.83307911955719,936.7657374322614,0.0,17.49190749113798,40.058486973938048,22.0,30.0,0.0,17.37969662645302,39.76368995279093,12.0,30.0,0.0,17.5258738857669,40.45027306431878,22.0,30.0,0.0,17.366597734384219,39.80563723153514,12.0,30.0,0.0,15.082506150188035,47.40089389465595,12.0,30.0,0.0,17.380393505474179,40.96760018892634,12.0,30.0,0.0,16.209201972979924,43.666564038227729,10.0,30.0,0.0,13.611702012641452,52.08486165108862,12.0,30.0,0.0,16.81447851481373,42.437745670908459,20.0,30.0,0.0,16.30207452502339,0.0,0.0,0.0,11.692510358104345,0.0,0.0,492.95597823520157,448.58845469193849,534.4713438466066,449.30815255717109,563.3429856839034,874.9789474876704,539.2978678709098,618.1282648081415,746.0299320145653,0.0,84.06011729187778,84.06011729187778,60.0,0.0,60.0,60.0,12.0,12.0,12.0,19.0,12.0,12.0,21.0,10.0,0.0,0.0,0.0,0.0,0.0,0.0,0.0,0.0,0.0,0.0,0.0,0.0,0.0,84.06011729187778,84.06011729187778,0.0,0.0,0.0,84.06011729187778,0.0,0.0,0.0010233333333333334 
 02/19  03:10:00,4.466666666666667,93.33333333333333,3.791666666666667,0.0,0.0,0.0,0.0,0.0,2.0,2.0,0.0,0.0,0.0,0.0,0.0,230.0,0.0,0.0,0.0,0.0,0.0,0.0,0.0,0.0,0.0,0.0,0.0,17.737860935990719,-109.50228197304569,17.673641356191255,-109.9666014390566,17.640614500761609,-231.6368530752393,17.629313245609369,-119.48337880568625,15.070570615246972,-0.8835719223327487,17.152682010570009,-23.513776243777217,16.246374550943558,-15.670704353283327,14.06094766621357,-195.73086156900787,16.697238017611455,-81.77706023293337,447.55155001704636,617.3836486924091,0.0,0.0,0.0,0.0,0.0,0.0,0.0,0.0,0.0,0.0,0.0,0.0,0.0,0.0,0.0,0.0,0.0,0.0,0.0,0.0,0.0,0.0,1.339268161981181,0.4088120152567708,142.37786333812478,169.33068200625943,3721.241292442094,0.25334895834946338,0.03866742343551029,111.98574670977395,133.12620523473655,2917.2895594444978,1.2893482606354266,0.2436410167489469,200.83665025528416,238.82527545677636,5212.6125290937929,0.25239082463875797,0.04769289959160202,136.83673377914364,162.67399141005365,3554.379737210594,0.0,0.0,8.51242206832302,10.201851014593285,182.6127511292031,0.0,0.0,11.032977691791548,13.117647997566689,285.3917642596134,0.0,0.0,80.26313446083018,95.81488686443831,1900.8268344716999,0.0,0.0,50.61179766125059,60.96850248789261,938.0406614491122,0.0,0.0,24.673608565681243,29.391563995210796,611.6024934820175,34.45197838445668,23.62961480415411,227.54478036037336,271.55084472650489,6259.595736387793,0.0,0.0,62.79723791101746,76.16078573786163,925.7764689108997,0.0,17.385303292592174,40.33578396216433,22.0,30.0,0.0,17.428805572154759,39.91160986685634,12.0,30.0,0.0,17.322972963352905,40.54157862524007,22.0,30.0,0.0,17.396029826915453,40.232073490919038,12.0,30.0,0.0,15.058905557391104,47.36626721079513,12.0,30.0,0.0,17.344718007764187,40.958808056303897,12.0,30.0,0.0,16.208830928977599,43.68670409293707,10.0,30.0,0.0,13.567676453205048,52.12257902940728,12.0,30.0,0.0,16.782576075402305,42.43513993896718,20.0,30.0,0.0,16.343545688128946,0.0,0.0,0.0,11.63928242734724,0.0,0.0,498.15352848548369,468.9859809619329,504.57235334261176,489.7915283701191,562.2042921995941,872.5787249120585,540.3035654501528,619.1106453472472,746.5115091750288,0.0,84.06011729187778,84.06011729187778,60.0,0.0,60.0,60.0,12.0,12.0,12.0,19.0,12.0,12.0,21.0,10.0,0.0,0.0,0.0,0.0,0.0,0.0,0.0,0.0,0.0,0.0,0.0,0.0,0.0,84.06011729187778,84.06011729187778,0.0,0.0,0.0,84.06011729187778,0.0,0.0,0.0010299999999999999 
 02/19  03:20:00,4.513333333333334,93.66666666666667,3.8933333333333337,0.0,0.0,0.0,0.0,0.0,2.0,2.0,0.0,0.0,0.0,0.0,0.0,230.0,0.0,0.0,0.0,0.0,0.0,0.0,0.0,0.0,0.0,0.0,0.0,17.657281289955735,-185.1194051195148,17.56228950991128,-194.86575340068294,17.613089431572875,-204.44087854069677,17.52127841014941,-138.46464088120184,15.038867213290498,-1.4873450743567532,17.111422028855416,-23.30104488835991,16.1921695100082,-24.71449968050524,14.001744288602384,-196.7112573774807,16.660641580698994,-83.16849421194854,473.43225488078499,617.0768419278556,0.0,0.0,0.0,0.0,0.0,0.0,0.0,0.0,0.0,0.0,0.0,0.0,0.0,0.0,0.0,0.0,0.0,0.0,0.0,0.0,0.0,0.0,1.3296275800959486,0.40586922469351296,233.35451658660294,277.59650059977039,6025.7376052278909,0.2484420841928316,0.037918511018441947,164.01586799244905,195.143198514456,4199.490779198296,1.2575969233930696,0.23764114198659676,159.1386733966205,189.20242826105847,4124.169163796017,0.25081102208638686,0.047394373032197057,157.02769061717633,186.755063421998,4017.8637261058,0.0,0.0,8.397201829218158,10.063797758537924,178.8266757472466,0.0,0.0,11.03940754527414,13.129048480870388,283.6615499639778,0.0,0.0,79.37457911823234,94.76541517109158,1862.4652045712592,0.0,0.0,50.79905513447444,61.21294511062105,930.6220776029985,0.0,0.0,25.32613674112285,30.179419749423699,623.5562001810185,34.60295876912114,23.73316788005566,300.0802732997349,357.9879127674865,7990.019905931707,0.0,0.0,62.946633372265498,76.36063106260113,916.4352044900982,0.0,17.290788154665657,40.4046343792678,22.0,30.0,0.0,17.260688810719758,40.29225889261395,12.0,30.0,0.0,17.341324198578098,40.476482919586377,22.0,30.0,0.0,17.235147986099226,40.55003671002361,12.0,30.0,0.0,15.02662742338282,47.331391490806009,12.0,30.0,0.0,17.30293273714706,40.9374880585617,12.0,30.0,0.0,16.142663081695916,43.68172346404489,10.0,30.0,0.0,13.506318249680648,52.167922037639268,12.0,30.0,0.0,16.74358588941533,42.40565745204267,20.0,30.0,0.0,16.382717436969015,0.0,0.0,0.0,11.594781638192787,0.0,0.0,486.1073470158958,464.8251478017909,505.49412934292959,483.58371249047948,560.56289990511,867.8015289714365,533.6776153379833,618.2840505785468,741.7811712861237,0.0,84.06011729187778,84.06011729187778,60.0,0.0,60.0,60.0,12.0,12.0,12.0,19.0,12.0,12.0,21.0,10.0,0.0,0.0,0.0,0.0,0.0,0.0,0.0,0.0,0.0,0.0,0.0,0.0,0.0,84.06011729187778,84.06011729187778,0.0,0.0,0.0,84.06011729187778,0.0,0.0,0.0010299999999999999 
 02/19  03:30:00,4.5600000000000009,94.0,3.995,0.0,0.0,0.0,0.0,0.0,2.0,2.0,0.0,0.0,0.0,0.0,0.0,230.0,0.0,0.0,0.0,0.0,0.0,0.0,0.0,0.0,0.0,0.0,0.0,17.54865766481735,-65.36387745962702,17.552619496125897,-188.35757897500776,17.46709929388321,-194.39996659348709,17.514427317769376,-177.14418994259109,15.007577681039522,-1.8698756524624685,17.068489992083398,-23.029706653342147,16.151149964575514,-36.446456055567299,13.945374559147919,-196.20952253932888,16.622676173322206,-84.08566305277873,448.6696611101511,618.2695470742684,0.0,0.0,0.0,0.0,0.0,0.0,0.0,0.0,0.0,0.0,0.0,0.0,0.0,0.0,0.0,0.0,0.0,0.0,0.0,0.0,0.0,0.0,1.3148649056527265,0.4013629138134086,166.27807258096235,197.8200175469819,4244.583189859682,0.2397573928000108,0.03659300866911032,137.83170568948396,163.86416539494474,3524.564874446435,1.2633050537491282,0.2387197758407273,202.6615786529744,241.1314831857216,5147.819071618666,0.23878750503953495,0.04512235544964756,148.82677550480879,176.9674559820266,3795.4464508996736,0.0,0.0,8.274847764946689,9.921245193118855,174.95301778596423,0.0,0.0,11.264197144984344,13.398591226335747,287.41537056491645,0.0,0.0,77.95298440766547,93.10690611370544,1816.3469433289989,0.0,0.0,50.930757692846558,61.387926732333017,922.6207607657641,0.0,0.0,25.7681334312693,30.707973266560175,629.9791629160418,34.72796783331564,23.818907978954493,265.01840249713259,316.20293860989866,7067.968033272202,0.0,0.0,63.044105090246507,76.49486282775639,906.8692429111652,0.0,17.169896766162869,40.79251909755171,22.0,30.0,0.0,17.30387041970976,40.239158933189049,12.0,30.0,0.0,17.12598183455188,40.97519238569421,22.0,30.0,0.0,17.271723897751195,40.49672175349531,12.0,30.0,0.0,14.995392031181743,47.29218176305639,12.0,30.0,0.0,17.2575799357881,40.94127635895252,12.0,30.0,0.0,16.10612413751035,43.762898031818689,10.0,30.0,0.0,13.450176388657767,52.18023152035949,12.0,30.0,0.0,16.70206632935647,42.39245863030389,20.0,30.0,0.0,16.268568849474545,0.0,0.0,0.0,11.554873750824811,0.0,0.0,494.7311138828688,467.3604610926765,500.61898160610346,485.49252756275407,558.8376419430795,864.8548139304257,536.3922306456625,615.7057536983649,740.2802182430639,0.0,84.06011729187778,84.06011729187778,60.0,0.0,60.0,60.0,12.0,12.0,12.0,19.0,12.0,12.0,21.0,10.0,0.0,0.0,0.0,0.0,0.0,0.0,0.0,0.0,0.0,0.0,0.0,0.0,0.0,84.06011729187778,84.06011729187778,0.0,0.0,0.0,84.06011729187778,0.0,0.0,0.0010299999999999999 
 02/19  03:40:00,4.6066666666666669,94.33333333333333,4.096666666666667,0.0,0.0,0.0,0.0,0.0,2.0,2.0,0.0,0.0,0.0,0.0,0.0,230.0,0.0,0.0,0.0,0.0,0.0,0.0,0.0,0.0,0.0,0.0,0.0,17.50271391449961,-183.61265782002784,17.425752402223524,-180.73221272229467,17.462897543943695,-194.0492938100665,17.39876146936252,-122.73817296821994,14.975675578036939,-1.7255847449692255,17.02825631309649,-24.40283215804513,16.090588297021584,-26.49934460743725,13.890742776114714,-193.82717256672505,16.586644755793324,-85.85761977272824,442.53640201657665,615.3559885163677,0.0,0.0,0.0,0.0,0.0,0.0,0.0,0.0,0.0,0.0,0.0,0.0,0.0,0.0,0.0,0.0,0.0,0.0,0.0,0.0,0.0,0.0,1.2968254213822077,0.39585635573327468,218.5709943122045,260.1731221568883,5537.892294602105,0.24459251967435248,0.037330970646268699,148.7961968822562,177.12350148501333,3742.9701614750258,1.228902509269664,0.2322189170955526,134.86234121875914,160.4314852557764,3432.975612076175,0.2455648088677279,0.04640302510728039,132.52824492797647,157.68484219973673,3336.1923424470899,0.0,0.0,8.400588933630497,10.07189497177988,176.29600612174569,0.0,0.0,11.227232985003753,13.358327615152952,284.567368554792,0.0,0.0,79.29562004586546,94.72259510127684,1828.7877142477099,0.0,0.0,50.92468974948743,61.39695228582096,912.3944150064319,0.0,0.0,25.756903704696769,30.705848267624395,625.4678483497123,34.920870386698869,23.951214256995116,260.04934530307966,310.41848498512067,6886.268791249589,0.0,0.0,63.039097258752168,76.50417909831548,896.3979485085856,0.0,17.13551932844298,40.843274919056387,22.0,30.0,0.0,17.118291374125449,40.74830391031848,12.0,30.0,0.0,17.186560232208067,40.85400294261398,22.0,30.0,0.0,17.109661673285396,40.898396061604277,12.0,30.0,0.0,14.963177801750885,47.28898351298279,12.0,30.0,0.0,17.217003484099345,40.949861305614067,12.0,30.0,0.0,16.031415881905017,43.91462656229628,10.0,30.0,0.0,13.396920386755316,52.269304277602177,12.0,30.0,0.0,16.664258689349475,42.39363196176902,20.0,30.0,0.0,16.20084472895892,0.0,0.0,0.0,11.519682612985111,0.0,0.0,484.74291175498765,461.1633055555196,503.7894830278708,478.4557317479607,557.5710570280589,859.5920914247076,532.5185924050901,616.6805215001084,735.7701472443462,0.0,84.06011729187778,84.06011729187778,60.0,0.0,60.0,60.0,12.0,12.0,12.0,19.0,12.0,12.0,21.0,10.0,0.0,0.0,0.0,0.0,0.0,0.0,0.0,0.0,0.0,0.0,0.0,0.0,0.0,84.06011729187778,84.06011729187778,0.0,0.0,0.0,84.06011729187778,0.0,0.0,0.0010299999999999999 
 02/19  03:50:00,4.653333333333333,94.66666666666667,4.198333333333333,0.0,0.0,0.0,0.0,0.0,2.0,2.0,0.0,0.0,0.0,0.0,0.0,230.0,0.0,0.0,0.0,0.0,0.0,0.0,0.0,0.0,0.0,0.0,0.0,17.403133482434698,-60.19437425608885,17.42012031359403,-185.77056829182107,17.333195317519736,-180.81425662234506,17.39107023981805,-180.83190606879908,14.944186679081025,-2.1403654627804089,16.986076332330254,-23.966786447618348,16.047598652538729,-39.70085720152019,13.838569697878459,-192.74294526812663,16.5491936278491,-86.07012818404752,432.66895077093298,615.1741789968752,0.0,0.0,0.0,0.0,0.0,0.0,0.0,0.0,0.0,0.0,0.0,0.0,0.0,0.0,0.0,0.0,0.0,0.0,0.0,0.0,0.0,0.0,1.2772573223392237,0.38988318752723558,160.43954092283969,190.9892080861225,4022.5324687262348,0.23395076679974548,0.03570677148958265,132.56930418154767,157.69805848167636,3330.865957492939,1.2362911162497275,0.23361510133214814,178.01925964616397,211.95934123585895,4446.967107409488,0.23239094998259197,0.04391363378355856,143.22742049346312,170.3970174962313,3589.1399784940419,0.0,0.0,8.239953025533957,9.88297061413515,171.65929606077249,0.0,0.0,11.446248109820381,13.621159140463082,288.0843413825477,0.0,0.0,77.32635949910012,92.40620206228873,1770.195752077628,0.0,0.0,50.97578075177891,61.472983288843447,903.555579792952,0.0,0.0,26.597906821007613,31.710628197499,641.3449628903122,35.05520571213236,24.04335096854072,253.60331884846625,302.74276514210308,6675.236329011952,0.0,0.0,63.05809379479585,76.54037480168076,886.7080295224081,0.0,17.030510689068487,41.18445203934515,22.0,30.0,0.0,17.166700526722985,40.718875656132109,12.0,30.0,0.0,17.000797304255863,41.34233832551948,22.0,30.0,0.0,17.140633044380505,40.897166699583809,12.0,30.0,0.0,14.931841407312982,47.308722160181279,12.0,30.0,0.0,17.1726140393261,41.00096548755967,12.0,30.0,0.0,15.991149886779267,44.046355427687128,10.0,30.0,0.0,13.3475045104887,52.34778894988192,12.0,30.0,0.0,16.62387482444766,42.43208329856802,20.0,30.0,0.0,16.12493548538485,0.0,0.0,0.0,11.487979005691902,0.0,0.0,492.6717715440558,464.64484145173346,499.2308190659096,480.8949747256469,556.3607091923108,856.4088939926273,535.0815057821305,614.9401465111087,733.5631438352864,0.0,84.06011729187778,84.06011729187778,60.0,0.0,60.0,60.0,12.0,12.0,12.0,19.0,12.0,12.0,21.0,10.0,0.0,0.0,0.0,0.0,0.0,0.0,0.0,0.0,0.0,0.0,0.0,0.0,0.0,84.06011729187778,84.06011729187778,0.0,0.0,0.0,84.06011729187778,0.0,0.0,0.0010299999999999999 
 02/19  04:00:00,4.7,95.0,4.3,0.0,0.0,0.0,0.0,0.0,2.0,2.0,0.0,0.0,0.0,0.0,0.0,345.0,0.0,0.0,0.0,0.0,0.0,0.0,0.0,0.0,0.0,0.0,0.0,17.392671036464898,-110.15079656923725,17.341948833691423,-144.50183128296383,17.336726626440176,-151.38406649851457,17.31637570321956,-62.35888035864513,14.913764813799352,-1.7870762030375256,16.948126212902915,-24.19340905176157,15.995786900827353,-30.710603428267278,13.789981490872944,-190.11057353750443,16.51541349859381,-86.63684110541142,355.8547993959198,615.7768408030577,0.0,0.0,0.0,0.0,0.0,0.0,0.0,0.0,0.0,0.0,0.0,0.0,0.0,0.0,0.0,0.0,0.0,0.0,0.0,0.0,0.0,0.0,1.263082692686747,0.3855563774990074,137.87416248636266,164.236298306068,3453.6298208804016,0.2345086032019182,0.03579191135560415,97.32953491079639,115.97485923923866,2424.076840380285,1.219775022731312,0.23049414639669567,99.72608418467412,118.90311604269601,2509.5233178717496,0.2382058833014289,0.04501244960344464,73.18664441737494,87.31077421898547,1818.5138891730397,0.0,0.0,8.316072892092543,9.981739873495988,171.97952521437663,0.0,0.0,11.429748496250517,13.613543743966663,285.7849702058971,0.0,0.0,78.38101812993806,93.74607400557294,1778.144427785061,0.0,0.0,51.08461161543789,61.659293580386599,896.2696805081955,0.0,0.0,26.112410558565615,31.160094660501806,625.4890662182354,35.236245397713279,24.16752084891174,155.12548681491155,185.66712970614118,4280.363519612848,0.0,0.0,63.20316803753776,76.77917667156541,880.0014978413524,0.0,17.06468623876757,41.10946004679123,22.000000000000019,30.00000000000002,0.0,17.077060263760005,41.01884003597563,12.00000000000001,30.00000000000002,0.0,17.073737860482475,41.14935959844382,22.000000000000019,30.00000000000002,0.0,17.060378880560977,41.09510559266532,12.00000000000001,30.00000000000002,0.0,14.902845606496595,47.3495835754975,12.00000000000001,30.00000000000002,0.0,17.136059291092495,41.05111306878229,12.00000000000001,30.00000000000002,0.0,15.934392370309828,44.21221431571398,10.000000000000007,30.00000000000002,0.0,13.30449410701151,52.47586669125701,12.00000000000001,30.00000000000002,0.0,16.590534634817649,42.48039066277438,20.000000000000015,30.00000000000002,0.0,15.825363848470005,0.0,0.0,0.0,11.466839304594375,0.0,0.0,480.64759762152178,459.024226264553,491.8572579248722,473.0506690160739,555.6918794818018,852.2249472675096,531.4933737284588,614.4849274401026,731.4469463829196,0.0,84.06011729187785,84.06011729187785,60.00000000000004,0.0,60.00000000000004,60.00000000000004,12.0,12.0,12.0,19.0,12.0,12.0,21.0,10.0,0.0,0.0,0.0,0.0,0.0,0.0,0.0,0.0,0.0,0.0,0.0,0.0,0.0,84.06011729187785,84.06011729187785,0.0,0.0,0.0,84.06011729187785,0.0,0.0,0.00103 
 02/19  04:10:00,4.76,95.16666666666667,4.281666666666667,0.0,0.0,0.0,0.0,0.0,2.0,2.0,0.0,0.0,0.0,0.0,0.0,115.0,0.0,0.0,0.0,0.0,0.0,0.0,0.0,0.0,0.0,0.0,0.0,17.306262468780316,-121.75633782532441,17.36431093848398,-20.012233174648004,17.341396181310438,-60.11164125567666,17.252793854459094,-196.64330004072509,14.877889278861565,-1.4890125164918118,16.903003952827857,-24.07171688561175,15.95003956136076,-26.249942719229695,13.736680090660486,-185.63269594604754,16.47482882192733,-85.53279826396954,242.73431075174359,614.4964606123731,0.0,0.0,0.0,0.0,0.0,0.0,0.0,0.0,0.0,0.0,0.0,0.0,0.0,0.0,0.0,0.0,0.0,0.0,0.0,0.0,0.0,0.0,1.2618552745022343,0.38518170772351476,49.41433764450478,58.73523804769241,1242.444738872983,0.23549512246712274,0.035942479009023618,6.311333024079727,7.4964431170007,163.24525097234196,1.1992717021797955,0.2266197471995079,74.66735221859504,88.69695328691668,1887.4379290204782,0.23114212307830474,0.04367764986362522,70.66694758661389,83.99377549085821,1739.3637434101314,0.0,0.0,8.338798266698025,9.984018889709139,170.86368713664556,0.0,0.0,11.382077016053998,13.523476635653284,282.19345341513869,0.0,0.0,78.1647557740939,93.25605802344006,1757.4452314944493,0.0,0.0,51.05199873277816,61.46891859840902,884.4323212149311,0.0,0.0,26.530147731454539,31.58031210269087,630.1499781358964,35.04280147528814,24.034843261514508,72.71971917774072,86.90098814612924,2314.9245361635009,0.0,0.0,63.10022397547611,76.45785421396913,868.2199801332058,0.0,16.95909669851478,41.568395299921977,22.0,30.0,0.0,17.1763316311835,40.843349298123147,12.0,30.0,0.0,17.146859321628584,40.92304085456646,22.0,30.0,0.0,16.96738240907602,41.576967900088948,12.0,30.0,0.0,14.862924771110914,47.43926781418992,12.0,30.0,0.0,17.08330924813904,41.16063289381727,12.0,30.0,0.0,15.887551792697641,44.337116691411889,10.0,30.0,0.0,13.250639904894788,52.627232853367427,12.0,30.0,0.0,16.543186974082308,42.58533890911346,20.0,30.0,0.0,15.400532770794318,0.0,0.0,0.0,11.4431895299328,0.0,0.0,486.23184253198829,460.5504754551631,492.2394770071151,471.91537916375116,554.360415157945,848.3710800204311,527.1939539234986,613.2675440367227,728.3527542487424,0.0,84.06011729187778,84.06011729187778,60.0,0.0,60.0,60.0,12.0,12.0,12.0,19.0,12.0,12.0,21.0,10.0,0.0,0.0,0.0,0.0,0.0,0.0,0.0,0.0,0.0,0.0,0.0,0.0,0.0,84.06011729187778,84.06011729187778,0.0,0.0,0.0,84.06011729187778,0.0,0.0,0.0010299999999999999 
 02/19  04:20:00,4.82,95.33333333333334,4.263333333333334,0.0,0.0,0.0,0.0,0.0,2.0,2.0,0.0,0.0,0.0,0.0,0.0,345.0,0.0,0.0,0.0,0.0,0.0,0.0,0.0,0.0,0.0,0.0,0.0,17.283423573967015,-71.75331799064662,17.27894006033783,-240.02466472732164,17.214873674198704,-222.08488577093059,17.23655373578518,-98.48878050265236,14.85088916004473,-2.0307633972482974,16.871186533851039,-23.497325129649153,15.910389140193697,-32.86218046465242,13.695782572264779,-186.31213273875043,16.445262189385184,-87.58137435034455,403.02309799455346,610.3640045219299,0.0,0.0,0.0,0.0,0.0,0.0,0.0,0.0,0.0,0.0,0.0,0.0,0.0,0.0,0.0,0.0,0.0,0.0,0.0,0.0,0.0,0.0,1.2302173159092518,0.3755242112055102,154.12089991194055,183.7556141278868,3799.456924443786,0.2228014855426607,0.034005110736059319,85.4810990027946,101.86587121434924,2100.4955935753907,1.1946301544870453,0.22574265957805085,145.92329625928142,174.07189526023985,3578.9856402636726,0.23408519464740402,0.04423378583662205,93.02799248558435,110.9188595353991,2282.8577635365297,0.0,0.0,8.201094603168562,9.846754179620607,166.6306532167941,0.0,0.0,11.473424578410516,13.670561555208583,282.3870625535892,0.0,0.0,77.77463722556358,93.05442943461444,1733.2876867268615,0.0,0.0,51.12401914123556,61.73009198450825,876.0572891775612,0.0,0.0,26.417958918567444,31.535108557988168,622.7569154469068,34.9267176202665,23.95522470525823,199.81765731096284,239.13582227456849,5250.866202826617,0.0,0.0,63.079672355303987,76.64759297896853,857.1174524788905,0.0,16.98535635846291,41.4927707874569,21.999999999999994,29.99999999999999,0.0,17.038929436524417,41.446764214379779,11.999999999999995,29.99999999999999,0.0,16.943567832819136,41.612422477459,21.999999999999994,29.99999999999999,0.0,17.001303388100049,41.48631822737932,11.999999999999995,29.99999999999999,0.0,14.840735268781448,47.49968642726087,11.999999999999995,29.99999999999999,0.0,17.056710602218357,41.22765524758756,11.999999999999995,29.99999999999999,0.0,15.851997733926919,44.53502816387104,9.999999999999997,29.99999999999999,0.0,13.220307064357487,52.7432712151851,11.999999999999995,29.99999999999999,0.0,16.517442219200889,42.6517726624098,19.999999999999994,29.99999999999999,0.0,15.889919251544196,0.0,0.0,0.0,11.421321747700113,0.0,0.0,475.6481602205766,464.58405354312267,482.00959673047489,478.26842220318329,553.3470034853801,845.8307892956939,527.7953388585224,612.9128582666006,727.7048050384726,0.0,84.06011729187775,84.06011729187775,59.99999999999998,0.0,59.99999999999998,59.99999999999998,12.0,12.0,12.0,19.0,12.0,12.0,21.0,10.0,0.0,0.0,0.0,0.0,0.0,0.0,0.0,0.0,0.0,0.0,0.0,0.0,0.0,84.06011729187775,84.06011729187775,0.0,0.0,0.0,84.06011729187775,0.0,0.0,0.0010400000000000002 
 02/19  04:30:00,4.88,95.5,4.245,0.0,0.0,0.0,0.0,0.0,2.0,2.0,0.0,0.0,0.0,0.0,0.0,460.0,0.0,0.0,0.0,0.0,0.0,0.0,0.0,0.0,0.0,0.0,0.0,17.24651824506794,-92.96596928309623,17.220488233782914,-115.01087069330714,17.211060058500907,-94.8527647683228,17.21108122990598,-82.80065857224736,14.81994492075973,-1.8870129944238699,16.83440276559655,-24.738057815220175,15.870006012342313,-26.278065323254283,13.64998222890528,-184.59445298541523,16.41105993568993,-88.19591669657138,212.09795283775208,607.6357875053338,0.0,0.0,0.0,0.0,0.0,0.0,0.0,0.0,0.0,0.0,0.0,0.0,0.0,0.0,0.0,0.0,0.0,0.0,0.0,0.0,0.0,0.0,1.2211541059435365,0.3727576635969281,68.8150723063484,82.07289475426967,1702.209090005722,0.22909460731814824,0.03496559940753178,40.735776507485237,48.61648347148268,995.3781120655726,1.1767870238976144,0.22237094177959466,58.21067579888913,69.46380138969968,1446.4285489895133,0.22951597070678826,0.04337036483499399,43.95462797535089,52.43411079496454,1074.354102068859,0.0,0.0,8.334330839333364,10.011479123668888,167.8361931023384,0.0,0.0,11.315306148401377,13.489049065909347,276.31910126428218,0.0,0.0,78.78647684573578,94.31144054858933,1740.6459115268218,0.0,0.0,51.205110336550777,61.860206752288409,867.0638707905014,0.0,0.0,26.2484818621462,31.348731523925218,613.8158032255454,34.71366702223362,23.80909946655256,64.54974927207823,77.45503834645109,2089.457762097199,0.0,0.0,63.1096663062892,76.71789753756511,847.4163559940414,0.0,16.971929466782958,41.700822667118739,22.0,30.0,0.0,16.99082025507594,41.723537573586799,12.0,30.0,0.0,17.004576887600569,41.5262991160329,22.0,30.0,0.0,16.99571043684312,41.63262404299272,12.0,30.0,0.0,14.810746391075093,47.6024633714511,12.0,30.0,0.0,17.019445683561267,41.34410391390679,12.0,30.0,0.0,15.815095090506766,44.728913977879077,10.0,30.0,0.0,13.179528182701456,52.9002585473633,12.0,30.0,0.0,16.48243769248905,42.7627206258519,20.0,30.0,0.0,15.257232246260955,0.0,0.0,0.0,11.402721163632279,0.0,0.0,475.7558396195721,465.01219635936789,488.91485800525018,472.702044425335,551.5041135205969,844.0706468306603,524.049541436329,610.9102267150892,726.1614842103015,0.0,84.06011729187778,84.06011729187778,60.0,0.0,60.0,60.0,12.0,12.0,12.0,19.0,12.0,12.0,21.0,10.0,0.0,0.0,0.0,0.0,0.0,0.0,0.0,0.0,0.0,0.0,0.0,0.0,0.0,84.06011729187778,84.06011729187778,0.0,0.0,0.0,84.06011729187778,0.0,0.0,0.00105 
 02/19  04:40:00,4.9399999999999999,95.66666666666667,4.226666666666667,0.0,0.0,0.0,0.0,0.0,2.0,2.0,0.0,0.0,0.0,0.0,0.0,115.0,0.0,0.0,0.0,0.0,0.0,0.0,0.0,0.0,0.0,0.0,0.0,17.23295144124237,-36.15748235185403,17.12672401298018,-228.3206365713146,17.089582866527488,-241.3807322054805,17.23782517754433,-9.806926163776101,14.783355836597675,-1.6553266426006708,16.79122037021392,-23.58332188750047,15.821901189091776,-27.69040644660755,13.599297318604429,-179.96327155484469,16.37105367243107,-86.71847248859574,276.3734362861393,606.0458971688886,0.0,0.0,0.0,0.0,0.0,0.0,0.0,0.0,0.0,0.0,0.0,0.0,0.0,0.0,0.0,0.0,0.0,0.0,0.0,0.0,0.0,0.0,1.2052597029884978,0.36790589224313138,139.86765949984594,166.23612869423148,3421.860101359281,0.22649819373229833,0.03456932138771344,67.2332678178304,79.947016173129,1615.8621002266066,1.1504348916651047,0.21739132495561329,64.55634574569035,76.7741984057043,1569.3537131135229,0.2265544844908623,0.04281074914793317,3.384224496053398,4.021054483645337,88.13677146499244,0.0,0.0,8.24190689757759,9.872367511860869,164.39033901735267,0.0,0.0,11.301537627599828,13.434571039286253,273.66085105746569,0.0,0.0,77.87463046750713,92.95662839792262,1703.739220962544,0.0,0.0,51.14227973762998,61.611009028649629,854.9826706217705,0.0,0.0,26.439897503014984,31.488152590488057,613.0150035007185,34.5862147714778,23.72168365670633,90.2981368301289,107.9063725587651,2640.912851529365,0.0,0.0,62.97603045329449,76.33050995294939,836.3832382505224,0.0,17.009535296055934,41.635407583505187,22.00000000000001,30.000000000000015,0.0,16.852157297813215,42.35809025904518,12.000000000000006,30.000000000000015,0.0,16.81650308833634,42.39560062131193,22.00000000000001,30.000000000000015,0.0,17.089178917832997,41.520796896545217,12.000000000000006,30.000000000000015,0.0,14.76941809854965,47.78302738247317,12.000000000000006,30.000000000000015,0.0,16.969078341232814,41.534945539198648,12.000000000000006,30.000000000000015,0.0,15.760904148985726,45.040210315888838,10.000000000000004,30.000000000000015,0.0,13.128124096235764,53.1294221426706,12.000000000000006,30.000000000000015,0.0,16.43565501129774,42.943922884258409,20.000000000000008,30.000000000000015,0.0,15.413801566577148,0.0,0.0,0.0,11.387515565899499,0.0,0.0,481.92392905926035,462.3423900178372,478.88236010983237,467.9905030947147,548.8904456886886,842.5577841217765,523.1672666514304,608.0980877282775,722.9655548733283,0.0,84.06011729187782,84.06011729187782,60.00000000000003,0.0,60.00000000000003,60.00000000000003,12.0,12.0,12.0,19.0,12.0,12.0,21.0,10.0,0.0,0.0,0.0,0.0,0.0,0.0,0.0,0.0,0.0,0.0,0.0,0.0,0.0,84.06011729187782,84.06011729187782,0.0,0.0,0.0,84.06011729187782,0.0,0.0,0.00106 
 02/19  04:50:00,5.0,95.83333333333333,4.208333333333334,0.0,0.0,0.0,0.0,0.0,2.0,2.0,0.0,0.0,0.0,0.0,0.0,345.0,0.0,0.0,0.0,0.0,0.0,0.0,0.0,0.0,0.0,0.0,0.0,17.078636585311565,-148.743816866143,17.099226308433488,-128.0222708234476,17.079081013241117,-79.6460429619379,17.126369612563307,-228.5973267491187,14.756415711955539,-2.180988976165586,16.760512354485276,-24.430764238718859,15.780360920289623,-38.65633456055521,13.56153147103252,-179.17033928772654,16.34264027135865,-87.82788402734616,389.67861011301707,600.4850675011963,0.0,0.0,0.0,0.0,0.0,0.0,0.0,0.0,0.0,0.0,0.0,0.0,0.0,0.0,0.0,0.0,0.0,0.0,0.0,0.0,0.0,0.0,1.2001927654884979,0.36635920802457236,192.52235950522957,229.6887003935935,4576.366862410542,0.22361838197105916,0.034129789678122617,97.12778622808577,115.81462258231521,2321.6304118595428,1.1392775558409174,0.2152829848527813,139.41400254067589,166.34866866322819,3354.751058654903,0.21266155169942614,0.04018547840125212,85.52098352310776,102.02776873097267,2046.0185767998488,0.0,0.0,8.128242270698204,9.764012203889673,160.72840800587398,0.0,0.0,11.344188552395816,13.522918350344414,272.65448964191247,0.0,0.0,76.27263237147567,91.31157259747802,1652.8306227897122,0.0,0.0,51.086891070931148,61.718544527299489,844.810727800403,0.0,0.0,27.319196800340376,32.625633171699877,628.5984255676297,34.38965241248444,23.586867223926256,207.66135983091679,248.64681639539936,5280.069073565126,0.0,0.0,62.81040537731157,76.34264657899007,824.1817727662265,0.0,16.751455913024615,42.57970607265012,22.000000000000019,30.00000000000002,0.0,16.865926432522245,42.3135932168551,12.00000000000001,30.00000000000002,0.0,16.87119737887486,42.22614241800486,22.000000000000019,30.00000000000002,0.0,16.88980272530658,42.346278574379187,12.00000000000001,30.00000000000002,0.0,14.747324827488049,47.89845518722274,12.00000000000001,30.00000000000002,0.0,16.94292466505234,41.648117617728079,12.00000000000001,30.00000000000002,0.0,15.719514429649623,45.21664003514309,10.000000000000007,30.00000000000002,0.0,13.101384650132939,53.293923667563607,12.00000000000001,30.00000000000002,0.0,16.41156552019524,43.062545162185838,20.000000000000015,30.00000000000002,0.0,15.779223870407096,0.0,0.0,0.0,11.371736051544561,0.0,0.0,473.1627710869013,469.1671467794616,475.687397734858,461.0728360338916,547.9501624835268,842.2416119107621,523.3083988785672,607.3777393422424,719.1784465777106,0.0,84.06011729187785,84.06011729187785,60.00000000000004,0.0,60.00000000000004,60.00000000000004,12.0,12.0,12.0,19.0,12.0,12.0,21.0,10.0,0.0,0.0,0.0,0.0,0.0,0.0,0.0,0.0,0.0,0.0,0.0,0.0,0.0,84.06011729187785,84.06011729187785,0.0,0.0,0.0,84.06011729187785,0.0,0.0,0.0010733333333333333 
 02/19  05:00:00,5.06,96.0,4.19,0.0,0.0,0.0,0.0,0.0,2.0,2.0,0.0,0.0,0.0,0.0,0.0,345.0,0.0,0.0,0.0,0.0,0.0,0.0,0.0,0.0,0.0,0.0,0.0,17.04663446082295,-123.1217044919535,17.03856129448679,-114.60521077722557,17.017645798466874,-173.9749801227884,17.012800970885839,-171.30805043273237,14.724624822927704,-2.235184072119866,16.724303147596364,-25.67351534564383,15.732805588428413,-28.016707272399367,13.518683706105563,-177.7463577785325,16.308116153305208,-90.53403229656817,340.6225346725148,593.224541989417,0.0,0.0,0.0,0.0,0.0,0.0,0.0,0.0,0.0,0.0,0.0,0.0,0.0,0.0,0.0,0.0,0.0,0.0,0.0,0.0,0.0,0.0,1.1706538807895979,0.3573424544534795,107.65002200206203,128.42608101608213,2559.820046607928,0.2183752424043285,0.03332955470151537,31.84707687861699,38.06834456339836,754.1367283558356,1.1343842345647906,0.21435832096840358,172.47650168260376,205.81927340200338,4100.355020470677,0.22239634281660485,0.04202500809081726,99.02796194181875,118.23585974846971,2326.855106636623,0.0,0.0,8.233817490654248,9.891861002812526,161.30993417274693,0.0,0.0,11.364438255169649,13.549664153957345,270.9624063060137,0.0,0.0,78.03982574398427,93.4406785803088,1674.29338247529,0.0,0.0,51.05838562600907,61.69346726506926,834.3217843026471,0.0,0.0,26.651222178794407,31.834525015100149,608.16196819091,34.20604772491317,23.46093808293087,158.48590691634625,189.87658734982944,4117.202586372125,0.0,0.0,62.7103388408745,76.22746541670384,812.8596364238649,0.0,16.760057045968645,42.88202618450957,22.000000000000019,30.00000000000002,0.0,16.79678362173002,42.95503591966045,12.00000000000001,30.00000000000002,0.0,16.801953909791558,42.6490184644694,22.000000000000019,30.00000000000002,0.0,16.73328513117152,43.089076065416268,12.00000000000001,30.00000000000002,0.0,14.715563158521127,48.09844570862673,12.00000000000001,30.00000000000002,0.0,16.90536298120515,41.843922970483337,12.00000000000001,30.00000000000002,0.0,15.670990051273645,45.56427859014826,10.000000000000007,30.00000000000002,0.0,13.063619614407987,53.57592753994291,12.00000000000001,30.00000000000002,0.0,16.375055977304656,43.2732223989841,20.000000000000015,30.00000000000002,0.0,15.609662097286995,0.0,0.0,0.0,11.353125284350173,0.0,0.0,469.28522695965276,456.50865638291779,476.3767934785052,459.1551753768246,546.8280372209872,840.4268229331333,522.8114345373945,607.1512886905322,717.5719986292752,0.0,84.06011729187785,84.06011729187785,60.00000000000004,0.0,60.00000000000004,60.00000000000004,12.0,12.0,12.0,19.0,12.0,12.0,21.0,10.0,0.0,0.0,0.0,0.0,0.0,0.0,0.0,0.0,0.0,0.0,0.0,0.0,0.0,84.06011729187785,84.06011729187785,0.0,0.0,0.0,84.06011729187785,0.0,0.0,0.0010866666666666668 
 02/19  05:10:00,5.1066666666666669,95.83333333333333,4.19,0.0,0.0,0.0,0.0,0.0,2.0,2.0,0.0,0.0,0.0,0.0,0.0,115.0,0.0,0.0,0.0,0.0,0.0,0.0,0.0,0.0,0.0,0.0,0.0,17.035788840210306,-30.789962768826628,16.92826783614395,-281.66684648472758,16.96139790166589,-121.82217165324573,17.06238212241285,-15.198440387076687,14.688542342569516,-2.054061427416883,16.683621870483635,-23.604660882266388,15.674977713234015,-36.50526548665812,13.473022018160569,-172.86498263557793,16.269395223929477,-88.08548676667465,279.1421455345803,592.206943744316,0.0,0.0,0.0,0.0,0.0,0.0,0.0,0.0,0.0,0.0,0.0,0.0,0.0,0.0,0.0,0.0,0.0,0.0,0.0,0.0,0.0,0.0,1.1539588843760918,0.35224630170210377,153.08506807182435,182.06784978957965,3631.469409878237,0.20958059906490546,0.03198727091955211,110.5469609269861,131.5575200401311,2566.998324973066,1.1199193135365018,0.2116249647650231,35.192084186582388,41.86344837933039,850.8740745490134,0.21597902422836147,0.04081236285494357,5.347800399083161,6.358512670606889,131.82205897001396,0.0,0.0,7.984243109558971,9.567541755938786,155.1031117160646,0.0,0.0,11.503700932500163,13.680941805177213,272.3017269272815,0.0,0.0,75.56620152438932,90.2533658258896,1604.1563255522372,0.0,0.0,50.898104891621567,61.34414000287076,822.8061163114461,0.0,0.0,27.39254765190441,32.6366463443632,620.4206062459844,34.07634808767384,23.371980855743386,104.3910414871762,124.76611460848472,2869.7833496095929,0.0,0.0,62.48169855419549,75.74706670582741,803.3520530661274,0.0,16.812485789334749,42.809382134443897,22.0,30.0,0.0,16.62209617321034,43.53294963558223,12.0,30.0,0.0,16.75440370075934,42.93679913834605,22.0,30.0,0.0,16.889430563693425,42.658241545730287,12.0,30.0,0.0,14.675156419380257,48.36286972510948,12.0,30.0,0.0,16.859221890001498,42.11328704488323,12.0,30.0,0.0,15.598370966472207,46.08851823253856,10.0,30.0,0.0,13.0197231990949,53.85940227700402,12.0,30.0,0.0,16.33057128435865,43.52517037325472,20.0,30.0,0.0,15.368812336039375,0.0,0.0,0.0,11.345719848749905,0.0,0.0,467.8750235896373,461.03597188153318,486.1051656235161,460.89782977354289,545.5988803712005,836.5572952562918,514.6729993017701,605.3601040767015,715.5164044884845,0.0,84.06011729187778,84.06011729187778,60.0,0.0,60.0,60.0,12.0,12.0,12.0,19.0,12.0,12.0,21.0,10.0,0.0,0.0,0.0,0.0,0.0,0.0,0.0,0.0,0.0,0.0,0.0,0.0,0.0,84.06011729187778,84.06011729187778,0.0,0.0,0.0,84.06011729187778,0.0,0.0,0.0011 
 02/19  05:20:00,5.153333333333333,95.66666666666666,4.19,0.0,0.0,0.0,0.0,0.0,2.0,2.0,0.0,0.0,0.0,0.0,0.0,230.0,0.0,0.0,0.0,0.0,0.0,0.0,0.0,0.0,0.0,0.0,0.0,16.891126156828727,-136.9236908719622,16.919978574604899,-99.77742564938922,16.902287598850096,-198.41099549437923,16.976555482120938,-155.3051199717729,14.660661863892966,-2.187703294651641,16.651672474095819,-25.754698460280197,15.637747672539856,-37.83880313912846,13.437202647394767,-170.7765156729397,16.239985207139264,-89.13275229853667,402.17305351063126,585.1469349508219,0.0,0.0,0.0,0.0,0.0,0.0,0.0,0.0,0.0,0.0,0.0,0.0,0.0,0.0,0.0,0.0,0.0,0.0,0.0,0.0,0.0,0.0,1.1621127921560955,0.3547352845409326,209.53638806191027,249.8174870567613,4849.339101185269,0.22260666920275783,0.033975376862447777,118.66063543396013,141.4851059214958,2757.541877662359,1.0787797426304358,0.2038510473602487,155.7355903307062,185.61632640256989,3633.831396367378,0.20575944216528969,0.03888122489895873,90.00006525008081,107.35576452700428,2100.3600821390925,0.0,0.0,8.088888748225035,9.714538726093469,155.95120025322644,0.0,0.0,11.38949942558871,13.573823781798849,267.8092406997165,0.0,0.0,75.23888915345049,90.06776114839275,1585.2991601109594,0.0,0.0,50.70195886470997,61.23933408227315,812.0521110701582,0.0,0.0,27.93578026312815,33.35376652059787,628.4930646486232,34.04139293667866,23.348006129409244,235.13047986566628,281.18374588640008,5750.467070974373,0.0,0.0,62.23389302222448,75.60557589248779,792.4934283920608,0.0,16.572511803946659,43.62485444302594,22.0,30.0,0.0,16.6833376027782,43.29052500341153,12.0,30.0,0.0,16.693945249767478,43.25847597913386,22.0,30.0,0.0,16.74338206637277,43.252554717098977,12.0,30.0,0.0,14.65107556019029,48.55505150548112,12.0,30.0,0.0,16.829756526301204,42.283795880453798,12.0,30.0,0.0,15.567282039606603,46.19930219777389,10.0,30.0,0.0,12.994361091921708,54.07795878136603,12.0,30.0,0.0,16.304074628056179,43.7103892209658,20.0,30.0,0.0,15.745988794306405,0.0,0.0,0.0,11.333618276514656,0.0,0.0,467.17587346522216,466.13705226030768,470.6730980121898,458.57798438831949,543.5290858921562,835.9988735284464,516.9241727623646,605.7274948286449,710.7527748108964,0.0,84.06011729187778,84.06011729187778,60.0,0.0,60.0,60.0,12.0,12.0,12.0,19.0,12.0,12.0,21.0,10.0,0.0,0.0,0.0,0.0,0.0,0.0,0.0,0.0,0.0,0.0,0.0,0.0,0.0,84.06011729187778,84.06011729187778,0.0,0.0,0.0,84.06011729187778,0.0,0.0,0.00111 
 02/19  05:30:00,5.199999999999999,95.5,4.19,0.0,0.0,0.0,0.0,0.0,2.0,2.0,0.0,0.0,0.0,0.0,0.0,115.0,0.0,0.0,0.0,0.0,0.0,0.0,0.0,0.0,0.0,0.0,0.0,16.83606394885937,-118.84631715493697,16.93402423184689,-12.307756662449038,16.878140289401835,-39.726556894645,16.867023841844334,-218.7763872428668,14.625971156354943,-1.9452265085460852,16.61215895005777,-26.267814267649784,15.589230728186955,-27.413418461960647,13.395634719760644,-167.6250450582911,16.20326687730686,-89.20540341357389,340.10265759559936,580.2280862039356,0.0,0.0,0.0,0.0,0.0,0.0,0.0,0.0,0.0,0.0,0.0,0.0,0.0,0.0,0.0,0.0,0.0,0.0,0.0,0.0,0.0,0.0,1.148678255346216,0.3506343880788205,77.52443235913217,92.2921728969586,1794.9511867086363,0.21490386609612154,0.032799735362655919,6.037386681304562,7.1819466653395349,145.39326380351776,1.10441150629439,0.20869454011609796,166.82242962319189,198.48117647234856,3891.610282286915,0.2015598364351406,0.0380876486083032,133.66044665474775,159.09380805647158,3065.8263378227445,0.0,0.0,8.123684596062516,9.736941181251157,155.30367577309094,0.0,0.0,11.554212655312329,13.744861713308098,269.697796225154,0.0,0.0,75.73648642527124,90.48899267852464,1581.4617715816608,0.0,0.0,50.60583633564879,61.00704899943365,802.1809916562064,0.0,0.0,28.31369784299412,33.74273956293987,632.2941883690834,33.902745286269027,23.25291171897739,161.3214046222034,192.70691783120538,4074.9206501219239,0.0,0.0,62.07384718651872,75.25965346792475,783.6168045333635,0.0,16.531316481789437,43.89879649169565,22.0,30.0,0.0,16.758547888232397,43.180266713255807,12.0,30.0,0.0,16.71718693623079,43.17732007830274,22.0,30.0,0.0,16.57657155566212,43.87000671071767,12.0,30.0,0.0,14.613310721721957,48.846371383815959,12.0,30.0,0.0,16.785124226118499,42.55132372088728,12.0,30.0,0.0,15.515993960444485,46.33061547862785,10.0,30.0,0.0,12.95652693761818,54.36776109660465,12.0,30.0,0.0,16.262807863526324,43.9815521357101,20.0,30.0,0.0,15.540659376168076,0.0,0.0,0.0,11.324193438287676,0.0,0.0,467.6067901209871,465.8421922804775,471.6301131834221,455.989037729998,541.864973641822,832.6577882151925,519.6774558778189,605.2510214572376,705.9983551525758,0.0,84.06011729187778,84.06011729187778,60.0,0.0,60.0,60.0,12.0,12.0,12.0,19.0,12.0,12.0,21.0,10.0,0.0,0.0,0.0,0.0,0.0,0.0,0.0,0.0,0.0,0.0,0.0,0.0,0.0,84.06011729187778,84.06011729187778,0.0,0.0,0.0,84.06011729187778,0.0,0.0,0.00112 
 02/19  05:40:00,5.246666666666666,95.33333333333333,4.19,0.0,0.0,0.0,0.0,0.0,2.0,2.0,0.0,0.0,0.0,0.0,0.0,230.0,0.0,0.0,0.0,0.0,0.0,0.0,0.0,0.0,0.0,0.0,0.0,16.816459587231728,-85.83294718994626,16.86836359779312,-151.89376297563474,16.769500308509245,-192.77461288893074,16.857483780375476,-90.32146711142605,14.59814650634409,-2.1818777490845777,16.58166324279781,-25.450048264432185,15.54966673899841,-32.203014273731017,13.361413922378514,-165.76286174174175,16.173825795986447,-90.78431122813157,382.30385183250567,573.9375626944783,0.0,0.0,0.0,0.0,0.0,0.0,0.0,0.0,0.0,0.0,0.0,0.0,0.0,0.0,0.0,0.0,0.0,0.0,0.0,0.0,0.0,0.0,1.1197839597299296,0.3418143955219565,163.37785997539587,194.99201568080816,3753.899794643222,0.20290352206747395,0.030968181023729236,69.35134413887262,82.86126293887688,1592.7687623698187,1.0859758361356278,0.20521085338919654,175.7789654674496,209.67490969842008,4022.360748161902,0.21145176908653674,0.03995687246533195,103.50907088645073,123.42647465070492,2375.4101764397385,0.0,0.0,7.983232214734619,9.588847259631624,151.44347411854108,0.0,0.0,11.678018492266104,13.9224450219397,270.81547002633956,0.0,0.0,75.19154737644429,90.03181499438098,1557.1310346308142,0.0,0.0,50.46711919270854,60.970156003373137,792.5682694667299,0.0,0.0,28.070836536865298,33.526128804910289,622.6020494960703,33.84852415537731,23.21572301466209,219.6464290578984,262.9085466372615,5325.868649497734,0.0,0.0,61.875756462068867,75.1773105486795,773.9347897786699,0.0,16.563747196618715,43.782990404220637,22.0,30.0,0.0,16.6555498885535,43.62186747273668,12.0,30.0,0.0,16.543227160832477,43.824056467057037,22.0,30.0,0.0,16.630762983931015,43.60974930521408,12.0,30.0,0.0,14.589134099242852,48.99811772330611,12.0,30.0,0.0,16.758335686610534,42.69529969718427,12.0,30.0,0.0,15.478776494104638,46.626163657796109,10.0,30.0,0.0,12.932537152797249,54.5991099705129,12.0,30.0,0.0,16.235917516912005,44.12465745657828,20.0,30.0,0.0,15.648768017165306,0.0,0.0,0.0,11.315700753325569,0.0,0.0,468.3790011021023,462.4547119558988,470.5150928379592,463.99599116133427,541.591278960511,830.243948888335,518.7332813633709,605.0162988941702,706.6759844228257,0.0,84.06011729187778,84.06011729187778,60.0,0.0,60.0,60.0,12.0,12.0,12.0,19.0,12.0,12.0,21.0,10.0,0.0,0.0,0.0,0.0,0.0,0.0,0.0,0.0,0.0,0.0,0.0,0.0,0.0,84.06011729187778,84.06011729187778,0.0,0.0,0.0,84.06011729187778,0.0,0.0,0.00113 
 02/19  05:50:00,5.293333333333333,95.16666666666667,4.19,0.0,0.0,0.0,0.0,0.0,2.0,2.0,0.0,0.0,0.0,0.0,0.0,115.0,0.0,0.0,0.0,0.0,0.0,0.0,0.0,0.0,0.0,0.0,0.0,16.81224038097185,-20.05646430400975,16.761803295363757,-245.2008604674129,16.742104518093926,-126.10351669576017,16.872824611578325,-12.38544866883879,14.563716702225263,-2.097846944318235,16.544264840001536,-24.101412702848735,15.497456492100705,-38.08018565103475,13.32155017286107,-162.27922754526527,16.137736231181294,-89.23519865298636,305.47176547856727,570.7428356526327,0.0,0.0,0.0,0.0,0.0,0.0,0.0,0.0,0.0,0.0,0.0,0.0,0.0,0.0,0.0,0.0,0.0,0.0,0.0,0.0,0.0,0.0,1.1033018799130415,0.33678323562669157,182.4822913362489,217.19215085968498,4186.126984854763,0.1966737301291814,0.030017358078324394,128.7269930228846,153.27420502029009,2907.4864151136537,1.0696118313774899,0.20211863782643428,47.319624154564298,56.33321486339342,1096.8193463280769,0.2057170700202742,0.03887321806883487,5.862444208661888,6.975326451214877,139.3540493361964,0.0,0.0,7.799488336880573,9.350712790434823,146.6989679764905,0.0,0.0,11.743817680111642,13.974159526300684,270.3973261381626,0.0,0.0,73.39967133184773,87.72836233229075,1504.6270412503419,0.0,0.0,50.318850522194207,60.67562845744193,782.12171100443,0.0,0.0,28.49783375969019,33.97128597040444,627.3884121648613,33.71932956457741,23.127112184209478,136.21037010332516,162.8100517330157,3459.8091248909279,0.0,0.0,61.66760360960283,74.77340577212358,765.258026097187,0.0,16.620767446946969,43.64373458700389,22.0,30.0,0.0,16.49144585989323,44.22072732898731,12.0,30.0,0.0,16.550718848627775,43.900935914005,22.0,30.0,0.0,16.704906225732996,43.548731206651407,12.0,30.0,0.0,14.551659270275499,49.24293574866515,12.0,30.0,0.0,16.71713682691362,42.92928718993869,12.0,30.0,0.0,15.415887701764027,46.96801199739439,10.0,30.0,0.0,12.896433328282353,54.85445233515185,12.0,30.0,0.0,16.195723264425504,44.35581863885034,20.0,30.0,0.0,15.373509292817128,0.0,0.0,0.0,11.312149905162924,0.0,0.0,469.4036345516686,460.28264162002156,478.8825315381449,459.7506970029748,541.1047897305273,826.6327030950715,517.6013528315351,604.2737204698348,705.380338014206,0.0,84.06011729187778,84.06011729187778,60.0,0.0,60.0,60.0,12.0,12.0,12.0,19.0,12.0,12.0,21.0,10.0,0.0,0.0,0.0,0.0,0.0,0.0,0.0,0.0,0.0,0.0,0.0,0.0,0.0,84.06011729187778,84.06011729187778,0.0,0.0,0.0,84.06011729187778,0.0,0.0,0.0011466666666666668 
 02/19  06:00:00,5.34,95.0,4.19,0.0,0.0,0.0,0.0,0.0,2.0,2.0,0.0,0.0,0.0,0.0,0.0,230.0,0.0,0.0,0.0,0.0,0.0,0.0,0.0,0.0,0.0,0.0,0.0,16.69041839598814,-115.91398731461868,16.746384546716067,-103.98879614099451,16.696611364531174,-164.58883233401367,16.795933569799826,-143.8347278460327,14.536303077142613,-2.0644427522353938,16.513699459696136,-26.55222701959414,15.46558893368622,-33.80312647893311,13.289138938702028,-159.91323683617316,16.10911744607484,-90.37058281803519,378.0954936597268,563.3790544599895,0.0,0.0,0.0,0.0,0.0,0.0,0.0,0.0,0.0,0.0,0.0,0.0,0.0,0.0,0.0,0.0,0.0,0.0,0.0,0.0,0.0,0.0,1.1098441147318668,0.3387802548021571,189.0278397417996,225.4918774016702,4249.036133574771,0.20944364254976206,0.031966367910525348,103.25656956548545,123.16133595486545,2330.0366291500365,1.0405487259635602,0.19662674337935766,146.087282566774,174.2806150744807,3308.835643080268,0.19724585611080054,0.037272459582539777,85.16589351158845,101.6914293002793,1927.0321060923939,0.0,0.0,7.984527156214471,9.593931878292633,149.0170188445777,0.0,0.0,11.62942169785545,13.867819814029346,265.96278381392326,0.0,0.0,74.043267389002,88.69623849252972,1507.4184124101069,0.0,0.0,50.15124846743975,60.60434445320079,772.3357060262999,0.0,0.0,28.778145385112269,34.37886089331504,629.2428854405484,33.683597383880087,23.102604515692798,215.25410276430189,257.61676136690269,5143.938501528525,0.0,0.0,61.46351391696465,74.68315562074543,755.8538974540209,0.0,16.420945158418069,44.35692678469461,22.0,30.0,0.0,16.530802838202264,44.0473241859574,12.0,30.0,0.0,16.516246300126597,44.10862031099023,22.0,30.0,0.0,16.573717750492713,44.01442438760625,12.0,30.0,0.0,14.52809690133234,49.40910610089952,12.0,30.0,0.0,16.68884986657414,43.07957917476555,12.0,30.0,0.0,15.394405414702442,47.079967858425238,10.0,30.0,0.0,12.874306447061855,55.03676228490833,12.0,30.0,0.0,16.16997558170311,44.516919459179977,20.0,30.0,0.0,15.58058919454708,0.0,0.0,0.0,11.305765502578684,0.0,0.0,468.04690838056197,465.7688555892113,469.3106648533983,460.2179341621219,540.5397406968888,826.6439848654623,517.9025237993953,604.9766784915624,703.2789205966898,0.0,84.06011729187778,84.06011729187778,60.0,0.0,60.0,60.0,12.0,12.0,12.0,19.0,12.0,12.0,21.0,10.0,0.0,0.0,0.0,0.0,0.0,0.0,0.0,0.0,0.0,0.0,0.0,0.0,0.0,84.06011729187778,84.06011729187778,0.0,0.0,0.0,84.06011729187778,0.0,0.0,0.0011633333333333333 
 02/19  06:10:00,5.378333333333334,94.83333333333334,4.178333333333334,0.0,0.0,0.0,0.0,0.0,2.0,2.0,0.0,0.0,0.0,0.0,0.0,1160.0,0.0,0.0,0.0,0.0,0.0,0.0,0.0,0.0,0.0,0.0,0.0,17.88738783389576,-938.4747115440266,16.921780260861554,788.1558480859428,18.147983993417364,-2507.636516350311,17.083845703026769,862.8618115118652,14.511144431190055,5.123313661707925,17.535016302397858,-102.78363186618269,15.571090161374489,214.3926322835145,14.3647855978429,-249.36182373064663,17.695409842759525,-255.2013539219646,649.5713501749295,688.0291768008889,0.0,0.0,0.0,0.0,0.0,0.0,0.0,0.0,0.0,0.0,0.0,0.0,0.0,0.0,0.0,0.0,0.0,0.0,0.0,0.0,0.0,0.0,1.1087811102844759,0.33845577237010868,397.2276143487579,471.3931216493643,10388.503897558803,0.3202591903237709,0.04887960780277334,340.3495887330944,405.8009208231231,7968.373021877471,0.8969431696062116,0.16949039486134014,500.29354386989146,592.7194538103246,13507.122237221383,0.2881814724194801,0.05445606054789873,338.46258127522449,403.166659025357,8112.180245453732,0.0,0.0,11.91024034033705,14.329499828719174,220.85785477173736,0.0,0.0,18.536214761250045,22.01577104869762,476.75842562770506,0.0,0.0,80.37371734944145,96.34355147266742,1669.969238745418,0.0,0.0,40.41404532747592,48.67018812118011,743.6670509448519,0.0,0.0,44.74571894082268,53.08200677477288,1179.2887493747379,34.75595929969271,23.838106515564286,666.8837072704703,796.4369819528345,15740.728046114455,0.0,0.0,54.880378472770988,66.76906100364633,685.7349272377049,2061.579351363515,18.25351832350461,39.65407506661771,21.999999999999998,30.0,0.0,16.93178408111404,43.05779006545096,15.999999999999999,30.0,4636.393191612775,18.648106285158819,38.72116628721391,21.999999999999998,30.0,0.0,17.200966743551523,42.36175612416602,15.999999999999999,30.0,0.0,14.50889176819554,49.605097911500738,12.0,30.0,1881.2899566253867,18.08022759081689,39.58220685467512,20.0,30.0,0.0,15.64815203913362,46.52520732169411,10.0,30.0,1460.8613751799897,14.557173208271586,49.51156624292447,16.999999999999998,30.0,3113.1289780659647,18.321866227680169,39.06142969830682,20.0,30.0,0.0,16.393750347543187,0.0,0.0,0.0,11.44793308006673,0.0,0.0,467.6604101250456,469.42164911435529,466.2446374546978,465.3907968213413,538.2493691033161,803.3796525808007,505.4650673094705,610.6352591321637,684.6397091408597,12858.553503597777,79.50140254536648,87.85807594344877,60.0,0.0,60.0,60.0,16.0,16.0,19.0,19.0,16.0,12.0,21.0,10.0,1.0,0.0,2061.579351363515,0.0,4636.393191612775,0.0,1881.2899566253867,0.0,1460.8613751799897,3113.1289780659647,12643.819474323715,7586291.684594228,9889331.047817303,79.50140254536648,87.99999999999999,0.4214606491441238,0.7671438803145194,0.3602813740196596,87.99999999999999,0.3542647819438876,9889331.047817303,0.5154252144864999 
 02/19  06:20:00,5.416666666666667,94.66666666666667,4.166666666666667,0.0,0.0,0.0,0.0,0.0,2.0,2.0,0.0,0.0,0.0,0.0,0.0,580.0,0.0,0.0,0.0,0.0,0.0,0.0,0.0,0.0,0.0,0.0,0.0,18.705365591271098,-1353.6107896797135,17.568934905297284,953.6027984228058,19.068266874233467,-3493.9553952200415,17.88033860262339,901.3087740189474,14.494252787218703,16.473861310567935,18.474292630740686,-183.38033362990559,15.860300856501212,148.21344808730957,15.54267033698324,-165.33872641393436,18.472738480580565,-339.49542364192538,961.08471051909,883.9957732223933,0.0,0.0,0.0,0.0,0.0,0.0,0.0,0.0,0.0,0.0,0.0,0.0,0.0,0.0,0.0,0.0,0.0,0.0,0.0,0.0,0.0,0.0,1.1927764804779422,0.3640953847612766,460.3644796240966,544.162388599841,13045.349302863337,0.36764294758277196,0.05611156098638155,406.61895549725929,483.16147145054915,10315.978908357709,0.9246481044707173,0.17472564332402075,583.3947683357829,688.5144723559589,17031.976899412133,0.3131537690536764,0.05917493746290181,384.6133284432998,456.28969852308907,10108.999232986398,0.0,0.0,14.200951919667669,17.08334237899173,262.1621030293213,0.0,0.0,22.638254410792496,26.740115105895574,649.4045530873666,0.0,0.0,92.49985576039073,110.63580517952028,2000.5935916202246,0.0,0.0,23.12367680329089,27.63865263068793,520.8150918249743,0.0,0.0,56.6144172276249,66.86922099447368,1626.8226164691487,35.856762250771968,24.593115398334694,777.4901058480366,926.1520069976116,19480.19997239436,0.0,0.0,56.259495539195167,68.30479783801605,749.5136019541803,1947.9952682837659,19.60367904700988,36.45305313391894,22.0,30.0,0.0,18.07146116637409,40.102402796677427,16.0,30.0,4394.884421809282,20.078438815656538,35.40621216301018,22.0,30.0,0.0,18.55795592662244,38.91777382808005,16.0,30.0,0.0,14.505037121507327,49.83443602472141,12.000000000000002,30.0,1155.4956928097602,19.801751814256865,35.652954688958548,19.8,30.0,0.0,16.125210016410106,45.18782123922326,10.0,30.0,944.4184248827419,16.690431585727916,43.232695338077778,16.8,30.0,726.0643498120521,19.8342747900504,35.64975547717643,19.6,30.0,0.0,17.35514403919563,0.0,0.0,0.0,11.889692888591008,0.0,0.0,468.814787755636,470.6628158914809,466.4432800591562,466.3844302024816,537.5395291757878,742.2236320711361,523.1728874716473,615.696674163552,642.4682448733208,10855.224385335277,80.82704901260851,86.58741222246813,60.0,0.0,60.0,60.0,16.0,16.0,19.0,19.0,16.0,12.0,21.0,10.0,1.0,0.0,1947.9952682837659,0.0,4394.884421809282,0.0,1155.4956928097602,0.0,944.4184248827419,726.0643498120521,8717.30293078296,5230381.758469776,6815381.303721925,80.82704901260851,86.68524231286503,0.35857676435943205,0.7662367651477516,0.36028137401965956,86.68524231286503,0.35426478194388757,6815381.303721925,0.35559982779354018 
 02/19  06:30:00,5.455,94.5,4.155,0.0,0.0,0.0,0.0,0.0,2.0,2.0,0.0,0.0,0.0,0.0,0.0,348.0,0.0,0.0,0.0,0.0,0.0,0.0,0.0,0.0,0.0,0.0,0.0,19.180137925259424,-1344.3219661097908,18.06071895908987,832.3746046975159,19.62041818913229,-3436.2532536566516,18.40845735453115,759.3556611772483,14.484827902535257,21.300795410190813,18.124980460253444,-141.08556849114428,16.08408225433883,331.1142276447267,15.486443381169913,-172.69280652210734,18.387178560142425,-233.6860133920277,1103.2333894984254,742.3226292148877,0.0,0.0,0.0,0.0,0.0,0.0,0.0,0.0,0.0,0.0,0.0,0.0,0.0,0.0,0.0,0.0,0.0,0.0,0.0,0.0,0.0,0.0,1.2920870726984884,0.3944099733511868,456.65192927953935,538.3218519431415,13477.360290881277,0.3758750098504382,0.05736798074640387,396.8619378005408,470.098076397532,10635.259265816052,1.0215536324723767,0.1930373455163221,564.0245219909098,663.7977543944488,17164.272613078865,0.3146291284067497,0.05945372796801768,363.10522773252179,429.3851317374063,10080.797199131304,0.0,0.0,14.570977355602725,17.520944421890918,268.00672721990557,0.0,0.0,21.988560449821617,26.020824733105806,602.3626303311908,0.0,0.0,89.25926611892283,106.59711096365831,1990.4654664987427,0.0,0.0,23.019422057276409,27.487713043119535,507.5904021946411,0.0,0.0,48.24017614999894,57.06422043941984,1337.2736865737134,36.51240367517951,25.042800874608717,748.1423604925931,888.7485650160074,19745.136700050374,0.0,0.0,48.480479018588258,58.86501479109449,631.629468999238,1920.8372947708163,20.26615323237564,35.002828095797429,21.999999999999994,29.99999999999999,0.0,18.866318246048544,38.168638736625748,15.999999999999993,29.99999999999999,4334.095011121763,20.776250448508966,33.93099181843394,21.999999999999994,29.99999999999999,0.0,19.377452194569118,36.988389725309868,15.999999999999993,29.99999999999999,0.0,14.509257080647256,49.95880813450255,11.999999999999995,29.99999999999999,104.40948911421516,19.162980910696875,37.20624149723326,18.999999999999994,29.99999999999999,0.0,16.527294269623146,44.13280759156355,9.999999999999997,29.99999999999999,469.5220154119591,16.331066608076385,44.3657845520665,16.33333333333333,29.99999999999999,1095.9033866733385,19.383795400658277,36.7463682238428,19.33333333333333,29.99999999999999,0.0,18.038538397878598,0.0,0.0,0.0,11.771382320812045,0.0,0.0,469.94675584763339,472.57476819674329,467.41040737912376,466.87479961962506,546.7738245447812,714.5330136967341,510.0957906508614,609.2193200448387,638.6628158731551,11145.401911278272,80.63475857772218,86.10121169981648,59.99999999999998,0.0,59.99999999999998,59.99999999999998,16.0,16.0,19.0,19.0,16.0,12.0,21.0,10.0,1.0,0.0,1920.8372947708163,0.0,4334.095011121763,0.0,104.40948911421516,0.0,469.5220154119591,1095.9033866733385,8271.191311076764,4962714.786646061,6454220.321461525,80.63475857772218,86.19405022120859,0.38903971036922538,0.7691210112215554,0.36028137401965945,86.19405022120859,0.35426478194388735,6454220.321461525,0.3368394567159993 
 02/19  06:40:00,5.493333333333334,94.33333333333334,4.1433333333333339,0.0,0.0,0.0,0.0,0.0,2.0,2.0,0.0,0.0,0.0,0.0,0.0,464.0,0.0,0.0,0.0,0.0,0.0,0.0,0.0,0.0,0.0,0.0,0.0,19.58916474447436,-1200.1503736507353,18.400205191599914,940.3669533148047,20.067113516735988,-3317.985170093928,18.77030170330087,882.9267220175959,14.479791144697874,30.678107275022037,18.5603929285584,-134.11807991463389,16.536257187096184,461.0361191592458,15.700643919597923,-263.9292855584198,18.38424451784648,-167.14397692134308,1243.936808407659,672.1624260877809,0.0,0.0,0.0,0.0,0.0,0.0,0.0,0.0,0.0,0.0,0.0,0.0,0.0,0.0,0.0,0.0,0.0,0.0,0.0,0.0,0.0,0.0,1.3856752822452563,0.42297780288316758,461.293869193997,542.9215178282969,14077.518582988705,0.3902061127968765,0.059555267520890829,397.5300517333879,470.1887152233516,11022.734542545779,1.1016148143993168,0.20816606470130717,573.6892489570769,674.0842833333287,18023.655231623485,0.32824888472508698,0.06202737806596503,366.3851285138268,432.56836215727437,10526.3347703686,0.0,0.0,14.853736285071609,17.866910651518105,272.29850652752216,0.0,0.0,20.79269678961414,24.560068623590163,593.7186083981101,0.0,0.0,83.85390946831905,99.87910949526118,1993.9367804121194,0.0,0.0,26.148976006507856,31.214132286695827,588.1246152083468,0.0,0.0,40.6527946110276,48.09236948532384,1130.2297215037827,37.11805073146623,25.458196660813618,753.741555645749,893.8217656953109,20748.87962509798,0.0,0.0,43.2024694042297,52.49552453777317,543.4802039320326,1851.549558996381,20.831873388996848,33.83045464153159,22.000000000000008,30.00000000000001,0.0,19.389982567229358,36.97191132181322,16.000000000000008,30.00000000000001,4168.796354161113,21.330125593702669,32.81755695725567,22.000000000000008,30.00000000000001,0.0,19.91987622546274,35.78835681024045,16.000000000000008,30.00000000000001,0.0,14.517765060004497,50.04665333695766,12.000000000000004,30.00000000000001,1274.02819872905,19.829114631143079,35.777077201152859,20.000000000000008,30.00000000000001,0.0,17.310725661913894,42.08399484282665,10.000000000000004,30.00000000000001,461.0819561609071,16.702142801021148,43.38535109752439,16.500000000000008,30.00000000000001,0.0,19.39643389990658,36.79810419259519,19.000000000000008,30.00000000000001,0.0,18.63012430686085,0.0,0.0,0.0,11.601455296354457,0.0,0.0,469.8073907382999,473.1668152000332,468.92572339749918,468.7617767184099,543.0820448072394,699.9524318429183,487.2153383068196,634.4045206134738,640.1549268984115,11011.14525433019,80.72383540116822,86.37214503711411,60.00000000000002,0.0,60.00000000000002,60.00000000000002,16.0,16.0,19.0,19.0,16.0,12.0,21.0,10.0,1.0,0.0,1851.549558996381,0.0,4168.796354161113,0.0,1274.02819872905,0.0,461.0819561609071,0.0,8547.278686014759,5128367.211608853,6689646.121732259,80.72383540116822,86.46807208583363,0.36990928953382537,0.7653360212437208,0.36028137401965967,86.46807208583363,0.35426478194388769,6689646.121732259,0.34910159833007756 
 02/19  06:50:00,5.531666666666667,94.16666666666667,4.131666666666667,0.0,0.0,0.0,0.0,0.0,2.0,2.0,0.0,0.0,0.0,0.0,0.0,348.0,0.0,0.0,0.0,0.0,0.0,0.0,0.0,0.0,0.0,0.0,0.0,19.941735241354296,-1246.8978795442063,18.71274989921961,915.7401207309038,20.462615721503967,-3384.91746110644,19.106953717427066,848.1948490613718,14.48200760247287,37.72212574842777,18.355646928643119,-86.01337929901837,16.926198081800533,455.6997665518566,15.764205305985325,-386.0238730025901,18.872880427488796,-173.04269956801074,1321.63856902289,757.3993124576492,0.0,0.0,0.0,0.0,0.0,0.0,0.0,0.0,0.0,0.0,0.0,0.0,0.0,0.0,0.0,0.0,0.0,0.0,0.0,0.0,0.0,0.0,1.4588768388230454,0.4453226003733354,465.72830923127608,547.1091435360671,14587.249230580333,0.40120223775747879,0.06123355277128802,397.7371222008012,469.5472170135289,11345.485420248802,1.1748384805132069,0.22200273630257146,572.0935252597969,670.9046335251336,18442.02376630409,0.33878345020539327,0.06401803669792014,365.96951536549889,431.2417709806226,10815.300552731263,0.0,0.0,14.801058617140046,17.796462413253264,270.70698516610909,0.0,0.0,19.00485980763997,22.472153924539187,525.9115002607354,0.0,0.0,96.3670553409305,114.50527343587724,2398.8305055879934,0.0,0.0,38.01668791761405,45.361596344777428,855.2265145054305,0.0,0.0,34.41958300240714,40.6055992621356,994.92267657645,37.5024429851904,25.721840181886447,754.3123887384593,893.0079597648523,21309.898613930003,0.0,0.0,52.93340768205432,64.26492096464779,674.432028712034,1895.0963059602653,21.29654800513186,32.89953693334676,22.000000000000019,30.00000000000002,0.0,19.84850578903043,35.95757561540672,16.000000000000015,30.00000000000002,4268.326296339433,21.802288029098987,31.90318670373169,22.000000000000019,30.00000000000002,0.0,20.392949101532265,34.77539316940067,16.000000000000015,30.00000000000002,0.0,14.534867386988424,50.09224596413909,12.00000000000001,30.00000000000002,0.0,19.392586776703195,36.872569134846838,19.000000000000015,30.00000000000002,0.0,17.93364889327487,40.47231411355756,10.000000000000007,30.00000000000002,1077.828657655933,16.649355122349147,43.64631182196684,16.66666666666668,30.00000000000002,2005.4822610547377,20.02575810233877,35.472894128248579,19.666666666666683,30.00000000000002,0.0,19.024654749694073,0.0,0.0,0.0,11.71515638622245,0.0,0.0,470.8081950548783,473.88955455848937,470.2825594324412,471.1008041467311,536.7174528345746,693.9845213548331,496.904182545018,626.9802164618182,651.9830765524171,10695.791810721541,80.93252825217862,87.88197531823741,60.00000000000004,0.0,60.00000000000004,60.00000000000004,16.0,16.0,19.0,19.0,16.0,12.0,21.0,10.0,1.0,0.0,1895.0963059602653,0.0,4268.326296339433,0.0,0.0,0.0,1077.828657655933,2005.4822610547377,10517.175260177955,6310305.156106768,8268204.5258720419,80.93252825217862,88.00000000000007,0.35057250867259856,0.7631920927756544,0.3602813740196598,88.00000000000007,0.3542647819438878,8268204.5258720419,0.43117330201201278 
 02/19  07:00:00,5.57,94.0,4.12,0.0,0.0,0.0,0.0,0.0,2.0,2.0,0.0,0.0,0.0,0.0,0.0,580.0,0.0,0.0,0.0,0.0,0.0,0.0,0.0,0.0,0.0,0.0,0.0,20.055051319453506,-1336.3119275555717,18.909266941561165,795.2955577325466,20.424807069561664,-2062.6983532765987,19.2452687092085,630.998173535182,14.489193553326638,45.64079523051504,18.536748561006854,-79.28922959187077,17.143192106060778,394.6425874881764,15.656769656866544,-405.142656539949,18.946056588904538,-203.61188820309099,1322.2637328661445,938.6527049671543,0.0,0.0,0.0,0.0,0.0,0.0,0.0,0.0,0.0,0.0,0.0,0.0,0.0,0.0,0.0,0.0,0.0,0.0,0.0,0.0,0.0,0.0,1.4899764999547656,0.4548157814269736,447.56655899377446,526.1010696966447,14010.640216974442,0.38017381952912046,0.05802408722971923,357.8360293268836,422.3648481214267,10343.945535992345,1.2944520164865284,0.24460544529223905,435.8316216489875,511.68601938038639,13835.015851719636,0.3317885987864131,0.06269625827407655,299.3332770348335,352.72205363758249,8889.91409648323,0.0,0.0,14.819666874755688,17.8285071564733,270.5311733690585,0.0,0.0,19.034363811215387,22.515854169732248,527.7693829829151,0.0,0.0,98.60783151749485,117.12329792007144,2500.8490439814906,0.0,0.0,46.47520190186104,55.56153450984194,1007.2141048759596,0.0,0.0,42.09740529360077,49.66065852389521,1231.0973101030482,37.589417061033127,25.781493183150304,647.2362122251074,766.2248902058224,18586.343080745573,0.0,0.0,62.368002240105429,75.68005419117509,829.836383337361,1882.238852616382,21.330078157637805,32.870978949556718,22.0,30.0,0.0,20.08998849101684,35.45996318250542,16.0,30.0,2684.263146381432,21.503733123931924,32.5349855569227,21.6,30.0,0.0,20.49121208370326,34.59902090150813,16.0,30.0,0.0,14.557277017713549,50.09061557701043,12.000000000000002,30.0,1144.2857210365365,19.480109102804407,36.72838147742891,19.6,30.0,0.0,18.222972263039524,39.78247223703305,10.0,30.0,360.50522235118469,16.326619325863687,44.67177867635095,16.200000000000004,30.0,0.0,20.258949175294214,35.07621819770885,19.0,30.0,0.0,19.166422633894415,0.0,0.0,0.0,12.03904987639775,0.0,0.0,472.8661283871164,476.4080938517825,472.95157730665127,472.52978929753319,534.205417254069,696.0748786506022,500.8336226012568,602.1557152707746,647.9650114722833,10211.363690109629,81.25281504962331,85.65894728126338,60.0,0.0,60.0,60.0,16.0,16.0,19.0,19.0,16.0,12.0,21.0,10.0,1.0,0.0,1882.238852616382,0.0,2684.263146381432,0.0,1144.2857210365365,0.0,360.50522235118469,0.0,6667.783026979441,4000669.816187665,5222219.525063733,81.25281504962331,85.73377803391179,0.35825943423264808,0.7661800255566033,0.36028137401965956,85.73377803391179,0.35426478194388757,5222219.525063733,0.27276874863664749 
 02/19  07:10:00,5.576666666666668,94.16666666666667,4.105,0.0,0.0,0.0,0.0,0.0,2.0,2.0,0.0,0.0,0.0,0.0,0.0,580.0,0.0,0.0,0.0,0.0,0.0,0.0,0.0,0.0,0.0,0.0,0.0,20.191010165359196,-1302.7611717982164,19.04710518759985,808.9562133573866,20.510267369326035,-1859.9412650465234,19.33345501092569,664.4164409611208,14.496273923111236,44.54669600527248,18.7544788688568,-60.34490633666644,17.314771754169276,439.6163328911569,15.872353352124764,-377.85251785980577,18.416321100188477,-67.4277125372195,1353.5378574258992,769.6640613784232,0.0,0.0,0.0,0.0,0.0,0.0,0.0,0.0,0.0,0.0,0.0,0.0,0.0,0.0,0.0,0.0,0.0,0.0,0.0,0.0,0.0,0.0,1.5253442343753765,0.4656117931548768,448.8108631909998,527.359223192213,14145.445987991616,0.37927487552257879,0.05788688576351936,346.1085765884221,408.3016755189292,10109.423538988636,1.3404605677124018,0.253299427005367,420.8739406129969,493.92666748747225,13436.69265472786,0.3402797092850217,0.06430077650888543,305.93432341815119,360.4167609520974,9122.838141979606,0.0,0.0,14.326973953823384,17.235603521092576,261.8602672063152,0.0,0.0,16.226084397149259,19.17497430647335,457.766620718527,0.0,0.0,99.79131618968023,118.43870621896811,2575.4227771244507,0.0,0.0,38.93380557476513,46.478227241417737,875.4084331754092,0.0,0.0,24.144966290063928,28.563930492664917,664.3342425312565,37.72774649553732,25.876369338502977,643.8615943170335,761.739053647422,18739.45811206052,0.0,0.0,54.56673430751983,66.24792814800792,709.7669830783867,1842.227098408378,21.449474415946378,32.70816961671084,22.0,30.0,0.0,20.254711598669979,35.1971768343324,16.0,30.0,2479.2157593724198,21.59896816369019,32.42269188468456,21.6,30.0,0.0,20.562860090055893,34.54218798785721,16.0,30.0,0.0,14.575108405331106,50.14502284264251,12.000000000000002,30.0,0.0,19.71948921960701,37.69952321418172,19.0,30.0,0.0,18.461984391762905,39.297480095917347,10.0,30.0,673.4813578633912,16.738985629573159,43.714215656113257,16.6,30.0,0.0,19.367647902209844,38.380571416126489,19.0,30.0,0.0,19.356301337065099,0.0,0.0,0.0,11.896769033977062,0.0,0.0,476.2373129304751,479.7519728757013,476.4218512924559,478.93497111357967,530.5407872297826,734.8969272185224,496.0685740033226,582.744103395608,685.889298404459,9565.162160150649,81.68027011422332,81.68027011422332,60.0,0.0,60.0,60.0,16.0,16.0,19.0,19.0,16.0,12.0,21.0,10.0,1.0,0.0,1842.227098408378,0.0,2479.2157593724198,0.0,0.0,0.0,673.4813578633912,0.0,0.0,0.0,0.0,81.68027011422332,81.68027011422332,0.34,0.7706825223994552,0.36028137401965956,81.68027011422332,0.35426478194388757,0.0,0.0012000000000000002 
 02/19  07:20:00,5.583333333333334,94.33333333333334,4.09,0.0,0.0,0.0,0.0,0.0,2.0,2.0,0.0,0.0,0.0,0.0,0.0,696.0,0.0,0.0,0.0,0.0,0.0,0.0,0.0,0.0,0.0,0.0,0.0,20.278531614242217,-1322.1015933565107,19.116342378272735,741.9910099222592,20.58194811253251,-2025.9626334010573,19.403998434454388,642.2162694057455,14.4981526248043,45.46894034664243,18.423720693815928,-47.70513366141945,17.410694274775137,376.2526075237865,15.813179900180828,-427.5717858880487,18.855868121728436,-123.81494296578403,1332.4648225418678,896.4431861538981,0.0,0.0,0.0,0.0,0.0,0.0,0.0,0.0,0.0,0.0,0.0,0.0,0.0,0.0,0.0,0.0,0.0,0.0,0.0,0.0,0.0,0.0,1.521456860720308,0.4644251711600453,434.89741224272418,510.9726064555126,13740.89559958151,0.37855383896544989,0.05777683744893925,345.782575752152,407.89565320155489,10118.43226830468,1.3442258798499743,0.25401093723544496,431.6042106968464,506.4467277860456,13838.287048111986,0.3432224671297314,0.0648568531991178,312.16948782933596,367.78501613174009,9323.417961394796,0.0,0.0,14.261881316662326,17.158729972992878,260.6783040620662,0.0,0.0,16.430658892493179,19.443373280729355,447.67846486874216,0.0,0.0,105.6711440312527,125.41978806819586,2741.7507884849976,0.0,0.0,47.61978295344341,56.921971571991878,1045.1486988687714,0.0,0.0,29.38037749844517,34.68118242935759,837.083540776274,37.670452505363758,25.837073048946345,649.834059381371,768.8779651455586,18901.657764155876,0.0,0.0,63.61876323525886,77.22130542821754,844.7022068360241,1845.0332887023913,21.49212096683345,32.69450284626384,22.0,30.0,0.0,20.28910732317974,35.221601880804637,16.0,30.0,2616.5473923285205,21.67302386117716,32.34932606670785,21.66666666666667,30.0,0.0,20.598586266045627,34.54755274182687,16.0,30.0,0.0,14.581726789326226,50.27529716458686,12.0,30.0,283.33041885184636,19.220184291939089,40.586667747533329,19.0,30.0,0.0,18.54218255123657,39.20557882245787,10.0,30.0,986.9920290878997,16.470354205292077,44.780585508670828,16.666666666666669,30.0,1400.960770620389,19.753505313844629,38.61950312756511,19.5,30.0,0.0,19.36900291329627,0.0,0.0,0.0,12.041892267777485,0.0,0.0,479.3106994043068,483.9565873249296,479.4923000162988,481.85533942336459,526.0544456769256,780.2633916927732,498.48413195303825,564.6750757525298,719.991500127111,10766.648488303743,80.88547071688056,85.90575194648618,60.0,0.0,60.0,60.0,16.0,16.0,19.0,19.0,16.0,12.0,21.0,10.0,1.0,0.0,1845.0332887023913,0.0,2616.5473923285205,0.0,283.33041885184636,0.0,986.9920290878997,1400.960770620389,7596.824462622386,4558094.677573431,5940797.65993423,80.88547071688056,85.9910129879548,0.3665608154207462,0.7678173314443576,0.36028137401965956,85.9910129879548,0.3542647819438875,5940797.65993423,0.31011814498324666 
 02/19  07:30:00,5.59,94.5,4.075,8.0,0.0,0.0,0.0,0.0,2.0,2.0,0.0,0.0,0.0,0.0,0.0,464.0,0.0,11.445114787208225,2.800824457636384,7.177012882569171,0.34318419501731325,9.134311217921434,0.0,2.8008244576363827,3.8289393774061688,0.0,0.0,20.301589419310255,-1343.2447727656737,19.1768525521286,622.3451159809429,20.606202375684789,-1612.3308668756423,19.44198943954563,519.0725421425466,14.504514848500645,47.792496129055937,18.97648744006073,-74.6738324351058,17.464661177952075,339.398403087525,15.946475860849933,-432.9965224485148,18.739029716244603,-121.62549868959718,1286.5322693054696,908.221180702115,0.0,0.0,0.0,0.0,0.0,0.0,0.0,0.0,0.0,0.0,0.0,0.0,0.0,0.0,0.0,0.0,0.0,0.0,0.0,0.0,0.0,0.0,1.523570497831981,0.4650703595335718,425.80568049873269,500.3347015522294,13402.411980991053,0.36323347438292666,0.05543856446625865,316.30722132728087,373.0578446839563,9270.779182916056,1.3672164096886877,0.2583553306290038,375.24050116200496,440.4133134488727,11924.595429456705,0.33478500746750447,0.06326247306642184,276.0405956979896,325.13516060442199,8238.20639450376,0.0,0.0,14.383299225942779,17.29986812392079,263.09445186293297,0.0,0.0,16.732315644256877,19.734740981792606,484.572420254264,0.0,0.0,101.43465414621437,120.34557434065187,2635.9173178041007,0.0,0.0,48.09474326422401,57.44214714034262,1068.5815696295352,0.0,0.0,32.91026559804101,38.8677426589432,931.405126040452,37.53399050772278,25.743477714487516,584.5158387188279,691.630217741997,17015.69866162262,0.0,0.0,63.78062789926053,77.36267689783387,859.7607581077969,1860.1004959865987,21.449673869931617,32.854126980407489,22.0,30.0,0.0,20.317807266347324,35.233198692125,16.0,30.0,2193.432376579266,21.510072706975469,32.74888866738672,21.5,30.0,0.0,20.57502919570101,34.65998014626575,16.0,30.0,0.0,14.594760361731869,50.47419884643876,12.0,30.0,1092.3182736108022,20.139412410920053,39.22505157467747,19.75,30.0,0.0,18.567813381854763,39.288760602820179,10.0,30.0,691.1269780070594,16.617417426055608,44.89783072545421,16.25,30.0,0.0,19.781620155471804,39.0964617230364,19.0,30.0,0.0,19.291781798515907,0.0,0.0,0.0,12.148777724053108,0.0,0.0,481.1747507191244,485.0844419562725,481.31450420187937,483.2981461062644,524.6325267960267,800.1204676089662,499.8986290423524,569.7721146365979,715.0677388761121,10905.688841143316,80.79366345531338,86.27211413065041,60.0,0.0,60.0,60.0,16.0,16.0,19.0,19.0,16.0,12.0,21.0,10.0,1.0,0.0,1860.1004959865987,0.0,2193.432376579266,0.0,1092.3182736108022,0.0,691.1269780070594,0.0,8290.555985495483,4974333.591297289,6489215.702313039,80.79366345531338,86.36515641032573,0.36135186618318279,0.7672700240678766,0.36028137401965956,86.36515641032573,0.3542647819438875,6489215.702313039,0.33863254985361149 
 02/19  07:40:00,5.596666666666668,94.66666666666666,4.0600000000000009,15.0,0.8333333333333332,0.0,0.0,0.0,2.0,2.0,0.0,0.0,0.0,0.0,0.0,464.0,0.0,21.52547097537492,5.358454602177646,13.73084707548445,0.6454458058589849,17.17941267121388,0.0,5.358454602177641,7.325413691094284,0.0,0.0,20.36441907896542,-1369.4850940157554,19.184790664462356,648.3408666155883,20.723889088320346,-1550.646665193596,19.44395789137691,531.7016935013878,14.506777061340586,43.71065094199717,18.702191378359005,-49.11018363550518,17.51046635630783,365.9586144190191,15.998032176385113,-413.4624467423629,18.682128441399518,-70.21428976369117,1280.4048521465698,831.796500160798,0.0,0.0,0.0,0.0,0.0,0.0,0.0,0.0,0.0,0.0,0.0,0.0,0.0,0.0,0.0,0.0,0.0,0.0,0.0,0.0,0.0,0.0,1.5408120780576525,0.47033335716045557,444.3883481544241,522.1149904530954,13997.617394301178,0.3623844595708209,0.055308983450979998,312.1554056834061,368.149260255835,9119.743755855508,1.3789902177021186,0.2605801620752303,374.91784729487656,439.7741616220569,11948.377731362805,0.3352263276616439,0.06334586690507252,263.4462494505514,310.1989943114079,7834.546376994857,0.0,0.0,13.83214845347687,16.63668443923816,252.93089244225988,0.0,0.0,14.851515146177608,17.538626611444586,418.6754448365086,0.0,0.0,103.6897147265827,123.00300210992737,2699.214788795742,0.0,0.0,44.80089342275662,53.49751609267578,997.1110113896924,0.0,0.0,21.67101329896856,25.624567463970025,595.7564657112746,37.51274968658672,25.728909250059485,580.6131226183195,686.8091731873587,16917.40325751839,0.0,0.0,60.44822951763366,73.34020083323439,803.4181324170012,1852.488380446283,21.47881502989956,32.93994569880596,22.0,30.0,0.0,20.275174685501406,35.495593717851949,16.0,30.0,2139.0123464459186,21.681418122930315,32.55128313280996,21.5,30.0,0.0,20.516675975520586,34.97737312548931,16.0,30.0,0.0,14.597988329778293,50.80313783384693,12.0,30.0,0.0,19.731883307475923,41.1599697192122,19.0,30.0,0.0,18.59827861377726,39.47696281520323,10.0,30.0,680.531676906886,16.638653609328377,45.36694664687967,16.25,30.0,738.5905565086961,19.381944128076787,40.84367818289485,19.0,30.0,0.0,19.31114162927563,0.0,0.0,0.0,12.060222291877104,0.0,0.0,485.1283930131064,489.2677635166413,484.72660053687317,489.7879345843652,527.1818535144466,825.7217708983396,504.126725558732,574.9931831132492,741.995411243271,9836.513182105638,81.50079498168452,84.92626799891112,60.0,0.0,60.0,60.0,16.0,16.0,19.0,19.0,16.0,12.0,21.0,10.0,1.0,0.0,1852.488380446283,0.0,2139.0123464459186,0.0,0.0,0.0,680.531676906886,738.5905565086961,5184.12798730151,3110476.7923809059,4054887.9862283535,81.50079498168452,84.98444390253363,0.34280426624338369,0.7681999067602202,0.36028137401965956,84.98444390253363,0.3542647819438875,4054887.9862283535,0.2120441752838744 
 02/19  07:50:00,5.6033333333333339,94.83333333333333,4.045,22.0,1.6666666666666664,0.0,0.0,0.0,2.0,2.0,0.0,0.0,0.0,0.0,0.0,464.0,0.0,31.357641221636539,7.931066236932137,20.32307078368068,0.9402657342416795,25.02644013805393,0.0,7.931066236932132,10.842368837721882,0.0,0.0,20.414641565171544,-1384.298058541715,19.220837474732975,643.8575432572461,20.756770323637107,-1530.7989134060636,19.488030192645036,529.4060553618703,14.510302273504046,47.884787076510139,18.538430311343807,-48.33664163124544,17.556825636251604,347.4903902979755,16.03812855901278,-425.28856396149959,18.836001779139467,-122.32804207367468,1269.7453789298948,909.7608384016139,0.0,0.0,0.0,0.0,0.0,0.0,0.0,0.0,0.0,0.0,0.0,0.0,0.0,0.0,0.0,0.0,0.0,0.0,0.0,0.0,0.0,0.0,1.5305836041154808,0.4672111123673629,440.99693573485617,518.1033192833435,13901.328350243493,0.3608517513385245,0.05507505362309592,312.80279761593638,368.9034650363144,9140.428553611884,1.3752464751980822,0.25987272773962258,369.5785499229096,433.5174851894176,11775.5813982262,0.3337298126816049,0.06306307873802056,256.34744577219558,301.8126572285498,7631.744723840448,0.0,0.0,14.225857742096345,17.110302941401654,260.13082647580009,0.0,0.0,16.510833021263474,19.528326283368999,450.94251260562239,0.0,0.0,101.31063751949002,120.17199409780668,2641.072417459406,0.0,0.0,47.215155603658548,56.38022686440377,1051.2053862669698,0.0,0.0,33.50677621241931,39.559297600326598,951.4663262915798,37.46786128977328,25.69812159792407,576.3102638675759,681.70296363896,16804.882709587786,0.0,0.0,63.52547757216968,77.0409082072461,859.8582048091153,1835.6118184627727,21.493531163463794,33.068897481063448,22.0,30.0,0.0,20.28349181762196,35.67122473941873,16.0,30.0,2100.6786505257125,21.683620381276115,32.703888519566699,21.5,30.0,0.0,20.535821475738208,35.07249304905234,16.0,30.0,0.0,14.604353470655877,51.131255604365239,12.0,30.0,431.962970224542,19.280804045838005,42.861651640651697,19.0,30.0,0.0,18.62401231666535,39.636686762229917,10.0,30.0,673.7584416492101,16.648572150255814,45.78343520513471,16.25,30.0,316.1624811354796,19.846330425461369,39.970914855151168,19.5,30.0,0.0,19.319198044554847,0.0,0.0,0.0,12.189401679275639,0.0,0.0,489.0235790298757,494.5610661071544,488.4353014020629,490.5540710342606,530.0638008656788,837.4935346346667,507.5912082736068,580.3910937232159,740.4999582290791,9121.893158426594,81.97331373506033,83.77650834054684,60.0,0.0,60.0,60.0,16.0,16.0,19.0,19.0,16.0,12.0,21.0,10.0,1.0,0.0,1835.6118184627727,0.0,2100.6786505257125,0.0,431.962970224542,0.0,673.7584416492101,316.1624811354796,2728.8203103454036,1637292.186207242,2123901.0458943007,81.97331373506033,83.80713257114327,0.34596067701151347,0.7701081051650729,0.36028137401965956,83.80713257114327,0.3542647819438875,2123901.0458943007,0.11164285438650362 
 02/19  08:00:00,5.61,95.0,4.03,29.0,2.5,0.0,0.0,0.0,2.0,2.0,0.0,0.0,0.0,0.0,0.0,464.0,0.0,41.192850941020207,10.328358937205373,26.46604986538117,1.2351768408193882,32.87589382321589,0.0,10.328358937205364,14.11964970915171,0.0,0.0,20.466390283931099,-1405.1335437181788,19.26714164363988,646.6476839693255,20.78600859582947,-1482.3627812775306,19.52853287358231,507.74214999878645,14.514194273893289,45.68387065662752,18.80682529630831,-52.17591596234169,17.605622081575569,354.2395475603257,16.091131205477418,-411.8606363186933,18.462262135738727,-63.01481199931783,1264.7069863245898,837.1633674997777,0.0,0.0,0.0,0.0,0.0,0.0,0.0,0.0,0.0,0.0,0.0,0.0,0.0,0.0,0.0,0.0,0.0,0.0,0.0,0.0,0.0,0.0,1.54119814414926,0.4704512039527655,445.9866763638869,523.9497317131194,14068.12249699127,0.36179093122969999,0.05521839609732905,310.4540919038277,366.1105195726425,9086.023404703119,1.3902243719742265,0.26270301813571936,367.37566403614769,430.9479966184032,11701.631170851238,0.3351912925959038,0.06333924652227963,255.4891942193333,300.79172905553977,7609.360280125947,0.0,0.0,13.907242902693313,16.726902836871717,254.27121585363839,0.0,0.0,15.021458242173555,17.731263126971759,426.73443788805698,0.0,0.0,103.07555977190576,122.25210718503502,2693.9711087978505,0.0,0.0,45.201870379463219,53.96953673003537,1008.8969964716617,0.0,0.0,22.445261395246363,26.552046426186096,610.4971784454849,37.44462852717852,25.6821869185038,575.0226269463527,680.1551495415703,16787.54743581761,0.0,0.0,60.91025698391354,73.87644002096489,820.5112793043468,1858.4025209607854,21.516780548927608,33.18617223255008,22.0,30.0,0.0,20.313460028655486,35.76428455039373,16.0,30.0,2039.5310370004125,21.68487526521918,32.86404113039385,21.5,30.0,0.0,20.54908620244015,35.25813697730577,16.0,30.0,0.0,14.609411497889404,51.45000643927591,12.0,30.0,484.31466515948878,19.855618643378194,41.78830295821858,19.5,30.0,0.0,18.66512129101839,39.760791414670709,10.0,30.0,672.6105348908207,16.683909207427424,45.9737647189483,16.25,30.0,0.0,19.23335954548449,41.995436609913358,19.0,30.0,0.0,19.342792555312394,0.0,0.0,0.0,12.163040253111948,0.0,0.0,492.72273003489036,496.8942400719705,492.3059789822526,497.37075893333806,533.3789795604884,851.1773070900206,511.54948316052346,581.4392551642827,756.3389470857088,9677.612243631816,81.60590031808235,83.31092039159198,60.0,0.0,60.0,60.0,16.0,16.0,19.0,19.0,16.0,12.0,21.0,10.0,1.0,0.0,1858.4025209607854,0.0,2039.5310370004125,0.0,484.31466515948878,0.0,672.6105348908207,0.0,2580.397491234215,1548238.494740529,2022750.346280331,81.60590031808235,83.33987729271836,0.3410132497078072,0.7674209544526269,0.36028137401965956,83.33987729271836,0.3542647819438875,2022750.346280331,0.1063930180065772 
 02/19  08:10:00,5.731666666666667,94.83333333333334,4.075,36.0,3.333333333333334,0.0,0.0,0.0,2.0,2.0,0.0,0.0,0.0,0.0,0.0,464.0,0.0,51.02705812852551,12.569897366064387,32.20991766022523,1.5300579268887793,40.72454783306086,0.0,12.569897366064382,17.184002683086534,0.0,0.0,20.51637256454953,-1397.031221101352,19.31435119373755,632.7724174077807,20.812009733052859,-1422.6328055954289,19.567203170540677,501.9280674921914,14.517193234636139,46.15356954241014,18.471819227221809,-34.76586590010231,17.659868811442214,350.6637473600306,16.1570748827995,-422.5985364641161,19.061542927359107,-109.47213006254612,1261.232785178945,860.9425697314664,0.0,0.0,0.0,0.0,0.0,0.0,0.0,0.0,0.0,0.0,0.0,0.0,0.0,0.0,0.0,0.0,0.0,0.0,0.0,0.0,0.0,0.0,1.5232803845480425,0.4649818023650924,453.6362410375825,532.9867852745823,14204.924979693184,0.3574584087583692,0.054557144193890298,310.7735660374065,366.47500885847799,9037.607695761346,1.381779315453353,0.2611072024666201,374.37850363945815,439.2421219274414,11829.697824970606,0.33313266650315806,0.06295023932410392,253.44266290003839,298.38805561120827,7495.334603299576,0.0,0.0,13.878223445452793,16.69198179090351,250.43906975057366,0.0,0.0,15.195000418885652,17.969501889014198,410.8022907963258,0.0,0.0,103.56351008710735,122.82337435970475,2692.0843475770154,0.0,0.0,46.08311092977665,55.01238375951416,1023.0117047361014,0.0,0.0,25.723041702023985,30.323465284409573,735.5240466318875,37.46505786047614,25.696198806910944,579.5518053854785,685.4879491090403,16814.07791142378,0.0,0.0,61.969014003128169,75.1448640119657,828.8348727596541,1848.237376235554,21.52700638378839,33.34701862391409,22.0,30.0,0.0,20.343616498077453,35.91348422900932,16.0,30.0,1971.8633343851089,21.687704749918429,33.03126636546355,21.5,30.0,0.0,20.56443150428305,35.40882376323465,16.0,30.0,0.0,14.61287932391889,51.67682440942297,12.0,30.0,0.0,19.27101482774547,43.80715277780475,19.0,30.0,0.0,18.717122625038117,39.80129007012129,10.0,30.0,691.2422650687126,16.73847932092759,45.806040157323909,16.25,30.0,1705.9963135928948,19.917933216094384,40.6064770216862,19.75,30.0,0.0,19.394757847843257,0.0,0.0,0.0,12.237807316964853,0.0,0.0,497.2588130489929,502.973496972882,496.30165580501446,501.5758641715728,533.0619216043357,867.6136457406597,512.3869259621465,568.0049915231053,772.1763983399612,10416.463894197723,81.11712668788585,86.61505971370905,60.0,0.0,60.0,60.0,16.0,16.0,19.0,19.0,16.0,12.0,21.0,10.0,1.0,0.0,1848.237376235554,0.0,1971.8633343851089,0.0,0.0,0.0,691.2422650687126,1705.9963135928948,8319.995745729324,4991997.447437595,6515377.902187281,81.11712668788585,86.70843286837258,0.36233319152431078,0.7662702790815097,0.36028137401965956,86.70843286837258,0.3542647819438875,6515377.902187281,0.34001965091373867 
 02/19  08:20:00,5.8533333333333339,94.66666666666667,4.12,43.00000000000001,4.166666666666667,0.0,0.0,0.0,2.0,2.0,0.0,0.0,0.0,0.0,0.0,464.0,0.0,61.413570872391648,14.891993381689025,38.160210002265518,1.841499642710263,49.013991199976619,0.0,14.891993381689018,20.358483985583587,0.0,0.0,20.559633751184628,-1413.5380494930278,19.35862028893787,622.2340678915839,20.836866796259025,-1408.0459828701165,19.605040074389508,484.69285489246439,14.526773065606749,52.13337172245066,18.89106151765214,-65.79574454130511,17.686453502998306,322.6430348648273,16.001854276287856,-396.39822629679119,19.122029733694818,-151.4374116345573,1244.406125589565,940.4120725105611,0.0,0.0,0.0,0.0,0.0,0.0,0.0,0.0,0.0,0.0,0.0,0.0,0.0,0.0,0.0,0.0,0.0,0.0,0.0,0.0,0.0,0.0,1.5048474850523539,0.45935515416738517,444.57038670754909,522.2943940989559,13841.455940180953,0.35352741409604318,0.05395717553358412,307.4632638519299,362.5579894194582,8883.939420474946,1.3695386623470443,0.2587941538826615,364.0232111434975,427.08000599048838,11421.548237983097,0.33125045119880228,0.062594567497884,232.70840642718836,273.8836605758428,6839.258436842165,0.0,0.0,14.351491773088812,17.26175415981406,255.90582166765885,0.0,0.0,17.12474119460195,20.221080439288515,475.39378174946008,0.0,0.0,101.33081906918261,120.1734932835985,2609.611361346932,0.0,0.0,49.46851014399878,59.11488989678362,1055.316354994604,0.0,0.0,35.8803369299949,42.31185405696253,1024.0455466051295,37.48285806377623,25.708407451149684,569.607867257032,673.7243014917949,16410.81237876867,0.0,0.0,66.02037334013353,79.99410600594548,895.1359678575572,1837.930438057443,21.553688989132615,33.46268587823257,22.0,30.0,0.0,20.37027709689976,36.030540672576517,16.0,30.0,1941.037457488044,21.688279388811837,33.207850228577267,21.5,30.0,0.0,20.578947434986348,35.51229701136294,16.0,30.0,0.0,14.628592818569614,51.987768870941469,12.0,30.0,1309.4677524845134,19.76488739148999,42.52361953544162,19.75,30.0,0.0,18.7172476052398,40.08350323526266,10.0,30.0,335.78336934249179,16.43142186132668,47.43793850892048,16.0,30.0,0.0,20.199776944300475,39.88599726865229,19.0,30.0,0.0,19.399804105557025,0.0,0.0,0.0,12.454546919102274,0.0,0.0,500.10214670836487,505.59380514163169,499.38199602679915,501.42341439330297,539.6592557112093,861.5263707070889,520.6620310489642,597.5762176639147,749.4455584208797,9089.117618621005,81.99498306051115,83.80605221109784,60.0,0.0,60.0,60.0,16.0,16.0,19.0,19.0,16.0,12.0,21.0,10.0,1.0,0.0,1837.930438057443,0.0,1941.037457488044,0.0,1309.4677524845134,0.0,335.78336934249179,0.0,2740.7245280614126,1644434.7168368474,2131837.281662126,81.99498306051115,83.83681017761177,0.34635748426871379,0.7698009847072251,0.36028137401965956,83.83681017761177,0.3542647819438875,2131837.281662126,0.11206220531309724 
 02/19  08:30:00,5.975,94.5,4.165,50.0,5.0,0.0,0.0,0.0,2.0,2.0,0.0,0.0,0.0,0.0,0.0,464.0,0.0,72.38322366577308,17.29349265262186,44.313968971036668,2.1704265427122095,57.76883257336725,0.0,17.293492652621855,23.641515558025217,0.0,0.0,20.594199431457939,-1424.499872410027,19.40341374064548,615.1905836925898,20.856797575013233,-1369.9180303144734,19.640571249536678,467.8882524967557,14.536025355227427,49.26842069507316,18.973478429871734,-56.53350741786322,17.723643025614615,356.3554548475937,16.117024128305095,-374.0591911398877,18.690625215954364,-68.01098877954965,1233.0821731270926,799.6685773073834,0.0,0.0,0.0,0.0,0.0,0.0,0.0,0.0,0.0,0.0,0.0,0.0,0.0,0.0,0.0,0.0,0.0,0.0,0.0,0.0,0.0,0.0,1.4948797824394085,0.45631250990213936,443.5743043813703,521.1193560387894,13717.14418434056,0.35066707453691506,0.053520615771812437,304.13465668617035,358.6113892843115,8731.425751985325,1.36507634590394,0.25795093460013987,358.46469235111626,420.58178336928179,11162.525479059928,0.32922575975548837,0.06221197274291161,233.45625031412488,274.7687901634273,6809.736156048984,0.0,0.0,14.029957321437938,16.87534348704942,247.08140952280955,0.0,0.0,15.29091764191555,18.04237141729201,427.3861067715741,0.0,0.0,100.3739026311172,119.03277848965792,2567.432424222221,0.0,0.0,43.31951020132848,51.7240210086291,936.9697576537096,0.0,0.0,24.639171351256957,29.127642802673497,664.0102432458781,37.506886394074289,25.72488778743093,566.8271118698401,670.4097824235723,16218.363716944561,0.0,0.0,59.07790957006254,71.6051715681352,778.8118170437938,1832.2287901579214,21.564104608227909,33.6184309787383,22.0,30.0,0.0,20.398494535231138,36.142222204826719,16.0,30.0,1892.6584683159572,21.68902456870366,33.38366938245661,21.5,30.0,0.0,20.590909630656854,35.72351453357528,16.0,30.0,0.0,14.641176930889312,52.325572031563059,12.0,30.0,0.0,19.999705594463295,42.27216762332434,19.0,30.0,0.0,18.752027160673529,40.22909103891024,10.0,30.0,494.76337661829668,16.710361035257834,46.97882902816217,16.5,30.0,0.0,19.47992708478418,42.10697725894107,19.0,30.0,0.0,19.42122001484733,0.0,0.0,0.0,12.392062142428376,0.0,0.0,502.37423705783268,506.81503105922357,501.5452566945594,507.1501478188132,546.9043422342231,866.0783761293967,523.6828857345103,605.6265971028008,760.7916643698292,10689.77435391412,80.93650662049052,86.20440023577435,60.0,0.0,60.0,60.0,16.0,16.0,19.0,19.0,16.0,12.0,21.0,10.0,1.0,0.0,1832.2287901579214,0.0,1892.6584683159572,0.0,0.0,0.0,494.76337661829668,0.0,7972.255439634048,4783353.263780428,6244849.031584954,80.93650662049052,86.2938665575685,0.3507418479878016,0.7650233634726058,0.36028137401965956,86.2938665575685,0.3542647819438875,6244849.031584954,0.32592548297575099 
 02/19  08:40:00,6.096666666666667,94.33333333333334,4.21,56.0,18.499999999999998,0.0,0.0,0.0,2.0,2.0,0.0,0.0,0.0,0.0,0.0,580.0,0.0,88.20984439805528,20.00237824084173,51.25539783844527,2.644988496556694,70.39998172938404,0.0,20.00237824084172,27.344767530616239,0.0,0.0,20.588043468392884,-1456.6721917052383,19.453989295209735,574.6202420125924,20.767046749200394,-1292.698421454873,19.683689857776174,439.8996367197131,14.541968302568023,46.371034089546629,18.619770175851664,-34.13041099026256,17.77893192756097,353.502705908678,16.501238665827345,-394.9893201497852,18.715438032855365,-46.269651229269857,1214.3641355876039,748.4225758017685,0.0,0.0,0.0,0.0,0.0,0.0,0.0,0.0,0.0,0.0,0.0,0.0,0.0,0.0,0.0,0.0,0.0,0.0,0.0,0.0,0.0,0.0,1.4796179609146858,0.45165383422304208,428.94852893982479,504.2188954994543,13116.520815681008,0.3483114689952993,0.05316109111649868,305.545256253755,360.44007630513388,8718.71907898606,1.3468493098220019,0.25450667230196569,340.9698859726509,400.48900209308069,10480.692790878933,0.3271223234591967,0.06181449800816262,271.9332509643189,320.47376285193186,7864.141895746601,0.0,0.0,13.6498218655418,16.423774597949593,237.19580752920639,0.0,0.0,14.497878212440594,17.14916541114017,385.50494817324178,0.0,0.0,100.53440065502378,119.24780549990598,2558.3930450386394,0.0,0.0,40.72966627589892,48.575190316189999,913.5337216354901,0.0,0.0,19.68687536897811,23.31690309370654,515.2577094158197,37.48075520045392,25.70696515806168,570.0802836198179,674.697893849161,16155.710686653092,0.0,0.0,56.375662093463208,68.37225426205426,728.4111655867744,1819.0172854962514,21.49381711431175,33.9008010568955,22.0,30.0,0.0,20.434948110592875,36.21728385717395,16.0,30.0,1731.3214816619639,21.46002657909452,33.98847321788788,21.4,30.0,0.0,20.62131995870414,35.800331912095078,16.0,30.0,0.0,14.647317101026701,52.554000024805727,12.000000000000002,30.0,0.0,19.399670632051444,44.303957916710569,19.0,30.0,0.0,18.81050365842085,40.20222383854906,10.0,30.0,1333.0104360554086,17.29339582906853,45.306420197636388,20.7,30.0,608.4886381316868,19.20726887939267,43.229591457151119,19.200000000000004,30.0,0.0,19.421141390082853,0.0,0.0,0.0,12.378218576889271,0.0,0.0,503.5541639307974,509.56670693786119,504.4155281421921,509.391737631908,549.521793350264,878.4224150222185,523.0987483380129,598.3671347567386,784.4397065892479,9647.381610047474,81.62573522875934,83.25501543931064,60.0,0.0,60.0,60.0,16.0,16.0,19.0,19.0,19.7,12.0,21.0,10.0,1.0,0.0,1819.0172854962514,0.0,1731.3214816619639,0.0,0.0,0.0,1333.0104360554086,608.4886381316868,2465.2633809512456,1479158.028570747,1915255.483295079,81.62573522875934,83.28268602612488,0.3541754460317082,0.7695657306584915,0.36028137401965956,83.28268602612488,0.35426478194388757,1915255.483295079,0.10077328513134412 
 02/19  08:50:00,6.218333333333333,94.16666666666667,4.255,62.0,31.999999999999994,0.0,0.0,0.0,2.0,2.0,0.0,0.0,0.0,0.0,0.0,464.0,0.0,102.56835532215999,22.292842438091414,57.12464945300466,3.0755305398998824,81.85945514594134,0.0,22.2928424380914,30.476005739236198,0.0,0.0,20.649459282843375,-1431.7313651149567,19.47394837340699,574.2104174274136,20.832122760723708,-1422.5792087027435,19.694189733548794,484.87496974295029,14.546451911731852,47.60625582996748,18.785457259863649,-45.42451271850081,17.84974755941175,367.2659232989515,17.33326814796912,-331.23245876637489,18.96669454924634,-58.1140331160947,1203.8378043442736,614.3602463386746,0.0,0.0,0.0,0.0,0.0,0.0,0.0,0.0,0.0,0.0,0.0,0.0,0.0,0.0,0.0,0.0,0.0,0.0,0.0,0.0,0.0,0.0,1.439135222393659,0.43929646593213036,420.1371752215165,493.66497875669315,12783.793658316506,0.34278235465548637,0.052317209196502807,308.3865470061843,363.7215788810968,8716.279177915842,1.3026043077033132,0.24614593871944699,355.4120254820497,417.1759517459476,10890.85026154845,0.3234629481473703,0.06112300607471093,280.86646155184129,330.92674329014906,8047.151796774069,0.0,0.0,13.929015213850843,16.75567910772753,238.75414258436647,0.0,0.0,15.550334326861773,18.384482317196139,410.901022445614,0.0,0.0,85.30187589071709,101.15228085887503,2164.9030670480649,0.0,0.0,26.559365504604899,31.54378181903788,656.6800375365742,0.0,0.0,24.769322251741536,29.243074203911517,674.991572971616,37.46427776830606,25.695663764270287,581.9440007610358,688.5151760132467,16342.74863498568,0.0,0.0,42.994202162699178,52.1768002025135,532.1281707783305,1862.0305783697418,21.550965473985849,33.9004141888763,22.0,30.0,0.0,20.419138486108716,36.393894099222169,16.0,30.0,1881.1259123375654,21.559555328139344,33.900056113891888,21.5,30.0,0.0,20.60244792026134,35.939748119274558,16.0,30.0,0.0,14.651322731209817,52.69054446534814,12.0,30.0,881.3918015872255,19.451534609347165,44.36050498368919,19.25,30.0,0.0,18.903002272067729,39.9879297546812,10.0,30.0,1316.1850757506359,18.680059874923786,41.44910065294995,20.7,30.0,409.5922940219206,19.881153493354739,41.797504588003217,19.5,30.0,0.0,19.442610923205686,0.0,0.0,0.0,12.214362265556618,0.0,0.0,505.30464901154456,511.9312947398599,505.30945671915989,509.08269843477367,547.7494170916285,887.7035454741305,514.8599639685277,587.342940441048,799.6475276155595,11105.472119280494,80.66151404465728,86.2429096290362,60.0,0.0,60.0,60.0,16.0,16.0,19.0,19.0,19.7,12.0,21.0,10.0,1.0,0.0,1862.0305783697418,0.0,1881.1259123375654,0.0,881.3918015872255,0.0,1316.1850757506359,409.5922940219206,8446.180863672002,5067708.518203201,6598079.010235603,80.66151404465728,86.3377002550207,0.3665393621224,0.7671987525133068,0.36028137401965956,86.3377002550207,0.3542647819438875,6598079.010235603,0.3442934418655847 
 02/19  09:00:00,6.34,94.0,4.3,68.0,45.5,0.0,0.0,0.0,2.0,2.0,0.0,0.0,0.0,0.0,0.0,580.0,0.0,119.74636701281114,24.60521136740864,63.05003453330607,3.590614388759394,95.56914694362662,0.0,24.605211367408626,33.63718937729436,0.0,0.0,20.653906308523586,-1483.604899304302,19.519282631320644,570.5199051812203,20.82168405191063,-1224.5099878483948,19.742815518990655,441.5582955124992,14.551629015210992,42.69860205140541,18.911332013399844,-41.308039188763768,17.919916240053725,361.675735280274,18.138313228772398,-85.91116430663846,18.680752055791147,-26.006461309335309,1191.38675083449,333.12212758511529,0.0,0.0,0.0,0.0,0.0,0.0,0.0,0.0,0.0,0.0,0.0,0.0,0.0,0.0,0.0,0.0,0.0,0.0,0.0,0.0,0.0,0.0,1.420389771516477,0.43357441132981597,414.4967711066248,487.220200481071,12491.677750627923,0.337272780868221,0.05147630965632189,304.8925995148669,359.68761956461108,8560.652787110372,1.2743096136555679,0.24079924672251863,322.2519139782835,378.4131116824001,9778.902115041106,0.31514589245989235,0.059551378015852658,272.9332911906697,321.6821457207941,7772.265128253147,0.0,0.0,13.81795284350652,16.62777276945766,233.56582355645194,0.0,0.0,14.361374454433968,16.969904679154543,384.5004548306424,0.0,0.0,73.86877239933028,87.5828748767541,1869.1618957195463,0.0,0.0,16.852762113758894,19.899324152759627,459.8806196871773,0.0,0.0,15.887124736070647,18.805308675366299,415.53189940269285,37.4700520846013,25.69962420068677,570.3768136608961,675.0455966473769,15913.587252191777,0.0,0.0,21.18581439879458,25.752119862227784,241.1187418956078,1815.5381341760727,21.51523220274192,34.108535759321018,22.0,30.0,0.0,20.44791963083972,36.45967919844793,16.0,30.0,1640.2681547179619,21.50088278915173,34.15040723794332,21.4,30.0,0.0,20.64211989103879,36.006009593895019,16.0,30.0,0.0,14.655416908009706,52.84916094618642,12.000000000000002,30.0,0.0,19.746534713105477,43.70237278896957,19.0,30.0,0.0,18.987342170750098,39.821364757948717,10.0,30.0,1261.303681586797,19.982417522742396,38.16014577136481,20.7,30.0,0.0,19.404312005241314,43.434162994168627,19.0,30.0,0.0,19.459426778863397,0.0,0.0,0.0,11.821630348890278,0.0,0.0,505.50953636579166,511.8967399207788,505.6302872097418,510.805616103999,547.516409493387,886.3566105248848,506.7955931883865,575.1370690770416,813.2245339499733,9349.338193749463,81.82295305251918,83.20997051741398,60.0,0.0,60.0,60.0,16.0,16.0,19.0,19.0,19.7,12.0,21.0,10.0,1.0,0.0,1815.5381341760727,0.0,1640.2681547179619,0.0,0.0,0.0,1261.303681586797,0.0,2099.093524855341,1259456.1149132045,1631428.7142162203,81.82295305251918,83.23352667854988,0.3419697841618447,0.7698510781616292,0.36028137401965956,83.23352667854988,0.35426478194388757,1631428.7142162203,0.08604095980591012 
 02/19  09:10:00,6.553333333333333,93.66666666666667,4.43,74.0,59.00000000000001,0.0,0.0,1.0,2.0,0.0,0.0,0.0,0.0,0.0,4.0,696.0,0.0,155.00474935419596,27.80831541071845,71.25788184316092,4.647829160287096,123.70858776709324,0.0,27.808315410718437,38.01607544704393,0.0,0.0,20.64884235405442,-1603.7580824049376,19.570350412782227,579.6424000058519,20.777081562882615,-1113.948360931292,19.760260350649696,412.7484550730541,14.554704888071165,43.175468090006869,18.599272385665935,-55.835526504313829,17.21203459072638,-485.7744450719366,18.283972371031305,-122.43547000220329,18.303887203574918,-280.12474959469906,1185.5409359051135,1692.4999533423687,0.0,0.0,0.0,0.0,0.0,0.0,0.0,0.0,0.0,0.0,0.0,0.0,0.0,0.0,0.0,0.0,0.0,0.0,0.0,0.0,0.0,0.0,1.3696727725027516,0.4180930318994967,378.9219096313505,445.5006843399149,11247.646453408073,0.3312606778448849,0.05055871151478706,310.89391659451419,366.78643169455486,8614.068344140145,1.23217390914139,0.23283709545377744,275.84194158596048,324.20079876708589,8210.598329299864,0.3078203880928394,0.05816711793137551,274.7037875057507,323.83841707083379,7698.237238092371,0.0,0.0,13.829215760638663,16.64264124520331,227.77541851307479,0.0,0.0,15.350815114329033,18.16817122020554,389.7620026077467,0.0,0.0,218.463740898433,260.27227925394018,4793.798885431647,0.0,0.0,31.600665865079443,37.29774892799562,856.4042875928735,0.0,0.0,148.18189595468088,175.74597318913517,3615.7119157568797,37.657755361798297,25.828364445677843,578.0638230217385,684.1698675502579,15904.835827453531,0.0,0.0,151.0225901811788,182.28544801182773,2186.3140532609697,1807.2940676198596,21.481010024541509,34.522218329740457,21.999999999999994,30.0,0.0,20.477106782635795,36.6759343649845,15.999999999999999,30.0,1186.418998291785,21.46701857912674,35.23879688523632,21.33333333333333,30.0,0.0,20.63301594513312,36.83286763453762,18.999999999999998,30.0,0.0,14.655062863586786,53.355466163414018,11.999999999999997,30.0,0.0,19.257591426834357,45.45258675002575,18.999999999999998,30.0,0.0,17.523086459355377,45.2137766414914,9.999999999999999,30.0,432.236603986069,20.206565882386216,38.719409225168458,20.033333333333329,30.0,0.0,18.769221734008604,42.258890707775488,11.999999999999997,30.0,0.0,19.505914947383098,0.0,0.0,0.0,13.583265739309534,0.0,0.0,517.0417075652291,519.3610723807078,551.3763260332738,542.7400362269079,564.5873031644978,903.1565435819783,595.4119139903737,626.4109724405705,626.549369470614,9866.818761459082,81.48077584560957,83.76430905732467,219.99999999999998,0.0,219.99999999999998,219.99999999999998,16.0,19.0,19.0,12.0,19.7,12.0,21.0,10.0,1.0,0.0,1807.2940676198596,0.0,1186.418998291785,0.0,0.0,0.0,432.236603986069,0.0,3455.9107750501227,2073546.4650300742,2704146.93159764,81.48077584560957,83.8030910320696,0.3418636925016707,0.7694394989227797,0.3602813740196595,83.8030910320696,0.3542647819438874,2704146.93159764,0.1450889737764106 
 02/19  09:20:00,6.7666666666666679,93.33333333333334,4.5600000000000009,80.0,72.5,0.0,0.0,1.0,2.0,0.0,0.0,0.0,0.0,0.0,4.0,464.0,0.0,181.93610879742867,30.13356165620823,77.21627129681437,5.45536302758647,145.20232934552039,0.0,30.133561656208216,41.194863352600538,0.0,0.0,20.596039161410354,-1530.8729897065935,19.600104720496377,505.71706974727536,20.766090791463925,-943.9449872860704,19.742666564274147,304.1717839626399,14.559670009926493,39.36860021307461,19.025315050042616,-103.9216504467253,16.647722306955019,-30.820663429920154,18.516770652995328,-254.89141761696068,17.79310238409343,-334.1001932500449,1149.8994664782179,1521.1065517824414,0.0,0.0,0.0,0.0,0.0,0.0,0.0,0.0,0.0,0.0,0.0,0.0,0.0,0.0,0.0,0.0,0.0,0.0,0.0,0.0,0.0,0.0,1.3024674720765258,0.397578593429953,367.5239229292342,432.0804482971972,10668.698595149042,0.3131024560938779,0.04778731014863827,296.45800636969696,349.6158739382574,8078.8031402917899,1.2013485681134993,0.22701220107964849,253.192243461791,297.74008221124657,7359.236107140678,0.2894754716751999,0.05470058043749053,252.36259902661605,297.55820074870948,6933.275978535843,0.0,0.0,13.844265859523143,16.65446899935454,222.1441668848825,0.0,0.0,16.464208663058558,19.444216568579188,427.27375051270828,0.0,0.0,241.3383365133771,288.2803004581129,4830.875896285168,0.0,0.0,42.71862278339119,50.351503997734159,1163.5129029846349,0.0,0.0,158.63630757377329,188.69254783223449,3560.090756477628,37.73909019473381,25.884149653452558,541.2994098963254,640.5898936999341,14661.493852612972,0.0,0.0,170.61844388509582,205.48690573990513,2624.211940000114,1829.0729013927176,21.360860434990255,35.170480763329809,22.000000000000005,30.000000000000008,0.0,20.45836831296515,37.110119559098048,16.000000000000005,30.000000000000008,1009.5035177010864,21.373789266325934,35.9190546690252,21.250000000000005,30.000000000000008,0.0,20.563930360506974,37.51306795577888,19.000000000000005,30.000000000000008,0.0,14.65813950797587,54.00680809026734,12.000000000000002,30.000000000000008,1246.8993986803158,19.752788773143604,44.282085060667139,19.750000000000005,30.000000000000008,0.0,16.686786870714209,47.81023896606113,10.000000000000002,30.000000000000008,1256.6318928178626,20.418246122838448,38.82367993282015,20.700000000000004,30.000000000000008,0.0,17.93287773900654,44.14925180077502,12.000000000000002,30.000000000000008,0.0,19.46303684666512,0.0,0.0,0.0,14.304130952606883,0.0,0.0,532.1015579775486,533.6561453684778,569.845278931829,562.2325664192495,589.2171384478418,917.0859498204413,596.2081260503201,660.9761167715861,598.1818730771367,10332.765095731742,81.17251366506994,84.97094672388569,220.00000000000004,0.0,220.00000000000004,220.00000000000004,16.0,19.0,19.0,12.0,19.7,12.0,21.0,10.0,1.0,0.0,1829.0729013927176,0.0,1009.5035177010864,0.0,1246.8993986803158,0.0,1256.6318928178626,0.0,5747.9381725186499,3448762.90351119,4471914.592602002,81.17251366506994,85.03545672715674,0.3615979390839551,0.7684067061561785,0.3602813740196596,85.03545672715674,0.35426478194388757,4471914.592602002,0.23700066992641528 
 02/19  09:30:00,6.98,93.0,4.6899999999999999,86.0,86.0,0.0,0.0,1.0,2.0,0.0,0.0,0.0,0.0,0.0,4.0,348.0,0.0,212.932478820708,32.522773399667467,83.33857186637953,6.38478455448586,169.94031576288215,0.0,32.52277339966745,44.46109694340988,0.0,0.0,20.601181963292633,-1502.9735898869186,19.621621274134907,472.1335303619385,20.770033313099874,-1032.1299700064777,19.685358983671727,360.7645528225147,14.562748178487168,37.48513986995128,19.09332041986992,-113.30617901366964,16.680057293223049,102.23241423167289,18.341033514146504,-231.5447985296903,17.456592684485345,-185.19127807045965,1131.890071924169,1202.5116029463166,0.0,0.0,0.0,0.0,0.0,0.0,0.0,0.0,0.0,0.0,0.0,0.0,0.0,0.0,0.0,0.0,0.0,0.0,0.0,0.0,0.0,0.0,1.2735811509299314,0.38876103508239648,359.75523969974878,422.8162619164019,10277.00576812439,0.304278268674661,0.04644051719698732,286.98706021413838,338.3480060450606,7685.171722613667,1.1501960871925253,0.2173461993939012,270.58629747573,318.0270022930871,7756.926215570944,0.2873224625039398,0.05429373819046478,270.22248377855268,318.59319036275709,7249.786141066277,0.0,0.0,13.526139105940456,16.266204374483725,211.2036051196995,0.0,0.0,16.89449909325475,19.934432321679894,436.5481912392479,0.0,0.0,208.73424031558239,249.20754299248825,4140.157792919272,0.0,0.0,43.44009270201566,51.299015234027098,1121.9926900590356,0.0,0.0,125.72142530942091,149.78346559967484,2651.9387076312325,37.88479366329463,25.984083445332389,550.0193288635633,650.6833315169455,14612.842659135473,0.0,0.0,137.0049700549824,165.13038574174548,1991.972087100756,1834.5716365718297,21.338651756310005,35.552159777500609,21.999999999999994,29.99999999999999,0.0,20.431645518545776,37.485869986345949,15.999999999999993,29.99999999999999,1094.0194240844324,21.436078148103275,36.092278495565029,21.333333333333326,29.99999999999999,0.0,20.45256646526655,38.09533085219926,18.999999999999994,29.99999999999999,0.0,14.657835691191682,54.315469237275269,11.999999999999995,29.99999999999999,0.0,19.932878631985209,44.02370156771796,18.999999999999994,29.99999999999999,0.0,16.82340087374879,47.48359120424702,9.999999999999997,29.99999999999999,554.9012473598888,19.932935088583286,40.10237543632511,20.033333333333326,29.99999999999999,0.0,17.45160853310422,45.566077130949057,11.999999999999995,29.99999999999999,0.0,19.443315323455008,0.0,0.0,0.0,14.054432636771417,0.0,0.0,544.0121704976357,543.6067953873103,580.2396566490336,572.5669008157055,596.413928200068,918.4388092570918,590.7070361962091,655.2118057909802,593.8277647567973,10832.777761208341,80.84180241732764,83.54629124286099,219.9999999999999,0.0,219.9999999999999,219.9999999999999,16.0,19.0,19.0,12.0,19.7,12.0,21.0,10.0,1.0,0.0,1834.5716365718297,0.0,1094.0194240844324,0.0,0.0,0.0,554.9012473598888,0.0,4092.187332734394,2455312.3996406376,3178679.086256026,80.84180241732764,83.59222244140529,0.3630729110911464,0.7706029460549941,0.36028137401965945,83.59222244140529,0.35426478194388735,3178679.086256026,0.16974020137420224 
 02/19  09:40:00,7.193333333333333,92.66666666666666,4.82,93.0,91.16666666666667,0.0,4.0,0.0,0.0,0.0,0.0,0.0,0.0,0.0,0.0,696.0,0.0,244.24650441970298,35.06023945708685,89.84075802537262,7.32372968211747,194.9318072194165,0.0,35.06023945708683,47.93000542126708,0.0,0.0,20.618023266864534,-1556.300047110708,19.674404340619604,495.60552022450647,20.489110496815948,-351.51469449478057,19.660112810449485,-34.647550619527518,14.57051886700241,42.00956707564185,18.614774222851677,-271.4355026005154,17.19158837263667,536.9138373545352,17.89111411848937,-106.72185090878908,17.17924839016649,-580.6432613527856,969.9548295156694,1087.0633528075176,0.0,0.0,0.0,0.0,0.0,0.0,0.0,0.0,0.0,0.0,0.0,0.0,0.0,0.0,0.0,0.0,0.0,0.0,0.0,0.0,0.0,0.0,1.252190893827098,0.38223165257237398,388.51357886474048,456.9530730595977,10950.856617155574,0.3090282133969382,0.04716547823518589,298.91026660555539,352.69336055485186,7898.6596294429559,1.108657769097094,0.2094969329359587,92.77924983324152,109.27544330776625,2635.452111812876,0.317002205340016,0.05990215520408457,26.309785377550186,31.05111110946737,694.6442602176074,0.0,0.0,12.666130239804702,15.246073603362385,192.48724266250083,0.0,0.0,81.38231726798473,96.4699825058393,1944.356127668364,0.0,0.0,242.62671172256439,288.70555011021176,5195.943028461735,0.0,0.0,31.608898661583458,37.461426182135188,761.677317845066,0.0,0.0,118.43202943947027,141.2878641910774,2326.748153379917,38.12755338618675,26.150585312885263,320.57604978999685,380.2219911326363,8418.134735294412,0.0,0.0,124.228110611022,149.74031117666244,1719.5355348023455,1805.270705835687,21.361925390298837,36.01033918622213,21.999999999999976,29.999999999999969,0.0,20.469301692296754,37.92305564961901,15.999999999999983,29.999999999999969,40.40595695983825,21.223811192762694,36.21430251992191,20.99999999999998,29.999999999999969,0.0,20.303218543672338,41.08388752882331,18.99999999999998,29.999999999999969,0.0,14.666477768542518,54.753337076870838,11.99999999999999,29.999999999999969,0.0,19.09032571121441,43.13155339011946,15.999999999999983,29.999999999999969,0.0,17.84544434070605,45.64324279339465,9.99999999999999,29.999999999999969,0.0,19.157483041575568,41.907784300136338,15.999999999999983,29.999999999999969,0.0,17.02762792735382,47.335206025029197,11.99999999999999,29.999999999999969,0.0,18.935927256766818,0.0,0.0,0.0,13.83772406694267,0.0,0.0,556.6667683627672,557.967737811093,552.1135914622227,728.4680038504465,609.7455366909098,705.4147431193364,638.9749173390926,639.2840488265871,614.360107745892,8727.957689698349,82.23387121916723,82.23387121916723,131.99999999999987,0.0,131.99999999999987,131.99999999999987,16.0,19.0,16.0,12.0,16.0,12.0,21.0,10.0,1.0,0.0,1805.270705835687,0.0,40.40595695983825,0.0,0.0,0.0,0.0,0.0,0.0,0.0,0.0,82.23387121916723,82.23387121916723,0.3399999999999997,0.7709461898221388,0.3602813740196592,82.23387121916723,0.3542647819438871,0.0,0.0026620000000000005 
 02/19  09:50:00,7.406666666666667,92.33333333333333,4.95,100.0,96.33333333333334,0.0,4.0,0.0,0.0,0.0,0.0,0.0,0.0,0.0,0.0,464.0,0.0,277.6293769127863,37.57795539629345,96.29233627866579,8.324708191473168,221.57442348992036,0.0,37.577955396293429,51.37191399017705,0.0,0.0,20.49966439648821,-1052.987521797782,19.730242961209258,550.7185826681248,20.869257759212748,-942.546391744424,19.61863238205066,-23.618792680244384,14.588501345257642,49.73847789161245,18.27070104505703,-82.66291213683849,17.362440468443297,161.65570614430045,17.238189841944263,-25.098981554463195,16.66322756152768,-598.8206352133099,1001.8098627052518,1350.3927916119174,0.0,0.0,0.0,0.0,0.0,0.0,0.0,0.0,0.0,0.0,0.0,0.0,0.0,0.0,0.0,0.0,0.0,0.0,0.0,0.0,0.0,0.0,1.325352402553602,0.4045642254437125,396.1540710232915,465.6999107711108,11001.169059560754,0.3331130157578029,0.05084142487145954,318.14688793394086,375.08983392805558,8300.134368675714,0.930035662951356,0.1757437004821157,172.28728849580157,202.2331077043369,4916.057944682475,0.3400594519239303,0.06425915569235263,33.1898628702627,39.13842977552864,853.764695830626,0.0,0.0,11.883163531773457,14.294369719817276,176.08846667134166,0.0,0.0,57.326629408919618,68.05953139739226,1281.8363586410274,0.0,0.0,286.49405502724047,340.61574912292238,6107.08898662265,0.0,0.0,20.174967179198839,23.996676626127369,432.7016387507417,0.0,0.0,189.24319066256266,226.36562243279205,3366.5424155341149,38.53885668752628,26.432686342610624,345.19246765068677,409.0504032277398,8887.089648384788,0.0,0.0,192.81643788981513,231.90006659683443,2839.974541902402,1329.7259856461829,21.368817426653494,36.27854507113027,21.75,30.0,0.0,20.50824352375992,38.13192568253906,16.0,30.0,1539.5291736861628,21.8127868295275,35.30294599387214,21.5,30.0,0.0,20.198480775166485,43.558409991269957,19.0,30.0,0.0,14.692433866542407,55.07791136911531,12.0,30.0,0.0,18.547292332108595,43.57325600865276,16.0,30.0,0.0,18.025258567444675,44.79333506882528,10.0,30.0,0.0,18.039341727549354,44.8431158079646,16.0,30.0,0.0,16.22264668656364,50.27661368147446,12.0,30.0,0.0,18.9926737030676,0.0,0.0,0.0,14.603180415314009,0.0,0.0,563.5402015342305,562.9454786573109,559.2234642102694,860.0584517732353,618.439492135964,633.4280388009403,611.1566394723525,629.1782556399736,626.2458184915757,10539.575601746325,81.03582660010389,82.93218618869062,132.0,0.0,132.0,132.0,16.0,19.0,16.0,12.0,16.0,12.0,21.0,10.0,1.0,0.0,1329.7259856461829,0.0,1539.5291736861628,0.0,0.0,0.0,0.0,0.0,2869.653899876069,1721792.3399256415,2228512.739991384,81.03582660010389,82.96439266998662,0.350655129995869,0.7705959571735437,0.36028137401965956,82.96439266998662,0.3542647819438875,2228512.739991384,0.1184639958128853 
 02/19  10:00:00,7.62,92.0,5.08,107.0,101.5,0.0,4.0,0.0,0.0,0.0,0.0,0.0,0.0,0.0,0.0,464.0,0.0,312.90694367824838,40.07453403154561,102.6897519213406,9.382498190388273,249.7291751081521,0.0,40.074534031545599,54.78492626206182,0.0,0.0,20.49038376530432,-1299.145506565253,19.779243966058229,343.278256140504,20.75069111125393,-612.4445479092067,19.58304776088537,-65.15241867239041,14.609099203739764,46.48121842657635,18.065359162292887,-81.07188182369618,17.178363031009057,89.43174121512857,16.821930362426295,-16.525997414481496,16.404751463301524,-413.9560025217929,1002.8256368115813,1234.4888548694299,0.0,0.0,0.0,0.0,0.0,0.0,0.0,0.0,0.0,0.0,0.0,0.0,0.0,0.0,0.0,0.0,0.0,0.0,0.0,0.0,0.0,0.0,1.2692929357699697,0.3874520560958393,463.6923843725367,546.0561714466678,12361.511508492018,0.29561340047804199,0.04511804036600153,273.5254443967733,322.52674094889547,7031.073345390226,1.031978493706647,0.195007273943055,209.7993045847474,246.47465213636498,5797.823410769826,0.30227975782402585,0.057120135643239939,27.78364679456616,32.767773410622989,698.1224793376573,0.0,0.0,11.415374159193793,13.730994789229007,164.84304854711736,0.0,0.0,52.91603070293822,62.879233267017429,1126.6241387227172,0.0,0.0,296.8108350415651,353.3785849748392,6000.00344121376,0.0,0.0,11.8182466809047,14.086877471744199,231.78142491787049,0.0,0.0,200.3235954844805,239.95982507087337,3359.6055366154575,38.55140335534562,26.441291738920194,399.3529678691485,473.24987382279326,10099.944690900085,0.0,0.0,203.34126568687032,244.61199853998523,2925.594082837123,1877.5346903108983,21.157773703316257,37.39262927966036,22.0,30.0,0.0,20.50883503289019,38.720757175752478,16.0,30.0,1523.045431982002,21.53739353021407,36.37624265170988,21.5,30.0,0.0,20.10263658793497,44.95653477169866,19.0,30.0,0.0,14.71965728987763,55.15796836544747,12.0,30.0,0.0,18.2258059702635,44.326721895061769,16.0,30.0,0.0,17.66697554001038,46.015333277098729,10.0,30.0,0.0,17.353370014784589,46.8040638798511,16.0,30.0,0.0,15.902659752087843,51.33375003656599,12.0,30.0,0.0,19.10427196883494,0.0,0.0,0.0,14.677944755031671,0.0,0.0,578.1836492315993,576.98458596349,576.2063540797677,921.6135933329028,613.6352787165542,610.3576414721874,599.2432444487797,619.6845197460262,606.325385552926,9980.19899336033,81.40575797756857,84.93534456133534,132.0,0.0,132.0,132.0,16.0,19.0,16.0,12.0,16.0,12.0,21.0,10.0,1.0,0.0,1877.5346903108983,0.0,1523.045431982002,0.0,0.0,0.0,0.0,0.0,5341.529743248009,3204917.845948805,4153503.108670607,81.40575797756857,84.99528865895103,0.34805099144160037,0.7693508213607789,0.36028137401965956,84.99528865895103,0.3542647819438875,4153503.108670607,0.21848282831753824 
 02/19  10:10:00,7.823333333333334,90.66666666666667,5.0616666666666669,114.0,106.66666666666667,0.0,0.0,1.0,2.0,0.0,0.0,0.0,0.0,0.0,0.0,1044.0,0.0,349.91572462826306,42.548484078184738,109.02918349760818,10.492197796532058,279.2655902336097,0.0,42.548484078184717,58.16700353773168,0.0,0.0,20.767708022612554,-1531.2892825912928,19.811184059625214,567.5980221777296,20.817814743287167,-1653.8341322732534,19.680807210878827,673.888609704384,14.627368038430545,50.834337957879899,18.991367919314855,-102.97234873165381,17.097755524185684,113.18968247107134,17.60884611452909,-98.37689648638373,16.26490919095277,-353.0874755273123,1098.3245544525037,1254.0819053417313,0.0,0.0,0.0,0.0,0.0,0.0,0.0,0.0,0.0,0.0,0.0,0.0,0.0,0.0,0.0,0.0,0.0,0.0,0.0,0.0,0.0,0.0,1.1858557606898695,0.36198283293341557,432.6304668742146,508.5581545485394,11815.874084815981,0.301948343415904,0.046084911998764358,310.2717341449485,365.9830462593072,7835.949673821965,1.064137961653696,0.20108427090961757,428.0353211117416,502.882511433139,11707.632049393756,0.31113096485649219,0.058792699330402879,352.1216081018789,415.49875592242867,8798.868902831395,0.0,0.0,12.670639566999516,15.24874446400733,178.31200348303333,0.0,0.0,18.34956857995799,21.720661628642938,428.19795002434577,0.0,0.0,268.4747192712144,319.9924810376072,5243.702847566663,0.0,0.0,26.497719382902443,31.4131816333202,583.8347639300746,0.0,0.0,211.51317961730613,253.64540215382014,3397.4375198179056,38.43040401350713,26.358301792528907,655.5764614551844,775.7334538737208,16230.096598652071,0.0,0.0,215.4692683773822,259.2186457499964,3070.963778721414,1843.067211326605,21.581205745108954,37.23668423254075,21.999999999999994,29.999999999999994,0.0,20.509270337279135,39.633692832401298,15.999999999999997,29.999999999999994,1768.9173207506197,21.52654162829277,37.38099333974899,21.44444444444444,29.999999999999994,0.0,20.361756529750538,40.20860239353316,15.999999999999997,29.999999999999994,0.0,14.742428517244165,55.33155548596959,11.999999999999997,29.999999999999994,1587.5549353554837,19.48526958133399,42.12280052394275,19.888888888888887,29.999999999999994,0.0,17.527577411334087,46.95718392741516,9.999999999999999,29.999999999999994,1339.2695385204689,18.596686781862208,44.11183656937523,20.7,29.999999999999994,0.0,15.752285886879639,52.186203327807529,11.999999999999997,29.999999999999994,0.0,19.543627925256389,0.0,0.0,0.0,14.817617385819704,0.0,0.0,627.9005027560135,622.7754861668304,625.8904538248191,636.10907789521,609.9344451943283,683.9125614009619,611.9021914827374,663.1765476631136,607.6614423198996,10663.81936429583,80.95361806133433,85.04599541557598,59.999999999999989,0.0,59.999999999999989,59.999999999999989,16.0,16.0,19.0,12.0,19.7,12.0,21.0,10.0,1.0,0.0,1843.067211326605,0.0,1768.9173207506197,0.0,1587.5549353554837,0.0,1339.2695385204689,0.0,6192.927019703167,3715756.211821901,4837979.3095925119,80.95361806133433,85.11549756881144,0.3575420117678834,0.7678495211904668,0.36028137401965945,85.11549756881144,0.3542647819438875,4837979.3095925119,0.2526749240988106 
 02/19  10:20:00,8.026666666666668,89.33333333333334,5.043333333333334,121.0,111.83333333333333,0.0,0.0,1.0,2.0,0.0,0.0,0.0,0.0,0.0,0.0,464.0,0.0,388.5126299666124,44.998195100816307,115.3065042317328,11.649516519310131,310.0694702867661,0.0,44.99819510081628,61.51594422990757,0.0,0.0,20.76354624732682,-1466.1609709288003,19.930400889226968,425.0029148049012,20.847111162655499,-1221.9414500171629,19.843521109180025,371.56054922317505,14.649945284293537,49.646789958927879,19.12690608211642,-114.948281797257,17.031345702338123,89.76640653506775,18.599777220478843,-284.1649321724138,16.191130463009374,-258.6076041853512,1060.6765924890609,1282.3580192257319,0.0,0.0,0.0,0.0,0.0,0.0,0.0,0.0,0.0,0.0,0.0,0.0,0.0,0.0,0.0,0.0,0.0,0.0,0.0,0.0,0.0,0.0,1.1516852116155237,0.35155226239790107,418.8780803937823,492.2275625806903,11231.770239740003,0.2782863189103581,0.042473491897185317,276.28284138933739,325.6398899994006,6923.783188808134,1.0680802832234822,0.201829229634067,353.80047733134747,415.35124404936439,9522.744089874388,0.2859653054894711,0.05403728372816913,290.6239008908766,342.44330147205178,7269.175549191749,0.0,0.0,12.493014611458208,15.024654822649986,171.38597060880046,0.0,0.0,18.103798327052365,21.391271585959968,425.5412515599684,0.0,0.0,265.59155812955927,316.4941585642224,5018.493999859632,0.0,0.0,44.36029073128349,52.2971593779613,1089.8295005729336,0.0,0.0,217.94276266647834,261.2400057791836,3390.5289424319828,38.065299094042597,26.107886895776823,567.168625742765,670.7315368094946,13945.669254292752,0.0,0.0,223.79205861276604,268.79384012663567,3226.0470064335138,1828.428587037468,21.546462625549979,37.29410884419583,22.000000000000005,30.000000000000008,0.0,20.618977418993624,39.49736479383287,16.000000000000005,30.000000000000008,1867.9388309802276,21.481504232216645,37.54424437006132,21.500000000000005,30.000000000000008,0.0,20.565881979444403,39.63203826288905,16.000000000000005,30.000000000000008,0.0,14.770937561179448,55.65654594068152,12.000000000000002,30.000000000000008,0.0,19.79627565364599,43.17875369373915,19.000000000000005,30.000000000000008,0.0,17.40828058495319,47.57430071425392,10.000000000000002,30.000000000000008,1262.73823827488,20.301938183522677,40.40839459508815,20.700000000000004,30.000000000000008,0.0,15.702309723861124,52.8547558219391,12.000000000000002,30.000000000000008,0.0,19.567965857795273,0.0,0.0,0.0,15.10831358227695,0.0,0.0,618.2751317329994,624.5896737488722,622.2683628185534,624.3600546193223,612.7646639068764,788.5424037390114,618.1245909879167,681.158869079836,621.9673750058288,11190.997069014085,80.60493838056525,86.23103913343373,60.000000000000017,0.0,60.000000000000017,60.000000000000017,16.0,16.0,19.0,12.0,19.7,12.0,21.0,10.0,1.0,0.0,1828.428587037468,0.0,1867.9388309802276,0.0,0.0,0.0,1262.73823827488,0.0,8513.757623317573,5108254.573990542,6662010.309096683,80.60493838056525,86.32658900159015,0.3687919207772524,0.7654834818834678,0.3602813740196596,86.32658900159015,0.35426478194388757,6662010.309096683,0.34749786940636087 
 02/19  10:30:00,8.23,88.0,5.025,128.0,117.0,0.0,0.0,1.0,2.0,0.0,0.0,0.0,0.0,0.0,0.0,464.0,0.0,428.57969147535507,47.42191884190368,121.5172341839766,12.85091712505886,342.04666593707887,0.0,47.421918841903657,64.82935833799319,0.0,0.0,20.78234744430005,-1645.5495751543709,20.002613790148084,455.2031432091412,20.523597324732948,-340.6080364361503,19.83824611431563,195.34897631164183,14.672074293716586,51.343211937114407,18.883196168825426,-97.33142483114347,17.02538811281954,146.96693481754029,18.578417023277387,-324.3132587591459,16.20488233980872,-167.35560709428797,1047.418529175502,1265.0751206066018,0.0,0.0,0.0,0.0,0.0,0.0,0.0,0.0,0.0,0.0,0.0,0.0,0.0,0.0,0.0,0.0,0.0,0.0,0.0,0.0,0.0,0.0,1.1208293782898816,0.3421335098564962,462.4364100451064,543.3992454387408,12201.609033132887,0.2632480410519903,0.040178272443832468,266.4248551174076,313.97415152635718,6590.244209643401,1.1216317090377027,0.21194854668134978,278.4810705764584,327.6743842375613,7162.29538098139,0.271590120139969,0.051320884380190657,209.72895963811613,247.05693113334926,5140.113471718749,0.0,0.0,12.54942670138887,15.090885037925617,167.66269279089023,0.0,0.0,18.077033998730707,21.389958096352154,401.62003536783279,0.0,0.0,260.84452212227509,310.8228350353273,4825.317138036371,0.0,0.0,52.30368521808983,61.705124644193869,1260.517844043522,0.0,0.0,215.2576802443203,257.9453291888533,3297.994301235312,37.780968445240379,25.912872733361036,514.6994973441167,608.6328472741063,12575.215400351477,0.0,0.0,221.66042826694426,266.0497755630447,3195.272386910352,1831.7684203985282,21.52722036917206,37.322470611720579,22.0,30.0,0.0,20.66012658918125,39.41678973534712,16.0,30.0,128.39707702284177,21.20032051912667,38.105807329225388,21.0,30.0,0.0,20.51130007042176,39.72921992789764,16.0,30.0,0.0,14.797801152651913,56.01951249024427,12.0,30.0,0.0,19.336529479224063,45.70072917012998,19.0,30.0,0.0,17.415110850481374,48.01539796449884,10.0,30.0,508.5913513590616,20.303550492841685,40.83958617849622,20.2,30.0,0.0,15.791320823755794,53.24769209038845,12.0,30.0,0.0,19.642911962103765,0.0,0.0,0.0,15.316845216772239,0.0,0.0,605.7975730501489,614.4317924680851,605.7690101220177,610.8552856374134,619.6790740055901,849.3555220545773,627.7123375593685,679.0983076626109,638.5840724197367,9785.079372488453,81.53480498618532,84.98797396998816,60.0,0.0,60.0,60.0,16.0,16.0,19.0,12.0,19.7,12.0,21.0,10.0,1.0,0.0,1831.7684203985282,0.0,128.39707702284177,0.0,0.0,0.0,508.5913513590616,0.0,5225.9993527739629,3135599.611664377,4072783.6877171157,81.53480498618532,85.04662024306743,0.34419997842579877,0.7679710927115788,0.36028137401965956,85.04662024306743,0.3542647819438875,4072783.6877171157,0.21283141842795667 
 02/19  10:40:00,8.433333333333334,86.66666666666667,5.006666666666667,128.0,107.0,0.0,0.0,0.0,0.0,0.0,0.0,0.0,0.0,0.0,0.0,580.0,0.0,430.92958517036257,47.36861796176286,121.3806358811511,12.921374845645186,343.9220616705563,0.0,47.36861796176283,64.75649199384756,0.0,0.0,20.856355901152037,-1481.0672569719887,20.073442691974063,479.6347638559204,20.827277208350198,-1136.6527675360542,19.884183176575087,463.75142573214728,14.691990809161354,50.64560616272834,18.584324300295167,-221.75116074880354,17.143912538952319,231.7944440568215,17.820629736815208,-125.25186218513417,16.212370553859637,-190.29969128697725,1054.0968962403204,1137.6581260202439,0.0,0.0,0.0,0.0,0.0,0.0,0.0,0.0,0.0,0.0,0.0,0.0,0.0,0.0,0.0,0.0,0.0,0.0,0.0,0.0,0.0,0.0,1.1276546575703415,0.3442169284402752,437.62085912208786,514.0356617231029,11472.923411822905,0.28004854876302356,0.04274245249740897,291.91928454189039,344.02148988255507,7133.133491631318,1.0260760578685682,0.1938919232555874,365.4669179135856,429.61270153125158,9559.207592079458,0.28606969817237107,0.05405701023665363,310.637861888012,366.2928305596258,7538.411075140761,0.0,0.0,12.137922987154973,14.599261317006743,157.7343244648289,0.0,0.0,77.79099873263174,92.28000580741457,1620.2177254988549,0.0,0.0,326.89175971024408,389.2884734624834,6060.650237900309,0.0,0.0,36.05625318287949,42.780197502077417,754.6329738364713,0.0,0.0,214.32090262589586,256.82586589777716,3216.2509349509384,37.581041065745619,25.77574833041538,595.8813037809848,704.660655392437,14279.124873890458,0.0,0.0,219.2438179070313,263.2192708863339,3060.117549984939,1836.097343054752,21.6420737207078,37.09602674327419,22.0,30.0,0.0,20.71535348319078,39.28497212351303,16.0,30.0,1522.4237023767565,21.51230637506245,37.397959953933277,21.4,30.0,0.0,20.619893609702979,39.4891199417688,16.0,30.0,0.0,14.821783644306617,56.43076350382118,12.000000000000002,30.0,0.0,18.811660002018625,45.233439674739269,16.0,30.0,0.0,17.64639173349387,47.89878006830491,10.0,30.0,0.0,18.81005886112101,44.54397859697158,16.0,30.0,0.0,15.839662357520869,53.50862154247706,12.000000000000002,30.0,0.0,19.73775078133207,0.0,0.0,0.0,15.294148462800889,0.0,0.0,601.0825256749062,607.138865928643,599.8987391565191,603.5195104452802,630.821746360557,708.08716121484,654.2811152941414,658.6841482322899,650.4905635807483,9451.309172914882,81.75551427136492,84.46508428259414,60.0,0.0,60.0,60.0,16.0,16.0,16.0,12.0,16.0,12.0,21.0,10.0,1.0,0.0,1836.097343054752,0.0,1522.4237023767565,0.0,0.0,0.0,0.0,0.0,4100.722619159459,2460433.5714956757,3209414.8481787035,81.75551427136492,84.51110177653993,0.34069075397198197,0.7670479756497738,0.36028137401965956,84.51110177653993,0.35426478194388757,3209414.8481787035,0.1679095721052926 
 02/19  10:50:00,8.636666666666667,85.33333333333333,4.988333333333333,128.0,97.00000000000002,0.0,0.0,0.0,0.0,0.0,0.0,0.0,0.0,0.0,0.0,348.0,0.0,430.4308581529091,47.27229351665769,121.1337897611592,12.906417829620717,343.52400105972239,0.0,47.27229351665767,64.6248091745747,0.0,0.0,20.846639007086077,-1306.9501972447056,20.125539091037188,340.14969276212556,20.90832659793282,-1266.0289070298464,19.9021660165046,417.5747240731731,14.709644710282913,48.62188263533278,18.327176766602,-120.48644492325843,17.1752562849992,141.5634010448443,17.24301985516478,-40.960211070819578,16.203471677026763,-179.79037625258767,1012.7073924215833,1051.8778297358804,0.0,0.0,0.0,0.0,0.0,0.0,0.0,0.0,0.0,0.0,0.0,0.0,0.0,0.0,0.0,0.0,0.0,0.0,0.0,0.0,0.0,0.0,1.1124324790965133,0.33957035381456476,413.26446945091745,485.33003524986676,10644.741864875195,0.2631610966500535,0.04016500254121699,262.68077198147548,309.3940302839737,6321.400265570024,1.0211248641081268,0.192956323527613,375.451462243111,440.38751365834386,9730.69701118371,0.2797265721615225,0.0528583847621925,293.63490180291697,345.8022666624082,7016.0896366006459,0.0,0.0,11.463032267163939,13.777045475975522,144.71391529033944,0.0,0.0,64.16645704177899,76.18054503106402,1260.1341089444659,0.0,0.0,315.0099301415439,374.9126394860438,5722.364746819116,0.0,0.0,23.864322512377148,28.39526080799344,443.2287054620522,0.0,0.0,211.04400730596536,252.7366292965819,3088.097048694409,37.20523844965366,25.517996193178129,563.496862504961,665.8112320901644,13283.426206505832,0.0,0.0,214.7334770603021,257.6362518770753,2919.4431255397555,1766.7165110080378,21.642947086394608,37.109253252751127,22.000000000000019,30.00000000000002,0.0,20.731568463497859,39.245595696984619,16.000000000000015,30.00000000000002,2190.2526001975695,21.627594059163547,37.15625951106428,21.666666666666687,30.00000000000002,0.0,20.600754608458155,39.55920336523313,16.000000000000015,30.00000000000002,0.0,14.841603063440651,56.77695309331315,12.00000000000001,30.00000000000002,0.0,18.415531427392666,45.65764505448844,16.000000000000015,30.00000000000002,0.0,17.661280591560467,47.75077879789644,10.000000000000007,30.00000000000002,0.0,17.83512297865122,47.28350885509929,16.000000000000015,30.00000000000002,0.0,15.85737593145449,53.61366430539102,12.00000000000001,30.00000000000002,0.0,19.72321291498326,0.0,0.0,0.0,15.317790509519613,0.0,0.0,598.6183452757481,601.7188067508389,595.1613771763794,601.632192099467,640.614210402519,654.7986017651191,640.8923683307269,652.498193132631,652.2925687285938,9710.93518089997,81.58373870502516,86.26351635173505,60.00000000000004,0.0,60.00000000000004,60.00000000000004,16.0,16.0,16.0,12.0,16.0,12.0,21.0,10.0,1.0,0.0,1766.7165110080378,0.0,2190.2526001975695,0.0,0.0,0.0,0.0,0.0,7082.220125992941,4249332.075595761,5536726.295131354,81.58373870502516,86.3429945119718,0.34940733753309807,0.7655367385760252,0.3602813740196598,86.3429945119718,0.3542647819438878,5536726.295131354,0.2889064340134971 
 02/19  11:00:00,8.84,84.0,4.97,128.0,87.0,0.0,0.0,0.0,0.0,0.0,0.0,0.0,0.0,0.0,0.0,466.0,0.0,427.21393711412,47.13842450162201,120.79073565011474,12.809956883321993,340.9565765341058,0.0,47.13842450162199,64.44180008177448,0.0,0.0,20.726105387515383,-804.6571463250921,20.090112376997085,258.09365926459807,20.953666215199769,-1490.3162298466094,19.976499866642486,363.25165639913259,14.72309537636784,45.43578165776418,18.190694977924524,-92.61441501543828,17.131423236870636,133.14842504319314,16.91260464824302,-14.40310652309708,16.197339462076415,-175.85513472984213,952.8852366565907,942.5501009894167,0.0,0.0,0.0,0.0,0.0,0.0,0.0,0.0,0.0,0.0,0.0,0.0,0.0,0.0,0.0,0.0,0.0,0.0,0.0,0.0,0.0,0.0,1.115444847739305,0.3404898802623032,312.07678516312736,366.9009926090551,7767.284732776025,0.26009337407805746,0.03969679091545443,234.49017143544226,276.3561410629634,5497.446449795119,0.919342091019311,0.1737229952795373,368.9364449767005,433.2190633100191,9348.071292742825,0.2526303958735295,0.047738170044128769,281.8865382797399,332.1086431565298,6658.54413659716,0.0,0.0,11.032315463821691,13.263845323584692,134.9937379670014,0.0,0.0,57.14401343733576,67.9082053993981,1076.6171448302844,0.0,0.0,297.4888458486813,354.33145809803389,5227.366031078621,0.0,0.0,14.45553369774474,17.238331107021485,247.70922882388059,0.0,0.0,198.62622320033723,237.96960999383939,2831.127631712436,36.81210942761239,25.248360375591497,509.72590291893865,602.6233534717771,11822.050040134243,0.0,0.0,201.13402931922406,241.46734502077815,2638.6937576701245,1044.658568897531,21.308594391598836,37.88639991936679,21.5,30.0,0.0,20.60993348231851,39.54497796769547,16.0,30.0,1882.5843913145796,21.59295336795759,37.22505746932384,21.5,30.0,0.0,20.690734987166687,39.342572666728589,16.0,30.0,0.0,14.853709061587662,56.899260591958377,12.0,30.0,0.0,18.219092641770417,46.116652121968048,16.0,30.0,0.0,17.565877613690476,47.99427753174015,10.0,30.0,0.0,17.32212176957487,48.81774132381337,16.0,30.0,0.0,15.873729190645527,53.50392386475583,12.0,30.0,0.0,19.645408780194538,0.0,0.0,0.0,15.283955195554107,0.0,0.0,591.4423158442477,596.9353221317675,587.5909107537149,593.9949633858382,640.7746947868873,641.3395892493204,630.6140911181933,647.2672181598759,641.7665156834021,6109.60044141084,82.88126275485611,82.88126275485611,60.0,0.0,60.0,60.0,16.0,16.0,16.0,12.0,16.0,12.0,21.0,10.0,1.0,0.0,1044.658568897531,0.0,1882.5843913145796,0.0,0.0,0.0,0.0,0.0,0.0,0.0,0.0,82.88126275485611,82.88126275485611,0.255,0.5388739052940501,0.27021103051474468,82.88126275485611,0.2656985864579156,0.0,0.0009733333333333333 
 02/19  11:10:00,8.945,83.33333333333333,4.913333333333333,128.0,77.0,0.0,0.0,0.0,0.0,0.0,0.0,0.0,0.0,0.0,0.0,468.0,0.0,421.41785677158239,46.97189380131794,120.36398588160019,12.636160921217244,336.3307505044622,0.0,46.97189380131791,64.21413998897474,0.0,0.0,20.841372909305116,-1630.528781026122,20.140269997087008,432.52863534633209,20.576186756658168,-329.21587856917747,19.93877453080296,169.39117953766468,14.738143338358395,49.28786467526362,18.097861374768024,-59.63428645496299,17.177375998428979,179.64126058934199,16.645707841611356,-45.713432886903749,16.198100010017524,-140.98838478885524,964.1045830128433,963.2280517018803,0.0,0.0,0.0,0.0,0.0,0.0,0.0,0.0,0.0,0.0,0.0,0.0,0.0,0.0,0.0,0.0,0.0,0.0,0.0,0.0,0.0,0.0,1.093499675340961,0.333791109688938,473.18201438784049,556.0220545503772,11855.04698995805,0.25846186366530085,0.039447781389697938,270.80079606714619,319.15257767271069,6325.993323365447,1.089247688127618,0.20582911718208969,269.28457329243596,316.8897893828079,6561.19240296726,0.26190880468785218,0.04949145969158202,202.8736153659742,238.97235264839333,4708.597518190316,0.0,0.0,11.385123976490016,13.688297524222877,137.27239069432296,0.0,0.0,46.88972421713153,55.744736818159889,862.3182090075818,0.0,0.0,297.49287331295809,354.2466269262035,5216.76627165817,0.0,0.0,16.28230556203449,19.437728855452236,261.9459115144812,0.0,0.0,197.59869894384947,236.72799281972753,2785.761390599787,36.57130412495579,25.083198988309879,514.8379408544166,608.6603652375674,11895.20067828775,0.0,0.0,210.0807528797509,252.0949044558061,2770.9188807286379,1805.7244303619894,21.56811645881859,37.27576571098391,22.0,30.0,0.0,20.68245516253105,39.365182799317427,16.0,30.0,85.62024794374615,21.21833007664418,38.08920443301031,21.0,30.0,0.0,20.581951943835489,39.611451884918469,16.0,30.0,0.0,14.870288861527591,56.89977681647644,12.0,30.0,0.0,18.096345594602114,46.40402869992289,16.0,30.0,0.0,17.65613061927954,47.651558630810509,10.0,30.0,0.0,16.913839302763436,50.05019291725064,16.0,30.0,0.0,15.902045017407425,53.309197056488908,12.0,30.0,0.0,19.766258296551635,0.0,0.0,0.0,15.426791392520875,0.0,0.0,581.707791505901,586.0998284735526,581.4897149285769,586.2064293411138,633.4059258529622,626.0183379244055,612.8863045160026,636.5957483750411,622.1075640852857,10021.514263497027,81.378461810971,83.16658189952493,60.0,0.0,60.0,60.0,16.0,16.0,16.0,12.0,16.0,12.0,21.0,10.0,1.0,0.0,1805.7244303619894,0.0,85.62024794374615,0.0,0.0,0.0,0.0,0.0,2706.031363533466,1623618.8181200796,2101733.3064660287,81.378461810971,83.1969501147799,0.3452010454511156,0.7696075349050185,0.36028137401965956,83.1969501147799,0.3542647819438875,2101733.3064660287,0.1102401319362335 
 02/19  11:20:00,9.05,82.66666666666667,4.8566666666666669,128.0,67.0,0.0,0.0,0.0,0.0,0.0,0.0,0.0,0.0,0.0,0.0,468.0,0.0,368.47000750341206,45.88199222193856,117.57114847115541,11.048543742457572,294.07361795182558,0.0,45.88199222193854,62.724161899343,0.0,0.0,21.059581916730026,-1351.618833456453,20.218628480961145,511.03721853444406,20.948433439752614,-1784.0336171564687,20.052023417686944,631.1010188500486,14.751613196844929,50.337313835334999,18.021557317758334,-48.19776005255113,17.219850464387269,189.55680745865039,16.42863949362184,-43.65886322581014,16.217253910151688,-110.619082359701,1009.6206722653769,915.0874270610464,0.0,0.0,0.0,0.0,0.0,0.0,0.0,0.0,0.0,0.0,0.0,0.0,0.0,0.0,0.0,0.0,0.0,0.0,0.0,0.0,0.0,0.0,1.0828677094973248,0.33054569886975729,416.8879310617311,489.3005655457835,10631.5386206439,0.2918670509758855,0.04454625320144773,323.18878574476937,380.7096158565987,7561.500329164694,0.9198599643782898,0.17382085494676684,464.6191142362128,545.7943705259689,11703.391375026802,0.2913821198324143,0.05506086920491576,360.1229286307274,424.301979854655,8438.573691729163,0.0,0.0,11.48775524418032,13.811264538123327,136.45227855565117,0.0,0.0,43.933655850921798,52.258890571371598,791.9960713320846,0.0,0.0,294.51438622978466,350.6368985022864,5141.764027646939,0.0,0.0,21.204426302604149,25.34152045359106,323.43680881696187,0.0,0.0,190.72321561907413,228.45104743848879,2669.3481090024549,36.48230375584933,25.022156211144954,676.6541523907959,799.558498442471,15472.467225594617,0.0,0.0,208.75867108484983,250.42785591005578,2749.0336198677885,1863.8376825838419,21.9041418264634,36.51127698050684,22.0,30.0,0.0,20.809380307896743,39.05023928316344,16.0,30.0,2292.2461762293926,21.747577998960798,36.861647579601278,21.75,30.0,0.0,20.836602581977354,38.98105616932811,16.0,30.0,0.0,14.88667521283268,56.843375533084898,12.0,30.0,0.0,18.01558169640623,46.58420575433792,16.0,30.0,0.0,17.723424544871845,47.405390956191499,10.0,30.0,0.0,16.59799112435008,50.99617463402232,16.0,30.0,0.0,15.956748031537,53.06171678842119,12.0,30.0,0.0,19.948138674535409,0.0,0.0,0.0,15.523785815260956,0.0,0.0,573.6676072188125,576.1354856608488,571.1541587295706,574.4756635789122,622.1658166461804,610.6832415188933,598.5167913662904,620.4861014344086,606.5939236845519,9474.32786987949,81.74011048665064,83.7606785589832,60.0,0.0,60.0,60.0,16.0,16.0,16.0,12.0,16.0,12.0,21.0,10.0,1.0,0.0,1863.8376825838419,0.0,2292.2461762293926,0.0,0.0,0.0,0.0,0.0,3057.3589207886504,1834415.35247319,2401916.317801696,81.74011048665064,83.79499451267707,0.3569119640262884,0.7680264116251324,0.36028137401965956,83.79499451267707,0.3542647819438875,2401916.317801696,0.1258196485256882 
 02/19  11:30:00,9.155000000000002,82.0,4.8,128.0,57.0,0.0,0.0,0.0,0.0,0.0,0.0,0.0,0.0,0.0,0.0,351.0,0.0,356.20050250950137,45.675566535244417,117.04216686416454,10.680645084800308,284.2814184383459,0.0,45.67556653524439,62.441962335519459,0.0,0.0,20.67319938883555,-451.720626060369,20.225998686629447,131.30273724615499,20.985767612879117,-1613.2569914825486,20.083984551046343,298.1185849504135,14.765331825180976,47.214534796123398,17.96677162084623,-39.81563798105161,17.194430004040489,94.70299188661493,16.26354616325343,-33.01300864983188,16.24213876167648,-96.27222429837059,859.0407231455547,877.4828995609837,0.0,0.0,0.0,0.0,0.0,0.0,0.0,0.0,0.0,0.0,0.0,0.0,0.0,0.0,0.0,0.0,0.0,0.0,0.0,0.0,0.0,0.0,1.1135048648974156,0.33989769990763599,292.12307293559646,343.6214330426305,7064.24460431867,0.24492436944404623,0.037381619268016818,198.03441427081035,233.40387444403218,4593.798726469724,0.9043873754624061,0.1708970853103564,375.96394156088146,441.24139469997956,9280.345478255793,0.24336008506596636,0.04598641063226874,257.193775341426,302.7907900813104,5983.511578104253,0.0,0.0,10.84969978747448,13.041081018886797,126.87851853019945,0.0,0.0,40.20605709026489,47.8122421183197,711.8205974526819,0.0,0.0,285.98674894206376,340.5002553850178,4886.895533848131,0.0,0.0,22.566220653370285,26.98403855372601,329.47323803806139,0.0,0.0,186.83414378925409,223.70472134142183,2596.1911268721867,35.86917444518096,24.601628563224258,459.8489709143171,543.4475663254161,10518.07927283649,0.0,0.0,206.95682966181955,248.14187583959203,2716.493175099003,777.9603781647667,21.29438942782689,37.924162376492,21.333333333333326,29.99999999999999,0.0,20.76093904175788,39.16883942485478,15.999999999999993,29.99999999999999,2302.905324937363,21.5625362327237,37.28309738667793,21.666666666666658,29.99999999999999,0.0,20.794420367032957,39.083148840247279,15.999999999999993,29.99999999999999,0.0,14.900678096181242,56.78072155409559,11.999999999999995,29.99999999999999,0.0,17.95747058332564,46.72650951399396,15.999999999999993,29.99999999999999,0.0,17.637919518232889,47.65313428352984,9.999999999999997,29.99999999999999,0.0,16.37035398056178,51.68976313360877,15.999999999999993,29.99999999999999,0.0,16.013476096635068,52.84868131437263,11.999999999999995,29.99999999999999,0.0,19.57535459177603,0.0,0.0,0.0,15.60712222086923,0.0,0.0,573.8724879187968,574.4463844190177,562.1754994652911,572.3773661609432,612.0428781089485,601.6835853192138,594.4364701949811,607.3782918097106,599.8023857103524,7155.250235696025,83.27355821014629,83.27355821014629,59.99999999999998,0.0,59.99999999999998,59.99999999999998,16.0,16.0,16.0,12.0,16.0,12.0,21.0,10.0,1.0,0.0,777.9603781647667,0.0,2302.905324937363,0.0,0.0,0.0,0.0,0.0,0.0,0.0,0.0,83.27355821014629,83.27355821014629,0.3399999999999999,0.7674664078857881,0.36028137401965945,83.27355821014629,0.35426478194388735,0.0,0.0008900000000000002 
 02/19  11:40:00,9.26,81.33333333333333,4.743333333333333,128.0,101.16666666666666,0.0,0.0,0.0,0.0,0.0,0.0,0.0,0.0,0.0,0.0,351.0,0.0,503.9777030870441,47.877669093425,122.68506826641468,15.111686764406372,402.2209822663137,0.0,47.87766909342498,65.45240348441603,0.0,0.0,20.705553390111647,-304.3145808974568,20.156064210801369,178.54088000371855,20.868396960727134,-1567.7028836940199,20.107035750006824,405.5635764725967,14.788064882554132,46.53154031406416,17.983508915839317,-42.041294772028539,17.139204539670286,138.7633719098704,16.14274602592367,-29.283252155579409,16.268023524750097,-96.18110364859638,902.8483967369507,834.4162092844472,0.0,0.0,0.0,0.0,0.0,0.0,0.0,0.0,0.0,0.0,0.0,0.0,0.0,0.0,0.0,0.0,0.0,0.0,0.0,0.0,0.0,0.0,1.1436947113638163,0.3491131597569649,335.8085791199414,394.86888491883306,8074.625013389268,0.25265031589011979,0.038560793023522579,208.5950963267377,245.79385514283957,4678.966361058159,0.8097787060807974,0.15301940780060428,461.8043088674402,541.9629299019689,11290.059578169541,0.23278816265196423,0.04398869286696226,262.4960287953337,308.8034144533567,6065.278917054861,0.0,0.0,10.845939713545798,13.03630801932534,124.94474624420468,0.0,0.0,34.96542541285186,41.55065310864596,609.9763290720753,0.0,0.0,275.9204345041237,328.62583027836026,4609.439126588001,0.0,0.0,25.067676269757127,30.00029903225117,353.02219783832029,0.0,0.0,177.80777853054054,212.89170011844989,2451.2368181342555,35.537418909857468,24.374087043798008,491.6982259359129,580.7554615010647,11088.416089949511,0.0,0.0,201.53364871686115,241.6556666884472,2615.2380673614154,599.751321044614,21.348059975043176,37.77037049391981,21.333333333333344,30.00000000000001,0.0,20.52575601914728,39.72609407100344,16.000000000000008,30.00000000000001,1560.3219601744145,21.664765516164814,37.036237861199548,21.666666666666676,30.00000000000001,0.0,20.818656291989887,39.00120436663841,16.000000000000008,30.00000000000001,0.0,14.919717728957315,56.69263947825942,12.000000000000006,30.00000000000001,0.0,17.93267851586375,46.77901671889592,16.000000000000008,30.00000000000001,0.0,17.55218596708837,47.88286923811825,10.000000000000004,30.00000000000001,0.0,16.212090318295546,52.177359395233718,16.000000000000008,30.00000000000001,0.0,16.065266527597897,52.645094074241189,12.000000000000006,30.00000000000001,0.0,19.78742222815533,0.0,0.0,0.0,15.632324856581282,0.0,0.0,561.3542032538215,567.3645591156382,556.9579490582964,560.8295856762054,603.0901094828487,594.3420924514711,584.6574040185526,596.8455855803833,590.6427809528243,9116.25284719172,81.97707061821969,81.97707061821969,60.00000000000002,0.0,60.00000000000002,60.00000000000002,16.0,16.0,16.0,12.0,16.0,12.0,21.0,10.0,1.0,0.0,599.751321044614,0.0,1560.3219601744145,0.0,0.0,0.0,0.0,0.0,0.0,0.0,0.0,81.97707061821969,81.97707061821969,0.3400000000000002,0.7710581043830811,0.3602813740196597,81.97707061821969,0.3542647819438876,0.0,0.0008600000000000001 
 02/19  11:50:00,9.365,80.66666666666667,4.6866666666666669,128.0,145.33333333333332,0.0,0.0,0.0,0.0,0.0,0.0,0.0,0.0,0.0,0.0,468.0,0.0,612.9279977305835,49.208042158783047,126.09421385073077,18.378524399504959,489.17322625117085,0.0,49.208042158783019,67.27112432666714,0.0,0.0,20.821857190772705,-700.1044313262546,20.247486091451557,400.61416285838507,21.069126220208017,-1843.0883819286842,20.206425991385286,413.51271542109228,14.81421333071609,45.955722626582659,18.02416022096954,-45.376903009466847,17.184057351767814,192.4990920270484,16.052028308482706,-24.299147103338158,16.28003049263411,-99.67086614581103,930.1331425581757,771.1139429412756,0.0,0.0,0.0,0.0,0.0,0.0,0.0,0.0,0.0,0.0,0.0,0.0,0.0,0.0,0.0,0.0,0.0,0.0,0.0,0.0,0.0,0.0,1.118614397278976,0.34145738622679369,375.60957505212709,441.53773046311985,9049.630319352698,0.2867898310664024,0.043771341737851399,294.4875521413547,347.17962032140579,6599.839296745618,0.7912255246039299,0.14951351560920829,459.41290947902527,539.5558526711242,11370.011766471895,0.2361002236269522,0.044614554729204867,304.0026578645784,357.9851531682926,7011.330247676645,0.0,0.0,10.976871733242048,13.197505513000632,124.679051463508,0.0,0.0,43.761265272327239,52.07564255986643,754.6287854587143,0.0,0.0,279.48810693705237,332.92937564562859,4656.600557272473,0.0,0.0,26.05844476936997,31.20307268662333,355.57140657510106,0.0,0.0,170.49676889750269,204.18762343974283,2323.0757419705107,35.34909048008607,24.244918024750399,595.2330957294537,703.3416141058225,13296.621353376235,0.0,0.0,194.64441143569253,233.47095055665316,2482.8114010885508,918.0335541654105,21.481085524853403,37.44708855762054,21.5,30.0,0.0,20.607052917403086,39.51156126658903,16.0,30.0,2385.5972140472415,21.792576977434046,36.72621426544108,21.75,30.0,0.0,20.96184197160261,38.647353849726027,16.0,30.0,0.0,14.945057321803433,56.58190518338111,12.0,30.0,0.0,17.936354016899086,46.746300020711299,16.0,30.0,0.0,17.636467578581514,47.61244773924204,10.0,30.0,0.0,16.101040782458996,52.524729112825379,16.0,30.0,0.0,16.090003674630169,52.54516059300276,12.0,30.0,0.0,19.945458783905676,0.0,0.0,0.0,15.636055337921422,0.0,0.0,556.3584444179141,560.1384249712074,553.810489455239,556.3464447173932,595.4954127977712,586.3530087806421,578.3404495787828,589.2166812599041,584.6674591683692,9355.379495196255,81.81898622865818,81.81898622865818,60.0,0.0,60.0,60.0,16.0,16.0,16.0,12.0,16.0,12.0,21.0,10.0,1.0,0.0,918.0335541654105,0.0,2385.5972140472415,0.0,0.0,0.0,0.0,0.0,0.0,0.0,0.0,81.81898622865818,81.81898622865818,0.34,0.7710300860763639,0.36028137401965956,81.81898622865818,0.3542647819438875,0.0,0.0008533333333333332 
 02/19  12:00:00,9.47,80.0,4.63,128.0,189.5,0.0,0.0,0.0,0.0,0.0,0.0,0.0,0.0,0.0,0.0,351.0,0.0,784.5389441130856,50.78699582914083,130.14033415230512,23.524208819748745,626.1342428377332,0.0,50.7869958291408,69.42967370203032,0.0,0.0,20.91276125899933,-1165.6876987968374,20.484865779092077,309.13328767902837,20.992178208072713,-1160.3236788924906,20.17027174010675,254.36913672733369,14.85487462127451,47.753043636521159,18.120782618360427,-37.97461623091214,17.255867157581795,159.56458799692289,15.976657932596435,-16.048701188244853,16.295455792881456,-77.59899103315976,915.3517613615896,785.6921558597293,0.0,0.0,0.0,0.0,0.0,0.0,0.0,0.0,0.0,0.0,0.0,0.0,0.0,0.0,0.0,0.0,0.0,0.0,0.0,0.0,0.0,0.0,1.0585434920762258,0.3231207240769923,431.65902309086729,507.02123741529,10491.637830317371,0.260644353821462,0.03978088428288496,276.7042590525329,325.9875385774743,6262.469650495057,0.9506789771451871,0.1796445535043818,445.69199288111465,523.4679786777176,10744.333591724042,0.2463855425264729,0.04655811461195635,255.37003591376374,300.6396302275351,5800.831690521225,0.0,0.0,11.060914273403104,13.292928111943061,124.30512313014092,0.0,0.0,39.05931161536808,46.463944687865708,669.5917647926065,0.0,0.0,284.6945536164371,338.8931484262732,4746.547043884355,0.0,0.0,29.4435698418714,35.25626076349974,390.53649781388727,0.0,0.0,177.0132496479058,211.88948365083653,2386.024841383249,35.0300464565101,24.026094963312855,603.0505740743349,712.308712369525,13387.799092151869,0.0,0.0,203.85268263489133,244.27514285478356,2629.8898541308165,1591.3836824481937,21.755125256288,36.80888495034302,22.000000000000019,30.00000000000002,0.0,20.847823017120388,38.91803102551189,16.000000000000015,30.00000000000002,1805.4954583624604,21.594749338846915,37.192097611275887,21.666666666666687,30.00000000000002,0.0,20.841234152462215,38.933845936202207,16.000000000000015,30.00000000000002,0.0,14.991178939278296,56.39392328720652,12.00000000000001,30.00000000000002,0.0,17.992608264897453,46.564453291320408,16.000000000000015,30.00000000000002,0.0,17.749677528422234,47.259187443309119,10.000000000000007,30.00000000000002,2.8206852740516257,16.01387634376805,52.79674204750452,16.000000000000015,30.00000000000002,0.0,16.122173265703468,52.42179100526199,12.00000000000001,30.00000000000002,0.0,20.00409982015922,0.0,0.0,0.0,15.815181277373654,0.0,0.0,553.4037249643131,555.5620938416352,551.9143178214724,554.9499675025692,588.0123713418253,579.9465697805114,573.0203641074822,582.197093708398,579.1265821256294,9598.21478639949,81.65835872159967,83.98150383130357,60.00000000000004,0.0,60.00000000000004,60.00000000000004,16.0,16.0,16.0,12.0,16.0,12.0,21.0,10.0,1.0,0.0,1591.3836824481937,0.0,1805.4954583624604,0.0,0.0,0.0,2.8206852740516257,0.0,3515.798925811986,2109479.35548719,2739023.2555217004,81.65835872159967,84.02095854757883,0.34385996419373307,0.7709470404858894,0.3602813740196598,84.02095854757883,0.3542647819438878,2739023.2555217004,0.1432758759537951 
 02/19  12:10:00,9.636666666666667,78.66666666666667,4.54,128.0,233.66666666666669,0.0,0.0,0.0,0.0,0.0,0.0,0.0,0.0,0.0,0.0,468.0,0.0,908.51322782684,52.09930865509799,133.50320210940849,27.241532962885793,725.0769670127968,0.0,52.099308655097967,71.22370482778783,0.0,0.0,20.812226500578459,-702.869322950266,20.600650776477978,167.13866376195564,21.06532784155711,-1291.9723933651947,20.14876978275869,300.85090454564877,14.89771748021218,45.75423315245219,18.238514855391867,-47.37839043261545,17.24479829169468,156.38538007715989,16.740589735664544,-41.68742676380178,16.327056259115098,-56.497002988756097,812.8031307072342,712.0535521064526,0.0,0.0,0.0,0.0,0.0,0.0,0.0,0.0,0.0,0.0,0.0,0.0,0.0,0.0,0.0,0.0,0.0,0.0,0.0,0.0,0.0,0.0,1.0257102894505262,0.31309837895315209,281.17141658527876,330.69443838260659,6592.435807437462,0.23376297291477783,0.03567810941922739,194.3159298652632,228.92413379989206,4349.744170860758,0.8841641572844461,0.1670756155110443,340.10834258566038,399.57055149879377,8082.576184660931,0.23639370396869043,0.044670012087809959,259.00267731216709,305.1498555803239,5758.446253297989,0.0,0.0,10.684937740566295,12.843288556452365,117.49468741045885,0.0,0.0,42.57827632560402,50.63291504649979,723.0553542269731,0.0,0.0,275.5932845592416,328.23267820309129,4482.188251638431,0.0,0.0,20.180704973108779,24.097847240880758,306.20795384319367,0.0,0.0,179.34592257390819,214.71951196937173,2377.3119234779039,34.491306551749328,23.656588855795158,450.7951227091794,532.818397244391,9915.315210525825,0.0,0.0,193.6380408151872,232.08450134671734,2464.9566496115596,988.0247642085229,21.39835629561022,37.59961461045806,21.5,30.0,0.0,20.86898716309723,38.849857719864029,16.0,30.0,1656.5829353280133,21.62361308004313,37.070603277262,21.5,30.0,0.0,20.78871572346239,39.03301727339263,16.0,30.0,0.0,15.04015400992016,56.19102144363019,12.0,30.0,0.0,18.079257444958317,46.290415334559558,16.0,30.0,0.0,17.712292800215495,47.347286446115578,10.0,30.0,807.3963413724916,17.256927811523597,48.779889619338749,16.75,30.0,0.0,16.18042524931749,52.20196128012886,12.0,30.0,0.0,19.784633376325745,0.0,0.0,0.0,15.898968297360265,0.0,0.0,547.4821096184253,552.4088187769037,543.9964160757321,550.0168300693944,581.9261734327316,574.5105780284949,567.7409836396267,577.1625689879077,573.2484637352083,9092.132718231518,81.99297477665442,83.84878717274651,60.0,0.0,60.0,60.0,16.0,16.0,16.0,12.0,16.0,12.0,21.0,10.0,1.0,0.0,988.0247642085229,0.0,1656.5829353280133,0.0,0.0,0.0,807.3963413724916,0.0,2808.362286288521,1685017.3717731126,2187701.9384387268,81.99297477665442,83.8803050281065,0.34861207620961739,0.7679541426155881,0.36028137401965956,83.8803050281065,0.3542647819438875,2187701.9384387268,0.11460050079881379 
 02/19  12:20:00,9.803333333333335,77.33333333333334,4.45,128.0,277.83333333333339,0.0,0.0,0.0,0.0,0.0,0.0,0.0,0.0,0.0,0.0,468.0,0.0,1038.0801445256805,53.40218319129805,136.84188371965193,31.126549077268206,828.4831075354755,0.0,53.40218319129802,73.00483309588575,0.0,0.0,20.995061448062225,-1575.100833346391,20.784762664897767,292.72645934533969,20.798986056112719,-219.98227310976336,20.113751443792937,175.22920423255153,14.947580671004637,49.87699090689506,18.380589920989047,-43.097099998994,17.333101559604417,215.17955264716103,16.66885301258231,-33.40540059828214,16.36380081882804,-26.838961891812688,858.2649853271332,733.8929295769794,0.0,0.0,0.0,0.0,0.0,0.0,0.0,0.0,0.0,0.0,0.0,0.0,0.0,0.0,0.0,0.0,0.0,0.0,0.0,0.0,0.0,0.0,0.9845775237487964,0.3005425896669098,461.7616050141172,542.4312314839524,10952.234854744389,0.2236303700464483,0.03413161935995854,239.24521093453584,281.72081208810098,5341.948589434846,1.047185010781269,0.1978807654537546,284.4064012770825,334.64938204695508,6530.384333996212,0.25585111998143747,0.04834677248326481,212.73995098743849,250.5791129086802,4620.778632734457,0.0,0.0,11.047687995417697,13.275809201693978,119.05935134784346,0.0,0.0,41.72196673550329,49.60218628502155,703.6266223869451,0.0,0.0,282.45241298334755,336.1853823574236,4588.21864485244,0.0,0.0,15.871368205673554,18.937076712366929,235.4961172371215,0.0,0.0,188.34209918372935,225.4371143085936,2456.6283734124265,34.2105941368224,23.46405633526914,502.3197763186442,593.5095461454067,10953.512499693476,0.0,0.0,199.9580156195946,239.47908241752874,2547.4179965017285,1817.0806566363568,21.76323091367123,36.70029159005167,22.0,30.0,0.0,21.034889756151384,38.39588958980373,16.0,30.0,0.0,21.330747641847315,37.69149296076853,21.0,30.0,0.0,20.696716046332666,39.201892842805509,16.0,30.0,0.0,15.100060666170814,55.93752874317312,12.0,30.0,0.0,18.193016267911298,45.92174127030199,16.0,30.0,0.0,17.875353632775004,46.80855400251909,10.0,30.0,0.0,17.15465979681907,49.05479644079779,16.0,30.0,0.0,16.244285721493847,51.93723814676591,12.0,30.0,0.0,20.053422415585236,0.0,0.0,0.0,16.07577313275082,0.0,0.0,539.656945769379,543.0297802166983,539.3531660937442,542.3591248248542,574.1966371868621,565.7757913408417,557.5496406941879,570.964562083296,562.9235062010798,9593.72551052157,81.66132076755062,83.45522763103065,60.0,0.0,60.0,60.0,16.0,16.0,16.0,12.0,16.0,12.0,21.0,10.0,1.0,0.0,1817.0806566363568,0.0,0.0,0.0,0.0,0.0,0.0,0.0,2714.7795795274817,1628867.7477164888,2107893.356173366,81.66132076755062,83.48569412493461,0.34549265265091608,0.7675702706446773,0.36028137401965956,83.48569412493461,0.3542647819438875,2107893.356173366,0.11044378785434837 
 02/19  12:30:00,9.97,76.0,4.359999999999999,128.0,322.0,0.0,0.0,0.0,0.0,0.0,0.0,0.0,0.0,0.0,0.0,234.0,0.0,1246.4284012509757,55.92767546360595,143.3134521664149,37.373781853855877,994.763758020367,0.0,55.92767546360593,76.45737250170599,0.0,0.0,20.987290585294319,-1564.37997306525,20.995050364232556,132.61184975192828,20.828981780000558,-172.49567088551704,20.02291659007288,177.05766974772997,15.01219925314878,47.57253140622143,18.58155627283884,-58.132720085712097,17.367464737610584,177.11147429203994,16.395309515090575,-19.98066986787444,16.40822875603355,-20.642236007717658,796.8815667463696,684.8426820834352,0.0,0.0,0.0,0.0,0.0,0.0,0.0,0.0,0.0,0.0,0.0,0.0,0.0,0.0,0.0,0.0,0.0,0.0,0.0,0.0,0.0,0.0,0.9569858350834242,0.2921202182794335,436.88757469632437,512.6505750932907,10155.968902992838,0.20009494206599494,0.030539521072343549,194.14856390524609,228.31998292609479,4316.843029526438,1.0411730815002305,0.19674472439535735,233.18299441603825,273.90368547363848,5328.490820415831,0.2544093036312084,0.048074320414060529,239.75495343280984,282.50338555336,5046.666181619281,0.0,0.0,10.800395139722259,12.95881307266109,114.42467270054915,0.0,0.0,44.22244035441236,52.47486177361753,745.3339135639908,0.0,0.0,283.8498202574898,337.3654322514997,4535.241637502622,0.0,0.0,19.542045285974063,23.316866863548279,264.7481827345278,0.0,0.0,183.5523263380593,219.3718461161493,2358.2304509003849,33.64410486311154,23.075517738759634,433.8440911457336,512.2863168574512,9270.849138965594,0.0,0.0,199.43372707626788,238.43823646310848,2521.477598039243,1845.5729863221469,21.67266020063771,36.87258772050322,22.0,30.0,0.0,21.156791249512975,38.08283701478481,16.0,30.0,956.8718250868681,21.491786940205964,37.31915258177359,21.5,30.0,0.0,20.52818867756767,39.58865136209104,16.0,30.0,0.0,15.177590835649948,55.619078650006368,12.0,30.0,0.0,18.357145259439095,45.41723303903146,16.0,30.0,0.0,17.908936716953776,46.686805387834159,10.0,30.0,0.0,16.682437130017239,50.50898895404971,16.0,30.0,0.0,16.314784158748325,51.67806255021248,12.0,30.0,0.0,19.91242508151216,0.0,0.0,0.0,16.19724734042301,0.0,0.0,536.4361761255825,539.7343915767195,537.8730448159988,539.9339676278643,566.8424004973531,559.3459082467491,554.4151550463997,564.1139229239332,558.9771619508867,8558.60659070185,82.34565722958948,82.34565722958949,60.0,0.0,60.0,60.0,16.0,16.0,16.0,12.0,16.0,12.0,21.0,10.0,1.0,0.0,1845.5729863221469,0.0,956.8718250868681,0.0,0.0,0.0,0.0,0.0,0.0,0.0,0.0,82.34565722958948,82.34565722958948,0.34,0.7693367539443077,0.36028137401965956,82.34565722958948,0.3542647819438875,0.0,0.0008266666666666667 
 02/19  12:40:00,10.136666666666667,74.66666666666667,4.27,128.33333333333335,305.33333333333339,0.0,0.0,0.0,0.0,0.0,0.0,0.0,0.0,0.0,0.0,351.0,0.0,1231.5976080307697,55.52021903227174,142.26931434003144,36.929080475858807,982.9273809554443,0.0,55.52021903227171,75.900348668863,0.0,0.0,21.05273659380879,-1518.5631877732438,21.10153041246904,113.28276439137525,20.789183875842125,-297.74120092989349,20.032920757822148,319.60732677119656,15.05925270875629,47.404637672020957,18.708407575563969,-71.19192680797981,17.396855722771315,191.72184384466727,16.244053394990418,-8.471060288065555,16.453048900525915,6.3349121745426049,785.8089313079745,652.9328830299727,0.0,0.0,0.0,0.0,0.0,0.0,0.0,0.0,0.0,0.0,0.0,0.0,0.0,0.0,0.0,0.0,0.0,0.0,0.0,0.0,0.0,0.0,0.944756224495752,0.2883871259144545,394.52362629111749,463.08751025501229,9095.202917837478,0.1968100361451948,0.03003816180482219,185.68747771919656,218.443793411277,4088.0614201233545,0.9839052427417454,0.1859231373283724,278.984108371295,328.24820842189106,6141.465841206483,0.269252471681669,0.05087915186728442,293.55343792346039,346.1055796864396,6098.874280792659,0.0,0.0,10.686411963287564,12.828831580115397,110.78766760104824,0.0,0.0,49.48535859365288,58.741352878391797,829.2426866700566,0.0,0.0,289.8774276326241,344.7426794842115,4556.107327418535,0.0,0.0,25.530626559425174,30.51547030676908,325.737630619929,0.0,0.0,176.6205336941025,211.18981831363034,2234.447600931269,33.29363498625122,22.835140594136669,471.1563931959259,556.6557018429869,9872.544919802673,0.0,0.0,199.68945863521339,238.82485083397874,2504.1023832399766,1814.4304707945317,21.75091836291504,36.65551423535084,22.000000000000019,30.00000000000002,0.0,21.218579239797547,37.89843007200564,16.000000000000015,30.00000000000002,0.0,21.17348971097582,37.98332484082427,21.000000000000015,30.00000000000002,0.0,20.569768518003948,39.44482032422121,16.000000000000015,30.00000000000002,0.0,15.23387036374784,55.386807090205,12.00000000000001,30.00000000000002,0.0,18.481361450610547,45.037463361810868,16.000000000000015,30.00000000000002,0.0,17.948295661449217,46.53554883554132,10.000000000000007,30.00000000000002,0.0,16.444562197502476,51.24433392991022,16.000000000000015,30.00000000000002,0.0,16.386711478070269,51.41173284826914,12.00000000000001,30.00000000000002,0.0,19.95747155552024,0.0,0.0,0.0,16.31656015119234,0.0,0.0,533.4151289065978,536.2652016483127,533.9750870163091,536.2946282520337,561.991574089817,555.1526468521822,550.2477929540423,558.5986340955333,555.0126187705278,9031.71935870186,82.03297008521938,84.28754337628432,60.00000000000004,0.0,60.00000000000004,60.00000000000004,16.0,16.0,16.0,12.0,16.0,12.0,21.0,10.0,1.0,0.0,1814.4304707945317,0.0,0.0,0.0,0.0,0.0,0.0,0.0,3412.1257562875528,2047275.4537725303,2659199.5311405539,82.03297008521938,84.32583351543627,0.3404041918762519,0.76459516771044,0.3602813740196598,84.32583351543627,0.3542647819438878,2659199.5311405539,0.13909837561930878 
 02/19  12:50:00,10.303333333333335,73.33333333333333,4.18,128.66666666666667,288.6666666666667,0.0,0.0,0.0,0.0,0.0,0.0,0.0,0.0,0.0,0.0,117.0,0.0,1136.3139430858656,53.83640339797363,137.95457594720987,34.07204181650027,906.8824562554828,0.0,53.836403397973608,73.59844503870942,0.0,0.0,20.950038795438219,-1563.2350157842594,21.170663440356419,70.99897538544338,20.463336357978819,152.75099121662789,19.963665960369576,192.25975389996166,15.101868754947493,46.57691060162972,18.804565746035317,-83.1751831988513,17.435691559139558,186.41360308691766,16.118542417838595,5.187831519444217,16.50537730587946,1.6597692989980715,737.4469944411867,620.081507159558,0.0,0.0,0.0,0.0,0.0,0.0,0.0,0.0,0.0,0.0,0.0,0.0,0.0,0.0,0.0,0.0,0.0,0.0,0.0,0.0,0.0,0.0,0.8904990696889434,0.27182511284766289,440.29355966031155,515.6549483041903,9800.344733680713,0.17343860012611735,0.026471092815341478,158.29433210145033,185.52802333084629,3451.8051889173518,1.0623529441803077,0.20074696602046639,231.29942433269563,271.34594261152008,4939.928785849518,0.26083363978135906,0.04928829171983352,247.12750475494557,290.49863096457656,4977.923191298623,0.0,0.0,10.579746584595844,12.656816277228633,107.3310498608143,0.0,0.0,51.4854465160404,60.8923101845594,858.9902946835001,0.0,0.0,291.65993867645866,345.677337598256,4517.35662608999,0.0,0.0,28.87585261297672,34.43065838923136,347.8386646507574,0.0,0.0,173.39478921193666,206.59239589824598,2164.805570288693,32.752876738015107,22.464250163247678,396.7708408767789,467.27415058710258,8188.734069397182,0.0,0.0,199.23377391741458,237.4131886123415,2476.4495604764986,1773.5174444897844,21.50157389356179,37.15629819531059,22.0,30.0,0.0,21.27561467956928,37.7273998818689,16.0,30.0,88.02285206828654,21.00228289076768,38.354380682563,21.0,30.0,0.0,20.40910146552053,39.80522528874036,16.0,30.0,0.0,15.28968886930612,55.1408943878881,12.0,30.0,0.0,18.612478123681134,44.62841621376054,16.0,30.0,0.0,17.99920039621821,46.35401927639264,10.0,30.0,0.0,16.24785108672678,51.84076229531477,16.0,30.0,0.0,16.469936088838936,51.10097669005761,12.0,30.0,0.0,19.870170914877499,0.0,0.0,0.0,16.42855320430016,0.0,0.0,527.7071426635665,533.3690830219786,532.2070143344529,534.6749748849817,555.7251415881345,549.9717692645179,546.801697490156,552.1090702860726,550.6332453428671,4220.103071038442,85.21323835508434,85.21323835508434,60.0,0.0,60.0,60.0,16.0,16.0,16.0,12.0,16.0,12.0,21.0,10.0,1.0,0.0,1773.5174444897844,0.0,88.02285206828654,0.0,0.0,0.0,0.0,0.0,0.0,0.0,0.0,85.21323835508434,85.21323835508434,0.34,0.7709930208789376,0.36028137401965956,85.21323835508434,0.3542647819438875,0.0,0.0008400000000000001 
 02/19  13:00:00,10.47,72.0,4.09,129.0,272.0,0.0,0.0,0.0,0.0,0.0,0.0,0.0,0.0,0.0,0.0,468.0,0.0,1113.1040750469875,53.39092708112738,136.8130109112792,33.37609779497875,888.3588271070155,0.0,53.39092708112736,72.98944513990323,0.0,0.0,21.07348673040252,-999.6319026808392,21.237637433030256,121.94408216507532,21.031875209915499,-1192.7678724890903,20.1305149165837,539.0460839103444,15.12958339576755,47.65106839482752,18.86412184761931,-86.83263586600617,17.463149016461835,208.8112682755509,16.072996151461625,18.64722635378905,16.540181592711094,34.547425928092028,763.2764206121483,595.3205172308017,0.0,0.0,0.0,0.0,0.0,0.0,0.0,0.0,0.0,0.0,0.0,0.0,0.0,0.0,0.0,0.0,0.0,0.0,0.0,0.0,0.0,0.0,0.9204442428043494,0.2809658860819138,356.2560283525433,418.37413994109786,7904.996079206065,0.20188498354935897,0.03081272642694734,187.96484202402488,220.89027018749213,4057.0878199258679,0.8874823388034336,0.16770263393866856,364.9673198233328,428.62612790640449,8219.641421603466,0.27466189423424106,0.05190134055824659,327.64732825519419,386.09965086262118,6717.126924489673,0.0,0.0,10.571475918888469,12.690143755873923,104.11474561262446,0.0,0.0,54.28174535384443,64.4152402814754,892.3097068080308,0.0,0.0,292.56634345843386,347.9358799485737,4450.467792222026,0.0,0.0,31.75383026890278,38.00016547681605,368.6314306463575,0.0,0.0,170.1810735038983,203.44882479597983,2082.975568109854,32.60209295678891,22.360831931953994,504.8457942600089,596.0962656646028,10295.95393201859,0.0,0.0,197.3419650658679,235.91611685122306,2421.5004378140995,1163.6409546526703,21.69888007312752,36.68603260360106,21.75,30.0,0.0,21.32639837084602,37.55856407982274,16.0,30.0,1762.7569140624124,21.76796404898348,36.529780209066348,21.5,30.0,0.0,20.755343688845686,38.885819883365019,16.0,30.0,0.0,15.313194264143789,55.02894016381042,12.0,30.0,0.0,18.662722419396816,44.4569056114051,16.0,30.0,0.0,18.033180624093356,46.20238791663908,10.0,30.0,0.0,16.200987014929607,51.96315688022412,16.0,30.0,0.0,16.519880400350208,50.89678620306991,12.0,30.0,0.0,20.045645522251499,0.0,0.0,0.0,16.5217797490659,0.0,0.0,527.5504015847349,530.1864065218809,527.1839873403844,528.9591589536927,552.8687761442013,546.7825033444124,542.3323003533529,549.0448245363534,546.8487207938151,7163.64966333397,81.46749114275902,81.46749114275902,60.0,0.0,60.0,60.0,16.0,16.0,16.0,12.0,16.0,12.0,21.0,10.0,1.0,0.0,1163.6409546526703,0.0,1762.7569140624124,0.0,0.0,0.0,0.0,0.0,0.0,0.0,0.0,81.46749114275902,81.46749114275902,0.255,0.5767766187304574,0.27021103051474468,81.46749114275902,0.2656985864579156,0.0,0.00086 
 02/19  13:10:00,10.483333333333335,71.5,4.083333333333333,129.33333333333332,255.33333333333335,0.0,0.0,0.0,0.0,0.0,0.0,0.0,0.0,0.0,0.0,236.0,0.0,1086.8862056790509,52.935580533090149,135.6461528930616,32.58996028060375,867.4345437549416,0.0,52.93558053309012,72.36695188674979,0.0,0.0,20.806036515594366,-425.02093644338768,21.238827145281556,-203.72341209614707,20.778980268230727,-566.4945976431372,20.173421284906384,137.6563763833626,15.162666252361435,44.303147788687599,18.930760109979845,-90.00111590029155,17.43892185331694,125.81104644139123,16.03039911087904,27.422144884390606,16.58833314300439,33.46649994132258,713.0528000223885,567.9395841832238,0.0,0.0,0.0,0.0,0.0,0.0,0.0,0.0,0.0,0.0,0.0,0.0,0.0,0.0,0.0,0.0,0.0,0.0,0.0,0.0,0.0,0.0,0.9319592765398607,0.28448085364464617,259.11282120061738,304.2560470681962,5642.587160260118,0.1575280094604483,0.02404273648663741,210.66521005135776,247.45547912543803,4493.082052879949,0.9211617237759077,0.17406684122749584,284.419391047517,334.443642643253,6077.086263266969,0.22319138904480685,0.04217524358367475,214.2941587591929,252.4368855447957,4415.3269137700849,0.0,0.0,9.950501908560032,11.9308042776839,98.42521447753666,0.0,0.0,53.3890591311568,63.26460420272319,884.3213666531831,0.0,0.0,286.7661781856929,340.729716080995,4313.025899976912,0.0,0.0,32.39945584267641,38.734271106731828,372.0352641911976,0.0,0.0,168.12242205463208,200.69927289352428,2077.028946057272,32.35547530433338,22.19168402217654,396.2548393199079,467.8428177462996,8118.947829913581,0.0,0.0,195.82699128217417,233.75229552470575,2433.558614465,905.961797533223,21.43103568373475,37.29570807692902,21.5,30.0,0.0,21.241062015086045,37.68464242645513,16.0,30.0,1256.7232125446115,21.402022760266435,37.341384067247407,21.5,30.0,0.0,20.744736646988959,38.862635283217837,16.0,30.0,0.0,15.348033706792162,54.859923496121378,12.0,30.0,0.0,18.73984026049319,44.20395196934043,16.0,30.0,0.0,17.9566211025109,46.398575410582669,10.0,30.0,0.0,16.149552821957039,52.08670815552525,16.0,30.0,0.0,16.59074556471607,50.62962908499782,12.0,30.0,0.0,19.937246496492688,0.0,0.0,0.0,16.613892486266836,0.0,0.0,527.8510889282211,525.9634358858326,525.7282099065344,526.6263535099604,548.3673543292497,543.0215749506921,540.4027636308995,544.8034867751708,543.6187311122568,6952.3404692192839,83.40736496622844,83.40736496622844,60.0,0.0,60.0,60.0,16.0,16.0,16.0,12.0,16.0,12.0,21.0,10.0,1.0,0.0,905.961797533223,0.0,1256.7232125446115,0.0,0.0,0.0,0.0,0.0,0.0,0.0,0.0,83.40736496622844,83.40736496622844,0.34,0.7673906326055928,0.36028137401965956,83.40736496622844,0.3542647819438875,0.0,0.00088 
 02/19  13:20:00,10.496666666666668,71.0,4.076666666666667,129.66666666666669,238.66666666666667,0.0,0.0,0.0,0.0,0.0,0.0,0.0,0.0,0.0,0.0,236.0,0.0,1057.9652906099969,52.47305790216658,134.46090591351817,31.722773268434695,844.3529885689206,0.0,52.47305790216655,71.7346483842378,0.0,0.0,20.50613168693185,-313.6120114659534,21.21122521226873,-2.4509651767862126,20.526044121838419,-436.942510205336,20.1616409801508,328.5066777125094,15.191934148602849,46.905553052927619,18.986951892592928,-86.4941522977532,17.448939696450965,183.0325497047006,16.007830650397425,37.30550887920299,16.629663790371798,46.66757304110979,761.1346572749817,569.7728353614116,0.0,0.0,0.0,0.0,0.0,0.0,0.0,0.0,0.0,0.0,0.0,0.0,0.0,0.0,0.0,0.0,0.0,0.0,0.0,0.0,0.0,0.0,0.9644715000784112,0.2944052198041548,263.93036716416409,310.46820750551947,5512.444890254171,0.18754979082043334,0.028624815448784085,191.9801113216103,225.6555952883611,4085.3999168359898,0.8980222186914828,0.16969429680489099,246.7304880384661,290.23051672288866,5188.637218711301,0.2284310568428931,0.043165354656631339,234.35577004503049,275.98834924538638,4798.313532844218,0.0,0.0,10.165005941711597,12.186646497036194,100.87148488118514,0.0,0.0,53.1993458613472,63.015830981457387,886.7414464717238,0.0,0.0,289.14991342875029,343.53160855324168,4356.934488324532,0.0,0.0,34.4574069229667,41.20103053512362,393.40916304070665,0.0,0.0,168.64392493293082,201.289141129544,2098.15905446272,32.56334506552304,22.334255874844346,412.885008221872,487.1134873787891,8604.86539759582,0.0,0.0,197.77982623522235,235.99958958157829,2497.7839461128899,268.1845094313504,20.974691501956195,38.20263368330487,21.0,30.0,0.0,21.198067872109797,37.68301971277228,16.0,30.0,160.70368671123104,21.031578760748237,38.070764465842589,21.0,30.0,0.0,20.75322402524855,38.690747796059259,16.0,30.0,0.0,15.37779253271162,54.704862822692437,12.0,30.0,0.0,18.806863681770495,43.96411405038699,16.0,30.0,0.0,17.984630033154916,46.22444783190185,10.0,30.0,0.0,16.130286724864175,52.09517507133455,16.0,30.0,0.0,16.64932241616286,50.38134740341123,12.0,30.0,0.0,20.12677948511942,0.0,0.0,0.0,16.728266560421348,0.0,0.0,521.1383017655569,520.9507754027334,521.3326816924234,518.437024770694,544.3888866174061,538.7427676069121,534.6033875894498,540.6847617337774,539.2345401265229,8280.842095626012,82.52935623364474,82.52935623364474,60.0,0.0,60.0,60.0,16.0,16.0,16.0,12.0,16.0,12.0,21.0,10.0,1.0,0.0,268.1845094313504,0.0,160.70368671123104,0.0,0.0,0.0,0.0,0.0,0.0,0.0,0.0,82.52935623364474,82.52935623364474,0.34,0.7699780513111687,0.36028137401965956,82.52935623364474,0.3542647819438875,0.0,0.0008633333333333333 
 02/19  13:30:00,10.510000000000002,70.5,4.07,130.0,222.0,0.0,0.0,0.0,0.0,0.0,0.0,0.0,0.0,0.0,0.0,472.0,0.0,1026.6560257146248,52.00571665978342,133.26331127667354,30.783972809503675,819.3653174994101,0.0,52.00571665978339,71.0957574745387,0.0,0.0,21.007667336347418,-907.8252824392098,21.232990471441178,131.00540784872033,21.032688218252888,-1109.764633859829,20.21348593187782,435.77873893113886,15.216310192722656,46.449033742427037,19.01574498455495,-109.56644253507983,17.494896920787729,253.12029296837864,15.994740959113923,38.67689915314304,16.66536729022171,34.756114923452518,753.0322502161466,500.43306619459306,0.0,0.0,0.0,0.0,0.0,0.0,0.0,0.0,0.0,0.0,0.0,0.0,0.0,0.0,0.0,0.0,0.0,0.0,0.0,0.0,0.0,0.0,0.9404333252073631,0.28706755958710719,340.8710090924316,400.09835722952098,7553.215255769993,0.21401179937452617,0.0326635835431206,233.74374780720053,274.89655683422566,4972.3258053445019,0.8710033667557295,0.16458869364242818,324.9436956970428,381.5816970905927,7264.036587917555,0.25383661106773688,0.04796610186465171,291.98754099182056,343.86403099908969,6012.170363609933,0.0,0.0,10.4587233654271,12.550009773470802,103.92083133526919,0.0,0.0,59.15840150928497,70.16407133946466,986.5666876893918,0.0,0.0,285.3935647726537,339.33191719610456,4339.85928600373,0.0,0.0,34.06235746569499,40.77098329035156,387.40151969593469,0.0,0.0,157.4090137940696,188.04423550948767,1967.9997172736374,32.600389657479457,22.35966368825752,502.6279321717554,593.227477373072,10281.834822921901,0.0,0.0,185.39564532865288,221.47581417135627,2323.79636646594,1276.5633670454714,21.721552349175555,36.42222940765828,21.75,30.0,0.0,21.20634966993526,37.60547256416153,16.0,30.0,1706.4866321379005,21.746227356901764,36.321399784426137,21.5,30.0,0.0,20.828683405078324,38.45056532503203,16.0,30.0,0.0,15.398209843117419,54.57658901296094,12.0,30.0,0.0,18.82751612715118,43.846302989498088,16.0,30.0,0.0,18.070387128154107,45.91642770918459,10.0,30.0,0.0,16.122769622983154,52.05821739364207,16.0,30.0,0.0,16.694128733426525,50.16827175387559,12.0,30.0,0.0,20.08638833474675,0.0,0.0,0.0,16.695054426614818,0.0,0.0,517.5948513446666,518.77255771416,514.9598708278884,516.7039533101699,540.7712186580441,534.8555682100104,531.3199588588286,537.03625271976,535.330551144432,7625.337352657396,81.8291286205156,85.49118102868701,60.0,0.0,60.0,60.0,16.0,16.0,16.0,12.0,16.0,12.0,21.0,10.0,1.0,0.0,1276.5633670454714,0.0,1706.4866321379005,0.0,0.0,0.0,0.0,0.0,5541.787181680644,3325072.309008386,4338323.450658327,81.8291286205156,85.55337483575744,0.2697262393893548,0.5742305655908384,0.27021103051474468,85.55337483575744,0.2656985864579156,4338323.450658327,0.22643948610089965 
 02/19  13:40:00,10.523333333333334,70.0,4.0633333333333339,126.16666666666667,206.66666666666667,0.0,0.0,0.0,0.0,0.0,0.0,0.0,0.0,0.0,0.0,238.0,0.0,983.4174437853974,50.26188701801958,128.7947608319894,29.487474241465344,784.8569492411804,0.0,50.26188701801955,68.71181014623224,0.0,0.0,20.71989055211956,-529.0718715739458,21.280066422489904,-191.39493540848162,20.807948311857574,-425.5942578650802,20.216777105493394,127.05543628421151,15.242664892499772,44.055777791356209,19.04366043416038,-97.06462692288369,17.508751270522504,123.46336020408308,15.982239106871714,43.548294760628667,16.69209001179883,40.26605862417637,702.7684303330661,508.20656536639128,0.0,0.0,0.0,0.0,0.0,0.0,0.0,0.0,0.0,0.0,0.0,0.0,0.0,0.0,0.0,0.0,0.0,0.0,0.0,0.0,0.0,0.0,0.9547881380042831,0.29144937057517808,302.4373037108691,355.1276381458103,6530.0988458868609,0.1627665629496305,0.02484227151245887,232.78323392566075,273.4475128130051,4945.492556292091,0.8949649046625778,0.16911657306549095,206.97732363548489,243.51675471939778,4389.042396896773,0.21491078017444505,0.04061050267846655,203.76082744825187,240.01088832068593,4190.294574691158,0.0,0.0,9.83298034103479,11.786490972976932,97.95515635299282,0.0,0.0,55.24874425929807,65.44346694655654,924.1423641106301,0.0,0.0,282.68569929497098,335.76920554690676,4275.287936882134,0.0,0.0,34.54065621416019,41.29815287234238,391.38205784038919,0.0,0.0,161.70011318764774,192.92136004103663,2028.572677377041,32.36416761157571,22.197645824126007,409.30989669023156,483.1961960668073,8350.284281220955,0.0,0.0,190.51727742018017,227.24073358584728,2425.3182627401286,989.7543791352823,21.34246923805806,37.25119187526204,21.5,30.0,0.0,21.236239372809778,37.453279047885207,16.0,30.0,1139.9022820309063,21.436194489917015,36.999704180527889,21.5,30.0,0.0,20.76993077706532,38.53982021508493,16.0,30.0,0.0,15.424431648011194,54.41240429897991,12.0,30.0,0.0,18.86617611028619,43.68439410733163,16.0,30.0,0.0,18.040681503034337,45.954094888350827,10.0,30.0,0.0,16.11409223289006,52.01423113779211,16.0,30.0,0.0,16.72854760953812,49.998487557772687,12.0,30.0,0.0,19.956451263789018,0.0,0.0,0.0,16.80864080519966,0.0,0.0,515.6830307497783,515.2199084648228,513.8228660939708,514.9225833470855,536.6594125862714,531.6325091851275,529.0199380288989,533.3380348761358,532.3481484728295,9904.872012373868,81.45556138272662,85.0276444677655,60.0,0.0,60.0,60.0,16.0,16.0,16.0,12.0,16.0,12.0,21.0,10.0,1.0,0.0,989.7543791352823,0.0,1139.9022820309063,0.0,0.0,0.0,0.0,0.0,5405.778171104853,3243466.902662912,4206868.062178648,81.45556138272662,85.08831029705149,0.3501926057034951,0.7712995337550215,0.36028137401965956,85.08831029705149,0.3542647819438875,4206868.062178648,0.2195871392332897 
 02/19  13:50:00,10.536666666666667,69.5,4.056666666666667,122.33333333333333,191.33333333333335,0.0,0.0,0.0,0.0,0.0,0.0,0.0,0.0,0.0,0.0,238.0,0.0,938.0571501626821,48.51410507527214,124.31608324223716,28.127357324430557,748.65526705649,0.0,48.51410507527212,66.32245972283848,0.0,0.0,20.504348118340205,-176.20611727049983,21.23401310505421,-7.979233396977179,20.506481931759799,-376.78175390615299,20.192137962711564,294.636529250301,15.266286042587528,47.560278707206098,19.069796304549916,-92.24855902986428,17.509846220595088,195.72187354328617,15.97884896341121,52.184762641554019,16.72450577160274,57.953166788838647,648.137593832525,513.7591546912654,0.0,0.0,0.0,0.0,0.0,0.0,0.0,0.0,0.0,0.0,0.0,0.0,0.0,0.0,0.0,0.0,0.0,0.0,0.0,0.0,0.0,0.0,0.9515408562450355,0.2904581368269339,220.19728036684013,259.0458048245882,4610.821548126122,0.1879085730461207,0.028679574640738817,165.80192324381029,194.92272600361873,3511.3376943573305,0.9229944086248225,0.17441315355722276,251.67328629737365,296.29239481070388,5249.561994804012,0.2265944529918464,0.042818301774725318,216.06545368707769,254.46656934647519,4412.8322299264259,0.0,0.0,10.18693328427317,12.20887776264384,101.66563294064633,0.0,0.0,54.38956473062679,64.39703956398548,912.7755291277939,0.0,0.0,285.61033820241166,339.23453580079208,4317.945210736625,0.0,0.0,35.780388881566299,42.78231531186722,404.83204991460027,0.0,0.0,163.2657592913476,194.78414442339906,2057.8986409010178,32.533260134047157,22.313621491116029,311.51412537174419,367.8661638451797,6553.691575464988,0.0,0.0,193.03700299898873,230.20140004456256,2487.0304732438219,105.8005399422908,21.01858331280019,37.82131282011453,21.0,30.0,0.0,21.18398317639123,37.44227763642654,16.0,30.0,109.98325895355714,20.9833348465432,37.895007967301747,21.0,30.0,0.0,20.757780139913597,38.39156998398691,16.0,30.0,0.0,15.447163347326733,54.25422811530198,12.0,30.0,0.0,18.907648214523733,43.48875900432111,16.0,30.0,0.0,18.052921645855343,45.78290387771162,10.0,30.0,0.0,16.119661623897988,51.90374705561191,16.0,30.0,0.0,16.773656753821244,49.757522665922099,12.0,30.0,0.0,19.72598988187552,0.0,0.0,0.0,16.897764519646544,0.0,0.0,510.0479694613491,510.07485935439538,509.79479045241859,507.8986852912831,532.8701758338041,527.471399331709,523.2227476952957,529.2017176450031,527.8518095051986,3098.464403978457,82.18516048138199,82.18516048138199,60.0,0.0,60.0,60.0,16.0,16.0,16.0,12.0,16.0,12.0,21.0,10.0,1.0,0.0,105.8005399422908,0.0,109.98325895355714,0.0,0.0,0.0,0.0,0.0,0.0,0.0,0.0,82.18516048138199,82.18516048138199,0.17,0.3102564194888322,0.18014068700982978,82.18516048138199,0.17713239097194376,0.0,0.0008566666666666667 
 02/19  14:00:00,10.55,69.0,4.05,118.5,176.0,0.0,0.0,0.0,0.0,0.0,0.0,0.0,0.0,0.0,0.0,480.0,0.0,890.8557807238643,46.76507812079953,119.83421615809547,26.712036832213035,710.9842439229094,0.0,46.76507812079951,63.93140727402613,0.0,0.0,20.98438962755435,-906.5799497463254,21.24012564884196,119.91588198548107,21.090161633738626,-1244.9118482656052,20.23882665490191,442.1925798983184,15.286583476598022,47.20460061687987,19.068806699788227,-108.40074534108078,17.56767288177364,248.39076158358558,15.978398909899142,51.36569799443214,16.754798342088649,45.16473286314499,702.0300624440674,465.63292099382786,0.0,0.0,0.0,0.0,0.0,0.0,0.0,0.0,0.0,0.0,0.0,0.0,0.0,0.0,0.0,0.0,0.0,0.0,0.0,0.0,0.0,0.0,0.945637151451799,0.2886560291366908,335.88429987512719,394.2083920814398,7419.753897005317,0.2168128644563896,0.033091096528752989,232.89709998520304,273.8881139908282,4932.113616317032,0.8707863727320446,0.16454768948073407,324.14211196338746,380.6026888876791,7227.95262473023,0.2541374016601236,0.048022940600930378,290.06908403090429,341.5656726888208,5959.773743216271,0.0,0.0,10.439539416718498,12.523746917697629,104.22081284774319,0.0,0.0,59.2061455312453,70.20047492715934,991.3651427612947,0.0,0.0,282.8162431093317,336.1605926808538,4323.269829309645,0.0,0.0,35.3239119947254,42.27932926112463,399.135676254327,0.0,0.0,154.2028909860782,184.13168294270847,1950.711776320741,32.6249758524637,22.376526647780325,485.0413227725044,572.3266771720171,9919.328478241485,0.0,0.0,182.8960324125001,218.36224223974896,2334.185532406007,1303.0251492999328,21.724906940649484,36.11713974967051,21.75,30.0,0.0,21.1953099974668,37.311993921314357,16.0,30.0,1856.3149412879034,21.770748659318966,35.93356003507341,21.5,30.0,0.0,20.84178645798329,38.07903317124399,16.0,30.0,0.0,15.462984855180272,54.11438459000468,12.0,30.0,0.0,18.9040341307643,43.409880831071209,16.0,30.0,0.0,18.153229831490515,45.411171400416758,10.0,30.0,0.0,16.12650141305619,51.792109257943568,16.0,30.0,0.0,16.810522209501828,49.545724737371958,12.0,30.0,0.0,20.002048835823449,0.0,0.0,0.0,16.852430460398673,0.0,0.0,506.2856462607107,506.66086463060238,502.79724010806435,504.5697122054224,529.3392494031023,523.5646006005754,519.9864503609946,525.6892461940349,524.1300011225775,6626.345723842169,82.15603707215395,83.86877397531794,60.0,0.0,60.0,60.0,16.0,16.0,16.0,12.0,16.0,12.0,21.0,10.0,1.0,0.0,1303.0251492999328,0.0,1856.3149412879034,0.0,0.0,0.0,0.0,0.0,2592.064594964022,1555238.7569784134,2030060.3313285725,82.15603707215395,83.89786193382996,0.25640215316546746,0.5745248060992028,0.27021103051474468,83.89786193382996,0.2656985864579156,2030060.3313285725,0.10644647056241911 
 02/19  14:10:00,10.533333333333335,69.16666666666667,3.9883333333333335,114.66666666666666,160.66666666666667,0.0,0.0,0.0,0.0,0.0,0.0,0.0,0.0,0.0,0.0,242.0,0.0,842.098118515057,45.01732758593389,115.35562097406518,25.25005188846362,672.0711626182957,0.0,45.01732758593387,61.54209978758796,0.0,0.0,20.73261661883607,-433.144117121843,21.27982015158095,-175.280565072424,20.810625510708577,-580.711361915427,20.244559793239725,114.83463299817822,15.308838963894655,44.73566593729643,19.071728693165807,-93.24161389427116,17.5795433488981,129.69980432702597,15.976733933689701,54.542531694952348,16.777093905846834,49.47532052590759,711.9127305440106,479.4907156631548,0.0,0.0,0.0,0.0,0.0,0.0,0.0,0.0,0.0,0.0,0.0,0.0,0.0,0.0,0.0,0.0,0.0,0.0,0.0,0.0,0.0,0.0,0.9523351918505235,0.2907006080129803,283.6597070329691,333.1593167769908,6111.645047789489,0.1655462937478113,0.025266528349788054,236.45210305284278,277.75970552089458,5021.937403629093,0.9275193230112278,0.1752682016272162,288.5296715180802,339.18689760792668,6141.91234593566,0.21599784903860387,0.04081592007532195,223.02231080958399,262.5971298646282,4578.198179797393,0.0,0.0,9.813634499318889,11.759778806545665,98.7051787030919,0.0,0.0,54.98591267161599,65.11507368468213,924.1794152533246,0.0,0.0,280.22540538972677,332.7278752311177,4276.080705280388,0.0,0.0,35.716062748351678,42.69769714337238,405.0162600173286,0.0,0.0,158.6091336203658,189.1473384678011,2020.2711845012664,32.25193473597682,22.120668543193987,432.164465375268,510.0060905631191,8816.295523486806,0.0,0.0,188.05707791444403,224.18500726039734,2439.498212951131,925.5142453582757,21.394840980921815,36.817744975087368,21.5,30.0,0.0,21.2379866389523,37.133830740362018,16.0,30.0,1228.565362895994,21.38419935756335,36.770786852524349,21.5,30.0,0.0,20.783426382077005,38.15819787028046,16.0,30.0,0.0,15.483488398297166,53.93404217624184,12.0,30.0,0.0,18.918877537898014,43.28705224846573,16.0,30.0,0.0,18.121605230226537,45.432546384571,10.0,30.0,0.0,16.129493808362495,51.675278256510278,16.0,30.0,0.0,16.837141281963019,49.372596443181738,12.0,30.0,0.0,20.02752317786319,0.0,0.0,0.0,16.942633182242799,0.0,0.0,504.75654402361519,503.94044046400077,501.63639354268187,502.8124783610603,525.2959252255143,520.3184933229143,517.6611885935337,522.009018664151,521.0657214084554,10928.72483003061,80.77839895311186,84.63784263584123,60.0,0.0,60.0,60.0,16.0,16.0,16.0,12.0,16.0,12.0,21.0,10.0,1.0,0.0,925.5142453582757,0.0,1228.565362895994,0.0,0.0,0.0,0.0,0.0,5840.164966169734,3504098.9797018405,4536697.273011755,80.77839895311186,84.70338880204771,0.3646721655389912,0.7725205052835924,0.36028137401965956,84.70338880204771,0.3542647819438875,4536697.273011755,0.2368182581966113 
 02/19  14:20:00,10.516666666666668,69.33333333333334,3.9266666666666669,110.83333333333333,145.33333333333335,0.0,0.0,0.0,0.0,0.0,0.0,0.0,0.0,0.0,0.0,242.0,0.0,724.5786489979901,42.68356461806844,109.37540340199442,21.726280574344665,578.2800479591648,0.0,42.68356461806842,58.351668876850599,0.0,0.0,20.47197871274888,-177.1734422581867,21.20108790738589,-0.2909756630501761,20.542199795145785,-419.9375822078787,20.21743280931922,296.98376110157417,15.323472944074294,47.710718611975838,19.052320780858289,-84.05804976995091,17.57329590599974,185.5673278007307,15.979455062573149,60.170875099560479,16.80286669823842,61.22412900080326,715.3009334830895,490.8959812770895,0.0,0.0,0.0,0.0,0.0,0.0,0.0,0.0,0.0,0.0,0.0,0.0,0.0,0.0,0.0,0.0,0.0,0.0,0.0,0.0,0.0,0.0,0.9632665456191742,0.29403740708766,239.9440902887451,282.27514914351078,5004.687246358207,0.18934256959827373,0.02889843858337511,187.97653576676403,220.94120234035445,3985.661769431471,0.9252690264146946,0.1748429755129809,246.90127375100219,290.5822648376018,5168.527079118928,0.22667387118694866,0.04283330899224274,216.9534120759488,255.46738236815876,4442.351912932375,0.0,0.0,10.088131636777556,12.08707339246724,102.05319194948899,0.0,0.0,52.76761211250084,62.46446375034818,889.832991242503,0.0,0.0,281.5140494168456,334.25590662211826,4300.85661806154,0.0,0.0,36.45489892527674,43.58010539549291,415.2553183160358,0.0,0.0,160.7807217461518,191.72803859250957,2063.435180300232,32.28645931886496,22.144347955325764,365.63727069737248,431.46572379994049,7648.226266740938,0.0,0.0,190.84199732222423,227.46483093300163,2507.731097833777,112.39292282569872,20.973173759851787,37.596842166252148,21.0,30.0,0.0,21.179862694090497,37.13151260759341,16.0,30.0,138.1211667876518,20.998924559333849,37.55162746992933,21.0,30.0,0.0,20.770262006677898,38.021522086062009,16.0,30.0,0.0,15.496135197062764,53.77869867206027,12.0,30.0,0.0,18.930762068525703,43.14685594945084,16.0,30.0,0.0,18.114819126840588,45.284992802543857,10.0,30.0,0.0,16.139001511660366,51.513512028630717,16.0,30.0,0.0,16.870516010396395,49.13306340383102,12.0,30.0,0.0,20.023807010845994,0.0,0.0,0.0,17.009547564294367,0.0,0.0,499.0297916883844,499.29834285299247,499.36184946437438,497.08418530669845,521.594271274487,516.332015253174,512.0509697214743,517.8778458142379,516.6193231927484,3362.5347339590186,81.7243804042242,81.7243804042242,60.0,0.0,60.0,60.0,16.0,16.0,16.0,12.0,16.0,12.0,21.0,10.0,1.0,0.0,112.39292282569872,0.0,138.1211667876518,0.0,0.0,0.0,0.0,0.0,0.0,0.0,0.0,81.7243804042242,81.7243804042242,0.17,0.31074493769641967,0.18014068700982978,81.7243804042242,0.17713239097194376,0.0,0.00093 
 02/19  14:30:00,10.5,69.5,3.865,107.0,130.0,0.0,0.0,0.0,0.0,0.0,0.0,0.0,0.0,0.0,0.0,488.0,0.0,674.0932168779184,40.91024058360247,104.83128093426469,20.212489852760606,537.9880580231594,0.0,40.91024058360245,55.9274004776102,0.0,0.0,20.98640398906649,-886.0216464451569,21.17982977345779,148.41748805192743,21.088538156172914,-1147.0778849393967,20.269142468457305,431.7906503914071,15.337388190949597,47.23020705944913,19.020410745086424,-99.6889271769586,17.617786405362556,247.2624182676841,15.982640973744332,57.40009564704246,16.82617049019101,45.27898399684727,719.8964260399844,441.56672723815429,0.0,0.0,0.0,0.0,0.0,0.0,0.0,0.0,0.0,0.0,0.0,0.0,0.0,0.0,0.0,0.0,0.0,0.0,0.0,0.0,0.0,0.0,0.960329263210955,0.29314080073594486,340.49124235865966,399.5543289576698,7552.658441823029,0.22013905335923557,0.033598756617709949,238.42617202226524,280.36690071268677,5060.75746213633,0.8776826054982381,0.1658508324826603,321.3780308929304,377.2890823317488,7195.824771997104,0.2535831856286787,0.047918213459689839,287.025148270036,337.9035410239565,5932.343188839869,0.0,0.0,10.356108586300599,12.419403924860893,105.23624097234118,0.0,0.0,57.82974509315311,68.55690239678657,973.5173411706882,0.0,0.0,277.9229330035166,330.2337561013529,4298.165336788861,0.0,0.0,35.809289401711669,42.84929780422065,409.5432863964562,0.0,0.0,150.70701329936655,179.86952586225065,1946.5281124715858,32.19890683704403,22.084298242142684,497.1723894041836,586.5708673098047,10203.371814086891,0.0,0.0,179.4659992841533,214.1613604517824,2338.8812356976038,1280.1207807471818,21.723089222109257,35.85499921816024,21.75,30.0,0.0,21.17344404966892,37.0914446743927,16.0,30.0,1752.6278965477027,21.768227882750599,35.695559774144658,21.5,30.0,0.0,20.857093720377514,37.77477050585646,16.0,30.0,0.0,15.503129278844377,53.6427643751333,12.0,30.0,0.0,18.900711193918,43.11826328152401,16.0,30.0,0.0,18.19528888551545,44.97111395808058,10.0,30.0,0.0,16.146350194869077,51.376263197828468,16.0,30.0,0.0,16.895957480768716,48.93661970944087,12.0,30.0,0.0,20.079688318442565,0.0,0.0,0.0,16.939936139002329,0.0,0.0,496.67557116212336,497.3913304051824,494.1163116713048,495.5196824621449,518.1640739463854,512.5068442506305,509.1764678567107,514.4900815846535,513.0182337541296,6649.545119570297,81.87951568832955,81.87951568832955,60.0,0.0,60.0,60.0,16.0,16.0,16.0,12.0,16.0,12.0,21.0,10.0,1.0,0.0,1280.1207807471818,0.0,1752.6278965477027,0.0,0.0,0.0,0.0,0.0,0.0,0.0,0.0,81.87951568832955,81.87951568832955,0.255,0.5767985041188778,0.27021103051474468,81.87951568832955,0.2656985864579156,0.0,0.0009499999999999999 
 02/19  14:40:00,10.483333333333335,69.66666666666667,3.8033333333333334,100.16666666666667,122.66666666666667,0.0,0.0,0.0,0.0,0.0,0.0,0.0,0.0,0.0,0.0,246.0,0.0,635.9098640505708,38.39442011841074,98.38455241973034,19.067570398409324,507.51421999623258,0.0,38.39442011841072,52.48808316538344,0.0,0.0,20.747064489161955,-421.82089961718978,21.203594106340608,-143.83791803665646,20.83313472163261,-550.1315659082939,20.272648858274544,111.86754290508725,15.355158867526983,45.07297145414907,18.99614012740897,-81.41652876113062,17.631907533184049,127.9352033159239,15.98295362662708,59.5364324827583,16.840185763327069,49.30087955743966,698.0599078356345,461.48505573750256,0.0,0.0,0.0,0.0,0.0,0.0,0.0,0.0,0.0,0.0,0.0,0.0,0.0,0.0,0.0,0.0,0.0,0.0,0.0,0.0,0.0,0.0,0.9629724557492002,0.29394763606507948,278.2233831065266,326.7463060957592,6018.841570831919,0.1733404450691079,0.02645611188478448,231.23933240897817,271.6381760544207,4921.594390544197,0.934763918567406,0.1766371728207495,284.1793232602176,334.014759925215,6080.0319302238099,0.21718746263535433,0.04104071478370262,218.1834129076972,256.8455249902643,4506.385314849084,0.0,0.0,9.77434887577689,11.709115965894999,99.9255775621005,0.0,0.0,53.03224540594134,62.798750812831418,892.983245988042,0.0,0.0,275.5731794812362,327.09140860754897,4257.004732232359,0.0,0.0,36.173632800431018,43.23395375384889,415.1578716720548,0.0,0.0,155.7498276967503,185.65544079292574,2021.4913893451367,31.829403223983968,21.83086640876816,422.333566296754,498.32638255385737,8674.542769849668,0.0,0.0,185.27095549991572,220.7673049585054,2447.607569586751,922.0627847282295,21.40972543492734,36.533255404364769,21.5,30.0,0.0,21.20526537134465,36.95249233708244,16.0,30.0,1195.1680029284042,21.397494133377717,36.50449477954189,21.5,30.0,0.0,20.799014880894754,37.86844461377234,16.0,30.0,0.0,15.51690803103985,53.465952092838957,12.0,30.0,0.0,18.885161956532064,43.07413693971691,16.0,30.0,0.0,18.168713602317369,44.98104393531366,10.0,30.0,0.0,16.14905596611114,51.2470381676795,16.0,30.0,0.0,16.910309611956366,48.79701475519708,12.0,30.0,0.0,20.0288477760215,0.0,0.0,0.0,17.014360275748137,0.0,0.0,495.7140355038704,494.8667927521836,493.22825321457176,494.101269598186,514.2951692158042,509.5382177824498,507.1156126004154,510.9948493939079,510.15743932399206,11015.548893862438,80.72098155909883,84.56636160477368,60.0,0.0,60.0,60.0,16.0,16.0,16.0,12.0,16.0,12.0,21.0,10.0,1.0,0.0,922.0627847282295,0.0,1195.1680029284042,0.0,0.0,0.0,0.0,0.0,5818.907472752689,3491344.4836516135,4518641.543460472,80.72098155909883,84.6316689237349,0.36396358242508966,0.7697274476331768,0.36028137401965956,84.6316689237349,0.3542647819438875,4518641.543460472,0.23593936025994453 
 02/19  14:50:00,10.466666666666667,69.83333333333333,3.7416666666666669,93.33333333333334,115.33333333333333,0.0,0.0,0.0,0.0,0.0,0.0,0.0,0.0,0.0,0.0,246.0,0.0,597.0094808431028,35.86046573548791,91.89135752572109,17.901151277529395,476.4681291943783,0.0,35.86046573548789,49.023975412799767,0.0,0.0,20.48645608344058,-179.1329885482969,21.14111472330629,27.342265171536384,20.55964146530264,-412.3940138809867,20.245344994981644,290.5471686270339,15.37285909592753,47.30615484664287,18.981353338441314,-71.44965924829273,17.61986822212476,179.81738613452218,15.986683793691008,63.843584067273699,16.858705720019019,59.02825411642971,689.9056848274149,474.87850049143619,0.0,0.0,0.0,0.0,0.0,0.0,0.0,0.0,0.0,0.0,0.0,0.0,0.0,0.0,0.0,0.0,0.0,0.0,0.0,0.0,0.0,0.0,0.9741568007671904,0.29736166079584566,236.06610991039603,277.6801231765308,4951.5444859987169,0.1953800797344759,0.029819914489388874,183.90948867717499,216.16817695793783,3909.106048127667,0.9316184189707369,0.17604278514186268,247.7393425313556,291.5090627790113,5213.538657690609,0.2270282149004096,0.042900267365912608,214.71387184991603,252.76956758903783,4423.85967469501,0.0,0.0,9.980151919740429,11.954210369472266,102.63972865755035,0.0,0.0,49.987414683738169,59.17085218527383,843.380124835447,0.0,0.0,276.484868152526,328.18300355813678,4270.105264646821,0.0,0.0,36.755346966470678,43.928367139334,423.60804002244586,0.0,0.0,158.40807363053745,188.82347221012578,2067.9905698131,31.8616556195252,21.85298739336434,361.3095103625056,426.26480145534085,7614.060944906027,0.0,0.0,188.4555851207894,224.534900774998,2516.071318757189,113.56529974284972,20.98059772339689,37.35433910118947,21.0,30.0,0.0,21.153656937152087,36.96563846042379,16.0,30.0,124.27901503539582,21.004146428744535,37.312192685623248,21.0,30.0,0.0,20.78725740809983,37.75775068917822,16.0,30.0,0.0,15.531156689840885,53.29780682953223,12.0,30.0,0.0,18.88585487467252,42.96852414823793,16.0,30.0,0.0,18.15078745218179,44.877652169326157,10.0,30.0,0.0,16.157147239609544,51.09235217001635,16.0,30.0,0.0,16.933111358041935,48.59530720764053,12.0,30.0,0.0,20.018463166986018,0.0,0.0,0.0,17.067198433687119,0.0,0.0,490.6662623719118,490.9004449704022,491.02192633174357,488.9041220369499,510.8619706881298,505.99439453900939,502.08678491235016,507.2921478443533,506.1749371154362,3334.6727325148015,81.75184624858869,81.75184624858869,60.0,0.0,60.0,60.0,16.0,16.0,16.0,12.0,16.0,12.0,21.0,10.0,1.0,0.0,113.56529974284972,0.0,124.27901503539582,0.0,0.0,0.0,0.0,0.0,0.0,0.0,0.0,81.75184624858869,81.75184624858869,0.17,0.31072937844290079,0.18014068700982978,81.75184624858869,0.17713239097194376,0.0,0.001 
 02/19  15:00:00,10.45,70.0,3.68,86.5,108.0,0.0,0.0,0.0,0.0,0.0,0.0,0.0,0.0,0.0,0.0,496.0,0.0,557.5153884610891,33.31020646466824,85.35638320736348,16.71693023629,444.9482071734133,0.0,33.31020646466823,45.53757764231005,0.0,0.0,21.000293379471619,-879.1778619173024,21.12513873096528,170.04614432375684,21.09922247323599,-1125.6515165724728,20.29197088656486,422.2494787792466,15.388608284761859,46.9188566968396,18.94929100438671,-86.27526511789535,17.660041386264714,241.12612946048285,15.990320268843903,60.409266307642159,16.87581132463263,43.19299901060822,697.8450773023419,429.6336371982368,0.0,0.0,0.0,0.0,0.0,0.0,0.0,0.0,0.0,0.0,0.0,0.0,0.0,0.0,0.0,0.0,0.0,0.0,0.0,0.0,0.0,0.0,0.9686298746530483,0.2956745649124079,338.3965528555552,396.9932423320981,7541.035483728572,0.22454262254400976,0.03427085203663153,237.5230169157643,279.2433294494223,5056.269164602433,0.8883633594361496,0.16786911553971085,317.66500188196116,372.85015774443675,7141.824524146469,0.2538368884769178,0.047966154285131849,283.68139888806038,333.879589211439,5896.870928196419,0.0,0.0,10.275568975604856,12.318711111940335,106.20221604011874,0.0,0.0,55.262133531093038,65.51138942737912,930.5528714945907,0.0,0.0,273.4303901043829,324.7998145686851,4271.076269516712,0.0,0.0,36.101682612823839,43.188634547307859,417.63509332387437,0.0,0.0,148.67838734466396,177.38064428061424,1950.8899791887137,31.780159056989587,21.797091259937998,501.1885785743569,591.134225893548,10355.073515337746,0.0,0.0,177.4386725250749,211.66533910479147,2346.9965532780609,1276.9566066222172,21.72729067415497,35.64177833439669,21.75,30.0,0.0,21.152562910384125,36.927081166505,16.0,30.0,1729.6523673202424,21.76875250738136,35.50061275522115,21.5,30.0,0.0,20.868692747350399,37.53659483857529,16.0,30.0,0.0,15.54080674081251,53.154183906255429,12.0,30.0,0.0,18.853659060708688,42.954701546478407,16.0,30.0,0.0,18.225336725883055,44.59095761858168,10.0,30.0,0.0,16.163226308486963,50.96588308181185,16.0,30.0,0.0,16.95092639489822,48.433409559110859,12.0,30.0,0.0,20.118166612681788,0.0,0.0,0.0,16.989359283311413,0.0,0.0,488.47590655602866,489.2265809261455,486.2341903662473,487.48551077634,507.7466017046138,502.5883740081356,499.53448065725618,504.24374591925757,502.9603461318097,6593.560928147588,81.93291839281926,81.93291839281926,60.0,0.0,60.0,60.0,16.0,16.0,16.0,12.0,16.0,12.0,21.0,10.0,1.0,0.0,1276.9566066222172,0.0,1729.6523673202424,0.0,0.0,0.0,0.0,0.0,0.0,0.0,0.0,81.93291839281926,81.93291839281926,0.255,0.5767479436589427,0.27021103051474468,81.93291839281926,0.2656985864579156,0.0,0.0010299999999999999 
 02/19  15:10:00,10.383333333333335,70.83333333333334,3.6016666666666667,79.66666666666666,100.66666666666666,0.0,0.0,0.0,0.0,0.0,0.0,0.0,0.0,0.0,0.0,250.0,0.0,517.5483506450246,30.745354577090518,78.78401722722687,15.518528335889155,413.05083439672179,0.0,30.745354577090504,42.031230658376419,0.0,0.0,20.813199274809365,-429.4896120709518,21.142583489331725,-117.6127754248455,20.85081601860284,-541.256733903544,20.29230550606173,109.3719619063404,15.407815004349424,44.9778180623091,18.916772685763257,-69.06195841456793,17.673372992211314,125.03971826706311,15.990025889452204,62.08923220321776,16.883273233143045,47.375797571344268,687.6161640415867,452.81430856609998,0.0,0.0,0.0,0.0,0.0,0.0,0.0,0.0,0.0,0.0,0.0,0.0,0.0,0.0,0.0,0.0,0.0,0.0,0.0,0.0,0.0,0.0,0.9773540122136691,0.2983376105658331,273.774688520332,321.4878153979153,5982.791114743147,0.18110840178705379,0.02764169746444655,226.8686156221676,266.50741075080966,4865.172878993661,0.9491295299118341,0.1793517630218886,285.4518979626037,335.43518150962157,6170.817446612914,0.21977193494769005,0.04152908823652494,215.6073768896198,253.76711181482015,4500.268617651187,0.0,0.0,9.753609432494145,11.680921420268583,102.45032106405856,0.0,0.0,50.370828868589359,59.65033947646767,852.8128997164782,0.0,0.0,271.3248239377789,321.968630493823,4261.1075034838399,0.0,0.0,36.445895084067057,43.55094189772185,426.64867989459358,0.0,0.0,153.96580817810335,183.47265747565104,2043.203678283156,31.41977605028559,21.549914986478468,415.51135901862247,490.2190477678659,8629.860563110202,0.0,0.0,183.4877523285953,218.58195077773645,2474.3630865283696,923.3648270341289,21.442444005624194,36.26292666903096,21.5,30.0,0.0,21.181208299074375,36.81515252272265,16.0,30.0,1176.1260893518305,21.404218803436959,36.30115372381933,21.5,30.0,0.0,20.81104415293843,37.64532748080765,16.0,30.0,0.0,15.557407143522348,52.975116575890478,12.0,30.0,0.0,18.831252046574244,42.938040421539529,16.0,30.0,0.0,18.199402105745194,44.60802367281914,10.0,30.0,0.0,16.164234266458018,50.8566147586482,16.0,30.0,0.0,16.957460168149678,48.330425515486428,16.0,30.0,0.0,20.025538423057989,0.0,0.0,0.0,17.052802365258338,0.0,0.0,487.69381311081647,486.9830019051826,485.5159851283091,486.27002998447218,504.23016514252756,499.916152721076,497.6793502442592,501.14436913679938,500.4097156700582,8300.1055213689,82.516566451893,82.516566451893,60.0,0.0,60.0,60.0,16.0,16.0,16.0,16.0,16.0,12.0,21.0,10.0,1.0,0.0,923.3648270341289,0.0,1176.1260893518305,0.0,0.0,0.0,0.0,0.0,0.0,0.0,0.0,82.516566451893,82.516566451893,0.34,0.7696238399477928,0.36028137401965956,82.516566451893,0.3542647819438875,0.0,0.00106 
 02/19  15:20:00,10.316666666666667,71.66666666666667,3.5233333333333336,72.83333333333333,93.33333333333333,0.0,0.0,0.0,0.0,0.0,0.0,0.0,0.0,0.0,0.0,250.0,0.0,476.3503838398755,28.213001988529816,72.29493012920386,14.283217861703392,380.1710728488332,0.0,28.2130019885298,38.56931268012541,0.0,0.0,20.657209877604154,-302.37437601743206,21.057107999088417,67.21688534104851,20.553960168576368,-326.35666676658595,20.25192011459759,262.01998229488347,15.425069797302236,46.62474958111099,18.889110936793487,-64.21504103926339,17.657729482621084,187.15368584402405,15.991978910505328,65.1570935131333,16.894123865458437,53.57648971592016,705.1071066163495,457.5355162615697,0.0,0.0,0.0,0.0,0.0,0.0,0.0,0.0,0.0,0.0,0.0,0.0,0.0,0.0,0.0,0.0,0.0,0.0,0.0,0.0,0.0,0.0,1.012231369256691,0.3089839344495394,283.4691798262188,332.8868283306076,6112.418025933792,0.20347379505430336,0.03105521902538208,136.69793883771875,160.69171566537433,2927.8574621983145,0.9572900914953424,0.1808938192545999,295.29756846441367,347.4873916623843,6266.915728325058,0.22650522694992057,0.042801441222585129,194.2433458333174,228.68785150179699,4062.582872287385,0.0,0.0,9.986708775465143,11.95814915595292,106.51130700368776,0.0,0.0,48.095676176392917,56.93156597301524,819.4483045991342,0.0,0.0,270.9949572918101,321.60198201583617,4277.751554986713,0.0,0.0,36.777565010317108,43.94771155974156,435.787638732373,0.0,0.0,154.41755641971697,184.03222652551598,2073.4235296929884,31.437700920366298,21.56220913605371,358.14264303002406,422.3745450273593,7630.047794344799,0.0,0.0,184.15551299952205,219.39252123520363,2515.8091427034935,252.1890901012602,21.18088061659131,36.74487170358583,21.0,30.0,0.0,21.094340196365125,36.90523577740841,16.0,30.0,113.63694255690696,20.979045493011584,37.190649421648867,21.0,30.0,0.0,20.778553237280144,37.62584943144151,16.0,30.0,0.0,15.57095698830877,52.82128991378093,12.0,30.0,0.0,18.819164861467976,42.881524572628979,16.0,30.0,0.0,18.17425471004661,44.54214352476006,10.0,30.0,0.0,16.168849746536624,50.730608356747278,16.0,30.0,0.0,16.97022229119814,48.17774311092808,16.0,30.0,0.0,20.100931928901955,0.0,0.0,0.0,17.070630647014345,0.0,0.0,482.8783452587737,481.8788128828814,482.4835752289657,481.52493700413097,501.1207530550164,496.7126107994215,492.747622470742,497.85262791722547,496.84141658181837,7631.30941989498,82.95887804542835,82.95887804542835,60.0,0.0,60.0,60.0,16.0,16.0,16.0,16.0,16.0,12.0,21.0,10.0,1.0,0.0,252.1890901012602,0.0,113.63694255690696,0.0,0.0,0.0,0.0,0.0,0.0,0.0,0.0,82.95887804542835,82.95887804542835,0.34,0.7708243563003678,0.36028137401965956,82.95887804542835,0.3542647819438875,0.0,0.00109 
 02/19  15:30:00,10.25,72.5,3.4450000000000005,66.0,86.0,0.0,0.0,0.0,0.0,0.0,0.0,0.0,0.0,0.0,0.0,500.0,0.0,435.6785159873458,25.62493880778098,65.6630891815854,13.063682393894464,347.71118728576018,0.0,25.624938807780965,35.03123409866838,0.0,0.0,21.02032451636058,-835.8897227965167,21.076003363308418,199.22144430791878,21.17392133684339,-1268.470259034483,20.311623844689757,450.1157458952787,15.4411503517549,46.6124298919577,18.845937929418989,-69.01665820173582,17.71001680460075,215.88535597224382,15.993847343148684,61.35797569992957,16.90429785319811,39.61141263938407,698.5272505395094,438.4764176622032,0.0,0.0,0.0,0.0,0.0,0.0,0.0,0.0,0.0,0.0,0.0,0.0,0.0,0.0,0.0,0.0,0.0,0.0,0.0,0.0,0.0,0.0,1.0139010995609109,0.30949362013458817,344.52937419348009,404.2519218912481,7798.24159156231,0.23114521920962143,0.03527857436044283,205.05011806477294,240.90228496276496,4456.656152489866,0.8959575091115266,0.16930414004375034,334.5129416421004,392.5693908183886,7681.123500777315,0.25802219173650817,0.048757027916951637,285.66535582848317,336.1673219570655,6071.042265805243,0.0,0.0,10.221050247019543,12.250918147440922,110.58878554627559,0.0,0.0,51.469741126634648,61.027505309985787,879.8286914757862,0.0,0.0,270.2369243861074,320.9468809664629,4348.427467945552,0.0,0.0,36.35212468864578,43.48452805413916,435.79525029878337,0.0,0.0,149.1718956143954,177.9417249546159,2025.838063981259,31.397637162747445,21.534730564298664,480.6791409371969,566.8678838656426,10132.318977955432,0.0,0.0,178.0587718074484,212.38237665788274,2431.812959537965,1198.6091043610659,21.691651235353239,35.59854493471762,21.75,30.0,0.0,21.168205589557784,36.76286866274892,16.0,30.0,1880.1469152661103,21.824135636744925,35.29043025082198,21.5,30.0,0.0,20.89669547311594,37.35552708517787,16.0,30.0,0.0,15.581711089942714,52.68720568092299,12.0,30.0,0.0,18.779968736679146,42.90221939547518,16.0,30.0,0.0,18.263025159893077,44.247771420315839,10.0,30.0,0.0,16.172183448672599,50.62799553843659,16.0,30.0,0.0,16.98051492245242,48.055127397418569,16.0,30.0,0.0,20.042293497015739,0.0,0.0,0.0,17.005117053811295,0.0,0.0,480.76023692659029,481.96914971940336,478.95546229442189,479.8915592927612,498.1985699443402,493.4611636714246,490.69694996475899,494.93769002321945,493.69938545104869,6685.537969777111,81.86549698686408,81.86549698686408,60.0,0.0,60.0,60.0,16.0,16.0,16.0,16.0,16.0,12.0,21.0,10.0,1.0,0.0,1198.6091043610659,0.0,1880.1469152661103,0.0,0.0,0.0,0.0,0.0,0.0,0.0,0.0,81.86549698686408,81.86549698686408,0.255,0.5782963247344006,0.27021103051474468,81.86549698686408,0.2656985864579156,0.0,0.00112 
 02/19  15:40:00,10.183333333333334,73.33333333333334,3.3666666666666664,59.0,85.0,0.0,0.0,0.0,0.0,0.0,0.0,0.0,0.0,0.0,0.0,630.0,0.0,411.8924158357508,23.06636919284079,59.10683422606338,12.350459301333367,328.7276621972737,0.0,23.066369192840779,31.533475457719214,0.0,0.0,21.01623339746834,-865.5741653526043,21.10454317118498,66.53527094152942,20.993997455563546,-834.0931018508848,20.35283335527358,300.44746560500058,15.462435435522164,50.27083608621426,19.56212007966841,-236.31345456155175,17.775040810229905,216.34288857355677,15.99352747812346,65.11165629702892,16.90853790908421,51.19343251455394,690.3919867495317,475.406402130409,0.0,0.0,0.0,0.0,0.0,0.0,0.0,0.0,0.0,0.0,0.0,0.0,0.0,0.0,0.0,0.0,0.0,0.0,0.0,0.0,0.0,0.0,1.007647898183357,0.3075848285052982,304.92802588172028,358.0879712354479,6916.5662639251709,0.21296201612384325,0.03250336021426179,200.49323904262767,235.7494578457138,4394.432585867712,0.9458261641344832,0.17872754424309973,297.8338088877851,349.6058526658801,6770.51933275642,0.2458707261723748,0.046460832610048147,227.80258648298304,267.97578537669417,4872.882885293378,0.0,0.0,10.815649289854506,12.964642568531146,118.90420592873918,0.0,0.0,70.68232659549006,83.4716399463017,1365.0305814086858,0.0,0.0,293.79185705260638,348.8522259869831,4818.759742807281,0.0,0.0,36.94602709953944,44.20574265422385,447.90191338135238,0.0,0.0,156.0631476831167,186.20108709770413,2141.5521298730325,31.173607717470114,21.38107525203712,433.5994629223427,511.48575619517666,9242.208387811423,0.0,0.0,185.8639341536694,221.69443038491358,2586.0189025286997,1442.933475216103,21.62875462601462,35.71762739517829,21.800000000000006,30.0,0.0,21.217908175237207,36.63270667941633,16.0,30.0,1238.0075108564093,21.5112446281342,35.97207068632989,21.400000000000003,30.0,0.0,20.91535621285025,37.315481871453879,16.0,30.0,0.0,15.601581847650188,52.518310681393518,12.000000000000002,30.0,1024.4919250293629,19.808992578056328,40.17974633109623,19.8,30.0,0.0,18.35285907514657,43.94302275376841,10.0,30.0,0.0,16.17285874734493,50.53121006549661,16.0,30.0,0.0,16.984781104094226,47.960463332128409,16.0,30.0,0.0,20.039186932891679,0.0,0.0,0.0,17.068043879193085,0.0,0.0,477.2467844776662,478.9486839333696,477.4468959860817,479.212705003498,494.94148638326427,490.26373257921906,487.8318505445661,491.6472252770493,490.5726051765978,9645.002982776743,81.62733150247716,84.56679652760418,60.0,0.0,60.0,60.0,16.0,16.0,19.0,16.0,16.0,12.0,21.0,10.0,1.0,0.0,1442.933475216103,0.0,1238.0075108564093,0.0,1024.4919250293629,0.0,0.0,0.0,4448.263516012588,2668958.109607553,3459783.4010516877,81.62733150247716,84.61671840208503,0.352275450533753,0.7681346726164137,0.36028137401965956,84.61671840208503,0.35426478194388757,3459783.4010516877,0.18105873685468777 
 02/19  15:50:00,10.116666666666668,74.16666666666666,3.2883333333333337,52.00000000000001,84.0,0.0,0.0,0.0,0.0,0.0,0.0,0.0,0.0,0.0,0.0,506.0,0.0,387.4939646646354,20.480581013245826,52.48083307431411,11.618875163099183,309.2554263042748,0.0,20.480581013245815,27.998506975318187,0.0,0.0,20.941465884974929,-842.458081557108,21.04733850857278,-59.3303935413785,20.888792878155678,-329.42121455858526,20.304917329267327,60.75696731119615,15.487452030686545,49.70793885939207,19.352675543326098,-189.25059266530548,17.8094734689066,163.36491587683214,15.998819093273113,69.27203376011107,16.923472367814417,60.771948087400918,619.7139808137338,490.737759082145,0.0,0.0,0.0,0.0,0.0,0.0,0.0,0.0,0.0,0.0,0.0,0.0,0.0,0.0,0.0,0.0,0.0,0.0,0.0,0.0,0.0,0.0,0.9968828817177217,0.3042988039431385,275.22191657923409,323.17166264369316,6163.920598390303,0.19514543982862274,0.029784102537946085,154.1651215116092,181.2341528317873,3370.914381001316,1.0201369110675334,0.1927696355002898,187.33031686651698,220.1766455487728,4200.238985015496,0.22981146857675115,0.04342620343476022,183.17187015641384,215.74407776948937,3895.866701651294,0.0,0.0,10.638754252742413,12.750385928322105,118.91765425733569,0.0,0.0,71.60935593789668,84.67841709063836,1349.7207822010014,0.0,0.0,296.34026704802087,351.82485374422898,4910.294011548066,0.0,0.0,37.40660671127355,44.744401409165728,459.2759897162313,0.0,0.0,158.29819585303827,188.82279043454626,2200.4358234979229,30.67732065932288,21.040686323266728,310.84676330016046,367.00707834987017,6673.26608456123,0.0,0.0,188.59907483873026,224.895382746799,2660.3296543382796,910.2363456475537,21.363326546084399,36.30682831132282,21.5,30.0,0.0,21.129699130086796,36.825680229850487,16.0,30.0,841.3842456833371,21.30860530323927,36.42801359548625,21.25,30.0,0.0,20.797605173161494,37.57800725301444,16.0,30.0,0.0,15.62708760497058,52.340351232162209,12.0,30.0,0.0,19.5461635663301,40.78105184416032,19.0,30.0,0.0,18.372710943834649,43.85092339548774,10.0,30.0,0.0,16.183193391949783,50.42753563095614,16.0,30.0,0.0,17.00758924818998,47.83314861969419,16.0,30.0,0.0,19.79751022602597,0.0,0.0,0.0,17.097653198821658,0.0,0.0,475.4596258170493,476.2380674947179,475.3541577870642,476.32575454119049,491.6439006424788,487.3271629444196,485.68759502965528,488.7180545665665,487.81305750269578,6947.924711729624,82.01229458564889,82.01229458564889,60.0,0.0,60.0,60.0,16.0,16.0,19.0,16.0,16.0,12.0,21.0,10.0,1.0,0.0,910.2363456475537,0.0,841.3842456833371,0.0,0.0,0.0,0.0,0.0,0.0,0.0,0.0,82.01229458564889,82.01229458564889,0.255,0.5400391242704075,0.27021103051474468,82.01229458564889,0.2656985864579156,0.0,0.0011599999999999998 
 02/19  16:00:00,10.05,75.0,3.21,45.0,83.0,0.0,0.0,0.0,0.0,0.0,0.0,0.0,0.0,0.0,0.0,381.0,0.0,362.42354070654076,17.8675732198369,45.78508307661654,10.86714225754671,289.24689619709587,0.0,17.86757321983689,24.426327217185148,0.0,0.0,21.186874514349904,-1436.748323724856,21.031534330574904,165.21594733988406,20.895637517544374,-300.1895052280078,20.20794576862546,234.72669399156943,15.508877835958192,47.864296118601078,19.12145711678284,-119.78309615580712,17.81789540559118,184.23127713220385,16.003018379798506,66.85830556853304,16.933589363790078,48.83594084439426,687.3371514977122,505.20687166168269,0.0,0.0,0.0,0.0,0.0,0.0,0.0,0.0,0.0,0.0,0.0,0.0,0.0,0.0,0.0,0.0,0.0,0.0,0.0,0.0,0.0,0.0,1.0080215404623472,0.3076988829250147,375.50856407608236,440.1848289526556,8768.092630994142,0.2126368640329867,0.03245373382676846,187.65686151299043,220.51767772766977,4143.213973480502,1.0293897923465799,0.19451810135044995,247.72631602245725,291.1220178968669,5516.88311570634,0.260564212869684,0.04923737960500456,259.05465364791567,305.01496538610845,5468.409257580735,0.0,0.0,10.364713989492627,12.416199676817096,117.6302809129435,0.0,0.0,63.23588882573906,74.84277355878325,1157.5957639930858,0.0,0.0,290.7907854490281,345.0727729728749,4863.19972869461,0.0,0.0,37.770580815373197,45.158833722759329,469.33664559324668,0.0,0.0,158.32394842809345,188.75477035668383,2225.747738036819,30.5170230688918,20.930742845604827,439.9318386595181,518.9378292498822,9396.033285558635,0.0,0.0,188.64695711579993,224.87134130664573,2673.743066513546,1842.9536629564887,21.84688313707982,35.245133976878118,22.000000000000019,30.00000000000002,0.0,21.15717127064972,36.76782128461227,16.000000000000015,30.00000000000002,0.0,21.23886334986725,36.57806041762781,21.000000000000015,30.00000000000002,0.0,20.662335506338239,37.89711224107715,16.000000000000015,30.00000000000002,0.0,15.645453560354416,52.21077055922,12.00000000000001,30.00000000000002,0.0,19.19584695004137,41.64696750916385,19.000000000000015,30.00000000000002,0.0,18.3841663562884,43.786367553278939,10.000000000000007,30.00000000000002,0.0,16.1899092536457,50.35909143584369,16.000000000000015,30.00000000000002,0.0,17.019232123894328,47.760590073995448,16.000000000000015,30.00000000000002,0.0,20.077840366560577,0.0,0.0,0.0,17.06405866271609,0.0,0.0,472.87354412235308,474.3066761616031,472.670169921327,474.01251856759907,488.9514868132628,485.26613174506158,482.88819481141527,486.4643902184515,485.8195814222474,10013.388335587155,81.38382163334787,83.73853023438865,60.00000000000004,0.0,60.00000000000004,60.00000000000004,16.0,16.0,19.0,16.0,16.0,12.0,21.0,10.0,1.0,0.0,1842.9536629564887,0.0,0.0,0.0,0.0,0.0,0.0,0.0,3563.517440175342,2138110.4641052039,2766578.384899711,81.38382163334787,83.77852100353042,0.3454505813391783,0.7657947590983603,0.3602813740196598,83.77852100353042,0.3542647819438878,2766578.384899711,0.145032076014785 
 02/19  16:10:00,9.941666666666669,76.16666666666667,3.2733333333333336,38.0,82.0,0.0,0.0,0.0,2.0,0.0,0.0,0.0,0.0,0.0,4.0,254.0,0.0,386.87966035140519,15.591065272496147,39.95159492808011,11.60043667625619,308.7649511034555,0.0,15.59106527249614,21.314168260280348,0.0,0.0,21.315121859354677,-1365.1097130682129,21.122955182398326,230.13248544776253,20.911916430566728,-739.3022418663222,20.19973184568891,256.9321513279556,15.537076226676458,51.680726936346449,19.11365016648174,-45.80213712067939,17.82290869044808,175.77962015282629,16.003379383447187,66.79185289136604,16.935199663636028,46.95801752032867,730.2298895836375,507.2929635410728,0.0,0.0,0.0,0.0,0.0,0.0,0.0,0.0,0.0,0.0,0.0,0.0,0.0,0.0,0.0,0.0,0.0,0.0,0.0,0.0,0.0,0.0,0.861637334216931,0.26301505928477755,335.51249110357778,392.9346500049305,8021.94866009002,0.21393917820359657,0.03265249972582365,247.19925801258496,290.1702637338006,5582.44260759813,1.1279214704546084,0.21313708814335009,261.2211615049897,306.3893516422627,5984.209032362283,0.2828190426622078,0.05344275182581401,276.7960912539071,325.56914383025568,5900.2038635423209,0.0,0.0,11.235650581650404,13.44658934306921,130.6048596802662,0.0,0.0,15.470182535418634,18.287044945553036,286.2776556430382,0.0,0.0,244.9920671031012,290.5002184225694,4143.497730561479,0.0,0.0,38.2535581528505,45.70041969882628,483.82291172176647,0.0,0.0,157.86379541794924,188.05883994898535,2253.8847504615275,30.820150269283184,21.138649018712756,516.3029366596633,608.3132836638301,11157.816111771459,0.0,0.0,188.2693570484438,224.26422524825726,2700.8174557602844,1674.8734337400547,22.000079965957963,34.930826840468899,22.0,30.0,0.0,21.323486946531785,36.41205049444169,16.0,30.0,0.0,21.44778361917818,36.84274572820229,21.0,30.0,0.0,20.65572620417277,38.3026792545204,16.0,30.0,0.0,15.67322951175568,52.060649736601458,12.0,30.0,0.0,19.189811940092434,43.29159129706074,19.0,30.0,0.0,18.36894600635977,43.80282651374043,10.0,30.0,0.0,16.191153463495647,50.32005306844149,16.0,30.0,0.0,17.019407505263787,47.729722445866318,16.0,30.0,0.0,20.197608998545328,0.0,0.0,0.0,17.040477643710355,0.0,0.0,472.0401616079806,474.0473945991247,513.509627848524,494.2002998383813,486.24010646848219,589.7634530664411,480.6582469416293,484.3655901800721,483.7404784946635,9897.982085522774,81.4601915275909,81.4601915275909,1744.0,0.0,1744.0,1744.0,16.0,16.0,19.0,16.0,16.0,12.0,21.0,10.0,1.0,0.0,1674.8734337400547,0.0,0.0,0.0,0.0,0.0,0.0,0.0,0.0,0.0,0.0,81.4601915275909,81.4601915275909,0.34,0.7689482207902536,0.36028137401965956,81.4601915275909,0.3542647819438875,0.0,0.03429866666666667 
 02/19  16:20:00,9.833333333333334,77.33333333333334,3.336666666666667,31.0,81.0,0.0,0.0,0.0,2.0,0.0,0.0,0.0,0.0,0.0,4.0,509.0,0.0,357.47687876586147,12.86430035883186,32.964348589859948,10.718800290725389,285.29881423589628,0.0,12.864300358831855,17.586473894290145,0.0,0.0,20.988632527823158,-362.7539668122055,21.071949327610079,-104.40246192182076,21.027193855653964,-898.950865749162,20.263729414273365,344.5036575275267,15.559154671268658,45.140648788178,19.14231724750004,-41.962877937332908,17.764767861290716,87.40292339298594,15.999292948168716,60.11439967144349,16.93101453748745,30.88804898993908,678.6533170521825,491.27602460016126,0.0,0.0,0.0,0.0,0.0,0.0,0.0,0.0,0.0,0.0,0.0,0.0,0.0,0.0,0.0,0.0,0.0,0.0,0.0,0.0,0.0,0.0,1.0738650064017837,0.3277976210017655,187.04056710816273,220.0730268178028,4266.572416762633,0.2069292446297152,0.031582607544217839,134.85907884909398,158.7244477029855,3062.0047076029929,0.9141670270456909,0.17274509203433317,288.4897222935352,338.7081951697827,6720.235274013648,0.2558500776414118,0.04834657551802943,294.8782490678986,347.14822454455756,6416.30070113239,0.0,0.0,10.292738094965884,12.332783359967781,122.21423146208714,0.0,0.0,13.391922552070297,15.845974534177408,252.0559062551908,0.0,0.0,231.55166584308723,275.0238226547938,3906.4876401669005,0.0,0.0,36.39296418237183,43.531062013667128,467.6515186069577,0.0,0.0,152.17197504850243,181.50454468238454,2202.4870231936758,30.946753483040426,21.225482498655994,400.04135259282466,472.4147033558363,8729.08186160685,0.0,0.0,181.24165842007768,216.2085252655031,2612.970276084836,604.3434775773137,21.36665957643753,36.47677176658844,21.25,30.0,0.0,21.2121586718613,36.92253363053359,16.0,30.0,0.0,21.55909410164183,36.85850153872443,21.0,30.0,0.0,20.783211966438154,38.4830609606546,16.0,30.0,0.0,15.690323639390599,51.969536611012077,12.0,30.0,0.0,19.245079961408409,44.557287663899028,19.0,30.0,0.0,18.23350263273503,44.19402157409445,10.0,30.0,0.0,16.18425284305608,50.32992464255989,16.0,30.0,0.0,17.009808840115804,47.75196540884338,16.0,30.0,0.0,19.98554606698503,0.0,0.0,0.0,16.96550801169203,0.0,0.0,479.8482537087593,485.9156665655362,523.250243912124,516.3370556992213,484.26149599769607,679.8592012729372,480.255394738742,482.9882368714518,482.4148417269668,4987.508639364445,81.52500484098234,81.52500484098234,1744.0,0.0,1744.0,1744.0,16.0,16.0,19.0,16.0,16.0,12.0,21.0,10.0,1.0,0.0,604.3434775773137,0.0,0.0,0.0,0.0,0.0,0.0,0.0,0.0,0.0,0.0,81.52500484098234,81.52500484098234,0.17,0.34764798681954958,0.18014068700982978,81.52500484098234,0.17713239097194376,0.0,0.03478311111111111 
 02/19  16:30:00,9.725000000000002,78.5,3.4,24.0,80.0,0.0,0.0,0.0,2.0,0.0,0.0,0.0,0.0,0.0,4.0,256.0,0.0,326.4446620387236,10.09917642725307,25.87880942292164,9.788306149882026,260.5322432495139,0.0,10.099176427253065,13.806339842631307,0.0,0.0,20.721529891164967,-418.8713917391319,20.93596971999912,4.7835029735499579,21.058575795573608,-927.5900000811635,20.31044903172628,296.4537292216519,15.576704853799882,42.98259983209741,19.160297678065214,-45.19742853210698,17.688426833031988,127.0784197925309,15.986151557146123,54.21669946052111,16.912242247254807,15.67129975422904,686.4670939914859,475.8117682147067,0.0,0.0,0.0,0.0,0.0,0.0,0.0,0.0,0.0,0.0,0.0,0.0,0.0,0.0,0.0,0.0,0.0,0.0,0.0,0.0,0.0,0.0,1.1459680307917908,0.34980709120628536,153.86475160362387,180.79074915413683,3487.4232089124736,0.22005111378165338,0.03358533482625967,83.43774587454689,98.07280832033973,1875.8751324279038,0.8661954112695517,0.16368016085970372,277.89659175574789,325.8649887701797,6533.105792045425,0.24105108372788543,0.04555009140738574,280.6435916087771,329.8922302431786,6208.546389013452,0.0,0.0,10.289320015126388,12.312466946168941,124.669552886086,0.0,0.0,13.505945015559228,15.952091031708001,258.3209744753036,0.0,0.0,223.69203448160165,265.46566563174306,3766.3783815052836,0.0,0.0,35.481718911875329,42.390991736984428,462.1734834394172,0.0,0.0,145.44129319419535,173.2764006629401,2127.6133199478078,31.10470992905799,21.3338202531262,358.13872603169838,422.37960423389509,7903.061346992559,0.0,0.0,173.59168145073955,206.90573386916757,2499.4754571005648,289.8763154490241,21.059303180023247,37.55548097580254,21.0,30.0,0.0,21.021675721011154,37.50361387694835,16.0,30.0,0.0,21.558146773379943,37.170755129544037,21.0,30.0,0.0,20.858534335671196,38.54678934282154,16.0,30.0,0.0,15.701389267551628,51.92105080381917,12.0,30.0,0.0,19.28813087879825,45.708131473934418,19.0,30.0,0.0,18.10724127983549,44.65594936146959,10.0,30.0,0.0,16.16165149178137,50.426556266971548,16.0,30.0,0.0,16.976756284858938,47.88260439691115,16.0,30.0,0.0,19.926118860578617,0.0,0.0,0.0,16.845573899598337,0.0,0.0,496.3094179655275,494.8334073714144,537.1370679964917,526.1521165987783,482.9614439462189,759.4333660728205,483.92998444722488,483.2884276716493,483.20035924874,9283.798003490205,81.86628965412052,81.86628965412052,1744.0,0.0,1744.0,1744.0,16.0,16.0,19.0,16.0,16.0,12.0,21.0,10.0,1.0,0.0,289.8763154490241,0.0,0.0,0.0,0.0,0.0,0.0,0.0,0.0,0.0,0.0,81.86628965412052,81.86628965412052,0.34,0.7717058409298067,0.36028137401965956,81.86628965412052,0.3542647819438875,0.0,0.03526755555555555 
 02/19  16:40:00,9.616666666666668,79.66666666666667,3.463333333333333,20.166666666666669,66.66666666666667,0.0,0.0,0.0,2.0,0.0,0.0,0.0,0.0,0.0,4.0,512.0,0.0,282.06759005138988,8.406810449723308,21.542167170094456,8.45767574515039,225.11531519590296,0.0,8.406810449723304,11.492747245037869,0.0,0.0,21.257113796476916,-1200.8813967117424,20.93435882299235,254.20539534959506,21.104352773692918,-893.396704735947,20.315330994760346,288.2039336607959,15.592964936471632,45.33626712301114,19.149909937278879,-53.512050852841,17.71979106330534,200.37372093239129,15.970785065628326,47.518612224710299,16.88620722729712,-6.198222331880288,740.9474346757702,490.86086365458757,0.0,0.0,0.0,0.0,0.0,0.0,0.0,0.0,0.0,0.0,0.0,0.0,0.0,0.0,0.0,0.0,0.0,0.0,0.0,0.0,0.0,0.0,1.0830472404938539,0.3306005007612496,295.6310061256843,346.3639358416018,7229.428185625768,0.2497065053922843,0.03811149349699089,217.3378140819401,255.2926016938498,4965.095090622867,0.9816105430242712,0.1854895206017142,270.15161764052518,317.07704951429789,6431.384499416488,0.2592241123015269,0.04898414820512602,278.1875716534357,327.3180082616404,6215.777210718247,0.0,0.0,11.129905059470293,13.330757176845426,137.52289517009889,0.0,0.0,15.5054542610863,18.329985307339244,300.0402700311834,0.0,0.0,231.53446827323635,274.95216196089066,3984.687243023169,0.0,0.0,36.305808628168097,43.42281673228312,478.8598079292355,0.0,0.0,147.58256421865534,176.02168806089802,2177.8497023980155,31.501130312299247,21.605713520095514,489.93690586068,577.6067686345258,10948.406686180053,0.0,0.0,176.2870907727111,210.36139815740649,2555.4025340633745,1800.4087445594617,21.908885669964236,35.964356886574858,22.0,30.0,0.0,21.088566285860226,37.744247197864449,16.0,30.0,0.0,21.597105660788324,37.401655861763959,21.0,30.0,0.0,20.863070319297518,38.93998841065287,19.0,30.0,0.0,15.71289950339511,51.94923816871055,12.0,30.0,0.0,19.29414135266726,46.24916003735683,19.0,30.0,0.0,18.185825259255326,44.69933830007517,10.0,30.0,0.0,16.135636881922296,50.6313586480623,16.0,30.0,0.0,16.933207267584469,48.179213720730377,16.0,30.0,0.0,20.142150259074144,0.0,0.0,0.0,16.784225788416948,0.0,0.0,509.7784418225823,510.68494763077146,551.0038585618163,543.0203549477878,484.50256916218748,792.6132683490997,493.04986765157329,487.4222093489244,488.9892951045005,9856.220194812166,81.48777037699939,83.2578578923189,1744.0,0.0,1744.0,1744.0,16.0,19.0,19.0,16.0,16.0,12.0,21.0,10.0,1.0,0.0,1800.4087445594617,0.0,0.0,0.0,0.0,0.0,0.0,0.0,2678.770050362663,1607262.0302175978,2079731.1499776685,81.48777037699939,83.2879198546163,0.3442923350120888,0.7678975945957854,0.36028137401965956,83.2879198546163,0.3542647819438875,2079731.1499776685,0.14389801979883877 
 02/19  16:50:00,9.508333333333333,80.83333333333334,3.5266666666666666,16.333333333333333,53.33333333333334,0.0,0.0,0.0,2.0,0.0,0.0,0.0,0.0,0.0,4.0,513.0,0.0,220.32881889749488,6.739190795940815,17.26894027150458,6.606464559467803,175.84221444000367,0.0,6.739190795940812,9.212984748143397,0.0,0.0,21.041322245963728,-411.6222125234151,20.897238109453999,-66.18843492338624,21.170834194813584,-941.2273869830656,20.354041456164134,345.1286832346432,15.608983270592735,41.22607686381194,19.121024191563288,-45.91529449896943,17.70560930501928,70.03798915676748,15.959020897120066,49.23909192083886,16.865250202861327,4.598400773941421,710.1168638602089,522.2684606188195,0.0,0.0,0.0,0.0,0.0,0.0,0.0,0.0,0.0,0.0,0.0,0.0,0.0,0.0,0.0,0.0,0.0,0.0,0.0,0.0,0.0,0.0,1.2325436612735664,0.37623432883808496,183.97006722190035,216.24264231291483,4352.475119854609,0.2335154824729758,0.03564033615277409,132.77584267108203,156.2990335681279,3047.1253705755295,0.8243592005891388,0.15577460328592955,288.1277672390684,338.05734840923199,6958.100796406499,0.23820332393225827,0.04501196597359376,287.6314513173553,338.3383041414934,6527.133229867866,0.0,0.0,10.204261795351482,12.221915201108576,128.5618336935725,0.0,0.0,13.38440265676582,15.823649253727627,261.654452253535,0.0,0.0,230.239897946718,273.5116855509002,3975.965032955458,0.0,0.0,35.599119383080488,42.581606774925209,476.08246513334418,0.0,0.0,152.49599233815193,181.91809654100809,2275.228111255058,31.625146383854909,21.690772554084309,395.14714493871807,466.3664125597825,8948.400114106249,0.0,0.0,181.23726061817315,216.2956417683145,2663.1031260455058,655.985761433136,21.43692660842425,37.46899344149262,21.25,30.0,0.0,21.038148945740354,38.35244503024306,16.0,30.0,0.0,21.67426080446937,37.77206071682019,21.0,30.0,0.0,20.93518377008306,39.3247203820522,19.0,30.0,0.0,15.725521715395468,52.149961808095259,12.0,30.0,0.0,19.285574530277218,46.85784406067795,19.0,30.0,0.0,18.10765442172768,45.37090347199261,10.0,30.0,0.0,16.118079310753289,51.104734926794339,16.0,30.0,0.0,16.90493227347403,48.746413979354048,16.0,30.0,0.0,20.030233089638057,0.0,0.0,0.0,16.774314331419544,0.0,0.0,529.1624971799129,531.9777512332074,572.5694883350044,564.9271884049907,491.54789763029029,824.8571854558275,509.4494957778393,500.6506433927706,504.95053337730078,4427.372422763903,82.49057794124384,82.49057794124384,1744.0,0.0,1744.0,1744.0,16.0,19.0,19.0,16.0,16.0,12.0,21.0,10.0,1.0,0.0,655.985761433136,0.0,0.0,0.0,0.0,0.0,0.0,0.0,0.0,0.0,0.0,82.49057794124384,82.49057794124384,0.17,0.34665880924743067,0.18014068700982978,82.49057794124384,0.17713239097194376,0.0,0.03536444444444444 
 02/19  17:00:00,9.4,82.0,3.59,12.5,40.0,0.0,0.0,0.0,2.0,0.0,0.0,0.0,0.0,0.0,4.0,258.0,0.0,160.71829535838578,5.099847286984056,13.068173844370119,4.819068408058067,128.26765157804454,0.0,5.099847286984053,6.971877884974666,0.0,0.0,20.68121974966972,-384.38389278767138,20.79044007988827,48.74390277263373,21.1866149587946,-924.9112359370702,20.369394996362453,295.92207245036027,15.620337068366265,40.62144997494744,19.077337935944468,-48.04611729467172,17.66219729271165,113.3393395227854,15.94508772415983,44.27503069019065,16.84230512375506,-8.337394857841446,713.3788858521584,523.439345955715,0.0,0.0,0.0,0.0,0.0,0.0,0.0,0.0,0.0,0.0,0.0,0.0,0.0,0.0,0.0,0.0,0.0,0.0,0.0,0.0,0.0,0.0,1.243167694790969,0.37947731831226158,164.12577223381238,193.05755604061933,3793.650742254789,0.24554071193712144,0.03747568863509179,94.62753505560166,111.4057962407895,2178.6884831805757,0.8362950328897938,0.1580300515664766,276.6223251758523,324.13334302520937,6737.150830704251,0.2340621106049241,0.044229423772661379,275.4835395824958,323.60443301009868,6319.560061546679,0.0,0.0,10.399971956036423,12.441795139136874,133.4416007751418,0.0,0.0,13.913868392336792,16.430874778401937,274.2757720648667,0.0,0.0,226.8247896463162,269.1622042293899,3939.6947147108769,0.0,0.0,35.21963319997066,42.07723674569971,477.1811511638623,0.0,0.0,148.3265216060638,176.72611678680597,2235.298414084935,31.78410383900478,21.799796871745398,363.6318548446732,428.83998791888589,8319.717350425468,0.0,0.0,176.578962711447,210.53558903342145,2593.358280323914,273.23258132124746,20.974884389216667,38.78700324824185,21.0,30.0,0.0,20.937627767647045,38.78054964313574,16.0,30.0,0.0,21.665796636790377,37.99377702852316,21.0,30.0,0.0,20.949567044858065,39.52297242957711,19.0,30.0,0.0,15.731510792199199,52.42236004803243,12.0,30.0,0.0,19.2562127842747,47.495075972731459,19.0,30.0,0.0,18.04648779414209,45.751484474899999,10.0,30.0,0.0,16.095162328825717,51.498188911468108,16.0,30.0,0.0,16.86945799497375,49.08237259088652,16.0,30.0,0.0,19.92537573624017,0.0,0.0,0.0,16.660292160772437,0.0,0.0,537.4588098224067,542.0284090477992,580.8808651807422,573.5007765941382,500.3979004243011,854.365595404232,516.2563833759263,510.93736472931939,512.708268462585,8337.557041527338,82.49181815992393,82.49181815992393,1744.0,0.0,1744.0,1744.0,16.0,19.0,19.0,16.0,16.0,12.0,21.0,10.0,1.0,0.0,273.23258132124746,0.0,0.0,0.0,0.0,0.0,0.0,0.0,0.0,0.0,0.0,82.49181815992393,82.49181815992393,0.34,0.7714977788826721,0.36028137401965956,82.49181815992393,0.3542647819438875,0.0,0.034976888888888887 
 02/19  17:10:00,9.288333333333334,82.83333333333334,3.6366666666666669,8.666666666666665,26.66666666666666,0.0,4.0,0.0,0.0,0.0,0.0,0.0,0.0,0.0,0.0,516.0,0.0,104.742330159387,3.497360932349176,8.961856374881056,3.1406532443195749,83.59379670347104,0.0,3.4973609323491745,4.781157546080033,0.0,0.0,21.171451781578634,-1424.2146294896657,20.758752189342269,246.77240696817376,20.876463770072328,-140.5515786896196,20.384848320353599,-78.73836234419395,15.629767350277842,41.31053495232871,18.89939047346599,-136.24823897119303,17.726980708594469,218.43709853405972,15.931142310055839,41.6055539355782,16.81512974293541,-19.71059167500016,707.010556395016,572.0859877268608,0.0,0.0,0.0,0.0,0.0,0.0,0.0,0.0,0.0,0.0,0.0,0.0,0.0,0.0,0.0,0.0,0.0,0.0,0.0,0.0,0.0,0.0,1.1574823485403139,0.353321840213771,406.447563694781,476.7839509112779,9940.495341701007,0.25245749974692668,0.03853136443023912,209.9596703220015,246.77038951708875,4879.899511253307,1.042039438836154,0.19690843515422419,168.66580103060216,198.32013822566078,4011.648697584297,0.2426260368884112,0.04584770160400815,18.062192307505915,21.24809897878767,421.25014509677347,0.0,0.0,10.595804140345054,12.68917012498091,138.3946283661266,0.0,0.0,67.48401568757699,79.8977678554007,1314.6579398500103,0.0,0.0,293.354706789688,348.26361106680789,5245.304930218896,0.0,0.0,36.939352597842418,44.17851856113216,507.04762378598198,0.0,0.0,156.52321140200957,186.70329615976204,2380.8071732740347,31.990871016252304,21.941612494000219,343.3141904804245,404.9740273630646,7966.441143643255,0.0,0.0,186.41015857842587,222.48906734347777,2770.6053966729057,1839.5010100155878,21.68568776132349,37.524707299642567,22.0,30.0,0.0,20.967775011011825,39.094584463349239,16.0,30.0,0.0,21.19660525162383,38.637344137549479,21.0,30.0,0.0,20.879929089060508,42.606926992347307,19.0,30.0,0.0,15.73533321832706,52.799073428919289,12.0,30.0,0.0,19.016376862062807,45.04815296907177,16.0,30.0,0.0,18.196028441424695,46.28243274283618,10.0,30.0,0.0,16.072713364926789,52.02655852811795,16.0,30.0,0.0,16.828488507379057,49.808125019970109,16.0,30.0,0.0,19.83826154352738,0.0,0.0,0.0,16.63489505671133,0.0,0.0,551.7777698086802,553.4290156253765,554.3543090593908,743.4217885719235,515.5152229503424,644.300222247056,567.4346692664841,529.5069803719383,539.5625136003754,9175.939045121164,81.93759636306862,83.66045829871755,162.0,0.0,162.0,162.0,16.0,19.0,16.0,16.0,16.0,12.0,21.0,10.0,1.0,0.0,1839.5010100155878,0.0,0.0,0.0,0.0,0.0,0.0,0.0,2607.3725278617814,1564423.5167170689,2026142.5526543533,81.93759636306862,83.68971821389397,0.34191241759539278,0.7663220957073094,0.36028137401965956,83.68971821389397,0.3542647819438875,2026142.5526543533,0.10857241273802637 
 02/19  17:20:00,9.176666666666668,83.66666666666667,3.6833333333333337,0.0,0.0,0.0,4.0,0.0,0.0,0.0,0.0,0.0,0.0,0.0,0.0,387.0,0.0,0.0,0.0,0.0,0.0,0.0,0.0,0.0,0.0,0.0,0.0,21.211562312869185,-1607.3647991513954,20.75447709186402,196.25170216348938,20.960642744746595,-43.19267154411983,20.346971198612793,-84.01132643771675,15.636759594816365,41.54023895518701,18.68243125682526,-74.04546732101946,17.781060428720097,146.67068533203378,15.921508065805046,44.2975531503501,16.794629012905653,-9.440632272026955,750.0778460254439,626.6079108799154,0.0,0.0,0.0,0.0,0.0,0.0,0.0,0.0,0.0,0.0,0.0,0.0,0.0,0.0,0.0,0.0,0.0,0.0,0.0,0.0,0.0,0.0,1.1500630263349217,0.35105708984582459,438.53754624142865,514.2010977781516,10857.95481484189,0.2403445245302458,0.0366826197390485,208.9153924683526,245.50064583200516,4928.891168897082,1.1836348054047408,0.22366492921480364,167.3281292074119,196.26270612942916,4097.977889998785,0.22157349741728733,0.04186951954219335,12.298773895256656,14.456651575788364,288.7476788666757,0.0,0.0,10.29951643148674,12.327328512827013,136.94061855102235,0.0,0.0,54.868323552929847,64.99495217367238,1054.6017259734629,0.0,0.0,289.2866543530621,343.2408084117171,5267.697873442571,0.0,0.0,37.94032707767719,45.35707793838834,528.4504269718675,0.0,0.0,162.80932455295247,194.13476702720738,2505.4312377201274,32.15504684718609,22.054215944572087,377.6263052605105,445.1988693571549,8852.430477656639,0.0,0.0,193.92447745204692,231.36530142264588,2926.1792341371394,1862.026138609686,21.659886262785773,37.546666737599299,21.999999999999994,29.99999999999999,0.0,21.05631915710258,38.98118622468428,15.999999999999993,29.99999999999999,739.6257457795683,21.3642120648141,38.31276392709452,21.333333333333326,29.99999999999999,0.0,20.790286923212677,46.54390567393698,18.999999999999994,29.99999999999999,0.0,15.739689127678409,53.29699472171528,11.999999999999995,29.99999999999999,0.0,18.77013955994524,44.723011842144519,15.999999999999993,29.99999999999999,0.0,18.251054520399437,46.08272946638515,9.999999999999997,29.99999999999999,0.0,16.060600481088309,52.70766024531889,15.999999999999993,29.99999999999999,0.0,16.804195289937768,50.37871111883467,15.999999999999993,29.99999999999999,0.0,20.03068293242051,0.0,0.0,0.0,16.637510651707698,0.0,0.0,545.708741264819,551.5976343197975,554.4001760150492,964.0361986323051,535.4174956036698,572.0944705761048,557.6894115591825,555.9182880057176,559.6940612516737,9217.40180063697,81.91020424584635,81.91020424584636,161.99999999999995,0.0,161.99999999999995,161.99999999999995,16.0,19.0,16.0,16.0,16.0,12.0,21.0,10.0,1.0,0.0,1862.026138609686,0.0,739.6257457795683,0.0,0.0,0.0,0.0,0.0,0.0,0.0,0.0,81.91020424584635,81.91020424584635,0.3399999999999999,0.7693728981871103,0.36028137401965945,81.91020424584635,0.35426478194388735,0.0,0.0032310000000000005 
 02/19  17:30:00,9.065000000000002,84.5,3.73,0.0,0.0,0.0,4.0,0.0,0.0,0.0,0.0,0.0,0.0,0.0,0.0,258.0,0.0,0.0,0.0,0.0,0.0,0.0,0.0,0.0,0.0,0.0,0.0,21.397639043821813,-1528.7275012627952,20.751294643244223,256.6255392798075,21.038694450375837,-91.50190456921234,20.328503236049849,-76.86509364644152,15.649759402643888,42.28229160473737,18.540334529401627,-49.00424251269601,17.78369122003415,150.4183915275462,15.913746782265332,42.512637062977209,16.780376827865056,-12.112544822895416,731.5380866219002,652.3003407806436,0.0,0.0,0.0,0.0,0.0,0.0,0.0,0.0,0.0,0.0,0.0,0.0,0.0,0.0,0.0,0.0,0.0,0.0,0.0,0.0,0.0,0.0,1.2018192306418044,0.3668556870090979,374.57545839703536,438.4446264969142,9561.038005292212,0.26989060071854067,0.04119209412676139,246.61998511075405,289.42205777666626,5896.599838001395,1.1199352986926455,0.21162798539165643,61.85094792350145,72.54269687770625,1558.6170858143697,0.2415944146222661,0.04565276164441913,16.436259713696136,19.2783591613766,386.77250601051699,0.0,0.0,10.431018081132585,12.472977405460542,141.23233586060366,0.0,0.0,48.076754177852468,56.93009794577151,918.920635193228,0.0,0.0,283.3125352711239,335.8653206790822,5218.599171167105,0.0,0.0,37.6035199850127,44.91704716336196,531.4850555653833,0.0,0.0,163.3025072883527,194.56774997086598,2544.296152658717,32.52142328756031,22.305502940713525,296.979119435227,350.08356445883649,7075.456638591164,0.0,0.0,194.163012176282,231.50454835104325,2949.8765831642297,1832.968734847402,21.929530469378166,37.041980120771359,22.0,30.0,0.0,21.102882054244355,38.88926542106119,16.0,30.0,0.0,21.530644170385764,37.845957940165579,21.0,30.0,0.0,20.74141064649064,48.86111430204588,19.0,30.0,0.0,15.748369192574235,53.59355352461688,12.0,30.0,0.0,18.600924411323758,45.099023176109458,16.0,30.0,0.0,18.244022250434534,46.16307944874647,10.0,30.0,0.0,16.049962145421774,52.93030058184347,16.0,30.0,0.0,16.786596535835629,50.53071088296828,16.0,30.0,0.0,19.85612574309024,0.0,0.0,0.0,16.575253503616623,0.0,0.0,549.2257954499432,548.9396673309643,548.7666477043682,1094.830606988497,545.82932117158,560.073427387249,556.1759405244015,559.4717667859075,559.2509159321514,10233.132968487917,81.23853669517099,81.23853669517099,162.0,0.0,162.0,162.0,16.0,19.0,16.0,16.0,16.0,12.0,21.0,10.0,1.0,0.0,1832.968734847402,0.0,0.0,0.0,0.0,0.0,0.0,0.0,0.0,0.0,0.0,81.23853669517099,81.23853669517099,0.34,0.770853753196523,0.36028137401965956,81.23853669517099,0.3542647819438875,0.0,0.0032489999999999995 
 02/19  17:40:00,8.953333333333334,85.33333333333334,3.776666666666667,0.0,0.0,0.0,4.0,0.0,0.0,0.0,0.0,0.0,0.0,0.0,0.0,258.0,0.0,0.0,0.0,0.0,0.0,0.0,0.0,0.0,0.0,0.0,0.0,21.34623000872269,-1579.1789015274886,20.7371336688989,219.13288246290044,20.724158713342818,95.95334570836667,20.319484687386308,-84.39479895455529,15.664615097822257,41.556557507278757,18.436737243821385,-34.186975613381168,17.77799766332616,141.36956864055996,15.90268144495333,39.137423569611559,16.75898054845848,-22.686478616495159,789.4817628743633,678.7382739844431,0.0,0.0,0.0,0.0,0.0,0.0,0.0,0.0,0.0,0.0,0.0,0.0,0.0,0.0,0.0,0.0,0.0,0.0,0.0,0.0,0.0,0.0,1.195535246365912,0.3649374988906936,444.57808604391439,520.5470185071177,11262.91599316918,0.2482852848151687,0.03789457948949462,206.3653614214848,242.06328777549488,4983.7521177766579,1.2344611608102386,0.23326930476383968,178.21146363514118,209.06904542479118,4346.2316700366759,0.21247340075857436,0.040149924557553739,10.85921225125119,12.737245232492164,258.63147229065455,0.0,0.0,10.442066075468967,12.484527631377333,143.95698755316944,0.0,0.0,38.2041351705176,45.23609108901986,730.1916885072536,0.0,0.0,276.4749273346031,327.7529920235203,5139.623896753474,0.0,0.0,38.02320841334513,45.4184480679648,544.6949867996875,0.0,0.0,165.18378531952414,196.8272113025609,2600.4229787261326,32.618882516353568,22.372347404906443,382.7411648197008,450.57375901234789,9208.949225869885,0.0,0.0,196.5667548403806,234.41113868179498,3007.74450917783,1702.0235729197196,21.758501939115996,37.520780230808799,22.000000000000008,30.00000000000001,0.0,21.10440851094821,39.18210192394826,21.000000000000008,30.00000000000001,0.0,21.170438736088856,39.306375228591779,21.000000000000008,30.00000000000001,0.0,20.713561054805177,50.774834752829899,19.000000000000008,30.00000000000001,0.0,15.759296861753576,53.79143537591206,12.000000000000004,30.00000000000001,0.0,18.489516394636028,45.51192660265217,16.000000000000008,30.00000000000001,0.0,18.216087431950233,46.435287099165318,10.000000000000004,30.00000000000001,0.0,16.033056773880426,53.11880792947207,16.000000000000008,30.00000000000001,0.0,16.755052087087873,50.77687052067575,16.000000000000008,30.00000000000001,0.0,20.081352957314768,0.0,0.0,0.0,16.51560374332805,0.0,0.0,546.9368941169635,559.9761234503087,577.1524396743826,1203.3059416924317,550.4532106223655,557.9402651662708,556.4739509510267,556.8009811894688,556.3456743892983,8678.430092755934,82.26663235743456,82.26663235743456,162.00000000000007,0.0,162.00000000000007,162.00000000000007,21.0,19.0,16.0,16.0,16.0,12.0,21.0,10.0,1.0,0.0,1702.0235729197196,0.0,0.0,0.0,0.0,0.0,0.0,0.0,0.0,0.0,0.0,82.26663235743456,82.26663235743456,0.34000000000000016,0.770808416508519,0.36028137401965967,82.26663235743456,0.3542647819438876,0.0,0.003267 
 02/19  17:50:00,8.841666666666667,86.16666666666666,3.8233333333333334,0.0,0.0,0.0,4.0,0.0,0.0,0.0,0.0,0.0,0.0,0.0,0.0,258.0,0.0,0.0,0.0,0.0,0.0,0.0,0.0,0.0,0.0,0.0,0.0,21.116280908599188,-1485.2699115282053,21.046131832860575,-82.28147772091904,20.92971768356845,-128.2340776527917,20.315738666512727,-84.42481692155755,15.677447455019206,37.57698724316751,18.342506559394438,-37.65979219993028,17.741326882119645,122.8242388019953,15.887013825393723,30.884526453461036,16.731568389236725,-43.3723819037732,563.3527408801093,645.3020605292422,0.0,0.0,0.0,0.0,0.0,0.0,0.0,0.0,0.0,0.0,0.0,0.0,0.0,0.0,0.0,0.0,0.0,0.0,0.0,0.0,0.0,0.0,1.2056491481362913,0.3680247704933734,322.0890166765074,377.92465605771226,7620.773644588286,0.24844839142119388,0.037919473660133377,152.4869218868289,178.14822939936372,3947.974790926537,1.2136606415458156,0.22933874556799248,118.15967484650577,137.98228597180165,3089.264890766787,0.1777555177845923,0.033589478039416528,14.414543201967428,16.916865957820133,343.6152505165559,0.0,0.0,10.158253100293603,12.1431309126159,142.46084847104249,0.0,0.0,40.94347111545015,48.50039057737075,783.3354448583848,0.0,0.0,268.4723774864768,318.32063388014896,5010.8893983642869,0.0,0.0,36.67341776337717,43.80502740195095,531.7838380046287,0.0,0.0,156.52293987170556,186.5161443863754,2486.4625187872768,32.57242349660304,22.3404825079582,264.3792069169437,310.89611812268216,6502.922780300448,0.0,0.0,186.54109971675647,222.55496661667196,2838.695539719176,1489.4677496211962,21.22997547605452,38.930445501633418,22.0,30.0,909.7182501550134,21.515372999578326,38.40497360965671,21.5,30.0,836.6728993063709,21.510344283221607,39.40729375900881,21.5,30.0,0.0,20.695999228196933,51.571435144893758,19.0,30.0,0.0,15.7657222594644,53.97116072834311,12.0,30.0,0.0,18.383047260386534,45.953049955578418,16.0,30.0,0.0,18.13817387539725,46.807063906819909,10.0,30.0,0.0,16.007990677955897,53.35484164754249,16.0,30.0,0.0,16.713563692065088,51.05583841076833,16.0,30.0,0.0,19.163175966659638,0.0,0.0,0.0,16.3590864365542,0.0,0.0,529.4927162340032,567.3576764891607,628.8883714243053,1242.1274945927394,552.4792468173689,556.3201103334002,555.8592450253846,554.8915262772478,554.4260780837269,8284.52078003922,82.52703384995823,82.52703384995823,162.0,0.0,162.0,162.0,21.0,19.0,16.0,16.0,16.0,12.0,21.0,10.0,1.0,0.0,1489.4677496211962,909.7182501550134,836.6728993063709,0.0,0.0,0.0,0.0,0.0,0.0,0.0,0.0,82.52703384995823,82.52703384995823,0.34,0.766598778034828,0.36028137401965956,82.52703384995823,0.3542647819438875,0.0,0.0032310000000000005 
 02/19  18:00:00,8.73,87.0,3.87,0.0,0.0,0.0,4.0,0.0,0.0,0.0,0.0,0.0,0.0,0.0,0.0,645.0,0.0,0.0,0.0,0.0,0.0,0.0,0.0,0.0,0.0,0.0,0.0,21.237152092456357,-662.1959267132924,21.15297084643287,-319.9608247765444,20.96254009516642,-244.8120186315046,20.31692567477699,-78.40704093377244,15.69073230878989,37.527690010284427,18.268018304507199,-23.446145308382147,17.744486764461756,92.84785846075576,16.38074197373086,-26.406379867710123,16.697291895501544,-57.78530403380628,678.4227992239631,706.7109722519851,0.0,0.0,0.0,0.0,0.0,0.0,0.0,0.0,0.0,0.0,0.0,0.0,0.0,0.0,0.0,0.0,0.0,0.0,0.0,0.0,0.0,0.0,1.2237596848445596,0.37355301735181919,280.6374264513989,329.39756401872168,7117.738936367661,0.2255914385288679,0.034430927736396197,128.96718398397659,151.37502110721278,3269.462392499929,1.1775982723261858,0.22252423891273363,112.37087833065108,131.93439014307189,2857.2036561085026,0.2260050016344723,0.04270691640863043,11.84748197523885,13.925280224357693,286.7478601821896,0.0,0.0,10.11358198757778,12.107730399734136,144.24313257288589,0.0,0.0,31.219525745829544,37.06207114821555,599.9599052792676,0.0,0.0,263.44643287892577,312.8079055767182,4981.987913841223,0.0,0.0,26.955489592325049,32.165019078026329,440.8630770659537,0.0,0.0,169.32031373014508,202.06430282640054,2710.556025747565,33.04782981696748,22.666549943050407,210.38854074874508,248.40632263889516,5328.72948433789,0.0,0.0,192.8937491835378,230.45889694881076,2972.610658001594,1030.0303599490908,21.504508254250657,38.93808943317192,21.6,30.0,0.0,21.51244557629565,38.6120380142166,21.0,30.0,0.0,21.42542975060842,39.032960844591787,21.0,30.0,0.0,20.690161524702849,52.561120932089277,19.0,30.0,0.0,15.77427860171341,54.11378608640849,12.000000000000002,30.0,0.0,18.31083990290546,46.28887359906035,16.0,30.0,0.0,18.154083507530367,47.04580966623749,10.0,30.0,494.1334398277479,16.858900504964084,50.668044453984467,16.6,30.0,0.0,16.6640763150961,51.40034958108691,16.0,30.0,0.0,19.617883184213935,0.0,0.0,0.0,16.344770998074936,0.0,0.0,582.4602182557408,562.0796608493947,575.7641963476706,1297.3184359112864,554.0566154499443,556.9478247539856,560.8837547252839,555.0952881841228,556.1046700318009,5878.789798873066,81.95440669323007,83.36746664845218,162.0,0.0,162.0,162.0,21.0,19.0,16.0,16.0,16.0,12.0,21.0,10.0,1.0,0.0,1030.0303599490908,0.0,0.0,0.0,0.0,0.0,494.1334398277479,0.0,2138.4654279859098,1283079.2567915458,1662786.7924598866,81.95440669323007,83.39146509752898,0.20728218093286367,0.459372043453976,0.21616882441179575,83.39146509752898,0.21255886916633252,1662786.7924598866,0.08965991320791411 
 02/19  18:10:00,8.63,87.33333333333333,3.9233333333333335,0.0,0.0,0.0,0.0,0.0,0.0,0.0,0.0,4.0,0.0,0.0,0.0,390.0,0.0,0.0,0.0,0.0,0.0,0.0,0.0,0.0,0.0,0.0,0.0,21.255170431460124,-600.2421420405362,20.895163717460045,-64.2946249122868,21.34303324495651,-1594.0782593901068,20.313615556434713,359.2700139747835,15.704537940038673,36.41907131407909,18.19637657271457,-25.120819612077946,17.699260965926919,136.0492404669676,16.23052480172267,-11.65260135868482,16.664004204854483,-52.958341859853138,756.5838374471032,688.4648553261908,0.0,0.0,0.0,0.0,0.0,0.0,0.0,0.0,0.0,0.0,0.0,0.0,0.0,0.0,0.0,0.0,0.0,0.0,0.0,0.0,0.0,0.0,1.2534623129024563,0.3826197536332284,266.4956404270045,311.8597881711392,6991.16564746684,0.2513770804744298,0.038366465273875129,16.13280884826549,18.901196665414017,411.6242067582846,1.0353454390963664,0.19564350700989548,386.60170680090178,452.3827236740998,10189.018481917845,0.2705245521036974,0.05111952987598212,260.9523409983748,306.2464493831868,6347.6543741461659,0.0,0.0,10.200696518592994,12.201527285901435,147.7619971266381,0.0,0.0,33.81349886082323,40.0959347627873,651.4015150538434,0.0,0.0,262.12621757707407,311.0581718806607,4970.383545397516,0.0,0.0,25.66378840301153,30.6152997599887,409.46535294235698,0.0,0.0,165.48752765813249,197.40594654962917,2668.1573019283134,33.30502480810529,22.8429525432821,386.32105642292938,455.4010802972658,9326.853771286627,0.0,0.0,188.44762508874397,225.0667752624306,2909.754049204819,1004.2287470432402,21.618274885358376,40.913601040784929,21.666666666666666,30.0,0.0,21.30418459266476,42.18389292805747,21.0,30.0,2212.5602714201115,21.924969795095664,40.95811049918563,21.333333333333333,30.0,0.0,20.779135405311615,44.11734518596655,16.0,30.0,0.0,15.784425490428628,54.319154747135289,12.0,30.0,0.0,18.235164877177163,46.70717392959773,16.0,30.0,0.0,18.073892019443919,48.22317650547876,10.0,30.0,0.0,16.538749200986456,51.935866460888437,16.0,30.0,0.0,16.61875167512899,51.81087967360537,16.0,30.0,0.0,19.615434181500644,0.0,0.0,0.0,16.256229919938133,0.0,0.0,725.6402918518704,739.4765023459843,774.0766554823179,783.3824329506381,557.1218041327701,559.9976427524861,605.4604320876965,558.7491155164869,561.2090588482852,9732.520754356612,81.56959031619033,83.84667548980137,240.0,0.0,240.0,240.0,21.0,16.0,16.0,16.0,16.0,12.0,21.0,10.0,1.0,0.0,1004.2287470432402,0.0,2212.5602714201115,0.0,0.0,0.0,0.0,0.0,3446.1619616989985,2067697.177019399,2681402.8923431818,81.56959031619033,83.88534795545329,0.3415387320566333,0.7716860085748729,0.36028137401965956,83.88534795545329,0.3542647819438875,2681402.8923431818,0.14411295040184547 
 02/19  18:20:00,8.530000000000002,87.66666666666667,3.9766666666666676,0.0,0.0,0.0,0.0,0.0,0.0,0.0,0.0,4.0,0.0,0.0,0.0,522.0,0.0,0.0,0.0,0.0,0.0,0.0,0.0,0.0,0.0,0.0,0.0,21.127090462695564,-361.618090052919,20.902720821811636,-81.90009135184849,21.179435832926534,-1429.1635868578847,20.383551642467915,224.1525375579788,15.718455843151056,35.53821538284538,18.131673562867229,-17.596222716636278,17.706763613709009,56.69793562046743,16.088413219227819,-2.318063808259325,16.63426952993096,-57.54536968128241,735.435231267543,749.2022906463894,0.0,0.0,0.0,0.0,0.0,0.0,0.0,0.0,0.0,0.0,0.0,0.0,0.0,0.0,0.0,0.0,0.0,0.0,0.0,0.0,0.0,0.0,1.2272345900587745,0.37461373322917415,215.20016332957358,252.3447573974521,5551.948981958786,0.20402328029890777,0.031139084294705096,16.247347949602596,19.05705966109755,416.8186882541172,1.2089149618309423,0.22844198069367778,366.1507515396322,429.47662075129849,9388.293644686937,0.27600752118065299,0.05215561624728891,217.96054732082079,256.0871877437785,5373.980742289685,0.0,0.0,10.063329855453415,12.043299324626974,148.00388986683505,0.0,0.0,23.947136327846694,28.42596622783988,463.2062830307113,0.0,0.0,263.37687519487687,312.6595672661499,5041.866074195785,0.0,0.0,31.185651772166247,37.24991490557328,489.1572604659052,0.0,0.0,172.62254739808527,205.99548045811765,2804.155411845275,33.34107291852658,22.867676898852257,349.26924529985799,411.8841423359704,8585.613478850122,0.0,0.0,199.8381294218982,238.73480112865819,3119.5743448761215,520.7518278744947,21.433826783407829,41.408289985287968,21.25,30.0,0.0,21.318382152753097,45.347862579143377,21.0,30.0,1874.201177423754,21.477291911528689,41.08524432027598,21.5,30.0,0.0,20.893126582996854,42.912397395508047,16.0,30.0,0.0,15.795758319700982,54.70164749456593,12.0,30.0,0.0,18.17033710338476,47.33860170491496,16.0,30.0,0.0,18.065907757287417,48.778124350947717,10.0,30.0,0.0,16.294744271812456,53.29781409528485,16.0,30.0,0.0,16.578948161715898,52.70308016953266,16.0,30.0,0.0,19.544453461436594,0.0,0.0,0.0,16.240568567145936,0.0,0.0,718.6525905889519,927.8050879399283,699.7083789787645,728.886331929937,569.5043248599626,577.4376400095545,625.4011631031976,577.0513400578561,590.6648683212293,6900.037318761637,81.58119346477869,83.50559145050136,240.0,0.0,240.0,240.0,21.0,16.0,16.0,16.0,16.0,12.0,21.0,10.0,1.0,0.0,520.7518278744947,0.0,1874.201177423754,0.0,0.0,0.0,0.0,0.0,2912.035361364932,1747221.2168189593,2266204.9744530769,81.58119346477869,83.5382741168618,0.2670678453788311,0.5400381604361744,0.27021103051474468,83.5382741168618,0.2656985864579156,2266204.9744530769,0.12240265867156 
 02/19  18:30:00,8.43,88.0,4.03,0.0,0.0,0.0,0.0,0.0,0.0,0.0,0.0,4.0,0.0,0.0,0.0,524.0,0.0,0.0,0.0,0.0,0.0,0.0,0.0,0.0,0.0,0.0,0.0,20.975490593844527,-196.35436270281788,20.90067616008301,-77.11985685461853,21.20696809314721,-1120.9632601552949,20.385263652082068,255.70090505417665,15.730311280641132,33.69569686248403,18.073360469330138,-16.85533845869307,17.63618241908267,97.43328451627395,15.993959368779058,2.0772190671907539,16.604001271065667,-69.00958818562867,762.9793588524412,744.987111372958,0.0,0.0,0.0,0.0,0.0,0.0,0.0,0.0,0.0,0.0,0.0,0.0,0.0,0.0,0.0,0.0,0.0,0.0,0.0,0.0,0.0,0.0,1.2659856294557793,0.38644249983387649,249.56622491983527,293.4099452414448,6315.953935183791,0.17938758068847236,0.02737905688163498,16.556829023745853,19.401358651024787,427.40219963480367,1.2990016424837086,0.24546516297878102,402.82764204883366,472.4105792187571,10581.921251188356,0.2802847568438638,0.0529638618374648,216.92447443682119,254.76964533458315,5397.554438621368,0.0,0.0,9.945982170046392,11.900775766327712,148.44427476125413,0.0,0.0,27.82365542684245,33.02871927403359,540.6454792800927,0.0,0.0,265.33294588398987,315.08319133523238,5077.738407393141,0.0,0.0,33.542297763701167,40.08588548651133,522.7209467573916,0.0,0.0,169.09616111972714,201.7989354169532,2767.499030177277,33.554882459301968,23.01432267441837,379.0180451152868,447.0963157843223,9445.41883362159,0.0,0.0,197.55022833031419,236.04612768724085,3098.141469824924,0.0,21.122480437222955,41.82852090928969,21.0,30.0,0.0,21.318211946165105,47.66466782347778,21.0,30.0,920.8733138465145,21.59246794144067,40.42227897887031,21.5,30.0,0.0,20.912252886125147,42.250916727164398,16.0,30.0,0.0,15.804053072770392,55.38086531215944,12.0,30.0,0.0,18.112798172203847,48.28050828990925,16.0,30.0,0.0,17.95901166008869,49.695924110430869,10.0,30.0,0.0,16.13800897834972,54.99069917157203,16.0,30.0,0.0,16.538408095004397,54.004558988786197,16.0,30.0,0.0,19.79927560992962,0.0,0.0,0.0,16.171604951255888,0.0,0.0,689.3687271549303,1058.5284947349647,674.1481212767501,683.6687819239603,593.3895336970024,609.299596934245,645.8989910116404,619.720600370598,634.3488680169652,4794.056711381232,80.962712634251,80.962712634251,240.0,0.0,240.0,240.0,21.0,16.0,16.0,16.0,16.0,12.0,21.0,10.0,1.0,0.0,0.0,0.0,920.8733138465145,0.0,0.0,0.0,0.0,0.0,0.0,0.0,0.0,80.962712634251,80.962712634251,0.17,0.38558638797918179,0.18014068700982978,80.962712634251,0.17713239097194376,0.0,0.00444 
 02/19  18:40:00,8.33,88.33333333333333,4.083333333333334,0.0,0.0,0.0,0.0,0.0,0.0,0.0,0.0,4.0,0.0,0.0,0.0,1188.0,0.0,0.0,0.0,0.0,0.0,0.0,0.0,0.0,0.0,0.0,0.0,21.109351979273954,-529.4757508336873,20.900583619782588,-74.84730244433126,21.082563787172604,-893.7014743338751,20.378809710455984,250.4581378667292,15.74062896808524,35.55028914693158,18.8695382298905,-199.5876717044437,17.681571293868186,193.51531482699515,16.991754767018159,-37.66898276797731,16.566617666603105,-88.89255219708179,750.0831187478927,769.1932383253035,0.0,0.0,0.0,0.0,0.0,0.0,0.0,0.0,0.0,0.0,0.0,0.0,0.0,0.0,0.0,0.0,0.0,0.0,0.0,0.0,0.0,0.0,1.241202270353717,0.37887737190284495,147.81305657234126,173.5526984927771,3889.747167844443,0.17759443049263858,0.02710537705931609,16.992865061306824,19.931227804172854,442.0026650165772,1.2350778525203632,0.2333858375888825,271.1773606518341,318.4166958860035,7114.938665453089,0.2965770855527942,0.05604253317324165,247.23818750410283,290.7267510607029,6182.518588430145,0.0,0.0,10.551837716506127,12.629902875369586,159.74928735833275,0.0,0.0,63.68597114003144,75.21461183860153,1420.2169459478956,0.0,0.0,295.57784500776855,350.9713919022927,5780.829700016304,0.0,0.0,19.878300485009519,23.673470525199709,366.2963000065445,0.0,0.0,182.532186347219,217.92703638739276,3004.6069755622477,33.744574307548038,23.14442682273533,274.80902559798849,324.81337441468465,6891.791302091319,0.0,0.0,194.556685346449,232.61560545268646,3065.6216304298188,740.3392160629758,21.546142247090196,40.66811122233139,21.44444444444449,30.000000000000065,0.0,21.32472460275913,48.976775287890038,21.000000000000044,30.000000000000065,1165.0456657432695,21.51510755812299,40.393251483421057,21.33333333333338,30.000000000000065,0.0,20.911964504569775,42.067936874402679,16.000000000000033,30.000000000000065,0.0,15.811020409720241,55.96888679945028,12.000000000000029,30.000000000000065,1612.4322886901596,19.350113537944418,45.38310916918184,20.000000000000044,30.000000000000065,0.0,18.069467824414649,49.60065864643862,10.000000000000022,30.000000000000065,1349.2763157976925,17.681794654035405,50.38803339940364,20.700000000000047,30.000000000000065,0.0,16.4863746116025,54.605997330102869,16.000000000000033,30.000000000000065,0.0,19.493717486961616,0.0,0.0,0.0,16.110096112467955,0.0,0.0,677.5668930340103,1131.5584574248279,652.8232995701455,665.6209165996422,613.4280811271194,637.2438786679531,652.9994096997964,637.241729387754,647.5340663481128,10345.4261034973,81.16425477250697,84.28601720875095,240.0000000000005,0.0,240.0000000000005,240.0000000000005,21.0,16.0,19.0,16.0,19.7,12.0,21.0,10.0,1.0,0.0,740.3392160629758,0.0,1165.0456657432695,0.0,1612.4322886901596,0.0,1349.2763157976925,0.0,4724.370733202249,2834622.4399213457,3698082.303042713,81.16425477250697,84.33903509845844,0.34636791332896446,0.7674824712160085,0.36028137401966039,84.33903509845844,0.3542647819438883,3698082.303042713,0.19662027975822114 
 02/19  18:50:00,8.23,88.66666666666667,4.136666666666667,0.0,0.0,0.0,0.0,0.0,0.0,0.0,0.0,4.0,0.0,0.0,0.0,792.0,0.0,0.0,0.0,0.0,0.0,0.0,0.0,0.0,0.0,0.0,0.0,21.131732265179467,-559.3206969442559,20.896599155980306,-76.39226014955503,21.205388532109873,-970.8623214093581,20.36301096360664,306.78608670097818,15.75671945503123,37.936901677661378,18.958039267027453,-218.3254140032528,17.742391593185404,118.57804932497385,18.19790627101823,-132.44353749916744,16.533581431497276,-55.52310106327066,755.3717506163578,876.7310568090765,0.0,0.0,0.0,0.0,0.0,0.0,0.0,0.0,0.0,0.0,0.0,0.0,0.0,0.0,0.0,0.0,0.0,0.0,0.0,0.0,0.0,0.0,1.2374253974336008,0.3777244802910864,160.38849315625797,188.14190824712464,4271.348035045872,0.1739974347667077,0.02655638503765377,17.28674638605381,20.278719210725585,452.82133774737636,1.2305216579262642,0.2325248786708736,282.73754294179397,331.57120311362515,7515.149678484239,0.30330836107704797,0.057314505116600047,272.32298211348816,320.09674794104537,6857.9104280211599,0.0,0.0,10.83089327615962,12.959984546523259,166.5514344769656,0.0,0.0,73.65871850177848,87.03931970536702,1654.4710556165383,0.0,0.0,311.49830416730767,369.7094126150303,6201.163255124266,0.0,0.0,29.705520903282634,35.0247840704553,688.4315683108579,0.0,0.0,206.11588041848018,246.06033523821498,3419.148054450918,33.90436028809902,23.254019401988328,285.31958997260088,336.91437114748518,7216.25443823573,0.0,0.0,210.2105342923747,251.10089380582193,3419.099016843158,830.5592185354617,21.55704080031237,40.690819197573237,21.49999999999997,29.999999999999959,0.0,21.32267079595074,49.79040284712383,20.99999999999997,29.999999999999959,1278.946243871241,21.578723653884667,40.14416074409765,21.333333333333305,29.999999999999959,0.0,20.89759304353376,42.01690541828864,15.999999999999977,29.999999999999959,0.0,15.82976156262084,56.4804800199739,11.999999999999983,29.999999999999959,0.0,19.473880483869956,45.55483443202989,18.99999999999997,29.999999999999959,0.0,18.15399781025373,49.532757405389059,9.999999999999986,29.999999999999959,1269.6024733797427,19.731485482747595,44.59283875468314,20.69999999999997,29.999999999999959,0.0,16.44734430864134,54.98581629328429,15.999999999999977,29.999999999999959,0.0,19.470411327807008,0.0,0.0,0.0,16.265177256159715,0.0,0.0,674.8495789449265,1170.8350510671265,640.5839634826562,653.6758989238255,631.2680716991305,657.9103029025737,657.7533145964471,648.0936899674523,653.4422699355612,9544.996613372197,81.69359898401068,82.85606696261456,239.99999999999967,0.0,239.99999999999967,239.99999999999967,21.0,16.0,19.0,16.0,19.7,12.0,21.0,10.0,1.0,0.0,830.5592185354617,0.0,1278.946243871241,0.0,0.0,0.0,1269.6024733797427,0.0,1759.2532056703515,1055551.9234022124,1367375.49371057,81.69359898401068,82.8758095280201,0.341975106855678,0.7699533760388142,0.360281374019659,82.8758095280201,0.354264781943887,1367375.49371057,0.07546352567294965 
 02/19  19:00:00,8.13,89.0,4.19,0.0,0.0,0.0,0.0,0.0,0.0,0.0,0.0,4.0,0.0,0.0,0.0,264.0,0.0,0.0,0.0,0.0,0.0,0.0,0.0,0.0,0.0,0.0,0.0,21.194761803573614,-787.6791765249525,20.891371049620518,-90.60991052062019,20.99750069848094,-543.5315037266801,20.283275252731536,48.17080291365767,15.771452814511673,35.47398518484266,19.043791433673897,-199.02293525208393,17.6776188794387,78.26093018923257,18.831137545627877,-244.57941379737304,16.530064000037286,-41.36334665465165,722.5245744029116,931.8197658256004,0.0,0.0,0.0,0.0,0.0,0.0,0.0,0.0,0.0,0.0,0.0,0.0,0.0,0.0,0.0,0.0,0.0,0.0,0.0,0.0,0.0,0.0,1.2174954262192559,0.3716408504942784,161.580100583661,188.78246618381179,4405.890612376209,0.12491368839435235,0.019064970756158787,21.919340033805228,25.628846724706429,576.0315969653508,1.2877534928458868,0.2433396622913619,239.14862354499173,280.2652124250218,6312.844821218445,0.2803203574128301,0.05297058908027778,159.28394730756603,187.32296108733028,4024.6068307907469,0.0,0.0,10.291975251343912,12.293596067137518,160.69789138071759,0.0,0.0,66.24692334193348,78.15777977447283,1498.735670060476,0.0,0.0,302.88890951328508,359.0415586452991,6014.9528509576889,0.0,0.0,41.16680426611205,48.32757406622627,1031.4134135604566,0.0,0.0,210.01664814657077,250.28595982562696,3530.95914381247,33.804969505653307,23.18585014105166,242.61760027260096,286.3385118408927,6192.57751715025,0.0,0.0,214.96645767046858,256.2651468724178,3579.8827329864145,1171.6325167220126,21.61203611376075,40.7497142275696,21.5,30.0,0.0,21.316857517611348,50.10897203866497,21.0,30.0,1135.9881403488526,21.423538753946809,40.83064132711591,21.5,30.0,0.0,20.735322857926528,42.591106928195838,16.0,30.0,0.0,15.845837407062867,56.851031004592957,12.0,30.0,948.15092105037,19.507391017171796,45.53905717685372,19.5,30.0,0.0,18.02086918318674,50.08954707586467,10.0,30.0,1079.9040595282632,20.73740819950901,42.12616696847646,20.7,30.0,0.0,16.457280184253887,55.059869240826859,16.0,30.0,0.0,19.363264051520937,0.0,0.0,0.0,16.36188152826484,0.0,0.0,683.075006865028,1181.2790978165038,658.5275790282066,660.4022275011956,643.8323505493044,658.0375060381336,662.6659064407448,655.4619593576978,655.8848228229126,11412.786337252048,80.4581301781732,84.51242008375994,240.0,0.0,240.0,240.0,21.0,16.0,19.0,16.0,19.7,12.0,21.0,10.0,1.0,0.0,1171.6325167220126,0.0,1135.9881403488526,0.0,948.15092105037,0.0,1079.9040595282632,0.0,6134.589728700327,3680753.837220196,4762636.7733433409,80.4581301781732,84.58127538567561,0.37448632429001096,0.7721927709041114,0.36028137401965956,84.58127538567561,0.3542647819438875,4762636.7733433409,0.2520571122138537 
 02/19  19:10:00,8.085,89.16666666666667,4.255000000000001,0.0,0.0,0.0,0.0,1.0,2.0,0.0,0.0,4.0,0.0,0.0,0.0,530.0,0.0,0.0,0.0,0.0,0.0,0.0,0.0,0.0,0.0,0.0,0.0,21.033556479573489,-416.0297888862535,20.877602294739334,-99.6366381688616,21.307186668811619,-1532.3473016291014,20.230079626077936,385.33922335024206,15.779557708972798,32.10691372598028,19.189794836008436,-52.131779069319737,17.57727489428741,33.117328094179359,18.660059768312608,-208.8061274739867,16.527762903410115,-45.46422616918767,778.0039651515167,868.4612017128686,0.0,0.0,0.0,0.0,0.0,0.0,0.0,0.0,0.0,0.0,0.0,0.0,0.0,0.0,0.0,0.0,0.0,0.0,0.0,0.0,0.0,0.0,1.2749708751215643,0.38918524881610636,214.26389726385907,251.19812929454108,5695.577899727006,0.14043984685767439,0.021434653061305616,23.667773627517673,27.72627331470123,623.1648198267574,1.1880026557821584,0.22449029776684785,368.4168286986712,431.54641288488429,9911.707792452944,0.30004125343766738,0.056697137837805607,286.6347513358014,336.9644598042602,7197.037930360504,0.0,0.0,9.768578244777153,11.681578911804554,153.44868679848944,0.0,0.0,12.688015145974063,14.96676581407316,295.30026707882629,0.0,0.0,230.1298981288239,273.30687325914286,4505.694869907709,0.0,0.0,43.70770825811302,51.49080913002342,1051.0754834602936,0.0,0.0,194.70271306944967,232.3274404546063,3293.499639937822,33.97491196791492,23.3024087571433,365.526619920729,431.0464821480557,9211.686243471788,0.0,0.0,199.67062340883164,238.43799096499709,3294.2710021752038,564.4565814549605,21.348189228311417,41.38656763579066,21.25,30.0,0.0,21.29726261998662,49.61438903758352,21.0,30.0,1816.6880757484219,21.6584501240999,40.09590567513192,21.5,30.0,0.0,20.7038619264603,42.78062449979217,16.0,30.0,0.0,15.849933909516093,57.068418254169269,12.0,30.0,0.0,19.752250079368044,46.597611678148968,19.0,30.0,0.0,17.83261531057498,50.82953623734723,10.0,30.0,631.4543215264366,20.156851098678584,44.58961670384871,19.95,30.0,0.0,16.46594875141887,55.23480004669399,16.0,30.0,0.0,19.5144219576604,0.0,0.0,0.0,16.236031021549047,0.0,0.0,678.59109264416,1144.8650986398753,645.0510081837149,664.3471079324378,650.5726241650716,761.1134706970244,664.515874063424,703.6783327686948,661.5463163546265,7393.221996869309,80.96936334398444,84.46449789951258,270.0,0.0,270.0,270.0,21.0,16.0,19.0,16.0,19.7,12.0,21.0,10.0,1.0,0.0,564.4565814549605,0.0,1816.6880757484219,0.0,0.0,0.0,631.4543215264366,0.0,5289.440992708627,3173664.595625176,4145127.59500762,80.96936334398444,84.52385688731589,0.2613146997569542,0.5384803174605877,0.27021103051474468,84.52385688731589,0.2656985864579156,4145127.59500762,0.22054163494039628 
 02/19  19:20:00,8.040000000000001,89.33333333333334,4.32,0.0,0.0,0.0,0.0,1.0,2.0,0.0,0.0,4.0,0.0,0.0,0.0,532.0,0.0,0.0,0.0,0.0,0.0,0.0,0.0,0.0,0.0,0.0,0.0,21.035243351809485,-536.9361297125124,20.867468518457384,-91.71278977164093,21.173350552872738,-561.5132802144042,20.254201554815749,112.08908962679959,15.786990932461594,31.441692692490265,18.973722811605648,-46.1492973805281,17.53151363189594,67.38755853170847,18.803063568605866,-252.55564663672954,16.503692392287208,-57.9417751792289,720.1560367025472,916.7566254827639,0.0,0.0,0.0,0.0,0.0,0.0,0.0,0.0,0.0,0.0,0.0,0.0,0.0,0.0,0.0,0.0,0.0,0.0,0.0,0.0,0.0,0.0,1.2372823829344082,0.3776808250715532,223.61397498770783,262.72252876201096,5866.0505258648049,0.1275920528636601,0.019473756542072668,23.816022549805294,27.895881813977988,628.2013407753341,1.36096833813285,0.2571746670696996,296.44738631242566,348.0479187467311,7882.016426584342,0.2792198059115875,0.05276262394398856,182.7536849350407,214.75420643017578,4613.323766025517,0.0,0.0,9.857542093304233,11.786672392290596,155.80653530901285,0.0,0.0,12.788787759225129,15.097545463705427,290.9384055715178,0.0,0.0,230.65839661640707,273.9649159597451,4509.095255174918,0.0,0.0,47.86280439369993,56.335084198457028,1172.794494775245,0.0,0.0,195.45701310911159,233.22463905872247,3310.957466044427,34.026501470772519,23.33779250395921,294.804359800416,348.1985870980194,7568.288776543159,0.0,0.0,200.74362018887354,239.70868868462183,3320.571363146994,692.4749367772823,21.27779977457193,41.74469795197376,21.25,30.0,0.0,21.284048004604509,49.473335205544859,21.0,30.0,856.5192187747376,21.48360827950615,40.72086400748089,21.25,30.0,0.0,20.714136428924897,42.87675612725195,16.0,30.0,0.0,15.854075907695773,57.420363441833938,12.0,30.0,0.0,19.430012174532366,49.7629032438737,19.0,30.0,0.0,17.770693718947287,51.45296301744306,10.0,30.0,486.8963979009591,20.34486200321396,44.602330361402739,20.2,30.0,0.0,16.43283627033403,55.99069709410378,16.0,30.0,0.0,19.41304715103133,0.0,0.0,0.0,16.211524610653716,0.0,0.0,686.1565446428449,1131.6138073987434,654.7672896617402,668.4921471975079,661.6249653258363,890.4639585429525,679.282399589499,727.5125787451983,683.2568988086498,7952.787962386528,82.74638693535862,82.74638693535862,270.0,0.0,270.0,270.0,21.0,16.0,19.0,16.0,19.7,12.0,21.0,10.0,1.0,0.0,692.4749367772823,0.0,856.5192187747376,0.0,0.0,0.0,486.8963979009591,0.0,0.0,0.0,0.0,82.74638693535862,82.74638693535862,0.34,0.7705678696212757,0.36028137401965956,82.74638693535862,0.3542647819438875,0.0,0.004965000000000001 
 02/19  19:30:00,7.995000000000001,89.5,4.385,0.0,0.0,0.0,0.0,1.0,2.0,0.0,0.0,4.0,0.0,0.0,0.0,266.0,0.0,0.0,0.0,0.0,0.0,0.0,0.0,0.0,0.0,0.0,0.0,21.407902344850585,-1134.5595010098069,20.860962946487775,-72.47792759432997,20.971437572146504,-226.00132443017356,20.174318070758447,154.53217576504313,15.79373476314938,31.59551527857181,18.813226122427169,-56.544896198283769,17.601891849818935,172.58684403924964,18.708488730036057,-208.3202986001039,16.481042103307133,-67.3414369748075,810.1061748889861,847.7019134502625,0.0,0.0,0.0,0.0,0.0,0.0,0.0,0.0,0.0,0.0,0.0,0.0,0.0,0.0,0.0,0.0,0.0,0.0,0.0,0.0,0.0,0.0,1.0876399594551969,0.3320024296261285,263.8311180163876,308.13299541876617,7209.681401872881,0.15888089763525876,0.024249221250802624,16.168270771574254,18.930305357528814,429.6204834785218,1.6568487023504626,0.31308554466184115,336.7238982543189,394.8069136122057,8780.528130491624,0.3056793377125975,0.05776253547101236,218.20605771924824,256.44238096335428,5481.45555609537,0.0,0.0,10.716273754127027,12.790077584068309,170.45906273530768,0.0,0.0,14.262368981670456,16.8122598366039,318.1241400438084,0.0,0.0,233.522779812783,276.7469305072441,4655.852108258856,0.0,0.0,41.68313841579003,49.05380163319217,1000.5143429459273,0.0,0.0,187.17291136655428,223.01098179760249,3177.6087587712547,34.24376628897626,23.48680815430471,334.61160602208397,394.32401364152397,8501.054407662861,0.0,0.0,191.23806101486663,228.1544056746975,3107.893959758687,1349.2955598561017,21.90626983128472,40.07407460535055,22.0,30.0,0.0,21.279494855914288,50.141805542172658,21.0,30.0,0.0,21.084391950064174,42.032045453064949,21.0,30.0,0.0,20.60272806590139,43.06404833586879,16.0,30.0,0.0,15.857544016359988,57.76660435845098,12.0,30.0,0.0,19.162131627557245,51.945730003905,19.0,30.0,0.0,17.92111281144044,51.23887099295086,10.0,30.0,899.6495479216874,20.08968768997744,45.5616283154278,20.2,30.0,0.0,16.404380513647216,56.29838756398861,16.0,30.0,0.0,19.568016700158517,0.0,0.0,0.0,16.019464319850948,0.0,0.0,680.7354882404294,1168.6488841546032,673.260233096501,659.91951254681,672.3364136533373,973.7450905400867,690.1958697726327,743.4964826945029,690.5021433143877,9645.02792215073,81.62744625298005,81.62744625298005,270.0,0.0,270.0,270.0,21.0,16.0,19.0,16.0,19.7,12.0,21.0,10.0,1.0,0.0,1349.2955598561017,0.0,0.0,0.0,0.0,0.0,899.6495479216874,0.0,0.0,0.0,0.0,81.62744625298005,81.62744625298005,0.34,0.7674814780700416,0.36028137401965956,81.62744625298005,0.3542647819438875,0.0,0.004935000000000001 
 02/19  19:40:00,7.950000000000001,89.66666666666667,4.45,0.0,0.0,0.0,0.0,1.0,2.0,0.0,0.0,4.0,0.0,0.0,0.0,399.0,0.0,0.0,0.0,0.0,0.0,0.0,0.0,0.0,0.0,0.0,0.0,21.442073022333113,-1111.8115129990495,20.864470497724115,-69.33950776593938,21.46565775047659,-1185.0097034052818,20.245595268951506,524.3512191303645,15.804770109398963,34.77341870247872,18.71186746530258,-52.417308301366848,17.666865281574496,108.37411643722598,19.15355202634037,-288.0186503089481,16.44680417339964,-71.69079525093977,825.9125467537524,993.0589664839919,0.0,0.0,0.0,0.0,0.0,0.0,0.0,0.0,0.0,0.0,0.0,0.0,0.0,0.0,0.0,0.0,0.0,0.0,0.0,0.0,0.0,0.0,1.1519501395626793,0.35163313173463986,330.6603408891619,386.87792432194706,9160.090143398822,0.19061416781762514,0.02909251645568152,21.09559186201968,24.688244974547226,562.3981327346622,1.3307255059361803,0.25145984617085828,419.0625859582485,490.09128668083658,11671.346373749664,0.3399231900290928,0.064233407034976,340.5054144730964,399.7425323204948,8702.660914609234,0.0,0.0,11.015707947903567,13.15749842098553,176.44240826545124,0.0,0.0,15.01291944225857,17.72225877904811,332.1849097449884,0.0,0.0,248.9633798718119,295.2211173341274,5019.395559418467,0.0,0.0,47.45058197347761,55.71675146579308,1206.672819294475,0.0,0.0,205.85501404974054,245.48782887796808,3492.821622523236,34.6242480020554,23.747769548734874,428.55821562142776,505.0098803698237,10889.78689852234,0.0,0.0,210.83314056599648,251.58255239605209,3505.414642595765,1478.5232446853693,21.96135152674771,39.876961842933017,22.000000000000019,30.00000000000002,0.0,21.28835133614055,50.918742304447537,21.000000000000015,30.00000000000002,1802.7061871326183,22.004074072269597,39.70616164318857,21.33333333333335,30.00000000000002,0.0,20.784519615594865,42.81836982399818,16.000000000000015,30.00000000000002,0.0,15.869533738383357,58.00498999780274,12.00000000000001,30.00000000000002,32.713909950833819,19.017194738625084,52.87903182200887,19.000000000000015,30.00000000000002,0.0,17.996226183622473,51.065231403854067,10.000000000000007,30.00000000000002,777.4423517253297,20.750177310479804,43.90696610706691,20.36666666666668,30.00000000000002,0.0,16.355472602319219,56.74669557102782,16.000000000000015,30.00000000000002,0.0,19.686556425633588,0.0,0.0,0.0,16.164743570031847,0.0,0.0,673.9030963343139,1218.0810087321725,670.8112488521333,672.7061714441828,681.3854635738219,1005.7046679000232,691.8868088758613,748.8778752147846,700.4819667236452,9776.011475662848,81.54072970909863,84.08670806106076,270.0000000000002,0.0,270.0000000000002,270.0000000000002,21.0,16.0,19.0,16.0,19.7,12.0,21.0,10.0,1.0,0.0,1478.5232446853693,0.0,1802.7061871326183,0.0,32.713909950833819,0.0,777.4423517253297,0.0,3852.655904075286,2311593.5424451699,3029340.2957385017,81.54072970909863,84.12994722554515,0.3550885301358431,0.7661957274112746,0.3602813740196598,84.12994722554515,0.3542647819438878,3029340.2957385017,0.16243069537840208 
 02/19  19:50:00,7.905,89.83333333333333,4.515000000000001,0.0,0.0,0.0,0.0,1.0,2.0,0.0,0.0,4.0,0.0,0.0,0.0,532.0,0.0,0.0,0.0,0.0,0.0,0.0,0.0,0.0,0.0,0.0,0.0,21.15278628980509,-573.3998258985193,20.863749701773814,-99.68903358155177,21.109124164695137,-559.0742019641971,20.349490356152509,123.9285774253749,15.816407397337566,32.50695387170221,19.222264660872935,-57.70574822017427,17.615926818771425,-7.461511163795649,18.846018702784329,-205.9341541436571,16.44045575172995,-56.27263918249446,717.0872650151753,951.6180933366591,0.0,0.0,0.0,0.0,0.0,0.0,0.0,0.0,0.0,0.0,0.0,0.0,0.0,0.0,0.0,0.0,0.0,0.0,0.0,0.0,0.0,0.0,1.2932159826835772,0.3947545734687354,157.54770854299003,184.6503468732418,4246.817117122799,0.14872193505974488,0.022698708037201599,22.6788787214606,26.533075610513195,604.9650450198968,1.287741917071882,0.24333747488130809,217.1929638582233,254.96357409320943,5807.008281952751,0.28962426012868455,0.0547286961694415,201.1317724489555,236.4861768490287,5213.949526667937,0.0,0.0,10.002395633967334,11.954320000455362,161.31509762598899,0.0,0.0,13.675867497548279,16.109948916690269,325.6084391520287,0.0,0.0,240.37921419768439,285.2941475155919,4811.779191916759,0.0,0.0,42.93605668576722,50.567508130509498,1041.8667747590978,0.0,0.0,203.39604908516299,242.6574453135916,3471.2494532030316,34.49677536349108,23.660339755480856,223.02273453444577,263.65005820447967,5830.675454766895,0.0,0.0,208.50966847146834,248.9571813186124,3468.0113151706884,688.698368236079,21.384839717057994,41.808181379893927,21.25,30.0,0.0,21.28829254283364,50.97006895075525,21.0,30.0,854.2993914880883,21.393755679488387,41.228498708708,21.25,30.0,0.0,20.90666382957844,42.61793512869031,16.0,30.0,0.0,15.881632320935374,58.2284672483884,12.0,30.0,810.1398609646625,19.864282793257304,50.715368891642828,19.75,30.0,0.0,17.87392514726195,51.69694600286465,10.0,30.0,660.281946860066,20.088624025583259,45.891050594531758,20.2,30.0,0.0,16.360881179493757,56.92325285043415,16.0,30.0,0.0,19.159959533381615,0.0,0.0,0.0,16.12297538082202,0.0,0.0,703.341582225945,1221.3574045352978,669.3596796550708,679.1868716884708,690.6443565660892,1042.0426058785016,701.8230323780105,754.7762267303094,707.120137054141,10555.816864892164,81.02496427443495,83.09602985107719,270.0,0.0,270.0,270.0,21.0,16.0,19.0,16.0,19.7,12.0,21.0,10.0,1.0,0.0,688.698368236079,0.0,854.2993914880883,0.0,810.1398609646625,0.0,660.281946860066,0.0,3133.6450006159559,1880187.0003695735,2432896.474894725,81.02496427443495,83.13120342003445,0.3594548333538652,0.7717813849182967,0.36028137401965956,83.13120342003445,0.3542647819438875,2432896.474894725,0.13146061669452573 
 02/19  20:00:00,7.86,90.0,4.58,0.0,0.0,0.0,0.0,1.0,2.0,0.0,0.0,4.0,0.0,0.0,0.0,399.0,0.0,0.0,0.0,0.0,0.0,0.0,0.0,0.0,0.0,0.0,0.0,21.4278311680564,-1279.8710265938512,20.846280970798067,-79.99919604284047,21.114906985550787,-223.8012268472723,20.21586415065576,217.08960260618933,15.8235792274467,31.572327274906124,19.091086165799096,-66.93044643315084,17.570126646182037,123.76870495008925,19.080136303996654,-272.60054754446,16.41714614303642,-74.6711063908846,758.6386223262689,967.94578631035,0.0,0.0,0.0,0.0,0.0,0.0,0.0,0.0,0.0,0.0,0.0,0.0,0.0,0.0,0.0,0.0,0.0,0.0,0.0,0.0,0.0,0.0,1.1935658872590558,0.36433635142217848,237.00999103746546,277.0080457247875,6607.455097429231,0.17349209774257896,0.026479257897219036,17.61939113835725,20.638772857008978,472.3072341425474,1.3537837514074925,0.25581703541335867,249.6309166600628,292.5786553326002,6691.04465213931,0.3136770082772806,0.05927381108792153,261.1024589567641,306.69035643076236,6655.709360859459,0.0,0.0,10.641085992493226,12.706321617261505,172.68270793303959,0.0,0.0,14.461607998005452,17.031488292917627,338.7118110263595,0.0,0.0,240.15971131314837,284.8663461206691,4806.871417830915,0.0,0.0,46.90364789140004,55.11603308733178,1178.972439235176,0.0,0.0,199.37075704427878,237.71582858584385,3407.9713016439829,34.683145521437328,23.788165652563348,262.4440643707269,309.7212388941855,6782.618932460789,0.0,0.0,204.4524403191631,243.9904483005846,3395.247523825806,1477.3614358602536,21.88359169816291,40.19198778451151,22.000000000000019,30.00000000000002,0.0,21.264832648013916,50.74709314173421,21.000000000000015,30.00000000000002,0.0,21.335802182049784,41.42798629063747,21.000000000000015,30.00000000000002,0.0,20.69149173379018,43.26952641938155,16.000000000000015,30.00000000000002,0.0,15.886166134052978,58.51421563915697,12.00000000000001,30.00000000000002,0.0,19.608284227600298,52.36853848519483,19.000000000000015,30.00000000000002,0.0,17.830025902598196,51.957124815385068,10.000000000000007,30.00000000000002,583.3591681396356,20.508174883231317,44.911916496882657,20.36666666666668,30.00000000000002,0.0,16.32868286587365,57.328597756244437,16.000000000000015,30.00000000000002,0.0,19.318265404631217,0.0,0.0,0.0,16.065639172326237,0.0,0.0,679.8130393367231,1200.5858668079807,671.6656259138079,682.3063213313747,701.6962280913392,1083.806735345107,705.6355286521807,763.499096467197,718.6067767771905,9725.462857748473,81.57423954412434,83.8407683431507,270.0000000000002,0.0,270.0000000000002,270.0000000000002,21.0,16.0,19.0,16.0,19.7,12.0,21.0,10.0,1.0,0.0,1477.3614358602536,0.0,0.0,0.0,0.0,0.0,583.3591681396356,0.0,3430.2016284156409,2058120.9770493829,2682423.989697847,81.57423954412434,83.87926152651741,0.3410067209471882,0.7665436751719728,0.3602813740196598,83.87926152651741,0.3542647819438878,2682423.989697847,0.14448104746428806 
 02/19  20:10:00,7.876666666666667,90.0,4.6433333333333339,0.0,0.0,0.0,0.0,0.0,2.0,0.0,0.0,4.0,0.0,0.0,0.0,665.0,0.0,0.0,0.0,0.0,0.0,0.0,0.0,0.0,0.0,0.0,0.0,21.37744209158344,-1449.4984903785822,20.847438141167019,-85.50823542291318,20.8034179271559,86.78730811541647,20.165133985469994,176.03098173243417,15.831766914318238,31.565411898990317,19.00749737216426,-63.698714877465587,17.62617244455125,96.87072693716147,18.388304001482987,-135.08500848709395,16.392008581561237,-85.03381359656506,731.306452237093,921.866651454448,0.0,0.0,0.0,0.0,0.0,0.0,0.0,0.0,0.0,0.0,0.0,0.0,0.0,0.0,0.0,0.0,0.0,0.0,0.0,0.0,0.0,0.0,1.1607218074360473,0.3543106860305395,288.5073912080919,337.85471006911907,7934.877351193482,0.1546140595682687,0.023597994439601458,19.299437801033624,22.605492559055265,515.8414423816766,1.421702735542971,0.2686513105712342,250.25781099663105,293.7278478338821,6621.464247405856,0.32015454910866888,0.06049783618833499,259.1026296696952,304.66936525893245,6553.04289651259,0.0,0.0,10.573872043845548,12.635311677829094,171.35203685442736,0.0,0.0,14.127899044551097,16.66367609969241,325.7318773299382,0.0,0.0,248.3946686790791,294.74102843380589,5002.977602401068,0.0,0.0,36.18870959258137,42.75202924007074,827.5728879018078,0.0,0.0,201.5037254695899,240.44272362468826,3423.935361100437,34.668510140529239,23.778127668401404,266.15781312235426,314.41878811074346,6826.652917726002,0.0,0.0,205.46712295715973,245.45013409983188,3365.628062754943,1604.0149703234488,21.738935355232817,40.537558398184547,22.0,30.0,0.0,21.267390113092256,51.45998794316356,21.0,30.0,0.0,21.16046154873392,41.989091042782117,21.0,30.0,0.0,20.606411818758845,43.63024489263793,16.0,30.0,0.0,15.893347083066974,58.66706847807715,12.000000000000002,30.0,0.0,19.430113056712245,53.07100910099722,19.0,30.0,0.0,17.915325607221229,51.78459213022898,10.0,30.0,0.0,19.283388054732364,47.88247140126663,12.000000000000002,30.0,0.0,16.295219064895698,57.63206305732448,16.0,30.0,0.0,19.269676301473447,0.0,0.0,0.0,15.96871371578927,0.0,0.0,677.2260643036858,1243.0299881767545,677.2046801458471,688.8368490394629,706.744537113438,1087.3332814226733,708.3903898258031,730.1821358707853,723.9201046635662,9847.42132986597,81.4936088854796,82.8649814872833,570.0,0.0,570.0,570.0,21.0,16.0,19.0,16.0,12.0,12.0,21.0,10.0,1.0,0.0,1604.0149703234488,0.0,0.0,0.0,0.0,0.0,0.0,0.0,2075.4403808386275,1245264.2285031763,1611789.7290952188,81.4936088854796,82.88827194670651,0.34118134602795427,0.7692718346165977,0.36028137401965956,82.88827194670651,0.35426478194388757,1611789.7290952188,0.0944530659129514 
 02/19  20:20:00,7.893333333333334,90.0,4.706666666666667,0.0,0.0,0.0,0.0,0.0,2.0,0.0,0.0,4.0,0.0,0.0,0.0,399.0,0.0,0.0,0.0,0.0,0.0,0.0,0.0,0.0,0.0,0.0,0.0,21.456969958753925,-1637.651947279474,20.842521588313646,-89.31739420659278,20.744742573657157,184.69423711228584,20.11154542079709,199.13011848015345,15.840170698605262,31.227243316972087,18.97097641986072,-62.74816733121611,17.641927851742424,97.3081591430994,17.83326369274292,-53.13229071261618,16.35598656965078,-99.95514421200304,713.5959165042098,904.8973530100071,0.0,0.0,0.0,0.0,0.0,0.0,0.0,0.0,0.0,0.0,0.0,0.0,0.0,0.0,0.0,0.0,0.0,0.0,0.0,0.0,0.0,0.0,1.147664217851001,0.35032485282387079,309.70458534603258,362.3426348618892,8555.085625992017,0.15110195362062349,0.023061958733306386,19.725374363343297,23.086260534616036,526.0906724065478,1.4180063983172058,0.26795283414913187,247.79122548288269,290.5788478912482,6538.711428896537,0.3266760900365351,0.061730175743865248,267.6045590358481,314.4613022659972,6717.7339096396849,0.0,0.0,10.581522194375479,12.633942187847186,171.28912409165634,0.0,0.0,14.32711316075331,16.88777888059049,327.775483419318,0.0,0.0,253.66074447625125,300.7335715484817,5112.262438886208,0.0,0.0,26.080460304652886,30.888192460581125,548.0938765538633,0.0,0.0,201.37514811981317,240.14538389447413,3394.0367549102686,34.69586851270419,23.796891984022076,264.95274463901037,312.78036646541889,6751.331035687546,0.0,0.0,204.21174549497438,243.8652314431824,3288.307769086842,1827.036626526089,21.82021714588217,40.404888522799279,21.999999999999994,29.99999999999999,0.0,21.25865664247665,51.64048160056175,20.999999999999994,29.99999999999999,0.0,21.14005289337844,42.107752596375139,20.999999999999994,29.99999999999999,0.0,20.52544594877834,43.92552910125971,15.999999999999993,29.99999999999999,0.0,15.901083565208588,58.76655967781099,11.999999999999995,29.99999999999999,0.0,19.35372191623808,53.41739086270748,18.999999999999994,29.99999999999999,0.0,17.938817486655279,51.732695501958527,9.999999999999997,29.99999999999999,0.0,18.35789128684546,50.499749554349737,11.999999999999995,29.99999999999999,0.0,16.241628302185356,57.80408073872317,15.999999999999993,29.99999999999999,0.0,19.203083835031558,0.0,0.0,0.0,15.843938380737184,0.0,0.0,680.2817238135392,1251.762881654512,680.1005116111693,692.2112292412821,709.399329604547,1092.4531769421438,707.6341010678352,716.6348434468313,720.4358855018659,10274.801472222161,81.21097463766498,83.50097420615409,569.9999999999998,0.0,569.9999999999998,569.9999999999998,21.0,16.0,19.0,16.0,12.0,12.0,21.0,10.0,1.0,0.0,1827.036626526089,0.0,0.0,0.0,0.0,0.0,0.0,0.0,3465.68724234811,2079412.3454088669,2691040.806880044,81.21097463766498,83.53986600110386,0.34218957474493696,0.7718839229428414,0.36028137401965945,83.53986600110386,0.35426478194388735,2691040.806880044,0.15022578862442896 
 02/19  20:30:00,7.91,90.0,4.77,0.0,0.0,0.0,0.0,0.0,2.0,0.0,0.0,4.0,0.0,0.0,0.0,266.0,0.0,0.0,0.0,0.0,0.0,0.0,0.0,0.0,0.0,0.0,0.0,21.479735189837059,-1719.2824819148228,20.838893645266589,-88.18409520279295,20.717884875144116,233.20610152339033,20.092242113062164,211.84021893783484,15.84899743994642,31.31583353073563,18.94586281777969,-63.364961157692167,17.65311633298193,97.50143100376681,17.49419891108484,-20.980161494005757,16.316869232064279,-102.83942021671055,713.8399204088655,906.773315692491,0.0,0.0,0.0,0.0,0.0,0.0,0.0,0.0,0.0,0.0,0.0,0.0,0.0,0.0,0.0,0.0,0.0,0.0,0.0,0.0,0.0,0.0,1.125184564010961,0.3434629316272775,324.62058384509,379.4587190760626,8946.756056009417,0.15239838507695958,0.023259826782197736,19.257913764196166,22.512318307778064,512.9414587625031,1.4608926022540568,0.2760568031470252,254.96377964171769,298.7045716953146,6727.543813314449,0.3318408346952095,0.06270612900514161,275.2664875687776,323.19490274114909,6890.152036487516,0.0,0.0,10.677129418075264,12.735465324219364,172.67189378516037,0.0,0.0,14.675840132150155,17.283406501265519,333.948431861695,0.0,0.0,258.0162383062128,305.59239541082516,5198.862992509542,0.0,0.0,18.83813903696565,22.329786028865806,375.4989110712106,0.0,0.0,202.1370015263305,240.86963558351199,3377.9315526701104,34.74589054573465,23.831200648652037,272.62983220006807,321.55414969801759,6915.3161164173529,0.0,0.0,204.18306349214579,243.64386243209357,3258.3677155595989,1857.3511166571794,21.808815656127615,40.458882482971478,22.0,30.0,0.0,21.2525266767543,51.91944550747991,21.0,30.0,0.0,21.15562461032269,42.11825297305184,21.0,30.0,0.0,20.50396819082472,44.02814426351403,16.0,30.0,0.0,15.909768029773624,58.8030377706989,12.0,30.0,0.0,19.30568693572735,53.55683779742748,19.0,30.0,0.0,17.953049896879607,51.68572241900542,10.0,30.0,0.0,17.827896242408487,52.174248023968718,12.0,30.0,0.0,16.18499185559284,57.988761519499799,16.0,30.0,0.0,19.202531067406967,0.0,0.0,0.0,15.786959694798706,0.0,0.0,681.0222518142712,1267.4773961425909,682.3824372311324,693.9278227601698,709.9504463299695,1091.3521092623292,706.1768707405156,713.6105004870665,717.644133286331,8333.421240813044,82.49466434704643,82.49466434704643,570.0,0.0,570.0,570.0,21.0,16.0,19.0,16.0,12.0,12.0,21.0,10.0,1.0,0.0,1857.3511166571794,0.0,0.0,0.0,0.0,0.0,0.0,0.0,0.0,0.0,0.0,82.49466434704643,82.49466434704643,0.34,0.7706087322060848,0.36028137401965956,82.49466434704643,0.3542647819438875,0.0,0.009943333333333334 
 02/19  20:40:00,7.926666666666668,90.0,4.833333333333334,0.0,0.0,0.0,0.0,0.0,2.0,0.0,0.0,4.0,0.0,0.0,0.0,133.0,0.0,0.0,0.0,0.0,0.0,0.0,0.0,0.0,0.0,0.0,0.0,21.616883299351778,-1684.9848065646136,20.83397508763919,-93.29271936295918,20.61877447818098,74.20412695889175,20.094893547178076,232.8764338449929,15.857586164573231,30.130943732976747,18.929670304232329,-60.75978289677309,17.622598340809568,76.84668444553611,17.243410646029735,-8.681569766690647,16.28442988076149,-96.2551683755983,719.8807166915652,918.083634740949,0.0,0.0,0.0,0.0,0.0,0.0,0.0,0.0,0.0,0.0,0.0,0.0,0.0,0.0,0.0,0.0,0.0,0.0,0.0,0.0,0.0,0.0,1.1869234426303595,0.36230874317166059,294.8859663276203,343.5148474187742,8246.449908336901,0.15107763210487203,0.023058246658252764,20.664095127873524,24.07513812014379,549.2469794764185,1.3822154470124204,0.2611896158375702,264.57834877623989,309.2938370488819,6893.544350440688,0.33319240872711089,0.06296152848206933,284.63502348122867,333.26359364473447,7126.9632674325889,0.0,0.0,10.383034738517069,12.350484222328307,167.79005827663384,0.0,0.0,14.08609483249506,16.53991461409934,319.36848845180159,0.0,0.0,259.020122364236,306.0171021363973,5178.86024768153,0.0,0.0,13.050350275296453,15.44087944679632,250.02875035833359,0.0,0.0,203.12910124126788,241.42562773095413,3371.4900273195364,34.78000969691967,23.854601986913374,281.9669993746597,331.6486304531653,7129.062476765679,0.0,0.0,204.68416709373538,243.59275805098899,3250.6977443755224,1911.6823066048915,22.0257664593855,40.054813462902497,22.00000000000001,30.000000000000015,0.0,21.243148382591639,51.83361395517249,21.00000000000001,30.000000000000015,59.91558707603,21.00140688210369,42.50320550854277,21.00000000000001,30.000000000000015,0.0,20.521689762157665,44.0247497263495,16.000000000000008,30.000000000000015,0.0,15.917982665030717,58.81060255902763,12.000000000000006,30.000000000000015,0.0,19.275403478028779,53.69369055627927,19.000000000000008,30.000000000000015,0.0,17.88655527506267,51.90407524048685,10.000000000000004,30.000000000000015,0.0,17.455386102087155,53.40575060896335,12.000000000000006,30.000000000000015,0.0,16.141358388670136,58.13812412094353,16.000000000000008,30.000000000000015,0.0,19.220789775130848,0.0,0.0,0.0,15.762359316379968,0.0,0.0,688.2380042862018,1260.043601294215,680.3857808414601,695.7323154364559,709.3094423713263,1093.977393208299,704.901491382867,712.0698917716288,715.517327354078,8386.735538794575,82.45949590000692,82.45949590000692,570.0000000000002,0.0,570.0000000000002,570.0000000000002,21.0,16.0,19.0,16.0,12.0,12.0,21.0,10.0,1.0,0.0,1911.6823066048915,0.0,59.91558707603,0.0,0.0,0.0,0.0,0.0,0.0,0.0,0.0,82.45949590000692,82.45949590000692,0.3400000000000002,0.7717706087494048,0.3602813740196597,82.45949590000692,0.35426478194388769,0.0,0.009595000000000001 
 02/19  20:50:00,7.943333333333333,90.0,4.8966666666666669,0.0,0.0,0.0,0.0,0.0,2.0,0.0,0.0,4.0,0.0,0.0,0.0,532.0,0.0,0.0,0.0,0.0,0.0,0.0,0.0,0.0,0.0,0.0,0.0,21.40424425247685,-588.057792880164,20.836089063946117,-74.25049431711958,21.249850387479755,-1377.1079071762989,20.25191466398278,478.93894222532779,15.86329608819742,28.424714761132124,18.926402624988019,-58.107029035899859,17.588921727097526,66.69228922994125,17.110397817030515,-22.034784792570237,16.263815988498146,-109.31118657877619,880.3966523088893,882.007224798454,0.0,0.0,0.0,0.0,0.0,0.0,0.0,0.0,0.0,0.0,0.0,0.0,0.0,0.0,0.0,0.0,0.0,0.0,0.0,0.0,0.0,0.0,1.267408308145207,0.3868767729380974,326.5851234577728,382.75457851959495,8787.418304393788,0.1765370064334634,0.0269439875508949,19.034832367989318,22.29334841240474,506.00708449873988,1.3398524433015422,0.2531845130955296,454.2770393337913,531.8498548499421,12487.970369404266,0.31932751766225966,0.06034155662552146,301.9999511077619,354.7005228486246,7746.596917341923,0.0,0.0,10.294277962186357,12.292928675814102,165.96089043886264,0.0,0.0,14.276775531645436,16.83867864001255,322.81873337260665,0.0,0.0,250.26121100061639,296.9093917095554,4962.701204355203,0.0,0.0,10.361491042253645,12.314727879728319,194.8783412224295,0.0,0.0,195.1258186041096,232.8673788799265,3221.407741683424,34.99670446863021,24.003226658868465,450.4889996914204,530.9972655401072,11470.500222321727,0.0,0.0,199.6238496475666,238.5954410662579,3128.6218479583114,714.2516495109928,21.567128107034443,41.34734104300227,21.5,30.0,0.0,21.24844536030467,51.85330729270501,21.0,30.0,1919.9767743704443,21.7991336161084,40.54598931852556,21.5,30.0,0.0,20.84022675425487,43.08594089024329,16.0,30.0,0.0,15.920966238620049,58.86514311729961,12.0,30.0,0.0,19.26985884280106,53.88862756649088,19.0,30.0,0.0,17.823509221800625,52.21083860357085,10.0,30.0,0.0,17.297999794994256,53.953921384695167,12.0,30.0,0.0,16.11883691739368,58.2374160012968,16.0,30.0,0.0,19.74442123058929,0.0,0.0,0.0,15.677189182062275,0.0,0.0,695.8720130132739,1261.5488669106126,681.752175532097,688.7012840147336,711.4667507352593,1103.0769979538239,707.9530120199893,712.3349812811061,714.369076371029,9960.547374665826,81.41880260379515,84.79945042196906,570.0,0.0,570.0,570.0,21.0,16.0,19.0,16.0,12.0,12.0,21.0,10.0,1.0,0.0,714.2516495109928,0.0,1919.9767743704443,0.0,0.0,0.0,0.0,0.0,5116.355954512303,3069813.572707381,3978622.9697316309,81.41880260379515,84.85686504490221,0.3405451984837434,0.7691190411415068,0.36028137401965956,84.85686504490221,0.3542647819438875,3978622.9697316309,0.2164833944260448 
 02/19  21:00:00,7.96,90.0,4.96,0.0,0.0,0.0,0.0,0.0,2.0,0.0,0.0,4.0,0.0,0.0,0.0,532.0,0.0,0.0,0.0,0.0,0.0,0.0,0.0,0.0,0.0,0.0,0.0,21.401171127268289,-665.8699306113958,20.84004558813337,-82.82525169364649,21.22255025682663,-1295.8900376716284,20.285677931421945,330.84413532583269,15.868359464228139,27.68192535633962,18.924678053479754,-54.75776510253951,17.54843667323417,59.658670114578857,16.943836269199055,-40.486637034390927,16.235800336514637,-108.05294175036761,834.2660561940788,895.457640752521,0.0,0.0,0.0,0.0,0.0,0.0,0.0,0.0,0.0,0.0,0.0,0.0,0.0,0.0,0.0,0.0,0.0,0.0,0.0,0.0,0.0,0.0,1.2991103093127157,0.396553818471525,258.7914391606918,302.9180715407538,7040.760961425551,0.1655413133273423,0.025265768212353838,21.781140530411279,25.525284022369609,577.3615730924641,1.3029853780506638,0.2462179474774498,392.03077493920036,458.8439123224408,10683.166290808022,0.3115949587877235,0.05888037769987214,279.3822143205222,327.78355054290406,7157.832182282968,0.0,0.0,10.179592605535819,12.152906240532399,163.82191259969313,0.0,0.0,14.299411172469933,16.858835411797985,322.75614268256086,0.0,0.0,252.10975770297677,299.14913445804566,4952.917640437703,0.0,0.0,15.61037571618539,18.569617815120929,286.0478025950812,0.0,0.0,192.0558385094536,229.21628412684295,3150.707955265332,34.99441255362693,24.001654700704355,391.6928885030633,461.4839371821754,10002.228395839476,0.0,0.0,203.3668310207455,243.08890034462849,3165.0806688995614,810.1477751078029,21.691748970099849,41.51549886752409,21.5,30.0,0.0,21.252008397931176,51.450755396435017,21.0,30.0,1748.9038264465242,21.668231460217738,41.08108543167781,21.5,30.0,0.0,20.8409790940469,43.386139425360038,16.0,30.0,0.0,15.923794255411896,59.0217765218089,12.0,30.0,0.0,19.266551432613079,54.296988072410389,19.0,30.0,0.0,17.748042209117366,52.75506213278933,10.0,30.0,0.0,17.06399699724821,54.85754770165295,12.0,30.0,0.0,16.08335826416543,58.55598355545148,16.0,30.0,0.0,19.685338583871297,0.0,0.0,0.0,15.637386390957026,0.0,0.0,723.6487955957814,1235.8205775047437,692.3029247232469,703.7721991234844,717.1676671731493,1123.0985514607287,719.2390833352527,714.8920186521957,719.1498296385983,9601.018715403352,81.65641564773145,83.62598762947155,570.0,0.0,570.0,570.0,21.0,16.0,19.0,16.0,12.0,12.0,21.0,10.0,1.0,0.0,810.1477751078029,0.0,1748.9038264465242,0.0,0.0,0.0,0.0,0.0,2980.3135574282548,1788188.1344569529,2316880.7817525409,81.65641564773145,83.65943750025176,0.3543437852476085,0.7692175930398877,0.36028137401965956,83.65943750025176,0.3542647819438875,2316880.7817525409,0.13007280065113215 
 02/19  21:10:00,8.003333333333334,90.0,5.046666666666667,0.0,0.0,0.0,0.0,0.0,2.0,0.0,0.0,4.0,0.0,0.0,0.0,534.0,0.0,0.0,0.0,0.0,0.0,0.0,0.0,0.0,0.0,0.0,0.0,21.342843725548208,-984.4049148743902,20.839292950704427,-103.91313536772944,21.025920401503794,-426.91024943911557,20.24421578657609,37.86159913547567,15.873316110028738,26.739748183399784,18.924842947421849,-53.215165928674597,17.529289433430976,47.04526508512072,16.800043730418645,-44.01883950220983,16.214104595151306,-104.5019635520548,690.8591575333404,900.5826319405358,0.0,0.0,0.0,0.0,0.0,0.0,0.0,0.0,0.0,0.0,0.0,0.0,0.0,0.0,0.0,0.0,0.0,0.0,0.0,0.0,0.0,0.0,1.2611725084537385,0.3849732931787968,192.53346972361539,225.27611442969215,5154.7479359908979,0.1363127038128958,0.020804747224190447,23.353560045738328,27.35669387863507,615.6978241205363,1.4010526838131477,0.26474918439401898,202.9926797086633,237.6030703098374,5428.764719078523,0.28994778741334617,0.05478983133283182,181.23849095915115,212.77842136902678,4578.277904696622,0.0,0.0,10.024626462877798,11.965849399182254,160.49757053523349,0.0,0.0,13.988975312453065,16.490454388685614,314.4454436353783,0.0,0.0,253.53316191568116,300.81023014139756,4941.296584524385,0.0,0.0,19.01524126728782,22.628591028142773,339.35802388312598,0.0,0.0,189.8544518497431,226.5615331315845,3088.268689906795,34.997915637997589,24.004057364881754,209.43964110081618,247.09346081700836,5424.389182817914,0.0,0.0,204.795548972979,244.771946903131,3157.2097666757078,994.6619663798574,21.493641957703177,42.06690763297465,21.5,30.0,0.0,21.245921893004089,51.1354656572705,21.0,30.0,836.6057557173389,21.372167726457108,42.18844957679633,21.25,30.0,0.0,20.727461918945829,43.8271423473683,16.0,30.0,0.0,15.927505348072657,59.2415560317238,12.0,30.0,0.0,19.264719246381678,54.6481572653053,19.0,30.0,0.0,17.713931172448264,53.200173408738027,10.0,30.0,0.0,16.86693438723668,55.811034282290098,12.0,30.0,0.0,16.05845817012211,59.034898812578777,16.0,30.0,0.0,18.995109881375215,0.0,0.0,0.0,15.608711395079036,0.0,0.0,720.5219100420344,1212.8811082014327,710.4404439192994,708.6287276939266,725.4729860720515,1139.656899794821,731.9132286744533,724.3682071496023,733.3205396058062,6718.0103369572739,82.31147674747814,82.31147674747814,570.0,0.0,570.0,570.0,21.0,16.0,19.0,16.0,12.0,12.0,21.0,10.0,1.0,0.0,994.6619663798574,0.0,836.6057557173389,0.0,0.0,0.0,0.0,0.0,0.0,0.0,0.0,82.31147674747814,82.31147674747814,0.255,0.5397046853385918,0.27021103051474468,82.31147674747814,0.2656985864579156,0.0,0.009595000000000001 
 02/19  21:20:00,8.046666666666667,90.0,5.133333333333334,0.0,0.0,0.0,0.0,0.0,2.0,0.0,0.0,4.0,0.0,0.0,0.0,268.0,0.0,0.0,0.0,0.0,0.0,0.0,0.0,0.0,0.0,0.0,0.0,21.518045364447717,-1343.525781283362,20.83811049267822,-86.95785169659985,21.01603839536037,-277.0794874358435,20.14817681346794,225.5189102261229,15.87751403358129,26.55326658674565,18.919511915575116,-65.17586446192243,17.565717831668694,80.81663908007522,16.672880936163993,-42.00496609994593,16.19036119848248,-109.13281216100586,731.3615612605418,909.9616697796619,0.0,0.0,0.0,0.0,0.0,0.0,0.0,0.0,0.0,0.0,0.0,0.0,0.0,0.0,0.0,0.0,0.0,0.0,0.0,0.0,0.0,0.0,1.233920337181349,0.3766545595791664,244.4872112261663,285.3696507807355,6715.651460723822,0.1709310616242723,0.02608837936878393,18.708501165315466,21.86078424670938,493.21581180339538,1.3425594037660503,0.2536960324576815,247.967126155462,290.33370824467718,6486.979437700407,0.3177179435702712,0.060037404302772327,266.24757619994628,312.3431837570523,6636.901826794145,0.0,0.0,10.392227239276333,12.386484557800884,165.54889959461236,0.0,0.0,14.314879253400577,16.84853808301748,320.1874221740205,0.0,0.0,259.31086339967967,307.0816143213575,5075.530181499107,0.0,0.0,20.29945684839264,24.127564980224784,353.5590860946796,0.0,0.0,190.4394479028423,226.90777056616887,3069.753829619962,35.365460512383808,24.256145756093156,263.52484841930609,310.57023812403988,6686.8374494879249,0.0,0.0,206.62278239814638,246.54530679452228,3162.95027320193,1616.9205336442688,21.8626464701857,40.795524772092097,22.0,30.0,0.0,21.243544540074426,51.7478573998406,21.0,30.0,0.0,21.191740324693816,42.441846220122119,21.0,30.0,0.0,20.598523378810918,44.24957417815607,16.0,30.0,0.0,15.930910613864747,59.381236480461058,12.0,30.0,0.0,19.251366328723678,54.59673206310198,19.0,30.0,0.0,17.801262411951073,52.80426632041973,10.0,30.0,0.0,16.694098613122983,56.649357999454867,12.0,30.0,0.0,16.02762244354237,59.254748212440819,16.0,30.0,0.0,19.283395197717746,0.0,0.0,0.0,15.599626848552159,0.0,0.0,699.5838941102611,1246.9241855506573,696.1464602867604,710.7255379705346,728.9904367120121,1133.0913248252724,725.734725936268,732.1484360659042,736.5798901695769,9310.814721680612,81.84848743090307,81.84848743090307,570.0,0.0,570.0,570.0,21.0,16.0,19.0,16.0,12.0,12.0,21.0,10.0,1.0,0.0,1616.9205336442688,0.0,0.0,0.0,0.0,0.0,0.0,0.0,0.0,0.0,0.0,81.84848743090307,81.84848743090307,0.34,0.7669475805092335,0.36028137401965956,81.84848743090307,0.3542647819438875,0.0,0.009468333333333334 
 02/19  21:30:00,8.09,90.0,5.220000000000001,0.0,0.0,0.0,0.0,0.0,2.0,0.0,0.0,4.0,0.0,0.0,0.0,134.0,0.0,0.0,0.0,0.0,0.0,0.0,0.0,0.0,0.0,0.0,0.0,21.521756183056369,-1783.3980435523827,20.84637642061435,-79.37619750752106,20.793700981566287,243.03216604054979,20.11043809339524,213.67026262427499,15.885786615848751,29.526120633336917,18.910632783212,-69.61413393245982,17.621941738507638,98.55858274230559,16.56054095659192,-40.83260542291123,16.177823682910249,-92.15012146050504,728.2731950403068,947.164255712315,0.0,0.0,0.0,0.0,0.0,0.0,0.0,0.0,0.0,0.0,0.0,0.0,0.0,0.0,0.0,0.0,0.0,0.0,0.0,0.0,0.0,0.0,1.1348699463647445,0.34641939754723585,337.8723146421587,393.6108004830165,9180.613546969396,0.17314520569825163,0.0264263134460091,16.922760799806363,19.697201277443626,445.77905049677397,1.4262720701024104,0.2695147524758902,257.57824127337468,300.6336972370681,6744.614838538698,0.3378706587030704,0.06384555153119243,277.7003326444972,324.88370214712719,6865.725697481269,0.0,0.0,10.940013759831535,13.00202586695844,173.61765014973444,0.0,0.0,15.635483253903744,18.348180561637368,347.9492616280467,0.0,0.0,270.91628645489359,319.8049013625577,5335.4820245124169,0.0,0.0,23.391368651739659,27.74160999693675,398.6534496891016,0.0,0.0,195.5058663015002,232.28288745739986,3132.185865618309,35.623055215446,24.43282250716462,275.0355974507207,323.24242037297719,6898.880901005668,0.0,0.0,214.92628857002857,255.66742491224924,3303.247204636108,1905.4681926839749,21.796022163982184,40.96208286047566,22.0,30.0,0.0,21.25751311365814,52.875272316984339,21.0,30.0,0.0,21.244727317538869,42.354113884898868,21.0,30.0,0.0,20.53382407716682,44.50083051205095,16.0,30.0,0.0,15.942971999103416,59.38219858733677,12.0,30.0,0.0,19.23396257232242,54.30274541974893,19.0,30.0,0.0,17.906874273532723,52.457263524491199,10.0,30.0,0.0,16.54237487447061,57.36716228165264,12.0,30.0,0.0,16.019939497751797,59.34176845182856,16.0,30.0,0.0,19.241391166710714,0.0,0.0,0.0,15.674121848998827,0.0,0.0,698.2980306843246,1317.5766507108613,699.3050631195513,714.6081544776268,728.2188834615714,1110.8591456811074,724.7883023073566,737.5215058658653,737.6990445085459,8011.08262536355,82.70785002727428,82.70785002727428,570.0,0.0,570.0,570.0,21.0,16.0,19.0,16.0,12.0,12.0,21.0,10.0,1.0,0.0,1905.4681926839749,0.0,0.0,0.0,0.0,0.0,0.0,0.0,0.0,0.0,0.0,82.70785002727428,82.70785002727428,0.34,0.7715909727924002,0.36028137401965956,82.70785002727428,0.3542647819438875,0.0,0.009341666666666665 
 02/19  21:40:00,8.133333333333335,90.0,5.306666666666667,0.0,0.0,0.0,0.0,0.0,2.0,0.0,0.0,4.0,0.0,0.0,0.0,134.0,0.0,0.0,0.0,0.0,0.0,0.0,0.0,0.0,0.0,0.0,0.0,21.56707603206769,-1588.1776037788914,20.846705240636199,-91.39508223435405,20.64390194114025,44.556682769751208,20.121127501537346,246.6034639320842,15.892480550779244,29.136218832783244,18.908868892033604,-64.3090801380929,17.583425822473747,66.90650419289523,16.481535570070198,-37.626582798450048,16.177972031974585,-80.89984395880129,735.0143083632211,978.2831882377795,0.0,0.0,0.0,0.0,0.0,0.0,0.0,0.0,0.0,0.0,0.0,0.0,0.0,0.0,0.0,0.0,0.0,0.0,0.0,0.0,0.0,0.0,1.1948714214003023,0.3647348661173084,296.4715538151399,345.23110206589606,8077.0685357431279,0.1565244919189285,0.023889574468700934,20.31933161077941,23.64876307371711,531.91744038733,1.3849370577710135,0.2617039035848477,271.84496263221976,317.4969961295556,6964.470086960387,0.3368286542822411,0.06364864971319748,291.9086031662272,341.41227732623039,7208.860795970361,0.0,0.0,10.501357724585463,12.478198026190688,165.8758608440826,0.0,0.0,14.579177672244795,17.105931708442666,323.0637626478668,0.0,0.0,274.8119113303266,324.44476947754915,5341.230239140587,0.0,0.0,25.10858578789581,29.78289480041128,421.167441548555,0.0,0.0,199.5528892636767,237.0465761162837,3183.8644040419178,35.84327846321919,24.583867258723737,289.16556471774887,339.75476165757808,7198.637244653227,0.0,0.0,221.31569095287484,263.1577590208359,3411.8517671007145,1749.5801536559882,21.872408706575507,40.785680999334598,22.0,30.0,0.0,21.253823376516317,52.58375614003261,21.0,30.0,55.70422736158154,21.001094218927105,42.958859566474789,21.0,30.0,0.0,20.567406785196494,44.37329005915349,16.0,30.0,0.0,15.950956411121173,59.36857548083832,12.0,30.0,0.0,19.23162506802743,54.28983592125457,19.0,30.0,0.0,17.819908127815407,52.75815731725542,10.0,30.0,0.0,16.450768084936759,57.64581738850526,12.0,30.0,0.0,16.032232094906136,59.16912358546442,16.0,30.0,0.0,19.25790382226163,0.0,0.0,0.0,15.743872296458772,0.0,0.0,697.3468716778683,1297.5783811480313,695.5312726762118,712.4537130693111,727.5682484943867,1109.6076501318058,724.7456308156336,733.9762214162998,731.5689403761634,7105.57874324037,83.30643035468852,83.30643035468852,570.0,0.0,570.0,570.0,21.0,16.0,19.0,16.0,12.0,12.0,21.0,10.0,1.0,0.0,1749.5801536559882,0.0,55.70422736158154,0.0,0.0,0.0,0.0,0.0,0.0,0.0,0.0,83.30643035468852,83.30643035468852,0.34,0.7700478877638552,0.36028137401965956,83.30643035468852,0.3542647819438875,0.0,0.009215000000000001 
 02/19  21:50:00,8.176666666666668,90.0,5.3933333333333339,0.0,0.0,0.0,0.0,0.0,2.0,0.0,0.0,4.0,0.0,0.0,0.0,536.0,0.0,0.0,0.0,0.0,0.0,0.0,0.0,0.0,0.0,0.0,0.0,21.384922227378664,-776.8646688112795,20.851346313615566,-73.5946046408489,21.29027046814959,-1264.6967371305532,20.26269446244489,485.32348240792546,15.897047021054082,28.66713188942046,18.909694928573346,-64.04090120177479,17.57185128531172,87.06783500274242,16.428562921555338,-34.71430776608895,16.179907868369367,-74.68050570837795,851.5142312596695,923.9931381685556,0.0,0.0,0.0,0.0,0.0,0.0,0.0,0.0,0.0,0.0,0.0,0.0,0.0,0.0,0.0,0.0,0.0,0.0,0.0,0.0,0.0,0.0,1.2547925686003983,0.3830258145910862,284.76363962499257,333.41031264462858,7548.42496506538,0.18747493125998317,0.028613389996944927,16.894806291358809,19.77240433877845,442.0127434087241,1.2582884284794545,0.23777181188198316,392.4146275502527,458.88447777155707,10662.738961626312,0.33152925867196816,0.06264725220558731,320.25126119055309,375.63593563821459,8064.572808371651,0.0,0.0,10.640533474435605,12.691719861609228,167.10086759434268,0.0,0.0,14.946004942134398,17.61103698857363,329.64714120753419,0.0,0.0,266.81873242035007,316.2463083581039,5154.076568916916,0.0,0.0,25.107003018238083,29.90140085400383,416.36644177735038,0.0,0.0,191.01264394343529,227.78403879392338,3033.1857677497466,36.28464113069122,24.88658513764831,397.387971289451,468.13666097490445,9947.094479914449,0.0,0.0,213.13480550734176,254.48152375150324,3238.5115477244937,693.2426011926706,21.586025768890737,41.71309729356663,21.75,30.0,0.0,21.260880431941659,52.77182533863808,21.0,30.0,1846.0013649242229,21.864005535487665,40.8007788184154,21.5,30.0,0.0,20.849285816806146,43.53051268681996,16.0,30.0,0.0,15.95487604699832,59.39748273860203,12.0,30.0,0.0,19.232443335270248,54.3408772995744,19.0,30.0,0.0,17.809744483056,52.81973053963037,10.0,30.0,0.0,16.404817304450469,57.82037475866636,12.0,30.0,0.0,16.044596239552737,59.16900856107337,16.0,30.0,0.0,19.622631973281508,0.0,0.0,0.0,15.681043810811694,0.0,0.0,708.71002399434,1308.898545603622,695.4866120792124,703.7679828818154,728.8600176391458,1111.8904341887242,724.0914850337947,733.2404468784994,731.8255617408819,7163.995203297315,82.31163758328697,85.80632352355049,570.0,0.0,570.0,570.0,21.0,16.0,19.0,16.0,12.0,12.0,21.0,10.0,1.0,0.0,693.2426011926706,0.0,1846.0013649242229,0.0,0.0,0.0,0.0,0.0,5288.7686012367389,3173261.160742043,4140900.904194954,82.31163758328697,85.8656748923773,0.2612922867078913,0.5738496140972078,0.27021103051474468,85.8656748923773,0.2656985864579156,4140900.904194954,0.22441518035147096 
 02/19  22:00:00,8.22,90.0,5.48,0.0,0.0,0.0,0.0,0.0,2.0,0.0,0.0,4.0,0.0,0.0,0.0,270.0,0.0,0.0,0.0,0.0,0.0,0.0,0.0,0.0,0.0,0.0,0.0,21.469953188050924,-916.6326239666914,20.864053230829535,-79.481130364443,20.515236770370394,-280.41178707421479,20.238625123046725,19.500898930715267,15.901274850677267,26.717178464293256,18.910639594651504,-60.26099172329589,17.547267987022509,47.168860834679438,16.365389429916705,-32.80808595195856,16.17585715877488,-77.76449625428177,864.0284295377232,923.6863408739823,0.0,0.0,0.0,0.0,0.0,0.0,0.0,0.0,0.0,0.0,0.0,0.0,0.0,0.0,0.0,0.0,0.0,0.0,0.0,0.0,0.0,0.0,1.238767324329632,0.3781341038857241,246.40339225706715,287.2093165756975,6681.775148908258,0.1378984498243424,0.021046771951212213,21.57925783435416,25.172571203513536,561.0863378215115,1.358569901755419,0.25672144779958797,446.1819791241951,522.648139606392,11114.84143209946,0.29278273704093007,0.055325536099948977,265.424589904146,311.1292780373378,6618.457020895159,0.0,0.0,10.121681366107936,12.055651178342324,158.14955845013027,0.0,0.0,13.403637320069514,15.771268088015728,294.50131980596395,0.0,0.0,264.81259446732386,313.43715774128398,5069.707536561968,0.0,0.0,25.979838158887675,30.89936832302554,424.9024897271812,0.0,0.0,189.70646281020235,225.87918645211867,2995.8368464651459,36.337472529014068,24.922820664618706,428.9016449188254,504.23513512396269,10589.23614729998,0.0,0.0,212.9994775577061,253.92809678937005,3217.3571390316576,1293.4881695389186,21.770815144342448,41.54571938778318,21.5,30.0,0.0,21.279768268689105,52.76558939553085,21.0,30.0,176.13781944062405,20.73451423818473,43.851789941311839,21.0,30.0,0.0,20.730518867723349,43.854265627011397,16.0,30.0,0.0,15.958817260092758,59.42984273560724,12.0,30.0,0.0,19.233244486032718,54.398446890132849,19.0,30.0,0.0,17.766239968297769,53.09933769365314,10.0,30.0,0.0,16.332297694150353,58.1224921561007,12.0,30.0,0.0,16.044100531164575,59.21780780540715,16.0,30.0,0.0,19.68384637776542,0.0,0.0,0.0,15.680065584638609,0.0,0.0,726.0103003450388,1308.4433514168628,702.6799102021996,701.4072044753655,729.2142333350514,1114.9017135915,729.9128681110818,732.9802857659422,732.5779276240273,8852.701023759482,82.15119175874414,85.63312671045698,570.0,0.0,570.0,570.0,21.0,16.0,19.0,16.0,12.0,12.0,21.0,10.0,1.0,0.0,1293.4881695389186,0.0,176.13781944062405,0.0,0.0,0.0,0.0,0.0,5269.491367806538,3161694.8206839228,4112156.4490204995,82.15119175874414,85.69226152516782,0.3456497122602179,0.7702192594722261,0.36028137401965956,85.69226152516782,0.3542647819438875,4112156.4490204995,0.22279380201573266 
 02/19  22:10:00,8.278333333333335,90.5,5.595000000000001,0.0,0.0,0.0,0.0,0.0,2.0,0.0,0.0,4.0,0.0,0.0,0.0,1350.0,0.0,0.0,0.0,0.0,0.0,0.0,0.0,0.0,0.0,0.0,0.0,21.274702897102359,-417.72023805592809,20.865015009223798,-95.47874051727472,21.169369501494985,-1287.804190396004,20.15751056406758,411.3950004730513,15.903082649172774,25.680328265145456,18.913308721595283,-33.79419528022487,17.67041194977331,191.1641883841628,16.30034638669364,-70.90015769585753,17.727021903376327,-293.7809726497802,785.5008978824019,753.4689602997942,0.0,0.0,0.0,0.0,0.0,0.0,0.0,0.0,0.0,0.0,0.0,0.0,0.0,0.0,0.0,0.0,0.0,0.0,0.0,0.0,0.0,0.0,1.260544019531541,0.38478144674344968,156.1923565888717,183.11658606284497,4083.793484255475,0.14509296448816365,0.022144835849841828,22.483475102451039,26.303292249374669,581.5704186164037,1.2645622040820724,0.23895733259298425,330.1218958080196,386.6265346569869,8737.262386429225,0.3125424147102248,0.05905941321054889,265.41930677255479,311.69839245909659,6521.166486980134,0.0,0.0,10.513235591521886,12.546148621086008,162.96570369192944,0.0,0.0,11.83111677803904,13.956401256586015,258.5891750773066,0.0,0.0,180.38494336447404,213.85921678214079,3507.051215526062,0.0,0.0,38.514958761827369,45.89091571159091,618.4814555453902,0.0,0.0,121.3041545728195,143.70750507934867,2386.8540497921455,36.45120750060266,25.000828189713777,320.38594175076516,378.0080879433874,7928.619212513158,0.0,0.0,131.7509963909825,157.55609666279563,1921.1564541047097,418.4948025302569,21.369433355539614,42.88660105334586,21.2,30.0,0.0,21.278054957221849,52.050937723571639,21.000000000000005,30.0,2058.695136416528,21.54922127713565,41.75723495033819,21.5,30.0,0.0,20.652294159152107,44.293645530171598,15.999999999999999,30.0,0.0,15.959464099410012,59.49441287697404,12.0,30.0,0.0,19.241167887494677,53.36374256965044,19.0,30.0,0.0,18.02467099796725,52.47414528120765,10.0,30.0,0.0,16.25201554927043,58.51736666918062,12.0,30.0,2991.58544788783,18.151024604590174,52.06611936229617,20.0,30.0,0.0,19.35959174676499,0.0,0.0,0.0,15.381682871150739,0.0,0.0,737.2243631270312,1261.004459539026,695.0996671338326,708.4723877050568,730.4994774251945,1104.3672286293307,734.7176150146582,735.6548108866273,735.7405248313971,10524.677037559046,81.04568273685989,84.65098872866436,570.0,0.0,570.0,570.0,21.0,16.0,19.0,19.0,12.0,12.0,21.0,10.0,1.0,0.0,418.4948025302569,0.0,2058.695136416528,0.0,0.0,0.0,0.0,2991.58544788783,5455.997625044825,3273598.575026895,4260073.937327284,81.04568273685989,84.71221879319971,0.35186658750149416,0.7683667900820411,0.3602813740196596,84.71221879319971,0.3542647819438876,4260073.937327284,0.23035884474101876 
 02/19  22:20:00,8.336666666666668,91.0,5.710000000000001,0.0,0.0,0.0,0.0,0.0,2.0,0.0,0.0,4.0,0.0,0.0,0.0,270.0,0.0,0.0,0.0,0.0,0.0,0.0,0.0,0.0,0.0,0.0,0.0,21.721608488946136,-1175.4619687033526,20.867486550197414,-59.004165566954899,21.150156801466843,-699.072411955327,20.293451434448899,405.29695462181919,15.907780557807375,31.499897860874996,18.926286536313744,-38.651182742592968,17.736179459993818,121.48882478858173,16.179880404466954,-96.80773064701975,18.879655555696499,-597.0399509477206,795.0080085010768,996.8264203387614,0.0,0.0,0.0,0.0,0.0,0.0,0.0,0.0,0.0,0.0,0.0,0.0,0.0,0.0,0.0,0.0,0.0,0.0,0.0,0.0,0.0,0.0,1.1545072949168729,0.3524137041870797,235.16939180955604,273.7642542206858,6363.2707498814,0.19997133217470035,0.03052065509381873,19.548352979986448,22.818787198333824,505.49779332174708,1.346561871162932,0.25445235660675216,318.7253997629663,371.98478370355999,8513.529276483117,0.3394390555210637,0.06414192281199235,309.6397204172347,362.48042994822108,7697.3899414319589,0.0,0.0,12.204009215131375,14.52413423732067,187.97976911513752,0.0,0.0,13.885734042513965,16.325636807407599,302.5728326850946,0.0,0.0,189.18984553987515,223.36771123546209,3659.34304188848,0.0,0.0,49.131385846083578,58.447592737955677,765.6183676339917,0.0,0.0,156.00808109363144,182.8114158127179,3655.1084867768979,36.85320813872112,25.276548791989805,311.88372588294529,366.8707412519717,7712.09286859122,0.0,0.0,141.59952070394884,167.97146203925068,2337.7980683539706,1505.6664762650617,22.20719552243284,40.68821291313371,22.0,30.0,0.0,21.283466922077694,51.89962770604094,21.0,30.0,1066.3124717486638,21.82566595572844,41.574227652258759,22.0,30.0,0.0,20.88039529101372,43.550686701969258,16.0,30.0,0.0,15.96703351475064,59.647586579779929,12.0,30.0,0.0,19.26364603776448,51.66817983540345,19.0,30.0,0.0,18.123965692064006,52.47215941395213,10.0,30.0,0.0,16.069125479383137,59.381877962630998,12.0,30.0,1613.6256898786697,20.243808803144647,45.81041962023912,20.0,30.0,0.0,19.461800901197539,0.0,0.0,0.0,15.891716410427593,0.0,0.0,730.0184785521039,1252.6699083547367,726.9878920325014,696.9145039416635,734.3775021500784,1083.1532747379045,747.6103993367824,742.8414668121129,739.9538197057111,11152.471843606389,80.63044992959823,87.87693069985582,570.0,0.0,570.0,570.0,21.0,16.0,19.0,19.0,12.0,12.0,21.0,10.0,1.0,0.0,1505.6664762650617,0.0,1066.3124717486638,0.0,0.0,0.0,0.0,1613.6256898786697,10966.228871978743,6579737.323187245,8590671.673789729,80.63044992959823,88.0,0.36554096239929148,0.7658994877579839,0.36028137401965956,88.0,0.3542647819438875,8590671.673789729,0.45535992703706598 
 02/19  22:30:00,8.395,91.5,5.825,0.0,0.0,0.0,0.0,0.0,2.0,0.0,0.0,4.0,0.0,0.0,0.0,540.0,0.0,0.0,0.0,0.0,0.0,0.0,0.0,0.0,0.0,0.0,0.0,21.40816154627954,-1024.2068070243534,20.885949122280484,-66.46898123685287,21.01222169727621,-252.72896467556576,20.344064959037256,226.44375433777396,15.920185114672755,37.528697583166067,18.92632334079545,-40.51944730847546,17.65729836415634,189.36739327789588,16.16640153561476,31.865323127527007,18.571037076354594,-570.1791914400951,831.9601644819054,1133.560991684158,0.0,0.0,0.0,0.0,0.0,0.0,0.0,0.0,0.0,0.0,0.0,0.0,0.0,0.0,0.0,0.0,0.0,0.0,0.0,0.0,0.0,0.0,1.2017191951899676,0.3668251511568888,274.48345128575297,320.7968209832038,7166.525263901796,0.17957031408263017,0.027406946593808026,16.884006382396128,19.717701442294169,435.67268571499189,1.3674228615642126,0.2583943426992088,299.8247321003099,351.03306554839608,7668.7304717314,0.31198777725533496,0.058954606435248458,217.4970217394032,255.050327530411,5410.6118673514979,0.0,0.0,12.255590740005893,14.607596348087835,187.737231230499,0.0,0.0,13.555089897521985,15.9728010274497,293.60872047534,0.0,0.0,233.78009729787295,276.83800038586528,4480.955387241083,0.0,0.0,49.54386189578892,59.03110648983545,770.0236708486536,0.0,0.0,200.31068727579044,236.13157879715178,4358.365894320068,36.97898428316205,25.362815009027476,300.07575778465516,353.3433485383629,7502.413628972026,0.0,0.0,187.95055244556489,223.69617887286467,3084.909288594353,938.0336019040015,21.597147601009206,42.04658831579152,21.75,30.0,0.0,21.313081480126056,52.72123622239704,21.0,30.0,0.0,21.275886822046247,42.903488195342799,21.0,30.0,0.0,20.929888494180486,44.055920588224527,16.0,30.0,0.0,15.988174398054732,59.7040028920614,12.0,30.0,0.0,19.262254108836598,50.72253124383116,19.0,30.0,0.0,17.984374931491265,52.7519033660795,10.0,30.0,0.0,16.104884841225198,59.39281031964866,12.0,30.0,863.3738958736785,19.32081383243338,48.571974799497599,19.25,30.0,0.0,19.597519762457457,0.0,0.0,0.0,16.467915732336964,0.0,0.0,710.6293091959584,1313.957307073339,714.6414110947553,732.0451762376256,737.6378392446502,1054.3727594994096,736.6781096517855,745.2904324871888,743.5494974167846,7795.417582527556,82.85036088939724,82.85036088939724,570.0,0.0,570.0,570.0,21.0,16.0,19.0,19.0,12.0,12.0,21.0,10.0,1.0,0.0,938.0336019040015,0.0,0.0,0.0,0.0,0.0,0.0,863.3738958736785,0.0,0.0,0.0,82.85036088939724,82.85036088939724,0.34,0.7684746626473099,0.36028137401965956,82.85036088939724,0.3542647819438875,0.0,0.008455 
 02/19  22:40:00,8.453333333333334,92.0,5.94,0.0,0.0,0.0,0.0,0.0,2.0,0.0,0.0,0.0,0.0,0.0,0.0,540.0,0.0,0.0,0.0,0.0,0.0,0.0,0.0,0.0,0.0,0.0,0.0,21.32685323525982,-1159.7869678459748,20.68787854761441,-66.72884811824014,21.123507278247194,-953.6626706196014,20.24352077489263,289.8872357708784,15.93190300967013,39.22872145247199,18.818218784881738,-47.533126467938817,17.6867619418793,80.51025114199206,16.22435626068352,50.45429769593164,18.76013563603692,-864.2998858157196,938.5571645367527,1398.435383479326,0.0,0.0,0.0,0.0,0.0,0.0,0.0,0.0,0.0,0.0,0.0,0.0,0.0,0.0,0.0,0.0,0.0,0.0,0.0,0.0,0.0,0.0,1.2299353726223648,0.37543814793112476,483.4288064203824,565.1706467970375,12509.192367252388,0.26165946003042248,0.03993581502295825,243.86983659019263,285.75124465753108,6070.245163043558,1.1975966134481642,0.22630321493729489,368.5472119488844,429.8527293541648,9643.742319310855,0.2911264126580571,0.05501254963304177,223.08976887561583,261.18441539053586,5454.921618624821,0.0,0.0,12.732237474789408,15.171521511215465,193.9662307970235,0.0,0.0,15.217875729929416,17.938194759022247,324.18460292302458,0.0,0.0,262.82726997755267,311.0285417067862,5021.640063655334,0.0,0.0,49.40136292905877,58.81549542347122,774.9693049876737,0.0,0.0,230.9876312934886,271.81802365208599,5161.116185210118,36.96640266305529,25.354185639955629,574.5796798297142,675.2115049299431,13960.624634917585,0.0,0.0,219.19763752655778,260.59822760492019,3654.390404191748,1597.7427149728947,21.630443035091017,45.12831818430658,21.75,30.0,0.0,20.99575872844724,49.33095542264566,12.0,30.0,1611.458542313711,21.523263529615645,45.48598596957049,21.5,30.0,0.0,20.738039794796117,48.09210501346338,16.0,30.0,0.0,16.00637514281477,60.02121245016225,12.0,30.0,0.0,19.13512173462125,50.586816777545838,12.0,30.0,0.0,17.999690696768945,54.42866129188157,10.0,30.0,0.0,16.237817719046075,59.16134277144893,12.0,30.0,1010.2567677030376,19.650958004364328,48.65202441572533,19.5,30.0,0.0,19.953826707405836,0.0,0.0,0.0,16.69880729721758,0.0,0.0,906.1028821425516,1054.4475624065104,903.4412217428842,930.4101220887058,750.7789132102839,1040.4222782499142,816.6104944385171,751.7112764241251,796.8538902043317,10104.586029106198,81.32345460376036,84.92967005941654,60.0,0.0,60.0,60.0,12.0,16.0,12.0,19.0,12.0,12.0,21.0,10.0,1.0,0.0,1597.7427149728947,0.0,1611.458542313711,0.0,0.0,0.0,0.0,1010.2567677030376,5457.377776988638,3274426.666193183,4270390.337313525,81.32345460376036,84.99091556966731,0.351912592566288,0.7664014344610524,0.36028137401965956,84.99091556966731,0.3542647819438875,4270390.337313525,0.22293029754030328 
 02/19  22:50:00,8.511666666666667,92.5,6.055,0.0,0.0,0.0,0.0,0.0,2.0,0.0,0.0,0.0,0.0,0.0,0.0,540.0,0.0,0.0,0.0,0.0,0.0,0.0,0.0,0.0,0.0,0.0,0.0,21.200070527888433,-457.20710472467229,20.55213171249042,11.641625175567015,21.1643657624717,-819.9440565984064,20.278343567627969,154.67350443866375,15.94017738435741,34.52195978386003,18.710107407011745,-30.90754635988155,17.697835484785324,31.208072797616297,16.219916903269657,-16.79977765049523,18.988012761305755,-688.0386262008167,758.0873169877473,1090.5639546206772,0.0,0.0,0.0,0.0,0.0,0.0,0.0,0.0,0.0,0.0,0.0,0.0,0.0,0.0,0.0,0.0,0.0,0.0,0.0,0.0,0.0,0.0,1.234153989602192,0.3767258820519511,227.8274943162342,266.7502980566191,5756.7630283442499,0.24120490761062056,0.03681393583800681,103.23978629364166,120.92722875982466,2523.007539001403,1.2079293727574474,0.22825573937215569,267.44611564829747,312.66483913924517,6852.435684902504,0.26250380901184336,0.0496038943710966,149.05852690532854,174.41694819556748,3628.720369454045,0.0,0.0,11.815334853600838,14.07301906459043,178.84033896060579,0.0,0.0,13.226566622776208,15.58963211187941,276.4333568784572,0.0,0.0,210.98890544619804,249.41353720803807,3998.7089760971659,0.0,0.0,48.63980386284125,57.88643946221128,757.2077166141653,0.0,0.0,182.439328326622,214.20239077794867,4134.818801096328,37.04512509240928,25.408179075726545,297.0168310630311,349.45166361094229,7345.641188905645,0.0,0.0,170.62608147309028,202.78358242207748,2708.3363974943229,531.185419984143,21.27517547439056,46.183375599361408,21.25,30.0,0.0,20.82020630058535,48.58701467309609,12.0,30.0,1080.365719562265,21.481797455869093,44.90090725165986,21.25,30.0,0.0,20.778760593977617,47.874962766768209,16.0,30.0,0.0,16.017334438326317,60.986941736080009,12.0,30.0,0.0,18.99179623919956,51.18999526072713,12.0,30.0,0.0,18.012673670006437,55.010930650766557,10.0,30.0,0.0,16.237785425416449,60.514226582799029,12.0,30.0,1984.5731064903167,19.789998585413359,49.38828654334177,19.75,30.0,0.0,19.528587565004963,0.0,0.0,0.0,16.254766277542623,0.0,0.0,899.7043773422322,982.5637107554532,847.2207851620601,916.3918294650778,789.974847211063,1063.1010965752838,839.6393530301814,805.4966825077203,852.0618484676154,9751.237487414122,81.55712631636789,83.43724659659529,60.0,0.0,60.0,60.0,12.0,16.0,12.0,19.0,12.0,12.0,21.0,10.0,1.0,0.0,531.185419984143,0.0,1080.365719562265,0.0,0.0,0.0,0.0,1984.5731064903167,2845.106713288166,1707064.0279728994,2211392.8270488234,81.55712631636789,83.46917728052454,0.34983689044293889,0.771319310563803,0.36028137401965956,83.46917728052454,0.3542647819438875,2211392.8270488234,0.11589242700653882 
 02/19  23:00:00,8.57,93.0,6.17,0.0,0.0,0.0,0.0,0.0,2.0,0.0,0.0,0.0,0.0,0.0,0.0,675.0,0.0,0.0,0.0,0.0,0.0,0.0,0.0,0.0,0.0,0.0,0.0,21.352414636953989,-1326.1275881567772,20.52386076132749,289.6975116149054,21.111099013984135,-581.857394798904,20.246434490763585,231.88657833499148,15.945864275229742,38.11073810418837,18.621115507713996,-37.94061344088691,17.64950273358916,179.63664798836619,16.21952848861063,31.88839832818631,18.619407467975234,-627.5242821636538,873.0834748245264,1136.6755907390362,0.0,0.0,0.0,0.0,0.0,0.0,0.0,0.0,0.0,0.0,0.0,0.0,0.0,0.0,0.0,0.0,0.0,0.0,0.0,0.0,0.0,0.0,1.2275065053247803,0.3746967354471247,377.9567026127912,441.671655180214,9667.295199606944,0.2679984574439877,0.040903305470694099,217.9993306685557,255.40861946349947,5300.484523640047,1.1971431435199418,0.2262175252305258,269.8198313899836,315.6406492171533,6841.487264600521,0.27761435460458447,0.052459250681138398,222.10140469043456,260.3807184138616,5356.628228784468,0.0,0.0,12.517173436057833,14.910135900583425,188.14734138362213,0.0,0.0,14.955471219091113,17.642747795089219,307.42989788995876,0.0,0.0,238.74602392774058,282.54532318790157,4481.810577851494,0.0,0.0,47.41117297677056,56.42633068057435,734.8263245766378,0.0,0.0,205.47102779975578,241.99152851877714,4425.819678239064,37.244341468892347,25.544815822285565,443.9217040462559,521.9814615178569,10713.896312580759,0.0,0.0,192.8656766536188,229.32001834075227,3129.513646046113,1366.1532542263847,21.55193450786021,44.89050609822487,21.799999999999998,30.0,0.0,20.840549914057506,47.155922467775038,12.000000000000002,30.0,758.5519159687815,21.385227319558586,45.31636833067407,21.200000000000004,30.0,0.0,20.737706143147478,47.181054134365357,16.0,30.0,0.0,16.02530351464259,61.61574811569906,12.000000000000002,30.0,0.0,18.87263836447351,51.738739135375599,12.000000000000002,30.0,0.0,17.956811972653204,55.52708002009576,10.0,30.0,0.0,16.26488098240532,61.17565514081908,12.000000000000002,30.0,111.30523871168963,19.349698751117374,50.74908513312522,19.0,30.0,0.0,19.754410680218954,0.0,0.0,0.0,16.58052538900297,0.0,0.0,858.7948481808564,888.5423409568372,856.5785517595616,859.9782582111218,813.7480483957972,1071.0154400572386,852.2032666980987,834.303166906755,848.6339675558712,9933.490564930986,81.43656982431274,83.06480723252159,60.0,0.0,60.0,60.0,12.0,16.0,12.0,19.0,12.0,12.0,21.0,10.0,1.0,0.0,1366.1532542263847,0.0,758.5519159687815,0.0,0.0,0.0,0.0,111.30523871168963,2463.688018528097,1478212.8111168582,1913567.2513791465,81.43656982431274,83.09246010909021,0.3541229339509366,0.7703638367995079,0.36028137401965956,83.09246010909021,0.35426478194388757,1913567.2513791465,0.10043549707171562 
 02/19  23:10:00,8.59,93.33333333333333,6.236666666666666,0.0,0.0,0.0,0.0,0.0,2.0,0.0,0.0,0.0,0.0,0.0,0.0,945.0,0.0,0.0,0.0,0.0,0.0,0.0,0.0,0.0,0.0,0.0,0.0,20.817141701172955,-260.9893980993452,20.47894803458597,-58.30637763435402,20.75535979123798,-696.4149048328437,20.213719074767675,164.31386233018908,15.94877231755268,30.418995850300786,18.55216000780899,-22.203665288281667,17.73482280944566,113.89685709614645,16.20057574367637,-28.769764719543028,18.164326769753218,-173.8932056314167,672.2258548396922,710.0932284394718,0.0,0.0,0.0,0.0,0.0,0.0,0.0,0.0,0.0,0.0,0.0,0.0,0.0,0.0,0.0,0.0,0.0,0.0,0.0,0.0,0.0,0.0,1.2122767798260706,0.3700478570897651,183.98963969213487,215.82472378697228,4496.732434097599,0.23841381860063483,0.03638794545186734,101.47115020884717,119.09362779486469,2455.259037787609,1.1145122405885762,0.2106032200658686,229.13785261609457,268.6622122410878,5710.758306643121,0.24712882850529348,0.04669856925648023,160.7002253278426,188.70875708548724,3859.42315607903,0.0,0.0,11.157689301042993,13.292499266759755,167.25892971565762,0.0,0.0,11.984000487367798,14.142711202683039,243.88318528510215,0.0,0.0,161.13664558982,190.6725602280159,3060.902760409011,0.0,0.0,43.96442325193965,52.3303487759335,677.3073978902444,0.0,0.0,130.66332724738749,154.35415755544995,2612.1131453778818,37.09621652550442,25.44322121090839,261.8311749725915,308.8131244154059,6418.984779843931,0.0,0.0,118.52707904894882,141.38247913367042,1728.3964675226644,0.0,20.80800984457376,46.569838461750268,21.999999999999998,29.999999999999994,0.0,20.762966405316975,46.875902039325328,12.0,29.999999999999994,0.0,20.981441721287163,45.986992187718907,21.428571428571428,29.999999999999994,0.0,20.6742920629496,47.082226573266868,12.0,29.999999999999994,0.0,16.026945272977004,62.09675206688914,12.0,29.999999999999994,0.0,18.789603299524719,52.19666325356103,12.0,29.999999999999994,0.0,18.08676408956186,55.07669351217247,10.0,29.999999999999994,0.0,16.23858759842228,61.67972970040866,12.0,29.999999999999994,0.0,18.571249698934538,53.43183176488987,20.0,29.999999999999994,0.0,18.946392589039808,0.0,0.0,0.0,15.739972800247548,0.0,0.0,829.8922731939548,854.5764714758336,817.248173846837,837.7528704622788,830.122881628246,1089.7185154512527,842.4400182001318,847.9060484712994,848.9504716381503,0.0,79.02252397775622,79.02252397775622,59.999999999999989,0.0,59.999999999999989,59.999999999999989,12.0,12.0,12.0,19.0,12.0,12.0,21.0,10.0,0.0,0.0,0.0,0.0,0.0,0.0,0.0,0.0,0.0,0.0,0.0,0.0,0.0,79.02252397775622,79.02252397775622,0.0,0.0,0.0,79.02252397775622,0.0,0.0,0.00096 
 02/19  23:20:00,8.61,93.66666666666667,6.303333333333335,0.0,0.0,0.0,0.0,0.0,2.0,0.0,0.0,0.0,0.0,0.0,0.0,405.0,0.0,0.0,0.0,0.0,0.0,0.0,0.0,0.0,0.0,0.0,0.0,20.44841607508711,-160.89855189125402,20.26144345777297,-149.1437775059508,20.26712305099609,-309.9909124433642,20.007394468960869,-81.7602301548748,15.94161825846411,24.803883297711299,18.501009402635597,-16.550073135842767,17.767674409122959,159.54347036015234,16.118319176001426,-58.247365123103367,17.893278392768019,-42.31976273290819,665.1517451745216,472.1084312998302,0.0,0.0,0.0,0.0,0.0,0.0,0.0,0.0,0.0,0.0,0.0,0.0,0.0,0.0,0.0,0.0,0.0,0.0,0.0,0.0,0.0,0.0,1.16020204427965,0.3541520281683912,196.61332245180379,230.33307589343839,4551.062807944704,0.20645708310985304,0.03151054382018513,81.88219080876576,95.80894230747436,1902.1430098499528,1.1262414650961712,0.2128196268133355,230.92187976510267,270.9426049216468,5331.520463865413,0.22077854586739743,0.04171930194017333,133.65281093537306,156.78283155772199,3101.0855215522435,0.0,0.0,10.255160798254068,12.201601056400837,153.00911255566855,0.0,0.0,10.786495634921297,12.715327948750918,217.736721589047,0.0,0.0,114.37580647095985,135.14051932141994,2180.1647425596654,0.0,0.0,43.21248890638056,51.388613217142957,652.1841291561464,0.0,0.0,74.46621748305904,88.05378982698737,1422.6815378095408,36.92233420406679,25.323960359442247,259.9732641028996,306.0071701569608,6145.60281368207,0.0,0.0,74.64891968638455,89.10997400274599,1002.5601737251934,0.0,20.25868182321561,47.88046776484087,21.999999999999994,29.99999999999999,0.0,20.395851326443887,47.341342361509948,11.999999999999995,29.99999999999999,0.0,20.186118628419448,47.87464849360905,21.999999999999994,29.99999999999999,0.0,20.27697353290647,47.8517888015746,11.999999999999995,29.99999999999999,0.0,16.011844238373685,62.43269560744617,11.999999999999995,29.99999999999999,0.0,18.725649146090278,52.53898624563802,11.999999999999995,29.99999999999999,0.0,18.154700000419955,54.69830215102618,9.999999999999997,29.99999999999999,0.0,16.099762359059068,62.390349350037258,11.999999999999995,29.99999999999999,0.0,18.133220260212167,54.88111891152653,19.999999999999994,29.99999999999999,0.0,19.024592741980848,0.0,0.0,0.0,15.183090577705319,0.0,0.0,809.0118145995698,805.4021707575405,781.3049453715606,803.3217212073968,836.2960871422749,1114.6491591880777,824.7653954380828,850.4824833902239,841.2649770571615,0.0,79.0225239777562,79.0225239777562,59.99999999999998,0.0,59.99999999999998,59.99999999999998,12.0,12.0,12.0,19.0,12.0,12.0,21.0,10.0,0.0,0.0,0.0,0.0,0.0,0.0,0.0,0.0,0.0,0.0,0.0,0.0,0.0,79.0225239777562,79.0225239777562,0.0,0.0,0.0,79.0225239777562,0.0,0.0,0.0009666666666666669 
 02/19  23:30:00,8.629999999999999,94.0,6.37,0.0,0.0,0.0,0.0,0.0,2.0,0.0,0.0,0.0,0.0,0.0,0.0,270.0,0.0,0.0,0.0,0.0,0.0,0.0,0.0,0.0,0.0,0.0,0.0,20.196598134102595,-206.7633418032574,20.032291166497676,-121.91949170434623,20.082070001584858,-198.4052858606051,19.78560133545303,-60.259615690695458,15.931968524807245,22.95885350061269,18.457978565981798,-14.635971072558306,17.828073856130609,153.8936158278682,16.024428228303536,-77.95977020150292,17.699610608505166,-114.62511022446555,544.5694474682628,473.5385937812299,0.0,0.0,0.0,0.0,0.0,0.0,0.0,0.0,0.0,0.0,0.0,0.0,0.0,0.0,0.0,0.0,0.0,0.0,0.0,0.0,0.0,0.0,1.1174111417326036,0.34109009210396948,155.88866615373815,182.72627545559434,3508.28669670116,0.20690309953936987,0.031578617145813479,108.86170542893959,127.62126506161582,2464.3607012711174,1.0877415346743536,0.2055445076860079,157.10511183208247,184.17434658756586,3558.0688255590787,0.21930301130652045,0.04144047832700687,115.45174572694103,135.26519761711058,2585.9245969034266,0.0,0.0,9.956948921275952,11.831540160619923,147.80529179098029,0.0,0.0,10.957788514529956,12.900211928880019,219.67757776190269,0.0,0.0,117.92617948988397,138.9536130107361,2269.9040018929038,0.0,0.0,43.42876105583051,51.61007638503655,640.4308275656267,0.0,0.0,36.60630133070073,43.148475964717459,669.5288452886755,36.797092771558137,25.23806088584235,199.3981816038664,234.66510427683418,4723.367723091468,0.0,0.0,74.430732922396,88.66484142280882,973.2600976600915,0.0,19.91850861107401,48.460028523825808,22.0,30.0,0.0,20.02562719609766,48.19342606485945,12.0,30.0,0.0,19.966903326063279,48.3646064583166,22.0,30.0,0.0,19.902342367306195,48.72846168175353,12.0,30.0,0.0,15.994351289218974,62.59936839711577,12.0,30.0,0.0,18.675831764224577,52.765227340197458,12.0,30.0,0.0,18.262276877660726,54.24108455510783,10.0,30.0,0.0,15.944791438452786,63.012269260734289,12.0,30.0,0.0,17.82995144395165,55.88747080776524,20.0,30.0,0.0,18.663904973753568,0.0,0.0,0.0,15.051428367913636,0.0,0.0,767.7330987633077,779.9600970705167,766.6890792309077,783.8525300224603,834.5374847593539,1132.3558811366198,821.1771570719843,845.7495788956587,838.2736196793469,0.0,79.02252397775622,79.02252397775622,60.0,0.0,60.0,60.0,12.0,12.0,12.0,19.0,12.0,12.0,21.0,10.0,0.0,0.0,0.0,0.0,0.0,0.0,0.0,0.0,0.0,0.0,0.0,0.0,0.0,79.02252397775622,79.02252397775622,0.0,0.0,0.0,79.02252397775622,0.0,0.0,0.0009733333333333333 
 02/19  23:40:00,8.65,94.33333333333333,6.436666666666667,0.0,0.0,0.0,0.0,0.0,2.0,0.0,0.0,0.0,0.0,0.0,0.0,270.0,0.0,0.0,0.0,0.0,0.0,0.0,0.0,0.0,0.0,0.0,0.0,19.89900747188974,-140.35633784501364,19.884197794370765,-253.7632718444593,19.834416799558619,-198.45750224771124,19.63605531528618,-155.27533969202706,15.92334930438831,20.50819875230591,18.419039223883787,-13.97402688042002,17.69249194282485,16.54486315961186,15.975074147946572,-44.43056642308501,17.42489230369636,-286.32005342456218,556.9609099147522,677.9215372013568,0.0,0.0,0.0,0.0,0.0,0.0,0.0,0.0,0.0,0.0,0.0,0.0,0.0,0.0,0.0,0.0,0.0,0.0,0.0,0.0,0.0,0.0,1.0755468262920587,0.3283109970366481,283.70117920999157,332.8116033683534,6153.2308019061269,0.18439754577156887,0.02814370356708927,204.59136913082748,239.79167342267773,4518.677752991251,1.0092985529423025,0.19072157085077535,188.85533398727078,221.6251175870531,4129.598313411403,0.19697704056634195,0.03722166299439568,187.93374200002337,220.4974849629579,4114.640430169797,0.0,0.0,8.88352279052921,10.55688876998062,131.25283010166053,0.0,0.0,10.7193606872527,12.624455207696875,213.5249314091426,0.0,0.0,167.2172460560366,197.32763783670903,3123.651642180613,0.0,0.0,40.42818568409356,48.04669988594536,589.6699023460351,0.0,0.0,94.59304289856684,111.8529677060457,1655.0002413555558,36.559516947521299,25.075114504472788,367.8809653784641,433.00537601924818,8085.5979879723149,0.0,0.0,124.12864976521584,147.81006897922857,1682.2094315797759,0.0,19.49205255170462,49.411909432725938,22.000000000000008,30.00000000000001,0.0,19.807514292322293,48.53030326921815,12.000000000000004,30.00000000000001,0.0,19.60675951712021,49.22315632520821,22.000000000000008,30.00000000000001,0.0,19.66505709439837,49.10251781662929,12.000000000000004,30.00000000000001,0.0,15.980845083637988,62.5962258659288,12.000000000000004,30.00000000000001,0.0,18.632001416449478,52.89453200559706,12.000000000000004,30.00000000000001,0.0,17.984399421479588,54.91399671091968,10.000000000000004,30.00000000000001,0.0,15.884399798508664,63.02933791320112,12.000000000000004,30.00000000000001,0.0,17.374202380575288,57.29400192545293,20.000000000000008,30.00000000000001,0.0,18.70045323238574,0.0,0.0,0.0,15.34429906049759,0.0,0.0,733.0565836006936,745.8046949188934,743.2891804902108,750.5095155009828,826.5680446227636,1134.9184391130307,796.5862273113057,825.502152191822,820.3406186082775,0.0,79.02252397775625,79.02252397775625,60.00000000000002,0.0,60.00000000000002,60.00000000000002,12.0,12.0,12.0,19.0,12.0,12.0,21.0,10.0,0.0,0.0,0.0,0.0,0.0,0.0,0.0,0.0,0.0,0.0,0.0,0.0,0.0,79.02252397775625,79.02252397775625,0.0,0.0,0.0,79.02252397775625,0.0,0.0,0.00098 
 02/19  23:50:00,8.67,94.66666666666667,6.503333333333334,0.0,0.0,0.0,0.0,0.0,2.0,0.0,0.0,0.0,0.0,0.0,0.0,270.0,0.0,0.0,0.0,0.0,0.0,0.0,0.0,0.0,0.0,0.0,0.0,19.83899764299876,-187.50406460075829,19.657845082556049,-181.30390592225786,19.718127034245897,-276.4305224606687,19.437323663904544,-96.38615386367792,15.911992271111878,18.949531430298096,18.38175917257924,-22.78774718415835,17.554174132210528,33.55930127087686,15.948672102691472,-38.83455263737437,17.19311249712786,-268.5580192239736,510.470639037374,658.2911988419132,0.0,0.0,0.0,0.0,0.0,0.0,0.0,0.0,0.0,0.0,0.0,0.0,0.0,0.0,0.0,0.0,0.0,0.0,0.0,0.0,0.0,0.0,1.0205174726297107,0.31151327003348919,222.062999564308,260.62877853525858,4794.428796734382,0.18843434309506364,0.028759820374704469,169.92779929376276,199.5157123490627,3644.9548430650377,0.9817121167187533,0.1855087144215332,192.27081438584083,225.5165499147831,4135.523425774557,0.20162166593386095,0.03809933218704854,163.45877254279263,191.81402906364662,3477.9602971978067,0.0,0.0,8.87461757596411,10.539826683334092,130.43821477746435,0.0,0.0,10.881508137718129,12.80482633346167,215.37072579538964,0.0,0.0,176.1797289989651,208.02825049920515,3199.797003568523,0.0,0.0,37.111896523229749,44.10149358320943,538.1202226786786,0.0,0.0,104.54021600275581,123.7522374918062,1755.220381899255,36.59251617168674,25.097747717206276,307.8722714626215,362.42584693509925,6762.879058408975,0.0,0.0,132.08500778354063,157.27617245000898,1782.3619527673778,0.0,19.4953780288533,49.30127876942665,22.0,30.0,0.0,19.463442693415904,49.209872776970588,12.0,30.0,0.0,19.491495813664398,49.388706588093857,22.0,30.0,0.0,19.357490287891588,49.81045332898438,12.0,30.0,0.0,15.963803147396693,62.53897871246289,12.0,30.0,0.0,18.590119593146406,52.96479170361351,12.0,30.0,0.0,17.744463343982603,55.48453492574812,10.0,30.0,0.0,15.86288930336172,62.82104239616648,12.0,30.0,0.0,17.03262489916915,58.263726848871737,20.0,30.0,0.0,18.52495886382781,0.0,0.0,0.0,15.332702540352756,0.0,0.0,724.1085067052748,704.5154060200796,723.0835157490452,724.6764414553079,815.8220644283142,1140.5410246529769,774.639779386163,802.8457792787785,798.026362301489,0.0,79.02252397775622,79.02252397775622,60.0,0.0,60.0,60.0,12.0,12.0,12.0,19.0,12.0,12.0,21.0,10.0,0.0,0.0,0.0,0.0,0.0,0.0,0.0,0.0,0.0,0.0,0.0,0.0,0.0,79.02252397775622,79.02252397775622,0.0,0.0,0.0,79.02252397775622,0.0,0.0,0.00098 
 02/19  24:00:00,8.69,95.0,6.57,0.0,0.0,0.0,0.0,0.0,2.0,0.0,0.0,0.0,0.0,0.0,0.0,270.0,0.0,0.0,0.0,0.0,0.0,0.0,0.0,0.0,0.0,0.0,0.0,19.613747280942314,-144.85874902352453,19.590836085966303,-212.26177954178184,19.51832458199181,-177.64194628243104,19.364599972936987,-150.00080785888714,15.901881587936908,17.148800369186163,18.339726219803283,-23.121712092830479,17.45948529938233,-10.75976013807258,15.92730774685919,-36.275996207583037,17.018705151337359,-259.36226412379417,480.4182783843744,663.6610386050193,0.0,0.0,0.0,0.0,0.0,0.0,0.0,0.0,0.0,0.0,0.0,0.0,0.0,0.0,0.0,0.0,0.0,0.0,0.0,0.0,0.0,0.0,1.0004002230343215,0.3053724734537001,222.15153450160563,260.79961842907587,4665.82953260754,0.17029954595684505,0.02599199419365767,166.13246154998513,194.8546112171694,3530.0804967104079,0.9562531300033217,0.1806978703709981,179.92220970383898,211.32286250339519,3785.06036672218,0.1863143148105721,0.03520678662331293,177.79501598871134,208.79308036590025,3744.3288967004066,0.0,0.0,8.512364168945706,10.112272020351174,124.52388162283157,0.0,0.0,11.0507814660913,13.011598940033501,217.19700961038795,0.0,0.0,182.57887306769136,215.66148818983323,3253.6393750772997,0.0,0.0,34.61499573132697,41.12768725265049,499.4692154023909,0.0,0.0,114.66181127580183,135.8014464292271,1866.244232275677,36.60232311137612,25.104474013289534,318.63759503468619,375.2489529220345,6868.980503038776,0.0,0.0,141.08740211594455,167.95424674733244,1892.1150865470127,0.0,19.185207960552128,50.00461236610123,22.0,30.0,0.0,19.414169497746764,49.263203915439998,12.0,30.0,0.0,19.220414175911459,50.06031617401945,22.0,30.0,0.0,19.277884510962445,49.9108248685675,12.0,30.0,0.0,15.950605526861598,62.41038540534642,12.0,30.0,0.0,18.540042269805988,53.009120418166968,12.0,30.0,0.0,17.58786274040797,55.835705336912827,10.0,30.0,0.0,15.848975574023467,62.652037658411078,12.0,30.0,0.0,16.7934672596078,58.92545171491246,20.0,30.0,0.0,18.403543374111636,0.0,0.0,0.0,15.31661073634735,0.0,0.0,694.7589357727895,694.7547023937759,703.1316122089654,707.3501094132982,800.8207012146427,1125.9566880135474,757.8557160271867,788.107600108696,781.5655821479472,0.0,79.02252397775622,79.02252397775622,60.0,0.0,60.0,60.0,12.0,12.0,12.0,19.0,12.0,12.0,21.0,10.0,0.0,0.0,0.0,0.0,0.0,0.0,0.0,0.0,0.0,0.0,0.0,0.0,0.0,79.02252397775622,79.02252397775622,0.0,0.0,0.0,79.02252397775622,0.0,0.0,0.00098 
 02/20  00:10:00,8.723333333333333,95.0,6.613333333333333,0.0,0.0,0.0,0.0,0.0,2.0,2.0,0.0,0.0,0.0,0.0,0.0,270.0,0.0,0.0,0.0,0.0,0.0,0.0,0.0,0.0,0.0,0.0,0.0,19.553321679088783,-201.78337876027809,19.425275111342239,-171.10808494415915,19.46532301345024,-220.0683239729915,19.220278606050387,-92.55813437026564,15.888043795424217,14.429054576397505,18.305038625143135,-23.62509971754801,17.469137687941477,106.20612443544951,15.879394671496371,-64.92188672772795,17.021816648136359,-95.96043725712184,455.7515298529379,401.64790053307186,0.0,0.0,0.0,0.0,0.0,0.0,0.0,0.0,0.0,0.0,0.0,0.0,0.0,0.0,0.0,0.0,0.0,0.0,0.0,0.0,0.0,0.0,0.9837682307058175,0.30029555271850358,213.68054941657267,250.9965919333666,4457.883211593866,0.1785691869160972,0.027254149407218744,163.30786265863837,191.88798936708754,3393.485349547025,0.930383376243578,0.17580940594171927,159.94244492913828,187.74133065201256,3347.1440229173188,0.19237326514831144,0.03635171299098854,156.47391479348478,183.72343199550114,3226.5048382093229,0.0,0.0,8.51626592984663,10.112160244355622,123.6644592963371,0.0,0.0,10.683026706666397,12.571121719182188,208.44399194747286,0.0,0.0,96.24894963320917,113.62615983098056,1720.912723791561,0.0,0.0,37.088779534874628,44.07250243737414,527.6181954196264,0.0,0.0,26.68179229575288,31.582879596759164,436.50993924643958,36.67065249644466,25.151339160798814,294.25506468879146,346.5623312242622,6308.228712567113,0.0,0.0,71.6036966815285,85.33889718395239,899.0703247830795,0.0,19.17223285424008,49.834427179915198,22.0,30.0,0.0,19.176387029059119,49.70190524265172,12.0,30.0,0.0,19.21482701655294,49.976898347246919,22.0,30.0,0.0,19.072888982890786,50.34423642964113,12.0,30.0,0.0,15.931370107268279,62.273743399045248,12.0,30.0,0.0,18.5032785363028,52.98978102967534,12.0,30.0,0.0,17.654431281533726,55.17292412427507,10.0,30.0,0.0,15.780571257189436,62.669291632966778,12.0,30.0,0.0,16.872609625884956,58.50839723443862,20.0,30.0,0.0,18.290119859152296,0.0,0.0,0.0,14.918057161446935,0.0,0.0,667.5449217077634,654.2224049574318,690.4219584956129,684.9640293643859,786.6176559955316,1127.6005959350783,718.4818121226167,770.8261580154773,831.9165880170804,0.0,79.02252397775622,79.02252397775622,60.0,0.0,60.0,60.0,12.0,12.0,12.0,19.0,12.0,12.0,21.0,10.0,0.0,0.0,0.0,0.0,0.0,0.0,0.0,0.0,0.0,0.0,0.0,0.0,0.0,79.02252397775622,79.02252397775622,0.0,0.0,0.0,79.02252397775622,0.0,0.0,0.00098 
 02/20  00:20:00,8.756666666666668,95.0,6.656666666666667,0.0,0.0,0.0,0.0,0.0,2.0,2.0,0.0,0.0,0.0,0.0,0.0,270.0,0.0,0.0,0.0,0.0,0.0,0.0,0.0,0.0,0.0,0.0,0.0,19.410100821925107,-89.04882114648717,19.3906191562073,-186.54169851286134,19.28257381445077,-213.66710596134954,19.180589986835409,-136.10717129191199,15.875442958376198,13.94800108345946,18.269602665139279,-19.552843447549578,17.49372244482557,63.294164215401227,15.827755943601862,-67.96409274388316,17.064214020050608,-96.25749457186442,441.81242055675195,412.46448457559839,0.0,0.0,0.0,0.0,0.0,0.0,0.0,0.0,0.0,0.0,0.0,0.0,0.0,0.0,0.0,0.0,0.0,0.0,0.0,0.0,0.0,0.0,0.9663101827287436,0.29496647824442726,192.59071224437145,226.2513678500637,3948.3844462968038,0.16854010791939739,0.02572345969465772,157.65108582916722,185.02572364699979,3262.106164735791,0.9289484449952012,0.17553825491216963,227.63734363727998,267.522826904437,4634.250505431092,0.17871655419835359,0.033771079780490088,170.01280989608524,199.71751820693266,3481.3979745031008,0.0,0.0,8.35576171005939,9.923858783675812,120.49943040439323,0.0,0.0,10.31116978468804,12.13949235658053,199.71598225408088,0.0,0.0,94.01327666830628,110.96820696917672,1684.766685367294,0.0,0.0,38.900694710556738,46.22784089763389,545.3078586699035,0.0,0.0,24.725746805007267,29.253832729019149,408.1768187294291,36.71507689681755,25.181808571205463,302.5774070172997,356.45436098854239,6391.742502321622,0.0,0.0,70.78695836294004,84.37739399443015,873.2050209542795,0.0,19.012740408879034,50.373022038044648,22.0,30.0,0.0,19.18192202846077,49.60824630088019,12.0,30.0,0.0,18.953855679035244,50.528783074721349,22.0,30.0,0.0,19.052353680041905,50.32095594844876,12.0,30.0,0.0,15.915931365284476,62.03538869461984,12.0,30.0,0.0,18.46460702560961,52.92777299949152,12.0,30.0,0.0,17.71320350909821,54.84236846868902,10.0,30.0,0.0,15.710331429484793,62.60338249461894,12.0,30.0,0.0,16.985826977285528,57.89966910058332,20.0,30.0,0.0,18.21847332595147,0.0,0.0,0.0,14.84155456849923,0.0,0.0,672.9277516478068,644.5783858031332,659.2078530385921,676.6069001081767,761.4588880340834,1118.833399636831,709.3395968852597,745.3207345628505,863.5301904187077,0.0,79.02252397775622,79.02252397775622,60.0,0.0,60.0,60.0,12.0,12.0,12.0,19.0,12.0,12.0,21.0,10.0,0.0,0.0,0.0,0.0,0.0,0.0,0.0,0.0,0.0,0.0,0.0,0.0,0.0,79.02252397775622,79.02252397775622,0.0,0.0,0.0,79.02252397775622,0.0,0.0,0.0009966666666666668 
 02/20  00:30:00,8.79,95.0,6.7,0.0,0.0,0.0,0.0,0.0,2.0,2.0,0.0,0.0,0.0,0.0,0.0,270.0,0.0,0.0,0.0,0.0,0.0,0.0,0.0,0.0,0.0,0.0,0.0,19.326513074014178,-227.72644319597112,19.24626007984233,-179.9846921333301,19.264221197867756,-124.60963106322675,19.11681774469023,-20.65605211956698,15.862022115850256,13.617758093281737,18.240377925089747,-18.820623776072467,17.45778819721821,65.07810405882629,15.780066671437215,-68.41653183747917,17.0901962949103,-93.83033050770632,379.3154102797289,408.04462374475136,0.0,0.0,0.0,0.0,0.0,0.0,0.0,0.0,0.0,0.0,0.0,0.0,0.0,0.0,0.0,0.0,0.0,0.0,0.0,0.0,0.0,0.0,0.9482336881425009,0.2894486227541212,265.1009646462481,311.555270812152,5363.393910265985,0.1707185385101131,0.026055942996049007,152.246277060796,178.97761035286733,3082.377582658686,0.9070103924570878,0.17139274233882996,82.55437771384946,97.00578911356388,1694.6582841049624,0.17430148865603704,0.03293678923961394,5.886518391389153,6.9151453500602859,122.97632843511332,0.0,0.0,8.386746518552624,9.9562906460642,120.09396841414417,0.0,0.0,10.273251666248552,12.08851585892803,197.69733865879213,0.0,0.0,92.87287069951991,109.60375330354018,1648.1689412594135,0.0,0.0,39.71350220670624,47.197554436547139,549.1812942940428,0.0,0.0,22.99328736945899,27.19110499605049,381.2978814500458,36.78997454947954,25.233178703346746,209.705531878928,247.2736451140011,4513.317986407229,0.0,0.0,69.41933434890552,82.74914717041736,843.3846595585455,0.0,18.92788318661721,50.29109043802235,22.0,30.0,0.0,18.974132143085379,50.03377996728952,12.0,30.0,0.0,19.0100516020349,50.112189412980388,22.0,30.0,0.0,18.999167972631434,50.03077107748608,12.0,30.0,0.0,15.899642538802877,61.87938561073595,12.0,30.0,0.0,18.4365671931163,52.85697206582043,12.0,30.0,0.0,17.65909636371245,54.74731005681376,10.0,30.0,0.0,15.649239746954974,62.598089209194018,12.0,30.0,0.0,17.059824542190655,57.41949983423866,20.0,30.0,0.0,17.98114750638934,0.0,0.0,0.0,14.782253205296215,0.0,0.0,623.2775073578105,610.559460634428,634.7753950247827,635.6466928717409,747.135665943136,1122.0664179179237,679.9471085993506,726.3184924218488,873.0492573913002,0.0,79.02252397775622,79.02252397775622,60.0,0.0,60.0,60.0,12.0,12.0,12.0,19.0,12.0,12.0,21.0,10.0,0.0,0.0,0.0,0.0,0.0,0.0,0.0,0.0,0.0,0.0,0.0,0.0,0.0,79.02252397775622,79.02252397775622,0.0,0.0,0.0,79.02252397775622,0.0,0.0,0.0010133333333333334 
 02/20  00:40:00,8.823333333333335,95.0,6.743333333333333,0.0,0.0,0.0,0.0,0.0,2.0,2.0,0.0,0.0,0.0,0.0,0.0,270.0,0.0,0.0,0.0,0.0,0.0,0.0,0.0,0.0,0.0,0.0,0.0,19.16038028610663,-98.56873669791094,19.22629339075452,-174.70632272272634,19.192993298709575,-248.03445616480895,19.033113256943289,-116.61420071090879,15.849398443544733,12.319426600035257,18.209038901781307,-16.150828580245049,17.432110860710826,34.217185397503047,15.735742814275126,-70.26063835381194,17.105602026934294,-85.44294753691094,443.5564284314423,392.5952848228966,0.0,0.0,0.0,0.0,0.0,0.0,0.0,0.0,0.0,0.0,0.0,0.0,0.0,0.0,0.0,0.0,0.0,0.0,0.0,0.0,0.0,0.0,0.9357504821124245,0.2856381203029379,322.18384856761397,378.5608878183391,6389.492774636623,0.16092983813243287,0.024561941106903675,161.64741892619137,189.72914349359778,3265.6765139587698,0.8465974274518389,0.15997683814282677,283.14571758886117,332.59790771085889,5704.416437931739,0.16195381869969706,0.030603518272807448,153.90580706495613,180.89998486635739,3077.1546719732407,0.0,0.0,8.154242072277932,9.68329383517608,115.97073874369356,0.0,0.0,10.175383959804912,11.977949285737605,194.46948100294294,0.0,0.0,87.57138520201373,103.36915813902141,1543.0566177453937,0.0,0.0,39.77610191156309,47.27336533557756,543.0413976030945,0.0,0.0,20.235649598725439,23.922706026119039,336.0454508151047,36.85684844594638,25.279045573351437,420.27341593173107,494.96022629176789,8488.678060379947,0.0,0.0,66.3064216872148,79.04677924566873,791.8127862434383,0.0,18.72243176722853,50.88325169979612,22.0,30.0,0.0,19.004563542272753,49.938789575596889,12.0,30.0,0.0,18.944166480228519,50.12266492373269,22.0,30.0,0.0,18.873354644575139,50.39984579616298,12.0,30.0,0.0,15.885429137200195,61.67451856453543,12.0,30.0,0.0,18.40392270218444,52.77266247706429,12.0,30.0,0.0,17.627878611867144,54.7193019845725,10.0,30.0,0.0,15.594974343879433,62.55936415182326,12.0,30.0,0.0,17.10809759800265,57.05208793519859,20.0,30.0,0.0,18.152147296579089,0.0,0.0,0.0,14.712407522352175,0.0,0.0,618.9752314744387,610.2213790981327,610.120825593787,622.9750577781368,724.0968432598502,1110.6451845411035,667.0101273228561,706.7357410480472,878.7764988002199,0.0,79.02252397775622,79.02252397775622,60.0,0.0,60.0,60.0,12.0,12.0,12.0,19.0,12.0,12.0,21.0,10.0,0.0,0.0,0.0,0.0,0.0,0.0,0.0,0.0,0.0,0.0,0.0,0.0,0.0,79.02252397775622,79.02252397775622,0.0,0.0,0.0,79.02252397775622,0.0,0.0,0.0010299999999999999 
 02/20  00:50:00,8.856666666666668,95.0,6.786666666666667,0.0,0.0,0.0,0.0,0.0,2.0,2.0,0.0,0.0,0.0,0.0,0.0,135.0,0.0,0.0,0.0,0.0,0.0,0.0,0.0,0.0,0.0,0.0,0.0,19.122171569262969,-174.68907674102048,19.20109383319707,-20.552902584524419,19.149055501868874,-55.593321995504087,18.95734490215797,-141.94859873816905,15.835071553299708,13.429653559762528,18.176124372702604,-20.300645763474507,17.406167353068399,69.86334119579942,15.692764314517515,-66.30900815249174,17.113524542845405,-86.33054206660052,359.66251454762826,393.2927569572689,0.0,0.0,0.0,0.0,0.0,0.0,0.0,0.0,0.0,0.0,0.0,0.0,0.0,0.0,0.0,0.0,0.0,0.0,0.0,0.0,0.0,0.0,0.909799310414308,0.27771651722048476,156.04206447552577,182.9493868996654,3077.2052742359908,0.16789771542454094,0.025625414442085004,21.006527458499435,24.60172310740553,427.984163328056,0.9005884328321463,0.17017922011189469,191.44029344769755,224.24658090758283,3860.117569819163,0.16828219954508534,0.03179935743482337,104.3531233820956,122.31879136916612,2062.6992420575759,0.0,0.0,8.56891918182222,10.14383808383227,121.03686821493565,0.0,0.0,9.985019381863675,11.71836541223663,189.5017533765653,0.0,0.0,91.71631588188673,107.93013283199376,1605.3426047602355,0.0,0.0,40.11233485412372,47.53970048552587,541.0065224990091,0.0,0.0,20.177897423893904,23.78179194324526,335.0294215988013,36.99397288267549,25.373095255607344,189.99384467832497,223.4227071300086,4070.115481532402,0.0,0.0,66.53751338347819,79.0999244033953,784.5908558835214,0.0,18.71218768442125,50.68909471358861,22.0,30.0,0.0,19.028016218322933,49.78385490414375,12.0,30.0,0.0,18.953259184042218,50.32542266189123,22.0,30.0,0.0,18.7791547098614,50.497099806334649,12.0,30.0,0.0,15.868573630414105,61.495509232259497,12.0,30.0,0.0,18.36691663320753,52.709648409956169,12.0,30.0,0.0,17.603073663555379,54.871953534358819,10.0,30.0,0.0,15.54345951628893,62.61750982124678,12.0,30.0,0.0,17.139127933095418,56.74795273662247,20.0,30.0,0.0,17.85316444271293,0.0,0.0,0.0,14.669124389082866,0.0,0.0,576.7193373332717,600.6653074433817,659.8696845034041,586.5256161671234,701.7063654051573,1107.2764169524376,685.527709755377,694.2382360721533,877.7630472298372,0.0,79.02252397775622,79.02252397775622,60.0,0.0,60.0,60.0,12.0,12.0,12.0,19.0,12.0,12.0,21.0,10.0,0.0,0.0,0.0,0.0,0.0,0.0,0.0,0.0,0.0,0.0,0.0,0.0,0.0,79.02252397775622,79.02252397775622,0.0,0.0,0.0,79.02252397775622,0.0,0.0,0.0010266666666666669 
 02/20  01:00:00,8.89,95.0,6.83,0.0,0.0,0.0,0.0,0.0,2.0,2.0,0.0,0.0,0.0,0.0,0.0,270.0,0.0,0.0,0.0,0.0,0.0,0.0,0.0,0.0,0.0,0.0,0.0,19.120879199754524,-102.30600210547118,19.114875548424288,-173.6770549601057,19.022469470314804,-211.39685572108056,18.93349975575533,-73.0887371263916,15.823059491663147,12.03128770972036,18.15144533763485,-15.838910249564947,17.374584253160614,49.97842607571897,15.65915429808323,-70.01886515807576,17.10958976841031,-85.64416354659312,404.49024559134116,397.133798884846,0.0,0.0,0.0,0.0,0.0,0.0,0.0,0.0,0.0,0.0,0.0,0.0,0.0,0.0,0.0,0.0,0.0,0.0,0.0,0.0,0.0,0.0,0.8826955305259248,0.2694430801361187,218.04327858775478,256.3453218102661,4321.777885797228,0.15449012838982957,0.02357907942457716,91.28401665994798,107.46069721216878,1813.9199155737754,0.8621815777975967,0.16292168892622772,216.93127613112945,254.96289158699708,4272.7520241481729,0.17047727038106059,0.03221414784222611,118.74089101631413,139.5554395771606,2342.253452275013,0.0,0.0,8.204030572484085,9.7365789527745,115.06858997732016,0.0,0.0,9.57368552053983,11.264992482668044,180.58360803941617,0.0,0.0,89.08723690120664,105.12235317471132,1544.7829205442218,0.0,0.0,40.69182098715889,48.35820049772441,543.0533771771663,0.0,0.0,19.57021073240615,23.126379392404695,323.70552669532176,37.153969560674998,25.48283234614198,272.42628138718609,321.2316352154926,5600.228552374567,0.0,0.0,66.29088904695314,79.0216014870792,772.0661020093594,0.0,18.805113655570147,50.48254644658118,22.0,30.0,0.0,18.897375522700359,49.98669219982635,12.0,30.0,0.0,18.75995331429452,50.590258682360047,22.0,30.0,0.0,18.797644536877834,50.61022966617094,12.0,30.0,0.0,15.856423724046472,61.44171672952899,12.0,30.0,0.0,18.34718710573555,52.67609460825728,12.0,30.0,0.0,17.55832879225693,54.77387015610246,10.0,30.0,0.0,15.50956800723022,62.629498377535679,12.0,30.0,0.0,17.146210771991936,56.61392010001453,20.0,30.0,0.0,17.95358708115237,0.0,0.0,0.0,14.633287159348477,0.0,0.0,597.7328204461671,555.4430747976967,591.841318275237,623.8275415526157,694.3262068850302,1108.333062369471,646.3435142029352,683.5572093960636,875.0480955841634,0.0,79.02252397775622,79.02252397775622,60.0,0.0,60.0,60.0,12.0,12.0,12.0,19.0,12.0,12.0,21.0,10.0,0.0,0.0,0.0,0.0,0.0,0.0,0.0,0.0,0.0,0.0,0.0,0.0,0.0,79.02252397775622,79.02252397775622,0.0,0.0,0.0,79.02252397775622,0.0,0.0,0.0010233333333333334 
 02/20  01:10:00,8.945,95.0,6.873333333333334,0.0,0.0,0.0,0.0,0.0,2.0,2.0,0.0,0.0,0.0,0.0,0.0,135.0,0.0,0.0,0.0,0.0,0.0,0.0,0.0,0.0,0.0,0.0,0.0,19.121103899024314,-41.03521319608171,19.004797758754223,-238.79232666902227,18.926385878355789,-228.61663710476479,18.91874874396032,-15.058491821369899,15.807581307175998,11.222307850928786,18.12153952910951,-13.228237034358358,17.336323991943386,42.24448217952522,15.618444458060799,-68.34130358281505,17.105039793164516,-83.26874042309885,374.7201929279872,396.68656617337276,0.0,0.0,0.0,0.0,0.0,0.0,0.0,0.0,0.0,0.0,0.0,0.0,0.0,0.0,0.0,0.0,0.0,0.0,0.0,0.0,0.0,0.0,0.858806542124379,0.2621509591344258,194.7509512941994,228.10436936844463,3862.857896000688,0.14800922871178816,0.02258993112206779,130.96606921983548,153.47838800497514,2553.620931749655,0.8328516816230523,0.15737938050322235,125.6479625698881,147.293586738614,2439.987532943687,0.16641517818250477,0.03144655672382931,75.40962321271756,88.33948823471623,1483.2560784234818,0.0,0.0,7.953767077888792,9.413172787227535,110.41217044225383,0.0,0.0,9.121171748105516,10.70258771513655,170.52901864497694,0.0,0.0,87.14074443237651,102.54669340985,1492.375359085263,0.0,0.0,40.83823827671604,48.39583193310823,536.7415616790012,0.0,0.0,18.880721567539678,22.24383117419258,310.49146107207488,37.18138720757824,25.501637316583165,209.80227288427475,246.62459408719134,4373.817262394297,0.0,0.0,65.59961989634999,77.97435065891962,751.8940015419374,0.0,18.881606742600768,50.18978306984751,22.0,30.0,0.0,18.740314242004858,50.381633218197119,12.0,30.0,0.0,18.64404660190679,50.72081568704948,22.0,30.0,0.0,18.81809922426932,50.601211064499278,12.0,30.0,0.0,15.837872557066131,61.35690275573135,12.0,30.0,0.0,18.315553569970139,52.628427367786219,12.0,30.0,0.0,17.50305988446059,54.826782824162,10.0,30.0,0.0,15.461468474758043,62.703348083028668,12.0,30.0,0.0,17.151779593086308,56.45803646508981,20.0,30.0,0.0,17.833153396525725,0.0,0.0,0.0,14.594771254368567,0.0,0.0,592.3338031090547,528.4896295308789,536.8499537185684,646.3346614185067,680.0538420802711,1108.5440766426683,623.1003336338788,672.8287029845068,873.0769550056825,0.0,79.02252397775622,79.02252397775622,60.0,0.0,60.0,60.0,12.0,12.0,12.0,19.0,12.0,12.0,21.0,10.0,0.0,0.0,0.0,0.0,0.0,0.0,0.0,0.0,0.0,0.0,0.0,0.0,0.0,79.02252397775622,79.02252397775622,0.0,0.0,0.0,79.02252397775622,0.0,0.0,0.00102 
 02/20  01:20:00,9.0,95.0,6.916666666666667,0.0,0.0,0.0,0.0,0.0,2.0,2.0,0.0,0.0,0.0,0.0,0.0,270.0,0.0,0.0,0.0,0.0,0.0,0.0,0.0,0.0,0.0,0.0,0.0,18.95955273258712,-157.7846288034848,18.979649516695568,-117.25400449859035,18.909387561368967,-134.3608755241694,18.843873216020467,-112.37696339242757,15.79598855286222,11.47808832868067,18.096298269915868,-15.737322717756968,17.318545617530554,44.59818116026804,15.586908774904606,-70.6969143448141,17.098200199629959,-79.16776296375184,400.65665605008419,389.26141585422786,0.0,0.0,0.0,0.0,0.0,0.0,0.0,0.0,0.0,0.0,0.0,0.0,0.0,0.0,0.0,0.0,0.0,0.0,0.0,0.0,0.0,0.0,0.8573090129736616,0.2616938379040481,240.6042758102167,282.7282482289495,4616.902491852661,0.15290809861806899,0.023337621889204665,112.9100325529742,132.52453469486879,2191.3119249792805,0.8181553159829329,0.1546022894903502,194.5360724434924,228.65480477871825,3765.49768289186,0.15475907479033397,0.02924396726952644,99.0986270865856,116.52795741362744,1912.0321647437168,0.0,0.0,8.204662447410512,9.737321692106706,112.75235026818932,0.0,0.0,9.711508972497743,11.4277082070913,179.9498317944215,0.0,0.0,87.40643281836168,103.13874779234092,1484.611346331055,0.0,0.0,41.09534530835971,48.831607777921309,532.7744115935705,0.0,0.0,17.767381488317427,20.988063920330533,290.0641008948061,37.23820663348438,25.540608116244444,281.4509808989519,331.64205901052949,5645.002491440458,0.0,0.0,64.55886543099736,76.94979059638553,726.7010342918289,0.0,18.610717281919265,50.99389871331151,22.0,30.0,0.0,18.767562052331426,50.39530741100854,12.0,30.0,0.0,18.691811490129504,50.74566371877452,22.0,30.0,0.0,18.70059336737221,50.7649328309254,12.0,30.0,0.0,15.827552732875283,61.28917539603246,12.0,30.0,0.0,18.29215771009697,52.606670730680537,12.0,30.0,0.0,17.491272301869626,54.84375222496819,10.0,30.0,0.0,15.430954385523095,62.748642965583758,12.0,30.0,0.0,17.15250577380248,56.378203191100968,20.0,30.0,0.0,17.89703034527428,0.0,0.0,0.0,14.550564825181486,0.0,0.0,576.8147513705185,552.1462889357233,577.9531738296204,596.0287891277354,668.7265740654818,1099.8684030565083,621.4861091676145,667.3183764310538,873.3275962112354,0.0,79.02252397775622,79.02252397775622,60.0,0.0,60.0,60.0,12.0,12.0,12.0,19.0,12.0,12.0,21.0,10.0,0.0,0.0,0.0,0.0,0.0,0.0,0.0,0.0,0.0,0.0,0.0,0.0,0.0,79.02252397775622,79.02252397775622,0.0,0.0,0.0,79.02252397775622,0.0,0.0,0.0009966666666666668 
 02/20  01:30:00,9.055,95.0,6.96,0.0,0.0,0.0,0.0,0.0,2.0,2.0,0.0,0.0,0.0,0.0,0.0,135.0,0.0,0.0,0.0,0.0,0.0,0.0,0.0,0.0,0.0,0.0,0.0,18.87873298683705,-154.89939908964198,18.978026926693255,-13.922475894322418,18.901997506501244,-51.133576369234109,18.76268954462229,-139.9902636282086,15.780811443128258,11.785157387402137,18.065104864105629,-17.615941619310094,17.2871491059581,53.651061577067597,15.548421930175966,-69.41702571970882,17.092476140875577,-75.16385827096116,301.27513308913606,382.1600498323421,0.0,0.0,0.0,0.0,0.0,0.0,0.0,0.0,0.0,0.0,0.0,0.0,0.0,0.0,0.0,0.0,0.0,0.0,0.0,0.0,0.0,0.0,0.8408925353429873,0.25668270309615,104.74259627556613,122.77825000033096,1988.752745278283,0.15182697006676164,0.023172614479053976,5.21130861476692,6.102595981586712,104.06968353396515,0.8124758220625975,0.1535290669052528,142.65992950558047,167.09425770185576,2762.995989028855,0.15230017868598254,0.02877932325887802,91.46057653605299,107.18554601256688,1736.890837026577,0.0,0.0,8.383276260640566,9.918446726910304,114.01748647328503,0.0,0.0,9.188759711880554,10.77974946185205,168.66585048773428,0.0,0.0,87.51369226941117,102.95724001916504,1470.67468283572,0.0,0.0,41.12122465188905,48.72375411986942,525.0621868411904,0.0,0.0,16.815506934050207,19.802435770940777,272.8002890046572,37.25509679642612,25.55219259014138,140.36443524942755,165.08539386272276,3009.682679995633,0.0,0.0,63.50630494043784,75.47931531486334,702.1494270880695,0.0,18.525237609647687,51.23154528747077,22.0,30.0,0.0,18.82125658612368,50.18450702774072,12.0,30.0,0.0,18.744836535065884,50.654608258394329,22.0,30.0,0.0,18.58929074722471,51.03116661363156,12.0,30.0,0.0,15.81022857046774,61.215292373223508,12.0,30.0,0.0,18.256902299281316,52.597092814469288,12.0,30.0,0.0,17.454605398457255,54.96327758849713,10.0,30.0,0.0,15.386384007494755,62.80655435123135,12.0,30.0,0.0,17.154540538650666,56.257720401235527,20.0,30.0,0.0,17.55545123279498,0.0,0.0,0.0,14.504409229660644,0.0,0.0,555.1213524092083,536.0372336729088,609.9828664202001,563.7319440480502,651.8555195819029,1096.772838114124,628.4919898209668,653.5289828116094,874.0296826289689,0.0,79.02252397775622,79.02252397775622,60.0,0.0,60.0,60.0,12.0,12.0,12.0,19.0,12.0,12.0,21.0,10.0,0.0,0.0,0.0,0.0,0.0,0.0,0.0,0.0,0.0,0.0,0.0,0.0,0.0,79.02252397775622,79.02252397775622,0.0,0.0,0.0,79.02252397775622,0.0,0.0,0.0009733333333333333 
 02/20  01:40:00,9.11,95.0,7.003333333333334,0.0,0.0,0.0,0.0,0.0,2.0,2.0,0.0,0.0,0.0,0.0,0.0,270.0,0.0,0.0,0.0,0.0,0.0,0.0,0.0,0.0,0.0,0.0,0.0,18.877161871934015,-90.07999510625268,18.887751892897776,-187.52417886604673,18.77864967006156,-205.35989722604519,18.741141371446834,-73.68459272055816,15.76813396881816,10.674351613793008,18.04164890893251,-15.005149706282936,17.255291361081228,42.09657560509527,15.51766951851718,-72.24943857464212,17.08530876977848,-73.02760866095466,377.1720038789326,379.7595506265151,0.0,0.0,0.0,0.0,0.0,0.0,0.0,0.0,0.0,0.0,0.0,0.0,0.0,0.0,0.0,0.0,0.0,0.0,0.0,0.0,0.0,0.0,0.8009026867723827,0.24447578961305944,202.4935171235282,238.02769908241403,3841.956269970546,0.13960687811850029,0.02130752108035719,89.8362719907717,105.72365554025588,1706.821221060749,0.7860707731942778,0.14853945071698378,203.1771588565892,238.73125322641804,3826.4143539664835,0.1543160449780111,0.029160250373773817,111.57685400733165,131.0913969998381,2108.6164109534367,0.0,0.0,8.15378450883546,9.671048327447084,109.72944791986535,0.0,0.0,9.310222889589254,10.950668409722442,169.4165705756173,0.0,0.0,85.67321222632691,101.05846090623696,1422.6353745953589,0.0,0.0,41.37559728505673,49.15555936308253,520.9815702297907,0.0,0.0,16.144217960652264,19.061320399827886,259.9253444769812,37.359339365464609,25.623689551073125,254.7517263396096,300.294272895007,5041.461332756293,0.0,0.0,62.913891734453489,74.9759478172457,683.5709914046975,0.0,18.604587705775758,50.97461924525121,22.0,30.0,0.0,18.67561352075547,50.681436484323949,12.0,30.0,0.0,18.547329269996629,51.149914568344389,22.0,30.0,0.0,18.606428274657188,51.0432324722163,12.0,30.0,0.0,15.797914073048862,61.19528060616963,12.0,30.0,0.0,18.237380632525065,52.58687698510457,12.0,30.0,0.0,17.413465983251613,55.014872253634859,10.0,30.0,0.0,15.356636189060108,62.845294906484529,12.0,30.0,0.0,17.153131466177937,56.19227214488397,20.0,30.0,0.0,17.76393620332436,0.0,0.0,0.0,14.467307814996289,0.0,0.0,555.761034274551,521.2154090399406,553.6654028839628,587.2137455296976,644.9431821907429,1092.0273876226148,602.6846399262613,642.8930010970017,873.0952453389484,0.0,79.02252397775622,79.02252397775622,60.0,0.0,60.0,60.0,12.0,12.0,12.0,19.0,12.0,12.0,21.0,10.0,0.0,0.0,0.0,0.0,0.0,0.0,0.0,0.0,0.0,0.0,0.0,0.0,0.0,79.02252397775622,79.02252397775622,0.0,0.0,0.0,79.02252397775622,0.0,0.0,0.0009499999999999999 
 02/20  01:50:00,9.165000000000001,95.0,7.046666666666667,0.0,0.0,0.0,0.0,0.0,2.0,2.0,0.0,0.0,0.0,0.0,0.0,135.0,0.0,0.0,0.0,0.0,0.0,0.0,0.0,0.0,0.0,0.0,0.0,18.871346797403598,-37.65728652718735,18.791868486307029,-214.12584172227344,18.725906222631335,-170.18020581602378,18.729866533750319,-13.912677922695594,15.752275668660632,10.277047214118199,18.012564025128627,-13.211815057394688,17.21804924577692,36.08086631774495,15.480093769424127,-70.76462158590675,17.077544362737926,-70.48174729790128,313.9175895830813,378.9068280420329,0.0,0.0,0.0,0.0,0.0,0.0,0.0,0.0,0.0,0.0,0.0,0.0,0.0,0.0,0.0,0.0,0.0,0.0,0.0,0.0,0.0,0.0,0.780285608434351,0.23818242015700584,169.10000985303473,198.03838903964278,3205.1940275726658,0.13467833431879859,0.020555301330707967,119.97239493094331,140.5588688208262,2239.522401388137,0.7599199370928881,0.14359787171067429,86.27045414335277,101.08591319234864,1616.7499597497388,0.14980207855331988,0.02830727107961448,49.56414270846822,58.05117088352001,935.099291411936,0.0,0.0,7.996544297876887,9.45794810250031,106.46365625590788,0.0,0.0,9.114286985255104,10.689870605560666,164.33187158728783,0.0,0.0,84.14330734868728,98.98123732520206,1379.8496814883627,0.0,0.0,41.475190694717458,49.134843302526089,514.2145028146996,0.0,0.0,15.556189920205535,18.312076730460494,248.7051437617969,37.37850294799317,25.63683329766336,158.1945363901323,185.97436423372444,3264.194265428547,0.0,0.0,62.31505989154513,74.05015320331713,666.0618344688422,0.0,18.659686706749694,50.77496441492868,22.0,30.0,0.0,18.54457018514499,51.144262309830157,12.0,30.0,0.0,18.508587873931764,51.280322038550767,22.0,30.0,0.0,18.629605540617339,50.94573348659739,12.0,30.0,0.0,15.779550794233339,61.16707650215846,12.0,30.0,0.0,18.20580467793402,52.5866386178722,12.0,30.0,0.0,17.362066637216306,55.1844303572349,10.0,30.0,0.0,15.31322926277874,62.957615292106229,12.0,30.0,0.0,17.1500617432553,56.114229271831209,20.0,30.0,0.0,17.541309116461194,0.0,0.0,0.0,14.433045426459117,0.0,0.0,548.3300333910408,506.00856966461529,520.5386152403575,600.0987797756957,631.6769596565099,1083.5204773001604,588.7354440261833,633.7536467422725,872.9064599752462,0.0,79.02252397775622,79.02252397775622,60.0,0.0,60.0,60.0,12.0,12.0,12.0,19.0,12.0,12.0,21.0,10.0,0.0,0.0,0.0,0.0,0.0,0.0,0.0,0.0,0.0,0.0,0.0,0.0,0.0,79.02252397775622,79.02252397775622,0.0,0.0,0.0,79.02252397775622,0.0,0.0,0.00094 
 02/20  02:00:00,9.22,95.0,7.09,0.0,0.0,0.0,0.0,0.0,2.0,2.0,0.0,0.0,0.0,0.0,0.0,270.0,0.0,0.0,0.0,0.0,0.0,0.0,0.0,0.0,0.0,0.0,0.0,18.73049522081432,-142.78917780082794,18.76743611861541,-119.38823856617432,18.6949454940784,-145.11174894742318,18.66779480386667,-99.32040899146182,15.74005172619476,10.314477093529633,17.98838921927082,-15.377347041072625,17.19740708659186,36.45046258985667,15.450691330006619,-72.74332781224428,17.0707620345061,-65.86297224178688,360.6485712254366,371.2717867688573,0.0,0.0,0.0,0.0,0.0,0.0,0.0,0.0,0.0,0.0,0.0,0.0,0.0,0.0,0.0,0.0,0.0,0.0,0.0,0.0,0.0,0.0,0.7783896537791748,0.23760367941977254,213.45643064424659,250.6957371543278,3925.439949625441,0.13956097738376806,0.02130051547371307,103.28103676521769,121.18958751980895,1916.8508396613893,0.7303770031506136,0.13801530671780305,156.44709550648236,183.78206199164419,2902.0175726881609,0.13922766652024516,0.026309082864747755,77.55338308009283,91.16322604674198,1436.5960372556465,0.0,0.0,8.183438828802068,9.705608787169494,107.80713540956711,0.0,0.0,9.486526254014633,11.157148293029359,169.4850407401077,0.0,0.0,84.02528434317753,99.11107998433366,1365.3010383998044,0.0,0.0,41.63080767743952,49.45070601126677,508.9476295811327,0.0,0.0,14.505242924507528,17.120719118596456,230.12089080393003,37.47409868201504,25.702399644729117,232.8064093253829,274.21689144863367,4543.105145678385,0.0,0.0,61.28421204176492,73.02383500614562,643.0120700065199,0.0,18.424719881592883,51.59478555474007,22.0,30.0,0.0,18.564620408317098,51.11970791139811,12.0,30.0,0.0,18.511893244435727,51.31965540841763,22.0,30.0,0.0,18.533852156206849,51.26814266118021,12.0,30.0,0.0,15.768687873429898,61.157279637806457,12.0,30.0,0.0,18.183246626169056,52.604667822242138,12.0,30.0,0.0,17.34553514372265,55.23067338418896,10.0,30.0,0.0,15.285477582893382,63.009854445916378,12.0,30.0,0.0,17.14871822727882,56.066370618022748,20.0,30.0,0.0,17.66496704081044,0.0,0.0,0.0,14.393202080747653,0.0,0.0,542.9674674420046,521.6077638239749,545.785576447702,564.8288250811779,622.5432929848084,1074.3934333711225,580.1528872629829,623.8766214380341,873.9484724008621,0.0,79.02252397775622,79.02252397775622,60.0,0.0,60.0,60.0,12.0,12.0,12.0,19.0,12.0,12.0,21.0,10.0,0.0,0.0,0.0,0.0,0.0,0.0,0.0,0.0,0.0,0.0,0.0,0.0,0.0,79.02252397775622,79.02252397775622,0.0,0.0,0.0,79.02252397775622,0.0,0.0,0.00093 
 02/20  02:10:00,9.281666666666668,95.0,7.158333333333333,0.0,0.0,0.0,0.0,0.0,2.0,2.0,0.0,0.0,0.0,0.0,0.0,135.0,0.0,0.0,0.0,0.0,0.0,0.0,0.0,0.0,0.0,0.0,0.0,18.667649900240286,-132.34928992577899,18.76563405943392,-13.564818752632334,18.683631838657634,-44.337811355740999,18.58396674633962,-145.35402745744796,15.724146767272299,10.409372045081057,17.959359556312344,-16.148001936478808,17.165473257805667,45.00607861708613,15.414796620700045,-71.69453606412572,17.066417326317486,-60.59948070750431,271.6914835624775,363.84235069784315,0.0,0.0,0.0,0.0,0.0,0.0,0.0,0.0,0.0,0.0,0.0,0.0,0.0,0.0,0.0,0.0,0.0,0.0,0.0,0.0,0.0,0.0,0.761629250540324,0.23248756121499515,88.22713872103339,103.3793641780835,1607.3332982642474,0.1372790373237302,0.02095223402376835,5.414550952911559,6.33914695968838,102.93241476104342,0.7303278453402345,0.13800601763798846,130.42904184423763,152.73516685598589,2415.9236853449385,0.1349038288261993,0.025492031146296159,94.50525169402524,110.71849036883964,1717.5662069893127,0.0,0.0,8.291046299088695,9.803000807105592,107.92401442115228,0.0,0.0,9.112120750520245,10.68479722057385,161.13331329321299,0.0,0.0,83.76229056918123,98.50777425823815,1344.7793047109245,0.0,0.0,41.699304184402659,49.39073829809747,501.3372326244877,0.0,0.0,13.417325399418884,15.787469858874367,211.3160878947595,37.62769012400989,25.80774356927977,125.16134211600957,147.16245949497128,2619.703818904111,0.0,0.0,60.19636270385205,71.52058456917215,619.2485755824143,0.0,18.365883045766318,51.88110397095217,22.0,30.0,0.0,18.614379744367477,51.008235922224468,12.0,30.0,0.0,18.551713940752007,51.17632593957092,22.0,30.0,0.0,18.410643150065888,51.74387976226033,12.0,30.0,0.0,15.750559027210628,61.18112940399973,12.0,30.0,0.0,18.15051016923989,52.6504686255562,12.0,30.0,0.0,17.30840359739473,55.317386031360708,10.0,30.0,0.0,15.244320504414686,63.13119432681845,12.0,30.0,0.0,17.15109479033202,55.99377136497657,20.0,30.0,0.0,17.356639213843836,0.0,0.0,0.0,14.35136545721993,0.0,0.0,529.4568169435904,512.1603515283476,572.7045062916883,536.1095017319187,608.3833986347511,1065.825557639788,583.2639700458443,611.9294756595234,879.6883618497607,0.0,79.02252397775622,79.02252397775622,60.0,0.0,60.0,60.0,12.0,12.0,12.0,19.0,12.0,12.0,21.0,10.0,0.0,0.0,0.0,0.0,0.0,0.0,0.0,0.0,0.0,0.0,0.0,0.0,0.0,79.02252397775622,79.02252397775622,0.0,0.0,0.0,79.02252397775622,0.0,0.0,0.00092 
 02/20  02:20:00,9.343333333333334,95.0,7.2266666666666679,0.0,0.0,0.0,0.0,0.0,2.0,2.0,0.0,0.0,0.0,0.0,0.0,270.0,0.0,0.0,0.0,0.0,0.0,0.0,0.0,0.0,0.0,0.0,0.0,18.652328517568927,-94.36987240189683,18.68827259283196,-161.27026346814143,18.57238326146583,-189.738744149598,18.565930079902598,-68.32886483318657,15.711255904636812,9.687116299845812,17.93716011957971,-14.546947074324777,17.136486857728465,36.706551678177678,15.386017074700075,-74.15263289008556,17.061773165168739,-56.935288673162208,346.045913777868,360.25928064403606,0.0,0.0,0.0,0.0,0.0,0.0,0.0,0.0,0.0,0.0,0.0,0.0,0.0,0.0,0.0,0.0,0.0,0.0,0.0,0.0,0.0,0.0,0.7239469115372559,0.2209850157317631,177.9560712680348,209.14766883423509,3224.262285846271,0.12433531369357129,0.018976696229177547,72.74800247379217,85.6473468196164,1319.7719748510186,0.7066510820987608,0.13353195050996997,176.00423729635413,206.74227568523694,3170.556391775721,0.13887324545714278,0.026242109874743525,99.69826533875491,117.1019180439823,1802.9033989239898,0.0,0.0,8.15888719737291,9.671040666831173,104.93368546182416,0.0,0.0,9.139397709102623,10.745070668134922,160.05820281308366,0.0,0.0,82.31197650821984,97.05469800517884,1305.0829292083548,0.0,0.0,41.93464338077179,49.800118033330267,496.3842940667338,0.0,0.0,12.588430889173396,14.850656721545399,196.60717553264099,37.88130492454101,25.98169062039851,221.5510293366214,261.10883689850007,4248.72914964878,0.0,0.0,59.48503858606145,70.86419591155284,600.2258470321433,0.0,18.407007486784374,51.748584992621108,22.0,30.0,0.0,18.490577329031127,51.55073096907316,12.0,30.0,0.0,18.372267723786874,51.86547638367594,22.0,30.0,0.0,18.43265077969989,51.65192867248535,12.0,30.0,0.0,15.738449676716052,61.20057321859642,12.0,30.0,0.0,18.13155378756805,52.67540144708134,12.0,30.0,0.0,17.274149523199946,55.50044600744427,10.0,30.0,0.0,15.216838610679094,63.24700191018861,12.0,30.0,0.0,17.152015866632298,55.958872019329039,20.0,30.0,0.0,17.554042224234263,0.0,0.0,0.0,14.318009998328315,0.0,0.0,529.8579981747475,497.157350622121,528.3594381182161,556.9541152041261,602.0416681772797,1059.6213047070574,564.0479185746116,603.4989702478194,883.5260137806031,0.0,79.02252397775622,79.02252397775622,60.0,0.0,60.0,60.0,12.0,12.0,12.0,19.0,12.0,12.0,21.0,10.0,0.0,0.0,0.0,0.0,0.0,0.0,0.0,0.0,0.0,0.0,0.0,0.0,0.0,79.02252397775622,79.02252397775622,0.0,0.0,0.0,79.02252397775622,0.0,0.0,0.0009 
 02/20  02:30:00,9.405000000000002,95.0,7.295,0.0,0.0,0.0,0.0,0.0,2.0,2.0,0.0,0.0,0.0,0.0,0.0,135.0,0.0,0.0,0.0,0.0,0.0,0.0,0.0,0.0,0.0,0.0,0.0,18.649872850024637,-29.983963286786094,18.584653891931546,-231.02876953870783,18.55254089161786,-116.2283310953585,18.56182996465418,-8.421588539641846,15.694992964566877,9.260915493999562,17.91008573882797,-12.62319502504323,17.09621733903837,28.114680715742453,15.350912820691996,-72.73257342745865,17.058553123308795,-52.63101234987545,269.14167443398949,357.3808876765738,0.0,0.0,0.0,0.0,0.0,0.0,0.0,0.0,0.0,0.0,0.0,0.0,0.0,0.0,0.0,0.0,0.0,0.0,0.0,0.0,0.0,0.0,0.6977086753207477,0.21297578611744437,183.0970662944386,214.3702838477222,3308.5741138259929,0.11648682519141329,0.01777881947365893,128.6872043616983,150.72739066958156,2286.595528929026,0.6767405924604139,0.12787993054807524,48.15809517071009,56.396332022663248,872.2223118258751,0.1330672831409719,0.02514498925566362,4.477969786147163,5.242787143852257,83.00301793230459,0.0,0.0,7.983155503776959,9.435752436795044,101.41344911647534,0.0,0.0,9.174884766811252,10.755441911165989,159.0656628297581,0.0,0.0,80.33160182206002,94.4566232966415,1255.2060140108804,0.0,0.0,42.017580167974688,49.7566355485099,488.9344753213299,0.0,0.0,11.727886869127718,13.793289511021057,181.83198262665585,38.04038515182433,26.090799143912446,129.6026935306099,152.3473153920322,2631.06661279364,0.0,0.0,58.63520915445164,69.65000691472467,580.8374465617482,0.0,18.465831679428875,51.57465668845299,22.0,30.0,0.0,18.336484132079066,52.198686398093609,12.0,30.0,0.0,18.392645994049724,51.9253946177506,22.0,30.0,0.0,18.465555643464425,51.60252558826286,12.0,30.0,0.0,15.719759068511861,61.25306576835954,12.0,30.0,0.0,18.10222452282155,52.73716949062456,12.0,30.0,0.0,17.217514087246096,55.79692654023768,10.0,30.0,0.0,15.17664928385039,63.41619603749918,12.0,30.0,0.0,17.155169984493619,55.915702380847879,20.0,30.0,0.0,17.2817950464374,0.0,0.0,0.0,14.286662360872896,0.0,0.0,517.5361938918467,488.3509816828966,515.1582065912876,572.2396689858113,590.3659501430744,1047.2795589504193,554.2851520105016,595.3193595125608,892.8586735630418,0.0,79.02252397775622,79.02252397775622,60.0,0.0,60.0,60.0,12.0,12.0,12.0,19.0,12.0,12.0,21.0,10.0,0.0,0.0,0.0,0.0,0.0,0.0,0.0,0.0,0.0,0.0,0.0,0.0,0.0,79.02252397775622,79.02252397775622,0.0,0.0,0.0,79.02252397775622,0.0,0.0,0.00088 
 02/20  02:40:00,9.466666666666667,95.0,7.363333333333333,0.0,0.0,0.0,0.0,0.0,2.0,2.0,0.0,0.0,0.0,0.0,0.0,270.0,0.0,0.0,0.0,0.0,0.0,0.0,0.0,0.0,0.0,0.0,0.0,18.52812286223557,-126.12047808571288,18.564886341556055,-109.75454234598306,18.505285683425066,-164.93903737364395,18.511940351335583,-84.7796548948661,15.682657447119759,9.554781513698785,17.88698042223814,-15.897275841218744,17.07748589266742,32.60386499533092,15.323090316684795,-74.95800870178153,17.059980306667947,-37.4159462105888,323.96703332999916,340.3170513401526,0.0,0.0,0.0,0.0,0.0,0.0,0.0,0.0,0.0,0.0,0.0,0.0,0.0,0.0,0.0,0.0,0.0,0.0,0.0,0.0,0.0,0.0,0.69674905235888,0.21268286091540906,193.21417951268178,226.81151199012795,3394.792450382749,0.12947812282603789,0.019761618257942288,101.27193130820629,118.86008153755643,1791.1860455307959,0.6362147280070766,0.1202219818607477,123.37281840923302,144.78418597782048,2183.9060276753418,0.12161914929222936,0.022981698656883849,62.14380246775177,73.00796170980816,1102.8040201351878,0.0,0.0,8.297134549285897,9.833397274592369,104.13672123228261,0.0,0.0,9.437740184307856,11.09359154807019,161.95812743409506,0.0,0.0,79.88945082451792,94.19008030647785,1235.993982065962,0.0,0.0,42.19352408937557,50.09713733959484,483.26332831197967,0.0,0.0,9.706896293715161,11.447517025157275,149.41885942669405,38.30892375926995,26.274982002242774,190.2394482216613,223.97950917544314,3621.297504214059,0.0,0.0,55.94975036589615,66.64220620494017,541.7376025474498,0.0,18.263650729307849,52.38216730351342,22.0,30.0,0.0,18.366063600369914,52.08434735394271,12.0,30.0,0.0,18.35075759306263,52.13615245419476,22.0,30.0,0.0,18.390307116648985,51.976680973223107,12.0,30.0,0.0,15.709074001891868,61.3037319857376,12.0,30.0,0.0,18.080018060789017,52.799674689491279,12.0,30.0,0.0,17.205828568593597,55.87746831871449,10.0,30.0,0.0,15.150355781669323,63.52803892773137,12.0,30.0,0.0,17.16695832779879,55.8591157105968,20.0,30.0,0.0,17.421430557555039,0.0,0.0,0.0,14.239713603866019,0.0,0.0,519.7756786042729,501.5048482425848,525.0626887413577,544.0682769876707,582.1705153172419,1038.3938331156729,536.762498470636,586.8139410850964,905.4075660131302,0.0,79.02252397775622,79.02252397775622,60.0,0.0,60.0,60.0,12.0,12.0,12.0,19.0,12.0,12.0,21.0,10.0,0.0,0.0,0.0,0.0,0.0,0.0,0.0,0.0,0.0,0.0,0.0,0.0,0.0,79.02252397775622,79.02252397775622,0.0,0.0,0.0,79.02252397775622,0.0,0.0,0.00086 
 02/20  02:50:00,9.528333333333335,95.0,7.431666666666667,0.0,0.0,0.0,0.0,0.0,2.0,2.0,0.0,0.0,0.0,0.0,0.0,135.0,0.0,0.0,0.0,0.0,0.0,0.0,0.0,0.0,0.0,0.0,0.0,18.469058774012234,-118.09825971613782,18.567843278597196,-12.241820830657162,18.487601907533084,-36.4185945587642,18.41338054220248,-163.19365699667015,15.666644253099712,9.482951817176457,17.859160783088116,-15.868405174732118,17.047049430411954,38.46730863496123,15.288098124492726,-74.47708400889633,17.066267411865625,-32.61829320636292,263.28104643174086,334.9804001945265,0.0,0.0,0.0,0.0,0.0,0.0,0.0,0.0,0.0,0.0,0.0,0.0,0.0,0.0,0.0,0.0,0.0,0.0,0.0,0.0,0.0,0.0,0.6805304407796028,0.20773212478009854,79.08716809293964,92.62904142621427,1375.8046960416146,0.12376069266216249,0.018888994606557159,5.17475179151229,6.056382816617226,93.5837358848985,0.6483141604420616,0.12250834475473579,133.1459923164856,155.86118181174153,2351.6596897241709,0.11555959450950024,0.02183665807057827,105.95392292244901,124.08386913135729,1834.858573801772,0.0,0.0,8.346511026867115,9.861591757362787,103.44814982580934,0.0,0.0,9.149983036628586,10.723315905532111,155.3741681565179,0.0,0.0,80.26192568421466,94.34694571793207,1226.5831096436933,0.0,0.0,42.41417125794883,50.21466263857467,477.22832732184119,0.0,0.0,10.246572526352175,12.04437597775333,156.87753495798675,38.4832832550859,26.394570133803783,124.80651798239023,146.66929786232283,2498.4017271520267,0.0,0.0,55.14836126748172,65.49488125901198,523.3601143059844,0.0,18.20566819760102,52.76501369229112,22.0,30.0,0.0,18.42092248210677,52.02093628330308,12.0,30.0,0.0,18.376528505108096,51.95322121421418,22.0,30.0,0.0,18.23211897615735,52.71439198540375,12.0,30.0,0.0,15.691001584913109,61.43088545131843,12.0,30.0,0.0,18.048669596792366,52.92249370264827,12.0,30.0,0.0,17.171078532703498,55.95158781140152,10.0,30.0,0.0,15.109625073241752,63.734418963504328,12.0,30.0,0.0,17.18552212235561,55.79668208175558,20.0,30.0,0.0,17.208981670642659,0.0,0.0,0.0,14.204324790145611,0.0,0.0,505.62556620768165,494.87155540154125,551.0195221533453,511.49180076495176,567.4081261197357,1026.4239398309133,547.3088101028147,574.4704952430388,916.2209785593444,0.0,79.02252397775622,79.02252397775622,60.0,0.0,60.0,60.0,12.0,12.0,12.0,19.0,12.0,12.0,21.0,10.0,0.0,0.0,0.0,0.0,0.0,0.0,0.0,0.0,0.0,0.0,0.0,0.0,0.0,79.02252397775622,79.02252397775622,0.0,0.0,0.0,79.02252397775622,0.0,0.0,0.00086 
 02/20  03:00:00,9.59,95.0,7.5,0.0,0.0,0.0,0.0,0.0,2.0,2.0,0.0,0.0,0.0,0.0,0.0,270.0,0.0,0.0,0.0,0.0,0.0,0.0,0.0,0.0,0.0,0.0,0.0,18.449979529463947,-88.32812125933288,18.499483576208985,-148.21408673744245,18.383391275694526,-180.37705100967197,18.400196525073988,-59.06794381107193,15.653717762510823,8.93811791562105,17.838036154743393,-14.44243011937175,17.018713392269228,30.817221310152719,15.260759570820209,-76.17292278641912,17.065611591652549,-34.22373179801218,322.27984638653427,335.8720145650567,0.0,0.0,0.0,0.0,0.0,0.0,0.0,0.0,0.0,0.0,0.0,0.0,0.0,0.0,0.0,0.0,0.0,0.0,0.0,0.0,0.0,0.0,0.642185633814893,0.19602736074935685,163.70606817520966,192.3361772492234,2827.065338470809,0.1087362073659346,0.016595880245106017,68.71566780033355,80.86736833911307,1188.3820603625689,0.6255999941650077,0.11821617425642628,159.4769289840064,187.27639926085855,2739.8049004481047,0.1239625405498226,0.023424516354841754,92.02303978598735,108.06118842881958,1588.1163052355,0.0,0.0,8.243278825231407,9.764325405364504,100.89256378152305,0.0,0.0,9.189997620439972,10.79850521166042,154.50668317597104,0.0,0.0,79.59453466860554,93.8050789879776,1200.783837658424,0.0,0.0,42.653561250834197,50.630384179918028,472.1640748978459,0.0,0.0,11.387076714444709,13.418007243767438,172.91808885016469,38.750653306038298,26.577951513057827,200.11104603962526,235.7844917778737,3703.434990252913,0.0,0.0,55.400369934172079,65.96697707980363,516.1627695607617,0.0,18.23248833807874,52.688662577997437,22.0,30.0,0.0,18.31234944030949,52.62564809876038,12.0,30.0,0.0,18.206179373026367,52.80393622329635,22.0,30.0,0.0,18.266232681167247,52.50408781937514,12.0,30.0,0.0,15.679087659500944,61.4977437143141,12.0,30.0,0.0,18.030532355495987,52.990626369925127,12.0,30.0,0.0,17.138348753909037,56.25193216454202,10.0,30.0,0.0,15.083763889818116,63.92776634476997,12.0,30.0,0.0,17.189475740768743,55.79013092180877,20.0,30.0,0.0,17.359172821566206,0.0,0.0,0.0,14.18268478927438,0.0,0.0,508.3649649945376,482.5992477299604,509.95415749320815,535.9560630085189,562.3770701063736,1018.5552770095987,529.5472656959851,569.102018108277,910.1370964202108,0.0,79.02252397775622,79.02252397775622,60.0,0.0,60.0,60.0,12.0,12.0,12.0,19.0,12.0,12.0,21.0,10.0,0.0,0.0,0.0,0.0,0.0,0.0,0.0,0.0,0.0,0.0,0.0,0.0,0.0,79.02252397775622,79.02252397775622,0.0,0.0,0.0,79.02252397775622,0.0,0.0,0.00086 
 02/20  03:10:00,9.638333333333334,95.16666666666667,7.576666666666666,0.0,0.0,0.0,0.0,0.0,2.0,2.0,0.0,0.0,0.0,0.0,0.0,135.0,0.0,0.0,0.0,0.0,0.0,0.0,0.0,0.0,0.0,0.0,0.0,18.446095860355233,-26.22403172339,18.393677526600464,-233.67266734939586,18.36711919822787,-103.70909123187608,18.403521464029696,-6.007780713040461,15.637484826567296,8.671366328987432,17.81187866711143,-12.951466737275155,16.978529949996909,22.997088291157526,15.228102345247216,-74.28107874020543,17.06297044771135,-35.09748939557488,251.9077680981536,337.16216448896628,0.0,0.0,0.0,0.0,0.0,0.0,0.0,0.0,0.0,0.0,0.0,0.0,0.0,0.0,0.0,0.0,0.0,0.0,0.0,0.0,0.0,0.0,0.6198571354493957,0.18921157980750787,175.5367536863342,205.44338369540123,3025.1266777698508,0.10094750435054634,0.015407128258630394,127.40185266241699,149.1650283431744,2156.5559745560915,0.6038174322857831,0.11410004389376102,41.96154593550305,49.118573937820567,726.5250363089418,0.11603539874816611,0.021926568168587694,3.3895048632831235,3.966674014240313,60.37412757200274,0.0,0.0,8.108212517521033,9.57667416281845,98.18168058239037,0.0,0.0,9.241254911661918,10.827104053018813,154.00937360723507,0.0,0.0,78.05561810339435,91.7343631434577,1161.8028298990433,0.0,0.0,42.73844128228041,50.58579734017634,465.98531349501948,0.0,0.0,11.777815615479886,13.837818071041122,177.77065343043453,39.03553227036861,26.773341749224025,119.67744272592234,140.62575842550076,2358.4752764137408,0.0,0.0,55.52518859827729,65.92162264889011,510.042407518861,0.0,18.284136287804356,52.598316150325498,22.0,30.0,0.0,18.1495889658415,53.405664379858368,12.0,30.0,0.0,18.229882456423839,52.892776777871819,22.0,30.0,0.0,18.30987119591288,52.46522089222555,12.0,30.0,0.0,15.660650915050969,61.634711472841157,12.0,30.0,0.0,18.002316238546837,53.13315160622961,12.0,30.0,0.0,17.082385497658725,56.63287178066796,10.0,30.0,0.0,15.047288172670731,64.15043632008858,12.0,30.0,0.0,17.190319742083845,55.8280115481363,20.0,30.0,0.0,17.098432608639017,0.0,0.0,0.0,14.164644027728447,0.0,0.0,498.46905652457476,474.66292138407536,502.46320708729658,548.4879522829926,554.2120004593724,1003.5672479282807,521.4668973139624,568.822907628711,896.1803797056552,0.0,79.02252397775622,79.02252397775622,60.0,0.0,60.0,60.0,12.0,12.0,12.0,19.0,12.0,12.0,21.0,10.0,0.0,0.0,0.0,0.0,0.0,0.0,0.0,0.0,0.0,0.0,0.0,0.0,0.0,79.02252397775622,79.02252397775622,0.0,0.0,0.0,79.02252397775622,0.0,0.0,0.00086 
 02/20  03:20:00,9.686666666666668,95.33333333333334,7.653333333333334,0.0,0.0,0.0,0.0,0.0,2.0,2.0,0.0,0.0,0.0,0.0,0.0,270.0,0.0,0.0,0.0,0.0,0.0,0.0,0.0,0.0,0.0,0.0,0.0,18.334799317689254,-114.64358408617045,18.377827317405456,-98.85775661769776,18.321762198434408,-155.8908750652754,18.351135440756729,-89.07665436038974,15.625171491162505,9.058407001194056,17.7893575914008,-16.274718695962919,16.95957729130337,27.575579430668996,15.203005893769728,-74.81871940043823,17.05791831856393,-36.559440184758589,303.47889910424058,334.9557728739088,0.0,0.0,0.0,0.0,0.0,0.0,0.0,0.0,0.0,0.0,0.0,0.0,0.0,0.0,0.0,0.0,0.0,0.0,0.0,0.0,0.0,0.0,0.6209871841570782,0.18955652752047565,181.27346725785183,212.71738939894056,3044.017975243436,0.11709524486385226,0.017871679619025073,96.34744926807686,113.06198023946897,1627.4936095320705,0.5606380833468073,0.10594068090453657,114.03838996390097,133.77918282149046,1930.6000354537792,0.10584411158066293,0.020000776942680065,59.09866668394139,69.42907418592228,1002.8835048583494,0.0,0.0,8.425988035776735,9.978909813864517,100.97721230418935,0.0,0.0,9.356251430961163,10.991164520726589,154.53992219971247,0.0,0.0,79.41727496001747,93.58815967480934,1171.9207356216444,0.0,0.0,42.842642651818398,50.843551449129609,460.80758901821369,0.0,0.0,12.635197097830709,14.883694733329966,189.2947790592135,39.42935658324787,27.043454446672077,170.79546240676303,201.04531040625225,3152.9217506259649,0.0,0.0,55.70545603004253,66.31012714194762,503.78215948762667,0.0,18.100111323893374,53.392469251847227,22.0,30.0,0.0,18.185725111837827,53.21213608349731,12.0,30.0,0.0,18.18683610017931,53.159971041126329,22.0,30.0,0.0,18.22747728601697,52.992372968513169,12.0,30.0,0.0,15.650120005687885,61.744979838805779,12.0,30.0,0.0,17.98067320697449,53.24158743557835,12.0,30.0,0.0,17.070331398140135,56.76990418530886,10.0,30.0,0.0,15.025145588565419,64.30526459630767,12.0,30.0,0.0,17.187001655505516,55.881939382572657,20.0,30.0,0.0,17.219425729407854,0.0,0.0,0.0,14.144911240926876,0.0,0.0,501.6814170366607,485.4046710276009,510.054894208153,519.3275073200318,549.065450243826,995.2870111512555,516.462162193041,570.074032756476,883.4962956991749,0.0,79.02252397775622,79.02252397775622,60.0,0.0,60.0,60.0,12.0,12.0,12.0,19.0,12.0,12.0,21.0,10.0,0.0,0.0,0.0,0.0,0.0,0.0,0.0,0.0,0.0,0.0,0.0,0.0,0.0,79.02252397775622,79.02252397775622,0.0,0.0,0.0,79.02252397775622,0.0,0.0,0.0008666666666666667 
 02/20  03:30:00,9.735,95.5,7.73,0.0,0.0,0.0,0.0,0.0,2.0,2.0,0.0,0.0,0.0,0.0,0.0,135.0,0.0,0.0,0.0,0.0,0.0,0.0,0.0,0.0,0.0,0.0,0.0,18.29911331717109,-90.0701529711223,18.383390322476754,-12.535359511286203,18.304037661053927,-33.01449066040095,18.25101860372001,-167.90337183122166,15.609351730150984,8.999860219357402,17.76224245039966,-15.929617541787707,16.929554664474386,32.55750426358691,15.173267935306488,-73.16884093351655,17.050389605034657,-37.347056325121858,229.47594565823875,334.2892028946776,0.0,0.0,0.0,0.0,0.0,0.0,0.0,0.0,0.0,0.0,0.0,0.0,0.0,0.0,0.0,0.0,0.0,0.0,0.0,0.0,0.0,0.0,0.6069960622139904,0.18528573327655385,62.707262799742078,73.40296841596477,1050.3768681316954,0.11009990540073643,0.016804014865802267,5.423876445012636,6.345552142545574,93.48751442590242,0.5752125003304268,0.10869472795359543,115.35983097102437,134.98809675590906,1951.0503153006767,0.10051299598199819,0.018993385484126637,104.1718243174241,121.9451464772355,1725.9894731144903,0.0,0.0,8.43580945271581,9.959937856076689,100.0067422269766,0.0,0.0,9.275192160487828,10.863860357767927,151.79615112145565,0.0,0.0,79.57767089586882,93.49767010145817,1161.4983879115446,0.0,0.0,42.95707826262127,50.83092876203724,455.26690540142865,0.0,0.0,13.10334362241284,15.388774820532609,194.89614772354165,39.72301982618467,27.244869565284419,100.00829135854599,117.5077854560651,2010.1270761809718,0.0,0.0,55.875735772891498,66.31426902859245,498.0769074001864,0.0,18.084836014157433,53.70093000252816,22.0,30.0,0.0,18.242230254147658,53.188649403579109,12.0,30.0,0.0,18.208832157851178,52.96151708185561,22.0,30.0,0.0,18.065530188875849,53.878312295931589,12.0,30.0,0.0,15.632470660900477,61.9645876639173,12.0,30.0,0.0,17.950187529997824,53.449950009932859,12.0,30.0,0.0,17.03625035734933,56.827351887347678,10.0,30.0,0.0,14.993248528261296,64.54819958529785,12.0,30.0,0.0,17.179468611734309,56.007883631727967,20.0,30.0,0.0,16.95655692242474,0.0,0.0,0.0,14.127618531663979,0.0,0.0,489.7844428688816,480.3791842466761,529.152389859499,489.77503054448717,541.694956288784,981.0464124172862,530.6500809879613,569.606006521964,864.1829327456283,0.0,79.02252397775622,79.02252397775622,60.0,0.0,60.0,60.0,12.0,12.0,12.0,19.0,12.0,12.0,21.0,10.0,0.0,0.0,0.0,0.0,0.0,0.0,0.0,0.0,0.0,0.0,0.0,0.0,0.0,79.02252397775622,79.02252397775622,0.0,0.0,0.0,79.02252397775622,0.0,0.0,0.0008733333333333334 
 02/20  03:40:00,9.783333333333334,95.66666666666667,7.806666666666667,0.0,0.0,0.0,0.0,0.0,2.0,2.0,0.0,0.0,0.0,0.0,0.0,270.0,0.0,0.0,0.0,0.0,0.0,0.0,0.0,0.0,0.0,0.0,0.0,18.262414529215694,-95.50549931666683,18.31923782637067,-141.11045019795137,18.204654769936,-172.04353057836716,18.240980425638154,-54.748536992869507,15.596790177736335,8.823583948663327,17.74128425511866,-15.281186478661681,16.90737979150306,30.110429988775878,15.149738774772065,-73.69565640913311,17.043113715630417,-38.33042628135806,304.285775068598,334.4834984666587,0.0,0.0,0.0,0.0,0.0,0.0,0.0,0.0,0.0,0.0,0.0,0.0,0.0,0.0,0.0,0.0,0.0,0.0,0.0,0.0,0.0,0.0,0.5744276775681065,0.17534422392188843,144.79964009836716,170.02876406870485,2395.367816433101,0.097192900660837,0.014834081297441543,61.0192866061065,71.78188552704092,1011.035832961507,0.5634263425079122,0.106467562832183,141.9344309601385,166.60145006127545,2337.905715559998,0.11287563391215157,0.021329484866241787,85.41834369198566,100.28357187739734,1413.763478511867,0.0,0.0,8.417147897464039,9.963570476794154,98.72402091807925,0.0,0.0,9.335906570026542,10.963951856522963,151.46690760857798,0.0,0.0,79.94511622787228,94.17277580163344,1155.1974861808677,0.0,0.0,43.09640292133493,51.12975664848947,450.56448239186468,0.0,0.0,13.531395212650477,15.932608511833731,199.66680897449323,40.13585976020593,27.52802452689022,173.21966564708465,204.04081243021137,3131.9449895872678,0.0,0.0,56.07972593717296,66.73174807489522,492.53878055455388,0.0,18.067082113865675,53.841342085245219,22.0,30.0,0.0,18.140899304043609,53.91458736493786,12.0,30.0,0.0,18.045402702373047,53.96761222749345,22.0,30.0,0.0,18.105727412401579,53.58234729489425,12.0,30.0,0.0,15.621283493929422,62.06921393668243,12.0,30.0,0.0,17.931788148452286,53.56273216986362,12.0,30.0,0.0,17.015333860563588,57.187715240233597,10.0,30.0,0.0,14.973051499117805,64.77709290621609,12.0,30.0,0.0,17.173055131831285,56.0846079773916,20.0,30.0,0.0,17.14421555237037,0.0,0.0,0.0,14.11331676894256,0.0,0.0,490.58419025565947,470.24647474482978,494.33703553813697,514.9413933682333,540.7726435505451,973.4260312114649,516.3303122408931,569.4781424249095,854.1021274079137,0.0,79.02252397775622,79.02252397775622,60.0,0.0,60.0,60.0,12.0,12.0,12.0,19.0,12.0,12.0,21.0,10.0,0.0,0.0,0.0,0.0,0.0,0.0,0.0,0.0,0.0,0.0,0.0,0.0,0.0,79.02252397775622,79.02252397775622,0.0,0.0,0.0,79.02252397775622,0.0,0.0,0.00088 
 02/20  03:50:00,9.831666666666667,95.83333333333333,7.883333333333334,0.0,0.0,0.0,0.0,0.0,2.0,2.0,0.0,0.0,0.0,0.0,0.0,135.0,0.0,0.0,0.0,0.0,0.0,0.0,0.0,0.0,0.0,0.0,0.0,18.253517013972627,-22.180869656914184,18.207667209183833,-240.64538718869427,18.183507757210756,-103.99897382093559,18.247086834483789,-7.175041269180866,15.580856140280801,8.450000248985475,17.716092111551086,-13.449478057821864,16.86593057732773,18.095407152870849,15.121965274647128,-71.89524108643787,17.033469700620743,-38.617253114048029,250.71844739004065,335.4070144363527,0.0,0.0,0.0,0.0,0.0,0.0,0.0,0.0,0.0,0.0,0.0,0.0,0.0,0.0,0.0,0.0,0.0,0.0,0.0,0.0,0.0,0.0,0.5548546809130958,0.1693695607182832,176.55478160326713,206.55421345751243,2911.2664997176559,0.0873654394705262,0.013334163533352596,128.84201277962095,150.7925857450389,2083.2459550327359,0.541242547216339,0.10227561360852972,42.323870067734549,49.522873780408747,700.2188867913272,0.10145231185147673,0.01917088281396007,4.069841596271628,4.760751760503025,68.91583595798055,0.0,0.0,8.215336114252195,9.696134375039654,95.29267745167182,0.0,0.0,9.393798205871422,10.999400962487977,151.04129784716515,0.0,0.0,77.73645539216771,91.31040188586347,1107.0945902719066,0.0,0.0,43.10614821562937,50.99194948294568,444.10697753071738,0.0,0.0,13.54984549069996,15.906777226915573,198.39268959931227,40.44509509300486,27.740120091224193,120.90874337512297,142.00505341417739,2284.3367965924728,0.0,0.0,56.135653850845489,66.59856053782969,486.3314865251963,0.0,18.10895658052965,53.83894140736542,22.0,30.0,0.0,17.963912267116706,54.861634009467397,12.0,30.0,0.0,18.05591247305766,54.16237692451125,22.0,30.0,0.0,18.152437963517749,53.60249284653514,12.0,30.0,0.0,15.6033114797475,62.2770295412845,12.0,30.0,0.0,17.90450278121129,53.786668024341199,12.0,30.0,0.0,16.956155585400798,57.68724937429894,10.0,30.0,0.0,14.943927394226817,65.02258060387645,12.0,30.0,0.0,17.16226068430947,56.23968642161121,20.0,30.0,0.0,16.941254130884486,0.0,0.0,0.0,14.101262107365069,0.0,0.0,483.7706504542495,464.85504926105826,490.3892377393901,519.8366417065287,537.634385002955,959.3777387444565,509.9134749001707,568.9639919281965,841.3287216351034,0.0,79.02252397775622,79.02252397775622,60.0,0.0,60.0,60.0,12.0,12.0,12.0,19.0,12.0,12.0,21.0,10.0,0.0,0.0,0.0,0.0,0.0,0.0,0.0,0.0,0.0,0.0,0.0,0.0,0.0,79.02252397775622,79.02252397775622,0.0,0.0,0.0,79.02252397775622,0.0,0.0,0.00088 
 02/20  04:00:00,9.88,96.0,7.96,0.0,0.0,0.0,0.0,0.0,2.0,2.0,0.0,0.0,0.0,0.0,0.0,270.0,0.0,0.0,0.0,0.0,0.0,0.0,0.0,0.0,0.0,0.0,0.0,18.14538914574267,-109.09941811612498,18.195601491970199,-88.5273878915782,18.144586775518307,-139.87642756710398,18.19052953419986,-96.03121164016796,15.568644989806494,8.745629237499287,17.69457677041807,-16.612204799761913,16.84672397814931,23.330822436183554,15.100148433172106,-71.95196963909405,17.02493445801613,-39.88076546811217,292.05790579885527,331.9555746196164,0.0,0.0,0.0,0.0,0.0,0.0,0.0,0.0,0.0,0.0,0.0,0.0,0.0,0.0,0.0,0.0,0.0,0.0,0.0,0.0,0.0,0.0,0.558061896852299,0.17034856436272864,176.34391365194927,206.8657171392838,2831.183922458693,0.10620690671530563,0.01620984534726887,93.31638664278013,109.47887893952846,1507.2370378906133,0.49632744234042938,0.093788254410512,110.77858313251002,129.92641132191796,1796.959829089445,0.09189732455048916,0.01736532965806673,57.11892098931772,67.11395765849007,927.3481478532208,0.0,0.0,8.513286958427674,10.074948893581077,97.68880466011282,0.0,0.0,9.378874838815122,11.01093903883523,149.43290235660093,0.0,0.0,79.01864769696974,93.0706820057365,1115.1876114491084,0.0,0.0,43.09234523400856,51.11084286659563,437.9764038275108,0.0,0.0,14.118327297289947,16.61757300772964,205.0067531454145,40.858996743547937,28.02400325346224,161.03402265074824,189.53363046812476,2872.690063025826,0.0,0.0,56.2052550493307,66.8573294797041,479.3726068953954,0.0,17.929199646426829,54.669062450955198,22.0,30.0,0.0,18.007477063921013,54.56251933580107,12.0,30.0,0.0,18.024049424196869,54.40261761465525,22.0,30.0,0.0,18.06042183364782,54.29849145486391,12.0,30.0,0.0,15.592813238916506,62.44399834108951,12.0,30.0,0.0,17.88384450085382,53.939436001955687,12.0,30.0,0.0,16.943550222260215,57.87072936896256,10.0,30.0,0.0,14.925863261859295,65.22292500951039,12.0,30.0,0.0,17.154155168598054,56.36264115265088,20.0,30.0,0.0,17.031931910240446,0.0,0.0,0.0,14.085169917751387,0.0,0.0,487.0574496516275,473.4337231732751,495.3769400048111,494.57529659155338,534.6574596186819,953.6759469434048,506.708222426909,568.9771297689156,831.8896155545879,0.0,79.02252397775622,79.02252397775622,60.0,0.0,60.0,60.0,12.0,12.0,12.0,19.0,12.0,12.0,21.0,10.0,0.0,0.0,0.0,0.0,0.0,0.0,0.0,0.0,0.0,0.0,0.0,0.0,0.0,79.02252397775622,79.02252397775622,0.0,0.0,0.0,79.02252397775622,0.0,0.0,0.00088 
 02/20  04:10:00,9.943333333333336,95.83333333333333,7.981666666666667,0.0,0.0,0.0,0.0,0.0,2.0,2.0,0.0,0.0,0.0,0.0,0.0,135.0,0.0,0.0,0.0,0.0,0.0,0.0,0.0,0.0,0.0,0.0,0.0,18.162647654149738,-38.55150674565766,18.15746021573644,-99.92762170337437,18.128113967970955,-31.366597525728595,18.09443489160192,-167.3967164991077,15.553014496284199,8.612271360414696,17.66896767498239,-16.32976927143062,16.816348898518265,27.44010822168684,15.074411118179567,-70.41396876425961,17.013823880548207,-40.41298247106812,234.88288947639377,330.15015004824866,0.0,0.0,0.0,0.0,0.0,0.0,0.0,0.0,0.0,0.0,0.0,0.0,0.0,0.0,0.0,0.0,0.0,0.0,0.0,0.0,0.0,0.0,0.5433377569775825,0.16585401617142324,63.61540174101989,74.4102729722441,1028.6692203144863,0.09970194226959438,0.015217024155921,52.993563436877717,61.99218432462564,846.6840176822726,0.4977436896720568,0.09405587484354819,100.71403987816857,117.80019064996375,1627.882320240171,0.08671438471489675,0.016385938154742389,96.83806274048301,113.30711689715194,1533.240814147744,0.0,0.0,8.490878252477267,10.017537825582446,96.08616421855425,0.0,0.0,9.416691290768723,11.022935570443707,148.35395949194564,0.0,0.0,78.81967897888574,92.55884524897289,1097.2202533195026,0.0,0.0,43.0843484058229,50.950343460445299,430.27316657867888,0.0,0.0,14.403840641041722,16.902667555898657,207.01848151061223,40.94241818101627,28.081219602891829,105.13375676320857,123.45738345174685,2004.888959331502,0.0,0.0,56.19155686372816,66.63888888211047,470.6242319983978,0.0,18.017495875384463,54.60622197794702,22.0,30.0,0.0,17.972831637568804,55.015795300298737,12.0,30.0,0.0,18.043856101001599,54.24753150191489,22.0,30.0,0.0,17.906415950010247,55.26609218830143,12.0,30.0,0.0,15.575345192172448,62.75248492404728,12.0,30.0,0.0,17.854616074347665,54.23028893700277,12.0,30.0,0.0,16.90842582965285,57.92419695745288,10.0,30.0,0.0,14.899405728279828,65.52222200507548,12.0,30.0,0.0,17.141071833343639,56.5942074602624,20.0,30.0,0.0,16.836174911744576,0.0,0.0,0.0,14.070962902925125,0.0,0.0,477.6347498340863,468.05514104214208,504.6993462620564,473.66608404865897,530.1431878391719,941.4837161798655,518.505597837884,567.5447382377763,818.4733689546567,0.0,79.02252397775622,79.02252397775622,60.0,0.0,60.0,60.0,12.0,12.0,12.0,19.0,12.0,12.0,21.0,10.0,0.0,0.0,0.0,0.0,0.0,0.0,0.0,0.0,0.0,0.0,0.0,0.0,0.0,79.02252397775622,79.02252397775622,0.0,0.0,0.0,79.02252397775622,0.0,0.0,0.00088 
 02/20  04:20:00,10.006666666666668,95.66666666666666,8.003333333333334,0.0,0.0,0.0,0.0,0.0,2.0,2.0,0.0,0.0,0.0,0.0,0.0,135.0,0.0,0.0,0.0,0.0,0.0,0.0,0.0,0.0,0.0,0.0,0.0,18.012475519315566,-151.15892985785787,18.180987770531997,-6.974804513610138,18.00165613585566,-213.70113878045823,18.120471075086763,0.7399394461931479,15.539763411506222,9.111748284561884,17.645777328950837,-17.13902092650784,16.805765652534697,34.5740700680235,15.051722753836043,-69.81335099290823,17.00358275594283,-40.96956480172804,247.99900633096378,329.6406235838765,0.0,0.0,0.0,0.0,0.0,0.0,0.0,0.0,0.0,0.0,0.0,0.0,0.0,0.0,0.0,0.0,0.0,0.0,0.0,0.0,0.0,0.0,0.514026549566407,0.1569067611619069,84.46853589405707,98.86145039243682,1309.0912639049773,0.09650088798776059,0.014728462757594719,28.28126537465092,33.06829448858574,453.62527118599038,0.4802782962468986,0.09075553594990529,97.32244810331847,113.87759685879205,1519.0517768829137,0.10465636347027607,0.019776334744950123,97.09726292569083,113.55793015983345,1545.78039670271,0.0,0.0,8.65574665308758,10.210305306063765,96.6188753922912,0.0,0.0,9.4180076579059,11.02304208141276,146.71497823165269,0.0,0.0,80.8192756894992,94.88103411274573,1114.8713360386185,0.0,0.0,43.10012348055649,50.96049180721489,423.0868416438017,0.0,0.0,14.827226934596663,17.39638906802881,210.8757081984118,41.10786221449046,28.19469287687961,116.114235727972,136.31617554227473,2140.9404680493578,0.0,0.0,56.22397388484753,66.66710021340782,462.39236327510477,0.0,17.758471489875555,55.93827073389463,22.0,30.0,0.0,18.059375498364365,54.56350826380928,12.0,30.0,0.0,17.824440869621559,55.79734609339375,22.0,30.0,0.0,18.016739032018199,54.34053725223051,12.0,30.0,0.0,15.56256945476831,62.89949043679186,12.0,30.0,0.0,17.830063894472909,54.394232624156327,12.0,30.0,0.0,16.909825482041176,58.27896278258839,10.0,30.0,0.0,14.878381636920763,65.85443308226687,12.0,30.0,0.0,17.13003543533616,56.73037599858538,20.0,30.0,0.0,16.847058697058946,0.0,0.0,0.0,14.05977525240459,0.0,0.0,471.4498917270542,473.8790622027239,470.55394186655595,510.61872123943786,530.8012707090494,937.0871426279894,503.49777849523056,565.3440508624896,810.0734379551,0.0,79.02252397775622,79.02252397775622,60.0,0.0,60.0,60.0,12.0,12.0,12.0,19.0,12.0,12.0,21.0,10.0,0.0,0.0,0.0,0.0,0.0,0.0,0.0,0.0,0.0,0.0,0.0,0.0,0.0,79.02252397775622,79.02252397775622,0.0,0.0,0.0,79.02252397775622,0.0,0.0,0.0008766666666666667 
 02/20  04:30:00,10.07,95.5,8.025,0.0,0.0,0.0,0.0,0.0,2.0,2.0,0.0,0.0,0.0,0.0,0.0,135.0,0.0,0.0,0.0,0.0,0.0,0.0,0.0,0.0,0.0,0.0,0.0,18.073414123838803,-6.838748342902363,18.022619096791979,-292.0039319973839,18.033060879935435,-21.829634778340734,17.98493143575584,-213.02614361910765,15.525139725984687,7.775656564569857,17.626115908302255,-12.482733941449454,16.750088184209596,6.056977042099788,15.029583782623743,-69.11509648349647,16.993512117900239,-40.84758323686407,326.93673000405308,331.3277835117058,0.0,0.0,0.0,0.0,0.0,0.0,0.0,0.0,0.0,0.0,0.0,0.0,0.0,0.0,0.0,0.0,0.0,0.0,0.0,0.0,0.0,0.0,0.49406200739031588,0.1508125785684725,203.08259030918914,237.49717826330173,3185.0871896138748,0.06249889892646421,0.009538903987555588,159.14379480541224,186.2066214458435,2434.1381715948916,0.48405015093969419,0.09146828249049402,124.19668516688367,145.25674656474863,1950.2133929434365,0.07634675904039394,0.014426825215493938,118.02620366634543,138.0985613617676,1805.1539201412032,0.0,0.0,8.075846535205465,9.524638716275076,88.85559357955587,0.0,0.0,9.462472022673929,11.073213152269473,145.86716782003868,0.0,0.0,75.15598986864507,88.23570141667492,1014.112388020355,0.0,0.0,43.17038300534275,51.037090125596687,416.46738259494756,0.0,0.0,14.378013980412196,16.866104376099398,202.3432379465146,41.222568287988639,28.273366452667113,233.25153347593915,273.5637579933481,3825.4877560494176,0.0,0.0,56.26310357429033,66.69938470645822,454.7001513437161,0.0,17.95013594554059,54.98586848403612,22.0,30.0,0.0,17.76550644088364,56.24707268518121,12.0,30.0,0.0,17.948177486929138,54.581227987313869,22.0,30.0,0.0,17.76314388083173,56.23577583405911,12.0,30.0,0.0,15.546829363394754,63.109547767118268,12.0,30.0,0.0,17.812423286704996,54.60686341737397,12.0,30.0,0.0,16.82114957348086,58.96698775339365,10.0,30.0,0.0,14.857916591766817,65.94188021462635,12.0,30.0,0.0,17.11956212391442,56.9184853720084,20.0,30.0,0.0,17.07804203571279,0.0,0.0,0.0,14.052976207127696,0.0,0.0,475.15032354640996,459.43775785888138,511.6353957068311,462.24322333960978,528.3597447736229,926.1680861365042,500.7235212682996,568.3572702717369,805.1786667846425,0.0,79.02252397775622,79.02252397775622,60.0,0.0,60.0,60.0,12.0,12.0,12.0,19.0,12.0,12.0,21.0,10.0,0.0,0.0,0.0,0.0,0.0,0.0,0.0,0.0,0.0,0.0,0.0,0.0,0.0,79.02252397775622,79.02252397775622,0.0,0.0,0.0,79.02252397775622,0.0,0.0,0.0008733333333333334 
 02/20  04:40:00,10.133333333333333,95.33333333333333,8.046666666666667,0.0,0.0,0.0,0.0,0.0,2.0,2.0,0.0,0.0,0.0,0.0,0.0,270.0,0.0,0.0,0.0,0.0,0.0,0.0,0.0,0.0,0.0,0.0,0.0,17.97119731118912,-105.65311257994927,18.019605386080906,-59.18690703313473,17.94585776876673,-190.78466804028677,18.00295393594766,5.953406218891928,15.513115170274407,8.37157301326701,17.60594116506404,-17.65715567604272,16.736107006352858,23.66231345641677,15.010180518543369,-68.82150866841619,16.98380704160261,-42.71526002314482,273.91959674577768,324.1884294115732,0.0,0.0,0.0,0.0,0.0,0.0,0.0,0.0,0.0,0.0,0.0,0.0,0.0,0.0,0.0,0.0,0.0,0.0,0.0,0.0,0.0,0.0,0.4666967618810144,0.14245932902350867,156.13137791235796,183.19653274787255,2375.801991373607,0.09077446031418726,0.013854465859918692,91.27080094885784,107.09602850253377,1396.9199207993293,0.43363658161158638,0.08194190884572686,110.61396575109052,129.8032122334863,1691.97081753911,0.09098159481888307,0.017192289270386065,69.03433969280383,81.09605953098178,1059.3892472042556,0.0,0.0,8.564746957089522,10.128823197922447,92.91853399801352,0.0,0.0,9.440823674344245,11.077484792231826,143.89177809929675,0.0,0.0,78.84445449149396,92.82280846316877,1053.247982761983,0.0,0.0,43.009438996323158,50.98259681726942,407.8834360672972,0.0,0.0,15.34785517241908,18.05168887255238,213.63725953851998,41.339698524313849,28.35370269157329,164.12191969137519,193.22369030558117,2773.4295721437599,0.0,0.0,56.114986105617038,66.70232752285331,444.18344678447007,0.0,17.7758093334303,55.90330131013765,22.0,30.0,0.0,17.834967962159618,55.77787672619069,12.0,30.0,0.0,17.8050373730442,56.036382652725269,22.0,30.0,0.0,17.868070754817258,55.15119515704111,12.0,30.0,0.0,15.536476153122134,63.321166283182169,12.0,30.0,0.0,17.79237182000253,54.796690816453217,12.0,30.0,0.0,16.82059152011157,58.946332513775278,10.0,30.0,0.0,14.842389270835959,66.24565956435845,12.0,30.0,0.0,17.10987063925581,57.08105819923033,20.0,30.0,0.0,16.905745895799023,0.0,0.0,0.0,14.035933084537298,0.0,0.0,474.12604629151499,465.88546674103227,469.85113934187685,503.2249017835532,525.866436672248,921.6641436645982,501.4786196772717,565.9941304517997,797.5047381480347,0.0,79.02252397775622,79.02252397775622,60.0,0.0,60.0,60.0,12.0,12.0,12.0,19.0,12.0,12.0,21.0,10.0,0.0,0.0,0.0,0.0,0.0,0.0,0.0,0.0,0.0,0.0,0.0,0.0,0.0,79.02252397775622,79.02252397775622,0.0,0.0,0.0,79.02252397775622,0.0,0.0,0.00087 
 02/20  04:50:00,10.196666666666668,95.16666666666667,8.068333333333334,0.0,0.0,0.0,0.0,0.0,2.0,2.0,0.0,0.0,0.0,0.0,0.0,135.0,0.0,0.0,0.0,0.0,0.0,0.0,0.0,0.0,0.0,0.0,0.0,17.980493847939959,-34.85847205818891,17.97990038516973,-120.17692347099274,17.947053193473665,-32.70370973388026,17.938609290478384,-148.04802558833809,15.497844570981896,8.196930380601714,17.58165525803638,-16.734425020478626,16.706695198103515,22.468086639013565,14.987157712876604,-67.40066084549994,16.971383647986018,-42.89551736547378,211.22158142971467,323.14403153590936,0.0,0.0,0.0,0.0,0.0,0.0,0.0,0.0,0.0,0.0,0.0,0.0,0.0,0.0,0.0,0.0,0.0,0.0,0.0,0.0,0.0,0.0,0.457075667588988,0.13952248705402565,70.28050875063488,82.17836506839072,1074.4658122677657,0.08198616223871784,0.012513150524834836,61.164170432945919,71.52951824493342,923.4858109146396,0.4328216182769654,0.08178790972731776,83.5383440138987,97.68541365828436,1277.8998949887912,0.07750246300217671,0.01464521220751638,79.44382172112934,92.91854440711184,1193.8285160911603,0.0,0.0,8.473846634068849,9.99027278901369,90.59604794428995,0.0,0.0,9.48059520269983,11.091055393524643,142.8347981816583,0.0,0.0,77.70390813602471,91.2009255588043,1023.1522247613951,0.0,0.0,42.93911763425887,50.746346881769508,399.8896119141827,0.0,0.0,15.460135080408215,18.12855768710731,212.86090155821069,41.44379605570726,28.42510017538222,96.15309271111464,112.8675913194156,1775.2790674638573,0.0,0.0,56.03928595045655,66.40840201381947,435.4191181407088,0.0,17.84710960293219,55.8384719258269,22.0,30.0,0.0,17.7895235836239,56.26594717985677,12.0,30.0,0.0,17.862161259184349,55.30514685690068,22.0,30.0,0.0,17.755612415620758,56.34831608433978,12.0,30.0,0.0,15.519410792668321,63.642498626309777,12.0,30.0,0.0,17.76479889154304,55.11371957590478,12.0,30.0,0.0,16.785900260641875,59.16088867463589,10.0,30.0,0.0,14.819148026052228,66.5728764606292,12.0,30.0,0.0,17.0951675478669,57.35883703764581,20.0,30.0,0.0,16.67800144328096,0.0,0.0,0.0,14.025737219228262,0.0,0.0,468.6185070728684,465.7482790115373,500.8682135504537,473.73339993728669,523.1865300110867,911.7133908509716,501.8530380140888,564.1057499204346,787.785132000057,0.0,79.02252397775622,79.02252397775622,60.0,0.0,60.0,60.0,12.0,12.0,12.0,19.0,12.0,12.0,21.0,10.0,0.0,0.0,0.0,0.0,0.0,0.0,0.0,0.0,0.0,0.0,0.0,0.0,0.0,79.02252397775622,79.02252397775622,0.0,0.0,0.0,79.02252397775622,0.0,0.0,0.00086 
 02/20  05:00:00,10.26,95.0,8.09,0.0,0.0,0.0,0.0,0.0,2.0,2.0,0.0,0.0,0.0,0.0,0.0,270.0,0.0,0.0,0.0,0.0,0.0,0.0,0.0,0.0,0.0,0.0,0.0,17.889673371415037,-96.75901949814943,17.95997017027082,-118.2524861124707,17.874538594061876,-163.60244448434686,17.952270083911715,-2.068181780391356,15.486098044363116,8.110532062684939,17.562685516816346,-16.726629802762319,16.686369526190455,17.817993956359034,14.968579949837862,-67.36560958476889,16.961572193107267,-43.43996872785226,231.2795319744091,321.9872077187805,0.0,0.0,0.0,0.0,0.0,0.0,0.0,0.0,0.0,0.0,0.0,0.0,0.0,0.0,0.0,0.0,0.0,0.0,0.0,0.0,0.0,0.0,0.4331949712505069,0.13223289720711446,136.65377430700628,160.1440519210709,2029.8404125114708,0.07531954540836333,0.011495657113608567,76.57893193578779,89.6827572833832,1142.504987773546,0.40902933030128299,0.07729201252858714,68.47327323157794,80.33176326213793,1024.2602317584022,0.08080571781390357,0.015269410017744434,39.96138706050523,46.98098216299334,600.2324684682824,0.0,0.0,8.470905758048183,10.014158533352198,89.26863989849865,0.0,0.0,9.550989874512997,11.203352457951827,142.28589589307783,0.0,0.0,77.56828324380592,91.29342463567636,1008.2973456510154,0.0,0.0,42.93832508248673,50.88187847939237,392.9204235447457,0.0,0.0,15.73521272106057,18.50050202939898,214.2469251708457,41.613210973954569,28.541296964303549,116.70080320296623,137.3164977208258,2032.4445965318224,0.0,0.0,56.04752251700651,66.59703690214465,427.11432365378837,0.0,17.704603093878576,56.648101344794969,22.0,30.0,0.0,17.791121109548997,56.390939775957907,12.0,30.0,0.0,17.749659827386304,56.53339122570557,22.0,30.0,0.0,17.83345412236245,55.61063230814928,12.0,30.0,0.0,15.509324889772696,63.80946042550727,12.0,30.0,0.0,17.74743998897766,55.28417503182635,12.0,30.0,0.0,16.767895263409,59.6403167182047,10.0,30.0,0.0,14.804208310444566,66.8424498186063,12.0,30.0,0.0,17.085800750688976,57.51419446767997,20.0,30.0,0.0,16.71361227240141,0.0,0.0,0.0,14.017058277201726,0.0,0.0,466.0699902149745,463.59794566945177,472.0902058972447,498.41461659458846,521.868156560603,906.6598788108072,494.73245801494388,564.0893158604001,782.6407687935143,0.0,79.02252397775622,79.02252397775622,60.0,0.0,60.0,60.0,12.0,12.0,12.0,19.0,12.0,12.0,21.0,10.0,0.0,0.0,0.0,0.0,0.0,0.0,0.0,0.0,0.0,0.0,0.0,0.0,0.0,79.02252397775622,79.02252397775622,0.0,0.0,0.0,79.02252397775622,0.0,0.0,0.00085 
 02/20  05:10:00,10.288333333333334,94.5,8.15,0.0,0.0,0.0,0.0,0.0,2.0,2.0,0.0,0.0,0.0,0.0,0.0,135.0,0.0,0.0,0.0,0.0,0.0,0.0,0.0,0.0,0.0,0.0,0.0,17.83066686214469,-95.81401391156851,17.953804278182028,-14.876349427479852,17.879101476791285,-29.742056027080709,17.871606171646236,-158.90050965032743,15.471013056936024,8.076662572510373,17.538661511992374,-17.10377598191434,16.65632747271964,21.815587789242728,14.946494856996044,-65.91409601168744,16.94874967856501,-43.90326048526242,192.5150485133854,320.44839259452535,0.0,0.0,0.0,0.0,0.0,0.0,0.0,0.0,0.0,0.0,0.0,0.0,0.0,0.0,0.0,0.0,0.0,0.0,0.0,0.0,0.0,0.0,0.4532452433882566,0.13835324889751425,54.15025053151799,63.33013879285476,796.970093146232,0.07881538333178678,0.01202920991022387,6.337121148707779,7.4067439297456769,95.94966125412543,0.40133581028164497,0.07583821055964571,86.6914174623845,101.34605556575788,1300.1080643864526,0.07032405522419913,0.01328874815272092,82.93043383761428,96.9679859474002,1219.9691359144929,0.0,0.0,8.513782687678305,10.033566203455685,88.97641652734623,0.0,0.0,9.517913986524752,11.13114534210894,140.80035957237153,0.0,0.0,77.4095924371281,90.82927054321906,996.7306057408739,0.0,0.0,42.96211177102865,50.756683943019798,388.92866946947046,0.0,0.0,15.768179703945965,18.482640862305926,213.40314403904814,41.88224395968591,28.725818902390896,82.41649629287922,96.7399347501901,1551.3659202733155,0.0,0.0,56.147364054918437,66.50856522223445,423.8402405949825,0.0,17.63692891633187,57.20608129301422,22.0,30.0,0.0,17.822734092255066,56.509442995593008,12.0,30.0,0.0,17.808941413413309,55.73385542246291,22.0,30.0,0.0,17.68996918928127,57.19621596734139,12.0,30.0,0.0,15.492390428099096,64.18920623770332,12.0,30.0,0.0,17.720700114513848,55.65014743297469,12.0,30.0,0.0,16.732578166218759,59.7712782257352,10.0,30.0,0.0,14.78223260577709,67.12256524424511,12.0,30.0,0.0,17.07092036061554,57.83179249720045,20.0,30.0,0.0,16.5581344962459,0.0,0.0,0.0,14.008598724176875,0.0,0.0,462.7208934941517,460.266068334166,501.35473562288839,457.6590479332266,518.3270084095126,897.0360956841627,498.8098041234391,563.4929604692242,775.2873915412054,0.0,79.02252397775622,79.02252397775622,60.0,0.0,60.0,60.0,12.0,12.0,12.0,19.0,12.0,12.0,21.0,10.0,0.0,0.0,0.0,0.0,0.0,0.0,0.0,0.0,0.0,0.0,0.0,0.0,0.0,79.02252397775622,79.02252397775622,0.0,0.0,0.0,79.02252397775622,0.0,0.0,0.0008400000000000001 
 02/20  05:20:00,10.316666666666667,94.0,8.21,0.0,0.0,0.0,0.0,0.0,2.0,2.0,0.0,0.0,0.0,0.0,0.0,135.0,0.0,0.0,0.0,0.0,0.0,0.0,0.0,0.0,0.0,0.0,0.0,17.866671983662458,-11.206479311651492,17.826165928604686,-252.70569040839519,17.722582713105085,-247.40503964149912,17.896273131121136,0.540680666085791,15.457491821222943,7.915073592709291,17.517639810909505,-16.115689422496247,16.622815899878434,13.353837889382703,14.927196800892075,-64.87632122060336,16.937343310614446,-43.93679218007685,301.7655929085049,319.1892393438136,0.0,0.0,0.0,0.0,0.0,0.0,0.0,0.0,0.0,0.0,0.0,0.0,0.0,0.0,0.0,0.0,0.0,0.0,0.0,0.0,0.0,0.0,0.413086027334665,0.12609463593854243,187.7439510625125,219.44937800997304,2781.1164785190346,0.06179805246905851,0.009431937190027247,122.43231408165593,143.17252475464225,1769.9744216064833,0.3969996169924132,0.07501882407264046,118.60643511664454,138.73170741699239,1704.6604455394582,0.08012761215040468,0.015141272137264673,59.00981017213153,68.9732501550572,876.750589599976,0.0,0.0,8.37726313129496,9.870970801636226,86.83076254093999,0.0,0.0,10.012984794753353,11.708301531400022,147.13120467331107,0.0,0.0,75.92574614747159,89.07752081450659,966.7027690669106,0.0,0.0,42.76802290508463,50.517766076267438,383.24286703777048,0.0,0.0,16.527606582319586,19.369306218909398,222.32587669645594,42.2443430394427,28.97417218068773,190.7308012920829,223.60862258533315,3029.909166613326,0.0,0.0,55.98055105833554,66.29959436836455,418.44008010051439,0.0,17.763315204922529,56.40172652421205,22.0,30.0,0.0,17.591857282298503,57.69416518655825,12.0,30.0,0.0,17.52730852448442,57.84649874935738,22.0,30.0,0.0,17.792749806936244,55.94413081290678,12.0,30.0,0.0,15.478541679012498,64.39141087887492,12.0,30.0,0.0,17.69993001225789,55.88085768219359,12.0,30.0,0.0,16.68887047044099,60.32714131199178,10.0,30.0,0.0,14.76530689268172,67.51244067383749,12.0,30.0,0.0,17.059025911005468,58.00988805428449,20.0,30.0,0.0,16.85762087340582,0.0,0.0,0.0,14.000746655887478,0.0,0.0,475.7996069513112,454.2682320946822,460.14886166991809,497.7467851667079,517.6596786208919,886.5501659868173,493.1333334843632,560.6294311502276,771.1327390556747,0.0,79.02252397775622,79.02252397775622,60.0,0.0,60.0,60.0,12.0,12.0,12.0,19.0,12.0,12.0,21.0,10.0,0.0,0.0,0.0,0.0,0.0,0.0,0.0,0.0,0.0,0.0,0.0,0.0,0.0,79.02252397775622,79.02252397775622,0.0,0.0,0.0,79.02252397775622,0.0,0.0,0.0008866666666666667 
 02/20  05:30:00,10.344999999999999,93.5,8.27,0.0,0.0,0.0,0.0,0.0,2.0,2.0,0.0,0.0,0.0,0.0,0.0,270.0,0.0,0.0,0.0,0.0,0.0,0.0,0.0,0.0,0.0,0.0,0.0,17.73246501368585,-120.47040394573287,17.81681447216487,-75.68776893757786,17.755160660510304,-7.3554899647206188,17.814946009116903,-163.3251826112678,15.445787833414555,7.920783598900755,17.497998150474524,-18.041083953920919,16.60364802964874,13.428206061386846,14.909712326505297,-64.74873335899304,16.9271033098969,-44.281489065152417,287.7683801082767,317.303837226758,0.0,0.0,0.0,0.0,0.0,0.0,0.0,0.0,0.0,0.0,0.0,0.0,0.0,0.0,0.0,0.0,0.0,0.0,0.0,0.0,0.0,0.0,0.4314982471933207,0.13171497167073283,196.51444798920739,230.4949945245436,2807.7923573148407,0.07455276265621386,0.011378626779031419,92.48912764115858,108.36435805428563,1339.035592983102,0.3992597521057847,0.07544590931704173,146.1267773861299,171.5461464513764,2123.5625806787968,0.06300425207439861,0.01190556539576693,107.5247811947767,126.14863198756787,1559.5029057708408,0.0,0.0,8.519193620594543,10.066297984297565,87.59358128570315,0.0,0.0,9.905815370608416,11.613731835670333,144.55656088177455,0.0,0.0,75.84261025003799,89.23880682295357,958.7573550019386,0.0,0.0,42.801559991464177,50.6961278345056,379.7107571522585,0.0,0.0,17.10646906519746,20.099341145835117,228.6917712443209,42.505824453722308,29.153514714487188,210.93768258999166,248.19353284613187,3263.5528035619138,0.0,0.0,56.093157849113868,66.61343734032818,414.8728151599312,0.0,17.5253902747822,57.55855173861545,22.0,30.0,0.0,17.63932959686742,57.277393042883307,12.0,30.0,0.0,17.65752707657929,56.790325430815588,22.0,30.0,0.0,17.646551888623699,57.37522213176629,12.0,30.0,0.0,15.468262988503544,64.58821420796669,12.0,30.0,0.0,17.681516259447457,56.07539528413615,12.0,30.0,0.0,16.674326667711325,60.4055593275786,10.0,30.0,0.0,14.751497226068683,67.6813738253235,12.0,30.0,0.0,17.04949355028115,58.20861237096861,20.0,30.0,0.0,16.79763866090616,0.0,0.0,0.0,13.992149340718586,0.0,0.0,467.45614235310009,462.09428436220238,482.42893840626166,458.53402714821677,516.7613061312893,882.2755015849973,495.4314550256849,562.9725794403889,765.0438792542178,0.0,79.02252397775622,79.02252397775622,60.0,0.0,60.0,60.0,12.0,12.0,12.0,19.0,12.0,12.0,21.0,10.0,0.0,0.0,0.0,0.0,0.0,0.0,0.0,0.0,0.0,0.0,0.0,0.0,0.0,79.02252397775622,79.02252397775622,0.0,0.0,0.0,79.02252397775622,0.0,0.0,0.0009333333333333333 
 02/20  05:40:00,10.373333333333333,93.0,8.33,0.0,0.0,0.0,0.0,0.0,2.0,2.0,0.0,0.0,0.0,0.0,0.0,135.0,0.0,0.0,0.0,0.0,0.0,0.0,0.0,0.0,0.0,0.0,0.0,17.76497157807168,-27.232066456514077,17.7746729574797,-111.05153935870294,17.68542059810391,-159.02548963827167,17.82419290121657,-4.964226588733013,15.430873624648639,7.814946180404547,17.47358172650704,-18.4972572323382,16.567544777029775,15.874376862274403,14.889638368878437,-63.00831119415011,16.913964882227626,-45.29870936814177,199.8145886371808,313.7418858239266,0.0,0.0,0.0,0.0,0.0,0.0,0.0,0.0,0.0,0.0,0.0,0.0,0.0,0.0,0.0,0.0,0.0,0.0,0.0,0.0,0.0,0.0,0.4128397496078241,0.1260194595872479,143.79301382267935,168.0664311307375,2081.69758999089,0.07698161799990099,0.011749331196566085,60.26648704400789,70.4486280377174,864.7872032898958,0.3580306660503394,0.0676550767290891,79.27846423095245,92.6885617194573,1134.3699851640207,0.07095636090401657,0.013408231463344019,2.9580528353331325,3.4563503932871595,44.14467638305375,0.0,0.0,8.525239183154947,10.041626835185023,86.91236585890909,0.0,0.0,10.2045335802428,11.928633452234543,147.83076232328558,0.0,0.0,75.30079878708585,88.32983325874047,940.9888803935722,0.0,0.0,42.48665726957516,50.16934588079799,372.974250181174,0.0,0.0,17.21639410312121,20.168733651796108,228.73566997490998,42.78220048818585,29.343073037164517,90.93223824280796,106.70808820639447,1625.4718779469586,0.0,0.0,55.82584438858022,66.08992891923718,408.5700650879819,0.0,17.645754086179556,57.173108585270629,22.0,30.0,0.0,17.591666654359149,57.67350038803356,12.0,30.0,0.0,17.5468728127693,57.754675273135038,22.0,30.0,0.0,17.71723693886547,57.18852559345008,12.0,30.0,0.0,15.45145107868645,64.91108514450886,12.0,30.0,0.0,17.653712647390937,56.407848757253969,12.0,30.0,0.0,16.628233860088075,60.47655947046546,10.0,30.0,0.0,14.732160387950348,67.92470693447322,12.0,30.0,0.0,17.034205893818343,58.51421717418752,20.0,30.0,0.0,16.482188321000487,0.0,0.0,0.0,13.980862323363582,0.0,0.0,469.09805207835776,452.2024141501113,459.3413862542754,457.06304824941608,515.3907160974407,870.8049960371421,503.3469805396436,567.5435957305432,758.544944946172,0.0,79.02252397775622,79.02252397775622,60.0,0.0,60.0,60.0,12.0,12.0,12.0,19.0,12.0,12.0,21.0,10.0,0.0,0.0,0.0,0.0,0.0,0.0,0.0,0.0,0.0,0.0,0.0,0.0,0.0,79.02252397775622,79.02252397775622,0.0,0.0,0.0,79.02252397775622,0.0,0.0,0.00098 
 02/20  05:50:00,10.401666666666666,92.5,8.389999999999999,0.0,0.0,0.0,0.0,0.0,2.0,2.0,0.0,0.0,0.0,0.0,0.0,270.0,0.0,0.0,0.0,0.0,0.0,0.0,0.0,0.0,0.0,0.0,0.0,17.672743462237635,-93.56620328248573,17.756479140461626,-109.16693158815753,17.658895189096385,-126.16272846946959,17.746643675898164,-130.6788158202014,15.419367917954764,7.803970045675044,17.45417293838935,-18.58766318160562,16.548802606817298,12.935130595279816,14.872846398283962,-63.09043948866065,16.903459026183616,-45.33273683412432,296.05541052875017,313.27329839865299,0.0,0.0,0.0,0.0,0.0,0.0,0.0,0.0,0.0,0.0,0.0,0.0,0.0,0.0,0.0,0.0,0.0,0.0,0.0,0.0,0.0,0.0,0.4110772740509362,0.12548146338551167,163.73526794702134,191.81172488404284,2317.2674748571369,0.06840165146876047,0.010439812495232064,75.99252239233074,88.91035277925646,1081.4625151947058,0.37813336429641089,0.07145377254278364,154.32533528589347,180.95601484694306,2193.283067895413,0.06554893958348235,0.012386420934142544,92.7811339613126,108.87416441781459,1320.3873575323146,0.0,0.0,8.53424195709918,10.080495644651928,86.29822935484526,0.0,0.0,10.41638080914841,12.209445157119515,149.8616406756513,0.0,0.0,74.80049286292869,87.99058199608251,927.7985179252182,0.0,0.0,42.482537243428328,50.30185577821052,369.1824727630026,0.0,0.0,18.130092097298154,21.295965749347049,239.3608608615393,43.150666870017797,29.595793463661047,195.73366455357886,230.01591491815334,3010.2119517930389,0.0,0.0,55.88051174359188,66.33685629479732,404.69795658911178,0.0,17.49677856989622,57.79629866264064,22.0,30.0,0.0,17.59509921220802,57.59870719437066,12.0,30.0,0.0,17.54259341402786,57.7592675688794,22.0,30.0,0.0,17.580442641546577,57.5137708423041,12.0,30.0,0.0,15.441357476920154,65.03264035550323,12.0,30.0,0.0,17.635899155627575,56.55327060298708,12.0,30.0,0.0,16.61310036546778,60.79183866712208,10.0,30.0,0.0,14.718867265989538,68.17885282210598,12.0,30.0,0.0,17.024430065585638,58.6471178743128,20.0,30.0,0.0,16.739133841835426,0.0,0.0,0.0,13.97331114959005,0.0,0.0,463.1710885154344,454.78596912688399,459.85913011840548,460.5349191298217,516.5992398398728,865.8628287114376,497.35305197636105,567.866098474793,755.3951350409061,0.0,79.02252397775622,79.02252397775622,60.0,0.0,60.0,60.0,12.0,12.0,12.0,19.0,12.0,12.0,21.0,10.0,0.0,0.0,0.0,0.0,0.0,0.0,0.0,0.0,0.0,0.0,0.0,0.0,0.0,79.02252397775622,79.02252397775622,0.0,0.0,0.0,79.02252397775622,0.0,0.0,0.0010133333333333334 
 02/20  06:00:00,10.43,92.0,8.45,0.0,0.0,0.0,0.0,0.0,2.0,2.0,0.0,0.0,0.0,0.0,0.0,135.0,0.0,0.0,0.0,0.0,0.0,0.0,0.0,0.0,0.0,0.0,0.0,17.593864362142605,-111.0534558325594,17.75206591579647,-13.59691537969178,17.65149820580168,-28.197747092093779,17.67653459329954,-147.4206167220691,15.40503546793039,8.005889060991592,17.42992004416924,-19.520334060185179,16.52377703488954,19.609976587613347,14.853043703475424,-61.851996655250108,16.89016986399154,-45.923883242068317,249.21214910246364,311.7386373101376,0.0,0.0,0.0,0.0,0.0,0.0,0.0,0.0,0.0,0.0,0.0,0.0,0.0,0.0,0.0,0.0,0.0,0.0,0.0,0.0,0.0,0.0,0.41632569798871407,0.12708354639460138,89.5820107577751,104.75529086555034,1243.4363073006462,0.07014509072176756,0.01070590517731495,7.101933562002199,8.297695298432718,102.43453385243115,0.39492738176233457,0.07462724523097783,144.7424783710237,169.14796220223253,2058.145062189596,0.06439475494650453,0.012168321040533732,104.89879890321294,122.62447420873794,1469.8564331391543,0.0,0.0,8.663289213827003,10.200724146190139,86.86394058907776,0.0,0.0,10.494833204538822,12.264513467289032,149.8751212425777,0.0,0.0,75.83570859751772,88.92780718198627,932.7419895747896,0.0,0.0,42.484223761103979,50.150067674280979,365.23181419062987,0.0,0.0,18.300195859804984,21.430707713182306,240.08886606922324,43.41247602386001,29.77536078454048,139.35612751251203,163.40866068841445,2233.6914853641317,0.0,0.0,55.95755163589691,66.22193865905958,401.2095918865779,0.0,17.386703905423265,58.18246056184094,22.0,30.0,0.0,17.62747541272696,57.46620322056073,12.0,30.0,0.0,17.57491731716965,57.52997269513607,22.0,30.0,0.0,17.483408815954577,57.872817052265059,12.0,30.0,0.0,15.425504104071673,65.26490602093038,12.0,30.0,0.0,17.608172883021248,56.810732881626169,12.0,30.0,0.0,16.587440834504059,61.06106952116711,10.0,30.0,0.0,14.699270174384793,68.37073511671889,12.0,30.0,0.0,17.00906392500162,58.88670318617524,20.0,30.0,0.0,16.57584685444391,0.0,0.0,0.0,13.964650535970512,0.0,0.0,461.80800353670176,454.2163292354694,466.247551584481,456.25240671857707,516.8575180377312,856.8587253773139,493.46723928236278,572.0580301840684,750.1827947380581,0.0,79.02252397775622,79.02252397775622,60.0,0.0,60.0,60.0,12.0,12.0,12.0,19.0,12.0,12.0,21.0,10.0,0.0,0.0,0.0,0.0,0.0,0.0,0.0,0.0,0.0,0.0,0.0,0.0,0.0,79.02252397775622,79.02252397775622,0.0,0.0,0.0,79.02252397775622,0.0,0.0,0.0010466666666666667 
 02/20  06:10:00,10.406666666666667,91.66666666666667,8.456666666666667,0.0,0.0,0.0,0.0,0.0,2.0,2.0,0.0,0.0,0.0,0.0,0.0,1360.0,0.0,0.0,0.0,0.0,0.0,0.0,0.0,0.0,0.0,0.0,0.0,18.890209127779288,-1035.2898937607459,17.941798499952545,798.8611771633737,19.124180870527966,-2504.905852993702,17.99976298190027,965.8835682382635,15.39950143639766,19.273542631308705,18.441432451080766,-90.74717094312904,16.655499811065483,273.1510740591957,15.78543363195114,-134.09449025592969,18.229310585927008,-164.37792184056867,578.8113300920545,401.2752633964652,0.0,0.0,0.0,0.0,0.0,0.0,0.0,0.0,0.0,0.0,0.0,0.0,0.0,0.0,0.0,0.0,0.0,0.0,0.0,0.0,0.0,0.0,0.4394878351043095,0.13415379581938634,411.86876627507788,480.1522609161859,7429.576749918941,0.2187573039801114,0.03338786690783141,346.97654403509656,406.43137407476629,5298.553565612166,0.15693687421506442,0.029655493993776356,520.9931116864922,606.7115112267807,9727.636410758185,0.19940250822513934,0.037679990216390648,356.6556360584505,417.5846658098468,5562.226390595231,0.0,0.0,12.593872735323306,14.895932960947653,126.8015836806024,0.0,0.0,18.072025084516537,21.098145211820478,313.0112064658709,0.0,0.0,79.81466274422135,93.97516765262768,1028.9546699542448,0.0,0.0,31.623616016750444,37.353900682930717,363.2937044969911,0.0,0.0,36.15793060382895,42.19087159910734,634.1811771429168,44.42037642079828,30.466650494374688,699.446076796617,820.7447104030097,10634.59050303484,0.0,0.0,47.03829763494593,55.947672541804539,347.6421958381163,2276.2920622194026,19.381130716550314,51.45216305268278,21.999999999999998,30.0,0.0,18.030466416090719,55.95361827756961,15.999999999999999,30.0,4603.979406295348,19.728978987520674,50.357763778949067,21.999999999999998,30.0,0.0,18.181807105418089,55.4216960633783,15.999999999999999,30.0,0.0,15.427057580632589,65.37018884226836,12.0,30.0,1835.810337936295,19.02953069066589,52.092127125250417,20.0,30.0,0.0,16.873555362535386,60.04019925832242,10.0,30.0,1137.3462920787488,16.28573964829589,61.89662827133397,16.9,30.0,2453.7529535284859,19.066721176164017,51.95258481981078,19.9,30.0,0.0,17.52951277682869,0.0,0.0,0.0,14.063546252953439,0.0,0.0,458.981610481242,460.4075331217352,457.9033075612663,458.4170763934573,514.663242008643,824.0584383866963,480.97791817938539,578.2043737375236,718.0459099687043,12292.714481343883,79.87585725182842,87.22969522318619,60.0,0.0,60.0,60.0,16.0,16.0,19.0,19.0,16.0,12.0,21.0,10.0,1.0,0.0,2276.2920622194026,0.0,4603.979406295348,0.0,1835.810337936295,0.0,1137.3462920787488,2453.7529535284859,11126.901113627839,6676140.668176701,8702306.879107479,79.87585725182842,87.35458780500649,0.40489670378759459,0.7666142966301655,0.3602813740196596,87.35458780500649,0.3542647819438876,8702306.879107479,0.4535999577135888 
 02/20  06:20:00,10.383333333333333,91.33333333333334,8.463333333333335,0.0,0.0,0.0,0.0,0.0,2.0,2.0,0.0,0.0,0.0,0.0,0.0,408.0,0.0,0.0,0.0,0.0,0.0,0.0,0.0,0.0,0.0,0.0,0.0,19.572382600233767,-1451.7563763330534,18.539511642515877,744.2753643347112,19.944086092883958,-3504.202880871232,18.78919957144809,725.2458832379014,15.40727520432815,29.638384457213506,18.707659568174884,-96.7076684323149,17.08953155179357,328.40003126681907,15.835125707534284,-147.6651368744012,18.3686936081081,-143.85839549443717,785.7452218664776,444.13427705869437,0.0,0.0,0.0,0.0,0.0,0.0,0.0,0.0,0.0,0.0,0.0,0.0,0.0,0.0,0.0,0.0,0.0,0.0,0.0,0.0,0.0,0.0,0.5979992192668238,0.1825394442206421,463.0403721603261,537.6088531609499,9192.721149419378,0.2711699451432944,0.04138735426484956,396.7230622016275,462.8516778551538,6799.525904922895,0.26242776454333857,0.04958952466805339,574.4455258582351,665.9798419971162,11916.758185710112,0.22153238028971876,0.041861749865782057,384.798821099356,448.3902206149327,6897.550544428661,0.0,0.0,13.885450787505516,16.403440246851333,141.08903602691755,0.0,0.0,19.33101331399957,22.521908800311967,348.35558239899606,0.0,0.0,89.33296208973377,104.71904641067629,1286.8325667382943,0.0,0.0,35.52632660019812,41.84206451130309,416.6311979622817,0.0,0.0,36.39904371273375,42.44725345883363,639.9015629583818,45.13018159673472,30.953485320119836,771.974679128979,903.2160060266942,12722.83179395652,0.0,0.0,50.69274721533603,60.13065283500315,393.7968866847257,1886.679383065888,20.478903864806314,47.99389934211864,21.999999999999994,29.99999999999999,0.0,19.06092458415449,52.409757664341999,15.999999999999993,29.99999999999999,4267.12441986193,20.97562157719466,46.548627634927218,21.999999999999994,29.99999999999999,0.0,19.486947730746395,51.04628410244679,15.999999999999993,29.99999999999999,0.0,15.451031297761832,65.47249815587503,11.999999999999995,29.99999999999999,0.0,19.51369497696682,50.6954534124025,18.999999999999994,29.99999999999999,0.0,17.616452606106333,57.306449330673007,9.999999999999997,29.99999999999999,0.0,16.27631342813887,61.94271605985722,15.999999999999993,29.99999999999999,0.0,19.2734220187563,51.435244596394017,18.999999999999994,29.99999999999999,0.0,18.265832994029738,0.0,0.0,0.0,14.219793858459419,0.0,0.0,458.8950647251278,462.6078186454975,458.70839838326358,458.7904304608568,512.3151364451862,746.9506611082569,479.4517079807649,609.7372690671316,661.3590726520445,11890.060957791518,80.14240900947081,87.86878056125735,59.99999999999998,0.0,59.99999999999998,59.99999999999998,16.0,16.0,19.0,19.0,16.0,12.0,21.0,10.0,1.0,0.0,1886.679383065888,0.0,4267.12441986193,0.0,0.0,0.0,0.0,0.0,11691.500466748228,7014900.28004894,9181542.558396291,80.14240900947081,87.99999999999997,0.38971668222494096,0.764147908766774,0.36028137401965945,87.99999999999997,0.35426478194388735,9181542.558396291,0.47855687970327379 
 02/20  06:30:00,10.36,91.0,8.469999999999999,0.0,0.0,0.0,0.0,0.0,2.0,2.0,0.0,0.0,0.0,0.0,0.0,408.0,0.0,0.0,0.0,0.0,0.0,0.0,0.0,0.0,0.0,0.0,0.0,20.201759874851694,-1224.5347745246468,19.069941809371899,1058.2629750860156,20.616727889366133,-3145.877562890345,19.36336529118874,980.6508232169916,15.427124681007204,44.91210922026113,18.627389913148787,-56.445034248974348,17.493702272570859,441.5114092309584,16.217789019080777,-223.09907085173246,18.996909733111936,-144.14677523626274,1095.2451913878343,526.8989913482988,0.0,0.0,0.0,0.0,0.0,0.0,0.0,0.0,0.0,0.0,0.0,0.0,0.0,0.0,0.0,0.0,0.0,0.0,0.0,0.0,0.0,0.0,0.8440706476453933,0.2576528228465791,487.58310080639668,564.2133078701338,10555.067520057102,0.31245502493543728,0.04768849586926697,412.31426268871237,479.4291039106388,7801.5062369904239,0.5130110995811555,0.09694087293672629,574.5639320447314,663.60040793594,13016.904328086704,0.24559046451829154,0.04640787311381167,380.549515136689,441.753577178656,7544.193725516928,0.0,0.0,14.272066786063132,16.85385495179978,146.83560489252666,0.0,0.0,17.36939796364527,20.238611110696387,307.30217692191737,0.0,0.0,110.62911881991437,129.40028572230549,1743.0356422700289,0.0,0.0,46.03065524691646,54.135837605745148,587.8104302024492,0.0,0.0,27.734633350803759,32.217424384742297,534.9226188672851,46.16400088504893,31.66255204735866,782.9809462932255,912.3712974356852,14665.448227847533,0.0,0.0,62.84542709109786,74.5223037861921,508.18563230845907,1880.8183378404756,21.409993346851274,45.28290345095815,21.999999999999994,29.99999999999999,0.0,19.96653232900117,49.49727920453419,15.999999999999993,29.99999999999999,4086.633921130441,21.944521137848434,43.8170103988391,21.999999999999994,29.99999999999999,0.0,20.43729600468382,48.07861367017008,15.999999999999993,29.99999999999999,0.0,15.493048261431288,65.3946547094449,11.999999999999995,29.99999999999999,557.6535348084009,19.283816963772887,51.504353023110429,18.999999999999994,29.99999999999999,0.0,18.313727737085889,54.81729028303552,9.999999999999997,29.99999999999999,998.2535247584822,16.802804325313489,60.146108635129639,16.66666666666666,29.99999999999999,1913.7750890667483,20.021822137935368,49.21855513103259,19.66666666666666,29.99999999999999,0.0,19.344196781951728,0.0,0.0,0.0,14.361902562355393,0.0,0.0,462.58333181033029,466.87188109528918,462.36266963446976,463.9773472937544,514.1539312166726,729.0226685319899,488.68223557234247,582.9237552589901,667.280179073171,12834.32614671953,79.51730876212112,87.85834157255026,59.99999999999998,0.0,59.99999999999998,59.99999999999998,16.0,16.0,19.0,19.0,16.0,12.0,21.0,10.0,1.0,0.0,1880.8183378404756,0.0,4086.633921130441,0.0,557.6535348084009,0.0,998.2535247584822,1913.7750890667483,12619.996707118768,7571998.024271264,9907273.636946662,79.51730876212112,87.99999999999997,0.42066655690395896,0.76447615785254,0.36028137401965945,87.99999999999997,0.35426478194388735,9907273.636946662,0.5163315624545598 
 02/20  06:40:00,10.336666666666666,90.66666666666667,8.476666666666667,0.0,0.0,0.0,0.0,0.0,2.0,2.0,0.0,0.0,0.0,0.0,0.0,544.0,0.0,0.0,0.0,0.0,0.0,0.0,0.0,0.0,0.0,0.0,0.0,20.343305414579388,-1323.092591450838,19.37483339132364,644.7349937341719,20.53608020838793,-1474.2776318610602,19.607412514992267,496.56555727762739,15.45131546328042,51.54743020132425,18.930729740246279,-63.84944973994493,17.76878750248365,349.76430964693238,16.23695682090883,-205.84687104649715,19.122700868263224,-149.99124587273139,1081.7125066897193,610.3224385183562,0.0,0.0,0.0,0.0,0.0,0.0,0.0,0.0,0.0,0.0,0.0,0.0,0.0,0.0,0.0,0.0,0.0,0.0,0.0,0.0,0.0,0.0,0.897349300941592,0.273916148028569,456.62475814319046,528.6727678628129,9967.815482385005,0.26696629619169595,0.040745771702029299,332.4885143582001,386.39978492237176,6545.908682563708,0.7098129075479661,0.13412942319500499,406.9379831526024,470.97574254135795,8862.882335822842,0.22354825747582714,0.04224267903927193,240.55040204351247,279.04050652780497,4901.245651140402,0.0,0.0,14.508328212326607,17.138154910337457,151.1026055762448,0.0,0.0,17.83914798324116,20.76240253093949,335.32513785734997,0.0,0.0,100.72703974660949,117.68719590218152,1667.770747826832,0.0,0.0,45.56178632774479,53.58103288461422,583.641985837436,0.0,0.0,36.25922989009471,42.133128984835497,711.7021624245507,46.158666129799659,31.658893093141065,611.525170944032,712.7044982589392,11829.550921235137,0.0,0.0,62.35769871886592,73.90478908451868,528.2938900493974,1878.1110234212457,21.504987321509707,44.97282312598946,22.0,30.0,0.0,20.35948836847912,48.26272246401933,16.0,30.0,2082.689912251577,21.463997875108967,45.11051570898684,21.5,30.0,0.0,20.665758477801199,47.367159503607449,16.0,30.0,0.0,15.536041586584375,65.26500960567162,12.0,30.0,415.3298938263056,19.872424838151099,49.67088643619288,19.5,30.0,0.0,18.70648147891669,53.45871658977371,10.0,30.0,0.0,16.77743789834666,60.27353841284238,16.0,30.0,0.0,20.31292994815654,48.44632379244479,19.0,30.0,0.0,19.46372581910891,0.0,0.0,0.0,14.532531085523795,0.0,0.0,464.449025474732,467.96813112624877,464.76416113874077,465.3437401389505,512.9173261868749,713.9311174363984,485.9267516273026,569.5380773795946,652.1445859740433,8467.123106658542,82.40632925337181,82.40632925337181,60.0,0.0,60.0,60.0,16.0,16.0,19.0,19.0,16.0,12.0,21.0,10.0,1.0,0.0,1878.1110234212457,0.0,2082.689912251577,0.0,415.3298938263056,0.0,0.0,0.0,0.0,0.0,0.0,82.40632925337181,82.40632925337181,0.34,0.7700292928386305,0.36028137401965956,82.40632925337181,0.3542647819438875,0.0,0.00119 
 02/20  06:50:00,10.313333333333333,90.33333333333333,8.483333333333333,0.0,0.0,0.0,0.0,0.0,2.0,2.0,0.0,0.0,0.0,0.0,0.0,544.0,0.0,0.0,0.0,0.0,0.0,0.0,0.0,0.0,0.0,0.0,0.0,20.481660173290636,-1384.0409803641156,19.461600699124884,626.1730384135713,20.69932190372036,-1226.8797547758239,19.612689519573025,466.6990352949815,15.473105434939959,50.394156078519348,18.630777162109433,-33.63102883419232,17.87877245674233,331.65255403274559,16.188787371190818,-199.70732633255973,18.658859152031764,-88.42364777325116,1096.5149484942295,615.6450748454624,0.0,0.0,0.0,0.0,0.0,0.0,0.0,0.0,0.0,0.0,0.0,0.0,0.0,0.0,0.0,0.0,0.0,0.0,0.0,0.0,0.0,0.0,0.9569583248604098,0.2921118207754609,474.39381254222249,548.9620134511731,10431.967665563894,0.25936875312493098,0.03958619553188813,311.27454801190427,361.44812289692848,6186.235747696284,0.8336625674171798,0.15753260911133414,378.46226814378806,437.2731936149636,8392.825932613125,0.23923759939439249,0.045207407292969088,237.0374306991942,274.65723455876317,4798.5092795320429,0.0,0.0,13.569104724357498,16.022810319231643,142.83630647566859,0.0,0.0,15.073159963711096,17.56991510426319,268.8437636115298,0.0,0.0,114.63148245673873,133.86533250463527,1929.2139591378794,0.0,0.0,52.81040647130783,62.165099018671487,654.7072072138935,0.0,0.0,23.293223324312839,27.134067084392535,422.03254367742405,46.22793451856415,31.706402276107107,585.4426576181782,681.5781778960221,11529.42207383086,0.0,0.0,70.4472199468427,83.4743082340003,611.1627104276297,1867.9676668417708,21.58833603325546,44.66574503954007,22.0,30.0,0.0,20.433699569721435,47.96155006142533,16.0,30.0,1807.2521357521396,21.683594826649917,44.410801049914187,21.5,30.0,0.0,20.579596381340396,47.54036454062227,16.0,30.0,0.0,15.570082821053934,65.14146850618377,12.0,30.0,0.0,19.349336961304386,51.31602915685646,19.0,30.0,0.0,18.826133354832487,53.006190498024157,10.0,30.0,689.8457390307623,16.556945258720956,61.224765086808108,16.25,30.0,0.0,19.5038018342413,50.97479611060271,19.0,30.0,0.0,19.59559417512006,0.0,0.0,0.0,14.611941762099847,0.0,0.0,468.8589411385136,472.62592787138268,468.28644755852198,473.1126740886631,510.45159838932195,719.7220525916231,487.9333279884661,547.0986595804652,659.516405067827,10065.813995284454,81.34907699314586,84.96301059331302,60.0,0.0,60.0,60.0,16.0,16.0,19.0,19.0,16.0,12.0,21.0,10.0,1.0,0.0,1867.9676668417708,0.0,1807.2521357521396,0.0,0.0,0.0,689.8457390307623,0.0,5469.041589810362,3281424.953886217,4283297.379199246,81.34907699314586,85.02438718328006,0.352301386327012,0.7667375221892296,0.36028137401965956,85.02438718328006,0.3542647819438875,4283297.379199246,0.2239514637183608 
 02/20  07:00:00,10.29,90.0,8.49,0.0,0.0,0.0,0.0,0.0,2.0,2.0,0.0,0.0,0.0,0.0,0.0,544.0,0.0,0.0,0.0,0.0,0.0,0.0,0.0,0.0,0.0,0.0,0.0,20.590297350077849,-1424.988067940611,19.52522560556043,587.0227214163551,20.74829696364064,-1201.4495304708037,19.658768861904457,453.7175754311226,15.48782030307498,47.90428663601578,18.828858686807693,-32.63987784719319,17.997453274006767,348.43366516609378,16.227817417731793,-188.3137956301842,18.719278930188819,-89.94986528059224,1080.5361228636467,613.5893438934045,0.0,0.0,0.0,0.0,0.0,0.0,0.0,0.0,0.0,0.0,0.0,0.0,0.0,0.0,0.0,0.0,0.0,0.0,0.0,0.0,0.0,0.0,0.9672187335628062,0.29524381366386029,460.50722383291255,532.6213185283634,10206.173131094645,0.25743156185434037,0.039290531418550118,303.43736504039108,352.19909111118627,6068.702299535042,0.8593013784012542,0.16237743356032778,360.2534890450957,416.0934815504943,8014.975936102447,0.24252528489477805,0.04582866305645842,238.3122561445449,276.0798983805515,4839.104101417483,0.0,0.0,12.97208271521224,15.313493617083675,137.61096185231367,0.0,0.0,15.251269357669465,17.767971656109056,275.3320518046032,0.0,0.0,113.31412382211346,132.22315975541816,1944.9361678659366,0.0,0.0,46.13612260185541,54.26211028071653,583.7688951711698,0.0,0.0,17.131007820098078,19.97383049808721,303.2616944714755,46.20206207941236,31.688657118938523,574.3970802790817,668.500784625658,11374.686187263414,0.0,0.0,69.26928117845812,82.05509728256379,605.6172224306108,1852.0494876622725,21.639620927082477,44.43390155229872,22.0,30.0,0.0,20.47611643961332,47.74409386833314,16.0,30.0,1750.727050093441,21.686137739579189,44.307491710560849,21.5,30.0,0.0,20.588966514648484,47.41953582145461,16.0,30.0,0.0,15.589022501699333,65.03814602703776,12.0,30.0,883.083845236637,19.455443995766055,50.98387319758851,19.5,30.0,0.0,18.978359622088346,52.42057588043751,10.0,30.0,0.0,16.644360460367943,60.828600350130518,16.0,30.0,811.0978549638663,19.26997227814892,51.67449963215838,19.25,30.0,0.0,19.605745918617264,0.0,0.0,0.0,14.621639447080753,0.0,0.0,473.1755794987904,478.15541720913958,471.6682212473111,478.64834561303828,503.3671989251473,733.2563543797694,484.2651085575211,515.8875448296433,678.2534610779726,10592.899555527922,81.00035372819333,84.97934491173754,60.0,0.0,60.0,60.0,16.0,16.0,19.0,19.0,16.0,12.0,21.0,10.0,1.0,0.0,1852.0494876622725,0.0,1750.727050093441,0.0,883.083845236637,0.0,0.0,811.0978549638663,6020.775525715226,3612465.315429135,4694703.493371565,81.00035372819333,85.04692139137834,0.37069251752384088,0.7691565210685879,0.36028137401965956,85.04692139137834,0.3542647819438875,4694703.493371565,0.24537458165532137 
 02/20  07:10:00,10.28,89.66666666666667,8.51,0.0,0.0,0.0,0.0,0.0,2.0,2.0,0.0,0.0,0.0,0.0,0.0,952.0,0.0,0.0,0.0,0.0,0.0,0.0,0.0,0.0,0.0,0.0,0.0,20.64413158933897,-1486.86518998373,19.591449005588417,603.8485408671315,20.670586652756709,-1191.4710902057505,19.730279550362533,470.94549802300858,15.503371929592552,52.68660222157554,18.981018624051275,-37.953986880625929,18.07734292793983,347.1585082711854,16.836994437580086,-241.89785445842663,18.92332760777292,-65.51518466814813,1072.5798439155972,544.3069397224368,0.0,0.0,0.0,0.0,0.0,0.0,0.0,0.0,0.0,0.0,0.0,0.0,0.0,0.0,0.0,0.0,0.0,0.0,0.0,0.0,0.0,0.0,0.9412186448886208,0.28730727865953017,443.7837632721673,513.5943455687537,9835.688240211182,0.25974288363174377,0.03964329725759215,313.1413094111668,363.68600734071267,6303.235714214558,0.834218510173188,0.15763766254217469,347.89599666888958,402.30840678338196,7728.473059241998,0.24287679667290203,0.045895086294955009,283.965435081869,329.55984050060285,5787.182561663807,0.0,0.0,13.839290119301478,16.346093177472086,147.6129207738473,0.0,0.0,15.026232822222824,17.492446314996049,282.10939605445329,0.0,0.0,103.77172836245777,121.15020966713199,1797.7643352066917,0.0,0.0,41.95334119787209,49.25363402376125,602.6864676098139,0.0,0.0,22.623765963562133,26.338093729905098,424.9114102197034,46.15683138032007,31.657634691577557,589.0990086046563,686.1763470028685,11692.316900694119,0.0,0.0,58.90135500062718,69.84572958974643,510.34412482409888,1817.5144509543694,21.60730466503371,44.43599214961868,21.999999999999998,29.999999999999994,0.0,20.53846558914982,47.493898890381377,16.0,29.999999999999994,1635.2516796216169,21.51179585219429,44.71651689780308,21.428571428571428,29.999999999999994,0.0,20.659558117980767,47.141633837440078,16.0,29.999999999999994,0.0,15.609383317416663,64.91171941403666,12.0,29.999999999999994,0.0,19.80856554647707,51.23949957663333,19.0,29.999999999999994,0.0,19.055008699269565,52.08915455335702,10.0,29.999999999999994,1339.2607595194377,17.605412172371289,57.248048153726518,20.699999999999997,29.999999999999994,180.38865612617566,19.806988977443063,51.09983619869559,19.28571428571429,29.999999999999994,0.0,19.63340432659097,0.0,0.0,0.0,14.568157296209659,0.0,0.0,474.30508413582779,479.28465807214197,474.6674552217097,477.97144865482746,496.8481227807438,764.3639625121438,480.7319316444284,505.466304400357,702.875699302114,10301.747166273622,81.19308872969273,84.34746734442312,59.999999999999989,0.0,59.999999999999989,59.999999999999989,16.0,16.0,19.0,19.0,19.7,12.0,21.0,10.0,1.0,0.0,1817.5144509543694,0.0,1635.2516796216169,0.0,0.0,0.0,1339.2607595194377,180.38865612617566,4773.487101881969,2864092.2611291806,3719929.9337975645,81.19308872969273,84.40103916511957,0.35340195101511326,0.7690988610696216,0.3602813740196596,84.40103916511957,0.35426478194388746,3719929.9337975645,0.19471635655747336 
 02/20  07:20:00,10.27,89.33333333333334,8.530000000000002,2.5,0.0,0.0,0.0,0.0,2.0,2.0,0.0,0.0,0.0,0.0,0.0,680.0,0.0,3.534398819457296,0.8649306573701783,2.2163542059892826,0.10597972960659964,2.8207932615578668,0.0,0.8649306573701778,1.1824257831300427,0.0,0.0,20.694661399976078,-1452.667896051649,19.636302430212746,528.0155014851916,20.732284266457634,-1063.3876251224406,19.75374285938239,426.64233522812688,15.5187408703521,47.680454047225698,18.677664242967134,-22.302325439859897,18.193574988944709,361.782222596313,17.88355394758881,-156.55264876836976,18.601886287695657,-48.57350465185961,1053.6049697520699,379.4119067526474,0.0,0.0,0.0,0.0,0.0,0.0,0.0,0.0,0.0,0.0,0.0,0.0,0.0,0.0,0.0,0.0,0.0,0.0,0.0,0.0,0.0,0.0,0.9361662576552631,0.28576503591430499,431.8836884642763,499.6193214271819,9567.459813922818,0.24954451031874243,0.03808676897416703,298.16146123240199,346.15351179154166,6018.953813833911,0.8294325049342388,0.15673327757638684,326.31568076469,377.1966626078506,7239.647789705141,0.23744513526278172,0.04486869524995875,274.3848682333491,318.32886308189816,5589.405746881713,0.0,0.0,13.253671610648514,15.648720407186737,142.07643452304658,0.0,0.0,14.35018905463811,16.720776274515417,256.70920231715419,0.0,0.0,87.26433345958925,101.79792367568436,1538.9389026654829,0.0,0.0,20.256776188836107,23.666283367347505,354.1202748109705,0.0,0.0,16.036299547952063,18.694279844862039,285.82928799991626,46.07363612103979,31.600573471220718,564.761919193138,657.6137558507513,11244.386390634783,0.0,0.0,38.767294900211329,46.01079574934822,317.2387592191029,1847.5798960053604,21.60122379235494,44.40029606035964,22.0,30.0,0.0,20.55821742019186,47.40705720081217,16.0,30.0,1512.483164094725,21.503291390824395,44.687802477304668,21.4,30.0,0.0,20.64067289069289,47.17431958838518,16.0,30.0,0.0,15.626710874767002,64.79317266546693,12.000000000000002,30.0,0.0,19.335571637470069,54.57018606997395,19.0,30.0,0.0,19.21031857702559,51.499345535143728,10.0,30.0,1296.8576789761538,19.351104527019559,51.33466074233694,20.7,30.0,0.0,19.29088632132736,54.31346795785355,19.0,30.0,0.0,19.6278239142233,0.0,0.0,0.0,14.294294218865418,0.0,0.0,475.1955611134999,481.2327341737647,475.5908132265683,480.8513209715908,493.7998046280878,804.5115885133682,477.2551532774809,510.6366482978212,741.8690931518434,9917.320091520385,81.44733616758,84.29832259760795,60.0,0.0,60.0,60.0,16.0,16.0,19.0,19.0,19.7,12.0,21.0,10.0,1.0,0.0,1847.5798960053604,0.0,1512.483164094725,0.0,0.0,0.0,1296.8576789761538,0.0,4314.519957863413,2588711.9747180475,3366189.5290470637,81.44733616758,84.34674181181524,0.34781733192878047,0.7668943520621627,0.36028137401965956,84.34674181181524,0.35426478194388757,3366189.5290470637,0.17631852217711395 
 02/20  07:30:00,10.26,89.0,8.55,3.0,0.0,0.0,0.0,0.0,2.0,2.0,0.0,0.0,0.0,0.0,0.0,544.0,0.0,4.23646730626118,1.03673938321833,2.656608011499767,0.12703141191743898,3.381112086988915,0.0,1.0367393832183294,1.4173013370007502,0.0,0.0,20.702799478755645,-1660.62049175306,19.661299802323766,533.6152698716774,20.637989113634775,-505.4456537353476,19.74901700152636,290.99044232171448,15.528432730630911,46.73380874041898,18.705718891592328,-27.637305377353159,18.288870011838129,348.40874779414937,18.57515818502248,-54.66493385552428,18.870643762487988,-79.30470430614597,1032.8179863200494,306.686634723392,0.0,0.0,0.0,0.0,0.0,0.0,0.0,0.0,0.0,0.0,0.0,0.0,0.0,0.0,0.0,0.0,0.0,0.0,0.0,0.0,0.0,0.0,0.9096488599485313,0.2776705921698814,450.37876889082738,520.8867785516534,9924.117807037637,0.23868141802304256,0.03642878785455472,292.8923004337112,339.9619209500864,5920.014925970117,0.8759705409909483,0.16552731311242417,253.77547304956347,293.8723738388867,5510.606260745404,0.23031998497769089,0.04352229496932933,245.93691070068207,285.4651919991197,4985.806654637819,0.0,0.0,13.280130864498047,15.67216008631961,142.82052695646019,0.0,0.0,15.347578357590028,17.880081143724966,270.414867425535,0.0,0.0,78.13291374133289,91.06465505925314,1396.515025376219,0.0,0.0,18.8566688571172,21.867663921782488,379.944896603523,0.0,0.0,16.487710630048384,19.17708239522182,308.20417313632279,45.97175620394225,31.53069698487124,531.1774622526335,618.5983445325758,10598.21748872143,0.0,0.0,26.853032481037354,31.87705795400292,210.1106779332182,1842.244209684225,21.521527257188173,44.58384953461756,22.0,30.0,0.0,20.560820778272903,47.392079981066128,16.0,30.0,924.3576113431923,21.34047940635761,45.10137634566931,21.25,30.0,0.0,20.581823131199177,47.32685296717147,16.0,30.0,0.0,15.634147137980128,64.69791638062212,12.0,30.0,454.70773329434499,19.186366001342348,56.121632738799899,19.25,30.0,0.0,19.32079476904869,51.086371391939639,10.0,30.0,816.0214144038088,20.50036987999504,47.880657191479759,20.45,30.0,873.5908448230947,19.72034154769401,53.79813349724141,19.5,30.0,0.0,19.596585961820386,0.0,0.0,0.0,14.11163572564691,0.0,0.0,477.0523681671522,483.88520351450895,476.96347319653179,482.7420977607735,490.2530391078075,833.2959479818717,476.10422688655367,513.8789590240779,778.3921206485478,9901.549998642571,81.45777327134852,84.91896960057179,60.0,0.0,60.0,60.0,16.0,16.0,19.0,19.0,19.7,12.0,21.0,10.0,1.0,0.0,1842.244209684225,0.0,924.3576113431923,0.0,454.70773329434499,0.0,816.0214144038088,873.5908448230947,5238.135098743041,3142881.059245825,4089520.406634231,81.45777327134852,84.97775220462525,0.34460450329143468,0.767224152045543,0.36028137401965956,84.97775220462525,0.3542647819438875,4089520.406634231,0.21392839447831339 
 02/20  07:40:00,10.25,88.66666666666667,8.57,5.333333333333332,0.0,0.0,0.0,1.0,2.0,0.0,0.0,0.0,0.0,0.0,4.0,816.0,0.0,7.551467816885435,1.8479793471556699,4.735381632414102,0.22643242262297534,6.026804074025326,0.0,1.847979347155669,2.526327871661388,0.0,0.0,20.737589886954618,-1462.5773140761156,19.673920690792714,534.1795808084777,20.736449327125137,-1104.0469276933939,19.725387052189214,496.19591926779267,15.53924667261258,45.376917729280638,19.044259108296197,-53.372831936054698,17.814822284284117,-232.7882682222383,18.458580240930936,-58.44576848541314,18.652671183978574,-210.04149911860726,1042.9859946931702,1140.997398094827,0.0,0.0,0.0,0.0,0.0,0.0,0.0,0.0,0.0,0.0,0.0,0.0,0.0,0.0,0.0,0.0,0.0,0.0,0.0,0.0,0.0,0.0,0.9026050101294459,0.27552045486246809,374.09896019346709,432.84661634695979,8257.758580885924,0.24747693515586728,0.03777120499936922,301.16725882039779,349.6298193635373,6080.763788554759,0.7862682433360869,0.1485767655585954,296.199100566624,342.6719449443759,6536.520834094166,0.24138027084938058,0.04561229607887006,294.3871090606224,341.71585275023497,5946.088014097875,0.0,0.0,13.54426149458849,15.98964424592692,146.16148930062225,0.0,0.0,15.269243246524212,17.751604143833715,289.800548333393,0.0,0.0,199.8294479143524,233.71039221643333,3179.1055708437,0.0,0.0,21.410297635324988,24.86989351016026,415.0327482322947,0.0,0.0,138.66682398852056,161.61006625887829,2472.3863852174497,45.956061690390907,31.51993257228456,588.0874181119788,684.8302763775606,11681.82213563683,0.0,0.0,132.6577107234317,156.7884721599534,1318.1444129986886,1826.215469473209,21.521193560495765,44.67416243023704,21.999999999999984,29.99999999999998,0.0,20.54156802573847,47.47403034941993,15.999999999999988,29.99999999999998,1154.8797795462145,21.48708724799406,45.43169720813907,21.333333333333319,29.99999999999998,0.0,20.535246786218058,48.001382169582367,18.999999999999987,29.99999999999998,0.0,15.643510910496806,64.86313083482205,11.999999999999993,29.99999999999998,433.813942511427,19.894803432306217,54.281668572592987,19.499999999999987,29.99999999999998,0.0,18.311082207435424,55.257906058338779,9.999999999999993,29.99999999999998,684.3916666367552,20.03276314903145,50.39780827762628,20.19999999999999,29.99999999999998,0.0,19.30339150232677,52.44772223508123,11.999999999999993,29.99999999999998,0.0,19.62399665525823,0.0,0.0,0.0,15.178536408758247,0.0,0.0,486.89783743685185,488.89197190708628,520.81077350724,512.7355904503862,502.86877692566966,847.048931214169,536.3788373896931,579.8902071500385,573.942280876566,9626.228763427629,81.63987530356319,82.78568312250721,219.9999999999999,0.0,219.9999999999999,219.9999999999999,16.0,19.0,19.0,12.0,19.7,12.0,21.0,10.0,1.0,0.0,1826.215469473209,0.0,1154.8797795462145,0.0,433.813942511427,0.0,684.3916666367552,0.0,1734.0652645800445,1040439.1587480281,1346764.8917227744,81.63987530356319,82.80514274309378,0.3411355088193347,0.7706644799887984,0.3602813740196593,82.80514274309378,0.3542647819438872,1346764.8917227744,0.07468844103625094 
 02/20  07:50:00,10.24,88.33333333333334,8.59,7.666666666666665,0.0,0.0,0.0,1.0,2.0,0.0,0.0,0.0,0.0,0.0,4.0,408.0,0.0,10.874100404871309,2.661087017038684,6.818941144755944,0.3260622771501443,8.67858713735478,0.0,2.6610870170386828,3.6379077019494305,0.0,0.0,20.7727670793739,-1495.0605302959507,19.714993935853543,521.2837195395737,20.72086420914883,-870.9824551528116,19.778152796170987,319.13616323972345,15.54767183610074,41.749145812924357,18.763619238101705,-53.55196398899784,17.460054240224936,69.46868011736726,18.757677412731487,-154.900287004609,18.184567780515147,-156.2968121797847,1026.9116962879558,1010.5285857915262,0.0,0.0,0.0,0.0,0.0,0.0,0.0,0.0,0.0,0.0,0.0,0.0,0.0,0.0,0.0,0.0,0.0,0.0,0.0,0.0,0.0,0.0,0.853433211313808,0.2605107482642884,376.2568266575823,434.8697811550775,8327.615994109854,0.239258163726685,0.03651681375559909,301.22293527966789,349.30787697318609,6107.778018049976,0.8371603482889194,0.15819356543630393,258.15608223049346,298.68946541155148,5636.957112846364,0.2280642651170544,0.04309604405084175,257.8531099928682,299.13386321433179,5234.574577139115,0.0,0.0,13.612515726160833,16.053259903720265,147.31516695216457,0.0,0.0,16.22693334218771,18.874838921104869,293.06822034812896,0.0,0.0,206.6826795094321,241.98171541163164,3080.7143391440924,0.0,0.0,35.66356943819737,41.32939618095858,717.6753728111359,0.0,0.0,132.590252696448,154.84318611498885,2176.8481232468245,45.8782246507901,31.4665463997189,551.3289159332769,641.5619164423098,11015.806056824034,0.0,0.0,136.15508317197223,160.63158174169616,1448.5159645095492,1800.29902606106,21.543317904951118,44.76487579634189,22.000000000000019,30.00000000000002,0.0,20.57604475932906,47.516531554434347,16.000000000000015,30.00000000000002,969.8101140643018,21.427662942264619,45.869608696472948,21.33333333333335,30.00000000000002,0.0,20.573847944422384,48.13509547849313,19.000000000000015,30.00000000000002,0.0,15.648537963110586,65.31230775004976,12.00000000000001,30.00000000000002,0.0,19.39978196804649,56.51998179710854,19.000000000000015,30.00000000000002,0.0,17.752714729084805,57.35201962502325,10.000000000000007,30.00000000000002,579.8885480583666,20.522197030521864,49.53361939887904,20.36666666666668,30.00000000000002,0.0,18.528067855448748,54.59676686467881,12.00000000000001,30.00000000000002,0.0,19.62514390554508,0.0,0.0,0.0,15.536326180024844,0.0,0.0,497.9342501592805,499.09975050644848,538.099971728931,527.5968451860114,530.5383070634562,862.3523329167988,543.7378877783535,619.4620821420738,543.0348433961048,10372.485272455186,81.14636386700204,85.7400392226481,220.00000000000018,0.0,220.00000000000018,220.00000000000018,16.0,19.0,19.0,12.0,19.7,12.0,21.0,10.0,1.0,0.0,1800.29902606106,0.0,969.8101140643018,0.0,0.0,0.0,579.8885480583666,0.0,6952.051183453141,4171230.7100718815,5436663.851488955,81.14636386700204,85.81805508014259,0.34506837278177146,0.7663139382709237,0.3602813740196598,85.81805508014259,0.3542647819438878,5436663.851488955,0.2873142980552034 
 02/20  08:00:00,10.23,88.0,8.61,10.0,0.0,0.0,0.0,1.0,2.0,0.0,0.0,0.0,0.0,0.0,4.0,408.0,0.0,14.203463806997189,3.4758418376243025,8.906721388121137,0.42589395159573337,11.33574198879624,0.0,3.4758418376243007,4.751739312126258,0.0,0.0,20.84511931982147,-1473.9501037887172,19.75422600865403,545.1466227961287,20.451936120939278,-688.6365147467889,19.795325182064525,414.78191915524288,15.552817262812554,39.08455193858751,18.547964633132588,-38.981779330021669,17.735578966845183,406.7172158231091,18.678064809242316,-119.8047302182729,17.919304997403939,-106.1398011470949,1062.4503705383114,447.32612804069597,0.0,0.0,0.0,0.0,0.0,0.0,0.0,0.0,0.0,0.0,0.0,0.0,0.0,0.0,0.0,0.0,0.0,0.0,0.0,0.0,0.0,0.0,0.9304154101159644,0.2840095879474863,386.6231163467603,446.6555645611289,8618.877364168387,0.25505724694904177,0.03892815124374878,309.77858176934958,359.119074826251,6308.7969574348539,0.7802685432058014,0.1474430353752461,260.49967360231849,301.6012212452389,5575.577327770181,0.22033306692568986,0.04163512224597316,260.6588132261556,302.31303368976719,5309.153829347752,0.0,0.0,13.255688898658664,15.630854940569196,143.69883350258398,0.0,0.0,16.70420183254756,19.452516911959266,291.32663926995476,0.0,0.0,116.53951637255662,136.15656722272326,1868.031835914186,0.0,0.0,30.834138357930784,35.78337156119778,605.5249326720955,0.0,0.0,51.35255510108806,60.019031389668707,802.8084640943965,45.95140447570192,31.516738323526729,562.0387204131351,653.6459125087861,11358.221066601873,0.0,0.0,51.684536527235128,61.112497364824609,465.7121844460601,1792.1135327955615,21.616674221217708,44.85702148105602,22.000000000000019,30.00000000000002,0.0,20.612717461067015,47.773933256980587,16.000000000000015,30.00000000000002,127.40111717041387,21.11165442467308,47.09071204283357,21.000000000000015,30.00000000000002,0.0,20.601379963458137,48.32080022525571,19.000000000000015,30.00000000000002,0.0,15.64809414795811,65.4961157316359,12.00000000000001,30.00000000000002,26.41633331260513,19.06197602638312,57.867223487834369,19.000000000000015,30.00000000000002,0.0,18.325713040008166,55.166187171379458,10.000000000000007,30.00000000000002,850.8727937172589,20.21465078721572,50.51724216717402,20.36666666666668,30.00000000000002,0.0,18.129824516534116,56.01225261295185,12.00000000000001,30.00000000000002,0.0,19.736331202577728,0.0,0.0,0.0,14.694436351602775,0.0,0.0,518.6336571054719,522.8221991581016,560.9732574509817,546.2167627947267,539.2581389258389,864.3066162641569,528.9574178907787,620.6412347823473,542.4874728958378,7597.356742713258,82.98132126413005,82.98132126413005,220.00000000000018,0.0,220.00000000000018,220.00000000000018,16.0,19.0,19.0,12.0,19.7,12.0,21.0,10.0,1.0,0.0,1792.1135327955615,0.0,127.40111717041387,0.0,26.41633331260513,0.0,850.8727937172589,0.0,0.0,0.0,0.0,82.98132126413005,82.98132126413005,0.3400000000000003,0.7693360035692545,0.3602813740196598,82.98132126413005,0.3542647819438878,0.0,0.004558888888888889 
 02/20  08:10:00,10.245000000000001,87.83333333333334,8.61,12.333333333333334,0.0,0.0,4.0,0.0,0.0,0.0,0.0,0.0,0.0,0.0,0.0,816.0,0.0,17.539472801314273,4.292222953576167,10.998668921883376,0.5259248906244746,13.998200613657593,0.0,4.292222953576165,5.8677941913659279,0.0,0.0,20.88763994354236,-1493.857636466698,19.80972621697316,549.9954167395871,20.768916543797994,-430.8496512861363,19.7609977719461,-18.50392617710125,15.562147332878368,44.484628408120297,18.357070684095747,-21.197414252203808,17.994868265749884,243.91901400226289,18.432093350066276,-78.22729640752552,17.539937596098448,-540.1697253394781,925.754639324318,1048.8913018178233,0.0,0.0,0.0,0.0,0.0,0.0,0.0,0.0,0.0,0.0,0.0,0.0,0.0,0.0,0.0,0.0,0.0,0.0,0.0,0.0,0.0,0.0,0.9401838301101506,0.28699140113252466,420.6556907016642,486.44174244676256,9385.450045764384,0.26135828331982438,0.03988984788153607,314.02022871807847,364.30698042773738,6422.804597508755,0.7496153522812799,0.14165067125496598,118.97432607863073,137.7127838909683,2689.682505835912,0.2783341013239534,0.05259525724186571,28.9759465251151,33.63166860288545,583.5591289155068,0.0,0.0,11.931468051087485,14.081887405876854,129.15936347757708,0.0,0.0,39.96509938129286,46.69770743171262,674.2320370415177,0.0,0.0,230.1274573077475,268.65209307083719,3854.8019976254379,0.0,0.0,29.581391366334338,34.42926114046281,557.0117315462895,0.0,0.0,150.72600655474992,176.66917433947246,2150.346944908737,46.11099142293339,31.62619439158669,349.4727503236858,407.3989425825134,7055.297395008781,0.0,0.0,155.14864367944123,183.0636478198849,1638.5866121770619,1769.1608365512737,21.651015798739214,44.886186107079989,21.999999999999994,30.0,0.0,20.675843059053635,47.71386218277654,15.999999999999999,30.0,997.4280355336017,21.613728596925577,44.990181355464077,21.333333333333333,30.0,0.0,20.417659217396854,51.44674962408441,18.999999999999998,30.0,0.0,15.656568179063749,65.761012514214,11.999999999999997,30.0,0.0,18.75156534988693,56.41648346023798,15.999999999999999,30.0,0.0,18.720698113392264,54.53018554013837,9.999999999999999,30.0,0.0,19.759995259282844,51.419502142225187,15.999999999999999,30.0,0.0,17.479923169940084,58.96507537318526,11.999999999999997,30.0,0.0,19.309719689953057,0.0,0.0,0.0,15.438040529933329,0.0,0.0,531.3915790869534,533.7809358503583,530.0247744306472,702.1937978627079,553.4005298864463,700.3340071196742,574.9137896840682,589.7692955329446,574.41218505507,8987.935079438737,82.06189040386923,84.3655158268545,132.0,0.0,132.0,132.0,16.0,19.0,16.0,12.0,16.0,12.0,21.0,10.0,1.0,0.0,1769.1608365512737,0.0,997.4280355336017,0.0,0.0,0.0,0.0,0.0,3486.2876128495106,2091772.5677097063,2736609.7202746316,82.06189040386923,84.40463903404835,0.3428762537616503,0.7669835670386308,0.3602813740196595,84.40463903404835,0.3542647819438874,2736609.7202746316,0.14500970545428089 
 02/20  08:20:00,10.260000000000002,87.66666666666667,8.61,14.666666666666668,0.0,0.0,4.0,0.0,0.0,0.0,0.0,0.0,0.0,0.0,0.0,408.0,0.0,20.882109191835299,5.110225912010486,13.094772335778412,0.6261545486392693,16.66594848992321,0.0,5.110225912010483,6.986066252238699,0.0,0.0,20.79228193323751,-1515.7289655401494,19.807559724907696,375.75897027755,20.598163470178166,-96.63879068376358,19.713537794454589,-47.93416493901519,15.580149384476549,46.5425108794487,18.145086820409384,-6.184098209104033,17.890233736856606,112.40629333799491,17.76244772092356,-21.078501448369214,17.138064119708479,-355.76574201348708,904.9465763846721,1054.296468270273,0.0,0.0,0.0,0.0,0.0,0.0,0.0,0.0,0.0,0.0,0.0,0.0,0.0,0.0,0.0,0.0,0.0,0.0,0.0,0.0,0.0,0.0,0.9475687906510437,0.28924566259189368,408.35226915858297,472.2010534776142,8918.279682276452,0.23225542917526549,0.03544802032589522,259.7086689148285,301.18503447695999,5286.661516915119,0.8957105088107192,0.16925746576166277,115.7539508176476,134.1143587606432,2462.5168588205485,0.24271188107588144,0.04586392310579768,22.378086863503307,25.963278615694369,445.5815988522753,0.0,0.0,11.761925997054729,13.865996694901835,127.52220054932588,0.0,0.0,24.950990674664319,29.161077926524308,404.13390531551746,0.0,0.0,251.62202842359518,293.7769061656729,4090.1180739418616,0.0,0.0,21.04863742399774,24.578031027647016,348.06874682450737,0.0,0.0,184.4101706856193,216.4493043180375,2433.1239828042409,46.08644291775264,31.609357282409229,335.13119636464247,390.3804603831686,6781.822475854059,0.0,0.0,188.13825283533613,221.63195565112086,2103.580728553712,1824.930465664987,21.450268288925238,45.39698792542708,21.999999999999994,29.999999999999998,0.0,20.62794848494689,47.81911222493676,15.999999999999997,29.999999999999998,912.1653198416509,21.293517050950137,45.85310797712087,21.33333333333333,29.999999999999998,0.0,20.29361568761903,54.53985350132365,18.999999999999998,29.999999999999998,0.0,15.679972077797798,65.965129001397,11.999999999999997,29.999999999999998,0.0,18.423763604517988,56.256084701960187,15.999999999999997,29.999999999999998,0.0,18.476100540643839,55.17119805657815,9.999999999999999,29.999999999999998,0.0,18.57854587043598,55.07465900680604,15.999999999999997,29.999999999999998,0.0,16.891593806090659,61.208251455637597,11.999999999999997,29.999999999999998,0.0,19.22498577136061,0.0,0.0,0.0,15.838919012419162,0.0,0.0,532.9103035742594,535.5761136604645,531.4362917373788,869.700362604947,568.459777185161,618.3438587018511,563.7378156590862,576.9579869478797,575.4744497721538,10272.047062749894,81.2127861094803,83.57406907481593,132.0,0.0,132.0,132.0,16.0,19.0,16.0,12.0,16.0,12.0,21.0,10.0,1.0,0.0,1824.930465664987,0.0,912.1653198416509,0.0,0.0,0.0,0.0,0.0,3573.4565886514726,2144073.953190884,2776745.7301658994,81.2127861094803,83.61417149848879,0.3457818862883824,0.7680895323384414,0.3602813740196595,83.61417149848879,0.35426478194388746,2776745.7301658994,0.14706744463529343 
 02/20  08:30:00,10.275,87.5,8.61,17.0,0.0,0.0,4.0,0.0,0.0,0.0,0.0,0.0,0.0,0.0,0.0,272.0,0.0,24.231318255451673,5.929837321203033,15.194997314266207,0.7265812847965167,19.33894194368708,0.0,5.92983732120303,8.10653718724227,0.0,0.0,20.883678215814,-1572.3240875673374,19.768558385968985,492.04493839839508,20.469817051356899,-321.268231878242,19.675834802365786,-46.554519740963659,15.596476515620129,46.656236522736808,17.973373164257649,-17.272113829608715,17.76873914376264,147.2461347458093,17.33909076981872,-4.3792655451986779,16.959440730708523,-239.51119326819299,877.5108143077159,967.32269518353,0.0,0.0,0.0,0.0,0.0,0.0,0.0,0.0,0.0,0.0,0.0,0.0,0.0,0.0,0.0,0.0,0.0,0.0,0.0,0.0,0.0,0.0,0.9374671002273983,0.28616211850653186,389.13156484205686,449.1037156026721,8587.90341873756,0.25536089709627515,0.038974495893814898,302.8424499184101,350.6681934230405,6106.8237784440939,0.8096026397152489,0.1529861375123298,83.49468351073611,96.4299416121543,1793.0734234199727,0.24966851039074013,0.04717847890981483,25.121025732088975,29.08746506039768,494.47117702469788,0.0,0.0,12.21698524845227,14.385546146030848,132.57206216485987,0.0,0.0,16.178159666264436,18.8861089265774,252.74552317877065,0.0,0.0,249.87571445632683,291.66592408082718,3947.934392957721,0.0,0.0,14.039449918161289,16.418330855984814,211.9355971759647,0.0,0.0,186.48252588758806,218.85664364103725,2378.2976726448348,46.256885078999989,31.72625862757202,320.86809919663548,373.3130153685307,6416.45242729867,0.0,0.0,189.03429198660343,222.52669533448745,2094.3199070783218,1831.7801742593748,21.545331035490287,45.14766142408898,22.0,30.0,0.0,20.550504817061424,48.00731104860442,16.0,30.0,82.90719707743249,21.215177968082018,46.080566923615268,21.0,30.0,0.0,20.2041874348656,56.08362199562262,19.0,30.0,0.0,15.699450493351705,65.84815944977459,12.0,30.0,0.0,18.16215928883721,56.81593454067836,16.0,30.0,0.0,18.252920904874438,55.826502504095987,10.0,30.0,0.0,17.85880711734921,57.5061671025162,16.0,30.0,0.0,16.675379010409384,61.88315666683539,12.0,30.0,0.0,19.154980769750297,0.0,0.0,0.0,15.801720659629887,0.0,0.0,537.5393881435541,536.3947058978024,537.490867128804,950.4186274136145,567.0188739351884,596.2613800103648,558.300096477197,571.6233276951185,567.3549646792716,10216.653344866134,81.24939731585553,84.82462178799929,132.0,0.0,132.0,132.0,16.0,19.0,16.0,12.0,16.0,12.0,21.0,10.0,1.0,0.0,1831.7801742593748,0.0,82.90719707743249,0.0,0.0,0.0,0.0,0.0,5410.527208603522,3246316.325162113,4248150.207671134,81.24939731585553,84.885340968467,0.3503509069534507,0.763633659006179,0.36028137401965956,84.885340968467,0.3542647819438875,4248150.207671134,0.2235511441322323 
 02/20  08:40:00,10.290000000000001,87.33333333333334,8.61,18.666666666666669,0.4999999999999999,0.0,0.0,1.0,2.0,0.0,0.0,0.0,0.0,0.0,0.0,1224.0,0.0,26.67778661643194,6.522322116401322,16.713218987449709,0.7999392113418896,21.29146146868175,0.0,6.522322116401319,8.916508821367323,0.0,0.0,20.958781412607367,-1571.7632738324199,19.833331245456816,555.860468754626,20.76961202047172,-1283.9168433706898,19.794602711786849,568.5073566465392,15.609230187891225,46.53357212568082,18.771485455925537,-70.34182273037294,17.74133090522688,115.82192797271785,18.181006517616625,-88.17010918597308,16.85923893498142,-229.35634822261165,1050.3207445285623,989.9971659792562,0.0,0.0,0.0,0.0,0.0,0.0,0.0,0.0,0.0,0.0,0.0,0.0,0.0,0.0,0.0,0.0,0.0,0.0,0.0,0.0,0.0,0.0,0.9298494178395871,0.2838368186323534,445.13834215623958,514.6504176970677,9893.312501161941,0.25578596811474776,0.0390393724228859,310.1496335186499,359.9297309468647,6297.080741672134,0.834643799370128,0.15771802709186137,376.45439548952558,435.5789095077132,8353.679066364903,0.25871361783294835,0.048887682886044777,321.8741596149623,373.7101955452963,6452.954328013077,0.0,0.0,12.701579579609018,14.989568222510627,137.70616745263573,0.0,0.0,18.029318144324514,21.00206728229641,324.9840680380811,0.0,0.0,257.9914846749928,301.86869632688026,4038.1043227353227,0.0,0.0,25.1725752988892,29.295017525868056,452.606223498857,0.0,0.0,198.3541381900832,233.37240748828843,2482.468467223732,46.54342431259582,31.922787594373074,624.5055294978665,727.1064724225236,12378.600269306085,0.0,0.0,202.52645448032144,238.86094735092113,2261.3116676347606,1844.5666034433025,21.65102618579281,45.67566452232095,22.000000000000055,30.000000000000076,0.0,20.647848035745619,48.472659417132309,16.00000000000004,30.000000000000076,1690.7374324254973,21.52406828919474,46.09580798762294,21.444444444444497,30.000000000000076,0.0,20.508184705311888,49.41802802227248,16.00000000000004,30.000000000000076,0.0,15.711905865213535,65.77120870427898,12.000000000000032,30.000000000000076,1407.4343594873183,19.41621434839344,53.43566871982216,19.88888888888894,30.000000000000076,0.0,18.194894281616859,56.282866501039837,10.000000000000025,30.000000000000076,1326.0094026440509,19.181761925659193,53.594232545267789,20.700000000000054,30.000000000000076,0.0,16.572066133071084,62.261909117127618,12.000000000000032,30.000000000000076,0.0,19.67504591604438,0.0,0.0,0.0,15.861692016187508,0.0,0.0,594.6564487671262,587.1332179078663,598.1737997303233,618.0573568042618,566.6067740615553,664.1849983865785,574.1070412168907,621.4216392779132,567.8138441961521,10333.338396895253,81.17222387411256,83.62302777662203,60.00000000000015,0.0,60.00000000000015,60.00000000000015,16.0,16.0,19.0,12.0,19.7,12.0,21.0,10.0,1.0,0.0,1844.5666034433025,0.0,1690.7374324254973,0.0,1407.4343594873183,0.0,1326.0094026440509,0.0,3708.7791805926719,2225267.508355599,2905079.740483044,81.17222387411256,83.66465056299724,0.35029263935308976,0.769133438539713,0.36028137401966056,83.66465056299724,0.3542647819438884,2905079.740483044,0.15225414650511835 
 02/20  08:50:00,10.305000000000002,87.16666666666666,8.61,20.333333333333333,0.9999999999999998,0.0,0.0,1.0,2.0,0.0,0.0,0.0,0.0,0.0,0.0,408.0,0.0,29.193587419495907,7.117342188653112,18.237937315573285,0.8753760566314973,23.299314685936744,0.0,7.117342188653108,9.729946371435917,0.0,0.0,21.017402107339934,-1361.4975181536136,19.866514729419927,418.64238404357067,20.881773596102059,-1302.0892073768826,19.875602566991675,446.13299107749847,15.623623436577038,45.21407590225584,18.854516024845155,-75.7045914325938,17.668991239403135,88.49226328742111,19.132422778548347,-244.70017088663293,16.782001387293798,-168.73515635339829,1033.6059450480689,1034.2796843765685,0.0,0.0,0.0,0.0,0.0,0.0,0.0,0.0,0.0,0.0,0.0,0.0,0.0,0.0,0.0,0.0,0.0,0.0,0.0,0.0,0.0,0.0,0.9172944848864724,0.28000442151601748,426.8747359753968,493.0227157187576,9482.876614619561,0.23555332619982789,0.03595136236261112,275.04747846336309,318.7403598194544,5588.117796722972,0.8188379932026106,0.1547312912325419,393.08682399272717,453.4651508657315,8735.467333913117,0.24858962557538523,0.04697460800744244,297.5900165291244,344.6963965014182,6033.928339354281,0.0,0.0,12.544173249554902,14.783739940152213,136.03098141369896,0.0,0.0,17.875663039633179,20.784209915059607,325.300342759939,0.0,0.0,256.271432979205,299.5975534548779,3937.053098391514,0.0,0.0,41.58923902489829,48.1154465357603,860.6384468575986,0.0,0.0,205.7934747597157,241.86218809763956,2540.9299035048554,46.60019466824184,31.961724738163164,582.3538097772048,676.9612287628434,11581.804668852812,0.0,0.0,211.64482938051612,249.10241882903916,2440.8122248079009,1858.444611202145,21.732149199981327,45.44028103858165,22.000000000000019,30.00000000000002,0.0,20.665260605457719,48.54544497538941,16.000000000000015,30.00000000000002,2221.7254618904428,21.61613209887061,45.7655072817996,21.666666666666687,30.00000000000002,0.0,20.599550211659279,48.7792777067202,16.000000000000015,30.00000000000002,0.0,15.727816069857682,65.78940258736214,12.00000000000001,30.00000000000002,0.0,19.53672793080179,54.63471327698227,19.000000000000015,30.00000000000002,0.0,18.057648992214678,56.87003539941982,10.000000000000007,30.00000000000002,1158.3176816601898,20.823988757519403,48.83465731756813,20.700000000000015,30.00000000000002,0.0,16.49878563127538,62.77253135606303,12.00000000000001,30.00000000000002,0.0,19.673643334140988,0.0,0.0,0.0,16.065073596160244,0.0,0.0,594.7087486630803,597.2899752187373,594.4377741460886,598.5992410572455,572.1575991673946,763.8344498343846,581.2581696763028,645.9007529222658,581.151725497377,10131.925687265124,81.30523609732964,86.2888143213075,60.00000000000004,0.0,60.00000000000004,60.00000000000004,16.0,16.0,19.0,12.0,19.7,12.0,21.0,10.0,1.0,0.0,1858.444611202145,0.0,2221.7254618904428,0.0,0.0,0.0,1158.3176816601898,0.0,7541.486330008258,4524891.798004951,5899150.7103809439,81.30523609732964,86.37345202389496,0.3647162110002754,0.7689354683906956,0.3602813740196598,86.37345202389496,0.3542647819438878,5899150.7103809439,0.3079158369398091 
 02/20  09:00:00,10.32,87.0,8.61,22.0,1.5,0.0,0.0,1.0,2.0,0.0,0.0,0.0,0.0,0.0,0.0,683.0,0.0,31.807551580282636,7.714769626509078,19.768824525249703,0.953756299395404,25.38551121751048,0.0,7.714769626509074,10.546674972799253,0.0,0.0,20.879718845046449,-1029.97628741187,19.827358317649109,374.10252388011289,20.886375748652534,-1257.0761393588976,19.937518370195748,336.13624739966658,15.633844308581598,42.56589097315003,18.623520503493788,-63.390918783090388,17.614041795303839,107.81813936370563,18.987122664021994,-230.21679511493148,16.760238402724626,-134.098160479109,999.3222317255649,972.5808928837558,0.0,0.0,0.0,0.0,0.0,0.0,0.0,0.0,0.0,0.0,0.0,0.0,0.0,0.0,0.0,0.0,0.0,0.0,0.0,0.0,0.0,0.0,0.9130352113425919,0.2787042769666032,365.5558357858197,422.81342969583548,7921.094213831356,0.23411272015126778,0.03573148964457689,263.36795904312847,305.49135797223036,5295.020362566867,0.7788109951670488,0.14716761057578404,355.70106728083297,411.00318214906425,7821.3968286441099,0.22329915493166853,0.042195607507873867,270.0462520885951,313.0665896861553,5485.794500806958,0.0,0.0,12.365297326470094,14.582941707701167,133.89726503188624,0.0,0.0,17.493721231409734,20.380219075104927,304.75833881208976,0.0,0.0,244.5796872808824,286.2455129795295,3702.3712434967458,0.0,0.0,45.95566113411728,53.33718631866043,908.5730534532546,0.0,0.0,196.8735001303646,231.56336500976154,2429.5096755066517,46.66795842393115,32.00820193685265,525.5713377266566,611.5366785485851,10472.01734651347,0.0,0.0,203.08055170054329,239.22660321388646,2336.7601443502828,1159.5323236801713,21.38574267472986,46.11759428121835,21.6,30.0,0.0,20.56759503687333,48.65409762904794,16.0,30.0,1616.2339748546684,21.49486041981574,45.8272544629381,21.4,30.0,0.0,20.664637619384437,48.316194398719577,16.0,30.0,0.0,15.73596334872872,65.86459853399133,12.000000000000002,30.0,0.0,19.147508462187738,56.897762948893468,19.0,30.0,0.0,17.95764681133761,57.32316492963334,10.0,30.0,513.9055068579178,20.379154102060608,50.30937755669405,19.9,30.0,0.0,16.511956915554408,62.99994446427901,12.000000000000002,30.0,0.0,19.606195131737598,0.0,0.0,0.0,16.06774374261011,0.0,0.0,580.3379758337412,589.405764707682,580.9349587509271,586.1745771364571,578.9020703985385,817.2336721028293,589.3439623264972,645.3986430590624,596.4155153138612,7334.445192238468,81.75543029456945,84.65910853662054,60.0,0.0,60.0,60.0,16.0,16.0,19.0,12.0,19.7,12.0,21.0,10.0,1.0,0.0,1159.5323236801713,0.0,1616.2339748546684,0.0,0.0,0.0,513.9055068579178,0.0,4394.180537507418,2636508.3225044507,3440280.3275363848,81.75543029456945,84.70842263272079,0.2824726845835806,0.5842320679383601,0.28822509921572767,84.70842263272079,0.28341182555511,3440280.3275363848,0.180024577031892 
 02/20  09:10:00,10.355,87.5,8.528333333333333,23.666666666666669,2.0,0.0,0.0,0.0,0.0,0.0,0.0,0.0,0.0,0.0,0.0,959.0,0.0,34.5420286770369,8.314473022090779,21.305543883136367,1.0357500787932706,27.567888001092684,0.0,8.314473022090774,11.36651498092484,0.0,0.0,20.391793181995774,-430.6123304180907,19.75153379727007,165.39862524606347,20.377975978762885,-756.9220785706585,19.884428433903947,97.35934450203232,15.6402555998543,36.98369584472549,18.355738452478897,-111.75257469371212,17.60819308124328,81.40274192990052,18.572250494261686,-153.45407811180929,16.73195482045044,-142.0583300628871,778.5328205002503,910.1353691954148,0.0,0.0,0.0,0.0,0.0,0.0,0.0,0.0,0.0,0.0,0.0,0.0,0.0,0.0,0.0,0.0,0.0,0.0,0.0,0.0,0.0,0.0,0.8878739882117732,0.27102380592544969,250.33595321756907,290.5897913693759,5142.115207513459,0.2038324763880535,0.03110996281868949,179.1392182934223,208.2852815442264,3549.684411754801,0.7884184638346687,0.1489830808455535,254.15030786746559,294.94747709836079,5290.801466362282,0.18326790675903405,0.0346311237261969,158.81988664287594,184.64764651540865,3198.305930301536,0.0,0.0,11.04144529517213,13.027865174817793,118.82144726315484,0.0,0.0,64.22424942468082,74.999391181579,1061.3173190854926,0.0,0.0,287.5768476749137,336.70185403665348,4330.080314278558,0.0,0.0,39.72162513755546,46.23410394480055,733.0313496058137,0.0,0.0,193.00809655975028,227.10626154594415,2363.107164445549,46.49921748401117,31.89246741015856,329.8168251769276,385.0203773310193,6630.68329195269,0.0,0.0,198.83218563973873,234.35757562408979,2248.068891101253,0.0,20.685575513560609,47.97327501182156,21.999999999999998,29.999999999999994,0.0,20.402780798413969,48.95852561698037,16.0,29.999999999999994,0.0,20.799487565237759,47.52546552179349,21.57142857142857,29.999999999999994,0.0,20.538955040046319,48.482388315756889,16.0,29.999999999999994,0.0,15.737497800331525,66.08155957668014,12.0,29.999999999999994,0.0,18.703965860829205,56.389550977286209,16.0,29.999999999999994,0.0,17.950007994855708,57.82316584584234,10.0,29.999999999999994,0.0,19.686698082086573,52.07149353960667,12.0,29.999999999999994,0.0,16.497744689965324,63.34977615770832,12.0,29.999999999999994,0.0,18.9748360916367,0.0,0.0,0.0,16.0008110281532,0.0,0.0,571.9256221339869,580.3256306378748,565.839899225816,576.0684120062284,591.3837135895826,691.4683540210599,618.0217079826147,624.0318798715429,612.9155878393365,0.0,81.01804334627167,81.01804334627167,59.999999999999989,0.0,59.999999999999989,59.999999999999989,16.0,16.0,16.0,12.0,12.0,12.0,21.0,10.0,0.0,0.0,0.0,0.0,0.0,0.0,0.0,0.0,0.0,0.0,0.0,0.0,0.0,81.01804334627167,81.01804334627167,0.0,0.0,0.0,81.01804334627167,0.0,0.0,0.0010999999999999999 
 02/20  09:20:00,10.39,88.0,8.446666666666666,25.333333333333333,2.5,0.0,0.0,0.0,0.0,0.0,0.0,0.0,0.0,0.0,0.0,548.0,0.0,37.41680006889677,8.91747456072776,22.850714673069299,1.1219505272097399,29.862232306348333,0.0,8.917474560727757,12.190863800654905,0.0,0.0,19.859028369020814,-185.48283139112733,19.517452696835485,-37.44472914733605,19.86036565559349,-217.21710225151697,19.57464886037294,-149.95791972318944,15.640608789336813,31.48167991012693,18.118558323337135,-67.39591313294335,17.490069247133158,37.27957175676556,17.964608633433703,-63.71822040937141,16.695758796479909,-162.215442681196,589.5219250300988,784.830217360095,0.0,0.0,0.0,0.0,0.0,0.0,0.0,0.0,0.0,0.0,0.0,0.0,0.0,0.0,0.0,0.0,0.0,0.0,0.0,0.0,0.0,0.0,0.8253687789851115,0.251944071729277,138.5217657909224,161.1933136701523,2606.479452804529,0.15780011970633479,0.0240842673544467,72.62710934253536,84.619527720704,1382.6194594975296,0.7699976632452811,0.14550220393901765,146.47623482069424,170.40297899165618,2774.5486896412064,0.1492229754610496,0.02819784116799878,102.34714303187005,119.04995043903254,1937.372787519161,0.0,0.0,10.23472765902935,12.067531726658937,109.28718575339549,0.0,0.0,54.61949067829685,63.83169048001214,857.0894040523335,0.0,0.0,263.5943709912447,308.65736590225688,3844.712365507276,0.0,0.0,29.206032161393457,34.11005585413928,475.2908986678863,0.0,0.0,177.25333761873646,208.476839117586,2145.0154779269107,46.082274736568489,31.60649844757785,162.77074717581736,190.52672204384278,3256.628836987498,0.0,0.0,181.90107230203552,214.42860413155817,1974.920699074984,0.0,19.870656757692229,50.310600013791248,22.0,30.0,0.0,19.95521239537636,50.16409266182021,16.0,30.0,0.0,19.962538838278947,49.83028214647784,22.0,30.0,0.0,19.958234706505548,50.012744760819959,16.0,30.0,0.0,15.729757131195383,66.30962759335813,12.0,30.0,0.0,18.313207581327917,56.636715474110399,16.0,30.0,0.0,17.740170148400439,58.387215205389107,10.0,30.0,0.0,18.586448721471695,55.50532610150943,12.0,30.0,0.0,16.459108866500107,63.52348689599299,12.0,30.0,0.0,18.002863699225924,0.0,0.0,0.0,15.802680421411044,0.0,0.0,564.5081966966611,570.7522872020459,554.4993209382113,562.555881551572,602.5833350365497,625.0193421740141,607.8839671456298,613.8253569682039,616.0433296102028,0.0,81.01804334627167,81.01804334627167,60.0,0.0,60.0,60.0,16.0,16.0,16.0,12.0,12.0,12.0,21.0,10.0,0.0,0.0,0.0,0.0,0.0,0.0,0.0,0.0,0.0,0.0,0.0,0.0,0.0,81.01804334627167,81.01804334627167,0.0,0.0,0.0,81.01804334627167,0.0,0.0,0.0010766666666666668 
 02/20  09:30:00,10.425,88.5,8.364999999999999,27.0,3.0,0.0,0.0,0.0,0.0,0.0,0.0,0.0,0.0,0.0,0.0,548.0,0.0,40.430065650018857,9.521240998594564,24.39784559116664,1.2123036680906719,32.267107474308087,0.0,9.52124099859456,13.016258295622782,0.0,0.0,19.44956935796513,-126.86468079224335,19.24074141093292,-227.26139958616427,19.532274909956777,-372.25594010290208,19.21987644415382,-164.79197960362115,15.63540460928332,24.11494439583376,17.955777337777556,-62.46697030616417,17.35859087839004,-6.030682123203178,17.614003916379603,-31.131528728058357,16.63371224671568,-201.10599205488166,570.6608519490478,644.7077534477246,0.0,0.0,0.0,0.0,0.0,0.0,0.0,0.0,0.0,0.0,0.0,0.0,0.0,0.0,0.0,0.0,0.0,0.0,0.0,0.0,0.0,0.0,0.7172993158354823,0.21895583511461615,280.8364505598987,327.81211064234898,4870.260388077067,0.12673338532401005,0.019342702277779314,140.64483982916074,163.9635085583361,2518.5880802734916,0.686275316648867,0.12968165469555316,263.6855085902808,307.4565799917589,4737.486824972764,0.12124659241877073,0.022911298643002777,151.96898422186238,177.26392075022106,2676.475277082409,0.0,0.0,9.431708464940254,11.12103842344529,99.75446268706699,0.0,0.0,50.333993192309097,58.86473399557993,762.0477014161759,0.0,0.0,239.9051556297183,281.1318220955758,3374.3395010705819,0.0,0.0,20.20228563209864,23.63206720364645,303.0440036348029,0.0,0.0,157.52237589169159,185.31215902839825,1868.4886874247082,45.63110442556492,31.29705378982506,361.95800831481128,424.0568394671071,6260.966473132754,0.0,0.0,160.78055382452096,189.67887919781368,1656.672616973011,0.0,19.25565534384777,51.90528889185956,22.0,30.0,0.0,19.458747040402718,51.01631588954359,16.0,30.0,0.0,19.45240500073222,50.932145264719597,22.0,30.0,0.0,19.345132477675045,51.6418425656438,16.0,30.0,0.0,15.71332066353862,66.33346205793558,12.0,30.0,0.0,18.066996555475844,57.10556394052489,16.0,30.0,0.0,17.508279161840734,58.87595584733544,10.0,30.0,0.0,17.99596162810392,57.41031518565081,12.0,30.0,0.0,16.372078873471979,63.53563834879787,12.0,30.0,0.0,17.940145070616969,0.0,0.0,0.0,15.559926215085853,0.0,0.0,542.4548307813019,529.0573256701212,523.2330942065638,543.4148105059402,602.0505404030255,603.3156230571576,589.7153557526956,605.1042514279022,601.4243361035818,0.0,81.01804334627167,81.01804334627167,60.0,0.0,60.0,60.0,16.0,16.0,16.0,12.0,12.0,12.0,21.0,10.0,0.0,0.0,0.0,0.0,0.0,0.0,0.0,0.0,0.0,0.0,0.0,0.0,0.0,81.01804334627167,81.01804334627167,0.0,0.0,0.0,81.01804334627167,0.0,0.0,0.0010533333333333333 
 02/20  09:40:00,10.46,89.0,8.283333333333332,31.333333333333333,4.333333333333333,0.0,0.0,0.0,0.0,0.0,0.0,0.0,0.0,0.0,0.0,411.0,0.0,48.04665103110009,11.089208212728885,28.4157079388612,1.4406880292440359,38.34587486764191,0.0,11.08920821272888,15.159788352393007,0.0,0.0,19.261395399795988,-156.1200456211892,19.001801899571367,-163.55731945800955,19.26486916049011,-228.48333586318575,19.051960773468104,-103.81571639945175,15.629726692821813,22.709908679394496,17.831598599324566,-52.38260072802689,17.277651301522618,4.89798082930975,17.36699692014563,-18.967348770284898,16.575484799536136,-190.9512890655707,579.1150383134859,617.6344076457858,0.0,0.0,0.0,0.0,0.0,0.0,0.0,0.0,0.0,0.0,0.0,0.0,0.0,0.0,0.0,0.0,0.0,0.0,0.0,0.0,0.0,0.0,0.6806728316653727,0.20777558964144486,238.9774577519581,278.4270136785855,4049.193616576464,0.12171208789729508,0.01857632599165067,114.04174474675757,132.87971815292287,1935.2176130726417,0.6271308047862186,0.11850544308129618,182.76586410870659,212.90020202183309,3113.7660425507,0.11999105531681066,0.022674046734091216,91.72579365737446,106.863951185855,1562.0768807237892,0.0,0.0,9.243735217678115,10.895057654957795,96.86851416695254,0.0,0.0,48.824779696926508,57.11678163792989,719.4110059063926,0.0,0.0,235.19330478764398,275.6109170719071,3236.725470704165,0.0,0.0,17.505780651305977,20.502112078286595,248.80663434470976,0.0,0.0,153.94982499337085,181.076958231059,1792.9816922499768,45.62569106369645,31.29334092160254,259.9496984684321,303.9852372722372,4526.872948117251,0.0,0.0,156.8859508073045,185.0412676514009,1587.9958782193813,0.0,19.04800543186689,52.39874891095235,22.000000000000019,30.00000000000002,0.0,19.068580784591675,52.05460112124602,16.000000000000015,30.00000000000002,0.0,19.078446329257209,52.00353831067688,22.000000000000019,30.00000000000002,0.0,19.104354382632417,52.25199365608827,16.000000000000015,30.00000000000002,0.0,15.698813390228345,66.268472276548,12.00000000000001,30.00000000000002,0.0,17.889987140076696,57.501033498768489,16.000000000000015,30.00000000000002,0.0,17.38638359598502,59.11697552737199,10.000000000000007,30.00000000000002,0.0,17.613397912693054,58.62829402247333,12.00000000000001,30.00000000000002,0.0,16.296665862987717,63.646932900115299,12.00000000000001,30.00000000000002,0.0,17.9578881086053,0.0,0.0,0.0,15.502354722586674,0.0,0.0,529.2992257371237,513.7546498612794,512.1969966840012,531.674848235398,597.3955901047202,590.8740132684939,578.3835948463124,596.3789979594511,592.5609600410052,0.0,81.01804334627174,81.01804334627174,60.00000000000004,0.0,60.00000000000004,60.00000000000004,16.0,16.0,16.0,12.0,12.0,12.0,21.0,10.0,0.0,0.0,0.0,0.0,0.0,0.0,0.0,0.0,0.0,0.0,0.0,0.0,0.0,81.01804334627174,81.01804334627174,0.0,0.0,0.0,81.01804334627174,0.0,0.0,0.00103 
 02/20  09:50:00,10.495000000000001,89.5,8.201666666666667,35.66666666666667,5.666666666666666,0.0,0.0,0.0,0.0,0.0,0.0,0.0,0.0,0.0,0.0,411.0,0.0,56.03553510218787,12.663733496897754,32.45037526315763,1.6802356132106907,44.72177018003172,0.0,12.663733496897747,17.312283788098925,0.0,0.0,19.042983405251314,-153.44434921646747,18.832170744418307,-168.73852428714702,19.002286448133725,-286.0423860172577,18.88889336267617,-141.83406496688034,15.623827863412905,19.605064852025238,17.73620009705143,-54.175163405878688,17.189701289912987,-8.60191656647052,17.198543846348174,-12.805718089769707,16.526884159132373,-193.16103694336125,495.26122977031727,551.5248182605702,0.0,0.0,0.0,0.0,0.0,0.0,0.0,0.0,0.0,0.0,0.0,0.0,0.0,0.0,0.0,0.0,0.0,0.0,0.0,0.0,0.0,0.0,0.6143406836646708,0.18752768121632214,238.45920550318415,278.1828747836345,3897.8445576166898,0.10840837701520735,0.016545845087791126,91.78574469620792,107.00314242937519,1503.4061005553986,0.5846463602253649,0.11047739233283552,244.93541094398146,286.1482632994269,3957.929842431996,0.10543053844956765,0.01992262631322141,130.42461230318208,152.32518266851452,2156.8567951456896,0.0,0.0,8.90832508084593,10.500374495182987,92.50337280511447,0.0,0.0,47.38663885022071,55.455558437832738,683.0889257210221,0.0,0.0,225.2938452579918,264.1393148954123,3025.151620665226,0.0,0.0,13.758945666309899,16.121655056310435,188.02908107718373,0.0,0.0,145.02196480304907,170.61723877613438,1662.089721852524,45.420934303198098,31.152904186006965,296.23093490014949,346.9686431061775,4928.535530493451,0.0,0.0,147.27026614729653,173.76337837779028,1452.4071975870687,0.0,18.77057315699612,53.265934417769859,22.000000000000019,30.00000000000002,0.0,18.80174278808561,52.82460838849396,16.000000000000015,30.00000000000002,0.0,18.686035690894749,53.311391255278667,22.000000000000019,30.00000000000002,0.0,18.85462247197846,53.037114627128008,16.000000000000015,30.00000000000002,0.0,15.685580087017954,66.12100098842346,12.00000000000001,30.00000000000002,0.0,17.761410928220628,57.67988837466858,16.000000000000015,30.00000000000002,0.0,17.249690439209905,59.342251824742039,10.000000000000007,30.00000000000002,0.0,17.374848438550829,59.30437962908037,12.00000000000001,30.00000000000002,0.0,16.237173438503718,63.52261573377655,12.00000000000001,30.00000000000002,0.0,17.71477821404865,0.0,0.0,0.0,15.405635060148845,0.0,0.0,519.9627302368363,493.6691382023764,499.8803199125405,521.7161369056573,588.5379591588303,575.3212278616501,561.6520152874123,585.4780398637563,574.6711369769854,0.0,81.01804334627174,81.01804334627174,60.00000000000004,0.0,60.00000000000004,60.00000000000004,16.0,16.0,16.0,12.0,12.0,12.0,21.0,10.0,0.0,0.0,0.0,0.0,0.0,0.0,0.0,0.0,0.0,0.0,0.0,0.0,0.0,81.01804334627174,81.01804334627174,0.0,0.0,0.0,81.01804334627174,0.0,0.0,0.00102 
 02/20  10:00:00,10.53,90.0,8.12,40.0,7.0,0.0,0.0,0.0,0.0,0.0,0.0,0.0,0.0,0.0,0.0,548.0,0.0,64.39114722623744,14.244324475852775,36.5005858535445,1.9307793834733125,51.390347505391037,0.0,14.244324475852768,19.47307148844667,0.0,0.0,18.90430413733937,-104.74275556361386,18.734536029965346,-101.15593063490189,18.942289586930408,-231.5529741608973,18.751550958627548,-108.08363675006382,15.618597705306355,18.67601990449917,17.66007543792226,-51.2493276892294,17.134793462765324,-2.263619136682337,17.071881614239549,-9.372973884450133,16.48726645883888,-184.73853497548863,356.70525588021959,527.8050863929204,0.0,0.0,0.0,0.0,0.0,0.0,0.0,0.0,0.0,0.0,0.0,0.0,0.0,0.0,0.0,0.0,0.0,0.0,0.0,0.0,0.0,0.0,0.5841779734076389,0.17832050470318648,123.02521797475416,143.6680426551771,1978.496428751658,0.10613703827657573,0.016199181666144037,34.744029187966827,40.53495805982953,558.9739250280292,0.5427467793218213,0.1025598600381371,137.62502124947828,160.78063769015564,2224.810280341431,0.10338147167207136,0.019535425486030108,87.97197187759869,102.80389287868452,1413.800380758129,0.0,0.0,8.807508366589272,10.387449896084539,90.66240544665865,0.0,0.0,47.44800298785145,55.57936354852217,671.9161206079651,0.0,0.0,222.06895871250885,260.566482591004,2936.2206566299757,0.0,0.0,12.853492224207017,15.081734766281608,170.735427426403,0.0,0.0,141.77171129849345,166.91251684936004,1603.0549515435114,45.35205741868341,31.105663524474229,141.3314074479377,165.86156766894758,2519.0894597009639,0.0,0.0,143.84069977984346,169.8325858841736,1399.3223899094308,0.0,18.637542885876216,53.62268863594572,22.0,30.0,0.0,18.6794311590239,53.25156220525235,16.0,30.0,0.0,18.690330163144958,53.39061560990545,22.0,30.0,0.0,18.663950776153109,53.55725615463319,16.0,30.0,0.0,15.675441237664373,65.9654561651463,12.0,30.0,0.0,17.665480241793988,57.831257015359387,16.0,30.0,0.0,17.17981914771293,59.444440474863487,10.0,30.0,0.0,17.209366389217629,59.73796476575522,12.0,30.0,0.0,16.19434010522898,63.50438554295307,12.0,30.0,0.0,17.25338030579672,0.0,0.0,0.0,15.373124083247845,0.0,0.0,505.08099274608886,485.47120042887846,495.80037065714688,506.9931092600322,579.0728887778012,563.1861801545849,550.8079624185456,575.0561339540036,564.3045779490788,0.0,81.01804334627167,81.01804334627167,60.0,0.0,60.0,60.0,16.0,16.0,16.0,12.0,12.0,12.0,21.0,10.0,0.0,0.0,0.0,0.0,0.0,0.0,0.0,0.0,0.0,0.0,0.0,0.0,0.0,81.01804334627167,81.01804334627167,0.0,0.0,0.0,81.01804334627167,0.0,0.0,0.00101 
 02/20  10:10:00,10.540000000000001,89.0,7.976666666666667,44.333333333333339,8.333333333333334,0.0,0.0,0.0,0.0,0.0,0.0,0.0,0.0,0.0,0.0,274.0,0.0,77.81635773143265,16.63930005748261,42.63761141591384,2.3333324268491055,62.10491544777905,0.0,16.6393000574826,22.747184683019193,0.0,0.0,18.732178890596406,-237.91914523618926,18.657001062472916,-56.209524563192989,18.850742467737907,-85.0865182735829,18.656448042501674,-163.26714823143647,15.613846993676157,18.363319580434565,17.592939133464364,-46.07905370124331,17.096293776463058,6.468326692395294,16.960020944417236,-6.245002097732737,16.453357081407839,-176.8716200921267,292.4204281814382,513.0771942941483,0.0,0.0,0.0,0.0,0.0,0.0,0.0,0.0,0.0,0.0,0.0,0.0,0.0,0.0,0.0,0.0,0.0,0.0,0.0,0.0,0.0,0.0,0.5797193764479747,0.1769595166202609,135.33012557998343,157.84470515598813,2099.604695199808,0.10950341062094696,0.016712974758996789,54.98184926309531,64.07178732342948,874.4686258639665,0.5408205518641263,0.10219587147848194,86.70764135001022,100.9957888690565,1393.9347889282288,0.10325992706105647,0.019512457872459644,45.63963861132431,53.11412010015101,714.9563312521379,0.0,0.0,8.80509804025349,10.369754379540427,90.33796995930311,0.0,0.0,46.47190034739815,54.37481835766647,649.5977452561552,0.0,0.0,220.24794086867696,258.0929265516203,2890.1633678342825,0.0,0.0,11.468866507260984,13.44490733165992,148.87496600973658,0.0,0.0,140.10251157713436,164.72793099125446,1572.16897461409,45.12759487729476,30.951711164125365,107.91462212080546,126.23272504286918,2008.2296512011076,0.0,0.0,141.89348873885195,167.30096568628449,1372.9691104384552,0.0,18.409210538091238,54.23805731710998,22.0,30.0,0.0,18.579410968264477,53.7323044054306,16.0,30.0,0.0,18.61993293332187,53.66335917314805,22.0,30.0,0.0,18.53994818722219,53.896015471318978,16.0,30.0,0.0,15.666902507867924,65.79527760561031,12.0,30.0,0.0,17.579220014115955,57.99599646818571,16.0,30.0,0.0,17.136927048718325,59.50643467061276,10.0,30.0,0.0,17.062217532818523,60.127076074080019,12.0,30.0,0.0,16.15916564918012,63.50414319010132,12.0,30.0,0.0,17.031232515147417,0.0,0.0,0.0,15.355512039733748,0.0,0.0,486.85464072072048,489.4701300883761,492.98254260421688,496.7121475323248,568.3361813833036,552.8696130593669,543.1148175426198,565.0149624433923,555.4173669104598,0.0,81.01804334627167,81.01804334627167,60.0,0.0,60.0,60.0,16.0,16.0,16.0,12.0,12.0,12.0,21.0,10.0,0.0,0.0,0.0,0.0,0.0,0.0,0.0,0.0,0.0,0.0,0.0,0.0,0.0,81.01804334627167,81.01804334627167,0.0,0.0,0.0,81.01804334627167,0.0,0.0,0.001 
 02/20  10:20:00,10.55,88.0,7.833333333333333,48.66666666666667,9.666666666666668,0.0,0.0,0.0,0.0,0.0,0.0,0.0,0.0,0.0,0.0,274.0,0.0,87.97065855028737,18.216081814229939,46.67806153333248,2.637808995756281,70.20900697943988,0.0,18.21608181422993,24.902764887813779,0.0,0.0,18.555609833783995,-63.613461223602829,18.587799609998294,-177.33283172871189,18.739251949496557,-298.5803196526522,18.513438472121608,-96.00799156218591,15.60848833180946,15.675863446746618,17.53812176080043,-46.16874324542516,17.037678752970604,-26.594153647884924,16.873884186592038,-4.256683748903811,16.42627015596745,-177.4833746444142,482.0763162163694,470.9151278607767,0.0,0.0,0.0,0.0,0.0,0.0,0.0,0.0,0.0,0.0,0.0,0.0,0.0,0.0,0.0,0.0,0.0,0.0,0.0,0.0,0.0,0.0,0.5651780566160398,0.17252077430282049,376.80684451882726,439.83424932031348,5726.910236921185,0.08589137006724584,0.013109183465696863,181.03686087431749,211.07291587547014,2828.602545847956,0.47085228011023147,0.08897435376232646,359.35408407470507,419.17625688335888,5626.394540617936,0.08666646464596145,0.01637688296408946,197.9364657286006,231.06283646728259,3043.3507526912947,0.0,0.0,8.314719064668829,9.794938891217134,85.00018232874985,0.0,0.0,46.16076786418652,54.03550685494793,638.4444907634095,0.0,0.0,209.03048404290326,245.04586510705389,2705.887660601713,0.0,0.0,9.692055427980959,11.365464892899361,123.65199372820799,0.0,0.0,133.22128006262165,156.63991220747747,1486.0569027990396,44.82371130102278,30.743286214693279,513.3667873732833,600.5651867042764,7803.777325862566,0.0,0.0,134.83540820321697,158.9924184666724,1289.6073023592658,0.0,18.205444529708659,54.948558559663599,22.0,30.0,0.0,18.481804882836728,53.9905374370591,16.0,30.0,0.0,18.477485402407099,54.01060294355557,22.0,30.0,0.0,18.33306449423555,54.50239702123329,16.0,30.0,0.0,15.658065119826273,65.64501228869702,12.0,30.0,0.0,17.512807434144955,58.057749757618299,16.0,30.0,0.0,17.054008214701143,59.62402013435927,10.0,30.0,0.0,16.95847495528141,60.37476755802835,12.0,30.0,0.0,16.135422044065395,63.372739243624618,12.0,30.0,0.0,17.61881712022867,0.0,0.0,0.0,15.306779868608519,0.0,0.0,488.8829600421601,484.52767835268016,485.05264870358169,488.7701985268193,557.1805006552928,538.6597150187117,528.3206764032968,555.0062518188954,539.3987172215426,0.0,81.01804334627167,81.01804334627167,60.0,0.0,60.0,60.0,16.0,16.0,16.0,12.0,12.0,12.0,21.0,10.0,0.0,0.0,0.0,0.0,0.0,0.0,0.0,0.0,0.0,0.0,0.0,0.0,0.0,81.01804334627167,81.01804334627167,0.0,0.0,0.0,81.01804334627167,0.0,0.0,0.00098 
 02/20  10:30:00,10.559999999999999,87.0,7.6899999999999999,53.0,11.0,0.0,0.0,0.0,0.0,0.0,0.0,0.0,0.0,0.0,0.0,274.0,0.0,98.60722484647542,19.78468595776499,50.69755715526795,2.9567460672128416,78.69798952392736,0.0,19.784685957764979,27.047165675363446,0.0,0.0,18.545163351474306,-179.88959410808276,18.452852293630835,-129.85910825148063,18.54595152471156,-170.0068065769683,18.492661273093718,-141.51019128784174,15.602715672797164,15.43420344311076,17.494364767938199,-48.48041771168414,16.98037185162621,3.926490095362624,16.800151213074139,-4.3459949916002789,16.397605129643155,-166.99314875370147,460.9866098973116,447.9741740299776,0.0,0.0,0.0,0.0,0.0,0.0,0.0,0.0,0.0,0.0,0.0,0.0,0.0,0.0,0.0,0.0,0.0,0.0,0.0,0.0,0.0,0.0,0.5445398157815766,0.16622094498827129,303.552641069964,354.42264351315517,4628.7697124005339,0.0916695594092603,0.01399108049591885,136.08885217026745,158.9772724963393,2073.474406294542,0.49667922337585648,0.09385472852907344,295.6596111670815,345.20704991233586,4477.761489724397,0.08717503454843456,0.016472984608547723,165.00627988889313,192.52486980156005,2534.364889179296,0.0,0.0,8.362084675474753,9.848869662838244,85.17959569594626,0.0,0.0,45.64405641595696,53.419192788506837,625.9569942653498,0.0,0.0,208.12188356550406,244.03255703017198,2659.3549647936035,0.0,0.0,8.53238064234756,10.003695267182217,107.2174836669854,0.0,0.0,130.152566381334,153.0859092785197,1442.4035348982228,44.591240032612819,30.58384090028315,404.3797205905147,473.2533571076601,6216.739985943323,0.0,0.0,131.4149494725359,155.00827429095569,1250.2560942705227,0.0,18.258473096096276,54.67011383880309,22.0,30.0,0.0,18.273406668276779,54.48850169464609,16.0,30.0,0.0,18.20364309509555,54.79657038260656,22.0,30.0,0.0,18.342730329182215,54.41514740150824,16.0,30.0,0.0,15.64946029632306,65.5079476395428,12.0,30.0,0.0,17.46361968466328,58.09135090447297,16.0,30.0,0.0,16.97867303921548,59.76230895167064,10.0,30.0,0.0,16.872522223169697,60.56968203159152,12.0,30.0,0.0,16.107995673057386,63.31152409566835,12.0,30.0,0.0,17.559988704181089,0.0,0.0,0.0,15.292180073097193,0.0,0.0,486.05281412613706,475.30916552483418,480.8494001205768,489.005246853297,546.412054594548,527.5742082763852,517.6375869835849,545.6064423496325,527.3738061093388,0.0,81.01804334627167,81.01804334627167,60.0,0.0,60.0,60.0,16.0,16.0,16.0,12.0,12.0,12.0,21.0,10.0,0.0,0.0,0.0,0.0,0.0,0.0,0.0,0.0,0.0,0.0,0.0,0.0,0.0,81.01804334627167,81.01804334627167,0.0,0.0,0.0,81.01804334627167,0.0,0.0,0.00096 
 02/20  10:40:00,10.57,86.0,7.546666666666667,62.0,26.999999999999998,0.0,0.0,0.0,0.0,0.0,0.0,0.0,0.0,0.0,0.0,137.0,0.0,139.79122193857917,23.335583983441297,59.79664390700002,4.191642682086471,111.56665660628501,0.0,23.335583983441287,31.901512486923229,0.0,0.0,18.507371007181626,-29.451845763922394,18.398135069265508,-176.92744499971469,18.484537593722643,-238.18849897853216,18.453161232740109,-22.811748563404764,15.599507649023212,14.716692034760257,17.463467664345005,-40.27160668096985,16.935013451034764,-19.80330927511568,16.728005669787007,-2.76218877160062,16.371682532481914,-172.68234281150036,409.98135743769128,457.25108032564278,0.0,0.0,0.0,0.0,0.0,0.0,0.0,0.0,0.0,0.0,0.0,0.0,0.0,0.0,0.0,0.0,0.0,0.0,0.0,0.0,0.0,0.0,0.5160558036370648,0.15752619158640564,269.748640520895,313.9728629418688,4130.020103868199,0.08007550332876162,0.012221535917088161,140.99288768969735,164.1982587747109,2124.576252108303,0.4266169744987293,0.08061545247519454,199.1161271683547,231.91119261472515,2994.126957401824,0.08674002045731685,0.016390782399341803,82.68659099589485,96.23364191835907,1268.719483663268,0.0,0.0,8.022940626023379,9.423199824109237,81.51129841364633,0.0,0.0,43.12856165668519,50.34868117413724,587.1402839778335,0.0,0.0,204.7212204607272,239.4147842893525,2588.2183865848617,0.0,0.0,7.820650900373243,9.149500468131962,96.84106745052623,0.0,0.0,132.30067903901068,155.16375168345554,1457.2433683920329,44.274413923152717,30.366539041942887,291.71833609134588,340.65471743250665,4542.264084566142,0.0,0.0,133.6895294783253,157.2117396125393,1274.0825786949002,0.0,18.30092917696383,54.7330149722807,22.0,30.0,0.0,18.186115606358276,54.40581174348309,16.0,30.0,0.0,18.157453001281739,54.49095473532793,22.0,30.0,0.0,18.324961132680906,54.70591261304276,16.0,30.0,0.0,15.643629508954174,65.35790125417943,12.0,30.0,0.0,17.41774946378785,58.17642266822435,16.0,30.0,0.0,16.916801611887274,59.8700300104167,10.0,30.0,0.0,16.782930081589695,60.78089335816196,12.0,30.0,0.0,16.080733539086734,63.307923950577208,12.0,30.0,0.0,17.39762656562246,0.0,0.0,0.0,15.30911345604197,0.0,0.0,498.08244594292929,456.28457619629088,455.7352006802614,502.40434772996385,535.3573404693357,520.9717195989208,511.0195264255028,536.1494105802797,519.804340543211,0.0,81.01804334627167,81.01804334627167,60.0,0.0,60.0,60.0,16.0,16.0,16.0,12.0,12.0,12.0,21.0,10.0,0.0,0.0,0.0,0.0,0.0,0.0,0.0,0.0,0.0,0.0,0.0,0.0,0.0,81.01804334627167,81.01804334627167,0.0,0.0,0.0,81.01804334627167,0.0,0.0,0.00094 
 02/20  10:50:00,10.58,85.0,7.403333333333332,71.0,42.99999999999999,0.0,0.0,0.0,0.0,0.0,0.0,0.0,0.0,0.0,0.0,274.0,0.0,185.32833973847128,26.862300682937048,68.83376966879695,5.557065665981634,147.9095047066813,0.0,26.862300682937034,36.72280159229289,0.0,0.0,18.372723567659237,-126.8876858774147,18.401283178432729,-106.76409444027923,18.466060029373076,-158.14814623698886,18.38496533410907,-121.55993757796023,15.599299368260184,14.509100147795067,17.45151603013906,-47.27357000460165,16.924276799379294,-2.821268825464813,16.678087641607435,-4.522974126338056,16.357884742168414,-157.55192130919409,412.8728041489185,424.16678310166028,0.0,0.0,0.0,0.0,0.0,0.0,0.0,0.0,0.0,0.0,0.0,0.0,0.0,0.0,0.0,0.0,0.0,0.0,0.0,0.0,0.0,0.0,0.5279704746437365,0.16116314854814912,240.11391377413134,280.41451686459745,3579.411619432287,0.09236593038483865,0.01409736422235022,113.50900775234894,132.48117870216863,1711.77160014414,0.4613109521620794,0.08717138173886614,208.7981537147441,243.81250737721144,3152.647694032742,0.08273701917174326,0.015634357364274988,118.05795954640752,137.94453475937747,1780.877238565083,0.0,0.0,8.174320534373747,9.63079389738487,82.84358896711695,0.0,0.0,45.53465580884159,53.32808544394641,616.7545809343972,0.0,0.0,204.85148489937348,240.28085120440489,2589.762547976604,0.0,0.0,7.776258528072681,9.128445128805005,95.34321212675178,0.0,0.0,127.44228299645451,149.90991641375173,1399.9092231878954,43.93685303253258,30.135015797347465,293.2577909733737,343.41631280059928,4550.3837475378,0.0,0.0,129.03830580232069,152.1989555376593,1223.4928140875932,0.0,18.090616179154354,55.06442698984236,22.0,30.0,0.0,18.21159582956475,54.47038983958665,16.0,30.0,0.0,18.206225991465624,54.550331501627059,22.0,30.0,0.0,18.212115804099839,54.67024898231112,16.0,30.0,0.0,15.643131310114978,65.26321261349587,12.0,30.0,0.0,17.39513964983481,58.170674776926549,16.0,30.0,0.0,16.929088896148096,59.784108032985489,10.0,30.0,0.0,16.732135352076598,60.8976758856755,12.0,30.0,0.0,16.077867681632733,63.27073496118496,12.0,30.0,0.0,17.39850379908858,0.0,0.0,0.0,15.296353769199797,0.0,0.0,480.7333116315945,471.2093942866385,476.3197390290884,482.7110411762119,529.4617652311985,515.4785267403181,508.73889865345157,530.7972769728438,516.7173855243616,0.0,81.01804334627167,81.01804334627167,60.0,0.0,60.0,60.0,16.0,16.0,16.0,12.0,12.0,12.0,21.0,10.0,0.0,0.0,0.0,0.0,0.0,0.0,0.0,0.0,0.0,0.0,0.0,0.0,0.0,81.01804334627167,81.01804334627167,0.0,0.0,0.0,81.01804334627167,0.0,0.0,0.0009099999999999999 
 02/20  11:00:00,10.59,84.0,7.26,80.0,59.0,0.0,0.0,0.0,0.0,0.0,0.0,0.0,0.0,0.0,0.0,137.0,0.0,266.5517936353,31.08549939125948,79.65559333555841,7.992524933111424,212.73322492291178,0.0,31.08549939125946,42.496234407340789,0.0,0.0,18.25568026439666,-156.8973467991982,18.451336026613477,-16.29072991108592,18.478215227357187,-37.40655268088449,18.29364769061763,-177.63028540048618,15.6029017024862,14.20737582858277,17.457626467591945,-49.855004678140179,16.90905300998756,7.429478279280374,16.618184134218553,-5.759698492588427,16.34646580573743,-150.2331849488328,346.7610745119837,405.05210784854855,0.0,0.0,0.0,0.0,0.0,0.0,0.0,0.0,0.0,0.0,0.0,0.0,0.0,0.0,0.0,0.0,0.0,0.0,0.0,0.0,0.0,0.0,0.5196135024229082,0.15861218022677296,140.59463705185847,163.89311997220424,2051.0861275035965,0.09563822054649514,0.01459679800770683,38.411375250760318,44.717633032972198,585.9807715458669,0.49017737213074388,0.0926261096241013,165.97330465035953,193.20199898113638,2537.4671013401405,0.07911316546561609,0.014949577752383987,121.65806180780496,141.75378704445016,1801.0175240936297,0.0,0.0,8.17329521181933,9.60080837715594,82.76327877664267,0.0,0.0,46.63650022643575,54.45742947730288,629.7053391385613,0.0,0.0,204.16640539314427,238.77481244595334,2577.476633734096,0.0,0.0,8.119509097644537,9.50431666320758,98.23050808488864,0.0,0.0,124.42657639006511,145.94518178055979,1364.1690879761764,43.08577392127791,29.551285268366205,189.3353825517236,221.29074523282584,3048.747473955318,0.0,0.0,126.49504429538517,148.7707351116937,1200.263366584432,0.0,17.933570906104455,55.12113530406737,22.0,30.0,0.0,18.28782808736435,54.38506152154523,16.0,30.0,0.0,18.301210786563354,54.612598657319,22.0,30.0,0.0,18.068139307886779,54.62900886192384,16.0,30.0,0.0,15.646462065188097,65.08988891051146,12.0,30.0,0.0,17.380299245671357,58.06196540550687,16.0,30.0,0.0,16.927413480049777,59.80327762235639,10.0,30.0,0.0,16.656585993319113,61.062648958793548,12.0,30.0,0.0,16.074656077214109,63.21536078996819,12.0,30.0,0.0,17.210448380295369,0.0,0.0,0.0,15.308006666798704,0.0,0.0,467.142786275698,480.72055384937769,494.0223283858323,466.1541048906373,520.6537585869231,507.36815989471418,507.8848638135025,522.8725631950239,512.4672704850799,0.0,81.01804334627167,81.01804334627167,60.0,0.0,60.0,60.0,16.0,16.0,16.0,12.0,12.0,12.0,21.0,10.0,0.0,0.0,0.0,0.0,0.0,0.0,0.0,0.0,0.0,0.0,0.0,0.0,0.0,81.01804334627167,81.01804334627167,0.0,0.0,0.0,81.01804334627167,0.0,0.0,0.00088 
 02/20  11:10:00,10.591666666666669,82.83333333333333,7.218333333333333,89.0,75.00000000000002,0.0,0.0,0.0,0.0,0.0,0.0,0.0,0.0,0.0,0.0,274.0,0.0,323.93286639314899,34.59189375414903,88.64064774992494,9.713083182788818,258.52860768423656,0.0,34.59189375414901,47.28974133783682,0.0,0.0,18.27194698574366,-71.16023911297862,18.423142853349665,-164.04110117641916,18.33966576916864,-224.08701016850137,18.287723100976927,-83.44003355879204,15.605896575683606,13.554534945528048,17.473828076450319,-48.535305671880227,16.8776024975689,-2.412646691898317,16.572565625533863,-11.079330028520431,16.337451024066437,-142.88604161058448,398.0420836616295,397.9781307400849,0.0,0.0,0.0,0.0,0.0,0.0,0.0,0.0,0.0,0.0,0.0,0.0,0.0,0.0,0.0,0.0,0.0,0.0,0.0,0.0,0.0,0.0,0.49785187820806678,0.1519694377924502,248.38428078885767,290.4271355449776,3685.4292832046787,0.07694614567410868,0.011743917227428066,99.90068491610239,116.93879198000306,1495.7548941473936,0.4547714898034402,0.08593565566958435,260.91265361813228,304.97881313714319,3860.6869242413006,0.08993703579657495,0.016994904723464649,146.8436956584837,171.5731438861508,2185.1322204259024,0.0,0.0,7.9068460366111,9.314429220121742,80.04830332940509,0.0,0.0,45.823039918336949,53.657153041357108,618.8420049581802,0.0,0.0,200.50511792938355,235.2125727852167,2514.4572055957835,0.0,0.0,7.775209252210786,9.12741756783752,93.23095079056304,0.0,0.0,123.74409756176988,145.58250818459363,1355.6598776785214,42.8699840306495,29.403281228154673,327.4069590672402,383.78829348833326,4971.667523689863,0.0,0.0,127.61776143698694,150.51878019056614,1219.3225461505406,0.0,18.056611975007308,54.86478642533562,22.0,30.0,0.0,18.18881093908241,53.92756717409762,16.0,30.0,0.0,18.067561196075546,54.66377959408961,22.0,30.0,0.0,18.111609606006789,54.75393230051314,16.0,30.0,0.0,15.649318398581637,65.0008802253175,12.0,30.0,0.0,17.386422901355397,58.00480884319663,16.0,30.0,0.0,16.888703730966179,59.7371746073229,10.0,30.0,0.0,16.606975169095656,61.189934256557339,12.0,30.0,0.0,16.07478371383357,63.076192899553308,12.0,30.0,0.0,17.355793083999904,0.0,0.0,0.0,15.345209550453588,0.0,0.0,476.10551686711428,457.86787648391626,469.0348910743372,479.5035519397012,516.6088610910165,505.4220039611954,499.95259505531387,519.0758714989693,506.47264834836155,0.0,81.01804334627167,81.01804334627167,60.0,0.0,60.0,60.0,16.0,16.0,16.0,12.0,12.0,12.0,21.0,10.0,0.0,0.0,0.0,0.0,0.0,0.0,0.0,0.0,0.0,0.0,0.0,0.0,0.0,81.01804334627167,81.01804334627167,0.0,0.0,0.0,81.01804334627167,0.0,0.0,0.00085 
 02/20  11:20:00,10.593333333333334,81.66666666666667,7.176666666666668,98.0,91.0,0.0,0.0,0.0,0.0,0.0,0.0,0.0,0.0,0.0,0.0,137.0,0.0,385.13254738652588,38.05892476551759,97.5248369741989,11.548140563327387,307.37158121216069,0.0,38.05892476551757,52.02943558248086,0.0,0.0,18.283017541996679,-14.084704887083717,18.390432514022899,-241.52646105408167,18.238437166816725,-249.2706893483437,18.293645555502594,-24.324704878067679,15.611372049462569,13.042434119377163,17.5019937047456,-48.61437449547884,16.85042280958517,-4.928162433551734,16.511295100542175,-17.45273015754293,16.33098561629035,-141.32481674543716,384.8439433138392,391.2665015650696,0.0,0.0,0.0,0.0,0.0,0.0,0.0,0.0,0.0,0.0,0.0,0.0,0.0,0.0,0.0,0.0,0.0,0.0,0.0,0.0,0.0,0.0,0.48028495540651358,0.14660712924496753,247.98488240776457,288.85084926106529,3710.7607888998866,0.0691483161330331,0.010553772303576481,145.86041725994634,169.9721633751991,2164.3647128229029,0.43535922227055098,0.08226742673290838,185.78682205606774,216.6186838861802,2704.0744501695619,0.09194781635369079,0.017374870815134309,95.64427749033733,111.39234300616818,1431.7380811670228,0.0,0.0,7.719150121356551,9.067158276353276,78.25684969056074,0.0,0.0,44.98445500394207,52.52382743782035,609.2075606530359,0.0,0.0,198.68565701904249,232.4357353883382,2479.8864285578545,0.0,0.0,9.007000409492381,10.548156385808813,106.57645926945733,0.0,0.0,122.53896242564615,143.7336325275187,1343.294102654053,42.60032021535046,29.218326622325429,284.26456880987828,332.1288210223403,4349.002700745983,0.0,0.0,128.87199611811676,151.52057853300784,1243.1480213768653,0.0,18.144590446040746,54.59241650555507,22.0,30.0,0.0,18.091324825720784,53.56051531479677,16.0,30.0,0.0,17.930025588715787,54.10606374663078,22.0,30.0,0.0,18.155034096840358,54.94945869275368,16.0,30.0,0.0,15.656107604322099,64.8479500887979,12.0,30.0,0.0,17.404674935288268,57.86476849989495,16.0,30.0,0.0,16.85746501813112,59.62778521238494,10.0,30.0,0.0,16.523779816601818,61.38276904084591,12.0,30.0,0.0,16.077478089423339,62.9311589160625,12.0,30.0,0.0,17.311015521739347,0.0,0.0,0.0,15.391887885359806,0.0,0.0,475.5307912382439,445.4265063974545,445.77254255745506,488.92589019697717,510.4175669561406,501.39245028815506,494.12388602056867,512.2641666055096,501.5781988478527,0.0,81.01804334627167,81.01804334627167,60.0,0.0,60.0,60.0,16.0,16.0,16.0,12.0,12.0,12.0,21.0,10.0,0.0,0.0,0.0,0.0,0.0,0.0,0.0,0.0,0.0,0.0,0.0,0.0,0.0,81.01804334627167,81.01804334627167,0.0,0.0,0.0,81.01804334627167,0.0,0.0,0.0008400000000000001 
 02/20  11:30:00,10.594999999999999,80.5,7.135,107.0,107.0,0.0,0.0,0.0,0.0,0.0,0.0,0.0,0.0,0.0,0.0,274.0,0.0,449.974973294325,41.482913866034859,106.29873452279108,13.492423849392424,359.1217903283084,0.0,41.482913866034838,56.71028827177929,0.0,0.0,18.16048121431809,-104.60889051962477,18.43565029180141,-139.45512300707788,18.247771893617008,-119.9468169533884,18.230269531312346,-130.30094173417434,15.617631980143763,13.05781710414017,17.5352658583704,-55.125997650147159,16.847010963550006,6.9939744823391269,16.46787021972879,-20.487353060279675,16.330707756857718,-122.40679420560105,387.6611010057377,368.584332630325,0.0,0.0,0.0,0.0,0.0,0.0,0.0,0.0,0.0,0.0,0.0,0.0,0.0,0.0,0.0,0.0,0.0,0.0,0.0,0.0,0.0,0.0,0.5025450231240431,0.15340202171063589,252.5077141620354,295.08497496086786,3682.285734188995,0.07731578264875891,0.011800333127099956,114.28767122529267,133.3464813210404,1705.52421717775,0.4774628150610818,0.09022351002665949,239.1854967286548,279.6390011292386,3523.8314570619015,0.08124467794468429,0.015352357888262333,134.19688407204849,156.95196478623479,1974.5155215755627,0.0,0.0,7.771562794505767,9.156346733390827,78.83327465185545,0.0,0.0,47.97009564411248,56.17504401808319,650.7127855647239,0.0,0.0,200.34224534241708,235.05061147934797,2505.622003964421,0.0,0.0,11.070924278266294,13.00466512862961,129.83640736725187,0.0,0.0,118.2562747947349,139.10662906218239,1298.66597784214,42.363723916102049,29.05605206865711,323.8447842206713,379.45278453710957,4875.397097620804,0.0,0.0,126.59764210171508,149.26322513078,1228.9503423623774,0.0,17.93945603833107,54.73083462536522,22.0,30.0,0.0,18.154986498625179,53.50527045230226,16.0,30.0,0.0,18.02200796493736,54.322543983151479,22.0,30.0,0.0,18.03905411115707,54.53864055744961,16.0,30.0,0.0,15.663240516325228,64.71533318378266,12.0,30.0,0.0,17.42128898249801,57.64318822320088,16.0,30.0,0.0,16.87484247634002,59.48373672067265,10.0,30.0,0.0,16.474622446779266,61.48780752819377,12.0,30.0,0.0,16.091689171294648,62.792767314808759,12.0,30.0,0.0,17.320094751335714,0.0,0.0,0.0,15.426845463731095,0.0,0.0,466.56569009107718,453.63250396971207,464.27172238497885,471.28699445647148,506.53152539238996,496.56524700225938,491.60581730573497,508.0366930819863,498.5452204072099,0.0,81.01804334627167,81.01804334627167,60.0,0.0,60.0,60.0,16.0,16.0,16.0,12.0,12.0,12.0,21.0,10.0,0.0,0.0,0.0,0.0,0.0,0.0,0.0,0.0,0.0,0.0,0.0,0.0,0.0,81.01804334627167,81.01804334627167,0.0,0.0,0.0,81.01804334627167,0.0,0.0,0.00083 
 02/20  11:40:00,10.596666666666668,79.33333333333333,7.093333333333334,103.5,156.5,0.0,0.0,0.0,0.0,0.0,0.0,0.0,0.0,0.0,0.0,137.0,0.0,604.9325429840618,41.87235943264184,107.29679921505306,18.138764365588938,482.7919189282992,0.0,41.872359432641818,57.242689887050868,0.0,0.0,18.05813999433414,-138.79439982098939,18.580433053885704,-14.853920945396766,18.269327447680025,-38.44436073411998,18.152746950422896,-171.97838878658787,15.63553867380247,12.74940059626769,17.62036770870545,-65.96199508682139,16.84508778570919,19.271359778113039,16.414596700319849,-20.545669565693119,16.33558044480819,-115.05759221039716,330.735762417311,344.2692784616611,0.0,0.0,0.0,0.0,0.0,0.0,0.0,0.0,0.0,0.0,0.0,0.0,0.0,0.0,0.0,0.0,0.0,0.0,0.0,0.0,0.0,0.0,0.5143993912875066,0.1570205712110826,131.92155286814603,153.884177224112,1886.845457524484,0.08317792307754188,0.012695043204753034,6.2312152752230889,7.255516471690752,96.5033843375319,0.5093594000077579,0.09625083144515459,205.69551107569218,239.61213505312444,3067.9572540398619,0.08083361815275371,0.01527468219061861,131.57318595336953,153.4117990461885,1908.3799112106379,0.0,0.0,7.834936160621067,9.202535714405356,79.81181531729571,0.0,0.0,49.363640769276219,57.62625975364904,674.8858871034972,0.0,0.0,200.2926359228553,234.28762543132795,2512.08121107944,0.0,0.0,12.038795654679065,14.1048155364125,139.59592211316059,0.0,0.0,113.92240032441717,133.6123633643249,1256.2411913424408,42.09288909234529,28.8702943020201,202.93634606686477,237.30908063600203,3177.2546243889607,0.0,0.0,123.18354030478189,144.80634983860294,1204.5910964647677,0.0,17.791886198622195,54.56282794385745,22.0,30.0,0.0,18.329575924818188,52.54404507377903,16.0,30.0,0.0,18.118860326488023,54.59887849012121,22.0,30.0,0.0,17.920535118842037,54.066233566450197,16.0,30.0,0.0,15.684500134146602,64.43521361408071,12.0,30.0,0.0,17.475059063354789,57.21569524031174,16.0,30.0,0.0,16.892244617598366,59.37430420634639,10.0,30.0,0.0,16.405641809726747,61.59099976420782,12.0,30.0,0.0,16.114322392911246,62.55018975201405,12.0,30.0,0.0,17.14026975312716,0.0,0.0,0.0,15.462975073275214,0.0,0.0,460.28460051911818,448.92383637260806,477.1133616644367,458.9935868051413,500.5305781776255,491.23926269991747,489.08186724663849,501.1502923820176,493.90363144059696,0.0,81.01804334627167,81.01804334627167,60.0,0.0,60.0,60.0,16.0,16.0,16.0,12.0,12.0,12.0,21.0,10.0,0.0,0.0,0.0,0.0,0.0,0.0,0.0,0.0,0.0,0.0,0.0,0.0,0.0,81.01804334627167,81.01804334627167,0.0,0.0,0.0,81.01804334627167,0.0,0.0,0.00082 
 02/20  11:50:00,10.598333333333333,78.16666666666667,7.051666666666667,100.0,205.99999999999998,0.0,0.0,0.0,0.0,0.0,0.0,0.0,0.0,0.0,0.0,274.0,0.0,721.8318501674467,42.193442925185248,108.11969179769533,21.643948189261953,576.0881732996204,0.0,42.193442925185227,57.6816353642237,0.0,0.0,18.127141915716828,-8.98124964099361,18.593217919543848,-289.7822201670615,18.15809484474256,-190.2050044138532,18.151721886034978,-81.89921704102653,15.651927724858812,12.171124603359332,17.711149532332237,-68.79013835593423,16.828218077830117,15.988872499750869,16.377576446177675,-21.2673428722685,16.33687685927169,-104.0792442573113,380.7343740720826,336.3787063223656,0.0,0.0,0.0,0.0,0.0,0.0,0.0,0.0,0.0,0.0,0.0,0.0,0.0,0.0,0.0,0.0,0.0,0.0,0.0,0.0,0.0,0.0,0.4750979205997908,0.14502378528687144,262.22670748026959,306.73952786291945,3855.1764217466427,0.05636927101034819,0.008603368591322986,147.21395588787594,172.1972859461497,2210.579729461445,0.49339532253270049,0.09323418793134933,275.1518628980115,321.71426737569137,3998.7421336365707,0.09704007736342181,0.018337127241765263,150.0792123537338,175.44154027207868,2189.676374305356,0.0,0.0,7.584150983813471,8.932569209981523,77.47222118743579,0.0,0.0,51.066224456484267,59.770836625234327,703.5931821411044,0.0,0.0,200.07141099722089,234.72610097355733,2501.059473845349,0.0,0.0,13.482436914402755,15.842868066337083,155.20989464466033,0.0,0.0,113.23096404501576,133.1942859588444,1250.7394006808723,41.90102622632844,28.738701115451616,355.1236531052485,416.41357709416459,5269.908650608137,0.0,0.0,124.14850632512568,146.3409696241391,1228.1510681910737,0.0,18.00404690670082,53.69967157171061,22.0,30.0,0.0,18.206501293795946,52.31311518745121,16.0,30.0,0.0,17.929716071871359,53.90121437253451,22.0,30.0,0.0,17.969189797344968,54.33036840154476,16.0,30.0,0.0,15.702734239452312,64.25435324841907,12.0,30.0,0.0,17.534515347342255,56.891285514959339,16.0,30.0,0.0,16.875301108943295,59.07909652488989,10.0,30.0,0.0,16.367509468670077,61.59408981102178,12.0,30.0,0.0,16.12841859175792,62.2986172107158,12.0,30.0,0.0,17.289657894995636,0.0,0.0,0.0,15.524777334339099,0.0,0.0,456.3166842128951,446.5536005378206,455.1351243001411,467.41764784961296,497.433316173863,488.06450026835969,483.23523560786858,496.9386879239761,489.979390094549,0.0,81.01804334627167,81.01804334627167,60.0,0.0,60.0,60.0,16.0,16.0,16.0,12.0,12.0,12.0,21.0,10.0,0.0,0.0,0.0,0.0,0.0,0.0,0.0,0.0,0.0,0.0,0.0,0.0,0.0,81.01804334627167,81.01804334627167,0.0,0.0,0.0,81.01804334627167,0.0,0.0,0.00083 
 02/20  12:00:00,10.6,77.0,7.01,96.5,255.5,0.0,0.0,0.0,0.0,0.0,0.0,0.0,0.0,0.0,0.0,137.0,0.0,911.5765563737199,43.51129824334019,111.49675676841977,27.33336304737888,727.5215337258413,0.0,43.51129824334017,59.48324349701826,0.0,0.0,18.147121824095718,5.852530868490248,18.670824546298669,-312.3488296998157,18.10073867237397,-190.39846928011139,18.165398138116936,-24.214805400332808,15.68432057122131,11.950423403515658,17.85979480740584,-78.71001080123847,16.82838997138286,17.637100031469346,16.333457862105115,-21.267079635080508,16.34250158454202,-104.19407809500945,360.79253135365436,327.5096756459129,0.0,0.0,0.0,0.0,0.0,0.0,0.0,0.0,0.0,0.0,0.0,0.0,0.0,0.0,0.0,0.0,0.0,0.0,0.0,0.0,0.0,0.0,0.47785694251883428,0.14586597756985174,212.80494532450289,247.9945790238862,3156.433592351037,0.05892648428802412,0.00899366365812334,160.34902341173129,186.8439917491726,2409.035650734668,0.4798768848431904,0.09067968345487351,149.21548532815738,174.06451567874908,2153.0614492966367,0.10463370643490959,0.019772053370164315,107.12925496530107,124.84391243753169,1575.2052916478743,0.0,0.0,7.595905198750184,8.92025769561265,78.21206533733263,0.0,0.0,52.035536900957428,60.711230620467798,728.9415153361695,0.0,0.0,201.0540912065672,235.20715770567277,2518.793402061453,0.0,0.0,14.382486112972995,16.856970444804675,164.0666822284104,0.0,0.0,112.96398900304462,132.48009675529915,1252.357493538088,41.65519125362918,28.570090023065288,257.7151330166767,301.27264540411178,3933.7704389015427,0.0,0.0,124.91451923555576,146.7782635516776,1253.5696410209762,0.0,18.081842866225015,53.30289693158503,22.0,30.0,0.0,18.195845059948974,51.60949625707415,16.0,30.0,0.0,17.866168830948298,52.78044119092611,22.0,30.0,0.0,18.02460201703912,54.43395857857911,16.0,30.0,0.0,15.744216994806396,63.86335223837401,12.0,30.0,0.0,17.65294667528759,56.22268528237163,16.0,30.0,0.0,16.888665576491005,58.70851835779539,10.0,30.0,0.0,16.3127479256437,61.566896393173788,12.0,30.0,0.0,16.148231257799997,61.9946607392068,12.0,30.0,0.0,17.233288244841608,0.0,0.0,0.0,15.597414570794888,0.0,0.0,457.11709961214907,439.41961140867616,440.914607152844,468.863722347019,491.8844892330411,482.3416977013824,478.8574677888959,490.9553648431669,485.82643845929757,0.0,81.01804334627167,81.01804334627167,60.0,0.0,60.0,60.0,16.0,16.0,16.0,12.0,12.0,12.0,21.0,10.0,0.0,0.0,0.0,0.0,0.0,0.0,0.0,0.0,0.0,0.0,0.0,0.0,0.0,81.01804334627167,81.01804334627167,0.0,0.0,0.0,81.01804334627167,0.0,0.0,0.0008400000000000001 
 02/20  12:10:00,10.686666666666668,75.66666666666667,7.013333333333334,93.0,305.0,0.0,0.0,0.0,0.0,0.0,0.0,0.0,0.0,0.0,0.0,137.0,0.0,1043.281031152456,43.79310479001853,112.21900448096304,31.282472040741557,832.6336282975995,0.0,43.79310479001851,59.868494411421568,0.0,0.0,18.02056729160425,-93.12552120327473,18.837063869326273,-195.64865786384008,18.16768159040688,-18.861783973126877,18.061903791619359,-190.02284308807976,15.715918572918877,12.460302063226039,18.002690697126618,-100.78185012614768,16.851118969951103,37.89846785024747,16.2991735092993,-20.129976812725375,16.350248353731645,-89.15776076476914,355.3417049203945,305.68065705877009,0.0,0.0,0.0,0.0,0.0,0.0,0.0,0.0,0.0,0.0,0.0,0.0,0.0,0.0,0.0,0.0,0.0,0.0,0.0,0.0,0.0,0.0,0.4677596840041374,0.1427837863260493,190.7841151462746,222.55759953008113,2713.950828908948,0.07428264707155231,0.011337400346696019,86.19943795390835,100.37845382163332,1309.6185868696412,0.5679270432839375,0.1073180353900109,288.44253155209688,336.1412710111478,4213.286623588003,0.08769015704057325,0.01657032445966992,152.8847484920195,178.35974641639133,2162.5701279819256,0.0,0.0,7.975852936529552,9.365702757886512,81.38403412231071,0.0,0.0,55.772531316805579,65.05163915354882,783.3881786983648,0.0,0.0,206.14685959484587,241.12493434733174,2570.535814666634,0.0,0.0,15.729346273962245,18.43897420412017,175.58360904135663,0.0,0.0,109.95483714777819,128.9469981519232,1205.2951031918465,41.625521334345439,28.54974028418755,285.6635839917054,334.00965054359878,4247.867896036762,0.0,0.0,123.22778622998715,144.7757792923867,1230.6020692044752,0.0,17.855055936351996,53.06279926637835,22.0,30.0,0.0,18.368603729612866,51.360371199339997,16.0,30.0,0.0,18.05581107122943,53.892710741089128,22.0,30.0,0.0,17.827334897650123,53.25337760544433,16.0,30.0,0.0,15.784963647838606,63.4850477981491,12.0,30.0,0.0,17.76113342580904,55.61144716829737,16.0,30.0,0.0,16.947004153490608,58.428202942996758,10.0,30.0,0.0,16.27565263042904,61.5285494973581,12.0,30.0,0.0,16.172662194925264,61.735994090069969,12.0,30.0,0.0,17.238825594775585,0.0,0.0,0.0,15.660526500209907,0.0,0.0,447.61570646086957,449.2888631792475,463.67343260628339,451.4441871951883,487.73072386360027,479.5672532952248,477.0324700510341,486.2480948364671,481.8567105979398,0.0,81.01804334627167,81.01804334627167,60.0,0.0,60.0,60.0,16.0,16.0,16.0,12.0,12.0,12.0,21.0,10.0,0.0,0.0,0.0,0.0,0.0,0.0,0.0,0.0,0.0,0.0,0.0,0.0,0.0,81.01804334627167,81.01804334627167,0.0,0.0,0.0,81.01804334627167,0.0,0.0,0.00085 
 02/20  12:20:00,10.773333333333334,74.33333333333334,7.0166666666666679,89.5,354.5,0.0,0.0,0.0,0.0,0.0,0.0,0.0,0.0,0.0,0.0,274.0,0.0,1180.5050497484268,44.058596420622908,112.89944436584534,35.3970813900916,942.1508067457024,0.0,44.058596420622887,60.231441598640397,0.0,0.0,18.090723819108,31.36939259414521,18.92306719890832,-368.5623356307019,18.082782195720669,-151.48054233372933,18.075194823748434,-53.81896258887946,15.746203186836667,12.631316587422433,18.15096844754334,-109.81531106615921,16.84740526317276,36.80221514093,16.27303303957879,-17.715882188953317,16.358590745001629,-74.27132627349147,364.14219948113989,305.5934949300879,0.0,0.0,0.0,0.0,0.0,0.0,0.0,0.0,0.0,0.0,0.0,0.0,0.0,0.0,0.0,0.0,0.0,0.0,0.0,0.0,0.0,0.0,0.4383704719839139,0.1338127203858101,250.8535438797672,293.4000716951574,3617.86532625586,0.03275053389578417,0.004998555234399293,178.7975732113013,208.95541640707337,2669.720016012816,0.5081790977641783,0.09602779625173441,259.494165955366,303.47594314064397,3672.462435114606,0.10883778482184092,0.02056647483405912,146.28921628999513,171.15228979943624,2066.6982042723846,0.0,0.0,7.8539456946977019,9.247858643191972,79.28977716443234,0.0,0.0,60.03316318681771,70.19712044717292,844.6538691476319,0.0,0.0,208.103722991656,244.12674680530757,2558.0480548725356,0.0,0.0,16.57251367562021,19.484707338580266,181.32082548085459,0.0,0.0,110.91159298625229,130.45048286945798,1201.0169105377625,41.58968684793614,28.52516244714414,341.3328631756169,400.3279881449438,4953.402950150837,0.0,0.0,125.42307060305629,147.75627007174905,1247.7310372963607,0.0,18.051199336510249,52.358539153346857,22.0,30.0,0.0,18.3369746457876,50.797958276827689,16.0,30.0,0.0,17.91054802999317,52.910155054563727,22.0,30.0,0.0,17.90517647727824,53.53761062881828,16.0,30.0,0.0,15.81965750699675,63.1788199016154,12.0,30.0,0.0,17.86455217400799,55.01467770714488,16.0,30.0,0.0,16.94667181224813,58.06350804378762,10.0,30.0,0.0,16.252815445038004,61.40775327639952,12.0,30.0,0.0,16.195352756516735,61.368612192297238,12.0,30.0,0.0,17.292989612853675,0.0,0.0,0.0,15.731228194275247,0.0,0.0,448.83372992131469,442.26821963481998,448.88752650562778,456.6401233934058,484.79029699932758,475.8290468585828,472.6670879547873,482.85630614569296,478.53909190144807,0.0,81.01804334627167,81.01804334627167,60.0,0.0,60.0,60.0,16.0,16.0,16.0,12.0,12.0,12.0,21.0,10.0,0.0,0.0,0.0,0.0,0.0,0.0,0.0,0.0,0.0,0.0,0.0,0.0,0.0,81.01804334627167,81.01804334627167,0.0,0.0,0.0,81.01804334627167,0.0,0.0,0.0008466666666666667 
 02/20  12:30:00,10.86,73.0,7.02,86.0,404.0,0.0,0.0,0.0,0.0,0.0,0.0,0.0,0.0,0.0,0.0,137.0,0.0,1365.4126131551296,46.06429969051499,118.03907570473257,40.941456289763298,1089.7236886800784,0.0,46.06429969051497,62.97339003048287,0.0,0.0,18.13503682219241,39.50927146456252,19.053941656068234,-424.8247847435023,18.041859165354773,-150.13354828440516,18.103364833429809,-20.21135856961064,15.794302304175205,12.314777200044489,18.356243328536217,-129.8370161936391,16.86603642655705,41.823968326326397,16.24371980090444,-17.037168869642075,16.37311193672102,-75.17065287150263,345.45591753558258,298.4469373312231,0.0,0.0,0.0,0.0,0.0,0.0,0.0,0.0,0.0,0.0,0.0,0.0,0.0,0.0,0.0,0.0,0.0,0.0,0.0,0.0,0.0,0.0,0.42408082996935356,0.12945080279894798,187.64764329817579,218.69835184947224,2715.1395284464367,0.027821563537616658,0.004246270381199123,184.45656233103609,214.8691966555405,2739.9166117076576,0.5049216730359136,0.09541225869915227,115.1315125487712,134.34225483963463,1604.4344257673425,0.11391628704020404,0.02152613133790703,120.90467046230883,140.96153542187828,1704.1884693146363,0.0,0.0,7.920711852363517,9.29902816267666,79.60643862382969,0.0,0.0,61.704014502601157,71.91198567699746,878.9007679995234,0.0,0.0,210.90537253577834,246.70475443842558,2574.2215522789576,0.0,0.0,17.3451573969581,20.340147592934359,185.7627135753515,0.0,0.0,111.22423321830357,130.432318239641,1192.4475594556957,41.546942776393539,28.49584552564715,248.27591489109219,290.3077841260596,3674.115053061751,0.0,0.0,126.79024922812727,148.90478965300376,1259.500663395119,0.0,18.160277756423559,51.6433414747909,22.0,30.0,0.0,18.376062192932929,49.89495226420405,16.0,30.0,0.0,17.869192621157443,51.700596732706539,22.0,30.0,0.0,17.976045969921669,53.546734866694539,16.0,30.0,0.0,15.882887536048147,62.61701253282529,12.0,30.0,0.0,18.041063766695527,54.116042798783649,16.0,30.0,0.0,16.988152371338534,57.502903134454779,10.0,30.0,0.0,16.220110075240016,61.174276685584008,12.0,30.0,0.0,16.225951058562786,60.924130356175158,12.0,30.0,0.0,17.260192857049874,0.0,0.0,0.0,15.809872515369376,0.0,0.0,447.22082449643048,437.0221831997516,439.10578609661737,458.7901497759991,480.01280345518509,471.90722105337457,468.154784552246,477.52566355552679,474.3145120195063,0.0,81.01804334627167,81.01804334627167,60.0,0.0,60.0,60.0,16.0,16.0,16.0,12.0,12.0,12.0,21.0,10.0,0.0,0.0,0.0,0.0,0.0,0.0,0.0,0.0,0.0,0.0,0.0,0.0,0.0,81.01804334627167,81.01804334627167,0.0,0.0,0.0,81.01804334627167,0.0,0.0,0.0008433333333333333 
 02/20  12:40:00,10.946666666666666,71.66666666666667,7.023333333333333,86.33333333333334,432.1666666666667,0.0,0.0,0.0,0.0,0.0,0.0,0.0,0.0,0.0,0.0,137.0,0.0,1469.9797534144275,46.99645649935997,120.42776090465157,44.07685949901282,1173.17770029958,0.0,46.99645649935995,64.2477190594131,0.0,0.0,18.052772364941548,-32.37574541585491,19.22568519456541,-359.48781284578856,18.108491247132429,-0.609481144716483,18.02774844723706,-156.08990486907443,15.835691463338094,12.77655508425255,18.530259818182729,-156.32763548654976,16.89979733934322,59.99246916065931,16.220994512050305,-14.70837333812301,16.386592705387309,-62.654266374557668,340.75664618369776,285.26827656933485,0.0,0.0,0.0,0.0,0.0,0.0,0.0,0.0,0.0,0.0,0.0,0.0,0.0,0.0,0.0,0.0,0.0,0.0,0.0,0.0,0.0,0.0,0.40894652532687467,0.12483105168708018,214.1893326191387,249.8103288077153,2999.3037386691005,0.04170717927347454,0.006365564602178654,142.3800341846426,165.76136057822468,2133.7526873685867,0.585709930425262,0.11067836931694297,293.1591767615144,341.766781192011,4126.095994504634,0.10026474573687257,0.0189464750069676,131.77760713520468,153.78433312387529,1796.7935351087013,0.0,0.0,8.246641968753354,9.680640309923595,82.30858881346419,0.0,0.0,65.81998371901234,76.67871346813654,944.2019806085755,0.0,0.0,216.75243239516798,253.49581061462284,2637.909707334516,0.0,0.0,18.991857794698686,22.27427134651329,199.34248954640655,0.0,0.0,110.10928621960849,129.1193826189242,1167.793881350814,41.53180197970878,28.485460891432646,290.46006764375479,339.67675946000528,4162.763150243013,0.0,0.0,126.7418947541904,148.82381424900755,1255.495263232383,0.0,18.010443610992174,51.29496187442304,22.0,30.0,0.0,18.532481114272856,49.64500939345604,16.0,30.0,0.0,18.046478352141027,52.61430706810061,22.0,30.0,0.0,17.828273330423785,52.03919119708641,16.0,30.0,0.0,15.9354860785105,62.12244515112091,12.0,30.0,0.0,18.182441721038879,53.31148169334481,16.0,30.0,0.0,17.058345054288688,57.10548003014482,10.0,30.0,0.0,16.198995300549574,61.02722208676417,12.0,30.0,0.0,16.255106775389167,60.619307458047547,12.0,30.0,0.0,17.27747228339702,0.0,0.0,0.0,15.88379815104695,0.0,0.0,440.7433789865831,442.78671602715846,452.77325899466777,444.2375722134118,476.22919353286098,468.0720025869243,466.7115229411042,474.4495094469195,472.0577644678502,0.0,81.01804334627167,81.01804334627167,60.0,0.0,60.0,60.0,16.0,16.0,16.0,12.0,12.0,12.0,21.0,10.0,0.0,0.0,0.0,0.0,0.0,0.0,0.0,0.0,0.0,0.0,0.0,0.0,0.0,81.01804334627167,81.01804334627167,0.0,0.0,0.0,81.01804334627167,0.0,0.0,0.0008400000000000001 
 02/20  12:50:00,11.033333333333332,70.33333333333333,7.026666666666666,86.66666666666667,460.33333333333339,0.0,0.0,0.0,0.0,0.0,0.0,0.0,0.0,0.0,0.0,137.0,0.0,1575.5374907296865,47.90118560328556,122.74615967467105,47.241964583904778,1257.4222893044542,0.0,47.90118560328553,65.48455233629382,0.0,0.0,18.160116844603388,81.55291201962064,19.301247729406076,-550.9192446207162,17.995745462143789,-181.22896728701563,18.08388844808608,6.886609967543336,15.877861114582018,12.514945825865368,18.711685362254749,-169.18241808598033,16.901099362526439,51.20085552675391,16.202226782183346,-11.742572369397749,16.40085434898407,-55.90272038440844,366.34750278854519,287.6425507105969,0.0,0.0,0.0,0.0,0.0,0.0,0.0,0.0,0.0,0.0,0.0,0.0,0.0,0.0,0.0,0.0,0.0,0.0,0.0,0.0,0.0,0.0,0.4236823345487642,0.12932916195017223,252.24207708922729,293.9337134004307,3609.165931475497,0.0,0.0,232.78176739395912,271.11397550711606,3421.3798592948298,0.46878535260093059,0.08858377789133235,188.88314624653806,220.45932170209884,2550.9258577078628,0.1260313655929619,0.023815450792320837,175.85915872186386,205.0703290622117,2418.365892025527,0.0,0.0,7.9697609948014149,9.35457837262001,78.97881585779239,0.0,0.0,68.51187269442925,79.77778331327215,991.429846657494,0.0,0.0,218.5381206773223,255.6071774236634,2621.8069690563195,0.0,0.0,19.673485576119086,23.076865218910478,202.51696334382187,0.0,0.0,113.97616175516244,133.6523836293992,1195.4241998464036,41.50299803672859,28.465705100636904,349.9349048504111,409.0627548538407,4928.045693385128,0.0,0.0,130.98277429418565,153.75929033315877,1300.3517339642972,0.0,18.258792452541188,50.715155026762527,22.0,30.0,0.0,18.473741798990095,49.072330035281208,16.0,30.0,0.0,17.837965648316698,51.243070808795909,22.0,30.0,0.0,17.977278525613447,52.859006603904479,16.0,30.0,0.0,15.987302593460054,61.668290319448029,12.0,30.0,0.0,18.336458215851825,52.59681485663764,16.0,30.0,0.0,17.057676760405035,56.780687873732428,10.0,30.0,0.0,16.183674941546334,60.76035423313731,12.0,30.0,0.0,16.283220498139494,60.17504434308337,12.0,30.0,0.0,17.39211998072631,0.0,0.0,0.0,15.982997889088559,0.0,0.0,444.6292162299975,436.79725583991969,438.05540206966699,453.1681799864073,473.1501388623284,465.95131476144948,463.7581138109337,470.76918684098777,468.5280081234191,0.0,81.01804334627167,81.01804334627167,60.0,0.0,60.0,60.0,16.0,16.0,16.0,12.0,12.0,12.0,21.0,10.0,0.0,0.0,0.0,0.0,0.0,0.0,0.0,0.0,0.0,0.0,0.0,0.0,0.0,81.01804334627167,81.01804334627167,0.0,0.0,0.0,81.01804334627167,0.0,0.0,0.0008566666666666667 
 02/20  13:00:00,11.12,69.0,7.03,87.0,488.5,0.0,0.0,0.0,0.0,0.0,0.0,0.0,0.0,0.0,0.0,137.0,0.0,1681.6046182064866,48.771995223846229,124.97763653162787,50.42234271156124,1342.073408747941,0.0,48.771995223846207,66.67501510781742,0.0,0.0,18.052082061522943,-27.673267971807947,19.511016106273659,-391.158613704466,18.085839217012678,29.152727352891817,18.02499831210285,-132.70965804406206,15.922344274184895,13.132721200148297,18.888159696642356,-202.1640257732388,16.95442924832338,80.2326135506255,16.1875041685229,-8.102255225854947,16.420382841334069,-42.15881949904133,332.11425302640239,268.3430945756172,0.0,0.0,0.0,0.0,0.0,0.0,0.0,0.0,0.0,0.0,0.0,0.0,0.0,0.0,0.0,0.0,0.0,0.0,0.0,0.0,0.0,0.0,0.3628682952061523,0.11076565787733589,244.92789582429453,285.67442709245275,3360.378478354973,0.02320171685467622,0.0035411655761105346,150.0424938123423,174.60798989338697,2247.364324682324,0.6285182268682257,0.11876761656618025,328.39218123544978,382.89088611187148,4520.338228981459,0.10905606879083213,0.020607722749590344,135.88841877036863,158.59549961106968,1812.9041304913665,0.0,0.0,8.493865756310973,9.968633814589444,83.60947686662041,0.0,0.0,72.28286197232802,84.13603063673857,1052.731514159148,0.0,0.0,224.99804898591894,263.08486540240809,2706.5737887142238,0.0,0.0,21.28442405994735,24.968994872555308,215.038807426144,0.0,0.0,111.3757100498307,130.59415703361587,1157.0554828046925,41.49119329628206,28.457608570838187,325.7010686654539,380.890263185383,4510.918060906866,0.0,0.0,129.3747238218255,151.84950803507594,1278.917788953398,0.0,18.04444742802821,50.62194235037649,22.0,30.0,0.0,18.70709858063745,48.52034256146736,16.0,30.0,0.0,18.064456308456916,51.868959340651759,22.0,30.0,0.0,17.853327473534795,51.34243613296102,16.0,30.0,0.0,16.04154124843495,61.17042106522583,12.0,30.0,0.0,18.473636405081888,51.88012939676439,16.0,30.0,0.0,17.1627196175224,56.1889434543414,10.0,30.0,0.0,16.174240290886276,60.55503098401487,12.0,30.0,0.0,16.320410066829056,59.83049998022692,12.0,30.0,0.0,17.323585279458518,0.0,0.0,0.0,16.049516545833027,0.0,0.0,439.48673003771696,440.1714190794923,448.4881344424681,441.4307066719523,470.0422678581476,463.3215793449195,461.8382566331084,468.21475293319579,466.57767931659438,0.0,81.01804334627167,81.01804334627167,60.0,0.0,60.0,60.0,16.0,16.0,16.0,12.0,12.0,12.0,21.0,10.0,0.0,0.0,0.0,0.0,0.0,0.0,0.0,0.0,0.0,0.0,0.0,0.0,0.0,81.01804334627167,81.01804334627167,0.0,0.0,0.0,81.01804334627167,0.0,0.0,0.0008733333333333334 
 02/20  13:10:00,11.2,68.66666666666667,7.016666666666667,87.33333333333333,516.6666666666667,0.0,0.0,0.0,0.0,0.0,0.0,0.0,0.0,0.0,0.0,274.0,0.0,1787.7027101388149,49.602362635060419,127.10547670354885,53.603648443405678,1426.749231338837,0.0,49.602362635060398,67.81019031304821,0.0,0.0,18.153638783467018,106.61976558533661,19.60943794557118,-586.9193572340905,18.052399598068449,-56.89994155413751,18.05344166838173,-11.94294324393411,15.962868189933904,13.711705448188951,19.060680228692126,-209.94470610547638,16.97084133618874,80.73495079056466,16.177805943687774,-2.889944450095811,16.439517619270679,-25.673821200657814,332.07117324240655,277.10005541112926,0.0,0.0,0.0,0.0,0.0,0.0,0.0,0.0,0.0,0.0,0.0,0.0,0.0,0.0,0.0,0.0,0.0,0.0,0.0,0.0,0.0,0.0,0.38637832374957628,0.11794210126665941,251.58585491930269,294.02981918470189,3524.4683932890804,0.0,0.0,229.51546123017989,267.9703571427059,3381.070203364802,0.5451586870763259,0.1030156249199407,202.74287159242659,237.0262259593925,2739.299922314379,0.1252110783901773,0.02366044565196094,112.79596406196926,132.12774397168438,1504.8968549729405,0.0,0.0,8.283600729680174,9.746791873102503,80.89790013480703,0.0,0.0,75.27512544224556,87.82204215765253,1102.0784033192613,0.0,0.0,228.88447979847789,268.34665977016979,2725.702962905517,0.0,0.0,22.24851115975946,26.171788455551309,221.03706045340929,0.0,0.0,115.93845962909336,136.3145091695404,1192.8258434790546,41.434863240417488,28.418973415924215,289.7873849969262,339.8983974788815,4045.9258608823176,0.0,0.0,134.60954006933455,158.37651969923068,1337.6454329948106,0.0,18.278054237034206,49.63980981978342,22.0,30.0,0.0,18.672945292993469,48.00020261978511,16.0,30.0,0.0,18.00598351988935,50.71864341576448,22.0,30.0,0.0,17.938440294739747,51.81920503115405,16.0,30.0,0.0,16.085393101841239,60.76222005371716,12.0,30.0,0.0,18.59887367513646,51.17052213910391,16.0,30.0,0.0,17.185002139534129,55.72309906765339,10.0,30.0,0.0,16.172131749611688,60.26641399514854,12.0,30.0,0.0,16.353324143310709,59.335460431979239,12.0,30.0,0.0,17.35670336930147,0.0,0.0,0.0,16.159950193211914,0.0,0.0,439.51692097403238,437.18950337292167,440.6794845305615,446.48898803363286,467.77655911867466,460.63789026575628,458.93521635125139,465.58621441977996,463.4457840072588,0.0,81.01804334627167,81.01804334627167,60.0,0.0,60.0,60.0,16.0,16.0,16.0,12.0,12.0,12.0,21.0,10.0,0.0,0.0,0.0,0.0,0.0,0.0,0.0,0.0,0.0,0.0,0.0,0.0,0.0,81.01804334627167,81.01804334627167,0.0,0.0,0.0,81.01804334627167,0.0,0.0,0.0008900000000000001 
 02/20  13:20:00,11.280000000000002,68.33333333333334,7.003333333333334,87.66666666666667,544.8333333333333,0.0,0.0,0.0,0.0,0.0,0.0,0.0,0.0,0.0,0.0,137.0,0.0,1893.3542725606063,50.38574510212205,129.11291416159106,56.77156428073319,1511.068673420552,0.0,50.38574510212203,68.88113353747049,0.0,0.0,18.220840453804774,99.03905627442873,19.727135477527207,-654.399852397215,18.104398898567426,15.889117387144325,18.090766956172275,-6.369880559819649,16.018145404788919,13.635353339810877,19.269843331050497,-234.6022437388824,17.009242849228437,82.55272655161389,16.17037906663211,-0.6269571685340907,16.46783754092462,-24.92493312868328,291.4260159896339,270.477545281492,0.0,0.0,0.0,0.0,0.0,0.0,0.0,0.0,0.0,0.0,0.0,0.0,0.0,0.0,0.0,0.0,0.0,0.0,0.0,0.0,0.0,0.0,0.3877900450441938,0.11837302962276979,231.77655604442183,269.98280744483938,3271.6989339520289,0.0,0.0,232.2684506630495,270.33789409987386,3401.053826536296,0.5465372159007933,0.1032761178950857,137.43285159981356,160.24118797283249,1869.1455820097595,0.12177422573177392,0.023011002594817439,115.33072636981898,134.5003647113985,1537.6436289494619,0.0,0.0,8.371303545038089,9.820683830327767,81.60217950630524,0.0,0.0,76.68413385196493,89.16277435955775,1139.0825096241723,0.0,0.0,232.13355163698123,271.3504623460426,2757.2248018672296,0.0,0.0,23.03961828026425,27.02814131999747,225.2874875898268,0.0,0.0,117.30268031434824,137.5057106083691,1199.5204833265496,41.347034948546987,28.35873453261111,189.3494440747644,221.460655960665,2732.6156345070828,0.0,0.0,136.5187472838144,160.1196109084532,1361.1930411696883,0.0,18.413152447202266,48.96641410987303,22.0,30.0,0.0,18.69945890495276,47.30147234717479,16.0,30.0,0.0,18.130180854830305,49.89481950434049,22.0,30.0,0.0,18.01183106387394,51.15455328308601,16.0,30.0,0.0,16.156245801055634,60.05828015159654,12.0,30.0,0.0,18.789994653565903,50.1786671047728,16.0,30.0,0.0,17.249103883531807,55.10042625443441,10.0,30.0,0.0,16.17182006051817,59.8078040490312,12.0,30.0,0.0,16.400815379106775,58.75456799778398,12.0,30.0,0.0,17.261350421598026,0.0,0.0,0.0,16.2568105443316,0.0,0.0,439.22215978007037,435.5058753238492,438.8515497291611,443.95902396927149,464.0156021820235,457.47450989545197,456.23548353257947,461.8494432253929,460.35506379534487,0.0,81.01804334627167,81.01804334627167,60.0,0.0,60.0,60.0,16.0,16.0,16.0,12.0,12.0,12.0,21.0,10.0,0.0,0.0,0.0,0.0,0.0,0.0,0.0,0.0,0.0,0.0,0.0,0.0,0.0,81.01804334627167,81.01804334627167,0.0,0.0,0.0,81.01804334627167,0.0,0.0,0.0008966666666666667 
 02/20  13:30:00,11.36,68.0,6.99,88.0,573.0,0.0,0.0,0.0,0.0,0.0,0.0,0.0,0.0,0.0,0.0,137.0,0.0,1998.0789372496466,51.115587555184458,130.98315128575363,59.91168654422397,1594.6483574511445,0.0,51.11558755518443,69.87888350363284,0.0,0.0,18.148676099681855,23.271194105235737,19.924223860335208,-560.4808169351245,18.141989631035075,43.10859164851172,18.117364689702755,-5.74487247285424,16.069699060498967,14.118599165276465,19.46246873652839,-264.3435759032591,17.05905603413131,99.80788244560972,16.16599424984127,3.8822806981836495,16.49236400839739,-13.020671297716035,280.7909325741439,258.0704150098363,0.0,0.0,0.0,0.0,0.0,0.0,0.0,0.0,0.0,0.0,0.0,0.0,0.0,0.0,0.0,0.0,0.0,0.0,0.0,0.0,0.0,0.0,0.333068228168732,0.10166917831768377,220.49160414096418,256.9832892676541,3012.829567273078,0.0,0.0,174.39150578348828,202.81476474109307,2589.075418726285,0.5771908702008655,0.10906856957688316,171.59131012645063,199.99429984088659,2333.2635375070215,0.12369521832660779,0.02337400195136201,95.96521308563283,111.90584175296576,1273.395847271869,0.0,0.0,8.705517662952382,10.21051535488993,84.50572087345441,0.0,0.0,79.49625719594822,92.38283230258408,1191.4752429560686,0.0,0.0,237.64975542966767,277.70796194261296,2825.0528377419448,0.0,0.0,24.03291311942167,28.192738758453296,231.33418878252773,0.0,0.0,117.46905122203664,137.67988368324945,1191.5556126596098,41.32408319632481,28.342992590071895,175.87499456255203,205.69448198795804,2538.35992375473,0.0,0.0,137.27052418122637,160.9490282709948,1370.7563386286177,0.0,18.263034902486309,48.84708308232894,22.0,30.0,0.0,18.887982158535914,47.05662917631445,16.0,30.0,0.0,18.215543249289774,49.65027645344301,22.0,30.0,0.0,18.060129748725975,50.301272033799509,16.0,30.0,0.0,16.217224817489176,59.4856167867194,12.0,30.0,0.0,18.942316396325329,49.44701471942403,16.0,30.0,0.0,17.33627963215157,54.56386261091667,10.0,30.0,0.0,16.175633967115265,59.456299175068988,12.0,30.0,0.0,16.44055150132193,58.29691583358948,12.0,30.0,0.0,17.26199121530959,0.0,0.0,0.0,16.346341466787064,0.0,0.0,437.3428748709486,438.6421640966398,439.894945088879,440.35863738979756,461.34195465535557,455.6940152720316,454.62813267886107,459.33865637968736,458.13555114770676,0.0,81.01804334627167,81.01804334627167,60.0,0.0,60.0,60.0,16.0,16.0,16.0,12.0,12.0,12.0,21.0,10.0,0.0,0.0,0.0,0.0,0.0,0.0,0.0,0.0,0.0,0.0,0.0,0.0,0.0,81.01804334627167,81.01804334627167,0.0,0.0,0.0,81.01804334627167,0.0,0.0,0.0009033333333333332 
 02/20  13:40:00,11.44,67.66666666666667,6.976666666666667,89.66666666666667,554.0,0.0,0.0,0.0,0.0,0.0,0.0,0.0,0.0,0.0,0.0,274.0,0.0,1971.8229272317286,51.004396694913648,130.69815291080605,59.12440248280357,1573.6936026779745,0.0,51.00439669491362,69.72687716773491,0.0,0.0,18.231974083095893,122.20877969713729,19.989436989255098,-671.8578458170359,18.08659224663012,-46.501408009592527,18.13266245218304,-11.05260323804805,16.106080305366676,14.964452542747154,19.590755126351789,-273.6668513070506,17.08695852339673,106.8640353394585,16.164826049737394,10.83648754561142,16.517856832888549,8.547069726685095,338.7853428842236,261.1104016652548,0.0,0.0,0.0,0.0,0.0,0.0,0.0,0.0,0.0,0.0,0.0,0.0,0.0,0.0,0.0,0.0,0.0,0.0,0.0,0.0,0.0,0.0,0.32856198652436566,0.10029364668020929,249.1052474767049,290.90259151520578,3449.432964414223,0.0,0.0,233.5549181149528,272.4174512623362,3420.0988187295708,0.5739955259073735,0.10846476302104567,172.71151729841459,201.71889155567954,2290.65234500197,0.12167009696184411,0.022991325956508707,79.8605708014928,93.49037100140557,1051.2173061180052,0.0,0.0,8.578737517897615,10.087616050543394,82.52860445543071,0.0,0.0,82.54628473832577,96.15230611658103,1240.5144883216413,0.0,0.0,241.7251732775531,283.19867322531766,2852.309593800758,0.0,0.0,24.991457415362235,29.39581714571245,236.89641447569665,0.0,0.0,120.91323296355611,142.08970065342715,1216.0570739345108,41.29500285102776,28.323047222927145,269.70262741201659,316.13519890288048,3727.0131473407429,0.0,0.0,141.49930752041468,166.29822121541589,1420.9169815215988,0.0,18.44422917564849,48.37765929350263,22.0,30.0,0.0,18.87414823964552,46.8097069256179,16.0,30.0,0.0,18.11182636709624,49.535838534400777,22.0,30.0,0.0,18.087047587020856,50.05587556403923,16.0,30.0,0.0,16.256252006481895,59.071404297583189,12.0,30.0,0.0,19.049063000149518,48.83181777537167,16.0,30.0,0.0,17.375536341471386,54.056148482576329,10.0,30.0,0.0,16.18433886411136,59.11020015729363,12.0,30.0,0.0,16.480421802499916,57.789607608132929,12.0,30.0,0.0,17.48224576579114,0.0,0.0,0.0,16.458988330725285,0.0,0.0,438.74820696479568,437.01113246948457,439.25892931405977,440.588641698862,459.43415726150956,453.6942813607693,452.6027973824861,457.3003389122049,455.8681677362838,0.0,81.01804334627167,81.01804334627167,60.0,0.0,60.0,60.0,16.0,16.0,16.0,12.0,12.0,12.0,21.0,10.0,0.0,0.0,0.0,0.0,0.0,0.0,0.0,0.0,0.0,0.0,0.0,0.0,0.0,81.01804334627167,81.01804334627167,0.0,0.0,0.0,81.01804334627167,0.0,0.0,0.0009099999999999999 
 02/20  13:50:00,11.52,67.33333333333333,6.963333333333333,91.33333333333333,535.0,0.0,0.0,0.0,0.0,0.0,0.0,0.0,0.0,0.0,0.0,137.0,0.0,1941.002601816701,50.887896000565508,130.39954661112109,58.200259567577329,1549.0961155837184,0.0,50.88789600056548,69.56761188608953,0.0,0.0,18.303395366793298,127.16266779253238,20.05181786159193,-732.3979174933393,18.13492882253319,45.113499910477,18.14244062911051,-5.808642792044793,16.14915075344003,15.189383350812307,19.72463661965164,-289.3396889953019,17.129190466467528,104.54441484432573,16.168104647110039,13.38977917577688,16.554207913947935,8.924194313322915,300.63555291959349,255.3633882293252,0.0,0.0,0.0,0.0,0.0,0.0,0.0,0.0,0.0,0.0,0.0,0.0,0.0,0.0,0.0,0.0,0.0,0.0,0.0,0.0,0.0,0.0,0.33748355690422168,0.10301695876197244,241.68919351780617,281.3538812375178,3372.780798103433,0.0,0.0,243.40956604455062,283.0836925087189,3539.499661942474,0.5772452357375746,0.10907884273196803,168.27772595555357,196.1226241165664,2237.511711664627,0.12338433155879375,0.02331525539659745,95.38338885197259,111.20233947340363,1243.636126340899,0.0,0.0,8.635027070572548,10.124499980420933,82.61801500983985,0.0,0.0,83.31879690292608,96.7422402209669,1262.0369754523516,0.0,0.0,244.5108458078075,285.6195304041487,2877.8698255429546,0.0,0.0,25.69657726932761,30.14196550852015,240.3200066805743,0.0,0.0,122.47375662906616,143.49761805860516,1226.41146161712,41.20248454103333,28.25959159192959,200.56626801882039,234.4469512136912,2814.5058062036407,0.0,0.0,143.55567452607228,168.19621297923127,1446.16329175219,0.0,18.579595892443387,47.69587762109722,22.0,30.0,0.0,18.89469500976061,46.24728168795611,16.0,30.0,0.0,18.224452290573436,49.02350188191012,22.0,30.0,0.0,18.105430931767605,49.79453674898568,16.0,30.0,0.0,16.30951060829798,58.42056784336942,12.0,30.0,0.0,19.190940726138114,48.0609486624073,16.0,30.0,0.0,17.440069779367819,53.55577185199712,10.0,30.0,0.0,16.199365960820385,58.575179935303648,12.0,30.0,0.0,16.53774634145832,57.1713894359083,12.0,30.0,0.0,17.402838019293957,0.0,0.0,0.0,16.55512776738574,0.0,0.0,437.2687759722222,435.69414341335456,438.73780150486189,440.77622300445679,456.4717805214099,451.5035492504933,450.9331770233773,454.44727504566068,453.53536220336988,0.0,81.01804334627167,81.01804334627167,60.0,0.0,60.0,60.0,16.0,16.0,16.0,12.0,12.0,12.0,21.0,10.0,0.0,0.0,0.0,0.0,0.0,0.0,0.0,0.0,0.0,0.0,0.0,0.0,0.0,81.01804334627167,81.01804334627167,0.0,0.0,0.0,81.01804334627167,0.0,0.0,0.0009333333333333333 
 02/20  14:00:00,11.6,67.0,6.95,93.0,516.0,0.0,0.0,0.0,0.0,0.0,0.0,0.0,0.0,0.0,0.0,137.0,0.0,1905.7728522547798,50.769388303665468,130.0957962098812,57.143902204787298,1520.9795139591675,0.0,50.769388303665447,69.40560287979528,0.0,0.0,18.228070172651834,47.28284669414643,20.16255827518026,-618.8831660375399,18.173788463881189,74.46418464916587,18.157578037437177,2.0412281143339898,16.183647135503166,15.95531946749037,19.823205262323243,-305.7665156450789,17.177732774161404,117.908042855026,16.171503767766148,18.03013841846621,16.584351470458289,19.02848569416028,290.58516459461046,245.89169313927324,0.0,0.0,0.0,0.0,0.0,0.0,0.0,0.0,0.0,0.0,0.0,0.0,0.0,0.0,0.0,0.0,0.0,0.0,0.0,0.0,0.0,0.0,0.2811049873168277,0.08580738318584486,238.51369469530457,277.81629132766309,3213.7064603824699,0.0,0.0,191.3194983136693,222.36703445747609,2805.763545804422,0.593339067077753,0.11212000511673341,190.28431964166118,221.698294496546,2530.3467775081819,0.1308711996519902,0.02473000749281749,113.93582205409263,132.81744687084905,1473.175922876478,0.0,0.0,8.911411990928898,10.447075657792548,84.48370208324826,0.0,0.0,84.73030069601232,98.34779501135727,1284.5166103919972,0.0,0.0,248.37744635416508,290.05354462491087,2921.415959771585,0.0,0.0,26.499194921664587,31.081446191930448,244.30051638872588,0.0,0.0,122.61342013223795,143.63560664912527,1218.9669664148633,41.17397278773038,28.2400362055764,195.46452894268362,228.46903242234644,2718.6052613708154,0.0,0.0,144.15247090515133,168.84556443791866,1450.5374264455409,0.0,18.414274314767995,47.827553964870357,22.0,30.0,0.0,19.0418593390876,45.98027229492641,16.0,30.0,0.0,18.3096208221055,48.5792250860948,22.0,30.0,0.0,18.132738313934728,49.425458782461998,16.0,30.0,0.0,16.3465710664031,57.970379291547327,12.0,30.0,0.0,19.280495275949975,47.61599210676198,16.0,30.0,0.0,17.51815701471234,53.01352164738344,10.0,30.0,0.0,16.213084685616147,58.222269803094707,12.0,30.0,0.0,16.58262842576318,56.75063411680081,12.0,30.0,0.0,17.406172973247349,0.0,0.0,0.0,16.63113665834176,0.0,0.0,436.67823344519197,436.61439983135298,437.7756780838418,439.55202506482217,454.5185612763338,450.4078883570259,449.3335644315433,452.7960573163006,452.1271205363039,0.0,81.01804334627167,81.01804334627167,60.0,0.0,60.0,60.0,16.0,16.0,16.0,12.0,12.0,12.0,21.0,10.0,0.0,0.0,0.0,0.0,0.0,0.0,0.0,0.0,0.0,0.0,0.0,0.0,0.0,81.01804334627167,81.01804334627167,0.0,0.0,0.0,81.01804334627167,0.0,0.0,0.0009566666666666667 
 02/20  14:10:00,11.364999999999999,67.83333333333334,7.03,94.66666666666667,497.0,0.0,0.0,0.0,0.0,0.0,0.0,0.0,0.0,0.0,0.0,137.0,0.0,1866.2401005206703,50.65167466197981,129.79407976041933,55.95852147455448,1489.4287327994253,0.0,50.65167466197978,69.2446794071802,0.0,0.0,18.3548548434392,157.86269989138055,20.131760641396928,-804.4391671509711,18.140580109839975,3.4710162557803416,18.178920866039776,20.54986860905956,16.214370497280429,16.13942973031277,19.904928060438619,-306.19628101625269,17.191372886911318,107.8753006260904,16.174101786118,21.57220968679951,16.613014206802256,26.406800826022847,348.52022875717196,249.01010060286445,0.0,0.0,0.0,0.0,0.0,0.0,0.0,0.0,0.0,0.0,0.0,0.0,0.0,0.0,0.0,0.0,0.0,0.0,0.0,0.0,0.0,0.0,0.43107169954028037,0.13158476786943847,268.0999078402115,311.9822317428184,3873.3250292658387,0.0,0.0,271.84842100663306,316.1070017438456,4041.9290354259048,0.5562126462367456,0.10510443050580987,129.2852333522874,150.66712101843826,1765.7903673282186,0.12953231030331228,0.02447700497039158,136.84046935732526,159.49592278386698,1844.0298011943017,0.0,0.0,8.637148546314839,10.124706688059917,86.4258867669376,0.0,0.0,85.91598474387115,99.69915918741387,1355.3026702755333,0.0,0.0,247.86217588792136,289.44844091648346,3033.3775773008089,0.0,0.0,26.777256506628239,31.406504751518477,260.05332478563767,0.0,0.0,124.66491070516332,146.01847623713713,1307.916343917011,41.789457431377368,28.662179308214939,237.776174640542,277.826343833158,3400.8633939064877,0.0,0.0,146.77142367573516,171.86795754065006,1568.9105214697184,0.0,18.675453068958878,47.12933013773424,22.0,30.0,0.0,18.90669969695411,46.26678387872558,16.0,30.0,0.0,18.24725285191874,48.42592337714851,22.0,30.0,0.0,18.176354754399939,49.0743826401701,16.0,30.0,0.0,16.376803607153094,57.569135028572187,12.0,30.0,0.0,19.360306355433605,47.13027581234483,16.0,30.0,0.0,17.523981789506494,52.78687453390582,10.0,30.0,0.0,16.22611327192937,57.93799311971672,12.0,30.0,0.0,16.6254171235364,56.377490738555248,12.0,30.0,0.0,17.515189441259947,0.0,0.0,0.0,16.713528241695039,0.0,0.0,437.12105008572379,436.45133059180838,437.267155887315,438.3750999757505,452.77937627951379,448.798466314908,448.4799032004613,451.48288046000399,450.8833484341572,0.0,81.01804334627167,81.01804334627167,60.0,0.0,60.0,60.0,16.0,16.0,16.0,12.0,12.0,12.0,21.0,10.0,0.0,0.0,0.0,0.0,0.0,0.0,0.0,0.0,0.0,0.0,0.0,0.0,0.0,81.01804334627167,81.01804334627167,0.0,0.0,0.0,81.01804334627167,0.0,0.0,0.00098 
 02/20  14:20:00,11.13,68.66666666666667,7.11,96.33333333333334,478.0,0.0,0.0,0.0,0.0,0.0,0.0,0.0,0.0,0.0,0.0,274.0,0.0,1789.0202028355657,47.886719295481238,122.70895502423753,53.64311147400994,1427.8002580170299,0.0,47.88671929548121,65.46477579676574,0.0,0.0,18.294266578231409,77.46880012336351,20.18242907147311,-668.277213479801,18.161348354753913,69.12788806858817,18.17770543760136,7.163101936303519,16.237750286905759,17.51727882073996,19.94990282973874,-311.70719752689936,17.235827187088746,127.24719692926556,16.176119422473897,27.31127288067296,16.637660460092506,40.900872766254227,347.24743620756,245.3776349037039,0.0,0.0,0.0,0.0,0.0,0.0,0.0,0.0,0.0,0.0,0.0,0.0,0.0,0.0,0.0,0.0,0.0,0.0,0.0,0.0,0.0,0.0,0.4374301393301309,0.13352568355620604,258.3454926816024,301.5575209112852,3779.3574629908218,0.006334530253312911,0.0009668086467205299,219.25463673924507,255.40134506296458,3399.2346702061506,0.6695779078328881,0.1265264376101452,170.27757003523517,199.01874168267936,2422.4245987263504,0.14437730591862983,0.027282181768448559,109.10015509595833,127.44104345175225,1521.087127227766,0.0,0.0,8.994043533821099,10.571886909651287,94.4942827878061,0.0,0.0,86.70536072307816,100.87357379364396,1413.932229390195,0.0,0.0,250.92123709467053,293.7462106630984,3219.893081190875,0.0,0.0,27.749341474809556,32.63424744699101,283.01887989660477,0.0,0.0,123.65749999626692,145.2106535301396,1363.2605937183035,42.44770584266624,29.113652841334877,215.9305994493306,253.00859673656943,3223.5339532158207,0.0,0.0,146.55053845905094,172.03611273179107,1650.2196632047088,0.0,18.53107481287224,47.315108257527629,22.0,30.0,0.0,19.006376387000779,45.651226616097847,16.0,30.0,0.0,18.3037467405698,48.23517394059458,22.0,30.0,0.0,18.176096145390649,48.831928565557209,16.0,30.0,0.0,16.39620720112427,57.254030621278037,12.0,30.0,0.0,19.400789889687134,46.78791721928637,16.0,30.0,0.0,17.593431101536017,52.26279325041611,10.0,30.0,0.0,16.23866737131526,57.608976960404358,12.0,30.0,0.0,16.661747565269314,55.914350692863568,12.0,30.0,0.0,17.438036190505675,0.0,0.0,0.0,16.769435869512,0.0,0.0,436.46696766831055,435.27288529749327,437.3891496536181,438.1619296129664,451.45726908176007,447.6127029971493,446.8678143716264,450.0255291520207,449.1826696476702,0.0,81.01804334627167,81.01804334627167,60.0,0.0,60.0,60.0,16.0,16.0,16.0,12.0,12.0,12.0,21.0,10.0,0.0,0.0,0.0,0.0,0.0,0.0,0.0,0.0,0.0,0.0,0.0,0.0,0.0,81.01804334627167,81.01804334627167,0.0,0.0,0.0,81.01804334627167,0.0,0.0,0.0009966666666666668 
 02/20  14:30:00,10.895,69.5,7.1899999999999999,98.0,459.0,0.0,0.0,0.0,0.0,0.0,0.0,0.0,0.0,0.0,0.0,137.0,0.0,1746.4422848589896,47.6078703215621,121.99433829208485,52.366423028741127,1393.8191633619286,0.0,47.60787032156208,65.08356810855193,0.0,0.0,18.30131481371504,82.95223468822769,20.223480428676909,-651.8007292340171,18.17180658238165,74.6039534499896,18.17910155723102,7.492462486789918,16.266518844389198,17.915909636525556,20.002612576135279,-318.06375691571068,17.27170057550585,124.80203234463989,16.181575462184225,29.67343884369143,16.670394687659923,40.60836646432017,336.5762955963992,241.78482719995555,0.0,0.0,0.0,0.0,0.0,0.0,0.0,0.0,0.0,0.0,0.0,0.0,0.0,0.0,0.0,0.0,0.0,0.0,0.0,0.0,0.0,0.0,0.478594882932084,0.14609123410625278,231.24050579960085,269.22923420072626,3496.3766013177648,0.01599727872564776,0.0024415871070890967,206.64042738495309,240.166679158671,3325.4312472100407,0.7233109347574223,0.13668007081583948,182.71480727240837,212.86882421256105,2694.8991945994719,0.1549374847599047,0.02927768041570383,113.32787549951705,132.09032321537382,1634.4507798868372,0.0,0.0,9.136301802858535,10.70862828346919,100.80016666016437,0.0,0.0,86.88449029514372,100.79414370540109,1466.897748631077,0.0,0.0,251.81825016841627,293.9631253053757,3374.046978769813,0.0,0.0,28.18535632880846,33.056775214698259,301.6691530793854,0.0,0.0,123.21431750341498,144.28619732908289,1428.0595549986384,43.045733459813849,29.523822674769453,187.6710614778671,219.43481642098389,2934.771929710716,0.0,0.0,146.56589105586088,171.57837286446756,1730.9408980283318,0.0,18.539595470175269,46.979316260206378,22.0,30.0,0.0,19.06250498980427,45.295164787268827,16.0,30.0,0.0,18.33261069404773,47.89401559304979,22.0,30.0,0.0,18.18270626121265,48.64211911354262,16.0,30.0,0.0,16.424599008272997,56.76081436317004,12.0,30.0,0.0,19.45724988288786,46.359275244556119,16.0,30.0,0.0,17.643449298925014,51.80269872283889,10.0,30.0,0.0,16.255515666780985,57.13440888922949,12.0,30.0,0.0,16.710723921230018,55.393743907896247,12.0,30.0,0.0,17.32195931973636,0.0,0.0,0.0,16.81030655713626,0.0,0.0,435.41931486366937,434.8369159403622,436.56085827310667,437.8528809581598,449.4164502027985,446.1501020008661,445.4660871234716,448.02040928016597,447.4829105683029,0.0,81.01804334627167,81.01804334627167,60.0,0.0,60.0,60.0,16.0,16.0,16.0,12.0,12.0,12.0,21.0,10.0,0.0,0.0,0.0,0.0,0.0,0.0,0.0,0.0,0.0,0.0,0.0,0.0,0.0,81.01804334627167,81.01804334627167,0.0,0.0,0.0,81.01804334627167,0.0,0.0,0.0010133333333333334 
 02/20  14:40:00,10.66,70.33333333333334,7.27,92.66666666666667,451.16666666666665,0.0,0.0,0.0,0.0,0.0,0.0,0.0,0.0,0.0,0.0,137.0,0.0,1709.7623687720673,45.19492345246363,115.8111925002189,51.26657966252843,1364.5451615509538,0.0,45.194923452463608,61.78488680152103,0.0,0.0,18.378195346863138,145.576829851374,20.175455259157567,-795.5707138368289,18.15614489212569,46.43098354648282,18.181130918706928,19.21551222254857,16.292064261953564,18.05924629996423,20.04732012607972,-315.0194495029036,17.288150173141888,118.547016885841,16.18223859371527,31.055744084543563,16.691594138545285,40.65652183042221,376.72424036487976,249.308548010913,0.0,0.0,0.0,0.0,0.0,0.0,0.0,0.0,0.0,0.0,0.0,0.0,0.0,0.0,0.0,0.0,0.0,0.0,0.0,0.0,0.0,0.0,0.5753665459196744,0.17563081377279439,246.85077462545528,287.2489021666583,3920.790853643107,0.0,0.0,250.193097496467,290.9135625943043,4080.3933109659599,0.7381276371899637,0.13947990120747617,152.7801637132044,178.0114543834786,2319.352142702487,0.16053919524903488,0.03033620469558481,127.0575142998548,148.08775986584059,1894.5355184785975,0.0,0.0,9.013256818673593,10.563816057468808,104.02990369148262,0.0,0.0,87.08271431709686,101.01039757357514,1517.778289712873,0.0,0.0,251.5397093104182,293.629234083906,3492.509187557729,0.0,0.0,28.55157698624316,33.48568967652691,319.35398297799795,0.0,0.0,124.29153920260505,145.5341686176654,1505.3302169339802,43.525538741134408,29.852907229859,204.94123904294058,239.59485997296737,3295.08625748042,0.0,0.0,148.14489631216353,173.40724542572034,1829.179658689374,0.0,18.693032811852797,46.438317292121578,22.0,30.0,0.0,18.934583949927658,45.495557077415998,16.0,30.0,0.0,18.30846358000398,47.737036581511478,22.0,30.0,0.0,18.196106581576275,48.39306390683743,16.0,30.0,0.0,16.446347140490759,56.404660673447718,12.0,30.0,0.0,19.501470119257886,46.018579589488258,16.0,30.0,0.0,17.654445659429944,51.5628068624294,10.0,30.0,0.0,16.26332262168163,56.878318258049279,12.0,30.0,0.0,16.739077798065276,55.09243453812102,12.0,30.0,0.0,17.36141593813072,0.0,0.0,0.0,16.847021636148975,0.0,0.0,435.2885597088975,434.4417935422465,435.8274616661382,437.04366570967098,448.03856311100039,445.0069698992293,444.52860458175555,446.9871208311552,446.5685463775462,0.0,81.01804334627167,81.01804334627167,60.0,0.0,60.0,60.0,16.0,16.0,16.0,12.0,12.0,12.0,21.0,10.0,0.0,0.0,0.0,0.0,0.0,0.0,0.0,0.0,0.0,0.0,0.0,0.0,0.0,81.01804334627167,81.01804334627167,0.0,0.0,0.0,81.01804334627167,0.0,0.0,0.0010299999999999999 
 02/20  14:50:00,10.425,71.16666666666666,7.35,87.33333333333334,443.33333333333339,0.0,0.0,0.0,0.0,0.0,0.0,0.0,0.0,0.0,0.0,274.0,0.0,1670.364545698315,42.74835203469738,109.54188438291226,50.08524109434334,1333.1020262296295,0.0,42.74835203469736,58.440238187224419,0.0,0.0,18.311108771008347,74.2149931024178,20.19860664842513,-707.7277776985452,18.159316933884015,62.86225947177354,18.175595798036388,16.604188098759324,16.315045499009004,18.703795155747004,20.0791375280165,-316.9406810104699,17.316405646825538,124.90900445687385,16.181764571098424,33.67244969726261,16.708288172012254,45.33388270265709,389.40944663855046,253.9942820957417,0.0,0.0,0.0,0.0,0.0,0.0,0.0,0.0,0.0,0.0,0.0,0.0,0.0,0.0,0.0,0.0,0.0,0.0,0.0,0.0,0.0,0.0,0.6031157056949725,0.18410125326464367,249.8161875808509,291.5871491475559,4010.1821063581126,0.04190315394212489,0.006395475265892079,216.58276943580865,252.31547085797429,3650.326533488274,0.7868219871314053,0.14868140346398443,161.84824720287384,189.14864522674788,2538.300641789071,0.16872711422951068,0.03188343050444267,121.52052629719715,141.97858181445606,1867.4875099475635,0.0,0.0,9.165345040136668,10.770965834393995,110.31743537144871,0.0,0.0,87.40785923656608,101.64845433050789,1567.454950802537,0.0,0.0,252.74403302732805,295.7888716870463,3642.80220051141,0.0,0.0,29.076045787168895,34.19207377638023,338.98191429891679,0.0,0.0,123.89133602342295,145.44191034641757,1562.6383456229954,44.008239609349647,30.18397778419044,206.58152435199458,242.1448313243084,3419.2147613013987,0.0,0.0,148.22985229573184,173.95663542516048,1903.8223569581986,0.0,18.54143367920548,46.62861076364757,22.0,30.0,0.0,18.987258772386114,45.130302834917788,16.0,30.0,0.0,18.326741088202817,47.49639553132343,22.0,30.0,0.0,18.193956829930369,48.15003240411483,16.0,30.0,0.0,16.46333732870658,56.11446476579893,12.0,30.0,0.0,19.527269514067734,45.7200979597563,16.0,30.0,0.0,17.690542937006279,51.16016227866626,10.0,30.0,0.0,16.269039347581683,56.602600941004457,12.0,30.0,0.0,16.75996631802301,54.72170463606827,12.0,30.0,0.0,17.321137237561496,0.0,0.0,0.0,16.865364914656824,0.0,0.0,434.6626810567067,433.87245744874488,435.44066098051726,436.29477466057247,446.963512327225,443.8758638449244,443.2878700264392,445.8604468763138,445.2271843429309,0.0,81.01804334627167,81.01804334627167,60.0,0.0,60.0,60.0,16.0,16.0,16.0,12.0,12.0,12.0,21.0,10.0,0.0,0.0,0.0,0.0,0.0,0.0,0.0,0.0,0.0,0.0,0.0,0.0,0.0,81.01804334627167,81.01804334627167,0.0,0.0,0.0,81.01804334627167,0.0,0.0,0.0010666666666666668 
 02/20  15:00:00,10.19,72.0,7.43,82.0,435.5,0.0,0.0,0.0,0.0,0.0,0.0,0.0,0.0,0.0,0.0,137.0,0.0,1628.4218579348997,40.269139375248418,103.18893385757892,48.82759594274861,1299.6278609322336,0.0,40.26913937524839,55.0509665208598,0.0,0.0,18.293842385521438,69.97008807638304,20.216825088297108,-659.7460713593564,18.153317701030553,75.92926397508109,18.165048261315765,11.419904454901826,16.341766555017786,18.729822079944996,20.108590338027189,-323.430797329434,17.341796329753096,125.6794948697916,16.181517430331949,34.93185656586604,16.727315281706845,43.78542392046165,377.9998901046283,254.99590461515437,0.0,0.0,0.0,0.0,0.0,0.0,0.0,0.0,0.0,0.0,0.0,0.0,0.0,0.0,0.0,0.0,0.0,0.0,0.0,0.0,0.0,0.0,0.6358943278940676,0.19410693769660188,227.93682099086795,265.4228606495368,3750.57813525044,0.06698214362592905,0.010223159894067316,199.50660080361195,231.91371506180676,3474.0132587251016,0.843275620890149,0.15934913471091256,178.9342811289112,208.47656642485854,2888.866695471096,0.1773338456100806,0.03350979697847327,112.02686012835915,130.57914403920118,1772.4598186685726,0.0,0.0,9.290910285939099,10.888177599523326,116.657818373648,0.0,0.0,87.71768639997898,101.73169353738516,1619.2365408727204,0.0,0.0,253.0361787086893,295.321459252151,3781.398367655697,0.0,0.0,29.321087551138957,34.38861587802646,356.01122796485336,0.0,0.0,122.81233896202818,143.7866565205719,1613.1218769009616,44.441412367982767,30.48107844168915,183.5780368496622,214.74638663400496,3166.090473629586,0.0,0.0,147.39617263018514,172.52915209192654,1961.978902647388,0.0,18.503531675469448,46.4915744448783,22.0,30.0,0.0,19.02547581274448,44.77576154516776,16.0,30.0,0.0,18.326406840306455,47.266251255987317,22.0,30.0,0.0,18.184472575113504,47.942636731843858,16.0,30.0,0.0,16.488157495375135,55.65372116917803,12.0,30.0,0.0,19.558087559759288,45.37665414309711,16.0,30.0,0.0,17.722256070156115,50.78292181723961,10.0,30.0,0.0,16.275176885130077,56.193156858226128,12.0,30.0,0.0,16.78630154999498,54.298047280642737,12.0,30.0,0.0,17.202947983097564,0.0,0.0,0.0,16.863572741365095,0.0,0.0,433.9594338418946,433.14747061549897,434.820123771753,435.75241088009087,445.3002977048795,442.667017894114,442.1239477614086,444.2159479964347,443.8037524093217,0.0,81.01804334627167,81.01804334627167,60.0,0.0,60.0,60.0,16.0,16.0,16.0,12.0,12.0,12.0,21.0,10.0,0.0,0.0,0.0,0.0,0.0,0.0,0.0,0.0,0.0,0.0,0.0,0.0,0.0,81.01804334627167,81.01804334627167,0.0,0.0,0.0,81.01804334627167,0.0,0.0,0.0011033333333333334 
 02/20  15:10:00,10.058333333333334,71.83333333333333,7.388333333333333,76.66666666666666,427.66666666666665,0.0,0.0,0.0,0.0,0.0,0.0,0.0,0.0,0.0,0.0,1380.0,0.0,1584.112627006036,37.758280842326858,96.75489174645202,47.49899112094676,1264.2649824833755,0.0,37.75828084232683,51.618432546234057,0.0,0.0,19.391104423159577,-754.4279001087566,20.448828183337043,159.52235326298848,19.566808610015039,-2212.6889944782558,18.474755375309024,977.2325228961469,16.363977761225145,24.046361820822957,20.132164179626395,-297.4348547087422,17.43677319923331,247.38260152488787,16.180635213917094,39.12789038877622,16.740522224117883,57.87222357523106,734.8794393651479,312.3611392296333,0.0,0.0,0.0,0.0,0.0,0.0,0.0,0.0,0.0,0.0,0.0,0.0,0.0,0.0,0.0,0.0,0.0,0.0,0.0,0.0,0.0,0.0,0.787948770706389,0.24052160277972813,308.41168740642498,358.3409784194837,6202.639933674251,0.19663885258497267,0.03001203488781634,238.9855095778498,278.35543057722597,4468.547841467776,0.7051503918476429,0.13324837336501198,476.16266071777889,552.6639462878962,9841.339764788872,0.2746784403127181,0.051904467179274018,379.55143036688949,443.1515559209259,6613.18964811697,0.0,0.0,10.501137165399648,12.36324997557205,134.85144175708875,0.0,0.0,84.20553555278231,98.12594860654635,1578.8563050731482,0.0,0.0,276.44266466839209,323.9476276859016,4294.0775177392329,0.0,0.0,31.111150383723339,36.65939369560694,385.82476011641827,0.0,0.0,135.08709750053027,158.88331886375659,1812.356607838362,45.4338998382886,31.161796871254194,591.9061638771102,692.1893816245067,10446.05457874938,0.0,0.0,161.04071895361578,189.33233814117447,2204.4493088023539,1927.7859363072715,20.14439052476006,41.75308527654457,21.999999999999998,30.0,0.0,19.48121135689732,43.49719146699311,15.999999999999999,30.0,4359.965963148933,20.405705829389583,41.051979225798508,21.999999999999998,30.0,0.0,18.815326220214585,45.47358075258946,15.999999999999999,30.0,0.0,16.50439771799842,55.33551513724966,12.0,30.0,0.0,19.58196196393281,44.98943195642239,15.999999999999999,30.0,0.0,17.892386696445706,49.66421725547259,10.0,30.0,0.0,16.278291959481164,55.86722957594674,12.0,30.0,0.0,16.800612917136364,53.81086170041714,15.999999999999999,30.0,0.0,18.228575907114285,0.0,0.0,0.0,16.92527223820905,0.0,0.0,433.46524138812836,433.41922412771359,433.2600884717193,433.8589243075292,444.24023609436849,441.23325947317599,439.89592757868106,443.012404292923,442.113410725576,10422.349867583142,81.11337481620554,85.32225660860236,60.0,0.0,60.0,60.0,16.0,16.0,16.0,16.0,12.0,12.0,21.0,10.0,1.0,0.0,1927.7859363072715,0.0,4359.965963148933,0.0,0.0,0.0,0.0,0.0,6369.588294466732,3821752.9766800387,4978214.733855864,81.11337481620554,85.39373739396588,0.3483196098155577,0.7671450030444375,0.3602813740196596,85.39373739396588,0.3542647819438876,4978214.733855864,0.260007166160505 
 02/20  15:20:00,9.926666666666668,71.66666666666667,7.346666666666668,71.33333333333333,419.83333333333339,0.0,0.0,0.0,0.0,0.0,0.0,0.0,0.0,0.0,0.0,414.0,0.0,1537.620532371056,35.21678294875016,90.2423374271431,46.10493419670397,1227.1599838129828,0.0,35.21678294875014,48.14401224267713,0.0,0.0,20.121595499919495,-1231.6511308942816,21.056094036975158,162.34642900517606,20.405539177268087,-3179.154470107399,19.219036513357403,771.6039438631558,16.400102088263556,28.42586396963879,20.184039319984359,-269.27091893396098,17.647629937895134,223.2633104426664,16.188341685681814,46.20604938595187,16.77319820061554,74.56438453532789,914.9208544540594,371.3109282787377,0.0,0.0,0.0,0.0,0.0,0.0,0.0,0.0,0.0,0.0,0.0,0.0,0.0,0.0,0.0,0.0,0.0,0.0,0.0,0.0,0.0,0.0,0.9331815415711675,0.2848539504185492,361.1373506422224,417.9616046342755,8036.854439742761,0.24890131262237343,0.03798860082759056,279.80171400293099,324.68355868440679,5806.166232075833,0.7984308146676967,0.15087505946101599,535.701684704209,619.3903704565918,12255.760953167995,0.30097207982662707,0.05687303095741249,410.3074092420765,476.9889728185468,8139.20705725134,0.0,0.0,11.095838749561949,13.04815126428069,146.25986466850393,0.0,0.0,80.82939724095007,94.05899483947272,1548.7622992970685,0.0,0.0,296.59951090664478,346.81684507392006,4863.060956502433,0.0,0.0,33.50264134074122,39.43000152804558,425.4990882134334,0.0,0.0,149.77150027503934,175.92997119374119,2062.9787894846515,46.19777344149868,31.685715666322826,680.221914174015,793.3440119267139,13056.993965202497,0.0,0.0,178.26683800697658,209.25567868333628,2533.441847770284,1817.0251502653019,21.279998842329918,38.80447821714251,21.999999999999994,29.99999999999999,0.0,20.501191772305405,40.79529591838795,15.999999999999993,29.99999999999999,4101.6866122967689,21.648168543544189,37.85318661404701,21.999999999999994,29.99999999999999,0.0,20.033608870790308,41.92424278139033,15.999999999999993,29.99999999999999,0.0,16.54396273532973,54.65082421528338,11.999999999999995,29.99999999999999,0.0,19.660429264383628,44.407984595659979,15.999999999999993,29.99999999999999,0.0,18.207780679191477,48.36638571065343,9.999999999999997,29.99999999999999,0.0,16.296081553418746,55.21221260277892,11.999999999999995,29.99999999999999,0.0,16.84899802039829,53.13198934793296,15.999999999999993,29.99999999999999,0.0,19.06301713923553,0.0,0.0,0.0,17.058443600716303,0.0,0.0,433.2703367053341,433.5272371832219,432.89341432763157,433.25553585599939,442.1161738539518,439.67292272218648,438.66711697047688,440.84882801755477,440.2114459407711,12733.095769847734,79.58454209687067,87.85946434929716,59.99999999999998,0.0,59.99999999999998,59.99999999999998,16.0,16.0,16.0,16.0,12.0,12.0,21.0,10.0,1.0,0.0,1817.0251502653019,0.0,4101.6866122967689,0.0,0.0,0.0,0.0,0.0,12520.45684751274,7512274.108507646,9790477.240891109,79.58454209687067,87.99999999999997,0.41734856158375796,0.7673284692964741,0.36028137401965945,87.99999999999997,0.35426478194388735,9790477.240891109,0.5102748165263377 
 02/20  15:30:00,9.795,71.5,7.305,66.0,412.0,0.0,0.0,0.0,0.0,0.0,0.0,0.0,0.0,0.0,0.0,414.0,0.0,1518.9006210520909,34.918295486573999,89.47737084164149,45.54361152004655,1212.2196560969313,0.0,34.91829548657398,47.735957252128809,0.0,0.0,20.35689546642889,-1429.141435409097,21.539622212890348,214.2987542360992,20.33091214635067,-398.5863750684729,19.531372511766187,455.9100125221428,16.443550290998844,35.65180114263497,20.26921169313582,-215.57348070107452,17.828692289648765,248.61750006185555,16.21506551236289,68.04093230272646,16.835828348467133,136.12240582564054,1054.677449544693,489.0517026207742,0.0,0.0,0.0,0.0,0.0,0.0,0.0,0.0,0.0,0.0,0.0,0.0,0.0,0.0,0.0,0.0,0.0,0.0,0.0,0.0,0.0,0.0,1.1070596439924414,0.3379302942589869,396.38886730823256,458.58231081376899,9036.061726158274,0.22926656955321274,0.03499184516990425,175.95809908335529,203.89610804674875,3941.5543830716685,1.1605571233461088,0.21930406714779075,277.50496230519749,321.31041355962068,6284.352805421659,0.2958066313954787,0.0558969447081403,286.26252356098368,332.41468500704209,5988.81591585,0.0,0.0,11.35683470641314,13.355334483644674,153.74176235115906,0.0,0.0,75.43399649456758,87.74580751842214,1483.5267102516282,0.0,0.0,319.3007142981055,373.0817405608335,5490.344104237455,0.0,0.0,37.842715662766227,44.54009332246057,494.110972001541,0.0,0.0,169.49189158114309,199.07911942850473,2411.9243398297664,46.861201865915507,32.14074202051818,451.2963380402518,525.5377361478945,9690.463021151178,0.0,0.0,202.57077111839738,237.67242349763178,3014.3342639517038,1808.1439547901364,21.469102947077109,37.986549530035087,21.999999999999994,29.99999999999999,0.0,21.269395406381876,38.7011573612843,15.999999999999993,29.99999999999999,965.0904910932499,21.375144004518107,38.34807094133781,21.333333333333326,29.99999999999999,0.0,20.444858769439386,40.65592135509051,15.999999999999993,29.99999999999999,0.0,16.59315494511601,53.958824834136269,11.999999999999995,29.99999999999999,0.0,19.790309797622649,43.589168662568329,15.999999999999993,29.99999999999999,0.0,18.49222667525608,46.96019647669807,9.999999999999997,29.99999999999999,0.0,16.3452683323465,54.38660496880985,11.999999999999995,29.99999999999999,0.0,16.950871451432584,52.1283878161877,15.999999999999993,29.99999999999999,0.0,19.608478258239363,0.0,0.0,0.0,17.27327271329189,0.0,0.0,432.3168389490737,433.0733891087157,432.71023291479176,432.86551168443875,440.20834872453727,437.76560862817066,436.6782973072716,438.6013434255119,437.88641127316438,7727.8005830289389,82.89502053058811,82.89502053058811,59.99999999999998,0.0,59.99999999999998,59.99999999999998,16.0,16.0,16.0,16.0,12.0,12.0,21.0,10.0,1.0,0.0,1808.1439547901364,0.0,965.0904910932499,0.0,0.0,0.0,0.0,0.0,0.0,0.0,0.0,82.89502053058811,82.89502053058811,0.3399999999999999,0.7692815738030836,0.36028137401965945,82.89502053058811,0.35426478194388735,0.0,0.0012000000000000002 
 02/20  15:40:00,9.663333333333334,71.33333333333333,7.263333333333334,59.666666666666667,387.83333333333339,0.0,0.0,0.0,0.0,0.0,0.0,0.0,0.0,0.0,0.0,828.0,0.0,1419.3507767333345,31.553516860426638,80.85517182949038,42.558640910000658,1132.769801494755,0.0,31.55351686042662,43.136049770321587,0.0,0.0,20.53209203626355,-1096.9694512373879,21.69447817646825,-60.96053307520441,20.537055838110875,-981.693226974302,19.536083381331087,526.1140091884639,16.47949599150263,35.04886924447965,20.313943764767065,-222.97948138242777,17.873834288414068,206.449170879549,16.242542282642235,67.22906653851297,16.893566763911925,120.78752685418775,937.4670422594443,491.15586831268379,0.0,0.0,0.0,0.0,0.0,0.0,0.0,0.0,0.0,0.0,0.0,0.0,0.0,0.0,0.0,0.0,0.0,0.0,0.0,0.0,0.0,0.0,1.0757794636189913,0.3283820096517066,275.96290437444579,319.3210593044245,6460.86296904887,0.1982099732226136,0.030251827414928796,65.19330003515118,75.54709871662196,1503.6600506078383,1.1636821390588419,0.2198945841003102,339.92966352928888,393.41861126273707,7877.022496793712,0.3141797715863164,0.05936881549250117,323.9824022992608,376.4611487783642,6815.8855057147779,0.0,0.0,11.180137416996434,13.157537322226263,155.05315790779498,0.0,0.0,75.64660262892153,88.04550444581618,1519.546336721313,0.0,0.0,315.0111325542411,368.37831850849138,5509.0407504269819,0.0,0.0,37.70442706303912,44.41215387509206,505.2500862078912,0.0,0.0,167.03855844009235,196.32764221879808,2445.372922731052,46.74600953877252,32.0617349374297,373.39985206276659,435.6487232581553,7901.73144453221,0.0,0.0,199.80735751951807,234.63413108095205,3031.5398773913636,1805.6057355632748,21.65717415276962,37.29798640184267,21.999999999999984,29.99999999999998,0.0,21.44580866283645,38.05651383784307,15.999999999999988,29.99999999999998,1458.068768121751,21.42494842264718,37.8498275145334,21.333333333333319,29.99999999999998,0.0,20.37856945711396,40.54917486927844,15.999999999999988,29.99999999999998,0.0,16.62979163169258,53.37844956663943,11.999999999999993,29.99999999999998,0.0,19.876699076509085,42.998140311224059,18.999999999999987,29.99999999999998,0.0,18.51101523855174,46.50638984670154,9.999999999999993,29.99999999999998,0.0,16.388214164595256,53.769146259812909,15.999999999999988,29.99999999999998,0.0,17.028557961933929,51.4575299820204,15.999999999999988,29.99999999999998,0.0,19.193545478539588,0.0,0.0,0.0,17.29095986480811,0.0,0.0,431.8145485502604,432.5526787862164,431.78879576163288,432.31917093909217,438.6555990774177,436.44197216597589,435.47075428913669,437.11370030680038,436.58753076543567,9524.617166790933,81.70706938930664,82.83557707760989,59.99999999999996,0.0,59.99999999999996,59.99999999999996,16.0,16.0,19.0,16.0,16.0,12.0,21.0,10.0,1.0,0.0,1805.6057355632748,0.0,1458.068768121751,0.0,0.0,0.0,0.0,0.0,1707.9090132981092,1024745.407978867,1328220.9597716605,81.70706938930664,82.8547428845457,0.3402636337766035,0.7695080704997712,0.3602813740196593,82.8547428845457,0.3542647819438872,1328220.9597716605,0.07029748990812634 
 02/20  15:50:00,9.531666666666667,71.16666666666667,7.221666666666667,53.33333333333334,363.6666666666667,0.0,0.0,0.0,0.0,0.0,0.0,0.0,0.0,0.0,0.0,276.0,0.0,1319.059091846285,28.190030311681459,72.23628861913368,39.551427322098707,1052.7279000138329,0.0,28.190030311681448,38.53790865628168,0.0,0.0,19.924905986777114,-138.11416823174296,21.602153228940414,-539.8976411101955,20.246477603936844,-1063.2090581958647,19.629622206213975,386.7920678056689,16.512353418895274,32.59429316897746,20.335185506214406,-215.34163707843278,17.853912473437519,133.99682913056768,16.263552696008845,63.59186506874971,16.933760079678075,103.70381331080125,1006.6019477961017,495.93510285029927,0.0,0.0,0.0,0.0,0.0,0.0,0.0,0.0,0.0,0.0,0.0,0.0,0.0,0.0,0.0,0.0,0.0,0.0,0.0,0.0,0.0,0.0,1.1301933257026975,0.3449918576626061,410.79966831710888,475.692044605687,9042.080815825098,0.1590913324797538,0.024281338901061324,211.13906669553547,244.07120559671842,4745.053081020598,1.0791139081463444,0.20391419277141815,372.52819845020698,431.12702027170669,8430.13559120303,0.2799268100315912,0.05289622260612077,289.8530880814801,336.3552789206712,6226.295843365544,0.0,0.0,10.570191109602824,12.420251164334442,150.04215180964605,0.0,0.0,76.50463746725394,88.88035662714933,1566.237135020111,0.0,0.0,305.6417338285303,356.9821599630617,5369.52460495635,0.0,0.0,36.7868276648284,43.259325128217408,504.9061935925173,0.0,0.0,165.30936013029376,193.94551930294458,2479.9645510672664,46.55948044679903,31.933800032098114,553.2965962037321,643.5277906519494,11743.790745042978,0.0,0.0,197.54586046822167,231.6023314130124,3050.2339855585198,125.96751273518746,20.629702437812875,39.67436994098166,21.0,30.0,0.0,21.226422781136244,38.20846874066388,16.0,30.0,1070.6978848784007,21.07524458329611,38.434592380805437,21.0,30.0,0.0,20.46895094570273,40.096941456620758,16.0,30.0,0.0,16.661797744206689,52.78926121278107,12.0,30.0,0.0,19.940701615873729,42.53105322387865,19.0,30.0,0.0,18.41006229258266,46.66143135350902,10.0,30.0,0.0,16.419208644772135,53.275431565459779,16.0,30.0,0.0,17.0790216892256,51.0100341423132,16.0,30.0,0.0,19.463204647646685,0.0,0.0,0.0,17.292859058392329,0.0,0.0,431.7237409388006,431.65163469282819,431.2874777520078,431.78053636145548,437.1254834094117,435.4358088330093,435.05933443116529,436.00151313869199,435.77772471420658,8327.093378050518,82.49892351772209,82.49892351772209,60.0,0.0,60.0,60.0,16.0,16.0,19.0,16.0,16.0,12.0,21.0,10.0,1.0,0.0,125.96751273518746,0.0,1070.6978848784007,0.0,0.0,0.0,0.0,0.0,0.0,0.0,0.0,82.49892351772209,82.49892351772209,0.34,0.7681758861828565,0.36028137401965956,82.49892351772209,0.3542647819438875,0.0,0.0012366666666666668 
 02/20  16:00:00,9.4,71.0,7.18,47.0,339.5,0.0,0.0,0.0,0.0,0.0,0.0,0.0,0.0,0.0,0.0,552.0,0.0,1218.481122067187,24.83034530083733,63.627152034035557,36.53563042255589,972.4575263390775,0.0,24.830345300837317,33.94496453276516,0.0,0.0,20.74912453688302,-1086.508173887898,21.468919383667374,95.51550588672854,20.70951705263694,-1868.7918560636736,19.730750875495166,684.0368288162854,16.535589382816416,33.380581581999468,20.313488032904787,-248.58899538938398,17.892949578238789,277.0582328493779,16.270878442123796,57.71936265314156,16.947670629750257,78.59061549185981,1097.4002215410083,470.45202015432599,0.0,0.0,0.0,0.0,0.0,0.0,0.0,0.0,0.0,0.0,0.0,0.0,0.0,0.0,0.0,0.0,0.0,0.0,0.0,0.0,0.0,0.0,1.1445522591711659,0.3493749264869249,371.7140324713214,429.6622264886441,9074.71258957615,0.2576582722496305,0.03932513312723298,273.29481890330927,316.6985414396614,6257.699348346369,1.0622534118076293,0.20072815793794966,440.6289153489009,509.40560736585516,10674.76939954149,0.30899822964093689,0.05838968814076659,351.148868892943,407.4459978490687,7746.663827332721,0.0,0.0,11.397163155782279,13.405802823803441,165.09016983012374,0.0,0.0,79.82620494592884,92.86884619694379,1653.6357314334596,0.0,0.0,307.8579617372057,359.88325419070608,5537.875072658458,0.0,0.0,36.65862528545979,43.15858702778949,513.087931932665,0.0,0.0,157.65927868023634,185.18930761093169,2407.287651898154,46.717372441275049,32.04209358112144,629.8390240605552,733.0827732253216,13820.699976118576,0.0,0.0,189.13322444131138,222.0574442901291,2943.507807546849,1822.0563510098553,21.882199213599426,36.47152990487558,22.0,30.0,0.0,21.090654531328619,38.34501304247719,16.0,30.0,2508.273766993297,21.777293633148024,36.60418492730983,21.75,30.0,0.0,20.63016547215087,39.395234473983069,16.0,30.0,0.0,16.677477507407397,52.44208457914643,12.0,30.0,0.0,19.934697443144438,42.33813569591073,19.0,30.0,0.0,18.49630294812217,46.072231295951358,10.0,30.0,0.0,16.42521276172086,52.99517745853096,16.0,30.0,0.0,17.083433400855698,50.71901259506271,16.0,30.0,0.0,19.80232103167468,0.0,0.0,0.0,17.21964448812533,0.0,0.0,431.1410982699248,431.25938410923399,430.8235096502462,431.1173984701698,436.24551504066866,434.77316602857868,434.11620421899826,435.3130978185775,435.02694236220057,9648.9856879424,81.62466464135238,83.62503438645419,60.0,0.0,60.0,60.0,16.0,16.0,19.0,16.0,16.0,12.0,21.0,10.0,1.0,0.0,1822.0563510098553,0.0,2508.273766993297,0.0,0.0,0.0,0.0,0.0,3026.843828808735,1816106.297285241,2381287.4506953468,81.62466464135238,83.65900730549785,0.35589479429362455,0.7673404713566656,0.36028137401965956,83.65900730549785,0.3542647819438875,2381287.4506953468,0.12507028076949135 
 02/20  16:10:00,9.208333333333334,71.66666666666667,7.075,40.666666666666667,315.33333333333339,0.0,0.0,0.0,2.0,0.0,0.0,0.0,0.0,0.0,4.0,276.0,0.0,1118.0823585051304,21.476877340264104,55.03395213690037,33.52520778280307,892.3301844759717,0.0,21.476877340264094,29.36051958831311,0.0,0.0,20.14838874704335,-264.36005285397189,21.609973779309408,-280.5669785845985,20.443351500716998,-713.8317104911826,19.84117692097655,309.8923840528191,16.56122612041613,33.16944403283213,20.447808223126516,-59.66812997195029,17.875882285304315,73.31945978233216,16.275963962474188,58.22849946995757,16.95670775001833,81.15850306870789,1053.446553953686,505.7341550943188,0.0,0.0,0.0,0.0,0.0,0.0,0.0,0.0,0.0,0.0,0.0,0.0,0.0,0.0,0.0,0.0,0.0,0.0,0.0,0.0,0.0,0.0,1.2278118113140324,0.37478993019353859,326.3376872609707,378.1548933650495,7469.588727680308,0.2214849042117103,0.03380416730947959,276.12734731804405,319.37263397368067,6544.0506721216629,1.1294222539068213,0.21342068290000414,251.47389911942845,291.26873966446876,5910.813846106955,0.2817296777357087,0.053236900554744639,259.4642490945547,300.95723066064309,5881.297246810045,0.0,0.0,10.834104087026179,12.73243581595458,161.54090571429027,0.0,0.0,15.71524060081552,18.244389434695827,339.6865165440182,0.0,0.0,245.31220520782348,286.61197364347046,4446.4847908023889,0.0,0.0,36.96553032795261,43.47340314388628,532.0006778917216,0.0,0.0,162.1128448838416,190.2162288080973,2538.995693703684,46.2991887068413,31.755273461482383,498.85692122322976,580.5121091663301,11267.547680352616,0.0,0.0,194.3373830027831,227.91284304227023,3106.1948082538026,334.33038026824377,20.868175356500637,38.7703485756235,21.0,30.0,0.0,21.334857811746674,37.576823144717007,16.0,30.0,0.0,21.228010368153755,38.58754735697523,21.0,30.0,0.0,20.71775769678581,39.32231300522557,16.0,30.0,0.0,16.699515073300007,52.0099392041861,12.0,30.0,0.0,20.220357009045335,43.14510850781883,19.0,30.0,0.0,18.366158316351567,46.21380755473385,10.0,30.0,0.0,16.43113039311544,52.68296776977037,16.0,30.0,0.0,17.088289172714405,50.44830475877292,16.0,30.0,0.0,19.697301256651124,0.0,0.0,0.0,17.241547844290339,0.0,0.0,431.30912736161397,430.82645261615257,479.5223078941435,444.52026273159648,435.70277973400166,540.2231021383748,433.5089015148075,434.57332173058696,434.37074037920038,8217.013167004861,82.57135583909415,86.0099693817008,1744.0,0.0,1744.0,1744.0,16.0,16.0,19.0,16.0,16.0,12.0,21.0,10.0,1.0,0.0,334.33038026824377,0.0,0.0,0.0,0.0,0.0,0.0,0.0,5203.99506920232,3122397.0415213925,4052544.1715387126,82.57135583909415,86.06836845506781,0.343466502306744,0.7662461847020385,0.36028137401965956,86.06836845506781,0.3542647819438875,4052544.1715387126,0.24706563025334639 
 02/20  16:20:00,9.016666666666668,72.33333333333334,6.970000000000001,34.333333333333339,291.16666666666665,0.0,0.0,0.0,2.0,0.0,0.0,0.0,0.0,0.0,4.0,552.0,0.0,1018.3468678110113,18.131901365592229,46.46251874518815,30.534673948415536,812.7322033236285,0.0,18.131901365592218,24.787683832406026,0.0,0.0,20.779401053908125,-1140.7093010260574,21.494016083403876,2.4387137542953498,20.505725897056004,-889.8324334244262,19.72300957808745,337.4821563320611,16.577052841407235,29.95010790099495,20.580650272633056,-81.34620552216629,17.826094204003643,207.01441059820764,16.27466839563274,49.339497913266999,16.955365051990474,48.60145849670744,1050.8532093695654,448.17791710303916,0.0,0.0,0.0,0.0,0.0,0.0,0.0,0.0,0.0,0.0,0.0,0.0,0.0,0.0,0.0,0.0,0.0,0.0,0.0,0.0,0.0,0.0,1.16788182002756,0.3564962820596948,295.9866400120914,342.27596118404628,7388.432626242274,0.23889798696980783,0.03646184172310864,219.65551032071034,254.56982728950963,5234.583240732271,1.2354648938875488,0.2334589746575112,269.74870184433589,312.4400924858618,6480.943496185763,0.30286712432685539,0.05723112704589102,280.60677844187628,325.85390950214068,6312.823282412878,0.0,0.0,11.319405618739986,13.314863016600733,173.18153658860053,0.0,0.0,16.25842327962571,18.871280982263018,365.4043931885371,0.0,0.0,233.14844560929809,272.78608843702508,4284.297322837714,0.0,0.0,35.96351535695107,42.349345849550569,530.7784714494862,0.0,0.0,147.33604891341055,173.11402513524778,2358.7758418895016,45.96429555153509,31.525579939324485,477.28233799672048,555.9274874213786,10919.286134283355,0.0,0.0,177.83515395505123,208.94062873325403,2857.316788039351,1812.6454930624423,21.77155630520637,36.51815472386572,22.0,30.0,0.0,21.20087161228279,37.79849100307246,16.0,30.0,0.0,21.2574959974405,38.30930954539136,21.0,30.0,0.0,20.48550729565433,40.208460470871667,16.0,30.0,0.0,16.7042847890935,51.737481971899558,12.0,30.0,0.0,20.46318231144317,43.80605461359699,19.0,30.0,0.0,18.30367648686547,46.09348369157945,10.0,30.0,0.0,16.425000492748475,52.442635210793017,16.0,30.0,0.0,17.072770719218803,50.21594565294261,16.0,30.0,0.0,19.633361891293715,0.0,0.0,0.0,17.086961277650106,0.0,0.0,443.17817595849427,437.40806289840546,484.27198655042079,477.37014978242908,435.79050205232115,624.7526791286063,435.93303603998518,435.5851838541332,435.85454588906017,9223.521603249214,81.90610447889881,83.61187882074236,1744.0,0.0,1744.0,1744.0,16.0,16.0,19.0,16.0,16.0,12.0,21.0,10.0,1.0,0.0,1812.6454930624423,0.0,0.0,0.0,0.0,0.0,0.0,0.0,2581.537871664779,1548922.7229988673,2005423.3201041097,81.90610447889881,83.64084853184906,0.341051262388826,0.7706585920480532,0.36028137401965956,83.64084853184906,0.3542647819438875,2005423.3201041097,0.14148734597874702 
 02/20  16:30:00,8.825,73.0,6.865,28.0,267.0,0.0,0.0,0.0,2.0,0.0,0.0,0.0,0.0,0.0,4.0,138.0,0.0,919.7846908670961,14.797444528992877,37.918046718706978,27.579322284746689,734.07064148494,0.0,14.79744452899287,20.229228535749948,0.0,0.0,20.964746769899454,-1397.3625610222062,21.671911824833747,75.0857002428238,20.49912180163191,-833.3676631282633,19.685829393885216,352.6684106136345,16.59654522317853,32.64605724067093,20.674591883701394,-93.00427356692501,17.946533863330168,178.5423542232038,16.270471703219834,52.498283430935547,16.947355236594235,61.18947515885611,1062.2316337029116,514.9923991374517,0.0,0.0,0.0,0.0,0.0,0.0,0.0,0.0,0.0,0.0,0.0,0.0,0.0,0.0,0.0,0.0,0.0,0.0,0.0,0.0,0.0,0.0,1.1165387441182069,0.34082379246587515,296.0064024945369,340.88076385435178,7619.83701640307,0.23902048539752825,0.036480538064335817,196.75793840942593,226.87413612838459,4909.155545219877,1.3974376106487483,0.2640660639925829,274.43647317966789,316.82252780435729,6672.5709988316489,0.3345318654292002,0.06321463821413456,289.4763634759873,335.07824607091,6578.973437328435,0.0,0.0,11.749738285435156,13.77260600815302,184.68009959803599,0.0,0.0,16.838157480904763,19.451685089205595,391.03256971482207,0.0,0.0,247.61638842243884,288.51874121223866,4729.359454158601,0.0,0.0,37.42647475342622,43.91698681139237,566.3921089514174,0.0,0.0,157.85019095512988,184.81990856564335,2583.1823794331969,45.72206371027171,31.35944013050187,475.0099785560046,551.3037022536887,11100.707401862732,0.0,0.0,189.8200260620419,222.22007495564393,3127.582604633322,1811.395039490242,21.97162609114587,35.98798793158454,22.0,30.0,0.0,21.582716403504717,37.03942247442919,16.0,30.0,0.0,21.192572208691748,38.41536642640168,21.0,30.0,0.0,20.39946168036466,40.458418867683537,16.0,30.0,0.0,16.71923346124233,51.23564042142562,12.0,30.0,0.0,20.655880052743706,44.35023063119421,19.0,30.0,0.0,18.480902265141006,45.44223481791432,10.0,30.0,0.0,16.417038130940953,52.07765488551814,16.0,30.0,0.0,17.054640935174459,49.94948092350791,16.0,30.0,0.0,19.677223144474437,0.0,0.0,0.0,17.099029493319,0.0,0.0,454.12479144604949,457.15277461819877,494.4836925766677,490.7537588494995,438.100438692423,697.3357673406279,443.9823145289176,439.79806532193256,440.30951510854569,10116.794407878853,81.31548011914485,81.31548011914485,1744.0,0.0,1744.0,1744.0,16.0,16.0,19.0,16.0,16.0,12.0,21.0,10.0,1.0,0.0,1811.395039490242,0.0,0.0,0.0,0.0,0.0,0.0,0.0,0.0,0.0,0.0,81.31548011914485,81.31548011914485,0.34,0.761793317581134,0.36028137401965956,81.31548011914485,0.3542647819438875,0.0,0.03807733333333334 
 02/20  16:40:00,8.633333333333333,73.66666666666667,6.76,23.666666666666669,222.5,0.0,0.0,0.0,2.0,0.0,0.0,0.0,0.0,0.0,4.0,138.0,0.0,781.9395693142337,12.216218321153365,31.303693539090799,23.44609333964495,624.057809569908,0.0,12.216218321153358,16.700496614603389,0.0,0.0,21.07838920582434,-1322.1416940199325,21.69296904150314,69.07604657970205,20.525957139774755,-845.6514492483475,19.68869090070817,363.7996576875739,16.610144149556115,33.45370864800907,20.672567970078086,-92.13276456890105,17.98411336622534,172.86106199660208,16.270145292491294,52.052705458409949,16.94916271275936,58.65698356071425,1052.626497480087,569.462531154245,0.0,0.0,0.0,0.0,0.0,0.0,0.0,0.0,0.0,0.0,0.0,0.0,0.0,0.0,0.0,0.0,0.0,0.0,0.0,0.0,0.0,0.0,1.1018552306182528,0.33634164548786718,269.3684432061994,310.13148624139446,7079.476683429809,0.2270774700667359,0.03465773352666909,166.85004880239004,192.34086511873299,4257.486207880904,1.4909411751497118,0.28173491593909907,281.6398853566194,325.16097023582366,6952.940042079329,0.3546688324826543,0.06701980961501403,298.39567992078886,345.4432038051599,6890.698426415924,0.0,0.0,11.711644727565896,13.72897788374703,188.70824488281819,0.0,0.0,16.585522429102974,19.1555003804154,393.0844235034894,0.0,0.0,254.52247668941244,296.5604782001577,4974.026202540827,0.0,0.0,38.33145262325564,44.982722963552557,594.6419574196466,0.0,0.0,164.09393367543937,192.14649965590292,2747.1462090684669,45.46523939753223,31.18329176785476,452.92178784527769,525.7823214894804,10766.603857987433,0.0,0.0,197.00876796013623,230.66064157811398,3316.525312257138,1720.660848706087,22.054237326683365,35.876098828075928,22.0,30.0,0.0,21.682603563784736,36.70811940887936,16.0,30.0,0.0,21.187459682233123,38.47184207748536,21.0,30.0,0.0,20.392559325341943,40.350811681958507,19.0,30.0,0.0,16.726260234286273,51.030608546639758,12.0,30.0,0.0,20.709131938916238,44.637306561908577,19.0,30.0,0.0,18.51427921202856,45.19212553037484,10.0,30.0,0.0,16.415895792825144,51.98914535919086,16.0,30.0,0.0,17.052238062305898,49.896410652400479,16.0,30.0,0.0,19.628208652176867,0.0,0.0,0.0,17.086929872862439,0.0,0.0,463.3340829434889,457.34631934751487,502.76703322953218,491.4250836279351,441.1050314883837,728.0364138485002,445.4785961113478,445.9860576445327,446.49443897052637,8286.09667677825,82.52603265148503,82.52603265148503,1744.0,0.0,1744.0,1744.0,16.0,19.0,19.0,16.0,16.0,12.0,21.0,10.0,1.0,0.0,1720.660848706087,0.0,0.0,0.0,0.0,0.0,0.0,0.0,0.0,0.0,0.0,82.52603265148503,82.52603265148503,0.34,0.7725575769525134,0.36028137401965956,82.52603265148503,0.3542647819438875,0.0,0.03894933333333333 
 02/20  16:50:00,8.441666666666667,74.33333333333333,6.654999999999999,19.333333333333337,178.00000000000004,0.0,0.0,0.0,2.0,0.0,0.0,0.0,0.0,0.0,4.0,138.0,0.0,616.3038138235189,9.734862304827411,24.945266452152049,18.479578966426776,491.8656038031884,0.0,9.734862304827408,13.308294816889863,0.0,0.0,21.14230889270359,-1347.0545368010717,21.65571046010932,83.56938521421034,20.54503090914686,-864.3175840919976,19.69835459006308,363.24101355063979,16.61847780083314,34.09139732396585,20.61762158859483,-91.79390153850761,18.01754440950736,172.3405556986745,16.26944478840721,51.726491218835239,16.950785111277658,57.107621290080718,1064.0067776910474,607.0432588132453,0.0,0.0,0.0,0.0,0.0,0.0,0.0,0.0,0.0,0.0,0.0,0.0,0.0,0.0,0.0,0.0,0.0,0.0,0.0,0.0,0.0,0.0,1.1056548336766057,0.33750147548125938,269.8828369918955,310.7412221849403,7194.569753752051,0.2273450390605127,0.03469857128518204,165.5219075376767,190.7964922681708,4296.377106780089,1.550028336942045,0.29290029042744628,284.21775128082927,328.172463419798,7116.810045214583,0.3665746568883177,0.06926958746944777,301.843267737681,349.45022660811977,7085.905019682968,0.0,0.0,11.76582701823048,13.793745997002425,194.0969584495951,0.0,0.0,16.665249991816429,19.248235047564199,401.0232662138797,0.0,0.0,257.39423318013578,299.89292422370576,5143.482357383998,0.0,0.0,38.70383025217601,45.42299951263383,615.1100540733404,0.0,0.0,166.27082642047703,194.71004469939644,2846.5110653986996,45.20541494940397,31.00508569917969,454.63107887750587,527.7876191335752,11001.19172611841,0.0,0.0,199.50205127951737,233.63524115097864,3418.3750140633439,1711.9003794144533,22.053837110028849,35.90731942790142,22.0,30.0,0.0,21.716343784523933,36.70230835549078,16.0,30.0,0.0,21.171647264358687,38.545870222701108,21.0,30.0,0.0,20.39498268046745,40.383780725200768,19.0,30.0,0.0,16.727425017771677,50.864897280678238,12.0,30.0,0.0,20.701556867458824,44.878118690581498,19.0,30.0,0.0,18.546200490719956,45.09820913285876,10.0,30.0,0.0,16.41465318583673,51.96829150419596,16.0,30.0,0.0,17.050784130433468,49.86965515266159,16.0,30.0,0.0,19.643328065552354,0.0,0.0,0.0,17.044840884004576,0.0,0.0,470.6879791427183,466.6181944064297,510.21575593863937,499.40191003836636,443.7189588442092,747.1184947907516,452.7946261344838,450.52716614142687,450.51574235218677,7005.43715316712,83.37262233040635,83.37262233040635,1744.0,0.0,1744.0,1744.0,16.0,19.0,19.0,16.0,16.0,12.0,21.0,10.0,1.0,0.0,1711.9003794144533,0.0,0.0,0.0,0.0,0.0,0.0,0.0,0.0,0.0,0.0,83.37262233040635,83.37262233040635,0.34,0.7703697596734946,0.36028137401965956,83.37262233040635,0.3542647819438875,0.0,0.03885244444444444 
 02/20  17:00:00,8.25,75.0,6.55,15.0,133.5,0.0,0.0,0.0,2.0,0.0,0.0,0.0,0.0,0.0,4.0,553.0,0.0,446.75475072675899,7.3592704974118299,18.85786904430474,13.395728297414863,356.5502542951092,0.0,7.359270497411826,10.060680711244297,0.0,0.0,20.762860102635643,-264.526198403006,21.394825537974435,-458.56269857717009,20.55776592214608,-924.1987550007684,19.7063800876225,355.9068503108833,16.62121741138632,29.268601909070797,20.53901609937638,-68.92242855519968,17.943032738654666,58.113228994574459,16.263772712275875,42.46980425694733,16.94349050261538,28.722003725866217,1006.0043717563062,608.0242868668909,0.0,0.0,0.0,0.0,0.0,0.0,0.0,0.0,0.0,0.0,0.0,0.0,0.0,0.0,0.0,0.0,0.0,0.0,0.0,0.0,0.0,0.0,1.2453987851023579,0.380158359310854,212.57283368189455,246.45784067019319,5433.448147617697,0.2174172692633133,0.0331833439046571,177.18016401008183,205.28661251869938,4538.576252184084,1.3636022971064626,0.2576723917434737,279.73534772720168,324.2506907613182,7090.220334308641,0.3307429744328684,0.06249867241739764,293.45565844353919,341.0359132366674,6995.160825381134,0.0,0.0,10.440047672732858,12.287881342261548,175.98145806389759,0.0,0.0,15.323361478414169,17.77682455319139,373.6678378551561,0.0,0.0,242.77728562499773,284.13306211053915,4859.359762538986,0.0,0.0,36.89142466379055,43.46612272601472,599.3235602808161,0.0,0.0,161.42366852394816,189.78395467679676,2817.9642816389839,44.68692766648709,30.649470278797737,412.34050541074728,480.9282556443091,10032.06756404691,0.0,0.0,193.3578306137094,227.404801722674,3344.143434114536,455.5795033828996,21.279994161331766,37.62365505375918,21.25,30.0,0.0,21.336219862390235,37.45640085722301,16.0,30.0,0.0,21.148266950412756,38.506959637774858,21.0,30.0,0.0,20.39463220198918,40.354524606386757,19.0,30.0,0.0,16.720829228656514,50.85580996471542,12.0,30.0,0.0,20.68041787459855,45.09715224425278,19.0,30.0,0.0,18.36464758212503,45.57961766761852,10.0,30.0,0.0,16.404091101348429,51.9016585344109,16.0,30.0,0.0,17.032562334895215,49.80870194551662,16.0,30.0,0.0,19.406901684143059,0.0,0.0,0.0,16.932614432599896,0.0,0.0,474.43048739276437,480.8367616647755,520.7644760994682,512.5927698001357,449.0195433619663,763.4190068799791,460.83191427571065,456.24053823658428,458.6943035061327,3940.495507058102,83.12303654691206,83.12303654691206,1744.0,0.0,1744.0,1744.0,16.0,19.0,19.0,16.0,16.0,12.0,21.0,10.0,1.0,0.0,455.5795033828996,0.0,0.0,0.0,0.0,0.0,0.0,0.0,0.0,0.0,0.0,83.12303654691206,83.12303654691206,0.17,0.3461292224818525,0.18014068700982978,83.12303654691206,0.17713239097194376,0.0,0.038755555555555567 
 02/20  17:10:00,8.078333333333334,75.33333333333333,6.431666666666667,10.666666666666666,88.99999999999999,0.0,4.0,0.0,0.0,0.0,0.0,0.0,0.0,0.0,0.0,556.0,0.0,282.14757085112196,4.609093646962288,11.810633817861586,8.46005963209674,225.17899133225724,0.0,4.609093646962285,6.30098045269842,0.0,0.0,20.86088313685488,-717.5641982864017,21.07615733935485,-15.213914332539048,20.80269826430434,-753.2100735637388,19.72330145888437,-24.718410055199599,16.61816845054048,31.36589859014731,20.245093435649119,-315.4495595496754,17.96263389598883,209.07530455578218,16.246745968239034,35.190698644988859,16.9123075964617,4.583740246109755,978.441226368639,696.1810385808108,0.0,0.0,0.0,0.0,0.0,0.0,0.0,0.0,0.0,0.0,0.0,0.0,0.0,0.0,0.0,0.0,0.0,0.0,0.0,0.0,0.0,0.0,1.3806141395384924,0.42143288752701238,379.5555499894509,439.7568471257072,9903.363215238658,0.27117171823320698,0.0413876248829681,168.20235151528656,195.27403964038116,4257.668019250736,1.1305029231417026,0.21362489099427496,228.2703248223408,263.8753163745854,6099.055162642731,0.3368131120034342,0.06364571277464741,30.432160021610068,35.353041428907598,738.5017297916065,0.0,0.0,11.319740477078128,13.322218387615085,194.3974359816438,0.0,0.0,84.17288508413088,97.8115014248521,2018.075396139201,0.0,0.0,324.6354564784084,379.83905928782658,6644.809145907691,0.0,0.0,37.114435762579088,43.73761520106673,613.5602299654465,0.0,0.0,174.20765499083354,204.87054275516497,3081.475427491648,44.30701345000114,30.388898113855395,316.9851155196239,369.8659319598828,7978.607033180081,0.0,0.0,206.62578799985199,243.03663238664229,3634.61922374347,1095.548164800091,21.5164150219374,36.90742097050162,21.75,30.0,0.0,20.998845048916949,38.21425459121302,16.0,30.0,1258.0963462262797,21.571611725515635,36.740774429191819,21.5,30.0,0.0,20.317291185671427,42.96900017384762,19.0,30.0,0.0,16.70741313236111,51.07561089205649,12.0,30.0,0.0,20.29603066716612,42.52350800333039,16.0,30.0,0.0,18.429979596859839,46.00189633878381,10.0,30.0,0.0,16.374622011787336,52.31147900678946,16.0,30.0,0.0,16.975741716110844,50.487708062792638,16.0,30.0,0.0,19.180296521563354,0.0,0.0,0.0,16.895153280101785,0.0,0.0,494.04081214059576,491.8846976121528,501.75678475288466,661.6048456242355,470.2708433189037,584.7389052214946,509.28418290899267,488.18867250642406,500.71567484106967,9403.882994683545,81.78687028290489,85.18977957885906,162.0,0.0,162.0,162.0,16.0,19.0,16.0,16.0,16.0,12.0,21.0,10.0,1.0,0.0,1095.548164800091,0.0,1258.0963462262797,0.0,0.0,0.0,0.0,0.0,5150.013709483415,3090008.225690049,4036118.8240753908,81.78687028290489,85.24757227558794,0.34166712364944726,0.7657867074953979,0.36028137401965956,85.24757227558794,0.3542647819438875,4036118.8240753908,0.21346917885192033 
 02/20  17:20:00,7.906666666666667,75.66666666666667,6.3133333333333339,0.0,0.0,0.0,4.0,0.0,0.0,0.0,0.0,0.0,0.0,0.0,0.0,698.0,0.0,0.0,0.0,0.0,0.0,0.0,0.0,0.0,0.0,0.0,0.0,20.925381296379905,-979.7492384463296,20.93435620353626,95.23192300426519,20.821033792166359,-799.9584904370304,19.70050960798852,-27.348179514010896,16.606058797289188,30.88491219209765,19.82045313714423,-231.01453772996684,18.023685517839156,159.20381071452943,16.230331557388796,32.594650207470397,16.88799900590543,4.126234049326376,849.4306108441278,701.718041582506,0.0,0.0,0.0,0.0,0.0,0.0,0.0,0.0,0.0,0.0,0.0,0.0,0.0,0.0,0.0,0.0,0.0,0.0,0.0,0.0,0.0,0.0,1.3641549913195755,0.41640872750902799,284.95276432382118,330.0754097934459,7601.736084409239,0.2888225934611339,0.04408159240859797,189.04552969499756,219.25616198828909,4857.159684514176,1.2156868144140026,0.22972162025963775,141.93950438676809,164.35002448960263,3791.8446555232837,0.3397640991870703,0.06420334451758697,29.230607670296949,33.97206520080652,716.229019179674,0.0,0.0,11.16422639920386,13.146126395380805,195.15859024225777,0.0,0.0,78.8430240258961,91.84792612677299,1851.310114019303,0.0,0.0,318.78785564650459,373.0418360789823,6678.530390904244,0.0,0.0,36.89965012416361,43.49820752858721,620.9310813716265,0.0,0.0,170.25293213256405,200.28371063096854,3058.4096775132759,43.926757731990409,30.12809172290153,223.28696280133074,260.8882408974938,5773.658280201067,0.0,0.0,202.17210906976855,237.9778003853091,3571.2559913329289,1270.0919085906604,21.52154689262292,36.44214512337706,21.6,30.0,0.0,21.006667187046945,37.903077053340357,16.0,30.0,1354.160946567215,21.5030092077613,36.364720362521207,21.400000000000003,30.0,0.0,20.251122651065207,45.077411879188,19.0,30.0,0.0,16.689317611476765,51.23659649209483,12.000000000000002,30.0,0.0,19.83438422114323,42.211731554264648,16.0,30.0,0.0,18.502242235864558,45.492780672914289,10.0,30.0,0.0,16.35045347868914,52.59156822330173,16.0,30.0,0.0,16.940619146542109,50.609893161013108,16.0,30.0,0.0,18.457646750238216,0.0,0.0,0.0,16.77085358389649,0.0,0.0,504.27156805616115,499.0694216218678,506.6839694203634,786.4532440430481,489.44473094763108,518.0072459500743,513.1225316856637,511.24041850430435,515.1160736015027,7772.557425882225,81.63843482596721,83.21485655821422,162.0,0.0,162.0,162.0,16.0,19.0,16.0,16.0,16.0,12.0,21.0,10.0,1.0,0.0,1270.0919085906604,0.0,1354.160946567215,0.0,0.0,0.0,0.0,0.0,2385.4053708831377,1431243.2225298824,1852889.1064742706,81.63843482596721,83.24162943258878,0.2835135123627713,0.5854255691862482,0.28822509921572767,83.24162943258878,0.28341182555511,1852889.1064742706,0.09999523353666205 
 02/20  17:30:00,7.734999999999999,76.0,6.195,0.0,0.0,0.0,4.0,0.0,0.0,0.0,0.0,0.0,0.0,0.0,0.0,562.0,0.0,0.0,0.0,0.0,0.0,0.0,0.0,0.0,0.0,0.0,0.0,20.886309319395687,-830.5014302503873,20.8467297823209,76.44821046013419,20.854184865552555,-980.0945841730834,19.687689358452344,-31.350426630713146,16.602682907038763,28.24323896210484,19.556108869036146,-172.13760406679888,17.990145342000536,118.75379799930215,16.211768229115508,26.505032660741337,16.859433249295987,-13.60559041407896,781.0296818071015,720.8046482313703,0.0,0.0,0.0,0.0,0.0,0.0,0.0,0.0,0.0,0.0,0.0,0.0,0.0,0.0,0.0,0.0,0.0,0.0,0.0,0.0,0.0,0.0,1.377566318537838,0.42050253923621436,239.70628445029679,277.7418284957913,6420.5511981457279,0.28706770544315676,0.04381375235701416,151.92535442269435,176.21572661680859,3948.7521752822115,1.2408840371446326,0.234483000216295,120.98513951670611,139.97935952909269,3315.0814921027679,0.32762449423194087,0.06190939044443324,26.593607459147223,30.906282118810958,658.9620874909083,0.0,0.0,10.614773012967114,12.498026698295345,188.80831818057158,0.0,0.0,71.52909115476106,83.40257430357795,1661.410003635598,0.0,0.0,309.361686572871,362.09814418589317,6534.356680736371,0.0,0.0,36.35320562039939,42.85534134403805,622.1620043498526,0.0,0.0,168.44605984908069,198.18634316659797,3068.688226771892,43.47870636876108,29.820786261153015,177.42370502438525,207.4995671519144,4688.871929638845,0.0,0.0,199.82814783483014,235.31963884048884,3548.569870564703,988.6664739872903,21.33584331412878,36.639003011573297,21.5,30.0,0.0,20.96119871167855,37.6800165522036,16.0,30.0,1657.337352534385,21.53926629365082,36.057285783892719,21.5,30.0,0.0,20.205340727322715,46.02142655255425,19.0,30.0,0.0,16.670185285128249,51.179271362960609,12.0,30.0,0.0,19.523342955765693,42.62509252673611,16.0,30.0,0.0,18.41254622914508,45.37632198030837,10.0,30.0,0.0,16.320858637396463,52.35538263913816,16.0,30.0,0.0,16.893763256121504,50.349027568880419,16.0,30.0,0.0,18.006305335198414,0.0,0.0,0.0,16.640666044849433,0.0,0.0,513.9090245455188,508.467859152325,517.1935400245824,856.6012840137131,499.6545615579406,512.9819151914699,512.6577805854341,513.0542514285677,513.0403587851084,6617.610101479548,82.14747899766255,82.14747899766255,162.0,0.0,162.0,162.0,16.0,19.0,16.0,16.0,16.0,12.0,21.0,10.0,1.0,0.0,988.6664739872903,0.0,1657.337352534385,0.0,0.0,0.0,0.0,0.0,0.0,0.0,0.0,82.14747899766255,82.14747899766255,0.255,0.5401482594103926,0.27021103051474468,82.14747899766255,0.2656985864579156,0.0,0.003699 
 02/20  17:40:00,7.563333333333333,76.33333333333333,6.076666666666666,0.0,0.0,0.0,4.0,0.0,0.0,0.0,0.0,0.0,0.0,0.0,0.0,564.0,0.0,0.0,0.0,0.0,0.0,0.0,0.0,0.0,0.0,0.0,0.0,21.02482191375517,-1024.197212566019,21.2813197582484,-387.6118319928753,20.70174873646325,-115.9521077885579,19.684868447437887,-30.04570875925407,16.60480986301048,28.514136475433007,19.365056355725196,-123.65410708434297,18.00116665190985,127.85720467182046,16.18870374537752,19.62196436317066,16.81928560393265,-35.4631126920583,888.8514851912059,789.4949705087433,0.0,0.0,0.0,0.0,0.0,0.0,0.0,0.0,0.0,0.0,0.0,0.0,0.0,0.0,0.0,0.0,0.0,0.0,0.0,0.0,0.0,0.0,1.3664274984007814,0.4171024109892495,273.52487888866599,316.90373508492277,7491.8455444337,0.22366414707451955,0.03413677458402312,79.14267357236108,91.42567588926517,2160.914600595771,1.4588913828258484,0.2756786437690569,184.02870145560355,213.384020159358,5041.796483844353,0.37385471955351826,0.07064526068660584,32.750038279135669,38.07560234566817,820.499216039176,0.0,0.0,10.498153305734995,12.363592235881996,190.15136191563375,0.0,0.0,62.20213687870255,72.59050588350164,1441.3447193145944,0.0,0.0,311.5621427590329,364.71583977926709,6698.120073862413,0.0,0.0,37.52368763463642,44.2488181780558,652.3694322358809,0.0,0.0,175.72335925819633,206.8277944625184,3239.1433470071344,43.44254528700593,29.795984421814774,208.70456758057194,243.95606127326858,5615.806233035786,0.0,0.0,208.0663070946057,245.12922079311543,3733.050861327982,1179.2538139357449,21.56901089967149,36.12680625370604,21.75,30.0,1029.0744253834317,21.753014702490355,35.78103669052119,21.75,30.0,0.0,21.396870571717508,36.382867447769267,21.0,30.0,0.0,20.181325795454315,45.730133343238467,19.0,30.0,0.0,16.66121571873799,50.86326087430424,12.0,30.0,0.0,19.31515859603916,42.646091881075417,16.0,30.0,0.0,18.431778306737916,44.73927494492378,10.0,30.0,0.0,16.28357419147632,51.81711754670494,16.0,30.0,0.0,16.82789026420572,49.82679624453851,16.0,30.0,0.0,18.620546250808557,0.0,0.0,0.0,16.55857098911573,0.0,0.0,537.895236606763,524.4174397356952,532.87134050982,860.7946245185812,506.1100205000117,515.2068535948384,521.2938582170085,514.1498935273044,515.043025661605,6858.173870745857,81.71519252914512,81.71519252914512,162.0,0.0,162.0,162.0,21.0,19.0,16.0,16.0,16.0,12.0,21.0,10.0,1.0,0.0,1179.2538139357449,1029.0744253834317,0.0,0.0,0.0,0.0,0.0,0.0,0.0,0.0,0.0,81.71519252914512,81.71519252914512,0.255,0.5786619768162972,0.27021103051474468,81.71519252914512,0.2656985864579156,0.0,0.0037530000000000004 
 02/20  17:50:00,7.391666666666667,76.66666666666667,5.958333333333334,0.0,0.0,0.0,4.0,0.0,0.0,0.0,0.0,0.0,0.0,0.0,0.0,426.0,0.0,0.0,0.0,0.0,0.0,0.0,0.0,0.0,0.0,0.0,0.0,20.941744083233148,-659.1418347560538,21.08392429311929,-303.2712116231211,20.914436116326269,-716.4271563018582,19.687930198672924,-25.426162228098844,16.61024351944412,26.404761851152199,19.210968302055009,-114.00174715831153,17.943421595985038,102.18019798051327,16.167587138246188,16.800198697664518,16.78403580067788,-38.9175638134075,885.4798007412539,787.5810330960148,0.0,0.0,0.0,0.0,0.0,0.0,0.0,0.0,0.0,0.0,0.0,0.0,0.0,0.0,0.0,0.0,0.0,0.0,0.0,0.0,0.0,0.0,1.4341184673591885,0.4377650999264926,248.38900824718707,287.51799927382617,6924.378304120795,0.27798184428984,0.04242702141175828,158.2060803020317,183.25898425459904,4327.03531414825,1.2904156837361998,0.24384272179444467,154.5452812827363,178.69126428310194,4365.94630352666,0.3534027168876186,0.06678055874671557,30.393104415646986,35.321401047247608,771.5829738645464,0.0,0.0,10.299317887485163,12.125742464145484,190.0280864517045,0.0,0.0,62.30754991533722,72.73587315819114,1445.7701699694424,0.0,0.0,304.9166422836201,356.98919194776939,6592.021634425939,0.0,0.0,36.1718605428774,42.65059332955927,639.1171492615532,0.0,0.0,171.905549986972,202.32645603016597,3210.926276290692,42.969814318288609,29.471751932982614,183.5939302563545,214.71871764169118,4968.139262746305,0.0,0.0,203.02666275224238,239.24845398422895,3660.740064180399,1094.0414139960456,21.531249624614167,36.139512435197108,21.666666666666687,30.00000000000002,702.7023352377007,21.261939000150094,36.692928055658018,21.33333333333335,30.00000000000002,1637.4680534326927,21.69888884331604,35.680452815546328,21.666666666666687,30.00000000000002,0.0,20.171116335192058,45.623175794387659,19.000000000000015,30.00000000000002,0.0,16.65784447136173,50.53242340959896,12.00000000000001,30.00000000000002,0.0,19.151089573292177,42.81057688625627,16.000000000000015,30.00000000000002,0.0,18.314853654806308,44.90668188243652,10.000000000000007,30.00000000000002,0.0,16.251845321445015,51.52134286433362,16.000000000000015,30.00000000000002,0.0,16.77632029303698,49.73195616301146,16.000000000000015,30.00000000000002,0.0,18.456413301811805,0.0,0.0,0.0,16.425706091666578,0.0,0.0,538.8077364712805,548.5536169929305,541.0794642876713,872.5560513461376,511.88913384748278,519.5708769195398,524.135219478954,517.7912392529764,519.1397820170752,9643.324256883183,81.62857389608574,83.87774421487187,162.0000000000001,0.0,162.0000000000001,162.0000000000001,21.0,19.0,16.0,16.0,16.0,12.0,21.0,10.0,1.0,0.0,1094.0414139960456,702.7023352377007,1637.4680534326927,0.0,0.0,0.0,0.0,0.0,3403.9567788620768,2042374.0673172444,2655724.6241020096,81.62857389608574,83.91594259361789,0.3401318926287361,0.7675730599695843,0.3602813740196598,83.91594259361789,0.3542647819438878,2655724.6241020096,0.1418326804533045 
 02/20  18:00:00,7.22,77.0,5.84,0.0,0.0,0.0,4.0,0.0,0.0,0.0,0.0,0.0,0.0,0.0,0.0,568.0,0.0,0.0,0.0,0.0,0.0,0.0,0.0,0.0,0.0,0.0,0.0,20.74883452406375,-139.14321869296419,21.36103302811261,-1000.8929935123033,20.52664625982205,-250.07954180982197,19.701024321597307,-30.567606014447905,16.61667379117116,24.633741018112845,19.08000332396955,-101.81288627684205,17.921796748864098,101.224204144552,16.142947839459028,8.342432062986177,16.741064507144075,-65.22250697344453,938.7871373859389,808.4256393187068,0.0,0.0,0.0,0.0,0.0,0.0,0.0,0.0,0.0,0.0,0.0,0.0,0.0,0.0,0.0,0.0,0.0,0.0,0.0,0.0,0.0,0.0,1.4141834642824783,0.43167993415216068,262.9373181758784,304.937266196871,7283.27371456976,0.23556021726512506,0.03595241411250383,212.4151639814266,245.98393478711197,6037.370520140591,1.417920447120137,0.26793659242632986,114.85987223231798,133.21071108641588,3177.1006849724019,0.36537093838822756,0.06904212743541713,31.3038283741062,36.41375164796841,805.8419040271513,0.0,0.0,10.176614947645354,11.988333091769582,191.22147957300036,0.0,0.0,59.08922717856094,69.05121509630601,1376.3890906582097,0.0,0.0,302.11094028506479,353.9462756434659,6607.749796255057,0.0,0.0,36.1512537843867,42.65266704720018,648.4843297361905,0.0,0.0,171.5887747596946,202.10236679345025,3241.75136173291,42.734722483636,29.310509248035677,199.6466620048938,233.59929911837907,5501.142638189265,0.0,0.0,202.53200760049263,238.89428778993449,3669.5606249404929,63.726830067359859,21.294098164964994,36.511213703885918,21.0,30.0,870.3014796191519,21.726720829854324,35.47929452333861,21.5,30.0,2.1164143665819656,21.197898327125583,36.65088991244967,21.0,30.0,0.0,20.179273999947037,45.27280345455779,19.0,30.0,0.0,16.656725895340438,50.270810673840617,12.0,30.0,0.0,19.018437456423209,42.97534814331455,16.0,30.0,0.0,18.269163612971,44.84077669036286,10.0,30.0,0.0,16.214004327206273,51.40838841519643,16.0,30.0,0.0,16.710031025478629,49.71658281057516,16.0,30.0,0.0,18.697871481870437,0.0,0.0,0.0,16.293920159012158,0.0,0.0,550.3092695416842,557.0284061121032,549.4160026400391,873.108738060088,516.5875166795541,523.5792778904759,528.7992237956737,521.7752137563682,523.3636903579029,6841.222580216172,82.19106375289349,83.87815572168137,162.0,0.0,162.0,162.0,21.0,19.0,16.0,16.0,16.0,12.0,21.0,10.0,1.0,0.0,63.726830067359859,870.3014796191519,2.1164143665819656,0.0,0.0,0.0,0.0,0.0,2553.2914646373308,1531974.8787823984,1988615.1000291319,82.19106375289349,83.90680814407236,0.25510971548791108,0.5371167256232279,0.27021103051474468,83.90680814407236,0.2656985864579156,1988615.1000291319,0.10712498520151488 
 02/20  18:10:00,7.098333333333333,77.33333333333334,5.773333333333333,0.0,0.0,0.0,0.0,0.0,0.0,0.0,0.0,4.0,0.0,0.0,0.0,572.0,0.0,0.0,0.0,0.0,0.0,0.0,0.0,0.0,0.0,0.0,0.0,21.122706146438689,-878.7172788149763,20.9915474388494,-39.68002634442462,20.8407440674789,-1866.042255037588,19.924088270266929,755.312180778833,16.6254138014748,26.786386795134179,18.96419199538876,-87.66070774142378,17.949453436564384,150.94436898456025,16.11325634919511,2.937889814730852,16.687179716188333,-79.27983378896784,1089.8113262092189,860.4401373905107,0.0,0.0,0.0,0.0,0.0,0.0,0.0,0.0,0.0,0.0,0.0,0.0,0.0,0.0,0.0,0.0,0.0,0.0,0.0,0.0,0.0,0.0,1.3831928428189,0.42222003749050676,146.96592663454488,170.06047388575483,4271.327576598084,0.31407114378027159,0.047935156254620209,20.10959105265441,23.312546868707185,567.6206602194865,1.4312021062299574,0.27044635416287945,373.5326676671213,432.7101824517035,10649.8768462736,0.3930681612686229,0.07427591860707159,388.7852410869756,451.8560875112606,10378.7338823982,0.0,0.0,10.983920940421826,12.940604399771005,209.1614390957405,0.0,0.0,55.87886488312706,65.3400761427459,1302.8805965927496,0.0,0.0,310.74447862442437,364.0005052258272,6914.51208591922,0.0,0.0,36.81555656550802,43.447852471043578,666.1480646193147,0.0,0.0,179.20389238760979,211.14559030992144,3400.5824775887228,42.92202074082756,29.43897170152783,398.9577384319059,466.20645106804019,10480.940285271674,0.0,0.0,210.8323898232249,248.74510491600319,3848.939553810702,1317.5871020268413,21.801587733975575,36.215279626880299,21.75,30.0,0.0,21.30593332831924,38.97651252164827,21.0,30.0,2328.368035799052,21.650147282599023,37.02960334073182,21.75,30.0,0.0,20.713500749843275,38.61641335406919,16.0,30.0,0.0,16.661103772912435,49.98022975369529,12.0,30.0,0.0,18.902035088086828,43.09870853281245,16.0,30.0,0.0,18.3410411812796,44.52115185155591,10.0,30.0,0.0,16.168544911951235,51.234536156405997,16.0,30.0,0.0,16.62718917831728,49.688785980127217,16.0,30.0,0.0,19.15203812178006,0.0,0.0,0.0,16.235896920743607,0.0,0.0,618.8130476358058,706.5775621136947,652.8907429244754,615.1470453958178,525.6962869284146,538.1933790868036,551.7877598798124,532.869421614286,539.0715162399414,8206.4728047399,81.139430786034,84.993883529086,240.0,0.0,240.0,240.0,21.0,16.0,16.0,16.0,16.0,12.0,21.0,10.0,1.0,0.0,1317.5871020268413,0.0,2328.368035799052,0.0,0.0,0.0,0.0,0.0,5832.577913502735,3499546.748101641,4578206.185883004,81.139430786034,85.05934493256798,0.2794192637834245,0.5732063053117809,0.27021103051474468,85.05934493256798,0.2656985864579156,4578206.185883004,0.24354672166591624 
 02/20  18:20:00,6.976666666666667,77.66666666666667,5.706666666666667,0.0,0.0,0.0,0.0,0.0,0.0,0.0,0.0,4.0,0.0,0.0,0.0,288.0,0.0,0.0,0.0,0.0,0.0,0.0,0.0,0.0,0.0,0.0,0.0,20.807069710170884,-568.2890747538459,21.01345914069597,-88.75902218364905,20.88184151647949,-1252.3394882090334,19.98160451512438,219.66195609569059,16.63618110947364,23.70224965049252,18.869973716447494,-59.68065364847416,17.853196447438639,15.042173473677395,16.09068222287688,6.452476832961565,16.65019407753652,-61.38396602329749,1008.1363884630355,903.7207347635554,0.0,0.0,0.0,0.0,0.0,0.0,0.0,0.0,0.0,0.0,0.0,0.0,0.0,0.0,0.0,0.0,0.0,0.0,0.0,0.0,0.0,0.0,1.5523266432064947,0.4738481816869642,222.82625612003927,258.02766661292687,6306.851890370121,0.23238273342526187,0.03546745015648075,23.28238624853867,26.914488954992075,662.6631650972477,1.4251371567725602,0.26930029417470915,313.0051247672597,362.32462233240559,8957.20393453131,0.3222983525773394,0.06090293888460682,222.8289698995446,258.87166383283388,6037.453351134703,0.0,0.0,9.852714824131845,11.597951528061735,190.20771534963877,0.0,0.0,51.3597206992884,60.00615413753138,1201.856288065152,0.0,0.0,301.38995514111095,352.9540999851573,6658.820260743277,0.0,0.0,36.1562646288478,42.63282371567708,661.0703588730596,0.0,0.0,182.05282716254954,214.3253964942223,3483.447681008255,42.46371054324531,29.124630002225879,311.7168413292742,363.9970862243987,8426.297336423417,0.0,0.0,213.77600166271277,251.99756916793678,3943.001062280625,917.6702344294198,21.26845231239331,37.08970116455076,21.5,30.0,0.0,21.382391890956656,41.90428102907889,21.0,30.0,1997.0729824476039,21.56294709407367,36.16552908179665,21.5,30.0,0.0,20.709031549747715,38.865893323618909,16.0,30.0,0.0,16.669305240737218,49.78553127898698,12.0,30.0,0.0,18.817002124982986,43.390026153144948,16.0,30.0,0.0,18.12245827960365,45.20831425135285,10.0,30.0,0.0,16.138297361692837,51.28761809339719,16.0,30.0,0.0,16.580228960274476,49.83518412833696,16.0,30.0,0.0,19.039992557285147,0.0,0.0,0.0,16.208083206610355,0.0,0.0,602.0785423522457,879.9385348268224,597.6445642237825,630.4756187434812,538.2390621168036,557.0853673398613,560.421322640352,547.0844741713539,549.6398554774,8704.117215950697,82.24953162285844,82.24953162285844,240.0,0.0,240.0,240.0,21.0,16.0,16.0,16.0,16.0,12.0,21.0,10.0,1.0,0.0,917.6702344294198,0.0,1997.0729824476039,0.0,0.0,0.0,0.0,0.0,0.0,0.0,0.0,82.24953162285844,82.24953162285844,0.34,0.7700429567977387,0.36028137401965956,82.24953162285844,0.3542647819438875,0.0,0.00548 
 02/20  18:30:00,6.855,78.0,5.640000000000001,0.0,0.0,0.0,0.0,0.0,0.0,0.0,0.0,4.0,0.0,0.0,0.0,288.0,0.0,0.0,0.0,0.0,0.0,0.0,0.0,0.0,0.0,0.0,0.0,20.655711946770127,-467.6065291096959,21.001877675057949,-83.66436094338738,20.481728760444278,-612.396515639798,19.942754504462085,334.3626475913843,16.643874209107979,23.4430683583698,18.790460148380775,-64.07738207062937,17.803127718778563,98.17150196593957,16.061928848130834,-3.598564224372126,16.597040054394854,-93.58897362945118,940.4563704075526,929.5305162902664,0.0,0.0,0.0,0.0,0.0,0.0,0.0,0.0,0.0,0.0,0.0,0.0,0.0,0.0,0.0,0.0,0.0,0.0,0.0,0.0,0.0,0.0,1.5390733749544259,0.4698026175074561,135.10258874581053,156.58752015794759,3787.7998508139164,0.22436774991537038,0.03424416207499548,18.09774379265973,20.90607869953254,521.3121681486772,1.535570445741857,0.2901682626118401,215.08750003967959,249.7459481071901,5990.122863222036,0.3450068170224204,0.06519403193923287,231.30880834752166,268.7769378501316,6304.881137315574,0.0,0.0,10.217666460438047,12.02787227868529,199.82093853788016,0.0,0.0,46.45822994625678,54.27433407388493,1092.091074313992,0.0,0.0,303.9724951068197,356.07597662512856,6760.208981560465,0.0,0.0,36.665000946503,43.24552309136324,676.1903612180083,0.0,0.0,184.70836053447042,217.55801485646465,3549.3387750689414,42.450490337365717,29.11556264565551,227.89226737615219,266.5076694800008,6397.01729382342,0.0,0.0,216.82213764844563,255.7031806611086,4020.5779579444117,320.3279245394992,21.01937864388445,37.52473944586049,21.0,30.0,0.0,21.396482069927268,43.594080931128917,21.0,30.0,408.99567952696358,20.976669082146154,37.433115777661289,21.0,30.0,0.0,20.675205127650487,38.171282264894909,16.0,30.0,0.0,16.673159072616117,49.676095306799549,12.0,30.0,0.0,18.748133567368357,43.51687947452348,16.0,30.0,0.0,18.076484669926928,45.17240402948713,10.0,30.0,0.0,16.09406921753513,51.391642147173147,16.0,30.0,0.0,16.49615530870327,50.09187796386884,16.0,30.0,0.0,18.57350720446064,0.0,0.0,0.0,16.129504291819104,0.0,0.0,607.5711337649361,985.0022584316707,596.5167989565055,599.5992580092733,550.0093157990716,568.2329313380994,569.3964368709109,560.0051819754735,565.2136876897232,7330.58315071467,83.15764194369271,83.15764194369271,240.0,0.0,240.0,240.0,21.0,16.0,16.0,16.0,16.0,12.0,21.0,10.0,1.0,0.0,320.3279245394992,0.0,408.99567952696358,0.0,0.0,0.0,0.0,0.0,0.0,0.0,0.0,83.15764194369271,83.15764194369271,0.34,0.7652566436644954,0.36028137401965956,83.15764194369271,0.3542647819438875,0.0,0.00548 
 02/20  18:40:00,6.7333333333333329,78.33333333333333,5.573333333333334,0.0,0.0,0.0,0.0,0.0,0.0,0.0,0.0,4.0,0.0,0.0,0.0,1296.0,0.0,0.0,0.0,0.0,0.0,0.0,0.0,0.0,0.0,0.0,0.0,20.96634052351951,-612.0268124563537,20.978564758224246,-109.90532972558708,20.732493717995106,-1334.4232394226022,19.921894513829395,421.05184651524407,16.649371519058584,21.79487158016145,19.35202968217527,-247.52894067606264,17.84959299503395,161.1414243129224,17.10472791116222,-44.26102334702129,16.56018416351775,-119.22965434530414,1013.8299424685181,913.3689035325972,0.0,0.0,0.0,0.0,0.0,0.0,0.0,0.0,0.0,0.0,0.0,0.0,0.0,0.0,0.0,0.0,0.0,0.0,0.0,0.0,0.0,0.0,1.5055320727545439,0.4595641247724503,135.47238266008368,157.18204167688425,3955.7107572505099,0.2122505275428112,0.032394769160990797,20.994021703428165,24.327611118747169,607.7683814761015,1.5073152975715008,0.28482904338085876,291.4235348003901,338.13754285367068,8500.768236010212,0.3618161713203732,0.06837040274383481,296.3837029552772,344.91997763461287,8097.852930520546,0.0,0.0,10.65868665743692,12.569169011622054,211.00249965143167,0.0,0.0,75.8986302513171,88.55493692087356,1941.2099825268479,0.0,0.0,318.56337999608936,373.723395209772,7225.264675242245,0.0,0.0,21.14231166879732,24.876419275993798,453.36389855530839,0.0,0.0,192.33161576584463,226.9538229659727,3724.658060049648,42.288752900927679,29.004631619292029,299.1912699107747,350.29201477891697,8202.015644573225,0.0,0.0,205.68756227910786,243.15315754945969,3798.966591322378,1000.3926966056637,21.513135202917885,36.144498785693468,21.5555555555556,30.000000000000065,0.0,21.384970992850627,44.012511728813958,21.000000000000044,30.000000000000065,1674.7447299469459,21.495888003956528,35.520026833598837,21.44444444444449,30.000000000000065,0.0,20.642503658008974,37.78268691278083,16.000000000000033,30.000000000000065,0.0,16.673592372075505,49.571960470737938,12.000000000000029,30.000000000000065,1020.7284747625346,19.677253608971946,40.952883204528628,19.66666666666671,30.000000000000065,0.0,18.180672039618174,44.81820531786509,10.000000000000022,30.000000000000065,1330.1055035520779,17.730027718612808,46.3495058073288,20.700000000000047,30.000000000000065,0.0,16.451583268045085,50.10210506405903,16.000000000000033,30.000000000000065,0.0,18.845931293173189,0.0,0.0,0.0,15.96853919260918,0.0,0.0,606.2220444093313,1018.7211867739735,577.9068343469207,588.7879338333574,558.7545551015207,576.8705561772101,581.763459327565,568.9959912218552,575.0844466791184,10330.697331862417,81.17391656519738,83.70608537107116,240.0000000000005,0.0,240.0000000000005,240.0000000000005,21.0,16.0,19.0,16.0,19.7,12.0,21.0,10.0,1.0,0.0,1000.3926966056637,0.0,1674.7447299469459,0.0,1020.7284747625346,0.0,1330.1055035520779,0.0,3831.741981603115,2299045.1889618674,2997957.0940076766,81.17391656519738,83.74909000361844,0.3543913993867712,0.76929328682355,0.36028137401966039,83.74909000361844,0.3542647819438883,2997957.0940076766,0.16137376888839914 
 02/20  18:50:00,6.611666666666667,78.66666666666667,5.506666666666667,0.0,0.0,0.0,0.0,0.0,0.0,0.0,0.0,4.0,0.0,0.0,0.0,864.0,0.0,0.0,0.0,0.0,0.0,0.0,0.0,0.0,0.0,0.0,0.0,21.03801921030575,-695.7735242105465,20.955920612090645,-90.05909632251954,20.761035667762223,-1258.903350639949,19.98669077758473,453.98326220784318,16.65725712352674,22.254765565534787,19.186633277458435,-193.25569529882535,17.883181563188676,78.00073811851738,18.35737168802583,-142.03837364347982,16.50509281776295,-98.84725973216688,1056.3788809695305,1028.8391458339168,0.0,0.0,0.0,0.0,0.0,0.0,0.0,0.0,0.0,0.0,0.0,0.0,0.0,0.0,0.0,0.0,0.0,0.0,0.0,0.0,0.0,0.0,1.497297097000371,0.4570503959097586,143.9698974755523,166.9874554646985,4259.86673779955,0.2276997442934526,0.03475270822549638,18.408560003637665,21.326637329673518,538.2893672269918,1.5019858310337762,0.2838219635362386,306.3437919212338,355.3206662364928,9031.764535643682,0.36855062640062055,0.06964297551032123,316.3415424670784,368.01447753253327,8781.544238618533,0.0,0.0,10.601742023909864,12.502016828772334,212.60042614256717,0.0,0.0,72.71532311372485,84.95389870866078,1835.5701752762296,0.0,0.0,322.71317646708288,378.540330183451,7417.149961070367,0.0,0.0,31.305458918236125,36.471641462636949,822.9250148567993,0.0,0.0,215.0651338745426,253.84248543348984,4187.38963472613,42.25992207961406,28.984857393425249,313.5876422566856,367.00205347415496,8698.468325592545,0.0,0.0,219.64724601249473,259.5297667996756,4151.051712498193,827.2688916817638,21.58344877871942,35.67085310535463,21.49999999999997,29.999999999999959,0.0,21.374329394081479,44.55909631185271,20.99999999999997,29.999999999999959,1605.1535088632468,21.57475504173694,35.02846901014858,21.49999999999997,29.999999999999959,0.0,20.75331923462627,37.148055549523579,15.999999999999977,29.999999999999959,0.0,16.680335899230998,49.403804134358377,11.999999999999983,29.999999999999959,0.0,19.404311577178036,41.527504051434409,18.99999999999997,29.999999999999959,0.0,18.21503256358462,44.51033673045874,9.999999999999986,29.999999999999959,1265.4084929215442,19.84459757759582,40.41873159117006,20.69999999999997,29.999999999999959,0.0,16.3769010609744,50.18226932140472,15.999999999999977,29.999999999999959,0.0,18.984919128298427,0.0,0.0,0.0,16.063063206748514,0.0,0.0,600.5794542991251,1060.1749675087249,572.7687850923049,582.5776444556116,569.271351832527,586.6292418656691,585.328079663639,577.6172409495321,581.9983607438486,9817.199211949617,81.5135785183414,83.8372534171873,239.99999999999967,0.0,239.99999999999967,239.99999999999967,21.0,16.0,19.0,16.0,19.7,12.0,21.0,10.0,1.0,0.0,827.2688916817638,0.0,1605.1535088632468,0.0,0.0,0.0,1265.4084929215442,0.0,3516.599161521229,2109959.49691274,2745423.689262241,81.5135785183414,83.87671713104096,0.343886638717374,0.7690274161415402,0.360281374019659,83.87671713104096,0.354264781943887,2745423.689262241,0.1482420318416366 
 02/20  19:00:00,6.49,79.0,5.44,0.0,0.0,0.0,0.0,0.0,0.0,0.0,0.0,4.0,0.0,0.0,0.0,576.0,0.0,0.0,0.0,0.0,0.0,0.0,0.0,0.0,0.0,0.0,0.0,20.976959290542597,-427.43918229122576,20.931202162067735,-100.94734626101155,21.048040803724466,-1656.805313616328,20.04443562835062,421.23801775872337,16.661698287513337,18.44194306405234,19.125888173254027,-169.03799760052267,17.767237947608885,65.70040269668152,18.71232208913832,-218.39341285364879,16.48040748728056,-81.05368223743062,1175.9007197089964,1041.938326255275,0.0,0.0,0.0,0.0,0.0,0.0,0.0,0.0,0.0,0.0,0.0,0.0,0.0,0.0,0.0,0.0,0.0,0.0,0.0,0.0,0.0,0.0,1.5666585260874333,0.47822299331118237,295.2188852293708,342.23626310718506,8693.030404941197,0.20659250524274806,0.03153121264388707,23.36605130599566,27.082598695845314,685.5073765007738,1.4143830796670698,0.2672681556438153,454.70514995431139,527.215518569855,13491.238753665006,0.3401279986652739,0.06427210859132157,287.08324251509216,333.85078882848787,8092.098680992095,0.0,0.0,10.00320900149611,11.791524425332567,203.07121075428987,0.0,0.0,68.99335859182696,80.63421886953324,1729.1587615128759,0.0,0.0,304.71126141129175,357.59710151256868,6953.6159169920369,0.0,0.0,44.703067996601067,52.040858565494549,1215.7041820927844,0.0,0.0,209.67021287913154,247.46817862823779,4125.454859595471,42.049130221124467,28.84028135879594,451.07833550874309,526.8277237045222,12605.263669693133,0.0,0.0,214.9794514308513,254.01087027801607,4106.186278580978,910.6721172200596,21.37362028438948,35.82726593266991,21.5,30.0,0.0,21.351246695006183,44.227315375803438,21.0,30.0,2127.2790447930749,21.60962361565768,34.91381221547569,21.5,30.0,0.0,20.840526238640856,36.71198405646163,16.0,30.0,0.0,16.681182010054049,49.25092245219617,12.0,30.0,458.0683035435375,19.18346331837988,42.07460676296639,19.25,30.0,0.0,17.998203466741449,45.00564151664993,10.0,30.0,552.5642942223452,20.316886399800546,39.01075494641639,20.2,30.0,0.0,16.355936902290968,50.10324811770524,16.0,30.0,0.0,19.377138306955847,0.0,0.0,0.0,16.040731328726513,0.0,0.0,594.5370360985373,1051.3908070667897,576.8529066054406,579.7822410285327,576.3219575785774,595.3068029439399,588.8815638288511,583.9273141182978,584.9702566307485,9898.902836381843,81.45953878811344,83.16516159673575,240.0,0.0,240.0,240.0,21.0,16.0,19.0,16.0,19.7,12.0,21.0,10.0,1.0,0.0,910.6721172200596,0.0,2127.2790447930749,0.0,458.0683035435375,0.0,552.5642942223452,0.0,2581.308763477092,1548785.258086255,2007729.8062100113,81.45953878811344,83.19412873430528,0.34104362544923647,0.7697072438371104,0.36028137401965956,83.19412873430528,0.3542647819438875,2007729.8062100113,0.10988194992292057 
 02/20  19:10:00,6.403333333333334,79.00000000000002,5.381666666666668,0.0,0.0,0.0,0.0,1.0,2.0,0.0,0.0,4.0,0.0,0.0,0.0,432.0,0.0,0.0,0.0,0.0,0.0,0.0,0.0,0.0,0.0,0.0,0.0,21.163617980984037,-714.233864214153,20.918068514193526,-81.51606105305996,21.09819319420111,-1417.7155493361334,19.998428308409037,403.4286424312462,16.664112902798729,18.690767141063078,19.507068579915406,-78.34319066614875,17.76946712338919,47.713245803871057,18.724597688265818,-203.5907906278169,16.44677431625883,-117.56581231274868,1100.8987119455913,1051.6356901882664,0.0,0.0,0.0,0.0,0.0,0.0,0.0,0.0,0.0,0.0,0.0,0.0,0.0,0.0,0.0,0.0,0.0,0.0,0.0,0.0,0.0,0.0,1.4826993565700373,0.45259443118743516,220.46999843907427,255.4040388488752,6622.5773451164909,0.22789099102573347,0.03478189728719986,18.476217367444755,21.404726000456724,547.1675033924815,1.5454273763173934,0.29203087231999128,386.137078708241,447.1407190753615,11626.615276985236,0.3687990239076981,0.06968991381475776,300.3034351377556,348.92135151407526,8460.677737650716,0.0,0.0,10.473248377101696,12.342229462711338,214.43238329887215,0.0,0.0,14.711635551505517,17.138936500370315,392.82208732423308,0.0,0.0,255.80124344959814,300.1024480236267,5879.512683335248,0.0,0.0,41.68368602724291,48.53348293914905,1130.498352623668,0.0,0.0,209.34204031535576,247.0167294134796,4137.867163797777,41.99924807852973,28.806068640966907,369.63629678114696,431.6072539565773,10477.72625459429,0.0,0.0,214.1846131808876,253.07474636905176,4077.5569820720249,832.9333854783406,21.699397221146698,35.344151147932787,21.666666666666669,30.0,0.0,21.34923010398981,44.62558198888374,21.0,30.0,2204.166400605225,21.722570305572409,34.67591411264846,21.666666666666666,30.0,0.0,20.72854967031748,37.25901983114102,16.0,30.0,0.0,16.680250551140927,49.110671487375117,12.0,30.0,403.96816889753316,19.96260021343123,41.463835811996137,19.666666666666666,30.0,0.0,17.99505226236951,44.79914873072597,10.0,30.0,1018.651640672526,20.192907673052923,39.973230791224469,20.366666666666668,30.0,0.0,16.3118832244053,50.119511383149987,16.0,30.0,0.0,19.289839183679246,0.0,0.0,0.0,15.917551279020206,0.0,0.0,609.4010056231675,1081.8567496597544,583.2706332123441,596.4033168504167,581.9987251064196,689.1772488357058,590.0720874658329,635.8695845779606,588.7900832851376,10945.500620778132,80.76734553963188,87.879216815936,270.0,0.0,270.0,270.0,21.0,16.0,19.0,16.0,19.7,12.0,21.0,10.0,1.0,0.0,832.9333854783406,0.0,2204.166400605225,0.0,403.96816889753316,0.0,1018.651640672526,0.0,10762.71400717779,6457628.404306674,8433242.490156658,80.76734553963188,88.0,0.358757133572593,0.7658270703691861,0.36028137401965956,88.0,0.3542647819438875,8433242.490156658,0.4446936094881463 
 02/20  19:20:00,6.316666666666666,79.0,5.323333333333334,0.0,0.0,0.0,0.0,1.0,2.0,0.0,0.0,4.0,0.0,0.0,0.0,576.0,0.0,0.0,0.0,0.0,0.0,0.0,0.0,0.0,0.0,0.0,0.0,21.10563834310163,-736.3193351644991,20.901887939343994,-90.38976436775948,21.07454887096268,-1270.7217052208976,20.027457631867649,347.7606572611869,16.667114107629847,17.959260721995009,19.376165234073214,-68.55228486102742,17.706362524362818,44.19888243602145,18.885524037249249,-249.55038951379698,16.40152350346162,-103.47209025389566,1078.4968474828793,1082.3334004998124,0.0,0.0,0.0,0.0,0.0,0.0,0.0,0.0,0.0,0.0,0.0,0.0,0.0,0.0,0.0,0.0,0.0,0.0,0.0,0.0,0.0,0.0,1.5007879002622775,0.45811596467102486,218.56148598526023,253.36435268058859,6589.8860663066229,0.21948559657462983,0.03349902267622555,20.54874290000283,23.823191344317409,610.4847432876965,1.5426804954031537,0.2915118094110269,368.6235255808443,427.3071143524811,11078.479395788043,0.36266060041677936,0.06852996984444052,282.31074320459427,328.2301585928864,8016.367280762739,0.0,0.0,10.422539113208265,12.288250854728867,215.21723899244695,0.0,0.0,15.22894712358645,17.759721666121238,402.5929332392001,0.0,0.0,252.02523792967038,295.93297877763157,5786.1383301734799,0.0,0.0,46.893724971785449,54.59042407280698,1295.5048845595996,0.0,0.0,209.6710560617119,247.5899321538702,4157.817957434585,41.82818898914684,28.68874416265216,361.31522850866738,422.2422641146706,10293.051644321411,0.0,0.0,215.05254189148062,254.24314733321155,4129.022842435658,1005.3475963993146,21.54970236564477,35.49565858651536,21.5,30.0,0.0,21.33464294500806,44.74524533664746,21.0,30.0,1596.1550516262878,21.60597546027911,34.751979877228219,21.5,30.0,0.0,20.756110121102929,37.043733118596637,16.0,30.0,0.0,16.681198258551555,49.0108883662534,12.0,30.0,0.0,19.73261200707817,43.783859925881,19.0,30.0,0.0,17.88985122989358,45.086174686138708,10.0,30.0,419.39432172495256,20.36121357825901,39.71018357257283,20.2,30.0,0.0,16.25468868565556,50.34158595871696,16.0,30.0,0.0,19.265927894241629,0.0,0.0,0.0,15.91307561705425,0.0,0.0,610.0452990481756,1095.9013183261089,583.4113901652388,598.0555284336259,588.5981574322748,797.044482783909,599.5659879265552,652.3569421830454,601.9989563349443,8968.139158327302,82.07501678993236,82.07501678993236,270.0,0.0,270.0,270.0,21.0,16.0,19.0,16.0,19.7,12.0,21.0,10.0,1.0,0.0,1005.3475963993146,0.0,1596.1550516262878,0.0,0.0,0.0,419.39432172495256,0.0,0.0,0.0,0.0,82.07501678993236,82.07501678993236,0.34,0.7707890130421008,0.36028137401965956,82.07501678993236,0.3542647819438875,0.0,0.006165 
 02/20  19:30:00,6.23,79.0,5.265000000000001,0.0,0.0,0.0,0.0,1.0,2.0,0.0,0.0,4.0,0.0,0.0,0.0,576.0,0.0,0.0,0.0,0.0,0.0,0.0,0.0,0.0,0.0,0.0,0.0,20.938427593459556,-288.0586420373477,20.86478046840051,-149.42860133019765,21.20024785269838,-2270.9052429278838,19.991637898153074,319.28620084299589,16.66783868924228,15.57774315802979,19.247805064764564,-47.735322786196139,17.617862350266387,-33.873847410159218,18.886831486549604,-236.1019754015266,16.35342725743667,-146.03534769829367,910.222964648766,1035.5455174857296,0.0,0.0,0.0,0.0,0.0,0.0,0.0,0.0,0.0,0.0,0.0,0.0,0.0,0.0,0.0,0.0,0.0,0.0,0.0,0.0,0.0,0.0,1.5847801733392986,0.4837546316664526,198.82926406453499,230.5832306057943,5937.844549676151,0.18837911744216796,0.028751391551002434,27.385152908866215,31.756826806961823,812.5896440130191,1.4745441514560032,0.27863646097052227,320.79259986027048,371.8001805840925,9639.060999200028,0.3363373452819512,0.06355580976605273,214.05852689983633,248.69043048256519,6096.90925405985,0.0,0.0,9.569122043832652,11.283863169366125,199.21817808021087,0.0,0.0,14.071797543337022,16.419999216390204,369.5172488454816,0.0,0.0,240.20039832208503,282.24434624417099,5478.762889955154,0.0,0.0,44.423613982805047,51.71843815667632,1229.659620091517,0.0,0.0,203.0702882574105,239.8727116112849,4035.3161940471065,41.405016164165747,28.398502170209715,313.3230719662,365.9142381908777,9058.898088950456,0.0,0.0,208.2142374512864,246.32360381096528,3964.269021025465,631.5473881927196,21.294468274894187,36.3977212984845,21.25,30.0,0.0,21.278773142040376,43.96264870664829,21.0,30.0,2521.4827712628186,21.654648948246498,33.49452270184307,21.5,30.0,0.0,20.675921904196323,36.77835718910707,16.0,30.0,0.0,16.678820312397194,49.06650326444516,12.0,30.0,0.0,19.544251524970308,45.77403761724757,19.0,30.0,0.0,17.720744484739805,45.76471906699605,10.0,30.0,1004.9169215611953,20.26918264518428,39.939128407835628,20.45,30.0,0.0,16.185340495365275,50.642001667910388,16.0,30.0,0.0,18.457435863591067,0.0,0.0,0.0,15.73951031586314,0.0,0.0,641.6956419492246,1061.012988665211,556.76901903533,596.9773619948958,603.8043394095679,893.0240358354967,624.964555337293,672.4918254397026,624.201221080009,9847.952187896954,81.49317598605696,85.07542089910008,270.0,0.0,270.0,270.0,21.0,16.0,19.0,16.0,19.7,12.0,21.0,10.0,1.0,0.0,631.5473881927196,0.0,2521.4827712628186,0.0,0.0,0.0,1004.9169215611953,0.0,5421.139149834646,3252683.4899007875,4244718.196534317,81.49317598605696,85.13625930996054,0.3507046383278215,0.7688730211983478,0.36028137401965956,85.13625930996054,0.3542647819438875,4244718.196534317,0.2268903462197845 
 02/20  19:40:00,6.143333333333333,79.0,5.206666666666667,0.0,0.0,0.0,0.0,1.0,2.0,0.0,0.0,4.0,0.0,0.0,0.0,432.0,0.0,0.0,0.0,0.0,0.0,0.0,0.0,0.0,0.0,0.0,0.0,20.979884464862118,-518.683865175896,20.832836407120973,-95.76939600465593,21.220543404089836,-1752.4437325054196,20.02311234059067,379.55748918765917,16.66685060836076,15.426065882403816,19.143627700567195,-60.155106928523327,17.617731583779699,52.813513953737778,18.825487309979736,-215.60664616580898,16.30119625915011,-138.52820895216986,1100.112424293272,1062.209145488949,0.0,0.0,0.0,0.0,0.0,0.0,0.0,0.0,0.0,0.0,0.0,0.0,0.0,0.0,0.0,0.0,0.0,0.0,0.0,0.0,0.0,0.0,1.512252794212638,0.46161562704903527,271.8508574229369,315.3932852256014,8066.250235127543,0.2247919380757476,0.034308903857714869,20.325540905523348,23.554027988614558,607.7653514599715,1.5303830284521876,0.28918802502875837,443.2279126739025,513.4437617178976,13544.801290428772,0.36330904631494756,0.06865250308294553,286.82905447913307,333.4410188601721,8237.661590857906,0.0,0.0,10.24913460929865,12.082941477388794,215.09526800850487,0.0,0.0,14.93640920318229,17.429442536360335,390.5976901719012,0.0,0.0,249.54686820177828,293.0897059366718,5754.735203426311,0.0,0.0,43.761154804913598,50.999700722700179,1196.181429651138,0.0,0.0,206.36432328729902,243.7279109269275,4110.112683533312,41.504640104761048,28.466831347572766,431.0535173149435,503.180873682366,12398.123332409346,0.0,0.0,211.17120744230278,249.77934926439264,4035.1008353057679,525.8074988302553,21.410781702132394,35.40217921542219,21.000000000000015,30.00000000000002,0.0,21.243027990252274,43.97057945968219,21.000000000000015,30.00000000000002,2164.5052678757358,21.659438508953735,33.94149997777647,22.000000000000019,30.00000000000002,0.0,20.72971523004461,36.296866592369877,16.000000000000015,30.00000000000002,0.0,16.67484966635694,49.12214184164418,12.00000000000001,30.00000000000002,0.0,19.393864341781126,46.93658693692469,19.000000000000015,30.00000000000002,0.0,17.759034013715728,45.47670083548742,10.000000000000007,30.00000000000002,463.72597152174958,20.025181503488196,40.611501130785729,20.03333333333335,30.00000000000002,0.0,16.11784576197837,51.00227189784509,16.000000000000015,30.00000000000002,0.0,19.403249346751559,0.0,0.0,0.0,15.683192775632037,0.0,0.0,617.5823790760442,1073.9441052683986,580.2052594065995,592.4915255995809,618.5650706899648,950.0474326888358,627.8643331096241,684.6834757001661,638.281884412644,8706.981597393127,82.24767980004987,82.24767980004987,270.0000000000002,0.0,270.0000000000002,270.0000000000002,21.0,16.0,19.0,16.0,19.7,12.0,21.0,10.0,1.0,0.0,525.8074988302553,0.0,2164.5052678757358,0.0,0.0,0.0,463.72597152174958,0.0,0.0,0.0,0.0,82.24767980004987,82.24767980004987,0.3400000000000003,0.7712362849729978,0.3602813740196598,82.24767980004987,0.3542647819438878,0.0,0.006165 
 02/20  19:50:00,6.056666666666667,79.0,5.148333333333333,0.0,0.0,0.0,0.0,1.0,2.0,0.0,0.0,4.0,0.0,0.0,0.0,576.0,0.0,0.0,0.0,0.0,0.0,0.0,0.0,0.0,0.0,0.0,0.0,21.207529156397805,-825.977903504489,20.824513569698163,-85.3311412349945,21.196738045336759,-1287.0882880501318,20.033105447276346,328.79066166066016,16.66576874175282,14.126257190608556,19.05957823400226,-63.45216891428197,17.58841009387286,45.87900529484614,19.128511112586815,-296.2517753380748,16.25951566993936,-126.88028874968882,1023.4061729516632,1127.1031238316614,0.0,0.0,0.0,0.0,0.0,0.0,0.0,0.0,0.0,0.0,0.0,0.0,0.0,0.0,0.0,0.0,0.0,0.0,0.0,0.0,0.0,0.0,1.5217226639539013,0.46450630767823605,201.34668207587098,233.23451954194574,6237.348363905531,0.23000387681682489,0.0351043768035447,19.14772481808723,22.212883171314837,576.3513776734568,1.5463202864402504,0.29219960061229235,350.1901485952368,405.9527188271521,10741.195531551657,0.3617312585509284,0.06835435724696303,280.21163260991036,325.9306870862912,8085.9610170664,0.0,0.0,10.202193514606974,12.03254233081162,215.82061817189999,0.0,0.0,14.607340075842965,17.05886607466432,381.488482677034,0.0,0.0,251.87017678126817,296.0136554554488,5829.371595495132,0.0,0.0,49.64591264246695,57.76648044419139,1415.0553724143593,0.0,0.0,210.2813532700639,248.527146226166,4204.70529597805,41.35382500745805,28.363391637488385,338.6764865004675,395.85919912588056,9885.605597024261,0.0,0.0,215.6024311473081,255.1416109689983,4163.616161715734,1521.8456283207134,21.760110690098036,34.57495032407245,21.75,30.0,0.0,21.242343117915494,44.08729839804137,21.0,30.0,1552.152468024133,21.573814062666594,34.2183526086652,21.5,30.0,0.0,20.72683210319999,36.42690477161105,16.0,30.0,0.0,16.671817744847205,49.0933817518279,12.0,30.0,0.0,19.284297695781598,47.54975989571318,19.0,30.0,0.0,17.713796612717194,45.50425189107495,10.0,30.0,733.272708805554,20.562981074312,39.17614227208281,20.45,30.0,0.0,16.0683530871471,51.0974870026013,16.0,30.0,0.0,19.159652412012858,0.0,0.0,0.0,15.698883008125734,0.0,0.0,625.2049254288293,1093.1149540238362,590.2308579580206,603.9699617877143,628.4350135330756,981.7807677132236,635.5386722830172,690.3456648462695,647.2425377818155,9213.608307295117,81.91268650423172,83.64680008765254,270.0,0.0,270.0,270.0,21.0,16.0,19.0,16.0,19.7,12.0,21.0,10.0,1.0,0.0,1521.8456283207134,0.0,1552.152468024133,0.0,0.0,0.0,733.272708805554,0.0,2624.3836024255249,1574630.1614553149,2044684.8347094397,81.91268650423172,83.67625109316103,0.3424794534141842,0.7687641896843512,0.36028137401965956,83.67625109316103,0.3542647819438875,2044684.8347094397,0.11263861140489089 
 02/20  20:00:00,5.97,79.0,5.09,0.0,0.0,0.0,0.0,1.0,2.0,0.0,0.0,4.0,0.0,0.0,0.0,433.0,0.0,0.0,0.0,0.0,0.0,0.0,0.0,0.0,0.0,0.0,0.0,20.75698756411643,-552.5422810924645,20.812669113623959,-100.96658418071391,21.061740224686735,-821.4922281609818,20.00498852840802,213.69825971954396,16.66411470977492,14.770999972361903,18.982667573967459,-52.76766143947161,17.584079700373935,3.23929607829875,18.840048093211136,-212.79987704563269,16.23195412071821,-124.08012124942018,958.2543716515246,1098.0115158523834,0.0,0.0,0.0,0.0,0.0,0.0,0.0,0.0,0.0,0.0,0.0,0.0,0.0,0.0,0.0,0.0,0.0,0.0,0.0,0.0,0.0,0.0,1.570599943958249,0.47942611231936818,173.78639334221533,201.95621317401248,5192.760291655269,0.21320770857501226,0.03254085906212034,23.04829163310572,26.702007585106438,695.5094644926784,1.56481246470062,0.2956939653629293,264.6771929115616,307.3699720847799,8025.65080357352,0.351226220495607,0.06636927824935887,249.31349262526659,290.1951815706017,7210.297086737821,0.0,0.0,9.960773014158406,11.74673085626901,212.4042478837648,0.0,0.0,14.434918261671328,16.861619100079403,376.92580042917236,0.0,0.0,250.3513658237855,294.1946236570147,5826.7880579011439,0.0,0.0,44.20441529042558,51.553630041313187,1212.976551111024,0.0,0.0,209.0551201198433,247.04557258691905,4206.2213914775679,41.119427462402828,28.202625145680977,264.20995701648476,309.410050223765,7798.433519910903,0.0,0.0,213.95777569826744,253.2303506898478,4127.737890727584,233.37473042485949,21.06292802065935,36.010825046268518,21.000000000000015,30.00000000000002,0.0,21.232648126895719,44.331967925866887,21.000000000000015,30.00000000000002,1118.7837167829187,21.48094762198136,34.49075602798783,21.33333333333335,30.00000000000002,0.0,20.666970157061095,36.418612412830558,16.000000000000015,30.00000000000002,0.0,16.66897996814278,49.025420649207919,12.00000000000001,30.00000000000002,0.0,19.187551875382846,47.92293092795479,19.000000000000015,30.00000000000002,0.0,17.689282090043,45.56012041229181,10.000000000000007,30.00000000000002,589.9398803446661,19.90896151026869,40.7184906215397,20.03333333333335,30.00000000000002,0.0,16.04153023283579,51.0790148271148,16.000000000000015,30.00000000000002,0.0,18.84030685361321,0.0,0.0,0.0,15.59754778306198,0.0,0.0,630.8328333769648,1115.8966284458839,600.7663503492609,604.562599543993,637.4799384937519,1003.3909279534316,643.3906841548727,697.9188596180502,653.6285238182499,5324.6525070418779,83.10493418571282,83.10493418571282,270.0000000000002,0.0,270.0000000000002,270.0000000000002,21.0,16.0,19.0,16.0,19.7,12.0,21.0,10.0,1.0,0.0,233.37473042485949,0.0,1118.7837167829187,0.0,0.0,0.0,589.9398803446661,0.0,0.0,0.0,0.0,83.10493418571282,83.10493418571282,0.22666666666666686,0.4618965370408862,0.24018758267977323,83.10493418571282,0.23617652129592518,0.0,0.006464999999999999 
 02/20  20:10:00,5.853333333333333,79.50000000000002,5.050000000000001,0.0,0.0,0.0,0.0,0.0,2.0,0.0,0.0,4.0,0.0,0.0,0.0,725.0,0.0,0.0,0.0,0.0,0.0,0.0,0.0,0.0,0.0,0.0,0.0,21.164732273698414,-1350.907535074762,20.786217806051967,-97.71458074105051,21.039137290260908,-415.4086099927212,19.898586274602608,273.6764936922725,16.661385842302808,13.362400371836179,19.016356707645647,-62.14566642141792,17.58729411965203,137.53705383868039,18.535083311917814,-164.88309577308895,16.52601477296917,-281.3885856322213,1015.6475921822178,1045.6392180351314,0.0,0.0,0.0,0.0,0.0,0.0,0.0,0.0,0.0,0.0,0.0,0.0,0.0,0.0,0.0,0.0,0.0,0.0,0.0,0.0,0.0,0.0,1.52149443665538,0.464436641225696,268.4063913858859,311.326487214687,8349.599229179086,0.2275474106877728,0.03472945828567961,20.1133225538182,23.345678262234015,611.8201626079934,1.6242925206500894,0.3069335828892838,291.08168051867178,338.4587421672458,8775.999220165817,0.37378659569113029,0.07063238769673662,281.21356785830428,327.58387223241018,8101.0855869880419,0.0,0.0,10.395120663272799,12.265194977215815,223.99172081172004,0.0,0.0,14.993144276275145,17.521091477111534,396.195105997767,0.0,0.0,244.77043528032994,287.81625153975696,5771.6722776949059,0.0,0.0,38.47779823168984,44.982318404625747,1033.8888801235583,0.0,0.0,196.2651450185356,231.91336667402858,4099.069309421063,41.1039274682686,28.19199414833239,298.50622287659118,349.8086052368878,8712.702580595607,0.0,0.0,199.99814553333494,237.06898991127313,3833.4092398177306,1802.1214224259498,21.673528587159994,34.213463921014128,22.0,30.0,0.0,21.206721451646226,44.00825337532963,21.0,30.0,0.0,21.14960403224016,35.109368376380007,21.0,30.0,0.0,20.505116758296116,36.836280809065979,16.0,30.0,0.0,16.664769817583868,48.966833407114659,12.000000000000002,30.0,0.0,19.23284909855102,47.881213195121237,19.0,30.0,0.0,17.73757135508179,45.0850696317444,10.0,30.0,0.0,19.426366556833047,41.22237107119433,12.000000000000002,30.0,826.6453398406673,16.354554394870936,49.90540039571125,16.400000000000003,30.0,0.0,18.82653245891649,0.0,0.0,0.0,15.40022399382367,0.0,0.0,617.3601505478175,1104.230122103861,605.5598366342523,615.8387242707031,645.4941689295399,1023.5923631586829,643.6755202974524,665.9634990362678,658.1946058023519,9117.737721082818,81.9760952907163,83.35434886347777,570.0,0.0,570.0,570.0,21.0,16.0,19.0,16.0,12.0,12.0,21.0,10.0,1.0,0.0,1802.1214224259498,0.0,0.0,0.0,0.0,0.0,0.0,826.6453398406673,2085.843638673398,1251506.1832040388,1623832.9664729217,81.9760952907163,83.37775618463113,0.3415281212891133,0.7693320856231727,0.36028137401965956,83.37775618463113,0.35426478194388757,1623832.9664729217,0.09840431425659194 
 02/20  20:20:00,5.736666666666666,80.0,5.01,0.0,0.0,0.0,0.0,0.0,2.0,0.0,0.0,4.0,0.0,0.0,0.0,435.0,0.0,0.0,0.0,0.0,0.0,0.0,0.0,0.0,0.0,0.0,0.0,21.341021621267008,-1214.7002422214553,20.767885617621177,-95.1456416597191,21.244722236215478,-1374.5692356570253,19.900248354387708,468.5957502646359,16.658469095033646,15.357399971331871,19.06657264947568,-55.65123506517661,17.795849587659459,135.87050945295654,17.960145820692405,-52.910189958652328,16.64313448609596,-408.9830588314497,1049.4607993816513,1064.042238686071,0.0,0.0,0.0,0.0,0.0,0.0,0.0,0.0,0.0,0.0,0.0,0.0,0.0,0.0,0.0,0.0,0.0,0.0,0.0,0.0,0.0,0.0,1.5507224220977248,0.4733584927038231,255.91145264282029,296.7403918979429,8095.020173109118,0.24033891826735549,0.036681764082319209,19.022391743678175,22.063328201961718,583.2490021035901,1.6162008222095393,0.3054045393442062,355.2902698942674,411.5250191839783,11201.373309690616,0.3924764763723397,0.07416411118147004,322.85858243907026,375.6404778857524,9409.869324610265,0.0,0.0,10.46872476885312,12.346729516117002,227.9778052121011,0.0,0.0,14.412891501732507,16.82883810863777,386.5891746417795,0.0,0.0,236.77490611244864,277.8806730947375,5803.880559252106,0.0,0.0,25.826160765709873,30.28424329519737,652.9274489285185,0.0,0.0,182.89203276121948,215.76762003134219,3944.976954276869,41.13844671464154,28.21566990030284,352.25496221851628,411.94605675533139,10307.303169955569,0.0,0.0,185.3369232920679,219.65747480579348,3532.775085820505,1788.5501526061235,21.918763635160589,33.67853219486379,21.999999999999994,29.99999999999999,0.0,21.18828797431099,44.565090995854607,20.999999999999994,29.99999999999999,2167.7678142434144,21.700800257160169,33.824840871754158,21.666666666666658,29.99999999999999,0.0,20.53003521333747,36.740576052187659,15.999999999999993,29.99999999999999,0.0,16.66176705240182,48.67671351075001,11.999999999999995,29.99999999999999,0.0,19.320270956083339,47.33254598813199,18.999999999999994,29.99999999999999,0.0,18.098417742955239,43.80639684146199,9.999999999999997,29.99999999999999,0.0,18.467630636460677,43.29033047792798,11.999999999999995,29.99999999999999,0.0,16.555787486625357,48.93091813083094,15.999999999999993,29.99999999999999,0.0,18.920983138513625,0.0,0.0,0.0,15.233280977979409,0.0,0.0,620.6526854439049,1142.4543788269223,605.236788670065,620.113103854844,645.8262309916732,1023.6428661097293,641.8495353054655,651.14352955086,656.0822846047623,11292.83363311948,80.53739399937513,85.86046005312534,569.9999999999998,0.0,569.9999999999998,569.9999999999998,21.0,16.0,19.0,16.0,12.0,12.0,21.0,10.0,1.0,0.0,1788.5501526061235,0.0,2167.7678142434144,0.0,0.0,0.0,0.0,0.0,8054.504609051691,4832702.765431017,6292641.593886649,80.53739399937513,85.95086338608457,0.3818168203017229,0.7674627762208428,0.36028137401965945,85.95086338608457,0.35426478194388735,6292641.593886649,0.34137236288210578 
 02/20  20:30:00,5.619999999999999,80.5,4.97,0.0,0.0,0.0,0.0,0.0,2.0,0.0,0.0,4.0,0.0,0.0,0.0,436.0,0.0,0.0,0.0,0.0,0.0,0.0,0.0,0.0,0.0,0.0,0.0,20.8639855382124,-558.0991420145124,20.754923262063554,-93.8865964115621,21.099075122708045,-837.0487727375761,19.984223173403558,231.044218090856,16.65971569460823,18.14797199313079,19.100913031593764,-52.82151345398146,17.70131891121792,-19.8030302088955,17.639973377036925,-26.390807765071835,16.34836514783472,-260.3127097853169,1013.0563554719677,1168.8607294686327,0.0,0.0,0.0,0.0,0.0,0.0,0.0,0.0,0.0,0.0,0.0,0.0,0.0,0.0,0.0,0.0,0.0,0.0,0.0,0.0,0.0,0.0,1.6460632100127995,0.5024612973177043,236.96202939021078,275.39380260580927,7243.0578665568359,0.231962583658406,0.03540332473418893,22.80953662144531,26.44177061356858,702.4713192442948,1.6463041282892058,0.3110929947636443,281.6639890672624,327.0856564061479,8734.683087902127,0.3602348260159746,0.06807158465910326,225.5716513618846,262.527177835476,6672.8796463721769,0.0,0.0,9.922082490823879,11.703475531701646,218.48082310983896,0.0,0.0,14.22605677606003,16.608971536726096,386.48251825764478,0.0,0.0,262.82327227244778,308.79175300106547,6388.766348810439,0.0,0.0,16.0887375706906,18.8843375703925,393.8880162594653,0.0,0.0,210.38182550314557,248.61149268965199,4436.445556232685,41.064644058192758,28.16505079437089,281.7373309417589,329.78809514491999,8524.283983370065,0.0,0.0,213.1498654341171,252.57587709591199,4175.577750277007,201.8934440705555,21.10078183530422,35.75727404995153,20.999999999999994,29.99999999999999,0.0,21.176137516687306,44.489941344864458,20.999999999999994,29.99999999999999,1187.1989820249813,21.595743605606203,33.862186623064449,21.333333333333326,29.99999999999999,0.0,20.6407329032463,36.2788596208276,15.999999999999993,29.99999999999999,0.0,16.666729163571703,48.43324080961307,11.999999999999995,29.99999999999999,0.0,19.38064543222888,47.10179940473573,18.999999999999994,29.99999999999999,0.0,17.86316210073728,44.22593166401311,9.999999999999997,29.99999999999999,0.0,17.976135716495436,44.38594348960181,11.999999999999995,29.99999999999999,0.0,16.17723591565837,49.5398722937863,15.999999999999993,29.99999999999999,0.0,18.772239502819379,0.0,0.0,0.0,15.372830107743697,0.0,0.0,647.3224844831001,1146.933506747615,606.7447926822271,620.2314581423717,649.3091443757758,1034.9271983127697,644.6400550713047,648.4075049059387,650.4189197600389,5022.553502025396,81.8396341364475,81.8396341364475,569.9999999999998,0.0,569.9999999999998,569.9999999999998,21.0,16.0,19.0,16.0,12.0,12.0,21.0,10.0,1.0,0.0,201.8934440705555,0.0,1187.1989820249813,0.0,0.0,0.0,0.0,0.0,0.0,0.0,0.0,81.8396341364475,81.8396341364475,0.2266666666666666,0.4643748263110496,0.24018758267977295,81.8396341364475,0.2361765212959249,0.0,0.014344999999999997 
 02/20  20:40:00,5.503333333333333,81.0,4.93,0.0,0.0,0.0,0.0,0.0,2.0,0.0,0.0,4.0,0.0,0.0,0.0,876.0,0.0,0.0,0.0,0.0,0.0,0.0,0.0,0.0,0.0,0.0,0.0,21.22165338020453,-1404.352582381437,20.73806882864342,-94.69518778424028,21.016882738968137,-399.13851911171727,19.909275448986443,267.7510580222766,16.65574837674511,14.325207002908515,19.119471499231268,-62.75916926528094,17.684808090659368,160.05315021302855,17.41900984179106,-24.315979056560264,16.55889473668935,-382.85043884026916,1029.760154404774,1038.8512156345169,0.0,0.0,0.0,0.0,0.0,0.0,0.0,0.0,0.0,0.0,0.0,0.0,0.0,0.0,0.0,0.0,0.0,0.0,0.0,0.0,0.0,0.0,1.5844273392165139,0.48364692894276947,273.8322994650707,317.75022060010226,8704.755018063688,0.24391498219409478,0.03722756138493508,19.593359006887817,22.752432688526949,608.6323237367541,1.681235749242968,0.3176938301668495,286.2516444039319,332.9750274344855,8835.235660933271,0.3838938183470926,0.07254229371638177,279.35567079773736,325.5403824944426,8254.472321441635,0.0,0.0,10.42902302362632,12.310324098297034,231.9484147498669,0.0,0.0,14.832848150974982,17.330473987716205,407.26864474529858,0.0,0.0,242.44093686158949,285.0723810213335,5955.086978629799,0.0,0.0,14.877498874099003,17.50813853571104,359.640570791579,0.0,0.0,183.59270488995024,216.99076404246086,3993.881702560787,41.021905920727437,28.135737942885745,294.3299740450578,345.1039384871758,8812.033690648726,0.0,0.0,186.36575189409974,221.26416211967564,3588.9663915480875,1834.574816768077,21.661458210971487,33.87632920248465,21.999999999999984,29.99999999999998,0.0,21.15954850750313,44.189234845480708,20.999999999999987,29.99999999999998,0.0,21.150700852355074,34.80207633607079,20.999999999999987,29.99999999999998,0.0,20.528975737008659,36.38581971103747,15.999999999999988,29.99999999999998,0.0,16.661459877096499,48.25704299399054,11.999999999999993,29.99999999999998,0.0,19.41306419767173,46.96424066986339,18.999999999999987,29.99999999999998,0.0,17.892804569092318,43.84411276558554,9.999999999999993,29.99999999999998,0.0,17.665054527286118,45.048684004332958,11.999999999999993,29.99999999999998,893.59161096068,16.45910679746237,48.54481775941287,16.499999999999987,29.99999999999998,0.0,18.778350051619989,0.0,0.0,0.0,15.082030129919037,0.0,0.0,624.5413246293463,1136.8693457897628,615.3417097201024,623.108881402576,652.8470824818276,1044.2279277472094,644.1255355852605,648.4902650829147,654.7129559746746,9115.886804165451,81.97723612461904,83.26585894605995,569.9999999999997,0.0,569.9999999999997,569.9999999999997,21.0,16.0,19.0,16.0,12.0,12.0,21.0,10.0,1.0,0.0,1834.574816768077,0.0,0.0,0.0,0.0,0.0,0.0,893.59161096068,1949.9587124500425,1169975.227470027,1514171.828764077,81.97723612461904,83.2877440395022,0.348331957081668,0.7691636736493689,0.3602813740196593,83.2877440395022,0.3542647819438872,1514171.828764077,0.09327193509573199 
 02/20  20:50:00,5.386666666666667,81.5,4.890000000000001,0.0,0.0,0.0,0.0,0.0,2.0,0.0,0.0,4.0,0.0,0.0,0.0,438.0,0.0,0.0,0.0,0.0,0.0,0.0,0.0,0.0,0.0,0.0,0.0,21.39537467511162,-1209.7992054270199,20.721828651142503,-92.1499595136067,21.245327261997514,-1404.7761876838309,19.89893543065721,464.32107725400518,16.650407814205925,16.124347470635177,19.130076810497806,-57.14753881723208,17.853621058817219,104.05173357820067,17.209528236029305,-48.100224400287178,16.581583682974207,-439.71288163730096,1062.3744813871275,1157.5276795066844,0.0,0.0,0.0,0.0,0.0,0.0,0.0,0.0,0.0,0.0,0.0,0.0,0.0,0.0,0.0,0.0,0.0,0.0,0.0,0.0,0.0,0.0,1.6074675272796804,0.49067995338207628,251.6941803293688,291.9247742205174,8138.637418882349,0.25416578038291717,0.038792091023033787,18.546150727270743,21.51990039037561,580.6161474479867,1.6641838777752498,0.31447163223266286,351.28225627476868,406.97885701453108,11319.097426551787,0.4003241217239041,0.07564703736279371,320.7215757791907,373.234466857768,9570.33777870001,0.0,0.0,10.44000449140492,12.31638950822254,234.54315410744688,0.0,0.0,14.366966656485403,16.771878450503885,398.478719443004,0.0,0.0,244.97156271868577,287.4952830666605,6209.463778121576,0.0,0.0,15.49589492537978,18.229800363615828,368.5501953999079,0.0,0.0,180.65481414745234,213.22490308148773,4003.841874467237,41.0452206057696,28.151728810541596,347.1893347848671,406.17526917483868,10412.377358521113,0.0,0.0,189.86182848537258,225.18188659475607,3696.3194260570019,1781.6546656542446,21.926335564493124,33.30681602965775,22.000000000000019,30.00000000000002,0.0,21.142000935065707,44.559846292671888,21.000000000000015,30.00000000000002,2190.2433552437776,21.69682462432965,33.51411125629254,21.666666666666687,30.00000000000002,0.0,20.52922743561244,36.384740182915759,16.000000000000015,30.00000000000002,0.0,16.655969461454949,47.89210423534318,12.00000000000001,30.00000000000002,0.0,19.436298330119919,46.528872171780019,19.000000000000015,30.00000000000002,0.0,18.17173445344809,42.87776282720953,10.000000000000007,30.00000000000002,0.0,17.360632005341196,45.743863731679429,12.00000000000001,30.00000000000002,0.0,16.502293933650479,48.12823038624032,16.000000000000015,30.00000000000002,0.0,18.881703120451094,0.0,0.0,0.0,15.076798508127786,0.0,0.0,627.1981677112882,1165.3378895831777,613.099479293219,628.3044228283736,649.6089780255587,1037.2897043405492,642.7379511992858,650.528342732717,654.0381416591558,9949.08723671924,81.42586962944469,86.53098393163913,570.0000000000005,0.0,570.0000000000005,570.0000000000005,21.0,16.0,19.0,16.0,12.0,12.0,21.0,10.0,1.0,0.0,1781.6546656542446,0.0,2190.2433552437776,0.0,0.0,0.0,0.0,0.0,7725.046192959775,4635027.7157758609,6058547.481871594,81.42586962944469,86.6176857203068,0.37083487309865928,0.766714722644928,0.3602813740196598,86.6176857203068,0.3542647819438878,6058547.481871594,0.32973780239065628 
 02/20  21:00:00,5.27,82.0,4.85,0.0,0.0,0.0,0.0,0.0,2.0,0.0,0.0,4.0,0.0,0.0,0.0,439.0,0.0,0.0,0.0,0.0,0.0,0.0,0.0,0.0,0.0,0.0,0.0,20.920948256499114,-587.6566180945046,20.71098200630003,-92.09258814363484,21.100387167273906,-876.2920703416779,19.981450435269975,228.95509992310799,16.6486968709303,18.222450997631975,19.13514604220333,-56.76124287552004,17.711301610901395,-23.888025509508848,17.014751530452977,-62.545171662315258,16.32305244077616,-259.76637701365078,1027.7086215387645,1254.720963451292,0.0,0.0,0.0,0.0,0.0,0.0,0.0,0.0,0.0,0.0,0.0,0.0,0.0,0.0,0.0,0.0,0.0,0.0,0.0,0.0,0.0,0.0,1.6866712091343499,0.5148569014451623,230.5763774295603,267.9938823573684,7220.883709164242,0.24554585302756255,0.037476473294805068,22.045532582532414,25.564834756467599,693.1862018946868,1.6882137431543485,0.3190124231206255,275.017846208418,319.4191988950081,8724.064482206708,0.36838840398461006,0.06961232123669883,226.9214109392507,264.16189133404085,6867.703669583639,0.0,0.0,9.972527897119129,11.766480939940135,226.3973556914159,0.0,0.0,14.356241274041454,16.76102211124058,401.8584873452379,0.0,0.0,270.1585727676452,317.49509387115429,6756.218571918072,0.0,0.0,19.499616141575513,22.980510410716208,458.7666248494826,0.0,0.0,205.11688002800538,242.49304745252909,4452.166148420373,40.96633814904987,28.097625616632315,274.01578919640579,320.9003860610349,8487.381294248851,0.0,0.0,220.60883905319265,261.5823746571776,4433.395615432297,208.73849868657198,21.125481822457826,35.33476065797794,21.000000000000015,30.00000000000002,0.0,21.13224129290615,44.49873172949307,21.000000000000015,30.00000000000002,1217.4013555234624,21.590091197827559,33.534141087794449,21.33333333333335,30.00000000000002,0.0,20.636117177403916,35.89509975100117,16.000000000000015,30.00000000000002,0.0,16.65757307167241,47.668436210145909,12.00000000000001,30.00000000000002,0.0,19.449655716406,46.362591571456878,19.000000000000015,30.00000000000002,0.0,17.86512089664516,43.579529574884919,10.000000000000007,30.00000000000002,0.0,17.0824393207383,46.26496069486909,12.00000000000001,30.00000000000002,0.0,16.13428908792364,48.86622796496582,16.000000000000015,30.00000000000002,0.0,18.712135996091744,0.0,0.0,0.0,15.266721455933788,0.0,0.0,653.6361749643284,1170.341353205837,612.8693782068792,625.6291707960322,651.9412528443786,1042.2168872123257,647.5763745462853,651.5919217220815,651.7115295634765,5058.231454289083,81.83526856674493,81.83526856674493,570.0000000000005,0.0,570.0000000000005,570.0000000000005,21.0,16.0,19.0,16.0,12.0,12.0,21.0,10.0,1.0,0.0,208.73849868657198,0.0,1217.4013555234624,0.0,0.0,0.0,0.0,0.0,0.0,0.0,0.0,81.83526856674493,81.83526856674493,0.22666666666666686,0.4643558130234761,0.24018758267977323,81.83526856674493,0.23617652129592518,0.0,0.014851666666666666 
 02/20  21:10:00,5.151666666666666,82.66666666666667,4.720000000000001,0.0,0.0,0.0,0.0,0.0,2.0,0.0,0.0,4.0,0.0,0.0,0.0,882.0,0.0,0.0,0.0,0.0,0.0,0.0,0.0,0.0,0.0,0.0,0.0,21.248135328040186,-1405.2721013058795,20.696613283663099,-92.47405708560474,21.015965817563207,-414.7649195738192,19.90866893854301,269.52673553028759,16.641812738786638,14.591627253006369,19.135911132263077,-60.800703449300929,17.72370517772638,190.6325644912667,16.87000330068482,-77.4534703372733,16.62049330474146,-414.06898143033649,1037.4033404596308,1104.5963303688635,0.0,0.0,0.0,0.0,0.0,0.0,0.0,0.0,0.0,0.0,0.0,0.0,0.0,0.0,0.0,0.0,0.0,0.0,0.0,0.0,0.0,0.0,1.619487456762788,0.4943490405258816,272.27806426547468,316.0410920507774,8839.54436696616,0.2534678731657792,0.038685572827499879,19.195955547597408,22.2979875287675,608.7254755266414,1.7135392640272198,0.32379804686833349,284.1283967242311,330.59538391969218,8964.032080928588,0.3896339063532347,0.07362696643107229,278.32347372179597,324.4232840828747,8416.870600740738,0.0,0.0,10.503243462901902,12.401940851189883,240.74507074730944,0.0,0.0,14.743069465509576,17.228371016181108,416.2453362777559,0.0,0.0,240.7768379435059,283.12944555003517,6112.443362393706,0.0,0.0,21.740329901970627,25.6395403524427,507.9586770208057,0.0,0.0,168.40369184469794,199.0208503067395,3822.409202020695,40.673835018176607,27.897006185306318,291.71775028466797,342.1590371241206,8946.473499441772,0.0,0.0,185.6813228373755,220.61713329044606,3657.671172392304,1814.313389922054,21.647755705082969,33.56242591071674,21.999999999999994,30.0,0.0,21.117306517241258,44.177515218890757,20.999999999999998,30.0,0.0,21.139830788840013,34.48240963248526,20.999999999999998,30.0,0.0,20.526502249902458,36.02324630780716,15.999999999999999,30.0,0.0,16.64929904999538,47.53504601925779,11.999999999999997,30.0,0.0,19.454753390170148,46.290667327837308,18.999999999999998,30.0,0.0,17.959550619935365,43.070525345625657,9.999999999999999,30.0,0.0,16.893393535243719,46.663117233409369,11.999999999999997,30.0,891.6589976975949,16.589511985061735,47.43033490623413,16.499999999999998,30.0,0.0,18.748086786610977,0.0,0.0,0.0,14.94571480881623,0.0,0.0,629.5428535081595,1158.539604776047,620.6662762714313,628.5849043251865,655.3356700158138,1049.096688237328,646.9935826350138,654.4138691591354,657.2341131597399,9359.228002327342,81.81639534185277,82.99273063202472,569.9999999999999,0.0,569.9999999999999,569.9999999999999,21.0,16.0,19.0,16.0,12.0,12.0,21.0,10.0,1.0,0.0,1814.313389922054,0.0,0.0,0.0,0.0,0.0,0.0,891.6589976975949,1780.2181665716092,1068130.899942966,1384636.3143104769,81.81639534185277,83.012708710417,0.3426739388857203,0.7688972025742058,0.3602813740196595,83.012708710417,0.3542647819438874,1384636.3143104769,0.0870110883441448 
 02/20  21:20:00,5.033333333333333,83.33333333333334,4.59,0.0,0.0,0.0,0.0,0.0,2.0,0.0,0.0,4.0,0.0,0.0,0.0,294.0,0.0,0.0,0.0,0.0,0.0,0.0,0.0,0.0,0.0,0.0,0.0,21.259856239909696,-1744.1822766379178,20.682463570196299,-94.77209497743755,20.95214020775611,-123.94612804220566,19.82060106684683,222.18805019377676,16.633546498040908,16.361085105889776,19.134103299055768,-58.33606445141258,17.88041697732165,95.42405922820491,16.697511920975658,-85.2152255503079,16.500409181656925,-408.8017835595257,995.0417795413989,1235.343854325737,0.0,0.0,0.0,0.0,0.0,0.0,0.0,0.0,0.0,0.0,0.0,0.0,0.0,0.0,0.0,0.0,0.0,0.0,0.0,0.0,0.0,0.0,1.5643291763162286,0.4775119585824875,311.83570574438786,361.61676063960786,10139.428172055923,0.24160799266342915,0.03687545675571264,19.496940374166657,22.602407339395414,621.9862825737768,1.8679080815811385,0.3529682693841911,254.59597770463467,295.36885625858897,8253.405760138372,0.3899402954159685,0.07368486307935912,258.2978216350299,300.80855761644309,7798.666893738433,0.0,0.0,10.538566320091985,12.427618212828714,243.93255564992135,0.0,0.0,14.595261210391798,17.027034934383705,415.69825503582356,0.0,0.0,253.4017966286059,297.20264810998006,6618.323269796491,0.0,0.0,25.739756533683157,30.346657566508616,595.8054575476042,0.0,0.0,175.0369260649556,206.57703115519514,3959.9302655555677,40.31415028574291,27.650308837958116,270.1117269611454,316.44304620605097,8344.289058394796,0.0,0.0,197.85943463506116,234.59555489343144,3972.9356146169595,1895.7433961447947,21.56724682191605,33.52391045825482,22.000000000000008,30.000000000000008,0.0,21.10069023137209,44.450883021736299,21.000000000000008,30.000000000000008,860.5995940336167,21.464686715022926,33.890008299812979,21.500000000000008,30.000000000000008,0.0,20.368618731000063,36.45853827378838,16.000000000000005,30.000000000000008,0.0,16.640646012059947,47.22479692978108,12.000000000000004,30.000000000000008,0.0,19.457691008836347,45.900786327524489,19.000000000000005,30.000000000000008,0.0,18.206533769229158,42.299267181790657,10.000000000000002,30.000000000000008,0.0,16.645281430344587,47.201741057203978,12.000000000000004,30.000000000000008,0.0,16.375646513744458,47.894621893565957,16.000000000000005,30.000000000000008,0.0,18.637996760823655,0.0,0.0,0.0,15.019761086797674,0.0,0.0,623.145463605536,1181.1687288617944,626.9529385939338,635.9319450476671,652.2265190096232,1040.144527321872,646.5529892452801,657.6778012218904,657.2854169418283,10624.025159457351,80.9799473702983,84.72588577986794,570.0000000000001,0.0,570.0000000000001,570.0000000000001,21.0,16.0,19.0,16.0,12.0,12.0,21.0,10.0,1.0,0.0,1895.7433961447947,0.0,860.5995940336167,0.0,0.0,0.0,0.0,0.0,5668.5941367152549,3401156.482029151,4405216.991810247,80.9799473702983,84.78950424972453,0.3589531378905085,0.7715520100049311,0.36028137401965967,84.78950424972453,0.35426478194388757,4405216.991810247,0.24392295024079956 
 02/20  21:30:00,4.914999999999999,84.0,4.46,0.0,0.0,0.0,0.0,0.0,2.0,0.0,0.0,4.0,0.0,0.0,0.0,441.0,0.0,0.0,0.0,0.0,0.0,0.0,0.0,0.0,0.0,0.0,0.0,21.38449597696284,-1530.8721104392585,20.67267265143404,-85.97192196502194,20.70290953667417,-439.24443004694379,19.847697460005365,382.74144816244907,16.628226721431106,17.84320389512051,19.126817425191207,-66.51779737009724,17.775773993632954,13.951732144646784,16.58147348055539,-71.23090485619275,16.252019199026856,-277.12365660155975,1038.3932741664985,1323.2121827631552,0.0,0.0,0.0,0.0,0.0,0.0,0.0,0.0,0.0,0.0,0.0,0.0,0.0,0.0,0.0,0.0,0.0,0.0,0.0,0.0,0.0,0.0,1.607533888386517,0.4907002101301943,262.42000535104526,304.3572037229481,8684.489855187467,0.2608096489592034,0.03980611247851088,17.86417463082247,20.729931269008408,575.0453163193122,1.8383614877382187,0.34738501280011688,300.12169478656986,348.9575653788682,9587.233237458346,0.4081644729028283,0.07712858520461603,317.39738816760379,369.84437967790947,9703.95454163975,0.0,0.0,10.465949128883178,12.352632647065225,244.6504553884451,0.0,0.0,15.108363122737469,17.643113938732954,433.60387029099277,0.0,0.0,279.27910630897949,328.08597484587446,7251.194972833616,0.0,0.0,27.26193919060688,32.19114759018227,630.3439700919043,0.0,0.0,200.1943609960245,236.74923776840854,4455.204810336644,40.17063235913575,27.551874046046465,316.7474769138414,371.25406120224087,9764.951258087882,0.0,0.0,224.50749609356397,266.30600590076087,4627.693712110104,1838.7947274321674,21.769587665347239,33.2253556498746,21.999999999999994,29.99999999999999,0.0,21.092890311486419,44.78818831034431,20.999999999999994,29.99999999999999,72.12043781796409,21.111225527313857,34.413081477911429,20.999999999999994,29.99999999999999,0.0,20.453666584838353,36.139952358929459,15.999999999999993,29.99999999999999,0.0,16.63782187461505,47.04423756435965,11.999999999999995,29.99999999999999,0.0,19.450433866586619,45.64734565247697,18.999999999999994,29.99999999999999,0.0,18.000182112818036,42.71999312099266,9.999999999999997,29.99999999999999,0.0,16.504755826470878,47.428655598213449,11.999999999999995,29.99999999999999,8.913585569598796,16.052953550478827,48.67551287542001,15.999999999999993,29.99999999999999,0.0,18.76446621068754,0.0,0.0,0.0,15.184404448779635,0.0,0.0,632.7074851605496,1205.4484491139538,622.2777775062017,634.958069821272,651.0229675625425,1032.7071509330147,646.6888344950837,656.4985111252624,654.9743304823304,10051.647814063588,81.35851947657526,83.75403665958345,569.9999999999998,0.0,569.9999999999998,569.9999999999998,21.0,16.0,19.0,16.0,12.0,12.0,21.0,10.0,1.0,0.0,1838.7947274321674,0.0,72.12043781796409,0.0,0.0,0.0,0.0,8.913585569598796,3625.2109634553478,2175126.578073209,2815408.506511442,81.35851947657526,83.7947204939222,0.3475070321151782,0.7697154455112674,0.36028137401965945,83.7947204939222,0.35426478194388735,2815408.506511442,0.16109457567192835 
 02/20  21:40:00,4.796666666666667,84.66666666666666,4.33,0.0,0.0,0.0,0.0,0.0,2.0,0.0,0.0,4.0,0.0,0.0,0.0,588.0,0.0,0.0,0.0,0.0,0.0,0.0,0.0,0.0,0.0,0.0,0.0,21.263571512507228,-892.555201309945,20.66768199217047,-67.9997805823057,21.283909643747877,-1529.3766961527779,20.015488718530479,578.6896976713242,16.6203904813856,16.21215291577166,19.119235700715885,-54.89671103269369,17.821626517802217,220.2453921916192,16.480418812652446,-92.37895113176484,16.816119948216405,-512.0514282644094,1143.3077642383447,1146.943166093189,0.0,0.0,0.0,0.0,0.0,0.0,0.0,0.0,0.0,0.0,0.0,0.0,0.0,0.0,0.0,0.0,0.0,0.0,0.0,0.0,0.0,0.0,1.6761235348637025,0.511637220654366,294.27925600190147,341.87300898329365,9679.95655212785,0.28719472306040336,0.04383313844023252,15.406914054629052,17.903012522561747,501.4229045103401,1.8074513488479474,0.3415440946424695,397.0456857873546,460.8170501134972,13287.051231083988,0.4055899663964958,0.0766420949350899,336.0554576627701,391.32443877223366,10561.43782243314,0.0,0.0,10.78809089683062,12.737561665020359,254.5664669889577,0.0,0.0,15.285306914709583,17.85815913084444,442.13320087829347,0.0,0.0,236.51193721134218,277.903290938356,6250.706532565998,0.0,0.0,31.591639856057179,37.326802171792369,730.2150181054217,0.0,0.0,153.84803892182067,181.50352406916606,3733.101845433874,40.10155826197103,27.504498122065195,400.8158437740954,469.2723696310469,12567.183665560238,0.0,0.0,179.2991922228983,213.05550849348169,3633.9676222354516,824.7473193476483,21.524705338561654,33.68128941406517,21.750000000000008,30.00000000000001,0.0,21.092272567139859,45.19154594010604,21.000000000000008,30.00000000000001,2129.614766600966,21.814472637364959,32.931780419391397,21.500000000000008,30.00000000000001,0.0,20.76939074726615,35.286362236913038,16.000000000000008,30.00000000000001,0.0,16.629977792408586,46.90212117044703,12.000000000000004,30.00000000000001,0.0,19.44616381384236,45.514088778038217,19.000000000000008,30.00000000000001,0.0,18.12878264885435,42.239723636609728,10.000000000000004,30.00000000000001,0.0,16.38259903906212,47.61859746203907,12.000000000000004,30.00000000000001,1187.4469068401409,16.983667469301606,45.73251273740573,17.000000000000008,30.00000000000001,0.0,19.087201192728217,0.0,0.0,0.0,14.853184821489729,0.0,0.0,632.7024181183648,1234.3217601606135,623.8003908454988,632.0518113041655,651.1827794395468,1032.4660553856539,647.0611641803666,656.1631625603735,655.287635603445,9847.099720283128,81.49372171381899,85.13910091897654,570.0000000000002,0.0,570.0000000000002,570.0000000000002,21.0,16.0,19.0,16.0,12.0,12.0,21.0,10.0,1.0,0.0,824.7473193476483,0.0,2129.614766600966,0.0,0.0,0.0,0.0,1187.4469068401409,5516.58188774744,3309949.132648462,4310595.554526985,81.49372171381899,85.20101155970856,0.3538860629249147,0.7676894004055229,0.36028137401965967,85.20101155970856,0.35426478194388769,4310595.554526985,0.23868596883540323 
 02/20  21:50:00,4.678333333333333,85.33333333333334,4.2,0.0,0.0,0.0,0.0,0.0,2.0,0.0,0.0,4.0,0.0,0.0,0.0,441.0,0.0,0.0,0.0,0.0,0.0,0.0,0.0,0.0,0.0,0.0,0.0,21.37063809522935,-1245.8132876751238,20.669012495242407,-80.57731323261304,20.829611154164384,-436.86470267022778,19.955419641289713,80.70195114229507,16.612015633068375,17.737679039027545,19.1187099406736,-50.19164490187056,17.920848895129795,72.37149292399355,16.35794525155243,-93.6954783629873,16.593922600138769,-420.22389978320197,1122.6759276224903,1303.0334704259954,0.0,0.0,0.0,0.0,0.0,0.0,0.0,0.0,0.0,0.0,0.0,0.0,0.0,0.0,0.0,0.0,0.0,0.0,0.0,0.0,0.0,0.0,1.6297080035340708,0.4974688655476412,278.8226384457245,323.1845156918913,9394.504801143086,0.24644894607288726,0.037614308008682467,19.995058115692669,23.20208827859311,651.9626325553602,2.2265245109955655,0.42073403457966138,379.20471415453559,441.18636243136259,12242.534307488735,0.3828162594400296,0.0723386733635733,259.51012502177039,302.3074235073528,8133.615882259952,0.0,0.0,10.415276320932627,12.295375029243243,248.1017408177978,0.0,0.0,13.906048947695935,16.240221175708883,405.7215251691928,0.0,0.0,253.00174132834895,296.952937480235,6814.857398056163,0.0,0.0,35.6493831073578,42.142404847482229,821.6760096589108,0.0,0.0,168.1250048204492,198.5025055640155,3970.82735095667,39.64257516365511,27.189694899626308,372.0278035934432,435.7119507963175,11698.522703769959,0.0,0.0,198.1798617927676,235.22438994287533,4109.375556752253,1715.9792000184216,21.732543697948583,33.26213582089942,21.666666666666687,30.00000000000002,0.0,21.099951530408597,45.332650783199728,21.000000000000015,30.00000000000002,1001.8971349193262,21.165568695474755,34.40446316095871,21.33333333333335,30.00000000000002,0.0,20.57164691838001,35.84510636688622,16.000000000000015,30.00000000000002,0.0,16.622388823937059,46.783448837822628,12.00000000000001,30.00000000000002,0.0,19.453153126780856,45.42466287990465,19.000000000000015,30.00000000000002,0.0,18.269830927888579,41.866917895592468,10.000000000000007,30.00000000000002,0.0,16.219229679859529,47.95639141126718,12.00000000000001,30.00000000000002,0.0,16.53399145332708,46.93863183820906,16.000000000000015,30.00000000000002,0.0,19.04252650930583,0.0,0.0,0.0,14.984853498230056,0.0,0.0,638.9458286713093,1249.2041250195276,634.5257641338603,641.5926549846195,652.4004498889459,1037.1769117680167,651.8041755467721,657.0218584446562,656.3472510919195,8938.010261638585,82.09495722103182,82.09495722103182,570.0000000000005,0.0,570.0000000000005,570.0000000000005,21.0,16.0,19.0,16.0,12.0,12.0,21.0,10.0,1.0,0.0,1715.9792000184216,0.0,1001.8971349193262,0.0,0.0,0.0,0.0,0.0,0.0,0.0,0.0,82.09495722103182,82.09495722103182,0.3400000000000003,0.7705469823886672,0.3602813740196598,82.09495722103182,0.3542647819438878,0.0,0.014439999999999998 
 02/20  22:00:00,4.56,86.0,4.07,0.0,0.0,0.0,0.0,0.0,2.0,0.0,0.0,4.0,0.0,0.0,0.0,441.0,0.0,0.0,0.0,0.0,0.0,0.0,0.0,0.0,0.0,0.0,0.0,21.18017668889032,-1192.0090297703478,20.666614920017837,-71.0961903658629,20.668444975412635,-355.74596399461339,19.904005711791649,377.76525464793817,16.604863937444088,18.40907736878057,19.105013536530455,-70.14428912835887,17.788658963412389,18.13104664005248,16.28543247362687,-66.95529725951423,16.307130129100199,-305.5636237386679,1100.236867552033,1371.8694116093287,0.0,0.0,0.0,0.0,0.0,0.0,0.0,0.0,0.0,0.0,0.0,0.0,0.0,0.0,0.0,0.0,0.0,0.0,0.0,0.0,0.0,0.0,1.6134810125008144,0.49251557158144557,248.02699094567033,287.8677041087323,8260.465106199568,0.269331577268179,0.04110677308732895,16.239227710991213,18.83286090086332,535.7472213531303,2.2504506417666145,0.425255223311908,285.9451361380784,332.56436087613789,9335.535339138438,0.40120651005155719,0.07581377740959133,286.40713170684009,333.7086288727129,9008.82723200865,0.0,0.0,10.746701248639506,12.689309595335996,258.44812328374646,0.0,0.0,15.804636548931788,18.465833273902076,464.2449848454089,0.0,0.0,286.4146264939529,336.56270218226089,7647.852147797187,0.0,0.0,32.282529082177038,38.176887370898658,747.4916050898758,0.0,0.0,199.49766420426944,235.9631461724648,4605.043543510083,39.56641024038363,27.137455583253549,303.08351766155649,355.1087873707427,9728.369229835016,0.0,0.0,229.14767512789966,271.9802530254085,4852.360586207107,1107.1473228583105,21.5441538142334,33.59093992158905,21.666666666666687,30.00000000000002,0.0,21.103486032882097,45.72673578747615,21.000000000000015,30.00000000000002,5.74621296297812,21.07493506389515,34.62311085547767,21.000000000000015,30.00000000000002,0.0,20.543026222881886,35.85954365405227,16.000000000000015,30.00000000000002,0.0,16.617702338307397,46.62336030754528,12.00000000000001,30.00000000000002,0.0,19.43353493602718,45.13828129485084,19.000000000000015,30.00000000000002,0.0,18.014745933371687,42.36675092623931,10.000000000000007,30.00000000000002,0.0,16.149671063229186,47.95802322446746,12.00000000000001,30.00000000000002,0.0,16.11173927617225,47.97568557980012,16.000000000000015,30.00000000000002,0.0,18.934144522977197,0.0,0.0,0.0,15.10512423408738,0.0,0.0,643.1786244389582,1278.4899807808575,642.9446922829328,646.6777755809357,652.4242204647479,1025.9540881142348,652.6556651180089,656.8016133387746,656.3447967502237,8683.05958402906,82.26346763704584,84.53673511295543,570.0000000000005,0.0,570.0000000000005,570.0000000000005,21.0,16.0,19.0,16.0,12.0,12.0,21.0,10.0,1.0,0.0,1107.1473228583105,0.0,5.74621296297812,0.0,0.0,0.0,0.0,0.0,3440.3899376598958,2064233.9625959357,2680159.5530494356,82.26346763704584,84.57534274142648,0.34134633125533006,0.7649053108595803,0.3602813740196598,84.57534274142648,0.3542647819438878,2680159.5530494356,0.15371329675857063 
 02/20  22:10:00,4.4399999999999999,86.33333333333334,4.073333333333334,0.0,0.0,0.0,0.0,0.0,2.0,0.0,0.0,4.0,0.0,0.0,0.0,1470.0,0.0,0.0,0.0,0.0,0.0,0.0,0.0,0.0,0.0,0.0,0.0,21.19324077907101,-713.5063239657206,20.654111934042019,-90.82294693966256,20.852303284216825,-1282.6545288113455,19.96537013100843,464.4067470850334,16.593381286824746,13.58211491150687,19.089652494076597,-37.328343273148579,17.848537540167,182.2400578564059,16.2021894688978,-133.7027313269143,17.72693336438531,-358.62203023118277,1068.703931971608,1008.5042361925019,0.0,0.0,0.0,0.0,0.0,0.0,0.0,0.0,0.0,0.0,0.0,0.0,0.0,0.0,0.0,0.0,0.0,0.0,0.0,0.0,0.0,0.0,1.7070660586860689,0.521082435496358,166.98777108985474,194.21905219057676,5619.305992064277,0.264429766178399,0.04035863342161157,19.413582870185736,22.556770319154027,642.5249453184424,1.9322983334695554,0.3651357395067189,306.7104192647444,356.64029970998538,10361.444436477064,0.39754248450473897,0.07512140674692723,299.6697864310445,349.49074883824297,9554.12748651589,0.0,0.0,10.718045242917944,12.668525601956607,260.0335722775902,0.0,0.0,13.44712589769452,15.734855945195813,397.83220247637106,0.0,0.0,187.09513633851354,220.11407666260625,5081.438722527598,0.0,0.0,42.412126836065187,50.20816037306157,982.8739406014856,0.0,0.0,119.58207423808254,140.7741272005582,3196.304931494691,39.59397978638451,27.156364736889246,307.4190177615752,360.7611800898153,9891.255485649668,0.0,0.0,135.60252518317697,161.49331167230154,2774.5116719614368,994.4906230395998,21.476528056585609,33.90272678470183,21.6,30.0,0.0,21.08901652495695,45.38662569861304,21.000000000000005,30.0,1574.9480762347012,21.497968828916485,33.297878123754838,21.400000000000003,30.0,0.0,20.65529844021828,35.38565190117758,15.999999999999999,30.0,0.0,16.605239824580317,46.56137015116408,12.0,30.0,0.0,19.423339478084274,43.89984660745469,19.0,30.0,0.0,18.18795690915589,41.783455259203098,10.0,30.0,0.0,16.047113086339377,48.20761851820315,12.0,30.0,2972.3209499162846,18.077424520068925,42.387881415827909,20.0,30.0,0.0,18.803186016916059,0.0,0.0,0.0,14.484411993311185,0.0,0.0,660.6263011013273,1263.519964433981,629.7454273014432,643.6881912909996,655.2886002861189,1008.3898671079516,657.4115930442077,661.4392908808299,659.7561310335017,10280.785200968667,81.2068485849112,83.57172819954339,570.0,0.0,570.0,570.0,21.0,16.0,19.0,19.0,12.0,12.0,21.0,10.0,1.0,0.0,994.4906230395998,0.0,1574.9480762347012,0.0,0.0,0.0,0.0,2972.3209499162846,3578.3786888393235,2147027.2133035936,2791461.5295599538,81.2068485849112,83.61189170626138,0.3572792896279775,0.7695449648127377,0.3602813740196596,83.61189170626138,0.3542647819438876,2791461.5295599538,0.15940599953711766 
 02/20  22:20:00,4.32,86.66666666666667,4.076666666666667,0.0,0.0,0.0,0.0,0.0,2.0,0.0,0.0,4.0,0.0,0.0,0.0,588.0,0.0,0.0,0.0,0.0,0.0,0.0,0.0,0.0,0.0,0.0,0.0,21.19842743985236,-873.8436064767684,20.641588531790405,-57.52217913728667,21.084762294963434,-1222.9403481342129,20.08113999172484,503.4617010928232,16.577300872561986,15.73987036299556,19.08413483674981,-47.00283783673294,17.73404042083513,-24.170615551670836,16.06107380850346,-92.52590305957244,18.477415690021787,-604.8334076224876,1146.2896730950234,1552.1395039890174,0.0,0.0,0.0,0.0,0.0,0.0,0.0,0.0,0.0,0.0,0.0,0.0,0.0,0.0,0.0,0.0,0.0,0.0,0.0,0.0,0.0,0.0,1.6836435280166238,0.5139327008597753,171.89375760423116,199.4591983603877,5842.779946824628,0.2968600242194647,0.04530830650480231,12.5598845231821,14.59199500563199,422.65292665181587,2.0381777316180704,0.3851431843571562,308.7693848166075,358.59042098594946,10552.865725886091,0.40886482241330027,0.07726092638195392,305.7089218039369,356.0536349202358,9935.915925226804,0.0,0.0,12.396459811915307,14.64256193889243,303.310757399952,0.0,0.0,14.837251867095797,17.34546613855423,442.6038700090908,0.0,0.0,231.8002297677337,272.51629601017228,6227.16307999809,0.0,0.0,52.06324401442758,61.6576820715423,1200.0377309751112,0.0,0.0,185.33371439802947,216.5712367808199,5560.064395233358,39.90425868149628,27.36917605040898,315.78951505125777,370.1484661860136,10282.806683564424,0.0,0.0,181.80720509067187,215.4217085673925,4083.6852102708719,1035.597118232019,21.699601560162507,33.12472935628342,21.75,30.0,0.0,21.080895051097906,45.67628534523515,21.0,30.0,1704.9879918101092,21.648826433614443,32.819177884728258,21.5,30.0,0.0,20.8538314340038,34.656185494740999,16.0,30.0,0.0,16.58640203420983,46.478344984389149,12.0,30.0,0.0,19.42553758500985,42.16626464897725,19.0,30.0,0.0,17.927630921599176,42.45167964353902,10.0,30.0,0.0,15.847741104090602,48.744357715805637,12.0,30.0,880.6116922191524,19.687056768158518,38.16468908262557,19.5,30.0,0.0,18.950008775347024,0.0,0.0,0.0,15.19850507416557,0.0,0.0,648.9277731952429,1289.9459824007213,625.4448227564494,635.0682516604848,658.91758748096,987.0520664151586,662.8011392405249,666.6813149696232,667.0926582622385,8989.327615547487,82.06078868852149,85.6552508824344,570.0,0.0,570.0,570.0,21.0,16.0,19.0,19.0,12.0,12.0,21.0,10.0,1.0,0.0,1035.597118232019,0.0,1704.9879918101092,0.0,0.0,0.0,0.0,880.6116922191524,5439.601706791704,3263761.0240750226,4259504.796844814,82.06078868852149,85.71629678328262,0.35132005689305687,0.7659443821033428,0.36028137401965956,85.71629678328262,0.3542647819438875,4259504.796844814,0.23549091610259699 
 02/20  22:30:00,4.199999999999999,87.0,4.08,0.0,0.0,0.0,0.0,0.0,2.0,0.0,0.0,4.0,0.0,0.0,0.0,588.0,0.0,0.0,0.0,0.0,0.0,0.0,0.0,0.0,0.0,0.0,0.0,21.426557501228566,-1298.1256166942465,20.627519844387856,-97.54395332842612,21.101211671137567,-970.8484247529268,20.02913050747332,315.3428539829695,16.561710570997879,12.254538730531565,19.0601280220396,-59.66055598120704,17.478111696124864,-62.09340477288197,16.067407564588163,-18.42336527099104,18.930239926185075,-1300.6608104668554,1046.6036082626836,1947.4909083654443,0.0,0.0,0.0,0.0,0.0,0.0,0.0,0.0,0.0,0.0,0.0,0.0,0.0,0.0,0.0,0.0,0.0,0.0,0.0,0.0,0.0,0.0,1.6928997046309629,0.5167581515967531,225.87671541508849,262.16046928705119,7850.008200253396,0.26346617512939987,0.04021156519068985,19.37410359408674,22.51775993726973,649.5675165997759,2.1668070141207247,0.40944954915357625,281.3804805090393,326.4821903157234,9682.157169219503,0.3898382555773564,0.07366558117485947,240.6572179561762,280.16229143745707,7821.71754471945,0.0,0.0,12.274974986379985,14.501256589678674,302.8627196423479,0.0,0.0,15.716481188417753,18.382303896153709,471.6671534801661,0.0,0.0,292.6051135859725,344.6200965046503,7726.634759126952,0.0,0.0,50.02111977915341,59.231244762382129,1172.4298951591405,0.0,0.0,261.7482560227108,305.6787007533517,8128.872209372365,39.746057921615719,27.2606707281315,273.76195107930877,320.8310740265964,9024.856169623607,0.0,0.0,250.7680968075787,296.8530086731929,5927.356166666385,2122.0837754759779,21.927984342258996,32.379277625319357,22.0,30.0,0.0,21.061169535565918,45.27309104626764,21.0,30.0,1658.9258871891203,21.509421348819588,33.24153944131555,21.5,30.0,0.0,20.700702495036876,35.05879371309838,16.0,30.0,0.0,16.5686382830554,46.39230040528166,12.0,30.0,0.0,19.395498739842755,41.00951230308266,19.0,30.0,0.0,17.480665753150477,43.484519222066698,10.0,30.0,0.0,15.922546437906986,48.283351226820339,12.0,30.0,2668.6628394541087,19.957500974966057,37.329918868695717,20.0,30.0,0.0,18.653309882986194,0.0,0.0,0.0,16.00701659471762,0.0,0.0,644.990091660383,1274.2231734431676,643.3296225278039,649.4120567273445,662.3310035648829,959.8494063646232,665.892600642132,669.1538990807524,669.8937563991156,9642.790260215363,81.62891782281476,83.41232841565393,570.0,0.0,570.0,570.0,21.0,16.0,19.0,19.0,12.0,12.0,21.0,10.0,1.0,0.0,2122.0837754759779,0.0,1658.9258871891203,0.0,0.0,0.0,0.0,2668.6628394541087,2698.9116959443319,1619347.017566599,2098580.2705133489,81.62891782281476,83.44261664803719,0.3449637231981444,0.7716295992129861,0.36028137401965956,83.44261664803719,0.3542647819438875,2098580.2705133489,0.12286950740002747 
 02/20  22:40:00,4.08,87.33333333333334,4.083333333333334,0.0,0.0,0.0,0.0,0.0,2.0,0.0,0.0,0.0,0.0,0.0,0.0,1470.0,0.0,0.0,0.0,0.0,0.0,0.0,0.0,0.0,0.0,0.0,0.0,20.919664489732229,-731.9576974497014,20.434686748000627,-213.4257373426212,20.692427327144025,-661.2187430614101,20.049412907416916,152.15913571157766,16.54831928276334,14.317758060662284,18.934628404343877,-53.27407826154771,17.515534219346955,-4.019537438216419,16.08795904268066,-29.756652383534566,18.459832895169769,-721.3422246451493,1009.1723447819578,1523.7192320998996,0.0,0.0,0.0,0.0,0.0,0.0,0.0,0.0,0.0,0.0,0.0,0.0,0.0,0.0,0.0,0.0,0.0,0.0,0.0,0.0,0.0,0.0,1.716251801890222,0.5238863864133767,207.09246182084537,241.1967431023731,6979.534829973192,0.32136653903986847,0.049048617069577,78.62565191147493,91.62893521201019,2592.7437595257276,1.9481722271657976,0.3681353414901358,209.31003366236357,243.82199304362514,7090.360852380087,0.36206526003900127,0.06841747166269863,175.44819558822034,204.75324733154614,5767.3664434306469,0.0,0.0,12.158389689158556,14.377947565916957,302.5963845431574,0.0,0.0,14.814263347681849,17.35509945400349,444.3974182717074,0.0,0.0,248.1996265507482,292.5103730421601,6666.305656134262,0.0,0.0,47.18510932021955,55.90483526471698,1124.2366736140144,0.0,0.0,214.47513069556917,251.36105521735173,6420.358343139752,39.728213720547739,27.24843190709722,247.4808125103875,290.7155219026036,8292.337342001825,0.0,0.0,203.50262177201507,241.48151365491789,4706.82564829135,0.0,21.013561318958545,35.47284900650925,21.4,30.0,0.0,20.775717600086158,39.06084979579101,12.0,30.0,0.0,21.047851073694518,34.67421155768719,21.4,30.0,0.0,20.73258797566155,35.44338543736337,12.0,30.0,0.0,16.55688945135726,46.326204859221217,12.0,30.0,0.0,19.258189578720619,40.49571760994488,12.0,30.0,0.0,17.589537171312235,43.471678548384769,10.0,30.0,0.0,16.00087831181907,47.94515310681919,12.0,30.0,0.0,19.167338753628284,39.305773998213947,19.3,30.0,0.0,18.363413643574196,0.0,0.0,0.0,15.567926114298399,0.0,0.0,721.5833319924719,896.8580360114589,682.8172092662265,683.8442131086699,667.3218280437455,939.9813415224296,688.9145230238823,674.2690328624133,682.8165748790398,0.0,80.41000637778912,80.41000637778912,60.0,0.0,60.0,60.0,12.0,12.0,12.0,19.0,12.0,12.0,21.0,10.0,0.0,0.0,0.0,0.0,0.0,0.0,0.0,0.0,0.0,0.0,0.0,0.0,0.0,80.41000637778912,80.41000637778912,0.0,0.0,0.0,80.41000637778912,0.0,0.0,0.0014199999999999999 
 02/20  22:50:00,3.96,87.66666666666667,4.086666666666666,0.0,0.0,0.0,0.0,0.0,2.0,0.0,0.0,0.0,0.0,0.0,0.0,441.0,0.0,0.0,0.0,0.0,0.0,0.0,0.0,0.0,0.0,0.0,0.0,20.250291757900599,-262.95758342153649,20.06001692644731,-265.13677524247898,20.09415604093135,-344.3606005042359,19.699553974991696,-125.40572895351073,16.529076862070946,9.043993902031584,18.804296029383559,-40.12638484918725,17.398515283656317,-24.191657442970628,16.03803932550452,-69.32125217872223,17.81230915535881,-220.08438597864538,965.2402810260669,1175.5269935039333,0.0,0.0,0.0,0.0,0.0,0.0,0.0,0.0,0.0,0.0,0.0,0.0,0.0,0.0,0.0,0.0,0.0,0.0,0.0,0.0,0.0,0.0,1.7050045104530507,0.5204531472689414,169.55390511828896,197.82964529816793,5387.212765989525,0.3147795293511292,0.048043273710489848,111.41560211132567,129.91352807685446,3532.307709428156,1.828341084772785,0.3454915126176846,175.80817684785,205.2036839383926,5625.85978126858,0.3305206981032234,0.06245667008753279,172.8232718729996,201.71759144916053,5491.624598427846,0.0,0.0,10.858557702995629,12.828510534303469,272.3807161950923,0.0,0.0,13.040953562227085,15.270512533115772,389.8096743817312,0.0,0.0,193.59319700238039,228.07342070936267,5181.1497225615789,0.0,0.0,42.62289600104123,50.45995244121799,1021.1006229010664,0.0,0.0,161.77683201510988,190.14776949105792,4541.740526847109,39.320046895852467,26.968482095920789,263.93862632111697,309.796038437879,8627.394893333432,0.0,0.0,152.1661483102038,180.94046841085436,3303.149923171939,0.0,19.960446116633436,37.05338525355989,22.000000000000019,30.00000000000002,0.0,20.14469975239815,36.89460585349145,12.00000000000001,30.00000000000002,0.0,20.049536595922957,36.39789739215575,22.000000000000019,30.00000000000002,0.0,20.071987162061889,36.42758741030984,12.00000000000001,30.00000000000002,0.0,16.531975703686919,46.42580291346473,12.00000000000001,30.00000000000002,0.0,19.075465170998649,40.45301593780805,12.00000000000001,30.00000000000002,0.0,17.41037928439962,43.96854370122329,10.000000000000007,30.00000000000002,0.0,15.939828405191728,48.16786401602491,12.00000000000001,30.00000000000002,0.0,18.08393024879209,42.09242465596521,20.000000000000015,30.00000000000002,0.0,18.295507432085665,0.0,0.0,0.0,14.673483081494217,0.0,0.0,690.4884477297233,709.1919336960366,664.6798466571098,666.5858079937394,677.6084509681709,948.2420389349234,696.6297286583215,683.3937041085537,689.8813081821138,0.0,80.41000637778919,80.41000637778919,60.00000000000004,0.0,60.00000000000004,60.00000000000004,12.0,12.0,12.0,19.0,12.0,12.0,21.0,10.0,0.0,0.0,0.0,0.0,0.0,0.0,0.0,0.0,0.0,0.0,0.0,0.0,0.0,80.41000637778919,80.41000637778919,0.0,0.0,0.0,80.41000637778919,0.0,0.0,0.0014266666666666666 
 02/20  23:00:00,3.84,88.0,4.09,0.0,0.0,0.0,0.0,0.0,2.0,0.0,0.0,0.0,0.0,0.0,0.0,441.0,0.0,0.0,0.0,0.0,0.0,0.0,0.0,0.0,0.0,0.0,0.0,19.824500417978276,-189.00574083182725,19.767464572481655,-294.7804934665276,19.727697156221539,-374.17799018430869,19.38435198824444,-142.18055260288245,16.501735447286987,0.24507972392128389,18.708521478107863,-32.63668171829519,17.27305387973953,-96.19286939922472,15.91196410055121,-143.65744213510338,17.540892657054344,-116.77784498529712,813.678684799919,803.5200900037914,0.0,0.0,0.0,0.0,0.0,0.0,0.0,0.0,0.0,0.0,0.0,0.0,0.0,0.0,0.0,0.0,0.0,0.0,0.0,0.0,0.0,0.0,1.678201508213513,0.512271522653698,282.2654440235587,330.58288605314046,8672.912819524327,0.3079271157245765,0.04699742303488656,172.47556876081584,201.79869674892383,5403.843554385708,1.5910849925477913,0.3006585397860531,189.6644745948098,221.8502127183158,5901.197594289775,0.3149355300508729,0.059511626993740188,164.29154833634019,192.16898441649622,5100.438041029723,0.0,0.0,9.269793337944908,10.95318260528391,234.07487500999569,0.0,0.0,12.235466893339656,14.335508271762642,365.89843644410146,0.0,0.0,138.31540480355836,163.02174985362758,3679.5698288658138,0.0,0.0,38.602334651793558,45.72784619972668,918.8496636396287,0.0,0.0,111.48610667339819,131.18164333658889,3064.9350311012115,38.674721879778449,26.525872345527085,323.1129456788379,380.18131787151148,10132.338290897253,0.0,0.0,103.20837273546474,123.04623392943765,2085.4931333543697,0.0,19.33498544112713,37.615017415078288,22.000000000000019,30.00000000000002,0.0,19.687713478520015,36.545002648690687,12.00000000000001,30.00000000000002,0.0,19.48828636105975,36.842502960980528,22.000000000000019,30.00000000000002,0.0,19.542738300684368,36.96495839555871,12.00000000000001,30.00000000000002,0.0,16.49363435860821,46.40170288858877,12.00000000000001,30.00000000000002,0.0,18.955846598555114,40.366007849723619,12.00000000000001,30.00000000000002,0.0,17.204077104811576,43.96350834954472,10.000000000000007,30.00000000000002,0.0,15.735194832114168,48.85968636318249,12.00000000000001,30.00000000000002,0.0,17.676705801590118,42.73707161253348,20.000000000000015,30.00000000000002,0.0,17.845741897904074,0.0,0.0,0.0,13.854224016477197,0.0,0.0,651.9882609300962,643.8838447580027,632.2905724355253,640.9527654316079,680.3844538468192,957.5821427307133,684.2922789762909,696.4857698912649,681.721776452911,0.0,80.41000637778919,80.41000637778919,60.00000000000004,0.0,60.00000000000004,60.00000000000004,12.0,12.0,12.0,19.0,12.0,12.0,21.0,10.0,0.0,0.0,0.0,0.0,0.0,0.0,0.0,0.0,0.0,0.0,0.0,0.0,0.0,80.41000637778919,80.41000637778919,0.0,0.0,0.0,80.41000637778919,0.0,0.0,0.0014333333333333334 
 02/20  23:10:00,3.7616666666666669,88.33333333333334,4.093333333333334,0.0,0.0,0.0,0.0,0.0,2.0,0.0,0.0,0.0,0.0,0.0,0.0,588.0,0.0,0.0,0.0,0.0,0.0,0.0,0.0,0.0,0.0,0.0,0.0,19.67208573189515,-259.4526301359688,19.521355438200254,-291.1225573043712,19.52057925339318,-205.69859809603873,19.177499078666359,-143.39723197426373,16.473881040226027,-0.9144393517304508,18.63008603674733,-33.41653544367816,17.144271996406564,-83.42778883343977,15.79762086853862,-138.82946908475055,17.363981256766708,-99.99843865781259,739.4497176755963,793.7757524246929,0.0,0.0,0.0,0.0,0.0,0.0,0.0,0.0,0.0,0.0,0.0,0.0,0.0,0.0,0.0,0.0,0.0,0.0,0.0,0.0,0.0,0.0,1.6511967917327708,0.5040283247047531,225.22305028837583,263.8561567836812,6923.762468613789,0.30287916532971168,0.04622697883542608,106.76139075819235,125.12425618918144,3289.8626882065439,1.5896782927066942,0.30039272348954929,145.93530016256995,170.78874607029844,4497.367844521896,0.30876775098693928,0.05834613586298926,98.12838422806277,114.88611432938385,3002.832604996303,0.0,0.0,9.018852155398676,10.66141350339483,228.5246326799995,0.0,0.0,11.585862866432948,13.581819770690892,346.21624618512819,0.0,0.0,137.15293665213876,161.8382239311611,3619.064032807077,0.0,0.0,38.01769511671271,45.078824689401979,898.7328138602819,0.0,0.0,109.88228094914669,129.46695193837514,2987.6339917525986,38.498983061987519,26.405338176946175,226.46149135688376,266.72911548816719,7253.672553109515,0.0,0.0,101.79954397037325,121.50431459997215,2040.3400487236648,0.0,19.202182541023399,37.24586050579782,22.0,30.0,0.0,19.329303752469078,36.4122710985836,12.0,30.0,0.0,19.251454169802864,37.02592070249041,22.0,30.0,0.0,19.231671760730955,37.18613661954785,12.0,30.0,0.0,16.458432068211203,46.32663517534802,12.0,30.0,0.0,18.863813895794637,40.23500540371223,12.0,30.0,0.0,17.00944177950215,43.99364671696107,10.0,30.0,0.0,15.56909431938029,49.19792634799683,12.0,30.0,0.0,17.432583566680625,43.133667857085089,20.0,30.0,0.0,17.52419590135577,0.0,0.0,0.0,13.690177922813195,0.0,0.0,625.3584692799886,603.098907771295,619.362521040144,623.2835513038951,680.8543211642132,967.4717426140993,668.2612547788572,697.926506622373,677.1467833213484,0.0,80.41000637778913,80.41000637778913,60.0,0.0,60.0,60.0,12.0,12.0,12.0,19.0,12.0,12.0,21.0,10.0,0.0,0.0,0.0,0.0,0.0,0.0,0.0,0.0,0.0,0.0,0.0,0.0,0.0,80.41000637778913,80.41000637778913,0.0,0.0,0.0,80.41000637778913,0.0,0.0,0.0014399999999999999 
 02/20  23:20:00,3.6833333333333337,88.66666666666667,4.096666666666668,0.0,0.0,0.0,0.0,0.0,2.0,0.0,0.0,0.0,0.0,0.0,0.0,294.0,0.0,0.0,0.0,0.0,0.0,0.0,0.0,0.0,0.0,0.0,0.0,19.43315170911295,-245.34362005461368,19.36829374342819,-144.8686716676316,19.336933538695317,-248.72597310108177,19.037947051727536,-6.581736517735649,16.44377415400868,-1.4674978390673346,18.54947332534123,-34.66998089127355,17.075887383614558,-53.02988666736019,15.693059692128636,-137.34037097120615,17.217917228797675,-76.04887853869082,464.6668831085901,757.5445723546527,0.0,0.0,0.0,0.0,0.0,0.0,0.0,0.0,0.0,0.0,0.0,0.0,0.0,0.0,0.0,0.0,0.0,0.0,0.0,0.0,0.0,0.0,1.6411483841336175,0.5009610452178319,122.63556691008889,143.67495206740893,3745.0283249465576,0.3087415864330335,0.047121731751073498,65.2335895108462,76.40776180282575,2000.716937014736,1.5822594235527037,0.298990820777155,53.45480249842924,62.55343979938449,1665.312175435096,0.31185800022071166,0.058930083186075499,40.1027257682134,46.86426295787486,1226.4674582825995,0.0,0.0,8.937541451292575,10.555231026357042,227.26522479163729,0.0,0.0,11.58301958571041,13.569109526959814,345.85248186424806,0.0,0.0,131.23831356991514,154.74831938896603,3464.785490518039,0.0,0.0,37.783616247222067,44.775707324306079,888.7316771229987,0.0,0.0,103.75914240717305,122.21493410050971,2799.0794902568488,38.3237492987209,26.28515041064534,92.93988443688557,109.70674471614024,3378.4040205400708,0.0,0.0,95.3589767216749,113.7924365854911,1885.668449581935,0.0,18.90563285060591,37.12185244502376,22.0,30.0,0.0,19.1532105197101,36.60897509227537,12.0,30.0,0.0,19.029106348398714,36.91288719288583,22.0,30.0,0.0,19.05256123637239,37.335692527775368,12.0,30.0,0.0,16.42140362620139,46.14348321803837,12.0,30.0,0.0,18.76572693672958,40.04599453229968,12.0,30.0,0.0,16.933512048368799,43.78963870419913,10.0,30.0,0.0,15.424047968756782,49.32696154006288,12.0,30.0,0.0,17.235519618550428,43.33284246984326,20.0,30.0,0.0,16.592294447001959,0.0,0.0,0.0,13.46765987809233,0.0,0.0,595.004535354846,595.937533161833,597.9050377797812,614.846133600694,676.8779118932016,970.1938157346456,655.7562945772398,693.0569718235485,667.4809528164915,0.0,80.41000637778913,80.41000637778913,60.0,0.0,60.0,60.0,12.0,12.0,12.0,19.0,12.0,12.0,21.0,10.0,0.0,0.0,0.0,0.0,0.0,0.0,0.0,0.0,0.0,0.0,0.0,0.0,0.0,80.41000637778913,80.41000637778913,0.0,0.0,0.0,80.41000637778913,0.0,0.0,0.0014466666666666667 
 02/20  23:30:00,3.605,89.0,4.1,0.0,0.0,0.0,0.0,0.0,2.0,0.0,0.0,0.0,0.0,0.0,0.0,441.0,0.0,0.0,0.0,0.0,0.0,0.0,0.0,0.0,0.0,0.0,0.0,19.26917911951045,-190.09194189733149,19.222736854743429,-240.9894492593164,19.161681244266356,-221.4532009637086,18.868399810922726,-251.1574721559761,16.416401772011765,-2.3367250342453937,18.483412441843947,-31.720813223550775,17.0566923830338,-27.289738491159967,15.601875996653626,-153.62449072384517,17.123154318204017,-57.65852947624608,636.4675413993427,660.1362149335564,0.0,0.0,0.0,0.0,0.0,0.0,0.0,0.0,0.0,0.0,0.0,0.0,0.0,0.0,0.0,0.0,0.0,0.0,0.0,0.0,0.0,0.0,1.6216185895698472,0.4949995694657652,167.83162954653978,196.90284603917548,5069.98791231223,0.2986323564928277,0.04557880898852681,52.888028754011489,62.13920385639281,1609.7100778473499,1.5842999800786708,0.29937641346913648,170.9201123521223,200.2690259218865,5176.515596157691,0.30486209881295958,0.05760810635165521,103.23574623112197,121.02202910929899,3103.465607939672,0.0,0.0,8.460159555818298,10.000000284364202,215.94993279068224,0.0,0.0,11.60219350760791,13.605718644509123,346.65822137148578,0.0,0.0,113.45790181790162,133.88885175859876,3014.97472904757,0.0,0.0,38.23741045001717,45.3659650918393,896.60690499523,0.0,0.0,88.2130211999565,104.02752719784617,2375.355703099877,38.21310778437115,26.209264598334117,188.1922893604755,221.93510086803364,6068.6698931905989,0.0,0.0,80.44987758640682,96.17730930149966,1558.310507664017,0.0,18.749963890191848,37.321583241484727,21.999999999999994,29.99999999999999,0.0,18.961274909384604,36.32208470523278,11.999999999999995,29.99999999999999,0.0,18.818556821290639,37.20159930489625,21.999999999999994,29.99999999999999,0.0,18.781724572378907,37.09687884318882,11.999999999999995,29.99999999999999,0.0,16.392051245354574,45.9209474211628,11.999999999999995,29.99999999999999,0.0,18.695600359805089,39.83673527253187,11.999999999999995,29.99999999999999,0.0,16.94489732313774,43.16499086508482,9.999999999999997,29.99999999999999,0.0,15.306019134762606,49.351360393373898,11.999999999999995,29.99999999999999,0.0,17.12909721890266,43.13993407043848,19.999999999999994,29.99999999999999,0.0,17.06538436661865,0.0,0.0,0.0,13.178678255196829,0.0,0.0,589.7151294462527,570.2868453597752,591.3355478873482,584.0314440636927,670.348601912395,966.9383320180938,638.2719149245056,686.9841231025799,653.1052737855939,0.0,80.4100063777891,80.4100063777891,59.99999999999998,0.0,59.99999999999998,59.99999999999998,12.0,12.0,12.0,19.0,12.0,12.0,21.0,10.0,0.0,0.0,0.0,0.0,0.0,0.0,0.0,0.0,0.0,0.0,0.0,0.0,0.0,80.4100063777891,80.4100063777891,0.0,0.0,0.0,80.4100063777891,0.0,0.0,0.0014533333333333337 
 02/20  23:40:00,3.5266666666666666,89.33333333333334,4.1033333333333339,0.0,0.0,0.0,0.0,0.0,2.0,0.0,0.0,0.0,0.0,0.0,0.0,294.0,0.0,0.0,0.0,0.0,0.0,0.0,0.0,0.0,0.0,0.0,0.0,19.10932854910733,-159.25846794420023,19.090378930483835,-231.9877869115695,19.037738666221175,-170.53383116830046,18.748542721687003,-2.49518499245296,16.386056394753014,-2.4465831740834584,18.416811061641615,-28.905604271977646,17.116574402874709,47.156011679883707,15.494744894751138,-165.7201455256934,17.046753681707825,-35.53728138790508,463.4241254037627,549.3024707522086,0.0,0.0,0.0,0.0,0.0,0.0,0.0,0.0,0.0,0.0,0.0,0.0,0.0,0.0,0.0,0.0,0.0,0.0,0.0,0.0,0.0,0.0,1.6167915615624873,0.49352611769306717,141.3303072866556,165.81242662334354,4264.456583001609,0.29673474123820617,0.0452891851706664,67.94304744040422,79.77713454606085,2057.0930390290616,1.5715440992653469,0.2969660051521822,74.47199272922954,87.34875278132938,2280.205153288943,0.30781972504848206,0.058166992639546877,33.49717357257129,39.343592013014099,1011.6494647732301,0.0,0.0,8.204544022621818,9.692727673791005,210.20804648704246,0.0,0.0,11.489898753317437,13.468899868458483,343.54791782645409,0.0,0.0,93.85804746890973,110.6474592389857,2535.5355425482259,0.0,0.0,39.442103390438678,46.78724166716308,920.0027257996825,0.0,0.0,68.05312801102201,80.24282630357621,1832.9507612225612,38.05384208744739,26.100028866562015,113.61003529980252,134.25783678076798,3955.693864618044,0.0,0.0,62.78125779765804,75.10283290359561,1186.5476356025016,0.0,18.579828098729629,37.23118840801723,22.000000000000008,30.00000000000001,0.0,18.80539693511313,36.359659005401457,12.000000000000004,30.00000000000001,0.0,18.69764744910121,37.07266581877565,22.000000000000008,30.00000000000001,0.0,18.664062625875269,37.3935886806956,12.000000000000004,30.00000000000001,0.0,16.358752256966868,45.604892382681189,12.000000000000004,30.00000000000001,0.0,18.62269437877559,39.53869685734352,12.000000000000004,30.00000000000001,0.0,17.10273759992087,42.104487008245857,10.000000000000004,30.00000000000001,0.0,15.15925791054631,49.407474975270087,12.000000000000004,30.00000000000001,0.0,17.04877713518927,42.947963484156328,20.000000000000008,30.00000000000001,0.0,16.477978861456778,0.0,0.0,0.0,12.844399064265563,0.0,0.0,572.8519485014978,559.5712258454852,577.4948926359291,585.4943379127894,660.4509336463519,959.5117090356282,617.3095180695768,679.0703063665219,641.2257289040487,0.0,80.41000637778916,80.41000637778916,60.00000000000002,0.0,60.00000000000002,60.00000000000002,12.0,12.0,12.0,19.0,12.0,12.0,21.0,10.0,0.0,0.0,0.0,0.0,0.0,0.0,0.0,0.0,0.0,0.0,0.0,0.0,0.0,80.41000637778916,80.41000637778916,0.0,0.0,0.0,80.41000637778916,0.0,0.0,0.0014600000000000002 
 02/20  23:50:00,3.4483333333333334,89.66666666666666,4.1066666666666669,0.0,0.0,0.0,0.0,0.0,2.0,0.0,0.0,0.0,0.0,0.0,0.0,588.0,0.0,0.0,0.0,0.0,0.0,0.0,0.0,0.0,0.0,0.0,0.0,19.0368749078784,-135.5508708966887,18.96932615750572,-260.9931940128158,18.922497913909223,-272.22315489469249,18.66587488474039,-174.7322346027806,16.358444106091218,-1.6708484854914474,18.36087095092563,-25.369740499034039,17.189693803863386,46.33350873458744,15.386624647333687,-193.17610665494687,16.960166676949294,-141.9083789961287,552.4461583254392,641.8136651673816,0.0,0.0,0.0,0.0,0.0,0.0,0.0,0.0,0.0,0.0,0.0,0.0,0.0,0.0,0.0,0.0,0.0,0.0,0.0,0.0,0.0,0.0,1.6139140917038733,0.4926477691403765,158.994030155066,186.73777815102725,4795.772941188002,0.3022529975425561,0.04613140988134251,62.63329744344348,73.61479925066661,1894.0030757670996,1.5862813797322939,0.2997508276138122,139.81663673547105,163.99552584845626,4221.48190917186,0.3047494950467988,0.05758682824013582,73.55712013049123,86.26642562838346,2202.504260319393,0.0,0.0,8.02038619793053,9.486511312615468,206.3083350501791,0.0,0.0,11.178938138493768,13.12169451472435,334.817255868445,0.0,0.0,110.51590519431344,130.27570299628418,3038.373368469924,0.0,0.0,42.4666959942054,50.45745666814817,985.0972868407255,0.0,0.0,37.845960179760037,44.63175788243736,1015.1204370343578,38.05180890472806,26.098634365382769,155.41162079702699,183.55616104133316,5107.355536757276,0.0,0.0,70.47525974887337,84.36458351047748,1332.9129964841316,0.0,18.56048134461537,36.94232949658293,22.0,30.0,0.0,18.668811055591847,36.23118843354817,12.0,30.0,0.0,18.578081663161428,36.97170110716623,22.0,30.0,0.0,18.560302549069069,37.210842901324259,12.0,30.0,0.0,16.332581742950354,45.2714124965296,12.0,30.0,0.0,18.569735111781534,39.272326505552637,12.0,30.0,0.0,17.261956969728673,41.306139116636099,10.0,30.0,0.0,15.01328338330727,49.24250640176138,12.0,30.0,0.0,16.938911946927637,43.05431427527151,20.0,30.0,0.0,16.63837660686946,0.0,0.0,0.0,12.763885467564219,0.0,0.0,562.2400018924841,545.0368470909044,565.3265289745039,571.5593992070189,649.6584028681043,952.9314790422163,606.6661857255135,665.2300521098631,638.3758861704582,0.0,80.41000637778913,80.41000637778913,60.0,0.0,60.0,60.0,12.0,12.0,12.0,19.0,12.0,12.0,21.0,10.0,0.0,0.0,0.0,0.0,0.0,0.0,0.0,0.0,0.0,0.0,0.0,0.0,0.0,80.41000637778913,80.41000637778913,0.0,0.0,0.0,80.41000637778913,0.0,0.0,0.0015099999999999999 
 02/20  24:00:00,3.37,90.0,4.11,0.0,0.0,0.0,0.0,0.0,2.0,0.0,0.0,0.0,0.0,0.0,0.0,294.0,0.0,0.0,0.0,0.0,0.0,0.0,0.0,0.0,0.0,0.0,0.0,18.944728082017563,-93.77490378879111,18.866031797672137,-173.07195017097593,18.71711130191143,-440.1654702101748,18.565619610292147,-2.9045842907619745,16.327674536623215,-0.6286177998762526,18.299556209232195,-25.13167738024879,17.16680481762598,2.8908114880928226,15.277799556544754,-179.16632421379723,16.738268719769999,-316.3696507840592,431.0731391727252,856.9518345004826,0.0,0.0,0.0,0.0,0.0,0.0,0.0,0.0,0.0,0.0,0.0,0.0,0.0,0.0,0.0,0.0,0.0,0.0,0.0,0.0,0.0,0.0,1.6274643590551934,0.49678399238559026,105.80442553436639,124.12848706263753,3214.336329889943,0.3066208754099985,0.04679805790750893,71.69819353585082,84.15307199060558,2163.866474663049,1.562167981569988,0.2951942519973524,96.12372786232599,112.7697469248455,2838.1739687406095,0.3105691252936753,0.058686531612561449,62.85551426233016,73.6155025972826,1888.8127791240368,0.0,0.0,7.888180426263538,9.322138684865351,203.70171057492088,0.0,0.0,11.156388977494322,13.084905397482409,334.55997141026207,0.0,0.0,141.3002763503582,166.44201031918397,3897.5980349856715,0.0,0.0,43.28426186181535,51.407993877627067,999.2704379117852,0.0,0.0,68.8550141498514,81.26876295137663,1811.0203313041214,38.00962145140671,26.069699212213118,108.31980410328734,127.86554507864182,3804.82911754508,0.0,0.0,98.92421683526776,118.2239143949012,1931.2987643518314,0.0,18.4910609323683,36.877883785186117,22.0,30.0,0.0,18.570112463663479,36.30177174297924,12.0,30.0,0.0,18.288083697565534,36.95813235041897,22.0,30.0,0.0,18.459283711046493,37.25386613840493,12.0,30.0,0.0,16.301338596152787,44.87156600031247,12.0,30.0,0.0,18.504730239771793,39.004607932208958,12.0,30.0,0.0,17.232221187603,41.275901519269599,10.0,30.0,0.0,14.871191317337108,48.87111487219781,12.0,30.0,0.0,16.578997850946917,43.65705635870681,20.0,30.0,0.0,16.228224009939475,0.0,0.0,0.0,12.99282492454321,0.0,0.0,555.8253387206499,540.5613859143666,544.0340058403613,566.8841808171121,636.6306806330795,946.4788553924047,606.0114810476669,642.685873701304,632.2400053298832,0.0,80.41000637778913,80.41000637778913,60.0,0.0,60.0,60.0,12.0,12.0,12.0,19.0,12.0,12.0,21.0,10.0,0.0,0.0,0.0,0.0,0.0,0.0,0.0,0.0,0.0,0.0,0.0,0.0,0.0,80.41000637778913,80.41000637778913,0.0,0.0,0.0,80.41000637778913,0.0,0.0,0.00156 
 02/21  00:10:00,3.291666666666667,90.16666666666667,4.12,0.0,0.0,0.0,0.0,0.0,2.0,2.0,0.0,0.0,0.0,0.0,0.0,441.0,0.0,0.0,0.0,0.0,0.0,0.0,0.0,0.0,0.0,0.0,0.0,18.776545171089574,-255.65975233723055,18.745552782473973,-289.46353218182818,18.61813520188472,5.892540188751958,18.435388712043257,-176.28508125643098,16.298300270912564,-1.299246149496573,18.24296909427369,-26.934268748936256,17.13124379005965,16.835517376251727,15.203765532033192,-174.89675438260529,16.6594276379328,-147.95582200143824,497.59057966902369,680.0565567641165,0.0,0.0,0.0,0.0,0.0,0.0,0.0,0.0,0.0,0.0,0.0,0.0,0.0,0.0,0.0,0.0,0.0,0.0,0.0,0.0,0.0,0.0,1.5965964138350853,0.48736154268470258,159.36968579870595,187.32673063561567,4769.226802942989,0.2926194193162868,0.044661083534231819,87.64976597853041,103.03171227918416,2631.027606620846,1.620541043868987,0.3062246870500732,138.73603428781429,163.2278062774307,4148.462203664038,0.3079820035029572,0.05819765750244843,47.313355481400069,55.72969934707776,1408.5804170041479,0.0,0.0,7.4797538055686199,8.847466543099339,193.91995083161215,0.0,0.0,11.264117606608819,13.224456626125385,338.3390326290561,0.0,0.0,95.57537904312312,112.71678049790065,2644.529579061583,0.0,0.0,44.115580377718838,52.45276066151523,1018.930756559572,0.0,0.0,23.916838672280315,28.268114664329329,630.9005760877377,37.94695851083927,26.026720514978938,147.90080568222769,175.00302143446528,4897.040514963939,0.0,0.0,74.06586442370502,88.70681018269107,1414.909387652235,0.0,18.25021928659253,36.686905619881169,22.0,30.0,0.0,18.418267263227237,36.22915131025904,12.0,30.0,0.0,18.242847053828738,37.25500438298529,22.0,30.0,0.0,18.25330434089799,36.89911649520387,12.0,30.0,0.0,16.273871199274308,44.57988044241065,12.0,30.0,0.0,18.44900719930585,38.8137835152072,12.0,30.0,0.0,17.192846400981826,40.44579542283912,10.0,30.0,0.0,14.795805581577458,48.50287439325463,12.0,30.0,0.0,16.512164657727799,43.609090703459958,20.0,30.0,0.0,16.37617961601249,0.0,0.0,0.0,12.721125914422079,0.0,0.0,530.8312307274455,528.1283319020341,550.1712576409725,541.3107672446281,628.0291475347543,941.3509213228178,578.141062210842,624.8284554218097,682.0393831171311,0.0,80.41000637778913,80.41000637778913,60.0,0.0,60.0,60.0,12.0,12.0,12.0,19.0,12.0,12.0,21.0,10.0,0.0,0.0,0.0,0.0,0.0,0.0,0.0,0.0,0.0,0.0,0.0,0.0,0.0,80.41000637778913,80.41000637778913,0.0,0.0,0.0,80.41000637778913,0.0,0.0,0.0016100000000000004 
 02/21  00:20:00,3.213333333333334,90.33333333333334,4.130000000000001,0.0,0.0,0.0,0.0,0.0,2.0,2.0,0.0,0.0,0.0,0.0,0.0,441.0,0.0,0.0,0.0,0.0,0.0,0.0,0.0,0.0,0.0,0.0,0.0,18.553242565166597,-166.2498163585414,18.635926424181176,-283.75650229533547,18.536592157971208,-259.1303932739846,18.289146032409833,-221.7033677104733,16.265344440149258,-2.337524922638218,18.18393073210659,-26.090511349400275,17.072683706358736,-20.752108331921279,15.11104988334868,-193.85604006682034,16.670073437764527,-123.64832985071269,697.478151185838,654.0249116245444,0.0,0.0,0.0,0.0,0.0,0.0,0.0,0.0,0.0,0.0,0.0,0.0,0.0,0.0,0.0,0.0,0.0,0.0,0.0,0.0,0.0,0.0,1.6141727836311919,0.49272673493015609,347.7754573486197,409.52009447116446,10174.618327111222,0.29348675793197828,0.044793461222829396,193.5569895066042,227.5651023177089,5795.566239178699,1.5862312507678556,0.29974135502038087,318.0727444751744,374.1272777889577,9470.154969955616,0.2940806659725411,0.0555707985586812,167.38685114783017,197.01078185566849,4928.536161113189,0.0,0.0,7.311904088076186,8.652208127002414,190.25483332621892,0.0,0.0,11.589682233354758,13.611816041676957,348.6138257336173,0.0,0.0,88.66137199046442,104.61296143673954,2453.7761895892137,0.0,0.0,44.774484989414947,53.26674806125267,1031.333792700179,0.0,0.0,19.407300770184216,22.935637922093897,517.4665260149548,37.89678197446366,25.992305880976447,464.0174474219055,548.1037482521736,13775.02441440793,0.0,0.0,69.39164562962067,83.18461294083103,1308.1125142645288,0.0,17.935616450221166,37.09856983285952,21.999999999999994,29.99999999999999,0.0,18.30573983101234,36.125358524313558,11.999999999999995,29.99999999999999,0.0,18.158700337524456,36.80486550272319,21.999999999999994,29.99999999999999,0.0,18.04859946880581,36.958131354257989,11.999999999999995,29.99999999999999,0.0,16.240339645240913,44.060631466833488,11.999999999999995,29.99999999999999,0.0,18.388355990106889,38.49828858362382,11.999999999999995,29.99999999999999,0.0,17.1097437370694,40.066446777098878,9.999999999999997,29.99999999999999,0.0,14.681055851852268,47.8269853835573,11.999999999999995,29.99999999999999,0.0,16.57945286586225,43.018727690597497,19.999999999999994,29.99999999999999,0.0,16.926995432280039,0.0,0.0,0.0,12.510531648581364,0.0,0.0,524.3711774141928,519.2695537944633,533.6859516627717,532.0739156422947,614.0122763534238,935.5809279095138,568.9299319519836,602.4313868162267,728.3770047567515,0.0,80.4100063777891,80.4100063777891,59.99999999999998,0.0,59.99999999999998,59.99999999999998,12.0,12.0,12.0,19.0,12.0,12.0,21.0,10.0,0.0,0.0,0.0,0.0,0.0,0.0,0.0,0.0,0.0,0.0,0.0,0.0,0.0,80.4100063777891,80.4100063777891,0.0,0.0,0.0,80.4100063777891,0.0,0.0,0.0016533333333333335 
 02/21  00:30:00,3.135,90.5,4.140000000000001,0.0,0.0,0.0,0.0,0.0,2.0,2.0,0.0,0.0,0.0,0.0,0.0,294.0,0.0,0.0,0.0,0.0,0.0,0.0,0.0,0.0,0.0,0.0,0.0,18.52845826258202,-250.81135018384976,18.491472556747085,-191.79810522897697,18.40754505360752,-190.25105065306253,18.223510285545396,-140.29139428650616,16.229821425719658,-2.50524164499501,18.12584339990404,-25.15398307370853,17.01126383023321,-0.5138959260345928,15.018999637092373,-193.38132170965549,16.674054904791029,-121.36681451287072,699.6860109031668,664.5838364960442,0.0,0.0,0.0,0.0,0.0,0.0,0.0,0.0,0.0,0.0,0.0,0.0,0.0,0.0,0.0,0.0,0.0,0.0,0.0,0.0,0.0,0.0,1.6095129557158928,0.4913043210365974,270.6188671490445,318.18573429883159,8010.313194072847,0.29550055110072506,0.04510081671256487,136.5384432143701,160.56486732960887,4060.5091292066656,1.5676608388044664,0.29623220687915099,213.11529290305936,250.4625858764921,6336.592742094953,0.30414978471231626,0.05747350429182088,110.07159397222603,129.36865055815094,3253.9220423760054,0.0,0.0,7.39945879070895,8.749579937628173,193.17920975189689,0.0,0.0,11.249641986161127,13.207291579228775,338.9228359768157,0.0,0.0,90.02832399002178,106.18134174444197,2491.537726207497,0.0,0.0,45.38697329265368,53.98405357929976,1042.9994132724713,0.0,0.0,18.75427138073137,22.14821856178226,504.62023238342109,38.02559027855659,26.080651768557347,323.98958540423407,382.36493629714706,9897.362069080966,0.0,0.0,69.1374033550524,82.8723862028051,1295.9155416395193,0.0,17.98037120687632,36.85983589228867,22.0,30.0,0.0,18.127250712647084,36.31240263095256,12.0,30.0,0.0,18.008541791913865,36.77262724391345,22.0,30.0,0.0,18.017185429920706,36.924738454630588,12.0,30.0,0.0,16.2027631079072,43.6257958436119,12.0,30.0,0.0,18.328971211446758,38.16561083295072,12.0,30.0,0.0,17.0278574704328,39.970059251719167,10.0,30.0,0.0,14.570224982365052,47.680012976602117,12.0,30.0,0.0,16.62341116135433,42.478231486757199,20.0,30.0,0.0,16.878376039449536,0.0,0.0,0.0,12.373562710965136,0.0,0.0,521.2775538342285,512.8958535169509,521.7477960935527,531.8135206239756,602.6605695051009,930.9474394711417,561.311297500519,594.3669482803366,756.2890643554654,0.0,80.41000637778913,80.41000637778913,60.0,0.0,60.0,60.0,12.0,12.0,12.0,19.0,12.0,12.0,21.0,10.0,0.0,0.0,0.0,0.0,0.0,0.0,0.0,0.0,0.0,0.0,0.0,0.0,0.0,80.41000637778913,80.41000637778913,0.0,0.0,0.0,80.41000637778913,0.0,0.0,0.0016966666666666665 
 02/21  00:40:00,3.0566666666666668,90.66666666666667,4.15,0.0,0.0,0.0,0.0,0.0,2.0,2.0,0.0,0.0,0.0,0.0,0.0,294.0,0.0,0.0,0.0,0.0,0.0,0.0,0.0,0.0,0.0,0.0,0.0,18.332859654300778,-116.28033259533743,18.43956037314036,-289.274511180889,18.318359066359045,-335.9080824212069,18.0804189625889,-123.57915477867403,16.194011616519469,-3.7460501836297066,18.0682899524668,-22.683101809378014,16.958380395771,-38.367804341811737,14.920027195869399,-209.0436470385808,16.68193608636669,-82.89232652997072,724.2409958222681,630.7339958101645,0.0,0.0,0.0,0.0,0.0,0.0,0.0,0.0,0.0,0.0,0.0,0.0,0.0,0.0,0.0,0.0,0.0,0.0,0.0,0.0,0.0,0.0,1.6082524748043279,0.49091955885358015,397.325917202332,467.4076643250602,11651.191357560718,0.2824934701664732,0.043115608999766987,201.12413970715967,236.27823636663462,5988.905640403519,1.586279627426988,0.29975049649036075,363.3059859576973,427.27350874462658,10750.949552389577,0.2987907333759926,0.056460833971276009,192.94961275837637,227.01761561022367,5658.614591548445,0.0,0.0,7.095081166747609,8.395332035107863,185.85774145092388,0.0,0.0,11.21255664437263,13.167302671270705,338.32557556052219,0.0,0.0,82.79964724235264,97.71209169940292,2295.0744518183998,0.0,0.0,46.5825717621757,55.44035068965371,1066.6739981975509,0.0,0.0,13.752269407874927,16.238900681421098,373.49744584330599,37.97734761344686,26.04756352088264,539.426910601944,636.5284257855467,15922.587803431656,0.0,0.0,64.48377020659965,77.35276080535907,1196.427480604315,0.0,17.725221467925367,37.3354307994006,22.000000000000008,30.00000000000001,0.0,18.109497058550696,36.21734874979477,12.000000000000004,30.00000000000001,0.0,17.920607057206334,36.708771863634328,22.000000000000008,30.00000000000001,0.0,17.815990017744406,37.158497244511909,12.000000000000004,30.00000000000001,0.0,16.165584764357964,43.19613084851469,12.000000000000004,30.00000000000001,0.0,18.27053021603981,37.90091264209302,12.000000000000004,30.00000000000001,0.0,16.962080206359468,39.70644655613299,10.000000000000004,30.00000000000001,0.0,14.445342571752912,47.38184728990417,12.000000000000004,30.00000000000001,0.0,16.67297635579326,41.963101873504928,20.000000000000008,30.00000000000001,0.0,16.92503895558704,0.0,0.0,0.0,12.195115334843177,0.0,0.0,520.5364399554393,510.77870194398175,515.186273951138,525.4995088549126,590.7555690505935,928.877044100501,552.5626902125216,583.7667583656794,784.0795264591591,0.0,80.41000637778916,80.41000637778916,60.00000000000002,0.0,60.00000000000002,60.00000000000002,12.0,12.0,12.0,19.0,12.0,12.0,21.0,10.0,0.0,0.0,0.0,0.0,0.0,0.0,0.0,0.0,0.0,0.0,0.0,0.0,0.0,80.41000637778916,80.41000637778916,0.0,0.0,0.0,80.41000637778916,0.0,0.0,0.00174 
 02/21  00:50:00,2.978333333333333,90.83333333333334,4.16,0.0,0.0,0.0,0.0,0.0,2.0,2.0,0.0,0.0,0.0,0.0,0.0,294.0,0.0,0.0,0.0,0.0,0.0,0.0,0.0,0.0,0.0,0.0,0.0,18.330611325742337,-268.0576281818139,18.246564817414787,-219.54264540351279,18.113730304195057,-181.06545767044373,18.051395894447816,-191.61620786320237,16.15640573612152,-4.65485120246214,18.014672891388089,-24.047788073033219,16.86820439210868,-18.67943177503912,14.820768213849182,-217.5109456036456,16.698272610286929,-50.64065131962596,720.3613665860794,610.2204538693424,0.0,0.0,0.0,0.0,0.0,0.0,0.0,0.0,0.0,0.0,0.0,0.0,0.0,0.0,0.0,0.0,0.0,0.0,0.0,0.0,0.0,0.0,1.5866941001262607,0.48433885840239945,384.60453273479757,452.5805224873901,11342.55725290022,0.2851416874139514,0.0435197935613479,193.11010836761165,227.3395830873145,5692.0652380415699,1.6671350530174314,0.31502929951198646,357.89996789141767,421.2444855612439,10481.006677484307,0.29640590828296356,0.056010186750371029,194.8184563355369,229.16648946635196,5740.438643131742,0.0,0.0,7.325065195172754,8.664876452441073,192.46773351235113,0.0,0.0,11.103892206924585,13.043707904266473,335.712725060024,0.0,0.0,83.10152820076192,98.09176702260536,2295.248589346618,0.0,0.0,47.840874992490437,56.96715937217643,1091.6888040332593,0.0,0.0,11.617279753819475,13.71444830726131,318.6654056214785,38.015792332475459,26.07393164092968,526.0671172367609,621.0305844491239,15572.25212374639,0.0,0.0,61.496300783145908,73.81819173379913,1131.2024224519233,0.0,17.784339896069299,36.964685155797017,22.0,30.0,0.0,17.83443610366584,36.586997579873038,12.0,30.0,0.0,17.63456147797958,37.18088151990044,22.0,30.0,0.0,17.82629712785934,36.9655577412988,12.0,30.0,0.0,16.1260189533723,42.87677401441333,12.0,30.0,0.0,18.21915540671002,37.624118402197797,12.0,30.0,0.0,16.830586368354497,39.726337425499867,10.0,30.0,0.0,14.322417262220183,47.295287905944807,12.0,30.0,0.0,16.7316099270977,41.4639610829004,20.0,30.0,0.0,16.854889879743618,0.0,0.0,0.0,12.032288371619739,0.0,0.0,516.0707836013853,504.6760561824098,511.01624324804927,523.0750580153118,580.7949387883061,922.13611156035,542.387746053002,577.0701811917323,813.4115257413403,0.0,80.41000637778913,80.41000637778913,60.0,0.0,60.0,60.0,12.0,12.0,12.0,19.0,12.0,12.0,21.0,10.0,0.0,0.0,0.0,0.0,0.0,0.0,0.0,0.0,0.0,0.0,0.0,0.0,0.0,80.41000637778913,80.41000637778913,0.0,0.0,0.0,80.41000637778913,0.0,0.0,0.0017166666666666665 
 02/21  01:00:00,2.9,91.0,4.17,0.0,0.0,0.0,0.0,0.0,2.0,2.0,0.0,0.0,0.0,0.0,0.0,294.0,0.0,0.0,0.0,0.0,0.0,0.0,0.0,0.0,0.0,0.0,0.0,18.12313807765522,-114.68860948863221,18.222501847891384,-275.48286390815067,18.10047649296731,-319.23389541270719,17.89481015108383,-119.84015241661473,16.11862340697561,-5.1033939917361839,17.956200463318454,-22.590210486063428,16.82017338301348,-52.48976895487681,14.720881543362982,-223.71805324599849,16.71023975619106,-49.206881982480698,699.6064302142886,614.601714475454,0.0,0.0,0.0,0.0,0.0,0.0,0.0,0.0,0.0,0.0,0.0,0.0,0.0,0.0,0.0,0.0,0.0,0.0,0.0,0.0,0.0,0.0,1.6090938310504415,0.49117638310453046,377.83271693765689,444.8455003199308,11051.778903475759,0.2831770490968697,0.04321994033835008,192.30030454347634,226.1184868738883,5701.093629518487,1.529061672442177,0.2889383356844629,345.7992660005498,407.05687593128649,10188.876481278305,0.29946753042012189,0.05658872456918401,183.88562164188796,216.53840512553934,5379.210851860864,0.0,0.0,7.115779828352947,8.42400747578493,187.57828393432249,0.0,0.0,11.100252616721955,13.043691316870895,336.0818119932509,0.0,0.0,77.42647458966639,91.44797078614396,2144.0988326147287,0.0,0.0,48.39989035856938,57.66386785007944,1100.6812245688078,0.0,0.0,14.079596706933194,16.626967011920394,389.49831034972456,38.03719137310583,26.088608623529387,512.7839082058694,605.5840756105198,15157.64322244539,0.0,0.0,61.21856480842286,73.52672174291263,1119.7449318793593,0.0,17.51028303283266,37.45901605560604,22.0,30.0,0.0,17.87165002328838,36.394947132031578,12.0,30.0,0.0,17.690127079396789,36.847219763374557,22.0,30.0,0.0,17.607767198079299,37.23724676396748,12.0,30.0,0.0,16.08717285000762,42.50667827760772,12.0,30.0,0.0,18.158783739001238,37.38167835640786,12.0,30.0,0.0,16.781025741156545,39.634360888563808,10.0,30.0,0.0,14.199740950864819,47.34461588497409,12.0,30.0,0.0,16.775037401588209,40.91594257748817,20.0,30.0,0.0,16.728859169641667,0.0,0.0,0.0,11.898212698216487,0.0,0.0,513.8170592961718,503.4528137540121,506.7562172257426,516.7529219674233,568.8326641827214,913.1713925349429,536.6276254261604,578.4838881856183,816.7132947176733,0.0,80.41000637778913,80.41000637778913,60.0,0.0,60.0,60.0,12.0,12.0,12.0,19.0,12.0,12.0,21.0,10.0,0.0,0.0,0.0,0.0,0.0,0.0,0.0,0.0,0.0,0.0,0.0,0.0,0.0,80.41000637778913,80.41000637778913,0.0,0.0,0.0,80.41000637778913,0.0,0.0,0.0016933333333333334 
 02/21  01:10:00,2.8766666666666667,91.00000000000002,4.155,0.0,0.0,0.0,0.0,0.0,2.0,2.0,0.0,0.0,0.0,0.0,0.0,294.0,0.0,0.0,0.0,0.0,0.0,0.0,0.0,0.0,0.0,0.0,0.0,18.128932619993188,-260.1594920722073,18.05173777010709,-210.56687227469275,17.917656159688464,-176.1898339950776,17.876189716906898,-190.23590502811386,16.079442301396573,-5.471114178134528,17.90260942892754,-24.694152273300774,16.729126369853277,-32.38153347659431,14.626214231613038,-227.27323345122808,16.707848853942687,-55.15529980809484,698.6987279775949,626.6378126386592,0.0,0.0,0.0,0.0,0.0,0.0,0.0,0.0,0.0,0.0,0.0,0.0,0.0,0.0,0.0,0.0,0.0,0.0,0.0,0.0,0.0,0.0,1.5762753409239423,0.4811585289755623,385.8913165623218,454.4539447350636,11313.37576150813,0.28313335477774118,0.04321327148622424,195.14902331330715,229.92295082915894,5717.3302221496219,1.6273683253473408,0.30751480070811446,361.4613478166676,425.77847247371985,10521.985110564128,0.29379185485694628,0.05551622351794145,197.00024439495838,231.90843900317558,5773.0046113008879,0.0,0.0,7.382994716258644,8.737200891118569,194.37359300066906,0.0,0.0,11.076586040264795,13.018629167101948,334.77352096085419,0.0,0.0,80.39000549305428,94.95653776872209,2209.6634645879078,0.0,0.0,49.292899672847358,58.75110114044328,1112.5953560701219,0.0,0.0,15.935325670984117,18.811630923149374,442.06595149179898,37.95515210811398,26.03234026619615,531.5616953141498,627.9749811960461,15650.992412919473,0.0,0.0,62.06599615953857,74.57139951964382,1124.9434717579164,0.0,17.582778044473323,37.042228604528919,22.0,30.0,0.0,17.632606998927117,36.6443317775327,12.0,30.0,0.0,17.438887360805809,37.24443469451317,22.0,30.0,0.0,17.63311225620025,37.02179294442888,12.0,30.0,0.0,16.046512297199898,42.30025298302916,12.0,30.0,0.0,18.106063093884978,37.18710388918173,12.0,30.0,0.0,16.652652762294456,39.69661251702172,10.0,30.0,0.0,14.087697263232763,47.40337976694593,12.0,30.0,0.0,16.789799672702278,40.513489556032087,20.0,30.0,0.0,16.681859339125795,0.0,0.0,0.0,11.78959090154644,0.0,0.0,508.6147976766689,496.0762974681953,502.59135509835599,513.6649909936657,562.877499275751,902.3501615184457,535.6177095072003,586.7740739038877,815.4903685015779,0.0,80.41000637778913,80.41000637778913,60.0,0.0,60.0,60.0,12.0,12.0,12.0,19.0,12.0,12.0,21.0,10.0,0.0,0.0,0.0,0.0,0.0,0.0,0.0,0.0,0.0,0.0,0.0,0.0,0.0,80.41000637778913,80.41000637778913,0.0,0.0,0.0,80.41000637778913,0.0,0.0,0.00167 
 02/21  01:20:00,2.8533333333333337,91.0,4.140000000000001,0.0,0.0,0.0,0.0,0.0,2.0,2.0,0.0,0.0,0.0,0.0,0.0,294.0,0.0,0.0,0.0,0.0,0.0,0.0,0.0,0.0,0.0,0.0,0.0,17.9361486730457,-111.88541390767114,18.038065162629743,-264.08151670858617,17.91411074743216,-308.36159112613316,17.729086320588288,-122.00172922552702,16.040523539134683,-5.576989848955677,17.844413110812959,-24.15908464150121,16.682258346557686,-60.71159282547478,14.534983610001884,-228.74845708790122,16.69448745998984,-58.34668842205883,675.0199521084705,633.2666151906902,0.0,0.0,0.0,0.0,0.0,0.0,0.0,0.0,0.0,0.0,0.0,0.0,0.0,0.0,0.0,0.0,0.0,0.0,0.0,0.0,0.0,0.0,1.587961990126227,0.48472588221191306,375.9452948525836,442.9268222914791,10900.611322129937,0.2797538816737586,0.04269747888793629,191.69105327726659,225.55632919302253,5634.529971318781,1.5101279479355987,0.2853605343793649,349.34724906787428,411.5086264651902,10206.289582758818,0.2949384775271886,0.05573289446847855,187.80191521686545,221.30410381203226,5446.538638135681,0.0,0.0,7.192439300872528,8.517546014333585,189.1653417118017,0.0,0.0,11.192651788192667,13.158211204396997,337.5035049458055,0.0,0.0,76.23330416827753,90.09504724445344,2093.1607433122055,0.0,0.0,49.396150970393197,58.89722585457926,1107.2192303333496,0.0,0.0,17.936542172380727,21.178865122881136,498.23352261517109,37.73530353419761,25.881552492590964,515.7480061171702,609.4449110450756,15124.787102322658,0.0,0.0,62.00421988370277,74.53066756733381,1113.1491167246605,0.0,17.3311608818846,37.486913072328807,22.0,30.0,0.0,17.684072801802438,36.45608826904783,12.0,30.0,0.0,17.508270191541116,36.895541324436297,22.0,30.0,0.0,17.428317620442884,37.25386806951842,12.0,30.0,0.0,16.00719983950148,42.02236007605501,12.0,30.0,0.0,18.04478316296209,36.98399222599243,12.0,30.0,0.0,16.609031841054994,39.681179742046158,10.0,30.0,0.0,13.98261265517105,47.52229413608724,12.0,30.0,0.0,16.78520759989499,40.110359653458548,20.0,30.0,0.0,16.57966622063381,0.0,0.0,0.0,11.677996358058284,0.0,0.0,506.16308253581,496.2706515378779,499.17608544181709,507.3641301646602,557.3276456366023,890.5527097143003,540.1115342439471,599.0938317064313,799.1579197579047,0.0,80.41000637778913,80.41000637778913,60.0,0.0,60.0,60.0,12.0,12.0,12.0,19.0,12.0,12.0,21.0,10.0,0.0,0.0,0.0,0.0,0.0,0.0,0.0,0.0,0.0,0.0,0.0,0.0,0.0,80.41000637778913,80.41000637778913,0.0,0.0,0.0,80.41000637778913,0.0,0.0,0.0016733333333333336 
 02/21  01:30:00,2.83,91.0,4.125,0.0,0.0,0.0,0.0,0.0,2.0,2.0,0.0,0.0,0.0,0.0,0.0,294.0,0.0,0.0,0.0,0.0,0.0,0.0,0.0,0.0,0.0,0.0,0.0,17.949346104947077,-251.07192102072987,17.880065940795697,-204.14853264461136,17.742834277727455,-171.47193544182484,17.718531493514467,-185.8561795373489,16.000424357252329,-5.879670768073339,17.78990289009314,-26.4587391741818,16.594171110985724,-40.719755992691037,14.447145782180229,-231.9796566403278,16.675323846891538,-62.82261990580872,672.5634183052753,643.6383360966497,0.0,0.0,0.0,0.0,0.0,0.0,0.0,0.0,0.0,0.0,0.0,0.0,0.0,0.0,0.0,0.0,0.0,0.0,0.0,0.0,0.0,0.0,1.5548784739239508,0.47462712879241478,381.5732538488079,449.64299400787697,11101.626408740507,0.27917608906652816,0.04260929320307206,193.9011900841062,228.5931918530075,5637.165008021542,1.6287612652142112,0.3077780168583167,358.017863393894,421.97967803869246,10342.63597480873,0.2897123058837612,0.05474533368929726,195.5253757712844,230.31052508796155,5686.661138962603,0.0,0.0,7.415791870267078,8.779123864977784,194.7868141575282,0.0,0.0,11.330617583211167,13.323886713113208,341.0289290160799,0.0,0.0,78.98220201410925,93.34918336827983,2153.72336552918,0.0,0.0,50.104021860189138,59.76245356763713,1115.8242175380227,0.0,0.0,18.86756016851124,22.278558643499197,524.4572059194832,37.51504139524306,25.730481066696208,526.9910312690349,622.9112830897843,15412.617055088936,0.0,0.0,62.638053086902278,75.31734172355435,1115.1446395434826,0.0,17.415225939279673,37.051243484588258,22.0,30.0,0.0,17.464783128856646,36.65201821785434,12.0,30.0,0.0,17.274107970149428,37.263220788863119,22.0,30.0,0.0,17.466801939183527,37.035016017312177,12.0,30.0,0.0,15.966279218079843,41.899957480855849,12.0,30.0,0.0,17.990404756765594,36.86534629284684,12.0,30.0,0.0,16.489009756461806,39.705613601637868,10.0,30.0,0.0,13.883749997695068,47.54044467307844,12.0,30.0,0.0,16.771049723499375,39.84625194663636,20.0,30.0,0.0,16.539425047817866,0.0,0.0,0.0,11.577728571225304,0.0,0.0,501.3317553111223,488.9683368987676,496.1566097895312,505.42049003630435,556.2449539403369,879.1988946093266,538.4328820237704,604.4614134394806,790.605044690576,0.0,80.41000637778913,80.41000637778913,60.0,0.0,60.0,60.0,12.0,12.0,12.0,19.0,12.0,12.0,21.0,10.0,0.0,0.0,0.0,0.0,0.0,0.0,0.0,0.0,0.0,0.0,0.0,0.0,0.0,80.41000637778913,80.41000637778913,0.0,0.0,0.0,80.41000637778913,0.0,0.0,0.0016766666666666669 
 02/21  01:40:00,2.8066666666666668,91.0,4.109999999999999,0.0,0.0,0.0,0.0,0.0,2.0,2.0,0.0,0.0,0.0,0.0,0.0,294.0,0.0,0.0,0.0,0.0,0.0,0.0,0.0,0.0,0.0,0.0,0.0,17.766020597389298,-109.05898452520705,17.870680511526659,-254.7517859777413,17.74317400956833,-296.7486256611628,17.579771356704364,-122.88766570332655,15.960300046823939,-5.9281871186874899,17.731019176549084,-26.56549927351014,16.549008511477063,-66.37436372771686,14.360950701330396,-233.23962453675689,16.649643127699699,-64.84659998710589,651.4723294081468,649.533377718211,0.0,0.0,0.0,0.0,0.0,0.0,0.0,0.0,0.0,0.0,0.0,0.0,0.0,0.0,0.0,0.0,0.0,0.0,0.0,0.0,0.0,0.0,1.5636380260948686,0.4773009847664434,370.18401989025508,436.3913699895049,10657.527843457952,0.2756231474433648,0.0420670249455685,189.11303251726026,222.6537116117355,5518.739577218734,1.5203640278798885,0.2872947898488074,346.11247234161308,407.9384913442514,10040.083864744223,0.29006315639064197,0.054811631971020759,187.1263340850599,220.6378655859446,5389.19375446195,0.0,0.0,7.194472854112501,8.522738095302591,188.769256851731,0.0,0.0,11.719315813988434,13.783780529142643,351.88375474415258,0.0,0.0,75.44693302712622,89.21663350615023,2055.760961709104,0.0,0.0,50.1213704246402,59.80456628672751,1109.282220409159,0.0,0.0,20.54244396938961,24.259625552086044,570.9949841462902,37.28947098774155,25.57576885304634,510.111136912321,603.0915515000106,14869.603230192399,0.0,0.0,62.49531597209615,75.17770216283269,1102.7220649737356,0.0,17.176189737014317,37.47562011133189,22.0,30.0,0.0,17.520942750528847,36.48297165659517,12.0,30.0,0.0,17.34748534330283,36.921668509470567,22.0,30.0,0.0,17.274169812934937,37.23432259152777,12.0,30.0,0.0,15.925999005605199,41.67996943207007,12.0,30.0,0.0,17.92799593145608,36.70442602121162,12.0,30.0,0.0,16.450724559333314,39.692159870929568,10.0,30.0,0.0,13.787994438512044,47.626483564391339,12.0,30.0,0.0,16.746325044016346,39.57955188835414,20.0,30.0,0.0,16.445509502320954,0.0,0.0,0.0,11.473403562596286,0.0,0.0,499.4553391224921,490.438663999796,493.8096314740937,499.7149132206208,554.0367193169913,868.4398293435911,541.8071968082727,611.608341076264,778.782025965385,0.0,80.41000637778913,80.41000637778913,60.0,0.0,60.0,60.0,12.0,12.0,12.0,19.0,12.0,12.0,21.0,10.0,0.0,0.0,0.0,0.0,0.0,0.0,0.0,0.0,0.0,0.0,0.0,0.0,0.0,80.41000637778913,80.41000637778913,0.0,0.0,0.0,80.41000637778913,0.0,0.0,0.0016800000000000003 
 02/21  01:50:00,2.783333333333333,91.0,4.095000000000001,0.0,0.0,0.0,0.0,0.0,2.0,2.0,0.0,0.0,0.0,0.0,0.0,294.0,0.0,0.0,0.0,0.0,0.0,0.0,0.0,0.0,0.0,0.0,0.0,17.782057337571947,-242.34495099435663,17.720519981695384,-199.33194779552515,17.580221597376196,-167.28683045807703,17.57266553734425,-182.6150891045536,15.919194660445167,-6.201705030897671,17.67584436978188,-28.41270733912509,16.464078789870567,-46.90419196697303,14.27681349894351,-236.317451925912,16.622043996592354,-68.81355990069301,649.9895384681804,659.0480145522633,0.0,0.0,0.0,0.0,0.0,0.0,0.0,0.0,0.0,0.0,0.0,0.0,0.0,0.0,0.0,0.0,0.0,0.0,0.0,0.0,0.0,0.0,1.5357836997242052,0.4687984431392568,374.4551988088452,441.49995126971455,10821.968083841315,0.27577896511598568,0.042090806641633959,190.88991065738959,225.1679602271482,5512.522444234728,1.6343508679642543,0.3088342532056415,351.61554863427986,414.65640789407316,10091.429713461275,0.2860134144223011,0.0540463746073887,192.61345300506933,227.0025631571661,5565.3133281155319,0.0,0.0,7.387849971660483,8.749019633880895,193.58097686289069,0.0,0.0,11.780416225963215,13.859047699147773,353.0360462582173,0.0,0.0,78.1949134820396,92.47080540710448,2116.975016725417,0.0,0.0,50.765337901808987,60.59319661067959,1116.8164393049156,0.0,0.0,21.07802061167,24.89533577362854,585.766068128959,37.082160059175169,25.433580287500126,517.7295905072434,612.2629305720545,15059.42204091482,0.0,0.0,63.0698923793692,75.89238260968063,1104.1151543327579,0.0,17.263438034657097,37.038205516092038,22.0,30.0,0.0,17.312902506972063,36.64958639590374,12.0,30.0,0.0,17.12496122227499,37.2667632278364,22.0,30.0,0.0,17.317138420950366,37.02505094123511,12.0,30.0,0.0,15.884378570487807,41.603429003040208,12.0,30.0,0.0,17.872657233082014,36.63906593286042,12.0,30.0,0.0,16.33786048817757,39.68464624656667,10.0,30.0,0.0,13.695712559071897,47.619421291215207,12.0,30.0,0.0,16.719171265870263,39.410665917868318,20.0,30.0,0.0,16.40687832256441,0.0,0.0,0.0,11.378908616582422,0.0,0.0,494.97025461006037,483.5876520903638,491.36589216281507,498.7381029003409,554.3691069992301,859.1752195820224,538.5015810488228,612.8444447752379,771.7947291941277,0.0,80.41000637778913,80.41000637778913,60.0,0.0,60.0,60.0,12.0,12.0,12.0,19.0,12.0,12.0,21.0,10.0,0.0,0.0,0.0,0.0,0.0,0.0,0.0,0.0,0.0,0.0,0.0,0.0,0.0,80.41000637778913,80.41000637778913,0.0,0.0,0.0,80.41000637778913,0.0,0.0,0.0016433333333333335 
 02/21  02:00:00,2.76,91.0,4.08,0.0,0.0,0.0,0.0,0.0,2.0,2.0,0.0,0.0,0.0,0.0,0.0,294.0,0.0,0.0,0.0,0.0,0.0,0.0,0.0,0.0,0.0,0.0,0.0,17.605356824921349,-106.2056169196303,17.712951010320049,-246.89072846266437,17.58187054250415,-286.22811497704336,17.439392828175245,-123.96367518543912,15.877951295647222,-6.169918955830454,17.616849474700069,-28.18771117204841,16.41895264326507,-71.44606018526906,14.193575504672094,-237.28888421060288,16.58996590028743,-70.6156373172679,630.4786718303776,664.4125132015661,0.0,0.0,0.0,0.0,0.0,0.0,0.0,0.0,0.0,0.0,0.0,0.0,0.0,0.0,0.0,0.0,0.0,0.0,0.0,0.0,0.0,0.0,1.5435112608097484,0.47115728351945926,362.8941438461997,428.0224788243862,10381.735536727927,0.27225676332310919,0.041553230055419599,185.74895842528995,218.81121673700015,5385.119453589088,1.5381842135913953,0.2906621718804603,340.52536949886379,401.5729131509137,9814.962548942127,0.28604146271330868,0.054051674737964589,184.92354971472589,218.15845181343406,5292.748640069638,0.0,0.0,7.153760216853281,8.4772306034991,187.2306992700124,0.0,0.0,12.056879017851316,14.187274862758328,360.45311513282936,0.0,0.0,74.68632627948169,88.36479601320437,2020.5198052286374,0.0,0.0,50.7437481188075,60.587997035243507,1109.8186433125948,0.0,0.0,22.483729180832346,26.558814622623964,624.4078353955154,36.862203168645127,25.282718222664703,501.35074064776895,593.016375535828,14538.233826234198,0.0,0.0,62.8935948603834,75.71082326358686,1091.7819510083814,0.0,17.032252119015295,37.45310898700829,22.0,30.0,0.0,17.36987217202509,36.49888715356322,12.0,30.0,0.0,17.198162664224719,36.93711194165269,22.0,30.0,0.0,17.132019383003589,37.20213934469575,12.0,30.0,0.0,15.843083941874195,41.41530262625409,12.0,30.0,0.0,17.810235691160544,36.507601004674,12.0,30.0,0.0,16.300587185860495,39.680588358201877,10.0,30.0,0.0,13.605064064648684,47.69088324075216,12.0,30.0,0.0,16.685010338307408,39.216882919947568,20.0,30.0,0.0,16.316840873542668,0.0,0.0,0.0,11.280320453717345,0.0,0.0,493.6309302074978,485.90146649108558,489.61563451163786,493.04326396553508,552.7125158128357,850.670534205977,541.004478168991,616.436456859041,763.1682473691712,0.0,80.41000637778913,80.41000637778913,60.0,0.0,60.0,60.0,12.0,12.0,12.0,19.0,12.0,12.0,21.0,10.0,0.0,0.0,0.0,0.0,0.0,0.0,0.0,0.0,0.0,0.0,0.0,0.0,0.0,80.41000637778913,80.41000637778913,0.0,0.0,0.0,80.41000637778913,0.0,0.0,0.0016066666666666667 
 02/21  02:10:00,2.728333333333333,91.00000000000002,4.146666666666667,0.0,0.0,0.0,0.0,0.0,2.0,2.0,0.0,0.0,0.0,0.0,0.0,294.0,0.0,0.0,0.0,0.0,0.0,0.0,0.0,0.0,0.0,0.0,0.0,17.62105782093162,-235.31308181393525,17.566376141451586,-196.93687833005743,17.423472538645105,-165.73396283194689,17.43289487345681,-181.52353149631427,15.835906169097753,-6.426994431276967,17.560895718061596,-29.897834268330628,16.33650697470248,-51.94280636688222,14.111665417898806,-240.20623794849576,16.557214224710898,-74.40034416972003,637.2054035395413,674.1492344668011,0.0,0.0,0.0,0.0,0.0,0.0,0.0,0.0,0.0,0.0,0.0,0.0,0.0,0.0,0.0,0.0,0.0,0.0,0.0,0.0,0.0,0.0,1.525567471434322,0.46567993633526319,367.0045154853841,432.9431763589196,10545.230524434779,0.2742640323253326,0.04185958979324368,187.15152626339828,220.8731084223692,5373.370918083487,1.601998265507751,0.30272076067795758,345.74515105914466,407.9380751732566,9866.19557848179,0.28386757869830078,0.05364088788705606,189.9468896332445,223.97206675762065,5457.686147491583,0.0,0.0,7.373592712038593,8.735050566496522,192.83306343047338,0.0,0.0,12.106599539740895,14.249070355700969,361.42733788581588,0.0,0.0,77.75118460526751,91.99549905337713,2092.0145630503545,0.0,0.0,51.38483987829686,61.37270044556307,1118.2744039361515,0.0,0.0,22.680683433127947,26.796148808387188,629.8286245124464,37.01563222999019,25.387950775027574,508.0491987655213,601.1037486666606,14713.215755897661,0.0,0.0,63.5566580841067,76.53060062076253,1096.2995386945525,0.0,17.11729961597311,37.022203249433839,22.0,30.0,0.0,17.16672676001543,36.651762786240968,12.0,30.0,0.0,16.98090797883892,37.27116944629559,22.0,30.0,0.0,17.17512533691583,37.00591827629685,12.0,30.0,0.0,15.800705144394922,41.36283456512889,12.0,30.0,0.0,17.754540935861276,36.472187059523779,12.0,30.0,0.0,16.19347327053705,39.653355672047087,10.0,30.0,0.0,13.516663001456408,47.67948910525216,12.0,30.0,0.0,16.65086586602942,39.10067746162508,20.0,30.0,0.0,16.27084766081189,0.0,0.0,0.0,11.191931193536892,0.0,0.0,489.2608199722402,479.3318534416602,487.46039714199756,492.667520852676,553.039790230585,843.3734762227095,536.7256966377672,615.7196107569657,757.4361235732833,0.0,80.41000637778913,80.41000637778913,60.0,0.0,60.0,60.0,12.0,12.0,12.0,19.0,12.0,12.0,21.0,10.0,0.0,0.0,0.0,0.0,0.0,0.0,0.0,0.0,0.0,0.0,0.0,0.0,0.0,80.41000637778913,80.41000637778913,0.0,0.0,0.0,80.41000637778913,0.0,0.0,0.00157 
 02/21  02:20:00,2.6966666666666669,91.0,4.213333333333334,0.0,0.0,0.0,0.0,0.0,2.0,2.0,0.0,0.0,0.0,0.0,0.0,294.0,0.0,0.0,0.0,0.0,0.0,0.0,0.0,0.0,0.0,0.0,0.0,17.446444550136058,-104.46981552440229,17.55717157446819,-244.48609829287694,17.42423034827507,-284.173242879654,17.300483829887115,-126.70771954505335,15.793639976096909,-6.295343673456031,17.501101342820815,-29.59788983690126,16.291122469046309,-75.86087152791652,14.030387582566807,-240.75043826740137,16.521102808172999,-75.72184120404217,625.6743259415189,679.6384910244437,0.0,0.0,0.0,0.0,0.0,0.0,0.0,0.0,0.0,0.0,0.0,0.0,0.0,0.0,0.0,0.0,0.0,0.0,0.0,0.0,0.0,0.0,1.5475744229089972,0.4723975649905364,358.1453625762409,422.6341146345172,10192.865532133652,0.27323276922840669,0.04170219310567868,183.26155448704723,215.9941190644277,5283.8103741528479,1.4728276065740663,0.2783120949686445,337.3413076937744,398.02551460858458,9669.315116499649,0.28648475014678756,0.05413544031496362,183.87357129231033,217.0316041019451,5236.173911798402,0.0,0.0,7.158611585436176,8.485592055789038,187.09891238941203,0.0,0.0,12.377954161738402,14.5714143522975,368.83228150251258,0.0,0.0,74.48371542204564,88.16997206065074,2003.8587158173535,0.0,0.0,51.35757651683,61.35979296656075,1112.266154642598,0.0,0.0,24.246114700842619,28.648898047707445,673.0074647942929,37.15893043728282,25.48623486782087,495.3674739372647,586.2348994741464,14304.680673411021,0.0,0.0,63.46053237700547,76.4432399280472,1087.2084512835077,0.0,16.886184127322616,37.44393757923908,22.0,30.0,0.0,17.21990875114891,36.51884790058605,12.0,30.0,0.0,17.050544031119075,36.955377308556098,22.0,30.0,0.0,16.990226820780959,37.18299762359522,12.0,30.0,0.0,15.758426567823572,41.19348313187561,12.0,30.0,0.0,17.691821105332978,36.36040246983545,12.0,30.0,0.0,16.156217461649108,39.65650370782194,10.0,30.0,0.0,13.429437911771652,47.74339126500735,12.0,30.0,0.0,16.611679481966477,38.94539538282874,20.0,30.0,0.0,16.171808863844988,0.0,0.0,0.0,11.100074356496105,0.0,0.0,488.3052884080962,482.09614313241107,486.0349928908315,487.54998417182227,551.0168893025184,836.2384835614039,538.7512169593001,617.2294245536816,749.4056009739886,0.0,80.41000637778913,80.41000637778913,60.0,0.0,60.0,60.0,12.0,12.0,12.0,19.0,12.0,12.0,21.0,10.0,0.0,0.0,0.0,0.0,0.0,0.0,0.0,0.0,0.0,0.0,0.0,0.0,0.0,80.41000637778913,80.41000637778913,0.0,0.0,0.0,80.41000637778913,0.0,0.0,0.00158 
 02/21  02:30:00,2.665,91.0,4.28,0.0,0.0,0.0,0.0,0.0,2.0,2.0,0.0,0.0,0.0,0.0,0.0,294.0,0.0,0.0,0.0,0.0,0.0,0.0,0.0,0.0,0.0,0.0,0.0,17.46084254938851,-231.66256569461349,17.411265030124058,-195.6991263043501,17.2670335441196,-164.75536050945449,17.293562147211419,-183.94635233044938,15.750777396724324,-6.547633977365763,17.44474714586574,-31.261599215143208,16.20941498296498,-56.90643516810701,13.950485608070562,-243.29210100419835,16.485111191356617,-79.1862632774857,632.0269783025078,688.3558894697286,0.0,0.0,0.0,0.0,0.0,0.0,0.0,0.0,0.0,0.0,0.0,0.0,0.0,0.0,0.0,0.0,0.0,0.0,0.0,0.0,0.0,0.0,1.5262755617469,0.46589608111932237,362.63876414170536,428.02050725824088,10362.951651803975,0.274608688225629,0.04191219295262959,184.95375325206215,218.39397892392084,5280.997578226344,1.5139446025554365,0.2860817465146328,342.8012575197025,404.66977491118657,9727.571151495706,0.2836326606101265,0.05359649671393167,188.99402556023802,222.95944144891815,5402.260389861824,0.0,0.0,7.376740640040032,8.741635103189708,192.63925153435629,0.0,0.0,12.41254200502042,14.61549806061339,369.3254855640067,0.0,0.0,77.40920604321991,91.63832055945459,2071.532588725874,0.0,0.0,51.950994588353427,62.087406739997877,1119.8190286752513,0.0,0.0,24.41319948359095,28.851154676184725,677.4066861349186,37.30998312205911,25.58983753227649,502.59855178834837,594.9585014807353,14490.773572287402,0.0,0.0,64.07898338715062,77.20864671532533,1091.3788533927587,0.0,16.96771055686223,37.02791546962263,22.0,30.0,0.0,17.016715119995028,36.68082878534883,12.0,30.0,0.0,16.83361271367131,37.293779362021847,22.0,30.0,0.0,17.031859841389268,36.99759584905719,12.0,30.0,0.0,15.715389923212964,41.15458081325538,12.0,30.0,0.0,17.635604218855833,36.343184133275808,12.0,30.0,0.0,16.051369801927238,39.6301847376604,10.0,30.0,0.0,13.344346220977368,47.734071080406298,12.0,30.0,0.0,16.573531273602947,38.85699993525767,20.0,30.0,0.0,16.1239038765478,0.0,0.0,0.0,11.016701456019478,0.0,0.0,484.29505045873546,475.9619078372468,484.1357700808861,487.60119292672678,550.975791852863,830.0250479181758,534.1736231933587,615.7420530027594,743.5267115274876,0.0,80.41000637778913,80.41000637778913,60.0,0.0,60.0,60.0,12.0,12.0,12.0,19.0,12.0,12.0,21.0,10.0,0.0,0.0,0.0,0.0,0.0,0.0,0.0,0.0,0.0,0.0,0.0,0.0,0.0,80.41000637778913,80.41000637778913,0.0,0.0,0.0,80.41000637778913,0.0,0.0,0.00159 
 02/21  02:40:00,2.6333333333333335,91.0,4.346666666666667,0.0,0.0,0.0,0.0,0.0,2.0,2.0,0.0,0.0,0.0,0.0,0.0,294.0,0.0,0.0,0.0,0.0,0.0,0.0,0.0,0.0,0.0,0.0,0.0,17.287473449555983,-102.42205164816005,17.4017238382719,-242.36708673939689,17.267808685220865,-282.22088493591766,17.16074875317623,-129.39263017414215,15.707587756668197,-6.358792880173965,17.38481993023709,-30.91255151800837,16.163401901671557,-80.02280585282642,13.871100932337413,-243.45500341558899,16.446384148775655,-80.6781454332683,620.6100636214997,692.7973176706325,0.0,0.0,0.0,0.0,0.0,0.0,0.0,0.0,0.0,0.0,0.0,0.0,0.0,0.0,0.0,0.0,0.0,0.0,0.0,0.0,0.0,0.0,1.5460461218077018,0.4719310506128516,354.4857168215393,418.53167385325926,10033.612465094408,0.27313417709815027,0.04168714546675065,181.31189646073478,213.80959425241682,5198.184654195227,1.4706845330775516,0.27790713021117766,335.1004925387623,395.5901793328802,9552.594189616539,0.28574343861730469,0.05399535877122158,183.18685062118943,216.33483657290777,5189.092628958834,0.0,0.0,7.1537709095984749,8.48249415204669,186.69232777549588,0.0,0.0,12.663315026349462,14.913784062597653,376.0721631506345,0.0,0.0,74.31471255752015,88.01421997384965,1988.427226830755,0.0,0.0,51.885683664554239,62.02854095706027,1113.242423300476,0.0,0.0,25.718554439712585,30.3979135951062,713.1693867162405,37.45389822291781,25.688544734511539,490.88812392937998,581.2326532654955,14110.34633534839,0.0,0.0,63.94713864931721,77.07688656659384,1082.2505953183919,0.0,16.73711056163955,37.456933335731367,22.0,30.0,0.0,17.06829294705528,36.555960358727947,12.0,30.0,0.0,16.9015727071632,36.987322630555627,22.0,30.0,0.0,16.845642121838396,37.1843884451748,12.0,30.0,0.0,15.67219397231471,41.000759070484097,12.0,30.0,0.0,17.572784278998065,36.246430299239538,12.0,30.0,0.0,16.01368338500505,39.641226658461409,10.0,30.0,0.0,13.260184309462712,47.793735585999858,12.0,30.0,0.0,16.531290144200449,38.72728722155931,20.0,30.0,0.0,16.02431013660384,0.0,0.0,0.0,10.92972468316113,0.0,0.0,483.72893296887318,478.9199883658091,482.923299336188,482.82651219270658,548.5204975489027,823.864091476348,536.0162774126998,615.7890216484975,736.0742065666514,0.0,80.41000637778913,80.41000637778913,60.0,0.0,60.0,60.0,12.0,12.0,12.0,19.0,12.0,12.0,21.0,10.0,0.0,0.0,0.0,0.0,0.0,0.0,0.0,0.0,0.0,0.0,0.0,0.0,0.0,80.41000637778913,80.41000637778913,0.0,0.0,0.0,80.41000637778913,0.0,0.0,0.0015999999999999999 
 02/21  02:50:00,2.6016666666666667,91.0,4.413333333333334,0.0,0.0,0.0,0.0,0.0,2.0,2.0,0.0,0.0,0.0,0.0,0.0,294.0,0.0,0.0,0.0,0.0,0.0,0.0,0.0,0.0,0.0,0.0,0.0,17.301567611568119,-228.4567410299851,17.256610746412244,-194.84232141394478,17.1114005962309,-163.32896547009569,17.154075225396079,-186.0551888081527,15.663999602005332,-6.612587608005043,17.32829020014176,-32.5159528387847,16.082428409611685,-61.207769030214198,13.793038450576546,-245.69609218948245,16.407963475617068,-83.9046984942309,626.944778350984,700.6626638573831,0.0,0.0,0.0,0.0,0.0,0.0,0.0,0.0,0.0,0.0,0.0,0.0,0.0,0.0,0.0,0.0,0.0,0.0,0.0,0.0,0.0,0.0,1.5295089624947816,0.4668830776846098,357.9246076027289,422.6812658895908,10171.361073327136,0.2754500529460149,0.0420406063714919,182.61872444219049,215.75024615598023,5185.025607091287,1.5002720601270019,0.28349812171712066,338.86079392981966,400.2211787601975,9563.009393977021,0.2838886244181848,0.053644864780458188,187.28239673417023,221.0503312791347,5325.1456885258589,0.0,0.0,7.372252512712738,8.739185504995492,192.2249032069651,0.0,0.0,12.684247090035769,14.941858141735205,376.13906031631128,0.0,0.0,77.22639571979635,91.4682068034264,2055.634285523355,0.0,0.0,52.44457733773836,62.71474994108073,1120.1788240071033,0.0,0.0,25.81481443070064,30.5169130444814,715.4492125144986,37.61387257765627,25.798266514167545,496.00794146805489,587.4577277163653,14237.659658984308,0.0,0.0,64.53414323683535,77.80385673641627,1086.2648357422245,0.0,16.817205848234694,37.04956227462306,22.0,30.0,0.0,16.865598437459718,36.72487367107799,12.0,30.0,0.0,16.684836098670894,37.330273342496749,22.0,30.0,0.0,16.88745334374719,37.00558747183959,12.0,30.0,0.0,15.628565583525488,40.972010130645148,12.0,30.0,0.0,17.51634574044148,36.24075877951472,12.0,30.0,0.0,15.910915321024622,39.6171419528787,10.0,30.0,0.0,13.17802923269493,47.788241617444189,12.0,30.0,0.0,16.49033665528227,38.658223214338708,20.0,30.0,0.0,15.974919449603922,0.0,0.0,0.0,10.850731209758539,0.0,0.0,480.06371924887977,473.0606139361523,481.1901902895822,483.3372662913357,548.1270615324202,818.45329483417,531.1766143296019,613.7666485317261,730.9843116555226,0.0,80.41000637778913,80.41000637778913,60.0,0.0,60.0,60.0,12.0,12.0,12.0,19.0,12.0,12.0,21.0,10.0,0.0,0.0,0.0,0.0,0.0,0.0,0.0,0.0,0.0,0.0,0.0,0.0,0.0,80.41000637778913,80.41000637778913,0.0,0.0,0.0,80.41000637778913,0.0,0.0,0.0016133333333333332 
 02/21  03:00:00,2.57,91.0,4.48,0.0,0.0,0.0,0.0,0.0,2.0,2.0,0.0,0.0,0.0,0.0,0.0,294.0,0.0,0.0,0.0,0.0,0.0,0.0,0.0,0.0,0.0,0.0,0.0,17.129249230656755,-100.9131475190843,17.246943101995684,-240.59516386016413,17.11228163388154,-280.0153179330546,17.02106600678848,-132.34623009100825,15.61999206083739,-6.3679351834289978,17.268366094741319,-32.139135099093099,16.03580398625477,-83.94450019703322,13.71541822205729,-245.53073693780733,16.367222043722767,-85.40761492615968,615.5365557099622,704.2594835068048,0.0,0.0,0.0,0.0,0.0,0.0,0.0,0.0,0.0,0.0,0.0,0.0,0.0,0.0,0.0,0.0,0.0,0.0,0.0,0.0,0.0,0.0,1.5414611382218722,0.47053148297370947,350.3825097377347,413.89971145264067,9862.58224851093,0.27244905467626726,0.04158257855254384,179.3306477539686,211.58523486016964,5112.076896919447,1.4653033183650606,0.2768902717998981,331.79110136498528,391.8897485771446,9405.693176745965,0.28439867633284468,0.05374124647257079,181.83656813776913,214.85270765760809,5123.332727083258,0.0,0.0,7.141845173240664,8.471009120687832,186.08227470231669,0.0,0.0,12.921570454704069,15.22445633654127,382.4489760543878,0.0,0.0,74.14066229270529,87.85176893499974,1973.115658134969,0.0,0.0,52.34499732876546,62.61439877870512,1113.1140743133775,0.0,0.0,27.000561404122374,31.923200729484365,747.7197637226213,37.75208985829311,25.893065746428755,485.3250778175327,574.9418409599791,13886.798306554123,0.0,0.0,64.37070533258678,77.63272493157607,1077.116049497525,0.0,16.5870837031945,37.4851836893108,22.0,30.0,0.0,16.916241783871479,36.60418117395642,12.0,30.0,0.0,16.75192345552923,37.02996181017415,22.0,30.0,0.0,16.70046346768678,37.199714181383729,12.0,30.0,0.0,15.58455524814352,40.83247601457005,12.0,30.0,0.0,17.45361586762911,36.15623949041205,12.0,30.0,0.0,15.872621146297654,39.63479194628117,10.0,30.0,0.0,13.096651302086041,47.84489529062301,12.0,30.0,0.0,16.445919346130343,38.54794094342819,20.0,30.0,0.0,15.875083158232638,0.0,0.0,0.0,10.767984835394835,0.0,0.0,479.7762087279582,476.0987361352675,480.10068126722339,478.7511886582697,545.389855868442,813.0123128097025,533.0282403066492,613.1553751594977,724.394240139957,0.0,80.41000637778913,80.41000637778913,60.0,0.0,60.0,60.0,12.0,12.0,12.0,19.0,12.0,12.0,21.0,10.0,0.0,0.0,0.0,0.0,0.0,0.0,0.0,0.0,0.0,0.0,0.0,0.0,0.0,80.41000637778913,80.41000637778913,0.0,0.0,0.0,80.41000637778913,0.0,0.0,0.0016266666666666665 
 02/21  03:10:00,2.5266666666666666,91.16666666666667,4.565,0.0,0.0,0.0,0.0,0.0,2.0,2.0,0.0,0.0,0.0,0.0,0.0,294.0,0.0,0.0,0.0,0.0,0.0,0.0,0.0,0.0,0.0,0.0,0.0,17.142691813778364,-226.34020771338238,17.101757331732949,-194.942395940408,16.956142944698529,-162.66612452019673,17.01411330861846,-188.93389650520659,15.575737289392285,-6.634539405359689,17.211392359778679,-33.73667767376355,15.955626046832734,-64.95949060759745,13.638900770607478,-247.54699707460316,16.326796642675448,-88.43197000679834,625.4738773048857,711.9025899034049,0.0,0.0,0.0,0.0,0.0,0.0,0.0,0.0,0.0,0.0,0.0,0.0,0.0,0.0,0.0,0.0,0.0,0.0,0.0,0.0,0.0,0.0,1.5294263545593304,0.4668578615870972,353.2966244079673,417.4608095991646,9991.082162292601,0.27571975500075515,0.04208176968875994,180.29073105342079,213.12322559020289,5093.954160438502,1.5000148720599203,0.2834495223091309,334.8768391152504,395.7371585359204,9406.39016144263,0.28345662864217727,0.05356323292558148,185.51026375554683,219.07947740365649,5250.910435444986,0.0,0.0,7.378916719842204,8.750432351629972,192.26385886356867,0.0,0.0,12.944581886167019,15.255854611495647,382.87672386888598,0.0,0.0,77.18125479660148,91.46508581723976,2045.5619741813335,0.0,0.0,52.89447298849984,63.292546638519969,1121.2566527444693,0.0,0.0,27.028255871588823,31.9632449155049,748.6396975279995,38.05899994496782,26.103566491747487,489.31517612534977,579.8648574320308,13995.648858593817,0.0,0.0,64.9901946421569,78.40235686405211,1083.6871276644707,0.0,16.66524172820339,37.0897760716325,22.0,30.0,0.0,16.713092700903365,36.7868957079837,12.0,30.0,0.0,16.534668043062866,37.38309764958868,22.0,30.0,0.0,16.741983877350117,37.03035245545321,12.0,30.0,0.0,15.540354829086223,40.81336455254897,12.0,30.0,0.0,17.396895827223518,36.160161692181038,12.0,30.0,0.0,15.772015658482435,39.615433196291437,10.0,30.0,0.0,13.017003888856526,47.84670779360455,12.0,30.0,0.0,16.40287759766599,38.494985158137769,20.0,30.0,0.0,15.821034853664085,0.0,0.0,0.0,10.693476933092555,0.0,0.0,476.3319169507105,470.4578239451841,478.4812959776498,479.5795601834727,544.7336760356521,808.1055318498063,528.0628524867598,610.9951603553232,719.9912301284664,0.0,80.41000637778913,80.41000637778913,60.0,0.0,60.0,60.0,12.0,12.0,12.0,19.0,12.0,12.0,21.0,10.0,0.0,0.0,0.0,0.0,0.0,0.0,0.0,0.0,0.0,0.0,0.0,0.0,0.0,80.41000637778913,80.41000637778913,0.0,0.0,0.0,80.41000637778913,0.0,0.0,0.00164 
 02/21  03:20:00,2.4833333333333336,91.33333333333334,4.65,0.0,0.0,0.0,0.0,0.0,2.0,2.0,0.0,0.0,0.0,0.0,0.0,294.0,0.0,0.0,0.0,0.0,0.0,0.0,0.0,0.0,0.0,0.0,0.0,16.969765264971224,-100.2975766706486,17.090954473186185,-241.16056975343123,16.956117427882398,-280.37373961489177,16.879374386334903,-136.3299621867759,15.530950566826459,-6.333284395856225,17.151020236506797,-33.37289109511792,15.908275714289756,-87.64553724457073,13.562734301850842,-247.0830594004608,16.284292974148057,-89.93931219637358,617.41864279116,715.2212678298363,0.0,0.0,0.0,0.0,0.0,0.0,0.0,0.0,0.0,0.0,0.0,0.0,0.0,0.0,0.0,0.0,0.0,0.0,0.0,0.0,0.0,0.0,1.5404680771240842,0.4702283507704775,347.3313407118071,410.55201535356715,9737.263342884713,0.2723339407730445,0.041565009275495199,177.93637224970895,210.07507413655186,5050.960988692191,1.4627896855512768,0.2764152844957062,329.20072775070227,389.0781347142488,9294.26937871822,0.28367816858912606,0.053605096105277017,180.76026199354949,213.71638140487949,5073.4721188318039,0.0,0.0,7.151057118246352,8.485506733616188,186.35705808247546,0.0,0.0,13.189749514038791,15.548687043427288,389.7057053219445,0.0,0.0,74.10629522435998,87.86343690159356,1965.4081146684817,0.0,0.0,52.77585643225325,63.17227912670481,1115.3005073900218,0.0,0.0,28.142043864316777,33.287017843861828,779.4752723022222,38.34148159638423,26.29731248037328,480.8932917808752,570.0612606820638,13718.022873391525,0.0,0.0,64.84736660509299,78.25889397806506,1076.9900621216253,0.0,16.432989209979718,37.54368784254952,22.0,30.0,0.0,16.76170455030285,36.676386392313037,12.0,30.0,0.0,16.599328508250374,37.09752034162216,22.0,30.0,0.0,16.55193689968734,37.243731187079,12.0,30.0,0.0,15.495524276822924,40.68897442915794,12.0,30.0,0.0,17.333947402928105,36.08922676807191,12.0,30.0,0.0,15.732934726388493,39.642889680315757,10.0,30.0,0.0,12.937985227938567,47.902976326583388,12.0,30.0,0.0,16.356732043823919,38.40264336080598,20.0,30.0,0.0,15.715766417113294,0.0,0.0,0.0,10.614952141959904,0.0,0.0,476.24612538459868,473.48588281548259,477.4398900445937,475.14249491596237,541.8458732548149,803.0519992616512,529.9183521503555,609.9590168172674,714.08333954471,0.0,80.41000637778913,80.41000637778913,60.0,0.0,60.0,60.0,12.0,12.0,12.0,19.0,12.0,12.0,21.0,10.0,0.0,0.0,0.0,0.0,0.0,0.0,0.0,0.0,0.0,0.0,0.0,0.0,0.0,80.41000637778913,80.41000637778913,0.0,0.0,0.0,80.41000637778913,0.0,0.0,0.0016366666666666665 
 02/21  03:30:00,2.44,91.5,4.735,0.0,0.0,0.0,0.0,0.0,2.0,2.0,0.0,0.0,0.0,0.0,0.0,294.0,0.0,0.0,0.0,0.0,0.0,0.0,0.0,0.0,0.0,0.0,0.0,16.982601352877376,-225.85589790484847,16.944756221183775,-195.7368846854297,16.799277529726724,-162.25209486831865,16.872168362462387,-193.05073887598565,15.486088660214709,-6.61578157611369,17.093744108112128,-34.96145772550648,15.828556010416527,-68.56559470145067,13.487689457222423,-248.89489233321889,16.242245600458518,-92.78213751267191,627.4676594081029,722.2176122941819,0.0,0.0,0.0,0.0,0.0,0.0,0.0,0.0,0.0,0.0,0.0,0.0,0.0,0.0,0.0,0.0,0.0,0.0,0.0,0.0,0.0,0.0,1.5291537543691874,0.46677465029584477,350.2051402042117,414.0767412467384,9861.310570143662,0.2758696857746909,0.0421046528960151,178.72834359824925,211.41207428493986,5027.961389855365,1.4994494517276185,0.2833426779530648,332.2487070741382,392.87716349915868,9294.085948167241,0.2829187578172213,0.05346159444769865,184.31265092813107,217.79888112276934,5196.641798969452,0.0,0.0,7.394692743132001,8.772963465265719,192.70339925897668,0.0,0.0,13.205281634594776,15.571388815551567,389.8961051346346,0.0,0.0,77.19545007600473,91.53649668323735,2039.0372853207924,0.0,0.0,53.30175556214196,63.82218950070081,1123.0726667860177,0.0,0.0,28.123258151957658,33.272600280317409,779.0249744160187,38.662347412368408,26.517385056494115,484.6560624771182,574.7173829176015,13818.90629537102,0.0,0.0,65.45039291453708,79.00847378410984,1083.586649303551,0.0,16.509454538467567,37.16320604686046,22.0,30.0,0.0,16.556419721811495,36.882405821328337,12.0,30.0,0.0,16.38021976519202,37.46615097895277,22.0,30.0,0.0,16.593280408589107,37.08273779432343,12.0,30.0,0.0,15.450798954263004,40.67638091502626,12.0,30.0,0.0,17.27682511972561,36.10014191055312,12.0,30.0,0.0,15.6335587739857,39.634115337510198,10.0,30.0,0.0,12.860570883944373,47.91101667724367,12.0,30.0,0.0,16.312004106107943,38.361401913929899,20.0,30.0,0.0,15.659891087854506,0.0,0.0,0.0,10.543598616575224,0.0,0.0,473.0170502315161,468.11775007045329,475.94214595023996,476.1722293993854,541.001287134097,798.4186448980438,524.981297405084,607.8170893089854,710.1306318875779,0.0,80.41000637778913,80.41000637778913,60.0,0.0,60.0,60.0,12.0,12.0,12.0,19.0,12.0,12.0,21.0,10.0,0.0,0.0,0.0,0.0,0.0,0.0,0.0,0.0,0.0,0.0,0.0,0.0,0.0,80.41000637778913,80.41000637778913,0.0,0.0,0.0,80.41000637778913,0.0,0.0,0.0016333333333333335 
 02/21  03:40:00,2.3966666666666667,91.66666666666666,4.82,0.0,0.0,0.0,0.0,0.0,2.0,2.0,0.0,0.0,0.0,0.0,0.0,294.0,0.0,0.0,0.0,0.0,0.0,0.0,0.0,0.0,0.0,0.0,0.0,16.809151269976917,-99.74143041214666,16.933665364283564,-241.99042340906363,16.799297919998346,-281.31750331005517,16.735564953656409,-140.29450754192386,15.440600959009276,-6.265862865005431,17.033231761572748,-34.601407834932619,15.780659483573274,-91.30707050814647,13.412934113044808,-248.1863544361338,16.198345324851585,-94.29367889618891,619.4497424454021,724.9104699396668,0.0,0.0,0.0,0.0,0.0,0.0,0.0,0.0,0.0,0.0,0.0,0.0,0.0,0.0,0.0,0.0,0.0,0.0,0.0,0.0,0.0,0.0,1.5378601616620458,0.4694322837796232,344.78828842304758,407.80463390573018,9624.50665180969,0.2719128461737119,0.04150073964800243,176.87514034646248,208.95812065693208,4998.675230605536,1.4585502995516487,0.275614191147326,327.0375543417621,386.7700020749794,9193.809618314093,0.28262210675972657,0.05340553793645625,179.88846585389565,212.8221127293511,5028.367720404645,0.0,0.0,7.155910298287999,8.494863830950763,186.50121166919588,0.0,0.0,13.446859155122642,15.860182796140231,396.5942233024752,0.0,0.0,74.02243128813909,87.81605496362715,1956.4545115357008,0.0,0.0,53.15218657251493,63.66444960013848,1116.6687345843796,0.0,0.0,29.20687715688326,34.56159347842208,808.9505130727164,38.9552949645046,26.71830930350111,477.19742478657965,566.0519751550564,13566.838885196074,0.0,0.0,65.27974144847377,78.83049595707102,1076.785406082632,0.0,16.27551031664197,37.631967708598057,22.0,30.0,0.0,16.604366868440679,36.7751148199233,12.0,30.0,0.0,16.444400615642829,37.18907449565158,22.0,30.0,0.0,16.400027545812806,37.317094448542878,12.0,30.0,0.0,15.40523470281305,40.566576090403838,12.0,30.0,0.0,17.213743737719306,36.04217010661199,12.0,30.0,0.0,15.59366430263025,39.66930615084278,10.0,30.0,0.0,12.7836629822826,47.96800258178066,12.0,30.0,0.0,16.264491608467993,38.28432159860867,20.0,30.0,0.0,15.553112939018723,0.0,0.0,0.0,10.467962615904309,0.0,0.0,473.0808752376959,471.07517852896685,474.9283656190295,471.91045607104817,538.1031675742065,793.7331808435367,526.9087391794009,606.5955865894073,704.7057562785647,0.0,80.41000637778913,80.41000637778913,60.0,0.0,60.0,60.0,12.0,12.0,12.0,19.0,12.0,12.0,21.0,10.0,0.0,0.0,0.0,0.0,0.0,0.0,0.0,0.0,0.0,0.0,0.0,0.0,0.0,80.41000637778913,80.41000637778913,0.0,0.0,0.0,80.41000637778913,0.0,0.0,0.00163 
 02/21  03:50:00,2.3533333333333337,91.83333333333333,4.905000000000001,0.0,0.0,0.0,0.0,0.0,2.0,2.0,0.0,0.0,0.0,0.0,0.0,294.0,0.0,0.0,0.0,0.0,0.0,0.0,0.0,0.0,0.0,0.0,0.0,16.821988596583318,-225.81486275654334,16.786723253891645,-196.673163466583,16.641888711513965,-162.09698493240559,16.72863602406231,-197.12977171697549,15.395208163067679,-6.568640001657911,16.97575284892894,-36.174611422550388,15.701126869864714,-71.94186924131418,13.339227467835603,-249.86132622270203,16.154930282869857,-96.96501846410189,629.8070984713422,731.3797129505525,0.0,0.0,0.0,0.0,0.0,0.0,0.0,0.0,0.0,0.0,0.0,0.0,0.0,0.0,0.0,0.0,0.0,0.0,0.0,0.0,0.0,0.0,1.527148867454613,0.46616265795317859,347.2416646659501,410.8409035119918,9734.36930306743,0.2757091956572484,0.042080158067345597,177.27807009225914,209.8320766475079,4964.714380541632,1.4972772003163637,0.28293219960626689,329.567532740183,389.95191447755419,9179.712399887327,0.2820721889995309,0.05330162301578435,183.03888926609657,216.42772465186676,5139.66454313262,0.0,0.0,7.409068325985119,8.793857752635488,193.09006234769459,0.0,0.0,13.455398189975009,15.874743657612776,396.5656461947276,0.0,0.0,77.21476889255468,91.61362416414238,2032.6888196495714,0.0,0.0,53.66155636034148,64.29453217077725,1124.2073254053267,0.0,0.0,29.120167005869186,34.467208589995397,806.5462788719678,39.29098275090873,26.948547840129458,480.05036837748949,569.6293163600967,13642.674815302416,0.0,0.0,65.87357407530165,79.56887569973887,1083.4736053788707,0.0,16.351733044242164,37.262444500270067,22.0,30.0,0.0,16.397546544839444,37.00356284945468,12.0,30.0,0.0,16.223897019176485,37.5727386206846,22.0,30.0,0.0,16.442279690120765,37.160286939147947,12.0,30.0,0.0,15.360067684160427,40.56082583210637,12.0,30.0,0.0,17.15635563269023,36.059859141243638,12.0,30.0,0.0,15.495436349960635,39.672953873545129,10.0,30.0,0.0,12.708210036301793,47.984863058186778,12.0,30.0,0.0,16.218393195129257,38.25499527267797,20.0,30.0,0.0,15.496135042124888,0.0,0.0,0.0,10.399201660443634,0.0,0.0,470.0258159619438,465.9421599716861,473.5634195065212,473.1035902573065,537.1526874877965,789.3570263107035,522.0287449075781,604.5403178095053,701.2101449240429,0.0,80.41000637778913,80.41000637778913,60.0,0.0,60.0,60.0,12.0,12.0,12.0,19.0,12.0,12.0,21.0,10.0,0.0,0.0,0.0,0.0,0.0,0.0,0.0,0.0,0.0,0.0,0.0,0.0,0.0,80.41000637778913,80.41000637778913,0.0,0.0,0.0,80.41000637778913,0.0,0.0,0.0016633333333333336 
 02/21  04:00:00,2.31,92.0,4.99,0.0,0.0,0.0,0.0,0.0,2.0,2.0,0.0,0.0,0.0,0.0,0.0,294.0,0.0,0.0,0.0,0.0,0.0,0.0,0.0,0.0,0.0,0.0,0.0,16.647926704081877,-99.38939325754018,16.77564913192817,-243.01439594437557,16.642161225305118,-282.64714148900569,16.59037218361409,-144.22374991912558,15.34909527004988,-6.166522339703249,16.915158079543418,-35.82634651748907,15.652585891806539,-94.73282452943204,13.265751056774015,-248.93414801121356,16.109837123358994,-98.49071123457799,621.9716834440005,733.4982830051919,0.0,0.0,0.0,0.0,0.0,0.0,0.0,0.0,0.0,0.0,0.0,0.0,0.0,0.0,0.0,0.0,0.0,0.0,0.0,0.0,0.0,0.0,1.5345055529075525,0.46840828843331885,342.3749577554005,405.20801661732437,9514.898562505972,0.27134892743057345,0.04141467146376274,175.91813852955648,207.9634708338637,4949.043154788999,1.4534601220921886,0.27465232843767747,324.95591026650558,384.55576697771439,9095.13398299394,0.28143472443980668,0.053181164860129737,179.06294571594533,211.98179010445996,4984.103185168753,0.0,0.0,7.157882577208344,8.500820568109575,186.5554988907162,0.0,0.0,13.696017368165496,16.162588678887294,403.21301370890799,0.0,0.0,73.94190603868151,87.77227137326627,1947.650286813679,0.0,0.0,53.48299245443842,64.1016439246448,1117.3835539440825,0.0,0.0,30.19087861366811,35.74177261347393,836.0430904776192,39.59567342401989,27.157526353923119,473.67990863915329,562.2512140993313,13419.683936054738,0.0,0.0,65.6762857444336,79.3578700373949,1076.5426474073975,0.0,16.116397426917673,37.74483721187295,22.0,30.0,0.0,16.445460053510439,36.89613308033101,12.0,30.0,0.0,16.288101075200914,37.30195736252794,22.0,30.0,0.0,16.24624399549397,37.4154681420877,12.0,30.0,0.0,15.313856587750557,40.46651314452616,12.0,30.0,0.0,17.093228213888727,36.01538959052262,12.0,30.0,0.0,15.454737837897659,39.71497179783882,10.0,30.0,0.0,12.633164784939721,48.04462257755708,12.0,30.0,0.0,16.16975768726587,38.19324240059282,20.0,30.0,0.0,15.388334237764387,0.0,0.0,0.0,10.326014006280613,0.0,0.0,470.212188052796,468.81686648637449,472.56422715015176,468.9977867482089,534.3291291154635,785.0186662569147,524.0264312263496,603.2313362693956,696.2263978888823,0.0,80.41000637778913,80.41000637778913,60.0,0.0,60.0,60.0,12.0,12.0,12.0,19.0,12.0,12.0,21.0,10.0,0.0,0.0,0.0,0.0,0.0,0.0,0.0,0.0,0.0,0.0,0.0,0.0,0.0,80.41000637778913,80.41000637778913,0.0,0.0,0.0,80.41000637778913,0.0,0.0,0.0016966666666666665 
 02/21  04:10:00,2.316666666666667,91.83333333333334,5.000000000000001,0.0,0.0,0.0,0.0,0.0,2.0,2.0,0.0,0.0,0.0,0.0,0.0,294.0,0.0,0.0,0.0,0.0,0.0,0.0,0.0,0.0,0.0,0.0,0.0,16.66341913527188,-224.04810966819697,16.630853524820176,-195.54447924059014,16.48633033457287,-160.32489271036367,16.586043544533966,-198.66569785960884,15.303335191901617,-6.464101842691036,16.858986000668794,-37.27216763875438,15.57312305209853,-75.41841237900099,13.193710704355631,-250.46324454901186,16.065691328495299,-100.98057783453874,622.5947902707712,738.117688313042,0.0,0.0,0.0,0.0,0.0,0.0,0.0,0.0,0.0,0.0,0.0,0.0,0.0,0.0,0.0,0.0,0.0,0.0,0.0,0.0,0.0,0.0,1.5150790374543404,0.4624783386612761,343.6635235940689,406.8646626645291,9558.95366880942,0.2735623602629176,0.04175249698762479,175.61314367487536,207.99313096585395,4878.893750257255,1.485178011272985,0.28064588270464588,326.13492739863866,386.1283391730689,9013.418018278762,0.27945390263234445,0.052806859907850407,181.301607941459,214.5037271402819,5052.563239983481,0.0,0.0,7.380024620600853,8.763137889457827,191.59387121295985,0.0,0.0,13.658990594050114,16.12331352876597,400.4905974719878,0.0,0.0,76.93148880861816,91.33066911605292,2010.6461504891577,0.0,0.0,53.92584760521124,64.65144983264232,1118.2109911891062,0.0,0.0,30.051783028333245,35.585464094576199,829.1312813787181,39.56590905151927,27.13711183231775,474.710516494697,563.6396674778509,13397.644462811164,0.0,0.0,66.0985363614179,79.88874446277765,1073.6760440739916,0.0,16.197524271864738,37.37423096212363,22.0,30.0,0.0,16.240845905258614,37.138332215126087,12.0,30.0,0.0,16.07014291171946,37.69180781815093,22.0,30.0,0.0,16.292605350288114,37.25429253772803,12.0,30.0,0.0,15.268511222274644,40.467619574274539,12.0,30.0,0.0,17.036365910045146,36.038220464767018,12.0,30.0,0.0,15.357070968470059,39.73436190849524,10.0,30.0,0.0,12.559723568463502,48.0708384892364,12.0,30.0,0.0,16.12270823650295,38.17498130442479,20.0,30.0,0.0,15.342774575485528,0.0,0.0,0.0,10.257798021642398,0.0,0.0,467.3476915146932,463.91786112003185,471.35432908853729,470.3343308203703,533.3643878503812,781.1020688908348,519.4476275477748,601.5046528511806,693.2105029738789,0.0,80.41000637778913,80.41000637778913,60.0,0.0,60.0,60.0,12.0,12.0,12.0,19.0,12.0,12.0,21.0,10.0,0.0,0.0,0.0,0.0,0.0,0.0,0.0,0.0,0.0,0.0,0.0,0.0,0.0,80.41000637778913,80.41000637778913,0.0,0.0,0.0,80.41000637778913,0.0,0.0,0.00173 
 02/21  04:20:00,2.3233333333333339,91.66666666666667,5.01,0.0,0.0,0.0,0.0,0.0,2.0,2.0,0.0,0.0,0.0,0.0,0.0,294.0,0.0,0.0,0.0,0.0,0.0,0.0,0.0,0.0,0.0,0.0,0.0,16.49320833720622,-97.4284237026427,16.623825205527767,-237.9759488813786,16.490448546795777,-277.2575291991734,16.451001942841758,-145.0690908109873,15.256869504475873,-6.001848722107809,16.80014746374193,-36.844387127140809,15.524189039001289,-97.59822442465509,13.121961277246811,-249.39582006443255,16.020181605317359,-102.46417131315497,605.5330200478775,738.5156096029919,0.0,0.0,0.0,0.0,0.0,0.0,0.0,0.0,0.0,0.0,0.0,0.0,0.0,0.0,0.0,0.0,0.0,0.0,0.0,0.0,0.0,0.0,1.5130366486231249,0.46185489884710775,335.90897211564649,397.7884894326154,9232.606589559116,0.26769858044233066,0.04085753669754741,172.9329806641709,204.5582466393754,4811.212640959362,1.4321413211876602,0.27062383242397217,319.0594207754105,377.8039492185977,8832.546204389335,0.27700463889342,0.052344036072074818,176.39216197388525,208.9455379874791,4856.491350615883,0.0,0.0,7.087962972640956,8.421230439095176,183.30983956079388,0.0,0.0,13.848825379594068,16.3511783446422,404.26330881985776,0.0,0.0,73.46343720522948,87.2540649473661,1913.679408032366,0.0,0.0,53.689349559870709,64.38811236820857,1104.9894095646524,0.0,0.0,31.08945421522023,36.8214013587343,854.4599188105066,39.50111573782205,27.09267197381486,464.78448637731176,552.0012031733324,13037.807536762994,0.0,0.0,65.73482174866828,79.47547426986992,1057.4695233631476,0.0,15.968732107177609,37.84934561140957,22.0,30.0,0.0,16.293784253486018,37.01840805589133,12.0,30.0,0.0,16.140828627994226,37.41072479502231,22.0,30.0,0.0,16.10137775762984,37.51035143549781,12.0,30.0,0.0,15.222109993557812,40.389655503902137,12.0,30.0,0.0,16.974644384131467,36.00484446511115,12.0,30.0,0.0,15.315971256900618,39.78159689865027,10.0,30.0,0.0,12.486731799550054,48.13495378947249,12.0,30.0,0.0,16.073592905544446,38.12775241782617,20.0,30.0,0.0,15.24904630287605,0.0,0.0,0.0,10.185370968140007,0.0,0.0,467.663456971241,466.7754983347054,470.4222914037523,466.325195053815,530.8062750475124,777.6272269236338,521.7500476928765,600.6036819584431,688.9471309422191,0.0,80.41000637778913,80.41000637778913,60.0,0.0,60.0,60.0,12.0,12.0,12.0,19.0,12.0,12.0,21.0,10.0,0.0,0.0,0.0,0.0,0.0,0.0,0.0,0.0,0.0,0.0,0.0,0.0,0.0,80.41000637778913,80.41000637778913,0.0,0.0,0.0,80.41000637778913,0.0,0.0,0.0017499999999999999 
 02/21  04:30:00,2.33,91.5,5.02,0.0,0.0,0.0,0.0,0.0,2.0,2.0,0.0,0.0,0.0,0.0,0.0,294.0,0.0,0.0,0.0,0.0,0.0,0.0,0.0,0.0,0.0,0.0,0.0,16.511246682364069,-218.94984143395414,16.483481198938038,-193.28121860885268,16.339071362290278,-158.60205970734934,16.44918964766712,-196.71372634731325,15.210843043529496,-6.334250353305919,16.744780575559575,-38.19384999393057,15.446476542629089,-77.8093476939398,13.051220120031133,-250.8589079091288,15.975289700535815,-104.72837159503831,607.1231169907587,742.9720093085036,0.0,0.0,0.0,0.0,0.0,0.0,0.0,0.0,0.0,0.0,0.0,0.0,0.0,0.0,0.0,0.0,0.0,0.0,0.0,0.0,0.0,0.0,1.49447144001615,0.45618786325279306,334.53028756401218,396.28239414684188,9204.908632574343,0.27016168389845787,0.041233468238470367,171.25829669425415,202.95295493335778,4706.661658255577,1.4655689915754749,0.2769404745985403,317.2554746792448,375.82091165951206,8676.266423419991,0.2754851329715745,0.05205690343378201,177.04693891599286,209.58684300039583,4881.9959175569579,0.0,0.0,7.325066577974999,8.701554329933714,188.69481068084145,0.0,0.0,13.798359278373449,16.295976282223799,401.1685800986221,0.0,0.0,76.63542116468024,91.0308712804052,1981.1562121099146,0.0,0.0,54.13706474341866,64.94363788296065,1105.9252527165525,0.0,0.0,30.85187999851471,36.54859506234723,844.7550281288611,39.47862695742795,27.077247570252376,461.41458326868277,548.1472333230025,12905.930933206315,0.0,0.0,66.17035656284665,80.02198190177814,1055.0463503386205,0.0,16.054517726268459,37.46931828853903,22.0,30.0,0.0,16.096250628501989,37.25260622059879,12.0,30.0,0.0,15.930006697606907,37.79105203056751,22.0,30.0,0.0,16.152106721156846,37.34393643074809,12.0,30.0,0.0,15.176682870161978,40.397620310393197,12.0,30.0,0.0,16.918897934772596,36.03004076113881,12.0,30.0,0.0,15.222091890176788,39.802028882160168,10.0,30.0,0.0,12.415066962142119,48.171874573943849,12.0,30.0,0.0,16.026001693824968,38.12061709965595,20.0,30.0,0.0,15.206302264345635,0.0,0.0,0.0,10.120051837294135,0.0,0.0,464.7683060736156,461.8548774880595,469.3263796520216,467.88209426701499,529.9525094541117,774.3984698456604,517.2454959223634,599.3372033511131,686.7203347598493,0.0,80.41000637778913,80.41000637778913,60.0,0.0,60.0,60.0,12.0,12.0,12.0,19.0,12.0,12.0,21.0,10.0,0.0,0.0,0.0,0.0,0.0,0.0,0.0,0.0,0.0,0.0,0.0,0.0,0.0,80.41000637778913,80.41000637778913,0.0,0.0,0.0,80.41000637778913,0.0,0.0,0.00177 
 02/21  04:40:00,2.336666666666667,91.33333333333334,5.029999999999999,0.0,0.0,0.0,0.0,0.0,2.0,2.0,0.0,0.0,0.0,0.0,0.0,294.0,0.0,0.0,0.0,0.0,0.0,0.0,0.0,0.0,0.0,0.0,0.0,16.344865684061284,-95.94414091771023,16.47772378748465,-233.42295894912037,16.343785467170027,-271.89998736886539,16.317278177790859,-145.89869658167164,15.164038580615936,-5.802439635936096,16.68690700824413,-37.731249963080987,15.397258243793289,-99.68385830477894,12.980770554138605,-249.56945980963463,15.929178679709143,-106.1438326000088,590.9554198491496,742.9682097061761,0.0,0.0,0.0,0.0,0.0,0.0,0.0,0.0,0.0,0.0,0.0,0.0,0.0,0.0,0.0,0.0,0.0,0.0,0.0,0.0,0.0,0.0,1.4923905606648389,0.45555267419561626,327.6508044201405,388.2190569971948,8912.242224716658,0.26421751155441378,0.040326238027230437,169.02541401090219,200.04979473051146,4652.268561289195,1.4116396452982714,0.26674974400949966,311.1001169709497,368.58857058540459,8521.4305872115,0.27287872282239319,0.05156438450914458,172.63071124248146,204.60511337107054,4703.86846711247,0.0,0.0,7.025938213877367,8.350934323408202,180.28957398860025,0.0,0.0,13.9818417931093,16.516384804037789,404.72461701048817,0.0,0.0,73.1208707484258,86.89552846393508,1883.9180161588493,0.0,0.0,53.89018390326429,64.6673003279929,1092.7170876083793,0.0,0.0,31.867986856248668,37.75967775420318,869.1701390331857,39.41659377208528,27.034700803899378,452.9076381621638,538.1817147426083,12590.316861061197,0.0,0.0,65.79629252459347,79.59486627232698,1039.1671359725588,0.0,15.830871830281737,37.940940608722097,22.0,30.0,0.0,16.15058044345976,37.12892658078434,12.0,30.0,0.0,16.00107910226562,37.51163760925357,22.0,30.0,0.0,15.965619310685814,37.595267725086788,12.0,30.0,0.0,15.130041611497355,40.33463891925287,12.0,30.0,0.0,16.858444322421428,36.00701494312054,12.0,30.0,0.0,15.180481860395439,39.85302380010681,10.0,30.0,0.0,12.343917899049405,48.237237232896479,12.0,30.0,0.0,15.976542012787077,38.085338949429189,20.0,30.0,0.0,15.11511674823181,0.0,0.0,0.0,10.050719598928638,0.0,0.0,465.2542314285917,464.7828994831158,468.400248281643,463.80435832726507,527.6624250520613,771.5807386520861,519.71600028841,598.5736926536122,683.0642021589629,0.0,80.41000637778913,80.41000637778913,60.0,0.0,60.0,60.0,12.0,12.0,12.0,19.0,12.0,12.0,21.0,10.0,0.0,0.0,0.0,0.0,0.0,0.0,0.0,0.0,0.0,0.0,0.0,0.0,0.0,80.41000637778913,80.41000637778913,0.0,0.0,0.0,80.41000637778913,0.0,0.0,0.00179 
 02/21  04:50:00,2.3433333333333334,91.16666666666667,5.039999999999999,0.0,0.0,0.0,0.0,0.0,2.0,2.0,0.0,0.0,0.0,0.0,0.0,294.0,0.0,0.0,0.0,0.0,0.0,0.0,0.0,0.0,0.0,0.0,0.0,16.36312837771451,-214.16174759667866,16.34057002724753,-191.13760347223866,16.19605454473691,-156.41444203899256,16.316417417649384,-195.2982416624384,15.11771552442451,-6.172994576303282,16.632035979765847,-39.02735986279407,15.321403592963492,-79.73042092701712,12.911250010648964,-250.90232556038576,15.88363069440376,-108.21961714953278,593.0720604363241,747.1322769641663,0.0,0.0,0.0,0.0,0.0,0.0,0.0,0.0,0.0,0.0,0.0,0.0,0.0,0.0,0.0,0.0,0.0,0.0,0.0,0.0,0.0,0.0,1.4744912735281682,0.45008891133338466,325.25266683183556,385.5086227174344,8855.55619467953,0.26687333123436987,0.040731582911228619,166.81713839638645,197.8000880149913,4536.597384256367,1.4465681967259055,0.27334999938131257,308.40004983741297,365.5216170022826,8348.419528685818,0.271624549021084,0.051327390215624327,172.88784183101306,204.772903093075,4718.407218617579,0.0,0.0,7.274730959444989,8.64539952910954,185.92895499626926,0.0,0.0,13.92007106742879,16.44778742130382,401.318941244117,0.0,0.0,76.40203618533087,90.80398991963203,1953.882081751145,0.0,0.0,54.33650724308623,65.22107125545317,1093.62880349761,0.0,0.0,31.581823454375625,37.4293452198431,858.0828010581375,39.39764833362052,27.0217066760086,448.03947107869279,532.5345588473323,12423.717475014097,0.0,0.0,66.2375103599601,80.14779486880507,1037.0851425963734,0.0,15.916794808288565,37.56403771128746,22.0,30.0,0.0,15.957740301225663,37.36452401398289,12.0,30.0,0.0,15.795845110771016,37.88629785095905,22.0,30.0,0.0,16.017718185978429,37.429185693918629,12.0,30.0,0.0,15.084420878407873,40.34723685154498,12.0,30.0,0.0,16.803450197232374,36.033349493331638,12.0,30.0,0.0,15.090285079516005,39.876598286024677,10.0,30.0,0.0,12.27394066759518,48.2823357882136,12.0,30.0,0.0,15.92846333830295,38.08604967241844,20.0,30.0,0.0,15.073852785516595,0.0,0.0,0.0,9.988435754426018,0.0,0.0,462.38199138013388,459.9920937241319,467.45848302691959,465.55384132631266,526.8803623020723,768.7838340154858,515.3149361487439,597.5728273031829,681.3090723247067,0.0,80.41000637778913,80.41000637778913,60.0,0.0,60.0,60.0,12.0,12.0,12.0,19.0,12.0,12.0,21.0,10.0,0.0,0.0,0.0,0.0,0.0,0.0,0.0,0.0,0.0,0.0,0.0,0.0,0.0,80.41000637778913,80.41000637778913,0.0,0.0,0.0,80.41000637778913,0.0,0.0,0.0018533333333333336 
 02/21  05:00:00,2.35,91.0,5.05,0.0,0.0,0.0,0.0,0.0,2.0,2.0,0.0,0.0,0.0,0.0,0.0,294.0,0.0,0.0,0.0,0.0,0.0,0.0,0.0,0.0,0.0,0.0,0.0,16.199761106894284,-94.1803080740151,16.335259952506868,-229.45775140686784,16.20048226737685,-267.03120241760009,16.186489806301425,-146.68166475687077,15.070577961655978,-5.565031424882548,16.57476808561823,-38.542971597221058,15.271716088298732,-101.47110718973863,12.842076227009687,-249.39248281263577,15.836990690446115,-109.56757894160745,577.4476337773704,746.6398459728049,0.0,0.0,0.0,0.0,0.0,0.0,0.0,0.0,0.0,0.0,0.0,0.0,0.0,0.0,0.0,0.0,0.0,0.0,0.0,0.0,0.0,0.0,1.4721902995468204,0.4493865383232053,319.6484228747695,378.93569398289369,8605.977537723918,0.26080129550910688,0.039804837531914969,165.33903036215799,195.79480268550288,4502.983586270698,1.391502743289471,0.262944584899749,303.1685351750881,359.38936341522756,8218.006742818518,0.26884128814401289,0.050801452786094627,168.88592886366986,200.27619359052904,4555.136794470472,0.0,0.0,6.966161751483172,8.283251497321843,177.3443798581368,0.0,0.0,14.100698484038262,16.66488126762803,404.7550591143223,0.0,0.0,72.81721920117733,86.58186165032335,1855.7201402324984,0.0,0.0,54.0728433334871,64.92404352705847,1080.3109280397358,0.0,0.0,32.56426368491358,38.601256168923928,881.2734564986079,39.33681554410008,26.979983226406099,441.2724498325397,524.6276773736992,12158.485712654989,0.0,0.0,65.8448250259249,79.69690665356437,1021.3707167926082,0.0,15.697110084731497,38.034522834263118,22.0,30.0,0.0,16.011968808579519,37.23925991070453,12.0,30.0,0.0,15.86556769982489,37.61237784045608,22.0,30.0,0.0,15.834015507057768,37.68203635287175,12.0,30.0,0.0,15.037506328247565,40.297970114029187,12.0,30.0,0.0,16.74387966532997,36.020915673797507,12.0,30.0,0.0,15.047807771422387,39.93103283420139,10.0,30.0,0.0,12.204599883990536,48.34773360971535,12.0,30.0,0.0,15.878700141657813,38.06095018410852,20.0,30.0,0.0,14.984207713765546,0.0,0.0,0.0,9.921903974418296,0.0,0.0,463.03623274431916,462.9570489794329,466.5046910100476,461.46117160736176,524.8432919697642,766.47344947285,517.8953573798358,596.8579846729185,678.0548126721421,0.0,80.41000637778913,80.41000637778913,60.0,0.0,60.0,60.0,12.0,12.0,12.0,19.0,12.0,12.0,21.0,10.0,0.0,0.0,0.0,0.0,0.0,0.0,0.0,0.0,0.0,0.0,0.0,0.0,0.0,80.41000637778913,80.41000637778913,0.0,0.0,0.0,80.41000637778913,0.0,0.0,0.0019166666666666666 
 02/21  05:10:00,2.3333333333333337,91.00000000000002,5.068333333333333,0.0,0.0,0.0,0.0,0.0,2.0,2.0,0.0,0.0,0.0,0.0,0.0,294.0,0.0,0.0,0.0,0.0,0.0,0.0,0.0,0.0,0.0,0.0,0.0,16.217015923761488,-210.1567528277119,16.19988818802081,-189.63293679622348,16.055410269768808,-154.31074669968894,16.185477072809687,-194.74050944924034,15.023940317329443,-5.986519643463851,16.519851357954484,-39.81722750886249,15.197513162601617,-81.28108172745658,12.773636017698012,-250.6082272779522,15.790724795938435,-111.46425947704944,582.0125100708174,750.713083782451,0.0,0.0,0.0,0.0,0.0,0.0,0.0,0.0,0.0,0.0,0.0,0.0,0.0,0.0,0.0,0.0,0.0,0.0,0.0,0.0,0.0,0.0,1.458260084704765,0.4451343359904655,316.22020282124677,374.99361902306137,8533.443723741515,0.2643013848599496,0.040339039203289007,162.56659726249996,192.85680952434334,4382.385650021453,1.4312096633354808,0.2704477821873547,299.7406247839161,355.42355819539696,8046.032454363347,0.2684658728458325,0.05073051263148761,168.9206851972342,200.17029626713754,4570.7114176299169,0.0,0.0,7.233506184357245,8.59964647760428,183.73594331731113,0.0,0.0,14.035458620670566,16.591434868832267,401.89226393469166,0.0,0.0,76.25516482839223,90.6747552505843,1932.740184110478,0.0,0.0,54.52588369408635,65.4829487923296,1083.882077931385,0.0,0.0,32.22563468026271,38.20708009390961,870.1916713615685,39.373202052876639,27.004939679613615,435.0380433322856,517.3263724551144,11980.800269272604,0.0,0.0,66.31961716935112,80.28651401449847,1023.1682599382275,0.0,15.780749182772509,37.666810336448438,22.0,30.0,0.0,15.821761564692757,37.48207530224008,12.0,30.0,0.0,15.66427764109294,37.985225536584419,22.0,30.0,0.0,15.885851809530092,37.51804019419096,12.0,30.0,0.0,14.991611359509732,40.31235554052393,12.0,30.0,0.0,16.6891788509308,36.047175000915618,12.0,30.0,0.0,14.960881400154865,39.95793816135139,10.0,30.0,0.0,12.136194505778171,48.39798211149903,12.0,30.0,0.0,15.830141418093696,38.06687764102307,20.0,30.0,0.0,14.94062812346967,0.0,0.0,0.0,9.862598167682224,0.0,0.0,460.2373779799626,458.3710914410055,465.76648359119636,463.3837969572264,524.0881842193646,763.9250966452703,513.5954998236507,596.0343235567116,676.6744487397095,0.0,80.41000637778913,80.41000637778913,60.0,0.0,60.0,60.0,12.0,12.0,12.0,19.0,12.0,12.0,21.0,10.0,0.0,0.0,0.0,0.0,0.0,0.0,0.0,0.0,0.0,0.0,0.0,0.0,0.0,80.41000637778913,80.41000637778913,0.0,0.0,0.0,80.41000637778913,0.0,0.0,0.00198 
 02/21  05:20:00,2.316666666666667,91.0,5.086666666666667,0.0,0.0,0.0,0.0,0.0,2.0,2.0,0.0,0.0,0.0,0.0,0.0,294.0,0.0,0.0,0.0,0.0,0.0,0.0,0.0,0.0,0.0,0.0,0.0,16.05533343572937,-92.54250877869026,16.1936558381172,-227.30629297086149,16.058233038815506,-264.0934072470991,16.055877584457219,-148.10439171882445,14.976444227108456,-5.295020459024514,16.462587229705308,-39.33462613522033,15.147235638784823,-103.14795278339625,12.705572452285234,-248.877674823519,15.743459479622269,-112.7737641841407,568.9354870493835,749.8935620265554,0.0,0.0,0.0,0.0,0.0,0.0,0.0,0.0,0.0,0.0,0.0,0.0,0.0,0.0,0.0,0.0,0.0,0.0,0.0,0.0,0.0,0.0,1.4590375512924566,0.4453716579036803,312.9759912072296,371.18681855410389,8368.049442243828,0.2586438621954366,0.039475558943137468,162.50582116965067,192.52901154215156,4393.679722609512,1.3778636438644388,0.26036727964180636,296.27791015948949,351.3823646563284,7973.953925016691,0.26611237509662147,0.05028578516565029,165.7178163089465,196.6087514524357,4438.922219630078,0.0,0.0,6.916412765879112,8.22673078451622,175.29868860872836,0.0,0.0,14.22442593548505,16.817729822725583,406.16648711739858,0.0,0.0,72.58208012061738,86.34107467405122,1836.3197197268212,0.0,0.0,54.24670747507683,65.16392510107468,1072.9784747906047,0.0,0.0,33.20223516938732,39.37098075694307,894.4740869487923,39.36467832155657,26.999093499009999,431.40718370559036,513.1259488464209,11819.090077909852,0.0,0.0,65.92695676992875,79.83101035296672,1010.962228865113,0.0,15.56280996507726,38.14042324941106,22.0,30.0,0.0,15.874153410982168,37.357603455726607,12.0,30.0,0.0,15.730252885533691,37.721986361934138,22.0,30.0,0.0,15.702322489434814,37.780173405567818,12.0,30.0,0.0,14.944336010913532,40.274254438668808,12.0,30.0,0.0,16.629910144406389,36.04451727842305,12.0,30.0,0.0,14.917178315685865,40.01516751894936,10.0,30.0,0.0,12.068515357945043,48.46158874386201,12.0,30.0,0.0,15.779992582201828,38.04992727361998,20.0,30.0,0.0,14.84895688635071,0.0,0.0,0.0,9.798691433333915,0.0,0.0,461.0292474514394,461.3266557818789,464.73920383252257,459.3306715284752,522.2672675491067,761.9404225646352,516.2279783855297,595.2969589504198,673.6734561031649,0.0,80.41000637778913,80.41000637778913,60.0,0.0,60.0,60.0,12.0,12.0,12.0,19.0,12.0,12.0,21.0,10.0,0.0,0.0,0.0,0.0,0.0,0.0,0.0,0.0,0.0,0.0,0.0,0.0,0.0,80.41000637778913,80.41000637778913,0.0,0.0,0.0,80.41000637778913,0.0,0.0,0.0020166666666666668 
 02/21  05:30:00,2.3,91.0,5.105,0.0,0.0,0.0,0.0,0.0,2.0,2.0,0.0,0.0,0.0,0.0,0.0,294.0,0.0,0.0,0.0,0.0,0.0,0.0,0.0,0.0,0.0,0.0,0.0,16.071192912179567,-207.2843248925892,16.060610091528316,-186.5271335691384,15.915368986320726,-151.50141077436138,16.05458418625995,-195.12610168661605,14.929503363861038,-5.766531077861302,16.407876901986059,-40.61668017829939,15.07407046654585,-82.94629101116129,12.638245300468214,-249.9836570077922,15.696644873219697,-114.51739058848313,572.8740292223492,753.6050619203728,0.0,0.0,0.0,0.0,0.0,0.0,0.0,0.0,0.0,0.0,0.0,0.0,0.0,0.0,0.0,0.0,0.0,0.0,0.0,0.0,0.0,0.0,1.445453534997297,0.44122513278305777,306.9131069379009,364.1274248048268,8222.112732227597,0.26242840376984435,0.040053175178547669,157.32254704751649,186.72072748559277,4211.375173707054,1.4185182944156907,0.2680495643264723,292.2884904636572,346.7353389996384,7792.527968685517,0.2658746678067968,0.05024086693250128,165.4277759488671,196.11732320138095,4444.9417559816679,0.0,0.0,7.192274020168114,8.553473899578015,181.8745226301582,0.0,0.0,14.151585870451502,16.735281915491936,403.0891550094884,0.0,0.0,76.08304015630469,90.51082554152844,1914.6135498073919,0.0,0.0,54.6910217537785,65.71222901680608,1076.4271591007942,0.0,0.0,32.83004948039199,38.937011782779268,882.4632013575936,39.401575183164037,27.024399988452708,422.2312933828361,502.321627543422,11567.45258091278,0.0,0.0,66.39817266234258,80.41598904260161,1012.9026741108006,0.0,15.643448869577892,37.78766147444292,22.0,30.0,0.0,15.687690940515556,37.608850609059668,12.0,30.0,0.0,15.532494854752603,38.09785063305883,22.0,30.0,0.0,15.753559201444216,37.62060415380242,12.0,30.0,0.0,14.898156059446134,40.29216055478828,12.0,30.0,0.0,16.575270543083957,36.073044373548018,12.0,30.0,0.0,14.832300492992382,40.05189448576613,10.0,30.0,0.0,12.00161463834545,48.519047738899477,12.0,30.0,0.0,15.730963984992279,38.0625523494875,20.0,30.0,0.0,14.803175499485084,0.0,0.0,0.0,9.741607005605739,0.0,0.0,458.25646181322238,456.89717343690497,464.21408070302598,461.3862618331939,521.5031407665849,759.4881013321508,512.0376885654035,594.6163023555278,672.5078089562253,0.0,80.41000637778913,80.41000637778913,60.0,0.0,60.0,60.0,12.0,12.0,12.0,19.0,12.0,12.0,21.0,10.0,0.0,0.0,0.0,0.0,0.0,0.0,0.0,0.0,0.0,0.0,0.0,0.0,0.0,80.41000637778913,80.41000637778913,0.0,0.0,0.0,80.41000637778913,0.0,0.0,0.0020533333333333338 
 02/21  05:40:00,2.283333333333333,91.0,5.123333333333333,0.0,0.0,0.0,0.0,0.0,2.0,2.0,0.0,0.0,0.0,0.0,0.0,294.0,0.0,0.0,0.0,0.0,0.0,0.0,0.0,0.0,0.0,0.0,0.0,15.911510881930925,-90.90419309981235,16.053416381865508,-225.72896614214029,15.916785345307089,-261.2830277467101,15.925157346769492,-149.3220642807196,14.88172007867635,-4.973321037573797,16.350898770376568,-40.10620446868725,15.023218116786517,-104.67535445371004,12.571330404651082,-248.09675955804119,15.648912692030887,-115.80904705610891,560.7407731846961,752.2791772567576,0.0,0.0,0.0,0.0,0.0,0.0,0.0,0.0,0.0,0.0,0.0,0.0,0.0,0.0,0.0,0.0,0.0,0.0,0.0,0.0,0.0,0.0,1.4459149483318455,0.4413659793442752,307.21138054689046,364.50846764983808,8156.388331876508,0.2564276935157621,0.03913731586015906,160.3983198965573,190.120004382905,4305.276978757107,1.3642653846629962,0.2577976917352601,289.9094249040444,343.9862837614554,7746.475586698798,0.2634058870717302,0.04977435507780237,162.87059578601646,193.31863887889097,4332.214997151994,0.0,0.0,6.862741112702236,8.165516835178345,173.15770924717897,0.0,0.0,14.342216302103378,16.963611520221435,407.3823740501956,0.0,0.0,72.32082729751363,86.0685891278138,1816.473369404219,0.0,0.0,54.39023724667152,65.36673312358414,1065.3004267672619,0.0,0.0,33.79836425498338,40.091616700817748,906.3435062518744,39.39374346419518,27.019028439091359,422.872105023005,503.1956567070749,11517.02683445342,0.0,0.0,65.97818331354648,79.92646218809333,1000.5892960616701,0.0,15.42823686456979,38.262856764987699,22.0,30.0,0.0,15.737376845752852,37.4882191807944,12.0,30.0,0.0,15.595107627982454,37.84656425037063,22.0,30.0,0.0,15.570055641272873,37.896032876898448,12.0,30.0,0.0,14.850622211405384,40.266692641731939,12.0,30.0,0.0,16.51637127049382,36.08153524478783,12.0,30.0,0.0,14.787477216866222,40.11318101240178,10.0,30.0,0.0,11.935501772468687,48.58457714129567,13.0,30.0,0.0,15.680497672906253,38.05564088357511,20.0,30.0,0.0,14.71425441317728,0.0,0.0,0.0,9.679613117974256,0.0,0.0,459.1799956223998,459.8079946574155,463.09461209381387,457.3890857150915,519.873470700196,757.779592096721,514.7068330769513,593.8899001325493,669.7140237053231,0.0,80.41000637778913,80.41000637778913,60.0,0.0,60.0,60.0,12.0,12.0,12.0,19.0,12.0,12.0,21.0,10.0,0.0,0.0,0.0,0.0,0.0,0.0,0.0,0.0,0.0,0.0,0.0,0.0,0.0,80.41000637778913,80.41000637778913,0.0,0.0,0.0,80.41000637778913,0.0,0.0,0.00209 
 02/21  05:50:00,2.2666666666666668,91.0,5.1416666666666679,0.0,0.0,0.0,0.0,0.0,2.0,2.0,0.0,0.0,0.0,0.0,0.0,147.0,0.0,0.0,0.0,0.0,0.0,0.0,0.0,0.0,0.0,0.0,0.0,15.858728543492266,-192.5469275347432,16.03670281797658,-23.58744441799854,15.898829027820814,-50.9860524382766,15.86478496547213,-220.33137784424708,14.82929043858466,-5.248341447077195,16.289395644142866,-41.31583194021778,14.968693168050426,-73.7120989443124,12.503360811399169,-242.62796131380675,15.597397216356573,-114.48981272610217,497.9304775834298,759.2558282758087,0.0,0.0,0.0,0.0,0.0,0.0,0.0,0.0,0.0,0.0,0.0,0.0,0.0,0.0,0.0,0.0,0.0,0.0,0.0,0.0,0.0,0.0,1.4327295435372796,0.43734113050588516,174.05249761006537,206.35223292007064,4602.873700300003,0.26717166567844388,0.04077711625128875,25.842617404684249,30.593943294662027,705.3452804474283,1.4283935281788305,0.2699156326868539,253.62501748025,300.38083878962888,6823.8227289529709,0.2673025619961512,0.05051068820788948,140.12834363239794,166.0573639760275,3717.802422302836,0.0,0.0,7.35467510172931,8.73599789807662,185.04925774867579,0.0,0.0,14.240843757179345,16.819227070193013,403.22760735780647,0.0,0.0,78.0144901806569,92.68600225391065,1954.8354348630745,0.0,0.0,54.80032880961458,65.76132394483483,1068.0422737981745,0.0,0.0,33.08869498607413,39.1910422680926,884.9833263727195,39.42973385202828,27.043713204408978,252.72971268095058,300.592201037282,7143.184914356166,0.0,0.0,66.46489091011138,80.39158830480044,1003.7701001381672,0.0,15.371370451462664,38.1529238149847,22.0,30.0,0.0,15.782968638868704,37.29593268270701,12.0,30.0,0.0,15.64635530623683,37.93156693332407,22.0,30.0,0.0,15.503097877097689,37.81279602952672,12.0,30.0,0.0,14.793733464739424,40.272820047950748,12.0,30.0,0.0,16.447962571101564,36.11103526649836,12.0,30.0,0.0,14.739848673910059,40.29761680439912,10.0,30.0,0.0,11.866575952196995,48.73563451083635,13.0,30.0,0.0,15.622669669127042,38.098457623388899,20.0,30.0,0.0,14.452812167203293,0.0,0.0,0.0,9.628879030083687,0.0,0.0,450.67841436096338,457.0348468110234,472.7290203311317,446.14807620103326,519.6218061463051,756.3455146231514,515.5325110488799,594.3502788225725,670.7611623741863,0.0,80.41000637778913,80.41000637778913,60.0,0.0,60.0,60.0,12.0,12.0,12.0,19.0,12.0,12.0,21.0,10.0,0.0,0.0,0.0,0.0,0.0,0.0,0.0,0.0,0.0,0.0,0.0,0.0,0.0,80.41000637778913,80.41000637778913,0.0,0.0,0.0,80.41000637778913,0.0,0.0,0.00215 
 02/21  06:00:00,2.25,91.0,5.16,0.0,0.0,0.0,0.0,0.0,2.0,2.0,0.0,0.0,0.0,0.0,0.0,294.0,0.0,0.0,0.0,0.0,0.0,0.0,0.0,0.0,0.0,0.0,0.0,15.88156911820544,-101.18466972828219,15.93912672340966,-213.43469026877404,15.779225441886375,-219.2795202299044,15.854376961207065,-126.14375349495208,14.786776942553491,-5.1603538478087789,16.241375100064649,-39.240207971754077,14.910269529876544,-90.82082608652718,12.445863999905346,-246.11478328454553,15.556609172165356,-115.51674104919755,536.2263217536274,760.950400469322,0.0,0.0,0.0,0.0,0.0,0.0,0.0,0.0,0.0,0.0,0.0,0.0,0.0,0.0,0.0,0.0,0.0,0.0,0.0,0.0,0.0,0.0,1.4255818846847826,0.43515930545933537,233.16888752920404,276.84752014233546,6232.660354576126,0.2566275854443023,0.039167824396261038,105.84246330165301,125.7653431501598,2829.323322929593,1.3903318863094528,0.2627233345255958,234.22660548394453,278.02407847190667,6227.068079645471,0.2694746213947137,0.05092113027110991,128.7105854886879,152.71865825096149,3430.866457583332,0.0,0.0,7.009731360632199,8.340765672911989,176.05593982392566,0.0,0.0,14.266747646915526,16.881160456481916,403.2123890908538,0.0,0.0,75.08927813299899,89.37718324571958,1874.5391608720302,0.0,0.0,54.85871833213711,65.95512972906424,1065.4521313240896,0.0,0.0,33.2140648533837,39.41198964236227,886.8910523400912,39.49332478606441,27.08732838550372,304.35952411776386,362.61280345818099,8460.557333134348,0.0,0.0,66.51017733146324,80.59806662740519,999.2838871543394,0.0,15.508143714249219,37.91935904992374,22.0,30.0,0.0,15.626760763815014,37.49809817111375,12.0,30.0,0.0,15.455076769201789,38.07397066464723,22.0,30.0,0.0,15.558666611615035,37.86156158250022,12.0,30.0,0.0,14.756961361465909,40.318285021428128,12.0,30.0,0.0,16.406776698103437,36.15525719390687,12.0,30.0,0.0,14.677258162313465,40.24130670417057,10.0,30.0,0.0,11.817405107111937,48.789024573053357,13.0,30.0,0.0,15.586167279152477,38.14497368626907,20.0,30.0,0.0,14.506263393152384,0.0,0.0,0.0,9.57474146809615,0.0,0.0,457.3076803948085,452.3508140471116,462.29090229656858,458.22466806503288,519.1801134915794,754.9352479030994,511.3421283751999,593.2249533329898,670.1972739618973,0.0,80.41000637778913,80.41000637778913,60.0,0.0,60.0,60.0,12.0,12.0,12.0,19.0,12.0,12.0,21.0,10.0,0.0,0.0,0.0,0.0,0.0,0.0,0.0,0.0,0.0,0.0,0.0,0.0,0.0,80.41000637778913,80.41000637778913,0.0,0.0,0.0,80.41000637778913,0.0,0.0,0.00221 
 02/21  06:10:00,2.2666666666666668,90.66666666666667,5.195,0.0,0.0,0.0,0.0,0.0,2.0,2.0,0.0,0.0,0.0,0.0,0.0,1480.0,0.0,0.0,0.0,0.0,0.0,0.0,0.0,0.0,0.0,0.0,0.0,17.188418339673416,-784.2253877392557,16.670335051454229,260.4195606906157,17.355949621958709,-2508.953966801984,16.16235896879841,995.5705265862349,14.740676951227627,-9.169905760005605,17.269743383484266,-108.51724551374615,15.031030169392278,199.67538657638546,13.519895769995824,-353.7083595837544,17.16739859763775,-290.3138691995093,882.2410603059364,892.1111306384089,0.0,0.0,0.0,0.0,0.0,0.0,0.0,0.0,0.0,0.0,0.0,0.0,0.0,0.0,0.0,0.0,0.0,0.0,0.0,0.0,0.0,0.0,1.4522281838154286,0.443293096402756,286.8407226465676,338.014500056561,8893.803168697585,0.32399792333418617,0.04945023249911266,223.50682872569073,264.08614602890546,6556.0466024235179,1.3481531215607446,0.25475304640225729,486.9306437176557,573.5635174297809,15244.233965248273,0.3776934453325919,0.07137064348688432,367.79446756783138,435.7260053650722,10334.971986896913,0.0,0.0,11.051642209088648,13.167291348187167,276.184631447402,0.0,0.0,19.004916843586569,22.396705032675464,590.4783840284691,0.0,0.0,82.79684241436088,98.58949513261659,2111.9619483745007,0.0,0.0,46.2923979146429,55.435213582072787,1042.0414549717746,0.0,0.0,48.177761005689799,56.75808667925613,1502.5310879129687,40.87945110934219,28.038032310934307,585.0844510762654,694.6681218902247,16741.989764588634,0.0,0.0,59.966302894984739,72.75516741589935,909.7821581197286,2101.865178294709,17.52895810033997,33.30106810045051,21.999999999999998,30.0,1031.265072914995,16.817620109712978,34.79622158748075,16.599999999999999,30.0,4730.664886621913,17.818300578032227,32.70383937214986,21.999999999999998,30.0,0.0,16.230628139282574,36.12778627480935,16.999999999999998,30.0,0.0,14.713127092897859,40.32618600731778,12.0,30.0,1903.5060719726885,17.823622113139863,33.0194513596913,20.0,30.0,0.0,14.975032775761124,39.32940223504734,10.0,30.0,1492.4291892334048,13.51457390091349,43.644336514232488,16.999999999999998,30.0,3162.7665997916349,17.785276039773558,33.167982053384388,20.0,30.0,0.0,15.464186239467605,0.0,0.0,0.0,9.672393284337698,0.0,0.0,457.77826993348017,456.7297646081334,456.85001937416436,455.45140938337706,517.447168351708,742.0199904247435,497.08847827146527,597.0152690662,657.0161798415893,13786.326055246993,78.88717440673504,87.84781851573226,60.0,0.0,60.0,60.0,16.0,16.0,19.0,19.0,16.0,12.0,21.0,10.0,1.0,0.0,2101.865178294709,1031.265072914995,4730.664886621913,0.0,1903.5060719726885,0.0,1492.4291892334048,3162.7665997916349,13556.098499565795,8133659.099739478,10575531.256041425,78.88717440673504,87.99999999999999,0.45186994998552656,0.7690433617337935,0.3602813740196596,87.99999999999999,0.3542647819438876,10575531.256041425,0.5521976253141541 
 02/21  06:20:00,2.2833333333333338,90.33333333333334,5.23,0.0,0.0,0.0,0.0,0.0,2.0,2.0,0.0,0.0,0.0,0.0,0.0,888.0,0.0,0.0,0.0,0.0,0.0,0.0,0.0,0.0,0.0,0.0,0.0,18.098371491371294,-1395.1475295763624,17.051898442571298,822.3465010989423,18.377332534949134,-3477.9454525140038,17.089270291832077,1016.5996830167626,14.688734879949483,-2.987245665130112,18.30961150655976,-200.376248868701,15.386388405888538,140.019803148629,14.881675965522187,-289.3569353038643,18.193950074389535,-428.7447553617343,1236.5615132681465,1180.8776137475639,0.0,0.0,0.0,0.0,0.0,0.0,0.0,0.0,0.0,0.0,0.0,0.0,0.0,0.0,0.0,0.0,0.0,0.0,0.0,0.0,0.0,0.0,1.5615362057087228,0.4766594034519911,429.77784322745699,504.5516818684994,14267.400045713901,0.4059842434548506,0.06196340712070371,369.6814166329137,436.076090586965,11273.0792501224,1.3679208567250432,0.25848844609316776,574.3891612856619,673.4906031371404,19458.846893032645,0.3954404601386834,0.07472419881683359,402.81245545630829,474.9755848122793,12408.940172102864,0.0,0.0,14.191786162008658,16.913165164696748,352.8762926076324,0.0,0.0,23.442460887336958,27.456177487654178,806.6176439992202,0.0,0.0,93.22816476152006,110.75281992201755,2481.9450757926335,0.0,0.0,29.236535944125565,34.74258388282039,783.950415414275,0.0,0.0,63.19968884218878,74.02820394120124,2172.4324706164886,42.209663999812949,28.95038683114744,757.3245784439548,896.5169237914821,22829.275608145697,0.0,0.0,62.70044958152636,75.917312925973,1011.9187406099874,2050.6136923487795,19.01518011452976,30.25209906659708,22.0,30.0,0.0,17.60689478178238,33.060858583733928,16.0,30.0,4488.115345777406,19.407511156039669,29.51237963727813,22.0,30.0,0.0,17.80333479099371,32.64818396583558,16.0,30.0,0.0,14.6621308895471,40.285059024089438,12.0,30.0,1513.466793248266,19.708146104050607,29.236697479652756,20.0,30.0,0.0,15.576779321834803,37.741765093291,10.0,30.0,1401.4852689286666,15.845332223015028,37.43983795620756,17.0,30.0,1059.9280474107059,19.69168690218382,29.23909949771334,19.5,30.0,0.0,16.60886338446707,0.0,0.0,0.0,10.16272695248023,0.0,0.0,457.7511999484899,458.125432176761,455.6750789758237,455.8286276265983,516.6822263532191,702.5682751752745,505.06336927027408,609.4532191155909,619.308640000575,11492.219100010374,80.40561719113394,86.76511656427826,60.0,0.0,60.0,60.0,16.0,16.0,19.0,19.0,16.0,12.0,21.0,10.0,1.0,0.0,2050.6136923487795,0.0,4488.115345777406,0.0,1513.466793248266,0.0,1401.4852689286666,1059.9280474107059,9623.310303071079,5773986.181842649,7546128.446215601,80.40561719113394,86.8731219757233,0.377443676769036,0.764612467823611,0.36028137401965956,86.8731219757233,0.3542647819438875,7546128.446215601,0.3947253458698779 
 02/21  06:30:00,2.3,90.0,5.265000000000001,0.0,0.0,0.0,0.0,0.0,2.0,2.0,0.0,0.0,0.0,0.0,0.0,592.0,0.0,0.0,0.0,0.0,0.0,0.0,0.0,0.0,0.0,0.0,0.0,18.546717414935296,-1323.583873972163,17.456151604514174,854.2815256177742,18.91819984555931,-3465.3598434734687,17.675402960952228,862.4854306189363,14.645911583217574,0.07426693860564626,18.081810440542,-181.82091225684935,15.459375246656795,85.69001664602775,15.48769812011929,-91.44681566489703,18.248808268157867,-341.53588810914877,1435.0527956992438,1103.5344514961342,0.0,0.0,0.0,0.0,0.0,0.0,0.0,0.0,0.0,0.0,0.0,0.0,0.0,0.0,0.0,0.0,0.0,0.0,0.0,0.0,0.0,0.0,1.6473303379530085,0.5028480885082444,448.87091268619226,525.789655811559,15406.873804024828,0.42867513232589818,0.0654266074978477,388.04589822289088,456.66605937431185,12298.599009295862,1.408110033425889,0.2660827727562149,571.3700671066908,668.2369408159386,20079.451554601328,0.38561571960872767,0.07286767188373536,376.2762373027496,442.1974768962533,12223.506898102723,0.0,0.0,15.19658257676357,18.109799174389634,376.265305730957,0.0,0.0,24.118222147401736,28.28343037314788,809.492067768555,0.0,0.0,106.28029550816989,126.18730438789248,2845.478064748185,0.0,0.0,18.909678383046044,22.36319297759546,549.5817931150975,0.0,0.0,58.86451883559435,68.94333472592033,2017.4338018297218,42.99358900966597,29.48805830566939,748.7722136881524,884.3009875988847,23537.88705938989,0.0,0.0,57.07962373790797,69.10798709153625,912.9079963954163,1924.4500669269949,19.644952737111248,29.06278497172346,22.0,30.0,0.0,18.28162229575325,31.65836631318424,16.0,30.0,4342.987936317988,20.11033731721028,28.225108081496335,22.0,30.0,0.0,18.712347842427385,30.801209292044307,16.0,30.0,0.0,14.623602572554639,40.26546766933239,12.0,30.0,77.38597761270744,19.291136727158148,29.97244394153675,19.0,30.0,0.0,15.675571464452754,37.473531739555607,10.0,30.0,588.4205205027489,16.88593932634074,34.88198666795445,16.75,30.0,1502.8443341588139,19.676834231205939,29.204307518926805,19.75,30.0,0.0,17.269083285807147,0.0,0.0,0.0,10.105331914322113,0.0,0.0,458.74243360087379,459.68725094559616,455.56907312880977,455.5003946858364,524.9611328278297,682.4950859870735,517.6928101493905,577.6579950120346,611.3631897850385,10667.557834574518,80.95120206712136,87.88228716540768,60.0,0.0,60.0,60.0,16.0,16.0,19.0,19.0,16.0,12.0,21.0,10.0,1.0,0.0,1924.4500669269949,0.0,4342.987936317988,0.0,77.38597761270744,0.0,588.4205205027489,1502.8443341588139,10489.412783057536,6293647.669834522,8233134.936664451,80.95120206712136,88.0,0.3496470927685846,0.7644655996256209,0.36028137401965956,88.0,0.3542647819438875,8233134.936664451,0.4305063500398848 
 02/21  06:40:00,2.316666666666667,89.66666666666666,5.300000000000001,0.0,0.0,0.0,0.0,0.0,2.0,2.0,0.0,0.0,0.0,0.0,0.0,592.0,0.0,0.0,0.0,0.0,0.0,0.0,0.0,0.0,0.0,0.0,0.0,18.998134358701728,-1196.086839942267,17.82420141379234,991.0368672239429,19.41067132131593,-3239.972534431112,18.104479105569113,941.0019075117766,14.609649844365319,7.172577363047552,18.449847519066894,-183.97224327506803,15.785172484812775,458.23086044264746,15.325097429247008,-251.09354475395029,18.008988624921625,-237.4491269621713,1620.772740852739,913.6400939745967,0.0,0.0,0.0,0.0,0.0,0.0,0.0,0.0,0.0,0.0,0.0,0.0,0.0,0.0,0.0,0.0,0.0,0.0,0.0,0.0,0.0,0.0,1.766812179350866,0.539319957066809,459.0955855962424,536.5982755456628,16293.795374394795,0.44862167784317877,0.06847095205176722,390.08292077212857,458.13004038427837,12787.757062785753,1.5091398651570918,0.2851738218361852,565.601573639475,660.0481878513915,20540.543417617493,0.39465344063145899,0.07457548008908897,362.57411338607548,425.12053666010356,12214.371734116756,0.0,0.0,15.688961016498148,18.70031285281201,387.0524573262691,0.0,0.0,23.381662950708138,27.373133389075535,807.3066817915651,0.0,0.0,91.19217381869538,108.07080125856885,2545.00210959378,0.0,0.0,22.58572039667587,26.756874154466403,632.9879214338316,0.0,0.0,49.48934045942631,58.056387425451358,1656.578973122842,43.83887302234277,30.06781414426803,739.9514629305165,871.8065739589101,24290.553830896657,0.0,0.0,47.44018240345698,57.49364322338644,736.0172896923025,1868.2038467680662,20.28597529969119,27.875903078197888,22.0,30.0,0.0,18.877011678371934,30.44398502658377,16.0,30.0,4207.462899612843,20.756190433572806,27.070567753296339,22.0,30.0,0.0,19.365504532654904,29.516773696602585,16.0,30.0,0.0,14.593783051682525,40.23854541226879,12.0,30.0,1362.0879764729808,19.82021241898499,28.93379756304711,20.0,30.0,0.0,16.303984258408766,35.870251128980978,10.0,30.0,695.0777962686375,16.35729674955728,35.99770473493571,16.5,30.0,142.09090560048404,19.241034481942479,29.960219427309484,19.0,30.0,0.0,17.953448149771899,0.0,0.0,0.0,9.876809598420348,0.0,0.0,459.7063078034792,461.8380697872985,457.6949973526329,457.108101696932,527.2799775340617,672.911702216249,485.86514307260588,578.962670940181,607.8579859851759,11320.91109378519,80.51900781308271,87.87506964956711,60.0,0.0,60.0,60.0,16.0,16.0,19.0,19.0,16.0,12.0,21.0,10.0,1.0,0.0,1868.2038467680662,0.0,4207.462899612843,0.0,1362.0879764729808,0.0,695.0777962686375,142.09090560048404,11131.855236643732,6679113.14198624,8746884.401195895,80.51900781308271,88.0,0.3710618412214578,0.763593566735619,0.36028137401965956,88.0,0.3542647819438875,8746884.401195895,0.45727798886218659 
 02/21  06:50:00,2.3333333333333337,89.33333333333333,5.335000000000001,0.0,0.0,0.0,0.0,0.0,2.0,2.0,0.0,0.0,0.0,0.0,0.0,592.0,0.0,0.0,0.0,0.0,0.0,0.0,0.0,0.0,0.0,0.0,0.0,19.34131462329524,-1171.2705600488826,18.143607123064855,999.3286581645043,19.796614991039616,-3277.2717348358967,18.45471066232689,943.9428135574804,14.585557287463392,18.262660219963594,18.217841373788894,-113.41611254394033,16.32796871332474,507.705416007061,15.41406439010574,-372.606997408049,18.47031709035064,-217.47845737489167,1721.3193503136627,933.854196250139,0.0,0.0,0.0,0.0,0.0,0.0,0.0,0.0,0.0,0.0,0.0,0.0,0.0,0.0,0.0,0.0,0.0,0.0,0.0,0.0,0.0,0.0,1.838947644547463,0.561339329837443,461.34605500118667,538.4029873763973,16762.013872648662,0.46134117231190949,0.07041226683637203,393.93406567130469,461.9333228179846,13250.551313766548,1.5792990925177748,0.29843142337826447,566.5075439975565,660.0396656189973,21063.262789388733,0.4064451019690688,0.07680368517934026,361.96140100677169,423.7090942935065,12513.396588918398,0.0,0.0,15.931918065149653,18.991466796072996,392.1898185795115,0.0,0.0,21.969027362846654,25.761157576770065,738.5196633764758,0.0,0.0,86.99773715501898,102.75827204380824,2579.3491451780957,0.0,0.0,27.54125315346056,32.59982279410268,781.5940986940049,0.0,0.0,46.539222614133468,54.459208586747397,1617.3703178008444,44.414162625994638,30.462388632369448,743.008292448542,874.1921558864208,25001.285204043128,0.0,0.0,45.90560883860875,55.65496056461375,695.8594158085241,1867.6623097381303,20.755455604738608,27.024108297423198,22.0,30.0,0.0,19.35427688303105,29.49058716225813,16.0,30.0,4203.31570085105,21.23976466956248,26.2255325466473,22.0,30.0,0.0,19.85728187844999,28.57229439794679,16.0,30.0,0.0,14.58269881896424,40.155686960569649,12.0,30.0,0.0,19.348688559211494,29.73275944598159,19.0,30.0,0.0,17.22133188196095,33.74632126528972,10.0,30.0,493.9885446873343,16.62189199768612,35.37044931133642,16.5,30.0,1533.612108042974,19.95882904907171,28.572681383983214,20.0,30.0,0.0,18.375716599132234,0.0,0.0,0.0,9.720420516021746,0.0,0.0,459.1102069323872,462.031673334665,458.81949464777247,458.55181176087629,517.7726388007388,660.2325553511481,471.51526180946038,601.3703561751656,604.3838456635418,10829.839013263001,80.84383762476489,86.27458326679931,60.0,0.0,60.0,60.0,16.0,16.0,19.0,19.0,16.0,12.0,21.0,10.0,1.0,0.0,1867.6623097381303,0.0,4203.31570085105,0.0,0.0,0.0,493.9885446873343,1533.612108042974,8218.43938706143,4931063.632236857,6426038.8891957639,80.84383762476489,86.36681535663932,0.3589479795687143,0.7659675322760218,0.36028137401965956,86.36681535663932,0.3542647819438875,6426038.8891957639,0.33655068890484637 
 02/21  07:00:00,2.35,89.0,5.37,0.0,0.0,0.0,0.0,0.0,2.0,2.0,0.0,0.0,0.0,0.0,0.0,592.0,0.0,0.0,0.0,0.0,0.0,0.0,0.0,0.0,0.0,0.0,0.0,19.65598595498672,-1198.9157518293578,18.412696436089499,1028.3588186097528,20.13023019256787,-3319.0313025129564,18.75944424115569,955.7183850061065,14.569378620297066,25.37750680951993,18.400514274018048,-85.95671206475103,16.749196472858509,530.297058668428,15.615586564457403,-500.92854883074178,18.176709899898417,-103.40694755925327,1805.6456634143725,949.0637088798253,0.0,0.0,0.0,0.0,0.0,0.0,0.0,0.0,0.0,0.0,0.0,0.0,0.0,0.0,0.0,0.0,0.0,0.0,0.0,0.0,0.0,0.0,1.9210767048470288,0.5864092505638061,473.94295281591578,552.3972998342027,17550.29320964978,0.4768003665546986,0.0727717287171396,398.9547737835052,467.2326695629985,13692.82518855037,1.6508625910445148,0.31195438228354407,570.9600723243606,664.4721709635378,21597.084053324215,0.4200928963334736,0.07938263347193377,368.1495079426525,430.3855808112802,12998.02151028832,0.0,0.0,15.530929721568772,18.514436735678826,381.7644062878022,0.0,0.0,18.81337146224679,22.04148336785304,641.2154397370936,0.0,0.0,102.81548174680023,121.17532057028068,3173.7432309168309,0.0,0.0,36.28503954501761,42.926024127433638,1043.960286324963,0.0,0.0,30.27540507944907,35.50383358239847,1016.7968382190366,44.93605207520236,30.820337500138807,756.5583341511789,889.1033367918536,25962.625204336284,0.0,0.0,53.57820599855161,64.95131903352179,816.899857873928,1908.2442863557413,21.15131832636532,26.321968159835277,22.0,30.0,0.0,19.740302068229015,28.734286170539247,16.0,30.0,4301.292017484769,21.61279576913453,25.58211087878515,22.0,30.0,0.0,20.27327262283654,27.791663791245847,16.0,30.0,0.0,14.581031898642469,40.070055429667117,12.0,30.0,1189.7228539395895,19.60705623050997,29.19611430353421,19.75,30.0,0.0,17.891627696029507,32.297679266416277,10.0,30.0,1289.0545544056163,16.77131546368377,34.92886160500312,17.0,30.0,0.0,19.348376442224443,29.65995659243014,19.0,30.0,0.0,18.735525619587088,0.0,0.0,0.0,9.783820449920967,0.0,0.0,461.0249495735371,463.9893554102278,460.5142495959411,461.69416443909628,513.2810066796564,664.1989800319022,479.4543990908868,587.6479213338114,622.4448240762747,10983.224008089554,80.7423514854664,86.25959461352847,60.0,0.0,60.0,60.0,16.0,16.0,19.0,19.0,16.0,12.0,21.0,10.0,1.0,0.0,1908.2442863557413,0.0,4301.292017484769,0.0,1189.7228539395895,0.0,1289.0545544056163,0.0,8349.161574993988,5009496.944996393,6541492.800813919,80.7423514854664,86.35329571783316,0.363305385833133,0.7671898213038035,0.36028137401965956,86.35329571783316,0.3542647819438875,6541492.800813919,0.3425109589756571 
 02/21  07:10:00,2.411666666666667,88.83333333333334,5.470000000000001,0.0,0.0,0.0,0.0,0.0,2.0,2.0,0.0,0.0,0.0,0.0,0.0,444.0,0.0,0.0,0.0,0.0,0.0,0.0,0.0,0.0,0.0,0.0,0.0,19.873538581309306,-1259.8226334836643,18.613440409103917,955.6015255034301,20.41142989361571,-3450.796729167358,18.96951268775559,888.2136797622818,14.553663008377502,26.940328171243097,18.354800808429034,-66.45211874981026,17.03650659139087,491.73322383958307,16.193516532517934,-521.4194340763733,18.751019483194165,-115.73450335511814,1827.3150137452408,929.8319094175081,0.0,0.0,0.0,0.0,0.0,0.0,0.0,0.0,0.0,0.0,0.0,0.0,0.0,0.0,0.0,0.0,0.0,0.0,0.0,0.0,0.0,0.0,1.93727110680243,0.5913525967040385,471.31714678369806,548.7983423535814,17603.044242140393,0.47824120886661206,0.07299163749490416,396.5596630767167,463.93769448521086,13750.501293750956,1.671172025507437,0.31579214389785295,567.8860610149641,660.0936872317419,21726.647390523663,0.42150023246335158,0.0796485700044126,365.057123554844,426.3373797379129,13007.860311245193,0.0,0.0,15.55901548063502,18.5449167017033,380.42478336476315,0.0,0.0,18.410933921427355,21.57768249351044,618.1046673088001,0.0,0.0,100.86297749043897,118.69360792393508,3178.394493512903,0.0,0.0,33.35603703883383,39.347895214278768,1007.9831742646829,0.0,0.0,27.89661627079635,32.61874596518844,971.1636194752571,45.379852562934519,31.124727409420119,750.8208719091539,881.6921105199024,25941.507528968752,0.0,0.0,50.96877452266593,61.79857695010247,763.6850791172694,1942.2323587241786,21.384805571751174,25.93123686106191,22.0,30.0,0.0,19.992925538086998,28.280005339830347,16.0,30.0,4353.265100087079,21.905549458160097,25.112765030042718,22.0,30.0,0.0,20.51232659138415,27.37201766791705,16.0,30.0,0.0,14.575727705714446,40.016965066046378,12.0,30.0,0.0,19.403029143829295,31.07605994947018,19.0,30.0,0.0,18.300822471772407,31.4452146402678,10.0,30.0,1380.063974159079,17.627979008039625,33.021340577511868,20.7,30.0,2045.854402883328,20.02669178670626,29.600492445991138,19.666666666666669,30.0,0.0,18.89991043669814,0.0,0.0,0.0,9.716429493579419,0.0,0.0,461.7441603814003,465.2477321476264,461.30738245609089,462.9243020648607,508.9983033361957,703.9272515876863,476.65400464985256,566.3628873111171,667.6810366547079,10950.389943803384,80.76409801242402,87.87916258319494,60.0,0.0,60.0,60.0,16.0,16.0,19.0,19.0,19.7,12.0,21.0,10.0,1.0,0.0,1942.2323587241786,0.0,4353.265100087079,0.0,0.0,0.0,1380.063974159079,2045.854402883328,10767.521679958843,6460513.007975306,8448344.938846242,80.76409801242402,88.0,0.35891738933196146,0.7646171870096852,0.36028137401965956,88.0,0.3542647819438875,8448344.938846242,0.4416239368200046 
 02/21  07:20:00,2.4733333333333338,88.66666666666667,5.57,9.166666666666668,0.0,0.0,0.0,0.0,2.0,2.0,0.0,0.0,0.0,0.0,0.0,740.0,0.0,12.978730786254966,3.459354842971165,8.864468375465604,0.38917009616723888,10.358286560545274,0.0,3.459354842971164,4.729200340477975,0.0,0.0,19.8351547820197,-1318.8912593975477,18.70637468814459,748.050707049621,20.239525170224178,-2162.936968239622,19.00378115452741,614.0960355190672,14.540052295678026,29.263137668242736,18.403135699519785,-72.23506966726919,17.19037906752517,425.4769334481368,16.666798799764068,-422.67925033279848,18.834109716483327,-124.6541494545113,1753.0406643008537,895.8545360728167,0.0,0.0,0.0,0.0,0.0,0.0,0.0,0.0,0.0,0.0,0.0,0.0,0.0,0.0,0.0,0.0,0.0,0.0,0.0,0.0,0.0,0.0,1.9226979488552543,0.5869041357922021,439.19862635398769,512.089045947913,16192.810887732783,0.4476954082780952,0.06832958001802429,345.8524371481682,404.7792126030141,11987.21760825595,1.7331812415874577,0.32750968283965589,432.99523996092617,504.29044137760527,16149.084314070355,0.4053202250768262,0.07659112340831936,290.8137520516042,339.851745817657,10288.669655295995,0.0,0.0,15.600856242642845,18.60586413290151,379.39012518922757,0.0,0.0,19.096744796089934,22.38927576797272,639.8418414774371,0.0,0.0,85.40517634982861,100.50685232811789,2708.394129948398,0.0,0.0,25.58645902680672,30.1382445496441,801.8957860962145,0.0,0.0,36.92058035034665,43.16480910788163,1295.9665379163533,45.56779177900471,31.25362947805537,624.9456861633928,734.5130812843419,21627.729046232686,0.0,0.0,43.81449868509122,53.16469667095866,649.0242150531904,1856.481921016246,21.18808516122952,26.233300455672624,22.0,30.0,0.0,20.046461565731794,28.190971872292026,16.0,30.0,2726.095923130508,21.378549546108244,25.93246960955379,21.6,30.0,0.0,20.42270915056473,27.504440382082945,16.0,30.0,0.0,14.571146528671467,40.03651834772288,12.000000000000002,30.0,1027.751399750842,19.44383183971548,32.226287024676519,19.6,30.0,0.0,18.46990783936319,31.07897520601933,10.0,30.0,1306.774693087773,18.320217117441055,31.75436638381993,20.7,30.0,0.0,20.27714010048546,30.109586678728549,19.0,30.0,0.0,18.758223856222167,0.0,0.0,0.0,9.673716719335868,0.0,0.0,462.4529261377198,466.7435411871111,462.3771598410277,462.5690103917987,505.09990083716095,732.6142369806626,469.99684156808896,557.6808695147844,673.4412503304802,10109.442776971582,81.32027151077182,85.59811477142876,60.0,0.0,60.0,60.0,16.0,16.0,19.0,19.0,19.7,12.0,21.0,10.0,1.0,0.0,1856.481921016246,0.0,2726.095923130508,0.0,1027.751399750842,0.0,1306.774693087773,0.0,6473.846828521944,3884308.097113166,5073343.211357501,81.32027151077182,85.67076675145973,0.3517948942840648,0.766558869305178,0.36028137401965956,85.67076675145973,0.35426478194388757,5073343.211357501,0.26614384699059009 
 02/21  07:30:00,2.535,88.5,5.67,11.0,0.0,0.0,0.0,0.0,2.0,2.0,0.0,0.0,0.0,0.0,0.0,444.0,0.0,15.790367547225815,3.8641855886642308,9.901837625360013,0.4734774814934212,12.602243768986869,0.0,3.8641855886642286,5.282634661983789,0.0,0.0,20.006867177596157,-1264.7575480703577,18.758933876588629,916.4864910756039,20.226578270559004,-2827.023705809411,19.094893569061058,829.606715093076,14.522118441209145,26.134335483211936,18.42141563835008,-54.611617551549269,17.288416758752587,461.6340185871872,17.27962110341804,-169.9854436089396,18.26123168238484,-33.990119067276918,1807.9159740063884,563.0658753494223,0.0,0.0,0.0,0.0,0.0,0.0,0.0,0.0,0.0,0.0,0.0,0.0,0.0,0.0,0.0,0.0,0.0,0.0,0.0,0.0,0.0,0.0,1.920125932947168,0.58611902715115,451.71864267036576,526.0410702310946,16755.575656510468,0.4667308095922532,0.07123486104887868,381.27410072126306,445.9369908080986,13198.885777071231,1.6838584711183287,0.3181894314282556,519.6134569126743,604.6598499886468,19501.752903263827,0.4183152723803601,0.07904672569545726,348.574020977104,407.08519058332419,12364.581467269676,0.0,0.0,15.571476391302522,18.56467726587933,376.3723145742024,0.0,0.0,17.69951873671851,20.738794290977965,591.5504728439896,0.0,0.0,84.22639314832135,99.03115249250428,2677.4801095454865,0.0,0.0,15.699197831923844,18.426699748116975,517.4781823821571,0.0,0.0,23.951901513838366,28.093362867731018,796.7911915778796,46.01816746799371,31.562529127567708,719.0661999031515,844.3023829595518,24834.79198941921,0.0,0.0,27.17596580580546,33.029724005884109,372.28380782461309,1826.3795177181565,21.3748116406694,25.933384889049728,21.999999999999994,29.99999999999999,0.0,20.082284301744648,28.136537569642038,15.999999999999993,29.99999999999999,3142.663871177931,21.607927533435203,25.574614574715257,21.666666666666658,29.99999999999999,0.0,20.537632772510315,27.327618572884164,15.999999999999993,29.99999999999999,0.0,14.55647200302382,40.210429434308938,11.999999999999995,29.99999999999999,0.0,19.442354701848509,33.17135759877602,18.999999999999994,29.99999999999999,0.0,18.569714862351235,30.861193360851865,9.999999999999997,29.99999999999999,1271.6813532285926,19.284119898550473,30.064811397625527,20.69999999999999,29.99999999999999,0.0,19.302581695146885,32.76578686117958,18.999999999999994,29.99999999999999,0.0,18.955417969802036,0.0,0.0,0.0,9.106805786980749,0.0,0.0,462.4607953553,467.2001872861239,462.16393507944187,464.1647875124421,505.85791691128397,753.5517604704903,464.0379917435296,551.2903862508017,692.2503681448884,11485.72024985344,80.40989353239717,87.87324747344623,59.99999999999998,0.0,59.99999999999998,59.99999999999998,16.0,16.0,19.0,19.0,19.7,12.0,21.0,10.0,1.0,0.0,1826.3795177181565,0.0,3142.663871177931,0.0,0.0,0.0,1271.6813532285926,0.0,11293.91212869303,6776347.27721582,8859681.268091072,80.40989353239717,87.99999999999997,0.3764637376231009,0.7650036630304307,0.36028137401965945,87.99999999999997,0.35426478194388735,8859681.268091072,0.46305342594073575 
 02/21  07:40:00,2.5966666666666669,88.33333333333334,5.77,17.333333333333333,78.99999999999999,0.0,0.0,1.0,2.0,0.0,0.0,0.0,0.0,0.0,4.0,1332.0,0.0,30.81859765397214,15.112384088674224,38.724791724055169,0.9241024883661061,24.596232088577204,0.0,15.112384088674194,20.659774790899545,0.0,0.0,19.766154276245869,-1549.1696484281372,18.797698669861356,510.30076085180186,20.45301897000757,-1792.5880376852497,19.1906641362554,621.2059167359265,14.498814230882456,17.65977543027734,18.505413642161395,-113.74165178589783,16.250877197115679,-916.0911194305854,17.916317099399416,-235.04530524369506,17.69373772559713,-619.769769411495,1750.1774299634795,2774.386520478487,0.0,0.0,0.0,0.0,0.0,0.0,0.0,0.0,0.0,0.0,0.0,0.0,0.0,0.0,0.0,0.0,0.0,0.0,0.0,0.0,0.0,0.0,2.0416135798864798,0.623203168463518,364.09472702673346,425.0916634820497,13171.101893652234,0.4421106966463964,0.06747721255286898,295.8313791051355,346.4186744047809,10184.668847025814,1.5304037194777598,0.2891919348975367,330.52686480356217,384.9691927937178,12382.265563816336,0.37920136317179289,0.07165558638922783,315.02216582841836,368.229558801204,11156.767954087294,0.0,0.0,14.937133659691888,17.824299442869568,358.44089345353168,0.0,0.0,17.593361958473179,20.613375406357087,592.2884673489898,0.0,0.0,270.443251872677,320.69112895161649,7375.676368166124,0.0,0.0,40.26560705793679,47.07223525826971,1403.2561775942787,0.0,0.0,190.89285072113737,224.78745433981204,5930.064941668819,46.17675449195945,31.67129937720136,599.8829061656212,705.3559083210047,20764.480168181643,0.0,0.0,200.95325124671798,241.84626078143863,3816.8390312554085,1864.336745818163,20.909802851637047,26.958088981553595,22.000000000000055,30.000000000000076,0.0,20.043946417610504,28.398825366281387,16.00000000000004,30.000000000000076,2601.4027979337085,21.595188387964549,26.319877238247508,21.666666666666719,30.000000000000076,0.0,20.58039969375094,27.834814389635665,19.00000000000005,30.000000000000076,0.0,14.53053208543818,40.68778582068965,12.000000000000032,30.000000000000076,979.727505298522,19.613609729834299,33.49435483165756,19.555555555555605,30.000000000000076,0.0,16.389258960229307,36.829422852820638,10.000000000000025,30.000000000000076,1275.086305433032,20.220824736288369,29.217914419230377,20.700000000000054,30.000000000000076,0.0,18.31965468771972,32.88446024754624,12.000000000000032,30.000000000000076,0.0,18.84088741262681,0.0,0.0,0.0,11.79084013662355,0.0,0.0,479.92332264019367,478.58250325977397,505.69124332711746,496.5019629869379,521.8576160135308,784.2594089095994,550.641148626501,581.056719532385,570.0551168224594,10652.148202283512,80.96137863337428,85.72865836095869,220.00000000000055,0.0,220.00000000000055,220.00000000000055,16.0,19.0,19.0,12.0,19.7,12.0,21.0,10.0,1.0,0.0,1864.336745818163,0.0,2601.4027979337085,0.0,979.727505298522,0.0,1275.086305433032,0.0,7214.50814204071,4328704.885224415,5659700.05615319,80.96137863337428,85.80962259701565,0.35381693806802408,0.766346292330908,0.36028137401966056,85.80962259701565,0.3542647819438884,5659700.05615319,0.3029944029199659 
 02/21  07:50:00,2.6583333333333338,88.16666666666667,5.869999999999999,23.666666666666666,157.99999999999998,0.0,0.0,1.0,2.0,0.0,0.0,0.0,0.0,0.0,4.0,740.0,0.0,43.50002948654774,18.6862333279196,47.88268500902319,1.3043640075104018,34.71731053875159,0.0,18.68623332791956,25.54549765144882,0.0,0.0,19.663548714065884,-1467.1430234978676,18.664920760260708,521.8236021448022,20.505594329852458,-1851.1785632040247,19.21109847884739,640.3378167097524,14.464374948474213,8.765005631965814,18.499815626284449,-151.8269551076112,15.416466316224965,-103.51038937698232,18.157827530580759,-463.38771700669448,16.84083596538341,-580.831828102019,1712.4611687020757,2358.203539511982,0.0,0.0,0.0,0.0,0.0,0.0,0.0,0.0,0.0,0.0,0.0,0.0,0.0,0.0,0.0,0.0,0.0,0.0,0.0,0.0,0.0,0.0,2.056096665937697,0.6276241349016171,362.75564967637436,423.75184719213498,12906.891861651762,0.44338734129276127,0.06767206063686833,293.32532764590158,343.69311273596477,9908.635930668725,1.3780322518775617,0.26039914056643279,331.6206190368357,386.1813306712712,12398.434254462387,0.35314569528636999,0.06673199079485448,311.4495492144651,364.0374894274071,10987.788496998419,0.0,0.0,14.807559126380422,17.668579807069244,352.25614475728158,0.0,0.0,18.83404507786785,22.084491862637657,622.0182377488147,0.0,0.0,289.416559101072,344.52328140993316,7262.117697526826,0.0,0.0,58.53061345048772,68.39221572923543,2053.7493677370787,0.0,0.0,192.3379288596353,227.57899363602457,5475.788294922518,46.356205517791547,31.794379641832344,592.9434421225726,697.2913327488063,20350.922297947465,0.0,0.0,216.8859602461546,260.3873120399335,4426.106745238011,1862.2720656894558,20.654835188589204,27.663024908145176,22.0,30.0,0.0,19.76341806003413,29.19732534178362,16.0,30.0,2193.8788167495679,21.633522628886575,26.627020273842,21.6,30.0,0.0,20.55750114699702,28.265462059153337,19.0,30.0,0.0,14.484869323918103,41.33347102945547,12.000000000000002,30.0,0.0,19.364973141858504,34.60536365632023,19.0,30.0,0.0,15.166307815292904,39.907218181592678,10.0,30.0,1250.5888336538345,20.477630339453385,29.286025757119405,20.7,30.0,0.0,16.917473703974048,35.670720419320549,12.000000000000002,30.0,0.0,18.7335440914298,0.0,0.0,0.0,12.707655852665571,0.0,0.0,495.3279964283319,494.7169741836989,523.5855161922826,515.9406544721495,543.0466684009157,811.4359754218408,552.5380285657387,597.4395372019432,554.0528771052539,9884.064062431999,81.46924681098955,84.47055885573285,220.0,0.0,220.0,220.0,16.0,19.0,19.0,12.0,19.7,12.0,21.0,10.0,1.0,0.0,1862.2720656894558,0.0,2193.8788167495679,0.0,0.0,0.0,1250.5888336538345,0.0,4541.7306014055889,2725038.3608433536,3533183.239491161,81.46924681098955,84.52153109792477,0.35539102004685299,0.7688300291244282,0.36028137401965956,84.52153109792477,0.35426478194388757,3533183.239491161,0.19228108400909595 
 02/21  08:00:00,2.72,88.0,5.97,30.0,237.0,0.0,0.0,1.0,2.0,0.0,0.0,0.0,0.0,0.0,4.0,888.0,0.0,62.154001763379309,20.744679482921528,53.15746986724352,1.863712920713565,49.605049883205918,0.0,20.744679482921489,28.359549605925304,0.0,0.0,19.635566928067868,-1491.6457889367028,18.603507708641837,537.6565149154666,20.588195685948145,-2096.2563908428735,19.218210736483799,697.9996206586716,14.42963123796248,6.965891879064903,18.618819397522594,-166.22884890972746,15.448914465810863,-18.57234488108889,18.24393029760976,-519.5838684687512,16.38582552817606,-289.82216621151476,1706.5673357837332,1923.8407865569457,0.0,0.0,0.0,0.0,0.0,0.0,0.0,0.0,0.0,0.0,0.0,0.0,0.0,0.0,0.0,0.0,0.0,0.0,0.0,0.0,0.0,0.0,2.0789849455311675,0.6346107892341774,370.03321442229756,432.48505189136207,13052.159447361166,0.45007062167822167,0.06869209732573582,299.98956984601196,351.7388091040135,10019.229095619618,1.285469153085684,0.2429080032285871,352.9165007051859,410.90101581800419,13177.274178054147,0.34559990782947677,0.06530610503202497,331.8020209280139,387.8794574663267,11633.075837338672,0.0,0.0,14.292887316320235,17.06027933823336,337.039939175723,0.0,0.0,18.82507308334018,22.0481745444298,633.4727465388951,0.0,0.0,239.75240411016137,285.34778851084129,6052.049784681772,0.0,0.0,63.30594981713391,74.0034626892075,2211.5542796457796,0.0,0.0,140.72729451406844,166.93241811417654,3819.568872955265,46.62353758630975,31.977734970034093,619.4560840161577,728.6350692998636,21068.094644119625,0.0,0.0,165.50397049129743,199.1350351237032,3184.8355468235288,1886.3420708597553,20.553470262295219,28.14508614121665,21.999999999999969,29.999999999999959,0.0,19.62147490130519,29.77297761474935,15.999999999999977,29.999999999999959,2472.0482979307596,21.678329816265348,26.819773069872828,21.666666666666637,29.999999999999959,0.0,20.5157891544307,28.702040327996078,18.99999999999997,29.999999999999959,0.0,14.44018299145076,41.71104175287378,11.999999999999983,29.999999999999959,981.0902049530823,19.761337399606707,34.03204889376175,19.49999999999997,29.999999999999959,0.0,15.309377380800694,39.68142659313693,9.999999999999986,29.999999999999959,1263.3386566128543,20.457107499257405,29.379751701802645,20.69999999999997,29.999999999999959,0.0,16.28912027960673,37.20017934572784,11.999999999999983,29.999999999999959,0.0,18.694462437587356,0.0,0.0,0.0,12.162937563870113,0.0,0.0,510.28736357668097,509.5184297779771,537.8269793261453,533.8221978401992,549.7438315912199,824.9660138319644,551.0435463851225,592.7735880339228,551.0321321357051,10624.331995803983,80.9797387426129,84.73427564598475,219.99999999999972,0.0,219.99999999999972,219.99999999999972,16.0,19.0,19.0,12.0,19.7,12.0,21.0,10.0,1.0,0.0,1886.3420708597553,0.0,2472.0482979307596,0.0,981.0902049530823,0.0,1263.3386566128543,0.0,5681.590324630442,3408954.194778271,4428565.114824329,80.9797387426129,84.79804014681113,0.3593863441543479,0.7694204316048166,0.360281374019659,84.79804014681113,0.354264781943887,4428565.114824329,0.23870649708197617 
 02/21  08:10:00,2.95,87.33333333333334,5.97,36.333333333333339,316.00000000000008,0.0,4.0,0.0,0.0,0.0,0.0,0.0,0.0,0.0,0.0,1184.0,0.0,77.47029214872268,20.813510283058326,53.33400317669391,2.3229869879413389,61.829063578407,0.0,20.81351028305829,28.453646528102497,0.0,0.0,19.937428581620958,-1097.0287495610724,18.670646244464778,846.3430950196821,20.51216690430784,-1963.0301595304177,19.129046419979006,-38.98347347685858,14.407257416336,21.907982924021277,18.032991536976359,-491.1041040403639,16.120156331232768,706.9740937806112,17.522587078286713,-232.75460948753264,16.04560595112607,-787.3649791591899,1421.2562338518918,1680.5140377060259,0.0,0.0,0.0,0.0,0.0,0.0,0.0,0.0,0.0,0.0,0.0,0.0,0.0,0.0,0.0,0.0,0.0,0.0,0.0,0.0,0.0,0.0,1.8870001086850983,0.5760073591834853,455.7980880477084,531.8498385252801,16260.697566927542,0.46096712879202519,0.07035517838706122,377.3437875903387,442.2839350871879,12502.054160945081,1.450557848901618,0.27410390190884706,274.4230723029031,319.5644269892217,10105.193083122369,0.3978916491109489,0.07518738645331609,28.325924556010049,33.13106194039078,973.4457362209123,0.0,0.0,14.070208281632493,16.799415930252473,324.71666430935178,0.0,0.0,99.22480463676448,116.71561015856,3108.591539344308,0.0,0.0,284.079714122905,336.4199964755624,7788.473789484914,0.0,0.0,46.075046948525699,54.12210890368998,1481.681789666288,0.0,0.0,135.43685120145129,160.87962842946144,3446.6950444531109,46.39573908621477,31.82149457216378,395.44942029392038,466.3914952593104,13110.87955036994,0.0,0.0,144.7077560215804,174.16653651171615,2636.9688296512169,1856.6969973353405,21.034028481126034,27.581213097148756,22.0,30.0,0.0,19.722279403238124,29.900392260800076,16.0,30.0,2525.328198968808,21.585289310761867,26.59946144277002,21.625,30.0,0.0,20.17910696333002,32.017599307228767,19.0,30.0,0.0,14.419670016416627,42.220514072282117,12.0,30.0,0.0,18.69483101714002,33.505370120614248,16.0,30.0,0.0,16.685836010786919,37.225874953279447,10.0,30.0,0.0,19.09343647942708,31.878827961430419,16.0,30.0,0.0,15.786198426496674,39.016208827165097,12.0,30.0,0.0,17.900018559561617,0.0,0.0,0.0,11.721993861612438,0.0,0.0,522.2983601016955,523.3955321307052,516.6508970732213,692.1405090919972,564.4504646989541,641.0605370860906,590.5180421566074,584.4976368380623,575.4667903561837,9761.906205171132,81.55012970794374,84.15132391442075,132.0,0.0,132.0,132.0,16.0,19.0,16.0,12.0,16.0,12.0,21.0,10.0,1.0,0.0,1856.6969973353405,0.0,2525.328198968808,0.0,0.0,0.0,0.0,0.0,3936.610689454368,2361966.413672621,3071691.5549278578,81.55012970794374,84.19550082741887,0.34372035631514566,0.7682441287781197,0.36028137401965956,84.19550082741887,0.3542647819438875,3071691.5549278578,0.1646999608562486 
 02/21  08:20:00,3.18,86.66666666666667,5.970000000000001,42.66666666666667,395.0,0.0,4.0,0.0,0.0,0.0,0.0,0.0,0.0,0.0,0.0,592.0,0.0,97.4367258641974,22.889701794406777,58.65431032410692,2.9216968036203965,77.7643448198638,0.0,22.889701794406766,31.291957730064568,0.0,0.0,19.980323861142357,-1375.4342910247056,18.816882470536059,660.5770548676946,20.515966666491079,-1611.7665209979867,18.903020821890629,-66.03502360525292,14.4084554872652,34.87119986044411,17.472177127377038,-155.42615341089437,16.426967163741748,98.33339456261638,16.62334020307723,-73.13189392866605,15.323731357579869,-844.8843718744441,1419.604112170196,2063.7513773587736,0.0,0.0,0.0,0.0,0.0,0.0,0.0,0.0,0.0,0.0,0.0,0.0,0.0,0.0,0.0,0.0,0.0,0.0,0.0,0.0,0.0,0.0,1.8683173001558096,0.5703044261769871,435.6686376352909,508.1971003205265,15358.449949457423,0.4401456713084859,0.06717730026075793,344.85620486656856,403.8398610324326,11392.25335475983,1.521727056761357,0.28755235388536617,220.186072629256,256.272380498176,8001.506514163411,0.4191143526532921,0.07919772347945804,32.3694905545038,37.89103933137284,1070.5039753727127,0.0,0.0,12.841570049744855,15.32311134206277,290.9162842260048,0.0,0.0,70.73254037386117,83.41880861569604,2063.2758111165428,0.0,0.0,336.9292329519526,398.3881364812934,9289.963505689544,0.0,0.0,31.0192291035296,36.618417937339909,890.3938329542593,0.0,0.0,225.20799607037393,268.47245091584088,5175.017079959081,46.13151216924281,31.640268977532803,368.8688756072647,434.904127418737,12130.19691609881,0.0,0.0,230.6922751742224,276.7808726416319,4485.046765682977,1861.8830070544278,21.057926648151058,27.641486077253548,22.0,30.0,0.0,19.91239197525068,29.63293649205522,16.0,30.0,2157.421165282806,21.467489469370105,26.97150989745998,21.5,30.0,0.0,19.738368026889238,34.89119687444255,19.0,30.0,0.0,14.43860319340002,42.4689453691917,12.0,30.0,0.0,17.8391732401651,34.44117092567371,16.0,30.0,0.0,17.028833322780569,36.04077021668382,10.0,30.0,0.0,17.55747998975088,34.983079776776779,16.0,30.0,0.0,14.639508144085866,42.141588778922869,12.0,30.0,0.0,17.890040752125949,0.0,0.0,0.0,12.706021593482135,0.0,0.0,526.549975511193,526.556681078234,525.8709410382339,818.836884386256,572.7616448944003,582.2196966731116,567.5151200168866,577.8196056602127,578.2091048057253,10469.254289905006,81.08221357842393,84.87885989067545,132.0,0.0,132.0,132.0,16.0,19.0,16.0,12.0,16.0,12.0,21.0,10.0,1.0,0.0,1861.8830070544278,0.0,2157.421165282806,0.0,0.0,0.0,0.0,0.0,5745.177367454116,3447106.42047247,4478981.316371687,81.08221357842393,84.94333954905825,0.36150591224847058,0.7691841976391695,0.36028137401965956,84.94333954905825,0.3542647819438875,4478981.316371687,0.2378496951179944 
 02/21  08:30:00,3.41,86.0,5.97,49.0,474.0,0.0,4.0,0.0,0.0,0.0,0.0,0.0,0.0,0.0,0.0,444.0,0.0,129.62568331466586,26.99514158105549,69.1744759110241,3.8868960538366759,103.45432474772322,0.0,26.995141581055476,36.90440517132081,0.0,0.0,19.929352642917995,-1436.9219074317785,18.85731999100811,600.4963796233706,20.46933787980159,-1340.2937415694137,18.741782436669824,-79.68542681225992,14.413434758084986,35.08795630342205,17.158293540053454,-109.15952339136548,16.190719910966896,67.61710034233508,16.076510787346846,-38.84514067159927,14.971604163001924,-587.2273084829135,1394.1190159369904,2004.0911900622653,0.0,0.0,0.0,0.0,0.0,0.0,0.0,0.0,0.0,0.0,0.0,0.0,0.0,0.0,0.0,0.0,0.0,0.0,0.0,0.0,0.0,0.0,1.7967510367100848,0.5484588024145556,420.5429285237381,490.6340165010838,14547.225638513562,0.4191998524112099,0.06398044145470236,328.3931925610091,384.4780452849354,10707.498182212277,1.532686409113011,0.28962328214531576,194.75009201114154,226.78937954716629,6942.230064695454,0.4346794063927281,0.08213896568267722,36.65731154338772,42.94736330626624,1173.482698474018,0.0,0.0,12.463755702954483,14.866221890962447,277.0926160452059,0.0,0.0,63.53142355129809,75.01986110483449,1765.178818624786,0.0,0.0,356.0375039873287,421.53818080523629,9366.35574108843,0.0,0.0,23.380784408113749,27.6785474195475,619.1560204761937,0.0,0.0,247.3709992560776,295.3021147625607,5377.609965308093,45.807953496736448,31.418349449064779,356.94308171515208,420.7453276412452,11600.54728217807,0.0,0.0,252.00198104110394,302.2321719059374,4833.790845252453,1808.5013761432386,20.957643478177454,28.003026039337838,21.999999999999994,29.99999999999999,0.0,19.920732150368545,29.765314912420807,15.999999999999993,29.99999999999999,1879.2059225721224,21.374921870470016,27.32698128709867,21.333333333333326,29.99999999999999,0.0,19.43011307461879,35.69196659271424,18.999999999999994,29.99999999999999,0.0,14.45822973416438,42.45669491727457,11.999999999999995,29.99999999999999,0.0,17.360250391515977,35.3076186980168,15.999999999999993,29.99999999999999,0.0,16.583495752528429,37.019376006957909,9.999999999999997,29.99999999999999,0.0,16.656201766791069,36.95996284397731,15.999999999999993,29.99999999999999,0.0,14.203090397882022,43.223304963893799,11.999999999999995,29.99999999999999,0.0,17.90538414767536,0.0,0.0,0.0,12.873285871493906,0.0,0.0,536.2876921648345,532.9721231497751,536.7936175178561,837.9780769386048,570.5282461558538,568.4211750782923,561.4608174265691,571.9217289611321,569.4019026948246,9199.513997724247,81.92177621450036,84.55284437587916,131.99999999999995,0.0,131.99999999999995,131.99999999999995,16.0,19.0,16.0,12.0,16.0,12.0,21.0,10.0,1.0,0.0,1808.5013761432386,0.0,1879.2059225721224,0.0,0.0,0.0,0.0,0.0,3981.2637094503345,2388758.2256702019,3107672.7561419436,81.92177621450036,84.59752864780625,0.3593754569816777,0.7674204475610029,0.36028137401965945,84.59752864780625,0.35426478194388735,3107672.7561419436,0.16651231665271438 
 02/21  08:40:00,3.6399999999999999,85.33333333333334,5.97,53.0,497.8333333333333,0.0,0.0,1.0,2.0,0.0,0.0,0.0,0.0,0.0,0.0,1332.0,0.0,168.10868746303323,29.5912168552685,75.8269084720719,5.040808535209258,134.16739980154305,0.0,29.591216855268486,40.453436891978267,0.0,0.0,20.066477078749644,-1366.7320679555715,18.885934917111258,743.3000140872196,20.587632551210495,-3153.0374461187495,18.924235035883805,1021.0787902562058,14.410463814799116,31.059265749000259,18.08620091441228,-141.22122342004605,16.04062389528216,45.41893778935457,16.825352016439124,-161.92814077384433,14.797401128891739,-512.7936188058899,1531.8133586293214,1888.849911492461,0.0,0.0,0.0,0.0,0.0,0.0,0.0,0.0,0.0,0.0,0.0,0.0,0.0,0.0,0.0,0.0,0.0,0.0,0.0,0.0,0.0,0.0,1.7266553241087519,0.5270620647462626,449.45497304395908,524.2898855450707,15479.056446702074,0.42025466681695158,0.06414143266437006,356.96171114131905,418.108546857802,11463.173383223844,1.5216542478541806,0.28753859558847036,568.8331967089586,662.619453604483,19981.09316834966,0.4157063882879568,0.07855373928343872,411.25105845785409,481.7293269509134,13194.5348722917,0.0,0.0,13.490635871388989,16.102439752135447,293.71363441654588,0.0,0.0,21.374320396882554,25.142894631817286,636.0592147138427,0.0,0.0,311.28245762176689,369.16383913447228,7889.754025881824,0.0,0.0,34.73948996507511,40.93975953048179,991.2132596501208,0.0,0.0,249.04299340178404,297.7001163782126,5215.973583618106,45.7118856796668,31.352459313900494,759.9403830789345,893.3913643842508,24199.01254937776,0.0,0.0,254.32496713358959,305.2374876836699,4761.978029071895,1903.5106324493459,21.113148667163207,28.404269656488247,22.000000000000055,30.000000000000076,0.0,19.91001837190816,30.477368811914894,16.00000000000004,30.000000000000076,3542.946801247632,21.49422685775916,27.81118258534368,21.77777777777783,30.000000000000076,0.0,19.898724537950494,30.72485247481601,16.00000000000004,30.000000000000076,0.0,14.460331016847557,42.49412410303484,12.000000000000032,30.000000000000076,1843.42837725371,18.634333974995177,33.552817899358078,20.00000000000005,30.000000000000076,0.0,16.321892367764695,37.91326154622571,10.000000000000025,30.000000000000076,1381.194848811012,17.85140336910478,34.837705723908538,20.700000000000054,30.000000000000076,0.0,14.033331757913434,43.78398223467654,12.000000000000032,30.000000000000076,0.0,18.828354169594605,0.0,0.0,0.0,12.877079926495913,0.0,0.0,577.7852256268602,572.4901742066534,580.5937324081569,585.0382204472318,568.2397256503242,641.631241422392,569.318640263069,613.4067353676886,568.2136471772496,10609.040637316306,80.98988679868956,87.2283382264442,60.00000000000015,0.0,60.00000000000015,60.00000000000015,16.0,16.0,19.0,12.0,19.7,12.0,21.0,10.0,1.0,0.0,1903.5106324493459,0.0,3542.946801247632,0.0,1843.42837725371,0.0,1381.194848811012,0.0,9441.067418340224,5664640.45100412,7413284.001142999,80.98988679868956,87.33428784192492,0.3524800250557853,0.7639354038264837,0.36028137401966056,87.33428784192492,0.3542647819438884,7413284.001142999,0.3877107680594359 
 02/21  08:50:00,3.8699999999999998,84.66666666666666,5.97,57.0,521.6666666666667,0.0,0.0,1.0,2.0,0.0,0.0,0.0,0.0,0.0,0.0,592.0,0.0,220.18566287254695,32.20208819342474,82.51726003912406,6.602329808817331,175.72968039293077,0.0,32.20208819342473,44.02269595380605,0.0,0.0,20.257550224370165,-1281.2498176098762,19.067172708097574,795.8144879499059,20.864247730739597,-3414.823639672013,19.30913899294427,782.6361273616371,14.407460851937664,31.29831951085218,18.74137058116251,-200.48014810852914,15.97775896313938,68.99540232192021,17.726257935401934,-357.6682066013293,14.690897995382727,-390.532374682698,1654.297136831672,1913.6562891875802,0.0,0.0,0.0,0.0,0.0,0.0,0.0,0.0,0.0,0.0,0.0,0.0,0.0,0.0,0.0,0.0,0.0,0.0,0.0,0.0,0.0,0.0,1.726769632763617,0.5270969574980516,460.5810410635812,536.4620336833829,15913.989421969794,0.42942899457256647,0.06554166583830379,371.82558774523445,434.96783329220218,11931.82273561493,1.468198249254498,0.277437310894652,586.1040893974481,681.4832945283314,20781.690863457545,0.3960991311840154,0.07484866424490086,394.6754251509191,461.1927391323525,12915.15407763764,0.0,0.0,13.774754218864452,16.43328502352393,293.5857479424907,0.0,0.0,22.19439694941402,25.98607756287869,698.5249322752429,0.0,0.0,310.51394487944688,368.19253391898379,7667.649222191751,0.0,0.0,50.69819702250379,59.42951739881424,1561.1730698612535,0.0,0.0,255.65823497285454,305.52959578166459,5199.954324187542,45.66131869783955,31.317776884663624,756.8086560896974,888.5962417361169,24112.147246904187,0.0,0.0,262.7085624153224,314.7924725430138,4957.1823045717069,1829.2209053912043,21.421646873930059,27.85741224593168,22.0,30.0,0.0,20.141383107814865,30.169862969485764,16.0,30.0,4042.824313103812,21.937391962491867,27.00292331380774,22.0,30.0,0.0,20.488492315530644,29.516539460717384,16.0,30.0,0.0,14.46133401609488,42.653292426597648,12.0,30.0,592.5258704565268,19.813157872945348,32.669066661221247,19.5,30.0,0.0,16.21958686422107,38.317613509140688,10.0,30.0,1272.1710105008634,19.41265814546213,32.01790755295996,20.7,30.0,0.0,13.958665998008753,44.29949629575282,12.0,30.0,0.0,19.07952643683035,0.0,0.0,0.0,13.188248982074195,0.0,0.0,574.4463307125922,578.023770384279,573.8767022622726,575.7188510048552,570.5624309149672,734.662806361672,575.1915188378241,629.1666237185975,579.3110871010132,11025.413123628787,80.71441704968398,86.31300562731212,60.0,0.0,60.0,60.0,16.0,16.0,19.0,12.0,19.7,12.0,21.0,10.0,1.0,0.0,1829.2209053912043,0.0,4042.824313103812,0.0,592.5258704565268,0.0,1272.1710105008634,0.0,8472.114919633887,5083268.951780332,6637564.402835907,80.71441704968398,86.40808824739881,0.3674038306544629,0.764728815265699,0.36028137401965956,86.40808824739881,0.3542647819438875,6637564.402835907,0.34734001561413388 
 02/21  09:00:00,4.1,84.0,5.97,61.0,545.5,0.0,0.0,1.0,2.0,0.0,0.0,0.0,0.0,0.0,0.0,592.0,0.0,286.079950360418,34.82543958416563,89.2395954699708,8.578156559268763,228.31941156466628,0.0,34.82543958416561,47.609016193689168,0.0,0.0,20.204255987874839,-1349.2991338872235,19.18106977222883,556.9538260031754,20.807393159996779,-1966.823647961802,19.31733040257239,462.63155831374686,14.408279524939545,31.56375387932863,18.701414943267513,-176.72572752593886,15.965089965424676,66.36447761971522,18.146767543709474,-483.3490408758799,14.700890393663923,-270.9254627599264,1567.9557801760639,1903.1971801989126,0.0,0.0,0.0,0.0,0.0,0.0,0.0,0.0,0.0,0.0,0.0,0.0,0.0,0.0,0.0,0.0,0.0,0.0,0.0,0.0,0.0,0.0,1.7164107232059137,0.5239348971935023,435.77477056364878,507.9503790977342,14717.959888746407,0.38860314362559469,0.05931061410647049,303.4047125259158,354.8678354589622,9631.04550902286,1.5031224246579436,0.28403673935335307,420.24665706753879,488.8782668834981,14458.420130374236,0.36496079944995177,0.06896462574640054,303.70062866363778,354.810415784935,9754.001361656043,0.0,0.0,13.387807797119184,15.971595936570596,279.3007075451029,0.0,0.0,21.037481124199997,24.654519609946097,640.6860007069107,0.0,0.0,302.8621201791989,359.1377288275182,7329.86743332524,0.0,0.0,61.12448629753155,71.52605381128748,1920.4228119493712,0.0,0.0,253.57230533610466,302.91570139077597,5094.8626726206889,45.27602213654797,31.053513125204384,598.1510159804466,702.3011630498872,18955.777767359777,0.0,0.0,261.44435036560227,312.9740340445212,4953.038718151359,1869.8107444754658,21.281367300688353,28.023504541310577,22.0,30.0,0.0,20.197069174160654,30.014903302741418,16.0,30.0,2429.0615115774319,21.627571000712675,27.44177887185146,21.5,30.0,0.0,20.382417787545,29.63078323037238,16.0,30.0,0.0,14.467028065585767,42.86028102826732,12.0,30.0,829.1096970491001,19.511373080901075,34.30662336720415,19.25,30.0,0.0,16.202338986886564,38.62926822483696,10.0,30.0,1285.235515106456,20.023447460982227,31.032831789864475,20.7,30.0,0.0,14.07008862984023,44.4395500036626,12.0,30.0,0.0,18.997178853064609,0.0,0.0,0.0,13.465768332099998,0.0,0.0,563.0223640882632,569.0376403389023,561.5105900262068,565.2757126049722,576.5328431802449,785.2291981809834,583.5168980867516,628.3903379393852,593.819128381959,10928.529211064257,80.77857427525615,87.87940433249014,60.0,0.0,60.0,60.0,16.0,16.0,19.0,12.0,19.7,12.0,21.0,10.0,1.0,0.0,1869.8107444754658,0.0,2429.0615115774319,0.0,829.1096970491001,0.0,1285.235515106456,0.0,10746.026014971903,6447615.608983142,8439117.194483147,80.77857427525615,88.0,0.3582008671657301,0.7640689400038385,0.36028137401965956,88.0,0.3542647819438875,8439117.194483147,0.4409874274464571 
 02/21  09:10:00,4.366666666666666,82.33333333333333,6.158333333333333,65.0,569.3333333333334,0.0,0.0,0.0,0.0,0.0,0.0,0.0,0.0,0.0,0.0,1184.0,0.0,365.3419212348564,37.45856629384932,95.98698352157797,10.954806831543989,291.57774882366268,0.0,37.4585662938493,51.2087000356805,0.0,0.0,19.5576316901643,-437.26186298413907,19.129358233515377,137.99402453735665,19.91639799578337,-979.1593852177126,19.20728847320638,-39.24567475629312,14.414837045129416,35.82780680601327,18.42673421726742,-597.6193225477078,16.09129982527528,174.54098023842995,17.54600731992408,-293.43804535934859,14.720963071639734,-247.59323600627637,1044.2826563374707,1792.3348021099128,0.0,0.0,0.0,0.0,0.0,0.0,0.0,0.0,0.0,0.0,0.0,0.0,0.0,0.0,0.0,0.0,0.0,0.0,0.0,0.0,0.0,0.0,1.63471015836855,0.4989957748377747,245.59693337415485,287.46546569232677,7796.038209608849,0.338836341676878,0.05171494836338187,158.85813196618765,186.24513368936852,4925.863991412247,1.505095173708178,0.2844095188413035,252.76949682026058,295.7066074894358,8125.156486827922,0.3157455735377711,0.0596646964357088,149.69857548748935,175.36792110650243,4705.632679044187,0.0,0.0,13.514578058899769,16.131226982645847,275.04896458229538,0.0,0.0,105.82106139330598,124.3172041867068,3076.6802087520857,0.0,0.0,387.22576239986378,458.9702375422046,9359.01546037165,0.0,0.0,50.89379670014283,59.81927200504159,1470.7134017614135,0.0,0.0,255.25373181267819,304.9684976295059,5037.144818105981,45.130483128237347,30.95369213185004,299.1740157144394,352.7061806260044,9528.93269082164,0.0,0.0,262.7680579501849,314.58055451718186,4894.885434055401,0.0,20.18120515803822,30.006520770479147,22.0,30.0,0.0,19.95621420707391,30.431285510875769,16.0,30.0,0.0,20.339125445482936,29.634369430234707,22.0,30.0,0.0,20.125245480039575,30.09996310923794,16.0,30.0,0.0,14.480870954302875,43.16749502558921,12.0,30.0,0.0,19.01957697229997,33.39358898021418,16.0,30.0,0.0,16.462601785063869,38.56946900953403,10.0,30.0,0.0,18.89182697932521,33.08883936237293,12.0,30.0,0.0,14.16195894945328,44.58176710389799,12.0,30.0,0.0,17.495987277641043,0.0,0.0,0.0,13.576989374797649,0.0,0.0,558.4074285146807,561.9417734757819,548.5339899682606,559.8157466687457,588.5426299138709,650.3508730401292,611.225504587979,610.7963423581556,607.94459657825,0.0,80.35078578520525,80.35078578520525,60.0,0.0,60.0,60.0,16.0,16.0,16.0,12.0,12.0,12.0,21.0,10.0,0.0,0.0,0.0,0.0,0.0,0.0,0.0,0.0,0.0,0.0,0.0,0.0,0.0,80.35078578520525,80.35078578520525,0.0,0.0,0.0,80.35078578520525,0.0,0.0,0.00212 
 02/21  09:20:00,4.633333333333333,80.66666666666667,6.346666666666667,69.0,593.1666666666667,0.0,0.0,0.0,0.0,0.0,0.0,0.0,0.0,0.0,0.0,888.0,0.0,456.435715524515,40.0755758853939,102.69307574476055,13.686228594587992,364.2789385077798,0.0,40.07557588539388,54.78635055526032,0.0,0.0,18.86786894981255,-200.76156877639785,18.798390948463266,-223.2751349316421,19.18806508446928,-467.6816035767189,18.6903489252321,-234.7328363348818,14.420346059731152,26.946119283591128,17.852472096652137,-344.3857521790571,15.960895029474076,6.779117967363766,16.73721687132894,-126.8579169577389,14.717029399193619,-310.1007658156611,886.0274372134753,1525.5853954864575,0.0,0.0,0.0,0.0,0.0,0.0,0.0,0.0,0.0,0.0,0.0,0.0,0.0,0.0,0.0,0.0,0.0,0.0,0.0,0.0,0.0,0.0,1.519967934185139,0.46397067588068965,161.88342108205365,190.19659227177795,4687.247463386396,0.286357612664382,0.04370537433827564,79.14336636827903,92.99162896115132,2307.471954985701,1.4487582491436469,0.27376384148595,143.34233857039903,168.34076909745014,4167.958872098388,0.28292272985399449,0.05346234502154089,94.9830677164047,111.53946853949543,2742.2126358253879,0.0,0.0,11.851558240806729,14.143121572803109,235.06884938470959,0.0,0.0,88.90378762430318,104.80864730688205,2363.556266685625,0.0,0.0,351.81547864412087,417.3307012406545,8145.103354386657,0.0,0.0,36.592563729863389,43.22550973489289,935.9860318998653,0.0,0.0,233.74609725056258,279.22205826097987,4501.237703508961,44.83036625200841,30.747850652955024,164.64280968776616,195.0575080525012,5025.766616550998,0.0,0.0,239.6421594042202,287.10665915445727,4228.673060653039,0.0,19.093025521092778,32.039254938823038,22.0,30.0,0.0,19.20841881925137,31.741322796331994,16.0,30.0,0.0,19.187483856622394,31.704327218401834,22.0,30.0,0.0,19.174023411071038,31.861827904707807,16.0,30.0,0.0,14.489023273955692,43.41301470252118,12.0,30.0,0.0,18.002220771341429,34.922841049760588,16.0,30.0,0.0,16.20561382831997,39.01278965555864,10.0,30.0,0.0,17.442052257228306,36.14923364124709,12.0,30.0,0.0,14.191032157742625,44.53666796348647,12.0,30.0,0.0,16.50352644405391,0.0,0.0,0.0,13.343830269704349,0.0,0.0,548.3934439209767,541.829348389987,530.6384779994497,546.6900008668589,597.0281258584926,605.3512706893655,596.2060033542069,603.4561330767912,605.6772873147262,0.0,80.35078578520526,80.35078578520526,60.0,0.0,60.0,60.0,16.0,16.0,16.0,12.0,12.0,12.0,21.0,10.0,0.0,0.0,0.0,0.0,0.0,0.0,0.0,0.0,0.0,0.0,0.0,0.0,0.0,80.35078578520526,80.35078578520526,0.0,0.0,0.0,80.35078578520526,0.0,0.0,0.0021033333333333335 
 02/21  09:30:00,4.9,79.0,6.535,73.0,617.0,0.0,0.0,0.0,0.0,0.0,0.0,0.0,0.0,0.0,0.0,592.0,0.0,559.2417738343444,42.72084168760984,109.47157574410915,16.76883684172334,446.3275607061893,0.0,42.72084168760982,58.40262945706555,0.0,0.0,18.402786080558479,-91.60344985684753,18.477915130412478,-410.79918809498039,18.71022928136305,-491.61314951343686,18.285680866842826,-167.4836454860557,14.41936835949284,20.42776618998421,17.561600870851643,-264.2257713621416,15.80724141199353,-14.895926577483352,16.259806708578325,-70.2864352605153,14.662529629750493,-330.7882322379901,787.9213447571871,1331.444972065316,0.0,0.0,0.0,0.0,0.0,0.0,0.0,0.0,0.0,0.0,0.0,0.0,0.0,0.0,0.0,0.0,0.0,0.0,0.0,0.0,0.0,0.0,1.4143325793717999,0.43172545157869349,187.36012059997973,220.45138697801486,5053.75343046844,0.2597216028244981,0.03964004927113829,85.60194541147311,100.6908260877122,2313.7081443227118,1.3526812938919007,0.255608710108069,140.85344590308049,165.66900679719189,3807.7060527194128,0.2641186915264039,0.04990904979712846,77.2133313928022,90.7879860064495,2075.876057334494,0.0,0.0,10.908193396155044,13.013652813497036,210.43154796339568,0.0,0.0,81.24637334825164,95.92255454326012,2036.9770015627346,0.0,0.0,328.30061606311497,389.6913274754445,7256.85731648179,0.0,0.0,28.331078296568344,33.54865552792118,665.868740978499,0.0,0.0,216.66744149646574,258.80206391023338,4030.921167781794,44.84554509659998,30.758261383127569,184.72697486825144,218.78726527344237,5245.559031955194,0.0,0.0,221.41120561912755,265.3549858500135,3711.163331660531,0.0,18.415199520535024,33.31595463109118,22.0,30.0,0.0,18.548246053347705,32.883943666870099,16.0,30.0,0.0,18.487756937272367,33.015845381312328,22.0,30.0,0.0,18.492905278657959,33.183228525242238,16.0,30.0,0.0,14.484132531879839,43.48479800856087,12.0,30.0,0.0,17.490385690705389,35.92699998145443,16.0,30.0,0.0,15.93839066495482,39.55979087655727,10.0,30.0,0.0,16.654827225061859,37.92094555799987,12.0,30.0,0.0,14.130189474991184,44.58706725306908,12.0,30.0,0.0,16.236834079141496,0.0,0.0,0.0,13.16967126007333,0.0,0.0,534.3919326605529,517.5341619563633,517.4190464464172,536.8252974641077,595.8207245017125,593.2452310845235,585.3487176242745,596.6744224463347,596.2475308758675,0.0,80.35078578520525,80.35078578520525,60.0,0.0,60.0,60.0,16.0,16.0,16.0,12.0,12.0,12.0,21.0,10.0,0.0,0.0,0.0,0.0,0.0,0.0,0.0,0.0,0.0,0.0,0.0,0.0,0.0,80.35078578520525,80.35078578520525,0.0,0.0,0.0,80.35078578520525,0.0,0.0,0.002086666666666667 
 02/21  09:40:00,5.166666666666666,77.33333333333333,6.723333333333333,74.0,634.1666666666667,0.0,0.0,0.0,0.0,0.0,0.0,0.0,0.0,0.0,0.0,444.0,0.0,660.7481978128278,44.05344541166407,112.88641879195423,19.81247122991322,527.3389046328541,0.0,44.05344541166405,60.224399778871198,0.0,0.0,18.054774041709643,-128.51559211291937,18.238392528445659,-383.8611436306654,18.333267334807667,-403.4856183852757,17.991930902167547,-189.13981474995235,14.416975966886806,16.39414477433903,17.40947805646593,-236.87582105657268,15.683553831256419,-21.350810778116906,15.950258844876501,-45.856981800007698,14.606905344615218,-326.4781832617073,700.3201937806865,1187.3945016154892,0.0,0.0,0.0,0.0,0.0,0.0,0.0,0.0,0.0,0.0,0.0,0.0,0.0,0.0,0.0,0.0,0.0,0.0,0.0,0.0,0.0,0.0,1.330306422566325,0.4060764415648126,214.70809325338827,252.89208393103696,5472.466379591183,0.24170303527809496,0.03688996264928192,107.58600267516232,126.69529574006973,2745.6846127936798,1.2585524776213788,0.23782170778937646,153.2201383519353,180.41847843475237,3890.959389433702,0.24690720418965562,0.04665669013409973,85.71183255103648,100.88996778170156,2178.7620184053814,0.0,0.0,10.341531442414713,12.334505537573156,193.84441680745733,0.0,0.0,78.23466600116736,92.4286728747414,1878.516679676497,0.0,0.0,313.27418826349676,372.0134046427323,6637.582173358257,0.0,0.0,23.84191142819293,28.269249762331368,526.182537130258,0.0,0.0,205.09771253666225,244.9661955972859,3681.1835985294658,45.01774848354445,30.87637070201955,220.39155134238258,260.86592636926397,5898.8568818126409,0.0,0.0,209.1755637093081,250.68696293525063,3362.3848753656368,0.0,17.928126436177679,34.22222063794855,22.000000000000019,30.00000000000002,0.0,18.06888586046275,33.76518990464568,16.000000000000015,30.00000000000002,0.0,17.988447256070609,33.97073892641224,22.000000000000019,30.00000000000002,0.0,18.02155338942537,34.10491371674704,16.000000000000015,30.00000000000002,0.0,14.477547080258328,43.47894413644628,12.00000000000001,30.00000000000002,0.0,17.213160935736299,36.456810752587717,16.000000000000015,30.00000000000002,0.0,15.738965876296615,39.95148621259645,10.000000000000007,30.00000000000002,0.0,16.193047971564974,38.96724230070348,12.00000000000001,30.00000000000002,0.0,14.068421457743469,44.647105283180717,12.00000000000001,30.00000000000002,0.0,16.044153722518698,0.0,0.0,0.0,13.095369382945773,0.0,0.0,520.3448439200273,503.8686563895988,507.14283181108496,528.9451306247621,590.8561343890286,583.2175121065372,575.1460589548769,589.1662506002776,587.1282787913644,0.0,80.35078578520532,80.35078578520532,60.00000000000004,0.0,60.00000000000004,60.00000000000004,16.0,16.0,16.0,12.0,12.0,12.0,21.0,10.0,0.0,0.0,0.0,0.0,0.0,0.0,0.0,0.0,0.0,0.0,0.0,0.0,0.0,80.35078578520532,80.35078578520532,0.0,0.0,0.0,80.35078578520532,0.0,0.0,0.0020700000000000004 
 02/21  09:50:00,5.433333333333334,75.66666666666667,6.911666666666667,75.0,651.3333333333333,0.0,0.0,0.0,0.0,0.0,0.0,0.0,0.0,0.0,0.0,444.0,0.0,768.3276836923246,45.380670119770517,116.28747853023147,23.038203198932885,613.1970920901174,0.0,45.38067011977049,62.03881657806744,0.0,0.0,17.767874519284925,-154.33622117615188,18.04793672873317,-377.3425368837575,17.958130892156214,-271.0837010702326,17.76282359303285,-207.42348544281684,14.414922459479996,11.936721185471252,17.336727299660376,-241.84676599151624,15.559813839421548,-35.57248493187038,15.735405654231715,-34.65650538904651,14.559084481873871,-328.2165371058427,777.3507278252895,1029.0490534493047,0.0,0.0,0.0,0.0,0.0,0.0,0.0,0.0,0.0,0.0,0.0,0.0,0.0,0.0,0.0,0.0,0.0,0.0,0.0,0.0,0.0,0.0,1.2338720106263937,0.37663980788351489,356.71964816515426,421.08847650373368,8641.1680953164,0.20822293064479759,0.03178005656971883,178.18283165446867,210.29825446882189,4329.144114284851,1.1795018649982066,0.22288395030200448,295.29548508500297,348.8880089252248,7081.843901579634,0.224803747739579,0.04247992209742614,151.19519251284567,178.5251026159986,3693.1675233673174,0.0,0.0,9.747518992831827,11.625785426550623,177.3868280479373,0.0,0.0,78.32432782078742,92.58765809652712,1815.5746579803795,0.0,0.0,296.3195166358249,352.1237634140066,6007.85011509255,0.0,0.0,20.12297076475994,23.88178991037951,421.8453986744205,0.0,0.0,190.79648276779205,227.9315158976337,3304.1374654883468,45.18667727115792,30.992234068009588,436.2224980162474,517.157283737528,10544.221673690497,0.0,0.0,194.18268912828828,232.79836322446188,2983.1253466735076,0.0,17.544099265979747,34.94699946520811,22.000000000000019,30.00000000000002,0.0,17.66200608303265,34.43407197522507,16.000000000000015,30.00000000000002,0.0,17.468013244543586,34.9737917948099,22.000000000000019,30.00000000000002,0.0,17.673879380821704,34.7347360594125,16.000000000000015,30.00000000000002,0.0,14.471801042127,43.405965851109879,12.00000000000001,30.00000000000002,0.0,17.05615964553721,36.642688273886189,16.000000000000015,30.00000000000002,0.0,15.542968962549388,40.262639895913228,10.000000000000007,30.00000000000002,0.0,15.901486086830964,39.562541434455138,12.00000000000001,30.00000000000002,0.0,14.019891465386639,44.5691058323937,12.00000000000001,30.00000000000002,0.0,16.33869584906586,0.0,0.0,0.0,13.007197515730154,0.0,0.0,509.1603920023018,484.98007099060569,496.0508080105627,516.993435622746,582.0802561050064,566.1688328218813,558.4114021549165,577.0802804932024,569.99744677144,0.0,80.35078578520532,80.35078578520532,60.00000000000004,0.0,60.00000000000004,60.00000000000004,16.0,16.0,16.0,12.0,12.0,12.0,21.0,10.0,0.0,0.0,0.0,0.0,0.0,0.0,0.0,0.0,0.0,0.0,0.0,0.0,0.0,80.35078578520532,80.35078578520532,0.0,0.0,0.0,80.35078578520532,0.0,0.0,0.0020700000000000004 
 02/21  10:00:00,5.7,74.0,7.1,76.0,668.5,0.0,0.0,0.0,0.0,0.0,0.0,0.0,0.0,0.0,0.0,296.0,0.0,880.6119559850542,46.70083318607754,119.67044285340416,26.405005659632776,702.8101168357225,0.0,46.70083318607751,63.84357957754724,0.0,0.0,17.62916620566161,-23.115892426357733,18.03389923434694,-328.5818924110506,17.844471186514537,-355.9554817588337,17.562165077600754,-148.91618132125724,14.41740040341734,11.730446023410935,17.311582856444656,-237.1317790379303,15.515265648780515,-9.853626993491162,15.560356911630699,-26.88825213340482,14.519477271164057,-302.01137453638605,684.182406117433,968.150564371897,0.0,0.0,0.0,0.0,0.0,0.0,0.0,0.0,0.0,0.0,0.0,0.0,0.0,0.0,0.0,0.0,0.0,0.0,0.0,0.0,0.0,0.0,1.180590799793299,0.36037570201260657,172.13571763003348,203.0155850436571,4052.79034700953,0.21447658842069945,0.03273452204223129,110.49945760129556,130.3291144860593,2613.7555855595576,1.137093318414435,0.2148702415749122,227.18949546803038,268.06917034848717,5308.524583074913,0.2258587871430131,0.04267928706406142,155.7709647569996,183.80447524847518,3627.5425762714787,0.0,0.0,9.855595382589689,11.748478565699405,174.15469247990053,0.0,0.0,77.80594384918749,91.95488969611792,1749.1542710676236,0.0,0.0,296.1533895363481,351.7776503977951,5826.03069906945,0.0,0.0,19.172612142357793,22.762076693816817,383.4494265916485,0.0,0.0,188.54524518342869,225.13818419096143,3152.107729965437,45.70867567340027,31.350257663511859,256.3633199529464,303.811157683576,6257.643911501377,0.0,0.0,191.80287129201614,229.7546540766915,2871.273482997862,0.0,17.452962307454635,35.046249676898927,22.0,30.0,0.0,17.57629249882476,34.608600678575559,16.0,30.0,0.0,17.41985847789357,35.084834564200999,22.0,30.0,0.0,17.384957170219786,35.25688326678487,16.0,30.0,0.0,14.474923501790867,43.28655321469231,12.0,30.0,0.0,16.966341138893733,36.75975107561971,16.0,30.0,0.0,15.506451793566873,40.27362870235247,10.0,30.0,0.0,15.673709408615326,40.0257826904816,12.0,30.0,0.0,13.986571335046467,44.572188593551839,12.0,30.0,0.0,16.037952811438406,0.0,0.0,0.0,13.08114026309607,0.0,0.0,500.28180247348669,485.9329790465782,498.43405266932896,506.2048291302515,572.1396885964773,557.4580537616695,551.1986629676419,566.8162977901519,562.6196526521817,0.0,80.35078578520525,80.35078578520525,60.0,0.0,60.0,60.0,16.0,16.0,16.0,12.0,12.0,12.0,21.0,10.0,0.0,0.0,0.0,0.0,0.0,0.0,0.0,0.0,0.0,0.0,0.0,0.0,0.0,80.35078578520525,80.35078578520525,0.0,0.0,0.0,80.35078578520525,0.0,0.0,0.00207 
 02/21  10:10:00,5.906666666666666,73.0,7.476666666666667,77.0,685.6666666666667,0.0,0.0,0.0,0.0,0.0,0.0,0.0,0.0,0.0,0.0,296.0,0.0,996.4336849406167,48.01178613325967,123.02980593102795,29.87787677402541,795.2463451809828,0.0,48.01178613325964,65.6357516459204,0.0,0.0,17.432341351627629,-178.85082716917624,18.017376638219078,-311.4726206330206,17.570928458110449,-216.8088237056263,17.45946283907915,-231.0114272782448,14.423834165025373,10.92292145717073,17.331119971698734,-242.97696347186344,15.470510349262633,-4.074674975061498,15.42840584872576,-19.921851547829705,14.512390699021854,-260.8919154183541,730.3639443151706,881.5756770603621,0.0,0.0,0.0,0.0,0.0,0.0,0.0,0.0,0.0,0.0,0.0,0.0,0.0,0.0,0.0,0.0,0.0,0.0,0.0,0.0,0.0,0.0,1.1333260310398912,0.3459481169230437,305.2053809652032,360.4839566805118,6896.306169340301,0.1940361998276966,0.02961480461350681,120.03444727658835,141.84557017822699,2746.5576640870579,1.1565434772242545,0.21854563061682825,364.46510569852389,430.501987734222,8139.603745698965,0.22088074122533558,0.041738613232300738,213.2212510878229,251.73296599264024,4821.210202857041,0.0,0.0,9.742421978974463,11.612478417263816,168.2940930480621,0.0,0.0,78.25233057810127,92.48923012073039,1723.2096343739893,0.0,0.0,290.31393479138469,344.90229120411188,5562.957392409775,0.0,0.0,15.75283720985216,18.708542965620738,303.72269946099177,0.0,0.0,181.5098612727789,216.72928147893578,2967.962629634867,47.262315472868227,32.41585423379166,438.88610124757698,520.2880246786544,9930.243378424428,0.0,0.0,184.526653159074,221.0160601590452,2700.9016769770526,0.0,17.193020242957208,35.52078830276905,22.0,30.0,0.0,17.456267610636453,34.75685089415495,16.0,30.0,0.0,17.05903171379945,35.78890740511313,22.0,30.0,0.0,17.26620746390516,35.43606603716485,16.0,30.0,0.0,14.484524336659021,43.138044202967197,12.0,30.0,0.0,16.941416052624399,36.67735705638168,16.0,30.0,0.0,15.456362789847658,40.23590540839611,10.0,30.0,0.0,15.51951789187307,40.30976746899769,12.0,30.0,0.0,14.01207547302769,44.310234010708459,12.0,30.0,0.0,16.134666428114764,0.0,0.0,0.0,13.123540590273248,0.0,0.0,492.7989249254106,478.233877624936,490.28100223240656,499.7568170017456,562.0421867305017,544.7593887053415,537.6893649178118,557.2697857907753,548.2179228973735,0.0,80.35078578520525,80.35078578520525,60.0,0.0,60.0,60.0,16.0,16.0,16.0,12.0,12.0,12.0,21.0,10.0,0.0,0.0,0.0,0.0,0.0,0.0,0.0,0.0,0.0,0.0,0.0,0.0,0.0,80.35078578520525,80.35078578520525,0.0,0.0,0.0,80.35078578520525,0.0,0.0,0.00207 
 02/21  10:20:00,6.113333333333334,72.0,7.8533333333333339,78.0,702.8333333333333,0.0,0.0,0.0,0.0,0.0,0.0,0.0,0.0,0.0,0.0,296.0,0.0,1114.8450422477609,49.31103754348906,126.35918316154354,33.42839633843013,889.7493250926958,0.0,49.311037543489039,67.41192682613002,0.0,0.0,17.237263817585754,-20.951485611710724,18.097626263092388,-483.6289174856397,17.514728389914639,-373.8903472273041,17.275024112532223,-130.90573799566165,14.433477064987784,10.348569400662968,17.376270500374838,-241.9964383619954,15.445411677524536,-22.8592772230877,15.317327516397406,-14.76233507066874,14.514429399254642,-247.7549737670265,700.2947480973007,827.8092384296429,0.0,0.0,0.0,0.0,0.0,0.0,0.0,0.0,0.0,0.0,0.0,0.0,0.0,0.0,0.0,0.0,0.0,0.0,0.0,0.0,0.0,0.0,1.122396958460735,0.3426120141821535,353.80837415456548,417.7909208457331,7748.170533670723,0.16841177337689362,0.025703872615521,170.85332067809839,201.40635237149298,3819.9859215638418,1.1028607892621985,0.2084015096867345,328.7587545482569,388.4062340643087,7198.286715063119,0.2195000578781794,0.041477713128907658,174.35436231616564,206.01235948469739,3790.3427843072156,0.0,0.0,9.516527802066247,11.3445532062637,160.69887998377363,0.0,0.0,79.46793333826827,93.92926879111144,1717.7232957383413,0.0,0.0,284.2773210806086,337.76211876650089,5323.233663078401,0.0,0.0,13.729829402302889,16.31564160607352,255.80164483768949,0.0,0.0,177.38627457749727,211.77062866743368,2838.545710440286,48.792613459427148,33.46544133019695,454.2477701381997,538.3579513257694,9958.492626602867,0.0,0.0,180.60863114487274,216.2515202500402,2597.0532625457728,0.0,16.97525816201395,35.92883056868734,22.0,30.0,0.0,17.49860608260999,34.59971024903534,16.0,30.0,0.0,17.08238152026377,35.62375332233391,22.0,30.0,0.0,17.006983430877058,35.91703852057236,16.0,30.0,0.0,14.498943415196458,42.954352122472958,12.0,30.0,0.0,16.94468853668995,36.51860604254887,16.0,30.0,0.0,15.443873290948787,40.12161027953988,10.0,30.0,0.0,15.395507317789939,40.49768666403183,12.0,30.0,0.0,14.045898744560667,44.042875409361737,12.0,30.0,0.0,15.987866712823422,0.0,0.0,0.0,13.204474128453093,0.0,0.0,486.25210492824456,473.3388838971821,481.6699138306702,491.6980247326644,550.7017325359859,531.5847954235146,526.2538073407335,546.379613379124,535.8218081484175,0.0,80.35078578520525,80.35078578520525,60.0,0.0,60.0,60.0,16.0,16.0,16.0,12.0,12.0,12.0,21.0,10.0,0.0,0.0,0.0,0.0,0.0,0.0,0.0,0.0,0.0,0.0,0.0,0.0,0.0,80.35078578520525,80.35078578520525,0.0,0.0,0.0,80.35078578520525,0.0,0.0,0.0020533333333333338 
 02/21  10:30:00,6.32,71.0,8.23,79.0,720.0,0.0,0.0,0.0,0.0,0.0,0.0,0.0,0.0,0.0,0.0,444.0,0.0,1235.1086478636603,50.59583940971847,129.65153244394757,37.034454329114868,985.7305609601776,0.0,50.595839409718447,69.16834838420304,0.0,0.0,17.2412916673012,-106.23471343251576,18.0431810073867,-455.972931683889,17.373322425897937,-118.91300815032199,17.249476638276538,-142.07970477729919,14.445720895192528,10.633729515924449,17.45356945465155,-253.44872214734358,15.421330815205062,18.006183287180943,15.225982467001849,-11.48984964827324,14.51120270135365,-227.8835698089611,634.2938862457098,775.2125633043215,0.0,0.0,0.0,0.0,0.0,0.0,0.0,0.0,0.0,0.0,0.0,0.0,0.0,0.0,0.0,0.0,0.0,0.0,0.0,0.0,0.0,0.0,1.1101738004789419,0.33888089147708846,255.532675129445,302.0840064543083,5495.236807494702,0.17750142490562527,0.02709118206740311,164.67803799891454,194.57152449144025,3591.0579877358707,1.1292695602856609,0.21339182923009462,171.6410757231091,202.94998594013658,3672.7457630126416,0.22005581349829768,0.041582731197713069,98.36040023263579,116.30796972217496,2099.199819244664,0.0,0.0,9.784149333936736,11.668764813524474,161.4849830893222,0.0,0.0,80.01762823390209,94.61902352547291,1703.347835231798,0.0,0.0,284.60455425818619,338.35444195254396,5206.234979042146,0.0,0.0,12.761450857781539,15.180102441853212,230.1365926462351,0.0,0.0,174.2413739431444,208.1337199022313,2722.331904988886,50.164789993737439,34.406577499134048,274.6177223986101,326.1109762596974,6129.381169729902,0.0,0.0,177.5111825848793,212.6042737036438,2513.1331954032696,0.0,17.068329442371835,35.60429086386959,21.999999999999994,29.99999999999999,0.0,17.294560995410973,34.98906557059225,15.999999999999993,29.99999999999999,0.0,16.964017371832509,35.80636943128104,21.999999999999994,29.99999999999999,0.0,17.021304483673278,35.823148194756118,15.999999999999993,29.99999999999999,0.0,14.516682660337726,42.78519978491966,11.999999999999995,29.99999999999999,0.0,16.9890644010417,36.31936497407531,15.999999999999993,29.99999999999999,0.0,15.436033342516034,40.03923487519076,9.999999999999997,29.99999999999999,0.0,15.301079952564522,40.64167347313777,11.999999999999995,29.99999999999999,0.0,14.065968099358998,43.87993390351614,11.999999999999995,29.99999999999999,0.0,15.76374299258602,0.0,0.0,0.0,13.304911868590786,0.0,0.0,477.7220742547185,468.96859284644406,475.17077378534648,487.00747888003198,541.4361859763752,523.2785833207923,518.4482780236535,538.241179001546,528.3096132108518,0.0,80.35078578520522,80.35078578520522,59.99999999999998,0.0,59.99999999999998,59.99999999999998,16.0,16.0,16.0,12.0,12.0,12.0,21.0,10.0,0.0,0.0,0.0,0.0,0.0,0.0,0.0,0.0,0.0,0.0,0.0,0.0,0.0,80.35078578520522,80.35078578520522,0.0,0.0,0.0,80.35078578520522,0.0,0.0,0.0020366666666666668 
 02/21  10:40:00,6.526666666666667,70.0,8.606666666666666,85.0,693.3333333333333,0.0,0.0,0.0,0.0,0.0,0.0,0.0,0.0,0.0,0.0,296.0,0.0,1304.4984250063822,52.61628358884727,134.82883408085659,39.115074228443258,1041.1098156327849,0.0,52.61628358884724,71.9304487565505,0.0,0.0,17.188045716843456,3.2255373158636795,18.069430509610056,-510.7794012209076,17.3375748522867,-183.02789668529796,17.193605367287508,-96.22107814856639,14.4588982950869,10.998319839717059,17.525704084639558,-263.25940205148108,15.426420892033715,22.818782347534588,15.138182027786027,-8.463622557421193,14.521104269055968,-210.58035112489058,541.0785885198109,739.8086230506558,0.0,0.0,0.0,0.0,0.0,0.0,0.0,0.0,0.0,0.0,0.0,0.0,0.0,0.0,0.0,0.0,0.0,0.0,0.0,0.0,0.0,0.0,1.111874835095087,0.3394001328129083,160.02581229220645,189.09360057996555,3385.3515474491548,0.18881147658515189,0.028817380431189249,152.42539714578084,180.00506861856713,3258.3530497451549,1.1176574383169953,0.21119755070238023,130.88351528631868,154.71416562451589,2757.3207923920765,0.22339862421509378,0.042214403668763,89.71899549980874,105.97646532441121,1873.5689607571672,0.0,0.0,9.977051243402027,11.890846951812435,160.96693079831457,0.0,0.0,80.64897998935902,95.29230990063353,1691.8805802958364,0.0,0.0,285.1112410404223,338.7130729016322,5118.442401584192,0.0,0.0,11.005718889554988,13.088635398458619,191.88194368606038,0.0,0.0,172.45372542955625,205.8478514422752,2636.622170202066,51.54828177287847,35.35547446699485,176.15379542205137,209.27105004927916,4064.4079901706966,0.0,0.0,175.78990322960665,210.35179293128574,2447.32439246202,0.0,17.077178444550829,35.533610390173489,22.000000000000008,30.00000000000001,0.0,17.253912463754653,35.04971845794699,16.000000000000008,30.00000000000001,0.0,17.002648066273446,35.705018074553198,22.000000000000008,30.00000000000001,0.0,16.973504514112507,35.86755352047297,16.000000000000008,30.00000000000001,0.0,14.538546612078191,42.59437016696267,12.000000000000004,30.00000000000001,0.0,17.041696339710719,36.11895181118704,16.000000000000008,30.00000000000001,0.0,15.473231092695805,39.86132257669166,10.000000000000004,30.00000000000001,0.0,15.205064918533337,40.79477634047625,12.000000000000004,30.00000000000001,0.0,14.106512207847225,43.66568789426603,12.000000000000004,30.00000000000001,0.0,15.443033255421636,0.0,0.0,0.0,13.396489821650223,0.0,0.0,474.0866581875316,466.710232742741,474.23735048722326,482.1047572725812,531.5664107106178,516.5824167773124,512.2132969917984,530.6058133553037,521.3166156723535,0.0,80.35078578520528,80.35078578520528,60.00000000000002,0.0,60.00000000000002,60.00000000000002,16.0,16.0,16.0,12.0,12.0,12.0,21.0,10.0,0.0,0.0,0.0,0.0,0.0,0.0,0.0,0.0,0.0,0.0,0.0,0.0,0.0,80.35078578520528,80.35078578520528,0.0,0.0,0.0,80.35078578520528,0.0,0.0,0.00202 
 02/21  10:50:00,6.733333333333334,69.0,8.983333333333333,91.0,666.6666666666667,0.0,0.0,0.0,0.0,0.0,0.0,0.0,0.0,0.0,0.0,148.0,0.0,1364.778646848048,54.528429523180118,139.7286182509642,40.92254754583378,1089.2188204243594,0.0,54.52842952318009,74.54449721765713,0.0,0.0,17.06103186654665,-58.799110081881739,18.12731808728676,-481.51795143995425,17.33204423852537,-37.46374636700784,17.094794867220647,-204.49238020870735,14.473275808938955,11.425602814747152,17.606975839768269,-270.45737606227297,15.436181505313418,27.5392999650212,15.04927645892911,-11.199031809827773,14.534600050339645,-204.28145871074777,543.0947626587695,715.6052583816882,0.0,0.0,0.0,0.0,0.0,0.0,0.0,0.0,0.0,0.0,0.0,0.0,0.0,0.0,0.0,0.0,0.0,0.0,0.0,0.0,0.0,0.0,1.1159581700291257,0.34064657204796269,179.03401380393923,211.28624087624514,3653.1823676840897,0.19288240676855609,0.029438706771757647,137.18238447956555,161.68696284526298,2884.6783059629808,1.1443584528893998,0.2162430938944445,182.2712080894546,214.95817335860756,3787.2728861770458,0.22204806951337423,0.04195919680902762,72.30808037461996,85.35840022129313,1458.8382683302564,0.0,0.0,10.118840305273846,12.037534034606887,159.568073914757,0.0,0.0,80.87368501367469,95.36574803358868,1674.8875495973305,0.0,0.0,285.3032435224578,338.29498736768968,5027.342138809672,0.0,0.0,10.281200914422748,12.207838603218964,172.89943554896554,0.0,0.0,170.8320414917607,203.5194365936224,2556.002671057538,52.974395611738298,36.33360467197415,179.28808890682164,212.68996809315829,4033.371976639705,0.0,0.0,175.76408618980293,209.87126578972963,2410.6696188963608,0.0,16.907971098275998,35.83884323185837,22.0,30.0,0.0,17.282957159998188,34.97358328525056,16.0,30.0,0.0,17.1005284337925,35.53808239563356,22.0,30.0,0.0,16.82214679183676,36.0907230828967,16.0,30.0,0.0,14.562457203538595,42.39746847019219,12.0,30.0,0.0,17.11348250932854,35.871890396962097,16.0,30.0,0.0,15.513309220869735,39.68744737504876,10.0,30.0,0.0,15.099637931227111,40.976940022630568,12.0,30.0,0.0,14.149878136373078,43.45320343723255,12.0,30.0,0.0,15.410729312439017,0.0,0.0,0.0,13.501472882105725,0.0,0.0,467.936367540644,465.9739365113403,478.80851369496988,472.54606084975316,521.8300921438992,509.6055051850906,506.7906764319871,523.3630434851417,515.0280938738448,0.0,80.35078578520525,80.35078578520525,60.0,0.0,60.0,60.0,16.0,16.0,16.0,12.0,12.0,12.0,21.0,10.0,0.0,0.0,0.0,0.0,0.0,0.0,0.0,0.0,0.0,0.0,0.0,0.0,0.0,80.35078578520525,80.35078578520525,0.0,0.0,0.0,80.35078578520525,0.0,0.0,0.00203 
 02/21  11:00:00,6.94,68.0,9.36,97.0,640.0,0.0,0.0,0.0,0.0,0.0,0.0,0.0,0.0,0.0,0.0,444.0,0.0,1416.125949507342,56.34011585710557,144.3709715422589,42.462170695886019,1130.198547463216,0.0,56.340115857105548,77.02120978868693,0.0,0.0,17.05364955946107,33.79682237355764,18.146353462873465,-603.6156821220546,17.189284230629924,-209.73329283016984,17.086964704617779,-59.0453872587843,14.48238509269493,12.280059554714466,17.674688515084776,-275.2545321668136,15.43246376887971,37.20605690897479,14.977709008350623,-27.41218920434246,14.550397467014842,-158.10127090070285,565.6012740816078,696.4534190530576,0.0,0.0,0.0,0.0,0.0,0.0,0.0,0.0,0.0,0.0,0.0,0.0,0.0,0.0,0.0,0.0,0.0,0.0,0.0,0.0,0.0,0.0,1.1231314658022318,0.34283622277235439,211.20902782523775,249.8304393515243,4250.074462469118,0.18335224261634998,0.027984164013484453,179.1260574609141,211.6620347153435,3670.6327359777235,1.1349678352593423,0.2144686007670717,169.33121046541437,200.44412639447078,3373.651730237257,0.22985835744365686,0.04343506376486338,104.67712154724878,123.91334905918966,2077.6975003332779,0.0,0.0,10.133873181684426,12.083445248068723,155.80017057245895,0.0,0.0,82.68931758184036,97.72203920483713,1685.00115782177,0.0,0.0,283.5706681558146,337.022150832809,4884.628236422192,0.0,0.0,11.648532749033225,13.86489863527355,189.21705520551715,0.0,0.0,167.03880053412053,199.4453799196255,2443.982848257732,54.42881402289369,37.33114816385031,220.3635200408131,262.07655366129429,4729.570609051374,0.0,0.0,177.29671977524183,212.12736103342415,2392.6763557614096,0.0,16.990052711605558,35.630948760297837,22.000000000000019,30.00000000000002,0.0,17.227135716860535,34.997112066140967,16.000000000000015,30.00000000000002,0.0,16.891205208785384,35.86025743393606,22.000000000000019,30.00000000000002,0.0,16.875817133344716,36.005340604723198,16.000000000000015,30.00000000000002,0.0,14.575475261537619,42.29383641690414,12.00000000000001,30.00000000000002,0.0,17.15842305440786,35.7034327239579,16.000000000000015,30.00000000000002,0.0,15.525840255425475,39.55560548360548,10.000000000000007,30.00000000000002,0.0,15.024480429223406,41.11905560792605,12.00000000000001,30.00000000000002,0.0,14.196128184071478,43.21994980084202,12.00000000000001,30.00000000000002,0.0,15.447532819996575,0.0,0.0,0.0,13.60380705878952,0.0,0.0,466.3910460368347,458.0527810768915,466.75172863572069,475.61088732426648,516.8718156696511,504.0258185748048,499.29514892745319,519.1416090004742,507.85201946160728,0.0,80.35078578520532,80.35078578520532,60.00000000000004,0.0,60.00000000000004,60.00000000000004,16.0,16.0,16.0,12.0,12.0,12.0,21.0,10.0,0.0,0.0,0.0,0.0,0.0,0.0,0.0,0.0,0.0,0.0,0.0,0.0,0.0,80.35078578520532,80.35078578520532,0.0,0.0,0.0,80.35078578520532,0.0,0.0,0.00204 
 02/21  11:10:00,7.035,67.66666666666667,9.348333333333333,103.0,613.3333333333333,0.0,0.0,0.0,0.0,0.0,0.0,0.0,0.0,0.0,0.0,148.0,0.0,1458.773264241329,58.05937343039126,148.7764730565027,43.740928076787579,1164.2348974413604,0.0,58.05937343039123,79.37156523645844,0.0,0.0,17.020562296907558,12.338950939581992,18.15108824257435,-610.534934877548,17.208149076981944,-60.6585090958738,17.107509404973059,-38.64353002029475,14.497013767533883,12.477482312588052,17.760815410678889,-285.76662347657568,15.44857066005241,43.3422488076194,14.872280179218233,-32.815348384135749,14.582843606715253,-161.52864044022955,400.8139657283177,673.3369009863864,0.0,0.0,0.0,0.0,0.0,0.0,0.0,0.0,0.0,0.0,0.0,0.0,0.0,0.0,0.0,0.0,0.0,0.0,0.0,0.0,0.0,0.0,1.115219340488136,0.34042104410504767,155.6729474604894,183.65908466106385,3109.8355280649927,0.18981060181189217,0.028969872071412114,149.64995656709574,176.44944229469543,3021.5982254242715,1.1152190436806826,0.2107367807408698,86.3744327502843,101.88932402647743,1740.56017055985,0.2249471119478099,0.04250701283972219,93.42736449529554,110.23548620702626,1850.0640063720533,0.0,0.0,10.210723948456572,12.145015356450197,155.55232944176405,0.0,0.0,82.75413597830185,97.53819809850573,1684.2224158020422,0.0,0.0,284.47240892687469,337.2314537055098,4873.461870868678,0.0,0.0,14.58676937457666,17.33306828227428,230.2088782089466,0.0,0.0,163.91982044566579,195.20086007120808,2390.3929363693634,54.25195747662597,37.20984737765843,103.5035903002617,122.96782207844299,2508.43130797245,0.0,0.0,177.45258090518525,211.73693786879753,2394.562442129093,0.0,16.9902621208925,35.51393029715153,22.0,30.0,0.0,17.162412679926154,35.10513987703756,16.0,30.0,0.0,17.021343271055675,35.552112384934329,22.0,30.0,0.0,16.94860763445931,35.77530454576659,16.0,30.0,0.0,14.59912643162229,42.09096487309794,12.0,30.0,0.0,17.24055820296963,35.41228857517874,16.0,30.0,0.0,15.572787616290502,39.362508136519299,10.0,30.0,0.0,14.879556023651265,41.3649596820735,12.0,30.0,0.0,14.266334682509769,42.92132361056699,12.0,30.0,0.0,14.96929486835015,0.0,0.0,0.0,13.698403064388979,0.0,0.0,457.42706192288588,455.72688962194089,466.05884419108397,470.6956600897932,507.021362330875,495.3261481896127,493.8948410011449,509.0095216239464,500.86061191435507,0.0,80.35078578520525,80.35078578520525,60.0,0.0,60.0,60.0,16.0,16.0,16.0,12.0,12.0,12.0,21.0,10.0,0.0,0.0,0.0,0.0,0.0,0.0,0.0,0.0,0.0,0.0,0.0,0.0,0.0,80.35078578520525,80.35078578520525,0.0,0.0,0.0,80.35078578520525,0.0,0.0,0.00205 
 02/21  11:20:00,7.130000000000001,67.33333333333334,9.336666666666666,109.0,586.6666666666666,0.0,0.0,0.0,0.0,0.0,0.0,0.0,0.0,0.0,0.0,296.0,0.0,1492.9656957930434,59.694378595839577,152.96607478657354,44.76616910553559,1191.5234866102285,0.0,59.694378595839548,81.60674125514068,0.0,0.0,16.97363936184715,13.403339880893782,18.19343705397432,-593.5144692705871,17.109683378350405,-150.91148241473798,17.06288526513483,-163.15894045477377,14.506784201363708,13.245142514080215,17.829182710173645,-290.9260003163615,15.455139131107565,53.1473082338598,14.803523317092746,-34.976871438358788,14.603838516910397,-130.74530351848217,528.5769275310204,655.0856100813921,0.0,0.0,0.0,0.0,0.0,0.0,0.0,0.0,0.0,0.0,0.0,0.0,0.0,0.0,0.0,0.0,0.0,0.0,0.0,0.0,0.0,0.0,1.1089319514004364,0.3385018166667998,158.46460919269436,187.2750588255425,3125.312175495348,0.19018733493350205,0.02902737102159677,146.34537855141878,172.81069222110768,2930.569135877261,1.0962674571571114,0.20715560414911408,134.82087877529558,159.27655259445749,2648.530813069521,0.21402727905312719,0.040443552353198627,88.9580151935161,105.1557017762398,1731.6048546431089,0.0,0.0,10.219199341950649,12.17558970372083,153.95351818052337,0.0,0.0,83.85370604573893,98.98684848018762,1698.2239750267434,0.0,0.0,285.3005485561257,338.7668999992668,4846.131822353899,0.0,0.0,17.845275248982277,21.245985582839894,275.5221811185611,0.0,0.0,160.475549174497,191.4002750011855,2323.6251206517119,54.24766061106999,37.20690028194102,169.78530028319018,201.74732097697618,3685.8094584351495,0.0,0.0,177.64482630846664,212.26410675860076,2394.3815578795977,0.0,16.9621785586967,35.60215599661528,22.0,30.0,0.0,17.177023268732186,35.07464928932373,16.0,30.0,0.0,16.896037568960297,35.79487374515803,22.0,30.0,0.0,16.881547170229874,35.852383208807029,16.0,30.0,0.0,14.612670097815379,41.98728722292599,12.0,30.0,0.0,17.290252957036484,35.25460511123673,16.0,30.0,0.0,15.598522454342044,39.21477620843623,10.0,30.0,0.0,14.804980473590235,41.47717654787438,12.0,30.0,0.0,14.313641226690802,42.70576229090476,12.0,30.0,0.0,15.34720312272918,0.0,0.0,0.0,13.789898968168668,0.0,0.0,459.1961191131731,454.3037605781973,462.5620305335624,464.1398306491707,502.38322664608497,491.5833039864037,487.89338312546058,502.859711457446,495.19667205716265,0.0,80.35078578520525,80.35078578520525,60.0,0.0,60.0,60.0,16.0,16.0,16.0,12.0,12.0,12.0,21.0,10.0,0.0,0.0,0.0,0.0,0.0,0.0,0.0,0.0,0.0,0.0,0.0,0.0,0.0,80.35078578520525,80.35078578520525,0.0,0.0,0.0,80.35078578520525,0.0,0.0,0.00203 
 02/21  11:30:00,7.225,67.0,9.325,115.0,560.0,0.0,0.0,0.0,0.0,0.0,0.0,0.0,0.0,0.0,0.0,296.0,0.0,1518.9354360094222,61.25339940298494,156.96096371338599,45.544856015709829,1212.249625614486,0.0,61.25339940298491,83.73804089528736,0.0,0.0,16.93020781269867,19.41283062733328,18.23950978746148,-577.9381499621668,17.034907187732047,-225.97115065865365,16.935398401974646,-141.4263338177957,14.518763259234757,14.125086120226343,17.903431912253688,-294.08855757136237,15.474582719185161,64.80715544410032,14.731598704550788,-33.85624639970524,14.641636156462056,-107.57220797347373,603.3120367079155,639.0720751222698,0.0,0.0,0.0,0.0,0.0,0.0,0.0,0.0,0.0,0.0,0.0,0.0,0.0,0.0,0.0,0.0,0.0,0.0,0.0,0.0,0.0,0.0,1.0591436148038703,0.32330391172279307,188.7292963883381,223.13269353820159,3671.713060074262,0.17041850095380788,0.026010149718224644,174.82728759153378,206.49892078188726,3471.606303333987,1.12000966830517,0.2116420386064192,241.6391094599814,285.79398762383388,4657.529201860931,0.22815620236699356,0.04311341692497987,167.66396531308289,198.28006090611826,3168.2648249979658,0.0,0.0,10.189329569988125,12.13875929352139,151.90200731173196,0.0,0.0,84.93630067573777,100.24032844138137,1714.6966494167364,0.0,0.0,284.8772804822313,338.19461735858126,4811.576933501243,0.0,0.0,20.975804990502135,24.982039663456456,316.4149249762993,0.0,0.0,155.99225042129383,185.99423835898365,2251.8167938069207,54.16128202462218,37.147655709617428,283.5098754909581,336.65865056894759,5656.262107470471,0.0,0.0,176.74764163233292,211.1148720473287,2380.8256362883887,0.0,16.936837921631665,35.614889172675798,22.0,30.0,0.0,17.19820437847343,34.996445215849529,16.0,30.0,0.0,16.82349124177157,35.89783064033785,22.0,30.0,0.0,16.67793982815673,36.25216753658897,16.0,30.0,0.0,14.630209620537896,41.83781877885747,12.0,30.0,0.0,17.35597086969298,35.008654845602,16.0,30.0,0.0,15.647382311265428,38.988128808403079,10.0,30.0,0.0,14.720368863591844,41.56805327734753,12.0,30.0,0.0,14.38871734061336,42.36973896668596,12.0,30.0,0.0,15.60464095619284,0.0,0.0,0.0,13.883302722410172,0.0,0.0,453.33168844298748,449.755455003352,455.8047074810502,457.6563355893438,495.20787326259446,483.0463371289514,479.6689337933483,493.2928803301794,486.3441331221352,0.0,80.35078578520525,80.35078578520525,60.0,0.0,60.0,60.0,16.0,16.0,16.0,12.0,12.0,12.0,21.0,10.0,0.0,0.0,0.0,0.0,0.0,0.0,0.0,0.0,0.0,0.0,0.0,0.0,0.0,80.35078578520525,80.35078578520525,0.0,0.0,0.0,80.35078578520525,0.0,0.0,0.00201 
 02/21  11:40:00,7.32,66.66666666666667,9.313333333333333,119.66666666666667,524.3333333333334,0.0,0.0,0.0,0.0,0.0,0.0,0.0,0.0,0.0,0.0,148.0,0.0,1486.2754391520246,59.23792651638729,151.79636908553287,44.565554608816778,1186.183950769772,0.0,59.23792651638726,80.98273665672729,0.0,0.0,16.895735550131737,31.51859553749,18.27357681140601,-627.4121567964312,17.00473275891914,-11.126251183213754,16.934524981091604,-112.47394229094948,14.526487556626419,14.004251691091838,17.959911075918514,-302.72412130926889,15.4823881786908,63.356425686848528,14.66053142202553,-30.772754808859874,14.668215704684695,-117.77436288354147,508.1459791243251,613.7584551159735,0.0,0.0,0.0,0.0,0.0,0.0,0.0,0.0,0.0,0.0,0.0,0.0,0.0,0.0,0.0,0.0,0.0,0.0,0.0,0.0,0.0,0.0,1.0394120061879229,0.31728083216969568,213.76587714863883,252.21704957089617,4110.608564933456,0.15781824330292369,0.0240870334711422,194.3110163611117,229.0262158526848,3834.007892423969,1.1337626657582363,0.2142408665453962,196.75796822022725,232.2010130168616,3761.2595018053877,0.22293518891169604,0.042126830860108838,48.537645122733277,57.308361746473178,913.7900081880443,0.0,0.0,10.156531776815652,12.077429807167207,149.76460951394066,0.0,0.0,85.14415611825098,100.28185960250227,1713.7359827565857,0.0,0.0,283.8294820298777,336.31909015118586,4753.041773758995,0.0,0.0,21.522926299407446,25.5943588896466,317.05531058643239,0.0,0.0,154.33403516985468,183.65525701577526,2214.4525593993696,53.99743099560867,37.03527503128168,191.22266428116988,226.84305129256098,3945.997222229759,0.0,0.0,175.7437752258864,209.4862037158931,2359.454529192834,0.0,16.923989730371284,35.61780732071226,22.0,30.0,0.0,17.224863850975674,34.92279576806797,16.0,30.0,0.0,16.856597689408468,35.83156878765091,22.0,30.0,0.0,16.718452185141915,36.14037839851592,16.0,30.0,0.0,14.643141001775787,41.69592270425852,12.0,30.0,0.0,17.420530019372284,34.80801317439848,16.0,30.0,0.0,15.66931943550347,38.89628369935297,10.0,30.0,0.0,14.63568828806704,41.68070334769244,12.0,30.0,0.0,14.440276643445517,42.159324348726439,12.0,30.0,0.0,15.361639723473959,0.0,0.0,0.0,13.95641717187637,0.0,0.0,450.51354591368075,447.8323617086941,456.3429676426434,455.30261463122,487.5489065401912,477.94883119694006,476.5757886339721,485.0573900605774,481.3498857428072,0.0,80.35078578520525,80.35078578520525,60.0,0.0,60.0,60.0,16.0,16.0,16.0,12.0,12.0,12.0,21.0,10.0,0.0,0.0,0.0,0.0,0.0,0.0,0.0,0.0,0.0,0.0,0.0,0.0,0.0,80.35078578520525,80.35078578520525,0.0,0.0,0.0,80.35078578520525,0.0,0.0,0.00199 
 02/21  11:50:00,7.415,66.33333333333333,9.301666666666666,124.33333333333333,488.6666666666667,0.0,0.0,0.0,0.0,0.0,0.0,0.0,0.0,0.0,0.0,148.0,0.0,1474.1048845129968,59.81551170826756,153.27633346324917,44.20061739405426,1176.470662208616,0.0,59.81551170826753,81.77233940350685,0.0,0.0,16.88900346148249,54.00894864987367,18.256019109968699,-678.8560878860208,16.96624256596773,-77.83822332783302,16.966813184026664,-23.905036360964915,14.532687111921085,14.375198208324946,18.003517307381565,-308.5270280480945,15.489017750140638,67.86729122987527,14.606801196067384,-27.269254831012974,14.687836700488198,-107.03379681431216,472.75997146797638,593.7301965384295,0.0,0.0,0.0,0.0,0.0,0.0,0.0,0.0,0.0,0.0,0.0,0.0,0.0,0.0,0.0,0.0,0.0,0.0,0.0,0.0,0.0,0.0,1.0425161541637214,0.31822837428685027,192.39602526324047,226.96199329482725,3679.141677709405,0.16125892841322848,0.02461216856123756,189.71888129322216,223.6554358966295,3682.905964460053,1.0683277580780433,0.20187599358995535,120.14522441088629,141.7932051341693,2275.4333960973456,0.2227806407824752,0.04209762675405804,127.61332797043983,150.61325966246953,2395.7899581143858,0.0,0.0,10.176004565085864,12.099731255039693,148.2743917735795,0.0,0.0,85.84417174281502,101.08792452039433,1718.033894602716,0.0,0.0,283.4072047066366,335.78107293781127,4702.889711892607,0.0,0.0,22.48032914027742,26.73690208651171,324.4258842447751,0.0,0.0,152.20932415807514,181.0946477052981,2166.264095323575,53.91365095548738,36.977812726671739,157.943063450402,187.41361299115179,3330.2123467039666,0.0,0.0,175.02046303169966,208.56371832346395,2340.136304102271,0.0,16.962115954196379,35.52981731992853,22.0,30.0,0.0,17.157624978611549,35.04103876585039,16.0,30.0,0.0,16.833617123325206,35.827055663620509,22.0,30.0,0.0,16.817517469290637,35.93270758337352,16.0,30.0,0.0,14.651739020837905,41.61277219988418,12.0,30.0,0.0,17.460053125058175,34.69729162577927,16.0,30.0,0.0,15.68933944929119,38.8017422998191,10.0,30.0,0.0,14.580508187509932,41.770793017992797,12.0,30.0,0.0,14.478700376485725,42.01582493176237,12.0,30.0,0.0,15.268498418508978,0.0,0.0,0.0,14.026093410156843,0.0,0.0,449.8359154469575,443.49274070851387,450.48053293051199,457.53025590069236,483.1999401386959,475.7116038772922,473.08871540432519,480.8609635024881,478.5674672710906,0.0,80.35078578520525,80.35078578520525,60.0,0.0,60.0,60.0,16.0,16.0,16.0,12.0,12.0,12.0,21.0,10.0,0.0,0.0,0.0,0.0,0.0,0.0,0.0,0.0,0.0,0.0,0.0,0.0,0.0,80.35078578520525,80.35078578520525,0.0,0.0,0.0,80.35078578520525,0.0,0.0,0.0019833333333333336 
 02/21  12:00:00,7.51,66.0,9.29,129.0,453.0,0.0,0.0,0.0,0.0,0.0,0.0,0.0,0.0,0.0,0.0,148.0,0.0,1453.5244621958935,60.33490046270376,154.6071671194986,43.58351390131925,1160.0455425663423,0.0,60.33490046270373,82.48238320815178,0.0,0.0,16.803687351426939,8.160346100953575,18.289815320650889,-599.6696907775149,16.968437572292545,-12.0295307319916,16.981519968396819,-33.18967674485458,14.537965449117076,14.926313659416849,18.036880378968747,-312.72852716363607,15.501720251173744,74.76447085361542,14.559882384839117,-23.84580729437164,14.708234374283777,-96.05006360792686,403.23940492672775,575.4220641218863,0.0,0.0,0.0,0.0,0.0,0.0,0.0,0.0,0.0,0.0,0.0,0.0,0.0,0.0,0.0,0.0,0.0,0.0,0.0,0.0,0.0,0.0,1.024368477937461,0.3126887905792006,174.2224497198954,205.60423886230087,3256.760078342536,0.170128457187679,0.02596588174415125,154.7792826951192,182.41993893763593,2992.6345041875817,1.062282638286274,0.20073368070413348,111.65021675587096,131.73163694992534,2108.2893580809525,0.21383641284612132,0.040407485420657838,11.299666306007337,13.333611920268144,214.47792790289334,0.0,0.0,10.265601451277544,12.205459262207019,147.75498869160266,0.0,0.0,86.11071964372703,101.38684097232331,1712.0207187046906,0.0,0.0,283.54953760159875,335.8986013599615,4668.013638278491,0.0,0.0,23.58835665308194,28.05794677110356,333.7857833829545,0.0,0.0,149.75508088817134,178.14259778594048,2113.953130635195,53.804527855160078,36.902968350589919,114.66083658480696,136.1388969339438,2553.328838700568,0.0,0.0,174.1823035432451,207.50934005934733,2317.6257131355916,0.0,16.83464220095203,35.79305711793187,22.0,30.0,0.0,17.213607087597809,34.95825607371687,16.0,30.0,0.0,16.897486226428286,35.68959451194624,22.0,30.0,0.0,16.85770336056573,35.87281215038758,16.0,30.0,0.0,14.658733118608025,41.54031707030939,12.0,30.0,0.0,17.490327197243663,34.5941525255896,16.0,30.0,0.0,15.719980224956359,38.69902648707257,10.0,30.0,0.0,14.534762547222997,41.85568410054083,12.0,30.0,0.0,14.51721949760083,41.88225291924029,12.0,30.0,0.0,15.077951237665636,0.0,0.0,0.0,14.090665830481856,0.0,0.0,445.9968340403357,445.6647054242904,451.0938452408613,460.23119800978068,479.2872322542821,472.4101840989392,470.85022607779225,477.96959796557169,476.33522668122336,0.0,80.35078578520525,80.35078578520525,60.0,0.0,60.0,60.0,16.0,16.0,16.0,12.0,12.0,12.0,21.0,10.0,0.0,0.0,0.0,0.0,0.0,0.0,0.0,0.0,0.0,0.0,0.0,0.0,0.0,80.35078578520525,80.35078578520525,0.0,0.0,0.0,80.35078578520525,0.0,0.0,0.0019766666666666667 
 02/21  12:10:00,7.6000000000000009,65.16666666666667,9.343333333333334,133.66666666666667,417.3333333333333,0.0,0.0,0.0,0.0,0.0,0.0,0.0,0.0,0.0,0.0,296.0,0.0,1424.950957704883,60.80425660607227,155.80979025123225,42.72674134909925,1137.2412250875303,0.0,60.804256606072247,83.12402864025708,0.0,0.0,16.802672576784059,58.69673048193363,18.25966722388536,-673.0906531551505,16.900040160609117,-91.05578089081132,16.95335245250711,-118.20110553910797,14.541120721887684,15.429846805258478,18.059777556697058,-312.0211052389327,15.500750747772776,75.38896794110497,14.523693700173653,-19.354266491585919,14.727732581570355,-76.84346898006425,512.4330788329407,559.2447090301562,0.0,0.0,0.0,0.0,0.0,0.0,0.0,0.0,0.0,0.0,0.0,0.0,0.0,0.0,0.0,0.0,0.0,0.0,0.0,0.0,0.0,0.0,1.0373888773338656,0.3166632714694339,188.4350971180785,222.7737115623221,3504.4887560142717,0.16588111947208179,0.02531763117705766,178.264245156414,210.55989597243497,3385.539258770291,1.0350983120578015,0.19559680877887415,117.11719909170465,138.35439149383513,2170.0007397656529,0.20213508825163743,0.038196350765615529,68.00638808563974,80.38103370923564,1251.272787326181,0.0,0.0,10.185283811179336,12.130538182414547,144.7761994853057,0.0,0.0,86.6278807480077,102.16344103819425,1709.7221171862053,0.0,0.0,281.1601059866597,333.6377931335037,4577.894679258727,0.0,0.0,25.161997693455438,29.98344262948948,350.0037441185764,0.0,0.0,147.20228129095308,175.3885402077619,2060.784133393712,54.07568238874711,37.0889453969459,179.4188493942093,213.179698914683,3637.9891987437106,0.0,0.0,172.81757820381487,206.1963899489641,2287.843441494692,0.0,16.883274723281397,35.704743671376899,22.0,30.0,0.0,17.138161173570219,35.09257641724084,16.0,30.0,0.0,16.80811512350951,35.89581539697049,22.0,30.0,0.0,16.814323681361296,35.89379880708121,16.0,30.0,0.0,14.661788840923661,41.494291538608,12.0,30.0,0.0,17.510976070341085,34.51969313129777,16.0,30.0,0.0,15.722208236374048,38.6575566937815,10.0,30.0,0.0,14.506537181501568,41.88863386776129,12.0,30.0,0.0,14.552349806917608,41.73487501434934,12.0,30.0,0.0,15.388215301633654,0.0,0.0,0.0,14.150581127619365,0.0,0.0,445.6210604959276,442.43009464183208,449.3489427012938,452.61225051694387,476.4248685189872,469.3581639719961,467.3200515597332,474.7282897943343,472.35969777287729,0.0,80.35078578520525,80.35078578520525,60.0,0.0,60.0,60.0,16.0,16.0,16.0,12.0,12.0,12.0,21.0,10.0,0.0,0.0,0.0,0.0,0.0,0.0,0.0,0.0,0.0,0.0,0.0,0.0,0.0,80.35078578520525,80.35078578520525,0.0,0.0,0.0,80.35078578520525,0.0,0.0,0.00197 
 02/21  12:20:00,7.69,64.33333333333334,9.396666666666667,138.33333333333335,381.6666666666667,0.0,0.0,0.0,0.0,0.0,0.0,0.0,0.0,0.0,0.0,148.0,0.0,1388.8159489632799,61.23150665976906,156.90451498589403,41.6432405004157,1108.4021487002,0.0,61.23150665976903,83.70811185551831,0.0,0.0,16.79084807987858,64.27107361700291,18.248880820134056,-675.4573591704093,16.879043518284044,-39.42558322862351,16.936639690882495,-26.756437065707816,14.54418968725048,15.692549460401154,18.078402270504463,-312.53357808005878,15.5100883194721,78.34680815008869,14.483856864119705,-16.832039593560013,14.75230890765953,-80.33333288953236,446.8077486630891,543.4961386640616,0.0,0.0,0.0,0.0,0.0,0.0,0.0,0.0,0.0,0.0,0.0,0.0,0.0,0.0,0.0,0.0,0.0,0.0,0.0,0.0,0.0,0.0,1.026149304444621,0.313232388414109,191.54410113635897,225.97819101934466,3533.32997717984,0.15840598166882406,0.024176737128941404,189.57581669260856,223.48443315863853,3563.498090226481,1.0378914818858703,0.1961246186481237,89.37075934733143,105.4645858873544,1645.2191051707485,0.21059748002819132,0.039795442182197899,95.91001774630935,113.18294644101799,1747.952196324695,0.0,0.0,10.196834007789969,12.12262920163721,143.19812181059695,0.0,0.0,86.64492803574724,101.99351379898489,1698.7661269893179,0.0,0.0,280.15281484121285,331.8237556667715,4524.144226506304,0.0,0.0,26.121994130892568,31.076982501915308,356.6922306919953,0.0,0.0,145.65215595753376,173.2041004345942,2025.2672694975325,54.22756069565916,37.19311433172783,140.88577300224766,167.19052155638395,2936.917765628057,0.0,0.0,171.75342446904089,204.52135972104893,2261.0420910825284,0.0,16.89919553376807,35.625087932058558,22.0,30.0,0.0,17.12405100195172,35.08443625501813,16.0,30.0,0.0,16.821068723259633,35.84394633708776,22.0,30.0,0.0,16.81452702919518,35.90579485335988,16.0,30.0,0.0,14.665203256758894,41.429658054689827,12.0,30.0,0.0,17.534002843039894,34.43488679049754,16.0,30.0,0.0,15.744360346073857,38.57214946042518,10.0,30.0,0.0,14.466950014294398,41.93929659436694,12.0,30.0,0.0,14.594470715950655,41.57804723321451,12.0,30.0,0.0,15.210130915800204,0.0,0.0,0.0,14.203537000781037,0.0,0.0,444.8493005822305,440.57517664116076,445.47113671750648,452.6984611759342,471.90325387381997,465.79749794850548,463.9141835193823,470.1122474370591,468.62706137015388,0.0,80.35078578520525,80.35078578520525,60.0,0.0,60.0,60.0,16.0,16.0,16.0,12.0,12.0,12.0,21.0,10.0,0.0,0.0,0.0,0.0,0.0,0.0,0.0,0.0,0.0,0.0,0.0,0.0,0.0,80.35078578520525,80.35078578520525,0.0,0.0,0.0,80.35078578520525,0.0,0.0,0.00194 
 02/21  12:30:00,7.78,63.5,9.45,143.0,346.0,0.0,0.0,0.0,0.0,0.0,0.0,0.0,0.0,0.0,0.0,148.0,0.0,1345.568296167441,61.624248719909349,157.91081188802995,40.34647031937973,1073.8865451362033,0.0,61.62424871990932,84.24502002737275,0.0,0.0,16.75276980844506,48.89654717137637,18.242460681361118,-629.8103739334429,16.862360654141829,-15.388695538789762,16.947204229629269,-29.23849542510129,14.545935813873337,16.19435033669066,18.084184332563713,-313.0837156270686,15.51939038333834,83.24905180346832,14.452250690276842,-12.915078568566969,14.770529779416283,-72.21517348422458,388.6608558600724,528.2022834405425,0.0,0.0,0.0,0.0,0.0,0.0,0.0,0.0,0.0,0.0,0.0,0.0,0.0,0.0,0.0,0.0,0.0,0.0,0.0,0.0,0.0,0.0,1.023424971315087,0.3124007848947152,167.17586409586256,197.251347863932,3041.93196088919,0.16697278454020157,0.02548424672469499,164.35192058728735,193.73729716476309,3063.5554442452455,1.0349248570512773,0.19556403194468587,88.6258242394387,104.57659782838162,1618.0193861032236,0.20614436777452098,0.03895396216449753,9.992191426060853,11.789985666350975,184.218725439039,0.0,0.0,10.282424251528852,12.223906759802615,142.561970169907,0.0,0.0,86.6574043016966,102.00152019562326,1684.8396837059348,0.0,0.0,279.83803400972939,331.4147645992427,4480.179671304645,0.0,0.0,27.120150148326706,32.26627987259179,364.0035918590951,0.0,0.0,144.05728359579988,171.28297350721705,1985.6638649098152,54.42065970679987,37.32555535445808,107.9939929991126,128.23191768341983,2360.5873749114718,0.0,0.0,170.78314702310369,203.32508612236533,2233.1308062902996,0.0,16.856182389618345,35.69965976006221,22.0,30.0,0.0,17.1342710375866,34.9796997037221,16.0,30.0,0.0,16.835824474053337,35.77729357922711,22.0,30.0,0.0,16.844913509988794,35.85184416632867,16.0,30.0,0.0,14.666455331146784,41.390856217206579,12.0,30.0,0.0,17.542401413734134,34.39637281490708,16.0,30.0,0.0,15.765802276484399,38.48705522447973,10.0,30.0,0.0,14.440621126472762,41.98021820801448,12.0,30.0,0.0,14.625230583445747,41.470598076800438,12.0,30.0,0.0,15.037515510091336,0.0,0.0,0.0,14.250782381548696,0.0,0.0,442.3620955942729,439.771112893329,446.13103132852606,454.54071710310628,468.80109628934476,463.303232793565,462.1271105355033,467.4761590153688,466.3490928306462,0.0,80.35078578520525,80.35078578520525,60.0,0.0,60.0,60.0,16.0,16.0,16.0,12.0,12.0,12.0,21.0,10.0,0.0,0.0,0.0,0.0,0.0,0.0,0.0,0.0,0.0,0.0,0.0,0.0,0.0,80.35078578520525,80.35078578520525,0.0,0.0,0.0,80.35078578520525,0.0,0.0,0.00191 
 02/21  12:40:00,7.870000000000001,62.66666666666667,9.503333333333334,139.16666666666667,354.5,0.0,0.0,0.0,0.0,0.0,0.0,0.0,0.0,0.0,0.0,148.0,0.0,1385.720965726709,60.63270097229887,155.37002140881953,41.55042622310256,1105.9319371598945,0.0,60.63270097229884,82.88949908244068,0.0,0.0,16.730939119459167,59.62988280413629,18.234370381709995,-690.9142756028741,16.83213332573817,-25.166383969415337,16.950785243334598,-27.873682731424709,14.554829570926984,16.41816019808948,18.12367231565752,-312.58441348724048,15.519863485381347,82.10994687020866,14.423871965157572,-9.402648462541379,14.787377848019347,-66.58277279345202,404.605633776167,516.8145016156459,0.0,0.0,0.0,0.0,0.0,0.0,0.0,0.0,0.0,0.0,0.0,0.0,0.0,0.0,0.0,0.0,0.0,0.0,0.0,0.0,0.0,0.0,1.0094163619090069,0.308124652597377,172.36431302347465,203.3743321946639,3101.3618238067476,0.16488167294229146,0.02516509049790773,170.01081075114119,200.44263360418806,3120.0527671824049,1.0338214436674267,0.19535552601425305,10.483289674107024,12.370267090516093,205.38929624392785,0.20026093002419063,0.03784220144070116,7.913863223146774,9.336719070821877,145.40941570303296,0.0,0.0,10.245314262885027,12.179017083960693,140.35572990706886,0.0,0.0,86.4638816881335,101.76125126998035,1669.801118053614,0.0,0.0,278.4749645383833,329.7857134818724,4409.350948917572,0.0,0.0,27.91861614738781,33.217611864623879,368.4431656190359,0.0,0.0,142.96070529927816,169.95626657775336,1952.558605942686,54.64571458354125,37.47991398048098,113.48409530932209,134.73053907778016,2425.6549350382917,0.0,0.0,170.23110122985765,202.6261923389932,2211.4274319378976,0.0,16.84740352017629,35.637950954777497,22.0,30.0,0.0,17.078689673460045,34.99122277785008,16.0,30.0,0.0,16.818932366957364,35.81970520871817,22.0,30.0,0.0,16.86404350644124,35.813537730123879,16.0,30.0,0.0,14.674661490087179,41.334834783540248,12.0,30.0,0.0,17.56803401057722,34.31008458836883,16.0,30.0,0.0,15.76817689990862,38.45812464655731,10.0,30.0,0.0,14.41844574371195,42.01414420627919,12.0,30.0,0.0,14.653488432131172,41.36974676801247,12.0,30.0,0.0,15.07536831208645,0.0,0.0,0.0,14.299817988146608,0.0,0.0,441.36490917855539,437.31761961369167,448.5388237336452,455.8493877057756,466.19562969049408,461.4251068455406,459.7693618281884,464.8914146114306,463.91642178022058,0.0,80.35078578520525,80.35078578520525,60.0,0.0,60.0,60.0,16.0,16.0,16.0,12.0,12.0,12.0,21.0,10.0,0.0,0.0,0.0,0.0,0.0,0.0,0.0,0.0,0.0,0.0,0.0,0.0,0.0,80.35078578520525,80.35078578520525,0.0,0.0,0.0,80.35078578520525,0.0,0.0,0.00188 
 02/21  12:50:00,7.96,61.833333333333339,9.556666666666665,135.33333333333335,363.0,0.0,0.0,0.0,0.0,0.0,0.0,0.0,0.0,0.0,0.0,148.0,0.0,1424.4462939630426,59.60986853751683,152.74906250289795,42.711583583902427,1136.8381788437396,0.0,59.6098685375168,81.49120959830421,0.0,0.0,16.692367344641136,49.55563991332565,18.2807258829158,-631.4738543692056,16.80292935300132,-17.81821662104312,16.825988100696045,-203.72774103378766,14.567053329609923,16.47012424276369,18.17154520402879,-319.53456733012447,15.526947089724886,86.63770873294016,14.398882297810636,-5.7508144929229279,14.804028393468198,-60.18936038514221,479.7713771528106,499.0547712172056,0.0,0.0,0.0,0.0,0.0,0.0,0.0,0.0,0.0,0.0,0.0,0.0,0.0,0.0,0.0,0.0,0.0,0.0,0.0,0.0,0.0,0.0,1.010686707120649,0.30851242586100399,156.93544392673736,185.19512970723179,2783.0116149273987,0.17019024899359173,0.025975312727959666,154.2565473359021,181.83156502548787,2819.3069061776529,1.0174905786495828,0.1922695726851064,71.22766141181383,84.04836957570567,1273.279475835041,0.1957947778033759,0.03699825733245953,65.7126019780884,77.59301556464696,1138.9842530443817,0.0,0.0,10.290180481363869,12.231373181666804,139.36440599346495,0.0,0.0,86.93145598332403,102.29701703105062,1668.3894513460946,0.0,0.0,277.1302910190484,328.1633358424434,4347.079355822477,0.0,0.0,28.50262985483979,33.91342134237388,369.9645536124891,0.0,0.0,140.76033082408444,167.3183445398597,1904.6690947045057,54.895826843441898,37.65145874035797,155.69098848802609,184.69147616428109,3090.8370321215895,0.0,0.0,168.35506580473675,200.35863637723083,2169.43129668336,0.0,16.801697512411516,35.635530831501849,22.0,30.0,0.0,17.131723095172445,34.76799401508904,16.0,30.0,0.0,16.803910369288773,35.92112537630556,22.0,30.0,0.0,16.62644993753161,36.000209688324918,16.0,30.0,0.0,14.687475233304815,41.26961016995162,12.0,30.0,0.0,17.599010601210236,34.21756809556139,16.0,30.0,0.0,15.78499832316465,38.374441685120419,10.0,30.0,0.0,14.400260305632394,42.030808715389138,12.0,30.0,0.0,14.68128215514376,41.26296045663456,12.0,30.0,0.0,15.296012671230378,0.0,0.0,0.0,14.338855774336725,0.0,0.0,439.07076204696156,435.691107636341,454.75362472481057,440.41782431076549,463.726337292188,459.1047122428159,457.7959195848743,462.85825149619708,462.012717139392,0.0,80.35078578520525,80.35078578520525,60.0,0.0,60.0,60.0,16.0,16.0,16.0,12.0,12.0,12.0,21.0,10.0,0.0,0.0,0.0,0.0,0.0,0.0,0.0,0.0,0.0,0.0,0.0,0.0,0.0,80.35078578520525,80.35078578520525,0.0,0.0,0.0,80.35078578520525,0.0,0.0,0.0019066666666666666 
 02/21  13:00:00,8.05,61.0,9.61,131.5,371.5,0.0,0.0,0.0,0.0,0.0,0.0,0.0,0.0,0.0,0.0,296.0,0.0,1461.627376908615,58.55377911983565,150.04288108132386,43.82643706973614,1166.5119701215049,0.0,58.553779119835628,80.04745529717465,0.0,0.0,16.680900546134397,64.73846803088236,18.319420707145548,-649.1947892938447,16.674688069462886,-146.0584939343653,16.80372194343194,-104.62334885627274,14.580241210970148,16.68780445252588,18.22270746294353,-322.5138450355587,15.533903913020322,91.86372385443156,14.378710017347974,-1.529935917861053,14.818794995049132,-49.189867947327687,554.8144545930736,487.4136991064165,0.0,0.0,0.0,0.0,0.0,0.0,0.0,0.0,0.0,0.0,0.0,0.0,0.0,0.0,0.0,0.0,0.0,0.0,0.0,0.0,0.0,0.0,0.9805601579894219,0.29931628754255859,199.85587429334124,236.21258330190455,3504.965086437856,0.14943932559166099,0.022808199876627138,190.89801983456909,225.37877034026475,3459.6152759632507,1.0461403408385293,0.19768335994681214,195.82844167202235,231.51973041435705,3357.146960901597,0.21010398538883205,0.03970218922691458,123.84158450109851,146.50344483069703,2124.9824302779645,0.0,0.0,10.241624241015206,12.193959091490243,137.07325187795937,0.0,0.0,87.714545292363,103.38371058761828,1672.6037559401923,0.0,0.0,276.46602206164519,327.920850007538,4293.752651874254,0.0,0.0,29.42051732740437,35.06618679618495,375.8110168731863,0.0,0.0,139.5728153108201,166.17837397670545,1869.2917463570084,55.12121915265969,37.80604880154987,253.68167368999858,301.2016903311345,4617.220383869051,0.0,0.0,167.66196800114677,199.84195402164705,2145.857341995649,0.0,16.8107970608407,35.48759728903147,22.0,30.0,0.0,17.150130678168979,34.659641407164858,16.0,30.0,0.0,16.58872950760966,36.093160146046887,22.0,30.0,0.0,16.63523679862351,36.07707977176887,16.0,30.0,0.0,14.700306339846187,41.201821894430278,12.0,30.0,0.0,17.630883859275337,34.096725967229719,16.0,30.0,0.0,15.800122636648915,38.263512589001958,10.0,30.0,0.0,14.389272148184489,42.027531024944568,12.0,30.0,0.0,14.704948715601017,41.15756782404509,12.0,30.0,0.0,15.53140849723291,0.0,0.0,0.0,14.388419746982234,0.0,0.0,437.95525705314699,437.2188489175873,442.42944467821158,446.9450087297741,461.70346803409896,456.5504234987127,454.7432291346248,460.5055396836892,459.127641731508,0.0,80.35078578520525,80.35078578520525,60.0,0.0,60.0,60.0,16.0,16.0,16.0,12.0,12.0,12.0,21.0,10.0,0.0,0.0,0.0,0.0,0.0,0.0,0.0,0.0,0.0,0.0,0.0,0.0,0.0,80.35078578520525,80.35078578520525,0.0,0.0,0.0,80.35078578520525,0.0,0.0,0.0019333333333333336 
 02/21  13:10:00,8.095,61.0,9.555,127.66666666666667,380.0,0.0,0.0,0.0,0.0,0.0,0.0,0.0,0.0,0.0,0.0,148.0,0.0,1497.1538716745186,57.46226126428735,147.24591272803904,44.891678080116559,1194.8652472628,0.0,57.46226126428732,78.55526763548241,0.0,0.0,16.6957612929571,90.85973459360412,18.347163632267184,-704.0833919929446,16.694883330836583,3.8072170996510978,16.797779927232765,-27.304831264466885,14.598960601273955,16.493769149102606,18.28596732525912,-329.10607521310205,15.542847215326212,91.43305839056302,14.356477735488666,0.9773059701425382,14.836861243522146,-50.1454736571618,437.2684187604682,474.96118774311528,0.0,0.0,0.0,0.0,0.0,0.0,0.0,0.0,0.0,0.0,0.0,0.0,0.0,0.0,0.0,0.0,0.0,0.0,0.0,0.0,0.0,0.0,0.9624080015117817,0.2937753362368076,211.62205896101444,249.6624005550335,3715.1495031283536,0.1338968879554099,0.020436032960227399,212.35025612581499,250.28573750867316,3827.538656481965,1.0451807633672872,0.19750203389404528,134.45893138531737,158.72540884384419,2320.5201231414605,0.21198032732617243,0.04005675119542183,93.47696426542669,110.35379742146415,1599.5635933810114,0.0,0.0,10.172356500755289,12.08904348764782,135.69779808642907,0.0,0.0,88.05590881795365,103.58337030887232,1680.810081316726,0.0,0.0,275.67398194731387,326.3826575374765,4266.826933247461,0.0,0.0,29.82749159545493,35.49074812233905,377.4540748260726,0.0,0.0,138.91749900609023,165.08588723924258,1856.7248528908188,54.742926983324597,37.54658915180015,155.65579567387159,184.69174531283267,2998.8225061192408,0.0,0.0,167.12842907754749,198.81703234999879,2141.3072768065565,0.0,16.867242961659746,35.267472368926828,22.0,30.0,0.0,17.145692776151944,34.55925236160471,16.0,30.0,0.0,16.68557209739907,35.7665232566574,22.0,30.0,0.0,16.65865935838341,35.99998193927355,16.0,30.0,0.0,14.722413196166063,41.07253891721175,12.0,30.0,0.0,17.685349289183795,33.905221132579928,16.0,30.0,0.0,15.817376834923934,38.15967751715629,10.0,30.0,0.0,14.373201679188688,41.99764623847215,12.0,30.0,0.0,14.735586534269121,41.00395340814911,12.0,30.0,0.0,15.217885110312015,0.0,0.0,0.0,14.439977970278495,0.0,0.0,437.43412956909028,437.1771011091066,439.62905149225159,444.52908584855666,458.2130845218187,453.28914679638299,452.9171204720457,456.98845736652666,456.0279942139867,0.0,80.35078578520525,80.35078578520525,60.0,0.0,60.0,60.0,16.0,16.0,16.0,12.0,12.0,12.0,21.0,10.0,0.0,0.0,0.0,0.0,0.0,0.0,0.0,0.0,0.0,0.0,0.0,0.0,0.0,80.35078578520525,80.35078578520525,0.0,0.0,0.0,80.35078578520525,0.0,0.0,0.00196 
 02/21  13:20:00,8.14,61.0,9.5,123.83333333333333,388.5,0.0,0.0,0.0,0.0,0.0,0.0,0.0,0.0,0.0,0.0,148.0,0.0,1530.9205814412365,56.33299213497681,144.35220512972155,45.9041523178867,1221.8140535706426,0.0,56.332992134976787,77.01147112045368,0.0,0.0,16.65921456063824,62.804518282551729,18.37484633300799,-708.9055729047805,16.691157497618648,11.443087359743004,16.814812815197777,-24.343615019396169,14.617719564611033,16.636938984126745,18.346102436596817,-338.4665338426489,15.559603257244128,98.863985098189,14.337615111965782,4.739335597524473,14.850895533278282,-43.56299182049588,414.95882289359909,461.12041302532637,0.0,0.0,0.0,0.0,0.0,0.0,0.0,0.0,0.0,0.0,0.0,0.0,0.0,0.0,0.0,0.0,0.0,0.0,0.0,0.0,0.0,0.0,0.949064389993165,0.2897021947476084,192.58398606045749,227.2386230220268,3343.9200991275899,0.1438060569934498,0.021948421397046677,184.6558085036191,217.63615518599404,3312.4353032603878,1.022925129692641,0.1932965097680728,132.84465868099188,156.79837455031965,2288.3813991116937,0.20823276328538124,0.039348594725128718,11.776894315358101,13.900252979011443,204.64448694292234,0.0,0.0,10.268532022957594,12.202037515974567,136.4625254342279,0.0,0.0,88.64527892236089,104.2567403474654,1691.7066677989313,0.0,0.0,276.32232997998406,327.102339236252,4269.488340530853,0.0,0.0,30.317112979528873,36.07350665679327,380.23419561093967,0.0,0.0,137.97673021332018,163.94877269891405,1838.048545337664,54.487606368891878,37.37147213229897,135.67363380469636,161.00995621270014,2670.5050756860889,0.0,0.0,166.3947439778018,197.9049526701691,2131.947691021225,0.0,16.81164243423293,35.325254570982909,22.0,30.0,0.0,17.146484897417158,34.498463862485888,16.0,30.0,0.0,16.716461597562988,35.62381931212971,22.0,30.0,0.0,16.70631566546252,35.89323841637801,16.0,30.0,0.0,14.743031823190327,40.96537796402359,12.0,30.0,0.0,17.730257663692905,33.77348288170073,16.0,30.0,0.0,15.850257262433102,38.01730319314988,10.0,30.0,0.0,14.3621560784411,41.96441156518179,12.0,30.0,0.0,14.759391683654748,40.881688710295708,12.0,30.0,0.0,15.157031257848454,0.0,0.0,0.0,14.486415913509564,0.0,0.0,438.09324249401376,435.95856738931988,438.23159932129587,445.6079866367722,456.1006732897026,452.3565430233067,450.7978244939865,454.59067455124576,453.8997954435584,0.0,80.35078578520525,80.35078578520525,60.0,0.0,60.0,60.0,16.0,16.0,16.0,12.0,12.0,12.0,21.0,10.0,0.0,0.0,0.0,0.0,0.0,0.0,0.0,0.0,0.0,0.0,0.0,0.0,0.0,80.35078578520525,80.35078578520525,0.0,0.0,0.0,80.35078578520525,0.0,0.0,0.0019566666666666666 
 02/21  13:30:00,8.185,61.0,9.445,120.0,397.0,0.0,0.0,0.0,0.0,0.0,0.0,0.0,0.0,0.0,0.0,148.0,0.0,1562.825431630037,55.16353996849882,141.35552686087423,46.86079910587112,1247.2769241872496,0.0,55.16353996849879,75.41274134714996,0.0,0.0,16.662238972938917,86.98294802167948,18.37708924761844,-768.4150484388238,16.666160729241505,-4.555061338239739,16.823281201662217,-23.056192014594445,14.638027451992642,16.68380196912875,18.410209184168509,-343.18762376646739,15.563072540178873,96.1769197372796,14.320750232784782,8.211271466007247,14.86475427252769,-38.42877812225788,434.94821287708967,455.2101487091122,0.0,0.0,0.0,0.0,0.0,0.0,0.0,0.0,0.0,0.0,0.0,0.0,0.0,0.0,0.0,0.0,0.0,0.0,0.0,0.0,0.0,0.0,0.9546431010315838,0.291405097994989,199.19201727867645,235.0043423051502,3451.432293163537,0.13905779619696694,0.021223717368279449,199.36331218326746,235.00452643990543,3537.531762949397,0.9851262417626074,0.1861538627669327,100.61554887091974,118.76028535902161,1724.6109879781964,0.19605248444750979,0.03704695473308951,9.868722904659741,11.64633338083452,171.530848795975,0.0,0.0,10.168089871585155,12.08133317352405,134.6462199142403,0.0,0.0,89.10145101309033,104.77131322135185,1701.161975745785,0.0,0.0,275.96933899533669,326.66907863713797,4240.954206196974,0.0,0.0,30.684548506282984,36.510523126498608,381.51129220178259,0.0,0.0,138.36083103616668,164.38597809038067,1836.866189611052,54.21361000171201,37.183545954535,143.30217019309584,170.01514272761865,2782.934908780976,0.0,0.0,167.0268043898674,198.61163431933864,2143.1502732241244,0.0,16.84095517350088,35.200094993987949,22.0,30.0,0.0,17.093396264799617,34.58392336708459,16.0,30.0,0.0,16.701191759284418,35.59942708859356,22.0,30.0,0.0,16.736430236283007,35.8172406323193,16.0,30.0,0.0,14.765234842129454,40.85085693764843,12.0,30.0,0.0,17.781631286548654,33.60941344370975,16.0,30.0,0.0,15.85385084266514,37.95718307520989,10.0,30.0,0.0,14.353196097351658,41.94131930317745,12.0,30.0,0.0,14.782525395240679,40.77569052846781,12.0,30.0,0.0,15.227175384131457,0.0,0.0,0.0,14.542201980631687,0.0,0.0,436.7956915677071,434.28758960767058,438.8456551614877,446.0308782475227,454.0953218255868,450.31421504165817,449.7689670542206,453.3113890216849,452.76197116252379,0.0,80.35078578520525,80.35078578520525,60.0,0.0,60.0,60.0,16.0,16.0,16.0,12.0,12.0,12.0,21.0,10.0,0.0,0.0,0.0,0.0,0.0,0.0,0.0,0.0,0.0,0.0,0.0,0.0,0.0,80.35078578520525,80.35078578520525,0.0,0.0,0.0,80.35078578520525,0.0,0.0,0.0019533333333333336 
 02/21  13:40:00,8.23,61.0,9.389999999999999,118.5,393.0,0.0,0.0,0.0,0.0,0.0,0.0,0.0,0.0,0.0,0.0,148.0,0.0,1564.6235031328595,54.375289763339029,139.33563318641988,46.914706474048227,1248.7118704247326,0.0,54.375289763339,74.33514355570112,0.0,0.0,16.63347447868489,69.59242133322096,18.434624285996095,-681.7915412536804,16.64620370856201,7.262236222483807,16.757723964589525,-121.87595770280405,14.657195776901796,16.696577470196645,18.459538228607998,-353.86081518399308,15.579133391183369,102.98224536672933,14.30647194173563,12.147794790860758,14.880149820133069,-31.15006785478863,446.17728711759266,440.43333982377046,0.0,0.0,0.0,0.0,0.0,0.0,0.0,0.0,0.0,0.0,0.0,0.0,0.0,0.0,0.0,0.0,0.0,0.0,0.0,0.0,0.0,0.0,0.9347490772619939,0.2853324411666648,176.01075284948426,207.6766083592694,3021.3590822290309,0.14476193093391347,0.022094311803100346,175.4844372085316,206.78738420799076,3127.4909015550126,0.9725304027588069,0.18377369666644129,152.9478930379271,180.5236263816428,2597.461869968143,0.19079775804455119,0.036053998118773838,45.54404134359105,53.770383331624888,764.8005595725036,0.0,0.0,10.230494477361253,12.1541763275416,134.96339732467713,0.0,0.0,90.00816337828765,105.8194914718262,1717.1382543304295,0.0,0.0,275.7684623051656,326.3857042516147,4229.213915296107,0.0,0.0,31.03421904755502,36.92609579217555,382.678455799688,0.0,0.0,136.7589371136549,162.46283931042243,1810.071651595722,53.94553308073142,36.99967975358809,156.01343667406094,185.05415006308454,2960.6001412731177,0.0,0.0,165.49485627407987,196.7574884363566,2120.6524582412996,0.0,16.80004825323697,35.264175283406618,22.0,30.0,0.0,17.17943002338422,34.36915848660449,16.0,30.0,0.0,16.696709767837797,35.6467908016212,22.0,30.0,0.0,16.617706277047355,35.79489910104939,16.0,30.0,0.0,14.786198176722929,40.73905039908527,12.0,30.0,0.0,17.820889903525026,33.4828758138751,16.0,30.0,0.0,15.884304022700187,37.82989771435841,10.0,30.0,0.0,14.347331694869056,41.89416139345938,12.0,30.0,0.0,14.808262149914019,40.64497514977518,12.0,30.0,0.0,15.279332806001755,0.0,0.0,0.0,14.579772193134709,0.0,0.0,435.2915259635799,433.5211061611723,439.87603782857419,438.5186049049158,452.4004760129686,449.19767524217726,448.31260006018848,451.4191375441791,450.8653353075041,0.0,80.35078578520525,80.35078578520525,60.0,0.0,60.0,60.0,16.0,16.0,16.0,12.0,12.0,12.0,21.0,10.0,0.0,0.0,0.0,0.0,0.0,0.0,0.0,0.0,0.0,0.0,0.0,0.0,0.0,80.35078578520525,80.35078578520525,0.0,0.0,0.0,80.35078578520525,0.0,0.0,0.0019500000000000002 
 02/21  13:50:00,8.275,61.0,9.334999999999999,117.0,389.0,0.0,0.0,0.0,0.0,0.0,0.0,0.0,0.0,0.0,0.0,148.0,0.0,1563.8957340398798,53.563707835440848,137.25595079662794,46.8928774775418,1248.1309673318929,0.0,53.563707835440819,73.2256495303801,0.0,0.0,16.654554209889228,101.2001248220613,18.426446900159904,-783.00510704936,16.618066721559147,1.7721072610229385,16.768633093590148,-17.27946298410552,14.676066536672196,16.674443519102966,18.506440308553765,-355.7820788444428,15.586028874214215,101.77565559293544,14.293376874125482,15.018307212475066,14.894381671986672,-27.692729718125976,440.78434359243786,436.16825001087,0.0,0.0,0.0,0.0,0.0,0.0,0.0,0.0,0.0,0.0,0.0,0.0,0.0,0.0,0.0,0.0,0.0,0.0,0.0,0.0,0.0,0.0,0.9110029114969244,0.278083916818353,212.28948229854843,250.41978452655358,3646.455151618906,0.12274811460771472,0.018734449726452188,213.68277868458154,251.83952202496199,3763.6707746118875,0.9664176676376382,0.18261860688541924,112.83929483289845,133.19193178159464,1904.9631010925774,0.19762076247371752,0.03734330356646211,99.17870988557285,117.06365267966531,1663.7451061732166,0.0,0.0,10.104521948729892,12.003277448865099,132.77547050982239,0.0,0.0,90.4550352232272,106.32620129867283,1724.6506200463253,0.0,0.0,275.48607352638387,326.02883772693289,4205.171695216919,0.0,0.0,31.428587466433208,37.39476091030927,384.3456834565669,0.0,0.0,137.17753412978284,162.94171245250028,1809.217305277171,53.64559951958137,36.793964005199857,158.19678458169452,187.63142561680196,2970.2469418061189,0.0,0.0,166.05678136874389,197.38604032524055,2128.313165103623,0.0,16.861474945116077,35.092302176176918,22.0,30.0,0.0,17.1204018171805,34.50029496319329,16.0,30.0,0.0,16.672841793873439,35.57695331282,22.0,30.0,0.0,16.6744277191304,35.71105381153802,16.0,30.0,0.0,14.805986618750949,40.630966151437849,12.0,30.0,0.0,17.86204182973361,33.34794846495197,16.0,30.0,0.0,15.894095416478545,37.75969777594371,10.0,30.0,0.0,14.341871054595892,41.850223354887628,12.0,30.0,0.0,14.830830458789205,40.530015328299928,12.0,30.0,0.0,15.284900400028008,0.0,0.0,0.0,14.62750129753711,0.0,0.0,434.28329741147157,433.96358093905379,436.1176979598373,440.3031422005773,450.8494359447764,447.69554470517127,446.7945166071011,450.1540639980274,449.7022669806322,0.0,80.35078578520525,80.35078578520525,60.0,0.0,60.0,60.0,16.0,16.0,16.0,12.0,12.0,12.0,21.0,10.0,0.0,0.0,0.0,0.0,0.0,0.0,0.0,0.0,0.0,0.0,0.0,0.0,0.0,80.35078578520525,80.35078578520525,0.0,0.0,0.0,80.35078578520525,0.0,0.0,0.0019466666666666667 
 02/21  14:00:00,8.32,61.0,9.28,115.5,385.0,0.0,0.0,0.0,0.0,0.0,0.0,0.0,0.0,0.0,0.0,148.0,0.0,1560.7211777882654,52.72837426704815,135.1154038181126,46.79768251286613,1245.5973068068295,0.0,52.728374267048128,72.0836852117783,0.0,0.0,16.59918213574865,56.80701559076897,18.480939035813188,-689.2498655716981,16.602545204575337,21.47363946350015,16.774401055798334,-22.26684635483838,14.695005956771127,16.83521307835099,18.547262722237869,-363.21251035193157,15.604275162950814,108.38195122713478,14.282189036552566,18.489738188493449,14.90913264483591,-21.992708910174316,406.52793683136226,426.2614312195319,0.0,0.0,0.0,0.0,0.0,0.0,0.0,0.0,0.0,0.0,0.0,0.0,0.0,0.0,0.0,0.0,0.0,0.0,0.0,0.0,0.0,0.0,0.8835401852603662,0.26970091125163805,193.08302773310448,227.8322192318884,3262.303701427807,0.13219788374880038,0.02017672218388284,180.02894659491873,212.10143377300109,3185.940786466444,0.9664542125689193,0.18262551257916094,135.53374478496034,159.9730713938672,2272.9109334535917,0.19372373691294837,0.03660690417856166,10.525086879327653,12.421480028645178,178.95958305575676,0.0,0.0,10.202082004571439,12.11792905818516,133.52016890700453,0.0,0.0,90.90864149508185,106.84344825016403,1730.8392912103034,0.0,0.0,276.0710279794784,326.6724815487305,4206.804198369137,0.0,0.0,31.86068243214672,37.90801645446843,386.5258638279913,0.0,0.0,136.17323262642385,161.7299388193858,1789.9073870556129,53.36321181702694,36.60028245337926,138.08060869706908,163.81258802616478,2636.1218201817434,0.0,0.0,165.21783049417889,196.35843036666445,2113.666512596024,0.0,16.761029343546718,35.32151724210222,22.0,30.0,0.0,17.209013968590545,34.3230585580356,16.0,30.0,0.0,16.67440074960446,35.532996539583127,22.0,30.0,0.0,16.69735241455414,35.68808025583035,16.0,30.0,0.0,14.82546282825873,40.525464377148477,12.0,30.0,0.0,17.8949206216592,33.24137765067559,16.0,30.0,0.0,15.927081276477225,37.629163721083319,10.0,30.0,0.0,14.338572546339734,41.80002079032521,12.0,30.0,0.0,14.854455776116714,40.412292338742449,12.0,30.0,0.0,15.202706734176874,0.0,0.0,0.0,14.661803163979777,0.0,0.0,434.66650042683718,433.3664972141017,434.9347480423021,441.2391985878199,449.3061542776779,446.36693098058756,445.51693020753899,448.74665744696,448.26684095707807,0.0,80.35078578520525,80.35078578520525,60.0,0.0,60.0,60.0,16.0,16.0,16.0,12.0,12.0,12.0,21.0,10.0,0.0,0.0,0.0,0.0,0.0,0.0,0.0,0.0,0.0,0.0,0.0,0.0,0.0,80.35078578520525,80.35078578520525,0.0,0.0,0.0,80.35078578520525,0.0,0.0,0.0019433333333333336 
 02/21  14:10:00,8.281666666666667,61.833333333333339,9.148333333333334,114.0,381.0,0.0,0.0,0.0,0.0,0.0,0.0,0.0,0.0,0.0,0.0,148.0,0.0,1555.175774499031,51.86862657484684,132.91229482025117,46.63139862588154,1241.1714960499085,0.0,51.86862657484682,70.90834493497934,0.0,0.0,16.648691685799613,118.11061442480787,18.425938073111959,-853.2750493072326,16.56873649606466,2.598197256307685,16.735503224690459,-78.85468191543566,14.713666533644897,16.61779742871056,18.58694140556434,-363.00884430385215,15.603477888149364,102.43178489812635,14.271663280584927,20.99648090250969,14.922453625874267,-19.257548996430616,492.3990026772881,424.45768306539505,0.0,0.0,0.0,0.0,0.0,0.0,0.0,0.0,0.0,0.0,0.0,0.0,0.0,0.0,0.0,0.0,0.0,0.0,0.0,0.0,0.0,0.0,0.8951450685500157,0.27324330541819777,228.1622795221759,269.10517730302248,3922.5113390200006,0.11068620758177968,0.01689349932566845,230.35421031372193,271.5205022323631,4028.4262084372519,0.9311548445095321,0.17595518603732664,130.7543006202283,154.345186342994,2193.1796891910828,0.18322225285605843,0.034622496760404079,32.576768872796709,38.45454731000499,545.3277615633547,0.0,0.0,9.955427750685889,11.823922484473198,131.41337208619152,0.0,0.0,91.26022300196536,107.24081327498135,1750.7595619143434,0.0,0.0,274.42948753674696,324.72951610900045,4198.816334224091,0.0,0.0,31.999295889230856,38.07250448663957,390.4408708027698,0.0,0.0,136.6201078678985,162.2453349131659,1811.6939128239324,52.74549898454344,36.176611100509919,197.188550463776,233.71824762920392,3585.190885739114,0.0,0.0,165.68576144509059,196.88146230586407,2145.893515150829,0.0,16.879969329687815,35.06386237905023,22.0,30.0,0.0,17.06385510940669,34.616290927226447,16.0,30.0,0.0,16.63692057816794,35.67143705244649,22.0,30.0,0.0,16.632498914485568,35.72967316771673,16.0,30.0,0.0,14.843942507793665,40.42457397390642,12.0,30.0,0.0,17.931163133662129,33.12238229445548,16.0,30.0,0.0,15.91986788173159,37.61599540092317,10.0,30.0,0.0,14.335117247805416,41.7564233887248,12.0,30.0,0.0,14.874905012459969,40.30875904603884,12.0,30.0,0.0,15.458000623361525,0.0,0.0,0.0,14.703561309328699,0.0,0.0,433.91377973574915,431.8151642910448,436.6409243600072,437.29641120753316,447.8825562826212,445.02266070564976,444.6912853615215,447.2520618083617,446.78873992426795,0.0,80.35078578520525,80.35078578520525,60.0,0.0,60.0,60.0,16.0,16.0,16.0,12.0,12.0,12.0,21.0,10.0,0.0,0.0,0.0,0.0,0.0,0.0,0.0,0.0,0.0,0.0,0.0,0.0,0.0,80.35078578520525,80.35078578520525,0.0,0.0,0.0,80.35078578520525,0.0,0.0,0.00194 
 02/21  14:20:00,8.243333333333334,62.66666666666667,9.016666666666666,112.5,377.0,0.0,0.0,0.0,0.0,0.0,0.0,0.0,0.0,0.0,0.0,148.0,0.0,1547.332402822155,50.98350608274206,130.6441673980514,46.396211066285939,1234.9116989401487,0.0,50.98350608274203,69.69831811707974,0.0,0.0,16.504038355425707,0.31922178127842928,18.552538573467339,-578.5219828796062,16.561848215729783,37.34563925750899,16.734934301438089,-21.73142978694267,14.732501609775689,16.728417445998447,18.61800645893236,-373.1355541083253,15.628436507209683,114.01475839249724,14.262539631629453,24.07855145568101,14.936107432001787,-14.340726222304966,420.3022458792575,411.3376411095196,0.0,0.0,0.0,0.0,0.0,0.0,0.0,0.0,0.0,0.0,0.0,0.0,0.0,0.0,0.0,0.0,0.0,0.0,0.0,0.0,0.0,0.0,0.8358000151295336,0.2551282097464999,207.06014798093913,244.4492657030872,3461.1374448948406,0.13110945374689093,0.02001060038871962,156.3866785895405,184.16540909054425,2824.1236664727209,0.946448513896273,0.17884514623890278,150.35781507554959,177.4705222158093,2536.5548598423499,0.19244424895352719,0.03636512640845184,11.286307619426328,13.321011134888336,192.49768972273993,0.0,0.0,10.154050800364099,12.058756975787075,135.17965801507047,0.0,0.0,91.65858397321097,107.69779215053878,1769.2293967127797,0.0,0.0,275.40202127741318,325.81982806797489,4259.493055339584,0.0,0.0,32.37412350435379,38.51783369675816,397.3747614598648,0.0,0.0,134.85041245251464,160.12809391257916,1804.1609522047416,52.06456281426119,35.709576690165437,153.17573517979083,181.66168979965256,2882.842809723524,0.0,0.0,163.81070069115484,194.63454287584663,2140.629908775613,0.0,16.594499645711744,35.70150593467339,22.0,30.0,0.0,17.317134531531374,34.1262533464801,16.0,30.0,0.0,16.654539816542554,35.589447956311747,22.0,30.0,0.0,16.657256850918498,35.71253846578758,16.0,30.0,0.0,14.862470428023345,40.32936640721604,12.0,30.0,0.0,17.95344391027793,33.05032795943955,16.0,30.0,0.0,15.966283350858916,37.46550561636688,10.0,30.0,0.0,14.333248842041249,41.70616481568059,12.0,30.0,0.0,14.896230770984733,40.202354155281437,12.0,30.0,0.0,15.266061058862637,0.0,0.0,0.0,14.723786971796353,0.0,0.0,432.491338835026,431.76522625760279,434.41397129035439,438.5031511781319,446.6436971955219,444.1866271940562,443.2889808514765,445.916298307614,445.5459305925518,0.0,80.35078578520525,80.35078578520525,60.0,0.0,60.0,60.0,16.0,16.0,16.0,12.0,12.0,12.0,21.0,10.0,0.0,0.0,0.0,0.0,0.0,0.0,0.0,0.0,0.0,0.0,0.0,0.0,0.0,80.35078578520525,80.35078578520525,0.0,0.0,0.0,80.35078578520525,0.0,0.0,0.00197 
 02/21  14:30:00,8.205,63.5,8.885,111.0,373.0,0.0,0.0,0.0,0.0,0.0,0.0,0.0,0.0,0.0,0.0,296.0,0.0,1537.260721713972,50.07168087893163,128.30760875359224,46.094208543335358,1226.8735097588906,0.0,50.0716808789316,68.45178393366737,0.0,0.0,16.592739230672309,126.69453733622868,18.498699835931974,-823.2934764096817,16.530499393231474,10.34242091951603,16.721508718679269,-55.59687259835172,14.748911508110967,16.33335040091285,18.64681812567516,-370.8223094386833,15.623819715847994,107.3108660295311,14.254445233847374,26.887060407640889,14.947106666817918,-8.846282189738986,482.76249719272666,409.53548932293327,0.0,0.0,0.0,0.0,0.0,0.0,0.0,0.0,0.0,0.0,0.0,0.0,0.0,0.0,0.0,0.0,0.0,0.0,0.0,0.0,0.0,0.0,0.8518405055277684,0.2600245743369256,242.49397060357098,286.61607873975415,4171.399667220112,0.0964631050354799,0.01472269612873625,232.04976341269546,273.9885919306792,4129.014101499732,0.9142363611966335,0.17275819372574337,122.65774074698516,144.88973431341774,2073.046403895218,0.17959741971022623,0.03393753206920373,27.24521986721838,32.17603528931843,460.3271481461819,0.0,0.0,9.784646024632862,11.638730232768845,131.23489082689265,0.0,0.0,92.29552091024083,108.62136949280938,1792.189297658432,0.0,0.0,272.4347302827849,322.87043041036147,4225.355005307282,0.0,0.0,32.4074598849118,38.62284130548257,400.07727484949108,0.0,0.0,134.73707633183467,160.2602679075511,1816.583365367579,51.447390663486348,35.2862761752307,209.84219391291487,249.16323180922488,3786.7938133431637,0.0,0.0,163.63954942874205,194.74283663951136,2160.8391884453969,0.0,16.80520101801437,35.33262221437838,22.0,30.0,0.0,17.16028424730034,34.604891047047519,16.0,30.0,0.0,16.61793750814938,35.70727433487772,22.0,30.0,0.0,16.64389435334565,35.7589925001538,16.0,30.0,0.0,14.875843688676249,40.25820450368015,12.0,30.0,0.0,17.977001841267098,32.96839410661505,16.0,30.0,0.0,15.951303879150157,37.46803830796972,10.0,30.0,0.0,14.331893770356473,41.66687708701479,12.0,30.0,0.0,14.911920699483112,40.1147355684882,12.0,30.0,0.0,15.452430758161299,0.0,0.0,0.0,14.756432859777647,0.0,0.0,432.42728781395729,431.6542915120775,433.99460053297198,437.20034454555016,445.5923230372738,442.62257418334766,441.89343066066729,444.7932734562242,444.19985601776377,0.0,80.35078578520525,80.35078578520525,60.0,0.0,60.0,60.0,16.0,16.0,16.0,12.0,12.0,12.0,21.0,10.0,0.0,0.0,0.0,0.0,0.0,0.0,0.0,0.0,0.0,0.0,0.0,0.0,0.0,80.35078578520525,80.35078578520525,0.0,0.0,0.0,80.35078578520525,0.0,0.0,0.002 
 02/21  14:40:00,8.166666666666666,64.33333333333334,8.753333333333334,106.66666666666666,369.0,0.0,0.0,0.0,0.0,0.0,0.0,0.0,0.0,0.0,0.0,148.0,0.0,1515.87707810128,48.196021454017479,123.5012569305743,45.453019530345887,1209.8073333819025,0.0,48.196021454017458,65.88761529715186,0.0,0.0,16.62917967725382,126.52091111565096,18.4811119545829,-820.8331272970963,16.502766592648823,13.210805293972044,16.70826716683264,-17.865135721997093,14.768569382476532,16.280039013742738,18.674437070975757,-371.54717002848886,15.634062021696322,106.6652131828323,14.24527371915599,27.488798742573523,14.95888110952027,-12.612388398189069,463.7099184546023,408.656791164125,0.0,0.0,0.0,0.0,0.0,0.0,0.0,0.0,0.0,0.0,0.0,0.0,0.0,0.0,0.0,0.0,0.0,0.0,0.0,0.0,0.0,0.0,0.8380159524393873,0.2558046252867483,234.06645803719915,276.03078314547829,4077.1569094969929,0.09270968480057178,0.01414982979251706,237.2049763379431,279.4949727492406,4230.148272012269,0.9097603468089144,0.17191238601831344,123.2292591435066,145.4681074813633,2084.6729222698047,0.18350864872768536,0.03467661540583623,10.938704248410101,12.910523075466676,187.86148738953743,0.0,0.0,9.775308327357442,11.607037879281569,132.28026852537028,0.0,0.0,92.06394099985539,108.14877895210985,1800.287768197455,0.0,0.0,272.9969951424838,322.95637271358569,4263.30948725537,0.0,0.0,32.67299708592849,38.872299819614017,405.6999171365049,0.0,0.0,135.34451210129829,160.688416737588,1840.296034861347,50.78637476693588,34.83290450407126,184.67425588730559,218.8867342908133,3409.450902342008,0.0,0.0,164.26742000099888,195.1247420601491,2192.0644966777315,0.0,16.88241084607207,35.225163034060148,22.0,30.0,0.0,17.12585450647237,34.72903629657679,16.0,30.0,0.0,16.59080100506491,35.89893739916998,22.0,30.0,0.0,16.641258464146867,35.788331992628879,16.0,30.0,0.0,14.89638653196472,40.149421029444749,12.0,30.0,0.0,18.006457383954648,32.88001436598115,16.0,30.0,0.0,15.965323064500165,37.44061905702967,10.0,30.0,0.0,14.327838085970193,41.62010655285547,12.0,30.0,0.0,14.929626073230413,40.022276859720957,12.0,30.0,0.0,15.410087067442707,0.0,0.0,0.0,14.78701820731977,0.0,0.0,431.33588835987578,431.0222133019448,433.20949192744748,436.4484839594498,443.77467293388096,440.91902362138065,440.90017914049448,443.00407199966255,442.58925948590339,0.0,80.35078578520525,80.35078578520525,60.0,0.0,60.0,60.0,16.0,16.0,16.0,12.0,12.0,12.0,21.0,10.0,0.0,0.0,0.0,0.0,0.0,0.0,0.0,0.0,0.0,0.0,0.0,0.0,0.0,80.35078578520525,80.35078578520525,0.0,0.0,0.0,80.35078578520525,0.0,0.0,0.00203 
 02/21  14:50:00,8.128333333333334,65.16666666666666,8.621666666666667,102.33333333333334,365.0,0.0,0.0,0.0,0.0,0.0,0.0,0.0,0.0,0.0,0.0,148.0,0.0,1492.3125225191917,46.287614305510668,118.61098931570226,44.74643678709008,1191.000592813646,0.0,46.287614305510647,63.278678039724557,0.0,0.0,16.520688386931768,30.253225231733269,18.54512599128014,-661.6365774655224,16.505037241312196,55.32474419981099,16.68057750163627,-55.182220163652008,14.785944541646743,16.417061746503408,18.691232658844574,-378.5047801152691,15.6564094877392,116.11887622191353,14.237461951786827,30.590061967329576,14.968836160557779,-7.1590778312929619,447.8373708814861,399.5772550008314,0.0,0.0,0.0,0.0,0.0,0.0,0.0,0.0,0.0,0.0,0.0,0.0,0.0,0.0,0.0,0.0,0.0,0.0,0.0,0.0,0.0,0.0,0.791893757136351,0.24172581109168227,219.9532614516338,259.5724040945961,3754.0820605733408,0.11257830774377135,0.017182281401674508,179.21536829842507,211.0523796364799,3258.746620744971,0.9357445698731335,0.17682248107957933,194.2764552192757,229.30345791831378,3305.5347746059348,0.18575316645265597,0.03510074951864246,31.613249065771507,37.31538009669826,537.0468288485596,0.0,0.0,9.960702438384806,11.826176479521014,135.8634548798001,0.0,0.0,92.2724376719635,108.38505111331281,1813.64073990323,0.0,0.0,274.5101436411934,324.6932778130728,4328.75266951898,0.0,0.0,33.042560403676457,39.311172472296608,412.70273218879478,0.0,0.0,134.32517202972145,159.46492397667925,1840.8655518734475,50.16986986078167,34.41006163290925,183.8050892147968,217.8715238011502,3388.951254821618,0.0,0.0,163.24018879901326,193.88784225456639,2195.5579469703627,0.0,16.661889464946627,35.8000078910241,22.0,30.0,0.0,17.26597241706853,34.555414599875877,16.0,30.0,0.0,16.62396125757934,35.82099658005109,22.0,30.0,0.0,16.601070155876856,35.9450197624798,16.0,30.0,0.0,14.91246927881038,40.08503097022488,12.0,30.0,0.0,18.019578932187529,32.864735504746118,16.0,30.0,0.0,16.00459392060097,37.32309100168709,10.0,30.0,0.0,14.326045816636107,41.592467408920708,12.0,30.0,0.0,14.94549206413158,39.95780902899337,12.0,30.0,0.0,15.3731941478381,0.0,0.0,0.0,14.8017926456544,0.0,0.0,431.4613417523595,430.75116137482066,432.43899022020539,434.71706852180429,442.6523972182798,440.4863096493132,439.5640329863758,441.71771251809886,441.41910478512048,0.0,80.35078578520525,80.35078578520525,60.0,0.0,60.0,60.0,16.0,16.0,16.0,12.0,12.0,12.0,21.0,10.0,0.0,0.0,0.0,0.0,0.0,0.0,0.0,0.0,0.0,0.0,0.0,0.0,0.0,80.35078578520525,80.35078578520525,0.0,0.0,0.0,80.35078578520525,0.0,0.0,0.0020533333333333338 
 02/21  15:00:00,8.09,66.0,8.49,98.0,361.0,0.0,0.0,0.0,0.0,0.0,0.0,0.0,0.0,0.0,0.0,148.0,0.0,1466.6823802862458,44.345934185907278,113.63546014829147,43.97791830543562,1170.5453281611636,0.0,44.345934185907257,60.62425410822612,0.0,0.0,16.63884287411251,152.68039519946798,18.445502252207839,-891.5869434490178,16.456740433316037,-2.6519030357303565,16.677708257045269,-15.429514861221492,14.80228884050257,15.828809980560209,18.708606646521014,-371.9544856855405,15.640977056728602,101.74405030170965,14.229059633757167,31.649669212382038,14.97670075014996,-7.008561655599806,489.5685821658035,405.04743914679696,0.0,0.0,0.0,0.0,0.0,0.0,0.0,0.0,0.0,0.0,0.0,0.0,0.0,0.0,0.0,0.0,0.0,0.0,0.0,0.0,0.0,0.0,0.8264829459462669,0.2522841715342695,261.8445377926604,308.71821221922559,4617.939216474498,0.07061567974209078,0.010777728898365504,266.74097160063396,314.33849726688796,4759.2267522913439,0.8697714431977367,0.16435590385444766,95.6368689219472,112.9032636231585,1627.6238849074344,0.17682884589411985,0.03341436997243382,11.090197055990638,13.089264667105402,191.54711950032817,0.0,0.0,9.48029127412766,11.254917151105968,130.29619741716608,0.0,0.0,92.41737157092668,108.54405641886463,1827.224210182705,0.0,0.0,271.4192517955106,321.06812939204885,4280.7952521019,0.0,0.0,32.85910976757895,39.092141549063338,412.67846606372259,0.0,0.0,135.7760633643374,161.17548001230385,1874.181209544896,49.515890308958827,33.96151598694022,215.60121245571276,255.42998755215346,3930.049271288634,0.0,0.0,164.554577988679,195.42248143672925,2235.7724678341585,0.0,16.919948882834427,35.32158770040952,22.0,30.0,0.0,17.05300495394138,35.16106538146915,16.0,30.0,0.0,16.549770612892986,36.06822828581958,22.0,30.0,0.0,16.619708990507634,35.91203745905428,16.0,30.0,0.0,14.926562392070979,40.02879899530571,12.0,30.0,0.0,18.040877174083577,32.811789723274888,16.0,30.0,0.0,15.966926497936285,37.424488736763439,10.0,30.0,0.0,14.32218110438583,41.609280138960688,12.0,30.0,0.0,14.95701791218067,39.93638332008546,12.0,30.0,0.0,15.508252977800816,0.0,0.0,0.0,14.832713500506788,0.0,0.0,431.0575835097957,430.3850208968402,431.9978380130805,435.2208408515945,441.5569290084321,439.16207560122475,439.0870837107022,441.07357353195877,440.79429762908247,0.0,80.35078578520525,80.35078578520525,60.0,0.0,60.0,60.0,16.0,16.0,16.0,12.0,12.0,12.0,21.0,10.0,0.0,0.0,0.0,0.0,0.0,0.0,0.0,0.0,0.0,0.0,0.0,0.0,0.0,80.35078578520525,80.35078578520525,0.0,0.0,0.0,80.35078578520525,0.0,0.0,0.0020766666666666669 
 02/21  15:10:00,8.058333333333334,66.5,8.326666666666667,93.66666666666666,357.0,0.0,0.0,0.0,0.0,0.0,0.0,0.0,0.0,0.0,0.0,1490.0,0.0,1439.1072222617827,42.3702639925257,108.57283205054284,43.1510793621738,1148.5377659410015,0.0,42.37026399252568,57.92336316892382,0.0,0.0,17.680290694460738,-855.6236561920914,18.724010861202538,279.81361566217978,17.918890084498729,-2305.9369130767388,16.97504261181731,917.4527388575739,14.817885287351724,21.54720539948982,18.73183850617741,-313.0773601745699,15.810570557621574,351.5013399335275,14.224025056999329,42.11503428759198,15.9822457540965,-141.6383504868335,829.2757835052197,371.97359359950226,0.0,0.0,0.0,0.0,0.0,0.0,0.0,0.0,0.0,0.0,0.0,0.0,0.0,0.0,0.0,0.0,0.0,0.0,0.0,0.0,0.0,0.0,0.8943647502997592,0.27300511303411459,340.9937665927414,400.84751410205299,7105.097590199062,0.23309741658307443,0.03557652878252052,260.5895307687842,307.1449800766946,5014.735982801306,0.7793457547775837,0.14726866114466823,491.316314742119,576.8427743623388,10551.350248795417,0.278338274724287,0.052596045866267388,357.20869627202367,421.64783648008929,6589.273342472397,0.0,0.0,11.18920830402422,13.322664875709706,154.70980824107768,0.0,0.0,84.84568395803673,99.95390234336844,1687.9687699174495,0.0,0.0,218.33262210046144,258.8022609309594,3592.2238891763397,0.0,0.0,43.240846308012468,51.58987379059296,545.8524567722218,0.0,0.0,105.78174343571432,125.2510393113726,1794.1422876594805,49.5751315002404,34.002147805377529,611.5270870718367,723.4833244751123,11311.170172308382,0.0,0.0,105.04709523516945,125.16436274312787,1431.1105565152953,1990.6457393868323,18.436398081950704,32.324774423007188,21.999999999999998,30.0,0.0,17.649292862188685,33.92197779868964,15.999999999999999,30.0,4507.59588537171,18.731601839723888,31.730494143140704,21.999999999999998,30.0,0.0,17.23201198151803,34.79048395678189,15.999999999999999,30.0,0.0,14.939437715069854,40.006644564225918,12.0,30.0,0.0,18.079076988038886,32.7873040430067,15.999999999999999,30.0,0.0,16.302429344365913,36.758343857529549,10.0,30.0,0.0,14.325247701269442,41.60047972360583,12.0,30.0,1592.0854223927377,16.529837805621289,36.177914839449659,16.599999999999999,30.0,0.0,16.528623479017726,0.0,0.0,0.0,14.802215105307237,0.0,0.0,431.0120769517179,430.93082404898237,431.020367963902,431.7953778494233,440.52716666114227,437.6154806361366,436.1284566693751,439.88221255298518,438.3635442799296,10581.554985996594,81.00807924493644,85.92420081807699,60.0,0.0,60.0,60.0,16.0,16.0,16.0,16.0,12.0,12.0,21.0,10.0,1.0,0.0,1990.6457393868323,0.0,4507.59588537171,0.0,0.0,0.0,0.0,1592.0854223927377,7439.893053256004,4463935.831953602,5827589.122829434,81.00807924493644,86.0076928827925,0.34999643510853359,0.7658003144902688,0.3602813740196596,86.0076928827925,0.3542647819438876,5827589.122829434,0.3051346343871306 
 02/21  15:20:00,8.026666666666668,67.0,8.163333333333334,89.33333333333334,353.0,0.0,0.0,0.0,0.0,0.0,0.0,0.0,0.0,0.0,0.0,447.0,0.0,1409.7118982056186,40.35960414457823,103.42054381099011,42.269663534760429,1125.0775476136544,0.0,40.35960414457821,55.1746387190979,0.0,0.0,18.468580017339357,-1314.0836603659416,19.409650441984028,199.30784033201832,18.82822754460561,-3331.110413434259,17.724671168990036,734.2768668764447,14.846971938927073,27.44860132334809,18.81895654165482,-245.4915924941543,16.195680048447544,344.6690098703434,14.224997010408505,37.77028861479462,15.87720238401198,-112.48425456964449,1002.3006830171346,395.93831018598908,0.0,0.0,0.0,0.0,0.0,0.0,0.0,0.0,0.0,0.0,0.0,0.0,0.0,0.0,0.0,0.0,0.0,0.0,0.0,0.0,0.0,0.0,1.0128367314062157,0.3091687214304687,381.1471733656148,446.15549586455156,8759.889795161156,0.2727680037804799,0.041631258208253949,299.58587540743988,351.7127177800364,6388.464990099095,0.8497116361185018,0.16056531294756266,535.3069121924141,625.8870064522547,12676.180073721916,0.303134930833856,0.05728173296180193,396.77564485476,466.40064332175526,8202.32383598756,0.0,0.0,11.505557340655756,13.68736299678779,160.61955608428753,0.0,0.0,77.47756222421387,91.1503441969767,1568.8108500191368,0.0,0.0,217.2224475488797,256.5913953682167,3866.8197100361214,0.0,0.0,47.01680986334325,56.054557321894197,597.4789536348445,0.0,0.0,81.13796124935013,96.07670076868505,1340.0285951365036,49.41703562702496,33.893714421827819,686.6505514154619,810.1203111059854,13658.401874642817,0.0,0.0,99.69141010677787,118.58828113390666,1372.142189786632,1934.144766868414,19.64977173693734,29.989542271656814,21.999999999999994,29.99999999999999,0.0,18.798742376514445,31.59613100243255,15.999999999999993,29.99999999999999,4375.801811531964,20.075094172970453,29.23115958168011,21.999999999999994,29.99999999999999,0.0,18.46747477593091,32.268821232196199,15.999999999999993,29.99999999999999,0.0,14.975020031454289,39.9637668002906,11.999999999999995,29.99999999999999,0.0,18.232131552292868,32.55161920779781,15.999999999999993,29.99999999999999,0.0,16.936307796816096,35.373968112372839,9.999999999999997,29.99999999999999,0.0,14.33578320991607,41.61499257608817,11.999999999999995,29.99999999999999,0.0,16.29858578529769,36.756296442246419,15.999999999999993,29.99999999999999,0.0,17.376297762678953,0.0,0.0,0.0,14.817121852518522,0.0,0.0,430.9370975673239,431.13689042129286,430.69563409306695,430.9769228334326,438.4555047509768,435.6599212287856,434.66763105297607,438.31100923421806,436.5373593072589,11142.402344983402,80.63679859903349,86.00207537816624,59.99999999999998,0.0,59.99999999999998,59.99999999999998,16.0,16.0,16.0,16.0,12.0,12.0,21.0,10.0,1.0,0.0,1934.144766868414,0.0,4375.801811531964,0.0,0.0,0.0,0.0,0.0,8118.246274124711,4870947.764474828,6331046.134291392,80.63679859903349,86.09319558937244,0.3839415424708236,0.7692690660381714,0.36028137401965945,86.09319558937244,0.35426478194388735,6331046.134291392,0.3313377323164858 
 02/21  15:30:00,7.995,67.5,8.0,85.0,349.0,0.0,0.0,0.0,0.0,0.0,0.0,0.0,0.0,0.0,0.0,596.0,0.0,1380.1761142533345,38.37171630652841,98.32660660400522,41.38403595052302,1101.5052282681373,0.0,38.37171630652839,52.45704533325639,0.0,0.0,19.01738359270947,-1092.286121127654,19.895331291336207,318.0909314657865,19.409027688521598,-3282.0206352920424,18.225652229302395,961.7425887602681,14.881620110706362,36.246058843268617,18.930444224670596,-185.59898560726175,16.43363631027184,379.68480176526466,14.237880193308705,68.27881018159246,16.175343700096666,-218.43914197142557,1214.6913334702022,513.2508759408464,0.0,0.0,0.0,0.0,0.0,0.0,0.0,0.0,0.0,0.0,0.0,0.0,0.0,0.0,0.0,0.0,0.0,0.0,0.0,0.0,0.0,0.0,1.152695012275857,0.35186050435770968,391.82252203893156,457.53670316079947,9616.630301003392,0.2983433638076286,0.04553470143584075,304.7956253882842,356.9726348047413,6966.036560235287,0.9534951461165253,0.18017670939465717,571.2987945196926,666.2829101766453,14410.173758407505,0.32346357977083198,0.06112312542910655,407.60332904729997,477.8950332954299,9076.807621407364,0.0,0.0,11.742551981785235,13.970559698412565,165.64928468546987,0.0,0.0,71.45157700732715,84.02315115116741,1477.122242201176,0.0,0.0,245.06360459284623,289.33344740418098,4532.3409959174309,0.0,0.0,50.577459725642679,60.30535036914661,649.2760946895107,0.0,0.0,89.36315773582541,105.74992757084488,1552.1461676469078,49.35188235440068,33.84902767791543,703.0474207615318,827.1419082023953,15272.049733443626,0.0,0.0,125.98017651735495,149.86893902345396,1809.4473168278374,1881.353774248676,20.439692224658,28.627608609428223,22.0,30.0,0.0,19.571387917523436,30.17178450426995,16.0,30.0,4237.207802659154,20.822438647719708,27.978864241817058,22.0,30.0,0.0,19.268833813996684,30.768938953276395,16.0,30.0,0.0,15.017956023165489,39.90891667786518,12.0,30.0,0.0,18.420768597438497,32.21860351569584,16.0,30.0,0.0,17.29709149159993,34.63836883212198,10.0,30.0,0.0,14.368490898584144,41.636506797925218,12.0,30.0,1085.427508057084,16.728403118762555,35.82047358890694,16.75,30.0,0.0,18.251213362072929,0.0,0.0,0.0,15.098648590119007,0.0,0.0,430.61034443665838,430.8812178563669,430.36285427956826,430.6291617068415,436.88949164835187,434.63210947147686,433.8151211905753,435.9955984409742,435.59441693240469,10501.085320482278,81.06126569666566,86.3990413274902,60.0,0.0,60.0,60.0,16.0,16.0,16.0,16.0,12.0,12.0,21.0,10.0,1.0,0.0,1881.353774248676,0.0,4237.207802659154,0.0,0.0,0.0,0.0,1085.427508057084,8077.889654294994,4846733.792576997,6306235.350843262,81.06126569666566,86.4896944779006,0.35426298847649986,0.7667335248407632,0.36028137401965956,86.4896944779006,0.3542647819438875,6306235.350843262,0.3300709049105163 
 02/21  15:40:00,7.963333333333333,68.0,7.836666666666666,77.16666666666667,336.0,0.0,0.0,0.0,0.0,0.0,0.0,0.0,0.0,0.0,0.0,1341.0,0.0,1310.3360252028425,34.96545892104714,89.5981362117959,39.28989899536369,1045.7664247013666,0.0,34.965458921047119,47.80043324273777,0.0,0.0,19.554018888196553,-1023.8402389434884,20.316916211599108,458.62059483389086,19.9869698093271,-3035.082758398554,18.706852489813579,1054.4432357155789,14.922263477916918,52.185543156851689,19.697991225156409,-338.94225136028117,16.757668169768686,473.7733945956643,15.279260192719596,-37.01805628441501,16.1747420980803,-212.32512962484743,1372.5076179942167,778.8735165042892,0.0,0.0,0.0,0.0,0.0,0.0,0.0,0.0,0.0,0.0,0.0,0.0,0.0,0.0,0.0,0.0,0.0,0.0,0.0,0.0,0.0,0.0,1.244626706866411,0.3799226821936552,402.9807134573976,469.6117822435995,10466.997074314324,0.3183049683462012,0.04858134437518346,313.78688100488537,366.826576554302,7586.233114098146,1.046061334003835,0.19766843046179859,569.5042877989141,662.7686518223524,15201.550495573014,0.3362836753675835,0.06354566805887835,406.447484083917,475.5652315207553,9630.357173519667,0.0,0.0,13.013171918523876,15.485332640052139,185.76182068789647,0.0,0.0,85.07700036261349,99.64072602391153,1966.481336178994,0.0,0.0,298.35731695991026,351.619561504722,5852.5276061944209,0.0,0.0,37.42559845165918,44.44273588640127,591.2347597648703,0.0,0.0,139.03965548281847,164.55017331568215,2381.9948935954296,49.17550000822202,33.72805213183962,711.3202395756782,835.0570054132542,16579.962897563662,0.0,0.0,170.32480819506496,202.31349948361953,2586.9899374295539,1900.347705811149,21.165123313725716,27.497652962357095,22.000000000000055,30.000000000000076,0.0,20.237641222116247,29.07174067029201,16.00000000000004,30.000000000000076,4286.70099496429,21.566604244422327,26.850008545033647,22.000000000000055,30.000000000000076,0.0,19.985816159779668,29.55529189533763,16.00000000000004,30.000000000000076,0.0,15.071567452726209,39.85097853307744,12.000000000000032,30.000000000000076,1047.2369870847695,19.635964483721517,29.953519503664358,19.666666666666719,30.000000000000076,0.0,17.816797166788235,33.61818756234521,10.000000000000025,30.000000000000076,1332.7342757333877,16.057746963308686,37.49766585545084,17.000000000000044,30.000000000000076,0.0,16.587687972830496,36.2402069778909,16.00000000000004,30.000000000000076,0.0,19.006377122248798,0.0,0.0,0.0,15.491306615564897,0.0,0.0,429.99334934027226,430.27043988990916,429.7692473983028,430.03066463074659,435.39088034572895,433.4366493454527,432.72296404774866,434.2217516007776,433.86784040830755,10667.492852172021,80.951238322941,86.42603674519258,60.00000000000015,0.0,60.00000000000015,60.00000000000015,16.0,16.0,19.0,16.0,16.0,12.0,21.0,10.0,1.0,0.0,1900.347705811149,0.0,4286.70099496429,0.0,1047.2369870847695,0.0,1332.7342757333877,0.0,8285.356870301483,4971214.122180878,6498921.281741306,80.951238322941,86.51901699748588,0.35173411789893857,0.7642585812368599,0.36028137401966056,86.51901699748588,0.3542647819438884,6498921.281741306,0.340113906650548 
 02/21  15:50:00,7.931666666666667,68.5,7.673333333333334,69.33333333333334,323.0,0.0,0.0,0.0,0.0,0.0,0.0,0.0,0.0,0.0,0.0,1341.0,0.0,1239.3147484891886,31.53287487142165,80.80220721500982,37.16034504146404,989.0849315352373,0.0,31.532874871421634,43.10783060638445,0.0,0.0,19.833857728518028,-1154.7947828131462,20.686404376704194,328.72711379680637,20.157680182053129,-1941.9810169267528,19.04198215371441,755.5796027621458,14.9742936559521,58.447675303317229,19.69584906179965,-281.8626948214974,16.92515943023025,315.12747038730239,15.66863977458026,-20.444709716653315,16.1820639866648,0.9420104215910792,1416.7148930014203,890.5577392691695,0.0,0.0,0.0,0.0,0.0,0.0,0.0,0.0,0.0,0.0,0.0,0.0,0.0,0.0,0.0,0.0,0.0,0.0,0.0,0.0,0.0,0.0,1.3049664510934827,0.39834140753769439,376.03015788721168,437.7753801458779,10022.147909152765,0.29896749178088158,0.04562995906301625,256.11313950158168,298.9103672635675,6473.97166613481,1.1850617950633105,0.22393457956600799,445.19773571907469,517.8963494840054,12024.498452959378,0.3314760712865712,0.06263720167924643,353.7852543186149,413.339430468738,8691.978909229569,0.0,0.0,12.981423051181393,15.44494142327008,187.88202163664807,0.0,0.0,82.04511834315329,96.12214654895452,1890.9968386816216,0.0,0.0,329.61098803043117,388.2595699025294,6590.283296495124,0.0,0.0,25.6364494961816,30.35252697842484,435.771444048362,0.0,0.0,182.44304977962126,216.189117590899,3042.559217324975,48.68036400251967,33.38845267662539,600.5438680434062,704.1488664941908,14665.879097999954,0.0,0.0,205.29015635312656,243.52684359500806,3293.870079287498,1824.2172625367537,21.488575980769985,27.17040913721683,22.00000000000006,30.000000000000087,0.0,20.801837846681729,28.286097083302214,16.000000000000044,30.000000000000087,2726.2727757220848,21.619981930575756,26.970481990742817,21.666666666666726,30.000000000000087,0.0,20.412738881658766,28.99776989323483,16.000000000000044,30.000000000000087,0.0,15.14210720870322,39.8096038665682,12.000000000000036,30.000000000000087,0.0,19.605099299650555,30.149847200158754,19.000000000000058,30.000000000000087,0.0,18.000128360577045,33.42352175954905,10.000000000000029,30.000000000000087,0.0,16.487578987888896,36.57229421075813,16.000000000000044,30.000000000000087,0.0,16.278244495021167,37.15912396426601,16.000000000000044,30.000000000000087,0.0,19.367986155679746,0.0,0.0,0.0,15.929514165434071,0.0,0.0,428.83827209690448,429.1601125398823,428.71176688739726,428.9716486444272,433.7389310413714,431.9140428936408,431.19059049407925,432.89477141211889,431.9934703341175,10175.862891067853,81.27638421647211,85.13043050439176,60.00000000000017,0.0,60.00000000000017,60.00000000000017,16.0,16.0,19.0,16.0,16.0,12.0,21.0,10.0,1.0,0.0,1824.2172625367537,0.0,2726.2727757220848,0.0,0.0,0.0,0.0,0.0,5832.658129376572,3499594.8776259336,4566699.236959995,81.27638421647211,85.19588500491624,0.3455330487569973,0.7665497763869217,0.36028137401966067,85.19588500491624,0.3542647819438885,4566699.236959995,0.2396350269885864 
 02/21  16:00:00,7.9,69.0,7.51,61.5,310.0,0.0,0.0,0.0,0.0,0.0,0.0,0.0,0.0,0.0,0.0,1192.0,0.0,1167.3718841738838,28.075759351812527,71.94341998740363,35.00315810239965,931.6679331612527,0.0,28.07575935181251,38.38169159071613,0.0,0.0,19.973343955136444,-1232.1054001554169,20.847506537360439,210.73087233841444,20.239173308439523,-1715.3654808968643,19.14030605277951,649.1029791184658,15.015710565060394,54.785108135956708,19.529765101100915,-250.11033773525987,16.912277287208079,282.74856786714056,15.701700474671958,-33.12935011170349,15.838633974248618,12.091918281458903,1377.4626769868917,875.9011101200744,0.0,0.0,0.0,0.0,0.0,0.0,0.0,0.0,0.0,0.0,0.0,0.0,0.0,0.0,0.0,0.0,0.0,0.0,0.0,0.0,0.0,0.0,1.2966862982855958,0.3958138883655666,363.10504642422,422.53974354813189,9757.827813330376,0.28406692868698099,0.04335575834660883,224.2469380651125,261.5517228760458,5772.840164130377,1.216658885413033,0.22990530714532005,415.7588808820174,483.7258714872107,11256.280472903101,0.33226679147858775,0.06278661970494853,345.1012604490297,403.127708978652,8541.668131202847,0.0,0.0,12.643684560334579,15.039229950001872,184.97261905313673,0.0,0.0,79.46842190427309,93.18042152858023,1797.864299475234,0.0,0.0,339.4008389517177,399.92495761382465,6743.622721911859,0.0,0.0,24.878078143886009,29.450940077924274,433.49070890400398,0.0,0.0,195.3988522144353,231.68652191085074,3195.3450352375705,47.889562930368757,32.84606510999229,559.4134807371308,655.9080940557606,13784.438551522957,0.0,0.0,219.2699758022772,260.1131897473931,3537.8755695917996,1825.309523865233,21.57441517876479,27.140388528815568,22.0,30.0,0.0,21.012557947993736,28.03721863494845,16.0,30.0,2360.7661219987014,21.616711949660496,27.089393674677337,21.625,30.0,0.0,20.474000647877813,29.0045847281496,16.0,30.0,0.0,15.189891117674066,39.84174785340293,12.0,30.0,0.0,19.346737804920719,30.763634623251276,19.0,30.0,0.0,17.901397470735505,33.76128476430033,10.0,30.0,556.2565594674882,16.662101345915404,36.32761643219618,16.375,30.0,0.0,16.077303750893078,37.79593377757146,16.0,30.0,0.0,19.380668233001449,0.0,0.0,0.0,15.94988716875807,0.0,0.0,428.26738548631769,428.5717630596676,428.1529093026924,428.4189205012808,432.3893834977904,430.9099915995226,430.3611383118362,431.63227196730579,430.96581750857976,10122.434374396384,81.31171689300875,83.12750496738906,60.0,0.0,60.0,60.0,16.0,16.0,19.0,16.0,16.0,12.0,21.0,10.0,1.0,0.0,1825.309523865233,0.0,2360.7661219987014,0.0,0.0,0.0,556.2565594674882,0.0,2747.8558389850215,1648713.503391013,2135158.273806502,81.31171689300875,83.15834307689475,0.34659519463283408,0.7708465222099292,0.36028137401965956,83.15834307689475,0.3542647819438875,2135158.273806502,0.11319156357127146 
 02/21  16:10:00,7.7666666666666679,69.5,7.595000000000001,53.666666666666667,297.0,0.0,0.0,0.0,2.0,0.0,0.0,0.0,0.0,0.0,4.0,447.0,0.0,1094.7696220000274,24.595917728627179,63.026400956827348,32.826199840270209,873.7246807483983,0.0,24.595917728627169,33.62448426848517,0.0,0.0,20.04513505176204,-1271.8578897607386,20.904634676639036,134.99986437023865,20.4210856412878,-1886.3641672152244,19.254362327991577,867.2066144215999,15.049357844683874,52.92382309544318,19.562085932773827,-82.47254142538034,16.861718526306757,304.48982202309409,15.42651821639452,-12.244474359378766,16.238673638090299,-155.54713222349879,1411.7563759847035,747.9938192044068,0.0,0.0,0.0,0.0,0.0,0.0,0.0,0.0,0.0,0.0,0.0,0.0,0.0,0.0,0.0,0.0,0.0,0.0,0.0,0.0,0.0,0.0,1.4227375454593292,0.4342910700425303,291.09824359667808,338.56785530127265,7879.4808752798439,0.2957720990433075,0.04514226175874657,200.84882088936144,233.96393004939325,5249.201630620858,1.0826976362265644,0.20459139006548844,390.442619097323,453.53117539965685,10772.735389593978,0.33894901896208998,0.06404932331105251,392.8294845020283,458.20946721022036,9931.750437490467,0.0,0.0,13.11543893314795,15.586801613153377,196.28398873079625,0.0,0.0,17.851209238426397,20.906694287593518,411.50887853482927,0.0,0.0,246.35136228326858,290.332748452155,4878.562489438159,0.0,0.0,28.530598780854807,33.792240692404117,476.5190254663934,0.0,0.0,159.96755172785698,189.29764055014574,2823.1387486059968,48.5167437768757,33.27623029964041,583.6997133073526,683.5822434181621,14580.50295434219,0.0,0.0,185.41601310687586,220.01623962831909,2981.4776074473049,1861.3005298495023,21.519329027251425,27.293056219306778,22.0,30.0,0.0,21.06920347710486,28.03013938902577,16.0,30.0,1230.6751650598172,21.826293621772729,27.305345462907466,21.666666666666669,30.0,0.0,20.61574584977474,29.165369742352028,16.0,30.0,0.0,15.224062491788807,39.91056597579527,12.0,30.0,0.0,19.434099045131196,32.1145219467979,19.0,30.0,0.0,17.745563520304015,34.21684436099146,10.0,30.0,50.57810599163342,16.135919613346947,37.697375354695449,16.0,30.0,995.6361715142924,16.678498189015,36.493232196589648,16.666666666666669,30.0,0.0,19.4682327693233,0.0,0.0,0.0,15.732560103671846,0.0,0.0,428.6627217992742,429.652461201665,455.9396670417128,445.86165324534456,431.29345090694417,523.2322046500705,429.85287649413098,430.898810266771,430.51091090516379,10534.534125950628,81.03914613571289,85.81528550806785,1744.0,0.0,1744.0,1744.0,16.0,16.0,19.0,16.0,16.0,12.0,21.0,10.0,1.0,0.0,1861.3005298495023,0.0,1230.6751650598172,0.0,0.0,0.0,50.57810599163342,995.6361715142924,7227.883680405814,4336730.208243488,5654801.211393226,81.03914613571289,85.89640021030502,0.35426278934686047,0.7663429784255416,0.36028137401965956,85.89640021030502,0.3542647819438875,5654801.211393226,0.35683366299244775 
 02/21  16:20:00,7.633333333333334,70.0,7.68,45.83333333333333,284.0,0.0,0.0,0.0,2.0,0.0,0.0,0.0,0.0,0.0,4.0,596.0,0.0,1021.7783724150453,21.095152169546215,54.055768342090498,30.637578408839177,815.4709862987043,0.0,21.095152169546205,28.83867233954184,0.0,0.0,20.108312060128016,-1272.362383420248,20.922212935385667,108.54811156697656,20.270640427633304,-1037.181108914682,19.255793378330738,336.6335367792278,15.076401458945706,53.35239540650532,19.66327208935084,-79.13049858471382,17.003488266066094,305.8785783665544,15.847713192340504,-60.73813476269788,16.187269705454246,-189.6708469242244,1340.3400093397514,822.9161605247798,0.0,0.0,0.0,0.0,0.0,0.0,0.0,0.0,0.0,0.0,0.0,0.0,0.0,0.0,0.0,0.0,0.0,0.0,0.0,0.0,0.0,0.0,1.336121585691255,0.4078515218837775,278.60896899287277,324.16942276822638,7599.454583272531,0.2744092783096107,0.04188175798376232,182.76557697584065,212.9648028523032,4829.284461774261,1.3533807962998626,0.25574089121312607,262.8410713410067,306.0428876777308,7074.424655048496,0.3241547688993048,0.06125373561967209,273.1119662475639,318.8771318081324,6907.944625755129,0.0,0.0,13.134886772709953,15.61432411192788,200.6526461419416,0.0,0.0,17.47163735274992,20.451772600198607,413.290231111297,0.0,0.0,242.56271584460286,285.6279690686115,4973.8823471662749,0.0,0.0,27.33066427896612,32.32242764406563,501.050292581755,0.0,0.0,157.1462528122969,185.93981387559865,2792.2517901751446,48.93541212660348,33.563382802883058,445.6479111568881,522.5619967661477,11317.666082846714,0.0,0.0,182.43962209781933,216.4991352508968,2953.1944274134878,1798.010243325966,21.490858039063278,27.61506887584004,22.0,30.0,0.0,21.082540665821843,28.208640299902866,16.0,30.0,804.0936600296429,21.30025176920531,28.714495954944029,21.25,30.0,0.0,20.462783883592008,29.963810612334286,16.0,30.0,0.0,15.246606959529782,39.99490880945437,12.0,30.0,0.0,19.61248320765635,33.232085388634107,19.0,30.0,0.0,17.95664837872797,33.938352262467429,10.0,30.0,686.8232466874692,16.835688680016568,36.192787840356839,16.75,30.0,0.0,16.547315783580307,36.945353183251068,16.0,30.0,0.0,19.215285306687457,0.0,0.0,0.0,15.695209746329418,0.0,0.0,438.98912840013659,437.0653257968945,481.4394412594753,469.80887928998205,431.06761333212855,613.0769116084375,432.66105704376056,431.5577111731668,432.1536970375132,10103.887461855766,81.32400437871365,83.04972670167557,1744.0,0.0,1744.0,1744.0,16.0,16.0,19.0,16.0,16.0,12.0,21.0,10.0,1.0,0.0,1798.010243325966,0.0,804.0936600296429,0.0,0.0,0.0,686.8232466874692,0.0,2611.6971149935668,1567018.26899614,2032525.034233766,81.32400437871365,83.0790351957244,0.3420565704997856,0.7695955551602625,0.36028137401965956,83.0790351957244,0.3542647819438875,2032525.034233766,0.1680877462246003 
 02/21  16:30:00,7.5,70.5,7.765,38.0,271.0,0.0,0.0,0.0,2.0,0.0,0.0,0.0,0.0,0.0,4.0,447.0,0.0,948.6856881352758,17.575200804487446,45.03597625562667,28.445915961845097,757.1363428478403,0.0,17.575200804487439,24.0266319592597,0.0,0.0,20.159535026491363,-1312.1381530410909,20.916578323747296,110.21711991431246,20.110603983294284,-1232.621635338079,19.139436322210327,549.0696756581835,15.1038875035423,53.104915069711918,19.725146982762668,-90.54067232217582,16.95930133290546,227.84111502631994,15.518512328983164,-21.63263981034992,15.924780457681845,-53.147693036182307,1359.8447040838528,875.8596970689738,0.0,0.0,0.0,0.0,0.0,0.0,0.0,0.0,0.0,0.0,0.0,0.0,0.0,0.0,0.0,0.0,0.0,0.0,0.0,0.0,0.0,0.0,1.3589764534441003,0.4148279772417887,278.92293773987339,324.4256408819043,7670.6402897710599,0.2785410628556268,0.04251237223071226,182.75768099532599,212.86411725335777,4874.775538895862,1.361184945389786,0.257215598146218,313.3956181402821,364.8714654217308,8444.999457427268,0.3474010449602884,0.06564645596377328,325.75315532213286,380.4561503735397,8186.582408410399,0.0,0.0,13.069793323365449,15.531189841946978,203.78185524777394,0.0,0.0,17.830682161701519,20.853421281510188,430.5010811816609,0.0,0.0,266.2403691018378,313.5874191187638,5453.658528957861,0.0,0.0,27.471749973387046,32.5358009218437,477.4281093499201,0.0,0.0,179.47662938641066,212.63203337747133,3093.0171968014967,49.49437659119321,33.94676035061263,497.7114740460403,583.3969820134039,12640.914861549692,0.0,0.0,207.2330733745907,245.76808010538944,3454.321358088675,1808.9707429896444,21.468449164834089,27.95030042370086,21.999999999999994,29.99999999999999,0.0,21.0744906180113,28.501004560031608,15.999999999999993,29.99999999999999,43.27852248486339,21.18481748697272,29.15805265094096,20.999999999999994,29.99999999999999,0.0,20.252110072339368,30.647026315763136,15.999999999999993,29.99999999999999,0.0,15.270827810615799,40.1187330817075,11.999999999999995,29.99999999999999,0.0,19.730033524068085,34.01608944677486,18.999999999999994,29.99999999999999,0.0,17.808691356953465,34.46014459450053,9.999999999999997,29.99999999999999,5.5159464152284409,16.206827683904167,37.86157498404382,15.999999999999993,29.99999999999999,0.0,16.1191912649321,38.18188720090316,15.999999999999993,29.99999999999999,0.0,19.206999574494334,0.0,0.0,0.0,15.809747831595662,0.0,0.0,452.9998619519791,448.66563980437277,489.384288159487,480.3702004262208,432.7070860031846,670.4735001635489,438.3431046907888,434.5208091705336,436.2887921002552,9962.92471524887,81.4172078010502,85.96219048189426,1743.9999999999996,0.0,1743.9999999999996,1743.9999999999996,16.0,16.0,19.0,16.0,16.0,12.0,21.0,10.0,1.0,0.0,1808.9707429896444,0.0,43.27852248486339,0.0,0.0,0.0,5.5159464152284409,0.0,6878.432980727624,4127059.7884365769,5378411.517202279,81.4172078010502,86.03937937612202,0.34261443269092087,0.7654914107993238,0.36028137401965945,86.03937937612202,0.35426478194388735,5378411.517202279,0.3416862877834073 
 02/21  16:40:00,7.366666666666666,71.0,7.85,32.0,225.83333333333335,0.0,0.0,0.0,2.0,0.0,0.0,0.0,0.0,0.0,4.0,596.0,0.0,805.8242770179192,14.49886142453476,37.15290858643025,24.16227404354409,643.120042223697,0.0,14.498861424534752,19.82104279495109,0.0,0.0,20.25843217721028,-1314.5500398027689,20.878854355845719,132.0761083224145,20.5545070675782,-1857.5375736383379,19.301286953044817,819.4729069788825,15.12173440651533,52.235111070070207,19.717704574954277,-86.05038669349557,17.0265192760318,369.3396528968936,15.913130425272737,-61.403910923701818,16.361224291903516,-268.8058487089563,1414.9821457939166,774.8686231291035,0.0,0.0,0.0,0.0,0.0,0.0,0.0,0.0,0.0,0.0,0.0,0.0,0.0,0.0,0.0,0.0,0.0,0.0,0.0,0.0,0.0,0.0,1.4817111615406547,0.4522927843530693,285.00341585007359,331.5146677881833,7951.45786850254,0.3042792145892104,0.04644066156733982,192.8889474318611,224.7157013994642,5193.236388326927,1.2276414098167925,0.23198061409992316,369.6298182636425,429.60555351918858,10474.450872316515,0.3555239530322556,0.06718139702045646,374.1567435529603,436.7265301765716,9704.472730754433,0.0,0.0,13.358604781089156,15.878381260314617,212.17432128506085,0.0,0.0,17.726454987305126,20.734751799978498,434.17524473122617,0.0,0.0,230.12466642856368,271.07474308871096,4819.447269275006,0.0,0.0,25.952899724761516,30.68733232924577,490.9616206088877,0.0,0.0,144.56790379108205,170.9265707516048,2732.1386507834747,50.18519066133288,34.42056972656579,556.5882843679044,652.3114962205102,14334.853037660685,0.0,0.0,169.66685386625066,201.43748214707939,2815.736402313221,1861.9029907907839,21.534865771218624,28.145945086360219,22.000000000000008,30.00000000000001,0.0,21.06694124292212,28.85478147512566,16.000000000000008,30.00000000000001,1479.9582422262175,21.77812535192269,28.294753170111286,21.500000000000008,30.00000000000001,0.0,20.533869035638174,30.357851294710526,19.000000000000008,30.00000000000001,0.0,15.283261182659303,40.31948059256752,12.000000000000004,30.00000000000001,0.0,19.776093377905516,34.55909020847001,19.000000000000008,30.00000000000001,0.0,17.918418901636309,34.57746894099209,10.000000000000004,30.00000000000001,677.0695911735601,16.858248154490693,36.557789339619919,16.750000000000008,30.00000000000001,854.8726944601656,16.83998207921575,36.74286462482881,16.250000000000008,30.00000000000001,0.0,19.340923354203093,0.0,0.0,0.0,15.608043594905779,0.0,0.0,466.94340449621759,463.9928102342184,499.03413769300917,490.65864464621878,437.01565439955575,702.460433111457,449.28716397252159,440.3545178893709,443.8093252428516,9820.463596280473,81.5113969199763,85.00756229636518,1744.0000000000005,0.0,1744.0000000000005,1744.0000000000005,16.0,19.0,19.0,16.0,16.0,12.0,21.0,10.0,1.0,0.0,1861.9029907907839,0.0,1479.9582422262175,0.0,0.0,0.0,677.0695911735601,854.8726944601656,5291.003792439432,3174602.275463657,4133765.5408044296,81.5113969199763,85.0669387909288,0.3463667930813144,0.7671051123131238,0.36028137401965967,85.0669387909288,0.35426478194388769,4133765.5408044296,0.27657714145516368 
 02/21  16:50:00,7.233333333333333,71.5,7.935,26.000000000000005,180.66666666666669,0.0,0.0,0.0,2.0,0.0,0.0,0.0,0.0,0.0,4.0,447.0,0.0,644.7943199060329,11.526179554822726,29.535472037698317,19.333859973000423,514.6036497915169,0.0,11.526179554822719,15.757161305910087,0.0,0.0,20.310559710774208,-1392.3868624522152,20.82017115171041,152.895190217308,20.40992962701643,-1133.7470314717817,19.306828405268477,379.76748155915416,15.13577307019822,54.671955685984119,19.668528633267873,-88.19286424147158,17.097891435171669,236.74403736763106,15.592510574693332,-30.364666824247199,16.046778165133707,-116.14449564814255,1386.9066166107555,916.0781672021828,0.0,0.0,0.0,0.0,0.0,0.0,0.0,0.0,0.0,0.0,0.0,0.0,0.0,0.0,0.0,0.0,0.0,0.0,0.0,0.0,0.0,0.0,1.4349835994782197,0.4380291817699087,297.43967672049959,345.9136925044817,8355.685370014045,0.29722144297563649,0.04536346809762465,198.84425471423016,231.60817534674227,5400.770506855581,1.456354300175207,0.27519922527876208,270.7663443814953,315.1509231837041,7525.7287870217619,0.34743958861865106,0.06565373934592805,281.16537398672735,328.2365161790565,7316.983501277829,0.0,0.0,13.339080163808312,15.85041189459174,215.70140672766437,0.0,0.0,18.023372858706059,21.073045190431598,446.30952848054087,0.0,0.0,260.409278184182,306.53040744738186,5550.225389138754,0.0,0.0,29.676405287389714,35.145429826608168,531.8022008185849,0.0,0.0,170.54870231175949,201.93486337423424,3075.407385613627,50.676464574679609,34.75752028441678,469.4911692673137,550.3363288519514,12314.884033218483,0.0,0.0,200.54008299686974,237.85104084538058,3427.7524538144527,1836.0847710708202,21.504500258678996,28.349987114615055,22.000000000000019,30.00000000000002,0.0,21.053789855245335,29.115547746749603,16.000000000000015,30.00000000000002,853.1432215505932,21.346805158575049,29.411831518696269,21.33333333333335,30.00000000000002,0.0,20.42191320491954,30.893765695912287,19.000000000000015,30.00000000000002,0.0,15.29328205612943,40.61171839634574,12.00000000000001,30.00000000000002,0.0,19.778397423550758,35.079084753237697,19.000000000000015,30.00000000000002,0.0,17.970219368224794,34.69785902245684,10.000000000000007,30.00000000000002,0.0,16.214961532246247,38.428326830519299,16.000000000000015,30.00000000000002,0.0,16.26499225506352,38.46439751267472,16.000000000000015,30.00000000000002,0.0,19.208813590991619,0.0,0.0,0.0,15.739821831777736,0.0,0.0,472.8312052167944,474.43504921185777,516.2735332108322,506.5167853184036,444.48178826611356,726.2294484620301,457.2950057699685,449.812706116338,454.02234727091015,9201.239650936554,81.92090720734987,81.92090720734987,1744.0000000000014,0.0,1744.0000000000014,1744.0000000000014,16.0,19.0,19.0,16.0,16.0,12.0,21.0,10.0,1.0,0.0,1836.0847710708202,0.0,853.1432215505932,0.0,0.0,0.0,0.0,0.0,0.0,0.0,0.0,81.92090720734987,81.92090720734987,0.3400000000000003,0.7715344056311203,0.3602813740196598,81.92090720734987,0.3542647819438878,0.0,0.06104 
 02/21  17:00:00,7.1,72.0,8.02,20.0,135.5,0.0,0.0,0.0,2.0,0.0,0.0,0.0,0.0,0.0,4.0,447.0,0.0,469.06378925974857,8.665846043012707,22.205936923710664,14.064659152713105,374.3549167140202,0.0,8.665846043012703,11.846868539784259,0.0,0.0,20.326794755130004,-1380.7790162914578,20.750221599783843,209.95250619283997,20.416832697498678,-1231.7945658545337,19.292194892315938,608.3141397345801,15.14280370532892,51.076788344942659,19.56476493290965,-102.90353430212778,16.98982436743374,210.372350758348,15.851482054334334,-48.86399681607236,16.245585731306954,-188.66838155483203,1449.2129050516899,896.0674344689551,0.0,0.0,0.0,0.0,0.0,0.0,0.0,0.0,0.0,0.0,0.0,0.0,0.0,0.0,0.0,0.0,0.0,0.0,0.0,0.0,0.0,0.0,1.5182875154405738,0.46345772754596306,310.66118849623777,361.4490976611436,8745.99109495177,0.32056223124304808,0.04892585946932972,213.16052687620818,248.30652034087604,5849.4987709336169,1.3912282467563593,0.2628927148065685,318.8283909535854,371.1573625717294,8878.709813854135,0.35284985672658089,0.06667608781681425,326.33970221294205,380.9705820661457,8554.816173237901,0.0,0.0,13.455315408914455,15.988466311376355,221.185430464817,0.0,0.0,18.91676339478942,22.123562079982464,471.00503849928875,0.0,0.0,274.7559098188321,323.7218136261798,5808.117562420916,0.0,0.0,27.760245819739759,32.84808878145841,525.9843979844739,0.0,0.0,186.77995697671018,221.09030147924416,3463.1182135313044,51.34603494487211,35.21675922144867,529.6398203301229,620.5256002473578,14062.98180992926,0.0,0.0,213.95383160062753,253.892874694729,3676.1107885990629,1825.8387723193139,21.44223309933268,28.896126490202059,22.000000000000019,30.00000000000002,0.0,21.053199863293643,29.50857594733005,16.000000000000015,30.00000000000002,0.0,21.22299304846171,29.982488625923243,21.000000000000015,30.00000000000002,0.0,20.410242787251528,31.277479850831854,19.000000000000015,30.00000000000002,0.0,15.293375990477705,40.999465269383367,12.00000000000001,30.00000000000002,0.0,19.710409113868196,35.58091810406401,19.000000000000015,30.00000000000002,0.0,17.731639093536498,35.71633851610397,10.000000000000007,30.00000000000002,703.3193072061096,16.631133307568427,37.87106185094013,16.66666666666668,30.00000000000002,860.3276328855321,16.3712532318683,38.71548894775225,16.333333333333348,30.00000000000002,0.0,19.34334344910602,0.0,0.0,0.0,15.661818285144023,0.0,0.0,493.59497209517829,492.3557631769536,529.5437247419234,519.1947649184425,454.79253714143717,739.3059678484863,474.42101256143698,462.8352473543514,468.94536804203559,9257.348166666887,81.88369993944134,84.25683066731355,1744.0000000000014,0.0,1744.0000000000014,1744.0000000000014,16.0,19.0,19.0,16.0,16.0,12.0,21.0,10.0,1.0,0.0,1825.8387723193139,0.0,0.0,0.0,0.0,0.0,703.3193072061096,860.3276328855321,3591.3678794778654,2154820.7276867178,2801361.061900833,81.88369993944134,84.29713430532617,0.346378929315929,0.767800763445435,0.3602813740196598,84.29713430532617,0.3542647819438878,2801361.061900833,0.20612944188551 
 02/21  17:10:00,6.961666666666667,72.33333333333333,7.973333333333334,13.999999999999999,90.33333333333332,0.0,4.0,0.0,0.0,0.0,0.0,0.0,0.0,0.0,0.0,596.0,0.0,304.9494450014738,5.932967424836038,15.203013340046262,9.14376583948695,243.3769579127674,0.0,5.932967424836035,8.110816276216623,0.0,0.0,20.402825490330458,-1303.4601596462968,20.627267908558044,188.39686292867783,20.512639873589558,-846.5576830157686,19.208233428924538,-18.754166674920158,15.145050952277814,52.013267642462199,19.274288591137088,-245.3151151729512,17.17447348925615,390.9123385481025,15.811594151890495,-49.03173774733446,16.33230729262562,-246.3744912077991,1241.7307421669898,934.4645701989362,0.0,0.0,0.0,0.0,0.0,0.0,0.0,0.0,0.0,0.0,0.0,0.0,0.0,0.0,0.0,0.0,0.0,0.0,0.0,0.0,0.0,0.0,1.5141241358877467,0.46218685466658945,359.1487928917351,417.78322770695527,10253.319607751975,0.3190569091521649,0.048696109455458626,168.4089398676633,196.1723747041392,4644.743206536761,1.3035966048306742,0.24633344762484406,169.701408214272,197.0837829646697,4960.959483819476,0.3945298124432771,0.0745521187534537,35.653977847369947,41.652099941021727,931.1630726715659,0.0,0.0,13.01765788709287,15.473668443695738,217.44805056779843,0.0,0.0,81.75404269806731,95.81672016863144,2002.8817400868334,0.0,0.0,317.28470873353856,373.45700618386049,7005.006022140599,0.0,0.0,29.01969833203127,34.34866393371132,549.3472539660286,0.0,0.0,164.87123592103689,195.06295146002265,3169.147649454353,51.052201013518608,35.015227032591649,284.2394796351322,333.7778286362859,7745.237569692725,0.0,0.0,193.26607409147943,229.43558752467698,3347.387610488415,1841.6004422967176,21.477865174851546,28.89886806871162,22.0,30.0,0.0,20.95622354673356,29.841318425667823,16.0,30.0,1607.0261703505537,21.584820704854903,28.88613265968472,21.5,30.0,0.0,20.09005668279851,34.242213103699558,19.0,30.0,0.0,15.28765625294111,41.537545391406457,12.0,30.0,0.0,19.3452887199838,33.64623817038795,16.0,30.0,0.0,18.080448356456736,35.70820978439608,10.0,30.0,0.0,16.457849601887184,38.74980470554489,16.0,30.0,0.0,16.5943107089282,38.73372374760653,16.0,30.0,0.0,18.59727399985631,0.0,0.0,0.0,15.58690413488126,0.0,0.0,494.3431926960675,498.5430636386368,502.75104765636106,658.7354595384901,472.7938399177901,559.7560099447461,514.3162369760338,480.3129888211359,493.24880680138599,9047.433805752074,82.02261215929565,82.02261215929565,162.0,0.0,162.0,162.0,16.0,19.0,16.0,16.0,16.0,12.0,21.0,10.0,1.0,0.0,1841.6004422967176,0.0,1607.0261703505537,0.0,0.0,0.0,0.0,0.0,0.0,0.0,0.0,82.02261215929565,82.02261215929565,0.34,0.7700244498563115,0.36028137401965956,82.02261215929565,0.3542647819438875,0.0,0.005562 
 02/21  17:20:00,6.823333333333333,72.66666666666667,7.926666666666667,7.999999999999999,45.16666666666666,0.0,4.0,0.0,0.0,0.0,0.0,0.0,0.0,0.0,0.0,298.0,0.0,154.64028622611296,3.3581148794792066,8.605038601401896,4.636816075482621,123.41678990448632,0.0,3.3581148794792048,4.590797634901541,0.0,0.0,20.224665053532339,-1727.435118761845,20.53434497637898,260.34654490828327,20.266495082497458,-437.7990283015124,19.067086570670527,-39.98365277753476,15.146749372671128,54.212841802601108,18.95404055851508,-142.49439062318175,17.22861639439224,252.0959487459395,15.84326137060037,-66.05535629558227,16.00508402260031,-104.29425325048214,1334.5173581406517,1062.276608079796,0.0,0.0,0.0,0.0,0.0,0.0,0.0,0.0,0.0,0.0,0.0,0.0,0.0,0.0,0.0,0.0,0.0,0.0,0.0,0.0,0.0,0.0,1.4861538101129913,0.45364890418589479,462.1202528044504,538.1426122253549,12712.57790999944,0.3109446723016345,0.047457978068015039,229.75791760994773,267.56724673196029,6376.874393589799,1.5302649393079793,0.28916571037565766,221.6869379713384,257.5348955645262,6418.607056952329,0.39826627917726556,0.07525817822699649,33.33461045969874,38.94912106430189,863.7300692286998,0.0,0.0,12.727708233169082,15.11383445211581,216.03685177821508,0.0,0.0,70.23679386136752,82.35205321869931,1691.4455587499295,0.0,0.0,332.87379701929947,391.4244656802242,7446.684547745481,0.0,0.0,34.80042507893657,41.13509723699647,676.4617850483037,0.0,0.0,185.17359577687894,219.20747030542317,3445.103944659505,50.90223343966657,34.91236861431179,388.7802642021644,455.4842873234252,10549.35582315853,0.0,0.0,219.20494889764798,259.85248483839839,3912.581804390366,1894.521669901762,21.018795098076475,29.880218322959054,22.0,30.0,0.0,20.93986793200228,29.90986806119663,16.0,30.0,1224.3723807952893,21.275264808952607,29.34030935200265,21.5,30.0,0.0,19.80458026234917,36.53302859530511,19.0,30.0,0.0,15.28238646295199,42.08227623561011,12.0,30.0,0.0,18.984712807876766,33.71013893689299,16.0,30.0,0.0,18.090387111414754,35.57530930514223,10.0,30.0,609.4135444892639,16.51096705648382,39.20449890703,16.5,30.0,0.0,16.129332528837929,40.272650716399727,16.0,30.0,0.0,18.84930560873565,0.0,0.0,0.0,15.712220290648057,0.0,0.0,501.2839806848857,497.6563282804166,496.71912503836799,766.2069793415865,492.22948685629856,512.4104589596609,504.4704681733149,504.05274456373606,508.695431687362,8900.291285730204,82.1198711737741,82.1198711737741,162.0,0.0,162.0,162.0,16.0,19.0,16.0,16.0,16.0,12.0,21.0,10.0,1.0,0.0,1894.521669901762,0.0,1224.3723807952893,0.0,0.0,0.0,609.4135444892639,0.0,0.0,0.0,0.0,82.1198711737741,82.1198711737741,0.34,0.7719555756641228,0.36028137401965956,82.1198711737741,0.3542647819438875,0.0,0.00558 
 02/21  17:30:00,6.685,73.0,7.88,0.0,0.0,0.0,4.0,0.0,0.0,0.0,0.0,0.0,0.0,0.0,0.0,1043.0,0.0,0.0,0.0,0.0,0.0,0.0,0.0,0.0,0.0,0.0,0.0,20.397051377453715,-943.3181756480046,20.36028169420077,175.53377340963716,20.492594995655595,-1249.3934193381923,18.99303735817057,12.49333735846249,15.144577409427102,48.74415828728394,18.713190101085205,-130.05781573789714,17.136779012471366,276.3918028305935,15.99716226473625,-54.09434300438343,16.441905988783753,-214.2307929215472,1151.3053040873602,936.355955536182,0.0,0.0,0.0,0.0,0.0,0.0,0.0,0.0,0.0,0.0,0.0,0.0,0.0,0.0,0.0,0.0,0.0,0.0,0.0,0.0,0.0,0.0,1.5177449752776105,0.46329211699560715,322.71118074111328,375.5731941566844,9356.999173634096,0.32210489762503738,0.04916130916133044,190.9717458139248,222.58962759495845,5299.596853749266,1.2702471537240153,0.24003158611564905,191.66294871737444,222.97452938916264,5628.6444903394799,0.417020600937202,0.07880207878631926,39.75118964988919,46.51859641049171,1027.9808175544386,0.0,0.0,12.309379855657398,14.636530174545229,212.0576368624755,0.0,0.0,64.82659828261117,76.16524277135429,1551.6818431679586,0.0,0.0,301.78124517834785,355.681377241826,6717.767084469509,0.0,0.0,26.62741874854751,31.513640488371246,524.3818375113808,0.0,0.0,169.6722847660452,201.0201305114995,3305.5111331772056,50.6446877346109,34.73572546955478,254.811282169087,299.602816506545,7039.770439322741,0.0,0.0,194.39693744913328,231.0426680143882,3440.7038763355137,1855.5977069617403,21.35321858259548,29.414070659275887,21.999999999999976,29.999999999999969,0.0,20.79985122499868,30.320445333827054,15.999999999999983,29.999999999999969,1537.6721867423435,21.56412538341732,29.086847278949795,21.428571428571407,29.999999999999969,0.0,19.66410682111813,37.14462223176951,18.99999999999998,29.999999999999969,0.0,15.271938967794128,42.32186088898326,11.999999999999986,29.999999999999969,0.0,18.767463832383198,34.16151064350089,15.999999999999983,29.999999999999969,0.0,17.89746140676946,36.167952929351567,9.99999999999999,29.999999999999969,0.0,16.57508758574215,39.17319497070934,15.999999999999983,29.999999999999969,882.0574231155354,16.521882565115655,39.36860596824967,16.428571428571418,29.999999999999969,0.0,18.19229281267966,0.0,0.0,0.0,15.47324980086393,0.0,0.0,514.191978390243,507.59622001766618,516.406692299528,789.9468753357124,498.379155968336,507.82097088674228,508.9650981321499,507.87364012319417,507.5319718000626,9802.414061525855,81.52334766132717,83.55722821068277,161.9999999999998,0.0,161.9999999999998,161.9999999999998,16.0,19.0,16.0,16.0,16.0,12.0,21.0,10.0,1.0,0.0,1855.5977069617403,0.0,1537.6721867423435,0.0,0.0,0.0,0.0,882.0574231155354,3077.9641683534707,1846778.501012084,2408696.2045669725,81.52334766132717,83.59177025443086,0.34545594846892499,0.7683659721102669,0.3602813740196592,83.59177025443086,0.3542647819438872,2408696.2045669725,0.1308502026374826 
 02/21  17:40:00,6.546666666666667,73.33333333333333,7.833333333333334,0.0,0.0,0.0,4.0,0.0,0.0,0.0,0.0,0.0,0.0,0.0,0.0,745.0,0.0,0.0,0.0,0.0,0.0,0.0,0.0,0.0,0.0,0.0,0.0,20.603443805337006,-1003.55657310679,20.878246680165519,-367.35407144928589,20.46275451814308,-586.3345421693713,18.972696067129588,31.724860073145878,15.148144564157379,51.55227497255245,18.526312606230396,-71.62255864803541,17.267914993388428,257.4160124723384,15.900168645843318,-66.99554408894832,16.2588134209009,-269.7104988548887,992.8092322635338,1063.7444821466154,0.0,0.0,0.0,0.0,0.0,0.0,0.0,0.0,0.0,0.0,0.0,0.0,0.0,0.0,0.0,0.0,0.0,0.0,0.0,0.0,0.0,0.0,1.497677887775176,0.4571666324100047,247.37669811509475,287.9216606359503,7353.820410961944,0.2846594462556585,0.04344619143096129,133.43050088771654,155.35836110726746,3941.3120937466549,1.438451753063913,0.27181627986846437,140.9623169690337,164.14356758604695,4171.337763129291,0.4571330713463861,0.08638191068525809,44.4253401063032,51.98373293414444,1156.7828481941,0.0,0.0,12.499954078127497,14.860883259293742,218.61994792411913,0.0,0.0,53.22157901455485,62.56536611117924,1268.8590157217182,0.0,0.0,299.2755497219935,352.33168323897487,6860.256351219911,0.0,0.0,30.776211817624227,36.437559424683737,612.6140663551555,0.0,0.0,172.1771518025159,203.81758229327995,3413.138894510034,50.553606928513399,34.67325578087338,177.7498375819019,209.56440887469845,5099.34584413461,0.0,0.0,201.28021690966669,239.14747958664209,3585.796344229244,1549.7124283696658,21.712809803859068,28.914634699415907,21.999999999999994,29.99999999999999,1675.586667205622,21.720163781513006,28.856894040877806,21.999999999999994,29.99999999999999,1238.0938766346367,21.54390340553536,29.255916097082719,21.399999999999996,29.99999999999999,0.0,19.61359824173348,36.961305325422859,18.999999999999994,29.99999999999999,0.0,15.263759091851578,42.55928696769345,11.999999999999999,29.99999999999999,0.0,18.571371326438386,34.6892178018646,15.999999999999993,29.99999999999999,0.0,18.09064427844435,35.84575394126478,9.999999999999997,29.99999999999999,585.932969675798,16.554728190939856,39.34794983022932,16.399999999999996,29.99999999999999,0.0,16.481265675761688,39.57753100742946,15.999999999999993,29.99999999999999,0.0,17.486758300997065,0.0,0.0,0.0,15.415056158932638,0.0,0.0,525.3243559361727,521.842270655076,526.976044457877,776.2397399131282,503.81213141716446,509.8350877482378,512.7203398020164,508.54938777550009,509.45587551729707,10608.62922422477,80.99014286100723,86.6951598477541,161.99999999999995,0.0,161.99999999999995,161.99999999999995,21.0,19.0,16.0,16.0,16.0,12.0,21.0,10.0,1.0,0.0,1549.7124283696658,1675.586667205622,1238.0938766346367,0.0,0.0,0.0,585.932969675798,0.0,8633.641509846999,5180184.905908201,6788998.236212389,80.99014286100723,86.7920499755457,0.3557880503282333,0.7632720602346567,0.3602813740196594,86.7920499755457,0.35426478194388746,6788998.236212389,0.35864390828304429 
 02/21  17:50:00,6.408333333333332,73.66666666666667,7.786666666666666,0.0,0.0,0.0,4.0,0.0,0.0,0.0,0.0,0.0,0.0,0.0,0.0,1196.0,0.0,0.0,0.0,0.0,0.0,0.0,0.0,0.0,0.0,0.0,0.0,20.396644115016266,-683.1010125173214,20.79087226353324,-794.9871233006081,20.449652923054577,-708.7016498746641,18.954543782402767,15.706445518314894,15.158471354994726,48.20501342405185,18.386754975215824,-72.90791700945502,17.17885612902552,134.5728886855277,15.886365180582665,-54.61265137398304,16.349082925549387,-218.71911284588988,1047.3668729097645,1069.0373425221056,0.0,0.0,0.0,0.0,0.0,0.0,0.0,0.0,0.0,0.0,0.0,0.0,0.0,0.0,0.0,0.0,0.0,0.0,0.0,0.0,0.0,0.0,1.5148079931164112,0.4623956022943868,258.5975934740599,301.14581950416507,7549.1815158826279,0.2748498208071556,0.04194899584968796,123.66843435859279,144.03994120046367,3618.3882186022535,1.3879332455491167,0.26227007663437587,121.65225283983537,141.28608384586276,3702.2946188647067,0.4425485503219318,0.08362595433143078,43.29061996215109,50.69638958891102,1136.6888555785907,0.0,0.0,12.11932526721941,14.413248692137366,215.37861453959875,0.0,0.0,51.93661986000599,61.087213753242767,1238.13586025135,0.0,0.0,306.5010966201804,361.23620157540679,6984.595656052954,0.0,0.0,26.265395671201945,31.09952352400943,530.4245718267183,0.0,0.0,187.2070160675293,221.89956956454035,3679.8152781919209,50.282697143198138,34.48744660027308,192.71046851173046,226.857572344112,5499.34841270721,0.0,0.0,212.81242429000864,252.9673704340127,3849.4238097578229,933.2173075939134,21.213660335186419,29.982666591740096,21.5,30.0,871.6390654759482,21.35255689543666,29.787189737293024,21.375,30.0,1416.547327298973,21.46188670199868,29.53621201743119,21.375,30.0,0.0,19.584575091521449,36.866534891958597,19.0,30.0,0.0,15.2664905560219,42.732597741381628,12.0,30.0,0.0,18.431063321895029,35.12102480668793,16.0,30.0,0.0,17.87537197047156,36.51516326491098,10.0,30.0,0.0,16.522900771024497,39.550527447677229,16.0,30.0,773.0172217679278,16.26447801220834,40.30915966712024,16.125,30.0,0.0,17.24988120459397,0.0,0.0,0.0,15.410692352864843,0.0,0.0,539.6121587591262,543.545626163623,539.5995585277749,768.9200266322749,508.8454188911722,514.6735405071109,521.3368709297282,512.1257431720507,515.3529226013219,6653.0243952382929,81.64747117486449,84.53971337298995,162.0,0.0,162.0,162.0,21.0,19.0,16.0,16.0,16.0,12.0,21.0,10.0,1.0,0.0,933.2173075939134,871.6390654759482,1416.547327298973,0.0,0.0,0.0,0.0,773.0172217679278,4376.560212211834,2625936.127327101,3420132.422808742,81.64747117486449,84.58883324709928,0.23088534040706117,0.4612705905045771,0.2251758587622872,84.58883324709928,0.2214154887149297,3420132.422808742,0.1834988859860546 
 02/21  18:00:00,6.27,74.0,7.74,0.0,0.0,0.0,4.0,0.0,0.0,0.0,0.0,0.0,0.0,0.0,0.0,600.0,0.0,0.0,0.0,0.0,0.0,0.0,0.0,0.0,0.0,0.0,0.0,20.545668687743093,-838.878519698223,21.01522828059676,-1023.4506355835601,20.429740212830958,-334.84338527194236,18.94956477093896,22.916028274848999,15.167094686231211,46.52820746662478,18.25116764716707,-46.47397868696379,17.201983164611197,264.2321335808015,15.962949919194888,-78.16438116335488,16.36909000267791,-319.9873237451677,1324.5000954176313,1058.3471667699233,0.0,0.0,0.0,0.0,0.0,0.0,0.0,0.0,0.0,0.0,0.0,0.0,0.0,0.0,0.0,0.0,0.0,0.0,0.0,0.0,0.0,0.0,1.5102895312454266,0.46101634042900688,375.5703937002264,437.09998998810297,11162.61069131823,0.23991134514323465,0.036616505668991859,221.42177952786023,257.22400046054488,6689.239640027463,1.5419326688714906,0.29137049676332035,138.75438704720905,161.74629444018385,4109.535132590792,0.45466229154033468,0.08591502107716073,42.99097827527966,50.32642107572617,1139.370977576785,0.0,0.0,12.115231089537716,14.402127467018247,218.68264206242643,0.0,0.0,44.29798004090819,52.1253910137425,1056.53513176463,0.0,0.0,282.77642268054066,333.0571444970527,6554.317000662449,0.0,0.0,32.01569186336768,37.89822099447409,652.3881309784293,0.0,0.0,164.27680317974109,194.41653039615785,3365.553488684268,50.403260835269239,34.57013774709826,307.86945185629988,361.5126247484553,8813.759229481911,0.0,0.0,193.76534955855829,230.35349601969294,3485.5950629541405,1361.2296314925184,21.52746142797111,29.495869032223589,21.75,30.0,1258.6280883037899,21.736013254438697,29.171347180801904,21.75,30.0,901.4568801441154,21.367635436315405,29.778159620489327,21.25,30.0,0.0,19.562874037296984,37.06950088423342,19.0,30.0,0.0,15.266503267830427,42.92218756562134,12.0,30.0,0.0,18.28625221603957,35.58331663629934,16.0,30.0,0.0,17.939887993857867,36.47934590389569,10.0,30.0,698.2344018331194,16.50377660354605,39.787357233377537,16.5,30.0,0.0,16.53035737117232,39.76651707283285,16.0,30.0,0.0,18.56490536003397,0.0,0.0,0.0,15.21249102989939,0.0,0.0,546.2395234526614,551.5298219990672,546.6472323030796,781.0093857122274,515.2636925368671,521.5761251800166,527.3334222153575,518.7928574105896,521.5371125959116,10175.836040043618,81.27641461040794,83.06818063976765,162.0,0.0,162.0,162.0,21.0,19.0,16.0,16.0,16.0,12.0,21.0,10.0,1.0,0.0,1361.2296314925184,1258.6280883037899,901.4568801441154,0.0,0.0,0.0,698.2344018331194,0.0,2711.5431663212737,1626925.899792764,2105988.0461083098,81.27641461040794,83.09861077520117,0.3453847722107092,0.7687518791330557,0.36028137401965956,83.09861077520117,0.3542647819438875,2105988.0461083098,0.11519937839763214 
 02/21  18:10:00,6.178333333333333,74.66666666666667,7.753333333333334,0.0,0.0,0.0,0.0,0.0,0.0,0.0,0.0,4.0,0.0,0.0,0.0,1350.0,0.0,0.0,0.0,0.0,0.0,0.0,0.0,0.0,0.0,0.0,0.0,20.6894257933097,-1270.4462222970554,20.586490443757506,-68.69251247036371,20.585635099258619,-2013.6032279368324,19.19567265625284,1039.3703887341472,15.179506434238343,49.625509506131617,18.151148747020345,-40.5397841069519,17.21264374976595,242.62032192952206,16.19910052582855,-68.96966928816322,16.30480164338266,-252.22737858205029,1314.3629167398433,1131.90883888917,0.0,0.0,0.0,0.0,0.0,0.0,0.0,0.0,0.0,0.0,0.0,0.0,0.0,0.0,0.0,0.0,0.0,0.0,0.0,0.0,0.0,0.0,1.537206563213318,0.4692327726536379,200.18269196282103,232.9912129936929,6127.52370709605,0.31560916965534976,0.048169897688545449,18.0803388915132,21.059517720274888,541.3943813403089,1.5730511279862474,0.29725078004275287,411.66957005170368,479.0001009645939,12481.747609481366,0.4340563435167404,0.08202122893362438,418.9297568142424,489.87731118767376,11528.583919737455,0.0,0.0,12.701774771312211,15.105620117705096,231.78459049635078,0.0,0.0,41.57344074794831,48.94746843701154,991.6239026942541,0.0,0.0,299.2006459294298,352.5573296055121,6982.299244481519,0.0,0.0,24.119863823001123,28.532694343607209,510.80779101668329,0.0,0.0,189.70792292459,224.91071973693324,3783.1157076664687,50.58549080439764,34.695124008503189,423.3677869752338,497.85183285037149,11539.948799876795,0.0,0.0,212.63171453117355,252.8560979081645,3883.326865254335,1712.233968177756,21.747899850373018,29.605641045061299,21.999999999999994,29.999999999999994,0.0,21.18181646731484,32.559962801629108,20.999999999999998,29.999999999999994,2221.555252573494,21.58904977293502,30.061502334007249,21.55555555555555,29.999999999999994,0.0,20.14060529496647,32.87566687490684,15.999999999999997,29.999999999999994,0.0,15.274439070856799,43.110968786395428,11.999999999999997,29.999999999999994,0.0,18.194894099800974,35.98359054682366,15.999999999999997,29.999999999999994,0.0,17.923907127145197,36.91606433230854,9.999999999999999,29.999999999999994,0.0,16.800185020153028,39.20785836898859,15.999999999999997,29.999999999999994,0.0,16.153342210830045,41.0415517502549,15.999999999999997,29.999999999999994,0.0,18.476830109750563,0.0,0.0,0.0,15.26712099381234,0.0,0.0,584.8323731186221,688.8389884504803,595.8448837969409,596.7283523076195,523.9979557573445,532.5021514972327,550.167212161009,527.5768018676323,536.9613464424459,10180.770703319788,81.27313636332262,84.40274055603489,239.99999999999995,0.0,239.99999999999995,239.99999999999995,21.0,16.0,16.0,16.0,16.0,12.0,21.0,10.0,1.0,0.0,1712.233968177756,0.0,2221.555252573494,0.0,0.0,0.0,0.0,0.0,4736.223227264268,2841733.936358561,3712528.527156841,81.27313636332262,84.45589162480005,0.3467629964643645,0.7669054407385062,0.36028137401965945,84.45589162480005,0.3542647819438875,3712528.527156841,0.2015314834121558 
 02/21  18:20:00,6.086666666666667,75.33333333333334,7.7666666666666679,0.0,0.0,0.0,0.0,0.0,0.0,0.0,0.0,4.0,0.0,0.0,0.0,600.0,0.0,0.0,0.0,0.0,0.0,0.0,0.0,0.0,0.0,0.0,0.0,20.588096235972317,-918.578267326114,20.495518409224457,-84.61169647355759,20.563595512307314,-1733.9070230445644,19.481198720033129,516.458645674539,15.194451270465717,45.38708275326602,18.05052811061799,-31.67669391866651,17.219391603300858,276.4926833893508,15.693208960902436,-59.514156940300079,16.45556548852562,-363.38168274519759,1296.958899114586,1023.1259346819267,0.0,0.0,0.0,0.0,0.0,0.0,0.0,0.0,0.0,0.0,0.0,0.0,0.0,0.0,0.0,0.0,0.0,0.0,0.0,0.0,0.0,0.0,1.6329459212014253,0.4984572409039761,248.51388093044933,288.9906890554412,7549.5901637136489,0.29600257483823397,0.04517743816212363,17.6843302769139,20.591003759701417,528.7416488339839,1.5832582344125297,0.2991795605465855,369.5832434894851,430.312598096689,11034.950814574391,0.3896967637078349,0.07363884423806402,319.25992825660628,372.65193385276316,9093.756231307407,0.0,0.0,12.32180167632051,14.645316685811835,227.41216351753625,0.0,0.0,39.22633497657047,46.174126027779099,935.2514829927745,0.0,0.0,269.96522513965877,318.04823452626979,6336.540837747238,0.0,0.0,31.51891154904569,37.341061423920809,631.8000775551814,0.0,0.0,156.60851127122624,185.33668373475286,3306.792232817013,50.55213054268728,34.67224317056743,369.1924252403021,433.63291043581037,10441.161158988365,0.0,0.0,184.79640553456188,219.84770568827288,3352.6223382344039,1179.3443810322156,21.377463639678543,30.361048498917677,21.500000000000005,30.000000000000008,0.0,21.066505048020809,35.97203322397495,21.000000000000005,30.000000000000008,2122.3372360167829,21.343836877976533,30.2569011886659,21.500000000000005,30.000000000000008,0.0,20.529575296368358,31.89061053508084,16.000000000000005,30.000000000000008,0.0,15.286172051619778,43.37104036314944,12.000000000000002,30.000000000000008,0.0,18.09309998992326,36.47974720245584,16.000000000000005,30.000000000000008,0.0,17.907300546567414,37.16501129779423,10.000000000000002,30.000000000000008,44.42722714906194,16.1300641128967,41.2285721634214,16.000000000000005,30.000000000000008,1103.644557514587,16.728158286946035,39.82897269410111,16.750000000000005,30.000000000000008,0.0,18.428266472315504,0.0,0.0,0.0,15.064975043702045,0.0,0.0,587.2960035395956,869.3788419673163,577.5275304828979,583.3584972156168,537.1332110193697,547.4732522728407,561.2977217286668,543.3446862349009,550.0223013912246,10500.953907076206,81.06128213319177,84.77066757690834,240.00000000000007,0.0,240.00000000000007,240.00000000000007,21.0,16.0,16.0,16.0,16.0,12.0,21.0,10.0,1.0,0.0,1179.3443810322156,0.0,2122.3372360167829,0.0,0.0,0.0,44.42722714906194,1103.644557514587,5613.267523675149,3367960.5142050886,4397425.54192277,81.06128213319177,84.83366525605722,0.35710891745583836,0.7672568971157292,0.3602813740196596,84.83366525605722,0.35426478194388757,4397425.54192277,0.23710612817998406 
 02/21  18:30:00,5.994999999999999,76.0,7.78,0.0,0.0,0.0,0.0,0.0,0.0,0.0,0.0,4.0,0.0,0.0,0.0,600.0,0.0,0.0,0.0,0.0,0.0,0.0,0.0,0.0,0.0,0.0,0.0,20.587561815929548,-708.7094166423115,20.855646460790717,-150.91943711886874,20.416806994685499,-1835.2846667415416,19.471046505373079,552.6782318805977,15.207074006679364,46.132978032410168,17.975413610917188,-2.1843900221739149,17.331910658576118,195.21960798594456,16.241305245254865,-89.7459104389354,16.389033108566609,-373.35799605519926,1384.427877025821,1187.269613221927,0.0,0.0,0.0,0.0,0.0,0.0,0.0,0.0,0.0,0.0,0.0,0.0,0.0,0.0,0.0,0.0,0.0,0.0,0.0,0.0,0.0,0.0,1.6798268186790935,0.5127676491694425,249.71968935962489,290.73520753274758,7509.416283957298,0.23338580599948273,0.03562054426121532,24.97239763232883,28.99252392518273,775.2107896233529,1.651118790522632,0.3120027948833395,429.2289128979953,499.19415656460907,13049.522242870376,0.39969467959901119,0.07552809516232256,329.30127126565506,384.3214114914207,9403.2958675479,0.0,0.0,12.068140171062133,14.343708793519678,225.1553330568226,0.0,0.0,30.989496795647545,36.4977778376762,741.153589770196,0.0,0.0,268.1102326285767,315.5789045965242,6435.882088882374,0.0,0.0,24.535149641208066,28.996283568428227,538.4379136010739,0.0,0.0,170.31091408774436,201.5444896252227,3568.3131348822387,50.66739290762012,34.75129829054879,415.24476481878846,487.23670914173206,11840.304791216842,0.0,0.0,194.21857576392223,230.93278455671996,3565.0556278527108,863.3985353945268,21.329428624473054,30.6565180015066,21.5,30.0,985.23539152707,21.66128339922988,36.03137451439091,21.75,30.0,2253.218114773783,21.429867502660266,29.962494563864927,21.5,30.0,0.0,20.47811754846726,31.986470225649826,16.0,30.0,0.0,15.29506374248443,43.618362839336388,12.0,30.0,0.0,18.034009120874953,36.842160218440408,16.0,30.0,0.0,18.08345799521039,36.98178255711512,10.0,30.0,685.9431758706753,16.987135281548836,39.32737478368384,16.75,30.0,0.0,16.500074953649855,40.71777772789258,16.0,30.0,0.0,18.72576718391103,0.0,0.0,0.0,15.122877482565059,0.0,0.0,594.8346551172454,949.9789976975712,564.70717275671,578.2789429407853,549.2336961230922,559.4183640203627,571.7400446405253,557.8221679359475,565.1002980426466,10808.733427394665,80.85761928187347,86.62257406866957,240.0,0.0,240.0,240.0,21.0,16.0,16.0,16.0,16.0,12.0,21.0,10.0,1.0,0.0,863.3985353945268,985.23539152707,2253.218114773783,0.0,0.0,0.0,685.9431758706753,0.0,8723.636898694553,5234182.139216731,6843680.526126018,80.85761928187347,86.72048213928582,0.37578789662315179,0.7647111293210988,0.36028137401965956,86.72048213928582,0.3542647819438875,6843680.526126018,0.36427138735855299 
 02/21  18:40:00,5.903333333333333,76.66666666666667,7.793333333333333,0.0,0.0,0.0,0.0,0.0,0.0,0.0,0.0,4.0,0.0,0.0,0.0,1050.0,0.0,0.0,0.0,0.0,0.0,0.0,0.0,0.0,0.0,0.0,0.0,20.600715776553466,-499.92109482631175,20.895738050806079,-155.31814739593325,20.65940528808776,-2040.5266922128388,19.583679532327254,586.3559165629982,15.218837480227116,44.54043746410868,18.826932600253469,-218.7095909213655,17.25144039355788,293.9924228087146,16.97633045530965,-56.36551579431813,16.32141930785391,-408.5731460779937,1396.536112685056,1130.207516864398,0.0,0.0,0.0,0.0,0.0,0.0,0.0,0.0,0.0,0.0,0.0,0.0,0.0,0.0,0.0,0.0,0.0,0.0,0.0,0.0,0.0,0.0,1.7073030113570198,0.5211547653714961,180.25853382457854,209.86584065982079,5531.202305209905,0.2259535751633387,0.0344861988955035,25.477191231934527,29.61439125489376,797.3372456814748,1.6408687519225547,0.31006590172383916,397.3178377971548,462.2281551275856,12348.127976310981,0.4013905112621832,0.07584854710169754,341.02063021046566,398.0497010198342,9897.757081586156,0.0,0.0,12.358550856347817,14.692208213404126,233.02245187391288,0.0,0.0,65.86028840400708,77.13513549212134,1766.631436072469,0.0,0.0,303.8906048258737,358.016011238879,7259.739370305766,0.0,0.0,19.38843829800779,22.8201823427967,472.92435289300638,0.0,0.0,187.74321620973152,222.3930514112611,3932.952273653865,50.844181528524078,34.87255248869968,388.58842809989536,456.48421712382346,11233.534970537894,0.0,0.0,196.62581179342357,233.99088071791364,3624.5075699869405,886.5335381776855,21.4281812620288,30.4555301825554,21.428571428571446,30.00000000000002,0.0,21.725968494685973,36.13728266187222,21.000000000000015,30.00000000000002,2644.3614203178069,21.661131231576318,29.555106952749705,21.71428571428573,30.00000000000002,0.0,20.649500427660059,31.5580759303204,16.00000000000001,30.00000000000002,0.0,15.302715284644516,43.836807988937177,12.00000000000001,30.00000000000002,1713.1182644380606,19.304758986661576,34.32776739686565,20.000000000000015,30.00000000000002,0.0,17.92938611435595,37.49675438912711,10.000000000000007,30.00000000000002,1350.7611245865699,18.155506692935718,36.71997054873142,20.700000000000018,30.00000000000002,944.6083160229244,16.41088716153354,41.15103612042016,16.428571428571446,30.00000000000002,0.0,18.80136589934994,0.0,0.0,0.0,15.066616577074678,0.0,0.0,590.1431586539695,951.5101852852154,562.6158607684748,569.7872750186821,559.1934766630809,573.5925716941433,577.7537448635658,565.7058320832974,572.64657978831,11020.633570289652,80.7175355462856,85.14684331915008,240.00000000000018,0.0,240.00000000000018,240.00000000000018,21.0,16.0,19.0,16.0,19.7,12.0,21.0,10.0,1.0,0.0,886.5335381776855,0.0,2644.3614203178069,0.0,1713.1182644380606,0.0,1350.7611245865699,944.6083160229244,6702.388066560015,4021432.839936006,5227224.03520643,80.7175355462856,85.22206766942601,0.36912722126628635,0.7678694363646261,0.3602813740196598,85.22206766942601,0.35426478194388785,5227224.03520643,0.28017564983073436 
 02/21  18:50:00,5.8116666666666669,77.33333333333333,7.8066666666666679,0.0,0.0,0.0,0.0,0.0,0.0,0.0,0.0,4.0,0.0,0.0,0.0,750.0,0.0,0.0,0.0,0.0,0.0,0.0,0.0,0.0,0.0,0.0,0.0,20.536847825922199,-941.0406325832933,20.688677666473859,-115.47163137999589,20.72412845532501,-1380.6490111189694,19.6021602764502,488.75515083815636,15.234106913050863,48.55696799587367,18.94393349336974,-215.2852650399148,17.40619311237461,229.28908153058186,17.97020940775541,-140.40887700390668,16.311828095672849,-444.4622854595144,1382.4894412993095,1308.2685768112843,0.0,0.0,0.0,0.0,0.0,0.0,0.0,0.0,0.0,0.0,0.0,0.0,0.0,0.0,0.0,0.0,0.0,0.0,0.0,0.0,0.0,0.0,1.6653778375811608,0.5083570932787427,239.46048505600283,278.5102230938585,7422.043399398247,0.2565036904925247,0.039148914910336497,19.86539008832887,23.11414298246088,615.3922308833093,1.6922323503482968,0.3197717971179701,367.49366403422916,427.69157683779317,11343.687758613672,0.40233620583597876,0.07602724978004133,307.6111906480961,358.9132866752275,8988.904357941581,0.0,0.0,12.62889988815148,15.010715090383514,240.83874273269249,0.0,0.0,74.80656951992086,87.66285237564078,2016.6951260972194,0.0,0.0,320.10406377050608,376.7090761111251,7857.539379923345,0.0,0.0,31.595992279390616,36.94796879661534,879.5325082811008,0.0,0.0,203.62311631389972,241.07448290325955,4311.844881742326,50.86819395261709,34.889021915375248,359.4175981182538,422.17160305259508,10496.857750793673,0.0,0.0,210.22936290463503,249.9236707568821,3973.491786114687,1320.9702963906366,21.558564962959257,30.200244789941367,21.6,30.0,0.0,21.393596524414563,37.81317623046629,21.0,30.0,1890.2181866141448,21.479304339526228,30.01821042489972,21.400000000000003,30.0,0.0,20.640502354088654,31.688105331066376,16.0,30.0,0.0,15.318898306181506,44.03548138302372,12.000000000000002,30.0,0.0,19.448036108769278,34.17161083285194,19.0,30.0,0.0,18.177271774196546,37.001643931573,10.0,30.0,1280.8893384849305,19.845469848420814,33.21061949967388,20.7,30.0,0.0,16.425590622235096,41.242171185905018,16.0,30.0,0.0,18.664139252750347,0.0,0.0,0.0,15.205740107401259,0.0,0.0,586.6771521658723,994.5296566151881,567.2897758588129,573.1285375541511,568.5731172050846,580.8208523970628,580.3696279650521,574.5352623458097,577.4158446428287,10175.575770909849,81.27655772786278,84.17414648504593,240.0,0.0,240.0,240.0,21.0,16.0,19.0,16.0,19.7,12.0,21.0,10.0,1.0,0.0,1320.9702963906366,0.0,1890.2181866141448,0.0,0.0,0.0,1280.8893384849305,0.0,4384.9739168911569,2630984.3501346937,3424698.005743999,81.27655772786278,84.22335716147743,0.35016579722970528,0.7665489647768065,0.36028137401965956,84.22335716147743,0.35426478194388757,3424698.005743999,0.18652429629868795 
 02/21  19:00:00,5.72,78.0,7.82,0.0,0.0,0.0,0.0,0.0,0.0,0.0,0.0,4.0,0.0,0.0,0.0,300.0,0.0,0.0,0.0,0.0,0.0,0.0,0.0,0.0,0.0,0.0,0.0,20.638236425221444,-1408.7280746127568,20.537404919404176,-109.49337126342596,20.561792506859534,-513.0527313906214,19.505350529838844,316.38309560476139,15.25220415926097,48.47470115268226,18.999541719487707,-219.42375378912403,17.298885246818988,152.6999179192935,18.573581767024757,-261.07044368256438,15.995901318516053,-252.02230648792284,1280.4225458461397,1401.6781225499368,0.0,0.0,0.0,0.0,0.0,0.0,0.0,0.0,0.0,0.0,0.0,0.0,0.0,0.0,0.0,0.0,0.0,0.0,0.0,0.0,0.0,0.0,1.6518684529045583,0.5042333494824659,249.3502281699425,289.7440489469279,7730.130990955438,0.25355694095052985,0.03869916681174143,20.30136695869618,23.585120216595255,622.7965983398176,1.7400228654030135,0.32880250668991198,260.43249447782719,302.8474844795161,8080.271614115702,0.39310539461226065,0.07428295438629262,273.9475711453819,319.63902064127879,7946.605603829018,0.0,0.0,12.388534657760886,14.706952446344042,239.0849320644395,0.0,0.0,69.90065478939013,81.80069008791776,1906.8163206697796,0.0,0.0,332.9369825149869,391.68326155093828,8083.897638716311,0.0,0.0,42.234278940508719,49.19707442971449,1251.3615028497409,0.0,0.0,226.64035371904382,268.4241837878301,4651.869371547407,50.736646564690769,34.79879736947241,271.49670622633627,319.2068753242121,7980.004007426198,0.0,0.0,234.97087959333335,278.7688242758433,4603.756192494988,1866.0244910743882,21.464349456402368,30.207877646912388,22.0,30.0,0.0,21.155419309599396,39.35211635040086,21.0,30.0,1359.915906756626,21.508984082078557,30.081017421573344,21.5,30.0,0.0,20.42691487686944,32.15877042244999,16.0,30.0,0.0,15.340344894530276,44.1510826548037,12.0,30.0,1027.7049328113224,19.546938819241754,33.98907974197626,19.5,30.0,0.0,17.94223844392463,37.56861846920455,10.0,30.0,1266.2113791637212,20.761049020240447,31.483047519619228,20.7,30.0,145.26311386645339,15.973930252119392,42.51316954406811,16.0,30.0,0.0,18.196311519209439,0.0,0.0,0.0,15.471917270426788,0.0,0.0,574.811561139011,1051.4197644191964,572.4221608576493,574.4675204670168,574.8363715692924,580.6367521771585,580.0938134677627,579.0439470439566,579.4704028228414,9986.228564963267,81.40161373759998,85.25177174488265,240.0,0.0,240.0,240.0,21.0,16.0,19.0,16.0,19.7,12.0,21.0,10.0,1.0,0.0,1866.0244910743882,0.0,1359.915906756626,0.0,1027.7049328113224,0.0,1266.2113791637212,145.26311386645339,5826.129514745552,3495677.7088473315,4563448.720051682,81.40161373759998,85.31716020949372,0.3642043171581851,0.7655603635158202,0.36028137401965956,85.31716020949372,0.3542647819438875,4563448.720051682,0.24581933344268748 
 02/21  19:10:00,5.681666666666667,78.0,7.840000000000001,0.0,0.0,0.0,0.0,1.0,2.0,0.0,0.0,4.0,0.0,0.0,0.0,750.0,0.0,0.0,0.0,0.0,0.0,0.0,0.0,0.0,0.0,0.0,0.0,20.80463848446196,-1176.9061840778123,20.631472975283839,-88.71118290661598,20.755323407301284,-1605.0633080180656,19.486902104708144,656.0475495918184,15.264082235052613,45.942082073014557,19.104905588177588,-71.41032201680821,17.319844225268846,368.5425465095332,18.484233464960508,-212.69464592091124,16.901211109649315,-526.9650482991353,1356.967857711583,1091.965061978139,0.0,0.0,0.0,0.0,0.0,0.0,0.0,0.0,0.0,0.0,0.0,0.0,0.0,0.0,0.0,0.0,0.0,0.0,0.0,0.0,0.0,0.0,1.6280375229688893,0.49695895084520427,229.57622863804427,266.9260763559593,7241.461669228995,0.27821913639189307,0.042463238155050837,16.65586057586669,19.38790882745269,512.5993981831217,1.6485947978812217,0.3115258499397624,374.03966111378647,435.11732576840617,11652.983354959957,0.4116792615654008,0.07779275539784594,350.6596560034184,409.440109837524,10196.788803161273,0.0,0.0,13.070151700700257,15.532054166860814,253.44612068670885,0.0,0.0,15.941403723977862,18.659004373003726,441.878243184837,0.0,0.0,206.9992122699046,243.88724596032859,5050.786043912989,0.0,0.0,42.88039528545571,50.0944212958933,1240.5359438065385,0.0,0.0,152.78999290338317,180.56802885803453,3485.4853439309829,50.95549332460825,34.94889802785204,372.8443988058406,438.0399276115752,10838.469094922291,0.0,0.0,159.84640793267404,190.2347795177673,3025.280962454983,1784.4637897043565,21.69316492068978,29.83882075844712,22.0,30.0,393.20768045370547,21.127392733554428,39.92549520603737,21.200000000000004,30.0,1706.3677026608867,21.47853957695349,30.001050989364708,21.400000000000003,30.0,0.0,20.43347091400895,32.127370474815517,16.0,30.0,0.0,15.35017509751672,44.20358117942838,12.000000000000002,30.0,0.0,19.722690349789475,35.06079357393552,19.0,30.0,0.0,18.00176454575632,37.475897406959109,10.0,30.0,762.9018292770379,20.374351792955904,33.05219787365682,20.1,30.0,1497.2441563940263,17.2085541331935,39.3927456938711,16.6,30.0,0.0,18.52460748566066,0.0,0.0,0.0,15.007238500635806,0.0,0.0,576.4912027072697,1084.8701427667875,562.0061701239847,570.7155401769785,577.093056334034,666.5524531150984,579.3866230652784,622.6252168791016,581.8444137287262,9692.889646412064,81.59575797293346,84.44000357320384,270.0,0.0,270.0,270.0,21.0,16.0,19.0,16.0,19.7,12.0,21.0,10.0,1.0,0.0,1784.4637897043565,393.20768045370547,1706.3677026608867,0.0,0.0,0.0,762.9018292770379,1497.2441563940263,4304.332059584138,2582599.2357504826,3369210.8584751866,81.59575797293346,84.48830830574383,0.3474777353194713,0.767667625583013,0.36028137401965956,84.48830830574383,0.35426478194388757,3369210.8584751866,0.1848739646407097 
 02/21  19:20:00,5.6433333333333339,78.0,7.86,0.0,0.0,0.0,0.0,1.0,2.0,0.0,0.0,4.0,0.0,0.0,0.0,600.0,0.0,0.0,0.0,0.0,0.0,0.0,0.0,0.0,0.0,0.0,0.0,20.891644770117439,-1183.3811815895875,20.987896088729593,-189.60067622009576,20.786699895702598,-1389.3994616928822,19.619159268848699,553.4304140709905,15.276928830209883,47.787104681324169,18.83924835982142,-42.802353166380829,17.488468186696115,185.14351957177792,18.281725367317379,-148.9635766876986,16.42663566174484,-476.30455065486879,1389.4197459791859,1316.660003659149,0.0,0.0,0.0,0.0,0.0,0.0,0.0,0.0,0.0,0.0,0.0,0.0,0.0,0.0,0.0,0.0,0.0,0.0,0.0,0.0,0.0,0.0,1.7093023145804028,0.5217650532907212,246.08903081196795,286.05988801252058,7814.848544095004,0.21866373215262203,0.03337358549337944,27.46809321051349,31.86055606651188,881.2794968435325,1.75031232073847,0.3307468482121071,364.8956054842717,424.3551348119145,11426.301039485665,0.42284483520895047,0.07990265215588631,335.25858787349235,391.1076271987217,9893.945419524036,0.0,0.0,12.582452330930258,14.949818477966597,245.26249495499676,0.0,0.0,15.11949148001366,17.711477991877414,409.3043797270777,0.0,0.0,240.7633475774014,283.1780933191012,6011.7003985777869,0.0,0.0,37.21595238512701,43.52777164873302,1047.8582544070055,0.0,0.0,186.80077006226589,220.97600116550803,4062.79831025754,51.24348065535119,35.14642020257284,367.04340988808817,431.0270073312847,10795.73841905818,0.0,0.0,193.97235449908156,230.57569375420577,3699.5935966977137,1574.4063296704756,21.777539996925858,30.00566802880634,22.0,30.0,571.0489059637357,21.905278466177387,37.76549601417112,21.5,30.0,1850.868492033589,21.541586029693133,30.018988801759869,21.5,30.0,0.0,20.620201608357037,31.830221799760954,16.0,30.0,0.0,15.363037845322081,44.311084992190227,12.0,30.0,0.0,19.336058286077035,37.884611641414128,19.0,30.0,0.0,18.235606852771377,37.122109475288507,10.0,30.0,435.52230296597556,19.905786782013388,34.52593704785627,19.95,30.0,0.0,16.568603235543855,41.23655836205351,16.0,30.0,0.0,18.6083284870169,0.0,0.0,0.0,15.108931408276627,0.0,0.0,594.4549422717832,1065.473699987269,568.8375140372393,573.3546615178011,581.4336474419363,783.2878500175957,587.7210125078532,649.1126159908517,589.2849002421714,9765.019453157409,81.54799556780188,85.17379880951171,270.0,0.0,270.0,270.0,21.0,16.0,19.0,16.0,19.7,12.0,21.0,10.0,1.0,0.0,1574.4063296704756,571.0489059637357,1850.868492033589,0.0,0.0,0.0,435.52230296597556,0.0,5486.989257558953,3292193.5545353714,4296026.484716767,81.54799556780188,85.23537698539666,0.35289964191863179,0.7665777090391988,0.36028137401965956,85.23537698539666,0.3542647819438875,4296026.484716767,0.23296337720527195 
 02/21  19:30:00,5.605,78.0,7.880000000000001,0.0,0.0,0.0,0.0,1.0,2.0,0.0,0.0,4.0,0.0,0.0,0.0,600.0,0.0,0.0,0.0,0.0,0.0,0.0,0.0,0.0,0.0,0.0,0.0,20.712597546524479,-779.679909547697,20.758121431176407,-160.35018876485604,20.537637945894205,-1678.548723229996,19.61801095963722,456.13751308828389,15.288221918710308,43.11161505523705,18.658894242737323,-52.87780704512731,17.232462517190887,32.06970266574672,18.667227565578533,-295.0869845378077,16.388121590706758,-372.01374766790129,1415.9617895899747,1389.1162219350843,0.0,0.0,0.0,0.0,0.0,0.0,0.0,0.0,0.0,0.0,0.0,0.0,0.0,0.0,0.0,0.0,0.0,0.0,0.0,0.0,0.0,0.0,1.7047973338937617,0.5203899065609774,254.52400664726989,296.28445336511899,7869.548920121875,0.22531572401451023,0.03438884676656139,26.315761812307927,30.580558591672,827.0722583081956,1.6796880065211884,0.31740136177649078,417.9022629975175,485.88721449733387,13050.131659832605,0.3965481059194286,0.07493350451992223,309.8922959982232,361.48580277064289,9140.753812229319,0.0,0.0,12.117569345923027,14.396074374131711,237.3450363836587,0.0,0.0,15.10263884771289,17.705444329844359,402.2558851097752,0.0,0.0,265.23269180256878,312.5563432136552,6390.1892327713799,0.0,0.0,50.19253864117629,58.56156545707661,1478.337744362971,0.0,0.0,218.92936337886062,259.2834934130596,4666.39757487209,51.25224317506223,35.1524301612224,406.15386306508329,476.44313393988036,11997.53138196155,0.0,0.0,227.35315287639973,270.1594908645594,4428.5850242906,808.8399215429065,21.34320458866434,30.973838584417636,21.5,30.0,0.0,21.497527307509594,37.952476380205457,21.0,30.0,1966.517700053766,21.44824287467796,30.263440505497465,21.5,30.0,0.0,20.569937832697293,32.21799966307286,16.0,30.0,0.0,15.372314441383822,44.582236616648149,12.0,30.0,21.669571965965333,19.062910424759367,39.819938221105747,19.0,30.0,0.0,17.720554742961967,38.70614129551301,10.0,30.0,1157.8646164409416,20.567028085489306,33.229681525598198,20.7,30.0,782.5122601042946,16.272581534926198,42.52405823202987,16.25,30.0,0.0,18.724864514855246,0.0,0.0,0.0,15.299899749754033,0.0,0.0,600.9806125055432,1013.0168776413357,571.4193976514662,587.5291916663163,592.4027130622098,861.9776536210973,602.8894862842353,654.954564684352,608.9546466720238,9957.247357570846,81.42087707316998,86.65964030769274,270.0,0.0,270.0,270.0,21.0,16.0,19.0,16.0,19.7,12.0,21.0,10.0,1.0,0.0,808.8399215429065,0.0,1966.517700053766,0.0,21.669571965965333,0.0,1157.8646164409416,782.5122601042946,7928.212298698559,4756927.379219135,6229986.32795627,81.42087707316998,86.74861189891536,0.349273743289952,0.7634824185286426,0.36028137401965956,86.74861189891536,0.3542647819438875,6229986.32795627,0.3334242890537261 
 02/21  19:40:00,5.566666666666666,78.0,7.9,0.0,0.0,0.0,0.0,1.0,2.0,0.0,0.0,4.0,0.0,0.0,0.0,750.0,0.0,0.0,0.0,0.0,0.0,0.0,0.0,0.0,0.0,0.0,0.0,20.717336705623724,-307.5370351408433,20.59830556521385,-96.24729454190789,20.83358145876676,-2446.7268606535419,19.708816315721458,601.3960270404976,15.292661059832449,40.09887965545391,19.36479942319078,-73.43409206214943,17.252194865743843,312.37102020267306,18.62247550107324,-219.56130048624599,16.570966668514499,-518.4479977408681,1447.0017823842268,1164.952177779007,0.0,0.0,0.0,0.0,0.0,0.0,0.0,0.0,0.0,0.0,0.0,0.0,0.0,0.0,0.0,0.0,0.0,0.0,0.0,0.0,0.0,0.0,1.7234697329491416,0.5260896620723875,170.51746779195379,198.50119080851267,5358.364013534578,0.26998025404680989,0.04120577747967184,19.765608416763969,23.013400166537204,616.6303955507789,1.6053394106644233,0.3033521184173137,434.8522111238038,505.5117168168929,13852.192846528618,0.393996315738835,0.07445130682895594,341.1625389853583,397.92654267990425,10176.151637566447,0.0,0.0,12.455295942067288,14.797274151798904,244.86517522640345,0.0,0.0,15.835248550668134,18.495703909297967,453.37681456374789,0.0,0.0,210.62803624985768,248.1217669895145,5135.937253818249,0.0,0.0,44.75923521518034,52.288196524779369,1298.166902799337,0.0,0.0,161.14172392248765,190.53583684323329,3598.116498623921,51.4914303093429,35.31648169365083,415.29344408887126,487.4595801405576,12328.224751436246,0.0,0.0,168.83378560428123,200.87959839550909,3187.0211401057706,965.1323790104034,21.50042628051157,30.593871925824414,21.6,30.0,0.0,21.24344494157085,38.76325761841499,21.0,30.0,3037.0341933918168,21.74240107199233,29.689549858950948,21.8,30.0,0.0,20.72438395429409,31.778142864617565,16.0,30.0,0.0,15.370463828513158,44.864507434733329,12.000000000000002,30.0,1064.9110389797666,20.068449199320005,38.228810179008,19.8,30.0,0.0,17.830166411442645,38.60772329392538,10.0,30.0,764.6888339238354,20.289376732304349,34.01690871614285,20.1,30.0,342.49122655885756,16.771321206421584,41.439451391975698,16.4,30.0,0.0,18.884995236283108,0.0,0.0,0.0,14.920152789083229,0.0,0.0,595.3242216263918,1024.0138874176305,569.5957163639534,579.5804359681068,602.3421834222808,916.9554426327027,609.8148158128021,663.4815131564106,619.6326367755419,10662.372620513292,80.9545402549203,86.79312288651825,270.0,0.0,270.0,270.0,21.0,16.0,19.0,16.0,19.7,12.0,21.0,10.0,1.0,0.0,965.1323790104034,0.0,3037.0341933918168,0.0,1064.9110389797666,0.0,764.6888339238354,342.49122655885756,8835.546720674898,5301328.032404938,6942196.677925747,80.9545402549203,86.89228140236694,0.3625182240224966,0.7633427502690988,0.36028137401965956,86.89228140236694,0.35426478194388757,6942196.677925747,0.37035422725213887 
 02/21  19:50:00,5.528333333333333,78.0,7.92,0.0,0.0,0.0,0.0,1.0,2.0,0.0,0.0,4.0,0.0,0.0,0.0,600.0,0.0,0.0,0.0,0.0,0.0,0.0,0.0,0.0,0.0,0.0,0.0,20.83951346234157,-820.6547651066017,20.497648906552713,-91.09241448702002,20.860652526036874,-1649.1469028546522,19.736969752473475,433.5019470928071,15.301608517769898,44.07437368545254,19.149533158476083,-77.40950771806519,17.31332462430932,112.37102144847199,18.78423377056619,-267.1797812118906,16.102916713934549,-324.1366598981981,1413.1806071904039,1381.6941576715033,0.0,0.0,0.0,0.0,0.0,0.0,0.0,0.0,0.0,0.0,0.0,0.0,0.0,0.0,0.0,0.0,0.0,0.0,0.0,0.0,0.0,0.0,1.7136647559466454,0.5230966898494034,247.5710690477246,287.72584965108487,7855.131293066601,0.28535365871126586,0.04355214571295266,17.985049599726648,20.92552553220259,558.1122359899248,1.6771755763074934,0.3169266017209928,387.73046120676096,450.99334051136028,12189.52977731893,0.3931941177979674,0.07429971991647153,297.2313447318979,346.5908590589316,8895.266288933894,0.0,0.0,12.606593042321283,14.974098546540528,249.02694371299229,0.0,0.0,16.37984312973366,19.144183536647267,461.52647956371757,0.0,0.0,253.98745877254795,299.0841085195797,6221.353626777017,0.0,0.0,48.802073498139339,56.94803956933132,1436.865463497246,0.0,0.0,205.52836629965032,243.4896737857276,4338.007854345191,51.61230174560309,35.39938391330803,373.5547504975115,438.4095297310311,11187.72430192758,0.0,0.0,214.22495194619715,254.53519146661155,4178.32658023435,1124.8645064196917,21.619313303284124,30.320058698873966,21.5,30.0,0.0,21.090781026007098,40.28169406983581,21.0,30.0,2157.4112741595974,21.522062763796833,30.196587204106046,21.5,30.0,0.0,20.72286015244147,31.794031835400916,16.0,30.0,0.0,15.379489702864582,45.07234120425764,12.0,30.0,0.0,19.814604156947288,39.40470097545118,19.0,30.0,0.0,17.86377342577007,38.66826601844329,10.0,30.0,555.4654989262069,20.488944893023687,33.75153068965824,20.2,30.0,32.81377487617354,16.092699248112635,43.49669509333836,16.0,30.0,0.0,18.700879539790674,0.0,0.0,0.0,15.217466702939122,0.0,0.0,593.8183842235443,1093.8944958015623,575.8106338401707,580.5760956595661,610.6227907613486,943.7136665723773,616.7848367216494,670.2662067922248,628.8549503453546,8839.14490407913,82.16032563735856,82.16032563735856,270.0,0.0,270.0,270.0,21.0,16.0,19.0,16.0,19.7,12.0,21.0,10.0,1.0,0.0,1124.8645064196917,0.0,2157.4112741595974,0.0,0.0,0.0,555.4654989262069,32.81377487617354,0.0,0.0,0.0,82.16032563735856,82.16032563735856,0.34,0.7703138385656527,0.36028137401965956,82.16032563735856,0.3542647819438875,0.0,0.00948 
 02/21  20:00:00,5.49,78.0,7.94,0.0,0.0,0.0,0.0,1.0,2.0,0.0,0.0,4.0,0.0,0.0,0.0,600.0,0.0,0.0,0.0,0.0,0.0,0.0,0.0,0.0,0.0,0.0,0.0,20.742904493305518,-810.5815203505392,20.855707296294726,-163.711830347822,20.612993083653305,-1672.7159192630543,19.680856447739595,475.1038291919467,15.310477416071663,41.587272653706978,18.893485145481159,-36.394488873455788,17.391594685129744,269.96530211132497,18.668527783391853,-185.21657698770816,16.54035930413326,-532.3454408973797,1428.4196488499266,1186.2031257615982,0.0,0.0,0.0,0.0,0.0,0.0,0.0,0.0,0.0,0.0,0.0,0.0,0.0,0.0,0.0,0.0,0.0,0.0,0.0,0.0,0.0,0.0,1.7486334149995609,0.5337708836994997,261.52684119284518,304.3977444561651,8149.6382285004469,0.22795005652632539,0.03479091216824259,27.156812777123148,31.50309115573151,869.7895349207881,1.7179883012928173,0.32463875685805329,416.5927140907438,484.258002514998,13126.428016133335,0.40189147200863276,0.07594321088598499,304.62898183043748,355.25637400990299,9075.827724021421,0.0,0.0,12.275521482946534,14.581196786345816,243.61698621775509,0.0,0.0,15.46173359592839,18.09767522162626,425.23740357011868,0.0,0.0,211.57927778685849,248.96525628195918,5274.942675891344,0.0,0.0,39.79366050880852,46.455141852770747,1161.4946868681473,0.0,0.0,160.82348911750533,190.06107687127833,3608.922533084967,51.71370168960038,35.46893120000027,408.55824940423329,479.15462514111007,12197.436061380828,0.0,0.0,168.00714046250853,199.81027458073235,3183.425740054805,880.2938838822456,21.35485160806477,31.09161313472135,21.5,30.0,990.221665272868,21.662661991576028,38.672980089102619,21.75,30.0,1903.5753482290639,21.464418787779445,30.275831121720779,21.5,30.0,0.0,20.60472020904497,32.18749531675682,16.0,30.0,0.0,15.387890457041582,45.267370589618248,12.0,30.0,0.0,19.404953353207345,41.069020010248809,19.0,30.0,0.0,18.039584370761184,38.36310010118625,10.0,30.0,1003.4104683933655,20.269731647009026,34.383785233651199,20.45,30.0,932.3590395142468,16.767445288419517,41.829322078670518,16.5,30.0,0.0,18.719582720498506,0.0,0.0,0.0,14.879150782163187,0.0,0.0,611.1999975710031,1087.716168002259,575.6093799292996,590.823214367935,619.0869807389938,974.7680866253377,622.3610599091202,683.6914777234947,635.4142725965907,10357.26303983413,81.1562693204304,86.61830120179063,270.0,0.0,270.0,270.0,21.0,16.0,19.0,16.0,19.7,12.0,21.0,10.0,1.0,0.0,880.2938838822456,990.221665272868,1903.5753482290639,0.0,0.0,0.0,1003.4104683933655,932.3590395142468,8265.698057283349,4959418.8343700109,6499182.449297303,81.1562693204304,86.71106463583756,0.3605232685761117,0.7630615665036203,0.36028137401965956,86.71106463583756,0.3542647819438875,6499182.449297303,0.34755748736345978 
 02/21  20:10:00,5.506666666666667,77.83333333333333,7.960000000000001,0.0,0.0,0.0,0.0,0.0,2.0,0.0,0.0,4.0,0.0,0.0,0.0,900.0,0.0,0.0,0.0,0.0,0.0,0.0,0.0,0.0,0.0,0.0,0.0,20.748598626576738,-532.4972601794774,20.89588313082166,-162.92098496310499,20.896009895372875,-1935.1228202828125,19.7668730399974,508.0899234143985,15.31721525362303,42.01896714876881,18.815320372096509,-49.84145866535356,17.30208729025186,123.79148414331192,18.30377480317788,-164.66176296817609,16.37858203287917,-413.1912361695007,1431.2210717078977,1316.9627240843184,0.0,0.0,0.0,0.0,0.0,0.0,0.0,0.0,0.0,0.0,0.0,0.0,0.0,0.0,0.0,0.0,0.0,0.0,0.0,0.0,0.0,0.0,1.7778137000028414,0.5426781746040418,205.39352381020059,238.953346355279,6463.044835422877,0.2355957566012691,0.03595783830910701,27.196286339447846,31.60644720149471,871.8438361544611,1.7049817082448505,0.3221809728353837,400.3634303065826,465.5483005717852,12793.533342019378,0.40614422093721017,0.0767468293532143,328.0744773325282,382.7035575708023,9835.9777739805,0.0,0.0,12.291138088926572,14.60158425999501,243.65458465111045,0.0,0.0,16.039113391264857,18.785866282248475,435.9336015270731,0.0,0.0,254.8973310897594,300.2751648007038,6237.035537002112,0.0,0.0,40.52496926545266,47.455653874422917,1132.0322694932305,0.0,0.0,203.7911514356992,241.4071934513638,4363.278952225811,51.91944960420613,35.610047739510388,389.7201258525778,457.58603132625128,11684.735807913012,0.0,0.0,211.46576747306805,251.4847352360548,4070.9052189481315,887.937484811719,21.44316121181333,30.985651234976357,21.499999999999998,30.0,0.0,21.712518930375717,37.33450380762929,20.999999999999998,30.0,2565.2325689766246,21.708196197104344,29.904299836198793,21.666666666666666,30.0,0.0,20.744764704243957,31.85101527394384,15.999999999999999,30.0,0.0,15.39380607866503,45.544451896693789,11.999999999999997,30.0,0.0,19.252017193125753,42.05126045743587,18.999999999999998,30.0,0.0,17.821630252449304,39.08366954585616,9.999999999999999,30.0,0.0,19.61127201995179,35.19584660842374,11.999999999999997,30.0,513.3861405398501,16.217691604262023,43.43946854704742,16.166666666666666,30.0,0.0,18.84507440627823,0.0,0.0,0.0,15.083606750856579,0.0,0.0,614.5604861840911,1008.0848481693504,581.2490660866018,588.2528920641196,631.376331736403,1009.1002394785569,631.90000320509,647.0964958172835,640.821676430663,10108.453744607494,81.32094091145592,83.77240455477348,569.9999999999999,0.0,569.9999999999999,569.9999999999999,21.0,16.0,19.0,16.0,12.0,12.0,21.0,10.0,1.0,0.0,887.937484811719,0.0,2565.2325689766246,0.0,0.0,0.0,0.0,513.3861405398501,3709.781689515158,2225869.0137090946,2897223.184018634,81.32094091145592,83.81403854573779,0.3503260563171719,0.7682284777838077,0.3602813740196595,83.81403854573779,0.3542647819438874,2897223.184018634,0.171175605568969 
 02/21  20:20:00,5.523333333333333,77.66666666666667,7.98,0.0,0.0,0.0,0.0,0.0,2.0,0.0,0.0,4.0,0.0,0.0,0.0,600.0,0.0,0.0,0.0,0.0,0.0,0.0,0.0,0.0,0.0,0.0,0.0,20.885664424037594,-836.5828075789714,20.696057471064664,-121.53856586684351,20.910436527743984,-1688.013015303213,19.753196356348139,485.8169759637817,15.322886120003558,40.08395321611382,18.76853468910312,-40.57091359567351,17.4486879195318,395.00553086879918,17.560534286448353,-39.429395457288098,17.054154921194735,-563.4215049632203,1435.2884688625994,939.4984338154649,0.0,0.0,0.0,0.0,0.0,0.0,0.0,0.0,0.0,0.0,0.0,0.0,0.0,0.0,0.0,0.0,0.0,0.0,0.0,0.0,0.0,0.0,1.751020057647652,0.5344994070963529,231.52870881748994,269.070462923884,7383.333029589045,0.26333046612940416,0.040190852583852899,21.317949393561457,24.795432609977575,671.68024811392,1.7384714155145829,0.32850933777675436,405.10265595697708,471.14240519187958,12756.345600151135,0.4078590800494593,0.07707087680450854,281.5182204972839,328.1620016151618,8432.152408116155,0.0,0.0,12.68288085082196,15.061386287783396,251.12245288849176,0.0,0.0,14.762262002562942,17.288959452799675,398.71600945699819,0.0,0.0,191.4757914919331,225.40132930919629,4773.417129142395,0.0,0.0,21.840578212298575,25.693048723313145,560.1934639140276,0.0,0.0,128.54991902848989,151.77716025169648,3013.910782942363,51.959875992531298,35.637775029170999,385.64519776719495,452.60227318384599,11520.401942444394,0.0,0.0,133.36087365155709,158.9471811518569,2430.2887889184005,1475.207432367162,21.69410716620614,30.495239430047666,21.750000000000005,30.000000000000008,0.0,21.38046654496263,38.62308010547947,21.000000000000005,30.000000000000008,2091.321967776378,21.49933937938025,30.404714644537639,21.500000000000005,30.000000000000008,0.0,20.69360573641516,32.09719733808365,16.000000000000005,30.000000000000008,0.0,15.398400990747295,45.64307764825599,12.000000000000002,30.000000000000008,0.0,19.177100632660289,42.19365124832501,19.000000000000005,30.000000000000008,0.0,18.119348484352004,38.34092590187945,10.000000000000002,30.000000000000008,0.0,18.356354051406027,37.86689017942709,12.000000000000002,30.000000000000008,1166.5687052031204,17.374536396485948,40.398249673412639,16.750000000000005,30.000000000000008,0.0,18.771996584358257,0.0,0.0,0.0,14.417762097445277,0.0,0.0,614.3040776213916,1032.7215228157543,587.6818974979942,596.5155510202262,635.3642600595118,1012.3629197534148,629.9714411269554,636.1547790836362,641.9576329804273,9708.990675106017,81.58505388521772,83.5036282609254,570.0000000000001,0.0,570.0000000000001,570.0000000000001,21.0,16.0,19.0,16.0,12.0,12.0,21.0,10.0,1.0,0.0,1475.207432367162,0.0,2091.321967776378,0.0,0.0,0.0,0.0,1166.5687052031204,2903.232776380359,1741939.6658282155,2254602.51015097,81.58505388521772,83.53621202305473,0.3517744258793454,0.7701976682371365,0.3602813740196596,83.53621202305473,0.35426478194388757,2254602.51015097,0.1376959971945171 
 02/21  20:30:00,5.54,77.5,8.0,0.0,0.0,0.0,0.0,0.0,2.0,0.0,0.0,4.0,0.0,0.0,0.0,600.0,0.0,0.0,0.0,0.0,0.0,0.0,0.0,0.0,0.0,0.0,0.0,20.836828343843469,-987.3216721139118,20.554164742168376,-134.33442746972919,20.911332212930899,-1575.906694463151,19.73066503410975,368.01781470585549,15.330258547466319,43.96575531726826,18.74273218697919,-43.34971329236083,17.48688953830937,105.5801100333008,17.095597327688297,-56.255266652651119,16.485066794526728,-565.1934712534323,1319.3355520498347,1363.2486363797235,0.0,0.0,0.0,0.0,0.0,0.0,0.0,0.0,0.0,0.0,0.0,0.0,0.0,0.0,0.0,0.0,0.0,0.0,0.0,0.0,0.0,0.0,1.7796961477315066,0.5432527923478348,246.98230125984089,287.0295294591276,7821.59812290229,0.2691637726692824,0.04108116188481111,21.86839663302763,25.45464380666403,678.5516864428004,1.7274593190858112,0.3264284427599796,332.05685564890077,386.09984853157268,10422.05608100002,0.3965511988511037,0.07493408897413144,282.93530501806597,329.9493141417935,8406.378602456762,0.0,0.0,12.281805340187559,14.584524805230864,242.99650593887356,0.0,0.0,15.240491864609105,17.84857643157539,410.07704985279579,0.0,0.0,253.2964382955166,298.1099673076824,6301.961871061433,0.0,0.0,14.67640365579508,17.305548048573998,353.1053730747999,0.0,0.0,187.45846259824769,221.77993239671674,4125.133347438772,51.85332297444946,35.56469339811349,331.00296346563627,388.64357401472889,9881.66370253802,0.0,0.0,199.35662391846996,237.26590776085537,3735.8088194293775,1217.8073524051702,21.507892499811136,30.74817539054795,21.5,30.0,0.0,21.14862513548304,39.498156519034157,21.0,30.0,1952.0213372559163,21.471163885851384,30.4418886659695,21.5,30.0,0.0,20.61651647705252,32.21943471791143,16.0,30.0,0.0,15.4077499556834,45.66355004984232,12.0,30.0,0.0,19.140822754157648,42.37952439119759,19.0,30.0,0.0,18.06944049677317,38.42766114681165,10.0,30.0,0.0,17.600136415668837,39.727454416585647,12.0,30.0,0.0,16.547027149523627,42.47454628408154,16.0,30.0,0.0,18.31996998648363,0.0,0.0,0.0,14.810429768368392,0.0,0.0,609.492588575635,1056.1453263696388,588.4560071927814,596.005276818245,637.28176274044,1021.651945470518,629.0648103912278,636.5940554614304,636.9116212434751,9207.308310406268,81.91689120092875,83.62753812424836,570.0,0.0,570.0,570.0,21.0,16.0,19.0,16.0,12.0,12.0,21.0,10.0,1.0,0.0,1217.8073524051702,0.0,1952.0213372559163,0.0,0.0,0.0,0.0,0.0,2588.904782466957,1553342.8694801743,2014878.739759409,81.91689120092875,83.65659058796439,0.3412968260822319,0.7703494635704487,0.36028137401965956,83.65659058796439,0.3542647819438875,2014878.739759409,0.12516702780082263 
 02/21  20:40:00,5.556666666666667,77.33333333333333,8.02,0.0,0.0,0.0,0.0,0.0,2.0,0.0,0.0,4.0,0.0,0.0,0.0,450.0,0.0,0.0,0.0,0.0,0.0,0.0,0.0,0.0,0.0,0.0,0.0,20.988251408118978,-1252.6775483848417,20.751805198756878,-104.14823859694022,20.983457421623677,-1769.9167041364668,19.706529671614999,451.7000903716941,15.338776262431877,44.14993110214758,18.70826566584132,-59.88494966271581,17.424126630353528,99.51117670238281,16.737374258185246,-59.85007465426333,16.47407815115922,-511.4596618425626,1418.8704517058523,1361.3346344840286,0.0,0.0,0.0,0.0,0.0,0.0,0.0,0.0,0.0,0.0,0.0,0.0,0.0,0.0,0.0,0.0,0.0,0.0,0.0,0.0,0.0,0.0,1.738396252016979,0.53064598657417,272.63143451484026,316.68444116041959,8689.256367393562,0.28963471269134058,0.044205542230058129,17.153119688970194,19.923299915864328,539.476824821913,1.7471930070171365,0.3301574087333973,402.5913999481701,467.5849128302501,12745.180037739854,0.41067547443290899,0.07760307528966538,305.2383632236756,355.90090431637568,9045.446509515034,0.0,0.0,12.603180279435535,14.963237204789064,249.2013261302091,0.0,0.0,16.167992491784877,18.937628260882116,432.9408135589589,0.0,0.0,272.93371426386207,321.1757546887376,6723.370408978311,0.0,0.0,17.337918492694425,20.461826469591757,396.4818772331205,0.0,0.0,200.77320037518565,237.5289734686375,4344.060812014462,52.03887089555066,35.69195534674261,394.50183895084856,462.68617065937328,11706.43333956233,0.0,0.0,216.30000522864996,257.17801606593448,4081.9746454449389,1795.8373336263729,21.825387547014946,30.074706975935194,22.000000000000019,30.00000000000002,688.4611878714029,21.301336599334378,40.43252022396051,21.000000000000015,30.00000000000002,2419.23061144825,21.582027691734639,30.227795360437886,21.666666666666687,30.00000000000002,0.0,20.57476418187966,32.447607801635189,16.000000000000015,30.00000000000002,0.0,15.41860637721006,45.57602545539805,12.00000000000001,30.00000000000002,0.0,19.088009815184308,42.092065042102529,19.000000000000015,30.00000000000002,0.0,17.96129340915902,38.55080158698274,10.000000000000007,30.00000000000002,0.0,17.051108131628206,41.11118451914105,12.00000000000001,30.00000000000002,978.4433458408536,16.373250930826189,42.90723364780918,16.333333333333348,30.00000000000002,0.0,18.71133039833655,0.0,0.0,0.0,14.929701278328303,0.0,0.0,605.701837650872,1140.4976073883457,587.9566111031504,604.2778297366442,634.4315096977717,1001.6330912581266,622.9058601174836,635.922581903554,634.6586074277091,9404.830248421775,81.78617446328778,84.22850808064765,570.0000000000005,0.0,570.0000000000005,570.0000000000005,21.0,16.0,19.0,16.0,12.0,12.0,21.0,10.0,1.0,0.0,1795.8373336263729,688.4611878714029,2419.23061144825,0.0,0.0,0.0,0.0,978.4433458408536,3695.9843150763815,2217590.5890458275,2881728.81826897,81.78617446328778,84.26998701346159,0.34986614383587957,0.7682388858624768,0.3602813740196598,84.26998701346159,0.3542647819438878,2881728.81826897,0.17017989854998648 
 02/21  20:50:00,5.573333333333333,77.16666666666667,8.040000000000001,0.0,0.0,0.0,0.0,0.0,2.0,0.0,0.0,4.0,0.0,0.0,0.0,600.0,0.0,0.0,0.0,0.0,0.0,0.0,0.0,0.0,0.0,0.0,0.0,20.73835377592987,-174.92113102915074,21.041596568802775,-197.08952729990447,21.13417744138678,-2561.5366956554714,19.81951917672847,572.6948925438519,15.343193734512476,39.86608758757987,18.69021529527717,-24.907224713495709,17.39284826228574,197.02087287673613,16.448371013724335,-88.43333960753924,16.497190987919895,-464.6757110112619,1500.7807589110685,1222.8922951761657,0.0,0.0,0.0,0.0,0.0,0.0,0.0,0.0,0.0,0.0,0.0,0.0,0.0,0.0,0.0,0.0,0.0,0.0,0.0,0.0,0.0,0.0,1.8589306847532999,0.5674391589601038,247.58127817674333,288.28540604339278,7613.328829199274,0.2129569356049003,0.03250258479928272,32.71125488792846,37.925897832376289,1052.544893121906,1.7045255382458618,0.3220947729111607,475.29932717385489,551.8441648860043,15270.400768168389,0.4089570992880706,0.07727836343311989,339.44914308989248,395.8137904993924,10147.40240435068,0.0,0.0,11.937724576552569,14.178380288599574,235.70454212246376,0.0,0.0,15.382658363984723,18.02650341649913,410.88589400249358,0.0,0.0,242.77942245665427,285.8524369946426,5958.2804594452049,0.0,0.0,24.801206494052665,29.327494242043789,546.9030155233788,0.0,0.0,164.41040172802733,194.5157955756016,3593.454845416568,52.250782599282278,35.8372994508109,456.0769470373567,534.6145279677834,13611.93772784282,0.0,0.0,189.4978540021345,225.56030459867479,3503.537482923109,0.0,21.127276245651659,31.695083209101747,21.0,30.0,328.0400693434294,21.91638632109305,37.98342598909707,21.5,30.0,3053.0373063815147,21.90760539751828,29.612409369961968,22.0,30.0,0.0,20.770552199724845,31.90262207111616,16.0,30.0,0.0,15.421638620057774,45.5928070108302,12.0,30.0,0.0,19.071560243537719,42.350877945064727,19.0,30.0,0.0,17.92797189041759,38.73052424921355,10.0,30.0,0.0,16.627693472489346,42.17573649164139,12.0,30.0,0.0,16.517421665862139,42.41839923005173,16.0,30.0,0.0,19.08950075116379,0.0,0.0,0.0,14.753615041284022,0.0,0.0,623.7899965388049,1079.1579083391517,588.3751476869403,596.509366923897,636.1073691941094,1014.8094839813189,627.8227608115651,633.9261254720645,631.6895796181627,10473.212015958827,81.07968952290855,84.7714286305542,570.0,0.0,570.0,570.0,21.0,16.0,19.0,16.0,12.0,12.0,21.0,10.0,1.0,0.0,0.0,328.0400693434294,3053.0373063815147,0.0,0.0,0.0,0.0,0.0,5586.654556630871,3351992.733978523,4359918.557136178,81.07968952290855,84.83412661633477,0.35622181855436238,0.7666519154879665,0.36028137401965956,84.83412661633477,0.3542647819438875,4359918.557136178,0.24726743163774793 
 02/21  21:00:00,5.59,77.0,8.06,0.0,0.0,0.0,0.0,0.0,2.0,0.0,0.0,4.0,0.0,0.0,0.0,600.0,0.0,0.0,0.0,0.0,0.0,0.0,0.0,0.0,0.0,0.0,0.0,20.961751185792538,-799.8542585012642,20.812158950421229,-161.6388245941035,21.10653401672042,-2037.786958850677,19.78894079271194,347.2264443241638,15.343192902481054,38.722432607399998,18.68027748126427,-53.54812567960883,17.310147703219763,127.4162545329691,16.204092412664634,-82.06609167935443,16.450919058803703,-461.4540868962897,1275.2259799375668,1279.088356857798,0.0,0.0,0.0,0.0,0.0,0.0,0.0,0.0,0.0,0.0,0.0,0.0,0.0,0.0,0.0,0.0,0.0,0.0,0.0,0.0,0.0,0.0,1.786495766637711,0.5453283780945394,246.3484267643787,286.2299886544793,7848.144348468547,0.25258046816093696,0.0385501325031955,24.845277329006906,28.875983222973195,784.3196087274087,1.7734754582169723,0.33512385831764415,360.5071573889792,418.8511710418585,11381.109307583032,0.3981399172447847,0.07523430031080586,245.53556314505796,286.1460680412389,7293.311586824386,0.0,0.0,12.276471532336283,14.578007757482022,241.90879862247136,0.0,0.0,16.148609671276014,18.919929848981654,430.452623540595,0.0,0.0,270.3923244854616,318.51073684444688,6542.268728542658,0.0,0.0,27.97413694090185,33.122044365127539,597.628046728204,0.0,0.0,185.38349474678703,219.50200114816043,3956.863530460043,52.15033515887589,35.76840545876263,345.05696024165828,404.6914736282122,10407.720497057508,0.0,0.0,213.54947016951292,254.15662768568189,3950.6372074856078,1567.2519039831948,21.74180231877139,30.6677984375154,21.75,30.0,0.0,21.523281422009086,37.85725937440043,21.0,30.0,2423.0439561685,21.691286647157957,29.960684982042584,21.5,30.0,0.0,20.653204995085888,32.34807012849528,16.0,30.0,0.0,15.418209210871435,45.74681551668885,12.0,30.0,0.0,19.059289056560016,42.65907961088618,19.0,30.0,0.0,17.759169567565537,39.27409087057545,10.0,30.0,0.0,16.28038627304756,43.16989009955168,12.0,30.0,825.086118059194,16.259227905995009,43.2906524661157,16.25,30.0,0.0,18.46042241560762,0.0,0.0,0.0,14.78097838584065,0.0,0.0,631.6195745362246,1011.2683223134376,587.2608958939584,609.1290056241714,643.0131332496626,1030.1106112433504,634.4812556472116,636.8820767007417,639.2642276112352,9101.604534261156,81.98678801279394,81.98678801279394,570.0,0.0,570.0,570.0,21.0,16.0,19.0,16.0,12.0,12.0,21.0,10.0,1.0,0.0,1567.2519039831948,0.0,2423.0439561685,0.0,0.0,0.0,0.0,825.086118059194,0.0,0.0,0.0,81.98678801279394,81.98678801279394,0.34,0.7695395443002056,0.36028137401965956,81.98678801279394,0.3542647819438875,0.0,0.02077333333333333 
 02/21  21:10:00,5.5183333333333339,77.83333333333334,8.165000000000001,0.0,0.0,0.0,0.0,0.0,2.0,0.0,0.0,4.0,0.0,0.0,0.0,600.0,0.0,0.0,0.0,0.0,0.0,0.0,0.0,0.0,0.0,0.0,0.0,20.752650108550236,-518.5734239158867,20.648134966630115,-144.01691844664055,21.11037837245144,-2140.083329440842,19.761472814880365,415.4655534009146,15.346722899693301,40.55322282197132,18.662782177094056,-27.42679250810292,17.443007017888485,236.60297382069963,15.991377404984146,-106.93457866939451,16.652410813385467,-498.1840144504753,1365.3216860524697,1260.437431310118,0.0,0.0,0.0,0.0,0.0,0.0,0.0,0.0,0.0,0.0,0.0,0.0,0.0,0.0,0.0,0.0,0.0,0.0,0.0,0.0,0.0,0.0,1.845775765608565,0.5634236158756303,242.04067004429894,281.7063651141013,7561.1841469844789,0.26046281553567826,0.03975317697430987,25.175901969594354,29.26920411911684,785.4721937500154,1.7478170815624755,0.3302753366520174,385.7090359234817,448.45179767582598,12121.580621510364,0.3953058129675253,0.0746987552848687,259.1687122765748,302.1244770161114,7712.664903757601,0.0,0.0,11.970665029311038,14.216150674486418,237.6999524339069,0.0,0.0,14.071392362842883,16.488879814298615,376.6566942769874,0.0,0.0,237.47971586223088,279.54901587249477,5891.607844362038,0.0,0.0,40.61942887279672,48.15042253384535,850.3269153854315,0.0,0.0,146.34938432216303,172.9677630784025,3304.3171469698929,52.69082136206116,36.13910930182523,368.9394600871709,432.8265532801557,11083.472704115273,0.0,0.0,181.90901709545717,216.52627063241835,3392.847227346832,656.6551131133972,21.27685091819771,31.57496211446146,21.25,30.0,0.0,21.26178332304718,38.839761967896837,21.0,30.0,2336.4313690310989,21.594199039328268,29.911508866013027,21.5,30.0,0.0,20.602852203282944,32.34054986516377,16.0,30.0,0.0,15.423022583175522,45.713601323405118,12.0,30.0,0.0,19.043621231685316,42.64054081043901,19.0,30.0,0.0,18.013081497503216,38.602490814919068,10.0,30.0,0.0,15.978148922133754,44.08520965303986,12.0,30.0,392.65000465045957,16.836316938511815,41.73647465516873,16.5,30.0,0.0,18.58600316523576,0.0,0.0,0.0,14.755621483455482,0.0,0.0,633.2155263484187,1034.4918144192539,573.8536696247513,603.7644883135449,642.0298920281252,1030.2793949378832,632.7721451564592,640.593605116837,640.3242854500545,10489.074450312628,81.06921334167085,86.41248639788174,570.0,0.0,570.0,570.0,21.0,16.0,19.0,16.0,12.0,12.0,21.0,10.0,1.0,0.0,656.6551131133972,0.0,2336.4313690310989,0.0,0.0,0.0,0.0,392.65000465045957,8086.211770680144,4851727.062408086,6309811.650026644,81.06921334167085,86.50323291282541,0.35454039235600479,0.767489580552265,0.36028137401965956,86.50323291282541,0.3542647819438875,6309811.650026644,0.3491052058013855 
 02/21  21:20:00,5.446666666666667,78.66666666666667,8.27,0.0,0.0,0.0,0.0,0.0,2.0,0.0,0.0,4.0,0.0,0.0,0.0,450.0,0.0,0.0,0.0,0.0,0.0,0.0,0.0,0.0,0.0,0.0,0.0,20.853230850975167,-712.8289324476804,20.536461474691614,-86.08761736627798,21.12526773596837,-1956.224350792434,19.79741042578642,450.7987440670463,15.35076032608022,44.52335841530292,18.64687179924553,-50.06228686938199,17.462564999071455,141.53056126113425,15.824980788125684,-79.6070772386875,16.249596018424186,-363.9007303753034,1467.7066388471454,1368.1345728196473,0.0,0.0,0.0,0.0,0.0,0.0,0.0,0.0,0.0,0.0,0.0,0.0,0.0,0.0,0.0,0.0,0.0,0.0,0.0,0.0,0.0,0.0,1.8021418500992988,0.5501043498471606,286.6858576584789,333.4658117565647,8933.573070759687,0.3007216465753092,0.045897687206243768,18.661502837271706,21.694421571362584,582.317565197268,1.7998900030126309,0.34011526889883428,456.8450899724953,530.6900434864446,14558.475305973796,0.4186950569582777,0.07911849148871456,307.4787061113693,358.4395908938851,9220.09843911582,0.0,0.0,12.807183831636772,15.203808686153192,256.30353712889237,0.0,0.0,16.111271163615308,18.872254359071215,432.9302971272722,0.0,0.0,270.85608805407227,318.6236643595084,6761.589531757763,0.0,0.0,39.56718027591287,46.91612293739536,817.3259832404993,0.0,0.0,175.00018971363645,207.14831192480563,3751.3447163659996,53.40246633277948,36.627205989560689,430.73783820333298,504.9189882642394,12949.470576804446,0.0,0.0,211.6112049306525,251.6118266943165,4017.1987343973135,804.1463742802271,21.45259012006193,30.9582398356488,20.999999999999994,29.99999999999999,0.0,21.094928185223745,39.946401633347438,20.999999999999994,29.99999999999999,2437.561686958651,21.628974329988688,30.150975491880588,21.999999999999994,29.99999999999999,0.0,20.65817590313712,32.19498312475456,15.999999999999993,29.99999999999999,0.0,15.42907091399155,45.680151158945339,11.999999999999995,29.99999999999999,0.0,19.02347687524939,42.532950376282837,18.999999999999994,29.99999999999999,0.0,18.01862316041779,38.56441153990114,9.999999999999997,29.99999999999999,0.0,15.76284851085953,44.72150179313307,11.999999999999995,29.99999999999999,0.0,16.18737992832059,43.516149954335677,15.999999999999993,29.99999999999999,0.0,18.918422939753709,0.0,0.0,0.0,14.862019901720896,0.0,0.0,617.0707277861579,1082.379242132697,590.1059594299744,601.6680431041108,641.5303775353566,1023.6824371578476,631.6421344421219,641.9729850279422,641.4360192967658,10094.824783157299,81.32998764763369,83.65033983408805,569.9999999999998,0.0,569.9999999999998,569.9999999999998,21.0,16.0,19.0,16.0,12.0,12.0,21.0,10.0,1.0,0.0,804.1463742802271,0.0,2437.561686958651,0.0,0.0,0.0,0.0,0.0,3511.5764783632578,2106945.8870179557,2730790.0758003827,81.32998764763369,83.68974711725466,0.34371921594544188,0.7680741948844485,0.36028137401965945,83.68974711725466,0.35426478194388735,2730790.0758003827,0.1630277506082866 
 02/21  21:30:00,5.375,79.5,8.375,0.0,0.0,0.0,0.0,0.0,2.0,0.0,0.0,4.0,0.0,0.0,0.0,450.0,0.0,0.0,0.0,0.0,0.0,0.0,0.0,0.0,0.0,0.0,0.0,20.968271169783269,-907.706034654477,20.878077474914567,-132.5719021461583,21.143578684356635,-1744.2074768527062,19.804060757314688,368.248465926714,15.350915652958557,37.64388883033189,18.90349073885647,-65.04961084505274,17.356209162455096,251.22790895829946,15.714362006683507,-66.03205639840141,16.51486273654681,-437.79506661929437,1324.8127103355433,1129.0668805835574,0.0,0.0,0.0,0.0,0.0,0.0,0.0,0.0,0.0,0.0,0.0,0.0,0.0,0.0,0.0,0.0,0.0,0.0,0.0,0.0,0.0,0.0,1.8417969066816067,0.5622090679736282,252.02769445954758,292.3917401610188,8161.755678936061,0.2818421222565666,0.04301619692560539,21.80549432765302,25.310859260358485,701.507683747886,1.8278892355921748,0.3454061291746362,344.80104958294097,400.7900692231849,10944.644480642912,0.4100127607667839,0.07747784594988352,265.78881880555596,309.7804830967025,8007.62413245289,0.0,0.0,12.647663423164059,15.01119512942575,254.8698323954613,0.0,0.0,15.789845632139738,18.475576375630813,434.92622025590927,0.0,0.0,245.78539683643334,289.4538654320207,6069.660868525856,0.0,0.0,38.53293746379248,45.699071850628808,792.0761416240175,0.0,0.0,150.07518270496747,177.4999753293435,3369.4722904941629,53.88096749928047,36.955396090041478,335.34380278021129,393.4404329911025,10261.172569774602,0.0,0.0,184.05358930988855,219.1877329223195,3422.401057141809,1407.9807331856178,21.64379414208026,31.074129606056425,21.666666666666658,29.99999999999999,915.8058426143084,21.61357357869093,38.85294074965381,21.333333333333326,29.99999999999999,1893.1786765018606,21.608243536084588,30.151172901289966,21.666666666666658,29.99999999999999,0.0,20.64801642265423,32.03313759615219,15.999999999999993,29.99999999999999,0.0,15.426822467348356,45.72356988187792,11.999999999999995,29.99999999999999,567.3005268537258,19.281007502383198,41.78705260313186,19.33333333333333,29.99999999999999,0.0,17.833282426820405,39.11845669611479,9.999999999999997,29.99999999999999,0.0,15.63922151399203,45.01551141157635,11.999999999999995,29.99999999999999,1070.1529222414534,16.673221639174657,42.17299853597234,16.66666666666666,29.99999999999999,0.0,18.40178385986168,0.0,0.0,0.0,14.553722510513339,0.0,0.0,643.2202952386446,1096.7525441105982,585.6298055565217,589.0986811998012,643.4168614483039,1020.3407144090896,635.8547057900464,639.877624564644,640.3639925751992,11409.060827046824,80.46060109038759,85.6921707027449,569.9999999999998,0.0,569.9999999999998,569.9999999999998,21.0,16.0,19.0,16.0,12.0,12.0,21.0,10.0,1.0,0.0,1407.9807331856178,915.8058426143084,1893.1786765018606,0.0,567.3005268537258,0.0,0.0,1070.1529222414534,7916.252446087376,4749751.467652427,6170589.655312156,80.46060109038759,85.78102012238193,0.3772084148695792,0.7696249999884088,0.36028137401965945,85.78102012238193,0.35426478194388735,6170589.655312156,0.34192899540956547 
 02/21  21:40:00,5.303333333333334,80.33333333333333,8.48,0.0,0.0,0.0,0.0,0.0,2.0,0.0,0.0,4.0,0.0,0.0,0.0,450.0,0.0,0.0,0.0,0.0,0.0,0.0,0.0,0.0,0.0,0.0,0.0,20.832379084362978,-1021.6022151222916,20.925517709022896,-241.69337570109793,21.079351699852677,-1701.181535587372,19.738581517274026,428.0939182093156,15.352522167887312,42.01050227153145,19.240688676400205,-45.80158556469458,17.48416533158944,151.72716263428215,15.60828011098831,-79.13605404848673,16.677253568341734,-558.8706687628894,1420.1087574485594,1343.0812232934027,0.0,0.0,0.0,0.0,0.0,0.0,0.0,0.0,0.0,0.0,0.0,0.0,0.0,0.0,0.0,0.0,0.0,0.0,0.0,0.0,0.0,0.0,1.9122330706291258,0.5837097285192698,286.96894822316389,333.8517384787481,8984.327249708076,0.22729996425871813,0.034691691736678628,34.592674734744409,40.15817011364392,1115.2592081972305,1.8862881384084196,0.3564414471671242,391.265546852275,454.2914817651168,12544.412619342538,0.4290224244909451,0.08106999706933962,290.0450476519609,338.07777298135417,8717.133244809811,0.0,0.0,12.234656373079919,14.522484279661584,248.38335686522465,0.0,0.0,16.50043676574314,19.266029737802279,477.3067570873494,0.0,0.0,246.67313087538833,290.2935511065201,6218.3221575560269,0.0,0.0,45.61947852224024,54.13476531097564,933.2763572425047,0.0,0.0,152.86113567344618,180.59086039548238,3535.84963901675,54.46069468346255,37.35301418618835,388.403571254299,455.442854297697,11724.817994019668,0.0,0.0,192.28762535339048,228.90077209361579,3633.099007176452,1161.2584334572796,21.327312979603517,31.389177152735188,21.666666666666687,30.00000000000002,0.0,21.644822370219239,37.34402734327516,21.000000000000015,30.00000000000002,2107.988889164216,21.523065088538546,30.467242250722337,21.666666666666687,30.00000000000002,0.0,20.527252174593074,32.68656252024284,16.000000000000015,30.00000000000002,0.0,15.430682988488698,45.83235822251812,12.00000000000001,30.00000000000002,232.34250611025855,19.96747589078459,40.340332139418659,19.666666666666683,30.00000000000002,0.0,18.01724730419864,38.646654639848929,10.000000000000007,30.00000000000002,0.0,15.511815810862914,45.50106918339302,12.00000000000001,30.00000000000002,520.316764673169,16.897392099085346,41.66504197292514,16.66666666666668,30.00000000000002,0.0,18.40096205183712,0.0,0.0,0.0,14.630259499723025,0.0,0.0,621.5344634357915,999.6394197134055,590.7783474261951,608.7000459566241,648.5902490449628,1026.732314799562,633.2294368278936,644.4844843145688,644.5927031495324,9966.574908352872,81.41474119140892,83.83716414773787,570.0000000000005,0.0,570.0000000000005,570.0000000000005,21.0,16.0,19.0,16.0,12.0,12.0,21.0,10.0,1.0,0.0,1161.2584334572796,0.0,2107.988889164216,0.0,232.34250611025855,0.0,0.0,520.316764673169,3665.8852960853098,2199531.177651184,2854831.489143989,81.41474119140892,83.87830493142865,0.34886284320284385,0.768311439577683,0.3602813740196598,83.87830493142865,0.3542647819438878,2854831.489143989,0.16954123743548744 
 02/21  21:50:00,5.231666666666667,81.16666666666667,8.584999999999999,0.0,0.0,0.0,0.0,0.0,2.0,0.0,0.0,4.0,0.0,0.0,0.0,600.0,0.0,0.0,0.0,0.0,0.0,0.0,0.0,0.0,0.0,0.0,0.0,21.07788166786638,-1002.4671240649756,20.702339405274658,-109.13932719089998,21.152652457410527,-1778.4675999803754,19.851294286684806,498.16296411691249,15.354562913089147,45.46811303438315,19.108252654343475,-69.7361937888927,17.494172653842957,160.61197061461736,15.51548258126552,-61.491965414042059,16.30077630129881,-387.3331251467321,1450.424275958835,1400.6532520641857,0.0,0.0,0.0,0.0,0.0,0.0,0.0,0.0,0.0,0.0,0.0,0.0,0.0,0.0,0.0,0.0,0.0,0.0,0.0,0.0,0.0,0.0,1.8895978575114212,0.5768003228056842,230.47310028831624,267.7173576718928,7519.082474810536,0.3151142556984231,0.048094361370333207,18.473358806654685,21.492688848648784,594.1262215343535,1.8863264047760722,0.3564486781511853,387.3550675436433,450.2137630082666,12515.361008725968,0.44265737315290296,0.0836465179805183,328.897408164292,383.43384239205849,10033.16005436803,0.0,0.0,13.10811665345803,15.562888523075117,268.0813030756073,0.0,0.0,17.241734084114687,20.151887243066544,493.19426821331987,0.0,0.0,272.4618485799182,320.55962363054899,6931.442779979917,0.0,0.0,45.13904412645321,53.60335640519353,920.845370501226,0.0,0.0,171.5187010442421,203.02764454991249,3778.3699158388719,55.24289495281145,37.88950271111897,369.5412490458339,433.77101791188758,11339.992775109386,0.0,0.0,211.97374647159956,252.18895219437276,4082.0528044781397,1678.4249503899465,21.841258654966575,30.447256309503169,21.75,30.0,0.0,21.34444410458712,38.475924894023567,21.0,30.0,2019.1326945573174,21.627287066996879,30.48726327682567,21.75,30.0,0.0,20.72600040518396,32.30790987938136,16.0,30.0,0.0,15.434692288889196,45.82851719434751,12.0,30.0,0.0,19.724444478405564,41.103427047644718,19.0,30.0,0.0,18.046527335744729,38.752516241196968,10.0,30.0,0.0,15.408163664437101,45.91173230125774,12.0,30.0,0.0,16.272555141394049,43.439169600249247,16.0,30.0,0.0,18.666458695207639,0.0,0.0,0.0,14.789294499490659,0.0,0.0,623.2792127601817,1018.8203256291254,601.5774127552339,607.3646420475362,647.8789955205803,1024.8890152186926,640.5719428658276,647.633879005579,646.6783789357268,9740.736731480636,81.56397791774876,83.56506707208118,570.0,0.0,570.0,570.0,21.0,16.0,19.0,16.0,12.0,12.0,21.0,10.0,1.0,0.0,1678.4249503899465,0.0,2019.1326945573174,0.0,0.0,0.0,0.0,0.0,3027.930711875508,1816758.427125305,2354001.417666322,81.56397791774876,83.59905220908182,0.35593102372918369,0.7678959167228018,0.36028137401965956,83.59905220908182,0.3542647819438875,2354001.417666322,0.14349807371864876 
 02/21  22:00:00,5.16,82.0,8.69,0.0,0.0,0.0,0.0,0.0,2.0,0.0,0.0,4.0,0.0,0.0,0.0,600.0,0.0,0.0,0.0,0.0,0.0,0.0,0.0,0.0,0.0,0.0,0.0,20.95990638563881,-1052.4357040411624,20.56991744926126,-142.79074141165314,21.078630628971128,-1710.0672196637466,19.82700175655504,341.59651563368518,15.35633484671569,40.60885592428062,18.974014648642326,-59.07460024786275,17.406421236846155,193.60680882055204,15.460171677984562,-57.01981522843113,16.574849504266397,-442.27185740182997,1409.5567429667606,1233.2273486363079,0.0,0.0,0.0,0.0,0.0,0.0,0.0,0.0,0.0,0.0,0.0,0.0,0.0,0.0,0.0,0.0,0.0,0.0,0.0,0.0,0.0,0.0,1.927079904533824,0.588241729100679,250.7957253806294,291.3911070871354,8135.284870488642,0.3022039698373584,0.04612392702035385,22.32684398062161,25.986360038582455,709.787049960152,1.8673842187920423,0.3528692779274457,329.5953944679243,383.22108785607528,10578.983207255256,0.42062280578095997,0.07948276753230534,279.46820694892537,325.83834345750258,8528.590550267541,0.0,0.0,12.737378184859095,15.121167216498524,262.37731544080358,0.0,0.0,16.73465358792673,19.573434736640377,474.09051255142676,0.0,0.0,249.8294658503872,294.2481250577182,6297.867971988958,0.0,0.0,44.06300332850965,52.322958493182877,901.5360311937723,0.0,0.0,151.89141682444734,179.67704222322005,3483.456402031704,55.591588322092267,38.12866140061199,326.18489452551798,383.14046303968265,10025.31311961021,0.0,0.0,190.33420910159044,226.70909142906843,3631.37811767974,1249.1421953889754,21.50405719784407,31.049729864109666,21.5,30.0,0.0,21.134950510505026,39.61087491223327,21.0,30.0,2022.9055806217708,21.462053979400034,30.76334515500442,21.5,30.0,0.0,20.648627041479956,32.411840775688677,16.0,30.0,0.0,15.437172799599522,45.85135984162518,12.0,30.0,0.0,19.50187479219194,41.6837560776573,19.0,30.0,0.0,17.861660696941713,39.217221947894859,10.0,30.0,0.0,15.36650364385105,46.117491538312439,12.0,30.0,1104.50086110872,16.727239906404507,42.26448863952564,16.75,30.0,0.0,18.147034390308808,0.0,0.0,0.0,14.582008990423042,0.0,0.0,614.6801272540865,1055.5632767392129,593.5902677035001,599.65883718177,647.2856523238404,1020.4455932719218,636.8287325300478,648.2609746603622,645.8748321767677,10565.026855024138,81.01881554997078,84.98687689591853,570.0,0.0,570.0,570.0,21.0,16.0,19.0,16.0,12.0,12.0,21.0,10.0,1.0,0.0,1249.1421953889754,0.0,2022.9055806217708,0.0,0.0,0.0,0.0,1104.50086110872,6004.2831835996389,3602569.910159783,4684959.573549746,81.01881554997078,85.05426775063236,0.37014277278665466,0.7671485083837777,0.36028137401965956,85.05426775063236,0.3542647819438875,4684959.573549746,0.2647078978245868 
 02/21  22:10:00,5.140000000000001,82.33333333333334,8.658333333333334,0.0,0.0,0.0,0.0,0.0,2.0,0.0,0.0,4.0,0.0,0.0,0.0,1200.0,0.0,0.0,0.0,0.0,0.0,0.0,0.0,0.0,0.0,0.0,0.0,21.10299233332043,-1335.549594423353,20.48778282194587,-78.01624125874577,21.021443855973133,-1435.6219462164748,19.81720504247193,502.24337177257555,15.35613833072832,45.6126965831094,18.880121440926894,-43.27777808788668,17.631242131197266,190.51301304247398,15.357894957649425,-112.89122232470854,18.04525828839048,-467.1453163880409,1445.8707053051549,1224.2227199134405,0.0,0.0,0.0,0.0,0.0,0.0,0.0,0.0,0.0,0.0,0.0,0.0,0.0,0.0,0.0,0.0,0.0,0.0,0.0,0.0,0.0,0.0,1.8883707004505626,0.576425732738267,217.5676719491353,253.15677034012928,7110.5607859573469,0.3374845192866432,0.05150862626475018,14.763539882392113,17.19211329632183,470.8941217463772,1.9179012283467505,0.3624151981002931,321.9994561811818,374.4830019024797,10424.450252254825,0.442732749517406,0.0836607614356398,306.4798626429307,357.5203137528052,9359.463975743225,0.0,0.0,14.111367323065937,16.76241736213664,291.26216974921575,0.0,0.0,15.432217588641784,18.07652552491519,433.6110858594264,0.0,0.0,197.21487450686772,232.02259450097797,5132.511892949542,0.0,0.0,57.50758985540493,68.35420624880014,1162.7418324782689,0.0,0.0,129.07666772714883,151.37253701667533,3544.815380183647,55.736363861223129,38.2279587525536,320.76424714898777,377.1539454100153,9855.587231253907,0.0,0.0,139.67447548913479,166.484856602725,2615.4844229218185,1791.2469178386069,21.77617371443473,30.23097165887753,22.0,30.0,0.0,21.02440424875378,41.19498437243482,21.0,30.0,1830.689268382346,21.509910702782088,30.66261373454141,21.5,30.0,0.0,20.64286685928317,32.48247543555599,16.0,30.0,0.0,15.437871302391953,45.769198101315357,12.0,30.0,0.0,19.355595607600198,40.492459924004659,19.0,30.0,0.0,18.28269661570055,37.915072879580687,10.0,30.0,0.0,15.22533596296115,46.51909973700128,12.0,30.0,2950.19623859908,18.808174501377324,36.97781247194552,20.0,30.0,0.0,18.289204499468956,0.0,0.0,0.0,14.320274527267913,0.0,0.0,592.7736975502737,1135.4955824445415,588.6871728183768,598.6262290099564,640.436405266015,979.5044396051221,618.3851740207186,644.5485634271404,633.7220941472194,10476.9467833241,81.07724773346165,84.68368299550122,570.0,0.0,570.0,570.0,21.0,16.0,19.0,19.0,12.0,12.0,21.0,10.0,1.0,0.0,1791.2469178386069,0.0,1830.689268382346,0.0,0.0,0.0,0.0,2950.19623859908,5457.7053053228269,3274623.1831936959,4262175.459436698,81.07724773346165,84.74493223879408,0.3519235101774275,0.7673139804392198,0.36028137401965956,84.74493223879408,0.3542647819438875,4262175.459436698,0.24272312389070833 
 02/21  22:20:00,5.12,82.66666666666667,8.626666666666667,0.0,0.0,0.0,0.0,0.0,2.0,0.0,0.0,4.0,0.0,0.0,0.0,600.0,0.0,0.0,0.0,0.0,0.0,0.0,0.0,0.0,0.0,0.0,0.0,20.980746560908814,-704.6381239610678,20.88167750251431,-163.92542530108984,21.093210790110598,-2202.2364763804437,19.925317842043943,511.88440226483319,15.358312825814624,41.934357282900069,18.809346953195765,-33.65292645372094,17.358942854859174,8.705526187551414,15.273833603114872,-41.50784435763444,18.40401876257391,-600.6989425091595,1521.1468676829668,1463.18003788471,0.0,0.0,0.0,0.0,0.0,0.0,0.0,0.0,0.0,0.0,0.0,0.0,0.0,0.0,0.0,0.0,0.0,0.0,0.0,0.0,0.0,0.0,1.971898456876532,0.6019226058841674,229.94397829784593,267.3850780250541,7466.376032687827,0.2898051324621529,0.044231552573588659,25.184702437387153,29.200985488782828,830.9198425235386,1.8718778129578218,0.3537184075884018,394.09881524040449,457.7772599921883,12958.58664162647,0.43202762993830637,0.08163787413800193,308.10193864579596,359.10652177292936,9522.261253595629,0.0,0.0,13.808777660149373,16.397244602034065,285.6998302041375,0.0,0.0,15.224033090020468,17.834139309142114,425.3873870282262,0.0,0.0,221.70459167686438,261.15511571796778,5546.108937321382,0.0,0.0,59.20490495682707,70.38211335017582,1189.5158525529187,0.0,0.0,190.5069642488633,223.18196956671299,5336.932560742416,55.80407982757144,38.27440317391732,376.7389412270353,442.2368891493511,11646.162947762834,0.0,0.0,176.66354722463093,210.00267690992656,3524.602988660862,907.7933680863139,21.501966331495355,31.20169951277936,21.5,30.0,1007.0041129252438,21.664275074858197,39.79454870736979,21.75,30.0,2814.851216959137,21.806994218760417,30.051691099873034,21.75,30.0,0.0,20.821517026751637,32.03173686693244,16.0,30.0,0.0,15.441597807242088,45.62631684639114,12.0,30.0,0.0,19.25029405056538,39.109120680486899,19.0,30.0,0.0,17.733149059712419,39.34784932318477,10.0,30.0,0.0,15.132714666704655,46.625237848785747,12.0,30.0,840.6122350625424,19.315970042979076,35.630683839037718,19.25,30.0,0.0,18.65534140134133,0.0,0.0,0.0,14.981527212502485,0.0,0.0,617.7459897311085,1150.3031843356742,582.2836101677176,589.6591084600224,631.3107407289451,949.7534106830326,621.6179257623076,634.9971234896724,623.6733644013084,11618.474463085628,80.32208048425899,86.28686877425415,570.0,0.0,570.0,570.0,21.0,16.0,19.0,19.0,12.0,12.0,21.0,10.0,1.0,0.0,907.7933680863139,1007.0041129252438,2814.851216959137,0.0,0.0,0.0,0.0,840.6122350625424,9025.657085053854,5415394.2510323119,7051769.427538846,80.32208048425899,86.38817068115645,0.38585523616846176,0.7670850164647223,0.36028137401965956,86.38817068115645,0.3542647819438875,7051769.427538846,0.38746534356535336 
 02/21  22:30:00,5.1,83.0,8.594999999999999,0.0,0.0,0.0,0.0,0.0,2.0,0.0,0.0,4.0,0.0,0.0,0.0,600.0,0.0,0.0,0.0,0.0,0.0,0.0,0.0,0.0,0.0,0.0,0.0,20.77710733786315,-233.19231946962078,20.925702514830264,-161.604431611818,20.84029751871152,-1958.2719810553172,20.013976635434458,392.44073983157116,15.3562882001473,43.30673422803574,18.749268643103677,-44.184488346561639,17.146910058537473,17.409728496617846,15.338249363581883,67.45027076469848,18.726916590945785,-1346.994542108338,1557.2093761543825,2111.831803544663,0.0,0.0,0.0,0.0,0.0,0.0,0.0,0.0,0.0,0.0,0.0,0.0,0.0,0.0,0.0,0.0,0.0,0.0,0.0,0.0,0.0,0.0,2.014046940085545,0.6147884432495561,222.7202961416406,259.21953141031215,7163.030397385267,0.27371246821126579,0.04177540723615168,29.14325211504991,33.826565927307907,957.1284672997762,1.8633713797861627,0.35211099391272929,412.28180823509208,479.72361206688717,13364.67383824756,0.4107993622483813,0.07762648568563516,245.06195821500286,285.7299852377001,7662.732879897013,0.0,0.0,14.07226175417054,16.711280690429047,291.6532394572945,0.0,0.0,17.166771095569766,20.118828670122537,477.5672598522434,0.0,0.0,303.7470773107964,358.3009892598151,7423.756898157637,0.0,0.0,58.17671665317816,69.11927004990956,1191.0753211887355,0.0,0.0,276.5581352296965,323.5132477287682,8033.101776639006,55.84730997876457,38.304053483377639,378.1955390096413,443.92563916894928,11894.711741787427,0.0,0.0,266.1384862516229,315.41212321673688,5821.820488815041,169.47744313459416,21.33093370553702,31.626453844822295,21.0,30.0,0.0,21.715371257669817,38.22211703360403,21.0,30.0,1773.860631108393,21.49429689544622,30.74740410924168,21.5,30.0,0.0,20.96013524298077,31.838399235909223,16.0,30.0,0.0,15.438736735400866,45.64553887735697,12.0,30.0,0.0,19.16363075463496,38.58073893662064,19.0,30.0,0.0,17.377519820618919,40.39214723653399,10.0,30.0,0.0,15.308574421617879,46.06430234918767,12.0,30.0,1840.163164207973,19.818380673166929,34.68957552810413,19.75,30.0,0.0,18.82524446109729,0.0,0.0,0.0,16.02234759870045,0.0,0.0,618.6039141323914,1047.3601772603479,583.2998043287093,588.602847710572,629.5121978461715,937.002470545302,628.2728192017391,631.8271022689205,632.5654382659354,9268.841211395853,81.87612638653218,83.66054556212842,570.0,0.0,570.0,570.0,21.0,16.0,19.0,19.0,12.0,12.0,21.0,10.0,1.0,0.0,169.47744313459416,0.0,1773.860631108393,0.0,0.0,0.0,0.0,1840.163164207973,2700.4364483398119,1620261.869003887,2118934.47627136,81.87612638653218,83.69085092359518,0.34501454827799379,0.7669436726166692,0.36028137401965956,83.69085092359518,0.3542647819438875,2118934.47627136,0.1306412594327774 
 02/21  22:40:00,5.08,83.33333333333334,8.563333333333333,0.0,0.0,0.0,0.0,0.0,2.0,0.0,0.0,0.0,0.0,0.0,0.0,1200.0,0.0,0.0,0.0,0.0,0.0,0.0,0.0,0.0,0.0,0.0,0.0,20.207922324695926,-161.63869209923485,20.32759823763562,-823.4832907197515,20.24327206111715,-464.92986446758399,19.740051948698459,-63.62540122450689,15.353713777164244,37.49698396994173,18.59771507016398,-49.0660808144613,17.111318560045424,54.18998476900174,15.378783595695419,-11.78127784713186,17.921283534298654,-484.41318094713429,1189.3401027175624,1319.9725298717759,0.0,0.0,0.0,0.0,0.0,0.0,0.0,0.0,0.0,0.0,0.0,0.0,0.0,0.0,0.0,0.0,0.0,0.0,0.0,0.0,0.0,0.0,1.847205603863657,0.5638600744394559,232.03740770783586,271.05242742838098,7108.743688644711,0.32755926095175916,0.04999378219654443,150.67949961332517,175.90364946632278,4661.41606433341,1.8363548924699,0.3470058375793464,168.30472198375626,196.68334198570276,5152.492543532994,0.3671089531357553,0.06937055047916764,105.30603867330228,123.08178262228687,3208.0473108507419,0.0,0.0,13.674206730019993,16.24903096654845,283.850247139772,0.0,0.0,14.508314180309514,17.027975630474985,399.4014132832318,0.0,0.0,225.8700235376672,266.6503593143241,5526.760005187684,0.0,0.0,51.93689511821088,61.726068757414498,1074.7417392950845,0.0,0.0,191.78817146372973,225.52110394425803,5121.278280654211,55.16246633216863,37.834339048126647,230.90581274898896,272.1840542332191,7301.273983533147,0.0,0.0,180.7558664694008,215.05529130749444,3662.6423681726075,0.0,20.456893590122378,34.68005763820156,22.0,30.0,0.0,20.6705741502866,33.38796469784802,12.0,30.0,0.0,20.407800928576465,34.4727160727905,22.0,30.0,0.0,20.420806057266778,34.05999598201926,12.0,30.0,0.0,15.435070558375536,45.90535296477064,12.0,30.0,0.0,18.98401651726131,38.48096998808808,12.0,30.0,0.0,17.367488641295297,41.26092849643335,10.0,30.0,0.0,15.40065429279589,46.024673101243568,12.0,30.0,0.0,18.49891732804035,38.29094954668105,19.75,30.0,0.0,17.539566196363198,0.0,0.0,0.0,15.083474204333776,0.0,0.0,687.0041131780544,636.5759159158633,669.0068089233373,648.3969022032201,637.6866054359791,927.3675472035424,662.3336180201909,640.9517403275811,658.3505615747222,0.0,81.18567883564355,81.18567883564355,60.0,0.0,60.0,60.0,12.0,12.0,12.0,19.0,12.0,12.0,21.0,10.0,0.0,0.0,0.0,0.0,0.0,0.0,0.0,0.0,0.0,0.0,0.0,0.0,0.0,81.18567883564355,81.18567883564355,0.0,0.0,0.0,81.18567883564355,0.0,0.0,0.00212 
 02/21  22:50:00,5.0600000000000009,83.66666666666666,8.531666666666667,0.0,0.0,0.0,0.0,0.0,2.0,0.0,0.0,0.0,0.0,0.0,0.0,600.0,0.0,0.0,0.0,0.0,0.0,0.0,0.0,0.0,0.0,0.0,0.0,19.614205366030079,-363.12716571029366,19.70916810190382,-516.4190784803818,19.75910232992755,-354.84880966343976,19.357269247576047,-203.1667868663111,15.338303455490085,27.433853287768188,18.44445668571482,-39.696809830013709,17.017535081404245,24.674525369520099,15.292040173488033,-76.14083308894596,17.43268620133835,-157.1894212289135,979.5274642017747,977.1413399829564,0.0,0.0,0.0,0.0,0.0,0.0,0.0,0.0,0.0,0.0,0.0,0.0,0.0,0.0,0.0,0.0,0.0,0.0,0.0,0.0,0.0,0.0,1.8045564408305522,0.5508414044049305,253.99148588275947,297.3860563358889,7257.833997209571,0.33264271832079969,0.0507696456533577,133.2697141359365,156.0264661347269,3836.285668050206,1.6945590354144964,0.3202114579392473,161.62657740612554,189.048442540334,4640.181030822328,0.3217828717487573,0.060805531320626837,69.91304491856838,81.67911000268825,1993.4513452127717,0.0,0.0,12.522663947569038,14.875180672421683,259.85375150710038,0.0,0.0,13.70090213672405,16.084079729083379,371.9305531224214,0.0,0.0,168.54999973356829,198.99846083074847,4083.750367013122,0.0,0.0,47.85093901221858,56.86616787078967,979.4075254750906,0.0,0.0,137.35037006992378,161.88695592020719,3458.807308752934,54.5693586882805,37.42754368194823,237.75387210166279,280.1480054750724,7112.168961594866,0.0,0.0,127.53338814812526,152.15611518321163,2353.6092339401295,0.0,19.453612712194749,35.46407008949157,22.0,30.0,0.0,19.661144434077916,34.596316777139609,12.0,30.0,0.0,19.655378458038144,35.27284710512868,22.0,30.0,0.0,19.747349830022669,35.24649923684256,12.0,30.0,0.0,15.408672175333076,46.3084744686242,12.0,30.0,0.0,18.76213037870794,38.52370956907281,12.0,30.0,0.0,17.21707974226581,41.38183538815768,10.0,30.0,0.0,15.260762072342653,46.94466895612751,12.0,30.0,0.0,17.705106770940696,40.24254961846029,20.0,30.0,0.0,16.895483320635728,0.0,0.0,0.0,14.15921612858647,0.0,0.0,606.1816173112807,583.7493132086204,621.0171404128103,631.2341561678503,648.0131963705636,924.8617346395712,645.5865383611885,659.1090674285651,653.8199402325587,0.0,81.18567883564355,81.18567883564355,60.0,0.0,60.0,60.0,12.0,12.0,12.0,19.0,12.0,12.0,21.0,10.0,0.0,0.0,0.0,0.0,0.0,0.0,0.0,0.0,0.0,0.0,0.0,0.0,0.0,81.18567883564355,81.18567883564355,0.0,0.0,0.0,81.18567883564355,0.0,0.0,0.0020566666666666664 
 02/21  23:00:00,5.04,84.0,8.5,0.0,0.0,0.0,0.0,0.0,2.0,0.0,0.0,0.0,0.0,0.0,0.0,450.0,0.0,0.0,0.0,0.0,0.0,0.0,0.0,0.0,0.0,0.0,0.0,19.245615806360619,-210.3865492512446,19.395013868852936,-189.15290513135813,19.323372270014006,-388.5658128420455,18.88863797387943,-321.9410565573355,15.314699892930888,20.127960258113128,18.32661949211873,-34.64360862342345,16.94267017122699,59.881646496341748,15.162710368896285,-112.8608069003379,17.18532181664894,-78.03740993576722,990.3147017203648,753.5553019295202,0.0,0.0,0.0,0.0,0.0,0.0,0.0,0.0,0.0,0.0,0.0,0.0,0.0,0.0,0.0,0.0,0.0,0.0,0.0,0.0,0.0,0.0,1.710089668708295,0.5220053933786009,208.10268045102965,244.1573492810738,5753.049430987283,0.3167253750621698,0.04834025870912241,41.95357332602407,49.275091957240309,1183.3300298400614,1.65249590746913,0.31226302106370598,261.2638391899401,306.2877898016485,7205.3037861623,0.32126641155567167,0.06070793869154797,161.3377178059614,189.2046193321396,4439.0029898813459,0.0,0.0,11.682828935796616,13.87429925370991,242.04456655011439,0.0,0.0,13.046996062049983,15.32046361777833,350.8559156027443,0.0,0.0,134.15791508692787,158.39553323641693,3228.112686980908,0.0,0.0,46.42404457890764,55.18949559311449,933.1796007845157,0.0,0.0,105.7876999986071,124.80262209192697,2592.691903540903,54.18265815913263,37.162316981572498,253.80440742272925,299.54421044076619,7335.804507314586,0.0,0.0,95.14181597998445,113.70653681586247,1649.4441326426159,0.0,18.94528435017214,36.37344238504438,22.000000000000019,30.00000000000002,0.0,19.22307048317538,35.29875152171657,12.00000000000001,30.00000000000002,0.0,18.99514499969466,36.4443956977151,22.000000000000019,30.00000000000002,0.0,18.941506401019244,36.160577022379609,12.00000000000001,30.00000000000002,0.0,15.370021485743346,46.46548429557365,12.00000000000001,30.00000000000002,0.0,18.60527943018714,38.507153586579537,12.00000000000001,30.00000000000002,0.0,17.116116329318147,41.42048373674232,10.000000000000007,30.00000000000002,0.0,15.050975363460204,47.7090900182525,12.00000000000001,30.00000000000002,0.0,17.340937125740607,40.937049334685259,20.000000000000015,30.00000000000002,0.0,16.96176976515932,0.0,0.0,0.0,13.596452574435692,0.0,0.0,593.3189168686926,566.3485929110823,603.1954421187857,578.9290196770015,646.7933807954166,921.1513634522336,632.2554005596639,662.7528501721678,639.4058450523487,0.0,81.1856788356436,81.1856788356436,60.00000000000004,0.0,60.00000000000004,60.00000000000004,12.0,12.0,12.0,19.0,12.0,12.0,21.0,10.0,0.0,0.0,0.0,0.0,0.0,0.0,0.0,0.0,0.0,0.0,0.0,0.0,0.0,81.1856788356436,81.1856788356436,0.0,0.0,0.0,81.1856788356436,0.0,0.0,0.0019933333333333337 
 02/21  23:10:00,5.05,83.66666666666667,8.47,0.0,0.0,0.0,0.0,0.0,2.0,0.0,0.0,0.0,0.0,0.0,0.0,450.0,0.0,0.0,0.0,0.0,0.0,0.0,0.0,0.0,0.0,0.0,0.0,18.857255875318935,-154.01860073267535,19.162727644699417,-448.271502879494,19.023192744829925,-348.043990180738,18.56472440123229,-196.67064939082639,15.288962774288585,14.269883255794565,18.232638856908577,-26.630029587273364,16.969198050781864,82.35962425353243,15.010040692004957,-161.7312211246824,17.030655425713066,-43.44764836681211,1039.8710921154569,558.405263767871,0.0,0.0,0.0,0.0,0.0,0.0,0.0,0.0,0.0,0.0,0.0,0.0,0.0,0.0,0.0,0.0,0.0,0.0,0.0,0.0,0.0,0.0,1.6319677997870788,0.4981586690436748,412.45146306926838,485.11554119826897,10927.694500845406,0.2834100648275904,0.043255504399815399,209.11186138011869,245.48102432323157,5729.968936446579,1.6010166651776304,0.3025352730872318,378.7745782745434,445.0702287396746,10211.336135643438,0.3084977552192229,0.058295116254577259,187.73059740833578,220.7655612172974,4988.971471738258,0.0,0.0,10.61191290263428,12.605667113781767,218.8571467443428,0.0,0.0,13.515969392300182,15.880419544431959,360.258899949916,0.0,0.0,98.50884395563998,116.26658273446206,2385.4449546668067,0.0,0.0,48.14818533940799,57.29267608922474,943.8215004417787,0.0,0.0,34.71161909307603,40.93287121405276,835.0933163961104,53.75770907530839,36.8708567046011,530.1037511894589,626.0824120987661,14095.293288409412,0.0,0.0,67.35725783559109,80.62408025086558,1102.6909058298145,0.0,18.37054155494423,37.079193731139948,22.0,30.0,0.0,18.8919684342735,35.81700378411662,12.0,30.0,0.0,18.59637183541196,36.89790019809996,22.0,30.0,0.0,18.439984874037284,37.041687568980197,12.0,30.0,0.0,15.330946431433388,46.32525792089862,12.0,30.0,0.0,18.48896954457839,38.36103400418157,12.0,30.0,0.0,17.200374022390819,40.56309157374723,10.0,30.0,0.0,14.80321528400425,48.07051492750068,12.0,30.0,0.0,17.137943170191904,41.22750494018293,20.0,30.0,0.0,17.100882934647623,0.0,0.0,0.0,13.130611941499258,0.0,0.0,557.347952460592,553.1108452123528,577.2752653391483,564.3125252990583,632.9788768322125,905.7259456593902,596.6031313387384,645.1147938804833,626.7838155257124,0.0,81.18567883564355,81.18567883564355,60.0,0.0,60.0,60.0,12.0,12.0,12.0,19.0,12.0,12.0,21.0,10.0,0.0,0.0,0.0,0.0,0.0,0.0,0.0,0.0,0.0,0.0,0.0,0.0,0.0,81.18567883564355,81.18567883564355,0.0,0.0,0.0,81.18567883564355,0.0,0.0,0.0019300000000000003 
 02/21  23:20:00,5.0600000000000009,83.33333333333334,8.440000000000002,0.0,0.0,0.0,0.0,0.0,2.0,0.0,0.0,0.0,0.0,0.0,0.0,300.0,0.0,0.0,0.0,0.0,0.0,0.0,0.0,0.0,0.0,0.0,0.0,18.72870786636176,-264.2550955906181,18.870620522452094,-277.9220978797773,18.807773189856986,-236.73508627948514,18.44496525792661,-143.16247524033543,15.26262175232168,13.943040787767416,18.150695050081088,-25.62971177726658,16.941467475643849,70.70921425668257,14.876926591960956,-153.05180909032959,16.914442524257816,-29.794107167575363,997.2185490471748,575.224677525893,0.0,0.0,0.0,0.0,0.0,0.0,0.0,0.0,0.0,0.0,0.0,0.0,0.0,0.0,0.0,0.0,0.0,0.0,0.0,0.0,0.0,0.0,1.6164160071519747,0.4934114795946199,306.540633826157,360.2737699195932,8057.244356351774,0.2896961563997055,0.044214920085425147,163.05802284406557,191.64752749706438,4335.397516494678,1.5858922721288918,0.29967730009994189,228.315354617961,268.1616404598892,6062.629644063719,0.31002806883614678,0.05858429116329303,123.00117343842777,144.52062599731449,3239.4825825274276,0.0,0.0,10.549252855290933,12.522672386015842,216.61885116553527,0.0,0.0,12.837610098575779,15.07828445556548,339.5958290665782,0.0,0.0,104.02841034904198,122.69288809153429,2510.1912875733416,0.0,0.0,49.04323128071985,58.360101380024307,941.6765974462614,0.0,0.0,37.84666170511094,44.672878146254678,900.6785022423587,53.52836927989759,36.7135591768845,355.25033055038639,419.4311701687909,9660.970002091508,0.0,0.0,67.3233602244033,80.57223751775463,1080.334657708272,0.0,18.25675097806263,37.2456053379251,22.0,30.0,0.0,18.482983485600408,36.55529150092602,12.0,30.0,0.0,18.35310194642443,37.01747202581949,22.0,30.0,0.0,18.31894590670523,37.248201858649569,12.0,30.0,0.0,15.294130355027056,46.1810429208385,12.0,30.0,0.0,18.391872287405044,38.210361895330198,12.0,30.0,0.0,17.16625879378009,40.38098728058174,10.0,30.0,0.0,14.605928525437474,48.3746387192764,12.0,30.0,0.0,16.99315937048171,41.268342862784738,20.0,30.0,0.0,16.937781150744955,0.0,0.0,0.0,12.975251485118506,0.0,0.0,551.8775214274783,541.5848102320514,551.6890317611508,560.7945160489992,619.7463888136299,894.1173847204009,582.1089585621055,631.0662914033044,608.29713671699,0.0,81.18567883564355,81.18567883564355,60.0,0.0,60.0,60.0,12.0,12.0,12.0,19.0,12.0,12.0,21.0,10.0,0.0,0.0,0.0,0.0,0.0,0.0,0.0,0.0,0.0,0.0,0.0,0.0,0.0,81.18567883564355,81.18567883564355,0.0,0.0,0.0,81.18567883564355,0.0,0.0,0.0019333333333333336 
 02/21  23:30:00,5.07,83.0,8.41,0.0,0.0,0.0,0.0,0.0,2.0,0.0,0.0,0.0,0.0,0.0,0.0,450.0,0.0,0.0,0.0,0.0,0.0,0.0,0.0,0.0,0.0,0.0,0.0,18.55041431386126,-96.51170848171991,18.716731831066704,-375.2390900364445,18.643650730023987,-370.7293618864939,18.31981972297728,-128.9072701037345,15.240430632465623,12.002805589099026,18.07937593725353,-25.289308469300324,16.874730048576966,17.27898359159477,14.77538542501928,-155.02136400200906,16.81830108665178,-42.06725501271912,810.404895638173,597.7843519509662,0.0,0.0,0.0,0.0,0.0,0.0,0.0,0.0,0.0,0.0,0.0,0.0,0.0,0.0,0.0,0.0,0.0,0.0,0.0,0.0,0.0,0.0,1.5784557697916047,0.4818241055529927,224.37108785948053,264.02244910778588,5843.7616617260559,0.28790169407624208,0.04394103999942643,109.52574527082001,128.91783846477748,2880.2196016326467,1.5282112837003497,0.28877764242259065,187.5201259717116,220.46863112366663,4895.0558101950359,0.2961010549808142,0.05595258030627627,98.09547790546829,115.29968953386688,2551.3988039046055,0.0,0.0,10.134807529682848,12.0415647935738,207.3696883242904,0.0,0.0,12.819562593983694,15.072151141908713,336.93733302036829,0.0,0.0,117.28566832444031,138.49915320401792,2803.998971480651,0.0,0.0,49.70534296237496,59.22072321968203,940.3750134814295,0.0,0.0,34.42390400165877,40.67447550657171,810.8664416130757,53.09216323259194,36.41437807448007,245.47401369951428,290.4183933020438,6770.9450025394039,0.0,0.0,69.07949638447369,82.76488196598085,1094.1035258950508,0.0,18.092219532025355,37.41250206573796,21.999999999999994,29.99999999999999,0.0,18.30724921419655,36.71421775753498,11.999999999999995,29.99999999999999,0.0,18.175662053003547,37.19919455611209,21.999999999999994,29.99999999999999,0.0,18.174495492039445,37.29116274359612,11.999999999999995,29.99999999999999,0.0,15.267476862420136,46.03928961376013,11.999999999999995,29.99999999999999,0.0,18.31366536614015,38.126099702620049,11.999999999999995,29.99999999999999,0.0,17.063567118487069,40.4924377726569,9.999999999999997,29.99999999999999,0.0,14.471344395748718,48.45175163522799,11.999999999999995,29.99999999999999,0.0,16.87884974412916,41.389114818579887,19.999999999999994,29.99999999999999,0.0,16.39456107587595,0.0,0.0,0.0,12.879590096108421,0.0,0.0,540.614759157807,530.2202686106466,540.8524735471151,544.9321566753063,608.673411596969,885.3517325139299,575.1077951508585,615.8936495057161,599.4536023530843,0.0,81.1856788356435,81.1856788356435,59.99999999999998,0.0,59.99999999999998,59.99999999999998,12.0,12.0,12.0,19.0,12.0,12.0,21.0,10.0,0.0,0.0,0.0,0.0,0.0,0.0,0.0,0.0,0.0,0.0,0.0,0.0,0.0,81.1856788356435,81.1856788356435,0.0,0.0,0.0,81.1856788356435,0.0,0.0,0.0019366666666666669 
 02/21  23:40:00,5.08,82.66666666666667,8.38,0.0,0.0,0.0,0.0,0.0,2.0,0.0,0.0,0.0,0.0,0.0,0.0,300.0,0.0,0.0,0.0,0.0,0.0,0.0,0.0,0.0,0.0,0.0,0.0,18.41010024218616,-191.25733821103428,18.574565952610308,-236.67752043941838,18.518493434061285,-252.6767248560779,18.2357348449651,-7.443435210452907,15.215377774070604,11.163067184889773,18.006445669972924,-26.715130386913566,16.792793873044134,23.968998879431419,14.680911324711519,-152.48907971538388,16.724060655279794,-35.062484215164449,538.4654186454727,593.8905961363411,0.0,0.0,0.0,0.0,0.0,0.0,0.0,0.0,0.0,0.0,0.0,0.0,0.0,0.0,0.0,0.0,0.0,0.0,0.0,0.0,0.0,0.0,1.5579721701408034,0.47557148050696099,148.1844764376394,174.4376388435624,3835.666491487216,0.2889748896165848,0.0441048366325679,87.28807411886786,102.76108879898664,2266.2226103438417,1.4965148955581165,0.28278815108807967,57.00474503887897,67.03031255578904,1508.4114019732752,0.2933967762671658,0.05544156769976678,34.457234682083029,40.45117217995065,898.6749004380445,0.0,0.0,10.109350600108808,12.005099556564004,206.07733244070688,0.0,0.0,12.804212586313846,15.04931751781995,334.29863864248866,0.0,0.0,116.84615371607862,137.95731727542776,2764.307272999643,0.0,0.0,49.81148223920296,59.33696390543244,929.7823200088548,0.0,0.0,33.756263997006289,39.877410703607768,787.2499620265191,52.67470412185338,36.12805495326023,106.9884084994851,126.97198262756024,3348.2931472101188,0.0,0.0,68.21985072029934,81.72167101219648,1063.03743095087,0.0,17.93727433283615,37.43095957122088,22.000000000000008,30.00000000000001,0.0,18.16325143133262,36.91233014253802,12.000000000000004,30.00000000000001,0.0,18.084422416315783,37.169092262665078,22.000000000000008,30.00000000000001,0.0,18.101747824380003,37.31311909578862,12.000000000000004,30.00000000000001,0.0,15.237050948463058,45.88619358711979,12.000000000000004,30.00000000000001,0.0,18.230176728681209,38.04591027987816,12.000000000000004,30.00000000000001,0.0,16.941152009767728,40.59407195670991,10.000000000000004,30.00000000000001,0.0,14.350177391968176,48.489924961314319,12.000000000000004,30.00000000000001,0.0,16.765022161812618,41.49269095467844,20.000000000000008,30.00000000000001,0.0,15.559393146607669,0.0,0.0,0.0,12.758990587187025,0.0,0.0,524.6138946528849,524.0521841226387,530.2050469817807,538.1921557071983,597.0118790616934,875.0449325450906,564.7929920704712,600.7581059208849,589.9065960293024,0.0,81.18567883564357,81.18567883564357,60.00000000000002,0.0,60.00000000000002,60.00000000000002,12.0,12.0,12.0,19.0,12.0,12.0,21.0,10.0,0.0,0.0,0.0,0.0,0.0,0.0,0.0,0.0,0.0,0.0,0.0,0.0,0.0,81.18567883564357,81.18567883564357,0.0,0.0,0.0,81.18567883564357,0.0,0.0,0.00194 
 02/21  23:50:00,5.09,82.33333333333334,8.35,0.0,0.0,0.0,0.0,0.0,2.0,0.0,0.0,0.0,0.0,0.0,0.0,450.0,0.0,0.0,0.0,0.0,0.0,0.0,0.0,0.0,0.0,0.0,0.0,18.30755912114966,-138.86491085616047,18.44006844175953,-357.451667264375,18.383246011306818,-237.1379488473575,18.121275697732807,-261.3603623374735,15.19148748887576,9.320471867706381,17.941932529760359,-27.875505577900698,16.72228317324505,10.835408156957186,14.600734339363268,-157.51989981923169,16.649388815181007,-33.889692834368009,655.0492784633634,585.936626415883,0.0,0.0,0.0,0.0,0.0,0.0,0.0,0.0,0.0,0.0,0.0,0.0,0.0,0.0,0.0,0.0,0.0,0.0,0.0,0.0,0.0,0.0,1.5298411808392354,0.4669844874356644,172.47886266760654,203.23282290158699,4416.163198522927,0.28475641879578519,0.04346099187969864,77.22706689188475,91.02726219803397,1985.735367428987,1.4697037580514525,0.277721798573593,136.50879277589963,160.63240698966008,3520.5047847909479,0.28372638419537096,0.05361420714198245,75.2551544427715,88.5711582056881,1918.7066749453748,0.0,0.0,9.939711510620129,11.813322090033964,201.8936278282619,0.0,0.0,12.815390933819203,15.077002094706736,332.6644490034115,0.0,0.0,112.81116619020317,133.3366647131727,2645.520245512684,0.0,0.0,49.87347268644032,59.4733272772918,920.7257964737357,0.0,0.0,33.546185349016628,39.667233075223588,776.4386002026902,52.44169873429698,35.968243301986998,160.09961493937113,189.86169400740784,4568.909678558133,0.0,0.0,67.50396815145925,80.95383948993899,1035.0343274073958,0.0,17.867681151282768,37.41975358466344,22.000000000000019,30.00000000000002,0.0,18.00484573624656,36.86056166027754,12.00000000000001,30.00000000000002,0.0,17.95228166673983,37.257826680428767,22.000000000000019,30.00000000000002,0.0,17.931542447274617,37.26799609062827,12.00000000000001,30.00000000000002,0.0,15.210454377796559,45.73488027111284,12.00000000000001,30.00000000000002,0.0,18.162338486032469,37.97741469535107,12.00000000000001,30.00000000000002,0.0,16.844151300941044,40.53893105620017,10.000000000000007,30.00000000000002,0.0,14.255990841040266,48.50078458759395,12.00000000000001,30.00000000000002,0.0,16.684603234416835,41.47771267596864,20.000000000000015,30.00000000000002,0.0,15.829977453412912,0.0,0.0,0.0,12.64304062380814,0.0,0.0,517.4743161484174,504.7478296911147,519.976424355484,517.4165429942984,586.5835380821612,865.57983891663,551.1363652827495,589.2741674074243,578.9218120183537,0.0,81.1856788356436,81.1856788356436,60.00000000000004,0.0,60.00000000000004,60.00000000000004,12.0,12.0,12.0,19.0,12.0,12.0,21.0,10.0,0.0,0.0,0.0,0.0,0.0,0.0,0.0,0.0,0.0,0.0,0.0,0.0,0.0,81.1856788356436,81.1856788356436,0.0,0.0,0.0,81.1856788356436,0.0,0.0,0.001953333333333334 
 02/21  24:00:00,5.1,82.0,8.32,0.0,0.0,0.0,0.0,0.0,2.0,0.0,0.0,0.0,0.0,0.0,0.0,450.0,0.0,0.0,0.0,0.0,0.0,0.0,0.0,0.0,0.0,0.0,0.0,18.084453061993114,-166.8139151915616,18.330198400529974,-330.0739965641744,18.22093643005273,-333.79712890589146,17.901137150565114,-202.6745785241921,15.16452107259396,6.65586469739354,17.876206897977,-28.422385876987659,16.63791007357515,-13.762795789038603,14.517277394551839,-162.03343028170327,16.574195945019406,-38.38312918552745,827.3187822593682,575.7445127992397,0.0,0.0,0.0,0.0,0.0,0.0,0.0,0.0,0.0,0.0,0.0,0.0,0.0,0.0,0.0,0.0,0.0,0.0,0.0,0.0,0.0,0.0,1.4895545751367135,0.45468698874747096,349.47761366681598,412.3852157389591,8663.78890321092,0.2629325402782613,0.040130119090088758,172.50399012002505,203.22555200539609,4387.70296433787,1.4514551338915432,0.2742734568956056,354.090588045194,417.4725819010642,8947.0439064343,0.2766667866111076,0.052280193993028679,184.02163785797615,217.13592541851376,4574.815262634291,0.0,0.0,9.515840382680868,11.312550129965067,192.5281019583668,0.0,0.0,12.893234671962379,15.173156271327745,332.6923787869956,0.0,0.0,101.44661597108339,119.97210366434197,2353.668694675525,0.0,0.0,49.74459698203974,59.34648409790053,907.5857957357314,0.0,0.0,35.24011724842775,41.68662090916672,809.2106257441462,52.10767200107913,35.739144033662,469.5765901651165,556.2230288095467,11803.234304381756,0.0,0.0,67.07225726272054,80.47606384216556,1011.8342546634476,0.0,17.53980601770187,37.79973882501144,22.000000000000019,30.00000000000002,0.0,17.91062156940005,36.83518191994928,12.00000000000001,30.00000000000002,0.0,17.753745191912658,37.43441632295509,22.000000000000019,30.00000000000002,0.0,17.6064738838973,37.712054387177307,12.00000000000001,30.00000000000002,0.0,15.179222868491064,45.46664564840353,12.00000000000001,30.00000000000002,0.0,18.090985944887565,37.83587552942241,12.00000000000001,30.00000000000002,0.0,16.722170950097664,40.401255290421548,10.000000000000007,30.00000000000002,0.0,14.154776672792608,48.33006340682788,12.00000000000001,30.00000000000002,0.0,16.599161807702449,41.28326863384449,20.000000000000015,30.00000000000002,0.0,16.346793019613018,0.0,0.0,0.0,12.527547678920497,0.0,0.0,500.2515890740354,495.84030534983045,507.154983664204,503.70749822834196,571.8146785397441,851.6583170473109,531.7348064409553,571.2753747992136,560.1166137042139,0.0,81.1856788356436,81.1856788356436,60.00000000000004,0.0,60.00000000000004,60.00000000000004,12.0,12.0,12.0,19.0,12.0,12.0,21.0,10.0,0.0,0.0,0.0,0.0,0.0,0.0,0.0,0.0,0.0,0.0,0.0,0.0,0.0,81.1856788356436,81.1856788356436,0.0,0.0,0.0,81.1856788356436,0.0,0.0,0.0019666666666666666 
 02/22  00:10:00,5.123333333333333,81.83333333333334,8.268333333333335,0.0,0.0,0.0,0.0,0.0,2.0,2.0,0.0,0.0,0.0,0.0,0.0,300.0,0.0,0.0,0.0,0.0,0.0,0.0,0.0,0.0,0.0,0.0,0.0,18.02245593393939,-258.91090435532717,18.17606061323434,-233.06657098437359,18.0684055571895,-232.7330739937329,17.851517070705918,-167.85534010061475,15.136301621740018,7.246219792938945,17.81196362642897,-28.971798560794185,16.562507952527697,9.916820183064374,14.441919420474332,-157.6078300604753,16.56406429278561,-50.500511886129149,809.6981297620432,584.8904052267949,0.0,0.0,0.0,0.0,0.0,0.0,0.0,0.0,0.0,0.0,0.0,0.0,0.0,0.0,0.0,0.0,0.0,0.0,0.0,0.0,0.0,0.0,1.4682609394598654,0.44818709995722397,266.78372435527106,314.4573242192964,6606.7634648484449,0.26644255049834167,0.04066583493564433,131.7768685649773,155.34516863974796,3297.6009506667107,1.4353687957635586,0.2712337104617458,225.95658737622206,266.18057963116288,5638.681064272643,0.2784560378464107,0.052618298912776,124.09134480879564,146.19715396884878,3080.881495695248,0.0,0.0,9.695199518104058,11.518797942226794,195.12338324478879,0.0,0.0,12.866907584999776,15.1376660252118,329.759277614916,0.0,0.0,93.22321271689776,110.20675382822276,2141.34762657954,0.0,0.0,49.57946717441478,59.13185761945543,894.090315190341,0.0,0.0,12.208270688821699,14.430011723701665,280.18826311084856,51.79266324146825,35.52308864298235,321.5021743097758,380.5636312761004,8305.830362323526,0.0,0.0,67.24988732117319,80.6690483583046,999.7382338389182,0.0,17.51831911705084,37.74738756140874,22.0,30.0,0.0,17.724172520168275,37.11735912314158,12.0,30.0,0.0,17.585263435959296,37.573598660216507,22.0,30.0,0.0,17.6010698320356,37.62509409664267,12.0,30.0,0.0,15.147079138447339,45.224537212820028,12.0,30.0,0.0,18.020902158395289,37.682225257730738,12.0,30.0,0.0,16.624943828669438,40.38636999875719,10.0,30.0,0.0,14.069142381081296,48.32606476992305,12.0,30.0,0.0,16.613829350246875,41.11291904336872,20.0,30.0,0.0,16.278022069703167,0.0,0.0,0.0,12.438814907855115,0.0,0.0,495.9707896869831,489.5591362664477,496.08055968452507,500.2017000933347,558.0935389559031,837.3609475921549,520.2691009935211,561.6657756769888,624.7480211794267,0.0,81.18567883564355,81.18567883564355,60.0,0.0,60.0,60.0,12.0,12.0,12.0,19.0,12.0,12.0,21.0,10.0,0.0,0.0,0.0,0.0,0.0,0.0,0.0,0.0,0.0,0.0,0.0,0.0,0.0,81.18567883564355,81.18567883564355,0.0,0.0,0.0,81.18567883564355,0.0,0.0,0.00198 
 02/22  00:20:00,5.1466666666666669,81.66666666666667,8.216666666666669,0.0,0.0,0.0,0.0,0.0,2.0,2.0,0.0,0.0,0.0,0.0,0.0,300.0,0.0,0.0,0.0,0.0,0.0,0.0,0.0,0.0,0.0,0.0,0.0,17.814490665071526,-107.26871943391416,18.118228739828724,-359.59878966125009,17.96463014281959,-407.37485421191379,17.690010939924166,-144.09353186800309,15.108528794035444,4.41291385023959,17.749737324536818,-27.43298297901154,16.49342341698788,-36.01391826110171,14.36662964471574,-164.43866903043455,16.56323624531963,-52.3888179794497,834.8218486364385,576.661537444395,0.0,0.0,0.0,0.0,0.0,0.0,0.0,0.0,0.0,0.0,0.0,0.0,0.0,0.0,0.0,0.0,0.0,0.0,0.0,0.0,0.0,0.0,1.4417700346527654,0.4401007431784998,434.492070726963,512.3900668399707,10549.180010769049,0.24369781663835084,0.03719441645884476,219.09851058254783,257.9871105153677,5443.553093262594,1.3551698968954989,0.2560789676673279,403.2738353693744,475.4076623250113,9919.103377475074,0.26311467819438419,0.04971932694527288,214.22230467649394,252.67262594060714,5211.803549189577,0.0,0.0,9.194893758248588,10.930435420459247,184.10512784310638,0.0,0.0,12.763044155137706,15.02021212627159,324.8985167824524,0.0,0.0,85.42016365223245,101.0513132949666,1945.4497706583543,0.0,0.0,49.74098462182016,59.351421720085749,886.2633303154905,0.0,0.0,16.44317372423515,19.44052718280161,377.4416985535132,51.344077997416409,35.2154170078302,588.3339641462462,696.1584674541182,14314.15259558945,0.0,0.0,66.59457772808102,79.92063278641541,973.4319775062188,0.0,17.248246952717027,38.313945114391589,22.0,30.0,0.0,17.703465966925408,37.07643098524663,12.0,30.0,0.0,17.488188908485229,37.62271756833769,22.0,30.0,0.0,17.36743147781997,38.02932171252892,12.0,30.0,0.0,15.116525228687899,44.957474687549638,12.0,30.0,0.0,17.953884005355506,37.56768510461873,12.0,30.0,0.0,16.536224299116033,40.352941676243577,10.0,30.0,0.0,13.981783121489507,48.088793519865628,12.0,30.0,0.0,16.641260170281414,40.84317564410934,20.0,30.0,0.0,16.371167910387145,0.0,0.0,0.0,12.33632445286529,0.0,0.0,493.04998040115597,486.46090789416066,488.6814602206259,494.3331928125634,544.5271513726448,828.9042765078456,511.38988907349047,549.3018917061195,676.8979801978046,0.0,81.18567883564355,81.18567883564355,60.0,0.0,60.0,60.0,12.0,12.0,12.0,19.0,12.0,12.0,21.0,10.0,0.0,0.0,0.0,0.0,0.0,0.0,0.0,0.0,0.0,0.0,0.0,0.0,0.0,81.18567883564355,81.18567883564355,0.0,0.0,0.0,81.18567883564355,0.0,0.0,0.00199 
 02/22  00:30:00,5.17,81.5,8.165,0.0,0.0,0.0,0.0,0.0,2.0,2.0,0.0,0.0,0.0,0.0,0.0,450.0,0.0,0.0,0.0,0.0,0.0,0.0,0.0,0.0,0.0,0.0,0.0,17.853675616946505,-209.533304011645,17.941566125606398,-283.3198599152056,17.79758902213152,-189.06951414390847,17.68615059936918,-144.08159031042596,15.080835991288659,4.91404830898644,17.695486326553973,-29.25862523838489,16.403756999649173,-13.942127942969512,14.30050046624914,-163.6072545015756,16.55151789848344,-55.92449430679257,741.2311268645963,581.425399221635,0.0,0.0,0.0,0.0,0.0,0.0,0.0,0.0,0.0,0.0,0.0,0.0,0.0,0.0,0.0,0.0,0.0,0.0,0.0,0.0,0.0,0.0,1.4043404164271119,0.4286753407897165,294.523617943791,347.5886596109077,7184.698264560935,0.24805371798414983,0.03785923656656743,161.9208176507559,191.06370348524505,3962.483538807869,1.3711464778133423,0.2590979738876308,213.78958747847367,252.3893610993161,5200.342234463764,0.26336099501615459,0.049765872074103257,101.87110244094365,120.26008800057494,2485.468515581137,0.0,0.0,9.460421877833897,11.252589910789223,188.42639872301434,0.0,0.0,12.738787297027063,15.005570811546919,322.39983576635998,0.0,0.0,87.83489985961256,104.00630473400548,1974.1509258254678,0.0,0.0,50.00616331246852,59.72425809782093,881.8616140353472,0.0,0.0,17.043760012548284,20.1606685670223,390.59088723541415,50.9869794015267,34.97049341668498,331.9461699101329,393.52162339887368,8361.407306797133,0.0,0.0,66.73442950582538,80.1665482131089,962.1734482590589,0.0,17.386890477176846,37.80761924416298,21.999999999999994,29.99999999999999,0.0,17.474886111523458,37.4052689200025,11.999999999999995,29.99999999999999,0.0,17.30162030659852,37.91009810512793,21.999999999999994,29.99999999999999,0.0,17.427738970130514,37.771012528106258,11.999999999999995,29.99999999999999,0.0,15.087548929025921,44.800694840518058,11.999999999999995,29.99999999999999,0.0,17.90107912924075,37.46635177701485,11.999999999999995,29.99999999999999,0.0,16.414607402278805,40.511562648252809,9.999999999999997,29.99999999999999,0.0,13.912841815962779,48.1141081058353,11.999999999999995,29.99999999999999,0.0,16.646034140972615,40.646607046374537,19.999999999999994,29.99999999999999,0.0,16.09193849269969,0.0,0.0,0.0,12.259489580584323,0.0,0.0,486.4200232695256,477.99766152531176,483.0999893548458,490.35868137333309,536.3928809026222,820.4802879491701,507.0320786970691,548.5373696147487,704.55476191973,0.0,81.1856788356435,81.1856788356435,59.99999999999998,0.0,59.99999999999998,59.99999999999998,12.0,12.0,12.0,19.0,12.0,12.0,21.0,10.0,0.0,0.0,0.0,0.0,0.0,0.0,0.0,0.0,0.0,0.0,0.0,0.0,0.0,81.1856788356435,81.1856788356435,0.0,0.0,0.0,81.1856788356435,0.0,0.0,0.002 
 02/22  00:40:00,5.193333333333333,81.33333333333334,8.113333333333334,0.0,0.0,0.0,0.0,0.0,2.0,2.0,0.0,0.0,0.0,0.0,0.0,300.0,0.0,0.0,0.0,0.0,0.0,0.0,0.0,0.0,0.0,0.0,0.0,17.81927726038122,-79.08377262775983,17.890999055568416,-146.20888492758986,17.75198296016837,-280.82787438903827,17.610292248582867,-117.04336209188395,15.052002082363636,5.113157526167017,17.634035364048019,-30.98836107827172,16.35498625048666,-1.4111610753850537,14.231122873765914,-163.0923464591212,16.530743498558274,-59.34997820880791,523.7870134795237,584.6531688653936,0.0,0.0,0.0,0.0,0.0,0.0,0.0,0.0,0.0,0.0,0.0,0.0,0.0,0.0,0.0,0.0,0.0,0.0,0.0,0.0,0.0,0.0,1.3823613601502363,0.4219662271520869,95.69937606654756,112.93883039311263,2360.0774487558257,0.2571651073109279,0.039249863753194138,53.344670896898239,63.01477575542578,1303.570685201801,1.3453204283575682,0.25421776801919296,162.86932955891556,192.17277331338023,3961.113185593671,0.26505267228100856,0.050085538979782417,108.76008351902864,128.28297964466234,2636.654999565917,0.0,0.0,9.707155623025793,11.540695013811078,192.33643778964987,0.0,0.0,12.637852911395584,14.881887994033148,317.6865552289878,0.0,0.0,90.10739098617364,106.64918801316176,2013.5165753081859,0.0,0.0,50.16335640142637,59.89361648684229,874.9099319985179,0.0,0.0,17.6645032056226,20.88618965230367,403.6171400178311,50.56842286947122,34.68341760594737,141.62976372843168,168.2477685288449,3940.512785205724,0.0,0.0,66.76754036771836,80.18279158545988,949.2185276046503,0.0,17.425718727503573,37.60484955838888,22.000000000000008,30.00000000000001,0.0,17.47359630997238,37.34818196666342,12.000000000000004,30.00000000000001,0.0,17.310821236719997,37.82437364949893,22.000000000000008,30.00000000000001,0.0,17.347783431270274,37.814040723105048,12.000000000000004,30.00000000000001,0.0,15.056785556866697,44.62992872507549,12.000000000000004,30.00000000000001,0.0,17.83353735095917,37.39397492434564,12.000000000000004,30.00000000000001,0.0,16.370833060010804,40.47695947512284,10.000000000000004,30.00000000000001,0.0,13.836275083679482,48.170592102110187,12.000000000000004,30.00000000000001,0.0,16.633297169761645,40.47085147712542,20.000000000000008,30.00000000000001,0.0,15.415607925957382,0.0,0.0,0.0,12.180426952413808,0.0,0.0,483.52796019275959,475.92943041138178,481.7944486898873,485.8080984284918,528.5382069724725,812.354150620452,502.803876931497,549.7343421479203,718.7324902203529,0.0,81.18567883564357,81.18567883564357,60.00000000000002,0.0,60.00000000000002,60.00000000000002,12.0,12.0,12.0,19.0,12.0,12.0,21.0,10.0,0.0,0.0,0.0,0.0,0.0,0.0,0.0,0.0,0.0,0.0,0.0,0.0,0.0,81.18567883564357,81.18567883564357,0.0,0.0,0.0,81.18567883564357,0.0,0.0,0.00201 
 02/22  00:50:00,5.216666666666667,81.16666666666666,8.061666666666666,0.0,0.0,0.0,0.0,0.0,2.0,2.0,0.0,0.0,0.0,0.0,0.0,450.0,0.0,0.0,0.0,0.0,0.0,0.0,0.0,0.0,0.0,0.0,0.0,17.71121310640219,-216.64929732561803,17.823067754795369,-277.19302765040887,17.69042952865445,-144.45109502961834,17.56144808350166,-153.5139268301337,15.025136322875005,4.686497892375697,17.57904066070722,-30.414440329268176,16.317406147503534,-3.516765687169787,14.166838618876792,-166.5695719302547,16.50573713869725,-62.05729931149283,540.8770142699201,592.2763890354218,0.0,0.0,0.0,0.0,0.0,0.0,0.0,0.0,0.0,0.0,0.0,0.0,0.0,0.0,0.0,0.0,0.0,0.0,0.0,0.0,0.0,0.0,1.3642060538642494,0.4164243143663769,135.61413879359569,160.1461048016117,3288.8229787438897,0.25251685285793015,0.038540423207864837,86.21628716414021,101.79184427912569,2094.332247232322,1.3364874640900455,0.2525486515665244,112.40199646545136,132.73090281631375,2732.782884084233,0.26299518750592767,0.049696747450099738,77.71905559418102,91.69491444602672,1874.6510801673358,0.0,0.0,9.715797785205077,11.560444559657025,191.54855186247398,0.0,0.0,12.49847075255416,14.731202752093595,312.27598641309199,0.0,0.0,90.65419413576154,107.38510296741399,2016.2267091057598,0.0,0.0,50.740664322519567,60.640662279793868,875.883413095371,0.0,0.0,18.086642365519525,21.40249456407248,411.6933136262611,50.2620204029906,34.47326502262734,144.2220911530356,171.3748652080355,3969.374852678635,0.0,0.0,67.23009099387184,80.81433330889976,943.9980234931126,0.0,17.285883670840833,37.66922874337023,22.000000000000019,30.00000000000002,0.0,17.408660025058773,37.311486762090279,12.00000000000001,30.00000000000002,0.0,17.298422879619979,37.796369218741208,22.000000000000019,30.00000000000002,0.0,17.310703467246687,37.73368781411247,12.00000000000001,30.00000000000002,0.0,15.030411768669787,44.50645772394149,12.00000000000001,30.00000000000002,0.0,17.77821857606694,37.35082345755052,12.00000000000001,30.00000000000002,0.0,16.34090123430681,40.37437528164487,10.000000000000007,30.00000000000002,0.0,13.768943967730295,48.18677084152713,12.00000000000001,30.00000000000002,0.0,16.61284259416046,40.35683481846356,20.000000000000015,30.00000000000002,0.0,15.414287788048036,0.0,0.0,0.0,12.115839756884652,0.0,0.0,472.7906570970093,469.0173185383637,482.6044608156424,482.01978875218966,523.5062526603083,807.3100164630644,499.16119427759477,550.405233382789,724.2733732371527,0.0,81.1856788356436,81.1856788356436,60.00000000000004,0.0,60.00000000000004,60.00000000000004,12.0,12.0,12.0,19.0,12.0,12.0,21.0,10.0,0.0,0.0,0.0,0.0,0.0,0.0,0.0,0.0,0.0,0.0,0.0,0.0,0.0,81.1856788356436,81.1856788356436,0.0,0.0,0.0,81.1856788356436,0.0,0.0,0.0019933333333333337 
 02/22  01:00:00,5.24,81.0,8.01,0.0,0.0,0.0,0.0,0.0,2.0,2.0,0.0,0.0,0.0,0.0,0.0,300.0,0.0,0.0,0.0,0.0,0.0,0.0,0.0,0.0,0.0,0.0,0.0,17.656697085531655,-59.011531784525008,17.744964264556957,-213.74893386690679,17.67177619535537,-100.34410575105996,17.51933272057301,-141.99298878422406,14.995577815324687,4.38400913549728,17.520975614088529,-29.83202939123848,16.26170567500857,-11.602610063976272,14.100086720249733,-164.93690713631555,16.47599225230177,-63.499049143358778,279.4353771057023,596.5696233833428,0.0,0.0,0.0,0.0,0.0,0.0,0.0,0.0,0.0,0.0,0.0,0.0,0.0,0.0,0.0,0.0,0.0,0.0,0.0,0.0,0.0,0.0,1.3579137498709822,0.414503586651704,112.20662058676354,132.42174472084884,2722.328468738414,0.2535435372003649,0.038697121062326759,80.55189259399785,95.11859659029352,1941.588886629992,1.2961470233724458,0.2449257413780133,44.06000478929922,51.90484150230564,1092.8522751745682,0.2516682386553567,0.047556356510838369,29.531444313706797,34.79938473009482,710.9157196078761,0.0,0.0,9.628931518775728,11.451804873553773,188.82975326336288,0.0,0.0,12.399738375282955,14.60980133342879,307.8170217897442,0.0,0.0,88.74132944725665,105.083692176645,1959.0434101060892,0.0,0.0,50.81388345732735,60.70942713920409,867.6784434207552,0.0,0.0,18.369399056611699,21.726985478145509,416.3041512403805,49.803574510719489,34.15883025426578,52.67278872846489,62.75628401756875,1930.780613583769,0.0,0.0,67.16071796003846,80.70442555183533,931.3118985991429,0.0,17.28724301011065,37.63598971243344,22.0,30.0,0.0,17.341635482379997,37.38526898728517,12.0,30.0,0.0,17.348469204155465,37.558887045988559,22.0,30.0,0.0,17.29551556327478,37.593612887018448,12.0,30.0,0.0,14.999151042582847,44.374420113502967,12.0,30.0,0.0,17.716161144375307,37.29928381075886,12.0,30.0,0.0,16.27760895052846,40.391505099882198,10.0,30.0,0.0,13.696314712826858,48.22380275728465,12.0,30.0,0.0,16.58353520967239,40.24107330466029,20.0,30.0,0.0,14.621429485278134,0.0,0.0,0.0,12.050490582554876,0.0,0.0,474.9602270782553,466.60181318173479,482.61551205875829,476.3313230572967,518.5983940279987,801.7874886019176,496.0125351490316,549.9609473387156,726.1645353385464,0.0,81.18567883564355,81.18567883564355,60.0,0.0,60.0,60.0,12.0,12.0,12.0,19.0,12.0,12.0,21.0,10.0,0.0,0.0,0.0,0.0,0.0,0.0,0.0,0.0,0.0,0.0,0.0,0.0,0.0,81.18567883564355,81.18567883564355,0.0,0.0,0.0,81.18567883564355,0.0,0.0,0.0019766666666666667 
 02/22  01:10:00,5.213333333333334,81.0,7.8966666666666669,0.0,0.0,0.0,0.0,0.0,2.0,2.0,0.0,0.0,0.0,0.0,0.0,600.0,0.0,0.0,0.0,0.0,0.0,0.0,0.0,0.0,0.0,0.0,0.0,17.566631042037906,-143.9650460031545,17.68621545954361,-313.0973625902626,17.544318486881858,-287.30804487042749,17.434839881491756,-140.95976706644536,14.968088512949198,3.5162914232302997,17.468900730603179,-29.86815920333936,16.21071329052223,-18.870921337328356,14.039758720512314,-167.8912893975559,16.446668144500007,-65.50836838297485,574.0392740162467,597.4320968856491,0.0,0.0,0.0,0.0,0.0,0.0,0.0,0.0,0.0,0.0,0.0,0.0,0.0,0.0,0.0,0.0,0.0,0.0,0.0,0.0,0.0,0.0,1.331824947784111,0.4065399718510718,159.24846647172067,188.15846244018668,3822.399692153085,0.24198960831683459,0.03693370090305778,82.60805306984727,97.52870029909536,1986.6974339094609,1.2939948534398394,0.2445190577172789,146.08426848585638,172.6045908170184,3507.762552513602,0.2520192299763604,0.04762268140142863,75.22838732390436,88.87228662991653,1799.4349523814436,0.0,0.0,9.511427215404629,11.32501684724658,186.52402407329246,0.0,0.0,12.51290442924713,14.760195126458307,310.0618372024303,0.0,0.0,87.856434247228,104.16381781772485,1934.6153333868086,0.0,0.0,51.06628357984563,61.08600676056193,868.6272095511278,0.0,0.0,19.398330453975665,22.968751061405358,439.58054600096127,49.36198019875194,33.85595349708639,174.3020332568068,207.1242641834241,4593.815384435713,0.0,0.0,67.19344211548435,80.84372299706551,926.7733983060167,0.0,17.178737198506089,37.68360828317354,22.0,30.0,0.0,17.30274108451168,37.25449938805968,12.0,30.0,0.0,17.16866033667104,37.66685578581309,22.0,30.0,0.0,17.198458662394857,37.632951890691149,12.0,30.0,0.0,14.972480012449644,44.28028928859315,12.0,30.0,0.0,17.66613857406705,37.26535721141231,12.0,30.0,0.0,16.22161538347795,40.38788076604142,10.0,30.0,0.0,13.636100188902493,48.20558752693411,12.0,30.0,0.0,16.55601397464573,40.14993860666887,20.0,30.0,0.0,15.434171135875135,0.0,0.0,0.0,11.986343057834106,0.0,0.0,467.47635707476538,459.1552343672115,467.9429116104171,469.07409321457768,515.6932762944764,797.1465064995723,495.61011620851635,550.6603950491688,724.0371970599316,0.0,81.18567883564355,81.18567883564355,60.0,0.0,60.0,60.0,12.0,12.0,12.0,19.0,12.0,12.0,21.0,10.0,0.0,0.0,0.0,0.0,0.0,0.0,0.0,0.0,0.0,0.0,0.0,0.0,0.0,81.18567883564355,81.18567883564355,0.0,0.0,0.0,81.18567883564355,0.0,0.0,0.00196 
 02/22  01:20:00,5.186666666666667,81.0,7.783333333333334,0.0,0.0,0.0,0.0,0.0,2.0,2.0,0.0,0.0,0.0,0.0,0.0,750.0,0.0,0.0,0.0,0.0,0.0,0.0,0.0,0.0,0.0,0.0,0.0,17.489910204765086,-177.8064095937093,17.58415088855103,-188.56041881660929,17.482619835170984,-191.14018885792144,17.36379487212286,-145.82383116158116,14.938451241133184,3.10725743845793,17.41427027745513,-31.44809002416995,16.15126323955336,-17.678355011201803,13.977275038442244,-168.4822962075884,16.414599386818666,-67.48998427817824,435.65757308250036,596.644343973385,0.0,0.0,0.0,0.0,0.0,0.0,0.0,0.0,0.0,0.0,0.0,0.0,0.0,0.0,0.0,0.0,0.0,0.0,0.0,0.0,0.0,0.0,1.3147642316045272,0.401332183029465,112.17885600462803,132.64450203723875,2693.699390015693,0.24302629495379994,0.03709192535924907,57.44843729183227,67.9880353893706,1376.659996997549,1.2718275322713187,0.240330221517634,88.4330384513924,104.48463265127366,2132.9009455990865,0.24900564797524087,0.04705322146168572,64.42341280847733,76.15515709497608,1537.1270844560254,0.0,0.0,9.520760660460735,11.33992299869506,186.65542310348517,0.0,0.0,12.632685984197405,14.90833327404835,312.36855446270928,0.0,0.0,87.56047285404834,103.86136932927585,1921.0080845718056,0.0,0.0,51.05652203475665,61.103366900009188,864.7346812821642,0.0,0.0,20.069806426558594,23.773132610819969,454.6184721932048,48.71952043576873,33.41530894085648,106.8500788937266,127.22682087433535,3078.819823500354,0.0,0.0,66.96634578404042,80.60967529795431,918.2927731084673,0.0,17.11037142694467,37.638207335641229,22.0,30.0,0.0,17.19749251785273,37.347391704802799,12.000000000000002,30.0,0.0,17.14063761126615,37.64349783490428,22.0,30.0,0.0,17.12605423900518,37.622323667593267,12.000000000000002,30.0,0.0,14.942060748841115,44.16888691840461,12.000000000000002,30.0,0.0,17.610580078640309,37.21613156513298,12.000000000000002,30.0,0.0,16.152043632698665,40.347609066257977,10.0,30.0,0.0,13.571237735874107,48.19819377406894,12.000000000000002,30.0,0.0,16.52350518256072,40.03776184393963,20.0,30.0,0.0,15.035277893548012,0.0,0.0,0.0,11.918597081818506,0.0,0.0,461.42188201828096,455.4344995120575,467.80873299716839,462.7551338966485,513.0171411120151,790.5119173548116,491.23619971086108,552.5959900449552,719.8944222990984,0.0,81.18567883564355,81.18567883564355,60.0,0.0,60.0,60.0,12.0,12.0,12.0,19.0,12.0,12.0,21.0,10.0,0.0,0.0,0.0,0.0,0.0,0.0,0.0,0.0,0.0,0.0,0.0,0.0,0.0,81.18567883564355,81.18567883564355,0.0,0.0,0.0,81.18567883564355,0.0,0.0,0.001953333333333334 
 02/22  01:30:00,5.16,81.0,7.67,0.0,0.0,0.0,0.0,0.0,2.0,2.0,0.0,0.0,0.0,0.0,0.0,300.0,0.0,0.0,0.0,0.0,0.0,0.0,0.0,0.0,0.0,0.0,0.0,17.397791668556218,-117.31322828874022,17.528084814201799,-195.7472841574651,17.44699822608523,-104.7939725629802,17.34513042436832,-13.941425736338822,14.906077422513758,3.005967261644912,17.35511601652282,-31.20454870160063,16.094097527750905,-16.369897132280359,13.912568476147957,-166.07001035332417,16.37882017472711,-67.77132361687018,177.9341240275054,599.3173816565665,0.0,0.0,0.0,0.0,0.0,0.0,0.0,0.0,0.0,0.0,0.0,0.0,0.0,0.0,0.0,0.0,0.0,0.0,0.0,0.0,0.0,0.0,1.3032331668939353,0.39781232200669577,90.97063042322293,107.53211413029369,2185.088483293912,0.24386611547752003,0.03722010309485959,46.93183681841414,55.51478529838855,1123.07404651268,1.2523593552367934,0.23665142767135184,21.359551046398769,25.252369714715856,538.958621196137,0.24509048612953994,0.046313394960230517,3.6885802249220118,4.353744107569001,93.9941114976665,0.0,0.0,9.475096569084056,11.274742328773805,185.65344093286726,0.0,0.0,12.62627011624797,14.888354145424878,311.38877242785557,0.0,0.0,86.62980747414862,102.66975554759495,1894.8136070258334,0.0,0.0,51.02793528489225,61.01821612108733,860.1828836413624,0.0,0.0,20.524974609146626,24.289616631297343,464.5679519730836,48.03968591150695,32.949030117631668,35.11810923459943,41.90632404684582,1539.9625770889136,0.0,0.0,66.7523713923826,80.28488240649654,910.2710785318618,0.0,17.0226000878935,37.73047060768957,22.0,30.0,0.0,17.159170482871749,37.29245016597789,12.0,30.0,0.0,17.15372374494632,37.53313588424504,22.0,30.0,0.0,17.157101837266614,37.389440558239758,12.0,30.0,0.0,14.906581324452958,44.05183477506762,12.0,30.0,0.0,17.545795987380339,37.175247800756839,12.0,30.0,0.0,16.08737237139189,40.4044436571303,10.0,30.0,0.0,13.50124976318767,48.22760500538375,12.0,30.0,0.0,16.484120052173269,39.93349381949777,20.0,30.0,0.0,14.233556437837584,0.0,0.0,0.0,11.85135803695891,0.0,0.0,458.7499038611514,450.93592294413306,471.29401905805477,456.4886541385536,510.13129754358809,784.0495026097522,490.2045205998536,553.2194924666491,715.2268272962167,0.0,81.18567883564355,81.18567883564355,60.0,0.0,60.0,60.0,12.0,12.0,12.0,19.0,12.0,12.0,21.0,10.0,0.0,0.0,0.0,0.0,0.0,0.0,0.0,0.0,0.0,0.0,0.0,0.0,0.0,81.18567883564355,81.18567883564355,0.0,0.0,0.0,81.18567883564355,0.0,0.0,0.0019466666666666667 
 02/22  01:40:00,5.133333333333334,81.0,7.556666666666667,0.0,0.0,0.0,0.0,0.0,2.0,2.0,0.0,0.0,0.0,0.0,0.0,900.0,0.0,0.0,0.0,0.0,0.0,0.0,0.0,0.0,0.0,0.0,0.0,17.356121200155504,-79.4989744849727,17.459326447954127,-263.1098790940922,17.366968497073175,-242.28849335457904,17.293403369192384,-176.48729707725873,14.877729788151449,2.1217251231053249,17.304967072236808,-31.97863291848109,16.042769626135685,-23.333771542792336,13.856173859182551,-169.83989293615287,16.347966397429766,-69.47614442863419,449.0086264253524,598.189713358884,0.0,0.0,0.0,0.0,0.0,0.0,0.0,0.0,0.0,0.0,0.0,0.0,0.0,0.0,0.0,0.0,0.0,0.0,0.0,0.0,0.0,0.0,1.2903492732890405,0.39387950955098896,126.16019435327724,149.31701869572917,3018.1348051704956,0.2408859683190977,0.036765257679959948,56.80839900546885,67.24252736830997,1358.0343272272872,1.234244045691273,0.23322827771943933,94.21317048151595,111.42848874322407,2267.387361624292,0.23858052215294557,0.04508324303721566,55.54640680326099,65.66920658981678,1325.9778985208102,0.0,0.0,9.3890037026941,11.188059582649525,183.94766925854578,0.0,0.0,12.730827133904953,15.033739381545172,313.44709852491487,0.0,0.0,85.42545010638534,101.39277833851952,1863.6453248945505,0.0,0.0,51.104924094111897,61.202394554089597,858.6508764745086,0.0,0.0,21.814113919487558,25.852850147648497,493.5979459757143,47.61284788595865,32.656274270204828,109.74319350523354,130.7662136908375,3103.61308733689,0.0,0.0,66.60940094070947,80.23616076452828,903.2102151800526,0.0,17.021948607542698,37.60009176863545,21.999999999999984,29.99999999999998,0.0,17.094736275386969,37.28051324044939,11.999999999999993,29.99999999999998,0.0,17.063584284927186,37.51182738002422,21.999999999999984,29.99999999999998,0.0,17.091430364861464,37.40027638899338,11.999999999999993,29.99999999999998,0.0,14.879488660166674,43.977136769728669,11.999999999999993,29.99999999999998,0.0,17.498475032749206,37.150373260264178,11.999999999999993,29.99999999999998,0.0,16.03206720686123,40.35884826423165,9.999999999999993,29.99999999999998,0.0,13.446819085950253,48.20141967237255,11.999999999999993,29.99999999999998,0.0,16.45453331398969,39.848965344710418,19.999999999999987,29.99999999999998,0.0,14.954512212067988,0.0,0.0,0.0,11.786335888820128,0.0,0.0,457.6451802734945,446.8732859172445,460.8294380193305,452.45877802213269,508.7069454585914,780.0629006806638,489.0682879264165,554.2807225880945,708.946481063152,0.0,81.18567883564349,81.18567883564349,59.99999999999996,0.0,59.99999999999996,59.99999999999996,12.0,12.0,12.0,19.0,12.0,12.0,21.0,10.0,0.0,0.0,0.0,0.0,0.0,0.0,0.0,0.0,0.0,0.0,0.0,0.0,0.0,81.18567883564349,81.18567883564349,0.0,0.0,0.0,81.18567883564349,0.0,0.0,0.0019400000000000006 
 02/22  01:50:00,5.1066666666666669,81.0,7.443333333333333,0.0,0.0,0.0,0.0,0.0,2.0,2.0,0.0,0.0,0.0,0.0,0.0,150.0,0.0,0.0,0.0,0.0,0.0,0.0,0.0,0.0,0.0,0.0,0.0,17.35888313530451,-37.30797190150406,17.27847252045776,-393.2923326291166,17.250424833665755,-221.173602351015,17.26925650419051,-8.985773981023755,14.840727159357968,2.3153053915005445,17.241053280565049,-30.5214664962474,15.97920966072952,-20.236041470302554,13.788007535732737,-163.68165169273926,16.307142430682988,-69.25666790262472,406.35351009009949,601.9939751199943,0.0,0.0,0.0,0.0,0.0,0.0,0.0,0.0,0.0,0.0,0.0,0.0,0.0,0.0,0.0,0.0,0.0,0.0,0.0,0.0,0.0,0.0,1.2701644478144945,0.38771808541345989,152.0464976665623,179.27000813573927,3662.729391922922,0.2341761380145455,0.035741168805638819,99.88877463772362,117.89269583927094,2337.969891634463,1.2255199144347862,0.23157972683952883,49.454173575717337,58.346239186671798,1193.0552658940456,0.2414345337248413,0.04562254983462608,3.417544563949713,4.02923735181568,87.53200341322277,0.0,0.0,9.2546620138916,10.996096782785966,181.1136791717898,0.0,0.0,12.7897946876884,15.06130547935188,313.901739915397,0.0,0.0,84.6367863278555,100.18209947478978,1838.9152527504132,0.0,0.0,51.07932113352639,61.00146100538696,853.5805311180112,0.0,0.0,22.020184019918653,26.021475605918835,497.60696718844147,47.02879823909728,32.2556915220146,94.88975597218558,112.76333214016727,2770.486163194835,0.0,0.0,66.3960234459558,79.75459816535134,895.5489413037578,0.0,17.099865639381816,37.30341326913651,22.0,30.0,0.0,16.81789398421387,37.77722484965232,12.0,30.0,0.0,16.917262802598736,37.674533414307948,22.0,30.0,0.0,17.116933366583678,37.228525919232499,12.0,30.0,0.0,14.835526206757667,43.844223933903908,12.0,30.0,0.0,17.42318408311744,37.10092162406228,12.0,30.0,0.0,15.952383919563373,40.386448366466677,10.0,30.0,0.0,13.368627432842683,48.23039558326178,12.0,30.0,0.0,16.405396481956318,39.720381449072807,20.0,30.0,0.0,14.83979827273523,0.0,0.0,0.0,11.719352910445116,0.0,0.0,453.8899891635703,445.8025725027002,459.5339083945668,449.9592565782364,506.6340191854147,773.7275840857237,486.7461626444366,554.7955911025292,702.2977165193294,0.0,81.18567883564355,81.18567883564355,60.0,0.0,60.0,60.0,12.0,12.0,12.0,19.0,12.0,12.0,21.0,10.0,0.0,0.0,0.0,0.0,0.0,0.0,0.0,0.0,0.0,0.0,0.0,0.0,0.0,81.18567883564355,81.18567883564355,0.0,0.0,0.0,81.18567883564355,0.0,0.0,0.0019633333333333336 
 02/22  02:00:00,5.08,81.0,7.33,0.0,0.0,0.0,0.0,0.0,2.0,2.0,0.0,0.0,0.0,0.0,0.0,600.0,0.0,0.0,0.0,0.0,0.0,0.0,0.0,0.0,0.0,0.0,0.0,17.162080678357407,-185.07951123650504,17.2516989844853,-127.35977526199912,17.189106562638196,-215.5252476133279,17.150643756082375,-213.39186003829918,14.81458652615359,1.1464608387734928,17.196666955164923,-33.26419592835359,15.929261891101014,-35.86574619675389,13.738691829839882,-170.1400851935208,16.279125976354004,-71.31916746540631,517.8686806446451,598.486226207957,0.0,0.0,0.0,0.0,0.0,0.0,0.0,0.0,0.0,0.0,0.0,0.0,0.0,0.0,0.0,0.0,0.0,0.0,0.0,0.0,0.0,0.0,1.2687186915838389,0.38727676788273476,194.05265483957047,229.90621998153135,4536.593575102654,0.23975083573358214,0.036592007895845869,94.26835782012128,111.67865820396199,2220.0989892836416,1.187252118007173,0.22434847279047119,147.11850048918459,174.16533137062016,3489.153738607975,0.22596668445488378,0.04269967582291831,79.88676042577753,94.58891718581366,1887.7936011422926,0.0,0.0,9.165354869314138,10.922314110449545,179.39838617267558,0.0,0.0,12.806202078512456,15.125123598155984,313.95607937368706,0.0,0.0,82.43387728546878,97.87219701738526,1786.3673172983588,0.0,0.0,50.93552029172679,61.01359347345357,849.3964366439308,0.0,0.0,23.600298672295318,27.96960597415461,533.2856627272323,46.479232982242709,31.878760618822168,195.2751824001938,232.46520384023146,4987.7488157237,0.0,0.0,66.01296730594349,79.54040245240772,884.7125170365438,0.0,16.761287521037997,37.99008576198584,22.0,30.0,0.0,16.874816385968879,37.67118592316166,12.0,30.0,0.0,16.880045155381145,37.70539473712594,22.0,30.0,0.0,16.915538316943065,37.55113647942993,12.0,30.0,0.0,14.813525672880136,43.799100714305328,12.0,30.0,0.0,17.386178177212324,37.100441817811169,12.0,30.0,0.0,15.898563847723438,40.41619933476802,10.0,30.0,0.0,13.326552455104162,48.193757527170529,12.0,30.0,0.0,16.38170046288755,39.66278374842024,20.0,30.0,0.0,15.168419774709456,0.0,0.0,0.0,11.65128010696421,0.0,0.0,452.89490322387908,448.80631966181059,454.0320721440398,446.5291708815604,505.70661858226335,772.2408933663003,486.04858480003187,554.8808232498334,696.0592445745373,0.0,81.18567883564355,81.18567883564355,60.0,0.0,60.0,60.0,12.0,12.0,12.0,19.0,12.0,12.0,21.0,10.0,0.0,0.0,0.0,0.0,0.0,0.0,0.0,0.0,0.0,0.0,0.0,0.0,0.0,81.18567883564355,81.18567883564355,0.0,0.0,0.0,81.18567883564355,0.0,0.0,0.0019866666666666667 
 02/22  02:10:00,5.101666666666667,81.0,7.238333333333333,0.0,0.0,0.0,0.0,0.0,2.0,2.0,0.0,0.0,0.0,0.0,0.0,450.0,0.0,0.0,0.0,0.0,0.0,0.0,0.0,0.0,0.0,0.0,0.0,17.1163031337066,-143.02564553724825,17.19660593598108,-314.20250379575938,17.10649361644392,-221.57997017667129,17.099956350355109,-84.35682225438463,14.781861643202542,0.6936919154591313,17.142979126581559,-32.67938651063461,15.864086687347147,-34.99639824677813,13.678533524780356,-169.87902804410738,16.244159448453794,-72.38338559291897,465.42610037990939,599.0517947262769,0.0,0.0,0.0,0.0,0.0,0.0,0.0,0.0,0.0,0.0,0.0,0.0,0.0,0.0,0.0,0.0,0.0,0.0,0.0,0.0,0.0,0.0,1.2413580455402363,0.37892492232607946,200.90199733990623,237.65857164319284,4700.96066214639,0.22863723924072425,0.03489579353490907,96.8902850942907,114.59317994844202,2262.080719092706,1.171704081498201,0.2214104462392671,86.50380276399977,102.3355301944487,2040.0699451490974,0.2261232799046431,0.04272926679981917,24.003236664869318,28.448747964074909,567.8741985378098,0.0,0.0,9.021298720573359,10.749748712368643,175.60123786717348,0.0,0.0,12.999805763877954,15.353907297624195,316.77676254551866,0.0,0.0,81.53537392094145,96.81176264801573,1751.2979406434634,0.0,0.0,50.85766225740525,60.92118248765361,839.5833392916547,0.0,0.0,24.193326270190356,28.67046498173234,543.9538715111737,45.980552143810218,31.53672986543912,146.04431784906974,173.7390447377105,3833.2611550110275,0.0,0.0,65.73013701407385,79.20221581903053,869.1212297562183,0.0,16.75435312163859,37.94433653254756,22.0,30.0,0.0,16.82594576824575,37.670854914941298,12.0,30.0,0.0,16.799315943854859,37.812570456469149,22.0,30.0,0.0,16.889647746243985,37.534154370446277,12.0,30.0,0.0,14.778782498154863,43.73910922000283,12.0,30.0,0.0,17.32926123158485,37.097653689729977,12.0,30.0,0.0,15.820438527295814,40.51803278558446,10.0,30.0,0.0,13.262340960036707,48.225939865621828,12.0,30.0,0.0,16.343816373604424,39.58926811309202,20.0,30.0,0.0,14.971493578079203,0.0,0.0,0.0,11.582045301900953,0.0,0.0,452.1388337505788,445.3144878721264,453.9741882925113,444.94294501596428,504.78235857830637,768.1280885482302,486.3788845090354,556.0736462213321,688.7145447908274,0.0,81.18567883564355,81.18567883564355,60.0,0.0,60.0,60.0,12.0,12.0,12.0,19.0,12.0,12.0,21.0,10.0,0.0,0.0,0.0,0.0,0.0,0.0,0.0,0.0,0.0,0.0,0.0,0.0,0.0,81.18567883564355,81.18567883564355,0.0,0.0,0.0,81.18567883564355,0.0,0.0,0.0020100000000000007 
 02/22  02:20:00,5.123333333333334,81.0,7.146666666666667,0.0,0.0,0.0,0.0,0.0,2.0,2.0,0.0,0.0,0.0,0.0,0.0,300.0,0.0,0.0,0.0,0.0,0.0,0.0,0.0,0.0,0.0,0.0,0.0,16.99910577621728,-224.9500440593165,17.10881351900245,-119.29369161274895,17.02460179625347,-169.13116930569096,17.0126472147266,-166.11091921210687,14.748701314668367,0.8141924276521593,17.089568939231357,-34.24798537080514,15.811643008493798,-20.414271818932094,13.618951069765892,-169.40447486013955,16.20834134437914,-74.57086258376103,480.14902792676687,599.9284285190998,0.0,0.0,0.0,0.0,0.0,0.0,0.0,0.0,0.0,0.0,0.0,0.0,0.0,0.0,0.0,0.0,0.0,0.0,0.0,0.0,0.0,0.0,1.2214745127609819,0.37285546787575765,149.72585969733158,177.1815261134957,3446.6408523880925,0.23373878553426057,0.03567441781658434,88.51914665806118,104.67497522812363,2058.857294665663,1.1690196714982822,0.22090318811381003,95.8559400302984,113.4051938824386,2244.4745720580469,0.22751349740932814,0.04299196852028119,85.71396300678893,101.41108019233592,1994.2078092919424,0.0,0.0,9.211973837098494,10.971965917813315,178.3094664580845,0.0,0.0,12.880591239510693,15.208763726419179,311.9555996763466,0.0,0.0,83.597643827806,99.22029145934602,1783.5783537903599,0.0,0.0,50.96238132546266,61.02824109517633,832.8632279016963,0.0,0.0,23.91572331925227,28.33351632885597,534.959474326525,45.5146253131646,31.217164137972988,145.34572504524383,172.8754934306549,3806.104733178614,0.0,0.0,65.67893770881085,79.11709678366126,857.296274437653,0.0,16.600224140732768,38.23902316229919,22.0,30.0,0.0,16.743113010864727,37.847838934840897,12.0,30.0,0.0,16.721476819715929,37.944450562473708,22.0,30.0,0.0,16.76405890021428,37.79484343093527,12.0,30.0,0.0,14.743445794955605,43.6988821546865,12.0,30.0,0.0,17.271446612369716,37.11303671766096,12.0,30.0,0.0,15.766895041651049,40.58442204630869,10.0,30.0,0.0,13.198640559978092,48.29338908252103,12.0,30.0,0.0,16.304046625402024,39.55214083161593,20.0,30.0,0.0,15.054992969745575,0.0,0.0,0.0,11.517491483288766,0.0,0.0,450.12325710845826,446.3892266559222,452.16215504746278,445.90921123190136,504.21872392161375,765.3133518938661,486.0446524418294,557.1544582281395,684.8101811851282,0.0,81.18567883564355,81.18567883564355,60.0,0.0,60.0,60.0,12.0,12.0,12.0,19.0,12.0,12.0,21.0,10.0,0.0,0.0,0.0,0.0,0.0,0.0,0.0,0.0,0.0,0.0,0.0,0.0,0.0,81.18567883564355,81.18567883564355,0.0,0.0,0.0,81.18567883564355,0.0,0.0,0.002033333333333333 
 02/22  02:30:00,5.145,81.0,7.055,0.0,0.0,0.0,0.0,0.0,2.0,2.0,0.0,0.0,0.0,0.0,0.0,300.0,0.0,0.0,0.0,0.0,0.0,0.0,0.0,0.0,0.0,0.0,0.0,16.866903622703818,-61.209103971050357,17.080619664227759,-288.7916528153173,16.850608232634227,-235.8111340695782,16.94427159289603,-242.69258277877544,14.71605549822248,-0.8628520936631219,17.037387006789467,-34.52764528760363,15.752066899168945,-49.83228233313298,13.559674145160777,-172.80354999529915,16.171993521533666,-76.59346454553105,639.6359434186979,593.6257823139059,0.0,0.0,0.0,0.0,0.0,0.0,0.0,0.0,0.0,0.0,0.0,0.0,0.0,0.0,0.0,0.0,0.0,0.0,0.0,0.0,0.0,0.0,1.19108197973663,0.36357813789274426,250.65875997564496,296.8140904288398,5687.968223230372,0.21267948972755669,0.032460239579907918,214.69042690921095,253.94640399455472,4960.940233670454,1.140149236222968,0.21544770147826315,257.87478543996908,305.4187847110886,5843.550849818495,0.21206441387371972,0.04007264056570667,213.21106911340997,252.25477913267683,4907.17873544575,0.0,0.0,8.741631929215803,10.416153905694124,168.2687804255304,0.0,0.0,13.210027079162423,15.60160455833626,317.9879885259482,0.0,0.0,79.47104636332807,94.37300349370963,1682.1750206696466,0.0,0.0,50.710657954012749,60.74655460487712,820.2557721783827,0.0,0.0,25.85231474526185,30.63032824673774,575.1836943716448,44.98477402415713,30.853754474730559,399.65625190757296,474.6983188783572,9258.762328686777,0.0,0.0,65.11906538427056,78.46990404500582,838.1587839409194,0.0,16.447956480368366,38.590669253013057,22.0,30.0,0.0,16.738685402797075,37.811575734136457,12.0,30.0,0.0,16.449083387945885,38.570912737025,22.0,30.0,0.0,16.690392933365929,37.927247750677128,12.0,30.0,0.0,14.70925378443011,43.65745236567594,12.0,30.0,0.0,17.215919099824619,37.1373546786197,12.0,30.0,0.0,15.69682030529814,40.65245451546278,10.0,30.0,0.0,13.13493410692355,48.293212774626628,12.0,30.0,0.0,16.263622624107474,39.51730179007774,20.0,30.0,0.0,15.55057398198879,0.0,0.0,0.0,11.447546412400062,0.0,0.0,451.18645419685427,444.4830087285541,451.78798826030239,445.54537797276688,503.9854144881149,763.3466821064399,487.43653537348168,558.3246629027105,681.938342697871,0.0,81.18567883564355,81.18567883564355,60.0,0.0,60.0,60.0,12.0,12.0,12.0,19.0,12.0,12.0,21.0,10.0,0.0,0.0,0.0,0.0,0.0,0.0,0.0,0.0,0.0,0.0,0.0,0.0,0.0,81.18567883564355,81.18567883564355,0.0,0.0,0.0,81.18567883564355,0.0,0.0,0.0020566666666666664 
 02/22  02:40:00,5.166666666666667,81.0,6.963333333333333,0.0,0.0,0.0,0.0,0.0,2.0,2.0,0.0,0.0,0.0,0.0,0.0,600.0,0.0,0.0,0.0,0.0,0.0,0.0,0.0,0.0,0.0,0.0,0.0,16.896690522805615,-140.20152814892129,16.967728717186114,-159.51839913662293,16.875113900773934,-160.32234711581465,16.816220753582735,-114.22558746923437,14.685233160310862,-0.6045262430432388,16.991729801657564,-35.21720944332493,15.68414830188773,-35.29455160961663,13.50635242277549,-171.67286804534667,16.14003424581698,-78.71171236776695,467.6215242816752,596.0341554385825,0.0,0.0,0.0,0.0,0.0,0.0,0.0,0.0,0.0,0.0,0.0,0.0,0.0,0.0,0.0,0.0,0.0,0.0,0.0,0.0,0.0,0.0,1.1706380073080494,0.3573376090683911,138.54263661175839,164.25222213363325,3179.755683857111,0.21322033667262825,0.03254278642744632,91.33264052354032,108.35025927773924,2085.0094751862827,1.134212170328106,0.21432580694030735,118.89485332986452,140.94652529817896,2733.7757026526958,0.22049197831036194,0.041665150852298157,99.43295333413627,117.94116181254285,2256.451554582567,0.0,0.0,8.841908181954079,10.545496113968375,169.28027126840954,0.0,0.0,13.232496807203067,15.646980335647389,316.85213637149499,0.0,0.0,80.4287874481387,95.61814158477849,1685.2754849490708,0.0,0.0,50.841327794299989,60.9768763770563,814.9471699328356,0.0,0.0,25.714918661331354,30.505626434264703,569.4349769387221,44.47683598865548,30.50537447781584,175.81641813187745,209.5330344454354,4399.103146258667,0.0,0.0,65.10765957145,78.55053550811187,828.5745612280684,0.0,16.560733712339148,38.257515307250908,22.0,30.0,0.0,16.60078174188096,38.08601027551728,12.0,30.0,0.0,16.574365654654167,38.22713634431599,22.0,30.0,0.0,16.527859662783667,38.30370538528311,12.0,30.0,0.0,14.679248202675155,43.64751719049341,12.0,30.0,0.0,17.172688544133658,37.15492022783292,12.0,30.0,0.0,15.613568452689482,40.81406480680979,10.0,30.0,0.0,13.083217771772297,48.362980452931029,12.0,30.0,0.0,16.232077528213759,39.49250150477545,20.0,30.0,0.0,15.039829546939979,0.0,0.0,0.0,11.397119838980896,0.0,0.0,449.11624506239749,440.8353752613054,451.51412120480048,445.60115556078588,503.91775876198417,759.5546760002751,486.48362713201336,558.1869340948947,677.1009230387406,0.0,81.18567883564355,81.18567883564355,60.0,0.0,60.0,60.0,12.0,12.0,12.0,19.0,12.0,12.0,21.0,10.0,0.0,0.0,0.0,0.0,0.0,0.0,0.0,0.0,0.0,0.0,0.0,0.0,0.0,81.18567883564355,81.18567883564355,0.0,0.0,0.0,81.18567883564355,0.0,0.0,0.00208 
 02/22  02:50:00,5.1883333333333339,81.0,6.871666666666667,0.0,0.0,0.0,0.0,0.0,2.0,2.0,0.0,0.0,0.0,0.0,0.0,300.0,0.0,0.0,0.0,0.0,0.0,0.0,0.0,0.0,0.0,0.0,0.0,16.848491954216155,-82.5684662648905,16.92905758493376,-233.88312867399874,16.83236021994704,-130.5866271018774,16.786547489735253,-176.48974646895614,14.651283696169287,-0.4553633216815456,16.93905600518753,-34.86145900232276,15.641656799974183,-28.661890717680536,13.449280176347582,-170.01440269275168,16.10228778987718,-78.89449901729035,377.6154804513467,598.3495537769329,0.0,0.0,0.0,0.0,0.0,0.0,0.0,0.0,0.0,0.0,0.0,0.0,0.0,0.0,0.0,0.0,0.0,0.0,0.0,0.0,0.0,0.0,1.154924436795448,0.35254103687284746,85.71863189504858,101.46745183531661,1967.4693529071433,0.21529631606438355,0.03285963309895964,64.42912866162732,76.28045754815227,1469.9716920297543,1.1222524051470618,0.21206583619558995,103.55921438793368,122.52786570994698,2378.9828202113314,0.21871176116917008,0.04132875305539871,76.6513057853681,90.74734247828769,1736.8519893248336,0.0,0.0,8.89896607224103,10.606330447298486,169.3986119073711,0.0,0.0,13.13239947710688,15.519014312562247,312.5149243370038,0.0,0.0,81.06596097977769,96.30953897823383,1689.8155793358863,0.0,0.0,50.909894366620559,61.02118132467835,807.9848305063325,0.0,0.0,25.743797125840943,30.519201719580637,566.9734185350109,44.00576012612443,30.18227717841183,107.7202263490578,128.26470015234325,2913.46649113682,0.0,0.0,65.03733918395754,78.4160188300028,817.8213178488811,0.0,16.54067879647117,38.263877512662848,22.0,30.0,0.0,16.581564343321138,38.121317500838248,12.0,30.0,0.0,16.557520584898847,38.253759733568347,22.0,30.0,0.0,16.52203311170529,38.3049309031398,12.0,30.0,0.0,14.643058151183457,43.64324938572214,12.0,30.0,0.0,17.115095659714368,37.20347238504258,12.0,30.0,0.0,15.577421817780638,40.861051339734689,10.0,30.0,0.0,13.023100576815264,48.46756068785118,12.0,30.0,0.0,16.189376536030545,39.50744984361091,20.0,30.0,0.0,14.708665140173384,0.0,0.0,0.0,11.34158302673192,0.0,0.0,447.03503285366147,440.0638701425654,453.69009402163246,444.5657335627852,503.6263152898697,757.5935778621143,485.6065632794729,559.5686053817458,676.0558102009698,0.0,81.18567883564355,81.18567883564355,60.0,0.0,60.0,60.0,12.0,12.0,12.0,19.0,12.0,12.0,21.0,10.0,0.0,0.0,0.0,0.0,0.0,0.0,0.0,0.0,0.0,0.0,0.0,0.0,0.0,81.18567883564355,81.18567883564355,0.0,0.0,0.0,81.18567883564355,0.0,0.0,0.00211 
 02/22  03:00:00,5.21,81.0,6.78,0.0,0.0,0.0,0.0,0.0,2.0,2.0,0.0,0.0,0.0,0.0,0.0,300.0,0.0,0.0,0.0,0.0,0.0,0.0,0.0,0.0,0.0,0.0,0.0,16.678771197435198,-147.2955101835446,16.859873232371535,-253.02949831684817,16.72191138374911,-351.18954681797097,16.62667875329884,-174.0790654384391,14.618546246189329,-1.5922172660739734,16.89100112330974,-33.40856611056225,15.585527880121849,-52.78121793424384,13.392755042032413,-172.44845966610729,16.066511188125547,-81.24512015680938,603.075655205811,597.6305652752466,0.0,0.0,0.0,0.0,0.0,0.0,0.0,0.0,0.0,0.0,0.0,0.0,0.0,0.0,0.0,0.0,0.0,0.0,0.0,0.0,0.0,0.0,1.1166279752277815,0.34085103028931065,307.50996809286519,364.3226564971164,6844.335904185807,0.19206164496885948,0.029313437876810058,122.90502212245289,145.40697294934214,2761.8599100722547,1.1057936298623144,0.20895571237005193,378.0317683678883,447.91088023169217,8479.106712939363,0.21585057268659064,0.04078809007683117,208.55945128605033,247.2229989861102,4614.2169806926399,0.0,0.0,8.429196885348967,10.049948627505632,159.55715370291089,0.0,0.0,13.218556484611593,15.624286961036223,312.7793966677699,0.0,0.0,77.64260760222619,92.28546399656486,1605.7822577098182,0.0,0.0,51.0730428648658,61.23757192239242,802.4138078577446,0.0,0.0,26.34153078558048,31.233397120050378,577.0730294828968,43.54567969147841,29.866721324745148,456.77575153271325,542.8663863412211,10237.588453178056,0.0,0.0,64.97530421069193,78.36533351680603,807.497201132031,0.0,16.267208760642526,38.916655700996518,22.0,30.0,0.0,16.515079789996734,38.29197396056114,12.0,30.0,0.0,16.398756414607328,38.61829680898999,22.0,30.0,0.0,16.2728232423911,38.91045240075647,12.0,30.0,0.0,14.609361886871263,43.647655749952537,12.0,30.0,0.0,17.06607174894799,37.24852881920643,12.0,30.0,0.0,15.510743407816431,40.96760124838762,10.0,30.0,0.0,12.96326681928981,48.52013362256591,12.0,30.0,0.0,16.150567811265466,39.517381102787648,20.0,30.0,0.0,15.418914340478512,0.0,0.0,0.0,11.28930519633979,0.0,0.0,444.45411139100306,443.7587596638678,451.3739740403985,445.697724360423,503.0294612994279,756.2889205822376,485.8937135383534,557.8181418361705,674.4185439423645,0.0,81.18567883564355,81.18567883564355,60.0,0.0,60.0,60.0,12.0,12.0,12.0,19.0,12.0,12.0,21.0,10.0,0.0,0.0,0.0,0.0,0.0,0.0,0.0,0.0,0.0,0.0,0.0,0.0,0.0,81.18567883564355,81.18567883564355,0.0,0.0,0.0,81.18567883564355,0.0,0.0,0.00214 
 02/22  03:10:00,5.173333333333334,81.33333333333333,6.693333333333333,0.0,0.0,0.0,0.0,0.0,2.0,2.0,0.0,0.0,0.0,0.0,0.0,300.0,0.0,0.0,0.0,0.0,0.0,0.0,0.0,0.0,0.0,0.0,0.0,16.646906199831535,-218.91420628135075,16.72641738159468,-201.4462127214963,16.54664696395801,-150.78723229137496,16.64203425624722,-185.64700188665803,14.585127228954047,-1.8047565108636548,16.84248260048678,-36.5386475550371,15.510221890725042,-39.15398094280795,13.338962938825805,-171.97225197831257,16.029842321264746,-83.86063475806447,589.0589470678797,592.0211326808116,0.0,0.0,0.0,0.0,0.0,0.0,0.0,0.0,0.0,0.0,0.0,0.0,0.0,0.0,0.0,0.0,0.0,0.0,0.0,0.0,0.0,0.0,1.123446398296601,0.34293235601239349,309.32245242622056,366.6621832068042,6880.7802775391469,0.19836394298361355,0.030275327073201097,154.1286781952533,182.77508180440803,3432.990809024024,1.1125785988698205,0.21023783047426698,287.7131975870401,340.99370045137138,6360.929254581364,0.2062331852559174,0.03897074551321189,157.47720273400979,186.5337074509534,3515.5688924235307,0.0,0.0,8.583183714412084,10.232739694776536,162.52032287223956,0.0,0.0,13.385819998849155,15.826336127196843,316.48212346246228,0.0,0.0,78.20409046795808,92.96537504563487,1608.1497111264592,0.0,0.0,50.797335425035658,60.919516474290038,796.4973679706177,0.0,0.0,27.487937540381986,32.60124367800378,602.1562366948654,43.153581334355,29.597792410394388,412.1211241965233,489.9132838125276,9314.308205736386,0.0,0.0,64.52375081240679,77.83812068902242,799.2520914891234,0.0,16.26896602713,38.91134545952805,22.0,30.0,0.0,16.329770294520825,38.75631403040775,12.0,30.0,0.0,16.154720682863876,39.209173083129247,22.0,30.0,0.0,16.362987049039285,38.686525302854359,12.0,30.0,0.0,14.574641494473984,43.66907782491532,12.0,30.0,0.0,17.01717463908478,37.301492758148928,12.0,30.0,0.0,15.413442670492023,41.18210904955964,10.0,30.0,0.0,12.909567094954893,48.599321528001279,12.0,30.0,0.0,16.111219223278135,39.533413947873558,20.0,30.0,0.0,15.386520666639488,0.0,0.0,0.0,11.231108295920699,0.0,0.0,445.16612287230375,446.53556050518389,450.7662586053824,446.4573962006024,502.97552698931806,752.7296404439567,485.3955594328743,560.4058861561188,669.3249875003296,0.0,81.18567883564355,81.18567883564355,60.0,0.0,60.0,60.0,12.0,12.0,12.0,19.0,12.0,12.0,21.0,10.0,0.0,0.0,0.0,0.0,0.0,0.0,0.0,0.0,0.0,0.0,0.0,0.0,0.0,81.18567883564355,81.18567883564355,0.0,0.0,0.0,81.18567883564355,0.0,0.0,0.0021699999999999998 
 02/22  03:20:00,5.136666666666667,81.66666666666667,6.606666666666667,0.0,0.0,0.0,0.0,0.0,2.0,2.0,0.0,0.0,0.0,0.0,0.0,300.0,0.0,0.0,0.0,0.0,0.0,0.0,0.0,0.0,0.0,0.0,0.0,16.483122348969216,-83.57197977616124,16.719403892371575,-250.49585542593287,16.549618850626556,-278.97858077343929,16.52000610337702,-136.1230756118016,14.551872104646229,-2.5894154542789638,16.790874791491576,-36.20038609951851,15.459639638747693,-62.456530816543708,13.28566787580119,-170.61005677407025,15.992108733059409,-85.00945055012585,562.5150360005382,587.8268234687545,0.0,0.0,0.0,0.0,0.0,0.0,0.0,0.0,0.0,0.0,0.0,0.0,0.0,0.0,0.0,0.0,0.0,0.0,0.0,0.0,0.0,0.0,1.119734292928665,0.3417992347157098,300.42704070304,356.10508908189089,6628.078120233284,0.19096184908383943,0.029145581362002357,156.1057654891478,184.84260954132345,3492.8640405215439,1.043439569906731,0.19717301018645717,273.97445523174079,324.78338912779847,6083.703592585531,0.20216334179925919,0.03820168968239968,151.80267792044968,180.01564957024926,3358.330405489767,0.0,0.0,8.156548010940277,9.72850600077042,154.5179182509853,0.0,0.0,13.639125349337159,16.128907850757757,322.0707248634454,0.0,0.0,73.73706707489034,87.69636189303921,1515.0024127671819,0.0,0.0,50.24191236378951,60.26834367961933,786.3137102214155,0.0,0.0,28.92322257339896,34.30852069398922,633.4618049847934,42.74888495103606,29.320222874510344,400.17272827245179,475.77745071534107,9014.161210851911,0.0,0.0,63.75592757382969,76.9321048168346,787.2603830612204,0.0,16.053472710259784,39.45652895918248,22.0,30.0,0.0,16.379703434694016,38.64237454090224,12.0,30.0,0.0,16.222742024479218,39.03643256473979,22.0,30.0,0.0,16.192518102706445,39.09855918553668,12.0,30.0,0.0,14.54037584504088,43.69801561839998,12.0,30.0,0.0,16.963297831866389,37.3823741738165,12.0,30.0,0.0,15.36329879881259,41.30151967989245,10.0,30.0,0.0,12.856572275749216,48.702135362694978,12.0,30.0,0.0,16.07036729069808,39.57319977242696,20.0,30.0,0.0,15.28863582757917,0.0,0.0,0.0,11.173876907755869,0.0,0.0,446.83079382425378,447.83969283385656,450.3119783882637,445.0969066005516,503.29518828262646,751.3174149685976,489.0587140904914,563.5618328230751,664.7748391991984,0.0,81.18567883564355,81.18567883564355,60.0,0.0,60.0,60.0,12.0,12.0,12.0,19.0,12.0,12.0,21.0,10.0,0.0,0.0,0.0,0.0,0.0,0.0,0.0,0.0,0.0,0.0,0.0,0.0,0.0,81.18567883564355,81.18567883564355,0.0,0.0,0.0,81.18567883564355,0.0,0.0,0.0021666666666666667 
 02/22  03:30:00,5.1,82.0,6.52,0.0,0.0,0.0,0.0,0.0,2.0,2.0,0.0,0.0,0.0,0.0,0.0,150.0,0.0,0.0,0.0,0.0,0.0,0.0,0.0,0.0,0.0,0.0,0.0,16.4493387532656,-176.89957842632249,16.67669759405984,-81.58494778272234,16.537588180107478,-52.108351324687649,16.461372326049316,-210.56024448804329,14.515443066210125,-1.469659184637635,16.735476092910905,-37.99989775452133,15.410086623207082,-29.111328703516393,13.231605629144891,-166.23496040790156,15.95143976724682,-84.89196255825755,493.87458635376518,591.7799943852533,0.0,0.0,0.0,0.0,0.0,0.0,0.0,0.0,0.0,0.0,0.0,0.0,0.0,0.0,0.0,0.0,0.0,0.0,0.0,0.0,0.0,0.0,1.1029485871024889,0.3366753928884276,164.6980356253988,195.05043349714283,3626.6364719686646,0.20405002309590934,0.031143165918179083,39.186939161558189,46.353950533534597,887.5090545925647,1.1212942574681635,0.2118847803227823,246.9170900174206,292.1612625474495,5547.4454158046869,0.20799587460725664,0.039303831180509559,130.92163630895844,154.9997413631707,2891.7183983107299,0.0,0.0,8.682456592783078,10.337048707614925,164.4833459941953,0.0,0.0,13.492886708629682,15.931296875659175,318.102032478571,0.0,0.0,78.9986751119794,93.7881824055584,1621.7952322922477,0.0,0.0,50.5975228947203,60.597791142878048,790.375728417541,0.0,0.0,28.101380667646969,33.280447737327069,615.2001352891924,42.38834583384265,29.07293952938454,244.9262812102306,291.05345760315069,5733.247743444525,0.0,0.0,64.07143203500734,77.187138240865,790.1686554150717,0.0,16.033024168718275,39.490465045751808,22.0,30.0,0.0,16.374998912432195,38.63598729110878,12.0,30.0,0.0,16.2888125981645,38.888249815443,22.0,30.0,0.0,16.126035842402407,39.24782224135462,12.0,30.0,0.0,14.50008291113942,43.75529883386064,12.0,30.0,0.0,16.90118653622792,37.48903459542254,12.0,30.0,0.0,15.317412604190949,41.423951228512347,10.0,30.0,0.0,12.801343459943201,48.85208295848928,12.0,30.0,0.0,16.023801945410818,39.64854926382785,20.0,30.0,0.0,15.049460075018383,0.0,0.0,0.0,11.126716363864576,0.0,0.0,443.54217068322449,441.85028897650497,455.47975892149199,438.745097457519,504.75897548849289,750.5158367073677,489.83170263260367,565.5775565508849,665.3864816816621,0.0,81.18567883564355,81.18567883564355,60.0,0.0,60.0,60.0,12.0,12.0,12.0,19.0,12.0,12.0,21.0,10.0,0.0,0.0,0.0,0.0,0.0,0.0,0.0,0.0,0.0,0.0,0.0,0.0,0.0,81.18567883564355,81.18567883564355,0.0,0.0,0.0,81.18567883564355,0.0,0.0,0.002163333333333333 
 02/22  03:40:00,5.0633333333333339,82.33333333333333,6.433333333333334,0.0,0.0,0.0,0.0,0.0,2.0,2.0,0.0,0.0,0.0,0.0,0.0,300.0,0.0,0.0,0.0,0.0,0.0,0.0,0.0,0.0,0.0,0.0,0.0,16.465400297274735,-90.7453913521349,16.590022357037094,-229.40621168207952,16.421562770329829,-224.71098218398402,16.454670739364127,-111.50287770206592,14.48600305469689,-2.1788811201963798,16.692327040939188,-35.91133272104952,15.358808441448243,-45.933839513983688,13.185781211662072,-169.61298483878535,15.919535855146937,-85.40818594454669,518.9718795878721,592.6420877161766,0.0,0.0,0.0,0.0,0.0,0.0,0.0,0.0,0.0,0.0,0.0,0.0,0.0,0.0,0.0,0.0,0.0,0.0,0.0,0.0,0.0,0.0,1.0978294611821867,0.33511277813864068,208.48954047858738,247.36618383929648,4655.846255064955,0.1958396924267501,0.029890062946695683,101.0857348986825,120.00348884750966,2259.113255291964,1.07490237916722,0.20311836341028356,217.55627172773169,258.0353564324626,4828.611363612067,0.20952040126069847,0.03959191255871096,119.10771575061067,141.23138885518433,2652.436945158408,0.0,0.0,8.349868657239416,9.959982551128613,158.3290377639542,0.0,0.0,13.463324471117368,15.928389153171363,317.3557295679311,0.0,0.0,76.22185602681657,90.67262844419268,1561.7529914222455,0.0,0.0,50.542025541213138,60.65271138943149,789.0982957384597,0.0,0.0,28.30611727470835,33.58946194139748,620.0368851404439,42.06432508647874,28.850703077145924,275.35843138354599,327.85671794942098,6392.623721011919,0.0,0.0,63.894160443373397,77.13084177756821,786.0931681621003,0.0,16.152027747252136,39.2088184085776,22.0,30.0,0.0,16.247018567058807,38.9655228617804,12.0,30.0,0.0,16.10372715878972,39.33520620050859,22.0,30.0,0.0,16.18600774122386,39.12900864649215,12.0,30.0,0.0,14.473643790857676,43.80791603372714,12.0,30.0,0.0,16.8638848820912,37.560609560892377,12.0,30.0,0.0,15.261172479929776,41.55145651657861,10.0,30.0,0.0,12.761443232074776,48.95168718749403,12.0,30.0,0.0,15.994837043026692,39.70559330937099,20.0,30.0,0.0,15.093014168348985,0.0,0.0,0.0,11.075856061445326,0.0,0.0,446.22571316830649,442.62229942408887,450.3917879924235,446.8002141983318,505.29849814050189,749.7774400612702,488.3491305112957,565.8229839950507,665.4403938099488,0.0,81.18567883564355,81.18567883564355,60.0,0.0,60.0,60.0,12.0,12.0,12.0,19.0,12.0,12.0,21.0,10.0,0.0,0.0,0.0,0.0,0.0,0.0,0.0,0.0,0.0,0.0,0.0,0.0,0.0,81.18567883564355,81.18567883564355,0.0,0.0,0.0,81.18567883564355,0.0,0.0,0.0021599999999999998 
 02/22  03:50:00,5.026666666666667,82.66666666666667,6.346666666666667,0.0,0.0,0.0,0.0,0.0,2.0,2.0,0.0,0.0,0.0,0.0,0.0,150.0,0.0,0.0,0.0,0.0,0.0,0.0,0.0,0.0,0.0,0.0,0.0,16.483548445158037,-24.752758752101728,16.474565506612629,-306.6315842979202,16.349090833262978,-232.89431834700418,16.47679927315204,-10.116598481043639,14.449269982915539,-2.07276551416939,16.638811397769659,-34.5595213753993,15.301432232460286,-48.726454208195267,13.129920201463495,-166.36680559170396,15.879552165042734,-84.77704485723257,454.09454439197909,595.201691188516,0.0,0.0,0.0,0.0,0.0,0.0,0.0,0.0,0.0,0.0,0.0,0.0,0.0,0.0,0.0,0.0,0.0,0.0,0.0,0.0,0.0,0.0,1.093444843266723,0.3337743721815394,193.01734678923524,228.43177950870737,4356.825832444661,0.19299939773668638,0.029456562536124298,138.72077517212839,164.26843374732409,3072.875036214803,1.0611453502605735,0.20051877366979854,98.90711660984496,117.14530769999712,2200.4514109683057,0.20869244636824078,0.03943545849739998,47.00830281110959,55.6276490922591,1062.4250579570176,0.0,0.0,8.200913465617007,9.766875100878716,155.50889772765223,0.0,0.0,13.469953745762809,15.91085432850292,317.0799747961444,0.0,0.0,74.97764762733304,89.06015352843466,1532.3285893875173,0.0,0.0,50.51246661585838,60.52223160771269,786.6844289982594,0.0,0.0,28.60054103376698,33.88317689166054,626.291590705724,41.68151722523296,28.588146245015758,186.04788841183214,221.24637919747546,4495.259300255085,0.0,0.0,63.74943512482194,76.8331292369601,782.8754863599735,0.0,16.253154133742929,38.96063814232518,22.0,30.0,0.0,16.08443958361029,39.3926372777468,12.0,30.0,0.0,16.027655212555908,39.54229545586187,22.0,30.0,0.0,16.282229824915605,38.89355944882758,12.0,30.0,0.0,14.432806820280988,43.89098713819255,12.0,30.0,0.0,16.805122340386558,37.67809458697312,12.0,30.0,0.0,15.192884435857,41.7316349557357,10.0,30.0,0.0,12.701614192881206,49.11931357453127,12.0,30.0,0.0,15.949690747453009,39.797074932132669,20.0,30.0,0.0,14.86176111486004,0.0,0.0,0.0,11.025152612850056,0.0,0.0,448.00496917376878,442.927219629023,450.91215724515828,450.73756837730635,505.50408876790876,749.1567902255738,487.92545520047738,565.6401902848054,664.7042417502795,0.0,81.18567883564355,81.18567883564355,60.0,0.0,60.0,60.0,12.0,12.0,12.0,19.0,12.0,12.0,21.0,10.0,0.0,0.0,0.0,0.0,0.0,0.0,0.0,0.0,0.0,0.0,0.0,0.0,0.0,81.18567883564355,81.18567883564355,0.0,0.0,0.0,81.18567883564355,0.0,0.0,0.0021566666666666667 
 02/22  04:00:00,4.99,83.0,6.26,0.0,0.0,0.0,0.0,0.0,2.0,2.0,0.0,0.0,0.0,0.0,0.0,450.0,0.0,0.0,0.0,0.0,0.0,0.0,0.0,0.0,0.0,0.0,0.0,16.342583569699614,-141.81779107280529,16.451121017961908,-152.8775499118143,16.350948153702384,-78.80388213011284,16.38741918955475,-217.52740506516973,14.421000491210528,-2.539400518765037,16.597304218721978,-37.17496322641394,15.264955740153239,-45.147802247527618,13.085049306359052,-171.16486325479378,15.848846458606172,-87.36451332912225,458.69093273750385,593.7296225508692,0.0,0.0,0.0,0.0,0.0,0.0,0.0,0.0,0.0,0.0,0.0,0.0,0.0,0.0,0.0,0.0,0.0,0.0,0.0,0.0,0.0,0.0,1.1090320105586296,0.3385323597553817,192.49354966916745,228.65639577516408,4264.457533638323,0.2055044556968399,0.03136514891587913,101.46943454407765,120.44902207857942,2263.3722188274584,1.058143902808872,0.19995160672881202,142.3950065468912,169.14042963600068,3189.629346217849,0.19716595852983344,0.037257361778124258,85.6863351934467,101.75655769653955,1909.8473941947496,0.0,0.0,8.37852553256944,10.004352001460937,159.05639733210757,0.0,0.0,13.371179443553995,15.835004169229175,314.7243600305265,0.0,0.0,75.92106209658886,90.41551239568885,1552.928598332321,0.0,0.0,50.58793533602321,60.771427788680259,787.5030808311634,0.0,0.0,29.137550277846314,34.60726122363986,638.476743493113,41.34634928967678,28.358264259037605,211.19159364620146,251.88291447103257,5024.052379532758,0.0,0.0,63.710593764663098,76.99159779146882,780.0302200661206,0.0,16.013024265528583,39.58488466983921,22.000000000000019,30.00000000000002,0.0,16.1242038621729,39.3085101863728,12.00000000000001,30.00000000000002,0.0,16.106858879349696,39.348688763258859,22.000000000000019,30.00000000000002,0.0,16.128348900027065,39.30091111730336,12.00000000000001,30.00000000000002,0.0,14.408969683711254,43.94653225295,12.00000000000001,30.00000000000002,0.0,16.76978681069756,37.75650423690939,12.00000000000001,30.00000000000002,0.0,15.166738953590656,41.803787997541757,10.000000000000007,30.00000000000002,0.0,12.66290356039211,49.226761537309979,12.00000000000001,30.00000000000002,0.0,15.922965643534985,39.85635834078988,20.000000000000015,30.00000000000002,0.0,14.846464260738398,0.0,0.0,0.0,10.971031334477097,0.0,0.0,448.1479687852739,444.64020295267928,452.27629676773486,440.8962721759975,505.4296709515583,750.0632230469521,488.9436709116331,566.3505874041649,663.1475571091337,0.0,81.1856788356436,81.1856788356436,60.00000000000004,0.0,60.00000000000004,60.00000000000004,12.0,12.0,12.0,19.0,12.0,12.0,21.0,10.0,0.0,0.0,0.0,0.0,0.0,0.0,0.0,0.0,0.0,0.0,0.0,0.0,0.0,81.1856788356436,81.1856788356436,0.0,0.0,0.0,81.1856788356436,0.0,0.0,0.0021533333333333337 
 02/22  04:10:00,4.925000000000001,83.33333333333334,6.155,0.0,0.0,0.0,0.0,0.0,2.0,2.0,0.0,0.0,0.0,0.0,0.0,450.0,0.0,0.0,0.0,0.0,0.0,0.0,0.0,0.0,0.0,0.0,0.0,16.283723812595939,-151.39296507455237,16.37877769996886,-170.8411560976816,16.28455174206151,-205.3836921061438,16.251735364215376,-198.10517601473178,14.387283865661502,-2.8495722329588206,16.54815507080516,-37.19803147854468,15.218118805161499,-42.429601116772577,13.029352945470361,-173.7316835262356,15.811117944670875,-90.14480850260202,448.52992555455497,594.6309381958657,0.0,0.0,0.0,0.0,0.0,0.0,0.0,0.0,0.0,0.0,0.0,0.0,0.0,0.0,0.0,0.0,0.0,0.0,0.0,0.0,0.0,0.0,1.0912762231156586,0.333112400218455,146.044880199573,173.5235082975983,3250.481280684592,0.20068940300608607,0.030630250764054659,50.42305375583999,59.968899237308757,1122.5514315942942,1.0710072343941893,0.20238231942445007,221.07509053483836,262.6878483444393,4938.847207214364,0.21168227064362989,0.040000429070980687,120.50047026649418,143.2681255171982,2653.605494141877,0.0,0.0,8.39227785248099,10.02346474262613,159.87560692537438,0.0,0.0,13.310538131366304,15.768720485853667,313.8117005322171,0.0,0.0,77.27442372178463,92.05586381388284,1584.0398415137707,0.0,0.0,50.88807946684955,61.15537974044102,793.0290306134589,0.0,0.0,28.465386632864904,33.8199280023801,625.3599281292037,40.9430885264028,28.081679373390139,215.32230011350783,256.89629784336867,5105.394726930403,0.0,0.0,63.90916502437313,77.259886928305,784.0081708164389,0.0,15.963116349863359,39.76305846836949,22.0,30.0,0.0,16.040843538780086,39.577177402190617,12.0,30.0,0.0,16.02803390307048,39.58616975363777,22.0,30.0,0.0,15.929163596943728,39.84912629420546,12.0,30.0,0.0,14.374371729823143,44.03907926766717,12.0,30.0,0.0,16.720102747790777,37.87806751650439,12.0,30.0,0.0,15.12084296817935,41.95028876060754,10.0,30.0,0.0,12.603270979795298,49.40981086758342,12.0,30.0,0.0,15.88283836046621,39.95629349382072,20.0,30.0,0.0,14.770811719794958,0.0,0.0,0.0,10.915723397154017,0.0,0.0,445.61543934228487,438.4155709178897,454.8798467546761,443.1521634237689,506.2884392628759,751.2927180150352,492.03123058672068,567.3943387481494,664.7002221046489,0.0,81.18567883564355,81.18567883564355,60.0,0.0,60.0,60.0,12.0,12.0,12.0,19.0,12.0,12.0,21.0,10.0,0.0,0.0,0.0,0.0,0.0,0.0,0.0,0.0,0.0,0.0,0.0,0.0,0.0,81.18567883564355,81.18567883564355,0.0,0.0,0.0,81.18567883564355,0.0,0.0,0.00215 
 02/22  04:20:00,4.86,83.66666666666667,6.050000000000001,0.0,0.0,0.0,0.0,0.0,2.0,2.0,0.0,0.0,0.0,0.0,0.0,150.0,0.0,0.0,0.0,0.0,0.0,0.0,0.0,0.0,0.0,0.0,0.0,16.301159389662378,-25.94189658396226,16.2405453548099,-364.4921662496881,16.218107777365007,-146.26060351998673,16.311619095325413,-18.271352636857274,14.348757825680288,-2.5834452554590827,16.492629154076505,-35.166772335280089,15.153243193146715,-50.356770878774117,12.972438572029697,-166.98858002480643,15.76832656664138,-88.19705219141065,360.56491277349599,598.0515016902273,0.0,0.0,0.0,0.0,0.0,0.0,0.0,0.0,0.0,0.0,0.0,0.0,0.0,0.0,0.0,0.0,0.0,0.0,0.0,0.0,0.0,0.0,1.0917744230590745,0.3332644759032584,170.53617171837235,202.02324454264787,3852.4334477106606,0.1948215764358552,0.029734672838195244,126.9561832916606,150.52737343241282,2792.345556642381,1.060032530784715,0.20030849032213064,41.47191204230391,49.14770932423794,945.689928646106,0.20632826206367928,0.03898871165224475,5.933919901142837,7.02860037406527,138.28265307656145,0.0,0.0,8.089534537985254,9.641370093518342,154.55380242347062,0.0,0.0,13.448467864640318,15.89960879217287,317.36987114002849,0.0,0.0,74.2716213941456,88.30164189431844,1521.0854693504755,0.0,0.0,50.642332222831758,60.73516479576504,790.1211558197397,0.0,0.0,29.410042396144104,34.86959520475126,647.4716306649351,40.49532441630377,27.774570930249508,122.28809028654072,145.68699759150037,3137.6382482294004,0.0,0.0,63.51736625517093,76.62659773213355,781.2287852660833,0.0,16.07603166634763,39.488772746792,22.0,30.0,0.0,15.823753195913549,40.158302467354257,12.0,30.0,0.0,15.966035203284717,39.77735993735797,22.0,30.0,0.0,16.11465915679969,39.38732216028589,12.0,30.0,0.0,14.330269495368715,44.16532720267637,12.0,30.0,0.0,16.657622775033,38.03760150371998,12.0,30.0,0.0,15.03825264573468,42.20678662772712,10.0,30.0,0.0,12.54151848054727,49.619253020144927,12.0,30.0,0.0,15.833122157233957,40.0875520076063,20.0,30.0,0.0,14.446294482333782,0.0,0.0,0.0,10.862040126634108,0.0,0.0,447.0776409012978,443.1252894834004,461.00513700082748,445.1304714705372,507.34195043882769,750.9115699855528,487.49257285116047,567.8419585636209,664.1762895688506,0.0,81.18567883564355,81.18567883564355,60.0,0.0,60.0,60.0,12.0,12.0,12.0,19.0,12.0,12.0,21.0,10.0,0.0,0.0,0.0,0.0,0.0,0.0,0.0,0.0,0.0,0.0,0.0,0.0,0.0,81.18567883564355,81.18567883564355,0.0,0.0,0.0,81.18567883564355,0.0,0.0,0.00215 
 02/22  04:30:00,4.795,84.0,5.945,0.0,0.0,0.0,0.0,0.0,2.0,2.0,0.0,0.0,0.0,0.0,0.0,450.0,0.0,0.0,0.0,0.0,0.0,0.0,0.0,0.0,0.0,0.0,0.0,16.152324802981196,-145.31402082193635,16.233311017578648,-100.83553159204519,16.176943126051066,-137.55651321452337,16.224046268908347,-215.94923195483299,14.320156961002601,-3.0972161460927327,16.45068601962938,-38.13707694175616,15.114066212897175,-50.42239124032402,12.928071673190266,-171.90414226694225,15.73686969095244,-90.73674728626546,446.4941614795903,595.8352519189167,0.0,0.0,0.0,0.0,0.0,0.0,0.0,0.0,0.0,0.0,0.0,0.0,0.0,0.0,0.0,0.0,0.0,0.0,0.0,0.0,0.0,0.0,1.1147922165505977,0.34029066439273428,185.37646830708958,220.47744083210552,4114.100876019462,0.21411508710320049,0.03267934784847381,100.97040901200077,120.08157294375701,2250.8678260886974,1.0383825829044858,0.1962174192941205,143.18773608653496,170.16432907538417,3218.4746915800185,0.19478947086096452,0.03680829003419584,92.30465216470313,109.67748124670902,2066.3391712105069,0.0,0.0,8.246356887737712,9.855189552213917,158.21192232256363,0.0,0.0,13.326380861703133,15.797958549763731,315.2399875485679,0.0,0.0,74.47489116871367,88.78783408891107,1530.1619328835105,0.0,0.0,50.53599378436618,60.77395323361981,791.1793059433392,0.0,0.0,30.08734140322442,35.767918262880638,664.5791643637831,40.143903199435559,27.533541289050445,203.02093324250076,242.3755200862181,4850.1796595049349,0.0,0.0,63.28496144846589,76.56153714020768,779.1333204955748,0.0,15.824226020321062,40.15101115834562,21.999999999999994,29.99999999999999,0.0,15.907322932551338,39.93880907838279,11.999999999999995,29.99999999999999,0.0,15.946685453594274,39.83337703499607,21.999999999999994,29.99999999999999,0.0,15.97004388038565,39.782243129931369,11.999999999999995,29.99999999999999,0.0,14.306052045175509,44.244605860846878,11.999999999999995,29.99999999999999,0.0,16.621791240361664,38.13492255779632,11.999999999999995,29.99999999999999,0.0,15.00632092010581,42.29879927929047,9.999999999999997,29.99999999999999,0.0,12.503516081354537,49.755251832115117,11.999999999999995,29.99999999999999,0.0,15.8057828655063,40.16921886455889,19.999999999999994,29.99999999999999,0.0,14.68636127608747,0.0,0.0,0.0,10.80286414739291,0.0,0.0,448.91931199616126,445.74740708029767,452.00884804202556,440.6031671543567,506.98879476490199,751.9725490852577,490.64360603248135,569.8568061266917,661.4576480326656,0.0,81.1856788356435,81.1856788356435,59.99999999999998,0.0,59.99999999999998,59.99999999999998,12.0,12.0,12.0,19.0,12.0,12.0,21.0,10.0,0.0,0.0,0.0,0.0,0.0,0.0,0.0,0.0,0.0,0.0,0.0,0.0,0.0,81.1856788356435,81.1856788356435,0.0,0.0,0.0,81.1856788356435,0.0,0.0,0.00215 
 02/22  04:40:00,4.73,84.33333333333334,5.84,0.0,0.0,0.0,0.0,0.0,2.0,2.0,0.0,0.0,0.0,0.0,0.0,600.0,0.0,0.0,0.0,0.0,0.0,0.0,0.0,0.0,0.0,0.0,0.0,16.141895112465595,-94.7789262125849,16.214086681265017,-126.95941801246073,16.125553267022118,-137.43738825444059,16.163944628071,-121.79179928470845,14.286881850323143,-3.2955110334276807,16.402582214030529,-37.65101465722539,15.06422581295939,-46.795801379409358,12.87577402869021,-173.33066834600647,15.69986380960226,-92.36413731189873,318.49117557707816,597.2273514928565,0.0,0.0,0.0,0.0,0.0,0.0,0.0,0.0,0.0,0.0,0.0,0.0,0.0,0.0,0.0,0.0,0.0,0.0,0.0,0.0,0.0,0.0,1.1079607430993282,0.3382053550364251,114.81672961628867,136.59424317481985,2589.3591608259305,0.2073611820953175,0.03164853206582991,50.774260465287998,60.402343542973337,1140.995794071156,1.0543514600057993,0.19923496976678005,77.92664115610961,92.66538568632967,1767.4240453423618,0.2034553882630475,0.038445840563690009,39.3095604060361,46.70380516337248,884.0717322932389,0.0,0.0,8.201641685112218,9.807025007917848,157.91057531712358,0.0,0.0,13.397134111912007,15.89232240476937,317.4697805095341,0.0,0.0,74.90490096050124,89.354009366689,1541.3883330260633,0.0,0.0,50.6174188105321,60.911693451076889,793.8801826001558,0.0,0.0,30.051655448073288,35.748358702231687,665.5884228745055,39.72899119962902,27.248965157495918,99.387096807533,118.8712648993469,2666.553976064748,0.0,0.0,63.25092621858024,76.57192763285852,779.7834934211085,0.0,15.873352601060987,40.03074040855378,22.000000000000008,30.00000000000001,0.0,15.921086337448826,39.914047496988917,12.000000000000004,30.00000000000001,0.0,15.904823077995904,39.952745831782859,22.000000000000008,30.00000000000001,0.0,15.92309464036412,39.9092825437832,12.000000000000004,30.00000000000001,0.0,14.272634753236819,44.35134480003319,12.000000000000004,30.00000000000001,0.0,16.57405401287661,38.26218982832866,12.000000000000004,30.00000000000001,0.0,14.954771101069108,42.45080208758036,10.000000000000004,30.00000000000001,0.0,12.450059413515163,49.94684756346567,12.000000000000004,30.00000000000001,0.0,15.767708183011257,40.2797086365446,20.000000000000008,30.00000000000001,0.0,14.24522376214004,0.0,0.0,0.0,10.744169689202725,0.0,0.0,451.63537061754809,444.41759668417878,452.2844404977954,440.5836514929685,507.55315704724156,752.5059661796493,493.80738803868669,571.2112142755365,660.4030198941256,0.0,81.18567883564357,81.18567883564357,60.00000000000002,0.0,60.00000000000002,60.00000000000002,12.0,12.0,12.0,19.0,12.0,12.0,21.0,10.0,0.0,0.0,0.0,0.0,0.0,0.0,0.0,0.0,0.0,0.0,0.0,0.0,0.0,81.18567883564357,81.18567883564357,0.0,0.0,0.0,81.18567883564357,0.0,0.0,0.00215 
 02/22  04:50:00,4.664999999999999,84.66666666666667,5.734999999999999,0.0,0.0,0.0,0.0,0.0,2.0,2.0,0.0,0.0,0.0,0.0,0.0,150.0,0.0,0.0,0.0,0.0,0.0,0.0,0.0,0.0,0.0,0.0,0.0,16.143435402955327,-29.02267758925882,16.10893833644556,-274.0469629679005,16.034825454950079,-197.6727311123184,16.17577471478036,-13.880957562786051,14.247371628162075,-2.958435607641718,16.34612223592392,-36.13514599494073,15.016080982061692,-43.50014725202982,12.816488388716705,-168.78204286218557,15.65547425796956,-91.53062627593113,303.5068743076695,601.2690344468299,0.0,0.0,0.0,0.0,0.0,0.0,0.0,0.0,0.0,0.0,0.0,0.0,0.0,0.0,0.0,0.0,0.0,0.0,0.0,0.0,0.0,0.0,1.103116093433321,0.3367265242470455,135.66236775616913,160.86712287809125,3089.2995156966637,0.20534653320867847,0.031341045972020527,81.02629910998945,96.13902122619587,1807.222895500793,1.0611394476245005,0.20051765828127378,51.79361315111298,61.44999043058136,1177.8183927260905,0.20959151298234666,0.03960535014783571,4.927003177954887,5.841167668739322,116.62598296420633,0.0,0.0,8.146345292070495,9.717507023951221,157.27759441439853,0.0,0.0,13.370328093677994,15.823334554292835,317.0985829389999,0.0,0.0,74.93579903142455,89.1780805943243,1545.3776598534578,0.0,0.0,50.67795481534749,60.84253001169399,795.2371705279563,0.0,0.0,29.90916809197909,35.493837209651918,663.6831752143722,39.36016599883627,26.99599862745973,88.14274318364862,105.17411814725125,2432.9565528195178,0.0,0.0,63.21867757626187,76.35243340329912,780.7740735624651,0.0,15.940915045346447,39.866715730932259,22.0,30.0,0.0,15.764081334579594,40.3195554392774,12.0,30.0,0.0,15.782916682446965,40.26806822406221,22.0,30.0,0.0,16.00152668983707,39.7128921272307,12.0,30.0,0.0,14.226849091629945,44.495843713265887,12.0,30.0,0.0,16.50940548569955,38.43203471133942,12.0,30.0,0.0,14.9042916496106,42.59926714583384,10.0,30.0,0.0,12.382689532352089,50.1841569768553,12.0,30.0,0.0,15.71516196424741,40.42848237433136,20.0,30.0,0.0,14.140286765305,0.0,0.0,0.0,10.685166614297826,0.0,0.0,451.34287406377,442.07764494704596,456.90120672275517,441.6048495353596,508.97047141324779,753.8821594245499,495.8442320993359,572.3914418267614,662.6183375589815,0.0,81.18567883564355,81.18567883564355,60.0,0.0,60.0,60.0,12.0,12.0,12.0,19.0,12.0,12.0,21.0,10.0,0.0,0.0,0.0,0.0,0.0,0.0,0.0,0.0,0.0,0.0,0.0,0.0,0.0,81.18567883564355,81.18567883564355,0.0,0.0,0.0,81.18567883564355,0.0,0.0,0.0021699999999999998 
 02/22  05:00:00,4.6,85.0,5.63,0.0,0.0,0.0,0.0,0.0,2.0,2.0,0.0,0.0,0.0,0.0,0.0,450.0,0.0,0.0,0.0,0.0,0.0,0.0,0.0,0.0,0.0,0.0,0.0,15.97673650220454,-152.9694356896634,16.081684597301309,-144.30018309751507,15.999622184065965,-122.35239324894255,16.061462606311744,-238.49171991929723,14.218464990676868,-3.634313228587912,16.305119216463525,-37.14474053525734,14.972796818742268,-55.90354366760074,12.771399308746819,-174.3103549300828,15.623692808746823,-93.55184581181728,468.8206206684187,602.077177314937,0.0,0.0,0.0,0.0,0.0,0.0,0.0,0.0,0.0,0.0,0.0,0.0,0.0,0.0,0.0,0.0,0.0,0.0,0.0,0.0,0.0,0.0,1.1195649343912615,0.34174753797047088,198.07263906956616,235.79594005161196,4412.332396148801,0.2083495301495991,0.03179937883846143,110.43092344146902,131.38345035556595,2480.51400059221,1.0551725013276193,0.1993901174088474,158.46305800540015,188.5687688177228,3575.2112038303864,0.1973453448225448,0.037291259414691028,100.07763353830828,119.07085329634904,2248.700776637232,0.0,0.0,8.004564216184523,9.574541625462702,155.17800831433943,0.0,0.0,13.339731791169575,15.829810945080347,317.16945306145785,0.0,0.0,73.1745429486333,87.3260014036236,1512.3599800003565,0.0,0.0,50.70830306198273,61.046606723227579,798.2571830872123,0.0,0.0,30.694428256682529,36.523041832525958,683.3472803544883,39.00191449091738,26.750284287323337,233.68326675190239,279.16422496366666,5520.177067151991,0.0,0.0,63.10756055056649,76.43350459794573,780.1462738698239,0.0,15.65554964104951,40.60228951998839,22.000000000000019,30.00000000000002,0.0,15.789079262004945,40.255896550005129,12.00000000000001,30.00000000000002,0.0,15.781810595599398,40.2754107929967,22.000000000000019,30.00000000000002,0.0,15.802697534665388,40.21793572330332,12.00000000000001,30.00000000000002,0.0,14.202292266351169,44.57631134398229,12.00000000000001,30.00000000000002,0.0,16.475287809161835,38.5237704658504,12.00000000000001,30.00000000000002,0.0,14.86138562910441,42.72484657881926,10.000000000000007,30.00000000000002,0.0,12.342819173088334,50.329611178199559,12.00000000000001,30.00000000000002,0.0,15.687775796733629,40.50844112321677,20.000000000000015,30.00000000000002,0.0,14.636474213998705,0.0,0.0,0.0,10.625849058873536,0.0,0.0,449.9906093979282,447.086796209496,451.3563642046719,443.82006090964867,509.7212726402156,755.1218764024602,495.3172901437713,573.4499180233862,661.7704748874655,0.0,81.1856788356436,81.1856788356436,60.00000000000004,0.0,60.00000000000004,60.00000000000004,12.0,12.0,12.0,19.0,12.0,12.0,21.0,10.0,0.0,0.0,0.0,0.0,0.0,0.0,0.0,0.0,0.0,0.0,0.0,0.0,0.0,81.1856788356436,81.1856788356436,0.0,0.0,0.0,81.1856788356436,0.0,0.0,0.00219 
 02/22  05:10:00,4.56,85.16666666666667,5.588333333333333,0.0,0.0,0.0,0.0,0.0,2.0,2.0,0.0,0.0,0.0,0.0,0.0,600.0,0.0,0.0,0.0,0.0,0.0,0.0,0.0,0.0,0.0,0.0,0.0,15.969872138889805,-91.37438781304195,16.035795749455269,-129.11456644998283,15.952034283458194,-127.54217096789484,16.006160125027468,-123.077514919056,14.18488224078997,-3.78922331348614,16.257659690561238,-37.73714633347787,14.918403600067182,-50.582976766887217,12.718501716691368,-175.6870383674812,15.58604346103997,-95.632180835268,327.6233357385728,603.1880863973814,0.0,0.0,0.0,0.0,0.0,0.0,0.0,0.0,0.0,0.0,0.0,0.0,0.0,0.0,0.0,0.0,0.0,0.0,0.0,0.0,0.0,0.0,1.1107000568230228,0.33904153138675915,120.3132564876296,143.30200577233968,2717.8679007126349,0.20733417270362942,0.03164440975330119,58.964091257091,70.24164296626759,1326.5239156425919,1.0576961122168345,0.1998669902148214,77.50420737753801,92.25280590729052,1761.7237923222236,0.20374487885762145,0.038500544001818109,41.23056578747838,49.03678702683811,929.3177444103505,0.0,0.0,8.04832288019362,9.632001547506239,156.16214336415428,0.0,0.0,13.42275949719496,15.938781998085812,319.0504999816787,0.0,0.0,73.90557099213993,88.2533160777477,1524.9061637729129,0.0,0.0,50.72687218867083,61.1089680094257,797.2565979914356,0.0,0.0,30.802866484864706,36.67543034591755,686.0138714428299,38.79357011473381,26.607386909968328,107.50848570076177,128.7042634286572,2832.0416533007758,0.0,0.0,63.052618427357078,76.41909402367939,776.8568430281447,0.0,15.713329957716745,40.44864888995767,22.0,30.0,0.0,15.75643748063955,40.335275961300627,12.0,30.0,0.0,15.746085863060852,40.3628756917756,22.0,30.0,0.0,15.769891695957272,40.29685294707137,12.0,30.0,0.0,14.168563052115264,44.68327661257398,12.0,30.0,0.0,16.428361102672306,38.64645331468632,12.0,30.0,0.0,14.80162445911819,42.89375217844791,10.0,30.0,0.0,12.287874607944844,50.523699334473587,12.0,30.0,0.0,15.64891877586383,40.61786756259347,20.0,30.0,0.0,14.158705317545513,0.0,0.0,0.0,10.563514859713895,0.0,0.0,452.75032718009268,446.04993024607156,454.5752233225671,443.4807468501765,510.6672833511401,755.4189420330351,496.5518629361752,575.705469122679,661.2818244073301,0.0,81.18567883564355,81.18567883564355,60.0,0.0,60.0,60.0,12.0,12.0,12.0,19.0,12.0,12.0,21.0,10.0,0.0,0.0,0.0,0.0,0.0,0.0,0.0,0.0,0.0,0.0,0.0,0.0,0.0,81.18567883564355,81.18567883564355,0.0,0.0,0.0,81.18567883564355,0.0,0.0,0.00221 
 02/22  05:20:00,4.5200000000000009,85.33333333333334,5.546666666666667,0.0,0.0,0.0,0.0,0.0,2.0,2.0,0.0,0.0,0.0,0.0,0.0,150.0,0.0,0.0,0.0,0.0,0.0,0.0,0.0,0.0,0.0,0.0,0.0,15.967983077789928,-27.067381717766695,15.933697004284634,-262.0534144150761,15.859320812150756,-194.23132806460377,16.01362280703063,-14.64954650493084,14.145082040788332,-3.4359002886841667,16.201282167275726,-36.489907248476189,14.86870875146607,-46.55464188433825,12.658624866142102,-171.138550511404,15.54075448390415,-94.87490898792965,300.5497646212543,607.7181133378269,0.0,0.0,0.0,0.0,0.0,0.0,0.0,0.0,0.0,0.0,0.0,0.0,0.0,0.0,0.0,0.0,0.0,0.0,0.0,0.0,0.0,0.0,1.1022580084067613,0.3364645935307574,135.34658021079347,160.6669435708659,3079.4226782440625,0.205361194246534,0.03134328361516087,80.01286663517357,95.03715207768622,1784.419613561299,1.0599083760574022,0.2002850294893051,52.333380435223698,62.15740381196089,1189.023071712206,0.20899883044953217,0.039493354204371149,5.071168449091482,6.01849194585455,119.84392904176646,0.0,0.0,8.023799393338859,9.579610299503388,155.70347229562308,0.0,0.0,13.427265952174317,15.906709783885557,318.7493043029719,0.0,0.0,74.10303481472802,88.27934721804189,1528.1649601034006,0.0,0.0,50.789426501681237,61.041911933099708,795.9259990684199,0.0,0.0,30.70270256612064,36.46898983120941,683.4582055634475,38.63492095717884,26.49857404470429,88.74435820875509,105.99491013300852,2436.25492244435,0.0,0.0,63.06847113901753,76.25850189204712,774.896127389709,0.0,15.77377681021331,40.291972562076427,22.0,30.0,0.0,15.605840592968243,40.704321160541919,12.0,30.0,0.0,15.618584050053612,40.675422328577308,22.0,30.0,0.0,15.840573963405003,40.11007527130013,12.0,30.0,0.0,14.122495025744949,44.824902636164399,12.0,30.0,0.0,16.363654172128319,38.810942167486107,12.0,30.0,0.0,14.748324136622001,43.04064978477338,10.0,30.0,0.0,12.219080378216177,50.76239447901266,12.0,30.0,0.0,15.595176064511426,40.764068909903439,20.0,30.0,0.0,14.008207973753706,0.0,0.0,0.0,10.501981933399233,0.0,0.0,453.39963408353779,443.9808849079927,459.06292740069787,443.49470170416137,512.0516165313916,756.2659894035825,499.27252199003729,577.0756110435077,663.2512384722066,0.0,81.18567883564355,81.18567883564355,60.0,0.0,60.0,60.0,12.0,12.0,12.0,19.0,12.0,12.0,21.0,10.0,0.0,0.0,0.0,0.0,0.0,0.0,0.0,0.0,0.0,0.0,0.0,0.0,0.0,81.18567883564355,81.18567883564355,0.0,0.0,0.0,81.18567883564355,0.0,0.0,0.00219 
 02/22  05:30:00,4.48,85.5,5.505,0.0,0.0,0.0,0.0,0.0,2.0,2.0,0.0,0.0,0.0,0.0,0.0,450.0,0.0,0.0,0.0,0.0,0.0,0.0,0.0,0.0,0.0,0.0,0.0,15.805118701967443,-147.97318575389509,15.904671515986923,-141.2327375490426,15.825184582472238,-116.96058165542577,15.899135072143239,-237.98726642610056,14.115977133086883,-4.076112056599251,16.16030298936927,-37.60376366323165,14.825353763167297,-58.46338804780746,12.613246075349885,-177.01124328655619,15.508325576318177,-97.06976913276871,460.6075167558372,609.1535568579749,0.0,0.0,0.0,0.0,0.0,0.0,0.0,0.0,0.0,0.0,0.0,0.0,0.0,0.0,0.0,0.0,0.0,0.0,0.0,0.0,0.0,0.0,1.1144662709976965,0.3401911694132162,194.8091150890819,232.15406802539918,4329.137108529495,0.20743971462447922,0.03166051810507924,108.16680218735444,128.8264798520856,2422.8753164708225,1.0512121293241377,0.19864174779367683,156.795982303916,186.78593416956066,3528.0788246488675,0.19638181700617544,0.037109186887032376,99.40879009923123,118.40234714611927,2227.7722159317656,0.0,0.0,7.902773141930414,9.460939171855952,153.5846922149379,0.0,0.0,13.423533677529928,15.945264560316076,318.7889478321519,0.0,0.0,72.54410807859688,86.66386904638124,1495.6479404035507,0.0,0.0,50.845208221417468,61.277240479666989,796.691616043212,0.0,0.0,31.460760742979084,37.469336492897557,701.0109246069649,38.485649240165667,26.39619289448948,230.07889005969674,275.14707549430798,5423.2854288864659,0.0,0.0,63.02919028840401,76.42644295145127,771.7503883381962,0.0,15.495920558750372,40.99933484077381,21.999999999999994,29.99999999999999,0.0,15.625622418869707,40.65624449090407,11.999999999999995,29.99999999999999,0.0,15.61854365781117,40.67899406768525,21.999999999999994,29.99999999999999,0.0,15.64189405489238,40.6078454779487,11.999999999999995,29.99999999999999,0.0,14.097845631874975,44.9023887030772,11.999999999999995,29.99999999999999,0.0,16.329469488127605,38.89912605219684,11.999999999999995,29.99999999999999,0.0,14.705511963426389,43.15874320477389,9.999999999999997,29.99999999999999,0.0,12.178421157842717,50.90535500641403,11.999999999999995,29.99999999999999,0.0,15.567142254055167,40.84140767613011,19.999999999999994,29.99999999999999,0.0,14.482140551618329,0.0,0.0,0.0,10.441179827154104,0.0,0.0,451.896560179095,448.9313047364228,453.3556488215679,445.3019149828451,512.8264027584082,757.2162231075402,498.7745466315282,578.1628009454048,662.4447103548857,0.0,81.1856788356435,81.1856788356435,59.99999999999998,0.0,59.99999999999998,59.99999999999998,12.0,12.0,12.0,19.0,12.0,12.0,21.0,10.0,0.0,0.0,0.0,0.0,0.0,0.0,0.0,0.0,0.0,0.0,0.0,0.0,0.0,81.1856788356435,81.1856788356435,0.0,0.0,0.0,81.1856788356435,0.0,0.0,0.00217 
 02/22  05:40:00,4.44,85.66666666666666,5.463333333333333,0.0,0.0,0.0,0.0,0.0,2.0,2.0,0.0,0.0,0.0,0.0,0.0,600.0,0.0,0.0,0.0,0.0,0.0,0.0,0.0,0.0,0.0,0.0,0.0,15.795998099477212,-88.6714701293223,15.857369782723695,-124.99599615353975,15.77723683424225,-125.25193207915271,15.84247307012805,-124.29316794598677,14.08217839145545,-4.2250468671542429,16.112885520910749,-38.2009369694224,14.770916559482455,-53.590385778307588,12.559903084591419,-178.47486304615684,15.469879747371986,-99.16372157227471,322.5116267570287,610.4974029117849,0.0,0.0,0.0,0.0,0.0,0.0,0.0,0.0,0.0,0.0,0.0,0.0,0.0,0.0,0.0,0.0,0.0,0.0,0.0,0.0,0.0,0.0,1.1056475557685058,0.3374992538975904,118.54855537285892,141.35211312253063,2670.2666354467498,0.20657590921888464,0.031528679673211958,58.38303371555963,69.62467362136269,1309.519038712443,1.0529026471714787,0.1989611956106348,77.12395808858,91.897454164079,1747.8889600019653,0.20262305769897438,0.03828855965589085,41.84430793139394,49.82039411194765,940.3809731719714,0.0,0.0,7.943166017500184,9.514371541050903,154.5020661390347,0.0,0.0,13.501142982914532,16.04796389278084,320.5365859525795,0.0,0.0,73.23499049772963,87.54394070139878,1507.3441449173525,0.0,0.0,50.868261826012659,61.345458111919828,795.656989433729,0.0,0.0,31.56232746852355,37.6142988364764,703.4789583459819,38.27855195371502,26.254150859886864,106.72860415362919,127.89956376287869,2801.7660109740329,0.0,0.0,62.977338869746429,76.41619273889623,768.3137159945086,0.0,15.548320040186724,40.85103014355313,22.000000000000008,30.00000000000001,0.0,15.589749657882301,40.73437832437267,12.000000000000004,30.00000000000001,0.0,15.580884250425031,40.76307611320375,22.000000000000008,30.00000000000001,0.0,15.606538622487136,40.68441272400601,12.000000000000004,30.00000000000001,0.0,14.06399471711321,45.00381165420274,12.000000000000004,30.00000000000001,0.0,16.282488319202107,39.015925710274647,12.000000000000004,30.00000000000001,0.0,14.645675236206185,43.319863977838597,10.000000000000004,30.00000000000001,0.0,12.122516630291642,51.095852024326408,12.000000000000004,30.00000000000001,0.0,15.527406248087125,40.94623760573124,20.000000000000008,30.00000000000001,0.0,14.012769392273217,0.0,0.0,0.0,10.377346504496908,0.0,0.0,454.70141914531447,447.7555785133852,456.40190765400049,444.90718719169709,513.7851552645793,757.2753791038634,500.03833583782,580.300216303004,662.0315826572876,0.0,81.18567883564357,81.18567883564357,60.00000000000002,0.0,60.00000000000002,60.00000000000002,12.0,12.0,12.0,19.0,12.0,12.0,21.0,10.0,0.0,0.0,0.0,0.0,0.0,0.0,0.0,0.0,0.0,0.0,0.0,0.0,0.0,81.18567883564357,81.18567883564357,0.0,0.0,0.0,81.18567883564357,0.0,0.0,0.00215 
 02/22  05:50:00,4.4,85.83333333333334,5.421666666666667,0.0,0.0,0.0,0.0,0.0,2.0,2.0,0.0,0.0,0.0,0.0,0.0,150.0,0.0,0.0,0.0,0.0,0.0,0.0,0.0,0.0,0.0,0.0,0.0,15.79199831065257,-25.748993401125519,15.756983262651375,-252.44050465704277,15.684579366793355,-189.9048803039716,15.848521584278537,-15.44165805384148,14.042070971049013,-3.870893597655453,16.056562906361174,-36.9773378610725,14.720428109769177,-49.65508440930671,12.499613376905664,-173.8731985773918,15.423676861811068,-98.35117994458426,293.6575523649876,615.1622010863391,0.0,0.0,0.0,0.0,0.0,0.0,0.0,0.0,0.0,0.0,0.0,0.0,0.0,0.0,0.0,0.0,0.0,0.0,0.0,0.0,0.0,0.0,1.0971774936677775,0.33491376485585397,133.20569796878469,158.29908328202942,3020.846414581608,0.20459726324354417,0.031226688529234459,78.382546243674,93.20125059218009,1743.0946666098253,1.0550413995822333,0.1993653438364009,51.7786803996478,61.56534839977403,1172.9615398490089,0.20779682766178829,0.039266218379022718,5.218613231738753,6.200199634760566,122.797144983208,0.0,0.0,7.916427264499433,9.459615236983119,153.99463124789797,0.0,0.0,13.507379263205673,16.017739932748265,320.27260878580628,0.0,0.0,73.4085509936938,87.54408138243933,1509.9029099384464,0.0,0.0,50.92963248546306,61.276816598582417,794.2050681490073,0.0,0.0,31.471207746300825,37.41651241846322,701.0479778945207,38.11932799382805,26.144943754340237,87.38781705530424,104.48302890312657,2395.1129136637889,0.0,0.0,62.99059949676329,76.2531207074381,766.1126271956821,0.0,15.603922588782885,40.69923481448213,22.0,30.0,0.0,15.442093516046425,41.08108243808142,12.0,30.0,0.0,15.452754918017942,41.0654514410809,22.0,30.0,0.0,15.674832389094748,40.494319274089679,12.0,30.0,0.0,14.017642138065483,45.136798422199458,12.0,30.0,0.0,16.217773635189233,39.17177759688638,12.0,30.0,0.0,14.590969851312531,43.463198205876569,10.0,30.0,0.0,12.052876270488122,51.32962620128608,12.0,30.0,0.0,15.472570430307476,41.08615695487501,20.0,30.0,0.0,13.857467141856717,0.0,0.0,0.0,10.314227286489045,0.0,0.0,455.2540754825319,445.4363023328675,460.9945996187057,444.86460003162849,515.1746378991967,757.868664139891,502.7227089136946,581.6064752502953,663.9223755661438,0.0,81.18567883564355,81.18567883564355,60.0,0.0,60.0,60.0,12.0,12.0,12.0,19.0,12.0,12.0,21.0,10.0,0.0,0.0,0.0,0.0,0.0,0.0,0.0,0.0,0.0,0.0,0.0,0.0,0.0,81.18567883564355,81.18567883564355,0.0,0.0,0.0,81.18567883564355,0.0,0.0,0.0021699999999999998 
 02/22  06:00:00,4.36,86.0,5.38,0.0,0.0,0.0,0.0,0.0,2.0,2.0,0.0,0.0,0.0,0.0,0.0,450.0,0.0,0.0,0.0,0.0,0.0,0.0,0.0,0.0,0.0,0.0,0.0,15.6321109901434,-144.2618746321544,15.727035501975549,-137.9751505487297,15.650740478252932,-113.725321323483,15.73453845336259,-237.04508209734008,14.012702702934629,-4.4909499249735,16.015638551092715,-38.10913098324356,14.676830292679714,-61.375723674894647,12.45399143119544,-179.96641016716928,15.390580840728792,-100.65494685712949,452.10808408091159,616.6497308171607,0.0,0.0,0.0,0.0,0.0,0.0,0.0,0.0,0.0,0.0,0.0,0.0,0.0,0.0,0.0,0.0,0.0,0.0,0.0,0.0,0.0,0.0,1.1090624575322097,0.338541653703361,192.22988753341236,229.32498546047987,4259.630624579978,0.20654385157708533,0.03152378687073955,106.51365558815175,126.99530752117036,2378.3868113008159,1.0464137283367903,0.1977350204718049,155.35058854942964,185.2642801384921,3485.00318998142,0.19537128673726612,0.036918232565620979,98.88417936374882,117.90482857672865,2209.48577070371,0.0,0.0,7.793489848736629,9.338200946652947,151.82728535348844,0.0,0.0,13.50678870174523,16.060326900318168,320.38851225915729,0.0,0.0,71.87572636750963,85.95568733129385,1477.9746956375366,0.0,0.0,50.98293862729327,61.50996874448708,794.8781145084109,0.0,0.0,32.20803966313281,38.395052502044958,718.1199496382064,37.97003011812026,26.042544662633956,227.28425917159584,272.0901986126909,5342.911657600904,0.0,0.0,62.94696125602218,76.4160427036399,762.7343101292826,0.0,15.3317761077408,41.38660533082674,22.000000000000019,30.00000000000002,0.0,15.458516083562273,41.04523215365852,12.00000000000001,30.00000000000002,0.0,15.452319864506109,41.06870407311328,22.000000000000019,30.00000000000002,0.0,15.477467271742203,40.98609486896278,12.00000000000001,30.00000000000002,0.0,13.992817824909637,45.21004557936142,12.00000000000001,30.00000000000002,0.0,16.18361028033352,39.25562007040261,12.00000000000001,30.00000000000002,0.0,14.547937496413479,43.575229968985748,10.000000000000007,30.00000000000002,0.0,12.011725975122755,51.46710848526062,12.00000000000001,30.00000000000002,0.0,15.443948920615203,41.15993049797749,20.000000000000015,30.00000000000002,0.0,14.32752483847879,0.0,0.0,0.0,10.251958218060154,0.0,0.0,453.56848106513606,450.510614901429,455.03051537004287,446.6355664124372,515.9342654386505,758.691938306524,502.12691327161726,582.6738752194046,663.1412687856314,0.0,81.1856788356436,81.1856788356436,60.00000000000004,0.0,60.00000000000004,60.00000000000004,12.0,12.0,12.0,19.0,12.0,12.0,21.0,10.0,0.0,0.0,0.0,0.0,0.0,0.0,0.0,0.0,0.0,0.0,0.0,0.0,0.0,81.1856788356436,81.1856788356436,0.0,0.0,0.0,81.1856788356436,0.0,0.0,0.00219 
 02/22  06:10:00,4.351666666666667,86.0,5.338333333333333,0.0,0.0,0.0,0.0,0.0,2.0,2.0,0.0,0.0,0.0,0.0,0.0,1510.0,0.0,0.0,0.0,0.0,0.0,0.0,0.0,0.0,0.0,0.0,0.0,16.972984521432964,-789.4719503046388,16.471238594671094,244.59654663452324,17.181311130725939,-2449.050553981657,16.027738986645905,987.5681145489303,13.98125894324625,-0.5813036389052114,17.03636528358716,-107.8974021411594,14.780120762121357,209.59838334708514,13.523717985362069,-275.7181178035353,16.98699996820289,-273.50828761457469,820.5117546498179,755.907680824443,0.0,0.0,0.0,0.0,0.0,0.0,0.0,0.0,0.0,0.0,0.0,0.0,0.0,0.0,0.0,0.0,0.0,0.0,0.0,0.0,0.0,0.0,1.1205008934410752,0.3420332397561279,299.2516038427331,354.24814451316106,7943.579977563865,0.26846522611151998,0.04097454610981685,238.11081356418686,282.5902328086721,5948.264014934306,1.0099953375208944,0.19085323838263319,480.1568067596367,567.7836749349328,13018.01541050614,0.3198318529551275,0.060436858079200187,359.30646684701255,427.3282722609085,8580.542233785492,0.0,0.0,11.465819984524128,13.748098222092,222.90422504429933,0.0,0.0,18.44755988513501,21.837736044505726,490.77458590529218,0.0,0.0,79.47517837432311,95.04024650500543,1676.3296024647119,0.0,0.0,41.62811710270045,50.01427564627707,777.6345679655228,0.0,0.0,47.06431669439622,55.685174176686597,1263.272257265794,39.10677464105558,26.82220482925624,585.2426322268256,697.5245618526496,14104.241472293896,0.0,0.0,56.57327025921989,68.73065440524371,696.7080214800881,2090.0722657522348,17.41459825099589,36.275924092795758,21.999999999999998,30.0,1200.175559657503,16.685863074029095,37.95665391565175,16.7,30.0,4697.107208576149,17.71114114083583,35.60209303226171,21.999999999999998,30.0,0.0,16.14079292298122,39.294507278799198,16.999999999999998,30.0,0.0,13.964042982501791,45.28371441018204,12.0,30.0,1893.3305260599316,17.579816843630199,35.95735119451326,20.0,30.0,0.0,14.803730623139727,42.83472324429918,10.0,30.0,1476.9342253837179,13.68665921669789,46.18611987774496,16.999999999999998,30.0,3142.8032607064358,17.610271615475665,35.938382287208138,20.0,30.0,0.0,15.42158682486003,0.0,0.0,0.0,10.345221768410724,0.0,0.0,453.4916285439287,452.8098668780827,451.25732651935666,450.39645479939557,515.4205146602539,745.9109812556683,490.1204706938005,589.5793817392494,650.77731336489,14648.716566293353,78.31596378083596,87.83827946771813,60.0,0.0,60.0,60.0,16.0,16.0,19.0,19.0,16.0,12.0,21.0,10.0,1.0,0.0,2090.0722657522348,1200.175559657503,4697.107208576149,0.0,1893.3305260599316,0.0,1476.9342253837179,3142.8032607064358,14404.087344888803,8642452.406933282,11219830.20745625,78.31596378083596,87.99999999999999,0.48013624482962677,0.7701542539387514,0.3602813740196596,87.99999999999999,0.3542647819438876,11219830.20745625,0.5856411707877249 
 02/22  06:20:00,4.343333333333334,86.0,5.296666666666667,0.0,0.0,0.0,0.0,0.0,2.0,2.0,0.0,0.0,0.0,0.0,0.0,906.0,0.0,0.0,0.0,0.0,0.0,0.0,0.0,0.0,0.0,0.0,0.0,17.86867386342485,-1322.6976078914414,16.894286752089785,814.3319459882088,18.209877170167759,-3465.601779414629,16.94077817299793,1034.5542900995734,13.956755494400808,10.921543187413013,18.150045603626944,-210.399473148819,15.080623005002185,113.68273977293038,14.925781869548623,-188.9259707840048,18.09436516232266,-444.01698900631376,1129.0344168615848,1096.7017107796942,0.0,0.0,0.0,0.0,0.0,0.0,0.0,0.0,0.0,0.0,0.0,0.0,0.0,0.0,0.0,0.0,0.0,0.0,0.0,0.0,0.0,0.0,1.230586779301889,0.3756369900188917,427.00843460680115,503.3969200626335,12382.56058827927,0.3524823513513057,0.05379767267266571,369.2589663861733,437.39690893195208,9709.181432232688,1.022403954078241,0.19319802609188237,580.1977195709037,683.1176429370055,17251.44190192003,0.3402531531487645,0.06429575834254806,402.9957631530431,477.1772171412075,10727.973434095962,0.0,0.0,14.502093301864184,17.392317132837218,281.8453902420658,0.0,0.0,23.262945096799876,27.363840509423654,702.2792306860199,0.0,0.0,97.90772559721816,116.85976631591815,2159.194727463403,0.0,0.0,24.79111126487655,29.54825361341998,576.7780888926396,0.0,0.0,64.05592343882224,75.32712099994108,1945.093323975458,40.19325982947149,27.56739357302572,757.5457213504883,900.2870921109353,19536.289679107176,0.0,0.0,63.443239937554078,76.90139022952404,856.8713565085391,1989.0649994756623,18.894513925880934,33.002515179594009,22.0,30.0,0.0,17.494759714362357,36.038239133684808,16.0,30.0,4492.419526804102,19.315817777841077,32.1450822612332,22.0,30.0,0.0,17.695318072490247,35.58840541445596,16.0,30.0,0.0,13.949605547120483,45.30093862463038,12.0,30.0,1676.6217009079508,19.547564454404719,31.74990358798276,20.0,30.0,0.0,15.296198613741405,41.4824207621362,10.0,30.0,1397.158260627649,16.086569272942677,39.52423766199722,17.0,30.0,1184.1487648194569,19.648376659545453,31.539136301056119,19.5,30.0,0.0,16.574811106620385,0.0,0.0,0.0,10.912054009772034,0.0,0.0,453.81370422102187,454.0206152242714,451.1166399171431,451.06971073368808,516.8061269796895,705.6461479272491,509.811285319473,595.7540651822002,615.5605086870511,11720.19772227732,80.25478739031637,87.87065724688269,60.0,0.0,60.0,60.0,16.0,16.0,19.0,19.0,16.0,12.0,21.0,10.0,1.0,0.0,1989.0649994756623,0.0,4492.419526804102,0.0,1676.6217009079508,0.0,1397.158260627649,1184.1487648194569,11524.473896880543,6914684.3381283259,9041955.753293623,80.25478739031637,88.0,0.38414912989601809,0.7646851193058868,0.36028137401965956,88.0,0.3542647819438875,9041955.753293623,0.47246169917126837 
 02/22  06:30:00,4.335,86.0,5.255,0.0,0.0,0.0,0.0,0.0,2.0,2.0,0.0,0.0,0.0,0.0,0.0,302.0,0.0,0.0,0.0,0.0,0.0,0.0,0.0,0.0,0.0,0.0,0.0,18.22936616718122,-1347.0312924114442,17.268891077309477,695.1057875863671,18.64166521221491,-3520.1685811037898,17.50249436066801,715.6045414095188,13.939819714213787,13.870573041626813,17.94753945306129,-191.8435187746743,15.126707093874977,93.21360003412656,15.454360359359678,-99.56590179857688,18.118837983947328,-347.79785306338069,1242.100116581776,1037.1547534211166,0.0,0.0,0.0,0.0,0.0,0.0,0.0,0.0,0.0,0.0,0.0,0.0,0.0,0.0,0.0,0.0,0.0,0.0,0.0,0.0,0.0,0.0,1.3069098932603232,0.39893464385235746,435.82639233590319,512.5263672631777,13036.248681328663,0.3689924660775104,0.05631753145261148,378.4313181800213,446.9876091279321,10381.910972473961,1.0621552578917247,0.20070961033479313,568.5756411862474,667.6296611534244,17464.527144591983,0.32817203089980737,0.062012855423244,374.47469280632569,441.6819882358301,10583.378270247913,0.0,0.0,15.000915069742334,17.973963864703934,291.69659753066767,0.0,0.0,23.53025614680673,27.690652161582955,693.1530497072536,0.0,0.0,106.68653520598525,127.20179837381798,2366.7385916702498,0.0,0.0,20.341965944942588,24.119988757007968,514.1271366199873,0.0,0.0,59.059251346868709,69.4482445965259,1769.5907371688257,40.523251217357309,27.793725114785539,737.5162249544086,874.3216890104395,19749.066195985204,0.0,0.0,61.21402484882071,74.13214620215627,827.041327816072,1862.1970321713837,19.383983445934878,32.008690303034317,22.0,30.0,0.0,18.103879340704006,34.67880893210811,16.0,30.0,4205.424192191573,19.829797350059708,31.13050809721122,22.0,30.0,0.0,18.547007432018988,33.724762791149689,16.0,30.0,0.0,13.943159164330723,45.30433198234424,12.0,30.0,97.31486974953542,19.16324494444279,32.54656005111276,19.0,30.0,0.0,15.352765046690055,41.33477744791465,10.0,30.0,676.3663153148544,16.961400365711329,37.330533861175869,17.0,30.0,1521.3102911529723,19.489322030414486,31.85999513229637,19.5,30.0,0.0,17.058296637134327,0.0,0.0,0.0,10.915506659483608,0.0,0.0,455.07423246042358,455.06225792958528,451.2280239338987,451.20092399494475,529.2634102393231,684.7766695866977,522.9140352371974,560.0718440539007,609.7781427038772,12046.147562542239,80.03896048807175,87.867053001636,60.0,0.0,60.0,60.0,16.0,16.0,19.0,19.0,16.0,12.0,21.0,10.0,1.0,0.0,1862.1970321713837,0.0,4205.424192191573,0.0,97.31486974953542,0.0,676.3663153148544,1521.3102911529723,11844.98047149962,7106988.282899773,9300680.832659536,80.03896048807175,88.0,0.3948326823833207,0.7643455392656263,0.36028137401965956,88.0,0.3542647819438875,9300680.832659536,0.48598540329829589 
 02/22  06:40:00,4.326666666666666,86.0,5.213333333333333,0.0,0.0,0.0,0.0,0.0,2.0,2.0,0.0,0.0,0.0,0.0,0.0,755.0,0.0,0.0,0.0,0.0,0.0,0.0,0.0,0.0,0.0,0.0,0.0,18.652318849564375,-1233.119089408886,17.5316361359114,954.2771410427559,19.136065533829695,-3335.3848190875185,17.815312116604898,925.4098329423968,13.924660478510571,17.81432223807684,18.36375695309621,-222.16802343632163,15.255046961599597,248.32873654705666,15.139203283343017,-79.00585589498101,18.197687122557249,-312.5611465852127,1399.562842462647,989.5161154222514,0.0,0.0,0.0,0.0,0.0,0.0,0.0,0.0,0.0,0.0,0.0,0.0,0.0,0.0,0.0,0.0,0.0,0.0,0.0,0.0,0.0,0.0,1.3964595047413573,0.4262696900919894,454.8539024841052,534.4808391419273,14099.064805699887,0.3901737294122608,0.059550325001871327,392.3963132827266,463.34998990215225,11083.11661850042,1.1272046000042307,0.21300162509528179,572.5092448110705,671.5899886971747,18263.209899613288,0.33365139258551598,0.06304826012575886,367.73314046060997,433.50084842904269,10724.980498489858,0.0,0.0,15.791417950643464,18.94488707509803,307.1244503061895,0.0,0.0,24.5109952994187,28.820899362295834,750.3290993246704,0.0,0.0,107.98795740991527,128.83457572452216,2443.2713551048939,0.0,0.0,19.445441704934447,23.137817416223326,467.0211153113222,0.0,0.0,57.02482105256969,67.1496736525864,1703.3820511863945,41.04011442660199,28.148226630042524,745.5644892898235,882.9266010849813,20922.563660217296,0.0,0.0,56.69519930971567,68.77659466368438,755.1656817619349,1941.4434296327175,19.942112432129524,30.91462368591621,22.0,30.0,0.0,18.516324944607228,33.790886385622197,16.0,30.0,4377.156316174086,20.442882746965155,29.96907734941668,22.0,30.0,0.0,19.00420774639479,32.77173803292458,16.0,30.0,0.0,13.936465054891129,45.318307030825419,12.000000000000002,30.0,1453.7092577032395,19.774757524848125,31.322105142436834,20.0,30.0,0.0,15.583194440310472,40.7216409627967,10.0,30.0,86.90333436434917,16.300531838629604,38.92936277649672,16.0,30.0,594.109395538465,19.37604911432601,32.097994488947609,19.200000000000004,30.0,0.0,17.672579828766609,0.0,0.0,0.0,10.808563602796682,0.0,0.0,456.52334902313819,457.95550980859619,452.6532337303757,452.0434348515949,535.4865274534449,680.0144096053514,513.2703338500985,544.7408170840687,607.6797076721454,10522.288075404911,81.04725540199485,85.36882166069975,60.0,0.0,60.0,60.0,16.0,16.0,19.0,19.0,16.0,12.0,21.0,10.0,1.0,0.0,1941.4434296327175,0.0,4377.156316174086,0.0,1453.7092577032395,0.0,86.90333436434917,594.109395538465,6539.939600447526,3923963.760268515,5084412.228163702,81.04725540199485,85.44221620238798,0.35399798668158419,0.7681426483939819,0.36028137401965956,85.44221620238798,0.35426478194388757,5084412.228163702,0.26680943586451258 
 02/22  06:50:00,4.318333333333333,86.0,5.171666666666667,0.0,0.0,0.0,0.0,0.0,2.0,2.0,0.0,0.0,0.0,0.0,0.0,604.0,0.0,0.0,0.0,0.0,0.0,0.0,0.0,0.0,0.0,0.0,0.0,18.987627495180609,-1227.1059822361058,17.850488664678399,935.360558972056,19.51415407207307,-3378.402013856331,18.178497258511898,891.2180959659318,13.915124708306669,25.53924017935175,18.089378076317297,-182.61391636665685,15.545299852938858,267.1715675361163,15.458352965337511,-105.95771642736972,18.35301082761012,-317.6669990748779,1482.5460792225877,1004.2323074039568,0.0,0.0,0.0,0.0,0.0,0.0,0.0,0.0,0.0,0.0,0.0,0.0,0.0,0.0,0.0,0.0,0.0,0.0,0.0,0.0,0.0,0.0,1.4605394676651132,0.44583011833489419,458.74221931131788,538.2478632459058,14614.949365350518,0.4013410753732431,0.061254742883584119,395.1629709474719,465.86947183412408,11524.508091564421,1.1817694429175172,0.22331244197231998,575.1174337573311,673.6323268039419,18846.736762672932,0.3412304024790138,0.06448042374886881,365.6150256464873,430.2665077260069,11023.93273273386,0.0,0.0,16.211674744911489,19.44850888936845,315.64615293496248,0.0,0.0,24.56548497433056,28.931120667205055,730.3896034060904,0.0,0.0,106.23120566266479,126.50372824208229,2507.0066198446918,0.0,0.0,19.69654968753236,23.397835221841399,492.55278245723357,0.0,0.0,57.134105872707888,67.18609716080879,1747.5996036584716,41.33388740882994,28.349717015658404,745.8115409981072,882.0211253719918,21559.95257146116,0.0,0.0,54.79888437920446,66.48093829419531,725.2639024314827,1884.2566455609468,20.393061803326753,30.05968213850305,22.0,30.0,0.0,18.994911302912955,32.7903882566161,16.0,30.0,4247.278947636583,20.901019940312499,29.13025945586015,22.0,30.0,0.0,19.521518721080026,31.727886310887948,16.0,30.0,0.0,13.937026588298476,45.309899817983467,12.0,30.0,67.11635943434144,19.291495047616686,32.289688822614149,19.0,30.0,0.0,16.06814251072447,39.47264694181739,10.0,30.0,825.8505975645574,16.7981621774356,37.71239417567673,16.75,30.0,799.92325774285,19.737826770026304,31.367173871367265,19.5,30.0,0.0,18.083382720885419,0.0,0.0,0.0,10.76024390842732,0.0,0.0,457.31273745213869,459.3779348669964,454.1708903525091,453.5533611212776,534.6615406950273,671.6597377490009,505.37345527282607,549.6653763059273,601.5765167201271,11847.55340826161,80.17056565312216,87.86925076885426,60.0,0.0,60.0,60.0,16.0,16.0,19.0,19.0,16.0,12.0,21.0,10.0,1.0,0.0,1884.2566455609468,0.0,4247.278947636583,0.0,67.11635943434144,0.0,825.8505975645574,799.92325774285,11649.702780686444,6989821.668411866,9134803.263584394,80.17056565312216,88.0,0.3883234260228814,0.765196754634778,0.36028137401965956,88.0,0.3542647819438875,9134803.263584394,0.47740643637305527 
 02/22  07:00:00,4.31,86.0,5.13,0.0,0.0,0.0,0.0,0.0,2.0,2.0,0.0,0.0,0.0,0.0,0.0,604.0,0.0,0.0,0.0,0.0,0.0,0.0,0.0,0.0,0.0,0.0,0.0,19.38024964996165,-1195.2395767301414,18.160265089953819,1083.982486312525,19.920805942313295,-3353.3955394621827,18.523682322076099,1008.0473362654175,13.915220001055559,35.91435287803728,18.471138024809684,-150.88014681448545,16.062371007202598,629.2516446542102,15.31569854427768,-402.7951144451381,18.26846067051425,-192.23991124856708,1614.1061413933558,836.5035083885806,0.0,0.0,0.0,0.0,0.0,0.0,0.0,0.0,0.0,0.0,0.0,0.0,0.0,0.0,0.0,0.0,0.0,0.0,0.0,0.0,0.0,0.0,1.5832600398168902,0.4832906104447162,476.9245046816459,558.6260027741403,15689.99303407416,0.42533857638632679,0.06491736513832827,404.18009435626018,475.78575664650756,12158.682290923847,1.2936842593179173,0.24446036646219156,582.8097229560257,681.5524609243176,19678.788698927267,0.36246662569660106,0.06849331551334107,372.105673124923,437.2101908925062,11582.760491851943,0.0,0.0,16.06776183699784,19.2777794484806,313.6321293642432,0.0,0.0,21.722662015484344,25.536950404825065,669.3945203362737,0.0,0.0,95.82030050390286,113.75491871155052,2436.2962205095648,0.0,0.0,34.362922910790768,40.88974993247585,827.8362998480516,0.0,0.0,40.11853817549924,47.22124905032294,1207.9244627783158,41.810614564336948,28.676690373344966,766.0519568814048,904.4236356137304,22961.00250676152,0.0,0.0,50.33062182614222,61.118431639084047,640.5620081934472,1931.5990452540917,20.935501237115866,29.06023826032548,22.0,30.0,0.0,19.4686595850663,31.825329186066175,16.0,30.0,4349.434828612855,21.425286604076207,28.198328418571728,22.0,30.0,0.0,20.028302529509664,30.7351882250589,16.0,30.0,0.0,13.951966904622298,45.254754416737949,12.0,30.0,1338.037184408662,19.856484533606,31.156117125152595,20.0,30.0,0.0,17.01093404808591,37.15246751408186,10.0,30.0,796.2160411293451,16.300921548258438,38.93721725654533,16.5,30.0,1180.6710447470464,19.473116998785416,31.878406114952776,19.5,30.0,0.0,18.615793262894174,0.0,0.0,0.0,10.498344139131716,0.0,0.0,458.2994411667486,461.03361994827255,457.52836060857899,457.4904116349192,526.0418622644089,665.3732417009165,474.42148296811009,579.8723018200174,608.4411000129096,11738.140272085899,80.2429754915932,87.87045999167778,60.0,0.0,60.0,60.0,16.0,16.0,19.0,19.0,16.0,12.0,21.0,10.0,1.0,0.0,1931.5990452540917,0.0,4349.434828612855,0.0,1338.037184408662,0.0,796.2160411293451,1180.6710447470464,11542.116811429622,6925270.086857772,9055588.34426931,80.2429754915932,88.0,0.384737227047654,0.7647587255617113,0.36028137401965956,88.0,0.3542647819438875,9055588.34426931,0.47326392723533747 
 02/22  07:10:00,4.34,86.0,5.128333333333334,0.0,0.0,0.0,0.0,0.0,2.0,2.0,0.0,0.0,0.0,0.0,0.0,604.0,0.0,0.0,0.0,0.0,0.0,0.0,0.0,0.0,0.0,0.0,0.0,19.653382215904864,-1144.1879142755107,18.421367964382989,1019.7706169392313,20.255020018067076,-3296.352269686463,18.794349459328477,953.4375585750267,13.923494363522114,44.35063675311558,18.23807187781361,-91.01167238626437,16.549654124685945,560.566586743475,16.027563907892956,-361.7776198822869,18.262924040839154,-105.04013676201396,1669.0559194463804,751.8425700471667,0.0,0.0,0.0,0.0,0.0,0.0,0.0,0.0,0.0,0.0,0.0,0.0,0.0,0.0,0.0,0.0,0.0,0.0,0.0,0.0,0.0,0.0,1.6317181727662092,0.4980824703193557,466.66764141412,546.0922409666032,15614.201767468126,0.42798363049828516,0.0653210669258677,396.6573564204366,466.4477799771304,12173.324608596966,1.3524427053560862,0.2555636253507344,571.2452526371428,667.2550463937658,19653.70462983579,0.36672455052279898,0.06929791204134522,362.9453746239708,425.9965582361989,11509.832820467054,0.0,0.0,15.918582446825854,19.101002394667178,310.61007696527579,0.0,0.0,19.796351868124977,23.311467221197249,591.6453001314482,0.0,0.0,89.44361884379633,105.92145953453664,2398.496408324162,0.0,0.0,25.885617300067808,30.690932118775906,679.126779853117,0.0,0.0,34.39429454541373,40.50940175561144,1028.8023012672455,42.08893332021587,28.867581152411448,749.237821799841,883.7546951814875,22910.371213696275,0.0,0.0,42.70688180526348,51.89639711965566,530.4601688505808,1894.366974423323,21.25921792720292,28.486356221470979,22.0,30.0,0.0,19.820581510401128,31.152393104800127,16.0,30.0,4264.030074466276,21.788554467583265,27.57756044000491,22.0,30.0,0.0,20.365730914217847,30.103174646348124,16.0,30.0,0.0,13.97783366313246,45.19303386806173,12.0,30.0,0.0,19.385328169756506,33.525175852373909,19.0,30.0,0.0,17.764763249950926,35.410539842068747,10.0,30.0,1355.6738477141642,17.483486093904334,36.22692782487291,20.7,30.0,0.0,19.37457704297069,33.349527236435658,19.0,30.0,0.0,18.92476606782862,0.0,0.0,0.0,10.372938348467282,0.0,0.0,459.74805222418828,463.3905536574702,459.21281911830536,459.9930926314028,516.7393559369384,690.8452422017049,469.82069331655847,588.6128106365369,641.8117053090311,11381.955817457136,80.47860939486253,87.87439500796623,60.0,0.0,60.0,60.0,16.0,16.0,19.0,19.0,19.7,12.0,21.0,10.0,1.0,0.0,1894.366974423323,0.0,4264.030074466276,0.0,0.0,0.0,1355.6738477141642,0.0,11191.88053153807,6715128.318922843,8776465.454681153,80.47860939486253,88.0,0.3730626843846024,0.7651340586954512,0.36028137401965956,88.0,0.3542647819438875,8776465.454681153,0.4587262036434199 
 02/22  07:20:00,4.37,86.0,5.126666666666667,10.0,0.0,0.0,0.0,0.0,2.0,2.0,0.0,0.0,0.0,0.0,0.0,1510.0,0.0,14.17884536192004,3.7569838022119637,9.62713185816796,0.42515578048095417,11.316094280829456,0.0,3.7569838022119614,5.136081692426471,0.0,0.0,19.765991771090165,-1337.3075119367589,18.60989558925093,932.0290989858019,20.262848280115905,-2476.8059966293765,18.97067858149513,731.1113441560938,13.928151547767893,41.162897328499749,18.39153056322118,-78.07206969753783,16.84988031880318,503.7505457741906,16.760344906742483,-148.0321570973569,18.33595965674005,-67.5134377657775,1660.6239571169322,509.57028606283606,0.0,0.0,0.0,0.0,0.0,0.0,0.0,0.0,0.0,0.0,0.0,0.0,0.0,0.0,0.0,0.0,0.0,0.0,0.0,0.0,0.0,0.0,1.64061861811978,0.5007993339803968,454.0204725917539,531.5715878025883,15250.934528488746,0.4170512119389466,0.06365250487468662,377.7644340964856,444.2982916842332,11728.190950557504,1.4211108612691319,0.2685394673600024,474.47470040468519,555.0272144618739,16240.46676065106,0.3606421789997227,0.06814855990168606,322.7423960240897,378.9900045757528,10323.355433042963,0.0,0.0,15.70020617592101,18.851464113067818,305.8313811732985,0.0,0.0,18.34662300426838,21.60020208719049,554.2156315720762,0.0,0.0,83.3472137547507,98.64643738316396,2295.6753843328635,0.0,0.0,15.595893792928415,18.436027522892937,441.114631520783,0.0,0.0,26.961717895206374,31.737897895413299,816.2947450849174,42.16253441402965,28.918062012366034,690.5255537064954,814.9813213191008,21329.23125688186,0.0,0.0,26.87042441183742,32.73348821478256,309.0650034336645,1872.7846810364952,21.35083420771257,28.36061075945756,21.999999999999998,30.0,0.0,20.043632358929604,30.768587015493539,15.999999999999999,30.0,3004.432539607481,21.626965462133389,27.8933179186212,21.7,30.0,0.0,20.53567561489505,29.830448410074916,15.999999999999999,30.0,0.0,13.990990120038483,45.24583231414804,12.0,30.0,1074.790719294525,19.586122101355796,34.420673362157717,19.7,30.0,0.0,18.185595020524777,34.50867867027252,10.0,30.0,1316.9009916836567,18.615855398807868,33.86482521656846,20.7,30.0,955.9777925132027,19.601510273285926,33.95798267194354,19.4,30.0,0.0,19.025218997207554,0.0,0.0,0.0,9.92740123140763,0.0,0.0,461.9109810988683,465.7551811692099,461.9217112551128,463.38758151954996,511.2381561163213,723.5363613649714,463.88689049120617,572.2857893534888,679.3492306547584,11259.651755665927,80.55942926462777,85.96137581712654,60.0,0.0,60.0,60.0,16.0,16.0,19.0,19.0,19.7,12.0,21.0,10.0,1.0,0.0,1872.7846810364952,0.0,3004.432539607481,0.0,1074.790719294525,0.0,1316.9009916836567,955.9777925132027,8174.207366786362,4904524.420071817,6390173.973666849,80.55942926462777,86.05311880281981,0.37447357889287877,0.7673758953720742,0.3602813740196596,86.05311880281981,0.3542647819438876,6390173.973666849,0.3346223799640095 
 02/22  07:30:00,4.4,86.0,5.125,12.0,0.0,0.0,0.0,0.0,2.0,2.0,0.0,0.0,0.0,0.0,0.0,1510.0,0.0,17.23053712391193,4.216620863322601,10.804940411719569,0.5166612647483397,13.751638640719245,0.0,4.216620863322599,5.764440402235428,0.0,0.0,19.853905830703604,-1214.442850372821,18.704334823357358,922.2343116549581,20.103525970194153,-2597.6673165574777,19.023245623395803,838.0961109514151,13.9286719525311,40.278352884209727,18.282937051233956,-81.50170013448477,16.81421046151371,302.2319958789627,17.506790323418536,-74.88732873795111,18.106381534691523,-44.91426011747924,1666.0877404130557,664.0821408213072,0.0,0.0,0.0,0.0,0.0,0.0,0.0,0.0,0.0,0.0,0.0,0.0,0.0,0.0,0.0,0.0,0.0,0.0,0.0,0.0,0.0,0.0,1.610581196255915,0.49163040178752,449.55565767047906,526.3118850184753,15102.627173123648,0.4135576344343849,0.06311929707484508,379.3037117645099,446.0152191130113,11809.55966358788,1.3859173188565964,0.2618891381059329,509.07551083327857,595.4956726437667,17409.78417035003,0.3634514106318903,0.06867940488130957,342.94688099066226,402.7320708004495,10953.547419682069,0.0,0.0,15.838358395760955,19.020503587882688,307.79317991249197,0.0,0.0,18.996523512493586,22.384808306323046,566.2959179414976,0.0,0.0,92.70409592591497,109.80882195254955,2513.4874836596329,0.0,0.0,25.454355420815774,29.95228331377821,778.8069574061044,0.0,0.0,24.525835442602259,28.931651245946815,725.7180928527765,42.18296545725174,28.932075073560868,711.7168985751973,839.7990698957275,22023.401512281605,0.0,0.0,31.996394678194596,38.97280652768532,372.1021817349899,1840.5862765407454,21.39044953947468,28.373135338087296,21.999999999999998,30.0,0.0,20.117921618226416,30.726417473967797,15.999999999999999,30.0,2955.083382496426,21.667288573397518,27.89751466826185,21.700000000000004,30.0,0.0,20.547682962077,29.89315221253672,15.999999999999999,30.0,0.0,13.996714214613706,45.53211298056801,12.0,30.0,0.0,19.39162837366156,35.74879199264192,19.0,30.0,0.0,17.98351391159937,35.23308738874239,10.0,30.0,1270.4986022747629,19.80091863988462,31.488621785695796,20.7,30.0,11.284106624525771,19.233813530170598,35.500412555700979,19.0,30.0,0.0,19.116381523286067,0.0,0.0,0.0,9.964913692607724,0.0,0.0,465.7198968177757,469.78550163935418,464.3513186671588,466.35603746365657,516.4471385151849,745.2210482314298,486.6295593639654,525.0382928545313,699.134321596646,10351.673798852236,81.16011165690409,84.0339527775624,60.0,0.0,60.0,60.0,16.0,16.0,19.0,19.0,19.7,12.0,21.0,10.0,1.0,0.0,1840.5862765407454,0.0,2955.083382496426,0.0,0.0,0.0,1270.4986022747629,11.284106624525771,4349.07377750832,2609444.2665049924,3397187.379356267,81.16011165690409,84.08276014028897,0.34896912591694409,0.7676036710838549,0.3602813740196596,84.08276014028897,0.3542647819438876,3397187.379356267,0.1789704103931925 
 02/22  07:40:00,4.43,86.0,5.123333333333333,17.666666666666666,86.33333333333332,0.0,0.0,1.0,2.0,0.0,0.0,0.0,0.0,0.0,4.0,1510.0,0.0,31.69522437163325,15.912959744240164,40.776230632752369,0.9503889704724774,25.295872211427278,0.0,15.912959744240134,21.754222407504554,0.0,0.0,19.603796971275544,-1530.8091733416214,18.675982787161169,495.9145883956464,20.310531966722374,-1766.5688177116406,19.086737141264146,656.4882257483766,13.921579294822362,31.210055562360045,18.478633501647026,-143.2327028165411,15.878348524719336,-702.580535965021,17.954285907197045,-346.4507093682316,17.440522012168296,-800.3199756630693,1574.0503426708374,2684.0536578090925,0.0,0.0,0.0,0.0,0.0,0.0,0.0,0.0,0.0,0.0,0.0,0.0,0.0,0.0,0.0,0.0,0.0,0.0,0.0,0.0,0.0,0.0,1.762638823356106,0.5380460388754902,360.1240609064324,422.43014209732857,11735.859969859257,0.39222606324727518,0.05986356276667813,294.54925468143997,346.58822238568498,9063.183787175727,1.17293805151463,0.2216436227351909,339.14664549229686,397.00086310748909,11463.210090802051,0.32347308904809837,0.06112492234468978,321.5738125425268,377.70081043326817,10250.406091684143,0.0,0.0,14.898417688003369,17.894182759299967,288.37367084143548,0.0,0.0,18.10159383072181,21.30975338578149,547.0884022132659,0.0,0.0,291.92964776121507,348.087982243057,6821.1617732023419,0.0,0.0,51.1164980681856,60.040244109083527,1615.2955141835958,0.0,0.0,203.01708988645943,240.4761238979461,5488.395953077254,41.90120687463806,28.73882501689855,605.6812050936512,715.3027155926253,18628.336353950162,0.0,0.0,223.3326068402165,269.48726501077518,3734.0349291769896,1864.5923592027264,20.857668845724505,29.812247981528924,21.999999999999998,30.0,0.0,19.947498511676597,31.458264600875326,15.999999999999999,30.0,2523.869395610411,21.508406026663147,29.108855652900279,21.599999999999999,30.0,0.0,20.532302853741343,30.813365368474167,19.0,30.0,0.0,13.986237993509825,46.16444357710514,12.0,30.0,1078.9878377100602,19.658616832437735,35.974941576494149,19.7,30.0,0.0,16.04859762453709,41.22668856524635,10.0,30.0,1269.068746287208,20.3908614669991,31.637514818167419,20.7,30.0,0.0,17.96407085877191,36.735177304436749,12.0,30.0,0.0,18.90271803437024,0.0,0.0,0.0,12.63049424816961,0.0,0.0,494.59077061634869,491.528493299968,518.5838501371176,514.3339571693534,538.2286349879191,784.8251610065861,567.0676925481155,583.727989380705,585.2956711058424,10797.524279284193,80.86521954698907,85.91660913750607,220.0,0.0,220.0,220.0,16.0,19.0,19.0,12.0,19.7,12.0,21.0,10.0,1.0,0.0,1864.5923592027264,0.0,2523.869395610411,0.0,1078.9878377100602,0.0,1269.068746287208,0.0,7644.385714364414,4586631.428618648,5980967.167018226,80.86521954698907,86.00239850221564,0.3568128571454805,0.7667523525303768,0.3602813740196596,86.00239850221564,0.3542647819438876,5980967.167018226,0.3194436260182811 
 02/22  07:50:00,4.46,86.0,5.121666666666666,23.33333333333333,172.66666666666664,0.0,0.0,1.0,2.0,0.0,0.0,0.0,0.0,0.0,4.0,755.0,0.0,43.67855331211046,19.270652044758209,49.380238106187949,1.309718854498736,34.859809156204878,0.0,19.27065204475816,26.34444234492844,0.0,0.0,19.5419704780888,-1437.9077537070926,18.56342087394645,567.6770287607856,20.419887561232508,-1833.753032324752,19.10939675144694,678.370497831598,13.906682631921483,25.30892364467369,18.218492335172514,-144.58481171238479,15.339111452560985,-3.917492679756471,18.123210541077837,-473.24665133283215,16.67571756597694,-458.2130826283221,1541.8723142890349,2064.8830499699,0.0,0.0,0.0,0.0,0.0,0.0,0.0,0.0,0.0,0.0,0.0,0.0,0.0,0.0,0.0,0.0,0.0,0.0,0.0,0.0,0.0,0.0,1.7898117431807273,0.546340580946498,369.7852922484568,433.93675633532515,11891.46047139281,0.4004918751412023,0.06112513356855957,303.74708016589298,357.6071051463177,9189.603517677906,1.0649087581625783,0.2012299240670028,338.4558453245918,395.94340834066278,11501.061985909419,0.30382773186401759,0.05741264774452334,318.7610465220638,374.3592509692176,10130.746453294523,0.0,0.0,14.537892665198083,17.458457563632657,279.92373465452308,0.0,0.0,18.21033531551802,21.458234829682298,536.3000273231319,0.0,0.0,270.71495368349567,323.5985974372608,5921.460565370645,0.0,0.0,59.56112934246008,69.9151689777484,1890.6181847558842,0.0,0.0,174.45596802154695,207.49503884766666,4311.554311391752,41.803648923915847,28.671912842191948,611.3618821729414,721.9336610720111,18709.09340934261,0.0,0.0,199.96924889416739,240.98396526058748,3470.839496305934,1878.4824299861935,20.656952239842935,30.466459083653424,22.0,30.0,0.0,19.702077783780376,32.28833620898212,16.0,30.0,2240.4978855190568,21.63789451506795,29.2620014921254,21.6,30.0,0.0,20.501648565982156,31.198303369532416,19.0,30.0,0.0,13.96302770335392,46.76755785426319,12.000000000000002,30.0,4.280598347812675,19.27662738663868,37.56367638685116,19.0,30.0,0.0,15.312156177919944,43.248706028677158,10.0,30.0,1259.8660581283794,20.498620324093286,31.932828438298676,20.7,30.0,0.0,16.761658891859424,39.39795095111681,12.000000000000002,30.0,0.0,18.860836652205628,0.0,0.0,0.0,12.96172495936714,0.0,0.0,509.1582970547571,509.21012491232599,537.2161704964666,529.9097534166428,555.1964137203469,819.9474495961702,561.5780383757788,606.0527439935553,563.6138754190491,9785.028886209086,81.53476565651039,84.49925901351056,220.0,0.0,220.0,220.0,16.0,19.0,19.0,12.0,19.7,12.0,21.0,10.0,1.0,0.0,1878.4824299861935,0.0,2240.4978855190568,0.0,4.280598347812675,0.0,1259.8660581283794,0.0,4486.099164247791,2691659.4985486746,3490368.7126275587,81.53476565651039,84.54960595215496,0.3535366388082597,0.7697640659328375,0.36028137401965956,84.54960595215496,0.35426478194388757,3490368.7126275587,0.18989583972329977 
 02/22  08:00:00,4.49,86.0,5.12,29.0,259.0,0.0,0.0,1.0,2.0,0.0,0.0,0.0,0.0,0.0,4.0,906.0,0.0,61.46903848332239,20.91409265561875,53.59160129615949,1.8431775413130396,49.058419688115538,0.0,20.914092655618704,28.59115025702041,0.0,0.0,19.540508301637979,-1451.2731021623495,18.528730751337855,585.2174990627971,20.504358489173556,-2034.0077678948179,19.1368623558124,727.7361282896884,13.890867413492945,22.678537394964306,18.578401830486575,-161.15271656307525,15.39133534781952,54.186687643417148,18.203153728209416,-507.3510300024696,16.308340367610826,-217.42823812248703,1528.7563528731149,1692.211494334265,0.0,0.0,0.0,0.0,0.0,0.0,0.0,0.0,0.0,0.0,0.0,0.0,0.0,0.0,0.0,0.0,0.0,0.0,0.0,0.0,0.0,0.0,1.8148763219220979,0.553991551258271,376.3133179803037,441.8276450745665,12032.48757997656,0.40764171355768999,0.062216378748121099,310.10938596043379,365.33340405503227,9304.217261490825,0.9825824792343714,0.1856731820170768,357.90116026429129,418.6577888360325,12168.782204232308,0.29842046121471357,0.05639086568683164,337.43155598454907,396.35017521038869,10687.970338067495,0.0,0.0,14.075638728990635,16.909213915278835,269.5490069586001,0.0,0.0,18.37828626742711,21.62530970400564,557.5421527070222,0.0,0.0,221.80801550401959,265.09955675751015,4898.973782896285,0.0,0.0,62.659592787653789,73.59043453646599,1981.3969094805983,0.0,0.0,125.23023175128448,149.2639967165951,2965.744648572171,41.747224905853958,28.633213241326417,636.0138589042751,751.2343172448599,19348.375676595555,0.0,0.0,150.0204679745674,181.1556255773525,2454.7914532410775,1885.5388534789832,20.58795272116198,30.910180075001589,21.999999999999969,29.999999999999959,0.0,19.597016562247679,32.823755279145419,15.999999999999977,29.999999999999959,2437.6514091394999,21.67885702829301,29.462082738810943,21.666666666666637,29.999999999999959,0.0,20.485747348315245,31.5941456270537,18.99999999999997,29.999999999999959,0.0,13.938935701909083,47.16014941551601,11.999999999999983,29.999999999999959,1163.5190142912553,19.77383472740662,36.77566131119566,19.833333333333305,29.999999999999959,0.0,15.452628168738013,43.09277103684814,9.999999999999986,29.999999999999959,1263.0709946812277,20.461600217739524,32.113360797698977,20.69999999999997,29.999999999999959,0.0,16.265861757195663,40.80169059235361,11.999999999999983,29.999999999999959,0.0,18.843199641626354,0.0,0.0,0.0,12.48329012866104,0.0,0.0,523.7973094755034,523.5821126339012,551.2021840559136,547.2436667958097,561.5090769325184,837.3854200639316,562.4497822932415,603.8913484792608,561.6631764007599,10786.7488892639,80.87229110383672,84.71589997285558,219.99999999999972,0.0,219.99999999999972,219.99999999999972,16.0,19.0,19.0,12.0,19.7,12.0,21.0,10.0,1.0,0.0,1885.5388534789832,0.0,2437.6514091394999,0.0,1163.5190142912553,0.0,1263.0709946812277,0.0,5816.223177780302,3489733.906668186,4530986.22629476,80.87229110383672,84.78117721135729,0.3638741059260099,0.7696118511359228,0.360281374019659,84.78117721135729,0.354264781943887,4530986.22629476,0.2439712837673275 
 02/22  08:10:00,4.738333333333334,85.16666666666667,5.12,34.66666666666667,345.33333333333339,0.0,4.0,0.0,0.0,0.0,0.0,0.0,0.0,0.0,0.0,1208.0,0.0,76.17345375262852,20.710699007565898,53.070583892520719,2.2841061906051864,60.7941171788483,0.0,20.710699007565866,28.313095719892787,0.0,0.0,19.849032358676,-1075.3838444505535,18.61529420222014,885.238247775427,20.416409628498287,-1808.0460634820918,19.047842468980297,-38.33186866034954,13.886059623861938,37.650521023168149,18.073456724380404,-501.44372197213036,16.04124817089554,707.8045214130073,17.484361574736629,-227.2120107076827,15.977571440483212,-748.8251609866695,1267.114294002793,1597.1829124105485,0.0,0.0,0.0,0.0,0.0,0.0,0.0,0.0,0.0,0.0,0.0,0.0,0.0,0.0,0.0,0.0,0.0,0.0,0.0,0.0,0.0,0.0,1.609761135195105,0.4913800778983837,456.8918295794292,535.637552146238,14785.58251645602,0.4174097118929734,0.06370722098488606,382.0351506970264,449.9464692049535,11365.76340633241,1.1577433512947289,0.21877236419023605,271.5061386314833,317.7502797167355,9051.807986188745,0.3559788708524208,0.06726736032736597,29.43177627034733,34.59517166543656,907.0760649185771,0.0,0.0,14.059864039895205,16.89683299008588,262.145630680589,0.0,0.0,99.28711325944107,117.30359797334954,2797.6107107164536,0.0,0.0,286.00400423832186,340.22135111961208,6903.20563898287,0.0,0.0,45.59310132557936,53.81604774080336,1312.2245625297147,0.0,0.0,142.27156494795657,169.81411259964288,3123.1776462904624,41.607749908518908,28.53755137758499,402.1845388990628,476.2533521673108,11845.598083163322,0.0,0.0,150.71061533587494,181.92265371905428,2366.7626936574617,1856.7013353252842,21.06757252595992,30.285696917231264,22.0,30.0,0.0,19.721486445559664,32.89338131879097,16.0,30.0,2076.907435709577,21.536161968296999,29.370001830369409,21.5,30.0,0.0,20.138686925499955,34.951706045812127,19.0,30.0,0.0,13.936843051579056,47.69909703050387,12.0,30.0,0.0,18.82284889477128,36.30615747294146,16.0,30.0,0.0,16.7575714728668,40.58282889105095,10.0,30.0,0.0,19.098250411268436,34.895111033429518,16.0,30.0,0.0,15.756324662820252,42.80173119110684,12.0,30.0,0.0,18.12766702370592,0.0,0.0,0.0,12.28412592694064,0.0,0.0,536.0269190911954,536.9570781434326,530.474620583171,703.279133938464,576.9164732290374,655.232183970662,604.9400204755781,597.2253028039324,587.3718632252885,9550.550222431533,81.68991168407946,83.41720997657177,132.0,0.0,132.0,132.0,16.0,19.0,16.0,12.0,16.0,12.0,21.0,10.0,1.0,0.0,1856.7013353252842,0.0,2076.907435709577,0.0,0.0,0.0,0.0,0.0,2614.0790647446999,1568447.4388468199,2031231.794694057,81.68991168407946,83.4465452358151,0.34213596882482336,0.7681007901243127,0.36028137401965956,83.4465452358151,0.3542647819438875,2031231.794694057,0.11061805332409099 
 02/22  08:20:00,4.986666666666667,84.33333333333334,5.120000000000001,40.333333333333339,431.6666666666667,0.0,4.0,0.0,0.0,0.0,0.0,0.0,0.0,0.0,0.0,604.0,0.0,94.89706553122996,22.450101825916666,57.52790041883334,2.845552322246388,75.73753428155747,0.0,22.450101825916656,30.690991244975124,0.0,0.0,19.9669512059015,-1362.9315593821858,18.786760280313243,807.9558171691956,20.442198513252415,-1486.3287023426825,18.82204619741581,-42.997313062716788,13.90101864593721,46.09072803023186,17.476293353770296,-166.79040103652995,16.306993428007009,169.7822583033444,16.581087036721465,-66.06825476753977,15.336639744611358,-716.2529441116255,1305.913768350816,1861.9414838534388,0.0,0.0,0.0,0.0,0.0,0.0,0.0,0.0,0.0,0.0,0.0,0.0,0.0,0.0,0.0,0.0,0.0,0.0,0.0,0.0,0.0,0.0,1.6072280018381402,0.4906068381679305,476.3429791601235,558.0976180742525,15256.272185350535,0.4075524653299122,0.062202757223735079,365.75709142639007,430.2839743242831,10867.82661585836,1.165094121676431,0.2201613986538986,242.27974968288837,283.4806707623978,7917.8970040467979,0.39197523383387947,0.07406939414850328,35.89987378649187,42.23187960031989,1057.992594481684,0.0,0.0,12.805956387396448,15.381147091222639,233.1517368086317,0.0,0.0,72.746644010105,86.20122554673957,1879.0761254646359,0.0,0.0,333.1995653020193,395.9179662804406,8037.191947234089,0.0,0.0,31.13024164639852,36.93285807893882,785.5288036213307,0.0,0.0,221.47246780368247,265.2169994554654,4363.358419369679,41.48437067905107,28.45292913515163,414.23078433201837,490.0548197807926,12083.440775657744,0.0,0.0,226.48527274585823,272.74512568284276,3755.1379943715339,1864.1723872871135,21.181290803551876,30.190734364795224,22.0,30.0,0.0,19.949489384104284,32.50835057248501,16.0,30.0,1927.6086420212665,21.507298715189756,29.6323311220573,21.5,30.0,0.0,19.695299826433894,37.73563811508236,19.0,30.0,0.0,13.967050912617474,47.97458231179176,12.0,30.0,0.0,17.895552074141649,37.61183958120523,16.0,30.0,0.0,17.0303334110502,39.530734247989169,10.0,30.0,0.0,17.550415587321809,38.35897408630802,16.0,30.0,0.0,14.753454621947596,45.86764869821705,12.0,30.0,0.0,18.292279590674548,0.0,0.0,0.0,13.086451869299874,0.0,0.0,540.6575995012026,539.4179093855313,541.0929811384774,820.1036988844758,586.2260720464126,596.2811972358368,581.7291645790381,591.3724610775115,592.9950111541982,10227.001623585737,81.24240147330633,84.99716626091149,132.0,0.0,132.0,132.0,16.0,19.0,16.0,12.0,16.0,12.0,21.0,10.0,1.0,0.0,1864.1723872871135,0.0,1927.6086420212665,0.0,0.0,0.0,0.0,0.0,5681.883043657184,3409129.8261943107,4429961.237359477,81.24240147330633,85.06093463196865,0.35939610145523956,0.7681184516604479,0.36028137401965956,85.06093463196865,0.3542647819438875,4429961.237359477,0.23532265100935949 
 02/22  08:30:00,5.235,83.5,5.12,46.0,518.0,0.0,4.0,0.0,0.0,0.0,0.0,0.0,0.0,0.0,0.0,453.0,0.0,127.12851610940477,26.459881302337224,67.80295553987756,3.8120277115034244,101.46144933443475,0.0,26.45988130233721,36.17266378968659,0.0,0.0,20.007152341168596,-1133.5083554423068,18.878917905219049,581.3361429899788,20.530731943664166,-1630.6843019629553,18.67680693805439,-42.185000055132288,13.916949931136662,44.99609552489632,17.14731746715589,-103.52054178246593,16.119759280584217,96.16523720057373,16.035304652881398,-32.917711217391829,15.039032501865567,-498.15057781630289,1253.4383825554156,1802.6883724360433,0.0,0.0,0.0,0.0,0.0,0.0,0.0,0.0,0.0,0.0,0.0,0.0,0.0,0.0,0.0,0.0,0.0,0.0,0.0,0.0,0.0,0.0,1.5504270137116989,0.47326831920381509,420.9438115289787,493.04423732309899,13355.838868983832,0.37938501682530348,0.057903696096658029,332.936836252665,391.62143468479408,9766.772119385225,1.1357683537410608,0.21461987032144007,239.02450468324509,279.3421512447385,7794.2334205876309,0.4103541836549651,0.07754236274659202,41.08466865002667,48.375142442346909,1167.6907390508564,0.0,0.0,12.276550274872504,14.740823952268194,218.04298373798827,0.0,0.0,62.43397337547209,74.09178286743227,1519.823287789899,0.0,0.0,345.53654005588018,411.09068779609955,7918.242425793003,0.0,0.0,22.04260895192921,26.228560788542507,506.11848857289,0.0,0.0,240.11912633913216,287.9111882577456,4450.542034923201,41.200444191052778,28.258192174933315,366.2484676457786,433.3929993260277,10564.092683987867,0.0,0.0,244.24939962899325,294.07088596371497,3968.808416776031,1815.2460010737373,21.2796659040019,30.19614412209468,21.999999999999994,29.99999999999999,0.0,20.01642676714644,32.55142301955079,15.999999999999993,29.99999999999999,2732.132519191769,21.692378713137683,29.48507144695029,21.666666666666658,29.99999999999999,0.0,19.407847202851636,38.36905573502948,18.999999999999994,29.99999999999999,0.0,13.994015435827855,47.97775269850892,11.999999999999995,29.99999999999999,0.0,17.386578250542646,38.678915966710729,15.999999999999993,29.99999999999999,0.0,16.645732177696965,40.48392504491642,9.999999999999997,29.99999999999999,0.0,16.64685958103877,40.565627190359339,15.999999999999993,29.99999999999999,0.0,14.388820716835089,46.85904119592778,11.999999999999995,29.99999999999999,0.0,18.244371706970509,0.0,0.0,0.0,13.210810143700748,0.0,0.0,550.1123484156466,547.2665383307576,551.2758009472913,828.089978133564,584.6104287988668,582.9887776388349,576.1719033207376,586.1670715229807,584.0146702491633,11104.699667741403,80.66204433351966,87.87745831702941,131.99999999999995,0.0,131.99999999999995,131.99999999999995,16.0,19.0,16.0,12.0,16.0,12.0,21.0,10.0,1.0,0.0,1815.2460010737373,0.0,2732.132519191769,0.0,0.0,0.0,0.0,0.0,10919.254477280028,6551552.68636802,8572337.20120515,80.66204433351966,87.99999999999997,0.3639751492426676,0.7643263884023559,0.36028137401965945,87.99999999999997,0.35426478194388735,8572337.20120515,0.4506968677960011 
 02/22  08:40:00,5.483333333333333,82.66666666666667,5.12,49.333333333333339,542.3333333333334,0.0,0.0,1.0,2.0,0.0,0.0,0.0,0.0,0.0,0.0,1359.0,0.0,166.15239059376658,28.86291908378917,73.96074413929154,4.982158454793543,132.6061929892618,0.0,28.862919083789156,39.45779862264964,0.0,0.0,20.077100214039697,-1544.3281551679145,18.919071246666584,785.2205759082843,20.56684032616762,-2929.516703845653,18.907053870647525,1087.368776416852,13.927350919296606,44.11326236215161,18.064108646093716,-131.93878824221,16.001817024728355,100.9201520939017,16.779089184279976,-144.3840275335907,14.889408315709943,-434.80132307053966,1452.4206986384937,1703.8482277824663,0.0,0.0,0.0,0.0,0.0,0.0,0.0,0.0,0.0,0.0,0.0,0.0,0.0,0.0,0.0,0.0,0.0,0.0,0.0,0.0,0.0,0.0,1.4519737088605327,0.4432154178450966,462.4768525447165,542.1312666071736,14441.781281250827,0.3736551539405428,0.0570291748993504,358.58713861220817,422.0845803616577,10346.278504268883,1.253627350916047,0.23689103380877753,555.4580731755607,650.24721610331,17676.093302227346,0.37742280398546299,0.0713195018868979,418.9060326759377,493.2279495976819,12025.422970611053,0.0,0.0,13.441256015047023,16.15390575754128,232.37025693987494,0.0,0.0,20.68446752278821,24.461775554030817,542.4656049225318,0.0,0.0,302.74362171102168,360.80043342335838,6660.533669245312,0.0,0.0,32.59953148476083,38.620572847328677,814.2107264331155,0.0,0.0,241.8169452589553,290.3747073786287,4291.892954881319,41.09573744999521,28.186376851848644,769.6256774777276,909.1502103106661,21743.07067178307,0.0,0.0,246.53540371382406,297.0798049198103,3892.94557069664,1870.2217720470806,21.259320876704387,30.86491562874343,22.000000000000055,30.000000000000076,0.0,20.02732607528476,33.19679010614732,16.00000000000004,30.000000000000076,3428.9981850221176,21.564093782016163,30.25984701646845,21.77777777777783,30.000000000000076,0.0,19.95686350189563,33.42216006837581,16.00000000000004,30.000000000000076,0.0,14.008632363009444,48.011102018930738,12.000000000000032,30.000000000000076,1833.1034683466074,18.6260420311285,36.770682988849419,20.00000000000005,30.000000000000076,0.0,16.42976730985078,41.325856917795928,10.000000000000025,30.000000000000076,1374.4330747877964,17.82066921056844,38.27147518479475,20.700000000000054,30.000000000000076,0.0,14.244011088412638,47.414399605285797,12.000000000000032,30.000000000000076,0.0,18.97774671666347,0.0,0.0,0.0,13.233257413010847,0.0,0.0,589.9749598339611,585.6993231215552,586.0409367665365,588.8973373098462,582.6334617361772,656.9921772047304,583.4239604445949,629.3453013072827,582.9291604079647,10808.44795217151,80.85800398108008,87.14724935658512,60.00000000000015,0.0,60.00000000000015,60.00000000000015,16.0,16.0,19.0,12.0,19.7,12.0,21.0,10.0,1.0,0.0,1870.2217720470806,0.0,3428.9981850221176,0.0,1833.1034683466074,0.0,1374.4330747877964,0.0,9517.85536266559,5710713.217599338,7473734.497972527,80.85800398108008,87.25406162192299,0.3550396231999641,0.7643567455630466,0.36028137401966056,87.25406162192299,0.3542647819438884,7473734.497972527,0.3908641938945714 
 02/22  08:50:00,5.731666666666667,81.83333333333333,5.12,52.66666666666667,566.6666666666666,0.0,0.0,1.0,2.0,0.0,0.0,0.0,0.0,0.0,0.0,604.0,0.0,219.7085759392819,31.285103191070865,80.16759899001464,6.588033601010478,175.3490205196931,0.0,31.28510319107085,42.76910793459593,0.0,0.0,20.23568289460421,-1289.4639852475366,19.082427401622618,806.6921906712341,20.794125491457768,-3187.029196890856,19.293847724311225,791.6477777615914,13.940467399929183,44.04991097403983,18.7227686045792,-189.36717770643024,15.936322771945136,113.4267489670965,17.70832246124382,-337.85129214225409,14.800114948669619,-323.1453719768574,1472.9159297328579,1723.224285988256,0.0,0.0,0.0,0.0,0.0,0.0,0.0,0.0,0.0,0.0,0.0,0.0,0.0,0.0,0.0,0.0,0.0,0.0,0.0,0.0,0.0,0.0,1.4414432569299756,0.4400009941788693,455.570563452727,533.3555952293733,14203.880441824098,0.38135804433075218,0.05820482972081078,370.44592484257546,435.583520292511,10633.506413510773,1.1952278072410559,0.22585559471675288,573.954913639507,670.8938256933359,18379.14082650245,0.3504217056008048,0.06621725351489129,393.04345284494118,461.70419436872347,11515.239856509406,0.0,0.0,13.639781455253868,16.38452687204657,229.48038568566649,0.0,0.0,21.387407373305228,25.17557700753975,598.1269813955929,0.0,0.0,299.8211495063845,357.3129880215478,6380.412493554165,0.0,0.0,49.01640397784954,57.76074091211683,1338.7844373561348,0.0,0.0,247.12890808774319,296.6921357773481,4234.565687600525,41.065689287328627,28.16576768678233,754.7963740510994,890.4365181448758,21389.208484984832,0.0,0.0,253.66105728105067,305.2196928009278,4028.627029469731,1853.8948665667729,21.48950614988788,30.371450779621637,22.0,30.0,0.0,20.206222209807107,32.906840610433409,16.0,30.0,3793.6005134974518,21.959976689059468,29.521376653120634,22.0,30.0,0.0,20.527669491634336,32.22541358652009,16.0,30.0,0.0,14.026398919239768,48.14180285512966,12.0,30.0,595.7727827917695,19.814423432234454,35.668116603051917,19.5,30.0,0.0,16.312888048065945,41.77534586377035,10.0,30.0,1290.7287081661812,19.42754338809005,35.04646605314216,20.7,30.0,0.0,14.184672869131252,47.89800421889835,12.0,30.0,0.0,19.26612476272303,0.0,0.0,0.0,13.532764494630233,0.0,0.0,583.2178280070593,587.7099738359451,582.5734350440341,583.8212006834851,584.6503794578728,751.8379425727206,587.9780587276634,644.8613096398315,593.4037332829166,11425.418278442176,80.44987516575051,87.8739151548635,60.0,0.0,60.0,60.0,16.0,16.0,19.0,12.0,19.7,12.0,21.0,10.0,1.0,0.0,1853.8948665667729,0.0,3793.6005134974518,0.0,595.7727827917695,0.0,1290.7287081661812,0.0,11234.61718231694,6740770.309390165,8814660.671828457,80.44987516575051,88.0,0.3744872394105647,0.7647524969049843,0.36028137401965956,88.0,0.3542647819438875,8814660.671828457,0.46058902160174639 
 02/22  09:00:00,5.98,81.0,5.12,56.0,591.0,0.0,0.0,1.0,2.0,0.0,0.0,0.0,0.0,0.0,0.0,604.0,0.0,287.95736550787259,33.72387926051388,86.41697416457085,8.634459386951754,229.81785946044097,0.0,33.72387926051386,46.10309971673228,0.0,0.0,20.170510478534206,-1356.3099520772235,19.19083129223793,565.5440864911179,20.75693151205143,-1792.867102667183,19.291035598941034,469.8234022368372,13.956666752183255,43.913116127044578,18.6889034968507,-166.36237209419893,15.930121943189305,107.52911937193358,18.149668131799538,-470.59226978223128,14.819896037924872,-206.71157750484714,1390.4690209817027,1721.6932953904662,0.0,0.0,0.0,0.0,0.0,0.0,0.0,0.0,0.0,0.0,0.0,0.0,0.0,0.0,0.0,0.0,0.0,0.0,0.0,0.0,0.0,0.0,1.4261156065930197,0.43532222423474356,439.2405860301204,514.735041457037,13326.060336308288,0.3383689148091164,0.051643607266348669,304.10621653802999,357.59450238777858,8602.177663292996,1.2320436814304974,0.23281248704280009,411.10890912889047,480.8003704106535,12722.86921121428,0.3176496528627683,0.06002449978510359,302.46949609034689,355.2968458867155,8652.88770967463,0.0,0.0,13.24271328687451,15.908997133762185,216.72341134599857,0.0,0.0,20.246159538522176,23.857607703927536,544.9259970955959,0.0,0.0,291.26769786795168,347.1889806371172,6043.88958685989,0.0,0.0,60.21370859316774,70.83706044924327,1684.8559531269512,0.0,0.0,244.628520897047,293.6121859647894,4124.982061439136,40.693169186380327,27.910266931673758,598.5487810830986,706.1828102503874,16784.178925041706,0.0,0.0,252.0390283723242,303.0109986032569,4018.0690317190185,1870.4507624725523,21.33273257473042,30.613250132783528,22.0,30.0,0.0,20.24363061704757,32.79235067777986,16.0,30.0,2327.282382319147,21.658126647544085,30.017707018904507,21.5,30.0,0.0,20.397722328394538,32.43786044195092,16.0,30.0,0.0,14.047459776288907,48.31221005934103,12.0,30.0,824.508687896699,19.517219326997986,37.38202835223418,19.25,30.0,0.0,16.29453738186305,42.09310286093781,10.0,30.0,1286.4469458433769,20.077495075813635,33.85476815968829,20.7,30.0,0.0,14.300675518577341,47.98788778472104,12.0,30.0,0.0,19.18687563392445,0.0,0.0,0.0,13.81828017433569,0.0,0.0,573.1803965364417,579.2043085048526,571.6431829563092,575.344035444874,590.0652031579829,803.6643449976481,595.7403024192927,641.7453785733538,606.976998657362,11144.826708494285,80.6354209802976,86.37631983005022,60.0,0.0,60.0,60.0,16.0,16.0,19.0,12.0,19.7,12.0,21.0,10.0,1.0,0.0,1870.4507624725523,0.0,2327.282382319147,0.0,824.508687896699,0.0,1286.4469458433769,0.0,8687.273943966262,5212364.3663797569,6795940.114934308,80.6354209802976,86.47381935099527,0.3745757981322087,0.7664637806919785,0.36028137401965956,86.47381935099527,0.3542647819438875,6795940.114934308,0.3556122193099174 
 02/22  09:10:00,6.186666666666667,80.33333333333333,5.318333333333333,59.333333333333339,615.3333333333334,0.0,0.0,0.0,0.0,0.0,0.0,0.0,0.0,0.0,0.0,1208.0,0.0,369.89733583349206,36.15664118555921,92.65094225025099,11.091408578717335,295.21348399566906,0.0,36.15664118555919,49.428869707516117,0.0,0.0,19.52421830167495,-411.28236953816386,19.13891021701221,166.54859094024659,19.89527585683056,-1023.1567958434082,19.19548583927681,72.72791405664116,13.977665983217719,47.96538919054913,18.4266757585806,-574.1330567264395,16.059693152268478,212.22881942565483,17.551092207192175,-280.82105908415636,14.847574080888318,-190.037323380443,980.13444479006,1607.3552282758679,0.0,0.0,0.0,0.0,0.0,0.0,0.0,0.0,0.0,0.0,0.0,0.0,0.0,0.0,0.0,0.0,0.0,0.0,0.0,0.0,0.0,0.0,1.3552942006033174,0.41370396843813109,248.58118200941977,292.5698023582833,7050.452146381009,0.29006452443188449,0.04427114231255868,163.74493452368035,193.0542431007293,4526.961885726529,1.2245156105685129,0.23138994908702069,271.02465359795226,318.79744016414028,7803.091635104117,0.2661963049894823,0.05030164493376459,155.77442235839869,183.53577993795188,4376.398254933142,0.0,0.0,13.387826048235674,16.09314384176953,214.21888935760593,0.0,0.0,103.60625299087745,122.39553215328866,2659.887910110947,0.0,0.0,373.7894209558383,445.41668666117416,7787.221495031998,0.0,0.0,49.839192062503489,58.90172144199089,1273.598945167181,0.0,0.0,245.99415626948227,295.32795699322255,4090.985713343263,40.5575444415821,27.817245844706528,321.1313152996343,380.4022981421516,8967.291610348186,0.0,0.0,253.00940406324833,304.2461853649172,3979.7416894156847,0.0,20.236254758654846,32.804698735772188,22.0,30.0,0.0,19.996977406877794,33.28866167662034,16.0,30.0,0.0,20.408497976122118,32.382999469971398,22.0,30.0,0.0,20.169452589589146,32.92070862370218,16.0,30.0,0.0,14.075015451229218,48.589386267632239,12.0,30.0,0.0,19.041694016344559,36.50625536373274,16.0,30.0,0.0,16.549869025606684,42.02441779529161,10.0,30.0,0.0,18.943534628261234,36.130654079405207,12.0,30.0,0.0,14.394896551005552,48.11023112537274,12.0,30.0,0.0,17.984616218725205,0.0,0.0,0.0,13.920269913778793,0.0,0.0,569.493335647029,573.3061267480945,558.5122991840489,571.4518375010374,601.8916611980756,666.1757755973898,625.174205360141,624.2362695389275,621.344129659559,0.0,80.2680686561173,80.2680686561173,60.0,0.0,60.0,60.0,16.0,16.0,16.0,12.0,12.0,12.0,21.0,10.0,0.0,0.0,0.0,0.0,0.0,0.0,0.0,0.0,0.0,0.0,0.0,0.0,0.0,80.2680686561173,80.2680686561173,0.0,0.0,0.0,80.2680686561173,0.0,0.0,0.00222 
 02/22  09:20:00,6.3933333333333339,79.66666666666667,5.5166666666666679,62.666666666666667,639.6666666666667,0.0,0.0,0.0,0.0,0.0,0.0,0.0,0.0,0.0,0.0,604.0,0.0,465.33856801540596,38.621135705385658,98.9662265862204,13.953186476566252,371.38432106986718,0.0,38.62113570538564,52.798020561164609,0.0,0.0,18.840913518530554,-90.68856714705248,18.824251372319229,-209.43270933380689,19.166665761817627,-288.43489204106768,18.71520214272993,-190.25054897227199,13.99632413158265,38.3968926287145,17.85479734031083,-320.36637519224089,15.943157880581467,59.1936585162548,16.723759450607429,-114.58195903673081,14.855662292451099,-233.09041398139949,879.1483173455142,1372.282811653076,0.0,0.0,0.0,0.0,0.0,0.0,0.0,0.0,0.0,0.0,0.0,0.0,0.0,0.0,0.0,0.0,0.0,0.0,0.0,0.0,0.0,0.0,1.2558336313338948,0.38334359930827069,182.51256685960238,215.52401159785888,4671.639447975688,0.2362429133363336,0.036056610704568618,115.088466218121,135.87797926397458,2968.2524882284035,1.1884062174251887,0.22456655658072359,152.07783570776753,179.62571314350115,3931.6509392305558,0.22936192134365053,0.04334125497801407,107.45143920640486,126.8729261255074,2772.47117086636,0.0,0.0,11.84608636792792,14.232566892013484,185.12864128443699,0.0,0.0,87.48015108922857,103.68421129252391,2035.3900235228214,0.0,0.0,341.08328224866309,406.6400722389417,6810.054448098218,0.0,0.0,36.20813600448159,43.00331523477453,805.3832019275008,0.0,0.0,226.63766911829016,271.96205929325336,3694.7322900189767,40.25294378805649,27.608329072741087,199.23666149612408,236.8749915246899,5228.772938969524,0.0,0.0,232.2139516590545,279.33336158277776,3472.5397547926897,0.0,19.15248721554434,35.087125774635527,22.0,30.0,0.0,19.271068249356508,34.77451954436998,16.0,30.0,0.0,19.253906971273588,34.766310883246209,22.0,30.0,0.0,19.26676594159514,34.829627315591597,16.0,30.0,0.0,14.095723004250761,48.8357711076708,12.0,30.0,0.0,18.016054526637729,38.2590287921046,16.0,30.0,0.0,16.310342215759243,42.52078460435258,10.0,30.0,0.0,17.44963193801286,39.61331430439925,12.0,30.0,0.0,14.43846181288733,48.06057903561431,12.0,30.0,0.0,17.007867808060739,0.0,0.0,0.0,13.73097020709919,0.0,0.0,564.7297373222782,556.8443555345283,549.8416945399722,563.4742423070652,611.6639279199192,621.1112103303894,613.104022943199,618.5765571082106,621.7038643186,0.0,80.2680686561173,80.2680686561173,60.0,0.0,60.0,60.0,16.0,16.0,16.0,12.0,12.0,12.0,21.0,10.0,0.0,0.0,0.0,0.0,0.0,0.0,0.0,0.0,0.0,0.0,0.0,0.0,0.0,80.2680686561173,80.2680686561173,0.0,0.0,0.0,80.2680686561173,0.0,0.0,0.0022 
 02/22  09:30:00,6.6,79.0,5.715,66.0,664.0,0.0,0.0,0.0,0.0,0.0,0.0,0.0,0.0,0.0,0.0,755.0,0.0,572.4044163945708,41.09196893502388,105.29775619499449,17.163522764149645,456.8326396794644,0.0,41.09196893502386,56.175836911693519,0.0,0.0,18.4597367136545,-88.32978171758842,18.53884033417595,-282.4485263568891,18.763434531337859,-368.76122328871477,18.337737923517424,-167.2578624211098,14.006239116155986,29.574021611143157,17.594129956385907,-251.5332898762632,15.807766188774324,29.164835317388499,16.277387413705,-61.63559500392064,14.812289788514495,-282.17118465091559,637.7046030491131,1152.7976735965595,0.0,0.0,0.0,0.0,0.0,0.0,0.0,0.0,0.0,0.0,0.0,0.0,0.0,0.0,0.0,0.0,0.0,0.0,0.0,0.0,0.0,0.0,1.1414204735889953,0.34841894798198877,136.2040184549875,161.18026073617848,3294.367389639493,0.21241747421063457,0.03242024942164753,68.50632032756296,81.02376837032945,1650.540211781728,1.0941065135569597,0.20674726257690102,119.97349794077693,141.95341170584067,2909.1865978088346,0.21365098683151108,0.04037244649121524,69.59925643759813,82.32077747575224,1671.2097069071834,0.0,0.0,10.874447715057661,13.068261678904955,165.48543881623977,0.0,0.0,78.59182728094025,93.32302800684968,1724.9027884168955,0.0,0.0,314.3943691795461,375.24961869690039,5994.479047820926,0.0,0.0,26.351565523058456,31.384760465592508,536.4178548152277,0.0,0.0,205.59898113058248,246.8291066819285,3245.25054170491,40.106102928397508,27.50761517722738,130.1300580911544,155.20237494969403,3312.3573689122219,0.0,0.0,209.70098168000335,252.50960989453029,2960.583456899478,0.0,18.61890118661608,36.27711819005653,22.0,30.0,0.0,18.676481671792606,36.061354178191049,16.0,30.0,0.0,18.676771473956518,36.07245608342768,22.0,30.0,0.0,18.632266396939444,36.26395120102657,16.0,30.0,0.0,14.099009249100274,48.903991209090197,12.000000000000002,30.0,0.0,17.5527714671518,39.27223094579278,16.0,30.0,0.0,16.06406050477605,43.08255310232549,10.0,30.0,0.0,16.71524855903862,41.449936644734318,12.000000000000002,30.0,0.0,14.386143078086573,48.11000114874492,12.000000000000002,30.0,0.0,16.23674895618759,0.0,0.0,0.0,13.525475848253925,0.0,0.0,554.3514938440874,538.9553263926971,536.9193522987683,555.7218388017338,611.374471199642,609.7811348094595,601.315219109635,613.3678934498182,612.0642916886736,0.0,80.26806865611731,80.26806865611731,60.0,0.0,60.0,60.0,16.0,16.0,16.0,12.0,12.0,12.0,21.0,10.0,0.0,0.0,0.0,0.0,0.0,0.0,0.0,0.0,0.0,0.0,0.0,0.0,0.0,80.26806865611731,80.26806865611731,0.0,0.0,0.0,80.26806865611731,0.0,0.0,0.0021799999999999998 
 02/22  09:40:00,6.806666666666667,78.33333333333333,5.913333333333333,70.16666666666666,664.6666666666667,0.0,0.0,0.0,0.0,0.0,0.0,0.0,0.0,0.0,0.0,453.0,0.0,674.3534067556775,43.39191426604864,111.1913497441906,20.220426108167105,538.1971782516193,0.0,43.391914266048619,59.32003654899383,0.0,0.0,18.14938766437595,-53.70686265313245,18.333267030166604,-299.558700113715,18.397072636069497,-469.78936478094797,18.084525503224584,-53.3087944212122,14.015584416109853,25.688891559237925,17.444758170612283,-221.81594482388153,15.704184438490067,29.54606958594743,15.962216108853508,-37.32482642362685,14.759604925856877,-268.38433590939067,464.0392958869279,1031.3433785444498,0.0,0.0,0.0,0.0,0.0,0.0,0.0,0.0,0.0,0.0,0.0,0.0,0.0,0.0,0.0,0.0,0.0,0.0,0.0,0.0,0.0,0.0,1.063520442923891,0.32463993984245789,124.66003313775139,147.61365550709443,2856.3503196426465,0.19905302331185505,0.03038049806346997,60.6742469415632,71.86208734535436,1390.2716351836264,1.013595455933003,0.19153353286715875,88.15726427595976,104.39749345522626,1995.4739581160152,0.1991632722414607,0.03763478311441058,49.70377751760387,58.82864803172578,1137.7029645091425,0.0,0.0,10.436213155992716,12.536104356854871,154.56868913412559,0.0,0.0,75.40913504265406,89.5924582412908,1583.4379911474362,0.0,0.0,302.52637428857397,361.1513520127889,5541.296516488626,0.0,0.0,22.009860094189983,26.2464532500643,418.1744680332026,0.0,0.0,196.06645653450549,235.33920313353907,2988.3137446510638,40.2547767646578,27.60958625833871,100.12027550498218,119.39028393581165,2580.518740543349,0.0,0.0,199.5480023837488,240.21932844605755,2716.813009657645,0.0,18.194668665414928,37.25949497435608,22.000000000000019,30.00000000000002,0.0,18.242526568713207,37.074319528150329,16.000000000000015,30.00000000000002,0.0,18.16351065359291,37.255260667912839,22.000000000000019,30.00000000000002,0.0,18.24161411961462,37.178487320968347,16.000000000000015,30.00000000000002,0.0,14.10319309598963,48.890087983588617,12.00000000000001,30.00000000000002,0.0,17.27397671355754,39.89088274964788,16.000000000000015,30.00000000000002,0.0,15.890907277641718,43.500615192081969,10.000000000000007,30.00000000000002,0.0,16.23516087075432,42.665903073803857,12.00000000000001,30.00000000000002,0.0,14.321443027739548,48.220081826519827,12.00000000000001,30.00000000000002,0.0,15.698944803190616,0.0,0.0,0.0,13.483214369020815,0.0,0.0,542.6132210461508,520.5311224159212,512.8873568152363,549.3983016996297,606.7518435346317,600.2204547098145,592.7992280998791,605.764992233174,603.3432007478177,0.0,80.26806865611735,80.26806865611735,60.00000000000004,0.0,60.00000000000004,60.00000000000004,16.0,16.0,16.0,12.0,12.0,12.0,21.0,10.0,0.0,0.0,0.0,0.0,0.0,0.0,0.0,0.0,0.0,0.0,0.0,0.0,0.0,80.26806865611735,80.26806865611735,0.0,0.0,0.0,80.26806865611735,0.0,0.0,0.0021599999999999998 
 02/22  09:50:00,7.013333333333333,77.66666666666667,6.111666666666666,74.33333333333333,665.3333333333334,0.0,0.0,0.0,0.0,0.0,0.0,0.0,0.0,0.0,0.0,453.0,0.0,778.633514254157,45.633934479043997,116.93650941435064,23.34722618353792,621.4221491455853,0.0,45.63393447904397,62.38504815836938,0.0,0.0,17.839853041409776,-126.16896362731294,18.185488188991405,-372.45997722367715,18.031693754419476,-178.830673918706,17.839690035693708,-245.84582436277749,14.025226259915766,20.518154009735853,17.3774230701083,-223.21746091840567,15.590980703973632,0.2555873975021926,15.749277709823439,-26.533610861081365,14.72473212193334,-264.68053299081046,677.525454774778,882.9417623504869,0.0,0.0,0.0,0.0,0.0,0.0,0.0,0.0,0.0,0.0,0.0,0.0,0.0,0.0,0.0,0.0,0.0,0.0,0.0,0.0,0.0,0.0,0.9484104518325004,0.28950257992445097,282.9326989304315,335.75492928299317,6112.830436410142,0.15894131789184913,0.024258442901686399,142.71814960113489,169.24829234299888,3107.7805995611954,0.9291815580525876,0.17558230499859954,296.3946259435278,352.17319115310087,6298.25908806753,0.18388164978880579,0.03474709935540549,182.4451277311351,216.53767740526903,3972.8310136736147,0.0,0.0,9.79853943465507,11.770616808146516,141.14401261286549,0.0,0.0,74.88137997061901,89.01947080928518,1519.719557391934,0.0,0.0,284.35310946281518,339.7143760233234,4984.018606547416,0.0,0.0,17.71128690961718,21.140312290581208,318.7144342168686,0.0,0.0,181.62600553591728,218.05580821789119,2680.6581585562678,40.37552827399804,27.69240622359265,382.78556337171406,456.36125070504598,8103.00366491317,0.0,0.0,184.3776537651182,222.03750450864099,2406.44559799369,0.0,17.750252249790017,38.32839821974639,22.000000000000019,30.00000000000002,0.0,17.90484518238343,37.88691810837096,16.000000000000015,30.00000000000002,0.0,17.65999418292258,38.528056552539037,22.000000000000019,30.00000000000002,0.0,17.836864696628987,38.12770330044022,16.000000000000015,30.00000000000002,0.0,14.10833251666595,48.82975639449615,12.00000000000001,30.00000000000002,0.0,17.1240215407961,40.17667252132525,16.000000000000015,30.00000000000002,0.0,15.699078326825216,43.94431303347238,10.000000000000007,30.00000000000002,0.0,15.940920840959994,43.397608231897667,12.00000000000001,30.00000000000002,0.0,14.288099111152924,48.197092194069117,12.00000000000001,30.00000000000002,0.0,16.447198331274266,0.0,0.0,0.0,13.410634156376482,0.0,0.0,521.3823354893868,487.7701498915805,516.1985035695809,525.1236611811009,598.530101501084,584.29705613943,575.248911642604,595.2740924920453,587.2023689276701,0.0,80.26806865611735,80.26806865611735,60.00000000000004,0.0,60.00000000000004,60.00000000000004,16.0,16.0,16.0,12.0,12.0,12.0,21.0,10.0,0.0,0.0,0.0,0.0,0.0,0.0,0.0,0.0,0.0,0.0,0.0,0.0,0.0,80.26806865611735,80.26806865611735,0.0,0.0,0.0,80.26806865611735,0.0,0.0,0.0021533333333333337 
 02/22  10:00:00,7.22,77.0,6.31,78.5,666.0,0.0,0.0,0.0,0.0,0.0,0.0,0.0,0.0,0.0,0.0,302.0,0.0,883.6958260473282,47.818589396025618,122.53466955783728,26.49747963070174,705.2713819459002,0.0,47.81858939602559,65.37163705895834,0.0,0.0,17.68408580110374,-14.230056506755318,18.12408799438866,-303.5195278136332,17.92132382249905,-343.58087803529227,17.61315962392998,-112.74400977483902,14.039187020280432,20.13591097345639,17.356948097650425,-218.3112273232955,15.550246918339735,27.686671804644904,15.578441777978722,-18.844437286642888,14.694682626770036,-245.62807879183266,633.3819966548604,825.834620102029,0.0,0.0,0.0,0.0,0.0,0.0,0.0,0.0,0.0,0.0,0.0,0.0,0.0,0.0,0.0,0.0,0.0,0.0,0.0,0.0,0.0,0.0,0.9131568534792717,0.27874140826595597,167.0757384533893,198.13867191864365,3493.3129310023089,0.16202017564604663,0.024728354036331905,107.37564127671593,127.37393215191087,2260.6956198988166,0.8823280501476973,0.16672865649049466,231.7051820079355,274.81052234518679,4811.46493880718,0.1819192808285887,0.03437628133571213,155.79924753306447,184.7956330138631,3213.1588794355404,0.0,0.0,9.869740473792256,11.849679283396285,138.34571059712878,0.0,0.0,74.40278678418155,88.4308530920682,1467.8638799101137,0.0,0.0,283.36579440802748,338.4017674263274,4828.148805417743,0.0,0.0,16.783974898426345,20.042248501216045,287.8597122972144,0.0,0.0,179.10485804668714,214.9285439043738,2559.933380820352,40.884182425167868,28.041277383517064,254.5501983259074,303.14962055845,5407.792944020687,0.0,0.0,181.7617815116759,218.70775024710918,2324.0355417828757,0.0,17.6148253709868,38.65691117378736,22.0,30.0,0.0,17.729900540945189,38.36682955810959,16.0,30.0,0.0,17.601247920349438,38.71794506221481,22.0,30.0,0.0,17.502025566327946,38.945900087181978,16.0,30.0,0.0,14.12251836866352,48.73282543387875,12.0,30.0,0.0,17.042712129374654,40.3428546575572,16.0,30.0,0.0,15.659959741036213,44.024105859993799,10.0,30.0,0.0,15.714744011429432,43.96711343232187,12.0,30.0,0.0,14.262140600345817,48.23780775190635,12.0,30.0,0.0,16.311913466700447,0.0,0.0,0.0,13.487190130782312,0.0,0.0,507.9522590126172,496.30360657607209,513.1238579137738,514.8839032369992,589.0492775899022,574.8627879132046,566.2744439342137,585.1711383702329,579.8017130630474,0.0,80.2680686561173,80.2680686561173,60.0,0.0,60.0,60.0,16.0,16.0,16.0,12.0,12.0,12.0,21.0,10.0,0.0,0.0,0.0,0.0,0.0,0.0,0.0,0.0,0.0,0.0,0.0,0.0,0.0,80.2680686561173,80.2680686561173,0.0,0.0,0.0,80.2680686561173,0.0,0.0,0.0021466666666666667 
 02/22  10:10:00,7.418333333333333,75.66666666666667,6.453333333333333,82.66666666666667,666.6666666666666,0.0,0.0,0.0,0.0,0.0,0.0,0.0,0.0,0.0,0.0,302.0,0.0,988.3350172616899,49.9465883090305,127.9876475432097,29.635045395589367,788.7829199967166,0.0,49.94658830903048,68.28077290675012,0.0,0.0,17.50477644368557,-109.68050636906674,18.102123953393268,-363.5749033778018,17.649005418918109,-196.24214008126638,17.521520818125038,-189.42241323439976,14.056171335023578,18.84514385990954,17.377719441162364,-223.84198515045183,15.50847239447241,28.407801828403536,15.451017581236532,-13.108699118893725,14.6945808268804,-209.37461524671699,625.831006202282,741.1406345846281,0.0,0.0,0.0,0.0,0.0,0.0,0.0,0.0,0.0,0.0,0.0,0.0,0.0,0.0,0.0,0.0,0.0,0.0,0.0,0.0,0.0,0.0,0.8322095689076932,0.2540322249412983,251.61225822410274,298.75723979570025,5044.0337923195779,0.137450074344584,0.020978338575180709,136.03871059873905,161.47802700502533,2772.935158621968,0.8821962103930845,0.16670374346052248,310.79380558489989,369.0394537256622,6144.790828286987,0.17104417760596347,0.03232127316817147,185.24661825764486,219.92422503898536,3702.7617374172407,0.0,0.0,9.63963803969838,11.573308644611851,131.63447492252545,0.0,0.0,75.06335825977667,89.23033199366974,1447.759780822635,0.0,0.0,275.6765697965993,329.3109098904722,4558.700464060135,0.0,0.0,13.031555102004522,15.567518584737872,214.29922265963217,0.0,0.0,171.14819131830513,205.38710056690435,2387.150681461927,41.03167081336045,28.142435400110054,370.8545117779213,441.90557994120089,7385.845595766228,0.0,0.0,173.24131347428136,208.45064349289894,2160.1794547623005,0.0,17.387289075994958,39.264247739725707,22.0,30.0,0.0,17.59938505989312,38.73338379358575,16.0,30.0,0.0,17.235015304355643,39.64081662477251,22.0,30.0,0.0,17.393770389398765,39.24690650627626,16.0,30.0,0.0,14.141895142587117,48.62168948376745,12.0,30.0,0.0,17.01915932382604,40.35714504166783,16.0,30.0,0.0,15.60660227001343,44.1308078158775,10.0,30.0,0.0,15.561440625623883,44.35663946293539,12.0,30.0,0.0,14.290039245414139,48.07852256898551,12.0,30.0,0.0,16.34805318729191,0.0,0.0,0.0,13.529466862233737,0.0,0.0,502.14240955999767,492.174174800335,503.42073246487237,510.68777001211836,578.6401497799227,560.9065800588674,552.134098331124,575.6722989617001,563.5801546021326,0.0,80.2680686561173,80.2680686561173,60.0,0.0,60.0,60.0,16.0,16.0,16.0,12.0,12.0,12.0,21.0,10.0,0.0,0.0,0.0,0.0,0.0,0.0,0.0,0.0,0.0,0.0,0.0,0.0,0.0,80.2680686561173,80.2680686561173,0.0,0.0,0.0,80.2680686561173,0.0,0.0,0.00214 
 02/22  10:20:00,7.616666666666667,74.33333333333334,6.596666666666667,86.83333333333334,667.3333333333334,0.0,0.0,0.0,0.0,0.0,0.0,0.0,0.0,0.0,0.0,151.0,0.0,1091.665812268551,52.01878629993611,133.29763432527396,32.73337893340968,871.250234407443,0.0,52.01878629993609,71.11362466349898,0.0,0.0,17.422984896319059,23.800404796018485,18.079380809032885,-453.61162868352406,17.560601526131735,-256.3406836218919,17.429086743319937,-30.954299937917314,14.078301163282278,17.75453420903642,17.430899268008085,-219.67365048462808,15.46983220582156,21.531448485337024,15.332345355400177,-8.679895992122568,14.686439308217694,-221.92362926868283,573.3797028671306,705.5056140681318,0.0,0.0,0.0,0.0,0.0,0.0,0.0,0.0,0.0,0.0,0.0,0.0,0.0,0.0,0.0,0.0,0.0,0.0,0.0,0.0,0.0,0.0,0.8062880609873516,0.24611967673606584,241.89239663640536,286.67121833133396,4742.5034437274239,0.11720839264475541,0.01788894881635461,188.24369479735098,223.0255805763248,3711.9771568004205,0.7988927272931522,0.15096234453763275,141.52671383332516,167.8314588337801,2730.8599772094164,0.16426622250185947,0.031040480442528236,104.60395230593162,123.99695013552793,2033.492174730147,0.0,0.0,9.422556160617907,11.290778821660725,125.46932330701046,0.0,0.0,74.9081727552263,88.87327099327048,1418.8349591543275,0.0,0.0,271.86606625400148,324.2075486259222,4363.05696152332,0.0,0.0,12.144956301304023,14.490235869919049,191.48822846740834,0.0,0.0,170.46524758056663,204.17809936516168,2311.222429916774,41.29311923827426,28.32175530745835,275.5381594858557,327.85526760120509,5471.038704094536,0.0,0.0,172.68844319237184,207.31201558488886,2122.8853731914434,0.0,17.370185851433573,39.31479313823266,22.0,30.0,0.0,17.455990245339608,39.095165764180787,16.0,30.0,0.0,17.187770113911179,39.767705178677399,22.0,30.0,0.0,17.302380189650909,39.48763461562028,16.0,30.0,0.0,14.170624392987257,48.47990378078299,12.0,30.0,0.0,17.04181997818286,40.27005646701511,16.0,30.0,0.0,15.558333378838415,44.26045122932134,10.0,30.0,0.0,15.414671081083455,44.73239131622519,12.0,30.0,0.0,14.293222747282588,48.048719741941727,12.0,30.0,0.0,16.210753170828825,0.0,0.0,0.0,13.641177655197892,0.0,0.0,501.57971284748916,483.8868990481424,486.27279625898407,518.4045641294842,566.4826719683384,550.08380223854,546.9089491041826,564.8849335523644,556.3269216178392,0.0,80.2680686561173,80.2680686561173,60.0,0.0,60.0,60.0,16.0,16.0,16.0,12.0,12.0,12.0,21.0,10.0,0.0,0.0,0.0,0.0,0.0,0.0,0.0,0.0,0.0,0.0,0.0,0.0,0.0,80.2680686561173,80.2680686561173,0.0,0.0,0.0,80.2680686561173,0.0,0.0,0.0021333333333333336 
 02/22  10:30:00,7.8149999999999999,73.0,6.74,91.0,668.0,0.0,0.0,0.0,0.0,0.0,0.0,0.0,0.0,0.0,0.0,151.0,0.0,1193.0767050671614,54.03617709918293,138.4671761462533,35.77414453874518,952.1852888042889,0.0,54.0361770991829,73.87155083405654,0.0,0.0,17.236898877792848,-84.54742484815779,18.18808780466002,-299.8276201093213,17.586833108861876,-33.468324185407258,17.30815835239225,-179.52999098466126,14.101269625564882,17.854219155447255,17.495581269603087,-243.45383069268474,15.481413323132112,46.1725455735741,15.242826969413045,-6.942473243939446,14.695743604962392,-186.9518950241236,482.82844813665727,643.7301201062,0.0,0.0,0.0,0.0,0.0,0.0,0.0,0.0,0.0,0.0,0.0,0.0,0.0,0.0,0.0,0.0,0.0,0.0,0.0,0.0,0.0,0.0,0.7705719837747698,0.23521733326458175,174.50293462415019,207.02584850274858,3260.7087271637608,0.131497460345205,0.020069819955006869,108.00901218191778,127.92500631215227,2113.837933206539,0.8190790281475625,0.1547768382742938,197.08957291766078,233.59529335549849,3789.8524923090919,0.1563183348213892,0.029538612022182384,84.72327306939833,100.50946786701478,1581.0586604936353,0.0,0.0,9.708006459886058,11.632827725930796,125.94546101198329,0.0,0.0,76.66109771925675,90.95338308327763,1425.724893638664,0.0,0.0,272.32864176736936,324.7339625197818,4289.4952330242699,0.0,0.0,10.839089164525433,12.937927691315048,164.47782926253019,0.0,0.0,165.11257001316609,197.75946192580774,2185.5320564062415,41.61228980614561,28.54066516196545,194.75264177365069,231.9593801090882,3869.99893311147,0.0,0.0,166.9620693407564,200.4227442067604,2001.8315641918528,0.0,17.090755793457477,40.021357175094468,22.0,30.0,0.0,17.5777644137881,38.78803088260885,16.0,30.0,0.0,17.372331893733933,39.31760500096011,22.0,30.0,0.0,17.10288234657084,39.98414958049845,16.0,30.0,0.0,14.199871097058809,48.36287494049463,12.0,30.0,0.0,17.06893999551465,40.20133037774921,16.0,30.0,0.0,15.60974650725685,44.10043155032174,10.0,30.0,0.0,15.315913908277622,45.00011282351571,12.0,30.0,0.0,14.332902229314174,47.90740749127302,12.0,30.0,0.0,15.956042142136447,0.0,0.0,0.0,13.690401474393698,0.0,0.0,491.35259739493986,487.8325874968863,509.6524972894631,495.3504623258052,559.0961984977234,546.842993157346,541.5958274905948,559.0847761972386,550.7470356081597,0.0,80.2680686561173,80.2680686561173,60.0,0.0,60.0,60.0,16.0,16.0,16.0,12.0,12.0,12.0,21.0,10.0,0.0,0.0,0.0,0.0,0.0,0.0,0.0,0.0,0.0,0.0,0.0,0.0,0.0,80.2680686561173,80.2680686561173,0.0,0.0,0.0,80.2680686561173,0.0,0.0,0.0021266666666666666 
 02/22  10:40:00,8.013333333333334,71.66666666666667,6.883333333333333,97.83333333333334,642.5,0.0,0.0,0.0,0.0,0.0,0.0,0.0,0.0,0.0,0.0,302.0,0.0,1259.520640300253,56.29717809300591,144.26089509733965,37.766435505926079,1005.2135061092288,0.0,56.29717809300588,76.96251060984668,0.0,0.0,17.239841196288503,24.65737588225329,18.19140626785989,-485.93391777852187,17.40434978230958,-250.61274529656795,17.28529317460174,-80.44430181531357,14.120163633007924,17.86862257390132,17.56201493425999,-242.18728622403615,15.46480049687759,43.29398150245743,15.171369445719812,-9.209513449765325,14.70807665758641,-160.58931347442468,541.2151967484088,613.6191931924905,0.0,0.0,0.0,0.0,0.0,0.0,0.0,0.0,0.0,0.0,0.0,0.0,0.0,0.0,0.0,0.0,0.0,0.0,0.0,0.0,0.0,0.0,0.7276601767886295,0.22211849108322025,246.30206774540833,292.8031501070907,4558.4189122435459,0.1021012727481564,0.01558322233640971,179.0613426642053,212.66818738592819,3390.3062840207419,0.759952635573071,0.14360405056180487,234.52173834057408,278.80388068887955,4284.029318300452,0.15600384495958354,0.02947918461065447,129.53594344210809,154.03569468115496,2372.308572894976,0.0,0.0,9.486792113267923,11.390119144428369,119.66472743723785,0.0,0.0,77.65291074994045,92.30600993038775,1419.5088643261477,0.0,0.0,267.75067787918308,319.9512949917053,4101.98764356,0.0,0.0,8.532394848467366,10.207053932189713,124.82531940179885,0.0,0.0,162.3055511230204,194.7805316811228,2094.5757271077247,41.9617149934786,28.780325784278888,312.6657580073968,373.0311956731497,5833.548903665633,0.0,0.0,165.16155663837646,198.60331058926085,1947.791172355018,0.0,17.211832421402474,39.692800892411479,22.0,30.0,0.0,17.467482857311638,39.026393815251669,16.0,30.0,0.0,17.09374930061545,39.98694485808399,22.0,30.0,0.0,17.12732406674082,39.92035716356796,16.0,30.0,0.0,14.222267081510826,48.27733416978927,12.0,30.0,0.0,17.111958710376507,40.076665795545768,16.0,30.0,0.0,15.595301563423778,44.131198857071229,10.0,30.0,0.0,15.244916490720352,45.19727050872342,12.0,30.0,0.0,14.36982587619767,47.78425199679502,12.0,30.0,0.0,16.161449568781089,0.0,0.0,0.0,13.7950630923758,0.0,0.0,489.9346263475118,480.3136562713605,489.63177979344678,502.0820071343328,553.6598685104049,539.7805713956482,535.1904148184838,555.4168335308814,545.0596249462784,0.0,80.2680686561173,80.2680686561173,60.0,0.0,60.0,60.0,16.0,16.0,16.0,12.0,12.0,12.0,21.0,10.0,0.0,0.0,0.0,0.0,0.0,0.0,0.0,0.0,0.0,0.0,0.0,0.0,0.0,80.2680686561173,80.2680686561173,0.0,0.0,0.0,80.2680686561173,0.0,0.0,0.00212 
 02/22  10:50:00,8.211666666666666,70.33333333333333,7.026666666666667,104.66666666666666,617.0,0.0,0.0,0.0,0.0,0.0,0.0,0.0,0.0,0.0,0.0,151.0,0.0,1317.233649278301,58.45057344039846,149.77887187804306,39.496932964581677,1051.2736540551273,0.0,58.45057344039843,79.90636530887079,0.0,0.0,17.20823351185824,33.903864235555378,18.208252169969645,-522.0794482301972,17.334048205316785,-184.89809043441074,17.265043566512938,-34.45234178637202,14.145422326767659,17.76924961579067,17.643023454456765,-249.74195454175288,15.473022101713959,51.28601916178195,15.073605027738584,-20.941641738067575,14.731826082044148,-160.11794522650053,483.5375457365517,586.788189118598,0.0,0.0,0.0,0.0,0.0,0.0,0.0,0.0,0.0,0.0,0.0,0.0,0.0,0.0,0.0,0.0,0.0,0.0,0.0,0.0,0.0,0.0,0.6873561659885532,0.20981567948368538,188.81176826008153,223.94214802329064,3425.2970656219665,0.09248472371466765,0.014115495072446223,181.49062418029659,215.12508297850924,3347.608400228772,0.750092788680945,0.14174088977342126,86.5858086200669,102.75643599508615,1550.3228150543217,0.15393705558447039,0.029088634842114576,94.6491078689863,112.29591754545892,1695.7972196624087,0.0,0.0,9.505571974237976,11.390291756781846,116.78430383511109,0.0,0.0,77.91516473631229,92.42390969067472,1404.4466897194046,0.0,0.0,265.9421922317782,317.1627326918798,3986.3948103984478,0.0,0.0,9.501088666368574,11.351018759897995,132.8389110640554,0.0,0.0,158.97140454195046,190.38208271775424,2005.5041435663684,42.289924600778359,29.005435254306155,214.77516736479047,255.81020184757299,4033.6400180450534,0.0,0.0,165.74814429170383,198.8563588748225,1925.1824846018563,0.0,17.226539678924064,39.64262875784306,22.0,30.0,0.0,17.412126751881567,39.09357902616081,16.0,30.0,0.0,17.059689295987665,39.99451569374494,22.0,30.0,0.0,17.129783762315893,39.933655732585759,16.0,30.0,0.0,14.257093468043403,48.14367190596311,12.0,30.0,0.0,17.18187725472844,39.88536589169132,16.0,30.0,0.0,15.62757386435603,44.01969656099449,10.0,30.0,0.0,15.114984091306793,45.55911335143263,12.0,30.0,0.0,14.423474901628842,47.60281396135326,12.0,30.0,0.0,16.014013960555503,0.0,0.0,0.0,13.905590078529603,0.0,0.0,488.98355021508,468.560385076278,474.69181235481218,504.7955357816468,545.1221162988543,533.234080417983,527.490260713001,548.6067669492182,537.5686283360682,0.0,80.2680686561173,80.2680686561173,60.0,0.0,60.0,60.0,16.0,16.0,16.0,12.0,12.0,12.0,21.0,10.0,0.0,0.0,0.0,0.0,0.0,0.0,0.0,0.0,0.0,0.0,0.0,0.0,0.0,80.2680686561173,80.2680686561173,0.0,0.0,0.0,80.2680686561173,0.0,0.0,0.0021433333333333336 
 02/22  11:00:00,8.41,69.0,7.17,111.5,591.5,0.0,0.0,0.0,0.0,0.0,0.0,0.0,0.0,0.0,0.0,151.0,0.0,1366.365119180764,60.504361593935218,155.04160255755174,40.97011628153779,1090.4849576649822,0.0,60.50436159393519,82.71404942219916,0.0,0.0,17.110289827951897,-12.265508905507886,18.286610398634893,-439.94791859525597,17.357053434292067,-25.688260525660554,17.19032003921715,-141.238024015081,14.16774613280284,18.356868363260618,17.718243200578873,-261.92008505145216,15.488545175865845,63.82119624772895,14.990656737962955,-26.41363860416243,14.756625928845518,-135.15862891966936,423.37867884482696,557.1908456698138,0.0,0.0,0.0,0.0,0.0,0.0,0.0,0.0,0.0,0.0,0.0,0.0,0.0,0.0,0.0,0.0,0.0,0.0,0.0,0.0,0.0,0.0,0.6719702454884275,0.20511912255446508,176.81017321612644,209.8238113148036,3093.4860351831337,0.09945532826034055,0.015179384655119134,147.89679355758046,175.27730737221862,2691.7954047614805,0.7409076355289509,0.14000522213321074,178.00890215422229,211.166996164807,3151.703753912193,0.14433807682400119,0.027274768863189935,61.068356777956498,72.49403040494738,1055.8305236431825,0.0,0.0,9.645980242561296,11.558549324366043,115.1948084368911,0.0,0.0,78.92755937259715,93.61558675223172,1400.324424171256,0.0,0.0,268.64166299493226,320.36514274823596,3942.978808017726,0.0,0.0,13.335773918597427,15.939678761531555,178.4041700050177,0.0,0.0,155.42295861753449,186.11538792138783,1915.4876769501316,42.64176125397415,29.246749831258,175.54109037250422,209.21536454330195,3271.7677164535195,0.0,0.0,166.07381801617,199.19487096378294,1896.7220375949083,0.0,17.098059834774604,39.895604495108589,22.0,30.0,0.0,17.488453037068603,38.88642731613272,16.0,30.0,0.0,17.2019516513887,39.724164029209969,22.0,30.0,0.0,17.004897523237135,40.14278677753707,16.0,30.0,0.0,14.285764273913048,48.0373221279519,12.0,30.0,0.0,17.239731667645928,39.72558656149848,16.0,30.0,0.0,15.671385581278992,43.89124774449647,10.0,30.0,0.0,15.011355132876079,45.84744517302237,12.0,30.0,0.0,14.47853065212228,47.42375496503985,12.0,30.0,0.0,15.86214718086474,0.0,0.0,0.0,14.009666119178747,0.0,0.0,475.0251548298112,476.90896181202029,495.41142471450629,486.9224875137875,538.7743991335846,526.9651090912716,525.0925180012722,541.9463585088936,533.6349105336867,0.0,80.2680686561173,80.2680686561173,60.0,0.0,60.0,60.0,16.0,16.0,16.0,12.0,12.0,12.0,21.0,10.0,0.0,0.0,0.0,0.0,0.0,0.0,0.0,0.0,0.0,0.0,0.0,0.0,0.0,80.2680686561173,80.2680686561173,0.0,0.0,0.0,80.2680686561173,0.0,0.0,0.0021666666666666667 
 02/22  11:10:00,8.543333333333333,68.16666666666667,7.255000000000001,118.33333333333334,566.0,0.0,0.0,0.0,0.0,0.0,0.0,0.0,0.0,0.0,0.0,302.0,0.0,1407.1131981527292,62.46669867811165,160.06998725307759,42.191926898810248,1123.0055575836523,0.0,62.46669867811162,85.39671299037163,0.0,0.0,17.105046726184747,49.362472934612927,18.313256158854693,-533.2530592228827,17.242327449810568,-168.9198616484491,17.184090577734133,-62.953869472807017,14.187054821188348,19.04675774308035,17.789829321021374,-263.7573660484368,15.493199617219294,70.70694466247278,14.927260850803132,-26.823594665599076,14.785077543859114,-100.78467573549233,467.2490518146933,534.4860698014445,0.0,0.0,0.0,0.0,0.0,0.0,0.0,0.0,0.0,0.0,0.0,0.0,0.0,0.0,0.0,0.0,0.0,0.0,0.0,0.0,0.0,0.0,0.6558149606002279,0.20018771691093649,204.18221126916388,242.79786213924218,3539.4509260743327,0.08217114578425958,0.012541383666706286,184.38314743814844,219.0241724715206,3288.48832504816,0.7013389573024076,0.13252814763839905,172.77406354559458,205.4593214357348,2957.218561240331,0.14636772483583644,0.027658300233529173,103.05515947285264,122.65577550025934,1760.1882252918345,0.0,0.0,9.55528633783609,11.471971266253039,111.92595255430682,0.0,0.0,80.10415807192649,95.18504238257403,1407.595506491406,0.0,0.0,267.75789893061747,319.93598405502817,3866.7376534666566,0.0,0.0,16.362134371808634,19.599561353751797,212.19263436426344,0.0,0.0,151.44894898760513,181.6913855204416,1842.0520671900716,42.91006088104774,29.430768779868143,237.19465124017237,283.20248653512899,4224.443237485055,0.0,0.0,165.59502132013243,198.94901356339813,1881.5331850470748,0.0,17.159987650231487,39.67336335157425,22.0,30.0,0.0,17.444182361926438,38.89818763994111,16.0,30.0,0.0,17.037389478993448,39.99813555258113,22.0,30.0,0.0,17.036607124982653,40.08338683432036,16.0,30.0,0.0,14.307967857219971,47.953681257574789,12.0,30.0,0.0,17.292025772555584,39.57528266297276,16.0,30.0,0.0,15.689695840961509,43.80559275615424,10.0,30.0,0.0,14.942810747779593,46.03217226332608,12.0,30.0,0.0,14.534983841283275,47.23008460779404,12.0,30.0,0.0,16.0151559467776,0.0,0.0,0.0,14.117533143437937,0.0,0.0,476.21625151173898,468.8492682692404,478.1999382726958,490.58913370526207,534.2061336753893,522.0345271146316,517.8035266176044,535.6388441929273,526.8531409040743,0.0,80.2680686561173,80.2680686561173,60.0,0.0,60.0,60.0,16.0,16.0,16.0,12.0,12.0,12.0,21.0,10.0,0.0,0.0,0.0,0.0,0.0,0.0,0.0,0.0,0.0,0.0,0.0,0.0,0.0,80.2680686561173,80.2680686561173,0.0,0.0,0.0,80.2680686561173,0.0,0.0,0.00219 
 02/22  11:20:00,8.676666666666668,67.33333333333334,7.34,125.16666666666666,540.5,0.0,0.0,0.0,0.0,0.0,0.0,0.0,0.0,0.0,0.0,151.0,0.0,1415.7434242978907,61.35803163054036,157.2290893696953,42.45069954916876,1129.8932438577693,0.0,61.358031630540327,83.88108108302221,0.0,0.0,17.089182432226118,50.669900569483619,18.3233095193129,-590.7626752580736,17.264867696095146,-24.759758051466635,17.180373043580788,-30.99856405066612,14.210115879919606,19.189157387266734,17.865928383954036,-270.96712986976265,15.513520212484054,75.50207001793206,14.852841729391795,-25.082575530507257,14.823978811650687,-103.75283538760687,380.4534762105832,508.7334338380497,0.0,0.0,0.0,0.0,0.0,0.0,0.0,0.0,0.0,0.0,0.0,0.0,0.0,0.0,0.0,0.0,0.0,0.0,0.0,0.0,0.0,0.0,0.6446475261837626,0.19677885414644773,196.8315823262514,233.54060243243385,3369.989583808271,0.07358890825346498,0.011231518353703446,191.05700021341966,226.53167833133254,3340.4155977707716,0.6969800619387441,0.1317044712658247,96.04879043505216,113.97121098680536,1646.5373801597976,0.14485332854725672,0.027372133134402244,94.27082246458157,111.89797470621221,1588.1144817833004,0.0,0.0,9.581067830909154,11.479798780444563,110.27386076280654,0.0,0.0,80.40397132474591,95.33439852036946,1403.8016665340334,0.0,0.0,266.94220529518818,318.3026102042935,3808.513713326583,0.0,0.0,18.010885161444795,21.541956647835997,225.50819097827069,0.0,0.0,148.241557747202,177.45417061441348,1785.2125892683212,43.12170812056776,29.57593149558832,145.93410346993125,174.00734688364549,2698.095308687283,0.0,0.0,164.38883747019168,197.05139891619897,1856.7888734558047,0.0,17.184714327759634,39.57590113544763,22.0,30.0,0.0,17.396526241757124,38.876205889814169,16.0,30.0,0.0,17.161043588165354,39.63245659474304,22.0,30.0,0.0,17.058935511901795,40.01966125196133,16.0,30.0,0.0,14.339291086669775,47.82567478651335,12.0,30.0,0.0,17.368504348942538,39.35533642834044,16.0,30.0,0.0,15.735395990877566,43.63141069683537,10.0,30.0,0.0,14.849607026938204,46.27518395715081,12.0,30.0,0.0,14.608097738117034,46.97736020599562,12.0,30.0,0.0,15.766289779927409,0.0,0.0,0.0,14.21776796623719,0.0,0.0,475.86394982700656,460.45891771517327,474.01200185695316,489.30502880616168,526.6511572978433,515.9033315430514,511.3554881963164,525.9642491908395,520.0082307250306,0.0,80.2680686561173,80.2680686561173,60.0,0.0,60.0,60.0,16.0,16.0,16.0,12.0,12.0,12.0,21.0,10.0,0.0,0.0,0.0,0.0,0.0,0.0,0.0,0.0,0.0,0.0,0.0,0.0,0.0,80.2680686561173,80.2680686561173,0.0,0.0,0.0,80.2680686561173,0.0,0.0,0.0021866666666666668 
 02/22  11:30:00,8.81,66.5,7.425,132.0,515.0,0.0,0.0,0.0,0.0,0.0,0.0,0.0,0.0,0.0,0.0,151.0,0.0,1442.4148097874757,62.999954790006558,161.43641748340353,43.25042588544231,1151.1793686468914,0.0,62.99995479000652,86.1257145240129,0.0,0.0,17.02953493839926,26.883163687099115,18.398893733445566,-497.52029224021319,17.119850362473814,-209.8994064526196,17.19240454277784,-23.80281018963251,14.231346560858377,19.871609164351186,17.936270290930858,-279.5971094471429,15.532706257307265,84.17103082883296,14.798467432682996,-21.720620044870999,14.85496613312261,-88.40498338642738,428.92522703434408,484.0312010533253,0.0,0.0,0.0,0.0,0.0,0.0,0.0,0.0,0.0,0.0,0.0,0.0,0.0,0.0,0.0,0.0,0.0,0.0,0.0,0.0,0.0,0.0,0.6107567733559282,0.18643369150058859,150.65038748174036,178.80370101371356,2520.039822945703,0.09203479988979718,0.014046825380005675,143.79259386139774,170.44763462614706,2501.213372471148,0.6720881925871782,0.12700079225003373,90.67871124120679,107.69395316869096,1488.767448001896,0.13981804392434023,0.026420643220774789,97.73353469116361,116.00091383882188,1627.4082635869348,0.0,0.0,9.699056648377838,11.620737531758629,109.51268584132639,0.0,0.0,81.01876659466758,96.04922471659818,1402.1753804590897,0.0,0.0,267.3937259539252,318.8107999049432,3765.170869883079,0.0,0.0,19.56983385516297,23.412526550151364,237.48539615974497,0.0,0.0,145.3415146937285,173.95773676524125,1727.2469518528265,43.440250287501267,29.794410348080438,179.584452206113,214.01717331276206,3195.8686661649546,0.0,0.0,163.52144245900346,195.95633718066473,1834.3058260683002,0.0,17.11361487683698,39.61719122436344,22.0,30.0,0.0,17.485354851562187,38.65028996196947,16.0,30.0,0.0,16.927444250277405,40.07465805936895,22.0,30.0,0.0,17.096895410983497,39.81636155139906,16.0,30.0,0.0,14.364961342442904,47.7168951553341,12.0,30.0,0.0,17.427046555027947,39.17440781717581,16.0,30.0,0.0,15.777015754463717,43.50361540953067,10.0,30.0,0.0,14.790775518138938,46.4263582807391,12.0,30.0,0.0,14.663932831621964,46.786620040909088,12.0,30.0,0.0,15.932276841930584,0.0,0.0,0.0,14.314413655319996,0.0,0.0,465.7549771713295,467.0531779878111,470.5160674399243,477.6791192246081,521.1159050735683,510.5525557489718,508.8099362106826,520.4693819896769,516.5150361461922,0.0,80.2680686561173,80.2680686561173,60.0,0.0,60.0,60.0,16.0,16.0,16.0,12.0,12.0,12.0,21.0,10.0,0.0,0.0,0.0,0.0,0.0,0.0,0.0,0.0,0.0,0.0,0.0,0.0,0.0,80.2680686561173,80.2680686561173,0.0,0.0,0.0,80.2680686561173,0.0,0.0,0.002183333333333333 
 02/22  11:40:00,8.943333333333336,65.66666666666667,7.51,139.0,476.33333333333339,0.0,0.0,0.0,0.0,0.0,0.0,0.0,0.0,0.0,0.0,151.0,0.0,1434.6493899467003,64.22312163578224,164.5706591892215,43.017575877826967,1144.981786289111,0.0,64.22312163578219,87.79787633628176,0.0,0.0,17.037643235308687,73.14643540120597,18.389624022559106,-620.0234257108641,17.14822209639901,-6.011787122488386,17.056835481061648,-216.0930986012686,14.249905436348829,20.142503482324345,17.99417880786714,-281.13874486896295,15.54106167256343,84.82213845764818,14.752732014012953,-17.952897616653446,14.886849819155989,-75.24039115892083,467.51352179288736,463.9829637003968,0.0,0.0,0.0,0.0,0.0,0.0,0.0,0.0,0.0,0.0,0.0,0.0,0.0,0.0,0.0,0.0,0.0,0.0,0.0,0.0,0.0,0.0,0.6202021610394025,0.1893168989741766,213.32671488542247,253.14792364298243,3535.066463963671,0.05518474119156433,0.008422579546942054,208.9004970025521,247.7011284218373,3545.3667457752956,0.6970000705632037,0.13170825218503477,234.3125732134608,278.1569363225042,3829.806526268757,0.12642115251344356,0.023889106672986304,113.1468303910419,134.42669399867649,1795.4730552867205,0.0,0.0,9.579758734516279,11.47750904806836,106.00546907120753,0.0,0.0,81.8444563401164,97.01437150608938,1403.5506398459473,0.0,0.0,266.1124003171808,317.28210083396848,3684.8683852126457,0.0,0.0,21.050812660175987,25.18970306966008,247.8621834171863,0.0,0.0,142.84883350521535,170.95077649549158,1674.7341315308079,43.67650820920308,29.956452818383466,267.5659812096653,318.72402028204996,4469.57572464119,0.0,0.0,163.15529797261028,195.45972614108846,1818.4213728726707,0.0,17.180100168790898,39.42935782820744,22.0,30.0,0.0,17.408156401909709,38.86009233921074,16.0,30.0,0.0,17.063756300703884,39.8250610332752,22.0,30.0,0.0,16.83544317105324,40.322553624104489,16.0,30.0,0.0,14.387094598086682,47.623482287048208,12.0,30.0,0.0,17.482865638730968,39.01952206128503,16.0,30.0,0.0,15.794333054857587,43.40241339718068,10.0,30.0,0.0,14.744445602923007,46.52932128417606,12.0,30.0,0.0,14.718887309312463,46.58383249906475,12.0,30.0,0.0,16.08433468797569,0.0,0.0,0.0,14.413749301241334,0.0,0.0,469.9308824204147,470.8570294643392,472.5868906094356,473.42204904860156,516.5544064956581,507.59260088939456,503.5255883006997,514.8076944041076,511.48345669675038,0.0,80.2680686561173,80.2680686561173,60.0,0.0,60.0,60.0,16.0,16.0,16.0,12.0,12.0,12.0,21.0,10.0,0.0,0.0,0.0,0.0,0.0,0.0,0.0,0.0,0.0,0.0,0.0,0.0,0.0,80.2680686561173,80.2680686561173,0.0,0.0,0.0,80.2680686561173,0.0,0.0,0.00218 
 02/22  11:50:00,9.076666666666668,64.83333333333333,7.595,146.0,437.6666666666667,0.0,0.0,0.0,0.0,0.0,0.0,0.0,0.0,0.0,0.0,302.0,0.0,1417.6970243444098,65.36665174790996,167.50082998029954,42.5092592213011,1131.4521944301819,0.0,65.36665174790991,89.36116869601449,0.0,0.0,17.003012362615018,55.77113099233293,18.422466175604659,-568.6116722082425,17.12199663292155,-41.38429089524038,17.08210147940943,1.3051890952131089,14.26524424518467,21.28313102823131,18.03619563749018,-283.6064156144978,15.56450437334129,101.07769517926499,14.719686892666993,-12.228881441989757,14.918197787562022,-49.059872345995248,358.11000799362957,442.3823975718078,0.0,0.0,0.0,0.0,0.0,0.0,0.0,0.0,0.0,0.0,0.0,0.0,0.0,0.0,0.0,0.0,0.0,0.0,0.0,0.0,0.0,0.0,0.5742276282030217,0.1752831587921312,188.72908556323262,224.3951487399154,3064.696710761738,0.06061132415836878,0.009250812600483636,183.450989769103,217.89614609791756,3077.4026052524925,0.6605790007270419,0.12482596385620601,134.00945895423295,159.4625570821648,2155.6299544902888,0.1507088168306177,0.028478612401855193,141.33102143900306,168.2399865929389,2232.118507471018,0.0,0.0,9.690390458469249,11.632946240391416,104.89705733801627,0.0,0.0,82.43967271330937,97.90552126953861,1396.986742881545,0.0,0.0,265.68568608229227,317.3603082485887,3631.3806958184916,0.0,0.0,22.953865088805004,27.52361768914801,262.8439031988005,0.0,0.0,139.6363348900381,167.41346610876964,1613.2083481957439,43.920322969715119,30.123678305703103,157.98761917549539,188.77915214119015,2722.8260510952097,0.0,0.0,161.43868616067369,193.73251444148094,1784.0487662609042,0.0,17.146859413843275,39.473528704838219,22.0,30.0,0.0,17.448955851668197,38.58586275922134,16.0,30.0,0.0,17.05716778061758,39.74177943814067,22.0,30.0,0.0,16.940572228127175,40.09775374425128,16.0,30.0,0.0,14.403195227546405,47.5432536143319,12.0,30.0,0.0,17.517764421590735,38.88666641755688,16.0,30.0,0.0,15.84158192093916,43.2347979636007,10.0,30.0,0.0,14.718785806417959,46.57714549546918,12.0,30.0,0.0,14.770149117407005,46.3928305315321,12.0,30.0,0.0,15.777914969971072,0.0,0.0,0.0,14.503487604783834,0.0,0.0,470.15842512546836,463.21280365878627,472.0794574954903,473.313154854262,512.5743855530024,502.48433920955849,500.198305507113,510.5999223745564,506.8880688165969,0.0,80.2680686561173,80.2680686561173,60.0,0.0,60.0,60.0,16.0,16.0,16.0,12.0,12.0,12.0,21.0,10.0,0.0,0.0,0.0,0.0,0.0,0.0,0.0,0.0,0.0,0.0,0.0,0.0,0.0,80.2680686561173,80.2680686561173,0.0,0.0,0.0,80.2680686561173,0.0,0.0,0.00219 
 02/22  12:00:00,9.21,64.0,7.68,153.0,399.0,0.0,0.0,0.0,0.0,0.0,0.0,0.0,0.0,0.0,0.0,151.0,0.0,1391.9795505965863,66.4393016243168,170.2493688036781,41.73812462842469,1110.9272584488227,0.0,66.43930162431677,90.82756239974916,0.0,0.0,16.96874922595308,53.849214571065207,18.42865438213977,-566.7192850166503,17.112938319103585,-22.714546422247169,17.122622636155847,-19.521195360316598,14.283664796265353,21.610919223581335,18.079794509734858,-286.6411914426658,15.584966894044922,99.3919989679307,14.68584796811373,-8.497936052785235,14.959560714723799,-50.738448586877897,334.59805969340598,421.85782813273456,0.0,0.0,0.0,0.0,0.0,0.0,0.0,0.0,0.0,0.0,0.0,0.0,0.0,0.0,0.0,0.0,0.0,0.0,0.0,0.0,0.0,0.0,0.5710076721333358,0.174300266218967,176.48341067260533,209.50282775670886,2808.2348575897678,0.06717252157706837,0.010252216357916419,171.84635815161495,203.7699645143029,2835.8318444348194,0.6346422339731642,0.11992483635169396,105.75705333329769,125.55307494932771,1681.6204334385414,0.1374399588540762,0.025971269624730947,112.78324347705964,133.92085928444835,1770.7426084445127,0.0,0.0,9.71337506284461,11.637287990484307,102.9950841455951,0.0,0.0,82.38244587218523,97.63469879038735,1382.4204107734889,0.0,0.0,264.36822530563838,315.1465863815766,3562.6239131207428,0.0,0.0,24.077535560991295,28.820497491563417,267.7790295255358,0.0,0.0,137.77926804013976,164.83469077447746,1573.3306505908916,44.18067286508161,30.30224476343047,129.75849280525353,154.7872591200992,2277.9082311899894,0.0,0.0,160.28039387182964,191.9192391622674,1756.2020531562333,0.0,17.114014257355206,39.39620657730013,22.0,30.0,0.0,17.439732934792724,38.58233187689074,16.0,30.0,0.0,17.085842038934208,39.585111670515569,22.0,30.0,0.0,17.02196235963829,39.86257524054815,16.0,30.0,0.0,14.425738604862149,47.422535729650068,12.0,30.0,0.0,17.56725419482271,38.72383115558654,16.0,30.0,0.0,15.878178247149246,43.07049402636651,10.0,30.0,0.0,14.686622399870585,46.607577126326777,12.0,30.0,0.0,14.836732804653048,46.13492280164042,12.0,30.0,0.0,15.71391414262427,0.0,0.0,0.0,14.590246322052263,0.0,0.0,465.4232241019514,462.31851314068936,468.77922839082665,475.7860407682512,506.8074971753531,498.53422148575057,495.14781052554596,503.8085542313634,501.549885228491,0.0,80.2680686561173,80.2680686561173,60.0,0.0,60.0,60.0,16.0,16.0,16.0,12.0,12.0,12.0,21.0,10.0,0.0,0.0,0.0,0.0,0.0,0.0,0.0,0.0,0.0,0.0,0.0,0.0,0.0,80.2680686561173,80.2680686561173,0.0,0.0,0.0,80.2680686561173,0.0,0.0,0.0022 
 02/22  12:10:00,9.261666666666667,63.5,7.708333333333334,160.0,360.3333333333333,0.0,0.0,0.0,0.0,0.0,0.0,0.0,0.0,0.0,0.0,151.0,0.0,1292.6551041677874,66.09406711771048,169.3646542280476,38.75992306408503,1031.6574069143206,0.0,66.09406711771044,90.35560065534912,0.0,0.0,16.95278169316348,69.66337200176077,18.384899220106239,-612.8182806377872,16.991496046379504,-160.93792116785427,17.133492105906698,-23.236272919687509,14.291754341592972,22.110480975731777,18.082453519057418,-284.75046482723976,15.596305508499232,100.50645996927051,14.65888478231636,-3.892416570604496,14.988962151392844,-42.034591236079908,427.32283978605849,403.32677585827607,0.0,0.0,0.0,0.0,0.0,0.0,0.0,0.0,0.0,0.0,0.0,0.0,0.0,0.0,0.0,0.0,0.0,0.0,0.0,0.0,0.0,0.0,0.5538030664702844,0.16904855508860942,186.77883213644305,221.72273753986736,2953.198811873426,0.0621665337228157,0.009488176697621445,182.88410526226927,216.90998247326395,2977.9548074727324,0.6387157437760401,0.1206945849916932,69.30825601262719,82.34198947674757,1071.1454290250572,0.12966024961396534,0.024501180955019899,75.9075812070313,90.12716362559617,1188.823805491263,0.0,0.0,9.6684149794182,11.583286553766565,101.66166768577081,0.0,0.0,82.73386071085372,98.04671791347535,1382.7375642666023,0.0,0.0,262.48450453518935,312.8868256815054,3519.38595284858,0.0,0.0,25.126483399787703,30.07855545513056,275.83369501474996,0.0,0.0,135.77529059860596,162.41323321585745,1548.7059655275764,44.38396714295163,30.44167842452102,195.68632847603494,233.20783101646919,3251.926167238223,0.0,0.0,158.92753165153233,190.25185442036674,1749.1342273816793,0.0,17.117654166041285,39.40622844753535,22.0,30.0,0.0,17.380953335758116,38.58571715233155,16.0,30.0,0.0,16.886870278512576,39.8879484465706,22.0,30.0,0.0,17.051173299563375,39.70731155709528,16.0,30.0,0.0,14.433748398197709,47.35185240668638,12.0,30.0,0.0,17.58571842036886,38.63137095723868,16.0,30.0,0.0,15.896455997907426,42.969019284425659,10.0,30.0,0.0,14.666823677723439,46.63595469841744,12.0,30.0,0.0,14.882919089859044,45.97203199021557,12.0,30.0,0.0,15.995196561772119,0.0,0.0,0.0,14.667451930245699,0.0,0.0,464.8019184327775,458.6752551034092,462.96476133484136,471.78714664398896,502.6384239176324,494.38817089248058,492.5425286783063,500.8782525120701,499.32159312176256,0.0,80.2680686561173,80.2680686561173,60.0,0.0,60.0,60.0,16.0,16.0,16.0,12.0,12.0,12.0,21.0,10.0,0.0,0.0,0.0,0.0,0.0,0.0,0.0,0.0,0.0,0.0,0.0,0.0,0.0,80.2680686561173,80.2680686561173,0.0,0.0,0.0,80.2680686561173,0.0,0.0,0.00221 
 02/22  12:20:00,9.313333333333335,63.0,7.736666666666666,167.0,321.66666666666665,0.0,0.0,0.0,0.0,0.0,0.0,0.0,0.0,0.0,0.0,151.0,0.0,1251.339410930722,67.01857470577622,171.73357886166526,37.52108291420015,998.6836923577882,0.0,67.01857470577619,91.61947261955035,0.0,0.0,16.90052584347647,47.8606556686409,18.406559279151709,-514.7472204339183,17.018219462238706,14.02884181148329,17.01548407950098,-192.06615214412296,14.30135474005382,22.640447822494879,18.086530999584203,-283.50677823230947,15.611515560150976,104.94542737004849,14.637017518203745,0.7699067415595664,15.018649540185166,-33.39264698871784,427.7010540121328,383.8555081710492,0.0,0.0,0.0,0.0,0.0,0.0,0.0,0.0,0.0,0.0,0.0,0.0,0.0,0.0,0.0,0.0,0.0,0.0,0.0,0.0,0.0,0.0,0.5595317837612532,0.17079724779037035,191.6650981820424,227.58980883259245,2982.4042278918866,0.06156753657359326,0.009396754666299339,175.67323378858544,208.3102221827008,2866.3479225883668,0.6667688061558816,0.12599561718743045,245.90765549440097,292.02828738193497,3806.1727215291678,0.12164345751779401,0.022986292047958047,110.15545543431144,130.90304961801363,1663.1138316197688,0.0,0.0,9.698027698217623,11.618656022507303,101.10450082794773,0.0,0.0,82.65248125370792,97.94896703174303,1374.314790412346,0.0,0.0,260.7544306993886,310.80027026889158,3482.544041141921,0.0,0.0,26.185927078571355,31.348864599948365,284.00624409362879,0.0,0.0,133.0723203358541,159.15802849636234,1515.8614822530888,44.498172804649019,30.520008782338157,243.07962161527886,289.68002531211098,3875.6308314158707,0.0,0.0,156.88295579658519,187.76624481556838,1730.003043856175,0.0,17.043031983204828,39.45383050382657,22.0,30.0,0.0,17.450930183755529,38.38872573426846,16.0,30.0,0.0,17.002537116570314,39.76095822649651,22.0,30.0,0.0,16.82098525735514,39.99517114403115,16.0,30.0,0.0,14.441278286692045,47.27803099174786,12.0,30.0,0.0,17.59492213326448,38.56047218407226,16.0,30.0,0.0,15.922695033175673,42.873741982836047,10.0,30.0,0.0,14.652918808444693,46.62384182340919,12.0,30.0,0.0,14.927943405658145,45.78017595104064,12.0,30.0,0.0,16.013018890012753,0.0,0.0,0.0,14.730904660776002,0.0,0.0,461.2405723595377,460.3491327902185,468.61474425613178,462.6756889053359,498.91700892589309,491.6418894401051,490.023514008653,496.8879534192562,495.2700244340571,0.0,80.2680686561173,80.2680686561173,60.0,0.0,60.0,60.0,16.0,16.0,16.0,12.0,12.0,12.0,21.0,10.0,0.0,0.0,0.0,0.0,0.0,0.0,0.0,0.0,0.0,0.0,0.0,0.0,0.0,80.2680686561173,80.2680686561173,0.0,0.0,0.0,80.2680686561173,0.0,0.0,0.0022066666666666668 
 02/22  12:30:00,9.365,62.5,7.765,174.0,283.0,0.0,0.0,0.0,0.0,0.0,0.0,0.0,0.0,0.0,0.0,151.0,0.0,1203.5012471525157,67.8925659202718,173.97305558966895,36.0866695472621,960.504462356852,0.0,67.89256592027177,92.81428487119472,0.0,0.0,16.92448246794508,94.76835176200894,18.362844240490884,-593.6121995290559,16.94592056753269,-90.8933847738599,17.050020468496859,-5.5881403361609049,14.30996427908153,22.78619929959831,18.08370803316137,-277.2180089529206,15.61616080675739,102.63719300818957,14.618799213500298,4.758732109984749,15.04675171859028,-27.791950450668084,412.4726653933121,370.0550142843531,0.0,0.0,0.0,0.0,0.0,0.0,0.0,0.0,0.0,0.0,0.0,0.0,0.0,0.0,0.0,0.0,0.0,0.0,0.0,0.0,0.0,0.0,0.5575205466293356,0.17018331704192175,217.20150015085668,257.84441601127215,3390.474904342106,0.03556908202819857,0.00542873657329038,215.52480808865077,255.63397652948113,3464.9229761139979,0.6131476401189029,0.11586312171559016,141.06194369071708,167.5919335993477,2141.7361108812835,0.1435795299625255,0.02713143045399196,148.3603123155139,176.22722276947574,2257.7104844707134,0.0,0.0,9.566848624546369,11.461435837923779,98.85200270249753,0.0,0.0,82.50236991885116,97.77044344155159,1364.2606073519062,0.0,0.0,257.8909167419855,307.38932624134307,3419.686392221562,0.0,0.0,26.66282081486775,31.921488341233436,285.8518155015356,0.0,0.0,131.7010859182132,157.49840386253019,1497.1474167285729,44.62388845498587,30.606233508220769,221.3092768220563,263.7807532248476,3534.691896906148,0.0,0.0,155.65498711165217,186.26022682218173,1718.7049580471942,0.0,17.1240429726471,39.220386089384749,22.0,30.0,0.0,17.382571895624787,38.434594289564689,16.0,30.0,0.0,16.892385279666109,39.78168644269209,22.0,30.0,0.0,16.93621304791637,39.93513115016407,16.0,30.0,0.0,14.447326847527253,47.21629842458571,12.0,30.0,0.0,17.600951790000538,38.51703747805531,16.0,30.0,0.0,15.927033960448697,42.787566837969119,10.0,30.0,0.0,14.64268701788024,46.59896889527978,12.0,30.0,0.0,14.968743718232668,45.60882962095386,12.0,30.0,0.0,15.971750701017287,0.0,0.0,0.0,14.790790465356626,0.0,0.0,462.14712274948718,456.4677548992887,460.77479710997707,469.549800809118,495.693028899372,488.9931679641141,486.570003465548,493.8082567140366,492.54085700439927,0.0,80.2680686561173,80.2680686561173,60.0,0.0,60.0,60.0,16.0,16.0,16.0,12.0,12.0,12.0,21.0,10.0,0.0,0.0,0.0,0.0,0.0,0.0,0.0,0.0,0.0,0.0,0.0,0.0,0.0,80.2680686561173,80.2680686561173,0.0,0.0,0.0,80.2680686561173,0.0,0.0,0.0022033333333333338 
 02/22  12:40:00,9.416666666666666,62.0,7.793333333333333,172.66666666666667,277.1666666666667,0.0,0.0,0.0,0.0,0.0,0.0,0.0,0.0,0.0,0.0,151.0,0.0,1209.4384343543739,67.28725113650863,172.42193824200815,36.26468825746704,965.2428141933909,0.0,67.2872511365086,91.98677366999906,0.0,0.0,16.856845016017883,43.7508851697321,18.388083068041543,-516.7879135975654,16.959655912931667,13.994705231730223,17.031688261071666,-78.45539785561141,14.32362571711522,23.294892469261869,18.098092214087033,-278.7206747103487,15.63755813548278,111.75084974584934,14.603173383439846,8.645662295954594,15.073013250335852,-22.05793202515997,374.54587381340846,351.67357659788379,0.0,0.0,0.0,0.0,0.0,0.0,0.0,0.0,0.0,0.0,0.0,0.0,0.0,0.0,0.0,0.0,0.0,0.0,0.0,0.0,0.0,0.0,0.5312586988640184,0.16216687999512165,199.7184029814817,237.19250656608,3051.7245741874087,0.0548165677525545,0.008366387019620652,175.55995244015205,208.19999987728424,2822.3884080233185,0.6672431439482336,0.1260852501791825,185.31938017299977,220.11334582903238,2820.1320219568258,0.13236269261104087,0.02501184667631157,41.69236360917446,49.532495712807079,628.6382281595651,0.0,0.0,9.706906892081916,11.628966714239903,99.50701758735284,0.0,0.0,82.25621111545199,97.47819901063054,1352.9140053453887,0.0,0.0,256.5544977085856,305.76072329456027,3394.7731236516258,0.0,0.0,27.496048016523745,32.920360942492887,291.51370168639758,0.0,0.0,128.35218326886599,153.47545992393496,1455.3559948117734,44.773589600198778,30.708909190808499,179.14085877110709,213.61304510266639,2901.2537583360106,0.0,0.0,152.80207525485666,182.82335587381363,1684.1041795853556,0.0,17.007991968095987,39.384853520368157,22.0,30.0,0.0,17.434349487655294,38.22106632134891,16.0,30.0,0.0,16.968802152554184,39.671290062452609,22.0,30.0,0.0,16.900900365583888,39.765679309850337,16.0,30.0,0.0,14.458850662808777,47.12747708696809,12.0,30.0,0.0,17.60860984765666,38.43722423415002,16.0,30.0,0.0,15.965612561075317,42.636717783841699,10.0,30.0,0.0,14.635378659595665,46.585650915782739,12.0,30.0,0.0,15.006759747228797,45.463634635171228,12.0,30.0,0.0,15.854585528599083,0.0,0.0,0.0,14.83319314975008,0.0,0.0,458.40581030414946,455.30279571123949,464.5885163479249,463.5742926267709,492.4307816834578,485.81236566899937,484.4111274689062,491.0953091158323,489.893103136309,0.0,80.2680686561173,80.2680686561173,60.0,0.0,60.0,60.0,16.0,16.0,16.0,12.0,12.0,12.0,21.0,10.0,0.0,0.0,0.0,0.0,0.0,0.0,0.0,0.0,0.0,0.0,0.0,0.0,0.0,80.2680686561173,80.2680686561173,0.0,0.0,0.0,80.2680686561173,0.0,0.0,0.0022 
 02/22  12:50:00,9.468333333333334,61.5,7.821666666666666,171.33333333333335,271.3333333333333,0.0,0.0,0.0,0.0,0.0,0.0,0.0,0.0,0.0,0.0,151.0,0.0,1213.121270303157,66.66109765708682,170.81742085768316,36.37511113196294,968.1819900293597,0.0,66.66109765708679,91.13077439195742,0.0,0.0,16.889088830675619,101.93542609652377,18.336412215204669,-640.979973045004,16.93852781044679,-16.272722554370377,17.04959636239405,-19.328859014838146,14.339071472908003,23.187729267944748,18.121447354725104,-272.4601074477114,15.635396146263727,103.63786986204741,14.589115648423008,11.508318218184514,15.096183857477126,-19.812186053557526,377.9846099298811,345.7530266487838,0.0,0.0,0.0,0.0,0.0,0.0,0.0,0.0,0.0,0.0,0.0,0.0,0.0,0.0,0.0,0.0,0.0,0.0,0.0,0.0,0.0,0.0,0.5608553514141775,0.17120126722044494,220.00739942813866,261.2097661058214,3379.303067497945,0.0338417522065862,0.005165102595632815,218.63512112183347,259.40009478260068,3440.0390867813796,0.6104811825022329,0.11535925595280294,85.62458576160954,101.708217835418,1296.8815927689714,0.1281183184523766,0.024209810743079469,91.96264677510765,109.23452703313768,1384.3895974124249,0.0,0.0,9.51651622116662,11.400526028717183,96.82294212593664,0.0,0.0,81.86817358749255,97.01296078950942,1341.497647347142,0.0,0.0,253.76770270292037,302.45713346600408,3325.8621936322626,0.0,0.0,27.8132127141116,33.301524325374469,291.60112225906217,0.0,0.0,127.97028777732197,153.00504034322123,1445.7521255753389,44.9105931699875,30.802875973928339,171.935425780519,205.0214978342771,2789.9950514016957,0.0,0.0,152.67542145399498,182.6398044044799,1683.5493405392322,0.0,17.10261700879858,39.06542274834613,22.0,30.0,0.0,17.31313858519146,38.39895438764206,16.0,30.0,0.0,16.958292312084035,39.548909302299779,22.0,30.0,0.0,16.955171726422408,39.71891448410871,16.0,30.0,0.0,14.472711426286628,47.03131565632902,12.0,30.0,0.0,17.630119437132725,38.33621134235105,16.0,30.0,0.0,15.954296832784788,42.60777058222151,10.0,30.0,0.0,14.628688245360506,46.53893174291336,12.0,30.0,0.0,15.038613139383453,45.3005154521446,12.0,30.0,0.0,15.861331479895615,0.0,0.0,0.0,14.888595255189119,0.0,0.0,456.9733200008711,452.7483122584515,460.56207936364378,465.83491032537617,489.5363538951317,483.34220916880289,481.6440869449813,487.8647633575945,486.69047854244766,0.0,80.2680686561173,80.2680686561173,60.0,0.0,60.0,60.0,16.0,16.0,16.0,12.0,12.0,12.0,21.0,10.0,0.0,0.0,0.0,0.0,0.0,0.0,0.0,0.0,0.0,0.0,0.0,0.0,0.0,80.2680686561173,80.2680686561173,0.0,0.0,0.0,80.2680686561173,0.0,0.0,0.00219 
 02/22  13:00:00,9.52,61.0,7.85,170.0,265.5,0.0,0.0,0.0,0.0,0.0,0.0,0.0,0.0,0.0,0.0,151.0,0.0,1214.6619800951444,66.01512944047171,169.162127425914,36.4213032036098,969.4115557136212,0.0,66.01512944047168,90.24768686592314,0.0,0.0,16.82088936404601,43.76306895484868,18.387281651309878,-491.80730238499657,16.926536369318524,3.250219429351091,17.06020820068474,-23.12456019436246,14.35637981467411,23.564698333074433,18.141502050501104,-279.99470514832776,15.65899251453565,115.66304762611071,14.577509927717646,15.097600387305079,15.119047825516783,-14.368823795624849,311.05044628758108,326.15077972727797,0.0,0.0,0.0,0.0,0.0,0.0,0.0,0.0,0.0,0.0,0.0,0.0,0.0,0.0,0.0,0.0,0.0,0.0,0.0,0.0,0.0,0.0,0.5373000287760501,0.1640109977948871,169.06709602993514,200.8197218798326,2540.499364270158,0.06720480702992388,0.010257143930086062,156.72070962429457,185.87734971509892,2483.2292738831927,0.618507640523419,0.1168759713763075,115.88238292659851,137.64844631481575,1742.3481059401068,0.1256924586557204,0.023751409420960009,9.676454962635795,11.492844530811384,146.83562606129525,0.0,0.0,9.713332965854527,11.635848018981552,98.13018985395182,0.0,0.0,82.20116718414943,97.40530656298495,1340.4095588216169,0.0,0.0,252.79148683291747,301.2553027402323,3308.280861811634,0.0,0.0,28.278536783191016,33.85973837638861,293.3030719234597,0.0,0.0,124.40539374000235,148.72885840021756,1400.3783393135562,45.0546340489135,30.901669443699256,118.52052668216938,141.43435122236105,2021.4553449647315,0.0,0.0,149.26906413492035,178.5497145619462,1639.3035936337627,0.0,16.98065625003668,39.26312635201042,22.0,30.0,0.0,17.420776761648729,38.05695976460821,16.0,30.0,0.0,16.96870635768629,39.42547112858212,22.0,30.0,0.0,16.981060847877499,39.67872979594708,16.0,30.0,0.0,14.48927595143138,46.922778532996229,12.0,30.0,0.0,17.642311723446328,38.25567614024594,16.0,30.0,0.0,15.997490776713141,42.41523818120753,10.0,30.0,0.0,14.62472829147075,46.49512978532213,12.0,30.0,0.0,15.070571441437993,45.155027650439908,12.0,30.0,0.0,15.656325627786642,0.0,0.0,0.0,14.918640857533516,0.0,0.0,455.02454015909799,452.7615816242202,458.42522103755109,468.32188366174588,486.6933973260361,480.8324973665602,478.7351441623874,485.35862773287036,484.34197839649098,0.0,80.2680686561173,80.2680686561173,60.0,0.0,60.0,60.0,16.0,16.0,16.0,12.0,12.0,12.0,21.0,10.0,0.0,0.0,0.0,0.0,0.0,0.0,0.0,0.0,0.0,0.0,0.0,0.0,0.0,80.2680686561173,80.2680686561173,0.0,0.0,0.0,80.2680686561173,0.0,0.0,0.00218 
 02/22  13:10:00,9.571666666666668,60.16666666666667,7.895,168.66666666666669,259.66666666666665,0.0,0.0,0.0,0.0,0.0,0.0,0.0,0.0,0.0,0.0,302.0,0.0,1214.1838185246266,65.35006636335948,167.45790274653647,36.40696022540135,969.0298797795392,0.0,65.35006636335945,89.33849521791714,0.0,0.0,16.834586367610386,92.10621983097326,18.361874723037887,-603.747898523111,16.89999059337127,-13.539564771234723,17.031276823809948,-69.7588097896562,14.372777880532384,23.681431488360233,18.163439819449779,-274.4997062913726,15.662336373086213,110.7832316908416,14.567835268600945,18.739921193001864,15.137872251829898,-7.2054766777689569,371.7793073407033,322.0593166983149,0.0,0.0,0.0,0.0,0.0,0.0,0.0,0.0,0.0,0.0,0.0,0.0,0.0,0.0,0.0,0.0,0.0,0.0,0.0,0.0,0.0,0.0,0.5411850960486295,0.16519691576575996,195.86811212649978,233.09687126006834,2941.786931463512,0.04913007688133013,0.007498485482498494,194.05605217640577,230.70160599033916,3024.7744640503694,0.6075161078636487,0.11479896218133956,76.30749319031655,90.77088926942233,1138.6415848849584,0.12063332371855804,0.022795412645230156,59.6698668222044,70.99419972929603,883.5718328912747,0.0,0.0,9.569430589966565,11.485147859961144,95.90882897494396,0.0,0.0,82.10937574531397,97.47990737975178,1332.9619352535434,0.0,0.0,250.72097679480116,299.3717478496918,3253.5712539984658,0.0,0.0,28.750357902778498,34.49191357142104,294.998774851412,0.0,0.0,123.82724785413319,148.31674206838404,1386.445621892952,45.27027918898291,31.04957420369199,166.8502997984911,199.428837812234,2681.8848589373785,0.0,0.0,149.0701386391011,178.63160771315706,1635.656493523083,0.0,17.034554917082774,38.95955254103136,22.0,30.0,0.0,17.348020974858686,38.03767429113966,16.0,30.0,0.0,16.94644332200034,39.49443961469394,22.0,30.0,0.0,16.930209428664477,39.550887389741259,16.0,30.0,0.0,14.502992485583162,46.82264951805988,12.0,30.0,0.0,17.660695405862044,38.12745588554762,16.0,30.0,0.0,15.996360939422793,42.32388006590794,10.0,30.0,0.0,14.622888738474316,46.430790687854187,12.0,30.0,0.0,15.094752509902828,44.998803078541367,12.0,30.0,0.0,15.832580228460654,0.0,0.0,0.0,14.96798555478183,0.0,0.0,453.06518346014868,449.7467821565538,460.92553211620557,462.24192617033398,484.27044120310998,477.5171907553085,475.6679460055919,482.5010374035787,480.8548048865555,0.0,80.2680686561173,80.2680686561173,60.0,0.0,60.0,60.0,16.0,16.0,16.0,12.0,12.0,12.0,21.0,10.0,0.0,0.0,0.0,0.0,0.0,0.0,0.0,0.0,0.0,0.0,0.0,0.0,0.0,80.2680686561173,80.2680686561173,0.0,0.0,0.0,80.2680686561173,0.0,0.0,0.0021699999999999998 
 02/22  13:20:00,9.623333333333333,59.333333333333339,7.9399999999999999,167.33333333333335,253.83333333333335,0.0,0.0,0.0,0.0,0.0,0.0,0.0,0.0,0.0,0.0,151.0,0.0,1211.819857750679,64.66631474810518,165.70578815659307,36.33607231922185,967.1431658945185,0.0,64.66631474810515,88.40375492140402,0.0,0.0,16.833271811324765,90.91556899052921,18.332602418103677,-636.9111955189301,16.872385123353017,-7.427363274142863,17.042421493356448,-19.964074073895973,14.393836262883183,23.53681166475485,18.18881828953389,-276.64973092762878,15.674690472942342,112.07139359833309,14.558580441608396,20.232329117836345,15.160733364178258,-10.10807368202586,360.9742585883105,312.06323426185738,0.0,0.0,0.0,0.0,0.0,0.0,0.0,0.0,0.0,0.0,0.0,0.0,0.0,0.0,0.0,0.0,0.0,0.0,0.0,0.0,0.0,0.0,0.5531537905603992,0.16885036341892527,201.35930057173617,239.1335632739094,3009.003641454708,0.04631651398041335,0.007069065015325604,199.68544395896854,236.95902870875353,3069.5586514040539,0.6002966310765115,0.11343473754280267,90.61691802509147,107.6599690067227,1337.2037552482423,0.11972316980322043,0.02262342588874157,8.781897205285724,10.431060088854702,131.28609265076993,0.0,0.0,9.572145094346718,11.465492635300836,95.38417040765818,0.0,0.0,82.1884740227914,97.37862243641996,1330.0812784620458,0.0,0.0,249.615857821055,297.4616166833151,3223.2182546699139,0.0,0.0,29.009656241464314,34.73648933618055,294.5322575740817,0.0,0.0,122.52950560976318,146.46112434661803,1367.2612217499982,45.441149318061849,31.166769079603474,152.48229390190736,181.88166057571977,2460.6355014910047,0.0,0.0,147.92988961765912,176.8990975672851,1619.2683730340678,0.0,17.047751821021224,38.78730920671063,22.0,30.0,0.0,17.286294449445014,38.03439429980092,16.0,30.0,0.0,16.923502547619337,39.210580745990089,22.0,30.0,0.0,16.968902477153603,39.53229174278042,16.0,30.0,0.0,14.525189025157632,46.644692991733,12.0,30.0,0.0,17.685470408317447,37.96129681992825,16.0,30.0,0.0,16.01476165089189,42.15781003706234,10.0,30.0,0.0,14.619797864912489,46.32346028539207,12.0,30.0,0.0,15.126578366981294,44.80155236231129,12.0,30.0,0.0,15.799695481611704,0.0,0.0,0.0,15.005879169583011,0.0,0.0,451.1229370857471,449.84801195116776,453.7438661903758,465.2229828087605,480.2368132502208,473.8180357121593,472.4428880855407,478.34491645143376,477.2261991768796,0.0,80.2680686561173,80.2680686561173,60.0,0.0,60.0,60.0,16.0,16.0,16.0,12.0,12.0,12.0,21.0,10.0,0.0,0.0,0.0,0.0,0.0,0.0,0.0,0.0,0.0,0.0,0.0,0.0,0.0,80.2680686561173,80.2680686561173,0.0,0.0,0.0,80.2680686561173,0.0,0.0,0.0021366666666666667 
 02/22  13:30:00,9.675,58.5,7.984999999999999,166.0,248.0,0.0,0.0,0.0,0.0,0.0,0.0,0.0,0.0,0.0,0.0,151.0,0.0,1207.7121292496259,63.96394808172105,163.90597212337043,36.21289824767189,963.8647680610193,0.0,63.963948081721017,87.44356643870087,0.0,0.0,16.793603516588918,64.10206272888263,18.371285446337244,-522.211672903577,16.853830625844723,5.8325862638021139,16.971008545624053,-129.7412540632322,14.413778993296687,23.74411208023804,18.20977036527239,-279.67065919646896,15.688730316283174,115.4452144412353,14.55069384279081,23.070871748930018,15.178798132820792,-6.502108738427069,375.34496427111028,302.7760750098605,0.0,0.0,0.0,0.0,0.0,0.0,0.0,0.0,0.0,0.0,0.0,0.0,0.0,0.0,0.0,0.0,0.0,0.0,0.0,0.0,0.0,0.0,0.54685767798123,0.1669284731322436,167.98882220173159,199.552223703356,2472.1568688122436,0.06521603491475633,0.00995360728247197,165.3201087565357,196.12717105786715,2551.742500761994,0.5957956600834211,0.112584213923549,158.29796472355043,188.0697932110868,2310.7405951426947,0.11546044753257964,0.021817922814168484,61.02587139518095,72.52897593285627,879.1568735030212,0.0,0.0,9.651316831757525,11.559665816629652,95.53310406495068,0.0,0.0,82.24887574419894,97.44542103679814,1325.2728884948434,0.0,0.0,249.3612665152666,297.13884065470719,3204.5607925270726,0.0,0.0,29.3968753872192,35.20073219922388,295.2833045496546,0.0,0.0,121.24745802706511,144.91820059206038,1346.0013031042229,45.64103911000462,31.30386770233514,171.58914797382028,204.64148709703893,2699.301568225779,0.0,0.0,146.90295515800109,175.65179578796123,1602.714746097618,0.0,16.98113803606457,38.83569362664011,22.0,30.0,0.0,17.370530898602469,37.67886890474914,16.0,30.0,0.0,16.916786209030076,39.33488576291527,22.0,30.0,0.0,16.833299179745596,39.20152225523933,16.0,30.0,0.0,14.544456086002166,46.49669422125257,12.0,30.0,0.0,17.702529270065225,37.84826364566499,16.0,30.0,0.0,16.036339111892358,42.02140769327474,10.0,30.0,0.0,14.618000170241153,46.23760204383865,12.0,30.0,0.0,15.15034187125472,44.645806257387317,12.0,30.0,0.0,15.849369118212375,0.0,0.0,0.0,15.040332980110316,0.0,0.0,451.5335256684775,447.6020059694323,457.1683215450912,452.39245941310659,477.39315275115038,471.8071965347382,470.177578665458,475.6062622235637,474.66821335172758,0.0,80.2680686561173,80.2680686561173,60.0,0.0,60.0,60.0,16.0,16.0,16.0,12.0,12.0,12.0,21.0,10.0,0.0,0.0,0.0,0.0,0.0,0.0,0.0,0.0,0.0,0.0,0.0,0.0,0.0,80.2680686561173,80.2680686561173,0.0,0.0,0.0,80.2680686561173,0.0,0.0,0.0021033333333333335 
 02/22  13:40:00,9.726666666666667,57.666666666666667,8.03,158.5,250.33333333333335,0.0,0.0,0.0,0.0,0.0,0.0,0.0,0.0,0.0,0.0,151.0,0.0,1205.1375798671414,61.64532777416911,157.96457562089416,36.13569260846603,961.8099493271493,0.0,61.64532777416908,84.27383669264917,0.0,0.0,16.81444598363028,100.22205133998978,18.352963133692968,-615.2276872792772,16.809890359966788,-24.78218249886777,16.985029729020647,-14.059822179075127,14.434266755613202,23.49863657147779,18.234555946897829,-278.3340676937614,15.693153108948746,112.14554744209181,14.54332622068604,25.410791390402438,15.19530019424331,-4.02451646587042,367.7229515145782,298.1751184778659,0.0,0.0,0.0,0.0,0.0,0.0,0.0,0.0,0.0,0.0,0.0,0.0,0.0,0.0,0.0,0.0,0.0,0.0,0.0,0.0,0.0,0.0,0.5362352844990005,0.1636859842793042,209.24306455463555,248.51396765825732,3079.617957125139,0.034794503441232017,0.0053105163982344349,208.8765159190297,247.852883279705,3179.017489940124,0.5938010605433709,0.11220730546926892,102.83213339074612,122.2041174576945,1481.5401293327637,0.1289683631535505,0.024370438993490265,108.81828202869434,129.29276931682709,1568.662813050334,0.0,0.0,9.52972145071499,11.413367819360598,93.70026271805684,0.0,0.0,82.45583737589992,97.68424285329599,1323.6555617190382,0.0,0.0,248.11691594996175,295.65798893113739,3163.3867322454618,0.0,0.0,29.64216979623703,35.49497875561135,294.56662871772616,0.0,0.0,121.09662919167576,144.72824906395383,1336.9875999246384,45.802766601074839,31.414791907458747,172.47956376409798,205.72484169433165,2682.277170956561,0.0,0.0,146.8734747913354,175.59590397246206,1597.7056721494496,0.0,17.04026169428877,38.52355442030538,22.0,30.0,0.0,17.315027947848749,37.67890206178051,16.0,30.0,0.0,16.85850400317035,39.14621725240822,22.0,30.0,0.0,16.896084093930168,39.38830063045566,16.0,30.0,0.0,14.563860121722481,46.350706039055747,12.0,30.0,0.0,17.72487115671643,37.71420553353429,16.0,30.0,0.0,16.037671703877377,41.930235917423747,10.0,30.0,0.0,14.616648311678466,46.15186109293786,12.0,30.0,0.0,15.172457905096488,44.4968661050054,12.0,30.0,0.0,15.83230920413197,0.0,0.0,0.0,15.07692530095432,0.0,0.0,448.88405659646318,446.554434926142,452.30379424397827,457.6789551926505,474.81310505538428,469.38705049062818,468.557769284968,473.28168545264938,472.44465756957939,0.0,80.2680686561173,80.2680686561173,60.0,0.0,60.0,60.0,16.0,16.0,16.0,12.0,12.0,12.0,21.0,10.0,0.0,0.0,0.0,0.0,0.0,0.0,0.0,0.0,0.0,0.0,0.0,0.0,0.0,80.2680686561173,80.2680686561173,0.0,0.0,0.0,80.2680686561173,0.0,0.0,0.00207 
 02/22  13:50:00,9.778333333333333,56.833333333333339,8.075,151.0,252.66666666666667,0.0,0.0,0.0,0.0,0.0,0.0,0.0,0.0,0.0,0.0,151.0,0.0,1200.9100565356289,59.2797747580906,151.90291447109218,36.00892309045535,958.4359068773583,0.0,59.279774758090578,81.03994637584988,0.0,0.0,16.790020176982656,76.61576990385584,18.377449716885729,-551.2707598191828,16.800448402345219,17.62255152742091,16.947091699140708,-88.07825802341267,14.45553245427042,23.63792993813115,18.256743983487249,-283.1268641127299,15.711173708320612,118.55136069795663,14.53701022313541,27.985781729616748,15.21104853553226,-1.0331432451862384,356.88033076029208,288.82202364440857,0.0,0.0,0.0,0.0,0.0,0.0,0.0,0.0,0.0,0.0,0.0,0.0,0.0,0.0,0.0,0.0,0.0,0.0,0.0,0.0,0.0,0.0,0.5241308244135717,0.15999109414333693,180.83356581290705,214.806974864483,2629.008367181985,0.051358974345547859,0.00783867129816054,179.28155541091543,212.71058353032556,2726.737508385045,0.6189664436271717,0.1169626688637891,167.23902196719366,198.7354356723149,2391.262384249989,0.12216014091968813,0.0230839268555722,44.90971841320197,53.37750815501411,637.8149660575119,0.0,0.0,9.63970686927913,11.544392150520887,94.16442400477618,0.0,0.0,82.7402965553062,98.01647903186246,1322.4361501070853,0.0,0.0,247.86172034280606,295.3283096256255,3148.7522823155798,0.0,0.0,30.037458670369916,35.968689231483029,295.34039918801246,0.0,0.0,119.17518158276572,142.42263109354898,1308.3878715677254,46.00270591345338,31.551924494824005,166.8206750100639,198.99950101752882,2580.014268448004,0.0,0.0,145.1994739718582,173.5826965291332,1570.8998857366337,0.0,16.999253684257423,38.50135431135063,22.0,30.0,0.0,17.361939322340107,37.32081536318044,16.0,30.0,0.0,16.871221378082767,39.09166260649759,22.0,30.0,0.0,16.829342050289353,38.98716589539584,16.0,30.0,0.0,14.584262548771312,46.19874060711941,12.0,30.0,0.0,17.742136653272458,37.595929594189687,16.0,30.0,0.0,16.067228797805343,41.73945714043288,10.0,30.0,0.0,14.616444395013808,46.06510143379017,12.0,30.0,0.0,15.193879105004314,44.3513520489998,12.0,30.0,0.0,15.80132589494001,0.0,0.0,0.0,15.099750033570786,0.0,0.0,448.03689106187388,445.4581015823435,451.8664968673206,451.1494102016741,472.5226373722906,467.7790604055394,466.0377575088226,470.99825638633527,470.26917974922596,0.0,80.2680686561173,80.2680686561173,60.0,0.0,60.0,60.0,16.0,16.0,16.0,12.0,12.0,12.0,21.0,10.0,0.0,0.0,0.0,0.0,0.0,0.0,0.0,0.0,0.0,0.0,0.0,0.0,0.0,80.2680686561173,80.2680686561173,0.0,0.0,0.0,80.2680686561173,0.0,0.0,0.0021066666666666666 
 02/22  14:00:00,9.83,56.0,8.12,143.5,255.0,0.0,0.0,0.0,0.0,0.0,0.0,0.0,0.0,0.0,0.0,151.0,0.0,1195.017637254879,56.86683720430834,145.71983086695099,35.832232215789087,953.7331258633759,0.0,56.86683720430831,77.74127780356247,0.0,0.0,16.80035633424311,97.61596796740105,18.360030232536354,-617.122582397019,16.779382227607834,8.171818512525079,16.956122042074555,-17.72526009355488,14.477165484948767,23.538006736537399,18.280669222116509,-280.8986676400914,15.717620894325802,114.96758497220435,14.53083904459611,29.70118291596009,15.224898288319786,-0.012627898124264903,346.16160583944386,289.4047290733861,0.0,0.0,0.0,0.0,0.0,0.0,0.0,0.0,0.0,0.0,0.0,0.0,0.0,0.0,0.0,0.0,0.0,0.0,0.0,0.0,0.0,0.0,0.520860015163508,0.15899267862133946,203.23864234786223,241.40488263657918,2945.6194187392545,0.03360053354843911,0.00512828656111708,203.06592919694445,240.97341121449345,3047.993908747574,0.6166476123335554,0.11652449212652222,117.6105656553426,139.77336910188459,1668.4639440083795,0.12797987850610668,0.02418365051135802,82.76231447472901,98.34741987724135,1172.6751539887176,0.0,0.0,9.558390804338878,11.446324150139791,92.76176765038236,0.0,0.0,82.6841412619783,97.94386353484872,1316.694067953608,0.0,0.0,247.5083343659866,294.9064027343708,3120.5178220548725,0.0,0.0,30.315603622308463,36.30226289935464,294.84851858850547,0.0,0.0,119.66117526101428,142.99602784958803,1305.5512502572049,46.17590656071253,31.670717805701334,155.12609551275404,185.07768735053615,2407.3054756050266,0.0,0.0,145.90223604998236,174.40639774494614,1572.3887541054804,0.0,17.0319339181625,38.169017981011709,22.0,30.0,0.0,17.313879559383726,37.3316476859709,16.0,30.0,0.0,16.856159187571455,38.8913445160936,22.0,30.0,0.0,16.873956430136894,39.09740783108815,16.0,30.0,0.0,14.604856975827609,46.03741200355601,12.0,30.0,0.0,17.765228492178136,37.433133172333139,16.0,30.0,0.0,16.071377028667248,41.6389063983509,10.0,30.0,0.0,14.615525587570545,45.97392008301419,12.0,30.0,0.0,15.212106151862264,44.20489205059678,12.0,30.0,0.0,15.7709961444588,0.0,0.0,0.0,15.131296816557349,0.0,0.0,446.6441111447978,445.335535155254,449.09382536824116,452.7959352134907,470.2429348456871,465.34719430096427,464.41102492741956,469.18467680744006,468.4599732968066,0.0,80.2680686561173,80.2680686561173,60.0,0.0,60.0,60.0,16.0,16.0,16.0,12.0,12.0,12.0,21.0,10.0,0.0,0.0,0.0,0.0,0.0,0.0,0.0,0.0,0.0,0.0,0.0,0.0,0.0,80.2680686561173,80.2680686561173,0.0,0.0,0.0,80.2680686561173,0.0,0.0,0.0021433333333333336 
 02/22  14:10:00,9.843333333333334,56.0,8.035,136.0,257.3333333333333,0.0,0.0,0.0,0.0,0.0,0.0,0.0,0.0,0.0,0.0,151.0,0.0,1187.4462759241815,54.40593703337198,139.41384349714725,35.605198817300308,947.6903962237118,0.0,54.40593703337195,74.37704069735142,0.0,0.0,16.779776538292326,80.34962824672766,18.373090691143437,-573.5057886913646,16.764504997795649,18.775967716311244,16.948944626079276,-38.08188626576316,14.499151900705673,23.420195617182516,18.302114829365295,-284.9501229944958,15.731594002639842,118.53992358496635,14.525588299034263,31.82863524639845,15.238229143156845,2.417801389021406,329.22332869925597,283.43403807641246,0.0,0.0,0.0,0.0,0.0,0.0,0.0,0.0,0.0,0.0,0.0,0.0,0.0,0.0,0.0,0.0,0.0,0.0,0.0,0.0,0.0,0.0,0.509692169683774,0.15558369037966239,182.951915267872,217.34597553572889,2634.826157731577,0.046006778440587658,0.007021791581286273,181.9790872486572,215.95008910918834,2735.969606403901,0.6072580160838624,0.11475019200375333,145.07899456348927,172.43154861660475,2051.227947049246,0.12104873066516618,0.022873909800673877,23.948906897151216,28.461175051609489,339.7292937411583,0.0,0.0,9.57537119433355,11.466405015029367,93.06914211980092,0.0,0.0,82.92694997080297,98.23027752727373,1321.3149330358525,0.0,0.0,246.87234531738134,294.14536398622615,3115.8953993171755,0.0,0.0,30.49346975280759,36.51719171134674,295.75909191205178,0.0,0.0,118.3791684830328,141.46276082606139,1292.599121614301,45.8168563469311,31.424455656331355,143.74793169873525,171.53613304203226,2246.5469429608576,0.0,0.0,144.6123589265275,172.86307732632316,1559.4871160947008,0.0,16.997025663285649,38.15957786765306,22.0,30.0,0.0,17.339322063202869,37.00416634096335,16.0,30.0,0.0,16.852984828991155,38.724690680150469,22.0,30.0,0.0,16.87054070141606,38.90399977785764,16.0,30.0,0.0,14.625749983415423,45.87552034546778,12.0,30.0,0.0,17.78335609276422,37.31108234045033,16.0,30.0,0.0,16.091801021174264,41.44491702963438,10.0,30.0,0.0,14.615430773836526,45.86100902791576,12.0,30.0,0.0,15.229939277619162,44.04431815957241,12.0,30.0,0.0,15.729917851760535,0.0,0.0,0.0,15.148199724339685,0.0,0.0,446.5641378619123,443.7233812618581,448.3652984573076,451.88477805771086,468.1331667727145,463.7705590912999,462.49288464553197,466.8667462016462,466.1530100121998,0.0,80.2680686561173,80.2680686561173,60.0,0.0,60.0,60.0,16.0,16.0,16.0,12.0,12.0,12.0,21.0,10.0,0.0,0.0,0.0,0.0,0.0,0.0,0.0,0.0,0.0,0.0,0.0,0.0,0.0,80.2680686561173,80.2680686561173,0.0,0.0,0.0,80.2680686561173,0.0,0.0,0.00218 
 02/22  14:20:00,9.856666666666668,56.0,7.949999999999999,128.5,259.6666666666667,0.0,0.0,0.0,0.0,0.0,0.0,0.0,0.0,0.0,0.0,151.0,0.0,1178.1801187835118,51.896411272499779,132.98325352097954,35.32734752684241,940.2950652320085,0.0,51.896411272499758,70.94632872316092,0.0,0.0,16.78290922459956,93.8502181382064,18.357500714173236,-619.5371627427339,16.742807311174823,13.642407204887605,16.93585048866759,-40.01602045264133,14.521242327163023,23.121062483408367,18.32310639514227,-284.6757180054906,15.738083514700302,115.96373689852135,14.520300563106862,33.086096195479857,15.24968390974771,2.756708452861403,348.28793665800006,283.0188187556623,0.0,0.0,0.0,0.0,0.0,0.0,0.0,0.0,0.0,0.0,0.0,0.0,0.0,0.0,0.0,0.0,0.0,0.0,0.0,0.0,0.0,0.0,0.5073326632057884,0.15486345030701724,196.59669158754688,233.5635711245555,2831.5903973243437,0.03514627499210504,0.005364205584875617,196.35234082165187,233.0500668190336,2931.8230564549278,0.5914371038999567,0.1117606016439828,136.67100532310276,162.45776725740297,1923.9072726981477,0.11771631886339577,0.022244202355139028,24.185259398239375,28.74506998533053,341.89822071281466,0.0,0.0,9.474624822817957,11.345543967034118,92.22880212155828,0.0,0.0,83.02951449130112,98.3509497138298,1324.0073714241997,0.0,0.0,246.05951938084648,293.18748884992467,3101.1921344279614,0.0,0.0,30.62980068987807,36.6824548528035,296.1988279611462,0.0,0.0,118.33443540952516,141.40941410802027,1292.39925710598,45.45632148919832,31.177175232646318,159.63715214953383,190.460844107284,2453.055957380551,0.0,0.0,144.5788524174701,172.8202645667526,1561.4539712909555,0.0,17.012675163358808,37.851012221494169,22.0,30.0,0.0,17.30056414138264,36.995071503877259,16.0,30.0,0.0,16.834024193175716,38.665963138712879,22.0,30.0,0.0,16.860480026864914,38.741616087943608,16.0,30.0,0.0,14.64652837967185,45.69975935572027,12.0,30.0,0.0,17.803371644542005,37.13423034173647,16.0,30.0,0.0,16.096061161237786,41.34080779000047,10.0,30.0,0.0,14.614358497694072,45.762350848816009,12.0,30.0,0.0,15.24458897376196,43.90084791294224,12.0,30.0,0.0,15.798860403720746,0.0,0.0,0.0,15.169747505835252,0.0,0.0,444.8128917896433,442.04692031447567,448.147682616569,450.40875513440656,466.13875919687117,461.8223397606674,461.0035666584996,465.0375804355676,464.3985525226985,0.0,80.2680686561173,80.2680686561173,60.0,0.0,60.0,60.0,16.0,16.0,16.0,12.0,12.0,12.0,21.0,10.0,0.0,0.0,0.0,0.0,0.0,0.0,0.0,0.0,0.0,0.0,0.0,0.0,0.0,80.2680686561173,80.2680686561173,0.0,0.0,0.0,80.2680686561173,0.0,0.0,0.0022 
 02/22  14:30:00,9.870000000000001,56.0,7.865,121.0,262.0,0.0,0.0,0.0,0.0,0.0,0.0,0.0,0.0,0.0,0.0,151.0,0.0,1167.202069437887,49.33754735994982,126.42623503391865,34.99816571725907,931.5334884368472,0.0,49.3375473599498,67.4481677550671,0.0,0.0,16.76690960950114,82.23635602461036,18.375585016734339,-568.5478310132612,16.72614272701047,21.729895875431795,16.918580574053914,-43.48759485949142,14.543430020636013,22.872834002153185,18.34083737209192,-287.8432224747894,15.749511129992026,118.09127616078877,14.515442994114166,34.622552495685,15.260125163991967,4.081985726971652,329.34776811213217,278.80687677793505,0.0,0.0,0.0,0.0,0.0,0.0,0.0,0.0,0.0,0.0,0.0,0.0,0.0,0.0,0.0,0.0,0.0,0.0,0.0,0.0,0.0,0.0,0.4879283915116695,0.14894029044922758,184.08999358891729,218.73661720427769,2637.214358641656,0.039146429291440038,0.005974729745335781,183.63328790449905,217.93521143254203,2751.2048709939488,0.5859055162480665,0.11071532808920384,146.6464163130561,174.33489628808176,2057.2106900239666,0.11676720193100089,0.022064852972600313,26.53576215158655,31.542705418873074,373.3550412479204,0.0,0.0,9.459670562490638,11.327418388859112,92.22182177057296,0.0,0.0,83.23154091419882,98.59003616612388,1327.5814187057839,0.0,0.0,245.47081625395226,292.4890412880863,3094.5485336966887,0.0,0.0,30.76074334410926,36.84148478135225,296.59223484851335,0.0,0.0,117.4724500718248,140.38076587208426,1283.0255966492023,45.07950449189969,30.918727360699387,149.81639874197817,178.77887423895755,2309.9282474399035,0.0,0.0,143.6555989493416,171.7175321759566,1551.4804853039255,0.0,16.98619021849118,37.81894005153531,22.0,30.0,0.0,17.339662678405405,36.82693929967503,16.0,30.0,0.0,16.825188647891247,38.439045312501267,22.0,30.0,0.0,16.843356980254023,38.61187400865108,16.0,30.0,0.0,14.667303612471539,45.52467634188012,12.0,30.0,0.0,17.81900434354219,37.01141199113193,16.0,30.0,0.0,16.111108372622974,41.14655786110746,10.0,30.0,0.0,14.613511956309127,45.62569016480354,12.0,30.0,0.0,15.25818681731446,43.72797544219416,12.0,30.0,0.0,15.757292485445669,0.0,0.0,0.0,15.18315712663283,0.0,0.0,443.2220963986848,441.88561740059608,446.45077809504729,448.9611457479766,464.30235361284147,460.28881997638106,459.1796299712842,463.15239630405667,462.5618914392139,0.0,80.2680686561173,80.2680686561173,60.0,0.0,60.0,60.0,16.0,16.0,16.0,12.0,12.0,12.0,21.0,10.0,0.0,0.0,0.0,0.0,0.0,0.0,0.0,0.0,0.0,0.0,0.0,0.0,0.0,80.2680686561173,80.2680686561173,0.0,0.0,0.0,80.2680686561173,0.0,0.0,0.00222 
 02/22  14:40:00,9.883333333333333,56.0,7.779999999999999,115.5,238.33333333333335,0.0,0.0,0.0,0.0,0.0,0.0,0.0,0.0,0.0,0.0,151.0,0.0,1085.8196116612065,46.761806368897108,119.82591823195523,32.55793721201543,866.5828516697195,0.0,46.76180636889708,63.926934541128449,0.0,0.0,16.777822391202166,98.40215632141917,18.32293404678335,-620.9207596130364,16.70602446680445,19.64989692268591,16.90745924668189,-32.6247465499647,14.559098854869636,22.634541294772306,18.32629513920063,-285.19491574510178,15.756064372003472,116.20934222853248,14.510599610546644,35.689158664312348,15.269046298439335,4.388023815620272,345.0302321263616,278.6781109407075,0.0,0.0,0.0,0.0,0.0,0.0,0.0,0.0,0.0,0.0,0.0,0.0,0.0,0.0,0.0,0.0,0.0,0.0,0.0,0.0,0.0,0.0,0.4818633664617691,0.14708893970139473,202.8192959982287,240.9791055750418,2910.9486333188117,0.02059668626519256,0.003143572384797399,203.20300491669938,241.22401066570559,3014.3789229502806,0.5821189394564588,0.10999979959494689,142.35190135834629,169.24923605419827,1988.538643678449,0.11617090873680217,0.021952174742404033,22.76168408188939,27.05816791917084,319.7332596296698,0.0,0.0,9.360033095498045,11.208198378756727,91.25405433783812,0.0,0.0,83.42161607805265,98.82114293475807,1328.461941702166,0.0,0.0,244.82673238184013,291.7325820832819,3082.1569322266548,0.0,0.0,30.882096423346217,36.98896507835801,296.84889900581518,0.0,0.0,117.42678638384517,140.32815943663494,1282.0397948598969,44.71819086621676,30.670912802617815,164.68273853770305,196.49086607963836,2500.8873000305445,0.0,0.0,143.59169797923634,171.64266730541267,1551.2821011153679,0.0,17.01526467421433,37.65890573346822,22.0,30.0,0.0,17.278344843366054,36.876474002307769,16.0,30.0,0.0,16.807889005555649,38.361945238946777,22.0,30.0,0.0,16.840175458816426,38.53387741669391,16.0,30.0,0.0,14.680909059146096,45.356706175400457,12.0,30.0,0.0,17.819224178234074,36.87835702022383,16.0,30.0,0.0,16.115682222665034,41.0276105373556,10.0,30.0,0.0,14.612059234027362,45.51659593434359,12.0,30.0,0.0,15.26951325116221,43.58467985387253,12.0,30.0,0.0,15.816798242390219,0.0,0.0,0.0,15.198310821718494,0.0,0.0,442.83455201460398,441.50183732526616,444.7792939072547,448.47992373453999,462.51578133835678,458.52769675334607,457.5556937606525,461.5499975709045,460.98141704656919,0.0,80.2680686561173,80.2680686561173,60.0,0.0,60.0,60.0,16.0,16.0,16.0,12.0,12.0,12.0,21.0,10.0,0.0,0.0,0.0,0.0,0.0,0.0,0.0,0.0,0.0,0.0,0.0,0.0,0.0,80.2680686561173,80.2680686561173,0.0,0.0,0.0,80.2680686561173,0.0,0.0,0.00224 
 02/22  14:50:00,9.896666666666669,56.0,7.694999999999999,110.0,214.66666666666669,0.0,0.0,0.0,0.0,0.0,0.0,0.0,0.0,0.0,0.0,151.0,0.0,1003.2795381407289,44.19961232535728,113.26031826019734,30.082998726171636,800.7083402573924,0.0,44.19961232535726,60.42422103149841,0.0,0.0,16.7418224433193,68.47192312156312,18.307307379294025,-532.8286856065524,16.694367404580846,31.944254243922843,16.877372017691827,-58.40928098663585,14.571682805353247,22.649841003648647,18.295222172830898,-281.9223950995415,15.765569961730684,117.25895772968124,14.506094958935809,36.91697139539201,15.277117847313943,5.19760319852503,329.64574958017149,277.14862275988346,0.0,0.0,0.0,0.0,0.0,0.0,0.0,0.0,0.0,0.0,0.0,0.0,0.0,0.0,0.0,0.0,0.0,0.0,0.0,0.0,0.0,0.0,0.45479171083024569,0.13882530855624107,184.23762728587173,218.96507169584516,2614.554729413884,0.035200403860898479,0.005372467011736642,176.3723587107355,209.35606396179524,2626.2834448994278,0.5802900115935625,0.10965419720210937,166.98155148034409,198.54265423624589,2326.5505503367146,0.1156552252583641,0.021854728884800467,34.23109250839562,40.70212676072467,476.2330050003669,0.0,0.0,9.373159940279706,11.22418527631853,91.30117528287059,0.0,0.0,83.0580848937412,98.40101678236113,1317.9710572920808,0.0,0.0,244.58708343633917,291.4521000579184,3078.00479765029,0.0,0.0,31.049581565685885,37.19195412982745,297.550312366182,0.0,0.0,116.86603647739469,139.66141247200603,1275.1975944461083,44.34940868668105,30.417975779616645,159.67486449286344,190.54638277596014,2417.858500241,0.0,0.0,143.00799118039573,170.95070869230504,1542.8352894607425,0.0,16.945896226340776,37.73141025853401,22.0,30.0,0.0,17.319840293568676,36.6412051267826,16.0,30.0,0.0,16.807269810676606,38.28814210652282,22.0,30.0,0.0,16.797425680972024,38.356548325461847,16.0,30.0,0.0,14.689985015147919,45.201592570565747,12.0,30.0,0.0,17.80360370498255,36.820262708476928,16.0,30.0,0.0,16.12676120619461,40.879679607176978,10.0,30.0,0.0,14.610771999798264,45.36612883004418,12.0,30.0,0.0,15.279828699643769,43.406781026078828,12.0,30.0,0.0,15.783502171399837,0.0,0.0,0.0,15.20417798219939,0.0,0.0,442.44127991540298,440.401974753692,444.4990576168434,445.71311612430739,460.7722746828921,457.02204648660458,456.1453197289898,459.7889141854093,459.21865409444316,0.0,80.2680686561173,80.2680686561173,60.0,0.0,60.0,60.0,16.0,16.0,16.0,12.0,12.0,12.0,21.0,10.0,0.0,0.0,0.0,0.0,0.0,0.0,0.0,0.0,0.0,0.0,0.0,0.0,0.0,80.2680686561173,80.2680686561173,0.0,0.0,0.0,80.2680686561173,0.0,0.0,0.002273333333333333 
 02/22  15:00:00,9.91,56.0,7.61,104.5,191.0,0.0,0.0,0.0,0.0,0.0,0.0,0.0,0.0,0.0,0.0,151.0,0.0,920.0279895636838,41.65464256798222,106.7388586058761,27.586727628556614,734.2660149529183,0.0,41.6546425679822,56.94505442691064,0.0,0.0,16.763918833945927,101.23231816976113,18.22581168457547,-602.0336316541034,16.668009792147048,15.328158336586967,16.876516159510165,-14.611782727574223,14.581394364601238,22.256554924558715,18.253335636678785,-273.487109294329,15.762568564702536,110.94219528686063,14.501219932058956,37.41367841856538,15.283422432747955,4.643730854204932,336.1759999955875,279.1487803254158,0.0,0.0,0.0,0.0,0.0,0.0,0.0,0.0,0.0,0.0,0.0,0.0,0.0,0.0,0.0,0.0,0.0,0.0,0.0,0.0,0.0,0.0,0.4599835140456496,0.14041010807254263,206.50000022445478,245.3939988380292,2945.8803687699039,0.00628050957113833,0.0009585637318587196,207.44848964648274,246.3332797367493,3045.7223510897144,0.5557000046220922,0.10500755945239843,116.72625817441622,138.81305026655759,1617.9504905542636,0.11611349015678557,0.021941324670594395,10.082178975145386,11.987340893791553,141.57686626600376,0.0,0.0,9.19828268309603,11.015193034798676,89.44134045074516,0.0,0.0,82.62663221769455,97.90343552910785,1305.1475417294549,0.0,0.0,242.78822587013767,289.3384303865825,3042.2039183901949,0.0,0.0,31.022454198181259,37.16184208188193,296.30568527119046,0.0,0.0,116.94495288265338,139.75968163220677,1274.709479678498,43.967155544948358,30.155799413544835,161.8870410620222,193.1764930627349,2445.9503872494317,0.0,0.0,142.97747020188459,170.9220314522327,1539.5110131988348,0.0,16.999078482207258,37.459155775246767,22.0,30.0,0.0,17.22775676191456,36.792005928928208,16.0,30.0,0.0,16.775160480807654,38.203196653842599,22.0,30.0,0.0,16.819477161583039,38.415746890940777,16.0,30.0,0.0,14.69484939792877,45.061171023184268,12.0,30.0,0.0,17.779914402167518,36.76099122699034,16.0,30.0,0.0,16.112669799420528,40.80403432085342,10.0,30.0,0.0,14.608236551278497,45.24512590059612,12.0,30.0,0.0,15.287426347672336,43.266129621084377,12.0,30.0,0.0,15.812689490836725,0.0,0.0,0.0,15.207030682954518,0.0,0.0,441.2187659879421,439.454173984791,443.22296538261556,447.2130494229312,459.161319728426,455.52461745124335,454.8754439883044,458.1268874227315,457.6051193023883,0.0,80.2680686561173,80.2680686561173,60.0,0.0,60.0,60.0,16.0,16.0,16.0,12.0,12.0,12.0,21.0,10.0,0.0,0.0,0.0,0.0,0.0,0.0,0.0,0.0,0.0,0.0,0.0,0.0,0.0,80.2680686561173,80.2680686561173,0.0,0.0,0.0,80.2680686561173,0.0,0.0,0.0023066666666666667 
 02/22  15:10:00,9.851666666666669,56.16666666666667,7.47,99.0,167.33333333333332,0.0,0.0,0.0,0.0,0.0,0.0,0.0,0.0,0.0,0.0,1520.0,0.0,836.5244885113618,39.13031391828656,100.27029517764584,25.08290253440306,667.6226164217832,0.0,39.13031391828654,53.49410578142109,0.0,0.0,17.96039713413257,-1048.9195983086314,18.43294074583832,452.20971361951828,18.152679705109,-2219.751864984968,17.18016309611435,943.4702111699835,14.591333313433282,28.789839112644438,18.21810645873385,-221.53430559914106,15.906738349018223,336.1776196075351,14.501421721451888,50.71504865911001,16.17389885835432,-127.75989608980838,684.2880770675475,297.2451450711374,0.0,0.0,0.0,0.0,0.0,0.0,0.0,0.0,0.0,0.0,0.0,0.0,0.0,0.0,0.0,0.0,0.0,0.0,0.0,0.0,0.0,0.0,0.5552726477742633,0.16949714523023916,364.1548633820638,431.0895418785503,6597.625335048477,0.1958993401090888,0.029899166683316368,296.33573808234567,352.11746424114696,4734.499136380237,0.4389924887519347,0.08295398502493101,476.9305636115811,564.1421480661543,8854.9381135348,0.23123532025042105,0.04369526081829573,357.6911834721624,425.42429055828367,5519.202710218582,0.0,0.0,10.67214306465291,12.822043980605829,105.13032868408573,0.0,0.0,75.29126377405244,89.52434385077594,1197.6771735724449,0.0,0.0,204.6234794548214,244.4742018917949,2697.272946476066,0.0,0.0,40.261285957443508,48.38176907036606,389.7965677816562,0.0,0.0,100.77085090899539,120.2240086199839,1393.673984028039,44.493346588414969,30.516698620312068,643.3757734648749,766.6678246568189,9838.800241400091,0.0,0.0,101.07563013898349,121.24266012813531,1107.9403676939249,2330.9206765073406,18.757337462925837,33.51249893155678,21.999999999999998,30.0,0.0,17.74195041213062,35.69111261039515,15.999999999999999,30.0,4483.033159585329,18.974437540051154,33.067799630272748,21.999999999999998,30.0,0.0,17.442728730625473,36.48663656306381,15.999999999999999,30.0,0.0,14.701708993413382,44.89401434140405,12.0,30.0,0.0,17.782145965938978,36.53308381254628,15.999999999999999,30.0,0.0,16.395123911739966,39.642413755461969,10.0,30.0,0.0,14.616073399539692,45.070133611429,12.0,30.0,1383.1461974452203,16.675213051343208,39.28034955276696,16.599999999999999,30.0,0.0,16.855027357756116,0.0,0.0,0.0,15.23281311030031,0.0,0.0,440.92278908068979,440.79002009043219,440.8703731407383,442.04872833850137,457.52013081313978,452.71057034882809,449.8311043285615,456.47430664636598,453.66994340939268,10577.83546888889,81.01054001251767,85.9138610715478,60.0,0.0,60.0,60.0,16.0,16.0,16.0,16.0,12.0,12.0,21.0,10.0,1.0,0.0,2330.9206765073406,0.0,4483.033159585329,0.0,0.0,0.0,0.0,1383.1461974452203,7420.539427081221,4452323.656248733,5812253.403903607,81.01054001251767,85.99713574103892,0.3493513142360407,0.7658634285815716,0.3602813740196596,85.99713574103892,0.3542647819438876,5812253.403903607,0.3045771770029876 
 02/22  15:20:00,9.793333333333333,56.333333333333339,7.33,93.5,143.66666666666667,0.0,0.0,0.0,0.0,0.0,0.0,0.0,0.0,0.0,0.0,456.0,0.0,690.7434487308693,35.79421502589726,91.72162118937306,20.71171896418486,551.2762129755545,0.0,35.794215025897248,48.9334056700081,0.0,0.0,18.63564036244695,-1355.76393758478,19.005683887746508,383.98381126956567,19.02703049330676,-3354.266691126033,17.94829131677562,766.7564016964361,14.605752699486859,34.543100517464427,18.194534191974264,-154.1308875822281,16.266865144451257,331.7614043079695,14.511265776347067,47.349697770969118,16.04527896877196,-83.63678540078949,845.349661924038,309.68652081471665,0.0,0.0,0.0,0.0,0.0,0.0,0.0,0.0,0.0,0.0,0.0,0.0,0.0,0.0,0.0,0.0,0.0,0.0,0.0,0.0,0.0,0.0,0.7108263358758817,0.21697995600606885,414.8181751258642,489.3389466398862,8285.944917413637,0.24703221037592897,0.037703328811954959,337.0834422669462,399.0279448659602,6063.746564553507,0.49519639938561058,0.09357452747271553,549.6640541997649,647.5024051948263,11444.435715917647,0.25639036169997206,0.04844867001133255,400.09495275313136,473.8431164037637,7119.033837890949,0.0,0.0,10.95821599515715,13.154865467277773,109.65527094589211,0.0,0.0,66.91187839676999,79.48175091087043,1079.9437090676796,0.0,0.0,201.7464773658197,240.27559183217574,2922.787930642511,0.0,0.0,43.33101560724943,52.030013852455329,426.5395130881509,0.0,0.0,77.84461995535023,92.91455140064702,1040.6551213833148,44.74971272564557,30.692532733638939,728.9410829565745,866.3041611468484,12204.610343317572,0.0,0.0,94.24859313845116,112.90476515137233,1043.633881792513,1890.5265504667883,19.82059655521918,31.308535589018744,21.999999999999994,29.99999999999999,0.0,18.796241306027054,33.40768286620917,15.999999999999993,29.99999999999999,4279.7455220165779,20.292395355325867,30.376796844247509,21.999999999999994,29.99999999999999,0.0,18.71036122967298,33.56246952513589,15.999999999999993,29.99999999999999,0.0,14.72040829496072,44.52976682333467,11.999999999999995,29.99999999999999,0.0,17.842527779053684,36.111643654221889,15.999999999999993,29.99999999999999,0.0,16.981221436208327,37.96728106252216,9.999999999999997,29.99999999999999,0.0,14.638485873905252,44.7611774861005,11.999999999999995,29.99999999999999,0.0,16.417734837028989,39.64354096596044,15.999999999999993,29.99999999999999,0.0,17.677805336953467,0.0,0.0,0.0,15.224194670602579,0.0,0.0,440.7147505396081,441.1194253159764,440.306323292603,440.7781105835886,454.15530715679827,449.1831662145362,447.22942086873777,453.91970561988526,450.5635195167987,10102.083562983036,81.32505526663097,83.95774855072114,59.99999999999998,0.0,59.99999999999998,59.99999999999998,16.0,16.0,16.0,16.0,12.0,12.0,21.0,10.0,1.0,0.0,1890.5265504667883,0.0,4279.7455220165779,0.0,0.0,0.0,0.0,0.0,3983.719066080111,2390231.4396480678,3109461.6051271187,81.32505526663097,84.0024604226269,0.3594573022026703,0.7683286185813554,0.36028137401965945,84.0024604226269,0.35426478194388735,3109461.6051271187,0.16404200346661017 
 02/22  15:30:00,9.735,56.5,7.1899999999999999,88.0,120.0,0.0,0.0,0.0,0.0,0.0,0.0,0.0,0.0,0.0,0.0,608.0,0.0,608.5759323855584,33.370980881448058,85.5121172490997,18.24795420568495,485.69906576308446,0.0,33.37098088144804,45.620660877645509,0.0,0.0,19.18012466893059,-1111.0146700028327,19.38900339235036,503.50385804855298,19.62526302093925,-3257.4501094042254,18.43959762686689,914.1046959463279,14.626784641899171,44.574743230580597,18.199916595335286,-99.73324688823596,16.44590022326142,274.74667415279375,14.52559889151879,71.6403722540228,16.186764810058877,-157.96966322925415,1037.127383961967,514.815499180677,0.0,0.0,0.0,0.0,0.0,0.0,0.0,0.0,0.0,0.0,0.0,0.0,0.0,0.0,0.0,0.0,0.0,0.0,0.0,0.0,0.0,0.0,0.8737683648538053,0.2667180600896842,423.5113363472792,498.46382075583656,9129.27364484189,0.2733838907085631,0.0417252580446525,340.3373471739143,402.0795985950828,6606.795499711352,0.6089071535458679,0.11506182039793425,578.1003436189199,679.4363128327644,12932.67020354585,0.26702003363010809,0.0504573003836183,397.77392890891817,469.9628587581585,7718.77453791756,0.0,0.0,11.31451824522408,13.58544289877328,115.13385222944256,0.0,0.0,58.79501332830107,69.83180251666468,966.3704584318779,0.0,0.0,263.70396610910179,313.90087153914387,3975.1130333182738,0.0,0.0,44.15882266223731,53.040153922060159,442.3915113835668,0.0,0.0,126.8753611680465,151.47049557993408,1685.9915206731374,44.832625564269459,30.749400249841889,730.5200450929184,865.9340877820994,13582.162503476678,0.0,0.0,161.59116572715159,193.40849790698196,1924.3238712805185,1906.6324159661713,20.581859325729036,29.821147532408277,22.0,30.0,0.0,19.479085142903388,31.96657068753294,16.0,30.0,4292.459808716256,21.026993130124809,28.984045952783128,22.0,30.0,0.0,19.48069776884725,31.93057202430335,16.0,30.0,0.0,14.746256882396806,44.202394391523217,12.0,30.0,0.0,17.933527573101587,35.76136270780158,16.0,30.0,0.0,17.231686721462507,37.276143115551899,10.0,30.0,0.0,14.667314746541049,44.28729684849598,12.0,30.0,751.9979509226256,16.293894792124758,39.808772543352137,16.25,30.0,0.0,18.517210356107094,0.0,0.0,0.0,15.589331754100562,0.0,0.0,440.22541134114888,440.67629477434118,439.8027338960997,440.25668944944609,451.48351420377176,447.41598125426017,446.21595606013536,449.93010539287527,448.7557167915263,10351.449504927346,81.16025123085879,83.04159867343896,60.0,0.0,60.0,60.0,16.0,16.0,16.0,16.0,12.0,12.0,21.0,10.0,1.0,0.0,1906.6324159661713,0.0,4292.459808716256,0.0,0.0,0.0,0.0,751.9979509226256,2846.9617110154229,1708177.0266092537,2212104.4532382276,81.16025123085879,83.07355019865887,0.3498987237005141,0.7717010237977793,0.36028137401965956,83.07355019865887,0.3542647819438875,2212104.4532382276,0.11738943156838783 
 02/22  15:40:00,9.676666666666666,56.66666666666667,7.05,80.33333333333334,118.66666666666666,0.0,0.0,0.0,0.0,0.0,0.0,0.0,0.0,0.0,0.0,1216.0,0.0,582.3489056575402,30.612682570304846,78.44405838268712,17.461539698198398,464.76744773340547,0.0,30.612682570304828,41.84985796660484,0.0,0.0,19.69314180867619,-1074.2184410734863,19.760874431438468,698.8545496176887,20.165776948689734,-3120.0819749728045,18.904338213466326,1047.2046843621188,14.6598351106319,57.23557389573326,19.193154482903944,-285.05544189964419,16.741249076931365,542.5227274187569,15.60293073488201,-33.38361498071248,16.357952869009489,-178.788308836761,1205.0360978117834,568.5772784319287,0.0,0.0,0.0,0.0,0.0,0.0,0.0,0.0,0.0,0.0,0.0,0.0,0.0,0.0,0.0,0.0,0.0,0.0,0.0,0.0,0.0,0.0,0.9698166877963881,0.2960368399866876,442.53483471038359,519.8584352844156,10186.585382805006,0.29889254457058336,0.04561852023360555,358.40604107575288,422.7357373709886,7424.312140936733,0.7013461956813544,0.13252951543487433,585.0797093610515,686.2432693646888,13966.919808087418,0.2817907554701009,0.05324844207673865,400.90956757591428,472.7539068629088,8362.790935855208,0.0,0.0,12.562011928163582,15.087483152800827,130.33035158810379,0.0,0.0,77.25019100773599,91.2920249564804,1504.0151560887533,0.0,0.0,266.1844700083909,316.40341119270865,4319.504303743193,0.0,0.0,33.267446155520158,39.79477832141503,434.90463103165447,0.0,0.0,118.28599229855625,141.05493019933688,1685.6773235730698,44.75546772375292,30.696479920269519,751.2497860828432,888.7922749188612,15107.24261472976,0.0,0.0,145.27888654888714,173.8609190053479,1794.096387139135,1898.423833748075,21.29125456842373,28.463999403090374,22.000000000000008,30.00000000000001,0.0,20.099712621966526,30.67121564183379,16.000000000000008,30.00000000000001,4259.266799996937,21.753669667809448,27.642872908873505,22.000000000000008,30.00000000000001,0.0,20.17827366567077,30.491493660950355,16.000000000000008,30.00000000000001,0.0,14.786945377064188,43.83574992823229,12.000000000000004,30.00000000000001,1762.076870041871,19.358126654310927,32.58788942789075,20.000000000000008,30.00000000000001,0.0,17.7395588098016,35.90729807701727,10.000000000000004,30.00000000000001,1321.8082204049834,16.339264515134173,39.55456233513863,17.000000000000008,30.00000000000001,159.84966593792917,16.79372285049808,38.31281917053519,16.250000000000008,30.00000000000001,0.0,19.21521187504352,0.0,0.0,0.0,15.734173749176556,0.0,0.0,439.30544194048277,439.75833834997209,438.9339274148851,439.3612198939086,448.91104346180466,445.4554424888641,443.9486068869291,446.86723195676105,446.08234274334049,10921.746914132656,80.78303905007849,87.06802210732492,60.00000000000002,0.0,60.00000000000002,60.00000000000002,16.0,16.0,19.0,16.0,16.0,12.0,21.0,10.0,1.0,0.0,1898.423833748075,0.0,4259.266799996937,0.0,1762.076870041871,0.0,1321.8082204049834,159.84966593792917,9511.230116705225,5706738.070023133,7458315.217629791,80.78303905007849,87.17476198434884,0.3595410038901741,0.7645577583772737,0.36028137401965967,87.17476198434884,0.35426478194388769,7458315.217629791,0.39020239131674919 
 02/22  15:50:00,9.618333333333334,56.83333333333333,6.91,72.66666666666667,117.33333333333334,0.0,0.0,0.0,0.0,0.0,0.0,0.0,0.0,0.0,0.0,608.0,0.0,555.6034926052078,27.824286365836675,71.29887512335108,16.659581615400595,443.42211095446256,0.0,27.82428636583666,38.03790895352458,0.0,0.0,19.836702208468055,-1203.87933518211,20.04514777523874,369.88866948033958,20.155358162395208,-1627.990583682295,19.118195790095596,561.9607501304292,14.708432681530262,64.43901675239681,19.322673140099864,-299.33530680205117,16.9792121407022,292.956880910137,15.768262286543923,-32.526912439996809,16.07296699593059,-32.70163627119382,1172.3381865481752,752.4712018373125,0.0,0.0,0.0,0.0,0.0,0.0,0.0,0.0,0.0,0.0,0.0,0.0,0.0,0.0,0.0,0.0,0.0,0.0,0.0,0.0,0.0,0.0,1.0214880601085495,0.31180954215767689,405.3415912727821,476.0577895819663,9407.350779666374,0.25832439459556336,0.03942680015194801,273.6101740694439,322.23463410872656,5913.824245353516,0.8707939165911194,0.16454911500210124,419.19945405465179,492.0080732783678,9780.364867380073,0.2644101401721,0.04996412323735827,309.0987635263716,364.0218973570798,6610.862669790127,0.0,0.0,12.694935560474566,15.239166979994117,134.82122135824018,0.0,0.0,82.70384824790567,97.6518007764457,1653.7852082125269,0.0,0.0,317.68900356183578,377.1593719900098,5355.147403010547,0.0,0.0,26.074506829839014,31.109207018989524,369.24594936978419,0.0,0.0,172.48246439408769,205.95157538328528,2331.492833163064,44.067430973439659,30.224575427599228,589.302780188206,696.7180878209767,12221.52938411076,0.0,0.0,197.46318299160937,235.92346978968846,2610.092911421786,1847.7659794570214,21.3525056511586,28.291544076311835,22.0,30.0,0.0,20.51175772452674,29.83045025138941,16.0,30.0,2336.396042441872,21.383110000844434,28.23844975033578,21.5,30.0,0.0,20.361566383880054,30.10373352857525,16.0,30.0,0.0,14.851981563409206,43.39659783227591,12.0,30.0,0.0,19.654102104610695,31.83618282720048,19.0,30.0,0.0,18.03299715453558,35.15502672909333,10.0,30.0,0.0,16.633485778333193,38.612486273508398,16.0,30.0,0.0,16.328209793393886,39.27268598750438,16.0,30.0,0.0,19.30738863173617,0.0,0.0,0.0,16.134841261562998,0.0,0.0,438.53643675007177,439.03230942964009,438.35698022066557,438.95069335704809,446.3545595304522,443.78645047269398,442.95503516366628,445.0640186489172,444.08196584984798,10767.545363027391,80.8849104260854,86.50630600779269,60.0,0.0,60.0,60.0,16.0,16.0,19.0,16.0,16.0,12.0,21.0,10.0,1.0,0.0,1847.7659794570214,0.0,2336.396042441872,0.0,0.0,0.0,0.0,0.0,8506.580713848649,5103948.428309189,6656978.220385753,80.8849104260854,86.6017759665227,0.36855269046162167,0.76540676958768,0.36028137401965956,86.6017759665227,0.3542647819438875,6656978.220385753,0.3485495341267259 
 02/22  16:00:00,9.56,57.0,6.77,65.0,116.0,0.0,0.0,0.0,0.0,0.0,0.0,0.0,0.0,0.0,0.0,1216.0,0.0,528.3698564195486,25.006778725296696,64.07909526557956,15.842984392489575,421.68712841932497,0.0,25.00677872529668,34.186162400257789,0.0,0.0,20.02529989515255,-1292.9277093405659,20.139368949887655,430.018261895337,20.338990160644064,-1789.8270286273674,19.204920061713698,645.882688450627,14.749422789241482,61.21436934522673,19.15443268319867,-217.6102135924603,16.931103870713107,271.69273310716496,15.652169703795018,-1.3534779090073102,15.981774948164365,48.45802988051821,1205.8017283978634,750.5048452301952,0.0,0.0,0.0,0.0,0.0,0.0,0.0,0.0,0.0,0.0,0.0,0.0,0.0,0.0,0.0,0.0,0.0,0.0,0.0,0.0,0.0,0.0,1.0333505981873619,0.31543058552727767,404.0761261148506,474.37139387807749,9566.883194072734,0.2640167140503757,0.04029559127752987,284.2157832827045,334.6878239003895,6243.500926664881,0.908374001239849,0.17165041595613179,421.85335959267686,494.913558388781,10134.410672044278,0.2791162004309767,0.05274304618877109,338.7557879735046,399.12450681908356,7318.592325312143,0.0,0.0,12.293159530195276,14.761540631524476,133.12107779055743,0.0,0.0,76.1082065742717,90.0562434711943,1460.8935312443812,0.0,0.0,328.1608636536364,390.02504672707576,5471.310632453292,0.0,0.0,29.915670499748516,35.758050409705038,400.7397377682441,0.0,0.0,183.1941620165301,218.99661731880674,2449.5786307214536,43.53418718903529,29.85883894995563,615.2272035320004,727.1954091685635,13043.716828739485,0.0,0.0,212.39585415110873,253.91686171874358,2840.0585011204259,1820.511478789106,21.51294998360607,27.91996345578896,22.0,30.0,0.0,20.63828626381716,29.502215885893869,16.0,30.0,2502.786787730809,21.62658354175244,27.721901494989749,21.625,30.0,0.0,20.440144593976258,29.85005517412115,16.0,30.0,0.0,14.898229967891796,43.088953123283449,12.0,30.0,0.0,19.176471327062218,32.68140424395168,19.0,30.0,0.0,17.875146946526387,35.35940620137578,10.0,30.0,356.9715000503609,16.211088497501817,39.508774487888157,16.25,30.0,0.0,16.185867450818628,39.476342284177977,16.0,30.0,0.0,19.509399128645585,0.0,0.0,0.0,16.172335645741915,0.0,0.0,437.50290382969146,437.98367837148165,437.3312059698563,437.79778875402618,444.62754609094028,442.4426302875593,441.3929150787839,443.47041915586638,442.5502540379764,10304.4258663022,81.19136286349669,83.85777345155646,60.0,0.0,60.0,60.0,16.0,16.0,19.0,16.0,16.0,12.0,21.0,10.0,1.0,0.0,1820.511478789106,0.0,2502.786787730809,0.0,0.0,0.0,356.9715000503609,0.0,4035.2032275469034,2421121.936528142,3146004.7726149179,81.19136286349669,83.90305795521738,0.34700677425156348,0.7679928701376928,0.36028137401965956,83.90305795521738,0.3542647819438875,3146004.7726149179,0.16599558150930905 
 02/22  16:10:00,9.453333333333335,57.666666666666667,6.716666666666667,57.33333333333333,114.66666666666666,0.0,0.0,0.0,2.0,0.0,0.0,0.0,0.0,0.0,4.0,304.0,0.0,555.1290004903261,22.838700763291017,58.52344230052866,16.645332241259856,443.04318475526216,0.0,22.838700763291006,31.222235453898699,0.0,0.0,20.039408542264,-1346.6298545462915,20.216505377628729,314.6762573536298,20.166250679720535,-1076.2274604316245,19.238246946816088,539.2098776337543,14.79250137479433,60.03036139429415,18.941838750465025,-71.43212684913886,16.844767655010786,219.51320793501146,16.03485547512178,-38.186625047208568,15.929409130923549,69.06398573023262,1182.7431020461445,709.3802423396774,0.0,0.0,0.0,0.0,0.0,0.0,0.0,0.0,0.0,0.0,0.0,0.0,0.0,0.0,0.0,0.0,0.0,0.0,0.0,0.0,0.0,0.0,1.0669085722911687,0.3256741673660466,341.22051914502597,400.27692614171238,8071.400350901972,0.2532191007202692,0.03864760389503498,255.47257839747568,300.3917297721712,5699.846767454463,0.9020709952830766,0.1704593717466132,319.76844013903419,375.37010845669377,7428.509942531461,0.27081616260416549,0.051174633901013868,325.7551505835088,383.3928251154698,7090.156634756387,0.0,0.0,12.629368568250108,15.143143067609378,140.68033495594279,0.0,0.0,17.548681935966657,20.74174553427394,336.18257892180545,0.0,0.0,260.88411262233157,309.92164823904377,4292.345596100951,0.0,0.0,23.00396188013395,27.401759207485868,348.6828914676604,0.0,0.0,182.2702989919565,217.67604459651865,2446.2645710106128,43.26741560270858,29.67586804026653,573.3690807945926,676.9164210496052,12338.811223142271,0.0,0.0,204.02251361172149,243.68765308318093,2735.5579932263997,1835.1249785505893,21.384108340632794,28.117753340351933,22.0,30.0,0.0,20.698675087670716,29.365467676714297,16.0,30.0,0.0,21.150854532581407,29.165921211051598,21.0,30.0,0.0,20.407851442954344,30.164463083755686,16.0,30.0,0.0,14.94435587280217,42.777950732026827,12.0,30.0,0.0,19.04683200512865,34.48736199400257,19.0,30.0,0.0,17.649393788567335,35.78487837497356,10.0,30.0,499.3129775427948,16.990873066291095,37.471272465129398,17.0,30.0,0.0,16.100130748768849,39.60445467112356,16.0,30.0,0.0,19.51426867832906,0.0,0.0,0.0,16.07764391730653,0.0,0.0,437.2973645602134,438.4238226587048,471.5517483825515,451.90942138744216,442.87860565000099,544.92572962753,440.5213150518248,442.17661378366508,441.67581004900878,10397.02560013172,81.1301103099492,84.73080778495725,1744.0,0.0,1744.0,1744.0,16.0,16.0,19.0,16.0,16.0,12.0,21.0,10.0,1.0,0.0,1835.1249785505893,0.0,0.0,0.0,0.0,0.0,499.3129775427948,0.0,5449.036190566449,3269421.714339869,4290893.880860505,81.1301103099492,84.79195958157817,0.3516345396855483,0.7626176514781847,0.36028137401965956,84.79195958157817,0.3542647819438875,4290893.880860505,0.29346781513807959 
 02/22  16:20:00,9.346666666666668,58.33333333333334,6.663333333333334,49.666666666666667,113.33333333333334,0.0,0.0,0.0,2.0,0.0,0.0,0.0,0.0,0.0,4.0,152.0,0.0,525.1007790092372,19.906068705701473,51.00866239578887,15.74494081966775,419.0778743661367,0.0,19.90606870570146,27.213105094395794,0.0,0.0,20.00989077486158,-1317.2071659971717,20.237597338020295,311.7899326891602,19.998548687935398,-860.4077548565565,19.099030179791006,423.2249913349533,14.828132717580374,55.636611516423958,18.937575492400453,-75.99607733179403,16.851326655534416,250.86611769775846,16.09787337974947,-30.628428106914613,15.87901547790269,45.87979779887337,1140.5317216443073,660.3698016218086,0.0,0.0,0.0,0.0,0.0,0.0,0.0,0.0,0.0,0.0,0.0,0.0,0.0,0.0,0.0,0.0,0.0,0.0,0.0,0.0,0.0,0.0,0.9722644384261222,0.29678401661359046,347.4634608849771,407.1081659529127,8166.867237139739,0.23686758941785494,0.0361519519868521,256.3244273502965,300.81228257720206,5776.735260835287,1.0449437540789464,0.19745724755837996,272.23023378502747,319.1071942304651,6308.6792400612989,0.27157097645889735,0.05131726690455352,284.3840069397201,334.40268969699016,6068.216915132747,0.0,0.0,12.649615638880164,15.13901268056054,144.5576929611782,0.0,0.0,17.732023151769274,20.91132157447725,343.57433554329887,0.0,0.0,250.47354458640525,297.0388447015175,4168.052067926254,0.0,0.0,15.458923291160245,18.37111418380673,238.7023539204724,0.0,0.0,180.2007309837183,214.89602585642687,2426.390424040946,42.93142968817555,29.445425026183515,532.4340078434707,627.5823439548198,11520.001945197691,0.0,0.0,193.13147408647044,230.3684540144876,2581.4940671076426,1748.6074480138455,21.189967531485555,28.404327336355,22.0,30.0,0.0,20.704828560007827,29.37184677341013,16.0,30.0,156.7501729174233,21.00375857951902,29.420403377010968,21.0,30.0,0.0,20.076957041019346,31.211094296240146,16.0,30.0,0.0,14.979202134470059,42.54217368516882,12.0,30.0,0.0,19.045829142992888,36.08053769586002,19.0,30.0,0.0,17.634198372283824,35.75222734776976,10.0,30.0,369.673012188708,17.018854148639389,37.34878478494699,17.0,30.0,0.0,16.01093187602413,39.76802799828569,16.0,30.0,0.0,19.411636114486588,0.0,0.0,0.0,15.947349278603234,0.0,0.0,436.51280808582518,440.6120153011821,476.58514724054768,473.473499369597,441.7103370299423,648.6325131208175,439.8582343067429,441.99324099595466,442.0038239825896,8523.992844696839,82.36874701013029,82.36874701013029,1744.0,0.0,1744.0,1744.0,16.0,16.0,19.0,16.0,16.0,12.0,21.0,10.0,1.0,0.0,1748.6074480138455,0.0,156.7501729174233,0.0,0.0,0.0,369.673012188708,0.0,0.0,0.0,0.0,82.36874701013029,82.36874701013029,0.34,0.7720657125846737,0.36028137401965956,82.36874701013029,0.3542647819438875,0.0,0.07111644444444444 
 02/22  16:30:00,9.24,59.0,6.609999999999999,42.0,112.0,0.0,0.0,0.0,2.0,0.0,0.0,0.0,0.0,0.0,4.0,608.0,0.0,494.7167662686894,16.938594913378958,43.40460248144259,14.833881180932148,394.82861088044219,0.0,16.93859491337895,23.15634344199537,0.0,0.0,20.157402333363757,-1290.299122641291,20.23235405133219,256.6456412948621,20.558991257645454,-1804.8691701865792,19.306973213951417,850.5387937536566,14.853902301814675,54.87905470091654,18.932070128237596,-62.35114225664984,16.955171067144968,346.7954519829784,15.85593392099166,-31.75324055702349,16.40494266301007,-216.22012290588556,1158.7073072321837,602.0273128640139,0.0,0.0,0.0,0.0,0.0,0.0,0.0,0.0,0.0,0.0,0.0,0.0,0.0,0.0,0.0,0.0,0.0,0.0,0.0,0.0,0.0,0.0,1.1631899553755383,0.355064088942472,319.1206516624768,374.6494666251731,7681.747775083928,0.2622869835992125,0.040031590903420708,236.76643939449895,278.62012273485916,5368.3923147112659,0.7386879399149768,0.13958577851756938,375.88320227887837,440.69219286715528,9340.142897536154,0.28324151722586146,0.05352258450979995,375.86624279054936,442.6412624253143,8399.504901427847,0.0,0.0,12.61856480031954,15.143061298323156,147.29941214235593,0.0,0.0,16.801803261193194,19.873890662263397,329.1512625207733,0.0,0.0,213.33303352902193,253.58282088676706,3657.665020565306,0.0,0.0,23.377215366006117,27.89713387970378,341.0547210580776,0.0,0.0,135.49148733154596,161.59016283148129,2078.555599790515,42.861081874462218,29.397175496887674,604.191876472315,713.9448567459883,13187.588835274097,0.0,0.0,155.4567770063689,186.03814257463623,2077.377178656081,1830.2625538757635,21.369745531271897,28.46677671261546,22.0,30.0,0.0,20.666898333063917,29.6511771731602,16.0,30.0,1419.0976202965249,21.787877264658215,28.256527519431285,21.5,30.0,0.0,20.481780111178837,30.476755149298947,16.0,30.0,0.0,14.996118138416579,42.44867705814182,12.0,30.0,0.0,19.050458757308414,36.55531511555576,19.0,30.0,0.0,17.79707600010457,35.4497824624542,10.0,30.0,0.0,16.526967648069566,38.503527208855647,16.0,30.0,854.1873453965218,16.85563043137396,37.65559126081895,16.25,30.0,0.0,19.48382347321418,0.0,0.0,0.0,15.81441113046775,0.0,0.0,458.5268179499045,454.3910691534506,489.08980119512958,480.8624585669869,442.09002845873098,681.3567378781563,446.36987735794016,443.20879148924259,444.1182060387206,8977.171648808478,82.06898985027871,83.8015420729144,1744.0,0.0,1744.0,1744.0,16.0,16.0,19.0,16.0,16.0,12.0,21.0,10.0,1.0,0.0,1830.2625538757635,0.0,1419.0976202965249,0.0,0.0,0.0,0.0,854.1873453965218,2622.0230257051,1573213.81542306,2036443.7955732167,82.06898985027871,83.83096656133341,0.34240076752350337,0.7684925509076069,0.36028137401965956,83.83096656133341,0.3542647819438875,2036443.7955732167,0.17778663292536285 
 02/22  16:40:00,9.133333333333333,59.66666666666667,6.556666666666667,35.5,93.33333333333334,0.0,0.0,0.0,2.0,0.0,0.0,0.0,0.0,0.0,4.0,304.0,0.0,428.1701542388406,14.217791070053219,36.43261592860041,12.838504381235666,341.7183708064093,0.0,14.217791070053212,19.436798311095044,0.0,0.0,20.260872352247519,-1339.6935588397965,20.225405556672294,287.39967325988166,20.122777339032788,-798.0806642094226,19.38691280684953,394.46789566773898,14.885102922418014,56.72677184641569,18.911927010520445,-59.92397827437179,17.05586952524085,251.5055961123876,15.563377566742849,-12.536547126308506,16.133736647824227,-89.39522929093755,1128.7537184473413,714.9075326406241,0.0,0.0,0.0,0.0,0.0,0.0,0.0,0.0,0.0,0.0,0.0,0.0,0.0,0.0,0.0,0.0,0.0,0.0,0.0,0.0,0.0,0.0,1.1355627850615556,0.34663088677092659,333.3217023470881,390.9369569673804,8135.844499254784,0.26124599951951146,0.03987271054937599,247.30689433136318,290.8159994022555,5662.898535465124,0.9551878958432408,0.18049657895752858,259.57497082337206,305.1387303037994,6110.100310681817,0.2611100125788356,0.04934051636032417,263.8868438806209,310.61738812337446,5997.335799710449,0.0,0.0,12.594446721229759,15.100548019631276,150.5489425221179,0.0,0.0,16.923091535400979,19.996195543760594,335.23313996117,0.0,0.0,237.41421982694096,281.78478732509009,4174.287638906693,0.0,0.0,31.726316717084477,37.90188704370649,440.270441702526,0.0,0.0,151.03128747574,180.21456558739767,2193.7074765313734,42.626688736406737,29.236412027713823,503.9734372465499,595.2845616445459,11243.343711765003,0.0,0.0,179.5467672888974,214.51092477702026,2483.4060273239667,1823.3938581694775,21.436547707005496,28.42740882726317,22.0,30.0,0.0,20.672252514289519,29.824159172587096,16.0,30.0,0.0,21.02730748522918,30.05145755081569,21.0,30.0,0.0,20.494979748487844,30.577503216797945,19.0,30.0,0.0,15.02785314237587,42.34492992717631,12.0,30.0,0.0,19.05133903263804,37.14249110090914,19.0,30.0,0.0,17.91069020547315,35.273369006594638,10.0,30.0,88.04386515425837,16.00332422100092,39.80122584256793,16.0,30.0,0.0,16.34578653280281,38.94007177905651,16.0,30.0,0.0,19.444711941782875,0.0,0.0,0.0,15.94450647253731,0.0,0.0,464.06228911984297,465.76415619526,514.5032343508119,488.08973662936,445.04733902270439,721.7810686933317,451.3688337869812,447.76357092911067,449.09881078310937,9251.056307495168,81.88800340308767,81.88800340308767,1744.0,0.0,1744.0,1744.0,16.0,19.0,19.0,16.0,16.0,12.0,21.0,10.0,1.0,0.0,1823.3938581694775,0.0,0.0,0.0,0.0,0.0,88.04386515425837,0.0,0.0,0.0,0.0,81.88800340308767,81.88800340308767,0.34,0.771138432334825,0.36028137401965956,81.88800340308767,0.3542647819438875,0.0,0.07266666666666667 
 02/22  16:50:00,9.026666666666668,60.333333333333339,6.503333333333333,29.000000000000005,74.66666666666667,0.0,0.0,0.0,2.0,0.0,0.0,0.0,0.0,0.0,4.0,608.0,0.0,354.58475794150265,11.526859838219629,29.53718229750767,10.632074224332876,282.99056469570658,0.0,11.526859838219624,15.758091304889174,0.0,0.0,20.30906354653812,-1416.3922980602166,20.214259381864215,319.5946779419987,20.59489173036914,-1619.371284760668,19.335487546469929,728.5968714117057,14.91097304003588,55.730734283216708,18.869803641208237,-69.34544228725599,16.979273093037294,202.8840849586959,16.19931592452661,-35.796911672710098,16.005191020793313,-11.266534589240337,1156.825979389686,730.521149808653,0.0,0.0,0.0,0.0,0.0,0.0,0.0,0.0,0.0,0.0,0.0,0.0,0.0,0.0,0.0,0.0,0.0,0.0,0.0,0.0,0.0,0.0,1.1500592179790746,0.35105592734403986,342.02073483718706,401.5485608887898,8413.172588836296,0.2677678978394344,0.04086811627585995,256.4864428203888,301.88193788317019,5933.09282903943,0.8778598112912214,0.1658843180822414,352.6131317792613,413.3222929079884,8873.63031677633,0.2906608522720601,0.05492457525927061,357.0359023035863,420.38680988506357,8085.212152014097,0.0,0.0,12.53513243486764,15.042709593863723,153.0968962410064,0.0,0.0,17.511153661278386,20.714966786394638,349.6844214970228,0.0,0.0,255.00979267274915,303.21893753643499,4450.2226497906299,0.0,0.0,20.144236728578546,24.035716790531866,321.3027062837844,0.0,0.0,180.89776590282748,216.24552605095713,2602.0760099175679,42.47537858388478,29.132632773583535,605.5886919748112,715.4259806829933,13523.570402809168,0.0,0.0,198.0563201000229,236.92041327995023,2786.1630351582145,1842.0125303081096,21.42698318633731,28.655352047610028,22.0,30.0,0.0,20.684833689009396,29.94973742950267,16.0,30.0,1206.8285947376106,21.68830518402642,28.802576881370827,21.5,30.0,0.0,20.397029285490434,31.114330689670746,19.0,30.0,0.0,15.050559245316429,42.319936523228168,12.0,30.0,0.0,19.02486631942326,37.449897112276619,19.0,30.0,0.0,17.72252756092313,35.81363469497124,10.0,30.0,681.1932930110739,17.00557840696107,37.392567726413108,16.75,30.0,0.0,16.15313672886657,39.52180402994354,16.0,30.0,0.0,19.514512077041638,0.0,0.0,0.0,15.976224026461218,0.0,0.0,477.82539340643219,475.80719593125135,513.1351854949035,508.6036182808432,448.89077436259438,739.376804637772,459.769595490066,452.18044332947468,456.21590295121168,9360.73069880103,81.81537768806916,83.5956523670859,1744.0,0.0,1744.0,1744.0,16.0,19.0,19.0,16.0,16.0,12.0,21.0,10.0,1.0,0.0,1842.0125303081096,0.0,1206.8285947376106,0.0,0.0,0.0,681.1932930110739,0.0,2694.170889866334,1616502.5339198006,2114167.2790541124,81.81537768806916,83.62588734124194,0.34480569632887789,0.7676917245392325,0.36028137401965956,83.62588734124194,0.3542647819438875,2114167.2790541124,0.18279714295525835 
 02/22  17:00:00,8.92,61.0,6.45,22.5,56.0,0.0,0.0,0.0,2.0,0.0,0.0,0.0,0.0,0.0,4.0,456.0,0.0,260.42842834106576,8.871554842033634,22.733045135589636,7.808836376269524,207.84533482479277,0.0,8.87155484203363,12.128088063807859,0.0,0.0,20.373568420048266,-1430.7631976001897,20.19170541129825,335.8377249151711,20.274293820496028,-964.952308459241,19.446511609005506,376.52563304524696,14.93221543902641,53.57062172458299,19.238301030973447,-95.38290348567077,16.95314687463128,212.71309404609279,15.86054789008231,-20.146202025566195,15.929435501151407,7.492944793953338,1144.8661596547279,740.171552563486,0.0,0.0,0.0,0.0,0.0,0.0,0.0,0.0,0.0,0.0,0.0,0.0,0.0,0.0,0.0,0.0,0.0,0.0,0.0,0.0,0.0,0.0,1.1281827280711295,0.34437812212183468,346.92106078518585,407.13980130317409,8623.06332335563,0.2654090820940017,0.040508101662698709,259.78368247021356,305.6595114083418,6072.073877804274,1.008857984910152,0.1906383191440199,287.5701010908295,337.9071436230291,6982.782325005148,0.275445712558807,0.05204945437619182,295.7862610212321,348.2932179249442,6814.295481302527,0.0,0.0,12.562424651997162,15.070785743596883,156.5896652428833,0.0,0.0,17.823596437325717,21.035026076181909,380.2078541197422,0.0,0.0,258.40530356076217,307.2353737983541,4527.958194958604,0.0,0.0,20.988366126242015,25.05449719953524,317.15182302291717,0.0,0.0,182.36328033418313,218.0407350911151,2621.5351299571059,42.26313191394316,28.987058925886978,547.979241122486,647.3997944851295,12458.002779932132,0.0,0.0,201.58832915318369,241.13334611558026,2847.269675074547,1845.2174083848304,21.45080671578704,28.751062277714554,22.000000000000019,30.00000000000002,0.0,20.699169779937017,30.131482919210094,16.000000000000015,30.00000000000002,0.0,21.144372378764485,30.0232273970688,21.000000000000015,30.00000000000002,0.0,20.503576139711926,31.07601810886999,19.000000000000015,30.00000000000002,0.0,15.067994113084007,42.36420558324776,12.00000000000001,30.00000000000002,773.2374372060683,19.618916372421574,36.27224152044505,19.666666666666683,30.00000000000002,0.0,17.649157186600957,36.12639486253922,10.000000000000007,30.00000000000002,0.0,16.437974711880668,38.85122037699935,16.000000000000015,30.00000000000002,0.0,16.037464157254719,39.944355723516128,16.000000000000015,30.00000000000002,0.0,19.531618295884806,0.0,0.0,0.0,15.895920163284249,0.0,0.0,486.61837094973978,488.2347438260362,526.7784808926934,517.9255311439084,455.24662127201045,752.7774793096457,468.33798104531146,458.1301949794626,464.0867785133714,9782.751192294272,81.53634521710926,83.91132224451343,1744.0000000000014,0.0,1744.0000000000014,1744.0000000000014,16.0,19.0,19.0,16.0,16.0,12.0,21.0,10.0,1.0,0.0,1845.2174083848304,0.0,0.0,0.0,773.2374372060683,0.0,0.0,0.0,3594.15908219311,2156495.449315864,2797434.3565102687,81.53634521710926,83.9516572388214,0.3464719694064372,0.7665003698944557,0.3602813740196598,83.9516572388214,0.3542647819438878,2797434.3565102687,0.2185208087607562 
 02/22  17:10:00,8.776666666666668,61.5,6.426666666666667,15.999999999999997,37.33333333333333,0.0,4.0,0.0,0.0,0.0,0.0,0.0,0.0,0.0,0.0,608.0,0.0,151.07326481520085,5.99334067594247,15.357722193666707,4.52987043571087,120.5700944184692,0.0,5.993340675942467,8.193351087662297,0.0,0.0,20.438353488584469,-1405.3108536887385,20.15202920799267,396.2207034322614,20.573140824361994,-588.5496259343127,19.308581231857859,-29.88741519589604,14.949355149006732,55.22256678627048,19.082008330011676,-299.38085747077118,17.123656023431275,412.51834292813967,15.796912422705189,-24.175330903271687,16.357952202771729,-189.89461486273843,1004.7506086513768,748.3957708967159,0.0,0.0,0.0,0.0,0.0,0.0,0.0,0.0,0.0,0.0,0.0,0.0,0.0,0.0,0.0,0.0,0.0,0.0,0.0,0.0,0.0,0.0,1.1757770223501758,0.3589062949786862,384.51711922498586,451.4234438452328,9643.18046795581,0.28141726006014708,0.042951352268032209,269.5778041712123,317.17362807203667,6387.344845097638,0.9032250577496122,0.17067744855434856,120.93326880852847,141.72059570213268,3148.8653370466224,0.3232099435269741,0.06107519718952646,33.38393535335899,39.33876478805514,760.1325702330432,0.0,0.0,12.701456653474978,15.242136291608269,162.33647391711717,0.0,0.0,85.77518905436549,101.39616082261435,1821.9494291133763,0.0,0.0,312.6804088785665,371.54372419929936,5749.991184644095,0.0,0.0,32.16738936177696,38.433469806388618,483.659161906821,0.0,0.0,157.96463007822877,188.57655540821413,2509.8637041084937,42.211299946745999,28.951508879798355,315.102596907059,372.8848633052296,7313.628781038542,0.0,0.0,186.08132445234035,222.73857105255093,2666.133304200015,1790.7972443040124,21.449823746201277,28.86301175660173,22.0,30.0,0.0,20.706769048583867,30.193978739340275,16.0,30.0,1484.5082532857844,21.673982837578504,28.593625824071144,21.5,30.0,0.0,20.140134400538789,34.2886432305561,19.0,30.0,0.0,15.081569792034792,42.609622093014348,12.0,30.0,0.0,19.410459437431276,33.71129775774183,16.0,30.0,0.0,17.96320402811887,36.14186960774527,10.0,30.0,353.9484352236583,16.200031128201198,39.79431470813802,16.25,30.0,872.1998495329651,16.693890350089715,38.73033300874047,16.5,30.0,0.0,19.037636642181448,0.0,0.0,0.0,15.838368747186017,0.0,0.0,494.8431043420926,493.3322282748936,500.91785144447189,665.0937921052957,470.2298812190187,557.1385829777371,511.31728276220766,477.6648426884817,486.9886099727007,8350.862155292554,82.48317850809453,82.48317850809453,162.0,0.0,162.0,162.0,16.0,19.0,16.0,16.0,16.0,12.0,21.0,10.0,1.0,0.0,1790.7972443040124,0.0,1484.5082532857844,0.0,0.0,0.0,353.9484352236583,872.1998495329651,0.0,0.0,0.0,82.48317850809453,82.48317850809453,0.34,0.7706102217571431,0.36028137401965956,82.48317850809453,0.3542647819438875,0.0,0.006804 
 02/22  17:20:00,8.633333333333333,62.0,6.403333333333334,9.499999999999999,18.666666666666666,0.0,4.0,0.0,0.0,0.0,0.0,0.0,0.0,0.0,0.0,456.0,0.0,76.62574951994907,3.565265285436364,9.135861133361285,2.2975929140206796,61.15427139733424,0.0,3.5652652854363624,4.873987944902043,0.0,0.0,20.424494575136046,-1274.4553766121297,20.123097303939177,238.07500986510503,20.390522318714507,-391.6357367820765,19.19826827506638,-33.26064560961457,14.966892374870023,54.389345029241358,18.68515813468265,-122.51567103616323,17.24873166556865,206.23462434232403,16.416052165825755,-70.22070312419207,16.242157902877616,-131.6133032210288,963.039214958966,876.1727771754131,0.0,0.0,0.0,0.0,0.0,0.0,0.0,0.0,0.0,0.0,0.0,0.0,0.0,0.0,0.0,0.0,0.0,0.0,0.0,0.0,0.0,0.0,1.1463892284660922,0.3499356619249364,358.1148329226973,420.63956109706597,9015.242749841762,0.25551398851927989,0.03899786149561658,217.79059696075428,256.3750052627689,5232.251818972358,1.0494981009526692,0.19831785732287778,157.59597461591205,185.21814260300699,3940.9047614431726,0.3190535969267548,0.06028979533763314,31.426007949964288,37.05666239010013,712.3225238584464,0.0,0.0,11.731358899163992,14.073565836484088,153.65468489435399,0.0,0.0,65.38705291180009,77.43217882571544,1340.1233284385554,0.0,0.0,302.6146399635536,359.2479299444749,5740.163737197539,0.0,0.0,26.881666579606699,32.02185778894215,463.4166587591294,0.0,0.0,173.5086540683719,207.11024591024398,2738.593872411235,42.002264201168689,28.80813731218703,295.3036264804343,349.5601036941648,6993.121769273863,0.0,0.0,198.16721157195668,236.98598701209563,2929.189003343095,1834.3980792522032,21.422322616739366,28.961687460712974,21.999999999999994,29.99999999999999,0.0,20.72052109683183,30.222986585532217,15.999999999999993,29.99999999999999,1114.2230101561534,21.315553133530224,29.1233678808929,21.333333333333326,29.99999999999999,0.0,19.91633894794737,36.4217361893177,18.999999999999994,29.99999999999999,0.0,15.094951638822458,42.91784814582214,11.999999999999995,29.99999999999999,0.0,18.878312017290978,34.09688716550582,15.999999999999993,29.99999999999999,0.0,18.0975768995237,35.70142532068839,9.999999999999997,29.99999999999999,816.3307608905376,17.25769813559593,37.61820799160131,16.999999999999994,29.99999999999999,0.0,16.469117772753078,39.61785163172641,15.999999999999993,29.99999999999999,0.0,18.859245462670125,0.0,0.0,0.0,15.93236917847079,0.0,0.0,499.6716538929236,498.14387873066326,497.48734690964127,770.6512861134378,488.03227633865557,509.8665664655167,503.94129999272635,501.08529557160156,505.6662817375314,10029.25645303703,81.37335050797282,83.68864216113018,161.99999999999995,0.0,161.99999999999995,161.99999999999995,16.0,19.0,16.0,16.0,16.0,12.0,21.0,10.0,1.0,0.0,1834.3980792522032,0.0,1114.2230101561534,0.0,0.0,0.0,816.3307608905376,0.0,3503.9256909810067,2102355.4145886048,2735082.9166284005,81.37335050797282,83.72796349964159,0.3434641896993668,0.7678679124451675,0.36028137401965945,83.72796349964159,0.35426478194388735,2735082.9166284005,0.1490553116646768 
 02/22  17:30:00,8.49,62.5,6.38,0.0,0.0,0.0,4.0,0.0,0.0,0.0,0.0,0.0,0.0,0.0,0.0,608.0,0.0,0.0,0.0,0.0,0.0,0.0,0.0,0.0,0.0,0.0,0.0,20.455908096649546,-1552.3653716071604,20.015856355972525,339.8848282692454,20.48011293824805,-324.07960513506699,19.11463610408225,-29.998726393749736,14.980752645180364,52.53775292433359,18.4357575797301,-91.31833945261349,17.15150971977225,203.6707836328501,16.370196643520946,-34.17379024950141,16.065401190108874,-61.95242631715678,987.2220007054302,860.403752274065,0.0,0.0,0.0,0.0,0.0,0.0,0.0,0.0,0.0,0.0,0.0,0.0,0.0,0.0,0.0,0.0,0.0,0.0,0.0,0.0,0.0,0.0,1.1386962472254574,0.34758737705294798,373.00403877237945,438.0448956072345,9533.104505367653,0.2681159681476392,0.040921240559774,258.1051269234822,303.92371657223807,6223.255980074816,1.0319367934476707,0.19499939407552364,96.26908454357444,113.13342409858135,2461.1173833534705,0.33826176729774928,0.06391945716132827,35.05349355422831,41.36326674135492,793.5989026711451,0.0,0.0,11.601920356343403,13.921366684062587,155.5076211580336,0.0,0.0,58.27232130182752,69.08889712360547,1176.8553795022318,0.0,0.0,300.3586479996801,356.9388615108564,5662.1257829270639,0.0,0.0,15.4351318409518,18.386248239589017,270.13289106649668,0.0,0.0,190.39630547004183,227.58062547410899,2961.3409510882977,41.960924352472947,28.779783506497226,305.1096709989637,361.2715873512604,7247.497435500778,0.0,0.0,202.6882526973812,242.54762953847908,3027.8398577448599,1827.4338524494647,21.38711397077042,29.17309858532906,22.0,30.0,0.0,20.634234570954889,30.481348656643634,16.0,30.0,838.8810515071059,21.43277764500688,29.044205438726658,21.25,30.0,0.0,19.7629280515277,37.199869065952658,19.0,30.0,0.0,15.103128672086984,43.03151371808099,12.0,30.0,0.0,18.583608875202434,34.65035561600239,16.0,30.0,0.0,17.889826061512719,36.193625338942968,10.0,30.0,0.0,17.19614306153422,37.803128182260618,16.0,30.0,0.0,16.197296950790368,40.28356274455757,16.0,30.0,0.0,18.918343340645629,0.0,0.0,0.0,15.869169548341933,0.0,0.0,513.0353847609863,507.084175850202,508.665423667304,805.0518799338945,495.33584344093597,505.4033452604048,506.2786130350171,503.9318541504347,504.88156270615908,8881.434617819858,82.13235036453546,82.13235036453546,162.0,0.0,162.0,162.0,16.0,19.0,16.0,16.0,16.0,12.0,21.0,10.0,1.0,0.0,1827.4338524494647,0.0,838.8810515071059,0.0,0.0,0.0,0.0,0.0,0.0,0.0,0.0,82.13235036453546,82.13235036453546,0.34,0.7693454121202645,0.36028137401965956,82.13235036453546,0.3542647819438875,0.0,0.0068579999999999999 
 02/22  17:40:00,8.346666666666668,63.0,6.3566666666666669,0.0,0.0,0.0,4.0,0.0,0.0,0.0,0.0,0.0,0.0,0.0,0.0,760.0,0.0,0.0,0.0,0.0,0.0,0.0,0.0,0.0,0.0,0.0,0.0,20.645112346258665,-1303.2587321276922,20.728595192204759,-392.27006304968696,20.478164024522046,-307.9097571420277,19.064940355744477,-18.10419411092571,14.995992483764534,49.73707318644375,18.241603921623289,-78.66968855643566,17.10206156937563,218.10974020030126,15.979391654473283,-29.997153495982969,16.26856590005012,-101.06766024514492,1004.4168640623684,867.2054212005235,0.0,0.0,0.0,0.0,0.0,0.0,0.0,0.0,0.0,0.0,0.0,0.0,0.0,0.0,0.0,0.0,0.0,0.0,0.0,0.0,0.0,0.0,1.1016146524226272,0.336268208920216,327.91231241585327,384.8365070618495,8621.493736567012,0.2129685783071234,0.0325043617684865,174.86334588334879,205.40182276718779,4560.959415205947,1.1610552215247708,0.21939819000846023,190.59127348310677,223.7011127923943,4963.289387688752,0.3779437347661022,0.07141793929820528,40.620152282520077,47.95381627373092,923.439889134034,0.0,0.0,11.574663718143709,13.890831222273102,158.63619813343406,0.0,0.0,54.23335335598684,64.36785548724349,1085.7261053202774,0.0,0.0,306.0004818844269,363.84851256128845,5791.527318971931,0.0,0.0,22.50626804969475,26.87291500495934,368.85948319328818,0.0,0.0,189.98094118384177,227.1338227219169,3012.4142691860918,42.03040604777561,28.827438990243917,261.373207976404,309.63670213780929,6355.743839611409,0.0,0.0,210.2713053504675,251.76711425258933,3157.091168890483,1813.6347560426444,21.625322233765119,28.90413720267471,22.000000000000008,30.00000000000001,1999.6358371135457,21.643590744907234,28.826712689501908,22.000000000000008,30.00000000000001,752.9825555742885,21.368752226914919,29.311613575706155,21.20000000000001,30.00000000000001,0.0,19.668197054533409,37.15920244817641,19.000000000000008,30.00000000000001,0.0,15.109317774269364,43.101251491148719,12.000000000000006,30.00000000000001,0.0,18.343778337630999,35.187921249491228,16.000000000000005,30.00000000000001,0.0,17.780442951823305,36.49830562112098,10.000000000000004,30.00000000000001,0.0,16.503639051598463,39.50812738779444,16.000000000000005,30.00000000000001,605.226756537446,16.203972274092935,40.28846448350762,16.000000000000005,30.00000000000001,0.0,18.83111973030623,0.0,0.0,0.0,15.760811516865909,0.0,0.0,526.4299115952849,522.2110613997768,521.6257337292918,797.5694808449138,500.42489732880417,507.1740162726457,510.7525565842668,505.1576282749999,506.7061639118681,10239.880487649061,81.2339965600647,85.55172313686924,162.00000000000007,0.0,162.00000000000007,162.00000000000007,21.0,19.0,16.0,16.0,16.0,12.0,21.0,10.0,1.0,0.0,1813.6347560426444,1999.6358371135457,752.9825555742885,0.0,0.0,0.0,0.0,605.226756537446,6534.1262927444299,3920475.7756466555,5100959.0354234059,81.2339965600647,85.62505246801189,0.35380420975814766,0.7672140254384682,0.36028137401965967,85.62505246801189,0.35426478194388769,5100959.0354234059,0.27213486984201709 
 02/22  17:50:00,8.203333333333334,63.5,6.333333333333332,0.0,0.0,0.0,4.0,0.0,0.0,0.0,0.0,0.0,0.0,0.0,0.0,304.0,0.0,0.0,0.0,0.0,0.0,0.0,0.0,0.0,0.0,0.0,0.0,20.527787007660373,-768.9404057502707,20.535743652910534,-713.0105784119228,20.28232500376575,-552.9004903252562,19.054466765997149,26.096870235180974,15.012203391243279,46.656902098024747,18.07896782439891,-42.39988148254736,17.176308865876114,260.2367321421025,15.6961480506863,-19.855900177477339,16.591486945939896,-311.14273208956549,977.3779841574265,802.9629987048402,0.0,0.0,0.0,0.0,0.0,0.0,0.0,0.0,0.0,0.0,0.0,0.0,0.0,0.0,0.0,0.0,0.0,0.0,0.0,0.0,0.0,0.0,1.151781905192179,0.3515817781416908,315.80602073469268,369.9648169644189,8417.189706884945,0.18566944118075694,0.028337826798039826,126.08002356781305,147.84958475894127,3205.241351789771,1.0947754137711985,0.2068736609544971,157.2230436916262,184.51477964544476,4069.660182218976,0.3889168281539024,0.07349146412583188,42.256601273939768,49.83763968713525,970.599344999362,0.0,0.0,11.209449507902815,13.438145037510284,157.09705772515566,0.0,0.0,45.94442451142697,54.51595119776832,915.7535722084926,0.0,0.0,264.7907920075533,314.4596103422557,5145.484001834262,0.0,0.0,30.404643468850816,36.321226154260639,480.49811092530049,0.0,0.0,149.90468318281257,178.60342617490449,2650.0151227470707,41.95925653448697,28.77863959841357,254.7686795625518,301.17016716596779,6315.582741143894,0.0,0.0,175.6619804090251,210.31549955243697,2616.3283487772835,1166.3694619473709,21.479069655193137,29.23999109594024,22.0,30.0,444.57846479687466,21.30453425762702,29.69727786774687,21.0,30.0,483.16631461035436,21.230590933902755,29.75556964347169,21.0,30.0,0.0,19.63988283358838,36.82378663077917,19.0,30.0,0.0,15.117968554421055,43.15979421744645,12.0,30.0,0.0,18.14698314384239,35.667812748257897,16.0,30.0,0.0,17.897620563956445,36.30195046893168,10.0,30.0,45.298006637293649,16.033994621267703,40.746528182074289,16.0,30.0,664.1484399908201,16.991917467646738,38.352426655412987,17.0,30.0,0.0,18.694977275162566,0.0,0.0,0.0,15.53464542687924,0.0,0.0,531.8729438281478,545.0569811952557,539.0479976761019,779.882602823132,505.4952234270598,510.70587188800166,516.1647104737153,508.44793528826787,509.7774303695593,10752.696978933443,80.89480163148468,84.77519056497876,162.0,0.0,162.0,162.0,21.0,19.0,16.0,16.0,16.0,12.0,21.0,10.0,1.0,0.0,1166.3694619473709,444.57846479687466,483.16631461035436,0.0,0.0,0.0,45.298006637293649,664.1484399908201,5871.823904687153,3523094.342812292,4564264.062987011,80.89480163148468,84.84109245107669,0.36572746348957177,0.7686747913058136,0.36028137401965956,84.84109245107669,0.3542647819438875,4564264.062987011,0.24414573127532458 
 02/22  18:00:00,8.06,64.0,6.31,0.0,0.0,0.0,4.0,0.0,0.0,0.0,0.0,0.0,0.0,0.0,0.0,760.0,0.0,0.0,0.0,0.0,0.0,0.0,0.0,0.0,0.0,0.0,0.0,20.43924981770732,-6.6482494238040179,20.808349331235858,-893.5065113619661,20.341718167528968,-816.767918757201,19.086874202728759,44.75275991056006,15.027166484144388,45.973653727597859,17.983345448103074,-14.724400166978489,17.243889071050967,225.21710749414235,16.14426716712433,-67.86478096926344,16.444306675678769,-265.3494576326919,1071.542167463392,885.6969701910743,0.0,0.0,0.0,0.0,0.0,0.0,0.0,0.0,0.0,0.0,0.0,0.0,0.0,0.0,0.0,0.0,0.0,0.0,0.0,0.0,0.0,0.0,1.2029674207007908,0.3672061723750888,350.00210390255327,411.4485582446673,9083.4672556738,0.19849356943092179,0.030295111329505764,179.36875019140434,210.2142774520679,4857.785167655459,1.0203887008207158,0.19281721481872944,174.4803523215812,204.84447688914328,4714.000643599058,0.3944728069637917,0.07454134674296895,43.154851478966708,50.95542796381948,1006.9694628179586,0.0,0.0,11.162150481890592,13.39602394560186,159.80360109959327,0.0,0.0,26.31823103369432,31.27393476801695,527.6972723494164,0.0,0.0,243.34855711475144,289.1501459814146,4840.234390915535,0.0,0.0,26.28184464098834,31.371144875958146,462.47568767732369,0.0,0.0,152.21467963692565,181.69429929713847,2621.9897126079365,41.967925162282458,28.78458515931582,293.60718152806836,347.5316564650194,7371.799197079626,0.0,0.0,175.32912736537436,210.1158286426507,2637.854007526754,0.0,21.116257070710224,30.059138760313318,21.0,30.0,2017.6214104690239,21.692946299740524,29.068690903882549,22.0,30.0,1354.3333289805724,21.543241955221345,29.326265655382206,21.4,30.0,0.0,19.68177971811368,36.73060178730193,19.0,30.0,0.0,15.125214438248588,43.20674250719881,12.000000000000002,30.0,0.0,18.06174442440133,35.906165123813838,16.0,30.0,0.0,17.983000931287877,36.22166386397485,10.0,30.0,572.452025621109,16.820176481306,38.81481708440075,16.6,30.0,0.0,16.62654471312408,39.345008781815369,16.0,30.0,0.0,19.0076317282544,0.0,0.0,0.0,15.476302136935257,0.0,0.0,549.0575633032983,554.0594819501001,552.3657017593116,784.2904565238052,509.7133825843514,514.3404007446783,525.1844589513119,512.5784389200503,516.13516856067,9299.877179668318,81.85559289606843,84.70320953768291,162.0,0.0,162.0,162.0,21.0,19.0,16.0,16.0,16.0,12.0,21.0,10.0,1.0,0.0,0.0,2017.6214104690239,1354.3333289805724,0.0,0.0,0.0,572.452025621109,0.0,4309.41950906958,2585651.705441748,3375110.5684945776,81.85559289606843,84.75157152169601,0.34764731696898606,0.7669618696588932,0.36028137401965956,84.75157152169601,0.35426478194388757,3375110.5684945776,0.18222874956171807 
 02/22  18:10:00,7.993333333333334,64.5,6.343333333333333,0.0,0.0,0.0,0.0,0.0,0.0,0.0,0.0,4.0,0.0,0.0,0.0,608.0,0.0,0.0,0.0,0.0,0.0,0.0,0.0,0.0,0.0,0.0,0.0,20.558665792176396,-364.05609226570416,20.91546870568726,-156.19702218394117,20.616845547433795,-2642.2894897808657,19.37287727913967,939.847749393597,15.043042059883853,43.66873005440027,17.892026235078366,-24.3170559140342,17.141918304350516,172.531188466794,15.876977403432246,-40.179812947174728,16.12414549212047,-167.66953454577016,1116.9273668762876,919.0713849928263,0.0,0.0,0.0,0.0,0.0,0.0,0.0,0.0,0.0,0.0,0.0,0.0,0.0,0.0,0.0,0.0,0.0,0.0,0.0,0.0,0.0,0.0,1.3160044213090654,0.40171075131534358,230.63633202892985,270.64493338832775,6197.26362582172,0.13854766268891503,0.02114585816375382,24.165703091811616,28.322884068014827,668.4180942971115,1.1783423503603388,0.2226648432275773,526.6556915844808,617.720495102936,14360.693873116521,0.35375921275295998,0.06684792380063487,401.562077091808,473.2596426920093,9839.475008927076,0.0,0.0,10.997921998008497,13.19538917622134,159.16967925471415,0.0,0.0,31.61582584226309,37.551355312028849,631.6724094597931,0.0,0.0,267.5339354363392,318.05891719028019,5246.276505730765,0.0,0.0,25.120649049469838,30.01619673060695,421.13026202425558,0.0,0.0,170.57176645673034,203.91160227115075,2819.942513205617,42.07045140344648,28.854904940635455,505.5459126229688,598.1477900064764,12190.450404291229,0.0,0.0,194.99727795494699,233.6753575427928,2960.184466824184,1028.7365792793438,21.43822885227411,30.06088707733531,21.5,30.0,366.12984028635909,21.90828008346885,31.43428605844624,21.5,30.0,3664.6236775817444,21.779762773041978,29.626359829208068,22.0,30.0,0.0,20.32942328942265,32.248289020894159,16.0,30.0,0.0,15.135270322737153,43.27946680498154,12.0,30.0,0.0,17.963209520977853,36.21664407773446,16.0,30.0,0.0,17.76853113245259,37.030121871449498,10.0,30.0,0.0,16.311451129804149,40.19458153003872,16.0,30.0,0.0,16.18640200653502,40.58326214010504,16.0,30.0,0.0,19.142424594606156,0.0,0.0,0.0,15.481622195476506,0.0,0.0,589.7054529726954,712.2848272278135,604.768903655578,595.0528476061935,516.1209563907522,521.0789235240134,543.8556528901546,519.7878570714515,524.6358376463701,9091.498571891552,81.99344120328033,83.751556256118,240.0,0.0,240.0,240.0,21.0,16.0,16.0,16.0,16.0,12.0,21.0,10.0,1.0,0.0,1028.7365792793438,366.12984028635909,3664.6236775817444,0.0,0.0,0.0,0.0,0.0,2660.669975200349,1596401.9851202097,2089005.7375476,81.99344120328033,83.78141488625661,0.343688999173345,0.7670615863727204,0.36028137401965956,83.78141488625661,0.3542647819438875,2089005.7375476,0.1184682983524752 
 02/22  18:20:00,7.926666666666668,65.0,6.376666666666667,0.0,0.0,0.0,0.0,0.0,0.0,0.0,0.0,4.0,0.0,0.0,0.0,1221.0,0.0,0.0,0.0,0.0,0.0,0.0,0.0,0.0,0.0,0.0,0.0,20.591225747967337,-533.3714511620716,20.689752493201448,-126.03185390385046,20.654961048461428,-1765.358842530267,19.57630434468124,572.8735790660928,15.0590067451419,43.29250346314293,17.80429002604173,-22.168032905039568,17.14459609220176,263.2882222663633,15.944171421031499,-54.39156168102882,16.315971358146457,-231.23403720351065,1072.582429481109,888.1534509387806,0.0,0.0,0.0,0.0,0.0,0.0,0.0,0.0,0.0,0.0,0.0,0.0,0.0,0.0,0.0,0.0,0.0,0.0,0.0,0.0,0.0,0.0,1.2987894115201995,0.39645586432240517,152.8385903741586,179.56529362919114,4135.618539580319,0.17585026326208887,0.026839173269549586,20.09989470331823,23.596346556148864,545.6174070575423,1.2810165673572647,0.24206662270545446,366.4336828098159,430.17858071574138,9930.413797675985,0.3382951005344398,0.06392575595888885,334.13995563288315,393.5821081509884,8395.904549245413,0.0,0.0,11.326272254475605,13.59596614632541,165.7096898432527,0.0,0.0,31.13216881556756,37.0247890310624,620.7352107743529,0.0,0.0,262.016520315523,311.77470455338757,5161.81426803993,0.0,0.0,27.82851927473547,33.268923121403549,474.23224480379079,0.0,0.0,160.88045613936269,192.37752683906172,2735.7064752454596,42.18915748028928,28.936322002941908,357.046779702707,422.7952442746915,8848.890247198435,0.0,0.0,186.94920224403675,224.30521198255273,2823.6877892520885,916.1930238187554,21.543468630990767,29.883937876536686,21.5,30.0,0.0,21.522859287533686,34.90361753642447,21.0,30.0,1959.016573232943,21.546861178462089,29.72189957911383,21.5,30.0,0.0,20.571808664018105,31.67949398549881,16.0,30.0,0.0,15.14720364417785,43.42150145717423,12.0,30.0,0.0,17.867505645041346,36.64296580171276,16.0,30.0,0.0,17.75507254684501,37.271322068205908,10.0,30.0,547.2841453270731,16.40984642458375,40.164927687623727,16.5,30.0,833.2624237096591,16.42924662665453,40.26733641025356,16.375,30.0,0.0,18.994612995100778,0.0,0.0,0.0,15.349604289965369,0.0,0.0,587.514780308127,860.0604643221349,581.9526785945684,588.8447325869394,525.9075762533279,534.3602912488095,556.2763336505409,532.5039493896702,541.3025450133537,8019.93828364743,81.46029031657094,84.53799984403335,240.0,0.0,240.0,240.0,21.0,16.0,16.0,16.0,16.0,12.0,21.0,10.0,1.0,0.0,916.1930238187554,0.0,1959.016573232943,0.0,0.0,0.0,547.2841453270731,833.2624237096591,4656.75668863626,2794054.0131817564,3630652.857304829,81.46029031657094,84.59026956910411,0.282725222954542,0.5573504502736192,0.27021103051474468,84.59026956910411,0.2656985864579156,3630652.857304829,0.19864728191318446 
 02/22  18:30:00,7.86,65.5,6.41,0.0,0.0,0.0,0.0,0.0,0.0,0.0,0.0,4.0,0.0,0.0,0.0,614.0,0.0,0.0,0.0,0.0,0.0,0.0,0.0,0.0,0.0,0.0,0.0,20.69300695865138,-652.7733392784056,20.500503959810588,-111.88116029340067,20.693683462692819,-1494.0353850908296,19.583512278852994,419.074891592893,15.076252019825166,43.72159364752957,17.730457776925129,-3.754312811284649,17.26717039023019,199.63738103922334,16.021671649469636,-64.94083118352859,16.32474641853932,-292.5388108766974,1010.267737034892,985.1773397493341,0.0,0.0,0.0,0.0,0.0,0.0,0.0,0.0,0.0,0.0,0.0,0.0,0.0,0.0,0.0,0.0,0.0,0.0,0.0,0.0,0.0,0.0,1.2886333288026495,0.39335571697272578,150.33991795384299,176.58034643032912,4068.075761269,0.17951204395154936,0.02739805310615833,19.2601191618678,22.612843955145956,513.7721011056345,1.3310038053240936,0.2515124348684985,311.80658924056567,365.8604929679259,8464.80142058292,0.32874361204748778,0.062120863954551717,281.73349461354379,331.68768987403066,7104.863390205196,0.0,0.0,11.306928614178729,13.56637371086103,167.30873717013624,0.0,0.0,31.466766041330879,37.410577346420577,627.0751294763372,0.0,0.0,263.47397445484088,313.07057710059549,5329.339875577319,0.0,0.0,26.83957481064489,32.05099123676326,468.75708956875129,0.0,0.0,163.01734597329705,194.69847706557654,2826.7290536456168,42.10015651696725,28.87527881822172,306.6759476800795,363.184887194584,7650.084209403535,0.0,0.0,188.82298635635679,226.40725236221608,2858.5757604732609,1198.8176767644546,21.617959480785229,29.77263327746524,21.5,30.0,0.0,21.205723231697229,37.50293908461528,21.0,30.0,2222.0412158707997,21.458267272581098,29.714489669042409,21.5,30.0,0.0,20.52650760708983,31.65524582696092,16.0,30.0,0.0,15.16242825608549,43.63392736708185,12.0,30.0,0.0,17.792457617199845,37.06384408107138,16.0,30.0,0.0,17.947744455913136,36.972583187085849,10.0,30.0,0.0,16.524243185529259,40.14594406063122,16.0,30.0,0.0,16.46446685402128,40.42755672815276,16.0,30.0,0.0,18.811132671354714,0.0,0.0,0.0,15.32103579372351,0.0,0.0,586.8778782196358,967.3135269469042,568.2407471037903,579.9812268860011,539.1218331577366,548.99170247559,564.4044527309635,548.0160583023751,555.0409619617938,6505.282321637716,82.62023490642176,82.62023490642176,240.0,0.0,240.0,240.0,21.0,16.0,16.0,16.0,16.0,12.0,21.0,10.0,1.0,0.0,1198.8176767644546,0.0,2222.0412158707997,0.0,0.0,0.0,0.0,0.0,0.0,0.0,0.0,82.62023490642176,82.62023490642176,0.255,0.539151807961911,0.27021103051474468,82.62023490642176,0.2656985864579156,0.0,0.009866666666666666 
 02/22  18:40:00,7.793333333333333,66.0,6.443333333333333,0.0,0.0,0.0,0.0,0.0,0.0,0.0,0.0,4.0,0.0,0.0,0.0,1232.0,0.0,0.0,0.0,0.0,0.0,0.0,0.0,0.0,0.0,0.0,0.0,20.640854936357035,-749.8264852253005,20.618851613624348,-84.50092285466518,20.730550724533459,-1495.95239215002,19.605870997416248,493.09951084118736,15.09485623921582,45.748170379449799,18.649943698881374,-194.63934266520463,17.232426083570439,196.3682625762067,16.80608526517423,-58.62804898660378,16.323042915731916,-237.180366972025,1038.124441986056,1039.214373831749,0.0,0.0,0.0,0.0,0.0,0.0,0.0,0.0,0.0,0.0,0.0,0.0,0.0,0.0,0.0,0.0,0.0,0.0,0.0,0.0,0.0,0.0,1.2854580582722604,0.39238646467407209,148.522102229846,174.5278916310833,4062.505277336833,0.20121267387701448,0.030710115060594395,15.586163392471173,18.312064187074904,416.52727576462265,1.2833606363734185,0.24250956847570277,317.9981947374318,373.27862841922737,8728.54437627974,0.33310008808592647,0.06294408316060589,320.88006683070327,378.04319557697348,8134.162090506492,0.0,0.0,11.69093177620885,14.032452470638404,174.98698649975305,0.0,0.0,61.131271297701378,72.3063710022496,1398.3977067492386,0.0,0.0,307.63284957347948,365.8107382087579,6208.697172454903,0.0,0.0,20.479630113271229,24.37561371116559,406.01024298209645,0.0,0.0,195.33804310769126,233.65011260728407,3296.7429671907004,42.1680058411022,28.921814705831424,323.54596694466468,383.3031708198534,8120.220301550717,0.0,0.0,207.21106054408086,248.51826677964935,3198.2578175023279,949.9382625803079,21.514180607007896,29.888644973710947,21.5,30.0,539.2001381142127,21.154207374205673,38.92661667005181,21.25,30.0,1934.7692163378802,21.561242779672378,29.424882482442844,21.5,30.0,0.0,20.550552431207448,31.445116133337384,16.0,30.0,0.0,15.180622099390087,43.77968116934382,12.0,30.0,1799.6661541483375,19.063701572222809,34.423890576203287,20.0,30.0,0.0,17.85601110171417,37.24462149666101,10.0,30.0,1364.2229504932689,17.716354545907273,37.42477205550242,20.7,30.0,399.70621085028116,16.152916422667308,41.402773954908557,16.125,30.0,0.0,18.89049918129287,0.0,0.0,0.0,15.40384932576671,0.0,0.0,581.5433281318148,1046.467493454656,560.72424702257,568.8263965433037,549.0652345395878,559.9323041477035,567.8004372661126,557.3370434864821,563.4893338395398,10624.421294147596,80.97972692733159,86.231992702834,240.0,0.0,240.0,240.0,21.0,16.0,19.0,16.0,19.7,12.0,21.0,10.0,1.0,0.0,949.9382625803079,539.2001381142127,1934.7692163378802,0.0,1799.6661541483375,0.0,1364.2229504932689,399.70621085028116,7948.622089100879,4769173.253460527,6233628.76109139,80.97972692733159,86.3211936120278,0.34995406963669598,0.7656160580711285,0.36028137401965956,86.3211936120278,0.3542647819438875,6233628.76109139,0.3340286955767523 
 02/22  18:50:00,7.726666666666667,66.5,6.476666666666667,0.0,0.0,0.0,0.0,0.0,0.0,0.0,0.0,4.0,0.0,0.0,0.0,770.0,0.0,0.0,0.0,0.0,0.0,0.0,0.0,0.0,0.0,0.0,0.0,20.664387257827,-747.8548742482407,20.921696589839266,-198.9050298208937,20.81145672551192,-1381.9912694640348,19.618376656024496,446.47517648183426,15.11668325939526,48.46503857950817,19.071103743547686,-294.16940467062298,17.38201675890891,322.63675245004347,17.952019775123124,-112.09286671161255,16.543639205686924,-450.476031961267,1043.6493697968459,1058.6821951706925,0.0,0.0,0.0,0.0,0.0,0.0,0.0,0.0,0.0,0.0,0.0,0.0,0.0,0.0,0.0,0.0,0.0,0.0,0.0,0.0,0.0,0.0,1.324520434209192,0.4043102668526227,187.26272657942426,219.7523311436219,5135.275764008356,0.0941970427597263,0.014376838028041257,31.185582018166316,36.522392286656,873.1547227713024,1.3645903164580069,0.2578590923012108,328.07235362291007,384.9420841361512,9028.690600168935,0.3393691988923539,0.0641287223908454,303.6074493799731,357.6137805166569,7735.278680563701,0.0,0.0,12.055052512371502,14.46541592707666,182.65439814443443,0.0,0.0,82.23849348682787,97.10385822474737,1989.2774729186907,0.0,0.0,296.81449281898747,352.55574063836607,6192.129055754483,0.0,0.0,27.917808927047348,32.958880617683998,669.8828090061936,0.0,0.0,180.70418682209428,215.6426703500568,3290.822067181215,42.20580807781966,28.947742165857116,334.1461062642461,395.5481059303752,8472.205265574677,0.0,0.0,185.2716201057359,222.11060081030633,2896.1297600863956,1115.2175658222819,21.516634091579957,30.478768299985334,21.6,30.0,429.3139544539553,21.860869767874097,36.900540323007948,21.4,30.0,1803.0289258766243,21.476302719121074,29.888331700887549,21.4,30.0,0.0,20.538843984067275,31.813274355221247,16.0,30.0,0.0,15.205075887464006,43.922450544963357,12.000000000000002,30.0,523.9546238920815,19.867793047040025,33.169314679015197,19.6,30.0,0.0,18.13849550660828,36.81894812415087,10.0,30.0,1294.1737513821059,19.663271078010895,33.26828334949931,20.7,30.0,574.6602364839977,16.78224378832159,39.89308747891373,16.4,30.0,0.0,18.909665338119415,0.0,0.0,0.0,15.416628452024283,0.0,0.0,614.2368967398326,1023.3507245379568,576.5902279194952,585.5443531906749,559.1025809879951,584.1158881183174,578.4318274336388,566.7511647444585,568.7588596725429,11304.758685298588,80.5296730292801,86.54683311931889,240.0,0.0,240.0,240.0,21.0,16.0,19.0,16.0,19.7,12.0,21.0,10.0,1.0,0.0,1115.2175658222819,429.3139544539553,1803.0289258766243,0.0,523.9546238920815,0.0,1294.1737513821059,574.6602364839977,9105.482190267736,5463289.314160641,7114975.117553868,80.5296730292801,86.64902447324838,0.37151607300892455,0.7672496223963377,0.36028137401965956,86.64902447324838,0.35426478194388757,7114975.117553868,0.37976537277946789 
 02/22  19:00:00,7.66,67.0,6.51,0.0,0.0,0.0,0.0,0.0,0.0,0.0,0.0,4.0,0.0,0.0,0.0,616.0,0.0,0.0,0.0,0.0,0.0,0.0,0.0,0.0,0.0,0.0,0.0,20.77918334053308,-666.0122697930333,20.675710901150326,-138.22113926436018,20.88266988108207,-1556.224485181232,19.640595941538487,481.34828597254548,15.139687745910925,47.917614132330147,18.81002096287199,-187.84636010828764,17.34887195799644,131.4781833648135,18.62559149479369,-256.9745939027034,16.19227801676401,-197.3590759772253,1026.2236615412058,1218.501835025638,0.0,0.0,0.0,0.0,0.0,0.0,0.0,0.0,0.0,0.0,0.0,0.0,0.0,0.0,0.0,0.0,0.0,0.0,0.0,0.0,0.0,0.0,1.3172477227663487,0.4020902694646974,159.8249111388752,187.63522747093999,4432.241451899753,0.1409633918316562,0.021514559192865727,25.077373738854396,29.42973416472787,687.9550647897503,1.3069963288621609,0.24697587469050667,329.17264513201129,386.1470204535309,9135.059074065592,0.33475849321704179,0.06325746281501166,315.7189571460792,371.79413250255245,8097.0956621293139,0.0,0.0,11.58462285926413,13.89826425711841,177.69813130134618,0.0,0.0,72.10654578376719,85.3131770813599,1671.4243106082914,0.0,0.0,311.9953347335078,370.69991397184426,6470.010416678689,0.0,0.0,43.834582404434929,51.58592530072969,1137.1422258554315,0.0,0.0,211.41250010203096,252.72297446029939,3653.88468725445,42.20625239866402,28.948046912663945,327.21408337520156,387.38663716543666,8338.121758401881,0.0,0.0,218.26673109585745,261.3501494923671,3571.476393489992,1183.8092327265852,21.621546254946204,30.168582340783826,21.5,30.0,0.0,21.4345984112288,37.17504862061454,21.0,30.0,1995.0424024735888,21.595500149288985,29.639002516660804,21.5,30.0,0.0,20.554498729626397,31.818137549126523,16.0,30.0,0.0,15.231491509714087,44.08489345809963,12.0,30.0,442.7276045422821,19.266651270864104,34.576501861312497,19.0,30.0,0.0,18.00428387467244,37.32480001220646,10.0,30.0,1269.891927115729,20.69648131699468,31.41202546124965,20.7,30.0,0.0,16.227711651972926,41.57480692936564,16.0,30.0,0.0,18.91304681548379,0.0,0.0,0.0,15.729849274667135,0.0,0.0,605.0303947655852,977.4648594602302,572.2514981132998,585.6834486332632,569.1728947142923,591.2814114870291,586.8465807528082,578.6466411514206,579.0590197485425,9906.665267665729,81.45428440133603,85.16190139523988,240.0,0.0,240.0,240.0,21.0,16.0,19.0,16.0,19.7,12.0,21.0,10.0,1.0,0.0,1183.8092327265852,0.0,1995.0424024735888,0.0,442.7276045422821,0.0,1269.891927115729,0.0,5610.638756353199,3366383.253811919,4380345.4353518779,81.45428440133603,85.2248690402401,0.35702129187843997,0.7683045737922256,0.36028137401965956,85.2248690402401,0.3542647819438875,4380345.4353518779,0.23747129597163098 
 02/22  19:10:00,7.593333333333334,67.66666666666667,6.595,0.0,0.0,0.0,0.0,1.0,2.0,0.0,0.0,4.0,0.0,0.0,0.0,770.0,0.0,0.0,0.0,0.0,0.0,0.0,0.0,0.0,0.0,0.0,0.0,20.73760212289057,-842.50746865359,20.524998967049837,-97.65350153221985,20.895982104302317,-1384.7601902782899,19.662262979211918,429.86378130617529,15.156888600391304,44.18721596403542,19.124835547408045,-83.28897178538837,17.169606189964065,87.1533366142754,18.39810148747428,-233.42532237009486,16.3594498848052,-195.00773330127124,1053.4298566764983,1145.6189828435543,0.0,0.0,0.0,0.0,0.0,0.0,0.0,0.0,0.0,0.0,0.0,0.0,0.0,0.0,0.0,0.0,0.0,0.0,0.0,0.0,0.0,0.0,1.285563263391333,0.3924185785687829,206.3538501321713,242.22936773749198,5716.20642037846,0.1824654165367544,0.027848812047734193,19.234487556586559,22.58569215736801,522.8832857370097,1.310318458872031,0.2476036392426364,343.44798329837496,403.0212705140002,9536.567646809359,0.33118555386421147,0.062582304207145,306.4608440401102,360.9604097864136,7901.839461920328,0.0,0.0,11.563344408408116,13.872959740538859,179.27540251114548,0.0,0.0,15.127408132700938,17.85614908538187,371.15010118443549,0.0,0.0,255.44601364736315,303.9278146051913,5160.911610275847,0.0,0.0,45.1541376857749,53.27990714593188,1121.6810905609887,0.0,0.0,210.98780902793306,252.30186484904429,3665.2794678352308,42.453407647145898,29.11756354399582,338.0661313019896,400.18528212412027,8684.969674880622,0.0,0.0,217.72183621577717,260.87611989697685,3540.414783494684,1045.7265244352048,21.541153825131617,30.224305700870006,21.6,30.0,0.0,21.192116847767357,38.62981470570087,21.0,30.0,1789.422009591176,21.517752186394579,29.920320220836353,21.4,30.0,0.0,20.561884471569994,31.868764820463093,16.0,30.0,0.0,15.247207892973142,44.22593515747219,12.000000000000002,30.0,525.1056610162463,19.91515687898687,34.60436424584667,19.6,30.0,0.0,17.655630355855388,38.20590864227338,10.0,30.0,530.7183087896408,20.067429320152465,33.548755827588028,20.1,30.0,621.5277864772966,16.200881985558593,41.850711931310758,16.0,30.0,0.0,18.96682562434502,0.0,0.0,0.0,15.616115383440075,0.0,0.0,598.613996858326,1028.5384289072986,578.3999291955133,587.2611071865557,576.8489148273437,679.8153559793321,588.700777781011,626.957245105853,587.2307934164647,9336.573628106777,81.83129700251553,84.66291916974729,270.0,0.0,270.0,270.0,21.0,16.0,19.0,16.0,19.7,12.0,21.0,10.0,1.0,0.0,1045.7265244352048,0.0,1789.422009591176,0.0,525.1056610162463,0.0,530.7183087896408,621.5277864772966,4285.248463635801,2571149.0781814807,3348671.1200304098,81.83129700251553,84.71100951448733,0.34684161545452676,0.7693669996993098,0.36028137401965956,84.71100951448733,0.35426478194388757,3348671.1200304098,0.18493089824158133 
 02/22  19:20:00,7.526666666666667,68.33333333333334,6.680000000000001,0.0,0.0,0.0,0.0,1.0,2.0,0.0,0.0,4.0,0.0,0.0,0.0,616.0,0.0,0.0,0.0,0.0,0.0,0.0,0.0,0.0,0.0,0.0,0.0,20.82162752315947,-690.2956776500234,20.838022592199125,-122.2039637859755,20.9423600540419,-1583.4010933118844,19.676546565789566,483.6612709441715,15.169284530714894,41.144220619647047,18.88250723972859,-56.96791893647233,17.23782691363661,286.259480573427,18.756370586402669,-267.4934523913787,16.599956180090684,-423.0663568275944,1036.1276858562597,1044.8311208193673,0.0,0.0,0.0,0.0,0.0,0.0,0.0,0.0,0.0,0.0,0.0,0.0,0.0,0.0,0.0,0.0,0.0,0.0,0.0,0.0,0.0,0.0,1.3041980915241139,0.39810686554460136,157.77039432703919,185.1841030653767,4417.638313550839,0.1752460798447259,0.02674695968326098,20.55309386189544,24.080093105777317,575.0816564530887,1.2895231961940113,0.24367407335487749,328.16949571812918,384.93539603089587,9189.21706692065,0.3304018078949149,0.062434204061775289,311.65430162903729,366.94453050157326,8084.096505745567,0.0,0.0,11.589229141735073,13.900304575558487,181.41593130744296,0.0,0.0,13.875326116843937,16.395632706327527,330.87503280937059,0.0,0.0,204.58281898620147,243.22986347259858,4220.9243836386299,0.0,0.0,47.165940123977367,55.52182473714397,1226.4459454270087,0.0,0.0,160.56750198767845,191.53197251978774,3013.4096705973586,42.688150881199288,29.278567133881553,326.0445800230718,385.940712964007,8420.631565575104,0.0,0.0,166.94767694567495,200.14578355637338,2660.8582775871575,1173.8723877531602,21.608817515901906,30.266318161496338,21.5,30.0,1024.1236228482254,21.489948377302448,38.65512316853217,21.25,30.0,1990.9698631031204,21.590377749966977,29.695578437445435,21.5,30.0,0.0,20.569613443001729,31.844815200549016,16.0,30.0,0.0,15.255266810095045,44.396861541908787,12.0,30.0,0.0,19.477955149831325,37.4473339082518,19.0,30.0,0.0,17.82023939457476,38.00089267116011,10.0,30.0,936.9288498675387,20.620091118052689,32.75649020050098,20.45,30.0,441.55712005517565,16.849238666259386,40.43167672869366,16.5,30.0,0.0,18.901338824654624,0.0,0.0,0.0,15.367184110349026,0.0,0.0,605.9395048365319,1074.4878634120397,570.0456722526448,584.6488194018725,584.4676818188564,793.5505511074352,596.6199319768011,648.3184295778224,599.397887015718,9494.21718672974,81.72708397336291,83.55672783984396,270.0,0.0,270.0,270.0,21.0,16.0,19.0,16.0,19.7,12.0,21.0,10.0,1.0,0.0,1173.8723877531602,1024.1236228482254,1990.9698631031204,0.0,0.0,0.0,936.9288498675387,441.55712005517565,2768.804120846808,1661282.4725080848,2151465.4579066589,81.72708397336291,83.5878012666976,0.3472934706948936,0.7701299790284263,0.36028137401965956,83.5878012666976,0.3542647819438875,2151465.4579066589,0.12258620381114627 
 02/22  19:30:00,7.46,69.0,6.765,0.0,0.0,0.0,0.0,1.0,2.0,0.0,0.0,4.0,0.0,0.0,0.0,618.0,0.0,0.0,0.0,0.0,0.0,0.0,0.0,0.0,0.0,0.0,0.0,20.66269620272139,-470.0398104349938,20.98273898303969,-199.02754426488174,21.032424996716533,-1751.2895972501538,19.695939882440997,437.6827213955885,15.18333514451676,42.277378634824788,18.6819547205939,-29.11248373562141,17.21387758477102,66.60931817594383,18.496073626770689,-195.30270664256705,16.24549256411309,-265.73665060155806,1118.746378722676,1144.6096471960603,0.0,0.0,0.0,0.0,0.0,0.0,0.0,0.0,0.0,0.0,0.0,0.0,0.0,0.0,0.0,0.0,0.0,0.0,0.0,0.0,0.0,0.0,1.4192413249479064,0.4332238476641961,264.34504047732249,310.54487519914269,7285.0647986748449,0.07229824334964454,0.011034530425769924,34.75042384256193,40.690683702768129,989.836600623714,1.3627072173959448,0.2575032534761801,410.09508330667026,481.06063245924818,11482.234628500926,0.3294045587897821,0.062245759408499998,268.35933458264028,315.7522111630065,7007.542268489748,0.0,0.0,10.837739388886343,12.997434937354447,171.37312912221052,0.0,0.0,13.639312529612955,16.12847968255851,318.4589894093052,0.0,0.0,243.174342046388,289.2034161349927,4999.894060443556,0.0,0.0,41.04477155532872,48.40610289449482,1026.2185058318435,0.0,0.0,201.8402678638056,241.22167245916345,3591.64157035364,43.021648758981218,29.50730367557011,408.7707640374623,483.1902419851129,10675.279931649446,0.0,0.0,208.38756599594422,249.69937596807103,3403.3193967755225,641.6486604257445,21.27986279485843,31.311033103424199,21.25,30.0,0.0,21.85380862599383,36.72661735978022,21.0,30.0,2134.3020730709006,21.665793492190937,29.905647868771294,21.5,30.0,0.0,20.570913747549136,32.2688799613658,16.0,30.0,0.0,15.268045135333365,44.73540778584022,12.0,30.0,0.0,19.15365809162403,39.839768767786207,19.0,30.0,0.0,17.69798774601174,38.772466833919967,10.0,30.0,707.5921991616239,20.009704207529209,34.4196238176786,20.2,30.0,0.0,16.273535067908868,42.437039294911539,16.0,30.0,0.0,19.159797717355617,0.0,0.0,0.0,15.507597055555943,0.0,0.0,626.6116713159714,999.197929459523,586.7952429300408,604.3445031101685,599.7101241468697,888.7067810129647,617.6834779012701,670.1680672949071,620.133747321929,7719.296005589978,81.03828416874464,84.71780960209046,270.0,0.0,270.0,270.0,21.0,16.0,19.0,16.0,19.7,12.0,21.0,10.0,1.0,0.0,641.6486604257445,0.0,2134.3020730709006,0.0,0.0,0.0,707.5921991616239,0.0,5568.198549630588,3340919.129778353,4357478.610135708,81.03828416874464,84.78030015913481,0.2706066183210196,0.5384888011182173,0.27021103051474468,84.78030015913481,0.2656985864579156,4357478.610135708,0.23720888772705685 
 02/22  19:40:00,7.3933333333333339,69.66666666666666,6.85,0.0,0.0,0.0,0.0,1.0,2.0,0.0,0.0,4.0,0.0,0.0,0.0,465.0,0.0,0.0,0.0,0.0,0.0,0.0,0.0,0.0,0.0,0.0,0.0,20.677789241057256,-498.5755984371909,20.727513537973846,-127.26665022730347,21.06092375684852,-1775.5813858545044,19.752570737330538,475.53994792274389,15.195951414061,41.88393467928849,19.16825561457604,-69.41342332943181,17.145654304829188,126.07066469459225,18.77789340014928,-289.58559651795079,16.48633287948705,-364.5200036111249,1179.739599616291,1181.8897761355025,0.0,0.0,0.0,0.0,0.0,0.0,0.0,0.0,0.0,0.0,0.0,0.0,0.0,0.0,0.0,0.0,0.0,0.0,0.0,0.0,0.0,0.0,1.3398093678786974,0.40897721852219129,284.1485938924082,333.54203884339275,7822.06963542337,0.15286060990576925,0.023330373917241969,25.404182211163368,29.78047097258819,710.8845655661683,1.3450606971628024,0.2541686880504164,463.33765049171316,543.0719941442974,13144.160989997938,0.33995885918357707,0.06424014723801536,312.3484517613525,367.44807510749117,8239.677312270103,0.0,0.0,11.47463981632282,13.754278918602031,183.22228196943784,0.0,0.0,15.17303170591208,17.889541779769908,375.15560421303396,0.0,0.0,248.06563605025628,294.9386474402339,5083.996876832176,0.0,0.0,49.3173072446352,58.049863303935968,1280.8897517732012,0.0,0.0,206.1980622539675,246.12466769683335,3763.43470087876,43.333561414443767,29.721235538027306,452.8363333435634,534.932208472731,11869.345395416804,0.0,0.0,213.08330394856973,255.14289511675424,3513.600905031309,569.3236790201588,21.3912078781398,31.154089384727219,21.000000000000015,30.00000000000002,0.0,21.453071815303887,37.571882486807279,21.000000000000015,30.00000000000002,2272.7868130873687,21.688174955094494,30.056438129935715,22.000000000000019,30.00000000000002,0.0,20.653285312137528,32.23584660794098,16.000000000000015,30.00000000000002,0.0,15.278264447725661,45.11083218758576,12.00000000000001,30.00000000000002,1190.6373930562195,19.78052862638785,39.34739865681941,19.666666666666683,30.00000000000002,0.0,17.59962162920457,39.181542247659859,10.000000000000007,30.00000000000002,715.3289011006086,20.483461598964995,33.60467209842144,20.36666666666668,30.00000000000002,1045.8975672181344,16.421716440321135,42.33683285697524,16.333333333333348,30.00000000000002,0.0,19.358803818127585,0.0,0.0,0.0,15.525315003934189,0.0,0.0,628.0204845315682,988.5173194397918,595.581784564816,609.3924141936732,615.838875117066,952.6169904052902,624.6043676013944,678.0032295553498,631.5737588511295,9614.917186846542,81.6473541845861,83.89620585368054,270.0000000000002,0.0,270.0000000000002,270.0000000000002,21.0,16.0,19.0,16.0,19.7,12.0,21.0,10.0,1.0,0.0,569.3236790201588,0.0,2272.7868130873687,0.0,1190.6373930562195,0.0,715.3289011006086,1045.8975672181344,3403.475000625932,2042085.0003755575,2649510.338913586,81.6473541845861,83.93439882069696,0.3401158333541979,0.769222515544962,0.3602813740196598,83.93439882069696,0.3542647819438878,2649510.338913586,0.14830453762350649 
 02/22  19:50:00,7.326666666666666,70.33333333333334,6.935,0.0,0.0,0.0,0.0,1.0,2.0,0.0,0.0,4.0,0.0,0.0,0.0,620.0,0.0,0.0,0.0,0.0,0.0,0.0,0.0,0.0,0.0,0.0,0.0,20.76521553244916,-715.1117018138306,20.59032250455348,-98.05015197244876,21.020993880187466,-1488.6978317634865,19.765210766940613,416.2826973243168,15.20737449711454,39.577652345376737,19.31006851222061,-69.18529665626366,17.237305281119434,288.04529792602627,18.70170727917599,-215.51750104906149,16.56380923465446,-405.2527417875888,1087.881566076115,1024.1645402087784,0.0,0.0,0.0,0.0,0.0,0.0,0.0,0.0,0.0,0.0,0.0,0.0,0.0,0.0,0.0,0.0,0.0,0.0,0.0,0.0,0.0,0.0,1.3354899639370249,0.40765871915049597,199.93382765638098,234.41462895796159,5662.796740381939,0.19127132064345174,0.02919281450602133,20.383756765971694,23.92495417266035,566.5290911260621,1.3548708530457039,0.2560224590033455,368.6231973023109,432.23704103343297,10471.2310959341,0.3324071005646959,0.06281313313769763,289.424528945837,340.5725021128266,7662.433125737473,0.0,0.0,11.539986058341987,13.834754456727247,186.00290544335113,0.0,0.0,14.684465740088854,17.30025960614205,373.5602019335519,0.0,0.0,207.49713665967739,246.58688111493536,4359.406988326202,0.0,0.0,42.794823443288127,50.44088638477926,1095.8237193856058,0.0,0.0,162.04936661666734,193.31416017260538,3054.0493603017919,43.514754156695207,29.845510395538559,357.2856509764346,422.45003868203897,9472.902664592288,0.0,0.0,168.32610521635469,201.73793992906853,2732.656533445121,1375.6904349380557,21.57596425026489,30.99356851344879,21.75,30.0,0.0,21.232206536379456,38.72940487701814,21.0,30.0,1835.6114566285253,21.549133315780997,30.448191990893123,21.5,30.0,0.0,20.64062347956336,32.412030101768539,16.0,30.0,0.0,15.287086920789833,45.367079188486048,12.0,30.0,0.0,20.113921490972439,39.30480943819378,19.0,30.0,0.0,17.797438601517045,38.994073427612828,10.0,30.0,983.0855069454535,20.21106950769059,34.416557197142058,20.45,30.0,0.0,16.693747694819448,41.92566776751971,16.0,30.0,0.0,19.063751852590767,0.0,0.0,0.0,15.304828970649276,0.0,0.0,636.5077374206413,1027.4426626403759,600.6315328279636,615.0582760877642,626.1131397364716,988.0185619719389,636.4042336508367,692.0308092822497,645.7690051468655,10145.756566026927,81.2960541386022,85.18759345984796,270.0,0.0,270.0,270.0,21.0,16.0,19.0,16.0,19.7,12.0,21.0,10.0,1.0,0.0,1375.6904349380557,0.0,1835.6114566285253,0.0,0.0,0.0,983.0855069454535,0.0,5888.63176081143,3533179.0564868578,4593922.1538481949,81.2960541386022,85.25368471654666,0.366287725360381,0.767292231961293,0.36028137401965956,85.25368471654666,0.3542647819438875,4593922.1538481949,0.24953395200010615 
 02/22  20:00:00,7.26,71.0,7.02,0.0,0.0,0.0,0.0,1.0,2.0,0.0,0.0,4.0,0.0,0.0,0.0,620.0,0.0,0.0,0.0,0.0,0.0,0.0,0.0,0.0,0.0,0.0,0.0,20.83025049204995,-546.244413266942,20.495882526862077,-72.97049123409357,21.11227346714243,-1562.1236215586026,19.75261138361867,417.42676379449406,15.222388426626168,43.86413440077017,19.001204815757008,-68.61292776762541,17.23355700632559,99.94088270618204,18.749626494198286,-240.17195851911408,16.207205855095084,-220.6974105478214,1092.3567920876729,1182.9382194389239,0.0,0.0,0.0,0.0,0.0,0.0,0.0,0.0,0.0,0.0,0.0,0.0,0.0,0.0,0.0,0.0,0.0,0.0,0.0,0.0,0.0,0.0,1.350617100346126,0.4122762821569371,216.47910603297533,254.48327210152065,6041.712569991064,0.20387021202765305,0.031115722226442774,18.433258480890083,21.63788544004589,510.22843369612078,1.3616176981813224,0.25729737305013658,377.04529179845079,442.2912875913435,10727.877671263053,0.3303998409977401,0.0624338323880839,268.1756220193396,315.42906722315498,7121.142252406188,0.0,0.0,11.676320746392517,13.996485718538822,190.16235014359644,0.0,0.0,15.672779125273167,18.494475515214434,385.59111943716337,0.0,0.0,249.2868975184458,296.37046763791798,5226.376761494076,0.0,0.0,45.89132230059618,54.084270824160117,1181.0394550380705,0.0,0.0,205.34467197304799,245.4061787164436,3701.826422392871,43.762166319008077,30.01520323663106,362.2567150303134,428.48262974086267,9635.324790856563,0.0,0.0,212.47565575395658,254.50246412773627,3562.2705734783569,1072.5706609826175,21.523054025351664,31.257644393979804,21.5,30.0,0.0,21.08559706859903,40.206704297656099,21.0,30.0,1996.0002550493935,21.71922678200995,30.001336811486877,21.5,30.0,0.0,20.595949459513805,32.566896953244228,16.0,30.0,0.0,15.304645731742106,45.706116440841487,12.0,30.0,0.0,19.60356205876869,41.099340095057417,19.0,30.0,0.0,17.70340213436133,39.592622846976819,10.0,30.0,639.575114406284,20.20051394975495,34.80476239393086,19.95,30.0,0.0,16.190310432123768,43.733634916670798,16.0,30.0,0.0,19.04845057707886,0.0,0.0,0.0,15.527341440727682,0.0,0.0,642.0508134407016,1096.2098106492884,586.9709696408078,614.0217926475924,640.0326762960669,1010.4272539815645,651.2537521501449,707.1466987338052,661.648063685655,7791.224936783285,82.85310878273947,82.85310878273947,270.0,0.0,270.0,270.0,21.0,16.0,19.0,16.0,19.7,12.0,21.0,10.0,1.0,0.0,1072.5706609826175,0.0,1996.0002550493935,0.0,0.0,0.0,639.575114406284,0.0,0.0,0.0,0.0,82.85310878273947,82.85310878273947,0.34,0.7677702004930728,0.36028137401965956,82.85310878273947,0.3542647819438875,0.0,0.010770000000000002 
 02/22  20:10:00,7.243333333333333,71.5,7.098333333333333,0.0,0.0,0.0,0.0,0.0,2.0,0.0,0.0,4.0,0.0,0.0,0.0,933.0,0.0,0.0,0.0,0.0,0.0,0.0,0.0,0.0,0.0,0.0,0.0,20.81745855189685,-571.927746346507,20.71937450654592,-91.70581265900478,20.983061115286014,-1597.1059843275999,19.792531394510776,436.3438542754635,15.23459402850184,40.19382669107778,18.871237057954248,-62.508833293966109,17.220618766906683,195.65892321671235,18.332580096206038,-167.94288161176275,16.4054224974968,-307.7672783864087,1088.269740833837,1048.7285122313652,0.0,0.0,0.0,0.0,0.0,0.0,0.0,0.0,0.0,0.0,0.0,0.0,0.0,0.0,0.0,0.0,0.0,0.0,0.0,0.0,0.0,0.0,1.3660490184567285,0.41698687987079627,179.98354357018969,211.34555517496768,5081.724796588035,0.20416742926847956,0.031161085053186746,18.513904421887355,21.711084244478543,518.1862417684478,1.34071804078559,0.25334808026938596,353.25217871102759,414.4430921255752,10061.799923419796,0.3344462152516965,0.06319845337333642,304.7666610081624,358.74840231944156,8118.0769438712309,0.0,0.0,11.670577968857457,13.993489898634948,190.696282353987,0.0,0.0,14.91367941690143,17.622458152771786,360.39168440162907,0.0,0.0,230.90883128964487,274.677230803219,4832.904458649133,0.0,0.0,39.68422156843262,46.90132635905236,974.4112305323348,0.0,0.0,183.12736891429584,218.8320276242503,3371.332679848865,43.99690574761204,30.176204216469164,341.4586302674512,404.0773550762723,9074.619681520557,0.0,0.0,189.21258422939025,226.916251539617,3103.888919819352,710.7131232244414,21.48589636178763,31.266042139536546,21.33333333333333,30.0,698.9300064257861,21.21818000902039,40.88323874004753,21.33333333333333,30.0,1931.9081583484572,21.583251163541506,30.498820029328927,21.499999999999994,30.0,0.0,20.65332716275799,32.40735021866414,15.999999999999999,30.0,0.0,15.315626777520274,45.96936246656724,11.999999999999997,30.0,0.0,19.35584884459592,41.90201015305082,18.999999999999998,30.0,0.0,17.679483297599018,39.80260526409109,9.999999999999999,30.0,0.0,19.50773391063802,35.77835547258698,11.999999999999997,30.0,932.5810909429132,16.4481214472657,43.23412800105358,16.499999999999998,30.0,0.0,18.962142910212476,0.0,0.0,0.0,15.2935989456313,0.0,0.0,634.7909926493562,1158.2947903557502,597.6622223351812,606.5942473939523,649.906227089971,1021.9092184215954,655.1110240196363,673.1493722758459,667.738162881189,7467.500973640765,80.90262345043134,84.660506689324,569.9999999999999,0.0,569.9999999999999,569.9999999999999,21.0,16.0,19.0,16.0,12.0,12.0,21.0,10.0,1.0,0.0,710.7131232244414,698.9300064257861,1931.9081583484572,0.0,0.0,0.0,0.0,932.5810909429132,5686.64979563968,3411989.8773838088,4447226.338853474,80.90262345043134,84.72432802203659,0.246221659854656,0.48674355873787847,0.24018758267977298,84.72432802203659,0.23617652129592496,4447226.338853474,0.25424576962038067 
 02/22  20:20:00,7.2266666666666679,72.0,7.176666666666668,0.0,0.0,0.0,0.0,0.0,2.0,0.0,0.0,4.0,0.0,0.0,0.0,468.0,0.0,0.0,0.0,0.0,0.0,0.0,0.0,0.0,0.0,0.0,0.0,20.729138234218629,-701.4505504986839,21.04222432899109,-223.03180114492396,20.886462995842643,-852.6719267984115,19.750326598681136,250.63364851844683,15.243451317348047,38.29367370006642,18.813163145797913,-27.649801977433375,17.32536064637128,160.6730983385202,17.634201648806348,-49.4510360081933,16.410656978240156,-406.1026402439728,998.7352294887227,1048.1415185259489,0.0,0.0,0.0,0.0,0.0,0.0,0.0,0.0,0.0,0.0,0.0,0.0,0.0,0.0,0.0,0.0,0.0,0.0,0.0,0.0,0.0,0.0,1.4561140708515817,0.44447926460670986,152.09308362288733,178.49038439822605,4269.2732098548699,0.0754728048791335,0.01151904836372612,34.01484294222975,39.75566064307479,989.3123246886246,1.4524127965077883,0.2744544211088036,238.25155596843639,279.7405262703688,6689.419621447876,0.3328288140277184,0.06289282200070262,253.532045363498,298.4406858824905,6717.017796351984,0.0,0.0,11.039462972103227,13.227474629555156,180.8978102567017,0.0,0.0,14.168640419208375,16.73030526718163,340.18323333380439,0.0,0.0,223.38845307864123,265.2998433755981,4759.897990913584,0.0,0.0,26.394523443240865,31.307601470580129,589.0648741695532,0.0,0.0,173.7591918372611,207.34215592411838,3235.1522931943775,44.134057303598329,30.270272499038634,249.7495499693977,295.9662981403611,6680.254857674709,0.0,0.0,178.5271176766335,214.05429357069637,2845.565799130197,884.6024527150869,21.316078843879646,32.11600158461134,21.33333333333333,29.999999999999998,413.2033499502294,21.937295450033959,37.949899509483277,21.66666666666666,29.999999999999998,1176.0996848530763,21.362213151312284,31.208472373418794,21.33333333333333,29.999999999999998,0.0,20.549260570436425,32.945977760456759,15.999999999999997,29.999999999999998,0.0,15.321666717069629,46.25695431345405,11.999999999999997,29.999999999999998,0.0,19.25771000457123,42.71915289205663,18.999999999999998,29.999999999999998,0.0,17.852664210610994,39.54209465095935,9.999999999999999,29.999999999999998,0.0,18.326516574122985,38.314766879341778,11.999999999999997,29.999999999999998,0.0,16.46588215559444,43.222768693122997,15.999999999999997,29.999999999999998,0.0,18.582418160826543,0.0,0.0,0.0,15.078191554268951,0.0,0.0,660.0555894426511,1076.138428912389,611.294409202253,622.3877244428927,660.1658625887394,1056.4882306094256,660.8108328241229,661.0160652294775,667.7515336533558,8312.322794661237,82.50868458040344,82.50868458040344,569.9999999999999,0.0,569.9999999999999,569.9999999999999,21.0,16.0,19.0,16.0,12.0,12.0,21.0,10.0,1.0,0.0,884.6024527150869,413.2033499502294,1176.0996848530763,0.0,0.0,0.0,0.0,0.0,0.0,0.0,0.0,82.50868458040344,82.50868458040344,0.33999999999999999,0.7694258050214611,0.3602813740196595,82.50868458040344,0.35426478194388746,0.0,0.02286333333333333 
 02/22  20:30:00,7.21,72.5,7.255,0.0,0.0,0.0,0.0,0.0,2.0,0.0,0.0,4.0,0.0,0.0,0.0,1408.0,0.0,0.0,0.0,0.0,0.0,0.0,0.0,0.0,0.0,0.0,0.0,20.874634420942379,-810.2234703329106,20.83481363731189,-153.66875163281476,20.975777455012346,-1432.3946740993347,19.698545514604218,530.1200238584887,15.252756297834504,40.04561331221375,18.782924824975589,-52.042618066784218,17.289128814056345,144.13747726422515,17.271164932788336,-20.87578789099878,16.393632863997849,-317.85387724542326,1080.789026670182,1069.2155019497782,0.0,0.0,0.0,0.0,0.0,0.0,0.0,0.0,0.0,0.0,0.0,0.0,0.0,0.0,0.0,0.0,0.0,0.0,0.0,0.0,0.0,0.0,1.405113196942267,0.42891123227785929,160.0084698260965,187.86839402140786,4579.270726183314,0.1647914130410262,0.025151314566701188,25.3798292109958,29.767657918530138,726.3480085972673,1.4290069925678948,0.2700315556628675,323.4062425614029,379.51242333656446,9226.21727137329,0.36197760233646028,0.0684009074709864,329.94130703703686,388.63103961683808,8705.719105685022,0.0,0.0,11.534860818434384,13.830669484600577,189.56244798865436,0.0,0.0,14.915577344063973,17.631321113881286,357.10233868904478,0.0,0.0,251.65310882913807,299.19890909436108,5330.204199959506,0.0,0.0,16.462584051530496,19.57830531604017,349.03471598148749,0.0,0.0,193.70676480488369,231.62420833220637,3480.0247131908065,44.512169883598698,30.529608973661654,331.10309178622449,392.20229546314888,8714.58379595922,0.0,0.0,197.5291165836693,236.98865230814926,3178.583047997208,1210.231631048861,21.562660124674957,31.60156888555026,21.666666666666658,29.99999999999999,0.0,21.587084725842954,37.81892618854055,20.999999999999994,29.99999999999999,1687.0488273921965,21.539032069636993,31.010659502987566,21.444444444444437,29.99999999999999,0.0,20.490335330342814,33.22560767028043,15.999999999999993,29.99999999999999,0.0,15.329825291729672,46.523378684598728,11.999999999999997,29.99999999999999,0.0,19.20735502350057,43.23298128224407,18.999999999999994,29.99999999999999,0.0,17.76970983638838,39.95942653702738,9.999999999999997,29.99999999999999,0.0,17.764589357461789,39.7829359411589,11.999999999999997,29.99999999999999,0.0,16.113645334653513,44.39990412849726,15.999999999999993,29.99999999999999,0.0,18.81520023857577,0.0,0.0,0.0,15.141253764787793,0.0,0.0,651.0889105689078,1007.2289910372633,611.7881261908723,623.2633005201342,669.7866189842396,1077.6997468303344,664.5852853502822,663.2439709688318,671.4236029337353,8018.930515915162,81.18179900144559,83.55605943304475,569.9999999999998,0.0,569.9999999999998,569.9999999999998,21.0,16.0,19.0,16.0,12.0,12.0,21.0,10.0,1.0,0.0,1210.231631048861,0.0,1687.0488273921965,0.0,0.0,0.0,0.0,0.0,3593.0755910231866,2155845.3546139125,2802005.1149678558,81.18179900144559,83.596382257177,0.27088029747855066,0.581454159313106,0.28021884645973518,83.596382257177,0.2755392748452457,2802005.1149678558,0.16844093264499516 
 02/22  20:40:00,7.193333333333333,73.0,7.333333333333334,0.0,0.0,0.0,0.0,0.0,2.0,0.0,0.0,4.0,0.0,0.0,0.0,628.0,0.0,0.0,0.0,0.0,0.0,0.0,0.0,0.0,0.0,0.0,0.0,20.934456343926834,-724.8742236879966,20.662605643467427,-118.96947873203914,21.09282754740389,-1634.0137828521588,19.778622342907334,461.9615476784893,15.262272990398265,37.91744282800947,18.739618507321269,-47.78184731222906,17.345007623449854,292.88616250426926,16.95397625154662,-47.22128179534029,16.91266274872308,-375.3273680715416,1072.906717568379,833.0114797538281,0.0,0.0,0.0,0.0,0.0,0.0,0.0,0.0,0.0,0.0,0.0,0.0,0.0,0.0,0.0,0.0,0.0,0.0,0.0,0.0,0.0,0.0,1.419905068369901,0.4334264555463679,165.36781504577125,194.0157324675364,4736.65594665769,0.18969798656497684,0.028952684152163747,21.72166023106539,25.479038638762039,611.8255558931477,1.3968296546015895,0.2639511818975038,325.57100985093089,381.6880541711122,9328.173040923413,0.34951083260216866,0.06604513087720494,311.1345602948444,366.10890509845629,8294.565003321786,0.0,0.0,11.610382169473873,13.911482251403485,191.40174796700217,0.0,0.0,14.113760384843193,16.67669946609906,336.5522422785561,0.0,0.0,202.71207893444234,240.99171723586307,4317.55553322245,0.0,0.0,16.388603546302183,19.49970937220376,331.25733042482599,0.0,0.0,137.14391596505068,163.6799232207298,2652.390209711536,44.69826698387489,30.65724758839157,322.37288002500949,381.5214115596798,8565.312444693333,0.0,0.0,145.83041844666358,175.1263701576534,2302.2795391015299,1178.3842925563893,21.607987314087834,31.434753148805294,21.5,30.0,0.0,21.302297495752364,39.365308420023627,21.0,30.0,1978.222619961151,21.585424250654677,30.95726669577716,21.5,30.0,0.0,20.602268512320145,33.06947161184562,16.0,30.0,0.0,15.338348706270314,46.64173221995313,12.0,30.0,0.0,19.13861244919708,43.299896106155859,19.0,30.0,0.0,17.868179335670197,39.76280538848212,10.0,30.0,0.0,17.27913427294306,41.16840244586286,12.0,30.0,1518.3215944812787,17.07575752917269,41.944657015490879,16.75,30.0,0.0,18.814846862234309,0.0,0.0,0.0,14.781693714243856,0.0,0.0,640.8523522245007,1053.2149468762064,608.0933924113596,622.6899963788508,670.6409706969288,1073.4185584368882,660.0089401125405,666.6954874839944,672.8995232213174,9060.422877859686,82.01399372105918,82.01399372105918,570.0,0.0,570.0,570.0,21.0,16.0,19.0,16.0,12.0,12.0,21.0,10.0,1.0,0.0,1178.3842925563893,0.0,1978.222619961151,0.0,0.0,0.0,0.0,1518.3215944812787,0.0,0.0,0.0,82.01399372105918,82.01399372105918,0.34,0.7697623399799208,0.36028137401965956,82.01399372105918,0.3542647819438875,0.0,0.02261 
 02/22  20:50:00,7.176666666666667,73.5,7.411666666666667,0.0,0.0,0.0,0.0,0.0,2.0,0.0,0.0,4.0,0.0,0.0,0.0,630.0,0.0,0.0,0.0,0.0,0.0,0.0,0.0,0.0,0.0,0.0,0.0,20.775129223679874,-491.8104405909123,20.559124023353826,-99.62044507437861,21.164492841690469,-1790.1295914155176,19.804446671100068,407.2959356446006,15.274803602978896,42.13893157744569,18.72210828816413,-29.081370127989815,17.516912231377476,166.01471600748006,16.632512048676977,-117.63174341946172,16.733152207645614,-553.1663069264888,1138.2792110988497,1288.2981411700449,0.0,0.0,0.0,0.0,0.0,0.0,0.0,0.0,0.0,0.0,0.0,0.0,0.0,0.0,0.0,0.0,0.0,0.0,0.0,0.0,0.0,0.0,1.4756757843304092,0.450450483617341,262.41937473490227,308.1353838399855,7382.367687538732,0.2044566196810462,0.03120522278404246,21.281517351894697,24.957989040951767,593.7811670641263,1.4039646297366766,0.2652994387257515,404.9259585152371,474.7872706158405,11551.938157745924,0.3333469121837992,0.06299072414659847,249.36991511306756,293.16375231967609,6674.867055521319,0.0,0.0,11.287393493404231,13.525207073429975,186.7909296415355,0.0,0.0,13.238797613799964,15.645871369787333,315.60590173331385,0.0,0.0,239.28558730436544,284.03319411902677,5247.143990933677,0.0,0.0,30.27421882975844,36.10408131510013,585.784662724215,0.0,0.0,160.10287246256255,190.83464794002667,3137.242150255043,44.94314143418762,30.825199886274104,392.49121675061135,463.802355389048,10532.234833506456,0.0,0.0,188.58297014749616,226.22089680732729,3022.68909731813,620.6237119606514,21.28634991696498,32.20771620244378,21.25,30.0,0.0,21.140046962569547,40.598305515512027,21.0,30.0,2083.7528451508258,21.657619024429054,30.895041372801214,21.5,30.0,0.0,20.616179235930397,33.22067533524171,16.0,30.0,0.0,15.35403513150796,46.66695076800728,12.0,30.0,0.0,19.118566313802277,43.446038442544168,19.0,30.0,0.0,18.12353075076456,39.182050904887379,10.0,30.0,0.0,16.77622333184048,42.70500939222653,12.0,30.0,0.0,16.896184845185539,42.42894404490254,16.0,30.0,0.0,19.100064396744089,0.0,0.0,0.0,15.019371445517399,0.0,0.0,643.6099467982037,1102.678875423686,605.3863951859515,626.344333264891,667.2202079304111,1078.4689173578404,656.1560884870547,666.610544786862,664.2364721245235,6889.8339464492369,81.8641951726259,83.60758156475325,570.0,0.0,570.0,570.0,21.0,16.0,19.0,16.0,12.0,12.0,21.0,10.0,1.0,0.0,620.6237119606514,0.0,2083.7528451508258,0.0,0.0,0.0,0.0,0.0,2638.402725680568,1583041.6354083408,2056320.6069590669,81.8641951726259,83.6371900533372,0.2579467575226856,0.5398891611451289,0.27021103051474468,83.6371900533372,0.2656985864579156,2056320.6069590669,0.1291586715618715 
 02/22  21:00:00,7.16,74.0,7.49,0.0,0.0,0.0,0.0,0.0,2.0,0.0,0.0,4.0,0.0,0.0,0.0,474.0,0.0,0.0,0.0,0.0,0.0,0.0,0.0,0.0,0.0,0.0,0.0,20.807025897202036,-528.573923263919,20.488414969856863,-69.60510407180493,21.19124877338536,-1795.9543451849382,19.86065183976697,442.9939854528891,15.28701483664692,44.10826825574112,18.7030581572261,-48.550654217516228,17.46662330578789,132.0848487532895,16.398786143895849,-76.67364447513275,16.31155632915292,-311.67148898467499,1202.1311838780753,1209.705761700831,0.0,0.0,0.0,0.0,0.0,0.0,0.0,0.0,0.0,0.0,0.0,0.0,0.0,0.0,0.0,0.0,0.0,0.0,0.0,0.0,0.0,0.0,1.430702831474081,0.4367224760299397,284.699197162617,334.0162852169111,7976.580074716154,0.23011585268813235,0.03512146713799336,17.085107556675973,20.03345009403406,475.6559347007607,1.418131385543129,0.2679764522946203,457.9580668490564,536.4970106547428,13207.675587226242,0.3490188364298739,0.06595216107896337,302.69645961325548,355.86813222500367,8148.815967806393,0.0,0.0,11.88748264467974,14.237690347060913,197.4656789272435,0.0,0.0,14.935349441782117,17.64244877928684,355.72557226771246,0.0,0.0,258.3569546608664,306.5592200953246,5621.348492052064,0.0,0.0,28.247495212978117,33.70425401011903,528.8513149760603,0.0,0.0,176.15139267912788,210.2713933271271,3229.2392812051778,45.26241875812652,31.044182961678034,437.0275993041264,516.0644760634273,11720.462732337215,0.0,0.0,204.24880902995063,244.69667063866849,3333.3189099576159,583.1185706221149,21.41835308318253,31.933666329691648,21.000000000000015,30.00000000000002,0.0,21.03270104931414,41.715936040333328,21.000000000000015,30.00000000000002,2244.7886546722627,21.69331679646088,31.007888177195775,22.000000000000019,30.00000000000002,0.0,20.699102032823427,33.12896885537192,16.000000000000015,30.00000000000002,0.0,15.368509370155957,46.71499918459258,12.00000000000001,30.00000000000002,0.0,19.089637202501487,43.46016361375818,19.000000000000015,30.00000000000002,0.0,18.019940111648667,39.43967125920441,10.000000000000007,30.00000000000002,0.0,16.448895753848377,43.654841771217309,12.00000000000001,30.00000000000002,0.0,16.26146422746876,44.211061626143848,16.000000000000015,30.00000000000002,0.0,19.3227948064351,0.0,0.0,0.0,15.19384448724988,0.0,0.0,639.95030066245,1155.1270675540278,612.8807022660126,626.8553853616277,665.4146289468831,1073.194490261974,653.2775138778236,664.4207441373004,663.4500151875329,8884.419486820356,82.1303974181476,82.1303974181476,570.0000000000005,0.0,570.0000000000005,570.0000000000005,21.0,16.0,19.0,16.0,12.0,12.0,21.0,10.0,1.0,0.0,583.1185706221149,0.0,2244.7886546722627,0.0,0.0,0.0,0.0,0.0,0.0,0.0,0.0,82.1303974181476,82.1303974181476,0.3400000000000003,0.7685324412955217,0.3602813740196598,82.1303974181476,0.3542647819438878,0.0,0.02185 
 02/22  21:10:00,7.236666666666666,74.33333333333334,7.5633333333333339,0.0,0.0,0.0,0.0,0.0,2.0,0.0,0.0,4.0,0.0,0.0,0.0,632.0,0.0,0.0,0.0,0.0,0.0,0.0,0.0,0.0,0.0,0.0,0.0,20.97205050906783,-849.3320628330848,21.078453301746145,-156.44339641938113,21.14236651436059,-1443.7395481720424,19.8636971970695,371.8697287304517,15.296876564730244,39.65700465031841,18.680235559230284,-52.06715711568236,17.315298769244927,103.40424597500123,16.249864178771767,-56.15104010186616,16.476347831646668,-317.1503980132213,1099.1623304129492,1147.5876995274787,0.0,0.0,0.0,0.0,0.0,0.0,0.0,0.0,0.0,0.0,0.0,0.0,0.0,0.0,0.0,0.0,0.0,0.0,0.0,0.0,0.0,0.0,1.4498447872454357,0.4425655638722331,218.7878747037707,256.33675335539297,6291.321053075469,0.17550669680619358,0.026786736386781686,24.0261514300485,28.07498069978987,703.2113191299195,1.4531043904632102,0.27458510779728098,354.39596256252318,415.3917290366649,10126.426239686127,0.3477413299414997,0.06571075773648896,286.3515907977492,336.7692658749885,7645.590884770805,0.0,0.0,11.42378238044671,13.685621845416995,188.20159780311986,0.0,0.0,14.45485789905825,17.083988805795586,341.1130710054633,0.0,0.0,268.7880171929262,319.37619769189049,5664.597983426284,0.0,0.0,27.426717958586957,32.75550347893675,499.23945529815219,0.0,0.0,188.16284618549245,224.71861575007925,3424.3322534423598,45.38303651686381,31.12691119126463,342.14157176443509,404.4422738790277,9175.378859847739,0.0,0.0,215.23114423009194,257.9792490110475,3481.5773846807935,1562.5153739106993,21.683214217028917,31.72564294009825,21.75,30.0,1416.1167215972117,21.792440148158759,39.95021199467437,21.75,30.0,1734.6928973162622,21.550898947338078,31.424173277905728,21.5,30.0,0.0,20.668743579684269,33.390282498849419,16.0,30.0,0.0,15.37849116027077,46.77103890979778,12.0,30.0,0.0,19.055746549269668,43.44348449957535,19.0,30.0,0.0,17.743147302668459,40.26550859243653,10.0,30.0,0.0,16.26216203639192,44.25297240857322,12.0,30.0,813.8280444902525,16.258973386274186,44.31243977418542,16.25,30.0,0.0,19.0055959120418,0.0,0.0,0.0,15.21256403830508,0.0,0.0,652.2827217970444,1161.6243305669378,616.7745087399871,633.854385701167,664.942159843489,1065.3188102783673,655.5482778786502,664.2998431989477,663.7048725089537,9822.407729912999,81.5100925505375,84.94563496658694,570.0,0.0,570.0,570.0,21.0,16.0,19.0,16.0,12.0,12.0,21.0,10.0,1.0,0.0,1562.5153739106993,1416.1167215972117,1734.6928973162622,0.0,0.0,0.0,0.0,813.8280444902525,5199.350468371817,3119610.2810230909,4067361.3722805848,81.5100925505375,85.00398188202957,0.3433116822790606,0.7685498414498608,0.36028137401965956,85.00398188202957,0.3542647819438875,4067361.3722805848,0.2329727913585904 
 02/22  21:20:00,7.313333333333334,74.66666666666667,7.636666666666667,0.0,0.0,0.0,0.0,0.0,2.0,0.0,0.0,4.0,0.0,0.0,0.0,632.0,0.0,0.0,0.0,0.0,0.0,0.0,0.0,0.0,0.0,0.0,0.0,20.789019804145356,-446.22442046448466,21.211592202748819,-234.35606329191163,21.241513243222216,-1754.943756727606,19.856816300722774,401.92831865401129,15.303998412794542,39.26026846580487,18.68196578657544,-5.128077123584774,17.427740698308385,239.46108755546357,16.106041773140619,-84.36874324577468,16.691013936080059,-432.0888362877197,1130.6362099237766,1094.9987673788413,0.0,0.0,0.0,0.0,0.0,0.0,0.0,0.0,0.0,0.0,0.0,0.0,0.0,0.0,0.0,0.0,0.0,0.0,0.0,0.0,0.0,0.0,1.5413424314002045,0.47049524768016007,277.6623798759024,325.9944426759416,7719.138533823307,0.06720219528205636,0.010256745311669164,37.83536462455881,44.22369390017963,1107.1292090864086,1.4760593274482544,0.27892277540594387,410.15925245498326,480.7898284058872,11609.230959941495,0.3469669176413774,0.06556442132301159,237.9886976262012,279.6268609291465,6321.296246072794,0.0,0.0,10.97597086716878,13.148534356582099,179.26305458127494,0.0,0.0,13.690042794175949,16.177069930359474,321.3076642125954,0.0,0.0,227.08127908215338,269.62877757858538,4847.831143422648,0.0,0.0,38.47926613431828,45.98948989372923,679.9535539204298,0.0,0.0,143.6570258936103,171.22094292812509,2761.674995097403,45.59668101655532,31.273443769928215,407.20055031799486,480.9631661411944,10843.398153843562,0.0,0.0,176.505981320633,211.64285395482674,2795.6553037358564,595.173619400282,21.27081512672558,33.175901303216658,21.25,30.0,0.0,22.135404836564743,37.54875421729744,21.0,30.0,2062.5367472444979,21.681088533113568,31.653440182638435,21.5,30.0,0.0,20.640545149142633,34.06483249754009,16.0,30.0,0.0,15.385239565404767,47.04369755205426,12.0,30.0,0.0,19.069234393278877,43.97789352132767,19.0,30.0,0.0,17.967115369642838,40.14628221778829,10.0,30.0,0.0,16.06672482115487,45.065559620963998,12.0,30.0,316.6973032416721,16.863113223824059,42.91652139836032,16.5,30.0,0.0,19.169436720805817,0.0,0.0,0.0,15.092260536222574,0.0,0.0,681.2745924368821,1039.2708643020345,634.9958083250251,660.4081959044121,672.5888923868463,1091.0328587342854,668.7463571249076,668.2980430398535,669.1685481903679,8624.292435882586,82.30234998841316,84.01815953412941,570.0,0.0,570.0,570.0,21.0,16.0,19.0,16.0,12.0,12.0,21.0,10.0,1.0,0.0,595.173619400282,0.0,2062.5367472444979,0.0,0.0,0.0,0.0,316.6973032416721,2596.710108997931,1558026.0653987586,2024178.91825161,82.30234998841316,84.04729967631246,0.3415570036332644,0.76811822290808,0.36028137401965956,84.04729967631246,0.3542647819438875,2024178.91825161,0.12631563708241706 
 02/22  21:30:00,7.390000000000001,75.0,7.71,0.0,0.0,0.0,0.0,0.0,2.0,0.0,0.0,4.0,0.0,0.0,0.0,474.0,0.0,0.0,0.0,0.0,0.0,0.0,0.0,0.0,0.0,0.0,0.0,20.81182188646932,-466.4115783253053,20.936913771060199,-151.52417709165335,21.24324861303084,-1781.5771834791395,19.919526814294579,434.54963942936396,15.310807193507904,41.16409924703282,18.69015938245007,-31.646616143675858,17.450220109109915,138.8077777129601,15.989308933044058,-63.17159172944886,16.35053045798893,-305.85422428268176,1191.1842242256217,1164.4322814172757,0.0,0.0,0.0,0.0,0.0,0.0,0.0,0.0,0.0,0.0,0.0,0.0,0.0,0.0,0.0,0.0,0.0,0.0,0.0,0.0,0.0,0.0,1.4655903729391358,0.4473719087115797,290.15463652910867,340.3056971749472,8005.333143582997,0.14938948690628207,0.022800593239664537,28.938460783722399,33.880406017000307,820.7216052038036,1.4473269073152544,0.273493368729262,458.2218107892129,536.6605054935668,13005.569649154402,0.3524592689983577,0.06660228061193452,300.13711285565815,352.7182291962034,7963.360367004714,0.0,0.0,11.499441402761244,13.768328755753413,186.1873352811099,0.0,0.0,14.562950045404639,17.19782050593966,339.87499457153407,0.0,0.0,252.98863201696708,300.16158368641438,5364.048807869929,0.0,0.0,36.86878682273781,44.06290463994658,635.3427388733377,0.0,0.0,166.7188825849114,198.9296088644248,2994.4660417913466,45.810318613887,31.419971614462967,444.6137513664403,524.7736073804757,11756.661930310169,0.0,0.0,199.7789078710144,239.31578229684454,3151.5757960574276,514.1175003863987,21.410290190871487,32.94741467705812,20.999999999999994,29.99999999999999,0.0,21.66446568420984,38.332873355623117,20.999999999999994,29.99999999999999,2178.0072265166229,21.697304772038753,31.84649843137639,21.999999999999994,29.99999999999999,0.0,20.73588724279312,33.96104109077313,15.999999999999993,29.99999999999999,0.0,15.391792679368154,47.35420852822159,11.999999999999995,29.99999999999999,0.0,19.080024933664519,44.385742402718637,18.999999999999994,29.99999999999999,0.0,17.970549919015164,40.321888441495129,9.999999999999997,29.99999999999999,0.0,15.923450451450123,45.77705526706349,11.999999999999995,29.99999999999999,0.0,16.311907085988986,44.733365723336138,15.999999999999993,29.99999999999999,0.0,19.393816928981424,0.0,0.0,0.0,15.150653667385198,0.0,0.0,678.8813934892766,1002.9878856699752,643.2430645547082,659.0774903811184,681.5699901837807,1107.2998579100386,673.9203968719191,676.0946002904408,677.7075418852994,9709.376172544633,81.58488122008359,83.87342619696779,569.9999999999998,0.0,569.9999999999998,569.9999999999998,21.0,16.0,19.0,16.0,12.0,12.0,21.0,10.0,1.0,0.0,514.1175003863987,0.0,2178.0072265166229,0.0,0.0,0.0,0.0,0.0,3463.488045843119,2078092.8275058724,2696160.60104873,81.58488122008359,83.91229328812321,0.3421162681947706,0.7647716713939778,0.36028137401965945,83.91229328812321,0.35426478194388735,2696160.60104873,0.16084701792120066 
 02/22  21:40:00,7.466666666666667,75.33333333333333,7.783333333333333,0.0,0.0,0.0,0.0,0.0,2.0,0.0,0.0,4.0,0.0,0.0,0.0,632.0,0.0,0.0,0.0,0.0,0.0,0.0,0.0,0.0,0.0,0.0,0.0,20.99058468208523,-836.4275186709331,20.789933848098309,-113.68786272205878,21.191021420026894,-1429.4503142994327,19.917509334864634,352.6403993632349,15.318372966657809,39.21087471366593,18.675377131180079,-55.64686811547482,17.3269260440277,107.35842819313398,15.914844123888625,-45.55502094205819,16.49755254829369,-318.0550209234708,1082.1479065514166,1146.549430036031,0.0,0.0,0.0,0.0,0.0,0.0,0.0,0.0,0.0,0.0,0.0,0.0,0.0,0.0,0.0,0.0,0.0,0.0,0.0,0.0,0.0,0.0,1.4228057904192646,0.43431190183738258,221.23989228235406,259.15117447743469,6252.7186507337,0.18680066985438843,0.028510480747006796,22.075200353953457,25.873469299087323,614.5407394175132,1.4215950920315333,0.2686309697716429,356.41129431665368,417.6063152340285,10028.07614648075,0.34005732391938706,0.06425875357509205,280.87927494317548,330.21712110364839,7385.438328960199,0.0,0.0,11.539189929135894,13.818782994399406,185.20846926260038,0.0,0.0,14.45266633700116,17.073764096653674,334.2952757769301,0.0,0.0,270.50276115190618,321.32501303545669,5575.44634934761,0.0,0.0,34.31984095189708,41.03932296825417,581.0935474439071,0.0,0.0,183.4367287623926,218.99971407349754,3261.4475261965014,45.86848720622083,31.459867768327066,342.140552164846,404.2597880012105,9050.005767444716,0.0,0.0,215.62926399199194,258.396780011296,3383.753767660142,1534.362009754227,21.680145740003938,32.41971883255877,21.750000000000008,30.00000000000001,0.0,21.423463848553074,39.684305565887807,21.000000000000008,30.00000000000001,1698.4129031722862,21.557281276114105,32.234930661678358,21.500000000000008,30.00000000000001,0.0,20.69755324703118,34.15115417269117,16.000000000000008,30.00000000000001,0.0,15.39970215271794,47.54549356727828,12.000000000000004,30.00000000000001,0.0,19.05241134310533,44.37146383002823,19.000000000000008,30.00000000000001,0.0,17.74322812292114,41.096286074847458,10.000000000000004,30.00000000000001,0.0,15.849321644794915,46.249906839726147,12.000000000000004,30.00000000000001,790.893413081607,16.277372002728389,45.10775512944626,16.250000000000008,30.00000000000001,0.0,19.067250666025669,0.0,0.0,0.0,15.203924124575268,0.0,0.0,669.1193983790463,1044.8818061515372,642.3752435768781,658.1278482617768,685.349647125521,1099.0248884324265,676.7523174430163,682.6638783980914,684.4929565300412,10544.037533520193,81.032890026922,86.2885276275749,570.0000000000002,0.0,570.0000000000002,570.0000000000002,21.0,16.0,19.0,16.0,12.0,12.0,21.0,10.0,1.0,0.0,1534.362009754227,0.0,1698.4129031722862,0.0,0.0,0.0,0.0,790.893413081607,7953.722067369592,4772233.240421754,6235613.943546159,81.032890026922,86.37778580155343,0.35012406891231986,0.7653566822237561,0.36028137401965967,86.37778580155343,0.35426478194388769,6235613.943546159,0.34448692506440028 
 02/22  21:50:00,7.543333333333334,75.66666666666667,7.8566666666666669,0.0,0.0,0.0,0.0,0.0,2.0,0.0,0.0,4.0,0.0,0.0,0.0,634.0,0.0,0.0,0.0,0.0,0.0,0.0,0.0,0.0,0.0,0.0,0.0,20.805788898260709,-466.19806485034408,20.685714571142165,-108.33476685950845,21.273702653755455,-1767.6069984395304,19.89691160110344,374.7750238350194,15.3263704738596,40.76150875532612,18.66470626576654,-32.466911300644429,17.405143541327467,187.9090072980689,15.841072817057068,-57.394164680380018,16.55151269148077,-367.4471237877126,1102.5639857782192,1149.5517552187367,0.0,0.0,0.0,0.0,0.0,0.0,0.0,0.0,0.0,0.0,0.0,0.0,0.0,0.0,0.0,0.0,0.0,0.0,0.0,0.0,0.0,0.0,1.4476582134619678,0.44189811155737726,266.0984614042594,312.37144106528208,7272.509235397337,0.18690257252451676,0.028526033657588026,22.941901677610468,26.885456931527246,627.3262097282495,1.3716893935353845,0.25920056567184149,407.7747229361604,477.89948373007027,11346.981898323258,0.3268699726434452,0.061766812668829388,234.49576814748404,275.45196070642239,6121.6073551153699,0.0,0.0,11.3728259395289,13.62006746185602,180.99149975558027,0.0,0.0,13.775033918824168,16.27815108135428,316.1555542679529,0.0,0.0,246.97089747255687,293.23267498647058,5125.947759999898,0.0,0.0,40.76775604720551,48.767112711237817,677.1415688534532,0.0,0.0,158.63449405316664,189.21082555907698,2882.123958534613,45.98503062537981,31.539801526323609,394.94870232442636,466.39028370419205,10350.702507654643,0.0,0.0,193.74910539095269,232.1853876284962,3009.5344127109058,609.3888765968796,21.261621634714197,33.591728643096768,21.25,30.0,0.0,21.256165345784504,41.02295473973045,21.0,30.0,2037.101686562884,21.675766955603814,32.06074365154474,21.5,30.0,0.0,20.64704512973052,34.51944473006254,16.0,30.0,0.0,15.40977007450568,47.73123236624055,12.0,30.0,0.0,19.039302652793159,44.42107190552223,19.0,30.0,0.0,17.896066767238005,40.97437179116305,10.0,30.0,0.0,15.763850956565492,46.79485900737557,12.0,30.0,0.0,16.559590643475599,44.5465279745714,16.0,30.0,0.0,19.175495801449864,0.0,0.0,0.0,15.190558953791538,0.0,0.0,679.2282458649104,1098.2234764341955,630.8440973704076,661.5123340222551,686.0712515730005,1094.26440605945,678.4511567761842,684.358492895504,683.957748927649,7487.874040652021,81.16114844829238,83.21574050605597,570.0,0.0,570.0,570.0,21.0,16.0,19.0,16.0,12.0,12.0,21.0,10.0,1.0,0.0,609.3888765968796,0.0,2037.101686562884,0.0,0.0,0.0,0.0,0.0,3108.759266359671,1865255.5598158027,2415559.551019206,81.16114844829238,83.25063429997434,0.2736253088786557,0.5405486604487251,0.27021103051474468,83.25063429997434,0.2656985864579156,2415559.551019206,0.14593909665299874 
 02/22  22:00:00,7.62,76.0,7.93,0.0,0.0,0.0,0.0,0.0,2.0,0.0,0.0,4.0,0.0,0.0,0.0,477.0,0.0,0.0,0.0,0.0,0.0,0.0,0.0,0.0,0.0,0.0,0.0,20.832274267253049,-498.8782358558854,20.611145032000264,-80.42645956492203,21.280487696619635,-1792.3718860283828,19.950729117420925,416.09679330684357,15.332383812644715,41.00509978954223,18.656563530671286,-51.73258040763896,17.39378408356018,127.31899311306319,15.78471695741502,-43.691805123812589,16.243915034904384,-257.4479527305847,1162.0536415299899,1162.1655067701043,0.0,0.0,0.0,0.0,0.0,0.0,0.0,0.0,0.0,0.0,0.0,0.0,0.0,0.0,0.0,0.0,0.0,0.0,0.0,0.0,0.0,0.0,1.3912395119338222,0.42467628569408535,285.3512891553419,334.6206341392092,7735.421496783671,0.20979473377664274,0.032019953262613389,17.48395577401649,20.485531917574343,473.4671161094591,1.3652280086792304,0.2579795934768012,454.9207139844856,532.6965508708248,12697.828979881368,0.33717844029638446,0.0637147468436101,298.30426967452299,350.5000540089135,7774.2938598858,0.0,0.0,11.828452570216083,14.158593583277,186.55874174606908,0.0,0.0,15.046236996282652,17.770486474517438,342.58673094174977,0.0,0.0,264.6697400175776,314.0987733488714,5431.421883891902,0.0,0.0,38.10320001282062,45.562234419329119,623.0055863237158,0.0,0.0,174.63484751445677,208.45778855577647,3003.440520594095,46.21431504219602,31.697061071465073,432.3790553868345,510.2318511612781,11241.388475218351,0.0,0.0,208.83276854480367,250.11250338117123,3204.5391775564619,530.4284056734871,21.40316368074598,33.20363309026895,21.000000000000015,30.00000000000002,0.0,21.141948512609873,42.26092582953183,21.000000000000015,30.00000000000002,2181.860812279074,21.696745390784238,32.23469460293138,22.000000000000019,30.00000000000002,0.0,20.73158671787881,34.34389703418205,16.000000000000015,30.00000000000002,0.0,15.415818576634829,47.91472542995888,12.00000000000001,30.00000000000002,0.0,19.023638672910495,44.48928231361842,19.000000000000015,30.00000000000002,0.0,17.85549650137797,41.17806714524478,10.000000000000007,30.00000000000002,0.0,15.710599556617496,47.16745671952768,12.00000000000001,30.00000000000002,0.0,16.15115376805353,45.90516830061442,16.000000000000015,30.00000000000002,0.0,19.379039298039787,0.0,0.0,0.0,15.17825422850785,0.0,0.0,667.2801686783638,1153.4869009892973,637.9983280314118,653.6018635826818,686.7024032268109,1089.4607946610095,678.1640685823154,686.8259860364738,686.9032567224103,9015.76814741494,82.04353589419662,82.04353589419662,570.0000000000005,0.0,570.0000000000005,570.0000000000005,21.0,16.0,19.0,16.0,12.0,12.0,21.0,10.0,1.0,0.0,530.4284056734871,0.0,2181.860812279074,0.0,0.0,0.0,0.0,0.0,0.0,0.0,0.0,82.04353589419662,82.04353589419662,0.3400000000000003,0.7690660201713966,0.3602813740196598,82.04353589419662,0.3542647819438878,0.0,0.020425 
 02/22  22:10:00,7.67,76.5,7.9816666666666669,0.0,0.0,0.0,0.0,0.0,2.0,0.0,0.0,4.0,0.0,0.0,0.0,1590.0,0.0,0.0,0.0,0.0,0.0,0.0,0.0,0.0,0.0,0.0,0.0,20.934394309286995,-1270.9346078319302,20.566072852923129,-87.90966062843727,20.900958077209464,-423.3775870456693,19.93903012599173,216.62219780719193,15.33766365542172,39.68461808032662,18.643810614573309,-38.376535911265957,17.458941359516424,281.4033951823686,15.723117565735006,-83.24783804496912,17.638463377087317,-326.03984586295499,970.6340580532985,899.611495533933,0.0,0.0,0.0,0.0,0.0,0.0,0.0,0.0,0.0,0.0,0.0,0.0,0.0,0.0,0.0,0.0,0.0,0.0,0.0,0.0,0.0,0.0,1.3639768544119298,0.4163543511635927,253.6316476894688,297.40937849027008,6994.018966154143,0.20509190973275399,0.031302184025145608,17.901408152905998,21.00563560203266,480.41604412043969,1.4388226218181016,0.2718863608877744,261.7468648570323,307.54876244542836,7055.5583025741639,0.3287623294227736,0.06212440087353997,247.23183092508828,290.93038482056405,6384.147002382049,0.0,0.0,12.468345570395595,14.935629377272509,195.48131844733778,0.0,0.0,13.987585959331513,16.54295224603433,316.4960952910131,0.0,0.0,189.73221876836613,225.38160230568426,3914.2259089037108,0.0,0.0,47.219772251847007,56.507041725386589,759.8190302398618,0.0,0.0,120.06778388080032,142.54411002979766,2497.4262082457546,46.228425804805358,31.706739235120286,259.87229936679759,307.788397624405,6816.03548959289,0.0,0.0,133.5472201203544,160.33159152840953,1963.2630630647382,1683.650271754149,21.53021521663335,32.979321596666228,21.9,30.0,0.0,21.075795717223494,43.11830012105812,21.000000000000005,30.0,0.0,21.183034251826187,33.49979853394882,21.000000000000005,30.0,0.0,20.67757786392425,34.661635193277408,15.999999999999999,30.0,0.0,15.420872922401172,48.06348613723702,12.0,30.0,0.0,19.00421514216079,43.27968524884734,19.0,30.0,0.0,18.006487426484765,40.96185087978956,10.0,30.0,0.0,15.63791050722327,47.585362711179708,12.0,30.0,2971.1413876071776,18.082081160478415,40.829405316513049,20.0,30.0,0.0,18.793627184733368,0.0,0.0,0.0,14.801652934674394,0.0,0.0,647.2690476684901,1193.442804162689,638.6792199174105,650.7700364183318,685.5247723146157,1056.279300484599,667.7510617869547,688.5353693998723,680.980833003358,10151.058776926657,81.29278112923604,84.10285239588765,570.0,0.0,570.0,570.0,21.0,16.0,19.0,19.0,12.0,12.0,21.0,10.0,1.0,0.0,1683.650271754149,0.0,0.0,0.0,0.0,0.0,0.0,2971.1413876071776,4252.664732001136,2551598.839200682,3312488.70410324,81.29278112923604,84.15057673479179,0.34575549106670458,0.7684158645769059,0.3602813740196596,84.15057673479179,0.3542647819438876,3312488.70410324,0.19276941261336848 
 02/22  22:20:00,7.720000000000001,77.0,8.033333333333334,0.0,0.0,0.0,0.0,0.0,2.0,0.0,0.0,4.0,0.0,0.0,0.0,318.0,0.0,0.0,0.0,0.0,0.0,0.0,0.0,0.0,0.0,0.0,0.0,21.01597037880071,-1597.50057515748,21.165573729470006,-203.5350239377829,20.963536369433557,-244.28190189409544,19.819003057230103,307.5073218455427,15.342631728577106,37.84566037892617,19.019616654779506,-33.9948576770762,17.42897626594428,32.942024573701477,15.599589603509623,-112.33178557507631,18.86348402137252,-628.5506967871534,1002.8146802541678,1239.7973876144975,0.0,0.0,0.0,0.0,0.0,0.0,0.0,0.0,0.0,0.0,0.0,0.0,0.0,0.0,0.0,0.0,0.0,0.0,0.0,0.0,0.0,0.0,1.3788206541402577,0.42088542556173927,287.13832644176417,336.1049889380855,7901.233901843869,0.10348061703115917,0.015793744968125638,28.79357374844828,33.56586089800763,818.7980829496489,1.5479703395369236,0.29251140202889727,242.17665541079595,283.53510883107938,6669.720687185565,0.3522245080189715,0.06655791912678975,253.97569177435856,298.45151764808198,6435.1767916256,0.0,0.0,12.52465324034181,14.977825057739313,195.2654172653604,0.0,0.0,13.59558205046633,16.022611902365193,319.8497094586828,0.0,0.0,196.2868854981979,232.72558895703748,3914.9658835747725,0.0,0.0,56.83984227932166,67.94919210579653,888.0111300564734,0.0,0.0,159.78990429073179,187.77488750804316,3946.6334456299139,46.3771979398186,31.808777736501108,250.1914275256152,295.9508229412196,6415.980997041119,0.0,0.0,153.61799215877393,183.0870098970089,2586.378697735071,1835.401907511975,21.600320966129915,33.03617061020151,22.0,30.0,1076.720266595737,22.13262832731298,39.96653423702482,21.5,30.0,1005.935512371806,21.546055697816969,32.966691305249728,21.5,30.0,0.0,20.477847947242908,35.29301321121841,16.0,30.0,0.0,15.426223085139826,48.18341426679741,12.0,30.0,716.1080564118206,19.530388420187707,40.2405181634085,19.5,30.0,0.0,17.883214858887678,41.386287240774979,10.0,30.0,0.0,15.450525739099492,48.28160477879625,12.0,30.0,1749.1523262656484,20.31159465596996,35.53543562278167,20.0,30.0,0.0,18.56648705355756,0.0,0.0,0.0,15.381446005195718,0.0,0.0,650.4735538792485,1161.003692168188,645.2270715452437,655.2449580602852,677.8063185012529,1018.6672617304503,664.8390111823669,687.3901962693541,667.2278519053182,10760.620099608148,80.88908381467528,85.20866912948515,570.0,0.0,570.0,570.0,21.0,16.0,19.0,19.0,12.0,12.0,21.0,10.0,1.0,0.0,1835.401907511975,1076.720266595737,1005.935512371806,0.0,716.1080564118206,0.0,0.0,1749.1523262656484,6535.3392575602879,3921203.5545361728,5090473.67910102,80.88908381467528,85.28203002816974,0.3878446419186763,0.7715678504297907,0.36028137401965956,85.28203002816974,0.3542647819438875,5090473.67910102,0.2847179646465864 
 02/22  22:30:00,7.77,77.5,8.085,0.0,0.0,0.0,0.0,0.0,2.0,0.0,0.0,4.0,0.0,0.0,0.0,1113.0,0.0,0.0,0.0,0.0,0.0,0.0,0.0,0.0,0.0,0.0,0.0,21.093986902152595,-1526.3089212545368,20.995474221764487,-183.7972887708706,20.996476205688386,-395.6757560815496,19.867768900464843,402.36136400011795,15.349144004966691,44.593165188633637,19.376163687889354,-60.209439880786437,17.203814399055685,190.63165644258977,15.606252332517922,57.572342036229077,18.605214297460074,-897.3428780690049,1030.5665942857079,1473.1372215933253,0.0,0.0,0.0,0.0,0.0,0.0,0.0,0.0,0.0,0.0,0.0,0.0,0.0,0.0,0.0,0.0,0.0,0.0,0.0,0.0,0.0,0.0,1.3707098281184656,0.41840959344275466,262.5094191050998,307.5701557351693,7252.071821092563,0.1390997601935859,0.021230122129668153,29.092014223181548,34.06439610005677,806.951542489757,1.4974421868133293,0.2829633761929948,274.9674420747393,322.86835032713528,7369.494664713563,0.35822803797860167,0.0676923730118294,286.1993415765621,336.8120684127089,7277.229436363112,0.0,0.0,13.182404238526749,15.78643725939365,204.36792387950906,0.0,0.0,15.682835531012519,18.488907917849127,378.96891303004579,0.0,0.0,264.3313570753246,314.2994511763392,5175.7066029422899,0.0,0.0,54.40377212429244,65.13248714658588,853.3510982343236,0.0,0.0,232.448427942548,274.59935519822468,5403.02360210608,46.59673169129241,31.959349582505064,282.2902809657298,334.3236274202046,7187.195386832284,0.0,0.0,220.97739486277545,263.9551756956971,3769.494699424342,1847.5649936221055,21.6935268111375,33.12830993896266,21.999999999999976,29.999999999999969,0.0,21.743247039721849,39.68840090106599,20.99999999999998,29.999999999999969,0.0,21.230775817700655,33.87877592763415,20.99999999999998,29.999999999999969,0.0,20.5823997409254,35.32956228175146,15.999999999999983,29.999999999999969,0.0,15.435340815071426,48.26562427152362,11.999999999999986,29.999999999999969,0.0,19.913339789952994,38.90679421671726,18.99999999999998,29.999999999999969,0.0,17.537359562189818,42.50738276500834,9.99999999999999,29.999999999999969,0.0,15.530328703017739,48.09213143905268,11.999999999999986,29.999999999999969,1310.2036655045779,19.42144509964974,37.73980101290312,19.42857142857141,29.999999999999969,0.0,18.720228242227877,0.0,0.0,0.0,16.181661922812066,0.0,0.0,654.223965697121,1057.8109211743563,645.8962415640908,655.544296430029,674.8008048390103,1008.5645690554239,670.0528927960814,679.5297007482856,674.2123332214197,9347.232400923716,81.82426283875154,83.89484163796354,569.9999999999994,0.0,569.9999999999994,569.9999999999994,21.0,16.0,19.0,19.0,12.0,12.0,21.0,10.0,1.0,0.0,1847.5649936221055,0.0,0.0,0.0,0.0,0.0,0.0,1310.2036655045779,3133.4384432335566,1880063.0659401357,2446197.2271105034,81.82426283875154,83.93000693982404,0.34730509096492787,0.7687869640362972,0.3602813740196592,83.93000693982404,0.3542647819438872,2446197.2271105034,0.14670892247641285 
 02/22  22:40:00,7.82,78.0,8.136666666666667,0.0,0.0,0.0,0.0,0.0,2.0,0.0,0.0,0.0,0.0,0.0,0.0,954.0,0.0,0.0,0.0,0.0,0.0,0.0,0.0,0.0,0.0,0.0,0.0,20.416555444608134,-312.6815794787247,20.465426417743268,-637.3741755379037,20.349297006977666,-317.8617777683065,19.786573260370717,102.8830459369499,15.35967007680056,42.13394135393625,19.00684726529812,-56.32549520482529,17.232806110594504,53.33454891905497,15.674830750220485,28.451310554666425,18.20020608897327,-575.3088676012426,975.989481390186,1254.9790126366057,0.0,0.0,0.0,0.0,0.0,0.0,0.0,0.0,0.0,0.0,0.0,0.0,0.0,0.0,0.0,0.0,0.0,0.0,0.0,0.0,0.0,0.0,1.2924039831091377,0.3945067103507742,290.4604797998599,341.7244830127077,7413.396415994431,0.21522703324043286,0.03284905879737983,173.80771953353588,204.30705589184459,4498.124738147442,1.3444021209635449,0.2540442405448874,225.28405452322949,265.05299929643379,5765.523883866521,0.2904277939737624,0.054880535520363208,160.15351800073658,188.6913000056191,4022.475246329864,0.0,0.0,12.797252713843326,15.323146499677352,197.45221676667109,0.0,0.0,14.336608130578057,16.92161629418279,335.8295382051756,0.0,0.0,231.8678698718324,275.62126225369198,4534.0383466724729,0.0,0.0,50.71598125705859,60.67921476788727,805.0342580459515,0.0,0.0,200.71401222495624,237.49372175777743,4450.842660423721,46.302117664734897,31.75728234892652,292.83588084730016,346.69388701322677,7429.930861856429,0.0,0.0,191.2707362130882,228.73812964099413,3105.5682712970476,0.0,20.603766348385,37.19129560558391,21.999999999999976,29.999999999999969,0.0,20.82223977158525,36.28865556253752,11.99999999999999,29.999999999999969,0.0,20.608803517089969,36.76603329287275,21.833333333333309,29.999999999999969,0.0,20.400021332255318,37.21434516565709,11.99999999999999,29.999999999999969,0.0,15.44963100015059,48.54732600852351,11.99999999999999,29.999999999999969,0.0,19.57094707827615,39.245403379339197,11.99999999999999,29.999999999999969,0.0,17.55753563080928,43.43614274013423,9.99999999999999,29.999999999999969,0.0,15.676876191551877,47.92681847516368,11.99999999999999,29.999999999999969,0.0,18.885177910730137,39.70697517087251,19.99999999999998,29.999999999999969,0.0,18.491702585847034,0.0,0.0,0.0,15.818037393942602,0.0,0.0,747.5788939479649,714.2642269209392,720.7143982727872,727.3013087605932,679.5075300035497,988.770973389354,707.637233561001,683.1075828965549,700.097059905779,0.0,81.84235298824292,81.84235298824292,59.999999999999939,0.0,59.999999999999939,59.999999999999939,12.0,12.0,12.0,19.0,12.0,12.0,21.0,10.0,0.0,0.0,0.0,0.0,0.0,0.0,0.0,0.0,0.0,0.0,0.0,0.0,0.0,81.84235298824292,81.84235298824292,0.0,0.0,0.0,81.84235298824292,0.0,0.0,0.0020000000000000006 
 02/22  22:50:00,7.87,78.5,8.188333333333333,0.0,0.0,0.0,0.0,0.0,2.0,0.0,0.0,0.0,0.0,0.0,0.0,477.0,0.0,0.0,0.0,0.0,0.0,0.0,0.0,0.0,0.0,0.0,0.0,19.923519365446017,-172.55068976902519,19.960657614038494,-434.9732061803839,19.914282287444516,-394.07266906701946,19.54173019321249,9.117689170258789,15.359760733118014,33.40501183118475,18.788688270477058,-42.46314348188669,17.135028688331496,57.20852378069932,15.663819089351563,-18.23245613787535,17.63515787965675,-176.47515967518695,844.8152873494307,913.3307010288813,0.0,0.0,0.0,0.0,0.0,0.0,0.0,0.0,0.0,0.0,0.0,0.0,0.0,0.0,0.0,0.0,0.0,0.0,0.0,0.0,0.0,0.0,1.2620939070327085,0.385254550376285,251.4107538326778,295.9772516132485,5991.896354282768,0.2226659795038508,0.03398442910620437,145.36239737164517,171.13503173996305,3492.026745673978,1.1951421687586828,0.22583941208591916,160.96785227717744,189.54149594438565,3849.624263464233,0.2409258033353638,0.04552641786382538,90.86141697245545,107.0566568130511,2193.62264417711,0.0,0.0,11.727579248078597,14.031627710233579,179.6757525754009,0.0,0.0,12.841669349504974,15.16283021944572,290.6231345661457,0.0,0.0,177.15481663490136,210.57128471489285,3389.609847246561,0.0,0.0,45.63199381424373,54.551471241121209,719.6550306388525,0.0,0.0,147.48919216841643,174.97744019573887,2984.8882027642187,45.9403718605559,31.509171372123423,242.4371962200608,287.0002516462765,5921.0382305223779,0.0,0.0,139.13123933676958,166.66903452932707,2061.2802135361546,0.0,19.843743837713839,38.11640480879262,22.000000000000019,30.00000000000002,0.0,20.00125480915633,37.274355924114427,12.00000000000001,30.00000000000002,0.0,19.909886786879477,37.79461839946357,22.000000000000019,30.00000000000002,0.0,19.9520585514362,38.16230013562853,12.00000000000001,30.00000000000002,0.0,15.444942464198493,49.07307907757756,12.00000000000001,30.00000000000002,0.0,19.213381697729305,39.790943828681267,12.00000000000001,30.00000000000002,0.0,17.39581539893179,44.025719449713168,10.000000000000007,30.00000000000002,0.0,15.673417122479354,48.48101336035158,12.00000000000001,30.00000000000002,0.0,17.942905532175698,42.443944441855737,20.000000000000015,30.00000000000002,0.0,18.046862507734376,0.0,0.0,0.0,15.097933993965367,0.0,0.0,687.7576686702353,648.7379533930691,672.0987885150314,710.8458226255166,692.799327130732,987.1078976367502,702.3665858935342,700.1687348787307,708.6098237107065,0.0,81.84235298824307,81.84235298824307,60.00000000000004,0.0,60.00000000000004,60.00000000000004,12.0,12.0,12.0,19.0,12.0,12.0,21.0,10.0,0.0,0.0,0.0,0.0,0.0,0.0,0.0,0.0,0.0,0.0,0.0,0.0,0.0,81.84235298824307,81.84235298824307,0.0,0.0,0.0,81.84235298824307,0.0,0.0,0.0018933333333333335 
 02/22  23:00:00,7.92,79.0,8.24,0.0,0.0,0.0,0.0,0.0,2.0,0.0,0.0,0.0,0.0,0.0,0.0,477.0,0.0,0.0,0.0,0.0,0.0,0.0,0.0,0.0,0.0,0.0,0.0,19.563083909998935,-204.76226006479085,19.586374839683204,-350.6018828796594,19.472498048501089,-290.302225701382,19.24952729706878,-194.09779172464807,15.3459370293625,20.679065508772206,18.645768665782556,-32.3592170690263,17.08664860422897,67.52658943306207,15.56666605206328,-91.91981936074422,17.39111837244005,-71.21943689915867,857.2375596304722,522.6112790624499,0.0,0.0,0.0,0.0,0.0,0.0,0.0,0.0,0.0,0.0,0.0,0.0,0.0,0.0,0.0,0.0,0.0,0.0,0.0,0.0,0.0,0.0,1.145215939686688,0.34957751516687698,337.29463414989569,398.1769556423599,7689.018581922134,0.19567535103605483,0.02986498031685821,161.14325138599447,190.18893295880987,3686.2041030191169,1.0976101319381973,0.2074093219837866,302.12081248935649,357.04557795868689,6807.429380181251,0.20942113020437554,0.03957315385570212,156.95570565518498,185.37603234225748,3616.8453810345965,0.0,0.0,10.329595430734792,12.35667774106415,156.6070096213515,0.0,0.0,12.052432921121085,14.23976204715055,266.383733402492,0.0,0.0,111.650157905356,132.66718542325556,2109.432467850687,0.0,0.0,42.39348962039547,50.694886767274507,650.2968289599464,0.0,0.0,86.7768129420656,103.02304874246592,1680.5964526855849,45.42574189937706,31.156201577076204,421.752918368947,500.2643312884608,9466.712334821235,0.0,0.0,78.5765124376791,94.32896102083689,1029.9150603669082,0.0,19.307984398998167,39.059240708882779,22.000000000000019,30.00000000000002,0.0,19.411709591285317,38.45354152910578,12.00000000000001,30.00000000000002,0.0,19.199606953619733,39.16025452473393,22.000000000000019,30.00000000000002,0.0,19.428128257245264,38.85933828280615,12.00000000000001,30.00000000000002,0.0,15.415613939533376,49.477038685634088,12.00000000000001,30.00000000000002,0.0,18.992812655925904,40.166793280988958,12.00000000000001,30.00000000000002,0.0,17.327377414113678,44.17338011229525,10.000000000000007,30.00000000000002,0.0,15.507039382558216,49.46550000754662,12.00000000000001,30.00000000000002,0.0,17.575616951213786,43.5105685469533,20.000000000000015,30.00000000000002,0.0,17.955913269177527,0.0,0.0,0.0,14.35257522350635,0.0,0.0,652.4958795373575,608.7350060386875,632.686246931505,657.546274032166,695.9175394259013,987.8753654114136,675.7394305731236,712.3894599715159,693.302226030429,0.0,81.84235298824307,81.84235298824307,60.00000000000004,0.0,60.00000000000004,60.00000000000004,12.0,12.0,12.0,19.0,12.0,12.0,21.0,10.0,0.0,0.0,0.0,0.0,0.0,0.0,0.0,0.0,0.0,0.0,0.0,0.0,0.0,81.84235298824307,81.84235298824307,0.0,0.0,0.0,81.84235298824307,0.0,0.0,0.0017866666666666667 
 02/22  23:10:00,7.946666666666667,79.33333333333334,8.295,0.0,0.0,0.0,0.0,0.0,2.0,0.0,0.0,0.0,0.0,0.0,0.0,318.0,0.0,0.0,0.0,0.0,0.0,0.0,0.0,0.0,0.0,0.0,0.0,19.389622251689624,-74.06904183081588,19.39203762585546,-216.96314774624444,19.318764930735875,-324.30486126091639,18.983349067591097,-109.97329210439057,15.332132967924596,20.53127403252958,18.523355653126246,-31.576918220206836,17.08821104864213,113.01798668310426,15.463942898384797,-90.01224177600762,17.228849364898687,-35.657118255973049,700.3151811249231,476.346835963134,0.0,0.0,0.0,0.0,0.0,0.0,0.0,0.0,0.0,0.0,0.0,0.0,0.0,0.0,0.0,0.0,0.0,0.0,0.0,0.0,0.0,0.0,1.1146526016721728,0.34024804690847768,147.5154106545503,174.0554200969454,3315.792474739903,0.20586064977230349,0.03141951309101091,78.45120940553857,92.61675629235651,1759.7834563254856,1.0775818615127227,0.20362469038411247,236.17105366189467,278.74651024767379,5241.251903689893,0.21488319231659445,0.0406052895534003,158.42748036413185,186.9974443303833,3495.730963954019,0.0,0.0,10.396239924931035,12.42778368731409,156.5652907630275,0.0,0.0,11.730726289029932,13.857371578203477,254.70304067369575,0.0,0.0,103.5807030621847,123.00886846925569,1955.7844769377273,0.0,0.0,42.91791463869322,51.30974850097556,642.507385695717,0.0,0.0,74.39261327509559,88.35992846114239,1405.5740961366576,45.49824512874627,31.20592944358456,236.17533374431737,280.10781012024099,5454.105408941976,0.0,0.0,69.37414689419451,83.30505628082918,880.014777638728,0.0,19.146667023022038,39.228828939767129,22.0,30.0,0.0,19.17419919124138,39.025994129686939,12.0,30.0,0.0,19.04975850184478,39.54249974031929,22.0,30.0,0.0,19.00131517361838,39.66959203177993,12.0,30.0,0.0,15.391084750467222,49.73848660983012,12.0,30.0,0.0,18.816628354411443,40.466602884518938,12.0,30.0,0.0,17.355350874800565,43.98128024332149,10.0,30.0,0.0,15.34575636692318,50.09089431413631,12.0,30.0,0.0,17.34901522417008,44.10723586589215,20.0,30.0,0.0,17.625360549026675,0.0,0.0,0.0,14.158767529138075,0.0,0.0,627.0243144146434,600.2927770749233,627.431473280076,630.7067498655697,692.3671265298247,985.8891953389575,658.6668486592321,710.8952027240375,681.1311967369067,0.0,81.84235298824301,81.84235298824301,60.0,0.0,60.0,60.0,12.0,12.0,12.0,19.0,12.0,12.0,21.0,10.0,0.0,0.0,0.0,0.0,0.0,0.0,0.0,0.0,0.0,0.0,0.0,0.0,0.0,81.84235298824301,81.84235298824301,0.0,0.0,0.0,81.84235298824301,0.0,0.0,0.0016800000000000003 
 02/22  23:20:00,7.973333333333334,79.66666666666667,8.350000000000002,0.0,0.0,0.0,0.0,0.0,2.0,0.0,0.0,0.0,0.0,0.0,0.0,477.0,0.0,0.0,0.0,0.0,0.0,0.0,0.0,0.0,0.0,0.0,0.0,19.17282794754787,-235.0328913680486,19.2370352996674,-266.47971668906959,19.144388004262056,-148.536878521954,18.858859284838937,-145.50505876063543,15.321257100058518,19.435094351617346,18.43420665938364,-27.33508751311917,17.12680760271119,103.85419122203889,15.38108097541756,-102.30190407284207,17.10323760111572,-92.59075394415309,537.3757504377446,490.24363703082249,0.0,0.0,0.0,0.0,0.0,0.0,0.0,0.0,0.0,0.0,0.0,0.0,0.0,0.0,0.0,0.0,0.0,0.0,0.0,0.0,0.0,0.0,1.0868908088243295,0.3317737511673776,150.82184908411086,178.26778063330063,3295.261975124774,0.19381253763589979,0.029580668137347334,83.1307210925468,98.17603315512507,1813.8428629860212,1.0594901693736126,0.20020600328299555,109.15432323323572,128.946578809927,2391.5211700766328,0.21090486571654788,0.03985352715732194,107.18634492738899,126.63419494499718,2320.5174008945775,0.0,0.0,10.020620846950092,11.987250622517017,150.01778560134239,0.0,0.0,11.507774928922803,13.608708430422194,246.70299892766119,0.0,0.0,113.40194766620678,134.65309394077497,2153.546438089936,0.0,0.0,43.93711283588494,52.583961964454797,644.9546627423194,0.0,0.0,34.16993633615269,40.58238604277674,630.1149112275896,45.45137528942775,31.17378277738529,168.11258580695216,199.65483196742435,3960.0189568359458,0.0,0.0,71.00257377699598,85.2964444753174,882.4781909337386,0.0,18.846261025044858,39.829473949208409,21.999999999999994,29.99999999999999,0.0,18.983992483549259,39.45594927650116,11.999999999999995,29.99999999999999,0.0,18.864295341916443,39.89452789116103,21.999999999999994,29.99999999999999,0.0,18.83482623246235,40.02615089476441,11.999999999999995,29.99999999999999,0.0,15.374550027118178,49.84572084955127,11.999999999999995,29.99999999999999,0.0,18.703319522085985,40.651175007118329,11.999999999999995,29.99999999999999,0.0,17.436239143138864,43.68869108108945,9.999999999999997,29.99999999999999,0.0,15.226399257976471,50.48857831204364,11.999999999999995,29.99999999999999,0.0,17.17755424534535,44.55451236723253,19.999999999999994,29.99999999999999,0.0,17.117196590588998,0.0,0.0,0.0,14.065620031131662,0.0,0.0,597.3277792594095,581.9040502122771,615.7115117082808,615.7084158512472,684.3077467085738,982.3177383344324,643.9995208645191,699.9129247441954,679.1839404957334,0.0,81.84235298824297,81.84235298824297,59.99999999999998,0.0,59.99999999999998,59.99999999999998,12.0,12.0,12.0,19.0,12.0,12.0,21.0,10.0,0.0,0.0,0.0,0.0,0.0,0.0,0.0,0.0,0.0,0.0,0.0,0.0,0.0,81.84235298824297,81.84235298824297,0.0,0.0,0.0,81.84235298824297,0.0,0.0,0.0016333333333333335 
 02/22  23:30:00,8.0,80.0,8.405000000000002,0.0,0.0,0.0,0.0,0.0,2.0,0.0,0.0,0.0,0.0,0.0,0.0,318.0,0.0,0.0,0.0,0.0,0.0,0.0,0.0,0.0,0.0,0.0,0.0,18.972343217439105,-193.8258296389813,19.081389494930126,-196.30563922191278,19.042000265783146,-111.68670221174375,18.77235013936653,-10.669458758284847,15.310063726862952,19.336037106429246,18.350558980183334,-26.20121627712075,17.08001528288728,67.66544612766893,15.30628353233081,-91.31925465008476,16.919698530221475,-185.7157908428478,361.4740271048639,603.6983450631065,0.0,0.0,0.0,0.0,0.0,0.0,0.0,0.0,0.0,0.0,0.0,0.0,0.0,0.0,0.0,0.0,0.0,0.0,0.0,0.0,0.0,0.0,1.066289133792703,0.3254850835753062,132.17486579782566,156.2489105578894,2820.719720782213,0.1955805740761207,0.029850514968882893,78.40956482996724,92.73123765173098,1688.3500261613752,1.0322959853131227,0.19506726857768767,42.67179445484018,50.44318291708254,938.93983696474,0.20183189925666185,0.03813905881645158,26.496696822748097,31.360281644958247,572.5050708927739,0.0,0.0,9.796326693881018,11.709861749901476,145.84186951428092,0.0,0.0,11.474543710903954,13.563419321028839,243.03231226989099,0.0,0.0,137.67401342469499,163.41251896556219,2585.8068589442,0.0,0.0,43.95813360679753,52.58746091072944,634.2435525137908,0.0,0.0,59.69163071824131,70.95125928256477,1066.3328201252223,45.458408988806997,31.178606988207826,81.88902108002839,97.529952258036,2194.487529879437,0.0,0.0,91.76737833579984,110.10733101221976,1159.613497118866,0.0,18.604587227773487,40.41293080581286,22.0,30.0,0.0,18.79290810475814,39.8983385531789,12.0,30.0,0.0,18.7831846009492,39.98553084721286,22.0,30.0,0.0,18.749476459256959,40.220397066470919,12.0,30.0,0.0,15.359139015702226,49.89491359127973,12.0,30.0,0.0,18.596584002460316,40.821853996548508,12.0,30.0,0.0,17.356265285329948,43.886681398686409,10.0,30.0,0.0,15.125714658750667,50.72901838953498,12.0,30.0,0.0,16.89458040909488,45.28893992369912,20.0,30.0,0.0,16.54074330600048,0.0,0.0,0.0,14.196954181975924,0.0,0.0,577.2792296334434,570.9577025773965,591.2987964587474,623.2395217761407,671.7063473699755,976.5053491614024,638.6735594881553,678.5588025859835,668.581137688022,0.0,81.84235298824301,81.84235298824301,60.0,0.0,60.0,60.0,12.0,12.0,12.0,19.0,12.0,12.0,21.0,10.0,0.0,0.0,0.0,0.0,0.0,0.0,0.0,0.0,0.0,0.0,0.0,0.0,0.0,81.84235298824301,81.84235298824301,0.0,0.0,0.0,81.84235298824301,0.0,0.0,0.0015866666666666668 
 02/22  23:40:00,8.026666666666668,80.33333333333334,8.46,0.0,0.0,0.0,0.0,0.0,2.0,0.0,0.0,0.0,0.0,0.0,0.0,636.0,0.0,0.0,0.0,0.0,0.0,0.0,0.0,0.0,0.0,0.0,0.0,18.870540421424715,-75.86034094172031,18.96486940852364,-267.7840782069685,18.914729550698469,-268.6665726852,18.682404115104057,-140.59171834358222,15.300357339037955,18.624244696469427,18.28377990179522,-28.534609877496359,16.989795676319063,16.515548947450733,15.269246172665144,-67.60722995009431,16.725921259044467,-276.6523566587457,488.28001637543567,701.2824476734188,0.0,0.0,0.0,0.0,0.0,0.0,0.0,0.0,0.0,0.0,0.0,0.0,0.0,0.0,0.0,0.0,0.0,0.0,0.0,0.0,0.0,0.0,1.0432248577921933,0.31844470628577339,169.1729074368166,200.35072145029836,3575.31587024001,0.19184877495643538,0.02928094855867452,70.23227736873167,83.21495495456793,1493.67108519096,0.9819289435647625,0.18554968699258563,116.38463435858114,137.66590533115233,2479.9486937584117,0.19003201584607624,0.03590930004649967,59.535392544936,70.37784770954106,1259.1909497068962,0.0,0.0,9.4133865423086,11.264120424676215,139.39432915617744,0.0,0.0,11.744436499049649,13.900304381349198,246.34524807715906,0.0,0.0,160.22045970695326,190.48500466936393,2951.6356578896118,0.0,0.0,41.70175571287692,49.94698610435654,597.0111074220882,0.0,0.0,85.32467085003847,101.64257008349336,1472.5978060959834,45.6041007468322,31.278532748170258,141.72681848951664,168.75558707827183,3314.8292001886795,0.0,0.0,117.33477351125817,140.88293616189805,1506.8773418735355,0.0,18.54957571794759,40.54821259862952,22.000000000000008,30.00000000000001,0.0,18.659557185626487,40.219095144780819,12.000000000000004,30.00000000000001,0.0,18.63190328325652,40.36153573114305,22.000000000000008,30.00000000000001,0.0,18.626682072262473,40.450884032799539,12.000000000000004,30.00000000000001,0.0,15.347901347845547,49.910162425610639,12.000000000000004,30.00000000000001,0.0,18.52051440404295,40.94667908888452,12.000000000000004,30.00000000000001,0.0,17.200531305588379,44.28027255436235,10.000000000000004,30.00000000000001,0.0,15.097867558710277,50.731956788711659,12.000000000000004,30.00000000000001,0.0,16.60633988559986,46.05578059723828,20.000000000000008,30.00000000000001,0.0,16.846989816543734,0.0,0.0,0.0,14.336473013322389,0.0,0.0,571.1122338382563,548.7537743473397,574.8744309966223,594.7393328074228,661.1447615715632,968.5648734446593,626.0362013355597,658.7419742497955,653.5680336524341,0.0,81.84235298824304,81.84235298824304,60.00000000000002,0.0,60.00000000000002,60.00000000000002,12.0,12.0,12.0,19.0,12.0,12.0,21.0,10.0,0.0,0.0,0.0,0.0,0.0,0.0,0.0,0.0,0.0,0.0,0.0,0.0,0.0,81.84235298824304,81.84235298824304,0.0,0.0,0.0,81.84235298824304,0.0,0.0,0.0015400000000000002 
 02/22  23:50:00,8.053333333333333,80.66666666666666,8.515,0.0,0.0,0.0,0.0,0.0,2.0,0.0,0.0,0.0,0.0,0.0,0.0,318.0,0.0,0.0,0.0,0.0,0.0,0.0,0.0,0.0,0.0,0.0,0.0,18.748479510299604,-155.4641697660643,18.87490161909049,-169.76474405584865,18.815635717537775,-138.16768498347643,18.589158334901535,-22.123810948049014,15.288967226478074,18.465227149734348,18.21160911553482,-31.013314431766106,16.896579814750873,22.231869617451595,15.244993304601764,-59.83132080446717,16.51634763291221,-274.0305898837555,275.8037281705567,729.0891701773128,0.0,0.0,0.0,0.0,0.0,0.0,0.0,0.0,0.0,0.0,0.0,0.0,0.0,0.0,0.0,0.0,0.0,0.0,0.0,0.0,0.0,0.0,1.0222532640347344,0.3120431208897236,126.07007847973782,149.17546638829738,2638.0496504203158,0.18878996925403838,0.02881409787149548,48.50451432124396,57.446666460374249,1020.073179750477,0.9814464664529443,0.18545851595860636,47.0215246623779,55.630174937364959,1004.2894428768789,0.19049901383103402,0.035997546075403247,5.569073807785964,6.582867215309464,120.35172072446085,0.0,0.0,9.392353277643743,11.226565839972249,138.3416995914439,0.0,0.0,11.914872143014494,14.090123225694687,247.2720079172991,0.0,0.0,171.86539546617343,204.19904057708858,3107.840305931922,0.0,0.0,40.012704378475,47.87007897879123,570.0454498319855,0.0,0.0,97.49938365043252,116.13723369453189,1618.973841696306,45.64614838755049,31.307372007922156,63.09470105901054,75.23749083908925,1798.1529530887036,0.0,0.0,128.91743884568874,154.58650237771816,1661.0583909922344,0.0,18.41493273010759,40.910228522542407,22.0,30.0,0.0,18.58555459960953,40.4272710282451,12.0,30.0,0.0,18.550630645591729,40.56383386139791,22.0,30.0,0.0,18.52447366145277,40.66778798776505,12.0,30.0,0.0,15.334390926809406,49.91994893068714,12.0,30.0,0.0,18.431535217865929,41.10149329623636,12.0,30.0,0.0,17.051806726969696,44.674544489773968,10.0,30.0,0.0,15.089182013780814,50.701414017484,12.0,30.0,0.0,16.296119386580935,46.92149187631705,20.0,30.0,0.0,16.173317043394517,0.0,0.0,0.0,14.384352943218606,0.0,0.0,554.5070361356454,541.443690012401,564.5858061128421,579.165553985913,648.0877475896693,955.6246222864431,617.716107191889,644.5104595671612,640.3948594317625,0.0,81.84235298824301,81.84235298824301,60.0,0.0,60.0,60.0,12.0,12.0,12.0,19.0,12.0,12.0,21.0,10.0,0.0,0.0,0.0,0.0,0.0,0.0,0.0,0.0,0.0,0.0,0.0,0.0,0.0,81.84235298824301,81.84235298824301,0.0,0.0,0.0,81.84235298824301,0.0,0.0,0.00149 
 02/22  24:00:00,8.08,81.0,8.57,0.0,0.0,0.0,0.0,0.0,2.0,0.0,0.0,0.0,0.0,0.0,0.0,795.0,0.0,0.0,0.0,0.0,0.0,0.0,0.0,0.0,0.0,0.0,0.0,18.67689124080058,-50.57915269023179,18.767171967754718,-300.9099758377015,18.71090804972521,-247.910716372594,18.522377253408238,-125.75524475566495,15.277861329206783,16.774185789135893,18.152763198353989,-35.10802525150249,16.802472872369909,-15.31296670298798,15.226036046062653,-51.264107509879618,16.36254019211958,-288.051185927628,408.8097785388138,738.7530694701189,0.0,0.0,0.0,0.0,0.0,0.0,0.0,0.0,0.0,0.0,0.0,0.0,0.0,0.0,0.0,0.0,0.0,0.0,0.0,0.0,0.0,0.0,0.9964288752566366,0.30416021833230669,147.2455638057475,174.5029115933578,3048.624522264732,0.18331396104879467,0.027978321283393574,73.84419821204277,87.50444154653701,1533.2901138340845,0.947946924527327,0.17912829261665298,97.04106935285867,114.86867850451169,2024.1322360267423,0.1829019456103179,0.034561970069976927,42.75086393878635,50.55981649471937,885.211013643581,0.0,0.0,9.155891454362349,10.957941434000024,134.11247830486827,0.0,0.0,12.202675622936063,14.451791035235257,251.02197758456087,0.0,0.0,183.17977349853866,218.03617617942866,3249.3818763335159,0.0,0.0,36.79640756914853,44.07771854880875,522.0025257268936,0.0,0.0,111.323551627834,132.87569315381718,1798.596409758849,45.835180004633219,31.437023322793715,110.28741365787232,131.4946738802493,2647.1402029659705,0.0,0.0,141.18827460222458,169.51833900123899,1814.6109060958057,0.0,18.389365793494727,41.00410370461605,22.0,30.0,0.0,18.456525372362557,40.838267018410068,12.000000000000002,30.0,0.0,18.436463530516499,40.90803319936731,22.0,30.0,0.0,18.445358334184879,40.88963649128488,12.000000000000002,30.0,0.0,15.322265067125448,49.9323765120793,12.000000000000002,30.0,0.0,18.367382223501168,41.222043840536688,12.000000000000002,30.0,0.0,16.90388557849155,45.07992504972317,10.0,30.0,0.0,15.08778333616735,50.66666408291539,12.000000000000002,30.0,0.0,16.092995394484068,47.49540193846216,20.0,30.0,0.0,16.498109891286377,0.0,0.0,0.0,14.398399387840528,0.0,0.0,545.0977503027998,521.9996010630174,545.0765662098602,568.1434043602965,637.9072140090436,943.343091739026,601.9834722882358,632.5937983153224,627.170206134909,0.0,81.84235298824302,81.84235298824302,60.0,0.0,60.0,60.0,12.0,12.0,12.0,19.0,12.0,12.0,21.0,10.0,0.0,0.0,0.0,0.0,0.0,0.0,0.0,0.0,0.0,0.0,0.0,0.0,0.0,81.84235298824302,81.84235298824302,0.0,0.0,0.0,81.84235298824302,0.0,0.0,0.00144 
 02/23  00:10:00,8.145,81.16666666666667,8.606666666666668,0.0,0.0,0.0,0.0,0.0,2.0,2.0,0.0,0.0,0.0,0.0,0.0,318.0,0.0,0.0,0.0,0.0,0.0,0.0,0.0,0.0,0.0,0.0,0.0,18.528813179844677,-223.82578505768834,18.677663623096458,-140.72724195588388,18.634476316982388,-119.0571724103828,18.440159733180118,-28.608907308032444,15.263146604108308,15.053634553375276,18.087499220963488,-35.94726556909143,16.820328173713713,94.74398183423114,15.195867300532094,-66.97746152687114,16.36257403214695,-103.89696694358071,278.501032485462,467.4948039864919,0.0,0.0,0.0,0.0,0.0,0.0,0.0,0.0,0.0,0.0,0.0,0.0,0.0,0.0,0.0,0.0,0.0,0.0,0.0,0.0,0.0,0.0,0.9878844966562479,0.30155204415636385,131.06926809439859,155.11547877246927,2647.7175448706359,0.1852347161452163,0.028271476823140464,60.92103393437044,72.08286350803046,1247.378009820351,0.9468834442774945,0.1789273326299121,35.59106166431627,42.126687157538977,746.1396805728755,0.18399837474407483,0.034769156225259788,6.4439372965059269,7.621120440248916,135.1144918174544,0.0,0.0,9.121081089532236,10.90189261719817,132.09316892344118,0.0,0.0,11.939174077056741,14.124551955490365,242.2477319011684,0.0,0.0,101.46151470037474,120.5677408273923,1803.154129431428,0.0,0.0,38.076446183714427,45.54858487099034,533.1505344310767,0.0,0.0,28.316963416770766,33.744723828349297,457.8838874406784,45.84334353603063,31.442622452695916,61.27059397709836,73.04016376564479,1713.725188854789,0.0,0.0,76.6571147659827,92.04383973881648,912.7137404574289,0.0,18.180046006069064,41.65823333628897,22.0,30.0,0.0,18.380415493851517,41.08719242577038,12.0,30.0,0.0,18.387776428591367,41.07231873664064,22.0,30.0,0.0,18.355940018041858,41.14713560217862,12.0,30.0,0.0,15.303922091126572,49.96069446058472,12.0,30.0,0.0,18.287423743489297,41.38482115135541,12.0,30.0,0.0,16.9860957335368,44.82609264453315,10.0,30.0,0.0,15.060194750768808,50.72760971553663,12.0,30.0,0.0,16.164352222943977,47.261402273158129,20.0,30.0,0.0,16.10378345473853,0.0,0.0,0.0,13.986592272710208,0.0,0.0,524.2347153964076,519.7911118804354,540.1641782072603,560.167762796417,623.8582548450095,929.70785266609,572.1477352497258,620.5032076126884,677.399514405403,0.0,81.84235298824301,81.84235298824301,60.0,0.0,60.0,60.0,12.0,12.0,12.0,19.0,12.0,12.0,21.0,10.0,0.0,0.0,0.0,0.0,0.0,0.0,0.0,0.0,0.0,0.0,0.0,0.0,0.0,81.84235298824301,81.84235298824301,0.0,0.0,0.0,81.84235298824301,0.0,0.0,0.0013900000000000002 
 02/23  00:20:00,8.21,81.33333333333334,8.643333333333335,0.0,0.0,0.0,0.0,0.0,2.0,2.0,0.0,0.0,0.0,0.0,0.0,636.0,0.0,0.0,0.0,0.0,0.0,0.0,0.0,0.0,0.0,0.0,0.0,18.45275961763774,-32.97228799130403,18.579350316540457,-273.05908242950809,18.51992702384252,-250.99933142308636,18.366816143830684,-144.05060087499198,15.249180154879909,13.751505667893682,18.038369128200235,-30.396087635722865,16.81485866706378,48.2681685744426,15.14308155971909,-84.87429012379732,16.40595890271358,-112.0904626563524,438.08816589242897,480.84790490160017,0.0,0.0,0.0,0.0,0.0,0.0,0.0,0.0,0.0,0.0,0.0,0.0,0.0,0.0,0.0,0.0,0.0,0.0,0.0,0.0,0.0,0.0,0.9630811085116627,0.29398080235398746,167.10839895460979,198.16389102512165,3336.5477083864604,0.1757161634677473,0.026818706267971207,78.41858536230721,93.00058992898589,1576.2018767566415,0.900224590119674,0.17011046676486669,109.19523427307836,129.37616781431223,2204.8651755089015,0.17203625592752012,0.032508740727044609,63.8432592222395,75.59499552688257,1282.4488884124669,0.0,0.0,8.903058296423545,10.65264295733597,127.45881074784295,0.0,0.0,11.770209347677735,13.94121292109073,236.0989156120946,0.0,0.0,97.81227457648042,116.34620726394448,1726.2621435561819,0.0,0.0,39.70005695218979,47.54969937870118,545.0516217234806,0.0,0.0,26.323671467404105,31.391346236114367,427.7987497426989,45.927576681584877,31.500395529207745,142.02507954715728,169.26955807269204,3168.4393462525329,0.0,0.0,75.61888792867127,90.91495051821926,878.8267853959916,0.0,18.15243237767777,41.77008897386767,22.0,30.0,0.0,18.255961110439029,41.5479276051795,12.0,30.0,0.0,18.24168900919225,41.547504343977589,22.0,30.0,0.0,18.25871406829367,41.48361746821008,12.0,30.0,0.0,15.288030954903322,49.99838031292666,12.0,30.0,0.0,18.237426276135829,41.495840915391308,12.0,30.0,0.0,16.992279036835787,44.875866968005329,10.0,30.0,0.0,14.990162196859833,50.942997392857048,12.0,30.0,0.0,16.276019306010988,46.917346651080567,20.0,30.0,0.0,16.553464982957189,0.0,0.0,0.0,13.911027658994878,0.0,0.0,522.6891380539246,506.63295710099166,528.3824196310718,544.9311375054338,611.6200805129796,925.4535749173313,563.3511423742489,605.3918300565966,709.4498842373961,0.0,81.84235298824301,81.84235298824301,60.0,0.0,60.0,60.0,12.0,12.0,12.0,19.0,12.0,12.0,21.0,10.0,0.0,0.0,0.0,0.0,0.0,0.0,0.0,0.0,0.0,0.0,0.0,0.0,0.0,81.84235298824301,81.84235298824301,0.0,0.0,0.0,81.84235298824301,0.0,0.0,0.00137 
 02/23  00:30:00,8.275,81.5,8.68,0.0,0.0,0.0,0.0,0.0,2.0,2.0,0.0,0.0,0.0,0.0,0.0,318.0,0.0,0.0,0.0,0.0,0.0,0.0,0.0,0.0,0.0,0.0,0.0,18.384008599457269,-139.28468271505268,18.513138643110456,-155.4319348226933,18.450061987167133,-137.38069971958113,18.274347638967034,-97.00044278819064,15.23355180681971,13.581581506501948,17.987796142421609,-29.01629996109199,16.793633952074666,54.78809137651933,15.085634068853647,-84.53682017618246,16.44238640845991,-112.88264972625206,321.96182160890569,483.8606006244777,0.0,0.0,0.0,0.0,0.0,0.0,0.0,0.0,0.0,0.0,0.0,0.0,0.0,0.0,0.0,0.0,0.0,0.0,0.0,0.0,0.0,0.0,0.9403794625004002,0.2870511179793651,124.23038308718283,147.1225808658907,2462.52992017594,0.1751581469925798,0.02673353891828141,47.22634776557871,55.989429289381948,937.2029548190959,0.8988918817404457,0.1698586322260858,69.66678129097088,82.41885977101976,1398.6352739926866,0.17292757000053006,0.03267716742262472,27.04806103467294,31.955424026033226,534.8998019693405,0.0,0.0,8.98650814705869,10.740443601637017,127.15902299391525,0.0,0.0,11.547447249166615,13.663817096456733,228.90218609175634,0.0,0.0,98.13296235257488,116.59750039327453,1715.5459240635906,0.0,0.0,40.69338413748412,48.69538657476603,547.3074333977886,0.0,0.0,25.174927118267925,29.97639857283388,410.493376010603,45.94476385507066,31.51218371404024,82.04570869420985,97.78194301566978,2035.9665850664458,0.0,0.0,75.05295024098203,90.14556845903403,854.1446071606404,0.0,18.088029625535513,42.06319174461436,22.0,30.0,0.0,18.213160656857757,41.74239064241086,12.0,30.0,0.0,18.19748297481488,41.727577403771807,22.0,30.0,0.0,18.147728745840987,41.889182934466649,12.0,30.0,0.0,15.269538400436878,50.06494489902344,12.0,30.0,0.0,18.181379480197678,41.637509238561488,12.0,30.0,0.0,16.97271863252915,44.967848018708938,10.0,30.0,0.0,14.914172964699077,51.20833722289255,12.0,30.0,0.0,16.36966624077896,46.63907650529269,20.0,30.0,0.0,16.17616457933139,0.0,0.0,0.0,13.855421176430154,0.0,0.0,513.2023900342222,502.42599302200275,526.9530986699829,537.3924163715724,596.78670908094,924.5970370697648,558.6800413340832,589.7827784851708,724.504360743414,0.0,81.84235298824301,81.84235298824301,60.0,0.0,60.0,60.0,12.0,12.0,12.0,19.0,12.0,12.0,21.0,10.0,0.0,0.0,0.0,0.0,0.0,0.0,0.0,0.0,0.0,0.0,0.0,0.0,0.0,81.84235298824301,81.84235298824301,0.0,0.0,0.0,81.84235298824301,0.0,0.0,0.0013499999999999999 
 02/23  00:40:00,8.34,81.66666666666667,8.716666666666667,0.0,0.0,0.0,0.0,0.0,2.0,2.0,0.0,0.0,0.0,0.0,0.0,636.0,0.0,0.0,0.0,0.0,0.0,0.0,0.0,0.0,0.0,0.0,0.0,18.33690505988863,-24.727782035126098,18.43499704036636,-241.0728109273125,18.362326096462846,-230.42005591166018,18.23324585338083,-14.963459503175813,15.219716047139807,12.79032456058934,17.946220802200018,-26.816416602659304,16.76518418625468,43.101833658721378,15.038821492152593,-87.63673611449952,16.456992141811278,-106.47029240441776,227.4823732170326,475.7613963710071,0.0,0.0,0.0,0.0,0.0,0.0,0.0,0.0,0.0,0.0,0.0,0.0,0.0,0.0,0.0,0.0,0.0,0.0,0.0,0.0,0.0,0.0,0.9130589469810515,0.2787115222774883,116.5470308097884,138.2205120612877,2284.023328361357,0.16832750147671989,0.025691010603894977,67.97208118802551,80.62759491234307,1331.693566738206,0.8739493099447284,0.16514537224957083,55.19225861415883,65.46400535986105,1092.1469411479673,0.16973928653250396,0.03207469511196219,17.53105384983967,20.817736142291026,345.54725572650485,0.0,0.0,8.929472465843685,10.683557767901903,124.89620011289746,0.0,0.0,11.414130204501373,13.521447203657072,223.84314806444417,0.0,0.0,96.14540810583979,114.36417317130197,1661.62611146873,0.0,0.0,41.69664139161625,49.9562482305836,550.7154408434769,0.0,0.0,23.03914841615221,27.456531704923415,374.6826431842428,45.965089143740758,31.52612424124881,67.51956319985394,80.64036406051088,1787.8243373356284,0.0,0.0,73.37321514256391,88.23288874460383,817.68606896721,0.0,18.085431783146708,42.15048866881981,22.0,30.0,0.0,18.125619204413888,42.16006508590331,12.0,30.0,0.0,18.100407538156195,42.19861133320869,22.0,30.0,0.0,18.128065967179386,41.94919912566521,12.0,30.0,0.0,15.255061409155097,50.13611774066048,12.0,30.0,0.0,18.141462021025686,41.75394070801781,12.0,30.0,0.0,16.939388904515007,45.17750815110958,10.0,30.0,0.0,14.859683682177839,51.4350119341744,12.0,30.0,0.0,16.41654844777387,46.51779356465606,20.0,30.0,0.0,15.862807310687112,0.0,0.0,0.0,13.80415195973567,0.0,0.0,509.88186614120499,494.48973696569399,507.4327838794642,545.2209876497028,586.0648747306751,924.2078263142115,547.6281990255394,580.2074646306808,730.0640247117534,0.0,81.84235298824301,81.84235298824301,60.0,0.0,60.0,60.0,12.0,12.0,12.0,19.0,12.0,12.0,21.0,10.0,0.0,0.0,0.0,0.0,0.0,0.0,0.0,0.0,0.0,0.0,0.0,0.0,0.0,81.84235298824301,81.84235298824301,0.0,0.0,0.0,81.84235298824301,0.0,0.0,0.00133 
 02/23  00:50:00,8.405000000000002,81.83333333333334,8.753333333333332,0.0,0.0,0.0,0.0,0.0,2.0,2.0,0.0,0.0,0.0,0.0,0.0,477.0,0.0,0.0,0.0,0.0,0.0,0.0,0.0,0.0,0.0,0.0,0.0,18.242801753482625,-142.71663182280077,18.34614187239358,-318.5899292575257,18.296275147089653,-229.57531417007403,18.225030060823725,-17.050986894172529,15.204658457135624,12.499796542374716,17.903014168100137,-25.503267134634503,16.73219975768668,36.50750267433147,14.990615419065393,-87.12780239934,16.467082667241756,-101.63415975931405,280.70503718930368,469.81234230059149,0.0,0.0,0.0,0.0,0.0,0.0,0.0,0.0,0.0,0.0,0.0,0.0,0.0,0.0,0.0,0.0,0.0,0.0,0.0,0.0,0.0,0.0,0.9094655082692248,0.27761462401380518,158.8856639180117,187.99840632104844,3049.0379183010365,0.16596984958054557,0.025331173623404415,87.03466457395827,103.01417618720152,1669.1314216752408,0.8325555103692669,0.15732341465783596,51.66524130757533,61.065746189788359,999.0938427181758,0.16036790344142888,0.030303836629143788,4.812092060036069,5.697744097741341,96.7926810317561,0.0,0.0,8.905189316660073,10.65094897465789,123.09871698837905,0.0,0.0,11.366615134858967,13.46082195233897,220.44148667624109,0.0,0.0,94.44919732160813,112.31681436394703,1612.6118111286288,0.0,0.0,42.113611999602728,50.44345153300944,545.940220813216,0.0,0.0,21.565273403631826,25.6867491461533,349.39852643410378,46.07565714394284,31.60195963233395,98.48656506948695,117.04073801167344,2286.0118456582615,0.0,0.0,72.02975221301809,86.5934462701713,786.6525335944168,0.0,17.958828017559506,42.796015475783047,22.000000000000019,30.00000000000002,0.0,18.02794331482387,42.710636364525409,12.00000000000001,30.00000000000002,0.0,18.056343726577717,42.561920710138199,22.000000000000019,30.00000000000002,0.0,18.15265243212221,41.86301774701956,12.00000000000001,30.00000000000002,0.0,15.238621013525066,50.246480804075549,12.00000000000001,30.00000000000002,0.0,18.096449206425676,41.90827477910696,12.00000000000001,30.00000000000002,0.0,16.898712612449015,45.48780749802568,10.000000000000007,30.00000000000002,0.0,14.802585015041326,51.704013611842409,12.00000000000001,30.00000000000002,0.0,16.45260903746223,46.45111093574475,20.000000000000015,30.00000000000002,0.0,15.9508502663545,0.0,0.0,0.0,13.758290892316595,0.0,0.0,492.6399081160814,478.26653763105488,495.07016596733578,570.8063361209576,574.0789793166368,922.3511730375308,536.0333572446892,571.3919495431244,734.4645898344562,0.0,81.84235298824307,81.84235298824307,60.00000000000004,0.0,60.00000000000004,60.00000000000004,12.0,12.0,12.0,19.0,12.0,12.0,21.0,10.0,0.0,0.0,0.0,0.0,0.0,0.0,0.0,0.0,0.0,0.0,0.0,0.0,0.0,81.84235298824307,81.84235298824307,0.0,0.0,0.0,81.84235298824307,0.0,0.0,0.0013333333333333336 
 02/23  01:00:00,8.47,82.0,8.79,0.0,0.0,0.0,0.0,0.0,2.0,2.0,0.0,0.0,0.0,0.0,0.0,318.0,0.0,0.0,0.0,0.0,0.0,0.0,0.0,0.0,0.0,0.0,0.0,18.129359833063729,-195.75212691826756,18.23766305436523,-126.82296782643289,18.18881085272048,-153.34954172410586,18.09987769888093,-171.3459595073466,15.18916175482223,12.493286105387427,17.86066309452145,-26.65751476186864,16.690339616940685,45.73075784204252,14.945297990723763,-86.7613620475862,16.47185934979548,-98.47244979333289,395.56068599094786,463.0125892859663,0.0,0.0,0.0,0.0,0.0,0.0,0.0,0.0,0.0,0.0,0.0,0.0,0.0,0.0,0.0,0.0,0.0,0.0,0.0,0.0,0.0,0.0,0.8828882457288936,0.2695019065106513,160.626789482294,190.22853875398062,3015.868916771773,0.1697956273872283,0.025915083545059268,83.28007217434436,98.55213539227649,1576.0636121305657,0.8261985058180581,0.15612216663228618,87.74221896078771,103.87898967701509,1675.3887102337877,0.15925348038752233,0.030093250262192417,75.47825057601445,89.37865114437364,1431.19343267484,0.0,0.0,9.07530338990761,10.84517245012311,123.96024010041933,0.0,0.0,11.27913103525177,13.348454917782874,216.31180378087147,0.0,0.0,94.60500770496263,112.41936452253387,1593.0219103946402,0.0,0.0,42.46704418169795,50.83360323600938,540.608285727503,0.0,0.0,20.55430506406403,24.458274788607349,331.3433696168056,46.1885927703902,31.679418909732659,128.23044010484333,152.53877133616599,2765.4149109561969,0.0,0.0,71.14759501619274,85.47185137854857,761.418330302889,0.0,17.812848144635134,43.34460930893095,22.0,30.0,0.0,17.90855461427084,43.22262597384233,12.0,30.0,0.0,17.933840856721905,42.84377066887775,22.0,30.0,0.0,17.941376088620026,42.925672622011699,12.0,30.0,0.0,15.221649434061338,50.40182084814613,12.0,30.0,0.0,18.051621980098884,42.09617064383181,12.0,30.0,0.0,16.845200310578038,45.755955076932689,10.0,30.0,0.0,14.750688509958423,51.98593958530871,12.0,30.0,0.0,16.47700483246198,46.43924950454281,20.0,30.0,0.0,16.349300226011338,0.0,0.0,0.0,13.714266492339866,0.0,0.0,489.2175286081611,471.52057945531706,520.8331202719063,516.2152743092152,562.8244117658787,918.0412525187744,528.6475932908272,563.2882593072898,738.6743097689098,0.0,81.84235298824301,81.84235298824301,60.0,0.0,60.0,60.0,12.0,12.0,12.0,19.0,12.0,12.0,21.0,10.0,0.0,0.0,0.0,0.0,0.0,0.0,0.0,0.0,0.0,0.0,0.0,0.0,0.0,81.84235298824301,81.84235298824301,0.0,0.0,0.0,81.84235298824301,0.0,0.0,0.0013366666666666664 
 02/23  01:10:00,8.490000000000002,82.33333333333334,8.815,0.0,0.0,0.0,0.0,0.0,2.0,2.0,0.0,0.0,0.0,0.0,0.0,318.0,0.0,0.0,0.0,0.0,0.0,0.0,0.0,0.0,0.0,0.0,0.0,17.950697832631016,-107.98835984913149,18.20303683668166,-272.40189886184546,18.074428070756335,-169.58292831776499,18.0261659315805,-183.73502913662333,15.173414857036759,10.592571304070006,17.819011752790247,-24.17081069783316,16.635825520875956,5.838191693245562,14.900945573602734,-89.69594574920643,16.477126863143547,-78.29494141123004,512.4734822505316,428.7137505600939,0.0,0.0,0.0,0.0,0.0,0.0,0.0,0.0,0.0,0.0,0.0,0.0,0.0,0.0,0.0,0.0,0.0,0.0,0.0,0.0,0.0,0.0,0.8690201122044721,0.26526865451906969,276.5236760127177,327.4410456393716,5068.65371253016,0.14550668562271774,0.022207980101147399,182.48215721993643,215.9151083169582,3420.781259195457,0.768487501961594,0.1452168371053655,154.45700862690399,182.88907300461185,2885.757184835489,0.14397103299251477,0.027205410618389025,152.15923415632688,180.1314064225533,2850.789525411591,0.0,0.0,8.685981205982135,10.381675159190494,117.99106332842985,0.0,0.0,11.463924191158834,13.567280535140043,218.4385363739283,0.0,0.0,86.55015834195096,102.8793895694242,1440.991866497065,0.0,0.0,42.25772069301675,50.58623009621003,532.0324998472104,0.0,0.0,16.362140387813385,19.46774274031454,263.8974487198222,46.22320804313945,31.70316052341527,305.64384854507389,363.2132881765855,5779.452834961459,0.0,0.0,66.29175563586397,79.65176747813655,696.6979784458641,0.0,17.56028971756716,44.2385680163767,22.0,30.0,0.0,17.897377330406706,43.370645481671399,12.0,30.0,0.0,17.78163963731906,43.51093097143519,22.0,30.0,0.0,17.862581407528908,43.381113704827679,12.0,30.0,0.0,15.20438091879452,50.61971539490772,12.0,30.0,0.0,18.00915709844062,42.31475415220572,12.0,30.0,0.0,16.765485082050089,46.24051266410588,10.0,30.0,0.0,14.70082140748653,52.41270632689776,12.0,30.0,0.0,16.50285398675672,46.47409357485905,20.0,30.0,0.0,16.6838570768005,0.0,0.0,0.0,13.638468142101063,0.0,0.0,483.40809358797756,475.97736612112569,504.3466769147699,499.84583365243659,552.5504407861354,910.8656342957413,518.9815232482055,550.5281300424592,748.5733231380167,0.0,81.84235298824301,81.84235298824301,60.0,0.0,60.0,60.0,12.0,12.0,12.0,19.0,12.0,12.0,21.0,10.0,0.0,0.0,0.0,0.0,0.0,0.0,0.0,0.0,0.0,0.0,0.0,0.0,0.0,81.84235298824301,81.84235298824301,0.0,0.0,0.0,81.84235298824301,0.0,0.0,0.0013399999999999999 
 02/23  01:20:00,8.510000000000002,82.66666666666667,8.84,0.0,0.0,0.0,0.0,0.0,2.0,2.0,0.0,0.0,0.0,0.0,0.0,318.0,0.0,0.0,0.0,0.0,0.0,0.0,0.0,0.0,0.0,0.0,0.0,17.92434099879423,-142.59643414174435,18.089827453709213,-224.12433014790413,17.99723171582218,-326.67484316105586,17.86999778989305,-131.63283467561792,15.156336682211569,9.786353162027624,17.780770857890457,-23.339934348598548,16.57480517175975,18.804185189270585,14.856792054906439,-90.57490056884399,16.482985662056764,-73.1675855397092,515.1174120588244,420.28167579949015,0.0,0.0,0.0,0.0,0.0,0.0,0.0,0.0,0.0,0.0,0.0,0.0,0.0,0.0,0.0,0.0,0.0,0.0,0.0,0.0,0.0,0.0,0.834129412590447,0.2546182578114918,242.4376720796899,287.0054886222686,4437.286180934749,0.137510762322131,0.020987601087016334,96.41583561761225,113.97803988426199,1771.5107290405738,0.7811450492149781,0.1476086638728228,259.3349617631368,307.12351752072257,4763.665045767951,0.15725112235996006,0.029714875729395318,139.43732532041188,165.15116170943637,2549.4631580971147,0.0,0.0,8.633469779798752,10.317873664832974,116.5915905540327,0.0,0.0,11.379503496529763,13.46797425730685,215.54482442657875,0.0,0.0,86.18793214251818,102.46341288126649,1416.9071033946084,0.0,0.0,42.532680757626668,50.91955163559284,529.5876079180184,0.0,0.0,15.14727619786518,18.018245067489525,244.37286957071243,46.35216093201815,31.791605577515889,322.52432330827147,383.02630596856968,6066.3712602945529,0.0,0.0,65.13546049797347,78.26759934959434,675.8062915255622,0.0,17.568571461179059,44.46893872053387,22.0,30.0,0.0,17.75899267711139,44.05125050395097,12.0,30.0,0.0,17.696892813213404,43.96663688684377,22.0,30.0,0.0,17.63079292271977,44.18701689618108,12.0,30.0,0.0,15.18513949922367,50.84230167086002,12.0,30.0,0.0,17.972147347138809,42.54611463347446,12.0,30.0,0.0,16.681428460002779,46.72721144614137,10.0,30.0,0.0,14.651411590527048,52.834259827166579,12.0,30.0,0.0,16.526171842001625,46.546758722166597,20.0,30.0,0.0,16.675808757768526,0.0,0.0,0.0,13.591753878926245,0.0,0.0,478.45008530804628,465.3141339305796,495.181069805128,495.017812897713,543.6536110326445,900.5429413555052,514.0060633071259,541.7098885158739,760.7335065230425,0.0,81.84235298824301,81.84235298824301,60.0,0.0,60.0,60.0,12.0,12.0,12.0,19.0,12.0,12.0,21.0,10.0,0.0,0.0,0.0,0.0,0.0,0.0,0.0,0.0,0.0,0.0,0.0,0.0,0.0,81.84235298824301,81.84235298824301,0.0,0.0,0.0,81.84235298824301,0.0,0.0,0.0013433333333333334 
 02/23  01:30:00,8.530000000000002,83.0,8.864999999999999,0.0,0.0,0.0,0.0,0.0,2.0,2.0,0.0,0.0,0.0,0.0,0.0,318.0,0.0,0.0,0.0,0.0,0.0,0.0,0.0,0.0,0.0,0.0,0.0,17.883335658352068,-203.61003550010447,17.97785542348027,-179.3028412965607,17.83523429166104,-152.63744217529075,17.853338155542987,-162.49183315127653,15.139124272761534,9.7283940503562,17.74192195421962,-25.50319842252111,16.52661389899272,28.774119841932135,14.81444320448438,-91.91352577861096,16.490073907852009,-58.820257071098698,521.1338053976624,401.6722279408484,0.0,0.0,0.0,0.0,0.0,0.0,0.0,0.0,0.0,0.0,0.0,0.0,0.0,0.0,0.0,0.0,0.0,0.0,0.0,0.0,0.0,0.0,0.8201007874240502,0.2503360156972071,273.78118550519636,324.4202870055566,4955.4703608487229,0.1417324306346779,0.02163193385755157,129.52220574766367,153.57002839778205,2349.9341105651458,0.8070561753127024,0.1525049462042144,251.2026325212421,297.5704820548217,4525.011728455145,0.1479639190238843,0.02795992422975893,138.12707810090019,163.5419493030562,2516.297435395394,0.0,0.0,8.863170632825814,10.58959523330251,118.9904404824373,0.0,0.0,11.382051296485149,13.471448222259488,214.2642383967359,0.0,0.0,85.0081458898992,101.05207678682732,1383.5820974298145,0.0,0.0,42.80440383395565,51.24543177048644,527.282399583619,0.0,0.0,12.461631432601724,14.820537191037057,201.14232847856287,46.4283601362424,31.843868406201929,348.46551066825398,414.0450717075814,6454.125648044057,0.0,0.0,62.53572986610094,75.1486846563171,638.7186704267473,0.0,17.551737595511534,44.69168845306555,22.0,30.0,0.0,17.61230046953246,44.56732558329918,12.0,30.0,0.0,17.47457778527657,44.813367594996908,22.0,30.0,0.0,17.653622522528744,44.230494913095359,12.0,30.0,0.0,15.166064004038394,51.10775981232411,12.0,30.0,0.0,17.933161266037066,42.816030812191687,12.0,30.0,0.0,16.619412991296615,47.142348441592577,10.0,30.0,0.0,14.60524173199682,53.23866498929158,12.0,30.0,0.0,16.551379248377608,46.61023910360129,20.0,30.0,0.0,16.6814241855011,0.0,0.0,0.0,13.531395930023525,0.0,0.0,474.4703204812114,469.48051261315438,482.883892606548,493.3010247412742,533.902534845043,890.4792656001787,497.7737847733932,533.6277970359353,778.8206813035595,0.0,81.84235298824301,81.84235298824301,60.0,0.0,60.0,60.0,12.0,12.0,12.0,19.0,12.0,12.0,21.0,10.0,0.0,0.0,0.0,0.0,0.0,0.0,0.0,0.0,0.0,0.0,0.0,0.0,0.0,81.84235298824301,81.84235298824301,0.0,0.0,0.0,81.84235298824301,0.0,0.0,0.0013466666666666664 
 02/23  01:40:00,8.55,83.33333333333334,8.889999999999999,0.0,0.0,0.0,0.0,0.0,2.0,2.0,0.0,0.0,0.0,0.0,0.0,318.0,0.0,0.0,0.0,0.0,0.0,0.0,0.0,0.0,0.0,0.0,0.0,17.746100473240586,-71.8766776563607,17.963590196482849,-253.1703044892106,17.820940105153328,-288.75849239455786,17.744110204133507,-104.29996346177131,15.122355111768128,8.501393710314403,17.70145035504385,-23.828671951770873,16.491910597408429,3.2251428267454687,14.771553555958907,-93.74051668581126,16.505565460117795,-33.94699858714088,472.5082590540874,374.5996352436664,0.0,0.0,0.0,0.0,0.0,0.0,0.0,0.0,0.0,0.0,0.0,0.0,0.0,0.0,0.0,0.0,0.0,0.0,0.0,0.0,0.0,0.0,0.8075415432466313,0.2465023025783368,249.99754334553138,296.02551764157519,4473.170489002126,0.13480257469317126,0.0205742635368088,135.84109055622347,160.7385093808063,2457.1991851697905,0.7325371365133973,0.13842349518393755,201.58375900797587,238.75181424128329,3606.136668778381,0.14356980197274225,0.027129592209512888,115.64385922184093,137.01748142941967,2075.773154833349,0.0,0.0,8.617469973222477,10.298079746975164,115.0328327259394,0.0,0.0,11.401377750302008,13.494719186689978,213.22515359006415,0.0,0.0,79.6942628255377,94.75679531356677,1288.5390917154078,0.0,0.0,42.64861374466436,51.062415436869049,519.5988516094446,0.0,0.0,9.861628398544202,11.728210994712736,159.5080526873038,46.50940335681124,31.899453605494693,301.1752496126819,357.7205485231111,5582.055338728612,0.0,0.0,57.81818354195801,69.48854068320859,579.6407357641335,0.0,17.383234963368346,45.3042672389477,22.0,30.0,0.0,17.644134531929198,44.590881508428797,12.0,30.0,0.0,17.50966251172038,45.042933264758648,22.0,30.0,0.0,17.505630223309589,45.003063021936728,12.0,30.0,0.0,15.148028836281615,51.40855088282662,12.0,30.0,0.0,17.890954673430096,43.101929589579388,12.0,30.0,0.0,16.58388016858741,47.40842233112937,10.0,30.0,0.0,14.557784340183997,53.62703633938122,12.0,30.0,0.0,16.591131977960978,46.63475134809876,20.0,30.0,0.0,16.50723645304667,0.0,0.0,0.0,13.45759903549894,0.0,0.0,474.0195689237571,469.6723188792921,473.8407516146174,478.76773494685986,522.671358969912,880.8861372280765,490.87060773761848,525.3509253093448,802.5314865666334,0.0,81.84235298824301,81.84235298824301,60.0,0.0,60.0,60.0,12.0,12.0,12.0,19.0,12.0,12.0,21.0,10.0,0.0,0.0,0.0,0.0,0.0,0.0,0.0,0.0,0.0,0.0,0.0,0.0,0.0,81.84235298824301,81.84235298824301,0.0,0.0,0.0,81.84235298824301,0.0,0.0,0.0013499999999999999 
 02/23  01:50:00,8.57,83.66666666666666,8.915,0.0,0.0,0.0,0.0,0.0,2.0,2.0,0.0,0.0,0.0,0.0,0.0,318.0,0.0,0.0,0.0,0.0,0.0,0.0,0.0,0.0,0.0,0.0,0.0,17.740905906899689,-193.1381165027451,17.83095542937574,-188.18169215394597,17.68505882909625,-147.13621126996169,17.729517363059487,-158.92804696067038,15.104804729980833,8.795376304026576,17.66405976951168,-25.421697975481835,16.437618128959885,21.41237939553298,14.728608176001507,-94.96320178830524,16.517234203828026,-35.3249099786442,505.5999185539631,374.97824861441065,0.0,0.0,0.0,0.0,0.0,0.0,0.0,0.0,0.0,0.0,0.0,0.0,0.0,0.0,0.0,0.0,0.0,0.0,0.0,0.0,0.0,0.0,0.7923649933490293,0.2418696560894473,286.0303414535673,339.0208250999133,5081.579115462675,0.13340360061214585,0.020360744904173668,141.68835695417165,168.04895326905374,2515.630587920993,0.7805141225097458,0.14748944113940783,255.55562783514893,302.80820108129196,4508.863783066249,0.1422215317286837,0.026874817031119364,140.8755803734966,166.82956688687899,2519.2852362981468,0.0,0.0,8.885251490607092,10.614856649555208,117.90091373139538,0.0,0.0,11.38381879825581,13.47424727990734,211.60788474783497,0.0,0.0,81.87315100874179,97.335194997982,1308.3796091198095,0.0,0.0,43.228599024975277,51.758552348740057,520.7929661978158,0.0,0.0,12.215279677413133,14.519739716927049,197.77225874526767,46.62628811900231,31.979621480797208,365.4466110152796,434.2887823459752,6620.566815156877,0.0,0.0,58.1743812229476,69.91841345340375,576.4968721701382,0.0,17.41955300940949,45.494903276912129,22.0,30.0,0.0,17.4580586774291,45.495533021659458,12.0,30.0,0.0,17.328692489605435,45.721387401158938,22.0,30.0,0.0,17.523529715963897,45.03142378896851,12.0,30.0,0.0,15.12891026420144,51.66655587004837,12.0,30.0,0.0,17.85381079966764,43.379660163172449,12.0,30.0,0.0,16.509999942250148,47.924018472840788,10.0,30.0,0.0,14.510099741439366,54.023256348063629,12.0,30.0,0.0,16.618939020897636,46.71867598055496,20.0,30.0,0.0,16.582608692772653,0.0,0.0,0.0,13.420472783384089,0.0,0.0,464.3777883530136,457.51178822032247,468.3435550314754,479.30474316079269,514.7310912764669,869.3386043296041,481.0712640017658,521.4047048875734,811.9738753127845,0.0,81.84235298824301,81.84235298824301,60.0,0.0,60.0,60.0,12.0,12.0,12.0,19.0,12.0,12.0,21.0,10.0,0.0,0.0,0.0,0.0,0.0,0.0,0.0,0.0,0.0,0.0,0.0,0.0,0.0,81.84235298824301,81.84235298824301,0.0,0.0,0.0,81.84235298824301,0.0,0.0,0.0013566666666666665 
 02/23  02:00:00,8.59,84.0,8.94,0.0,0.0,0.0,0.0,0.0,2.0,2.0,0.0,0.0,0.0,0.0,0.0,318.0,0.0,0.0,0.0,0.0,0.0,0.0,0.0,0.0,0.0,0.0,0.0,17.61721663504202,-64.8282298718218,17.825217011791155,-241.35550945488775,17.6807696873653,-278.78602191276607,17.625256409222247,-106.61907082116523,15.088053300571819,8.013929250817114,17.624335854822108,-24.5458408667439,16.406659124020515,-0.05020668568590736,14.688107811801033,-94.25025168615776,16.521242792341849,-37.82071289150139,448.6212234956038,373.95526797252378,0.0,0.0,0.0,0.0,0.0,0.0,0.0,0.0,0.0,0.0,0.0,0.0,0.0,0.0,0.0,0.0,0.0,0.0,0.0,0.0,0.0,0.0,0.7804576768589685,0.23823494409614424,233.11942094025964,276.06862571529919,4099.113973388773,0.13129515616788918,0.020038943249067337,126.43294416765896,149.6271680637323,2242.9864144956966,0.7115179709217925,0.13445161959973407,194.23195427698665,230.0926618021408,3410.181676649684,0.13876372385616188,0.02622141418294819,114.75269219505869,135.99732766880738,2022.0321306584784,0.0,0.0,8.710625021176302,10.408185381583757,114.92635480711587,0.0,0.0,11.396611460234599,13.489678476123398,210.4516885827404,0.0,0.0,78.67699845528682,93.55797248377006,1249.6306859027962,0.0,0.0,43.10910415357444,51.61841979849588,513.8993499599302,0.0,0.0,13.334638952682356,15.850462113039088,215.6796438892161,46.7203559077305,32.0441398544105,283.3644841425901,336.6095544373127,5195.401680993427,0.0,0.0,58.0128762430638,69.72556693499792,568.2697150083416,0.0,17.26965249386027,46.07597694202225,22.0,30.0,0.0,17.505827670833257,45.468119731246407,12.0,30.0,0.0,17.378123040043027,45.90737146174883,22.0,30.0,0.0,17.380969822541397,45.80863598693897,12.0,30.0,0.0,15.111422072876295,51.97780125915085,12.0,30.0,0.0,17.811997270668458,43.6969103394557,12.0,30.0,0.0,16.480517675907174,48.165757246421879,10.0,30.0,0.0,14.46703863510604,54.381211658088819,12.0,30.0,0.0,16.632352397416594,46.904670077828878,20.0,30.0,0.0,16.38253177356455,0.0,0.0,0.0,13.383934604725475,0.0,0.0,463.45244664993199,458.25465643589686,461.36774767523897,466.2219697714071,506.94387499474638,857.650181090652,482.26924884836,526.0418413509799,802.52967541674,0.0,81.84235298824301,81.84235298824301,60.0,0.0,60.0,60.0,12.0,12.0,12.0,19.0,12.0,12.0,21.0,10.0,0.0,0.0,0.0,0.0,0.0,0.0,0.0,0.0,0.0,0.0,0.0,0.0,0.0,81.84235298824301,81.84235298824301,0.0,0.0,0.0,81.84235298824301,0.0,0.0,0.0013633333333333334 
 02/23  02:10:00,8.64,84.0,8.92,0.0,0.0,0.0,0.0,0.0,2.0,2.0,0.0,0.0,0.0,0.0,0.0,159.0,0.0,0.0,0.0,0.0,0.0,0.0,0.0,0.0,0.0,0.0,0.0,17.53927056980912,-183.69485081344284,17.816581159483339,-21.577075931742117,17.675930882294588,-43.7665031004899,17.558578456230145,-185.73662035693998,15.069559860873643,8.894158676292136,17.582959910069087,-26.23554079579219,16.374076200319558,26.542079415920854,14.64779572994719,-91.03300140322722,16.52109122083573,-38.809762528354159,409.4833612819093,376.22962310893106,0.0,0.0,0.0,0.0,0.0,0.0,0.0,0.0,0.0,0.0,0.0,0.0,0.0,0.0,0.0,0.0,0.0,0.0,0.0,0.0,0.0,0.0,0.7701609708618712,0.23509187144745764,145.7787069433958,172.50547624328227,2501.0452350141088,0.13382497452101678,0.020425057161327348,9.40842791998124,11.117686763464505,170.3537807191971,0.7706112982448954,0.14561815915436428,215.49149663198487,254.76265353736637,3814.9687929711838,0.13783290914597838,0.026045523270215106,123.7120805485956,146.32517544831024,2145.9676642504148,0.0,0.0,9.01624984910343,10.747603535080867,117.71568029975659,0.0,0.0,11.360483294880086,13.417644030220524,207.67841243981156,0.0,0.0,82.36947350494843,97.72094967013399,1295.206984757117,0.0,0.0,43.49759763344088,51.97038189857422,510.5256428429909,0.0,0.0,13.778583857981428,16.337498011512254,221.71730282584296,46.59800789644103,31.96022489467836,212.6447129600604,252.39800360351584,3962.738077243526,0.0,0.0,58.39720024649125,70.02890223700286,563.1392860843258,0.0,17.157454743999229,46.70520650596235,22.0,30.0,0.0,17.562440586286006,45.592215379473909,12.0,30.0,0.0,17.453226726105546,45.394703959184649,22.0,30.0,0.0,17.29169924632142,46.32234632662961,12.0,30.0,0.0,15.090767237109358,52.3112478914778,12.0,30.0,0.0,17.76495773077349,44.07006201233906,12.0,30.0,0.0,16.450286848758766,48.20255700790079,10.0,30.0,0.0,14.423386858927112,54.637682608920957,12.0,30.0,0.0,16.63844130809987,47.12963049119155,20.0,30.0,0.0,16.25445112988854,0.0,0.0,0.0,13.35694692850441,0.0,0.0,454.45930961629957,449.37990811634008,474.85473685317649,457.80588601300368,501.1548419331746,845.3886613657016,487.07362131343316,530.1833078210816,793.1753275162143,0.0,81.84235298824301,81.84235298824301,60.0,0.0,60.0,60.0,12.0,12.0,12.0,19.0,12.0,12.0,21.0,10.0,0.0,0.0,0.0,0.0,0.0,0.0,0.0,0.0,0.0,0.0,0.0,0.0,0.0,81.84235298824301,81.84235298824301,0.0,0.0,0.0,81.84235298824301,0.0,0.0,0.00137 
 02/23  02:20:00,8.690000000000002,84.0,8.9,0.0,0.0,0.0,0.0,0.0,2.0,2.0,0.0,0.0,0.0,0.0,0.0,318.0,0.0,0.0,0.0,0.0,0.0,0.0,0.0,0.0,0.0,0.0,0.0,17.5726300442918,-78.71622773453146,17.728091452323967,-219.3282641802533,17.57433069510212,-210.04238047964737,17.5577562931066,-72.44798774535866,15.05449085299276,8.093854185582586,17.551755184349056,-23.91213134745172,16.332468667449427,8.096327221885759,14.615958221219227,-92.35139341222555,16.516289713396476,-40.64496430176001,426.4277063922955,377.1843502718431,0.0,0.0,0.0,0.0,0.0,0.0,0.0,0.0,0.0,0.0,0.0,0.0,0.0,0.0,0.0,0.0,0.0,0.0,0.0,0.0,0.0,0.0,0.7399522011818525,0.22587063528139574,206.7508455324188,245.2662069674215,3592.1157750978047,0.11837669096022643,0.018067260525065088,97.87934709409,116.23689989215177,1702.9989351387063,0.7146708939700222,0.13504741004724536,179.7903747656337,213.17019722655605,3106.6874144358228,0.14042047315349749,0.026534480943593624,94.20111476962032,111.66053603716206,1636.4503820527003,0.0,0.0,8.745742926649723,10.447902544983887,113.0178979250951,0.0,0.0,11.337658182958606,13.421509203932566,205.45983100045118,0.0,0.0,79.3662802762762,94.37351293163462,1231.2888859147407,0.0,0.0,43.492124611028888,52.08281552546569,503.45350960220687,0.0,0.0,14.439805477309152,17.15832815639221,230.76588813929068,46.55190943364826,31.928607293311573,244.28795896708147,290.75642747907599,4457.20856390527,0.0,0.0,58.298851896818259,70.0730955555454,552.9764893489171,0.0,17.307967831847749,46.26861892488223,22.0,30.0,0.0,17.416047545571759,46.25274630515712,12.0,30.0,0.0,17.291264677393796,46.34201821869938,22.0,30.0,0.0,17.355575641253517,45.97345649030528,12.0,30.0,0.0,15.076829482780699,52.46059084393309,12.0,30.0,0.0,17.738030186438615,44.26925065877302,12.0,30.0,0.0,16.39672531195001,48.712055527030077,10.0,30.0,0.0,14.395319684814178,54.92460370920587,12.0,30.0,0.0,16.636407289614213,47.25123239549285,20.0,30.0,0.0,16.28288505951398,0.0,0.0,0.0,13.33041894051297,0.0,0.0,456.58862532841678,444.02297901714129,457.14580644553066,467.34204769163707,500.0519892464873,837.7265515558028,478.5154869378337,530.5340275704098,786.2851364548931,0.0,81.84235298824301,81.84235298824301,60.0,0.0,60.0,60.0,12.0,12.0,12.0,19.0,12.0,12.0,21.0,10.0,0.0,0.0,0.0,0.0,0.0,0.0,0.0,0.0,0.0,0.0,0.0,0.0,0.0,81.84235298824301,81.84235298824301,0.0,0.0,0.0,81.84235298824301,0.0,0.0,0.0013599999999999999 
 02/23  02:30:00,8.74,84.0,8.879999999999999,0.0,0.0,0.0,0.0,0.0,2.0,2.0,0.0,0.0,0.0,0.0,0.0,159.0,0.0,0.0,0.0,0.0,0.0,0.0,0.0,0.0,0.0,0.0,0.0,17.596666590161765,-22.045342571962466,17.60013687167612,-329.20927105301419,17.55829897211617,-154.14935647389235,17.57952914652995,-4.858795676366896,15.035848292244318,8.030919788309859,17.512992813263958,-23.03194065951527,16.290964145388004,6.172283574097037,14.577633117405668,-90.41270814226846,16.508360960967818,-41.561087908344408,355.0487847160939,378.6465094833284,0.0,0.0,0.0,0.0,0.0,0.0,0.0,0.0,0.0,0.0,0.0,0.0,0.0,0.0,0.0,0.0,0.0,0.0,0.0,0.0,0.0,0.0,0.7177671178944844,0.21909863183592324,205.80505830474545,243.29588898163397,3585.541601759348,0.11560099255628666,0.017643619132522386,147.67526870155192,174.67817208133909,2510.5476466621437,0.6946528750943714,0.1312647156262985,56.48130430342983,66.78892234680272,982.414999619067,0.13557478117754577,0.02561881730490282,3.125573413116971,3.694688514559203,56.77757094314706,0.0,0.0,8.684706274977259,10.352229519959373,111.02944605388206,0.0,0.0,11.29754630503869,13.344479810802293,202.7208194014859,0.0,0.0,78.51689939199557,93.16694086217786,1202.547879528537,0.0,0.0,43.58771657260543,52.083359641694567,496.7216301533737,0.0,0.0,14.720041358140947,17.451807873224973,233.6336124009149,46.43671128874912,31.84959621999255,150.27571951065199,178.47771444926196,2886.579913396225,0.0,0.0,58.34127877490127,69.96587729482516,544.8064824202903,0.0,17.41316255774096,46.0811783430615,22.0,30.0,0.0,17.22035996633165,47.06382962421263,12.0,30.0,0.0,17.320844391863504,46.54619333399245,22.0,30.0,0.0,17.438336310694404,45.92789457056359,12.0,30.0,0.0,15.055906595897037,52.730753527273858,12.0,30.0,0.0,17.694851356154268,44.600596724346299,12.0,30.0,0.0,16.344526699908639,49.07333405600993,10.0,30.0,0.0,14.353814763998516,55.219302435422338,12.0,30.0,0.0,16.629314561381685,47.47542554504381,20.0,30.0,0.0,16.045292733496983,0.0,0.0,0.0,13.306210653174193,0.0,0.0,452.7803031715869,441.0213742804249,453.5043844779481,470.2777176159125,497.56296467074886,826.9656366509498,477.107252321255,533.2848594685714,774.8431241470174,0.0,81.84235298824301,81.84235298824301,60.0,0.0,60.0,60.0,12.0,12.0,12.0,19.0,12.0,12.0,21.0,10.0,0.0,0.0,0.0,0.0,0.0,0.0,0.0,0.0,0.0,0.0,0.0,0.0,0.0,81.84235298824301,81.84235298824301,0.0,0.0,0.0,81.84235298824301,0.0,0.0,0.0013499999999999999 
 02/23  02:40:00,8.790000000000001,84.0,8.86,0.0,0.0,0.0,0.0,0.0,2.0,2.0,0.0,0.0,0.0,0.0,0.0,318.0,0.0,0.0,0.0,0.0,0.0,0.0,0.0,0.0,0.0,0.0,0.0,17.453249355904764,-141.22507605913189,17.593673244839594,-136.73804202963653,17.511800803368688,-205.72543618701753,17.51705811677575,-118.19920950669962,15.021334485611428,8.142528604160049,17.481417803343299,-25.749685172267705,16.26944018444489,9.610844014548548,14.547346831424673,-91.27716418520379,16.499996700269734,-42.764029069914958,426.04617936979369,377.23368078794877,0.0,0.0,0.0,0.0,0.0,0.0,0.0,0.0,0.0,0.0,0.0,0.0,0.0,0.0,0.0,0.0,0.0,0.0,0.0,0.0,0.0,0.0,0.7263906613745288,0.22173097111554602,222.59163597546479,263.8209406236814,3753.4722877742285,0.13589749244220468,0.020741375525367018,122.14837975057896,144.7471507085374,2080.0565528869908,0.6475788452917479,0.12236939631363345,149.58882198572875,177.23110081371017,2547.2759417475929,0.12230671208435959,0.0231116235987074,76.74851883064741,91.01308851290053,1313.277419374583,0.0,0.0,8.926971046928005,10.666086940571049,112.96255346190347,0.0,0.0,11.201449214038697,13.261699447613945,199.1563892138604,0.0,0.0,78.85492376408743,93.79323078982773,1197.6691489800829,0.0,0.0,43.68402545194594,52.31965757259419,490.93333571969188,0.0,0.0,15.81268829378371,18.788252288172989,249.07693368451778,46.415476840851599,31.835032126784374,230.39992850968998,273.95782179028188,4144.435489165133,0.0,0.0,58.40007869620113,70.19884340900757,536.3682674322633,0.0,17.16203663311599,46.98630633663595,22.0,30.0,0.0,17.291811154245097,46.734305909755999,12.0,30.0,0.0,17.28478391457573,46.697509791752029,22.0,30.0,0.0,17.3348731263818,46.47997670953038,12.0,30.0,0.0,15.043288888029935,52.91152312149933,12.0,30.0,0.0,17.665148440552966,44.7952134017675,12.0,30.0,0.0,16.332232247325977,49.25025800028898,10.0,30.0,0.0,14.327448816255629,55.4589140842544,12.0,30.0,0.0,16.622212067653139,47.632363825899229,20.0,30.0,0.0,16.245396760952859,0.0,0.0,0.0,13.28172784128082,0.0,0.0,454.57012203819269,446.8021078138957,457.1004197941696,459.08028205178285,496.1736741859232,823.7515775561132,475.60450335459395,534.8662249910317,765.3306040889349,0.0,81.84235298824301,81.84235298824301,60.0,0.0,60.0,60.0,12.0,12.0,12.0,19.0,12.0,12.0,21.0,10.0,0.0,0.0,0.0,0.0,0.0,0.0,0.0,0.0,0.0,0.0,0.0,0.0,0.0,81.84235298824301,81.84235298824301,0.0,0.0,0.0,81.84235298824301,0.0,0.0,0.0013399999999999999 
 02/23  02:50:00,8.84,84.0,8.84,0.0,0.0,0.0,0.0,0.0,2.0,2.0,0.0,0.0,0.0,0.0,0.0,159.0,0.0,0.0,0.0,0.0,0.0,0.0,0.0,0.0,0.0,0.0,0.0,17.400324973925163,-129.3608402099785,17.618668894504745,-18.122236798744355,17.508191658309018,-35.76839431940061,17.40317012521185,-211.0388126302032,15.002835602331168,8.175423888590217,17.442722747079175,-26.08941713041935,16.236453074470817,19.14063634991271,14.51152082985518,-89.20217050069982,16.487981136821995,-44.66871768832846,343.2049698648925,375.72687736755486,0.0,0.0,0.0,0.0,0.0,0.0,0.0,0.0,0.0,0.0,0.0,0.0,0.0,0.0,0.0,0.0,0.0,0.0,0.0,0.0,0.0,0.0,0.7106868288109673,0.2169373714319192,83.52837380073824,98.82875641170692,1396.9064451049445,0.12843808727775059,0.019602882673649358,7.862188970375689,9.293380968887665,136.81513909442007,0.6772623446201119,0.12797852317084508,153.3598664416195,181.32202060568597,2622.9383570961497,0.11721368083305449,0.02214922162378202,122.51175596535602,144.9340401687982,2041.6015082292204,0.0,0.0,8.996261133269704,10.723245339084395,112.59896038404611,0.0,0.0,11.195304639035552,13.225089024638809,197.0326130044986,0.0,0.0,79.90965728019015,94.82498413261318,1200.4855728438388,0.0,0.0,43.77365225424897,52.31010081769792,484.3615221058446,0.0,0.0,15.90008110680921,18.84931286438768,248.51050518159279,46.27063598064035,31.735689973004367,144.77250920345458,171.940547474475,2746.080488168178,0.0,0.0,58.42763033166298,70.07059295035104,528.0769748099855,0.0,17.116053314917534,47.38597453239702,22.0,30.0,0.0,17.39347430194024,46.6089599945455,12.0,30.0,0.0,17.34519439765621,46.33444342231519,22.0,30.0,0.0,17.14993975537252,47.353661053097059,12.0,30.0,0.0,15.02265999472774,53.21539020355102,12.0,30.0,0.0,17.62107633009124,45.12734262951439,12.0,30.0,0.0,16.298169307031008,49.31680426880642,10.0,30.0,0.0,14.289439182019582,55.76551763336015,12.0,30.0,0.0,16.608566803967717,47.89355685724649,20.0,30.0,0.0,15.995350596779128,0.0,0.0,0.0,13.257914798696634,0.0,0.0,450.5756141735795,444.9942064112748,465.23638997147295,447.59390455512286,494.88947184206509,816.5146846107219,481.4965973043229,539.0229903646272,753.383820403421,0.0,81.84235298824301,81.84235298824301,60.0,0.0,60.0,60.0,12.0,12.0,12.0,19.0,12.0,12.0,21.0,10.0,0.0,0.0,0.0,0.0,0.0,0.0,0.0,0.0,0.0,0.0,0.0,0.0,0.0,81.84235298824301,81.84235298824301,0.0,0.0,0.0,81.84235298824301,0.0,0.0,0.0013399999999999999 
 02/23  03:00:00,8.89,84.0,8.82,0.0,0.0,0.0,0.0,0.0,2.0,2.0,0.0,0.0,0.0,0.0,0.0,318.0,0.0,0.0,0.0,0.0,0.0,0.0,0.0,0.0,0.0,0.0,0.0,17.391613761949736,-92.14430239009517,17.539938684199944,-197.79890474696797,17.38117123497055,-225.24856122235497,17.39838606248545,-72.14448927954686,14.987985466247928,7.769039872881649,17.413279841922035,-24.952347380923244,16.20660509767919,12.68466362225854,14.48283799470363,-90.12759263043836,16.477471419207715,-45.62006558457827,418.52426265754959,375.4906997359384,0.0,0.0,0.0,0.0,0.0,0.0,0.0,0.0,0.0,0.0,0.0,0.0,0.0,0.0,0.0,0.0,0.0,0.0,0.0,0.0,0.0,0.0,0.6713428695873606,0.2049276158691577,188.16458093510756,223.21719203002216,3138.371340453557,0.11124231853274391,0.016978375844435887,80.8425561002851,96.02764437383527,1350.9840917986938,0.6579486003457254,0.12432891162995573,191.43693071839835,227.01849422354875,3169.223960441487,0.13086842281479478,0.024729482769235587,107.7058197411479,127.70844512979338,1796.9225143601896,0.0,0.0,8.879446367656254,10.607742860201352,109.96365697488483,0.0,0.0,11.273837136771612,13.34924651076145,196.64614680952546,0.0,0.0,79.48330112199446,94.53382665590319,1180.837557270706,0.0,0.0,43.847631270701658,52.51932583958997,478.41786358445918,0.0,0.0,16.337203294268258,19.411380643436205,253.29456626039599,46.2450628301858,31.718150089290686,239.08172894494147,284.5251503105765,4201.038839471808,0.0,0.0,58.43842304666477,70.24596360012476,519.6740887230877,0.0,17.165339653137786,47.27407842085664,22.0,30.0,0.0,17.262753169989837,47.30368866180582,12.0,30.0,0.0,17.12861637874895,47.42870002570827,22.0,30.0,0.0,17.21024944568376,47.014938338331649,12.0,30.0,0.0,15.00925610252831,53.36151652062906,12.0,30.0,0.0,17.595112673198007,45.30640108653788,12.0,30.0,0.0,16.267091190771603,49.70617739722143,10.0,30.0,0.0,14.264805660329614,56.033999036181047,12.0,30.0,0.0,16.598769593372283,48.02930183128919,20.0,30.0,0.0,16.202317424236474,0.0,0.0,0.0,13.23762607645288,0.0,0.0,451.0483134694199,440.93886469172187,452.2146646832475,458.23873897809076,495.43140122378977,811.7415208155833,477.659646715579,540.3098524510126,749.3012611809479,0.0,81.84235298824301,81.84235298824301,60.0,0.0,60.0,60.0,12.0,12.0,12.0,19.0,12.0,12.0,21.0,10.0,0.0,0.0,0.0,0.0,0.0,0.0,0.0,0.0,0.0,0.0,0.0,0.0,0.0,81.84235298824301,81.84235298824301,0.0,0.0,0.0,81.84235298824301,0.0,0.0,0.0013399999999999999 
 02/23  03:10:00,8.91,84.16666666666667,8.763333333333334,0.0,0.0,0.0,0.0,0.0,2.0,2.0,0.0,0.0,0.0,0.0,0.0,159.0,0.0,0.0,0.0,0.0,0.0,0.0,0.0,0.0,0.0,0.0,0.0,17.400994848346028,-16.210723863721797,17.420561167767305,-300.69469371883226,17.37318006645563,-131.63400289536117,17.412652052633569,-7.356083627604235,14.969227574186949,7.4359290176249719,17.37666383468923,-23.575486211845545,16.161359033502899,1.1919408383369046,14.448498248098268,-87.93424443920344,16.463480980682449,-45.53835792068975,333.25435214727716,376.36151926064829,0.0,0.0,0.0,0.0,0.0,0.0,0.0,0.0,0.0,0.0,0.0,0.0,0.0,0.0,0.0,0.0,0.0,0.0,0.0,0.0,0.0,0.0,0.6516135003493759,0.1989052198868669,200.9599968006302,237.6259585441614,3364.755229322725,0.10203156933129215,0.015572583841772308,147.40294479592678,174.38203496251306,2414.194696546439,0.633152932834438,0.11964341134437608,52.16764338419884,61.698884974966869,873.9622339582952,0.1215035423755623,0.022959853056606626,3.8838735227620404,4.591975717684903,67.10649548270625,0.0,0.0,8.65202565719287,10.312269467503853,106.46379063149395,0.0,0.0,11.367447432929034,13.428872951426146,196.9879394984287,0.0,0.0,76.55288087768652,90.84994839939019,1125.154296022824,0.0,0.0,43.81969165649684,52.36612678184229,473.3316965610702,0.0,0.0,16.475973745861987,19.530040019604799,254.3416730916202,45.8642543390488,31.456964567248844,146.8383773232452,174.40136017464224,2720.0418414754578,0.0,0.0,58.28168497294574,69.89265982737843,513.973282599209,0.0,17.24404758622423,47.17442392121845,22.0,30.0,0.0,17.078205290065588,48.100952126234947,12.0,30.0,0.0,17.173444803573529,47.54521084524391,22.0,30.0,0.0,17.277384609115694,47.07397060556179,12.0,30.0,0.0,14.988048012976626,53.61592306069218,12.0,30.0,0.0,17.55491984451568,45.611919985475449,12.0,30.0,0.0,16.204723867248935,50.12707814205514,10.0,30.0,0.0,14.22878225863023,56.32849276489761,12.0,30.0,0.0,16.58296529291082,48.257517163198539,20.0,30.0,0.0,15.936055112151156,0.0,0.0,0.0,13.219826058616914,0.0,0.0,448.46519149629878,439.00660076000517,452.48769569520308,451.4079474112776,495.39503358956986,804.7224683292162,476.61913833504169,540.0811353414952,744.8545045408931,0.0,81.84235298824301,81.84235298824301,60.0,0.0,60.0,60.0,12.0,12.0,12.0,19.0,12.0,12.0,21.0,10.0,0.0,0.0,0.0,0.0,0.0,0.0,0.0,0.0,0.0,0.0,0.0,0.0,0.0,81.84235298824301,81.84235298824301,0.0,0.0,0.0,81.84235298824301,0.0,0.0,0.0013399999999999999 
 02/23  03:20:00,8.93,84.33333333333334,8.706666666666667,0.0,0.0,0.0,0.0,0.0,2.0,2.0,0.0,0.0,0.0,0.0,0.0,318.0,0.0,0.0,0.0,0.0,0.0,0.0,0.0,0.0,0.0,0.0,0.0,17.275655207676697,-122.8899408942134,17.411849693048184,-127.82163752604788,17.325196691405563,-196.47863909571357,17.353739594597856,-111.7975074913395,14.954525506931248,7.434426800805852,17.346509847382238,-26.332845980743543,16.13971335719361,7.3614144470541309,14.421273528243454,-88.22542280027256,16.451645212539,-46.64367783052768,391.6416187897048,372.1920053637035,0.0,0.0,0.0,0.0,0.0,0.0,0.0,0.0,0.0,0.0,0.0,0.0,0.0,0.0,0.0,0.0,0.0,0.0,0.0,0.0,0.0,0.0,0.6581056571450905,0.20088695273049163,204.2005322158655,242.04402608442815,3330.0826217055039,0.12356726418147965,0.018859472555170888,112.279422716617,133.07472022888778,1846.588529823126,0.5866037222745864,0.1108472642242227,139.75560137610985,165.60419989975356,2297.116295229075,0.11034789471381987,0.020851831956504128,74.62031362544433,88.50544838919778,1233.1094491419922,0.0,0.0,8.878734901710015,10.607048776417312,108.620447446324,0.0,0.0,11.22192153850399,13.286836266112238,193.32024800355843,0.0,0.0,77.30303235828304,91.95788658642522,1130.8012067888959,0.0,0.0,43.72133643770458,52.36808005623838,468.33209457595879,0.0,0.0,17.652529771228325,20.969245287474786,271.29333636951278,45.61029362896808,31.28278026678196,209.41864889560214,249.03296811983075,3673.902985638486,0.0,0.0,58.0789496289797,69.80905141343024,506.9046166724828,0.0,17.027181527502774,48.00414245430966,22.0,30.0,0.0,17.13848600951136,47.8013495673771,12.0,30.0,0.0,17.12925147076783,47.79126815809375,22.0,30.0,0.0,17.180624934887779,47.57537669072801,12.0,30.0,0.0,14.974997188173865,53.796218561746218,12.0,30.0,0.0,17.526852707500408,45.79942481293139,12.0,30.0,0.0,16.19195728003742,50.30546465560684,10.0,30.0,0.0,14.206128786183048,56.548638031691769,12.0,30.0,0.0,16.571785154654966,48.425100062245707,20.0,30.0,0.0,16.09935885230403,0.0,0.0,0.0,13.196555135503083,0.0,0.0,449.11327954356309,443.7587358890784,449.78646480763435,448.61806047790926,495.05849707272707,803.3602414816359,475.543915217642,542.6206010367353,737.8388824258025,0.0,81.84235298824301,81.84235298824301,60.0,0.0,60.0,60.0,12.0,12.0,12.0,19.0,12.0,12.0,21.0,10.0,0.0,0.0,0.0,0.0,0.0,0.0,0.0,0.0,0.0,0.0,0.0,0.0,0.0,81.84235298824301,81.84235298824301,0.0,0.0,0.0,81.84235298824301,0.0,0.0,0.0013366666666666664 
 02/23  03:30:00,8.95,84.5,8.65,0.0,0.0,0.0,0.0,0.0,2.0,2.0,0.0,0.0,0.0,0.0,0.0,159.0,0.0,0.0,0.0,0.0,0.0,0.0,0.0,0.0,0.0,0.0,0.0,17.213238329864077,-121.9142295703823,17.431756521262913,-17.631655372175318,17.318269455833734,-32.00087906059707,17.241921823658467,-205.5822089658518,14.935830206260011,7.407808568212147,17.309008337495955,-26.859414205366137,16.10659049813578,14.29831643989337,14.388869410543162,-86.39938703123676,16.436603448968378,-47.247478681793158,325.31733412965698,370.84416795661698,0.0,0.0,0.0,0.0,0.0,0.0,0.0,0.0,0.0,0.0,0.0,0.0,0.0,0.0,0.0,0.0,0.0,0.0,0.0,0.0,0.0,0.0,0.6462367668310741,0.19726397033915572,81.33938578754001,96.24865007776387,1315.8325756111024,0.11581459373185554,0.017676220044544497,7.918247388073451,9.360861166032882,133.15484835539204,0.6148107344908996,0.11617738746993572,152.423738223792,180.23760984272065,2522.0824154763838,0.10466994839392653,0.01977890181291128,121.9731771193859,144.308300615635,1968.7343226204735,0.0,0.0,8.905131282908686,10.612554240956609,108.24030745761499,0.0,0.0,11.374764972631688,13.43745647978519,194.6087443327857,0.0,0.0,77.4467001059603,91.90697209654442,1124.533191991988,0.0,0.0,43.7675022058582,52.301544214441,464.260016571747,0.0,0.0,18.10152148753606,21.45355636776106,276.93232021197329,45.23824357701789,31.027601904676204,144.13148877563214,171.15974336933238,2643.8627704754196,0.0,0.0,58.006981450346589,69.55630417400738,501.6018895763293,0.0,16.95792995371284,48.48122757397897,22.0,30.0,0.0,17.22727333853399,47.707047024166339,12.0,30.0,0.0,17.17917058975586,47.45758721745252,22.0,30.0,0.0,16.99760666244764,48.445918469726198,12.0,30.0,0.0,14.953910471514874,54.10127161134803,12.0,30.0,0.0,17.484153396492844,46.12182634464604,12.0,30.0,0.0,16.156395022163016,50.39743151203443,10.0,30.0,0.0,14.172578281309243,56.850443265793028,12.0,30.0,0.0,16.55462019044349,48.70030192146004,20.0,30.0,0.0,15.899855673671642,0.0,0.0,0.0,13.175411504173692,0.0,0.0,447.5763196090077,442.6056165860599,455.1557274443196,442.2151164293398,495.06413683846128,798.8881125762156,478.93010425763625,546.1122863304287,728.1964573811866,0.0,81.84235298824301,81.84235298824301,60.0,0.0,60.0,60.0,12.0,12.0,12.0,19.0,12.0,12.0,21.0,10.0,0.0,0.0,0.0,0.0,0.0,0.0,0.0,0.0,0.0,0.0,0.0,0.0,0.0,81.84235298824301,81.84235298824301,0.0,0.0,0.0,81.84235298824301,0.0,0.0,0.0013333333333333336 
 02/23  03:40:00,8.969999999999999,84.66666666666667,8.593333333333334,0.0,0.0,0.0,0.0,0.0,2.0,2.0,0.0,0.0,0.0,0.0,0.0,318.0,0.0,0.0,0.0,0.0,0.0,0.0,0.0,0.0,0.0,0.0,0.0,17.20629762186465,-80.89725884936706,17.356114327056603,-184.98638088878588,17.199357864148398,-209.61858962053294,17.23744326635949,-68.08554757665479,14.920783127867186,6.884372941176281,17.28027705236422,-26.059710117635264,16.076016817164498,7.6540268106437,14.362644070237977,-87.04097358663432,16.423982836846393,-48.53991270874326,388.673309912027,368.70920980360338,0.0,0.0,0.0,0.0,0.0,0.0,0.0,0.0,0.0,0.0,0.0,0.0,0.0,0.0,0.0,0.0,0.0,0.0,0.0,0.0,0.0,0.0,0.6076639575868594,0.1854896085429974,180.68677266054335,214.37982627677753,2927.141895089452,0.09864157920584639,0.015055186081478387,79.55556080132929,94.50815109600878,1291.7489879955977,0.5933629716577829,0.11212452223314115,182.27868672077558,216.1791631364252,2932.3634608767099,0.11790781850688979,0.022280388984673047,102.9782984180205,122.10820633961632,1669.8647181964419,0.0,0.0,8.73572240504157,10.433789069668223,105.54284151445512,0.0,0.0,11.58385456683004,13.716370521160258,197.06698277126879,0.0,0.0,76.85004892461444,91.40522893090827,1107.3375138681798,0.0,0.0,43.68167646313783,52.31776848681889,459.477731694357,0.0,0.0,18.209182131852278,21.63003077886919,277.3028334299205,44.969406102238128,30.84321406189173,229.29902099195918,272.88659597973438,3925.9140958746768,0.0,0.0,57.78792725223387,69.4529898579964,494.6258103889967,0.0,17.007349148902518,48.36639206484871,22.0,30.0,0.0,17.102284064634163,48.4011409464119,12.0,30.0,0.0,16.97658980255765,48.51329512817432,22.0,30.0,0.0,17.056370233202978,48.112724642105508,12.0,30.0,0.0,14.940048428080824,54.25078931448802,12.0,30.0,0.0,17.45877662753253,46.29660690705011,12.0,30.0,0.0,16.123311551656543,50.78690995158071,10.0,30.0,0.0,14.150641658907454,57.11230427908794,12.0,30.0,0.0,16.542664680380278,48.838054673574998,20.0,30.0,0.0,16.075861177957646,0.0,0.0,0.0,13.153615467181235,0.0,0.0,447.1989311026963,439.45224781510538,447.8424066765883,449.17654778165436,495.81615648938739,795.6334608657294,477.7521201677789,548.1988099796238,727.3603592037889,0.0,81.84235298824301,81.84235298824301,60.0,0.0,60.0,60.0,12.0,12.0,12.0,19.0,12.0,12.0,21.0,10.0,0.0,0.0,0.0,0.0,0.0,0.0,0.0,0.0,0.0,0.0,0.0,0.0,0.0,81.84235298824301,81.84235298824301,0.0,0.0,0.0,81.84235298824301,0.0,0.0,0.00133 
 02/23  03:50:00,8.99,84.83333333333334,8.536666666666667,0.0,0.0,0.0,0.0,0.0,2.0,2.0,0.0,0.0,0.0,0.0,0.0,159.0,0.0,0.0,0.0,0.0,0.0,0.0,0.0,0.0,0.0,0.0,0.0,17.212874447622,-13.329364871015969,17.241632409580526,-282.9362592219386,17.19292500766368,-117.54374348177476,17.250379714983248,-10.077042353362174,14.901858688237934,6.597893587096792,17.244995946523696,-24.801797696143013,16.032762713297666,-1.5865985587774958,14.331172625907719,-85.20081431326298,16.408243023957234,-47.593144075465719,307.6064714540871,369.4552281616743,0.0,0.0,0.0,0.0,0.0,0.0,0.0,0.0,0.0,0.0,0.0,0.0,0.0,0.0,0.0,0.0,0.0,0.0,0.0,0.0,0.0,0.0,0.5881089650849375,0.17952044111261829,191.6645256582542,226.65359219902599,3113.7628578527599,0.09049084098024503,0.013811178415788314,142.4789077603934,168.5625559783725,2267.0080817153909,0.573564947620153,0.10838339902119297,47.73397113714038,56.45735214552909,777.201050770862,0.10856765230537283,0.02051542938499108,5.008310024728305,5.921695418123927,83.30006393352329,0.0,0.0,8.52658899519057,10.160287901722688,102.3358209471132,0.0,0.0,11.640922696208467,13.751569118278148,196.73993068686444,0.0,0.0,74.11762369617841,87.95957399868884,1056.7183923892579,0.0,0.0,43.62166372280072,52.12448261500418,454.3588859161021,0.0,0.0,19.136278866029433,22.676757478186393,290.0650935699176,44.596916609279947,30.587734299917668,139.2987162830831,165.43108555504376,2523.090514057351,0.0,0.0,57.601481155463549,69.06405576057299,488.65739389413246,0.0,17.07586345569039,48.30131051512295,22.0,30.0,0.0,16.924216363706845,49.20683397083496,12.0,30.0,0.0,17.020565181225487,48.59577208481488,22.0,30.0,0.0,17.11864397431804,48.193742753814159,12.0,30.0,0.0,14.918454259344822,54.51322378641888,12.0,30.0,0.0,17.419697562341296,46.59847549152022,12.0,30.0,0.0,16.064543058398436,51.20321145364309,10.0,30.0,0.0,14.117820726021416,57.40729191347821,12.0,30.0,0.0,16.52489799263145,49.08811939513542,20.0,30.0,0.0,15.819248410887063,0.0,0.0,0.0,13.134840276242722,0.0,0.0,445.45505098448646,437.8702492564454,451.816732279556,444.44427030376598,496.3523254318839,791.2354937871811,477.84006513006389,548.1347501717606,721.8568322294485,0.0,81.84235298824301,81.84235298824301,60.0,0.0,60.0,60.0,12.0,12.0,12.0,19.0,12.0,12.0,21.0,10.0,0.0,0.0,0.0,0.0,0.0,0.0,0.0,0.0,0.0,0.0,0.0,0.0,0.0,81.84235298824301,81.84235298824301,0.0,0.0,0.0,81.84235298824301,0.0,0.0,0.0013599999999999999 
 02/23  04:00:00,9.01,85.0,8.48,0.0,0.0,0.0,0.0,0.0,2.0,2.0,0.0,0.0,0.0,0.0,0.0,318.0,0.0,0.0,0.0,0.0,0.0,0.0,0.0,0.0,0.0,0.0,0.0,17.100979712235899,-108.97964652770725,17.233601407388073,-115.60650313142469,17.146357523928925,-184.86484173839063,17.193093885085739,-108.91300634992945,14.887133009867469,6.582094668114806,17.216106625467149,-27.449297203664658,16.011499477229859,4.472652732879396,14.305945276542897,-85.62912740269121,16.395140375624398,-49.22547859234248,359.7299633892044,365.6210643423359,0.0,0.0,0.0,0.0,0.0,0.0,0.0,0.0,0.0,0.0,0.0,0.0,0.0,0.0,0.0,0.0,0.0,0.0,0.0,0.0,0.0,0.0,0.5934577010958844,0.18115314441266312,190.2162755388582,225.4761438424073,3015.925352844527,0.11232904491497418,0.01714423762438556,105.21229172386099,124.71464232863417,1680.9315495629635,0.5269389258509523,0.0995727373112155,132.63322669215376,157.1735008821011,2117.970556748389,0.09837837698377768,0.018590018326488594,73.40602307039467,87.07653696187308,1178.2963785251798,0.0,0.0,8.747664292930076,10.448168256618223,104.36376887021098,0.0,0.0,11.51497305328268,13.634022142983959,193.46006154069824,0.0,0.0,75.0267860943043,89.25087982280954,1064.396726772391,0.0,0.0,43.50117129978777,52.10052189829486,449.3286302274892,0.0,0.0,19.723071074756019,23.423138307153928,297.5550406141616,44.34268562349648,30.413364625169068,194.06554523166046,230.7748058952407,3332.2631266198525,0.0,0.0,57.379874303146987,68.95792514632893,481.5408498527564,0.0,16.884385083732249,49.06393437901518,22.0,30.0,0.0,16.98143324703038,48.90718967901461,12.0,30.0,0.0,16.97516262638662,48.89175544097819,22.0,30.0,0.0,17.024534217983736,48.6912961534066,12.0,30.0,0.0,14.905272419746748,54.69745103668549,12.0,30.0,0.0,17.392667557681578,46.78527985861712,12.0,30.0,0.0,16.051619673319725,51.388776238639099,10.0,30.0,0.0,14.096767774472728,57.62975544360526,12.0,30.0,0.0,16.51237627501233,49.26192727755151,20.0,30.0,0.0,15.965009475004214,0.0,0.0,0.0,13.11135541396115,0.0,0.0,446.91924548015876,441.84095226697948,447.0286326643491,443.5409232504335,496.5453488375902,791.009355474532,477.1325210802263,550.9736167668079,717.4371402618488,0.0,81.84235298824301,81.84235298824301,60.0,0.0,60.0,60.0,12.0,12.0,12.0,19.0,12.0,12.0,21.0,10.0,0.0,0.0,0.0,0.0,0.0,0.0,0.0,0.0,0.0,0.0,0.0,0.0,0.0,81.84235298824301,81.84235298824301,0.0,0.0,0.0,81.84235298824301,0.0,0.0,0.0013900000000000002 
 02/23  04:10:00,8.99,85.00000000000002,8.468333333333334,0.0,0.0,0.0,0.0,0.0,2.0,2.0,0.0,0.0,0.0,0.0,0.0,159.0,0.0,0.0,0.0,0.0,0.0,0.0,0.0,0.0,0.0,0.0,0.0,17.04114576929267,-108.78163206895124,17.25039758359518,-17.094925619539823,17.137140825286929,-29.16739967794001,17.085146684035196,-198.0821077939272,14.868406146293383,6.563406257619533,17.17909367296007,-27.6023722916579,15.980107438191612,10.327991955735797,14.27508967264357,-84.05796771304563,16.378079278255208,-49.52820333532293,301.84040605587327,365.22374210086198,0.0,0.0,0.0,0.0,0.0,0.0,0.0,0.0,0.0,0.0,0.0,0.0,0.0,0.0,0.0,0.0,0.0,0.0,0.0,0.0,0.0,0.0,0.5959482906519786,0.18191339763491413,75.14110064794159,88.91980971699872,1188.2737036742458,0.1060040707934204,0.016178887483733276,7.941224459112368,9.389344739181814,130.1157098480714,0.5652146119799149,0.10680548223354404,145.36789452936189,171.91641913660093,2346.6288523621185,0.095040776114184,0.017959330331478456,119.812918591754,141.76421048051169,1888.9602967783058,0.0,0.0,8.758316725293203,10.435767000113272,104.51015208227916,0.0,0.0,11.617315225925389,13.724452665422934,194.77928184696723,0.0,0.0,75.25442541214916,89.31026923995658,1065.9920544035968,0.0,0.0,43.56102425924504,52.05268000382226,449.09878149875848,0.0,0.0,20.198320107678133,23.933470828586907,304.877586734965,44.13205230772787,30.268897330403214,136.1139390285186,161.64267528022479,2455.902355135702,0.0,0.0,57.38330121431304,68.8003408295094,481.62042321438278,0.0,16.81657798026001,49.54451351529291,22.0,30.0,0.0,17.06273196979637,48.831005427482427,12.0,30.0,0.0,17.01718832371675,48.58781450816278,22.0,30.0,0.0,16.849359322530359,49.54690284040847,12.0,30.0,0.0,14.884023450928094,55.011772409858028,12.0,30.0,0.0,17.351398229304967,47.10895643858623,12.0,30.0,0.0,16.018344729672898,51.49095292849777,10.0,30.0,0.0,14.064900768402218,57.94139761059608,12.0,30.0,0.0,16.49313029742283,49.549622479122408,20.0,30.0,0.0,15.771610678601384,0.0,0.0,0.0,13.090102567916725,0.0,0.0,446.8498050910246,441.25281417503018,450.99475960626457,440.32754648283528,497.2585017034516,788.9826836136358,479.88691015762518,553.5476780783794,710.5032716120471,0.0,81.84235298824301,81.84235298824301,60.0,0.0,60.0,60.0,12.0,12.0,12.0,19.0,12.0,12.0,21.0,10.0,0.0,0.0,0.0,0.0,0.0,0.0,0.0,0.0,0.0,0.0,0.0,0.0,0.0,81.84235298824301,81.84235298824301,0.0,0.0,0.0,81.84235298824301,0.0,0.0,0.0014199999999999999 
 02/23  04:20:00,8.97,85.0,8.456666666666667,0.0,0.0,0.0,0.0,0.0,2.0,2.0,0.0,0.0,0.0,0.0,0.0,318.0,0.0,0.0,0.0,0.0,0.0,0.0,0.0,0.0,0.0,0.0,0.0,17.02951311952762,-76.0404900771673,17.177015388717839,-173.14787205696244,17.02612346004775,-196.6972358238895,17.078573253714507,-67.30695972978515,14.853365948610924,6.118394958465188,17.150000358678665,-26.877033339246965,15.950948908003664,4.312040577936386,14.24973063006135,-84.86805501324,16.363753971435864,-50.974381338910237,367.2155215423677,363.96683960455848,0.0,0.0,0.0,0.0,0.0,0.0,0.0,0.0,0.0,0.0,0.0,0.0,0.0,0.0,0.0,0.0,0.0,0.0,0.0,0.0,0.0,0.0,0.5703425147392597,0.17409722672138576,170.90126027866857,202.81675308613638,2715.6489463710815,0.09240494748084224,0.01410331921258276,76.2387367441116,90.58908832303092,1214.4641536239977,0.5570060050216481,0.10525434713183074,173.0698100277948,205.29340748643325,2733.589793373611,0.11048898952103692,0.0208784938626298,99.46657982824223,117.96455483785468,1582.7634047889588,0.0,0.0,8.618514856761842,10.293048589388468,102.91339489400173,0.0,0.0,11.789774870957434,13.962018245024265,197.49366202096759,0.0,0.0,74.68426126741005,88.84324788352497,1055.9859940625996,0.0,0.0,43.49097071141961,52.0922144251182,448.12610344680629,0.0,0.0,20.20575240594976,23.99936018317363,305.1590049573755,44.0198388254645,30.191933350798707,217.377211195883,258.74131171210265,3668.8976126504537,0.0,0.0,57.24249802817275,68.79653205540839,479.8361522583791,0.0,16.8518379659006,49.4552550019472,22.0,30.0,0.0,16.943587283276029,49.48634265869963,12.0,30.0,0.0,16.82851968687381,49.58989747071089,22.0,30.0,0.0,16.90328262003957,49.20752045075473,12.0,30.0,0.0,14.870081737514643,55.17078363492807,12.0,30.0,0.0,17.32624686831138,47.28796895738829,12.0,30.0,0.0,15.987272104605662,51.877102133530517,10.0,30.0,0.0,14.04358040133662,58.21221740893452,12.0,30.0,0.0,16.47974188953883,49.699279630256928,20.0,30.0,0.0,15.937356261117767,0.0,0.0,0.0,13.066114244785066,0.0,0.0,445.80501104205737,438.67557067883356,446.3368034616206,445.7645561612684,498.08628020760809,786.9816314070527,479.5888777390981,555.0669999572592,710.2271459729351,0.0,81.84235298824301,81.84235298824301,60.0,0.0,60.0,60.0,12.0,12.0,12.0,19.0,12.0,12.0,21.0,10.0,0.0,0.0,0.0,0.0,0.0,0.0,0.0,0.0,0.0,0.0,0.0,0.0,0.0,81.84235298824301,81.84235298824301,0.0,0.0,0.0,81.84235298824301,0.0,0.0,0.0014333333333333334 
 02/23  04:30:00,8.95,85.0,8.445,0.0,0.0,0.0,0.0,0.0,2.0,2.0,0.0,0.0,0.0,0.0,0.0,159.0,0.0,0.0,0.0,0.0,0.0,0.0,0.0,0.0,0.0,0.0,0.0,17.03258311559587,-10.78672944435857,17.063880798412698,-268.04272969240176,17.01137490348527,-118.44751710545506,17.088568433111285,-10.914839187906125,14.834384042049566,5.883144752145057,17.11398655231907,-25.689602759816525,15.909292627704545,-3.9756789589528127,14.219029318580983,-83.13783754523115,16.345779830488114,-50.16444592664163,297.9561653829205,365.31472051832477,0.0,0.0,0.0,0.0,0.0,0.0,0.0,0.0,0.0,0.0,0.0,0.0,0.0,0.0,0.0,0.0,0.0,0.0,0.0,0.0,0.0,0.0,0.5624072336775848,0.17167497975506255,189.04414583693223,223.6188884440846,3024.75086044035,0.08688844465780388,0.013261362127259445,138.2303646364222,163.5805919232343,2168.1868492832038,0.5473859566037567,0.10343649973615965,49.44167477857185,58.494780382793909,791.859879257155,0.10368698793863913,0.019593157206847905,5.411658080853353,6.400295395014515,88.51940361285327,0.0,0.0,8.424550609201426,10.038317595912016,100.60828603228221,0.0,0.0,11.862826234694545,14.016112951694682,198.35298454621708,0.0,0.0,72.42074404712909,85.96158647180808,1019.2588123291226,0.0,0.0,43.4169524701792,51.884570990643009,446.49401823547648,0.0,0.0,21.048537135143524,24.94117559929402,318.0057799928803,43.80808575152352,30.04669804631244,138.59692057867623,164.62580491322573,2473.5610686864145,0.0,0.0,57.098055054063127,68.46341067744413,478.32830644603208,0.0,16.910909076268398,49.41208995749262,22.0,30.0,0.0,16.768542837612214,50.218538895302447,12.0,30.0,0.0,16.85334902890651,49.681492215570319,22.0,30.0,0.0,16.960646829951395,49.269551789273219,12.0,30.0,0.0,14.848277702879095,55.44570748363887,12.0,30.0,0.0,17.28699405336766,47.59491551469214,12.0,30.0,0.0,15.931156496500967,52.258436146875038,10.0,30.0,0.0,14.011400493921098,58.517787861624189,12.0,30.0,0.0,16.45952723185844,49.96146202217805,20.0,30.0,0.0,15.698160656820442,0.0,0.0,0.0,13.041822465639893,0.0,0.0,444.52565092102386,437.47020425862976,450.9855901987212,441.8110782914807,498.8122233477197,783.9697916748199,479.98125540826467,555.3371820398915,706.3466381447245,0.0,81.84235298824301,81.84235298824301,60.0,0.0,60.0,60.0,12.0,12.0,12.0,19.0,12.0,12.0,21.0,10.0,0.0,0.0,0.0,0.0,0.0,0.0,0.0,0.0,0.0,0.0,0.0,0.0,0.0,81.84235298824301,81.84235298824301,0.0,0.0,0.0,81.84235298824301,0.0,0.0,0.0014466666666666667 
 02/23  04:40:00,8.93,85.0,8.433333333333334,0.0,0.0,0.0,0.0,0.0,2.0,2.0,0.0,0.0,0.0,0.0,0.0,318.0,0.0,0.0,0.0,0.0,0.0,0.0,0.0,0.0,0.0,0.0,0.0,16.921799296627776,-104.36803405786987,17.05177331705569,-111.16439930130764,16.966350839742085,-174.8517762568904,17.027266661679819,-111.40196972622664,14.819551738452445,5.81089207360381,17.084105502469016,-28.13548737890497,15.88759099302353,0.6348518625698034,14.193798903163192,-84.32802807683902,16.330940684064414,-51.692995801857197,354.95269494775678,363.12797546701588,0.0,0.0,0.0,0.0,0.0,0.0,0.0,0.0,0.0,0.0,0.0,0.0,0.0,0.0,0.0,0.0,0.0,0.0,0.0,0.0,0.0,0.0,0.5792368470079271,0.17681222436139414,189.01464827492186,224.13535021250216,2966.301662921669,0.10905933780085492,0.016645198077053559,104.54168285377209,123.96224499782739,1653.2487938996192,0.5143502424811776,0.09719392337134877,136.25942690757365,161.54417586785875,2154.3683270728008,0.09544546843955057,0.01803580280414787,76.91240157283179,91.27616774092192,1221.9858681121075,0.0,0.0,8.630549970482012,10.30895968410643,103.14922616121933,0.0,0.0,11.768303302755144,13.937814466015308,196.5418200370355,0.0,0.0,73.19048784426039,87.09154086283698,1030.6510153122829,0.0,0.0,43.305411243472018,51.87599207802219,445.05947463315627,0.0,0.0,21.60057822105007,25.65443066893474,326.5025176431101,43.70179349183825,29.973795261891817,198.7612732910367,236.43389884282483,3368.6600773318057,0.0,0.0,56.93851528192379,68.4390886407302,475.6316344928076,0.0,16.720616074098943,50.11123741546956,22.0,30.0,0.0,16.817556767167376,49.91686266112324,12.0,30.0,0.0,16.810474582697386,49.888063173423919,22.0,30.0,0.0,16.86011538521073,49.70722031897581,12.0,30.0,0.0,14.83479422044751,55.63106453770857,12.0,30.0,0.0,17.259590597464194,47.781636223763829,12.0,30.0,0.0,15.916603110004808,52.42756044835597,10.0,30.0,0.0,13.989616680733878,58.75352178661696,12.0,30.0,0.0,16.4456122286589,50.139859466392227,20.0,30.0,0.0,15.843186655172496,0.0,0.0,0.0,13.011157598204627,0.0,0.0,445.94462620647269,441.38284661946445,445.97926281405196,442.24135291728177,499.0865057284976,784.1331176055721,479.27960671658379,557.2218011333232,702.7611431386852,0.0,81.84235298824301,81.84235298824301,60.0,0.0,60.0,60.0,12.0,12.0,12.0,19.0,12.0,12.0,21.0,10.0,0.0,0.0,0.0,0.0,0.0,0.0,0.0,0.0,0.0,0.0,0.0,0.0,0.0,81.84235298824301,81.84235298824301,0.0,0.0,0.0,81.84235298824301,0.0,0.0,0.0014600000000000002 
 02/23  04:50:00,8.91,85.0,8.421666666666667,0.0,0.0,0.0,0.0,0.0,2.0,2.0,0.0,0.0,0.0,0.0,0.0,159.0,0.0,0.0,0.0,0.0,0.0,0.0,0.0,0.0,0.0,0.0,0.0,16.857411626109113,-107.84351850607072,17.06398477848044,-15.907357009852604,16.956588288634508,-27.468767841596674,16.92044704243001,-194.35879618042464,14.800720783062687,5.817440272425415,17.046878358734998,-28.348929305226308,15.856208418436779,6.3275692537954459,14.162993695196997,-82.97682332737623,16.312047030130125,-52.089716605509469,300.7819620283608,363.7686941284039,0.0,0.0,0.0,0.0,0.0,0.0,0.0,0.0,0.0,0.0,0.0,0.0,0.0,0.0,0.0,0.0,0.0,0.0,0.0,0.0,0.0,0.0,0.5807017109935749,0.1772593745401633,77.13525404594195,91.31919534894976,1205.1751585470773,0.10406679393034893,0.015883210306829815,7.756847192128774,9.175241660423872,125.6957177079342,0.5511825804241315,0.10415392676192965,150.15041742910857,177.6398573684256,2397.846205480685,0.09185644555839032,0.017357604980799376,121.6662104736349,144.01362521521294,1899.1536076935529,0.0,0.0,8.65123676462093,10.308572521708252,103.41145280951355,0.0,0.0,11.860301027711126,14.015038181693324,197.6581354871523,0.0,0.0,73.5228088643454,87.27791887481364,1033.649869157159,0.0,0.0,43.338716373713868,51.795647275925258,444.4602693554505,0.0,0.0,22.042709406301765,26.11950198166671,333.25225566828387,43.49095607695068,29.829187981447665,141.96918180872735,168.63797659181797,2516.1423069812606,0.0,0.0,56.90887426944405,68.24390260124389,474.31171011109236,0.0,16.641707829256533,50.48869801110277,22.0,30.0,0.0,16.889181615781096,49.773938276513529,12.0,30.0,0.0,16.84882437262272,49.651623604262457,22.0,30.0,0.0,16.68798888149132,50.414445070033078,12.0,30.0,0.0,14.813284131013808,55.92152873738095,12.0,30.0,0.0,17.21782562405179,48.077293671941969,12.0,30.0,0.0,15.88270842684952,52.563283785347298,10.0,30.0,0.0,13.956611107388906,59.06718075875631,12.0,30.0,0.0,16.424001866096103,50.41183557266936,20.0,30.0,0.0,15.660642834333718,0.0,0.0,0.0,12.980042641765233,0.0,0.0,446.51161155105708,441.13643588072588,449.62394702444228,439.8630492024757,499.8479059920159,782.8439316891937,481.2393757603631,559.1384039359454,697.4824149383762,0.0,81.84235298824301,81.84235298824301,60.0,0.0,60.0,60.0,12.0,12.0,12.0,19.0,12.0,12.0,21.0,10.0,0.0,0.0,0.0,0.0,0.0,0.0,0.0,0.0,0.0,0.0,0.0,0.0,0.0,81.84235298824301,81.84235298824301,0.0,0.0,0.0,81.84235298824301,0.0,0.0,0.0015166666666666667 
 02/23  05:00:00,8.89,85.0,8.41,0.0,0.0,0.0,0.0,0.0,2.0,2.0,0.0,0.0,0.0,0.0,0.0,318.0,0.0,0.0,0.0,0.0,0.0,0.0,0.0,0.0,0.0,0.0,0.0,16.84855490019008,-70.3135920863017,16.992736161281309,-163.68367125151065,16.846209280042776,-191.46323559853318,16.911469391650983,-71.6041737989915,14.78557820196763,5.258957083373346,17.01792184550046,-27.603930309137696,15.825788556725009,-0.6569453422241622,14.13742100781199,-84.85008810739612,16.296512863101165,-53.5640289721577,362.09057554711628,363.42477796021628,0.0,0.0,0.0,0.0,0.0,0.0,0.0,0.0,0.0,0.0,0.0,0.0,0.0,0.0,0.0,0.0,0.0,0.0,0.0,0.0,0.0,0.0,0.5543097284268912,0.16920321380552234,173.24973764337666,205.69864070383324,2722.589609571096,0.09008406465315006,0.013749094116781144,75.72981401473033,90.02600404971995,1193.6698109726343,0.5393681034018094,0.10192141031780226,181.6666301831965,215.57979464949256,2837.9173923550836,0.10609754120034581,0.020048666137631477,104.5537594065108,124.03714461534601,1645.888066693146,0.0,0.0,8.483333981572198,10.132252797918495,101.47012434259833,0.0,0.0,12.021860464764739,14.24083156490072,200.16819152734673,0.0,0.0,72.54899736192903,86.33012957400234,1017.7372658383717,0.0,0.0,43.24274825753149,51.80553200153183,443.08741769392568,0.0,0.0,22.165424888710676,26.328145806801979,335.23735346457115,43.369191252607247,29.745673012762184,226.01088117875194,269.0902360825785,3757.9000071230559,0.0,0.0,56.73321322338175,68.20103383346468,471.1399892826203,0.0,16.681855843808955,50.37396606569558,22.0,30.0,0.0,16.774364615874494,50.267988439423778,12.0,30.0,0.0,16.659851832139439,50.481850738716548,22.0,30.0,0.0,16.73627389127349,50.154241819239029,12.0,30.0,0.0,14.799096638183788,56.07147534913754,12.0,30.0,0.0,17.192631820515645,48.239233164769917,12.0,30.0,0.0,15.849244941100013,52.838784329785017,10.0,30.0,0.0,13.933685202800842,59.3145148151378,12.0,30.0,0.0,16.409369868604509,50.55615748438788,20.0,30.0,0.0,15.816375142495407,0.0,0.0,0.0,12.946280846639532,0.0,0.0,445.5820005637965,438.93017229566967,446.03526008335407,444.89095158460227,500.57662849271449,781.1737007524208,481.6990205648127,560.5008315617715,697.0752659523583,0.0,81.84235298824301,81.84235298824301,60.0,0.0,60.0,60.0,12.0,12.0,12.0,19.0,12.0,12.0,21.0,10.0,0.0,0.0,0.0,0.0,0.0,0.0,0.0,0.0,0.0,0.0,0.0,0.0,0.0,81.84235298824301,81.84235298824301,0.0,0.0,0.0,81.84235298824301,0.0,0.0,0.0015733333333333335 
 02/23  05:10:00,8.921666666666667,84.83333333333334,8.453333333333334,0.0,0.0,0.0,0.0,0.0,2.0,2.0,0.0,0.0,0.0,0.0,0.0,159.0,0.0,0.0,0.0,0.0,0.0,0.0,0.0,0.0,0.0,0.0,0.0,16.851593734474617,-9.254204181788737,16.888675435815544,-247.97125403136125,16.826996686515728,-121.95626911367663,16.920779471365039,-10.662423887036625,14.766653569118546,5.081167293123542,16.983371261157694,-26.62019924424868,15.784993643558817,-7.411907360487476,14.10659794856776,-83.39858184342597,16.277491905387053,-53.11576630371542,290.82135590530927,365.7558578708706,0.0,0.0,0.0,0.0,0.0,0.0,0.0,0.0,0.0,0.0,0.0,0.0,0.0,0.0,0.0,0.0,0.0,0.0,0.0,0.0,0.0,0.0,0.5373741753738403,0.16403363106649583,189.09946784964877,223.77401849324134,2971.8985513025716,0.08349764489778867,0.012743840796365794,134.33115531580013,159.02571730759864,2073.8199822904255,0.520385247793515,0.09833432497987817,53.806483784647898,63.68654629208094,844.4970333988395,0.09966932463667666,0.01883396157155643,5.529484646585055,6.542203991027205,88.79776146977297,0.0,0.0,8.323799305856476,9.918349495861295,98.70353325391253,0.0,0.0,12.124939483500573,14.329035083944599,200.26311665999425,0.0,0.0,70.72728491478458,83.97359569537578,980.4200329779593,0.0,0.0,43.18144282159541,51.61097647735724,436.8822378678956,0.0,0.0,22.838179927930427,27.061884312167036,343.0782391850792,43.43140663256587,29.788344741128865,140.79787703673586,167.2840199030279,2463.4009396257918,0.0,0.0,56.65910755320177,67.95153623532933,463.3760035656646,0.0,16.73847922290146,50.26610638027256,22.0,30.0,0.0,16.61387302952641,50.851138450573269,12.0,30.0,0.0,16.673463977442724,50.51818542220372,22.0,30.0,0.0,16.791356915449947,50.10606873900443,12.0,30.0,0.0,14.77740535570588,56.30940711619621,12.0,30.0,0.0,17.153908143123564,48.49617823873571,12.0,30.0,0.0,15.794850349855882,53.12577805942359,10.0,30.0,0.0,13.899405445237117,59.59180150276158,12.0,30.0,0.0,16.387284087986648,50.784821869912978,20.0,30.0,0.0,15.57363114406402,0.0,0.0,0.0,12.914140678759589,0.0,0.0,444.78584116416888,437.85967542224759,450.3839347915021,441.35690346089589,501.321921081804,778.3867958887048,482.1690451403229,561.1898797486795,694.0777412479226,0.0,81.84235298824301,81.84235298824301,60.0,0.0,60.0,60.0,12.0,12.0,12.0,19.0,12.0,12.0,21.0,10.0,0.0,0.0,0.0,0.0,0.0,0.0,0.0,0.0,0.0,0.0,0.0,0.0,0.0,81.84235298824301,81.84235298824301,0.0,0.0,0.0,81.84235298824301,0.0,0.0,0.00163 
 02/23  05:20:00,8.953333333333334,84.66666666666667,8.496666666666667,0.0,0.0,0.0,0.0,0.0,2.0,2.0,0.0,0.0,0.0,0.0,0.0,318.0,0.0,0.0,0.0,0.0,0.0,0.0,0.0,0.0,0.0,0.0,0.0,16.7425157271864,-101.59274398935168,16.87573369755988,-109.75833779122036,16.787957851725893,-162.04606214707293,16.85987467998411,-113.22522107046643,14.751963461111164,4.984777767826614,16.955483733559836,-28.926932835353229,15.763266702118067,-3.308827942370044,14.081671079157954,-85.34843215819388,16.262238470083049,-54.677945529388868,348.210189851397,364.7676717354012,0.0,0.0,0.0,0.0,0.0,0.0,0.0,0.0,0.0,0.0,0.0,0.0,0.0,0.0,0.0,0.0,0.0,0.0,0.0,0.0,0.0,0.0,0.5475859758348545,0.16715078627437564,189.1101583367443,224.3273304345564,2895.172040989608,0.10155272275004743,0.015499499809225798,103.70432677216164,122.99849146310615,1601.4276761902107,0.4854715040076024,0.09173686772630435,140.54894170552539,166.70895664389139,2169.676942125062,0.08917468869359963,0.016850848203628044,79.62089853395523,94.53333436267195,1234.2455937219339,0.0,0.0,8.53102329699663,10.190103551616375,100.35213564159548,0.0,0.0,12.085979359949466,14.317129446327093,198.15431657337053,0.0,0.0,71.57052794753669,85.18520477944205,985.1352280905821,0.0,0.0,43.11210882648794,51.65209394236785,431.26132570110067,0.0,0.0,23.393238853173448,27.783891221151856,349.11300952659789,43.596383034010347,29.901497279842496,204.7961297752325,243.6816558212336,3378.768625864961,0.0,0.0,56.596596245040029,68.04283331104205,455.22549281186607,0.0,16.55021507719261,50.911807771354407,22.0,30.0,0.0,16.654660027975277,50.644772154280108,12.0,30.0,0.0,16.641241638958193,50.652564729400229,22.0,30.0,0.0,16.689302610896726,50.484931292483107,12.0,30.0,0.0,14.764191541786119,56.452790772430869,12.0,30.0,0.0,17.12771897307968,48.64503314776421,12.0,30.0,0.0,15.779940493585315,53.256781873592647,10.0,30.0,0.0,13.876333681818153,59.7969754428327,12.0,30.0,0.0,16.37262666560813,50.92547265804012,20.0,30.0,0.0,15.722572184555194,0.0,0.0,0.0,12.880532119408308,0.0,0.0,445.6722201208715,441.73577830082277,446.0568703277958,441.998852323236,501.58135692165299,778.2540202029093,481.51639810336305,562.5849516938181,691.1621303195607,0.0,81.84235298824301,81.84235298824301,60.0,0.0,60.0,60.0,12.0,12.0,12.0,19.0,12.0,12.0,21.0,10.0,0.0,0.0,0.0,0.0,0.0,0.0,0.0,0.0,0.0,0.0,0.0,0.0,0.0,81.84235298824301,81.84235298824301,0.0,0.0,0.0,81.84235298824301,0.0,0.0,0.0016566666666666666 
 02/23  05:30:00,8.985,84.5,8.54,0.0,0.0,0.0,0.0,0.0,2.0,2.0,0.0,0.0,0.0,0.0,0.0,159.0,0.0,0.0,0.0,0.0,0.0,0.0,0.0,0.0,0.0,0.0,0.0,16.683434781784415,-101.92338945447773,16.886216818850956,-15.419064054035147,16.780960477147766,-27.179014660006943,16.760648021682358,-188.13118111307996,14.733511236732403,5.055044815529328,16.920920022163615,-29.305245081003535,15.732435005111709,2.6737140494610687,14.05122285704936,-84.11744065421681,16.24282682151923,-55.17498457658348,289.3364574262514,365.8511711130584,0.0,0.0,0.0,0.0,0.0,0.0,0.0,0.0,0.0,0.0,0.0,0.0,0.0,0.0,0.0,0.0,0.0,0.0,0.0,0.0,0.0,0.0,0.5416796096102772,0.1653478661814033,75.69212539453791,89.63839860043902,1146.489395599531,0.0967653202276216,0.014768821768562517,7.829613332961745,9.264481972434075,122.90603496019254,0.5131517007328316,0.09696744155949201,148.54802809048449,175.7992968729023,2300.141030869898,0.08422637880380342,0.015915793424754987,121.0500389025083,143.32764966007273,1833.4840931577924,0.0,0.0,8.59352956449223,10.239258532250654,100.21470066649018,0.0,0.0,12.186478190318296,14.402711819230193,198.15349099125755,0.0,0.0,72.23276890247485,85.7628242020018,985.2146539417244,0.0,0.0,43.17658327344468,51.606962869017888,426.33867918117269,0.0,0.0,23.759842727593843,28.152893219827435,352.12718866083437,43.66208414767421,29.946559772067368,140.24737821918874,166.631021538224,2418.756542268757,0.0,0.0,56.66197151794051,67.95892417832086,448.85506512547905,0.0,16.480472420007517,51.19756049675704,22.0,30.0,0.0,16.719613232387638,50.47386299344565,12.0,30.0,0.0,16.68114651552413,50.456798880215028,22.0,30.0,0.0,16.53004200558735,51.08473933121345,12.0,30.0,0.0,14.743423015771722,56.67264910140935,12.0,30.0,0.0,17.08817910050183,48.875902253859887,12.0,30.0,0.0,15.747202178241995,53.391571420549237,10.0,30.0,0.0,13.842243601574607,60.056928148739277,12.0,30.0,0.0,16.349919463895075,51.134075619603,20.0,30.0,0.0,15.5276163147213,0.0,0.0,0.0,12.850671232294312,0.0,0.0,446.757434482186,441.5827327857725,449.4561422408269,439.74393030447649,502.23622427300355,776.6811195940335,482.96667097662125,564.1454281732736,687.1521994004991,0.0,81.84235298824301,81.84235298824301,60.0,0.0,60.0,60.0,12.0,12.0,12.0,19.0,12.0,12.0,21.0,10.0,0.0,0.0,0.0,0.0,0.0,0.0,0.0,0.0,0.0,0.0,0.0,0.0,0.0,81.84235298824301,81.84235298824301,0.0,0.0,0.0,81.84235298824301,0.0,0.0,0.0016833333333333334 
 02/23  05:40:00,9.016666666666666,84.33333333333334,8.583333333333333,0.0,0.0,0.0,0.0,0.0,2.0,2.0,0.0,0.0,0.0,0.0,0.0,318.0,0.0,0.0,0.0,0.0,0.0,0.0,0.0,0.0,0.0,0.0,0.0,16.67507692346046,-66.91552060074673,16.8196630726027,-155.78085691276423,16.674895970243197,-184.81918944437258,16.752857657996875,-74.07012632181113,14.71872453299518,4.578909543605377,16.89452253261229,-28.6174335677363,15.70337053502605,-3.6453396617987439,14.026785140391546,-85.79456509735337,16.227190552532997,-56.68792468740952,349.9330810411693,365.66010383802657,0.0,0.0,0.0,0.0,0.0,0.0,0.0,0.0,0.0,0.0,0.0,0.0,0.0,0.0,0.0,0.0,0.0,0.0,0.0,0.0,0.0,0.0,0.5094547917225416,0.15551123068453649,170.7455555324741,202.78456162441297,2583.759753515252,0.0818489495968933,0.012492208424434267,74.06879149600126,88.07712300198608,1124.8883681712089,0.4946860723692747,0.09347809379615926,182.63090037749908,216.78019371051773,2747.6188080572676,0.09664960457328227,0.018263341756100196,105.9622835876726,125.73409386086506,1607.220616602689,0.0,0.0,8.454362475746056,10.096951988468632,97.78422957911225,0.0,0.0,12.338151636514052,14.617446023199412,199.19313539884974,0.0,0.0,71.48298404040225,85.07631061439077,965.6380378242923,0.0,0.0,43.15443220928205,51.70423238788583,421.2466504514406,0.0,0.0,23.81021855549524,28.280080990193008,350.51523128176907,43.819260486482708,30.05436247358211,225.098863939405,268.04960694896246,3610.3210463968218,0.0,0.0,56.62889590110863,68.0842480647924,441.59727934898936,0.0,16.51874316725383,51.090329824736979,22.0,30.0,0.0,16.611103642026757,50.90528512071646,12.0,30.0,0.0,16.498590525988857,51.17788527172668,22.0,30.0,0.0,16.57594028217305,50.88225645862667,12.0,30.0,0.0,14.729910992733779,56.78902645047765,12.0,30.0,0.0,17.06478485745754,49.002737448107698,12.0,30.0,0.0,15.715858326867958,53.584194035226499,10.0,30.0,0.0,13.819773420884239,60.24675081342333,12.0,30.0,0.0,16.334906228975819,51.2464279724326,20.0,30.0,0.0,15.68367209346138,0.0,0.0,0.0,12.822747482313608,0.0,0.0,445.8369927283427,439.45814916607187,446.41234353061568,444.7470207214899,502.7967570463619,774.9546160155358,483.6442336498068,564.9518934989739,687.0867445156487,0.0,81.84235298824301,81.84235298824301,60.0,0.0,60.0,60.0,12.0,12.0,12.0,19.0,12.0,12.0,21.0,10.0,0.0,0.0,0.0,0.0,0.0,0.0,0.0,0.0,0.0,0.0,0.0,0.0,0.0,81.84235298824301,81.84235298824301,0.0,0.0,0.0,81.84235298824301,0.0,0.0,0.00171 
 02/23  05:50:00,9.048333333333334,84.16666666666666,8.626666666666667,0.0,0.0,0.0,0.0,0.0,2.0,2.0,0.0,0.0,0.0,0.0,0.0,159.0,0.0,0.0,0.0,0.0,0.0,0.0,0.0,0.0,0.0,0.0,0.0,16.67834868938847,-7.871819376245185,16.722235555194638,-234.2837122314204,16.655087476914205,-120.62197648543497,16.762507127177679,-11.156349004910766,14.700264590441876,4.44481934818802,16.861959502407254,-27.694366903548827,15.664218691417826,-9.969866700164403,13.997176461296647,-84.18584022461619,16.207524922771389,-56.3252768712282,279.5780896477236,367.0911233490276,0.0,0.0,0.0,0.0,0.0,0.0,0.0,0.0,0.0,0.0,0.0,0.0,0.0,0.0,0.0,0.0,0.0,0.0,0.0,0.0,0.0,0.0,0.49194333429907879,0.15016585296064678,187.16795694342748,221.55214092767029,2832.2334116330337,0.07534547218138571,0.011499614191298186,131.2577642987513,155.4271124456671,1953.3210886278849,0.4750673836181694,0.08977085858242055,55.48354408373081,65.69046099284812,837.451442548705,0.09098853532969009,0.017193600780364715,5.89885279345617,6.98110997291692,91.07149808251018,0.0,0.0,8.299252747615919,9.888275387926404,95.14756056463809,0.0,0.0,12.433524300413947,14.695449331995965,199.12826535116828,0.0,0.0,69.80572226427282,82.89220757747164,931.7492544338045,0.0,0.0,43.09191141184067,51.507587859740137,415.18818522792307,0.0,0.0,24.359248948209648,28.862387838164499,356.0719477396084,43.88459547288712,30.099173849716828,139.65932879181126,165.95882629409486,2360.6433295198837,0.0,0.0,56.55584209620681,67.83375881236748,434.77692395768806,0.0,16.573701467129096,50.95178205590053,22.0,30.0,0.0,16.461379531587153,51.451373863106798,12.0,30.0,0.0,16.508754490949703,51.207451108029868,22.0,30.0,0.0,16.631043940311039,50.785247050113927,12.0,30.0,0.0,14.70909263928421,56.97104523169108,12.0,30.0,0.0,17.028568849858418,49.20364822698311,12.0,30.0,0.0,15.664350963504207,53.8320707484079,10.0,30.0,0.0,13.78696498125902,60.47185452248183,12.0,30.0,0.0,16.312125824586159,51.421082638155329,20.0,30.0,0.0,15.44559309311376,0.0,0.0,0.0,12.798524742753049,0.0,0.0,445.3344044405097,438.37051421220709,450.6724305712866,441.3249154353963,503.34684808468639,772.1784666336722,483.8555289046012,565.2054823127456,684.9179502317237,0.0,81.84235298824301,81.84235298824301,60.0,0.0,60.0,60.0,12.0,12.0,12.0,19.0,12.0,12.0,21.0,10.0,0.0,0.0,0.0,0.0,0.0,0.0,0.0,0.0,0.0,0.0,0.0,0.0,0.0,81.84235298824301,81.84235298824301,0.0,0.0,0.0,81.84235298824301,0.0,0.0,0.0017766666666666667 
 02/23  06:00:00,9.08,84.0,8.67,0.0,0.0,0.0,0.0,0.0,2.0,2.0,0.0,0.0,0.0,0.0,0.0,318.0,0.0,0.0,0.0,0.0,0.0,0.0,0.0,0.0,0.0,0.0,0.0,16.574914610105777,-96.10213810495452,16.709276585841807,-105.92585141363566,16.620064306331096,-152.47275616020785,16.70288717870568,-113.06241250173957,14.68577611262903,4.3757158867128969,16.835445077787875,-29.82899977091438,15.643064052455515,-5.802086671338429,13.973722780793775,-85.29035504902356,16.191759537617629,-57.78728826065458,334.17052822631106,365.40220722888219,0.0,0.0,0.0,0.0,0.0,0.0,0.0,0.0,0.0,0.0,0.0,0.0,0.0,0.0,0.0,0.0,0.0,0.0,0.0,0.0,0.0,0.0,0.5027838642763274,0.15347492804527697,183.9598823926606,218.27294704762717,2712.3739310158819,0.09260181248611399,0.014133365764058916,100.37702957097699,119.07817746063353,1493.3557968551236,0.4434601810575428,0.08379822015448657,139.21604611811075,165.18277815644007,2070.31208212507,0.08035971631357261,0.015185131578528456,79.75705357444878,94.72858925051682,1190.7596177979488,0.0,0.0,8.497815118846937,10.149768393518393,96.62519732955986,0.0,0.0,12.391609230188568,14.681166854438907,196.99258822907826,0.0,0.0,70.69480870563035,84.15661649123732,936.8286783820392,0.0,0.0,43.03239953175431,51.561021927648997,409.8846700906803,0.0,0.0,24.808391736174685,29.463761857351437,360.1799097489701,44.0515428829467,30.213678246191159,200.3844645207265,238.48974583832703,3195.7473404408385,0.0,0.0,56.50802989842964,67.94181640333537,427.74545047696338,0.0,16.395443233613855,51.57468371868315,22.0,30.0,0.0,16.49850512513559,51.28197765880367,12.0,30.0,0.0,16.48297171411926,51.31298209647269,22.0,30.0,0.0,16.53052590670954,51.15242301078498,12.0,30.0,0.0,14.696229164059064,57.08080396121031,12.0,30.0,0.0,17.0038969601581,49.325134713346198,12.0,30.0,0.0,15.650179037155361,53.934488852810137,10.0,30.0,0.0,13.765943294957689,60.63034491660623,12.0,30.0,0.0,16.29711555331521,51.52960938492865,20.0,30.0,0.0,15.585873342670716,0.0,0.0,0.0,12.773372071167396,0.0,0.0,445.9168641566994,442.17103387729278,446.42812095129735,441.96724285441567,503.4590446929782,771.9982358020818,483.17267608423449,566.1361970825888,682.6312876821712,0.0,81.84235298824301,81.84235298824301,60.0,0.0,60.0,60.0,12.0,12.0,12.0,19.0,12.0,12.0,21.0,10.0,0.0,0.0,0.0,0.0,0.0,0.0,0.0,0.0,0.0,0.0,0.0,0.0,0.0,81.84235298824301,81.84235298824301,0.0,0.0,0.0,81.84235298824301,0.0,0.0,0.0018433333333333334 
 02/23  06:10:00,9.101666666666667,84.0,8.731666666666668,0.0,0.0,0.0,0.0,0.0,2.0,2.0,0.0,0.0,0.0,0.0,0.0,1600.0,0.0,0.0,0.0,0.0,0.0,0.0,0.0,0.0,0.0,0.0,0.0,17.850332431676848,-1097.286096083539,16.908344490807694,854.6274146367426,18.104845175031636,-2476.3655983657115,17.004394417169203,905.4591993589513,14.674874098044328,13.993899885976877,17.86206514182928,-107.10113961908879,15.757384759166003,228.23846502074015,15.065103859082346,-147.76685825860353,17.78206781214138,-211.28919676464518,618.2641477018415,491.44015072512766,0.0,0.0,0.0,0.0,0.0,0.0,0.0,0.0,0.0,0.0,0.0,0.0,0.0,0.0,0.0,0.0,0.0,0.0,0.0,0.0,0.0,0.0,0.5170313637501974,0.15782398160872938,409.9182219914879,483.77127344254549,7692.479671959666,0.23614412755730447,0.036041533509967107,348.85633828847258,413.7631676229967,5540.323482150039,0.2688707584795656,0.050807021632571,497.0567013242929,585.7940705255855,9681.99689655347,0.20420123883483444,0.03858677982517657,345.0089414864686,408.86300592060607,5646.9140802179349,0.0,0.0,12.653898319063118,15.135809384902915,143.16216621611899,0.0,0.0,18.98878978525178,22.411851495075909,357.1884993041438,0.0,0.0,79.82309382195362,95.09911434586954,1095.735042126375,0.0,0.0,31.32831928192193,37.439608907688,389.827406246675,0.0,0.0,41.052989859414569,48.41482830890674,787.490336516679,45.33171203474418,31.091709214502186,680.2051596960521,808.0650021596587,10819.140217226222,0.0,0.0,49.77852684052227,59.94756009703534,386.43039578471316,2312.008095084111,18.337295338783833,45.741531568576998,21.999999999999998,30.0,0.0,16.939598504564669,49.912817920570059,15.999999999999999,30.0,4648.535303969109,18.66189854791874,44.8433616617304,21.999999999999998,30.0,0.0,17.172322592761593,49.193737216974728,15.999999999999999,30.0,0.0,14.690520010411558,57.20072687931106,12.0,30.0,1876.9135719720173,18.404044353497495,45.258740560972167,20.0,30.0,0.0,15.9072134089895,53.18314204802183,10.0,30.0,1446.6311146423337,15.46413093911682,54.4867390923268,16.999999999999998,30.0,3089.839739494112,18.47602087191689,45.09484758573641,20.0,30.0,0.0,16.408199861013956,0.0,0.0,0.0,12.894749169556805,0.0,0.0,445.02470343940379,446.129249788202,444.0788718198223,443.8164024123313,501.66026784368088,751.5637801656712,472.1514326572379,570.8218181237894,661.2254101506105,13014.349698752872,79.39832737871142,87.85635461874084,60.0,0.0,60.0,60.0,16.0,16.0,19.0,19.0,16.0,12.0,21.0,10.0,1.0,0.0,2312.008095084111,0.0,4648.535303969109,0.0,1876.9135719720173,0.0,1446.6311146423337,3089.839739494112,12797.013919233586,7678208.35154015,10002805.922788386,79.39832737871142,87.99999999999999,0.42656713064111959,0.7675971873325468,0.3602813740196596,87.99999999999999,0.3542647819438876,10002805.922788386,0.5220559079849959 
 02/23  06:20:00,9.123333333333335,84.0,8.793333333333333,0.0,0.0,0.0,0.0,0.0,2.0,2.0,0.0,0.0,0.0,0.0,0.0,640.0,0.0,0.0,0.0,0.0,0.0,0.0,0.0,0.0,0.0,0.0,0.0,18.604901699218439,-1392.9153284981558,17.562947049540747,853.429597448338,19.01475120748806,-3560.5614681594418,17.805330048582783,854.1902164127137,14.677049173821976,25.18229920160573,18.65822917752647,-165.89103341054205,16.09589059081719,245.86138366094986,15.855531919853217,-110.0367771806711,18.093901233717394,-216.54603173815844,873.8748497250954,557.812116832999,0.0,0.0,0.0,0.0,0.0,0.0,0.0,0.0,0.0,0.0,0.0,0.0,0.0,0.0,0.0,0.0,0.0,0.0,0.0,0.0,0.0,0.0,0.6634876105512074,0.20252979565055174,460.93665657795818,541.9545124024011,9570.01579216237,0.28605312783982497,0.043658902295455579,400.5115052444189,473.3345275167548,7155.3363128213109,0.321777531506745,0.060804522204600367,585.9524459620695,687.8415850191584,12676.755063862907,0.23183483773862963,0.04380854832551579,387.15828443924337,456.8786071150225,7246.652188643437,0.0,0.0,14.452901270232445,17.279993827358348,163.38495218432474,0.0,0.0,21.506238673775905,25.258399901366734,460.1355954766535,0.0,0.0,86.41976408320434,102.68608793572908,1277.7106156134219,0.0,0.0,20.580847953373057,24.436370384871574,321.49350585963045,0.0,0.0,46.71003423978067,54.98045151439506,945.0000430052181,46.50681592273292,31.897678959350438,774.607231273874,917.8415541144234,13445.300534667344,0.0,0.0,45.409486934803087,54.60100718234354,372.71992199469107,1946.622077377954,19.57305400947621,42.31990965148802,22.0,30.0,0.0,18.075316161912885,46.46413427788109,16.0,30.0,4397.567163794651,20.04795724564001,41.09727322033426,22.0,30.0,0.0,18.521193310158446,45.19488060861137,16.0,30.0,0.0,14.707632523972267,57.285431116679557,12.0,30.0,880.5688196847764,19.90115714286905,41.26597765407567,19.75,30.0,0.0,16.47473975436913,51.33580457661072,10.0,30.0,496.0805856764503,16.907591351364276,49.699361001922309,16.75,30.0,49.20728425776283,19.28770791773823,42.920580880813208,19.0,30.0,0.0,17.322603085012085,0.0,0.0,0.0,13.131615754538352,0.0,0.0,445.87799085575866,447.248030066357,444.30035843756527,444.24285788753186,501.6679555691862,699.450717047338,481.8651203844014,568.5692358325763,616.2810108493573,11545.305369841926,80.37055330916444,87.87259050338779,60.0,0.0,60.0,60.0,16.0,16.0,19.0,19.0,16.0,12.0,21.0,10.0,1.0,0.0,1946.622077377954,0.0,4397.567163794651,0.0,880.5688196847764,0.0,496.0805856764503,49.20728425776283,11352.502194852455,6811501.316911474,8905990.950285152,80.37055330916444,88.0,0.3784167398284152,0.7649359429286406,0.36028137401965956,88.0,0.3542647819438875,8905990.950285152,0.46509152941482798 
 02/23  06:30:00,9.145,84.0,8.855,0.0,0.0,0.0,0.0,0.0,2.0,2.0,0.0,0.0,0.0,0.0,0.0,640.0,0.0,0.0,0.0,0.0,0.0,0.0,0.0,0.0,0.0,0.0,0.0,19.310814653096366,-1196.3665641506678,18.14441273553482,1140.4229463422126,19.735291400265355,-3220.1621392609015,18.464590096222094,1048.359633740558,14.694736215415038,44.18406669631899,18.27105973194608,-107.32936957644816,16.524194294189678,479.5055487972611,15.608120644286185,-248.5863804113126,18.564138548550443,-253.33732806386764,1204.526923903878,695.0148023009813,0.0,0.0,0.0,0.0,0.0,0.0,0.0,0.0,0.0,0.0,0.0,0.0,0.0,0.0,0.0,0.0,0.0,0.0,0.0,0.0,0.0,0.0,0.9004820266736784,0.2748724135145539,479.4183011249199,561.6538749135958,10901.807475432406,0.3234675304966549,0.049369281211333177,411.37660893570856,484.5159028028608,8118.196253127806,0.5648978389191544,0.10674562337852506,583.4078896603484,682.5919012143015,13715.65549933941,0.2555166439755901,0.04828356840052721,378.7513621780416,445.30926950435676,7862.5546099471889,0.0,0.0,15.690122528011618,18.75780381053073,177.97630225514235,0.0,0.0,21.866404332839655,25.741276843905966,438.70737788006746,0.0,0.0,94.58544487156868,112.09702918628598,1536.560028466672,0.0,0.0,40.6080815635246,48.295289592269877,580.0012260679303,0.0,0.0,48.32018612464141,56.745361641417527,1036.488422384442,47.8891162245969,32.84575872743273,777.5179856467363,917.7413582601823,15271.326280497517,0.0,0.0,57.253712588615218,68.79096769892014,486.8774903336508,1923.0153145744014,20.632479276131549,39.659215522530377,22.0,30.0,0.0,19.062085466273464,43.70951864263504,16.0,30.0,4332.465002976962,21.061205116275106,38.63380513361098,22.0,30.0,0.0,19.605854314421074,42.260733284388127,16.0,30.0,0.0,14.749314085529033,57.2391312460845,12.0,30.0,27.014892065059404,19.230603186028217,43.103404827773157,19.0,30.0,0.0,17.244894217888615,48.95149396398177,10.0,30.0,426.53004728657279,16.229949524649233,51.98865410445311,16.25,30.0,1522.731351947775,19.955756871952727,41.227070642011948,20.0,30.0,0.0,18.446666725599319,0.0,0.0,0.0,13.304438834061119,0.0,0.0,447.30562789326828,450.18502003314679,447.12102331881416,446.25407830686779,505.1137002246858,673.2190103671444,471.5473740356567,595.6593830344439,604.8175383533856,10492.140602158983,81.06720028235177,84.64277739953151,60.0,0.0,60.0,60.0,16.0,16.0,19.0,19.0,16.0,12.0,21.0,10.0,1.0,0.0,1923.0153145744014,0.0,4332.465002976962,0.0,27.014892065059404,0.0,426.53004728657279,1522.731351947775,5411.045640492297,3246627.3842953785,4220941.127290231,81.06720028235177,84.70350256908265,0.35036818801640998,0.7679069505775105,0.36028137401965956,84.70350256908265,0.3542647819438875,4220941.127290231,0.22153893861909203 
 02/23  06:40:00,9.166666666666668,84.0,8.916666666666666,0.0,0.0,0.0,0.0,0.0,2.0,2.0,0.0,0.0,0.0,0.0,0.0,640.0,0.0,0.0,0.0,0.0,0.0,0.0,0.0,0.0,0.0,0.0,0.0,19.763207165887289,-1135.5617085649347,18.628551883113919,1089.9389001745145,20.27425421985729,-3209.35456294663,18.95798745883829,1011.8118766825819,14.722125823236603,54.19106453505577,18.675615866881377,-88.63156379174171,17.008215683228323,528.7923951890259,16.100038235080829,-253.0103352828755,18.318936690869145,-87.97143092929704,1365.7246263220996,554.675006482442,0.0,0.0,0.0,0.0,0.0,0.0,0.0,0.0,0.0,0.0,0.0,0.0,0.0,0.0,0.0,0.0,0.0,0.0,0.0,0.0,0.0,0.0,1.035062993902558,0.3159532948420507,481.19859624152448,562.5746820808315,11501.525123746354,0.33879291176438727,0.05170831986635947,405.76914485580786,476.75374281411487,8560.163209024118,0.7178798905520073,0.13565379640060613,582.6748387097061,680.0164694679099,14476.706585828702,0.2709682873094221,0.05120338006602834,375.45153658881318,440.3365585646939,8295.35326614577,0.0,0.0,15.47202282830775,18.494141630328089,176.41594913838413,0.0,0.0,18.777093344554637,22.059191325219986,397.7690066759963,0.0,0.0,99.94289525121306,118.13561654345722,1771.8804485663098,0.0,0.0,33.165579681092037,39.33853361120228,523.5447098393707,0.0,0.0,27.951323388563269,32.883844440878139,569.4279223345656,48.78057862004799,33.45718698220028,770.7011995464654,907.6986487500739,16152.889125360685,0.0,0.0,50.64097064999322,60.87298076910511,416.65417243375716,1871.847995429479,21.26088061158482,38.18686809272624,22.0,30.0,0.0,19.80196829774903,41.77319097053268,16.0,30.0,4209.4659595329,21.770155264296066,37.01840548045383,22.0,30.0,0.0,20.325532660590903,40.44772670534042,16.0,30.0,0.0,14.801264009139893,57.13507477877466,12.0,30.0,1014.2836270721346,19.82953689394123,41.58155495364833,19.75,30.0,0.0,18.03883586535172,46.61074859081585,10.0,30.0,655.3161979333695,17.042011218602768,49.465604289299289,16.5,30.0,0.0,19.416453935413668,42.70083556979398,19.0,30.0,0.0,19.09715987009508,0.0,0.0,0.0,13.18923231420364,0.0,0.0,450.4275539859545,453.31237258869217,450.02478414832856,451.28167540845205,502.98468086958197,667.5015005820378,467.74091887555707,581.3891253380284,621.096165055092,11669.293785530983,80.28849092227152,87.87122008586886,60.0,0.0,60.0,60.0,16.0,16.0,19.0,19.0,16.0,12.0,21.0,10.0,1.0,0.0,1871.847995429479,0.0,4209.4659595329,0.0,1014.2836270721346,0.0,655.3161979333695,0.0,11474.42004077822,6884652.024466932,8991674.093527416,80.28849092227152,88.0,0.38248066802594068,0.7658083844567751,0.36028137401965956,88.0,0.3542647819438875,8991674.093527416,0.4696870528634256 
 02/23  06:50:00,9.188333333333335,84.0,8.978333333333334,0.0,0.0,0.0,0.0,0.0,2.0,2.0,0.0,0.0,0.0,0.0,0.0,1600.0,0.0,0.0,0.0,0.0,0.0,0.0,0.0,0.0,0.0,0.0,0.0,19.945373027576797,-1284.3989627796605,18.896502972776987,853.3918937409243,20.35875660858395,-2267.4376803650786,19.192572186143488,688.096900557707,14.747233037322094,58.10261904998435,18.43717613615058,-56.2783017036904,17.29476293556094,428.75266157474598,15.797938385488447,-283.5269108746116,18.48047285807992,-114.16676801221377,1372.124098572127,717.0078628044734,0.0,0.0,0.0,0.0,0.0,0.0,0.0,0.0,0.0,0.0,0.0,0.0,0.0,0.0,0.0,0.0,0.0,0.0,0.0,0.0,0.0,0.0,1.104044390121599,0.3370098870945052,454.6934135105346,531.7839501646955,10973.897675075961,0.32217746074837086,0.049172384119104229,367.04818126444237,431.16430098140128,7958.424181698496,0.8801848155096664,0.16632366128300583,464.99155405318188,543.3122851341162,11491.258038817847,0.26712383509783058,0.05047691517343736,319.8386099514916,375.1591520877143,7196.833782708504,0.0,0.0,15.120860284255102,18.085762694375398,172.97896832295715,0.0,0.0,17.530666820328045,20.643383197773426,354.98989642857119,0.0,0.0,111.84748536669278,132.12639155862812,2062.884610325954,0.0,0.0,47.55763217205899,56.57711797922491,683.9936755472008,0.0,0.0,29.024690599691245,34.13560339506119,603.0635933403978,49.21659605408684,33.75623872022418,676.7036202207902,797.2424119431073,14521.069410642389,0.0,0.0,65.80391431734812,79.0921070976722,564.5927270756632,1853.0651962008847,21.39886258681997,37.9031259428221,21.999999999999998,30.0,0.0,20.134370879844867,40.95782672007727,15.999999999999999,30.0,2933.0962656353678,21.63614238793599,37.36592812494862,21.7,30.0,0.0,20.55757177766116,39.90503484164481,15.999999999999999,30.0,0.0,14.84305902131556,57.04700800685002,12.0,30.0,0.0,19.370401941640649,42.83569474581388,19.0,30.0,0.0,18.431145940884229,45.50862342831437,10.0,30.0,557.8893570344153,16.355663111900303,51.75670735872866,16.4,30.0,905.1631292766525,19.60752605952691,42.23194039911914,19.299999999999998,30.0,0.0,19.263802502524315,0.0,0.0,0.0,13.381173698059424,0.0,0.0,454.14112631722699,457.2569708218255,454.2136658750494,455.55022203789749,498.76321904541518,672.9291008341459,473.4045290293047,550.9709096079743,634.6343097228903,10332.829593601886,81.17258021770778,84.68037484767045,60.0,0.0,60.0,60.0,16.0,16.0,19.0,19.0,16.0,12.0,21.0,10.0,1.0,0.0,1853.0651962008847,0.0,2933.0962656353678,0.0,0.0,0.0,557.8893570344153,905.1631292766525,5308.58311138389,3185149.866830334,4156090.615171558,81.17258021770778,84.73994884556622,0.34695277037946306,0.7663274873680216,0.3602813740196596,84.73994884556622,0.3542647819438876,4156090.615171558,0.218276711988921 
 02/23  07:00:00,9.21,84.0,9.04,0.0,0.0,0.0,0.0,0.0,2.0,2.0,0.0,0.0,0.0,0.0,0.0,1600.0,0.0,0.0,0.0,0.0,0.0,0.0,0.0,0.0,0.0,0.0,0.0,20.038558725048419,-1310.2202593749865,19.02260352051075,766.2552797143771,20.404067206711227,-1886.8602878725877,19.246989368014618,636.7977248786481,14.77335515022359,59.632600459721988,18.651915979881524,-52.88178266032762,17.449713854379654,413.30851307957627,16.031580537371103,-277.9640468649739,18.525008812272625,-59.90932689335529,1361.4669997061859,704.7866962283201,0.0,0.0,0.0,0.0,0.0,0.0,0.0,0.0,0.0,0.0,0.0,0.0,0.0,0.0,0.0,0.0,0.0,0.0,0.0,0.0,0.0,0.0,1.1193097936021604,0.3416696561667156,439.2026672952571,513.6589334651104,10586.882183985095,0.3109817824107901,0.04746364200408884,344.68516443289368,404.73296829491309,7540.43000756388,0.9412305745305003,0.17785914106774387,422.2954911656726,493.4555517949635,10372.38793050085,0.2708672836215929,0.05118429395721709,307.5666861724777,360.74469138295935,6901.229705821068,0.0,0.0,14.894246237663415,17.813947189004396,170.9331503429151,0.0,0.0,16.87750286514658,19.859857171659859,349.96618257313107,0.0,0.0,108.55024477447589,128.13264937805259,2037.1869485855955,0.0,0.0,43.25326502024663,51.394514792257378,646.8651225521936,0.0,0.0,25.11327100042799,29.60133168348139,504.83751585410905,49.553912052183409,33.98759400012581,642.0133910160628,756.1725801542234,13891.571800459697,0.0,0.0,62.01201674271176,74.51789377263813,536.9993625199514,1844.3460993963964,21.40272384378831,37.96377217668687,21.999999999999998,30.0,0.0,20.255211342662528,40.72528053187901,15.999999999999999,30.0,2489.9085152813888,21.55232770597913,37.62642634265535,21.599999999999999,30.0,0.0,20.54457493270393,40.006944720438699,15.999999999999999,30.0,0.0,14.883937579688729,56.976235163889807,12.0,30.0,870.3563468683885,19.683679882130588,42.065010929668549,19.5,30.0,0.0,18.61964596869492,45.05629841967126,10.0,30.0,269.509791486991,16.689296930622598,50.76598208606023,16.2,30.0,0.0,19.270672109433368,43.15418842038146,19.0,30.0,0.0,19.32209097368531,0.0,0.0,0.0,13.45285497013463,0.0,0.0,459.1611819436299,462.3931351995297,459.3069328254736,461.46801331043778,494.8359288435756,680.6868300604303,472.3975969498769,530.9774917228344,634.7531066060657,10308.7414079853,81.18849366605218,84.74757385190356,60.0,0.0,60.0,60.0,16.0,16.0,19.0,19.0,16.0,12.0,21.0,10.0,1.0,0.0,1844.3460993963964,0.0,2489.9085152813888,0.0,870.3563468683885,0.0,269.509791486991,0.0,5386.110676757383,3231666.4060544299,4210137.55408965,81.18849366605218,84.80801884879468,0.34953702255857946,0.766804217491265,0.3602813740196596,84.80801884879468,0.3542647819438876,4210137.55408965,0.22112715281266175 
 02/23  07:10:00,9.298333333333334,83.5,9.093333333333334,0.0,0.0,0.0,0.0,0.0,2.0,2.0,0.0,0.0,0.0,0.0,0.0,1600.0,0.0,0.0,0.0,0.0,0.0,0.0,0.0,0.0,0.0,0.0,0.0,20.14225363159526,-1323.0910536065599,19.099586914273556,745.075561701901,20.492468341866564,-1846.5133138679337,19.303068802416968,651.7128891591245,14.795212431329212,61.92566755919487,18.492406490738284,-51.56240357071001,17.558135464408008,412.2233994541075,16.34684089312903,-304.4888987799953,18.61670594950424,-84.07269797403544,1344.7211078518333,709.5981922735808,0.0,0.0,0.0,0.0,0.0,0.0,0.0,0.0,0.0,0.0,0.0,0.0,0.0,0.0,0.0,0.0,0.0,0.0,0.0,0.0,0.0,0.0,1.1041977966620183,0.33705671448779558,437.98424114514827,512.1418950787955,10513.06838043605,0.306548158662091,0.04678695950276115,342.1824915559531,401.6980814005105,7459.175399817768,0.9340066133050599,0.1764940690296788,420.33908482060476,491.09340778674086,10271.413388302219,0.27096085756778118,0.05120197610880217,308.3844772373825,361.6694025582932,6873.4071615436009,0.0,0.0,15.075699131747023,18.027668358950927,171.25076931896983,0.0,0.0,17.35022991084746,20.430010850313189,348.5118492364023,0.0,0.0,105.11135274842792,124.0456725959854,1975.8883655079306,0.0,0.0,41.78416010836717,49.58600085749364,659.6796684836852,0.0,0.0,29.834639244231967,35.10629670575138,617.1026978348635,49.67914717527175,34.07348914627693,640.5590118136116,754.3041418124361,13801.705856708873,0.0,0.0,60.857807487929807,73.13688225895,523.1796310988693,1848.185109426754,21.443510130506174,37.936939648927538,21.999999999999998,30.0,0.0,20.306766305436768,40.68625094014984,15.999999999999999,30.0,2456.6421545117775,21.579907381022126,37.63183517257802,21.599999999999999,30.0,0.0,20.55860396560688,40.053045308980767,15.999999999999999,30.0,0.0,14.914884197164743,56.97268225231262,12.0,30.0,0.0,19.386617316495874,44.21036929491262,19.0,30.0,0.0,18.730397318987689,44.83519787963831,10.0,30.0,1340.1347562514634,17.220746576677145,49.29112185987577,20.7,30.0,851.9999325965825,19.736860790920099,43.03200796602103,19.3,30.0,0.0,19.366275284680535,0.0,0.0,0.0,13.503634959728853,0.0,0.0,463.07774313753898,467.28755185619436,463.1826718832791,465.09575954975977,491.89873888080958,713.4811401298426,473.329965452896,522.0956844223258,658.9814303769896,10719.776440730562,80.91658281143653,86.03811748764673,60.0,0.0,60.0,60.0,16.0,16.0,19.0,19.0,19.7,12.0,21.0,10.0,1.0,0.0,1848.185109426754,0.0,2456.6421545117775,0.0,0.0,0.0,1340.1347562514634,851.9999325965825,7750.377099556641,4650226.259733983,6070206.358204463,80.91658281143653,86.12509814877707,0.3603459033185547,0.7659774133007244,0.3602813740196596,86.12509814877707,0.3542647819438876,6070206.358204463,0.3178907306266321 
 02/23  07:20:00,9.386666666666669,83.0,9.146666666666667,12.5,0.0,0.0,0.0,0.0,2.0,2.0,0.0,0.0,0.0,0.0,0.0,1120.0,0.0,17.51463523066412,4.970324613908489,12.736267486580106,0.525180325261961,13.97837994164428,0.0,4.970324613908486,6.7948105711507689,0.0,0.0,20.21616524395585,-1342.8012171430515,19.13442908182345,692.5732462901347,20.505900005148093,-1860.560749779197,19.323594028280799,630.5106367369223,14.812241508403526,54.97635659282107,18.69723007925029,-41.5346197968985,17.674881049420596,422.56511250780218,17.28452680571818,-209.12789509515225,18.297310651031773,-45.445442788473787,1305.407948596088,480.44342848780709,0.0,0.0,0.0,0.0,0.0,0.0,0.0,0.0,0.0,0.0,0.0,0.0,0.0,0.0,0.0,0.0,0.0,0.0,0.0,0.0,0.0,0.0,1.0782527647159098,0.3291369855665169,430.88714015670959,503.6667566266286,10257.556389562234,0.29793997192679746,0.04547313368846115,334.9569237000034,393.04947276693476,7224.512037953901,0.9139835074403164,0.1727104133485103,418.08195701706776,488.0571332041366,10130.023779346175,0.2689956040828907,0.05083061301641921,313.0242816656276,366.94401357960688,6886.854917115941,0.0,0.0,14.402027249697419,17.21527781200853,161.55951135048336,0.0,0.0,15.754451309899596,18.533209003093306,315.5795781974628,0.0,0.0,92.9705215335215,109.65639462027812,1754.657154930735,0.0,0.0,21.830626834611324,25.802273659067035,399.574701067257,0.0,0.0,17.085047156119939,20.126934199726749,333.45233891930828,49.72096759824364,34.10217256395311,638.7742981867458,751.8604355851393,13596.475051359133,0.0,0.0,41.53552517965345,49.98003480724569,323.5990545158701,1874.0644635708132,21.43419689599044,38.012636219261938,21.99999999999999,29.99999999999999,0.0,20.276310053167813,40.84129809841306,15.999999999999993,29.99999999999999,2405.6962500315905,21.56055776450604,37.73363657808657,21.571428571428564,29.99999999999999,0.0,20.49447462273471,40.29377763416559,15.999999999999993,29.99999999999999,0.0,14.933056933743896,57.03720033641941,11.999999999999993,29.99999999999999,1029.0710363729259,19.45577246654922,45.761591007285449,19.571428571428564,29.99999999999999,0.0,18.863525620415328,44.53742152588363,9.999999999999997,29.99999999999999,1319.1549387027122,18.762071359279707,44.87695953517785,20.699999999999993,29.99999999999999,57.32843867425733,19.172159459602896,46.157702468429828,18.999999999999994,29.99999999999999,0.0,19.331965007970319,0.0,0.0,0.0,13.162655631640515,0.0,0.0,464.8098949673796,469.7439293001494,465.0556735850811,468.71362055676357,490.56824902413697,759.3783675585092,469.16319462051299,521.7170002621282,707.9578623659496,10562.613867318441,81.02055646049156,85.25000702706302,59.99999999999998,0.0,59.99999999999998,59.99999999999998,16.0,16.0,19.0,19.0,19.7,12.0,21.0,10.0,1.0,0.0,1874.0644635708132,0.0,2405.6962500315905,0.0,1029.0710363729259,0.0,1319.1549387027122,57.32843867425733,6400.357071992785,3840214.2431956746,5012512.764978665,81.02055646049156,85.3218371384957,0.3590595214473786,0.7676983641604603,0.3602813740196595,85.3218371384957,0.35426478194388746,5012512.764978665,0.262883997112224 
 02/23  07:30:00,9.475000000000002,82.5,9.2,15.0,0.0,0.0,0.0,0.0,2.0,2.0,0.0,0.0,0.0,0.0,0.0,800.0,0.0,21.44781693193606,5.409653320525229,13.862040633833394,0.6431173496327722,17.117437398178479,0.0,5.409653320525226,7.395406220693669,0.0,0.0,20.305300292144403,-1373.2271959545124,19.20116973553079,706.624372915721,20.58287308362759,-1836.0282787817155,19.40941854966898,622.9187769414257,14.825176263265903,55.687477000972098,18.83681624380268,-45.51140661465764,17.77569609079257,385.2033719848113,18.1708122654833,-74.56987292233815,18.719211173940715,-32.32757926082864,1290.857572312431,318.06900838634706,0.0,0.0,0.0,0.0,0.0,0.0,0.0,0.0,0.0,0.0,0.0,0.0,0.0,0.0,0.0,0.0,0.0,0.0,0.0,0.0,0.0,0.0,1.0468778686324874,0.3195597889598557,436.9126969468355,510.4690678455377,10370.176742413467,0.2935830226763232,0.04480815364412748,335.58748230077159,393.59010532844948,7211.970886746851,0.8758125730720988,0.16549746278762268,417.2398568026973,486.8581354775992,10067.510835678528,0.2634478452765933,0.0497822836879428,310.049570913913,363.2404799066324,6815.2677893664199,0.0,0.0,14.929597910470879,17.838137828904889,165.197750136453,0.0,0.0,16.05576588680604,18.855613918001987,328.95516374177637,0.0,0.0,81.26540494412548,95.77469170175839,1535.716216061696,0.0,0.0,17.29900541588639,20.28265073673161,370.42010800480036,0.0,0.0,16.976414255084995,19.93216343129311,349.78178329133268,49.8326963442575,34.17880407699418,636.3017406289016,748.6075000618739,13480.770625010586,0.0,0.0,23.226518066752435,27.96950942830395,160.54931470726195,1842.5130902220222,21.49975163921963,37.912356703112468,22.0,30.0,0.0,20.325787315249224,40.780799077568648,16.0,30.0,2402.9063895471815,21.628957276046429,37.62962599232513,21.6,30.0,0.0,20.56788362637375,40.171457582117309,16.0,30.0,0.0,14.945665649906382,57.10227920184354,12.000000000000002,30.0,0.0,19.796971167119179,46.00766048182592,19.0,30.0,0.0,18.963801635561429,44.32095659374335,10.0,30.0,1271.9001897260178,20.20552803414839,41.05387375985065,20.7,30.0,961.485176550497,19.847274482290545,45.35797845603294,19.6,30.0,0.0,19.367451137969284,0.0,0.0,0.0,12.823887438152742,0.0,0.0,466.0691138394557,470.77122924930208,466.07588834915478,469.699873440639,486.12822450155377,788.497204647466,466.4409358884478,504.7431121786742,753.8252024447631,10470.75557854317,81.08135057987895,85.3168274401011,60.0,0.0,60.0,60.0,16.0,16.0,19.0,19.0,19.7,12.0,21.0,10.0,1.0,0.0,1842.5130902220222,0.0,2402.9063895471815,0.0,0.0,0.0,1271.9001897260178,961.485176550497,6409.791164948746,3845874.6989692479,4985838.721019773,81.08135057987895,85.38875989800587,0.34965970549829158,0.7681442560387714,0.36028137401965956,85.38875989800587,0.35426478194388757,4985838.721019773,0.26149028015969486 
 02/23  07:40:00,9.563333333333335,82.0,9.253333333333332,22.33333333333333,36.83333333333333,0.0,0.0,1.0,2.0,0.0,0.0,0.0,0.0,0.0,4.0,1120.0,0.0,34.96426190405026,12.322276082138817,31.57531861249711,1.0484112262621178,27.90487534861914,0.0,12.322276082138801,16.845485614613538,0.0,0.0,20.25775650205553,-1553.2344163714384,19.25297365598115,572.2439594312634,20.549209842781936,-1330.3105400462897,19.47544444174025,521.7627507112668,14.838324295136955,50.995199466013989,18.48084478132356,-55.60126965988623,17.146145311446625,-365.73913795891209,18.224451907626834,-100.48447054985957,18.273853192398144,-372.15157305991047,1267.6679698968079,1617.621024001531,0.0,0.0,0.0,0.0,0.0,0.0,0.0,0.0,0.0,0.0,0.0,0.0,0.0,0.0,0.0,0.0,0.0,0.0,0.0,0.0,0.0,0.0,1.0967668529721966,0.33478841665818007,380.6544175646321,445.1132114824926,8854.194935850306,0.2832368018065124,0.04322906010477911,308.6742089577704,362.1690464550396,6587.204887680934,0.7960862468793564,0.1504320194405438,303.0404418525797,353.90494384100659,7191.520916237265,0.24586417851779664,0.04645959533594045,295.4724199932553,346.2363538697817,6451.619742266023,0.0,0.0,14.691465926900165,17.557568541120987,160.26591883596508,0.0,0.0,15.909434848954803,18.721958836066496,305.9939127061725,0.0,0.0,236.29272734005904,279.7586833924963,3801.8866331395267,0.0,0.0,28.3507674063249,33.269535655033809,590.0856347944637,0.0,0.0,166.45941217921496,196.1355555547009,3125.5102258804947,49.916491274926517,34.23627659459985,594.5581312685692,699.761951797835,12546.97559914021,0.0,0.0,166.6058915831549,199.36945505873659,1665.8104946324655,1831.4678394345686,21.324525746256364,38.57557577995206,22.00000000000002,30.000000000000033,0.0,20.340285173312357,40.937980091973958,16.000000000000019,30.000000000000033,1509.7181824467396,21.510591860006195,38.784129364443739,21.428571428571453,30.000000000000033,0.0,20.592854765416634,40.80415025851272,19.00000000000002,30.000000000000033,0.0,14.957138347841756,57.45577644555729,12.000000000000015,30.000000000000033,0.0,19.235244180586454,48.430858735907708,19.00000000000002,30.000000000000033,0.0,17.624391699868207,49.136776234312709,10.00000000000001,30.000000000000033,555.845978865091,20.060427416046787,42.676489457683917,20.12857142857145,30.000000000000033,0.0,19.005022748858339,45.37448168261789,12.000000000000015,30.000000000000033,0.0,19.37310853857607,0.0,0.0,0.0,14.473654432132378,0.0,0.0,478.63468601300397,479.0126266360578,510.88858078669036,501.46404607112449,502.28227999620887,809.7513616181576,536.2719951037376,563.1550433645098,561.2920861937929,9743.917252173698,81.5620358604493,82.62838198882838,220.00000000000026,0.0,220.00000000000026,220.00000000000026,16.0,19.0,19.0,12.0,19.7,12.0,21.0,10.0,1.0,0.0,1831.4678394345686,0.0,1509.7181824467396,0.0,0.0,0.0,555.845978865091,0.0,1613.669756197577,968201.8537185447,1253194.4273002446,81.5620358604493,82.64649208611445,0.34521756330182437,0.7700808837723036,0.36028137401966,82.64649208611445,0.35426478194388796,1253194.4273002446,0.07330611021961273 
 02/23  07:50:00,9.651666666666668,81.5,9.306666666666667,29.666666666666666,73.66666666666666,0.0,0.0,1.0,2.0,0.0,0.0,0.0,0.0,0.0,4.0,640.0,0.0,48.67328479211159,17.293359838445679,44.31352494107653,1.459481329624855,38.84602806061631,0.0,17.29335983844565,23.641333990977054,0.0,0.0,20.234980166138607,-1522.5062986479148,19.232310167561903,566.8418474143837,20.63670774521877,-1425.894771444775,19.496960121615964,542.9430203273041,14.84458265611838,44.85747067903711,18.75537083912041,-94.24447873660907,16.74119494564832,81.28392173131056,18.604076781776095,-249.01548081258859,17.6755192138856,-252.30498423158634,1240.3964455945107,1307.7072518261517,0.0,0.0,0.0,0.0,0.0,0.0,0.0,0.0,0.0,0.0,0.0,0.0,0.0,0.0,0.0,0.0,0.0,0.0,0.0,0.0,0.0,0.0,1.081608320320112,0.3301612699389841,379.0357712201077,443.05401261240777,8673.125691396472,0.2793797653782299,0.04264037933123167,305.833668439044,358.681088965118,6415.726729066942,0.6912518724439055,0.13062204694707214,313.63272336075286,365.983948416127,7402.782504019899,0.23399417096506149,0.04421658559430488,303.1161427776959,354.9531369199496,6555.837828670947,0.0,0.0,14.537285924520783,17.362565537971716,155.97655197599296,0.0,0.0,17.33645493676717,20.354927156163634,345.72557216812398,0.0,0.0,230.74537392849985,273.6507145383071,3411.5546036813486,0.0,0.0,44.40788401000265,51.98220146466208,963.9498715412271,0.0,0.0,148.23291098357383,175.21397535585863,2483.375709961033,49.965728502738119,34.27004698404536,599.0981375866586,704.6456220083499,12489.668392207019,0.0,0.0,158.91186393981003,189.88814689197597,1676.1726970979588,1885.7975751681675,21.2208283677886,39.08920439794728,22.0,30.0,0.0,20.2429514233913,41.47636966724924,16.0,30.0,1625.6829432772639,21.58837802522572,38.87957531185448,21.5,30.0,0.0,20.56380349143059,41.31705651282479,19.0,30.0,0.0,14.956142272404624,58.01144330392078,12.0,30.0,1013.5228123317405,19.67490627917971,47.59180594371715,19.75,30.0,0.0,17.0238563189167,51.18890613035923,10.0,30.0,929.0136403389001,20.619056529271199,41.88742899175368,20.45,30.0,0.0,18.014167616325996,48.0260250819039,12.0,30.0,0.0,19.346005242392953,0.0,0.0,0.0,14.840754865775292,0.0,0.0,491.7829403090202,492.545267904066,524.2936312757159,521.9959133355185,527.7660960212854,832.1500469810745,537.4036416586572,600.2010384127127,538.4338213384073,9909.474916621537,81.45250280231039,86.61415880504242,220.0,0.0,220.0,220.0,16.0,19.0,19.0,12.0,19.7,12.0,21.0,10.0,1.0,0.0,1885.7975751681675,0.0,1625.6829432772639,0.0,1013.5228123317405,0.0,929.0136403389001,0.0,7811.638554941703,4686983.132965022,6148548.184155673,81.45250280231039,86.70182085949077,0.3453879518313901,0.7623833318154177,0.36028137401965956,86.70182085949077,0.3542647819438875,6148548.184155673,0.32770561668720618 
 02/23  08:00:00,9.74,81.0,9.36,37.0,110.5,0.0,0.0,1.0,2.0,0.0,0.0,0.0,0.0,0.0,4.0,640.0,0.0,61.45465020053231,18.57397229185794,47.59511863280381,1.84273793970914,49.0468475296058,0.0,18.573972291857915,25.39202830410973,0.0,0.0,20.23589112464524,-1493.20884632127,19.237983027671967,532.1147639090464,20.728091385492957,-1358.6932442320788,19.52457045136365,501.75964670770829,14.848124867869608,41.032778438664028,18.725958109252504,-86.68244576086701,16.914294705787925,279.55688572841748,18.349572877863083,-178.50588074148687,17.38660697341549,-42.33498794143145,1182.2399506225548,690.5439431888389,0.0,0.0,0.0,0.0,0.0,0.0,0.0,0.0,0.0,0.0,0.0,0.0,0.0,0.0,0.0,0.0,0.0,0.0,0.0,0.0,0.0,0.0,1.115809037723628,0.3406010493661869,375.38138769179798,438.88373267447965,8463.806814660602,0.2825833026874066,0.043129319701985139,301.23040308461688,353.3149612975154,6241.3209564628709,0.6438059552215442,0.12165645412349668,273.68894202164946,319.0818811102457,6422.403139448143,0.21840392964481554,0.0412705838331095,264.4506415432084,309.4039906372993,5677.4970411273729,0.0,0.0,14.054996661172872,16.7854261408757,148.1623843270084,0.0,0.0,17.885831818333214,21.010934326977446,348.8591529964534,0.0,0.0,144.0997469907664,170.67185920479359,2205.7261577101596,0.0,0.0,39.35471166898331,46.176064929355479,801.6923524344671,0.0,0.0,67.46740240770923,79.86114296235681,1061.6453335110744,50.048565538845377,34.326862509496148,555.295286278922,653.0522337403802,11441.241337671012,0.0,0.0,72.7053514907203,87.13202439555087,630.0150667742257,1852.289064770222,21.135651663522247,39.83445715514081,22.0,30.0,0.0,20.198167074120826,42.12123387531387,16.0,30.0,1568.787636366702,21.688497080862346,39.28597357031081,21.5,30.0,0.0,20.54543170318888,42.03363853636613,19.0,30.0,0.0,14.951341660985709,58.38888755302724,12.0,30.0,0.0,19.552235894770069,48.28317415338435,19.0,30.0,0.0,17.3870744918407,50.329203596821489,10.0,30.0,766.3551166825209,19.999051850695098,43.77035649207074,20.2,30.0,0.0,17.595384364332408,49.51195612003943,12.0,30.0,0.0,19.219597412622798,0.0,0.0,0.0,13.980441680719077,0.0,0.0,516.5628852251862,515.645286948459,556.6680190809109,553.6499430468339,536.2938372808527,836.4228477845087,534.3113298375529,602.5977586383779,534.9487893297778,10500.400713997553,81.06157411472759,84.94519897625645,220.0,0.0,220.0,220.0,16.0,19.0,19.0,12.0,19.7,12.0,21.0,10.0,1.0,0.0,1852.289064770222,0.0,1568.787636366702,0.0,0.0,0.0,766.3551166825209,0.0,5876.653141296991,3525991.884778194,4581907.311936071,81.06157411472759,85.01115581915495,0.365888438043233,0.7690733393940428,0.36028137401965956,85.01115581915495,0.3542647819438875,4581907.311936071,0.24608140244289795 
 02/23  08:10:00,9.833333333333334,80.5,9.418333333333333,44.333333333333339,147.33333333333335,0.0,4.0,0.0,0.0,0.0,0.0,0.0,0.0,0.0,0.0,960.0,0.0,74.56936365313186,19.634706054857998,50.31329763719112,2.2359915847968034,59.51372764138575,0.0,19.634706054857977,26.842131777400114,0.0,0.0,20.41719812190477,-1298.1520877081064,19.289997818143207,667.969695123533,20.648358835739477,-966.4958597474104,19.557589956914414,-28.13628081830838,14.8563804126562,46.6601521394504,18.3130980856085,-150.3487620832919,17.285515117620716,432.6911180627969,18.001834098572524,-101.65647857449506,17.072208476802936,-554.2992260749439,1026.3758791155875,1075.8415207251945,0.0,0.0,0.0,0.0,0.0,0.0,0.0,0.0,0.0,0.0,0.0,0.0,0.0,0.0,0.0,0.0,0.0,0.0,0.0,0.0,0.0,0.0,1.0493090727507389,0.3203019147590778,422.87877318000309,494.0776742205103,9671.95906085733,0.29911278838989216,0.04565213498014226,340.78534471535616,399.73541666260658,7032.416064567211,0.7180015097889416,0.13567677811582425,182.4555299844455,213.01546857204799,4239.60179384609,0.2567766179279312,0.048521658716540277,25.108446332905954,29.413808343383665,532.9156628375595,0.0,0.0,12.978312825633179,15.505916758025194,134.49119901787283,0.0,0.0,69.93679568219138,82.45159522293295,1261.2145476697163,0.0,0.0,244.15372230692308,288.43951379136589,4019.05190337874,0.0,0.0,32.80100324369158,38.59673574648808,627.3716050592041,0.0,0.0,130.14539875212328,154.2496479172609,1862.8697436945896,50.263677683478878,34.47440170334628,356.6321791553628,420.412804102887,7243.544602818814,0.0,0.0,135.99116208158453,162.5797686476963,1280.008195342412,1841.04247750241,21.406157171219879,39.38528754257134,21.999999999999994,30.0,0.0,20.251287222226777,42.298084015848719,15.999999999999999,30.0,1146.6175071061326,21.527893901230013,39.011697729996807,21.33333333333333,30.0,0.0,20.464830845060154,44.92838061657744,18.999999999999998,30.0,0.0,14.956572845625973,58.886560366466927,11.999999999999997,30.0,0.0,18.85048760133318,47.78612356802722,15.999999999999999,30.0,0.0,18.058881020833785,49.15688306376545,9.999999999999999,30.0,0.0,19.387540341539937,45.227570402761887,15.999999999999999,30.0,0.0,17.058063506407455,51.942217613401869,11.999999999999997,30.0,0.0,18.786446971681298,0.0,0.0,0.0,14.357564955810306,0.0,0.0,525.6033955010752,528.708185146129,519.2318680567496,711.182740473208,552.3358604522723,653.97678736844,584.2535277748891,583.8363585870703,567.8959998557856,9197.28706508585,81.92345411898907,83.20614837933784,132.0,0.0,132.0,132.0,16.0,19.0,16.0,12.0,16.0,12.0,21.0,10.0,1.0,0.0,1841.04247750241,0.0,1146.6175071061326,0.0,0.0,0.0,0.0,0.0,1940.9975770485995,1164598.5462291602,1508711.4301103955,81.92345411898907,83.22793278613126,0.3480332525682866,0.7701405041712832,0.3602813740196595,83.22793278613126,0.3542647819438874,1508711.4301103955,0.08305099436574055 
 02/23  08:20:00,9.926666666666668,80.0,9.476666666666667,51.66666666666667,184.16666666666669,0.0,4.0,0.0,0.0,0.0,0.0,0.0,0.0,0.0,0.0,640.0,0.0,89.82455898287117,21.53449064846234,55.181508840930799,2.693428156155157,71.68892115351221,0.0,21.53449064846233,29.43928134855889,0.0,0.0,20.428477904128827,-1383.5684376345014,19.359832355400987,528.3758405892622,20.625023291596066,-882.9284783013114,19.41629838186502,-44.400135003020427,14.87763818746885,52.970548976856189,17.996663590249385,-44.08690316036064,17.337384069190667,150.78435385075819,17.311381133484635,-28.324058052103003,16.58182015199611,-460.0842059315499,1040.0768477231982,1222.752534090866,0.0,0.0,0.0,0.0,0.0,0.0,0.0,0.0,0.0,0.0,0.0,0.0,0.0,0.0,0.0,0.0,0.0,0.0,0.0,0.0,0.0,0.0,1.0647462232275134,0.3250141096543082,418.84697140228556,489.3329501455036,9463.915773674647,0.28360036836357796,0.043284549506040607,311.9085552094703,365.68045343793076,6415.341053017209,0.7979289749684815,0.15078022958588095,176.67146622769747,206.04371159137689,4083.7387722499086,0.2580335383407004,0.04875917202205224,25.367085946458837,29.718621045701089,519.2008602132108,0.0,0.0,12.526308420615344,14.956009798172854,128.1587629020577,0.0,0.0,48.6570271939772,57.43306100862689,819.319835412567,0.0,0.0,281.9633665804746,333.0780304707405,4568.305630860326,0.0,0.0,21.800985007287765,25.751647610608324,361.38944799222096,0.0,0.0,189.5196975277991,225.1905598243241,2427.6302970488825,50.3952044415403,34.56461209982189,350.09901695391218,412.534273227531,7090.7601859808059,0.0,0.0,194.9902184569078,232.71062045104143,2017.5756660540038,1822.0743001140932,21.370920154408116,39.51592706089694,22.000000000000005,30.000000000000008,0.0,20.311282744872217,42.183682379176548,16.000000000000005,30.000000000000008,1633.3196132157278,21.503846755480287,39.19807437344248,21.500000000000005,30.000000000000008,0.0,20.16659245137767,48.174724646750579,19.000000000000005,30.000000000000008,0.0,14.984743580324582,59.22014053710012,12.000000000000002,30.000000000000008,0.0,18.352116073744594,48.29736547548233,16.000000000000005,30.000000000000008,0.0,18.039151858784828,48.94641475606838,10.000000000000002,30.000000000000008,0.0,18.181606348732815,48.642011778002338,16.000000000000005,30.000000000000008,0.0,16.303629950719534,54.774667134674917,12.000000000000002,30.000000000000008,0.0,18.813513316362994,0.0,0.0,0.0,15.017494949167464,0.0,0.0,526.9349016037736,529.2841978395512,525.1243676345323,861.1525206505561,565.9449424124571,587.2203319342908,563.9904706940072,576.8630301677833,577.1969719806311,10056.439346539913,81.35522908884399,85.05798742315818,132.00000000000004,0.0,132.00000000000004,132.00000000000004,16.0,19.0,16.0,12.0,16.0,12.0,21.0,10.0,1.0,0.0,1822.0743001140932,0.0,1633.3196132157278,0.0,0.0,0.0,0.0,0.0,5603.248604812743,3361949.1628876447,4360270.263476538,81.35522908884399,85.12087255198893,0.3567749534937581,0.767453711186165,0.3602813740196596,85.12087255198893,0.35426478194388757,4360270.263476538,0.23130272036744665 
 02/23  08:30:00,10.02,79.5,9.535,59.0,221.0,0.0,4.0,0.0,0.0,0.0,0.0,0.0,0.0,0.0,0.0,640.0,0.0,120.93842127599732,25.963853182638738,66.53163237970053,3.626380139431063,96.52075864801249,0.0,25.963853182638727,35.494555743808898,0.0,0.0,20.395430294761466,-1683.0872208280399,19.37413855496257,519.4637217666223,20.619863299009006,-312.3931051500274,19.324776742205136,-59.69360158308683,14.900397196335469,51.494544262286698,17.79377519898688,-36.59336491154747,17.19191311585817,143.05318233225217,16.865746278470547,-28.6566249546117,16.363239308488958,-308.78086290280387,1037.551114521656,1144.4245630746717,0.0,0.0,0.0,0.0,0.0,0.0,0.0,0.0,0.0,0.0,0.0,0.0,0.0,0.0,0.0,0.0,0.0,0.0,0.0,0.0,0.0,0.0,1.0421196128183357,0.31810732992012688,418.26602526462195,488.789479309665,9285.9491875411,0.26586405933794329,0.040577542633996228,291.64689393781625,341.9003928588933,5928.812009960477,0.8571582659969113,0.16197246145066358,103.74511192197717,121.34738477516403,2318.1703179326989,0.2784879016407693,0.05262432003793825,29.014238667176455,34.028502096701938,577.4599810026616,0.0,0.0,12.515638141337873,14.94118711635742,126.36569692798628,0.0,0.0,38.66029269575242,45.660673778044529,618.1595876447144,0.0,0.0,289.7446688797171,342.6368168866659,4480.948130198226,0.0,0.0,13.34001174409157,15.797311219616752,198.44016314110457,0.0,0.0,200.54513917789149,238.57432343394835,2427.7673592002045,50.529442260587448,34.6566819345593,339.54331789519889,400.05393421559486,6840.048423659635,0.0,0.0,207.5844635196697,247.76289997681847,2133.4758903023905,1840.7844620131146,21.253068072174643,40.12645049754343,22.0,30.0,0.0,20.28019528027035,42.53063818871653,16.0,30.0,811.9013362837939,21.46020102420758,39.53635710822154,21.25,30.0,0.0,19.96904417870976,49.239610859685758,19.0,30.0,0.0,15.011777313962022,59.23076535686485,12.0,30.0,0.0,18.028805830774578,49.064012419378,16.0,30.0,0.0,17.749993652042467,49.839916290236917,10.0,30.0,0.0,17.425529807409889,50.94666817405958,16.0,30.0,0.0,16.029711960488073,55.57553199705322,12.0,30.0,0.0,18.82961553649162,0.0,0.0,0.0,15.085268179684828,0.0,0.0,544.7422897997764,541.9829571696032,538.8661650100437,896.4845516173685,564.0017225224029,567.8518957054063,555.2010190130194,569.505931099875,559.3426241373993,9970.472288218083,81.41216020074109,84.93047196087952,132.0,0.0,132.0,132.0,16.0,19.0,16.0,12.0,16.0,12.0,21.0,10.0,1.0,0.0,1840.7844620131146,0.0,811.9013362837939,0.0,0.0,0.0,0.0,0.0,5324.483053177311,3194689.8319063868,4158854.253516418,81.41216020074109,84.99022457456015,0.3474827684392437,0.768109274698198,0.36028137401965956,84.99022457456015,0.3542647819438875,4158854.253516418,0.22079975451618709 
 02/23  08:40:00,10.113333333333334,79.0,9.593333333333334,63.5,233.16666666666669,0.0,0.0,1.0,2.0,0.0,0.0,0.0,0.0,0.0,0.0,1440.0,0.0,147.77551192724918,28.135614800575106,72.09673417669913,4.431088587520577,117.9392782071775,0.0,28.13561480057509,38.4635185271007,0.0,0.0,20.527213208499938,-1308.5694537763926,19.416464293237114,647.56129270183,20.731694539782198,-2225.894701462789,19.434564859104645,817.3491860629101,14.920392692686339,52.99733151475238,18.59189073362389,-94.94935218594014,17.1297509498566,141.0546387547166,17.66143653736757,-93.3109112148868,16.241656059011445,-254.15404091344753,1186.5339178773334,1117.8994552661989,0.0,0.0,0.0,0.0,0.0,0.0,0.0,0.0,0.0,0.0,0.0,0.0,0.0,0.0,0.0,0.0,0.0,0.0,0.0,0.0,0.0,0.0,0.9730410155762013,0.2970210670257032,431.3818629449301,503.99807507591449,9640.741363957666,0.28217378255474659,0.04306681662923492,334.2012340021363,391.9274411445152,6744.914923243025,0.7963008214386229,0.15047256640941512,491.8768014569217,574.1612990477079,11161.384985298311,0.27626053057121538,0.052203426033865438,369.8433566990942,433.73241418603296,7442.380926485721,0.0,0.0,13.587287525301353,16.22895073328057,135.20503707185098,0.0,0.0,19.488718267721038,22.934052205140014,356.0937446696745,0.0,0.0,269.92276830988586,319.5223356516995,4063.0577927839469,0.0,0.0,26.273850193349259,30.934828402185418,459.561663991916,0.0,0.0,207.44598474410916,247.0334355632877,2416.755303523069,50.83298741861853,34.864874772715129,695.6716341745864,818.3436517889659,13719.2396796244,0.0,0.0,213.09903451102009,254.3993949017025,2182.9029582334148,1868.6196243564369,21.422634851407218,40.30149962620969,22.000000000000047,30.000000000000065,0.0,20.303460500861026,43.06576915066787,16.000000000000033,30.000000000000065,2342.99108032736,21.57412484954666,40.11812514686017,21.5555555555556,30.000000000000065,0.0,20.26385788649635,43.61935239622148,16.000000000000033,30.000000000000065,0.0,15.033481450003768,59.25937031852606,12.000000000000029,30.000000000000065,1615.3336758753272,19.272787632220614,46.41527041669669,20.000000000000044,30.000000000000065,0.0,17.63494005591016,50.513364616278327,10.000000000000022,30.000000000000065,1345.308348451776,18.661002284979618,47.83703863691861,20.700000000000047,30.000000000000065,0.0,15.895540490626792,56.214934234585367,12.000000000000029,30.000000000000065,0.0,19.374136141924045,0.0,0.0,0.0,15.166235076037893,0.0,0.0,582.5921216397107,577.1847874825531,593.547106128456,603.5957980632798,562.1988545699303,639.5671581341456,566.6403458357744,615.546191956865,561.6968268118894,10587.74498537744,81.00390637649197,85.12599833590657,60.00000000000013,0.0,60.00000000000013,60.00000000000013,16.0,16.0,19.0,12.0,19.7,12.0,21.0,10.0,1.0,0.0,1868.6196243564369,0.0,2342.99108032736,0.0,1615.3336758753272,0.0,1345.308348451776,0.0,6237.834672178891,3742700.8033073239,4884362.154902718,81.00390637649197,85.19600514178362,0.35903893351707436,0.7669447791398194,0.36028137401966039,85.19600514178362,0.3542647819438883,4884362.154902718,0.2560368320549413 
 02/23  08:50:00,10.206666666666667,78.5,9.651666666666668,68.0,245.33333333333332,0.0,0.0,1.0,2.0,0.0,0.0,0.0,0.0,0.0,0.0,640.0,0.0,181.03759830557727,30.30163613656298,77.64712943862618,5.4284475326071439,144.48551976172954,0.0,30.301636136562963,41.424633909770857,0.0,0.0,20.56901540129811,-1449.6487779621203,19.53595704282685,514.7214223041751,20.73881537086912,-1469.4000050557584,19.624890042726436,421.2995693428152,14.944551583021122,52.414538886453687,18.809162115233819,-107.10191778594973,17.09263525668897,117.99439228503752,18.673179314327933,-278.0875072757897,16.17889455510445,-169.9392170473916,1174.7101847908844,1163.6350272416574,0.0,0.0,0.0,0.0,0.0,0.0,0.0,0.0,0.0,0.0,0.0,0.0,0.0,0.0,0.0,0.0,0.0,0.0,0.0,0.0,0.0,0.0,0.9648752800297202,0.29452847375754589,439.56879941300738,513.3523358828916,9750.769938871235,0.2579747641083421,0.03937343774547346,298.2312197150867,349.44400044723019,6035.111230059792,0.8549493386602867,0.16155505265689475,400.3207547124881,467.12398577222089,8913.361294178325,0.25158234972203299,0.04754012655367213,285.6146009495013,334.38873149458166,5835.511576920488,0.0,0.0,13.513568468107709,16.128649735700205,132.69272846710374,0.0,0.0,19.422611647384863,22.81656367692076,361.36950863190466,0.0,0.0,269.6027101368981,319.01012738529507,3964.4237449337595,0.0,0.0,44.24856548683267,51.80034333330145,898.876068948038,0.0,0.0,215.62450127610095,256.62833529048995,2453.0235852345456,50.954714869980509,34.94836410835427,603.0058533651614,708.9188309233978,11929.403281166127,0.0,0.0,223.36545417308373,266.20813145108328,2368.0262525675454,1849.9494115644487,21.471514033503867,40.15006989164158,22.0,30.0,0.0,20.429649976753013,42.85507924976081,16.0,30.0,2176.285153412929,21.434851449587748,40.33576939717544,21.5,30.0,0.0,20.494369932779045,42.73921262224958,16.0,30.0,0.0,15.061793073271439,59.38478569027559,12.0,30.0,0.0,19.566483574682168,47.2562076681739,19.0,30.0,0.0,17.55014801227685,50.955412025338478,10.0,30.0,1274.1581524419226,20.403047483468759,43.45370647640754,20.7,30.0,0.0,15.850469140409066,56.720435608177258,12.0,30.0,0.0,19.39431789404191,0.0,0.0,0.0,15.44224174855291,0.0,0.0,579.3755263075443,584.0434021313257,583.3474375592132,586.8051672949013,566.6115587809495,739.3500230665536,574.2883880452059,636.3074377340089,576.2459706276272,9610.415623074554,81.65034254705647,81.65034254705647,60.0,0.0,60.0,60.0,16.0,16.0,19.0,12.0,19.7,12.0,21.0,10.0,1.0,0.0,1849.9494115644487,0.0,2176.285153412929,0.0,0.0,0.0,1274.1581524419226,0.0,0.0,0.0,0.0,81.65034254705647,81.65034254705647,0.34,0.7708303411511759,0.36028137401965956,81.65034254705647,0.3542647819438875,0.0,0.0020233333333333337 
 02/23  09:00:00,10.3,78.0,9.71,72.5,257.5,0.0,0.0,1.0,2.0,0.0,0.0,0.0,0.0,0.0,0.0,640.0,0.0,220.9616566386505,32.46207507353509,83.18322248497533,6.625562546016765,176.34861101753286,0.0,32.462075073535078,44.37811772975826,0.0,0.0,20.64532281300882,-1426.1571764252804,19.595365680594325,550.2219308913918,20.90734709414221,-1333.3868265267386,19.658894678722434,445.4898117495511,14.96905357734202,53.89720910692017,18.758633353778977,-92.97649821692829,17.09802986901676,170.52313069646699,18.63045694688524,-262.3344691241755,16.193876897691838,-107.06937677188012,1188.267548114116,1122.3329753066212,0.0,0.0,0.0,0.0,0.0,0.0,0.0,0.0,0.0,0.0,0.0,0.0,0.0,0.0,0.0,0.0,0.0,0.0,0.0,0.0,0.0,0.0,0.9852045257301429,0.3007339822131083,463.62976607726099,541.3090392083052,10256.807772370594,0.257520000007533,0.03930402930517903,296.43746840403738,347.2369489603234,5959.236548793181,0.8542155996495715,0.16141640205018366,391.1178359527655,455.9532340533576,8749.360010791766,0.2469317760168331,0.04666133333651418,275.20863756459206,322.01067430825358,5583.683277225577,0.0,0.0,13.591807121468066,16.219445788128078,131.65708809957506,0.0,0.0,19.406990634601678,22.819085324903694,345.21284423670957,0.0,0.0,265.9654387592136,314.6752530741393,3868.7035411962117,0.0,0.0,47.897060499773278,56.168617361376409,934.7507781644373,0.0,0.0,212.42378196202587,252.7493271742238,2409.110397364462,51.196927361731869,35.11449064590664,581.750134819669,683.5193907323891,11540.156826479748,0.0,0.0,220.46986982189834,262.6410105983896,2353.028227054941,1838.295607685838,21.552046624185726,39.78215052965507,22.0,30.0,0.0,20.457657756586188,42.64643144973648,16.0,30.0,1820.1499288577634,21.698742270742366,39.422931136320119,21.5,30.0,0.0,20.515758360838868,42.44736492247587,16.0,30.0,0.0,15.089730790072477,59.54650161513908,12.0,30.0,445.3079818159948,19.24508326516846,49.27552893851028,19.0,30.0,0.0,17.565429093186297,51.14296300537656,10.0,30.0,644.4587264627902,20.14101002804928,44.450864036060959,19.95,30.0,0.0,15.92822513794175,56.88316925228749,12.0,30.0,0.0,19.494103107248806,0.0,0.0,0.0,15.57324716325784,0.0,0.0,566.7360301868193,574.21827699614,565.215874625381,570.6549413904035,574.783232135813,796.320753183124,583.7475590334939,638.8133500515553,593.0021859770025,9968.004059281393,81.41368076627004,85.14208078736508,60.0,0.0,60.0,60.0,16.0,16.0,19.0,12.0,19.7,12.0,21.0,10.0,1.0,0.0,1838.295607685838,0.0,1820.1499288577634,0.0,445.3079818159948,0.0,644.4587264627902,0.0,5642.018012009587,3385210.8072057527,4401799.425989416,81.41368076627004,85.20540139716189,0.35806726706698629,0.7683820902115383,0.36028137401965956,85.20540139716189,0.3542647819438875,4401799.425989416,0.23089023681811636 
 02/23  09:10:00,10.416666666666668,77.5,9.538333333333336,77.0,269.6666666666667,0.0,0.0,0.0,0.0,0.0,0.0,0.0,0.0,0.0,0.0,1120.0,0.0,267.09273288503899,34.576342557427988,88.60100588983824,8.008792032573185,213.1654577889491,0.0,34.576342557427967,47.268481672909008,0.0,0.0,20.043133458941413,-410.1637954925969,19.580446571258855,182.1968431848257,20.20822997524484,-843.5308608872653,19.651618048606438,106.80692595344468,14.991456004896948,48.434206158059918,18.602707070765758,-261.90742370264595,17.13898159137299,144.67813699990178,18.21962947912109,-173.53269804441227,16.197439329967105,-109.57291058632316,820.7152293900028,1038.2656019641759,0.0,0.0,0.0,0.0,0.0,0.0,0.0,0.0,0.0,0.0,0.0,0.0,0.0,0.0,0.0,0.0,0.0,0.0,0.0,0.0,0.0,0.0,0.9093502772104086,0.27757944969792699,243.15189877322545,285.115702241135,4967.71503847559,0.20805138617687908,0.03175387456912075,164.23327442633818,192.91216813677034,3247.1359184191817,0.8022256562933869,0.1515921497153037,259.75811281737978,304.46045743187286,5382.1206639520319,0.18821337450767987,0.0355656414413605,158.97813781019517,186.6575786385869,3193.044925770093,0.0,0.0,12.411448407607145,14.819206651427459,117.8212096783577,0.0,0.0,81.25113179958221,95.67871184157124,1402.44405577391,0.0,0.0,321.02136138259837,379.9389961946339,4631.314066657931,0.0,0.0,41.385110500058107,48.679934001052888,745.444085420138,0.0,0.0,208.91659426816438,248.68005833242177,2333.8304000381228,49.726700446622547,34.10610455872603,317.2013080984101,374.1604460758298,6326.141539528223,0.0,0.0,216.49126183601687,258.01921343857387,2268.467708549648,0.0,20.54762846032665,42.2372948179375,21.999999999999998,29.999999999999994,0.0,20.31550804613311,42.93036377038129,16.0,29.999999999999994,0.0,20.675481201603767,41.7972209277874,21.57142857142857,29.999999999999994,0.0,20.44435997582071,42.535422042713047,16.0,29.999999999999994,0.0,15.111385522907572,59.77966072874567,12.0,29.999999999999994,0.0,19.071673935195919,47.822020334419899,16.0,29.999999999999994,0.0,17.622182215205446,51.45432473268466,10.0,29.999999999999994,0.0,19.431574425516489,46.074890145923337,12.0,29.999999999999994,0.0,15.961335965303775,57.08304939617509,12.0,29.999999999999994,0.0,18.54879031574672,0.0,0.0,0.0,15.59367164648761,0.0,0.0,560.1395531669487,567.4153412516625,551.2963090268728,563.0428918762943,586.551149170075,666.0281140548392,610.5503752663475,615.9611916252006,606.4692707671086,0.0,81.81857958587774,81.81857958587774,59.999999999999989,0.0,59.999999999999989,59.999999999999989,16.0,16.0,16.0,12.0,12.0,12.0,21.0,10.0,0.0,0.0,0.0,0.0,0.0,0.0,0.0,0.0,0.0,0.0,0.0,0.0,0.0,81.81857958587774,81.81857958587774,0.0,0.0,0.0,81.81857958587774,0.0,0.0,0.0019699999999999997 
 02/23  09:20:00,10.533333333333335,77.0,9.366666666666668,81.5,281.8333333333333,0.0,0.0,0.0,0.0,0.0,0.0,0.0,0.0,0.0,0.0,640.0,0.0,319.7432938456886,36.727673662559897,94.11376458055865,9.587505105478816,255.18543593604256,0.0,36.72767366255988,50.209514396262829,0.0,0.0,19.460852777887465,-152.13625963501273,19.329732188013418,-109.39323749531161,19.6245437402418,-240.3658649740015,19.284570312275915,-154.17502771873155,15.006004361747199,39.49462822478121,18.26065519075929,-156.2628561249868,17.020281120208034,71.43739761004236,17.56384582093311,-69.55694643838157,16.191727002998645,-137.17706641326459,680.3583677458795,873.9033983983236,0.0,0.0,0.0,0.0,0.0,0.0,0.0,0.0,0.0,0.0,0.0,0.0,0.0,0.0,0.0,0.0,0.0,0.0,0.0,0.0,0.0,0.0,0.8009574529797408,0.24449250701457288,148.54102508525694,174.62568483314306,2713.452289579749,0.149988742226375,0.022892054674355158,87.91452841348688,103.38654985719755,1627.1282453575196,0.7481887090633438,0.1413810863687347,139.47732906030397,163.98116824013426,2568.100279398747,0.1437293915201799,0.027159748964508673,102.01281750434794,119.88949882547593,1877.7217127066968,0.0,0.0,11.105326265524069,13.250702300450405,103.01033361293975,0.0,0.0,69.8866229000861,82.43311572836463,1105.4714878018734,0.0,0.0,292.13830505478526,345.83624540775318,4018.543199900846,0.0,0.0,30.011266318115429,35.43335438774466,464.01563118988465,0.0,0.0,190.33392680437283,226.43700172746186,2084.560295348364,48.09989785341848,32.99032774582888,170.51287540675404,201.71536182797548,3224.5083802631186,0.0,0.0,196.3308716002682,234.0064591569352,1948.2056062076502,0.0,19.64508261587975,44.59471730806605,22.0,30.0,0.0,19.758156958161867,44.22769107079571,16.0,30.0,0.0,19.73923419113975,44.1191278900157,22.0,30.0,0.0,19.74337282372222,44.28333855714855,16.0,30.0,0.0,15.119717065619185,60.00526464724993,12.0,30.0,0.0,18.453630990694486,48.83618224202495,16.0,30.0,0.0,17.395438441617239,52.020857156842797,10.0,30.0,0.0,18.2375501891933,49.44138551588753,12.0,30.0,0.0,15.968161719509786,57.11557135607273,12.0,30.0,0.0,17.63746368775157,0.0,0.0,0.0,15.426513651921614,0.0,0.0,555.6809359344779,551.4292029109622,539.4634863247176,552.3436030788114,596.470461644379,610.4472812861344,599.1908747227629,605.991516522427,608.2587148446955,0.0,81.81857958587774,81.81857958587774,60.0,0.0,60.0,60.0,16.0,16.0,16.0,12.0,12.0,12.0,21.0,10.0,0.0,0.0,0.0,0.0,0.0,0.0,0.0,0.0,0.0,0.0,0.0,0.0,0.0,81.81857958587774,81.81857958587774,0.0,0.0,0.0,81.81857958587774,0.0,0.0,0.0019500000000000002 
 02/23  09:30:00,10.65,76.5,9.195,86.0,294.0,0.0,0.0,0.0,0.0,0.0,0.0,0.0,0.0,0.0,0.0,800.0,0.0,377.9999933584663,38.87065850459881,99.60513800433836,11.334315520146858,301.6796135731146,0.0,38.87065850459879,53.139137145198628,0.0,0.0,19.122384797830038,-86.61108985127494,19.085928322185074,-245.00099104276689,19.299003665530468,-322.29330918252739,18.979780015512309,-137.90027800024655,15.01435883504048,31.822945018009798,18.083790133471,-127.60626243725348,16.907862945000816,43.67500002129927,17.19706508196532,-34.298611358106118,16.1572883737676,-168.5709094666794,531.1158042442637,726.1674667906157,0.0,0.0,0.0,0.0,0.0,0.0,0.0,0.0,0.0,0.0,0.0,0.0,0.0,0.0,0.0,0.0,0.0,0.0,0.0,0.0,0.0,0.0,0.6742361917112623,0.20581080333066616,143.78772320226978,169.26070451816327,2452.133141729947,0.12162438605857864,0.018562940485131055,63.54038024609386,74.76783566612889,1086.9628682581936,0.6337558293251753,0.11975733736303392,120.35143459836708,141.59420050896532,2061.656025946271,0.12164330660746298,0.02298626353126662,69.53190395369535,81.76370823384497,1181.9128607898325,0.0,0.0,10.212318647717723,12.18731452456706,92.27104719634647,0.0,0.0,63.48802477761586,74.97864969520153,950.1374417503919,0.0,0.0,268.2949784155244,317.8973110783074,3520.5395785948828,0.0,0.0,21.283849951389926,25.186251755299478,297.4991703582891,0.0,0.0,171.61712901443537,204.24232121056833,1823.5885393557213,46.623650599829748,31.977812482736466,135.53504779722878,160.51998762832069,2421.279650284523,0.0,0.0,176.0388352249563,209.98569267643857,1646.218692006598,0.0,19.181270205269557,45.69963945757395,22.0,30.0,0.0,19.25651086858328,45.29198309705596,16.0,30.0,0.0,19.261077344822099,45.24160926131506,22.0,30.0,0.0,19.226953657477304,45.581561661691498,16.0,30.0,0.0,15.117117590135044,60.05818428187621,12.000000000000002,30.0,0.0,18.13984299077884,49.60457090743931,16.0,30.0,0.0,17.192941418909116,52.49400407096167,10.0,30.0,0.0,17.618548629856329,51.316634334685058,12.000000000000002,30.0,0.0,15.921526813756478,57.12339042994842,12.000000000000002,30.0,0.0,17.24247253460075,0.0,0.0,0.0,15.260924527419125,0.0,0.0,540.4231633522422,525.7920566504017,522.6440074348573,541.1510726951125,596.8120488009814,597.0383912972926,586.541759556301,600.6070293893889,598.7734620569245,0.0,81.81857958587776,81.81857958587776,60.0,0.0,60.0,60.0,16.0,16.0,16.0,12.0,12.0,12.0,21.0,10.0,0.0,0.0,0.0,0.0,0.0,0.0,0.0,0.0,0.0,0.0,0.0,0.0,0.0,81.81857958587776,81.81857958587776,0.0,0.0,0.0,81.81857958587776,0.0,0.0,0.00193 
 02/23  09:40:00,10.766666666666668,76.0,9.023333333333334,90.5,255.16666666666667,0.0,0.0,0.0,0.0,0.0,0.0,0.0,0.0,0.0,0.0,320.0,0.0,375.41182743859909,38.64769647617652,99.03378944993965,11.256707668809128,299.613993752649,0.0,38.6476964761765,52.83433114853402,0.0,0.0,18.785383872829664,-202.4249425584553,18.87775648149482,-114.17566564633239,19.075335006966755,-117.06299294533943,18.76008480036272,-45.44571476344038,15.018086472780935,28.974605162942966,17.943828754251997,-107.9447416869076,16.825617451663299,56.5867513832809,16.920640879043334,-16.847454480800367,16.116405392514083,-158.67538193648398,322.2328069789005,661.0853641290787,0.0,0.0,0.0,0.0,0.0,0.0,0.0,0.0,0.0,0.0,0.0,0.0,0.0,0.0,0.0,0.0,0.0,0.0,0.0,0.0,0.0,0.0,0.6046185344343071,0.18455999219606449,132.82856799557869,156.36063421871706,2104.393150704537,0.11313380492610623,0.01726706424391121,63.13913114812664,74.27607758749696,1022.2631780861132,0.5498528908164453,0.10390266266372742,33.23979806999453,39.16757781331908,550.9389854618249,0.11006703119086694,0.0207987587284329,8.833244115382247,10.388837919706838,144.26842545886826,0.0,0.0,9.83578122664924,11.719323077208385,86.49698763295612,0.0,0.0,61.24220950533574,72.26845069429571,875.8500722694178,0.0,0.0,259.41834237531989,307.0327255242305,3274.605460861657,0.0,0.0,17.692375149649295,20.93486624298174,227.90174971530167,0.0,0.0,164.6712737496093,195.69470942147695,1693.7604075995408,45.330847021094687,31.091115926676744,68.0174295358557,80.63409225778719,1342.479611632772,0.0,0.0,168.27142615306864,200.4211622173575,1521.8646899097558,0.0,18.679856249280527,46.90089081895873,22.0,30.0,0.0,18.895729224134244,46.22550995192674,16.0,30.0,0.0,18.980749647652755,45.94412718346835,22.0,30.0,0.0,18.881671466968628,46.60063076317961,16.0,30.0,0.0,15.113009062242832,60.023512835716918,12.0,30.0,0.0,17.916734572938674,50.158181204891167,16.0,30.0,0.0,17.056490584757105,52.83501101078734,10.0,30.0,0.0,17.181468671090224,52.63591016635355,12.0,30.0,0.0,15.867136657383604,57.18549662883989,12.0,30.0,0.0,16.68286115442844,0.0,0.0,0.0,15.224953030487399,0.0,0.0,520.4428420632781,518.0947776480023,515.0824453021521,542.694397217191,592.6618468584886,587.206922765463,579.2109426809799,593.2308380057584,590.7934726012487,0.0,81.81857958587774,81.81857958587774,60.0,0.0,60.0,60.0,16.0,16.0,16.0,12.0,12.0,12.0,21.0,10.0,0.0,0.0,0.0,0.0,0.0,0.0,0.0,0.0,0.0,0.0,0.0,0.0,0.0,81.81857958587774,81.81857958587774,0.0,0.0,0.0,81.81857958587774,0.0,0.0,0.00191 
 02/23  09:50:00,10.883333333333335,75.5,8.851666666666667,95.0,216.33333333333338,0.0,0.0,0.0,0.0,0.0,0.0,0.0,0.0,0.0,0.0,640.0,0.0,389.76177259971976,39.547441323149218,101.33930321981936,11.686978566630316,311.0664751627039,0.0,39.547441323149197,54.06435056827993,0.0,0.0,18.615789454986257,22.67994983194467,18.73765283377022,-275.06458421182256,18.851362621329274,-295.09631263058579,18.61803838305254,-142.56879694939824,15.021364564415224,24.792155793320704,17.866279232003344,-111.12733374128163,16.743465196748035,23.256590995511034,16.759995049729306,-11.197366359406559,16.092128649725806,-160.28783827769713,471.9085344185754,568.362731690472,0.0,0.0,0.0,0.0,0.0,0.0,0.0,0.0,0.0,0.0,0.0,0.0,0.0,0.0,0.0,0.0,0.0,0.0,0.0,0.0,0.0,0.0,0.5092984208936098,0.15546349844127284,198.3873386484054,234.09205053777664,3028.1528806562257,0.08957261730955435,0.013671034387905122,92.26617787771697,108.83274768746662,1427.66199991111,0.43365954322340147,0.08194624777464128,137.88636226235358,162.60922957095077,2140.912795624914,0.07716247808360516,0.014580967135979808,82.22938981173987,96.91205577346693,1272.548903528098,0.0,0.0,9.304083993607648,11.099799021927979,79.54198119383286,0.0,0.0,59.56262882006115,70.39993175200205,824.3937877039602,0.0,0.0,243.2139009077423,288.3611143807422,2948.3145393819324,0.0,0.0,13.659689564248682,16.1944150889318,166.73924923319698,0.0,0.0,151.99606140686624,180.8869323238869,1519.9892876945847,44.122051713282989,30.262038212128254,177.64177098931536,210.54310910519207,2827.313230463191,0.0,0.0,154.77265600772788,184.62977337265154,1342.902119383922,0.0,18.53335069153048,47.253467069180718,22.0,30.0,0.0,18.640359404023085,46.81182195477935,16.0,30.0,0.0,18.664043744933289,46.791613083865978,22.0,30.0,0.0,18.664282141915785,46.9975466606712,16.0,30.0,0.0,15.10887923019067,59.95788988927144,12.0,30.0,0.0,17.802109542725213,50.38131907521003,16.0,30.0,0.0,16.921478005230698,53.08780028464642,10.0,30.0,0.0,16.96162879223465,53.27777622508961,12.0,30.0,0.0,15.84219993656023,57.10468487093103,12.0,30.0,0.0,17.19576515649659,0.0,0.0,0.0,15.15868923341289,0.0,0.0,514.7142230332363,504.9053417218556,508.6176918021888,524.1230545468036,587.4826043044117,577.6742630507473,565.9686566463722,587.1359254319186,580.5491402919131,0.0,81.81857958587774,81.81857958587774,60.0,0.0,60.0,60.0,16.0,16.0,16.0,12.0,12.0,12.0,21.0,10.0,0.0,0.0,0.0,0.0,0.0,0.0,0.0,0.0,0.0,0.0,0.0,0.0,0.0,81.81857958587774,81.81857958587774,0.0,0.0,0.0,81.81857958587774,0.0,0.0,0.0019166666666666666 
 02/23  10:00:00,11.0,75.0,8.68,99.5,177.5,0.0,0.0,0.0,0.0,0.0,0.0,0.0,0.0,0.0,0.0,320.0,0.0,394.3428428959793,40.3364540096608,103.36106186022578,11.824333402133095,314.7225096410243,0.0,40.33645400966078,55.14299072954398,0.0,0.0,18.470612287244305,-119.30930526806606,18.642209927280516,-107.2400979129668,18.72343841794799,-117.7717834385074,18.490499646807949,-35.47126873577321,15.023532541730632,23.555433029095924,17.792103044630467,-105.23071879869576,16.696428049293837,42.08486081586216,16.61363913890847,-6.578547690238281,16.066520567539017,-152.98649337006874,235.1306812586509,530.0849501572679,0.0,0.0,0.0,0.0,0.0,0.0,0.0,0.0,0.0,0.0,0.0,0.0,0.0,0.0,0.0,0.0,0.0,0.0,0.0,0.0,0.0,0.0,0.4541541449595117,0.13863069137958235,131.54988942317915,155.11441119147697,1946.0923010615207,0.08320553646553437,0.012699257702309886,52.425011292911708,61.825360474392677,782.9976723371666,0.3946677527763155,0.07457818457602338,44.56934139830305,52.609488706918117,672.8226213444785,0.07333413982073167,0.013857547207243321,6.7064531732025449,7.898491600481609,101.05451034008984,0.0,0.0,9.161308087884235,10.915394460757574,76.1188607162494,0.0,0.0,59.173705243376208,69.87844739774582,792.9129544327286,0.0,0.0,238.98407792950884,283.0360023053778,2810.7707291668436,0.0,0.0,11.844624199729328,14.035076531217929,137.11187206259414,0.0,0.0,147.56218987890197,175.39026389967416,1432.942241262335,42.92380928796666,29.440198414243264,67.18141784751239,79.72990846614298,1250.1281297109698,0.0,0.0,149.72046822091563,178.36707881171183,1261.7622228837586,0.0,18.358654735725965,47.70765993194151,22.0,30.0,0.0,18.501706094795563,47.19780214026002,16.0,30.0,0.0,18.547992436147366,47.10248515009904,22.0,30.0,0.0,18.487182688879675,47.50087777726482,16.0,30.0,0.0,15.10538028147986,59.832847200427028,12.0,30.0,0.0,17.693675099882609,50.57362148875288,16.0,30.0,0.0,16.855694007150299,53.20699059417465,10.0,30.0,0.0,16.758055920467407,53.83621821587816,12.0,30.0,0.0,15.813600110178108,57.0509733293231,12.0,30.0,0.0,16.521147095069087,0.0,0.0,0.0,15.151597042441356,0.0,0.0,508.4195404624055,502.6354226000583,505.5699276732331,522.0467034628488,579.0734973361189,567.187774048185,559.251399150239,578.6025419849225,570.9714290799202,0.0,81.81857958587774,81.81857958587774,60.0,0.0,60.0,60.0,16.0,16.0,16.0,12.0,12.0,12.0,21.0,10.0,0.0,0.0,0.0,0.0,0.0,0.0,0.0,0.0,0.0,0.0,0.0,0.0,0.0,81.81857958587774,81.81857958587774,0.0,0.0,0.0,81.81857958587774,0.0,0.0,0.0019233333333333334 
 02/23  10:10:00,11.043333333333335,75.16666666666667,8.925,104.0,138.66666666666664,0.0,0.0,0.0,0.0,0.0,0.0,0.0,0.0,0.0,0.0,800.0,0.0,359.22210247812566,40.60789381187973,104.05655963202769,10.771248959639669,286.6929542448488,0.0,40.60789381187971,55.51406951831909,0.0,0.0,18.360886095413649,-3.3184204426450387,18.55305980453102,-248.26850244317786,18.58599308783179,-285.66419698871928,18.40898745925002,-93.59607403608517,15.023534276834765,22.181610736598388,17.731382248947136,-104.01222518065775,16.654742445919316,28.106607622473349,16.51576764021794,-4.844481898520349,16.051238698467388,-147.04402620251077,386.1385212957475,486.9603021071125,0.0,0.0,0.0,0.0,0.0,0.0,0.0,0.0,0.0,0.0,0.0,0.0,0.0,0.0,0.0,0.0,0.0,0.0,0.0,0.0,0.0,0.0,0.42346426755467228,0.12926259693366064,179.82706647090965,212.38349352892488,2595.291034302914,0.07481439021718264,0.011418557725455227,81.93086100791528,96.74428883761878,1197.5454284041453,0.36042264482960975,0.06810707574255667,113.69771615938801,134.20198310655855,1665.3302325755195,0.06735308863844999,0.012727341012556687,57.894367432024,68.31568141346318,845.9029580548199,0.0,0.0,8.99871856158758,10.73901174878976,73.91365837708563,0.0,0.0,57.96943565255445,68.58024298864231,764.3488078676427,0.0,0.0,231.839996577903,275.07388496402509,2679.9237727340575,0.0,0.0,9.18998454342493,10.910934901633813,103.43678825012018,0.0,0.0,141.4456974325853,168.40025545182693,1358.0963204057285,43.95904678643493,30.150237850778426,143.26042097130543,169.96859068652234,2210.4037395663306,0.0,0.0,143.4279661236415,171.15405862295774,1193.0982212327604,0.0,18.27196881281781,47.89737538933373,22.0,30.0,0.0,18.369813109959368,47.48853119094642,16.0,30.0,0.0,18.380158721009438,47.49853012190558,22.0,30.0,0.0,18.37641620195496,47.72509152001879,16.0,30.0,0.0,15.102300370627681,59.729870612298899,12.000000000000002,30.0,0.0,17.62952129249217,50.648367755895957,16.0,30.0,0.0,16.79801664327719,53.221772867081387,10.0,30.0,0.0,16.641111627140405,54.14686012395427,12.000000000000002,30.0,0.0,15.803300730434686,56.91481899507953,12.000000000000002,30.0,0.0,16.918179755117966,0.0,0.0,0.0,15.141420011283494,0.0,0.0,501.2673597329133,491.0135507735108,494.0922114686464,511.82357053159395,571.9495055132885,557.8284677704369,546.562052567808,572.5657941692897,560.0160259357137,0.0,81.81857958587776,81.81857958587776,60.0,0.0,60.0,60.0,16.0,16.0,16.0,12.0,12.0,12.0,21.0,10.0,0.0,0.0,0.0,0.0,0.0,0.0,0.0,0.0,0.0,0.0,0.0,0.0,0.0,81.81857958587776,81.81857958587776,0.0,0.0,0.0,81.81857958587776,0.0,0.0,0.00193 
 02/23  10:20:00,11.086666666666666,75.33333333333334,9.17,108.5,99.83333333333332,0.0,0.0,0.0,0.0,0.0,0.0,0.0,0.0,0.0,0.0,320.0,0.0,341.04470266597095,41.22720117181489,105.64343975162751,10.226200391461348,272.18567719579928,0.0,41.22720117181487,56.36070963198559,0.0,0.0,18.246583920746369,-104.00080512457316,18.47223040505767,-108.73670867664706,18.46463836707432,-104.72311997355314,18.292492107150819,-158.405543782182,15.023183451194518,22.083857007913907,17.668639247595153,-97.70413085338294,16.626586979567628,40.50044818192873,16.416415286401617,-5.293025771198501,16.037840800667703,-139.65028930042628,314.18345757322757,468.9466935202122,0.0,0.0,0.0,0.0,0.0,0.0,0.0,0.0,0.0,0.0,0.0,0.0,0.0,0.0,0.0,0.0,0.0,0.0,0.0,0.0,0.0,0.0,0.42303552620628057,0.12913172350619066,121.98921469612862,143.97312391778125,1729.1443087805163,0.07644182000902863,0.01166694444582244,40.588274012189007,47.95964464643683,580.1081629183174,0.3847615233054281,0.07270625912800988,95.04529172996334,111.98558322386583,1365.2560219579419,0.06612693256577408,0.012495641074409309,52.0970485561667,61.30853266213461,730.570095603008,0.0,0.0,9.026054442812012,10.75577542514299,73.30831273161368,0.0,0.0,57.47593522592654,67.91410292909097,744.9363289127568,0.0,0.0,230.3104835738731,272.880833700613,2628.5275443712455,0.0,0.0,8.647922646587578,10.255146909062159,94.38185332027828,0.0,0.0,139.03066173423464,165.280716976606,1320.6895292128759,44.97460009536579,30.846776471444309,100.78896060484554,119.4598927615022,1632.9306065741933,0.0,0.0,141.82473843709668,168.97459027907108,1172.2093899088578,0.0,18.136436009005228,48.290615840515659,22.0,30.0,0.0,18.27414509690678,47.76836719696864,16.0,30.0,0.0,18.257757150592945,47.934468328622447,22.0,30.0,0.0,18.20220058816051,48.153168888526,16.0,30.0,0.0,15.098819412887743,59.5798940828505,12.0,30.0,0.0,17.55686159282118,50.74349993870784,16.0,30.0,0.0,16.76611237209675,53.24236223023877,10.0,30.0,0.0,16.511615280281558,54.468928416933199,12.0,30.0,0.0,15.794305926370308,56.80797643246112,12.0,30.0,0.0,16.687580134158343,0.0,0.0,0.0,15.15758950394396,0.0,0.0,494.8972532978029,487.38333626093677,497.32034496289045,499.13037373449427,561.7999109510297,547.7083713432467,540.1106848783,564.1824205528192,550.9077485756797,0.0,81.81857958587774,81.81857958587774,60.0,0.0,60.0,60.0,16.0,16.0,16.0,12.0,12.0,12.0,21.0,10.0,0.0,0.0,0.0,0.0,0.0,0.0,0.0,0.0,0.0,0.0,0.0,0.0,0.0,81.81857958587774,81.81857958587774,0.0,0.0,0.0,81.81857958587774,0.0,0.0,0.00193 
 02/23  10:30:00,11.129999999999999,75.5,9.415,113.0,61.0,0.0,0.0,0.0,0.0,0.0,0.0,0.0,0.0,0.0,0.0,480.0,0.0,280.356742260412,40.858528277070529,104.6986681370712,8.406493887313735,223.7511806334435,0.0,40.858528277070508,55.85670583402523,0.0,0.0,18.158809779403378,-9.93324077829038,18.378175010032924,-251.11088564786216,18.355677517707016,-221.3970434876083,18.214115159358515,-22.337412106865885,15.019832884845963,21.44066476021369,17.603667309910727,-92.99663388998462,16.596031493898228,31.442012611394895,16.336453420851499,-11.512300346774524,16.030521527720503,-130.1771607244586,325.82428125697819,447.8992858787789,0.0,0.0,0.0,0.0,0.0,0.0,0.0,0.0,0.0,0.0,0.0,0.0,0.0,0.0,0.0,0.0,0.0,0.0,0.0,0.0,0.0,0.0,0.399793053954685,0.12203695175661934,153.68771848164014,181.53784710197778,2131.4779184781534,0.06583104006390137,0.010047472537225481,92.89382904256236,109.67405168109674,1302.010002832928,0.37897237329508695,0.07161231543746917,82.97201502794192,98.06415727289192,1162.922711312429,0.07279107906488948,0.013754928016796946,37.24955719395854,44.04053898330653,519.6455113135918,0.0,0.0,8.903113761024727,10.619162589340372,71.44221643994382,0.0,0.0,56.083006731640029,66.34013647005794,715.976142631187,0.0,0.0,224.7801695242551,266.6100513172805,2528.6293354071106,0.0,0.0,8.496534775189783,10.08753131290891,90.34931256595508,0.0,0.0,134.6925967940956,160.27272529652869,1268.1469385420429,46.017321705345,31.5619490434465,123.05716545106071,146.08404795328986,1903.4589705387996,0.0,0.0,139.92808168686714,166.86302937435876,1147.2681424328858,0.0,18.068188110705063,48.47683487870887,21.999999999999994,29.99999999999999,0.0,18.154405733449278,48.144116069738348,15.999999999999993,29.99999999999999,0.0,18.12738907905779,48.27241208513705,21.999999999999994,29.99999999999999,0.0,18.119033317394327,48.36930363017062,15.999999999999993,29.99999999999999,0.0,15.094041324399717,59.480065186375828,11.999999999999995,29.99999999999999,0.0,17.502210028525878,50.82413450055596,15.999999999999993,29.99999999999999,0.0,16.72740578322177,53.25939422534289,9.999999999999997,29.99999999999999,0.0,16.414470848344508,54.71393366854372,11.999999999999995,29.99999999999999,0.0,15.796232330432048,56.675388811583498,11.999999999999995,29.99999999999999,0.0,16.678266517281135,0.0,0.0,0.0,15.168504233351385,0.0,0.0,489.7802964368737,479.7265203223144,483.2053074923445,494.4479277944415,554.2059630445353,540.1705952145346,530.5181461418946,557.8415529967183,542.2563424647764,0.0,81.81857958587772,81.81857958587772,59.99999999999998,0.0,59.99999999999998,59.99999999999998,16.0,16.0,16.0,12.0,12.0,12.0,21.0,10.0,0.0,0.0,0.0,0.0,0.0,0.0,0.0,0.0,0.0,0.0,0.0,0.0,0.0,81.81857958587772,81.81857958587772,0.0,0.0,0.0,81.81857958587772,0.0,0.0,0.0019300000000000003 
 02/23  10:40:00,11.173333333333332,75.66666666666667,9.66,111.83333333333334,54.833333333333339,0.0,0.0,0.0,0.0,0.0,0.0,0.0,0.0,0.0,0.0,160.0,0.0,276.99352815277839,40.4577625316358,103.67170714134835,8.305646562934113,221.0670027845228,0.0,40.45776253163578,55.30882867605956,0.0,0.0,18.09744259065205,-25.9621514388955,18.281731459785328,-183.80718461205889,18.235259796775119,-206.51220044557918,18.199879576605153,-27.66211855505541,15.017854995614302,21.320533817825845,17.54602304010014,-87.3041858027148,16.576251847399705,41.38571178881286,16.23956178963492,-18.0776773481361,16.024899802274648,-127.45147168961018,216.3855254849437,433.879255052386,0.0,0.0,0.0,0.0,0.0,0.0,0.0,0.0,0.0,0.0,0.0,0.0,0.0,0.0,0.0,0.0,0.0,0.0,0.0,0.0,0.0,0.0,0.4144461822995658,0.1265098236567662,124.7405032214965,146.80932416635944,1710.1919919253624,0.0765077450636269,0.011677006267342329,53.250422232975349,62.672363982885297,729.0212701097474,0.3751774047941931,0.07089520120827539,62.49605174074708,73.56461295641255,854.1396420102798,0.06997397240361295,0.013222594936434799,5.9596427092919719,7.011324280136971,83.62181182578564,0.0,0.0,8.930294865870407,10.615922213218062,70.82332909702449,0.0,0.0,55.7866351612471,65.78377758258817,700.2740629781637,0.0,0.0,222.7277473084577,263.30037256407777,2479.5921524444877,0.0,0.0,9.697584692602908,11.480485562406909,99.75161833418696,0.0,0.0,130.760583739424,155.0638767024189,1221.2239103848668,47.069887097279998,32.28387318057615,60.44417790679157,71.56646034488812,1100.1728260740929,0.0,0.0,139.0240028982453,165.2181052745,1132.2602093510103,0.0,18.02218897954006,48.65857514378864,22.00000000000001,30.000000000000015,0.0,18.025397296362514,48.521062687783039,16.000000000000008,30.000000000000015,0.0,17.981619538795515,48.676270492656779,22.00000000000001,30.000000000000015,0.0,18.126919112907925,48.449529095767569,16.000000000000008,30.000000000000015,0.0,15.088582524937625,59.33019214990241,12.000000000000006,30.000000000000015,0.0,17.433637762015473,50.90999029240568,16.000000000000008,30.000000000000015,0.0,16.70920600783804,53.24857528142438,10.000000000000004,30.000000000000015,0.0,16.278927692282787,55.04075231884074,12.000000000000006,30.000000000000015,0.0,15.799297369611186,56.54112334374052,12.000000000000006,30.000000000000015,0.0,16.28038967568813,0.0,0.0,0.0,15.182729057336762,0.0,0.0,487.3812641230765,464.9827388481878,465.7411362852705,503.0611506333895,542.6104074522243,528.4494137128353,523.1265910370739,547.5612549215261,533.1855347567886,0.0,81.81857958587779,81.81857958587779,60.00000000000003,0.0,60.00000000000003,60.00000000000003,16.0,16.0,16.0,12.0,12.0,12.0,21.0,10.0,0.0,0.0,0.0,0.0,0.0,0.0,0.0,0.0,0.0,0.0,0.0,0.0,0.0,81.81857958587779,81.81857958587779,0.0,0.0,0.0,81.81857958587779,0.0,0.0,0.00193 
 02/23  10:50:00,11.216666666666665,75.83333333333333,9.905000000000002,110.66666666666667,48.66666666666667,0.0,0.0,0.0,0.0,0.0,0.0,0.0,0.0,0.0,0.0,320.0,0.0,271.9238167459061,40.02592183361065,102.56511695669134,8.15363061480221,217.02088618345926,0.0,40.02592183361063,54.7184697019629,0.0,0.0,17.972507270153625,-80.20242037205412,18.240036498799666,-203.47462116678327,18.14234944338508,-267.4259261976963,18.063017349681787,-184.45963258941675,15.017920899383573,21.35275861498377,17.509732958228786,-81.14688513886449,16.548770945607708,26.785957052908544,16.17489694096745,-23.401924068801664,16.021954813501066,-115.4506889914353,418.47835107875428,424.3193686331065,0.0,0.0,0.0,0.0,0.0,0.0,0.0,0.0,0.0,0.0,0.0,0.0,0.0,0.0,0.0,0.0,0.0,0.0,0.0,0.0,0.0,0.0,0.42127077858851938,0.1285930337571793,175.70779629248328,207.14940956135869,2343.2451061889416,0.06480661486361086,0.009891119484678093,78.3833223782412,92.30645479924752,1047.4023388113674,0.3734290121445706,0.07056481710970723,190.61125611522625,224.89834182483498,2523.4455120704826,0.07324250413060885,0.013840231317197435,129.3950380459772,152.7248446584634,1723.847299993257,0.0,0.0,8.865788230939085,10.567486461754769,69.49500975920432,0.0,0.0,54.4741337197638,64.41096214860251,675.6094592525162,0.0,0.0,220.73928430662353,261.6723224249313,2421.464440246382,0.0,0.0,12.988813471685799,15.420823858433343,130.5167546355333,0.0,0.0,127.73874904217633,151.8760843674217,1183.4252447556078,48.28065204890282,33.11430181680579,233.1393323982464,275.7831690335849,3216.853138338946,0.0,0.0,139.6039343545649,166.32890788644796,1130.9628646818372,0.0,17.845203571015767,49.21707200193042,22.0,30.0,0.0,17.99315992379165,48.6810033104382,16.0,30.0,0.0,17.886889765397585,49.11732064527777,22.0,30.0,0.0,17.886463300177114,49.12546034381715,16.0,30.0,0.0,15.087521338817828,59.258027888622098,12.0,30.0,0.0,17.403200104072789,50.96355936955121,16.0,30.0,0.0,16.67206913404852,53.319525714451518,10.0,30.0,0.0,16.20436572246691,55.199126581607938,12.0,30.0,0.0,15.807064035065406,56.42886957643999,12.0,30.0,0.0,16.84523794428488,0.0,0.0,0.0,15.20633756990604,0.0,0.0,477.5530007521994,461.2062087671232,476.5247446609853,481.5424216624367,536.8857572263555,523.5806326420907,515.4606576992169,539.6400632250804,525.6547056747768,0.0,81.81857958587774,81.81857958587774,60.0,0.0,60.0,60.0,16.0,16.0,16.0,12.0,12.0,12.0,21.0,10.0,0.0,0.0,0.0,0.0,0.0,0.0,0.0,0.0,0.0,0.0,0.0,0.0,0.0,81.81857958587774,81.81857958587774,0.0,0.0,0.0,81.81857958587774,0.0,0.0,0.0019666666666666666 
 02/23  11:00:00,11.26,76.0,10.15,109.5,42.5,0.0,0.0,0.0,0.0,0.0,0.0,0.0,0.0,0.0,0.0,320.0,0.0,265.2278605813798,39.56715709978671,101.38953420545605,7.952852392383955,211.67687970327035,0.0,39.56715709978669,54.09130352969014,0.0,0.0,17.87536323166877,-142.61172265707956,18.115273218738176,-186.62944036234308,17.97555317425477,-142.0544939428546,18.013862292039727,-161.71040180478486,15.016882539203174,20.425020323888533,17.471546925596166,-83.6080131907188,16.512961463562819,37.09564316165415,16.105782866738424,-25.204259441077569,16.023824775551739,-106.13666904773732,464.9213885832687,389.11709336978086,0.0,0.0,0.0,0.0,0.0,0.0,0.0,0.0,0.0,0.0,0.0,0.0,0.0,0.0,0.0,0.0,0.0,0.0,0.0,0.0,0.0,0.0,0.4326221565088477,0.13205804533237112,300.75134028095678,355.322073684329,3901.3976064045739,0.05254365586644035,0.008019483496098957,138.70344562005904,163.99703410936349,1804.334904240046,0.41004204688371906,0.07748337998558565,287.47432747327516,339.53279231036836,3685.5103795705119,0.0648117098485346,0.012247110704560579,160.83779805681804,189.8180093448912,2109.9404878780844,0.0,0.0,8.807487277570326,10.497199578049575,68.21927536843558,0.0,0.0,55.252576290928448,65.33877530382527,676.418223031191,0.0,0.0,214.15950293081205,253.91464789048235,2310.4605290061538,0.0,0.0,14.903983318164647,17.701823536601226,145.93401328163945,0.0,0.0,118.50616991546544,140.90615282142523,1091.0663331111014,49.371138156724857,33.86223467539429,393.10833863959047,465.54775424523668,5063.414726223971,0.0,0.0,132.77205158705832,158.21509047219966,1059.80848660914,0.0,17.724885242501839,49.66041689280861,22.0,30.0,0.0,17.800309704673013,49.40350128237022,16.0,30.0,0.0,17.655695653173394,49.867735335780199,22.0,30.0,0.0,17.84962444996831,49.28490264108598,16.0,30.0,0.0,15.08444150768548,59.1694483129199,12.0,30.0,0.0,17.365658477678406,51.00060983167684,16.0,30.0,0.0,16.62367847695022,53.413384763139877,10.0,30.0,0.0,16.11770567624211,55.36956191955217,12.0,30.0,0.0,15.821905638959646,56.27702512021344,12.0,30.0,0.0,16.98568146780089,0.0,0.0,0.0,15.18961999620728,0.0,0.0,469.3180094656263,457.44889051168198,467.20907400073329,478.87206150957607,527.9414949898624,511.785829257911,503.36135326657816,527.2222001266827,513.6984783679565,0.0,81.81857958587774,81.81857958587774,60.0,0.0,60.0,60.0,16.0,16.0,16.0,12.0,12.0,12.0,21.0,10.0,0.0,0.0,0.0,0.0,0.0,0.0,0.0,0.0,0.0,0.0,0.0,0.0,0.0,81.81857958587774,81.81857958587774,0.0,0.0,0.0,81.81857958587774,0.0,0.0,0.0020033333333333337 
 02/23  11:10:00,11.286666666666666,76.0,10.225000000000002,108.33333333333333,36.33333333333333,0.0,0.0,0.0,0.0,0.0,0.0,0.0,0.0,0.0,0.0,160.0,0.0,256.98911954497177,39.08513701529031,100.1543598224977,7.705814416259945,205.10159196919634,0.0,39.085137015290289,53.43234552994943,0.0,0.0,17.835980849257767,8.496849423769163,18.05126421673453,-246.17356588015174,17.95542075361377,-192.85387800967238,17.972649993924919,-20.87119807195927,15.015766127580273,19.93063656823699,17.43067072822257,-72.79083680964095,16.475067509871729,18.425499885653154,16.03714794553909,-24.172363652145635,16.018223230497158,-115.58194872326067,385.0924902237484,392.9514588379525,0.0,0.0,0.0,0.0,0.0,0.0,0.0,0.0,0.0,0.0,0.0,0.0,0.0,0.0,0.0,0.0,0.0,0.0,0.0,0.0,0.0,0.0,0.41596223377873167,0.1269725988335567,276.9529738085667,326.26968893737128,3580.1614476844026,0.04857250902938567,0.0074133866039965919,162.39292867236257,191.32775357467444,2087.245051675612,0.33847796941160637,0.06396031168019775,137.11585523873988,161.56676606716398,1756.4825535727626,0.06390864908798308,0.012076464302339958,30.123101004937668,35.47672912196305,394.5160531776152,0.0,0.0,8.581581154038182,10.202685212728739,65.98156212722553,0.0,0.0,53.96055972616945,63.66020210017605,653.6302769895842,0.0,0.0,211.60893466865927,250.29794978996353,2249.064697520715,0.0,0.0,15.115250437832897,17.91176475283782,144.6094125577868,0.0,0.0,119.70101463383534,141.9516722578161,1095.8219865592649,49.60205300275753,34.02061248474455,239.79809409456579,283.48045993061649,3154.546796855437,0.0,0.0,134.536830562176,159.87825520734,1075.2849109507409,0.0,17.749494351439265,49.5673576650115,22.0,30.0,0.0,17.71958278732265,49.711118438844277,16.0,30.0,0.0,17.683449206924199,49.82962896572483,22.0,30.0,0.0,17.83224720623033,49.3458660858648,16.0,30.0,0.0,15.081549470659374,59.078420311661407,12.0,30.0,0.0,17.324407549306334,51.07853470015016,16.0,30.0,0.0,16.56788137073004,53.59957928490516,10.0,30.0,0.0,16.02950955242014,55.571161979620587,12.0,30.0,0.0,15.820829604700214,56.240246892629659,12.0,30.0,0.0,16.734620021725886,0.0,0.0,0.0,15.220991430401077,0.0,0.0,474.6275485159318,446.962633552514,449.1445354152,479.76630661095728,517.5639591177588,502.55077976408367,499.30345308649779,515.8195686065405,506.9892371311048,0.0,81.81857958587774,81.81857958587774,60.0,0.0,60.0,60.0,16.0,16.0,16.0,12.0,12.0,12.0,21.0,10.0,0.0,0.0,0.0,0.0,0.0,0.0,0.0,0.0,0.0,0.0,0.0,0.0,0.0,81.81857958587774,81.81857958587774,0.0,0.0,0.0,81.81857958587774,0.0,0.0,0.00204 
 02/23  11:20:00,11.313333333333335,76.0,10.3,107.16666666666667,30.166666666666666,0.0,0.0,0.0,0.0,0.0,0.0,0.0,0.0,0.0,0.0,160.0,0.0,247.29130520748735,38.583143403765479,98.8680034354627,7.415026754177797,197.36183247921475,0.0,38.583143403765458,52.74608220447282,0.0,0.0,17.666993569294534,-135.39972374847458,18.100158574603556,-10.51189311050257,18.00188866285749,-24.431045476120745,17.846273920565193,-209.63696497120237,15.01557200586673,20.455701398071768,17.388066447892919,-83.60249936113996,16.490457744755884,48.48641392430727,15.985168675902019,-22.720652951021294,16.018743572034404,-99.189553848777,320.61398346689387,355.79133676056019,0.0,0.0,0.0,0.0,0.0,0.0,0.0,0.0,0.0,0.0,0.0,0.0,0.0,0.0,0.0,0.0,0.0,0.0,0.0,0.0,0.0,0.0,0.4348457532909846,0.132736798928872,106.56805958005552,125.66396100273778,1314.2327957195717,0.07993313833497476,0.01219980743818296,19.12439382198039,22.51901689287154,251.67877882285954,0.40414718135004037,0.07636945981671212,140.0440315423687,164.91797360749229,1832.9983640093938,0.06196104714429881,0.011708436724168327,115.1991166121921,135.77226009097164,1449.0875193158536,0.0,0.0,8.981807291274866,10.678315160530813,68.56083746820936,0.0,0.0,55.11555730869046,65.03121646130072,659.6096590671972,0.0,0.0,211.8787050647168,250.5649846908889,2263.0282918038017,0.0,0.0,16.03912564179452,19.010049714723967,150.73510486709544,0.0,0.0,112.17435115577892,133.01647046827595,1023.907087659649,49.92792472705522,34.24411846848782,136.7256785201674,161.7469971910241,1944.2079546601866,0.0,0.0,127.83327149995886,151.91761161016633,1009.7201279800618,0.0,17.456857010107148,50.6146484102535,22.0,30.0,0.0,17.878315511314026,49.20451689671074,16.0,30.0,0.0,17.850500724333786,49.28937179564513,22.0,30.0,0.0,17.60520385026256,50.14443982518254,16.0,30.0,0.0,15.080807435254713,59.0289623116373,12.0,30.0,0.0,17.27757990580311,51.23767615004806,16.0,30.0,0.0,16.621837065326166,53.36927498755403,10.0,30.0,0.0,15.971142987394386,55.71497370564901,12.0,30.0,0.0,15.834495861084163,56.15385643967349,12.0,30.0,0.0,16.515811205474877,0.0,0.0,0.0,15.200937731167928,0.0,0.0,461.8730198227355,458.80810517253567,479.35908634224207,460.32319739792328,511.05725691911359,500.30293919975937,496.2586949451575,508.5050785289909,502.07191388917337,0.0,81.81857958587774,81.81857958587774,60.0,0.0,60.0,60.0,16.0,16.0,16.0,12.0,12.0,12.0,21.0,10.0,0.0,0.0,0.0,0.0,0.0,0.0,0.0,0.0,0.0,0.0,0.0,0.0,0.0,81.81857958587774,81.81857958587774,0.0,0.0,0.0,81.81857958587774,0.0,0.0,0.00203 
 02/23  11:30:00,11.34,76.0,10.375,106.0,24.0,0.0,0.0,0.0,0.0,0.0,0.0,0.0,0.0,0.0,0.0,320.0,0.0,236.21753939837709,38.06414288051832,97.53806697149349,7.082981791259435,188.52394007025937,0.0,38.0641428805183,52.03656914129696,0.0,0.0,17.68278726259011,-44.48538252521439,18.01011656668517,-218.51710340891936,17.834042024656595,-251.80126122058346,17.83610444469081,-83.52640004396335,15.015120720459312,20.192160690218374,17.356765479306213,-72.45893012948557,16.45991858726465,29.129460539498724,15.943154324690318,-23.626807836158038,16.015445770932588,-98.50971371887272,413.470763047716,358.7607786524295,0.0,0.0,0.0,0.0,0.0,0.0,0.0,0.0,0.0,0.0,0.0,0.0,0.0,0.0,0.0,0.0,0.0,0.0,0.0,0.0,0.0,0.0,0.42073186904720585,0.12842853145519105,230.21430570795753,272.2613571879745,2887.054595438039,0.0502293721521951,0.007666265590994368,94.3341153229748,111.6935742555735,1194.35161326245,0.37868906892507889,0.07155878097601644,238.22855808015258,281.608050623305,2960.7634990997987,0.07444249561413716,0.014066987077501347,133.76589309760943,158.040162693617,1687.6723065512234,0.0,0.0,8.757276506542404,10.437267810929857,66.32870926357004,0.0,0.0,52.95036954564423,62.63853760503385,628.4053621929706,0.0,0.0,208.43154289329923,247.1486103001801,2194.7176916048549,0.0,0.0,17.241602627772815,20.48870791205446,159.61027713364303,0.0,0.0,112.09256899647622,133.26194817509328,1017.334300285694,50.280325354787837,34.485819859250927,299.2505569511109,354.81896416436748,3817.7939711016244,0.0,0.0,129.4532381645787,154.2241672959999,1022.3000639099143,0.0,17.570208753834647,50.24307180697854,22.0,30.0,0.0,17.719100908429746,49.83702764245999,16.0,30.0,0.0,17.559360696523969,50.28840821639048,22.0,30.0,0.0,17.65282601650713,49.97764111880165,16.0,30.0,0.0,15.079607852667465,59.000218347413269,12.0,30.0,0.0,17.256293753172839,51.282871036162479,16.0,30.0,0.0,16.574360192238417,53.54052043077881,10.0,30.0,0.0,15.929226765829622,55.83860112273041,12.0,30.0,0.0,15.837326062053661,56.13595201616636,12.0,30.0,0.0,16.765616005698854,0.0,0.0,0.0,15.228524466911092,0.0,0.0,464.1638396246244,444.15959272756319,458.04713271385699,469.2480782177788,506.67057465826408,495.55825794663738,490.1614485498724,504.0069757424708,498.37955907612186,0.0,81.81857958587774,81.81857958587774,60.0,0.0,60.0,60.0,16.0,16.0,16.0,12.0,12.0,12.0,21.0,10.0,0.0,0.0,0.0,0.0,0.0,0.0,0.0,0.0,0.0,0.0,0.0,0.0,0.0,81.81857958587774,81.81857958587774,0.0,0.0,0.0,81.81857958587774,0.0,0.0,0.00202 
 02/23  11:40:00,11.366666666666668,76.0,10.45,108.5,23.0,0.0,0.0,0.0,0.0,0.0,0.0,0.0,0.0,0.0,0.0,160.0,0.0,242.64279713564404,38.859737701430827,99.57674961493419,7.275642054954589,193.6518919750291,0.0,38.8597377014308,53.12420757930998,0.0,0.0,17.681854286544835,11.133274962608994,17.906322022156336,-297.10727950907497,17.809754174470578,-156.7178700618001,17.84107650257959,-17.23726036565961,15.015537396389867,19.87427552056124,17.326324629693358,-67.82404832288217,16.433443127527583,27.528957385782634,15.89438011260503,-22.93649650615191,16.013352070063364,-98.83957640131576,339.3407723445298,350.96234991591339,0.0,0.0,0.0,0.0,0.0,0.0,0.0,0.0,0.0,0.0,0.0,0.0,0.0,0.0,0.0,0.0,0.0,0.0,0.0,0.0,0.0,0.0,0.40423390418396695,0.12339252264467855,239.3767461198275,282.08796360678459,2998.830284559724,0.04488978593316492,0.006851310429359726,157.98155380329136,186.21144529955255,1953.6655924647517,0.37318304301769919,0.0705183376828608,79.39356918429893,93.57156496034803,990.6533880465848,0.07343504543524356,0.013876614783681695,5.8729960204427968,6.919137130304056,75.21021992110771,0.0,0.0,8.670989725734533,10.308372477747577,65.21510669052111,0.0,0.0,52.653269796472788,62.13413134849575,618.9669471823978,0.0,0.0,205.7836289666855,243.41098820676238,2141.9670992701169,0.0,0.0,17.69518938006277,20.979125229268175,160.85885644239938,0.0,0.0,110.18369223581445,130.64521703103388,995.4154171244412,50.535650702477287,34.660940125155899,181.09761798827445,214.20920484709334,2395.263532543891,0.0,0.0,128.35587077316093,152.5098779346582,1010.0848847384073,0.0,17.626484057780517,50.08862740039043,22.0,30.0,0.0,17.552961503898833,50.46184866660972,16.0,30.0,0.0,17.581857371675868,50.3502568581556,22.0,30.0,0.0,17.698876940508215,49.88563664415259,16.0,30.0,0.0,15.078636406579474,58.96251079161914,12.0,30.0,0.0,17.224043551043868,51.369588514243897,16.0,30.0,0.0,16.53827622773963,53.68344409763832,10.0,30.0,0.0,15.870108729220215,56.0220541743361,12.0,30.0,0.0,15.841594845212735,56.10943695679378,12.0,30.0,0.0,16.532130923708406,0.0,0.0,0.0,15.24048969715975,0.0,0.0,456.36300917073995,438.6742126508751,443.75409329812478,465.28574901112708,499.7989061674562,489.5956195588182,485.6231048842762,496.7128815486034,492.3896688683603,0.0,81.81857958587774,81.81857958587774,60.0,0.0,60.0,60.0,16.0,16.0,16.0,12.0,12.0,12.0,21.0,10.0,0.0,0.0,0.0,0.0,0.0,0.0,0.0,0.0,0.0,0.0,0.0,0.0,0.0,81.81857958587774,81.81857958587774,0.0,0.0,0.0,81.81857958587774,0.0,0.0,0.00201 
 02/23  11:50:00,11.393333333333335,76.0,10.525,111.0,22.0,0.0,0.0,0.0,0.0,0.0,0.0,0.0,0.0,0.0,0.0,320.0,0.0,248.96182032261724,39.64622102042656,101.5920842990848,7.465116895267263,198.69505886800256,0.0,39.64622102042654,54.1993899034165,0.0,0.0,17.584107983414055,-69.4510727969523,17.90224588273191,-153.42992179615067,17.76796020945138,-187.9265256598394,17.786300424476424,-117.35714941668607,15.017044802218836,20.167157098400879,17.303032049968459,-71.11988771215226,16.42898061279896,36.1810552180541,15.860529285914732,-22.551672211529877,16.012069180039697,-90.7863125686224,351.6480220693934,333.9120865728373,0.0,0.0,0.0,0.0,0.0,0.0,0.0,0.0,0.0,0.0,0.0,0.0,0.0,0.0,0.0,0.0,0.0,0.0,0.0,0.0,0.0,0.0,0.42552829190480975,0.12989264099658419,186.25596672680943,219.96767884628285,2272.215182524475,0.0732480469884999,0.011179494351114152,96.57265392395078,114.00005063771218,1195.2762597172496,0.36403313180372656,0.06878932951695516,141.87612497026067,167.55712002663928,1744.2814100708852,0.06489794202857141,0.012263405523161637,87.39797932114399,103.31000594105714,1084.0167168185517,0.0,0.0,8.848689554599673,10.546669044590436,66.06563569892505,0.0,0.0,52.35907328993808,61.949325359743038,610.1595207583506,0.0,0.0,204.89065237062813,242.96446127955097,2124.5171867317596,0.0,0.0,18.730709373655558,22.265003684446517,167.99796028706613,0.0,0.0,106.4208060711396,126.4972818875073,956.6121327563668,50.895332920354267,34.90763574784244,193.6467327129763,229.40782821723315,2537.311588926335,0.0,0.0,125.51231785882249,149.50364079643345,980.9729264125263,0.0,17.46569091877261,50.695731320983288,22.0,30.0,0.0,17.60188499873082,50.319630652267637,16.0,30.0,0.0,17.55812427941479,50.461841166653758,22.0,30.0,0.0,17.60492451854374,50.25786159494448,16.0,30.0,0.0,15.079603407757239,58.946661290092098,12.0,30.0,0.0,17.20153898058495,51.455496871196888,16.0,30.0,0.0,16.547252355989359,53.653757331505719,10.0,30.0,0.0,15.83773035779622,56.12309360858723,12.0,30.0,0.0,15.847684188819976,56.0786794480625,12.0,30.0,0.0,16.548625966073275,0.0,0.0,0.0,15.242065468868362,0.0,0.0,454.8253424807593,443.70569168541797,450.1639464369221,458.1648278482754,495.6270984582812,485.54126689006309,479.65617016546488,492.8426565891046,488.49788497117768,0.0,81.81857958587774,81.81857958587774,60.0,0.0,60.0,60.0,16.0,16.0,16.0,12.0,12.0,12.0,21.0,10.0,0.0,0.0,0.0,0.0,0.0,0.0,0.0,0.0,0.0,0.0,0.0,0.0,0.0,81.81857958587774,81.81857958587774,0.0,0.0,0.0,81.81857958587774,0.0,0.0,0.0019833333333333336 
 02/23  12:00:00,11.42,76.0,10.6,113.5,21.0,0.0,0.0,0.0,0.0,0.0,0.0,0.0,0.0,0.0,0.0,160.0,0.0,255.20572973593549,40.42335141642601,103.58345241911469,7.652339455682737,203.67827793267063,0.0,40.42335141642599,55.26178607269754,0.0,0.0,17.5473794473817,-51.12264273300434,17.880102363327234,-131.3011867251921,17.770596192216716,-21.94820664744111,17.689407885472478,-196.73714252225865,15.019100469382904,20.14305350865976,17.277453381572163,-70.39985287252535,16.419303244008828,41.61418419619349,15.821510361189603,-21.350330815410304,16.012491185723407,-87.55815758812014,320.5995778636816,321.57841391401146,0.0,0.0,0.0,0.0,0.0,0.0,0.0,0.0,0.0,0.0,0.0,0.0,0.0,0.0,0.0,0.0,0.0,0.0,0.0,0.0,0.0,0.0,0.42356084024959098,0.12929207577826344,103.64952961699248,122.20797733111717,1252.9566522854587,0.07246759147623476,0.01106037720943754,70.91896361774455,83.57472352805785,874.979288861661,0.4096673501734213,0.07741257561856037,163.6848079838236,192.87483268604647,2035.312818710865,0.06121300629488033,0.01156708357801971,122.92637855420624,144.93537796549806,1481.0987787500483,0.0,0.0,8.90173702493317,10.581980298120527,66.03665346436918,0.0,0.0,51.99661056365837,61.36604234777468,600.3489815503384,0.0,0.0,203.55491097652465,240.75553309122757,2099.085326735211,0.0,0.0,19.53346814797337,23.163472600915588,172.45407115848966,0.0,0.0,103.95937699322595,123.2515113279723,930.876648535195,51.17078228898458,35.09655849724595,159.74855515521169,188.9908266046579,2123.7793635393607,0.0,0.0,123.51101394915276,146.7381290496237,960.9618891628763,0.0,17.442285788253657,50.89132246820671,22.0,30.0,0.0,17.588498227761428,50.43699753119001,16.0,30.0,0.0,17.62852181575307,50.148060335398209,22.0,30.0,0.0,17.444058403176386,50.88848067372036,16.0,30.0,0.0,15.081263254252262,58.93652159060455,12.0,30.0,0.0,17.17186079036815,51.57840088250673,16.0,30.0,0.0,16.54377390517446,53.66377705338306,10.0,30.0,0.0,15.792163266070232,56.28314310379846,12.0,30.0,0.0,15.85564154601677,56.05905945647842,12.0,30.0,0.0,16.44878527955922,0.0,0.0,0.0,15.249955820174606,0.0,0.0,445.8385980972166,447.1678572046745,460.35096977724415,449.89653848531108,488.8832891499522,479.92979835236187,476.7601475036341,485.80190592151527,482.19375771081197,0.0,81.81857958587774,81.81857958587774,60.0,0.0,60.0,60.0,16.0,16.0,16.0,12.0,12.0,12.0,21.0,10.0,0.0,0.0,0.0,0.0,0.0,0.0,0.0,0.0,0.0,0.0,0.0,0.0,0.0,81.81857958587774,81.81857958587774,0.0,0.0,0.0,81.81857958587774,0.0,0.0,0.0019566666666666666 
 02/23  12:10:00,11.451666666666668,76.0,10.608333333333335,116.0,20.0,0.0,0.0,0.0,0.0,0.0,0.0,0.0,0.0,0.0,0.0,320.0,0.0,261.41003329894456,41.19074926913301,105.54988124299094,7.838374426046256,208.62988768647609,0.0,41.190749269132989,56.310877117427427,0.0,0.0,17.531130741677474,-26.893212283701815,17.846319202421083,-192.12430730177744,17.66078693771827,-194.14214395474893,17.688348209039085,-79.4194075973835,15.021352983070387,20.055301015177265,17.260872344255799,-66.4585841916653,16.404983253172657,36.214600757955398,15.793942484115583,-20.71639677653951,16.0109891200971,-84.61011130198881,353.1263290666898,317.4669506249254,0.0,0.0,0.0,0.0,0.0,0.0,0.0,0.0,0.0,0.0,0.0,0.0,0.0,0.0,0.0,0.0,0.0,0.0,0.0,0.0,0.0,0.0,0.39338764724728828,0.12008169940393415,161.58897587760536,191.08400250277868,1946.4001041342886,0.06317246953440031,0.009641707804395654,95.00360448511344,112.2836771947826,1156.2493799847414,0.38013874029474906,0.07183271736484301,182.52947435737975,215.81072761413155,2187.6100281120359,0.07704958022341461,0.014559633451136544,108.50806164264569,128.27077082227988,1312.086205835058,0.0,0.0,8.828464708524452,10.521207017783637,64.93295939786637,0.0,0.0,50.99925065135101,60.343774590961448,584.0248233003861,0.0,0.0,201.9243142270869,239.44157958603348,2062.0655992402569,0.0,0.0,20.439411719049767,24.300088956958093,178.05619432246793,0.0,0.0,103.60692203488867,123.14445290846933,921.4786928309968,51.15312846894693,35.084450253050039,203.98013470905927,241.9718024786929,2603.515222697076,0.0,0.0,123.56343446573831,147.1630111718302,957.9979445468679,0.0,17.459394565594068,50.8503515659947,22.0,30.0,0.0,17.540562304183049,50.701613310961779,16.0,30.0,0.0,17.442049836960384,50.92854519349997,22.0,30.0,0.0,17.496738679282154,50.67901205705392,16.0,30.0,0.0,15.082954442635704,58.93202746565122,12.0,30.0,0.0,17.15847710737238,51.62984602414874,16.0,30.0,0.0,16.527322889505745,53.773685231992519,10.0,30.0,0.0,15.766974249337473,56.38776082672351,12.0,30.0,0.0,15.859233637626265,56.06806712825022,12.0,30.0,0.0,16.53308015252598,0.0,0.0,0.0,15.269907676620133,0.0,0.0,448.79304744069409,439.649713551892,446.1564939375651,453.68061268049896,485.1455458632262,476.10982506001587,471.09908329934378,482.04361728234849,478.46207258975229,0.0,81.81857958587774,81.81857958587774,60.0,0.0,60.0,60.0,16.0,16.0,16.0,12.0,12.0,12.0,21.0,10.0,0.0,0.0,0.0,0.0,0.0,0.0,0.0,0.0,0.0,0.0,0.0,0.0,0.0,81.81857958587774,81.81857958587774,0.0,0.0,0.0,81.81857958587774,0.0,0.0,0.00193 
 02/23  12:20:00,11.483333333333335,76.0,10.616666666666668,118.5,19.0,0.0,0.0,0.0,0.0,0.0,0.0,0.0,0.0,0.0,0.0,160.0,0.0,267.61590426811406,41.947876358877689,107.48999163714768,8.024456368298696,213.5827480870947,0.0,41.947876358877667,57.34592725051245,0.0,0.0,17.507489376821434,-8.4417693133164,17.7993166191628,-211.80007171370017,17.659333763286719,-108.81061658618364,17.708292243791477,-16.224285032988548,15.024303722799287,19.819273166915424,17.24303623612299,-64.44552157647877,16.39019913084968,36.56578715484284,15.762538974652808,-19.5086332851904,16.010622828555527,-83.65328949113973,230.9746285410938,309.39087621365118,0.0,0.0,0.0,0.0,0.0,0.0,0.0,0.0,0.0,0.0,0.0,0.0,0.0,0.0,0.0,0.0,0.0,0.0,0.0,0.0,0.0,0.0,0.38049508620055658,0.11614624120896111,150.91759655644109,177.9185527197542,1806.1160470602507,0.06024480304072221,0.009194872258962487,99.46251528074683,117.24476254225999,1191.6037481900654,0.36357691474778167,0.06870312070063904,48.76286386303304,57.47828737759419,589.9705302671176,0.0743482030511039,0.014049169132861655,6.4363157199395639,7.585059487509528,79.09791078615948,0.0,0.0,8.776215375191218,10.431901708943725,64.05904076159084,0.0,0.0,50.77175648522521,59.92297740595802,576.4902087079937,0.0,0.0,200.30129968243257,236.9140113976183,2027.0331011069896,0.0,0.0,20.821023629269616,24.69367903504434,178.6692933236156,0.0,0.0,102.39787578754765,121.38752312984096,905.5888080350907,51.016888559683469,34.99100724258126,91.17117714083216,107.95539856339203,1333.9958358492559,0.0,0.0,122.52080292450602,145.53323822308429,946.3972495342902,0.0,17.455345091886757,50.88765088963867,22.0,30.0,0.0,17.473554179716076,51.05738617131966,16.0,30.0,0.0,17.491997078170667,50.905522969152297,22.0,30.0,0.0,17.563482630079077,50.52022527166869,16.0,30.0,0.0,15.085688845700329,58.93736149422401,12.0,30.0,0.0,17.139215960091368,51.716983817263109,16.0,30.0,0.0,16.510936236653074,53.88418047600043,10.0,30.0,0.0,15.731725831919528,56.54523676010571,12.0,30.0,0.0,15.864424093692538,56.08175258864584,12.0,30.0,0.0,16.165024863285649,0.0,0.0,0.0,15.286199136516684,0.0,0.0,448.3695628603824,433.27530570497336,440.4810892153661,451.995703197557,479.4166138471855,471.9507158551532,466.0669072323811,475.6273326244119,472.9220270164089,0.0,81.81857958587774,81.81857958587774,60.0,0.0,60.0,60.0,16.0,16.0,16.0,12.0,12.0,12.0,21.0,10.0,0.0,0.0,0.0,0.0,0.0,0.0,0.0,0.0,0.0,0.0,0.0,0.0,0.0,81.81857958587774,81.81857958587774,0.0,0.0,0.0,81.81857958587774,0.0,0.0,0.0019133333333333334 
 02/23  12:30:00,11.515,76.0,10.625,121.0,18.0,0.0,0.0,0.0,0.0,0.0,0.0,0.0,0.0,0.0,0.0,160.0,0.0,238.67635065740326,42.479065170834207,108.85114775054849,7.1567212351312119,190.48643469341062,0.0,42.47906517083418,58.07210262840612,0.0,0.0,17.47758221415952,-18.055066365967379,17.79543697216357,-121.37144804403784,17.69226238496835,-20.98649583466704,17.60927855576286,-197.47672974515764,15.024822532667521,19.859681756328486,17.215424158369428,-65.0234851347891,16.384617200091087,41.5248879027904,15.737743081477703,-18.00363546245194,16.01023175309036,-79.16867956351507,194.84965893019308,297.648460171793,0.0,0.0,0.0,0.0,0.0,0.0,0.0,0.0,0.0,0.0,0.0,0.0,0.0,0.0,0.0,0.0,0.0,0.0,0.0,0.0,0.0,0.0,0.3906373683960715,0.11924217594507677,112.24122585214495,132.3256595957127,1331.9759791174386,0.07277915647265913,0.011107929864569466,45.06737793278104,53.11495135380009,541.2482979869126,0.3465582722276743,0.06548720185708135,81.33975323364457,95.84159861276095,993.19844992442,0.058100088138182227,0.01097885263382128,80.58482104234635,95.02080340959495,944.8145903350408,0.0,0.0,8.825894577057318,10.490543547316732,63.869574851616949,0.0,0.0,50.3553965705426,59.43369597025395,566.3635700044041,0.0,0.0,199.3323634285535,235.75898511267793,2005.2223259473574,0.0,0.0,21.25660406967865,25.21151353594365,180.03351532067814,0.0,0.0,100.35889239998616,118.96405929917076,882.2211159577316,50.96707977767913,34.95684484065785,68.03914957285217,80.5958630402423,1079.3833114162083,0.0,0.0,120.69894236245692,143.3573818209772,927.3525119026289,0.0,17.430843898875428,51.106551817092988,22.0,30.0,0.0,17.514875597648417,50.96709872671189,16.0,30.0,0.0,17.600990427980404,50.40568517877722,22.0,30.0,0.0,17.374683791453515,51.40415617463313,16.0,30.0,0.0,15.086421301687699,58.95924977922349,12.0,30.0,0.0,17.117014226026197,51.83276307018663,16.0,30.0,0.0,16.51274561940283,53.87607501669333,10.0,30.0,0.0,15.707611978196255,56.64472224321443,12.0,30.0,0.0,15.869845998372784,56.07553115303325,12.0,30.0,0.0,16.03941640925271,0.0,0.0,0.0,15.297667759229404,0.0,0.0,440.7855968646048,435.09834799035317,452.0788811704456,438.1166060066034,475.1392406484376,467.6073401532959,465.0114214520046,473.0482939192231,471.0078260991037,0.0,81.81857958587774,81.81857958587774,60.0,0.0,60.0,60.0,16.0,16.0,16.0,12.0,12.0,12.0,21.0,10.0,0.0,0.0,0.0,0.0,0.0,0.0,0.0,0.0,0.0,0.0,0.0,0.0,0.0,81.81857958587774,81.81857958587774,0.0,0.0,0.0,81.81857958587774,0.0,0.0,0.0018966666666666666 
 02/23  12:40:00,11.546666666666667,76.0,10.633333333333333,115.33333333333334,15.166666666666666,0.0,0.0,0.0,0.0,0.0,0.0,0.0,0.0,0.0,0.0,320.0,0.0,221.78600223630404,40.57268749767175,103.9661117730807,6.650265649584075,177.00635459256439,0.0,40.57268749767173,55.465939817638737,0.0,0.0,17.429855162807678,-54.206444211065448,17.754045253629366,-183.26990294175085,17.530984313647975,-243.66312750270709,17.60251062616218,-94.05764924464939,15.02544322680178,19.879958522207688,17.190939409313967,-61.936977598671209,16.37583423048573,40.57094573694394,15.716756569344409,-16.932199364255327,16.00843942273184,-75.14408326692069,364.8123621556656,291.87154400439,0.0,0.0,0.0,0.0,0.0,0.0,0.0,0.0,0.0,0.0,0.0,0.0,0.0,0.0,0.0,0.0,0.0,0.0,0.0,0.0,0.0,0.0,0.35540864959341608,0.10848859877698904,166.42965213641043,196.74716571689124,1941.4860094164613,0.05814713061566122,0.00887471468492998,78.76023393259345,93.0733688299199,932.0954669091412,0.36557552697490416,0.06908078741022379,222.32374442218379,262.84329546238907,2566.3037871833978,0.0726262958788069,0.013723789848602963,130.99402655243288,154.84399760093698,1537.2726378879693,0.0,0.0,8.796435400397792,10.481882114572708,63.07312454434506,0.0,0.0,49.57121492104789,58.65990244989612,552.5658771088894,0.0,0.0,198.07649725626613,234.86978980295266,1976.5166049251748,0.0,0.0,21.96982654429145,26.123676683119844,183.85606393416254,0.0,0.0,99.62219754538937,118.38844863319186,869.823368546397,51.006440568777637,34.98384126802308,230.97759111722616,273.84499631129088,2811.066479912549,0.0,0.0,120.27580308085513,143.2083045707477,920.013249468373,0.0,17.37127958733971,51.366770240358039,22.0,30.0,0.0,17.46557138495227,51.195313603510047,16.0,30.0,0.0,17.307815684990524,51.58034495298257,22.0,30.0,0.0,17.415079988982613,51.165568444139918,16.0,30.0,0.0,15.08663754453081,58.97988044709015,12.0,30.0,0.0,17.100446796364019,51.911540267368639,16.0,30.0,0.0,16.505861474388945,53.966105149550248,10.0,30.0,0.0,15.690560050392211,56.741894546543097,12.0,30.0,0.0,15.873790215463835,56.1075734869189,12.0,30.0,0.0,16.529081902740438,0.0,0.0,0.0,15.314234058772119,0.0,0.0,441.5602448593884,435.57896137194259,442.361352977936,444.8579326510329,472.06906827643589,464.88589295111248,460.53306015227977,469.34217724599469,466.5512351630383,0.0,81.81857958587774,81.81857958587774,60.0,0.0,60.0,60.0,16.0,16.0,16.0,12.0,12.0,12.0,21.0,10.0,0.0,0.0,0.0,0.0,0.0,0.0,0.0,0.0,0.0,0.0,0.0,0.0,0.0,81.81857958587774,81.81857958587774,0.0,0.0,0.0,81.81857958587774,0.0,0.0,0.00188 
 02/23  12:50:00,11.578333333333334,76.0,10.641666666666666,109.66666666666666,12.333333333333336,0.0,0.0,0.0,0.0,0.0,0.0,0.0,0.0,0.0,0.0,160.0,0.0,204.5577916304174,38.64634382204157,99.02991401347258,6.133679440801617,163.2566303912586,0.0,38.64634382204156,52.83248196778041,0.0,0.0,17.4014105800916,1.4301131859019734,17.683050325753066,-221.38206257835965,17.55180685674563,-86.52950278599838,17.611813488566534,-13.884860470305341,15.025446038367491,19.316562868131997,17.161152227703697,-57.647637947472279,16.350343220989389,32.45814923093258,15.692539225897644,-15.63248491661318,16.00676136255199,-74.20363421734737,245.37531924621409,285.9877341928759,0.0,0.0,0.0,0.0,0.0,0.0,0.0,0.0,0.0,0.0,0.0,0.0,0.0,0.0,0.0,0.0,0.0,0.0,0.0,0.0,0.0,0.0,0.34315166728248688,0.10474715118513031,170.69588415191695,201.2707204977392,1977.8744224682108,0.04398612686119033,0.0067133893255785,123.46014555253146,145.5643427303211,1429.7465192075929,0.33388770051352686,0.0630929139292379,44.81158377893616,52.82928178205185,525.9247776715156,0.06436676133864429,0.012163031243130059,5.0319193560881489,5.9310921096634019,59.984974636014957,0.0,0.0,8.60133661917296,10.222879541996996,61.131598727258047,0.0,0.0,49.53832831557757,58.473139550632577,546.7680083599325,0.0,0.0,194.67287550671518,230.26314412467316,1915.8764442689849,0.0,0.0,22.017063102162305,26.115120420989777,181.84002057024598,0.0,0.0,98.55982677605862,116.81851504444586,855.4173457521073,50.84020875402069,34.86982767765481,110.56893112157849,130.8932415741429,1491.7471606462246,0.0,0.0,119.22542177359091,141.5826816186577,907.2866977076037,0.0,17.36199655800717,51.43272971589741,22.0,30.0,0.0,17.36840572733569,51.63728356988311,16.0,30.0,0.0,17.40573587639178,51.37902413327259,22.0,30.0,0.0,17.46745254772889,51.07900681119132,16.0,30.0,0.0,15.085723819857888,59.0283366998723,12.0,30.0,0.0,17.074861327551529,52.04986460415901,16.0,30.0,0.0,16.46673374048324,54.18476671512972,10.0,30.0,0.0,15.665875852219133,56.887553344518298,12.0,30.0,0.0,15.87806019834834,56.14454685107647,12.0,30.0,0.0,16.191137767186864,0.0,0.0,0.0,15.325153458526867,0.0,0.0,440.6438127231589,433.60910319259537,439.35887132781729,442.1192083812598,467.3484952302171,460.71085644243797,456.55883597911318,464.2871314159489,462.2846296887718,0.0,81.81857958587774,81.81857958587774,60.0,0.0,60.0,60.0,16.0,16.0,16.0,12.0,12.0,12.0,21.0,10.0,0.0,0.0,0.0,0.0,0.0,0.0,0.0,0.0,0.0,0.0,0.0,0.0,0.0,81.81857958587774,81.81857958587774,0.0,0.0,0.0,81.81857958587774,0.0,0.0,0.0018833333333333335 
 02/23  13:00:00,11.61,76.0,10.65,104.0,9.5,0.0,0.0,0.0,0.0,0.0,0.0,0.0,0.0,0.0,0.0,320.0,0.0,187.03499874893053,36.702372771561019,94.04854714306528,5.608260344265344,149.27180341594113,0.0,36.702372771561,50.174926160086538,0.0,0.0,17.38216577162853,-7.521894179726814,17.668560016105596,-158.86698938905983,17.494705826265457,-213.95704845736214,17.57433691220161,-97.67476294991366,15.025361449038549,19.237308791816817,17.13218352118514,-60.00773562340419,16.34649212193204,41.65749587775326,15.673902555531534,-14.816841755162784,16.004050264912335,-70.32527422221051,205.5493983663112,271.0557451711502,0.0,0.0,0.0,0.0,0.0,0.0,0.0,0.0,0.0,0.0,0.0,0.0,0.0,0.0,0.0,0.0,0.0,0.0,0.0,0.0,0.0,0.0,0.350170403991653,0.10688962270807478,124.63383931216832,147.20572829376028,1435.1046334865646,0.06007287467898803,0.009168631666512217,48.72866489677391,57.468052683188798,559.4071443416981,0.30304347082998608,0.057264450270216597,108.0071461347074,127.61161013376543,1230.6853112678674,0.056583583968812318,0.010692287220108144,75.09928745919334,88.76828625259097,870.2419016052115,0.0,0.0,8.696155990123686,10.361770648237993,61.21012317932523,0.0,0.0,49.25101885672963,58.28620901228372,538.057998029838,0.0,0.0,192.4935790406464,228.25885119179149,1883.6450908460984,0.0,0.0,22.211406026245215,26.41319084721362,181.3117228205494,0.0,0.0,94.8722435979733,112.73001531982048,817.5792399324041,50.82451265310648,34.85906217634191,99.49731542206372,117.79902891256998,1392.8848111605597,0.0,0.0,115.4701251547977,137.47336525069833,868.6224938080288,0.0,17.35182745504727,51.5346345330979,22.0,30.0,0.0,17.39446316743357,51.691096381049209,16.0,30.0,0.0,17.33039692825883,51.81677670242316,22.0,30.0,0.0,17.40544827505422,51.41201322770375,16.0,30.0,0.0,15.08483124333954,59.07114339358736,12.0,30.0,0.0,17.0521104816856,52.17878887598285,16.0,30.0,0.0,16.472572637705093,54.19183313062301,10.0,30.0,0.0,15.651240952302948,56.980140494999407,12.0,30.0,0.0,15.880925645561974,56.184579519633349,12.0,30.0,0.0,16.056070473245105,0.0,0.0,0.0,15.314812372060957,0.0,0.0,440.3075059314817,431.59785013655559,435.7412277865897,438.5730206167894,464.4539304040912,457.68517261924236,454.62908805145869,461.6524498094212,459.41133693423606,0.0,81.81857958587774,81.81857958587774,60.0,0.0,60.0,60.0,16.0,16.0,16.0,12.0,12.0,12.0,21.0,10.0,0.0,0.0,0.0,0.0,0.0,0.0,0.0,0.0,0.0,0.0,0.0,0.0,0.0,81.81857958587774,81.81857958587774,0.0,0.0,0.0,81.81857958587774,0.0,0.0,0.0018866666666666663 
 02/23  13:10:00,11.631666666666668,76.0,10.49,98.33333333333333,6.666666666666665,0.0,0.0,0.0,0.0,0.0,0.0,0.0,0.0,0.0,0.0,320.0,0.0,169.26230024384004,34.7428802391175,89.02740746318162,5.07534797600122,135.08752971742386,0.0,34.74288023911748,47.49615130979194,0.0,0.0,17.30025755571102,-104.29618840852482,17.583014451208734,-165.12528379237029,17.37734890645073,-112.14043936920553,17.54662691989035,-149.04354998744135,15.023889521968162,17.956023730954429,17.09997188065757,-58.259579046905859,16.32223209669818,32.791692579461599,15.653794966506283,-14.173833259903916,16.000381868645627,-68.44728537169772,365.64195092128377,258.8648100253822,0.0,0.0,0.0,0.0,0.0,0.0,0.0,0.0,0.0,0.0,0.0,0.0,0.0,0.0,0.0,0.0,0.0,0.0,0.0,0.0,0.0,0.0,0.31863802474435468,0.09726435431756858,278.7094104781674,329.71373608978208,3131.916300984086,0.028997474410424316,0.004425743957634969,132.77332407822048,157.20675924814814,1489.859696441253,0.28541273021677596,0.053932866632043847,261.83019418927497,309.59707064006889,2901.495173264504,0.034666749488501989,0.006550784105914961,147.40070752728082,174.1222619266008,1687.129811631079,0.0,0.0,8.370426301251407,9.97208487786018,58.49108828132316,0.0,0.0,49.48035001438688,58.55542370053858,535.7507953152245,0.0,0.0,186.56057721934099,221.22784881512463,1803.2089460976059,0.0,0.0,22.245788300142544,26.45347319611699,179.79236745175886,0.0,0.0,91.3999605144302,108.60533066052577,783.7932822792872,50.02616674988691,34.311499828454689,360.9644886430292,427.89055192887738,4051.1398212855149,0.0,0.0,111.73162407724517,133.02921015531997,832.2118805659804,0.0,17.217611840450425,52.21874555816467,22.0,30.0,0.0,17.272251105888917,52.26052464934878,16.0,30.0,0.0,17.154585137956106,52.50631951236545,22.0,30.0,0.0,17.37863469572239,51.56508069956738,16.0,30.0,0.0,15.081301174738116,59.1533905278567,12.0,30.0,0.0,17.025057771180089,52.37501703220602,16.0,30.0,0.0,16.43363412301366,54.480529619916428,10.0,30.0,0.0,15.63260640815665,57.13719149736414,12.0,30.0,0.0,15.881867745431327,56.28654965666982,12.0,30.0,0.0,16.55910766994655,0.0,0.0,0.0,15.299295590465628,0.0,0.0,435.30000066143989,429.9723525667446,433.4469914715815,438.24408766666707,460.4083905287554,452.75447812770406,449.2228696931236,456.95425007361976,454.2929271206193,0.0,81.81857958587774,81.81857958587774,60.0,0.0,60.0,60.0,16.0,16.0,16.0,12.0,12.0,12.0,21.0,10.0,0.0,0.0,0.0,0.0,0.0,0.0,0.0,0.0,0.0,0.0,0.0,0.0,0.0,81.81857958587774,81.81857958587774,0.0,0.0,0.0,81.81857958587774,0.0,0.0,0.0018899999999999998 
 02/23  13:20:00,11.653333333333333,76.0,10.330000000000002,92.66666666666666,3.8333333333333328,0.0,0.0,0.0,0.0,0.0,0.0,0.0,0.0,0.0,0.0,160.0,0.0,151.28559388335683,32.76976495602229,83.97136043467518,4.5363185664766549,120.74043990489598,0.0,32.76976495602228,44.798753126551009,0.0,0.0,17.276752821487034,12.538125803124786,17.54369195672485,-206.203280818263,17.441068756960126,-65.57044109824619,17.470073256249856,-102.90449132394588,15.021623946430394,17.358074327745329,17.063537798534179,-51.23243300422746,16.29275278385512,21.607065706240065,15.631362158611499,-14.36872429883681,15.992261870723067,-73.67572230579845,280.9579658960711,265.3552204710395,0.0,0.0,0.0,0.0,0.0,0.0,0.0,0.0,0.0,0.0,0.0,0.0,0.0,0.0,0.0,0.0,0.0,0.0,0.0,0.0,0.0,0.0,0.2695630317488122,0.08228419772552265,250.01125938646559,294.8657515136858,2792.6737767865008,0.01932087552723216,0.0029488515761953847,147.61387313233406,174.07935320150697,1649.5985521157482,0.18841730691068893,0.03560417742076512,101.80657327900154,120.03329693145156,1155.344115468074,0.02686785965827591,0.005077070986068764,68.11418756751279,80.31825088085749,765.8173555852054,0.0,0.0,8.107452175404936,9.634490090160046,56.241524733090418,0.0,0.0,48.27891148322222,56.99194227897334,517.6358475147587,0.0,0.0,184.28438634088057,217.99423158994606,1757.3417507417819,0.0,0.0,22.078391465705196,26.188321289968724,176.48183117168495,0.0,0.0,92.98569384168433,110.19280806829721,792.2120453032205,49.150136888227439,33.71065630193927,194.59565456207089,230.21411630993044,2282.825488295364,0.0,0.0,113.13528491592328,134.3349262368122,838.6885263749803,0.0,17.232196041911285,52.153215569882309,22.0,30.0,0.0,17.240021627292163,52.50663679576149,16.0,30.0,0.0,17.31855760425866,51.9801304864211,22.0,30.0,0.0,17.273233843393606,52.3247840461705,16.0,30.0,0.0,15.076565627850665,59.269835754811,12.0,30.0,0.0,16.991293353654834,52.595528105536299,16.0,30.0,0.0,16.38867873046907,54.679158144688347,10.0,30.0,0.0,15.60845905170888,57.32254957445997,12.0,30.0,0.0,15.874178727443774,56.40139548571547,12.0,30.0,0.0,16.330604475335826,0.0,0.0,0.0,15.302605322775677,0.0,0.0,435.60197581322486,427.1178127728187,433.55586663946385,429.03183412157707,455.85669707992909,448.702836783002,447.92166349527539,452.8291122411317,451.0715232072782,0.0,81.81857958587774,81.81857958587774,60.0,0.0,60.0,60.0,16.0,16.0,16.0,12.0,12.0,12.0,21.0,10.0,0.0,0.0,0.0,0.0,0.0,0.0,0.0,0.0,0.0,0.0,0.0,0.0,0.0,81.81857958587774,81.81857958587774,0.0,0.0,0.0,81.81857958587774,0.0,0.0,0.0018866666666666663 
 02/23  13:30:00,11.675,76.0,10.17,87.0,1.0,0.0,0.0,0.0,0.0,0.0,0.0,0.0,0.0,0.0,0.0,160.0,0.0,133.15195701339256,30.784738606257326,78.88479221933905,3.9925837150582375,106.26810599415127,0.0,30.78473860625731,42.085071612137927,0.0,0.0,17.265080477020839,-10.740023367398863,17.553553522274023,-72.87539974338961,17.34812298659206,-188.53301264683933,17.50110051906676,-15.585819860584934,15.019792039252437,17.29868835846517,17.02431561017825,-57.684892574764948,16.3003828281907,42.73018799884903,15.612969867558576,-12.752709536807175,15.98732924836387,-65.79885505516859,209.29923934509089,243.35803331956368,0.0,0.0,0.0,0.0,0.0,0.0,0.0,0.0,0.0,0.0,0.0,0.0,0.0,0.0,0.0,0.0,0.0,0.0,0.0,0.0,0.0,0.0,0.23630336329309935,0.07213167377689235,118.74141541719814,140.03505170331889,1321.4983948886896,0.04499002109309264,0.006866608835942101,36.74264481294308,43.317417395336359,415.0039651309783,0.17471415242823178,0.033014768032545698,111.37612559392042,131.3779497193883,1224.6897785528709,0.033428874604485497,0.0063168697287387539,38.21508229657905,45.04643360095092,435.35241202968248,0.0,0.0,8.306424509056689,9.870413900004833,57.19768880679303,0.0,0.0,49.10713884255746,57.97405773419309,520.6029701706101,0.0,0.0,183.0636630817999,216.51291407758689,1748.9263945864109,0.0,0.0,21.933814061499569,26.01654538191609,173.63955571595143,0.0,0.0,87.11646698411349,103.2303791743327,738.4794113926492,48.36495812735275,33.17212491587981,92.47951209610683,109.47662020997857,1254.1431481922815,0.0,0.0,106.56476396247314,126.54183398124217,777.5701183720131,0.0,17.228526879669638,52.30519970774674,22.0,30.0,0.0,17.317265330212594,52.123323287655058,16.0,30.0,0.0,17.163073050527254,52.5462556624114,22.0,30.0,0.0,17.36891021206904,51.831511940115237,16.0,30.0,0.0,15.073014095258675,59.34791174075343,12.0,30.0,0.0,16.952341724687018,52.74511641282207,16.0,30.0,0.0,16.419896603211673,54.62405857749593,10.0,30.0,0.0,15.591848001398061,57.46258412357579,12.0,30.0,0.0,15.87476132191124,56.46713304971722,12.0,30.0,0.0,16.119261357657295,0.0,0.0,0.0,15.266132349398227,0.0,0.0,433.25689372961679,430.6220759943982,433.0519194777579,433.496065833299,453.1380280080449,448.11919309410987,445.63715016762276,449.96343432429486,448.7311806758706,0.0,81.81857958587774,81.81857958587774,60.0,0.0,60.0,60.0,16.0,16.0,16.0,12.0,12.0,12.0,21.0,10.0,0.0,0.0,0.0,0.0,0.0,0.0,0.0,0.0,0.0,0.0,0.0,0.0,0.0,81.81857958587774,81.81857958587774,0.0,0.0,0.0,81.81857958587774,0.0,0.0,0.0018833333333333335 
 02/23  13:40:00,11.696666666666666,76.0,10.01,83.16666666666666,0.8333333333333334,0.0,0.0,0.0,0.0,0.0,0.0,0.0,0.0,0.0,0.0,160.0,0.0,125.96113666860598,29.47498681263593,75.52859868179962,3.776966619365145,100.52914702582364,0.0,29.474986812635917,40.29454161174745,0.0,0.0,17.250817574904134,-5.961027420531082,17.47558843973426,-221.09956880576739,17.40364369414015,-10.374717567511653,17.34580444047557,-256.07291213587907,15.019012171923383,17.273729892228944,16.993197212249919,-48.96035985716253,16.28946921979399,35.74100519660624,15.593621194320438,-13.901689137103518,15.977550672643162,-71.65807765037698,292.17774821897367,255.5671189861182,0.0,0.0,0.0,0.0,0.0,0.0,0.0,0.0,0.0,0.0,0.0,0.0,0.0,0.0,0.0,0.0,0.0,0.0,0.0,0.0,0.0,0.0,0.21826066591335545,0.06662413489418664,110.16659376832814,129.91512820536733,1220.7147709514885,0.017077538166584324,0.0026064618691368018,102.8758438070084,121.32817281799261,1130.7083878041834,0.2152912940199553,0.04068240627739142,179.51103459312413,211.62387684722899,2021.1934341571262,0.004026005909441712,0.0007607720917312379,133.5440089921274,157.56233804636009,1436.2297030093615,0.0,0.0,8.192114777530762,9.734031499270693,56.013497988688978,0.0,0.0,46.54049419664417,54.945469763768759,488.9481525437163,0.0,0.0,183.05739548867374,216.5009279219175,1735.7828724403326,0.0,0.0,22.609042035759097,26.817645225733569,177.10175672270788,0.0,0.0,89.86567851771385,106.48562292582388,755.9471054450064,47.62093111246263,32.66181832130497,183.21566601956915,216.69200665125735,2159.666843852782,0.0,0.0,109.77698570837269,130.3448340399312,797.6760674686213,0.0,17.226227608038199,52.365777743345827,22.0,30.0,0.0,17.190736068548504,52.65248231796809,16.0,30.0,0.0,17.321767369013629,51.974915045048408,22.0,30.0,0.0,17.07107668009435,53.044504447089817,16.0,30.0,0.0,15.070762548967288,59.413991997248817,12.0,30.0,0.0,16.926071736161228,52.87920390204387,16.0,30.0,0.0,16.405919880112579,54.752397885099338,10.0,30.0,0.0,15.572013308774272,57.57739996601396,12.0,30.0,0.0,15.864150240676518,56.537231942678179,12.0,30.0,0.0,16.37018229182379,0.0,0.0,0.0,15.272987891895014,0.0,0.0,432.2835068335301,429.00447165440326,433.8144307761705,429.3091247440099,450.7987632835164,446.1981717755671,443.7372337154948,448.6368396510114,447.73512052391598,0.0,81.81857958587774,81.81857958587774,60.0,0.0,60.0,60.0,16.0,16.0,16.0,12.0,12.0,12.0,21.0,10.0,0.0,0.0,0.0,0.0,0.0,0.0,0.0,0.0,0.0,0.0,0.0,0.0,0.0,81.81857958587774,81.81857958587774,0.0,0.0,0.0,81.81857958587774,0.0,0.0,0.00188 
 02/23  13:50:00,11.718333333333332,76.0,9.85,79.33333333333334,0.6666666666666667,0.0,0.0,0.0,0.0,0.0,0.0,0.0,0.0,0.0,0.0,320.0,0.0,118.79102754884467,28.158680495434536,72.15560956164886,3.561970541100438,94.80671748097238,0.0,28.15868049543452,38.49505108069352,0.0,0.0,17.21254977300498,-25.538998184562844,17.47430467337319,-99.01458656322689,17.310187538701237,-166.79800603251329,17.36294713984312,-38.18554078639511,15.018607193794289,16.87529350768996,16.96567173206561,-48.284829259216738,16.277021393232159,31.970316225866556,15.57768219347409,-13.160296225181924,15.96865654702378,-70.75150373919633,248.3105867450472,253.4681767602233,0.0,0.0,0.0,0.0,0.0,0.0,0.0,0.0,0.0,0.0,0.0,0.0,0.0,0.0,0.0,0.0,0.0,0.0,0.0,0.0,0.0,0.0,0.152151839050149,0.04644439531445331,109.30230550224906,129.23211536699064,1194.171041426354,0.01583706629566235,0.0024171346605101268,77.15559030595579,91.11846488908393,850.7580719499586,0.13837051447125665,0.026147111578090834,159.811424513656,189.14227934453815,1734.9761859321048,0.042267756693155789,0.00798710443937184,102.96763086254582,121.88521407279069,1124.448214465689,0.0,0.0,8.095258224645193,9.64339208804852,54.94803138452035,0.0,0.0,45.79069962950733,54.20102196107743,476.94754808495886,0.0,0.0,182.2858843101556,216.14680302484249,1714.5130832547787,0.0,0.0,22.583826884211577,26.85615005772219,175.2397083441889,0.0,0.0,90.1362691124861,107.07857710264912,752.7006086398244,46.80525997524908,32.102373096878668,150.06633283133213,178.09475364225635,1796.15476103236,0.0,0.0,109.64210472805932,130.51746907168457,789.3411064503532,0.0,17.17471167798098,52.525351596018797,22.0,30.0,0.0,17.242028398073218,52.47562141888319,16.0,30.0,0.0,17.1552900792193,52.635524198024189,22.0,30.0,0.0,17.176463926713866,52.560708934789179,16.0,30.0,0.0,15.06915186090374,59.47399362784927,12.0,30.0,0.0,16.904607684267874,53.015949737430748,16.0,30.0,0.0,16.391179395716795,54.85318855713848,10.0,30.0,0.0,15.558530592346943,57.68013418361848,12.0,30.0,0.0,15.857017602216198,56.63270782504857,12.0,30.0,0.0,16.262035187079904,0.0,0.0,0.0,15.26275402907464,0.0,0.0,433.0220983668362,429.51621811755219,432.2840642961736,432.1846586531991,448.977429459582,444.4079100795848,442.31581067442508,446.83141635615746,445.4887407752746,0.0,81.81857958587774,81.81857958587774,60.0,0.0,60.0,60.0,16.0,16.0,16.0,12.0,12.0,12.0,21.0,10.0,0.0,0.0,0.0,0.0,0.0,0.0,0.0,0.0,0.0,0.0,0.0,0.0,0.0,81.81857958587774,81.81857958587774,0.0,0.0,0.0,81.81857958587774,0.0,0.0,0.0018866666666666663 
 02/23  14:00:00,11.74,76.0,9.69,75.5,0.5,0.0,0.0,0.0,0.0,0.0,0.0,0.0,0.0,0.0,0.0,320.0,0.0,111.6439891473057,26.836343568421353,68.76716736234755,3.3476662289962557,89.10270045116389,0.0,26.83634356842134,36.68731624881769,0.0,0.0,17.18606975081824,-28.04882647171098,17.43618293892132,-153.49767874803139,17.272100643186186,-125.52359410174017,17.348548387835288,-116.74816670092253,15.017627610169534,16.156545727230339,16.93494556674503,-48.18925940210954,16.259133137907115,31.120555715371667,15.559903289875156,-13.439689731987642,15.957931570580517,-71.30045346448492,212.2055290212886,245.52852388795874,0.0,0.0,0.0,0.0,0.0,0.0,0.0,0.0,0.0,0.0,0.0,0.0,0.0,0.0,0.0,0.0,0.0,0.0,0.0,0.0,0.0,0.0,0.14494977408008442,0.04424596278390855,127.13228925732362,150.3525045008497,1377.335097830501,0.016375016848384086,0.002499239445724067,62.835815124490498,74.2038403321621,684.5952719476842,0.09497868229033255,0.017947596804673579,130.29278753366124,153.96343284336144,1406.131386079568,0.0062358104492116549,0.0011783466457316048,52.92836122436908,62.44395585975687,569.1249429383813,0.0,0.0,7.975194560735937,9.499662578792148,53.73849330199731,0.0,0.0,45.121683553612388,53.409344999525888,465.476116201446,0.0,0.0,179.24495364319794,212.53981574747406,1669.502443601701,0.0,0.0,22.515121812624704,26.77422097334986,172.91677338375454,0.0,0.0,87.94250709229843,104.46835209343547,728.683750956001,46.02886408148191,31.569865625159076,118.57913268176046,140.530036013424,1467.271581580098,0.0,0.0,107.21963965120392,127.63410056410004,762.5031565349407,0.0,17.150755788077043,52.75679214279956,22.0,30.0,0.0,17.200333954420665,52.833084589859769,16.0,30.0,0.0,17.11924548800966,52.97495590227959,22.0,30.0,0.0,17.166974019269099,52.78836385177735,16.0,30.0,0.0,15.066374346807088,59.575325773782598,12.0,30.0,0.0,16.876172435634115,53.223532552084808,16.0,30.0,0.0,16.367035433231317,55.058319825495569,10.0,30.0,0.0,15.540597395257772,57.855738953184758,12.0,30.0,0.0,15.846470276348342,56.79694106976219,12.0,30.0,0.0,16.15560498152267,0.0,0.0,0.0,15.240755195528977,0.0,0.0,431.28942665752336,427.0678080661836,429.63785433704779,429.65206435378357,446.3490797686055,441.4733793890216,439.5241233729179,443.86979748627689,442.23149742090205,0.0,81.81857958587774,81.81857958587774,60.0,0.0,60.0,60.0,16.0,16.0,16.0,12.0,12.0,12.0,21.0,10.0,0.0,0.0,0.0,0.0,0.0,0.0,0.0,0.0,0.0,0.0,0.0,0.0,0.0,81.81857958587774,81.81857958587774,0.0,0.0,0.0,81.81857958587774,0.0,0.0,0.0018933333333333333 
 02/23  14:10:00,11.746666666666667,76.0,9.866666666666666,71.66666666666666,0.33333333333333328,0.0,0.0,0.0,0.0,0.0,0.0,0.0,0.0,0.0,0.0,160.0,0.0,105.0327082076541,25.475330182090639,65.2796189346803,3.1494263257061845,83.82626554626457,0.0,25.475330182090624,34.82670776480853,0.0,0.0,17.153378997487694,-11.851140393383503,17.395410413650816,-126.34245420011848,17.24593304204828,-133.07787920830743,17.353138437206778,-16.3021357960356,15.017017910339357,16.331379060319166,16.901201484683488,-45.31484450124162,16.244703164478027,31.677063476502555,15.540946835805272,-12.721044020454884,15.94640732425605,-69.21023749524284,200.95388528858212,246.95909801464587,0.0,0.0,0.0,0.0,0.0,0.0,0.0,0.0,0.0,0.0,0.0,0.0,0.0,0.0,0.0,0.0,0.0,0.0,0.0,0.0,0.0,0.0,0.1340296619706595,0.040912595229139047,104.39957907920057,123.13979791825274,1123.0161526083546,0.014770748008322404,0.0022543876691578765,71.45862274613103,84.26840406299069,774.1533426799775,0.1344641836178958,0.02540895382046407,80.08699753561656,94.46409357046832,859.4474457401258,0.030000900118842288,0.005669104330846992,55.62792218335428,65.5934825357477,608.5649577313391,0.0,0.0,8.037719790383058,9.549249248556599,54.04046245435196,0.0,0.0,45.20271786157959,53.37281081935249,462.86815604756267,0.0,0.0,179.0209996713496,211.73121541202267,1659.6159587713433,0.0,0.0,22.599109846060597,26.80612734771811,172.4039262051583,0.0,0.0,87.61137943727597,103.80700324669407,723.0786670619087,46.909540415114687,32.17389603231461,97.64352340037725,115.57396334573468,1257.4847935192505,0.0,0.0,107.07935649214935,127.14003780202622,758.0149863610842,0.0,17.116892212970357,52.98582141251035,22.0,30.0,0.0,17.161824686122168,53.093389994760489,16.0,30.0,0.0,17.101737008456725,53.241046665464967,22.0,30.0,0.0,17.214241942306417,52.50136127899715,16.0,30.0,0.0,15.064380433963489,59.68173660189311,12.0,30.0,0.0,16.842193181971756,53.39044427070352,16.0,30.0,0.0,16.34992757879607,55.2401710464152,10.0,30.0,0.0,15.520046401650323,58.056505433493359,12.0,30.0,0.0,15.835151115843543,56.93155348130878,12.0,30.0,0.0,16.088836320835669,0.0,0.0,0.0,15.22975517813012,0.0,0.0,429.65211736002859,425.90140148106539,426.9081712537078,432.04811364514048,443.73694948976847,440.1534056397769,437.3392838992459,441.0002041636433,440.16148775175676,0.0,81.81857958587774,81.81857958587774,60.0,0.0,60.0,60.0,16.0,16.0,16.0,12.0,12.0,12.0,21.0,10.0,0.0,0.0,0.0,0.0,0.0,0.0,0.0,0.0,0.0,0.0,0.0,0.0,0.0,81.81857958587774,81.81857958587774,0.0,0.0,0.0,81.81857958587774,0.0,0.0,0.0018999999999999998 
 02/23  14:20:00,11.753333333333334,76.0,10.043333333333333,67.83333333333333,0.16666666666666664,0.0,0.0,0.0,0.0,0.0,0.0,0.0,0.0,0.0,0.0,160.0,0.0,98.88822827217219,24.085136253279975,61.71729703512108,2.9651832086938207,78.922379388115,0.0,24.085136253279964,32.92620726691364,0.0,0.0,17.132081462819707,-12.579713398713466,17.349158721957339,-158.32294778269535,17.28476496042485,-14.072170469364665,17.265364088930505,-176.12270334444748,15.017169126217795,16.4349491621511,16.87091269028759,-43.76175427687872,16.23319210659866,32.29523938067814,15.52434212464594,-12.571261129998675,15.935655189080667,-68.69114877385027,226.6691757552867,246.00269917479228,0.0,0.0,0.0,0.0,0.0,0.0,0.0,0.0,0.0,0.0,0.0,0.0,0.0,0.0,0.0,0.0,0.0,0.0,0.0,0.0,0.0,0.0,0.18697911381688929,0.05707543156803702,85.63026770156449,101.0025862637674,918.0251268755434,0.02304873183731719,0.003517816214486751,77.33517028485844,91.21455352129122,828.5380113347859,0.16334121455731347,0.030865686802213439,91.78033127759811,108.22004057588839,1004.6693413080772,0.015315359865586078,0.0028940589315166428,90.51710812614516,106.78380773734139,959.6907459360629,0.0,0.0,8.136678428072085,9.666595916665365,54.58659772332221,0.0,0.0,44.54360857910197,52.59793046224546,453.1171267426639,0.0,0.0,178.46196995226678,211.0754102901574,1647.9245409108774,0.0,0.0,22.824853847532599,27.075022180637104,173.07898497877336,0.0,0.0,86.99651656005561,103.08034756734887,715.1840249820219,47.87911371857095,32.83889829805965,114.49690948110433,135.50561684813685,1419.8690191061242,0.0,0.0,106.88760206514445,126.91440259844704,752.1551274581645,0.0,17.100440476084559,53.211506746081649,22.0,30.0,0.0,17.107030843452585,53.284856753480287,16.0,30.0,0.0,17.21751541089824,52.49582167405343,22.0,30.0,0.0,17.051053877752456,53.42905358740988,16.0,30.0,0.0,15.063790711096163,59.76889404238567,12.0,30.0,0.0,16.814737634871027,53.58953602530387,16.0,30.0,0.0,16.338256945756667,55.30613139160609,10.0,30.0,0.0,15.503714954261282,58.14406245961711,12.0,30.0,0.0,15.825578268388924,56.992754187419098,12.0,30.0,0.0,16.11851805362735,0.0,0.0,0.0,15.215337450292502,0.0,0.0,427.52959941148529,425.8086324831924,432.11184055418928,426.541468177699,441.8259987528005,438.1235989377891,436.76543814132836,440.3030842822688,439.5932545351064,0.0,81.81857958587774,81.81857958587774,60.0,0.0,60.0,60.0,16.0,16.0,16.0,12.0,12.0,12.0,21.0,10.0,0.0,0.0,0.0,0.0,0.0,0.0,0.0,0.0,0.0,0.0,0.0,0.0,0.0,81.81857958587774,81.81857958587774,0.0,0.0,0.0,81.81857958587774,0.0,0.0,0.0019066666666666666 
 02/23  14:30:00,11.76,76.0,10.219999999999999,64.0,0.0,0.0,0.0,0.0,0.0,0.0,0.0,0.0,0.0,0.0,0.0,320.0,0.0,92.74931700839398,22.697418098114697,58.16131919669168,2.781107069824086,74.02293757357853,0.0,22.697418098114686,31.029091339292167,0.0,0.0,17.1132467409129,-12.492649154077299,17.341240846866414,-105.99462750515643,17.191002934438449,-163.50435334163422,17.261177524948026,-76.29489874501928,15.017578697082734,16.46901035539325,16.843729090599884,-42.686104869441468,16.222547475593055,30.756118494938165,15.509505353522979,-13.079252584914798,15.924967924809366,-69.99389517691498,242.80173743248907,246.07437738272552,0.0,0.0,0.0,0.0,0.0,0.0,0.0,0.0,0.0,0.0,0.0,0.0,0.0,0.0,0.0,0.0,0.0,0.0,0.0,0.0,0.0,0.0,0.19987816281746818,0.06101287021290237,100.33232381839076,118.60979937486028,1071.0137331976494,0.02388255775607573,0.003645079022600081,53.25466852020854,62.82435051228707,569.6830402654433,0.1838067480371279,0.03473294558524716,161.27813014650185,190.8166867891578,1706.9622877601397,0.03946127802358411,0.007456779671879081,96.0535137969191,113.63322227009508,1025.5611083085733,0.0,0.0,8.230230638669604,9.802999301269788,55.079838435839757,0.0,0.0,44.0807860517499,52.19041008727801,445.7901821382177,0.0,0.0,178.41493901529118,211.5737611632568,1640.6965529663954,0.0,0.0,23.06944530672154,27.436377881308127,173.9508867056253,0.0,0.0,86.87844060572805,103.20864144089426,711.2066839579667,48.85236048657659,33.50642008681523,133.98677914253524,158.95922032227419,1599.521234345345,0.0,0.0,107.04516216344438,127.4360418519391,748.4006654811376,0.0,17.08842651751098,53.10957880229316,22.0,30.0,0.0,17.135180482663594,53.21547162263079,16.0,30.0,0.0,17.049985772038555,53.310828486382998,22.0,30.0,0.0,17.093029853759697,53.12564791847342,16.0,30.0,0.0,15.06366373582578,59.83729172234291,12.0,30.0,0.0,16.793324698647404,53.721955980835847,16.0,30.0,0.0,16.32757030472262,55.4069767207602,10.0,30.0,0.0,15.490514137575028,58.281386918913018,12.0,30.0,0.0,15.81649024968916,57.13223346859418,12.0,30.0,0.0,16.128616926616805,0.0,0.0,0.0,15.200627468305609,0.0,0.0,429.6424741315524,425.64943932977448,428.64939351681888,429.1682623469396,440.430697244082,436.996894127029,435.7023514793632,438.7084212981242,437.6934572469686,0.0,81.81857958587774,81.81857958587774,60.0,0.0,60.0,60.0,16.0,16.0,16.0,12.0,12.0,12.0,21.0,10.0,0.0,0.0,0.0,0.0,0.0,0.0,0.0,0.0,0.0,0.0,0.0,0.0,0.0,81.81857958587774,81.81857958587774,0.0,0.0,0.0,81.81857958587774,0.0,0.0,0.0019133333333333334 
 02/23  14:40:00,11.766666666666666,76.0,10.396666666666667,60.16666666666667,0.0,0.0,0.0,0.0,0.0,0.0,0.0,0.0,0.0,0.0,0.0,480.0,0.0,87.10515370970777,21.316190307588529,54.62197300265731,2.6118657540966576,69.51834933992633,0.0,21.316190307588518,29.140848232197745,0.0,0.0,17.082473673945274,-18.219328565960205,17.29395924535244,-135.66144732145649,17.18785001059058,-89.69194742053296,17.23383694520885,-79.28431855059245,15.01803195674354,16.488746021307827,16.815050537925086,-41.57154915042038,16.20986409208764,28.94127349399789,15.49348965725385,-13.296950060469282,15.912859206010458,-70.11004632290971,192.5828179664865,245.8474765412184,0.0,0.0,0.0,0.0,0.0,0.0,0.0,0.0,0.0,0.0,0.0,0.0,0.0,0.0,0.0,0.0,0.0,0.0,0.0,0.0,0.0,0.0,0.22418959959909474,0.06843394371156744,90.98983189598568,107.7539224001028,964.2708214188882,0.034177329253245,0.0052163200935966169,65.15298669148946,77.14744970830923,692.1576660527398,0.21643174497766499,0.04089791099351195,88.69707585817486,105.03337673114348,944.5031206556836,0.04103572342896904,0.007754293920818039,59.16350543632886,70.01931957820519,627.7373040244899,0.0,0.0,8.316072968926325,9.913555961354739,55.53352085055232,0.0,0.0,43.549275223315259,51.60933797046013,437.64375326141819,0.0,0.0,177.92312712367304,211.17942418327363,1628.4888120349338,0.0,0.0,23.257806035347146,27.68567208606111,174.3062318452872,0.0,0.0,86.289133660068,102.59909333654312,703.2015228088235,49.795177727690717,34.153071143820827,87.10559323736404,103.5323663700319,1145.8314400959458,0.0,0.0,106.79234526713694,127.25041329673272,741.5499429344662,0.0,17.05245479486191,53.39937239734149,22.000000000000019,30.00000000000002,0.0,17.07705760903422,53.47512310426674,16.000000000000015,30.00000000000002,0.0,17.08167644369529,53.21969419500046,22.000000000000019,30.00000000000002,0.0,17.067497663528664,53.35764063376334,16.000000000000015,30.00000000000002,0.0,15.063565960134822,59.920843186053549,12.00000000000001,30.00000000000002,0.0,16.76844029350422,53.880638528842137,16.000000000000015,30.00000000000002,0.0,16.313084554667339,55.5664994840547,10.000000000000007,30.00000000000002,0.0,15.474691778165309,58.43199437070868,12.00000000000001,30.00000000000002,0.0,15.805194763165929,57.261611066845137,12.00000000000001,30.00000000000002,0.0,15.941178315224349,0.0,0.0,0.0,15.183910239063783,0.0,0.0,427.3916651113392,425.1169647011451,428.63321055516999,427.3031701813045,438.8313109514962,435.6560319682585,433.92660339178908,437.1135303335305,436.17158253842669,0.0,81.81857958587782,81.81857958587782,60.00000000000004,0.0,60.00000000000004,60.00000000000004,16.0,16.0,16.0,12.0,12.0,12.0,21.0,10.0,0.0,0.0,0.0,0.0,0.0,0.0,0.0,0.0,0.0,0.0,0.0,0.0,0.0,81.81857958587782,81.81857958587782,0.0,0.0,0.0,81.81857958587782,0.0,0.0,0.0019200000000000003 
 02/23  14:50:00,11.773333333333334,76.0,10.573333333333335,56.333333333333339,0.0,0.0,0.0,0.0,0.0,0.0,0.0,0.0,0.0,0.0,0.0,160.0,0.0,81.47056365480208,19.9373052611779,51.08862995863988,2.442911487043967,65.02140140595616,0.0,19.93730526117789,27.25580783392384,0.0,0.0,17.056438413385174,-11.715097590750702,17.262122201744814,-118.46099095889508,17.152213813781658,-106.6960575770097,17.257430753837668,-10.854067177451526,15.018639712762749,16.587832479095483,16.781067177623805,-39.67094662682916,16.195944994000234,31.13281562584325,15.474947916978419,-12.754027430764495,15.898638675483454,-68.17830454133946,108.57136441830312,246.1561616594072,0.0,0.0,0.0,0.0,0.0,0.0,0.0,0.0,0.0,0.0,0.0,0.0,0.0,0.0,0.0,0.0,0.0,0.0,0.0,0.0,0.0,0.0,0.2562505404825511,0.07822055570285443,98.0151345965762,115.63550261653197,1033.0753634436429,0.04557196285045593,0.006955427785478622,50.133203252912,59.13829714457748,530.0607324346488,0.23432064480803983,0.044278277552539668,44.85693491609984,52.9173168729402,475.30566658166108,0.04825678287566554,0.009118817625787136,5.008409742862218,5.906459765872246,54.31205516749697,0.0,0.0,8.414381121589538,9.995733033101633,56.10930573720552,0.0,0.0,43.444707274740199,51.310958404749388,433.18692280465759,0.0,0.0,177.68321131063827,210.16783005998674,1618.9689913857849,0.0,0.0,23.341419553109707,27.690232603277115,173.72997184728403,0.0,0.0,85.67411132035032,101.51718467040021,694.8384100664575,50.70706354760822,34.778507234299208,38.39858415904801,45.516085663081799,691.1601809376759,0.0,0.0,106.42433008573937,126.3767260767342,734.0233441722332,0.0,17.02674354321171,53.50914872803637,22.0,30.0,0.0,17.05267445724191,53.60607249911041,16.0,30.0,0.0,17.041242503722388,53.554674690352069,22.0,30.0,0.0,17.1430157914841,53.07785168493159,16.0,30.0,0.0,15.063779903681976,60.042447906217379,12.0,30.0,0.0,16.732790962385857,54.10077265364621,16.0,30.0,0.0,16.296602851132304,55.713827581019199,10.0,30.0,0.0,15.453551986512905,58.63686395099699,12.0,30.0,0.0,15.790102973819743,57.42638192106342,12.0,30.0,0.0,15.639888606149887,0.0,0.0,0.0,15.165385506109616,0.0,0.0,427.3177489859456,424.8288657964099,426.18433020793858,427.9173991287857,436.6540157338993,433.95931904833307,432.5912816022137,435.0542346868782,434.3848370392502,0.0,81.81857958587774,81.81857958587774,60.0,0.0,60.0,60.0,16.0,16.0,16.0,12.0,12.0,12.0,21.0,10.0,0.0,0.0,0.0,0.0,0.0,0.0,0.0,0.0,0.0,0.0,0.0,0.0,0.0,81.81857958587774,81.81857958587774,0.0,0.0,0.0,81.81857958587774,0.0,0.0,0.00193 
 02/23  15:00:00,11.78,76.0,10.75,52.5,0.0,0.0,0.0,0.0,0.0,0.0,0.0,0.0,0.0,0.0,0.0,160.0,0.0,75.84586573018169,18.560840996118644,47.561490030666607,2.274253830309976,60.53234827145059,0.0,18.560840996118637,25.374076827288204,0.0,0.0,17.030595342780765,-13.263948021422948,17.205825644353355,-164.2766564855558,17.184167751358815,-12.041563205815237,17.12141635852197,-229.33736547810259,15.019343733686848,16.650358291788906,16.75178999145531,-37.676102028493918,16.183205930338809,29.771645135773725,15.45914322027227,-12.868303787448781,15.885779609570408,-68.33594030704717,219.31615582992209,247.82652876183193,0.0,0.0,0.0,0.0,0.0,0.0,0.0,0.0,0.0,0.0,0.0,0.0,0.0,0.0,0.0,0.0,0.0,0.0,0.0,0.0,0.0,0.0,0.32149333350866379,0.09813593818945782,71.21470441602738,84.02219226544274,747.3662891033672,0.05483670815276674,0.008369460951276976,62.09228604969534,73.26221530678994,646.4746582477189,0.25882285628794657,0.04890832507330813,93.01159767666894,109.69026847591342,999.6499107664499,0.03740474496402801,0.007068167982620559,92.52522638619894,109.2048405833203,945.9702446963516,0.0,0.0,8.499308024301323,10.096363734878738,56.568103882891069,0.0,0.0,42.777993693819599,50.5270267945636,423.74740459643678,0.0,0.0,177.19704777858488,209.5996984768508,1606.9596217766105,0.0,0.0,23.51349592475071,27.895322208062838,173.94723531572829,0.0,0.0,85.42205082311287,101.22079869138807,689.5699452352458,51.75760816999344,35.4990453840833,96.99806014771989,114.86904616774102,1232.460705264763,0.0,0.0,106.5977560950136,126.5870665132132,730.3535619961741,0.0,17.00042699816244,53.69990858351744,22.0,30.0,0.0,16.977456307319529,53.968951794645018,16.0,30.0,0.0,17.138180804436947,53.08503759783525,22.0,30.0,0.0,16.884558319317504,54.284961480305408,16.0,30.0,0.0,15.06419491679333,60.12017984603851,12.0,30.0,0.0,16.70644900015726,54.25048051405014,16.0,30.0,0.0,16.281741458633868,55.810059151615188,10.0,30.0,0.0,15.437551416057906,58.759269386927538,12.0,30.0,0.0,15.777840229439017,57.524517771495769,12.0,30.0,0.0,15.913516065930237,0.0,0.0,0.0,15.149210316738479,0.0,0.0,426.1202509194077,423.6317475206152,428.09199361961887,423.735026771558,435.3299756373815,433.0321356924638,431.89438190053206,434.0553450591429,433.5424689074872,0.0,81.81857958587774,81.81857958587774,60.0,0.0,60.0,60.0,16.0,16.0,16.0,12.0,12.0,12.0,21.0,10.0,0.0,0.0,0.0,0.0,0.0,0.0,0.0,0.0,0.0,0.0,0.0,0.0,0.0,81.81857958587774,81.81857958587774,0.0,0.0,0.0,81.81857958587774,0.0,0.0,0.00194 
 02/23  15:10:00,11.771666666666667,75.83333333333334,10.753333333333334,48.666666666666667,0.0,0.0,0.0,0.0,0.0,0.0,0.0,0.0,0.0,0.0,0.0,1610.0,0.0,70.23137606480302,17.18687487482515,44.04075145557275,2.105902262855013,56.05144223542351,0.0,17.18687487482514,23.495760972576517,0.0,0.0,18.162839007314689,-885.4881687245512,17.400622227181939,741.0344528003716,18.544222887786483,-2555.2324118226686,17.44152224672525,932.9244691437805,15.022459495988276,22.705643087956017,16.73162898724458,-21.408037908794904,16.283001687275985,229.13009730249159,15.44510453611681,-15.43202822814634,16.504368038466227,-99.01738433786007,573.4499373751834,275.120328704312,0.0,0.0,0.0,0.0,0.0,0.0,0.0,0.0,0.0,0.0,0.0,0.0,0.0,0.0,0.0,0.0,0.0,0.0,0.0,0.0,0.0,0.0,0.4390602201086766,0.13402326621143974,406.3196906902217,478.25570853953016,5732.402408804616,0.21480529159940754,0.03278469041504999,330.26315339984196,390.4890221542611,3781.7360479941228,0.07480999671296973,0.014136431729586126,536.2056361660071,630.4508324521748,7954.655978929522,0.19038295772586895,0.035975615594457468,363.8794543227479,430.1532832776083,4285.538284929027,0.0,0.0,10.430331899811688,12.445601892806226,69.66969969236357,0.0,0.0,36.67977778253316,43.55467327432752,363.0837873664471,0.0,0.0,155.7915708342735,185.0711854690704,1473.984398611709,0.0,0.0,32.13042599801747,38.28862192022707,237.24666736419594,0.0,0.0,92.37093932321824,109.57153708833637,937.9126254006189,52.82530569977917,36.2313482165838,688.571351866748,815.6214199024444,7780.599402257706,0.0,0.0,86.21022613579541,102.87240411060867,599.5284283095609,1996.477932181735,18.69179335526062,48.37852339509643,21.999999999999998,30.0,0.0,17.413272479475738,52.41058309319544,15.999999999999999,30.0,4452.332952455765,19.109150514310494,47.16413856942587,21.999999999999998,30.0,0.0,17.590290538767275,51.84218747019034,15.999999999999999,30.0,0.0,15.069479628891138,60.17481674041407,12.0,30.0,0.0,16.698243777570729,54.37344099546665,15.999999999999999,30.0,0.0,16.492249474071689,55.28010304330991,10.0,30.0,0.0,15.424984350990592,58.86959429380091,12.0,30.0,892.2078552874795,16.794316201225507,54.08212636739773,16.4,30.0,0.0,16.927826625184549,0.0,0.0,0.0,15.175499583738383,0.0,0.0,425.158525667924,425.0120760072632,424.8090191876792,424.9871769712758,434.25272653597508,431.65381060128126,428.92275371801397,433.1921615558173,431.15015276924518,10796.733035598689,80.86574025791249,85.23517764115091,60.0,0.0,60.0,60.0,16.0,16.0,16.0,16.0,12.0,12.0,21.0,10.0,1.0,0.0,1996.477932181735,0.0,4452.332952455765,0.0,0.0,0.0,0.0,892.2078552874795,6612.304668991279,3967382.8013947678,5162472.502512572,80.86574025791249,85.30938519345493,0.3564101556330426,0.7670344824949906,0.3602813740196596,85.30938519345493,0.3542647819438876,5162472.502512572,0.27039857013065379 
 02/23  15:20:00,11.763333333333334,75.66666666666667,10.756666666666668,44.833333333333339,0.0,0.0,0.0,0.0,0.0,0.0,0.0,0.0,0.0,0.0,0.0,483.0,0.0,64.62740391329189,15.815482577440058,40.52660815946683,1.9378660575162175,51.57893011056175,0.0,15.81548257744005,21.620963730281443,0.0,0.0,18.879925472837699,-1434.1520513553892,17.967665805719425,694.8143576474356,19.39171532421692,-3526.6451916803187,18.203061684576875,679.332354461905,15.035821162727262,29.537947011229134,16.724166100966998,11.2728165093218,16.6464444860787,268.6374952676896,15.424292281792749,-19.272271921137788,16.410340906595559,-86.49813034032056,749.4184417278493,319.31097724180855,0.0,0.0,0.0,0.0,0.0,0.0,0.0,0.0,0.0,0.0,0.0,0.0,0.0,0.0,0.0,0.0,0.0,0.0,0.0,0.0,0.0,0.0,0.5958947861714035,0.1818970653758862,474.03771447466729,555.8554840690754,7581.988719127562,0.26591964570084267,0.04058602651111762,394.4676321080623,464.8197566113563,5216.011894179202,0.20363906136962085,0.03848054825578625,575.3602136205095,673.6362030735011,9757.655759073576,0.21089650394013183,0.039851947078634108,383.2082542516949,450.97217189728527,5391.193279088202,0.0,0.0,11.429290787327343,13.622299045614883,77.06181815724492,0.0,0.0,39.487001039498419,46.78522874739936,392.99817511002109,0.0,0.0,173.4209336559154,205.16226486380342,1869.6142836999325,0.0,0.0,36.1379295421515,43.0241089222548,265.6742274807699,0.0,0.0,75.85672503355265,89.96172831159736,735.0080727874433,53.63577022099053,36.78722237379323,767.2097332500462,906.4458398579178,9641.50846830734,0.0,0.0,90.37717828008074,107.62687028227249,634.3732298630339,1929.3754079723663,19.824465143850924,45.061665229235249,21.999999999999994,29.99999999999999,0.0,18.397021369510335,49.2482410365616,15.999999999999993,29.99999999999999,4358.031045515934,20.36634994226279,43.584895033719359,21.999999999999994,29.99999999999999,0.0,18.848139672748528,47.89319667791172,15.999999999999993,29.99999999999999,0.0,15.09204132542723,60.24668547099423,11.999999999999995,29.99999999999999,0.0,16.713083432465877,54.483086600936619,15.999999999999993,29.99999999999999,0.0,17.11145403178369,53.24279167403345,9.999999999999997,29.99999999999999,0.0,15.399370826437126,59.079539895075459,11.999999999999995,29.99999999999999,0.0,16.582005953982035,54.93498860302031,15.999999999999993,29.99999999999999,0.0,17.661335609566195,0.0,0.0,0.0,15.192907932600925,0.0,0.0,424.8721757480564,425.11452086859927,424.75196279390556,424.83085689051929,431.99890199894676,429.3118838587586,427.54026896081828,431.66221025511046,429.3855887662561,11118.472274658283,80.65263348785362,86.00442754026031,59.99999999999998,0.0,59.99999999999998,59.99999999999998,16.0,16.0,16.0,16.0,12.0,12.0,21.0,10.0,1.0,0.0,1929.3754079723663,0.0,4358.031045515934,0.0,0.0,0.0,0.0,0.0,8097.873382000849,4858724.029200511,6315428.406398963,80.65263348785362,86.09531877000714,0.38326244606669498,0.7692394137253854,0.36028137401965945,86.09531877000714,0.35426478194388735,6315428.406398963,0.33036227713274615 
 02/23  15:30:00,11.754999999999999,75.5,10.76,41.0,0.0,0.0,0.0,0.0,0.0,0.0,0.0,0.0,0.0,0.0,0.0,483.0,0.0,59.034248703910879,14.446737379419034,37.01924790658224,1.7701541924924043,47.115050867240658,0.0,14.446737379419027,19.749785273506235,0.0,0.0,19.483025408287256,-1223.8741183546113,18.500272016145826,1032.8830603006884,20.10705365971875,-3151.9596451068339,18.753257063611515,936.7420537073397,15.061147687590335,43.62307614381486,16.75117061772339,67.46462383908917,16.88599510860909,257.3390865083601,15.431977552700515,18.38980432038321,16.244564858847875,-115.52927409345826,1073.8283582841623,605.561571969444,0.0,0.0,0.0,0.0,0.0,0.0,0.0,0.0,0.0,0.0,0.0,0.0,0.0,0.0,0.0,0.0,0.0,0.0,0.0,0.0,0.0,0.0,0.8263972105774531,0.25225800078676827,500.88887336241057,585.6274906902954,8848.588495819382,0.3070811219303653,0.0468683031029251,412.2425682632464,484.21422420920376,6199.203843163792,0.4443910436108959,0.08397412010787904,564.1628723176101,658.0631045732274,10694.908307431358,0.23698682594309807,0.04478209107012432,380.086337083839,445.72150630487467,6052.130489548289,0.0,0.0,12.606869176408856,15.025186104323972,86.2687773060115,0.0,0.0,57.78087483153005,68.47331191947092,584.2386316831614,0.0,0.0,280.2286747483629,331.28502272272768,3220.5410220825958,0.0,0.0,38.69701857533049,46.074027805663259,287.38340264425906,0.0,0.0,140.8369199625009,167.19460355173488,1286.7817719500795,54.75216316132888,37.55292397896356,781.5485918793933,919.8842327069157,11566.074915335308,0.0,0.0,174.88235089776817,208.02447491413578,1402.6925188814115,1845.5137202203078,20.69846453621105,42.68707827350204,21.999999999999994,29.99999999999999,0.0,19.314925829508995,46.49591939755402,15.999999999999993,29.99999999999999,4136.61882660257,21.392245337886629,40.89891088223476,21.999999999999994,29.99999999999999,0.0,19.76064841658116,45.23493387150869,15.999999999999993,29.99999999999999,0.0,15.13415788015784,60.22660859242933,11.999999999999995,29.99999999999999,0.0,16.78738289776618,54.33181349757966,15.999999999999993,29.99999999999999,0.0,17.491143735424456,52.01103779032056,9.999999999999997,29.99999999999999,0.0,15.428041672071763,59.19177496603166,11.999999999999995,29.99999999999999,0.0,16.29138446988398,56.06987001708256,15.999999999999993,29.99999999999999,0.0,18.719168762619679,0.0,0.0,0.0,15.713869554307355,0.0,0.0,424.77669837263809,424.9422142107293,424.67466192756947,424.7744397921233,430.0167638765713,427.7306548112549,426.9127291793751,428.65789265640879,427.8047380880306,12652.34164397141,79.63798835482385,87.86035688595119,59.99999999999998,0.0,59.99999999999998,59.99999999999998,16.0,16.0,16.0,16.0,12.0,12.0,21.0,10.0,1.0,0.0,1845.5137202203078,0.0,4136.61882660257,0.0,0.0,0.0,0.0,0.0,12441.051291584427,7464630.77495066,9729972.937050026,79.63798835482385,87.99999999999997,0.41470170971948097,0.7672166114039515,0.36028137401965945,87.99999999999997,0.35426478194388735,9729972.937050026,0.5079285927266013 
 02/23  15:40:00,11.746666666666667,75.33333333333334,10.763333333333334,38.5,1.9999999999999996,0.0,0.0,0.0,0.0,0.0,0.0,0.0,0.0,0.0,0.0,1288.0,0.0,60.98832791672916,13.586491291631987,34.81490111382058,1.8287440946512739,48.67455657487887,0.0,13.586491291631982,18.573763652155824,0.0,0.0,19.934272993122378,-1076.656459377662,18.896011617261907,959.0834932975381,20.46791425911099,-3151.4525380696766,19.191036388663247,937.5965682206388,15.090876457830053,52.82394277989151,17.80958059928084,-82.88678180596688,17.04708184581056,282.3148947839409,16.153095753284778,-33.75340076422502,16.164394394811994,-38.26861048884916,1201.1491610083722,681.5462306055542,0.0,0.0,0.0,0.0,0.0,0.0,0.0,0.0,0.0,0.0,0.0,0.0,0.0,0.0,0.0,0.0,0.0,0.0,0.0,0.0,0.0,0.0,0.900767571105318,0.2749595760394744,492.15755747884369,574.8670642482575,9308.557939099748,0.3128549335252937,0.047749531978829948,401.83861539865577,471.67787562032927,6482.7621173965949,0.5196624166360524,0.09819773556992678,602.8067270041001,703.1237329624323,11901.467082316914,0.24620776893104388,0.04652452171788432,389.4786208700148,456.4260205739316,6653.621944609556,0.0,0.0,12.940713795024275,15.438150358591328,89.88116685153254,0.0,0.0,53.78842603736459,63.451847212264599,706.4315705504771,0.0,0.0,292.13286793628978,345.42018188520577,3494.627395216973,0.0,0.0,24.605368434999066,29.2345174246598,238.7035539488297,0.0,0.0,170.68874961318836,202.88606552357704,1523.5936330729037,55.33312864019226,37.95139138559141,780.3554937398978,918.012925929874,12424.735960723065,0.0,0.0,194.61277210347743,231.5385139690453,1650.3043805707926,1891.4292081638603,21.326124006360279,41.04870453127059,22.0,30.0,0.0,19.885891667684218,44.86042595385508,16.0,30.0,3665.7293195112495,21.774321298852173,39.939647392389058,21.875,30.0,0.0,20.38534899734676,43.49782237468366,16.0,30.0,0.0,15.177672334907049,60.15700871451058,12.0,30.0,1838.1973809181284,18.24261163777493,49.651473993441687,20.0,30.0,0.0,17.719681537184806,51.29735707351566,10.0,30.0,707.2270268194693,16.672739995873167,54.76280153312828,16.625,30.0,0.0,16.17905376988837,56.531956106363917,16.0,30.0,0.0,19.24858144819165,0.0,0.0,0.0,15.935160801756212,0.0,0.0,424.60488914829599,424.74532820923687,424.48861888062586,424.616209461473,428.612112737621,426.9152456288114,426.20690533939088,427.4591532934959,426.84549852531958,10678.057463175151,80.9442285095009,86.30965718100788,60.0,0.0,60.0,60.0,16.0,16.0,19.0,16.0,16.0,12.0,21.0,10.0,1.0,0.0,1891.4292081638603,0.0,3665.7293195112495,0.0,1838.1973809181284,0.0,707.2270268194693,0.0,8119.699122944776,4871819.473766865,6365947.5196328,80.9442285095009,86.40077997185088,0.35565663743149247,0.7647130498637922,0.36028137401965956,86.40077997185088,0.3542647819438875,6365947.5196328,0.3330092710209056 
 02/23  15:50:00,11.738333333333334,75.16666666666666,10.766666666666666,36.0,3.999999999999999,0.0,0.0,0.0,0.0,0.0,0.0,0.0,0.0,0.0,0.0,483.0,0.0,62.81214432848367,12.725897769620879,32.60966345238349,1.8834280492324558,50.13010004862696,0.0,12.725897769620874,17.39726706188048,0.0,0.0,20.076856363882415,-1185.9350098488779,19.152940282852947,621.4230357128065,20.49157263890618,-1881.9854158657905,19.372656843444277,529.7889031006826,15.130780962918513,58.07958051023264,18.75225961825776,-345.28884202081817,17.2092168786495,252.61087934203369,16.070875531779874,-18.984249993798067,16.144620988134599,17.54799446061984,1179.575531561775,742.1170000792963,0.0,0.0,0.0,0.0,0.0,0.0,0.0,0.0,0.0,0.0,0.0,0.0,0.0,0.0,0.0,0.0,0.0,0.0,0.0,0.0,0.0,0.0,0.9628405787504816,0.2939073805709653,479.432870413811,559.5668996362342,9109.985112236925,0.2750888262338355,0.04198547408941328,327.9278695321258,384.28486989381028,5506.324816911435,0.6611042538585824,0.12492521803828104,487.3254796481347,568.2178038285446,9342.143678621182,0.2304449241291636,0.04354590403045421,266.59638363460979,311.77579043778817,4687.346247407564,0.0,0.0,13.363852405231154,15.922930983652382,94.62811948191019,0.0,0.0,78.16681266692453,91.58636096459321,1274.582937409127,0.0,0.0,330.60447270954139,390.17703741901325,4106.8181335201729,0.0,0.0,25.43153097476415,30.171136261966625,240.58771542740898,0.0,0.0,186.42354788261185,221.39341480274624,1660.8755322930502,55.495948220078819,38.063064622825027,646.275635460561,759.4020402656752,10564.045889716741,0.0,0.0,212.95117006876945,252.88727452945575,1905.5054646380996,1847.7593839167562,21.46021763437017,40.71868256655131,22.000000000000019,30.00000000000002,0.0,20.214879371684284,43.94540354121112,16.000000000000015,30.00000000000002,2831.265525581263,21.5400628338808,40.53443991915705,21.666666666666687,30.00000000000002,0.0,20.530363484871225,43.101222353786209,16.000000000000015,30.00000000000002,0.0,15.236587514318535,60.01266272235365,12.00000000000001,30.00000000000002,1419.5262363107059,19.91724746897862,44.71606993837514,20.000000000000015,30.00000000000002,0.0,17.946046357012098,50.581450842702427,10.000000000000007,30.00000000000002,0.0,16.44613238262467,55.58784466388725,16.000000000000015,30.00000000000002,0.0,16.159230718207238,56.6334065180945,16.000000000000015,30.00000000000002,0.0,19.328515875025887,0.0,0.0,0.0,16.161555897375704,0.0,0.0,424.55823694858966,424.5974055328994,424.4083954489573,424.66698859438659,427.33838223664579,426.2076604904007,425.9085176727169,426.67923676238868,426.2701818948021,8567.951090991419,82.33966048455791,82.33966048455791,60.00000000000004,0.0,60.00000000000004,60.00000000000004,16.0,16.0,19.0,16.0,16.0,12.0,21.0,10.0,1.0,0.0,1847.7593839167562,0.0,2831.265525581263,0.0,1419.5262363107059,0.0,0.0,0.0,0.0,0.0,0.0,82.33966048455791,82.33966048455791,0.3400000000000003,0.7681407198149515,0.3602813740196598,82.33966048455791,0.3542647819438878,0.0,0.001963333333333334 
 02/23  16:00:00,11.73,75.0,10.77,33.5,6.0,0.0,0.0,0.0,0.0,0.0,0.0,0.0,0.0,0.0,0.0,644.0,0.0,64.46128372226653,11.861514233906169,30.394713476379388,1.9328743149892825,51.44623474737385,0.0,11.861514233906164,16.215589235533355,0.0,0.0,20.119993075350906,-773.3010006358445,19.19196314539654,691.577698975138,20.373450601481815,-2411.6152891530016,19.470419024059728,649.622157756789,15.165443857129912,58.6517344962172,18.407857151962554,-241.23704490168678,17.256247874263889,235.2691038724206,15.916756081171089,6.055825505096465,16.174004459875179,66.51812533089151,1201.8740120871999,753.7672186932234,0.0,0.0,0.0,0.0,0.0,0.0,0.0,0.0,0.0,0.0,0.0,0.0,0.0,0.0,0.0,0.0,0.0,0.0,0.0,0.0,0.0,0.0,0.9776662336543296,0.29843291625590037,429.04039719025868,500.83211471076029,8111.580576672172,0.28981380611890736,0.04423287639177463,339.0151886417669,397.19649757524499,5691.757291439492,0.6420222014463598,0.12131938802841269,533.8167838256457,622.3590123332233,10432.710461649682,0.23424701224475504,0.044264363613899269,342.20525256524288,400.3608229509999,6022.578235020774,0.0,0.0,13.166368084645132,15.694023176916286,94.62501842960227,0.0,0.0,81.63972431112446,95.99716419306202,1226.688460560836,0.0,0.0,340.11982088353639,401.6837944795561,4241.205158818364,0.0,0.0,30.397617114358938,36.116858028649527,270.95501566442058,0.0,0.0,186.97595975951033,222.1550210776985,1690.3375327547147,55.76408979776626,38.24697516993572,670.596097578107,787.6824374744787,11130.964862544797,0.0,0.0,218.94993926214102,260.09419910480468,2006.3332316696604,1141.2389474026468,21.28544203658513,41.131680618775337,21.5,30.0,0.0,20.197461478621187,43.978079682650648,16.0,30.0,2472.9482070530455,21.617944284959049,40.30277370125725,21.75,30.0,0.0,20.624332400694315,42.83050681750418,16.0,30.0,0.0,15.281943028136677,59.88111068821797,12.0,30.0,77.46195406177975,19.264546644792838,46.58195696268669,19.0,30.0,0.0,17.965248516521979,50.52763805038738,10.0,30.0,0.0,16.15676254962657,56.64811729990859,16.0,30.0,0.0,16.218414926273437,56.435407373359307,16.0,30.0,0.0,19.4560613670604,0.0,0.0,0.0,16.26609657522536,0.0,0.0,424.3371838068135,424.476067129755,424.2207726311942,424.35776401206319,426.62165039396725,425.84068812345017,425.5602045728044,426.15180388661676,425.8982683844006,10116.490052268595,81.31567465019168,83.01275476096473,60.0,0.0,60.0,60.0,16.0,16.0,19.0,16.0,16.0,12.0,21.0,10.0,1.0,0.0,1141.2389474026468,0.0,2472.9482070530455,0.0,77.46195406177975,0.0,0.0,0.0,2568.392898992899,1541035.7393957396,2020693.0850862375,81.31567465019168,83.041576815165,0.3406130966330967,0.7672109813394548,0.36028137401965956,83.041576815165,0.3542647819438875,2020693.0850862375,0.107022707091151 
 02/23  16:10:00,11.701666666666668,75.0,10.66,31.0,8.0,0.0,0.0,0.0,2.0,0.0,0.0,0.0,0.0,0.0,4.0,644.0,0.0,70.0486374672798,11.588381496892407,29.694809769299089,2.1004057703189229,55.905413612262297,0.0,11.588381496892401,15.842196076544278,0.0,0.0,20.16557985492281,-1478.2846189528946,19.290196237778589,568.647278953435,20.683055511893885,-1705.63404663321,19.590712357288795,573.228476413105,15.196501009206042,58.123582464249569,18.81083864199485,-103.58882974172539,17.21828484101566,147.88416749368163,16.03340222854663,2.445524227768203,16.20140902199173,45.00228469161539,1190.2951924804348,713.3941967413257,0.0,0.0,0.0,0.0,0.0,0.0,0.0,0.0,0.0,0.0,0.0,0.0,0.0,0.0,0.0,0.0,0.0,0.0,0.0,0.0,0.0,0.0,1.1002377997100817,0.33584792420942669,390.5788799127872,455.97229358127057,7415.290414014075,0.2789662243053834,0.04257726256187171,300.9484384800064,352.5493039737727,5112.020766616128,0.5168755837799837,0.09767112316326227,360.1553809562794,419.9035959572319,7152.283767162477,0.23130071363956784,0.043707617845723318,355.3007631092596,415.695584852831,6350.325569904793,0.0,0.0,13.649690179509499,16.267550886812299,99.89111505669277,0.0,0.0,19.349249567416505,22.70050936460288,312.5546966354551,0.0,0.0,268.6990360866401,317.4761460935713,3297.437477691038,0.0,0.0,33.45142912518727,39.74715297857117,303.2187550499259,0.0,0.0,176.3314582161803,209.47972593625776,1618.38991624949,55.25511914733283,37.897886932327057,645.311761287627,758.092269908186,10845.451719399129,0.0,0.0,209.5566701954815,248.99200173665214,1908.5052932695738,1833.257347414125,21.313284353289725,41.2121197946328,22.0,30.0,0.0,20.2800141401007,43.864355751206527,16.0,30.0,1250.8572864022154,21.757344685522534,40.611067502778258,21.5,30.0,0.0,20.747580681458339,43.258656688675959,16.0,30.0,0.0,15.318944743955777,59.76580717462784,12.0,30.0,964.0786169822624,19.834350306838649,46.2277251208368,19.75,30.0,0.0,17.835075573344633,51.003995898506328,10.0,30.0,337.1880071046398,16.200632697448126,56.52796278619553,16.25,30.0,0.0,16.258752422843214,56.31366863349288,16.0,30.0,0.0,19.515679233374184,0.0,0.0,0.0,16.209124496604617,0.0,0.0,436.2837171059309,432.91117461488468,466.29366062370345,469.1914903553304,426.1087509020269,511.76456145297029,428.41018660250497,426.23412275210498,426.3187550907288,10070.25214671384,81.3462107337043,86.50446522169273,1744.0,0.0,1744.0,1744.0,16.0,16.0,19.0,16.0,16.0,12.0,21.0,10.0,1.0,0.0,1833.257347414125,0.0,1250.8572864022154,0.0,964.0786169822624,0.0,337.1880071046398,0.0,7806.496388990283,4683897.83339417,6123758.526396097,81.3462107337043,86.59206950712847,0.34521654629967615,0.7641122576792925,0.36028137401965956,86.59206950712847,0.3542647819438875,6123758.526396097,0.37453411003926376 
 02/23  16:20:00,11.673333333333336,75.0,10.55,28.5,10.0,0.0,0.0,0.0,2.0,0.0,0.0,0.0,0.0,0.0,4.0,483.0,0.0,71.18753456023797,10.662610277942802,27.322555993261945,2.134552496868716,56.8143274945302,0.0,10.662610277942797,14.57659663312295,0.0,0.0,20.190055053230539,-1429.3742690078344,19.327970542460144,552.5380365279686,20.3591230413923,-954.680632082742,19.53236504527142,349.61693437229516,15.224096509201523,55.810541273042179,18.583412628556496,-85.95348987989144,17.213564455184448,195.04345846928718,16.407103493035664,-34.89853438255586,16.20403194205605,23.471792375683429,1139.365971890862,682.9111201289388,0.0,0.0,0.0,0.0,0.0,0.0,0.0,0.0,0.0,0.0,0.0,0.0,0.0,0.0,0.0,0.0,0.0,0.0,0.0,0.0,0.0,0.0,1.0054926741778248,0.3069269457197267,392.8795661155435,458.64402364006068,7423.46951702736,0.2641158653518324,0.04031072426004766,304.07295655364467,356.12973210591908,5182.090926024994,0.6596368779764544,0.12464793612555827,276.40920008014498,322.7877499417812,5183.754395605831,0.20599803009160637,0.03892630954111985,275.42174198265857,322.28721743222237,4843.393781044745,0.0,0.0,13.59457990764998,16.194199523091485,101.0833970580033,0.0,0.0,19.291483438549855,22.65643568395687,294.8440650263638,0.0,0.0,260.18165428178426,307.3181551572767,3194.109435070147,0.0,0.0,23.248184046772488,27.556183685126304,246.06976561102329,0.0,0.0,177.9489144256824,211.3026942678007,1642.60293774743,54.632550585166217,37.47088517501112,569.1183994166942,668.4740479611827,9615.941407127395,0.0,0.0,201.23735899754514,239.05025070523983,1825.2657516626628,1809.767164737308,21.231941627828627,41.54343111005455,21.999999999999994,29.99999999999999,0.0,20.28118998286147,44.03490746254602,15.999999999999993,29.99999999999999,0.0,21.16205085220342,42.44115394698219,20.999999999999994,29.99999999999999,0.0,20.55265732992028,43.89800664994955,15.999999999999993,29.99999999999999,0.0,15.349082269084013,59.698209382379889,11.999999999999995,29.99999999999999,0.0,19.355512365516419,49.18178054155577,18.999999999999994,29.99999999999999,0.0,17.808300824377484,51.172494464433388,9.999999999999997,29.99999999999999,257.66868712998277,16.936256888368633,53.96613737234951,16.66666666666666,29.99999999999999,0.0,16.25613045813266,56.38893921912491,15.999999999999993,29.99999999999999,0.0,19.44817924065652,0.0,0.0,0.0,16.160894595512809,0.0,0.0,444.6790103685309,443.6922145845628,484.8262218955409,475.4151309436363,427.32392292776157,604.9061475005321,432.77624749992449,427.687359418734,429.4569743178263,8287.552010776408,82.52497141106632,82.52497141106632,1743.9999999999996,0.0,1743.9999999999996,1743.9999999999996,16.0,16.0,19.0,16.0,16.0,12.0,21.0,10.0,1.0,0.0,1809.767164737308,0.0,0.0,0.0,0.0,0.0,257.66868712998277,0.0,0.0,0.0,0.0,82.52497141106632,82.52497141106632,0.3399999999999999,0.767757726442676,0.36028137401965945,82.52497141106632,0.35426478194388735,0.0,0.0567768888888889 
 02/23  16:30:00,11.645,75.0,10.44,26.0,12.0,0.0,0.0,0.0,2.0,0.0,0.0,0.0,0.0,0.0,4.0,322.0,0.0,72.64963748274335,9.722402606152905,24.91330892660132,2.1783902787334696,57.98118726132033,0.0,9.7224026061529,13.291261464172822,0.0,0.0,20.210102843870979,-1410.08078985485,19.339086887368504,509.0870146385332,20.668435322107777,-1231.5771601987099,19.392113319857466,364.8621508876986,15.248737731901795,54.11049024764225,18.757731728452943,-89.9497342467073,17.23341414512855,180.40230832769158,16.18898363667605,-15.076553391501819,16.198430038464808,20.981576800294989,1091.9917851160608,679.7491857296732,0.0,0.0,0.0,0.0,0.0,0.0,0.0,0.0,0.0,0.0,0.0,0.0,0.0,0.0,0.0,0.0,0.0,0.0,0.0,0.0,0.0,0.0,0.9226985551414484,0.2816540156109427,382.8038162044365,446.5790202265236,7210.633307721897,0.24511181127500016,0.0374102276060745,292.96815505373459,342.86752320834349,4986.772370694924,0.7244389975885239,0.13689323461612325,276.29043765591606,321.73708193050876,5432.622322831961,0.21502166354877334,0.0406314556970471,277.54678954393207,324.67741608916728,4737.612062738173,0.0,0.0,13.393177944975772,15.939392436784836,101.0273102366782,0.0,0.0,18.944572457068433,22.21457620984367,295.97665326625966,0.0,0.0,260.6135241638301,307.54716888862489,3215.031805716906,0.0,0.0,22.831742423398983,27.059533065886986,222.8740209173611,0.0,0.0,178.71294476921544,212.04760249651313,1655.2862610481209,53.9960158031527,37.03430439173712,561.2957930094901,658.7912348081751,9405.941079899112,0.0,0.0,201.59315097979647,239.2529526195716,1839.658154950529,1779.6986783532187,21.172036658338528,41.796980383391787,22.0,30.0,0.0,20.239955836419008,44.24893902151071,16.0,30.0,911.913638633692,21.56790419230597,41.48978353730641,21.5,30.0,0.0,20.26687152936767,44.849726016602719,16.0,30.0,0.0,15.373934572898357,59.68264142372665,12.0,30.0,862.0438264738514,19.504327364170736,49.598138487323939,19.5,30.0,0.0,17.808836813857285,51.24637842896834,10.0,30.0,0.0,16.504457792937808,55.54630377160251,16.0,30.0,0.0,16.2424611157006,56.536092971634918,16.0,30.0,0.0,19.357469763706719,0.0,0.0,0.0,16.15964971491396,0.0,0.0,451.25520263794399,450.2749324797658,491.2870520824573,485.78134430406308,430.4135184189097,659.8254035417328,436.811154974325,431.3964863167777,434.0524886562371,6697.057261995143,83.57637589673647,83.57637589673647,1744.0,0.0,1744.0,1744.0,16.0,16.0,19.0,16.0,16.0,12.0,21.0,10.0,1.0,0.0,1779.6986783532187,0.0,911.913638633692,0.0,862.0438264738514,0.0,0.0,0.0,0.0,0.0,0.0,83.57637589673647,83.57637589673647,0.34,0.768533704890751,0.36028137401965956,83.57637589673647,0.3542647819438875,0.0,0.05745511111111111 
 02/23  16:40:00,11.616666666666668,75.0,10.33,22.333333333333337,10.0,0.0,0.0,0.0,2.0,0.0,0.0,0.0,0.0,0.0,4.0,483.0,0.0,60.72513593552613,8.33675773788931,21.36264183120449,1.8208359774857024,48.46432692231119,0.0,8.336757737889304,11.396979876931678,0.0,0.0,20.30404122425631,-1483.8300712873102,19.357248859986826,539.0128356220712,20.634572601557083,-1291.6548439241013,19.475880299749567,543.535018529167,15.269867391339333,53.263132655079079,18.826694304657516,-94.10969370859557,17.23585084200846,173.86098428589754,16.04404859507385,-4.50205866501373,16.1995433989064,25.72753797994696,1097.862165157977,678.5576860887713,0.0,0.0,0.0,0.0,0.0,0.0,0.0,0.0,0.0,0.0,0.0,0.0,0.0,0.0,0.0,0.0,0.0,0.0,0.0,0.0,0.0,0.0,0.9795879439165145,0.2990195189000351,390.61422374559256,455.9602345023712,7431.795373076998,0.2591457167109406,0.039552154565161899,301.3543908598695,352.9735504327187,5143.9597690192499,0.5782909020803555,0.10927643652312091,334.925766660721,391.00744943617345,6396.618579730523,0.22604550118398449,0.04271456938472874,333.0384922563622,389.9478030381811,5803.6397222575419,0.0,0.0,13.38574637534116,15.94357323809999,102.24156582552109,0.0,0.0,19.11178543028799,22.424366225220348,302.35611476158865,0.0,0.0,262.0522704518039,309.5576700217965,3233.811068484112,0.0,0.0,27.565001978475775,32.72945400954788,257.28604388732068,0.0,0.0,174.8236052310495,207.6245478395193,1628.968940404102,53.52943670614535,36.71429129365253,624.9295608950788,734.147346667188,10491.780808253083,0.0,0.0,203.4202062641817,241.63868184242598,1871.348199150636,1873.4272987564905,21.241310864375924,41.80685631056896,22.000000000000008,30.00000000000001,0.0,20.236031231097266,44.44052335770032,16.000000000000008,30.00000000000001,0.0,21.273047056485436,42.36012682483919,21.000000000000008,30.00000000000001,0.0,20.42252801317308,44.497199621327137,19.000000000000008,30.00000000000001,0.0,15.393321161977184,59.69892723763863,12.000000000000006,30.00000000000001,0.0,19.57666021849231,49.897040945197378,19.000000000000008,30.00000000000001,0.0,17.78235937033749,51.48434606419116,10.000000000000004,30.00000000000001,0.0,16.253698668939273,56.55846209638379,16.000000000000008,30.00000000000001,0.0,16.24225481911321,56.66878084908765,16.000000000000008,30.00000000000001,0.0,19.41997297168674,0.0,0.0,0.0,16.168759241179737,0.0,0.0,463.27885148818396,461.1570491038087,496.70351468378046,489.780268231249,434.29646912100307,687.4016056271909,444.7529874004782,437.04745991619105,440.428561078063,10148.26370146365,81.29465916501612,83.57789622190444,1744.000000000001,0.0,1744.000000000001,1744.000000000001,16.0,19.0,19.0,16.0,16.0,12.0,21.0,10.0,1.0,0.0,1873.4272987564905,0.0,0.0,0.0,0.0,0.0,0.0,0.0,3455.4630371394475,2073277.8222836666,2683154.743077015,81.29465916501612,83.61667316695724,0.3418487679046483,0.7694281546797199,0.3602813740196597,83.61667316695724,0.3542647819438876,2683154.743077015,0.1976573799733381 
 02/23  16:50:00,11.588333333333335,75.0,10.22,18.666666666666669,8.0,0.0,0.0,0.0,2.0,0.0,0.0,0.0,0.0,0.0,4.0,322.0,0.0,49.3941551343689,6.951064601618579,17.811851699333123,1.4810781781227296,39.421149939905557,0.0,6.951064601618575,9.502632303665355,0.0,0.0,20.35774913893712,-1536.5754706776052,19.406303915063078,552.9229356403293,20.38378406667743,-937.283938077042,19.44483652878444,361.0204540170698,15.29209767014344,52.82013394182425,18.48030288943908,-75.33297808242247,17.264236372637595,180.95476972318103,15.942251471466497,5.390370407562557,16.203711008203965,26.06210926357153,1071.1603323626842,678.0962195263865,0.0,0.0,0.0,0.0,0.0,0.0,0.0,0.0,0.0,0.0,0.0,0.0,0.0,0.0,0.0,0.0,0.0,0.0,0.0,0.0,0.0,0.0,0.8926835253102317,0.2724919185928668,398.8172889887588,465.1203700264542,7621.678246785779,0.24793988866929646,0.03784186335001473,307.58631536959879,359.9060354352937,5300.013173991829,0.7369480183803345,0.13925699515879343,280.16112190013919,327.0458160563038,5226.660155640264,0.22100827870158885,0.04176271328450279,284.02804378177748,332.3613935390274,4900.778571168694,0.0,0.0,13.402823194174616,15.949129113415236,103.73753557396185,0.0,0.0,19.175131167268128,22.515808590046558,285.82027783902938,0.0,0.0,264.70977713422647,312.39648674085626,3295.4028506123379,0.0,0.0,30.80542687457463,36.56873864308315,279.05320936045629,0.0,0.0,173.7232990766712,206.13163414539936,1630.2609914699602,52.96626674030725,36.32802931433969,582.5613981898124,683.7988180419721,9834.746297184756,0.0,0.0,204.57351675098995,242.7949552392176,1894.394810634953,1873.163511412837,21.25835860841534,41.83233377397799,22.0,30.0,0.0,20.290005159755589,44.42026606902874,16.0,30.0,0.0,21.016829095802025,43.15249637839621,21.0,30.0,0.0,20.29819677286703,44.958527248361878,19.0,30.0,0.0,15.415290902728355,59.75126745080306,12.0,30.0,32.745240205373658,19.071528854507507,51.82220482203278,19.0,30.0,0.0,17.807939162792125,51.51737129633672,10.0,30.0,0.0,16.08255511882446,57.340809566776368,16.0,30.0,0.0,16.24627948104804,56.79727168016677,16.0,30.0,0.0,19.39458590581186,0.0,0.0,0.0,16.16993198952076,0.0,0.0,467.8755042579769,469.03275893212597,507.59356685958707,497.3245752049053,440.3401630632609,707.6966311158416,450.8923094981576,444.7047016450913,447.21287547216448,8430.706783133526,82.43033329098879,82.43033329098879,1744.0,0.0,1744.0,1744.0,16.0,19.0,19.0,16.0,16.0,12.0,21.0,10.0,1.0,0.0,1873.163511412837,0.0,0.0,0.0,32.745240205373658,0.0,0.0,0.0,0.0,0.0,0.0,82.43033329098879,82.43033329098879,0.34,0.7707153702336866,0.36028137401965956,82.43033329098879,0.3542647819438875,0.0,0.058036444444444449 
 02/23  17:00:00,11.56,75.0,10.11,15.0,6.0,0.0,0.0,0.0,2.0,0.0,0.0,0.0,0.0,0.0,4.0,644.0,0.0,38.436626374442358,5.566606385034673,14.264226649686466,1.1525182396701986,30.67602195733524,0.0,5.56660638503467,7.609972959236052,0.0,0.0,20.40988282389918,-1496.927036816352,19.435978417383244,519.995236793282,20.846690191870388,-1668.3504955769668,19.503644124799274,694.8317013222536,15.31196776761376,52.14760889914268,18.949240334552117,-103.79739564381825,17.27498054528973,158.66199824311298,16.098769873105739,-1.3503785661986854,16.208747157987856,28.749785949794388,1078.386606071581,687.8603362547497,0.0,0.0,0.0,0.0,0.0,0.0,0.0,0.0,0.0,0.0,0.0,0.0,0.0,0.0,0.0,0.0,0.0,0.0,0.0,0.0,0.0,0.0,0.9730640742098717,0.29702810568066909,386.9355236459368,451.8553150434085,7430.75289307441,0.2562707230165647,0.039113358213761408,296.8558179543135,347.7999777637373,5140.439940045642,0.5264158858586975,0.09947390133384313,357.9811727666749,417.1967573557962,7152.503906516202,0.24010269793282536,0.04537088018382942,356.6592452736548,417.44631920013407,6270.918787782014,0.0,0.0,13.261193284583295,15.800966973297945,103.8408432212891,0.0,0.0,18.98107156691373,22.26013881384938,313.03914610045879,0.0,0.0,264.89322025723086,313.0576520675379,3306.6824035905676,0.0,0.0,32.758704160513769,38.928780216531638,306.5191402915361,0.0,0.0,174.29889971477409,207.09145659813493,1647.186901659573,52.526550769121659,36.0264408567364,644.7900227196578,757.4300222933234,10917.697598813975,0.0,0.0,206.1356144603933,244.97043035664815,1927.0811791770544,1868.6915347959062,21.276085298319388,41.95136693635633,22.0,30.0,0.0,20.306132513449528,44.502666525411957,16.0,30.0,1176.7348594866708,21.652147473870394,41.55525216209329,21.5,30.0,0.0,20.409306794510859,44.778291806153308,19.0,30.0,0.0,15.432776014966065,59.817641528188179,12.0,30.0,922.6595270783977,19.865889492620306,49.44108316073192,19.75,30.0,0.0,17.797423576485618,51.72340150687968,10.0,30.0,337.355645743288,16.20557919304051,57.06532973963318,16.25,30.0,0.0,16.251748662343656,56.956757595131929,16.0,30.0,0.0,19.452678430685496,0.0,0.0,0.0,16.186659391843127,0.0,0.0,479.35918915699258,477.55432558055568,511.99314211874,507.53257959560906,446.3379127049613,720.8029072285234,460.1916940572141,452.3020304684744,455.81025469756107,9503.531271622818,81.7209796327925,83.53085090956609,1744.0,0.0,1744.0,1744.0,16.0,19.0,19.0,16.0,16.0,12.0,21.0,10.0,1.0,0.0,1868.6915347959062,0.0,1176.7348594866708,0.0,922.6595270783977,0.0,337.355645743288,0.0,2738.9136568750107,1643348.1941250063,2131363.685522782,81.7209796327925,83.56158853220599,0.3462971218958337,0.7694421094626348,0.36028137401965956,83.56158853220599,0.3542647819438875,2131363.685522782,0.16877046720274023 
 02/23  17:10:00,11.500000000000002,75.16666666666667,10.065000000000002,11.333333333333333,3.999999999999999,0.0,4.0,0.0,0.0,0.0,0.0,0.0,0.0,0.0,0.0,644.0,0.0,28.068156927567693,4.186691365560098,10.728243976884386,0.8416210355633252,22.401016778466567,0.0,4.186691365560097,5.723524509696577,0.0,0.0,20.437552531932835,-1248.3852447186328,19.481103979387805,495.51766435384277,20.797013189253187,-702.969146377337,19.641723130952188,-69.1595218195213,15.33384042503443,52.4126322129911,18.608493819264007,-199.09815365847994,17.35904076672314,218.9368614860614,16.442858986178,-28.879308951380979,16.221181222209994,43.518713094071248,962.628131662419,750.1849953996698,0.0,0.0,0.0,0.0,0.0,0.0,0.0,0.0,0.0,0.0,0.0,0.0,0.0,0.0,0.0,0.0,0.0,0.0,0.0,0.0,0.0,0.0,0.9843009473589164,0.30045816463947397,457.5550891841534,534.8630290860326,8712.108216155213,0.24918885306570044,0.03803248673163927,269.5960186121689,315.8893161606813,4740.24705017577,0.6025878970760998,0.11386770541876418,242.53447162430445,282.8011623625923,4834.837475029621,0.2219547135838611,0.04194155585484902,24.54327912066518,28.72428338247144,438.7154554502773,0.0,0.0,12.504673467257709,14.900784346601644,99.9754951446681,0.0,0.0,72.6658264339842,85.4322894972895,1114.6162791319494,0.0,0.0,324.645023711335,383.4952991999693,4183.981970258438,0.0,0.0,21.988640487489936,26.07122829440655,238.63186028950873,0.0,0.0,192.2460604386559,228.42402343907595,1847.717880923,52.315604046158849,35.88175860504723,384.9946463112194,452.9194142154105,6725.152417362284,0.0,0.0,214.04833002000499,254.30420319684044,2070.3333347242089,1832.4194866514,21.27679908953537,42.079358415796438,22.0,30.0,0.0,20.36478544223199,44.58306140045252,16.0,30.0,1388.9529667491939,21.609540510698957,41.323387596702229,21.5,30.0,0.0,20.464513233454324,47.30145077223985,19.0,30.0,0.0,15.4546467276986,60.165289672876237,12.0,30.0,0.0,19.221050708605085,49.10726601847533,16.0,30.0,0.0,17.94267945032554,51.94972570389074,10.0,30.0,187.4394833954832,16.901835149078694,54.96260160389687,16.5,30.0,0.0,16.272239954898184,57.60315480238002,16.0,30.0,0.0,19.154347426489627,0.0,0.0,0.0,16.285926736996559,0.0,0.0,490.48650639961797,494.6908746429327,495.2839099109685,664.2436953062397,466.87423619893186,573.7154351542338,500.63947554835127,472.12480235586136,492.64389776470616,9098.804906104533,81.98857713248171,83.76573288099914,162.0,0.0,162.0,162.0,16.0,19.0,16.0,16.0,16.0,12.0,21.0,10.0,1.0,0.0,1832.4194866514,0.0,1388.9529667491939,0.0,0.0,0.0,187.4394833954832,0.0,2689.4557519218226,1613673.4511530935,2092511.7531385814,81.98857713248171,83.79591488536116,0.34464852506406076,0.7707610317022905,0.36028137401965956,83.79591488536116,0.3542647819438875,2092511.7531385814,0.11418361116320625 
 02/23  17:20:00,11.440000000000002,75.33333333333334,10.02,7.666666666666666,1.9999999999999996,0.0,4.0,0.0,0.0,0.0,0.0,0.0,0.0,0.0,0.0,644.0,0.0,15.378653902135313,2.693640653536173,6.902358162760457,0.4611289650334953,12.273621570412733,0.0,2.6936406535361718,3.6824109910874407,0.0,0.0,20.565812819292036,-1773.7536577130459,19.47523561487089,573.5550704419638,20.77424702597712,-351.22085764276019,19.515246194339455,-61.44484982101042,15.353726100059239,52.23138282919018,18.20871205616644,-85.1302421654255,17.384857501430234,195.43796207184506,16.239137029223337,-13.878433300675028,16.237662966699007,47.67745969708335,949.6714042706863,737.1083922213422,0.0,0.0,0.0,0.0,0.0,0.0,0.0,0.0,0.0,0.0,0.0,0.0,0.0,0.0,0.0,0.0,0.0,0.0,0.0,0.0,0.0,0.0,0.9338399823150831,0.2850549396566188,427.980419556171,499.6284991543148,8346.204286934166,0.24910399474405088,0.03801953521734599,291.8561100159791,341.81904051169809,5152.590001476952,0.7261153392577975,0.13721000363903966,111.27837549626995,129.76873686384693,2209.1881307200067,0.24686859752679159,0.04664939484633249,27.055007759020414,31.696557794363465,473.9397322483107,0.0,0.0,12.357292022470454,14.72365923169539,100.75210608261732,0.0,0.0,54.26464115742188,63.94183320042012,773.7966120317906,0.0,0.0,308.1795447555744,364.0658812194933,4009.274889070298,0.0,0.0,27.632085884012957,32.80597331105304,282.82718997476169,0.0,0.0,183.9268175188204,218.53540572413707,1799.1492824532678,52.15470818935602,35.771404793797007,351.41384235124738,413.3221615663057,6121.9960672589099,0.0,0.0,212.45291359568285,252.4373326569568,2079.6012320605157,1846.579856218884,21.364062957787753,41.93044243095799,22.0,30.0,0.0,20.33964641882287,44.64567527211455,16.0,30.0,778.5589917496525,21.55790044428831,41.3839877039284,21.25,30.0,0.0,20.20692992193384,50.25226063203484,19.0,30.0,0.0,15.472914570606943,60.459883792819628,12.0,30.0,0.0,18.601746627098,50.07154812532883,16.0,30.0,0.0,17.942576080267395,51.97551223150661,10.0,30.0,0.0,16.524786872346188,56.70345778091681,16.0,30.0,0.0,16.297029973482048,57.70899037999162,16.0,30.0,0.0,19.055697332798066,0.0,0.0,0.0,16.283336151877444,0.0,0.0,502.2822302878237,500.15834860826518,496.5164400747222,798.3687714766184,484.841443874028,514.5748352244153,504.0064846080685,494.0808508338127,503.81283858253428,10171.107955229381,81.27953805077076,83.06221646532194,162.0,0.0,162.0,162.0,16.0,19.0,16.0,16.0,16.0,12.0,21.0,10.0,1.0,0.0,1846.579856218884,0.0,778.5589917496525,0.0,0.0,0.0,0.0,0.0,2697.804799727748,1618682.879836649,2095814.559528178,81.27953805077076,83.0924922628872,0.3449268266575916,0.7682822843600743,0.36028137401965956,83.0924922628872,0.3542647819438875,2095814.559528178,0.11435535709546527 
 02/23  17:30:00,11.379999999999999,75.5,9.975,0.0,0.0,0.0,4.0,0.0,0.0,0.0,0.0,0.0,0.0,0.0,0.0,644.0,0.0,0.0,0.0,0.0,0.0,0.0,0.0,0.0,0.0,0.0,0.0,20.578918609138737,-1208.9148029857493,19.57337474257751,530.8583361496567,20.792271029069068,-940.0516092916687,19.44054857441249,-31.068288875886169,15.373197536835086,50.582930863684897,17.948825532737105,-39.97242398225478,17.413429623754938,150.20548224123423,16.09599646224481,-3.071996034294102,16.24218667343406,31.355396346794806,956.9253885017783,727.2873628608991,0.0,0.0,0.0,0.0,0.0,0.0,0.0,0.0,0.0,0.0,0.0,0.0,0.0,0.0,0.0,0.0,0.0,0.0,0.0,0.0,0.0,0.0,0.9491073489956218,0.2897153079962215,439.6778405470114,513.6487359513371,8642.349570229262,0.2640487630192646,0.040300482756298019,303.2947516236446,355.43049599191627,5486.611705061989,0.5830337112366805,0.11017265896384745,222.39131733536522,259.26601479795979,4513.141545403425,0.27558546724218677,0.052075863046520527,32.03082937014027,37.54526028629474,555.3101167729917,0.0,0.0,12.352292838414839,14.719685200912505,102.64650774205822,0.0,0.0,41.63949503408309,49.15850168573563,569.5893229257546,0.0,0.0,294.25137403018109,347.6248460993546,3881.5378114812858,0.0,0.0,30.359487974975953,36.07607498878039,299.9147261282258,0.0,0.0,179.4439459894989,213.20405402430348,1777.6836734899105,52.043624368412149,35.6952156161949,371.23264697750718,436.9303688550687,6522.075354899415,0.0,0.0,210.08974922455776,249.67064374393466,2061.2081418837999,1835.2404106025943,21.416325407530154,41.91484561848122,22.0,30.0,0.0,20.502078626059399,44.281747943015307,16.0,30.0,1338.9531931661732,21.606760555974164,41.44700266089547,21.5,30.0,0.0,20.05582745783451,51.21272967643109,19.0,30.0,0.0,15.490832398080603,60.562858524355338,12.0,30.0,0.0,18.219731284536985,51.119276427352129,16.0,30.0,0.0,17.973680649754376,51.862610265201329,10.0,30.0,0.0,16.28382749008958,57.69721904899792,16.0,30.0,0.0,16.298477797625308,57.66923542939006,16.0,30.0,0.0,19.102007866485868,0.0,0.0,0.0,16.23428087469447,0.0,0.0,513.1522593478032,508.7668082379247,514.8064597982777,838.9101862058261,494.5064605598244,506.89385374653616,506.0422026805378,501.80899198132229,504.34024486538689,10411.830537581893,81.12028273432603,86.46222630486965,162.0,0.0,162.0,162.0,16.0,19.0,16.0,16.0,16.0,12.0,21.0,10.0,1.0,0.0,1835.2404106025943,0.0,1338.9531931661732,0.0,0.0,0.0,0.0,0.0,8084.192917158407,4850515.750295045,6306664.895455345,81.12028273432603,86.55295024073308,0.35447309723861356,0.7672690920550697,0.36028137401965956,86.55295024073308,0.3542647819438875,6306664.895455345,0.33331957456367797 
 02/23  17:40:00,11.32,75.66666666666667,9.93,0.0,0.0,0.0,4.0,0.0,0.0,0.0,0.0,0.0,0.0,0.0,0.0,966.0,0.0,0.0,0.0,0.0,0.0,0.0,0.0,0.0,0.0,0.0,0.0,20.7700858251823,-1317.7960214026528,20.311647154123805,-250.3896976167233,20.520005356732854,-229.96434569293664,19.404563129041255,-39.95066660557322,15.391150592999733,49.103510381991039,17.7742558667577,-20.778156313064025,17.402026911517895,203.48310631373034,16.00949960925477,4.17652920987374,16.243986865852997,25.57553176103434,930.1775727652068,726.0127797756064,0.0,0.0,0.0,0.0,0.0,0.0,0.0,0.0,0.0,0.0,0.0,0.0,0.0,0.0,0.0,0.0,0.0,0.0,0.0,0.0,0.0,0.0,0.8634736126790319,0.2635755838458582,336.6993251896039,393.15516664132169,6853.279318539977,0.18171888048583474,0.027734871869022388,177.9089466396973,208.17451675707069,3503.686561309338,0.8852244970275987,0.16727598205358999,176.47984893726096,206.22461583820499,3458.4276111021688,0.29967984722908305,0.05662884490345479,34.36261466003648,40.30622450696394,594.3529800497016,0.0,0.0,12.306211677198178,14.670768498557475,104.11092744018102,0.0,0.0,29.301850943457734,34.66091659200921,391.11959842859008,0.0,0.0,283.8111274530837,335.5386845622527,3753.76310876368,0.0,0.0,32.66018237804835,38.84445513645005,317.6158849710012,0.0,0.0,177.98521491683042,211.59917313559459,1784.3499053971728,51.90493962324078,35.60009576353961,259.7401847068585,306.04269968190598,4756.945210592536,0.0,0.0,209.8004626417911,249.49759430112864,2071.7678451101885,1627.873417702161,21.635902035391159,41.45601069152607,21.999999999999984,29.99999999999998,2034.8041901258617,21.46502959458489,41.85454599728517,21.999999999999984,29.99999999999998,0.0,21.212773895664286,42.50948073096402,20.999999999999987,29.99999999999998,0.0,19.97448986399804,51.319727261542968,18.999999999999987,29.99999999999998,0.0,15.50533461531069,60.596944898389057,11.999999999999993,29.99999999999998,0.0,17.977779176222027,51.88202262391059,15.999999999999988,29.99999999999998,0.0,17.93125162709647,52.05949343524216,9.999999999999993,29.99999999999998,0.0,16.14616248074216,58.23972038279163,15.999999999999988,29.99999999999998,0.0,16.297329588242886,57.69523044523763,15.999999999999988,29.99999999999998,0.0,18.979245950270625,0.0,0.0,0.0,16.207362895150309,0.0,0.0,525.513721423391,520.2084656352768,521.8919480821513,839.5081574959166,500.4609168644656,507.22638002080387,512.2360515143421,505.5711884428026,507.52834476373337,9691.790671131068,81.5965070194273,83.91639963977316,161.9999999999999,0.0,161.9999999999999,161.9999999999999,21.0,19.0,16.0,16.0,16.0,12.0,21.0,10.0,1.0,0.0,1627.873417702161,2034.8041901258617,0.0,0.0,0.0,0.0,0.0,0.0,3510.879033490767,2106527.420094463,2744265.8698532709,81.5965070194273,83.95579911798159,0.34369596778302549,0.76785156300552,0.3602813740196593,83.95579911798159,0.3542647819438872,2744265.8698532709,0.14807482523237007 
 02/23  17:50:00,11.26,75.83333333333333,9.885000000000002,0.0,0.0,0.0,4.0,0.0,0.0,0.0,0.0,0.0,0.0,0.0,0.0,161.0,0.0,0.0,0.0,0.0,0.0,0.0,0.0,0.0,0.0,0.0,0.0,20.92558583050144,-1398.7500018142037,20.704808676961869,-860.7764873139577,20.281506469742135,318.8746278731742,19.364796992651706,-42.366567244294859,15.412965313934489,49.05856202948672,17.60879697756702,-2.3330745447225356,17.48704252302739,194.1553407168958,15.939769019099032,13.26724647539777,16.24638644215867,31.386158548823006,984.8876186785092,755.6064414021848,0.0,0.0,0.0,0.0,0.0,0.0,0.0,0.0,0.0,0.0,0.0,0.0,0.0,0.0,0.0,0.0,0.0,0.0,0.0,0.0,0.0,0.0,0.781022236697528,0.2384072761591966,364.5798529804874,423.33678593613686,7648.84700394459,0.11638790234418388,0.017763721359002426,139.93216667172605,162.3870550659986,2978.237122653693,1.1618570423944348,0.21954970566788269,268.2893268121459,312.4721650055255,5185.268734348858,0.32981713929236686,0.062323722466433629,36.33481048601278,42.429644412111048,627.3536178410923,0.0,0.0,12.338199438131726,14.64307289897311,106.51009626292627,0.0,0.0,28.79357906828244,33.912268754142029,373.86236015312468,0.0,0.0,289.6560923627494,340.76524811715145,3944.496050772207,0.0,0.0,34.964694058741759,41.42331675426543,336.914354279918,0.0,0.0,180.93820991636208,214.164726641427,1837.8388814045073,51.81867791927957,35.54093135753058,282.8757377065589,331.53255903738599,5246.752643994455,0.0,0.0,214.4513497242468,253.90036696597259,2150.1004198336529,1772.1003183852147,21.888586696418274,40.90124227631684,22.0,30.0,1742.116143485286,22.062902088624889,40.493987860167219,22.0,30.0,8.104747263986635,21.000289481747659,43.14254233222095,21.0,30.0,0.0,19.885867457539708,51.18355223958644,19.0,30.0,0.0,15.528099304704155,60.61243787167937,12.0,30.0,0.0,17.73989019288966,52.7099598655443,16.0,30.0,0.0,18.06476326349498,51.68433033150416,10.0,30.0,0.0,16.03504453943258,58.71828132691086,16.0,30.0,0.0,16.29921661960858,57.74807868709547,16.0,30.0,0.0,19.15385050757039,0.0,0.0,0.0,16.21919044176284,0.0,0.0,534.5366438907705,537.2146375885764,529.9845437244313,825.1438165515936,508.67158069667439,513.0404281759232,518.1753585409692,512.1776058473931,513.4022863028331,10059.452280819163,81.35340411763147,81.35340411763147,162.0,0.0,162.0,162.0,21.0,19.0,16.0,16.0,16.0,12.0,21.0,10.0,1.0,0.0,1772.1003183852147,1742.116143485286,8.104747263986635,0.0,0.0,0.0,0.0,0.0,0.0,0.0,0.0,81.35340411763147,81.35340411763147,0.34,0.771021876282285,0.36028137401965956,81.35340411763147,0.3542647819438875,0.0,0.005373 
 02/23  18:00:00,11.2,76.0,9.84,0.0,0.0,0.0,4.0,0.0,0.0,0.0,0.0,0.0,0.0,0.0,0.0,644.0,0.0,0.0,0.0,0.0,0.0,0.0,0.0,0.0,0.0,0.0,0.0,20.642810989743077,-965.9385860505622,20.423739335852568,-129.3044681881704,20.761172868793893,-585.0188474777972,19.376348289073506,-0.5786110948592977,15.429600831424685,49.214754166250319,17.536075880110638,18.332578730967329,17.4917783025136,163.69033152325938,15.914189442029557,16.601325771363635,16.251767017997016,35.30660642360749,943.7982125502899,792.6825174855173,0.0,0.0,0.0,0.0,0.0,0.0,0.0,0.0,0.0,0.0,0.0,0.0,0.0,0.0,0.0,0.0,0.0,0.0,0.0,0.0,0.0,0.0,0.8925273428617744,0.27244424385280049,313.6077332777903,366.1391534943914,6427.865402924519,0.18131574196512829,0.027673342790770496,190.99099360909887,223.09050456055753,3808.4718554725466,0.8398248096874789,0.15869705398478446,168.97351577858653,197.2878718224776,3570.0092389570147,0.35474737769458838,0.06703465186972567,42.96642208329269,50.4016644943577,747.1074442631336,0.0,0.0,12.400096600517437,14.777132291904941,108.79366491450938,0.0,0.0,45.508101442052737,53.82925409484456,590.1600880334294,0.0,0.0,310.3833554247678,366.7059597153285,4245.946788460528,0.0,0.0,35.8815563734598,42.691553388470499,348.0513130516639,0.0,0.0,185.00366027778262,219.8873986931813,1902.721413418156,51.71995933702189,35.473223139246858,246.20963135409586,289.88558139910216,4663.5676124932529,0.0,0.0,219.0962509372922,260.46071752583029,2234.0359742542316,1023.0340147238577,21.575023698509104,41.79595479374404,21.75,30.0,0.0,21.309053750224956,42.433798501554907,21.0,30.0,1170.103465485367,21.76361083041512,41.26903889614207,21.5,30.0,0.0,19.898647580681734,50.7056154691914,19.0,30.0,0.0,15.540523709387788,60.607739141259617,12.0,30.0,0.0,17.6742668211962,52.96830737284075,16.0,30.0,0.0,18.038551222259124,51.8425612297493,10.0,30.0,2.43349201892281,16.008878328641545,58.86550417660365,16.0,30.0,0.0,16.305413143128527,57.78539616325038,16.0,30.0,0.0,19.056601365697316,0.0,0.0,0.0,16.24709641713913,0.0,0.0,544.6814706226891,540.3782976874803,540.97075454198,802.7597223214384,511.98031930174047,516.9992281604142,524.9869436435953,516.3289385140834,518.6585734603697,10420.240753914988,81.11462862622848,83.17524778254452,162.0,0.0,162.0,162.0,21.0,19.0,16.0,16.0,16.0,12.0,21.0,10.0,1.0,0.0,1023.0340147238577,0.0,1170.103465485367,0.0,0.0,0.0,2.43349201892281,0.0,3117.86419186187,1870718.515117122,2436250.441861514,81.11462862622848,83.2102439366049,0.3589288063953957,0.7698990989216199,0.36028137401965956,83.2102439366049,0.3542647819438875,2436250.441861514,0.1320580229767987 
 02/23  18:10:00,11.15,75.66666666666667,9.81,0.0,0.0,0.0,0.0,0.0,0.0,0.0,0.0,4.0,0.0,0.0,0.0,644.0,0.0,0.0,0.0,0.0,0.0,0.0,0.0,0.0,0.0,0.0,0.0,20.681930921388135,-1050.244220537195,20.476630497826628,-94.49677102357978,20.83569867084603,-1443.229059259701,19.493885578940053,678.904179456762,15.446706109130155,45.44053643231878,17.461872516729046,20.338730893915398,17.475877114603735,154.38602935019709,16.68952533518684,-36.211961758089817,16.24606287993589,4.593826941722909,932.9112332737323,741.9051042737208,0.0,0.0,0.0,0.0,0.0,0.0,0.0,0.0,0.0,0.0,0.0,0.0,0.0,0.0,0.0,0.0,0.0,0.0,0.0,0.0,0.0,0.0,0.830156935640317,0.2534056580098648,266.2749831125559,311.1242914857082,5381.550942043458,0.16640997872020475,0.02539834840051965,16.77645602384802,19.587231362909298,343.4177315845442,0.9797058340223923,0.18512959826575824,403.45068198205947,470.56554458328756,8338.867038438111,0.30271494520386807,0.05720237059785864,358.75279744548507,420.51177400631578,6463.794875617046,0.0,0.0,12.177395649699403,14.512603918023796,108.40461424385697,0.0,0.0,45.725416504629098,54.09858483398946,589.6905670711497,0.0,0.0,294.84866426079136,348.38058127664797,4041.441139261142,0.0,0.0,19.74619386143408,23.40946907453312,240.13334328196815,0.0,0.0,187.21003846718805,222.50278278880843,1937.3746044143534,51.422888069373417,35.26947055512581,390.65311508970958,459.69215114565,6936.759340491828,0.0,0.0,204.33962570929834,242.9947091428512,2064.5522447106225,1707.294124187037,21.49975427387809,42.850634916572477,22.0,30.0,1006.895193874434,21.39890018437071,44.839661993107188,21.5,30.0,2239.0250790938764,21.564504858407746,41.78365430662479,21.5,30.0,0.0,20.21092657558121,45.608179897019748,16.0,30.0,0.0,15.554419100214709,60.69354130385348,12.0,30.0,0.0,17.586175808148015,53.481704067432968,16.0,30.0,0.0,18.00399965508427,52.34820916505123,10.0,30.0,804.7331525472328,17.238921764084546,54.53543042631414,16.75,30.0,0.0,16.28695683420868,58.11590340964822,16.0,30.0,0.0,18.996953196328414,0.0,0.0,0.0,16.14407050396355,0.0,0.0,605.2810553341492,697.9259130663884,547.4760675226645,558.2071949435215,521.7856056787995,532.8848167111397,551.2420688022703,524.048836620241,536.477220079496,9093.017565559325,81.99237904214579,83.76539391465693,240.0,0.0,240.0,240.0,21.0,16.0,16.0,16.0,16.0,12.0,21.0,10.0,1.0,0.0,1707.294124187037,1006.895193874434,2239.0250790938764,0.0,0.0,0.0,804.7331525472328,0.0,2683.195614882954,1609917.3689297725,2084076.1239687668,81.99237904214579,83.79550559319759,0.3444398538294318,0.7690414881573775,0.36028137401965956,83.79550559319759,0.3542647819438875,2084076.1239687668,0.1163319584463759 
 02/23  18:20:00,11.1,75.33333333333334,9.780000000000002,0.0,0.0,0.0,0.0,0.0,0.0,0.0,0.0,4.0,0.0,0.0,0.0,644.0,0.0,0.0,0.0,0.0,0.0,0.0,0.0,0.0,0.0,0.0,0.0,20.777079750449408,-531.8716293255359,20.59648312775795,-144.81710166916865,20.952461232592964,-1510.7256387100077,19.70156981889786,474.54292858975625,15.460976451707323,42.55435976539438,17.403631944008777,25.176013586495743,17.42932536377707,142.39900891925346,16.596900217770796,-37.51946619298985,16.23508421409072,1.1714221069817086,983.0810386469366,752.4899026394173,0.0,0.0,0.0,0.0,0.0,0.0,0.0,0.0,0.0,0.0,0.0,0.0,0.0,0.0,0.0,0.0,0.0,0.0,0.0,0.0,0.0,0.0,1.0092791928852985,0.30808278171101907,232.84187819526009,272.40616721018639,4706.463468650839,0.042514977937979137,0.006488854996639063,25.325528978723118,29.549264080303666,526.9115651750791,1.0298233315930848,0.19460002486641818,394.2230794127761,460.1082801697777,8178.682699811721,0.27835534337613368,0.05259927123509704,279.46559638188816,327.0642272635384,5237.542721353331,0.0,0.0,11.677936790270924,13.916932581869645,105.37756880306719,0.0,0.0,46.137883050376768,54.62957768753776,594.1707061161125,0.0,0.0,292.8724433825756,346.26938339429548,3983.422707784318,0.0,0.0,19.535713849494166,23.16421880215001,235.37355173098514,0.0,0.0,186.31200437630737,221.51346846665639,1939.5387071972364,51.436068247743119,35.27851045798569,375.9501969232101,442.2595828227961,6965.419093005892,0.0,0.0,204.492904612803,243.25879381508484,2073.1489161724759,1036.3890290543516,21.510015839791096,42.28747583911053,21.5,30.0,0.0,21.620499469661099,46.740950509519887,21.0,30.0,2002.7640235750496,21.703549458994286,41.12876353421002,21.5,30.0,0.0,20.514131148700917,44.58022995861085,16.0,30.0,0.0,15.564621741271348,60.86869086366535,12.0,30.0,0.0,17.522310940923825,53.935174936177919,16.0,30.0,0.0,17.891399895470756,52.72937864728499,10.0,30.0,0.0,17.085617902918079,55.230278676825438,16.0,30.0,0.0,16.26639067848133,58.41379259605698,16.0,30.0,0.0,19.228480588017605,0.0,0.0,0.0,16.111014312927986,0.0,0.0,570.5079334791363,834.1377714739756,536.8015912862053,552.2397757618894,535.5918709072913,550.1220576260208,555.503691951192,536.8834532041236,551.9711855310698,9199.705797766172,81.92169063404715,85.56356394569565,240.0,0.0,240.0,240.0,21.0,16.0,16.0,16.0,16.0,12.0,21.0,10.0,1.0,0.0,1036.3890290543516,0.0,2002.7640235750496,0.0,0.0,0.0,0.0,0.0,5511.261287519266,3306756.7725115597,4321839.832889934,81.92169063404715,85.62541504471712,0.35370870958397557,0.766526792652453,0.36028137401965956,85.62541504471712,0.3542647819438875,4321839.832889934,0.23270900464360995 
 02/23  18:30:00,11.05,75.0,9.75,0.0,0.0,0.0,0.0,0.0,0.0,0.0,0.0,4.0,0.0,0.0,0.0,646.0,0.0,0.0,0.0,0.0,0.0,0.0,0.0,0.0,0.0,0.0,0.0,20.662580312693437,-493.10388918787137,20.30989037140239,-107.93118082147174,21.012036392554778,-1708.8967584575799,19.76057513195635,408.2421873598553,15.47462609412133,41.96777672230415,17.354908189725646,34.51444896043523,17.406464342875507,105.34113603845981,16.34578611622485,-26.482171598167868,16.228028359784376,6.565976840441181,986.9184045482907,778.1540515229071,0.0,0.0,0.0,0.0,0.0,0.0,0.0,0.0,0.0,0.0,0.0,0.0,0.0,0.0,0.0,0.0,0.0,0.0,0.0,0.0,0.0,0.0,1.0180990572616414,0.310775048004164,256.8474620889681,300.18073685488118,5234.8067301302,0.10683800449322506,0.016306166741945219,19.497429612704957,22.758617786342556,391.4698951177602,0.9436973836288134,0.17832528035313945,399.14188380964648,465.68005141170308,8316.031949214788,0.25493279636710755,0.04817324194389786,261.7077404910084,306.2476996914819,4956.503547411003,0.0,0.0,11.604408372547875,13.830506713544402,106.12574553854577,0.0,0.0,48.38679750641265,57.310703129123897,623.162642581872,0.0,0.0,299.0673718116271,353.7154045924673,4062.1915834259609,0.0,0.0,25.242505756964215,29.97887842594729,284.192604166466,0.0,0.0,183.7261013634947,218.4724302178687,1926.7507373665893,51.24081422336432,35.14459137404961,379.2061047312568,445.77277512731737,7115.871270211673,0.0,0.0,208.8383184325284,248.46229987240629,2136.937428637716,634.3575618077285,21.29653642925953,42.56538552019189,21.25,30.0,0.0,21.177925844854966,49.890309398957779,21.0,30.0,2089.1567000244924,21.66667934782349,40.942459056992358,21.5,30.0,0.0,20.578146058718774,44.16332035294467,16.0,30.0,0.0,15.575047458146582,60.9342597947665,12.0,30.0,0.0,17.470826460186367,54.096812377981397,16.0,30.0,0.0,17.830676608365655,52.83409689336432,10.0,30.0,0.0,16.637988981066778,57.01085200683134,16.0,30.0,0.0,16.25449666179076,58.475635615193798,16.0,30.0,0.0,19.246908176929204,0.0,0.0,0.0,16.10267968373192,0.0,0.0,561.3200303256684,937.9587085670092,528.538922158087,545.2099032129565,544.547704272146,554.0195453001906,555.5965563839545,550.7109748474769,556.6787573957021,7227.43202482926,81.26167228863491,82.9960301536451,240.0,0.0,240.0,240.0,21.0,16.0,16.0,16.0,16.0,12.0,21.0,10.0,1.0,0.0,634.3575618077285,0.0,2089.1567000244924,0.0,0.0,0.0,0.0,0.0,2624.75288997999,1574851.733987994,2037771.626248022,81.26167228863491,83.02548530786595,0.257491762999333,0.5409472005201599,0.27021103051474468,83.02548530786595,0.2656985864579156,2037771.626248022,0.11395079123156382 
 02/23  18:40:00,11.0,74.66666666666666,9.719999999999999,0.0,0.0,0.0,0.0,0.0,0.0,0.0,0.0,4.0,0.0,0.0,0.0,1296.0,0.0,0.0,0.0,0.0,0.0,0.0,0.0,0.0,0.0,0.0,0.0,20.680702316451304,-421.5473199256845,20.597873710643535,-146.51398408627876,20.945445564610993,-1314.270756295824,19.846675353846316,351.72649752214479,15.486978025326394,41.52919183027923,18.30460841871684,-128.889010138911,17.411428580129504,173.97706005222404,17.26525167308158,-52.35223218879574,16.210003430541155,-26.764566431599634,954.2955262154467,747.7515922093014,0.0,0.0,0.0,0.0,0.0,0.0,0.0,0.0,0.0,0.0,0.0,0.0,0.0,0.0,0.0,0.0,0.0,0.0,0.0,0.0,0.0,0.0,1.0323339884318404,0.31512026508908438,189.3079204024128,221.40487918848107,3873.6649203312028,0.07336561218036876,0.011197437756466537,25.781353248382016,30.029580369659585,546.7516234999866,0.9747286209517426,0.18418908181249869,346.4269495281215,405.12281549875879,7246.016442505184,0.25850300991378785,0.04884788547123729,280.0478045875926,328.361832261401,5389.184579031453,0.0,0.0,11.626036452127999,13.865739994520507,107.69213234433616,0.0,0.0,54.25967698736302,63.8931936456957,862.3715620594081,0.0,0.0,293.10716663346366,346.77386536683528,4021.5727435428436,0.0,0.0,20.42631302280723,24.142182207015975,290.29335085290117,0.0,0.0,190.08360999320326,226.16166601016949,1998.9395233487599,51.16347925161343,35.09154955529043,326.4490997079226,384.66977708734546,6225.022771440188,0.0,0.0,200.3983359639848,238.6198119926246,2035.2644084943277,474.70217605947769,21.30015531948292,42.51116722430128,21.25,30.0,1032.5307895642225,21.581097466246534,49.23093027691651,21.625,30.0,1587.1903604708494,21.51414919799264,41.36701768058239,21.5,30.0,0.0,20.71326008538885,43.57035793596869,16.0,30.0,0.0,15.583865630030499,60.91282276516754,12.0,30.0,1799.067387171564,18.774697524995746,49.89429270305795,20.0,30.0,0.0,17.853201522941207,52.733122950189997,10.0,30.0,1352.6936269351577,18.048869487013428,52.1827419848771,20.7,30.0,0.0,16.218828980495056,58.48955257681303,16.0,30.0,0.0,19.182726554924686,0.0,0.0,0.0,16.02166979268158,0.0,0.0,567.7201343623145,981.8199685370685,537.4572334067823,541.4571356157238,549.243246009155,558.6210172895732,558.6633075133728,553.639297336402,555.3580155460164,10632.538066645939,80.97432275575489,85.52839972872708,240.0,0.0,240.0,240.0,21.0,16.0,19.0,16.0,19.7,12.0,21.0,10.0,1.0,0.0,474.70217605947769,1032.5307895642225,1587.1903604708494,0.0,1799.067387171564,0.0,1352.6936269351577,0.0,6891.716277809672,4135029.7666858036,5382941.671550189,80.97432275575489,85.60574307422617,0.3572238759269891,0.7670306328735276,0.36028137401965956,85.60574307422617,0.3542647819438875,5382941.671550189,0.28791296692060988 
 02/23  18:50:00,10.95,74.33333333333334,9.690000000000002,0.0,0.0,0.0,0.0,0.0,0.0,0.0,0.0,4.0,0.0,0.0,0.0,810.0,0.0,0.0,0.0,0.0,0.0,0.0,0.0,0.0,0.0,0.0,0.0,20.663474813025596,-584.9314773978958,20.607268473883925,-109.56330239942973,20.95429808735924,-1356.2739260464248,19.846920414235059,522.6681670974402,15.504759983955369,48.58108281119992,18.89675851867161,-321.25797483779157,17.52082698333738,212.39648631717138,18.40800114466742,-173.75232209826266,16.200310725805389,31.392806024881794,975.590011195235,887.920093430529,0.0,0.0,0.0,0.0,0.0,0.0,0.0,0.0,0.0,0.0,0.0,0.0,0.0,0.0,0.0,0.0,0.0,0.0,0.0,0.0,0.0,0.0,0.9745840089752124,0.29749206623174986,170.2943155420539,198.84012454254487,3590.4093053573444,0.08476189441069242,0.012936797071229002,22.576954991838748,26.336308554248505,475.2956784783192,1.0037225365136009,0.18966790183552563,350.07791681553877,408.9028554417421,7405.6244117303,0.28569071953789668,0.0539853967380757,323.9763975257359,379.6114539253018,6266.49358725489,0.0,0.0,12.551681613249136,14.962178320667224,118.06391166421349,0.0,0.0,82.13946617898935,96.48294354859917,1451.2305884670605,0.0,0.0,334.3155600993502,395.1444005773309,4753.475424811248,0.0,0.0,34.84338249626325,40.87496058887086,631.2246318396444,0.0,0.0,215.3995559295065,256.2005944475932,2283.1080231340649,51.18869900252591,35.10884705248692,341.7954707127465,402.41509118735396,6516.7279749906879,0.0,0.0,222.50793312519193,264.5942684826275,2392.224085428546,757.1742920518652,21.59467666148884,41.6505275194336,21.4,30.0,0.0,21.59041712698873,48.78347665394375,21.0,30.0,1342.7326952486795,21.62846311480199,40.98801446479016,21.6,30.0,0.0,20.719152772802166,43.502541675230549,16.0,30.0,0.0,15.604574527658548,60.836499104613228,12.000000000000002,30.0,741.9811501897398,19.83979629738863,46.68969095368343,19.6,30.0,0.0,18.052697913552075,52.05951318590779,10.0,30.0,1277.2605221128288,19.987805319657907,46.16640403620464,20.7,30.0,0.0,16.208072611578289,58.53970466809841,16.0,30.0,0.0,19.244886139410057,0.0,0.0,0.0,16.264106124411496,0.0,0.0,568.5583071461072,964.4211521540024,539.5627155431005,545.8227409477804,554.1822933120899,565.4178740452782,561.9058873996679,557.7856939394196,559.3222332888284,9750.173651110747,81.55762451505027,86.05015464105327,240.0,0.0,240.0,240.0,21.0,16.0,19.0,16.0,19.7,12.0,21.0,10.0,1.0,0.0,757.1742920518652,0.0,1342.7326952486795,0.0,741.9811501897398,0.0,1277.2605221128288,0.0,6798.354602942092,4079012.7617652548,5334099.905997479,81.55762451505027,86.12645271676928,0.36261182009806977,0.7650080823574268,0.36028137401965956,86.12645271676928,0.35426478194388757,5334099.905997479,0.2853865284452023 
 02/23  19:00:00,10.9,74.0,9.66,0.0,0.0,0.0,0.0,0.0,0.0,0.0,0.0,4.0,0.0,0.0,0.0,648.0,0.0,0.0,0.0,0.0,0.0,0.0,0.0,0.0,0.0,0.0,0.0,20.9235425272215,-1002.6200732614609,20.38496030959253,-90.04041769903157,20.9148652566916,-1068.6601902827402,19.805201333563994,349.6690537960316,15.52651122304584,48.024261778762767,18.781168130418736,-235.77686012321943,17.534478734747134,165.87940853957799,18.68690386161999,-230.95108273209196,16.24872977050004,75.77256049029256,948.7908978745868,917.5204861076434,0.0,0.0,0.0,0.0,0.0,0.0,0.0,0.0,0.0,0.0,0.0,0.0,0.0,0.0,0.0,0.0,0.0,0.0,0.0,0.0,0.0,0.0,0.9134663835259845,0.2788358924071992,224.40498316280267,261.88188344870619,4809.729628918281,0.09776554491476944,0.014921481214097902,19.46025145550165,22.738295482792919,398.29997769993158,1.0641816320992586,0.2010925230724223,346.04157559151499,404.0387784352757,7238.9840569497359,0.27709556131121096,0.0523612171789892,251.84836353791645,294.86450438572379,4849.774498674006,0.0,0.0,12.172156425262238,14.506301815037162,116.37660854959371,0.0,0.0,75.51024432285462,88.82144567604684,1284.6644340806798,0.0,0.0,326.5899761114149,386.00869115018477,4668.149651458852,0.0,0.0,44.29857940212136,51.947075052086997,826.8980022021516,0.0,0.0,217.46587765786976,258.58139575153987,2363.4642644680209,50.940857002412879,34.938859398088407,332.9756698212882,391.9053323922956,6313.324639100074,0.0,0.0,225.52208454726159,268.0393845317965,2515.2237321453114,1853.3364320033327,21.825890294838048,40.725610147540397,22.0,30.0,0.0,21.201837316767695,50.47215800890418,21.0,30.0,1858.2260324858035,21.419484450526008,41.62051650096288,21.5,30.0,0.0,20.586096480653617,44.10186916338914,16.0,30.0,0.0,15.631608308500557,60.71944450116903,12.0,30.0,863.5179699274502,19.444102435855336,47.77063468375859,19.25,30.0,0.0,18.043257320050537,51.976508054366039,10.0,30.0,541.3518047069056,20.31188647934888,45.210472257919409,20.2,30.0,0.0,16.29433807331869,58.20434292382086,16.0,30.0,0.0,19.13157453891958,0.0,0.0,0.0,16.42446880329496,0.0,0.0,557.9757721745692,997.5496926371773,549.5564551228049,561.442982629422,558.0228684712382,564.7565626155958,561.6331107122899,561.0919987291718,562.0662132220239,9598.323678818446,81.65833323039398,81.65833323039398,240.0,0.0,240.0,240.0,21.0,16.0,19.0,16.0,19.7,12.0,21.0,10.0,1.0,0.0,1853.3364320033327,0.0,1858.2260324858035,0.0,863.5179699274502,0.0,541.3518047069056,0.0,0.0,0.0,0.0,81.65833323039398,81.65833323039398,0.34,0.7717625410198874,0.36028137401965956,81.65833323039398,0.3542647819438875,0.0,0.008026666666666667 
 02/23  19:10:00,10.89,73.83333333333334,9.621666666666668,0.0,0.0,0.0,0.0,1.0,2.0,0.0,0.0,4.0,0.0,0.0,0.0,648.0,0.0,0.0,0.0,0.0,0.0,0.0,0.0,0.0,0.0,0.0,0.0,20.703757327183675,-497.65032312950737,20.630375187675339,-115.20852606817847,21.136142422853106,-1654.325368828746,19.81714010088085,396.74390929177459,15.543959137173943,45.73721776255974,18.998999665683749,-64.65428033627421,17.464885961183396,44.75022378898757,18.72083621201255,-210.0613478925174,16.28276953855953,37.12605014440305,993.638263129491,870.3905785080319,0.0,0.0,0.0,0.0,0.0,0.0,0.0,0.0,0.0,0.0,0.0,0.0,0.0,0.0,0.0,0.0,0.0,0.0,0.0,0.0,0.0,0.0,0.9899260555518702,0.302175230632439,268.26223645570055,313.63340244495466,5552.353304443217,0.08432550678013765,0.01287019334251185,22.372046634293097,26.05580719569778,472.008797857523,0.937429896788388,0.17714094799478237,411.62580112549179,480.4031672577935,8723.274429782363,0.25637127341462898,0.0484450630035202,243.95700428724218,285.4344481669329,4713.993754522337,0.0,0.0,11.587677563952738,13.811685418157572,111.46064641546528,0.0,0.0,15.598816332569326,18.32011019568871,278.8633716035303,0.0,0.0,251.92039295247359,297.9992177433156,3520.4093986525915,0.0,0.0,41.67491425576158,48.858151198956708,777.122270828564,0.0,0.0,206.67159460555309,245.74637298950194,2269.5988196892196,50.644309604499159,34.735466121055669,400.1239216682198,470.41699541665158,7666.775710652682,0.0,0.0,214.50951077303194,255.0471473922559,2368.263303771739,624.8998901452617,21.305676468762426,42.346753359691359,21.25,30.0,951.544886432777,21.411136313679437,50.598705134770067,21.5,30.0,2035.2011410576288,21.699032534299265,40.713289604465838,21.5,30.0,0.0,20.589876374162889,43.9751178213046,16.0,30.0,0.0,15.650652826993529,60.56200498069235,12.0,30.0,266.9368553701942,19.882514968987885,48.075642000804517,19.5,30.0,0.0,17.861430799865877,52.46704427141758,10.0,30.0,1069.5380382911056,20.240860843962609,45.96218781425653,20.45,30.0,0.0,16.341213977250285,57.859578859496867,16.0,30.0,0.0,19.309283258324674,0.0,0.0,0.0,16.35527305288209,0.0,0.0,579.5389772197868,1052.903336425639,549.7204254904124,564.5730768132166,560.6531669571206,664.8346948192145,565.6855770003174,606.4016892819647,564.8223276122391,9742.004209581562,81.56305033176153,85.35987919906144,270.0,0.0,270.0,270.0,21.0,16.0,19.0,16.0,19.7,12.0,21.0,10.0,1.0,0.0,624.8998901452617,951.544886432777,2035.2011410576288,0.0,266.9368553701942,0.0,1069.5380382911056,0.0,5745.457264968144,3447274.3589808868,4484741.908483368,81.56305033176153,85.424361957835,0.3615152421656048,0.7672971242948995,0.36028137401965956,85.424361957835,0.3542647819438875,4484741.908483368,0.2422515792411352 
 02/23  19:20:00,10.88,73.66666666666667,9.583333333333334,0.0,0.0,0.0,0.0,1.0,2.0,0.0,0.0,4.0,0.0,0.0,0.0,648.0,0.0,0.0,0.0,0.0,0.0,0.0,0.0,0.0,0.0,0.0,0.0,20.83634599237706,-679.0317990467243,20.76047464786696,-133.9962329943251,21.088939880825323,-1110.119067408294,19.899995409079528,382.8602983327312,15.555001465616274,42.44772968810875,18.71983217546483,-49.31699794196891,17.41559903188425,167.10607777035353,18.640036898701124,-199.4056027292159,16.28534753914628,21.89635476820945,1047.781363307899,819.3349822538551,0.0,0.0,0.0,0.0,0.0,0.0,0.0,0.0,0.0,0.0,0.0,0.0,0.0,0.0,0.0,0.0,0.0,0.0,0.0,0.0,0.0,0.0,1.0092917406387985,0.30808661191660516,327.99993421396825,383.2488557946955,6869.0344276400669,0.026931038102116415,0.004110353800689318,29.175629346990548,34.03298923711107,622.443531179533,1.0395462612080555,0.1964373131534497,438.2865982082744,511.8839849754463,9298.812637325254,0.2689017557068015,0.050812879007332088,262.3588677548952,307.1809700720044,5127.9887278881719,0.0,0.0,11.618725164459875,13.846012063068836,112.17305225782882,0.0,0.0,15.268109716697897,17.952655405069927,258.64930974413087,0.0,0.0,244.46535929788394,289.2250081967683,3389.2735811777026,0.0,0.0,43.4087902899153,50.98144624415965,782.0496697528981,0.0,0.0,197.09812644909855,234.3752678748639,2167.469453315059,50.53923429153357,34.66339800516707,432.19644046110997,508.2176516602076,8366.984220040493,0.0,0.0,204.57113097527088,243.30683790089817,2232.81389871902,950.8029095029538,21.488241335602326,41.83590588778248,21.5,30.0,0.0,21.68136652297322,48.45087510045812,21.0,30.0,1062.2494886033715,21.60025238494115,41.13115580757292,21.5,30.0,0.0,20.717612995848837,43.63440808789451,16.0,30.0,0.0,15.657921248826286,60.60141321390691,12.0,30.0,0.0,19.391891591584938,51.72929224662804,19.0,30.0,0.0,17.798849932562356,52.84121787506176,10.0,30.0,393.8545909849818,19.947787394313769,47.20147177763841,19.95,30.0,0.0,16.338247794247349,58.17002919493065,16.0,30.0,0.0,19.55167441591212,0.0,0.0,0.0,16.276836569011864,0.0,0.0,587.381449581053,983.1427430366357,566.9535095270397,575.2321767481108,570.7022358934328,795.8616095085995,583.6058963150721,635.3545131756152,586.5826749951687,8502.067724924249,82.38316641444507,82.38316641444507,270.0,0.0,270.0,270.0,21.0,16.0,19.0,16.0,19.7,12.0,21.0,10.0,1.0,0.0,950.8029095029538,0.0,1062.2494886033715,0.0,0.0,0.0,393.8545909849818,0.0,0.0,0.0,0.0,82.38316641444507,82.38316641444507,0.34,0.7708191234275235,0.36028137401965956,82.38316641444507,0.3542647819438875,0.0,0.009060000000000002 
 02/23  19:30:00,10.870000000000001,73.5,9.545,0.0,0.0,0.0,0.0,1.0,2.0,0.0,0.0,4.0,0.0,0.0,0.0,486.0,0.0,0.0,0.0,0.0,0.0,0.0,0.0,0.0,0.0,0.0,0.0,21.156743117325527,-866.8811061621758,20.516426075600699,-88.847104168014,21.14947984219694,-1408.9846973238596,19.90836907945934,468.56510549413528,15.566763227054422,43.59497483060513,18.779978173427666,-62.84868995640156,17.492216014849839,139.2863840275919,19.1519223950463,-288.3506006905355,16.274902538348728,13.450753010591745,962.391383766103,872.4335050062107,0.0,0.0,0.0,0.0,0.0,0.0,0.0,0.0,0.0,0.0,0.0,0.0,0.0,0.0,0.0,0.0,0.0,0.0,0.0,0.0,0.0,0.0,0.9249444661371342,0.2823395806279408,198.3682670552604,231.14941352073198,4368.588001245492,0.10125086384069823,0.01545342854711511,19.37302504923718,22.622694955659,401.9422389080322,0.9938782455268493,0.18780768056062914,360.1973125538329,419.9158714192852,7785.827724811095,0.2834118045138752,0.05355476275772394,323.46691715206148,378.59996649685186,6314.464184204575,0.0,0.0,12.083511405367969,14.393419176109927,117.15377357195129,0.0,0.0,15.614841607704103,18.353941038600799,262.2300522065067,0.0,0.0,252.74002397367196,298.72372499600359,3565.832703004143,0.0,0.0,46.39709629112288,54.28423927450483,913.2386795084862,0.0,0.0,203.48382180787093,241.82623740888477,2232.193981762507,50.25934441780666,34.471429641842707,345.2503343840304,405.96759977925469,6645.359956043076,0.0,0.0,211.155656693753,250.93524208133128,2324.5307695891358,1508.4998094988878,22.099414094139339,40.509397297090867,21.999999999999994,29.99999999999999,0.0,21.309866584718507,50.24344695472665,20.999999999999994,29.99999999999999,2150.1470775477807,21.77559183877758,40.736363767932548,21.666666666666658,29.99999999999999,0.0,20.716446520262083,43.7919130943455,15.999999999999993,29.99999999999999,0.0,15.66769060254189,60.65056605759297,11.999999999999995,29.99999999999999,601.4142524771725,19.299272660268117,52.947996535132109,19.33333333333333,29.99999999999999,0.0,17.915307049986649,52.53847565762024,9.999999999999997,29.99999999999999,1188.2234886638883,20.79244443467011,44.918688007232898,20.69999999999999,29.99999999999999,0.0,16.313564196638916,58.385611590701689,15.999999999999993,29.99999999999999,0.0,19.27670406657579,0.0,0.0,0.0,16.316659595881583,0.0,0.0,602.1304091333983,1024.1889203690678,574.311481999643,586.7823628817753,581.327153250396,862.8283569816454,591.545451628968,648.7895218211745,596.5710254031277,10093.8141977013,81.33048678355856,86.21624584161067,269.9999999999999,0.0,269.9999999999999,269.9999999999999,21.0,16.0,19.0,16.0,19.7,12.0,21.0,10.0,1.0,0.0,1508.4998094988878,0.0,2150.1470775477807,0.0,601.4142524771725,0.0,1188.2234886638883,0.0,7393.595182162981,4436157.10929779,5793341.6277334489,81.33048678355856,86.29922225002336,0.3597865060720993,0.7679905692635327,0.36028137401965945,86.29922225002336,0.35426478194388735,5793341.6277334489,0.3103287646421393 
 02/23  19:40:00,10.86,73.33333333333333,9.506666666666666,0.0,0.0,0.0,0.0,1.0,2.0,0.0,0.0,4.0,0.0,0.0,0.0,810.0,0.0,0.0,0.0,0.0,0.0,0.0,0.0,0.0,0.0,0.0,0.0,20.90261519983929,-667.8831288106435,20.38862190648964,-80.21638354612107,21.129133964361185,-1295.713108999338,19.95309644536134,359.6536051551083,15.581528446856217,43.78357488275182,19.05566923406517,-74.79480802516469,17.484030314739177,99.59650416292101,19.01109547989499,-246.7404111412235,16.288546705709714,45.54637289176847,896.2698820431792,859.6360178575103,0.0,0.0,0.0,0.0,0.0,0.0,0.0,0.0,0.0,0.0,0.0,0.0,0.0,0.0,0.0,0.0,0.0,0.0,0.0,0.0,0.0,0.0,0.9439505234335326,0.2881411854192713,164.4682143109227,192.21632509168084,3506.9081212549465,0.11122494526744045,0.01697572424716735,17.91924184008782,20.928270185354476,364.1097904456003,0.9502328331461378,0.17956024813797023,302.8615619709543,353.65714368918659,6465.325666846615,0.2589476010000062,0.048931897392291427,282.8614929342284,331.4219685905303,5550.13043092716,0.0,0.0,11.866608319748846,14.147674050250654,115.62835933844689,0.0,0.0,15.88380736319783,18.654421058272694,284.32495310332038,0.0,0.0,248.77867095875326,294.36985118451687,3492.9782640129417,0.0,0.0,46.59827991344194,54.66101317417321,879.3393714774529,0.0,0.0,203.08995523495643,241.57080477062773,2241.368443203315,49.90940082876843,34.23141346280416,298.8134134450702,351.8406656929864,5811.432851951036,0.0,0.0,211.0318056868576,250.9759042489834,2353.4480565600899,747.4764072563824,21.512024662040795,41.80522795263164,21.400000000000007,30.00000000000001,0.0,21.091556938397763,52.12234339722686,21.000000000000008,30.00000000000001,1598.0386850912246,21.59134681401396,40.90851256109518,21.400000000000007,30.00000000000001,0.0,20.754779570102067,43.476761538280488,16.000000000000005,30.00000000000001,0.0,15.682719647055715,60.67539133625649,12.000000000000006,30.00000000000001,297.2463750218744,19.861999670160566,51.63168529542076,19.40000000000001,30.00000000000001,0.0,17.868839412777505,52.820644971462588,10.000000000000004,30.00000000000001,507.47593580243599,20.365586557119614,46.19118781616445,19.900000000000007,30.00000000000001,0.0,16.337738038740345,58.43985897024014,16.000000000000005,30.00000000000001,0.0,19.13219108313267,0.0,0.0,0.0,16.380848119423079,0.0,0.0,600.0464761987951,1101.5853170757026,566.2261377006259,583.1077661503376,590.5677770523672,899.4540487319152,603.4956232861232,654.6783927846561,608.6830616444265,8233.689939868436,82.56058018138121,82.56058018138121,270.0000000000001,0.0,270.0000000000001,270.0000000000001,21.0,16.0,19.0,16.0,19.7,12.0,21.0,10.0,1.0,0.0,747.4764072563824,0.0,1598.0386850912246,0.0,297.2463750218744,0.0,507.47593580243599,0.0,0.0,0.0,0.0,82.56058018138121,82.56058018138121,0.34000000000000016,0.7703264228189032,0.36028137401965967,82.56058018138121,0.35426478194388769,0.0,0.00909 
 02/23  19:50:00,10.85,73.16666666666667,9.468333333333334,0.0,0.0,0.0,0.0,1.0,2.0,0.0,0.0,4.0,0.0,0.0,0.0,648.0,0.0,0.0,0.0,0.0,0.0,0.0,0.0,0.0,0.0,0.0,0.0,20.913778828856985,-943.3787352842334,20.746403319743569,-143.66284136276009,20.921736137727256,-621.5251760508936,19.89218412593565,211.96990712911703,15.593395597044669,41.073165713615328,18.771390317762408,-55.703108759529147,17.461937905200313,141.1949285053015,19.02741044573618,-260.8567565174088,16.301462493773163,33.74656464089753,875.0771418476761,844.044420328768,0.0,0.0,0.0,0.0,0.0,0.0,0.0,0.0,0.0,0.0,0.0,0.0,0.0,0.0,0.0,0.0,0.0,0.0,0.0,0.0,0.0,0.0,0.9372813604394295,0.2861054213795572,199.93679926445825,233.39604548833683,4191.517221215806,0.06205185546753886,0.009470673911407029,24.988953749440499,29.098815590384583,539.0232181588826,1.0684879277321045,0.20190625996449447,270.8669263271963,316.59565733607357,5663.622703076528,0.261517477017576,0.04941751266394103,250.16227747363906,293.2818690553625,4845.543353487393,0.0,0.0,11.58326021677843,13.805344730791309,113.32521558214623,0.0,0.0,14.870858079658067,17.486444027286646,252.70363739542302,0.0,0.0,243.15056497426174,287.6640661092154,3399.0585314119628,0.0,0.0,47.359736181306377,55.535949591977679,896.2370116842591,0.0,0.0,197.36004864448999,234.68194438258954,2187.6934650728287,49.60008697883225,34.01926404583832,271.65496802100389,320.0475805171151,5265.2914027459269,0.0,0.0,205.03115323539289,243.8124936313165,2273.252104937089,1023.4315014677893,21.485469237388626,41.88513607816432,21.5,30.0,1049.3842724579909,21.641888063193329,49.97624645113541,21.75,30.0,865.7575668597037,21.369124055766127,41.85098368746343,21.25,30.0,0.0,20.617593588700083,43.655202388659429,16.0,30.0,0.0,15.691894066619849,60.756771708941318,12.0,30.0,0.0,19.38063062224217,53.858219164103207,19.0,30.0,0.0,17.82815229475265,53.12694345653354,10.0,30.0,426.310708433356,20.375533731902704,46.20446356233287,20.2,30.0,0.0,16.35132572269495,58.528219424509199,16.0,30.0,0.0,19.07948935363551,0.0,0.0,0.0,16.33802981918196,0.0,0.0,610.5555813223272,1093.2136769951747,592.9201717554829,581.4799927594695,601.665045240736,942.0975950223025,617.094825797427,663.6418050356549,620.1585720831306,8289.75468044138,82.52357148034436,82.52357148034436,270.0,0.0,270.0,270.0,21.0,16.0,19.0,16.0,19.7,12.0,21.0,10.0,1.0,0.0,1023.4315014677893,1049.3842724579909,865.7575668597037,0.0,0.0,0.0,426.310708433356,0.0,0.0,0.0,0.0,82.52357148034436,82.52357148034436,0.34,0.768588642716338,0.36028137401965956,82.52357148034436,0.3542647819438875,0.0,0.009150000000000002 
 02/23  20:00:00,10.84,73.0,9.43,0.0,0.0,0.0,0.0,1.0,2.0,0.0,0.0,4.0,0.0,0.0,0.0,1296.0,0.0,0.0,0.0,0.0,0.0,0.0,0.0,0.0,0.0,0.0,0.0,20.895775300087764,-827.0906328058961,20.80045772235004,-162.76158932173784,21.060132465670603,-963.4465319563608,19.832097537179288,390.5131383606765,15.604678334824012,41.03384986089439,18.757742760814464,-41.63265459649889,17.49869550516768,93.54822241623583,19.014019710966449,-241.29264809086414,16.30426855509335,19.411161819994164,876.9302887281015,850.015543102743,0.0,0.0,0.0,0.0,0.0,0.0,0.0,0.0,0.0,0.0,0.0,0.0,0.0,0.0,0.0,0.0,0.0,0.0,0.0,0.0,0.0,0.0,0.9646771882844375,0.29446800619183086,185.198055186819,216.6058663478687,3931.88587648279,0.01744801146365748,0.0026630054126461357,29.275307814249353,34.16525397735641,627.1875127105026,1.0376991958281888,0.1960882834142459,299.75564147509467,350.5395983348405,6301.8177332006639,0.27901763670159587,0.05272442114542627,300.4578371688573,352.52910909683558,5771.432223717597,0.0,0.0,11.348720723113562,13.5356552718287,111.45478867375337,0.0,0.0,14.250068291719569,16.784178117129188,235.13844324168353,0.0,0.0,245.78744285195217,290.9481041562149,3466.231804135346,0.0,0.0,45.099203769967889,52.91755527679487,850.0302749576249,0.0,0.0,200.7061158145837,238.82355684792518,2227.201987522194,49.368519789372609,33.86043881301276,304.4858677256575,358.98913465587318,5810.6056831953369,0.0,0.0,208.15802740298663,247.705502323227,2307.3511834487014,1162.966253065976,21.502570078938605,41.891297899605927,21.625,30.0,0.0,21.70491113655019,48.42406184095742,21.0,30.0,1100.9661338046927,21.42486175758011,41.49004553636979,21.25,30.0,0.0,20.5335051216759,44.132246133503048,16.0,30.0,0.0,15.70089507833346,60.851983869167998,12.0,30.0,0.0,19.116994105695455,55.185984994319557,19.0,30.0,0.0,17.88094939372968,52.91746697837956,10.0,30.0,882.8692419040347,20.320507523181367,46.43804618125692,20.45,30.0,0.0,16.347451196724199,58.61266814241107,16.0,30.0,0.0,19.07280537074625,0.0,0.0,0.0,16.327288514480526,0.0,0.0,621.5937483929738,1018.6681978971755,590.748768249773,602.9175017508022,613.7005646877782,976.8099068193533,625.5369357932198,678.9814643357903,631.8059228014404,9972.366200735354,81.41097196233847,83.17482363714669,270.0,0.0,270.0,270.0,21.0,16.0,19.0,16.0,19.7,12.0,21.0,10.0,1.0,0.0,1162.966253065976,0.0,1100.9661338046927,0.0,0.0,0.0,882.8692419040347,0.0,2669.3393179962265,1601603.5907977359,2074979.6513800184,81.41097196233847,83.20477969417064,0.3439779772665409,0.7706788137370403,0.36028137401965956,83.20477969417064,0.3542647819438875,2074979.6513800184,0.11710894187176097 
 02/23  20:10:00,10.808333333333334,72.83333333333334,9.391666666666666,0.0,0.0,0.0,0.0,0.0,2.0,0.0,0.0,4.0,0.0,0.0,0.0,810.0,0.0,0.0,0.0,0.0,0.0,0.0,0.0,0.0,0.0,0.0,0.0,20.971074559976846,-778.5176879614077,20.588803056655025,-88.99474268585883,20.907566622259908,-1169.7553234985479,19.941570549502666,497.4856691093417,15.618298205211226,43.3963398705248,18.902603233508495,-60.21046585973495,17.52389547624137,161.5316952745725,18.59662029199248,-155.80704929253785,16.306801919004088,15.930900731440126,930.9730399557707,806.7925726844995,0.0,0.0,0.0,0.0,0.0,0.0,0.0,0.0,0.0,0.0,0.0,0.0,0.0,0.0,0.0,0.0,0.0,0.0,0.0,0.0,0.0,0.0,0.931416893842569,0.2843152911607354,178.01294565263982,207.95681739338458,3800.5351892158876,0.10420869907700059,0.01590486860149582,18.204650854554005,21.2603448926601,380.561610804993,0.9912892281320734,0.1873184482486912,332.4307321726805,388.4735757198608,7093.623971487017,0.28574347512382,0.05399536566965608,326.9276948410162,383.2485485576677,6423.309741822764,0.0,0.0,12.016369453694468,14.324521192831814,119.1129390512252,0.0,0.0,15.81714626246779,18.608127227351749,267.269362078003,0.0,0.0,252.05284705726309,298.1722419143825,3594.185156214789,0.0,0.0,38.54494953495585,45.35308933206114,674.4554122830672,0.0,0.0,200.26238976872436,238.1911310913754,2234.7573805239146,49.27674024459924,33.79748987969771,334.72869104199426,394.2878876382114,6471.004204852279,0.0,0.0,206.98762152224607,246.23110501782913,2296.400771907721,824.9010880931287,21.641203734376537,41.25369346868824,21.6,30.0,0.0,21.34001577473402,50.17643485753076,21.0,30.0,942.9394651346373,21.586110571226468,40.82815981648156,21.4,30.0,0.0,20.73076581716458,43.34451714074467,16.0,30.0,0.0,15.714703141678309,60.886027161631137,12.000000000000002,30.0,677.8776256934757,19.302153968836028,54.59240641135404,19.4,30.0,0.0,17.92864557418459,52.64361910022615,10.0,30.0,0.0,19.558149145401065,47.99265609884119,12.000000000000002,30.0,0.0,16.3465106265589,58.61824625180906,16.0,30.0,0.0,19.287686504833514,0.0,0.0,0.0,16.29998056636431,0.0,0.0,610.9424269874257,1058.4716017955257,583.7937837055371,597.0271065127082,625.7151170189604,993.0898862763701,628.0611262309617,647.3701533557688,640.3018216447114,10000.45128023241,81.3924039119013,84.14770516910754,570.0,0.0,570.0,570.0,21.0,16.0,19.0,16.0,12.0,12.0,21.0,10.0,1.0,0.0,824.9010880931287,0.0,942.9394651346373,0.0,677.8776256934757,0.0,0.0,0.0,4169.862765375465,2501917.6592252787,3240789.301436557,81.3924039119013,84.19449933142735,0.3429954255125155,0.7697686827588749,0.36028137401965956,84.19449933142735,0.35426478194388757,3240789.301436557,0.18809104367470098 
 02/23  20:20:00,10.776666666666668,72.66666666666667,9.353333333333334,0.0,0.0,0.0,0.0,0.0,2.0,0.0,0.0,4.0,0.0,0.0,0.0,648.0,0.0,0.0,0.0,0.0,0.0,0.0,0.0,0.0,0.0,0.0,0.0,20.969636830464638,-671.4863847723191,20.46324269945648,-68.29884847314765,21.20215569219146,-1474.3283818283849,20.03045120671227,472.2357570982608,15.631945490234165,41.350219995420378,19.10849716299324,-73.50084808122694,17.516791632531694,142.23805223487399,18.016408520990013,-62.7303849081197,16.299811485630216,-6.951225634373259,965.7905625884068,740.3330047184247,0.0,0.0,0.0,0.0,0.0,0.0,0.0,0.0,0.0,0.0,0.0,0.0,0.0,0.0,0.0,0.0,0.0,0.0,0.0,0.0,0.0,0.0,0.9984113906457296,0.30476538175999076,245.33065327354397,286.4686395734661,5282.625967338977,0.13006009822916063,0.01985044234266798,17.171987101970367,20.084486480148717,354.02188541100528,0.8860542697733708,0.1674327796245977,390.28993088354596,455.80915515228039,8511.330784976466,0.26211596868008549,0.049530606326546749,315.2316082046282,369.2501324500033,6292.291794961377,0.0,0.0,11.829064967149277,14.094240259972409,118.33061459782944,0.0,0.0,16.3333489540594,19.174098974038288,292.34904936274219,0.0,0.0,245.72244993335984,290.63835742901929,3502.650274520216,0.0,0.0,28.86430518456421,34.072048374197077,451.7146949991369,0.0,0.0,192.61200877261445,229.06413753943216,2154.5469442357959,49.014581435675037,33.617682740517867,388.1494282934626,456.87706432229597,7571.079390499805,0.0,0.0,198.40388866496725,236.0757155813655,2167.294874359586,1179.4750034536529,21.585023263621556,41.11241751664532,21.5,30.0,0.0,21.125835883557135,51.55656072027266,21.0,30.0,1987.1574516582414,21.75039176139393,40.40237072962712,21.5,30.0,0.0,20.859107912190156,42.76796408461513,16.0,30.0,0.0,15.727979992285754,60.80849805189279,12.0,30.0,0.0,19.78135422293385,53.116079814116279,19.0,30.0,0.0,17.891238556748637,52.64935340921933,10.0,30.0,0.0,18.584881357051338,50.641772979061489,12.0,30.0,0.0,16.32757015950017,58.522343155065559,16.0,30.0,0.0,19.40618323796499,0.0,0.0,0.0,16.178930595437597,0.0,0.0,600.875200708196,1110.3876437382465,586.6478100920294,591.1183548051563,632.3627709969488,1004.0746272435254,628.5517376071393,634.015977601978,639.7977980950109,7758.132876589269,82.87502819012387,82.87502819012387,570.0,0.0,570.0,570.0,21.0,16.0,19.0,16.0,12.0,12.0,21.0,10.0,1.0,0.0,1179.4750034536529,0.0,1987.1574516582414,0.0,0.0,0.0,0.0,0.0,0.0,0.0,0.0,82.87502819012387,82.87502819012387,0.34,0.7687574916355466,0.36028137401965956,82.87502819012387,0.3542647819438875,0.0,0.01938 
 02/23  20:30:00,10.745000000000001,72.5,9.315,0.0,0.0,0.0,0.0,0.0,2.0,0.0,0.0,4.0,0.0,0.0,0.0,486.0,0.0,0.0,0.0,0.0,0.0,0.0,0.0,0.0,0.0,0.0,0.0,21.061400255689848,-779.9359616413751,20.39310492812888,-55.783579720743059,21.118488809608807,-1246.6234601189852,19.998210023601986,357.3795663021019,15.645552463985603,42.708719859490738,18.93919138825446,-72.54425400407365,17.602819350192087,133.1744162844679,17.661695342848554,-27.02078493934917,16.2808761961009,-9.801309509082781,982.1561251751169,764.5540412206744,0.0,0.0,0.0,0.0,0.0,0.0,0.0,0.0,0.0,0.0,0.0,0.0,0.0,0.0,0.0,0.0,0.0,0.0,0.0,0.0,0.0,0.0,0.9158002968525097,0.2795483201625487,235.0056979480931,274.24793059558888,5054.328070783519,0.14466739244579267,0.022079882851921949,13.842930357128536,16.165067704968345,283.8810056951174,1.0565339037201427,0.19964737409677675,405.64597261294588,473.28030673420099,8765.297791713174,0.27765948637440665,0.052467778982314149,251.09514887399394,293.83279706215049,5007.7999750273779,0.0,0.0,12.066237506193304,14.371731369760039,121.81136676460491,0.0,0.0,16.068542158667598,18.87479777603039,280.27830637024399,0.0,0.0,258.99775551215569,306.06067867321749,3773.2242799431339,0.0,0.0,19.63510215217252,23.215219479594635,286.69965126064207,0.0,0.0,198.37047420991483,235.80510064981798,2217.333342866369,48.80922980001576,33.476837997267328,377.94946563502779,444.26052498778577,7418.121112509083,0.0,0.0,203.07625683856288,241.49886598629502,2229.1759468886596,921.0579213774763,21.69379832488153,40.99371798751211,21.666666666666658,29.99999999999999,25.65336157591867,21.012082949337257,53.58731832724908,20.999999999999994,29.99999999999999,1822.5661857245466,21.61567204832304,40.6110029348943,21.666666666666658,29.99999999999999,0.0,20.75426228987887,43.4515880939104,15.999999999999993,29.99999999999999,0.0,15.742191282367348,60.59552161785064,11.999999999999995,29.99999999999999,0.0,19.507027824490604,53.75674578140983,18.999999999999994,29.99999999999999,0.0,18.022269282660994,52.02138725939326,9.999999999999997,29.99999999999999,0.0,18.02018189835673,52.35868007408126,11.999999999999995,29.99999999999999,0.0,16.29098612530572,58.49056607007361,15.999999999999993,29.99999999999999,0.0,19.475497213402986,0.0,0.0,0.0,16.17449971448011,0.0,0.0,613.9350375929182,1215.9263238861452,585.4818283978322,613.0388487156483,632.5830396795911,992.624332145414,625.617922132685,632.8188381093788,638.3459574789292,7566.3845582923099,83.00176606843192,83.00176606843192,569.9999999999998,0.0,569.9999999999998,569.9999999999998,21.0,16.0,19.0,16.0,12.0,12.0,21.0,10.0,1.0,0.0,921.0579213774763,25.65336157591867,1822.5661857245466,0.0,0.0,0.0,0.0,0.0,0.0,0.0,0.0,83.00176606843192,83.00176606843192,0.3399999999999999,0.7675703242410852,0.36028137401965945,83.00176606843192,0.35426478194388735,0.0,0.01919 
 02/23  20:40:00,10.713333333333333,72.33333333333334,9.276666666666668,0.0,0.0,0.0,0.0,0.0,2.0,0.0,0.0,4.0,0.0,0.0,0.0,648.0,0.0,0.0,0.0,0.0,0.0,0.0,0.0,0.0,0.0,0.0,0.0,20.807889468662947,-341.06814963579429,20.912089191843557,-173.44481186612223,21.17106452882584,-1435.45671569366,20.012710104312708,360.3553460495656,15.656934431848154,38.555202678469047,18.854030854979525,-37.990626510189397,17.526929042443464,78.28041827099519,17.43644800125154,-13.664826849171865,16.275899216145317,-7.997970281880953,887.1561712541724,712.1935235503822,0.0,0.0,0.0,0.0,0.0,0.0,0.0,0.0,0.0,0.0,0.0,0.0,0.0,0.0,0.0,0.0,0.0,0.0,0.0,0.0,0.0,0.0,1.0769567619869554,0.32874138033789859,177.49144462628869,207.7035125586396,3714.7493196528705,0.04904385473172057,0.007485325813754674,31.831154073250393,37.062138450308,703.9680673641041,1.0113960650558769,0.19111792612544926,331.55134547547757,387.3257581678853,7111.545254704464,0.2656452175753139,0.05019750899004421,278.5069717931259,326.17370622596027,5548.53985277376,0.0,0.0,10.973858726021952,13.076581597431787,111.67833823764539,0.0,0.0,15.014094437067766,17.65576955950671,258.58209303767065,0.0,0.0,245.1551182043848,290.0313871447151,3510.1253225538978,0.0,0.0,14.164696028336636,16.76887120404707,198.36528922126056,0.0,0.0,190.38294381947228,226.46505109907407,2136.3701473580315,48.485078284259419,33.254511854773287,323.00162368309796,380.2275664428767,6363.28309786002,0.0,0.0,194.54084956114594,231.54414729127744,2125.2811737253616,793.3060639659611,21.380819130248346,42.341071035555078,21.500000000000008,30.00000000000001,1005.5659003296695,21.863751588551609,49.35384162714184,21.750000000000008,30.00000000000001,1744.5880703451917,21.638489620465159,40.44563835303993,21.500000000000008,30.00000000000001,0.0,20.756364325732116,43.19702418570084,16.000000000000008,30.00000000000001,0.0,15.751692158955635,60.535078509660227,12.000000000000004,30.00000000000001,0.0,19.35974874293411,54.62296663261191,19.000000000000008,30.00000000000001,0.0,17.85961462473506,52.693241088883898,10.000000000000004,30.00000000000001,0.0,17.696010301525094,53.360705679168507,12.000000000000004,30.00000000000001,0.0,16.28123033690365,58.363490498828458,16.000000000000008,30.00000000000001,0.0,19.228131760573669,0.0,0.0,0.0,16.114503660315476,0.0,0.0,652.8813820110618,1139.6252690660879,588.1186281380304,609.2904989899918,637.6655587313571,1020.0550203549947,637.2391967830392,632.8896324323816,637.4628951226816,8793.765443816563,82.19034660294747,82.19034660294747,570.0000000000002,0.0,570.0000000000002,570.0000000000002,21.0,16.0,19.0,16.0,12.0,12.0,21.0,10.0,1.0,0.0,793.3060639659611,1005.5659003296695,1744.5880703451917,0.0,0.0,0.0,0.0,0.0,0.0,0.0,0.0,82.19034660294747,82.19034660294747,0.34000000000000016,0.7697775820315398,0.36028137401965967,82.19034660294747,0.35426478194388769,0.0,0.019 
 02/23  20:50:00,10.681666666666667,72.16666666666666,9.238333333333334,0.0,0.0,0.0,0.0,0.0,2.0,0.0,0.0,4.0,0.0,0.0,0.0,648.0,0.0,0.0,0.0,0.0,0.0,0.0,0.0,0.0,0.0,0.0,0.0,20.839951319094796,-482.0449994014764,20.79465556531619,-126.15795458738731,21.252921374425705,-1322.8885638094383,19.999004084994764,340.8046369664419,15.666441160675824,39.29379427940074,18.79926422980279,-45.6121497089741,17.534830273749664,114.21271925777774,17.252010246446028,-24.416729187523928,16.269838557649935,-10.206487462621454,906.441819518544,741.6941621086187,0.0,0.0,0.0,0.0,0.0,0.0,0.0,0.0,0.0,0.0,0.0,0.0,0.0,0.0,0.0,0.0,0.0,0.0,0.0,0.0,0.0,0.0,1.035514327720336,0.3160910646276972,238.60744924256438,279.37298727478528,5003.397225220963,0.057881547619351398,0.008834180039583546,27.003469021048969,31.505447865041555,583.2456220909571,1.0542383055529339,0.1992135875950367,360.69552502158725,421.3473756012422,7778.1580897355729,0.26763676036625169,0.05057383982733401,246.06600396551239,287.9897329661485,4905.14674822499,0.0,0.0,11.2732367629254,13.432263947790002,115.60966599433786,0.0,0.0,15.27948034507881,17.97121848804395,261.2006072955685,0.0,0.0,250.9121142249748,296.8398434438204,3614.4094965027327,0.0,0.0,12.601330563750257,14.935282959660345,170.83964128333944,0.0,0.0,190.55674511104207,226.6794563807993,2145.4562852825486,48.27576070715162,33.110946987072448,348.99784415561319,410.6725066332078,6925.654217344964,0.0,0.0,199.11052243525107,236.9952872124861,2184.999694333631,768.9250872059245,21.430725186621865,41.94523718498368,21.5,30.0,0.0,21.609134513490078,48.49247346700578,21.0,30.0,1686.7541920321624,21.720441159545218,40.26148152566153,21.5,30.0,0.0,20.709736050816674,43.482095593061888,16.0,30.0,0.0,15.759202389500445,60.58468171454956,12.0,30.0,0.0,19.261647317698388,55.23400576816083,19.0,30.0,0.0,17.871515527368247,52.63515986649495,10.0,30.0,0.0,17.43116145897082,54.290009771253469,12.0,30.0,0.0,16.268192846150016,58.544853871972069,16.0,30.0,0.0,19.297085180653988,0.0,0.0,0.0,16.104805704242929,0.0,0.0,647.377070542274,1047.4523632577946,601.8651628470112,628.3289542693742,648.8501843748105,1045.8465678996154,647.8559342048429,640.5623892301949,654.2119589939238,9002.487506027115,82.05226047742886,83.88115837232169,570.0,0.0,570.0,570.0,21.0,16.0,19.0,16.0,12.0,12.0,21.0,10.0,1.0,0.0,768.9250872059245,0.0,1686.7541920321624,0.0,0.0,0.0,0.0,0.0,2767.676401406042,1660605.8408436252,2155880.54249669,82.05226047742886,83.9122191301013,0.3472558800468681,0.7699364284413193,0.36028137401965956,83.9122191301013,0.3542647819438875,2155880.54249669,0.13066245487649456 
 02/23  21:00:00,10.65,72.0,9.2,0.0,0.0,0.0,0.0,0.0,2.0,0.0,0.0,4.0,0.0,0.0,0.0,648.0,0.0,0.0,0.0,0.0,0.0,0.0,0.0,0.0,0.0,0.0,0.0,20.961380917650275,-501.8016938666917,20.632433077884785,-94.33255997560832,21.278234689010227,-1369.9607314880757,20.00267186517848,329.0095236441239,15.677111460019738,39.48280705401801,18.75521675627557,-49.03392768368968,17.547970952248379,109.00539969020474,17.09776028100753,-35.417471003801839,16.27039403869171,-1.208758880104142,906.1471357231267,756.3042147893004,0.0,0.0,0.0,0.0,0.0,0.0,0.0,0.0,0.0,0.0,0.0,0.0,0.0,0.0,0.0,0.0,0.0,0.0,0.0,0.0,0.0,0.0,1.0159039087564475,0.3101049782528838,237.81287002420906,278.36425733296468,5029.3706795770999,0.08613857686966586,0.013146913441646195,22.506299834828618,26.285855948119925,476.34816742370239,1.0198619312861433,0.19271767409035213,366.62732703232487,428.2381111915634,7934.434676721616,0.2633733132264467,0.049768199778240099,226.68618903017808,265.1902106908111,4532.973520482123,0.0,0.0,11.348866227463946,13.521763186581108,117.32341506414719,0.0,0.0,15.266974277631814,17.960952170219988,259.64858879263968,0.0,0.0,254.2322341198682,300.7578444771116,3684.0873377602649,0.0,0.0,16.620137009851065,19.710598503729555,219.29076145209238,0.0,0.0,188.5325276892746,224.2735985398493,2134.5537626393509,48.01782188299198,32.93403421330041,351.7617433367485,413.8844126704562,7001.217861983705,0.0,0.0,203.17926998909935,241.82722871193796,2246.941617898774,945.5741623165322,21.524008392811955,41.491254635784,21.5,30.0,0.0,21.328491449661948,49.570955660843427,21.0,30.0,1717.1433636817679,21.721411687838925,40.06237072022618,21.5,30.0,0.0,20.697376758647388,43.344131047815668,16.0,30.0,0.0,15.7688631755018,60.49747633035653,12.0,30.0,0.0,19.18389149363599,55.3673863999472,19.0,30.0,0.0,17.88347037649506,52.44548222118737,10.0,30.0,0.0,17.215999819196548,55.04490849812689,12.0,30.0,0.0,16.268155970638888,58.40194041058429,16.0,30.0,0.0,19.32168939615629,0.0,0.0,0.0,16.116523934532549,0.0,0.0,644.5602009951293,1064.6275888154697,600.6699454421546,629.1451930774426,656.0486474086547,1051.0704646706193,651.6453335141173,650.4753916910939,659.1746317131315,9399.38473891003,81.78966148481197,85.47283120989947,570.0,0.0,570.0,570.0,21.0,16.0,19.0,16.0,12.0,12.0,21.0,10.0,1.0,0.0,945.5741623165322,0.0,1717.1433636817679,0.0,0.0,0.0,0.0,0.0,5573.696372249436,3344217.823349661,4368960.494623847,81.78966148481197,85.53538365911581,0.3557898790749812,0.7660425498867686,0.36028137401965956,85.53538365911581,0.3542647819438875,4368960.494623847,0.2452992790537734 
 02/23  21:10:00,10.593333333333334,72.16666666666667,9.155,0.0,0.0,0.0,0.0,0.0,2.0,0.0,0.0,4.0,0.0,0.0,0.0,487.0,0.0,0.0,0.0,0.0,0.0,0.0,0.0,0.0,0.0,0.0,0.0,20.986469616018796,-657.6537623505526,20.524709265498517,-86.15507650406446,20.78948529265965,-697.8128771732118,20.002395424330645,209.0362602548248,15.687636659096548,38.79177345336702,18.717186603218,-51.92741278492127,17.576622998051108,95.92427623096349,16.9660461408759,-33.776177390691447,16.26938824936039,-8.658755042465599,882.5110402218397,761.4906277804523,0.0,0.0,0.0,0.0,0.0,0.0,0.0,0.0,0.0,0.0,0.0,0.0,0.0,0.0,0.0,0.0,0.0,0.0,0.0,0.0,0.0,0.0,0.985510043391858,0.3008272415726063,195.19221701728396,228.015594886864,4170.337091594502,0.0985537117411963,0.015041775296275385,20.803642953288436,24.275031777820304,435.4275309840374,1.0658466026404328,0.20140714335609095,310.9532924676983,363.7696936098885,6458.823463150629,0.2605064213053899,0.04922645905241682,246.00141152951347,288.23349764880427,4923.657231408513,0.0,0.0,11.377755662376107,13.55090085246193,119.13225754609513,0.0,0.0,15.046571699188093,17.69862248917479,255.70370286128134,0.0,0.0,256.7930015551145,303.5668993641178,3769.2171781956496,0.0,0.0,18.737792305519514,22.212591853889994,242.4355991208618,0.0,0.0,187.9095770799988,223.39920142817523,2147.0762603439859,47.61501163579732,32.65775832359214,295.30623119732868,347.6301355531855,5907.266994274073,0.0,0.0,204.68787282506433,243.4630373297739,2285.5701339353779,803.9976259947938,21.596159590526058,41.406365038469449,21.333333333333337,30.0,0.0,21.14497524559797,50.88203660666103,21.0,30.0,342.75734039007167,21.07579988658755,41.80451790901509,21.0,30.0,0.0,20.679430787179574,43.23410986820772,16.0,30.0,0.0,15.778184221198352,60.31347753161893,12.0,30.0,0.0,19.118099403079467,55.26657660107752,19.0,30.0,0.0,17.92344735943824,52.226512881011867,10.0,30.0,0.0,17.036432462877508,55.598814969138008,12.0,30.0,0.0,16.262657504267449,58.316645852312067,16.0,30.0,0.0,19.268238568307554,0.0,0.0,0.0,16.116328097421645,0.0,0.0,655.7551869316246,1117.6016925465752,610.7780313549109,626.8906449614536,658.2057782844654,1045.9928754095825,652.2353157883659,655.9060826116239,660.0421516746715,5652.963913185902,81.70233512158996,81.70233512158996,570.0,0.0,570.0,570.0,21.0,16.0,19.0,16.0,12.0,12.0,21.0,10.0,1.0,0.0,803.9976259947938,0.0,342.75734039007167,0.0,0.0,0.0,0.0,0.0,0.0,0.0,0.0,81.70233512158996,81.70233512158996,0.22666666666666669,0.46334976048004786,0.24018758267977304,81.70233512158996,0.236176521295925,0.0,0.01767 
 02/23  21:20:00,10.536666666666669,72.33333333333334,9.11,0.0,0.0,0.0,0.0,0.0,2.0,0.0,0.0,4.0,0.0,0.0,0.0,652.0,0.0,0.0,0.0,0.0,0.0,0.0,0.0,0.0,0.0,0.0,0.0,21.030607644838953,-573.9403606557867,20.452136423366328,-62.9834265004324,21.314289439824525,-1549.6169353473675,20.040929615359276,495.84319236726835,15.697626866776798,37.99512454243444,18.692589517385309,-56.444813287707209,17.5525884711898,143.35364766899603,16.86310105810119,-31.3527408912106,16.270595552760548,-8.890726132537339,958.5414590752703,726.6866392337747,0.0,0.0,0.0,0.0,0.0,0.0,0.0,0.0,0.0,0.0,0.0,0.0,0.0,0.0,0.0,0.0,0.0,0.0,0.0,0.0,0.0,0.0,1.0176671761326426,0.3106432161577053,303.1184901207442,354.1836071234877,6594.302483561045,0.14721889949836126,0.022469307005244394,15.247077615083715,17.83522692359827,319.28815061371776,0.9255571508183653,0.1748974207895627,429.1093123544189,501.07104433874096,9513.829998710276,0.26664359964910369,0.05038616773414656,296.6987578086636,347.54180082574336,6044.933884571797,0.0,0.0,11.547366759656239,13.756117113992307,122.41213017194008,0.0,0.0,15.394774219706993,18.114924078501319,262.158979105688,0.0,0.0,253.94618320623185,300.38352622225036,3735.7868770141396,0.0,0.0,20.005312741906754,23.739774811500867,256.0314015517561,0.0,0.0,181.98436853684673,216.47055650775924,2100.1316878252875,47.36830388921055,32.48854862085773,412.77483523841576,485.49646159986897,8307.76092404696,0.0,0.0,200.15599586654987,238.2272386213296,2246.29726439392,790.8178752902234,21.56676180193935,40.89784820411991,21.5,30.0,0.0,21.02894803129361,51.62098117764047,21.0,30.0,2055.145976102547,21.77597272523096,40.1011159148175,21.5,30.0,0.0,20.792403565539535,42.794979046662039,16.0,30.0,0.0,15.786541212091642,60.183504829209528,12.0,30.0,0.0,19.079096823498945,55.24337961428897,19.0,30.0,0.0,17.882158995383933,52.23148699692344,10.0,30.0,0.0,16.905053076625856,55.98630871079658,12.0,30.0,0.0,16.263307787589729,58.21710693797216,16.0,30.0,0.0,19.491045760085325,0.0,0.0,0.0,16.088026685116536,0.0,0.0,630.4624247396106,1151.3127787246568,616.4598925071798,625.2822250680416,660.7423941238424,1047.90750729935,652.5698173365456,659.6728320719437,661.7266509988434,9810.867547211816,81.51776132832336,83.3297405910745,570.0,0.0,570.0,570.0,21.0,16.0,19.0,16.0,12.0,12.0,21.0,10.0,1.0,0.0,790.8178752902234,0.0,2055.145976102547,0.0,0.0,0.0,0.0,0.0,2742.100355239053,1645260.2131434319,2133472.6360056556,81.51776132832336,83.36051401431435,0.3464033451746351,0.7696339015154006,0.36028137401965956,83.36051401431435,0.3542647819438875,2133472.6360056556,0.1281039104056274 
 02/23  21:30:00,10.48,72.5,9.065,0.0,0.0,0.0,0.0,0.0,2.0,0.0,0.0,4.0,0.0,0.0,0.0,652.0,0.0,0.0,0.0,0.0,0.0,0.0,0.0,0.0,0.0,0.0,0.0,21.086445646806678,-615.9046463674699,20.852482007795108,-115.30192437943527,21.166218660490118,-1421.5714980999,20.048736635487069,397.8592424650053,15.708980745729804,39.104069213057019,18.672670642958435,-45.81424765183807,17.59621315076752,100.00365991739,16.774710884846756,-29.92710924371204,16.27623665912357,6.381615014311592,968.5007607952412,781.8470743642859,0.0,0.0,0.0,0.0,0.0,0.0,0.0,0.0,0.0,0.0,0.0,0.0,0.0,0.0,0.0,0.0,0.0,0.0,0.0,0.0,0.0,0.0,1.021407204178685,0.31178486086040449,226.334961167025,264.39100823468598,5010.100004349481,0.06773245618823462,0.010337676463405773,23.578563132867904,27.481916235222135,521.3195157493726,1.0751581903193526,0.20316670263026324,412.7677487316343,482.05369332939167,9059.538251801532,0.28491941083873875,0.05383964679492416,295.0112031770285,345.37479623471759,6016.172207882912,0.0,0.0,11.270543528553823,13.427235458793114,121.01467946975599,0.0,0.0,14.649670392407739,17.244947612930369,250.2877136888567,0.0,0.0,261.98180662650449,309.8423087501184,3912.1364100859584,0.0,0.0,23.509656908366805,27.913536818886784,298.5103615956019,0.0,0.0,187.4480535885496,222.9656100959044,2188.076080416806,47.07488209835576,32.287299107239899,391.1923968233553,460.03889186846245,7898.768308492738,0.0,0.0,209.49074433776429,249.2931873708692,2399.23194143165,679.5377955487008,21.639100370422609,41.27735499884242,21.5,30.0,977.5590887024548,21.662572143108148,49.95058255304517,21.75,30.0,1639.2133690661706,21.571990233144285,40.46352120348102,21.5,30.0,0.0,20.754438312423497,43.07967582659559,16.0,30.0,0.0,15.798077755090853,59.94838759480611,12.0,30.0,0.0,19.04944730189031,55.14944539465472,19.0,30.0,0.0,17.939646252482644,51.88249648457715,10.0,30.0,0.0,16.794398097188699,56.124689679495748,12.0,30.0,0.0,16.27318702234523,57.81668682312769,16.0,30.0,0.0,19.54454428217522,0.0,0.0,0.0,16.146059882050986,0.0,0.0,670.6168929115954,1180.8678564925763,619.4548921143336,642.9508084244657,661.6363392340713,1048.658632499049,655.9750199656735,659.0090730503172,658.1411355281854,8654.440927200845,82.28243140717987,83.9743643849215,570.0,0.0,570.0,570.0,21.0,16.0,19.0,16.0,12.0,12.0,21.0,10.0,1.0,0.0,679.5377955487008,977.5590887024548,1639.2133690661706,0.0,0.0,0.0,0.0,0.0,2560.610794266436,1536366.4765598619,1996568.2683316286,82.28243140717987,84.00309902371558,0.3403536931422146,0.7677694782833773,0.36028137401965956,84.00309902371558,0.3542647819438875,1996568.2683316286,0.12047821661991135 
 02/23  21:40:00,10.423333333333334,72.66666666666667,9.02,0.0,0.0,0.0,0.0,0.0,2.0,0.0,0.0,4.0,0.0,0.0,0.0,489.0,0.0,0.0,0.0,0.0,0.0,0.0,0.0,0.0,0.0,0.0,0.0,21.08261700365854,-792.8060163232299,20.9027848296328,-139.29691920524059,21.174960407980174,-1044.9124783069179,20.09323964548573,349.0859105662912,15.718879510250457,37.44854648856692,18.665907986215545,-42.48379209899515,17.587525004887003,125.39605355175576,16.701027389840765,-26.57420055647934,16.282870248309977,-1.1807788598383327,830.5079661794659,749.3603760796677,0.0,0.0,0.0,0.0,0.0,0.0,0.0,0.0,0.0,0.0,0.0,0.0,0.0,0.0,0.0,0.0,0.0,0.0,0.0,0.0,0.0,0.0,1.0632214746177864,0.3245486796757593,167.54595018155556,195.5620276728168,3718.7520166685815,0.06958338510530775,0.010620174771872377,26.994015693477797,31.474659981595356,602.8524809500536,1.086433530139054,0.20529734129611777,280.31167294749079,327.065807567627,6253.308528697029,0.28566994685725408,0.05398147143939043,285.96771422676729,334.63221724749658,5894.207075073833,0.0,0.0,11.204187283724444,13.340071671200607,121.78050427442637,0.0,0.0,14.81853291469723,17.42851195622292,254.6175223798133,0.0,0.0,257.21619945000068,304.06879290286227,3863.709173032567,0.0,0.0,23.686984509585707,28.118542772716724,299.3515498404001,0.0,0.0,182.0558932797992,216.4538062012635,2148.7020835510936,46.71428791360961,32.039977992873577,282.13905986657007,331.9813455581532,5757.303865239233,0.0,0.0,204.23226349908829,242.96888077167649,2343.4240363028068,1283.81932063106,21.67201788137665,41.1145918085177,21.666666666666687,30.00000000000002,0.0,21.712245114234599,48.46965451020965,21.000000000000015,30.00000000000002,1711.7164664085065,21.70484100356539,40.30662233531707,21.666666666666687,30.00000000000002,0.0,20.80645448587572,42.73807244108644,16.000000000000015,30.00000000000002,0.0,15.806691134753259,59.82639088650087,12.00000000000001,30.00000000000002,0.0,19.04067081247179,55.22587702382751,19.000000000000015,30.00000000000002,0.0,17.925238430258543,52.208691075877997,10.000000000000007,30.00000000000002,0.0,16.706161501992644,56.3116298933883,12.00000000000001,30.00000000000002,0.0,16.280722481923115,57.79257539220966,16.000000000000015,30.00000000000002,0.0,19.14972111836804,0.0,0.0,0.0,16.099733820035909,0.0,0.0,673.2151150003298,1099.1079717088592,632.524235750348,637.6810275292199,666.0835430540092,1062.3107859300749,672.6301717883202,661.411168789595,663.15009840245,9317.487150369878,81.84401677489118,81.84401677489118,570.0000000000005,0.0,570.0000000000005,570.0000000000005,21.0,16.0,19.0,16.0,12.0,12.0,21.0,10.0,1.0,0.0,1283.81932063106,0.0,1711.7164664085065,0.0,0.0,0.0,0.0,0.0,0.0,0.0,0.0,81.84401677489118,81.84401677489118,0.3400000000000003,0.77160159486543,0.3602813740196598,81.84401677489118,0.3542647819438878,0.0,0.016149999999999999 
 02/23  21:50:00,10.366666666666668,72.83333333333333,8.975,0.0,0.0,0.0,0.0,0.0,2.0,0.0,0.0,4.0,0.0,0.0,0.0,654.0,0.0,0.0,0.0,0.0,0.0,0.0,0.0,0.0,0.0,0.0,0.0,21.013498840814614,-865.3491049195523,20.73465923301314,-119.41927531516947,21.025388746506097,-693.4641816870974,20.061827579545367,151.2636504425368,15.728008867647178,37.0061593489219,18.658482458063504,-46.907884396522749,17.61062455367267,97.32327374818624,16.640831441393695,-26.046507885426708,16.28343879474631,-7.062565398154902,857.0162818883571,772.0495335416558,0.0,0.0,0.0,0.0,0.0,0.0,0.0,0.0,0.0,0.0,0.0,0.0,0.0,0.0,0.0,0.0,0.0,0.0,0.0,0.0,0.0,0.0,1.0223032847414214,0.3120583897257086,207.604816049295,242.31651136648356,4561.431379623211,0.06741272955692132,0.010288878137503255,24.337936077944098,28.411095970911906,532.5597195647562,1.1476173762709026,0.21685891463924848,266.0084283894724,310.9206783716425,5814.98015803313,0.2676059223755569,0.05056801254262222,229.19168619059969,268.64441760430557,4710.819895875178,0.0,0.0,11.12840079559681,13.256347640799767,122.38294916212692,0.0,0.0,14.423016688608016,16.97474808493197,249.07209614844977,0.0,0.0,259.9756588221544,307.45721611904107,3942.9933483843749,0.0,0.0,25.1822795270972,29.913453973273364,317.7201331100904,0.0,0.0,182.85501224593356,217.4974340502412,2177.945589157552,46.28298775520258,31.74416169766982,268.43085601131897,316.1342210516762,5529.743512539371,0.0,0.0,206.80103399903264,246.13034620830207,2395.0414054671216,962.6267086268149,21.48097611881956,41.22545107010399,21.5,30.0,0.0,21.423627398624555,49.256455278336328,21.0,30.0,886.4152164618336,21.369521924834719,41.17160748819814,21.25,30.0,0.0,20.7254441273343,42.85852679021353,16.0,30.0,0.0,15.814452761155007,59.755166647856459,12.0,30.0,0.0,19.02798674947851,55.14909975151129,19.0,30.0,0.0,17.942897049155243,51.9787883606522,10.0,30.0,0.0,16.63805630274463,56.57949824774432,12.0,30.0,0.0,16.278416245011525,57.90455427757632,16.0,30.0,0.0,19.19227632648352,0.0,0.0,0.0,16.096800990446945,0.0,0.0,657.578969793601,1094.8790946624172,639.6948713328793,638.9677613936149,670.3080432036858,1064.0142325774146,670.8352086463971,668.2493106811539,672.7712296556357,7910.0312476367439,80.8828467521185,84.50845957869692,570.0,0.0,570.0,570.0,21.0,16.0,19.0,16.0,12.0,12.0,21.0,10.0,1.0,0.0,962.6267086268149,0.0,886.4152164618336,0.0,0.0,0.0,0.0,0.0,5486.68378080306,3292010.2684818359,4756943.981411124,80.8828467521185,84.57003452070077,0.267889459360102,0.5385127862673722,0.27021103051474468,84.57003452070077,0.2656985864579156,4756943.981411124,0.2631310870333784 
 02/23  22:00:00,10.31,73.0,8.93,0.0,0.0,0.0,0.0,0.0,2.0,0.0,0.0,4.0,0.0,0.0,0.0,328.0,0.0,0.0,0.0,0.0,0.0,0.0,0.0,0.0,0.0,0.0,0.0,21.16472978941308,-1369.6440648241515,20.60957701654508,-88.11112114962993,21.04077580384797,-240.66626978517889,19.943708097258914,286.97557743219115,15.737978191470744,37.68652802302259,18.648951802516615,-54.63920197626328,17.635680020762018,131.25645542269559,16.584263413351068,-24.313335049142894,16.28255771597248,-9.780410676100474,835.0241339694621,779.5226401394057,0.0,0.0,0.0,0.0,0.0,0.0,0.0,0.0,0.0,0.0,0.0,0.0,0.0,0.0,0.0,0.0,0.0,0.0,0.0,0.0,0.0,0.0,0.981762974669587,0.29968344770133917,263.1375903412342,306.6211463940196,5944.283558040974,0.11519283497597255,0.01758132401953183,19.093917870588958,22.278852224354809,413.8257579515906,1.1415501884425039,0.21571243167847777,261.1564092381832,305.01768709650607,5664.1697146846149,0.2865105647786108,0.054140318363305118,277.3838645124546,324.7322265688168,5622.216807093832,0.0,0.0,11.477451729623873,13.652275108705016,127.77645655086538,0.0,0.0,15.169965228292405,17.82636566805189,263.23527812968879,0.0,0.0,263.83743368614156,311.53765865867748,4058.4681536923096,0.0,0.0,25.979450135524208,30.824220177309799,327.4326645269051,0.0,0.0,183.05307998569598,217.43029783262717,2200.345134099026,45.9413239160058,31.50982435940042,273.78200013295057,322.13421683654146,5589.577527338723,0.0,0.0,207.70551061185243,246.86916783989947,2426.642734355904,1651.4215033213378,21.767978501835139,39.982331910068129,22.0,30.0,0.0,21.212118038349247,50.40022885820282,21.0,30.0,0.0,21.24627151493854,41.386346394315768,21.0,30.0,0.0,20.539807428386387,43.40774695378601,16.0,30.0,0.0,15.824112455697309,59.612007624276049,12.0,30.0,0.0,19.011060912626094,54.93853601307232,19.0,30.0,0.0,17.994234868981768,51.60346525831402,10.0,30.0,0.0,16.57219228019497,56.83570756239025,12.0,30.0,0.0,16.274999152436814,57.90685791972527,16.0,30.0,0.0,19.109410182069135,0.0,0.0,0.0,16.090102386405108,0.0,0.0,633.2914787924957,1133.032739933801,637.2645103002387,644.5974360451987,671.7373591849837,1057.882340812147,665.7371810943978,674.6513025197373,676.4561801576633,7142.079455697174,83.28208055275818,83.28208055275818,570.0,0.0,570.0,570.0,21.0,16.0,19.0,16.0,12.0,12.0,21.0,10.0,1.0,0.0,1651.4215033213378,0.0,0.0,0.0,0.0,0.0,0.0,0.0,0.0,0.0,0.0,83.28208055275818,83.28208055275818,0.34,0.7665821217638397,0.36028137401965956,83.28208055275818,0.3542647819438875,0.0,0.015389999999999998 
 02/23  22:10:00,10.246666666666667,73.16666666666667,8.92,0.0,0.0,0.0,0.0,0.0,2.0,0.0,0.0,4.0,0.0,0.0,0.0,1640.0,0.0,0.0,0.0,0.0,0.0,0.0,0.0,0.0,0.0,0.0,0.0,21.13811660551422,-1608.7160387737579,20.54554201698221,-90.43863646293234,20.712676946733894,27.731928679179327,19.91219283137613,260.9592831001279,15.749594407348987,41.36788835202985,19.05783387720433,-45.33025047358804,17.818670116069137,277.6071782425336,16.529493665838279,-52.53568551416495,17.81276961673257,-241.0186427464547,812.390393851197,674.7625874703686,0.0,0.0,0.0,0.0,0.0,0.0,0.0,0.0,0.0,0.0,0.0,0.0,0.0,0.0,0.0,0.0,0.0,0.0,0.0,0.0,0.0,0.0,0.969907372741053,0.296064521593728,299.08182602839869,349.5455347093095,6754.629886718856,0.11783780823882575,0.01798501346746425,19.21356854310324,22.467305960855489,414.95371678905647,1.193105903177241,0.22545463023001539,253.30693763486105,296.6791044899442,5446.348606034722,0.2930612548908701,0.05537816607915156,266.82593671159068,313.1417054108073,5413.122910489428,0.0,0.0,12.01869329740038,14.327313155953198,135.5856075083166,0.0,0.0,13.459544950869376,15.83464023509409,250.56277506452947,0.0,0.0,185.0619774985298,218.8826259820885,2977.820204753424,0.0,0.0,39.72524347712805,47.223464169724589,499.91728700607578,0.0,0.0,120.1658162495178,142.0928635012956,1926.1950858258988,45.76846646631086,31.39126643779895,263.21357807792256,310.5679140803682,5339.503343760976,0.0,0.0,131.1395444365074,156.3624001348758,1514.942813010177,1829.923758191459,21.667792697703825,40.0792648316988,21.999999999999998,30.0,0.0,21.114348757098968,51.35020151318129,21.000000000000005,30.0,0.0,21.080480841018578,41.62215759344062,21.000000000000005,30.0,0.0,20.485816555139779,43.44071088533545,15.999999999999999,30.0,0.0,15.83679602041508,59.36207895564817,12.0,30.0,688.2848911538107,19.639518178280445,51.408918393210388,19.5,30.0,0.0,18.33759856455804,49.99803229766339,10.0,30.0,0.0,16.505814738435235,56.91507904423704,12.0,30.0,2983.8522312778188,18.344228572934996,50.589576053598779,20.0,30.0,0.0,18.93995835928662,0.0,0.0,0.0,15.88598741411534,0.0,0.0,633.2594835979739,1178.6521754069243,634.587942362466,645.8599167252517,668.9307080788339,1024.3972453104244,654.0375099603969,674.3888528425443,668.4653478359037,9958.310532745063,81.42020206383802,84.91963765152114,570.0,0.0,570.0,570.0,21.0,16.0,19.0,19.0,12.0,12.0,21.0,10.0,1.0,0.0,1829.923758191459,0.0,0.0,0.0,688.2848911538107,0.0,0.0,2983.8522312778188,5295.947954312556,3177568.772587534,4136565.0253845436,81.42020206383802,84.97906968512888,0.3465315984770853,0.7672341254649877,0.3602813740196596,84.97906968512888,0.3542647819438876,4136565.0253845436,0.23011138131999629 
 02/23  22:20:00,10.183333333333334,73.33333333333334,8.91,0.0,0.0,0.0,0.0,0.0,2.0,0.0,0.0,4.0,0.0,0.0,0.0,328.0,0.0,0.0,0.0,0.0,0.0,0.0,0.0,0.0,0.0,0.0,0.0,21.180023917147829,-1673.0623043457718,20.47831091651988,-81.5275820748443,20.941331301923829,-90.27310647114791,19.887968620561457,280.4144969095805,15.767185364927379,44.0430163174,19.10647483678094,-38.08322671799675,17.89732727076386,120.27846124868393,16.4316218019635,-71.70427840822106,18.832624634757445,-417.4319447633386,808.7168335926544,858.3104068368103,0.0,0.0,0.0,0.0,0.0,0.0,0.0,0.0,0.0,0.0,0.0,0.0,0.0,0.0,0.0,0.0,0.0,0.0,0.0,0.0,0.0,0.0,0.9679855367082284,0.29547788055806736,309.2233467573202,360.6416685946867,7020.4360924117049,0.12712562229679065,0.019402567505615178,18.166249089505109,21.199275830055926,391.48209401139459,1.2269637619273997,0.23185256272248679,248.83897814288469,290.3815783755861,5591.191201315058,0.2965012851351795,0.05602820958714652,258.7585799572018,303.0501371070641,5265.302519629485,0.0,0.0,12.6016471642967,14.988736172181838,144.38974004806233,0.0,0.0,13.328432854175198,15.637494833315316,252.47716323107563,0.0,0.0,177.26028182246044,208.9165525302767,2872.4234410667438,0.0,0.0,49.06184547701015,58.24139588772947,609.7991965967634,0.0,0.0,135.71982304226345,158.87218707319028,2673.2686305288518,45.64640129321805,31.307545468599494,255.6151226157122,301.0198965404933,5209.210760870177,0.0,0.0,131.81702156540823,156.11694308494075,1733.886382060841,1871.203183421308,21.6640588650772,39.99171954014807,22.0,30.0,9.247223828560112,21.009609251183706,51.791117413467748,21.0,30.0,842.9638554726138,21.521507158724974,40.48954947093354,21.5,30.0,0.0,20.449090195834395,43.46051038795684,16.0,30.0,0.0,15.859947427067544,58.896017472830937,12.0,30.0,0.0,19.708233387150995,49.16887359259731,19.0,30.0,0.0,18.425426503485818,49.5571126162532,10.0,30.0,0.0,16.359603763554057,57.258358377855007,12.0,30.0,1354.8984594026607,20.214678693806776,44.36696241945663,20.0,30.0,0.0,18.879191704033784,0.0,0.0,0.0,16.252843163899749,0.0,0.0,630.8271251263926,1199.1179093980077,635.3968570374234,645.545030570312,662.9504718172235,990.1491008469237,651.6174094937845,674.4178504220738,652.4822561332951,10240.914314536887,81.23337417214157,84.72619523442882,570.0,0.0,570.0,570.0,21.0,16.0,19.0,19.0,12.0,12.0,21.0,10.0,1.0,0.0,1871.203183421308,9.247223828560112,842.9638554726138,0.0,0.0,0.0,0.0,1354.8984594026607,5285.94948064283,3171569.688385698,4107006.4253208639,81.23337417214157,84.78551493143661,0.3461983160214277,0.7673419078636283,0.36028137401965956,84.78551493143661,0.3542647819438875,4107006.4253208639,0.22797266745001827 
 02/23  22:30:00,10.120000000000001,73.5,8.899999999999999,0.0,0.0,0.0,0.0,0.0,2.0,0.0,0.0,4.0,0.0,0.0,0.0,1312.0,0.0,0.0,0.0,0.0,0.0,0.0,0.0,0.0,0.0,0.0,0.0,21.31614254306234,-1487.1774330781457,20.96569690476368,-151.04395567545385,21.036428916614484,-289.8975759938976,19.973201428472103,433.4197392107483,15.784215960924751,46.41509638957973,19.021865817281478,-34.5415191777033,17.777996324019897,224.2113535047813,16.417601198422305,26.15925315533721,18.599781192209617,-465.87456547666889,858.9805251062448,949.7261354910684,0.0,0.0,0.0,0.0,0.0,0.0,0.0,0.0,0.0,0.0,0.0,0.0,0.0,0.0,0.0,0.0,0.0,0.0,0.0,0.0,0.0,0.0,1.0574812639981067,0.32279647863190066,274.4517850326115,320.37239800957266,6377.29939570542,0.05947952797536733,0.009078072035312475,26.371202093403296,30.735247151844506,610.9349919574727,1.2400805856382216,0.23433117642445618,285.6442897103129,334.2778021462258,6359.6774406057579,0.3172306404868657,0.05994532133160727,297.5743530243866,349.09225428546326,6185.889870553434,0.0,0.0,12.483802583768963,14.880834260885655,145.0805227740575,0.0,0.0,12.632543719517198,14.866667435240274,237.31185053360313,0.0,0.0,215.80993277542937,255.2721884343144,3488.551770296012,0.0,0.0,48.38812088385786,57.57621759963571,610.2279142385222,0.0,0.0,183.29082113190496,215.9273026180459,3389.309413107354,45.78511317588638,31.402683934078465,293.94248044695936,346.62935337263857,6072.8793158109169,0.0,0.0,170.1498306635684,202.30631421053864,2265.621052671548,1802.947271451209,21.86999272852833,39.61857800367315,22.0,30.0,911.5491800083655,21.806160635243054,48.7319572283357,21.625,30.0,0.0,21.341748823138216,40.83642716445289,21.0,30.0,0.0,20.620850564563964,42.90258930824609,16.0,30.0,0.0,15.88079850686998,58.59367510338859,12.0,30.0,0.0,19.560310703305448,48.72978832857434,19.0,30.0,0.0,18.220277560001006,50.12104868143245,10.0,30.0,0.0,16.38477466248193,56.77138818586345,12.0,30.0,705.675848170265,19.386897126919796,46.67341683568848,19.25,30.0,0.0,19.1138511539059,0.0,0.0,0.0,16.67884053483576,0.0,0.0,645.667645680752,1172.9792369900513,638.8356717723502,648.2457496369941,659.928871633582,977.1139083204905,654.9568821560969,665.8846979604451,656.8469665880441,9781.289225953316,81.53735935910152,82.38660478616457,570.0,0.0,570.0,570.0,21.0,16.0,19.0,19.0,12.0,12.0,21.0,10.0,1.0,0.0,1802.947271451209,911.5491800083655,0.0,0.0,0.0,0.0,0.0,705.675848170265,1285.2629216492542,771157.7529895525,999312.5749638839,81.53735935910152,82.40102779281743,0.34034209738830847,0.7696780365677678,0.36028137401965956,82.40102779281743,0.3542647819438875,999312.5749638839,0.06577092056478863 
 02/23  22:40:00,10.056666666666667,73.66666666666666,8.889999999999999,0.0,0.0,0.0,0.0,0.0,2.0,0.0,0.0,0.0,0.0,0.0,0.0,984.0,0.0,0.0,0.0,0.0,0.0,0.0,0.0,0.0,0.0,0.0,0.0,20.66087987882164,-336.7910302598051,20.551750691713467,-526.1994434967926,20.49061494118165,-273.22277874793448,19.949918866325669,122.63631812523878,15.799045215849589,42.503483254683647,18.847857830686317,-28.544525445908719,17.82436517212035,84.26174357702348,16.427073023089649,-4.54769369120309,18.266847600012917,-264.8319945908774,885.6451119217353,806.5767126798763,0.0,0.0,0.0,0.0,0.0,0.0,0.0,0.0,0.0,0.0,0.0,0.0,0.0,0.0,0.0,0.0,0.0,0.0,0.0,0.0,0.0,0.0,1.0122355188174748,0.30898520110423507,329.02626788219768,385.6112372453678,7038.372882936954,0.15664408410928458,0.023907827245006783,178.2424075452085,208.76573334559175,3899.449581849578,1.1038854241026659,0.20859512927110084,272.3068931697576,319.108397380827,5823.873419846002,0.25037087730426246,0.047311201304660297,183.91038734820806,215.9109827041136,3834.000128540111,0.0,0.0,12.046444205682917,14.355720221898564,141.90878891878885,0.0,0.0,12.155667239003105,14.312843181663292,224.35277487671469,0.0,0.0,181.52993159961859,214.59379102969167,2978.6117939863854,0.0,0.0,46.760770587130199,55.62348924511032,599.2473015876343,0.0,0.0,151.1281146427657,178.20132631674657,2705.002413891019,45.39949886834717,31.13820224166472,353.2432546295487,416.0884333063424,7401.5498590167239,0.0,0.0,139.5411220108466,166.11168782994523,1752.8154186476834,0.0,20.82198006479571,44.62962372884811,21.999999999999984,29.99999999999998,0.0,21.053100164062945,43.20911568396933,11.999999999999993,29.99999999999998,0.0,20.807795067630776,44.11876278722062,21.833333333333319,29.99999999999998,0.0,20.53400624480074,45.09415014171351,11.999999999999993,29.99999999999998,0.0,15.896439381263664,58.52720804630732,11.999999999999993,29.99999999999998,0.0,19.323600968386438,48.855054395993168,11.999999999999993,29.99999999999998,0.0,18.256984565771505,51.20333405560246,9.999999999999993,29.99999999999998,0.0,16.42279251283055,56.4101544688868,11.999999999999993,29.99999999999998,0.0,19.00544341839749,48.47465458188843,19.999999999999987,29.99999999999998,0.0,19.226949340430588,0.0,0.0,0.0,16.25821389063152,0.0,0.0,784.6854003697841,742.8008956056712,752.4357334490501,760.5564662743393,667.1929666417616,984.0988746211057,718.8354034645414,665.481396595241,696.3899813988027,0.0,81.42693297930232,81.42693297930232,59.99999999999996,0.0,59.99999999999996,59.99999999999996,12.0,12.0,12.0,19.0,12.0,12.0,21.0,10.0,0.0,0.0,0.0,0.0,0.0,0.0,0.0,0.0,0.0,0.0,0.0,0.0,0.0,81.42693297930232,81.42693297930232,0.0,0.0,0.0,81.42693297930232,0.0,0.0,0.0013900000000000002 
 02/23  22:50:00,9.993333333333334,73.83333333333334,8.879999999999999,0.0,0.0,0.0,0.0,0.0,2.0,0.0,0.0,0.0,0.0,0.0,0.0,492.0,0.0,0.0,0.0,0.0,0.0,0.0,0.0,0.0,0.0,0.0,0.0,20.196565241445357,-149.96209528606458,20.06784784629203,-388.1390902969203,20.094667978752264,-355.8013295876086,19.75327453904407,62.49515877142257,15.804587363747324,34.580444578161337,18.68804925651375,-21.52279033096452,17.7556610871186,127.36922386928603,16.390619516768056,-31.992503846361794,17.85142123307159,-56.37528319874208,713.0926449214171,535.4558709943588,0.0,0.0,0.0,0.0,0.0,0.0,0.0,0.0,0.0,0.0,0.0,0.0,0.0,0.0,0.0,0.0,0.0,0.0,0.0,0.0,0.0,0.0,1.0099373199325293,0.30828367519308,241.79251507144753,283.4370687297103,4857.630729854297,0.17438066824727839,0.026614876106117,135.80580517166698,159.24303388319655,2747.5546485179845,0.959514926392055,0.18131423401210434,151.8109871728228,178.06038532585576,3048.440649210021,0.197488660764896,0.03731834103645051,100.26716136186634,117.72144771254894,2032.4322159902307,0.0,0.0,11.066248990889048,13.176404589630817,131.79049755065473,0.0,0.0,11.42676491352915,13.454859635603807,206.72748507073087,0.0,0.0,129.46523561644833,153.0426890787923,2107.945619357388,0.0,0.0,43.05137727272701,51.173112813834709,553.2069526413035,0.0,0.0,102.39661922416636,120.9791524507581,1703.920744872371,44.771942493651248,30.70777948810103,221.95974121708344,261.5845885472259,4522.7212502463939,0.0,0.0,92.28015787038389,109.988245358598,1083.235128199735,0.0,20.120287369996356,45.1101904556976,22.000000000000019,30.00000000000002,0.0,20.25334748978141,43.83474908329988,12.00000000000001,30.00000000000002,0.0,20.149110645010589,44.71389065068479,22.000000000000019,30.00000000000002,0.0,20.171380295802476,45.66091753613291,12.00000000000001,30.00000000000002,0.0,15.896298334905115,58.863242847213118,12.00000000000001,30.00000000000002,0.0,19.068186649242454,49.30206018075856,12.00000000000001,30.00000000000002,0.0,18.13974772000118,51.282571634580367,10.000000000000007,30.00000000000002,0.0,16.37402728929171,57.01070661316314,12.00000000000001,30.00000000000002,0.0,18.285120578417506,51.03545577149863,20.000000000000015,30.00000000000002,0.0,18.359642035975676,0.0,0.0,0.0,15.711610719107235,0.0,0.0,709.3287050483078,668.0399268898257,694.9282898044218,740.9904941934349,687.491651879094,998.8689664518676,711.8774516212704,689.0900774823834,716.3735628752728,0.0,81.42693297930245,81.42693297930245,60.00000000000004,0.0,60.00000000000004,60.00000000000004,12.0,12.0,12.0,19.0,12.0,12.0,21.0,10.0,0.0,0.0,0.0,0.0,0.0,0.0,0.0,0.0,0.0,0.0,0.0,0.0,0.0,81.42693297930245,81.42693297930245,0.0,0.0,0.0,81.42693297930245,0.0,0.0,0.0013033333333333337 
 02/23  23:00:00,9.93,74.0,8.87,0.0,0.0,0.0,0.0,0.0,2.0,0.0,0.0,0.0,0.0,0.0,0.0,492.0,0.0,0.0,0.0,0.0,0.0,0.0,0.0,0.0,0.0,0.0,0.0,19.855829006787155,-195.23347302986699,19.70482829970662,-230.9251748563264,19.71688274814053,-244.79829748520104,19.494749906817725,-161.31841305723294,15.798872084178209,24.82919419632655,18.577844299045326,-14.49177167241581,17.725743169817905,93.03699610220801,16.312453734298097,-71.80066887085246,17.58028678368309,-140.7646024622631,750.89051944524,447.38940399135438,0.0,0.0,0.0,0.0,0.0,0.0,0.0,0.0,0.0,0.0,0.0,0.0,0.0,0.0,0.0,0.0,0.0,0.0,0.0,0.0,0.0,0.0,0.9255937814859738,0.2825377843363781,357.848600212308,420.7368197504852,6912.511846230237,0.15448777309478405,0.023578719947311385,174.53609855769543,205.21103860413374,3381.8834275809715,0.8536727609601901,0.16131382482240953,342.36203195210489,402.843522369316,6546.132026357474,0.16611338432897117,0.03138952840683508,186.82990207310625,219.69608287741577,3636.302034971481,0.0,0.0,9.621918400811705,11.454329020108478,115.44070266284752,0.0,0.0,10.909955221107638,12.851788967059463,195.29728276188576,0.0,0.0,123.92781082871017,146.44661691267533,2019.7414144552454,0.0,0.0,39.613690695940167,47.09953437410303,504.16693782977679,0.0,0.0,52.17994646172731,61.727224654199627,824.4785072981655,44.07634652644499,30.230690347355997,479.8224535445954,566.3432685404614,9062.953316195963,0.0,0.0,80.39344850894064,95.88113860266793,895.7518853812118,0.0,19.612490599496348,45.99494623982936,22.000000000000019,30.00000000000002,0.0,19.6846711387864,44.73018901606383,12.00000000000001,30.00000000000002,0.0,19.52985745853156,45.384431374014507,22.000000000000019,30.00000000000002,0.0,19.697411796828008,45.870632412740409,12.00000000000001,30.00000000000002,0.0,15.876645835409317,58.980022291048999,12.00000000000001,30.00000000000002,0.0,18.906849680283697,49.47643976797414,12.00000000000001,30.00000000000002,0.0,18.081149764898936,50.935108486836877,10.000000000000007,30.00000000000002,0.0,16.247445237982068,57.737783545319597,12.00000000000001,30.00000000000002,0.0,17.81372844290989,52.30900883755183,20.000000000000015,30.00000000000002,0.0,18.594684612248014,0.0,0.0,0.0,15.399186064199041,0.0,0.0,687.1186566160918,642.2698011105265,650.0424073897998,690.4905650958934,696.6979230374791,1011.2499845610033,695.0182613113848,710.5457127788028,711.8920322045199,0.0,81.42693297930245,81.42693297930245,60.00000000000004,0.0,60.00000000000004,60.00000000000004,12.0,12.0,12.0,19.0,12.0,12.0,21.0,10.0,0.0,0.0,0.0,0.0,0.0,0.0,0.0,0.0,0.0,0.0,0.0,0.0,0.0,81.42693297930245,81.42693297930245,0.0,0.0,0.0,81.42693297930245,0.0,0.0,0.0012166666666666667 
 02/23  23:10:00,9.868333333333334,74.16666666666667,8.82,0.0,0.0,0.0,0.0,0.0,2.0,0.0,0.0,0.0,0.0,0.0,0.0,328.0,0.0,0.0,0.0,0.0,0.0,0.0,0.0,0.0,0.0,0.0,0.0,19.655087798657428,-103.07579101960437,19.534585048310157,-171.17518240725048,19.554135658222294,-293.94619506511847,19.262856060557036,-76.35791461408008,15.79412767512045,24.773581055607538,18.48188466657936,-16.802993444312365,17.68197827481378,79.52401108395134,16.244739612000559,-61.44807758065849,17.348685909188466,-158.10142351941387,632.5730367321567,502.7824581557429,0.0,0.0,0.0,0.0,0.0,0.0,0.0,0.0,0.0,0.0,0.0,0.0,0.0,0.0,0.0,0.0,0.0,0.0,0.0,0.0,0.0,0.0,0.9034907486566436,0.2757908268182673,188.91816826286544,221.84496271327363,3598.2488137367947,0.16141981506083698,0.024636723910384157,65.8200701660097,77.19651684219487,1246.1381291642068,0.850569110409366,0.16072734512648646,241.1839573961011,283.4418273068219,4536.17362891618,0.16921494719550629,0.031975613604593017,153.06792617653259,179.90484436710987,2880.1123150621444,0.0,0.0,9.609379596816194,11.430662747038884,116.22856923165972,0.0,0.0,10.466922289595523,12.324900008580667,185.93795170154008,0.0,0.0,138.10346361317188,163.02149058909033,2247.4940180621345,0.0,0.0,38.537985911642838,45.79302892923867,487.8662638712537,0.0,0.0,65.0703936528143,76.92899716426236,984.8406373170496,43.732308754095708,29.994724797047817,276.53880018516869,326.13175355664296,5345.00686972041,0.0,0.0,93.66777425622382,111.52584985092186,1054.7960482231388,0.0,19.387068479784966,45.72388723812283,22.0,30.0,0.0,19.467113520543088,44.79554560858301,12.0,30.0,0.0,19.331574234176697,45.89831172092954,22.0,30.0,0.0,19.32507430170717,46.204381148181727,12.0,30.0,0.0,15.863018987838484,58.93113417304652,12.0,30.0,0.0,18.771123984913929,49.58251692784263,12.0,30.0,0.0,18.006837983994104,50.97625487472891,10.0,30.0,0.0,16.14958035206767,57.94413702012773,12.0,30.0,0.0,17.441008827433686,53.318334328386928,20.0,30.0,0.0,18.212084676700479,0.0,0.0,0.0,15.408627949896707,0.0,0.0,647.7600911787215,620.0226343029488,648.9943831984218,659.9860782425446,699.1631215196564,1020.8163919251899,688.883477862166,711.4936256406646,707.5653688708619,0.0,81.42693297930238,81.42693297930238,60.0,0.0,60.0,60.0,12.0,12.0,12.0,19.0,12.0,12.0,21.0,10.0,0.0,0.0,0.0,0.0,0.0,0.0,0.0,0.0,0.0,0.0,0.0,0.0,0.0,81.42693297930238,81.42693297930238,0.0,0.0,0.0,81.42693297930238,0.0,0.0,0.00113 
 02/23  23:20:00,9.806666666666667,74.33333333333334,8.77,0.0,0.0,0.0,0.0,0.0,2.0,0.0,0.0,0.0,0.0,0.0,0.0,492.0,0.0,0.0,0.0,0.0,0.0,0.0,0.0,0.0,0.0,0.0,0.0,19.456551940475735,-218.90912449756457,19.368256313839884,-201.9890426140552,19.381270929148916,-205.47672098395615,19.125349336552075,-155.20315890006996,15.790697357600209,23.41126708559628,18.408265517464004,-19.09788431980501,17.58039442039387,18.233575759297304,16.206262068152364,-45.2319835171413,17.136441906222573,-219.8013572995938,498.661258514592,597.9544305947803,0.0,0.0,0.0,0.0,0.0,0.0,0.0,0.0,0.0,0.0,0.0,0.0,0.0,0.0,0.0,0.0,0.0,0.0,0.0,0.0,0.0,0.0,0.867325203454616,0.26475128310580467,218.5746731677951,257.0960091752231,4053.2551328785809,0.15056364776893525,0.022979799720533456,104.1273985915123,122.40771871762925,1946.320461582244,0.8196191358157997,0.15487889943609219,193.8391974850648,227.93169896520053,3590.74104885912,0.1630273293002548,0.03080637363950391,100.59325341151296,118.25518719468593,1850.5673895777614,0.0,0.0,9.165586399682779,10.91252900341624,111.80962494542755,0.0,0.0,10.813989508877686,12.747086091866631,191.41606370539723,0.0,0.0,164.12166441621293,194.06461429885557,2632.809853653286,0.0,0.0,35.7537029771364,42.529671043034088,454.0771471859987,0.0,0.0,95.29549066187497,112.93137180819729,1395.8844409343108,43.261553211973197,29.67184719614073,254.26569000157589,300.02229154464,4874.189893627265,0.0,0.0,123.40040542596424,147.0512140661045,1428.6310159211762,0.0,19.11969028985653,45.60884170207075,21.999999999999994,29.99999999999999,0.0,19.2486442697289,45.2055792775327,11.999999999999995,29.99999999999999,0.0,19.120800260650364,46.04614601385968,21.999999999999994,29.99999999999999,0.0,19.120034847705715,46.32117877711654,11.999999999999995,29.99999999999999,0.0,15.854012544646011,58.79320197424806,11.999999999999995,29.99999999999999,0.0,18.677576172155903,49.60915827218492,11.999999999999995,29.99999999999999,0.0,17.821048190005965,51.049771964569547,9.999999999999997,29.99999999999999,0.0,16.108968766532688,57.80423457657611,11.999999999999995,29.99999999999999,0.0,17.10985007126996,54.13923983114151,19.999999999999994,29.99999999999999,0.0,17.78965121220982,0.0,0.0,0.0,15.523962194293742,0.0,0.0,613.6312524134379,612.0430800519915,630.7026547877797,642.1914141941427,697.5381623042969,1024.6158307288322,672.35781402867,705.1336497194591,700.7049971110992,0.0,81.42693297930235,81.42693297930235,59.99999999999998,0.0,59.99999999999998,59.99999999999998,12.0,12.0,12.0,19.0,12.0,12.0,21.0,10.0,0.0,0.0,0.0,0.0,0.0,0.0,0.0,0.0,0.0,0.0,0.0,0.0,0.0,81.42693297930235,81.42693297930235,0.0,0.0,0.0,81.42693297930235,0.0,0.0,0.0010933333333333334 
 02/23  23:30:00,9.745000000000001,74.5,8.719999999999999,0.0,0.0,0.0,0.0,0.0,2.0,0.0,0.0,0.0,0.0,0.0,0.0,328.0,0.0,0.0,0.0,0.0,0.0,0.0,0.0,0.0,0.0,0.0,0.0,19.226302238916234,-301.3145441311053,19.20229435969003,-123.76231972232472,19.295621028846236,-48.94145565459979,18.98799902205701,-141.46033655842644,15.785746665998042,22.296415750659294,18.335616300162209,-23.793094716974737,17.467023494330264,29.86146629392624,16.18166275672045,-38.944462760367347,16.950840768139608,-195.54184792664388,411.5043516664689,593.2801207919738,0.0,0.0,0.0,0.0,0.0,0.0,0.0,0.0,0.0,0.0,0.0,0.0,0.0,0.0,0.0,0.0,0.0,0.0,0.0,0.0,0.0,0.0,0.8557221497028391,0.261209447406239,183.69074645959689,216.279507249828,3294.697852941023,0.16057575684677478,0.024507899396638397,113.95779337500533,134.09720506503846,2107.5078727305065,0.8201266828766992,0.15497480779982987,74.48979488347745,87.47737336393465,1399.690579369963,0.15686054066276468,0.029641069664165653,41.27281325816712,48.49251315244227,750.2135684425695,0.0,0.0,9.18612579654571,10.92462790376317,113.01784426605332,0.0,0.0,11.17288206665949,13.161122255960557,197.108755755062,0.0,0.0,171.58211133375895,202.82498780382469,2711.3759515902804,0.0,0.0,33.340814407511327,39.623830734127178,426.4509846462039,0.0,0.0,103.06335097733259,122.15263885135933,1468.3401675782196,42.907283626290467,29.428863941214325,153.7271387935946,181.54447123445756,3104.506995596774,0.0,0.0,129.77819642996026,154.54625272829584,1508.9588086972497,0.0,18.802540721830185,45.80354264333473,22.0,30.0,0.0,19.028654560087796,45.46893078018257,12.0,30.0,0.0,19.06301193931248,45.9485898702921,22.0,30.0,0.0,18.927618403912477,46.224636585262597,12.0,30.0,0.0,15.843729638821199,58.5092570795219,12.0,30.0,0.0,18.58352591289398,49.535981267619707,12.0,30.0,0.0,17.633808328889005,51.45937959971367,10.0,30.0,0.0,16.091747068579438,57.446471084887779,12.0,30.0,0.0,16.8368507955077,54.64656658601821,20.0,30.0,0.0,17.49930930163682,0.0,0.0,0.0,15.487352484273881,0.0,0.0,586.8201303948029,599.141455359422,621.0572760935454,617.3231121819872,690.8196740089211,1019.9272911762059,666.8872870857878,693.2902097344454,688.0675663264258,0.0,81.42693297930238,81.42693297930238,60.0,0.0,60.0,60.0,12.0,12.0,12.0,19.0,12.0,12.0,21.0,10.0,0.0,0.0,0.0,0.0,0.0,0.0,0.0,0.0,0.0,0.0,0.0,0.0,0.0,81.42693297930238,81.42693297930238,0.0,0.0,0.0,81.42693297930238,0.0,0.0,0.0010566666666666667 
 02/23  23:40:00,9.683333333333334,74.66666666666667,8.67,0.0,0.0,0.0,0.0,0.0,2.0,0.0,0.0,0.0,0.0,0.0,0.0,492.0,0.0,0.0,0.0,0.0,0.0,0.0,0.0,0.0,0.0,0.0,0.0,19.132578534722624,21.12852510384282,19.083918277186045,-244.8175079130695,19.13713701110956,-357.12978189175717,18.88366868118038,-51.765395998500228,15.779604341218896,18.150138835674196,18.275163295492889,-22.233951729705809,17.357561407581266,-21.76290988648483,16.15890973257711,-37.55753682136509,16.81925120497189,-196.98342538228258,463.72472565884785,578.2575023923575,0.0,0.0,0.0,0.0,0.0,0.0,0.0,0.0,0.0,0.0,0.0,0.0,0.0,0.0,0.0,0.0,0.0,0.0,0.0,0.0,0.0,0.0,0.8100412449952352,0.247265337300133,180.99725490523657,213.52383516227924,3290.152984300601,0.14584785487976444,0.022260051111075167,98.20049343070615,115.82087941141205,1800.69967436762,0.7559302115415574,0.1428439553177547,161.41263703001767,190.33043856580736,2945.8267134993259,0.14938010397821198,0.028227532875701436,98.64155991207474,116.25691700299208,1793.0215290927545,0.0,0.0,8.431122095317864,10.036127351522529,104.56281678319644,0.0,0.0,10.915735090113723,12.874056374299692,192.39298675677285,0.0,0.0,171.94851019723672,203.5688099898813,2678.1370807536829,0.0,0.0,29.93955558970088,35.613938109891467,385.6367414683295,0.0,0.0,109.60677907729277,130.10899702928095,1537.240330369921,42.527265000979337,29.168220165280773,208.19764242455654,246.52924183184497,4001.305309061794,0.0,0.0,134.2877895231455,160.0997964076608,1559.3689086908378,0.0,18.79489273254075,46.048829502972868,22.000000000000008,30.00000000000001,0.0,18.87906114593023,45.22392312884471,12.000000000000006,30.00000000000001,0.0,18.82219024077108,45.43649614988409,22.000000000000008,30.00000000000001,0.0,18.80326549305767,46.10181456550417,12.000000000000006,30.00000000000001,0.0,15.83242762428765,58.24207152425704,12.000000000000006,30.00000000000001,0.0,18.512539281849329,49.417895785678769,12.000000000000006,30.00000000000001,0.0,17.455040236502297,51.54675680577701,10.000000000000004,30.00000000000001,0.0,16.075869521112979,57.07513804226862,12.000000000000006,30.00000000000001,0.0,16.660078469586403,54.82143030653015,20.000000000000008,30.00000000000001,0.0,17.632349137357737,0.0,0.0,0.0,15.417878679135829,0.0,0.0,595.9700815340337,573.4856254494309,575.4382215478227,598.9580699834218,683.4213971425322,1012.1529728621108,651.5602452100743,681.5674263000528,675.7228814818903,0.0,81.42693297930242,81.42693297930242,60.00000000000002,0.0,60.00000000000002,60.00000000000002,12.0,12.0,12.0,19.0,12.0,12.0,21.0,10.0,0.0,0.0,0.0,0.0,0.0,0.0,0.0,0.0,0.0,0.0,0.0,0.0,0.0,81.42693297930242,81.42693297930242,0.0,0.0,0.0,81.42693297930242,0.0,0.0,0.00102 
 02/23  23:50:00,9.621666666666668,74.83333333333333,8.620000000000001,0.0,0.0,0.0,0.0,0.0,2.0,0.0,0.0,0.0,0.0,0.0,0.0,328.0,0.0,0.0,0.0,0.0,0.0,0.0,0.0,0.0,0.0,0.0,0.0,18.982636648035219,-297.4151870124899,19.002657043763429,-81.96288838273563,19.10656587236332,-32.341561671151,18.844972334142278,-25.27167036691303,15.771540943977965,17.953294384717084,18.21342018001032,-27.70796890382033,17.285234316924297,6.03951899466756,16.132860362809084,-38.281480520363519,16.701715178546935,-184.35952187735644,230.8788774691139,569.847609712047,0.0,0.0,0.0,0.0,0.0,0.0,0.0,0.0,0.0,0.0,0.0,0.0,0.0,0.0,0.0,0.0,0.0,0.0,0.0,0.0,0.0,0.0,0.8097121238590463,0.2471648729728469,127.57731366045599,150.30529023575779,2258.571835881903,0.1527970112557423,0.02332066716357483,78.59792743471351,92.53416636770807,1442.0136151078553,0.7801306589944305,0.1474169801576778,20.193094171176207,23.739513263727404,386.9791108572159,0.1512616741468803,0.02858308279419506,6.170953371371672,7.265966048552893,115.2935098195429,0.0,0.0,8.748595158686288,10.404613391260386,109.3628883192525,0.0,0.0,11.054144015156965,13.02853617740132,194.56712466070167,0.0,0.0,175.84141186097345,208.05542039181197,2725.3026863556895,0.0,0.0,28.608913934115255,34.002001586457797,370.73133527469568,0.0,0.0,111.83845972637883,132.70404821704498,1548.323254231858,42.191580023769969,28.937983555397794,66.63493206169886,78.85495888113697,1603.301630463245,0.0,0.0,135.54078804623954,161.48153837974378,1571.9206632409369,0.0,18.570010201890999,45.3354019537335,22.0,30.0,0.0,18.82001466452494,45.37271991080152,12.0,30.0,0.0,18.87309810315712,45.36419629927096,22.0,30.0,0.0,18.784386393481556,46.2877843359591,12.0,30.0,0.0,15.819282225111419,57.90120549913877,12.0,30.0,0.0,18.43628688537423,49.28229516247428,12.0,30.0,0.0,17.351995877023616,51.61036977882854,10.0,30.0,0.0,16.052307740148366,56.75611669301179,12.0,30.0,0.0,16.50468055713455,54.9899440921237,20.0,30.0,0.0,16.857219056275726,0.0,0.0,0.0,15.34737526343688,0.0,0.0,547.1422034606884,573.7807681389694,579.8533255429705,605.4357327959178,673.0952493573179,1004.1822504363763,643.5057636582488,670.8974852888905,665.5723488767203,0.0,81.42693297930238,81.42693297930238,60.0,0.0,60.0,60.0,12.0,12.0,12.0,19.0,12.0,12.0,21.0,10.0,0.0,0.0,0.0,0.0,0.0,0.0,0.0,0.0,0.0,0.0,0.0,0.0,0.0,81.42693297930238,81.42693297930238,0.0,0.0,0.0,81.42693297930238,0.0,0.0,0.0009866666666666668 
 02/23  24:00:00,9.56,75.0,8.57,0.0,0.0,0.0,0.0,0.0,2.0,0.0,0.0,0.0,0.0,0.0,0.0,492.0,0.0,0.0,0.0,0.0,0.0,0.0,0.0,0.0,0.0,0.0,0.0,18.920101540496125,21.15131024883644,18.88962352381216,-213.2982592736184,18.956183589843385,-373.6750735505026,18.766787873102016,-113.62952719645571,15.76351236033197,15.277818466291056,18.16147003409204,-25.376324808125845,17.200804437715477,-31.287142923978864,16.107476972789994,-38.13958836211872,16.610254769467738,-186.54997333133376,444.80785187315669,557.5540324830122,0.0,0.0,0.0,0.0,0.0,0.0,0.0,0.0,0.0,0.0,0.0,0.0,0.0,0.0,0.0,0.0,0.0,0.0,0.0,0.0,0.0,0.0,0.8071430328413615,0.24638065715548297,161.4223216558577,190.61634445258745,2912.0613841529304,0.14820328468315589,0.02261954894431563,69.05689960710976,81.6190107006641,1252.6474919657777,0.7062549548437467,0.13345709653132038,184.84526926920905,217.94496812828698,3349.3381095200895,0.1320223636858728,0.024947536599749223,104.29071764270526,122.86867942890072,1888.188037399571,0.0,0.0,8.180646436897959,9.737950619320925,103.05991271894462,0.0,0.0,11.084893081982136,13.078965710270083,195.20222658380454,0.0,0.0,173.1080705032959,205.09256274467544,2661.244225390167,0.0,0.0,26.298566826824805,31.284852843103054,342.815296860217,0.0,0.0,113.97231110437598,135.4082398687091,1567.0060892780612,41.95098753387668,28.77296813023095,201.2716432069605,238.42441330422114,3854.8988366889727,0.0,0.0,136.26477977789524,162.52710312422699,1578.014342668248,0.0,18.596893543169729,46.00209690896987,22.000000000000019,30.00000000000002,0.0,18.666338088008815,44.67508947579874,12.00000000000001,30.00000000000002,0.0,18.638412525698219,45.06143106009858,22.000000000000019,30.00000000000002,0.0,18.67747001925307,45.83304411101929,12.00000000000001,30.00000000000002,0.0,15.807208335284838,57.593894952373677,12.00000000000001,30.00000000000002,0.0,18.378881679572197,49.10477754204529,12.00000000000001,30.00000000000002,0.0,17.22593650191327,51.47245822891831,10.000000000000007,30.00000000000002,0.0,16.029852783727777,56.45880875758492,12.00000000000001,30.00000000000002,0.0,16.393788584283244,54.94699713754659,20.000000000000015,30.00000000000002,0.0,17.48337948532665,0.0,0.0,0.0,15.277007613318496,0.0,0.0,575.195047100191,532.557119780352,544.8297388036835,577.8993634054332,664.4226574865905,993.9792305818141,626.9101798654759,660.7649010941058,653.6340134441643,0.0,81.42693297930245,81.42693297930245,60.00000000000004,0.0,60.00000000000004,60.00000000000004,12.0,12.0,12.0,19.0,12.0,12.0,21.0,10.0,0.0,0.0,0.0,0.0,0.0,0.0,0.0,0.0,0.0,0.0,0.0,0.0,0.0,81.42693297930245,81.42693297930245,0.0,0.0,0.0,81.42693297930245,0.0,0.0,0.0009533333333333334 
 02/24  00:10:00,9.471666666666668,75.66666666666667,8.536666666666667,0.0,0.0,0.0,0.0,0.0,2.0,2.0,0.0,0.0,0.0,0.0,0.0,328.0,0.0,0.0,0.0,0.0,0.0,0.0,0.0,0.0,0.0,0.0,0.0,18.90166700470266,-87.51386773275385,18.835814013095239,-164.10655339665295,18.84325664654941,-239.00536643748615,18.658819952962774,-101.65864155857799,15.753130590837764,13.934477113954444,18.10746739626255,-26.193033563152598,17.24881707640255,87.8424340414465,16.070504542030365,-52.15996457592922,16.64687616997765,-73.60590101334651,374.58099863940449,329.9218428705576,0.0,0.0,0.0,0.0,0.0,0.0,0.0,0.0,0.0,0.0,0.0,0.0,0.0,0.0,0.0,0.0,0.0,0.0,0.0,0.0,0.0,0.0,0.796622006266466,0.24316911058194935,104.7326280942938,123.28414053874973,1925.493290098486,0.14545752722840048,0.022200477293711917,52.28132227110225,61.48895077382619,951.1277031654352,0.7617000811290264,0.1439342556933157,129.0944687789122,152.09751432214856,2332.3161841929907,0.1522200289664889,0.028764177809238256,110.58636960469775,130.29885705897625,1998.798590739415,0.0,0.0,8.201081300495144,9.75467440533108,104.53138027243301,0.0,0.0,10.815726034492532,12.753000411849062,191.07365758739619,0.0,0.0,88.73885384016893,105.00270235176846,1403.5999561125139,0.0,0.0,28.411547729796845,33.77032246079909,372.8640008840596,0.0,0.0,27.201401867045996,32.27570847162746,384.85949185872325,41.72286694817029,28.616506823162078,150.79743416430734,178.35137707641358,3012.6545885020998,0.0,0.0,66.84344214195508,79.76389556242134,733.6783384579426,0.0,18.61856527850407,45.333473628422989,22.0,30.0,0.0,18.649107022654765,44.517370667742927,12.0,30.0,0.0,18.52054360894319,45.29032663623545,22.0,30.0,0.0,18.530247931959847,45.61970155613194,12.0,30.0,0.0,15.7918405020438,57.189442281347428,12.0,30.0,0.0,18.316563776016829,48.8775421281197,12.0,30.0,0.0,17.362920559400675,50.13368341731464,10.0,30.0,0.0,15.984572990589307,56.17121643403901,12.0,30.0,0.0,16.506962456828839,54.27876367527085,20.0,30.0,0.0,17.23175337143189,0.0,0.0,0.0,14.880738837453432,0.0,0.0,553.72242600616,525.3374934153915,541.6062310117593,556.1124894998056,653.3797962827684,984.9722510243494,596.4591294674121,649.5952820766106,705.5256424449257,0.0,81.42693297930238,81.42693297930238,60.0,0.0,60.0,60.0,12.0,12.0,12.0,19.0,12.0,12.0,21.0,10.0,0.0,0.0,0.0,0.0,0.0,0.0,0.0,0.0,0.0,0.0,0.0,0.0,0.0,81.42693297930238,81.42693297930238,0.0,0.0,0.0,81.42693297930238,0.0,0.0,0.00092 
 02/24  00:20:00,9.383333333333333,76.33333333333334,8.503333333333334,0.0,0.0,0.0,0.0,0.0,2.0,2.0,0.0,0.0,0.0,0.0,0.0,492.0,0.0,0.0,0.0,0.0,0.0,0.0,0.0,0.0,0.0,0.0,0.0,18.79796154648531,-157.44147573392147,18.741728306053955,-112.06190452282283,18.77370167864444,-163.56720038909342,18.59874337815677,-105.87651681314148,15.743680616551764,13.429691738617905,18.063099061119183,-22.141345035242574,17.28137432820305,60.777097883602568,16.017684198787003,-67.76668553927184,16.699463924829716,-85.95019633450565,355.15375883937397,359.8995733344446,0.0,0.0,0.0,0.0,0.0,0.0,0.0,0.0,0.0,0.0,0.0,0.0,0.0,0.0,0.0,0.0,0.0,0.0,0.0,0.0,0.0,0.0,0.7967788507521993,0.2432169874090962,138.83465150419904,163.82886419547595,2530.5333178279927,0.1465100509391041,0.022361118885699646,57.39708075716486,67.65083476953888,1047.0013751967495,0.7651697997602845,0.14458990925175445,121.62994228990763,143.4386983477351,2211.2432264508468,0.15109805924146314,0.028552165389543285,75.18670353197769,88.61508926635881,1362.376993618138,0.0,0.0,8.133768679997452,9.683354165908512,104.89703429910299,0.0,0.0,10.384309161056283,12.256883254739773,184.35226654847458,0.0,0.0,88.21985604903246,104.45424610722798,1423.0869619366363,0.0,0.0,31.145905584618114,37.0614252457348,409.6849618382159,0.0,0.0,26.000096675037619,30.86610913439205,378.14835958149538,41.474709761819109,28.446302991645476,135.4102363293673,160.43873320045436,2747.028839529402,0.0,0.0,67.47552482752087,80.61325237683238,741.9096647084241,0.0,18.4803896466836,45.14965040166248,21.999999999999994,29.99999999999999,0.0,18.54613969657104,44.549940211960798,11.999999999999995,29.99999999999999,0.0,18.47496716675858,45.32273068192889,21.999999999999994,29.99999999999999,0.0,18.47215359683119,45.594968145249989,11.999999999999995,29.99999999999999,0.0,15.779393880233347,56.720170712058237,11.999999999999995,29.99999999999999,0.0,18.272152846264495,48.63033253141368,11.999999999999995,29.99999999999999,0.0,17.43530784111607,49.2539184315205,9.999999999999997,29.99999999999999,0.0,15.910859168808232,55.88836236467755,11.999999999999995,29.99999999999999,0.0,16.621204991951058,53.61544718140719,19.999999999999994,29.99999999999999,0.0,17.13959021356643,0.0,0.0,0.0,14.801640638553444,0.0,0.0,533.5053591968468,516.0429653565789,539.9558341542916,554.1377909494838,641.0802430683139,984.3515196661837,582.3690755592464,636.3410788963076,739.8361164165046,0.0,81.42693297930235,81.42693297930235,59.99999999999998,0.0,59.99999999999998,59.99999999999998,12.0,12.0,12.0,19.0,12.0,12.0,21.0,10.0,0.0,0.0,0.0,0.0,0.0,0.0,0.0,0.0,0.0,0.0,0.0,0.0,0.0,81.42693297930235,81.42693297930235,0.0,0.0,0.0,81.42693297930235,0.0,0.0,0.0009333333333333333 
 02/24  00:30:00,9.295,77.0,8.469999999999999,0.0,0.0,0.0,0.0,0.0,2.0,2.0,0.0,0.0,0.0,0.0,0.0,164.0,0.0,0.0,0.0,0.0,0.0,0.0,0.0,0.0,0.0,0.0,0.0,18.69340040671998,-132.42380833772769,18.647334374206659,-171.35786106815795,18.77468012508592,-60.32277823162531,18.45077112981716,-195.0570706984745,15.73258166270292,13.5473297865218,18.01410535233855,-19.245662283366188,17.27588179748628,51.85846534101756,15.955474720047376,-67.1957422353405,16.74905192046875,-87.00506266996638,409.06169864296956,372.68000261389286,0.0,0.0,0.0,0.0,0.0,0.0,0.0,0.0,0.0,0.0,0.0,0.0,0.0,0.0,0.0,0.0,0.0,0.0,0.0,0.0,0.0,0.0,0.7961444716092418,0.24302334298206408,140.27222511450504,165.04980852096183,2547.5140535626749,0.1435729135031333,0.02191283783625356,73.4469900146829,86.40340529480305,1339.3061803931174,0.8027945668418568,0.15169965359823454,184.26261543710687,216.6279287322474,3413.483998938545,0.14987448457643866,0.028320953245736699,98.58215006478324,116.0449908314107,1760.7169476926304,0.0,0.0,8.098180676536387,9.609260510628385,105.68075993866852,0.0,0.0,10.2139478213882,12.016926842945516,182.10539544609657,0.0,0.0,87.8224625348196,103.63529412247032,1433.2640767898768,0.0,0.0,32.7613776419996,38.86986222165218,431.2350641515507,0.0,0.0,24.723259087684445,29.23888944420399,369.3320994321629,41.27074994292478,28.306412855229625,182.0415705740265,215.02642221612107,3555.8114943206794,0.0,0.0,67.20264721837148,80.04672246052158,741.0734595299958,0.0,18.355053157631123,45.1506014688175,22.0,30.0,0.0,18.428028564962689,44.7068377985209,12.0,30.0,0.0,18.554920358392868,45.314284297867299,22.0,30.0,0.0,18.23836629883098,45.364646948756959,12.0,30.0,0.0,15.764355928059212,55.96236125925327,12.0,30.0,0.0,18.21659028512055,48.25076310719476,12.0,30.0,0.0,17.43816487263543,49.0785802356015,10.0,30.0,0.0,15.821928853999055,55.31704349048935,12.0,30.0,0.0,16.728563171682916,52.62910433198108,20.0,30.0,0.0,17.263147854835255,0.0,0.0,0.0,14.725591584515664,0.0,0.0,520.9829261564311,511.6575043758818,552.7747559120252,522.9032025736819,621.5118763213856,987.8765355622054,582.5343492333738,614.181653160047,754.1979803967712,0.0,81.42693297930238,81.42693297930238,60.0,0.0,60.0,60.0,12.0,12.0,12.0,19.0,12.0,12.0,21.0,10.0,0.0,0.0,0.0,0.0,0.0,0.0,0.0,0.0,0.0,0.0,0.0,0.0,0.0,81.42693297930238,81.42693297930238,0.0,0.0,0.0,81.42693297930238,0.0,0.0,0.0009466666666666666 
 02/24  00:40:00,9.206666666666667,77.66666666666667,8.436666666666666,0.0,0.0,0.0,0.0,0.0,2.0,2.0,0.0,0.0,0.0,0.0,0.0,328.0,0.0,0.0,0.0,0.0,0.0,0.0,0.0,0.0,0.0,0.0,0.0,18.627039314237075,-151.9931590400829,18.613941093420438,-54.60721054108436,18.605398208372458,-272.4860744507243,18.42986742697596,-77.97044331708274,15.723967806759429,12.665262881628028,17.977857040957589,-18.31750182592885,17.253853002355045,44.43594350186778,15.911791420904862,-74.42392103012256,16.762528067460825,-87.22624254814102,465.5031593025398,377.55614302618417,0.0,0.0,0.0,0.0,0.0,0.0,0.0,0.0,0.0,0.0,0.0,0.0,0.0,0.0,0.0,0.0,0.0,0.0,0.0,0.0,0.0,0.0,0.7943245915243524,0.24246782403063267,190.9760293219736,225.20326589750312,3468.292141194591,0.147481617872762,0.02250940443723475,39.640368942715188,46.759261808010069,731.3530914469482,0.7768581304032819,0.14679858851158018,275.8351324735109,325.4555804783207,4993.652274497292,0.16005543671207254,0.03024479151777637,157.13282752272478,185.41877051284915,2847.4380555301429,0.0,0.0,8.115687416419574,9.654133949080226,107.14945862606868,0.0,0.0,9.954738472602678,11.743016242603659,178.55285446924166,0.0,0.0,87.2337209586141,103.20005344334828,1433.7902234981185,0.0,0.0,34.22857855016289,40.718405986978059,452.95920559752229,0.0,0.0,23.460660278382976,27.813629168650164,355.99780588208867,41.078690773462088,28.17468502980941,279.16363263437349,330.3552301655712,5241.174695672793,0.0,0.0,66.74159460502423,79.71265678001027,737.4830033455476,0.0,18.304694940076567,45.40561631151254,22.000000000000008,30.00000000000001,0.0,18.43974538641101,44.73225800559125,12.000000000000004,30.00000000000001,0.0,18.26828603855725,45.46998026993835,22.000000000000008,30.00000000000001,0.0,18.281117179515364,45.64774171777719,12.000000000000004,30.00000000000001,0.0,15.75478111827975,55.61613552703687,12.000000000000004,30.00000000000001,0.0,18.185187302687767,48.06294382506408,12.000000000000004,30.00000000000001,0.0,17.410734708243994,48.77627442301043,10.000000000000004,30.00000000000001,0.0,15.770658666776706,54.984159359216778,12.000000000000004,30.00000000000001,0.0,16.762333149055619,52.12189466092747,20.000000000000008,30.00000000000001,0.0,17.403576477779227,0.0,0.0,0.0,14.649311571516684,0.0,0.0,528.4482801481402,514.0185677263912,526.063505138755,539.7880946784763,612.6848716769476,991.0065949920509,572.818222686561,603.1104144384162,755.0074115250275,0.0,81.4269329793024,81.4269329793024,60.00000000000002,0.0,60.00000000000002,60.00000000000002,12.0,12.0,12.0,19.0,12.0,12.0,21.0,10.0,0.0,0.0,0.0,0.0,0.0,0.0,0.0,0.0,0.0,0.0,0.0,0.0,0.0,81.4269329793024,81.4269329793024,0.0,0.0,0.0,81.4269329793024,0.0,0.0,0.00096 
 02/24  00:50:00,9.118333333333333,78.33333333333334,8.403333333333333,0.0,0.0,0.0,0.0,0.0,2.0,2.0,0.0,0.0,0.0,0.0,0.0,164.0,0.0,0.0,0.0,0.0,0.0,0.0,0.0,0.0,0.0,0.0,0.0,18.63849704654749,-26.07173576587047,18.465585163944444,-271.12556295803099,18.469797261423119,-311.7642134581083,18.41682606594047,-3.485835052481889,15.711614292728788,11.544173367587718,17.935750131733479,-13.317764673013528,17.19359830677677,17.695183050789184,15.857023238728317,-73.1361690081601,16.778372992070407,-83.56238183956907,483.80295213720276,377.9954339868318,0.0,0.0,0.0,0.0,0.0,0.0,0.0,0.0,0.0,0.0,0.0,0.0,0.0,0.0,0.0,0.0,0.0,0.0,0.0,0.0,0.0,0.0,0.7845160945578453,0.23947377733755965,261.02844918364766,307.01222675167488,4851.59776030455,0.1262369050601495,0.01926692690173222,162.9748550678508,191.86747680108,2953.1466928611559,0.739856494983424,0.1398065939122117,211.73820054919714,249.3802315213783,3796.2944950952999,0.15609509451039997,0.029496427534089176,121.28470302648161,142.69081347203579,2225.4977582221097,0.0,0.0,7.658318255366655,9.08834511590994,102.25420175380266,0.0,0.0,10.183540305718422,11.984529533751286,183.6386317302272,0.0,0.0,81.2067052070247,95.8740128429831,1333.6471934419406,0.0,0.0,34.563772410781428,41.027695522816227,458.7917151258433,0.0,0.0,21.84132516610321,25.825054404536926,337.0712605485917,40.84421278276428,28.013863362664126,326.672259832471,385.5814241204775,6101.815016146696,0.0,0.0,65.04569255320146,77.51655279503366,719.8045802966267,0.0,18.4185027232186,45.208283758440398,22.0,30.0,0.0,18.198776352549936,44.90869212340489,12.0,30.0,0.0,18.074812194122939,45.29029698316676,22.0,30.0,0.0,18.312113235868737,45.902216796369717,12.0,30.0,0.0,15.73840058031393,55.184702526041309,12.0,30.0,0.0,18.141233634623693,47.729854921743768,12.0,30.0,0.0,17.310660938687485,48.61382253941074,10.0,30.0,0.0,15.69866133511338,54.7557401054914,12.0,30.0,0.0,16.801635840467609,51.492485451043069,20.0,30.0,0.0,17.432314894763328,0.0,0.0,0.0,14.565861496386882,0.0,0.0,533.6093485361257,492.14115117869548,494.0512892279121,556.6793731270677,605.5312568035272,988.936503956919,560.73891030767,593.4231016230476,758.4937050435038,0.0,81.42693297930238,81.42693297930238,60.0,0.0,60.0,60.0,12.0,12.0,12.0,19.0,12.0,12.0,21.0,10.0,0.0,0.0,0.0,0.0,0.0,0.0,0.0,0.0,0.0,0.0,0.0,0.0,0.0,81.42693297930238,81.42693297930238,0.0,0.0,0.0,81.42693297930238,0.0,0.0,0.0009733333333333333 
 02/24  01:00:00,9.03,79.0,8.37,0.0,0.0,0.0,0.0,0.0,2.0,2.0,0.0,0.0,0.0,0.0,0.0,328.0,0.0,0.0,0.0,0.0,0.0,0.0,0.0,0.0,0.0,0.0,0.0,18.457727539673816,-162.25989022948034,18.43634366928061,-99.29979057354194,18.482381639796285,-141.12408830959567,18.334642751535364,-118.6274567144576,15.702347685771617,11.330415476788432,17.8997736641901,-17.275994910078823,17.179091294659054,32.046106432310129,15.814870183939505,-79.95096033060617,16.7822044046114,-79.66766422061778,482.68774028041028,369.2004763799657,0.0,0.0,0.0,0.0,0.0,0.0,0.0,0.0,0.0,0.0,0.0,0.0,0.0,0.0,0.0,0.0,0.0,0.0,0.0,0.0,0.0,0.0,0.8106703130429384,0.24745736051371748,282.55378245012448,333.5260034253323,5122.477962459476,0.14605423815642955,0.022291550390175449,133.54871651437106,157.50305140675207,2451.112673965321,0.7737888987055839,0.14621861275615728,252.1634797242382,297.6039475898318,4622.833265931533,0.1435527944287177,0.02712637838789072,133.27166980884148,157.34022557814155,2431.6360995541838,0.0,0.0,8.064824540440834,9.596304103109077,108.91760250052247,0.0,0.0,10.191866764829417,12.025952369229863,184.84758469163504,0.0,0.0,83.09232496616328,98.34588393103948,1378.5513284918516,0.0,0.0,35.16017295505904,41.844069758210199,469.50256274001699,0.0,0.0,19.968190616837604,23.66873713075333,312.151995233146,40.6386271385599,27.872858119725586,359.41444557823027,425.3607346510429,6688.611818020905,0.0,0.0,63.346545557359309,75.70341722394463,700.0334048220295,0.0,18.099574042787759,45.78613184057379,22.0,30.0,0.0,18.235411259335956,45.16948667808339,12.0,30.0,0.0,18.191651342690578,45.477844578203377,22.0,30.0,0.0,18.18047182066588,45.647918563970218,12.0,30.0,0.0,15.728960853677862,54.88583836868117,12.0,30.0,0.0,18.10797255101008,47.572422919062947,12.0,30.0,0.0,17.307905098666504,48.59541106191263,10.0,30.0,0.0,15.651643148663528,54.70690956419847,12.0,30.0,0.0,16.817126923480524,51.21131390009903,20.0,30.0,0.0,17.3998325339608,0.0,0.0,0.0,14.470526341405624,0.0,0.0,522.5095659115879,509.43326222027579,518.9726356873408,531.5811739312915,597.2828792393066,987.1245174885254,560.1481298846451,591.2070394110619,763.7709869018356,0.0,81.42693297930238,81.42693297930238,60.0,0.0,60.0,60.0,12.0,12.0,12.0,19.0,12.0,12.0,21.0,10.0,0.0,0.0,0.0,0.0,0.0,0.0,0.0,0.0,0.0,0.0,0.0,0.0,0.0,81.42693297930238,81.42693297930238,0.0,0.0,0.0,81.42693297930238,0.0,0.0,0.0009866666666666668 
 02/24  01:10:00,8.975,79.50000000000002,8.356666666666666,0.0,0.0,0.0,0.0,0.0,2.0,2.0,0.0,0.0,0.0,0.0,0.0,164.0,0.0,0.0,0.0,0.0,0.0,0.0,0.0,0.0,0.0,0.0,0.0,18.338013393609765,-185.41920579080125,18.42778876654141,-10.476412815731237,18.49973020566204,-56.922047743611077,18.23960718377404,-159.1211823243052,15.689085056776316,10.93608922000908,17.857589323811774,-16.743165966171604,17.147027729145927,38.70146910227868,15.76180934632205,-79.67221904736994,16.787918980666896,-76.61849077156262,406.9025036744497,368.085960315542,0.0,0.0,0.0,0.0,0.0,0.0,0.0,0.0,0.0,0.0,0.0,0.0,0.0,0.0,0.0,0.0,0.0,0.0,0.0,0.0,0.0,0.0,0.8147796611539322,0.2487117402789781,156.0463024974043,183.83684891570429,2804.4990945038236,0.15177493496408557,0.023164672613566176,41.70918427903542,49.07435502219583,776.360330507408,0.7869500008119048,0.1487055935018717,172.11243135059767,202.48173966587928,3210.0770234125295,0.14390781540765044,0.02719346474067468,109.17104724438012,128.56383860918414,1977.7965126659038,0.0,0.0,8.107674731777062,9.622102547762062,110.1492268201421,0.0,0.0,9.788088938417984,11.521802068632113,177.74791106990569,0.0,0.0,83.36583204812688,98.41714469202729,1386.1284609699154,0.0,0.0,35.476748258063889,42.124492272625058,472.98530659246657,0.0,0.0,18.81666220859543,22.244426170674335,296.99579064253376,40.4586312736435,27.74940416573629,201.66754130283349,238.2653279378087,3944.8333870062358,0.0,0.0,62.23440589251613,74.21061543435666,683.6357655367411,0.0,17.934841175079325,45.82701417862003,22.0,30.0,0.0,18.280274108192928,45.28602563225575,12.0,30.0,0.0,18.29052643427958,45.623367214980067,22.0,30.0,0.0,18.04544815338484,45.539179509563528,12.0,30.0,0.0,15.712104262090835,54.479274940810679,12.0,30.0,0.0,18.06079593890327,47.3098714974751,12.0,30.0,0.0,17.269776805992568,48.82367917173604,10.0,30.0,0.0,15.583067434134066,54.635199898820108,12.0,30.0,0.0,16.83600621314456,50.81296566650181,20.0,30.0,0.0,17.12672316316841,0.0,0.0,0.0,14.379843290158993,0.0,0.0,505.03524608850037,522.0025258499362,544.2465957560033,511.71474980929738,585.2890089001444,986.6697682723645,566.4372950906866,584.9996922332754,771.8455451286729,0.0,81.42693297930238,81.42693297930238,60.0,0.0,60.0,60.0,12.0,12.0,12.0,19.0,12.0,12.0,21.0,10.0,0.0,0.0,0.0,0.0,0.0,0.0,0.0,0.0,0.0,0.0,0.0,0.0,0.0,81.42693297930238,81.42693297930238,0.0,0.0,0.0,81.42693297930238,0.0,0.0,0.001 
 02/24  01:20:00,8.92,80.0,8.343333333333334,0.0,0.0,0.0,0.0,0.0,2.0,2.0,0.0,0.0,0.0,0.0,0.0,328.0,0.0,0.0,0.0,0.0,0.0,0.0,0.0,0.0,0.0,0.0,0.0,18.352482621358079,-102.29124817354523,18.335116322384644,-165.2469031470805,18.35275868603548,-250.22573901393026,18.22263272238896,-73.76234788908141,15.677885016707892,9.424781406555639,17.825587340268809,-14.478462953701126,17.107167054243406,21.81584532232978,15.72017009042461,-86.53707321421325,16.787145735370346,-74.70922036485718,470.1206253651317,368.2136712740328,0.0,0.0,0.0,0.0,0.0,0.0,0.0,0.0,0.0,0.0,0.0,0.0,0.0,0.0,0.0,0.0,0.0,0.0,0.0,0.0,0.0,0.0,0.7966877696655729,0.243189184879601,257.3357407444424,303.81106895373127,4710.642850360432,0.138577507185483,0.02115041318459753,111.72913928165673,131.99818647984928,2051.433018231536,0.7512440050486848,0.1419584287695928,262.9951715079694,310.4895679580138,4792.488783377232,0.14906391705925138,0.028167784780659737,146.22070985620136,172.57392397265006,2673.464560569843,0.0,0.0,7.833465118176803,9.317974965164764,107.04948649545618,0.0,0.0,9.811126963161185,11.577922504183189,178.64091812286416,0.0,0.0,80.09585557900341,94.7909401516483,1331.365747837429,0.0,0.0,35.95693434369798,42.80142500517695,479.8800606099249,0.0,0.0,17.715587912134706,20.992886022991116,281.6414327088358,40.328307413149548,27.66001880188584,345.4568186208285,408.9695599104988,6453.4980719916,0.0,0.0,61.25255662295676,73.23000153202205,669.1477955835965,0.0,18.053511297378728,45.75556629290074,22.0,30.0,0.0,18.136767188542895,45.177426436587449,12.0,30.0,0.0,18.039754772255358,45.66915305384856,22.0,30.0,0.0,18.07942631484142,45.798165073558248,12.0,30.0,0.0,15.69986647178646,54.33002177873779,12.0,30.0,0.0,18.033611994538267,47.19217388448114,12.0,30.0,0.0,17.21446478486347,48.61567196550864,10.0,30.0,0.0,15.537172018389207,54.528469281562937,12.0,30.0,0.0,16.84219297544459,50.58830312245028,20.0,30.0,0.0,17.28756104435093,0.0,0.0,0.0,14.295916098955939,0.0,0.0,517.6873736163163,497.3119809620253,510.83990081509367,528.7186470174025,582.0942465923536,985.570258923867,555.0251275711421,580.1475208068198,776.2242941777195,0.0,81.42693297930238,81.42693297930238,60.0,0.0,60.0,60.0,12.0,12.0,12.0,19.0,12.0,12.0,21.0,10.0,0.0,0.0,0.0,0.0,0.0,0.0,0.0,0.0,0.0,0.0,0.0,0.0,0.0,81.42693297930238,81.42693297930238,0.0,0.0,0.0,81.42693297930238,0.0,0.0,0.0009866666666666668 
 02/24  01:30:00,8.864999999999999,80.5,8.329999999999999,0.0,0.0,0.0,0.0,0.0,2.0,2.0,0.0,0.0,0.0,0.0,0.0,164.0,0.0,0.0,0.0,0.0,0.0,0.0,0.0,0.0,0.0,0.0,0.0,18.368669866402248,-29.217839038445164,18.22892111612191,-215.76173002393899,18.248284523056968,-273.10106864211959,18.2132367093903,-7.180055039879335,15.662762348523064,8.360311018468252,17.786389025529219,-12.11716586462768,17.058808266880996,12.080443733564607,15.667188147046808,-85.8635200172298,16.786454099495957,-72.2430732263312,443.6661013033645,371.5736594555169,0.0,0.0,0.0,0.0,0.0,0.0,0.0,0.0,0.0,0.0,0.0,0.0,0.0,0.0,0.0,0.0,0.0,0.0,0.0,0.0,0.0,0.0,0.7815220394965495,0.23855984111616289,236.15866040665817,277.9193511955389,4387.535916999716,0.13351252976506979,0.02037737023276401,137.98924536754707,162.51207338528818,2513.5787139923779,0.7300106680700628,0.13794608240175039,188.00847914560277,221.48869351892345,3401.6883836595586,0.14917121839332959,0.028188060920886158,96.59837139015343,113.69127441603088,1783.2192760737385,0.0,0.0,7.523641739633931,8.928612117525518,103.38690487533393,0.0,0.0,9.776257546985175,11.50912723124118,178.31834135030943,0.0,0.0,77.65724780143032,91.70966174964392,1288.8804979978814,0.0,0.0,36.2242803522676,43.02283800234174,482.7688665770809,0.0,0.0,16.924302092339916,20.00359964617116,271.2200166467583,40.36596102247715,27.68584432268667,278.47588181617149,328.87650352165226,5287.977094983383,0.0,0.0,60.54825406551135,72.2258247611619,658.7934191131323,0.0,18.154015941810259,45.58866063016034,22.0,30.0,0.0,17.98884112106493,45.19517881465967,12.0,30.0,0.0,17.898326972689785,45.467838758247427,22.0,30.0,0.0,18.10946574519339,45.97809639667813,12.0,30.0,0.0,15.680531713370082,54.12870753154366,12.0,30.0,0.0,17.99114752747762,47.024511643555268,12.0,30.0,0.0,17.143243740546944,48.490118994757448,10.0,30.0,0.0,15.46957476622432,54.52913194811848,12.0,30.0,0.0,16.849092478153186,50.2999219105022,20.0,30.0,0.0,17.165928522546407,0.0,0.0,0.0,14.216353842883168,0.0,0.0,523.8519296629211,476.13549996580067,477.82480600635298,545.8868896513747,575.9199093695752,983.6268855129032,543.7080980984358,575.7923648952237,783.961411881552,0.0,81.42693297930238,81.42693297930238,60.0,0.0,60.0,60.0,12.0,12.0,12.0,19.0,12.0,12.0,21.0,10.0,0.0,0.0,0.0,0.0,0.0,0.0,0.0,0.0,0.0,0.0,0.0,0.0,0.0,81.42693297930238,81.42693297930238,0.0,0.0,0.0,81.42693297930238,0.0,0.0,0.0009733333333333333 
 02/24  01:40:00,8.809999999999999,81.0,8.316666666666667,0.0,0.0,0.0,0.0,0.0,2.0,2.0,0.0,0.0,0.0,0.0,0.0,328.0,0.0,0.0,0.0,0.0,0.0,0.0,0.0,0.0,0.0,0.0,0.0,18.213498392714535,-149.238736284663,18.202215408679608,-102.80007855275199,18.249971115569005,-149.55668087800087,18.133727384350288,-119.22625832171616,15.651568371225198,8.477025302771765,17.753776527028408,-15.038223831302418,17.04094371951978,20.723541157097089,15.625641362623862,-92.22799517805413,16.784095710616876,-67.32218312812157,460.57422810863138,366.72284862768256,0.0,0.0,0.0,0.0,0.0,0.0,0.0,0.0,0.0,0.0,0.0,0.0,0.0,0.0,0.0,0.0,0.0,0.0,0.0,0.0,0.0,0.0,0.8029511517875634,0.24510108418423794,260.55068368889058,307.60278828849337,4730.190199200104,0.1448121731874139,0.022101980034709084,123.25703828545893,145.4005488036844,2261.873262472567,0.7543661430832882,0.1425484019431762,233.4479151194608,275.5789419442209,4284.163052359177,0.14011944277586697,0.02647759689642232,124.75138060973495,147.32585275717867,2281.1888294329999,0.0,0.0,7.898982627470737,9.397883735716544,109.20021676565291,0.0,0.0,9.695599388505118,11.442200388335845,177.2573814775478,0.0,0.0,78.96602098583074,93.48050893607359,1317.672646476452,0.0,0.0,36.7441335692436,43.74856923389413,490.27538588537086,0.0,0.0,15.48338160250989,18.344438324147956,249.82805301960185,40.443791805801719,27.739226204253588,330.5240173072848,391.26401539607226,6200.129420238074,0.0,0.0,59.396984537906849,71.04113494593497,642.5954250244928,0.0,17.880905610375949,46.05333403756606,22.0,30.0,0.0,18.012684473790814,45.45719489807563,12.0,30.0,0.0,17.979703083060664,45.720628485021077,22.0,30.0,0.0,17.978673155220585,45.8457298318898,12.0,30.0,0.0,15.669777721311395,53.972257621283187,12.0,30.0,0.0,17.960875663046779,46.94468443792047,12.0,30.0,0.0,17.135338959736328,48.569856043927149,10.0,30.0,0.0,15.424495708269504,54.59591977422278,12.0,30.0,0.0,16.85306049910698,50.161932941652199,20.0,30.0,0.0,17.17743152751899,0.0,0.0,0.0,14.131732372883079,0.0,0.0,510.3156063515843,494.1257723702174,506.47525523210717,520.2880226519005,570.4353940031247,983.2176045795745,544.5531619629678,574.3504487342085,791.2992448824238,0.0,81.42693297930238,81.42693297930238,60.0,0.0,60.0,60.0,12.0,12.0,12.0,19.0,12.0,12.0,21.0,10.0,0.0,0.0,0.0,0.0,0.0,0.0,0.0,0.0,0.0,0.0,0.0,0.0,0.0,81.42693297930238,81.42693297930238,0.0,0.0,0.0,81.42693297930238,0.0,0.0,0.00096 
 02/24  01:50:00,8.754999999999999,81.5,8.303333333333333,0.0,0.0,0.0,0.0,0.0,2.0,2.0,0.0,0.0,0.0,0.0,0.0,164.0,0.0,0.0,0.0,0.0,0.0,0.0,0.0,0.0,0.0,0.0,0.0,18.10954585947131,-172.11845839991384,18.194118040306998,-9.265171597116478,18.265603053145435,-52.42356930150618,18.040105360011397,-161.7989172089665,15.636653715010027,8.720206787919949,17.713668039799207,-15.615931703279898,17.010386377226256,29.01755073051345,15.573159703320405,-91.75479508229432,16.783556486621149,-62.90771563825109,389.7591141437397,365.66011866429656,0.0,0.0,0.0,0.0,0.0,0.0,0.0,0.0,0.0,0.0,0.0,0.0,0.0,0.0,0.0,0.0,0.0,0.0,0.0,0.0,0.0,0.0,0.8073217933965987,0.24643522386953566,144.47336674263927,170.24761761535047,2604.467515332474,0.1506033698239998,0.022985862305250277,38.595153723381859,45.428337924631268,718.3479060545644,0.7765475848038469,0.14673990642551913,167.5343656936033,197.17110532198286,3125.9555521112267,0.14104880368698009,0.026653213092777785,111.62900205457972,131.49558349249123,2026.524713738749,0.0,0.0,8.095611826254036,9.606908092003371,112.55613207208599,0.0,0.0,9.703885386994007,11.42526228626375,177.67105463514293,0.0,0.0,79.70062190877502,94.11148200507296,1333.6737324963268,0.0,0.0,37.06147086201314,44.02590273253923,493.9100971971077,0.0,0.0,14.434311681298953,17.056945015282989,234.75854236335233,40.48674296110296,27.76868515850684,192.99754979546274,228.0940481782611,3806.1140893222639,0.0,0.0,58.51468048929053,69.83068533560922,630.1739048396997,0.0,17.73715908046932,46.1540443501351,22.0,30.0,0.0,18.054407435253429,45.5232322960299,12.0,30.0,0.0,18.071137894310163,45.80041182528453,22.0,30.0,0.0,17.842728086072133,45.865091660201958,12.0,30.0,0.0,15.652010810379709,53.75940530501977,12.0,30.0,0.0,17.915789641996065,46.80808199986598,12.0,30.0,0.0,17.10222204095328,48.75603658438873,10.0,30.0,0.0,15.358383250975387,54.65333812681432,12.0,30.0,0.0,16.860480107946875,49.95243816382322,20.0,30.0,0.0,16.908862999522066,0.0,0.0,0.0,14.04963460204354,0.0,0.0,494.03073292258099,506.82469630629847,532.3653800843949,500.1945597094068,562.2677021927818,978.8983677315372,548.2603898454021,569.6806935689388,804.4433047421635,0.0,81.42693297930238,81.42693297930238,60.0,0.0,60.0,60.0,12.0,12.0,12.0,19.0,12.0,12.0,21.0,10.0,0.0,0.0,0.0,0.0,0.0,0.0,0.0,0.0,0.0,0.0,0.0,0.0,0.0,81.42693297930238,81.42693297930238,0.0,0.0,0.0,81.42693297930238,0.0,0.0,0.0009633333333333333 
 02/24  02:00:00,8.7,82.0,8.29,0.0,0.0,0.0,0.0,0.0,2.0,2.0,0.0,0.0,0.0,0.0,0.0,328.0,0.0,0.0,0.0,0.0,0.0,0.0,0.0,0.0,0.0,0.0,0.0,18.122331856414218,-96.47736406923969,18.10835398150973,-156.058534672399,18.12594299518191,-241.573646914675,18.024925713237584,-74.12031636580923,15.623858467790918,7.1927995645649649,17.68307052105391,-13.514455557684528,16.971948562951377,13.770197052992672,15.531608934761629,-98.06497517465948,16.781083273639657,-58.87442026824817,453.85360600824427,365.3878060254211,0.0,0.0,0.0,0.0,0.0,0.0,0.0,0.0,0.0,0.0,0.0,0.0,0.0,0.0,0.0,0.0,0.0,0.0,0.0,0.0,0.0,0.0,0.7909145841460434,0.241426918237498,241.23345736492684,284.897923298048,4422.310396447618,0.13882669155321898,0.021188444986755037,102.8448074436692,121.54895636704683,1889.766512185282,0.7464576949826098,0.1410539862023073,249.69636562648283,294.8739110601946,4557.4237057551549,0.14748400955775443,0.02786923838959833,138.99500719615788,164.08821540005375,2546.899062318961,0.0,0.0,7.795728759898626,9.271775601169255,108.99326608506385,0.0,0.0,9.676857939886914,11.42108656553653,177.66497364456922,0.0,0.0,76.81908416234046,90.92939472431562,1285.7644674358499,0.0,0.0,37.51099297770644,44.6692685692192,500.5213405600516,0.0,0.0,13.358337525505702,15.82324647287043,218.71014226714176,40.584975739307228,27.83606017785133,322.39529343487257,381.80428090729097,6068.533731868624,0.0,0.0,57.64118404035221,68.96405933424698,618.140364193201,0.0,17.843063417482555,46.043354843749209,22.0,30.0,0.0,17.920606473137668,45.531259553485359,12.0,30.0,0.0,17.830471023402919,45.96909809355094,22.0,30.0,0.0,17.87776018020797,46.03795090413371,12.0,30.0,0.0,15.638758870858393,53.69191915680027,12.0,30.0,0.0,17.889712524736497,46.759688470204768,12.0,30.0,0.0,17.051569558150506,48.62912054395761,10.0,30.0,0.0,15.313869711394514,54.620789511386877,12.0,30.0,0.0,16.86394096593118,49.82466296109173,20.0,30.0,0.0,17.05853777740539,0.0,0.0,0.0,13.973177877429866,0.0,0.0,505.28845691544526,483.30578918308819,498.065631521565,517.1177657745736,558.9070132257732,976.4354794889332,536.4430310861068,564.7153821797805,812.6417342183294,0.0,81.42693297930238,81.42693297930238,60.0,0.0,60.0,60.0,12.0,12.0,12.0,19.0,12.0,12.0,21.0,10.0,0.0,0.0,0.0,0.0,0.0,0.0,0.0,0.0,0.0,0.0,0.0,0.0,0.0,81.42693297930238,81.42693297930238,0.0,0.0,0.0,81.42693297930238,0.0,0.0,0.0009666666666666668 
 02/24  02:10:00,8.66,82.16666666666667,8.246666666666667,0.0,0.0,0.0,0.0,0.0,2.0,2.0,0.0,0.0,0.0,0.0,0.0,164.0,0.0,0.0,0.0,0.0,0.0,0.0,0.0,0.0,0.0,0.0,0.0,18.13841284998193,-26.30434740167493,18.006406126952219,-210.27965709747788,18.02956034621186,-261.1785688497548,18.019816729142084,-6.88351281947871,15.60725674198147,6.505200996764927,17.645617841951024,-11.811956337882237,16.92428252203005,4.67653636426212,15.479180376636457,-97.17536996660988,16.780835526774497,-54.23064282223697,420.26007044697328,365.83951395135298,0.0,0.0,0.0,0.0,0.0,0.0,0.0,0.0,0.0,0.0,0.0,0.0,0.0,0.0,0.0,0.0,0.0,0.0,0.0,0.0,0.0,0.0,0.7752663484654887,0.23665028951937998,222.77375411292705,262.25976895967707,4135.285858756377,0.13400272614095358,0.020452186529449569,130.640643960024,153.90035541286273,2378.3334907425316,0.7276084310668772,0.13749214494838955,169.55576548511955,199.79519322273675,3072.0862868501496,0.14665619072703277,0.027712810039121829,83.08814336696983,97.81911780137865,1535.8694718693549,0.0,0.0,7.560404883353919,8.971100832843135,106.03627823458214,0.0,0.0,9.645434074400632,11.357055230885694,177.1322365830341,0.0,0.0,74.27642816994545,87.73026228734453,1239.5290584519713,0.0,0.0,37.725291866854899,44.82345750754906,501.67078084212718,0.0,0.0,12.378426805198814,14.62420752849466,203.88855514687749,40.36891768885446,27.687872214577827,252.65633042394757,298.4956818636508,4842.6347074717,0.0,0.0,56.6444619345087,67.61936597522696,603.5975172013524,0.0,17.93697642655711,45.82070151962206,22.0,30.0,0.0,17.77564285753654,45.7001866169211,12.0,30.0,0.0,17.700352957446403,45.931517503833308,22.0,30.0,0.0,17.913033977978015,46.09592841910897,12.0,30.0,0.0,15.618566322713474,53.598189056247729,12.0,30.0,0.0,17.848588882406767,46.69196472569725,12.0,30.0,0.0,16.98317704430365,48.60365350802103,10.0,30.0,0.0,15.248193267250269,54.69577907146296,12.0,30.0,0.0,16.871445069451707,49.642196674196707,20.0,30.0,0.0,16.928794353126319,0.0,0.0,0.0,13.896887022725455,0.0,0.0,509.06703685785439,464.72806231357057,466.7658938285291,532.4684648485862,553.4847851737052,971.7012776710295,524.7672019805111,559.8389306273891,828.6275709480791,0.0,81.42693297930238,81.42693297930238,60.0,0.0,60.0,60.0,12.0,12.0,12.0,19.0,12.0,12.0,21.0,10.0,0.0,0.0,0.0,0.0,0.0,0.0,0.0,0.0,0.0,0.0,0.0,0.0,0.0,81.42693297930238,81.42693297930238,0.0,0.0,0.0,81.42693297930238,0.0,0.0,0.00097 
 02/24  02:20:00,8.620000000000001,82.33333333333334,8.203333333333334,0.0,0.0,0.0,0.0,0.0,2.0,2.0,0.0,0.0,0.0,0.0,0.0,328.0,0.0,0.0,0.0,0.0,0.0,0.0,0.0,0.0,0.0,0.0,0.0,17.98928113424023,-144.74916080104323,17.982146523883075,-98.88035007878057,18.031630988660674,-143.54618958955462,17.942583790051829,-120.28305440132863,15.59447031285619,6.450410005727804,17.6148485211047,-14.265116791910373,16.903262337814867,10.96371535928688,15.437380492481163,-103.84602437558272,16.78474732952671,-37.13043237846446,439.24056779338209,350.24272666505058,0.0,0.0,0.0,0.0,0.0,0.0,0.0,0.0,0.0,0.0,0.0,0.0,0.0,0.0,0.0,0.0,0.0,0.0,0.0,0.0,0.0,0.0,0.7947133893778134,0.24258650469408228,247.6264678171844,292.4096781088535,4488.884334109329,0.1440059555254588,0.021978930941004096,117.6636819613515,138.84091752975105,2154.4654555542349,0.7433996565843095,0.14047612558282497,218.59754063052479,258.11885454870477,4007.5300847037226,0.13757528028805184,0.025996840568414924,115.62300837286694,136.59369687204706,2113.2246830235064,0.0,0.0,7.862253967401987,9.352375994507021,110.66495261228863,0.0,0.0,9.569577028372433,11.294781922613467,175.8885195246387,0.0,0.0,73.58096740856047,87.11839895877,1231.5795967704899,0.0,0.0,38.213930595082178,45.515005965493688,507.6318348470121,0.0,0.0,9.476354337976013,11.222046829798485,157.05349438271083,40.19702612323836,27.56997676490972,310.07031146720456,367.1544843205529,5838.060561289945,0.0,0.0,53.72643727091475,64.30534259590361,566.6473273569691,0.0,17.672524298553598,46.38721319164169,22.0,30.0,0.0,17.799422643973715,45.850839360840698,12.0,30.0,0.0,17.77690124679903,46.047277700193337,22.0,30.0,0.0,17.783688641009499,46.11292939309613,12.0,30.0,0.0,15.606585411393361,53.51411754390866,12.0,30.0,0.0,17.820003642531796,46.661598219512317,12.0,30.0,0.0,16.970349619073006,48.66643444462122,10.0,30.0,0.0,15.203326952791317,54.79058309292869,12.0,30.0,0.0,16.887232803317589,49.51952024007875,20.0,30.0,0.0,16.96207872542726,0.0,0.0,0.0,13.803787289272656,0.0,0.0,497.61539241580337,481.5159315727201,494.6733491872311,507.1390175067032,548.3344487158552,969.2730838103715,518.6232633240934,557.1813637374585,849.2657563846988,0.0,81.42693297930238,81.42693297930238,60.0,0.0,60.0,60.0,12.0,12.0,12.0,19.0,12.0,12.0,21.0,10.0,0.0,0.0,0.0,0.0,0.0,0.0,0.0,0.0,0.0,0.0,0.0,0.0,0.0,81.42693297930238,81.42693297930238,0.0,0.0,0.0,81.42693297930238,0.0,0.0,0.00096 
 02/24  02:30:00,8.58,82.5,8.16,0.0,0.0,0.0,0.0,0.0,2.0,2.0,0.0,0.0,0.0,0.0,0.0,164.0,0.0,0.0,0.0,0.0,0.0,0.0,0.0,0.0,0.0,0.0,0.0,17.907455641645457,-154.1843328697114,17.976615620628345,-7.88369912715666,18.04821042752503,-48.380123749262569,17.853971146188198,-160.25466812448668,15.57763049273342,6.5977380382002199,17.576848013997315,-14.863717050651133,16.868619418601825,18.129667144954057,15.38402656037088,-103.60469781886855,16.797924989864936,-24.34370322972228,354.2980126327466,341.2275500134924,0.0,0.0,0.0,0.0,0.0,0.0,0.0,0.0,0.0,0.0,0.0,0.0,0.0,0.0,0.0,0.0,0.0,0.0,0.0,0.0,0.0,0.0,0.7947596657669258,0.2426006305759847,123.91264276404644,146.03622444158735,2237.5275750530829,0.14858045105118626,0.022677114018801325,31.704398311266766,37.32886743334197,588.3151350222938,0.7611280539318724,0.14382616287450354,151.5088490305616,178.36279134745215,2819.5155297121739,0.1386297792018271,0.026196103401705793,107.2546837459556,126.36634472798797,1944.7809739819596,0.0,0.0,8.025968796834157,9.522711275882479,113.32879160445185,0.0,0.0,9.54922452804171,11.244400166212133,175.5252578762551,0.0,0.0,74.46842401293563,87.94951639967992,1246.7837055377718,0.0,0.0,38.541804312347718,45.80142847773318,510.1201583827201,0.0,0.0,9.460035772446032,11.172156137799228,158.16105781139019,39.98494833455179,27.424518747977918,168.24378574200444,198.91199359161014,3366.698434232712,0.0,0.0,51.63127544079894,61.662458410541407,539.6328314973118,0.0,17.56894607825896,46.48106441091786,22.0,30.0,0.0,17.841963752022385,45.82087126842873,12.0,30.0,0.0,17.866165441703779,46.00456587127239,22.0,30.0,0.0,17.6552008531601,46.23982205187222,12.0,30.0,0.0,15.586901527411616,53.40300080081932,12.0,30.0,0.0,17.777089438813268,46.60852360449712,12.0,30.0,0.0,16.930926690639905,48.84017241239981,10.0,30.0,0.0,15.13624250013318,54.899337484237,12.0,30.0,0.0,16.918678896180706,49.293961206702139,20.0,30.0,0.0,16.664492827663005,0.0,0.0,0.0,13.713884106096753,0.0,0.0,482.7266721566225,490.72739836323526,517.6288514405633,489.04076274048978,539.3308766932283,961.7444043663635,521.7570299692793,549.9359863456753,874.819641107826,0.0,81.42693297930238,81.42693297930238,60.0,0.0,60.0,60.0,12.0,12.0,12.0,19.0,12.0,12.0,21.0,10.0,0.0,0.0,0.0,0.0,0.0,0.0,0.0,0.0,0.0,0.0,0.0,0.0,0.0,81.42693297930238,81.42693297930238,0.0,0.0,0.0,81.42693297930238,0.0,0.0,0.0009499999999999999 
 02/24  02:40:00,8.540000000000001,82.66666666666666,8.116666666666666,0.0,0.0,0.0,0.0,0.0,2.0,2.0,0.0,0.0,0.0,0.0,0.0,328.0,0.0,0.0,0.0,0.0,0.0,0.0,0.0,0.0,0.0,0.0,0.0,17.91162620058995,-94.30083424549366,17.897671699622664,-147.6199787876726,17.912948235984869,-236.1904304629029,17.840281251512715,-74.64732507165718,15.563502183021172,5.368256131116112,17.547646353551543,-13.432013698637889,16.83128239922066,5.662814426929117,15.34115243124399,-110.67025772778982,16.80133810247621,-26.84721294345215,428.7607137185132,347.2701674559728,0.0,0.0,0.0,0.0,0.0,0.0,0.0,0.0,0.0,0.0,0.0,0.0,0.0,0.0,0.0,0.0,0.0,0.0,0.0,0.0,0.0,0.0,0.7772758384861631,0.23726368696158829,223.12693873991169,263.5640618942656,4075.7325606583228,0.1380914016836049,0.021076221258181456,92.74590488721863,109.6392770522696,1696.9583768676606,0.7377018212342184,0.13939943711908896,236.4767920300638,279.30584374603299,4299.784171246418,0.14494865898799215,0.027390147201056704,132.2868406401582,156.19102550296049,2416.7597533835889,0.0,0.0,7.821952849527513,9.301370930861545,110.80810844553663,0.0,0.0,9.487019943839903,11.197747143328162,174.59065916342156,0.0,0.0,72.43660804806493,85.75178446264772,1211.4506729258988,0.0,0.0,39.05819064678097,46.52750675720746,516.2822830195066,0.0,0.0,10.892281065577219,12.890557510525687,183.1100106218732,39.84481309447413,27.328404042849205,298.9018103237845,354.0394366426217,5638.285577776791,0.0,0.0,52.064732746340187,62.33378822868272,541.3403248162995,0.0,17.64938931316511,46.34347663355007,22.0,30.0,0.0,17.718139713247877,45.93974248023592,12.0,30.0,0.0,17.63138357919595,46.319885957178659,22.0,30.0,0.0,17.689958482108893,46.2945478277636,12.0,30.0,0.0,15.572910138441058,53.37486153942002,12.0,30.0,0.0,17.75177866200084,46.59777646360875,12.0,30.0,0.0,16.884378616950447,48.79102049489092,10.0,30.0,0.0,15.089909428420594,54.940407617739,12.0,30.0,0.0,16.928738616823379,49.17647576971743,20.0,30.0,0.0,16.861517301344806,0.0,0.0,0.0,13.648354284292097,0.0,0.0,491.7349900928548,471.790447834611,485.83793275471978,503.3821380418118,535.6292236790246,956.7066967837152,509.9617799256865,546.989342846806,876.2147090084076,0.0,81.42693297930238,81.42693297930238,60.0,0.0,60.0,60.0,12.0,12.0,12.0,19.0,12.0,12.0,21.0,10.0,0.0,0.0,0.0,0.0,0.0,0.0,0.0,0.0,0.0,0.0,0.0,0.0,0.0,81.42693297930238,81.42693297930238,0.0,0.0,0.0,81.42693297930238,0.0,0.0,0.00094 
 02/24  02:50:00,8.5,82.83333333333334,8.073333333333333,0.0,0.0,0.0,0.0,0.0,2.0,2.0,0.0,0.0,0.0,0.0,0.0,164.0,0.0,0.0,0.0,0.0,0.0,0.0,0.0,0.0,0.0,0.0,0.0,17.92448227236803,-24.36903119388171,17.80195562312946,-200.51226704897909,17.83177645762926,-240.44653307259797,17.838327464493934,-5.839456357051404,15.545290578484412,4.85571525358543,17.51147015480972,-12.018133465625738,16.782039695131304,-3.6640448777134226,15.288003158547863,-108.76529676953123,16.802597398702156,-28.440226977035935,389.69056923747487,352.89307417120838,0.0,0.0,0.0,0.0,0.0,0.0,0.0,0.0,0.0,0.0,0.0,0.0,0.0,0.0,0.0,0.0,0.0,0.0,0.0,0.0,0.0,0.0,0.7637175590327462,0.23312501801976383,209.7462165622958,246.9866697413109,3876.795935140644,0.1331031671410224,0.020314891199789747,124.35504283732513,146.5229844383693,2256.017451552268,0.7208682573841848,0.13621849156919597,149.78961377920923,176.5234661467285,2712.1077403922588,0.1436145989833875,0.027138057253096646,68.76604392084353,80.97439784282693,1268.4698547389117,0.0,0.0,7.603613661435835,9.020742253777162,108.02976727184015,0.0,0.0,9.459335968616298,11.138748635749519,174.1490223633557,0.0,0.0,70.0262718182984,82.72134067482536,1167.5052310516617,0.0,0.0,39.26777707091721,46.672357564567509,517.2544674214208,0.0,0.0,11.518006331362772,13.598968125105142,194.7454960826989,39.629681230580768,27.180851324129479,227.34231606013703,268.6626873294304,4384.2393450624199,0.0,0.0,52.19036816619417,62.34284448392536,540.5853221104482,0.0,17.734000389508457,46.112727002045257,22.0,30.0,0.0,17.58196326173679,46.1526561142532,12.0,30.0,0.0,17.52869114602203,46.32162017736603,22.0,30.0,0.0,17.729561291214414,46.26304184063006,12.0,30.0,0.0,15.551336171416099,53.33850070871385,12.0,30.0,0.0,17.712010494281075,46.58378348548685,12.0,30.0,0.0,16.81470685984443,48.8448668450266,10.0,30.0,0.0,15.024040649180514,55.0806165581287,12.0,30.0,0.0,16.93586802011993,49.01586524007979,20.0,30.0,0.0,16.714737826316779,0.0,0.0,0.0,13.586545135249274,0.0,0.0,493.9729318011822,456.5927907037756,458.97127930471438,514.2505803039917,531.101302449908,947.2346506272493,500.90106076088866,549.4423414876375,868.4291795521347,0.0,81.42693297930238,81.42693297930238,60.0,0.0,60.0,60.0,12.0,12.0,12.0,19.0,12.0,12.0,21.0,10.0,0.0,0.0,0.0,0.0,0.0,0.0,0.0,0.0,0.0,0.0,0.0,0.0,0.0,81.42693297930238,81.42693297930238,0.0,0.0,0.0,81.42693297930238,0.0,0.0,0.00092 
 02/24  03:00:00,8.46,83.0,8.03,0.0,0.0,0.0,0.0,0.0,2.0,2.0,0.0,0.0,0.0,0.0,0.0,328.0,0.0,0.0,0.0,0.0,0.0,0.0,0.0,0.0,0.0,0.0,0.0,17.784023411215484,-137.9623465048153,17.778975481338926,-95.11378839680856,17.829906999543753,-141.72810867801855,17.76467772953587,-117.7908537335843,15.531052589062077,4.770499041435272,17.481679473706948,-14.309391266100676,16.7576484289909,0.8097653744275704,15.24680085035137,-113.6469134199466,16.798856030074309,-30.683527426028037,416.51717062974606,355.4551611916496,0.0,0.0,0.0,0.0,0.0,0.0,0.0,0.0,0.0,0.0,0.0,0.0,0.0,0.0,0.0,0.0,0.0,0.0,0.0,0.0,0.0,0.0,0.783946045563094,0.23929976970790418,234.0737105120728,276.43726432394217,4232.598037219561,0.1429804733129788,0.021822416561809955,112.73883154338769,133.05755210945183,2056.9253933843717,0.7298571418265799,0.13791707139580124,203.34097060429134,240.13730961331704,3718.313584859691,0.13528475809830388,0.02556401324608916,106.92711523162586,126.34872884103423,1950.5333517499062,0.0,0.0,7.858174208754523,9.345460396151929,112.02338507302335,0.0,0.0,9.397284440001638,11.091876365595839,173.17238676821609,0.0,0.0,71.03988270944027,84.12352687265153,1187.2441942550364,0.0,0.0,39.64227437079959,47.23139603685014,521.8125167982208,0.0,0.0,13.110060345094848,15.513948173854775,222.56540215816234,39.46964038545613,27.071083940642077,289.59145363359917,342.9577414594838,5464.551651720423,0.0,0.0,52.49078856361696,62.85799763173567,541.2698139785521,0.0,17.485286461210884,46.696632251693078,22.0,30.0,0.0,17.604241944729126,46.22788170849627,12.0,30.0,0.0,17.59174664039976,46.356051926600219,22.0,30.0,0.0,17.605488397900439,46.36940168350486,12.0,30.0,0.0,15.538212772445576,53.29877177403949,12.0,30.0,0.0,17.684445471409548,46.58231921272926,12.0,30.0,0.0,16.796666795432743,48.915417976396458,10.0,30.0,0.0,14.981474742700823,55.18779943023851,12.0,30.0,0.0,16.93431569801486,48.92358928825064,20.0,30.0,0.0,16.770995551910514,0.0,0.0,0.0,13.5250432258632,0.0,0.0,484.45813735004506,470.74082456094188,482.7722112056269,490.147735698013,528.1838960714329,941.3893056634895,505.3970488293979,557.0811600248728,854.686181060657,0.0,81.42693297930238,81.42693297930238,60.0,0.0,60.0,60.0,12.0,12.0,12.0,19.0,12.0,12.0,21.0,10.0,0.0,0.0,0.0,0.0,0.0,0.0,0.0,0.0,0.0,0.0,0.0,0.0,0.0,81.42693297930238,81.42693297930238,0.0,0.0,0.0,81.42693297930238,0.0,0.0,0.0009 
 02/24  03:10:00,8.391666666666668,83.0,8.02,0.0,0.0,0.0,0.0,0.0,2.0,2.0,0.0,0.0,0.0,0.0,0.0,164.0,0.0,0.0,0.0,0.0,0.0,0.0,0.0,0.0,0.0,0.0,0.0,17.716052738639669,-138.77857802873587,17.773603548082403,-6.913841259044375,17.84475718614445,-44.58455852260886,17.677644760414574,-159.9522655414521,15.512646982857572,5.029808699420215,17.44393392438198,-15.123983052522363,16.72129847736352,8.842331894984455,15.196165851940123,-111.99417890336463,16.791482301445073,-32.61593442821737,331.9878773926994,358.91883165064157,0.0,0.0,0.0,0.0,0.0,0.0,0.0,0.0,0.0,0.0,0.0,0.0,0.0,0.0,0.0,0.0,0.0,0.0,0.0,0.0,0.0,0.0,0.7913550137998773,0.24156135952377209,110.2593474207699,129.95927770459117,1998.4046602832348,0.14833930798269932,0.022640309521169006,28.748476233706293,33.85647865827485,533.3330676497418,0.7557752277567165,0.14281466888826847,141.62275155774879,166.76264376958353,2636.131778968604,0.13760496743851517,0.02600245038520694,105.97158308608768,124.87461760203853,1924.2080548206193,0.0,0.0,8.0262346312079,9.52132934136666,115.215101266429,0.0,0.0,9.425096261691813,11.098927914292892,174.2391040014851,0.0,0.0,72.79113555825382,85.98349359436884,1220.7820686037074,0.0,0.0,39.83146732716086,47.34895257648695,525.1516144033066,0.0,0.0,13.75612428941455,16.238789600879565,235.28177596185118,39.4732559777241,27.073563770729846,154.14724083177868,182.29426122232196,3123.271487271588,0.0,0.0,52.68021235511902,62.941998290377409,544.3250512617551,0.0,17.406666918037869,46.76433851465131,22.0,30.0,0.0,17.645281942016785,46.15924184172081,12.0,30.0,0.0,17.675531672568896,46.250696461649287,22.0,30.0,0.0,17.47847223883344,46.55047460772309,12.0,30.0,0.0,15.517126271448712,53.25188126373847,12.0,30.0,0.0,17.64203588673197,46.57871891332457,12.0,30.0,0.0,16.755964416762088,49.07638751452364,10.0,30.0,0.0,14.92081710884827,55.329491513800217,12.0,30.0,0.0,16.92733742750029,48.80790569778682,20.0,30.0,0.0,16.4556221558131,0.0,0.0,0.0,13.464757204129857,0.0,0.0,472.0561803102372,477.6643266460734,499.3965294108074,473.8404998300617,525.5983433000757,929.4765911450353,512.7291165341994,566.8994059585234,834.4691307106407,0.0,81.42693297930238,81.42693297930238,60.0,0.0,60.0,60.0,12.0,12.0,12.0,19.0,12.0,12.0,21.0,10.0,0.0,0.0,0.0,0.0,0.0,0.0,0.0,0.0,0.0,0.0,0.0,0.0,0.0,81.42693297930238,81.42693297930238,0.0,0.0,0.0,81.42693297930238,0.0,0.0,0.00088 
 02/24  03:20:00,8.323333333333335,83.0,8.01,0.0,0.0,0.0,0.0,0.0,2.0,2.0,0.0,0.0,0.0,0.0,0.0,328.0,0.0,0.0,0.0,0.0,0.0,0.0,0.0,0.0,0.0,0.0,0.0,17.71111988067464,-94.4386260222268,17.69875232388401,-139.25061293074055,17.712841634522396,-229.65513613972053,17.662987365223644,-77.0513243602636,15.497420723305514,4.179431311718616,17.414368414606657,-14.225599588744246,16.686509253739588,-0.5220742485432766,15.155944362234943,-116.62688306945313,16.783293653514517,-34.40178644222556,418.0456245053015,363.87044858752349,0.0,0.0,0.0,0.0,0.0,0.0,0.0,0.0,0.0,0.0,0.0,0.0,0.0,0.0,0.0,0.0,0.0,0.0,0.0,0.0,0.0,0.0,0.783311214388219,0.2391059872979912,210.88789214656425,249.14917190995858,3865.5584125275966,0.14059850101774283,0.021458867676700679,86.36209508787602,102.11014890031824,1585.5991044139806,0.7465545286772632,0.1410722843305487,227.64167461037875,268.9089385171357,4155.356415899598,0.14607568658380624,0.027603115378648188,128.06354578776593,151.22512300789527,2349.2530577656136,0.0,0.0,7.876518368724081,9.364711934573882,113.8695139246567,0.0,0.0,9.413494545024764,11.111526064372854,174.75763096394264,0.0,0.0,71.52755981614135,84.68842195332153,1203.2105994736886,0.0,0.0,40.16015875560356,47.85419516564178,531.5680375020288,0.0,0.0,14.16993485130602,16.76492404512158,243.97956922918389,39.55624591446775,27.13048416630162,283.62994230983568,336.0091680115338,5394.83222168714,0.0,0.0,53.00105613777047,63.48003147612221,548.8645811975778,0.0,17.46274072448115,46.63926499722926,22.0,30.0,0.0,17.529121788967623,46.294484851427608,12.0,30.0,0.0,17.446002829188126,46.634339944243027,22.0,30.0,0.0,17.510352853889854,46.54371738015173,12.0,30.0,0.0,15.502627516726676,53.249664541653377,12.0,30.0,0.0,17.61628498840276,46.593917885305248,12.0,30.0,0.0,16.715567439903685,49.06064247448292,10.0,30.0,0.0,14.880485137181847,55.388247220942229,12.0,30.0,0.0,16.92001307502293,48.764804913027678,20.0,30.0,0.0,16.66953332217274,0.0,0.0,0.0,13.409232540925402,0.0,0.0,478.8295329862529,462.97203633176437,474.47513281004668,485.48944260934209,526.0774563139894,923.0497347477137,507.00684622794747,570.1927135926312,826.2999220183549,0.0,81.42693297930238,81.42693297930238,60.0,0.0,60.0,60.0,12.0,12.0,12.0,19.0,12.0,12.0,21.0,10.0,0.0,0.0,0.0,0.0,0.0,0.0,0.0,0.0,0.0,0.0,0.0,0.0,0.0,81.42693297930238,81.42693297930238,0.0,0.0,0.0,81.42693297930238,0.0,0.0,0.00086 
 02/24  03:30:00,8.255,83.0,8.0,0.0,0.0,0.0,0.0,0.0,2.0,2.0,0.0,0.0,0.0,0.0,0.0,164.0,0.0,0.0,0.0,0.0,0.0,0.0,0.0,0.0,0.0,0.0,0.0,17.721270087957579,-21.523119801590839,17.602874352574955,-196.92168721722556,17.634497198161186,-231.2768066818353,17.661766631663896,-4.703973079998832,15.477867111975712,3.796774597345916,17.377534362924988,-13.083756940729757,16.637017784129215,-11.04343921151667,15.10645089744924,-114.55532515435857,16.771604093535925,-34.899191340324879,381.57427867946447,369.3531888395703,0.0,0.0,0.0,0.0,0.0,0.0,0.0,0.0,0.0,0.0,0.0,0.0,0.0,0.0,0.0,0.0,0.0,0.0,0.0,0.0,0.0,0.0,0.7778117680447396,0.23742727962293642,206.58096690544657,243.31999653915706,3840.9633286008718,0.1362864984295349,0.020800747623555394,122.90324891241866,144.84651426870205,2243.4037755527926,0.7354866199849648,0.138980842778716,142.32035321553634,167.7551690348704,2596.2905187345047,0.14576022859821392,0.02754350502611751,61.39695619169781,72.31200854982747,1141.2333298262809,0.0,0.0,7.671804003378815,9.100192862226399,111.64908813657631,0.0,0.0,9.525020877876753,11.216964284751475,177.42288696241418,0.0,0.0,68.49733734101689,80.92835057508917,1152.6349275006867,0.0,0.0,40.265572686478218,47.871868414207067,534.0104851633154,0.0,0.0,14.658105750903538,17.301406216484858,254.07386217365889,39.55151742009013,27.12724102886841,218.56028098122918,258.360249821843,4261.930616550214,0.0,0.0,53.09126654448984,63.44389544450646,551.5306468949967,0.0,17.540886218770344,46.427199159330069,22.0,30.0,0.0,17.390798324296516,46.49476265216508,12.0,30.0,0.0,17.347121728156567,46.635645872007078,22.0,30.0,0.0,17.551472537821526,46.48746879957778,12.0,30.0,0.0,15.479938231948634,53.24902761414803,12.0,30.0,0.0,17.575757815678285,46.61780127670077,12.0,30.0,0.0,16.646285143429453,49.123906134085228,10.0,30.0,0.0,14.822090262672735,55.518218092977267,12.0,30.0,0.0,16.90689705025387,48.70579007824056,20.0,30.0,0.0,16.512785453646477,0.0,0.0,0.0,13.354830561894787,0.0,0.0,481.09372862763999,451.1453950564361,454.75019929185017,491.0986237269395,526.9564859395918,911.8482259563747,501.9276899918549,572.549017060483,813.9960405274167,0.0,81.42693297930238,81.42693297930238,60.0,0.0,60.0,60.0,12.0,12.0,12.0,19.0,12.0,12.0,21.0,10.0,0.0,0.0,0.0,0.0,0.0,0.0,0.0,0.0,0.0,0.0,0.0,0.0,0.0,81.42693297930238,81.42693297930238,0.0,0.0,0.0,81.42693297930238,0.0,0.0,0.0008400000000000001 
 02/24  03:40:00,8.186666666666668,83.0,7.989999999999999,0.0,0.0,0.0,0.0,0.0,2.0,2.0,0.0,0.0,0.0,0.0,0.0,328.0,0.0,0.0,0.0,0.0,0.0,0.0,0.0,0.0,0.0,0.0,0.0,17.582354982914425,-134.22621494746046,17.578687340892999,-94.61272518350279,17.629524529468236,-141.8716883256725,17.58610539289968,-121.24810903550747,15.462391486173999,3.695845258214206,17.347088802879037,-15.494055580151326,16.612100150703893,-6.136986559296474,15.067089741405706,-118.66882445781403,16.76087708734416,-36.61709918790285,417.0001330119194,371.35163076370216,0.0,0.0,0.0,0.0,0.0,0.0,0.0,0.0,0.0,0.0,0.0,0.0,0.0,0.0,0.0,0.0,0.0,0.0,0.0,0.0,0.0,0.0,0.805265458144739,0.2458075269062085,231.50674484425327,273.46361162434229,4226.307219198849,0.14745161968977467,0.02250482595997782,112.83727037114247,133.2092406756298,2077.0508258847305,0.7483522692150696,0.14141199342688394,200.9281013078192,237.34034927406217,3708.7637166018487,0.13874815951550896,0.026218473075492994,106.24801243569826,125.57689028217689,1957.7424406431006,0.0,0.0,7.905807375085155,9.40053941055925,115.86847300666564,0.0,0.0,9.640942396172639,11.379637832486108,180.2865045092505,0.0,0.0,69.93362852938896,82.82743096854083,1183.59763762497,0.0,0.0,40.49659852441596,48.26244654810489,539.3068201852786,0.0,0.0,16.151803834373334,19.106168702791874,281.7158865769601,39.60559963271088,27.16433445316248,286.7369807720995,339.6624359925544,5471.800513626765,0.0,0.0,53.312406776426588,63.8659392047262,554.9186265797989,0.0,17.294344321572809,46.976951356067349,22.0,30.0,0.0,17.4099876412399,46.534863592284128,12.0,30.0,0.0,17.401774999741236,46.62722674306009,22.0,30.0,0.0,17.423034875522057,46.60248478083966,12.0,30.0,0.0,15.465826336273896,53.22826082925182,12.0,30.0,0.0,17.547641987640888,46.635102398284988,12.0,30.0,0.0,16.628461428718287,49.166884924835787,10.0,30.0,0.0,14.783300977982553,55.60781081364061,12.0,30.0,0.0,16.896559936837187,48.662176829017457,20.0,30.0,0.0,16.576501191097316,0.0,0.0,0.0,13.297996383417392,0.0,0.0,472.7683508240618,462.90423764115419,471.7714702046759,474.31544509134837,526.5220112475622,906.0497453068113,505.1448674309145,578.4019882047537,802.5764823233401,0.0,81.42693297930238,81.42693297930238,60.0,0.0,60.0,60.0,12.0,12.0,12.0,19.0,12.0,12.0,21.0,10.0,0.0,0.0,0.0,0.0,0.0,0.0,0.0,0.0,0.0,0.0,0.0,0.0,0.0,81.42693297930238,81.42693297930238,0.0,0.0,0.0,81.42693297930238,0.0,0.0,0.00082 
 02/24  03:50:00,8.118333333333334,83.0,7.9799999999999999,0.0,0.0,0.0,0.0,0.0,2.0,2.0,0.0,0.0,0.0,0.0,0.0,164.0,0.0,0.0,0.0,0.0,0.0,0.0,0.0,0.0,0.0,0.0,0.0,17.509190009528579,-138.99297745140167,17.571911522609477,-6.746443341403619,17.642246777788544,-42.0599392876793,17.493589284961055,-168.21607004908766,15.44257382590289,3.9896419552629824,17.308635497544985,-16.573802631450918,16.57482547207772,1.2586052439000924,15.018907568434882,-116.99236768086758,16.746288059493648,-37.98875384388475,341.8283971454139,374.70299479585676,0.0,0.0,0.0,0.0,0.0,0.0,0.0,0.0,0.0,0.0,0.0,0.0,0.0,0.0,0.0,0.0,0.0,0.0,0.0,0.0,0.0,0.0,0.8132502049887747,0.2482448733176968,112.08388700845434,132.15171094490806,2048.021787427892,0.15274543427131263,0.023312795218454309,32.841325508350617,38.68729237031816,614.0605252322456,0.776015446581406,0.14663935120585909,145.8837869020413,171.82716273573915,2738.921716088211,0.14060559555729014,0.026569462501377568,111.22405863543483,131.10187335140015,2037.6755076519119,0.0,0.0,8.083118999286713,9.58743742315215,119.24756608896904,0.0,0.0,9.823746205414146,11.569408264730502,184.25951304036935,0.0,0.0,71.23507947436251,84.16060272971181,1209.6902473118556,0.0,0.0,40.62913650791179,48.3100797356808,542.3064219190227,0.0,0.0,16.703976042175865,19.71432803269308,293.1424797565997,39.60863107201092,27.16641362963713,162.86540921815135,192.64180193316666,3310.470506488786,0.0,0.0,53.44556933171495,63.88044771549194,557.8512995575409,0.0,17.20392868465026,46.99909666641807,22.0,30.0,0.0,17.447494263919276,46.4825554500427,12.0,30.0,0.0,17.48066355041571,46.53584815436755,22.0,30.0,0.0,17.285017701557618,46.737631226216169,12.0,30.0,0.0,15.443361421103902,53.19169945796188,12.0,30.0,0.0,17.503885707089478,46.649426906566848,12.0,30.0,0.0,16.586882754647968,49.33847319787078,10.0,30.0,0.0,14.727232697180204,55.73341296687035,12.0,30.0,0.0,16.879470842225797,48.59980088173286,20.0,30.0,0.0,16.290906476772898,0.0,0.0,0.0,13.241731411256055,0.0,0.0,463.635905922933,469.59169080629058,484.68203357859616,460.31395959007707,526.3809199403131,894.0995717689264,510.26887697801188,583.7757378862035,787.0268653023828,0.0,81.42693297930238,81.42693297930238,60.0,0.0,60.0,60.0,12.0,12.0,12.0,19.0,12.0,12.0,21.0,10.0,0.0,0.0,0.0,0.0,0.0,0.0,0.0,0.0,0.0,0.0,0.0,0.0,0.0,81.42693297930238,81.42693297930238,0.0,0.0,0.0,81.42693297930238,0.0,0.0,0.0008433333333333333 
 02/24  04:00:00,8.05,83.0,7.97,0.0,0.0,0.0,0.0,0.0,2.0,2.0,0.0,0.0,0.0,0.0,0.0,328.0,0.0,0.0,0.0,0.0,0.0,0.0,0.0,0.0,0.0,0.0,0.0,17.50608690086618,-91.35244158423393,17.497274999783316,-137.78317481394675,17.51086868386825,-226.1036267745635,17.47929369461628,-79.22242181132288,15.426163210150158,3.147240408279714,17.278673347473587,-15.983377680121464,16.53865546239681,-8.235741554092101,14.980072610386325,-121.14943789404356,16.733791756464919,-39.44341709108346,421.4537453768444,378.5028226504247,0.0,0.0,0.0,0.0,0.0,0.0,0.0,0.0,0.0,0.0,0.0,0.0,0.0,0.0,0.0,0.0,0.0,0.0,0.0,0.0,0.0,0.0,0.8036390109197487,0.24531105339430668,213.88710358396464,252.76626266685794,3953.6685749644159,0.14444763793191985,0.022046342785702053,89.5514678881254,105.90494841690989,1658.1039036119817,0.7645714795406344,0.1444768479857586,230.98802346156394,272.93760811287828,4253.749338426283,0.14934460420876528,0.028220824680416709,130.19611629447497,153.77921030518275,2410.083202843468,0.0,0.0,7.903523316771878,9.395351922877495,117.38812009517076,0.0,0.0,10.0323728765925,11.843089695823594,188.93920242786863,0.0,0.0,69.78674786573346,82.64162398365932,1188.4316718386857,0.0,0.0,40.8361614812255,48.671892912286498,547.3853371072232,0.0,0.0,17.257441538515065,20.414580073885277,304.66863567058348,39.681697619390458,27.216527859664248,290.56425873360328,344.30703507789306,5572.170113492329,0.0,0.0,53.638091561757708,64.26609791423697,561.3079543161277,0.0,17.26352812237529,46.88396755334301,22.0,30.0,0.0,17.331072411942907,46.527937861550309,12.0,30.0,0.0,17.251298263440746,46.86517345706791,22.0,30.0,0.0,17.31912492303986,46.74968396315085,12.0,30.0,0.0,15.427902022728958,53.1937274144967,12.0,30.0,0.0,17.47737615387211,46.67457411372679,12.0,30.0,0.0,16.545065298717107,49.28873235503157,10.0,30.0,0.0,14.689362613174286,55.77220787410171,12.0,30.0,0.0,16.867475647747328,48.57995274997968,20.0,30.0,0.0,16.485390820850893,0.0,0.0,0.0,13.188161906409145,0.0,0.0,469.22716518065718,457.7492850419696,466.50829376126549,471.0142618730456,527.2866278234584,887.6702833515616,506.4371018193667,585.3533416609467,781.6676110659532,0.0,81.42693297930238,81.42693297930238,60.0,0.0,60.0,60.0,12.0,12.0,12.0,19.0,12.0,12.0,21.0,10.0,0.0,0.0,0.0,0.0,0.0,0.0,0.0,0.0,0.0,0.0,0.0,0.0,0.0,81.42693297930238,81.42693297930238,0.0,0.0,0.0,81.42693297930238,0.0,0.0,0.0008666666666666667 
 02/24  04:10:00,8.001666666666667,83.0,7.976666666666667,0.0,0.0,0.0,0.0,0.0,2.0,2.0,0.0,0.0,0.0,0.0,0.0,164.0,0.0,0.0,0.0,0.0,0.0,0.0,0.0,0.0,0.0,0.0,0.0,17.51707008139894,-19.40029593370673,17.40150033369523,-194.6950490885024,17.428705051212064,-232.27387241966427,17.479010524977015,-5.702811614888105,15.405136454146856,2.770973562711106,17.24106038632765,-14.900614811564595,16.488977410129807,-17.749644083039585,14.932075614295805,-119.04710825621646,16.717170773234707,-39.27029228597212,385.20614796370139,383.3944798771988,0.0,0.0,0.0,0.0,0.0,0.0,0.0,0.0,0.0,0.0,0.0,0.0,0.0,0.0,0.0,0.0,0.0,0.0,0.0,0.0,0.0,0.0,0.7933671946552592,0.24217557834409624,210.82096033106985,248.38355157808176,3943.708579960131,0.13927391198100584,0.02125670207280309,124.40595938288742,146.66230512244599,2285.0586441811594,0.7482420090572943,0.14139115817409196,147.33631517410758,173.7235899697131,2703.020245945694,0.14837465645913656,0.028037539013442273,63.02070865307213,74.24269704974954,1179.7272177246949,0.0,0.0,7.667797564944899,9.094110219227366,114.29360414836062,0.0,0.0,10.224999863860387,12.042252255339678,192.77510399356317,0.0,0.0,67.0431658732548,79.2253806506271,1139.5258083470497,0.0,0.0,40.88229940540585,48.616857218534708,547.6490474714183,0.0,0.0,18.297306525559767,21.59260608565196,324.1875161804606,39.707401788884478,27.234157605544917,225.01947546365225,266.06286301936668,4410.128210613775,0.0,0.0,53.66695752607157,64.1546146047101,561.352609361641,0.0,17.342247542689095,46.701894143226628,22.0,30.0,0.0,17.19271313193179,46.63092396727598,12.0,30.0,0.0,17.14407274403412,46.787405120443427,22.0,30.0,0.0,17.362634692270924,46.73422023132508,12.0,30.0,0.0,15.403643575950606,53.196592926433499,12.0,30.0,0.0,17.435815329311745,46.70772024849213,12.0,30.0,0.0,16.47670877480195,49.27998254553789,10.0,30.0,0.0,14.633872611973614,55.87434546195911,12.0,30.0,0.0,16.84832072471464,48.54244002401597,20.0,30.0,0.0,16.331768524093826,0.0,0.0,0.0,13.135342856372267,0.0,0.0,472.58846528420727,448.25425655537677,452.3159365815431,478.49663149528257,528.4312887301808,877.697018394652,501.9956498848368,585.5880348838459,770.9181864214331,0.0,81.42693297930238,81.42693297930238,60.0,0.0,60.0,60.0,12.0,12.0,12.0,19.0,12.0,12.0,21.0,10.0,0.0,0.0,0.0,0.0,0.0,0.0,0.0,0.0,0.0,0.0,0.0,0.0,0.0,81.42693297930238,81.42693297930238,0.0,0.0,0.0,81.42693297930238,0.0,0.0,0.0008900000000000001 
 02/24  04:20:00,7.953333333333335,83.0,7.983333333333333,0.0,0.0,0.0,0.0,0.0,2.0,2.0,0.0,0.0,0.0,0.0,0.0,328.0,0.0,0.0,0.0,0.0,0.0,0.0,0.0,0.0,0.0,0.0,0.0,17.37844557903184,-131.98222076734556,17.37712503633697,-92.80044631095507,17.42539107323602,-138.33085677866394,17.400294848893009,-126.78092983982083,15.38846436828733,2.6808028237346948,17.210050864528744,-17.20617139484858,16.46356350804841,-12.672822684927724,14.893329952021182,-122.99216375028914,16.702919160470324,-41.513642767986087,419.8870679022284,385.371850894899,0.0,0.0,0.0,0.0,0.0,0.0,0.0,0.0,0.0,0.0,0.0,0.0,0.0,0.0,0.0,0.0,0.0,0.0,0.0,0.0,0.0,0.0,0.8168271163207952,0.24933672659364934,235.1683870809726,277.86719023698375,4309.967703579752,0.14964971494738797,0.022840310584155676,115.24082990045162,136.08511942495336,2129.810489578236,0.7596282199340834,0.143542747531006,208.41958991807619,246.2603575128051,3861.926471415435,0.1401457711607489,0.026482572025840674,111.69872852591945,132.05536549988427,2066.916988822724,0.0,0.0,7.903098827796759,9.395834855477043,118.27903888756927,0.0,0.0,10.28822766617133,12.144516478227076,194.2967507636908,0.0,0.0,68.53330359765613,81.18124743706949,1168.7283186101379,0.0,0.0,41.06479421118941,48.95014955778284,550.7983073975224,0.0,0.0,19.269139959299385,22.789697850143413,342.58385252911008,39.79083340528805,27.291380936411565,296.6436375715563,351.481700505203,5677.542064758085,0.0,0.0,53.83983714412288,64.519221586725,562.1570265971527,0.0,17.095186693120966,47.16883537583146,22.0,30.0,0.0,17.211592669116617,46.71754116378772,12.0,30.0,0.0,17.20220199731868,46.82664797172296,22.0,30.0,0.0,17.228301400356317,46.76957625201328,12.0,30.0,0.0,15.388496453834043,53.16360293560436,12.0,30.0,0.0,17.407216312022436,46.71695289081977,12.0,30.0,0.0,16.4587940327238,49.33890409872457,10.0,30.0,0.0,14.596327849426768,55.948640736277699,12.0,30.0,0.0,16.83441953677429,48.50301132273991,20.0,30.0,0.0,16.395761151814619,0.0,0.0,0.0,13.07925244340919,0.0,0.0,464.9585156858352,458.1918103402594,465.4109963650858,464.3359670133311,527.9131074346799,872.881086370573,504.2959022421629,588.3030691896383,762.7231371913746,0.0,81.42693297930238,81.42693297930238,60.0,0.0,60.0,60.0,12.0,12.0,12.0,19.0,12.0,12.0,21.0,10.0,0.0,0.0,0.0,0.0,0.0,0.0,0.0,0.0,0.0,0.0,0.0,0.0,0.0,81.42693297930238,81.42693297930238,0.0,0.0,0.0,81.42693297930238,0.0,0.0,0.0008933333333333332 
 02/24  04:30:00,7.905,83.0,7.99,0.0,0.0,0.0,0.0,0.0,2.0,2.0,0.0,0.0,0.0,0.0,0.0,164.0,0.0,0.0,0.0,0.0,0.0,0.0,0.0,0.0,0.0,0.0,0.0,17.29996848872477,-141.32069297131285,17.369703255286088,-6.801526878323102,17.438173715867366,-41.06471143534782,17.305173511437738,-173.93093454363953,15.367174906499408,2.9846315046629288,17.17097493682644,-18.138349373087125,16.42652267346867,-5.0835618058790719,14.845760183612275,-121.36376339127219,16.683974762768626,-42.72799782030006,352.2556457332166,388.9122683996893,0.0,0.0,0.0,0.0,0.0,0.0,0.0,0.0,0.0,0.0,0.0,0.0,0.0,0.0,0.0,0.0,0.0,0.0,0.0,0.0,0.0,0.0,0.8217009685492196,0.2508244714741208,117.70215401609639,138.82203862939168,2151.2036554140474,0.15442811998871387,0.023569615382892839,36.8657073959523,43.43984123162789,690.1096780803,0.7840659445060111,0.14816060931708453,153.76165213177829,181.15471848592603,2890.8258566733595,0.14111531136246215,0.02666578068073736,117.16190320532596,138.14126485742905,2150.189636575817,0.0,0.0,8.076983429958706,9.57869333964138,121.3101553814884,0.0,0.0,10.425193741049734,12.278545371188722,197.04240893389128,0.0,0.0,70.09470248235849,82.8261572724157,1196.7371286985597,0.0,0.0,41.17603000525622,48.97088015512664,551.9834094189808,0.0,0.0,19.78301659340047,23.343917171862008,352.8516812221927,39.828890632875239,27.317483287294409,175.38017312363869,207.47350831692848,3544.4109452982499,0.0,0.0,53.95178861021136,64.50765511002858,562.6018096804306,0.0,16.993228572290577,47.139303611914488,22.0,30.0,0.0,17.24752207523052,46.70636669808848,12.0,30.0,0.0,17.280549046196524,46.7768442991327,22.0,30.0,0.0,17.086477455890774,46.83181813380259,12.0,30.0,0.0,15.364428660814476,53.10330294859216,12.0,30.0,0.0,17.36290176805966,46.712875010729927,12.0,30.0,0.0,16.418547880452925,49.53125731824044,10.0,30.0,0.0,14.541571544511104,56.04962292084188,12.0,30.0,0.0,16.81203097484868,48.44125969221036,20.0,30.0,0.0,16.137002238785905,0.0,0.0,0.0,13.022111481814353,0.0,0.0,457.23445919131918,464.72042450371728,475.7681971645568,453.0504599475739,527.3291223785103,863.7946946638767,508.36152617212829,590.3651856802125,751.3028461667091,0.0,81.42693297930238,81.42693297930238,60.0,0.0,60.0,60.0,12.0,12.0,12.0,19.0,12.0,12.0,21.0,10.0,0.0,0.0,0.0,0.0,0.0,0.0,0.0,0.0,0.0,0.0,0.0,0.0,0.0,81.42693297930238,81.42693297930238,0.0,0.0,0.0,81.42693297930238,0.0,0.0,0.0008966666666666667 
 02/24  04:40:00,7.856666666666667,83.0,7.996666666666666,0.0,0.0,0.0,0.0,0.0,2.0,2.0,0.0,0.0,0.0,0.0,0.0,328.0,0.0,0.0,0.0,0.0,0.0,0.0,0.0,0.0,0.0,0.0,0.0,17.301831290946806,-87.19411213314607,17.294984336623395,-136.24651649217254,17.308933921205296,-221.56835714546424,17.2915255675761,-80.41578703778214,15.34954754256487,2.1123773415261555,17.140520025489559,-17.427511261581715,16.38922609449554,-15.076731541292475,14.806936442482823,-125.63422977447442,16.668300690476195,-44.397390038545839,421.5161963036662,392.67837100285149,0.0,0.0,0.0,0.0,0.0,0.0,0.0,0.0,0.0,0.0,0.0,0.0,0.0,0.0,0.0,0.0,0.0,0.0,0.0,0.0,0.0,0.0,0.8069649274364783,0.24632629042627547,218.24128531171275,257.9824507055695,4032.087822664808,0.14475258182867696,0.022092884894486719,93.46181275006625,110.5537224345944,1729.58203291321,0.7650531104082103,0.1445678591096392,234.66140258184456,277.35174862704,4320.272263227056,0.14934601068174534,0.028221090453844537,132.85521198930867,156.95519361496526,2459.044333468686,0.0,0.0,7.8644247770476849,9.347178230992002,118.56882285379837,0.0,0.0,10.588688998957032,12.500268886690073,200.51164818135397,0.0,0.0,68.45451751712389,81.07513077412566,1169.0868129539104,0.0,0.0,41.343064845936599,49.28554657795242,554.9148806520202,0.0,0.0,20.160072770894446,23.843302699762718,360.7619265326073,39.92674951106101,27.38460185943829,298.42622019899059,353.6992620240605,5717.129158491722,0.0,0.0,54.10467282271853,64.84632149690587,563.1560250412391,0.0,17.063229294577476,47.0528013500567,22.0,30.0,0.0,17.13122021489662,46.67388648157358,12.0,30.0,0.0,17.055056177330376,47.019463183500239,22.0,30.0,0.0,17.123654476852818,46.90218847619044,12.0,30.0,0.0,15.347866838986186,53.099806195924077,12.0,30.0,0.0,17.33612953014439,46.73441953400848,12.0,30.0,0.0,16.375463797430379,49.424175450100879,10.0,30.0,0.0,14.503925449882843,56.05752305097471,12.0,30.0,0.0,16.796918516568398,48.42361166704486,20.0,30.0,0.0,16.302883943772593,0.0,0.0,0.0,12.965701719770529,0.0,0.0,463.1404424659672,454.5937323234059,461.9085405296735,463.55858294837528,527.754989622787,858.9766039828244,504.9034198151637,589.9828779581836,747.6293647288985,0.0,81.42693297930238,81.42693297930238,60.0,0.0,60.0,60.0,12.0,12.0,12.0,19.0,12.0,12.0,21.0,10.0,0.0,0.0,0.0,0.0,0.0,0.0,0.0,0.0,0.0,0.0,0.0,0.0,0.0,81.42693297930238,81.42693297930238,0.0,0.0,0.0,81.42693297930238,0.0,0.0,0.0009 
 02/24  04:50:00,7.808333333333334,83.0,8.003333333333332,0.0,0.0,0.0,0.0,0.0,2.0,2.0,0.0,0.0,0.0,0.0,0.0,164.0,0.0,0.0,0.0,0.0,0.0,0.0,0.0,0.0,0.0,0.0,0.0,17.314441250020857,-18.038304379695548,17.200543800542027,-191.04985513691327,17.223948182922244,-232.9265305759427,17.29300352661429,-6.637422060151039,15.327076928567106,1.793811223179631,17.102513725079527,-16.376501559427369,16.339962324590837,-23.401964581059475,14.75883240784842,-123.60437102002675,16.647844487095499,-44.468400984344388,386.4125011347933,397.8700704336334,0.0,0.0,0.0,0.0,0.0,0.0,0.0,0.0,0.0,0.0,0.0,0.0,0.0,0.0,0.0,0.0,0.0,0.0,0.0,0.0,0.0,0.0,0.7961812896332008,0.24303458169511625,213.2514391384734,251.3124277765382,3987.5161185422577,0.13995488415195654,0.02136063555432792,124.85353301669912,147.2306852158749,2292.623877290009,0.7489477457938292,0.14152451734577277,152.31413324730503,179.6458419693385,2791.5364990463947,0.14874781468376356,0.028108052661330975,65.36888322304022,77.02708551170984,1223.9577811860784,0.0,0.0,7.632680679764766,9.051088525319856,115.45680983174104,0.0,0.0,10.743281030924349,12.653398776953118,203.64820934684597,0.0,0.0,66.02229821671038,78.03171609090805,1125.6275640143024,0.0,0.0,41.386367653632877,49.2267123202364,555.1246758854261,0.0,0.0,20.928645331674134,24.69371149402513,375.65009112449266,39.954874701803799,27.403892113720035,230.30448846710304,272.37207159723689,4509.779116589904,0.0,0.0,54.13173572627788,64.73339620277632,562.7686479051859,0.0,17.143671395798788,46.8977462848564,22.0,30.0,0.0,16.995185543925478,46.719061701651479,12.0,30.0,0.0,16.94131187698302,46.89274311728464,22.0,30.0,0.0,17.170702540519259,46.923206074277739,12.0,30.0,0.0,15.322052808629428,53.092838705456937,12.0,30.0,0.0,17.29411009950074,46.75937111706901,12.0,30.0,0.0,16.308928149323138,49.355905087411397,10.0,30.0,0.0,14.44830172932678,56.136390009381937,12.0,30.0,0.0,16.772997537132775,48.38786571304182,20.0,30.0,0.0,16.151341567664909,0.0,0.0,0.0,12.909104613584537,0.0,0.0,467.4743269505935,446.5063410237934,450.6118639830091,471.5232390553216,528.130646336188,851.5467444849825,500.580232925178,588.842257149407,740.3435382371091,0.0,81.42693297930238,81.42693297930238,60.0,0.0,60.0,60.0,12.0,12.0,12.0,19.0,12.0,12.0,21.0,10.0,0.0,0.0,0.0,0.0,0.0,0.0,0.0,0.0,0.0,0.0,0.0,0.0,0.0,81.42693297930238,81.42693297930238,0.0,0.0,0.0,81.42693297930238,0.0,0.0,0.0009266666666666668 
 02/24  05:00:00,7.76,83.0,8.01,0.0,0.0,0.0,0.0,0.0,2.0,2.0,0.0,0.0,0.0,0.0,0.0,328.0,0.0,0.0,0.0,0.0,0.0,0.0,0.0,0.0,0.0,0.0,0.0,17.17685300153876,-129.7705586176321,17.176364292171344,-90.97875961097953,17.222598116175413,-134.6142817030418,17.21296091641482,-130.23457990752559,15.309235435301638,1.6851305168444526,17.071281825296013,-18.5817772754215,16.314259020460644,-18.33670073668577,14.719618067134859,-127.99926896524096,16.630824474640649,-46.813403934372448,420.0044967172398,400.48776726247459,0.0,0.0,0.0,0.0,0.0,0.0,0.0,0.0,0.0,0.0,0.0,0.0,0.0,0.0,0.0,0.0,0.0,0.0,0.0,0.0,0.0,0.0,0.8199331365163169,0.250284840206446,237.2766734194911,280.4321166263967,4347.136797396705,0.1502402105657573,0.022930435068033777,116.45164387040941,137.55067544301392,2151.5316370515176,0.7630177689507038,0.1441832518803296,213.55438420561675,252.395763998063,3955.4127792178335,0.14008372598999964,0.026470847692743689,115.47483986901864,136.55515732072736,2136.5773402196884,0.0,0.0,7.869152594182767,9.353989966778851,119.49378529816714,0.0,0.0,10.784509854800453,12.731011555729375,204.77272727615427,0.0,0.0,67.61078936338173,80.0994349910155,1156.5497109951562,0.0,0.0,41.571921807234378,49.56454169115753,558.2639712709604,0.0,0.0,21.70393365040864,25.665462626112239,390.77579730745307,40.03765601334668,27.460669419305004,302.94589533441725,359.03225357352127,5795.105278342942,0.0,0.0,54.30734524565889,65.1026765153603,563.2182023046238,0.0,16.897826106432775,47.303324045429537,22.0,30.0,0.0,17.0136794826699,46.84777829797979,12.0,30.0,0.0,17.003280440673529,46.9753782566711,22.0,30.0,0.0,17.033558160702336,46.88983687820583,12.0,30.0,0.0,15.305883239003544,53.044561521148228,12.0,30.0,0.0,17.26537731760559,46.75499308660605,12.0,30.0,0.0,16.291156395593963,49.43777242991175,10.0,30.0,0.0,14.40997214312928,56.20238762934763,12.0,30.0,0.0,16.756381896650585,48.34307454285576,20.0,30.0,0.0,16.21103769299798,0.0,0.0,0.0,12.84962784011381,0.0,0.0,460.15979517174756,455.2503498380223,461.54968082648608,458.90488895202557,527.1932444681568,848.0920899480739,502.61778422640028,589.8385991864544,734.6146300760418,0.0,81.42693297930238,81.42693297930238,60.0,0.0,60.0,60.0,12.0,12.0,12.0,19.0,12.0,12.0,21.0,10.0,0.0,0.0,0.0,0.0,0.0,0.0,0.0,0.0,0.0,0.0,0.0,0.0,0.0,81.42693297930238,81.42693297930238,0.0,0.0,0.0,81.42693297930238,0.0,0.0,0.0009533333333333333 
 02/24  05:10:00,7.695,83.0,8.031666666666667,0.0,0.0,0.0,0.0,0.0,2.0,2.0,0.0,0.0,0.0,0.0,0.0,164.0,0.0,0.0,0.0,0.0,0.0,0.0,0.0,0.0,0.0,0.0,0.0,17.09503122992836,-142.1804527511872,17.167869018017894,-6.690502041371474,17.23561068303976,-40.08834796006431,17.1162539416486,-177.846225579131,15.286480539183796,1.9848791971403728,17.0313624688051,-19.410857432697186,16.276928663697818,-10.910231746260252,14.671066541906257,-126.42379092915962,16.608276997111738,-47.95105854440317,358.16322095788839,404.52725545118985,0.0,0.0,0.0,0.0,0.0,0.0,0.0,0.0,0.0,0.0,0.0,0.0,0.0,0.0,0.0,0.0,0.0,0.0,0.0,0.0,0.0,0.0,0.8287539756803587,0.25297740405383359,121.37813429166742,143.21011353608948,2219.8700695907134,0.15585641995726935,0.023787609883588118,39.773177415485317,46.88132092675982,745.3453361330719,0.7907449174083081,0.14942269792296077,159.01633227264308,187.4069801923764,2993.433418761059,0.14165432453941069,0.02676763502256437,121.26278925604191,143.02503450436678,2229.063516762264,0.0,0.0,8.040776065278092,9.535062195245909,122.77782412419656,0.0,0.0,10.885952493734731,12.822891463316874,207.2290721385699,0.0,0.0,69.26888177153633,81.86804162544061,1188.6866004523843,0.0,0.0,41.685799357404359,49.59136167959792,560.8012325557437,0.0,0.0,22.13206993471551,26.113835349220886,400.33193249255756,40.00545849927156,27.438586076317955,183.84139744043029,217.5355270983503,3706.163313532678,0.0,0.0,54.40853993516225,65.08323513496049,565.0275987521338,0.0,16.788352695565018,47.24335129330205,22.0,30.0,0.0,17.04795115016773,46.878706430414997,12.0,30.0,0.0,17.08146181819745,46.9576681880626,22.0,30.0,0.0,16.889621078107955,46.90608932365687,12.0,30.0,0.0,15.28020236016429,52.9666462900409,12.0,30.0,0.0,17.220587133733227,46.733989873128617,12.0,30.0,0.0,16.25106900720346,49.65180749820318,10.0,30.0,0.0,14.353829254943385,56.29352207049594,12.0,30.0,0.0,16.729771015233138,48.27812628724393,20.0,30.0,0.0,15.969420116788145,0.0,0.0,0.0,12.788999762174717,0.0,0.0,453.1549807182062,461.5060187824511,470.4956685786295,448.7499507225712,526.0581518007433,841.4460941073929,506.12071265869869,590.5930964645191,726.626021589847,0.0,81.42693297930238,81.42693297930238,60.0,0.0,60.0,60.0,12.0,12.0,12.0,19.0,12.0,12.0,21.0,10.0,0.0,0.0,0.0,0.0,0.0,0.0,0.0,0.0,0.0,0.0,0.0,0.0,0.0,81.42693297930238,81.42693297930238,0.0,0.0,0.0,81.42693297930238,0.0,0.0,0.00098 
 02/24  05:20:00,7.630000000000001,83.0,8.053333333333335,0.0,0.0,0.0,0.0,0.0,2.0,2.0,0.0,0.0,0.0,0.0,0.0,328.0,0.0,0.0,0.0,0.0,0.0,0.0,0.0,0.0,0.0,0.0,0.0,17.099648229917663,-85.04957399659134,17.093143272558444,-134.2819910443701,17.10806490633673,-217.69462880959328,17.102645073174437,-81.67903552956432,15.267625170492874,1.0878006929756197,17.000260301861219,-18.670323402736359,16.23815197868516,-21.239483329873566,14.631207135098962,-131.05906257233199,16.589844281958759,-49.79133302012559,421.58029512643136,408.4129651244889,0.0,0.0,0.0,0.0,0.0,0.0,0.0,0.0,0.0,0.0,0.0,0.0,0.0,0.0,0.0,0.0,0.0,0.0,0.0,0.0,0.0,0.0,0.8165214331659328,0.2492434167173177,221.0340751596895,261.3836465943293,4097.495013003631,0.14647586038194855,0.022355900546695449,96.21741759957195,113.85161084006313,1786.4871657807387,0.7725162856530348,0.14597813409921299,236.94728981799268,280.16005691209269,4378.090975292955,0.15066436639229603,0.028470212848128494,134.53633070512763,158.99752029813593,2499.283365279931,0.0,0.0,7.8021569952198519,9.272911245935282,119.83221875715498,0.0,0.0,11.017847525770608,13.009171452659173,210.504834039211,0.0,0.0,67.44035679756972,79.89531789950581,1159.7916602832293,0.0,0.0,41.83685270017422,49.89108059259486,564.8688532043066,0.0,0.0,22.408225615367685,26.501545403504467,407.30136666131286,40.02457752879705,27.45169926529291,303.7324658773858,360.1123012155418,5837.604573098721,0.0,0.0,54.529221344937187,65.38861367292822,566.6650698853209,0.0,16.864554960376439,47.17806887544944,22.0,30.0,0.0,16.932122289448004,46.790196042605078,12.0,30.0,0.0,16.859105242760398,47.13805216259857,22.0,30.0,0.0,16.928507977076924,47.01540169734366,12.0,30.0,0.0,15.262514991886868,52.96247304841947,12.0,30.0,0.0,17.19341085922026,46.754670496822047,12.0,30.0,0.0,16.20658026450218,49.51274925527986,10.0,30.0,0.0,14.314912945110108,56.28942447983616,12.0,30.0,0.0,16.71206648323551,48.26347869633308,20.0,30.0,0.0,16.116737604237334,0.0,0.0,0.0,12.728489821261157,0.0,0.0,459.26056191215369,452.53139514091336,458.9771720372305,459.061234789227,526.1921860746281,837.925438513831,503.10945218916666,589.7912367319173,724.2916349689385,0.0,81.42693297930238,81.42693297930238,60.0,0.0,60.0,60.0,12.0,12.0,12.0,19.0,12.0,12.0,21.0,10.0,0.0,0.0,0.0,0.0,0.0,0.0,0.0,0.0,0.0,0.0,0.0,0.0,0.0,81.42693297930238,81.42693297930238,0.0,0.0,0.0,81.42693297930238,0.0,0.0,0.0010299999999999999 
 02/24  05:30:00,7.5649999999999999,83.0,8.075,0.0,0.0,0.0,0.0,0.0,2.0,2.0,0.0,0.0,0.0,0.0,0.0,164.0,0.0,0.0,0.0,0.0,0.0,0.0,0.0,0.0,0.0,0.0,0.0,17.11316037308699,-16.677507682647958,16.998710690605806,-187.8461519543648,17.020664113893333,-232.8312191212235,17.104938942467567,-7.364299930385641,15.243610522434704,0.8037419602623288,16.961038030652504,-17.635763265832794,16.188558470634065,-28.956189170208746,14.581725866378012,-129.0115171131829,16.5659291877421,-49.9396445274524,387.57851215781195,413.8877113277201,0.0,0.0,0.0,0.0,0.0,0.0,0.0,0.0,0.0,0.0,0.0,0.0,0.0,0.0,0.0,0.0,0.0,0.0,0.0,0.0,0.0,0.0,0.808404835231299,0.24676582272017678,215.18168713867585,253.70252123121416,4044.594762710172,0.1424291691465399,0.021738273679264336,125.2986550421399,147.82544599111874,2312.9450824397738,0.7592659943996705,0.1434742997731804,156.0955080468645,184.19469340799103,2874.9428872146975,0.15093639725747275,0.02852161701766302,67.11040963195163,79.11362320548537,1263.727640733519,0.0,0.0,7.5628458192185399,8.968860546891826,116.77020513582549,0.0,0.0,11.147820827179967,13.133312782493542,213.56787958970228,0.0,0.0,65.09902780161988,76.96826172940858,1119.8773191471367,0.0,0.0,41.87719477798355,49.831860312629569,566.317773037974,0.0,0.0,23.039882398961248,27.186825824715073,420.6463567089975,39.9785926658827,27.420159578794729,234.59851578185036,277.56978284915257,4615.790388643899,0.0,0.0,54.538100359370769,65.25915178948012,567.4751366043714,0.0,16.94545215739961,47.05486277431397,22.0,30.0,0.0,16.796926937735454,46.78093085306039,12.0,30.0,0.0,16.74012758747796,46.963822674743628,22.0,30.0,0.0,16.977781689888585,47.07168827713698,12.0,30.0,0.0,15.234964009791869,52.952373945773789,12.0,30.0,0.0,17.150410307470165,46.77608513630754,12.0,30.0,0.0,16.1400790339142,49.40194782715483,10.0,30.0,0.0,14.257338400699127,56.36262944270045,12.0,30.0,0.0,16.684127630545313,48.23037048153853,20.0,30.0,0.0,15.96719781383688,0.0,0.0,0.0,12.66744984836372,0.0,0.0,464.1756370964684,445.25420321118807,449.30478603264029,467.238661980173,526.2318977843463,832.4619362478204,499.13370032848169,588.6077984871178,719.2733568696425,0.0,81.42693297930238,81.42693297930238,60.0,0.0,60.0,60.0,12.0,12.0,12.0,19.0,12.0,12.0,21.0,10.0,0.0,0.0,0.0,0.0,0.0,0.0,0.0,0.0,0.0,0.0,0.0,0.0,0.0,81.42693297930238,81.42693297930238,0.0,0.0,0.0,81.42693297930238,0.0,0.0,0.0010799999999999999 
 02/24  05:40:00,7.5,83.0,8.096666666666668,0.0,0.0,0.0,0.0,0.0,2.0,2.0,0.0,0.0,0.0,0.0,0.0,328.0,0.0,0.0,0.0,0.0,0.0,0.0,0.0,0.0,0.0,0.0,0.0,16.976113712345417,-127.94206559052236,16.973971386632117,-89.17439827948943,17.020235210566456,-131.9094898529238,17.02338872033957,-132.81668078982717,15.224488257359193,0.6626544767164262,16.928931768040628,-19.775093304508688,16.16220025338034,-24.02673741091587,14.541121348783479,-133.8973254233489,16.546246397084148,-52.376053006335158,420.63500728360398,416.9978336481704,0.0,0.0,0.0,0.0,0.0,0.0,0.0,0.0,0.0,0.0,0.0,0.0,0.0,0.0,0.0,0.0,0.0,0.0,0.0,0.0,0.0,0.0,0.8352960947596104,0.25497438789975898,239.30052730388253,282.9708710094359,4415.811208586724,0.1532578282616041,0.02339099942942676,117.77654796316293,139.18864423564367,2191.34279684377,0.7781524920189418,0.14704317687432767,217.9328379872452,257.7039045128778,4064.953956703057,0.14255603885026398,0.026938026993625083,118.60835913009737,140.3313403881835,2210.683987592338,0.0,0.0,7.795560641330211,9.267606191954649,121.06849452126495,0.0,0.0,11.170481256330682,13.190785213189717,214.7278600925004,0.0,0.0,66.7108880982338,79.06503905408897,1153.6092039496248,0.0,0.0,42.06405211358276,50.17530049133023,570.8068778254726,0.0,0.0,23.734429248421237,28.070592913473676,435.3528084151436,39.983732980965438,27.423685172129937,308.72277022760309,366.0574734360732,5945.438979907094,0.0,0.0,54.69816935863153,65.61522922988866,569.1430672908361,0.0,16.69993956414037,47.401464355084808,22.0,30.0,0.0,16.814525928825348,46.944931194575989,12.0,30.0,0.0,16.80406461305776,47.08229247320564,22.0,30.0,0.0,16.838254558043116,46.97301412987391,12.0,30.0,0.0,15.217594540532744,52.89652308217422,12.0,30.0,0.0,17.12103671447475,46.7637671837735,12.0,30.0,0.0,16.121666528109665,49.50326186640385,10.0,30.0,0.0,14.217272984646702,56.42847940923929,12.0,30.0,0.0,16.665072208809226,48.18341450795778,20.0,30.0,0.0,16.024267235827,0.0,0.0,0.0,12.603432895283675,0.0,0.0,457.04249998142856,453.2785749986954,459.01953662723136,455.5130898631827,525.2209455385971,830.053427784526,501.27484839869819,589.2869951393468,714.9385503512708,0.0,81.42693297930238,81.42693297930238,60.0,0.0,60.0,60.0,12.0,12.0,12.0,19.0,12.0,12.0,21.0,10.0,0.0,0.0,0.0,0.0,0.0,0.0,0.0,0.0,0.0,0.0,0.0,0.0,0.0,81.42693297930238,81.42693297930238,0.0,0.0,0.0,81.42693297930238,0.0,0.0,0.00113 
 02/24  05:50:00,7.435,83.0,8.118333333333334,0.0,0.0,0.0,0.0,0.0,2.0,2.0,0.0,0.0,0.0,0.0,0.0,164.0,0.0,0.0,0.0,0.0,0.0,0.0,0.0,0.0,0.0,0.0,0.0,16.889925723694753,-143.7523360338646,16.96441586906682,-6.561043360981557,17.033097355861558,-39.16668277635654,16.924735882752317,-181.3567321700989,15.200166874132782,0.9737685897212884,16.888161151835754,-20.545426747526507,16.12407040157123,-16.67010873911704,14.490907078872969,-132.35983768865663,16.52051959942331,-53.44460618038522,364.9395655964854,421.69112497336848,0.0,0.0,0.0,0.0,0.0,0.0,0.0,0.0,0.0,0.0,0.0,0.0,0.0,0.0,0.0,0.0,0.0,0.0,0.0,0.0,0.0,0.0,0.8447850098249985,0.25787088211996297,125.95949609861018,148.7008919184772,2317.8056948371765,0.15904233354738873,0.02427386043153064,43.42802188445191,51.216594684706048,819.088025560747,0.8061167432714255,0.15232742692203814,164.45991134181646,193.9246647806813,3116.823818995202,0.14392342306394763,0.02719641403324784,125.26713260464142,147.82848154978053,2319.0405449525485,0.0,0.0,7.974347344714305,9.457651953138205,124.4905313449975,0.0,0.0,11.256078493237107,13.263342406324468,216.90130372220484,0.0,0.0,68.51275318259452,81.0085340386374,1188.412667960457,0.0,0.0,42.19083941806247,50.21776100416026,573.3390541516617,0.0,0.0,24.086678066933517,28.424787332966333,443.6523250730152,39.94999465041232,27.40054502771765,193.39088475704589,228.9364149872148,3907.623119719708,0.0,0.0,54.81024090832641,65.6104105994597,570.5732991916818,0.0,16.58120520260624,47.292657214545247,22.0,30.0,0.0,16.846660722850335,47.023122336968537,12.0,30.0,0.0,16.88153292496992,47.10049922269486,22.0,30.0,0.0,16.691305576157818,46.92318807947685,12.0,30.0,0.0,15.190164182406655,52.80069972843321,12.0,30.0,0.0,17.075298314572149,46.72353909699592,12.0,30.0,0.0,16.08090093047685,49.7386110025132,10.0,30.0,0.0,14.158603668330107,56.51436842241891,12.0,30.0,0.0,16.634718145827564,48.112375532469027,20.0,30.0,0.0,15.801524497947458,0.0,0.0,0.0,12.538214303261432,0.0,0.0,450.3363335523806,459.5022000697764,467.11818837872968,445.98742568069107,524.0875708919161,825.1540514820323,504.5881437866008,589.8779732390517,709.2729296327508,0.0,81.42693297930238,81.42693297930238,60.0,0.0,60.0,60.0,12.0,12.0,12.0,19.0,12.0,12.0,21.0,10.0,0.0,0.0,0.0,0.0,0.0,0.0,0.0,0.0,0.0,0.0,0.0,0.0,0.0,81.42693297930238,81.42693297930238,0.0,0.0,0.0,81.42693297930238,0.0,0.0,0.0012133333333333332 
 02/24  06:00:00,7.37,83.0,8.14,0.0,0.0,0.0,0.0,0.0,2.0,2.0,0.0,0.0,0.0,0.0,0.0,328.0,0.0,0.0,0.0,0.0,0.0,0.0,0.0,0.0,0.0,0.0,0.0,16.897485560743154,-82.53801311418829,16.889745263873814,-132.38032458095314,16.906959038776134,-214.31712670444177,16.911435807587457,-82.70638119325577,15.180053428994445,0.058932507719219987,16.856428447930499,-19.807383384589885,16.0840215612276,-27.489602877757649,14.449677587746454,-137.45814195034587,16.499676580605994,-55.44590503451195,422.12845115624079,425.8310313125661,0.0,0.0,0.0,0.0,0.0,0.0,0.0,0.0,0.0,0.0,0.0,0.0,0.0,0.0,0.0,0.0,0.0,0.0,0.0,0.0,0.0,0.0,0.8315945279062327,0.25384448348786106,224.47892970838258,265.5960620676123,4189.975162314836,0.14922895437719656,0.022776091937911564,99.36524987641016,117.63222052639925,1857.5499421213395,0.785029950578495,0.1483427722181586,239.84352552695615,283.73235973992629,4463.4853752729509,0.15299098447889687,0.028909861012641124,136.5427741731225,161.44877119769309,2554.8275934005598,0.0,0.0,7.712436234853129,9.167403458704694,121.0740027886406,0.0,0.0,11.376515392308855,13.43692012236637,219.99989193723185,0.0,0.0,66.48153396054835,78.7915082501695,1155.4099980290785,0.0,0.0,42.33508339246964,50.51040119629718,577.2071190779573,0.0,0.0,24.316888004269587,28.76321606240678,449.9259603532608,39.95915354555295,27.40682684880176,310.1838140890236,367.9383709528752,5999.589312389077,0.0,0.0,54.91936402091001,65.90309198534351,571.5882299901307,0.0,16.663571374886119,47.25701810012589,22.0,30.0,0.0,16.73118825023968,46.857159687727278,12.0,30.0,0.0,16.661768908692559,47.205768519110318,22.0,30.0,0.0,16.731723308981708,47.0784384963225,12.0,30.0,0.0,15.171355910766107,52.79286310858038,12.0,30.0,0.0,17.047571449569469,46.740320228895367,12.0,30.0,0.0,16.034729350801386,49.5607115995848,10.0,30.0,0.0,14.117857475592898,56.49755206846022,12.0,30.0,0.0,16.614723124227653,48.09635865219911,20.0,30.0,0.0,15.930127282122428,0.0,0.0,0.0,12.473037775016998,0.0,0.0,456.6890184931392,451.16207757283748,457.03447666473905,456.1491396273623,524.2333273703528,822.4820166568889,502.0902725393492,589.2177190856727,707.8055510464319,0.0,81.42693297930238,81.42693297930238,60.0,0.0,60.0,60.0,12.0,12.0,12.0,19.0,12.0,12.0,21.0,10.0,0.0,0.0,0.0,0.0,0.0,0.0,0.0,0.0,0.0,0.0,0.0,0.0,0.0,81.42693297930238,81.42693297930238,0.0,0.0,0.0,81.42693297930238,0.0,0.0,0.0012966666666666667 
 02/24  06:10:00,7.343333333333334,82.83333333333334,8.15,0.0,0.0,0.0,0.0,0.0,2.0,2.0,0.0,0.0,0.0,0.0,0.0,1650.0,0.0,0.0,0.0,0.0,0.0,0.0,0.0,0.0,0.0,0.0,0.0,18.144007203820345,-1042.8779473827659,17.08997797913446,831.9778383352722,18.4064324258279,-2551.307906797915,17.1994163052529,944.4081597474078,15.162884961000867,7.6040785760529119,17.880581331551544,-91.10268873756599,16.185471923590627,179.48460793228603,15.501476484412232,-181.36912871571807,17.9126330534811,-204.87382674858419,658.289382071936,547.9220366855174,0.0,0.0,0.0,0.0,0.0,0.0,0.0,0.0,0.0,0.0,0.0,0.0,0.0,0.0,0.0,0.0,0.0,0.0,0.0,0.0,0.0,0.0,0.837948719485865,0.2557841024071627,391.61826377091878,460.3353630694887,8898.655384939075,0.2789135549207289,0.042569223889000137,340.8300919435648,402.6921723503052,6752.09077546174,0.6380807173473443,0.12057458755618758,508.60293977637959,597.3366339391126,11833.305399837345,0.2572943081875789,0.04861948378450093,354.3361683325995,418.47793707795838,7139.034622077948,0.0,0.0,11.958772211563124,14.23662704437294,188.03804409794834,0.0,0.0,18.339525528950064,21.57439563344473,409.66241541556317,0.0,0.0,77.02434859720586,91.36811397151591,1379.550059143331,0.0,0.0,30.591918491231689,36.40571298925819,506.40914641516556,0.0,0.0,40.943064254401708,48.094966119292298,945.5345062565397,41.24680286442754,28.289988247206833,682.484366102447,807.9292208851477,13550.16586536113,0.0,0.0,48.8063621363458,58.66555459906883,517.3036431930407,2281.2066814209035,18.54359353870876,41.735117845120637,21.999999999999998,30.0,0.0,17.180783541271599,45.49150581093217,15.999999999999999,30.0,4619.1902645068,18.88605868514061,40.859531518651269,21.999999999999998,30.0,0.0,17.348981065353987,44.96191714937408,15.999999999999999,30.0,0.0,15.158895766227547,52.6566841631863,12.0,30.0,1871.4759953906747,18.44473076594284,42.723500397142917,20.0,30.0,0.0,16.271513560234508,48.473776419286128,10.0,30.0,1411.2406128163496,15.79429102785684,50.68585353383478,16.999999999999998,30.0,2858.9159349931526,18.74425969323982,41.988439209980779,20.0,30.0,0.0,16.584489756846048,0.0,0.0,0.0,12.543355201632249,0.0,0.0,455.3005873327989,457.36987600326537,455.16917531717396,453.7081222243018,521.408398368157,797.3168730207947,488.3118500345283,592.7383255419121,685.7328292424893,13164.858133957561,79.29862999717004,87.85468970204237,60.0,0.0,60.0,60.0,16.0,16.0,19.0,19.0,16.0,12.0,21.0,10.0,1.0,0.0,2281.2066814209035,0.0,4619.1902645068,0.0,1871.4759953906747,0.0,1411.2406128163496,2858.9159349931526,12945.00890821571,7767005.344929425,10112261.906212543,79.29862999717004,87.99999999999999,0.4315002969405237,0.7680197388803651,0.3602813740196596,87.99999999999999,0.3542647819438876,10112261.906212543,0.5272176191230522 
 02/24  06:20:00,7.316666666666667,82.66666666666667,8.16,0.0,0.0,0.0,0.0,0.0,2.0,2.0,0.0,0.0,0.0,0.0,0.0,660.0,0.0,0.0,0.0,0.0,0.0,0.0,0.0,0.0,0.0,0.0,0.0,18.888022877480567,-1395.0916766434316,17.7113733815633,854.7388261299739,19.28421017458941,-3538.3526937512344,18.012221415240206,838.6523064904786,15.154265467455808,16.685436875199828,18.653229857581139,-143.47444304332314,16.529078348303917,280.5642343547694,15.764362147113389,-190.0582507749859,18.19667793893194,-200.4951848378147,929.3744066027612,597.8119076470168,0.0,0.0,0.0,0.0,0.0,0.0,0.0,0.0,0.0,0.0,0.0,0.0,0.0,0.0,0.0,0.0,0.0,0.0,0.0,0.0,0.0,0.0,0.9786379411810241,0.2987295302750379,458.5783808983705,537.2468626735464,11300.628306328756,0.32912423205268229,0.05023263614967679,399.50404121131847,470.44819767993899,8692.96231613003,0.7045407900890454,0.13313318028893529,582.5972249462443,681.5082864541847,14839.79379630381,0.28065751266179009,0.0530342994447827,387.0208794912958,455.0915590695922,8746.122334402118,0.0,0.0,13.73404049494126,16.344904666721058,216.78116982533363,0.0,0.0,20.646719372889974,24.175534374825124,514.0369294007791,0.0,0.0,78.2279039664082,92.55385582690134,1494.3876812214542,0.0,0.0,26.765699177853067,31.723381539926387,482.20101124196938,0.0,0.0,45.00376204301939,52.81028033358858,1069.8732590247935,42.45290050242353,29.117215708109425,774.8110264483682,914.9043667263372,16524.48969828244,0.0,0.0,45.73860461165627,54.90230659339731,501.6905858205854,1912.7605725359163,19.760138203444375,38.56652243643259,22.0,30.0,0.0,18.26239049919274,42.383236815314507,16.0,30.0,4321.699781055855,20.218137146107499,37.46427863309484,22.0,30.0,0.0,18.710072441628939,41.189756659201439,16.0,30.0,0.0,15.161819207070569,52.327400482717468,12.0,30.0,840.8922174745165,19.905457242240876,38.75580449198969,19.75,30.0,0.0,16.865475566114648,46.42581775441823,10.0,30.0,8.662911315714134,16.32877107744359,48.79822815393304,16.0,30.0,26.863722125266358,19.303267749491554,40.21504612560428,19.0,30.0,0.0,17.47995143042165,0.0,0.0,0.0,12.6996666779863,0.0,0.0,455.9055214186687,458.0042721770717,454.78570539379606,454.8018368196293,517.9566019442881,732.7552432629899,482.09847538413148,611.7089416145836,638.6171992307249,11543.70575831414,80.37161183559089,87.87260818046511,60.0,0.0,60.0,60.0,16.0,16.0,19.0,19.0,16.0,12.0,21.0,10.0,1.0,0.0,1912.7605725359163,0.0,4321.699781055855,0.0,840.8922174745165,0.0,8.662911315714134,26.863722125266358,11350.929296362689,6810557.577817613,8913727.53006607,80.37161183559089,88.0,0.37836430987875627,0.7640750764292137,0.36028137401965956,88.0,0.3542647819438875,8913727.53006607,0.46494049823010227 
 02/24  06:30:00,7.29,82.5,8.17,0.0,0.0,0.0,0.0,0.0,2.0,2.0,0.0,0.0,0.0,0.0,0.0,660.0,0.0,0.0,0.0,0.0,0.0,0.0,0.0,0.0,0.0,0.0,0.0,19.591209699869045,-1209.718365710164,18.2806549173676,1151.569437192316,20.016356622900906,-3227.9323602387305,18.66379467749761,1035.7514293807522,15.159859841887773,32.84025523798279,18.264275612297888,-83.71992087885502,16.979919584105916,446.5409054422996,16.090116373315845,-267.59524686092609,18.655500685476047,-184.87053738030733,1256.256685272052,652.4924144732385,0.0,0.0,0.0,0.0,0.0,0.0,0.0,0.0,0.0,0.0,0.0,0.0,0.0,0.0,0.0,0.0,0.0,0.0,0.0,0.0,0.0,0.0,1.1813475346186664,0.36060669554904348,479.0546972183826,559.2391648442016,12783.688720435519,0.36624434188937829,0.05589809857896494,413.9872255637978,485.88592952423996,9796.97042416122,0.8858197316857739,0.16738846025808283,580.456870264913,676.7153883273072,15933.882483004445,0.30109193425457717,0.056895679186428019,377.89289487297489,442.72760006682048,9333.444709840744,0.0,0.0,14.906440294860648,17.740028578296149,236.82387347675076,0.0,0.0,20.485350417283394,24.041811549459938,485.2570767781943,0.0,0.0,87.86846817198377,103.67956544144968,1818.3057590281993,0.0,0.0,32.55025214010416,38.51816301064324,620.1968821951875,0.0,0.0,41.63514041122819,48.74676202410341,1043.3922333652757,43.8635629198787,30.08474823036949,781.1173202056771,918.8543499691206,18472.905541237902,0.0,0.0,48.40148774803784,58.098850180876009,534.8763698974843,1920.7123985419478,20.817438476474775,35.99378937158703,22.0,30.0,0.0,19.23308007984804,39.745367974744869,16.0,30.0,4327.655196228148,21.251016084814919,35.036574088159117,22.0,30.0,0.0,19.786489114576218,38.37489419056352,16.0,30.0,0.0,15.187542201505697,51.97487648232419,12.0,30.0,10.508958169772987,19.24244221204204,40.20169619928499,19.0,30.0,0.0,17.666484570953494,43.95422044486034,10.0,30.0,770.9709061242031,16.81874612604013,47.09095438028915,16.75,30.0,1405.2044956137655,19.968117004817527,38.410783886317478,20.0,30.0,0.0,18.591009555369156,0.0,0.0,0.0,12.716106753406317,0.0,0.0,457.71008859744907,460.95386686939767,457.3181619546981,456.6795809350361,518.1375498989976,701.3822650838326,478.25209609550128,621.8456717108725,633.0622541892187,11505.531391359764,80.39684718895185,87.87302960338066,60.0,0.0,60.0,60.0,16.0,16.0,19.0,19.0,16.0,12.0,21.0,10.0,1.0,0.0,1920.7123985419478,0.0,4327.655196228148,0.0,10.508958169772987,0.0,770.9709061242031,1405.2044956137655,11313.39243001278,6788035.458007668,8874683.109265507,80.39684718895185,88.0,0.37711308100042598,0.7649229164617546,0.36028137401965956,88.0,0.3542647819438875,8874683.109265507,0.4629568550151398 
 02/24  06:40:00,7.263333333333334,82.33333333333334,8.18,0.0,0.0,0.0,0.0,0.0,2.0,2.0,0.0,0.0,0.0,0.0,0.0,660.0,0.0,0.0,0.0,0.0,0.0,0.0,0.0,0.0,0.0,0.0,0.0,20.02210773630745,-1154.831814959729,18.733677515932457,1070.2086392575134,20.52182027061264,-3207.4963583798455,19.12368710600304,973.6485510029143,15.173240992572154,40.89847926755145,18.660990687460364,-72.70699318777398,17.360922856942424,421.45521677550519,15.879228819340206,-328.5393736020819,18.41367213404302,-113.33332274909108,1404.9157086507403,763.1394164334656,0.0,0.0,0.0,0.0,0.0,0.0,0.0,0.0,0.0,0.0,0.0,0.0,0.0,0.0,0.0,0.0,0.0,0.0,0.0,0.0,0.0,0.0,1.3307204778804072,0.4062028320758264,476.7698845215962,555.4552230058487,13284.68381402114,0.3817562463290423,0.05826560536157545,402.3476927872118,471.13197379336517,10062.021655735487,1.038283829170933,0.19619875834673723,571.946964497838,665.1348225471149,16469.63829409209,0.31697635646550317,0.059897270685091288,368.8671444404869,431.1135210140592,9597.119254358768,0.0,0.0,14.701940183726679,17.494712855530776,235.3126238183121,0.0,0.0,17.856448765829965,20.91434530802635,443.8390137781027,0.0,0.0,110.36606992247302,129.96323672241548,2415.867963722248,0.0,0.0,48.59810784828852,57.627612942233039,872.5860386801891,0.0,0.0,29.032814593499809,34.05045412820221,699.418911614204,44.726371813422897,30.67652387751914,761.1858560200651,893.5336368625415,19002.41864584733,0.0,0.0,65.0851868837231,78.08707916371832,741.5139707565945,1867.890652459073,21.40866480816114,34.58573230353188,22.0,30.0,0.0,19.916094044187977,37.9544569461338,16.0,30.0,4118.9357822381739,21.92315672876611,33.49763071355845,22.0,30.0,0.0,20.445114367869487,36.71262631435715,16.0,30.0,0.0,15.220825649037196,51.63558484713466,12.0,30.0,1003.561222076796,19.82240751651522,38.624069061523147,19.75,30.0,0.0,18.26838548021721,42.20333192008485,10.0,30.0,451.5881977555428,16.218707393935547,48.59435544420379,16.25,30.0,0.0,19.43187655563205,39.62159138274309,19.0,30.0,0.0,19.186659456684244,0.0,0.0,0.0,12.86136647446851,0.0,0.0,461.16495932028558,464.0956773102598,460.75748028776868,462.1917776375031,517.4872883518873,695.3500218964042,489.9478678077172,591.8560699295024,647.3503770311312,11218.036592691387,80.58705141619036,87.87620595755522,60.0,0.0,60.0,60.0,16.0,16.0,19.0,19.0,16.0,12.0,21.0,10.0,1.0,0.0,1867.890652459073,0.0,4118.9357822381739,0.0,1003.561222076796,0.0,451.5881977555428,0.0,11030.698709202508,6618419.225521504,8667092.05465598,80.58705141619036,88.0,0.3676899569734169,0.7636432231836139,0.36028137401965956,88.0,0.3542647819438875,8667092.05465598,0.45220878684211116 
 02/24  06:50:00,7.236666666666666,82.16666666666667,8.19,0.0,0.0,0.0,0.0,0.0,2.0,2.0,0.0,0.0,0.0,0.0,0.0,1650.0,0.0,0.0,0.0,0.0,0.0,0.0,0.0,0.0,0.0,0.0,0.0,20.150805497244038,-1315.3926481911699,18.966474722124564,843.1396277940721,20.473957342074486,-2148.703451108204,19.312513892025878,677.3530442238769,15.184351301641144,41.944467606837118,18.426362245354448,-48.62757436232535,17.596851897521185,402.3688257806813,16.116023075276634,-337.963776979818,18.53242789516539,-89.91405154658672,1396.2405309308286,747.7641206156319,0.0,0.0,0.0,0.0,0.0,0.0,0.0,0.0,0.0,0.0,0.0,0.0,0.0,0.0,0.0,0.0,0.0,0.0,0.0,0.0,0.0,0.0,1.3595742797041904,0.4150104638901681,451.87203679578365,526.7459350502115,12657.594801904492,0.36190334359299006,0.05523555305143317,365.7178367090671,428.13068594535675,9352.030633666986,1.154710469140641,0.21819925720722628,457.4761222587421,532.6572275077352,12997.393699433676,0.3123727994346931,0.05902736194911055,319.45808785929855,373.37403139915917,8418.493122090413,0.0,0.0,14.325054185117095,17.056582752257556,230.68327073217663,0.0,0.0,16.845458827712105,19.773900805813239,404.76084570386959,0.0,0.0,108.04609969649265,127.17371505943996,2438.7907945967929,0.0,0.0,44.72631389728394,52.98860029570205,842.5078158411045,0.0,0.0,25.918617531168615,30.389937713388503,634.7724563323951,45.05088341578124,30.899096992991266,675.5820724799021,793.2217662143182,17180.246063236802,0.0,0.0,62.09312403300288,74.5357302998178,713.2050205122802,1843.4016097542499,21.454194631588519,34.34627810519441,21.999999999999998,30.0,0.0,20.189046577341136,37.17560255324047,15.999999999999999,30.0,2457.9418024415438,21.605924385127798,34.03144787053703,21.599999999999999,30.0,0.0,20.596527834531078,36.2421044120332,15.999999999999999,30.0,0.0,15.244653524572687,51.36612403372498,12.0,30.0,0.0,19.371417654885076,39.603814986712809,19.0,30.0,0.0,18.6008085522206,41.15813318304449,10.0,30.0,403.7816067498676,16.675912018733773,46.96454666677765,16.4,30.0,895.5873607371258,19.55515676399183,39.21865957927194,19.4,30.0,0.0,19.285134340994639,0.0,0.0,0.0,12.876713150375549,0.0,0.0,464.79910253698417,468.34453786795378,464.8174774516601,466.8723733753299,513.7689156842102,701.4414931603139,484.72954247419457,560.733067997946,660.6318695412228,10276.520028753255,81.20974101449622,84.20436682732623,60.0,0.0,60.0,60.0,16.0,16.0,19.0,19.0,16.0,12.0,21.0,10.0,1.0,0.0,1843.4016097542499,0.0,2457.9418024415438,0.0,0.0,0.0,403.7816067498676,895.5873607371258,4531.6193587957009,2718971.6152774209,3535270.246953588,81.20974101449622,84.25522551510353,0.3550539786265233,0.7686075504616265,0.3602813740196596,84.25522551510353,0.3542647819438876,3535270.246953588,0.18538405284158655 
 02/24  07:00:00,7.21,82.0,8.2,0.0,0.0,0.0,0.0,0.0,2.0,2.0,0.0,0.0,0.0,0.0,0.0,495.0,0.0,0.0,0.0,0.0,0.0,0.0,0.0,0.0,0.0,0.0,0.0,20.21832955884394,-1225.6382981765913,19.05805586810478,627.2466456897078,20.554840452409829,-1805.192444628828,19.354372271281016,553.9359655351134,15.19441743824975,40.92239260423775,18.60946516912417,-46.94490401636445,17.72600877505721,325.5483699999652,16.107027442977825,-347.73003377784496,18.354106452207014,-70.34581700396399,1361.6185409149996,776.9549755519772,0.0,0.0,0.0,0.0,0.0,0.0,0.0,0.0,0.0,0.0,0.0,0.0,0.0,0.0,0.0,0.0,0.0,0.0,0.0,0.0,0.0,0.0,1.4039701931423765,0.42856233001904089,455.41316702620397,530.5124298042297,12735.204734566953,0.3418989051975752,0.052182372588152548,318.85758813585076,372.9184171166904,8209.423037610492,1.202973825530619,0.22731931699369246,442.9489621536019,515.3552348353632,12505.419224861496,0.30804900860268688,0.058210319085919687,265.69948244109096,310.1697011858661,7028.066048153374,0.0,0.0,13.809287654536796,16.425867153484938,223.67114218170139,0.0,0.0,15.281256699611998,17.91107048143475,373.48429622665028,0.0,0.0,109.32264841312613,128.4894821963399,2504.4122607858605,0.0,0.0,47.86433652914594,56.66853211883325,899.2641226758394,0.0,0.0,22.980580639059345,26.968032689274236,548.2212936049392,45.235235048603367,31.02553844211483,615.209495239394,721.77427545467,15733.24229306461,0.0,0.0,65.48439185245636,78.51061595382689,768.8076729809898,1844.1742036432016,21.490908379731669,34.23811954182375,22.000000000000019,30.00000000000002,0.0,20.24587222568431,36.973316730853067,16.000000000000015,30.00000000000002,2680.4401060886195,21.561450070953496,34.07863081976065,21.666666666666687,30.00000000000002,0.0,20.55488273192017,36.28804482527455,16.000000000000015,30.00000000000002,0.0,15.264367018801878,51.09227736765405,12.00000000000001,30.00000000000002,987.7394392233066,19.576768094926388,38.97434467260511,19.666666666666683,30.00000000000002,0.0,18.746610179335425,40.69129582275252,10.000000000000007,30.00000000000002,826.5289288010949,16.594197234452428,46.99791472878013,16.66666666666668,30.00000000000002,0.0,19.2268256280447,39.85622118625483,19.000000000000015,30.00000000000002,0.0,19.2484408728455,0.0,0.0,0.0,12.976175278458915,0.0,0.0,466.80355829897516,470.0914852736797,466.4242531700359,470.8425450218285,507.45058588915426,709.7091336874587,483.58473847951748,538.9074318667204,663.5016271554218,11133.243995791789,80.64315755571632,87.87714291344259,60.00000000000004,0.0,60.00000000000004,60.00000000000004,16.0,16.0,19.0,19.0,16.0,12.0,21.0,10.0,1.0,0.0,1844.1742036432016,0.0,2680.4401060886195,0.0,987.7394392233066,0.0,826.5289288010949,0.0,10947.322123519083,6568393.274111444,8612501.981149545,80.64315755571632,88.00000000000007,0.3649107374506361,0.7626407618478096,0.3602813740196598,88.00000000000007,0.3542647819438878,8612501.981149545,0.4494301030197764 
 02/24  07:10:00,7.273333333333333,81.50000000000002,8.195,0.0,0.0,0.0,0.0,0.0,2.0,2.0,0.0,0.0,0.0,0.0,0.0,825.0,0.0,0.0,0.0,0.0,0.0,0.0,0.0,0.0,0.0,0.0,0.0,20.287023382757896,-871.3800623442633,19.069869314327968,784.6343568554032,20.654270034971125,-2499.79566109226,19.474040892321438,714.6913785658355,15.199363452346369,42.869569050403729,18.65023618814592,-47.16785602854286,17.787595250167909,375.83455250787639,16.964854769985569,-351.7458349813196,18.946604823735176,-76.37007042295407,1383.9071301490877,670.602502541967,0.0,0.0,0.0,0.0,0.0,0.0,0.0,0.0,0.0,0.0,0.0,0.0,0.0,0.0,0.0,0.0,0.0,0.0,0.0,0.0,0.0,0.0,1.3715903962298324,0.41867838712754348,425.55802346199388,495.87266344869757,11861.899839850686,0.3625246728822385,0.05533038352903519,355.9731278414043,416.4735638872601,9093.926897139192,1.1014825494534717,0.2081410713252971,520.8664623703336,606.2417675494286,14825.884097388394,0.30633873118474366,0.05788713741208307,331.6119115782126,387.33888763180109,8782.50439727129,0.0,0.0,14.271665260814248,16.983900567520398,229.6001915476008,0.0,0.0,16.708061580899689,19.586197971115554,406.48629024655147,0.0,0.0,96.78153553811763,113.82086101334564,2212.567317987031,0.0,0.0,35.09631736962588,41.40956999923902,743.6653088588355,0.0,0.0,24.723927701153987,28.929416232003214,622.1819312897948,45.469073169274967,31.185921240929337,677.7121571768455,795.1870364357469,17303.49337587097,0.0,0.0,52.53354001325131,63.076513160762697,593.1448515065906,1246.913421038481,21.403536566461449,34.317562737647737,21.6,30.0,0.0,20.204853539836223,36.99730239350929,16.0,30.0,2629.686560115909,21.732046734123064,33.61614953518864,21.8,30.0,0.0,20.706973339917619,35.833057743004477,16.0,30.0,0.0,15.273128387926777,50.92007437407285,12.000000000000002,30.0,0.0,19.577208541008568,40.307075488818458,19.0,30.0,0.0,18.79182923200296,40.449985152387927,10.0,30.0,1326.890111643368,17.993039674320163,42.88845133604773,20.7,30.0,1230.4639081930257,19.918471050353966,39.19169302728984,19.6,30.0,0.0,19.372712626879534,0.0,0.0,0.0,12.81374335619656,0.0,0.0,468.09025844188,472.2654994621315,467.74005177169786,469.790678027073,502.0965061523858,746.2642633884414,478.17373451024948,525.6638969302121,695.8160006113624,9909.623655328804,81.45241458882778,84.34225511101985,60.0,0.0,60.0,60.0,16.0,16.0,19.0,19.0,19.7,12.0,21.0,10.0,1.0,0.0,1246.913421038481,0.0,2629.686560115909,0.0,0.0,0.0,1326.890111643368,1230.4639081930257,4373.260407182443,2623956.2443094656,3419639.599918344,81.45241458882778,84.39133419669882,0.3497753469060814,0.7675916779119605,0.36028137401965956,84.39133419669882,0.35426478194388757,3419639.599918344,0.17943125919575388 
 02/24  07:20:00,7.336666666666668,81.0,8.19,9.166666666666668,122.5,0.0,0.0,0.0,2.0,2.0,0.0,0.0,0.0,0.0,0.0,825.0,0.0,18.43564945108911,19.509510967426658,49.99211182717701,0.5527960328077036,14.71342661385875,0.0,19.50951096742662,26.670980601246684,0.0,0.0,20.401835380996454,-1469.9997791520364,19.175081735738816,709.1288683309657,20.316971708280513,-1363.784178715865,19.533974963584613,466.4873132492307,15.204580524461033,37.59950468103506,18.484856449015877,-42.8045769469831,17.929363641542368,391.41682027846357,18.008234973502995,-45.078030487549579,18.698937538230547,-34.86669593255563,1326.5127256493288,323.1072202010916,0.0,0.0,0.0,0.0,0.0,0.0,0.0,0.0,0.0,0.0,0.0,0.0,0.0,0.0,0.0,0.0,0.0,0.0,0.0,0.0,0.0,0.0,1.3368018580233053,0.40805917522078918,448.95183504059329,523.030413343555,12493.826557484266,0.3343158656095616,0.05102501001366935,325.19241224658728,380.3178264240844,8329.020010319846,1.1849016140997828,0.2239043110543808,374.6596711906385,436.5311420109058,10446.457063493439,0.30110246464536608,0.05689766905619161,277.7708207231292,324.5329321077379,7306.925415657023,0.0,0.0,13.919910085962759,16.56697329494122,222.34853392806955,0.0,0.0,15.790602586272837,18.535534559989345,370.07508675829447,0.0,0.0,79.48230310944993,93.39795397044839,1837.8305888418129,0.0,0.0,13.731940099403153,16.095044959752735,336.1203234200299,0.0,0.0,16.53482380492781,19.38084117632395,403.8274742420035,45.50235669122111,31.20874944528198,593.7098475109465,696.8434845180888,15119.82557787672,0.0,0.0,22.751890921985685,27.36500732570713,231.58100188431772,1865.4377271613708,21.52726720260094,33.9069137438374,22.0,30.0,0.0,20.302291099752045,36.65274661349479,16.0,30.0,1802.29746630155,21.431277907663529,34.12012616987699,21.400000000000003,30.0,0.0,20.662706285442025,35.8299581897211,16.0,30.0,0.0,15.279195624196803,50.76493740675974,12.000000000000002,30.0,403.72893819833277,19.16168941059763,42.84173734361227,19.200000000000004,30.0,0.0,18.988200228949787,39.71513113699454,10.0,30.0,1310.3312943493787,19.68604411472251,38.506915614724778,20.7,30.0,0.0,19.669428859264558,41.17166138713567,19.0,30.0,0.0,19.2755305314357,0.0,0.0,0.0,12.3151822388291,0.0,0.0,469.54980921702858,475.4403906511272,469.8433562004292,473.6727012717078,498.9377780231226,776.5595534408255,469.8378790535865,515.7078937598972,729.4709161225139,10340.213998405872,81.16769083814244,85.35561906575528,60.0,0.0,60.0,60.0,16.0,16.0,19.0,19.0,19.7,12.0,21.0,10.0,1.0,0.0,1865.4377271613708,0.0,1802.29746630155,0.0,403.72893819833277,0.0,1310.3312943493787,0.0,6337.906568379608,3802743.941027764,4945976.613573911,81.16769083814244,85.42674399002772,0.34726355227932029,0.7684793802050902,0.36028137401965956,85.42674399002772,0.35426478194388757,4945976.613573911,0.2587974505725101 
 02/24  07:30:00,7.4,80.5,8.184999999999999,11.0,147.0,0.0,0.0,0.0,2.0,2.0,0.0,0.0,0.0,0.0,0.0,660.0,0.0,23.11853064394217,19.875912057247509,50.93103792010451,0.6932161870408165,18.45085213557147,0.0,19.87591205724746,27.171878669640266,0.0,0.0,20.444243864451829,-1367.4555219432319,19.28147145235178,750.557124100711,20.345582452209308,-1540.946638792946,19.577448734906797,550.2048810162237,15.205890694326595,37.98209170884623,19.111216215362484,-55.050573750405309,18.051777797379019,382.8034008187973,18.596842069864857,-60.382149331097128,18.667652170768759,-155.01838316245043,1355.8464598961382,455.30456559114335,0.0,0.0,0.0,0.0,0.0,0.0,0.0,0.0,0.0,0.0,0.0,0.0,0.0,0.0,0.0,0.0,0.0,0.0,0.0,0.0,0.0,0.0,1.3269286922482549,0.4050453883541682,450.1618780991547,524.2935550928426,12502.255067364782,0.3428082046243225,0.05232115455194177,343.75967954814578,401.93355753776975,8840.920366649501,1.1759687257180898,0.22221631249397018,391.20654774196506,455.8028108581279,10943.861415987516,0.30432632822358149,0.05750686474368506,289.4800468690376,338.262207646627,7596.777515929185,0.0,0.0,14.0276081135821,16.69376912342593,222.3271857034042,0.0,0.0,16.04503830043821,18.761895846216104,406.13825086849979,0.0,0.0,78.72250453539815,92.4459051217903,1834.1218248418823,0.0,0.0,24.26156949985554,28.342532374152535,629.4277546326165,0.0,0.0,19.609822759045387,22.993495936130999,462.96378048781079,45.734134336637108,31.3677190237566,624.5657091698913,732.9165085018603,15921.18505202707,0.0,0.0,29.052071220408715,34.906965673972518,294.03847300184835,1796.1357673229025,21.523393108955138,33.878711741992237,22.0,30.0,0.0,20.430135124011497,36.31081647925691,16.0,30.0,2043.9889220749499,21.500325972007024,33.93563331130635,21.5,30.0,0.0,20.693794829828513,35.73770747683275,16.0,30.0,0.0,15.279909519504736,50.64643739578476,12.0,30.0,893.5020076804291,20.217903251702418,40.99413564009108,19.5,30.0,0.0,19.147025809614076,39.25352310568022,10.0,30.0,658.5262141340938,20.54659526759535,36.531050722668698,20.2,30.0,708.2115436016009,19.306846874970316,43.04466005399282,19.25,30.0,0.0,19.398116617973078,0.0,0.0,0.0,12.3291373606065,0.0,0.0,470.8781257031823,475.76785657247236,471.19760241885799,476.97423694549539,496.7325672837343,801.3124679115894,470.2910024559662,512.3872373638278,763.531050916705,10493.483239099558,81.06627722839818,86.45879933228454,60.0,0.0,60.0,60.0,16.0,16.0,19.0,19.0,19.7,12.0,21.0,10.0,1.0,0.0,1796.1357673229025,0.0,2043.9889220749499,0.0,893.5020076804291,0.0,658.5262141340938,708.2115436016009,8160.663077297465,4896397.846378479,6391502.264013608,81.06627722839818,86.55038225955336,0.35702210257658226,0.7656449816115126,0.36028137401965956,86.55038225955336,0.3542647819438875,6391502.264013608,0.33396145106204097 
 02/24  07:40:00,7.463333333333333,80.0,8.18,18.333333333333333,134.5,0.0,0.0,1.0,2.0,0.0,0.0,0.0,0.0,0.0,4.0,1320.0,0.0,34.176157146023687,19.076815590366956,48.88347055189327,1.0247838901798408,27.275936555955096,0.0,19.076815590366914,26.079453216112506,0.0,0.0,20.373731228336838,-1451.2183863532624,19.31131361617551,526.299866424177,20.662772406460858,-1272.598919527041,19.597102205707917,497.8168405788398,15.209362801877614,37.55430027699904,18.757444363861237,-64.02972619456863,17.403303386807204,-500.1325066637262,18.554150237919545,-127.6526040225688,18.462499404020777,-370.8708153410563,1331.3540219152674,1721.202543267872,0.0,0.0,0.0,0.0,0.0,0.0,0.0,0.0,0.0,0.0,0.0,0.0,0.0,0.0,0.0,0.0,0.0,0.0,0.0,0.0,0.0,0.0,1.3777381233615334,0.42055498271109068,365.5027009119734,426.3243471811473,9995.94656831102,0.32633394285906877,0.0498067678356332,298.5821304733032,349.37410199794888,7622.242602488515,1.0766525094538533,0.20344907586051656,296.16125433752867,345.25649282958588,8245.414755393167,0.2868815362060564,0.05421041878421321,287.5465197657319,336.2607437766407,7492.432765531568,0.0,0.0,14.086788258786653,16.773844576895607,221.58825754296107,0.0,0.0,15.770744284069796,18.483816905280798,381.34643505338877,0.0,0.0,227.35492435299254,268.39010121312728,4627.194258342397,0.0,0.0,31.577393528788087,36.9091040763858,809.4590114339829,0.0,0.0,157.94933920613756,185.51459197816667,3649.1285678704005,45.78217131822396,31.40066619905623,576.8235224313071,677.4415755840652,14662.05657243652,0.0,0.0,161.52634604551737,192.98715433411437,2182.602481015726,1840.2425918935019,21.32871529779396,34.40215431282769,22.0,30.0,0.0,20.398380337493934,36.45268368307391,16.0,30.0,1849.8815375529035,21.54595587518955,34.498275020128648,21.5,30.0,0.0,20.670331401755868,36.22459600033147,19.0,30.0,0.0,15.28405316320988,50.83582344705137,12.0,30.0,0.0,19.68951909674244,43.14922044396686,19.0,30.0,0.0,17.770033773306119,43.903608877585217,10.0,30.0,876.7657337435679,20.38236530357376,37.90789795436616,20.325,30.0,0.0,19.165212283688886,40.78496350088674,12.0,30.0,0.0,19.36492685906012,0.0,0.0,0.0,14.041138023635437,0.0,0.0,485.3302267702489,485.6874051575213,516.6605089916056,506.06614673628419,510.2319741946176,829.2237026672254,542.4156135389453,578.4056099296374,581.928591906448,10266.122777509321,81.21669769207262,84.69772998545742,220.0,0.0,220.0,220.0,16.0,19.0,19.0,12.0,19.7,12.0,21.0,10.0,1.0,0.0,1840.2425918935019,0.0,1849.8815375529035,0.0,0.0,0.0,876.7657337435679,0.0,5268.123853434667,3160874.3120608006,4118487.7958041366,81.21669769207262,84.75684947003323,0.34560412844782226,0.7685003332703216,0.36028137401965956,84.75684947003323,0.3542647819438875,4118487.7958041366,0.22002803204848177 
 02/24  07:50:00,7.526666666666666,79.5,8.175,25.666666666666666,122.0,0.0,0.0,1.0,2.0,0.0,0.0,0.0,0.0,0.0,4.0,495.0,0.0,46.67493754185359,19.119318557655956,48.992449612727209,1.3995631342958793,37.25118229496985,0.0,19.119318557655917,26.137557994748577,0.0,0.0,20.358272142477149,-1433.8610270454154,19.272906523691398,552.1396499057232,20.75513532002386,-1695.6213686617612,19.67790180523227,741.1121516148876,15.20879094981861,31.93007570228884,18.399737531624177,-72.63840543422151,16.815173510886426,-23.34050946704491,18.383487964664825,-152.3515036961612,17.81599304066331,-310.88242898541008,1353.046630730714,1473.9133752243629,0.0,0.0,0.0,0.0,0.0,0.0,0.0,0.0,0.0,0.0,0.0,0.0,0.0,0.0,0.0,0.0,0.0,0.0,0.0,0.0,0.0,0.0,1.449173479793769,0.4423606470676955,370.7092673356661,432.1090010282831,10049.278339338534,0.3396607696819601,0.05184077681348601,302.3294844648952,353.5799112571965,7614.896059389769,0.849563254958545,0.16053727417961945,366.0515655332133,425.8714998722222,10252.870581320303,0.2829114622898957,0.0534602158522101,350.993627377495,409.697284816698,9182.922578813203,0.0,0.0,14.090049002381513,16.763449380950744,219.78055469571457,0.0,0.0,16.740322605833826,19.64019512906506,383.95404248776347,0.0,0.0,243.6304360401801,288.2804516582056,4544.653341539472,0.0,0.0,37.890353964287879,44.35279423044646,927.5871496924016,0.0,0.0,165.51407096382324,195.02549242499036,3482.5925730483165,45.94591493392699,31.51297320571128,643.326299838292,754.4508994715419,16260.653808018395,0.0,0.0,174.14793508753244,207.66860105685178,2492.3085648073727,1804.7520362059286,21.261903225860246,34.69763904138166,22.000000000000019,30.00000000000002,0.0,20.281229805893113,36.85289408116892,16.000000000000015,30.00000000000002,1632.5355952426569,21.76615943810124,34.14257417087712,21.666666666666687,30.00000000000002,0.0,20.78940892467388,36.16448761197851,19.000000000000015,30.00000000000002,0.0,15.2798353832176,51.32233067688274,12.00000000000001,30.00000000000002,64.86418491553121,19.09016073866561,45.300734463084229,19.000000000000015,30.00000000000002,0.0,16.854415116128963,46.601322252642329,10.000000000000007,30.00000000000002,556.0581149341248,19.901595603485008,39.65282869606998,20.03333333333335,30.00000000000002,0.0,18.087421311307016,43.11001784141318,12.00000000000001,30.00000000000002,0.0,19.459748659412879,0.0,0.0,0.0,14.600259247674617,0.0,0.0,497.0413062267222,496.6463811662534,523.1812538121714,518.8964837565308,536.7805946252015,850.2805235479784,548.8740415159475,615.3035436085594,549.1084508066915,7308.472523401568,83.1723158169406,83.1723158169406,220.00000000000018,0.0,220.00000000000018,220.00000000000018,16.0,19.0,19.0,12.0,19.7,12.0,21.0,10.0,1.0,0.0,1804.7520362059286,0.0,1632.5355952426569,0.0,64.86418491553121,0.0,556.0581149341248,0.0,0.0,0.0,0.0,83.1723158169406,83.1723158169406,0.3400000000000003,0.767373314720467,0.3602813740196598,83.1723158169406,0.3542647819438878,0.0,0.005842222222222223 
 02/24  08:00:00,7.59,79.0,8.17,33.0,109.5,0.0,0.0,1.0,2.0,0.0,0.0,0.0,0.0,0.0,4.0,660.0,0.0,55.977553773671257,16.909757651776109,43.33063696658806,1.6785063891911496,44.67559735714445,0.0,16.909757651776088,23.116920719094347,0.0,0.0,20.382807751238294,-1496.388470069488,19.27764042274788,552.5293956335945,20.706983729595529,-1324.2798519375038,19.756942566238729,511.59463105879947,15.203312282613809,28.180447083002805,18.854230669937278,-104.32294158795173,16.86886414754214,98.59445249123928,18.75176915669781,-272.64474637453318,17.465970777020208,-148.7778736915477,1293.2176775767858,1156.2058936876215,0.0,0.0,0.0,0.0,0.0,0.0,0.0,0.0,0.0,0.0,0.0,0.0,0.0,0.0,0.0,0.0,0.0,0.0,0.0,0.0,0.0,0.0,1.4149816304807004,0.4319235746278084,373.7839434203996,435.94508624409886,10068.322613999533,0.3348133928923156,0.05110094519113485,304.3010316608429,356.1066292569857,7605.354510264757,0.878051096195343,0.16592046413366277,300.6223825434756,350.0895383357277,8256.643791923461,0.2602039281287871,0.049169298588206167,288.01518517192366,336.19014315492236,7527.659252877711,0.0,0.0,13.732957778342751,16.34660239570597,212.13904105181326,0.0,0.0,17.649456472608727,20.665311445809004,427.98314149568275,0.0,0.0,198.655179351513,235.10895203968438,3739.428088873944,0.0,0.0,47.789831251998268,55.846461736745258,1218.7861584120465,0.0,0.0,114.71610008277887,135.52544187694347,2288.0700844239975,46.00244597012693,31.551746207220128,581.7864737530292,682.7070548767775,14636.340360061244,0.0,0.0,127.4229768428946,152.27992764180406,1709.3975617686227,1861.5514726971076,21.239653872515086,34.86824532802213,22.0,30.0,0.0,20.243919801056209,37.092605045741787,16.0,30.0,1604.5561768998219,21.59213225662641,34.7702527022136,21.5,30.0,0.0,20.82553399187233,36.362858381924237,19.0,30.0,0.0,15.267519144469154,51.530957086368328,12.0,30.0,954.0281546473325,19.841964487379529,43.26876590719869,19.75,30.0,0.0,17.015825132056454,46.063467094907,10.0,30.0,850.6446628495073,20.510735735002933,38.07034378252862,20.45,30.0,0.0,17.573567293228096,44.503491242021429,12.0,30.0,0.0,19.345094790179468,0.0,0.0,0.0,14.187766524821424,0.0,0.0,507.142636539969,508.03216250476808,543.808661410542,538.1952844267643,545.4608904122599,854.4771019924252,544.1258780669323,607.9304297231849,546.6261661177163,10664.151232035883,80.95335071698864,86.50231904807382,220.0,0.0,220.0,220.0,16.0,19.0,19.0,12.0,19.7,12.0,21.0,10.0,1.0,0.0,1861.5514726971076,0.0,1604.5561768998219,0.0,954.0281546473325,0.0,850.6446628495073,0.0,8397.154313142477,5038292.587885486,6592224.127855241,80.95335071698864,86.59655895164629,0.3649051437714159,0.764199818669423,0.36028137401965956,86.59655895164629,0.3542647819438875,6592224.127855241,0.3486134324262503 
 02/24  08:10:00,7.7,78.83333333333334,8.036666666666667,40.333333333333339,97.0,0.0,4.0,0.0,0.0,0.0,0.0,0.0,0.0,0.0,0.0,990.0,0.0,67.23475895239344,17.67807232471816,45.2994583635586,2.0160562880567167,53.65994081220169,0.0,17.67807232471814,24.167265126594054,0.0,0.0,20.53792589576949,-1315.743413995665,19.323210777484755,682.9521908740092,20.664884351027376,-1014.4999282897055,19.74173870457068,-34.94521609024412,15.202940473280624,34.243046975151,18.47970909460213,-251.60339180957707,17.33636541283896,514.6736084992313,18.071917377883726,-104.56744195155339,17.165152283792879,-549.2471283120882,1096.5451803896922,1066.910963023601,0.0,0.0,0.0,0.0,0.0,0.0,0.0,0.0,0.0,0.0,0.0,0.0,0.0,0.0,0.0,0.0,0.0,0.0,0.0,0.0,0.0,0.0,1.313961045429691,0.40108701020442347,433.3274014966819,505.21099720236358,11728.356719233181,0.3424501891529085,0.05226651238597503,341.5997805026291,399.77190896370237,8491.53594084502,1.0190983847935678,0.19257339092848978,202.25135026084787,235.58734838446723,5554.318399833953,0.2818088774420556,0.05325186648564919,21.671722166956895,25.311149520903454,559.5966968084326,0.0,0.0,12.8366507358989,15.287709863826287,195.41791661099675,0.0,0.0,80.92356518671308,95.10436279128473,1840.659698430952,0.0,0.0,241.83411323212085,285.2344577886608,4938.416027375931,0.0,0.0,33.01968843484125,38.79322338938756,761.3465475721176,0.0,0.0,116.63685540582395,137.93468454413529,2168.6697779498679,45.756142588665777,31.382813846821528,369.6323904731522,434.8088622093628,9143.024265497177,0.0,0.0,124.04189421004887,148.17164788962308,1613.3595105627479,1817.0283692199813,21.436935708411334,34.58280787843265,21.999999999999994,30.0,0.0,20.283940842001419,37.17100223803623,15.999999999999999,30.0,1585.672282807342,21.56370943612373,34.339227832719917,21.499999999999998,30.0,0.0,20.657453230105856,39.39296962482367,18.999999999999998,30.0,0.0,15.265990091459998,51.84730526125651,11.999999999999997,30.0,0.0,19.11916191476437,42.10400565125776,15.999999999999999,30.0,0.0,17.943016492532505,44.26830598747833,9.999999999999999,30.0,0.0,19.245746788885407,40.771491476479,15.999999999999999,30.0,0.0,17.099694365254867,46.277598307624419,11.999999999999997,30.0,0.0,18.784359812676507,0.0,0.0,0.0,13.998902045935818,0.0,0.0,519.1526632803425,521.0096150479203,519.161928261182,694.5164702279711,560.4936952924983,655.2432310131155,591.8350072467168,586.7839938388229,567.8078897633856,9993.3642413737,81.39707539723807,83.72773339831932,132.0,0.0,132.0,132.0,16.0,19.0,16.0,12.0,16.0,12.0,21.0,10.0,1.0,0.0,1817.0283692199813,0.0,1585.672282807342,0.0,0.0,0.0,0.0,0.0,3527.1565374304266,2116293.922458256,2756010.7261996318,81.39707539723807,83.76731570843124,0.3442385512476808,0.7678127362325261,0.3602813740196595,83.76731570843124,0.3542647819438874,2756010.7261996318,0.14678855776238085 
 02/24  08:20:00,7.8100000000000009,78.66666666666667,7.903333333333334,47.66666666666667,84.5,0.0,4.0,0.0,0.0,0.0,0.0,0.0,0.0,0.0,0.0,495.0,0.0,76.83971919476777,18.62933899335893,47.73707944089845,2.3040638311339527,61.325638709268009,0.0,18.629338993358926,25.467718782674486,0.0,0.0,20.46131367144231,-1493.1004629330294,19.399701606419329,469.60249029965288,20.55898865070077,-490.9558535715859,19.577058770585006,-65.32444579156339,15.214585721050663,40.53771015170854,18.066008512534205,-58.159857441910848,17.508160042139289,109.38200542913488,17.446551235361043,-26.927898972357825,16.62118808154646,-567.5139238482786,1070.551342825828,1347.001170804744,0.0,0.0,0.0,0.0,0.0,0.0,0.0,0.0,0.0,0.0,0.0,0.0,0.0,0.0,0.0,0.0,0.0,0.0,0.0,0.0,0.0,0.0,1.3135660157611045,0.40096642727750439,413.665113732226,482.5341189027889,10938.889156547079,0.3109693252562557,0.04746174072897675,283.51949889271966,331.7172267982768,7035.3687909331479,1.171870754103664,0.2214419414406017,166.17086423542887,193.72505802788388,4434.699959361737,0.26778748142001448,0.05060232075208132,18.34918642036142,21.4490120328083,459.9796697582693,0.0,0.0,11.8786786655238,14.134929832894408,178.69624129269176,0.0,0.0,52.590034800538337,61.91765558013508,1117.2542241469176,0.0,0.0,282.71339385349816,333.0853519792917,5794.798907533723,0.0,0.0,21.346796047561506,25.156122792571265,441.7619796363965,0.0,0.0,188.5897297590521,223.5772026493313,3177.9225245972377,45.38634056297167,31.12917734085849,345.77499557945068,406.60034677691558,8566.5372791962,0.0,0.0,193.02538874037337,229.98950869415592,2713.836105175544,1852.1991657795925,21.296961253445834,34.89156402830152,21.999999999999994,29.999999999999998,0.0,20.358764063798099,37.021142207961627,15.999999999999997,29.999999999999998,1183.6415304274784,21.298917028923154,34.85170431984466,21.33333333333333,29.999999999999998,0.0,20.32060825310988,43.45134164498798,18.999999999999998,29.999999999999998,0.0,15.285496231874705,52.014423714080788,11.999999999999997,29.999999999999998,0.0,18.468250620102269,42.76856949755292,15.999999999999997,29.999999999999998,0.0,18.114412769145308,43.3600024757227,9.999999999999999,29.999999999999998,0.0,18.166163566119605,43.48826539012357,15.999999999999997,29.999999999999998,0.0,16.238482861010885,49.14021353276562,11.999999999999997,29.999999999999998,0.0,18.74156952081014,0.0,0.0,0.0,14.723294894380912,0.0,0.0,521.0216306647171,524.2548043613805,518.697565922254,886.7360110081306,572.0673068636821,588.9131672175347,567.3313759243253,581.6504405617436,582.5219587746494,10826.586525522178,80.84600480988745,85.65904566478855,132.0,0.0,132.0,132.0,16.0,19.0,16.0,12.0,16.0,12.0,21.0,10.0,1.0,0.0,1852.1991657795925,0.0,1183.6415304274784,0.0,0.0,0.0,0.0,0.0,7283.688511475193,4370213.1068851179,5692303.548709257,80.84600480988745,85.74078707670387,0.35612295038250649,0.7690675717270068,0.3602813740196595,85.74078707670387,0.35426478194388746,5692303.548709257,0.29949778453288136 
 02/24  08:30:00,7.92,78.5,7.77,55.0,72.0,0.0,4.0,0.0,0.0,0.0,0.0,0.0,0.0,0.0,0.0,495.0,0.0,92.00367767353646,21.182795575505119,54.280217652302777,2.7587543662146616,73.42790443616298,0.0,21.182795575505108,28.958487520150926,0.0,0.0,20.558524808223738,-1406.138530827729,19.420524177518467,587.6932905380004,20.308115810305787,-490.23958098106217,19.46607214063393,-64.19755393573789,15.228457876398253,40.704123936660348,17.82592194519831,-45.930129520151,17.30626954998222,96.86763543791492,17.066933851656957,-17.6243406223628,16.35755255711522,-386.63699181106207,1068.4480898579819,1271.4745057766386,0.0,0.0,0.0,0.0,0.0,0.0,0.0,0.0,0.0,0.0,0.0,0.0,0.0,0.0,0.0,0.0,0.0,0.0,0.0,0.0,0.0,0.0,1.2874920358189888,0.39300733694108316,432.69352267078116,504.55100135067996,11437.29437139823,0.31630519026339878,0.048276127940079158,301.4922681117712,352.73670061401136,7423.633828241227,1.084036996326869,0.20484448154324809,183.60774640145116,214.3210718337983,4771.75896482266,0.31121435929266946,0.05880845791622623,27.829783425780215,32.560053939458047,677.5772776008444,0.0,0.0,11.887801755542024,14.145602677674578,176.70818310308216,0.0,0.0,42.59447628726234,50.19095083100713,862.8528684268104,0.0,0.0,297.38870834099387,350.9018619871191,5823.043380625098,0.0,0.0,13.195182408280166,15.577235669419043,253.01991983635629,0.0,0.0,208.22301103408285,247.24097156638178,3339.5698987541975,45.22058655460051,31.015491464060703,365.5771567261288,429.68313719191516,9016.207308197248,0.0,0.0,211.48416153236998,252.06173390697658,2949.64460616875,1831.475825453661,21.41755898280082,34.885650030606729,21.999999999999994,29.99999999999999,0.0,20.37528445973629,37.11744243580017,15.999999999999993,29.99999999999999,257.0774535033505,21.03683053446831,35.670839879504217,20.999999999999994,29.99999999999999,0.0,20.102214183322688,44.57389515880819,18.999999999999994,29.99999999999999,0.0,15.306279841856633,51.85246158233127,11.999999999999995,29.99999999999999,0.0,18.095034852068634,43.41606344337198,15.999999999999993,29.99999999999999,0.0,17.73718509389167,44.170669667028068,9.999999999999997,29.99999999999999,0.0,17.537953906123133,45.08329135767998,15.999999999999993,29.99999999999999,0.0,15.907589269021578,49.755679954611327,11.999999999999995,29.99999999999999,0.0,18.858794569102863,0.0,0.0,0.0,14.823451435085718,0.0,0.0,538.5007702579918,534.8713057882904,536.5950654481147,929.3266062144461,568.2044745782184,568.1957337137059,555.7694219173907,573.5320163124505,562.3314558924215,8820.514564755063,82.17259570734693,82.17259570734693,131.99999999999995,0.0,131.99999999999995,131.99999999999995,16.0,19.0,16.0,12.0,16.0,12.0,21.0,10.0,1.0,0.0,1831.475825453661,0.0,257.0774535033505,0.0,0.0,0.0,0.0,0.0,0.0,0.0,0.0,82.17259570734693,82.17259570734693,0.3399999999999999,0.770668123775892,0.36028137401965945,82.17259570734693,0.35426478194388735,0.0,0.0035199999999999999 
 02/24  08:40:00,8.030000000000002,78.33333333333334,7.636666666666667,62.33333333333333,66.0,0.0,0.0,1.0,2.0,0.0,0.0,0.0,0.0,0.0,0.0,1485.0,0.0,109.21355966230576,23.763399978480018,60.8929262658365,3.274791665895661,87.16300801044301,0.0,23.763399978480007,32.48636938690558,0.0,0.0,20.66548412178564,-1569.799026800971,19.46042503137018,693.6949188930329,20.494226291681274,-1761.1272981514226,19.5714431078103,673.5122478740059,15.23874659187375,41.61121551110143,18.61476948358827,-97.03637460602013,17.229445206861429,105.42929207247129,17.883383456543578,-114.66858420381365,16.22226886719516,-319.6867581088808,1173.4965013761399,1264.5254802237208,0.0,0.0,0.0,0.0,0.0,0.0,0.0,0.0,0.0,0.0,0.0,0.0,0.0,0.0,0.0,0.0,0.0,0.0,0.0,0.0,0.0,0.0,1.2182199513618255,0.37186201201521015,455.13267246462069,530.6179654875417,12103.431595079732,0.3205219720212534,0.048919714899458819,337.87325135415377,395.4783105311447,8248.852676118837,1.076812264533474,0.20347926389521477,425.1185110808174,495.5608469644424,11412.95323778899,0.3082603139639403,0.05825024829250584,340.1945043667771,398.18065902106516,8307.960352711767,0.0,0.0,12.961419574300681,15.437690398058097,190.12811351362698,0.0,0.0,19.320289032125893,22.69409366404339,432.3651853449654,0.0,0.0,275.5213496590475,325.58350516323,5261.530618835381,0.0,0.0,28.771192679680678,33.8073448283296,627.2434840456276,0.0,0.0,215.61011457100927,256.39603284478286,3350.39981369639,45.06540465811441,30.909056692808315,670.3749669357683,787.1119760598734,16188.614152687796,0.0,0.0,220.16370335504252,262.5833017422344,3059.0100748462257,1838.0768738880027,21.529226019752206,35.47294833259688,22.000000000000047,30.000000000000065,0.0,20.39782427768118,37.90589256075763,16.000000000000033,30.000000000000065,2203.77414810595,21.56079418517373,35.46892847391081,21.5555555555556,30.000000000000065,0.0,20.39534208631062,38.454723340168829,16.000000000000033,30.000000000000065,0.0,15.319399978120672,51.74849218918902,12.000000000000029,30.000000000000065,1595.6422517231652,19.30116807640699,41.232384903067018,20.000000000000044,30.000000000000065,0.0,17.6016429548086,44.84331599746578,10.000000000000022,30.000000000000065,1328.661242992866,18.82044888860521,42.1443348708745,20.700000000000047,30.000000000000065,0.0,15.766135120394648,50.237560962121,12.000000000000029,30.000000000000065,0.0,19.464309650292717,0.0,0.0,0.0,14.907908902800794,0.0,0.0,591.7690748144751,584.8480899132602,595.4178960993792,616.1366195018509,565.5782077852864,640.7996241649302,570.4433648011667,616.6943270791506,564.0715445168185,10910.733827450855,80.79018442419093,83.49253997505106,60.00000000000013,0.0,60.00000000000013,60.00000000000013,16.0,16.0,19.0,12.0,19.7,12.0,21.0,10.0,1.0,0.0,1838.0768738880027,0.0,2203.77414810595,0.0,1595.6422517231652,0.0,1328.661242992866,0.0,4088.8713325200239,2453322.7995120098,3187731.3146080856,80.79018442419093,83.53843494350942,0.36296237775066805,0.7700919104287678,0.36028137401966039,83.53843494350942,0.3542647819438883,3187731.3146080856,0.16737202835962046 
 02/24  08:50:00,8.14,78.16666666666666,7.503333333333333,69.66666666666666,60.0,0.0,0.0,1.0,2.0,0.0,0.0,0.0,0.0,0.0,0.0,660.0,0.0,127.66729088811312,26.297898479148456,67.38748894965022,3.8281248156276157,101.8908104408359,0.0,26.29789847914844,35.95122098969966,0.0,0.0,20.804610695480969,-1348.290629128573,19.588938864344905,680.6617560432219,20.809301631530134,-2120.534671320543,19.77266037217865,650.8121294602979,15.251317487969088,41.81077557643316,18.778681252871399,-111.56005289963744,17.18598526472468,99.56179499463633,18.83507174272952,-302.35028090088636,16.14830046958768,-232.71244040341504,1290.2708914169853,1320.8466938709124,0.0,0.0,0.0,0.0,0.0,0.0,0.0,0.0,0.0,0.0,0.0,0.0,0.0,0.0,0.0,0.0,0.0,0.0,0.0,0.0,0.0,0.0,1.1803476822547988,0.36030149030976768,428.00837771237459,498.3734589351466,11451.77770544661,0.32276610856538648,0.049262226582018699,346.30953373124057,404.83253764253558,8489.834061187532,1.0217788621713027,0.1930799059280618,488.26977281109,568.4809729351363,13071.00825587347,0.30458560278063775,0.05755585842415677,360.5180390730193,421.25743945167928,8934.229889489658,0.0,0.0,13.103292434366978,15.596694872194604,189.78096126943724,0.0,0.0,19.842132371995335,23.269101455984797,448.7695317590163,0.0,0.0,275.05855477002106,324.94053597103098,5151.024160771183,0.0,0.0,47.01165465268326,54.93516167507108,1151.3587616066384,0.0,0.0,223.47010149882076,265.642985285947,3401.0825477849068,44.88807351932307,30.78743039734094,698.4986411058943,819.2170638574186,16857.83479518821,0.0,0.0,229.94097358110805,273.83011728195529,3267.7235190060816,1860.7661268358816,21.728553329633518,35.01976715282298,22.0,30.0,0.0,20.56148582931288,37.66814562224605,16.0,30.0,2640.773519875748,21.74242794223883,35.00118545443681,21.75,30.0,0.0,20.7046300209324,37.3100975009131,16.0,30.0,0.0,15.336291114666276,51.79599692174548,12.0,30.0,0.0,19.55653258834149,42.24353730396572,19.0,30.0,0.0,17.521777425200594,45.24301463358224,10.0,30.0,1192.6598010102298,20.501993070868445,38.3629259239444,20.7,30.0,0.0,15.71294414277894,50.73906565675135,12.0,30.0,0.0,19.613390694149275,0.0,0.0,0.0,15.181966042402113,0.0,0.0,589.7086078452405,593.2569978479647,589.8370579806222,591.0271634997439,570.3427144055239,741.8187153639404,579.7928631077963,636.7592509172476,580.409005754332,9896.702834672928,81.46096947998979,84.99080111559985,60.0,0.0,60.0,60.0,16.0,16.0,19.0,12.0,19.7,12.0,21.0,10.0,1.0,0.0,1860.7661268358816,0.0,2640.773519875748,0.0,0.0,0.0,1192.6598010102298,0.0,5341.899815806804,3205139.8894840825,4162720.6998815119,81.46096947998979,85.05074937500933,0.34806332719356017,0.7681119678930706,0.36028137401965956,85.05074937500933,0.3542647819438875,4162720.6998815119,0.21805147639383863 
 02/24  09:00:00,8.25,78.0,7.37,77.0,54.0,0.0,0.0,1.0,2.0,0.0,0.0,0.0,0.0,0.0,0.0,660.0,0.0,134.7622192097242,27.899974285233549,71.49276884871982,4.0408699361051119,107.55327494404523,0.0,27.899974285233534,38.14138007760109,0.0,0.0,20.68163714026217,-926.9100365777722,19.60292774039866,359.5814396391777,20.58029014307765,-1475.2167023957696,19.807086766641605,414.523523526816,15.260653645185269,38.62787362641511,18.83849948089093,-98.26286870676702,17.150229637918664,60.25992746643533,18.751708597731349,-264.2885509451941,16.14528292483999,-180.53544793759989,1184.3463085666522,1231.4281478755978,0.0,0.0,0.0,0.0,0.0,0.0,0.0,0.0,0.0,0.0,0.0,0.0,0.0,0.0,0.0,0.0,0.0,0.0,0.0,0.0,0.0,0.0,1.213554423680061,0.370437858266197,376.0701191009283,438.5307018268107,9718.361060269994,0.27717274365872676,0.042303532304445477,238.9671743456172,279.3820217124397,5781.750033267375,0.9861881660574516,0.18635452873345655,442.54639960931146,515.2808398415675,11547.122494565183,0.2742248995330636,0.051818764084101198,304.549144423463,355.77628285418026,7474.29538059934,0.0,0.0,12.289526736858639,14.628734845709732,175.5581439242901,0.0,0.0,17.892225816223527,20.986600322350438,398.2756283442337,0.0,0.0,263.15979062378576,310.98800837522239,4833.068082421452,0.0,0.0,46.96943663555983,54.97794139038929,1105.0878416063393,0.0,0.0,216.0142930150029,256.747860731212,3263.472003670206,44.34350957364164,30.41392974872541,548.1743082851899,643.1265388408824,13135.660787461202,0.0,0.0,222.47126433985626,264.9146154877584,3131.8451014963827,1337.7753359735139,21.488096897563289,35.318124749221528,21.75,30.0,0.0,20.49321645736496,37.63215258439313,16.0,30.0,1897.7761862813489,21.50236361472221,35.26907306918001,21.5,30.0,0.0,20.66946543069667,37.18094133551408,16.0,30.0,0.0,15.347319818017179,51.94793912768073,12.0,30.0,759.9522723185785,19.49213139185935,43.496875910731748,19.25,30.0,0.0,17.446175409105679,45.66124633732493,10.0,30.0,639.4761063445899,20.14308297315589,39.514344847328597,19.95,30.0,0.0,15.768221684422948,50.97247796185078,12.0,30.0,0.0,19.436013062724258,0.0,0.0,0.0,15.227558862520157,0.0,0.0,573.3273702567849,580.5068681585999,571.8068594854802,577.3435727186882,579.0512840873646,803.9456946948228,589.9600357505141,645.0529206754661,598.7867934980011,10335.757874136703,81.17047808280032,85.02936011500519,60.0,0.0,60.0,60.0,16.0,16.0,19.0,12.0,19.7,12.0,21.0,10.0,1.0,0.0,1337.7753359735139,0.0,1897.7761862813489,0.0,759.9522723185785,0.0,639.4761063445899,0.0,5839.313608491841,3503588.1650951046,4556093.3967962269,81.17047808280032,85.09489674252122,0.36464378694972807,0.7670862089573705,0.36028137401965956,85.09489674252122,0.3542647819438875,4556093.3967962269,0.23848685663340378 
 02/24  09:10:00,8.331666666666667,78.33333333333333,7.268333333333333,84.33333333333334,48.0,0.0,0.0,0.0,0.0,0.0,0.0,0.0,0.0,0.0,0.0,1485.0,0.0,151.8729644682502,30.26346465881178,77.5491287462174,4.553933761491995,121.20924866722226,0.0,30.263464658811768,41.37245060572377,0.0,0.0,20.02922076719511,-530.8087609023659,19.478673747227007,95.01209846441138,19.982539043027857,-400.5370730823537,19.688333092629386,-136.08259701802576,15.268119281385922,37.95334991659703,18.708034284171057,-348.62571036244756,17.177936569706163,125.71827702466544,18.367373964385096,-195.56930349917304,16.133229994645008,-180.84974710179206,710.5403349707435,1176.2520473546384,0.0,0.0,0.0,0.0,0.0,0.0,0.0,0.0,0.0,0.0,0.0,0.0,0.0,0.0,0.0,0.0,0.0,0.0,0.0,0.0,0.0,0.0,1.137505753269559,0.34722397840951127,217.43244697938108,254.69606021202675,5285.54934308209,0.23457107761118888,0.03580144652185423,123.38324019448848,144.76602766607898,2925.3826067406928,1.0486401978154263,0.19815574410722348,137.64151747862597,161.21288172713106,3316.275734535677,0.21189111178196555,0.040039892626977598,78.18935271208089,91.60834900427723,1879.4222889088265,0.0,0.0,12.059353566396787,14.366372837526722,170.463063003522,0.0,0.0,88.18099361940168,103.60238726720954,1925.1989273736038,0.0,0.0,328.7698561880885,388.69443298325748,6031.394729383235,0.0,0.0,42.86187781228353,50.33435816964622,951.2191552282413,0.0,0.0,214.53021142321254,255.15170287236092,3213.1083757947096,43.87353979147217,30.091591077827276,206.56013996826426,243.6546178763552,5092.201938567704,0.0,0.0,220.89039747509788,263.1894053949832,3088.504880829216,0.0,20.39537133202659,37.69091178246632,21.999999999999994,29.999999999999994,0.0,20.21583262455565,38.17509448868016,15.999999999999997,29.999999999999994,0.0,20.39771587816869,37.53745866370471,21.999999999999994,29.999999999999994,0.0,20.38855910695696,37.731335445738547,15.999999999999997,29.999999999999994,0.0,15.354898824489992,52.2126434516831,11.999999999999997,29.999999999999994,0.0,19.31797455382849,41.93726288093511,15.999999999999997,29.999999999999994,0.0,17.519616732051387,46.017028903003318,9.999999999999999,29.999999999999994,0.0,19.48757978548,40.782439303999499,11.999999999999997,29.999999999999994,0.0,15.785532192125693,51.282299538003737,11.999999999999997,29.999999999999994,0.0,18.028108371053546,0.0,0.0,0.0,15.260869482120448,0.0,0.0,565.6625503332431,571.9309918986867,555.5152226201786,568.8411546186349,592.3534910165972,674.0465915967665,620.4872811623901,623.909577297645,615.618963262629,0.0,83.79545278580859,83.79545278580859,59.999999999999989,0.0,59.999999999999989,59.999999999999989,16.0,16.0,16.0,12.0,12.0,12.0,21.0,10.0,0.0,0.0,0.0,0.0,0.0,0.0,0.0,0.0,0.0,0.0,0.0,0.0,0.0,83.79545278580859,83.79545278580859,0.0,0.0,0.0,83.79545278580859,0.0,0.0,0.0015500000000000002 
 02/24  09:20:00,8.413333333333334,78.66666666666667,7.166666666666667,91.66666666666666,42.0,0.0,0.0,0.0,0.0,0.0,0.0,0.0,0.0,0.0,0.0,660.0,0.0,168.58870468757807,32.63815579224424,83.6341880438854,5.055153288161703,134.54997019468989,0.0,32.63815579224423,44.61883342175004,0.0,0.0,19.424831761233379,-140.02198445153295,19.138658503453518,-159.49276584760345,19.489277019311986,-380.60272622041227,19.264293204305916,-157.37417832692166,15.270218307259544,30.396780459676497,18.23744935752461,-191.33185042693519,17.05492373369517,20.315487261986168,17.715744765155315,-84.33415552051959,16.115748806301057,-200.13679862328153,629.7205810181183,1015.8511372295893,0.0,0.0,0.0,0.0,0.0,0.0,0.0,0.0,0.0,0.0,0.0,0.0,0.0,0.0,0.0,0.0,0.0,0.0,0.0,0.0,0.0,0.0,1.0550775677843958,0.3220627496289365,178.27299201102159,209.38881735378693,3929.678471308288,0.19921164790827998,0.03040470816670941,71.84977433102837,84.44291484391136,1599.9005728985049,0.9578219825243328,0.18099432776347947,119.04022413410338,139.5737511391057,2623.301623503103,0.1824255625911368,0.03447195060301149,61.823872503850157,72.44044819036606,1358.0701189815855,0.0,0.0,10.722894630438125,12.766260120920324,149.80397475995569,0.0,0.0,75.07267613173355,88.41142407370887,1508.7074647776215,0.0,0.0,298.8979945427344,353.47138865273186,5305.075483302212,0.0,0.0,33.051199197195469,38.954800243567849,653.023745532033,0.0,0.0,197.67214645120255,234.9863581002743,2927.370746852971,43.36912104244884,29.745624857646687,149.43300466075017,176.6275002922903,3479.715333700427,0.0,0.0,202.92349265236497,241.80636318975327,2737.437022167397,0.0,19.46167924335581,39.761025507841967,22.000000000000005,30.000000000000008,0.0,19.545415144434569,39.54633615865254,16.000000000000005,30.000000000000008,0.0,19.576609034402165,39.2658653067041,22.000000000000005,30.000000000000008,0.0,19.62270482487913,39.428891419059187,16.000000000000005,30.000000000000008,0.0,15.35283933943055,52.47639358347822,12.000000000000002,30.000000000000008,0.0,18.50432341337273,43.22354139778639,16.000000000000005,30.000000000000008,0.0,17.290189455761884,46.46761650286076,10.000000000000002,30.000000000000008,0.0,18.30792754708913,43.69044882336084,12.000000000000002,30.000000000000008,0.0,15.781434266836993,51.35079949723462,12.000000000000002,30.000000000000008,0.0,17.342245529929344,0.0,0.0,0.0,15.087059225209242,0.0,0.0,550.8584737613451,548.6468336585848,532.0824649646389,555.6154493781999,603.8247617207509,618.0282900012732,606.51060213612,613.2926511591115,617.656328811891,0.0,83.79545278580864,83.79545278580864,60.000000000000017,0.0,60.000000000000017,60.000000000000017,16.0,16.0,16.0,12.0,12.0,12.0,21.0,10.0,0.0,0.0,0.0,0.0,0.0,0.0,0.0,0.0,0.0,0.0,0.0,0.0,0.0,83.79545278580864,83.79545278580864,0.0,0.0,0.0,83.79545278580864,0.0,0.0,0.0015466666666666665 
 02/24  09:30:00,8.495000000000001,79.0,7.0649999999999999,99.0,36.0,0.0,0.0,0.0,0.0,0.0,0.0,0.0,0.0,0.0,0.0,660.0,0.0,184.67485342722427,34.97562275220043,89.62386066511174,5.537494578540174,147.3882188354213,0.0,34.975622752200418,47.81432797049268,0.0,0.0,19.04813528365949,-188.07840659938348,18.81303837460443,-296.4793152549753,19.036985276806079,-303.6692405266077,18.91872666948788,-231.85609097442694,15.26264032674838,20.828377653120655,17.970441800142816,-148.63325429977295,16.88773522723016,-28.464593047287964,17.3546898486858,-48.30402241699329,16.061003044550085,-251.9459025621302,672.1239783500989,819.0428713340643,0.0,0.0,0.0,0.0,0.0,0.0,0.0,0.0,0.0,0.0,0.0,0.0,0.0,0.0,0.0,0.0,0.0,0.0,0.0,0.0,0.0,0.0,0.9288421506308618,0.2835293500094206,291.9595105267365,343.6531387615256,6087.703931613415,0.1585146431647781,0.024193321606345864,131.83198301855996,155.1918621039289,2743.9746350498128,0.8479230765521473,0.1602273387286749,273.4421914669988,322.1542556947397,5617.774991339905,0.16464020947973524,0.031111150695339226,161.15420774984117,189.65887496527595,3391.2176214865737,0.0,0.0,9.462598558241748,11.26533374671844,130.30403235674235,0.0,0.0,65.69140502630602,77.47227276322809,1254.0290043953469,0.0,0.0,265.05840788366228,313.7754804671508,4504.927948085662,0.0,0.0,24.062515173365968,28.414460401703168,442.2844641542667,0.0,0.0,173.56480504783156,206.38353824307726,2516.3375924889389,42.80367046967233,29.357798676044135,365.4847895916743,432.30226685841645,7454.47682989515,0.0,0.0,177.35416044146946,211.5398595178924,2267.993051697761,0.0,18.910572519750877,41.04946234307558,22.0,30.0,0.0,18.947232247754284,40.695354957212078,16.0,30.0,0.0,18.84424616506056,41.10854339670652,22.0,30.0,0.0,19.026999377452975,40.67504029048029,16.0,30.0,0.0,15.333929326757517,52.53521806091956,12.0,30.0,0.0,18.075870511155693,44.10415210529505,16.0,30.0,0.0,16.989116244121,47.065987257403957,10.0,30.0,0.0,17.706532083336698,45.20197810703861,12.0,30.0,0.0,15.70537995489461,51.292396042604909,12.0,30.0,0.0,17.484419465643286,0.0,0.0,0.0,14.819214088454558,0.0,0.0,536.1532301027767,511.3888519396164,525.7716949342803,528.9194694703189,602.0536542830407,597.9556575884966,586.5173635168295,601.9758509421259,599.8181385510203,0.0,83.79545278580862,83.79545278580862,60.0,0.0,60.0,60.0,16.0,16.0,16.0,12.0,12.0,12.0,21.0,10.0,0.0,0.0,0.0,0.0,0.0,0.0,0.0,0.0,0.0,0.0,0.0,0.0,0.0,83.79545278580862,83.79545278580862,0.0,0.0,0.0,83.79545278580862,0.0,0.0,0.0015433333333333335 
 02/24  09:40:00,8.576666666666667,79.33333333333333,6.963333333333333,106.5,59.33333333333333,0.0,0.0,0.0,0.0,0.0,0.0,0.0,0.0,0.0,0.0,330.0,0.0,221.3435227571272,37.97189665517771,97.30175728691877,6.63700190483911,176.6532576717273,0.0,37.971896655177697,51.91046155763147,0.0,0.0,18.790459737872746,-98.73186384561018,18.62850418160011,-173.46696349611904,18.83410748023618,-333.0873845738279,18.65627714108338,-138.98047315829445,15.256408594674293,20.030862126647777,17.785125869594986,-117.92223467043607,16.810721171962439,-0.7183544105073452,17.089394349962775,-31.920034073183957,16.0050241177357,-232.85730734214804,618.3133735680622,779.8543412486224,0.0,0.0,0.0,0.0,0.0,0.0,0.0,0.0,0.0,0.0,0.0,0.0,0.0,0.0,0.0,0.0,0.0,0.0,0.0,0.0,0.0,0.0,0.889147829506083,0.27141264636937825,174.27985702808889,204.76437878122764,3494.1787289283777,0.16071654993458835,0.024529387963154508,59.4272771075633,69.77181282210606,1178.529100481524,0.824303632367791,0.15576410286617374,218.59355451482697,257.0151179773601,4334.061407802607,0.16357028232833754,0.03090897247323082,144.18405134639114,169.53770730448708,2876.3514209443185,0.0,0.0,9.345789798992339,11.116419506554318,126.9280298409257,0.0,0.0,63.10698816144509,74.43099727835193,1159.6515128509078,0.0,0.0,262.1572321816274,310.14073198333736,4360.168652815886,0.0,0.0,21.806025532386216,25.763127153031787,380.2155728403151,0.0,0.0,170.82770091393915,202.95791832850345,2424.9866682470149,42.73823263858754,29.31291676171986,248.00793081672053,292.65115603261287,5103.145170495662,0.0,0.0,174.32848777246836,207.71093608279385,2198.319067647657,0.0,18.5980131938825,41.75606434446502,22.0,30.0,0.0,18.639761251760669,41.52033814640491,16.0,30.0,0.0,18.595921230672006,41.73850819291927,22.0,30.0,0.0,18.608779349216154,41.6983419144684,16.0,30.0,0.0,15.319291528118783,52.50199050453163,12.0,30.0,0.0,17.783423524632427,44.78094922255967,16.0,30.0,0.0,16.882663406414488,47.297983830219198,10.0,30.0,0.0,17.294195607628454,46.259104313706888,12.0,30.0,0.0,15.632900517921609,51.40312533955333,12.0,30.0,0.0,17.305408693863524,0.0,0.0,0.0,14.811325138240658,0.0,0.0,522.8608930506573,507.49509828280199,516.3193539352453,521.2322228272428,595.9993569211285,587.6330647718863,579.5772302003269,592.6224165646688,591.6987210639566,0.0,83.79545278580862,83.79545278580862,60.0,0.0,60.0,60.0,16.0,16.0,16.0,12.0,12.0,12.0,21.0,10.0,0.0,0.0,0.0,0.0,0.0,0.0,0.0,0.0,0.0,0.0,0.0,0.0,0.0,83.79545278580862,83.79545278580862,0.0,0.0,0.0,83.79545278580862,0.0,0.0,0.0015400000000000002 
 02/24  09:50:00,8.658333333333334,79.66666666666667,6.861666666666666,114.0,82.66666666666666,0.0,0.0,0.0,0.0,0.0,0.0,0.0,0.0,0.0,0.0,495.0,0.0,289.23164590074409,41.97590449800828,107.56192065066772,8.672608879646298,230.83420463096295,0.0,41.97590449800826,57.38424384165045,0.0,0.0,18.513269220583969,-249.69994244924895,18.500845858225035,-190.77012620643579,18.634051536298267,-176.07750076142714,18.49559141263006,-242.56360083854205,15.254775833893257,17.145250628043674,17.69586586766052,-107.32878730969651,16.72819503357261,-26.372117725752429,16.929777327639195,-22.567257045507007,15.974193458332703,-221.98035197339673,432.24402174335639,698.380134360996,0.0,0.0,0.0,0.0,0.0,0.0,0.0,0.0,0.0,0.0,0.0,0.0,0.0,0.0,0.0,0.0,0.0,0.0,0.0,0.0,0.0,0.0,0.8362865268950614,0.2552767176114354,235.0113466822677,276.6970011114186,4436.729940732327,0.14240060712829373,0.021733914396870246,120.88724733461574,142.2222107363284,2333.57601448101,0.759761143634806,0.14356786538828548,178.89532135145306,210.41745522901113,3452.104129945099,0.14635667305327663,0.027656211839243523,93.99521149920339,110.62079366251027,1797.841906365045,0.0,0.0,8.81562732945225,10.495330161240379,118.15208462248222,0.0,0.0,60.421978973068167,71.35307670335144,1083.7949978130185,0.0,0.0,249.69678168660085,295.7910573111158,4051.945956925742,0.0,0.0,18.75236046073291,22.18807407598753,315.9131348681899,0.0,0.0,162.6225298244584,193.40199125339175,2272.7021326963028,42.421086346888809,29.09539529964942,265.43840387179497,313.3000714004914,5251.405278702292,0.0,0.0,165.588936815058,197.5009576235318,2047.7577086153456,0.0,18.198548871620074,42.864891687039818,22.000000000000019,30.00000000000002,0.0,18.409753861762128,42.201976086511027,16.000000000000015,30.00000000000002,0.0,18.358221286325806,42.375337095049008,22.000000000000019,30.00000000000002,0.0,18.36827744559902,42.446193101311717,16.000000000000015,30.00000000000002,0.0,15.312071285325601,52.446063375607959,12.00000000000001,30.00000000000002,0.0,17.642543507681194,45.07341347507266,16.000000000000015,30.00000000000002,0.0,16.75784065111121,47.557947169610049,10.000000000000007,30.00000000000002,0.0,17.07805431237071,46.80155045645466,12.00000000000001,30.00000000000002,0.0,15.604338424196886,51.359771055967488,12.00000000000001,30.00000000000002,0.0,16.769698641697706,0.0,0.0,0.0,14.770863187159732,0.0,0.0,503.68519636747956,506.5898623554982,509.8667404151935,510.01954840218186,590.2320128178499,578.9205534868381,566.5083470508691,585.5270916161512,582.3820495045542,0.0,83.79545278580868,83.79545278580868,60.00000000000004,0.0,60.00000000000004,60.00000000000004,16.0,16.0,16.0,12.0,12.0,12.0,21.0,10.0,0.0,0.0,0.0,0.0,0.0,0.0,0.0,0.0,0.0,0.0,0.0,0.0,0.0,83.79545278580868,83.79545278580868,0.0,0.0,0.0,83.79545278580868,0.0,0.0,0.0015333333333333337 
 02/24  10:00:00,8.74,80.0,6.76,121.5,106.0,0.0,0.0,0.0,0.0,0.0,0.0,0.0,0.0,0.0,0.0,495.0,0.0,341.8556379396613,45.021834759946369,115.36706884585375,10.250529613263734,272.83302540915266,0.0,45.021834759946347,61.5482614361733,0.0,0.0,18.4033083933651,-85.32557933273898,18.400522012263929,-174.3412983709748,18.433132270480109,-190.4534300513833,18.35334676518196,-149.7019768041074,15.252697588213817,15.136254400430549,17.630440734084624,-112.56951198413279,16.65566441143961,-4.227110772098062,16.798921773509066,-19.640810470932079,15.947233282303057,-215.68607130182398,414.4451530575701,611.2642384116309,0.0,0.0,0.0,0.0,0.0,0.0,0.0,0.0,0.0,0.0,0.0,0.0,0.0,0.0,0.0,0.0,0.0,0.0,0.0,0.0,0.0,0.0,0.7684732535786093,0.23457669523156594,142.28170275270265,167.78743666164278,2677.225831008844,0.13802702358133074,0.02106639554049616,97.23821875213449,114.61167448468243,1836.0747998545033,0.7534251786666271,0.14237059309649054,194.2378239048796,229.3182394874588,3610.686340931631,0.14457880372888608,0.027320257696312579,110.41239126154156,130.3264909550267,2078.52793819929,0.0,0.0,8.694294528040336,10.351035553755193,115.000372489962,0.0,0.0,59.18595970724601,69.92482303210551,1039.6245806205366,0.0,0.0,241.18148027729536,285.806652901068,3828.877368356822,0.0,0.0,16.03186875658212,18.980716228766146,262.11149806314696,0.0,0.0,152.0899667850734,180.90346018047087,2093.3818933067548,42.21552631191363,28.954407621339969,187.61698876836068,222.33004271738026,3739.8156123218166,0.0,0.0,154.38549993709263,184.17743575773276,1871.2476377336919,0.0,18.149294087910826,43.066003027417249,22.000000000000019,30.00000000000002,0.0,18.226786543697324,42.79720957737978,16.000000000000015,30.00000000000002,0.0,18.079439895648464,43.25070400636339,22.000000000000019,30.00000000000002,0.0,18.181546573975419,42.99469181100332,16.000000000000015,30.00000000000002,0.0,15.305722110899233,52.34419087337387,12.00000000000001,30.00000000000002,0.0,17.533908830667323,45.22499819808448,16.000000000000015,30.00000000000002,0.0,16.661848290292168,47.697761933077988,10.000000000000007,30.00000000000002,0.0,16.9065873225272,47.17534655598382,12.00000000000001,30.00000000000002,0.0,15.579675510015182,51.23720860130737,12.00000000000001,30.00000000000002,0.0,16.72179416939209,0.0,0.0,0.0,14.729387997990142,0.0,0.0,502.6224656323375,486.7686223632893,504.61699747300136,493.1169658512757,580.2935575955559,563.0388811753473,550.9354290689088,573.3270407211497,563.1358808838746,0.0,83.79545278580868,83.79545278580868,60.00000000000004,0.0,60.00000000000004,60.00000000000004,16.0,16.0,16.0,12.0,12.0,12.0,21.0,10.0,0.0,0.0,0.0,0.0,0.0,0.0,0.0,0.0,0.0,0.0,0.0,0.0,0.0,83.79545278580868,83.79545278580868,0.0,0.0,0.0,83.79545278580868,0.0,0.0,0.0015266666666666667 
 02/24  10:10:00,8.791666666666668,80.0,6.6000000000000009,129.0,129.33333333333335,0.0,0.0,0.0,0.0,0.0,0.0,0.0,0.0,0.0,0.0,330.0,0.0,400.97862713496638,48.078641999658547,123.200092941074,12.023319978079839,320.0186305192415,0.0,48.078641999658518,65.72714868394873,0.0,0.0,18.321976914160464,-62.43475939451537,18.34415096319008,-130.87906028975488,18.37370416248126,-300.1832190574146,18.250600881235174,-114.06851487189897,15.253158438325738,14.90026181407049,17.590052597762538,-105.17151293023085,16.624563023169576,-4.442096785885042,16.688101298179356,-15.110439503915558,15.926564588377719,-202.79314395702887,437.28665281139686,584.4094170134008,0.0,0.0,0.0,0.0,0.0,0.0,0.0,0.0,0.0,0.0,0.0,0.0,0.0,0.0,0.0,0.0,0.0,0.0,0.0,0.0,0.0,0.0,0.749705729239298,0.22884790269819844,118.59743736884434,139.7580517721905,2213.295571258645,0.13864736399678227,0.021161075091083987,74.37655382010255,87.6937658393233,1380.5654128373747,0.7087192035763885,0.13392275199856175,190.78588270534568,224.77153467198088,3517.764550272812,0.1447738162902712,0.02735710814253045,117.24612426275621,138.10588040094889,2165.4411230049256,0.0,0.0,8.591035177870065,10.221339718008565,112.73982791220004,0.0,0.0,58.61743801753127,69.22617846607682,1015.4873187372903,0.0,0.0,239.63333604750918,283.8092328534831,3767.0063830272376,0.0,0.0,15.338254522084327,18.15896608141127,245.10661028406788,0.0,0.0,151.48259655025113,180.06871451861759,2065.6065919870554,41.558228780999339,28.50358626954688,170.95005460657479,202.3059850370209,3383.3958815813818,0.0,0.0,153.5977218827877,183.07746109355197,1863.837741524258,0.0,18.112229295733117,43.211435039762438,22.0,30.0,0.0,18.11217541687064,43.194342778288447,16.0,30.0,0.0,18.064314218537477,43.3571712627061,22.0,30.0,0.0,18.0491989407522,43.38984846134707,16.0,30.0,0.0,15.304234852237187,52.233455913800188,12.0,30.0,0.0,17.460369673480998,45.36610027901199,16.0,30.0,0.0,16.63332590414481,47.75150929474594,10.0,30.0,0.0,16.76604551408005,47.49913380763798,12.0,30.0,0.0,15.565824761542759,51.20744636223803,12.0,30.0,0.0,16.75444325551352,0.0,0.0,0.0,14.78802599345965,0.0,0.0,498.64085674187887,480.5756266527011,492.9988522557305,489.9195088349516,569.6077635075747,552.7134038390116,544.2427669479432,562.5109745240154,556.6503784434357,0.0,83.79545278580862,83.79545278580862,60.0,0.0,60.0,60.0,16.0,16.0,16.0,12.0,12.0,12.0,21.0,10.0,0.0,0.0,0.0,0.0,0.0,0.0,0.0,0.0,0.0,0.0,0.0,0.0,0.0,83.79545278580862,83.79545278580862,0.0,0.0,0.0,83.79545278580862,0.0,0.0,0.0015199999999999999 
 02/24  10:20:00,8.843333333333334,80.0,6.4399999999999999,136.5,152.66666666666669,0.0,0.0,0.0,0.0,0.0,0.0,0.0,0.0,0.0,0.0,330.0,0.0,466.3387557454312,51.14115109658053,131.0477314790344,13.983128234114915,372.1820334023197,0.0,51.1411510965805,69.91383080281486,0.0,0.0,18.17923523238084,-158.25654919009413,18.332969587024196,-181.8848016314555,18.184748835090017,-161.5511513532074,18.203049599052613,-181.13505693656453,15.255782192560375,13.93273684705747,17.579084725995096,-105.49304011011941,16.58308203400383,-5.162038324506739,16.602302677929488,-11.755102595259132,15.923878511385326,-177.26588233622489,503.77452861942677,527.0499620808146,0.0,0.0,0.0,0.0,0.0,0.0,0.0,0.0,0.0,0.0,0.0,0.0,0.0,0.0,0.0,0.0,0.0,0.0,0.0,0.0,0.0,0.0,0.7038999938558144,0.21486568799017534,245.6566830184906,289.7142633099772,4465.639322471508,0.12123668630852698,0.018503767751606685,87.157732469353,102.87598599630329,1597.6628543091752,0.714916132300961,0.1350937513796223,316.2990032568376,373.0208428758185,5671.00485671643,0.13425926648676118,0.025370231762426519,182.64272247499748,215.2845260942972,3331.5862973599535,0.0,0.0,8.33155271128992,9.912799964402268,108.51353601366469,0.0,0.0,58.31418018971962,68.87832504734746,1000.3483684608226,0.0,0.0,231.72532257454933,274.50968691740897,3595.98906041794,0.0,0.0,13.033606016006651,15.433784828893373,204.38953824157364,0.0,0.0,144.85543374982559,172.202697741645,1965.4204070645943,40.647896069583669,27.87921541123709,362.3371181199552,428.6197013059601,6584.3989741051359,0.0,0.0,146.46079152475776,174.57525320827575,1770.4475420614018,0.0,17.934203441924475,43.79182433809669,22.0,30.0,0.0,18.060262669864167,43.45052198498699,16.0,30.0,0.0,17.807845132283427,44.13299055342328,22.0,30.0,0.0,18.007985493583825,43.5701140671047,16.0,30.0,0.0,15.30628207956162,52.13718976596866,12.0,30.0,0.0,17.42548097747314,45.40496554562948,16.0,30.0,0.0,16.58201979060763,47.855215513490637,10.0,30.0,0.0,16.667093919224194,47.729080613434678,12.0,30.0,0.0,15.583714380431014,51.056147142200448,12.0,30.0,0.0,17.031310635599998,0.0,0.0,0.0,14.816519414162335,0.0,0.0,483.69849405651555,479.7033292356791,487.77295519164127,490.0056466236262,559.4213994788383,540.5032451446996,530.1830753227997,553.0093187298735,542.745410339141,0.0,83.79545278580862,83.79545278580862,60.0,0.0,60.0,60.0,16.0,16.0,16.0,12.0,12.0,12.0,21.0,10.0,0.0,0.0,0.0,0.0,0.0,0.0,0.0,0.0,0.0,0.0,0.0,0.0,0.0,83.79545278580862,83.79545278580862,0.0,0.0,0.0,83.79545278580862,0.0,0.0,0.0015066666666666664 
 02/24  10:30:00,8.895,80.0,6.279999999999999,144.0,176.0,0.0,0.0,0.0,0.0,0.0,0.0,0.0,0.0,0.0,0.0,165.0,0.0,537.6300323036226,54.20391755883143,138.8960327375927,16.12077931250214,429.0790248365897,0.0,54.2039175588314,74.10086475959771,0.0,0.0,18.13486254431227,-9.876809750447137,18.273387056637544,-305.7633289861751,18.15566249531323,-217.19175261331294,18.156629485507048,-31.79699608470719,15.26133900966738,13.136478357303247,17.59124775455406,-97.82979251519555,16.540486618140905,-13.792519239897047,16.52080273402184,-8.482516031408466,15.91473942481687,-187.8691891185881,443.2506876801963,507.4914814304466,0.0,0.0,0.0,0.0,0.0,0.0,0.0,0.0,0.0,0.0,0.0,0.0,0.0,0.0,0.0,0.0,0.0,0.0,0.0,0.0,0.0,0.0,0.6837391104670679,0.20871157218164469,243.2424845800131,286.15704088069347,4410.917233246087,0.1036968132352688,0.015826741946774849,163.1972776049365,192.03568686315539,2929.8404605748939,0.657925614879376,0.12432456819338175,124.93203923491919,147.04342017644158,2236.5289623595347,0.12958772916288689,0.02448747716607839,58.31306380196008,68.59857600626497,1058.115368572323,0.0,0.0,8.029527297810949,9.532811233754999,103.89659141839585,0.0,0.0,57.40143075180968,67.65578076928193,978.4719882566932,0.0,0.0,227.36287003792448,268.8029042106831,3482.5842046439208,0.0,0.0,12.33831031220538,14.58495655974984,189.94452508167459,0.0,0.0,144.83503107056843,171.7937971928286,1950.5774102430608,39.77258878614619,27.278867480210015,243.63833715934215,287.6896729530968,4523.68039684544,0.0,0.0,146.40131505820856,174.06360286798975,1779.3625229772907,0.0,17.97426529983856,43.687824367488037,22.0,30.0,0.0,17.900831843487464,43.95126017901695,16.0,30.0,0.0,17.83184085966264,44.14512308495199,22.0,30.0,0.0,17.985776473568266,43.6407538811988,16.0,30.0,0.0,15.313101306977658,52.029799454729957,12.0,30.0,0.0,17.4189095450412,45.38224321379788,16.0,30.0,0.0,16.528707354662037,48.022120754051368,10.0,30.0,0.0,16.568430386322754,47.96586818365487,12.0,30.0,0.0,15.58227681738752,51.03753189042213,12.0,30.0,0.0,16.888561686894059,0.0,0.0,0.0,14.900379387156015,0.0,0.0,488.27184854140958,472.2671815271458,473.4082452823217,497.7774630882736,547.6958923726874,529.9624772009362,525.4081475794527,542.5107067601684,534.7231390814035,0.0,83.79545278580862,83.79545278580862,60.0,0.0,60.0,60.0,16.0,16.0,16.0,12.0,12.0,12.0,21.0,10.0,0.0,0.0,0.0,0.0,0.0,0.0,0.0,0.0,0.0,0.0,0.0,0.0,0.0,83.79545278580862,83.79545278580862,0.0,0.0,0.0,83.79545278580862,0.0,0.0,0.0014933333333333335 
 02/24  10:40:00,8.946666666666668,80.0,6.119999999999999,141.83333333333332,199.33333333333335,0.0,0.0,0.0,0.0,0.0,0.0,0.0,0.0,0.0,0.0,330.0,0.0,631.9345587439066,55.09267603170487,141.17349372670899,18.94846075382344,504.3425288423455,0.0,55.09267603170484,75.3158649730207,0.0,0.0,17.99458190033744,-107.47049602195148,18.329436108976429,-187.2210810074106,18.12783811337905,-162.98331294784294,18.0943447661394,-125.62458507098632,15.269993535962922,13.228228539112067,17.624186562527947,-110.05273005749382,16.533464028268008,2.8687626994119457,16.464767032568135,-7.533365150612781,15.916724853965926,-154.97311386121283,427.5705562950793,456.22300650643049,0.0,0.0,0.0,0.0,0.0,0.0,0.0,0.0,0.0,0.0,0.0,0.0,0.0,0.0,0.0,0.0,0.0,0.0,0.0,0.0,0.0,0.0,0.6872038654829145,0.20976918970784937,214.33512857106786,252.74445897937796,3789.122694892262,0.11654249122221783,0.017787315510106505,102.10074907022488,120.2444528761959,1830.1842085684769,0.6479237232984509,0.12243456600499833,168.06511718184692,198.2582981535662,2997.202748162212,0.12210507690218117,0.0230735217124303,90.37645349064091,106.6562490395932,1610.86681682227,0.0,0.0,8.141528587110802,9.688971176127943,104.63217261294389,0.0,0.0,59.18057838141121,69.91735814973214,1003.086401283653,0.0,0.0,225.83045756845977,267.61484736677439,3442.7354792153175,0.0,0.0,11.215585947340565,13.293362029816504,170.30923157216479,0.0,0.0,139.51282520102067,165.858496305527,1870.5012680976134,38.978527946771169,26.734244133587916,242.52615600567385,286.92825233954167,4462.316912023229,0.0,0.0,140.66172401129126,167.6040508977166,1708.8453636315708,0.0,17.766298034371507,44.33730951027817,22.0,30.0,0.0,17.970184194914219,43.80129652937605,16.0,30.0,0.0,17.864755043721169,44.075971580617828,22.0,30.0,0.0,17.890082552397005,43.983002797093607,16.0,30.0,0.0,15.323159129689678,51.96384341415674,12.0,30.0,0.0,17.424593977369324,45.3652362670847,16.0,30.0,0.0,16.546407243875746,47.95252364161125,10.0,30.0,0.0,16.51525611103223,48.10956342407984,12.0,30.0,0.0,15.606216017245999,50.938653011017027,12.0,30.0,0.0,16.876041477185376,0.0,0.0,0.0,14.951985689159218,0.0,0.0,481.18634052683935,473.1535757137941,480.43834855156907,483.8526425014053,541.6369351297419,525.6323242290232,519.0262443992924,537.3517037612436,528.735831095481,0.0,83.79545278580862,83.79545278580862,60.0,0.0,60.0,60.0,16.0,16.0,16.0,12.0,12.0,12.0,21.0,10.0,0.0,0.0,0.0,0.0,0.0,0.0,0.0,0.0,0.0,0.0,0.0,0.0,0.0,83.79545278580862,83.79545278580862,0.0,0.0,0.0,83.79545278580862,0.0,0.0,0.00148 
 02/24  10:50:00,8.998333333333335,80.0,5.959999999999999,139.66666666666669,222.66666666666667,0.0,0.0,0.0,0.0,0.0,0.0,0.0,0.0,0.0,0.0,165.0,0.0,693.1260584339773,55.22644387028655,141.51633584260495,20.78326583704512,553.1788969043965,0.0,55.22644387028652,75.49873574993763,0.0,0.0,17.98060901767328,-47.86083601349628,18.364428894139289,-182.09747850451596,18.133116564125389,-28.957665829693725,18.007509710178675,-181.01988325967614,15.28137935744674,12.965881718462754,17.664959589662737,-116.85136310463713,16.527991972536094,14.015581900471262,16.40053135428882,-5.571350193242097,15.926632639368492,-149.38403420753458,344.78704316557016,418.78308309170918,0.0,0.0,0.0,0.0,0.0,0.0,0.0,0.0,0.0,0.0,0.0,0.0,0.0,0.0,0.0,0.0,0.0,0.0,0.0,0.0,0.0,0.0,0.6707940975221575,0.20476010302874163,108.95861695314287,128.2646527458623,1928.3106943297144,0.11772305827910473,0.017967499737348098,86.8237640494934,102.15275257677209,1555.436536193628,0.6600228351926315,0.1247208683281617,155.0218085824401,182.41231471337327,2777.5450231831257,0.11972739568089827,0.02262422442949702,101.36853973494327,119.35499683939604,1772.9492550088347,0.0,0.0,8.15022450506849,9.676907090591218,104.21021718834446,0.0,0.0,59.336824558183099,69.94105097848424,1002.8399591587293,0.0,0.0,223.26388538499155,263.97099613788557,3388.564029086525,0.0,0.0,10.346430198160223,12.237838159282468,154.6005310525322,0.0,0.0,135.46311921084465,160.67268445494725,1811.791462356958,38.12942946416008,26.15187206046646,152.99579418140295,180.82562636695517,2924.7531198773106,0.0,0.0,136.26884786898163,161.976651934837,1659.760069171965,0.0,17.823618724286495,44.27132969375333,22.0,30.0,0.0,17.979638964193926,43.85107010801699,16.0,30.0,0.0,17.95405423289625,43.79279954097949,22.0,30.0,0.0,17.761589082920439,44.45122118193957,16.0,30.0,0.0,15.339797642518937,51.86943057001208,12.0,30.0,0.0,17.44890060692309,45.2986605081521,16.0,30.0,0.0,16.56177186987187,47.894798273665937,10.0,30.0,0.0,16.441216820376558,48.315961982051387,12.0,30.0,0.0,15.639647013844483,50.81567707142348,12.0,30.0,0.0,16.654807691274259,0.0,0.0,0.0,15.018149503769353,0.0,0.0,473.86723673975185,469.6657398573147,489.47462271327466,473.39720195088656,532.3227747896117,518.2913179891569,515.9688434994989,529.6460956257289,522.7587018142709,0.0,83.79545278580862,83.79545278580862,60.0,0.0,60.0,60.0,16.0,16.0,16.0,12.0,12.0,12.0,21.0,10.0,0.0,0.0,0.0,0.0,0.0,0.0,0.0,0.0,0.0,0.0,0.0,0.0,0.0,83.79545278580862,83.79545278580862,0.0,0.0,0.0,83.79545278580862,0.0,0.0,0.0014433333333333334 
 02/24  11:00:00,9.05,80.0,5.8,137.5,246.0,0.0,0.0,0.0,0.0,0.0,0.0,0.0,0.0,0.0,0.0,330.0,0.0,758.3208018872492,55.36178942049549,141.86322235867613,22.738106311531497,605.2102119674241,0.0,55.36178942049546,75.68376337826284,0.0,0.0,17.949437830907777,-30.24516047844054,18.393479846183359,-262.77692082043066,18.020198726509645,-189.93496832678466,18.002104938303306,-75.9791228567326,15.291684960649969,13.347090805221712,17.715104440890145,-115.50875983934361,16.522709497962546,17.867471631579975,16.355186977045738,-4.018161062119773,15.93392092046775,-128.25345856678588,385.6338567681405,400.232814154213,0.0,0.0,0.0,0.0,0.0,0.0,0.0,0.0,0.0,0.0,0.0,0.0,0.0,0.0,0.0,0.0,0.0,0.0,0.0,0.0,0.0,0.0,0.644008197551331,0.19658369888624267,159.57370185836133,188.32446538736259,2804.6752962525827,0.10817057619759507,0.016509550701708649,111.97240935156461,132.06332570413833,1988.422123325171,0.6514641962689546,0.12310358961998391,173.84511898943959,205.16850848353466,3035.022281633025,0.1329251542231504,0.02511813193937082,105.44180657589784,124.48779461396232,1844.138456127169,0.0,0.0,8.055836858289812,9.587029374185985,102.34675337126441,0.0,0.0,59.49233818289521,70.28190601848408,1002.7973624865806,0.0,0.0,222.1239060655633,263.23615407903369,3350.9961583460619,0.0,0.0,8.133438552266805,9.645520677202212,120.02148739218188,0.0,0.0,134.85689838065569,160.31961359702235,1796.3006368644547,37.39513381819171,25.64823993017265,207.04365611962224,245.23643763651445,3796.7200678906849,0.0,0.0,135.2413341235647,161.0882244266886,1656.7693274729189,0.0,17.8341469480628,44.28188794209934,22.0,30.0,0.0,17.95786652923512,44.015524594768809,16.0,30.0,0.0,17.778249874285529,44.44361053474934,22.0,30.0,0.0,17.810560072467763,44.28904911421657,16.0,30.0,0.0,15.352820523676343,51.81165539030479,12.0,30.0,0.0,17.481147882302474,45.20317193134386,16.0,30.0,0.0,16.57001358354771,47.89825413088985,10.0,30.0,0.0,16.400502824671734,48.434925562185487,12.0,30.0,0.0,15.666472153982462,50.733494106355227,12.0,30.0,0.0,16.81087618719183,0.0,0.0,0.0,15.108318331045624,0.0,0.0,473.32003592740008,463.346128630523,471.9354614887636,481.99969687069457,527.6117628924174,514.6173238775407,508.7356300145549,526.3333851502559,517.2868891393223,0.0,83.79545278580862,83.79545278580862,60.0,0.0,60.0,60.0,16.0,16.0,16.0,12.0,12.0,12.0,21.0,10.0,0.0,0.0,0.0,0.0,0.0,0.0,0.0,0.0,0.0,0.0,0.0,0.0,0.0,83.79545278580862,83.79545278580862,0.0,0.0,0.0,83.79545278580862,0.0,0.0,0.0014066666666666666 
 02/24  11:10:00,9.093333333333334,79.66666666666667,5.645,135.33333333333332,269.33333333333339,0.0,0.0,0.0,0.0,0.0,0.0,0.0,0.0,0.0,0.0,165.0,0.0,827.2234890950201,55.49712151287228,142.21007542724329,24.804127679225638,660.2007974685716,0.0,55.497121512872258,75.8687726087112,0.0,0.0,17.917209166319418,-11.137606404468898,18.42225333828603,-302.53090757098519,17.995255495970086,-128.60067819683696,18.010217620596678,-29.783247964991916,15.307648812206372,13.183609229714137,17.786590056740289,-121.0635968385509,16.520878200194283,20.393319145391616,16.301265620523475,-4.285237178165403,15.950051155430956,-125.41976542473094,319.9825517887857,379.66173443730306,0.0,0.0,0.0,0.0,0.0,0.0,0.0,0.0,0.0,0.0,0.0,0.0,0.0,0.0,0.0,0.0,0.0,0.0,0.0,0.0,0.0,0.0,0.6379234293417706,0.194726321532897,130.65424832797894,153.8178020533868,2287.62748827975,0.10422111642289891,0.01590676380080875,121.68331834831521,143.20279732162423,2145.577884257144,0.6507963202641768,0.12297738478159053,59.5925719274184,70.16589758141736,1045.0436900940197,0.13063847841135169,0.02468603144583364,65.583820749376,77.20640354595652,1148.2616402758709,0.0,0.0,7.991908268093878,9.48921080355442,101.23430352119031,0.0,0.0,59.971804688907329,70.67707429161266,1013.2314290332298,0.0,0.0,219.982438270423,260.10743044303458,3306.6045695794625,0.0,0.0,7.299550072243953,8.638326078503623,106.23490778963365,0.0,0.0,132.80615653056493,157.5076897760134,1768.567552856543,36.69819300623319,25.170228399336904,136.90520727982844,161.84221120194219,2615.927187413891,0.0,0.0,133.509976771067,158.62991371685917,1644.191236958343,0.0,17.834619052603164,44.3512213027661,22.0,30.0,0.0,17.934701318332313,44.21863170066689,16.0,30.0,0.0,17.794802830074258,44.55748349390644,22.0,30.0,0.0,17.86029946130896,44.1482212762939,16.0,30.0,0.0,15.375402662833585,51.72312126326977,12.0,30.0,0.0,17.54254837700042,45.03748062113159,16.0,30.0,0.0,16.583167354454447,47.88922299744975,10.0,30.0,0.0,16.338365876684724,48.62134031774454,12.0,30.0,0.0,15.706372623010248,50.61343204868153,12.0,30.0,0.0,16.630886093424765,0.0,0.0,0.0,15.182900524223016,0.0,0.0,470.2521973020738,454.70777951611867,461.707381480392,484.2652189385773,520.1156335093288,508.5996574843298,503.1042015265773,521.098918136025,511.27208811152976,0.0,83.79545278580862,83.79545278580862,60.0,0.0,60.0,60.0,16.0,16.0,16.0,12.0,12.0,12.0,21.0,10.0,0.0,0.0,0.0,0.0,0.0,0.0,0.0,0.0,0.0,0.0,0.0,0.0,0.0,83.79545278580862,83.79545278580862,0.0,0.0,0.0,83.79545278580862,0.0,0.0,0.00137 
 02/24  11:20:00,9.136666666666667,79.33333333333334,5.49,133.16666666666667,292.6666666666667,0.0,0.0,0.0,0.0,0.0,0.0,0.0,0.0,0.0,0.0,165.0,0.0,899.5354887412746,55.630071801300669,142.55082572159729,26.972375553467559,717.912318153511,0.0,55.63007180130064,76.05052573258621,0.0,0.0,17.87829081752848,-15.135145463259505,18.478672388786099,-291.3650156743174,18.01970880518457,-23.540967239824114,17.94695622466974,-139.92521454255076,15.324027472048904,13.305988224966825,17.86279285035709,-130.22888372277886,16.525294203165289,29.159242738648574,16.25203981836988,-8.286680989336987,15.963110643868128,-111.9960851927458,298.82191715475758,358.29093554695148,0.0,0.0,0.0,0.0,0.0,0.0,0.0,0.0,0.0,0.0,0.0,0.0,0.0,0.0,0.0,0.0,0.0,0.0,0.0,0.0,0.0,0.0,0.65402990561612,0.19964282833214898,118.75552221119718,139.82618706452196,2065.1773217083866,0.10934980996870028,0.016689531436004318,109.18143328871304,128.48712982558016,1921.746011230929,0.6439059228345251,0.1216753444509685,103.56860629663149,121.91113360658713,1820.6995031152997,0.1237790910723129,0.023389850920694043,58.473811178878097,68.86376050195064,1006.620660851781,0.0,0.0,8.018695119383445,9.52092778628698,101.22206810589033,0.0,0.0,61.28470999262424,72.21408746414082,1037.162869027834,0.0,0.0,218.88494731412497,258.8047450292544,3281.663810951319,0.0,0.0,7.41124517204098,8.772780692249082,106.41335132381453,0.0,0.0,130.14438527779175,154.34313403904438,1730.395001905722,36.05787300427812,24.731051443263469,123.26659360607921,145.7469035155012,2374.5253899436618,0.0,0.0,132.542386991699,157.4477727558428,1640.8751729268423,0.0,17.811915916061836,44.53634674768382,22.0,30.0,0.0,17.96140514215152,44.12780241330767,16.0,30.0,0.0,17.903087614569395,44.09818112019154,22.0,30.0,0.0,17.7517510825453,44.65182622476834,16.0,30.0,0.0,15.39697766172046,51.65502461145525,12.0,30.0,0.0,17.601350059016779,44.89899731358798,16.0,30.0,0.0,16.60735595511989,47.82594638465555,10.0,30.0,0.0,16.28235101278052,48.79724489510719,12.0,30.0,0.0,15.739598317554151,50.5113414120031,12.0,30.0,0.0,16.590355340072056,0.0,0.0,0.0,15.259732799270811,0.0,0.0,460.6726529038324,460.34002175190138,478.5798747450209,468.2848185862867,514.769828084348,503.7514052661455,500.3624952210999,517.1262346015305,507.94177726007777,0.0,83.79545278580862,83.79545278580862,60.0,0.0,60.0,60.0,16.0,16.0,16.0,12.0,12.0,12.0,21.0,10.0,0.0,0.0,0.0,0.0,0.0,0.0,0.0,0.0,0.0,0.0,0.0,0.0,0.0,83.79545278580862,83.79545278580862,0.0,0.0,0.0,83.79545278580862,0.0,0.0,0.0013566666666666665 
 02/24  11:30:00,9.18,79.0,5.335,131.0,316.0,0.0,0.0,0.0,0.0,0.0,0.0,0.0,0.0,0.0,0.0,330.0,0.0,1036.2670685218855,56.958462874711319,145.95482566967815,31.072210606360597,827.0363910678705,0.0,56.95846287471129,77.866537041581,0.0,0.0,17.853918364103646,1.6287398181361824,18.560970447882469,-318.7478943744484,17.923966948559334,-156.2087374010007,17.942265336447698,-71.58504945360369,15.345558618258707,13.712121192824626,17.96364923045809,-136.40764265616418,16.530572027658605,38.24963742430964,16.206368236460479,-16.53485502655147,15.979697279009099,-87.56180708317356,356.0960430881428,345.624062254024,0.0,0.0,0.0,0.0,0.0,0.0,0.0,0.0,0.0,0.0,0.0,0.0,0.0,0.0,0.0,0.0,0.0,0.0,0.0,0.0,0.0,0.0,0.6408396610770728,0.19561650216027866,152.54166528627196,180.03932107042949,2636.5025886425989,0.10194295923954887,0.01555905971299586,128.2512928978563,151.23499348771538,2252.248118981631,0.6484739599278988,0.12253854118063096,148.71518495852906,175.53181562415456,2552.878226303397,0.13137349253557008,0.02482492300369804,94.36007922374324,111.43359829042888,1621.1370973591104,0.0,0.0,7.986117292794315,9.50374634273191,100.47219849289381,0.0,0.0,63.044149791745059,74.44435942739551,1068.910082130652,0.0,0.0,219.71874656609936,260.3795809177029,3283.738136572198,0.0,0.0,10.202556177748108,12.105294667505714,144.5130919541932,0.0,0.0,127.2591800884099,151.25890607626304,1689.6103243764638,35.44811512999473,24.312836165977193,190.0574644128922,225.13038539106169,3438.939038737599,0.0,0.0,133.83839392370855,159.3101958178027,1668.995208067708,0.0,17.816070367032684,44.52461313435301,22.0,30.0,0.0,17.9884814490236,44.10297948962373,16.0,30.0,0.0,17.751897788466218,44.68733732356022,22.0,30.0,0.0,17.78195976620747,44.522873510802508,16.0,30.0,0.0,15.421464693380358,51.58400053861624,12.0,30.0,0.0,17.664375810316807,44.74373808430225,16.0,30.0,0.0,16.629578811838696,47.79962473011069,10.0,30.0,0.0,16.230558439676885,48.96683669069436,12.0,30.0,0.0,15.776200336951833,50.42647435688328,12.0,30.0,0.0,16.808810321213529,0.0,0.0,0.0,15.351625298001953,0.0,0.0,463.4974707285429,456.7172287551184,464.8139169980228,472.4930861105347,510.7884645346368,499.41952969460058,495.06444585576528,513.0137974279078,502.6200221561278,0.0,83.79545278580862,83.79545278580862,60.0,0.0,60.0,60.0,16.0,16.0,16.0,12.0,12.0,12.0,21.0,10.0,0.0,0.0,0.0,0.0,0.0,0.0,0.0,0.0,0.0,0.0,0.0,0.0,0.0,83.79545278580862,83.79545278580862,0.0,0.0,0.0,83.79545278580862,0.0,0.0,0.0013433333333333334 
 02/24  11:40:00,9.223333333333335,78.66666666666667,5.18,125.0,338.6666666666667,0.0,0.0,0.0,0.0,0.0,0.0,0.0,0.0,0.0,0.0,165.0,0.0,1105.5459100235929,55.7763543607521,142.92578108748658,33.14950634178626,882.3271330039769,0.0,55.77635436075207,76.25050508173259,0.0,0.0,17.83400699997653,8.76918364649191,18.63405857830659,-361.605884757013,17.955976159810189,-20.8804298118107,17.9462900243038,-26.84227927997381,15.372654247079364,13.540078862663563,18.07651801486944,-148.0643793410859,16.542997500249756,41.73516944568473,16.148764291430738,-17.34672403181304,16.005178268697244,-85.57086361470783,260.30953423570466,327.2819628221514,0.0,0.0,0.0,0.0,0.0,0.0,0.0,0.0,0.0,0.0,0.0,0.0,0.0,0.0,0.0,0.0,0.0,0.0,0.0,0.0,0.0,0.0,0.6416824676216899,0.19587376911528998,148.84598126667025,175.27158222189986,2562.790614312693,0.09628143284163714,0.01469496838242325,141.34288252108204,166.32241611765293,2477.9410358704915,0.6614120465000336,0.12498337991308274,71.04168774877236,83.64028411139388,1236.0349849432217,0.13322063343610056,0.025173967013624435,64.21981867393228,75.62398129989612,1102.786127039402,0.0,0.0,7.961722217171677,9.452429773494693,100.10750448041635,0.0,0.0,64.10636757811619,75.50485162405461,1094.66138341567,0.0,0.0,219.94287372666074,260.0363870502027,3283.505035875278,0.0,0.0,11.995415293375747,14.207141526543842,167.19445769795579,0.0,0.0,124.9235783108451,148.12395570834483,1661.088870434558,34.763228897979349,23.843092522619587,104.94717955961723,124.12501814593593,2044.1599573671013,0.0,0.0,133.28994977610189,158.25609568389803,1674.4392749694289,0.0,17.821932970199378,44.539018096222907,22.0,30.0,0.0,18.016264947279916,44.08070475266611,16.0,30.0,0.0,17.870755989808264,44.39451576925152,22.0,30.0,0.0,17.818178831797728,44.433439445600807,16.0,30.0,0.0,15.459462693066226,51.480617850428128,12.0,30.0,0.0,17.7680207391627,44.481103187005619,16.0,30.0,0.0,16.66259771391571,47.738655680593,10.0,30.0,0.0,16.155316954696269,49.22813830834551,12.0,30.0,0.0,15.827845520018816,50.299389946730688,12.0,30.0,0.0,16.53869660923385,0.0,0.0,0.0,15.440196575711378,0.0,0.0,461.53839503235596,452.46382307577536,462.9704115094408,473.3303503126431,504.5905729757987,494.6025931971653,490.39877021201417,505.2974761180298,496.94772321779547,0.0,83.79545278580862,83.79545278580862,60.0,0.0,60.0,60.0,16.0,16.0,16.0,12.0,12.0,12.0,21.0,10.0,0.0,0.0,0.0,0.0,0.0,0.0,0.0,0.0,0.0,0.0,0.0,0.0,0.0,83.79545278580862,83.79545278580862,0.0,0.0,0.0,83.79545278580862,0.0,0.0,0.00133 
 02/24  11:50:00,9.266666666666668,78.33333333333333,5.025,119.0,361.3333333333333,0.0,0.0,0.0,0.0,0.0,0.0,0.0,0.0,0.0,0.0,165.0,0.0,1176.297339210519,54.56674965105333,139.8262777320364,35.27095665071921,938.7931287377655,0.0,54.5667496510533,74.59688373769086,0.0,0.0,17.813334735900438,15.039157179057839,18.694461895571587,-409.782246673959,17.85580100007041,-162.6791256728543,17.96071864151028,-22.191011605747918,15.397717780684859,13.68928000045463,18.185606620415507,-160.1611991103846,16.554287967210067,48.1154170591235,16.10403769547316,-16.612239303701189,16.02457680797075,-73.55635213655705,337.6025379262501,310.0597702098594,0.0,0.0,0.0,0.0,0.0,0.0,0.0,0.0,0.0,0.0,0.0,0.0,0.0,0.0,0.0,0.0,0.0,0.0,0.0,0.0,0.0,0.0,0.6454924464790453,0.1970367663244949,160.11428341463498,188.54993821466884,2742.6829891040194,0.10099984575982309,0.015415116874209875,138.72631896517547,163.25508577497559,2420.306823677934,0.6424911244233288,0.12140799781242046,82.91143272073185,97.67526773079242,1406.8498562758653,0.13035762051931078,0.02463295928180475,74.9285977618883,88.2252004879948,1286.2933461410358,0.0,0.0,7.965313920467037,9.456228112179542,99.96772170711378,0.0,0.0,65.92526612792183,77.62790269523706,1131.4884478326092,0.0,0.0,220.7766795677423,261.0126897162294,3289.461203036139,0.0,0.0,13.48264642040077,15.972396878431253,185.41833663608848,0.0,0.0,122.89842643906519,145.71187655726818,1633.1359505809667,34.21045296859116,23.463959512065278,168.39358019865808,198.98871184879864,3057.3087087919877,0.0,0.0,132.91801981616923,157.77601548975029,1681.141944790014,0.0,17.823042591588807,44.5927567494644,22.0,30.0,0.0,18.01607559013839,44.05902553408979,16.0,30.0,0.0,17.707754897938889,44.89824446544115,22.0,30.0,0.0,17.86253972780019,44.39699636668572,16.0,30.0,0.0,15.491521976690392,51.39875815488847,12.0,30.0,0.0,17.857316408015927,44.26641491466161,16.0,30.0,0.0,16.69148873659355,47.665566382874867,10.0,30.0,0.0,16.104282486325358,49.410960795203539,12.0,30.0,0.0,15.867495956328769,50.1892465339912,12.0,30.0,0.0,16.81792874916371,0.0,0.0,0.0,15.527605580688295,0.0,0.0,456.6931668076824,454.35264101415995,457.8370608696048,466.1274778806899,500.1703313041621,490.33521779108278,488.26301479827517,500.3208256818708,494.52298473485959,0.0,83.79545278580862,83.79545278580862,60.0,0.0,60.0,60.0,16.0,16.0,16.0,12.0,12.0,12.0,21.0,10.0,0.0,0.0,0.0,0.0,0.0,0.0,0.0,0.0,0.0,0.0,0.0,0.0,0.0,83.79545278580862,83.79545278580862,0.0,0.0,0.0,83.79545278580862,0.0,0.0,0.0013366666666666664 
 02/24  12:00:00,9.31,78.0,4.87,113.0,384.0,0.0,0.0,0.0,0.0,0.0,0.0,0.0,0.0,0.0,0.0,165.0,0.0,1248.2003678676668,53.32609862554898,136.6472180513412,37.42693678723778,996.1782002281627,0.0,53.32609862554896,72.90081972617414,0.0,0.0,17.791944860506065,20.21433854597035,18.79616229684617,-381.73455668114277,17.884158426195279,-6.340494648761705,17.84800368438486,-183.12859357346998,15.42457431664484,13.854470907516685,18.29974496629105,-172.64180234824154,16.568814936864756,54.71611670832863,16.064292200963217,-15.181498049153106,16.045753211533645,-61.889606916272899,346.50191821106275,294.2330220329759,0.0,0.0,0.0,0.0,0.0,0.0,0.0,0.0,0.0,0.0,0.0,0.0,0.0,0.0,0.0,0.0,0.0,0.0,0.0,0.0,0.0,0.0,0.6551754420644197,0.1999925036826678,155.88294013375595,183.58274292416534,2655.8518465061436,0.09572279798590448,0.014609706652305325,149.06351589844275,175.38431550498843,2611.134098740272,0.679959571188368,0.1284882031724052,193.88170337201334,228.3338596293062,3301.737022083658,0.12383364421675239,0.023400159526975125,105.3301900056322,124.11925300957198,1755.036870684851,0.0,0.0,7.962149771282493,9.451953732527383,99.7687611753411,0.0,0.0,67.75876159079825,79.76638109067445,1169.367781214462,0.0,0.0,221.87320978883808,262.2949836298855,3301.037473559779,0.0,0.0,14.9957041862305,17.76858085720908,203.6704708629639,0.0,0.0,120.99501375362307,143.44313365499179,1607.2454371289094,33.56162296118034,23.018945789561284,212.42310998982956,250.95800534578434,3731.5513729180136,0.0,0.0,132.69178690948477,157.4692249571514,1689.8559413195456,0.0,17.818225895036414,44.59459792738268,22.0,30.0,0.0,18.097316975447975,43.79100372328255,16.0,30.0,0.0,17.820284582041169,44.55222522213347,22.0,30.0,0.0,17.651153809196456,45.02663936030336,16.0,30.0,0.0,15.525217211182769,51.31097908664708,12.0,30.0,0.0,17.950319783186364,44.02405185562655,16.0,30.0,0.0,16.724449456083506,47.597039409334858,10.0,30.0,0.0,16.061144641957897,49.57884173005494,12.0,30.0,0.0,15.908878735136583,50.09242994142863,12.0,30.0,0.0,16.902863309607146,0.0,0.0,0.0,15.615881810476959,0.0,0.0,457.32107470498718,458.8563402556462,462.57191834701919,460.7652169937599,496.35292787558827,487.8741999948058,484.9018787450142,495.4534607277292,490.65857345023667,0.0,83.79545278580862,83.79545278580862,60.0,0.0,60.0,60.0,16.0,16.0,16.0,12.0,12.0,12.0,21.0,10.0,0.0,0.0,0.0,0.0,0.0,0.0,0.0,0.0,0.0,0.0,0.0,0.0,0.0,83.79545278580862,83.79545278580862,0.0,0.0,0.0,83.79545278580862,0.0,0.0,0.0013433333333333334 
 02/24  12:10:00,9.415000000000001,77.16666666666667,4.838333333333334,107.0,406.6666666666667,0.0,0.0,0.0,0.0,0.0,0.0,0.0,0.0,0.0,0.0,165.0,0.0,1320.9137881384468,52.05013573545091,133.37767124915218,39.60721573034552,1054.2100323649427,0.0,52.05013573545088,71.15648171859745,0.0,0.0,17.794017948336806,40.37221798974406,18.89594911195622,-417.97822035026277,17.767652439739618,-175.58274512521894,17.875709862633678,-6.539175296413305,15.453280771527976,14.050325730575594,18.418994987251204,-184.83850553597814,16.586019518689328,61.25071360685797,16.02963476763354,-12.777569610368915,16.068177083139714,-50.7483815242731,361.82174595010658,280.049625797149,0.0,0.0,0.0,0.0,0.0,0.0,0.0,0.0,0.0,0.0,0.0,0.0,0.0,0.0,0.0,0.0,0.0,0.0,0.0,0.0,0.0,0.0,0.5937993673318638,0.18125743813548957,171.20901491224778,201.596036212653,2891.5115764895738,0.07968637517555946,0.012162145173314937,166.32455870922434,195.6386059395263,2897.99981276594,0.6701411415340806,0.1266328687706124,123.36538079172573,145.3781023268286,2030.4127441254662,0.14736467251557748,0.027846687928113648,130.79640646426635,154.06240150132846,2179.204856963919,0.0,0.0,7.965607626273694,9.454339003831683,98.68015997120993,0.0,0.0,69.60282507010709,81.90478882503968,1199.7224007973276,0.0,0.0,223.01818392896088,263.6005649487248,3286.6358492712695,0.0,0.0,16.091630042239328,19.06833909655596,214.04531423487755,0.0,0.0,119.80129391039567,141.9988481159423,1576.0076556369448,33.41749245610618,22.92009084780946,245.72423554732573,290.19505092034549,4225.324178024939,0.0,0.0,132.77782971955717,157.51338941876635,1686.0019648923972,0.0,17.85671470497966,44.44425514723357,22.0,30.0,0.0,18.159324288172067,43.669235401633368,16.0,30.0,0.0,17.618769091848458,45.17123516785944,22.0,30.0,0.0,17.759537923343325,44.712293067118277,16.0,30.0,0.0,15.560583125070793,51.21387218864566,12.0,30.0,0.0,18.048099831506339,43.77440866479251,16.0,30.0,0.0,16.760315462056405,47.50102007898524,10.0,30.0,0.0,16.025946756864003,49.71060393382008,12.0,30.0,0.0,15.951213259280645,49.97065063596313,12.0,30.0,0.0,16.99416786539361,0.0,0.0,0.0,15.704609756275437,0.0,0.0,460.8859455674631,452.860899264209,454.30266946755997,463.7404396654771,492.7799520990489,484.7026721186697,482.5127806548755,491.6505113338243,488.1713813201395,0.0,83.79545278580862,83.79545278580862,60.0,0.0,60.0,60.0,16.0,16.0,16.0,12.0,12.0,12.0,21.0,10.0,0.0,0.0,0.0,0.0,0.0,0.0,0.0,0.0,0.0,0.0,0.0,0.0,0.0,83.79545278580862,83.79545278580862,0.0,0.0,0.0,83.79545278580862,0.0,0.0,0.0013499999999999999 
 02/24  12:20:00,9.520000000000002,76.33333333333334,4.806666666666667,101.0,429.33333333333339,0.0,0.0,0.0,0.0,0.0,0.0,0.0,0.0,0.0,0.0,165.0,0.0,1434.7028593381015,52.737348807407759,135.13864940246686,43.01912599962404,1145.0238811166976,0.0,52.73734880740773,72.09595408885245,0.0,0.0,17.80565919821158,55.90713489741211,19.002665637289529,-463.96438334888446,17.81238558639882,7.828083075484756,17.818344442739155,-125.95797130481424,15.487970385511204,14.215337454257707,18.558173195516888,-198.9494511140897,16.608424262701925,69.24270646974856,16.00031555162292,-10.124428946848639,16.09233965331625,-39.758087229193737,329.7487797736894,267.0366182717453,0.0,0.0,0.0,0.0,0.0,0.0,0.0,0.0,0.0,0.0,0.0,0.0,0.0,0.0,0.0,0.0,0.0,0.0,0.0,0.0,0.0,0.0,0.603229642684855,0.18413603256558459,195.57453921575235,230.23109183994419,3279.6303939527685,0.06209997359906967,0.009478017948575958,191.38009871104513,225.06239751674145,3311.5215814126429,0.7156585305137271,0.1352340382679001,229.54904654145745,270.36306553484766,3785.2178280143677,0.1357330702402618,0.02564872831448635,90.54834264041104,106.6886052256929,1470.9996223399267,0.0,0.0,7.985844498765139,9.476425984561308,97.89688588888892,0.0,0.0,71.45573198780683,84.0488204623507,1231.6729013255288,0.0,0.0,224.56559401722297,265.37453580144406,3281.262029825514,0.0,0.0,17.396010704254509,20.614776630790709,226.75731844848014,0.0,0.0,118.22380362517905,140.10021095738979,1540.034540605714,33.08185412885504,22.689886233782617,239.03682545249863,282.3343450345461,4032.737077654698,0.0,0.0,132.87936152333988,157.5768845378557,1682.0171614786623,0.0,17.907036116258185,44.35131930134408,22.0,30.0,0.0,18.20714374078094,43.49968009490151,16.0,30.0,0.0,17.762891500454804,44.69935095357469,22.0,30.0,0.0,17.650690639160368,45.037685009733369,16.0,30.0,0.0,15.60234603048353,51.09518913634461,12.0,30.0,0.0,18.156896402484198,43.4908112623964,16.0,30.0,0.0,16.804098329036898,47.37101478452807,10.0,30.0,0.0,15.99771860029331,49.82484797413116,12.0,30.0,0.0,15.993336163728829,49.859834351832038,12.0,30.0,0.0,16.939557864737528,0.0,0.0,0.0,15.792097612231462,0.0,0.0,454.88634226950878,454.56224245142666,462.50278758137469,456.96313922556569,489.5250965058863,481.91891717700238,481.2457757857233,487.9267336227218,485.02373322956307,0.0,83.79545278580862,83.79545278580862,60.0,0.0,60.0,60.0,16.0,16.0,16.0,12.0,12.0,12.0,21.0,10.0,0.0,0.0,0.0,0.0,0.0,0.0,0.0,0.0,0.0,0.0,0.0,0.0,0.0,83.79545278580862,83.79545278580862,0.0,0.0,0.0,83.79545278580862,0.0,0.0,0.0013466666666666664 
 02/24  12:30:00,9.625,75.5,4.775,95.0,452.0,0.0,0.0,0.0,0.0,0.0,0.0,0.0,0.0,0.0,0.0,165.0,0.0,1509.8080548600454,51.22443262425821,131.26191651895599,45.27112009892581,1204.9645520407215,0.0,51.22443262425819,70.0276829651188,0.0,0.0,17.8100296325729,61.11280652188998,19.103526399881998,-496.6668322572741,17.82990083296986,3.200340370572121,17.841033940981036,-13.272252157756612,15.523146617584314,14.53644541468148,18.694697157962346,-213.64262089768909,16.63527666679784,77.42302899646711,15.974853801732389,-6.916267031926054,16.11625736647361,-29.4428150368758,275.33656788040846,256.9813868116689,0.0,0.0,0.0,0.0,0.0,0.0,0.0,0.0,0.0,0.0,0.0,0.0,0.0,0.0,0.0,0.0,0.0,0.0,0.0,0.0,0.0,0.0,0.5818133957266898,0.1775987166442887,192.68829212740486,226.79932220631233,3201.510369124007,0.05900783355602594,0.009006079602568064,188.95074607423434,222.15575216218225,3247.4952741494446,0.6987560763431969,0.13204007489478407,131.73523127782355,155.1153375423322,2164.8064655526338,0.15030541715411525,0.02840238419389932,115.27224265026548,135.7744457833259,1866.3847292461567,0.0,0.0,8.044285254154153,9.543797806652812,97.590771429334,0.0,0.0,73.21310074717806,86.07797776286543,1262.4118487177157,0.0,0.0,226.91026439145376,268.0830366938763,3289.636397538056,0.0,0.0,18.78596960959131,22.26229108293168,240.09317150572145,0.0,0.0,118.15598071681932,139.9915333979685,1523.8230180824842,32.68945677438778,22.42075224580781,154.54479818096542,182.61459937989,2686.497347695282,0.0,0.0,133.63411100247235,158.414144651444,1686.6754659301376,0.0,17.936720511858267,44.23163916991618,22.0,30.0,0.0,18.255713244720789,43.37295452620885,16.0,30.0,0.0,17.823777915796016,44.571306939469888,22.0,30.0,0.0,17.732798941553069,44.77539038260181,16.0,30.0,0.0,15.645285717772671,50.96865594452316,12.0,30.0,0.0,18.2687713134182,43.188971102823199,16.0,30.0,0.0,16.853697825586246,47.24876075559677,10.0,30.0,0.0,15.975656304613644,49.91477728356031,12.0,30.0,0.0,16.034934900153684,49.74032306692902,12.0,30.0,0.0,16.805835306206086,0.0,0.0,0.0,15.881130721653154,0.0,0.0,456.39765869844009,450.57446445446018,456.09872108748228,463.3414683717208,486.8246238006168,480.4660212292534,477.5852955589416,484.7686043400709,482.68568007971688,0.0,83.79545278580862,83.79545278580862,60.0,0.0,60.0,60.0,16.0,16.0,16.0,12.0,12.0,12.0,21.0,10.0,0.0,0.0,0.0,0.0,0.0,0.0,0.0,0.0,0.0,0.0,0.0,0.0,0.0,83.79545278580862,83.79545278580862,0.0,0.0,0.0,83.79545278580862,0.0,0.0,0.0013433333333333334 
 02/24  12:40:00,9.73,74.66666666666667,4.743333333333333,95.83333333333334,465.5,0.0,0.0,0.0,0.0,0.0,0.0,0.0,0.0,0.0,0.0,165.0,0.0,1581.5950636214398,51.92211498862472,133.04973290603903,47.42362228702199,1262.2570385624659,0.0,51.9221149886247,70.98146765182463,0.0,0.0,17.817129933110047,70.58584702078315,19.181200689117888,-562.9104611915691,17.831971698190747,1.0812699364860237,17.864539449779895,-11.900132066672086,15.55984861742336,14.811479035967665,18.832291744629619,-227.72802566154588,16.660677364654079,82.82542592281152,15.954446340765856,-3.1678812432545557,16.14211472010276,-19.568604082675848,288.1678087835471,248.97189219334724,0.0,0.0,0.0,0.0,0.0,0.0,0.0,0.0,0.0,0.0,0.0,0.0,0.0,0.0,0.0,0.0,0.0,0.0,0.0,0.0,0.0,0.0,0.5897587627673796,0.180024042358785,197.51779315888806,232.44470960250048,3252.3797802082228,0.058296766183824778,0.008897552836359093,194.01906537346108,228.10180673587258,3295.4618565646785,0.6822905971806159,0.12892868427449287,118.49249805814368,139.50225877048673,1929.4028954713322,0.14491719935972267,0.027384202448927178,105.88947986602486,124.69242243679233,1703.0806775022282,0.0,0.0,8.059820866333605,9.560206727872565,96.77303122169401,0.0,0.0,74.89064034808307,88.01057620019255,1292.089017657243,0.0,0.0,229.06413548325203,270.5719105073387,3292.1256459742014,0.0,0.0,20.015590664430066,23.719362257421886,250.9659449197002,0.0,0.0,118.66392402463566,140.564861958573,1515.098443640044,32.33541327519958,22.17792405706419,160.01914572402198,189.01986973308088,2750.7722481896769,0.0,0.0,134.84596602392518,159.7913897262932,1697.2269561652109,0.0,17.968941872603869,44.14884972208083,22.0,30.0,0.0,18.26008438245517,43.294453643624638,16.0,30.0,0.0,17.851423580318806,44.45906705283651,22.0,30.0,0.0,17.78529930231131,44.66504110573216,16.0,30.0,0.0,15.689352962141897,50.84170319974427,12.0,30.0,0.0,18.38267658261401,42.901984290559308,16.0,30.0,0.0,16.89744240153114,47.11524162425054,10.0,30.0,0.0,15.960041760477007,49.97470346941918,12.0,30.0,0.0,16.077018192696369,49.613112693548128,12.0,30.0,0.0,16.88940529616546,0.0,0.0,0.0,15.970886679065093,0.0,0.0,452.3874854601765,451.1644407306503,457.3545991152333,457.6855544411185,483.9902347563857,477.033548950242,476.4720090721712,482.6116169920538,481.012755363213,0.0,83.79545278580862,83.79545278580862,60.0,0.0,60.0,60.0,16.0,16.0,16.0,12.0,12.0,12.0,21.0,10.0,0.0,0.0,0.0,0.0,0.0,0.0,0.0,0.0,0.0,0.0,0.0,0.0,0.0,83.79545278580862,83.79545278580862,0.0,0.0,0.0,83.79545278580862,0.0,0.0,0.0013399999999999999 
 02/24  12:50:00,9.834999999999999,73.83333333333333,4.711666666666666,96.66666666666667,479.0,0.0,0.0,0.0,0.0,0.0,0.0,0.0,0.0,0.0,0.0,165.0,0.0,1652.3709091591432,52.59622174262389,134.77713384421993,49.54580465270306,1318.7425201197435,0.0,52.59622174262387,71.90302269177922,0.0,0.0,17.81025463247924,67.81352494118346,19.298659916104368,-537.6949331161668,17.828672825079758,4.151735092755189,17.877763237566837,-13.383366716885576,15.59830182849174,15.0862680556329,18.970745140493237,-244.09494781802824,16.689328667278983,89.89594210414089,15.938426136941992,0.8715336438908707,16.169330823230238,-9.777389718927225,278.523616608285,239.17066591941512,0.0,0.0,0.0,0.0,0.0,0.0,0.0,0.0,0.0,0.0,0.0,0.0,0.0,0.0,0.0,0.0,0.0,0.0,0.0,0.0,0.0,0.0,0.5848497141641795,0.1785255537741696,188.11399451398334,221.36798890861994,3058.5794649627839,0.06298635182912352,0.00961330156122154,184.573791507331,216.92038345196287,3128.3700135821816,0.6767549907572538,0.12788265131467387,119.05681032478593,140.1508661408468,1917.046913117077,0.14065507798929598,0.026578812923147379,89.86392820436898,105.80496511439014,1431.9761927591747,0.0,0.0,8.109798996092028,9.617412815012975,96.38418249528719,0.0,0.0,76.70183587452397,90.09921787070383,1323.9401576136036,0.0,0.0,231.00619339285053,272.8044149145438,3293.218064729924,0.0,0.0,21.05399212218917,24.949267962697396,259.13304776280207,0.0,0.0,118.58886570020175,140.44665626212507,1499.0896393136455,31.95254953570622,21.915328899661338,150.93875111220189,178.27156597321798,2584.4363696982225,0.0,0.0,135.34295722160503,160.32379684274657,1697.6613914117784,0.0,17.969777990902469,44.08265072962638,22.0,30.0,0.0,18.34970643059445,43.01029020255388,16.0,30.0,0.0,17.867609732176129,44.418103287685209,22.0,30.0,0.0,17.8155415959974,44.548524964122687,16.0,30.0,0.0,15.734870110107523,50.70636951184475,12.0,30.0,0.0,18.495464793285607,42.59730903836437,16.0,30.0,0.0,16.945956396933047,46.98114486981883,10.0,30.0,0.0,15.950247327154424,50.02681066011323,12.0,30.0,0.0,16.11999823025924,49.49876747359679,12.0,30.0,0.0,16.910516987914094,0.0,0.0,0.0,16.056643939560524,0.0,0.0,452.91603355974396,454.0741741374088,453.63224085797796,458.6880347937618,481.5274923718465,475.7098345156279,473.8598878440213,479.545652959794,477.90313173295689,0.0,83.79545278580862,83.79545278580862,60.0,0.0,60.0,60.0,16.0,16.0,16.0,12.0,12.0,12.0,21.0,10.0,0.0,0.0,0.0,0.0,0.0,0.0,0.0,0.0,0.0,0.0,0.0,0.0,0.0,83.79545278580862,83.79545278580862,0.0,0.0,0.0,83.79545278580862,0.0,0.0,0.0013399999999999999 
 02/24  13:00:00,9.94,73.0,4.68,97.5,492.5,0.0,0.0,0.0,0.0,0.0,0.0,0.0,0.0,0.0,0.0,165.0,0.0,1721.8742424686339,53.24372335225071,136.4363560132471,51.629830738319899,1374.212416477039,0.0,53.24372335225069,72.78820648231432,0.0,0.0,17.835397629162345,92.26301524527026,19.38983282782771,-611.5137910268904,17.818974332106927,3.1406174432563604,17.885757320171714,-13.092752057303187,15.638383579675974,15.16540359324793,19.111816832690168,-258.7431917499657,16.716423494321626,94.24768944714015,15.926231315002394,4.901188151964789,16.197468678427098,-0.9662625374512572,298.40453244787298,230.4392865698701,0.0,0.0,0.0,0.0,0.0,0.0,0.0,0.0,0.0,0.0,0.0,0.0,0.0,0.0,0.0,0.0,0.0,0.0,0.0,0.0,0.0,0.0,0.5863772746842566,0.17899184208921144,211.99915803644724,249.4084425511758,3427.5742435913286,0.04716169234625986,0.007198060492408404,209.66745093397706,246.37864747334016,3518.9859665435085,0.6740119037583323,0.12736430532092453,114.9399270250158,135.297513859028,1827.3583014664915,0.13874621769161553,0.02621810613976105,82.37351314306193,96.97395552804906,1298.5181876787136,0.0,0.0,8.064727282915364,9.561861353333825,94.88458722399295,0.0,0.0,78.50893831335364,92.18023731096007,1356.1241896985837,0.0,0.0,232.26061102898,274.22993424832097,3281.7358603040909,0.0,0.0,21.93020771773559,25.986559073232674,265.0675876705388,0.0,0.0,118.83015210165788,140.70357849336748,1487.0656227490068,31.576762565849923,21.657587493724234,176.4487767125246,208.30555946722306,2944.209105233788,0.0,0.0,136.07580903938925,161.1338141580093,1701.4839447684242,0.0,18.03408866391606,43.86610148080158,22.0,30.0,0.0,18.373678438124569,42.92712565029062,16.0,30.0,0.0,17.87011838590789,44.35143539843676,22.0,30.0,0.0,17.83480879852563,44.49531947784233,16.0,30.0,0.0,15.781591787414884,50.566083825842238,12.0,30.0,0.0,18.610732555552106,42.297558337669268,16.0,30.0,0.0,16.989146226349086,46.84711494429322,10.0,30.0,0.0,15.945209003811524,50.05034128207427,12.0,30.0,0.0,16.162985382763496,49.36524184764919,12.0,30.0,0.0,17.029896411379466,0.0,0.0,0.0,16.144192462034039,0.0,0.0,455.2474975481904,450.3753692715264,453.9479190988829,455.5943041169898,479.137284281748,473.343895343669,472.2212666691777,477.5677227511782,476.3572068832304,0.0,83.79545278580862,83.79545278580862,60.0,0.0,60.0,60.0,16.0,16.0,16.0,12.0,12.0,12.0,21.0,10.0,0.0,0.0,0.0,0.0,0.0,0.0,0.0,0.0,0.0,0.0,0.0,0.0,0.0,83.79545278580862,83.79545278580862,0.0,0.0,0.0,83.79545278580862,0.0,0.0,0.0013399999999999999 
 02/24  13:10:00,10.04,72.0,4.81,98.33333333333333,506.0,0.0,0.0,0.0,0.0,0.0,0.0,0.0,0.0,0.0,0.0,165.0,0.0,1789.846391514509,53.86150117970598,138.01940777946136,53.66794435520451,1428.4602838742217,0.0,53.861501179705957,73.63275560911969,0.0,0.0,17.84200752117917,89.04180033377634,19.51958187985182,-583.0343575835659,17.817039989778217,18.330927769282427,17.88927792247314,-14.660679440523382,15.68020107935726,15.564353785425567,19.252482841958078,-276.0710925906442,16.752609870234644,103.32241269812858,15.917655509319167,9.163269763283666,16.226982506185409,8.103401801821292,288.34477321780926,220.2175509835015,0.0,0.0,0.0,0.0,0.0,0.0,0.0,0.0,0.0,0.0,0.0,0.0,0.0,0.0,0.0,0.0,0.0,0.0,0.0,0.0,0.0,0.0,0.560257054197082,0.17101863681229613,203.64152436199957,239.53998421212894,3259.11362861661,0.04548232983307918,0.006941747532521242,201.35851301485739,236.5078082377288,3381.5527674892039,0.6839889299551609,0.12924960883506449,135.38736959607693,159.34464946869503,2127.80246550733,0.13945527807641568,0.02635209336289033,71.88619242647407,84.61840926762854,1120.3927216645957,0.0,0.0,8.195673165535679,9.714629041447467,95.54928588475168,0.0,0.0,80.29446007727045,94.23189748017656,1388.4249867759573,0.0,0.0,234.8131467845751,277.16237032887195,3298.031552153259,0.0,0.0,22.903404141846413,27.137380499220254,272.18998021664887,0.0,0.0,118.73521399461947,140.55722086644719,1472.2028770844318,31.905731629890917,21.883217853148783,167.73307686652573,198.0079558902184,2781.9483196076328,0.0,0.0,136.64860705502236,161.74950609371155,1704.3567493106203,0.0,18.053459888304276,43.79259785507898,22.0,30.0,0.0,18.482619175210286,42.592508025452669,16.0,30.0,0.0,17.88679230456233,44.265103522173678,22.0,30.0,0.0,17.844519383375848,44.416819475911108,16.0,30.0,0.0,15.82980730867987,50.41550298948939,12.0,30.0,0.0,18.724012846190488,41.993392923844648,16.0,30.0,0.0,17.049079628973077,46.66305843874647,10.0,30.0,0.0,15.944689118240332,50.06001191723954,12.0,30.0,0.0,16.206997129356244,49.2331997347349,12.0,30.0,0.0,17.02110119031031,0.0,0.0,0.0,16.23094033009712,0.0,0.0,451.74469248850178,450.37793185548977,455.92789865303839,455.65545360347337,476.898585754338,471.5325386585372,471.1696472193921,475.1898810811627,474.0009129424509,0.0,83.79545278580862,83.79545278580862,60.0,0.0,60.0,60.0,16.0,16.0,16.0,12.0,12.0,12.0,21.0,10.0,0.0,0.0,0.0,0.0,0.0,0.0,0.0,0.0,0.0,0.0,0.0,0.0,0.0,83.79545278580862,83.79545278580862,0.0,0.0,0.0,83.79545278580862,0.0,0.0,0.0013399999999999999 
 02/24  13:20:00,10.14,71.0,4.9399999999999999,99.16666666666667,519.5,0.0,0.0,0.0,0.0,0.0,0.0,0.0,0.0,0.0,0.0,165.0,0.0,1856.0276067471367,54.4463421839738,139.51805561730942,55.65235700760802,1481.2788186165945,0.0,54.44634218397377,74.43227760153065,0.0,0.0,17.88087904100711,114.62948110551042,19.613175329998755,-666.9083316733113,17.813069670759579,22.227083731436325,17.892806447090455,-12.12808949335431,15.7236435443616,15.86770134490331,19.396305984069966,-289.39019079984566,16.78486795274106,107.32705913113478,15.912342129166405,13.499725019748098,16.257860799633016,16.942745126521005,307.54147376070889,214.08239909116583,0.0,0.0,0.0,0.0,0.0,0.0,0.0,0.0,0.0,0.0,0.0,0.0,0.0,0.0,0.0,0.0,0.0,0.0,0.0,0.0,0.0,0.0,0.5495999033654745,0.16776553826784938,226.482190847306,266.309624329427,3614.638527724926,0.02045899453290671,0.00312255716314205,225.47245557847584,264.79037559059108,3751.165231087339,0.6867118792516082,0.12976414951844454,140.10778479845389,164.88099865621593,2176.0938349502719,0.14085750230103334,0.02661706392687704,77.92423373815287,91.71552494392401,1200.1280699267434,0.0,0.0,8.211316548932464,9.73064498338557,94.87521257501693,0.0,0.0,81.83576691061625,95.99360737449291,1417.3092468553458,0.0,0.0,237.2508078635328,279.96747688815807,3307.4436886116429,0.0,0.0,23.806021948709316,28.204043145507776,278.279977460637,0.0,0.0,119.89314886420587,141.893506803695,1473.0041854496606,32.247544383096109,22.117657327226419,191.52949752814988,226.01683337371373,3110.195773907341,0.0,0.0,138.4994833340869,163.8726841510194,1725.1648578327555,0.0,18.136883668552775,43.52207005452236,22.0,30.0,0.0,18.506332027745079,42.456899970714108,16.0,30.0,0.0,17.8965784688958,44.21687687413353,22.0,30.0,0.0,17.854083611519994,44.35131185589054,16.0,30.0,0.0,15.879306452133683,50.25718299324047,12.0,30.0,0.0,18.84203570504418,41.67768680573287,16.0,30.0,0.0,17.098499530055176,46.51406752574307,10.0,30.0,0.0,15.948139341264774,50.047416200181917,12.0,30.0,0.0,16.252055386166128,49.086465025489918,12.0,30.0,0.0,17.105593925526937,0.0,0.0,0.0,16.325305147107885,0.0,0.0,451.5128216621349,449.34553517379956,452.5730857367299,456.96207418269696,475.01142307592076,470.2851047633748,468.83246301198417,473.2254448647868,472.3338233407666,0.0,83.79545278580862,83.79545278580862,60.0,0.0,60.0,60.0,16.0,16.0,16.0,12.0,12.0,12.0,21.0,10.0,0.0,0.0,0.0,0.0,0.0,0.0,0.0,0.0,0.0,0.0,0.0,0.0,0.0,83.79545278580862,83.79545278580862,0.0,0.0,0.0,83.79545278580862,0.0,0.0,0.0013333333333333336 
 02/24  13:30:00,10.239999999999999,70.0,5.07,100.0,533.0,0.0,0.0,0.0,0.0,0.0,0.0,0.0,0.0,0.0,0.0,165.0,0.0,1920.1518447844044,54.994929987946949,140.92380122031708,57.575091484284147,1532.4556939906939,0.0,54.99492998794692,75.18223872061135,0.0,0.0,17.891607679178067,106.9949964719417,19.74629037646264,-636.6323942286244,17.82095565957075,43.34405719453753,17.895472832688435,-11.629813941355679,15.76892975044929,16.36643995936072,19.540204081799133,-306.66694024619985,16.826162207367895,116.52919209229185,15.910440904572642,18.294830412005014,16.290799134146118,26.7240965397159,289.39320368367955,204.8267063800513,0.0,0.0,0.0,0.0,0.0,0.0,0.0,0.0,0.0,0.0,0.0,0.0,0.0,0.0,0.0,0.0,0.0,0.0,0.0,0.0,0.0,0.0,0.5151190716939125,0.15724025387482067,212.4477495516826,249.77259822044548,3355.7893396999709,0.022797015114502499,0.0034793979112488556,211.291819987356,248.02276363304177,3518.8706308579764,0.7009510763982397,0.13245485192710508,161.39874321478349,189.90068391937133,2482.8624557224959,0.14459797017325994,0.027323879473405117,82.04592415461706,96.55639474815,1248.1504641567238,0.0,0.0,8.364097060183444,9.909063801472167,95.79770763723092,0.0,0.0,83.4097770571882,97.79256886575696,1446.5314648155507,0.0,0.0,240.2976607306206,283.4744249134375,3332.4550316587017,0.0,0.0,24.70661905243115,29.267673887486873,284.2092671505536,0.0,0.0,120.27073901920264,142.30461896423103,1464.638500914693,32.585818465358517,22.349669729326835,176.90688033636907,208.77153254505226,2855.41575268361,0.0,0.0,139.51512246092899,165.00827286684283,1734.509465799676,0.0,18.155871514367616,43.40011513168315,22.0,30.0,0.0,18.618803931670784,42.0966890103968,16.0,30.0,0.0,17.928346523790965,44.08745169474541,22.0,30.0,0.0,17.860876660846249,44.30862694322348,16.0,30.0,0.0,15.930580742001976,50.09195455007941,12.0,30.0,0.0,18.958121240913827,41.36975438032716,16.0,30.0,0.0,17.16429412782517,46.30694502442847,10.0,30.0,0.0,15.955981060937754,50.01710275246466,12.0,30.0,0.0,16.29960480469031,48.93172451853015,12.0,30.0,0.0,17.070958557639608,0.0,0.0,0.0,16.41595778054147,0.0,0.0,450.50919750066006,449.8798974243988,452.1706660982735,454.16754389210208,473.04262481234846,468.1830802248491,467.5087075436547,471.8249611781884,471.0447634177361,0.0,83.79545278580862,83.79545278580862,60.0,0.0,60.0,60.0,16.0,16.0,16.0,12.0,12.0,12.0,21.0,10.0,0.0,0.0,0.0,0.0,0.0,0.0,0.0,0.0,0.0,0.0,0.0,0.0,0.0,83.79545278580862,83.79545278580862,0.0,0.0,0.0,83.79545278580862,0.0,0.0,0.0013266666666666666 
 02/24  13:40:00,10.34,69.0,5.199999999999999,100.83333333333334,503.5,0.0,0.0,0.0,0.0,0.0,0.0,0.0,0.0,0.0,0.0,165.0,0.0,1859.745779278874,54.26806410871669,139.06113114680773,55.76383026589931,1484.2460963944996,0.0,54.268064108716668,74.18855795654577,0.0,0.0,17.93732514229635,133.46674574792997,19.7791049040712,-719.9973999741824,17.822189534777097,44.228565963495388,17.899532949123697,-5.587496606169225,15.803870496957427,16.90812348073598,19.63221684804512,-315.1048850852235,16.861874800394515,119.97931347829945,15.910838806275259,22.94096242556145,16.324610942273858,35.89850442673469,310.74240702439786,200.23497423401296,0.0,0.0,0.0,0.0,0.0,0.0,0.0,0.0,0.0,0.0,0.0,0.0,0.0,0.0,0.0,0.0,0.0,0.0,0.0,0.0,0.0,0.0,0.5134553367249487,0.15673239826768887,235.73187834658263,277.04098270240129,3716.556054844377,0.0,0.0,235.87001021452074,276.8673284972882,3874.2862677202249,0.7002019573881184,0.1323132950468856,160.31899220234744,188.6063917015789,2438.8357086008275,0.1466897818277538,0.02771915756382346,95.78077215796876,112.70709686607175,1439.5684119167209,0.0,0.0,8.366594984216988,9.909819624446252,94.78246468122915,0.0,0.0,84.84795228733572,99.43865390197358,1469.685929439054,0.0,0.0,242.65661803686587,286.1817560550296,3341.075483817201,0.0,0.0,25.480822706875676,30.18102841833266,288.5258977425542,0.0,0.0,121.64668838303118,143.89593258093889,1468.4960208295036,32.93517253246514,22.589281572335496,201.20330056132875,237.3515602060108,3185.9532517321929,0.0,0.0,141.51636863133843,167.3066674111915,1756.914528976007,0.0,18.24602704077376,43.09320478124944,22.0,30.0,0.0,18.60501161184339,42.04978807069762,16.0,30.0,0.0,17.94373784277962,43.97533680652084,22.0,30.0,0.0,17.871850614823204,44.238553251102768,16.0,30.0,0.0,15.96961525841462,49.96242021610111,12.0,30.0,0.0,19.051050475687505,41.11595833944652,16.0,30.0,0.0,17.216408383770287,46.134695949931039,10.0,30.0,0.0,15.966855740525143,49.97822653700379,12.0,30.0,0.0,16.34819561347966,48.77547481281395,12.0,30.0,0.0,17.162185185019955,0.0,0.0,0.0,16.5097731443837,0.0,0.0,450.7946906059214,449.19172947177079,451.1748294841001,453.3461353539383,471.2219172645414,466.81308837469768,466.1207702253151,469.80178522127286,468.96311490173289,0.0,83.79545278580862,83.79545278580862,60.0,0.0,60.0,60.0,16.0,16.0,16.0,12.0,12.0,12.0,21.0,10.0,0.0,0.0,0.0,0.0,0.0,0.0,0.0,0.0,0.0,0.0,0.0,0.0,0.0,83.79545278580862,83.79545278580862,0.0,0.0,0.0,83.79545278580862,0.0,0.0,0.0013200000000000003 
 02/24  13:50:00,10.44,68.0,5.33,101.66666666666666,474.0,0.0,0.0,0.0,0.0,0.0,0.0,0.0,0.0,0.0,0.0,165.0,0.0,1794.452380215978,53.55388305751991,137.23096522935556,53.80602492349912,1432.135972089203,0.0,53.55388305751988,73.21221831409908,0.0,0.0,17.91919963482662,101.95379499326737,19.847458844171734,-642.4407683644386,17.837045992142494,67.71345494667458,17.902508387524038,-4.317490057591385,15.834349441197022,17.787568822609445,19.699224289741538,-322.5421928993396,16.90347521299168,127.42461544028811,15.913812577575478,27.861557044706389,16.359706177429798,45.1559171107142,291.96937961918868,193.96172512996419,0.0,0.0,0.0,0.0,0.0,0.0,0.0,0.0,0.0,0.0,0.0,0.0,0.0,0.0,0.0,0.0,0.0,0.0,0.0,0.0,0.0,0.0,0.4685720470803828,0.14303176040304728,222.5845016015238,261.6121284172141,3444.7092698983394,0.005535615152786172,0.0008448741075680971,209.37554381192545,245.6656654198784,3437.308944584894,0.7106099740076967,0.13428004043985204,180.41049800786406,212.19646151171168,2721.696291017172,0.14979589992771714,0.028306103538873224,99.76672881885975,117.3855693759319,1480.9000173767655,0.0,0.0,8.529438186831138,10.100723043167978,95.4389939031678,0.0,0.0,85.64870346378477,100.3450585634112,1477.77963033883,0.0,0.0,245.07909490047164,288.9522216847332,3355.100349244436,0.0,0.0,26.28469951675368,31.128990580985304,293.0619123317014,0.0,0.0,121.8544259358182,144.10454115809348,1458.381114939609,33.270927470900698,22.819566166598564,187.0130060214735,220.62608034902673,2936.8753523883708,0.0,0.0,142.30556042839923,168.17937969936805,1760.2162267411389,0.0,18.20056164897505,43.13220021965597,22.0,30.0,0.0,18.70402518212471,41.73560362313439,16.0,30.0,0.0,17.98557876607217,43.79807103549542,22.0,30.0,0.0,17.879585776916185,44.151954628616369,16.0,30.0,0.0,16.001220362814779,49.8516082953189,12.0,30.0,0.0,19.119862572150934,40.920548295098779,16.0,30.0,0.0,17.278976477613719,45.93132659926788,10.0,30.0,0.0,15.980952485531024,49.92192528682065,12.0,30.0,0.0,16.398007941452144,48.60697047725365,12.0,30.0,0.0,17.12421863075289,0.0,0.0,0.0,16.58919789910093,0.0,0.0,450.0863399362452,448.275832902611,451.32889639300927,452.29967699045127,469.5255434367158,465.4792792020274,464.6549246935355,468.200781527923,467.5282622210548,0.0,83.79545278580862,83.79545278580862,60.0,0.0,60.0,60.0,16.0,16.0,16.0,12.0,12.0,12.0,21.0,10.0,0.0,0.0,0.0,0.0,0.0,0.0,0.0,0.0,0.0,0.0,0.0,0.0,0.0,83.79545278580862,83.79545278580862,0.0,0.0,0.0,83.79545278580862,0.0,0.0,0.00129 
 02/24  14:00:00,10.54,67.0,5.46,102.5,444.5,0.0,0.0,0.0,0.0,0.0,0.0,0.0,0.0,0.0,0.0,165.0,0.0,1685.856203839129,50.3611846915167,129.04973884471449,50.549808708603659,1345.4663826638908,0.0,50.36118469151667,68.84755759413149,0.0,0.0,17.979050148270088,148.0040979203295,19.817919597692808,-738.5371311196595,17.827176906499188,47.582346053994118,17.907316959030469,5.124612109432292,15.857309834960072,18.260911292700884,19.735774808957488,-320.4744522677811,16.928937644532519,124.83517671496338,15.916927312581777,31.842226048570866,16.393074919367757,52.148121843008997,316.4694187173218,192.90884218068005,0.0,0.0,0.0,0.0,0.0,0.0,0.0,0.0,0.0,0.0,0.0,0.0,0.0,0.0,0.0,0.0,0.0,0.0,0.0,0.0,0.0,0.0,0.4900392695217744,0.14958463660615826,244.52729245962542,287.26345602560726,3791.0335130482737,0.0,0.0,245.82858033586335,288.4863816320664,3953.57637863254,0.6794615788071957,0.12839410030370294,158.72028970901153,186.67798862056595,2360.231380107421,0.14656511672221354,0.027695600287644275,114.13941056507504,134.27899114150146,1674.5006872634552,0.0,0.0,8.421664723732296,9.971510536881562,92.88843013005018,0.0,0.0,86.13534330652597,100.88937750338072,1477.3292772009509,0.0,0.0,244.9131050494353,288.7038813887222,3317.5187230912167,0.0,0.0,26.744181136199843,31.66891700972974,293.54379752698017,0.0,0.0,122.61178747642578,144.96430686153713,1454.1328700080224,33.59362376057337,23.040894211641555,210.55433731698728,248.29735924070944,3252.6840350114109,0.0,0.0,143.49069126668767,169.52385525013285,1766.1330756966516,0.0,18.319026067599557,42.75951772463344,22.0,30.0,0.0,18.634701583464318,41.81634644464703,16.0,30.0,0.0,17.97549918211577,43.74245253451021,22.0,30.0,0.0,17.895514459318269,44.04661246761787,16.0,30.0,0.0,16.022445542150668,49.76978673341388,12.0,30.0,0.0,19.170320483639949,40.77032881471062,16.0,30.0,0.0,17.308004919275154,45.81803582923072,10.0,30.0,0.0,15.995125234690459,49.85837229608297,12.0,30.0,0.0,16.445250192420184,48.440918359350877,12.0,30.0,0.0,17.222247567371853,0.0,0.0,0.0,16.660800019591269,0.0,0.0,449.0580498012492,447.4723924340007,450.6374849899487,452.1086204742372,467.93797323481587,463.9446950509604,463.53026067383186,466.7426737242983,466.1269158437619,0.0,83.79545278580862,83.79545278580862,60.0,0.0,60.0,60.0,16.0,16.0,16.0,12.0,12.0,12.0,21.0,10.0,0.0,0.0,0.0,0.0,0.0,0.0,0.0,0.0,0.0,0.0,0.0,0.0,0.0,83.79545278580862,83.79545278580862,0.0,0.0,0.0,83.79545278580862,0.0,0.0,0.00126 
 02/24  14:10:00,10.518333333333333,67.0,5.493333333333333,103.33333333333334,415.0,0.0,0.0,0.0,0.0,0.0,0.0,0.0,0.0,0.0,0.0,165.0,0.0,1614.522696491253,49.566315697441108,127.01281681188643,48.41089422115799,1288.5357184341775,0.0,49.56631569744108,67.7609114164329,0.0,0.0,17.91213979149864,78.08319698821288,19.870784829766426,-603.2300904522999,17.84523434355841,85.07624568495612,17.906194405692348,0.08687130785665431,15.879693598923226,19.107859350286448,19.76045417343228,-323.68178530520029,16.969001319987627,133.66600086311156,15.921014455996385,35.71697712120704,16.425189688713937,57.11022718030017,299.90165499288107,186.69479921930634,0.0,0.0,0.0,0.0,0.0,0.0,0.0,0.0,0.0,0.0,0.0,0.0,0.0,0.0,0.0,0.0,0.0,0.0,0.0,0.0,0.0,0.0,0.4490385929966556,0.1370691675813967,233.08874347844489,273.96608857947987,3556.453312387737,0.012618829689712749,0.0019259508073432158,197.8653257170635,232.10476843574336,3236.506983714666,0.7210725519122856,0.13625709597737829,190.63528497393768,224.17581301878318,2859.4408245842807,0.1529220743690547,0.02889683944993474,104.57401829804664,123.0250903151752,1539.0994079466623,0.0,0.0,8.630328427006104,10.21774948767436,95.88252101446077,0.0,0.0,86.26386340281342,101.02826999091518,1488.159035302476,0.0,0.0,245.76491820514443,289.6455109804098,3367.788242330214,0.0,0.0,27.37238644940277,32.41067494822915,302.40535986506549,0.0,0.0,121.0668260093971,143.11409938823554,1451.334075764368,33.65728540113008,23.084557888292247,197.2813547293435,232.6843650102537,3064.1450563993978,0.0,0.0,142.30014771578707,168.088104597789,1770.5365355074842,0.0,18.17095386038341,43.0517724437274,22.0,30.0,0.0,18.754256095499966,41.42693943704291,16.0,30.0,0.0,18.02355553752728,43.56021390184674,22.0,30.0,0.0,17.896352635737569,43.969207267528549,16.0,30.0,0.0,16.041290881504449,49.69342978155512,12.0,30.0,0.0,19.200148161879939,40.670465466186438,16.0,30.0,0.0,17.36685258414303,45.6205011753792,10.0,30.0,0.0,16.00968518209486,49.79364655202981,12.0,30.0,0.0,16.48867498741502,48.28756792335533,12.0,30.0,0.0,17.1723310663524,0.0,0.0,0.0,16.70722516626084,0.0,0.0,448.2856195573099,447.30352929688987,449.5460632214517,451.5165851216222,466.4547229578908,462.89919484191736,461.99356411123378,465.2672405081011,464.70773210553707,0.0,83.79545278580862,83.79545278580862,60.0,0.0,60.0,60.0,16.0,16.0,16.0,12.0,12.0,12.0,21.0,10.0,0.0,0.0,0.0,0.0,0.0,0.0,0.0,0.0,0.0,0.0,0.0,0.0,0.0,83.79545278580862,83.79545278580862,0.0,0.0,0.0,83.79545278580862,0.0,0.0,0.0012300000000000002 
 02/24  14:20:00,10.496666666666667,67.0,5.526666666666667,104.16666666666666,385.5,0.0,0.0,0.0,0.0,0.0,0.0,0.0,0.0,0.0,0.0,165.0,0.0,1540.1538390446706,48.78732952150894,125.01659578752508,46.18096667816036,1229.1825784314238,0.0,48.78732952150891,66.69597825528834,0.0,0.0,18.006583614380867,164.8507303986553,19.80222524029034,-753.4974890774702,17.81548550593584,34.23093635981331,17.91262619708578,13.142455110143601,15.899615961709792,18.994599445112045,19.77626400882096,-314.870015239233,16.978568339637307,123.14299525223214,15.924210812632588,37.75214637391673,16.454419390561865,59.26125458277329,331.2934555627935,191.01553157525269,0.0,0.0,0.0,0.0,0.0,0.0,0.0,0.0,0.0,0.0,0.0,0.0,0.0,0.0,0.0,0.0,0.0,0.0,0.0,0.0,0.0,0.0,0.5240794678123649,0.15997541752514195,258.9928215701538,304.20985320786226,4060.351318330918,0.0,0.0,261.71119952181916,307.13892706576777,4224.030033183224,0.6728690706203367,0.1271483504573577,140.32813024942036,165.04792748760836,2098.621650723888,0.147114758783649,0.027799463111044775,122.19091431053386,143.7405164960547,1807.3586883520587,0.0,0.0,8.328401458321782,9.85963140676254,93.1324904951348,0.0,0.0,86.16153655617632,100.89768385373194,1494.6564476034005,0.0,0.0,243.2534722310464,286.68507285450127,3342.4869895720428,0.0,0.0,27.455928332553318,32.50785965306528,305.128680105188,0.0,0.0,121.87870640728454,144.05318859609504,1475.2881613319547,33.67612959178518,23.09748257324087,226.4069687026151,266.9407672881516,3513.871498926918,0.0,0.0,143.2998554080557,169.23951574556615,1802.22263310694,0.0,18.364416060988867,42.46287313724252,22.0,30.0,0.0,18.62019992735015,41.704293200249889,16.0,30.0,0.0,17.970913187471067,43.60096004497119,22.0,30.0,0.0,17.91404734581949,43.86629661224363,16.0,30.0,0.0,16.056232972854994,49.62566599460492,12.0,30.0,0.0,19.22786215311859,40.569622837069548,16.0,30.0,0.0,17.364036730136634,45.594244004518468,10.0,30.0,0.0,16.02106345026923,49.73232529404486,12.0,30.0,0.0,16.526230439750085,48.14598594179458,12.0,30.0,0.0,17.27460548432246,0.0,0.0,0.0,16.75387696816882,0.0,0.0,447.9074229064429,446.8549143331032,448.85019251622625,450.22622370136829,465.03423912712977,461.31694338848379,461.0782494912845,464.03064088539898,463.4980976391369,0.0,83.79545278580862,83.79545278580862,60.0,0.0,60.0,60.0,16.0,16.0,16.0,12.0,12.0,12.0,21.0,10.0,0.0,0.0,0.0,0.0,0.0,0.0,0.0,0.0,0.0,0.0,0.0,0.0,0.0,83.79545278580862,83.79545278580862,0.0,0.0,0.0,83.79545278580862,0.0,0.0,0.0012366666666666668 
 02/24  14:30:00,10.475,67.0,5.5600000000000009,105.0,356.0,0.0,0.0,0.0,0.0,0.0,0.0,0.0,0.0,0.0,0.0,165.0,0.0,1463.1976330378157,48.02728318565839,123.06890992082798,43.87345927269576,1167.7645088340483,0.0,48.02728318565836,65.65693729145467,0.0,0.0,17.88837043952955,49.066154789519718,19.857893301764624,-545.5816200140253,17.842719853507373,101.68624344055206,17.905349904317235,-2.4239434765377156,15.91847368657951,19.817820996829256,19.77331077457039,-319.7177246752108,17.02079772716185,137.49220447972949,15.927753161331179,40.55501629973196,16.480771574429214,60.19882647862278,307.88895543865058,183.08926633420925,0.0,0.0,0.0,0.0,0.0,0.0,0.0,0.0,0.0,0.0,0.0,0.0,0.0,0.0,0.0,0.0,0.0,0.0,0.0,0.0,0.0,0.0,0.45174667127951026,0.13789580930387983,242.45697228330588,285.03678080067228,3690.599265167079,0.028250135530576999,0.004311681247035562,181.94758158897296,213.41078376252026,3001.322573365861,0.7450090784186559,0.14078024913428878,199.8899805936091,235.04627648696343,3021.2113400453706,0.15556076815932352,0.029395458835850997,93.0297714423223,109.44129325491302,1378.3677738215645,0.0,0.0,8.678061303021537,10.272942118336449,97.6552041400535,0.0,0.0,86.19512381134817,100.93496547798157,1499.291337886137,0.0,0.0,243.94306001165328,287.43024483318626,3393.534597695995,0.0,0.0,28.0450737598894,33.203686014421197,313.5023183009326,0.0,0.0,118.62024745030962,140.18451400719418,1448.4241041155765,33.73807721175507,23.139970652781263,206.433271038392,243.45433947515469,3219.5493974445287,0.0,0.0,140.24921521710324,165.62717007336267,1773.5093611553503,0.0,18.10858726678352,43.06909607849033,22.0,30.0,0.0,18.780983281670126,41.23592716649978,16.0,30.0,0.0,18.038841675930195,43.34462369498087,22.0,30.0,0.0,17.901356179124055,43.811564822108859,16.0,30.0,0.0,16.07017828749876,49.554938092534957,12.0,30.0,0.0,19.230154983992614,40.53655032803232,16.0,30.0,0.0,17.429517706219398,45.36109805981958,10.0,30.0,0.0,16.032214578901635,49.668122204312179,12.0,30.0,0.0,16.558366277973549,48.018164508605298,12.0,30.0,0.0,17.198515907447299,0.0,0.0,0.0,16.767056028181256,0.0,0.0,447.41434608653329,446.3193125245392,448.334294693001,449.81235398884129,463.69108677831317,460.53655347572296,459.6167256436392,462.5809647272765,462.0791684036212,0.0,83.79545278580862,83.79545278580862,60.0,0.0,60.0,60.0,16.0,16.0,16.0,12.0,12.0,12.0,21.0,10.0,0.0,0.0,0.0,0.0,0.0,0.0,0.0,0.0,0.0,0.0,0.0,0.0,0.0,83.79545278580862,83.79545278580862,0.0,0.0,0.0,83.79545278580862,0.0,0.0,0.0012433333333333333 
 02/24  14:40:00,10.453333333333334,67.0,5.593333333333334,99.66666666666666,355.8333333333333,0.0,0.0,0.0,0.0,0.0,0.0,0.0,0.0,0.0,0.0,165.0,0.0,1449.201585215575,45.91502811850171,117.65629867148664,43.45378395683582,1156.5942964546662,0.0,45.91502811850169,62.7693244745532,0.0,0.0,18.023691257852876,179.75628613129084,19.77544431699985,-769.6368645260354,17.795509115738566,17.812495780306564,17.9102014990469,17.990980326643695,15.941191344091389,19.060130608136718,19.79784341263412,-306.49483895367077,17.013715614335106,117.80220146037209,15.9284950561035,40.73081124831083,16.502761333618787,58.94710445179453,340.2721774344918,194.78991241148015,0.0,0.0,0.0,0.0,0.0,0.0,0.0,0.0,0.0,0.0,0.0,0.0,0.0,0.0,0.0,0.0,0.0,0.0,0.0,0.0,0.0,0.0,0.5522559884874528,0.16857630906210406,273.9500302286602,321.7451500063615,4332.666511820163,0.0,0.0,278.1341250650291,326.44277647002868,4496.837386104555,0.6609103644217387,0.12488857982270199,117.66468293912509,138.40124361986353,1766.441548476114,0.14542191164769567,0.02747957514128791,124.57830255356316,146.54570753750989,1854.6947708536666,0.0,0.0,8.17471508109129,9.676398346551274,92.61647341964845,0.0,0.0,85.62238163156148,100.25444264057849,1497.2960822930502,0.0,0.0,240.339454789385,283.2146453595194,3337.368229610021,0.0,0.0,27.870846748909078,32.996382080415447,313.0594374863487,0.0,0.0,120.763083873123,142.7027402283183,1485.7915898931775,33.72480405760954,23.130866980527814,242.8450477535922,286.2931604055775,3774.793187977321,0.0,0.0,142.4941139642219,168.25858196464618,1816.6975039741033,0.0,18.39152546004514,42.26562779775966,22.0,30.0,0.0,18.59038203235612,41.654952430770929,16.0,30.0,0.0,17.94991561349697,43.51119916651778,22.0,30.0,0.0,17.919872274286666,43.68163565285938,16.0,30.0,0.0,16.087142236709604,49.46958594425806,12.0,30.0,0.0,19.256407174008115,40.42493238979771,16.0,30.0,0.0,17.394553644412896,45.433187442681418,10.0,30.0,0.0,16.03770658082876,49.61594974265671,12.0,30.0,0.0,16.583735357352979,47.904355623193278,12.0,30.0,0.0,17.301367587637285,0.0,0.0,0.0,16.79816706785016,0.0,0.0,446.78056822227645,445.33941463959317,447.963720363186,448.8871553432027,462.42194645533206,458.9566456314618,458.95805057898726,461.5015058885254,461.03442104631037,0.0,83.79545278580862,83.79545278580862,60.0,0.0,60.0,60.0,16.0,16.0,16.0,12.0,12.0,12.0,21.0,10.0,0.0,0.0,0.0,0.0,0.0,0.0,0.0,0.0,0.0,0.0,0.0,0.0,0.0,83.79545278580862,83.79545278580862,0.0,0.0,0.0,83.79545278580862,0.0,0.0,0.00125 
 02/24  14:50:00,10.431666666666667,67.0,5.626666666666667,94.33333333333334,355.6666666666667,0.0,0.0,0.0,0.0,0.0,0.0,0.0,0.0,0.0,0.0,330.0,0.0,1432.9436352011006,43.75991603050278,112.13386637824006,42.9662863522535,1143.6188812957467,0.0,43.75991603050276,59.82312286096589,0.0,0.0,17.94987973011349,80.27203562614705,19.81471644005307,-608.5755837045508,17.806752250441997,78.7418424448233,17.900966951250444,1.5743881411590338,15.963936036593028,19.589365938383368,19.816184125380837,-313.22463764092688,17.04622750664569,133.98775687759827,15.928660398130703,42.60960170750826,16.519556188908984,58.9342714448826,321.77374591496348,190.1586651032594,0.0,0.0,0.0,0.0,0.0,0.0,0.0,0.0,0.0,0.0,0.0,0.0,0.0,0.0,0.0,0.0,0.0,0.0,0.0,0.0,0.0,0.0,0.4988642163668091,0.15227845432442284,254.19827363073029,299.39246860680967,3944.552304082089,0.019605509210251696,0.0029922938355085007,213.30861706262645,250.7195414185549,3494.0278052115056,0.7238977051022452,0.136790949565806,172.34344797385195,203.24036274823738,2604.381071850132,0.15169977170059044,0.028665867668289943,94.28017060401231,111.12241667692726,1405.4467454007586,0.0,0.0,8.472139632515877,10.05135533477727,96.5920321125516,0.0,0.0,85.88258008568636,100.78499188066411,1506.5585719546076,0.0,0.0,240.82784879470007,284.3925625199689,3375.862370351668,0.0,0.0,28.380287619317529,33.675847000638558,320.1500402029375,0.0,0.0,117.70646166280625,139.39543325721417,1456.6095536051633,33.77819218418764,23.167484351294683,220.19606601815566,260.21536535174439,3447.0873985966566,0.0,0.0,139.59404360313764,165.20582093304803,1784.6906347311793,0.0,18.217955420718579,42.62071650973171,22.0,30.0,0.0,18.687812739492345,41.307687722720029,16.0,30.0,0.0,17.98887616448451,43.317833113418469,22.0,30.0,0.0,17.906413342353248,43.64206116078577,16.0,30.0,0.0,16.103721565875579,49.38551322991716,12.0,30.0,0.0,19.26592676019913,40.36105545844542,16.0,30.0,0.0,17.442585528847184,45.22573468049478,10.0,30.0,0.0,16.04223346921738,49.557427882180309,12.0,30.0,0.0,16.600362373826145,47.801768322999688,12.0,30.0,0.0,17.241918790251007,0.0,0.0,0.0,16.79642202452934,0.0,0.0,445.8035966391227,444.86339467148386,446.83508543642986,448.42875595717967,461.3847726675256,457.8814762545466,457.1753075117067,460.2302339216288,459.5424623002477,0.0,83.79545278580862,83.79545278580862,60.0,0.0,60.0,60.0,16.0,16.0,16.0,12.0,12.0,12.0,21.0,10.0,0.0,0.0,0.0,0.0,0.0,0.0,0.0,0.0,0.0,0.0,0.0,0.0,0.0,83.79545278580862,83.79545278580862,0.0,0.0,0.0,83.79545278580862,0.0,0.0,0.0012766666666666667 
 02/24  15:00:00,10.41,67.0,5.66,89.0,355.5,0.0,0.0,0.0,0.0,0.0,0.0,0.0,0.0,0.0,0.0,165.0,0.0,1414.4724925015813,41.561244347581077,106.49981281371538,42.41242699946864,1128.8771380009346,0.0,41.56124434758105,56.81737197865917,0.0,0.0,17.966606729910994,102.51914169713928,19.836918917699124,-605.9565598391655,17.804504506095968,83.9401184353901,17.88954481546343,1.544113712842318,15.992041268255118,19.441547849322548,19.838269173138217,-315.25150649871059,17.066974997893298,130.63612494830705,15.928895768733412,43.534004127608,16.53823919711422,57.15695058518668,297.7147323977106,192.47069183054374,0.0,0.0,0.0,0.0,0.0,0.0,0.0,0.0,0.0,0.0,0.0,0.0,0.0,0.0,0.0,0.0,0.0,0.0,0.0,0.0,0.0,0.0,0.4897721005150987,0.14950308318531708,225.43691663702283,264.90116472333468,3522.211000370297,0.015193234892619208,0.002318869794355801,210.03736570910284,246.406128399817,3468.3222666973399,0.7388243389782253,0.13961155309490279,184.93188008692929,217.48937322738886,2803.9776130854995,0.1542596288927716,0.029149589737863105,93.94000684022262,110.5149962004287,1402.4910419363712,0.0,0.0,8.503569204329944,10.063953802510734,97.80035012187284,0.0,0.0,85.87684669833706,100.54071232784107,1513.9633722951829,0.0,0.0,240.86388371942003,283.7595242866804,3398.909472125192,0.0,0.0,28.565469065249894,33.81716017990774,323.8394250181341,0.0,0.0,117.30498583568517,138.59593237743696,1462.2096577273713,33.784070311005319,23.171515988343847,191.1723507918305,225.48724841562163,3027.595477226324,0.0,0.0,139.28554085011215,164.46781492248685,1787.6086924007435,0.0,18.247214773262159,42.44125570149536,22.0,30.0,0.0,18.724328963794624,41.121648798114119,16.0,30.0,0.0,17.995110853290688,43.211981115911147,22.0,30.0,0.0,17.893637620717539,43.56634024199567,16.0,30.0,0.0,16.130485017777138,49.23970311120664,12.0,30.0,0.0,19.28612849178115,40.250116957147017,16.0,30.0,0.0,17.466207132410206,45.09843665344862,10.0,30.0,0.0,16.046801281004944,49.469557071167319,12.0,30.0,0.0,16.622318991355198,47.66817486346817,12.0,30.0,0.0,17.159790297429355,0.0,0.0,0.0,16.797535559070629,0.0,0.0,445.0669244479569,443.9944746622709,446.0583240200152,447.2593345860701,459.6397117795875,456.42231882935126,455.8985601319123,458.3396123837747,457.84760053427137,0.0,83.79545278580862,83.79545278580862,60.0,0.0,60.0,60.0,16.0,16.0,16.0,12.0,12.0,12.0,21.0,10.0,0.0,0.0,0.0,0.0,0.0,0.0,0.0,0.0,0.0,0.0,0.0,0.0,0.0,83.79545278580862,83.79545278580862,0.0,0.0,0.0,83.79545278580862,0.0,0.0,0.0013033333333333335 
 02/24  15:10:00,10.386666666666667,67.33333333333334,5.425,83.66666666666666,355.3333333333333,0.0,0.0,0.0,0.0,0.0,0.0,0.0,0.0,0.0,0.0,1660.0,0.0,1393.8417762468819,39.3183783797182,100.75251170385839,41.79381365207093,1112.4118595360156,0.0,39.31837837971818,53.75120415825902,0.0,0.0,19.070450467937016,-761.1102460838482,20.06925820227866,211.5084294233445,19.25604361551168,-2115.623586420856,18.20766761425777,1002.0199549871214,16.01620042587762,24.633399815595923,19.860841730628946,-291.1126963933326,17.157080365410459,248.2670846908468,15.92878972504681,47.92275147475802,16.55264965284802,71.61665077073354,583.482625089465,240.41861252660966,0.0,0.0,0.0,0.0,0.0,0.0,0.0,0.0,0.0,0.0,0.0,0.0,0.0,0.0,0.0,0.0,0.0,0.0,0.0,0.0,0.0,0.0,0.6224837632543905,0.19001335874676146,319.0683725570261,373.94615773880767,6086.634049072638,0.1729667897469691,0.026399082684213847,249.40856471862649,293.0344787840478,4386.0562312751549,0.5424584100421719,0.10250536848869466,481.1365384461528,563.2122270887463,9468.207910483156,0.2544821422626002,0.0480880843277778,379.9000634423774,447.3717926116875,6220.590289304876,0.0,0.0,9.722724895930398,11.550900074417918,112.57002188305236,0.0,0.0,82.31200050948287,96.75603475755814,1457.2356072823107,0.0,0.0,264.37298760433836,312.49678903964249,3826.913735760822,0.0,0.0,30.25076022493706,35.95354395952192,344.3409060415562,0.0,0.0,129.62146961815516,153.73605593341154,1624.5392327146099,33.832846755752637,23.204970340022393,606.5577222267965,715.1038571056304,9986.595097674697,0.0,0.0,152.6141833357236,180.8715387785541,1982.179210836619,1961.4034162444269,19.895094445698527,38.24374567291204,21.999999999999998,30.0,0.0,19.174722248919438,39.97429560571293,15.999999999999999,30.0,4347.412088715005,20.145696891323394,37.6657848844383,21.999999999999998,30.0,0.0,18.540356292040078,41.651464874151859,15.999999999999999,30.0,0.0,16.149089244640686,49.1247824820097,12.0,30.0,0.0,19.307373377136576,40.119141236441,15.999999999999999,30.0,0.0,17.628576415802479,44.48686345011303,10.0,30.0,0.0,16.050200553202165,49.38504570353788,12.0,30.0,0.0,16.63671843767262,47.5210718420496,15.999999999999999,30.0,0.0,18.105488505701886,0.0,0.0,0.0,16.85397365452271,0.0,0.0,444.30903809163297,444.2646559504052,444.0796836160376,444.8619737421061,458.4603472885442,454.7525702026001,453.0887698211802,456.9453167484297,455.8861972326915,10411.302881616415,81.12067268834474,85.34517476443283,60.0,0.0,60.0,60.0,16.0,16.0,16.0,16.0,12.0,12.0,21.0,10.0,1.0,0.0,1961.4034162444269,0.0,4347.412088715005,0.0,0.0,0.0,0.0,0.0,6393.202403878918,3835921.4423273506,4997531.685716782,81.12067268834474,85.41692083406922,0.349106746795964,0.766963763161256,0.3602813740196596,85.41692083406922,0.3542647819438876,4997531.685716782,0.26120164765727268 
 02/24  15:20:00,10.363333333333334,67.66666666666667,5.19,78.33333333333333,355.1666666666667,0.0,0.0,0.0,0.0,0.0,0.0,0.0,0.0,0.0,0.0,498.0,0.0,1371.110322263967,37.030752971757248,94.89051495785134,41.11221048416125,1094.270002261345,0.0,37.030752971757227,50.62384678981886,0.0,0.0,19.856433380568374,-1256.59927236256,20.686779695388134,229.37393663680988,20.18846245615174,-3211.1447807233428,18.989463534890768,797.3484043408416,16.056160356496329,28.667171635293238,19.913042122213335,-264.01268291198957,17.363046668338038,229.16729476592557,15.937520591466143,54.967145785085808,16.587021995321387,88.51232284993266,721.4881731480925,291.21653533656225,0.0,0.0,0.0,0.0,0.0,0.0,0.0,0.0,0.0,0.0,0.0,0.0,0.0,0.0,0.0,0.0,0.0,0.0,0.0,0.0,0.0,0.0,0.7546469265002851,0.23035620467041663,371.331102474688,433.2981436463908,7872.1044804084399,0.23143053692314875,0.03532212102001659,299.03141708095947,349.9998483896648,5821.462759586346,0.6005876457982249,0.113489728986815,540.0751215510844,629.5283743102256,11827.315790576484,0.2767594367452926,0.052297701576963787,413.0717890457039,484.23252319172897,7725.556198523273,0.0,0.0,10.295351454754738,12.216960311512582,120.58628995508228,0.0,0.0,79.2017563739673,92.97338778480122,1417.2144290687552,0.0,0.0,283.87086850669217,334.8328684983287,4291.402475714838,0.0,0.0,32.422987068719887,38.489739099759677,371.7995170938322,0.0,0.0,143.9651742444119,170.53357303089795,1825.0480825974383,33.718617711590827,23.126623944849674,704.275802281554,827.9139099488093,12589.967697804937,0.0,0.0,169.07196838064056,200.07037398501744,2245.7016377716788,1894.044843194497,21.10292547114396,35.44945433599056,21.999999999999994,29.99999999999999,0.0,20.20441713079912,37.489113593558,15.999999999999993,29.99999999999999,4285.650381847304,21.525701934893698,34.52462550434837,21.999999999999994,29.99999999999999,0.0,19.822364962240657,38.37293138642866,15.999999999999993,29.99999999999999,0.0,16.193824578819404,48.86119108884533,11.999999999999995,29.99999999999999,0.0,19.381731854246384,39.8409764970472,15.999999999999993,29.99999999999999,0.0,17.93765843410828,43.54347331265441,9.999999999999997,29.99999999999999,0.0,16.06858830981211,49.1821984518635,11.999999999999995,29.99999999999999,0.0,16.685658335797954,47.24290600678321,15.999999999999993,29.99999999999999,0.0,18.972928915909895,0.0,0.0,0.0,16.979452951488008,0.0,0.0,444.10531284658677,444.43321412262778,443.6001059554362,444.06370563671399,455.99171647305186,452.8312951097894,451.5274935048377,454.33515410843918,453.5291916761374,10929.05871782521,80.77795667498777,86.03693176480792,59.99999999999998,0.0,59.99999999999998,59.99999999999998,16.0,16.0,16.0,16.0,12.0,12.0,21.0,10.0,1.0,0.0,1894.044843194497,0.0,4285.650381847304,0.0,0.0,0.0,0.0,0.0,7957.618971515416,4774571.382909251,6208355.27994688,80.77795667498777,86.12624662043223,0.3785872990505138,0.7689964304206419,0.36028137401965945,86.12624662043223,0.35426478194388735,6208355.27994688,0.3241844745572378 
 02/24  15:30:00,10.34,68.0,4.955,73.0,355.0,0.0,0.0,0.0,0.0,0.0,0.0,0.0,0.0,0.0,0.0,498.0,0.0,1346.3426451480262,34.69786848416803,88.91254236887936,40.369551945286108,1074.5030547054287,0.0,34.69786848416801,47.43461682822089,0.0,0.0,20.31311626553122,-1085.5966487167905,21.228364354875454,394.54792963492147,20.391801875421487,-1560.725138269478,19.50242719247724,894.3085166352063,16.101789435557686,36.05513732970404,19.99361728808188,-210.31953305117737,17.559324695517799,272.864349595434,15.964247160781453,76.1273071048937,16.650368613880663,150.19638566265739,946.0024374690979,400.42863031739537,0.0,0.0,0.0,0.0,0.0,0.0,0.0,0.0,0.0,0.0,0.0,0.0,0.0,0.0,0.0,0.0,0.0,0.0,0.0,0.0,0.0,0.0,0.9687971969835822,0.29572564010487847,364.68356403810977,424.8677418177682,8118.194801902165,0.25058500848008249,0.038245575164847746,276.85971870618018,323.1447780013402,5860.058354669136,0.7930676366044158,0.1498616093356795,446.98468242867235,520.5063493375558,10009.999667719138,0.2827435952589111,0.05342849494688414,379.5805221323152,443.62771277352126,7708.473715248967,0.0,0.0,10.710555406597053,12.707748379348417,127.04279802581493,0.0,0.0,74.02776236580255,86.854151460367,1346.0578188240446,0.0,0.0,307.60383924166185,362.4574619055736,4849.519571632318,0.0,0.0,36.18133872230007,42.94725944716552,420.0027506850778,0.0,0.0,164.5799734468265,194.9034013708039,2126.515090768733,33.94111791338652,23.279230393269218,649.6645529004986,760.8163687583642,13123.71180477643,0.0,0.0,193.59997326692585,228.95221319552824,2659.3962367897559,1735.2654240040443,21.686701574527996,34.15621150262935,21.999999999999994,29.99999999999999,0.0,21.083529038622858,35.468042386687397,15.999999999999993,29.99999999999999,1741.4744093395414,21.6680166184432,34.18493199449553,21.666666666666658,29.99999999999999,0.0,20.626414985819225,36.45227991072948,15.999999999999993,29.99999999999999,0.0,16.24676716459411,48.56965436906275,11.999999999999995,29.99999999999999,0.0,19.508910290745747,39.40929102373008,15.999999999999993,29.99999999999999,0.0,18.252313648553167,42.554540472777919,9.999999999999997,29.99999999999999,0.0,16.117566793263668,48.862328752076098,11.999999999999995,29.99999999999999,0.0,16.78808200801204,46.76742296160245,15.999999999999993,29.99999999999999,0.0,20.06010144158855,0.0,0.0,0.0,17.192294035879045,0.0,0.0,443.3614312251299,443.92118131451937,442.9359947384447,443.3764279969296,453.66044436128245,450.4193869418963,449.0170455095845,451.51532389186618,450.57633151215318,9103.046860113036,81.98568822461349,84.34418738836213,59.99999999999998,0.0,59.99999999999998,59.99999999999998,16.0,16.0,16.0,16.0,12.0,12.0,21.0,10.0,1.0,0.0,1735.2654240040443,0.0,1741.4744093395414,0.0,0.0,0.0,0.0,0.0,3569.248018411165,2141548.8110467,2786241.308502134,81.98568822461349,84.38424253384247,0.3456416006137054,0.766526154247537,0.36028137401965945,84.38424253384247,0.35426478194388735,2786241.308502134,0.14625454804211097 
 02/24  15:40:00,10.316666666666667,68.33333333333334,4.72,68.16666666666667,338.0,0.0,0.0,0.0,0.0,0.0,0.0,0.0,0.0,0.0,0.0,498.0,0.0,1275.402628832222,32.256289609291517,82.6560184230362,38.242436010378138,1017.8864305538799,0.0,32.2562896092915,44.096793398562947,0.0,0.0,20.28315918127614,-664.1626069884084,21.386000410887577,-88.0180221708725,20.471206092581288,-1126.8537607857825,19.57633124749146,434.454076387325,16.143544638874994,34.82573164839519,20.051535873643279,-210.6415217777291,17.61110423045708,193.33371712923646,15.996531689040289,78.06174499538268,16.717305954182984,140.50611380182134,828.1185880642788,411.3388886717218,0.0,0.0,0.0,0.0,0.0,0.0,0.0,0.0,0.0,0.0,0.0,0.0,0.0,0.0,0.0,0.0,0.0,0.0,0.0,0.0,0.0,0.0,0.9042923939360149,0.27603552928449806,352.1165493291519,410.50847672309836,7639.730363045917,0.16964639269897587,0.025892306577987795,160.9703235584894,187.96770984668053,3448.032110685521,0.9369232811103987,0.17704521562932724,385.6623480351384,448.6306203071728,8693.549451416164,0.2726715291033437,0.0515252322568677,314.60933764850247,367.6455328996131,6370.9172507459029,0.0,0.0,10.214988835403109,12.116932834775002,122.53318055852691,0.0,0.0,73.0763450242832,85.70390984514819,1346.3051899226037,0.0,0.0,301.8484737355619,355.6354008887766,4781.144697491411,0.0,0.0,36.49675970832629,43.312469563319108,428.99786556139557,0.0,0.0,162.92951148278028,192.8751066099222,2142.230172597484,32.66406040346264,22.403333610056707,509.01295648431019,596.3723857386476,10174.032258231473,0.0,0.0,191.96071499955003,226.96149225544463,2664.132334445605,981.5414608315945,21.414436554031576,34.712410367251717,21.666666666666687,30.00000000000002,0.0,21.21011540003054,35.13506200215449,16.000000000000015,30.00000000000002,2274.844534252373,21.680050516761374,34.1201672877679,21.666666666666687,30.00000000000002,0.0,20.5490494052915,36.60072548337921,16.000000000000015,30.00000000000002,0.0,16.291491933020319,48.3040675229171,12.00000000000001,30.00000000000002,0.0,19.61062455460862,39.05529590045535,19.000000000000015,30.00000000000002,0.0,18.266669015408398,42.41443400336418,10.000000000000007,30.00000000000002,0.0,16.168674819948735,48.5560749523784,16.000000000000015,30.00000000000002,0.0,16.88113180361924,46.3618063186456,16.000000000000015,30.00000000000002,0.0,19.811320520654467,0.0,0.0,0.0,17.242051347154168,0.0,0.0,443.0981992201922,442.9715095404896,442.2535199114385,443.12416408892127,451.4550817783571,448.3520328175889,447.246688298906,449.13354693577267,448.4180129574619,6706.810153991346,83.569998992777,83.569998992777,60.00000000000004,0.0,60.00000000000004,60.00000000000004,16.0,16.0,19.0,16.0,16.0,12.0,21.0,10.0,1.0,0.0,981.5414608315945,0.0,2274.844534252373,0.0,0.0,0.0,0.0,0.0,0.0,0.0,0.0,83.569998992777,83.569998992777,0.3400000000000003,0.7674487765424132,0.3602813740196598,83.569998992777,0.3542647819438878,0.0,0.0013900000000000002 
 02/24  15:50:00,10.293333333333333,68.66666666666666,4.485,63.333333333333339,321.0,0.0,0.0,0.0,0.0,0.0,0.0,0.0,0.0,0.0,0.0,664.0,0.0,1203.1021479303893,29.78170620694965,76.31492538557521,36.07452772267422,960.1840397312831,0.0,29.781706206949637,40.71385027762973,0.0,0.0,20.35715172426198,-644.7304700978484,21.436107175882,-78.35491914689578,20.488894189980344,-1146.7555189687928,19.63651438191732,460.9173864101476,16.179118480624113,33.7947903621651,20.07592482748787,-227.15510308353943,17.627363066123093,217.79202292383526,16.017694112479356,74.31970091937893,16.75683921903034,119.95507038508868,805.3118295995032,391.47337458742188,0.0,0.0,0.0,0.0,0.0,0.0,0.0,0.0,0.0,0.0,0.0,0.0,0.0,0.0,0.0,0.0,0.0,0.0,0.0,0.0,0.0,0.0,0.9426443686242548,0.2877424812650351,290.26817908160725,338.203047214095,6445.432843509954,0.18487474084412426,0.028216535537870004,163.59506950096483,190.8333368196112,3533.588624419786,0.9201738509065542,0.17388016834968909,372.51971691153786,434.0129293779846,8282.382817767619,0.2614593488565818,0.049406528506534718,298.84493030851538,349.3424688305128,6084.619731192419,0.0,0.0,10.246059079102104,12.15615677389637,124.0396956238197,0.0,0.0,74.83639967332687,87.7782225790888,1389.3697499524513,0.0,0.0,298.0982109087786,351.33061696506038,4734.111163931266,0.0,0.0,36.011578797727867,42.745328702678587,426.91066817124286,0.0,0.0,158.08268054545062,187.17478524754615,2098.9437642256209,31.87998077264899,21.86555608549314,455.218113452867,533.5284314325629,9196.915506588144,0.0,0.0,186.3618460984933,220.42631100597624,2590.400825985196,1402.0880760355963,21.55075623376755,34.38940574003992,21.75,30.0,0.0,21.264248662512935,34.99869816801858,16.0,30.0,1744.7233174425667,21.542324595527139,34.37993184359974,21.5,30.0,0.0,20.58956457696136,36.469299597247,16.0,30.0,0.0,16.324890535404366,48.10066764984714,12.0,30.0,0.0,19.661696669066779,38.87277776066294,19.0,30.0,0.0,18.26537511318924,42.365818541294348,10.0,30.0,0.0,16.19673127047619,48.384435804049477,16.0,30.0,0.0,16.924542685863498,46.16965048663112,16.0,30.0,0.0,19.846193536630513,0.0,0.0,0.0,17.230119455718787,0.0,0.0,442.3780746536811,442.59955958296697,441.6298011027141,442.3474647955534,449.77219980625508,447.2447596480178,446.3628615900519,447.8279189776301,447.40485005044197,8265.846372383476,82.53935751112592,82.53935751112592,60.0,0.0,60.0,60.0,16.0,16.0,19.0,16.0,16.0,12.0,21.0,10.0,1.0,0.0,1402.0880760355963,0.0,1744.7233174425667,0.0,0.0,0.0,0.0,0.0,0.0,0.0,0.0,82.53935751112592,82.53935751112592,0.34,0.7682561466887085,0.36028137401965956,82.53935751112592,0.3542647819438875,0.0,0.0014133333333333336 
 02/24  16:00:00,10.27,69.0,4.25,58.5,304.0,0.0,0.0,0.0,0.0,0.0,0.0,0.0,0.0,0.0,0.0,666.0,0.0,1130.7493282116789,27.31243601420112,69.98745065369191,33.90505059610067,902.4398834652067,0.0,27.312436014201106,37.33817071703028,0.0,0.0,20.44120356788021,-486.10895969896708,21.443207790746699,-130.473563753968,20.616535087315478,-1190.68925328534,19.651276351631645,450.89867620295447,16.21308304733961,34.00897472975144,20.082973314137918,-218.69281530516856,17.677140501225435,206.8492590250512,16.0368363947398,76.11727009517074,16.78966550572628,122.86009536155643,772.9701172944824,415.1491218178942,0.0,0.0,0.0,0.0,0.0,0.0,0.0,0.0,0.0,0.0,0.0,0.0,0.0,0.0,0.0,0.0,0.0,0.0,0.0,0.0,0.0,0.0,0.9246885760142244,0.28226147008981208,291.81994575862395,340.29187958725165,6424.316278939493,0.17816150129731363,0.02719192632742882,143.9008560821178,167.66036668508435,3109.538376552909,0.9552957637386899,0.1805169621577268,367.03795174103058,427.5184449843717,8195.397729516537,0.2608529643384701,0.04929194337461641,269.24828535346679,314.56220255220389,5480.230273353867,0.0,0.0,10.126681871985106,12.012529087270414,123.6811899185887,0.0,0.0,73.86992427271869,86.62433234770372,1379.5629136886287,0.0,0.0,298.7307511124514,352.0295872473272,4778.100236923571,0.0,0.0,36.38441317079267,43.18480544429728,434.7880396875047,0.0,0.0,159.91132511470679,189.3219296556982,2142.1011270146748,31.112481776828774,21.339150738565693,454.4030398322609,532.260704195821,9229.513224704711,0.0,0.0,188.43549238805748,222.86442175878993,2638.2442384658754,938.4196012312893,21.468793474179905,34.527195075984547,21.5,30.0,0.0,21.253187028143829,34.96211080305897,16.0,30.0,1801.8317057284886,21.67985315221501,34.038096874042839,21.5,30.0,0.0,20.546183020245118,36.51749811453477,16.0,30.0,0.0,16.356278533715579,47.904743068772649,12.0,30.0,0.0,19.695684491887329,38.71470776515536,19.0,30.0,0.0,18.300415752451728,42.18882949919513,10.0,30.0,0.0,16.222041679353596,48.204287219993947,16.0,30.0,0.0,16.962010706977,45.95748757259595,16.0,30.0,0.0,19.832420780086257,0.0,0.0,0.0,17.25715469580171,0.0,0.0,441.3536479178691,441.1483021435639,440.2754474274277,441.16440305662305,448.1445309550104,445.7774357260152,444.85276515358796,446.2515957280853,445.73899395145028,6411.776520802708,82.44661910775821,82.44661910775821,60.0,0.0,60.0,60.0,16.0,16.0,19.0,16.0,16.0,12.0,21.0,10.0,1.0,0.0,938.4196012312893,0.0,1801.8317057284886,0.0,0.0,0.0,0.0,0.0,0.0,0.0,0.0,82.44661910775821,82.44661910775821,0.255,0.5395965558944761,0.27021103051474468,82.44661910775821,0.2656985864579156,0.0,0.0014366666666666664 
 02/24  16:10:00,10.168333333333333,69.83333333333333,4.24,53.666666666666667,287.0,0.0,0.0,0.0,2.0,0.0,0.0,0.0,0.0,0.0,4.0,502.0,0.0,1058.8022910893524,24.850120434780398,63.677800567117959,31.747741209079078,845.0195839083208,0.0,24.850120434780388,33.971998640112257,0.0,0.0,20.366861532386097,-322.26252516546119,21.408897476503847,-245.99254717452369,20.518436407230923,-1028.581314816092,19.758741654735205,453.27999289437016,16.24193858155703,28.883383118346086,20.227082937559449,-57.259508056613608,17.603412663500586,82.8249856654405,16.048634208690996,68.33364305481489,16.80885026306322,95.39244736635586,761.8780080652474,379.85150204455388,0.0,0.0,0.0,0.0,0.0,0.0,0.0,0.0,0.0,0.0,0.0,0.0,0.0,0.0,0.0,0.0,0.0,0.0,0.0,0.0,0.0,0.0,1.0702769191391469,0.3267023562695809,183.95160026384947,214.5228670062204,4043.474470224981,0.19234702722434128,0.029356994387109475,141.71499139100357,165.27451810742918,3076.24923868103,0.8079426342309332,0.1526724554480222,310.1278622599257,361.4177241446275,6906.450318015691,0.24876476524621117,0.04700770318333543,314.6874430669918,367.7244163099831,6533.458383873161,0.0,0.0,9.344052790289922,11.080072243854321,116.41766123705262,0.0,0.0,12.5420570349192,14.689036398885614,243.06744890470004,0.0,0.0,224.0908548374441,264.1541887580935,3546.3743122778625,0.0,0.0,34.67163937715284,41.13305219831223,422.1316230718837,0.0,0.0,149.4889516536519,176.9045282286252,2036.2662505294425,30.970569137607528,21.24181696680901,422.40117989247139,495.0217196114474,8672.785435830861,0.0,0.0,176.40397424141495,208.61413278087748,2474.738425142107,679.901127271622,21.307810714496868,34.87300832305796,21.333333333333337,30.0,0.0,21.191507018206946,35.07813180323803,16.0,30.0,0.0,21.460417929667075,35.13419561301046,21.0,30.0,0.0,20.691945947041125,36.56172471398131,16.0,30.0,0.0,16.37824464205436,47.753605442352078,12.0,30.0,0.0,19.96718091838283,39.607549109971,19.0,30.0,0.0,18.105321959597548,42.666268444237,10.0,30.0,0.0,16.233059310155224,48.112074626801398,16.0,30.0,0.0,16.973389848633869,45.88283190173895,16.0,30.0,0.0,19.85248611214789,0.0,0.0,0.0,17.16707216051723,0.0,0.0,441.9286096210168,440.74653297812179,474.95774774435008,460.9009255909008,446.7860970298392,543.9143985080968,444.1385495256503,445.4431358290152,445.20462790517026,5880.551024785282,82.31598161421218,82.31598161421218,1744.0,0.0,1744.0,1744.0,16.0,16.0,19.0,16.0,16.0,12.0,21.0,10.0,1.0,0.0,679.901127271622,0.0,0.0,0.0,0.0,0.0,0.0,0.0,0.0,0.0,0.0,82.31598161421218,82.31598161421218,0.22666666666666669,0.46260192334763786,0.24018758267977304,82.31598161421218,0.236176521295925,0.0,0.04243733333333334 
 02/24  16:20:00,10.066666666666667,70.66666666666667,4.23,48.833333333333339,270.0,0.0,0.0,0.0,2.0,0.0,0.0,0.0,0.0,0.0,4.0,336.0,0.0,987.8115498269845,22.396034943939747,57.38924377712392,29.619106458487395,788.3625000966981,0.0,22.396034943939737,30.617077718245317,0.0,0.0,20.718057969384256,-1076.8668265823217,21.42087258195462,102.67895752896766,20.42826768804181,-820.1910337393301,19.705485342211568,361.05252288512659,16.266686227061279,29.50587543567468,20.411753389641384,-79.1460870702266,17.614700538138249,211.8263947878254,16.05100323675437,62.479974780687829,16.80749138668026,71.9472912083802,782.6951056853586,357.6177543340377,0.0,0.0,0.0,0.0,0.0,0.0,0.0,0.0,0.0,0.0,0.0,0.0,0.0,0.0,0.0,0.0,0.0,0.0,0.0,0.0,0.0,0.0,0.9503503336097509,0.29009472942910588,247.37844523410866,287.43632161077866,5732.852638316666,0.207518675318742,0.031672569493092498,167.22557434765776,194.5848794286879,3706.2645888971039,0.9981053017735488,0.18860644402372435,272.18551859771989,317.11363753830809,6014.654940960107,0.26327348003806297,0.049749334852241668,283.2882520537977,330.8552593685862,5856.8946651962619,0.0,0.0,10.273541566688522,12.169210479027969,130.44348760494496,0.0,0.0,14.840392898816674,17.33388514503934,299.9196641255075,0.0,0.0,221.5157164986789,260.84713951758979,3563.5613638480874,0.0,0.0,34.88033420327139,41.344071380278169,431.48205987491999,0.0,0.0,141.56902412812469,167.39281375455449,1951.518902980635,30.939407240435885,21.220443923481409,443.26157544099126,518.562211560934,9244.188828069451,0.0,0.0,168.06993926638294,198.64461187769894,2360.169720788499,1497.4589776555518,21.837082717064186,33.87717364627332,22.0,30.0,0.0,21.27015410970342,35.010138724342969,16.0,30.0,0.0,21.25940275418281,35.799314361468237,21.0,30.0,0.0,20.54031645238961,37.21391606420008,16.0,30.0,0.0,16.395094801539356,47.63581559676628,12.0,30.0,0.0,20.2830199646959,40.62549696294488,19.0,30.0,0.0,18.138518260046788,42.57162638114183,10.0,30.0,0.0,16.22851590251051,48.10217742024645,16.0,30.0,0.0,16.952784386396947,45.92792226930581,16.0,30.0,0.0,19.920832127979798,0.0,0.0,0.0,17.071615835269847,0.0,0.0,449.54249821472839,446.54942990947918,489.60435061081196,477.8052703686204,445.8442017292192,653.9311266560844,444.9172207090121,445.94202171968109,445.92084430863238,9814.05081567138,81.5156537674273,84.979820584213,1744.0,0.0,1744.0,1744.0,16.0,16.0,19.0,16.0,16.0,12.0,21.0,10.0,1.0,0.0,1497.4589776555518,0.0,0.0,0.0,0.0,0.0,0.0,0.0,5242.628468656852,3145577.0811941118,4088378.9068519726,81.5156537674273,85.0386536370066,0.34475428228856178,0.765807672881432,0.36028137401965956,85.0386536370066,0.3542647819438875,4088378.9068519726,0.25561436982296928 
 02/24  16:30:00,9.965,71.5,4.220000000000001,44.0,253.0,0.0,0.0,0.0,2.0,0.0,0.0,0.0,0.0,0.0,4.0,168.0,0.0,918.5005616082208,19.950906746449229,51.12364400450513,27.540838870932867,733.0460156618468,0.0,19.950906746449218,27.274402095483,0.0,0.0,20.877379476815614,-1179.302538203885,21.562800494337077,69.04918569957226,20.490299894155269,-743.385341080535,19.655085496454935,375.33410496854779,16.29634266558267,31.45632093839197,20.53286985351643,-84.97114516793931,17.697218202605709,177.29457627286866,16.052091517508427,61.224836660248687,16.803171795674368,70.63694006598871,786.6624079206704,424.93788244982809,0.0,0.0,0.0,0.0,0.0,0.0,0.0,0.0,0.0,0.0,0.0,0.0,0.0,0.0,0.0,0.0,0.0,0.0,0.0,0.0,0.0,0.0,0.856600936001106,0.2614776971920348,273.3399559430351,316.8720473094109,6503.107799381352,0.18930701076625992,0.02889301141121183,185.4341326577496,215.34865854674752,4219.077493972161,1.1282158143773369,0.21319270868808339,278.78352355684975,323.9194885223339,6256.443819986178,0.28998048137556978,0.05479600933022859,295.03083829132859,343.8603526918313,6093.405234034852,0.0,0.0,10.456994718980177,12.358349866228659,135.48670261529055,0.0,0.0,15.173242533964159,17.66403620696745,315.778495802755,0.0,0.0,237.469687304999,278.8898432133987,3918.7065648515529,0.0,0.0,36.52721725273692,43.19815285904785,459.08222553255077,0.0,0.0,155.25018511320523,183.15442911650877,2166.3620901210708,31.10672035979106,21.33519914937659,471.4753874891851,550.4049291477368,9935.026687800613,0.0,0.0,183.67540205017125,216.53596029471053,2639.967993820534,1662.6752580023529,22.05176707258979,33.55043807656738,22.0,30.0,0.0,21.52769031556875,34.642176613081478,16.0,30.0,0.0,21.327441938482698,35.762432168026148,21.0,30.0,0.0,20.421424100459988,37.75175347907254,16.0,30.0,0.0,16.422394974481276,47.51580829836987,12.0,30.0,0.0,20.494854061778307,41.278694882948169,19.0,30.0,0.0,18.247228063121026,42.34589078575735,10.0,30.0,0.0,16.223894476710716,48.15534615831567,16.0,30.0,0.0,16.933469562668824,46.026054629950809,16.0,30.0,0.0,19.977598713869896,0.0,0.0,0.0,17.135089957005847,0.0,0.0,456.017200581565,456.7350768770369,495.80520952948958,492.19488004040456,446.1512783426142,722.1561448987542,448.7017599740976,449.1583933966061,449.164988376511,4028.045166840081,85.34014485506984,85.34014485506984,1744.0,0.0,1744.0,1744.0,16.0,16.0,19.0,16.0,16.0,12.0,21.0,10.0,1.0,0.0,1662.6752580023529,0.0,0.0,0.0,0.0,0.0,0.0,0.0,0.0,0.0,0.0,85.34014485506984,85.34014485506984,0.34,0.7711716553208958,0.36028137401965956,85.34014485506984,0.3542647819438875,0.0,0.04360000000000001 
 02/24  16:40:00,9.863333333333334,72.33333333333333,4.21,37.50000000000001,210.83333333333335,0.0,0.0,0.0,2.0,0.0,0.0,0.0,0.0,0.0,4.0,168.0,0.0,781.1606653242814,16.720929519031473,42.84688482440853,23.422756204179728,623.4363697354468,0.0,16.720929519031466,22.858778345674034,0.0,0.0,20.96630846519225,-1329.1531139680847,21.610421653928975,121.30142685337523,20.500402058207187,-809.4920097519134,19.693511606703937,420.4387534997568,16.31756881925295,32.92569461662072,20.555146709034959,-90.78132206461385,17.762248376405294,194.2019711206358,16.061147604433388,66.66381895529344,16.817602738665209,86.54051680797147,811.7732402951588,441.32020626935448,0.0,0.0,0.0,0.0,0.0,0.0,0.0,0.0,0.0,0.0,0.0,0.0,0.0,0.0,0.0,0.0,0.0,0.0,0.0,0.0,0.0,0.0,0.7963928733273282,0.24309916768233465,299.8230842931976,347.53923597396627,7189.507971962675,0.18653477217576304,0.028469898073223908,206.89254146273439,240.13529201912326,4803.083507779394,1.1878410562753752,0.22445976120094023,302.3353041426814,351.3148453474672,6815.689721089475,0.31234280788475207,0.059021694611631137,320.44465183103059,373.3856602649394,6716.648630791962,0.0,0.0,10.787530207168679,12.747498897669292,142.30283759648823,0.0,0.0,15.829141607974253,18.419227257291135,334.91427363336637,0.0,0.0,242.4346484528114,284.61055996922746,4092.889417601508,0.0,0.0,37.07759074286305,43.84425772957356,474.4356803203865,0.0,0.0,157.8357269675234,186.18000213328629,2240.3064418843816,31.504117278652843,21.60776219386341,517.38648442739,603.788640544814,11037.484554247942,0.0,0.0,186.76503454045443,220.16293913076025,2721.387596184415,1746.9709463520044,22.052020289305394,33.69144508231454,22.0,30.0,0.0,21.669054985612438,34.413505550498097,16.0,30.0,0.0,21.27720006356605,35.9744460014183,21.0,30.0,0.0,20.47793939473159,37.63364645976202,19.0,30.0,0.0,16.438918509582146,47.47551922920394,12.0,30.0,0.0,20.572103819252765,41.62486378024468,19.0,30.0,0.0,18.340220389177089,42.14841493758026,10.0,30.0,0.0,16.236562042643454,48.15693903864799,16.0,30.0,0.0,16.952850292052959,46.0105979320251,16.0,30.0,0.0,20.05149187876567,0.0,0.0,0.0,17.133109888567615,0.0,0.0,464.8396658647177,460.67342645446265,501.63490625509049,493.2336642060021,447.65872005382178,750.7544476284819,451.6659467578355,451.9643608022117,451.97500923856577,8040.3019544509,82.68853295668183,82.68853295668183,1744.0,0.0,1744.0,1744.0,16.0,19.0,19.0,16.0,16.0,12.0,21.0,10.0,1.0,0.0,1746.9709463520044,0.0,0.0,0.0,0.0,0.0,0.0,0.0,0.0,0.0,0.0,82.68853295668183,82.68853295668183,0.34,0.7655846910670163,0.36028137401965956,82.68853295668183,0.3542647819438875,0.0,0.044181333333333339 
 02/24  16:50:00,9.761666666666667,73.16666666666667,4.2,31.000000000000005,168.66666666666669,0.0,0.0,0.0,2.0,0.0,0.0,0.0,0.0,0.0,4.0,673.0,0.0,650.722418028918,13.58200665885459,34.80346101179827,19.51161785016366,519.334875110226,0.0,13.582006658854585,18.567632819147794,0.0,0.0,20.591115774762764,-241.62319879983489,21.43745058356238,-376.22743047037945,20.532990843746587,-820.2229643933761,19.711646314349637,393.52331949223346,16.33087632715815,28.61069199410086,20.540529807269875,-63.76727234733623,17.700039461600416,76.65876437230759,16.06661194714156,63.275924600622548,16.828478101732533,78.6152654904729,761.3873997291657,450.4698504229043,0.0,0.0,0.0,0.0,0.0,0.0,0.0,0.0,0.0,0.0,0.0,0.0,0.0,0.0,0.0,0.0,0.0,0.0,0.0,0.0,0.0,0.0,0.9729219712548458,0.2969847287102704,223.24770036253484,260.4145216055904,5068.770466072476,0.1644802461305766,0.025103822669501929,187.08323732220067,218.07526995140027,4277.452739956624,1.0380660088640262,0.19615759804686823,289.8124440628732,337.8777317764796,6591.852922904331,0.2787809443072361,0.052679694691465609,302.9048618318786,354.14235790871978,6404.600811251492,0.0,0.0,9.318420032062877,11.049833592576479,124.789759843176,0.0,0.0,13.506537897005453,15.77628739641531,289.1318368208939,0.0,0.0,229.31255625443033,270.28346863760989,3843.685070541441,0.0,0.0,35.752067868905729,42.42053910641849,464.77373541353838,0.0,0.0,154.7842807636223,183.20276817890668,2229.4358135001368,31.561465719429515,21.647095829512709,444.3901641981445,520.7150787449878,9491.200030054868,0.0,0.0,183.033398638245,216.5316112604685,2690.460002526094,464.11216977690136,21.273866786482903,35.487643463518,21.25,30.0,0.0,21.383702787924233,35.339046148363639,16.0,30.0,0.0,21.288688671300507,36.25801753462244,21.0,30.0,0.0,20.475853972659566,37.93680566949685,19.0,30.0,0.0,16.441353215433545,47.53712123061515,12.0,30.0,0.0,20.606034764747546,41.97203529837079,19.0,30.0,0.0,18.171795071543515,42.765256277600688,10.0,30.0,0.0,16.240743164587579,48.26440974538632,16.0,30.0,0.0,16.960507880436489,46.14965935037548,16.0,30.0,0.0,19.861085331791899,0.0,0.0,0.0,17.096363023048555,0.0,0.0,472.43424302776909,477.4943803857126,517.8078497181671,508.5609626423917,451.36120411947629,774.729854649575,460.35451028806957,457.6667756814158,459.8540059944605,4648.221227030712,82.1079229662643,82.1079229662643,1744.0,0.0,1744.0,1744.0,16.0,19.0,19.0,16.0,16.0,12.0,21.0,10.0,1.0,0.0,464.11216977690136,0.0,0.0,0.0,0.0,0.0,0.0,0.0,0.0,0.0,0.0,82.1079229662643,82.1079229662643,0.17,0.3469876271706627,0.18014068700982978,82.1079229662643,0.17713239097194376,0.0,0.044472000000000008 
 02/24  17:00:00,9.66,74.0,4.19,24.5,126.5,0.0,0.0,0.0,2.0,0.0,0.0,0.0,0.0,0.0,4.0,169.0,0.0,482.71193463323609,10.541239667048393,27.011570236373268,14.473897847796499,385.2474181206895,0.0,10.541239667048388,14.410673806347285,0.0,0.0,20.988600238081319,-1503.7526785819028,21.309568010024795,165.70341230007944,20.52110075355923,-850.3804317082268,19.706520678878733,368.06956422524856,16.33662736262623,29.197521004128647,20.47929866329931,-93.91080412138183,17.752535027417609,202.53357677376426,16.062303433237685,55.80437448395651,16.818328237788216,52.0840364582582,809.6034924439919,408.79387901549037,0.0,0.0,0.0,0.0,0.0,0.0,0.0,0.0,0.0,0.0,0.0,0.0,0.0,0.0,0.0,0.0,0.0,0.0,0.0,0.0,0.0,0.0,0.9221848162989529,0.28149719667245207,320.60975862271996,371.64518960413889,7767.76902438974,0.21936951357967958,0.03348130549140409,232.76191678798478,270.38407146089159,5360.808234098069,1.1260802316433039,0.21278915941861382,280.1076108516854,325.4697884048065,6394.0772875019279,0.29032869618966058,0.05486180955964862,295.27491749468978,344.0120284013187,6286.712677302869,0.0,0.0,10.743153945232765,12.693150186402218,146.01920019480216,0.0,0.0,15.804617954450264,18.38358120924022,341.1059850602444,0.0,0.0,223.11483781509029,261.9193417582019,3836.988830074848,0.0,0.0,35.26536459610207,41.694887873100778,464.91687888896248,0.0,0.0,140.9096819070267,166.1961676080415,2050.8215997658969,31.90886852617799,21.88536935951852,520.0983933380941,606.965598416455,11241.779302107856,0.0,0.0,167.82712807273814,197.9449593787955,2443.726302910186,1908.2689392129824,21.970311875673365,34.34875979530589,22.0,30.0,0.0,21.36050685496331,35.48418080255452,16.0,30.0,0.0,21.21514698573062,36.67910148935022,21.0,30.0,0.0,20.441683207274317,38.2920137303005,19.0,30.0,0.0,16.436510138004473,47.71053006318279,12.0,30.0,0.0,20.58548356702043,42.50275750721582,19.0,30.0,0.0,18.294958128612273,42.63953236441467,10.0,30.0,0.0,16.227423755345759,48.55730050324599,16.0,30.0,0.0,16.93017930125716,46.4444010846756,16.0,30.0,0.0,19.976414157679259,0.0,0.0,0.0,16.920045635877004,0.0,0.0,491.26254567975936,483.06756992658696,531.3057590420941,522.5564378339252,459.2796439495872,799.2144437665401,470.24153479793918,469.36461921305365,469.80525683851826,8578.96499359664,82.33240103842543,82.33240103842543,1744.0,0.0,1744.0,1744.0,16.0,19.0,19.0,16.0,16.0,12.0,21.0,10.0,1.0,0.0,1908.2689392129824,0.0,0.0,0.0,0.0,0.0,0.0,0.0,0.0,0.0,0.0,82.33240103842543,82.33240103842543,0.34,0.7725862664030061,0.36028137401965956,82.33240103842543,0.3542647819438875,0.0,0.04476266666666667 
 02/24  17:10:00,9.506666666666668,75.0,4.363333333333334,18.0,84.33333333333332,0.0,4.0,0.0,0.0,0.0,0.0,0.0,0.0,0.0,0.0,507.0,0.0,320.5302253609839,7.609387329571431,19.49878169964113,9.61095270046556,255.81186432068115,0.0,7.609387329571428,10.402609383352573,0.0,0.0,20.859271512643717,-1479.5237051328673,21.250084001001647,107.10202648920913,20.610749166759669,38.66273386859028,19.704095190855328,-57.22237912257371,16.34725738624376,37.09346671417768,20.170550414691957,-334.6177870075985,17.899569353986935,254.10796431701483,16.062576183549728,61.84950121949063,16.8186719102526,74.51629179614338,783.6518748756992,575.830552167409,0.0,0.0,0.0,0.0,0.0,0.0,0.0,0.0,0.0,0.0,0.0,0.0,0.0,0.0,0.0,0.0,0.0,0.0,0.0,0.0,0.0,0.0,1.0097714128128446,0.30823303199415288,406.0694905805324,472.8594857440652,9568.023594692864,0.19830453685387842,0.030266260203583405,141.56638501982884,164.92450649748967,3307.93562577898,1.1489288619305405,0.21710673883797067,204.0720965017844,237.61708112958883,4819.610895702316,0.3104236805783256,0.05865904772833058,30.76655073415519,35.96230966580093,663.1842685128618,0.0,0.0,11.38229309425532,13.488845381390553,158.2934734998762,0.0,0.0,89.88189647776056,105.14713417238703,1895.0581910082547,0.0,0.0,332.35455650854359,390.9471280958127,5965.39101884896,0.0,0.0,38.44210081403794,45.583786718215517,518.3497180735959,0.0,0.0,174.54495044128277,206.46021302840055,2592.674564798912,32.46690614570824,22.268111211048188,343.3056107256273,401.80435798633189,7747.994252507211,0.0,0.0,205.53857560373207,242.96917596977847,3124.310074517784,1637.4454449890473,21.562378296237065,35.406892471646489,22.0,30.0,0.0,21.363517818907213,35.74446640206831,16.0,30.0,788.2819166013414,21.378658228162938,35.74701770936429,21.333333333333337,30.0,0.0,20.322025588875879,41.09938191538201,19.0,30.0,0.0,16.44445137098051,47.9801877372463,12.0,30.0,0.0,20.16146371990111,39.50141427999657,16.0,30.0,0.0,18.531600541469353,43.04747921896485,10.0,30.0,0.0,16.227357796663456,48.92318759549502,16.0,30.0,0.0,16.930336383910473,46.997699751431657,16.0,30.0,0.0,19.823073620714334,0.0,0.0,0.0,17.091130286395946,0.0,0.0,500.08643330221488,496.9394897975309,497.61651937203,672.6407093944412,472.6762825609469,559.6764594657652,523.6376887439077,485.4689728182427,495.3321704491815,10194.018635097731,81.26439686547205,83.58956815169769,162.0,0.0,162.0,162.0,16.0,19.0,16.0,16.0,16.0,12.0,21.0,10.0,1.0,0.0,1637.4454449890473,0.0,788.2819166013414,0.0,0.0,0.0,0.0,0.0,3518.8621950687509,2111317.3170412506,2733392.039436857,81.26439686547205,83.62905727917674,0.3439620731689584,0.7680036041785321,0.36028137401965956,83.62905727917674,0.3542647819438875,2733392.039436857,0.1463213860507166 
 02/24  17:20:00,9.353333333333334,76.0,4.536666666666667,11.5,42.16666666666666,0.0,4.0,0.0,0.0,0.0,0.0,0.0,0.0,0.0,0.0,338.0,0.0,151.68387427555678,4.534299569436288,11.6189753743036,4.548173961635252,121.05735759500573,0.0,4.5342995694362859,6.19873127822579,0.0,0.0,20.808099709278588,-554.6809053694133,21.074094771416797,-85.08849363412583,20.50849790951951,-405.4079757334255,19.659886972226397,-23.91991995855824,16.354464636090719,34.67143653044181,19.816303374889054,-216.7564502661096,17.861978374434245,137.83836111642359,16.071092089417904,63.01384711135631,16.838782633472797,79.13846780501445,685.8893565912631,605.5147465478813,0.0,0.0,0.0,0.0,0.0,0.0,0.0,0.0,0.0,0.0,0.0,0.0,0.0,0.0,0.0,0.0,0.0,0.0,0.0,0.0,0.0,0.0,1.0979850486202878,0.3351602712516141,254.2480328224134,295.7248855223497,6140.061855676125,0.20985948302563674,0.03202983562662344,81.05537201130034,94.45884491116414,1894.8220192415457,0.9645650420921689,0.18226852647244319,140.6744669642509,163.69768322913769,3297.0863397374125,0.31049774382354647,0.05867304305055675,32.4848106855611,37.93235334241062,703.0981657689931,0.0,0.0,10.45038905254174,12.373749569615065,148.58839730936036,0.0,0.0,77.67539785168018,90.9271758005003,1600.1686372831637,0.0,0.0,316.4836574084495,372.1910775282263,5700.013252647215,0.0,0.0,37.47309860460186,44.39739672907618,517.8798754106638,0.0,0.0,173.8025768568275,205.40589611500196,2645.8632019617537,32.969367933102208,22.61273520788904,199.3912189823586,233.6551079593518,4601.360302877401,0.0,0.0,204.17377591180185,241.2284858256095,3146.2456201049046,1050.8642880536627,21.582619945379535,35.37687145035389,22.0,30.0,0.0,21.185513002517128,36.29439366160966,16.0,30.0,302.23819754996358,21.320456905956826,36.02548316003502,21.0,30.0,0.0,20.215378529352294,43.182958932594349,19.0,30.0,0.0,16.446168269707159,48.44116487591642,12.0,30.0,0.0,19.754086729096529,39.791242318495438,16.0,30.0,0.0,18.40229571075404,43.165705007880209,10.0,30.0,0.0,16.241918790660465,49.53099814058519,16.0,30.0,0.0,16.96257360896614,47.37949436349518,16.0,30.0,0.0,19.367383806401116,0.0,0.0,0.0,17.0440024507975,0.0,0.0,500.8402201173015,503.8793482764055,504.37885757059299,783.1098867969081,493.66496495997196,518.1519283188711,510.7013137033671,514.2405906218676,517.198644342838,10088.31641951592,81.33431300301477,81.33431300301479,162.0,0.0,162.0,162.0,16.0,19.0,16.0,16.0,16.0,12.0,21.0,10.0,1.0,0.0,1050.8642880536627,0.0,302.23819754996358,0.0,0.0,0.0,0.0,0.0,0.0,0.0,0.0,81.33431300301477,81.33431300301477,0.34,0.7690198920588574,0.36028137401965956,81.33431300301477,0.3542647819438875,0.0,0.004212 
 02/24  17:30:00,9.2,77.0,4.710000000000001,0.0,0.0,0.0,4.0,0.0,0.0,0.0,0.0,0.0,0.0,0.0,0.0,676.0,0.0,0.0,0.0,0.0,0.0,0.0,0.0,0.0,0.0,0.0,0.0,20.842073636064244,-698.3086313569797,20.883657868769398,150.65003615680997,20.77525047533406,-719.7584929122747,19.656446709853399,-8.02733753321246,16.35407231512049,31.13524436198358,19.55774110246268,-183.4539116780387,17.837954399847044,180.0925600648734,16.064423131342346,49.063299091026298,16.829110792874994,30.961576810444286,791.8418558410335,574.8126254389424,0.0,0.0,0.0,0.0,0.0,0.0,0.0,0.0,0.0,0.0,0.0,0.0,0.0,0.0,0.0,0.0,0.0,0.0,0.0,0.0,0.0,0.0,1.178973467212261,0.35988201074855338,367.89207589898,428.4984411334343,8855.99331544935,0.25012751500848398,0.03817575015392002,169.91813088951643,198.07277043571203,3970.7569999106538,0.8402261701956405,0.158772896862366,223.48308216173207,260.11591400595298,5497.434442099822,0.3181178813805065,0.06011297834098761,33.839532617384708,39.56318774806275,741.3732621755911,0.0,0.0,10.256068470592528,12.15631050150934,148.7294942279176,0.0,0.0,71.77115516111587,84.17739577876466,1465.9088321696054,0.0,0.0,299.59218097720909,352.7695230567631,5451.877144454403,0.0,0.0,36.03886669347554,42.745549277063279,508.05728483330759,0.0,0.0,161.7314996877578,191.36632499951859,2503.338309448013,33.61397745305683,23.0548542202036,316.09572778685688,370.2363903186638,7272.110858877193,0.0,0.0,190.36014230689316,225.30591989337945,2920.7965677461245,814.0203319950972,21.42166233163447,36.05457446233578,21.5,30.0,0.0,21.04678341228987,36.69067803064361,16.0,30.0,1360.375046903868,21.7238296251544,35.447646057970008,21.5,30.0,0.0,20.197578790925009,43.732055465911958,19.0,30.0,0.0,16.43564839469663,48.64160626579528,12.0,30.0,0.0,19.507193343766745,40.332385529648949,16.0,30.0,0.0,18.34444387305453,43.41249779599488,10.0,30.0,0.0,16.228313097078556,49.62001495133749,16.0,30.0,0.0,16.937668966454255,47.41994064640292,16.0,30.0,0.0,19.675417484240574,0.0,0.0,0.0,16.85445619146508,0.0,0.0,518.3500703384635,508.2982926022214,520.6592767110185,813.86919144248,500.8049019678756,513.0178708026144,513.9056875603259,515.4197150485228,514.4548258999587,9254.577130456737,81.885630337343,83.5910741238397,162.0,0.0,162.0,162.0,16.0,19.0,16.0,16.0,16.0,12.0,21.0,10.0,1.0,0.0,814.0203319950972,0.0,1360.375046903868,0.0,0.0,0.0,0.0,0.0,2581.038089067743,1548622.8534406459,2006304.570846473,81.885630337343,83.62003822101925,0.3410346029689248,0.7691724059743389,0.36028137401965956,83.62003822101925,0.3542647819438875,2006304.570846473,0.10856683768401659 
 02/24  17:40:00,9.046666666666667,78.0,4.883333333333334,0.0,0.0,0.0,4.0,0.0,0.0,0.0,0.0,0.0,0.0,0.0,0.0,676.0,0.0,0.0,0.0,0.0,0.0,0.0,0.0,0.0,0.0,0.0,0.0,20.86995069162871,-541.6407631905395,21.34551106011213,-814.9735609129295,20.60494853594235,-7.844503678102711,19.648802220460259,-41.25921718578593,16.35875925872198,28.145479374342388,19.364085818109208,-135.07600506933205,17.832701827350154,113.70075358951635,16.04654077018379,41.39250768190078,16.79339494739012,6.768025917887144,794.3191276078137,622.9178891945762,0.0,0.0,0.0,0.0,0.0,0.0,0.0,0.0,0.0,0.0,0.0,0.0,0.0,0.0,0.0,0.0,0.0,0.0,0.0,0.0,0.0,0.0,1.066799378679928,0.32564083598288398,375.83867410906796,437.9134140384112,9200.009412838966,0.14685309953186213,0.022413476729527188,268.69744311588797,312.8764982108409,6640.782133431944,1.2059777012973128,0.2278869427999458,148.93151362748723,173.4901204809428,3606.1031027669835,0.3023348134875387,0.05713053920777375,28.26509832129986,33.045456033169958,626.4291064422438,0.0,0.0,9.661135909332569,11.451351207150469,142.87098736309606,0.0,0.0,63.09743186016935,74.0543640689267,1282.5140345297799,0.0,0.0,296.6874607084221,349.36712836640796,5469.224823056419,0.0,0.0,37.10326637860233,44.01144413817872,532.0534700874484,0.0,0.0,165.59099153064359,195.95892062758987,2592.567630634808,34.03731671447767,23.345210366582778,320.58748169167247,375.7903712281412,7460.2753482565099,0.0,0.0,195.38453027307464,231.3165169776583,3016.207508628793,759.176014614125,21.459061519879208,36.24500794233076,21.5,30.0,1676.7787675594628,21.677634680517749,35.82588429358441,21.75,30.0,840.4865971623643,21.277562284254104,36.572263640276997,21.25,30.0,0.0,20.156952747270834,44.5867028413022,19.0,30.0,0.0,16.425656817910729,48.83694710120648,12.0,30.0,0.0,19.297398985787106,40.968812738332868,16.0,30.0,0.0,18.309374530821495,43.67044230478512,10.0,30.0,0.0,16.195567299910008,49.7772310283515,16.0,30.0,0.0,16.87236425557397,47.711914245036,16.0,30.0,0.0,19.617064725237367,0.0,0.0,0.0,16.745296906004989,0.0,0.0,533.2921137466922,536.1792469489441,528.8532166356877,857.9565720522095,507.01613640165047,516.5344491669368,519.6499694531085,515.5725714194621,516.3005718859776,10008.891773837644,81.38672042467675,83.36699468882193,162.0,0.0,162.0,162.0,21.0,19.0,16.0,16.0,16.0,12.0,21.0,10.0,1.0,0.0,759.176014614125,1676.7787675594628,840.4865971623643,0.0,0.0,0.0,0.0,0.0,2996.4831517681375,1797889.8910608825,2328057.2958361187,81.38672042467675,83.4006263198865,0.35488277172560458,0.7700656484453379,0.36028137401965956,83.4006263198865,0.3542647819438875,2328057.2958361187,0.12532497938347818 
 02/24  17:50:00,8.893333333333335,79.0,5.0566666666666679,0.0,0.0,0.0,4.0,0.0,0.0,0.0,0.0,0.0,0.0,0.0,0.0,677.0,0.0,0.0,0.0,0.0,0.0,0.0,0.0,0.0,0.0,0.0,0.0,20.730022061527195,8.591231442301933,21.026862728105948,-577.7450697143261,20.68702738883272,-367.99777730519147,19.6503973533013,-22.33983303966886,16.366442642099409,25.689399228811327,19.21002730313768,-129.62233265619876,17.77081158299231,111.1759293309824,16.02525681711166,31.349757918628997,16.753139353090046,-18.755414412365327,676.4044305491682,618.4635920964586,0.0,0.0,0.0,0.0,0.0,0.0,0.0,0.0,0.0,0.0,0.0,0.0,0.0,0.0,0.0,0.0,0.0,0.0,0.0,0.0,0.0,0.0,1.1287497698606158,0.3445512118011647,252.20236413646354,294.2265357559743,6141.537029106984,0.20228097341628743,0.03087316444082531,193.6894697671276,225.77672478286216,4765.21783375534,1.0115834628069174,0.19115333764303053,103.33150357615775,120.69627873854667,2557.956413067206,0.30854248943287207,0.05830356943175963,30.877543989794427,36.1170218120206,692.7792833431225,0.0,0.0,9.54934304222008,11.318683637657668,144.06342542282807,0.0,0.0,62.13129601204979,72.95531434649546,1262.159581537441,0.0,0.0,290.33706379292638,342.01537582604007,5374.245745738048,0.0,0.0,35.613316213816258,42.24763179937841,518.9659868571783,0.0,0.0,161.62555784827573,191.30844811417718,2558.2119422991265,34.548647258916549,23.69591718718557,199.79261263330779,234.71018787865024,4778.90141865713,0.0,0.0,190.12820646218638,225.20826093862233,2935.9181763705266,461.915222534201,21.28285704349617,36.92834161139551,21.25,30.0,57.63470368052621,21.346389098162058,36.93297981096097,21.0,30.0,790.6852088819785,21.402925578482728,36.735588869567568,21.25,30.0,0.0,20.148316094714354,44.89272719567383,19.0,30.0,0.0,16.421559821116984,49.02055133670067,12.0,30.0,0.0,19.133065931299304,41.54447622742103,16.0,30.0,0.0,18.191598408131349,44.19769174930491,10.0,30.0,0.0,16.157694817563958,50.052021192012087,16.0,30.0,0.0,16.803171858285734,48.09864909529126,16.0,30.0,0.0,18.9786770543419,0.0,0.0,0.0,16.590582489380564,0.0,0.0,548.4691028844517,555.84544890131,552.2653118145992,873.0198649359671,513.0659540069978,522.451771474446,527.5122731087578,520.1641034149872,522.1747424722917,4110.93950171538,81.06636374205175,81.06636374205175,162.0,0.0,162.0,162.0,21.0,19.0,16.0,16.0,16.0,12.0,21.0,10.0,1.0,0.0,461.915222534201,57.63470368052621,790.6852088819785,0.0,0.0,0.0,0.0,0.0,0.0,0.0,0.0,81.06636374205175,81.06636374205175,0.17,0.34806429932841789,0.18014068700982978,81.06636374205175,0.17713239097194376,0.0,0.004229999999999999 
 02/24  18:00:00,8.74,80.0,5.23,0.0,0.0,0.0,4.0,0.0,0.0,0.0,0.0,0.0,0.0,0.0,0.0,850.0,0.0,0.0,0.0,0.0,0.0,0.0,0.0,0.0,0.0,0.0,0.0,20.994199549587557,-1025.245190616494,21.325418794565537,-431.49450037986858,20.698737187406434,-69.45739436256429,19.65101447029371,-25.765518351802578,16.37793735619853,27.63741625606961,19.078611766725126,-107.12166314379889,17.799032364480479,186.52848213269429,16.00464351319245,29.324182555608016,16.71459791489452,-21.88180759279967,795.8834391863325,679.4726565011914,0.0,0.0,0.0,0.0,0.0,0.0,0.0,0.0,0.0,0.0,0.0,0.0,0.0,0.0,0.0,0.0,0.0,0.0,0.0,0.0,0.0,0.0,1.102808726293685,0.3366327003338476,261.667295303686,304.51829046353626,6668.3774714754749,0.1964043487497612,0.02997624370417601,113.38873524951289,132.00218040905356,2923.975700513168,1.1695531343608732,0.22100399364340019,145.46791671321587,169.3322765610773,3641.6697983247847,0.34819542665298416,0.06579656588302799,35.76466744708117,41.81829267251817,812.4359597108143,0.0,0.0,10.019400297630137,11.877093199926389,154.29304558223655,0.0,0.0,59.35069102095396,69.74315343696492,1208.579005609145,0.0,0.0,298.62040196252317,351.7570855475832,5649.788676479085,0.0,0.0,36.94433624193746,43.83795271030367,547.2058256577109,0.0,0.0,167.66991987398533,198.5268690219155,2685.500660984277,35.36628905522953,24.256714029649893,197.72188763646819,232.0561750452619,4780.981162122638,0.0,0.0,197.4065543565294,233.9184643653862,3079.3768931348415,1121.3615526358024,21.714477699142799,36.32270709690712,21.8,30.0,1357.5772832206868,21.821486722391389,36.1112211108384,21.8,30.0,0.0,21.431101670203267,36.79205264915711,21.0,30.0,0.0,20.138506416528789,44.982655637888587,19.0,30.0,0.0,16.42542251625034,49.18250962594024,12.000000000000002,30.0,0.0,18.999225434897967,42.04667237166409,16.0,30.0,0.0,18.246033990997448,44.26964710816298,10.0,30.0,0.0,16.123706205945444,50.332390802982768,16.0,30.0,0.0,16.743499574886284,48.45238301148306,16.0,30.0,0.0,18.9841655817186,0.0,0.0,0.0,16.513700845649976,0.0,0.0,566.9839566623988,569.003844442771,558.2917762134233,874.8502557590277,519.2134464595288,528.7965669318733,536.6052768836771,525.9265549732553,528.3379143566572,7125.502430281416,82.24424166656404,82.24424166656404,162.0,0.0,162.0,162.0,21.0,19.0,16.0,16.0,16.0,12.0,21.0,10.0,1.0,0.0,1121.3615526358024,1357.5772832206868,0.0,0.0,0.0,0.0,0.0,0.0,0.0,0.0,0.0,82.24424166656404,82.24424166656404,0.272,0.6160448964272869,0.28822509921572767,82.24424166656404,0.28341182555511,0.0,0.004194 
 02/24  18:10:00,8.693333333333336,80.66666666666667,5.401666666666667,0.0,0.0,0.0,0.0,0.0,0.0,0.0,0.0,4.0,0.0,0.0,0.0,342.0,0.0,0.0,0.0,0.0,0.0,0.0,0.0,0.0,0.0,0.0,0.0,20.680017224723679,-604.4752970428608,21.275230412761215,-146.98597850292487,20.88015512305934,-1861.306595627284,19.75277784294221,482.9017843952188,16.393361260112923,24.38226468026616,18.97516833970858,-71.1596321727543,17.740280800369456,50.080046235167177,15.987613923949933,28.44736325267536,16.682482613763726,-18.654992679133558,794.6593495423449,725.355501092466,0.0,0.0,0.0,0.0,0.0,0.0,0.0,0.0,0.0,0.0,0.0,0.0,0.0,0.0,0.0,0.0,0.0,0.0,0.0,0.0,0.0,0.0,1.2421432292978772,0.37916459990777698,254.7182174018845,296.43219377015557,6332.904317224473,0.08896074350423079,0.01357764705498028,26.179718903852306,30.369936654191656,673.9329622483494,1.1435755943815105,0.2160951614477534,412.7574935112546,479.2432209492696,10606.613354047495,0.3002567230078233,0.05673785393193938,314.48686430898786,367.1727761390469,7280.210666493368,0.0,0.0,9.069154203990922,10.736860079812772,140.70677419398835,0.0,0.0,54.88464409239137,64.41809794618527,1112.3423315170504,0.0,0.0,290.85070595738,342.2834231689766,5452.335357737008,0.0,0.0,36.214034061178967,42.91575804806603,537.8319186613094,0.0,0.0,171.63991374030395,202.96466556775443,2749.171795944484,35.57723667722312,24.40139689795825,413.42550364952447,483.9189564711466,9450.16982837709,0.0,0.0,201.32206336321833,238.24678078896188,3142.1426498139137,1046.5679391872014,21.2363052503049,37.658168909259689,21.5,30.0,0.0,21.781379835092694,39.872161606462388,21.0,30.0,2570.9482141345395,21.657927192798167,38.39546900128827,21.5,30.0,0.0,20.42455825386716,39.29367033741043,16.0,30.0,0.0,16.436072829554634,49.34882932630518,12.0,30.0,0.0,18.9000063067917,42.54704433523605,16.0,30.0,0.0,18.102026885235177,44.78596738976999,10.0,30.0,0.0,16.095023617437513,50.60714241159248,16.0,30.0,0.0,16.69440255191816,48.75588334563854,16.0,30.0,0.0,19.284291656374245,0.0,0.0,0.0,16.46980209625782,0.0,0.0,578.6306139209013,780.0180849186484,698.9539038106691,566.4713340154177,526.4441990840203,539.2715607310408,541.2775405414762,532.4119056367044,534.0430570590852,10993.444451860863,80.73560975140211,84.55195150218808,240.0,0.0,240.0,240.0,21.0,16.0,16.0,16.0,16.0,12.0,21.0,10.0,1.0,0.0,1046.5679391872014,0.0,2570.9482141345395,0.0,0.0,0.0,0.0,0.0,5775.014846929126,3465008.9081574759,4484238.1417523189,80.73560975140211,84.61676565450157,0.3625004948976376,0.7702975191380856,0.36028137401965956,84.61676565450157,0.3542647819438875,4484238.1417523189,0.2393403833711206 
 02/24  18:20:00,8.646666666666669,81.33333333333334,5.573333333333334,0.0,0.0,0.0,0.0,0.0,0.0,0.0,0.0,4.0,0.0,0.0,0.0,514.0,0.0,0.0,0.0,0.0,0.0,0.0,0.0,0.0,0.0,0.0,0.0,20.89184846629866,-446.1941321408178,21.192166228456395,-126.84931262781916,20.707887843797957,-927.5440731770791,19.801168805714434,280.6591840578275,16.40531430446069,22.437107086978238,18.8882374195914,-93.78323593328564,17.692297359821774,131.17307525747004,15.971172335618354,19.73601908395107,16.65094641125249,-45.53867314019952,796.4012223757287,689.4439066394971,0.0,0.0,0.0,0.0,0.0,0.0,0.0,0.0,0.0,0.0,0.0,0.0,0.0,0.0,0.0,0.0,0.0,0.0,0.0,0.0,0.0,0.0,1.209340555619253,0.3691515737543506,209.19920432292305,243.76098389025175,5236.781163222173,0.08594286134784228,0.013117042330256755,26.569828187834369,30.86357818583236,681.2871655744916,1.242332472192261,0.23475670298417629,349.28743642025639,407.3449468081762,8583.39858546805,0.2984262631760834,0.05639196205141407,248.6063169731197,290.4254740867182,5820.551929800581,0.0,0.0,9.324131063769104,11.043964939416269,145.5916908957457,0.0,0.0,56.2860455250585,66.12562118721601,1136.687554898954,0.0,0.0,288.248124559372,339.49285841096107,5393.986469581658,0.0,0.0,35.76439811225126,42.41214455979835,532.4213383697601,0.0,0.0,163.82766920051854,193.88669594851749,2623.096187154485,36.108131194429,24.765522081227027,339.61194812507696,398.40302114852735,7986.768042788599,0.0,0.0,192.7421809853754,228.37403385661964,2961.4897842841285,777.0221720064603,21.515502464471344,37.972132757176407,21.333333333333326,29.99999999999999,0.0,21.66711776308957,42.684679370552547,20.999999999999994,29.99999999999999,1322.28689202223,21.24085703551553,39.118005628593127,21.333333333333326,29.99999999999999,0.0,20.47379784178127,41.12861194703589,15.999999999999993,29.99999999999999,0.0,16.440820674210067,49.507126630879628,11.999999999999995,29.99999999999999,0.0,18.81563310885785,42.99149951399704,15.999999999999993,29.99999999999999,0.0,18.04313503747686,45.3419232177026,9.999999999999997,29.99999999999999,0.0,16.06700469814134,50.85990978397179,15.999999999999993,29.99999999999999,0.0,16.64531616715108,49.10505120382135,15.999999999999993,29.99999999999999,0.0,19.301051573100677,0.0,0.0,0.0,16.29795636419115,0.0,0.0,640.7648176037542,926.9797297853884,673.986790461915,685.3254703294617,533.109903444516,549.8099258222796,559.6860811406606,538.3487311724629,541.7043237675468,6598.732327802312,81.00216776229907,83.54371626238322,239.99999999999992,0.0,239.99999999999992,239.99999999999992,21.0,16.0,16.0,16.0,16.0,12.0,21.0,10.0,1.0,0.0,777.0221720064603,0.0,1322.28689202223,0.0,0.0,0.0,0.0,0.0,3845.95994798397,2307575.9687903828,2996432.507628148,81.00216776229907,83.58688019327664,0.2415319982661323,0.4637539059230471,0.24018758267977295,83.58688019327664,0.2361765212959249,2996432.507628148,0.16192115706333039 
 02/24  18:30:00,8.600000000000002,82.0,5.745,0.0,0.0,0.0,0.0,0.0,0.0,0.0,0.0,4.0,0.0,0.0,0.0,517.0,0.0,0.0,0.0,0.0,0.0,0.0,0.0,0.0,0.0,0.0,0.0,20.83312524776217,-556.3892413610803,21.135874618279929,-115.87168695153287,20.786901744409528,-794.0930834453484,19.818626812854164,387.04399225963899,16.42177780814374,24.348516721473563,18.806617615019229,-71.9218702376456,17.697406146298527,103.18762765736024,15.951551852579108,18.716430426040988,16.608283586799059,-44.9270320151654,799.2835870187231,768.4026308438494,0.0,0.0,0.0,0.0,0.0,0.0,0.0,0.0,0.0,0.0,0.0,0.0,0.0,0.0,0.0,0.0,0.0,0.0,0.0,0.0,0.0,0.0,1.2524759875571617,0.38231867752050099,146.9511945418404,171.06368379651867,3702.9405536457309,0.11487045078366602,0.017532120082977104,23.88861853556338,27.733212098245376,612.4376142504113,1.2456873914172056,0.23539066353310765,252.77328993415643,294.41948725275179,6358.114001097203,0.30104981886889239,0.05688772087469618,268.61428364489339,313.7043507410376,6326.553888912688,0.0,0.0,9.613582825060956,11.385882066063502,151.25721615631466,0.0,0.0,49.05218163251463,57.61236986446754,987.9480202459074,0.0,0.0,294.4043535814156,346.70421109231907,5535.118493754751,0.0,0.0,36.72397440292042,43.55295928245788,547.7670081093452,0.0,0.0,175.2680184265322,207.47151032452116,2800.283861327917,36.772105030871887,25.220922517744776,265.78186688358229,311.7622860170216,6377.339432031644,0.0,0.0,205.64390003448779,243.6463829687766,3181.0229001977065,720.1928763069147,21.350462428410198,38.83877497276497,21.333333333333326,29.99999999999999,0.0,21.597016299819275,44.16740517081207,20.999999999999994,29.99999999999999,1141.6802444810256,21.388385877317999,38.40401668837586,21.333333333333326,29.99999999999999,0.0,20.52560985944301,40.59722682735052,15.999999999999993,29.99999999999999,0.0,16.455038855065845,49.866072394051659,11.999999999999995,29.99999999999999,0.0,18.742174015795805,43.73607087837549,15.999999999999993,29.99999999999999,0.0,18.040541097124515,46.016743532785429,9.999999999999997,29.99999999999999,0.0,16.034408793038766,51.52847896376582,15.999999999999993,29.99999999999999,0.0,16.579981189128348,50.01986051932016,15.999999999999993,29.99999999999999,0.0,19.204973729886818,0.0,0.0,0.0,16.30103050775766,0.0,0.0,660.7859957843168,995.7327205193852,641.9724890313626,651.3887867321078,549.4545594866387,576.2038582065231,589.3270704998765,560.4463975926135,571.0003658418541,6676.353454818982,80.60527031510473,83.10597869890226,239.99999999999992,0.0,239.99999999999992,239.99999999999992,21.0,16.0,16.0,16.0,16.0,12.0,21.0,10.0,1.0,0.0,720.1928763069147,0.0,1141.6802444810256,0.0,0.0,0.0,0.0,0.0,3784.2265907687626,2270535.9544612586,2946444.4930063516,80.60527031510473,83.14844902904125,0.23947421969229205,0.4645179500415946,0.24018758267977295,83.14844902904125,0.2361765212959249,2946444.4930063516,0.15926844696966364 
 02/24  18:40:00,8.553333333333335,82.66666666666667,5.916666666666666,0.0,0.0,0.0,0.0,0.0,0.0,0.0,0.0,4.0,0.0,0.0,0.0,1730.0,0.0,0.0,0.0,0.0,0.0,0.0,0.0,0.0,0.0,0.0,0.0,20.951193704779,-699.1834549389695,21.08753734166163,-113.97389783129312,20.876136050304937,-1154.016810733588,19.82749850208921,503.3031794108015,16.437512168841086,25.298858836238748,19.379124551518804,-250.81787346074919,17.752750628136949,211.7656973914191,16.998936845718008,-35.6595808108756,16.57716870591175,-67.59102616117717,821.1232666127822,780.0358992574209,0.0,0.0,0.0,0.0,0.0,0.0,0.0,0.0,0.0,0.0,0.0,0.0,0.0,0.0,0.0,0.0,0.0,0.0,0.0,0.0,0.0,0.0,1.1837711630499946,0.36134650886751976,156.2913908304855,182.1284088651999,4021.680619297393,0.13066838967434347,0.01994328291732959,22.860327804435199,26.598532692835169,586.0318657929131,1.219975519805954,0.23053203322107994,314.8836389516346,366.64661208205276,8077.731150358733,0.3232534989121081,0.06108342760999775,325.24166528567556,380.0595533479138,7685.184563070531,0.0,0.0,10.52762603638681,12.477091142457457,166.84709271455754,0.0,0.0,75.83373828944277,88.85177636590518,1675.7173776604039,0.0,0.0,311.67561722003708,367.21592812616526,5956.44075505482,0.0,0.0,21.282521909123955,25.161743356574726,376.67181262081189,0.0,0.0,186.2418285316344,220.64250986867274,2975.8514304724546,37.23167918708301,25.53613112968657,324.5086744835823,380.88780337037977,7641.353522126276,0.0,0.0,199.36035971290989,236.48299225098345,3064.5627828359408,1041.0593988766923,21.579202115285147,38.25721039298274,21.599999999999999,30.0,0.0,21.535402029773246,44.831051999321889,21.000000000000005,30.0,1453.4228293604729,21.525855772913244,37.962915640015349,21.4,30.0,0.0,20.52994894025599,40.4664780097997,15.999999999999999,30.0,0.0,16.4675141029145,50.24582466191244,12.0,30.0,1033.7686171840103,19.68067475513738,41.75044107663357,19.7,30.0,0.0,18.155139009580578,46.15730871447776,10.0,30.0,1351.4740331273093,17.652608535529298,47.03526832474455,20.7,30.0,0.0,16.535710168633185,50.748172645885038,15.999999999999999,30.0,0.0,19.211231640026264,0.0,0.0,0.0,16.208511662772318,0.0,0.0,649.0123068700555,1018.8460080419771,623.3619018449932,633.1245837308104,565.9036575673974,598.7277511801624,607.284903526454,581.7707783157234,594.0465923615689,10249.112017655627,81.22793427275883,84.09631681641474,240.0,0.0,240.0,240.0,21.0,16.0,19.0,16.0,19.7,12.0,21.0,10.0,1.0,0.0,1041.0593988766923,0.0,1453.4228293604729,0.0,1033.7686171840103,0.0,1351.4740331273093,0.0,4340.821025320016,2604492.6151920098,3401163.7309391938,81.22793427275883,84.14503147438255,0.3486940341773339,0.7677472317523364,0.3602813740196596,84.14503147438255,0.3542647819438876,3401163.7309391938,0.1828605140088381 
 02/24  18:50:00,8.506666666666668,83.33333333333333,6.088333333333333,0.0,0.0,0.0,0.0,0.0,0.0,0.0,0.0,4.0,0.0,0.0,0.0,1038.0,0.0,0.0,0.0,0.0,0.0,0.0,0.0,0.0,0.0,0.0,0.0,20.978011093067197,-600.6290797123047,21.048885397520587,-106.30968744189792,20.89217085667915,-1253.3960500405559,19.924177663182428,442.41134120666177,16.457390613361555,25.053844669319333,19.230444956774165,-201.94139442788424,17.789673932014858,102.56936623950287,18.258122275802934,-137.26774994390653,16.541692268434404,-46.73244160998495,835.7947785638207,868.8118368787905,0.0,0.0,0.0,0.0,0.0,0.0,0.0,0.0,0.0,0.0,0.0,0.0,0.0,0.0,0.0,0.0,0.0,0.0,0.0,0.0,0.0,0.0,1.1884918314346036,0.36278749433290666,152.74228858440285,177.73624174828343,3953.0717301366887,0.13129192415395875,0.02003844996244789,21.87045210923095,25.447854626412693,560.8508481125776,1.1850821986890157,0.22393843512641999,314.63426879036657,366.01261282871885,8154.615326275007,0.31155354586953967,0.05887255212954255,311.7367254848035,363.90438164493215,7479.546501692184,0.0,0.0,10.398208583552151,12.318360030744046,166.1717155478917,0.0,0.0,73.44665241781356,86.13005572324326,1589.850245109076,0.0,0.0,310.98009894334998,366.2384767586593,5983.023022943589,0.0,0.0,30.55740091078519,35.74949898652277,688.5558301487959,0.0,0.0,205.58661372584104,243.52094368736494,3285.236131812482,37.69580560210658,25.8544620041883,320.3114529130097,375.6180320921544,7654.597241612651,0.0,0.0,209.99586261372998,248.90361127039388,3285.2362209174896,849.8679889157143,21.55004177622531,38.39079240029047,21.499999999999969,29.999999999999959,0.0,21.48737984032293,45.56614024994811,20.99999999999997,29.999999999999959,1612.4106141917837,21.604250294719983,37.807037906394388,21.499999999999969,29.999999999999959,0.0,20.66621450023696,40.11009343578624,15.999999999999977,29.999999999999959,0.0,16.488210569622404,50.68983737289657,11.999999999999983,29.999999999999959,0.0,19.432475962243456,42.80114062631673,18.99999999999997,29.999999999999959,0.0,18.175265830375058,46.397806791091337,9.999999999999986,29.999999999999959,1277.1026481637148,19.78109241216431,41.54387887657657,20.69999999999997,29.999999999999959,0.0,16.48770707452058,51.31717446295085,15.999999999999977,29.999999999999959,0.0,19.260125239831678,0.0,0.0,0.0,16.300051806786575,0.0,0.0,645.2273122960764,1046.8155994212437,615.8754071239479,623.0023852969478,584.796759011372,615.2378379793951,617.205808248128,599.4592437824053,607.8955310701973,10343.887708588567,81.16525476356508,84.7253791038792,239.99999999999967,0.0,239.99999999999967,239.99999999999967,21.0,16.0,19.0,16.0,19.7,12.0,21.0,10.0,1.0,0.0,849.8679889157143,0.0,1612.4106141917837,0.0,0.0,0.0,1277.1026481637148,0.0,5387.693531122457,3232616.118673479,4222701.569169872,81.16525476356508,84.78584183397945,0.3495897843707484,0.7666617460242114,0.360281374019659,84.78584183397945,0.354264781943887,4222701.569169872,0.22567381493016676 
 02/24  19:00:00,8.46,84.0,6.26,0.0,0.0,0.0,0.0,0.0,0.0,0.0,0.0,4.0,0.0,0.0,0.0,692.0,0.0,0.0,0.0,0.0,0.0,0.0,0.0,0.0,0.0,0.0,0.0,21.015945788456756,-840.3822814761104,21.020683458732856,-109.65948633132126,20.80953639061027,-591.5885789872514,19.929780228156689,197.44310592094463,16.474710698348824,23.273511624972728,19.153810774133175,-159.7018428713311,17.748191441911588,95.20387423818284,18.763948210768946,-236.9550028295684,16.532565814129297,-21.75612658731825,823.9318431637289,925.2256601280933,0.0,0.0,0.0,0.0,0.0,0.0,0.0,0.0,0.0,0.0,0.0,0.0,0.0,0.0,0.0,0.0,0.0,0.0,0.0,0.0,0.0,0.0,1.1425153822225727,0.3487531691766095,193.9648495980521,225.4814869283579,4973.990920547303,0.11408767111977386,0.017412648217303707,22.89023463234227,26.6060928178589,587.1032684729921,1.2734243200645122,0.24063195768414825,269.50644942193738,313.7666068964842,6870.064760603593,0.29826053818086298,0.056360645914751098,250.7566499947727,292.7749418378102,6025.338600099401,0.0,0.0,10.022598651901273,11.866527181833617,161.41800775997099,0.0,0.0,66.13778986663172,77.58365347484643,1407.3680148991553,0.0,0.0,302.3236471483389,355.97251200820758,5794.470108526761,0.0,0.0,43.30534223342236,50.55329395843935,1031.8565916525004,0.0,0.0,208.22804013279143,246.54445157346818,3345.832636517545,38.08103882863587,26.11868232416727,275.4488275802238,323.0966783863729,6655.768464442048,0.0,0.0,212.73134773111324,251.97522372206124,3375.2683116166738,968.2343813051028,21.506463891204555,38.56979221256096,21.5,30.0,0.0,21.45470018224548,46.19356167597175,21.0,30.0,899.6875309787947,21.34711147533104,38.719195222803048,21.25,30.0,0.0,20.632763276450178,40.300452605285027,16.0,30.0,0.0,16.5045530727217,51.0356204755485,12.0,30.0,408.84772109850959,19.19204533671323,43.631431794147129,19.0,30.0,0.0,18.0887098501979,46.886012849169947,10.0,30.0,800.2320465574127,20.538803188312899,40.010476935448149,20.45,30.0,0.0,16.485396958244207,51.57657460648725,16.0,30.0,0.0,19.180458666723767,0.0,0.0,0.0,16.367224978713208,0.0,0.0,643.2293872183004,1072.261685142388,629.6903143360614,623.0549537429841,598.6924391940931,621.1021282981463,624.771845602357,614.6051396062659,615.4943544050851,9895.236263342245,81.46183508033931,83.47554915649536,240.0,0.0,240.0,240.0,21.0,16.0,19.0,16.0,19.7,12.0,21.0,10.0,1.0,0.0,968.2343813051028,0.0,899.6875309787947,0.0,408.84772109850959,0.0,800.2320465574127,0.0,3047.0041949709409,1828202.5169825645,2374010.059207324,81.46183508033931,83.50974870658044,0.3565668064990314,0.7699789545304066,0.36028137401965956,83.50974870658044,0.3542647819438875,2374010.059207324,0.12963518974544753 
 02/24  19:10:00,8.473333333333335,84.16666666666667,6.373333333333333,0.0,0.0,0.0,0.0,1.0,2.0,0.0,0.0,4.0,0.0,0.0,0.0,1384.0,0.0,0.0,0.0,0.0,0.0,0.0,0.0,0.0,0.0,0.0,0.0,21.040499940239536,-841.7121495662672,20.995861699728495,-110.45248698183086,20.988030363206194,-884.6876267313679,19.869128696014426,387.09927664294767,16.489925542252658,22.949373029294415,19.514860810130423,-62.88650477049187,17.70791641736668,33.587042275464458,18.6437357581946,-190.03669910260096,16.526519326246338,-47.22605221794299,835.191016902882,888.0185509163146,0.0,0.0,0.0,0.0,0.0,0.0,0.0,0.0,0.0,0.0,0.0,0.0,0.0,0.0,0.0,0.0,0.0,0.0,0.0,0.0,0.0,0.0,1.156590961601677,0.353049744078656,185.17929717848529,215.64597478868786,4803.147623747602,0.12300184130903738,0.018773174802966635,23.055358395781157,26.80499240424445,589.5716190079647,1.223415958716262,0.23118215395243053,297.80307933039105,346.7552308063574,7633.01164838252,0.31254670281066207,0.05906022350919538,302.3901212701805,353.2588314061037,7200.066564193201,0.0,0.0,10.014704060059083,11.863156077677754,161.25164460084236,0.0,0.0,13.904660735041582,16.276679003518479,314.73197759090535,0.0,0.0,244.17663233603174,287.73195410816609,4636.249229116599,0.0,0.0,40.453690964137,47.31896947687301,929.1226061411519,0.0,0.0,202.54528283894499,239.93184887082186,3247.0694952450837,38.44236011943555,26.366502139530568,305.90111381826997,359.0034987161595,7292.882289281231,0.0,0.0,206.7987254448568,245.142335982567,3237.1374430647936,1161.2979927602424,21.551745903907109,38.60507692000965,21.625,30.0,0.0,21.426362719843256,46.54222719859795,21.0,30.0,1112.0883555752785,21.44326422298903,38.458915060048479,21.25,30.0,0.0,20.547817240083398,40.765630967832517,16.0,30.0,0.0,16.518060720605793,51.30047788835997,12.0,30.0,339.2472577956173,19.920561700376248,43.15778194718702,19.375,30.0,0.0,18.01017900358769,47.34374452966361,10.0,30.0,824.576667995401,20.076804425322608,42.103240619549627,20.325,30.0,0.0,16.481511071614535,51.91570381214211,16.0,30.0,0.0,19.155504974175455,0.0,0.0,0.0,16.273181161253626,0.0,0.0,642.2961990862987,1083.0234865071389,617.7118659588213,629.2472076852844,608.2811698651279,710.0590176695703,627.2624138300098,664.057117570411,623.981228011731,9733.97804988534,81.5685255055043,84.32719664236925,270.0,0.0,270.0,270.0,21.0,16.0,19.0,16.0,19.7,12.0,21.0,10.0,1.0,0.0,1161.2979927602424,0.0,1112.0883555752785,0.0,339.2472577956173,0.0,824.576667995401,0.0,4174.676577964273,2504805.946778564,3261154.613407136,81.5685255055043,84.37404803643287,0.3516558859321425,0.7688143425204096,0.36028137401965956,84.37404803643287,0.3542647819438875,3261154.613407136,0.17664503989717107 
 02/24  19:20:00,8.486666666666669,84.33333333333334,6.486666666666667,0.0,0.0,0.0,0.0,1.0,2.0,0.0,0.0,4.0,0.0,0.0,0.0,346.0,0.0,0.0,0.0,0.0,0.0,0.0,0.0,0.0,0.0,0.0,0.0,21.06768526220323,-506.49691747261297,20.971802579399069,-91.11464398539704,21.345033737679484,-2367.2264069837,20.02411563845697,618.0524321695721,16.504412790000303,20.3995660143851,19.38029365968109,-62.879625636972409,17.640224403221294,80.67265493224113,19.16781313949911,-281.93362126548416,16.501843131751849,-48.68644250019179,930.4585767960134,913.9019220139062,0.0,0.0,0.0,0.0,0.0,0.0,0.0,0.0,0.0,0.0,0.0,0.0,0.0,0.0,0.0,0.0,0.0,0.0,0.0,0.0,0.0,0.0,1.1788088632268435,0.3598317653317593,214.64042431106393,249.09022995948303,5624.257540579632,0.1527708586981774,0.02331667562548495,19.494255252173415,22.630418915434825,498.2567843236167,1.0873478469082292,0.20547011468409477,459.04045498017129,531.8717164753264,12279.607481037656,0.3222879696150054,0.06090097687358377,369.80983633921667,430.5018904724586,9013.882346419965,0.0,0.0,9.973107783590912,11.788540965802376,160.60133612394606,0.0,0.0,13.297323464592275,15.53822621569234,294.65313981372148,0.0,0.0,240.3876243274188,282.8019159465405,4505.551148068514,0.0,0.0,45.64971382824588,53.11997357814668,1121.8333938298379,0.0,0.0,200.7771778963375,237.38453198273136,3200.4923434864278,38.92102890974449,26.694807208329565,449.09028798698736,524.6787651702798,10793.149382673924,0.0,0.0,205.4964339688131,243.1114059320965,3206.5517435123,815.6706206662258,21.741675999994095,38.101194982469468,22.0,30.0,0.0,21.396615015939348,46.97759706432731,21.0,30.0,2853.858914394753,22.1444116104717,36.83183371037016,22.0,30.0,0.0,20.8342384461851,40.06129579085412,16.0,30.0,0.0,16.53104149776034,51.60750591941559,12.0,30.0,0.0,19.684295126863075,46.08723651114629,19.0,30.0,0.0,17.897129818437859,47.80082895869202,10.0,30.0,1054.373510878436,20.939234422214029,40.43589052354441,20.7,30.0,0.0,16.447051971447185,52.28728188823807,16.0,30.0,0.0,19.58911471706255,0.0,0.0,0.0,16.26023450806849,0.0,0.0,637.3503873996638,1097.3946332161882,613.1999557805395,625.4516228560872,618.3029326230515,846.0490716460226,630.475273287012,687.0707567805762,631.8778939223782,7243.416620040489,83.21525758495031,83.21525758495031,270.0,0.0,270.0,270.0,21.0,16.0,19.0,16.0,19.7,12.0,21.0,10.0,1.0,0.0,815.6706206662258,0.0,2853.858914394753,0.0,0.0,0.0,1054.373510878436,0.0,0.0,0.0,0.0,83.21525758495031,83.21525758495031,0.34,0.7677094456249963,0.36028137401965956,83.21525758495031,0.3542647819438875,0.0,0.0069900000000000009 
 02/24  19:30:00,8.5,84.5,6.6,0.0,0.0,0.0,0.0,1.0,2.0,0.0,0.0,4.0,0.0,0.0,0.0,867.0,0.0,0.0,0.0,0.0,0.0,0.0,0.0,0.0,0.0,0.0,0.0,21.082719502711549,-427.17099904657507,20.964926773473935,-99.98883249835773,21.106915054065277,-1216.5737272355482,20.11371989360891,266.77852046923058,16.516225100934976,20.260131448922384,19.288903742525748,-55.18160150808765,17.63265770356653,70.99276500449906,18.830704070969163,-219.38135888255958,16.486610251628365,-46.1279665607548,822.7190036581045,887.633642186381,0.0,0.0,0.0,0.0,0.0,0.0,0.0,0.0,0.0,0.0,0.0,0.0,0.0,0.0,0.0,0.0,0.0,0.0,0.0,0.0,0.0,0.0,1.1936711180072548,0.36436847314018769,171.7069430428342,199.77055526369248,4431.944194824919,0.13160226106053997,0.020085815180180094,21.83123215854186,25.36755032082657,556.0562365597485,1.1793447845209318,0.22285426767213382,301.69173828348655,351.02224544381559,7750.340234632406,0.2837179162085446,0.05361260699330017,239.36715018914595,279.07196166308378,5857.696874017384,0.0,0.0,10.008018071209586,11.846266743884386,161.02213169514926,0.0,0.0,13.934583298290543,16.31419638461911,304.8557910327591,0.0,0.0,236.38070419666483,278.4843923727735,4414.2705733664129,0.0,0.0,45.15053272038562,52.7818157316946,1041.4617845768972,0.0,0.0,196.77728178182088,232.9899036220596,3124.4301477175465,39.17121719605164,26.86640411251828,288.37719463705948,337.84274604109018,7112.353900961438,0.0,0.0,201.49422680228026,238.75423860276534,3117.588642255385,742.7919978881312,21.550114751740414,38.94924856600443,21.200000000000004,30.0,0.0,21.39253497064599,47.427305621967779,21.0,30.0,1533.1501705657157,21.51726602807896,38.39410424443986,21.4,30.0,0.0,20.895470589573877,40.08238752916349,16.0,30.0,0.0,16.54034966978985,51.837681151977047,12.000000000000002,30.0,0.0,19.55260337616497,47.57021088499163,19.0,30.0,0.0,17.877718158777726,48.261000991249,10.0,30.0,251.73695817664089,20.153766586804414,42.68293576236491,19.7,30.0,0.0,16.431168624489965,52.776087186851118,16.0,30.0,0.0,19.27068767177289,0.0,0.0,0.0,16.207211361357016,0.0,0.0,655.4845840669293,1119.6862167841455,612.9324732829712,630.8636634102273,626.4406110638962,909.8886624444517,644.6237170775937,692.8123974351534,646.4871865805791,5603.192146699749,81.93726081668358,81.93726081668358,270.0,0.0,270.0,270.0,21.0,16.0,19.0,16.0,19.7,12.0,21.0,10.0,1.0,0.0,742.7919978881312,0.0,1533.1501705657157,0.0,0.0,0.0,251.73695817664089,0.0,0.0,0.0,0.0,81.93726081668358,81.93726081668358,0.20400000000000002,0.43201853547059679,0.21616882441179575,81.93726081668358,0.21255886916633252,0.0,0.006914999999999999 
 02/24  19:40:00,8.513333333333334,84.66666666666667,6.713333333333334,0.0,0.0,0.0,0.0,1.0,2.0,0.0,0.0,4.0,0.0,0.0,0.0,696.0,0.0,0.0,0.0,0.0,0.0,0.0,0.0,0.0,0.0,0.0,0.0,20.987262169997856,-633.2479633789648,20.945892533119215,-112.79664014595037,21.000575025854574,-685.6763104371407,20.002575332863957,183.60549042953267,16.52771368649914,18.98955659108927,19.21085518064003,-48.41099608792726,17.610353682668348,43.248056328065107,19.035945188432885,-264.5397588507081,16.463418866874279,-58.64072115429644,768.1153596942731,920.8533986031609,0.0,0.0,0.0,0.0,0.0,0.0,0.0,0.0,0.0,0.0,0.0,0.0,0.0,0.0,0.0,0.0,0.0,0.0,0.0,0.0,0.0,0.0,1.190991101551763,0.36355039729907298,140.78676143333483,163.79587936434514,3599.3268377168844,0.10605879321103799,0.016187239501074179,24.858778790449155,28.871769116087344,630.046197181502,1.1911881721591525,0.2250922471956071,227.4552362635025,264.76156908295857,5780.486739586723,0.278151595222926,0.05256077007235939,237.4455654930661,277.0423894283139,5698.861200060189,0.0,0.0,9.709846687990295,11.48855541016936,156.1370341337416,0.0,0.0,13.340841221362672,15.615711982538894,288.6656458766568,0.0,0.0,234.92285518114148,276.7019908675014,4358.655622464377,0.0,0.0,47.4756805438785,55.38802264479723,1124.2648482982596,0.0,0.0,197.65958013632338,233.9546119745373,3119.9055527222528,39.36621049494817,27.000144372392446,234.21902763225928,274.7619100139655,5734.617349825344,0.0,0.0,202.59290980126867,239.97515170525029,3113.7919369063399,687.8799955353923,21.36538576708952,39.6177034775037,21.25,30.0,0.0,21.36470907218816,47.28525206801891,21.0,30.0,969.5188283791541,21.414128718407868,38.85747193085329,21.25,30.0,0.0,20.680704412872517,40.676865782130409,16.0,30.0,0.0,16.549933463448828,52.19056095456112,12.0,30.0,0.0,19.44134897712923,49.02818486900419,19.0,30.0,0.0,17.829077461786289,48.76986334891021,10.0,30.0,796.4535552390407,20.521527698994558,41.98072885167624,20.45,30.0,0.0,16.397181411351533,53.31770711313143,16.0,30.0,0.0,19.08426074941134,0.0,0.0,0.0,16.16992840415421,0.0,0.0,660.2903846251293,1100.882836974548,620.160860074554,626.0144410445985,639.1668188124722,974.0273866681972,656.9702142951428,706.4581418858152,660.428189352602,8780.478359509203,82.19909609756114,83.91151322280732,270.0,0.0,270.0,270.0,21.0,16.0,19.0,16.0,19.7,12.0,21.0,10.0,1.0,0.0,687.8799955353923,0.0,969.5188283791541,0.0,0.0,0.0,796.4535552390407,0.0,2591.581135601189,1554948.6813607135,2014051.7174998136,82.19909609756114,83.94059575042872,0.341386037853373,0.7685400189488948,0.36028137401965956,83.94059575042872,0.3542647819438875,2014051.7174998136,0.11157068930999033 
 02/24  19:50:00,8.526666666666666,84.83333333333334,6.826666666666667,0.0,0.0,0.0,0.0,1.0,2.0,0.0,0.0,4.0,0.0,0.0,0.0,870.0,0.0,0.0,0.0,0.0,0.0,0.0,0.0,0.0,0.0,0.0,0.0,21.056025234778724,-826.5454423049184,20.927915651153435,-103.1659489302997,21.048368587094204,-691.6594091522306,19.91742888955526,298.1736450181874,16.53881731196899,19.45919818383693,19.150175334379435,-52.46760358960369,17.617765999604388,86.04861933141763,18.923403117018184,-214.68674096638766,16.441860091159144,-66.6405687425533,834.1608767527129,887.861897990426,0.0,0.0,0.0,0.0,0.0,0.0,0.0,0.0,0.0,0.0,0.0,0.0,0.0,0.0,0.0,0.0,0.0,0.0,0.0,0.0,0.0,0.0,1.138185784328759,0.3474315580979118,179.45184723689833,208.770964627792,4601.971236532265,0.12177524028812295,0.018585964634939404,22.206075564267544,25.79404337733129,561.9485124887837,1.2229359442691954,0.2310914482746024,273.72007870229018,318.62847039426057,6935.58486224644,0.30179444086965337,0.057028427979904258,280.6341702089783,327.6008025262901,6654.5874012058279,0.0,0.0,10.109024164143158,11.961891872287568,162.46452050265993,0.0,0.0,14.125889699405743,16.54094802805098,303.0531642990767,0.0,0.0,240.66481198137556,283.4537258003658,4473.062057615449,0.0,0.0,42.4906128206288,49.649018445775229,974.8390502350078,0.0,0.0,198.37716366572026,234.84125554859794,3114.326282164763,39.75082436524548,27.263939893858365,278.5927306998391,326.8746593352996,6640.445264524853,0.0,0.0,202.72140449152409,240.18577149372818,3089.7212541404626,947.2930849174838,21.504005062059993,39.31800452078613,21.6,30.0,0.0,21.343477502220677,47.40949229575979,21.0,30.0,926.0235764601741,21.415887245149248,39.000250511961997,21.200000000000004,30.0,0.0,20.55411604920626,41.209773877538278,16.0,30.0,0.0,16.560186816694878,52.550191378994387,12.000000000000002,30.0,0.0,19.360165827365088,50.01855528677569,19.0,30.0,0.0,17.86048897557332,48.960702218288897,10.0,30.0,772.9573573237026,20.131791262662405,43.31975756951592,20.3,30.0,0.0,16.368235040242227,53.83039353299344,16.0,30.0,0.0,19.05562749891155,0.0,0.0,0.0,16.118217906962145,0.0,0.0,655.7514591391916,1100.603467243605,622.0941523477497,631.1916645497595,651.9789551404036,1014.8443170149466,664.0038534853549,719.7664858481732,673.0648182261714,10069.945649884274,81.3464380102938,84.13783777749339,270.0,0.0,270.0,270.0,21.0,16.0,19.0,16.0,19.7,12.0,21.0,10.0,1.0,0.0,947.2930849174838,0.0,926.0235764601741,0.0,0.0,0.0,772.9573573237026,0.0,4224.439781494421,2534663.868896653,3303716.962425053,81.3464380102938,84.18524501235169,0.3448146593831474,0.7688524370629551,0.36028137401965956,84.18524501235169,0.35426478194388757,3303716.962425053,0.17867828204610276 
 02/24  20:00:00,8.54,85.0,6.94,0.0,0.0,0.0,0.0,1.0,2.0,0.0,0.0,4.0,0.0,0.0,0.0,1392.0,0.0,0.0,0.0,0.0,0.0,0.0,0.0,0.0,0.0,0.0,0.0,21.26905820598693,-1478.8018594593614,20.91782628651373,-86.28508870091074,21.041459900952526,-307.77989957495358,19.91961692134519,361.28997034076749,16.55006284008135,20.242409345511157,19.0956513287288,-61.85707661232567,17.647374518017686,138.4765962513452,18.896672379836038,-227.2064308978489,16.424711766349117,-49.58758135228186,884.3418454461591,917.2222857510411,0.0,0.0,0.0,0.0,0.0,0.0,0.0,0.0,0.0,0.0,0.0,0.0,0.0,0.0,0.0,0.0,0.0,0.0,0.0,0.0,0.0,0.0,1.0923040154606437,0.33342613414549568,268.8579539325685,312.3343886551389,7036.110249228041,0.1527250857615413,0.023309689524044769,18.134725111772228,21.083499605236999,459.4310606743249,1.2634705933201865,0.23875105693881089,292.3244395479803,340.39133583036007,7381.677575880387,0.32332397327643005,0.06109674476123014,308.81508155326568,360.53710997384288,7317.892589252601,0.0,0.0,10.6664653223541,12.62242471815068,171.35557671003955,0.0,0.0,15.140362461185797,17.736111185630013,322.3455167704979,0.0,0.0,249.76798912777475,294.1745655678191,4661.0994170241769,0.0,0.0,43.25184739586058,50.54972867277444,997.219895491595,0.0,0.0,203.1959208710691,240.62018301543993,3176.6873802881625,40.2332369955437,27.594812754145214,305.4883182398197,358.45479482708006,7216.705048927456,0.0,0.0,207.58214734290812,245.98537894350947,3168.491688107049,1800.3565881404146,21.841873569297929,38.302720629061,22.0,30.0,0.0,21.334843961906434,48.031231602430739,21.0,30.0,0.0,21.33971161446713,39.366076132836138,21.0,30.0,0.0,20.56620650590105,41.385444022795827,16.0,30.0,0.0,16.5716521162597,52.84973526891465,12.0,30.0,0.0,19.290179636878894,50.60495497927833,19.0,30.0,0.0,17.91573482641031,49.007033408219268,10.0,30.0,247.04877542534985,20.189516631608087,43.479781680107297,19.95,30.0,0.0,16.349352582243406,54.25599299103071,16.0,30.0,0.0,19.096326006803165,0.0,0.0,0.0,16.145423525586489,0.0,0.0,633.966522054264,1133.6035824397405,626.4985761859826,635.51256907877,660.7892989294551,1033.3289184618596,665.7091874603747,727.5683654830032,681.2303877252316,9386.774328525333,81.79823772922683,82.6464744813909,270.0,0.0,270.0,270.0,21.0,16.0,19.0,16.0,19.7,12.0,21.0,10.0,1.0,0.0,1800.3565881404146,0.0,0.0,0.0,0.0,0.0,247.04877542534985,0.0,1283.7378730446934,770242.723826816,997597.5808221945,81.79823772922683,82.66088035739542,0.3402912624348231,0.7692318745153923,0.36028137401965956,82.66088035739542,0.3542647819438875,997597.5808221945,0.058805074202754107 
 02/24  20:10:00,8.538333333333333,84.83333333333334,6.988333333333334,0.0,0.0,0.0,0.0,0.0,2.0,0.0,0.0,4.0,0.0,0.0,0.0,696.0,0.0,0.0,0.0,0.0,0.0,0.0,0.0,0.0,0.0,0.0,0.0,21.238933671421376,-1624.3804856086036,20.91216060714187,-100.40260770109416,20.601963144140997,131.0391597318494,19.87802911937507,242.4448440246597,16.562172670886747,20.254539864359587,19.135464496445239,-60.18930496805571,17.705601308242906,94.71131381206306,18.251158829049645,-101.0378593732413,16.413630583829183,-61.58980624873175,831.9036150970105,881.3665550402727,0.0,0.0,0.0,0.0,0.0,0.0,0.0,0.0,0.0,0.0,0.0,0.0,0.0,0.0,0.0,0.0,0.0,0.0,0.0,0.0,0.0,0.0,1.0982041019720366,0.3352271373541015,307.3440819213363,357.0530910651672,7960.606664953719,0.1308928377464781,0.019977539338595565,20.998244706627717,24.383975607728695,530.6472320393539,1.3346812613627277,0.25220734341699327,262.2981332979315,305.435628901179,6484.80854587785,0.321382339915441,0.06072984503315211,277.7198747538174,324.02410388776027,6532.551274868127,0.0,0.0,10.418344935420093,12.318601013150222,167.66374282478808,0.0,0.0,14.571220009860739,17.053173656108539,311.52571499829,0.0,0.0,254.2370428737632,299.1201659166526,4782.831902110806,0.0,0.0,32.95660297078396,38.65317074098825,685.5007539615189,0.0,0.0,203.32058212886083,240.5845402406927,3174.141919722719,40.284643410062219,27.63007092596861,277.3934894537483,325.29969539124468,6568.849150929888,0.0,0.0,206.6712131895831,244.78615806566959,3119.593158822589,1783.5274016221336,21.703486167113299,38.70432935186069,22.0,30.0,0.0,21.3293284552281,48.71950539457864,21.0,30.0,0.0,21.05803704316663,40.206188692881017,21.0,30.0,0.0,20.470473574700919,41.8285232656792,16.0,30.0,0.0,16.585266005721498,53.059117355897679,12.0,30.0,0.0,19.33698884690741,50.549161869779428,19.0,30.0,0.0,17.994261384176473,48.86809612225491,10.0,30.0,0.0,18.990117823718486,46.30990338343943,12.0,30.0,0.0,16.336885211985565,54.44231124790612,16.0,30.0,0.0,18.99446598932898,0.0,0.0,0.0,16.0571360167246,0.0,0.0,634.0910147311862,1171.0396528676475,632.2757766429545,643.2039320477453,664.4472787430688,1036.3885456182186,665.0211323785107,693.3640255658764,680.7651046490172,9090.507554300932,81.99410281145308,81.99410281145308,570.0,0.0,570.0,570.0,21.0,16.0,19.0,16.0,12.0,12.0,21.0,10.0,1.0,0.0,1783.5274016221336,0.0,0.0,0.0,0.0,0.0,0.0,0.0,0.0,0.0,0.0,81.99410281145308,81.99410281145308,0.34,0.7707582470892376,0.36028137401965956,81.99410281145308,0.3542647819438875,0.0,0.014724999999999999 
 02/24  20:20:00,8.536666666666666,84.66666666666667,7.036666666666668,0.0,0.0,0.0,0.0,0.0,2.0,0.0,0.0,4.0,0.0,0.0,0.0,348.0,0.0,0.0,0.0,0.0,0.0,0.0,0.0,0.0,0.0,0.0,0.0,21.209963557481254,-1587.250534788127,20.89641502780824,-110.424894597111,20.526941769923505,134.03401998834034,19.80913869227049,243.5114913436082,16.572866799571533,19.44419211382794,19.202140622866417,-60.67490776591228,17.700461781484309,81.29741806155562,17.772615235284776,-38.86268155490171,16.390889438201229,-67.79246106386109,815.5337888088025,857.3015475252059,0.0,0.0,0.0,0.0,0.0,0.0,0.0,0.0,0.0,0.0,0.0,0.0,0.0,0.0,0.0,0.0,0.0,0.0,0.0,0.0,0.0,0.0,1.1130695922421077,0.3397648327967362,307.298433680505,356.64974208691549,7891.632336060288,0.1172078662075724,0.01788886846879921,22.810814587261434,26.450005008246145,574.9086389133147,1.3464083309984579,0.25442334297023019,254.89238492015799,296.3912046710808,6275.686258496554,0.3212914393775919,0.06071266806076943,273.54863950938548,318.78058652814317,6372.502998536349,0.0,0.0,10.131007400993635,11.960518427245607,163.2988650701722,0.0,0.0,13.91741707727087,16.254638441096494,300.4165870544354,0.0,0.0,254.4237656864422,298.92918076802178,4776.635616870347,0.0,0.0,24.620984163677478,28.915211462475687,473.6774414115052,0.0,0.0,201.19568884433768,237.75122075074695,3128.8696176025898,40.33402711414183,27.663941779246814,270.3947863707766,316.7011169696587,6365.082207096538,0.0,0.0,203.67521849947884,240.95682157723076,3041.9832365263157,1744.990488558451,21.582976166170114,39.10027880447646,22.0,30.0,0.0,21.305717898547586,48.57202467143408,21.0,30.0,88.36409808770338,20.998881102604494,40.45521298588301,21.0,30.0,0.0,20.350482347773846,42.250175487543007,16.0,30.0,0.0,16.59653736694415,53.20448887882681,12.0,30.0,0.0,19.44252234604608,50.45305087374216,19.0,30.0,0.0,17.972499147310026,48.996534795711237,10.0,30.0,0.0,18.19501369386683,48.38230926306579,12.0,30.0,0.0,16.304053415659696,54.570174953456248,16.0,30.0,0.0,18.894902316215935,0.0,0.0,0.0,15.97363551029094,0.0,0.0,639.0135269668858,1153.4780453087797,636.3316104877665,647.2464255126556,666.3029178791397,1046.5252886771082,664.7330690848421,675.0146572172255,677.181733676365,8737.985000203538,82.22725892677519,82.22725892677519,570.0,0.0,570.0,570.0,21.0,16.0,19.0,16.0,12.0,12.0,21.0,10.0,1.0,0.0,1744.990488558451,0.0,88.36409808770338,0.0,0.0,0.0,0.0,0.0,0.0,0.0,0.0,82.22725892677519,82.22725892677519,0.34,0.770695398379752,0.36028137401965956,82.22725892677519,0.3542647819438875,0.0,0.014598333333333333 
 02/24  20:30:00,8.535,84.5,7.085000000000001,0.0,0.0,0.0,0.0,0.0,2.0,0.0,0.0,4.0,0.0,0.0,0.0,696.0,0.0,0.0,0.0,0.0,0.0,0.0,0.0,0.0,0.0,0.0,0.0,21.273076691465478,-950.9068427060825,20.89082370133748,-76.45100689271377,21.227263264215798,-1501.821853027523,19.99022441616366,640.9348250639514,16.581556039267157,19.955339730247318,19.24072270986339,-66.36305801349441,17.70664166372422,111.41745966004737,17.522395689056674,-18.059641699647658,16.364434960575346,-91.2756847774233,970.8678679755931,837.7950121377221,0.0,0.0,0.0,0.0,0.0,0.0,0.0,0.0,0.0,0.0,0.0,0.0,0.0,0.0,0.0,0.0,0.0,0.0,0.0,0.0,0.0,0.0,1.1755427145261597,0.3588347724438827,287.9989509989322,334.51796017638238,7468.500503482308,0.18009199572693966,0.027486568334392497,18.26280775235004,21.22417282928108,462.09344612774319,1.1806400474324255,0.2230990263477751,411.27871913285937,477.4472668554073,10793.11363354578,0.3365534842808126,0.06359665235843018,357.88267995433417,416.97939081192586,8605.31331073572,0.0,0.0,10.587052293698023,12.509783204390894,170.7979022528939,0.0,0.0,15.25226491559608,17.825983877019675,330.83905740721647,0.0,0.0,255.4662332105632,300.4518347930704,4800.5624012544299,0.0,0.0,15.637429826409602,18.409041056672927,289.6529654679655,0.0,0.0,198.53880241143936,234.89403184415486,3071.9347719789986,40.77552814115492,27.966754554975947,416.30180498362207,487.2378451994973,9870.942013208736,0.0,0.0,200.10769945644373,237.04333489050627,2961.9989365100225,1007.7672656093464,21.68814631162503,38.98626709059061,21.75,30.0,0.0,21.303400807728857,48.813662501837558,21.0,30.0,2103.0615121681087,21.878072490577396,38.356957724034597,21.5,30.0,0.0,20.728204124730163,41.268473965394949,16.0,30.0,0.0,16.604636238260814,53.31500621410931,12.0,30.0,0.0,19.498671008705054,50.448308013952509,19.0,30.0,0.0,17.981008807399449,49.055457060735438,10.0,30.0,0.0,17.830020340746974,49.492464202796629,12.0,30.0,0.0,16.264918294074684,54.7559581978708,16.0,30.0,0.0,19.369520352699518,0.0,0.0,0.0,15.905648751449438,0.0,0.0,645.6515200938823,1165.1647545899164,634.4330736126779,642.8290088073929,668.4038252848246,1051.1628627704577,664.4362030342768,671.8952859610087,674.3779031336461,6851.899453659009,81.74207396505808,81.74207396505808,570.0,0.0,570.0,570.0,21.0,16.0,19.0,16.0,12.0,12.0,21.0,10.0,1.0,0.0,1007.7672656093464,0.0,2103.0615121681087,0.0,0.0,0.0,0.0,0.0,0.0,0.0,0.0,81.74207396505808,81.74207396505808,0.255,0.578507280162702,0.27021103051474468,81.74207396505808,0.2656985864579156,0.0,0.014471666666666668 
 02/24  20:40:00,8.533333333333332,84.33333333333334,7.133333333333335,0.0,0.0,0.0,0.0,0.0,2.0,0.0,0.0,4.0,0.0,0.0,0.0,350.0,0.0,0.0,0.0,0.0,0.0,0.0,0.0,0.0,0.0,0.0,0.0,21.22022464039534,-881.1739741832596,20.901324344026187,-87.440759331469,20.77754489403334,-804.6576536475122,19.993345211984996,45.97319725828129,16.59142525716451,19.567269432865119,19.271678819816225,-62.89878600382838,17.701571310012065,53.46485153613412,17.305272689924789,-14.707921570988362,16.335198532050709,-76.43552919115791,925.6081935862612,854.1815577315724,0.0,0.0,0.0,0.0,0.0,0.0,0.0,0.0,0.0,0.0,0.0,0.0,0.0,0.0,0.0,0.0,0.0,0.0,0.0,0.0,0.0,0.0,1.1793244242381347,0.35998914048783117,227.09506855257789,263.01407518230817,5849.372155407859,0.1357004631155508,0.020711303894314839,21.148376681537806,24.490738699861688,534.3986992751958,1.333428533562659,0.2519706223663377,437.21181515245817,507.5477433774499,11004.047570443034,0.297911810077201,0.05629474869183691,273.6585838075205,318.641376063002,6567.737133430173,0.0,0.0,10.172765290312928,12.00457006666075,164.36156184016537,0.0,0.0,14.101713620913508,16.45891358986462,307.13992780227468,0.0,0.0,256.33687189854097,301.0785742540873,4803.3459771534339,0.0,0.0,12.854844743613482,15.124045848012285,230.04181135545634,0.0,0.0,199.68600195721798,235.94030787739087,3075.1228086913895,40.76860025032068,27.962002915171945,414.3118247022179,483.9994176086453,9804.053533041126,0.0,0.0,202.60444902924713,239.63973630419299,3003.066187933983,1184.0098107679988,21.5743373281648,39.55549200532111,21.5,30.0,0.0,21.324178457009635,49.480334032549908,21.0,30.0,1254.1068593672376,21.243955963947955,40.07528348290246,21.5,30.0,0.0,20.628224865150103,41.52899067779503,16.0,30.0,0.0,16.615783485670574,53.424514463487998,12.0,30.0,0.0,19.545713901917425,50.4067491836811,19.0,30.0,0.0,17.953736278107713,49.2969168068188,10.0,30.0,0.0,17.511745740371987,50.531056314754668,12.0,30.0,0.0,16.225424530576924,54.963815671667088,16.0,30.0,0.0,19.44487739382505,0.0,0.0,0.0,15.914862590404184,0.0,0.0,664.9485928118093,1206.1586050877259,645.1125026379934,640.7715931751775,670.0817738470423,1049.7622268541496,670.6774695767183,670.7511022517715,674.0407808550306,7580.811069356825,82.99169825059491,86.46132143456072,570.0,0.0,570.0,570.0,21.0,16.0,19.0,16.0,12.0,12.0,21.0,10.0,1.0,0.0,1184.0098107679988,0.0,1254.1068593672376,0.0,0.0,0.0,0.0,0.0,5250.877732947266,3150526.6397683599,4112560.6997738478,82.99169825059491,86.52024715458293,0.3450292577649089,0.7678400208661986,0.36028137401965956,86.52024715458293,0.3542647819438875,4112560.6997738478,0.22819815638824007 
 02/24  20:50:00,8.531666666666667,84.16666666666666,7.181666666666667,0.0,0.0,0.0,0.0,0.0,2.0,0.0,0.0,4.0,0.0,0.0,0.0,525.0,0.0,0.0,0.0,0.0,0.0,0.0,0.0,0.0,0.0,0.0,0.0,21.364154305994015,-1466.5163163499959,20.897134856858505,-87.16357245766197,20.9196823530792,-239.03601961176674,19.85785646340072,369.4491831466369,16.59844497238539,19.066568613139486,19.292595397112885,-70.5053233369351,17.704720773972178,111.31708953237173,17.14689669433283,-31.833337431772394,16.32285233781,-71.03954680908743,862.9581266068392,854.5756572310759,0.0,0.0,0.0,0.0,0.0,0.0,0.0,0.0,0.0,0.0,0.0,0.0,0.0,0.0,0.0,0.0,0.0,0.0,0.0,0.0,0.0,0.0,1.1391964713316288,0.3477400706140506,286.1614914511839,331.8097286162989,7454.086285595316,0.14943272657285129,0.02280719270037415,19.955680927104216,23.15662481151671,504.408035428788,1.3355373815068166,0.2523691197102831,305.67156198011318,355.2388775945992,7644.510001939989,0.33296503184591388,0.06291856232915988,298.21495754404227,347.56122083021458,7005.237819175454,0.0,0.0,10.471784282137272,12.363401470483428,169.321469123152,0.0,0.0,14.86762499152316,17.35803342420478,324.6229005925132,0.0,0.0,258.9925909930112,304.3723148212789,4860.542035997685,0.0,0.0,13.823606860399624,16.277218397208036,241.191804684514,0.0,0.0,196.403996213772,232.22809019874888,3020.183401201144,40.89844250985665,28.051057962864677,321.00876206260679,375.6995026867172,7600.881678010395,0.0,0.0,204.62028150233128,242.19868540184849,3023.938266873317,1684.9623095700009,21.8081329355185,38.74184815764097,22.000000000000019,30.00000000000002,0.0,21.317450163105307,49.12146674002718,21.000000000000015,30.00000000000002,0.0,21.249889034887013,39.99731348590843,21.000000000000015,30.00000000000002,0.0,20.44470790810656,42.21951771300253,16.000000000000015,30.00000000000002,0.0,16.622603989818836,53.52290296259521,12.00000000000001,30.00000000000002,0.0,19.574455648976028,50.484604511724047,19.000000000000015,30.00000000000002,0.0,17.96902223990339,49.2567351988406,10.000000000000007,30.00000000000002,0.0,17.294295399325877,51.3091326161782,12.00000000000001,30.00000000000002,0.0,16.214575815390078,55.137151703578307,16.000000000000015,30.00000000000002,0.0,19.163085618841806,0.0,0.0,0.0,15.892651218989358,0.0,0.0,645.1772272094573,1180.2458519496836,640.3583301175704,653.4687286403139,672.4932428831727,1054.7364134796556,666.6579829803155,672.6832972559485,676.9436162180982,8868.48092682595,82.14095267367482,82.14095267367482,570.0000000000005,0.0,570.0000000000005,570.0000000000005,21.0,16.0,19.0,16.0,12.0,12.0,21.0,10.0,1.0,0.0,1684.9623095700009,0.0,0.0,0.0,0.0,0.0,0.0,0.0,0.0,0.0,0.0,82.14095267367482,82.14095267367482,0.3400000000000003,0.7709734362153211,0.3602813740196598,82.14095267367482,0.3542647819438878,0.0,0.014186666666666667 
 02/24  21:00:00,8.53,84.0,7.23,0.0,0.0,0.0,0.0,0.0,2.0,0.0,0.0,4.0,0.0,0.0,0.0,525.0,0.0,0.0,0.0,0.0,0.0,0.0,0.0,0.0,0.0,0.0,0.0,21.32274403899519,-965.3543815394761,20.886436782770227,-105.21454404019858,21.134082766411564,-1372.4330824452152,19.894062090219359,446.0061380321704,16.60512055420527,18.896719740898197,19.309914974735805,-62.4366128203708,17.698222066826348,51.02452458351707,16.991410170930466,-42.31729428591267,16.31594718323087,-65.5171965889307,878.2743171659461,863.1974564208049,0.0,0.0,0.0,0.0,0.0,0.0,0.0,0.0,0.0,0.0,0.0,0.0,0.0,0.0,0.0,0.0,0.0,0.0,0.0,0.0,0.0,0.0,1.1661671384936208,0.3559728749980531,243.78927150957629,282.85738281695799,6268.49278161974,0.1354489800310046,0.02067292125015335,22.451654649823714,26.06501915488073,565.7432260640917,1.265637067871894,0.23916044366437934,374.1019276899667,433.4235128672821,9759.53788174851,0.33025730640840758,0.062406898414287179,320.37857233696857,372.92741027742428,7573.689072161634,0.0,0.0,10.12747146525457,11.954480442792411,163.8996262909648,0.0,0.0,14.769785169478294,17.242463175810188,323.2084460333121,0.0,0.0,258.4391889907568,303.69313167734387,4832.21836396113,0.0,0.0,19.008687863695245,22.40483105582825,324.01689492860978,0.0,0.0,192.71974752119298,227.81656350146205,2962.8460865910508,40.95685502905295,28.091121419103567,371.29920767439969,433.9158653131026,8776.703416218108,0.0,0.0,207.32113597090965,245.34717966969755,3063.0643758376456,1095.9343309588028,21.644354297374436,39.659292501356869,21.666666666666687,30.00000000000002,0.0,21.29765284269178,48.92900346583515,21.000000000000015,30.00000000000002,2120.682699710097,21.68112615274832,39.15056728019415,21.666666666666687,30.00000000000002,0.0,20.49326203166791,42.339470430094767,16.000000000000015,30.00000000000002,0.0,16.629784770466189,53.66992299183703,12.00000000000001,30.00000000000002,0.0,19.601220929913639,50.6794335282498,19.000000000000015,30.00000000000002,0.0,17.93259766178446,49.550832341888277,10.000000000000007,30.00000000000002,0.0,17.075828461672736,52.17994393752345,12.00000000000001,30.00000000000002,0.0,16.212465143057469,55.28060148025851,16.000000000000015,30.00000000000002,0.0,19.215420595833835,0.0,0.0,0.0,15.889589235801564,0.0,0.0,674.5702836390001,1163.066988121121,647.9852249022582,663.729795918011,676.0840655827728,1062.1684322274705,670.0178574161849,675.033810833912,676.497254203075,8031.289171587861,82.69443133924932,82.69443133924932,570.0000000000005,0.0,570.0000000000005,570.0000000000005,21.0,16.0,19.0,16.0,12.0,12.0,21.0,10.0,1.0,0.0,1095.9343309588028,0.0,2120.682699710097,0.0,0.0,0.0,0.0,0.0,0.0,0.0,0.0,82.69443133924932,82.69443133924932,0.3400000000000003,0.7700590132522756,0.3602813740196598,82.69443133924932,0.3542647819438878,0.0,0.014028333333333334 
 02/24  21:10:00,8.563333333333333,84.16666666666667,7.426666666666667,0.0,0.0,0.0,0.0,0.0,2.0,0.0,0.0,4.0,0.0,0.0,0.0,700.0,0.0,0.0,0.0,0.0,0.0,0.0,0.0,0.0,0.0,0.0,0.0,21.272441181503944,-711.6619313235457,20.88635309556826,-85.67513533177072,21.106914923945355,-1282.719139564077,20.037481892496566,362.64328620655308,16.610436816350139,18.637112550932288,19.320904131168157,-67.17915458160837,17.684821149295308,75.0833251215522,16.868456185982095,-40.35488668116574,16.30611753225221,-65.45388665208384,885.3910698298996,864.0610876217595,0.0,0.0,0.0,0.0,0.0,0.0,0.0,0.0,0.0,0.0,0.0,0.0,0.0,0.0,0.0,0.0,0.0,0.0,0.0,0.0,0.0,0.0,1.1767494521150304,0.35920312946124247,190.14135120184236,220.51527918917595,4877.824871053213,0.15711636940073604,0.023979909859697197,19.739253896960876,22.911547986249475,497.118445469542,1.264655875188214,0.2389750331043489,359.4534974246718,416.9768660030833,9254.10452026336,0.3196304877089897,0.06039880720124521,295.29122213221737,343.7686477364719,7072.3900006977169,0.0,0.0,10.32428114259939,12.19066542287967,166.4754975932056,0.0,0.0,14.991330275284638,17.505480136433098,327.4261183510586,0.0,0.0,261.17097443751205,307.0150514166075,4858.056408101536,0.0,0.0,20.68983095228071,24.40394272792261,344.6893710340547,0.0,0.0,191.9765799882691,227.0211686791826,2934.5996002710269,41.515780084604369,28.474471937314389,349.8770946505463,409.0166406030339,8383.921838834485,0.0,0.0,208.56121803310263,246.89404678297164,3066.0178516798148,929.3275535197304,21.554386763532177,40.19872432249556,21.5,30.0,0.0,21.30118416681536,49.3164588563995,21.0,30.0,1551.1780441850722,21.565780709118614,39.508969096603788,21.5,30.0,0.0,20.712873142950718,41.894596356401098,16.0,30.0,0.0,16.63515733734026,53.8167517098325,12.0,30.0,0.0,19.615637659960503,50.78063591974228,19.0,30.0,0.0,17.91869462196771,49.86445110802697,10.0,30.0,0.0,16.913760302866615,52.90245742319906,12.0,30.0,0.0,16.20294982284585,55.544864532963959,16.0,30.0,0.0,19.351122944052628,0.0,0.0,0.0,15.887784734086742,0.0,0.0,692.8128821207902,1183.9954086018905,651.1067323699389,668.9274688057979,679.2991155144353,1064.5690872619094,680.5773104282095,678.9457612754675,683.243779665471,8178.90757209642,82.59685443557132,82.59685443557133,570.0,0.0,570.0,570.0,21.0,16.0,19.0,16.0,12.0,12.0,21.0,10.0,1.0,0.0,929.3275535197304,0.0,1551.1780441850722,0.0,0.0,0.0,0.0,0.0,0.0,0.0,0.0,82.59685443557132,82.59685443557132,0.34,0.7682489693362583,0.36028137401965956,82.59685443557132,0.3542647819438875,0.0,0.01387 
 02/24  21:20:00,8.596666666666668,84.33333333333334,7.623333333333335,0.0,0.0,0.0,0.0,0.0,2.0,0.0,0.0,4.0,0.0,0.0,0.0,702.0,0.0,0.0,0.0,0.0,0.0,0.0,0.0,0.0,0.0,0.0,0.0,21.06988886674958,-280.8927330209831,20.87849543121344,-120.29559068879633,21.23479517444278,-1792.7055048952353,20.0373242263479,317.3532755387225,16.61438856644623,17.423702081014598,19.336501766146364,-48.33925110958765,17.614826428795497,-1.444561083539611,16.76455665228795,-37.98267251894541,16.296018274637956,-72.69123777372238,811.998941705217,825.1771306938363,0.0,0.0,0.0,0.0,0.0,0.0,0.0,0.0,0.0,0.0,0.0,0.0,0.0,0.0,0.0,0.0,0.0,0.0,0.0,0.0,0.0,0.0,1.285748138898581,0.3924750118738036,213.1136472466029,247.43597442284358,5362.08947914607,0.11651051006425646,0.017782434380991524,27.521137831007765,31.941819182457633,687.8959377283591,1.1588248692577715,0.21897673266397806,337.25555499541317,391.13237532963236,8595.189286999086,0.2802954394562093,0.05296588047169487,221.41015098678936,257.39631076686649,5286.594735244444,0.0,0.0,9.524943174226215,11.245278081348247,153.0053601066532,0.0,0.0,14.254884509508953,16.641140601288023,311.0984854475038,0.0,0.0,247.89332109878775,291.52156529501158,4525.624436981816,0.0,0.0,21.335837332976455,25.17994328869114,348.5956318026455,0.0,0.0,183.34123226428739,216.79226394863054,2786.2800463940704,41.76714350327919,28.646874830781348,328.4720386109824,383.61119062236505,7935.004350251376,0.0,0.0,201.32103261833454,238.358393861952,2916.73048932972,568.017269617853,21.27947760443769,41.30949187972145,21.25,30.0,0.0,21.284995038379518,48.775630710979239,21.0,30.0,2057.0703558597617,21.667221827269729,38.93978783694926,21.5,30.0,0.0,20.6830054344577,42.07159112811279,16.0,30.0,0.0,16.63890437183354,54.16983793324202,12.0,30.0,0.0,19.642477704176409,51.35087641870453,19.0,30.0,0.0,17.775029567331548,50.776481416374299,10.0,30.0,0.0,16.779866954923638,53.66010256854254,12.0,30.0,0.0,16.192153649906655,56.00222163404524,16.0,30.0,0.0,19.112281238772718,0.0,0.0,0.0,15.813420865474195,0.0,0.0,712.945896051198,1144.213512470729,622.2424794165239,668.6279962905235,692.3765483303632,1093.5891044302162,698.1206798236462,687.633843415349,696.4588661137885,7109.608165972753,82.07160089099196,83.99992753938894,570.0,0.0,570.0,570.0,21.0,16.0,19.0,16.0,12.0,12.0,21.0,10.0,1.0,0.0,568.017269617853,0.0,2057.0703558597617,0.0,0.0,0.0,0.0,0.0,2917.973633570446,1750784.1801422677,2274433.374914452,82.07160089099196,84.03267692748386,0.26726578778568157,0.5392457398789178,0.27021103051474468,84.03267692748386,0.2656985864579156,2274433.374914452,0.13214053549555153 
 02/24  21:30:00,8.629999999999999,84.5,7.82,0.0,0.0,0.0,0.0,0.0,2.0,0.0,0.0,4.0,0.0,0.0,0.0,528.0,0.0,0.0,0.0,0.0,0.0,0.0,0.0,0.0,0.0,0.0,0.0,21.335844514141735,-634.0692762978786,20.87159490922003,-88.98893932669685,21.27185457679351,-1680.7834740280535,20.09529933025441,378.43924586535936,16.616425335279524,17.31911787981031,19.347118507009676,-63.36693018951388,17.62332302253931,71.06874195922558,16.677138713604408,-38.30719164411132,16.277177984240333,-83.93010214870746,949.6602787381801,849.4353284394525,0.0,0.0,0.0,0.0,0.0,0.0,0.0,0.0,0.0,0.0,0.0,0.0,0.0,0.0,0.0,0.0,0.0,0.0,0.0,0.0,0.0,0.0,1.2240656161062842,0.3736464029628461,264.38699939212986,306.38197230480366,6809.101228676781,0.15607136066334519,0.023820415241658289,21.297788034399056,24.692430618167415,532.2262248633138,1.1870398773699516,0.22430836684995307,431.4583738675749,500.0656770516005,11097.4656232108,0.3030654827938625,0.05726860974940709,295.15152614069435,343.266846779208,7064.542747392248,0.0,0.0,10.132281416155479,11.955753298985492,162.108108987497,0.0,0.0,14.871504492260036,17.348007029779656,323.9316081311771,0.0,0.0,255.41658573374463,300.13318590141048,4667.548909594001,0.0,0.0,22.627217446269019,26.693521202371224,363.3064506272305,0.0,0.0,185.21342053480795,218.87442308667955,2792.690114278674,42.383868099176257,29.069868380779324,415.07780457399937,484.4876605389653,9928.332063420788,0.0,0.0,204.43188516088245,241.89067296722545,2940.6670951381418,1005.150942623724,21.79947890556211,39.53994879516839,21.333333333333326,29.99999999999999,0.0,21.277079305125839,48.836108052343828,20.999999999999994,29.99999999999999,2051.1229729066365,21.709123419415005,39.16370150333895,21.999999999999994,29.99999999999999,0.0,20.777524814305929,41.660418022876857,15.999999999999993,29.99999999999999,0.0,16.640351074057528,54.46517704800016,11.999999999999995,29.99999999999999,0.0,19.655587419229954,51.65627749191286,18.999999999999994,29.99999999999999,0.0,17.81858564110402,50.659811640848278,9.999999999999997,29.99999999999999,0.0,16.670293827738936,54.39823414786673,11.999999999999995,29.99999999999999,0.0,16.16561521159408,56.39826063580024,15.999999999999993,29.99999999999999,0.0,19.58120620083601,0.0,0.0,0.0,15.79417711959578,0.0,0.0,679.5330329367381,1141.6597549511565,639.8974958601245,654.9328025380507,702.2212839043087,1106.8559103985966,696.5467806978946,700.4485246220327,707.554687970704,9128.84294196891,81.96878885276003,81.96878885276003,569.9999999999998,0.0,569.9999999999998,569.9999999999998,21.0,16.0,19.0,16.0,12.0,12.0,21.0,10.0,1.0,0.0,1005.150942623724,0.0,2051.1229729066365,0.0,0.0,0.0,0.0,0.0,0.0,0.0,0.0,81.96878885276003,81.96878885276003,0.3399999999999999,0.7716859790399497,0.36028137401965945,81.96878885276003,0.35426478194388735,0.0,0.01387 
 02/24  21:40:00,8.663333333333334,84.66666666666667,8.016666666666668,0.0,0.0,0.0,0.0,0.0,2.0,0.0,0.0,4.0,0.0,0.0,0.0,529.0,0.0,0.0,0.0,0.0,0.0,0.0,0.0,0.0,0.0,0.0,0.0,20.865952775972184,-486.52543606965289,20.876829001859038,-85.98868110705607,21.135619822188589,-648.2259071458402,20.08355200012934,194.27043914327363,16.621322143718659,19.858442150265817,19.352571105691348,-58.73040015418297,17.61179155988869,51.510157222774669,16.604210219825036,-34.04172897650503,16.274652518718093,-42.925301178450357,843.9039571977785,908.3753493161618,0.0,0.0,0.0,0.0,0.0,0.0,0.0,0.0,0.0,0.0,0.0,0.0,0.0,0.0,0.0,0.0,0.0,0.0,0.0,0.0,0.0,0.0,1.245285769044581,0.3801238611247197,253.3626747222067,294.56042479499896,6202.12201120735,0.13958086845289945,0.021303551351175139,23.69392899574758,27.455936237582038,590.1108074719754,1.2649349599035694,0.23902777020097699,292.8100742415477,340.08312791973597,7328.049164487334,0.286867079131593,0.05420768691073187,217.2149932805246,252.7691093325157,5163.677450343985,0.0,0.0,10.031146920559646,11.835514343623782,159.9592473731691,0.0,0.0,14.890884998346579,17.370164319135037,323.57652866047837,0.0,0.0,265.5057964104799,312.0539603468372,4820.460332772809,0.0,0.0,25.562252022373249,30.170236231183304,404.45433683651148,0.0,0.0,192.53809996265506,227.5549877411562,2892.7287252624016,42.76218989820665,29.32934835267948,291.4331888228915,340.6988498894825,7097.327710412292,0.0,0.0,215.47678409466847,254.89215227770894,3135.5178235982946,154.04336603370559,21.068970097801125,41.576780499894287,21.000000000000008,30.00000000000001,0.0,21.28674079531272,48.891238164671779,21.000000000000008,30.00000000000001,988.949156036371,21.60813792038449,39.4219999092342,21.333333333333344,30.00000000000001,0.0,20.721240114576294,41.96607637919939,16.000000000000008,30.00000000000001,0.0,16.648335165659654,54.648046753007239,12.000000000000006,30.00000000000001,0.0,19.664183652357118,51.824183439836478,19.000000000000008,30.00000000000001,0.0,17.78979790247997,50.811968944728949,10.000000000000004,30.00000000000001,0.0,16.583274863564946,54.9130736561484,12.000000000000006,30.00000000000001,0.0,16.174369737026589,56.44720539281663,16.000000000000008,30.00000000000001,0.0,19.24096381758941,0.0,0.0,0.0,15.90449433576563,0.0,0.0,689.2797216629765,1142.7992267390383,637.3597853107967,660.645649209565,707.5870565624142,1111.7634122966959,694.4265910354764,705.2726969812429,705.630367074531,7023.997033766507,81.50258245392871,83.96856575327517,570.0000000000002,0.0,570.0000000000002,570.0000000000002,21.0,16.0,19.0,16.0,12.0,12.0,21.0,10.0,1.0,0.0,154.04336603370559,0.0,988.949156036371,0.0,0.0,0.0,0.0,0.0,3731.734932341428,2239040.959404855,2900175.1438944058,81.50258245392871,84.0104463362008,0.23772449774471436,0.46310117303195799,0.24018758267977323,84.0104463362008,0.23617652129592518,2900175.1438944058,0.16467910748250909 
 02/24  21:50:00,8.696666666666668,84.83333333333334,8.213333333333333,0.0,0.0,0.0,0.0,0.0,2.0,0.0,0.0,4.0,0.0,0.0,0.0,885.0,0.0,0.0,0.0,0.0,0.0,0.0,0.0,0.0,0.0,0.0,0.0,21.331710664950259,-1359.7082663443944,20.87302209273944,-86.97134460747984,21.072184284710909,-346.47300341566378,20.002368079412304,257.5503872763817,16.622190365919459,17.620284587949187,19.355056432011624,-72.51204298676288,17.639799423508899,123.01705014336841,16.547209488654887,-35.418216700984228,16.27314544267234,-73.91792485557198,901.9678853127298,867.8643572718672,0.0,0.0,0.0,0.0,0.0,0.0,0.0,0.0,0.0,0.0,0.0,0.0,0.0,0.0,0.0,0.0,0.0,0.0,0.0,0.0,0.0,0.0,1.1647541860918063,0.3555415708460947,285.8134634000268,331.40020735312916,7357.027648610643,0.15731554831327244,0.024010309571622779,19.581051276358264,22.727915170078,487.2763410523134,1.2986008889470083,0.2453894347972428,294.95404487528278,342.96222010833528,7278.1911575400849,0.3140690731989807,0.05934789742989052,279.25188979170869,325.2417301167132,6538.532430035968,0.0,0.0,10.548793825327392,12.450764398939402,167.48793101800846,0.0,0.0,15.367088281130549,17.9348349225129,332.92201991757477,0.0,0.0,262.3006486694452,308.28937672670727,4783.722925097555,0.0,0.0,25.63923587957687,30.27295260332208,400.721101076919,0.0,0.0,184.89333767283677,218.58668470963083,2765.1603983045799,43.20861257069936,29.635536742592167,300.3368523378336,351.6652252138073,7081.81825088717,0.0,0.0,207.50341925816196,245.63176846489584,2957.0252614016746,1827.6618807641312,21.796169619965324,39.32039346009054,22.0,30.0,0.0,21.287988420280209,48.970402797818497,21.0,30.0,0.0,21.219896616876178,40.59263997267005,21.0,30.0,0.0,20.597816608410409,42.309308083724008,16.0,30.0,0.0,16.64858462304671,54.763524872890958,12.000000000000002,30.0,0.0,19.666682492440804,51.91132322150064,19.0,30.0,0.0,17.870063396352074,50.57911793649125,10.0,30.0,0.0,16.521371140945847,55.23851430025789,12.000000000000002,30.0,0.0,16.173427927662276,56.54192780183098,16.0,30.0,0.0,19.107989896054975,0.0,0.0,0.0,15.795832007561863,0.0,0.0,654.1549710755094,1143.9045451606344,646.7286182854142,656.8452041123309,708.884019265895,1112.1432328949819,690.6350892125017,706.3486068613893,706.1846418263228,9550.751822671944,81.68979437937708,83.07261301342742,570.0,0.0,570.0,570.0,21.0,16.0,19.0,16.0,12.0,12.0,21.0,10.0,1.0,0.0,1827.6618807641312,0.0,0.0,0.0,0.0,0.0,0.0,0.0,2092.74544938483,1255647.2696308979,1625616.459199604,81.68979437937708,83.09609786447642,0.341758181646161,0.7686554129481237,0.36028137401965956,83.09609786447642,0.35426478194388757,1625616.459199604,0.09840205587837941 
 02/24  22:00:00,8.73,85.0,8.41,0.0,0.0,0.0,0.0,0.0,2.0,0.0,0.0,4.0,0.0,0.0,0.0,177.0,0.0,0.0,0.0,0.0,0.0,0.0,0.0,0.0,0.0,0.0,0.0,21.29787082756799,-1640.3114269976177,20.868862053366735,-95.6104845689647,20.649645227077174,77.75008416859964,19.929031973738917,258.703549620237,16.62413444730563,18.837898979368619,19.345149064374874,-74.23446798891598,17.7018128127905,82.21449374189433,16.483087159034488,-30.827391708468669,16.267372819328423,-56.173893033639618,855.4018597585819,907.5130003190152,0.0,0.0,0.0,0.0,0.0,0.0,0.0,0.0,0.0,0.0,0.0,0.0,0.0,0.0,0.0,0.0,0.0,0.0,0.0,0.0,0.0,0.0,1.1374972161059794,0.34722137243772269,307.46972659242297,355.2742648132374,7803.964850641966,0.15010012310254684,0.02290905419758041,19.879877246194103,22.944057011995804,493.3112760625305,1.3489029189561078,0.2548947314731875,261.9086899582437,303.2878267505317,6342.318492038742,0.3246759855654832,0.06135222705319031,280.02226470225289,324.85870956021497,6471.8230056784409,0.0,0.0,10.601883157283832,12.460168631629055,167.79040511209014,0.0,0.0,15.103387344704573,17.543146923251464,325.9304221064125,0.0,0.0,271.218156135856,317.32984008567208,4974.418333035753,0.0,0.0,27.219829347809975,32.013315368649518,419.68783973455609,0.0,0.0,191.16555566314703,225.041103559306,2847.509609642705,43.59340695481845,29.899456073263694,276.60225298199216,322.5653104691775,6476.167963130994,0.0,0.0,215.66085595649958,254.13505157618375,3095.4736580030696,1785.279189394985,21.63803785370481,39.80842900612716,22.0,30.0,0.0,21.28192847060338,49.83388140006744,21.0,30.0,32.97240766821691,21.000810450849145,41.35958668712955,21.0,30.0,0.0,20.4666295239466,42.67311584177025,16.0,30.0,0.0,16.652424965293148,54.66128270106195,12.0,30.0,0.0,19.649947820723534,51.55455387887681,19.0,30.0,0.0,17.95597888487778,50.33112023438591,10.0,30.0,0.0,16.441979584261575,55.532145267865988,12.0,30.0,0.0,16.172748884088465,56.456681171746698,16.0,30.0,0.0,18.96995068827446,0.0,0.0,0.0,15.88059045508467,0.0,0.0,656.6940338618275,1188.823167336622,656.0348729200341,652.6059306011454,697.0666045512863,1084.4155052577669,687.7887982991061,700.8336050381009,697.27468775612,11150.66943820247,80.63164309409926,87.87695062534906,570.0,0.0,570.0,570.0,21.0,16.0,19.0,16.0,12.0,12.0,21.0,10.0,1.0,0.0,1785.279189394985,0.0,32.97240766821691,0.0,0.0,0.0,0.0,0.0,10964.456566210421,6578673.939726253,8530537.18697945,80.63164309409926,88.0,0.3654818855403474,0.7711910511060879,0.36028137401965956,88.0,0.3542647819438875,8530537.18697945,0.4574579337229314 
 02/24  22:10:00,8.731666666666668,85.33333333333334,8.413333333333334,0.0,0.0,0.0,0.0,0.0,2.0,0.0,0.0,4.0,0.0,0.0,0.0,1770.0,0.0,0.0,0.0,0.0,0.0,0.0,0.0,0.0,0.0,0.0,0.0,21.232344832572808,-812.2410869954975,20.86806077028595,-99.73561595589,21.090489407073205,-982.7377980357552,20.021696619056919,435.4767106369089,16.62531614521357,19.13724230909319,19.34430543052445,-39.31833917960494,17.863142204825207,228.70004832157083,16.431442106054683,-65.67512453223945,17.815240339360373,-267.9449130283515,876.3600156270127,732.5771936188523,0.0,0.0,0.0,0.0,0.0,0.0,0.0,0.0,0.0,0.0,0.0,0.0,0.0,0.0,0.0,0.0,0.0,0.0,0.0,0.0,0.0,0.0,1.215352566511666,0.37098674191442806,170.15101887285673,197.67442467401799,4295.112188844643,0.1499811860610038,0.02289090141346212,21.364360225705544,24.775622698238125,529.3269439580093,1.2432741086793176,0.23493463882829145,281.49863618331366,327.0200536200839,7112.01956759132,0.3162088364714573,0.05975223667261095,293.41526090470588,341.9214067849847,6882.457046372268,0.0,0.0,10.824112383720536,12.780597270083577,171.1660595365939,0.0,0.0,13.502586633732003,15.772627298498886,291.1537487626534,0.0,0.0,182.82641693907198,214.82176260437994,3443.14859448714,0.0,0.0,40.12567840217978,47.39470673358356,612.9848724173273,0.0,0.0,118.70601513084826,139.475771720216,2219.3551368425335,43.81705137602373,30.052847308658266,289.7964773614534,339.529312000483,6816.854102610509,0.0,0.0,132.16605907424913,156.6671684350111,1841.095570444977,841.4515814123595,21.509419778718738,40.46419683591809,21.5,30.0,0.0,21.283038080307774,50.047898812007499,21.000000000000005,30.0,1545.3958808423834,21.51234598075429,40.007347426647537,21.400000000000003,30.0,0.0,20.665303286442766,42.29521938930579,15.999999999999999,30.0,0.0,16.654409814154634,54.65268550753318,12.0,30.0,0.0,19.654952811297414,50.30381401682223,19.0,30.0,0.0,18.273495642119565,49.366405575875138,10.0,30.0,0.0,16.383935652198859,55.73680414113284,12.0,30.0,2977.347178595733,18.266727919176075,49.543107616698708,20.0,30.0,0.0,19.033761484368197,0.0,0.0,0.0,15.595454721249356,0.0,0.0,668.5001143141823,1199.0417924276633,641.7285863593824,653.9625162966684,693.8838704937639,1059.654667246148,679.8491508664845,697.3505777144337,690.8630105657917,10191.55053328553,81.26601619190397,84.08320883229954,570.0,0.0,570.0,570.0,21.0,16.0,19.0,19.0,12.0,12.0,21.0,10.0,1.0,0.0,841.4515814123595,0.0,1545.3958808423834,0.0,0.0,0.0,0.0,2977.347178595733,4263.429663926049,2558057.7983556299,3327390.846721075,81.26601619190397,84.13105411577119,0.34611432213086837,0.768808704446839,0.3602813740196596,84.13105411577119,0.3542647819438876,3327390.846721075,0.1868943240294959 
 02/24  22:20:00,8.733333333333335,85.66666666666667,8.416666666666668,0.0,0.0,0.0,0.0,0.0,2.0,0.0,0.0,4.0,0.0,0.0,0.0,531.0,0.0,0.0,0.0,0.0,0.0,0.0,0.0,0.0,0.0,0.0,0.0,21.40418214257091,-864.0198189762249,20.868699812648786,-57.02248597320977,21.12187729048498,-1334.4452440645808,20.165746003932875,586.7950928676664,16.62899887211399,24.25790184263621,19.35981449661811,-43.57427032240101,17.887871821321096,111.02957336466014,16.343219447384589,-39.65035856730074,18.71186925277452,-486.9172817734667,979.2497062762652,1119.0627064795288,0.0,0.0,0.0,0.0,0.0,0.0,0.0,0.0,0.0,0.0,0.0,0.0,0.0,0.0,0.0,0.0,0.0,0.0,0.0,0.0,0.0,0.0,1.1980042634211865,0.3656911671004842,151.99009766466433,176.0844131178817,3953.314098149084,0.20075096440166688,0.030639646581450985,14.004364758812998,16.243130612439026,349.4382249382067,1.2245621169936612,0.2313987371492179,331.4265320623422,384.0524315398854,8450.368534676541,0.33504194597789796,0.06331102531706307,341.1210556714409,396.34412282394205,8169.234673091598,0.0,0.0,12.373949965650354,14.58634662784808,195.82880303921639,0.0,0.0,14.289354545857563,16.65904555871935,308.9096650212129,0.0,0.0,211.1148493631613,247.37081002476539,3967.25276762819,0.0,0.0,49.827204605768617,58.816272772194697,749.6012270693989,0.0,0.0,159.75475652021619,186.1011776336205,3459.952294158717,44.196713573223849,30.313246620866836,337.92780849934538,394.81734385869927,7969.5001425709019,0.0,0.0,166.56352878208873,196.212027794611,2617.8968483502114,1089.2760280748267,21.856006647900665,39.45630788505589,21.666666666666658,29.99999999999999,0.0,21.289299564168979,50.4125775232835,20.999999999999994,29.99999999999999,1417.516689894106,21.708959222368635,39.53876421714556,21.666666666666658,29.99999999999999,0.0,20.918185219524358,41.63777050287914,15.999999999999993,29.99999999999999,0.0,16.661604401647116,54.676283134287718,11.999999999999995,29.99999999999999,0.0,19.683755652607183,48.62561618402867,18.999999999999994,29.99999999999999,0.0,18.2716653899759,49.44279280187949,9.999999999999997,29.99999999999999,0.0,16.261355634797878,56.22745592862826,11.999999999999995,29.99999999999999,981.4682881070149,19.92120663455446,44.703464616361809,19.66666666666666,29.99999999999999,0.0,19.305719333514497,0.0,0.0,0.0,16.25164961764956,0.0,0.0,655.6328537918741,1217.930466810726,636.8977620806485,648.125020297113,689.08043936062,1034.1742841239405,679.263701676126,695.1566625778436,687.3962779232193,6607.748242326438,81.05509902101169,83.37071499971259,569.9999999999998,0.0,569.9999999999998,569.9999999999998,21.0,16.0,19.0,19.0,12.0,12.0,21.0,10.0,1.0,0.0,1089.2760280748267,0.0,1417.516689894106,0.0,0.0,0.0,0.0,981.4682881070149,3504.4159874084186,2102649.5924450519,2725862.9721012299,81.05509902101169,83.41004184634844,0.23014719958028058,0.5131386988441109,0.24018758267977295,83.41004184634844,0.2361765212959249,2725862.9721012299,0.15520320788259729 
 02/24  22:30:00,8.735,86.0,8.42,0.0,0.0,0.0,0.0,0.0,2.0,0.0,0.0,4.0,0.0,0.0,0.0,534.0,0.0,0.0,0.0,0.0,0.0,0.0,0.0,0.0,0.0,0.0,0.0,21.32144960937447,-900.0108863555821,20.86171189917193,-114.1712216124581,21.170652196803297,-1188.826047095829,20.180735667884514,278.09417559178646,16.632606124307939,20.318942458720995,19.368367494154407,-32.08164608121068,17.775092657609237,40.973278098692677,16.342113245022288,-15.847627114462658,18.684554686432798,-591.3370515633301,773.5789678489277,1013.9825712881479,0.0,0.0,0.0,0.0,0.0,0.0,0.0,0.0,0.0,0.0,0.0,0.0,0.0,0.0,0.0,0.0,0.0,0.0,0.0,0.0,0.0,0.0,1.2438852471174649,0.3796963513789574,140.6433657810999,162.8961906221829,3595.606663403755,0.13656612271663683,0.020843425323052016,23.16878636445344,26.87954709271924,572.3051512383399,1.2301694427735988,0.23245832251957644,220.62014713574076,255.39839248169677,5634.001041518224,0.29473692929814418,0.055694809013254718,229.1867863843076,266.03037120152939,5481.357270037921,0.0,0.0,11.307416350305207,13.325459250378266,179.00805183200385,0.0,0.0,13.834249158465653,16.127030924823566,299.4364776013568,0.0,0.0,208.2413054363504,244.19306873814905,3845.976752115449,0.0,0.0,46.975752874638938,55.439059610819288,710.1035846746906,0.0,0.0,178.3683904841459,207.9753582844433,3859.299278017023,43.99168520717777,30.17262359888736,225.88958538463954,263.97183722641059,5409.693310588644,0.0,0.0,167.24721535853133,197.24258362416027,2559.0889650283318,1262.3880219292519,21.65047890202232,40.51714900793402,21.666666666666658,29.99999999999999,0.0,21.268695333599046,50.15614702121094,20.999999999999994,29.99999999999999,1979.4363151333742,21.67957295393824,39.786970433807208,21.666666666666658,29.99999999999999,0.0,20.85202878062538,42.21311786238285,15.999999999999993,29.99999999999999,0.0,16.667258820426583,54.727471453609329,11.999999999999995,29.99999999999999,0.0,19.701393991578799,47.915818927382648,18.999999999999994,29.99999999999999,0.0,18.045283657051315,50.46915666206511,9.999999999999997,29.99999999999999,0.0,16.299059606678413,56.118357325152157,11.999999999999995,29.99999999999999,1534.8581596349673,19.642917024026496,45.5328363131586,19.66666666666666,29.99999999999999,0.0,18.586433073031168,0.0,0.0,0.0,16.30098427150891,0.0,0.0,674.746801551734,1192.1700418483802,633.8060062493835,664.8716361947486,687.220089492618,1028.5840406731,690.0522462358133,692.0624912425471,685.5181582343,8730.655665075565,82.23210291340522,82.23210291340522,569.9999999999998,0.0,569.9999999999998,569.9999999999998,21.0,16.0,19.0,19.0,12.0,12.0,21.0,10.0,1.0,0.0,1262.3880219292519,0.0,1979.4363151333742,0.0,0.0,0.0,0.0,1534.8581596349673,0.0,0.0,0.0,82.23210291340522,82.23210291340522,0.3399999999999999,0.7703491535844025,0.36028137401965945,82.23210291340522,0.35426478194388735,0.0,0.013046666666666669 
 02/24  22:40:00,8.736666666666667,86.33333333333334,8.423333333333332,0.0,0.0,0.0,0.0,0.0,2.0,0.0,0.0,0.0,0.0,0.0,0.0,1068.0,0.0,0.0,0.0,0.0,0.0,0.0,0.0,0.0,0.0,0.0,0.0,20.838283845805678,-416.0894531479442,20.619149724460486,-305.3750506892111,20.709769418092124,-649.5401152869408,20.170906158596276,95.9052867683935,16.634527464083044,22.26727715149502,19.264374242650989,-44.67423290023164,17.75436294270586,84.90795633936993,16.340059041873368,8.629421328589084,18.383690191097217,-430.37676261478387,919.5982194759852,988.4138374703032,0.0,0.0,0.0,0.0,0.0,0.0,0.0,0.0,0.0,0.0,0.0,0.0,0.0,0.0,0.0,0.0,0.0,0.0,0.0,0.0,0.0,0.0,1.206400778176553,0.3682542057925983,294.8562883075768,342.81371061456806,7076.005477287893,0.22084266815117946,0.033706145932719689,139.73165768722036,162.5480310914183,3345.047487190477,1.188924262973081,0.22466444878554057,240.02091217842384,279.01884831622376,5817.1614204450129,0.2607677464267979,0.04927584021670402,179.02483778409187,208.40539320359273,4267.210872323511,0.0,0.0,11.90385122219015,14.044512563828249,188.44094801500698,0.0,0.0,13.434639508180452,15.690281947021811,287.6862792989687,0.0,0.0,213.0199814979826,250.18341785808608,3925.5411161589065,0.0,0.0,46.88455986131369,55.379879226787107,710.8142844169173,0.0,0.0,180.45522823189976,211.13869193866499,3714.636618027768,44.17077901371508,30.29545885714339,345.38124086066696,403.6796653806314,8277.726061059311,0.0,0.0,170.08932275091258,200.9096608490231,2607.0525464337126,0.0,20.929993596341263,44.46786405281647,21.66666666666665,29.99999999999998,0.0,20.870707950628057,45.75224780982039,11.999999999999993,29.99999999999998,0.0,21.001655996190484,43.68396480063766,21.333333333333319,29.99999999999998,0.0,20.820139936546746,43.72947836977835,11.999999999999993,29.99999999999998,0.0,16.67143143143227,54.96789064689133,11.999999999999993,29.99999999999998,0.0,19.581573276068636,47.63987232288723,11.999999999999993,29.99999999999998,0.0,18.01813100927128,51.56981300621659,9.999999999999993,29.99999999999998,0.0,16.32634572915386,56.17490957283973,11.999999999999993,29.99999999999998,0.0,19.10668072123319,47.80992123190731,19.33333333333332,29.99999999999998,0.0,19.266813172170097,0.0,0.0,0.0,16.364096179314747,0.0,0.0,800.3163389969216,862.8498497756496,759.0464272292137,737.1419413203909,693.8771812615626,1010.4217483703673,735.0238760589526,694.359169225633,719.2672581441738,0.0,82.2752719860294,82.2752719860294,59.99999999999996,0.0,59.99999999999996,59.99999999999996,12.0,12.0,12.0,19.0,12.0,12.0,21.0,10.0,0.0,0.0,0.0,0.0,0.0,0.0,0.0,0.0,0.0,0.0,0.0,0.0,0.0,82.2752719860294,82.2752719860294,0.0,0.0,0.0,82.2752719860294,0.0,0.0,0.00133 
 02/24  22:50:00,8.738333333333334,86.66666666666666,8.426666666666666,0.0,0.0,0.0,0.0,0.0,2.0,0.0,0.0,0.0,0.0,0.0,0.0,534.0,0.0,0.0,0.0,0.0,0.0,0.0,0.0,0.0,0.0,0.0,0.0,20.354033611745323,-203.9773895063028,20.304017227530897,-243.84029063403518,20.248718708843336,-269.0194286322296,19.851824847377146,-82.00334143440195,16.631885084421975,17.330524067300943,19.15481921146197,-34.35512662875414,17.73508832072351,95.49734226010097,16.32292379822706,-24.877563943251915,17.899241821761345,-104.11780196798913,746.0255101277326,680.1051313521873,0.0,0.0,0.0,0.0,0.0,0.0,0.0,0.0,0.0,0.0,0.0,0.0,0.0,0.0,0.0,0.0,0.0,0.0,0.0,0.0,0.0,0.0,1.1657261764338638,0.3558382711947084,165.14608849332118,192.12019441366489,3741.7141237567718,0.20956580089607869,0.031985012346776389,100.00547880284137,116.25452699502756,2267.6902917557638,1.1191664984423587,0.21148270945622825,149.25733601031804,173.6775746690319,3405.7351593232845,0.22703120653482659,0.04290083267853868,148.11366649969663,172.3635127005431,3347.7184802747385,0.0,0.0,10.768145781739854,12.690531649206158,170.33175370821886,0.0,0.0,12.207260530187583,14.247113808793351,257.6025911421143,0.0,0.0,154.97119720581646,181.87116750199176,2846.6237510578905,0.0,0.0,43.054315445860947,50.80269987800257,651.6375979087055,0.0,0.0,124.89428895928305,146.4348475402906,2369.3098437636219,43.80290443605361,30.043144331998396,225.4928598457151,263.713952012685,5286.955286704,0.0,0.0,115.29956613560816,136.38619320903099,1625.452494877126,0.0,20.17837205573495,45.169015719317957,22.000000000000019,30.00000000000002,0.0,20.355770489010813,45.0718489478228,12.00000000000001,30.00000000000002,0.0,20.26661624414914,44.82058759809768,22.000000000000019,30.00000000000002,0.0,20.221065845389199,45.257611643747,12.00000000000001,30.00000000000002,0.0,16.666682454857999,55.44534061334126,12.00000000000001,30.00000000000002,0.0,19.422728918052039,47.783458038122,12.00000000000001,30.00000000000002,0.0,17.99447277734878,51.75823368213867,10.000000000000007,30.00000000000002,0.0,16.313433952509219,56.795450887725767,12.00000000000001,30.00000000000002,0.0,18.276199027022697,50.66914411623939,20.000000000000015,30.00000000000002,0.0,18.639420238030355,0.0,0.0,0.0,15.684028682047382,0.0,0.0,715.2444043179148,734.8999693385299,706.5793057435749,723.4811853217763,709.8813560223105,1016.1544975398867,734.6085748765277,715.964378986218,730.9097971124134,0.0,82.27527198602953,82.27527198602953,60.00000000000004,0.0,60.00000000000004,60.00000000000004,12.0,12.0,12.0,19.0,12.0,12.0,21.0,10.0,0.0,0.0,0.0,0.0,0.0,0.0,0.0,0.0,0.0,0.0,0.0,0.0,0.0,82.27527198602953,82.27527198602953,0.0,0.0,0.0,82.27527198602953,0.0,0.0,0.0012266666666666668 
 02/24  23:00:00,8.74,87.0,8.43,0.0,0.0,0.0,0.0,0.0,2.0,0.0,0.0,0.0,0.0,0.0,0.0,356.0,0.0,0.0,0.0,0.0,0.0,0.0,0.0,0.0,0.0,0.0,0.0,20.033306383759738,-230.92451056712117,20.06619916280918,-181.558406551904,20.024935718805886,-100.19297387798827,19.637971239967997,-15.206620924425807,16.62309948926243,13.590226131867098,19.071664963392214,-29.620485517183114,17.796072541386957,142.42357214912728,16.251395489326389,-60.73623683551807,17.676387297801086,-17.89285631418568,508.8316717917942,423.184891621131,0.0,0.0,0.0,0.0,0.0,0.0,0.0,0.0,0.0,0.0,0.0,0.0,0.0,0.0,0.0,0.0,0.0,0.0,0.0,0.0,0.0,0.0,1.1120789963403586,0.33946245309534758,184.97853611181825,215.47593217204216,4027.994641340626,0.202902993490075,0.030968100349523049,94.87318065823047,110.5325456940362,2103.5678661871968,1.0768306101624914,0.2034827305673643,53.31330405126851,62.030020680726,1201.83619210549,0.21183518807769,0.04002932503357709,5.9072001477418809,6.877813148979833,134.10996163016797,0.0,0.0,10.00318463618853,11.775383150639339,157.91168998691195,0.0,0.0,11.460283232194638,13.36487884345798,239.34307988942448,0.0,0.0,110.09785703583889,128.96880095527099,2047.8374603000248,0.0,0.0,41.28317197707516,48.67259931528461,615.3989510370509,0.0,0.0,60.67790859814797,71.20098191802666,1108.7511026850526,43.51074487072299,29.84276054233402,117.71274497548784,138.01297080773038,2924.4424323140949,0.0,0.0,68.48941362034317,81.08133591819028,882.071526844067,0.0,19.716206775850816,46.13862482384603,22.0,30.0,0.0,19.98772635255257,45.33292792563342,12.0,30.0,0.0,19.968856239267369,45.320737751780828,22.0,30.0,0.0,19.86974710089948,46.2283853222497,12.0,30.0,0.0,16.651907638434474,55.778767987866789,12.0,30.0,0.0,19.31090229406829,47.92269808132879,12.0,30.0,0.0,18.117840641727577,51.29393455233121,10.0,30.0,0.0,16.19809552548479,57.62591027729057,12.0,30.0,0.0,17.915009381930859,51.86948867660928,20.0,30.0,0.0,17.89675015631584,0.0,0.0,0.0,15.123913876663418,0.0,0.0,686.8900270840595,686.7602107466921,686.0642784854344,727.3246364978625,718.300166829631,1025.5642731155436,723.32940942963,733.4091850296743,728.8846418142108,0.0,82.27527198602945,82.27527198602945,60.0,0.0,60.0,60.0,12.0,12.0,12.0,19.0,12.0,12.0,21.0,10.0,0.0,0.0,0.0,0.0,0.0,0.0,0.0,0.0,0.0,0.0,0.0,0.0,0.0,82.27527198602945,82.27527198602945,0.0,0.0,0.0,82.27527198602945,0.0,0.0,0.0011233333333333332 
 02/24  23:10:00,8.741666666666668,86.66666666666667,8.376666666666667,0.0,0.0,0.0,0.0,0.0,2.0,0.0,0.0,0.0,0.0,0.0,0.0,712.0,0.0,0.0,0.0,0.0,0.0,0.0,0.0,0.0,0.0,0.0,0.0,19.878216529591975,-66.45112385505127,19.88768132160483,-289.2511586859341,19.80610313466984,-292.34455123916157,19.481090989560636,-110.13031016968006,16.613856014548355,11.638442865903557,19.012790563554263,-23.713992398357776,17.79806620848946,67.24611221517262,16.176063582862648,-75.51422945395115,17.480630483659838,-208.6179611352199,572.8006041388564,583.5734903838844,0.0,0.0,0.0,0.0,0.0,0.0,0.0,0.0,0.0,0.0,0.0,0.0,0.0,0.0,0.0,0.0,0.0,0.0,0.0,0.0,0.0,0.0,1.0664217136572055,0.3255255536194156,191.4572448673569,223.56377705690364,4114.180496985862,0.19311652489238685,0.029474439086139633,87.79152246818232,102.56474817787786,1906.0835320783356,1.0165248275196373,0.19208708003016584,140.73505002837016,164.17434646190689,3043.546993445019,0.1973485484627039,0.03729186478887072,78.23900116458302,91.25994847477307,1678.748562272701,0.0,0.0,9.038624890127368,10.653497248684829,142.38315181058514,0.0,0.0,10.975730740678758,12.820458140094648,227.7061231518981,0.0,0.0,144.2313374801243,169.0897267024045,2679.390333999184,0.0,0.0,40.65341701574201,48.008903771487997,596.6100729301155,0.0,0.0,69.66505270885915,81.7947274526512,1221.9137805027647,43.17527504531437,29.61267149884388,185.96257540789709,218.23077727785529,4233.968461173876,0.0,0.0,98.98236506799006,117.18630856681534,1287.3764311577268,0.0,19.584260039778166,46.12494114535703,22.0,30.0,0.0,19.723438277162509,45.58191993844995,12.0,30.0,0.0,19.65205120219078,45.914050838966527,22.0,30.0,0.0,19.6175433148273,46.34999349181049,12.0,30.0,0.0,16.63877516743637,55.94124246040398,12.0,30.0,0.0,19.242588093386915,47.994575349828377,12.0,30.0,0.0,18.109811306351344,51.02687875771383,10.0,30.0,0.0,16.082951626993699,58.192526197280248,12.0,30.0,0.0,17.592490451813576,52.89340479920506,20.0,30.0,0.0,18.05398009316504,0.0,0.0,0.0,15.195485427351647,0.0,0.0,662.519895722353,648.922756164116,661.4324976567269,685.7234334647583,719.5399464864563,1029.997414850334,706.3894787001916,735.9704741354309,727.9710051629822,0.0,82.27527198602945,82.27527198602945,60.0,0.0,60.0,60.0,12.0,12.0,12.0,19.0,12.0,12.0,21.0,10.0,0.0,0.0,0.0,0.0,0.0,0.0,0.0,0.0,0.0,0.0,0.0,0.0,0.0,82.27527198602945,82.27527198602945,0.0,0.0,0.0,82.27527198602945,0.0,0.0,0.00102 
 02/24  23:20:00,8.743333333333334,86.33333333333334,8.323333333333335,0.0,0.0,0.0,0.0,0.0,2.0,0.0,0.0,0.0,0.0,0.0,0.0,356.0,0.0,0.0,0.0,0.0,0.0,0.0,0.0,0.0,0.0,0.0,0.0,19.699399119676934,-196.06316189872224,19.74893233232853,-155.5868473839431,19.650905984445527,-161.3287515901999,19.33525857998368,-12.944596115784578,16.60361500851026,12.006982327997378,18.951761706310767,-26.97135811037043,17.715988340373298,44.583666429600729,16.117475320405484,-59.86344117875717,17.207508368484935,-247.29989523689438,396.0610588315426,678.1245283525932,0.0,0.0,0.0,0.0,0.0,0.0,0.0,0.0,0.0,0.0,0.0,0.0,0.0,0.0,0.0,0.0,0.0,0.0,0.0,0.0,0.0,0.0,1.0441865945415457,0.31873827672208357,146.93316620439749,171.38894844669609,3099.0948911473526,0.1927954042999906,0.02942542800671407,65.86648950412611,76.88027039687074,1405.1888063154618,1.0093478695091363,0.19073088992991997,63.140837602474068,73.56000877020883,1356.439978207537,0.20038943447855174,0.037866484217413388,44.231051650539779,51.454097706495698,932.7004510770552,0.0,0.0,8.916949308099458,10.495315454163297,140.22794144625929,0.0,0.0,11.132343137588201,12.98802468685595,229.32857799853589,0.0,0.0,168.56007916601107,197.45759474144246,3081.2422251293849,0.0,0.0,39.356087076814208,46.42378006768764,571.5343025408662,0.0,0.0,94.97035459323294,111.54291174785999,1587.3037583259907,42.90983450704665,29.430613516492909,98.1312859784933,115.19544124321064,2443.199038075329,0.0,0.0,124.45438541287257,147.08834356804526,1653.9034917139334,0.0,19.345267865441586,46.35960419249017,22.0,30.0,0.0,19.556580969776428,45.834637898019497,12.0,30.0,0.0,19.477437234589247,46.14664068165255,22.0,30.0,0.0,19.406628680964589,46.59174956177161,12.0,30.0,0.0,16.62582167817193,56.01032969240221,12.0,30.0,0.0,19.1663989214684,48.062589646278187,12.0,30.0,0.0,17.955041277568975,51.41070089684054,10.0,30.0,0.0,16.004983425235787,58.42582310260239,12.0,30.0,0.0,17.148907531318707,54.2911723770995,20.0,30.0,0.0,17.48186535507554,0.0,0.0,0.0,15.352251180019696,0.0,0.0,631.4807477276685,634.3568964274566,644.5883671881722,662.1059711672629,715.9210078641681,1032.6805169968826,700.6638276782456,726.0120431089522,721.017773072047,0.0,82.27527198602945,82.27527198602945,60.0,0.0,60.0,60.0,12.0,12.0,12.0,19.0,12.0,12.0,21.0,10.0,0.0,0.0,0.0,0.0,0.0,0.0,0.0,0.0,0.0,0.0,0.0,0.0,0.0,82.27527198602945,82.27527198602945,0.0,0.0,0.0,82.27527198602945,0.0,0.0,0.0010033333333333333 
 02/24  23:30:00,8.745000000000001,86.0,8.27,0.0,0.0,0.0,0.0,0.0,2.0,0.0,0.0,0.0,0.0,0.0,0.0,534.0,0.0,0.0,0.0,0.0,0.0,0.0,0.0,0.0,0.0,0.0,0.0,19.59154492798584,-71.36746378131312,19.611837195253274,-259.0748296309593,19.477023581875654,-268.7909196151592,19.22275769498267,-96.14394678922749,16.593251058138529,10.350663596891949,18.89980420363424,-30.40483328759299,17.593580175708156,-13.281398917373429,16.090169694361096,-42.67277910766785,17.01091922131704,-251.18686854907635,481.20336425226739,706.2297108958119,0.0,0.0,0.0,0.0,0.0,0.0,0.0,0.0,0.0,0.0,0.0,0.0,0.0,0.0,0.0,0.0,0.0,0.0,0.0,0.0,0.0,0.0,1.0104576037869535,0.3084424919984594,131.84653689668236,154.12145153711067,2759.01486099789,0.1821435916106681,0.027799693469271679,77.452677141425,90.56825698842421,1625.38616604359,0.9754687142847845,0.18432893316039013,133.41151268136168,155.7887524444049,2783.9828082337628,0.19163630658457574,0.0362124540031322,94.08900301446129,109.78828161943639,1947.716489840773,0.0,0.0,8.359071599595192,9.847005014556082,131.20645299911878,0.0,0.0,11.575448648062814,13.518877681060932,237.05849078084763,0.0,0.0,184.65774338144824,216.6902916164186,3297.1896191499638,0.0,0.0,35.84177783631784,42.31757535416719,518.9624477587628,0.0,0.0,115.37176213662529,135.78410613931173,1865.9088168747508,42.69139314274307,29.28079090723118,160.4028662867793,188.37739960696957,3623.675966996865,0.0,0.0,143.26550467168063,169.47519148845698,1913.9187628724192,0.0,19.26781234180488,46.39785044594459,21.999999999999994,29.99999999999999,0.0,19.368477010896727,45.890827667538328,11.999999999999995,29.99999999999999,0.0,19.242864298235945,46.39413224694364,21.999999999999994,29.99999999999999,0.0,19.23981847114796,46.72547583153666,11.999999999999995,29.99999999999999,0.0,16.614079724963369,56.0061642704126,11.999999999999995,29.99999999999999,0.0,19.107179598847574,48.096799478127199,11.999999999999995,29.99999999999999,0.0,17.735182129940804,51.89133152856988,9.999999999999997,29.99999999999999,0.0,15.986572070198314,58.3325201486151,11.999999999999995,29.99999999999999,0.0,16.862244613290824,55.115753869130838,19.999999999999994,29.99999999999999,0.0,17.714575067231043,0.0,0.0,0.0,15.397990295568889,0.0,0.0,620.7306550753303,603.6631242708493,615.8397197064595,639.1137965495075,711.0505726943536,1027.8108055125602,685.7326004080369,714.3639427469486,709.630495513606,0.0,82.27527198602943,82.27527198602943,59.99999999999998,0.0,59.99999999999998,59.99999999999998,12.0,12.0,12.0,19.0,12.0,12.0,21.0,10.0,0.0,0.0,0.0,0.0,0.0,0.0,0.0,0.0,0.0,0.0,0.0,0.0,0.0,82.27527198602943,82.27527198602943,0.0,0.0,0.0,82.27527198602943,0.0,0.0,0.0009866666666666668 
 02/24  23:40:00,8.746666666666667,85.66666666666667,8.216666666666667,0.0,0.0,0.0,0.0,0.0,2.0,0.0,0.0,0.0,0.0,0.0,0.0,356.0,0.0,0.0,0.0,0.0,0.0,0.0,0.0,0.0,0.0,0.0,0.0,19.437529200823414,-222.9913991333342,19.51803323842798,-155.40585113102737,19.382334719045717,-147.1556944771596,19.13469566571042,-22.275022482276435,16.58007793721728,9.394384488113762,18.844235463438769,-34.65414960480568,17.49315596913536,-0.9271878896302024,16.068256937287317,-39.89534923608444,16.849558170605257,-223.15610021779237,323.0320962976273,692.9989422942897,0.0,0.0,0.0,0.0,0.0,0.0,0.0,0.0,0.0,0.0,0.0,0.0,0.0,0.0,0.0,0.0,0.0,0.0,0.0,0.0,0.0,0.0,0.9918563812225167,0.3027644631326365,118.1301621174284,137.8787113567199,2420.9393005793438,0.18258426321234376,0.027866951039735016,69.97391526819433,81.71255247470393,1454.6808574974294,0.964323056907459,0.18222279986913449,67.08525372855149,78.24271401288283,1398.26325407915,0.1904542752796527,0.03598909207854359,42.838820275098218,49.877112517547747,881.3610778427734,0.0,0.0,8.351422597317358,9.828703133179932,130.80822278891015,0.0,0.0,11.741720905832715,13.703092255782574,238.92951663989238,0.0,0.0,189.0811488373932,221.79037543567007,3317.3084970292795,0.0,0.0,33.61904322131487,39.65541650989376,485.8985651540768,0.0,0.0,120.55967803346572,141.86367261814605,1897.246045114071,42.46778277227068,29.12742302624877,83.72190649632789,98.26773794067427,2124.4971967962467,0.0,0.0,147.05293405890468,173.81730336380034,1950.3134844801166,0.0,19.056356595596819,46.43943251861822,22.000000000000008,30.00000000000001,0.0,19.27872444151285,45.93815617557909,12.000000000000004,30.00000000000001,0.0,19.173222684932357,46.28234353963994,22.000000000000008,30.00000000000001,0.0,19.134982403743274,46.965954424610149,12.000000000000004,30.00000000000001,0.0,16.598307412868019,55.953523475429367,12.000000000000004,30.00000000000001,0.0,19.039836500625606,48.1183906113425,12.000000000000004,30.00000000000001,0.0,17.5741367566932,52.24488846013912,10.000000000000004,30.00000000000001,0.0,15.974498518323348,58.193996854098177,12.000000000000004,30.00000000000001,0.0,16.637442390873369,55.72804731738285,20.000000000000008,30.00000000000001,0.0,17.192366262311567,0.0,0.0,0.0,15.34990965050179,0.0,0.0,585.9316940580691,591.8898833868957,598.1758087263158,637.2012814461023,702.7570139749557,1017.4202736981736,675.2706198181719,703.957551924472,699.3636648856889,0.0,82.27527198602948,82.27527198602948,60.00000000000002,0.0,60.00000000000002,60.00000000000002,12.0,12.0,12.0,19.0,12.0,12.0,21.0,10.0,0.0,0.0,0.0,0.0,0.0,0.0,0.0,0.0,0.0,0.0,0.0,0.0,0.0,82.27527198602948,82.27527198602948,0.0,0.0,0.0,82.27527198602948,0.0,0.0,0.00097 
 02/24  23:50:00,8.748333333333333,85.33333333333334,8.163333333333333,0.0,0.0,0.0,0.0,0.0,2.0,0.0,0.0,0.0,0.0,0.0,0.0,534.0,0.0,0.0,0.0,0.0,0.0,0.0,0.0,0.0,0.0,0.0,0.0,19.366215289792416,-26.894511664432707,19.39286856446789,-271.20127454071766,19.247175491549976,-247.0157599889625,19.03732424719617,-110.31198785108593,16.566625472872717,7.774174577862356,18.79561979481185,-36.29304340532522,17.39940600063928,-30.29130245036021,16.045267869312519,-39.67710953851004,16.734181746333939,-219.14867495659733,427.53878756720436,668.4999187283253,0.0,0.0,0.0,0.0,0.0,0.0,0.0,0.0,0.0,0.0,0.0,0.0,0.0,0.0,0.0,0.0,0.0,0.0,0.0,0.0,0.0,0.0,0.9591345869961878,0.29277612545671208,128.32367125291007,150.12287033184342,2622.173566181382,0.1748399443031813,0.02668497318424625,78.61880029137252,92.0133973306738,1608.7392302289914,0.9216751229962467,0.17416385544146785,114.16777208544102,133.28219862882725,2324.7605757155108,0.18048088489044188,0.034104475602880188,80.90620618715973,94.38126317830415,1632.4904595785195,0.0,0.0,8.000290887456292,9.423692111878144,125.01907133302002,0.0,0.0,12.038517553065418,14.063970055445968,243.6380763407681,0.0,0.0,188.85163420755004,221.82439617360064,3258.760255892027,0.0,0.0,30.85844771053757,36.43087991011173,444.8463776607233,0.0,0.0,123.92776555513308,146.02802521906106,1914.93916515253,42.294551471504977,29.00860869101853,143.37640435059149,168.44430945670818,3221.0505913680337,0.0,0.0,148.6281038052513,175.87365842237225,1950.7072012824093,0.0,19.042684415619946,46.581565795357928,22.000000000000019,30.00000000000002,0.0,19.106020113396089,45.902584301441688,12.00000000000001,30.00000000000002,0.0,19.002385457233406,46.49667239495245,22.000000000000019,30.00000000000002,0.0,18.994487409932835,46.9046426150132,12.00000000000001,30.00000000000002,0.0,16.583229159648867,55.869394655755389,12.00000000000001,30.00000000000002,0.0,18.985919984412698,48.09687045451882,12.00000000000001,30.00000000000002,0.0,17.427541764518755,52.423898170166548,10.000000000000007,30.00000000000002,0.0,15.958689127704059,58.04426579575813,12.00000000000001,30.00000000000002,0.0,16.492991286750354,56.00079014371347,20.000000000000015,30.00000000000002,0.0,17.49879756319607,0.0,0.0,0.0,15.282399299956447,0.0,0.0,594.8441387674972,561.6041447909812,583.1800981280709,608.3867981190515,695.0069919210469,1004.2574076076191,658.3340996331758,692.8482705774886,686.2764007278923,0.0,82.27527198602953,82.27527198602953,60.00000000000004,0.0,60.00000000000004,60.00000000000004,12.0,12.0,12.0,19.0,12.0,12.0,21.0,10.0,0.0,0.0,0.0,0.0,0.0,0.0,0.0,0.0,0.0,0.0,0.0,0.0,0.0,82.27527198602953,82.27527198602953,0.0,0.0,0.0,82.27527198602953,0.0,0.0,0.0009666666666666669 
 02/24  24:00:00,8.75,85.0,8.11,0.0,0.0,0.0,0.0,0.0,2.0,0.0,0.0,0.0,0.0,0.0,0.0,534.0,0.0,0.0,0.0,0.0,0.0,0.0,0.0,0.0,0.0,0.0,0.0,19.245636380313245,-175.59357742401776,19.251979681665714,-312.00808989373379,19.042403792414249,-245.19515115612564,18.922452424332879,-120.35578194819527,16.5507945458813,6.325381988541926,18.747225843704216,-37.01388011252418,17.294223604840704,-50.608401947582368,16.018810204840347,-41.348083184951779,16.628907299249627,-219.72065042776195,546.1437312980953,631.6886404708574,0.0,0.0,0.0,0.0,0.0,0.0,0.0,0.0,0.0,0.0,0.0,0.0,0.0,0.0,0.0,0.0,0.0,0.0,0.0,0.0,0.0,0.0,0.9224415274297986,0.2815755578235041,332.145473137227,388.48331170792548,6673.991744892047,0.14688359111312949,0.022418130511771919,174.2893659016857,203.84956115605545,3495.3274628272499,0.8924344555549632,0.16863840807916936,278.18681452886849,325.7336177833657,5473.599378614302,0.17384956526141599,0.03285139177275436,147.68288197555479,172.81758585520593,2947.9493136810067,0.0,0.0,7.60958281594043,8.962817634615437,118.60216804997448,0.0,0.0,12.410987139017275,14.501190808920166,249.827134439573,0.0,0.0,184.25407192148598,216.54326794100897,3118.8364281416077,0.0,0.0,28.181087120451328,33.26807470608327,404.83350838137349,0.0,0.0,123.82449069194387,145.97517289504089,1881.1581039065109,42.033952901275359,28.829871674400139,416.29095911756886,488.7145079274387,8303.558114600839,0.0,0.0,146.58544659634368,173.5122163776953,1895.964693596176,0.0,18.873137716221096,46.590400831415639,22.000000000000019,30.00000000000002,0.0,18.91687569706061,46.09428289020496,12.00000000000001,30.00000000000002,0.0,18.699533737141534,46.9857438765841,22.000000000000019,30.00000000000002,0.0,18.836289137401307,46.87575492653837,12.00000000000001,30.00000000000002,0.0,16.564673518323965,55.70093883199432,12.00000000000001,30.00000000000002,0.0,18.93157292092576,47.97203990878101,12.00000000000001,30.00000000000002,0.0,17.25927765117955,52.50858343045661,10.000000000000007,30.00000000000002,0.0,15.93537504530501,57.73466357615405,12.00000000000001,30.00000000000002,0.0,16.36095736883371,56.00955457641544,20.000000000000015,30.00000000000002,0.0,17.856568960580206,0.0,0.0,0.0,15.186304546571705,0.0,0.0,568.4278118043636,545.4935140842963,562.3033600988633,580.7016022047118,684.2894790367082,982.5165249611397,633.9848248857686,673.1839575011326,663.0279272672906,0.0,82.27527198602953,82.27527198602953,60.00000000000004,0.0,60.00000000000004,60.00000000000004,12.0,12.0,12.0,19.0,12.0,12.0,21.0,10.0,0.0,0.0,0.0,0.0,0.0,0.0,0.0,0.0,0.0,0.0,0.0,0.0,0.0,82.27527198602953,82.27527198602953,0.0,0.0,0.0,82.27527198602953,0.0,0.0,0.0009633333333333334 
 02/25  00:10:00,8.705,84.83333333333334,8.12,0.0,0.0,0.0,0.0,0.0,2.0,2.0,0.0,0.0,0.0,0.0,0.0,356.0,0.0,0.0,0.0,0.0,0.0,0.0,0.0,0.0,0.0,0.0,0.0,19.12852332283685,-120.67267486603123,19.184995558530607,-220.79201939844405,18.99514142703884,-249.66227980813756,18.809854920215267,-91.06238653859123,16.533576786181123,5.549389218436431,18.698128573516454,-37.14831514464859,17.3639609942541,83.90223190039933,15.979313084772408,-56.64306011733237,16.67144685477048,-83.2068036755337,500.12904082147318,375.69267868638897,0.0,0.0,0.0,0.0,0.0,0.0,0.0,0.0,0.0,0.0,0.0,0.0,0.0,0.0,0.0,0.0,0.0,0.0,0.0,0.0,0.0,0.0,0.9356015800688902,0.28559266790869666,205.5911382208555,240.01878145804185,4104.758806190339,0.1584360816843115,0.02418133114839919,88.86250095599489,103.57305702670299,1774.7709866411859,0.9114892526414614,0.17223908780072973,209.50881326400254,244.78127509984754,4152.14573750134,0.1813945480862103,0.03427712548870186,123.58941812287437,144.3761161273614,2440.659249285078,0.0,0.0,7.653321245647519,9.007845674306708,119.6757657782814,0.0,0.0,12.147056938711442,14.182184829720669,244.30080362395973,0.0,0.0,91.89971888043488,107.84556373020974,1597.135967522399,0.0,0.0,30.883244566732097,36.42867194921826,443.4610319760508,0.0,0.0,29.213666397051037,34.38984444593308,453.80886748707789,42.05047456812984,28.841203407496474,267.34943777900727,313.2655777445222,5519.06912284417,0.0,0.0,70.38012478427456,83.34765835032907,858.9479150399209,0.0,18.740409014901073,46.63377413146904,22.0,30.0,0.0,18.883007694564847,46.01347123081018,12.0,30.0,0.0,18.70337197794742,46.87019981215255,22.0,30.0,0.0,18.684680211566094,46.997866870948019,12.0,30.0,0.0,16.544472226454013,55.474963377772187,12.0,30.0,0.0,18.875382475485606,47.84903224545177,12.0,30.0,0.0,17.448213110903013,51.250999727950517,10.0,30.0,0.0,15.886233810778422,57.605761498606359,12.0,30.0,0.0,16.491394335024507,55.397601511416208,20.0,30.0,0.0,17.680510344140683,0.0,0.0,0.0,14.767924292083027,0.0,0.0,549.8558917013843,537.5767146208865,558.8767821250838,563.2864267556435,671.2016190677452,964.4702398145992,596.0701682641809,659.8010325594923,714.6563808365329,0.0,82.27527198602945,82.27527198602945,60.0,0.0,60.0,60.0,12.0,12.0,12.0,19.0,12.0,12.0,21.0,10.0,0.0,0.0,0.0,0.0,0.0,0.0,0.0,0.0,0.0,0.0,0.0,0.0,0.0,82.27527198602945,82.27527198602945,0.0,0.0,0.0,82.27527198602945,0.0,0.0,0.00096 
 02/25  00:20:00,8.66,84.66666666666667,8.13,0.0,0.0,0.0,0.0,0.0,2.0,2.0,0.0,0.0,0.0,0.0,0.0,356.0,0.0,0.0,0.0,0.0,0.0,0.0,0.0,0.0,0.0,0.0,0.0,19.04241569755964,-223.0511194687224,19.040622384289436,-198.9563146636583,18.83189351126461,-165.25258075536477,18.749467879614096,-145.82366042001287,16.516936800152864,5.294754866043931,18.6576471151918,-32.37250789414969,17.38825005108982,56.491889489666167,15.915923875107497,-75.79023741893468,16.73596013509856,-96.97821221780402,550.8230782057508,415.4568620758216,0.0,0.0,0.0,0.0,0.0,0.0,0.0,0.0,0.0,0.0,0.0,0.0,0.0,0.0,0.0,0.0,0.0,0.0,0.0,0.0,0.0,0.0,0.9331460588198894,0.2848431192978906,337.5702353726126,394.4964189505911,6668.408452447364,0.15857410280529248,0.024202396643054407,164.99363053458093,192.96068229076776,3262.0718728151234,0.9385659698783638,0.17735562544942636,318.7068580381705,372.5273420175788,6216.318080738414,0.17893980518722875,0.033813266286324399,179.87363040356045,210.18861070503335,3541.4046051444859,0.0,0.0,7.703336048689438,9.065044464673364,120.86443591276678,0.0,0.0,11.527628932429299,13.460864265776227,231.98187131929894,0.0,0.0,92.6226324893632,108.64895276957506,1628.3543451551528,0.0,0.0,35.31709593165629,41.6755071844992,503.87902979907917,0.0,0.0,27.81398728846323,32.72467801045017,441.97722698151758,42.00183253204577,28.807841242829754,455.97196066925587,534.3736248916368,9025.776486373737,0.0,0.0,72.21858843909016,85.54150983882527,880.2591702401219,0.0,18.642119589152544,46.731839087599308,22.0,30.0,0.0,18.681678035916926,46.496721688677059,12.0,30.0,0.0,18.479021853291564,47.22633405168034,22.0,30.0,0.0,18.62452306048808,46.93108734515616,12.0,30.0,0.0,16.526328436595905,55.14495540384759,12.0,30.0,0.0,18.835954155016716,47.665864643307099,12.0,30.0,0.0,17.50412930629554,50.740500519460699,10.0,30.0,0.0,15.792953908964652,57.28273711197343,12.0,30.0,0.0,16.629826628780984,54.549752084599649,20.0,30.0,0.0,17.819367311765775,0.0,0.0,0.0,14.714726683213624,0.0,0.0,543.7581052057049,536.7858985269464,546.0090562369458,556.0014695518349,655.292245532158,960.0660663236615,590.9794098813086,631.1703926431279,739.9426350641219,0.0,82.27527198602945,82.27527198602945,60.0,0.0,60.0,60.0,12.0,12.0,12.0,19.0,12.0,12.0,21.0,10.0,0.0,0.0,0.0,0.0,0.0,0.0,0.0,0.0,0.0,0.0,0.0,0.0,0.0,82.27527198602945,82.27527198602945,0.0,0.0,0.0,82.27527198602945,0.0,0.0,0.0009866666666666668 
 02/25  00:30:00,8.615,84.5,8.14,0.0,0.0,0.0,0.0,0.0,2.0,2.0,0.0,0.0,0.0,0.0,0.0,356.0,0.0,0.0,0.0,0.0,0.0,0.0,0.0,0.0,0.0,0.0,0.0,18.86784969422594,-100.09914171670153,19.024085814231975,-235.92955775527845,18.822862720355304,-258.44116202219996,18.62631205333122,-82.04508584232326,16.499554163529166,4.545457590771591,18.617874080822703,-28.179282468071024,17.387282685814229,19.260108504629217,15.85831523599673,-77.69149375358382,16.778432782149193,-95.3414919114735,521.1415998056691,413.1346921178549,0.0,0.0,0.0,0.0,0.0,0.0,0.0,0.0,0.0,0.0,0.0,0.0,0.0,0.0,0.0,0.0,0.0,0.0,0.0,0.0,0.0,0.0,0.9318506413848686,0.2844476927304239,326.7882336135383,381.9489204081583,6376.235386251606,0.15107469515417688,0.023057798405704656,160.57662087339288,187.40392328962893,3190.794874594065,0.8858768436015823,0.16739925238125145,284.93863631756428,333.0416139767227,5594.10453970665,0.17760865265618876,0.033561725747579127,148.80251457336545,173.95267997111587,2899.569516336887,0.0,0.0,7.37275234925472,8.67934969984799,116.05809627947088,0.0,0.0,11.485830017760464,13.41180357647773,231.26431801262306,0.0,0.0,88.22593625088601,103.51228142798364,1560.8027922140018,0.0,0.0,36.346163448898668,42.90093928546172,516.3030229313024,0.0,0.0,25.524485189321024,30.020519295240164,412.42939209863507,41.94657727206809,28.76994325930597,416.29411524288528,487.8546958928252,8241.767685656296,0.0,0.0,70.28335071897188,83.26981557166946,852.7978901369925,0.0,18.412934777714324,47.28548385128739,22.0,30.0,0.0,18.720699666707714,46.23779144369725,12.0,30.0,0.0,18.535024751580019,46.83238179160731,22.0,30.0,0.0,18.456228919789589,47.20348405794526,12.0,30.0,0.0,16.507400341330553,54.80125116834275,12.0,30.0,0.0,18.796139601308146,47.5013007271686,12.0,30.0,0.0,17.515738747137683,50.44261249234373,10.0,30.0,0.0,15.715504345631924,57.10250610445945,12.0,30.0,0.0,16.722955438650489,53.862499180259899,20.0,30.0,0.0,17.694571861229187,0.0,0.0,0.0,14.641244569623789,0.0,0.0,542.2325845499139,532.3718357533165,538.3673293474931,550.3830250916007,637.4085109041257,960.1567287463665,585.4531480506905,616.240208973783,748.9701633787015,0.0,82.27527198602945,82.27527198602945,60.0,0.0,60.0,60.0,12.0,12.0,12.0,19.0,12.0,12.0,21.0,10.0,0.0,0.0,0.0,0.0,0.0,0.0,0.0,0.0,0.0,0.0,0.0,0.0,0.0,82.27527198602945,82.27527198602945,0.0,0.0,0.0,82.27527198602945,0.0,0.0,0.0010133333333333334 
 02/25  00:40:00,8.57,84.33333333333334,8.15,0.0,0.0,0.0,0.0,0.0,2.0,2.0,0.0,0.0,0.0,0.0,0.0,356.0,0.0,0.0,0.0,0.0,0.0,0.0,0.0,0.0,0.0,0.0,0.0,18.870775661943708,-211.54283801880229,18.88159581118323,-190.78727558784477,18.669471597874577,-156.87116009885086,18.598956103559887,-135.02072475463138,16.48203990008718,4.458052830212054,18.582079044732145,-28.73411502660565,17.342577493819158,38.638800432474457,15.805442210664977,-79.08288840286991,16.805090706529265,-94.58537013291539,530.6500366837418,410.71140647091127,0.0,0.0,0.0,0.0,0.0,0.0,0.0,0.0,0.0,0.0,0.0,0.0,0.0,0.0,0.0,0.0,0.0,0.0,0.0,0.0,0.0,0.0,0.9252852215963887,0.282443596335894,337.16503172735158,394.2038116578375,6611.91746424651,0.1570524197772167,0.02397014953864724,167.5001784832794,195.97916645113919,3289.3254332744079,0.9297526769003481,0.1756902261716456,313.715899661154,366.8542885073398,6080.158701314792,0.17676920724992946,0.033403100387363836,175.83104695455246,205.55451444678332,3435.0202602200795,0.0,0.0,7.621086361483414,8.968612189031387,120.36490025325648,0.0,0.0,11.386817886399971,13.298590694457424,229.54130392339034,0.0,0.0,89.4971651510405,104.99402693970888,1579.4899558452055,0.0,0.0,37.401553741409447,44.15427921801968,529.7217626698428,0.0,0.0,24.213550311740716,28.47209339573346,396.1639399379564,41.94333093074094,28.767716687750999,453.4023908602958,531.5602501659384,8937.404481644851,0.0,0.0,69.59647517675833,82.46695808607879,842.5360632352712,0.0,18.475036692244893,46.82151031460957,22.0,30.0,0.0,18.520171644150929,46.45365837465101,12.0,30.0,0.0,18.323450098876266,47.20953732356392,22.0,30.0,0.0,18.453521384156795,47.05724267714977,12.0,30.0,0.0,16.48896880113406,54.54905383608998,12.0,30.0,0.0,18.762827242785549,47.32082380991626,12.0,30.0,0.0,17.449064575281115,50.35842106454204,10.0,30.0,0.0,15.648578803446903,56.980013968761799,12.0,30.0,0.0,16.782664012867344,53.316259192929269,20.0,30.0,0.0,17.68512585852625,0.0,0.0,0.0,14.581676316303656,0.0,0.0,533.6280193598917,518.6015702948587,530.3667899328298,547.6405608756136,628.3542527359482,955.9446309911282,576.3370537106115,607.9391910662249,753.1138146912824,0.0,82.27527198602945,82.27527198602945,60.0,0.0,60.0,60.0,12.0,12.0,12.0,19.0,12.0,12.0,21.0,10.0,0.0,0.0,0.0,0.0,0.0,0.0,0.0,0.0,0.0,0.0,0.0,0.0,0.0,82.27527198602945,82.27527198602945,0.0,0.0,0.0,82.27527198602945,0.0,0.0,0.00104 
 02/25  00:50:00,8.525,84.16666666666666,8.16,0.0,0.0,0.0,0.0,0.0,2.0,2.0,0.0,0.0,0.0,0.0,0.0,356.0,0.0,0.0,0.0,0.0,0.0,0.0,0.0,0.0,0.0,0.0,0.0,18.710165106046547,-97.05606592396635,18.873371273491885,-224.88759492343616,18.66765123198297,-245.80331532622768,18.48959910844623,-83.4169710284632,16.463811904488514,3.7049425202566939,18.5435474100701,-26.1462739228281,17.325783219676695,10.793202463480157,15.75620179223765,-80.33896517752464,16.82193906489659,-90.13134520747735,509.24841404817018,403.34655837737957,0.0,0.0,0.0,0.0,0.0,0.0,0.0,0.0,0.0,0.0,0.0,0.0,0.0,0.0,0.0,0.0,0.0,0.0,0.0,0.0,0.0,0.0,0.9241604848052203,0.2821002700870636,328.83816520242768,384.5232804605729,6376.816754634858,0.1499015839677878,0.022878752131835747,162.7376138307523,190.01397359308315,3217.221621601041,0.879887056021176,0.16626739531768262,293.9067239951628,343.6790251347563,5739.627557226532,0.17541799219106483,0.03314776874358745,156.3475017917519,182.86851354180656,3027.913821545536,0.0,0.0,7.3150452598336479,8.612126844797715,115.90456554007017,0.0,0.0,11.388348047755507,13.300404484396854,229.725665583072,0.0,0.0,85.2724203547436,100.06471196610902,1510.5266743238488,0.0,0.0,37.63864732456457,44.44187800128623,532.0517938427814,0.0,0.0,22.268503761523716,26.17978553321948,368.03371929199229,41.89945713804483,28.737624923213198,427.69854511383496,501.41713317641315,8423.334359325498,0.0,0.0,67.4957684095194,79.995054724238,814.3665622732773,0.0,18.263349398940485,47.30024545292753,22.0,30.0,0.0,18.569902980988453,46.205178718647527,12.0,30.0,0.0,18.386309083093726,46.79957976687788,22.0,30.0,0.0,18.304904432444375,47.21523429693703,12.0,30.0,0.0,16.469694767904359,54.243893613764999,12.0,30.0,0.0,18.724392647096857,47.145637227911567,12.0,30.0,0.0,17.436484218533097,50.1976706076991,10.0,30.0,0.0,15.588990513280212,56.91340701553389,12.0,30.0,0.0,16.823009225196445,52.91246109979288,20.0,30.0,0.0,17.581761546269335,0.0,0.0,0.0,14.515626006670628,0.0,0.0,531.7179674463587,517.7536253450858,524.4333566037794,539.6085952339673,614.1941770729741,953.0604759486373,573.2215030361058,601.2483792440681,758.2835660870533,0.0,82.27527198602945,82.27527198602945,60.0,0.0,60.0,60.0,12.0,12.0,12.0,19.0,12.0,12.0,21.0,10.0,0.0,0.0,0.0,0.0,0.0,0.0,0.0,0.0,0.0,0.0,0.0,0.0,0.0,82.27527198602945,82.27527198602945,0.0,0.0,0.0,82.27527198602945,0.0,0.0,0.0010333333333333332 
 02/25  01:00:00,8.48,84.0,8.17,0.0,0.0,0.0,0.0,0.0,2.0,2.0,0.0,0.0,0.0,0.0,0.0,356.0,0.0,0.0,0.0,0.0,0.0,0.0,0.0,0.0,0.0,0.0,0.0,18.72157969505496,-203.91036447830448,18.741795104218484,-185.1898460013308,18.526145498729887,-151.66979310019998,18.472674850942718,-131.51305898403599,16.44507498124829,3.6233744565850545,18.508443863861865,-27.02833362449431,17.27608988638676,30.754516325189117,15.709493319315503,-81.4580136654082,16.831307264698937,-88.41981698091024,517.6440890503163,400.2257100506172,0.0,0.0,0.0,0.0,0.0,0.0,0.0,0.0,0.0,0.0,0.0,0.0,0.0,0.0,0.0,0.0,0.0,0.0,0.0,0.0,0.0,0.0,0.9191010033228336,0.2805558618201568,337.37780593809159,394.60471507619868,6586.794406271665,0.1557551291899692,0.023772150364769416,168.36598530462084,197.065778009798,3292.3289458301744,0.9215341632667469,0.17413721906023189,314.8227517947721,368.29000458246437,6075.5920923072749,0.1748499795576975,0.033040434534712299,176.2330303006861,206.09541980024756,3428.1822090639554,0.0,0.0,7.544282783167455,8.878535908466521,119.91243010450373,0.0,0.0,11.315694331441187,13.21751690529539,228.534940325646,0.0,0.0,86.61838479996544,101.63687118239776,1529.711777837164,0.0,0.0,38.3183245917204,45.25020106373745,540.9725124796823,0.0,0.0,21.317156481439583,25.05878436130001,355.2261889362817,41.90397326490762,28.740722403914697,455.3582651891295,534.0308172893572,8946.1747285832,0.0,0.0,66.95836717657739,79.36658991691322,806.7953228200015,0.0,18.336370422089155,46.773103403473879,22.0,30.0,0.0,18.385220928443557,46.33693016881696,12.0,30.0,0.0,18.190642874025298,47.11817221134636,22.0,30.0,0.0,18.31877269597527,47.02188456786823,12.0,30.0,0.0,16.450077015682575,54.04495176117361,12.0,30.0,0.0,18.691384300157404,46.98943147361227,12.0,30.0,0.0,17.364186624093447,50.113293108961247,10.0,30.0,0.0,15.534420252605888,56.79073154301418,12.0,30.0,0.0,16.848471401904186,52.54215081811361,20.0,30.0,0.0,17.566874529998708,0.0,0.0,0.0,14.461894319775177,0.0,0.0,522.6045904537677,503.89252897273379,516.9570426680324,537.4757289285528,607.7565421801962,947.5589700960288,563.684300554267,595.2908282230258,761.4282928446031,0.0,82.27527198602945,82.27527198602945,60.0,0.0,60.0,60.0,12.0,12.0,12.0,19.0,12.0,12.0,21.0,10.0,0.0,0.0,0.0,0.0,0.0,0.0,0.0,0.0,0.0,0.0,0.0,0.0,0.0,82.27527198602945,82.27527198602945,0.0,0.0,0.0,82.27527198602945,0.0,0.0,0.0010266666666666669 
 02/25  01:10:00,8.381666666666668,84.33333333333333,8.21,0.0,0.0,0.0,0.0,0.0,2.0,2.0,0.0,0.0,0.0,0.0,0.0,356.0,0.0,0.0,0.0,0.0,0.0,0.0,0.0,0.0,0.0,0.0,0.0,18.5673116991184,-94.2411841739231,18.735174914764359,-219.2605215353019,18.527381818970384,-238.76584252605518,18.367915719425473,-85.30925977792595,16.425880274783745,2.987395951738577,18.46899794004664,-25.095755063974509,17.25669590530894,5.997281171766872,15.663966007827563,-82.60831419598628,16.83696957896567,-83.08928248937605,504.39687167172635,393.2601386810752,0.0,0.0,0.0,0.0,0.0,0.0,0.0,0.0,0.0,0.0,0.0,0.0,0.0,0.0,0.0,0.0,0.0,0.0,0.0,0.0,0.0,0.0,0.9277556597356638,0.2831976983320097,328.73373209295007,384.54438482296237,6382.975942182169,0.15097161042003413,0.02304206508242279,163.35371783019208,190.806953922317,3234.1963128864388,0.8832677037407148,0.16690621763807923,297.8368314055572,348.4049738310376,5825.754513951859,0.1751991512663274,0.033106415583206229,159.89906072898556,187.0989993288075,3101.5953848722786,0.0,0.0,7.268751341346558,8.558208770230355,116.66428101771678,0.0,0.0,11.34675545399961,13.254110622587725,230.49452156149227,0.0,0.0,82.81737677864015,97.20302238480096,1476.5836222909739,0.0,0.0,38.37387680306321,45.322122371611758,545.3929507741485,0.0,0.0,19.631223042292928,23.073334619581453,331.6773336082541,42.014451771851927,28.816496414164566,432.2945347443293,506.98201188509418,8534.437899031767,0.0,0.0,65.09779820543506,77.17629554655064,789.3142570538707,0.0,18.131219371629258,47.231089515738677,22.0,30.0,0.0,18.436188477726327,46.11663233842032,12.0,30.0,0.0,18.254625795805816,46.71365224677234,22.0,30.0,0.0,18.176063940766789,47.13461714226975,12.0,30.0,0.0,16.430011932777725,53.767503819631738,12.0,30.0,0.0,18.652237862743904,46.821496972541378,12.0,30.0,0.0,17.35033205801333,49.977138023009249,10.0,30.0,0.0,15.482885803225813,56.72725743835815,12.0,30.0,0.0,16.867972656477308,52.2502377025787,20.0,30.0,0.0,17.466079029201077,0.0,0.0,0.0,14.400762009706867,0.0,0.0,520.946719907874,505.1255469830767,512.262111550617,528.6866855450635,595.9240171987713,942.7780712424053,561.0103314462524,589.4459965383899,767.1201792224365,0.0,82.27527198602945,82.27527198602945,60.0,0.0,60.0,60.0,12.0,12.0,12.0,19.0,12.0,12.0,21.0,10.0,0.0,0.0,0.0,0.0,0.0,0.0,0.0,0.0,0.0,0.0,0.0,0.0,0.0,82.27527198602945,82.27527198602945,0.0,0.0,0.0,82.27527198602945,0.0,0.0,0.00102 
 02/25  01:20:00,8.283333333333335,84.66666666666667,8.25,0.0,0.0,0.0,0.0,0.0,2.0,2.0,0.0,0.0,0.0,0.0,0.0,356.0,0.0,0.0,0.0,0.0,0.0,0.0,0.0,0.0,0.0,0.0,0.0,18.58109781538238,-199.98229161735163,18.606102044591276,-182.62036188554749,18.390387758367557,-148.56698090236024,18.353999825429079,-132.4329279018798,16.40596055762864,2.946545191999448,18.43214888875179,-26.09634852110716,17.207008651223484,25.104067925179608,15.619578327723618,-83.70278647659723,16.838649898992576,-81.04207019009698,516.9218231528339,390.9927834680075,0.0,0.0,0.0,0.0,0.0,0.0,0.0,0.0,0.0,0.0,0.0,0.0,0.0,0.0,0.0,0.0,0.0,0.0,0.0,0.0,0.0,0.0,0.9322328461037968,0.2845643608375448,336.785887362985,394.0525633395423,6621.137313120032,0.1584892036006152,0.024189438888982785,168.40399450428664,197.17723057583226,3316.388267163716,0.9323065550243977,0.17617281840975022,315.5740471266591,369.2945567791504,6135.032154049355,0.1764392151586786,0.03334074360519247,176.6231628145904,206.61379101793865,3461.814101884561,0.0,0.0,7.508286883220693,8.836487371559955,121.65902923897451,0.0,0.0,11.303969189942024,13.205811275505319,231.05729251806214,0.0,0.0,84.31312942621635,98.95113409322315,1507.7899353700726,0.0,0.0,38.96086093424114,46.02042726398031,557.5721428707154,0.0,0.0,18.853240562347957,22.158151293074277,322.6030325537402,42.16754171146435,28.921496372746483,455.97914643258607,534.93875579136,9033.675032427771,0.0,0.0,64.7585213479712,76.78152859288295,791.4158303896368,0.0,18.204337443427833,46.70489119688099,22.0,30.0,0.0,18.25552879909835,46.23976457643312,12.0,30.0,0.0,18.063277250518074,47.028447132572669,22.0,30.0,0.0,18.194960116639927,46.938593623030239,12.0,30.0,0.0,16.409076375701944,53.599027955252598,12.0,30.0,0.0,18.617747659963464,46.68863028576219,12.0,30.0,0.0,17.279021573419557,49.877261756299507,10.0,30.0,0.0,15.433435601857952,56.58736770893893,12.0,30.0,0.0,16.87963272305509,51.9504804563219,20.0,30.0,0.0,17.440436189231748,0.0,0.0,0.0,14.34977548327987,0.0,0.0,512.2218658262985,492.2439297305234,505.52780479892018,526.9562666027073,590.4657869826542,936.4232778118454,551.39781722248,583.7784501832582,770.7693605331734,0.0,82.27527198602945,82.27527198602945,60.0,0.0,60.0,60.0,12.0,12.0,12.0,19.0,12.0,12.0,21.0,10.0,0.0,0.0,0.0,0.0,0.0,0.0,0.0,0.0,0.0,0.0,0.0,0.0,0.0,82.27527198602945,82.27527198602945,0.0,0.0,0.0,82.27527198602945,0.0,0.0,0.0010133333333333334 
 02/25  01:30:00,8.185,85.0,8.29,0.0,0.0,0.0,0.0,0.0,2.0,2.0,0.0,0.0,0.0,0.0,0.0,356.0,0.0,0.0,0.0,0.0,0.0,0.0,0.0,0.0,0.0,0.0,0.0,18.429758310460245,-92.52047710595707,18.59998923038516,-216.40037516390454,18.393537608758956,-235.30688711311724,18.25023863219605,-87.75015682053845,16.385826123258967,2.3437374195792985,18.39203509909023,-24.451601919563616,17.18695145513702,1.4589049262358458,15.575805814228449,-85.0156466430036,16.84011145758575,-74.71546755763962,505.0127975395444,383.8257496793374,0.0,0.0,0.0,0.0,0.0,0.0,0.0,0.0,0.0,0.0,0.0,0.0,0.0,0.0,0.0,0.0,0.0,0.0,0.0,0.0,0.0,0.0,0.9413773117792142,0.2873557117763169,329.55118189865126,385.6371024396262,6443.633384217601,0.15401265928770109,0.023506205629991007,164.3792191618903,192.07650770939439,3277.2533977246437,0.8951656417582132,0.16915450524531626,300.5768828318503,351.73181393926139,5922.706573343054,0.17676160465431943,0.033401663766878187,161.87004942033864,189.4756573147921,3163.4976772322527,0.0,0.0,7.2338681627763699,8.51771816937934,118.32630921820531,0.0,0.0,11.332569323938845,13.239843887913218,232.94382336792143,0.0,0.0,80.54860510210321,94.55844391531559,1454.0819581271003,0.0,0.0,38.94121106064246,46.00308446882116,561.2176264681807,0.0,0.0,17.187692601671946,20.1973938928289,297.8269491946844,42.279508576505637,28.998291204736384,436.07706478729826,511.59637882389776,8677.906931970416,0.0,0.0,62.887073400173779,74.57700820017998,773.2067747478052,0.0,18.000473540764128,47.16687039100054,22.0,30.0,0.0,18.305337799023414,46.05114715639756,12.0,30.0,0.0,18.12718868510632,46.64206812203952,22.0,30.0,0.0,18.051975059835905,47.047733208532168,12.0,30.0,0.0,16.388094249592265,53.33900734654645,12.0,30.0,0.0,18.577237576524554,46.5310563585463,12.0,30.0,0.0,17.265066464503059,49.760514867372979,10.0,30.0,0.0,15.385010276589635,56.52152290289527,12.0,30.0,0.0,16.891423970908315,51.700247360636328,20.0,30.0,0.0,17.34253022751895,0.0,0.0,0.0,14.287757101673183,0.0,0.0,510.855953246314,494.5894827381765,501.75578259011277,518.2786150434735,579.9675843294174,930.5148433982656,548.6170877453189,577.7866699020619,778.0492803714578,0.0,82.27527198602945,82.27527198602945,60.0,0.0,60.0,60.0,12.0,12.0,12.0,19.0,12.0,12.0,21.0,10.0,0.0,0.0,0.0,0.0,0.0,0.0,0.0,0.0,0.0,0.0,0.0,0.0,0.0,82.27527198602945,82.27527198602945,0.0,0.0,0.0,82.27527198602945,0.0,0.0,0.0010066666666666668 
 02/25  01:40:00,8.086666666666666,85.33333333333333,8.33,0.0,0.0,0.0,0.0,0.0,2.0,2.0,0.0,0.0,0.0,0.0,0.0,356.0,0.0,0.0,0.0,0.0,0.0,0.0,0.0,0.0,0.0,0.0,0.0,18.445937377616525,-197.4648009186776,18.47271672796675,-180.74841640552314,18.25907679654216,-146.1485202190879,18.238975506484484,-134.14277722330326,16.364879282102103,2.2920222086087138,18.35472006208665,-25.43729556144075,17.13658842190221,19.79888568066599,15.5325034906983,-86.29281818129562,16.839341886262443,-71.8723949325693,516.704248194249,381.46691098460908,0.0,0.0,0.0,0.0,0.0,0.0,0.0,0.0,0.0,0.0,0.0,0.0,0.0,0.0,0.0,0.0,0.0,0.0,0.0,0.0,0.0,0.0,0.9459894461825016,0.28876356721077586,335.39506401098137,392.55901473408007,6641.291038187241,0.16145560011491873,0.02464218560972508,167.96610548730383,196.72908368846835,3331.1605747585974,0.9438660296913428,0.1783571484677519,315.07304581382678,368.8269533733229,6171.440619442843,0.17816696389369197,0.03366722673728116,176.16588308325363,206.13784984286475,3479.9322183617284,0.0,0.0,7.474406960359472,8.796960968658518,123.3881825325807,0.0,0.0,11.287851891250451,13.189025445904417,233.43379452579877,0.0,0.0,81.9733246712837,96.22354574261664,1484.1994248135607,0.0,0.0,39.49163869254444,46.65808876536964,573.1792468609442,0.0,0.0,16.37230375105552,19.239486506539757,287.0833260052453,42.43312113420248,29.103649611935866,454.8858271515343,533.8309297964408,9089.041907143077,0.0,0.0,62.49823970182181,74.12392369766033,774.2091302913052,0.0,18.075337851365114,46.64635234656343,22.0,30.0,0.0,18.126274719194585,46.18253561303489,12.0,30.0,0.0,17.937424203443688,46.96274398126859,22.0,30.0,0.0,18.074523185317,46.85351381687477,12.0,30.0,0.0,16.36599463022306,53.1907916041831,12.0,30.0,0.0,18.54179677703145,46.4158010358171,12.0,30.0,0.0,17.19373966804544,49.65920258164514,10.0,30.0,0.0,15.337362724299407,56.38018019583278,12.0,30.0,0.0,16.898481044467475,51.43364457920056,20.0,30.0,0.0,17.31279086939606,0.0,0.0,0.0,14.234985976255988,0.0,0.0,502.68375240234277,482.76072003016949,495.7315472995004,516.9192822415575,574.6221932086968,923.8563496529919,538.8759381079295,572.2589963576907,783.5523073169782,0.0,82.27527198602945,82.27527198602945,60.0,0.0,60.0,60.0,12.0,12.0,12.0,19.0,12.0,12.0,21.0,10.0,0.0,0.0,0.0,0.0,0.0,0.0,0.0,0.0,0.0,0.0,0.0,0.0,0.0,82.27527198602945,82.27527198602945,0.0,0.0,0.0,82.27527198602945,0.0,0.0,0.001 
 02/25  01:50:00,7.988333333333333,85.66666666666667,8.370000000000001,0.0,0.0,0.0,0.0,0.0,2.0,2.0,0.0,0.0,0.0,0.0,0.0,356.0,0.0,0.0,0.0,0.0,0.0,0.0,0.0,0.0,0.0,0.0,0.0,18.29658561754693,-90.41448011686407,18.466912622832539,-214.68051931627952,18.263600718557023,-233.8343101515229,18.135550039265703,-90.3597130460671,16.34393831769303,1.6835273565785088,18.314278504715014,-23.965504379656239,17.115358230008114,-3.0747020590595186,15.4892226763818,-87.92875531170205,16.840723481094235,-63.52141981900019,505.2126183520113,372.95203276048155,0.0,0.0,0.0,0.0,0.0,0.0,0.0,0.0,0.0,0.0,0.0,0.0,0.0,0.0,0.0,0.0,0.0,0.0,0.0,0.0,0.0,0.0,0.9552056041508951,0.29157680224386298,326.97218201760566,382.74206607170677,6440.233418920565,0.1572175435366941,0.023995351577639519,163.48190107872999,191.09393553175034,3281.8971174514838,0.906993896388759,0.17138962516794396,300.28960410370487,351.5114677822761,5961.020168050036,0.1784261502007129,0.0337162037416313,162.30940077863279,190.05580424781688,3196.81482302692,0.0,0.0,7.1960446287495209,8.473750451473684,119.89060248389395,0.0,0.0,11.310735955387554,13.216667170780083,235.19217422314945,0.0,0.0,78.00292301549402,91.58751421930015,1425.3168550927649,0.0,0.0,39.449568991094469,46.614193676062289,576.5995011517464,0.0,0.0,14.476574853081882,17.008057013356088,256.97488255114197,42.545782834628528,29.180921011405034,434.7680217038477,510.23124896170727,8726.655029978603,0.0,0.0,60.385087340235347,71.63158211238789,752.0513549614866,0.0,17.872513310518138,47.111762903129889,22.0,30.0,0.0,18.17519900424555,46.01071063463263,12.0,30.0,0.0,18.0011859479361,46.58988748201244,22.0,30.0,0.0,17.93075179577749,46.96876506991616,12.0,30.0,0.0,16.344220195553523,52.94564914142617,12.0,30.0,0.0,18.500579540366233,46.267194708592587,12.0,30.0,0.0,17.178601699375485,49.55906221579467,10.0,30.0,0.0,15.289608656444923,56.31965119407377,12.0,30.0,0.0,16.910078092797414,51.19942641767774,20.0,30.0,0.0,17.21509597039709,0.0,0.0,0.0,14.169079687006775,0.0,0.0,501.5230664047882,485.61078538412746,492.63110227990617,508.5540577052302,564.8292335799885,917.2316235930966,535.240717569461,565.8842065527319,794.9357586396163,0.0,82.27527198602945,82.27527198602945,60.0,0.0,60.0,60.0,12.0,12.0,12.0,19.0,12.0,12.0,21.0,10.0,0.0,0.0,0.0,0.0,0.0,0.0,0.0,0.0,0.0,0.0,0.0,0.0,0.0,82.27527198602945,82.27527198602945,0.0,0.0,0.0,82.27527198602945,0.0,0.0,0.0009866666666666668 
 02/25  02:00:00,7.89,86.0,8.41,0.0,0.0,0.0,0.0,0.0,2.0,2.0,0.0,0.0,0.0,0.0,0.0,356.0,0.0,0.0,0.0,0.0,0.0,0.0,0.0,0.0,0.0,0.0,0.0,18.313915692436777,-195.30690896754914,18.34095660849114,-179.31334932726123,18.130848734584736,-144.4647009888422,18.12613618010056,-136.4269302469902,16.32206287743373,1.6033312873043287,18.27673258846515,-24.917560766202315,17.064839791395675,14.775508318005905,15.44595379072091,-89.50196399934305,16.841161393981264,-57.92290894541725,516.9264492314142,368.7499702783589,0.0,0.0,0.0,0.0,0.0,0.0,0.0,0.0,0.0,0.0,0.0,0.0,0.0,0.0,0.0,0.0,0.0,0.0,0.0,0.0,0.0,0.0,0.9599614533010906,0.29302852664868458,332.4182025503747,389.20325682392765,6630.02965043238,0.16465598571484073,0.025130644950372519,166.6416720263895,195.24013613853368,3328.26877327324,0.9561076376362222,0.18067037748227939,313.3972607309469,366.9773959036372,6185.400600685083,0.17998980052091308,0.034011678102969209,175.2574889546613,205.13130756961179,3489.4849645873575,0.0,0.0,7.447065075047966,8.765162453517644,125.17962441029087,0.0,0.0,11.255086891105224,13.152762408357349,235.42904425061188,0.0,0.0,79.0732502590567,92.83791060895321,1449.1927287259328,0.0,0.0,40.016829732663527,47.289217088005987,588.9631705675581,0.0,0.0,13.246509098159489,15.564769655640405,237.9164306468008,42.699835592960187,29.28658133947888,451.72549723895886,530.2911803408589,9105.229652456064,0.0,0.0,59.60176781505513,70.71259683932634,747.2799668751727,0.0,17.947706418975654,46.5973390176509,22.0,30.0,0.0,17.997394823109397,46.14968427110881,12.0,30.0,0.0,17.812382651167036,46.91605082118475,22.0,30.0,0.0,17.955879533946694,46.77579218979441,12.0,30.0,0.0,16.321041034551116,52.81242644692611,12.0,30.0,0.0,18.464648657040344,46.16481866405895,12.0,30.0,0.0,17.107857156705305,49.451932456653967,10.0,30.0,0.0,15.241817818484798,56.18836657073902,12.0,30.0,0.0,16.919033555519769,50.951370893381739,20.0,30.0,0.0,17.18413617459787,0.0,0.0,0.0,14.111706871716582,0.0,0.0,493.69589513147869,474.6477278922106,487.0987734814513,507.43416967856168,558.7269659521655,910.4358929565406,524.0615527396726,560.1985083257879,805.5943744686526,0.0,82.27527198602945,82.27527198602945,60.0,0.0,60.0,60.0,12.0,12.0,12.0,19.0,12.0,12.0,21.0,10.0,0.0,0.0,0.0,0.0,0.0,0.0,0.0,0.0,0.0,0.0,0.0,0.0,0.0,82.27527198602945,82.27527198602945,0.0,0.0,0.0,82.27527198602945,0.0,0.0,0.0009733333333333333 
 02/25  02:10:00,7.885,86.0,8.305,0.0,0.0,0.0,0.0,0.0,2.0,2.0,0.0,0.0,0.0,0.0,0.0,356.0,0.0,0.0,0.0,0.0,0.0,0.0,0.0,0.0,0.0,0.0,0.0,18.168807429168618,-88.0301234270255,18.33920631119453,-208.6603638944507,18.140051408027767,-228.0044240077068,18.02560355008621,-91.0639807476714,16.30041144934564,0.833436331379886,18.23815051476571,-23.35084862880467,17.04226464457154,-7.7877516457811,15.40257618350594,-92.19638567765526,16.85061872201122,-40.27831348559508,493.2970939372708,351.1403699232816,0.0,0.0,0.0,0.0,0.0,0.0,0.0,0.0,0.0,0.0,0.0,0.0,0.0,0.0,0.0,0.0,0.0,0.0,0.0,0.0,0.0,0.0,0.9484747186139977,0.2895221973791202,323.55639889302366,378.8536616773076,6362.1523658309529,0.15665341586956406,0.023909251506343725,162.28184247441335,189.75021502356945,3252.294441962036,0.8997916040016233,0.170028647770526,298.3120487031267,349.29596911356625,5914.384089888433,0.17636507286220055,0.03332673334508702,161.36263144025714,189.00485802269209,3174.4497699457499,0.0,0.0,7.106394627463393,8.368622120086377,119.20717825482525,0.0,0.0,11.164745393091435,13.048106594412222,232.76173864338416,0.0,0.0,74.25548243842184,87.20294870926628,1359.2462698128666,0.0,0.0,39.95076035006887,47.21628021574985,584.5167470077984,0.0,0.0,10.789992457493664,12.673027478785134,194.42625082220588,42.232026478266877,28.965724607864808,431.8785156519443,506.9690569110152,8663.44385979326,0.0,0.0,55.79984542233658,66.21290063819197,691.2477955436345,0.0,17.750656463794646,47.05963959252777,22.0,30.0,0.0,18.050175083519105,45.98148594145391,12.0,30.0,0.0,17.882569917743639,46.54058810580996,22.0,30.0,0.0,17.81486190604098,46.89365041932268,12.0,30.0,0.0,16.298575162126214,52.57976523110125,12.0,30.0,0.0,18.42411693121616,46.02105359960252,12.0,30.0,0.0,17.090731248186044,49.37119553387858,10.0,30.0,0.0,15.192745236873697,56.13774895328943,12.0,30.0,0.0,16.944613048910818,50.68742816233017,20.0,30.0,0.0,17.105587908719224,0.0,0.0,0.0,14.030726197418263,0.0,0.0,492.7048633745201,477.72954026083496,484.40735855967116,499.20785816694697,548.8928919048613,903.6508206677015,518.1266442851709,552.7528426345932,827.1305228333213,0.0,82.27527198602945,82.27527198602945,60.0,0.0,60.0,60.0,12.0,12.0,12.0,19.0,12.0,12.0,21.0,10.0,0.0,0.0,0.0,0.0,0.0,0.0,0.0,0.0,0.0,0.0,0.0,0.0,0.0,82.27527198602945,82.27527198602945,0.0,0.0,0.0,82.27527198602945,0.0,0.0,0.00096 
 02/25  02:20:00,7.880000000000001,86.0,8.200000000000001,0.0,0.0,0.0,0.0,0.0,2.0,2.0,0.0,0.0,0.0,0.0,0.0,356.0,0.0,0.0,0.0,0.0,0.0,0.0,0.0,0.0,0.0,0.0,0.0,18.193577430906289,-187.03863091063159,18.222300320306418,-173.09789392315998,18.014901888005004,-139.96105808105313,18.022627208245909,-131.28744688737243,16.277839694289143,0.7848236177636068,18.203344462733978,-24.147078729827116,16.990918325343196,8.77987218235694,15.35815582696798,-94.90771924251226,16.861071523916764,-28.316361498612268,491.86251885398999,340.6551978401153,0.0,0.0,0.0,0.0,0.0,0.0,0.0,0.0,0.0,0.0,0.0,0.0,0.0,0.0,0.0,0.0,0.0,0.0,0.0,0.0,0.0,0.0,0.9329225649102442,0.28477489771374978,322.3465661321753,377.4957261312208,6367.498495322145,0.1600325401156126,0.024424990860136235,161.8335838508608,189.6516881553589,3199.7566882232865,0.9292857340596721,0.17560199056305224,304.66050097458688,356.81817025086789,5954.883753959057,0.17475309653029104,0.03302212708433314,170.4827693636591,199.58185493505079,3362.341424678264,0.0,0.0,7.373925783999868,8.679285423041743,123.4091940774718,0.0,0.0,11.038107618491932,12.900556531225618,229.48833872593318,0.0,0.0,74.87282225115215,87.91571765875969,1360.7346741951258,0.0,0.0,40.5581598304836,47.938375537806958,589.703283222136,0.0,0.0,9.765000782478238,11.464502842585525,176.52238595617349,41.81315759150151,28.67843456207237,438.6433680049264,515.0118544508562,8769.765708369627,0.0,0.0,53.870870989905458,63.935295961874718,660.6873911064472,0.0,17.838979830545897,46.519773509067089,22.0,30.0,0.0,17.884271927165515,46.104816416540327,12.0,30.0,0.0,17.705061012773684,46.85233717362448,22.0,30.0,0.0,17.849357246833557,46.695655609938338,12.0,30.0,0.0,16.27471917659611,52.45654626941831,12.0,30.0,0.0,18.39002569717259,45.92015299534033,12.0,30.0,0.0,17.01947762290829,49.26004493810932,10.0,30.0,0.0,15.141672217877812,56.0348924359816,12.0,30.0,0.0,16.969490970085365,50.42792820267741,20.0,30.0,0.0,17.091152881503566,0.0,0.0,0.0,13.963483524012205,0.0,0.0,484.679979437552,467.0025541512597,478.9904632320166,498.3615866670019,540.8136930762431,896.2876385878744,504.71666349745876,546.632496950265,849.4909773862084,0.0,82.27527198602945,82.27527198602945,60.0,0.0,60.0,60.0,12.0,12.0,12.0,19.0,12.0,12.0,21.0,10.0,0.0,0.0,0.0,0.0,0.0,0.0,0.0,0.0,0.0,0.0,0.0,0.0,0.0,82.27527198602945,82.27527198602945,0.0,0.0,0.0,82.27527198602945,0.0,0.0,0.0009499999999999999 
 02/25  02:30:00,7.875,86.0,8.095,0.0,0.0,0.0,0.0,0.0,2.0,2.0,0.0,0.0,0.0,0.0,0.0,356.0,0.0,0.0,0.0,0.0,0.0,0.0,0.0,0.0,0.0,0.0,0.0,18.055939847071664,-85.58329383253386,18.223578367341088,-199.4610466625595,18.027322611893493,-218.0843147874093,17.929025080961944,-89.51351198472276,16.255808631298387,0.211578640720802,18.166201530851443,-22.916896279613498,16.966125716319995,-12.120945487756444,15.314502670123187,-96.02577883747836,16.870147835979667,-28.872032134112375,469.65857404980309,340.3753936122358,0.0,0.0,0.0,0.0,0.0,0.0,0.0,0.0,0.0,0.0,0.0,0.0,0.0,0.0,0.0,0.0,0.0,0.0,0.0,0.0,0.0,0.0,0.9230204700435801,0.2817522802330831,310.21058776923158,363.283221664336,6046.247493323491,0.15295078194505863,0.02334413643850101,155.69125240252849,182.07762688482857,3090.3849871412169,0.8760425365466573,0.1655409177147879,286.38131054041,335.39180800330657,5626.001021796383,0.1714377543328674,0.03239564518761666,154.9788407728097,181.56188190447734,3022.654484297359,0.0,0.0,7.082411669797381,8.340363379623858,118.28377320924112,0.0,0.0,10.960652664532534,12.811001968679652,227.15140599173226,0.0,0.0,71.28156044923185,83.72762015652998,1293.457756544527,0.0,0.0,40.53019273850616,47.91050055255049,585.7453223479417,0.0,0.0,11.207954536086751,13.164944289546459,203.08035290563519,41.35943808020717,28.367241481623588,413.57035934633049,485.5353939552901,8242.68651993281,0.0,0.0,53.421658674377258,63.412169995415748,649.513171441748,0.0,17.652298017988899,46.96789850439644,22.0,30.0,0.0,17.94052475355422,45.946431757953458,12.0,30.0,0.0,17.779294997303646,46.48841622924992,22.0,30.0,0.0,17.718783581362716,46.79105107784355,12.0,30.0,0.0,16.252145109261308,52.23823685806789,12.0,30.0,0.0,18.351233282847376,45.77816786508956,12.0,30.0,0.0,16.999118254484249,49.22154440307058,10.0,30.0,0.0,15.092269409342839,56.00619365209228,12.0,30.0,0.0,16.989664937379698,50.11733205009969,20.0,30.0,0.0,17.016278432888386,0.0,0.0,0.0,13.90508308198191,0.0,0.0,483.54224045519455,470.0629335190421,476.46311395368289,489.23753030957587,530.9233418988665,887.3698611601258,502.6826523630692,544.7530692901623,849.3276017591113,0.0,82.27527198602945,82.27527198602945,60.0,0.0,60.0,60.0,12.0,12.0,12.0,19.0,12.0,12.0,21.0,10.0,0.0,0.0,0.0,0.0,0.0,0.0,0.0,0.0,0.0,0.0,0.0,0.0,0.0,82.27527198602945,82.27527198602945,0.0,0.0,0.0,82.27527198602945,0.0,0.0,0.00094 
 02/25  02:40:00,7.870000000000001,86.0,7.99,0.0,0.0,0.0,0.0,0.0,2.0,2.0,0.0,0.0,0.0,0.0,0.0,178.0,0.0,0.0,0.0,0.0,0.0,0.0,0.0,0.0,0.0,0.0,0.0,17.998034287234139,-185.64776453882406,18.225144984687998,-9.448788424581608,18.022925715287174,-43.966772002626388,17.879635493179444,-152.06389175812638,16.23149217203727,1.1501259585412243,18.126802211566714,-24.9750474956914,16.936322669887958,14.439657218131288,15.271235166427296,-92.69671475173959,16.874954111678507,-29.963665757359139,405.6811958428689,343.53937271135467,0.0,0.0,0.0,0.0,0.0,0.0,0.0,0.0,0.0,0.0,0.0,0.0,0.0,0.0,0.0,0.0,0.0,0.0,0.0,0.0,0.0,0.0,0.9142992450650341,0.2790901236462253,192.14777292119673,224.67186605839297,3710.502851971089,0.16732604960089779,0.025538163858500885,24.1953715904967,28.246827959022576,488.44982644625648,0.9387166443312515,0.17738409756826377,241.2691133100604,281.79619915760437,4778.147682188312,0.17339321056973926,0.03276515694817445,121.11766235061133,141.57670704436473,2350.7209067218698,0.0,0.0,7.618021639347314,8.94699967827889,126.93891275233747,0.0,0.0,10.914505926946692,12.72698479138689,225.44273927858644,0.0,0.0,76.37729010261788,89.47320853119746,1382.4642358890649,0.0,0.0,40.87245253242233,48.20046753497421,587.3601403111854,0.0,0.0,12.312908466507052,14.42141132507925,223.59835031189469,40.943879037558627,28.08222156211155,240.2114465967893,281.64132834967429,4981.3077875767,0.0,0.0,53.68345939484312,63.57261891819494,648.5186525076439,0.0,17.57401236027562,46.69337694483613,22.0,30.0,0.0,18.008187039336009,45.736071395991768,12.0,30.0,0.0,17.839533212742663,46.83560368359965,22.0,30.0,0.0,17.658469772375815,46.477034760679369,12.0,30.0,0.0,16.22537978135557,52.05156666361368,12.0,30.0,0.0,18.307119274769954,45.63512597711013,12.0,30.0,0.0,16.9715346364981,49.500486003099627,10.0,30.0,0.0,15.043447064010792,56.04406195296718,12.0,30.0,0.0,17.002232829266665,49.81791765531492,20.0,30.0,0.0,16.80148492006832,0.0,0.0,0.0,13.858760052001305,0.0,0.0,468.42800364368545,471.119882566879,500.5948216193449,476.1974370024152,522.9278984772891,877.3722834516019,509.8661623089593,547.3307122644259,845.0436327805658,0.0,82.27527198602945,82.27527198602945,60.0,0.0,60.0,60.0,12.0,12.0,12.0,19.0,12.0,12.0,21.0,10.0,0.0,0.0,0.0,0.0,0.0,0.0,0.0,0.0,0.0,0.0,0.0,0.0,0.0,82.27527198602945,82.27527198602945,0.0,0.0,0.0,82.27527198602945,0.0,0.0,0.00093 
 02/25  02:50:00,7.865,86.0,7.885,0.0,0.0,0.0,0.0,0.0,2.0,2.0,0.0,0.0,0.0,0.0,0.0,356.0,0.0,0.0,0.0,0.0,0.0,0.0,0.0,0.0,0.0,0.0,0.0,18.038235558474626,-89.42949967750019,18.13737839075673,-199.68377960553256,17.91537328740267,-196.75631037579343,17.874573787354146,-73.90577312024743,16.211409925069974,0.2681337366336294,18.096774232873146,-22.074515388068705,16.89696620745878,-3.7990353450056775,15.23616754170402,-96.04918060820296,16.873729727453033,-31.54139088152553,439.3413631595404,346.85297082320599,0.0,0.0,0.0,0.0,0.0,0.0,0.0,0.0,0.0,0.0,0.0,0.0,0.0,0.0,0.0,0.0,0.0,0.0,0.0,0.0,0.0,0.0,0.8962246625332326,0.2735728518111211,248.1994041843583,290.81846626019446,4873.530136295283,0.15090496117364339,0.023031892731020053,110.31896797284755,129.42020843517765,2175.72376745887,0.8896878119655302,0.16811939001616223,247.46995431371534,289.90820342586087,4815.667285253541,0.1757303238097066,0.03320678832382966,133.9529064880402,156.91210291453246,2611.9526764882846,0.0,0.0,7.17600891393624,8.446931533228615,119.33317949776517,0.0,0.0,10.787337816716287,12.609431208375057,222.30147463660649,0.0,0.0,72.39679420763034,85.01839408710427,1303.4779157650942,0.0,0.0,41.05459258930949,48.53439457259377,587.4306785545974,0.0,0.0,12.399695632615173,14.555045806200262,225.23615411267788,40.562076966176167,27.820354572137299,321.1187535061798,377.3920679076963,6481.703118773832,0.0,0.0,53.73574769684746,63.7907793379601,644.8996568953703,0.0,17.733675213633519,46.442707057011698,22.0,30.0,0.0,17.860016111283828,45.65259065989832,12.0,30.0,0.0,17.660453016654789,46.60381687068242,22.0,30.0,0.0,17.705074005282179,46.73058707600916,12.0,30.0,0.0,16.207073853814366,52.02110713992061,12.0,30.0,0.0,18.28203089395689,45.594309884503939,12.0,30.0,0.0,16.920520964989799,49.18843214504444,10.0,30.0,0.0,15.010013590693808,55.99307231683698,12.0,30.0,0.0,17.003941365373174,49.69275388331707,20.0,30.0,0.0,16.88815032380565,0.0,0.0,0.0,13.816241351259644,0.0,0.0,474.3415089575916,451.7609601588248,470.1321788908816,488.32420124074158,521.064374047976,872.6502501933221,498.35219183839947,549.089723575942,842.5001588085455,0.0,82.27527198602945,82.27527198602945,60.0,0.0,60.0,60.0,12.0,12.0,12.0,19.0,12.0,12.0,21.0,10.0,0.0,0.0,0.0,0.0,0.0,0.0,0.0,0.0,0.0,0.0,0.0,0.0,0.0,82.27527198602945,82.27527198602945,0.0,0.0,0.0,82.27527198602945,0.0,0.0,0.0009133333333333333 
 02/25  03:00:00,7.86,86.0,7.78,0.0,0.0,0.0,0.0,0.0,2.0,2.0,0.0,0.0,0.0,0.0,0.0,178.0,0.0,0.0,0.0,0.0,0.0,0.0,0.0,0.0,0.0,0.0,0.0,18.075809256071989,-22.010886735796704,18.026601765678899,-281.7398502199276,17.83169232407343,-230.7585904694506,17.884133862114184,-7.878139882429878,16.186359122354444,0.21452572788240333,18.059447514725627,-20.730571929980387,16.85447886459624,-9.586209915321433,15.193460872134232,-94.03728669259567,16.870099791911409,-32.50424565531,415.8132561769162,349.15844931679706,0.0,0.0,0.0,0.0,0.0,0.0,0.0,0.0,0.0,0.0,0.0,0.0,0.0,0.0,0.0,0.0,0.0,0.0,0.0,0.0,0.0,0.0,0.8840640566305161,0.2698608231472882,213.65521136991644,249.5115758346205,4244.739107047534,0.14703537536314283,0.02244129660609628,156.35404822053318,182.72015438272298,3046.4080538488967,0.8627944304851698,0.16303749631239043,143.28389311212514,167.52835728252249,2765.57651780122,0.17468586525689987,0.033009422762074799,89.01041106456677,103.97314700156042,1747.8461247764167,0.0,0.0,6.992423161266569,8.212181906716002,116.00348900307856,0.0,0.0,10.705952510017032,12.484722991076254,219.95779596151679,0.0,0.0,70.49682898105925,82.60986382553672,1262.4868744254234,0.0,0.0,41.05350471036523,48.419850676073348,584.0877554595619,0.0,0.0,12.709261367509944,14.883316652811729,230.99393228859723,40.13410413059006,27.526820391351217,249.94582404941074,292.9803217295243,5144.365469029217,0.0,0.0,53.59727546854014,63.47646897822047,639.518098166821,0.0,17.861987449664264,45.97589385398816,22.0,30.0,0.0,17.694867484037027,45.90099951010319,12.0,30.0,0.0,17.548516990985239,46.3822904333045,22.0,30.0,0.0,17.76372260493559,46.7417198097234,12.0,30.0,0.0,16.179167581305504,51.94553328121619,12.0,30.0,0.0,18.241454036675348,45.50977943422572,12.0,30.0,0.0,16.863541021729998,49.05927675053315,10.0,30.0,0.0,14.961378494510422,56.02480863757447,12.0,30.0,0.0,17.00214804036052,49.50338748456143,20.0,30.0,0.0,16.801963111642736,0.0,0.0,0.0,13.774264214706557,0.0,0.0,467.76636550200569,444.64332782813195,449.2531652985737,495.8229941367054,517.6593421520664,864.1491389068656,493.29821225856099,552.3817373690683,833.3473943649116,0.0,82.27527198602945,82.27527198602945,60.0,0.0,60.0,60.0,12.0,12.0,12.0,19.0,12.0,12.0,21.0,10.0,0.0,0.0,0.0,0.0,0.0,0.0,0.0,0.0,0.0,0.0,0.0,0.0,0.0,82.27527198602945,82.27527198602945,0.0,0.0,0.0,82.27527198602945,0.0,0.0,0.0008966666666666667 
 02/25  03:10:00,7.831666666666667,86.0,7.68,0.0,0.0,0.0,0.0,0.0,2.0,2.0,0.0,0.0,0.0,0.0,0.0,356.0,0.0,0.0,0.0,0.0,0.0,0.0,0.0,0.0,0.0,0.0,0.0,17.915985852090178,-152.9599944540896,18.01454418164242,-125.70518049395105,17.838929371187878,-117.1942235315737,17.814095212637015,-117.93149848285202,16.166312975024657,0.2064833814616236,18.028026911268957,-23.154935599715118,16.835283120252265,-3.4372583651261268,15.158931570553016,-96.85173122091385,16.864345466832888,-34.23826582429831,440.5073824450619,349.73419881168379,0.0,0.0,0.0,0.0,0.0,0.0,0.0,0.0,0.0,0.0,0.0,0.0,0.0,0.0,0.0,0.0,0.0,0.0,0.0,0.0,0.0,0.0,0.9021001493362857,0.2753663459512472,260.3761433354766,305.07630473288796,5037.906235100259,0.1600880108713862,0.024433457092702408,126.96742894707292,148.58464750299494,2490.6480393548038,0.87623306066793,0.16557692000527786,226.3575783196049,265.2783218067475,4410.510692999054,0.16462842972675774,0.031108924740505987,116.82840240642301,136.95456089816794,2269.4778560008419,0.0,0.0,7.280217318656845,8.572537756337735,120.88995421477128,0.0,0.0,10.630632890670949,12.427727251914636,218.3327869442866,0.0,0.0,71.64786581922459,84.17096755898803,1285.6467507570192,0.0,0.0,41.284121437435377,48.81380791570221,586.8404181489176,0.0,0.0,13.881142604893079,16.295441992780014,252.84066106492905,39.90960469533947,27.37284272657029,325.87151620690499,382.8563240264788,6545.969889367828,0.0,0.0,53.755829050089349,63.8266117968815,639.793104670436,0.0,17.570127530682094,46.66350673140704,22.0,30.0,0.0,17.748395440383594,45.934454849976479,12.0,30.0,0.0,17.629749597357394,46.511516236607807,22.0,30.0,0.0,17.6447629136525,46.543070422977368,12.0,30.0,0.0,16.16149164174314,51.857110939430658,12.0,30.0,0.0,18.212858454903093,45.465573741657568,12.0,30.0,0.0,16.854879561011779,49.086217943905939,10.0,30.0,0.0,14.928832866749037,56.04583330968275,12.0,30.0,0.0,16.997529963139109,49.37338606943969,20.0,30.0,0.0,16.857678037048467,0.0,0.0,0.0,13.73262282989525,0.0,0.0,467.4196596263427,453.86223702635757,467.44684389221916,475.36494369375739,514.9991740280391,860.1640773626881,493.4114146713634,555.7934396316925,822.6421600018354,0.0,82.27527198602945,82.27527198602945,60.0,0.0,60.0,60.0,12.0,12.0,12.0,19.0,12.0,12.0,21.0,10.0,0.0,0.0,0.0,0.0,0.0,0.0,0.0,0.0,0.0,0.0,0.0,0.0,0.0,82.27527198602945,82.27527198602945,0.0,0.0,0.0,82.27527198602945,0.0,0.0,0.00088 
 02/25  03:20:00,7.803333333333335,86.0,7.58,0.0,0.0,0.0,0.0,0.0,2.0,2.0,0.0,0.0,0.0,0.0,0.0,178.0,0.0,0.0,0.0,0.0,0.0,0.0,0.0,0.0,0.0,0.0,0.0,17.835855722151935,-162.29779529181907,18.028703225408749,-18.10689167884709,17.849793966164684,-40.79322545291325,17.736603210939493,-154.25633366233797,16.140995941057076,0.4068789692269945,17.98886620941554,-23.74660274713989,16.80184765674639,4.620963343090352,15.117214263344949,-95.02662700479778,16.85532516869783,-35.70151991701533,361.2832889287338,350.2184175396467,0.0,0.0,0.0,0.0,0.0,0.0,0.0,0.0,0.0,0.0,0.0,0.0,0.0,0.0,0.0,0.0,0.0,0.0,0.0,0.0,0.0,0.0,0.9048657259217591,0.276210539048156,125.01055128562074,146.18145970690788,2410.392254510684,0.1637008379674864,0.024984865379652996,8.567506235905724,10.006324535353185,173.1434368117194,0.8905908938102448,0.16829004040254065,186.05716762105994,217.3702776908388,3662.550416846827,0.16578397928461983,0.03132728255567267,106.79045342075429,124.84758980531704,2060.9243452102198,0.0,0.0,7.441224493801092,8.740130248905434,123.61387746813831,0.0,0.0,10.607398350501424,12.372142549316362,217.6328571053199,0.0,0.0,73.33813919640459,85.94077064947276,1315.2080353989614,0.0,0.0,41.35113285615368,48.780483741503328,586.5304946878896,0.0,0.0,14.454832240900187,16.927387068362039,263.9060720747234,39.64466875770816,27.19113083519079,184.30763309640168,216.19540123368936,3900.875837547863,0.0,0.0,53.74578511645182,63.66770512571619,638.3732253538145,0.0,17.46870090153971,46.72556164694841,22.0,30.0,0.0,17.82835709473702,45.54911576154819,12.0,30.0,0.0,17.702989144662579,46.50407620659071,22.0,30.0,0.0,17.53449883490826,46.527042333025438,12.0,30.0,0.0,16.13344457633995,51.743163190660649,12.0,30.0,0.0,18.16929455255466,45.39576757633716,12.0,30.0,0.0,16.81923891549184,49.248944698293097,10.0,30.0,0.0,14.882000979314297,56.036974413241747,12.0,30.0,0.0,16.987635023342983,49.19341173337814,20.0,30.0,0.0,16.58059236006412,0.0,0.0,0.0,13.689595839407782,0.0,0.0,463.2049653350798,450.50851062842698,478.8501858235592,465.2438260383773,512.6218794900428,852.3543484788922,496.33687662364698,560.8167421089593,807.520624498464,0.0,82.27527198602945,82.27527198602945,60.0,0.0,60.0,60.0,12.0,12.0,12.0,19.0,12.0,12.0,21.0,10.0,0.0,0.0,0.0,0.0,0.0,0.0,0.0,0.0,0.0,0.0,0.0,0.0,0.0,82.27527198602945,82.27527198602945,0.0,0.0,0.0,82.27527198602945,0.0,0.0,0.0008866666666666667 
 02/25  03:30:00,7.775,86.0,7.48,0.0,0.0,0.0,0.0,0.0,2.0,2.0,0.0,0.0,0.0,0.0,0.0,356.0,0.0,0.0,0.0,0.0,0.0,0.0,0.0,0.0,0.0,0.0,0.0,17.859688012913439,-80.65070245534207,17.94217955042798,-198.03891870035188,17.736666473926414,-193.89504218315143,17.72520582386875,-74.00502191755595,16.120258208323926,-0.17758891639735453,17.958210898996169,-22.31055091469983,16.766118671748985,-6.506133882421182,15.083403793683248,-97.84781960047428,16.8467336491971,-36.952941404075179,418.5075441707745,352.1151420019298,0.0,0.0,0.0,0.0,0.0,0.0,0.0,0.0,0.0,0.0,0.0,0.0,0.0,0.0,0.0,0.0,0.0,0.0,0.0,0.0,0.0,0.0,0.8809169874483835,0.2689001793187984,218.60519660800009,256.2207932051439,4269.630109588627,0.15251999511168008,0.023278387532307704,100.04102937627153,117.37775509157368,1959.3077994290925,0.8733776134561946,0.16503734192293935,227.79091368081664,266.9140607962913,4408.349845512085,0.17168522617146354,0.03244240857359477,124.14879724800074,145.45653333899984,2409.8360391840117,0.0,0.0,7.204961522505618,8.482336330303222,119.78148732692793,0.0,0.0,10.57323490095611,12.362726218188153,216.9068948023525,0.0,0.0,71.22081535927434,83.66248012767794,1274.8706101236313,0.0,0.0,41.49741232974095,49.074055407202028,588.1441377121014,0.0,0.0,14.694492638590948,17.24852351718005,268.77030118035239,39.43703065351163,27.048717869349546,289.12107057346028,339.86641376058096,5841.381747188404,0.0,0.0,53.81008125597832,63.90224998193132,637.6256316946299,0.0,17.587903484830016,46.36182401385385,22.0,30.0,0.0,17.684408831380819,45.84022477237849,12.0,30.0,0.0,17.511144958413948,46.58698551813359,22.0,30.0,0.0,17.569292820153764,46.60388723238273,12.0,30.0,0.0,16.114655029526895,51.71743612609869,12.0,30.0,0.0,18.143229115208663,45.370336401321257,12.0,30.0,0.0,16.77638898632281,49.114330685603608,10.0,30.0,0.0,14.850391622569962,56.00185935654274,12.0,30.0,0.0,16.97973841537577,49.11215051661429,20.0,30.0,0.0,16.72770056627735,0.0,0.0,0.0,13.648916498034322,0.0,0.0,460.8977999773738,448.0404808745486,460.46494826510027,471.86111645916369,512.3177746020072,847.2097169281024,493.92842004776608,563.550252497567,801.7012735244986,0.0,82.27527198602945,82.27527198602945,60.0,0.0,60.0,60.0,12.0,12.0,12.0,19.0,12.0,12.0,21.0,10.0,0.0,0.0,0.0,0.0,0.0,0.0,0.0,0.0,0.0,0.0,0.0,0.0,0.0,82.27527198602945,82.27527198602945,0.0,0.0,0.0,82.27527198602945,0.0,0.0,0.0008933333333333332 
 02/25  03:40:00,7.746666666666668,86.0,7.38,0.0,0.0,0.0,0.0,0.0,2.0,2.0,0.0,0.0,0.0,0.0,0.0,178.0,0.0,0.0,0.0,0.0,0.0,0.0,0.0,0.0,0.0,0.0,0.0,17.88224115550676,-20.52662221216724,17.841280177283438,-250.09166110174284,17.67675068998684,-188.48221504120557,17.728536366697619,-6.558550055946398,16.09437826154298,-0.10652613705872227,17.919940020512997,-21.698173367381459,16.72579419847151,-11.363496774109536,15.042108817203616,-95.87280843468739,16.83497817262714,-37.28223271751477,372.44238121613128,354.8589471571486,0.0,0.0,0.0,0.0,0.0,0.0,0.0,0.0,0.0,0.0,0.0,0.0,0.0,0.0,0.0,0.0,0.0,0.0,0.0,0.0,0.0,0.0,0.8773126865645956,0.2677999653738082,181.68099912585834,212.267932625323,3590.4117464024486,0.15005934391946713,0.02290283026853894,138.56264300623764,161.98181715502043,2689.411311357163,0.858410865855266,0.16220915832488026,109.18159889126614,127.6746653641238,2113.6040636542718,0.17137374984158189,0.032383550612543807,68.94723678682802,80.5691152831329,1350.250736743497,0.0,0.0,7.080587985547919,8.317254277135069,117.75439476363718,0.0,0.0,10.666888821613359,12.443560771402034,218.63220437795924,0.0,0.0,69.74375726920755,81.75211034384705,1245.700018348159,0.0,0.0,41.505909885578848,48.972564156104308,587.0344136805579,0.0,0.0,14.980486462499785,17.543020316291075,274.5354272318347,39.16134612139516,26.859633828117404,197.44425325676736,231.5933919913586,4136.686749868694,0.0,0.0,53.73402034728816,63.66618230605573,635.6744994960357,0.0,17.68550462400596,46.001250294638278,22.0,30.0,0.0,17.539721680950568,46.11863375793976,12.0,30.0,0.0,17.445214019919299,46.462888672292347,22.0,30.0,0.0,17.616372669342913,46.49645207612707,12.0,30.0,0.0,16.08583822281554,51.64757850593129,12.0,30.0,0.0,18.101081724036349,45.33038625315375,12.0,30.0,0.0,16.72439193465316,49.108816108872,10.0,30.0,0.0,14.803954139808049,56.03372917559438,12.0,30.0,0.0,16.966268386879237,48.97533744814653,20.0,30.0,0.0,16.557106306656939,0.0,0.0,0.0,13.608288326298727,0.0,0.0,457.63513395134677,444.9385107084177,451.7855208316315,474.30344138903475,511.0810616978825,839.5837295213534,493.55883317472748,565.3043743044684,792.9966768002407,0.0,82.27527198602945,82.27527198602945,60.0,0.0,60.0,60.0,12.0,12.0,12.0,19.0,12.0,12.0,21.0,10.0,0.0,0.0,0.0,0.0,0.0,0.0,0.0,0.0,0.0,0.0,0.0,0.0,0.0,82.27527198602945,82.27527198602945,0.0,0.0,0.0,82.27527198602945,0.0,0.0,0.0009 
 02/25  03:50:00,7.718333333333334,86.0,7.279999999999999,0.0,0.0,0.0,0.0,0.0,2.0,2.0,0.0,0.0,0.0,0.0,0.0,356.0,0.0,0.0,0.0,0.0,0.0,0.0,0.0,0.0,0.0,0.0,0.0,17.728171833153799,-146.35681060096614,17.825063768277844,-126.60595774898366,17.665193540618966,-129.175620816859,17.66077108716666,-112.75591173059252,16.07354448930977,-0.33753849200098787,17.888439129354134,-23.458450403311475,16.70268637505886,-10.014112990661488,15.008707619546249,-98.59904280348997,16.824762483210138,-38.21128535374521,420.7927573201796,355.6358850823715,0.0,0.0,0.0,0.0,0.0,0.0,0.0,0.0,0.0,0.0,0.0,0.0,0.0,0.0,0.0,0.0,0.0,0.0,0.0,0.0,0.0,0.0,0.894327445425191,0.2729937257097653,243.1614176082992,284.95837020733827,4686.89629819869,0.1595305609675141,0.024348376216043058,120.87650232150057,141.50307809456423,2357.982540794181,0.8561061629114724,0.16177365134381573,200.8157092734983,235.38275190585774,3899.6606665883184,0.1627485421222032,0.030753692766856225,101.4701499868349,118.97729025498279,1966.3633270897604,0.0,0.0,7.2155635594092069,8.497579513800217,120.09820940672236,0.0,0.0,10.655411406879601,12.459957328985518,218.31979041474959,0.0,0.0,69.78852628007755,82.01314904465738,1247.9155505012305,0.0,0.0,41.65824011903483,49.274269104212439,588.7596823006106,0.0,0.0,16.223300335622065,19.042110034925046,297.7981610420373,38.94077685408723,26.708351751774516,294.92850199339707,346.58410241773449,5935.350763772508,0.0,0.0,53.812692372705388,63.919780904978328,634.9134481288047,0.0,17.407275043447478,46.72281831578033,22.0,30.0,0.0,17.578608390929035,46.08424907156821,12.0,30.0,0.0,17.48081925920475,46.51596678754469,22.0,30.0,0.0,17.501941031390893,46.50414030217394,12.0,30.0,0.0,16.067275277312846,51.597285631862167,12.0,30.0,0.0,18.072529291540748,45.3220276234007,12.0,30.0,0.0,16.707781963073324,49.08364846521181,10.0,30.0,0.0,14.772659822801757,56.01529799185175,12.0,30.0,0.0,16.95663908106315,48.88521882540825,20.0,30.0,0.0,16.684725785907703,0.0,0.0,0.0,13.565909876824297,0.0,0.0,458.79477709875689,450.43010871296488,460.2491020841852,463.39887876074149,510.41215883532859,837.3286225198649,492.2006528185591,566.1586597761216,784.3662027751429,0.0,82.27527198602945,82.27527198602945,60.0,0.0,60.0,60.0,12.0,12.0,12.0,19.0,12.0,12.0,21.0,10.0,0.0,0.0,0.0,0.0,0.0,0.0,0.0,0.0,0.0,0.0,0.0,0.0,0.0,82.27527198602945,82.27527198602945,0.0,0.0,0.0,82.27527198602945,0.0,0.0,0.0009066666666666667 
 02/25  04:00:00,7.69,86.0,7.18,0.0,0.0,0.0,0.0,0.0,2.0,2.0,0.0,0.0,0.0,0.0,0.0,178.0,0.0,0.0,0.0,0.0,0.0,0.0,0.0,0.0,0.0,0.0,0.0,17.65656778440735,-148.63633315241578,17.832742733033429,-17.086870481266204,17.667336176400054,-35.958022935808,17.57964264741567,-154.09422522436445,16.047323352429225,-0.1454576641689016,17.848975619313256,-24.637987457322198,16.66709213521711,-1.3072066979384545,14.968230235662137,-96.85312514620091,16.811090663824716,-39.750029436317507,343.68666293868139,356.0605284229714,0.0,0.0,0.0,0.0,0.0,0.0,0.0,0.0,0.0,0.0,0.0,0.0,0.0,0.0,0.0,0.0,0.0,0.0,0.0,0.0,0.0,0.0,0.8970673262451504,0.27383007516640736,113.63707763756446,132.92573962550098,2185.2627209261038,0.1626984953330856,0.024831882682094878,8.342429599212864,9.74769929254173,167.55136554379019,0.8765950485602949,0.16564532285719867,175.80384334734723,205.47805528243249,3444.176985635355,0.16292256553926807,0.030786577010443695,105.93143412092492,123.88616546490255,2036.8406694361455,0.0,0.0,7.386205866793185,8.677040154871968,122.97252138307765,0.0,0.0,10.818854924299793,12.62304985797365,221.41892769445324,0.0,0.0,71.41734156101637,83.72051818785461,1275.7689243366847,0.0,0.0,41.69409243401737,49.20378818405862,588.1132483284425,0.0,0.0,16.38878311868494,19.19262803757086,301.33785427231188,38.66077757765835,26.516308352303406,174.18020539262168,204.39115691665763,3687.6263548369427,0.0,0.0,53.76480695189261,63.71717479094389,632.868954059929,0.0,17.32097812395247,46.79555993952882,22.0,30.0,0.0,17.645411205712447,45.78688351448763,12.0,30.0,0.0,17.537389735668694,46.47915606811641,22.0,30.0,0.0,17.383050700177063,46.592721595898179,12.0,30.0,0.0,16.038127226845466,51.5239872399825,12.0,30.0,0.0,18.027833938168738,45.30305114698011,12.0,30.0,0.0,16.668376801744306,49.21776133989976,10.0,30.0,0.0,14.727342925781312,56.03696846908556,12.0,30.0,0.0,16.940597494361403,48.75520607741169,20.0,30.0,0.0,16.417996413508978,0.0,0.0,0.0,13.52123377995488,0.0,0.0,456.99199098445276,449.3399881132336,467.60151349472519,454.91692770853617,510.2349628129863,831.2596259471677,493.61602350848139,570.7345007821394,774.4632176414285,0.0,82.27527198602945,82.27527198602945,60.0,0.0,60.0,60.0,12.0,12.0,12.0,19.0,12.0,12.0,21.0,10.0,0.0,0.0,0.0,0.0,0.0,0.0,0.0,0.0,0.0,0.0,0.0,0.0,0.0,82.27527198602945,82.27527198602945,0.0,0.0,0.0,82.27527198602945,0.0,0.0,0.0009133333333333333 
 02/25  04:10:00,7.666666666666668,85.83333333333334,7.1,0.0,0.0,0.0,0.0,0.0,2.0,2.0,0.0,0.0,0.0,0.0,0.0,356.0,0.0,0.0,0.0,0.0,0.0,0.0,0.0,0.0,0.0,0.0,0.0,17.671624311150276,-77.3488152238101,17.749894378771815,-187.05116695449,17.55846836307022,-184.52549705505226,17.566533406625536,-73.13048876260382,16.025996102686933,-0.6624518344951724,17.818119087765326,-23.799162766845457,16.63175421669655,-11.016641942883325,14.935175644897637,-99.84211833282996,16.79963845142346,-40.48310964600739,401.67838048418346,357.9628802148869,0.0,0.0,0.0,0.0,0.0,0.0,0.0,0.0,0.0,0.0,0.0,0.0,0.0,0.0,0.0,0.0,0.0,0.0,0.0,0.0,0.0,0.0,0.872688688581484,0.2663884885779866,206.6640624782701,242.33450638476274,4013.6932023970668,0.15232896948000058,0.023249232216117307,95.53266023541699,112.13774385817779,1859.447015335931,0.8634988736858675,0.1631706110517513,214.25442504563299,251.15197609052206,4127.582515542279,0.16945144424101034,0.03202030314455977,117.15195540163745,137.3126436027046,2263.9637664327949,0.0,0.0,7.1755772917083349,8.449684022943629,119.4882257686585,0.0,0.0,10.962068128109504,12.822330399529485,224.21435376216363,0.0,0.0,69.5940478262274,81.78363149901822,1240.5310698926365,0.0,0.0,41.79943960301719,49.452038634095448,588.8073617910688,0.0,0.0,16.951394040179069,19.900199783040415,312.0073869200379,38.56464687206747,26.450375083722557,272.0541445407705,319.9397162993637,5489.666815909712,0.0,0.0,53.81437762453696,63.93785583119028,631.2885308004892,0.0,17.41936585346538,46.48481582699365,22.0,30.0,0.0,17.508370686233737,46.048374936457509,12.0,30.0,0.0,17.35318091995896,46.683852020335837,22.0,30.0,0.0,17.414186192015494,46.61282991179566,12.0,30.0,0.0,16.018855375903834,51.51294504588037,12.0,30.0,0.0,18.000904016953187,45.30586582708891,12.0,30.0,0.0,16.627406900560176,49.16307460307678,10.0,30.0,0.0,14.69630498031512,56.030364989007967,12.0,30.0,0.0,16.929879580680728,48.700326927757519,20.0,30.0,0.0,16.563670134686427,0.0,0.0,0.0,13.479056467068402,0.0,0.0,455.77713597963216,447.3844300173921,456.70953898297526,460.6691370849751,510.52555040398138,827.3712327990568,494.0583790392272,573.1220172430064,770.600783751383,0.0,82.27527198602945,82.27527198602945,60.0,0.0,60.0,60.0,12.0,12.0,12.0,19.0,12.0,12.0,21.0,10.0,0.0,0.0,0.0,0.0,0.0,0.0,0.0,0.0,0.0,0.0,0.0,0.0,0.0,82.27527198602945,82.27527198602945,0.0,0.0,0.0,82.27527198602945,0.0,0.0,0.00092 
 02/25  04:20:00,7.643333333333334,85.66666666666667,7.0200000000000009,0.0,0.0,0.0,0.0,0.0,2.0,2.0,0.0,0.0,0.0,0.0,0.0,178.0,0.0,0.0,0.0,0.0,0.0,0.0,0.0,0.0,0.0,0.0,0.0,17.688892957258014,-18.212761359678554,17.651233858852515,-238.93440454047323,17.499997859524546,-177.15006032733073,17.56923930110236,-5.739732563248253,15.999366941806663,-0.6082012544078452,17.779742206604305,-23.091860969254527,16.590241484600868,-16.34412834964496,14.89459855885757,-98.01099433113177,16.78467147765778,-40.491319231039259,354.83035272275085,361.2137043359296,0.0,0.0,0.0,0.0,0.0,0.0,0.0,0.0,0.0,0.0,0.0,0.0,0.0,0.0,0.0,0.0,0.0,0.0,0.0,0.0,0.0,0.0,0.869094114291826,0.2652912436788236,177.2578107233787,207.21872900114009,3478.063438427938,0.14974832480342638,0.022855360928483879,134.08147158898226,156.8288662621221,2585.0731332718539,0.849499810326723,0.16052528539809586,101.02208172291118,118.19091982015276,1946.7415872512566,0.16867391597462456,0.03187337792415429,59.867540898712579,69.99492744740943,1166.9443519491395,0.0,0.0,7.034204964758994,8.265324334069165,117.10084868932161,0.0,0.0,11.043835982090734,12.889296227882838,225.57809496304365,0.0,0.0,67.77497412709393,79.48263496723676,1204.6422586264806,0.0,0.0,41.81689931676368,49.36440231045804,587.4805083059381,0.0,0.0,17.44922166765604,20.437617766791545,321.5125883115966,38.39721499143292,26.335538402903244,186.07144419599116,218.3758490300715,3895.7020954943,0.0,0.0,53.7763535331924,63.75209115696744,629.2389036551649,0.0,17.505808943731453,46.18027012618467,22.0,30.0,0.0,17.36610555231261,46.30876957476456,12.0,30.0,0.0,17.28846131738262,46.59955414179524,22.0,30.0,0.0,17.45950883516033,46.51431100136334,12.0,30.0,0.0,15.98920549453804,51.47831510774825,12.0,30.0,0.0,17.958246046328897,45.305550696925369,12.0,30.0,0.0,16.573727449214006,49.17731797044272,10.0,30.0,0.0,14.65046774970927,56.07884869991283,12.0,30.0,0.0,16.91255654087359,48.608587576522769,20.0,30.0,0.0,16.385113014968156,0.0,0.0,0.0,13.437943287361869,0.0,0.0,454.69258630903598,445.40495187172646,452.7552327149829,462.5285819016107,510.59691529124526,822.2059751396536,494.1678862279198,574.1083006414502,764.1905686175263,0.0,82.27527198602945,82.27527198602945,60.0,0.0,60.0,60.0,12.0,12.0,12.0,19.0,12.0,12.0,21.0,10.0,0.0,0.0,0.0,0.0,0.0,0.0,0.0,0.0,0.0,0.0,0.0,0.0,0.0,82.27527198602945,82.27527198602945,0.0,0.0,0.0,82.27527198602945,0.0,0.0,0.0009166666666666667 
 02/25  04:30:00,7.62,85.5,6.9399999999999999,0.0,0.0,0.0,0.0,0.0,2.0,2.0,0.0,0.0,0.0,0.0,0.0,356.0,0.0,0.0,0.0,0.0,0.0,0.0,0.0,0.0,0.0,0.0,0.0,17.53952855596529,-139.86325595292466,17.634083046758755,-121.62249202568091,17.484914128148956,-127.2490706893027,17.500322938053946,-113.72040488207381,15.977958019975361,-0.8455111808646336,17.7485458657088,-24.814070124830154,16.566114102261847,-14.903513393494905,14.861793565368224,-100.72442060873857,16.772054272942947,-41.8897275924615,408.16279921124899,361.76301759897935,0.0,0.0,0.0,0.0,0.0,0.0,0.0,0.0,0.0,0.0,0.0,0.0,0.0,0.0,0.0,0.0,0.0,0.0,0.0,0.0,0.0,0.0,0.8860110953139153,0.27045515729973,236.51918282565215,277.32658917044486,4528.579291558606,0.1587246165585492,0.024225368827617404,118.96426788163245,139.35332761186843,2303.41594386153,0.8438729670672913,0.1594620119174776,194.08273833295375,227.61641405799873,3744.653090003787,0.16014089166641044,0.03026093946833152,98.54399481291057,115.61632248671569,1898.6211182624189,0.0,0.0,7.160754758268313,8.43602787354013,119.23641773559595,0.0,0.0,11.048559774824743,12.926423328550478,225.50259786969418,0.0,0.0,68.22987084937719,80.22389197178495,1213.3359334887348,0.0,0.0,41.91053731905761,49.599784517798429,588.0260665197739,0.0,0.0,18.434723180749324,21.642069058676467,339.9756327039689,38.284279523422039,26.2580792341715,286.87918969530559,337.3099617509105,5743.127293545711,0.0,0.0,53.81764609729504,63.96464340323314,627.451612162443,0.0,17.237230866874194,46.84357270271026,22.0,30.0,0.0,17.400786063378207,46.26296101650581,12.0,30.0,0.0,17.314635504114326,46.6285765791323,22.0,30.0,0.0,17.34252135759252,46.56363269535758,12.0,30.0,0.0,15.97014215419548,51.449375345582499,12.0,30.0,0.0,17.92971549764156,45.31401182309219,12.0,30.0,0.0,16.555830344829546,49.159975111492887,10.0,30.0,0.0,14.6196317206544,56.08585179434711,12.0,30.0,0.0,16.900423393413328,48.54921931183738,20.0,30.0,0.0,16.524085462311846,0.0,0.0,0.0,13.394767053336072,0.0,0.0,454.2285755347254,449.7334293872045,456.929262041568,455.19416596259489,510.6011805582126,820.7627115679036,493.40766331795467,575.7884705991158,758.4598272912606,0.0,82.27527198602945,82.27527198602945,60.0,0.0,60.0,60.0,12.0,12.0,12.0,19.0,12.0,12.0,21.0,10.0,0.0,0.0,0.0,0.0,0.0,0.0,0.0,0.0,0.0,0.0,0.0,0.0,0.0,82.27527198602945,82.27527198602945,0.0,0.0,0.0,82.27527198602945,0.0,0.0,0.0009133333333333333 
 02/25  04:40:00,7.596666666666668,85.33333333333334,6.86,0.0,0.0,0.0,0.0,0.0,2.0,2.0,0.0,0.0,0.0,0.0,0.0,178.0,0.0,0.0,0.0,0.0,0.0,0.0,0.0,0.0,0.0,0.0,0.0,17.471960454083346,-139.219248295537,17.639531251624378,-15.962375619831392,17.484558485193746,-33.30383778280884,17.416037613575975,-156.84217313778573,15.95107459619981,-0.6514952673536527,17.709152359790225,-25.826540161936806,16.529304375497575,-7.0805498335435,14.821920248719279,-99.05963483025175,16.755767406141417,-42.90873857502163,334.535199716629,362.92488453341096,0.0,0.0,0.0,0.0,0.0,0.0,0.0,0.0,0.0,0.0,0.0,0.0,0.0,0.0,0.0,0.0,0.0,0.0,0.0,0.0,0.0,0.0,0.8882529584459985,0.2711394867051278,107.22476264090794,125.50866817632356,2048.9791912921957,0.16185115320861336,0.024702556961021577,8.13335377629174,9.51029812017937,162.03942091500609,0.8653988303881928,0.16352963537191859,173.06455762860888,202.41637965934215,3365.4762380137387,0.16022172677650757,0.03027621443244662,108.57784095571187,127.06718859925347,2073.2016050265767,0.0,0.0,7.324665772371969,8.608552879871987,121.92475327485686,0.0,0.0,11.173836558576209,13.044980092193372,227.70972020212884,0.0,0.0,69.40735533842235,81.41519955551677,1232.2061551933053,0.0,0.0,41.94591640677319,49.53213232031351,587.0228233282778,0.0,0.0,18.955392585781995,22.205457155034958,349.88614259838558,38.11080092548653,26.139095284970194,171.49718627387095,201.37081395968583,3608.154732069222,0.0,0.0,53.79631696084516,63.79873637188228,625.3051722144733,0.0,17.15787891992915,46.85928734802238,22.0,30.0,0.0,17.461871018886119,45.96276134962425,12.0,30.0,0.0,17.3653101985826,46.59823852449262,22.0,30.0,0.0,17.217296294426704,46.65511681519199,12.0,30.0,0.0,15.940306196496485,51.39716047273618,12.0,30.0,0.0,17.885234771978323,45.31202941297974,12.0,30.0,0.0,16.514635093088719,49.314085262891598,10.0,30.0,0.0,14.574853323733944,56.12734281543295,12.0,30.0,0.0,16.881395145918999,48.45254782513036,20.0,30.0,0.0,16.263640030504388,0.0,0.0,0.0,13.350907045003185,0.0,0.0,452.4173825795928,448.6656151703507,461.9568916168448,448.0915919930143,511.1150305911216,816.9279443076988,495.2638088782451,579.3595687816203,748.4480411463105,0.0,82.27527198602945,82.27527198602945,60.0,0.0,60.0,60.0,12.0,12.0,12.0,19.0,12.0,12.0,21.0,10.0,0.0,0.0,0.0,0.0,0.0,0.0,0.0,0.0,0.0,0.0,0.0,0.0,0.0,82.27527198602945,82.27527198602945,0.0,0.0,0.0,82.27527198602945,0.0,0.0,0.0009099999999999999 
 02/25  04:50:00,7.573333333333333,85.16666666666667,6.78,0.0,0.0,0.0,0.0,0.0,2.0,2.0,0.0,0.0,0.0,0.0,0.0,356.0,0.0,0.0,0.0,0.0,0.0,0.0,0.0,0.0,0.0,0.0,0.0,17.48228898726849,-74.65266941543359,17.560545844333647,-175.93454825925404,17.37829177193509,-180.40054829393285,17.40227198254913,-74.04266289056386,15.929240294357017,-1.135779203096135,17.678752074906634,-25.03996887698071,16.494401525571804,-15.684228846068436,14.789372906332332,-101.98361365070105,16.742237946992675,-44.11536552674477,390.87806260245545,364.412736127386,0.0,0.0,0.0,0.0,0.0,0.0,0.0,0.0,0.0,0.0,0.0,0.0,0.0,0.0,0.0,0.0,0.0,0.0,0.0,0.0,0.0,0.0,0.8639533295650383,0.2637220175717455,201.27742339679544,236.17864705267187,3878.856391209197,0.15156753047087946,0.02313301747113545,92.2238645983543,108.32809868545054,1781.15722709034,0.853230129114523,0.1612301831282168,211.33186067230583,247.8897984484821,4042.3138749278798,0.16722454241008745,0.03159949780991825,116.80500031297153,136.99298399223228,2241.5141646363397,0.0,0.0,7.11374761103049,8.380445168939883,118.43117531110048,0.0,0.0,11.292860450201868,13.216778614151754,230.00138604054696,0.0,0.0,67.88010056699189,79.81861353136239,1202.6886568125956,0.0,0.0,42.02236506221019,49.7460342985011,587.3378617925417,0.0,0.0,19.294796798388437,22.658589371120699,356.44398077694759,37.9960108351911,26.060364084493217,266.9216949525156,314.0987053961589,5352.563024366191,0.0,0.0,53.810848404131977,63.976812184413379,623.2946033015218,0.0,17.244263019356788,46.59702584321391,22.0,30.0,0.0,17.3321591104162,46.164601231794929,12.0,30.0,0.0,17.18524920147825,46.78401856020929,22.0,30.0,0.0,17.247692444852875,46.683859671584247,12.0,30.0,0.0,15.920648091415867,51.39519662847787,12.0,30.0,0.0,17.858532256939417,45.3205181043637,12.0,30.0,0.0,16.47522581288547,49.23467349165298,10.0,30.0,0.0,14.544284798078323,56.12097190420954,12.0,30.0,0.0,16.868568726261488,48.41610163888171,20.0,30.0,0.0,16.40614941493652,0.0,0.0,0.0,13.308559232172815,0.0,0.0,452.8271177421414,447.1198096480948,455.09481691209319,454.427078814998,511.7268358883811,814.2615261715438,495.6640908899886,581.5744229372012,745.4464799702846,0.0,82.27527198602945,82.27527198602945,60.0,0.0,60.0,60.0,12.0,12.0,12.0,19.0,12.0,12.0,21.0,10.0,0.0,0.0,0.0,0.0,0.0,0.0,0.0,0.0,0.0,0.0,0.0,0.0,0.0,82.27527198602945,82.27527198602945,0.0,0.0,0.0,82.27527198602945,0.0,0.0,0.0009133333333333333 
 02/25  05:00:00,7.55,85.0,6.7,0.0,0.0,0.0,0.0,0.0,2.0,2.0,0.0,0.0,0.0,0.0,0.0,178.0,0.0,0.0,0.0,0.0,0.0,0.0,0.0,0.0,0.0,0.0,0.0,17.497126516887748,-15.9796359670936,17.463740994342776,-230.60427056811296,17.31520731527791,-177.92113239210586,17.4051699443001,-6.1289087610375649,15.901979866753348,-1.0736934568841719,17.64071479223379,-24.275884570553957,16.452649307753185,-20.805952205783798,14.749431630447284,-100.11211998827139,16.724764796027125,-44.018695170135519,348.4406514548655,367.33913677115427,0.0,0.0,0.0,0.0,0.0,0.0,0.0,0.0,0.0,0.0,0.0,0.0,0.0,0.0,0.0,0.0,0.0,0.0,0.0,0.0,0.0,0.0,0.8592690401141363,0.2622921367869769,178.51904106329199,208.84382562390656,3473.683089510656,0.14856044111757339,0.02267405999962964,132.28502603485746,154.83755839156377,2530.6995419449528,0.838725604657906,0.15848934328380694,103.64221271631394,121.34413422195152,1980.2525585089293,0.1664378395762461,0.031450838922193139,59.156459179135968,69.21009337419446,1145.197284640386,0.0,0.0,6.954098510788207,8.174814884032755,115.7314063978134,0.0,0.0,11.368264055592097,13.275761179668987,231.2286676067649,0.0,0.0,66.14939890239244,77.62506606805144,1168.6554691553484,0.0,0.0,42.00960130440839,49.622866245532687,585.6372814229642,0.0,0.0,19.94532269545015,23.368986379087887,368.73794354438339,37.814721891761077,25.936023245377976,188.28974245699019,221.11362538767848,3903.9065625090486,0.0,0.0,53.73512856572833,63.747398158911149,620.7989941159607,0.0,17.325146189673658,46.318542553468137,22.0,30.0,0.0,17.191574927874109,46.38217315821035,12.0,30.0,0.0,17.11016128981703,46.683061675223708,22.0,30.0,0.0,17.293397793146686,46.608436840925,12.0,30.0,0.0,15.890348970468354,51.37211080992341,12.0,30.0,0.0,17.81636221718703,45.32269382673865,12.0,30.0,0.0,16.421645001298005,49.219969339699627,10.0,30.0,0.0,14.499217173988264,56.16697783891799,12.0,30.0,0.0,16.848269130211287,48.34613963518776,20.0,30.0,0.0,16.242512135448977,0.0,0.0,0.0,13.267357893344752,0.0,0.0,453.49536825382458,445.7403179225219,452.978872018224,458.4232377478925,512.3301438093224,810.695229348134,495.5904733666677,582.111760627757,739.9960662763072,0.0,82.27527198602945,82.27527198602945,60.0,0.0,60.0,60.0,12.0,12.0,12.0,19.0,12.0,12.0,21.0,10.0,0.0,0.0,0.0,0.0,0.0,0.0,0.0,0.0,0.0,0.0,0.0,0.0,0.0,82.27527198602945,82.27527198602945,0.0,0.0,0.0,82.27527198602945,0.0,0.0,0.0009166666666666667 
 02/25  05:10:00,7.443333333333333,85.16666666666667,6.598333333333334,0.0,0.0,0.0,0.0,0.0,2.0,2.0,0.0,0.0,0.0,0.0,0.0,356.0,0.0,0.0,0.0,0.0,0.0,0.0,0.0,0.0,0.0,0.0,0.0,17.352242531269398,-133.2336409285199,17.44346854129195,-115.84847681049814,17.301349748461186,-120.26085928435259,17.332206673070006,-116.63972260571154,15.879872150808666,-1.3025163839277525,17.60712409037124,-25.94505658019804,16.42762652943334,-19.50051399429924,14.715926772866033,-102.83552846486794,16.709248581569363,-45.61595046125649,400.34862231859736,368.0585000689442,0.0,0.0,0.0,0.0,0.0,0.0,0.0,0.0,0.0,0.0,0.0,0.0,0.0,0.0,0.0,0.0,0.0,0.0,0.0,0.0,0.0,0.0,0.8916981366700394,0.272191128409658,232.54719275151784,272.87314370932747,4457.6370714705649,0.1602553409734571,0.024458995875069765,116.96431041215524,137.11570781340766,2266.125873465652,0.8503487573536264,0.16068570622706475,195.44688442619506,229.3963907955077,3774.630749476181,0.1606792499625177,0.030362670060944384,101.15904735260415,118.7795249271025,1951.1672661466415,0.0,0.0,7.07137339230417,8.334728532684954,118.88057509956951,0.0,0.0,11.362669985444413,13.302354375814812,232.8053420064673,0.0,0.0,66.50066090636672,78.24182253911101,1186.3553599092584,0.0,0.0,42.076074946087278,49.82863208689574,592.8265772609263,0.0,0.0,20.734475047926155,24.351883243526428,387.02950873068,37.5703532725996,25.768417882441434,286.6245859375125,337.2581489566712,5741.517864742878,0.0,0.0,53.73886660197545,63.91801545302849,627.4660415695356,0.0,17.06533917187862,46.91677473368786,22.0,30.0,0.0,17.222672342048047,46.352959260233728,12.0,30.0,0.0,17.139777945767134,46.7183508100662,22.0,30.0,0.0,17.17156176629738,46.62469532451732,12.0,30.0,0.0,15.870502716327703,51.34710779219156,12.0,30.0,0.0,17.78698986944007,45.33233616987079,12.0,30.0,0.0,16.402597244421128,49.21522164015057,10.0,30.0,0.0,14.468250063947992,56.178916012393347,12.0,30.0,0.0,16.833925066571149,48.29917044367588,20.0,30.0,0.0,16.365536309874409,0.0,0.0,0.0,13.2228666809456,0.0,0.0,451.8639175358619,449.5249342015411,455.8524120324307,451.1331436759319,512.483321658848,809.988196329618,495.62106373290546,583.3740996178733,735.514451413629,0.0,82.27527198602945,82.27527198602945,60.0,0.0,60.0,60.0,12.0,12.0,12.0,19.0,12.0,12.0,21.0,10.0,0.0,0.0,0.0,0.0,0.0,0.0,0.0,0.0,0.0,0.0,0.0,0.0,0.0,82.27527198602945,82.27527198602945,0.0,0.0,0.0,82.27527198602945,0.0,0.0,0.00092 
 02/25  05:20:00,7.336666666666668,85.33333333333334,6.496666666666668,0.0,0.0,0.0,0.0,0.0,2.0,2.0,0.0,0.0,0.0,0.0,0.0,178.0,0.0,0.0,0.0,0.0,0.0,0.0,0.0,0.0,0.0,0.0,0.0,17.284184418696574,-133.02559226512177,17.4434605005648,-15.21669690947374,17.29962336847416,-31.372528205852178,17.244556357271678,-157.82929775691356,15.851901330751073,-1.096107299471356,17.564649021546925,-26.761535548649989,16.390580276164088,-12.093399705519915,14.67489799821282,-101.16280598355434,16.689008103298037,-46.56693218068051,331.1025200306858,369.88329465048539,0.0,0.0,0.0,0.0,0.0,0.0,0.0,0.0,0.0,0.0,0.0,0.0,0.0,0.0,0.0,0.0,0.0,0.0,0.0,0.0,0.0,0.0,0.9091197366685659,0.2775090771271569,104.28659143551909,122.17090271401031,2013.0815494190047,0.16643700537217388,0.025402473347401388,8.029988923131434,9.397558338836314,161.44012815014936,0.884901111743472,0.1672148737232563,173.2899275146317,202.84797543255179,3401.083750968542,0.16376664258467706,0.0309460775859178,110.75977087282959,129.72830399019066,2135.4043458486137,0.0,0.0,7.221074758028326,8.491587822325812,122.54043703947579,0.0,0.0,11.45674759938319,13.384823330468848,236.2272151758824,0.0,0.0,67.75061498222142,79.53078556451468,1217.9526176567979,0.0,0.0,42.09162325650584,49.74098768003203,598.5232406989494,0.0,0.0,21.204250826514028,24.851459186122118,399.50745634518798,37.2791840441638,25.56871333618917,171.794931479077,201.8795093519475,3643.101393373454,0.0,0.0,53.69040321816135,63.726251467959318,633.4118890181999,0.0,16.983991808709204,46.884420316637939,22.0,30.0,0.0,17.276336694742097,46.045236550039,12.0,30.0,0.0,17.1876063934905,46.710329578856079,22.0,30.0,0.0,17.04379643010197,46.67356768151657,12.0,30.0,0.0,15.839149888574676,51.29606537505628,12.0,30.0,0.0,17.74032466865141,45.329471568993877,12.0,30.0,0.0,16.361425919663949,49.38272073992918,10.0,30.0,0.0,14.422661874846641,56.22153251437783,12.0,30.0,0.0,16.810810479639778,48.219506117229617,20.0,30.0,0.0,16.103993186074687,0.0,0.0,0.0,13.173176143690999,0.0,0.0,449.76059274239585,448.32816803111685,459.61555884862738,444.8034734522833,513.097685763803,807.5482883415941,497.8453191223752,585.975812195623,728.1950558305323,0.0,82.27527198602945,82.27527198602945,60.0,0.0,60.0,60.0,12.0,12.0,12.0,19.0,12.0,12.0,21.0,10.0,0.0,0.0,0.0,0.0,0.0,0.0,0.0,0.0,0.0,0.0,0.0,0.0,0.0,82.27527198602945,82.27527198602945,0.0,0.0,0.0,82.27527198602945,0.0,0.0,0.0009333333333333333 
 02/25  05:30:00,7.23,85.5,6.395,0.0,0.0,0.0,0.0,0.0,2.0,2.0,0.0,0.0,0.0,0.0,0.0,356.0,0.0,0.0,0.0,0.0,0.0,0.0,0.0,0.0,0.0,0.0,0.0,17.29032032005019,-73.15712350183958,17.363639940560366,-165.27620408022876,17.19231899381766,-176.96452847889806,17.227039649772295,-76.22460764610855,15.82907800886032,-1.5933616619229554,17.530704075512479,-25.950370584167247,16.35525416981655,-20.595241625050563,14.640494817284658,-104.85440145105031,16.672149596564404,-47.966653491066498,388.27226618286115,372.3082194843272,0.0,0.0,0.0,0.0,0.0,0.0,0.0,0.0,0.0,0.0,0.0,0.0,0.0,0.0,0.0,0.0,0.0,0.0,0.0,0.0,0.0,0.0,0.9007103025970642,0.27494209480984868,199.31945092598469,234.08716892482176,3908.456836931767,0.15944960022628375,0.024336019570556128,89.48267169001568,105.20306197217866,1758.484743982653,0.8867257146422216,0.16755965885151587,212.47810186716996,249.4531045010716,4137.52286017131,0.17340702516969148,0.03276776741679732,118.6966990625528,139.32788478155099,2318.7773856059168,0.0,0.0,6.997120181053031,8.248034014921093,119.90679888427573,0.0,0.0,11.541715228875275,13.518244468634297,239.70736846105039,0.0,0.0,66.19243605226476,77.89545226118668,1198.5954085807403,0.0,0.0,42.15534305750535,49.942630838205477,605.5679556530487,0.0,0.0,21.441996924419308,25.192704538218857,407.76118165916969,37.045376586395288,25.408351568172358,266.88040972919085,314.313597299231,5443.9802684369719,0.0,0.0,53.6850465400023,63.88537513660347,638.9820614033827,0.0,17.060640115037474,46.65896498982157,22.0,30.0,0.0,17.15003635062692,46.20314994222794,12.0,30.0,0.0,17.0062905951705,46.84207592510404,22.0,30.0,0.0,17.07096387103436,46.7349157780057,12.0,30.0,0.0,15.818233533734262,51.2990754642649,12.0,30.0,0.0,17.711344111332989,45.34161911984365,12.0,30.0,0.0,16.321853602340086,49.26620849659293,10.0,30.0,0.0,14.390110077848659,56.213347742103078,12.0,30.0,0.0,16.795131646409357,48.19468505962139,20.0,30.0,0.0,16.23701591928122,0.0,0.0,0.0,13.119332787095246,0.0,0.0,451.43093349015546,447.3485286540791,454.5566430900835,451.8862273829752,513.7848414186136,805.7855993790976,497.7989884590106,587.331870930251,726.466974860669,0.0,82.27527198602945,82.27527198602945,60.0,0.0,60.0,60.0,12.0,12.0,12.0,19.0,12.0,12.0,21.0,10.0,0.0,0.0,0.0,0.0,0.0,0.0,0.0,0.0,0.0,0.0,0.0,0.0,0.0,82.27527198602945,82.27527198602945,0.0,0.0,0.0,82.27527198602945,0.0,0.0,0.0009466666666666666 
 02/25  05:40:00,7.123333333333333,85.66666666666666,6.293333333333333,0.0,0.0,0.0,0.0,0.0,2.0,2.0,0.0,0.0,0.0,0.0,0.0,178.0,0.0,0.0,0.0,0.0,0.0,0.0,0.0,0.0,0.0,0.0,0.0,17.302880952967976,-13.191790103909625,17.261611069639597,-225.14068991437763,17.121688880858124,-181.14585092953304,17.22563671913918,-6.282344901281931,15.80032238450666,-1.5282862295295275,17.488004216118229,-25.050922675762878,16.311952833431979,-25.953560118196039,14.597558546122319,-103.09394586229905,16.65028870535488,-47.955245938527017,352.8066073085738,376.8107310875971,0.0,0.0,0.0,0.0,0.0,0.0,0.0,0.0,0.0,0.0,0.0,0.0,0.0,0.0,0.0,0.0,0.0,0.0,0.0,0.0,0.0,0.0,0.9096656589939288,0.27767572008361687,182.04334952106789,213.17722837628674,3632.523954023956,0.1587362901151949,0.02422715050598213,132.341872315513,155.0600403420842,2596.74835939927,0.8861405340864187,0.16744908051519634,108.60787076834694,127.28788038069318,2127.865877402588,0.17573911137858864,0.03320844886216715,60.46832538312324,70.81262914105257,1201.296177043708,0.0,0.0,6.80958660290008,8.010451627237938,117.76103279697893,0.0,0.0,11.613942022514938,13.574218697663874,242.72951042020783,0.0,0.0,64.38376233325497,75.61940305098007,1173.0257079683714,0.0,0.0,42.126422196828929,49.804467851942167,610.3731150769394,0.0,0.0,22.035598392001753,25.833665679557176,422.828364753233,36.757451867284668,25.21087233695794,195.07781510746879,229.29547936716407,4128.40454249341,0.0,0.0,53.58304353725868,63.633697172379338,643.346662306477,0.0,17.137028054398955,46.40573880676895,22.0,30.0,0.0,17.002953410488904,46.38455429892897,12.0,30.0,0.0,16.917142359039074,46.699706479345227,22.0,30.0,0.0,17.112930129710674,46.6984019615631,12.0,30.0,0.0,15.785736858578414,51.27781935130123,12.0,30.0,0.0,17.665004591879958,45.34529230092536,12.0,30.0,0.0,16.26599395215646,49.21946038522176,10.0,30.0,0.0,14.341170589164335,56.26483993363189,12.0,30.0,0.0,16.77014361694193,48.13391242742881,20.0,30.0,0.0,16.08126630845175,0.0,0.0,0.0,13.060836195717043,0.0,0.0,453.2911163697151,446.24608544482728,453.1954539820285,456.7970971443106,514.4868813481253,803.3056926474288,497.60526784232908,587.6640621576772,722.6422244931166,0.0,82.27527198602945,82.27527198602945,60.0,0.0,60.0,60.0,12.0,12.0,12.0,19.0,12.0,12.0,21.0,10.0,0.0,0.0,0.0,0.0,0.0,0.0,0.0,0.0,0.0,0.0,0.0,0.0,0.0,82.27527198602945,82.27527198602945,0.0,0.0,0.0,82.27527198602945,0.0,0.0,0.00096 
 02/25  05:50:00,7.016666666666667,85.83333333333334,6.191666666666666,0.0,0.0,0.0,0.0,0.0,2.0,2.0,0.0,0.0,0.0,0.0,0.0,356.0,0.0,0.0,0.0,0.0,0.0,0.0,0.0,0.0,0.0,0.0,0.0,17.157814861335745,-129.95066569549818,17.238808304678999,-110.4402690705308,17.10916238971712,-115.49927956223155,17.148928031500405,-119.84513452177908,15.77714341746535,-1.8186183792769697,17.452672263772806,-26.75692551669337,16.285648951508969,-24.813049994129416,14.561471436777206,-107.80347445045118,16.63216146439717,-49.791769086837749,400.7132112305135,379.6968352350799,0.0,0.0,0.0,0.0,0.0,0.0,0.0,0.0,0.0,0.0,0.0,0.0,0.0,0.0,0.0,0.0,0.0,0.0,0.0,0.0,0.0,0.0,0.9414584822107077,0.28738048907530769,233.41824945940318,274.17008878775109,4589.299878533625,0.1702626293234444,0.02598635978685049,117.41445620575776,137.78544771529614,2331.8167578033828,0.8991035420971457,0.16989862851419994,201.02410607161714,236.17759553327807,3981.551223534919,0.16963954272719077,0.03205584707618872,105.63918547108668,124.16320486729443,2089.6606672235636,0.0,0.0,6.930463523608664,8.174194335084655,121.00819850067698,0.0,0.0,11.597013225682492,13.588142747797788,244.05440215193185,0.0,0.0,64.80587822124517,76.31326210656855,1191.7104795083715,0.0,0.0,42.211012466654718,50.03204999655516,617.5116947859681,0.0,0.0,22.74101681590475,26.724842252455816,440.3034308947773,36.516077341569218,25.04532053605571,293.4380396688741,345.6078564439267,6015.554713773856,0.0,0.0,53.59966048261302,63.82272742170179,647.9973989299374,0.0,16.87672941194173,46.94793112932786,22.0,30.0,0.0,17.030001820000636,46.38577276744712,12.0,30.0,0.0,16.950420813275906,46.76103319573063,22.0,30.0,0.0,16.984901369074686,46.64702259512537,12.0,30.0,0.0,15.764606825244293,51.245280548254218,12.0,30.0,0.0,17.633489106155687,45.34869979861579,12.0,30.0,0.0,16.245263230752099,49.217344554132,10.0,30.0,0.0,14.305671952890123,56.28149760958297,12.0,30.0,0.0,16.75305265171923,48.085543762500289,20.0,30.0,0.0,16.19319863659343,0.0,0.0,0.0,12.99586119183633,0.0,0.0,450.9980644340675,449.7956637419861,455.5378880306654,449.72305517502607,514.6452751754614,803.1382900837082,498.23454404908559,588.7982166372783,719.3205855347367,0.0,82.27527198602945,82.27527198602945,60.0,0.0,60.0,60.0,12.0,12.0,12.0,19.0,12.0,12.0,21.0,10.0,0.0,0.0,0.0,0.0,0.0,0.0,0.0,0.0,0.0,0.0,0.0,0.0,0.0,82.27527198602945,82.27527198602945,0.0,0.0,0.0,82.27527198602945,0.0,0.0,0.0009633333333333333 
 02/25  06:00:00,6.91,86.0,6.09,0.0,0.0,0.0,0.0,0.0,2.0,2.0,0.0,0.0,0.0,0.0,0.0,178.0,0.0,0.0,0.0,0.0,0.0,0.0,0.0,0.0,0.0,0.0,0.0,17.088729355383728,-129.77174804257039,17.234743977974547,-14.236185159936924,17.106732395673327,-30.02360992550257,17.058469574817566,-159.86834670116287,15.747849427750897,-1.6140358909535167,17.40804547257182,-27.471862097366228,16.24693522654365,-17.888782206584894,14.516268745879794,-106.54402507252348,16.60849751752545,-50.81692112197163,332.95355706853845,384.0649625643041,0.0,0.0,0.0,0.0,0.0,0.0,0.0,0.0,0.0,0.0,0.0,0.0,0.0,0.0,0.0,0.0,0.0,0.0,0.0,0.0,0.0,0.0,0.9575264388837795,0.2922852377545115,103.90017384158652,121.84286678938088,2057.487287761589,0.17666173207477005,0.0269630238209356,7.804858789324646,9.143684525274642,160.93802424804066,0.932376538906034,0.1761860428771796,177.37955890532684,207.84323127262923,3568.2945029205327,0.1726892083382857,0.032632125536335158,114.10498071874952,133.78323335580698,2255.512076124925,0.0,0.0,7.085652996863794,8.338218540581642,124.81800810484372,0.0,0.0,11.67777831302754,13.65501009774133,247.21809044637954,0.0,0.0,66.1868683064251,77.76423192422199,1225.908799405147,0.0,0.0,42.267394997130399,49.99475429546983,623.2541411360467,0.0,0.0,23.168435926669916,27.170700695389497,452.4488847058415,36.23902312867443,24.85529707042143,176.04969994068018,207.0777944675943,3810.6541642621307,0.0,0.0,53.59058418045238,63.684223842238377,652.2082665109539,0.0,16.793263521035386,46.843344965855859,22.0,30.0,0.0,17.07631920525223,46.0545102294621,12.0,30.0,0.0,16.996584211527588,46.788826773744748,22.0,30.0,0.0,16.85349150038894,46.62412740222311,12.0,30.0,0.0,15.731515984634723,51.17698537581459,12.0,30.0,0.0,17.583994145627515,45.32969824259224,12.0,30.0,0.0,16.201693862338407,49.40654321718169,10.0,30.0,0.0,14.252843988496343,56.33384782513471,12.0,30.0,0.0,16.725619151663968,48.001168331117508,20.0,30.0,0.0,15.934164062448366,0.0,0.0,0.0,12.92536292440274,0.0,0.0,448.77185279645308,448.4908077776851,458.8926904039893,443.54879928756017,515.3250709293078,801.6604533303471,500.5940309036493,591.0619285186406,714.1776236202425,0.0,82.27527198602945,82.27527198602945,60.0,0.0,60.0,60.0,12.0,12.0,12.0,19.0,12.0,12.0,21.0,10.0,0.0,0.0,0.0,0.0,0.0,0.0,0.0,0.0,0.0,0.0,0.0,0.0,0.0,82.27527198602945,82.27527198602945,0.0,0.0,0.0,82.27527198602945,0.0,0.0,0.0009666666666666668 
 02/25  06:10:00,6.821666666666667,86.33333333333334,6.003333333333334,0.0,0.0,0.0,0.0,0.0,2.0,2.0,0.0,0.0,0.0,0.0,0.0,1790.0,0.0,0.0,0.0,0.0,0.0,0.0,0.0,0.0,0.0,0.0,0.0,18.391585179117283,-1042.4591266300936,17.414615818073544,777.9710310414057,18.572228963744409,-2530.7225310615747,17.380774591147387,981.5183595850294,15.728320670117455,2.0129421787511294,18.430419525060949,-99.80036397856725,16.347308855816249,177.3810519736214,15.603163486918785,-161.70935718917588,18.010290317541199,-190.93676397657073,657.6750787508945,509.2018133636043,0.0,0.0,0.0,0.0,0.0,0.0,0.0,0.0,0.0,0.0,0.0,0.0,0.0,0.0,0.0,0.0,0.0,0.0,0.0,0.0,0.0,0.0,0.9541932814080305,0.29126779041759179,401.6480138613354,469.1291904663265,9633.58365842898,0.2926961766848849,0.04467279863932921,343.5421765113992,403.16666282581618,7303.309934743076,0.775516491216472,0.1465450663674362,519.1822882934235,605.8369244318602,12741.131229685601,0.28166268600154778,0.0532242414968911,362.65308803563149,425.50772218591455,7780.142883445869,0.0,0.0,11.174575358435816,13.198512791344509,198.38255720573384,0.0,0.0,18.141099694481505,21.17718894972519,439.8979497987333,0.0,0.0,75.44293802416657,88.9122570542242,1445.609617965462,0.0,0.0,30.322303933574039,35.85431116592291,539.5835296018893,0.0,0.0,39.92288154401375,46.6039543309399,965.3609812479406,37.16867693194773,25.492919706411358,703.2082349092855,826.9905950634548,14894.284278907697,0.0,0.0,47.93338990731691,57.18549736901197,598.0333423940659,2280.285768176007,18.796101443134714,41.29819178779897,21.999999999999998,30.0,0.0,17.4683599330536,44.85080921701386,15.999999999999999,30.0,4622.3128489841169,19.12117591739303,40.43214841429974,21.999999999999998,30.0,0.0,17.559903531022738,44.60340103099722,15.999999999999999,30.0,0.0,15.718128327358122,51.09005168683134,12.0,30.0,1858.1311623608218,18.986764798493156,41.4775031677431,20.0,30.0,0.0,16.43468892099029,48.22530143470487,10.0,30.0,1434.9466591832409,15.953082453259557,50.46156081361087,16.999999999999998,30.0,2760.352211354382,18.848948823307745,41.949482740144507,20.0,30.0,0.0,16.88323085423447,0.0,0.0,0.0,12.993067277605198,0.0,0.0,451.9359517893933,452.84966806013088,450.78456663065296,450.3419732785101,514.104228305733,781.4345963176692,487.8972059379413,596.067255109618,691.449337743757,12849.957491582096,79.5070936869685,87.85817098382535,60.0,0.0,60.0,60.0,16.0,16.0,19.0,19.0,16.0,12.0,21.0,10.0,1.0,0.0,2280.285768176007,0.0,4622.3128489841169,0.0,1858.1311623608218,0.0,1434.9466591832409,2760.352211354382,12635.367013158857,7581220.207895314,9877996.124649814,79.5070936869685,87.99999999999999,0.42117890043862857,0.7674486443905321,0.3602813740196596,87.99999999999999,0.3542647819438876,9877996.124649814,0.5146257984817904 
 02/25  06:20:00,6.733333333333334,86.66666666666667,5.916666666666667,0.0,0.0,0.0,0.0,0.0,2.0,2.0,0.0,0.0,0.0,0.0,0.0,716.0,0.0,0.0,0.0,0.0,0.0,0.0,0.0,0.0,0.0,0.0,0.0,19.11557869008866,-1359.590074664271,18.02282435699616,809.2080510587093,19.424114577785255,-3407.941704225753,18.197235535931225,833.250037218731,15.709685696379254,9.29460653119851,18.694224428311615,-114.51682129316845,16.692876793877276,282.07869354952529,15.923408963935345,-169.37042166961519,18.300020285064404,-183.50676367026115,902.3662336294574,534.1186525335133,0.0,0.0,0.0,0.0,0.0,0.0,0.0,0.0,0.0,0.0,0.0,0.0,0.0,0.0,0.0,0.0,0.0,0.0,0.0,0.0,0.0,0.0,1.0937101707022419,0.3338553634622229,451.84765168667595,525.8398359349221,11779.150682532541,0.34204153416331686,0.052204141355817589,394.4743233085274,461.35665266595108,9189.874777695682,0.8456831494529016,0.15980407208104722,576.9886354285357,670.505304754095,15495.44198052092,0.3013951774810581,0.05695298138341988,388.0517590315779,453.29478691423966,9317.845691695797,0.0,0.0,12.954754259569893,15.29733855608625,231.99362927786249,0.0,0.0,20.10047356225806,23.42797441399199,505.8746868600574,0.0,0.0,77.36720453799927,90.94114980116179,1583.405446494121,0.0,0.0,25.888975315227655,30.483619998908354,502.8521578807091,0.0,0.0,43.09035433047187,50.26151604998188,1070.1415860296373,37.95795338099162,26.034261578183558,772.3359686273439,905.7992222026128,17623.29430114292,0.0,0.0,43.68454644473536,52.055512174789658,561.7115850859457,1866.4160669616245,19.98260278259187,38.23119183062821,22.0,30.0,0.0,18.53338673008462,41.88144075977579,16.0,30.0,4218.021563085944,20.422849902138098,37.18572281952518,22.0,30.0,0.0,18.92169102235297,40.84755069054472,16.0,30.0,0.0,15.7064903629913,50.81278363727919,12.0,30.0,0.0,19.520100464242103,39.931410066917838,19.0,30.0,0.0,17.031276556418484,46.18429221334688,10.0,30.0,0.0,16.512882752471648,48.49756795145214,16.0,30.0,0.0,19.329959940266645,40.374831960211668,19.0,30.0,0.0,17.741923310052245,0.0,0.0,0.0,13.097320034109505,0.0,0.0,452.47493076261426,454.96187956122739,451.42081454878288,451.1755741056277,513.2949129078984,726.8423082946473,481.308019848327,614.9145942694137,643.1017973929224,12228.576399416488,79.91848639860456,87.86504112007815,60.0,0.0,60.0,60.0,16.0,16.0,19.0,19.0,16.0,12.0,21.0,10.0,1.0,0.0,1866.4160669616245,0.0,4218.021563085944,0.0,0.0,0.0,0.0,0.0,12024.362800911982,7214617.680547189,9408241.190715079,79.91848639860456,88.0,0.40081209336373277,0.7668789371312392,0.36028137401965956,88.0,0.3542647819438875,9408241.190715079,0.49022520858385068 
 02/25  06:30:00,6.645,87.0,5.83,0.0,0.0,0.0,0.0,0.0,2.0,2.0,0.0,0.0,0.0,0.0,0.0,358.0,0.0,0.0,0.0,0.0,0.0,0.0,0.0,0.0,0.0,0.0,0.0,19.567511016505379,-1399.9021782021537,18.443225623983115,718.4149281899772,19.944373792364517,-3553.281732072406,18.680809283530217,709.0453861094866,15.698895255037636,15.224088752547886,18.335821163150614,-73.34354067572895,17.06929394785201,322.6868464209076,15.986699198340486,-246.3687567284092,18.495822900175818,-152.91312084657728,1048.7674044752567,540.5793831588105,0.0,0.0,0.0,0.0,0.0,0.0,0.0,0.0,0.0,0.0,0.0,0.0,0.0,0.0,0.0,0.0,0.0,0.0,0.0,0.0,0.0,0.0,1.2222555749914555,0.3730938873600292,454.9205508207807,527.6979919226683,12476.145127684038,0.35944970811789969,0.054861066562561,392.3106297556733,457.2545985567628,9711.688064405622,0.9554027415632416,0.18053717716614549,571.1747091760854,661.5051144390129,16144.490716809967,0.3069497948567425,0.0580026067378576,372.91359718036019,433.9828084714151,9547.784944538966,0.0,0.0,13.170621262418038,15.53567319195606,238.1705070642792,0.0,0.0,18.733042608472574,21.85093437770933,456.3238679393904,0.0,0.0,86.66550197045848,101.51078169014414,1897.2992760290409,0.0,0.0,34.42508027079193,40.45853917826091,684.2313489355089,0.0,0.0,35.586672548151657,41.45200583652388,896.6221330690362,38.369804169532958,26.31673811353427,755.7263563141171,883.5977829477185,18260.895845184,0.0,0.0,48.13944562487731,57.30105859534126,619.0215289070566,1908.2473046547489,20.614800850208746,36.72908108544529,22.0,30.0,0.0,19.216881566072808,40.08345464371425,16.0,30.0,4310.899360496989,21.08046248262833,35.678296513652359,22.0,30.0,0.0,19.669892749785796,38.94590710954583,16.0,30.0,0.0,15.70536784744227,50.58270181219628,12.0,30.0,146.50661442728677,18.996797995529705,41.0795723857545,19.0,30.0,0.0,17.68194479302394,44.25863196945614,10.0,30.0,763.6874523267475,16.565392119093994,48.24409556555982,16.5,30.0,1240.420601515188,19.50708690181697,39.82139304055454,19.5,30.0,0.0,18.310332579161775,0.0,0.0,0.0,13.005111432846757,0.0,0.0,452.9412999342263,456.2587889415667,452.75669322479748,452.5739654351584,515.2712540876987,701.0715691616831,479.81985471643966,639.4321069276177,642.9300288609561,12242.971463332691,79.9086311871907,87.8648765409709,60.0,0.0,60.0,60.0,16.0,16.0,19.0,19.0,16.0,12.0,21.0,10.0,1.0,0.0,1908.2473046547489,0.0,4310.899360496989,0.0,146.50661442728677,0.0,763.6874523267475,1240.420601515188,12038.517471530797,7223110.482918478,9432000.744251902,79.9086311871907,88.0,0.4012839157176932,0.766151401460242,0.36028137401965956,88.0,0.3542647819438875,9432000.744251902,0.49148737203443229 
 02/25  06:40:00,6.556666666666667,87.33333333333334,5.743333333333334,0.0,0.0,0.0,0.0,0.0,2.0,2.0,0.0,0.0,0.0,0.0,0.0,716.0,0.0,0.0,0.0,0.0,0.0,0.0,0.0,0.0,0.0,0.0,0.0,19.96475148624095,-1218.767182109893,18.755586421231084,947.520882349766,20.373191345261966,-3260.538472973073,19.02539304648306,902.5040641730893,15.695373580936384,24.917943304466747,18.841123590248267,-81.13825104701974,17.34162842334387,378.8971343204099,15.82626281493288,-264.5077216875392,18.53798615800493,-123.05920008673945,1216.4075069052024,637.2842780763871,0.0,0.0,0.0,0.0,0.0,0.0,0.0,0.0,0.0,0.0,0.0,0.0,0.0,0.0,0.0,0.0,0.0,0.0,0.0,0.0,0.0,0.0,1.3414155599181786,0.40946750913253318,467.93252699832137,542.3482196422674,13388.01880702386,0.3824471160609306,0.058371049459849,400.9471050295075,467.00428667796839,10368.056937532496,1.070799155744034,0.2023429999516316,574.9984784643723,665.4089429305745,16927.50741737203,0.3255098673494179,0.0615098010864357,375.2224688781836,436.32683036361478,10039.2522713026,0.0,0.0,13.765555976199254,16.25429384665415,251.53165018974912,0.0,0.0,18.333426682754227,21.345105931501715,478.55114908143636,0.0,0.0,97.46996998922309,114.13191504076973,2229.413931581063,0.0,0.0,41.340742702793068,48.70852779143563,799.6189754862085,0.0,0.0,33.27130556558148,38.78651721567714,847.3654318954908,38.90532136778025,26.684033859931597,767.062954221611,895.7663675219567,19657.33375402559,0.0,0.0,55.920235374109157,66.62539950165963,737.0890711081615,1833.5552874813973,21.153199782866865,35.47208561312152,22.0,30.0,0.0,19.7097027363575,38.81170570675453,16.0,30.0,4132.785000595645,21.615540998740849,34.467492333580519,22.0,30.0,0.0,20.18911975027842,37.65654305905776,16.0,30.0,0.0,15.714259434262651,50.41837711708066,12.0,30.0,949.0844511825452,19.833826107841348,38.88811928251125,19.75,30.0,0.0,18.113744949528529,43.015587054840107,10.0,30.0,50.13078881714682,16.29501415826472,48.8269157154911,16.0,30.0,0.0,19.48153325644466,39.82330001458854,19.0,30.0,0.0,18.951428670372946,0.0,0.0,0.0,13.07930872079619,0.0,0.0,455.3621982896775,458.24908645712505,454.9648384845322,455.6862138678263,515.2147480403016,695.9690788671055,486.7458004997824,613.4560171881097,651.7056014003416,10247.501272554513,81.22901783508029,86.36334068662399,60.0,0.0,60.0,60.0,16.0,16.0,19.0,19.0,16.0,12.0,21.0,10.0,1.0,0.0,1833.5552874813973,0.0,4132.785000595645,0.0,949.0844511825452,0.0,50.13078881714682,0.0,7770.315060882542,4662189.036529525,6084695.601518845,81.22901783508029,86.45053853342532,0.3440105020294181,0.7651372907335259,0.36028137401965956,86.45053853342532,0.3542647819438875,6084695.601518845,0.3174541712789799 
 02/25  06:50:00,6.468333333333333,87.66666666666667,5.656666666666667,0.0,0.0,0.0,0.0,0.0,2.0,2.0,0.0,0.0,0.0,0.0,0.0,1790.0,0.0,0.0,0.0,0.0,0.0,0.0,0.0,0.0,0.0,0.0,0.0,20.20833692419658,-1388.651923641947,19.070159657283797,860.0385921488881,20.48883444190641,-2008.0109202778845,19.310689851540283,642.7753180845951,15.696764323367069,28.8680432949397,18.646974529431547,-46.071570857745708,17.60976832634481,398.29783278452956,16.086515879499708,-307.40201836342666,18.50561728747665,-82.0854249061346,1285.9196647627353,662.7343363742426,0.0,0.0,0.0,0.0,0.0,0.0,0.0,0.0,0.0,0.0,0.0,0.0,0.0,0.0,0.0,0.0,0.0,0.0,0.0,0.0,0.0,0.0,1.4308514614087227,0.436767845362858,457.9569027852222,530.6818186810976,13429.795701692907,0.3736360308750735,0.05702625623856434,367.65816155112347,427.96152689425755,9881.327251775518,1.2441210640870409,0.2350946833119882,434.82525981582827,503.7345358568265,12941.52658092687,0.32612076922275337,0.06162523983801081,315.6637281599992,367.00542157997787,8717.143624821525,0.0,0.0,13.407637245419732,15.84208368807576,247.64667781887918,0.0,0.0,16.216184530590483,18.916547787516735,414.7481880151607,0.0,0.0,104.10373215437866,121.83321592642955,2477.9432739445098,0.0,0.0,43.27184441047377,50.95817651325966,877.8449348250267,0.0,0.0,24.780107629369888,28.8977601909965,634.3906424582699,39.095290383701,26.814328109534306,674.6472996898485,787.6224748630878,18028.16308704216,0.0,0.0,58.48251995100566,69.72929087510221,783.7472408175923,1861.712235211849,21.438692701800073,34.73627442702805,21.999999999999998,30.0,0.0,20.17048878223066,37.5998595866953,15.999999999999999,30.0,2523.547429334597,21.57391148198872,34.45759943696681,21.599999999999999,30.0,0.0,20.553973733661317,36.71352758851149,15.999999999999999,30.0,0.0,15.727462840386592,50.23365615110039,12.0,30.0,0.0,19.459452063271426,39.71554427553412,19.0,30.0,0.0,18.52407869649073,41.77650618227482,10.0,30.0,700.4625373072365,16.68704673368714,47.37021805138975,16.599999999999999,30.0,895.1434217673897,19.424463223192388,39.88911843678157,19.4,30.0,0.0,19.314888091754676,0.0,0.0,0.0,13.103309578755303,0.0,0.0,460.45676125997479,463.6945963686046,460.61678444463868,462.52256353716646,513.180611304437,701.5150748099479,484.3672827785009,574.267381667251,665.227266287366,10414.301920759486,81.11868255487402,85.36446732221957,60.0,0.0,60.0,60.0,16.0,16.0,19.0,19.0,16.0,12.0,21.0,10.0,1.0,0.0,1861.712235211849,0.0,2523.547429334597,0.0,0.0,0.0,700.4625373072365,895.1434217673897,6425.378574578056,3855227.1447468337,5035927.248765478,81.11868255487402,85.43657484260723,0.35017928581926857,0.767079511117903,0.3602813740196596,85.43657484260723,0.3542647819438876,5035927.248765478,0.26295488360247157 
 02/25  07:00:00,6.38,88.0,5.57,0.0,0.0,0.0,0.0,0.0,2.0,2.0,0.0,0.0,0.0,0.0,0.0,1253.0,0.0,0.0,0.0,0.0,0.0,0.0,0.0,0.0,0.0,0.0,0.0,20.279643390199746,-1305.7527731603059,19.20173513322548,693.0590132875968,20.55048746064878,-1769.5062764007146,19.352548527705545,612.728584547236,15.697901564630789,30.040031724389779,18.62002039981163,-37.713304854518508,17.762538529529939,331.31980796988958,16.03090580304598,-310.50261310340917,18.51938864366384,-86.51059433635023,1277.9795397976334,732.8554457397762,0.0,0.0,0.0,0.0,0.0,0.0,0.0,0.0,0.0,0.0,0.0,0.0,0.0,0.0,0.0,0.0,0.0,0.0,0.0,0.0,0.0,0.0,1.4647902119156276,0.4471276593149053,439.7936653300211,509.5110955304649,12965.600794405464,0.36247669131211149,0.055323060334571429,338.5557486669671,393.77901678341819,9249.328121029132,1.2968740385127558,0.24506312141208587,411.04389794925279,475.97515769325755,12286.096225165575,0.33111623182206298,0.06256920480386684,306.0408910578418,355.68014279689319,8497.042060107895,0.0,0.0,13.071490700292794,15.441300093544835,243.9756949287212,0.0,0.0,15.305432415122127,17.868604834668277,385.97578497794799,0.0,0.0,107.59585539864337,125.80513110990795,2619.006258765908,0.0,0.0,48.336226444950288,56.95964676933418,967.5110230564596,0.0,0.0,24.821119682532428,28.95299531919392,639.28477371845,38.942496683083479,26.709531332704768,636.5989666086298,742.7883762201868,17255.290153906517,0.0,0.0,64.48318851098847,76.84450873977215,888.6331651605204,1819.9443392273548,21.432280562225875,34.65237553289975,22.000000000000037,30.000000000000044,0.0,20.307722000130075,37.173176544556358,16.00000000000002,30.000000000000044,2435.467566460014,21.565457550649059,34.379402682374337,21.571428571428599,30.000000000000044,0.0,20.53637439562971,36.64961474250969,16.00000000000002,30.000000000000044,0.0,15.737301244230292,50.0326905707759,12.000000000000018,30.000000000000044,506.1905304154992,19.193191427952944,40.26794306498552,19.285714285714314,30.000000000000044,0.0,18.7156091671007,41.146351482220897,10.000000000000015,30.000000000000044,689.6014958096291,16.459801322018117,47.83581847750936,16.571428571428599,30.000000000000044,0.0,19.44726936851264,39.69241677470915,19.00000000000003,30.000000000000044,0.0,19.36941327725974,0.0,0.0,0.0,13.205422525478977,0.0,0.0,464.27104515201759,468.35533903104297,464.69124065891278,467.07204360896557,508.1493317429987,710.6334975459694,483.5024796286732,545.8509106407544,665.7111670062276,10437.911730078074,81.10307264608662,85.16623175827113,60.000000000000088,0.0,60.000000000000088,60.000000000000088,16.0,16.0,19.0,19.0,16.0,12.0,21.0,10.0,1.0,0.0,1819.9443392273548,0.0,2435.467566460014,0.0,506.1905304154992,0.0,689.6014958096291,0.0,6148.972461428271,3689383.476856957,4806235.8181274109,81.10307264608662,85.23523768875856,0.35068003442856168,0.7680000519052533,0.3602813740196601,85.23523768875856,0.35426478194388807,4806235.8181274109,0.2510475958759587 
 02/25  07:10:00,6.414999999999999,87.83333333333334,5.5583333333333349,11.333333333333334,180.66666666666669,0.0,0.0,0.0,2.0,2.0,0.0,0.0,0.0,0.0,0.0,1790.0,0.0,21.37393137298672,28.591158598106796,73.26332314396908,0.6408988846886514,17.058436993850007,0.0,28.59115859810674,39.08628143526738,0.0,0.0,20.399959466693308,-1332.3178349146097,19.27484547707871,702.4346929502244,20.62535652870116,-1804.0639540140774,19.442076791379834,633.321597648408,15.697835593190263,30.909757472326175,19.02155922461364,-45.22979591785636,17.846199650423637,313.87080456067789,16.05695590636642,-313.1983852208467,18.579879165743646,-83.14567734544063,1267.2537111223103,753.5675146252945,0.0,0.0,0.0,0.0,0.0,0.0,0.0,0.0,0.0,0.0,0.0,0.0,0.0,0.0,0.0,0.0,0.0,0.0,0.0,0.0,0.0,0.0,1.4593380584765333,0.4454633878133497,433.5869681755857,502.3204868118012,12813.134299056841,0.36160887836627866,0.05519061025126353,337.09750483744036,392.07460765404428,9219.105963201919,1.306987363333668,0.24697418052412482,416.21758930769496,481.85646655856535,12450.218077641552,0.3362949532089228,0.06354779917024239,315.02398698364598,366.13297732459179,8734.040324217549,0.0,0.0,13.14397685621521,15.529319273143104,244.5265587658782,0.0,0.0,15.534452555630005,18.094447311515667,409.9338851692503,0.0,0.0,107.98781539958964,126.256617285099,2638.32670855979,0.0,0.0,49.38283197160856,58.212116513649288,976.5441604648052,0.0,0.0,22.93848443204718,26.734028858508,591.6286262703187,38.81137436570522,26.61959833038767,644.4238916988545,751.8576853206442,17481.429514717474,0.0,0.0,64.69731032962287,77.11803640689129,881.4785749847506,1844.8322874175038,21.505278757344155,34.3947555877237,21.999999999999998,30.0,0.0,20.359277157102548,36.954064267079697,15.999999999999999,30.0,2392.1952065897864,21.60755132005565,34.18914815983801,21.599999999999999,30.0,0.0,20.55498953349958,36.508661195116598,15.999999999999999,30.0,0.0,15.741358137205454,49.86261299172928,12.0,30.0,344.2113077737005,19.841410756604334,39.85656213886602,19.3,30.0,0.0,18.799649956047575,40.796347835533747,10.0,30.0,151.54615802381918,16.369130023548484,47.924812040876208,16.099999999999999,30.0,878.8902790699239,19.42185331983694,40.74350972882277,19.4,30.0,0.0,19.430562882167299,0.0,0.0,0.0,13.161237829159873,0.0,0.0,468.7855286150565,472.5320302715427,469.0546909281477,472.3053145820726,503.0703497460397,748.6596243996578,482.3138867220952,527.4234841384405,698.1027613443442,10528.630064715602,81.04304769626538,84.6811621075292,60.0,0.0,60.0,60.0,16.0,16.0,19.0,19.0,16.0,12.0,21.0,10.0,1.0,0.0,1844.8322874175038,0.0,2392.1952065897864,0.0,344.2113077737005,0.0,151.54615802381918,878.8902790699239,5505.573768224131,3303344.2609344779,4303604.7162684,81.04304769626538,84.74294936794345,0.353519125607471,0.7688769576831207,0.3602813740196596,84.74294936794345,0.3542647819438876,4303604.7162684,0.22494744524595676 
 02/25  07:20:00,6.45,87.66666666666667,5.546666666666667,14.166666666666668,225.83333333333335,0.0,0.0,0.0,2.0,2.0,0.0,0.0,0.0,0.0,0.0,1074.0,0.0,28.514845854086656,31.65200119839719,81.10662314627328,0.85502466874724,22.757622061705129,0.0,31.652001198397135,43.27068532689307,0.0,0.0,20.45041138875031,-1386.2070380668106,19.329223984252978,632.1092250398999,20.6314920407874,-1577.7009547354374,19.49580020588768,560.5192953191502,15.69843923739169,31.01836487875829,18.630398672117417,-29.132939371822375,17.897356954495934,323.00724902638066,16.261449830051796,-330.82411337302576,18.62061331767417,-73.32618911999104,1229.8356057027687,714.8397172544775,0.0,0.0,0.0,0.0,0.0,0.0,0.0,0.0,0.0,0.0,0.0,0.0,0.0,0.0,0.0,0.0,0.0,0.0,0.0,0.0,0.0,0.0,1.4492053815058688,0.44237038507505169,430.9885518065147,499.2399249530752,12685.777098024855,0.3512419408680612,0.053608354833342686,322.53390561323399,374.97855619009786,8813.918303988588,1.3091737479327357,0.2473873295413333,385.33606211204866,445.88279903060819,11453.386338059492,0.3314039041712579,0.06262356465821198,301.236220711049,349.93391995957867,8328.366723103887,0.0,0.0,13.141718052526958,15.523665204638715,243.71405977463906,0.0,0.0,14.675992453196006,17.116655918687749,372.7336584087561,0.0,0.0,103.61511425206062,121.10773693407319,2530.945776903371,0.0,0.0,45.80929303493783,53.918039683041978,942.9277587614721,0.0,0.0,24.57441897233086,28.650450079437726,631.058697751454,38.58088687129398,26.461513629145395,616.3320068696298,718.8096302461045,16696.279624375813,0.0,0.0,61.03534629224657,72.75066653430896,827.0162140840646,1832.2895346992912,21.482301715506169,34.39195969495629,22.0,30.0,0.0,20.381058710340758,36.86852075388853,16.0,30.0,2070.6548359899418,21.524293791741568,34.31875404156574,21.5,30.0,0.0,20.540592151620474,36.494894575548489,16.0,30.0,0.0,15.746253684681351,49.72360548523457,12.0,30.0,0.0,19.343873724291766,42.77757734632162,19.0,30.0,0.0,18.83273144936697,40.64612731292882,10.0,30.0,659.6684169417113,16.81152725372914,46.65257527625078,16.666666666666666,30.0,0.0,19.48960433750089,41.74938004775508,19.0,30.0,0.0,19.413956890836496,0.0,0.0,0.0,13.16052014380966,0.0,0.0,471.3234610140079,476.2419697924699,471.72091830266347,474.7890403228918,499.99418991362918,788.7824313536759,482.99806688361039,528.1599176388982,713.7257612219644,9995.305619743807,81.39580459094599,83.72767810407545,60.0,0.0,60.0,60.0,16.0,16.0,19.0,19.0,16.0,12.0,21.0,10.0,1.0,0.0,1832.2895346992912,0.0,2070.6548359899418,0.0,0.0,0.0,659.6684169417113,0.0,3528.9946355759186,2117396.7813455497,2760070.5880216306,81.39580459094599,83.7672810576172,0.3442998211858639,0.769905728618577,0.36028137401965956,83.7672810576172,0.3542647819438875,2760070.5880216306,0.14469367057712477 
 02/25  07:30:00,6.484999999999999,87.5,5.535,17.0,271.0,0.0,0.0,0.0,2.0,2.0,0.0,0.0,0.0,0.0,0.0,1253.0,0.0,36.136043476765667,32.14063367639772,82.35879526066808,1.0835538119155457,28.8401410604956,0.0,32.14063367639764,43.9386829698709,0.0,0.0,20.55640699787709,-1407.6042336936517,19.378650425165348,669.4421082961076,20.671127207940545,-1593.9756788962826,19.57256608404006,577.9196419773166,15.696318833624656,30.503154712109443,18.67394745085931,-27.69253718329781,17.953312539394277,301.6344798377297,16.131834674181265,-321.789785831794,18.629879242632837,-81.74119941060553,1226.3997507691766,769.814189273373,0.0,0.0,0.0,0.0,0.0,0.0,0.0,0.0,0.0,0.0,0.0,0.0,0.0,0.0,0.0,0.0,0.0,0.0,0.0,0.0,0.0,0.0,1.4525725260698788,0.443398206981037,434.41757768477296,503.13126586939719,12821.993182411254,0.35689522115931507,0.05447118760062801,332.3831720739692,386.4201233922665,9080.034840637603,1.3126927101475719,0.24805228838767399,396.7013258929762,459.1459363760143,11738.069271578715,0.33440034066401466,0.06318978470597396,307.86632041061,357.61105413499288,8525.283324726723,0.0,0.0,12.944709578609228,15.292576242374814,239.14192694608176,0.0,0.0,14.71567109446541,17.16793390292365,368.8571436758622,0.0,0.0,109.0403748603685,127.44485216397664,2665.0683827247055,0.0,0.0,50.351873352105119,59.34912008462358,992.592970959314,0.0,0.0,23.51116490842878,27.402716610338574,600.9628446002229,38.47366238807051,26.387971459581956,632.7270669076731,737.8441462683408,17149.79145696317,0.0,0.0,66.06126830563906,78.73868774549469,892.6887298788068,1853.5810977856903,21.56213652636042,34.20715593500812,21.999999999999976,29.999999999999969,0.0,20.41182910558977,36.795794302682569,15.999999999999983,29.999999999999969,1733.2717885699486,21.524381833989087,34.29925852409757,21.428571428571407,29.999999999999969,0.0,20.60175206097318,36.35160595266479,15.999999999999983,29.999999999999969,0.0,15.745104670543379,49.68463646869899,11.999999999999986,29.999999999999969,502.88933827361259,19.18762701303004,44.20508890289586,19.285714285714265,29.999999999999969,0.0,18.876133158922494,40.54393373732499,9.99999999999999,29.999999999999969,593.5489885265439,16.396284483547018,48.019445726528669,16.428571428571414,29.999999999999969,885.3689041796071,19.405619763983954,42.67018832587244,19.42857142857141,29.999999999999969,0.0,19.48051511246063,0.0,0.0,0.0,13.178058822045122,0.0,0.0,475.2138627900669,480.81133829788288,475.74198475061407,479.31037584970718,500.34748698349326,820.4368428325581,487.3645700458378,530.4374644008473,733.6606098125756,9755.563458391774,81.55429408953263,84.61171187378136,59.999999999999939,0.0,59.999999999999939,59.999999999999939,16.0,16.0,19.0,19.0,16.0,12.0,21.0,10.0,1.0,0.0,1853.5810977856903,0.0,1733.2717885699486,0.0,502.88933827361259,0.0,593.5489885265439,885.3689041796071,4626.915880597255,2776149.528358355,3626652.915157142,81.55429408953263,84.66363697768839,0.3485162436389559,0.7668060689496192,0.3602813740196592,84.66363697768839,0.3542647819438872,3626652.915157142,0.1897659515881714 
 02/25  07:40:00,6.52,87.33333333333334,5.523333333333333,26.0,276.0,0.0,0.0,0.0,2.0,2.0,0.0,0.0,0.0,0.0,0.0,537.0,0.0,54.17032146980549,31.69098962633149,81.20672359587788,1.624319110170766,43.233283049785288,0.0,31.690989626331417,43.32398546377732,0.0,0.0,20.625269479957106,-1311.9258316704393,19.438260675354628,555.1823977881609,20.74897131832622,-1509.1041864066056,19.62669143959436,493.61387328315029,15.696855670349418,31.493315500908268,19.34013009325247,-57.902449417261639,18.004771798181296,300.7850141062851,16.592174239621465,-353.1973045705967,18.70364695525288,-66.95522507107964,1202.1723547741656,715.3287492359693,0.0,0.0,0.0,0.0,0.0,0.0,0.0,0.0,0.0,0.0,0.0,0.0,0.0,0.0,0.0,0.0,0.0,0.0,0.0,0.0,0.0,0.0,1.447154906286931,0.4417444768885628,439.84394774656189,509.0851245719275,12955.34962930501,0.3407945966392331,0.05201382732589031,303.0799153661354,352.1268493808118,8282.99053493571,1.3157296364700076,0.24862615957483157,409.3548842488422,473.2875605694187,12113.632826399535,0.32491248713712375,0.06139691744843609,261.76180129537456,303.7165513218808,7269.448210652117,0.0,0.0,13.09921758002788,15.46347420933922,241.19585552146945,0.0,0.0,14.77214145729519,17.15215558255897,401.27683459940666,0.0,0.0,99.62801453429256,116.35752340267554,2437.245855355393,0.0,0.0,44.25377368653591,51.99103561364997,938.9539347837907,0.0,0.0,24.63072089058474,28.68633019543573,631.0543532265112,38.22732428282646,26.219015283145738,600.363226527528,699.652050190464,16268.720931731572,0.0,0.0,59.54039350734452,70.93849434831103,795.31614527569,1850.1984069239516,21.64629412742007,34.04406406617774,22.000000000000008,30.00000000000001,0.0,20.450569493618184,36.69005834259361,16.000000000000008,30.00000000000001,2354.734408181931,21.59554568226489,34.15615738356557,21.666666666666676,30.00000000000001,0.0,20.623830092834969,36.318530904786509,16.000000000000008,30.00000000000001,0.0,15.747898606059355,49.67179941791777,12.000000000000006,30.00000000000001,914.0597388393983,20.353986627138125,41.72548684232046,19.666666666666676,30.00000000000001,0.0,18.92253278945789,40.42288353988921,10.000000000000004,30.00000000000001,647.266877403898,17.210794433825475,45.71590170172824,17.000000000000008,30.00000000000001,0.0,19.53135842606603,42.654453434961968,19.000000000000008,30.00000000000001,0.0,19.482939143150199,0.0,0.0,0.0,13.126265849607857,0.0,0.0,477.2409666738271,481.38701704852488,477.2094434645777,482.2754625639524,501.6280438495538,836.1498835719375,488.0395821391718,533.016011323632,736.1850049014179,8356.453274647112,82.4794807187488,82.4794807187488,60.00000000000002,0.0,60.00000000000002,60.00000000000002,16.0,16.0,19.0,19.0,16.0,12.0,21.0,10.0,1.0,0.0,1850.1984069239516,0.0,2354.734408181931,0.0,914.0597388393983,0.0,647.266877403898,0.0,0.0,0.0,0.0,82.4794807187488,82.4794807187488,0.3400000000000002,0.7693925614808734,0.3602813740196597,82.4794807187488,0.3542647819438876,0.0,0.0011900000000000004 
 02/25  07:50:00,6.555,87.16666666666666,5.511666666666667,34.99999999999999,281.0,0.0,0.0,0.0,2.0,2.0,0.0,0.0,0.0,0.0,0.0,718.0,0.0,71.88001488510438,29.933355376272723,76.70300158750476,2.1553520526605984,57.36737923285454,0.0,29.93335537627266,40.92116618933872,0.0,0.0,20.49720592436912,-864.0220543426499,19.40717650457772,486.9114505644752,20.79091692457329,-1721.1017928267693,19.659064021296567,471.4344332433234,15.694920994549105,27.96329331308648,19.092909492835007,-41.52172572787438,18.003690641592283,243.74109316162584,16.26191544847388,-319.4161855222666,18.772053696784938,-61.94258865889478,1155.3164255162656,730.7286124414339,0.0,0.0,0.0,0.0,0.0,0.0,0.0,0.0,0.0,0.0,0.0,0.0,0.0,0.0,0.0,0.0,0.0,0.0,0.0,0.0,0.0,0.0,1.460884285612717,0.4459353741186561,354.69279918044256,411.0259262616163,10254.456045899922,0.3426628211510786,0.05229896537714875,288.014502266749,334.832035218967,7793.456758320714,1.2686839637201933,0.23973619873775396,383.6277317617297,443.88629365472397,11296.229931580434,0.31253523530779389,0.05905805655854002,274.8481412286354,319.1086375314612,7595.743132333589,0.0,0.0,12.597570152514436,14.878160250713595,231.00703709484447,0.0,0.0,13.919858234213074,16.189499858385739,367.34920728074789,0.0,0.0,99.32947624470036,116.05003823457196,2412.205077913687,0.0,0.0,46.426005004230429,54.66045283711139,923.6836095232359,0.0,0.0,20.83879958640034,24.29809242171273,524.2542490655566,37.99643166385712,26.060652718694884,555.1021550144219,647.3024308297489,14989.368661927085,0.0,0.0,61.41909903651312,73.1901564680846,810.7570249041007,1128.2760912383613,21.272196470858675,34.814010348904719,21.5,30.0,0.0,20.33779720696306,36.936463130085339,16.0,30.0,2198.4756827478079,21.5557470562402,34.22075694172534,21.5,30.0,0.0,20.629451793584467,36.282926209816029,16.0,30.0,0.0,15.744813925212324,49.7512051662416,12.0,30.0,0.0,19.97978754565411,43.324849327696828,19.0,30.0,0.0,18.864805022855465,40.63881121768095,10.0,30.0,344.9207079670315,16.559335120133278,47.96497373118934,16.0,30.0,739.8277969654879,19.327531362498087,43.53209202918498,19.0,30.0,0.0,19.381236467324844,0.0,0.0,0.0,13.088537814903296,0.0,0.0,478.6572154466279,482.4896040460301,478.85228457892176,483.0047412192136,505.70729123692208,852.8501568907922,493.50314953854368,548.1814978805007,750.9032684700229,8535.623437062428,80.97855219333153,84.8758668901933,60.0,0.0,60.0,60.0,16.0,16.0,19.0,19.0,16.0,12.0,21.0,10.0,1.0,0.0,1128.2760912383613,0.0,2198.4756827478079,0.0,0.0,0.0,344.9207079670315,739.8277969654879,5897.357473666347,3538414.484199808,4597369.949731732,80.97855219333153,84.94205623194287,0.2815785824555449,0.5390712115479543,0.27021103051474468,84.94205623194287,0.2656985864579156,4597369.949731732,0.2402332373860501 
 02/25  08:00:00,6.59,87.0,5.5,44.0,286.0,0.0,0.0,0.0,2.0,2.0,0.0,0.0,0.0,0.0,0.0,720.0,0.0,81.7040775172807,26.984801486807048,69.14761582381931,2.4499386293744287,65.20804227466017,0.0,26.984801486806995,36.890269478551399,0.0,0.0,20.66240339984404,-1427.5855028074257,19.452529253878774,648.946344243232,20.877761133854308,-1286.4254252715473,19.66111102411752,470.29771840176246,15.694812170718843,33.434623355053208,18.788641346118206,-34.41948269278993,18.035720356073545,314.28887033195056,16.344575050098098,-329.59311687902729,18.96344427612778,-97.3086765850984,1174.0135465179565,760.0522519747581,0.0,0.0,0.0,0.0,0.0,0.0,0.0,0.0,0.0,0.0,0.0,0.0,0.0,0.0,0.0,0.0,0.0,0.0,0.0,0.0,0.0,0.0,1.436517701847977,0.4384974669865619,459.2252076149823,531.7527221848384,13463.455735130327,0.3429268646001373,0.05233926504886101,313.7269002170592,364.6278483661755,8498.316125507947,1.3166330075131019,0.2487968646094298,366.06941530071597,423.3766960660162,10792.397757100174,0.3209713591122178,0.060652184261567976,233.6770103653502,271.06976061919786,6440.053766631894,0.0,0.0,13.422070730577357,15.851675960170006,245.2644787714826,0.0,0.0,15.859773031133364,18.47810535033717,402.1017963664243,0.0,0.0,100.14097392888654,116.99266968211951,2433.182960114396,0.0,0.0,46.22671624458286,54.39532600004666,934.6703245422206,0.0,0.0,30.702034310770228,35.72979549054631,801.7175732909554,37.92162383220734,26.009344192186114,581.0551424533344,677.2753631411823,15699.788898848805,0.0,0.0,61.56721302409259,73.35608510117805,818.1596624737337,1833.1141679353962,21.591866838069469,34.147590860117229,22.0,30.0,0.0,20.39396325960034,36.8473046620333,16.0,30.0,1801.7689448271786,21.690008275923906,33.940153103357008,21.5,30.0,0.0,20.59311695257511,36.36341745833843,16.0,30.0,0.0,15.747137029428283,49.87217238429571,12.0,30.0,0.0,19.46494021184442,44.989135555060418,19.0,30.0,0.0,18.906650955584685,40.59376953743542,10.0,30.0,342.460101311847,16.7644450654728,47.72554871175017,16.5,30.0,274.91854072884169,19.869311732671578,42.12412172675393,19.5,30.0,0.0,19.490279205624888,0.0,0.0,0.0,13.170202613277045,0.0,0.0,482.5557246464924,488.07761607950786,481.99641184003988,485.8212690606488,512.7421267165782,857.5444109657154,499.18809533861687,566.2743000765295,747.056727005927,10489.732237060625,81.06881274874245,86.28981155753699,60.0,0.0,60.0,60.0,16.0,16.0,19.0,19.0,16.0,12.0,21.0,10.0,1.0,0.0,1833.1141679353962,0.0,1801.7689448271786,0.0,0.0,0.0,342.460101311847,274.91854072884169,7901.357961522499,4740814.776913499,6191385.249650726,81.06881274874245,86.37848144983687,0.3483785987174166,0.7662900074908039,0.36028137401965956,86.37848144983687,0.3542647819438875,6191385.249650726,0.32310203298183778 
 02/25  08:10:00,6.638333333333334,86.66666666666667,5.4750000000000009,53.0,291.0,0.0,0.0,0.0,2.0,2.0,0.0,0.0,0.0,0.0,0.0,720.0,0.0,97.4710196219663,26.508398110627174,67.9269773808472,2.9227194191236385,77.79165260704264,0.0,26.508398110627135,36.238989944908777,0.0,0.0,20.735267599316086,-1434.7012841822953,19.531988481026408,599.6522574764599,20.89692024894054,-1227.7539462474545,19.693620285869945,451.42489204256926,15.696532324085636,31.237612780826568,18.575835657149676,-21.128475206039427,18.074715609388627,277.46875140404929,16.24612114483152,-333.8269088636613,18.632036141375545,-79.09228328530694,1171.3000111963102,795.3131668983949,0.0,0.0,0.0,0.0,0.0,0.0,0.0,0.0,0.0,0.0,0.0,0.0,0.0,0.0,0.0,0.0,0.0,0.0,0.0,0.0,0.0,0.0,1.4498051001017479,0.4425534493595079,462.98922349906686,536.0642382593799,13557.593255830034,0.3401132261793132,0.05190983305545073,305.8336562461694,355.3611138128428,8301.184462949277,1.3446547521550163,0.2540919788652715,365.23632193314566,422.42134063540069,10735.119744899306,0.32471248177584435,0.061359123540408958,233.55090856752913,270.91021706228096,6419.171951726494,0.0,0.0,12.768533210097669,15.079200773224047,232.17719138106498,0.0,0.0,13.906242359499388,16.221575684026847,342.01222394097467,0.0,0.0,110.20740272584978,128.74816801406758,2672.393299169924,0.0,0.0,53.00484261730932,62.44767831465069,1034.9159468178078,0.0,0.0,23.014005056650644,26.831911811819823,574.5157259072385,37.77009698235409,25.90541631162833,577.2569039264093,672.7523941888007,15597.684431054366,0.0,0.0,68.53019673567136,81.6354109828751,916.6154329805448,1851.9190900815543,21.63426534740245,34.10102784127896,22.0,30.0,0.0,20.475389985716917,36.71515898437535,16.0,30.0,1730.7450553167769,21.690081102646738,33.97409399448508,21.5,30.0,0.0,20.60602311047304,36.40907476965579,16.0,30.0,0.0,15.750589877462574,49.96243381813197,12.0,30.0,0.0,19.111620008318864,46.14553234048211,19.0,30.0,0.0,18.93121152918362,40.630574478211517,10.0,30.0,725.8713760040782,16.472442993604749,48.61669028771816,16.5,30.0,0.0,19.31269111068706,43.79690188054385,19.0,30.0,0.0,19.542266886306675,0.0,0.0,0.0,13.26184426202187,0.0,0.0,487.8885860701863,494.123989088316,486.9690116953834,493.2680384338206,518.64100304569,868.8420920200179,506.91802450026548,564.4660033076052,756.0453401117848,10553.33697773361,81.02656302934261,84.96072488703664,60.0,0.0,60.0,60.0,16.0,16.0,19.0,19.0,16.0,12.0,21.0,10.0,1.0,0.0,1851.9190900815543,0.0,1730.7450553167769,0.0,0.0,0.0,725.8713760040782,0.0,5953.054660382579,3571832.7962295475,4643274.884729763,81.02656302934261,85.02754001590134,0.36843515534608597,0.7689349556033334,0.36028137401965956,85.02754001590134,0.3542647819438875,4643274.884729763,0.24258029400594767 
 02/25  08:20:00,6.6866666666666669,86.33333333333334,5.45,62.00000000000001,296.0,0.0,0.0,0.0,2.0,2.0,0.0,0.0,0.0,0.0,0.0,720.0,0.0,114.3067618158475,27.65918487003931,70.87592267225196,3.427547696073202,91.22826129882887,0.0,27.659184870039299,37.812202691640298,0.0,0.0,20.779031344927185,-1451.2935878302833,19.58415912116616,580.2099602248104,20.916649188049619,-1196.1861578166614,19.724461856076816,444.40768522894936,15.696354762360102,30.677652407487075,19.026539114125194,-35.153401624084157,18.131263797201706,295.37625812875378,16.221044755807207,-309.4866873409661,19.06111373174818,-84.8004263611583,1156.4549875667572,765.1531389591978,0.0,0.0,0.0,0.0,0.0,0.0,0.0,0.0,0.0,0.0,0.0,0.0,0.0,0.0,0.0,0.0,0.0,0.0,0.0,0.0,0.0,0.0,1.4393125550677329,0.4393505967850222,452.47142329392116,523.7930257918276,13236.725681897311,0.3361903689496271,0.05131110637204321,299.2870469665787,347.6864063469264,8115.975039304123,1.3445963029811315,0.25408093404783296,352.0605041414731,407.1412846543377,10322.305494683695,0.32422649384757798,0.06126728908684389,232.77983891986816,270.00287468701,6380.782624867241,0.0,0.0,12.686708873992947,14.981221090072966,229.4663231210991,0.0,0.0,14.537681257124755,16.91984891188544,372.2938915639338,0.0,0.0,106.18877766990946,124.01483483088475,2579.884402076139,0.0,0.0,48.42054389987193,57.03828657282326,937.5231236479917,0.0,0.0,20.3826171680265,23.694735940301454,530.018718300999,37.585711562332949,25.778951688842907,567.523314648016,661.3357444422682,15305.741286783,0.0,0.0,64.29619350816179,76.58259390954426,852.2330961750845,1817.5559120795179,21.658021005984375,34.09513604855786,22.0,30.0,0.0,20.510925314761143,36.68553901058239,16.0,30.0,1685.7070351876815,21.69205321760655,34.00558439049067,21.5,30.0,0.0,20.61679989212771,36.444256430335517,16.0,30.0,0.0,15.750458376068427,49.9435196872663,12.0,30.0,887.5625052767184,19.683149522012426,44.72618115842463,19.75,30.0,0.0,19.00588570204154,40.388629235991057,10.0,30.0,0.0,16.43157522162178,48.311912300688408,16.0,30.0,1451.3486622931653,19.692490064394666,43.16234549124598,19.5,30.0,0.0,19.55098257957933,0.0,0.0,0.0,13.249928551817485,0.0,0.0,493.50366843483615,499.9872102751913,491.87688130961529,499.67982398597709,518.9016542008927,887.2991142199046,505.744178544019,544.1981400039853,782.5123390734399,9759.068223447863,81.5519170342415,85.19255302825467,60.0,0.0,60.0,60.0,16.0,16.0,19.0,19.0,16.0,12.0,21.0,10.0,1.0,0.0,1817.5559120795179,0.0,1685.7070351876815,0.0,887.5625052767184,0.0,0.0,1451.3486622931653,5509.401159664522,3305640.6957987134,4315653.673312354,81.5519170342415,85.25438311351508,0.35364670532215078,0.7676531519835319,0.36028137401965956,85.25438311351508,0.3542647819438875,4315653.673312354,0.2255539910122424 
 02/25  08:30:00,6.734999999999999,86.0,5.425,71.0,301.0,0.0,0.0,0.0,2.0,2.0,0.0,0.0,0.0,0.0,0.0,720.0,0.0,143.92324242153664,31.41253057368179,80.49377925413815,4.315599742654217,114.86503618362934,0.0,31.41253057368177,42.94331082750073,0.0,0.0,20.826569196203534,-1443.748117707452,19.64874060162156,576.625488072023,20.930232930098926,-1136.5367682512372,19.764728930106494,442.273902659527,15.704163393893172,37.41920471006944,18.96590430906753,-39.276255936129079,18.13418055777777,271.2519153256941,16.46910284376758,-341.25338666892659,19.247671796522483,-145.19151675947553,1157.3295472938726,822.7308189719913,0.0,0.0,0.0,0.0,0.0,0.0,0.0,0.0,0.0,0.0,0.0,0.0,0.0,0.0,0.0,0.0,0.0,0.0,0.0,0.0,0.0,0.0,1.419757343663925,0.43338136253477568,459.4895759757628,531.9336551956374,13403.636660324923,0.33173290826929266,0.05063078575538654,298.40646110386,346.619322230594,8091.59151458429,1.3415568499150202,0.25350658539588447,367.31540710449817,424.84628495235088,10731.087114324044,0.32214603034519775,0.060874155394028277,231.24717521033683,268.2203612631378,6326.877807500635,0.0,0.0,13.56518331838642,16.01899540124021,244.41739143952194,0.0,0.0,16.31158872832557,18.988878193858804,415.3805936198389,0.0,0.0,103.66847047525738,121.09657298838849,2501.7435177968625,0.0,0.0,52.805076136764899,62.1483712095263,1053.830136100135,0.0,0.0,34.965021482266319,40.64529405118636,924.5106464421883,37.401927943424869,25.652899824022549,572.1542381675556,666.6569113612926,15419.941193474275,0.0,0.0,67.8298436758458,80.75290314951593,918.496567613832,1837.6009264151742,21.67819452842516,34.058000286798449,22.0,30.0,0.0,20.563181716850545,36.56379955611797,16.0,30.0,1619.635032147712,21.69054950318784,34.02979075780203,21.5,30.0,0.0,20.64146540662629,36.33793335636408,16.0,30.0,0.0,15.764754445858636,49.99107026704761,12.0,30.0,0.0,19.678005839361295,44.62074925871175,19.0,30.0,0.0,18.97103131945705,40.588890553385237,10.0,30.0,1072.0061993412176,16.838062960863497,47.75101774356936,16.75,30.0,0.0,20.194946258434685,41.45585240851919,19.0,30.0,0.0,19.612271702252305,0.0,0.0,0.0,13.441080587228356,0.0,0.0,496.0186798245236,501.9233070357776,495.5574871734186,498.458507761056,525.0730192179375,877.0947052366882,514.5783764173108,579.1252961655018,752.1112816203458,8599.996740581915,82.31846809215861,82.31846809215861,60.0,0.0,60.0,60.0,16.0,16.0,19.0,19.0,16.0,12.0,21.0,10.0,1.0,0.0,1837.6009264151742,0.0,1619.635032147712,0.0,0.0,0.0,1072.0061993412176,0.0,0.0,0.0,0.0,82.31846809215861,82.31846809215861,0.34,0.769112579654988,0.36028137401965956,82.31846809215861,0.3542647819438875,0.0,0.00115 
 02/25  08:40:00,6.783333333333333,85.66666666666667,5.4,79.0,285.1666666666667,0.0,0.0,0.0,2.0,2.0,0.0,0.0,0.0,0.0,0.0,900.0,0.0,177.47776062474555,34.47069573097851,88.33023521823887,5.321725981323903,141.64465213119326,0.0,34.47069573097849,47.12405445156442,0.0,0.0,20.74634709689023,-901.9272066823114,19.660020512012843,496.73929069887188,20.89403310494003,-1572.922569842477,19.85579448820117,516.9736079278532,15.70945464533757,30.52145469467071,18.753661795809543,-24.69453087693224,18.17298895737993,309.5433839828861,17.504954418349475,-275.4461137163495,18.876385100452468,-43.15302731380766,1120.4878042723217,525.1195097361963,0.0,0.0,0.0,0.0,0.0,0.0,0.0,0.0,0.0,0.0,0.0,0.0,0.0,0.0,0.0,0.0,0.0,0.0,0.0,0.0,0.0,0.0,1.4196957047537436,0.43336254723862746,354.72098210607859,410.80935742359886,10207.867073967882,0.33816238522937966,0.05161208565771973,292.54982561898665,339.8865399258983,7875.131886065448,1.2198487098529174,0.23050807064492027,391.4459758983112,453.14070491589686,11301.280499854785,0.30981295294440028,0.058543641901814099,285.7907017345902,331.7396306673832,7841.169274611596,0.0,0.0,12.86882727278807,15.199371137082608,230.77103714290883,0.0,0.0,14.430663566263375,16.82621379469593,355.9988554995577,0.0,0.0,83.08179383962566,97.06175272883482,2003.7097326841663,0.0,0.0,27.92783085970688,32.72022452519132,641.115936736497,0.0,0.0,23.509288354023157,27.40566069416103,593.8582960772434,37.14915074941061,25.479527262970249,570.751993483201,665.189364691459,15296.481016866881,0.0,0.0,42.49181434733919,50.67691538978883,546.0904408243287,1175.1376607071048,21.417312230538284,34.587677919375497,21.6,30.0,0.0,20.500695719442587,36.6947465326296,16.0,30.0,1618.9682874792202,21.54531088451423,34.31340203430507,21.400000000000003,30.0,0.0,20.76689790033347,36.02334590992173,16.0,30.0,0.0,15.770706164623812,50.111409245792298,12.000000000000002,30.0,0.0,19.30291008177115,45.712579800963208,19.0,30.0,0.0,19.014280962220505,40.36117392625387,10.0,30.0,1305.9200669861403,18.604353621877693,42.914507572873507,20.7,30.0,0.0,19.590650124248403,43.17239253351836,19.0,30.0,0.0,19.545898873971564,0.0,0.0,0.0,13.089612808836617,0.0,0.0,495.8599489384041,502.60714531255766,495.5555793643795,497.8585793170927,533.0090456196119,877.6643590578293,509.0216231147619,590.9092730871109,757.9352062570875,9572.841969157145,81.67516820825944,83.05049065489034,60.0,0.0,60.0,60.0,16.0,16.0,19.0,19.0,19.7,12.0,21.0,10.0,1.0,0.0,1175.1376607071048,0.0,1618.9682874792202,0.0,0.0,0.0,1305.9200669861403,0.0,2081.412123469389,1248847.2740816333,1618832.798329736,81.67516820825944,83.07384819579133,0.34138040411564637,0.7679864093906323,0.36028137401965956,83.07384819579133,0.35426478194388757,1618832.798329736,0.08533930551314627 
 02/25  08:50:00,6.831666666666667,85.33333333333334,5.375,87.0,269.33333333333339,0.0,0.0,0.0,2.0,2.0,0.0,0.0,0.0,0.0,0.0,900.0,0.0,202.97343126399685,36.04243868484001,92.3578116949409,6.086211010722617,161.99258133606473,0.0,36.04243868483999,49.272746230798478,0.0,0.0,20.808643799941675,-1483.0152551240709,19.702915440944105,447.4925490816143,20.823737347728888,-846.6933807239681,19.82115156512596,307.5037594785608,15.705442111065594,22.585366487570754,18.948731918357465,-24.343876417857339,18.279072761647464,316.68410405901229,18.543515630752795,-42.988047609204659,18.59533229753223,-133.2380541268954,1072.1851662173158,381.03653500741566,0.0,0.0,0.0,0.0,0.0,0.0,0.0,0.0,0.0,0.0,0.0,0.0,0.0,0.0,0.0,0.0,0.0,0.0,0.0,0.0,0.0,0.0,1.3737075018022323,0.4193246342497656,412.7792269442897,478.08963081252696,11869.20397181861,0.3102236450521523,0.04734793117401592,265.81105255514788,308.8132652267446,7134.1619742269799,1.2947736843618545,0.24466622909332104,290.0088380232817,335.4650968693717,8387.941585044342,0.3047356798499303,0.05758421765871698,240.72544041028935,279.4671545167346,6516.085566521836,0.0,0.0,12.026901416694216,14.20483004213703,214.28281043661657,0.0,0.0,13.085189176843642,15.251414048660493,323.1231527938282,0.0,0.0,71.15023282544026,83.06445004407164,1731.5629153644759,0.0,0.0,21.241061545754968,24.686772711149258,563.7232357547696,0.0,0.0,16.936471671471297,19.758937097968894,410.64930441758079,36.844586655086668,25.27063556590307,506.52963001532887,590.4785890008269,13508.812210430084,0.0,0.0,26.758505058518716,31.929097640217234,322.68108864551587,1845.322740475996,21.568285811594973,34.258379091461168,22.0,30.0,0.0,20.510971977695175,36.683247042138628,16.0,30.0,1614.3856435069598,21.419866433280626,34.585408223234477,21.4,30.0,0.0,20.627423383644517,36.41667551569573,16.0,30.0,0.0,15.760704627742577,50.12535139572616,12.000000000000002,30.0,703.8447596892951,19.36425566221397,45.81175101501059,19.200000000000004,30.0,0.0,19.179280793424888,39.70704209555038,10.0,30.0,1285.291816131979,20.31791276011294,38.32119826628922,20.7,30.0,35.06559886135223,19.13525601052634,45.0140435157802,19.0,30.0,0.0,19.462687839521157,0.0,0.0,0.0,12.782493762428303,0.0,0.0,498.06090173236319,506.1154814127128,498.12639568975097,505.283009528021,533.5709280497476,899.3852268610303,497.7800040160156,576.8373657654453,799.5544962597903,10116.853134911667,81.31534323676086,84.27584082211996,60.0,0.0,60.0,60.0,16.0,16.0,19.0,19.0,19.7,12.0,21.0,10.0,1.0,0.0,1845.322740475996,0.0,1614.3856435069598,0.0,703.8447596892951,0.0,1285.291816131979,35.06559886135223,4480.062916911345,2688037.750146807,3507168.0573766657,81.31534323676086,84.32611989929683,0.35333543056371155,0.7699873476006202,0.36028137401965956,84.32611989929683,0.35426478194388757,3507168.0573766657,0.18352607231691996 
 02/25  09:00:00,6.88,85.0,5.35,95.0,253.5,0.0,0.0,0.0,2.0,2.0,0.0,0.0,0.0,0.0,0.0,720.0,0.0,242.14139898545214,38.83275115877943,99.50789797339343,7.260651784702107,193.25220955894623,0.0,38.83275115877941,53.08731492952743,0.0,0.0,20.804366486620397,-1682.976621019733,19.766218410964279,520.8439620991162,20.75840329360178,-530.4617544688829,19.810146062040667,281.2457807970709,15.706057208144447,28.14429169031031,19.115527308827074,-28.849672918361848,18.339761031436013,311.9405583646511,18.4924805894685,-33.48065877884888,19.087242601904366,-59.80400892645608,1083.7451517618029,283.47490950598276,0.0,0.0,0.0,0.0,0.0,0.0,0.0,0.0,0.0,0.0,0.0,0.0,0.0,0.0,0.0,0.0,0.0,0.0,0.0,0.0,0.0,0.0,1.3596380477102923,0.4150299290934959,438.97410868610168,508.299031027768,12562.195438685514,0.31505990622677296,0.0480860662739275,289.82966849929906,336.7520839682472,7776.319719028655,1.3093405739647766,0.24741885373484069,246.4833195907923,285.6908383369603,6995.507182685133,0.3062395493216162,0.05786839556341952,242.3028218093005,281.52076677170848,6517.629101240764,0.0,0.0,12.922859075874982,15.25961845677524,229.0184582512032,0.0,0.0,14.303302042213663,16.645131421411464,362.06338535979708,0.0,0.0,71.4257311844886,83.34881163124639,1741.1499876894068,0.0,0.0,16.399519248326255,19.09006597930634,425.88981860289126,0.0,0.0,18.121482535458886,21.07373387556254,466.36486455020897,36.86303557260271,25.283289144446316,525.4619037379108,612.7074627065772,13977.397874991379,0.0,0.0,19.499844304030387,23.278532818335508,230.70872008945765,1830.7308761347945,21.49724801540526,34.41485941573684,22.0,30.0,0.0,20.5644770678632,36.55421962836695,16.0,30.0,902.2664161537333,21.347404151671449,34.74824122026317,21.25,30.0,0.0,20.588956893881404,36.477126354218999,16.0,30.0,0.0,15.761111376992151,50.041728928891988,12.0,30.0,0.0,19.74911183098035,44.88982396072657,19.0,30.0,0.0,19.252879165596359,39.542662217639449,10.0,30.0,330.81689059618159,20.05968631095862,38.5261092350791,19.95,30.0,1053.3939833679404,19.973166006136795,42.93530836204783,20.0,30.0,0.0,19.526612565046084,0.0,0.0,0.0,12.709782485081679,0.0,0.0,499.96424950315227,506.6526278189361,500.1164647301855,505.0273340790053,531.2053103287715,907.3585640278299,500.03478954614197,554.3232943675103,823.3375511525121,9901.180639351176,81.45802307143544,84.92123101903374,60.0,0.0,60.0,60.0,16.0,16.0,19.0,19.0,19.7,12.0,21.0,10.0,1.0,0.0,1830.7308761347945,0.0,902.2664161537333,0.0,0.0,0.0,330.81689059618159,1053.3939833679404,5241.17866429925,3144707.19857955,4089107.0891416429,81.45802307143544,84.98004778704532,0.3447059554766417,0.76775035486221,0.36028137401965956,84.98004778704532,0.3542647819438875,4089107.0891416429,0.2137802353020321 
 02/25  09:10:00,6.9383333333333339,84.50000000000002,5.458333333333333,103.0,237.66666666666667,0.0,0.0,1.0,2.0,0.0,0.0,0.0,0.0,0.0,4.0,1620.0,0.0,282.8574358618755,41.47348897785048,106.27470173689872,8.481509737311584,225.7473252406359,0.0,41.47348897785046,56.69740373508567,0.0,0.0,20.816844869750907,-1461.424548490327,19.817258092966008,499.0627676384097,20.821348413299057,-1139.0199352954367,19.79796061252584,503.8828095053524,15.711986065982665,27.93955903612912,18.91057171437447,-52.49179383444277,17.642433493398089,-513.5243422379634,18.714811562290266,-118.25377137748319,18.776879226970509,-448.1316476907198,1105.7224050121634,1750.5448703712394,0.0,0.0,0.0,0.0,0.0,0.0,0.0,0.0,0.0,0.0,0.0,0.0,0.0,0.0,0.0,0.0,0.0,0.0,0.0,0.0,0.0,0.0,1.34878850393192,0.4117181025433212,363.06161689764778,420.63630274376399,10369.80828023346,0.3204800884073195,0.048913322406489549,296.92238399400108,345.1169775439688,7937.29249726406,1.220041004075476,0.23054440742166977,297.6215404224973,344.75185169006076,8516.22346025678,0.3144454094040381,0.059419011603181779,295.1720521493064,343.04880613919047,7890.933328883641,0.0,0.0,13.108003582859464,15.487474346352395,230.97005664282993,0.0,0.0,15.23164654472131,17.756095437782038,373.95620594345339,0.0,0.0,241.88008742838245,283.7368615020364,5194.324350987623,0.0,0.0,29.99644555330175,34.858282588527227,792.2530871637662,0.0,0.0,173.84727189623053,202.84705715287007,4241.394549992922,37.12112797860808,25.460307255561099,585.5652884737399,682.8586555237247,15480.818189036254,0.0,0.0,176.42043640102424,209.1856953046338,2723.6429224403248,1815.076465362406,21.515538063024569,34.63638959424127,21.999999999999994,29.999999999999994,0.0,20.57364260136696,36.70408345579631,15.999999999999997,29.999999999999994,1143.6778493497937,21.487748368214978,35.29178729826422,21.33333333333333,29.999999999999994,0.0,20.567353506859484,37.16453675315972,18.999999999999998,29.999999999999994,0.0,15.76923546622891,50.40524835195828,11.999999999999997,29.999999999999994,0.0,19.411602062259524,45.96791859065459,18.999999999999998,29.999999999999994,0.0,17.820794172221257,45.0557357786958,9.999999999999999,29.999999999999994,592.3936522930816,20.40818760617883,38.633846205859708,20.255555555555554,29.999999999999994,0.0,19.343766394266785,41.40227121597941,11.999999999999997,29.999999999999994,0.0,19.59424077583833,0.0,0.0,0.0,14.59958638486206,0.0,0.0,516.9243108939186,517.8424584716192,547.1100666853234,538.513073960778,551.2499445365313,913.1974104774481,596.2269151859348,612.6905751098626,625.7242312662612,10067.587970123499,81.34800135904098,84.41478932851175,219.99999999999995,0.0,219.99999999999995,219.99999999999995,16.0,19.0,19.0,12.0,19.7,12.0,21.0,10.0,1.0,0.0,1815.076465362406,0.0,1143.6778493497937,0.0,0.0,0.0,592.3936522930816,0.0,4641.258496140477,2784755.0976842867,3618565.3845951359,81.34800135904098,84.4668735692707,0.34359750542690489,0.7678562375192193,0.36028137401965945,84.4668735692707,0.3542647819438875,3618565.3845951359,0.19234539999894707 
 02/25  09:20:00,6.996666666666667,84.0,5.566666666666666,111.0,221.83333333333335,0.0,0.0,1.0,2.0,0.0,0.0,0.0,0.0,0.0,4.0,720.0,0.0,323.83135560365658,44.08674571134447,112.9710810824365,9.710099340210788,258.4482453214331,0.0,44.08674571134445,60.26992381318832,0.0,0.0,20.85409603333966,-1518.3279549282013,19.88951271887671,473.5608592546883,20.83056776017596,-866.0404591797968,19.856633949371,289.9537939811662,15.716143691214804,23.905904610692308,18.75014035224728,-61.99999499074575,17.197432577162986,2.994317135265428,18.73962983826175,-181.67395552489863,18.163755131444618,-315.6574925744656,1091.1614549836025,1329.0707606417228,0.0,0.0,0.0,0.0,0.0,0.0,0.0,0.0,0.0,0.0,0.0,0.0,0.0,0.0,0.0,0.0,0.0,0.0,0.0,0.0,0.0,0.0,1.296458113722842,0.39574423495813257,366.35021494608216,424.15375789439079,10435.083891740083,0.30970398293915099,0.047268617664705598,294.11034971340168,341.5912154821285,7853.9738864652449,1.2690646860098354,0.23980814172521468,250.3998300554306,290.1787650247257,7064.911371258229,0.301092043278942,0.05689569978815985,251.70183952174328,292.4213944474289,6725.078855984759,0.0,0.0,13.054474908183409,15.414463548139237,228.63810068907757,0.0,0.0,16.074301241380437,18.747662786035926,383.7229687803369,0.0,0.0,237.46464910284136,279.0337782950261,4809.617408671094,0.0,0.0,36.657540763244117,42.591400627145478,959.026996750044,0.0,0.0,159.87740079694033,187.1408998136993,3589.9871651105438,37.50291867012272,25.722166440413404,539.0250511806066,628.3699234711519,14251.75633069797,0.0,0.0,166.42822645099128,197.072592806341,2665.156221710989,1809.355168645732,21.535995410624098,34.809452249968497,22.000000000000005,30.000000000000008,0.0,20.61870935959811,36.86259623497871,16.000000000000005,30.000000000000008,918.7269396274412,21.381691589716838,35.90712324128815,21.250000000000005,30.000000000000008,0.0,20.612103835878778,37.45757752759095,19.000000000000005,30.000000000000008,0.0,15.773134364404874,50.978441550228357,12.000000000000002,30.000000000000008,0.0,19.104227435389296,46.93808793904332,19.000000000000005,30.000000000000008,0.0,17.20270596890675,46.76455350980463,10.000000000000002,30.000000000000008,1007.0293252783872,20.283972863964359,39.7441007932342,20.450000000000004,30.000000000000008,0.0,18.338186580969077,43.6067561063217,12.000000000000002,30.000000000000008,0.0,19.58021960715668,0.0,0.0,0.0,14.968262421675164,0.0,0.0,530.0895900754206,533.0181413512714,569.1353912695066,559.86137438831,580.5826883592467,922.9544657927868,592.9646874605669,664.7197681294309,597.1920209745779,10029.501067332107,81.37319306549157,83.15136119982138,220.00000000000004,0.0,220.00000000000004,220.00000000000004,16.0,19.0,19.0,12.0,19.7,12.0,21.0,10.0,1.0,0.0,1809.355168645732,0.0,918.7269396274412,0.0,0.0,0.0,1007.0293252783872,0.0,2690.9862395556099,1614591.7437333659,2090407.3252056873,81.37319306549157,83.18156039785539,0.34469954131852045,0.7695273787312398,0.3602813740196596,83.18156039785539,0.35426478194388757,2090407.3252056873,0.1129178475773624 
 02/25  09:30:00,7.055,83.5,5.675,119.0,206.0,0.0,0.0,1.0,2.0,0.0,0.0,0.0,0.0,0.0,4.0,540.0,0.0,363.61233622090585,46.61336243161477,119.44544479812358,10.902918490952907,290.1970852013429,0.0,46.613362431614749,63.72400042462291,0.0,0.0,20.886824697821319,-1518.5896534368604,19.950127950753378,448.9731089970911,20.845773551259279,-913.5225899094457,19.810139937483269,335.27744584931846,15.718471631827198,22.630210663041955,19.111131827604504,-77.452305759502,17.290772125540756,120.87685987853786,18.67209387768871,-175.37733108676376,17.85139066266067,-139.9906604177323,1094.553275812657,975.484404909824,0.0,0.0,0.0,0.0,0.0,0.0,0.0,0.0,0.0,0.0,0.0,0.0,0.0,0.0,0.0,0.0,0.0,0.0,0.0,0.0,0.0,0.0,1.2843490303654337,0.3920479335669821,362.8609727585994,419.9230020807946,10308.397509224167,0.30487292216723296,0.0465312762770502,287.8783205994873,334.19535493322828,7668.693483965629,1.265865073915222,0.2392035287065801,261.02505082877857,302.3173095019384,7343.405914205674,0.3046041437759908,0.05755936201360368,264.36742781764067,307.0838970875331,6982.353050082055,0.0,0.0,12.747437005359162,15.046084836071753,221.8170932397664,0.0,0.0,16.44140536097825,19.135661563083887,406.0447268846977,0.0,0.0,193.6396330656467,227.3356286760918,3980.699236506728,0.0,0.0,37.91984833785927,44.10849629575693,966.5746961347347,0.0,0.0,115.62578173235056,135.5426764428062,2483.324681966459,37.93350707857569,26.01749456692434,545.6830461456038,635.8565658931997,14357.29254302743,0.0,0.0,120.46032362957453,142.81831939297855,1828.952746253682,1828.0211384571044,21.55496408303096,34.96895081451525,21.999999999999994,29.99999999999999,0.0,20.643321841748756,36.981937693527409,15.999999999999993,29.99999999999999,953.227186539205,21.45606951316605,35.934979062894559,21.333333333333326,29.99999999999999,0.0,20.51361307868014,37.89137564554785,18.999999999999994,29.99999999999999,0.0,15.773795940100169,51.152983908432279,11.999999999999995,29.99999999999999,816.6443614246988,19.596589749712217,45.44815638103549,19.66666666666666,29.99999999999999,0.0,17.43427575543643,45.93822006414172,9.999999999999997,29.99999999999999,457.6990048461035,20.041752493630346,40.35356167526014,20.033333333333326,29.99999999999999,0.0,17.890843220188594,44.717460671439528,11.999999999999995,29.99999999999999,0.0,19.5775159270504,0.0,0.0,0.0,14.555723762251717,0.0,0.0,542.0127333988835,543.2522949793288,580.6372036492202,571.5251779693111,589.359795014387,924.4895822790293,584.1000109465382,660.7250526340429,589.4791742082855,9372.600268867078,81.80739995982657,86.45158729705875,219.9999999999999,0.0,219.9999999999999,219.9999999999999,16.0,19.0,19.0,12.0,19.7,12.0,21.0,10.0,1.0,0.0,1828.0211384571044,0.0,953.227186539205,0.0,816.6443614246988,0.0,457.6990048461035,0.0,7028.413994527735,4217048.396716643,5512652.37393306,81.80739995982657,86.53046101568882,0.3476137998175911,0.7661128624586875,0.36028137401965945,86.53046101568882,0.35426478194388735,5512652.37393306,0.29091125677785248 
 02/25  09:40:00,7.113333333333333,83.0,5.783333333333333,123.83333333333333,180.33333333333335,0.0,4.0,0.0,0.0,0.0,0.0,0.0,0.0,0.0,0.0,900.0,0.0,363.71314716238217,46.880891826745109,120.1309727433995,10.90594109570014,290.27753957241876,0.0,46.880891826745088,64.08973339044135,0.0,0.0,20.88767241391599,-1566.524676319961,20.01200459519991,445.9418566102848,20.770645062068899,-243.96180672225757,19.801552440206828,-21.543627447112614,15.722689850611158,27.175851561861806,19.0290233296031,-232.58711284776423,17.735830693487324,440.4159094211319,18.292321090133148,-84.60235003096581,17.593013640691337,-507.28445036865676,968.1661362470461,958.6127240894774,0.0,0.0,0.0,0.0,0.0,0.0,0.0,0.0,0.0,0.0,0.0,0.0,0.0,0.0,0.0,0.0,0.0,0.0,0.0,0.0,0.0,0.0,1.3414888804322592,0.4094898902418375,384.49142888123159,445.26335725257879,10868.55741647336,0.31579970501206747,0.04819897817644499,286.99347581437777,333.3758159949873,7640.758098421834,1.1911295460938563,0.22508116895197603,86.80038743921426,100.61197404019723,2449.7152098299068,0.3370756215049391,0.0636953177446975,27.38899955298822,31.83615436354883,721.9374744486612,0.0,0.0,11.876445440194308,14.028707740676106,205.4256290548964,0.0,0.0,78.54056745478437,91.60939587467654,1910.5479283366863,0.0,0.0,235.4674333005987,275.6009190878949,5213.811440134261,0.0,0.0,29.609293281277997,34.54270196001153,720.7890049275579,0.0,0.0,114.62270149417852,134.5011170808117,2341.6516589282489,38.46022898961729,26.378757880395967,323.6139180964425,377.8465109648141,8586.229624623167,0.0,0.0,117.67109327507949,139.44564588645307,1759.0468487335907,1813.1623515873255,21.551161281740023,35.10688876213409,22.000000000000008,30.00000000000001,0.0,20.69617785743977,37.03851465674684,16.000000000000005,30.00000000000001,0.0,21.358655425472649,35.6735474655301,21.000000000000008,30.00000000000001,0.0,20.396526956726839,40.79340127515428,19.000000000000008,30.00000000000001,0.0,15.781056447954717,51.404542471628349,12.000000000000006,30.00000000000001,0.0,19.433259045556587,42.41208090970794,16.000000000000005,30.00000000000001,0.0,18.305814327497303,44.3850880261669,10.000000000000004,30.00000000000001,0.0,19.406432405133168,41.54250490078635,16.000000000000005,30.00000000000001,0.0,17.488979626162629,46.31093309190642,12.000000000000006,30.00000000000001,0.0,19.152317725742525,0.0,0.0,0.0,14.456283120377444,0.0,0.0,552.5190159787977,554.3187431992355,558.7712780796586,729.8437169592762,602.7614295592011,704.2776357318267,636.0185923167014,638.0937573539259,612.2578268641157,8695.936231863772,82.25502796847502,82.25502796847502,132.00000000000007,0.0,132.00000000000007,132.00000000000007,16.0,19.0,16.0,12.0,16.0,12.0,21.0,10.0,1.0,0.0,1813.1623515873255,0.0,0.0,0.0,0.0,0.0,0.0,0.0,0.0,0.0,0.0,82.25502796847502,82.25502796847502,0.34000000000000016,0.7694350826643766,0.36028137401965967,82.25502796847502,0.35426478194388769,0.0,0.0025740000000000005 
 02/25  09:50:00,7.171666666666667,82.5,5.891666666666667,128.66666666666667,154.66666666666669,0.0,4.0,0.0,0.0,0.0,0.0,0.0,0.0,0.0,0.0,540.0,0.0,379.1886708874179,48.08902752911116,123.22674416147044,11.36996530331608,302.62837008825218,0.0,48.08902752911114,65.74134649008683,0.0,0.0,20.86768545722046,-1260.1376322189752,20.020128488370898,350.76238526599169,20.90591523032206,-623.9536027582194,19.776726254470625,-34.60015352385562,15.735402628207372,33.28214800552356,18.718732817710078,-74.51106609875143,17.866301046659318,121.23424317961336,17.70584446326812,-19.49753771558488,17.103869855261025,-535.2634550220844,979.5076381124073,1194.4001593739045,0.0,0.0,0.0,0.0,0.0,0.0,0.0,0.0,0.0,0.0,0.0,0.0,0.0,0.0,0.0,0.0,0.0,0.0,0.0,0.0,0.0,0.0,1.3990480709651885,0.4270598507219749,372.0546649920113,430.6311292271083,10481.12498862281,0.31733877805740537,0.04843387943489097,266.40992600203426,309.28308938626307,7038.5885556241469,1.1792805161379525,0.22284212323090589,142.30561133528438,164.22563137335107,4119.742712076351,0.32521672715400976,0.06145440800340324,26.23954067976674,30.46174878969062,684.6430489760562,0.0,0.0,11.025926685507307,13.01349844701321,189.9145127316463,0.0,0.0,56.94895874693519,66.50448743956665,1323.7202563506986,0.0,0.0,274.37281233397018,320.85583835777427,6100.801127143684,0.0,0.0,19.3644965571389,22.657945733963225,431.2305712021321,0.0,0.0,179.03902776331854,210.5615173084209,3392.498437362748,38.91013545964964,26.687335706206917,308.91144510423228,360.555089419259,8140.349005782606,0.0,0.0,181.4864350262007,214.5351273411501,2927.982121278933,1679.3783207028797,21.56155704125213,35.09680031214255,22.000000000000019,30.00000000000002,0.0,20.645404687698738,37.14981195503842,16.000000000000015,30.00000000000002,1549.8988997669695,21.69934403203178,34.81397828633594,21.666666666666687,30.00000000000002,0.0,20.314427191595479,43.63369595296143,19.000000000000015,30.00000000000002,0.0,15.802246424479524,51.57291372870832,12.00000000000001,30.00000000000002,0.0,18.942490596257469,42.58528579161276,16.000000000000015,30.00000000000002,0.0,18.430662777188219,43.58507166804469,10.000000000000007,30.00000000000002,0.0,18.39830794873146,44.0184120208725,16.000000000000015,30.00000000000002,0.0,16.717473452453328,48.90527774660554,12.00000000000001,30.00000000000002,0.0,19.06451821521331,0.0,0.0,0.0,15.189978230959131,0.0,0.0,555.32769457414,556.3589786438394,555.3465722295703,891.5642138829632,614.4551502309819,633.0122230494509,610.2232407605097,628.553284230444,627.3735369462504,9118.143057246789,81.97583685561466,81.97583685561466,132.0000000000001,0.0,132.0000000000001,132.0000000000001,16.0,19.0,16.0,12.0,16.0,12.0,21.0,10.0,1.0,0.0,1679.3783207028797,0.0,1549.8988997669695,0.0,0.0,0.0,0.0,0.0,0.0,0.0,0.0,81.97583685561466,81.97583685561466,0.3400000000000003,0.7708368563880478,0.3602813740196598,81.97583685561466,0.3542647819438878,0.0,0.002566666666666667 
 02/25  10:00:00,7.23,82.0,6.0,133.5,129.0,0.0,4.0,0.0,0.0,0.0,0.0,0.0,0.0,0.0,0.0,722.0,0.0,388.2293592937492,49.21029353091136,126.0999100359555,11.641043363078462,309.8436190337518,0.0,49.21029353091133,67.27420212305377,0.0,0.0,20.82066328572011,-787.430991045122,20.00564135565265,324.1368996008989,20.911535670611224,-1032.0235415455773,19.76802069546175,-44.066910896197217,15.748876479973408,32.93669285996937,18.549536828103468,-72.59904762541709,17.683900889864299,82.9163076883392,17.353238515115643,-10.07365516799915,16.87055339971952,-363.3995707665165,936.2840520050788,1119.8285888425456,0.0,0.0,0.0,0.0,0.0,0.0,0.0,0.0,0.0,0.0,0.0,0.0,0.0,0.0,0.0,0.0,0.0,0.0,0.0,0.0,0.0,0.0,1.39191007634588,0.42488097568555557,341.2896640575011,395.38431798432807,9465.799255605474,0.32236439804531827,0.04920091545258216,265.64714609699788,308.5802337473111,6954.622823918769,1.13282836834167,0.21406431752488107,187.94878636841089,217.5031988173238,5305.532893343627,0.3148626265875071,0.059497850829082949,25.73747130580005,29.89939892301937,666.3025942913932,0.0,0.0,10.739307604771474,12.679008939859344,184.15795968540469,0.0,0.0,54.47390121331996,63.67639305937293,1231.8571892694318,0.0,0.0,288.26041086129097,337.6934066499422,6190.6230162621109,0.0,0.0,13.265543740101798,15.557080466667058,278.7763815665219,0.0,0.0,193.3157135226369,227.75763405491044,3542.573898594759,39.347687727384258,26.987440142238865,284.9260038134282,332.879269070959,7444.127430317716,0.0,0.0,195.08406336938718,230.7384169508357,3158.021367191545,1015.4209993888086,21.345902195711945,35.67693630773048,21.5,30.0,0.0,20.572253219199177,37.40574866840992,16.0,30.0,1429.3852304132616,21.622917029245579,35.04730087304777,21.5,30.0,0.0,20.26972612817216,44.65632783495626,19.0,30.0,0.0,15.822840316065378,51.47918457668136,12.0,30.0,0.0,18.682849541574666,42.95649847376276,16.0,30.0,0.0,18.080768713123854,44.38288731320684,10.0,30.0,0.0,17.823751369263957,45.4973814450001,16.0,30.0,0.0,16.432882327241246,49.49062299266885,12.0,30.0,0.0,18.843815836769879,0.0,0.0,0.0,15.311327961608594,0.0,0.0,565.3360689019095,564.016123146669,563.7672112313203,950.4875497328355,613.2888518893747,613.6407770502153,601.4434924955604,621.4782926262816,612.3255021681778,7121.958011022843,81.52740606064867,83.29959011323993,132.0,0.0,132.0,132.0,16.0,19.0,16.0,12.0,16.0,12.0,21.0,10.0,1.0,0.0,1015.4209993888086,0.0,1429.3852304132616,0.0,0.0,0.0,0.0,0.0,2681.9395707063156,1609163.7424237894,2088014.5847502538,81.52740606064867,83.32968768170024,0.25939798569021058,0.5404129656836177,0.27021103051474468,83.32968768170024,0.2656985864579156,2088014.5847502538,0.11113609174034656 
 02/25  10:10:00,7.258333333333334,81.66666666666667,5.99,138.33333333333332,103.33333333333333,0.0,0.0,1.0,2.0,0.0,0.0,0.0,0.0,0.0,0.0,1629.0,0.0,390.6408557809376,50.2504501163973,128.76523125346265,11.713347665229208,311.76817333030228,0.0,50.25045011639728,68.69617503462871,0.0,0.0,20.9612865897303,-1579.2781768998498,20.061897396835194,480.43228352329359,20.89988206476668,-1345.6201862635522,19.822874551401467,543.7772404180405,15.758731437644045,34.77081644575021,19.168241380198368,-85.42371326228788,17.61386608470857,80.27260275543208,18.184685207317988,-101.1358663336319,16.744355443134105,-313.4885142118438,1091.2076069155233,1128.7444939947814,0.0,0.0,0.0,0.0,0.0,0.0,0.0,0.0,0.0,0.0,0.0,0.0,0.0,0.0,0.0,0.0,0.0,0.0,0.0,0.0,0.0,0.0,1.335080917934447,0.40753385773334768,432.20349733577418,500.66886067397527,12142.903523919149,0.31482934475774818,0.0480508767945281,290.91960672392215,338.068388669635,7637.154663029608,1.2452604234905783,0.23530998176314789,380.2506066697884,440.27561772717066,10677.057299491406,0.327750270740397,0.06193315773628058,326.0370821022926,379.0272599260155,8435.970638298444,0.0,0.0,11.950066968574556,14.117686194622272,204.5690438740299,0.0,0.0,17.713458029429768,20.649754487759578,432.7189366314981,0.0,0.0,258.2704564358897,302.89199127465846,5475.023784243287,0.0,0.0,27.719108255562959,32.32025033299646,660.8522345423468,0.0,0.0,203.4880103099918,240.00475874115157,3664.1916382028377,39.6533411571794,27.19707898297627,609.7085806546595,710.943488474493,15734.135720814696,0.0,0.0,206.54241097080326,244.3613237176268,3366.6241853645699,1855.0083362974354,21.617250789962573,35.89746928226171,21.999999999999994,29.999999999999994,0.0,20.648125110374687,38.01242198613906,15.999999999999997,29.999999999999994,1668.5996920891924,21.499938004766947,36.089043474360178,21.44444444444444,29.999999999999994,0.0,20.436091922076039,38.78816924316678,15.999999999999997,29.999999999999994,0.0,15.8370881478635,51.36442020624018,11.999999999999997,29.999999999999994,986.280078013463,19.67247510029668,41.404740322136849,19.666666666666666,29.999999999999994,0.0,17.965067514045847,44.86238330655103,9.999999999999999,29.999999999999994,1338.5027397487889,19.129888038631255,42.4596823126436,20.7,29.999999999999994,0.0,16.298505663133427,49.82748051507125,11.999999999999997,29.999999999999994,0.0,19.581037430013166,0.0,0.0,0.0,15.397922746664296,0.0,0.0,620.7741878224637,615.1096215578402,615.8817331795652,631.3499163358023,610.2233333569235,686.4563552829247,610.4977630298404,663.527430450559,608.7594193679937,10327.764435761714,81.17593392528566,85.75939014845206,59.999999999999989,0.0,59.999999999999989,59.999999999999989,16.0,16.0,19.0,12.0,19.7,12.0,21.0,10.0,1.0,0.0,1855.0083362974354,0.0,1668.5996920891924,0.0,986.280078013463,0.0,1338.5027397487889,0.0,6936.599705042983,4161959.8230257898,5441602.601005714,81.17593392528566,85.83723245115185,0.34455332350143277,0.7649592952291103,0.36028137401965945,85.83723245115185,0.3542647819438875,5441602.601005714,0.2841233352522971 
 02/25  10:20:00,7.286666666666668,81.33333333333334,5.98,143.16666666666669,77.66666666666666,0.0,0.0,1.0,2.0,0.0,0.0,0.0,0.0,0.0,0.0,724.0,0.0,353.60422122237807,50.24987893829852,128.7637402822608,10.602819672099003,282.2096024683234,0.0,50.2498789382985,68.69539419086394,0.0,0.0,20.906760923380266,-1687.7362917613539,20.129822358737778,382.3324722598273,20.833742959098918,-535.776898698643,19.932155080607786,217.71109677471262,15.766333568746024,34.29231606661737,19.13836124682517,-84.47604584839825,17.55126566647545,78.47584542490131,18.96465324196216,-256.76521179409999,16.670507520371307,-230.9210090397228,1086.0188694208057,1162.4795898482956,0.0,0.0,0.0,0.0,0.0,0.0,0.0,0.0,0.0,0.0,0.0,0.0,0.0,0.0,0.0,0.0,0.0,0.0,0.0,0.0,0.0,0.0,1.3264455055013734,0.4048978954521898,432.67437450428516,501.0296057583994,12037.469699244855,0.29544350338623329,0.04509210979643366,259.8264343753018,301.7491083373319,6851.689575874445,1.293475253618561,0.24442087181000789,261.3019436388439,302.9145169825312,7205.41026342982,0.3097535230602578,0.058532411764976897,265.0713265017481,308.03739323389007,6913.478818048798,0.0,0.0,11.89893374827213,14.048950397621113,203.34608860871735,0.0,0.0,17.61656597191321,20.52710174055281,426.56326933141556,0.0,0.0,257.2814360895693,301.66929529687459,5387.951029908652,0.0,0.0,44.52660400540676,51.70517136574111,1156.3106044702559,0.0,0.0,209.847649118319,247.413490904865,3745.288265749215,39.78192898164207,27.28527364996028,517.6197945075908,603.5967408570998,13447.257869437402,0.0,0.0,214.8007236233078,253.76021252733944,3597.0791300669454,1794.373921426443,21.493093050364544,35.98923955639213,22.000000000000005,30.000000000000008,0.0,20.73769815645106,37.82328439169589,16.000000000000005,30.000000000000008,870.6141697022964,21.341911788536046,36.377874848141619,21.250000000000005,30.000000000000008,0.0,20.571188114591135,38.18766718383862,16.000000000000005,30.000000000000008,0.0,15.84984120446126,51.347562150258358,12.000000000000002,30.000000000000008,0.0,19.582969847195498,43.33108543900462,19.000000000000005,30.000000000000008,0.0,17.85765261636785,45.235401090297759,10.000000000000002,30.000000000000008,807.0297341749238,20.51706714863233,39.266518758293759,20.450000000000004,30.000000000000008,0.0,16.24286353374829,50.220226962678868,12.000000000000002,30.000000000000008,0.0,19.55628501340332,0.0,0.0,0.0,15.657185785295493,0.0,0.0,611.4131372380855,618.3707341813199,613.5976595464633,616.2973877613428,612.073662556783,791.4389663582024,615.7389208274698,678.6278669913666,620.9914846572135,9362.722272300216,81.81404201572878,83.65979582815993,60.000000000000017,0.0,60.000000000000017,60.000000000000017,16.0,16.0,19.0,12.0,19.7,12.0,21.0,10.0,1.0,0.0,1794.373921426443,0.0,870.6141697022964,0.0,0.0,0.0,807.0297341749238,0.0,2793.157169008552,1675894.3014051312,2175374.138594347,81.81404201572878,83.69114285537717,0.3481052389669518,0.7688007780520922,0.3602813740196596,83.69114285537717,0.35426478194388757,2175374.138594347,0.11425945520690603 
 02/25  10:30:00,7.315,81.0,5.970000000000001,148.0,52.0,0.0,0.0,1.0,2.0,0.0,0.0,0.0,0.0,0.0,0.0,1086.0,0.0,340.39764777975076,51.16471493625906,131.10792339833834,10.206822738546308,271.66953061550557,0.0,51.16471493625903,69.94604435814212,0.0,0.0,20.94929839119682,-1425.2941697328689,20.125802583309509,345.2210644466446,20.950129497702386,-1058.4874140435698,19.8893664702412,393.5768700593386,15.770844720668798,33.38186165117392,18.97296510808293,-74.9612650720238,17.523596182944006,97.913375992844,18.793911082882976,-206.92450540823524,16.65359503371763,-204.06564095264413,1094.5570368539912,1069.694874305859,0.0,0.0,0.0,0.0,0.0,0.0,0.0,0.0,0.0,0.0,0.0,0.0,0.0,0.0,0.0,0.0,0.0,0.0,0.0,0.0,0.0,0.0,1.3171967879120237,0.40207472158486726,403.5757228153079,467.5222797635985,11234.834029549047,0.2952951728890161,0.04506947083165695,256.1552744454269,297.58829734224636,6724.262114325182,1.2449691348843104,0.2352549385646848,340.3862830064756,394.2295508681966,9472.98312245154,0.31476583337205568,0.059479560349972749,297.58714354634619,345.90448774677739,7703.70317168441,0.0,0.0,11.807511007936207,13.946694468741648,201.25013662438463,0.0,0.0,17.383930045436775,20.28086310120102,411.0954901194745,0.0,0.0,250.76075369177046,294.18563290259018,5221.069026549029,0.0,0.0,42.700867149097899,49.712774346885257,1067.0055764830404,0.0,0.0,203.15576979671216,239.61128615803976,3624.5598826423499,39.957635217424087,27.405785471484319,546.2508590560391,637.0312699462085,14116.026340510893,0.0,0.0,207.91651086854064,245.7339850612365,3474.378826455381,1849.7407771427525,21.538025381505635,35.67202903881553,22.00000000000002,30.00000000000002,0.0,20.70425794839059,37.69194818292396,16.00000000000001,30.00000000000002,1334.9382418779654,21.451242439548847,35.873980022933597,21.33333333333335,30.00000000000002,0.0,20.501939958500349,38.1191717985764,16.00000000000001,30.00000000000002,0.0,15.85555045010649,51.38772436720244,12.00000000000001,30.00000000000002,0.0,19.313619192110143,45.05900361594724,19.000000000000015,30.00000000000002,0.0,17.823943608789528,45.37045440299359,10.000000000000007,30.00000000000002,723.7180620570197,20.01462006944017,40.62531578528337,20.200000000000018,30.00000000000002,0.0,16.26876034444761,50.32245670395032,12.00000000000001,30.00000000000002,0.0,19.56358296420564,0.0,0.0,0.0,15.668343254322086,0.0,0.0,600.0536497521757,608.4182741868834,599.9772570675826,605.0765373093652,615.919797124684,849.9484927635522,619.9654883592084,681.7921521840739,630.9534035139403,9845.532286627276,81.49486054334986,83.76078898804446,60.00000000000004,0.0,60.00000000000004,60.00000000000004,16.0,16.0,19.0,12.0,19.7,12.0,21.0,10.0,1.0,0.0,1849.7407771427525,0.0,1334.9382418779654,0.0,0.0,0.0,723.7180620570197,0.0,3429.29386979609,2057576.3218776524,2665780.950182993,81.49486054334986,83.79927197540155,0.34097646232653647,0.7681352111949682,0.3602813740196598,83.79927197540155,0.3542647819438878,2665780.950182993,0.13974060940951567 
 02/25  10:40:00,7.343333333333334,80.66666666666666,5.96,151.0,88.33333333333333,0.0,0.0,0.0,0.0,0.0,0.0,0.0,0.0,0.0,0.0,1086.0,0.0,408.98418545300657,53.22971875951684,136.39951385715475,12.263373621811344,326.40789968744988,0.0,53.22971875951682,72.76906114229237,0.0,0.0,21.00339822562174,-1648.7169896694005,20.21309588622203,415.7229441947404,20.909966588697153,-474.1897443352603,19.968720007659607,269.73369273636856,15.781332381757914,34.49309007843995,18.781955552229918,-150.44546233081196,17.602959778965017,168.2445070166316,18.531007598200046,-146.32650202118513,16.64229694804154,-169.01957437475756,1114.140729617792,1057.7499180150342,0.0,0.0,0.0,0.0,0.0,0.0,0.0,0.0,0.0,0.0,0.0,0.0,0.0,0.0,0.0,0.0,0.0,0.0,0.0,0.0,0.0,0.0,1.3500317649998848,0.41209760836382289,444.19838658424779,514.5286385878591,12405.059945019379,0.30076298994111919,0.04590399724376053,263.39751094773495,306.05461010855216,6943.119249127825,1.311546685755547,0.2478357304904661,271.6867594678139,315.1693176784339,7465.082590391671,0.31203525541042739,0.05896357811988418,264.75553455234526,307.7913071985943,6894.425824172829,0.0,0.0,11.249932627485073,13.289015194130114,191.3558102998086,0.0,0.0,67.66849811093083,79.05986085143626,1550.9944445852582,0.0,0.0,312.8767427220696,366.87595436963957,6589.556650567698,0.0,0.0,35.361346100814809,41.232438430019879,853.7390119011154,0.0,0.0,209.83059365781794,247.47842949341183,3741.5709575183175,40.25093373201966,27.606950433483989,520.8803501312632,607.5189250670854,13600.423742287816,0.0,0.0,214.14422367882288,253.0261956883519,3605.504658013296,1783.1777747065924,21.604340003460544,35.250001572792,21.999999999999984,29.99999999999998,0.0,20.79187340781902,37.182188629522538,15.999999999999988,29.99999999999998,719.2564600353908,21.326966974718969,35.86263980014627,21.16666666666665,29.99999999999998,0.0,20.611884133108775,37.56208289749093,15.999999999999988,29.99999999999998,0.0,15.866343709188424,51.5299941374213,11.999999999999993,29.99999999999998,0.0,18.9595298868213,43.97759418525493,15.999999999999988,29.99999999999998,0.0,17.978630789859346,45.25797010043132,9.999999999999993,29.99999999999998,0.0,19.60255477546382,41.27428498367588,15.999999999999988,29.99999999999998,0.0,16.292330157417195,50.50840626702469,11.999999999999993,29.99999999999998,0.0,19.661245254394968,0.0,0.0,0.0,15.762802167596274,0.0,0.0,587.25882584339,594.1593442049983,587.0317178123396,591.7058937373911,626.4078151840225,725.8140671029717,641.8684717042085,660.8944602240097,646.762871309529,9098.59464307631,81.98873772308565,83.23557226053008,59.99999999999996,0.0,59.99999999999996,59.99999999999996,16.0,16.0,16.0,12.0,16.0,12.0,21.0,10.0,1.0,0.0,1783.1777747065924,0.0,719.2564600353908,0.0,0.0,0.0,0.0,0.0,1886.7929344775885,1132075.7606865548,1468257.7882140813,81.98873772308565,83.25674765018246,0.34622643114925286,0.7698128775059601,0.3602813740196593,83.25674765018246,0.3542647819438872,1468257.7882140813,0.07744940498713221 
 02/25  10:50:00,7.371666666666667,80.33333333333334,5.95,154.0,124.66666666666666,0.0,0.0,0.0,0.0,0.0,0.0,0.0,0.0,0.0,0.0,905.0,0.0,526.2962389507544,56.22682901991276,144.07957964313395,15.780934178305941,420.0335705012809,0.0,56.226829019912738,76.86633809343067,0.0,0.0,21.121365666047816,-1435.2543681192736,20.313582349302963,475.4274148777739,21.053101208095997,-1407.2081753345893,20.031386463531854,527.1562951193599,15.798229201714414,34.9266737622202,18.630678353161494,-99.2492461332078,17.64574041610892,156.9776525973419,17.911838879760464,-59.27435326892369,16.63542735552489,-175.77622563972637,1155.7146225195634,976.058730670333,0.0,0.0,0.0,0.0,0.0,0.0,0.0,0.0,0.0,0.0,0.0,0.0,0.0,0.0,0.0,0.0,0.0,0.0,0.0,0.0,0.0,0.0,1.3493805489177589,0.4118988244559704,425.3913440198355,492.2754983839985,11997.491300404563,0.3216594840838984,0.04909332785163285,299.89538122659067,348.17339859983096,7920.712023956861,1.2500759111962528,0.23621993786777274,394.3232887418548,456.53778174748597,11115.839928493584,0.3297068024153771,0.06230287271643556,328.043311592647,381.1075356983566,8594.572465466492,0.0,0.0,11.24923448450398,13.284393159809714,191.09418410988517,0.0,0.0,60.527231324312669,70.80786788248867,1351.6063631413638,0.0,0.0,304.59881186841167,357.0642959812492,6434.828771768958,0.0,0.0,26.40673635255245,30.911130150719953,584.8314649854226,0.0,0.0,203.91381635886467,240.45886698298674,3631.47408134312,40.566053061138649,27.823081660588938,620.8916881200221,723.5604457644832,16132.785057512414,0.0,0.0,207.21211876158373,244.82893016903254,3470.578433753648,1811.0818137892066,21.78436931275276,34.76595291207743,22.0,30.0,0.0,20.84417776314181,36.91236961294227,16.0,30.0,1390.7581959558648,21.718500330228396,34.872649133795139,21.6,30.0,0.0,20.73151241930692,37.12559162233984,16.0,30.0,0.0,15.882935890143275,51.57635640436654,12.000000000000002,30.0,0.0,18.671798548348979,43.46258156131757,16.0,30.0,0.0,18.041182342344518,44.83678989676939,10.0,30.0,0.0,18.54123507553805,43.769662332524109,16.0,30.0,0.0,16.308967731518483,50.34083343787856,12.000000000000002,30.0,0.0,19.78712198145981,0.0,0.0,0.0,15.745708016073854,0.0,0.0,582.6607072395084,587.0930641778881,580.4435968873421,584.4942489579976,633.4424440647476,649.8990300182555,630.4262497125455,645.4555226918108,643.3612214628141,10198.765929798805,81.26111817456216,82.89631343462794,60.0,0.0,60.0,60.0,16.0,16.0,16.0,12.0,16.0,12.0,21.0,10.0,1.0,0.0,1811.0818137892066,0.0,1390.7581959558648,0.0,0.0,0.0,0.0,0.0,2474.19927791077,1484519.566746462,1921759.7344904282,81.26111817456216,82.92408447861958,0.35447330926369238,0.7699787613282713,0.36028137401965956,82.92408447861958,0.35426478194388757,1921759.7344904282,0.10101150619350226 
 02/25  11:00:00,7.4,80.0,5.94,157.0,161.0,0.0,0.0,0.0,0.0,0.0,0.0,0.0,0.0,0.0,0.0,362.0,0.0,613.6109628830957,58.32425052055541,149.454247766906,18.39904121187545,489.7187119541594,0.0,58.32425052055538,79.73367230030427,0.0,0.0,21.054847367512154,-1686.365533285999,20.47163269731231,360.63197233851136,20.378020410270346,-75.57421141960822,20.01425994135706,87.54352434955399,15.822179226710708,35.62685540618722,18.57436399703046,-70.714286752092,17.689101348547007,135.0763322323537,17.515734359872228,-19.737671192489246,16.625045022583494,-161.50042253835637,1145.3137889450155,930.7808958926516,0.0,0.0,0.0,0.0,0.0,0.0,0.0,0.0,0.0,0.0,0.0,0.0,0.0,0.0,0.0,0.0,0.0,0.0,0.0,0.0,0.0,0.0,1.328459420343703,0.40551264357255897,488.70883576503959,565.1181558813686,13543.38993709323,0.29435074974589228,0.04492532810529492,265.56898347559618,307.9227598974644,7066.388651622134,1.4137390122542586,0.26714644978349569,391.4813874138699,453.9960756944617,10294.693829263728,0.31292777865861257,0.059132233306616117,235.77026534837007,273.78792817849696,6151.614671454784,0.0,0.0,11.266587877942296,13.286107729227906,191.45277563993688,0.0,0.0,53.889255219678449,62.98649470120222,1186.6099015964626,0.0,0.0,301.265349242846,352.6164090765638,6382.709649125312,0.0,0.0,19.235521355488019,22.538565291081779,400.54086013752967,0.0,0.0,202.58571059602196,238.56616525814213,3600.453919608435,40.64201524061285,27.875181920859306,636.1577892692467,740.305701738883,16497.898401313523,0.0,0.0,205.0838755142199,241.937520112174,3449.8028493411159,1891.1295790257553,21.603823058107648,35.081059151593347,22.0,30.0,0.0,20.979531883860937,36.54012310191057,16.0,30.0,122.376040779453,20.754588777214729,36.97882297390181,21.0,30.0,0.0,20.609394189547524,37.34420210454542,16.0,30.0,0.0,15.912812913429672,51.421783104116929,12.0,30.0,0.0,18.5369074158602,43.505756544884167,16.0,30.0,0.0,18.099421198791516,44.50388641762582,10.0,30.0,0.0,17.88875460408785,45.418767578112497,16.0,30.0,0.0,16.316811867971305,50.11521738399434,12.0,30.0,0.0,19.81489263685291,0.0,0.0,0.0,15.810418953200913,0.0,0.0,579.2172330790386,583.9616676101009,580.0580402351325,581.9049332784659,632.8400736613944,632.5529117226982,622.2314949307714,637.1663607012224,634.8007287229783,9917.182466164939,81.44749433405731,81.44749433405733,60.0,0.0,60.0,60.0,16.0,16.0,16.0,12.0,16.0,12.0,21.0,10.0,1.0,0.0,1891.1295790257553,0.0,122.376040779453,0.0,0.0,0.0,0.0,0.0,0.0,0.0,0.0,81.44749433405731,81.44749433405731,0.34,0.7718125603547095,0.36028137401965956,81.44749433405731,0.3542647819438875,0.0,0.00106 
 02/25  11:10:00,7.516666666666667,78.83333333333334,6.051666666666667,160.0,197.33333333333338,0.0,0.0,0.0,0.0,0.0,0.0,0.0,0.0,0.0,0.0,724.0,0.0,756.1111771798352,61.01334914446808,156.34505856117776,22.671856607060897,603.4467864882611,0.0,61.01334914446805,83.40987399254351,0.0,0.0,20.893169343391425,-1093.8202282147004,20.5489720268489,287.2483245117128,21.074455084734255,-1311.1546004022462,20.025385502453554,532.3208318227996,15.849300235404579,34.99473884179007,18.603814849182457,-63.422944797421738,17.67876762474983,127.80092260014908,17.298969443997306,-17.13995252318807,16.629898082653026,-135.7793607721244,1105.5625048256025,875.8158436460324,0.0,0.0,0.0,0.0,0.0,0.0,0.0,0.0,0.0,0.0,0.0,0.0,0.0,0.0,0.0,0.0,0.0,0.0,0.0,0.0,0.0,0.0,1.3728502443737146,0.41906295615803249,417.6559433124229,483.8519091379562,11422.370755957934,0.29873615932918787,0.04559465191226921,242.06699723673206,280.8176598139089,6378.923816537156,1.2534582348016606,0.23685907687106218,385.6986002851928,446.4987150571967,10779.44244539806,0.32843726210544968,0.062062974698686618,300.8648494467586,349.3567630082556,7808.255608630864,0.0,0.0,11.100729735909392,13.103806303951903,186.63771528789668,0.0,0.0,49.99408795206732,58.49717287565944,1086.814666864152,0.0,0.0,292.40736466822446,342.6785312503871,6110.4565139910969,0.0,0.0,11.622547500166695,13.643974971678155,232.0093781837533,0.0,0.0,196.45614865510837,231.60115684288807,3456.9384661761698,40.995516005196659,28.11763786364655,563.6931471912649,656.8637533292708,14521.552622806581,0.0,0.0,200.0919766883297,236.27027458917309,3343.445021460653,1264.0881951925938,21.526815933055329,35.187242556729668,21.75,30.0,0.0,20.959240377593298,36.506856374241667,16.0,30.0,1817.1228008913877,21.72906576531435,34.71262354001054,21.5,30.0,0.0,20.681624398695637,37.077329297243739,16.0,30.0,0.0,15.941694917052424,51.20412262483633,12.0,30.0,0.0,18.513721298527025,43.37888464837239,16.0,30.0,0.0,18.070735937799826,44.35143907626372,10.0,30.0,0.0,17.577931117124593,46.20927561985761,16.0,30.0,0.0,16.348104567089508,49.73091541947776,12.0,30.0,0.0,19.72735696433672,0.0,0.0,0.0,15.874236274035136,0.0,0.0,576.911287836417,580.8301981553422,574.5276561858427,577.8996864367256,628.5927891095951,623.3038833236115,611.6672675453409,632.3560972995483,622.8297093323229,9276.629761328742,81.8709048986252,85.43835080463298,60.0,0.0,60.0,60.0,16.0,16.0,16.0,12.0,16.0,12.0,21.0,10.0,1.0,0.0,1264.0881951925938,0.0,1817.1228008913877,0.0,0.0,0.0,0.0,0.0,5398.762738099709,3239257.642859826,4242530.038155027,81.8709048986252,85.49893787922463,0.34995875793665706,0.7647837486605714,0.36028137401965956,85.49893787922463,0.3542647819438875,4242530.038155027,0.22165156198406139 
 02/25  11:20:00,7.633333333333335,77.66666666666667,6.163333333333334,163.0,233.66666666666667,0.0,0.0,0.0,0.0,0.0,0.0,0.0,0.0,0.0,0.0,724.0,0.0,860.2784107274914,63.1090653010283,161.71536261609743,25.795278115040138,686.581738160552,0.0,63.109065301028277,86.27487686476619,0.0,0.0,20.943282895158178,-1459.9948882806244,20.643584016816253,178.9108683804393,20.98975216323953,-865.7976270888485,20.049621716465827,286.06677003522648,15.87978770750297,34.07088539444494,18.657667871350318,-67.02023558657766,17.699071511404946,125.59408670156654,17.093004283921329,-41.026467002926469,16.650343466428049,-102.27862149515977,1075.3559475494413,830.5029033352776,0.0,0.0,0.0,0.0,0.0,0.0,0.0,0.0,0.0,0.0,0.0,0.0,0.0,0.0,0.0,0.0,0.0,0.0,0.0,0.0,0.0,0.0,1.3181017697830933,0.4023509675772568,465.33605292615308,539.4332136027505,12567.150072881017,0.2830018729512896,0.04319320405239463,249.90118346932349,290.02153220203379,6540.047801637392,1.309922006921559,0.24752872390808,349.4421134359042,404.33849840274589,9574.695241773323,0.31671104646124006,0.05984713651950869,273.88764567844188,318.0313890596326,6995.118820486924,0.0,0.0,10.94678445884078,12.920928568360019,182.24745292873718,0.0,0.0,50.308858176646278,58.87175651995369,1082.9405371432895,0.0,0.0,290.48661342983498,340.3819612521055,6023.43689226061,0.0,0.0,17.21463132472913,20.22759502562034,329.38338145135546,0.0,0.0,186.45344288997382,219.75017630094119,3257.1173187830574,41.180704323460307,28.24465317109761,542.3314654573683,632.0784067201507,13804.824802903242,0.0,0.0,199.70091301875739,235.717173291622,3327.20249197485,2034.705343048127,21.5521848495976,34.85960767171993,22.0,30.0,0.0,20.976182712589006,36.266965433313078,16.0,30.0,1643.2675386643503,21.55481320831415,34.99714043767492,21.5,30.0,0.0,20.6338995998681,37.07290569449805,16.0,30.0,0.0,15.977313854249012,50.834220230775027,12.0,30.0,0.0,18.52434104497623,43.022499735381789,16.0,30.0,0.0,18.107203969063698,43.871132254309539,10.0,30.0,0.0,17.27004597620231,46.83644818468902,16.0,30.0,0.0,16.402289233027479,49.11783944028413,12.0,30.0,0.0,19.672531546616157,0.0,0.0,0.0,15.96655245883378,0.0,0.0,566.0323725613953,573.3335657575898,572.4145601276534,574.5611244228037,619.0337527150367,608.2272879732803,595.763203612436,620.2047553720269,605.0669828652375,9113.679400628358,81.9787991584975,81.9787991584975,60.0,0.0,60.0,60.0,16.0,16.0,16.0,12.0,16.0,12.0,21.0,10.0,1.0,0.0,2034.705343048127,0.0,1643.2675386643503,0.0,0.0,0.0,0.0,0.0,0.0,0.0,0.0,81.9787991584975,81.9787991584975,0.34,0.7701635627366363,0.36028137401965956,81.9787991584975,0.3542647819438875,0.0,0.00104 
 02/25  11:30:00,7.75,76.5,6.275,166.0,270.0,0.0,0.0,0.0,0.0,0.0,0.0,0.0,0.0,0.0,0.0,726.0,0.0,970.8629276470465,65.21537000508693,167.1128008032428,29.111118716933306,774.8382550261677,0.0,65.2153700050869,89.15435508418729,0.0,0.0,20.837046921224105,-399.6663837999645,20.675887153416054,22.438183456422963,21.161728223373954,-1567.3018675006802,20.084360893994348,313.846847903629,15.91311586701764,32.88920723663564,18.74695885060288,-67.70995756027821,17.65983135585489,87.59072794605527,16.92829724817845,-36.4479015882971,16.685828073681696,-75.42590048843454,1020.5981779043327,792.7481577071185,0.0,0.0,0.0,0.0,0.0,0.0,0.0,0.0,0.0,0.0,0.0,0.0,0.0,0.0,0.0,0.0,0.0,0.0,0.0,0.0,0.0,0.0,1.372400965238826,0.4189258135649653,283.01358054781039,328.14155106558976,7530.36552358715,0.26725846267558275,0.040790363656224477,117.87359843088326,136.82432824981854,3035.0804740024307,1.1917645020023813,0.2252011530616745,396.4508041736647,458.7722043031998,10771.849869179805,0.2880894871384392,0.05443867859758864,233.15959793727559,270.52882716372076,5930.586207835186,0.0,0.0,10.49627208646493,12.387850087084456,173.08708446352709,0.0,0.0,50.37367194079536,58.91775454284716,1078.4356947910429,0.0,0.0,287.1808964692916,336.63512998354448,5836.825113888172,0.0,0.0,20.611926162287049,24.24477379322495,380.5971537752729,0.0,0.0,180.9495628890941,213.2415476971166,3144.3279680468956,41.421385123720138,28.409729165788855,421.01283020395865,490.7587278985018,10726.565715336807,0.0,0.0,198.62992815346184,234.3959505084834,3307.523765209474,623.992650289943,21.27733639155054,35.376120150654987,21.25,30.0,0.0,20.875486604348568,36.2922434797574,16.0,30.0,1964.572191016854,21.69339380116643,34.316098219130939,21.5,30.0,0.0,20.67276539874108,36.74664363332364,16.0,30.0,0.0,16.016222733800796,50.40712143318753,12.0,30.0,0.0,18.582180224243016,42.562636825118207,16.0,30.0,0.0,18.012777175676836,43.86946902813695,10.0,30.0,0.0,17.037332812460627,47.1182657446454,16.0,30.0,0.0,16.476251685881594,48.50409236388524,12.0,30.0,0.0,19.4846890566958,0.0,0.0,0.0,16.083160253036409,0.0,0.0,564.0749888392586,565.6221155079447,556.5758260711998,565.7949070472546,607.933724664115,595.1717786767888,585.5502202367467,603.5066981636193,590.9923913059269,7359.121425972438,81.8573040898226,83.61917130789716,60.0,0.0,60.0,60.0,16.0,16.0,16.0,12.0,16.0,12.0,21.0,10.0,1.0,0.0,623.992650289943,0.0,1964.572191016854,0.0,0.0,0.0,0.0,0.0,2666.3425604328979,1599805.5362597388,2076714.2894275848,81.8573040898226,83.64909366225783,0.2588780853477633,0.5374006375452335,0.27021103051474468,83.64909366225783,0.2656985864579156,2076714.2894275848,0.10902914305023441 
 02/25  11:40:00,7.866666666666667,75.33333333333334,6.386666666666667,165.0,302.16666666666665,0.0,0.0,0.0,0.0,0.0,0.0,0.0,0.0,0.0,0.0,730.0,0.0,1068.0587695333744,66.00238346943132,169.1295873998761,32.0255007994128,852.4093519106407,0.0,66.0023834694313,90.23026215717828,0.0,0.0,20.92255362134391,-710.4088250985597,20.73420729835168,131.6991142984018,21.170313212752668,-1374.5464713519637,20.122630631830206,301.75870573703568,15.947177507863734,33.4461685749946,18.849731689772516,-76.54803985281899,17.666125688001185,153.5766441383671,16.804166560731799,-32.02079630182942,16.717416060231828,-70.29001615598145,1030.7693590170343,758.2539198499687,0.0,0.0,0.0,0.0,0.0,0.0,0.0,0.0,0.0,0.0,0.0,0.0,0.0,0.0,0.0,0.0,0.0,0.0,0.0,0.0,0.0,0.0,1.3383650325861845,0.4085363347332675,316.81268688301909,367.1843465790589,8404.927080507432,0.2762426754974381,0.042161580509376999,170.69505621146983,198.00517839197566,4351.287901219126,1.220041182404833,0.230544441119583,375.4851086496077,434.66676988980387,10097.424755127613,0.2924716707676019,0.05526675562501924,227.1366478171292,263.49523802153797,5741.719803770606,0.0,0.0,10.694171665940332,12.618907865429965,174.68745975527669,0.0,0.0,52.775235734650888,61.707734764389979,1125.0585122861426,0.0,0.0,289.7839676649739,339.6522436513286,5835.860962285771,0.0,0.0,23.48514268495065,27.638548343321568,420.6160040881477,0.0,0.0,176.13966910224864,207.53284131452259,3039.954924957601,41.79877786859534,28.668571926334264,451.0418662412374,525.5934726639813,11395.189428727132,0.0,0.0,197.2492733925185,232.69748765739676,3272.665839153166,931.093008914608,21.396075364566977,34.799601983249,21.25,30.0,0.0,20.854004281219589,36.102750209792379,16.0,30.0,1758.2175754392079,21.698826628350568,34.00604915891608,21.5,30.0,0.0,20.710866267999074,36.322362243398718,16.0,30.0,0.0,16.056036611722907,49.966711830116128,12.0,30.0,0.0,18.655449327093416,42.06704794595347,16.0,30.0,0.0,18.03727514883929,43.49536125614057,10.0,30.0,0.0,16.871342879772024,47.25914709585237,16.0,30.0,0.0,16.53598031840547,48.027715848579649,12.0,30.0,0.0,19.557767324548676,0.0,0.0,0.0,16.170642694069018,0.0,0.0,551.7988471761436,557.1124755987379,545.294806120663,553.0775890570571,596.8964113139682,583.204290509266,574.5851884650879,590.0569563255995,581.0555095737498,6943.791726006962,81.82601981119781,81.82601981119781,60.0,0.0,60.0,60.0,16.0,16.0,16.0,12.0,16.0,12.0,21.0,10.0,1.0,0.0,931.093008914608,0.0,1758.2175754392079,0.0,0.0,0.0,0.0,0.0,0.0,0.0,0.0,81.82601981119781,81.82601981119781,0.255,0.5405307883839641,0.27021103051474468,81.82601981119781,0.2656985864579156,0.0,0.00104 
 02/25  11:50:00,7.983333333333333,74.16666666666667,6.498333333333334,164.0,334.3333333333333,0.0,0.0,0.0,0.0,0.0,0.0,0.0,0.0,0.0,0.0,732.0,0.0,1169.5458839907342,66.78366030760238,171.13167377638556,35.068554366567187,933.4052651400548,0.0,66.78366030760235,91.29832682726939,0.0,0.0,20.87645171819965,-1433.521957147139,20.949596259142568,240.1916674405811,20.84834938210065,-263.90917508660825,20.13073207300264,172.1932896800031,15.986943969006117,37.281708161620617,18.972501019826404,-70.51164036478713,17.76990621713979,177.31553991823194,16.71121596773627,-22.85698086258779,16.755578850377284,-38.50883468355278,1075.5595027960108,774.0374692297478,0.0,0.0,0.0,0.0,0.0,0.0,0.0,0.0,0.0,0.0,0.0,0.0,0.0,0.0,0.0,0.0,0.0,0.0,0.0,0.0,0.0,0.0,1.3121740225877979,0.4005415209364462,447.046908769257,517.8591213655207,11871.871565143294,0.2732967274446463,0.04171195473819388,214.75399448425424,249.15845212883839,5513.088464321967,1.3636712147582589,0.25768541473134157,294.43428999939666,341.43320812650787,7693.632450893323,0.31016148595811146,0.05860950225965822,207.44895258914816,240.78843651667558,5178.5759798468839,0.0,0.0,11.133660547408706,13.135638255776167,180.32270548820666,0.0,0.0,52.03352865570323,60.83304959649411,1106.7325019695082,0.0,0.0,300.08175443387258,351.49676644651006,6078.593558418113,0.0,0.0,27.359548403658438,32.20781178716304,477.4138509657207,0.0,0.0,179.98689489007885,211.99527251732207,3089.578357736421,42.26538584090207,28.988604829150949,479.8221600667031,559.1779692010259,12103.925431366952,0.0,0.0,205.74767225438928,242.55182329207327,3436.7889739681997,1438.0039186066768,21.54276584501745,34.17723434027041,21.75,30.0,0.0,21.095107154166443,35.231596297553398,16.0,30.0,0.0,21.29441480725739,34.67762091800419,21.0,30.0,0.0,20.691994873420457,36.09617268957567,16.0,30.0,0.0,16.104970223057277,49.461664986297829,12.0,30.0,0.0,18.75332330472535,41.486987131526337,16.0,30.0,0.0,18.22092346356914,42.64586837872051,10.0,30.0,0.0,16.754441972838796,47.22166567510003,16.0,30.0,0.0,16.60759941240024,47.43964473536353,12.0,30.0,0.0,19.780487497388607,0.0,0.0,0.0,16.35369126573213,0.0,0.0,540.7072008291568,544.7238579443427,539.6867625237711,543.8525199788455,585.2825515428619,571.316827478214,562.7743958739729,576.7941575382637,569.3532710535608,8262.61351261089,82.54144695289772,84.23560620166842,60.0,0.0,60.0,60.0,16.0,16.0,16.0,12.0,16.0,12.0,21.0,10.0,1.0,0.0,1438.0039186066768,0.0,0.0,0.0,0.0,0.0,0.0,0.0,2563.97675190205,1538386.0511412302,1997103.7793466624,82.54144695289772,84.26437864993528,0.34046589173006838,0.7680314504345247,0.36028137401965956,84.26437864993528,0.3542647819438875,1997103.7793466624,0.10488272985935977 
 02/25  12:00:00,8.1,73.0,6.61,163.0,366.5,0.0,0.0,0.0,0.0,0.0,0.0,0.0,0.0,0.0,0.0,732.0,0.0,1339.0687476951478,68.84894136915104,176.42394751282684,40.151623875042428,1068.6997532701597,0.0,68.84894136915099,94.121722617182,0.0,0.0,20.898422909088234,-1216.656748813732,21.10234040218642,-7.82415733892617,21.036240017777616,-960.769538380499,20.0672625419393,324.78199605380999,16.033246120761,34.01571177359341,19.132491290957384,-94.51702999193879,17.785492653259597,142.5298304628941,16.64399380390437,-13.90807262388239,16.79913360135466,-29.970816637892768,1038.0164383430252,690.7811036617654,0.0,0.0,0.0,0.0,0.0,0.0,0.0,0.0,0.0,0.0,0.0,0.0,0.0,0.0,0.0,0.0,0.0,0.0,0.0,0.0,0.0,0.0,1.2704126297091148,0.3877938430125503,447.96247231479097,519.614965424734,11575.646061868465,0.2557874804276374,0.0390396032398714,240.76409677115687,279.3560020410716,6147.710101863182,1.261638869586383,0.23840492622569607,351.92682493406019,407.2523408571065,9303.645426134588,0.31196991063620319,0.058951230278949929,283.09118446404548,328.784279481472,6941.301017854739,0.0,0.0,10.716271285043545,12.64076139935932,172.16117283613284,0.0,0.0,57.03024827351741,66.65402962953681,1212.2787625493907,0.0,0.0,293.5893255247991,343.86647638329716,5886.678208825618,0.0,0.0,28.149113455118035,33.145784072234288,480.43646211460199,0.0,0.0,169.85928770473306,200.00166602560973,2900.30184684185,42.429065630935649,29.100868059626654,534.0367732536788,622.5508890739802,13081.465685829337,0.0,0.0,195.99100559759158,230.97771943037669,3255.152671569005,1754.8737109819797,21.432576542022873,34.15287047646343,22.0,30.0,0.0,21.133382885595365,34.8957956888838,16.0,30.0,1783.3836866638833,21.525685171537526,34.035862231466207,21.5,30.0,0.0,20.576472305939256,36.12798019171679,16.0,30.0,0.0,16.15772096672466,48.94288370334453,12.0,30.0,0.0,18.870042148599916,40.86884838540362,16.0,30.0,0.0,18.233455650168794,42.30092754082771,10.0,30.0,0.0,16.676884359277847,47.07370509859139,16.0,30.0,0.0,16.680642216351708,46.873341764615478,12.0,30.0,0.0,19.647815837333409,0.0,0.0,0.0,16.42230254617298,0.0,0.0,532.2904703012247,536.4916289788702,534.7775700594883,536.7898620749575,574.2239235311618,560.3919681207191,553.0499674382762,564.8633464145376,559.0548797236013,9041.501484165028,82.02652653455849,82.02652653455849,60.0,0.0,60.0,60.0,16.0,16.0,16.0,12.0,16.0,12.0,21.0,10.0,1.0,0.0,1754.8737109819797,0.0,1783.3836866638833,0.0,0.0,0.0,0.0,0.0,0.0,0.0,0.0,82.02652653455849,82.02652653455849,0.34,0.771820369366977,0.36028137401965956,82.02652653455849,0.3542647819438875,0.0,0.0010266666666666669 
 02/25  12:10:00,8.295,71.5,6.811666666666667,162.0,398.6666666666667,0.0,0.0,0.0,0.0,0.0,0.0,0.0,0.0,0.0,0.0,734.0,0.0,1450.024204874675,69.58834083771257,178.3187222110122,43.478580234675167,1157.252240592082,0.0,69.58834083771254,95.13253774809444,0.0,0.0,20.879110281989648,-321.5321335526444,21.200567258383168,-99.64044080536699,21.219214933341239,-1623.3101755384144,20.146545330284029,312.1650735189851,16.080190068295289,33.637086717292849,19.300346925306813,-103.05081480085272,17.77825425293363,120.78949908278946,16.59585042468654,-5.0206359745954789,16.84223091058062,-14.76807652350658,947.4887702669921,681.342560806034,0.0,0.0,0.0,0.0,0.0,0.0,0.0,0.0,0.0,0.0,0.0,0.0,0.0,0.0,0.0,0.0,0.0,0.0,0.0,0.0,0.0,0.0,1.2833103120905718,0.39173086449651159,268.75847063318079,311.5207606926465,6895.43294016274,0.2417104139731508,0.03689108882374096,49.51629677471213,57.42840259347109,1246.894686535941,1.1849950062222948,0.2239219588477504,396.0720009507421,458.47006128348689,10320.484154685431,0.28796598706252715,0.05441534147062113,236.76424035096123,274.7392051266962,5776.879618482245,0.0,0.0,10.459558308356766,12.336960317492015,165.10742999373574,0.0,0.0,58.501378614830787,68.33352977521492,1237.0186903456509,0.0,0.0,294.17521939336185,344.64281786174527,5763.733105260997,0.0,0.0,29.684545932758554,34.966118422223079,492.3706616652079,0.0,0.0,169.7645030131569,199.88398040494384,2855.720147997863,43.03911812503916,29.519285408120149,379.1187821631946,441.99194704269487,9305.120471942393,0.0,0.0,197.03101502495509,232.1619405136149,3237.9972478859065,531.1895358015918,21.3131033210254,34.29708179320674,21.25,30.0,0.0,21.12205019917429,34.694050576718797,16.0,30.0,1951.3443201043534,21.674383996630909,33.25625495182487,21.5,30.0,0.0,20.68970172782098,35.603896545372368,16.0,30.0,0.0,16.213422294580839,48.43426279668702,12.0,30.0,0.0,19.010317283275286,40.23710725446369,16.0,30.0,0.0,18.194990279795513,42.14005250196018,10.0,30.0,0.0,16.627835034405707,46.84602269880051,16.0,30.0,0.0,16.75086250209153,46.32226082260409,12.0,30.0,0.0,19.340414771850928,0.0,0.0,0.0,16.532957512831595,0.0,0.0,529.3649537711546,529.2801907944071,519.5571301695734,528.5861738134265,564.1825515453428,551.3096615906333,545.1527928267128,553.9826741323731,549.4163826164556,7416.81436359597,81.75838569152389,83.50983354965357,60.0,0.0,60.0,60.0,16.0,16.0,16.0,12.0,16.0,12.0,21.0,10.0,1.0,0.0,531.1895358015918,0.0,1951.3443201043534,0.0,0.0,0.0,0.0,0.0,2650.5903380444908,1590354.2028266944,2063479.37028119,81.75838569152389,83.53957894869247,0.2583530112681497,0.5375463096183076,0.27021103051474468,83.53957894869247,0.2656985864579156,2063479.37028119,0.10832092725462189 
 02/25  12:20:00,8.49,70.0,7.013333333333334,161.0,430.83333333333339,0.0,0.0,0.0,0.0,0.0,0.0,0.0,0.0,0.0,0.0,736.0,0.0,1563.5294719530055,70.30796094942649,180.16281058538955,46.88199088684949,1247.8396983963099,0.0,70.30796094942646,96.11631299862911,0.0,0.0,20.662097174017235,-183.61636857375766,21.327463492003635,-31.07966706907851,21.15445105528902,-1312.7427927314878,20.245331280796756,300.1764040544911,16.12815194777947,33.568927066466418,19.47528431337915,-121.6854241437178,17.795749879197698,161.65017548272409,16.560252712888216,0.6890534835821711,16.87926386818004,-11.86080820391453,935.3126384650816,657.7965471297393,0.0,0.0,0.0,0.0,0.0,0.0,0.0,0.0,0.0,0.0,0.0,0.0,0.0,0.0,0.0,0.0,0.0,0.0,0.0,0.0,0.0,0.0,1.2841981051246774,0.3920018635911714,245.1037988883074,284.4588031792133,6117.15617177146,0.24366207502180138,0.037188961389163829,63.871497681241368,74.1173594655511,1588.5572737909629,1.1688356881216565,0.2208684217916963,381.29903686851909,441.6943818194402,9798.491436283026,0.28107993519699628,0.05311412229724039,221.69873676234188,257.27186044298926,5389.498123837249,0.0,0.0,10.562488146583469,12.456630378505757,163.77819448718413,0.0,0.0,61.88551959433481,72.25652586892673,1301.525002750348,0.0,0.0,296.94841089805348,347.87691268777749,5722.39829989116,0.0,0.0,30.956530252589056,36.46989097939913,499.51944123860729,0.0,0.0,167.8356863832025,197.59026325543054,2776.314265384357,43.72207117263141,29.987703136235547,356.2959059858426,415.58171715589847,8708.373048794247,0.0,0.0,195.92573796695917,230.8090697036707,3176.6455580817789,47.01399580444581,21.16241120239453,34.14426152916765,21.0,30.0,0.0,21.167925083405146,34.4349745092933,16.0,30.0,1102.9006719530833,21.552706114138748,33.26984320455316,21.5,30.0,0.0,20.84357327202156,34.85080439072706,16.0,30.0,0.0,16.2689198422814,47.932895527203289,12.0,30.0,0.0,19.152255891747623,39.59266776394075,16.0,30.0,0.0,18.22852266924417,41.710204800165559,10.0,30.0,0.0,16.594981482003626,46.64050099010401,16.0,30.0,0.0,16.806324575635786,45.87712166307969,12.0,30.0,0.0,19.37163743677056,0.0,0.0,0.0,16.618039014419517,0.0,0.0,515.5422750447865,524.7503800150612,512.7986555866517,516.2310658326849,554.8378480614521,542.3004950136825,535.7196854309002,545.6931234484285,541.8940489170375,7227.789520646189,81.75232246103146,83.43923163111679,60.0,0.0,60.0,60.0,16.0,16.0,16.0,12.0,16.0,12.0,21.0,10.0,1.0,0.0,47.01399580444581,0.0,1102.9006719530833,0.0,0.0,0.0,0.0,0.0,2553.0151131023965,1531809.0678614379,1987101.4998645744,81.75232246103146,83.46788094897895,0.2551005037700799,0.5375353320834713,0.27021103051474468,83.46788094897895,0.2656985864579156,1987101.4998645744,0.10435261132629119 
 02/25  12:30:00,8.684999999999999,68.5,7.215,160.0,463.0,0.0,0.0,0.0,0.0,0.0,0.0,0.0,0.0,0.0,0.0,740.0,0.0,1679.0532880807946,71.00065759761434,181.93790547149238,50.34592613862638,1340.0381320275733,0.0,71.0006575976143,97.06328183332787,0.0,0.0,20.8239426789238,-1174.6332375855187,21.496593659100069,-103.94076264762453,21.099673959383204,-944.4193370720172,20.182024196377655,246.7768054406722,16.177562150481749,32.693928767878009,19.65433766437355,-144.23590528449609,17.85071670446451,179.15012171562149,16.53394610627686,6.45530800119883,16.91188226189672,-6.164522004102537,1107.5034535268374,621.0235005546897,0.0,0.0,0.0,0.0,0.0,0.0,0.0,0.0,0.0,0.0,0.0,0.0,0.0,0.0,0.0,0.0,0.0,0.0,0.0,0.0,0.0,0.0,1.2148125360735627,0.3708218974583525,457.9962018785036,531.5765381224286,11252.731661949369,0.23864084891413157,0.03642259598811532,242.19052785631264,281.04033534436499,5964.315303319807,1.2034904859515745,0.2274169474587254,342.48448233494158,396.43158554845379,8660.447151303255,0.29087819946302226,0.05496564615703366,255.35526385719283,296.51388005122626,6026.05673936351,0.0,0.0,10.654889725179816,12.563918320456392,162.24984053484907,0.0,0.0,66.47162512914125,77.59186000839637,1389.754242662696,0.0,0.0,299.0879222774661,350.2728252295422,5706.153039325409,0.0,0.0,32.0311293301798,37.73913832825487,503.1671658735356,0.0,0.0,164.6129491730493,193.7566963578468,2674.592356032042,44.30461368839685,30.387252186829124,525.1123292680877,612.5311107164948,12205.179427596806,0.0,0.0,193.21258077149083,227.55064379320459,3083.2325160328448,1714.788281643521,21.396433584052635,33.411510569326157,22.0,30.0,0.0,21.266591923960534,33.733505820870849,16.0,30.0,1749.710862330084,21.527969513920039,33.163393091008419,21.5,30.0,0.0,20.694517077988889,34.90914307249619,16.0,30.0,0.0,16.325303496415953,47.41562641661542,12.0,30.0,0.0,19.291795177212376,38.947238286957318,16.0,30.0,0.0,18.327888325702458,41.14077929211091,10.0,30.0,0.0,16.57393736800293,46.33134608948946,16.0,30.0,0.0,16.853317582732897,45.36995812823589,12.0,30.0,0.0,19.589169116837625,0.0,0.0,0.0,16.687731361573307,0.0,0.0,508.87824855423215,510.573169743868,509.05967538044737,509.3892865110847,545.7095621224672,533.5147976472965,527.713883648129,536.389838479653,532.7470790445631,8339.647876226987,82.49057951674361,82.49057951674361,60.0,0.0,60.0,60.0,16.0,16.0,16.0,12.0,16.0,12.0,21.0,10.0,1.0,0.0,1714.788281643521,0.0,1749.710862330084,0.0,0.0,0.0,0.0,0.0,0.0,0.0,0.0,82.49057951674361,82.49057951674361,0.34,0.770449167216529,0.36028137401965956,82.49057951674361,0.3542647819438875,0.0,0.0010266666666666669 
 02/25  12:40:00,8.879999999999999,67.0,7.416666666666666,153.33333333333335,476.5,0.0,0.0,0.0,0.0,0.0,0.0,0.0,0.0,0.0,0.0,742.0,0.0,1733.0290863596866,69.32010472060934,177.6315740221849,51.96436068200522,1383.1156032602879,0.0,69.32010472060931,94.7658386397591,0.0,0.0,20.858923583735483,-283.7878640416411,21.598035782879835,-331.4890373689473,21.268768029107226,-1510.0456196400015,20.219526825827125,290.9001298482543,16.226845190531195,34.24085990957488,19.827314835662656,-153.15123134676288,17.883816295190024,143.23308469695486,16.51958848611745,18.035127048692176,16.955106067968545,24.683314578320734,947.9402672199278,625.1894437700807,0.0,0.0,0.0,0.0,0.0,0.0,0.0,0.0,0.0,0.0,0.0,0.0,0.0,0.0,0.0,0.0,0.0,0.0,0.0,0.0,0.0,0.0,1.2049544887316204,0.3678127254980526,321.10708974632538,372.28354444790718,7863.427409599213,0.21853291636638479,0.03335361971403919,100.58537272226168,116.582928121974,2437.6335984161989,1.1641625034306938,0.21998535590149169,394.3754482522744,456.6708948253653,9832.737206808251,0.2812171199313425,0.05314004533850007,226.02000057737508,262.2880178100172,5281.291320632625,0.0,0.0,10.629756399845434,12.532888830686414,158.96812344931426,0.0,0.0,66.53939067861373,77.62607105757381,1385.818053817503,0.0,0.0,302.4889884834415,354.27728363345207,5668.339386450395,0.0,0.0,33.169535947079129,39.087270300172409,508.10853105204958,0.0,0.0,167.96170324366117,197.68950263666145,2686.3355515143605,45.03691371571254,30.88951558004976,419.30952794691469,488.674386026002,9855.694271359695,0.0,0.0,197.76142135036015,232.82837219474906,3137.931698399862,495.4353773299931,21.31536989398245,33.38671172339815,21.25,30.0,0.0,21.26664778828095,33.320155935128159,16.0,30.0,1823.6871511706887,21.68618882154729,32.289076615599508,21.5,30.0,0.0,20.75025216733757,34.55772845020526,16.0,30.0,0.0,16.384547715023467,46.88477565240637,12.0,30.0,0.0,19.449151048635565,38.27413208591747,16.0,30.0,0.0,18.351540141685555,40.75956914614495,10.0,30.0,0.0,16.57243999770998,45.95493524175525,16.0,30.0,0.0,16.922875800099406,44.80567007904695,12.0,30.0,0.0,19.458274620363605,0.0,0.0,0.0,16.840626861342004,0.0,0.0,504.00878901456016,499.84473196189347,494.3196450965309,503.90852343133909,536.979718848908,525.4690609633451,519.7867931811383,527.5288142424007,524.3048992544308,7553.706286137667,81.72274323600252,83.71906478078296,60.0,0.0,60.0,60.0,16.0,16.0,16.0,12.0,16.0,12.0,21.0,10.0,1.0,0.0,495.4353773299931,0.0,1823.6871511706887,0.0,0.0,0.0,0.0,0.0,3020.727830697011,1812436.6984182066,2346743.1404886275,81.72274323600252,83.75296894794605,0.2706909276899004,0.5397379895262431,0.27021103051474468,83.75296894794605,0.2656985864579156,2346743.1404886275,0.12306064330540863 
 02/25  12:50:00,9.075,65.5,7.618333333333334,146.66666666666669,490.0,0.0,0.0,0.0,0.0,0.0,0.0,0.0,0.0,0.0,0.0,744.0,0.0,1785.100433625075,67.58222762527616,173.1783481170344,53.52569062462429,1424.6731462959386,0.0,67.58222762527613,92.39002889371419,0.0,0.0,20.8397475860004,-104.81179259806845,21.68910647432009,-131.06406082053509,21.1905912940597,-1209.8211636253016,20.30261147124061,286.61490413456968,16.274933801552398,34.88869324120466,19.991611619957156,-173.72659790095305,17.91079769083342,179.54397125287688,16.510945199072347,22.430336428834666,16.9968893911577,25.241140612532946,921.208467772901,606.8735896682094,0.0,0.0,0.0,0.0,0.0,0.0,0.0,0.0,0.0,0.0,0.0,0.0,0.0,0.0,0.0,0.0,0.0,0.0,0.0,0.0,0.0,0.0,1.2073046218437949,0.36853010434792279,254.89502129764947,295.8661447303636,6073.821501516437,0.2254205549325232,0.034404846601422959,55.21883226305742,63.956130846485759,1325.1984730025329,1.1391256365608258,0.2152542775058251,383.0942580775677,443.87910243795366,9423.997439036815,0.27472752263838987,0.051913741995160567,218.1024899008938,253.13144400756443,5066.58435304328,0.0,0.0,10.859010612311483,12.801400617745238,159.370726848265,0.0,0.0,69.48954936530645,81.03438328184856,1439.6055710668955,0.0,0.0,304.5133007013909,356.6220898615336,5613.76075777257,0.0,0.0,33.880821794366969,39.9267229526858,506.1316385935329,0.0,0.0,166.2513681543666,195.65102995718542,2614.073590128654,45.75926341637837,31.38495433222111,355.13230899647899,414.2870624079114,8305.63121811677,0.0,0.0,196.57249159224586,231.3823282562759,3074.2701027572936,0.0,21.192207150141507,33.20675766446909,21.0,30.0,0.0,21.3007984740906,33.026155878016599,16.0,30.0,1009.5705139412178,21.573967550314998,32.32392974325407,21.5,30.0,0.0,20.880563964745585,33.85009902306413,16.0,30.0,0.0,16.440372864993117,46.345222174955,12.0,30.0,0.0,19.593036257764877,37.59654788367344,16.0,30.0,0.0,18.394758647048154,40.275767804748728,10.0,30.0,0.0,16.5760134614412,45.59673658287909,16.0,30.0,0.0,16.983105607980425,44.290974621174679,12.0,30.0,0.0,19.447837428512963,0.0,0.0,0.0,16.92202217756077,0.0,0.0,493.8262714055981,494.6017528020465,490.55077322979369,493.67459233465947,528.3065257570427,516.7388715752144,511.27019805703659,519.8645746535526,516.7333321684353,4077.27442055974,82.87027429189247,82.87027429189247,60.0,0.0,60.0,60.0,16.0,16.0,16.0,12.0,16.0,12.0,21.0,10.0,1.0,0.0,0.0,0.0,1009.5705139412178,0.0,0.0,0.0,0.0,0.0,0.0,0.0,0.0,82.87027429189247,82.87027429189247,0.17,0.3843195500641189,0.18014068700982978,82.87027429189247,0.17713239097194376,0.0,0.00104 
 02/25  13:00:00,9.27,64.0,7.82,140.0,503.5,0.0,0.0,0.0,0.0,0.0,0.0,0.0,0.0,0.0,0.0,374.0,0.0,1835.0771533773032,65.78402990181168,168.57054931494896,55.02421357896012,1464.5589828861594,0.0,65.78402990181165,89.93175627582022,0.0,0.0,21.026241762438646,-1061.1125227829926,21.862176364251697,-126.2945404092684,20.930949079223099,-668.3320964664563,20.225734146907056,78.9969249141999,16.3239345968471,33.76898972643437,20.14810178664169,-207.87414327764396,17.968899374700887,202.15282000833578,16.502686232036344,24.272020629391706,17.029561651700516,17.318850378936987,1079.215710487184,558.406186810168,0.0,0.0,0.0,0.0,0.0,0.0,0.0,0.0,0.0,0.0,0.0,0.0,0.0,0.0,0.0,0.0,0.0,0.0,0.0,0.0,0.0,0.0,1.156197102934931,0.3529295186004063,357.99746986607399,414.02766644400608,8629.492377816277,0.21687859264632865,0.03310112830377422,108.16577083093567,125.15014143388227,2586.1697976372327,1.2380029588339348,0.2339385787668056,349.1763963564076,404.5648210806683,8259.512139653869,0.26973816764826399,0.05097093115046558,153.15698523216683,177.98172550268078,3467.3068508819885,0.0,0.0,11.128114039191248,13.101690137363978,160.2827524960971,0.0,0.0,72.95944655127809,84.95704027727085,1502.1713584534014,0.0,0.0,304.1336905094595,355.6596893399527,5548.079558592355,0.0,0.0,34.28935334482296,40.36058342646856,499.13283349301028,0.0,0.0,160.50654540723026,188.65022248521803,2475.9819984194775,46.43005653812776,31.84503191915485,415.2601655232638,483.7714738301423,9408.10041959801,0.0,0.0,190.89057137487766,224.427253487675,2919.262104241765,1456.9579781698363,21.639719466841524,32.15223579208053,21.5,30.0,0.0,21.44975409732278,32.56610480765785,16.0,30.0,1306.4501425665083,21.38836521331102,32.63478628882448,21.5,30.0,0.0,20.707771726948747,34.11436503915316,16.0,30.0,0.0,16.497538486567529,45.82817499992448,12.0,30.0,0.0,19.72621275388736,37.09235524990445,16.0,30.0,0.0,18.492009852829875,39.93149428021666,10.0,30.0,0.0,16.576901785373747,45.33582971858913,16.0,30.0,0.0,17.026929402830214,43.99219136098686,12.0,30.0,0.0,19.64344593577478,0.0,0.0,0.0,16.944274352477707,0.0,0.0,490.51370330283307,491.06951200766516,489.29364735984577,491.79477211852039,520.5331515431457,511.91665381580659,508.9925448021072,514.4378336136181,513.039979687729,9486.726786070736,81.7320667036891,85.21286634811739,60.0,0.0,60.0,60.0,16.0,16.0,16.0,12.0,16.0,12.0,21.0,10.0,1.0,0.0,1456.9579781698363,0.0,1306.4501425665083,0.0,0.0,0.0,0.0,0.0,5267.774962659131,3160664.9775954789,4102959.0018076996,81.7320667036891,85.27198188154158,0.3455924987553044,0.7713137307431492,0.36028137401965956,85.27198188154158,0.3542647819438875,4102959.0018076996,0.21440386809400037 
 02/25  13:10:00,9.351666666666667,63.16666666666667,7.9750000000000009,133.33333333333335,517.0,0.0,0.0,0.0,0.0,0.0,0.0,0.0,0.0,0.0,0.0,561.0,0.0,1882.775609378361,63.92219656613005,163.7996828564023,56.45442326529103,1502.62655450919,0.0,63.92219656613002,87.3864889515071,0.0,0.0,21.184111797338479,-1449.0181957110468,22.127119953696849,-40.197558344663779,21.01831523383617,-224.0907073560186,20.176506338926204,290.1018713047457,16.370048548724534,36.42839246437164,20.296722383538808,-202.17320079198454,18.062363770091378,199.88715778427167,16.498633764109515,32.66753610696135,17.059951889917345,38.88948105567306,900.7116590308093,594.2015066994694,0.0,0.0,0.0,0.0,0.0,0.0,0.0,0.0,0.0,0.0,0.0,0.0,0.0,0.0,0.0,0.0,0.0,0.0,0.0,0.0,0.0,0.0,1.1381556869644725,0.3474223708682761,313.48779297174777,362.6619784787107,7674.787624173369,0.20558765605142066,0.031377847382695469,51.53476842524516,59.68987660470903,1251.6301958326208,1.2781706697798768,0.24152884916475388,280.66548600816756,325.4000181271304,6583.527562587871,0.31374137318841496,0.059285973769541738,280.43456319223199,325.87954043719227,6217.133943763645,0.0,0.0,11.289680549162718,13.30066273284406,161.87502250001263,0.0,0.0,72.64615786156134,84.62599472627289,1501.1145444407858,0.0,0.0,315.1974102416642,368.723124884841,5777.851829240157,0.0,0.0,36.19520514243615,42.63691921009476,521.4779713333909,0.0,0.0,169.17508691342196,198.9560504783944,2596.2027361824659,47.1564044918415,32.34321295736729,314.95228544561669,367.72335026033326,7082.409417275224,0.0,0.0,201.3700562183022,236.79687190729966,3107.194824029076,1828.6214413493854,21.8626420884832,31.446444407696107,22.0,30.0,0.0,21.76669498968627,31.948927491820116,16.0,30.0,0.0,21.30371543476096,32.60442071105346,21.0,30.0,0.0,20.65229565537775,34.05556497740069,16.0,30.0,0.0,16.548586659011837,45.44314034200073,12.0,30.0,0.0,19.851558484880586,36.64705782834233,16.0,30.0,0.0,18.624549734153747,39.34847254138252,10.0,30.0,0.0,16.584205964789804,45.13312389361162,16.0,30.0,0.0,17.069810043118296,43.68812642123967,12.0,30.0,0.0,19.29214661841261,0.0,0.0,0.0,17.099490164020147,0.0,0.0,484.85575897530569,491.814078040988,486.17141895595059,488.37286517020098,515.4810987148294,508.1781280613475,503.8422539755238,510.80600125816559,509.3065921527917,9914.526140083432,81.44921042977183,83.78186871900671,60.0,0.0,60.0,60.0,16.0,16.0,16.0,12.0,16.0,12.0,21.0,10.0,1.0,0.0,1828.6214413493854,0.0,0.0,0.0,0.0,0.0,0.0,0.0,3530.1813231432527,2118108.7938859516,2741589.7434169414,81.44921042977183,83.82148500065199,0.34433937743810846,0.7702023876321225,0.36028137401965956,83.82148500065199,0.3542647819438875,2741589.7434169414,0.14362266665768096 
 02/25  13:20:00,9.433333333333334,62.333333333333339,8.13,126.66666666666666,530.5,0.0,0.0,0.0,0.0,0.0,0.0,0.0,0.0,0.0,0.0,561.0,0.0,1928.0165575182023,61.993175236513298,158.8566456750202,57.810945101184177,1538.7328079697834,0.0,61.99317523651326,84.74937054564345,0.0,0.0,21.087847580929926,-867.6153268675712,22.157644649962273,-537.3142955593164,21.167041489262318,-1118.974546739029,20.186552890735738,346.03791582106887,16.42019750676286,36.877396006680509,20.456028969744787,-217.88217837879325,18.081884956212883,164.54609551469057,16.505397012743278,42.227158318844498,17.109950613404146,60.899318479683618,975.3370139389592,580.6210920815663,0.0,0.0,0.0,0.0,0.0,0.0,0.0,0.0,0.0,0.0,0.0,0.0,0.0,0.0,0.0,0.0,0.0,0.0,0.0,0.0,0.0,0.0,1.139405553219139,0.34780389292403499,348.2341658216288,403.097611141724,8363.126730629003,0.19476259876268843,0.029725671361826676,165.4046362101683,191.6550264335278,3930.1731656192425,1.1946694330560992,0.22575008183221829,344.2272417074598,398.0475465618747,8347.306996498113,0.30072437213571448,0.0568262230037253,280.46979715375007,325.6575305423783,6195.778428744068,0.0,0.0,11.201448754704075,13.195096335928647,160.02937227435394,0.0,0.0,75.31472468153629,87.7024908346142,1564.5289173021609,0.0,0.0,312.15758882947326,365.2070126323544,5670.243606730499,0.0,0.0,36.261451312716868,42.717019770475179,518.3098752081758,0.0,0.0,167.1254828408907,196.51288848717815,2562.597740492228,47.733663154093267,32.73913796577041,448.13845191724797,522.0194481402386,10021.233629774435,0.0,0.0,199.416642509715,234.44792235353357,3081.3354286753476,1227.6000040403197,21.769680046405754,31.387320521409089,21.999999999999994,29.99999999999999,0.0,21.6015429052905,31.634802162973654,15.999999999999993,29.99999999999999,1796.592288670733,21.67875010579476,31.515452663906868,21.666666666666658,29.99999999999999,0.0,20.6535518648303,33.74144000655733,15.999999999999993,29.99999999999999,0.0,16.605390008638623,44.95653988483346,11.999999999999995,29.99999999999999,0.0,19.994659898371027,35.990476357755628,15.999999999999993,29.99999999999999,0.0,18.621517869586524,38.99406786903856,9.999999999999997,29.99999999999999,0.0,16.60926714314192,44.68736737955373,15.999999999999993,29.99999999999999,0.0,17.147058157407526,43.0568358494792,11.999999999999995,29.99999999999999,0.0,19.628596353472966,0.0,0.0,0.0,17.194455339507227,0.0,0.0,480.62625006619666,479.1332312110875,479.41971903507058,483.0010703804824,509.1948985798365,500.8554557710258,496.9001575381156,503.96850890260779,501.5388170696339,7340.542273525802,83.1511144161934,83.1511144161934,59.99999999999998,0.0,59.99999999999998,59.99999999999998,16.0,16.0,16.0,12.0,16.0,12.0,21.0,10.0,1.0,0.0,1227.6000040403197,0.0,1796.592288670733,0.0,0.0,0.0,0.0,0.0,0.0,0.0,0.0,83.1511144161934,83.1511144161934,0.3399999999999999,0.7688977469304339,0.36028137401965945,83.1511144161934,0.35426478194388735,0.0,0.0010633333333333333 
 02/25  13:30:00,9.515,61.5,8.285,120.0,544.0,0.0,0.0,0.0,0.0,0.0,0.0,0.0,0.0,0.0,0.0,749.0,0.0,2004.6605546213435,62.74385982186924,160.78019862400317,60.10907001609862,1599.9014776741158,0.0,62.74385982186921,85.7756132867922,0.0,0.0,20.851708387935369,-147.11380415677105,22.179052192473823,-632.1728262745629,21.020308364802898,-556.7609338180926,20.292197590735375,154.66194193112734,16.470963845100266,35.88333465327186,20.61569480754921,-241.79550367476385,18.08780236881254,165.6767653479883,16.509220221380276,43.624759460851468,17.147545720525288,54.8159201954104,843.7568020749739,549.520599142447,0.0,0.0,0.0,0.0,0.0,0.0,0.0,0.0,0.0,0.0,0.0,0.0,0.0,0.0,0.0,0.0,0.0,0.0,0.0,0.0,0.0,0.0,1.1623059827610165,0.3547942560320564,243.69422879442625,282.86094671302836,5569.568900619563,0.18880710432393828,0.028816713114154195,177.6094155363516,205.79255371741466,4154.097546816356,1.1916375769213877,0.22517716873042099,230.1468729681421,267.1145463936374,5346.0907158462209,0.2756323072009075,0.05208471413471418,218.1975621849287,253.68202844366216,4840.559985493442,0.0,0.0,11.22550485363827,13.227174412036814,159.70589502376954,0.0,0.0,77.46784964265312,90.20177595483274,1615.7861627686587,0.0,0.0,309.1942822122649,361.9119147370008,5562.164787077337,0.0,0.0,36.173834643259507,42.630001689009109,512.13526484811,0.0,0.0,163.34687741202567,192.13030747504738,2492.725008129496,48.313664992330817,33.136944439184379,296.91661719357657,346.86474360924918,6732.00728396581,0.0,0.0,195.64178941094083,230.084660309382,3006.6655545617225,0.0,21.13999857086639,32.46865295004902,21.0,30.0,0.0,21.506668193742344,31.546337115493097,16.0,30.0,814.5121290510352,21.37149559764204,31.992961774121257,21.25,30.0,0.0,20.802933152100818,33.21146381460249,16.0,30.0,0.0,16.65896349548506,44.507538832172709,12.0,30.0,0.0,20.12319886805153,35.48202970822553,16.0,30.0,0.0,18.61446685258629,38.81722799905595,10.0,30.0,0.0,16.6229813407778,44.36168688476947,16.0,30.0,0.0,17.193642407894168,42.68114840950079,12.0,30.0,0.0,19.25136024250318,0.0,0.0,0.0,17.235530436257606,0.0,0.0,478.3307488167659,474.5383378998637,477.7300165598509,479.31568968125927,503.7531018415375,496.25680640640777,493.38595665060668,498.99883999945049,497.210051247713,3628.7607294315178,83.19598068719979,83.19598068719979,60.0,0.0,60.0,60.0,16.0,16.0,16.0,12.0,16.0,12.0,21.0,10.0,1.0,0.0,0.0,0.0,814.5121290510352,0.0,0.0,0.0,0.0,0.0,0.0,0.0,0.0,83.19598068719979,83.19598068719979,0.17,0.3463576366336365,0.18014068700982978,83.19598068719979,0.17713239097194376,0.0,0.0010666666666666668 
 02/25  13:40:00,9.596666666666666,60.666666666666667,8.44,116.33333333333333,547.0,0.0,0.0,0.0,0.0,0.0,0.0,0.0,0.0,0.0,0.0,754.0,0.0,2024.8957350428667,61.3244907541142,157.14309443887729,60.71580381403825,1616.050869792679,0.0,61.324490754114169,83.83522816205435,0.0,0.0,21.01984170426846,-394.70916572066417,22.169115316855249,-308.65794225307897,21.169918086160839,-1326.699739620695,20.261559183153414,364.3238342985739,16.519432751880787,35.53219436292274,20.748253326648695,-276.3354995160919,18.10320562375381,209.18484242344773,16.511154812789596,43.76066120543068,17.17700340722957,47.39007260098789,1033.8251449619216,522.3523633672144,0.0,0.0,0.0,0.0,0.0,0.0,0.0,0.0,0.0,0.0,0.0,0.0,0.0,0.0,0.0,0.0,0.0,0.0,0.0,0.0,0.0,0.0,1.1751618315643547,0.3587185078035272,273.0746141650263,316.52678012430337,6381.149272766761,0.21965662584369478,0.03352512604451997,170.84649806507259,197.94660901793209,3951.619442731673,1.098546689084814,0.20758629801300355,338.9904913976751,392.9522672335746,7936.923853580263,0.2720100568487931,0.051400237499771937,258.2020799577633,299.95719318761669,5663.971321187629,0.0,0.0,11.490508296999078,13.537098125804383,162.7896774865019,0.0,0.0,81.77469703582554,95.19200646359333,1708.8258719796573,0.0,0.0,307.97782817410617,360.47064342912338,5505.797816203174,0.0,0.0,35.85070631123038,42.24963049808538,502.39829365647315,0.0,0.0,158.28542303574853,186.1603539135212,2400.605081583254,49.04253238355662,33.63685348666437,419.6230998813854,489.33227823664915,9306.372319853781,0.0,0.0,190.1329659960696,223.60415461955285,2895.933775138389,932.6724554813538,21.496433600118153,31.29371449952126,21.500000000000008,30.00000000000001,0.0,21.40491491281416,31.42364447365084,16.000000000000008,30.00000000000001,1600.2382060063133,21.578620650790968,31.136523148991168,21.500000000000008,30.00000000000001,0.0,20.761003773575518,32.83434733499604,16.000000000000008,30.00000000000001,0.0,16.711236405329247,44.01606314609076,12.000000000000004,30.00000000000001,0.0,20.228856060113054,34.92248825122331,16.000000000000008,30.00000000000001,0.0,18.639471601885729,38.344324796965057,10.000000000000004,30.00000000000001,0.0,16.632119908201156,43.95495433757401,16.000000000000008,30.00000000000001,0.0,17.228321498072608,42.18809097364676,12.000000000000004,30.00000000000001,0.0,19.584038502977699,0.0,0.0,0.0,17.24822292571377,0.0,0.0,470.16779188860098,469.4829460645556,470.2703739469275,471.9607735443986,497.9170669743171,489.9594504832129,486.5019766628109,492.9408061581969,490.7671540048128,6550.206327867425,82.52929913838377,84.32374990553474,60.00000000000002,0.0,60.00000000000002,60.00000000000002,16.0,16.0,16.0,12.0,16.0,12.0,21.0,10.0,1.0,0.0,932.6724554813538,0.0,1600.2382060063133,0.0,0.0,0.0,0.0,0.0,2715.601830624087,1629361.0983744523,2118778.713443112,82.52929913838377,84.35422563672869,0.26052006102080296,0.5369754092264137,0.27021103051474468,84.35422563672869,0.2656985864579156,2118778.713443112,0.11124649309904183 
 02/25  13:50:00,9.678333333333333,59.833333333333339,8.595,112.66666666666667,550.0,0.0,0.0,0.0,0.0,0.0,0.0,0.0,0.0,0.0,0.0,756.0,0.0,2041.75879710345,59.863583575088039,153.39954658436086,61.221425745569067,1629.5090043240037,0.0,59.86358357508801,81.8380572900072,0.0,0.0,20.87663404437532,-109.4121238857515,22.303687595621964,-631.9004239947501,20.81402250804313,-411.4623951663,20.282229084845605,123.27247344752516,16.569505332528555,38.1431766880648,20.88252420945866,-262.07247950749777,18.182277947889774,173.5641232474568,16.52000580918698,56.13867611677779,17.21634149238568,80.16241188574304,871.8355538086657,569.8620001941135,0.0,0.0,0.0,0.0,0.0,0.0,0.0,0.0,0.0,0.0,0.0,0.0,0.0,0.0,0.0,0.0,0.0,0.0,0.0,0.0,0.0,0.0,1.1409773272458113,0.3482836774254613,281.7890871883487,327.13224690279835,6390.907430883484,0.18710845534779234,0.02855745655491336,164.42267869487129,190.54437191321316,3796.5132066939247,1.2628868710055022,0.23864075415825826,293.65055064617959,340.95296881984668,6693.355150741005,0.2812481561254183,0.05314591007660965,187.45041374317069,217.81019701375366,4078.3362763913248,0.0,0.0,11.477357392688024,13.521121317239704,161.97529153010903,0.0,0.0,80.03079072730206,93.1285040988337,1678.4527213812262,0.0,0.0,317.76413774649327,371.85172508134266,5693.175425207701,0.0,0.0,37.905878267183059,44.67581151371856,526.6764293241591,0.0,0.0,167.67322825876208,197.19600427897314,2534.443031726004,49.70114817397194,34.088578994493797,319.72565788349319,373.3952024276395,7143.649108522389,0.0,0.0,201.72226384985837,237.15257613063916,3097.660739056265,0.0,21.209976026988163,31.646019679261337,21.0,30.0,0.0,21.503128783687275,30.903440977061569,16.0,30.0,83.48001058840701,21.226159539274414,31.496207214270908,21.0,30.0,0.0,20.746184289021504,32.58185772213544,16.0,30.0,0.0,16.76704186791582,43.44643683094449,12.0,30.0,0.0,20.35306697912001,34.27774075740231,16.0,30.0,0.0,18.743890825595309,37.6925060437768,10.0,30.0,0.0,16.654373617321576,43.40811205328036,16.0,30.0,0.0,17.286236237509259,41.550691272313809,12.0,30.0,0.0,19.359688996309136,0.0,0.0,0.0,17.39599423938301,0.0,0.0,467.7258277842251,464.7828282618486,465.6571635932119,467.94392567122346,491.48117630616539,483.268187282472,480.2852276150511,485.8902549108752,483.64295413441178,1721.590033859676,83.93803155244318,83.93803155244318,60.0,0.0,60.0,60.0,16.0,16.0,16.0,12.0,16.0,12.0,21.0,10.0,1.0,0.0,0.0,0.0,83.48001058840701,0.0,0.0,0.0,0.0,0.0,0.0,0.0,0.0,83.93803155244318,83.93803155244318,0.085,0.15366293331890847,0.09007034350491489,83.93803155244318,0.08856619548597188,0.0,0.00107 
 02/25  14:00:00,9.76,59.0,8.75,109.0,553.0,0.0,0.0,0.0,0.0,0.0,0.0,0.0,0.0,0.0,0.0,760.0,0.0,2055.2289675352087,58.35881741103757,149.54360795601995,61.625312935777028,1640.259302359782,0.0,58.35881741103754,79.78092786027368,0.0,0.0,20.65320969853612,239.66462488954813,22.321804599358559,-420.38112953466,21.175343209270289,-2120.354587318165,20.37293139743461,492.160518430499,16.615995876996654,35.54878388373348,21.003645859884235,-302.483001463185,18.16310287974894,176.9260098016316,16.525737148810948,50.994015258431208,17.248199656824644,57.27550999378809,1099.5325998423969,510.21641136112796,0.0,0.0,0.0,0.0,0.0,0.0,0.0,0.0,0.0,0.0,0.0,0.0,0.0,0.0,0.0,0.0,0.0,0.0,0.0,0.0,0.0,0.0,1.2022025930609175,0.3669727085045536,320.09762690935687,371.50107579647246,7163.937962502749,0.22234755769944515,0.03393582992970774,119.28021705894312,138.27739363112318,2730.8977400195337,0.972687180559668,0.1838033221012223,490.7055566073076,568.8137977589206,11358.45095902677,0.27219320907664099,0.05143484676429343,311.50738974009308,361.88091145152739,6831.430073656046,0.0,0.0,11.487263704813542,13.531100757693553,161.33299257655907,0.0,0.0,84.54093716639703,98.35761179102836,1774.7064750710723,0.0,0.0,307.3723730634851,359.7610962391835,5430.02829237555,0.0,0.0,35.98844490572953,42.41519971059781,495.0523776750716,0.0,0.0,157.91792303521729,185.7025494858428,2372.3958993690109,50.42254763413503,34.583366004207849,542.4526642841263,632.404236260067,11769.352098733882,0.0,0.0,190.1150666648128,223.5240145139801,2881.7460495249149,0.0,21.149146344949999,31.31244685881523,21.0,30.0,0.0,21.456268803974429,30.597629011588276,16.0,30.0,2506.2673823351767,21.649082136602219,30.189020224389084,21.75,30.0,0.0,20.948077141463317,31.685753907499995,16.0,30.0,0.0,16.815153764445065,42.90047195252197,12.0,30.0,0.0,20.448636340100458,33.718236824815509,16.0,30.0,0.0,18.697813629114223,37.39553782320683,10.0,30.0,0.0,16.66620316738283,42.946500290381127,16.0,30.0,0.0,17.321462588036718,41.059646726162018,12.0,30.0,0.0,19.831852052687297,0.0,0.0,0.0,17.377796900182259,0.0,0.0,461.26818644998118,459.1946984700615,458.60214519396586,461.0950062632403,485.4624121665995,477.3334862888698,474.5064268129565,480.07401720438465,478.15961101996995,7947.951603408148,80.81383783983,84.31461667484143,60.0,0.0,60.0,60.0,16.0,16.0,16.0,12.0,16.0,12.0,21.0,10.0,1.0,0.0,0.0,0.0,2506.2673823351767,0.0,0.0,0.0,0.0,0.0,5297.977826164446,3178786.6956986675,4134489.673081366,80.81383783983,84.37407152124809,0.2615992608721482,0.5748675606595227,0.27021103051474468,84.37407152124809,0.2656985864579156,4134489.673081366,0.21606346300023109 
 02/25  14:10:00,9.743333333333333,58.66666666666667,8.581666666666667,105.33333333333334,556.0,0.0,0.0,0.0,0.0,0.0,0.0,0.0,0.0,0.0,0.0,573.0,0.0,2065.2805983592309,56.807929797470617,145.56948112944387,61.926696345506,1648.2812945541676,0.0,56.807929797470588,77.66074691236475,0.0,0.0,20.602703546466878,199.4816987333179,22.403054561632865,-621.4100008581532,21.229109218352855,-1504.569377154318,20.403633651432864,218.9214474910608,16.66121307347912,34.57888300050273,21.112505358768098,-313.7974719336381,18.182163528541815,174.8292740171716,16.52734666989292,52.97576175787708,17.269813694509354,57.052984833269579,968.1076160458688,502.0219898761367,0.0,0.0,0.0,0.0,0.0,0.0,0.0,0.0,0.0,0.0,0.0,0.0,0.0,0.0,0.0,0.0,0.0,0.0,0.0,0.0,0.0,0.0,1.1707040790315966,0.3573577774821724,318.36583621378977,369.4012026676892,7117.008701083105,0.19744933601967286,0.03013573504573762,178.76123026492258,207.21426990124889,4103.069931046259,1.0678072667910399,0.20177763922733187,414.2931513936277,479.84195062351719,9650.036737525857,0.2579463336727409,0.04874269343778172,240.8294434584809,279.57685427902006,5296.0112071233529,0.0,0.0,11.384956212592869,13.405519577676916,161.32304703700616,0.0,0.0,85.55675685446093,99.4840042260385,1813.3578270960607,0.0,0.0,307.7495757084955,360.09673911166689,5456.721458277798,0.0,0.0,36.44917589005051,42.94793477302672,503.1058603315893,0.0,0.0,158.0058160938063,185.74652056960444,2386.3738322295978,49.484333186633659,33.93987187011912,478.77380166585308,557.8348338426308,10520.714854554742,0.0,0.0,190.42481107669105,223.80367415338029,2908.528356360613,0.0,21.11124702259869,31.270007459126018,21.0,30.0,0.0,21.47923785946307,30.358906443298467,16.0,30.0,2146.825146192311,21.62486491649738,30.148184684966457,21.666666666666666,30.0,0.0,20.921983989012518,31.61429702952404,16.0,30.0,0.0,16.86198438282767,42.40910513225738,12.0,30.0,0.0,20.536974433153046,33.31962987510933,16.0,30.0,0.0,18.71355218298133,37.19137300336471,10.0,30.0,0.0,16.672583444419037,42.63505113148635,16.0,30.0,0.0,17.344919981189258,40.773158382409437,12.0,30.0,0.0,19.781843846551888,0.0,0.0,0.0,17.419891300903435,0.0,0.0,459.7905746674303,456.76357598249998,457.28351139761,459.5114028746607,480.38540638510428,473.91956614664198,472.2037594334113,476.27828660961407,475.1993952911895,8409.71191538748,82.44423637891834,82.44423637891834,60.0,0.0,60.0,60.0,16.0,16.0,16.0,12.0,16.0,12.0,21.0,10.0,1.0,0.0,0.0,0.0,2146.825146192311,0.0,0.0,0.0,0.0,0.0,0.0,0.0,0.0,82.44423637891834,82.44423637891834,0.34,0.7695568730513419,0.36028137401965956,82.44423637891834,0.3542647819438875,0.0,0.0010700000000000003 
 02/25  14:20:00,9.726666666666667,58.333333333333339,8.413333333333334,101.66666666666667,559.0,0.0,0.0,0.0,0.0,0.0,0.0,0.0,0.0,0.0,0.0,765.0,0.0,2071.8838544696375,55.2087341501999,141.47156312887194,62.124681388212817,1653.5511698770793,0.0,55.208734150199877,75.4745252199211,0.0,0.0,20.81040757603818,-11.80677741516456,22.423055434220666,-647.7910316336497,21.08147704290307,-691.205020240034,20.370272751549398,86.19252235330009,16.703717121381389,34.04775682320634,21.212324724964377,-328.4424094867219,18.202891567154823,180.35126400092487,16.530478490449924,56.1303423045444,17.292035589949454,61.51961030535722,887.4045502213025,492.65436168000476,0.0,0.0,0.0,0.0,0.0,0.0,0.0,0.0,0.0,0.0,0.0,0.0,0.0,0.0,0.0,0.0,0.0,0.0,0.0,0.0,0.0,0.0,1.1357504039036426,0.3466881574797444,251.535933310251,292.04394113540948,5695.331115295457,0.18518656238417845,0.028264127348012585,188.4720901676829,218.57886263247117,4313.339405662061,1.1292333368791259,0.21338498429310777,217.27982645411024,252.41280817731136,4944.380109576212,0.24564527761213207,0.04641823084129478,175.15057487957476,203.67743483697937,3825.886366694609,0.0,0.0,11.331198295499015,13.34639778527384,161.85999762890592,0.0,0.0,87.24868694447956,101.47020512332374,1864.7301520225049,0.0,0.0,307.9356842120658,360.44975954133465,5482.053824310062,0.0,0.0,36.79390284785596,43.371114756050079,509.6889551734772,0.0,0.0,157.25702656705949,184.93342273467659,2388.0520427148564,48.5132834107834,33.273856934693707,341.8198701176217,399.1197342363683,7614.368168438312,0.0,0.0,189.71919602989818,223.0424661949605,2918.7861427936716,493.866226412836,21.278780450656745,30.71947124496061,21.25,30.0,0.0,21.429041121812494,30.24282974898433,16.0,30.0,916.4376401272778,21.34190408275802,30.489521768876409,21.25,30.0,0.0,20.840138602115375,31.593844068191044,16.0,30.0,0.0,16.90400362436417,42.01685625329188,12.0,30.0,0.0,20.61370734665218,32.9708137635509,16.0,30.0,0.0,18.733624351318676,36.91736936244932,10.0,30.0,0.0,16.680909211772876,42.37455726059664,16.0,30.0,0.0,17.370490465932368,40.47557176278418,12.0,30.0,0.0,19.597300565397693,0.0,0.0,0.0,17.460129310598135,0.0,0.0,456.74196012242916,454.2460884921084,455.29505523655737,457.3190728733848,476.6489379240076,471.00056473087519,469.2065158601862,473.3436892456366,472.2606787126856,3843.3305375301126,83.32539210457998,83.32539210457998,60.0,0.0,60.0,60.0,16.0,16.0,16.0,12.0,16.0,12.0,21.0,10.0,1.0,0.0,493.866226412836,0.0,916.4376401272778,0.0,0.0,0.0,0.0,0.0,0.0,0.0,0.0,83.32539210457998,83.32539210457998,0.17,0.3461517345036137,0.18014068700982978,83.32539210457998,0.17713239097194376,0.0,0.0010799999999999999 
 02/25  14:30:00,9.71,58.0,8.245000000000001,98.0,562.0,0.0,0.0,0.0,0.0,0.0,0.0,0.0,0.0,0.0,0.0,576.0,0.0,2075.00579694558,53.55913216101828,137.24447719045336,62.218280412512488,1656.0426401935554,0.0,53.559132161018258,73.21939423654084,0.0,0.0,21.08335907359496,-886.3749429787163,22.558890858103135,-349.6467341366074,21.032873550046824,-342.849816326221,20.28519777241568,215.8308164486879,16.748854238709649,35.76005448985122,21.30938654712088,-335.25666697563249,18.285853965986495,222.67401874311134,16.536635901446784,60.404990450188709,17.317170099564455,68.40650981036346,859.239591111584,509.352832288194,0.0,0.0,0.0,0.0,0.0,0.0,0.0,0.0,0.0,0.0,0.0,0.0,0.0,0.0,0.0,0.0,0.0,0.0,0.0,0.0,0.0,0.0,1.1189396112667014,0.34155665789581848,269.3297603665905,311.86364108849866,6362.961392678013,0.19961133694357814,0.03046571076672437,145.04446112951036,168.05726066727667,3382.378531250024,1.1951594128382375,0.22584267060435329,239.57467878791958,278.03660065686275,5428.477667076278,0.2851416977274794,0.053881651120083,249.7401739213392,290.33813164767778,5389.210410246916,0.0,0.0,11.669167231043213,13.738898904931741,168.1635002259269,0.0,0.0,86.41215491575383,100.451104402322,1862.7123544593436,0.0,0.0,317.5611164553895,371.44997199138848,5745.076222876416,0.0,0.0,38.06779330516279,44.85877867256806,529.6201655494995,0.0,0.0,162.08396131169872,190.5324436168408,2476.8557879693905,47.745420332843568,32.747201874378308,306.3300345096576,357.71222781524667,6776.64223442385,0.0,0.0,195.31266740398028,229.4889711953125,3041.443060620112,1189.9828680198357,21.80300996994925,29.54657858731013,21.999999999999994,29.99999999999999,0.0,21.61956366241618,29.82504389251862,15.999999999999993,29.99999999999999,0.0,21.241760879169769,30.534582289265566,20.999999999999994,29.99999999999999,0.0,20.70823546423886,31.671295634374567,15.999999999999993,29.99999999999999,0.0,16.95130567439977,41.608983584175607,11.999999999999995,29.99999999999999,0.0,20.692866406619204,32.63789854567473,15.999999999999993,29.99999999999999,0.0,18.86547932092223,36.38753660745859,9.999999999999997,29.99999999999999,0.0,16.69381422375953,42.093774667578717,15.999999999999993,29.99999999999999,0.0,17.40163573012317,40.17409368106631,11.999999999999995,29.99999999999999,0.0,19.370557582791134,0.0,0.0,0.0,17.53804585873267,0.0,0.0,454.5701176264836,453.66722125211666,453.97231278615495,455.32867025512436,473.05873033642686,468.46467635854449,466.38942504009079,470.43286585530645,469.55925412004219,9514.324788813388,81.7138282031836,83.99613864454362,59.99999999999998,0.0,59.99999999999998,59.99999999999998,16.0,16.0,16.0,12.0,16.0,12.0,21.0,10.0,1.0,0.0,1189.9828680198357,0.0,0.0,0.0,0.0,0.0,0.0,0.0,3454.0620773458688,2072437.246407522,2682662.08430811,81.7138282031836,84.03489985258861,0.34180206924486225,0.7686769956214774,0.36028137401965945,84.03489985258861,0.35426478194388735,2682662.08430811,0.14058842838402173 
 02/25  14:40:00,9.693333333333334,57.66666666666667,8.076666666666668,94.83333333333334,525.5,0.0,0.0,0.0,0.0,0.0,0.0,0.0,0.0,0.0,0.0,576.0,0.0,1960.5982012424186,51.091511201638699,130.921161093224,58.787803098554977,1564.7349261848108,0.0,51.09151120163867,69.84596930299296,0.0,0.0,20.967282662195499,-410.6746569408713,22.5485004945347,-683.1538130791581,21.228211401105975,-1135.3881287061609,20.30441649886146,343.5013486028379,16.786274092685518,36.33778877944923,21.373644981059095,-318.53210539835649,18.317845476229758,173.3221253675948,16.550558426884778,69.8316886825125,17.356934129372257,94.92379780428203,1010.680401704719,532.4639944748407,0.0,0.0,0.0,0.0,0.0,0.0,0.0,0.0,0.0,0.0,0.0,0.0,0.0,0.0,0.0,0.0,0.0,0.0,0.0,0.0,0.0,0.0,1.1288668949162482,0.3445869642601491,433.00908663182318,501.8389324540668,10086.240433459825,0.15777001286248094,0.024079672292808466,244.3653686879262,283.4989493393844,5635.514096103328,1.1367089144571745,0.21479760288306416,371.89071173140266,430.5026901642908,8799.250302991932,0.2915087072619773,0.05508478973204409,282.7360362369874,328.544742299888,6148.817243478134,0.0,0.0,11.261462027395963,13.258483588060124,163.5461209056218,0.0,0.0,87.0551727421861,101.17560179253086,1894.9041322151252,0.0,0.0,317.4118368817211,371.32271291796936,5762.60883646281,0.0,0.0,38.308563209514989,45.14788605035038,536.3179923684768,0.0,0.0,166.44915089636039,195.66739325140873,2568.2078999961606,46.952265369614767,32.20319984198546,549.2780401391573,640.0823447047378,11973.410493915011,0.0,0.0,199.90838716764888,234.85205858189875,3161.8184898017827,657.8221826035569,21.60612849464042,29.801999186481067,21.333333333333344,30.00000000000001,0.0,21.529452676640305,29.774559679084768,16.000000000000008,30.00000000000001,1848.2098831982765,21.679144062154458,29.536828683222884,21.666666666666676,30.00000000000001,0.0,20.74723437021955,31.488222045323199,16.000000000000008,30.00000000000001,0.0,16.991389168494288,41.18756883215377,12.000000000000006,30.00000000000001,0.0,20.786167075921357,32.135823761963838,16.000000000000008,30.00000000000001,0.0,18.881543549434729,35.9950796530397,10.000000000000004,30.00000000000001,0.0,16.72165315309801,41.622584553682219,16.000000000000008,30.00000000000001,0.0,17.46147446254095,39.59378085290817,12.000000000000006,30.00000000000001,0.0,19.88242210032311,0.0,0.0,0.0,17.647135696368279,0.0,0.0,453.5484354371929,451.62965221410527,451.90130135970966,454.44757735604858,469.3481170146702,464.1401801017372,462.1911286902501,466.11436479852628,464.7443354960021,8410.303594252451,82.44383942440797,82.44383942440799,60.00000000000002,0.0,60.00000000000002,60.00000000000002,16.0,16.0,16.0,12.0,16.0,12.0,21.0,10.0,1.0,0.0,657.8221826035569,0.0,1848.2098831982765,0.0,0.0,0.0,0.0,0.0,0.0,0.0,0.0,82.44383942440797,82.44383942440797,0.3400000000000002,0.7711651998780172,0.3602813740196597,82.44383942440797,0.3542647819438876,0.0,0.0011000000000000003 
 02/25  14:50:00,9.676666666666668,57.33333333333333,7.908333333333333,91.66666666666667,489.0,0.0,0.0,0.0,0.0,0.0,0.0,0.0,0.0,0.0,0.0,768.0,0.0,1843.091100134824,48.65537762313802,124.67853408331722,55.264389397443739,1470.9535383742266,0.0,48.655377623138,66.5155900063146,0.0,0.0,20.919903606211095,-100.90024235381702,22.57144626805431,-629.6043925726552,20.873210663939316,-390.6124427252312,20.390496012407053,153.84028792553023,16.81536441550675,35.698955083213508,21.393526353867466,-340.8427163868871,18.34068494752986,197.50918973812987,16.559612390193004,68.46666468799919,17.386687193835586,81.56102952080414,750.0794744314778,504.89613191445076,0.0,0.0,0.0,0.0,0.0,0.0,0.0,0.0,0.0,0.0,0.0,0.0,0.0,0.0,0.0,0.0,0.0,0.0,0.0,0.0,0.0,0.0,1.1162279107324143,0.34072891047997996,192.23285283232154,223.10963610783745,4391.451940081617,0.18541430574973928,0.028298886713940677,158.46992648308976,183.67620512871458,3692.3975651644525,1.1581727073943607,0.21885349724005313,220.1197139348154,255.74563608100059,4997.456819196289,0.2705899911353121,0.05113189552821468,225.83335221003123,262.6603387367527,4961.672072822016,0.0,0.0,11.40456392046006,13.432280196766297,166.57906859244515,0.0,0.0,87.68027535220335,101.93560685166186,1916.7457179902606,0.0,0.0,315.0021291321769,368.625337018853,5745.550975556502,0.0,0.0,38.20126627182201,45.03677907512861,537.2750999821719,0.0,0.0,161.56342160123828,189.97970684561558,2508.9675444770975,46.04346533073134,31.579880199404216,241.54336843109557,282.48839920061729,5448.878706957111,0.0,0.0,194.56227450119205,228.67269266552666,3079.8870201292468,0.0,21.302660389834825,30.138349992263654,21.0,30.0,0.0,21.612905565050555,29.373721754058967,16.0,30.0,0.0,21.177524553049716,30.34303560627398,21.0,30.0,0.0,20.865218397070387,31.00022388787434,16.0,30.0,0.0,17.017639779637095,40.84062797209028,12.0,30.0,0.0,20.818403109575724,31.89117917086596,16.0,30.0,0.0,18.90896036947354,35.780712343382138,10.0,30.0,0.0,16.737501969945578,41.32055067519772,16.0,30.0,0.0,17.49571718559792,39.303628961605017,12.0,30.0,0.0,19.222277198914328,0.0,0.0,0.0,17.638093828554568,0.0,0.0,451.36189087616426,449.06531195112748,450.9671101625376,451.6892376933566,466.21397095924388,461.7805945169274,460.4439145861595,463.36124227014479,462.5091062329707,0.0,83.46421700729597,83.46421700729597,60.0,0.0,60.0,60.0,16.0,16.0,16.0,12.0,16.0,12.0,21.0,10.0,1.0,0.0,0.0,0.0,0.0,0.0,0.0,0.0,0.0,0.0,0.0,0.0,0.0,83.46421700729597,83.46421700729597,0.0,0.0,0.0,83.46421700729597,0.0,0.0,0.00113 
 02/25  15:00:00,9.66,57.0,7.74,88.5,452.5,0.0,0.0,0.0,0.0,0.0,0.0,0.0,0.0,0.0,0.0,386.0,0.0,1692.465864344177,43.64267715692094,111.8336046282991,50.74794663534808,1350.740942998263,0.0,43.64267715692092,59.662848432343157,0.0,0.0,21.050594677018546,-159.95368937506738,22.416733652088298,-632.1821915530004,21.264438738387889,-1291.457578023288,20.307867557499749,218.72565170617419,16.83566237679147,34.64908123774043,21.373992253873767,-340.9796895711538,18.34128416470234,175.67326688974664,16.564000347640464,66.97922433224437,17.405392962230914,73.37597629515995,800.5231841298091,500.6975184210505,0.0,0.0,0.0,0.0,0.0,0.0,0.0,0.0,0.0,0.0,0.0,0.0,0.0,0.0,0.0,0.0,0.0,0.0,0.0,0.0,0.0,0.0,1.099294138379289,0.3355598713001492,209.09120599788606,242.2359195785997,4908.24066112105,0.1878019846222218,0.028663306566273175,145.25306776342397,168.53975947019229,3328.6647526167387,1.1032287525431275,0.20847104167481635,279.1722491639619,322.98078261066436,6669.967309131711,0.26263804486735589,0.04962926017901659,237.52996964444717,275.92374658107669,5157.393407332591,0.0,0.0,11.2117883872144,13.192338368106663,164.53177112005575,0.0,0.0,88.06357721466532,102.2890065460813,1929.2104328443614,0.0,0.0,311.22010286516027,363.8947672121515,5677.156731010735,0.0,0.0,37.795944284638398,44.51841651586551,533.6490061282348,0.0,0.0,160.01255998380229,187.97331725979385,2497.592724851641,45.168707979045098,30.979909450648223,305.9989886444532,356.8396120879539,6793.379202871147,0.0,0.0,192.4612488665468,226.0042961519528,3052.63783782238,619.5494283804738,21.591536338152026,29.480837911252466,21.5,30.0,0.0,21.377433876758134,29.53108078453954,16.0,30.0,2014.8495729605828,21.748000824903089,29.029329440490355,21.5,30.0,0.0,20.71632825483033,31.22079736772629,16.0,30.0,0.0,17.034220515033029,40.54336748526738,12.0,30.0,0.0,20.823208744975476,31.745306216127589,16.0,30.0,0.0,18.89060393974768,35.68969153261028,10.0,30.0,0.0,16.747187065961464,41.10426313775548,16.0,30.0,0.0,17.518025528972456,39.10442863384946,12.0,30.0,0.0,19.38171884635929,0.0,0.0,0.0,17.635336483494343,0.0,0.0,449.9045267396565,446.3871239152835,448.20080497435068,451.17392975708676,463.44894094705799,460.0713482161891,459.02855995786447,461.42049479077857,460.99743270595357,8299.81418009418,82.51684635916408,82.51684635916408,60.0,0.0,60.0,60.0,16.0,16.0,16.0,12.0,16.0,12.0,21.0,10.0,1.0,0.0,619.5494283804738,0.0,2014.8495729605828,0.0,0.0,0.0,0.0,0.0,0.0,0.0,0.0,82.51684635916408,82.51684635916408,0.34,0.7714254324108538,0.36028137401965956,82.51684635916408,0.3542647819438875,0.0,0.0011599999999999998 
 02/25  15:10:00,9.561666666666668,57.666666666666667,7.625,85.33333333333333,416.0,0.0,0.0,0.0,0.0,0.0,0.0,0.0,0.0,0.0,0.0,579.0,0.0,1572.9942444492565,41.28129701032871,105.78254043075974,47.165629533638639,1255.391712617975,0.0,41.28129701032869,56.43466274449668,0.0,0.0,20.9586608031971,-133.793336167475,22.45014897651827,-575.5869018351978,20.744227037785426,-453.43240890520789,20.339985063931495,173.77969343036026,16.853096275924437,34.81677293168296,21.337841941778405,-333.5252551629792,18.37478957974512,183.04127840366469,16.565676130540717,67.18059536499345,17.418902702240268,70.04123819010934,768.5011841449666,507.8883835819979,0.0,0.0,0.0,0.0,0.0,0.0,0.0,0.0,0.0,0.0,0.0,0.0,0.0,0.0,0.0,0.0,0.0,0.0,0.0,0.0,0.0,0.0,1.1030373479973133,0.336702487178667,226.3380820487392,262.80400442803428,5180.437348234788,0.1846501900934587,0.028182263445277586,188.86268199731377,218.99976802233534,4415.134135905282,1.1601747584211147,0.21923181376060375,242.1701249356327,281.5862380473602,5457.868858525026,0.2687689493981613,0.05078778333298588,211.829542540689,246.43451324552064,4672.223863811615,0.0,0.0,11.233771838011272,13.228357261139232,167.2298817649809,0.0,0.0,87.39276515170927,101.59279277923597,1928.1256541140902,0.0,0.0,312.04405239543828,365.0895403283308,5774.324345599182,0.0,0.0,38.17645964285523,44.998906693552658,546.7115419185027,0.0,0.0,160.01958277292128,188.1136291968656,2532.1408096633338,44.68227204779377,30.646277124687097,270.9562304573021,316.79520108683018,6112.30829301084,0.0,0.0,192.62336358570483,226.3606048407055,3092.983625029916,0.0,21.20225572193226,30.05317152146892,21.0,30.0,0.0,21.523357015978378,29.277494461526368,16.0,30.0,28.45149952188129,21.008644644517383,30.364791096913529,21.0,30.0,0.0,20.776632856139849,30.830788325638659,16.0,30.0,0.0,17.04303054103511,40.33691946162254,12.0,30.0,0.0,20.804050710218815,31.649215014147126,16.0,30.0,0.0,18.927181755095626,35.43408787682544,10.0,30.0,0.0,16.75057105675461,40.93725900841794,16.0,30.0,0.0,17.528880640968216,38.90744487605338,16.0,30.0,0.0,19.18624595354507,0.0,0.0,0.0,17.63624525440069,0.0,0.0,448.73560042417707,446.61336415105759,448.29651485030368,448.5950536903732,461.547948589051,458.4858507701289,457.23407500556598,459.8991536776017,459.30852009395246,2213.3218520098814,83.84605036548605,83.84605036548605,60.0,0.0,60.0,60.0,16.0,16.0,16.0,16.0,16.0,12.0,21.0,10.0,1.0,0.0,0.0,0.0,28.45149952188129,0.0,0.0,0.0,0.0,0.0,0.0,0.0,0.0,83.84605036548605,83.84605036548605,0.11333333333333336,0.20495455264528668,0.12009379133988653,83.84605036548605,0.11808826064796252,0.0,0.0011900000000000004 
 02/25  15:20:00,9.463333333333335,58.33333333333334,7.510000000000001,82.16666666666667,379.5,0.0,0.0,0.0,0.0,0.0,0.0,0.0,0.0,0.0,0.0,776.0,0.0,1452.7369988452159,38.96649617750104,99.85083995305844,43.55975686103554,1159.4154939872329,0.0,38.96649617750102,53.27015450996557,0.0,0.0,20.7634951913833,185.9857492949568,22.349532070364576,-397.30445020036776,21.332745103411289,-1630.0148810174006,20.403739647930999,416.5801581830947,16.867121356802359,33.724991985287207,21.288295409807924,-331.9053593030309,18.362885666363515,171.50666954385043,16.56517589821069,63.7734613936106,17.428914010835727,59.87604688899637,855.187553621435,500.23531626088518,0.0,0.0,0.0,0.0,0.0,0.0,0.0,0.0,0.0,0.0,0.0,0.0,0.0,0.0,0.0,0.0,0.0,0.0,0.0,0.0,0.0,0.0,1.167643606179717,0.35642356720992587,249.86523200202354,290.29602743902907,5777.888616819494,0.21136341672951498,0.032259373737715969,107.16750570193716,124.45666228707356,2503.477630732088,0.9940710827167789,0.18784411993892279,382.6664135673273,443.7513509865283,9198.622923883677,0.26317772670902836,0.04973124087472191,265.31518541415076,308.4611338469298,5982.26839509776,0.0,0.0,11.098376184666492,13.073587901754064,167.4836615005538,0.0,0.0,87.14227561930372,101.35509236470652,1934.6850813376109,0.0,0.0,306.7258272231435,359.06033416878827,5713.617998459287,0.0,0.0,37.176540656726988,43.83929465798637,539.60871788842,0.0,0.0,157.3862599232867,185.09630898701676,2522.9304237913149,44.29841210060979,30.38299869726324,388.1355264800519,453.03780179572245,8765.53698857106,0.0,0.0,189.0364471346951,222.26696359415946,3061.030183993307,0.0,21.204857865525939,29.82034637299396,21.0,30.0,0.0,21.424039504687074,29.242121750057007,16.0,30.0,2038.0156595120816,21.72518275406873,28.89447993184899,21.5,30.0,0.0,20.923304724657585,30.409532429532875,16.0,30.0,0.0,17.04766746272133,40.12757668588633,12.0,30.0,0.0,20.775228854869054,31.536269243436064,16.0,30.0,0.0,18.889918638085349,35.318217668121537,10.0,30.0,0.0,16.74985756058339,40.73146978528751,16.0,30.0,0.0,17.534729242963289,38.68420172371031,16.0,30.0,0.0,19.556347019871656,0.0,0.0,0.0,17.605431450049584,0.0,0.0,446.3141086778459,444.35923910037,446.2193396002548,447.00853179404,459.61342417855379,456.54679988516377,455.2480111807886,458.0061913345353,457.334774055598,4899.39812183299,82.10287562225907,82.10287562225907,60.0,0.0,60.0,60.0,16.0,16.0,16.0,16.0,16.0,12.0,21.0,10.0,1.0,0.0,0.0,0.0,2038.0156595120816,0.0,0.0,0.0,0.0,0.0,0.0,0.0,0.0,82.10287562225907,82.10287562225907,0.17,0.38389450907713487,0.18014068700982978,82.10287562225907,0.17713239097194376,0.0,0.0012266666666666668 
 02/25  15:30:00,9.365,59.0,7.395,79.0,343.0,0.0,0.0,0.0,0.0,0.0,0.0,0.0,0.0,0.0,0.0,390.0,0.0,1332.3396386658706,36.70250226207401,94.04933693432574,39.9496840377394,1063.3274635659355,0.0,36.702502262074,50.175103183435087,0.0,0.0,21.031682025946539,-247.43217528806054,22.359408753582398,-517.0812836595574,20.979021890101384,-852.5247124337548,20.37172814601505,36.61623143021916,16.877951653167693,33.13290550128983,21.21700064796621,-319.21461650164886,18.37200289364808,165.59833628212437,16.561263374228319,63.541623337693639,17.432325724473797,54.763555664027538,909.2503934376255,507.01328706805136,0.0,0.0,0.0,0.0,0.0,0.0,0.0,0.0,0.0,0.0,0.0,0.0,0.0,0.0,0.0,0.0,0.0,0.0,0.0,0.0,0.0,0.0,1.1251126122491644,0.3434409683300258,286.6587673383933,332.2017541035311,6892.503252480319,0.1876940744207722,0.028646836755307119,159.15635702641266,184.4184773014201,3779.3997630812129,1.1656297510109564,0.2202626135697197,416.1304490531045,482.84133581639198,9734.127595980726,0.2481149200704053,0.04688490553106675,228.5374024104588,265.66035353515459,5147.270370430275,0.0,0.0,10.988764757201299,12.933163590200519,168.0397359231252,0.0,0.0,86.65825848722506,100.72142845653267,1932.205722895938,0.0,0.0,305.9973990267446,357.8891903890549,5759.930895766166,0.0,0.0,37.75146244496504,44.47694842374293,555.0259448447572,0.0,0.0,156.67183487590072,184.09094157957123,2541.5161798770079,43.78103572706615,30.028145217466503,440.9005642424678,514.2506867540129,9933.247374019218,0.0,0.0,188.71541351076378,221.70824758845283,3083.650588003714,700.9028916929467,21.614265912558865,29.031500997734996,21.5,30.0,0.0,21.510708189546528,29.108926083146085,16.0,30.0,1384.9689271453418,21.311082248839726,29.5593926571542,21.5,30.0,0.0,20.801008288453738,30.534840851636934,16.0,30.0,0.0,17.049147110989169,39.91025849433852,12.0,30.0,0.0,20.72109764971747,31.500711931858509,16.0,30.0,0.0,18.888865755982367,35.200216796017659,10.0,30.0,0.0,16.744118759239357,40.55389468700949,16.0,30.0,0.0,17.531348920919514,38.536428252629267,16.0,30.0,0.0,19.77764233264587,0.0,0.0,0.0,17.5791682418238,0.0,0.0,445.60298404399097,444.4623802736911,445.2589797464957,445.84212416525829,457.5931093396837,454.95890076791496,454.0433676325415,456.29337007925269,455.8813430934776,8338.866289055,82.49095364262277,82.49095364262277,60.0,0.0,60.0,60.0,16.0,16.0,16.0,16.0,16.0,12.0,21.0,10.0,1.0,0.0,700.9028916929467,0.0,1384.9689271453418,0.0,0.0,0.0,0.0,0.0,0.0,0.0,0.0,82.49095364262277,82.49095364262277,0.34,0.7726843159112948,0.36028137401965956,82.49095364262277,0.3542647819438875,0.0,0.0012633333333333336 
 02/25  15:40:00,9.266666666666668,59.66666666666667,7.279999999999999,73.33333333333334,308.83333333333339,0.0,0.0,0.0,0.0,0.0,0.0,0.0,0.0,0.0,0.0,586.0,0.0,1210.952961486818,33.70679270534814,86.37284821503386,36.309946255832659,966.4498614087872,0.0,33.70679270534812,46.07974110040774,0.0,0.0,20.887828855042657,-174.8066423690102,22.29377128028989,-456.459052340006,21.129470138311157,-738.1289809245009,20.28204226699502,248.47187061654817,16.886341300495866,33.21017004204965,21.141769101113348,-305.19463576543117,18.392207982708407,163.49532900134376,16.557780267843428,62.833160966172787,17.4345130824564,51.913172779187679,784.1997414550499,523.3223459249675,0.0,0.0,0.0,0.0,0.0,0.0,0.0,0.0,0.0,0.0,0.0,0.0,0.0,0.0,0.0,0.0,0.0,0.0,0.0,0.0,0.0,0.0,1.1213646579160513,0.34229690412577909,280.3773920407689,325.7529746131811,6529.92077327689,0.18969314843850083,0.028951945732371949,136.5803107751372,158.36610748752799,3256.5335102294577,1.1619992817859438,0.21957658385977797,279.88219953632156,324.95087016519747,6647.6068679961649,0.2767838465098791,0.052302314155305968,239.17899023786135,278.34494090037358,5366.966928909258,0.0,0.0,10.966684099124447,12.917137973557992,169.8195431114105,0.0,0.0,84.74310798553563,98.58385833308089,1898.0853532737877,0.0,0.0,307.4544355767317,359.8490396693196,5855.609360276894,0.0,0.0,37.9183831211284,44.709477634819339,564.5465791565609,0.0,0.0,158.59924742679207,186.49770667717153,2602.6005003870138,43.305269846797369,29.701831170642945,339.56335135613019,396.52956898553676,7801.590238318046,0.0,0.0,190.5954232870766,224.09773924968563,3145.6671034025387,0.0,21.102946245064055,29.845444413673684,21.000000000000015,30.00000000000002,0.0,21.497768179273764,29.06624604248415,16.000000000000015,30.00000000000002,1006.3948076449825,21.541968794713826,29.048798097310646,21.33333333333335,30.00000000000002,0.0,20.688225316319035,30.660879157713834,16.000000000000015,30.00000000000002,0.0,17.04836776295859,39.74829223143061,12.00000000000001,30.00000000000002,0.0,20.672970594796746,31.46792702428972,19.000000000000015,30.00000000000002,0.0,18.903644744386534,35.00294924543658,10.000000000000007,30.00000000000002,0.0,16.73975815754457,40.396922395018837,16.000000000000015,30.00000000000002,0.0,17.52811572380366,38.36885924572905,16.000000000000015,30.00000000000002,0.0,19.412250854631716,0.0,0.0,0.0,17.563378275760266,0.0,0.0,444.34250379905645,443.5162165269038,444.15427227034209,444.84921075341108,456.07649749366029,453.53629063854069,452.3789700737909,454.8173780297268,454.26901773379748,5746.561265391481,82.96252317800611,82.96252317800611,60.00000000000004,0.0,60.00000000000004,60.00000000000004,16.0,16.0,19.0,16.0,16.0,12.0,21.0,10.0,1.0,0.0,0.0,0.0,1006.3948076449825,0.0,0.0,0.0,0.0,0.0,0.0,0.0,0.0,82.96252317800611,82.96252317800611,0.22666666666666686,0.46109603014871478,0.24018758267977323,82.96252317800611,0.23617652129592518,0.0,0.0013000000000000002 
 02/25  15:50:00,9.168333333333333,60.333333333333339,7.165,67.66666666666667,274.6666666666667,0.0,0.0,0.0,0.0,0.0,0.0,0.0,0.0,0.0,0.0,786.0,0.0,1089.3579554609478,30.71807945463759,78.7142954231097,32.66396305604674,869.4060075163691,0.0,30.71807945463757,41.99394349812656,0.0,0.0,21.072456849394706,-425.0112778872576,22.163029491553759,-386.7832728352905,21.212391198358984,-1285.1538663861066,20.313620450962348,337.6911900017931,16.891645591924616,32.143250706143778,21.052917745333497,-302.5280267486361,18.377043129173459,179.09049680616864,16.551733512435324,58.528199838793117,17.433159494368036,38.048125041309507,890.9276558431373,517.3160551843967,0.0,0.0,0.0,0.0,0.0,0.0,0.0,0.0,0.0,0.0,0.0,0.0,0.0,0.0,0.0,0.0,0.0,0.0,0.0,0.0,0.0,0.0,1.137314397410444,0.34716556697510506,274.66844979572707,318.79299243369447,6647.447543397509,0.20885630118279042,0.03187672484474824,199.44779212368727,231.52178218597676,4767.462266549978,1.1053753150908885,0.20887666573901909,319.99897342091517,371.3765639248919,7765.446437491784,0.2784988692073584,0.052626392518397267,268.14845718287878,311.9416646073098,6105.223445238053,0.0,0.0,10.932911784778197,12.881767082349122,171.3326173617583,0.0,0.0,85.02224900526466,98.97021461142443,1910.6968073326646,0.0,0.0,303.75677248771248,355.69731959595347,5824.691583602561,0.0,0.0,37.36977897278669,44.08155298809025,563.0278900516536,0.0,0.0,155.49569750890147,182.93235577338494,2579.3819416348994,42.89596732157522,29.421102415346526,439.89474577934166,513.446083974812,10107.282161007173,0.0,0.0,186.78341817981247,219.75754053310755,3096.2119455610347,961.9817690306838,21.496478233647417,29.0381416603889,21.5,30.0,0.0,21.36457710511353,29.236722577435644,16.0,30.0,1519.2812731909303,21.557060545206878,28.854210357689945,21.5,30.0,0.0,20.74665849760422,30.438260661156219,16.0,30.0,0.0,17.043555856124138,39.58165763234587,12.0,30.0,0.0,20.61023646629411,31.43424239042745,19.0,30.0,0.0,18.869475221498534,34.90776159690511,10.0,30.0,0.0,16.73064727660053,40.22382456594488,16.0,30.0,0.0,17.519313204900095,38.19780425942709,16.0,30.0,0.0,19.70705214501198,0.0,0.0,0.0,17.499519306730613,0.0,0.0,442.7812896501936,442.5506381151884,441.8149381575744,443.3923007116287,454.4417516834112,451.77294057580607,450.6178850978898,453.0916438552963,452.48691012335078,6965.441941645295,81.55117938015305,81.55117938015305,60.0,0.0,60.0,60.0,16.0,16.0,19.0,16.0,16.0,12.0,21.0,10.0,1.0,0.0,961.9817690306838,0.0,1519.2812731909303,0.0,0.0,0.0,0.0,0.0,0.0,0.0,0.0,81.55117938015305,81.55117938015305,0.255,0.5411207991748568,0.27021103051474468,81.55117938015305,0.2656985864579156,0.0,0.0013166666666666668 
 02/25  16:00:00,9.07,61.0,7.05,62.0,240.5,0.0,0.0,0.0,0.0,0.0,0.0,0.0,0.0,0.0,0.0,788.0,0.0,969.1835416707288,27.78112563369483,71.18838214783122,29.0605768676611,773.4959266981814,0.0,27.78112563369482,37.97890496046639,0.0,0.0,20.93915715586224,-129.8869008689744,22.154342171466796,-515.5443024643503,20.8891267778344,-408.7536167184205,20.348406406831847,123.76462014913682,16.896691897366965,33.32339544767605,20.95760261974212,-264.41682664399868,18.418208123641855,134.74168293673757,16.546499214635625,61.96177632682685,17.431281489273965,46.730756237337349,800.371379804164,572.6561903712482,0.0,0.0,0.0,0.0,0.0,0.0,0.0,0.0,0.0,0.0,0.0,0.0,0.0,0.0,0.0,0.0,0.0,0.0,0.0,0.0,0.0,0.0,1.1400301794796784,0.3479945602807321,268.88246684737569,312.5572741303646,6422.592950181795,0.19288452091289477,0.02943902944336001,142.69032214146007,165.5610786452229,3454.8497842655835,1.2378560741335077,0.23391082277655105,293.99917686536267,341.7397983288623,7073.131211258146,0.27649159398571229,0.052247088810603217,193.30414428634558,224.8872602065905,4449.514865588057,0.0,0.0,10.793329722120785,12.719874010007512,171.1940400270831,0.0,0.0,80.06930667448663,93.23055737603366,1805.8040121834338,0.0,0.0,309.65894846585266,362.6190017356786,6022.807242002214,0.0,0.0,38.61329408319695,45.557053339557757,588.8976302070569,0.0,0.0,163.4112796746113,192.27838477548358,2741.0564323819855,42.489795509539167,29.142520925609867,322.89450132381196,377.38982235868408,7601.298134109924,0.0,0.0,196.02790827158675,230.65285615239714,3296.222335900145,0.0,21.20517772594771,29.491991026020317,21.0,30.0,0.0,21.460191852732643,28.95354303089078,16.0,30.0,56.36917140335557,21.24642848040277,29.353521322154689,21.0,30.0,0.0,20.774866605505225,30.273599785192535,16.0,30.0,0.0,17.04034190433999,39.34538518750186,12.0,30.0,0.0,20.54984280168209,31.311490751448618,19.0,30.0,0.0,18.91076080283389,34.54749590920584,10.0,30.0,0.0,16.724717128672589,39.913386258363519,16.0,30.0,0.0,17.514224327507394,37.86764625963619,16.0,30.0,0.0,19.454256300276783,0.0,0.0,0.0,17.520812268540106,0.0,0.0,441.8408661002402,440.7603619738575,440.9286225748734,441.76190678536195,452.18907802981087,448.98069170323438,447.74282590998475,450.16120388782,449.2250236528562,2123.3655249194619,82.58135086328615,82.58135086328616,60.0,0.0,60.0,60.0,16.0,16.0,19.0,16.0,16.0,12.0,21.0,10.0,1.0,0.0,0.0,0.0,56.36917140335557,0.0,0.0,0.0,0.0,0.0,0.0,0.0,0.0,82.58135086328615,82.58135086328615,0.085,0.15423112614612878,0.09007034350491489,82.58135086328615,0.08856619548597188,0.0,0.0013333333333333336 
 02/25  16:10:00,8.921666666666667,62.16666666666667,6.98,56.33333333333333,206.33333333333332,0.0,0.0,0.0,2.0,0.0,0.0,0.0,0.0,0.0,4.0,792.0,0.0,851.1184958547144,24.900182330423037,63.806002128985429,25.520440351444259,679.2693241340812,0.0,24.90018233042302,34.04043704688604,0.0,0.0,21.15480883494202,-627.046137272355,22.08671990248823,-116.68801997761909,21.37514250307532,-1505.5223427311244,20.481297661877865,520.8638098668721,16.89541787086035,28.02417319108544,21.017269843430097,-69.31468888078897,18.319774131110884,77.6871903682918,16.530730558235086,45.85509456266368,17.412583831821395,-0.07032369540866057,982.5640310467684,497.3469936259203,0.0,0.0,0.0,0.0,0.0,0.0,0.0,0.0,0.0,0.0,0.0,0.0,0.0,0.0,0.0,0.0,0.0,0.0,0.0,0.0,0.0,0.0,1.296859402551331,0.3958667284955223,227.92596440953867,264.4536680674372,5681.356411251126,0.25653325249581829,0.03915342681560108,173.86652880403768,201.7618786553045,4294.001350267956,0.9692864815153706,0.18316071079277608,338.2237418466261,392.14122481678387,8626.310121582463,0.29156578839525978,0.055095576038408877,339.8733588458577,395.22534656838288,8087.500004567401,0.0,0.0,10.494496075226842,12.369900735499878,169.27220698153963,0.0,0.0,15.053688582995216,17.51643241874021,349.73599988197858,0.0,0.0,227.00753504400579,266.0108183199185,4401.83507040431,0.0,0.0,36.09532589969309,42.59265986340694,559.2751491261519,0.0,0.0,146.37875655279724,172.25833971003028,2487.1142646818095,42.619313069486889,29.23135327125302,483.68516550080406,564.4523464708559,11441.137879530983,0.0,0.0,176.2740329718603,207.54190142880428,2952.050977801641,911.3980363755729,21.62247467170644,28.792779228716399,21.25,30.0,0.0,21.503428065174785,28.882018774571806,16.0,30.0,999.5819793082417,21.93927749790208,28.725283135958614,21.5,30.0,0.0,21.071984573982257,30.319122517123703,16.0,30.0,0.0,17.025813952448325,39.13411172356985,12.0,30.0,0.0,20.755213201056728,32.30804209357655,19.0,30.0,0.0,18.724734703541615,34.73377103010764,10.0,30.0,0.0,16.697283338560767,39.72805422906874,16.0,30.0,0.0,17.473787465405946,37.7382272597075,16.0,30.0,0.0,19.97192956802236,0.0,0.0,0.0,17.329163377242965,0.0,0.0,450.2475149804962,444.54680810081467,482.9550020591006,484.04232329493058,450.07582655986496,537.602355594003,447.98523093551656,448.6557629297037,448.1365892218548,4765.275837024861,81.0349001198812,82.75250553543316,1744.0,0.0,1744.0,1744.0,16.0,16.0,19.0,16.0,16.0,12.0,21.0,10.0,1.0,0.0,911.3980363755729,0.0,999.5819793082417,0.0,0.0,0.0,0.0,0.0,2599.425293209545,1559655.175925727,2023933.8764929737,81.0349001198812,82.78167617744789,0.1716475097736515,0.38579174886328546,0.18014068700982978,82.78167617744789,0.17713239097194376,2023933.8764929737,0.14448456157763463 
 02/25  16:20:00,8.773333333333334,63.333333333333339,6.91,50.666666666666667,172.16666666666667,0.0,0.0,0.0,2.0,0.0,0.0,0.0,0.0,0.0,4.0,198.0,0.0,670.2514629368841,21.119168196594118,54.11725121925566,20.09722077657309,534.9211681273813,0.0,21.119168196594108,28.871504069285508,0.0,0.0,20.680625650527845,98.38319073065577,21.901528026594457,-471.21346595544039,21.31246769733483,-997.5747718799248,20.55656411615455,306.88857671959888,16.8820499129068,26.10129914769567,21.14339504448664,-62.082056763105359,18.18444240828613,72.38996982048957,16.511347152591747,50.04839498931733,17.389187494893503,17.395652645264819,941.2484637366106,516.423220336711,0.0,0.0,0.0,0.0,0.0,0.0,0.0,0.0,0.0,0.0,0.0,0.0,0.0,0.0,0.0,0.0,0.0,0.0,0.0,0.0,0.0,0.0,1.361604377854818,0.41563015197033517,207.8379104187381,241.0388429490672,5012.97462641871,0.230333716003108,0.03515471855969292,184.10288790449236,213.31308348766712,4508.711068959607,0.9770754853204797,0.18463255580507938,275.4151162627136,318.531248692699,7009.425585119731,0.2562969803127844,0.04843102424655789,274.10840684961547,317.68980728438808,6648.748480678517,0.0,0.0,9.55511977455216,11.233158494738249,156.47581918685487,0.0,0.0,13.853103668605736,16.04440089235933,334.7303437829375,0.0,0.0,220.52027320525515,257.9513115525157,4236.886789952049,0.0,0.0,35.48337495054043,41.763866510248458,558.6250240421883,0.0,0.0,145.8735603290543,171.23878725971918,2513.0193717619724,42.436184800410639,29.105750891914029,405.3717455214672,471.7251723872763,9862.539520264734,0.0,0.0,175.68980865680738,206.37188054433674,2965.847753160869,16.194354343957273,21.000490242699084,29.946867831526555,21.0,30.0,0.0,21.265290798549289,29.593933261224966,16.0,30.0,0.0,21.74629117020687,29.45932629125247,21.0,30.0,0.0,21.14435930031053,30.30289145991419,16.0,30.0,0.0,16.99624846741174,39.02354947131335,12.0,30.0,0.0,21.0861088849611,33.929263282934368,19.0,30.0,0.0,18.473869125017776,35.239106393572239,10.0,30.0,0.0,16.668763044855074,39.61094749634037,16.0,30.0,0.0,17.438072413810298,37.7138999130614,16.0,30.0,0.0,19.981723200496785,0.0,0.0,0.0,17.244543160132364,0.0,0.0,453.0890126065468,464.94844397210786,504.36891157765839,491.6514683100631,451.93609246532818,676.603148448942,447.869957601577,448.7076837846181,449.3235427600592,4108.218571081064,85.28716942757672,85.28716942757672,1744.0,0.0,1744.0,1744.0,16.0,16.0,19.0,16.0,16.0,12.0,21.0,10.0,1.0,0.0,16.194354343957273,0.0,0.0,0.0,0.0,0.0,0.0,0.0,0.0,0.0,0.0,85.28716942757672,85.28716942757672,0.34,0.6206767345207483,0.36028137401965956,85.28716942757672,0.3542647819438875,0.0,0.040112 
 02/25  16:30:00,8.625,64.5,6.84,45.0,138.0,0.0,0.0,0.0,2.0,0.0,0.0,0.0,0.0,0.0,4.0,796.0,0.0,561.3722420880631,18.43762206289469,47.24583568672003,16.83251937994825,448.02570318743269,0.0,18.43762206289468,25.205627203757947,0.0,0.0,21.21736501223181,-936.4202361258701,21.883941678396928,36.71287285294352,21.341529706135647,-929.4418013820477,20.540131824854613,256.60935154831216,16.877806425789239,27.048989230295605,21.131583681292569,-90.33527725163472,18.2308742410882,170.4609848938819,16.49288944857701,35.24285403098747,17.363369155700409,-30.118049161569844,976.6618377664295,518.1501595524139,0.0,0.0,0.0,0.0,0.0,0.0,0.0,0.0,0.0,0.0,0.0,0.0,0.0,0.0,0.0,0.0,0.0,0.0,0.0,0.0,0.0,0.0,1.2944926276434952,0.39514426973244667,279.15250293344107,323.73554514938788,7222.811978577409,0.26747265925476229,0.04082305544181354,208.43422204656495,242.04862505045674,5236.165607267501,1.144855030797485,0.2163369294779829,259.5689168570429,301.07877722768139,6698.593672858929,0.28130840504822199,0.0531572949826572,265.52046493799937,308.6827729255084,6492.591650518333,0.0,0.0,10.933702336355886,12.891730616173195,181.94127999399559,0.0,0.0,15.967345247294496,18.54942340808189,391.86936494387398,0.0,0.0,224.8373391198773,263.63750140839707,4439.410627599602,0.0,0.0,36.123142591977387,42.6451702541672,577.1429040941091,0.0,0.0,142.06725702097237,167.27560917716728,2475.6942315302328,42.47446581235396,29.132006730009583,456.00407892806938,531.9290423697022,11236.701830460397,0.0,0.0,171.88867507868404,202.57580931477163,2911.0962115186987,1290.8492413929103,21.803438807328658,28.839733354682588,21.75,30.0,0.0,21.441580412063546,29.437116419302318,16.0,30.0,0.0,21.773142710546499,29.66887345013224,21.0,30.0,0.0,21.096632245806064,30.778115224388026,16.0,30.0,0.0,16.98317642196416,38.99337362870609,12.0,30.0,0.0,21.137124768696795,34.38017981503283,19.0,30.0,0.0,18.596214184151007,35.07962908765078,10.0,30.0,0.0,16.639954545595264,39.75854425293525,16.0,30.0,0.0,17.392240814669845,37.91034752489923,16.0,30.0,0.0,20.08976477609913,0.0,0.0,0.0,17.119624934338895,0.0,0.0,474.2648068526967,472.4196938076839,519.0214547213006,510.5216854179722,452.8474311255836,708.7346078151226,458.66970909667466,455.1314529865103,456.98895219759108,5722.755676907911,82.57096747398072,82.57096747398072,1744.0,0.0,1744.0,1744.0,16.0,16.0,19.0,16.0,16.0,12.0,21.0,10.0,1.0,0.0,1290.8492413929103,0.0,0.0,0.0,0.0,0.0,0.0,0.0,0.0,0.0,0.0,82.57096747398072,82.57096747398072,0.255,0.5762182738656121,0.27021103051474468,82.57096747398072,0.2656985864579156,0.0,0.040984 
 02/25  16:40:00,8.476666666666667,65.66666666666666,6.77,38.333333333333339,115.0,0.0,0.0,0.0,2.0,0.0,0.0,0.0,0.0,0.0,4.0,399.0,0.0,479.89590911732275,15.576876311381156,39.91524446453362,14.389481089091307,383.00020024918686,0.0,15.576876311381147,21.29477087470356,0.0,0.0,20.897930328198389,-312.85935175456509,21.864752415469288,-388.1369639665472,21.37878108761494,-974.0301436818327,20.53837881034748,303.30270870393636,16.87456713006073,26.744471186493287,21.11292566642574,-69.36833863392366,18.205809357462934,25.79869498557173,16.46750298808427,35.59305622087925,17.32370518347001,-24.900196227262769,965.8604062929371,585.7681054931254,0.0,0.0,0.0,0.0,0.0,0.0,0.0,0.0,0.0,0.0,0.0,0.0,0.0,0.0,0.0,0.0,0.0,0.0,0.0,0.0,0.0,0.0,1.4133891474920236,0.43143746870940888,307.1041200480762,356.26847208030235,7813.990591445459,0.2267690870747916,0.0346106665254566,256.0924281479381,297.02273870760589,6480.520811718703,1.0164499430915939,0.19207292953355899,276.20538711439976,320.0441005953536,7220.145693655593,0.2643022403597112,0.04994373400599228,276.03654799276287,320.6420918175084,6830.158499989026,0.0,0.0,9.855534245143702,11.61543859439717,166.70706541425523,0.0,0.0,15.244357783676933,17.688533482143368,379.88690614840558,0.0,0.0,226.15108371313307,265.0796075767418,4494.676190196518,0.0,0.0,35.73481249905929,42.16246559596226,579.0306019861923,0.0,0.0,151.85149122847379,178.6967187895618,2674.151464998735,42.25424845006616,28.98096601513455,506.20879363621358,590.0791136169125,12435.263839891306,0.0,0.0,182.20016084553215,214.56974070995219,3137.4319705812915,617.783577481621,21.28396513908845,29.884307226208596,21.5,30.0,0.0,21.477245204400754,29.570588652768309,16.0,30.0,0.0,21.80282713886986,29.73482338186949,21.0,30.0,0.0,21.093911227505644,30.937236778260535,19.0,30.0,0.0,16.970244631890794,39.02966694037278,12.0,30.0,0.0,21.18019438178262,35.05162922067642,19.0,30.0,0.0,18.50927781845209,35.380864676752377,10.0,30.0,0.0,16.601669086591749,39.935758255110318,16.0,30.0,0.0,17.331645180351516,38.13351171390343,16.0,30.0,0.0,20.02287010818862,0.0,0.0,0.0,17.11407917796559,0.0,0.0,478.33636933585435,482.4850975299215,524.5931648741403,518.3884227089391,458.6666972209417,752.981966625292,464.78152528467248,462.46936309442108,463.6846457491231,9181.143955501906,81.93422015132765,81.93422015132765,1744.0,0.0,1744.0,1744.0,16.0,19.0,19.0,16.0,16.0,12.0,21.0,10.0,1.0,0.0,617.783577481621,0.0,0.0,0.0,0.0,0.0,0.0,0.0,0.0,0.0,0.0,81.93422015132765,81.93422015132765,0.34,0.6954573123638395,0.36028137401965956,81.93422015132765,0.3542647819438875,0.0,0.041856 
 02/25  16:50:00,8.328333333333334,66.83333333333334,6.7,31.66666666666667,92.00000000000002,0.0,0.0,0.0,2.0,0.0,0.0,0.0,0.0,0.0,4.0,400.0,0.0,402.2953334610861,12.757834496643114,32.69152470353618,12.062656434070167,321.0679081402234,0.0,12.757834496643106,17.440926988994975,0.0,0.0,20.77178240618189,-260.9777842290332,21.694388528035366,-157.48060482514576,21.408934866398874,-952.4922054876479,20.550093206198473,296.39276919048828,16.87348779331706,27.288972799605973,21.068941220614563,-79.13652270785019,18.15212294806625,96.0955674088782,16.443238014467,31.38261966131438,17.28478880597278,-36.83938065957318,984.8591538066485,627.0146380873639,0.0,0.0,0.0,0.0,0.0,0.0,0.0,0.0,0.0,0.0,0.0,0.0,0.0,0.0,0.0,0.0,0.0,0.0,0.0,0.0,0.0,0.0,1.3723380740294749,0.4189066160041133,249.4928349438399,289.8524546598968,6292.351846319564,0.2497490433133549,0.03811798585368665,193.11876521416583,224.14162931251878,4920.374793024279,1.1318873239718513,0.21388649356988885,276.27079136705529,320.10818462413786,7320.7323166609789,0.2860871003618647,0.05406029863224955,280.63424057009646,325.99195262751598,7033.872825321036,0.0,0.0,10.295431724346934,12.135042067641585,177.02896302515416,0.0,0.0,15.415463150441031,17.888859512414898,388.5528230100307,0.0,0.0,237.30344039755085,278.2548056887012,4758.397064021508,0.0,0.0,36.67201989673634,43.28007712900697,602.5161707801738,0.0,0.0,158.3644322368616,186.4420478601511,2817.316547463912,42.27483502910255,28.995085753842639,444.8834078094793,518.7066567005218,11213.069901212775,0.0,0.0,189.59276516390066,223.35888314586715,3304.890957410361,259.4128809466022,21.1344150611996,30.43874570284115,21.0,30.0,0.0,21.341403670990404,30.079072669601847,16.0,30.0,0.0,21.830928531373809,29.955418101358366,21.0,30.0,0.0,21.107008760920814,31.21246830079137,19.0,30.0,0.0,16.961400644793643,39.16080518948806,12.0,30.0,0.0,21.175734253699699,35.547086027483988,19.0,30.0,0.0,18.445858617366896,35.78414345472429,10.0,30.0,0.0,16.565148421528425,40.23536146660521,16.0,30.0,0.0,17.27077916234832,38.50627258582884,16.0,30.0,0.0,20.044759953468529,0.0,0.0,0.0,17.068243524489824,0.0,0.0,493.79056708660189,495.42471310720216,537.7532327269041,532.7427043196435,467.33528630812318,781.8495558536656,479.9314962471111,474.66883207012787,477.2460017733957,8525.128044834291,82.36799645983614,82.36799645983614,1744.0,0.0,1744.0,1744.0,16.0,19.0,19.0,16.0,16.0,12.0,21.0,10.0,1.0,0.0,259.4128809466022,0.0,0.0,0.0,0.0,0.0,0.0,0.0,0.0,0.0,0.0,82.36799645983614,82.36799645983614,0.34,0.7699486320697943,0.36028137401965956,82.36799645983614,0.3542647819438875,0.0,0.04263111111111111 
 02/25  17:00:00,8.18,68.0,6.63,25.0,69.0,0.0,0.0,0.0,2.0,0.0,0.0,0.0,0.0,0.0,4.0,600.0,0.0,305.433312903192,9.985230983772495,25.586808205659176,9.158288625180989,243.76328280296446,0.0,9.985230983772489,13.650567782647592,0.0,0.0,21.320240740371248,-991.8190977598214,21.645543559710818,127.11743707189949,21.410319671490169,-967.3947732665549,20.554860100323447,271.80606601884838,16.869650412807184,26.22601065656289,20.988927716264869,-96.1318645662878,18.19147540700873,175.2925746075578,16.42546820741072,26.79296011396425,17.261449301452254,-48.14318030358727,1002.7884741088664,600.5269701188382,0.0,0.0,0.0,0.0,0.0,0.0,0.0,0.0,0.0,0.0,0.0,0.0,0.0,0.0,0.0,0.0,0.0,0.0,0.0,0.0,0.0,0.0,1.341621477850369,0.40953036564419117,296.59997481013,343.9487577117029,7919.727090796614,0.2872417704500286,0.043840319055254709,227.59735017862517,264.2672444984498,5913.326960570046,1.215518540214648,0.2296898224139549,266.8294494655188,309.4885716515451,7136.540734957287,0.2973545271320596,0.056189442012860888,273.16975349048996,317.577278016874,6928.481689118866,0.0,0.0,11.12879743687457,13.123861241018553,194.38257885174662,0.0,0.0,16.748351800637218,19.45300205034934,425.3934261383066,0.0,0.0,233.1422229597157,273.4366354293626,4784.319094422283,0.0,0.0,36.300684615258749,42.870202313834337,605.5305375717408,0.0,0.0,148.99201922972805,175.52761386848597,2686.3317008421774,42.26214902178413,28.98638478860369,478.83791277164917,558.5165590964888,12209.64502352577,0.0,0.0,179.19715917604396,211.36214877388887,3115.4628257971419,1229.5479600390568,21.828379502599725,29.412098328192319,21.666666666666687,30.00000000000002,0.0,21.3996586299726,30.152551820891714,16.000000000000015,30.00000000000002,0.0,21.800211796174655,30.232802867110224,21.000000000000015,30.00000000000002,0.0,21.110216186434184,31.387442151017305,19.000000000000015,30.00000000000002,0.0,16.949146443514853,39.3061465294028,12.00000000000001,30.00000000000002,0.0,21.1246215269597,35.89552442877519,19.000000000000015,30.00000000000002,0.0,18.537221513417138,35.735766304253747,10.000000000000007,30.00000000000002,0.0,16.542333280228556,40.47255897611504,16.000000000000015,30.00000000000002,0.0,17.24275544352475,38.7571662771798,16.000000000000015,30.00000000000002,0.0,20.07393721276239,0.0,0.0,0.0,16.889143164065528,0.0,0.0,504.2790677262151,503.7387337157987,548.1694437745871,540.6643075590672,474.88165282932729,796.2691218430546,488.19997122205759,484.1792157426371,486.70824218789798,6857.83893396185,81.14593369689435,83.43056145957887,1744.0000000000014,0.0,1744.0000000000014,1744.0000000000014,16.0,19.0,19.0,16.0,16.0,12.0,21.0,10.0,1.0,0.0,1229.5479600390568,0.0,0.0,0.0,0.0,0.0,0.0,0.0,3457.565624261502,2074539.3745568996,2685677.035443856,81.14593369689435,83.46936202343292,0.22858552080871684,0.5123225040649448,0.24018758267977323,83.46936202343292,0.23617652129592518,2685677.035443856,0.1830614280653028 
 02/25  17:10:00,8.023333333333334,69.16666666666667,6.511666666666667,18.33333333333333,45.99999999999999,0.0,4.0,0.0,0.0,0.0,0.0,0.0,0.0,0.0,0.0,603.0,0.0,204.32490843591527,7.266334291504308,18.619720369042928,6.126596394639719,163.06967824252249,0.0,7.266334291504305,9.933629871833127,0.0,0.0,21.169031240349928,-1037.2488637714214,21.582273594533818,-219.75584132101992,21.032423139446338,-242.41108959068027,20.56431667857462,-71.12963624760339,16.868894580231659,30.517878117733689,20.66966064203733,-354.5669522723132,18.30646303915747,182.40432484430796,16.407135160087117,34.286897348466258,17.231016206942106,-27.390734427393306,896.5653786010669,728.2047193264992,0.0,0.0,0.0,0.0,0.0,0.0,0.0,0.0,0.0,0.0,0.0,0.0,0.0,0.0,0.0,0.0,0.0,0.0,0.0,0.0,0.0,0.0,1.3547980076809752,0.41355250539712309,408.54272963080668,474.03621446832786,10851.348391735868,0.255140035310531,0.038940786830056629,167.47566520094183,194.43129031190433,4363.464270448554,1.3396280472755909,0.2531421102183657,199.12082841211118,231.33148581040514,5180.682259964278,0.25317651190251247,0.04784136657265918,14.158977167516998,16.460338551543538,367.6365127797627,0.0,0.0,11.337734675143718,13.372051633446258,201.5006452087125,0.0,0.0,88.81768852552638,103.38901647072962,2205.4640957121039,0.0,0.0,326.7839438524526,383.06609715109689,6922.107976214391,0.0,0.0,38.48928342335576,45.464778540747179,652.5087543281705,0.0,0.0,171.79182272258209,202.45577432263137,3138.877300552573,41.69862576856616,28.59988049970245,343.34960340887889,400.84354111715859,8856.157289180526,0.0,0.0,204.82873329679735,241.55103260354759,3662.676993481582,1329.8315191260559,21.49353152143786,30.240778681707334,21.666666666666666,30.0,0.0,21.362054922115264,30.500606305552695,16.0,30.0,0.0,21.258291756013877,30.890847332317255,21.0,30.0,0.0,21.034735466915664,34.9275782767977,19.0,30.0,0.0,16.944966258473778,39.79932475652389,12.0,30.0,0.0,20.66704385854443,33.32966938919916,16.0,30.0,0.0,18.725816491745495,36.265426058566237,10.0,30.0,0.0,16.520195332774898,41.25033505544336,16.0,30.0,0.0,17.20449687977807,39.75660989623598,16.0,30.0,0.0,19.578307061678644,0.0,0.0,0.0,16.984001531371694,0.0,0.0,513.9516720644924,515.8553910026088,526.5285756496892,732.9542092977038,497.83071598149197,599.3139894141939,534.0156898702107,515.5543465337198,527.3020655431238,7653.195009722342,82.94434048968789,82.94434048968789,162.0,0.0,162.0,162.0,16.0,19.0,16.0,16.0,16.0,12.0,21.0,10.0,1.0,0.0,1329.8315191260559,0.0,0.0,0.0,0.0,0.0,0.0,0.0,0.0,0.0,0.0,82.94434048968789,82.94434048968789,0.34,0.767617574824254,0.36028137401965956,82.94434048968789,0.3542647819438875,0.0,0.004104 
 02/25  17:20:00,7.866666666666667,70.33333333333334,6.393333333333334,11.666666666666665,22.999999999999998,0.0,4.0,0.0,0.0,0.0,0.0,0.0,0.0,0.0,0.0,1005.0,0.0,93.04051181114191,4.428093715018788,11.346828693764154,2.789783589732313,74.25474019694312,0.0,4.428093715018786,6.053539823266343,0.0,0.0,21.26005912778701,-1424.9962298637348,21.49195184467714,17.641040967238224,20.832176781403605,78.5370507473852,20.54250107230132,-77.48248051164333,16.867323269505385,30.492398655587175,20.3140453318656,-254.1434372339233,18.36022058223301,104.39827611680376,16.39561395732845,34.119749680072349,17.216211772077167,-26.8981563835845,847.0772193026701,769.7742097866649,0.0,0.0,0.0,0.0,0.0,0.0,0.0,0.0,0.0,0.0,0.0,0.0,0.0,0.0,0.0,0.0,0.0,0.0,0.0,0.0,0.0,0.0,1.3846967952428174,0.42267911942698946,312.03704557098987,362.3460118075676,8451.943034661384,0.25739031789129687,0.03928423655239574,77.15567399297746,89.68518193026033,2048.389187607139,1.4369783007607127,0.27153784972802599,173.61947069397776,201.96469270306538,4533.897327203661,0.24521056972754913,0.04633608649424585,11.780810689717784,13.695204291695737,309.09913512434937,0.0,0.0,11.036006759622142,13.026140641097307,199.47801601312478,0.0,0.0,80.14190795518617,93.52765741611381,1952.693211586449,0.0,0.0,323.2642491412538,379.1206491173757,6983.709204464063,0.0,0.0,38.86895018996311,45.942053874591518,670.3145198499174,0.0,0.0,173.10615538984917,204.12520798180854,3212.566652295997,41.43395187483315,28.418348336648266,239.10154943054804,279.79184741106845,6356.893426935852,0.0,0.0,206.49282915033053,243.7056297889518,3737.6077266473605,1725.930253686882,21.664670526709604,29.89794213198831,22.0,30.0,0.0,21.379178332110575,30.540641153627705,16.0,30.0,0.0,21.08205216372595,31.273331446987304,21.0,30.0,0.0,20.974579232312043,38.7511015662639,19.0,30.0,0.0,16.939931666181793,40.17013551961276,12.000000000000002,30.0,0.0,20.24013926970954,33.132148074907728,16.0,30.0,0.0,18.78400051583921,36.128861892021578,10.0,30.0,0.0,16.50950737778478,41.722967855234838,16.0,30.0,0.0,17.19103222789072,40.02697785614238,16.0,30.0,0.0,19.30470434540022,0.0,0.0,0.0,16.938951656162279,0.0,0.0,507.9276883790802,517.8824956299529,526.4338228430908,944.9486351179455,514.0900296039441,539.9191187435861,532.1047543422518,534.1515826964289,537.110988052851,8508.323227998271,82.37904788235874,82.37904788235874,162.0,0.0,162.0,162.0,16.0,19.0,16.0,16.0,16.0,12.0,21.0,10.0,1.0,0.0,1725.930253686882,0.0,0.0,0.0,0.0,0.0,0.0,0.0,0.0,0.0,0.0,82.37904788235874,82.37904788235874,0.34,0.7684748413747613,0.36028137401965956,82.37904788235874,0.35426478194388757,0.0,0.004131 
 02/25  17:30:00,7.71,71.5,6.275,0.0,0.0,0.0,4.0,0.0,0.0,0.0,0.0,0.0,0.0,0.0,0.0,402.0,0.0,0.0,0.0,0.0,0.0,0.0,0.0,0.0,0.0,0.0,0.0,21.23387132980293,-954.4610277028723,21.35147148459278,-181.32713816563365,21.097311668114775,-89.86243870111366,20.5149168145083,-80.74328653298238,16.862215084552174,28.726742895398105,20.031549046332946,-191.26748624880725,18.30098695458615,95.6726369042126,16.379612095038334,31.44754072308615,17.195501353750296,-33.9769616489757,771.5486043063052,787.9965679559591,0.0,0.0,0.0,0.0,0.0,0.0,0.0,0.0,0.0,0.0,0.0,0.0,0.0,0.0,0.0,0.0,0.0,0.0,0.0,0.0,0.0,0.0,1.4049141860677015,0.42885048414765006,273.82189180229229,317.9932176178959,7444.296018538889,0.2555812773536338,0.03900813146422983,109.76460030477964,127.4913313623257,2915.5382772366717,1.4584091515235814,0.2755875191843503,168.93749884619087,196.17414595697788,4588.224476567719,0.22595453936297089,0.04269738083200507,14.365225811268246,16.67052048340869,378.2466770081575,0.0,0.0,10.587121494432495,12.483659875741133,194.47567918125476,0.0,0.0,74.2869895531162,86.69937815266718,1788.0757013153944,0.0,0.0,315.1186450337168,369.3339427036915,6838.023243891848,0.0,0.0,38.4684635355101,45.424327630112419,674.3297344775028,0.0,0.0,171.4427042034062,201.97129161795079,3228.250945850992,41.093667888542899,28.184957399549327,210.11459877834006,245.91795047978855,5713.7934386922529,0.0,0.0,204.4887585252948,241.17009092388543,3729.766281472119,1218.2735712895665,21.627975443736028,30.057760270120835,22.0,30.0,0.0,21.252369602525854,30.819171611610046,16.0,30.0,821.7653340042593,21.540815457095595,30.723537178888749,21.5,30.0,0.0,20.921666176381295,41.44972245231182,19.0,30.0,0.0,16.92774178318342,40.40353244153168,12.0,30.0,0.0,19.917886816579299,33.66983701658664,16.0,30.0,0.0,18.66730240070943,36.35138301261081,10.0,30.0,0.0,16.492107085606678,41.79837790949837,16.0,30.0,0.0,17.167261120435904,40.03579731154875,16.0,30.0,0.0,19.137889069811985,0.0,0.0,0.0,16.846550995017574,0.0,0.0,512.1018233677631,516.1158283972934,542.4972904503725,1093.4536578630896,522.7828977878776,531.9993142675505,529.0230738916816,534.4281898294332,533.8561331853192,9076.283434189241,82.0035353907189,82.0035353907189,162.0,0.0,162.0,162.0,16.0,19.0,16.0,16.0,16.0,12.0,21.0,10.0,1.0,0.0,1218.2735712895665,0.0,821.7653340042593,0.0,0.0,0.0,0.0,0.0,0.0,0.0,0.0,82.0035353907189,82.0035353907189,0.34,0.7705560951136934,0.36028137401965956,82.0035353907189,0.3542647819438875,0.0,0.004158 
 02/25  17:40:00,7.553333333333333,72.66666666666667,6.156666666666666,0.0,0.0,0.0,4.0,0.0,0.0,0.0,0.0,0.0,0.0,0.0,0.0,603.0,0.0,0.0,0.0,0.0,0.0,0.0,0.0,0.0,0.0,0.0,0.0,20.865991049177717,-383.03771963118137,21.211422858274575,-11.597714816388479,20.86037683136584,-430.35973091464066,20.506800593659344,-76.61827612677473,16.86095951454179,25.22594621571826,19.84926965961389,-172.85683305917002,18.24094765405266,82.32122277377258,16.357545024602446,21.001003401322597,17.16314639467624,-64.80044330754426,698.9646922805292,764.5679747303497,0.0,0.0,0.0,0.0,0.0,0.0,0.0,0.0,0.0,0.0,0.0,0.0,0.0,0.0,0.0,0.0,0.0,0.0,0.0,0.0,0.0,0.0,1.4657934496703918,0.4474338979457855,238.0650232185487,277.05531597535176,6347.421834299866,0.2861681835820381,0.0436764626956713,84.11571338841101,97.99203387957982,2250.022551617893,1.3175239113557745,0.24896521378604989,131.12261237981074,152.46382101757463,3523.623950623017,0.21592548256967748,0.04080224538353696,12.922885981941324,14.998813749498906,344.1764641132966,0.0,0.0,10.245067451245529,12.090122560333338,191.1662462186592,0.0,0.0,70.49677646820853,82.3922643340763,1692.9762814062738,0.0,0.0,302.6239267494388,355.10217136867296,6599.041569484454,0.0,0.0,36.84968138329539,43.552639893017829,655.2976934013502,0.0,0.0,164.36264224574874,193.8225394170006,3131.1403464486859,40.824527158525537,28.00036156277475,160.46523427535784,188.1439251764272,4509.265386177741,0.0,0.0,195.7760198204423,231.22142495265462,3566.935184887666,155.27889568325043,21.052278727222409,31.399015678400369,21.000000000000015,30.00000000000002,0.0,21.130526069239659,31.324992992636248,21.000000000000015,30.00000000000002,22.24843966027693,21.232266141360598,31.5894016469205,21.000000000000015,30.00000000000002,0.0,20.903136835809499,43.04524412515751,19.000000000000015,30.00000000000002,0.0,16.9163335887952,40.501050252169168,12.00000000000001,30.00000000000002,0.0,19.726202991937187,34.038646672830669,16.000000000000015,30.00000000000002,0.0,18.56022888073125,36.632813094987778,10.000000000000007,30.00000000000002,0.0,16.461450732293487,41.82332190676682,16.000000000000015,30.00000000000002,0.0,17.11934530008964,40.09142279358126,16.000000000000015,30.00000000000002,0.0,18.83171943588222,0.0,0.0,0.0,16.673717036103765,0.0,0.0,523.7524306707451,530.6711938397493,554.3366374352783,1183.177377971586,525.219651555804,529.1330550751532,529.5526597056369,531.0069982374414,529.7825924523959,3421.442348373607,81.18218256357889,81.18218256357889,162.0000000000001,0.0,162.0000000000001,162.0000000000001,21.0,19.0,16.0,16.0,16.0,12.0,21.0,10.0,1.0,0.0,155.27889568325043,0.0,22.24843966027693,0.0,0.0,0.0,0.0,0.0,0.0,0.0,0.0,81.18218256357889,81.18218256357889,0.11333333333333343,0.20644556466677439,0.12009379133988661,81.18218256357889,0.11808826064796259,0.0,0.0041849999999999999 
 02/25  17:50:00,7.396666666666667,73.83333333333333,6.038333333333333,0.0,0.0,0.0,4.0,0.0,0.0,0.0,0.0,0.0,0.0,0.0,0.0,808.0,0.0,0.0,0.0,0.0,0.0,0.0,0.0,0.0,0.0,0.0,0.0,21.188610393151323,-1062.5251304999757,21.228091719810757,190.1686027373047,21.236767074168904,-684.9216830232891,20.499005489792073,-73.16747213226178,16.860760202255997,25.00774143322016,19.691026034506579,-150.9233991120468,18.235801431066368,138.97427069800643,16.326115571290289,11.808707725522538,17.11274400490447,-92.376022926735,886.4083514155766,797.6445570248905,0.0,0.0,0.0,0.0,0.0,0.0,0.0,0.0,0.0,0.0,0.0,0.0,0.0,0.0,0.0,0.0,0.0,0.0,0.0,0.0,0.0,0.0,1.4793325107928955,0.4515667004862318,342.1221869524036,397.17541178377919,9603.829652484972,0.323451477167726,0.04936683106955525,226.60130919259036,263.4256703058634,6152.201995898998,1.324992225713397,0.2503764598853737,131.18495795988606,152.31551263772429,3752.518638108522,0.2625896328775572,0.04962011203279612,16.64965327094847,19.364492752986878,447.72094900671029,0.0,0.0,10.487839019289329,12.381621124581944,198.80441865583908,0.0,0.0,67.65926519421879,79.16045739301643,1624.7545434443774,0.0,0.0,306.2886946247177,359.5158910896785,6785.800202402703,0.0,0.0,37.17352869292621,43.96013319552173,669.4020000577812,0.0,0.0,167.07765809967845,197.14917111943175,3210.343889813424,40.852705306209788,28.019688138689845,269.11488779499617,314.72642159630518,7371.3033197180379,0.0,0.0,198.54204557436916,234.6643750728852,3636.9048524339016,1313.2945774269497,21.711392205032149,30.57366893101068,21.75,30.0,0.0,21.191963381593575,31.52565284482423,21.0,30.0,1294.3501075345815,21.830236397651235,30.31487542367043,21.5,30.0,0.0,20.885554296863114,42.85698818559947,19.0,30.0,0.0,16.90754754603736,40.581931931883868,12.0,30.0,0.0,19.560691201363455,34.429545613944359,16.0,30.0,0.0,18.579357142476686,36.67949353629608,10.0,30.0,0.0,16.415616292925735,41.93474178069083,16.0,30.0,0.0,17.04296327915931,40.305714178258238,16.0,30.0,0.0,19.33468157074803,0.0,0.0,0.0,16.56136043556614,0.0,0.0,543.4628563854525,543.6597842663618,539.4339424437079,1168.5052508147417,526.7698672752656,529.4681931315886,531.2298992060256,529.16587858799,529.0793653137657,8870.458352804812,82.1394584324272,83.93522388903019,162.0,0.0,162.0,162.0,21.0,19.0,16.0,16.0,16.0,12.0,21.0,10.0,1.0,0.0,1313.2945774269497,0.0,1294.3501075345815,0.0,0.0,0.0,0.0,0.0,2717.5893237386846,1630553.5942432108,2138883.13358599,82.1394584324272,83.96572194801549,0.34558631079128956,0.7668862135359228,0.36028137401965956,83.96572194801549,0.3542647819438875,2138883.13358599,0.11543392294647147 
 02/25  18:00:00,7.24,75.0,5.92,0.0,0.0,0.0,4.0,0.0,0.0,0.0,0.0,0.0,0.0,0.0,0.0,404.0,0.0,0.0,0.0,0.0,0.0,0.0,0.0,0.0,0.0,0.0,0.0,21.203861727990217,-1163.4544805432234,21.254690875628684,71.98207922301481,20.747228091222558,-150.40001007146794,20.49673929325391,-84.05342715619128,16.864245650356865,24.739900144135647,19.556767098730967,-122.99771891937326,18.235749685907668,85.0897681535962,16.29396045296655,12.766417309341819,17.061060008632738,-83.26364576820379,933.9590342846959,844.4206555858273,0.0,0.0,0.0,0.0,0.0,0.0,0.0,0.0,0.0,0.0,0.0,0.0,0.0,0.0,0.0,0.0,0.0,0.0,0.0,0.0,0.0,0.0,1.476310157529682,0.45064412623006169,348.5738226798415,404.7577009605781,9725.869769922834,0.2973194978663132,0.04537843374027979,165.927153816566,192.9198771029799,4594.012567580365,1.4590399553558,0.2757067186991309,185.34043344656178,215.45868307011058,5037.536422369738,0.24837436328656904,0.04693393108211809,16.245785888672594,18.856668175916,441.5209183571001,0.0,0.0,10.250302388200284,12.091506409466734,197.5219253887442,0.0,0.0,63.59395441686806,74.37353241762512,1530.8975470990498,0.0,0.0,308.30128070600139,361.5993630890772,6917.056018105824,0.0,0.0,37.852914512560847,44.73262498620493,690.3407530819302,0.0,0.0,172.4600111749745,203.3834006181226,3344.474522560802,40.510248159187998,27.78480669354459,279.5968062073665,326.8597782147176,7682.08097698812,0.0,0.0,204.7542845906668,241.83134947830798,3803.308581883962,1364.4931737585576,21.445649323054214,31.099232248681195,22.0,30.0,0.0,21.336963499589268,31.37263028966108,21.0,30.0,0.0,20.976697337332838,32.21112589030128,21.0,30.0,0.0,20.874157659179326,43.35756914458945,19.0,30.0,0.0,16.90607424027005,40.67041541152666,12.0,30.0,0.0,19.4252449118589,34.80053005526086,16.0,30.0,0.0,18.56220418996543,36.78394000285397,10.0,30.0,0.0,16.370171061907347,42.12645505062558,16.0,30.0,0.0,16.9701115555321,40.57083318167548,16.0,30.0,0.0,19.397232392964818,0.0,0.0,0.0,16.531151447095497,0.0,0.0,541.2416569359721,548.9419115824933,554.7746869783721,1195.5896385006313,528.8676558868929,531.5100030972301,532.6850593134273,530.2243535931044,530.6430128302022,9660.093274867777,81.61747942614365,84.99692290212815,162.0,0.0,162.0,162.0,21.0,19.0,16.0,16.0,16.0,12.0,21.0,10.0,1.0,0.0,1364.4931737585576,0.0,0.0,0.0,0.0,0.0,0.0,0.0,5114.535087775383,3068721.0526652296,3981530.68664752,81.61747942614365,85.05431707133278,0.3404845029258461,0.7661337819897078,0.36028137401965956,85.05431707133278,0.3542647819438875,3981530.68664752,0.21127859570567107 
 02/25  18:10:00,7.155000000000001,75.66666666666667,5.855,0.0,0.0,0.0,0.0,0.0,0.0,0.0,0.0,4.0,0.0,0.0,0.0,808.0,0.0,0.0,0.0,0.0,0.0,0.0,0.0,0.0,0.0,0.0,0.0,21.504044884599666,-792.1666648469513,21.317086793013418,-34.65130088740857,21.092567188310697,-1245.3208491429032,20.408668461867707,289.63290376999569,16.86858537731841,24.71687398528229,19.452394010931174,-114.03370033959539,18.214250081577654,107.95391946871723,16.268911021303233,8.776143288323567,17.022170920491033,-96.81550105396741,973.9335721853004,869.3460767085896,0.0,0.0,0.0,0.0,0.0,0.0,0.0,0.0,0.0,0.0,0.0,0.0,0.0,0.0,0.0,0.0,0.0,0.0,0.0,0.0,0.0,0.0,1.4073041959565669,0.42958003539577746,228.039483874685,264.6982698968232,6627.641843170668,0.29991974649079297,0.04577529708345436,15.458509415215332,17.949038720032048,442.70002689566209,1.4036067747851334,0.26523181685282196,435.87983776074898,506.0843441319005,12453.674746826331,0.3379753530610222,0.06386533504554462,339.5913659824102,395.3998069043706,9118.21162454802,0.0,0.0,10.476524809426117,12.37126388755521,203.66155636440625,0.0,0.0,60.32010791081995,70.64926039836344,1451.8415996975744,0.0,0.0,311.0106374041986,365.19460817749197,7013.0867113995359,0.0,0.0,37.913532282130599,44.85982287195057,695.53695379714,0.0,0.0,177.08956178587307,209.10661660653074,3447.0276807498928,40.64082139392352,27.8743630959695,417.7482633878503,488.62773281273379,11297.570783120113,0.0,0.0,209.19485610893853,247.4027651685915,3892.839012783666,1168.0268774990676,21.89327001425463,32.34167049966601,21.75,30.0,0.0,21.475187034781209,34.01535023665625,21.0,30.0,1581.3421394233868,21.699627352903194,34.41658816728953,21.5,30.0,0.0,20.796434334974337,35.36882294321773,16.0,30.0,0.0,16.906257410590425,40.79477819944407,12.0,30.0,0.0,19.334210005029438,35.22100503583843,16.0,30.0,0.0,18.53177917143462,37.557792357982709,10.0,30.0,0.0,16.338295294068766,42.30633017233809,16.0,30.0,0.0,16.92002470499401,40.84270533805239,16.0,30.0,0.0,19.64966666577106,0.0,0.0,0.0,16.45853039273549,0.0,0.0,671.268481878647,716.2962943523506,770.8454060923974,715.4202072065079,532.7768921972754,540.9652862488297,565.0324075590997,532.0191286781526,534.4196551268425,7959.468160108303,81.3938066527052,85.06095052137008,240.0,0.0,240.0,240.0,21.0,16.0,16.0,16.0,16.0,12.0,21.0,10.0,1.0,0.0,1168.0268774990676,0.0,1581.3421394233868,0.0,0.0,0.0,0.0,0.0,5549.473178703882,3329683.9072223298,4345533.674826463,81.3938066527052,85.12323079834218,0.26998243929012946,0.5744417619365327,0.27021103051474468,85.12323079834218,0.2656985864579156,4345533.674826463,0.23228775109097606 
 02/25  18:20:00,7.07,76.33333333333334,5.790000000000001,0.0,0.0,0.0,0.0,0.0,0.0,0.0,0.0,4.0,0.0,0.0,0.0,609.0,0.0,0.0,0.0,0.0,0.0,0.0,0.0,0.0,0.0,0.0,0.0,21.134344732738844,-275.07516405542585,21.403119894898759,-111.59870638291517,21.305206428680579,-1841.0306913657608,20.49050565166904,214.18663308119259,16.873532143642778,21.46067223402871,19.35373538284638,-101.24946630387972,18.15004787398056,18.223593637065876,16.242295079051624,9.70547880428201,16.98051350427668,-86.72158502452109,795.568464609137,871.6820325963281,0.0,0.0,0.0,0.0,0.0,0.0,0.0,0.0,0.0,0.0,0.0,0.0,0.0,0.0,0.0,0.0,0.0,0.0,0.0,0.0,0.0,0.0,1.523321562464823,0.4649943719367591,208.70627520531279,242.3427111916796,5949.035399519443,0.2255535441852608,0.03442514410641953,21.604123853906289,25.06023516758837,622.9672225073554,1.3564117812421502,0.2563136396905045,338.6983699943164,393.132892750132,9664.151879630419,0.319797258857222,0.06043032102366247,248.66685199926764,289.327109057935,6812.224307077588,0.0,0.0,9.68595697727972,11.43746414595971,189.98736619808794,0.0,0.0,58.34869422620646,68.33478088169108,1404.5437076103688,0.0,0.0,302.7097656607462,355.56168941287577,6800.56705926874,0.0,0.0,36.84191454616184,43.59177525799104,679.8520976157669,0.0,0.0,175.6781406701967,207.45084669735668,3432.337849552029,40.379098719011178,27.694855088485029,323.59042746289108,378.13450062214687,8962.430695438572,0.0,0.0,206.97822992748713,244.81134436006955,3855.9860341097657,461.0054151343431,21.36091888653053,33.262216613237537,21.333333333333326,29.99999999999999,0.0,21.638836305292583,36.962966880371748,20.999999999999994,29.99999999999999,2451.4961925012628,21.631932230082705,32.3750711305489,21.666666666666658,29.99999999999999,0.0,20.956836680943135,35.20149250665483,15.999999999999993,29.99999999999999,0.0,16.90736905624443,41.182848148077479,11.999999999999995,29.99999999999999,0.0,19.244955365639528,36.01630245344044,15.999999999999993,29.99999999999999,0.0,18.39500106206,38.21451750779531,9.999999999999997,29.99999999999999,0.0,16.304041236525295,42.982771772467888,15.999999999999993,29.99999999999999,0.0,16.86698146959115,41.71058280312833,15.999999999999993,29.99999999999999,0.0,19.079007170246319,0.0,0.0,0.0,16.37976986312009,0.0,0.0,657.58349775086,900.879016410335,630.0165747501246,723.7108265486015,548.2000207394619,569.6464908905864,579.3574653705871,554.7661432339041,564.8839492647205,10324.674946753978,81.17797568116609,85.80381453107037,239.99999999999992,0.0,239.99999999999992,239.99999999999992,21.0,16.0,16.0,16.0,16.0,12.0,21.0,10.0,1.0,0.0,461.0054151343431,0.0,2451.4961925012628,0.0,0.0,0.0,0.0,0.0,7000.677124755167,4200406.274853102,5474086.217152718,81.17797568116609,85.88237663147283,0.3466892374918389,0.7691480769778994,0.36028137401965945,85.88237663147283,0.35426478194388735,5474086.217152718,0.29097248329194139 
 02/25  18:30:00,6.985,77.0,5.725,0.0,0.0,0.0,0.0,0.0,0.0,0.0,0.0,4.0,0.0,0.0,0.0,609.0,0.0,0.0,0.0,0.0,0.0,0.0,0.0,0.0,0.0,0.0,0.0,21.109787510313156,-350.4762816941649,21.42452187848497,-108.66960163825095,21.355881742462313,-1451.1539310460267,20.513646859461699,323.21918168830708,16.875295600538068,19.88323119066586,19.262913353640039,-98.99999888865799,18.07472493944818,60.93728353213734,16.212330087876184,-0.18832515323182026,16.931698306594858,-120.18764934229023,1010.811863247825,892.9928788514856,0.0,0.0,0.0,0.0,0.0,0.0,0.0,0.0,0.0,0.0,0.0,0.0,0.0,0.0,0.0,0.0,0.0,0.0,0.0,0.0,0.0,0.0,1.5386344463416316,0.4696686344144173,296.43749166839316,344.74746344695179,8386.307500484758,0.1922696153598161,0.029345179389471317,23.745812675886069,27.547232939697886,689.4850284734134,1.417309097708452,0.26782106910590555,439.4118530015883,510.0770872552846,12688.959113943602,0.3335546734547074,0.0630299836460142,281.6768778081268,327.7643755579994,7775.56933077541,0.0,0.0,9.6630548192746,11.411272929009776,191.13748389814996,0.0,0.0,55.83612188486395,65.40400038428924,1344.812587631601,0.0,0.0,301.88016137671937,354.73852193989065,6772.571238956452,0.0,0.0,36.694462504251919,43.42754606855541,680.4740822663159,0.0,0.0,176.5311401073056,208.53322891443009,3455.43828437074,40.455717215002028,27.74740549725791,425.5021295538064,497.1427190009009,11764.200447359404,0.0,0.0,207.67070233892998,245.76197572486707,3857.6624006198978,511.5981758981078,21.390742105340896,33.11467622648304,21.333333333333326,29.99999999999999,0.0,21.692113058562368,38.29326818965706,20.999999999999994,29.99999999999999,1419.3807511511519,21.716136699615669,32.20427644303901,21.666666666666658,29.99999999999999,0.0,21.02332630737608,33.77338377393107,15.999999999999993,29.99999999999999,0.0,16.903778585820576,41.66507790282329,11.999999999999995,29.99999999999999,0.0,19.162881708913547,36.78682039532318,15.999999999999993,29.99999999999999,0.0,18.289608872641805,39.16996406113958,9.999999999999997,29.99999999999999,0.0,16.261722434496819,43.92564113325503,15.999999999999993,29.99999999999999,0.0,16.79605077311868,42.70478271505008,15.999999999999993,29.99999999999999,0.0,19.73479568081666,0.0,0.0,0.0,16.258492913242784,0.0,0.0,639.9817843410548,973.059625873469,624.1659653554496,638.1914672294236,566.8596000827168,596.3376525617143,609.4087085529949,587.1153008388675,597.0231730747687,7579.314887989364,82.99326739691057,82.99326739691057,239.99999999999992,0.0,239.99999999999992,239.99999999999992,21.0,16.0,16.0,16.0,16.0,12.0,21.0,10.0,1.0,0.0,511.5981758981078,0.0,1419.3807511511519,0.0,0.0,0.0,0.0,0.0,0.0,0.0,0.0,82.99326739691057,82.99326739691057,0.3399999999999999,0.7693813015981619,0.36028137401965945,82.99326739691057,0.35426478194388735,0.0,0.006320000000000001 
 02/25  18:40:00,6.9,77.66666666666667,5.66,0.0,0.0,0.0,0.0,0.0,0.0,0.0,0.0,4.0,0.0,0.0,0.0,1827.0,0.0,0.0,0.0,0.0,0.0,0.0,0.0,0.0,0.0,0.0,0.0,21.17190638087886,-185.63055882792157,21.445090518012095,-112.96067797864456,21.2142917329546,-1257.7293866744345,20.520035734900966,196.42586364119655,16.875214695660547,17.15568653043569,19.170303967269825,-103.47018820216029,18.056668965466188,59.15559846505682,17.23577335086572,-42.99191337589181,16.876642122539225,-164.5554034635114,984.4797872443129,859.5483595527076,0.0,0.0,0.0,0.0,0.0,0.0,0.0,0.0,0.0,0.0,0.0,0.0,0.0,0.0,0.0,0.0,0.0,0.0,0.0,0.0,0.0,0.0,1.5362200714777737,0.4689316457502372,229.81084830055574,267.6281211585928,6522.893886209156,0.16811695015172804,0.025658875175782724,26.128159856483479,30.337681544313896,764.3659333111609,1.4304039717611015,0.2702955351022497,387.7670303767293,450.94783287038208,11203.621270298494,0.31965554366406409,0.060403541886633518,219.8455498457751,256.07955381885417,6108.577220531203,0.0,0.0,9.465022758765413,11.188419821306097,188.71930047885759,0.0,0.0,57.82606535962098,67.83996067646369,1392.8472562432779,0.0,0.0,289.0584126953988,340.04789792576499,6522.6742789315089,0.0,0.0,21.528434445419067,25.397729889100334,459.7836641986567,0.0,0.0,181.02815630874265,214.07411119407858,3547.374287087926,40.272125571161357,27.62148530257987,369.4026046993736,432.38564240542129,10324.231725911182,0.0,0.0,194.43891936440986,230.469774914479,3576.016454520788,0.0,21.286841940090679,33.33545670362676,21.000000000000044,30.000000000000065,0.0,21.744130162170796,38.857446129834709,21.000000000000044,30.000000000000065,1532.4904165099804,21.539732003700679,32.456605770429259,21.44444444444449,30.000000000000065,0.0,21.026269117661628,33.51064622814391,16.000000000000033,30.000000000000065,0.0,16.89788597352119,42.081502814770519,12.000000000000029,30.000000000000065,0.0,19.07275367703698,37.348795625845728,19.000000000000044,30.000000000000065,0.0,18.270869689412394,39.44299116285329,10.000000000000022,30.000000000000065,1324.7368620505864,17.860542284345049,40.102674647842558,20.700000000000047,30.000000000000065,0.0,16.720801616936716,43.274089235449867,16.000000000000033,30.000000000000065,0.0,19.592489483128447,0.0,0.0,0.0,16.08060510376136,0.0,0.0,634.7333095432919,1004.4334681997959,611.7903756748431,614.6636475226651,581.6915282059929,609.853110528372,613.9547803102837,601.1354671516563,608.3758923080471,9819.56660143149,81.5119851919438,83.90514694081749,240.0000000000005,0.0,240.0000000000005,240.0000000000005,21.0,16.0,19.0,16.0,19.7,12.0,21.0,10.0,1.0,0.0,0.0,0.0,1532.4904165099804,0.0,0.0,0.0,1324.7368620505864,0.0,3621.6477515022127,2172988.650901321,2824974.324139259,81.5119851919438,83.94579077206514,0.34738825838340756,0.7688857239777585,0.36028137401966039,83.94579077206514,0.3542647819438883,2824974.324139259,0.15321866485524147 
 02/25  18:50:00,6.815,78.33333333333334,5.595,0.0,0.0,0.0,0.0,0.0,0.0,0.0,0.0,4.0,0.0,0.0,0.0,1015.0,0.0,0.0,0.0,0.0,0.0,0.0,0.0,0.0,0.0,0.0,0.0,21.312597786844046,-747.7801207875546,21.452207250295574,-117.86220095555925,21.225146291252046,-875.4801335290454,20.439673038567216,229.5570239946209,16.87489393930735,17.971507385815995,19.451031075067339,-188.68932745202256,18.042433868052698,106.13382302666907,18.501555588123006,-142.83653164368628,16.793743708454384,-162.06970436715896,916.7013923304166,955.6646682241146,0.0,0.0,0.0,0.0,0.0,0.0,0.0,0.0,0.0,0.0,0.0,0.0,0.0,0.0,0.0,0.0,0.0,0.0,0.0,0.0,0.0,0.0,1.460171146935085,0.445717688319623,202.5147653567079,235.37480869240665,5961.81440680213,0.17047854450368989,0.026019313874189544,24.17237399830817,28.070299148711269,713.047314623576,1.489991776988963,0.2815555134143922,315.69873688730027,367.0296750950395,9157.92302336418,0.3395052511860476,0.06415443144105207,232.25835092750357,270.44265269634,6446.784814851073,0.0,0.0,10.072414883484126,11.901248336327893,202.49977343642792,0.0,0.0,65.39040798704093,76.53886751440015,1646.6142324500502,0.0,0.0,301.15157465355159,354.1288150654509,6847.23733737942,0.0,0.0,30.42128235493498,35.52276306764697,799.5001805371458,0.0,0.0,200.76299099866965,237.44871059834507,3922.8177575060769,40.21374761232767,27.581445550293343,309.588160138117,362.52194818495146,8703.374036823285,0.0,0.0,204.78403942122055,242.60821713722437,3815.4677449399898,1228.8254165387826,21.743917152516489,32.47841921878578,21.800000000000006,30.0,0.0,21.77462038277882,39.062731546392,21.0,30.0,1284.7267040154137,21.502558805254276,32.725882311185689,21.400000000000003,30.0,0.0,20.89679503152061,34.04165944910503,16.0,30.0,0.0,16.89357999793218,42.4995671601436,12.000000000000002,30.0,795.5693774247873,19.499348888400424,36.62135185069038,19.6,30.0,0.0,18.26760178007554,39.650433027485508,10.0,30.0,1274.4908851871224,20.003729635059949,35.32108558638684,20.7,30.0,0.0,16.60108932413012,43.86687988993786,16.0,30.0,0.0,19.38729009125993,0.0,0.0,0.0,16.111262822242318,0.0,0.0,632.5659634782057,1010.499448157895,618.3870384130345,625.562613692329,595.326268693033,616.6565230207145,618.657196250583,610.3098368756544,614.8284338850767,9843.93870879046,81.49589585182423,82.93374468617944,240.0,0.0,240.0,240.0,21.0,16.0,19.0,16.0,19.7,12.0,21.0,10.0,1.0,0.0,1228.8254165387826,0.0,1284.7267040154137,0.0,795.5693774247873,0.0,1274.4908851871224,0.0,2175.940689823821,1305564.4138942923,1689759.232638232,81.49589585182423,82.95816413271735,0.34453135632746076,0.7696255707736949,0.36028137401965956,82.95816413271735,0.35426478194388757,1689759.232638232,0.09417414676385473 
 02/25  19:00:00,6.73,79.0,5.53,0.0,0.0,0.0,0.0,0.0,0.0,0.0,0.0,4.0,0.0,0.0,0.0,812.0,0.0,0.0,0.0,0.0,0.0,0.0,0.0,0.0,0.0,0.0,0.0,21.11740917557629,-443.4770335230929,21.442597398450304,-167.16010839183344,21.37336994995291,-1359.6427012490429,20.433736734160627,209.5501472529263,16.877304646869257,18.39970550079184,19.5566204024892,-212.33130141198843,18.04495307126019,14.050323313368608,18.78050574673292,-196.05246986602266,16.75160885890807,-107.51270961865703,851.4201416277169,1051.8795399795404,0.0,0.0,0.0,0.0,0.0,0.0,0.0,0.0,0.0,0.0,0.0,0.0,0.0,0.0,0.0,0.0,0.0,0.0,0.0,0.0,0.0,0.0,1.5136777309528913,0.46205058942395946,199.06765194493966,231.41504376551849,5795.619577989403,0.14269227667844476,0.02177843050647814,30.540415346623239,35.434754830008888,903.966076129821,1.4333218273198863,0.27084690614510339,303.94138995431327,352.96586399763387,8950.764787062584,0.32459443855806249,0.061336817565771428,233.86146628075287,272.46147300955536,6528.804518271811,0.0,0.0,10.063668613005959,11.89203820100009,204.09297122128613,0.0,0.0,75.7671043952245,88.66942546505621,1936.1051947799104,0.0,0.0,311.31283015948517,366.1294730842378,7119.0728606969319,0.0,0.0,42.50361730900489,49.627063563650469,1139.4122720025505,0.0,0.0,212.85929928441346,251.80014161928956,4179.687047906799,40.012515254231328,27.44342610029584,301.8140378709336,353.19681147865858,8567.210503526945,0.0,0.0,217.86305957519503,258.0001098929244,4150.022447649623,565.4034146540582,21.347128551504239,33.72508385530822,21.25,30.0,0.0,21.7719073228524,39.150318561165068,21.0,30.0,1821.8749261919919,21.598508311982898,32.56173288647379,21.5,30.0,0.0,20.89713593894777,34.25912011871013,16.0,30.0,0.0,16.895307005903275,42.818216034003039,12.0,30.0,0.0,19.669410832281007,36.5581019671443,19.0,30.0,0.0,18.24784399949359,39.886158556453867,10.0,30.0,481.7746637032982,20.342270964731936,34.84658192241378,20.2,30.0,0.0,16.560285739145717,44.130703621261329,16.0,30.0,0.0,19.19563018582648,0.0,0.0,0.0,16.240296211509415,0.0,0.0,654.0397139593512,1007.3793083695065,613.7609210259691,633.7214752366607,605.101817261551,628.776195225244,624.0604170042957,617.6040761607601,617.3025865755803,9370.237691101822,81.80913109902156,83.5521376619676,240.0,0.0,240.0,240.0,21.0,16.0,19.0,16.0,19.7,12.0,21.0,10.0,1.0,0.0,565.4034146540582,0.0,1821.8749261919919,0.0,0.0,0.0,481.7746637032982,0.0,2637.828464088941,1582697.0784533646,2051632.2552114349,81.80913109902156,83.58173969979112,0.3429276154696314,0.7678972066754967,0.36028137401965956,83.58173969979112,0.3542647819438875,2051632.2552114349,0.11297821060432795 
 02/25  19:10:00,6.671666666666668,79.50000000000002,5.511666666666667,0.0,0.0,0.0,0.0,1.0,2.0,0.0,0.0,4.0,0.0,0.0,0.0,812.0,0.0,0.0,0.0,0.0,0.0,0.0,0.0,0.0,0.0,0.0,0.0,21.08339416725972,-377.8916323937801,21.417336201910325,-152.54302471443186,21.44504903554835,-1570.5418759070115,20.401646652911106,219.6707978336534,16.877878701413644,16.555445253596603,19.406897577660489,-37.95007272623478,17.91744888304791,-25.247981720609006,18.807184026344204,-191.79134549399988,16.719834068615506,-150.54848062620114,948.3325849992783,995.642172822525,0.0,0.0,0.0,0.0,0.0,0.0,0.0,0.0,0.0,0.0,0.0,0.0,0.0,0.0,0.0,0.0,0.0,0.0,0.0,0.0,0.0,0.0,1.5157391459192014,0.4626798369716732,270.87518528308689,315.36686293141107,7817.288678273036,0.1483752104441313,0.022645789139824684,29.614816102584564,34.37408407489934,878.9922563746206,1.446501151352015,0.27333733018745567,392.40273628110097,456.26286081555619,11490.864407019693,0.3248892877107813,0.06139253358102442,211.00942873917763,245.7266587903687,5905.987881675308,0.0,0.0,9.437246381375632,11.153540541711195,192.49015443612988,0.0,0.0,13.354564452124706,15.636341515482235,339.4193580443555,0.0,0.0,242.05298386326667,284.93727815076007,5465.54111228707,0.0,0.0,40.124685029433688,46.84428768375424,1078.5583834513064,0.0,0.0,203.02348890014873,240.23171729013084,3996.3870889753145,40.081602542961437,27.490811071990018,385.01944685335686,450.58185550065635,10852.684923321565,0.0,0.0,207.5875414532357,246.0105133487723,3909.9803895599927,524.3405687855434,21.29166319940996,33.96131478167103,21.25,30.0,0.0,21.745344333799577,38.98614847238893,21.0,30.0,1764.8255234809258,21.670607575465924,32.49916678104045,21.5,30.0,0.0,20.850659396796524,34.59044778621101,16.0,30.0,0.0,16.894001802614086,43.174441541276667,12.0,30.0,0.0,19.530473356093667,38.82641259573441,19.0,30.0,0.0,18.029464256546786,40.83905184771183,10.0,30.0,1001.9316998108549,20.260726945924526,36.046421096641839,20.45,30.0,0.0,16.523038707946364,44.7433365610495,16.0,30.0,0.0,19.291351234340323,0.0,0.0,0.0,16.068877531251418,0.0,0.0,654.9976784784859,988.2103770260693,611.4413029046814,640.2302120476419,616.0368496600263,741.547138313541,635.4828618351721,673.7187996700692,632.7476310117507,8202.027272164263,82.58159098441675,82.58159098441675,270.0,0.0,270.0,270.0,21.0,16.0,19.0,16.0,19.7,12.0,21.0,10.0,1.0,0.0,524.3405687855434,0.0,1764.8255234809258,0.0,0.0,0.0,1001.9316998108549,0.0,0.0,0.0,0.0,82.58159098441675,82.58159098441675,0.34,0.7707513696196612,0.36028137401965956,82.58159098441675,0.3542647819438875,0.0,0.007065000000000001 
 02/25  19:20:00,6.613333333333333,80.0,5.493333333333334,0.0,0.0,0.0,0.0,1.0,2.0,0.0,0.0,4.0,0.0,0.0,0.0,609.0,0.0,0.0,0.0,0.0,0.0,0.0,0.0,0.0,0.0,0.0,0.0,21.39938644021924,-582.0529544871216,21.400234982525754,-129.34467812295825,21.453319153784066,-1582.3946258902648,20.43592933475528,280.7755284473217,16.875650038435098,15.108054124618353,19.396940393602585,-45.91598332372335,17.864621906024146,33.385575427302679,18.77754440311142,-182.24202765094456,16.67181746731339,-152.23481756992497,1009.767502077323,988.4010896815107,0.0,0.0,0.0,0.0,0.0,0.0,0.0,0.0,0.0,0.0,0.0,0.0,0.0,0.0,0.0,0.0,0.0,0.0,0.0,0.0,0.0,0.0,1.5032700071681667,0.4588736285617113,265.1299000586901,307.87666501668516,7914.756568848037,0.17151240371072258,0.02617710679345582,26.659938416617814,30.936876307538627,794.8813116300883,1.4437913511124532,0.27282527420870247,413.41660402024658,480.1540864138934,12299.439239275922,0.3354907249828894,0.06339582860598814,265.8015621474006,309.6054695574983,7497.107472409993,0.0,0.0,9.690618734167704,11.449746480390829,198.72706545913196,0.0,0.0,13.707266374773474,16.037999352335036,350.2340500715136,0.0,0.0,239.65164353667636,282.06929745236166,5411.520968762412,0.0,0.0,40.76529947162915,47.641080340480247,1080.1852216116927,0.0,0.0,199.01392201582895,235.4569607894593,3918.813757352237,40.21479021305269,27.582160639953835,405.8583955311634,474.69142715626159,11491.42309476843,0.0,0.0,203.46552931278218,241.1427824331987,3811.748042822696,958.1547646573065,21.815119135381218,32.88110301566762,21.333333333333326,29.99999999999999,0.0,21.730695282133426,39.29234906033058,20.999999999999994,29.99999999999999,1923.0650246531414,21.729257185535326,32.545061840819538,21.999999999999994,29.99999999999999,0.0,20.928377640587347,34.374452096897517,15.999999999999993,29.99999999999999,0.0,16.888713826524414,43.553500392973059,11.999999999999995,29.99999999999999,0.0,19.53736011754643,40.92805768731516,18.999999999999994,29.99999999999999,0.0,17.971060939309014,41.174933081675948,9.999999999999997,29.99999999999999,466.0252104235418,20.042712633888756,37.134628437142847,20.033333333333326,29.99999999999999,0.0,16.464560928373684,45.236630977223509,15.999999999999993,29.99999999999999,0.0,19.598617565113594,0.0,0.0,0.0,15.95415068611176,0.0,0.0,650.7854653888792,999.2263467507816,618.1822898046154,632.601462986091,627.8194072778636,866.773623248243,641.1902394578664,699.45704151572,644.0503945510441,9533.53892698502,81.70112596342529,84.04190439605455,269.9999999999999,0.0,269.9999999999999,269.9999999999999,21.0,16.0,19.0,16.0,19.7,12.0,21.0,10.0,1.0,0.0,958.1547646573065,0.0,1923.0650246531414,0.0,0.0,0.0,466.0252104235418,0.0,3542.4576223085334,2125474.573385121,2752963.819757251,81.70112596342529,84.0816585846917,0.34474858741028438,0.7681251518578607,0.36028137401965945,84.0816585846917,0.35426478194388735,2752963.819757251,0.15023411862737708 
 02/25  19:30:00,6.555,80.5,5.475,0.0,0.0,0.0,0.0,1.0,2.0,0.0,0.0,4.0,0.0,0.0,0.0,406.0,0.0,0.0,0.0,0.0,0.0,0.0,0.0,0.0,0.0,0.0,0.0,20.936028714054605,-403.1849091592494,21.396973742038335,-121.79866801426789,20.9754180655248,-539.0957724083951,20.436875973683756,173.47437157624655,16.87326833283845,15.085808919222956,19.371743017533704,-49.34445970245824,17.85935562068805,26.690121876647937,19.148005086045989,-258.9572019234729,16.617543278127024,-157.17187334101937,872.6747932526478,1055.9707689274906,0.0,0.0,0.0,0.0,0.0,0.0,0.0,0.0,0.0,0.0,0.0,0.0,0.0,0.0,0.0,0.0,0.0,0.0,0.0,0.0,0.0,0.0,1.4984516916149842,0.45740283626831026,130.67608720290699,152.17323658394307,3791.6433383868354,0.1759477947759459,0.02685405903173778,25.640309070947159,29.716344610771104,768.404540846693,1.4845740941962509,0.28053176383149117,233.06562268043838,271.30699624444636,6735.31625155644,0.3341558370012622,0.06314358219978499,238.4360700310705,277.7953253492245,6754.186807053782,0.0,0.0,9.83592211675247,11.615264844268026,202.81863673858238,0.0,0.0,14.014569521286724,16.386354056864229,359.3294120492349,0.0,0.0,245.11888017389925,288.3376501484964,5563.222999298532,0.0,0.0,44.822936442103657,52.215635584165088,1248.869485417195,0.0,0.0,204.94115288789124,242.3713181806688,4032.2511688422848,40.2144201689444,27.581906837410437,235.03558456806446,275.603723107947,6806.754851421663,0.0,0.0,209.84057994617036,248.52046814558549,3962.9723328553129,89.82429236010582,21.114157489730574,34.75770093427367,21.0,30.0,0.0,21.739758472650729,39.770665997610169,21.0,30.0,163.78440457352915,21.146239552908285,33.758155876694718,21.0,30.0,0.0,20.92626788030914,34.40636468295155,16.0,30.0,0.0,16.884382953562047,43.90496342245818,12.0,30.0,0.0,19.519330991435394,42.30787998773985,19.0,30.0,0.0,17.96845381513444,41.337749322253859,10.0,30.0,885.9238697351184,20.7025693176683,35.80502764891767,20.7,30.0,0.0,16.393481466345706,45.70812400876967,16.0,30.0,0.0,18.98923812938307,0.0,0.0,0.0,15.967756165335376,0.0,0.0,672.7497875534947,1025.1490785382846,618.5554323267433,631.4779677961024,638.9787144488602,944.9383309528116,646.1634659690983,705.8210142878136,652.6288908347665,6540.7071229306989,83.6795300366748,83.6795300366748,270.0,0.0,270.0,270.0,21.0,16.0,19.0,16.0,19.7,12.0,21.0,10.0,1.0,0.0,89.82429236010582,0.0,163.78440457352915,0.0,0.0,0.0,885.9238697351184,0.0,0.0,0.0,0.0,83.6795300366748,83.6795300366748,0.34,0.7684120249491844,0.36028137401965956,83.6795300366748,0.3542647819438875,0.0,0.007095000000000001 
 02/25  19:40:00,6.496666666666666,81.0,5.456666666666667,0.0,0.0,0.0,0.0,1.0,2.0,0.0,0.0,4.0,0.0,0.0,0.0,812.0,0.0,0.0,0.0,0.0,0.0,0.0,0.0,0.0,0.0,0.0,0.0,21.312185754679335,-605.7124809519712,21.38120655013772,-113.16866458694185,21.490772131465925,-1305.4788546036908,20.440964221349505,376.38248355123508,16.87088998516613,14.285573460330133,19.344636452719354,-58.74035072201248,17.83509808631954,82.39706051907204,18.860235243636639,-196.7611062185716,16.58142465727937,-142.90849018298793,929.8072477775445,1026.4220270257579,0.0,0.0,0.0,0.0,0.0,0.0,0.0,0.0,0.0,0.0,0.0,0.0,0.0,0.0,0.0,0.0,0.0,0.0,0.0,0.0,0.0,0.0,1.490059196865495,0.4548410246842172,188.75675231410757,219.3750521944498,5654.913000599436,0.20347121536981334,0.031054825300643068,21.730647129250248,25.252840743635507,654.6897756557539,1.4763099475148905,0.27897013369517978,312.41915155500149,363.1162367822237,9440.701484059242,0.3545545158413305,0.06699820783093925,287.1430028829908,334.6130135272533,8202.907073173017,0.0,0.0,10.21162560227635,12.070701103656795,211.6899551265619,0.0,0.0,14.813816464996395,17.339985313827648,380.9626313911283,0.0,0.0,247.94724558798903,291.9950141600641,5651.592443602725,0.0,0.0,42.512251748621867,49.72788275563904,1133.4845547340308,0.0,0.0,203.44973939286823,240.9341835382067,4013.0996487312916,40.43929144645763,27.736139538036804,313.11819832438598,366.8285483564481,9062.139779831768,0.0,0.0,207.93750043904493,246.64374581258537,3919.27886058956,886.8249217680334,21.72697113615908,33.19149502384491,21.750000000000008,30.00000000000001,0.0,21.72702821008012,40.07306776551307,21.000000000000008,30.00000000000001,1861.689209537512,21.86688826550496,32.430714458837048,21.500000000000008,30.00000000000001,0.0,20.98227250400347,34.26493071482497,16.000000000000008,30.00000000000001,0.0,16.881026417720038,44.216587357211597,12.000000000000004,30.00000000000001,0.0,19.499416056520905,43.16864935913482,19.000000000000008,30.00000000000001,0.0,17.9564239466101,41.77353407651941,10.000000000000004,30.00000000000001,376.8901323855272,19.995726890011107,37.63924923228997,19.950000000000008,30.00000000000001,0.0,16.358815299785989,46.20264383749194,16.000000000000008,30.00000000000001,0.0,19.311357148644828,0.0,0.0,0.0,15.890241211971203,0.0,0.0,651.4081238766273,1038.0887284629385,620.7797037210951,624.516147541784,649.4407579912916,989.9665188799378,660.9899387736683,713.6385859478122,666.2114951186145,9580.436658364964,81.67018112073976,81.67018112073976,270.0000000000001,0.0,270.0000000000001,270.0000000000001,21.0,16.0,19.0,16.0,19.7,12.0,21.0,10.0,1.0,0.0,886.8249217680334,0.0,1861.689209537512,0.0,0.0,0.0,376.8901323855272,0.0,0.0,0.0,0.0,81.67018112073976,81.67018112073976,0.34000000000000016,0.7695740482923684,0.36028137401965967,81.67018112073976,0.35426478194388769,0.0,0.007110000000000001 
 02/25  19:50:00,6.438333333333333,81.5,5.4383333333333339,0.0,0.0,0.0,0.0,1.0,2.0,0.0,0.0,4.0,0.0,0.0,0.0,406.0,0.0,0.0,0.0,0.0,0.0,0.0,0.0,0.0,0.0,0.0,0.0,21.297135995142804,-822.306240596668,21.376732012392269,-132.09208752618509,20.73118853729514,-319.3214869988615,20.347889074395249,-50.000881802080588,16.867119706634619,14.661786141290577,19.305181246571246,-47.775511568943247,17.83714221482414,-10.881101947695243,19.24951266225066,-270.8515729170243,16.541004847398747,-153.23740154025064,958.6007074837407,1101.5001555682753,0.0,0.0,0.0,0.0,0.0,0.0,0.0,0.0,0.0,0.0,0.0,0.0,0.0,0.0,0.0,0.0,0.0,0.0,0.0,0.0,0.0,0.0,1.4981618815713096,0.45731437166401397,190.1248331497962,220.55994661011787,5756.7560615747529,0.15524922357102723,0.023694936442464469,27.51494266037113,31.8911868264438,829.7192221338688,1.557752962960296,0.2943599703250749,368.66831697814566,429.4667027533171,10474.989274206077,0.3278090034367776,0.06194425612939862,253.69754787636036,295.742153617354,7194.000006422462,0.0,0.0,9.698944140926163,11.45573733140861,202.16143370982119,0.0,0.0,13.819181174398495,16.16090927805405,356.0563995528852,0.0,0.0,249.8302783706511,293.9696523940645,5716.1150326577849,0.0,0.0,45.09348777449396,52.537086000573768,1269.7105313806217,0.0,0.0,209.94170148358496,248.41070301253724,4146.8900790382299,40.31561409724668,27.65131282390034,359.77122464732056,421.11578547902186,10263.472330114539,0.0,0.0,214.94785445537043,254.68492464196968,4082.7875243659007,1182.7806933387499,21.600160883373915,33.57418309294323,21.5,30.0,0.0,21.7321540096875,40.53388619117568,21.0,30.0,117.08029365899884,20.803779496866164,34.750659034002897,21.0,30.0,0.0,20.769994557846986,34.768733082219409,16.0,30.0,0.0,16.876342936259428,44.54026815603507,12.0,30.0,0.0,19.459147604588897,43.85437706225035,19.0,30.0,0.0,17.940030017206966,41.97149584851417,10.0,30.0,923.8823582197617,20.736254400787005,36.14038813838836,20.7,30.0,0.0,16.309536448610257,46.5956928848353,16.0,30.0,0.0,19.428536452474405,0.0,0.0,0.0,15.900964575855724,0.0,0.0,654.697408769283,1061.7544154653397,627.2343287539565,623.9310885320298,659.0896957469372,1022.9822160324823,666.2207928928453,723.150320718647,673.7808086288834,10165.516177601005,81.28324246643565,84.74254367832526,270.0,0.0,270.0,270.0,21.0,16.0,19.0,16.0,19.7,12.0,21.0,10.0,1.0,0.0,1182.7806933387499,0.0,117.08029365899884,0.0,0.0,0.0,923.8823582197617,0.0,5235.272317638029,3141163.390582817,4068697.7029408069,81.28324246643565,84.80129409699504,0.344509077254601,0.7717215374265762,0.36028137401965956,84.80129409699504,0.3542647819438875,4068697.7029408069,0.21872728055292196 
 02/25  20:00:00,6.38,82.0,5.42,0.0,0.0,0.0,0.0,1.0,2.0,0.0,0.0,4.0,0.0,0.0,0.0,812.0,0.0,0.0,0.0,0.0,0.0,0.0,0.0,0.0,0.0,0.0,0.0,21.297138168454397,-727.0207335268769,21.358361200659034,-110.43511301020112,21.494548110072885,-1370.9635041156517,20.315912736190126,506.6915000472102,16.863797965533743,14.0349315168002,19.276006646016478,-57.17716772821811,17.80815085169039,71.89126251940934,18.930291470840858,-202.63774774592918,16.511586224494594,-141.73031968412057,973.5531228849559,1058.158975013018,0.0,0.0,0.0,0.0,0.0,0.0,0.0,0.0,0.0,0.0,0.0,0.0,0.0,0.0,0.0,0.0,0.0,0.0,0.0,0.0,0.0,0.0,1.4879031201521834,0.45418288160933559,277.3803906489125,322.8663940748386,8311.50809855517,0.1972261656864866,0.03010167363957366,23.097933448954746,26.848883674998178,700.342864867143,1.482453729042434,0.28013109014407308,398.0811177202096,462.823531840561,12163.666933873357,0.3682653525825347,0.06958906889314713,298.6639894793405,348.19803211448535,8541.996547994682,0.0,0.0,10.14404109459686,11.993950323832463,212.5570843306233,0.0,0.0,14.581076966305253,17.07244057007327,376.70465091031306,0.0,0.0,249.84638366676007,294.3627860149593,5732.508705347755,0.0,0.0,43.1981396896066,50.54136066410349,1161.6979828237693,0.0,0.0,206.03353704654257,244.11918670908399,4083.7574667131937,40.50263501379844,27.779585057474937,402.9963492945848,472.27808328535346,11547.662055467294,0.0,0.0,210.5503772175614,249.87072767225289,3989.4375046659208,667.6736880493558,21.606893195345714,33.502888797070699,21.75,30.0,0.0,21.714491170518234,40.28565556174476,21.0,30.0,1931.7193051142374,21.896838562521194,32.673880919126549,21.5,30.0,0.0,20.820086525631696,34.96377304943605,16.0,30.0,0.0,16.873127371040938,44.83553538140848,12.0,30.0,0.0,19.435840001051795,44.44372826344525,19.0,30.0,0.0,17.911247746818249,42.220073318110447,10.0,30.0,343.95503250040249,19.99378200218963,38.02633449924437,19.95,30.0,0.0,16.284435352165127,46.9425510283857,16.0,30.0,0.0,19.45558943383916,0.0,0.0,0.0,15.817425395384263,0.0,0.0,648.6600990276538,1041.8206341445705,633.3574184271085,638.2901530080621,669.4427762386479,1050.2620155518028,669.9807311824641,728.0861378745891,682.1609111594775,8794.697591692335,82.18972934989928,82.18972934989928,270.0,0.0,270.0,270.0,21.0,16.0,19.0,16.0,19.7,12.0,21.0,10.0,1.0,0.0,667.6736880493558,0.0,1931.7193051142374,0.0,0.0,0.0,343.95503250040249,0.0,0.0,0.0,0.0,82.18972934989928,82.18972934989928,0.34,0.7695601990919473,0.36028137401965956,82.18972934989928,0.3542647819438875,0.0,0.007200000000000001 
 02/25  20:10:00,6.359999999999999,82.33333333333334,5.41,0.0,0.0,0.0,0.0,0.0,2.0,0.0,0.0,4.0,0.0,0.0,0.0,1015.0,0.0,0.0,0.0,0.0,0.0,0.0,0.0,0.0,0.0,0.0,0.0,21.34819425272707,-751.9844730564823,21.351329195679037,-115.51549773317737,21.278989662612348,-975.1234545304212,20.397997852602765,277.816079491175,16.858909491693443,13.887576244375442,19.329023559721727,-59.48710485922672,17.82519601602395,25.603615894118414,18.524407025229679,-135.43087543671184,16.473432235836456,-165.0294923278814,956.9381337189151,1053.1448667404994,0.0,0.0,0.0,0.0,0.0,0.0,0.0,0.0,0.0,0.0,0.0,0.0,0.0,0.0,0.0,0.0,0.0,0.0,0.0,0.0,0.0,0.0,1.5062246652921907,0.4597755388559801,201.82280402573688,234.76632731886054,6132.040171701006,0.19003457871286984,0.02900405658010834,23.861003460489905,27.737915153268859,724.1446434736757,1.5297009656089249,0.2890591393818831,334.5631375672922,389.4290298005741,10013.278474200864,0.3549557747955609,0.06707403151843552,250.119742626963,291.6147799437448,7181.89022370179,0.0,0.0,9.947281048907359,11.765225769729313,208.74258625374899,0.0,0.0,13.975072113485617,16.3647513980404,363.57118863508989,0.0,0.0,253.66081492508915,298.91774648021717,5843.12095298533,0.0,0.0,36.16790713227222,42.42097143605169,932.3269620408362,0.0,0.0,207.5174675664929,245.98733885421107,4102.836488884648,40.47826877486403,27.76287295944036,329.0097341485048,385.69014356463688,9551.214645860764,0.0,0.0,211.4733365523349,251.13608183585348,3969.7514928278758,1223.741312187439,21.732014727195737,33.48346721704848,21.800000000000006,30.0,0.0,21.71458774995624,40.79904619499149,21.0,30.0,1249.7131516307773,21.519505653341285,33.6026829139856,21.400000000000003,30.0,0.0,20.911123700913799,35.05802864880994,16.0,30.0,0.0,16.867738950749265,45.088767977724199,12.000000000000002,30.0,0.0,19.50738256933802,44.46445415616849,19.0,30.0,0.0,17.938874294569023,42.374574287598878,10.0,30.0,0.0,19.350670255706349,39.10937068765003,12.000000000000002,30.0,0.0,16.237096082657929,47.321360844727248,16.0,30.0,0.0,19.382933244894426,0.0,0.0,0.0,15.706057578045728,0.0,0.0,657.6368364428162,1068.4039650009423,638.6737933291231,651.8638723575975,676.2103936962878,1061.76717265435,676.168787275655,698.3280040203047,687.8393766418972,10223.850833866923,81.2446352132151,84.10428127170309,570.0,0.0,570.0,570.0,21.0,16.0,19.0,16.0,12.0,12.0,21.0,10.0,1.0,0.0,1223.741312187439,0.0,1249.7131516307773,0.0,0.0,0.0,0.0,0.0,4327.601343757134,2596560.80625428,3362011.2666889207,81.2446352132151,84.15284755514964,0.34825337812523779,0.7679081034334685,0.36028137401965956,84.15284755514964,0.35426478194388757,3362011.2666889207,0.1901195858678239 
 02/25  20:20:00,6.34,82.66666666666667,5.4,0.0,0.0,0.0,0.0,0.0,2.0,0.0,0.0,4.0,0.0,0.0,0.0,814.0,0.0,0.0,0.0,0.0,0.0,0.0,0.0,0.0,0.0,0.0,0.0,21.171351167107284,-479.6812198457868,21.329267836947716,-161.23063425533446,21.402272908659698,-1383.9526657951633,20.38227889487783,216.0568580253405,16.85376590117682,14.11228561971518,19.40084968860792,-46.82275672771587,17.77967560564651,-42.67290106169003,18.00007699129621,-62.355840557704457,16.425220830488095,-179.49955262370987,879.6317634640766,1022.4792789811545,0.0,0.0,0.0,0.0,0.0,0.0,0.0,0.0,0.0,0.0,0.0,0.0,0.0,0.0,0.0,0.0,0.0,0.0,0.0,0.0,0.0,0.0,1.5750896346105408,0.4807965917614593,200.694783033357,233.51241623343098,6004.586845503307,0.1649914627237753,0.025181847180063389,29.859055396823636,34.68408067278277,903.6339669222056,1.4904332061991197,0.28163892785319735,305.6239644361941,355.2660839601751,9234.50544606947,0.33671752770961185,0.06362765073877774,239.36986543809463,279.1537213211452,6862.495391351467,0.0,0.0,9.426846522101238,11.149964905125819,198.12791989344454,0.0,0.0,14.171164182652463,16.58571558675557,372.39146524390807,0.0,0.0,249.8501245503914,294.50355318034647,5722.664989098519,0.0,0.0,26.87114074696246,31.61061116658715,648.998958506992,0.0,0.0,204.86060142706556,242.8653566773069,4034.398259008236,40.3310284973751,27.661885114797746,303.32500937223775,355.3491237077777,8855.404455904296,0.0,0.0,208.07806042852185,247.1908172411628,3861.89364962511,584.1389041098032,21.347495828538674,34.79604748968033,21.25,30.0,0.0,21.685322714040927,40.72683563354617,21.0,30.0,1797.2008655184393,21.589530015065827,33.54824819357445,21.5,30.0,0.0,20.87310351888594,35.36141397223085,16.0,30.0,0.0,16.862574441219107,45.37918440204143,12.0,30.0,0.0,19.624645451116117,44.5531019628827,19.0,30.0,0.0,17.84618977512295,42.85096000395595,10.0,30.0,0.0,18.48208125231513,41.08535242563427,12.0,30.0,0.0,16.17452206691478,47.61572885393559,16.0,30.0,0.0,19.15110114635722,0.0,0.0,0.0,15.574069805542046,0.0,0.0,683.6571661868082,1055.5930533148738,638.2668925925493,660.2818933432112,684.7827951476174,1079.8686176757797,682.8621070472111,684.0805207438075,687.6735387804008,7685.70139082533,81.65733312020456,83.68827233905658,570.0,0.0,570.0,570.0,21.0,16.0,19.0,16.0,12.0,12.0,21.0,10.0,1.0,0.0,584.1389041098032,0.0,1797.2008655184393,0.0,0.0,0.0,0.0,0.0,3073.026998248859,1843816.1989493154,2386240.1138417178,81.65733312020456,83.72276442924819,0.27243423327496199,0.539798911102161,0.27021103051474468,83.72276442924819,0.2656985864579156,2386240.1138417178,0.1394744859197693 
 02/25  20:30:00,6.32,83.0,5.390000000000001,0.0,0.0,0.0,0.0,0.0,2.0,0.0,0.0,4.0,0.0,0.0,0.0,816.0,0.0,0.0,0.0,0.0,0.0,0.0,0.0,0.0,0.0,0.0,0.0,21.32695577967348,-645.1320893364891,21.302237136496648,-107.4861881402027,21.410064667526677,-1076.1374916082382,20.393861845672157,241.68283941841293,16.84778424681135,13.018382822119805,19.453395890254286,-62.29712818620072,17.726632381158106,48.57078769898999,17.680272312247046,-30.46576432742758,16.363901889599739,-202.3782546410464,1036.48000046704,1008.2581072968874,0.0,0.0,0.0,0.0,0.0,0.0,0.0,0.0,0.0,0.0,0.0,0.0,0.0,0.0,0.0,0.0,0.0,0.0,0.0,0.0,0.0,0.0,1.5443124385845502,0.4714018432797773,318.26918680743099,370.5280517975788,9534.354899477348,0.1949787885445482,0.02975866736027903,25.315007260799616,29.42884621462298,767.379550580626,1.5291802963022892,0.2889607513798733,419.840276917036,488.56711727981959,12678.34667485089,0.3441039892358177,0.0650234295608121,222.1770063100979,258.9920647119165,6401.7289274905629,0.0,0.0,9.827146573948113,11.622995217763343,206.84009768279979,0.0,0.0,14.916428349525653,17.45320871640886,394.93496504013026,0.0,0.0,255.8606466701057,301.6739437980479,5841.999797377036,0.0,0.0,18.164803315627755,21.397292529796265,421.5377591158461,0.0,0.0,203.59571129834218,241.46567033085419,3984.347180500227,40.49095302903061,27.771572722243226,413.2246349281874,484.0693821652858,11974.177227070772,0.0,0.0,205.69155957365019,244.4777977400694,3781.1813187860354,821.186833546125,21.53557266746926,34.27021776374348,21.5,30.0,0.0,21.65460105411305,40.66104376699843,21.0,30.0,939.3874419766845,21.64612926609792,33.802803925331847,21.5,30.0,0.0,20.90782506571813,35.564501248564159,16.0,30.0,0.0,16.85638530733694,45.75427132531785,12.0,30.0,0.0,19.70774605624715,44.8254720210427,19.0,30.0,0.0,17.78593030271935,43.26091524258962,10.0,30.0,0.0,17.993786401282447,42.534610844546858,12.0,30.0,0.0,16.088631006954217,48.26603313317995,16.0,30.0,0.0,19.6148321198614,0.0,0.0,0.0,15.458242584711858,0.0,0.0,669.9714144721612,1043.9439715656636,655.6605591297217,669.9444826956977,696.5324574869144,1098.432419878363,687.2463847206453,687.8182382459249,696.8811222910468,9559.411518117622,81.68402230181717,83.4993975950077,570.0,0.0,570.0,570.0,21.0,16.0,19.0,16.0,12.0,12.0,21.0,10.0,1.0,0.0,821.186833546125,0.0,939.3874419766845,0.0,0.0,0.0,0.0,0.0,2747.234223518601,1648340.5341111606,2134436.4890961467,81.68402230181717,83.53022869411845,0.34657447411728678,0.7694947169538398,0.36028137401965956,83.53022869411845,0.3542647819438875,2134436.4890961467,0.12647569743299964 
 02/25  20:40:00,6.3,83.33333333333334,5.38,0.0,0.0,0.0,0.0,0.0,2.0,0.0,0.0,4.0,0.0,0.0,0.0,816.0,0.0,0.0,0.0,0.0,0.0,0.0,0.0,0.0,0.0,0.0,0.0,21.37983686877074,-667.8414368587328,21.290937479385876,-121.93371882336726,21.425797346942227,-1406.4152282152755,20.371481923462296,319.8989369476053,16.84018477481041,13.030914191592814,19.48364942714081,-62.79775285274475,17.721837879891419,14.68361529369804,17.457559057612696,-19.26601631871992,16.311947474934635,-196.094900220103,997.6176335165114,1020.7618068454899,0.0,0.0,0.0,0.0,0.0,0.0,0.0,0.0,0.0,0.0,0.0,0.0,0.0,0.0,0.0,0.0,0.0,0.0,0.0,0.0,0.0,0.0,1.5586542120435317,0.475779674005962,264.0224858610839,307.1489902248289,8007.950825922974,0.19359899673154508,0.029548076424228497,25.57544585746493,29.75399647500798,775.6966176526947,1.5044595587970553,0.2842894102035253,396.7955977743027,461.61940678394407,12024.217862552028,0.3544631306887377,0.06698093928358608,279.1164497414564,325.45483908372668,8028.827494112039,0.0,0.0,9.80301134429236,11.594134158316454,206.59349705586653,0.0,0.0,15.24850175905545,17.837635990886086,405.8032525378702,0.0,0.0,256.66838864273685,302.64695213750636,5862.14556953551,0.0,0.0,14.144684585976119,16.68088636817123,320.36160317943748,0.0,0.0,204.06070999953915,242.0811824737662,3976.5390214529927,40.467567276690278,27.755533111584563,395.56733355453908,463.51126954906217,11425.014454158041,0.0,0.0,205.67878106282294,244.53731458406555,3759.8660869143297,835.0904545838622,21.7024735212081,34.27821833723462,21.5,30.0,0.0,21.645133124708179,40.89294966203005,21.0,30.0,1783.4558204889796,21.67315899069081,33.93152153891999,21.5,30.0,0.0,20.876097085616853,35.7639247527498,16.0,30.0,0.0,16.84825647787419,46.062154708298738,12.0,30.0,0.0,19.757238917250989,45.052052709921529,19.0,30.0,0.0,17.76898941932467,43.59065546382841,10.0,30.0,0.0,17.67675281184296,43.560379135938287,12.0,30.0,0.0,16.024191382657514,48.68396986507784,16.0,30.0,0.0,19.504892467741408,0.0,0.0,0.0,15.384856652979128,0.0,0.0,687.4486855897314,1052.3141706375905,661.1476683844198,671.7080613913577,703.754958817314,1108.8096638914036,694.1996124775012,690.7016170090336,698.9904797247275,8845.489738013453,82.15608024623592,83.92203863638975,570.0,0.0,570.0,570.0,21.0,16.0,19.0,16.0,12.0,12.0,21.0,10.0,1.0,0.0,835.0904545838622,0.0,1783.4558204889796,0.0,0.0,0.0,0.0,0.0,2672.527621491149,1603516.5728946895,2079661.862482475,82.15608024623592,83.95203047243408,0.344084254049705,0.7689649307621755,0.36028137401965956,83.95203047243408,0.3542647819438875,2079661.862482475,0.12372241684908869 
 02/25  20:50:00,6.279999999999999,83.66666666666666,5.37,0.0,0.0,0.0,0.0,0.0,2.0,0.0,0.0,4.0,0.0,0.0,0.0,816.0,0.0,0.0,0.0,0.0,0.0,0.0,0.0,0.0,0.0,0.0,0.0,21.387993284654465,-982.8703510468122,21.271633001292547,-146.08673098583575,21.209787728817685,-502.22818177486149,20.33394932458541,53.039479928487939,16.831953012598065,12.44182524427876,19.504191521121599,-52.252568383370007,17.798382477345677,140.5483105283256,17.27693012187057,-44.010278777451379,16.764916258053228,-387.4498651259606,830.0505371019764,947.3648159423256,0.0,0.0,0.0,0.0,0.0,0.0,0.0,0.0,0.0,0.0,0.0,0.0,0.0,0.0,0.0,0.0,0.0,0.0,0.0,0.0,0.0,0.0,1.5296470983363442,0.4669252436924128,217.18933834136343,252.51977511145308,6566.737257743243,0.17099051813137379,0.026097453927254854,27.977874706144765,32.54058371595245,847.4667161806297,1.604385040897701,0.3031717764356957,234.2439829663549,272.578135076628,7012.046176184604,0.3378309987520121,0.06383805720937491,182.28903899858094,212.72246621035573,5211.384918117753,0.0,0.0,9.776560293622746,11.564121785192999,206.28450033633403,0.0,0.0,14.582139873314864,17.059745945411266,389.6368229634827,0.0,0.0,226.86181412544563,267.45741857328798,5251.561674080032,0.0,0.0,13.63681025407961,16.092855392446805,302.65956374441068,0.0,0.0,168.67635596551339,199.75626151089655,3503.7517011389847,40.30544934745931,27.644341116227247,240.88819050877854,282.5457499122334,7140.002160774055,0.0,0.0,176.28710229179266,209.78754605185837,3179.360046216701,1074.4250934707184,21.593002624444997,34.68230390421958,21.5,30.0,0.0,21.621328836282595,41.054423880147478,21.0,30.0,832.6627233494585,21.41090034585055,34.83468665522949,21.25,30.0,0.0,20.783429184821104,36.14246263857768,16.0,30.0,0.0,16.839572732264597,46.357779751322,12.0,30.0,0.0,19.79242617862017,45.28889298528975,19.0,30.0,0.0,17.92931516627023,43.52770576929436,10.0,30.0,0.0,17.42467943433585,44.49936439625575,12.0,30.0,976.1697026174595,16.7328818866593,46.91941392798668,16.75,30.0,0.0,18.982292256200119,0.0,0.0,0.0,15.20776863786745,0.0,0.0,687.8787104338513,1052.3475022014978,676.0866829546476,674.9205925234442,709.5316462293412,1117.9603752136762,703.936166121084,696.9664411344024,708.9855800493833,9432.06618158541,81.76823080180013,83.51155165572614,570.0,0.0,570.0,570.0,21.0,16.0,19.0,16.0,12.0,12.0,21.0,10.0,1.0,0.0,1074.4250934707184,0.0,832.6627233494585,0.0,0.0,0.0,0.0,976.1697026174595,2638.303627978105,1582982.176786863,2054164.0895279812,81.76823080180013,83.54115903125387,0.34294345426593689,0.7714818144663436,0.36028137401965956,83.54115903125387,0.3542647819438875,2054164.0895279812,0.12236486598878836 
 02/25  21:00:00,6.26,84.0,5.36,0.0,0.0,0.0,0.0,0.0,2.0,0.0,0.0,4.0,0.0,0.0,0.0,408.0,0.0,0.0,0.0,0.0,0.0,0.0,0.0,0.0,0.0,0.0,0.0,21.510758692363223,-1250.2941668423947,21.253588151189527,-124.9733194886482,21.160461558604163,-357.593029119761,20.259045072599187,242.90883730157658,16.82314909266409,14.115968561151448,19.524380759514963,-52.50092514024408,18.005744823947575,97.58853470500344,17.079317053451264,-68.04538504595459,16.738359576653214,-392.2993816222429,871.6128091517467,1076.3131431953753,0.0,0.0,0.0,0.0,0.0,0.0,0.0,0.0,0.0,0.0,0.0,0.0,0.0,0.0,0.0,0.0,0.0,0.0,0.0,0.0,0.0,0.0,1.5331260928217124,0.46798720782103556,229.36196316196527,266.3916699508487,7065.2707860244959,0.20506638179814108,0.03129828782022911,23.899913127118304,27.749013244783627,726.1921738933608,1.588266108223863,0.3001258707906016,251.57954042729976,292.9223051186795,7440.8929123623779,0.3635234492378971,0.06869301761865023,269.2643374670369,314.04267449304077,7665.687663444969,0.0,0.0,9.946433107789538,11.754562025542015,210.14932084581239,0.0,0.0,13.561612670598763,15.844250380147557,363.89997580879045,0.0,0.0,236.1397315712718,277.626998577725,5648.608349780615,0.0,0.0,19.425672311573196,22.924240395700193,421.3365242841244,0.0,0.0,169.29509667559939,200.21187935741285,3492.362452427109,40.42867950636298,27.728861115475305,266.0307521447207,312.0103114319505,7779.470969578324,0.0,0.0,184.9437422319112,219.677000015763,3362.2374199216549,1490.7427214563209,21.846420189304085,33.82424548690692,22.0,30.0,0.0,21.605235913975109,41.54096775871908,21.0,30.0,0.0,21.212295502014486,35.052329097056837,21.0,30.0,0.0,20.699794513841398,36.44061843036515,16.0,30.0,0.0,16.830533690711535,46.58287041437306,12.0,30.0,0.0,19.827210363755989,45.408170792478319,19.0,30.0,0.0,18.292520693416447,42.4591314455731,10.0,30.0,0.0,17.135210084898188,45.662539515527559,12.0,30.0,0.0,16.580087050973789,47.5219282449043,16.0,30.0,0.0,19.091551375078489,0.0,0.0,0.0,15.275427476326229,0.0,0.0,666.2129488623917,1073.2427521402456,660.5158668390707,677.7761347728624,711.1619423792345,1124.021179955805,697.4645600880695,707.0012678745532,712.3192845091289,8170.392130547506,82.60246101231445,82.60246101231445,570.0,0.0,570.0,570.0,21.0,16.0,19.0,16.0,12.0,12.0,21.0,10.0,1.0,0.0,1490.7427214563209,0.0,0.0,0.0,0.0,0.0,0.0,0.0,0.0,0.0,0.0,82.60246101231445,82.60246101231445,0.34,0.7706726079677762,0.36028137401965956,82.60246101231445,0.3542647819438875,0.0,0.015516666666666667 
 02/25  21:10:00,6.115,84.33333333333333,5.385,0.0,0.0,0.0,0.0,0.0,2.0,0.0,0.0,4.0,0.0,0.0,0.0,408.0,0.0,0.0,0.0,0.0,0.0,0.0,0.0,0.0,0.0,0.0,0.0,20.93102919016412,-515.1009781321684,21.227321638467197,-153.15289320637545,21.185143135941304,-654.6626129381079,20.218428008412169,159.17964277817237,16.819787622095743,17.699124982794247,19.53472190684421,-47.906514711262648,17.82846301767907,-45.722266694314388,16.922968629429155,-58.95469231611219,16.494821506081445,-219.25681171503403,810.7528042496988,1172.1349458811033,0.0,0.0,0.0,0.0,0.0,0.0,0.0,0.0,0.0,0.0,0.0,0.0,0.0,0.0,0.0,0.0,0.0,0.0,0.0,0.0,0.0,0.0,1.5915954011847955,0.4858349820466409,153.18171653000156,178.70642871571727,4520.5287854634029,0.16992454320875589,0.02593475934199571,31.03193133886122,36.028804791369747,947.0406794386095,1.602394866928006,0.3027957042569929,224.81677506605204,261.8301337220458,6782.505634452383,0.35757763598259359,0.06756947014032379,242.95628909576107,283.6090561216173,6966.138421931864,0.0,0.0,9.499959210330394,11.229063431252032,203.51333696387042,0.0,0.0,14.529594048284692,16.97383949786665,394.68837842777676,0.0,0.0,263.20439357585647,309.95423967572239,6191.324159712184,0.0,0.0,23.085172095478194,27.280693271911109,498.7599582096094,0.0,0.0,197.6384866175331,234.05023461870469,4030.017743624402,40.640351812160798,27.87404102342991,239.68453135503666,281.51559254691809,7080.942640612979,0.0,0.0,217.42624129343734,258.19794878087336,4101.732425828965,317.4561752369475,20.970131338370075,36.56107787097252,21.0,30.0,0.0,21.57310490676653,41.21032984109104,21.0,30.0,1317.315704042993,21.516684383294554,34.33352157794667,21.5,30.0,0.0,20.632658781818777,36.62564662326973,16.0,30.0,0.0,16.831995385509275,46.83501199903615,12.0,30.0,0.0,19.848924077826046,45.70703755641722,19.0,30.0,0.0,17.92482686069103,43.52463571288154,10.0,30.0,0.0,16.9245619713326,46.43560014423938,12.0,30.0,0.0,16.29452289765615,48.39155975187228,16.0,30.0,0.0,18.810055272306337,0.0,0.0,0.0,15.48690854829113,0.0,0.0,712.4898359899319,1046.7423715600697,651.8792327359827,675.9919061897654,718.1200958868622,1136.3482244640637,696.2143820444261,707.7739770330138,706.3388040112716,10277.25980393594,81.20934642958415,84.64604653033386,570.0,0.0,570.0,570.0,21.0,16.0,19.0,16.0,12.0,12.0,21.0,10.0,1.0,0.0,317.4561752369475,0.0,1317.315704042993,0.0,0.0,0.0,0.0,0.0,5201.102162524931,3120661.297514959,4051663.7195381245,81.20934642958415,84.70441310710595,0.34337007208416439,0.7661079278874267,0.36028137401965956,84.70441310710595,0.3542647819438875,4051663.7195381245,0.22617151341598247 
 02/25  21:20:00,5.970000000000001,84.66666666666667,5.41,0.0,0.0,0.0,0.0,0.0,2.0,0.0,0.0,4.0,0.0,0.0,0.0,816.0,0.0,0.0,0.0,0.0,0.0,0.0,0.0,0.0,0.0,0.0,0.0,21.45943188771188,-1289.6931507548002,21.200746014720879,-122.69682673945317,21.175287018824137,-411.50446505683069,20.17310693546799,218.32854872786903,16.811812393166016,14.31538518210806,19.535436951167456,-67.92698331171808,17.789486249727554,69.53915074212637,16.813539978074038,-60.590727634046519,16.397126149843687,-233.67639747669296,946.3525143471829,1107.714291188357,0.0,0.0,0.0,0.0,0.0,0.0,0.0,0.0,0.0,0.0,0.0,0.0,0.0,0.0,0.0,0.0,0.0,0.0,0.0,0.0,0.0,0.0,1.5387245019693703,0.4696961239222741,290.7995991321373,338.31699845419618,9059.483249460634,0.20944503895316264,0.03196658103680749,23.966999598464807,27.887753243883119,739.4935565087909,1.6608756846402946,0.31384650125477989,309.2214218751104,360.8182545368884,9261.443117336188,0.3749616320857999,0.07085442783178378,266.9279461911057,311.87111275116686,7695.347921544549,0.0,0.0,10.079029542097766,11.926750839247273,218.6711226474057,0.0,0.0,14.832841291224329,17.354879722863588,407.2442620270945,0.0,0.0,260.7265669758692,307.34686736589796,6207.393872083631,0.0,0.0,22.656716451174366,26.81095672811205,490.2386386634625,0.0,0.0,189.9006940703443,225.225400972094,3877.421357076988,41.17274694880902,28.239195438140624,316.18421467795198,371.39633758537107,9316.516688112817,0.0,0.0,208.80677613729893,248.35637018451232,3933.62661207355,1708.364504987505,21.78099072888362,34.04015238013489,22.0,30.0,0.0,21.548390475905515,41.318923585315349,21.0,30.0,0.0,21.134543100085506,35.33763312271952,21.0,30.0,0.0,20.583605285885605,36.70834279262668,16.0,30.0,0.0,16.823986157956374,47.007825874555148,12.0,30.0,0.0,19.852920408615835,45.80163085462979,19.0,30.0,0.0,17.925883481442779,43.6807876645269,10.0,30.0,0.0,16.796091873731034,46.946396915045138,12.0,30.0,0.0,16.161590478438748,48.999503693897889,16.0,30.0,0.0,19.114173379132674,0.0,0.0,0.0,15.327774905366518,0.0,0.0,666.6958529548456,1048.5223924383259,662.7065241257145,672.0536800075809,720.7457854012582,1135.6162747927704,700.2755315360494,709.5653656411287,711.2409268955439,9026.84358222731,82.03619629031332,82.03619629031332,570.0,0.0,570.0,570.0,21.0,16.0,19.0,16.0,12.0,12.0,21.0,10.0,1.0,0.0,1708.364504987505,0.0,0.0,0.0,0.0,0.0,0.0,0.0,0.0,0.0,0.0,82.03619629031332,82.03619629031332,0.34,0.7701249657454535,0.36028137401965956,82.03619629031332,0.3542647819438875,0.0,0.015263333333333332 
 02/25  21:30:00,5.824999999999999,85.0,5.4350000000000009,0.0,0.0,0.0,0.0,0.0,2.0,0.0,0.0,4.0,0.0,0.0,0.0,204.0,0.0,0.0,0.0,0.0,0.0,0.0,0.0,0.0,0.0,0.0,0.0,21.540677956784287,-1724.9222014669468,21.182319837514368,-129.46137348033836,20.787538436003954,87.1643525862819,20.1319192577413,201.71207328121455,16.801251840504678,15.676459021473534,19.517938620388685,-70.67130566548883,17.796571612881164,37.544993891096968,16.68723198729969,-55.50118166430184,16.302743660273685,-179.53765134933748,885.6680227801207,1156.5278157750063,0.0,0.0,0.0,0.0,0.0,0.0,0.0,0.0,0.0,0.0,0.0,0.0,0.0,0.0,0.0,0.0,0.0,0.0,0.0,0.0,0.0,0.0,1.5533695162150819,0.47416651899117276,297.4529080115726,344.8953438899067,9402.952330185346,0.21388944040289804,0.0326449084864008,23.80762004019855,27.581370436087807,741.4897733494028,1.7113637299266587,0.3233869482098751,246.4079112424724,286.54091089742516,7420.492742578658,0.38492924925028179,0.0727379533730691,266.227813776664,310.0994010876478,7724.63554370487,0.0,0.0,10.138619738860394,11.958683625477946,222.82027715033434,0.0,0.0,14.492004912601816,16.890848292900804,401.68939465587496,0.0,0.0,270.84145970150157,318.2604364169174,6529.850851329956,0.0,0.0,24.143876485532233,28.49660116287326,521.9888707471002,0.0,0.0,197.84379709919288,233.9899947854834,4051.521323539181,41.54157781310859,28.49216585261221,262.99064088632329,308.1029700825041,7861.892951875814,0.0,0.0,218.45422232778678,258.9647281817503,4198.660273301614,1909.578216457387,21.848697172641026,34.04909114127133,22.0,30.0,0.0,21.531911005509106,42.05926532124052,21.0,30.0,0.0,21.0211144663047,35.43143197985674,21.0,30.0,0.0,20.521454141712547,36.75170933978676,16.0,30.0,0.0,16.812823523239297,47.09014551831807,12.0,30.0,0.0,19.829671969805735,45.66604026384984,19.0,30.0,0.0,17.92742515881797,43.565233283748337,10.0,30.0,0.0,16.626827361717589,47.615893420904047,12.0,30.0,0.0,16.034393258447655,49.44840415990066,16.0,30.0,0.0,18.85536925860566,0.0,0.0,0.0,15.370358826498889,0.0,0.0,674.3992685186344,1086.7433952863449,652.0614718873769,665.1284503842095,716.802661765371,1120.1092000457114,691.9910277536044,711.5977675968115,709.9776017816073,8523.365478053998,82.36916179272892,82.36916179272892,570.0,0.0,570.0,570.0,21.0,16.0,19.0,16.0,12.0,12.0,21.0,10.0,1.0,0.0,1909.578216457387,0.0,0.0,0.0,0.0,0.0,0.0,0.0,0.0,0.0,0.0,82.36916179272892,82.36916179272892,0.34,0.772688933709749,0.36028137401965956,82.36916179272892,0.3542647819438875,0.0,0.015041666666666669 
 02/25  21:40:00,5.68,85.33333333333333,5.46,0.0,0.0,0.0,0.0,0.0,2.0,0.0,0.0,4.0,0.0,0.0,0.0,408.0,0.0,0.0,0.0,0.0,0.0,0.0,0.0,0.0,0.0,0.0,0.0,21.321284747667194,-969.3062247702637,21.16180894880675,-137.74397481628137,21.372102312299924,-1482.1854181299896,20.152100001008969,314.040024307129,16.792366211557999,15.402063778016327,19.504882173809834,-67.21589526227996,17.742732063122085,-10.656704263776192,16.60945187876279,-55.939876184070048,16.91040971139304,-529.7165403071767,1019.6852917383203,1179.131235229872,0.0,0.0,0.0,0.0,0.0,0.0,0.0,0.0,0.0,0.0,0.0,0.0,0.0,0.0,0.0,0.0,0.0,0.0,0.0,0.0,0.0,0.0,1.5984189333797186,0.48791786733202638,274.24238755830438,319.37928552122465,8548.933997968114,0.21017264860719213,0.032077632571305279,26.21189022756591,30.442965734775407,821.9440820486829,1.6776849772557492,0.31702286040358088,380.92897786169058,442.42401838961839,12167.004266590575,0.390998822895553,0.07388488716847183,300.9361348524519,351.1098201259458,8864.259094262648,0.0,0.0,9.956047574662272,11.773055738808239,221.48509685561965,0.0,0.0,15.018761272466858,17.554537204661949,420.1401093600611,0.0,0.0,274.3246840205086,323.23277317112419,6642.413988871943,0.0,0.0,25.00683862996106,29.595925232070326,543.9880363454231,0.0,0.0,202.48411812583664,239.3751620440337,4523.926719852167,41.98278906227039,28.794779878100415,376.1175803752501,440.87010102623119,11218.567406720143,0.0,0.0,223.77484520186813,265.9135882984656,4360.829346315894,1174.0915445871393,21.57350849612522,34.841909380264429,22.0,30.0,0.0,21.513664172186297,42.078677290828938,21.0,30.0,2200.0745534645936,21.82877840430052,33.76724463616789,21.5,30.0,0.0,20.586367219082065,36.79019229590507,16.0,30.0,0.0,16.80479538047325,47.12158285426172,12.0,30.0,0.0,19.81775366105224,45.65855693178473,19.0,30.0,0.0,17.83206414644136,43.91563598007254,10.0,30.0,0.0,16.54778548600219,47.81410407460899,12.0,30.0,1439.393902351681,16.849287632439116,46.936381028200788,16.5,30.0,0.0,19.195180080093836,0.0,0.0,0.0,15.360547700548017,0.0,0.0,687.3342624362966,1085.789897291976,655.1284132357725,674.5134611054832,714.4452856533821,1115.0050116470096,695.0338128529647,707.5421899911546,703.7876253452574,9645.563926732304,81.62574112355606,86.13800618577672,570.0,0.0,570.0,570.0,21.0,16.0,19.0,16.0,12.0,12.0,21.0,10.0,1.0,0.0,1174.0915445871393,0.0,2200.0745534645936,0.0,0.0,0.0,0.0,1439.393902351681,6826.345403201997,4095807.2419211987,5339426.646450151,81.62574112355606,86.2146394262252,0.3975448467733999,0.7681316981271595,0.36028137401965956,86.2146394262252,0.3542647819438875,5339426.646450151,0.29247018561540796 
 02/25  21:50:00,5.534999999999999,85.66666666666667,5.485,0.0,0.0,0.0,0.0,0.0,2.0,0.0,0.0,4.0,0.0,0.0,0.0,1021.0,0.0,0.0,0.0,0.0,0.0,0.0,0.0,0.0,0.0,0.0,0.0,21.395922974319175,-894.1748082006452,21.14679153656298,-118.02691834957504,21.18842789551625,-603.0255414833406,20.248722201019853,236.07307435449256,16.782258436296148,14.75489255539144,19.50194135162228,-45.600938321021398,17.940029102488095,270.6098157162367,16.50879433134736,-97.34208655303736,17.084153011275455,-420.1529063369047,945.172488624766,999.5122653295882,0.0,0.0,0.0,0.0,0.0,0.0,0.0,0.0,0.0,0.0,0.0,0.0,0.0,0.0,0.0,0.0,0.0,0.0,0.0,0.0,0.0,0.0,1.6504959061268565,0.503814379159602,214.57402327114895,250.00117683251589,6817.483049748649,0.2331918945040006,0.035590948489621587,23.766327716565479,27.64427932498354,753.0234467193578,1.7157360148533623,0.32421315473419556,274.31122327321267,320.11104472753007,8563.5221495311,0.38220039451602358,0.07222229677173535,250.67130090942536,293.03346980938457,7531.683940652448,0.0,0.0,10.481893561347265,12.41406723417843,235.9926789192509,0.0,0.0,14.438814117745828,16.90613621402035,408.22353695249935,0.0,0.0,211.27001921759826,248.88180787345235,5352.446490713883,0.0,0.0,35.38507250583179,41.951016165010717,770.8051196161882,0.0,0.0,128.29506583211515,151.67871153498897,2982.9507784841878,42.4325262887486,29.103241624656115,269.8894246941493,317.43866728683386,8322.594438608876,0.0,0.0,156.45140468900054,186.31688493182947,3007.7154478838785,907.9066128037089,21.57999732086799,34.77151987891997,21.4,30.0,0.0,21.506237514278618,42.24111543145789,21.0,30.0,802.0789388866361,21.394296254042219,34.76954972049348,21.200000000000004,30.0,0.0,20.756786066280545,36.33715961976762,16.0,30.0,0.0,16.79468868886226,47.195491064219989,12.000000000000002,30.0,0.0,19.826187339546594,45.75905830516491,19.0,30.0,0.0,18.27010542356888,42.82306974963652,10.0,30.0,0.0,16.417612132928114,48.292139227765307,12.000000000000002,30.0,0.0,17.205514531577348,45.93152802788132,16.0,30.0,0.0,18.91949037379114,0.0,0.0,0.0,15.038637069265583,0.0,0.0,684.2522747848567,1095.129244240513,661.6221429436988,671.5096072966,713.5478784380066,1118.6397778107044,697.0177300838933,708.3321965766957,706.5737969392945,6571.0415813903859,82.91116479818978,84.27811924429746,570.0,0.0,570.0,570.0,21.0,16.0,19.0,16.0,12.0,12.0,21.0,10.0,1.0,0.0,907.9066128037089,0.0,802.0789388866361,0.0,0.0,0.0,0.0,0.0,2068.7605713226555,1241256.3427935932,1610278.1574391528,82.91116479818978,84.30133466876969,0.2729586857107552,0.5829514740595815,0.28822509921572767,84.30133466876969,0.28341182555511,1610278.1574391528,0.09842779752016931 
 02/25  22:00:00,5.39,86.0,5.51,0.0,0.0,0.0,0.0,0.0,2.0,0.0,0.0,4.0,0.0,0.0,0.0,1026.0,0.0,0.0,0.0,0.0,0.0,0.0,0.0,0.0,0.0,0.0,0.0,21.392329712659,-919.9506192408252,21.1341082216208,-107.70446077772925,21.235488378442818,-606.3928660192013,20.245176503897196,284.9932072357493,16.77493445560968,19.378975369149555,19.498046797673049,-56.89825916645652,17.962256720300386,28.826721054849615,16.41166299589379,-65.44463475448102,16.7057813002438,-351.3637167977284,1006.16328136995,1253.3820553003405,0.0,0.0,0.0,0.0,0.0,0.0,0.0,0.0,0.0,0.0,0.0,0.0,0.0,0.0,0.0,0.0,0.0,0.0,0.0,0.0,0.0,0.0,1.7052768106477763,0.5205362669865007,217.38685695088709,253.31037599244884,6969.7397808291939,0.2504968994921801,0.0382321275171215,22.214979359484773,25.829720615430973,711.3199379411396,1.733468268360652,0.3275639207030712,264.0991245602299,308.0287335170778,8369.04471222176,0.38751762381280599,0.07322706421254835,257.7150647154774,301.2861385459669,7822.82000202769,0.0,0.0,10.520194860998103,12.46153841210157,239.85167395057602,0.0,0.0,15.298629832699856,17.915943527679734,437.01820114917009,0.0,0.0,264.7291257427315,311.9977541479006,6767.954389724393,0.0,0.0,34.89379964981011,41.39802542421788,762.8174532228293,0.0,0.0,180.82086427474554,214.29619624858609,4057.5953547776805,42.92822507386305,29.443227073980155,270.3449681714564,317.92729178644108,8448.436454571249,0.0,0.0,211.86470908153314,252.1559451610409,4259.008152845219,1079.5773962087558,21.59194357971159,34.510415711311967,21.4,30.0,0.0,21.50439278817607,42.695062892891218,21.0,30.0,795.738508673811,21.488635950422024,34.52710822864422,21.200000000000004,30.0,0.0,20.769858406974075,36.13970661923565,16.0,30.0,0.0,16.790986976199549,47.2545376770895,12.000000000000002,30.0,0.0,19.82789105589492,45.77057624911135,19.0,30.0,0.0,18.239456612389647,42.94101940458464,10.0,30.0,0.0,16.30207080072814,48.78226070211818,12.000000000000002,30.0,0.0,16.602267574018965,47.86192362649585,16.0,30.0,0.0,18.938146167066443,0.0,0.0,0.0,15.37593055558332,0.0,0.0,673.0256709662671,1123.4663005233929,661.8030417235314,664.5705159277673,712.7099855259148,1116.2106301380116,698.3836540332063,710.9919844412948,710.1843883275489,7449.464198812451,82.04916657549764,83.54187397889497,570.0,0.0,570.0,570.0,21.0,16.0,19.0,16.0,12.0,12.0,21.0,10.0,1.0,0.0,1079.5773962087558,0.0,795.738508673811,0.0,0.0,0.0,0.0,0.0,2258.869835139914,1355321.901083948,1764719.573466314,82.04916657549764,83.56722510605316,0.2792956611713305,0.5838101084241015,0.28822509921572767,83.56722510605316,0.28341182555511,1764719.573466314,0.10633208448691502 
 02/25  22:10:00,5.319999999999999,86.33333333333334,5.453333333333333,0.0,0.0,0.0,0.0,0.0,2.0,0.0,0.0,4.0,0.0,0.0,0.0,2060.0,0.0,0.0,0.0,0.0,0.0,0.0,0.0,0.0,0.0,0.0,0.0,21.346629361344669,-820.1268845727119,21.111219366850376,-139.32965389954826,21.25896729428176,-899.8536506593514,20.224049520481655,292.7276955186169,16.764642180832298,13.800326848490807,19.49105348401148,-33.14818995587296,17.992317503849209,132.75587002188974,16.326791508043124,-115.2785939626657,18.067336058452079,-366.1212330581294,968.4126118361239,989.8809813277632,0.0,0.0,0.0,0.0,0.0,0.0,0.0,0.0,0.0,0.0,0.0,0.0,0.0,0.0,0.0,0.0,0.0,0.0,0.0,0.0,0.0,0.0,1.7138628694854337,0.5231571640675927,171.20040105765873,199.72954171631944,5516.069462127663,0.23803993310826333,0.03633088112152982,25.134062880627789,29.264826794841203,805.5371471543762,1.7180767192127194,0.32465546470383968,253.1923085514082,295.3979492021885,8081.973059428908,0.3858504856550513,0.07291203432635131,258.9515368822166,302.8924953563445,7875.180865796921,0.0,0.0,10.529759177042003,12.479051181977992,241.35459251104309,0.0,0.0,13.538312854137592,15.867250163600698,388.6207310906188,0.0,0.0,184.10092606505234,217.12890248280164,4749.822097715461,0.0,0.0,44.02588749062003,52.26219899423398,958.9753773726358,0.0,0.0,121.65208005684406,143.35401550074148,3170.5447558425778,42.683894026646807,29.27564748055338,259.7816401278516,305.81404957399698,8110.547006100679,0.0,0.0,135.59722411811243,161.72240592369418,2652.842655841195,971.6632362315648,21.48243288035182,34.855476124480727,21.5,30.0,0.0,21.477272484773338,42.384196034770038,21.000000000000005,30.0,900.4884688414637,21.40806831022289,34.44631598529163,21.2,30.0,0.0,20.733965638262707,36.186241727154328,15.999999999999999,30.0,0.0,16.7807822926276,47.275185501924969,12.0,30.0,0.0,19.82830469342239,44.6937123999487,19.0,30.0,0.0,18.329291441074948,42.58391220396314,10.0,30.0,0.0,16.195332840859419,49.07163586003897,12.0,30.0,2959.5213712633678,18.440863102708808,42.571397470347779,20.0,30.0,0.0,18.793569760832829,0.0,0.0,0.0,14.919297539335269,0.0,0.0,681.049283059083,1103.7726490307965,649.5428429015577,664.5959611643243,710.547257035626,1100.0373563077506,692.9487648433859,708.5774810430006,703.1172790406681,10571.776349222766,81.01451466592424,84.64575613066325,570.0,0.0,570.0,570.0,21.0,16.0,19.0,19.0,12.0,12.0,21.0,10.0,1.0,0.0,971.6632362315648,0.0,900.4884688414637,0.0,0.0,0.0,0.0,2959.5213712633678,5495.182372092413,3297109.4232554475,4295077.5697152609,81.01451466592424,84.70742666562887,0.3531727457364138,0.7680535519070764,0.3602813740196596,84.70742666562887,0.3542647819438876,4295077.5697152609,0.23778403362519358 
 02/25  22:20:00,5.25,86.66666666666667,5.3966666666666669,0.0,0.0,0.0,0.0,0.0,2.0,0.0,0.0,4.0,0.0,0.0,0.0,412.0,0.0,0.0,0.0,0.0,0.0,0.0,0.0,0.0,0.0,0.0,0.0,21.780001876320449,-751.6991128343834,21.08218540349754,-111.29776047455772,21.67092865334166,-2593.2496386004488,20.36904245795064,575.356095926646,16.746636929001569,12.843402145282596,19.493246401898113,-30.14067288431076,17.8404958982552,-55.54705367785186,16.1695814574777,-149.6282828193987,19.478526104058603,-801.6101021797474,1141.4777100470356,1214.3418363242363,0.0,0.0,0.0,0.0,0.0,0.0,0.0,0.0,0.0,0.0,0.0,0.0,0.0,0.0,0.0,0.0,0.0,0.0,0.0,0.0,0.0,0.0,1.7529422816994887,0.5350861665749356,214.62588235401234,248.95704062438467,7302.662096950708,0.271093833092408,0.04137573765146642,20.78727880092063,24.183897902121364,670.294256260684,1.6239490175169507,0.3068686730001798,437.5235375085522,507.8856407338516,14543.397348465174,0.4026014227512003,0.07607736635510207,337.8127176471937,393.7199479579541,10533.478228975131,0.0,0.0,11.252346175177383,13.311585667362494,259.1005356535662,0.0,0.0,13.099819573940322,15.322639771728129,378.36281107540528,0.0,0.0,182.80539004233919,215.335213401676,4565.149299444679,0.0,0.0,51.807342200783008,61.453337617071969,1112.2850764089017,0.0,0.0,154.72978887925536,180.2114416695775,4805.892290317664,42.749486276419499,29.320635306186224,421.6382407966509,493.8465693621438,13108.974935576787,0.0,0.0,144.4798793092608,171.22033930612936,3095.828841642435,1365.862033024655,22.34282075977724,32.908174636312299,22.0,30.0,0.0,21.440934855610999,42.30222054296999,21.0,30.0,3060.249887458014,22.205535733439669,32.66154964153374,22.0,30.0,0.0,21.020772596641988,35.42621897445018,16.0,30.0,0.0,16.75799458780927,47.22805086618809,12.0,30.0,0.0,19.84248184388602,42.95312525387811,19.0,30.0,0.0,18.015391927751084,43.49989545855782,10.0,30.0,0.0,15.956289256588669,49.86805076189472,12.0,30.0,2303.0563783411246,20.844792471437115,36.47225865932877,20.0,30.0,0.0,19.368132791686329,0.0,0.0,0.0,15.27937509692189,0.0,0.0,669.6735844966021,1095.5370555226082,641.7181160716095,657.8717990466696,703.8592880942714,1078.7988016402663,695.4863654156486,711.6640950455742,696.5289183806665,12175.187433150111,79.95375588314713,87.86563011000801,570.0,0.0,570.0,570.0,21.0,16.0,19.0,19.0,12.0,12.0,21.0,10.0,1.0,0.0,1365.862033024655,0.0,3060.249887458014,0.0,0.0,0.0,0.0,2303.0563783411246,11971.865414545471,7183119.2487272829,9404872.346190177,79.95375588314713,88.0,0.3990621804848491,0.7637287217875833,0.36028137401965956,88.0,0.3542647819438875,9404872.346190177,0.5033350286685558 
 02/25  22:30:00,5.18,87.0,5.34,0.0,0.0,0.0,0.0,0.0,2.0,0.0,0.0,4.0,0.0,0.0,0.0,1649.0,0.0,0.0,0.0,0.0,0.0,0.0,0.0,0.0,0.0,0.0,0.0,21.355470331971128,-818.3058625794063,21.081916628379675,-128.66295925228645,21.305737950071497,-505.24173653669666,20.48710091052096,93.70306849676877,16.734975527468685,15.451674061811119,19.474432531750567,-53.04981536362749,17.63758150310659,96.16096482681837,16.156790686724855,28.16860314869288,18.72973424065586,-980.5477694815249,939.4109706519408,1660.690508452839,0.0,0.0,0.0,0.0,0.0,0.0,0.0,0.0,0.0,0.0,0.0,0.0,0.0,0.0,0.0,0.0,0.0,0.0,0.0,0.0,0.0,0.0,1.7429430428785738,0.5320338958725807,167.063593920161,194.93861596202866,5442.955856405059,0.2586933860182631,0.03948311752415493,22.85244938829035,26.59753719009957,739.2048888937081,1.741544836040577,0.32909010507191568,191.49307578021405,223.58845254970186,6186.164199266461,0.36635280358272406,0.06922766507610052,169.03244343113259,197.59942213288088,5340.443420556188,0.0,0.0,12.001564261884188,14.230785933824598,277.76995094358719,0.0,0.0,16.16063105068668,18.953094069481627,468.0872549284116,0.0,0.0,271.93002372747017,321.4272533645556,6787.795910439316,0.0,0.0,50.788409558809039,60.36849106716205,1103.2505087753814,0.0,0.0,241.5613465281724,283.54658388194039,6960.262967038322,42.47313342404552,29.131092883433149,191.98842072264086,226.31487755064257,6263.448476324995,0.0,0.0,232.5559575873844,276.1087959388607,5238.288643926801,306.37601656631537,21.483492784018915,34.694017769965757,21.125,30.0,0.0,21.453061286139119,42.95328975669769,21.0,30.0,518.9812042556873,21.43057042051774,34.24142608641599,21.125,30.0,0.0,21.14044734275071,35.0731344241932,16.0,30.0,0.0,16.748438339024728,47.190077289891487,12.0,30.0,0.0,19.815268723735156,41.91686852669288,19.0,30.0,0.0,17.71028245867277,44.23861138873376,10.0,30.0,0.0,16.013468047010499,49.55462718755959,12.0,30.0,40.54799956753472,19.64967508607348,39.26933898384122,19.0,30.0,0.0,18.412849312526779,0.0,0.0,0.0,16.332144016948,0.0,0.0,674.1215744477571,1138.2703191796809,642.8831530464971,654.2879864196239,700.8373318589299,1040.3888846458108,694.9042548784397,707.3431553943781,699.797104890364,2442.090675057537,79.91975892449909,79.91975892449909,570.0,0.0,570.0,570.0,21.0,16.0,19.0,19.0,12.0,12.0,21.0,10.0,1.0,0.0,306.37601656631537,0.0,518.9812042556873,0.0,0.0,0.0,0.0,40.54799956753472,0.0,0.0,0.0,79.91975892449909,79.91975892449909,0.085,0.17426759421361738,0.09007034350491489,79.91975892449909,0.08856619548597188,0.0,0.014123333333333334 
 02/25  22:40:00,5.109999999999999,87.33333333333334,5.283333333333333,0.0,0.0,0.0,0.0,0.0,2.0,0.0,0.0,0.0,0.0,0.0,0.0,1863.0,0.0,0.0,0.0,0.0,0.0,0.0,0.0,0.0,0.0,0.0,0.0,21.16407269675159,-832.4714681502003,20.87862327917504,-128.12265294312673,21.097179489504624,-983.2899693050744,20.358071922626058,314.81868076427369,16.722219142900927,16.123823610403215,19.35241243367819,-63.2207811749772,17.665755602003885,37.14337650241275,16.198266714439684,-7.750702063958466,18.863828484784297,-867.0535375072686,1120.626341606989,1607.487975026959,0.0,0.0,0.0,0.0,0.0,0.0,0.0,0.0,0.0,0.0,0.0,0.0,0.0,0.0,0.0,0.0,0.0,0.0,0.0,0.0,0.0,0.0,1.7276550068118706,0.527367218196543,245.06112842151743,286.00471679901747,7988.271214042699,0.33219322933916248,0.05070104232893212,147.62216496588156,172.5545195279101,4674.535849309251,1.6628674115992624,0.3142228668932855,255.46760583864799,298.0492692680361,8353.956635130387,0.37061598124606978,0.070033254203717,232.15958222293859,271.48977029111776,7259.79971658025,0.0,0.0,12.70524754696059,15.064988175246273,295.57283855873836,0.0,0.0,15.883355837450165,18.639052012667756,458.2881331018698,0.0,0.0,262.5814933740156,310.2208383360243,6628.1073092876499,0.0,0.0,49.08549243171656,58.32524244784811,1083.6011596278523,0.0,0.0,228.06380158729025,267.73533447108107,6557.147521327711,42.40475821260484,29.084196304941668,353.24299885303557,415.2783659635591,11201.159061919074,0.0,0.0,217.33373685794749,258.34850857700857,4750.356593420283,817.2586539011063,21.484440015193454,35.83257995953171,21.44444444444449,30.000000000000065,0.0,21.15569712535226,37.46500131883336,12.000000000000029,30.000000000000065,711.9342927177014,21.5249850539235,34.98260746378956,21.333333333333376,30.000000000000065,0.0,20.956872424485867,36.1948415954389,16.000000000000033,30.000000000000065,0.0,16.736183935346899,47.30061518203741,12.000000000000029,30.000000000000065,0.0,19.67907114966534,41.53202275329133,12.000000000000029,30.000000000000065,0.0,17.770968592268728,44.642290405508088,10.000000000000022,30.000000000000065,0.0,16.117996530418329,49.22569038453689,12.000000000000029,30.000000000000065,1416.0164643726026,19.61549807271288,39.6940726237359,19.5555555555556,30.000000000000065,0.0,19.165681559558285,0.0,0.0,0.0,15.97860869909391,0.0,0.0,742.4922442915507,794.8641433789499,698.6164737939225,696.7053507075171,705.3732879934191,1019.5582782552217,723.7768705535445,710.6310217504948,720.6822799002455,6613.316358676127,81.83903655773271,84.20062887289869,60.00000000000013,0.0,60.00000000000013,60.00000000000013,12.0,16.0,12.0,19.0,12.0,12.0,21.0,10.0,1.0,0.0,817.2586539011063,0.0,711.9342927177014,0.0,0.0,0.0,0.0,1416.0164643726026,3573.911999708875,2144347.199825323,2792220.4301989327,81.83903655773271,84.24073655035866,0.23246373332362947,0.49382217346394766,0.24018758267977348,84.24073655035866,0.23617652129592543,2792220.4301989327,0.14666546237034445 
 02/25  22:50:00,5.04,87.66666666666667,5.226666666666667,0.0,0.0,0.0,0.0,0.0,2.0,0.0,0.0,0.0,0.0,0.0,0.0,832.0,0.0,0.0,0.0,0.0,0.0,0.0,0.0,0.0,0.0,0.0,0.0,21.29646084846702,-1258.1061890715453,20.78227660107713,307.9889556724331,21.346738264002718,-1281.6713621151039,20.397089577753186,407.7110300956242,16.709411354376486,16.659553994298819,19.203349573338266,-60.076015210263339,17.678638581280354,62.70915652181202,16.190590701373428,-30.70525089408079,18.938971204568256,-852.3102431688342,1282.0225144860538,1546.471399380387,0.0,0.0,0.0,0.0,0.0,0.0,0.0,0.0,0.0,0.0,0.0,0.0,0.0,0.0,0.0,0.0,0.0,0.0,0.0,0.0,0.0,0.0,1.7503581016257397,0.5342973448186019,358.51362505368749,417.5422378216591,11751.408797876913,0.37043821665512968,0.056538189355178517,238.94459429353123,278.8394261054832,7566.436566128976,1.6378834858431422,0.30950179248736639,311.16360638974649,362.57463114891388,10292.493917907343,0.3782273811033053,0.07147153837930936,270.301691206928,315.72744580303796,8527.810343254978,0.0,0.0,13.19954527418549,15.641610299689614,308.6927122211987,0.0,0.0,16.62017520424862,19.505454287376617,475.4432480381361,0.0,0.0,258.60859856806078,305.29225645429559,6584.349187065879,0.0,0.0,48.54034422465702,57.63842732760051,1080.00328259802,0.0,0.0,220.99283113208674,259.21439312268157,6407.7411465573209,42.41152816186745,29.08883961719305,501.69922238206137,588.4402437963792,15800.581962775872,0.0,0.0,208.41774206004107,247.6472304527504,4555.146923488317,1505.3811489645983,21.697308627836443,34.371632298970137,21.75,30.0,0.0,21.087155609109876,36.00662153558192,12.0,30.0,1732.8656517602054,21.73959536868222,34.384379678175289,21.5,30.0,0.0,21.03190271302976,35.94197824773858,16.0,30.0,0.0,16.72444049019136,47.479232510824,12.0,30.0,0.0,19.474227928549437,41.241419365134358,12.0,30.0,0.0,17.811970739337267,44.33500519308639,10.0,30.0,0.0,16.13293069970669,49.42333839398422,12.0,30.0,1768.9853466030093,19.671800399919687,39.54798693270716,19.75,30.0,0.0,19.69623128569471,0.0,0.0,0.0,15.882540830530657,0.0,0.0,686.709092311039,708.4073544126866,692.2215432694898,693.771179453381,713.3704420122654,990.0541931224692,716.4053513507857,722.5228154990488,720.7339518554134,8918.849736814578,82.1076530604435,82.10765306044351,60.0,0.0,60.0,60.0,12.0,16.0,12.0,19.0,12.0,12.0,21.0,10.0,1.0,0.0,1505.3811489645983,0.0,1732.8656517602054,0.0,0.0,0.0,0.0,1768.9853466030093,0.0,0.0,0.0,82.1076530604435,82.1076530604435,0.34,0.7714398503478063,0.36028137401965956,82.1076530604435,0.3542647819438875,0.0,0.0014133333333333336 
 02/25  23:00:00,4.97,88.0,5.17,0.0,0.0,0.0,0.0,0.0,2.0,0.0,0.0,0.0,0.0,0.0,0.0,832.0,0.0,0.0,0.0,0.0,0.0,0.0,0.0,0.0,0.0,0.0,0.0,21.33216011568971,-1730.2925395929297,20.755825626925089,67.30318566261076,20.81445701458624,-107.8191313073014,20.298519422482607,64.58856205038524,16.6954200786357,15.227728569066372,19.089002278631364,-51.00563611788752,17.68694989087153,54.431653496462789,16.166766990649025,-25.264074360367205,18.877823026028925,-642.7613772602022,1096.1237410397258,1311.823467333792,0.0,0.0,0.0,0.0,0.0,0.0,0.0,0.0,0.0,0.0,0.0,0.0,0.0,0.0,0.0,0.0,0.0,0.0,0.0,0.0,0.0,0.0,1.7239155681592478,0.5262257534063638,338.5877962064149,394.6458121141258,11094.93889843982,0.3345231010997246,0.05105663936198483,153.53238616975387,179.31236740174723,4873.009100337187,1.696449546524992,0.3205686973781165,149.6773109230602,174.77052768782074,4792.25951651423,0.3491743184436684,0.06598154165602198,150.02829635783568,175.32649622153833,4687.22319574275,0.0,0.0,12.351362472733803,14.6399571553939,290.29921531851599,0.0,0.0,14.951328577470939,17.561708290913744,425.7807192680769,0.0,0.0,232.67316497962106,274.76743262677,5962.808708061259,0.0,0.0,46.195723050342817,54.86479690990511,1033.4893448610538,0.0,0.0,196.45519448000833,230.80306858679453,5595.158044573358,41.84844151916774,28.70263478680916,300.370298660427,353.1780136058645,9549.900652244056,0.0,0.0,184.65763031121237,219.71289659053338,3965.535595454342,2055.713860078703,21.550524061940249,34.054802296282968,22.0,30.0,0.0,21.053573080694475,35.484739855056989,12.0,30.0,5.9887465949568849,21.051748645538205,35.25710987862161,21.0,30.0,0.0,20.795882951620887,35.996260008403577,16.0,30.0,0.0,16.71091310237646,47.45575427976483,12.0,30.0,0.0,19.328573271081539,41.05626127365552,12.0,30.0,0.0,17.825136768372876,43.86659541225059,10.0,30.0,0.0,16.122151941266734,49.37579156663368,12.0,30.0,804.4818785381341,19.34324148296061,40.04581576681644,19.25,30.0,0.0,19.043690902463657,0.0,0.0,0.0,15.632090537252378,0.0,0.0,655.6002322502707,680.3707184526631,662.5780565963765,671.4721362823303,712.554201876058,971.5932960841396,699.8142066250723,721.0076505422824,707.6511527812695,8722.761487194126,82.23727590796637,82.23727590796637,60.0,0.0,60.0,60.0,12.0,16.0,12.0,19.0,12.0,12.0,21.0,10.0,1.0,0.0,2055.713860078703,0.0,5.9887465949568849,0.0,0.0,0.0,0.0,804.4818785381341,0.0,0.0,0.0,82.23727590796637,82.23727590796637,0.34,0.7701294364215529,0.36028137401965956,82.23727590796637,0.3542647819438875,0.0,0.0013566666666666665 
 02/25  23:10:00,4.926666666666667,88.16666666666667,5.095000000000001,0.0,0.0,0.0,0.0,0.0,2.0,0.0,0.0,0.0,0.0,0.0,0.0,1664.0,0.0,0.0,0.0,0.0,0.0,0.0,0.0,0.0,0.0,0.0,0.0,20.757599929554524,-439.4634624715481,20.554787052843545,-333.24220022074618,20.537383505912439,-299.0107503992335,20.13418079481761,-4.854624217579293,16.678893911698205,11.176101581048343,19.000560457958735,-44.79269921181552,17.596083766409188,-102.28443967720375,16.120994394058529,-51.037211814944729,18.526651524292867,-517.6266509562438,743.3146243361634,1329.3280664380323,0.0,0.0,0.0,0.0,0.0,0.0,0.0,0.0,0.0,0.0,0.0,0.0,0.0,0.0,0.0,0.0,0.0,0.0,0.0,0.0,0.0,0.0,1.6742909008796,0.5110778085713066,175.77899826335858,205.840577702581,5516.324606822847,0.3111280430156667,0.04748596505123118,85.34631806454661,99.8969082132174,2668.8267004459946,1.6423447427000869,0.3103448115457459,120.47756929775972,141.0747138761858,3790.750786180728,0.3300711521898339,0.06237172188016511,100.25731891088003,117.50881945134154,3102.589134900328,0.0,0.0,11.405754470849978,13.531420701979745,268.68563504154448,0.0,0.0,13.479630444765546,15.852732962499843,382.44652909259886,0.0,0.0,223.60677696804786,264.44077161031,5673.286487235768,0.0,0.0,45.14529763128742,53.67492928904408,1009.10709828798,0.0,0.0,192.10954954047228,226.1560781241491,5358.933978865159,41.190158329966937,28.25113740052602,163.7620517627582,193.33137957271948,5452.465846332727,0.0,0.0,182.375910919311,217.31613051231992,3863.565417837771,0.0,20.632220738114019,35.76685479440939,22.0,30.0,0.0,20.721687339551086,35.4133076339359,12.0,30.0,0.0,20.631116113058316,35.684497813250967,22.0,30.0,0.0,20.527246387253184,36.185650704518717,12.0,30.0,0.0,16.693183540550338,47.32232108723581,12.0,30.0,0.0,19.225405313336347,40.91984928709245,12.0,30.0,0.0,17.63616338081238,44.054881043975807,10.0,30.0,0.0,16.065585029081399,49.272757242963269,12.0,30.0,0.0,18.952823949743754,40.71636753134083,20.0,30.0,0.0,18.119425327388734,0.0,0.0,0.0,15.434350696826364,0.0,0.0,645.1295965755762,639.3925553653614,638.9541276036318,652.1326149598651,706.6078967012893,966.2131908612606,687.511748088172,711.5716972774651,695.3756115343059,0.0,82.39498463766812,82.39498463766812,60.0,0.0,60.0,60.0,12.0,12.0,12.0,19.0,12.0,12.0,21.0,10.0,0.0,0.0,0.0,0.0,0.0,0.0,0.0,0.0,0.0,0.0,0.0,0.0,0.0,82.39498463766812,82.39498463766812,0.0,0.0,0.0,82.39498463766812,0.0,0.0,0.0013 
 02/25  23:20:00,4.883333333333333,88.33333333333334,5.0200000000000009,0.0,0.0,0.0,0.0,0.0,2.0,0.0,0.0,0.0,0.0,0.0,0.0,416.0,0.0,0.0,0.0,0.0,0.0,0.0,0.0,0.0,0.0,0.0,0.0,20.21135073900213,-382.81979395936789,20.216042240104966,-176.67462618241826,20.20045300520119,-174.6158906762596,19.83722111182342,-210.7208388542108,16.655410393409313,8.594598967721936,18.919226337247474,-43.16030958708191,17.46389661047835,-12.48577406423692,16.060407949369386,-52.646729044723887,18.012158205356195,-218.0635061916846,771.9995778810571,1137.19200218278,0.0,0.0,0.0,0.0,0.0,0.0,0.0,0.0,0.0,0.0,0.0,0.0,0.0,0.0,0.0,0.0,0.0,0.0,0.0,0.0,0.0,0.0,1.6544934285093152,0.5050346240870925,170.08087511862804,199.34844297651737,4998.580822974376,0.31074377960798196,0.04742731678998503,86.93337892269942,101.78111696169603,2633.9250088878818,1.6138677789547336,0.3049636770511591,144.06129295647095,168.53158023428615,4381.77791671629,0.3136665270428123,0.0592718305069562,104.74898495134574,122.6731186033206,3130.3704213329,0.0,0.0,10.899918438126921,12.911982151796586,257.1551804941025,0.0,0.0,12.928907170823678,15.185426633300257,365.47648801552489,0.0,0.0,198.3789863388134,234.4289140978438,4973.579485351077,0.0,0.0,42.317357917438837,50.24916000494187,943.0901010228099,0.0,0.0,166.11007251525184,195.83873944739407,4382.106562856943,40.69369084718197,27.910624723718784,200.76162859989564,236.34754137336899,6426.19250766489,0.0,0.0,156.85622435951309,186.90876485287834,3213.3414403576618,0.0,19.769503277347036,37.26007138306737,22.0,30.0,0.0,20.163508386201948,36.28886948122492,12.0,30.0,0.0,20.09714958512729,36.62532430321194,22.0,30.0,0.0,19.992726359365887,36.714031745379639,12.0,30.0,0.0,16.661915614216985,47.16566067036478,12.0,30.0,0.0,19.120164371424708,40.80630735897665,12.0,30.0,0.0,17.43828429952018,44.4197235954994,10.0,30.0,0.0,15.981927123662857,49.2628591589572,12.0,30.0,0.0,18.110959222872375,42.75361999862304,20.0,30.0,0.0,18.13597465365143,0.0,0.0,0.0,14.999734091280946,0.0,0.0,622.069273967739,621.6772991189889,626.9329685940779,618.8140630172219,698.3619954581598,968.2777445100346,680.6603444794787,702.8345952495079,688.519879611802,0.0,82.3949846376681,82.3949846376681,60.0,0.0,60.0,60.0,12.0,12.0,12.0,19.0,12.0,12.0,21.0,10.0,0.0,0.0,0.0,0.0,0.0,0.0,0.0,0.0,0.0,0.0,0.0,0.0,0.0,82.3949846376681,82.3949846376681,0.0,0.0,0.0,82.3949846376681,0.0,0.0,0.0012833333333333334 
 02/25  23:30:00,4.84,88.5,4.945,0.0,0.0,0.0,0.0,0.0,2.0,0.0,0.0,0.0,0.0,0.0,0.0,832.0,0.0,0.0,0.0,0.0,0.0,0.0,0.0,0.0,0.0,0.0,0.0,20.015581413603607,35.13841210203941,19.97863893732822,-423.3499772470495,19.93659943194491,-402.516046849355,19.624834020997328,-28.430818671087424,16.63142790965418,2.4634088583355977,18.862655837015873,-30.99983928982897,17.37687826815123,-85.53672525991851,15.985929495527153,-100.93079182271817,17.803546422054219,-140.07917817631165,677.8755691059711,830.6329776118215,0.0,0.0,0.0,0.0,0.0,0.0,0.0,0.0,0.0,0.0,0.0,0.0,0.0,0.0,0.0,0.0,0.0,0.0,0.0,0.0,0.0,0.0,1.5900185017484119,0.48535363301233577,213.1416601615799,250.5261480679051,6281.234824898727,0.2890813447957401,0.044121084370534208,130.45868538595139,153.22904530732169,3874.3850741400185,1.5262402679913408,0.2884051904745544,131.58534429750038,154.5898521126146,3918.5418713065948,0.299757831080236,0.056643581080921368,70.35799210363207,82.61209373607929,2075.3518185887639,0.0,0.0,9.311026298068107,11.04423219385825,219.9304036680565,0.0,0.0,11.362793656290825,13.365496129894224,320.9527499240344,0.0,0.0,150.94553834935187,178.655154483286,3760.6519031862828,0.0,0.0,38.572125562016797,45.87394615924788,854.7721536297621,0.0,0.0,123.4069558889977,145.7927508355869,3199.508326201661,39.90597539841346,27.370353496854237,210.9074763976035,249.238577249898,6589.760261991598,0.0,0.0,115.53038919812386,138.11801472565964,2233.5208109552497,0.0,19.63338577610474,37.3732804206249,22.0,30.0,0.0,19.788626693981937,36.72958516365067,12.0,30.0,0.0,19.699400849191297,36.950376349985479,22.0,30.0,0.0,19.680264152281127,37.22470179151243,12.0,30.0,0.0,16.632068609737464,47.06057493630904,12.0,30.0,0.0,19.063870986121946,40.6649080363886,12.0,30.0,0.0,17.306946484687356,44.29030383339865,10.0,30.0,0.0,15.87238658727342,49.4044819253965,12.0,30.0,0.0,17.837481046125004,43.14318874077579,20.0,30.0,0.0,17.891706366824793,0.0,0.0,0.0,14.396291890409712,0.0,0.0,612.9433320136859,598.5846867057513,598.7181482301267,609.4709763799284,691.7315333724171,972.3124262817863,661.2798461929308,697.8287835965642,674.0528354239118,0.0,82.3949846376681,82.3949846376681,60.0,0.0,60.0,60.0,12.0,12.0,12.0,19.0,12.0,12.0,21.0,10.0,0.0,0.0,0.0,0.0,0.0,0.0,0.0,0.0,0.0,0.0,0.0,0.0,0.0,82.3949846376681,82.3949846376681,0.0,0.0,0.0,82.3949846376681,0.0,0.0,0.0012666666666666669 
 02/25  23:40:00,4.796666666666667,88.66666666666666,4.87,0.0,0.0,0.0,0.0,0.0,2.0,0.0,0.0,0.0,0.0,0.0,0.0,624.0,0.0,0.0,0.0,0.0,0.0,0.0,0.0,0.0,0.0,0.0,0.0,19.819116929692357,-227.59916543505268,19.762731507699088,-333.92887831454348,19.727504026323545,-317.71341028805156,19.487476339757927,-104.8391618673051,16.60269307290814,0.78766884131098,18.804599497378207,-32.507344429442699,17.28987402024816,-69.75644748109916,15.882090509420042,-111.72599298899205,17.643784726203948,-108.84330396079297,644.0045089778237,766.6166373090232,0.0,0.0,0.0,0.0,0.0,0.0,0.0,0.0,0.0,0.0,0.0,0.0,0.0,0.0,0.0,0.0,0.0,0.0,0.0,0.0,0.0,0.0,1.5773531708161107,0.4814875368791551,245.26721779647628,287.9971114373617,7114.238153588976,0.2878074415167109,0.04392665468814273,133.7660831447342,157.03850381178547,3893.26710960482,1.492643438548559,0.28205658324802737,145.01577116760914,170.16528523133776,4219.123296591165,0.2933126972320341,0.05542567974906165,64.84713548198084,76.0646469826329,1887.3601722639053,0.0,0.0,9.031732495016941,10.71346028018041,213.532670820409,0.0,0.0,11.502996130339307,13.530252697212053,324.5712195595441,0.0,0.0,139.78806176094305,165.50151764657509,3462.506562085855,0.0,0.0,38.12436389311542,45.356166280029778,836.7220030354127,0.0,0.0,112.87226140554412,133.4211991426355,2892.488844010941,39.4592882925927,27.063983739775546,242.9292443323697,286.48001649717977,7389.580311947054,0.0,0.0,105.16266668815013,125.80713607068398,1992.024787984219,0.0,19.355264238075124,37.56004691559833,22.000000000000019,30.00000000000002,0.0,19.499867417451929,37.03213149540529,12.00000000000001,30.00000000000002,0.0,19.43834853624651,37.25778247946706,22.000000000000019,30.00000000000002,0.0,19.47334339772224,37.4208468141128,12.00000000000001,30.00000000000002,0.0,16.596028559437966,46.86545520473373,12.00000000000001,30.00000000000002,0.0,19.00013902272232,40.4841516456019,12.00000000000001,30.00000000000002,0.0,17.1828874191331,44.218734816498457,10.000000000000007,30.00000000000002,0.0,15.714964737270364,49.60497475692704,12.00000000000001,30.00000000000002,0.0,17.6322568127554,43.338036117322598,20.000000000000015,30.00000000000002,0.0,17.71820824774637,0.0,0.0,0.0,14.150681586112082,0.0,0.0,591.0505697477079,581.4408770004413,585.5635372009715,596.8801551674916,681.1607477174473,973.50880991036,645.1068737329949,689.6686942791881,659.5639338251211,0.0,82.39498463766816,82.39498463766816,60.00000000000004,0.0,60.00000000000004,60.00000000000004,12.0,12.0,12.0,19.0,12.0,12.0,21.0,10.0,0.0,0.0,0.0,0.0,0.0,0.0,0.0,0.0,0.0,0.0,0.0,0.0,0.0,82.39498463766816,82.39498463766816,0.0,0.0,0.0,82.39498463766816,0.0,0.0,0.00125 
 02/25  23:50:00,4.753333333333334,88.83333333333334,4.795,0.0,0.0,0.0,0.0,0.0,2.0,0.0,0.0,0.0,0.0,0.0,0.0,416.0,0.0,0.0,0.0,0.0,0.0,0.0,0.0,0.0,0.0,0.0,0.0,19.59468120344541,-311.09180310671948,19.59308919640872,-151.6241555971776,19.56521658142424,-98.79876422364373,19.336281124835734,-113.05754736319432,16.573133988164874,-0.12067785891841254,18.74770196271654,-36.46053502636613,17.214772546236249,-52.30019050372812,15.788194076436913,-115.2968127449252,17.520676379617066,-98.31421665963649,555.7804361778512,749.2648089508875,0.0,0.0,0.0,0.0,0.0,0.0,0.0,0.0,0.0,0.0,0.0,0.0,0.0,0.0,0.0,0.0,0.0,0.0,0.0,0.0,0.0,0.0,1.5548751227951532,0.4746261058593264,191.0608364924651,224.6236681035455,5453.654629545599,0.2941452035645743,0.04489395658799974,103.31277842045944,121.37162901038326,2986.548184436995,1.4958790073635365,0.2826679908094363,78.91273412159512,92.70784756538879,2313.548145108099,0.29296712934968968,0.055360379695708537,75.41716487959542,88.60300597749463,2176.3585332606764,0.0,0.0,9.092656637775594,10.77903945502364,215.18847627509738,0.0,0.0,11.43132905813847,13.441493465244687,322.26494548131748,0.0,0.0,137.98645681480395,163.31001533592278,3404.3911774401915,0.0,0.0,38.206501175842699,45.447562832448948,832.1437430588187,0.0,0.0,110.11825698268783,130.14679482648197,2800.3157298529188,39.03071557654913,26.770038118346464,153.40722129934168,181.30772688481643,4879.907134942296,0.0,0.0,101.79631412159009,121.77454093309135,1903.3119335533273,0.0,19.05465219539821,37.898838808822457,22.0,30.0,0.0,19.293092314059075,37.28037254726861,12.0,30.0,0.0,19.266286069717237,37.64159181099088,22.0,30.0,0.0,19.251278034625185,37.57464316997083,12.0,30.0,0.0,16.560678622087715,46.64159086264958,12.0,30.0,0.0,18.93794365008513,40.28474012244726,12.0,30.0,0.0,17.085883982866116,44.242180607105378,10.0,30.0,0.0,15.581221351434145,49.69375361700982,12.0,30.0,0.0,17.482658476728653,43.41204932748656,20.0,30.0,0.0,17.457799675206624,0.0,0.0,0.0,13.980295022724924,0.0,0.0,574.0319952328197,570.7205912122353,585.4461867581269,580.1352775497749,669.4790191601393,969.1485040594283,635.832563009129,679.5973610078195,646.4866059370413,0.0,82.3949846376681,82.3949846376681,60.0,0.0,60.0,60.0,12.0,12.0,12.0,19.0,12.0,12.0,21.0,10.0,0.0,0.0,0.0,0.0,0.0,0.0,0.0,0.0,0.0,0.0,0.0,0.0,0.0,82.3949846376681,82.3949846376681,0.0,0.0,0.0,82.3949846376681,0.0,0.0,0.00122 
 02/25  24:00:00,4.71,89.0,4.72,0.0,0.0,0.0,0.0,0.0,2.0,0.0,0.0,0.0,0.0,0.0,0.0,416.0,0.0,0.0,0.0,0.0,0.0,0.0,0.0,0.0,0.0,0.0,0.0,19.327487816208394,-133.54041425541164,19.50291261751692,-323.65391049912207,19.394964891708566,-347.8896106773109,19.145126045334825,-189.3774494962754,16.54321081217747,-2.181531799724425,18.690293014202945,-33.6718347975208,17.08553900930356,-144.4748690419749,15.703193243684371,-120.78147415907597,17.40703513132076,-111.04483888027426,730.3377671439012,737.7675321425193,0.0,0.0,0.0,0.0,0.0,0.0,0.0,0.0,0.0,0.0,0.0,0.0,0.0,0.0,0.0,0.0,0.0,0.0,0.0,0.0,0.0,0.0,1.5485765959008427,0.47270347860221087,458.543335881658,539.5673448388714,12853.045016776672,0.270768639496371,0.04132610492923855,249.0354252870515,292.60690172035558,7146.639897841207,1.4154371801200372,0.26746734318216888,378.94517637002937,445.6126502217016,10796.12626452219,0.2712691706945462,0.05126023633683789,200.75565105366983,236.2153580175563,5679.1161576337349,0.0,0.0,8.17477429411669,9.697775768317915,193.66816669978054,0.0,0.0,12.418340506174264,14.608579029169368,349.72971742584539,0.0,0.0,131.22426920070058,155.48566087547449,3200.1432279965495,0.0,0.0,37.148265549859249,44.217883445048169,804.2359489987969,0.0,0.0,108.21110988466109,128.00158518315875,2732.772444013919,38.49327616249677,26.4014239797646,603.230921061349,711.8975021381981,16950.282742751384,0.0,0.0,102.19236481124803,122.34224963060905,1893.4300806755578,0.0,18.703349755546339,38.55472987009521,22.0,30.0,0.0,19.202090580010599,37.22922604600426,12.0,30.0,0.0,19.03340954261997,37.604635091826988,22.0,30.0,0.0,18.947758637470629,37.920396325839877,12.0,30.0,0.0,16.526466321681267,46.34205171886717,12.0,30.0,0.0,18.875341310752867,40.071098456783818,12.0,30.0,0.0,16.877616711136409,44.33191617889649,10.0,30.0,0.0,15.466818000494893,49.491259437194049,12.0,30.0,0.0,17.3427306285943,43.24858313780679,20.0,30.0,0.0,17.99002449143599,0.0,0.0,0.0,13.845390893442538,0.0,0.0,566.6027211730791,560.1016774969976,558.3997799075925,563.8302194834649,655.3280294880299,954.4673982981176,619.0265999287625,662.3101306755777,626.9490420222894,0.0,82.3949846376681,82.3949846376681,60.0,0.0,60.0,60.0,12.0,12.0,12.0,19.0,12.0,12.0,21.0,10.0,0.0,0.0,0.0,0.0,0.0,0.0,0.0,0.0,0.0,0.0,0.0,0.0,0.0,82.3949846376681,82.3949846376681,0.0,0.0,0.0,82.3949846376681,0.0,0.0,0.00119 
 02/26  00:10:00,4.6433333333333339,89.33333333333334,4.693333333333333,0.0,0.0,0.0,0.0,0.0,2.0,2.0,0.0,0.0,0.0,0.0,0.0,624.0,0.0,0.0,0.0,0.0,0.0,0.0,0.0,0.0,0.0,0.0,0.0,19.37418837179714,-206.5882632673298,19.318596566758907,-238.33127257256275,19.214923790337765,-169.5974112137786,19.090760341084534,-129.57081356537356,16.51527139555627,-1.5292722661015242,18.642908784680779,-31.979268642097265,17.198217390441707,132.12875658345502,15.621503477135186,-146.94859515406524,17.41278382983389,-36.2234977059955,653.998924418826,408.9874864203307,0.0,0.0,0.0,0.0,0.0,0.0,0.0,0.0,0.0,0.0,0.0,0.0,0.0,0.0,0.0,0.0,0.0,0.0,0.0,0.0,0.0,0.0,1.5102790316909388,0.4610131354367945,292.3589020507276,344.3512998479049,8314.406906434806,0.2711234994753996,0.04138026548769836,154.1366361378146,181.5328612871826,4385.047265252108,1.459575257632225,0.2758078718125898,203.747747521,240.0346577821116,5782.692418504032,0.2796285100351662,0.052839854503999649,92.4645851481081,108.90505200115715,2626.4843653813979,0.0,0.0,8.384356479223387,9.953114900497575,199.2948650540202,0.0,0.0,11.89502940505056,14.00921809481248,335.62544095310599,0.0,0.0,79.3573436687328,93.9969150700763,1989.4060089548862,0.0,0.0,38.29718141555478,45.63722234466199,826.1830032915691,0.0,0.0,16.255368555049228,19.240859085346768,414.6650904067449,38.324645110202407,26.285764821812358,324.4111200858324,383.65570237216266,9460.221031416966,0.0,0.0,50.981684978958998,61.19772638785984,894.7820945955348,0.0,18.88372954290046,37.93198170716467,22.0,30.0,0.0,18.961324332399437,37.39743153240907,12.0,30.0,0.0,18.81919787571412,37.8964178124391,22.0,30.0,0.0,18.93270813180777,37.90061045882555,12.0,30.0,0.0,16.498119799645985,46.08191470323472,12.0,30.0,0.0,18.832553957269643,39.79422277281582,12.0,30.0,0.0,17.172952690450143,42.83766028994091,10.0,30.0,0.0,15.360256280018796,49.42683332489588,12.0,30.0,0.0,17.410087787078827,43.066331633803887,20.0,30.0,0.0,17.716274669889484,0.0,0.0,0.0,13.279794147984405,0.0,0.0,557.9581815052696,541.3031041788443,549.3830807634025,562.2900667370582,642.7468941737185,939.1250975955102,587.0327127975697,651.3002126046227,689.7944337811118,0.0,82.3949846376681,82.3949846376681,60.0,0.0,60.0,60.0,12.0,12.0,12.0,19.0,12.0,12.0,21.0,10.0,0.0,0.0,0.0,0.0,0.0,0.0,0.0,0.0,0.0,0.0,0.0,0.0,0.0,82.3949846376681,82.3949846376681,0.0,0.0,0.0,82.3949846376681,0.0,0.0,0.00116 
 02/26  00:20:00,4.576666666666666,89.66666666666667,4.666666666666667,0.0,0.0,0.0,0.0,0.0,2.0,2.0,0.0,0.0,0.0,0.0,0.0,416.0,0.0,0.0,0.0,0.0,0.0,0.0,0.0,0.0,0.0,0.0,0.0,19.32650952525507,-75.85193522359964,19.24371743317659,-174.0242184536039,19.143351455350439,-254.18351227443964,18.9866114177792,-101.51481095797385,16.48512854966156,-0.7347898206726313,18.591423617451093,-27.02355804518305,17.339107180548923,77.82317259389197,15.50085703446604,-168.79477398388145,17.440727842313878,-39.324782762947567,506.6496174201893,477.8551404320382,0.0,0.0,0.0,0.0,0.0,0.0,0.0,0.0,0.0,0.0,0.0,0.0,0.0,0.0,0.0,0.0,0.0,0.0,0.0,0.0,0.0,0.0,1.5138694465676102,0.4621091106738736,105.01034063330912,123.62667852892688,3030.6656499232647,0.2834985090872806,0.04326900321844942,63.352784776753107,74.61422457373119,1811.2779680853737,1.4698545197980669,0.27775028718784347,157.59927715535205,185.58079783054206,4489.741727483488,0.2894430256232303,0.054694449286324688,109.3700330149003,128.74664519361446,3100.5410152771066,0.0,0.0,8.43649916235493,10.010948701855846,201.1991792053121,0.0,0.0,11.076775930841978,13.040153513544628,313.00805389311747,0.0,0.0,83.56131458977329,98.83306264621968,2149.6467074257936,0.0,0.0,42.39550641650045,50.52717884198677,905.8977749722185,0.0,0.0,14.410271275475104,17.041236224370665,372.01852924596036,38.14609252875661,26.1633007741815,155.79551534255146,184.49424071599899,4878.641099537259,0.0,0.0,55.410632817546879,66.50966570222758,967.2395172580043,0.0,18.90772223412379,37.6901121192992,22.0,30.0,0.0,18.91235989991562,37.36577113249392,12.0,30.0,0.0,18.780726358881937,37.899776198743079,22.0,30.0,0.0,18.80649517728223,37.98180737513253,12.0,30.0,0.0,16.466560171827277,45.71361957017336,12.0,30.0,0.0,18.781580476084217,39.52534958653901,12.0,30.0,0.0,17.447311144319039,41.8633020583336,10.0,30.0,0.0,15.181897937899639,49.50800571952596,12.0,30.0,0.0,17.496138839198545,42.74267816014964,20.0,30.0,0.0,17.17767307175346,0.0,0.0,0.0,13.159657027737684,0.0,0.0,550.1265847079947,535.2102318581895,546.8213857816833,554.9155329943706,625.4596944081045,931.5728443708385,578.4087774478737,640.6034279029127,756.688568826047,0.0,82.3949846376681,82.3949846376681,60.0,0.0,60.0,60.0,12.0,12.0,12.0,19.0,12.0,12.0,21.0,10.0,0.0,0.0,0.0,0.0,0.0,0.0,0.0,0.0,0.0,0.0,0.0,0.0,0.0,82.3949846376681,82.3949846376681,0.0,0.0,0.0,82.3949846376681,0.0,0.0,0.0011666666666666668 
 02/26  00:30:00,4.51,90.0,4.64,0.0,0.0,0.0,0.0,0.0,2.0,2.0,0.0,0.0,0.0,0.0,0.0,624.0,0.0,0.0,0.0,0.0,0.0,0.0,0.0,0.0,0.0,0.0,0.0,19.18075031925423,-230.19935095320887,19.167861135880945,-213.16962896652076,19.061886688143774,-131.2070623768819,18.91637152294649,-138.70616818965542,16.456902867003309,-0.5927393027007685,18.54634438789151,-22.237136423041375,17.352394085352555,37.74835718366086,15.394796874936827,-178.8783822434923,17.44275793065238,-44.941218672699779,509.62044694799138,535.7834840414578,0.0,0.0,0.0,0.0,0.0,0.0,0.0,0.0,0.0,0.0,0.0,0.0,0.0,0.0,0.0,0.0,0.0,0.0,0.0,0.0,0.0,0.0,1.5249235998321647,0.46548339433216248,154.20549552071533,181.79938299378433,4397.430871214525,0.2807324571955544,0.042846834126305608,76.61083925595247,90.23710454451629,2180.158635881027,1.4775893954378535,0.27921190389982117,109.27393095890673,128.80958542509627,3129.4565394042526,0.29028738273762957,0.054854002784888399,80.03067127077404,94.25255965848268,2267.9235157915466,0.0,0.0,8.261423907136976,9.812982826543747,197.70867313991983,0.0,0.0,10.695643591455042,12.604217005607124,302.87530310115258,0.0,0.0,84.68162259844817,100.24189085446234,2194.093644605727,0.0,0.0,46.32913142330599,55.29740574400307,983.3698669437283,0.0,0.0,14.087677309579139,16.669362643158565,366.4657112295273,37.9789683256262,26.048675120456929,164.24298503740287,194.608415358099,5104.254461216116,0.0,0.0,59.53128835899247,71.53933284840248,1040.2488843286142,0.0,18.702419992476185,37.73692372688165,21.999999999999994,29.99999999999999,0.0,18.846209825557755,37.30639374058744,11.999999999999995,29.99999999999999,0.0,18.731847465466275,37.93578213496136,21.999999999999994,29.99999999999999,0.0,18.73629228354406,37.91641139549686,11.999999999999995,29.99999999999999,0.0,16.439765334058849,45.44586871497914,11.999999999999995,29.99999999999999,0.0,18.742572047365124,39.34148159171144,11.999999999999995,29.99999999999999,0.0,17.474105920402847,41.47330920918819,9.999999999999997,29.99999999999999,0.0,15.037775526075741,49.45736574935366,11.999999999999995,29.99999999999999,0.0,17.527832453775653,42.52406178486303,19.999999999999994,29.99999999999999,0.0,17.117719283906408,0.0,0.0,0.0,13.101033692814138,0.0,0.0,531.583967500069,526.5883133430053,546.6665923526027,549.4655108609367,613.3916591798993,931.5309072905903,568.2426780731499,626.1170474601247,794.5561806247546,0.0,82.39498463766808,82.39498463766808,59.99999999999998,0.0,59.99999999999998,59.99999999999998,12.0,12.0,12.0,19.0,12.0,12.0,21.0,10.0,0.0,0.0,0.0,0.0,0.0,0.0,0.0,0.0,0.0,0.0,0.0,0.0,0.0,82.39498463766808,82.39498463766808,0.0,0.0,0.0,82.39498463766808,0.0,0.0,0.0011733333333333336 
 02/26  00:40:00,4.443333333333333,90.33333333333334,4.613333333333333,0.0,0.0,0.0,0.0,0.0,2.0,2.0,0.0,0.0,0.0,0.0,0.0,208.0,0.0,0.0,0.0,0.0,0.0,0.0,0.0,0.0,0.0,0.0,0.0,19.18161376594544,-48.89593446593519,18.972556819502644,-367.68263371557279,19.046922823797929,-62.99958046463237,18.767191854409924,-200.91079896106894,16.421963655372076,-0.6132918832302041,18.493634208588145,-19.41388398258858,17.302635413985983,15.435250145491871,15.284622562158248,-170.2210823933252,17.43233750448025,-49.18760429498476,514.3681542585566,557.0272732313551,0.0,0.0,0.0,0.0,0.0,0.0,0.0,0.0,0.0,0.0,0.0,0.0,0.0,0.0,0.0,0.0,0.0,0.0,0.0,0.0,0.0,0.0,1.520416960048555,0.46410774116256289,174.217537340456,204.76852150941316,5022.721015836906,0.27581423065414986,0.042096189049778697,131.66466195692673,154.91735552538186,3701.7566622458227,1.4741911083481594,0.27856974836510969,81.9681824072698,96.34434082184836,2380.2132509403775,0.2839022737188594,0.05364744401338992,74.95285882461207,88.19697886257235,2106.555949730899,0.0,0.0,8.001006889544034,9.48009629642766,192.04887160241095,0.0,0.0,10.643795804874486,12.51248726363891,301.87945116603677,0.0,0.0,82.3586808011078,97.27059140805099,2133.1267623603914,0.0,0.0,47.450223492171,56.519492178941,1000.302502371105,0.0,0.0,14.924754196300175,17.613940921114688,390.64394818865386,37.780105168017389,25.912280636500286,164.42713438882266,194.44287714540224,5106.563190448345,0.0,0.0,60.59688294754494,72.65716624240943,1056.4107632928484,0.0,18.82305563893375,37.42383596177451,22.00000000000001,30.000000000000015,0.0,18.54594521104227,37.57801042836413,12.000000000000006,30.000000000000015,0.0,18.793499509746409,37.85245065308586,22.00000000000001,30.000000000000015,0.0,18.515655476145225,37.760436736057318,12.000000000000006,30.000000000000015,0.0,16.400470802717405,45.08488634394466,12.000000000000006,30.000000000000015,0.0,18.687540352188486,39.066173812363079,12.000000000000006,30.000000000000015,0.0,17.391992985612839,41.32324061765295,10.000000000000004,30.000000000000015,0.0,14.88734918983543,49.455430523940879,12.000000000000006,30.000000000000015,0.0,17.535056770735165,42.1846361749547,20.000000000000008,30.000000000000015,0.0,17.08320218416841,0.0,0.0,0.0,13.006807125693396,0.0,0.0,531.0488503227058,510.81029923760925,556.1139079624413,520.9968098244817,597.7878080221472,927.2894412247381,555.979900586699,614.0430117955414,818.3362575680246,0.0,82.39498463766815,82.39498463766815,60.00000000000003,0.0,60.00000000000003,60.00000000000003,12.0,12.0,12.0,19.0,12.0,12.0,21.0,10.0,0.0,0.0,0.0,0.0,0.0,0.0,0.0,0.0,0.0,0.0,0.0,0.0,0.0,82.39498463766815,82.39498463766815,0.0,0.0,0.0,82.39498463766815,0.0,0.0,0.00118 
 02/26  00:50:00,4.376666666666666,90.66666666666667,4.586666666666666,0.0,0.0,0.0,0.0,0.0,2.0,2.0,0.0,0.0,0.0,0.0,0.0,624.0,0.0,0.0,0.0,0.0,0.0,0.0,0.0,0.0,0.0,0.0,0.0,18.988412429451836,-191.34282487331729,18.949870444270638,-94.81876193832032,18.880809409968966,-345.533058288299,18.745674362673549,-40.91814686519657,16.3949472459226,-1.2023232381863059,18.450833503605617,-23.283388306635478,17.273467843136119,9.030784124342374,15.211863195740504,-182.19033637073017,17.412144612551474,-55.0266026596329,530.9527617413148,568.8322768380409,0.0,0.0,0.0,0.0,0.0,0.0,0.0,0.0,0.0,0.0,0.0,0.0,0.0,0.0,0.0,0.0,0.0,0.0,0.0,0.0,0.0,0.0,1.524651929736831,0.465400466952635,178.9844801681781,211.37106330520568,5066.683251226079,0.28924272373015116,0.04414571485502922,102.35447506628695,120.90117289513465,2904.7923192420687,1.44570714687626,0.2731872915488022,141.31008058119444,166.77632032970565,4017.987540496762,0.2901410962046914,0.05482635982703922,117.60704830364014,138.85203053307613,3328.109915847911,0.0,0.0,8.278601405833362,9.840030507267189,199.40633474918776,0.0,0.0,10.540392870656973,12.429625324954364,299.55187080655858,0.0,0.0,83.97308161106659,99.48609717850829,2180.3821835042974,0.0,0.0,48.42541210492548,57.86969136714859,1019.7948265906158,0.0,0.0,16.440774479990016,19.461917623988989,432.0340691597222,37.60706365005538,25.793596467802069,211.1922331290167,250.5679515217761,6373.39004987428,0.0,0.0,61.49842943410131,73.98350236186778,1068.124725163117,0.0,18.5097914930796,37.93512856744681,22.000000000000019,30.00000000000002,0.0,18.61920735363311,37.523423510962498,12.00000000000001,30.00000000000002,0.0,18.534936711599099,37.81047890596283,22.000000000000019,30.00000000000002,0.0,18.5657124389425,37.99207000571597,12.00000000000001,30.00000000000002,0.0,16.377917113860087,44.908047937525228,12.00000000000001,30.00000000000002,0.0,18.65201249843587,38.972133582199798,12.00000000000001,30.00000000000002,0.0,17.358596989793168,41.2326593700055,10.000000000000007,30.00000000000002,0.0,14.809904414631685,49.38883783340901,12.00000000000001,30.00000000000002,0.0,17.523650128194946,42.004360737260657,20.000000000000015,30.00000000000002,0.0,17.08703785402324,0.0,0.0,0.0,12.907401637948072,0.0,0.0,524.9414435682231,516.5143881362178,524.4708477874809,540.192030456038,590.396250583149,925.3671810381527,551.5076374741548,611.3341252978089,817.2813816460237,0.0,82.39498463766816,82.39498463766816,60.00000000000004,0.0,60.00000000000004,60.00000000000004,12.0,12.0,12.0,19.0,12.0,12.0,21.0,10.0,0.0,0.0,0.0,0.0,0.0,0.0,0.0,0.0,0.0,0.0,0.0,0.0,0.0,82.39498463766816,82.39498463766816,0.0,0.0,0.0,82.39498463766816,0.0,0.0,0.0011900000000000004 
 02/26  01:00:00,4.31,91.0,4.56,0.0,0.0,0.0,0.0,0.0,2.0,2.0,0.0,0.0,0.0,0.0,0.0,624.0,0.0,0.0,0.0,0.0,0.0,0.0,0.0,0.0,0.0,0.0,0.0,18.897375483346836,-183.96991501499313,18.829757789357339,-314.26226411035648,18.694669630981374,-223.6485212862534,18.6706999444738,-169.36875920712658,16.360939571187246,-2.7049934208698427,18.401460919046657,-21.900804391632485,17.19250377200391,-20.900610918465966,15.12237231253421,-187.05855412300685,17.384771112846815,-59.261229282267638,609.1919943221615,574.1871546000205,0.0,0.0,0.0,0.0,0.0,0.0,0.0,0.0,0.0,0.0,0.0,0.0,0.0,0.0,0.0,0.0,0.0,0.0,0.0,0.0,0.0,0.0,1.5004305242107699,0.4580068755222134,335.1066568062455,395.8046005808244,9475.037934404758,0.2642519631948716,0.04033149621411353,175.8718358207886,207.75289560333654,4949.908109312622,1.4460703079093669,0.2732559160826471,277.5851192186211,328.2534766626208,7736.408000337729,0.2794174745393681,0.05279997629239763,154.95061881201122,183.04914791479204,4377.672644408053,0.0,0.0,7.788417591152227,9.258730913002493,188.12840110933696,0.0,0.0,11.02561156991074,13.006783750605086,313.85626748724845,0.0,0.0,78.67025215308648,93.25104358305319,2034.0666435147028,0.0,0.0,48.89476593320482,58.46489663949531,1025.946989995466,0.0,0.0,18.540561703618456,21.95472022689787,488.89280161182287,37.31965673604715,25.596472384120156,421.767791998023,500.1825541956727,11970.885182320075,0.0,0.0,61.74885249899961,74.32713557093592,1067.6524170986175,0.0,18.428601894642509,37.815485131701908,22.000000000000019,30.00000000000002,0.0,18.447270800668858,37.55739598501783,12.00000000000001,30.00000000000002,0.0,18.273385786910603,38.20525085835975,22.000000000000019,30.00000000000002,0.0,18.47000905280968,37.67492166119047,12.00000000000001,30.00000000000002,0.0,16.342288020997957,44.66969064565069,12.00000000000001,30.00000000000002,0.0,18.60436946954234,38.7492550068305,12.00000000000001,30.00000000000002,0.0,17.229115724919397,41.169954789664178,10.000000000000007,30.00000000000002,0.0,14.699874253724513,49.298170914309107,12.00000000000001,30.00000000000002,0.0,17.499417962022489,41.683147950632868,20.000000000000015,30.00000000000002,0.0,17.279829560517343,0.0,0.0,0.0,12.797740915287918,0.0,0.0,515.3109696351849,503.82296714788597,517.8077292421183,515.3681908125374,582.6601605252392,912.6612691786565,545.886052749247,614.0053109901994,808.224977869784,0.0,82.39498463766816,82.39498463766816,60.00000000000004,0.0,60.00000000000004,60.00000000000004,12.0,12.0,12.0,19.0,12.0,12.0,21.0,10.0,0.0,0.0,0.0,0.0,0.0,0.0,0.0,0.0,0.0,0.0,0.0,0.0,0.0,82.39498463766816,82.39498463766816,0.0,0.0,0.0,82.39498463766816,0.0,0.0,0.0012000000000000002 
 02/26  01:10:00,4.263333333333333,91.00000000000002,4.6049999999999999,0.0,0.0,0.0,0.0,0.0,2.0,2.0,0.0,0.0,0.0,0.0,0.0,1040.0,0.0,0.0,0.0,0.0,0.0,0.0,0.0,0.0,0.0,0.0,0.0,18.807254461487884,-120.25269032143234,18.77127356400867,-226.37215486840587,18.69761245222105,-177.4644857398072,18.583662679269506,-77.91558089302859,16.328143783271785,-2.3037456985307247,18.351115411885567,-24.858168866604776,17.1465513399746,-3.8530643137831248,15.043577929019698,-187.79076724340158,17.354830052985954,-62.199564149425658,402.90768893525418,583.0016757390984,0.0,0.0,0.0,0.0,0.0,0.0,0.0,0.0,0.0,0.0,0.0,0.0,0.0,0.0,0.0,0.0,0.0,0.0,0.0,0.0,0.0,0.0,1.5007609967282317,0.4581077523590451,131.14661051030329,154.9906901692212,3722.0644333519887,0.27797162130932576,0.04242546112779697,62.41388931353391,73.71556357348097,1765.1378011754535,1.4537952236633017,0.27471565073002687,107.64859190312049,127.35542537091277,3064.2904072329235,0.28367784501814516,0.053605034961856607,53.09187297445733,62.86338840456189,1497.4206204763876,0.0,0.0,8.169805922465752,9.721053331418192,197.60727104248617,0.0,0.0,11.14650856240365,13.160824540217677,317.28613154960018,0.0,0.0,82.34857616601879,97.70205093922887,2128.8366375446196,0.0,0.0,49.214022510961857,58.90526031606595,1028.790710819386,0.0,0.0,18.976794903403115,22.488942144732098,501.14361450765076,37.4067363607809,25.656197778313385,132.09011409833119,157.08678811717906,4227.498286716484,0.0,0.0,62.08084531963148,74.80508990077019,1066.9805910671337,0.0,18.35670587316901,37.696470688357837,22.0,30.0,0.0,18.430843681751705,37.36507812835931,12.000000000000002,30.0,0.0,18.371366252309785,37.77482851948018,22.0,30.0,0.0,18.378272741208364,37.62360869098921,12.000000000000002,30.0,0.0,16.31011065491319,44.43636001916938,12.000000000000002,30.0,0.0,18.554510490650857,38.57472674115796,12.000000000000002,30.0,0.0,17.179302237398376,41.10007227831302,10.0,30.0,0.0,14.610922882649256,49.31509654602362,12.000000000000002,30.0,0.0,17.470967584370507,41.435046548374987,20.0,30.0,0.0,16.551361318664325,0.0,0.0,0.0,12.69698458210142,0.0,0.0,505.0559408153696,495.862542518902,513.3141511742601,506.1717895329948,576.047928259262,900.6776616976363,542.9195267002856,617.6920049030305,800.2964101719059,0.0,82.3949846376681,82.3949846376681,60.0,0.0,60.0,60.0,12.0,12.0,12.0,19.0,12.0,12.0,21.0,10.0,0.0,0.0,0.0,0.0,0.0,0.0,0.0,0.0,0.0,0.0,0.0,0.0,0.0,82.3949846376681,82.3949846376681,0.0,0.0,0.0,82.3949846376681,0.0,0.0,0.00121 
 02/26  01:20:00,4.216666666666667,91.0,4.65,0.0,0.0,0.0,0.0,0.0,2.0,2.0,0.0,0.0,0.0,0.0,0.0,416.0,0.0,0.0,0.0,0.0,0.0,0.0,0.0,0.0,0.0,0.0,0.0,18.669505994721939,-271.4766667627423,18.6871301125342,-136.34135408009707,18.683384893079123,-55.30899271541563,18.540620489839779,-168.24584627430904,16.291456153498435,-2.0659999886619575,18.294684049593003,-25.542690827403818,17.109163894811375,6.455303350644499,14.96047939263594,-186.7035379598226,17.319421955994586,-63.671975437445158,352.6540540550093,595.7970213297184,0.0,0.0,0.0,0.0,0.0,0.0,0.0,0.0,0.0,0.0,0.0,0.0,0.0,0.0,0.0,0.0,0.0,0.0,0.0,0.0,0.0,0.0,1.5130191685954242,0.46184956306331628,132.89970333155035,156.93679598083714,3712.775978229227,0.28960929886575317,0.04420166344104902,101.33703437151712,119.57767992813382,2862.5294530926328,1.4506953931683587,0.2741298928889567,41.89819198371663,49.36192626664924,1228.2994418349802,0.2820573800842019,0.05329882465687866,36.33723255074294,42.83106083930436,1023.8325376113115,0.0,0.0,8.389107329098044,9.97205089603574,203.11956502800229,0.0,0.0,10.899535797937104,12.85863919123254,310.09810107046158,0.0,0.0,84.20464611944286,99.80510323914433,2179.271848980963,0.0,0.0,49.62854564217453,59.3564742393841,1032.9313815437695,0.0,0.0,18.94546871327982,22.431060048488157,500.8387743865802,37.54021339971529,25.747745815991295,99.50130496526804,118.06532268804071,3367.584929830393,0.0,0.0,62.54535273346718,75.30873434901554,1069.0273899064014,0.0,18.168193618695466,37.773471027172259,22.0,30.0,0.0,18.350448995041704,37.41502706596166,12.0,30.0,0.0,18.429194692770339,37.538475444111899,22.0,30.0,0.0,18.34921442941217,37.4096369745285,12.0,30.0,0.0,16.270746745138607,44.200596720715399,12.0,30.0,0.0,18.493214217407976,38.40856383577841,12.0,30.0,0.0,17.141691800532607,41.05013091124482,10.0,30.0,0.0,14.512525175456659,49.350530705987498,12.0,30.0,0.0,17.43245270779208,41.21269718152806,20.0,30.0,0.0,16.29462485742581,0.0,0.0,0.0,12.59818231825801,0.0,0.0,492.39788196488396,492.55948660454558,519.035151299486,500.9967926888825,569.5320791058011,889.7796860491385,540.2928296450543,616.5790204147437,792.9319404798292,0.0,82.3949846376681,82.3949846376681,60.0,0.0,60.0,60.0,12.0,12.0,12.0,19.0,12.0,12.0,21.0,10.0,0.0,0.0,0.0,0.0,0.0,0.0,0.0,0.0,0.0,0.0,0.0,0.0,0.0,82.3949846376681,82.3949846376681,0.0,0.0,0.0,82.3949846376681,0.0,0.0,0.0011966666666666667 
 02/26  01:30:00,4.17,91.0,4.695,0.0,0.0,0.0,0.0,0.0,2.0,2.0,0.0,0.0,0.0,0.0,0.0,624.0,0.0,0.0,0.0,0.0,0.0,0.0,0.0,0.0,0.0,0.0,0.0,18.60622626761527,-20.703039436489754,18.61534626517611,-244.20724917973016,18.51834975674799,-306.4277713078579,18.440012233608305,-96.13591751933552,16.25754946958826,-2.9759574607072247,18.244332089281764,-24.64305745662535,17.050733729259208,-23.89369217429308,14.887182310209763,-191.14250746058642,17.286614336867318,-65.22341608366527,458.32315448420538,604.5872926085368,0.0,0.0,0.0,0.0,0.0,0.0,0.0,0.0,0.0,0.0,0.0,0.0,0.0,0.0,0.0,0.0,0.0,0.0,0.0,0.0,0.0,0.0,1.5042531612669624,0.4591737366504768,138.79699886983935,164.27281859658673,3910.6185050134197,0.2787326068064725,0.0425416066554445,78.33545270596767,92.68349000945097,2206.01282605114,1.4401496690718859,0.2721371256749595,139.16026854636133,164.6735575190314,3917.5029802660558,0.27874744427456057,0.052673364375389348,86.64767112081931,102.43784840763796,2432.4414184405516,0.0,0.0,8.037442115583805,9.56321579137133,194.84437389739709,0.0,0.0,11.28987435807087,13.331726424417722,321.20638383689745,0.0,0.0,80.46636526521101,95.47721641915118,2078.0588186680326,0.0,0.0,50.002461316152949,59.870009133032159,1037.6691226168223,0.0,0.0,19.993095981285074,23.69323969167271,529.1481094206963,37.57875760961791,25.774182173949187,172.94309015556167,205.6029260719379,5318.075173473499,0.0,0.0,62.84541591410255,75.75679455679387,1068.6730284632286,0.0,18.176571748206134,37.756959408728999,21.999999999999994,29.99999999999999,0.0,18.27350100439984,37.32995073768879,11.999999999999995,29.99999999999999,0.0,18.165220031298668,37.68627969727659,21.999999999999994,29.99999999999999,0.0,18.22977817532735,37.592239102601457,11.999999999999995,29.99999999999999,0.0,16.23749011031261,44.052749452067747,11.999999999999995,29.99999999999999,0.0,18.444452549641789,38.29384865893927,11.999999999999995,29.99999999999999,0.0,17.064189143886347,41.0049290787365,9.999999999999997,29.99999999999999,0.0,14.432767532062727,49.32830725398344,11.999999999999995,29.99999999999999,0.0,17.39970096867547,41.05546627931839,19.999999999999994,29.99999999999999,0.0,16.586150044234186,0.0,0.0,0.0,12.50582627092353,0.0,0.0,496.65236567910577,484.47241497833695,496.0667687691559,497.31967380072248,565.4250410352846,881.6808256616367,537.3737919316752,613.9429221422562,786.0271095083524,0.0,82.39498463766808,82.39498463766808,59.99999999999998,0.0,59.99999999999998,59.99999999999998,12.0,12.0,12.0,19.0,12.0,12.0,21.0,10.0,0.0,0.0,0.0,0.0,0.0,0.0,0.0,0.0,0.0,0.0,0.0,0.0,0.0,82.39498463766808,82.39498463766808,0.0,0.0,0.0,82.39498463766808,0.0,0.0,0.0011833333333333336 
 02/26  01:40:00,4.123333333333333,91.0,4.74,0.0,0.0,0.0,0.0,0.0,2.0,2.0,0.0,0.0,0.0,0.0,0.0,416.0,0.0,0.0,0.0,0.0,0.0,0.0,0.0,0.0,0.0,0.0,0.0,18.53292140082669,-194.25040304686014,18.561199998156306,-151.88912792923166,18.45545395331876,-236.10209664213589,18.370052456471784,-106.65437813279262,16.220356803584595,-2.812265587355939,18.18940933921627,-25.906136850131455,17.00331129208223,-5.851199143701256,14.809804073984989,-191.568450535027,17.249500567147359,-67.75615270187436,486.7709629122693,612.9942866696281,0.0,0.0,0.0,0.0,0.0,0.0,0.0,0.0,0.0,0.0,0.0,0.0,0.0,0.0,0.0,0.0,0.0,0.0,0.0,0.0,0.0,0.0,1.4984244382850749,0.45739451718103649,111.61626884169792,131.89600517190903,3145.9074645532125,0.2817637413925186,0.0430042340342672,80.48101378377629,95.09973654832506,2271.645813369926,1.4501749679078744,0.2740315510029998,101.24223049072728,119.60003068945744,2863.7471583412154,0.2877652746716286,0.054377413959113499,98.78703748895387,116.67012364397661,2772.077864779325,0.0,0.0,8.268818046564864,9.834499639263268,200.64751155080189,0.0,0.0,11.286350816768519,13.323463409926712,320.98327934086447,0.0,0.0,83.69066628194334,99.26891445319203,2160.9826247747298,0.0,0.0,50.36237910818612,60.28705080289221,1041.4609007703403,0.0,0.0,20.053175195639619,23.75511243231262,531.1542053863304,37.707951272959608,25.86279236828507,154.94390324512359,184.02193222140574,4804.669501651904,0.0,0.0,63.226000224254459,76.19992754056963,1069.6960177714159,0.0,18.094102728519908,37.68976453676489,22.000000000000008,30.00000000000001,0.0,18.24864658953971,37.262734183374579,12.000000000000004,30.00000000000001,0.0,18.135241205859196,37.676295638031238,22.000000000000008,30.00000000000001,0.0,18.151380438520989,37.6211782106125,12.000000000000004,30.00000000000001,0.0,16.198400384098883,43.89637605930557,12.000000000000004,30.00000000000001,0.0,18.386431830486978,38.17691566164366,12.000000000000004,30.00000000000001,0.0,17.009992392574284,40.96700913884172,10.000000000000004,30.00000000000001,0.0,14.34460728539361,49.369913040811059,12.000000000000004,30.00000000000001,0.0,17.3587995961158,40.9067167713322,20.000000000000008,30.00000000000001,0.0,16.557309745686923,0.0,0.0,0.0,12.412280337384058,0.0,0.0,487.9115351313418,481.95027217609046,497.00507870253508,494.5824250404785,561.3903175582348,872.058845604492,533.0200198967943,612.9668371477806,780.0524864760989,0.0,82.39498463766813,82.39498463766813,60.00000000000002,0.0,60.00000000000002,60.00000000000002,12.0,12.0,12.0,19.0,12.0,12.0,21.0,10.0,0.0,0.0,0.0,0.0,0.0,0.0,0.0,0.0,0.0,0.0,0.0,0.0,0.0,82.39498463766813,82.39498463766813,0.0,0.0,0.0,82.39498463766813,0.0,0.0,0.00117 
 02/26  01:50:00,4.076666666666667,91.0,4.785,0.0,0.0,0.0,0.0,0.0,2.0,2.0,0.0,0.0,0.0,0.0,0.0,416.0,0.0,0.0,0.0,0.0,0.0,0.0,0.0,0.0,0.0,0.0,0.0,18.373669268289875,-104.68314989664032,18.50078837454864,-293.98155050603239,18.290274917559939,-193.22799138488609,18.305468910944755,-217.13458305573114,16.18337881250028,-4.079961680652161,18.135396896046968,-25.65466768077613,16.946229915106366,-37.53820045832458,14.732234033318595,-198.31150235059523,17.21233667929925,-68.89047033200075,629.4626465184965,617.0076059649131,0.0,0.0,0.0,0.0,0.0,0.0,0.0,0.0,0.0,0.0,0.0,0.0,0.0,0.0,0.0,0.0,0.0,0.0,0.0,0.0,0.0,0.0,1.4900381663287177,0.45483460510644627,264.55392882243549,312.84946145881539,7337.868254400748,0.2679346292385598,0.04089356368109888,216.15721295928626,255.34838407768747,6079.060939113784,1.4408529496542944,0.2722700207207662,223.95725542415517,264.89163832414837,6216.487892708827,0.2771004004532681,0.05236213160492592,207.22387401491427,244.93230504657039,5790.456370749373,0.0,0.0,7.897132606315646,9.39761889006023,191.8185501214266,0.0,0.0,11.57425879769804,13.66684563340857,329.0518745769361,0.0,0.0,79.7929285831531,94.70628618416791,2057.6661163378569,0.0,0.0,50.68670784891727,60.70414398838402,1044.2485187841979,0.0,0.0,22.502248319834764,26.661470011724025,596.4482666513929,37.722905044631129,25.8730487274562,399.68698736539,474.1741491428029,11301.763298456886,0.0,0.0,63.42766804302836,76.48048016446275,1067.484614613254,0.0,17.879238641788754,38.08547700037375,22.0,30.0,0.0,18.19663579700979,37.210495847198249,12.0,30.0,0.0,17.900110471561797,38.12576566192304,22.0,30.0,0.0,18.08155553305452,37.5985820138375,12.0,30.0,0.0,16.1602407385346,43.71038471828727,12.0,30.0,0.0,18.330549101610104,38.06913232711635,12.0,30.0,0.0,16.936348331127897,40.847258264241059,10.0,30.0,0.0,14.255423401386011,49.229445843196618,12.0,30.0,0.0,17.318448185710716,40.69937943802505,20.0,30.0,0.0,16.99711091385422,0.0,0.0,0.0,12.318401502170433,0.0,0.0,487.0232800528164,478.0035506145098,497.93850766553586,490.21481911509366,556.6445313290158,864.1795889889786,529.8671427821666,608.7936535259319,766.6317002446995,0.0,82.3949846376681,82.3949846376681,60.0,0.0,60.0,60.0,12.0,12.0,12.0,19.0,12.0,12.0,21.0,10.0,0.0,0.0,0.0,0.0,0.0,0.0,0.0,0.0,0.0,0.0,0.0,0.0,0.0,82.3949846376681,82.3949846376681,0.0,0.0,0.0,82.3949846376681,0.0,0.0,0.00118 
 02/26  02:00:00,4.03,91.0,4.83,0.0,0.0,0.0,0.0,0.0,2.0,2.0,0.0,0.0,0.0,0.0,0.0,624.0,0.0,0.0,0.0,0.0,0.0,0.0,0.0,0.0,0.0,0.0,0.0,18.39381187728286,-140.99048879449959,18.354217532944376,-214.7837616575374,18.29447578202084,-176.22258454086916,18.188466006658108,-67.1684019843455,16.147463440679759,-3.789735815107144,18.085966253950809,-26.9636527843806,16.874141172585899,-25.44701795284044,14.66303898846418,-197.00342638515313,17.178149674528624,-71.73298154426108,528.7818003708658,623.9365456484395,0.0,0.0,0.0,0.0,0.0,0.0,0.0,0.0,0.0,0.0,0.0,0.0,0.0,0.0,0.0,0.0,0.0,0.0,0.0,0.0,0.0,0.0,1.490737710576637,0.4550481412016601,193.97872696952437,229.5457728852249,5439.310263840034,0.273034658291357,0.04167195639367479,136.30196766297619,161.34562569754395,3804.3614170156035,1.4403289103028099,0.27217099590000218,117.13551562192015,138.68924608505834,3302.670203578484,0.2830899920629146,0.05349395163698313,90.57462781139192,107.3405041792833,2516.3962674712977,0.0,0.0,8.029283853633457,9.561451384853847,195.22703527718768,0.0,0.0,11.81330349760984,13.963663367716447,335.8999683411723,0.0,0.0,80.65739162230378,95.82061636828517,2071.9313095635695,0.0,0.0,50.8181134427185,60.92622179978669,1044.6390200374877,0.0,0.0,22.321693766619455,26.475120034817139,592.2944135743967,37.823186196484559,25.941828666999038,216.64740587419494,257.6679120073098,6436.222608575002,0.0,0.0,63.560653355614238,76.72487271156716,1065.3656219759189,0.0,17.984800727690354,37.715779799361069,22.000000000000019,30.00000000000002,0.0,18.00494072623881,37.47252256312434,12.00000000000001,30.00000000000002,0.0,17.98876161448618,37.74687854547588,22.000000000000019,30.00000000000002,0.0,17.94172955251561,37.81909050284763,12.00000000000001,30.00000000000002,0.0,16.124973319711026,43.59350446187965,12.00000000000001,30.00000000000002,0.0,18.283590905629337,37.9644585470397,12.00000000000001,30.00000000000002,0.0,16.84076369616819,40.95481971683144,10.000000000000007,30.00000000000002,0.0,14.183531836308039,49.250270475827587,12.00000000000001,30.00000000000002,0.0,17.28423193759592,40.54309141496837,20.000000000000015,30.00000000000002,0.0,16.628737083134845,0.0,0.0,0.0,12.235589266393472,0.0,0.0,484.68211970747367,473.22773420993607,491.7224360713241,487.15952396019807,553.2907551813889,853.0758270461638,527.5360199444515,606.7101591390257,756.6702481170564,0.0,82.39498463766816,82.39498463766816,60.00000000000004,0.0,60.00000000000004,60.00000000000004,12.0,12.0,12.0,19.0,12.0,12.0,21.0,10.0,0.0,0.0,0.0,0.0,0.0,0.0,0.0,0.0,0.0,0.0,0.0,0.0,0.0,82.39498463766816,82.39498463766816,0.0,0.0,0.0,82.39498463766816,0.0,0.0,0.0011900000000000004 
 02/26  02:10:00,3.951666666666667,91.16666666666667,4.841666666666667,0.0,0.0,0.0,0.0,0.0,2.0,2.0,0.0,0.0,0.0,0.0,0.0,416.0,0.0,0.0,0.0,0.0,0.0,0.0,0.0,0.0,0.0,0.0,0.0,18.346459452993945,-76.61744165688333,18.28852967262641,-252.8556884373764,18.23183210766801,-116.9867543467858,18.135943579125674,-246.72213237919437,16.10865372639969,-3.755727193687534,18.029143354320163,-27.268179851620319,16.828703011422364,-21.50099075235471,14.5898989656236,-197.21565032711954,17.138022626157356,-73.29323411039775,404.8617925868267,631.9543126266996,0.0,0.0,0.0,0.0,0.0,0.0,0.0,0.0,0.0,0.0,0.0,0.0,0.0,0.0,0.0,0.0,0.0,0.0,0.0,0.0,0.0,0.0,1.495989553966418,0.45665126799951719,87.09735411839157,102.93482194757,2481.1098351498537,0.2771655854908204,0.04230243978797625,60.58797273677294,71.57209965071611,1689.7045790840546,1.450411175673374,0.2740761858793225,95.10010137143688,112.41459776221491,2697.679450656165,0.2797343787230627,0.05285985992499294,92.41523197568319,109.2943676527219,2568.87095768161,0.0,0.0,8.128154420408884,9.67538280013307,198.30708155721605,0.0,0.0,11.837943238694927,13.98775638393034,337.15665437097797,0.0,0.0,81.54214872637283,96.83484971636766,2100.6443056061136,0.0,0.0,51.06562639467212,61.204396773468427,1050.0005062196925,0.0,0.0,22.20661107707054,26.32682720051977,590.9175209230141,37.87212071379364,25.975391436072465,128.2599862057634,152.41697309295223,4111.117574800051,0.0,0.0,63.82333211060775,77.02083282475644,1069.2339305311398,0.0,17.971619582820624,37.571727392364589,22.0,30.0,0.0,17.955751170877435,37.33283501099805,12.0,30.0,0.0,17.94305730694388,37.75591240646166,22.0,30.0,0.0,17.887100643911116,37.67944911793518,12.0,30.0,0.0,16.08428816993876,43.46909024206376,12.0,30.0,0.0,18.22356174266796,37.88822639333208,12.0,30.0,0.0,16.795392094745659,40.943260345842038,10.0,30.0,0.0,14.103381918953609,49.301043030271987,12.0,30.0,0.0,17.23952347586321,40.43989040257265,20.0,30.0,0.0,16.127407518042277,0.0,0.0,0.0,12.149288109858187,0.0,0.0,481.036453069259,467.2426201124185,492.20960266761008,480.1118914717772,549.624899013416,844.0714428461834,526.5347333218922,605.9892361024765,752.3544022015342,0.0,82.3949846376681,82.3949846376681,60.0,0.0,60.0,60.0,12.0,12.0,12.0,19.0,12.0,12.0,21.0,10.0,0.0,0.0,0.0,0.0,0.0,0.0,0.0,0.0,0.0,0.0,0.0,0.0,0.0,82.3949846376681,82.3949846376681,0.0,0.0,0.0,82.3949846376681,0.0,0.0,0.0012000000000000002 
 02/26  02:20:00,3.8733333333333337,91.33333333333334,4.8533333333333339,0.0,0.0,0.0,0.0,0.0,2.0,2.0,0.0,0.0,0.0,0.0,0.0,624.0,0.0,0.0,0.0,0.0,0.0,0.0,0.0,0.0,0.0,0.0,0.0,18.22658524123852,-240.2498622757173,18.216633217980474,-88.64869706205704,18.131942220795258,-251.45445959985717,18.04178902097511,-89.41145632123542,16.072181088593525,-4.015550528322685,17.976497297142396,-28.199025774018418,16.786392715513278,-22.000655838780398,14.520875164720789,-201.57377143053743,17.10055368690812,-76.33566950321056,449.37618953807017,639.6326263725765,0.0,0.0,0.0,0.0,0.0,0.0,0.0,0.0,0.0,0.0,0.0,0.0,0.0,0.0,0.0,0.0,0.0,0.0,0.0,0.0,0.0,0.0,1.4917408942329878,0.4553543633189827,119.91570197669737,141.96191185772177,3367.0531065404804,0.28042104823199,0.042799305285712758,42.085851356673519,49.837991658925037,1184.974427271409,1.4528685573455707,0.2745405437160942,128.7003390380558,152.30981265479114,3618.59467979511,0.2858915943161707,0.05402335493502844,87.97995244121855,104.18177232549357,2452.9042990938216,0.0,0.0,8.20800940549654,9.778923891163768,200.9767858823517,0.0,0.0,11.767889631495907,13.91799815213204,335.84605754992335,0.0,0.0,83.20140871335414,98.89227639358515,2149.730918913313,0.0,0.0,51.5303716983947,61.82394082954443,1060.4050039978586,0.0,0.0,21.904253317512415,25.992361160378679,584.6604701956258,37.919850386635399,26.008127837198488,145.55490372773387,173.21755659866509,4553.696579972966,0.0,0.0,64.29717146893015,77.6734029506051,1077.083273848793,0.0,17.79723686035145,37.6936932364047,21.999999999999994,29.99999999999999,0.0,17.904543965634365,37.33891812579227,11.999999999999995,29.99999999999999,0.0,17.811465361047519,37.75197695644158,21.999999999999994,29.99999999999999,0.0,17.797960599725604,37.796192913294088,11.999999999999995,29.99999999999999,0.0,16.048694445472035,43.37705987095171,11.999999999999995,29.99999999999999,0.0,18.17241459121961,37.83228355997776,11.999999999999995,29.99999999999999,0.0,16.753786784092275,40.806587290924777,9.999999999999997,29.99999999999999,0.0,14.030985956908758,49.31369727827426,11.999999999999995,29.99999999999999,0.0,17.200648277999826,40.367454899398797,19.999999999999994,29.99999999999999,0.0,16.210281926559686,0.0,0.0,0.0,12.06822111214697,0.0,0.0,476.0242646935336,467.40853585538175,483.2279637850029,481.44057247118806,546.8458667735063,838.5572090218194,521.6590624599205,602.7510077903943,750.2134917192124,0.0,82.39498463766808,82.39498463766808,59.99999999999998,0.0,59.99999999999998,59.99999999999998,12.0,12.0,12.0,19.0,12.0,12.0,21.0,10.0,0.0,0.0,0.0,0.0,0.0,0.0,0.0,0.0,0.0,0.0,0.0,0.0,0.0,82.39498463766808,82.39498463766808,0.0,0.0,0.0,82.39498463766808,0.0,0.0,0.0012066666666666667 
 02/26  02:30:00,3.795,91.5,4.865,0.0,0.0,0.0,0.0,0.0,2.0,2.0,0.0,0.0,0.0,0.0,0.0,416.0,0.0,0.0,0.0,0.0,0.0,0.0,0.0,0.0,0.0,0.0,0.0,18.182800747994049,-17.213032068582835,18.16074670784449,-173.20141370428727,18.029431611706003,-306.0003083817078,18.03637280801597,-1.8003339920891577,16.032280005511294,-4.136388866981889,17.91972023990069,-27.534931042032527,16.72577301369531,-33.6011627562134,14.447864535539996,-200.57768467193763,17.059645996951319,-76.25726292711187,323.76784509011147,646.997815545755,0.0,0.0,0.0,0.0,0.0,0.0,0.0,0.0,0.0,0.0,0.0,0.0,0.0,0.0,0.0,0.0,0.0,0.0,0.0,0.0,0.0,0.0,1.5006916912142364,0.45808659682974248,99.0081051765367,117.2063885800766,2813.0589381702068,0.2803037814553101,0.042781407426024129,53.27126906286351,63.16416615531348,1498.4550787855274,1.4393319738561848,0.2719826103280773,73.30819773135987,86.7074831736031,2053.4262667866639,0.2833076998166867,0.05353509066830813,31.212791936805787,36.871663966021028,885.2055889999496,0.0,0.0,8.057578787279914,9.595530426950397,197.9412060111472,0.0,0.0,11.913625302412651,14.085421317406313,340.5796646471065,0.0,0.0,80.74821593069129,95.94684888320683,2088.0202443708014,0.0,0.0,51.579983248284339,61.86595756221764,1061.7041477958044,0.0,0.0,22.85822039133199,27.112831625885826,611.8410952155944,37.91758445035693,26.00657369708981,79.2657022760684,94.45702266404521,2815.740171218884,0.0,0.0,64.32010387134344,77.68079379912283,1077.1797806728883,0.0,17.819699724048904,37.70486671444888,22.0,30.0,0.0,17.851816156762419,37.31930774117231,12.0,30.0,0.0,17.691277387674057,37.80652680197707,22.0,30.0,0.0,17.84649791755373,37.58478628051053,12.0,30.0,0.0,16.00667356296357,43.26420512489797,12.0,30.0,0.0,18.112987401411297,37.76054816547861,12.0,30.0,0.0,16.68050080660395,40.819992595751298,10.0,30.0,0.0,13.950757428799692,49.34986219928783,12.0,30.0,0.0,17.155667519647666,40.27092563250278,20.0,30.0,0.0,15.733227461752364,0.0,0.0,0.0,11.983918562160389,0.0,0.0,484.8303453448661,466.1267014660516,481.5198529886238,481.51827977783617,543.429981172714,831.9719010820652,518.8009972978343,599.6410279909608,745.0202217013971,0.0,82.3949846376681,82.3949846376681,60.0,0.0,60.0,60.0,12.0,12.0,12.0,19.0,12.0,12.0,21.0,10.0,0.0,0.0,0.0,0.0,0.0,0.0,0.0,0.0,0.0,0.0,0.0,0.0,0.0,82.3949846376681,82.3949846376681,0.0,0.0,0.0,82.3949846376681,0.0,0.0,0.0012133333333333332 
 02/26  02:40:00,3.716666666666667,91.66666666666666,4.876666666666667,0.0,0.0,0.0,0.0,0.0,2.0,2.0,0.0,0.0,0.0,0.0,0.0,624.0,0.0,0.0,0.0,0.0,0.0,0.0,0.0,0.0,0.0,0.0,0.0,18.061487239091528,-200.56238281039956,18.10870240547711,-202.5109982925435,17.968202065037194,-31.505558124295207,17.938700250536884,-196.10888226927424,15.994771776634309,-4.58791138183035,17.867082872548275,-27.661849436267148,16.671159408669604,-37.88010049720759,14.379880045029353,-204.71732186058657,17.021681786518387,-78.7741499307098,426.42982164974526,652.3581032597741,0.0,0.0,0.0,0.0,0.0,0.0,0.0,0.0,0.0,0.0,0.0,0.0,0.0,0.0,0.0,0.0,0.0,0.0,0.0,0.0,0.0,0.0,1.499059440281644,0.4575883517343238,143.72231980352155,170.3722460367894,4041.844870553775,0.2704384685170075,0.04127571253312082,68.26028816212157,80.87712186609729,1919.8307739157329,1.459787531468423,0.27584798402653518,101.9572177606445,120.9785307461488,2877.489590172541,0.28308291162842816,0.053492613686399879,72.98276172255595,86.55369873177389,2043.3499592446979,0.0,0.0,7.961463934249745,9.489599336107294,196.26314756425487,0.0,0.0,12.143172143561909,14.369896315358039,347.8568040705144,0.0,0.0,80.45277471774257,95.68864686468418,2082.9514518513249,0.0,0.0,51.88552012630875,62.29497634042234,1069.0133350984834,0.0,0.0,23.62289542070323,28.045100232723603,634.2354102324268,37.972073885510429,26.043946423532547,145.77717864633815,173.8027712650691,4576.966039050688,0.0,0.0,64.58118214612054,78.07806648047823,1080.9438681279808,0.0,17.63217960300178,37.73760125833524,22.000000000000008,30.00000000000001,0.0,17.81776000100491,37.29283794148084,12.000000000000006,30.00000000000001,0.0,17.671085562421049,37.88322699212209,22.000000000000008,30.00000000000001,0.0,17.686416481650789,37.59813375430602,12.000000000000006,30.00000000000001,0.0,15.969852860043268,43.180960636080559,12.000000000000006,30.00000000000001,0.0,18.062236327344999,37.707974741442559,12.000000000000006,30.00000000000001,0.0,16.615336646140457,40.81415682444599,10.000000000000004,30.00000000000001,0.0,13.879964992113117,49.33936926069963,12.000000000000006,30.00000000000001,0.0,17.11674112515042,40.181519709205279,20.000000000000008,30.00000000000001,0.0,15.96553013625151,0.0,0.0,0.0,11.898773796553364,0.0,0.0,469.62772097318278,468.64762734134629,483.27399572908379,469.5613619170234,541.0734223978973,826.1158965085324,518.313023294489,598.8106408579494,738.4148337461342,0.0,82.39498463766813,82.39498463766813,60.00000000000002,0.0,60.00000000000002,60.00000000000002,12.0,12.0,12.0,19.0,12.0,12.0,21.0,10.0,0.0,0.0,0.0,0.0,0.0,0.0,0.0,0.0,0.0,0.0,0.0,0.0,0.0,82.39498463766813,82.39498463766813,0.0,0.0,0.0,82.39498463766813,0.0,0.0,0.0012200000000000002 
 02/26  02:50:00,3.638333333333333,91.83333333333333,4.888333333333334,0.0,0.0,0.0,0.0,0.0,2.0,2.0,0.0,0.0,0.0,0.0,0.0,624.0,0.0,0.0,0.0,0.0,0.0,0.0,0.0,0.0,0.0,0.0,0.0,17.895360184374018,-149.90919084538988,18.013719790136869,-257.2236244747089,17.89897239738403,-224.6130325662166,17.821940788196615,-223.4247809317534,15.9550187581059,-5.051170163679524,17.81135245400965,-29.41537677647324,16.598658092938778,-57.41330613266038,14.30644355798698,-208.44186496848566,16.980618504487219,-81.45245020337646,600.5365885864053,652.2599623089607,0.0,0.0,0.0,0.0,0.0,0.0,0.0,0.0,0.0,0.0,0.0,0.0,0.0,0.0,0.0,0.0,0.0,0.0,0.0,0.0,0.0,0.0,1.5072029188584515,0.46007415105569379,291.0471487810507,345.54196237367389,8025.177308198039,0.2744894278587602,0.041893990820934128,183.20779957120625,217.19138175238124,5155.6841377221339,1.4219152220083556,0.26869146296454218,254.94484087652533,302.368938419863,7145.314874032516,0.27300892529800915,0.05158898815155126,142.20290106613519,168.72088313018714,3952.208337147641,0.0,0.0,7.765012580494947,9.258457043655742,192.04832607712917,0.0,0.0,12.355684731993037,14.62488828915586,354.5519641870834,0.0,0.0,76.96833718898323,91.58945410876226,1991.247030895198,0.0,0.0,51.73456939265934,62.13869695164479,1065.9484588577396,0.0,0.0,25.818321815072058,30.658276678932699,695.0706040671145,37.977473846463379,26.047650100455017,384.7816577816222,458.1672866693337,10907.9156976059,0.0,0.0,64.2957255454409,77.76773348875628,1074.3894817410147,0.0,17.392257371601269,38.07075955093406,22.000000000000019,30.00000000000002,0.0,17.70723300478362,37.240617932853137,12.00000000000001,30.00000000000002,0.0,17.59326198914727,37.61652160277903,22.000000000000019,30.00000000000002,0.0,17.527588860615955,37.7517601459449,12.00000000000001,30.00000000000002,0.0,15.928998799069373,43.04498744630398,12.00000000000001,30.00000000000002,0.0,18.00500425830274,37.627094518840568,12.00000000000001,30.00000000000002,0.0,16.51964759669793,40.78814335991306,10.000000000000007,30.00000000000002,0.0,13.79846743238631,49.23686614171364,12.00000000000001,30.00000000000002,0.0,17.072217855638426,40.00505099491506,20.000000000000015,30.00000000000002,0.0,16.421909464905157,0.0,0.0,0.0,11.803599355583153,0.0,0.0,468.32836737849336,464.44977018406476,470.4999294721601,466.5289722035201,538.4587754662894,820.1406686201383,518.518940376189,598.1158900995655,726.6054813997495,0.0,82.39498463766816,82.39498463766816,60.00000000000004,0.0,60.00000000000004,60.00000000000004,12.0,12.0,12.0,19.0,12.0,12.0,21.0,10.0,0.0,0.0,0.0,0.0,0.0,0.0,0.0,0.0,0.0,0.0,0.0,0.0,0.0,82.39498463766816,82.39498463766816,0.0,0.0,0.0,82.39498463766816,0.0,0.0,0.0012233333333333335 
 02/26  03:00:00,3.56,92.0,4.9,0.0,0.0,0.0,0.0,0.0,2.0,2.0,0.0,0.0,0.0,0.0,0.0,832.0,0.0,0.0,0.0,0.0,0.0,0.0,0.0,0.0,0.0,0.0,0.0,17.929719363878126,-115.7540910274646,17.897540061871074,-224.7190852184251,17.815015149182423,-145.03405763866255,17.789109190159594,-115.42864973094862,15.915927424526974,-5.089845766254626,17.75660739381667,-30.56280643305493,16.534328488582739,-43.67045659225005,14.238192493569077,-208.7849338256301,16.94054798862105,-83.1970428687265,478.77723983767137,658.7019099948709,0.0,0.0,0.0,0.0,0.0,0.0,0.0,0.0,0.0,0.0,0.0,0.0,0.0,0.0,0.0,0.0,0.0,0.0,0.0,0.0,0.0,0.0,1.4957692600402939,0.4565840232113229,170.92985812177776,202.9156706189483,4816.774556066972,0.27606633852975495,0.0421346670527709,100.08000235323337,118.77859688327942,2807.3123304655339,1.4450523408671606,0.27306355647527616,110.99513817881987,131.78038963937966,3133.044345977153,0.2809832961817521,0.0530958609564913,56.261058582705988,66.76108656376954,1579.1997394632309,0.0,0.0,7.913842837324788,9.440066540022212,196.37698006910808,0.0,0.0,12.550489861413276,14.865650048431047,360.8193136823859,0.0,0.0,78.9352625444653,93.98592533140415,2042.7968019329679,0.0,0.0,51.88873608045431,62.36426605993485,1070.188686042746,0.0,0.0,25.828836894023348,30.689755736931497,697.3528201752996,38.03288128649785,26.08565245987507,174.99249421789274,208.79674484947979,5348.444149951026,0.0,0.0,64.4561699333478,78.0170383964336,1076.3109232806729,0.0,17.536251100712204,37.600946922113099,22.0,30.0,0.0,17.56653629252459,37.357013611792009,12.0,30.0,0.0,17.50969751237573,37.6898723167313,22.0,30.0,0.0,17.546328624283036,37.56347606999355,12.0,30.0,0.0,15.889920527759028,42.9361052384946,12.0,30.0,0.0,17.950529861848737,37.54349306420375,12.0,30.0,0.0,16.444729223893356,40.761921150462487,10.0,30.0,0.0,13.727691053441618,49.25137891831421,12.0,30.0,0.0,17.030281549650128,39.880180317949058,20.0,30.0,0.0,15.982743831520603,0.0,0.0,0.0,11.716888175948258,0.0,0.0,467.3128113219445,458.99243866152929,471.30295388253929,463.6594934345993,536.7446858111732,812.0077270146438,514.8173399302165,599.4103322450362,718.866602472806,0.0,82.3949846376681,82.3949846376681,60.0,0.0,60.0,60.0,12.0,12.0,12.0,19.0,12.0,12.0,21.0,10.0,0.0,0.0,0.0,0.0,0.0,0.0,0.0,0.0,0.0,0.0,0.0,0.0,0.0,82.3949846376681,82.3949846376681,0.0,0.0,0.0,82.3949846376681,0.0,0.0,0.0012266666666666668 
 02/26  03:10:00,3.545,92.0,4.911666666666667,0.0,0.0,0.0,0.0,0.0,2.0,2.0,0.0,0.0,0.0,0.0,0.0,416.0,0.0,0.0,0.0,0.0,0.0,0.0,0.0,0.0,0.0,0.0,0.0,17.883227247548029,-89.48286811166008,17.830964055155364,-233.5338416652798,17.713884700607218,-347.40676322548486,17.74308473352628,-71.512292627551,15.873654617794859,-4.945697994255937,17.69847768788524,-30.068080995842054,16.488007197314418,-38.533489364395567,14.165745877666734,-208.0883143723238,16.897289954443765,-83.80447004831359,424.6422682566325,667.2982534126869,0.0,0.0,0.0,0.0,0.0,0.0,0.0,0.0,0.0,0.0,0.0,0.0,0.0,0.0,0.0,0.0,0.0,0.0,0.0,0.0,0.0,0.0,1.490434723596996,0.4549556543336374,118.86287954371562,140.76047201202904,3367.140932160274,0.2772204714965623,0.0423108167729796,55.67311714267937,65.90789480507891,1553.6928600158277,1.4381975754139576,0.27176824932236556,115.47378956580539,136.8787247003218,3215.4854801320605,0.2841809419952505,0.05370010241784777,74.69367001991097,88.47997751822779,2095.701394822554,0.0,0.0,7.995825900230466,9.531431323599188,198.003279166669,0.0,0.0,12.5032849703638,14.80005863683634,358.4026024790145,0.0,0.0,79.99600957389369,95.18325626712309,2066.443474256468,0.0,0.0,52.10249756061264,62.58395765412029,1068.2076282493518,0.0,0.0,25.568348464840328,30.359242044071679,688.8514713649468,38.09286843766532,26.12679591060722,140.47584003480663,167.23902604690324,4438.227688891897,0.0,0.0,64.67762157846185,78.24071782494215,1071.1904110415529,0.0,17.518155237944265,37.54725939342083,22.0,30.0,0.0,17.51362978183696,37.321828595062928,12.0,30.0,0.0,17.3774147748494,37.79232567302021,22.0,30.0,0.0,17.515446349883307,37.54116564191484,12.0,30.0,0.0,15.844843325365652,42.82074319814363,12.0,30.0,0.0,17.886874183284247,37.48144819511041,12.0,30.0,0.0,16.401417303602757,40.72704269225614,10.0,30.0,0.0,13.647078590657142,49.29314630212558,12.0,30.0,0.0,16.981411857304367,39.79469878115974,20.0,30.0,0.0,15.726274156876178,0.0,0.0,0.0,11.630807315795542,0.0,0.0,469.10039451668026,456.54512508083459,468.1360063103086,465.7474156532687,534.2648517237379,806.0904954133569,514.2719004122366,597.9786559511524,715.2569448800362,0.0,82.3949846376681,82.3949846376681,60.0,0.0,60.0,60.0,12.0,12.0,12.0,19.0,12.0,12.0,21.0,10.0,0.0,0.0,0.0,0.0,0.0,0.0,0.0,0.0,0.0,0.0,0.0,0.0,0.0,82.3949846376681,82.3949846376681,0.0,0.0,0.0,82.3949846376681,0.0,0.0,0.0012300000000000002 
 02/26  03:20:00,3.5300000000000004,92.0,4.923333333333334,0.0,0.0,0.0,0.0,0.0,2.0,2.0,0.0,0.0,0.0,0.0,0.0,624.0,0.0,0.0,0.0,0.0,0.0,0.0,0.0,0.0,0.0,0.0,0.0,17.757071401713888,-207.55404540940109,17.747371815577247,-132.04268243543869,17.641114635125086,-22.360646017121398,17.65045158510209,-211.68129521943585,15.834986711288128,-5.294371386554149,17.64692061184554,-30.724801738065528,16.437787526132266,-45.95051973541223,14.098632976382469,-212.61825402934393,16.858179504673914,-86.0751420161514,413.4366617203316,675.1532443325693,0.0,0.0,0.0,0.0,0.0,0.0,0.0,0.0,0.0,0.0,0.0,0.0,0.0,0.0,0.0,0.0,0.0,0.0,0.0,0.0,0.0,0.0,1.4830710616301147,0.4527078942704867,115.80240758767398,137.4826591755551,3238.2474174926685,0.2746127688221126,0.04191281575429068,46.1862440709024,54.811888481431157,1287.7649947468586,1.446217997888702,0.2732838242420072,114.94315866723425,136.5673197322295,3209.0791522368456,0.27911994616883276,0.05274375400015732,86.82088254748595,103.09043627618124,2410.858782957122,0.0,0.0,7.961355949903426,9.498566381274176,196.80847992826217,0.0,0.0,12.49151117137852,14.799543841612828,357.2242064372641,0.0,0.0,79.98270179954413,95.25496334700662,2060.324038125628,0.0,0.0,52.56750951797876,63.20519580341126,1072.0764107088858,0.0,0.0,25.898411342834785,30.777631616280979,696.5061128202513,38.05414071618127,26.10023368736713,139.81712068005587,166.93701217941629,4391.286707468347,0.0,0.0,65.10830730467007,78.84204915798819,1070.05945419182,0.0,17.33208440205876,37.72634941814757,21.999999999999994,29.99999999999999,0.0,17.43151278793659,37.42707002226128,11.999999999999995,29.99999999999999,0.0,17.33760751355361,37.88690816416293,21.999999999999994,29.99999999999999,0.0,17.376283642073184,37.65735856166469,11.999999999999995,29.99999999999999,0.0,15.807270831150113,42.74290019904517,11.999999999999995,29.99999999999999,0.0,17.836076295485186,37.43871649387791,11.999999999999995,29.99999999999999,0.0,16.34828147233656,40.657000885271738,9.999999999999997,29.99999999999999,0.0,13.576661524468819,49.289294856465627,11.999999999999995,29.99999999999999,0.0,16.941110487250766,39.73103152523648,19.999999999999994,29.99999999999999,0.0,15.670975830808028,0.0,0.0,0.0,11.551553354283858,0.0,0.0,461.9454045784058,457.0887015270604,470.94466971107888,461.62426364917146,532.5569927523619,802.625897145991,511.18114847605207,594.5162789492239,712.7958668209958,0.0,82.39498463766808,82.39498463766808,59.99999999999998,0.0,59.99999999999998,59.99999999999998,12.0,12.0,12.0,19.0,12.0,12.0,21.0,10.0,0.0,0.0,0.0,0.0,0.0,0.0,0.0,0.0,0.0,0.0,0.0,0.0,0.0,82.39498463766808,82.39498463766808,0.0,0.0,0.0,82.39498463766808,0.0,0.0,0.0012300000000000002 
 02/26  03:30:00,3.515,92.0,4.9350000000000009,0.0,0.0,0.0,0.0,0.0,2.0,2.0,0.0,0.0,0.0,0.0,0.0,416.0,0.0,0.0,0.0,0.0,0.0,0.0,0.0,0.0,0.0,0.0,0.0,17.700551230986045,-110.26065419842553,17.687232827186269,-164.55299317752384,17.582036613875475,-280.6345225744092,17.61458251440547,-80.4181510847983,15.793041843031583,-5.246729787660243,17.591100136702157,-31.09605431199563,16.378752350821779,-44.27648295458039,14.027697252635554,-211.73670173265567,16.815490040406023,-87.13825122327234,439.4823934492531,680.3770097300165,0.0,0.0,0.0,0.0,0.0,0.0,0.0,0.0,0.0,0.0,0.0,0.0,0.0,0.0,0.0,0.0,0.0,0.0,0.0,0.0,0.0,0.0,1.4801760439608185,0.4518241892432291,115.70332925286906,137.2451504565086,3233.0172566145058,0.2793833789918715,0.042640930859565249,87.87709997591168,104.26054331137085,2442.4808521584375,1.4227973296642993,0.2688581499743575,99.43505394852514,117.9110353325461,2763.288953845779,0.28032805908037208,0.052972044421839007,68.01958531928966,80.63470663871544,1895.5195796216347,0.0,0.0,8.001666087675112,9.542497897300322,197.40223812188123,0.0,0.0,12.522647848919874,14.831696928502158,357.1387605398678,0.0,0.0,80.02919217069824,95.27717274004495,2054.0852194003748,0.0,0.0,52.595735679409788,63.22159792082116,1066.4282276001475,0.0,0.0,26.229968283288863,31.160688672711808,703.9690726960664,38.119472355883178,26.145042768095466,131.05395332424033,156.32072462622259,4130.490183640941,0.0,0.0,65.1081277985991,78.82178081474028,1061.5681627352943,0.0,17.315040330398995,37.754625291681467,22.0,30.0,0.0,17.374075945526387,37.52076953414705,12.0,30.0,0.0,17.27556818051311,37.84759811958889,22.0,30.0,0.0,17.380335476802985,37.607837657408058,12.0,30.0,0.0,15.763486495693137,42.649362698763329,12.0,30.0,0.0,17.776699040908633,37.39444631285379,12.0,30.0,0.0,16.28215320097931,40.6909298555817,10.0,30.0,0.0,13.498891345426895,49.33078062721937,12.0,30.0,0.0,16.893954257729996,39.65470676207181,20.0,30.0,0.0,15.639149961865315,0.0,0.0,0.0,11.469021599533726,0.0,0.0,466.0356916629554,458.13378088484537,469.1669965704146,464.9710991955326,530.2377542135605,798.8179411163054,509.11800326401467,592.5781918528502,708.2988145000268,0.0,82.3949846376681,82.3949846376681,60.0,0.0,60.0,60.0,12.0,12.0,12.0,19.0,12.0,12.0,21.0,10.0,0.0,0.0,0.0,0.0,0.0,0.0,0.0,0.0,0.0,0.0,0.0,0.0,0.0,82.3949846376681,82.3949846376681,0.0,0.0,0.0,82.3949846376681,0.0,0.0,0.0012300000000000002 
 02/26  03:40:00,3.5,92.0,4.946666666666666,0.0,0.0,0.0,0.0,0.0,2.0,2.0,0.0,0.0,0.0,0.0,0.0,416.0,0.0,0.0,0.0,0.0,0.0,0.0,0.0,0.0,0.0,0.0,0.0,17.526560847680515,-140.69749214709294,17.63974591894479,-271.83201384920769,17.438373304883258,-141.98920038722157,17.544178838448837,-245.63747407542409,15.75197242285652,-5.872990378888334,17.537154254363359,-30.51306887097969,16.31992882493516,-64.69912909258689,13.955329957750248,-217.970101925885,16.772963807649494,-89.54756881544305,611.577389374411,683.410502367861,0.0,0.0,0.0,0.0,0.0,0.0,0.0,0.0,0.0,0.0,0.0,0.0,0.0,0.0,0.0,0.0,0.0,0.0,0.0,0.0,0.0,0.0,1.46848018570209,0.44825402493958807,264.9399655912928,314.57144105756586,7235.392105263176,0.2625186147128934,0.04006694363749901,201.62981276893556,239.13649151502714,5579.16963778297,1.4200575982636288,0.26834043806946897,220.46100234606963,261.76014003359105,6035.005751032184,0.27379705777880328,0.05173791719176177,214.84312541627947,254.91676673932683,5930.971929171895,0.0,0.0,7.651753205268475,9.129668868731495,188.40842590845694,0.0,0.0,12.66677212791689,15.005653792410529,360.3081574192804,0.0,0.0,78.30681909552061,93.27783235284508,2002.8742747573156,0.0,0.0,52.99566121684523,63.72791037084549,1067.8164836127349,0.0,0.0,27.322699338640289,32.461846937329998,731.7222548178781,38.10009345222671,26.13175133897581,392.109989258983,466.9972716798195,10944.768521630156,0.0,0.0,65.40022882155333,79.2067026191369,1057.8868617800945,0.0,17.04699577859589,38.262691803997189,22.000000000000008,30.00000000000001,0.0,17.344302657752779,37.48406785310067,12.000000000000004,30.00000000000001,0.0,17.080333991880587,38.25320598402264,22.000000000000008,30.00000000000001,0.0,17.288164397705548,37.666734810140699,12.000000000000004,30.00000000000001,0.0,15.721728768801559,42.563326957173448,12.000000000000004,30.00000000000001,0.0,17.721004588448964,37.36905956149512,12.000000000000004,30.00000000000001,0.0,16.21332013565663,40.68089957468974,10.000000000000004,30.00000000000001,0.0,13.41780808023455,49.25334833400507,12.000000000000004,30.00000000000001,0.0,16.847501076845079,39.57070027405561,20.000000000000008,30.00000000000001,0.0,16.17454499460374,0.0,0.0,0.0,11.38799292965776,0.0,0.0,463.0201914173723,455.8938516549633,470.5488667400741,461.8427663924351,528.4708718613126,796.9755064137614,509.77909174419588,588.5536940593338,704.7235952390056,0.0,82.39498463766813,82.39498463766813,60.00000000000002,0.0,60.00000000000002,60.00000000000002,12.0,12.0,12.0,19.0,12.0,12.0,21.0,10.0,0.0,0.0,0.0,0.0,0.0,0.0,0.0,0.0,0.0,0.0,0.0,0.0,0.0,82.39498463766813,82.39498463766813,0.0,0.0,0.0,82.39498463766813,0.0,0.0,0.0012300000000000002 
 02/26  03:50:00,3.4850000000000005,92.0,4.958333333333333,0.0,0.0,0.0,0.0,0.0,2.0,2.0,0.0,0.0,0.0,0.0,0.0,624.0,0.0,0.0,0.0,0.0,0.0,0.0,0.0,0.0,0.0,0.0,0.0,17.549048126854374,-126.14102860326007,17.505948111247095,-197.79966656274974,17.449378976555129,-168.0190659751422,17.42216694319505,-80.63855579769265,15.7125964798,-5.804887379319974,17.48720378155268,-32.41396762711867,16.24563965857768,-55.22523191911543,13.890902819384909,-215.78591912897213,16.733740552819584,-92.11478596966158,503.2896767398495,686.4242973397695,0.0,0.0,0.0,0.0,0.0,0.0,0.0,0.0,0.0,0.0,0.0,0.0,0.0,0.0,0.0,0.0,0.0,0.0,0.0,0.0,0.0,0.0,1.461377747452041,0.4460860034957395,181.1655103348291,215.2290135401611,5000.808347501064,0.26919714192737739,0.041086254872920887,129.26106104635108,153.6120339111447,3545.8737188868456,1.4121845173445236,0.26685270546948705,114.31470944087329,135.88515290280703,3171.351363837674,0.27508370272940677,0.05198104737895065,92.12362975727001,109.5932896300824,2519.6459205567018,0.0,0.0,7.7879737135161319,9.298042495955555,191.4126753830278,0.0,0.0,12.89936637739962,15.29579997154692,366.12503627144596,0.0,0.0,78.35379589642571,93.41141569423623,1991.6725336180153,0.0,0.0,52.85834429625689,63.62291311270406,1059.9630932260757,0.0,0.0,27.796991842060394,33.05924009737264,743.1532211054812,38.13583739385416,26.156267073974079,207.1979785547117,247.39322641580814,6095.80092124145,0.0,0.0,65.21672719946224,79.06194637691857,1047.2647113668048,0.0,17.164084798763207,37.92419396673432,22.000000000000019,30.00000000000002,0.0,17.16885648653917,37.77653526678328,12.00000000000001,30.00000000000002,0.0,17.167583496877197,37.93602424064822,22.000000000000019,30.00000000000002,0.0,17.140026308252016,37.945516639976649,12.00000000000001,30.00000000000002,0.0,15.68376516135083,42.50974310406452,12.00000000000001,30.00000000000002,0.0,17.672827145685809,37.33913585953647,12.00000000000001,30.00000000000002,0.0,16.12073330796442,40.83510310586969,10.000000000000007,30.00000000000002,0.0,13.35338475005388,49.32204964575804,12.00000000000001,30.00000000000002,0.0,16.807873225305948,39.49872506800768,20.000000000000015,30.00000000000002,0.0,15.799037357468805,0.0,0.0,0.0,11.313631150624511,0.0,0.0,462.76219127178299,453.3156052214881,468.0089768978878,460.19944878095148,526.8407532007495,791.0757612400146,508.82627036048828,588.8677534507084,697.089498605013,0.0,82.39498463766816,82.39498463766816,60.00000000000004,0.0,60.00000000000004,60.00000000000004,12.0,12.0,12.0,19.0,12.0,12.0,21.0,10.0,0.0,0.0,0.0,0.0,0.0,0.0,0.0,0.0,0.0,0.0,0.0,0.0,0.0,82.39498463766816,82.39498463766816,0.0,0.0,0.0,82.39498463766816,0.0,0.0,0.0012266666666666668 
 02/26  04:00:00,3.47,92.0,4.97,0.0,0.0,0.0,0.0,0.0,2.0,2.0,0.0,0.0,0.0,0.0,0.0,416.0,0.0,0.0,0.0,0.0,0.0,0.0,0.0,0.0,0.0,0.0,0.0,17.50688756125984,-70.75784681940729,17.448211352784495,-247.24585864127728,17.40035268387295,-99.8183435470471,17.372485281385307,-271.65238310297436,15.669864056997377,-5.740093716454169,17.431277315446996,-32.49350537437746,16.19673875945206,-50.210138615204417,13.822693059809332,-215.48265203035806,16.68945017248216,-92.45907008439446,366.955124569202,692.4252008780103,0.0,0.0,0.0,0.0,0.0,0.0,0.0,0.0,0.0,0.0,0.0,0.0,0.0,0.0,0.0,0.0,0.0,0.0,0.0,0.0,0.0,0.0,1.461358455227459,0.4460801145382964,81.24233259381191,96.3880775453899,2268.8839393639966,0.2720389824989648,0.04151999122389573,56.75184835888451,67.30558162863608,1549.1980321247368,1.4110894770820417,0.2666457817615348,89.09410551893022,105.69729279941876,2480.0257781452858,0.27110759751771276,0.05122970474635538,87.27856948648433,103.59973998512169,2374.6711768364068,0.0,0.0,7.896775361444121,9.424660249050115,193.68331109428329,0.0,0.0,12.891024451246139,15.280764080309064,364.8698767740387,0.0,0.0,79.09037258234595,94.25594436628977,2006.1372979658239,0.0,0.0,53.02918406287908,63.80966832654008,1057.6095562310566,0.0,0.0,28.126749854022216,33.43814282593846,750.2983606336342,38.168685870091788,26.178796893067078,118.46740040870141,141.27916065675795,3790.924439811843,0.0,0.0,65.38784876318161,79.24665793332192,1042.589345355154,0.0,17.15600473818937,37.83517449634104,22.0,30.0,0.0,17.12597946483867,37.70270210096129,12.0,30.0,0.0,17.140104438373898,37.9526167328041,22.0,30.0,0.0,17.087687836250379,37.89157363361822,12.0,30.0,0.0,15.639355041597879,42.4632662626105,12.0,30.0,0.0,17.61306321152295,37.338956041621589,12.0,30.0,0.0,16.07511410481022,40.87418032911259,10.0,30.0,0.0,13.280553640941888,49.4058167354182,12.0,30.0,0.0,16.75889103852561,39.47757823651631,20.0,30.0,0.0,15.27092866379255,0.0,0.0,0.0,11.2397303537521,0.0,0.0,461.8913324906216,448.320123075187,471.0625378912002,455.5693371666089,525.1690654886213,787.2736088364028,509.48091133398,589.6689575984026,693.7405232136125,0.0,82.3949846376681,82.3949846376681,60.0,0.0,60.0,60.0,12.0,12.0,12.0,19.0,12.0,12.0,21.0,10.0,0.0,0.0,0.0,0.0,0.0,0.0,0.0,0.0,0.0,0.0,0.0,0.0,0.0,82.3949846376681,82.3949846376681,0.0,0.0,0.0,82.3949846376681,0.0,0.0,0.0012233333333333333 
 02/26  04:10:00,3.4850000000000005,91.83333333333334,4.976666666666667,0.0,0.0,0.0,0.0,0.0,2.0,2.0,0.0,0.0,0.0,0.0,0.0,416.0,0.0,0.0,0.0,0.0,0.0,0.0,0.0,0.0,0.0,0.0,0.0,17.390859029839587,-217.77787678341066,17.307442654702649,-186.23637146708144,17.32525237594983,-267.3568781073368,17.209963181784518,-122.74848705390787,15.628157071595436,-6.185998584912852,17.37910616405877,-33.528372041795339,16.123371063047114,-63.49253326708549,13.753809432681475,-219.3516936088531,16.646715202155659,-96.56721312926374,593.7173312522982,690.2717077170476,0.0,0.0,0.0,0.0,0.0,0.0,0.0,0.0,0.0,0.0,0.0,0.0,0.0,0.0,0.0,0.0,0.0,0.0,0.0,0.0,0.0,0.0,1.4456973246865786,0.44129954966012777,259.1775172401134,307.9978420702381,7060.612050684882,0.2635101866122566,0.04021828244997812,205.9921927232564,244.89761202959495,5550.555696477834,1.3749382072864834,0.25981447605564697,215.0053646269177,255.40575340038519,5876.899053944124,0.2708319039043279,0.05117760844752982,212.17349971067109,252.206868304899,5696.613102510683,0.0,0.0,7.628915163893284,9.105566862983178,186.27735017112418,0.0,0.0,13.006090202705149,15.422807337963587,366.4726280059143,0.0,0.0,77.52330001943715,92.4139311637094,1950.1803456082226,0.0,0.0,53.092309426623227,63.91311855321,1049.5969753401847,0.0,0.0,28.694310138342208,34.128093943186069,762.1720161709477,38.10002278977154,26.131702873643044,394.29295959937357,470.16873392624799,10852.297865751869,0.0,0.0,65.30538953698118,79.1811451893634,1029.1986493024318,0.0,16.98589030790894,38.13995004914936,22.0,30.0,0.0,16.92881200025134,38.130594969649269,12.0,30.0,0.0,17.048851741070995,38.0819893098311,22.0,30.0,0.0,16.86158243262897,38.39746518058699,12.0,30.0,0.0,15.597254570332457,42.42517861970565,12.0,30.0,0.0,17.559914980798057,37.327243715305957,12.0,30.0,0.0,15.977694717429025,40.95473073573894,10.0,30.0,0.0,13.205644269045213,49.4037569879154,12.0,30.0,0.0,16.712808279611349,39.432293356889918,20.0,30.0,0.0,15.980332858012279,0.0,0.0,0.0,11.161118640214218,0.0,0.0,462.2484743556132,450.4620712940672,470.368164537045,458.76663785228927,523.989822985251,783.1006034889252,509.08758458123318,586.9906423072825,688.9954073002921,0.0,82.3949846376681,82.3949846376681,60.0,0.0,60.0,60.0,12.0,12.0,12.0,19.0,12.0,12.0,21.0,10.0,0.0,0.0,0.0,0.0,0.0,0.0,0.0,0.0,0.0,0.0,0.0,0.0,0.0,82.3949846376681,82.3949846376681,0.0,0.0,0.0,82.3949846376681,0.0,0.0,0.00122 
 02/26  04:20:00,3.5000000000000006,91.66666666666667,4.983333333333333,0.0,0.0,0.0,0.0,0.0,2.0,2.0,0.0,0.0,0.0,0.0,0.0,416.0,0.0,0.0,0.0,0.0,0.0,0.0,0.0,0.0,0.0,0.0,0.0,17.207803151428409,-116.2086529102371,17.296719090435418,-260.5211604431847,17.17536045199057,-163.28702399937994,17.219680194869797,-207.180672301286,15.586194700081025,-6.375713334536044,17.324796826646684,-33.73825925811468,16.06999469846543,-77.74919266024745,13.687010606638755,-220.36498889070038,16.601906861110409,-97.92360246101322,537.4319242062093,693.4170326908003,0.0,0.0,0.0,0.0,0.0,0.0,0.0,0.0,0.0,0.0,0.0,0.0,0.0,0.0,0.0,0.0,0.0,0.0,0.0,0.0,0.0,0.0,1.4376398076351942,0.43883999012063326,225.16966313180348,267.615715982825,6035.410422084217,0.25822648561935276,0.03941185677951049,160.51399238052705,190.66573593239034,4326.303274544971,1.365864998477116,0.2580999619193342,155.54897229828416,184.87112311133218,4199.595000692844,0.2590650674835101,0.048954094384639077,153.6547571984284,182.58280903977227,4135.300025230881,0.0,0.0,7.445742419253597,8.892963548106856,181.0115549775459,0.0,0.0,13.22683240621702,15.689037508887534,370.8941391230028,0.0,0.0,75.17497582762519,89.67280518590772,1881.7509235941764,0.0,0.0,53.074066103267018,63.91600794869189,1040.4074891748156,0.0,0.0,29.938784315490609,35.61283962470904,791.559562401742,38.05214147133735,26.09886246319435,289.3225648705859,345.09312725174086,8092.146264505303,0.0,0.0,65.18493686568587,79.067003978494,1015.962650501878,0.0,16.729751814029969,38.6704271267867,22.0,30.0,0.0,16.972041053524394,37.973558484355937,12.0,30.0,0.0,16.837140368580067,38.52890854111129,22.0,30.0,0.0,16.930817719083398,38.1839644952874,12.0,30.0,0.0,15.554967582724638,42.38291724460237,12.0,30.0,0.0,17.502644189393807,37.333402582828018,12.0,30.0,0.0,15.926546812877126,40.96079818853998,10.0,30.0,0.0,13.135139867350948,49.438275324023539,12.0,30.0,0.0,16.663482402297228,39.403905296135977,20.0,30.0,0.0,15.778006068223883,0.0,0.0,0.0,11.088137888794588,0.0,0.0,462.8698684903958,450.73915240912336,473.81388076918906,460.57587680624286,524.0093627241463,781.5174804460933,510.007282636585,588.1868262476821,687.7294058287638,0.0,82.3949846376681,82.3949846376681,60.0,0.0,60.0,60.0,12.0,12.0,12.0,19.0,12.0,12.0,21.0,10.0,0.0,0.0,0.0,0.0,0.0,0.0,0.0,0.0,0.0,0.0,0.0,0.0,0.0,82.3949846376681,82.3949846376681,0.0,0.0,0.0,82.3949846376681,0.0,0.0,0.0012333333333333333 
 02/26  04:30:00,3.515,91.5,4.99,0.0,0.0,0.0,0.0,0.0,2.0,2.0,0.0,0.0,0.0,0.0,0.0,416.0,0.0,0.0,0.0,0.0,0.0,0.0,0.0,0.0,0.0,0.0,0.0,17.219990596843453,-169.57222573544869,17.160652488772006,-177.12968695518976,17.135241943320119,-258.4472554232948,17.06520007151073,-163.6991972207952,15.54412694088896,-6.518109288173818,17.272719955225108,-36.073172090166938,16.005345683476827,-52.213666333288987,13.620111674859779,-221.20893006073414,16.55844574575569,-101.37706560581148,554.8258242824122,694.6942492307662,0.0,0.0,0.0,0.0,0.0,0.0,0.0,0.0,0.0,0.0,0.0,0.0,0.0,0.0,0.0,0.0,0.0,0.0,0.0,0.0,0.0,0.0,1.412276192499922,0.43109773885834015,187.27641154890797,222.6776032853752,5025.064951152555,0.26592549025233677,0.040586918536681438,158.7947855690565,188.87193925124707,4232.701473291276,1.3733342486615299,0.25951138485667626,235.5151216029182,280.10597799462246,6326.192017601324,0.2732922438862451,0.05164252529974396,181.57720796235317,216.0029420797479,4812.0444771205679,0.0,0.0,7.890627131539945,9.424637139848237,190.95822437325786,0.0,0.0,13.104468665128078,15.549806949487003,365.79413103945589,0.0,0.0,80.10565100871938,95.5708526347925,1991.5270585161237,0.0,0.0,53.398824406077398,64.33274475668252,1037.8599761059937,0.0,0.0,28.707405305289848,34.16430295589467,755.7087994724047,38.0499920405388,26.097388230822227,316.20005854239448,377.32377572996156,8745.836327056166,0.0,0.0,65.51332992144492,79.49553161840245,1010.476107413901,0.0,16.819471142453048,38.402898635694857,22.0,30.0,0.0,16.785989548858589,38.31233664556826,12.0,30.0,0.0,16.824467860277495,38.46626708783667,22.0,30.0,0.0,16.70222207860205,38.61878245630919,12.0,30.0,0.0,15.512748906070313,42.3680260994965,12.0,30.0,0.0,17.449452429542857,37.35053430218008,12.0,30.0,0.0,15.854640567108465,41.086895376013959,10.0,30.0,0.0,13.064331694123617,49.49952806095007,12.0,30.0,0.0,16.61697226420067,39.40054704784236,20.0,30.0,0.0,15.791842360908089,0.0,0.0,0.0,11.021245276399388,0.0,0.0,464.5807771595814,448.56104220672946,473.3183535490127,458.08180295954988,523.8083174078205,778.911995236443,512.0169500286698,590.1612399849316,687.271130829153,0.0,82.3949846376681,82.3949846376681,60.0,0.0,60.0,60.0,12.0,12.0,12.0,19.0,12.0,12.0,21.0,10.0,0.0,0.0,0.0,0.0,0.0,0.0,0.0,0.0,0.0,0.0,0.0,0.0,0.0,82.3949846376681,82.3949846376681,0.0,0.0,0.0,82.3949846376681,0.0,0.0,0.0012466666666666668 
 02/26  04:40:00,3.5300000000000004,91.33333333333334,4.996666666666666,0.0,0.0,0.0,0.0,0.0,2.0,2.0,0.0,0.0,0.0,0.0,0.0,208.0,0.0,0.0,0.0,0.0,0.0,0.0,0.0,0.0,0.0,0.0,0.0,17.203865090121963,-35.42794212506669,17.101631732697116,-259.6454846182869,17.099519576194419,-63.69101429797911,17.034488660238389,-192.70402652143549,15.497891425143916,-5.860808543655452,17.215118934880246,-32.65139039140399,15.932341188543735,-76.82103344314237,13.553816654610959,-214.59847998589567,16.51088605801759,-97.75831695511534,486.7664700150499,705.483411287996,0.0,0.0,0.0,0.0,0.0,0.0,0.0,0.0,0.0,0.0,0.0,0.0,0.0,0.0,0.0,0.0,0.0,0.0,0.0,0.0,0.0,0.0,1.404690027854458,0.42878205978463315,171.69715730671664,203.7927508102392,4634.404405391237,0.25102173146463799,0.03831223007702045,143.54087755273359,170.47526947414426,3807.9920547450094,1.3644907165323379,0.2578402714535787,116.92128064049385,138.79147389544898,3157.6350658440826,0.25754773498990338,0.04866737244707167,111.02351570294866,131.87045232569575,2940.2872137023184,0.0,0.0,7.305567903213938,8.71306611551735,175.9449929399742,0.0,0.0,13.293939865546813,15.750512420026034,369.21465835978048,0.0,0.0,74.32309245008656,88.55637271227737,1832.6160708746766,0.0,0.0,53.40086634142245,64.2389732205853,1029.3691921993184,0.0,0.0,30.32917259985543,36.035451022390727,794.6567506268916,37.936225578937058,26.019359107638594,214.74677104378726,256.08365398644357,6109.06838166177,0.0,0.0,65.43922020039331,79.2837973061097,1000.4462740663558,0.0,16.880856598494636,38.258783545344488,22.0,30.0,0.0,16.729439799638678,38.22988691329102,12.0,30.0,0.0,16.840134156109337,38.56395526292582,22.0,30.0,0.0,16.697844482598837,38.313983253024598,12.0,30.0,0.0,15.462483067630668,42.371323455225219,12.0,30.0,0.0,17.385648306144195,37.392008686121517,12.0,30.0,0.0,15.75998622249803,41.23486691532865,10.0,30.0,0.0,12.994516888956304,49.664539191666019,12.0,30.0,0.0,16.563062764089758,39.42967705836529,20.0,30.0,0.0,15.540109636945648,0.0,0.0,0.0,10.965355401083562,0.0,0.0,463.4033668210672,436.001836634027,484.5721000891946,436.5522057796177,523.0932380873869,776.253943120881,514.2194457518253,588.1032628058094,684.7359792485614,0.0,82.3949846376681,82.3949846376681,60.0,0.0,60.0,60.0,12.0,12.0,12.0,19.0,12.0,12.0,21.0,10.0,0.0,0.0,0.0,0.0,0.0,0.0,0.0,0.0,0.0,0.0,0.0,0.0,0.0,82.3949846376681,82.3949846376681,0.0,0.0,0.0,82.3949846376681,0.0,0.0,0.00126 
 02/26  04:50:00,3.545,91.16666666666667,5.003333333333333,0.0,0.0,0.0,0.0,0.0,2.0,2.0,0.0,0.0,0.0,0.0,0.0,416.0,0.0,0.0,0.0,0.0,0.0,0.0,0.0,0.0,0.0,0.0,0.0,17.069230612730907,-150.28443185011157,17.081847948506757,-166.33614809055576,17.005134445088645,-192.16360272691737,17.01962966300991,-134.87001254492544,15.460283154443335,-6.284676866456451,17.16873631036497,-35.40179276722645,15.894879212738023,-61.8820447535179,13.499054790675416,-218.47435987725965,16.472534126374926,-101.69291793606914,512.799981079816,702.0898910532196,0.0,0.0,0.0,0.0,0.0,0.0,0.0,0.0,0.0,0.0,0.0,0.0,0.0,0.0,0.0,0.0,0.0,0.0,0.0,0.0,0.0,0.0,1.3978053577096188,0.42668051212137328,184.50370251674316,219.55338557275275,4895.522305406406,0.26119610314306709,0.03986509510730572,131.77361106484779,156.74380023938336,3500.1311438735949,1.3479538758353953,0.25471539603843459,136.11853543129323,161.99728945597384,3629.152900349083,0.2635948885999253,0.04981006965229123,126.33879452014327,150.32544120711635,3350.400790173892,0.0,0.0,7.684316455607026,9.185171344836452,184.32206510995196,0.0,0.0,13.263111545715308,15.747557550424107,366.8322501958771,0.0,0.0,77.47955648325507,92.51484273455537,1905.014206707395,0.0,0.0,53.35960664834349,64.32928430392427,1021.7276130478772,0.0,0.0,30.020617029518364,35.74285842156823,783.4546958576154,37.999225479895518,26.062568916252077,233.36956130639784,278.8103599724856,6565.165676139387,0.0,0.0,65.36669441619179,79.37386367617282,988.4102308391973,0.0,16.66100445581089,38.683589711168298,22.0,30.0,0.0,16.769990926283997,38.27934461115995,12.0,30.0,0.0,16.706259689491824,38.668245938623048,22.0,30.0,0.0,16.73798534978241,38.47615224053301,12.0,30.0,0.0,15.429582428281386,42.38598443393701,12.0,30.0,0.0,17.343338177750245,37.42559001090951,12.0,30.0,0.0,15.740177483129275,41.260209327386657,10.0,30.0,0.0,12.946247406579476,49.736194000226408,12.0,30.0,0.0,16.526888242862897,39.45745218233436,20.0,30.0,0.0,15.56618878339631,0.0,0.0,0.0,10.89806098576732,0.0,0.0,463.6073203328755,447.3175213823139,474.25185377857869,458.7577522919618,523.3356906428328,775.6927269243148,510.67916443477238,590.1795976206158,684.5208099177473,0.0,82.3949846376681,82.3949846376681,60.0,0.0,60.0,60.0,12.0,12.0,12.0,19.0,12.0,12.0,21.0,10.0,0.0,0.0,0.0,0.0,0.0,0.0,0.0,0.0,0.0,0.0,0.0,0.0,0.0,82.3949846376681,82.3949846376681,0.0,0.0,0.0,82.3949846376681,0.0,0.0,0.0012733333333333334 
 02/26  05:00:00,3.56,91.0,5.01,0.0,0.0,0.0,0.0,0.0,2.0,2.0,0.0,0.0,0.0,0.0,0.0,416.0,0.0,0.0,0.0,0.0,0.0,0.0,0.0,0.0,0.0,0.0,0.0,17.016615085841726,-183.45918749692465,16.955046953684446,-211.54237530946285,16.96047495066163,-227.61753828925976,16.893050794301936,-170.66136121754017,15.417506041902879,-6.6751811114691439,17.11719032762909,-36.51746316549301,15.83142073189216,-61.93384813896523,13.433406671864951,-221.60758719961587,16.428506484431446,-104.9766285389025,553.8874646632066,700.6079468974372,0.0,0.0,0.0,0.0,0.0,0.0,0.0,0.0,0.0,0.0,0.0,0.0,0.0,0.0,0.0,0.0,0.0,0.0,0.0,0.0,0.0,0.0,1.3905794286433154,0.42447479506816707,220.84628275899446,262.92597368550028,5831.519892530359,0.26049923661227078,0.039758735746683569,173.59954473212134,206.73533237756647,4543.155289005098,1.3226443505650663,0.24993279489135807,183.3494642395974,218.20646356021764,4860.738222228307,0.2637773927891947,0.049844556460543209,179.73308392694089,214.00120790294069,4694.818951251898,0.0,0.0,7.695624913748587,9.199262998064914,183.73417288664968,0.0,0.0,13.29533142871417,15.791626083789965,366.04751275539618,0.0,0.0,77.8880388113379,93.02210458625564,1901.881070860707,0.0,0.0,53.46847252384073,64.48592891004819,1014.9625558467774,0.0,0.0,30.107878169093323,35.863029623208337,782.2475799404014,37.97252405742752,26.044255183420803,329.31044703757876,393.3236707371253,8943.66223477975,0.0,0.0,65.3999419949982,79.44395534123587,978.4536973152362,0.0,16.629706132320835,38.66372326276672,22.0,30.0,0.0,16.58242671410226,38.63638240192103,12.0,30.0,0.0,16.68567886325014,38.647217738425457,22.0,30.0,0.0,16.54395063026388,38.85474749432839,12.0,30.0,0.0,15.386614088022095,42.40389315560452,12.0,30.0,0.0,17.290944446646305,37.463319649914,12.0,30.0,0.0,15.666490926753597,41.3244311861811,10.0,30.0,0.0,12.876332138221038,49.81213404769287,12.0,30.0,0.0,16.479958370268066,39.478860405131559,20.0,30.0,0.0,15.660854690217596,0.0,0.0,0.0,10.832315805549762,0.0,0.0,463.0659330252978,446.6725826762937,475.1311097390419,457.95740903447986,523.1919654009953,773.5835369112765,510.91307415516169,591.297392119262,682.7203270712196,0.0,82.3949846376681,82.3949846376681,60.0,0.0,60.0,60.0,12.0,12.0,12.0,19.0,12.0,12.0,21.0,10.0,0.0,0.0,0.0,0.0,0.0,0.0,0.0,0.0,0.0,0.0,0.0,0.0,0.0,82.3949846376681,82.3949846376681,0.0,0.0,0.0,82.3949846376681,0.0,0.0,0.0012866666666666665 
 02/26  05:10:00,3.546666666666667,91.00000000000002,5.02,0.0,0.0,0.0,0.0,0.0,2.0,2.0,0.0,0.0,0.0,0.0,0.0,416.0,0.0,0.0,0.0,0.0,0.0,0.0,0.0,0.0,0.0,0.0,0.0,16.890571503511567,-73.36520616585358,16.95039102232049,-229.7401037289501,16.805361102032195,-186.7081326921416,16.890845462226353,-209.42577287552423,15.374530542303049,-6.688591886373416,17.063494252231228,-36.13217078864244,15.781070302862102,-77.35998159158908,13.369247059944641,-221.9299438723906,16.382834707182864,-105.77229944269999,515.5337882299414,704.0314248844377,0.0,0.0,0.0,0.0,0.0,0.0,0.0,0.0,0.0,0.0,0.0,0.0,0.0,0.0,0.0,0.0,0.0,0.0,0.0,0.0,0.0,0.0,1.3804532538267554,0.42138377711439425,176.52312643504644,210.23352202008784,4624.162019633916,0.25047537653590637,0.038228842572635288,151.74184374185655,180.5898543148821,3985.932125708434,1.3355818298542289,0.252377518868902,180.92407127589036,215.50588203315318,4728.503576613881,0.2511104513254596,0.04745095452106189,154.38580693491412,183.77378781147397,4041.9669701280697,0.0,0.0,7.448475981215623,8.908660707957799,177.44553004963007,0.0,0.0,13.46495036636858,15.997517918133339,369.6892159249087,0.0,0.0,75.69309024453513,90.44558151629872,1843.6987783072232,0.0,0.0,53.578916081223187,64.64221379351784,1011.6440670921902,0.0,0.0,31.26790126854643,37.25077118500417,810.3387721581946,37.90707992625325,25.999368948047509,281.13229988368507,335.87307223620408,7693.241283862866,0.0,0.0,65.43364021839156,79.51188119644807,973.074491912083,0.0,16.47539447166989,39.04125388625035,22.0,30.0,0.0,16.639821646789448,38.462976698628427,12.0,30.0,0.0,16.456737226809609,39.133948519708187,22.0,30.0,0.0,16.597118242305208,38.687287880358578,12.0,30.0,0.0,15.343519466573064,42.40895418732929,12.0,30.0,0.0,17.23547019015797,37.4992271571609,12.0,30.0,0.0,15.619029071239716,41.38503885500381,10.0,30.0,0.0,12.810109555197663,49.89505339362061,12.0,30.0,0.0,16.430842390502727,39.49119795970881,20.0,30.0,0.0,15.503270887842828,0.0,0.0,0.0,10.772701507499385,0.0,0.0,467.72856670774538,448.81280340672125,475.81499531551477,460.46625426793858,523.7060744633461,773.2631825463111,513.7443876710304,591.4299225618956,682.3378556380808,0.0,82.3949846376681,82.3949846376681,60.0,0.0,60.0,60.0,12.0,12.0,12.0,19.0,12.0,12.0,21.0,10.0,0.0,0.0,0.0,0.0,0.0,0.0,0.0,0.0,0.0,0.0,0.0,0.0,0.0,82.3949846376681,82.3949846376681,0.0,0.0,0.0,82.3949846376681,0.0,0.0,0.0013 
 02/26  05:20:00,3.533333333333333,91.0,5.03,0.0,0.0,0.0,0.0,0.0,2.0,2.0,0.0,0.0,0.0,0.0,0.0,416.0,0.0,0.0,0.0,0.0,0.0,0.0,0.0,0.0,0.0,0.0,0.0,16.86565687973394,-178.5216092253745,16.809158167991855,-199.34846402868608,16.78988317662427,-224.5146570427264,16.75633882352386,-144.00085611033865,15.331529953387424,-6.7186576173864129,17.011816607294617,-37.531488927066309,15.711342145300243,-66.35997857502503,13.306100565292937,-221.007851452169,16.338407869168383,-108.24367044891841,524.5028825444524,703.0131690478527,0.0,0.0,0.0,0.0,0.0,0.0,0.0,0.0,0.0,0.0,0.0,0.0,0.0,0.0,0.0,0.0,0.0,0.0,0.0,0.0,0.0,0.0,1.3651478331830834,0.41671179279092909,234.65750630985534,279.595119389166,6144.60006095322,0.2578532520245388,0.03935489194513719,171.17517269789765,203.99608468839268,4442.237972483836,1.3099008846073757,0.24752473254107636,167.5185711381825,199.51795957959514,4388.703757500608,0.2613341762111674,0.049382875323349829,154.76810300745934,184.3946899147295,4013.075282836255,0.0,0.0,7.613320161080909,9.105970221198105,180.9535277429048,0.0,0.0,13.43933757458866,15.972708201872239,368.06411585591379,0.0,0.0,77.14691249928529,92.20283833231938,1868.7107335521933,0.0,0.0,53.575843050731439,64.66178118654966,1006.3757807136628,0.0,0.0,30.901302955171823,36.82945465445974,799.0236316698881,37.908832390878128,26.000570912810795,301.69995413118968,360.63508588910386,8176.272243130406,0.0,0.0,65.40006804157915,79.49825180862283,966.6504967595022,0.0,16.483599211195295,38.9238733712876,22.0,30.0,0.0,16.435848313339507,38.866203783445047,12.0,30.0,0.0,16.495306325395135,39.01175407057701,22.0,30.0,0.0,16.407605570842699,39.06825043520216,12.0,30.0,0.0,15.300569937908385,42.43611281127063,12.0,30.0,0.0,17.183677571462114,37.54500804673997,12.0,30.0,0.0,15.534543230245541,41.517791168498309,10.0,30.0,0.0,12.745782265497479,49.99655810868967,12.0,30.0,0.0,16.384258563829709,39.52505337418959,20.0,30.0,0.0,15.484888605230453,0.0,0.0,0.0,10.712793439124497,0.0,0.0,466.5226360791032,446.67532892608679,479.0420968139515,459.12475647988347,523.9118105709035,771.3430989212163,514.0395922971027,593.4882365879905,680.776353615247,0.0,82.3949846376681,82.3949846376681,60.0,0.0,60.0,60.0,12.0,12.0,12.0,19.0,12.0,12.0,21.0,10.0,0.0,0.0,0.0,0.0,0.0,0.0,0.0,0.0,0.0,0.0,0.0,0.0,0.0,82.3949846376681,82.3949846376681,0.0,0.0,0.0,82.3949846376681,0.0,0.0,0.0013133333333333335 
 02/26  05:30:00,3.52,91.0,5.04,0.0,0.0,0.0,0.0,0.0,2.0,2.0,0.0,0.0,0.0,0.0,0.0,208.0,0.0,0.0,0.0,0.0,0.0,0.0,0.0,0.0,0.0,0.0,0.0,16.841402493078513,-36.750063144917479,16.761665524784698,-239.20754455993939,16.76221580582825,-59.99475438183072,16.715949173042035,-197.84902442902695,15.284233388589663,-5.964535790269565,16.95389749065785,-34.93543069173211,15.641104956271164,-82.36748484683176,13.24270952818047,-215.17851196899438,16.2896011560289,-104.85745854131267,463.5113458941132,712.0019073587482,0.0,0.0,0.0,0.0,0.0,0.0,0.0,0.0,0.0,0.0,0.0,0.0,0.0,0.0,0.0,0.0,0.0,0.0,0.0,0.0,0.0,0.0,1.3624537263468744,0.4158894158567993,183.86945084838889,218.65240542360054,4841.02423704255,0.24563873802924625,0.03749064988236359,135.4378123923091,161.13830740428583,3513.827788659511,1.3183676852862354,0.24912465708356688,117.88245675290864,140.17963897407655,3113.460798844719,0.24715829271027413,0.04670413694449623,115.72634832203377,137.69892206372414,2997.5027894043689,0.0,0.0,7.173908500647817,8.568315089987145,170.06285728220917,0.0,0.0,13.600774842527813,16.13996185208629,371.3303772785661,0.0,0.0,73.16374926240536,87.32811550679436,1762.4977797498664,0.0,0.0,53.613061434332838,64.60977536094843,1002.0291063704598,0.0,0.0,32.077382813646469,38.169685651908867,827.2254529885943,37.81335199245338,25.93508367109286,211.84912091088627,253.05305816827357,5902.424621854217,0.0,0.0,65.38506446274436,79.35740354344455,961.9957535955604,0.0,16.529177015899465,38.79670718778781,22.0,30.0,0.0,16.405452023961048,38.75394487013739,12.0,30.0,0.0,16.521007929361806,39.073225265122598,22.0,30.0,0.0,16.378991825417203,38.82255985211653,12.0,30.0,0.0,15.249232196968484,42.47747025262081,12.0,30.0,0.0,17.119737254830466,37.61780772040577,12.0,30.0,0.0,15.4478850713779,41.7109008113699,10.0,30.0,0.0,12.68048004515245,50.14907070978269,12.0,30.0,0.0,16.329495930909976,39.59348421698468,20.0,30.0,0.0,15.245397548554639,0.0,0.0,0.0,10.662274361565159,0.0,0.0,465.04068908305728,432.5504836521525,490.65179137254827,432.83039173049249,523.6674320397,769.7777006424735,518.2673426542457,592.7078987118156,678.9384491797586,0.0,82.3949846376681,82.3949846376681,60.0,0.0,60.0,60.0,12.0,12.0,12.0,19.0,12.0,12.0,21.0,10.0,0.0,0.0,0.0,0.0,0.0,0.0,0.0,0.0,0.0,0.0,0.0,0.0,0.0,82.3949846376681,82.3949846376681,0.0,0.0,0.0,82.3949846376681,0.0,0.0,0.0013266666666666666 
 02/26  05:40:00,3.506666666666667,91.0,5.05,0.0,0.0,0.0,0.0,0.0,2.0,2.0,0.0,0.0,0.0,0.0,0.0,416.0,0.0,0.0,0.0,0.0,0.0,0.0,0.0,0.0,0.0,0.0,0.0,16.71683614629074,-142.57372836233345,16.740610567823098,-163.46722727073485,16.673375771665357,-182.20872804001216,16.702148069375676,-132.19661166120478,15.24572287157762,-6.40883608052151,16.907256497246658,-37.26250554417382,15.603320149865372,-68.1106302345479,13.189844049805526,-218.4601639719266,16.250173253654056,-108.5282987711384,484.6493348019999,708.3598558591682,0.0,0.0,0.0,0.0,0.0,0.0,0.0,0.0,0.0,0.0,0.0,0.0,0.0,0.0,0.0,0.0,0.0,0.0,0.0,0.0,0.0,0.0,1.3660430999403084,0.41698507324185238,178.82427044854559,213.13647924613253,4649.565537306553,0.2545968804634078,0.03885788773861536,122.18330444097505,145.5835902587325,3178.8059361062107,1.3023899332776066,0.24610542956870885,126.7748722776957,151.12485091255389,3317.4225568102549,0.25529687478169207,0.04824203983025169,124.6574401023614,148.58650024661578,3241.80253700295,0.0,0.0,7.527600373355034,9.010402836279085,178.13399626961309,0.0,0.0,13.582628207765233,16.152351281986534,370.044950833486,0.0,0.0,76.12066324617682,91.04908554367285,1832.6361852810119,0.0,0.0,53.56272922439305,64.6870485744181,997.5730263336629,0.0,0.0,31.765428051104654,37.876208446128398,817.6539276579274,37.885801446288528,25.984774654518888,221.87088137622346,265.52724458924777,6148.16172323614,0.0,0.0,65.31904059671018,79.45119648290737,954.5796069449921,0.0,16.328869235474448,39.20173208930615,22.0,30.0,0.0,16.43947696586057,38.79089280923263,12.0,30.0,0.0,16.396342103749377,39.1641544182554,22.0,30.0,0.0,16.42168227413429,38.98769455895008,12.0,30.0,0.0,15.215494486151864,42.51915714685394,12.0,30.0,0.0,17.077660692606849,37.669141089832788,12.0,30.0,0.0,15.42768699295501,41.71998706626198,10.0,30.0,0.0,12.634920307698522,50.23984467399859,12.0,30.0,0.0,16.292844699801387,39.637201282121598,20.0,30.0,0.0,15.24770752060937,0.0,0.0,0.0,10.600400984227712,0.0,0.0,464.5781014632542,445.40597971722698,478.6265588616255,460.35786499308588,524.440027406913,769.4715547835074,514.0736850380104,594.1840515019935,679.1211374034358,0.0,82.3949846376681,82.3949846376681,60.0,0.0,60.0,60.0,12.0,12.0,12.0,19.0,12.0,12.0,21.0,10.0,0.0,0.0,0.0,0.0,0.0,0.0,0.0,0.0,0.0,0.0,0.0,0.0,0.0,82.3949846376681,82.3949846376681,0.0,0.0,0.0,82.3949846376681,0.0,0.0,0.0013399999999999999 
 02/26  05:50:00,3.493333333333333,91.0,5.0600000000000009,0.0,0.0,0.0,0.0,0.0,2.0,2.0,0.0,0.0,0.0,0.0,0.0,208.0,0.0,0.0,0.0,0.0,0.0,0.0,0.0,0.0,0.0,0.0,0.0,16.67365672804945,-117.34765076803478,16.74945869350332,-15.535378576909807,16.52299087431994,-294.20636065363308,16.71871097585563,-13.569268814632779,15.19774859820105,-6.108997421102885,16.849044012916055,-37.6608900006143,15.554764376407189,-58.71556662959165,13.125399874845023,-214.75791922213103,16.200622061769356,-108.716206132401,406.7964629549606,711.0533138586166,0.0,0.0,0.0,0.0,0.0,0.0,0.0,0.0,0.0,0.0,0.0,0.0,0.0,0.0,0.0,0.0,0.0,0.0,0.0,0.0,0.0,0.0,1.3563136087257486,0.41401514307867789,110.15670974387698,131.1244423443696,2874.8344928942126,0.26008657668254267,0.03969575346192654,63.20654682380828,75.18470328461082,1661.7034728603315,1.3013648110976544,0.2459117178944926,138.70736692158,165.20036772287214,3568.7364104118985,0.2607192313521651,0.049266672591112069,90.22084693376904,107.31723867799991,2367.2637658560854,0.0,0.0,7.720116750830536,9.225842314738518,182.1806754018498,0.0,0.0,13.531158561518959,16.067477821204635,367.4702222969932,0.0,0.0,77.75949034355455,92.85751381283845,1868.2081779807589,0.0,0.0,53.639147836311519,64.68343497119499,993.5928327517742,0.0,0.0,31.472341117565699,37.471520384787869,807.8719034574931,37.86016132833501,25.967188839735955,142.09874668709288,169.96197590777207,4161.150586345097,0.0,0.0,65.39765867497698,79.42605167177243,950.5362567228524,0.0,16.31336187398684,39.31088749717525,22.0,30.0,0.0,16.522811652384946,38.682642397754467,12.0,30.0,0.0,16.16210583830297,39.54587837380942,22.0,30.0,0.0,16.512618206411266,38.951566254040859,12.0,30.0,0.0,15.163054032193282,42.57771989165279,12.0,30.0,0.0,17.012710594908609,37.74207525969532,12.0,30.0,0.0,15.383922107448026,41.79450764719776,10.0,30.0,0.0,12.566342806269255,50.40670549562986,12.0,30.0,0.0,16.236494040365849,39.6986309246581,20.0,30.0,0.0,14.947113362328429,0.0,0.0,0.0,10.544160379832269,0.0,0.0,477.073503717549,457.78094903229086,467.80801044783848,482.82942201996385,525.1314620912883,768.446789092031,511.64203301404737,595.3340805103237,678.6318357108136,0.0,82.3949846376681,82.3949846376681,60.0,0.0,60.0,60.0,12.0,12.0,12.0,19.0,12.0,12.0,21.0,10.0,0.0,0.0,0.0,0.0,0.0,0.0,0.0,0.0,0.0,0.0,0.0,0.0,0.0,82.3949846376681,82.3949846376681,0.0,0.0,0.0,82.3949846376681,0.0,0.0,0.0013366666666666664 
 02/26  06:00:00,3.48,91.0,5.07,0.0,0.0,0.0,0.0,0.0,2.0,2.0,0.0,0.0,0.0,0.0,0.0,416.0,0.0,0.0,0.0,0.0,0.0,0.0,0.0,0.0,0.0,0.0,0.0,16.614731003243116,-145.1146856320047,16.651460859839973,-211.03205593335225,16.549067900619855,-62.147326551489189,16.58189219181098,-230.4061157020567,15.15887597337878,-6.513676497436649,16.80365730594061,-36.30335316933443,15.511379589882802,-62.48058052704141,13.070695118491188,-220.07269897933134,16.161736102067743,-109.45226927550505,485.9997977845255,716.2307425006339,0.0,0.0,0.0,0.0,0.0,0.0,0.0,0.0,0.0,0.0,0.0,0.0,0.0,0.0,0.0,0.0,0.0,0.0,0.0,0.0,0.0,0.0,1.3587482354056729,0.4147583136158952,167.40816603743216,199.68244586542364,4336.985348189688,0.2468723053227449,0.037678923278807219,112.92833018389172,134.76610138199929,2927.045429791421,1.333129587618144,0.2519141322029751,193.64880321202294,231.1416935444926,5027.813548826622,0.2543055969450557,0.04805472353459101,147.14029203055217,175.60832125834134,3785.441495933619,0.0,0.0,7.615356792723551,9.119138796596996,179.37836539060596,0.0,0.0,13.496764025579818,16.060609138936458,365.82889851949747,0.0,0.0,77.96587324369506,93.29355575888869,1869.3772366545778,0.0,0.0,54.14372069565974,65.43214010459755,998.9173264896431,0.0,0.0,31.307183741514306,37.354657779446487,802.2576151933665,37.88971492271337,25.98745879472797,234.76549611894445,281.24621599996609,6428.201297016974,0.0,0.0,65.91257884414876,80.22317307641764,952.992569726289,0.0,16.26810512944798,39.28191820848291,22.0,30.0,0.0,16.36277327359021,38.901141466368247,12.0,30.0,0.0,16.303103444612213,39.33540068796845,22.0,30.0,0.0,16.264827100894168,39.24448487842018,12.0,30.0,0.0,15.128921175139343,42.635272775679627,12.0,30.0,0.0,16.973493538922836,37.80776668303264,12.0,30.0,0.0,15.346757929139553,41.88152537516835,10.0,30.0,0.0,12.516416577089574,50.500020128089648,12.0,30.0,0.0,16.201619794799606,39.76437946557269,20.0,30.0,0.0,15.13816833806315,0.0,0.0,0.0,10.493507742968268,0.0,0.0,464.08905268692396,444.5049529646701,478.1761276929363,455.65616878159678,525.3698567675172,768.6905171456822,516.0839619061572,594.6326860022072,679.8383642536583,0.0,82.3949846376681,82.3949846376681,60.0,0.0,60.0,60.0,12.0,12.0,12.0,19.0,12.0,12.0,21.0,10.0,0.0,0.0,0.0,0.0,0.0,0.0,0.0,0.0,0.0,0.0,0.0,0.0,0.0,82.3949846376681,82.3949846376681,0.0,0.0,0.0,82.3949846376681,0.0,0.0,0.0013333333333333336 
 02/26  06:10:00,3.4966666666666668,91.00000000000002,5.065,0.0,0.0,0.0,0.0,0.0,2.0,2.0,0.0,0.0,0.0,0.0,0.0,2090.0,0.0,0.0,0.0,0.0,0.0,0.0,0.0,0.0,0.0,0.0,0.0,17.76198535054665,-911.6869658221456,16.83409049273586,706.4616446565729,17.989420491732767,-2613.6466178621997,16.893597347739683,879.1394071107679,15.118767501381483,-6.548147517548422,17.808175677551604,-111.74517555749319,15.61129305404624,181.36030776316603,14.123990343420858,-322.4614726838662,17.736705335366659,-282.467136425507,802.5962458432637,843.3990682708045,0.0,0.0,0.0,0.0,0.0,0.0,0.0,0.0,0.0,0.0,0.0,0.0,0.0,0.0,0.0,0.0,0.0,0.0,0.0,0.0,0.0,0.0,1.3690970756797026,0.4179173002685294,376.7517861257821,446.8314619511403,11131.962648279281,0.35477985131991698,0.05414832895603128,323.1993251365471,385.0837127564312,8691.81111161581,1.177793549583624,0.2225611393771021,500.0738987206767,592.3612818432119,15117.753352902833,0.33552379482534736,0.06340207763139594,338.36197065392136,402.929696041128,9219.228664116938,0.0,0.0,11.510041642037605,13.802428981397599,269.8579719693045,0.0,0.0,19.039379737016625,22.56762366032105,569.4375807063798,0.0,0.0,81.95151515935575,98.13392676265929,2002.2956264660436,0.0,0.0,45.0312928884708,54.22480866742067,966.8495128804996,0.0,0.0,47.65924059321231,56.472411280526099,1432.631920021161,38.898499629658349,26.679355027200523,649.2538104130231,775.3555244791589,17593.4545679978,0.0,0.0,58.94365272871893,71.84130153228714,860.222635655603,2067.2535535389968,18.02364751596949,35.1374406497694,21.999999999999998,30.0,0.0,16.793655009134196,37.94078854672042,15.999999999999999,30.0,4650.1082939257889,18.412819818886449,34.287354566457008,21.999999999999998,30.0,0.0,16.96099853987207,37.58358669408819,15.999999999999999,30.0,0.0,15.092497507716365,42.66973454704347,12.0,30.0,1874.0401172777945,18.351073768877659,34.66140689733436,20.0,30.0,0.0,15.598141266188739,41.07381378359833,10.0,30.0,1468.450242043397,14.173408527904453,45.34743359116782,16.999999999999998,30.0,3112.647093181504,18.343796697467068,34.74805557861867,20.0,30.0,0.0,16.04973556647475,0.0,0.0,0.0,10.583813407911466,0.0,0.0,463.42362210993499,462.04628747309979,462.388414227573,464.52576863687775,524.3859487947087,755.8809451074918,501.04758672823638,599.5105521595848,664.3052622256345,13130.200991238582,79.32161267058662,87.85507350587106,60.0,0.0,60.0,60.0,16.0,16.0,19.0,19.0,16.0,12.0,21.0,10.0,1.0,0.0,2067.2535535389968,0.0,4650.1082939257889,0.0,1874.0401172777945,0.0,1468.450242043397,3112.647093181504,12910.930529499781,7746558.317699868,10089553.942879206,79.32161267058662,87.99999999999999,0.43036435098332606,0.7677740013627795,0.3602813740196596,87.99999999999999,0.3542647819438876,10089553.942879206,0.5259868050297187 
 02/26  06:20:00,3.5133333333333338,91.0,5.0600000000000009,0.0,0.0,0.0,0.0,0.0,2.0,2.0,0.0,0.0,0.0,0.0,0.0,1254.0,0.0,0.0,0.0,0.0,0.0,0.0,0.0,0.0,0.0,0.0,0.0,18.625974475382955,-1390.41437028385,17.461633328979859,961.9796615854359,18.932797345430637,-3433.496382373911,17.706458365789588,926.316645168702,15.076971293733774,0.7601237717193696,18.60379168654923,-179.96302937081667,15.924923798641581,150.82385651727916,15.38422154802194,-244.43917055926137,18.469607194645748,-347.42908247341787,1124.3704863715244,1011.5883879556067,0.0,0.0,0.0,0.0,0.0,0.0,0.0,0.0,0.0,0.0,0.0,0.0,0.0,0.0,0.0,0.0,0.0,0.0,0.0,0.0,0.0,0.0,1.4605171562087365,0.44582330775602466,456.9950675332075,540.0112944766155,14519.83270577516,0.40615945185985088,0.061990148330258069,399.98136524763518,475.09494849564057,11536.503217518703,1.224009152104816,0.23129424642948158,574.063542986508,677.3662437732695,18684.075407969674,0.3605703309973601,0.06813498318166288,383.8508911888318,455.3012078805798,11377.250263563994,0.0,0.0,14.052978540207281,16.856622529736563,328.0851548204031,0.0,0.0,22.72651736670809,26.815862803799065,738.120689311557,0.0,0.0,90.14031156329368,107.7174699930372,2292.567012132902,0.0,0.0,26.562182276582165,31.75055622385186,682.6301141187,0.0,0.0,57.72313204043434,68.12962052233277,1868.2342423849546,40.01462267486905,27.444871519114586,769.522008446438,916.5928142553266,22068.61368019439,0.0,0.0,57.159750590791649,69.57341787725298,871.3880824196309,2009.6048302804857,19.4336666214233,32.121470603347258,22.0,30.0,0.0,17.91887601972222,35.3258289308778,16.0,30.0,4385.93735512302,19.864872764469568,31.267444946712616,22.0,30.0,0.0,18.348525851812889,34.37778531925329,16.0,30.0,0.0,15.055525603737437,42.652875206312398,12.0,30.0,877.217370747933,19.84058721116911,31.49815095798211,19.666666666666666,30.0,0.0,16.132290321502468,39.64018703011658,10.0,30.0,1246.4711015298599,16.432680008708116,39.135474249386557,17.0,30.0,620.6079694281564,19.774622901009456,31.628797475462585,19.5,30.0,0.0,17.115005074348134,0.0,0.0,0.0,10.916213098287856,0.0,0.0,463.77533754446326,464.95542920490086,461.9698168909441,461.9926335352913,523.3441941535803,713.4715695304834,508.5602435706947,611.9159869701587,626.5568458794288,11087.342741077196,80.67349055397118,86.84994870741812,60.0,0.0,60.0,60.0,16.0,16.0,19.0,19.0,16.0,12.0,21.0,10.0,1.0,0.0,2009.6048302804857,0.0,4385.93735512302,0.0,877.217370747933,0.0,1246.4711015298599,620.6079694281564,9346.705219920937,5608023.131952564,7341201.870398089,80.67349055397118,86.95484547129755,0.368223507330698,0.7636422019025673,0.36028137401965956,86.95484547129755,0.3542647819438875,7341201.870398089,0.3830891639273673 
 02/26  06:30:00,3.5300000000000004,91.0,5.055,0.0,0.0,0.0,0.0,0.0,2.0,2.0,0.0,0.0,0.0,0.0,0.0,627.0,0.0,0.0,0.0,0.0,0.0,0.0,0.0,0.0,0.0,0.0,0.0,19.087453676342358,-1384.960184603009,17.946964064754125,811.296257435065,19.481618679992338,-3530.7136269286868,18.243331707755809,764.5055289949107,15.042107422167608,4.081887970634605,18.19290678947079,-134.92120965591679,16.14539819745571,303.33483367540057,15.334311667479274,-196.17543858203079,18.38480873475695,-228.91454595564157,1294.2941635962994,826.3832311216277,0.0,0.0,0.0,0.0,0.0,0.0,0.0,0.0,0.0,0.0,0.0,0.0,0.0,0.0,0.0,0.0,0.0,0.0,0.0,0.0,0.0,0.0,1.5504252264623125,0.47326777364539437,455.0613620599429,536.2824068346249,15006.203229526272,0.41527896222273177,0.0633820149912594,392.91453801632829,465.2361801225883,11907.575114877262,1.297710448977351,0.24522117327614346,564.4622114493559,664.1213687176755,19110.112829004283,0.3619226669771932,0.0683905266396812,366.3670636560816,433.1098046137903,11430.746875386396,0.0,0.0,14.444016417594212,17.320236829275275,335.99465593271989,0.0,0.0,22.068654326188928,26.09385077516913,686.292222257412,0.0,0.0,88.53607851935759,105.63183521859745,2313.516518709018,0.0,0.0,22.279623496176546,26.601350087899566,568.4458055170555,0.0,0.0,47.850638030710339,56.555422723712627,1504.2474467748958,40.60062123512811,27.846790970595408,746.7294342934931,887.1816207940115,22348.65816909931,0.0,0.0,46.937396345657969,57.16300229484361,689.6214785378681,1934.6780765320812,20.086317876873513,30.838673462509254,21.999999999999994,29.99999999999999,0.0,18.70978678192683,33.60322475701773,15.999999999999993,29.99999999999999,4367.115461779107,20.577289626632166,29.911965207538285,21.999999999999994,29.99999999999999,0.0,19.187017974147005,32.60799670963016,15.999999999999993,29.99999999999999,0.0,15.026742759156578,42.65377082465795,11.999999999999995,29.99999999999999,119.81062192581457,19.121200043499408,32.8925963473145,18.999999999999994,29.99999999999999,0.0,16.523569978796968,38.63125497869364,9.999999999999997,29.99999999999999,145.191973411611,16.21465007630104,39.59766313511075,15.999999999999993,29.99999999999999,1145.5462969155515,19.351932804213559,32.434934987481287,19.33333333333333,29.99999999999999,0.0,17.728401979949405,0.0,0.0,0.0,10.637477835809112,0.0,0.0,464.32902224205409,466.59969136791656,462.27140915039515,462.062580789413,529.3554779515273,692.9986332914452,498.09324359608459,602.0660238898995,624.8973175573397,12282.902284577238,79.88249806126636,87.8644401255198,59.99999999999998,0.0,59.99999999999998,59.99999999999998,16.0,16.0,19.0,19.0,16.0,12.0,21.0,10.0,1.0,0.0,1934.6780765320812,0.0,4367.115461779107,0.0,119.81062192581457,0.0,145.191973411611,1145.5462969155515,12077.78145990525,7246668.875943152,9465921.436148921,79.88249806126636,87.99999999999997,0.40259271533017507,0.7655998563108866,0.36028137401965945,87.99999999999997,0.35426478194388735,9465921.436148921,0.4935912480130773 
 02/26  06:40:00,3.546666666666667,91.0,5.050000000000001,0.0,0.0,0.0,0.0,0.0,2.0,2.0,0.0,0.0,0.0,0.0,0.0,836.0,0.0,0.0,0.0,0.0,0.0,0.0,0.0,0.0,0.0,0.0,0.0,19.49138313903641,-1255.0376745708414,18.2879625769164,916.3373436807754,19.919118433113753,-3397.3640549219414,18.615752615097798,863.1486666993058,15.014841516197235,12.698144017530158,18.65409475733434,-130.92703982700977,16.616765405863338,462.171426663411,15.72611199973445,-368.34775726185196,18.399077869875037,-168.8248292540707,1447.072213391702,791.7610237369299,0.0,0.0,0.0,0.0,0.0,0.0,0.0,0.0,0.0,0.0,0.0,0.0,0.0,0.0,0.0,0.0,0.0,0.0,0.0,0.0,0.0,0.0,1.648429980159123,0.5031837546273271,459.08916148384568,540.1965936688592,15621.00735385867,0.43044730926067567,0.06569708627299692,393.0446383922954,464.7231224463287,12298.055575618506,1.383456386553771,0.2614241093261096,567.5440756597825,666.7495590083664,19791.701985988817,0.3741826063729579,0.07070721964719538,364.1204796964829,429.78665894082607,11737.703342915414,0.0,0.0,14.806204159448546,17.76332619750384,343.43625533654099,0.0,0.0,20.9114959826192,24.67539814199741,678.2860086117073,0.0,0.0,85.37669947821277,101.59571816992731,2366.5679246482329,0.0,0.0,29.109632262975827,34.70515149555981,777.3447670470757,0.0,0.0,40.71149887882396,48.11856624128529,1287.896043479062,41.202510637168867,28.259609490513645,746.1796137725121,885.0396453347964,23228.470776681374,0.0,0.0,44.62692863118062,54.39811444348803,637.0023835606303,1882.7989004894503,20.657827280511837,29.757798104417426,22.000000000000008,30.00000000000001,0.0,19.245202219888346,32.4879159341728,16.000000000000008,30.00000000000001,4242.145004366925,21.134012436454815,28.895214678698254,22.000000000000008,30.00000000000001,0.0,19.749668886817959,31.478463814084827,16.000000000000008,30.00000000000001,0.0,15.009060505967922,42.64721149111553,12.000000000000004,30.00000000000001,1240.5679147196595,19.86078970822219,31.37891195362806,20.000000000000008,30.00000000000001,0.0,17.355367533701476,36.6049162244543,10.000000000000004,30.00000000000001,1140.5820257751826,16.82955389492847,38.05435388011161,17.000000000000008,30.00000000000001,0.0,19.39483868698078,32.33755671411511,19.000000000000008,30.00000000000001,0.0,18.327022670060815,0.0,0.0,0.0,10.465814980706615,0.0,0.0,464.0416462805091,466.93227687327046,463.3742584204414,463.3272049552883,526.4095716963753,682.3155178270212,479.51803346425069,620.2657170609991,627.8364002587102,11047.352374695016,80.69996943416044,87.87809165496044,60.00000000000002,0.0,60.00000000000002,60.00000000000002,16.0,16.0,19.0,19.0,16.0,12.0,21.0,10.0,1.0,0.0,1882.7989004894503,0.0,4242.145004366925,0.0,1240.5679147196595,0.0,1140.5820257751826,0.0,10862.864867016575,6517718.920209942,8522300.606392449,80.69996943416044,88.00000000000003,0.3620954955672191,0.7648463730791375,0.36028137401965967,88.00000000000003,0.35426478194388769,8522300.606392449,0.44453963153240735 
 02/26  06:50:00,3.5633333333333336,91.0,5.045,0.0,0.0,0.0,0.0,0.0,2.0,2.0,0.0,0.0,0.0,0.0,0.0,836.0,0.0,0.0,0.0,0.0,0.0,0.0,0.0,0.0,0.0,0.0,0.0,19.936562006453756,-1217.4422541141758,18.645037213156074,1044.8597520319405,20.401862952468208,-3320.8690125182067,19.001933768083469,962.9010822928885,14.997654537448107,22.63380211673325,18.468191905087744,-71.34830813799127,17.02078452224525,468.13734519239747,15.60335781225145,-528.1284339632038,18.54780563324713,-146.05407106604768,1601.4815727926862,997.1810138990522,0.0,0.0,0.0,0.0,0.0,0.0,0.0,0.0,0.0,0.0,0.0,0.0,0.0,0.0,0.0,0.0,0.0,0.0,0.0,0.0,0.0,0.0,1.7604398420838655,0.5373747991708991,471.61927965565556,553.7959664907055,16591.129415953357,0.45065109753535045,0.0687806925420254,398.6971453826677,470.5293615595349,12885.223824269611,1.4925813987043837,0.2820448599214634,569.2418622432405,667.3665874209499,20506.99052710392,0.3934703201887847,0.07435191235615732,368.32574961799926,433.9165019670153,12266.533357569366,0.0,0.0,14.832827666710113,17.796511835717454,343.50236628801499,0.0,0.0,18.284095457914359,21.601474649546178,578.9751829701816,0.0,0.0,106.9147710933562,126.96620442635967,3091.7136308082037,0.0,0.0,45.29819587114111,54.09458148340522,1168.3540336629683,0.0,0.0,31.8243367029754,37.54967810174746,1026.7126522553984,41.8368626064853,28.694693145737529,757.2013234758492,896.296626056101,24470.606130373304,0.0,0.0,61.31990729638784,74.69524577729534,899.7964491897824,1922.992202707106,21.286305536792626,28.61403359800246,22.0,30.0,0.0,19.80257845386636,31.36315277868265,16.0,30.0,4332.75269698912,21.764056282511534,27.78799935041186,22.0,30.0,0.0,20.330618520080195,30.35061339922968,16.0,30.0,0.0,15.005776020030723,42.60705224068727,12.0,30.0,0.0,19.474906369055984,32.14802585515935,19.0,30.0,0.0,18.007370435542066,35.11868025785955,10.0,30.0,716.5369169139923,16.358711819332894,39.132091851689008,16.5,30.0,1262.9986358924078,19.716192282409595,31.681172810745747,19.75,30.0,0.0,18.93651820288617,0.0,0.0,0.0,10.67977590891401,0.0,0.0,466.28584477599397,469.25888500868759,466.01937444498187,467.06091867764698,521.2520529639195,685.3053366898815,491.5567962219816,591.8722676509559,645.0101058542546,11528.058797451882,80.38198987817388,87.8727814906978,60.0,0.0,60.0,60.0,16.0,16.0,19.0,19.0,16.0,12.0,21.0,10.0,1.0,0.0,1922.992202707106,0.0,4332.75269698912,0.0,0.0,0.0,716.5369169139923,1262.9986358924078,11335.54363510547,6801326.181063281,8882837.32972143,80.38198987817388,88.0,0.37785145450351567,0.7656813989011087,0.36028137401965956,88.0,0.3542647819438875,8882837.32972143,0.4633108744788477 
 02/26  07:00:00,3.58,91.0,5.04,0.0,0.0,0.0,0.0,0.0,2.0,2.0,0.0,0.0,0.0,0.0,0.0,627.0,0.0,0.0,0.0,0.0,0.0,0.0,0.0,0.0,0.0,0.0,0.0,20.120226522150696,-1189.8465764503877,18.906994014424194,871.4080212150803,20.58981239736172,-3145.3110911917249,19.267447575535504,807.647399731537,14.98545468339967,25.981895698438679,18.906591096003745,-85.03284193349391,17.297355901274963,443.8666541412723,16.001129709231259,-494.79698635054435,18.39298334597128,-89.91443236415894,1621.6177300424388,918.8211411221912,0.0,0.0,0.0,0.0,0.0,0.0,0.0,0.0,0.0,0.0,0.0,0.0,0.0,0.0,0.0,0.0,0.0,0.0,0.0,0.0,0.0,0.0,1.7848983499466265,0.5448407661619744,456.22850832188228,535.3114387713066,16211.356094368173,0.44700671530615346,0.06822446814806987,384.16253805890207,452.81610114519426,12652.939854096661,1.524383971141015,0.28805441631538489,550.8849325966149,645.4135188444756,19979.176735168934,0.39135264968737096,0.07395174786231504,354.10106738620439,416.63933141210148,11998.016955317362,0.0,0.0,14.860866893017079,17.828308573116407,343.7268072660543,0.0,0.0,17.898617368250155,21.101403046411787,587.7559994074594,0.0,0.0,101.69489117596258,120.5826960416558,3015.6322584207184,0.0,0.0,38.99577316435124,46.464641472684707,1053.9051599340706,0.0,0.0,28.694790424809847,33.91394723036245,906.5654447088498,41.973700201318049,28.78854609143902,728.1946717045686,861.2913870552982,23852.417432049653,0.0,0.0,55.32086829404398,67.38723049820912,809.282842444055,1815.7470733936198,21.492792063627105,28.251921720373116,22.000000000000019,30.00000000000002,0.0,20.152530076664733,30.685847653888897,16.000000000000015,30.00000000000002,3865.334713297114,21.910496878900529,27.537042050383094,22.000000000000019,30.00000000000002,0.0,20.656196854951394,29.7429890937298,16.000000000000015,30.00000000000002,0.0,15.006708498141308,42.571118186498427,12.00000000000001,30.00000000000002,1121.0189591428598,20.10494181164031,30.89494330784256,19.666666666666683,30.00000000000002,0.0,18.411907006485547,34.223915205846747,10.000000000000007,30.00000000000002,868.662306732662,17.01611341498497,37.491299146608728,16.66666666666668,30.00000000000002,0.0,19.401694450291289,32.294966880470649,19.000000000000015,30.00000000000002,0.0,19.137545139756335,0.0,0.0,0.0,10.672063704776147,0.0,0.0,467.4411326067644,470.5362931857229,466.80649159456677,468.472552112274,518.1506928588076,688.9158933358415,486.8572444053309,573.9150331203275,649.8103965236595,12238.862479872476,79.91164727132416,87.86492690868133,60.00000000000004,0.0,60.00000000000004,60.00000000000004,16.0,16.0,19.0,19.0,16.0,12.0,21.0,10.0,1.0,0.0,1815.7470733936198,0.0,3865.334713297114,0.0,1121.0189591428598,0.0,868.662306732662,0.0,12034.477106875518,7220686.264125305,9435427.23950574,79.91164727132416,88.00000000000007,0.4011492368958506,0.7652612910057961,0.3602813740196598,88.00000000000007,0.3542647819438878,9435427.23950574,0.49206888312096527 
 02/26  07:10:00,3.64,91.00000000000002,5.086666666666667,11.333333333333334,214.00000000000004,0.0,0.0,0.0,2.0,2.0,0.0,0.0,0.0,0.0,0.0,836.0,0.0,23.70165511179493,32.01185792088779,82.02868249907583,0.7106958832669936,18.916183038363326,0.0,32.011857920887738,43.76263674898664,0.0,0.0,20.119847076844175,-1339.0880687838526,19.010048019341065,682.3197119722672,20.452258909164635,-1790.961166033609,19.327507819477629,509.46921371273018,14.971836199261628,25.03945586763875,18.587584225217925,-49.27609451164233,17.43904440769159,362.2506802704819,15.697558317950226,-533.1287995541163,18.511363078026947,-91.6456438912698,1554.7666137396846,1048.6207971452437,0.0,0.0,0.0,0.0,0.0,0.0,0.0,0.0,0.0,0.0,0.0,0.0,0.0,0.0,0.0,0.0,0.0,0.0,0.0,0.0,0.0,0.0,1.7954572428085598,0.5480638714311843,445.32276219565088,523.1567556396965,15633.07103197908,0.41580047443435699,0.06346161087215462,326.50547657680047,384.9779309506048,10763.999650852125,1.6314842295155528,0.3082925603770887,406.8744006264738,477.62495629921809,14363.74068531401,0.3777129235452541,0.0713743241771077,257.58136960292895,303.2383757095668,8665.0035790088,0.0,0.0,14.182913585602659,17.023865019219998,326.1836813516637,0.0,0.0,16.07851378028739,18.99307730209847,510.84244644599996,0.0,0.0,108.51384677863465,128.6537552269522,3238.863798878435,0.0,0.0,47.50141638636708,56.74605882027637,1213.415219608786,0.0,0.0,24.357017352408229,28.77052154739223,770.8070762031705,42.02014145112598,28.820398800497939,600.6896553210015,710.9785836244819,19753.170011507875,0.0,0.0,63.994878563017177,77.94036039363775,943.1403898781996,1860.856289567097,21.34737931002331,28.512530861740708,22.0,30.0,0.0,20.221560128688986,30.569406266361466,16.0,30.0,2337.9792899467577,21.390030766195318,28.447813482938096,21.5,30.0,0.0,20.54806550070137,29.959666483323049,16.0,30.0,0.0,14.999719330417048,42.57206522359315,12.0,30.0,0.0,19.587962651615525,33.413929125773538,19.0,30.0,0.0,18.57072054969497,33.883581134612587,10.0,30.0,795.3647850548955,16.313357846242018,39.17943966004578,16.5,30.0,1052.0280875432559,19.470183624104025,33.349139985221899,19.5,30.0,0.0,19.037757558976439,0.0,0.0,0.0,10.784181375988722,0.0,0.0,468.7601989571124,472.2562821972257,469.41934728070239,473.0003622864166,513.6407376650366,731.2255566059931,487.9331324955134,553.199334583052,691.1933806953584,9877.24569287981,81.47371696392364,85.20515088003936,60.0,0.0,60.0,60.0,16.0,16.0,19.0,19.0,16.0,12.0,21.0,10.0,1.0,0.0,1860.856289567097,0.0,2337.9792899467577,0.0,0.0,0.0,795.3647850548955,1052.0280875432559,5646.656977328731,3387994.1863972388,4422512.827216983,81.47371696392364,85.26852301544548,0.35822189924429106,0.766766449078349,0.36028137401965956,85.26852301544548,0.3542647819438875,4422512.827216983,0.23142066701528317 
 02/26  07:20:00,3.7,91.0,5.133333333333334,14.166666666666668,267.5,0.0,0.0,0.0,2.0,2.0,0.0,0.0,0.0,0.0,0.0,2090.0,0.0,31.833366322614216,35.24344032951007,90.30950372765877,0.9545316597907774,25.40612803822572,0.0,35.24344032951001,48.180454903198569,0.0,0.0,20.230754193315748,-1353.5181481047158,19.05043688030623,765.1818201776215,20.618815096651795,-2228.670371445257,19.382220549724239,651.342314349459,14.958799722006625,28.414122432869559,18.454729025689795,-47.175899583967687,17.49426555824828,385.42667069816187,15.79506941805627,-532.2015760497877,18.8123693695364,-99.68324554993241,1573.3404171971429,1051.2783084784883,0.0,0.0,0.0,0.0,0.0,0.0,0.0,0.0,0.0,0.0,0.0,0.0,0.0,0.0,0.0,0.0,0.0,0.0,0.0,0.0,0.0,0.0,1.7854939560229433,0.5450225750985785,433.88246347099666,509.80589244205887,15273.650795973606,0.4255746885046288,0.06495340178642077,349.1522677914104,411.9369117379588,11469.329916450719,1.6031637077993324,0.3029409878683547,438.4567531486475,514.593505363052,15668.245992482509,0.387730659000995,0.0732673202949726,311.3659695040131,366.8909022918956,10432.213580887003,0.0,0.0,14.44898144758883,17.356389748646678,330.40830257297827,0.0,0.0,16.62421826027639,19.678218789964917,512.8343352468087,0.0,0.0,107.87859386832966,127.97517974078785,3213.9976502251954,0.0,0.0,46.66883279575702,55.75193344195144,1206.7958985277647,0.0,0.0,28.80456032809576,34.04700075678879,912.7651627128092,42.252510207848199,28.979773805108509,651.4154423499767,771.3063817140244,21365.269596458445,0.0,0.0,63.98788880543293,77.9634644411353,947.5764228942189,1835.562499676487,21.427634468620775,28.413861023635815,21.999999999999998,30.0,0.0,20.225932678686893,30.629594109421988,15.999999999999999,30.0,2894.016402095021,21.656045573310086,28.02766726299477,21.699999999999997,30.0,0.0,20.570144554393229,29.96592372113234,15.999999999999999,30.0,0.0,14.993409777633172,42.6266793026542,12.0,30.0,359.9519790537774,19.162346767467587,35.77946934745547,19.200000000000004,30.0,0.0,18.605075577464125,33.86439015609487,10.0,30.0,540.4319014192664,16.56598247716791,38.78314784504113,16.4,30.0,0.0,19.603550150399273,34.16216379892773,19.0,30.0,0.0,19.153539799603775,0.0,0.0,0.0,10.886197980474737,0.0,0.0,471.99652108423757,476.70290658727375,472.0132040797915,474.1880890060588,509.82802338674198,767.8036949788879,486.59833882256728,544.1179066983868,706.4512411678935,10222.858399241417,81.24530804435806,84.07502548992318,60.0,0.0,60.0,60.0,16.0,16.0,19.0,19.0,16.0,12.0,21.0,10.0,1.0,0.0,1835.562499676487,0.0,2894.016402095021,0.0,359.9519790537774,0.0,540.4319014192664,0.0,4282.366723211985,2569420.033927191,3344524.7697812209,81.24530804435806,84.1230834861661,0.34674555744039955,0.7685369255880731,0.3602813740196596,84.1230834861661,0.3542647819438876,3344524.7697812209,0.17537195469529016 
 02/26  07:30:00,3.76,91.0,5.18,17.0,321.0,0.0,0.0,0.0,2.0,2.0,0.0,0.0,0.0,0.0,0.0,2090.0,0.0,40.51767520371742,35.565986457700947,91.13610192601345,1.214939539034406,32.33712508021792,0.0,35.56598645770085,48.62139991419083,0.0,0.0,20.278367365212028,-1347.1427514311493,19.122584482862338,734.6503369657523,20.605607998721433,-2016.603314000537,19.43599051274107,620.5154259613735,14.947628545292697,29.737177333349686,18.737281687691217,-53.79243778649899,17.55949683076696,377.7997902342031,15.907059954597907,-513.9163044655494,18.57905149202763,-60.99349204659712,1558.5562383680129,1035.3726502131843,0.0,0.0,0.0,0.0,0.0,0.0,0.0,0.0,0.0,0.0,0.0,0.0,0.0,0.0,0.0,0.0,0.0,0.0,0.0,0.0,0.0,0.0,1.790619650231216,0.5465871948202735,423.1299750833652,497.270206773636,14834.539768658624,0.4212790318367271,0.064297776531857,337.81714119544366,398.52740029600786,11094.256902975507,1.612825447625573,0.3047667134591031,413.03679628731597,484.7614362332647,14681.339387294298,0.3865267097030318,0.0730398166483431,304.81259439714708,359.15811546471618,10181.189082046369,0.0,0.0,14.431122468468394,17.338736886498354,328.17200927654559,0.0,0.0,16.423129153522635,19.402257815660915,523.8019285068356,0.0,0.0,105.82520710053345,125.53846299771569,3151.299393007268,0.0,0.0,45.12634842007019,53.91089910074024,1170.1524625337277,0.0,0.0,25.730350809824239,30.474443495260638,793.9765026107009,42.41892738863141,29.093914532669016,633.023397372436,749.4765986999419,20767.71437085255,0.0,0.0,61.87300185096629,75.3928531517707,916.6703600398342,1859.8269597527724,21.405650836315517,28.574507192575277,21.999999999999998,30.0,0.0,20.280266274007088,30.653704515673014,15.999999999999999,30.0,2542.01291929854,21.57321783820347,28.29300992707143,21.599999999999999,30.0,0.0,20.573291585302436,30.100635561387788,15.999999999999999,30.0,0.0,14.988363124432171,42.82795913714298,12.0,30.0,543.7543843376332,19.787808234769913,35.36442166376488,19.4,30.0,0.0,18.65707588523995,33.952607678082099,10.0,30.0,1023.0634702085005,16.65673107402775,39.06646093372193,16.799999999999998,30.0,592.3271946272761,19.210437566141818,35.706019836013158,19.200000000000004,30.0,0.0,19.17946643746293,0.0,0.0,0.0,10.945458815892256,0.0,0.0,476.85011240470228,480.94434363924776,477.11227106504648,480.146086235498,510.47760244993938,792.3772552513985,491.7796336227943,552.4349094903245,714.853653746703,10657.4167814664,80.95789903252657,86.59746563763552,60.0,0.0,60.0,60.0,16.0,16.0,19.0,19.0,16.0,12.0,21.0,10.0,1.0,0.0,1859.8269597527724,0.0,2542.01291929854,0.0,543.7543843376332,0.0,1023.0634702085005,592.3271946272761,8534.696782572148,5120818.069543289,6701987.3543719,80.95789903252657,86.69324420066654,0.35248989275240497,0.7648268607092665,0.3602813740196596,86.69324420066654,0.3542647819438876,6701987.3543719,0.3499666757606721 
 02/26  07:40:00,3.8200000000000005,91.0,5.226666666666667,22.5,351.8333333333333,0.0,0.0,0.0,2.0,2.0,0.0,0.0,0.0,0.0,0.0,836.0,0.0,54.281015781298098,33.81109321346987,86.63940229076484,1.6276429790223992,43.32167876144411,0.0,33.81109321346979,46.22232780252737,0.0,0.0,20.303737175466638,-1369.814167555744,19.158621651683349,606.8245930748271,20.638080704036029,-1815.750189338234,19.45607355477116,511.87410405079666,14.934956095307815,30.437491376243729,18.38954199712338,-37.76830964788607,17.600040276900793,314.3717313729511,15.795866357740128,-544.1566675752825,18.79640012503788,-127.24818526275743,1501.4277406968768,1118.0952352428927,0.0,0.0,0.0,0.0,0.0,0.0,0.0,0.0,0.0,0.0,0.0,0.0,0.0,0.0,0.0,0.0,0.0,0.0,0.0,0.0,0.0,0.0,1.7797866943439805,0.5432804317289317,419.0951773705463,492.49779991461869,14608.47057792122,0.40687325293628948,0.06209909232849351,314.274153728194,370.66441251523647,10281.160876814905,1.6243700114027478,0.30694822588865236,382.9261197197202,449.46525126347879,13484.222139597656,0.3801473946573387,0.0718343527319234,277.0767552130676,326.3869990578522,9211.3392884582,0.0,0.0,14.388496840437706,17.2807291088005,325.2709706490676,0.0,0.0,16.303460595761757,19.285778656080706,500.165847195574,0.0,0.0,107.57435913783299,127.56944850155827,3192.963947053231,0.0,0.0,51.095626541521557,61.074641867561968,1287.371538595914,0.0,0.0,31.597980415888473,37.29358302237748,1007.4608539800638,42.45120717062354,29.116054300839204,582.5208388498973,689.7300585863998,19015.03171902137,0.0,0.0,68.00922471765769,82.79611323684576,1013.1502281809657,1867.408399308341,21.38252422097694,28.670211633997576,22.0,30.0,0.0,20.268755110391408,30.748180827476366,16.0,30.0,2321.7389097157144,21.470646688981576,28.531436613107894,21.5,30.0,0.0,20.528087721276543,30.229659925143716,16.0,30.0,0.0,14.978462498301822,43.0610863895863,12.0,30.0,0.0,19.19242200228305,37.47027362427882,19.0,30.0,0.0,18.663943904312658,34.046369062309867,10.0,30.0,830.1024699425261,16.320409246468608,40.16753789961312,16.5,30.0,493.8118157170434,19.84400413773696,34.810261191647388,19.5,30.0,0.0,19.06146342994125,0.0,0.0,0.0,11.046042598241666,0.0,0.0,478.17585688328065,483.30327844793239,478.46661464729496,480.7299255644281,511.9866070525343,813.7674787179569,494.64200047095707,552.1102906038564,726.2895885638335,10709.020038747061,80.92376335149474,86.26903253757138,60.0,0.0,60.0,60.0,16.0,16.0,19.0,19.0,16.0,12.0,21.0,10.0,1.0,0.0,1867.408399308341,0.0,2321.7389097157144,0.0,0.0,0.0,830.1024699425261,493.8118157170434,8089.226693025792,4853536.015815476,6332390.899642679,80.92376335149474,86.35981295342686,0.35464088976752647,0.7658776661893073,0.36028137401965956,86.35981295342686,0.3542647819438875,6332390.899642679,0.33075432678141938 
 02/26  07:50:00,3.88,91.0,5.273333333333333,28.0,382.66666666666665,0.0,0.0,0.0,2.0,2.0,0.0,0.0,0.0,0.0,0.0,1463.0,0.0,63.36925514603623,30.21203415352592,77.41714133951806,1.9001674125479998,50.575101719711998,0.0,30.21203415352585,41.30214120580675,0.0,0.0,20.37659083360453,-1499.4791991421083,19.209370536561666,717.9374952276255,20.693827932403427,-1830.6520436910103,19.530466015775795,532.4363645506383,14.924783095251304,30.51420057290806,18.759458420210817,-52.51211191708975,17.646846425180685,374.6542303613154,15.873022980932922,-516.7776641782343,18.389942770442894,-67.43263088010562,1531.0033771140357,1015.017380423209,0.0,0.0,0.0,0.0,0.0,0.0,0.0,0.0,0.0,0.0,0.0,0.0,0.0,0.0,0.0,0.0,0.0,0.0,0.0,0.0,0.0,0.0,1.7826653422322294,0.5441591398755286,434.8668965056662,511.1189591995335,15192.977013669624,0.41689187441721717,0.06362818596111383,333.85058550814798,393.9655411751785,10913.585746260937,1.6242646330232947,0.30692831311853699,385.8277701080382,453.2644029537242,13617.053888604456,0.3827917527751444,0.07233404247451716,288.47757588405349,340.05882128772836,9604.35732236935,0.0,0.0,14.37958782313704,17.281024221442189,323.202128564432,0.0,0.0,15.91016427955401,18.795811990382658,504.3605791828961,0.0,0.0,107.84223797132226,127.93461117272813,3198.518444440609,0.0,0.0,45.90032028713338,54.84048522105606,1176.185637427961,0.0,0.0,23.993712543082414,28.408740742106099,735.7821438233742,42.71241141413136,29.295206731228693,613.3539611894966,726.5778403192556,20024.639415741854,0.0,0.0,62.82351319445031,76.5374854582239,922.8337673168819,1861.366521318435,21.463362948537239,28.616063474754396,22.000000000000037,30.000000000000044,0.0,20.32112960083754,30.739427550636007,16.00000000000002,30.000000000000044,2287.247994668718,21.570113211237517,28.444074008180367,21.571428571428599,30.000000000000044,0.0,20.630458227326753,30.150889791854753,16.00000000000002,30.000000000000044,0.0,14.972527147078294,43.28183230281467,12.000000000000018,30.000000000000044,942.8187166301043,19.800793729374747,36.403804866360399,19.5714285714286,30.000000000000044,0.0,18.714888985738555,34.06198626921709,10.000000000000015,30.000000000000044,485.3826499921338,16.62344682781109,39.750248267227188,16.428571428571453,30.000000000000044,3.54845431993859,19.224416496813129,36.43617113935024,19.00000000000003,30.000000000000044,0.0,19.176232901835968,0.0,0.0,0.0,11.004542428323047,0.0,0.0,480.19948138707647,485.0790683950195,480.68446454664766,484.19968464263106,514.9242761597818,822.8020183815723,495.8941960779282,560.6137831295505,728.7709614710852,9960.902293963229,81.41855487233149,84.38893242398383,60.000000000000088,0.0,60.000000000000088,60.000000000000088,16.0,16.0,19.0,19.0,16.0,12.0,21.0,10.0,1.0,0.0,1861.366521318435,0.0,2287.247994668718,0.0,942.8187166301043,0.0,485.3826499921338,3.54845431993859,4495.331943522829,2697199.1661136934,3518714.494978358,81.41855487233149,84.43937929578763,0.3441301124031423,0.7681664311502434,0.3602813740196601,84.43937929578763,0.35426478194388807,3518714.494978358,0.18444982040554129 
 02/26  08:00:00,3.94,91.0,5.32,33.5,413.5,0.0,0.0,0.0,2.0,2.0,0.0,0.0,0.0,0.0,0.0,2090.0,0.0,76.60681847869305,26.848712116747107,68.79895269927637,2.29710852383847,61.140069175177149,0.0,26.84871211674704,36.70422499209733,0.0,0.0,20.409219047497495,-1372.3226016376753,19.252102193233733,669.1211990212823,20.7344297285313,-1939.776623070352,19.531676294283498,580.1687866103873,14.914607726422265,33.355210139055177,18.559843704106613,-42.20597737762926,17.689703501566308,353.3428023781828,15.981838815665574,-525.9699898478469,18.740035546743895,-102.11447760069197,1528.4125161268208,1041.7658631907423,0.0,0.0,0.0,0.0,0.0,0.0,0.0,0.0,0.0,0.0,0.0,0.0,0.0,0.0,0.0,0.0,0.0,0.0,0.0,0.0,0.0,0.0,1.7726866129169419,0.5411131297060262,421.9945833240148,496.19027816427129,14672.841810905094,0.4133443799430206,0.0630867490755526,329.4667384270848,388.8589421991578,10741.634734386234,1.6088690251623293,0.30401909016672909,404.8563327827798,475.6264481418521,14258.014706783857,0.3831558505868882,0.07240284402624493,296.79122743409416,349.96170282637078,9826.069879344177,0.0,0.0,14.592664341171547,17.542604249775886,326.0834835608647,0.0,0.0,16.348197478656699,19.341731610224245,505.1987394435579,0.0,0.0,106.3335127122339,126.1814644735139,3147.274425640994,0.0,0.0,47.10325170701048,56.29273692741623,1207.6692875231555,0.0,0.0,29.174508619494547,34.48106323538059,919.4519075323326,42.86216765523971,29.39792020249638,617.449475361732,731.5355929086363,20096.272312278008,0.0,0.0,64.05815120630776,78.0457406809719,947.8806778785076,1858.3893269848257,21.43517094425401,28.786930491055779,21.999999999999998,30.0,0.0,20.335056726656917,30.848680532478239,15.999999999999999,30.0,2519.8503576198675,21.58383973491736,28.537781570566314,21.599999999999999,30.0,0.0,20.598212031749193,30.322753476928037,15.999999999999999,30.0,0.0,14.965760447695397,43.49904262184868,12.0,30.0,0.0,19.429175057758614,37.637475722012919,19.0,30.0,0.0,18.743440462629154,34.158975433478747,10.0,30.0,1020.2012867948314,16.676481446037334,39.764658356125547,16.799999999999998,30.0,873.6999799500218,19.738799904111688,35.51193789730086,19.4,30.0,0.0,19.197033785350624,0.0,0.0,0.0,11.121483461761774,0.0,0.0,482.8012003565523,488.04736156694926,483.04733133426256,485.63169790935685,517.0725073475385,832.7041082159758,498.83839544128207,559.5843292346702,737.7681900247459,10484.916955962366,81.07199243694996,84.61194827885577,60.0,0.0,60.0,60.0,16.0,16.0,19.0,19.0,16.0,12.0,21.0,10.0,1.0,0.0,1858.3893269848257,0.0,2519.8503576198675,0.0,0.0,0.0,1020.2012867948314,873.6999799500218,5357.204842891335,3214322.905734801,4186190.2786422816,81.07199243694996,84.6720684808982,0.34857349476304458,0.7683305468468483,0.3602813740196596,84.6720684808982,0.3542647819438876,4186190.2786422816,0.21916522782273199 
 02/26  08:10:00,4.205,90.16666666666667,5.336666666666667,39.0,444.33333333333339,0.0,0.0,0.0,2.0,2.0,0.0,0.0,0.0,0.0,0.0,1463.0,0.0,90.00624302279624,24.992719876380574,64.04322088291917,2.698904276783283,71.83423062406364,0.0,24.992719876380538,34.1669428879212,0.0,0.0,20.450782275506464,-1381.7956445465744,19.279080166749507,642.8070834217166,20.723590433119463,-1940.022904726516,19.542274002904678,565.4875163670843,14.905401185837928,31.487944516165876,18.638144253915809,-37.5829772271678,17.716803085308429,331.83597064626056,15.904696118922474,-515.9167140509771,18.399415618252769,-74.35955017001962,1487.5539425210798,1046.9591021522843,0.0,0.0,0.0,0.0,0.0,0.0,0.0,0.0,0.0,0.0,0.0,0.0,0.0,0.0,0.0,0.0,0.0,0.0,0.0,0.0,0.0,0.0,1.7426649456175117,0.531949006598752,419.47985852987827,493.1794548645798,14358.702707625756,0.40596348356772396,0.061960238639762518,325.5598341958633,384.1828075716219,10435.40817948079,1.5820365251527809,0.2989487008981069,402.17641099088578,472.26518361599349,13937.96729225853,0.37864106586119147,0.07154971010226594,298.8099264355463,352.2481427404274,9720.884536905854,0.0,0.0,14.12427219341971,16.978661158545728,307.9056183741122,0.0,0.0,15.267149641105976,18.06758641404837,460.36469029406956,0.0,0.0,110.76648052189482,131.42312851612844,3220.6649185672388,0.0,0.0,49.57400826869084,59.29889276117023,1216.3011202218798,0.0,0.0,24.24723546263143,28.718886666050986,726.2550092217042,42.663582689231997,29.261716522107006,615.7587904497541,729.3205426232047,19694.247349180616,0.0,0.0,66.63370187921662,81.15256137207369,960.4175009581312,1858.427549877153,21.426989067032055,28.919920249065865,21.999999999999998,29.999999999999994,0.0,20.319419216311255,31.011934367605809,16.0,29.999999999999994,2407.842997893329,21.555458096134204,28.707277099811337,21.57142857142857,29.999999999999994,0.0,20.564126185352593,30.522133498640796,16.0,29.999999999999994,0.0,14.959139912340728,43.730747981805908,12.0,29.999999999999994,780.6550487875925,19.30301739623367,38.256634619323879,19.428571428571428,29.999999999999994,0.0,18.744577978879403,34.314762625142147,10.0,29.999999999999994,831.9984037550839,16.386687198518076,40.7337173839635,16.57142857142857,29.999999999999994,26.681671514438056,19.18860331137728,36.95100545066114,19.0,29.999999999999994,0.0,19.196711079021268,0.0,0.0,0.0,11.199329642808369,0.0,0.0,485.1143233401956,490.9733171436665,485.55434113744459,488.93175646429338,520.194987915982,842.1462434833047,502.2397525369338,563.936101480246,742.420137763279,10528.54899206542,81.04307152980759,85.27490611816191,59.999999999999989,0.0,59.999999999999989,59.999999999999989,16.0,16.0,19.0,19.0,16.0,12.0,21.0,10.0,1.0,0.0,1858.427549877153,0.0,2407.842997893329,0.0,780.6550487875925,0.0,831.9984037550839,26.681671514438056,6403.960535459591,3842376.321275754,5013437.597421467,81.04307152980759,85.34677671819884,0.3591796368962721,0.7677459097563466,0.3602813740196596,85.34677671819884,0.35426478194388746,5013437.597421467,0.2621887550659163 
 02/26  08:20:00,4.470000000000001,89.33333333333334,5.3533333333333339,44.50000000000001,475.1666666666667,0.0,0.0,0.0,2.0,2.0,0.0,0.0,0.0,0.0,0.0,836.0,0.0,104.03189213834819,25.34100376188177,64.93583117784449,3.1194782921975738,83.02818855076028,0.0,25.34100376188176,34.64307336445851,0.0,0.0,20.464120258684337,-1398.3713738185293,19.324597297466157,580.1140128369252,20.7570272904118,-1685.2248648746029,19.58019509769651,496.40056051217246,14.897091766290297,34.76820679137121,18.89184436720821,-56.64480626937231,17.749414731106783,316.690721552839,16.04395273072017,-515.966729110854,19.24117844880547,-142.8973383779721,1434.4742526782293,1057.3883077821607,0.0,0.0,0.0,0.0,0.0,0.0,0.0,0.0,0.0,0.0,0.0,0.0,0.0,0.0,0.0,0.0,0.0,0.0,0.0,0.0,0.0,0.0,1.6999009989950245,0.51889529883853,417.08508846123336,490.30957377654075,14049.82421285325,0.38994086796382279,0.05951478448776295,308.34768500357156,363.78620958892255,9736.144365976836,1.5457680123857634,0.29209524043570747,371.8001366163996,436.60957460984187,12627.846651069467,0.36618535403120619,0.06919602305956274,275.9905966948818,325.2284492699275,8849.519130306784,0.0,0.0,14.55319310684154,17.488268247317614,309.36903246847199,0.0,0.0,16.737393449255476,19.758902635662588,513.4589277096396,0.0,0.0,102.02779637605535,121.02403141447202,2917.296318358722,0.0,0.0,47.476446849810638,56.71460134298509,1164.5032812984126,0.0,0.0,32.86944429689048,38.72890664613301,1039.5610992555428,42.429704893573,29.10130651136695,575.1929195039666,681.2161093204236,18107.125194640164,0.0,0.0,64.24444709421016,78.18319779616015,905.0153740215249,1850.834579429951,21.4384937354415,28.994187942731395,22.0,30.0,0.0,20.341681929887959,31.04799930415547,16.0,30.0,2146.8517156563987,21.494501841903707,28.908616115647147,21.5,30.0,0.0,20.57598394378041,30.572944115424837,16.0,30.0,0.0,14.95422789621832,43.90905345273684,12.0,30.0,281.03558435063249,19.87317282811842,37.20959916537519,19.5,30.0,0.0,18.765800222283024,34.35633571610619,10.0,30.0,458.35334342152057,16.65227363855828,40.119377103608687,16.5,30.0,1657.1496268150345,20.309382573528589,34.593816003946347,19.75,30.0,0.0,19.15409291185767,0.0,0.0,0.0,11.306053183046478,0.0,0.0,486.6224726083218,491.28633845089328,486.7813502980334,489.3163610795585,521.4860559878182,847.8465592695703,502.36347693329989,560.5260948854633,744.7103245341295,11140.364440426316,80.63843809643355,87.87706409987243,60.0,0.0,60.0,60.0,16.0,16.0,19.0,19.0,16.0,12.0,21.0,10.0,1.0,0.0,1850.834579429951,0.0,2146.8517156563987,0.0,281.03558435063249,0.0,458.35334342152057,1657.1496268150345,10954.323658840354,6572594.195304213,8599078.899596354,80.63843809643355,88.0,0.36514412196134518,0.7642935194976049,0.36028137401965956,88.0,0.3542647819438875,8599078.899596354,0.44863876944567707 
 02/26  08:30:00,4.735,88.5,5.37,50.0,506.0,0.0,0.0,0.0,2.0,2.0,0.0,0.0,0.0,0.0,0.0,836.0,0.0,133.46362462746209,28.68783626452593,73.51206165079666,4.0019967798252609,106.51758351834887,0.0,28.687836264525918,39.21844713485592,0.0,0.0,20.55249839805368,-1554.5830787706673,19.380413577567596,724.7003073818464,20.503850572404624,-1317.4484198198696,19.654675014581757,481.3056279511984,14.896091983119643,39.46844542374389,18.567915050365145,-43.73956619195661,17.758914810679458,354.4742765228101,15.996077300964476,-513.304212911385,18.95812099092759,-137.68749387225615,1436.8157816116159,1077.0517236304948,0.0,0.0,0.0,0.0,0.0,0.0,0.0,0.0,0.0,0.0,0.0,0.0,0.0,0.0,0.0,0.0,0.0,0.0,0.0,0.0,0.0,0.0,1.680964111020441,0.5131148080037977,475.4751162693118,558.6775589213727,15818.743413113214,0.3937472115135656,0.0600957282529862,328.16671937314916,387.03498612450746,10220.432568040393,1.5545802345442364,0.2937604373666359,356.44762325477867,418.8640133652062,11874.252413716471,0.3603810171348198,0.06809920958707855,236.7468179139955,278.92750191478867,7523.644523899357,0.0,0.0,14.699092919215913,17.664498884863077,304.8056569765455,0.0,0.0,16.91129302754613,20.005298227940366,492.2043658780948,0.0,0.0,110.01858151947093,130.50445653513524,3084.7209481926036,0.0,0.0,51.97526245739437,62.125728785658157,1235.634414561581,0.0,0.0,33.21593223114543,39.21983722667891,1007.0598346885573,42.39085650791318,29.074661528061179,583.1691802310209,690.3546358831508,18158.571624878707,0.0,0.0,69.0081407496302,83.91848153900914,969.8714094668467,1815.678859323722,21.508570727230578,29.024477843385435,22.0,30.0,0.0,20.387058299030288,31.143975473896967,16.0,30.0,1337.0934314039512,21.488925463467866,29.085144653042009,21.5,30.0,0.0,20.670972497126028,30.56525169941017,16.0,30.0,0.0,14.960568093221897,44.18259918991495,12.0,30.0,0.0,19.316456937257063,38.6238356644792,19.0,30.0,0.0,18.751428139395239,34.672122703654,10.0,30.0,1067.258378634891,16.547979411008016,41.03712703020783,16.75,30.0,0.0,19.956753426032838,35.40001788371672,19.0,30.0,0.0,19.26043266021186,0.0,0.0,0.0,11.560804807128749,0.0,0.0,488.24342201423829,494.0993742802314,489.27075707088746,490.83283234530367,528.5898697434533,842.4387061481057,510.92875655131146,587.9326095329986,728.4766542906386,9749.325597009674,81.55830773371564,85.23812810387816,60.0,0.0,60.0,60.0,16.0,16.0,19.0,19.0,16.0,12.0,21.0,10.0,1.0,0.0,1815.678859323722,0.0,1337.0934314039512,0.0,0.0,0.0,1067.258378634891,0.0,5568.599790798956,3341159.8744793736,4370124.328561899,81.55830773371564,85.30062366992878,0.3556199930266319,0.7662903488316973,0.36028137401965956,85.30062366992878,0.3542647819438875,4370124.328561899,0.22872979841855207 
 02/26  08:40:00,5.0,87.66666666666666,5.386666666666667,53.333333333333339,531.8333333333334,0.0,0.0,0.0,2.0,2.0,0.0,0.0,0.0,0.0,0.0,836.0,0.0,172.3057463567607,31.103379126964677,79.70189859957593,5.166678462482936,137.51727993758218,0.0,31.103379126964659,42.520677361597559,0.0,0.0,20.667042445587748,-1285.622378213367,19.50197097041984,682.7033447950107,20.76424897378255,-2190.2670576071639,19.75915909412082,684.2273300962825,14.893377671994294,33.653220558013789,18.805663155422864,-47.649284212523557,17.88567945617539,409.1199731474635,16.838670594697708,-416.6601842822672,18.57622646322299,-30.000904746298717,1465.9973621727796,767.1046377037678,0.0,0.0,0.0,0.0,0.0,0.0,0.0,0.0,0.0,0.0,0.0,0.0,0.0,0.0,0.0,0.0,0.0,0.0,0.0,0.0,0.0,0.0,1.6337115013664896,0.4986909344830554,426.58837301845576,501.02764081572107,14131.376041789214,0.3999133245300319,0.06103683219322832,347.4614593873592,409.7047016227881,10718.651662628195,1.4263509341438324,0.26952965497804856,478.7981079000249,562.6071770175519,15762.671439627018,0.36892287401687237,0.06971331708557677,336.91812107561636,396.8875469562285,10599.771876315574,0.0,0.0,14.156238719054752,17.01355330136015,285.9700047455244,0.0,0.0,15.515506821250387,18.331171183885695,454.94773574051728,0.0,0.0,97.27774641068803,115.31423132587102,2715.346656230774,0.0,0.0,31.212282466711295,37.11968134868003,811.9336989173086,0.0,0.0,18.391895677122194,21.764288922946166,526.2500326370333,42.31726567164368,29.024187703459324,675.4540653502272,799.4467889117614,20641.81916312633,0.0,0.0,48.45390292503913,58.987380999498089,624.657538293545,1890.4090561403148,21.68566067728463,28.90623744937823,22.0,30.0,0.0,20.51303899077255,31.110177175287267,16.0,30.0,2696.895390923471,21.627558068405038,29.035993441192227,21.75,30.0,0.0,20.835145489238653,30.491949368952363,16.0,30.0,0.0,14.959950149299491,44.423547658008278,12.0,30.0,898.1231277733833,19.698307593658777,37.91806997755257,19.5,30.0,0.0,18.961374038649635,34.310328453958039,10.0,30.0,1360.5014262810556,17.955414772273465,37.57766711050243,20.7,30.0,0.0,19.328057096444689,37.481056266887339,19.0,30.0,0.0,19.436426859429575,0.0,0.0,0.0,11.245519542103632,0.0,0.0,491.5193200135873,497.36268770680166,490.8143491679125,494.98080044390488,531.356911403155,850.7470562287256,504.1670589710313,581.5962631325451,759.2161709060341,9600.03919508946,81.6571857142565,83.35661412120142,60.0,0.0,60.0,60.0,16.0,16.0,19.0,19.0,19.7,12.0,21.0,10.0,1.0,0.0,1890.4090561403148,0.0,2696.895390923471,0.0,898.1231277733833,0.0,1360.5014262810556,0.0,2571.94333486405,1543166.00091843,2007746.050336337,81.6571857142565,83.38547605726648,0.3407314444954684,0.7686184468178319,0.36028137401965956,83.38547605726648,0.3542647819438875,2007746.050336337,0.1058827946174895 
 02/26  08:50:00,5.265,86.83333333333333,5.403333333333333,56.666666666666667,557.6666666666666,0.0,0.0,0.0,2.0,2.0,0.0,0.0,0.0,0.0,0.0,836.0,0.0,225.62723812635296,33.54358075950017,85.95492763687658,6.765517219905312,180.07280956143945,0.0,33.54358075950016,45.856617996560057,0.0,0.0,20.66343968411003,-1466.3196848911544,19.565231847319639,569.2952659969742,20.794344220824116,-1433.0621268938499,19.762620864601759,476.3015976318843,14.886224520525105,27.94015510926586,18.821997831324908,-31.688008673158053,17.983600325348165,381.54185478591799,17.73773837677308,-72.69529729282999,18.70810084328028,-111.51904646262082,1376.7932278499825,471.1486200052443,0.0,0.0,0.0,0.0,0.0,0.0,0.0,0.0,0.0,0.0,0.0,0.0,0.0,0.0,0.0,0.0,0.0,0.0,0.0,0.0,0.0,0.0,1.6028050971995865,0.4892567451769189,406.44747284278727,477.67076473909006,13089.471483942543,0.36384228999894188,0.055531485042573557,284.00297730109949,334.75048687527257,8620.99181414603,1.4326277901340419,0.2707157577728727,368.91089732461389,433.18999680864547,11996.151078439147,0.35087600725659376,0.06630310038862314,289.70888150495275,341.21456343258066,8921.767582279585,0.0,0.0,13.665491476980373,16.42474536008585,268.4893491907757,0.0,0.0,14.571995054890808,17.22036609045453,416.92649323483257,0.0,0.0,78.20841593244191,92.6774064424204,2160.4891288532269,0.0,0.0,9.95878982014075,11.78451374427739,282.2353709082944,0.0,0.0,15.859947757553455,18.752606394860746,450.47885221471219,42.00078387308526,28.807121998000878,576.8226124116908,682.6139858702451,17383.508804501904,0.0,0.0,27.78987823889568,33.88850179868572,325.7401334014115,1866.4055220819965,21.60554366501039,29.285328721062549,22.0,30.0,0.0,20.507811644260799,31.33685259751808,16.0,30.0,1979.1065243831973,21.562634179710114,29.353104302116443,21.5,30.0,0.0,20.73728631005337,30.90205578276815,16.0,30.0,0.0,14.949840658188796,44.5395976991378,12.0,30.0,0.0,19.618030493517389,38.64929038203029,19.0,30.0,0.0,19.08239512355175,34.135607891911018,10.0,30.0,1318.0488031378496,19.45783394435794,34.06165150421137,20.7,30.0,970.3627641341077,19.480506517820968,37.83409425009787,19.5,30.0,0.0,19.320222824359754,0.0,0.0,0.0,10.906629366636255,0.0,0.0,494.0643967711231,500.0359831541835,493.9212045446148,500.2937051828624,525.5258090394582,873.1998717597855,494.4240214117114,564.293955878529,801.5044343548241,10076.791753412212,81.34179901434693,84.97514775778237,60.0,0.0,60.0,60.0,16.0,16.0,19.0,19.0,19.7,12.0,21.0,10.0,1.0,0.0,1866.4055220819965,0.0,1979.1065243831973,0.0,0.0,0.0,1318.0488031378496,970.3627641341077,5498.3809978740359,3299028.598724421,4300684.063109795,81.34179901434693,85.03685408133595,0.3532793665958012,0.7679210026916297,0.36028137401965956,85.03685408133595,0.3542647819438875,4300684.063109795,0.22512557128170933 
 02/26  09:00:00,5.53,86.0,5.42,60.0,583.5,0.0,0.0,0.0,2.0,2.0,0.0,0.0,0.0,0.0,0.0,627.0,0.0,293.35457403724959,35.986263160826307,92.21431834515632,8.796308338164625,234.12549133007259,0.0,35.98626316082629,49.19595003053821,0.0,0.0,20.657865505456664,-1293.6561403503989,19.648776007019188,465.2107465465812,20.84086864908995,-1568.0362293331203,19.789628586483589,432.96815407221939,14.88270795819011,27.02669365436568,18.581701605531984,-33.8322152230515,18.01786190156048,296.67970152992657,18.52437343216179,-60.75002037879155,18.979540151953505,-24.05815795325234,1349.3531806136239,409.6171032715566,0.0,0.0,0.0,0.0,0.0,0.0,0.0,0.0,0.0,0.0,0.0,0.0,0.0,0.0,0.0,0.0,0.0,0.0,0.0,0.0,0.0,0.0,1.5299927450513824,0.4670307524576873,403.78721800059886,474.4319822719923,12865.301237355201,0.3500597348153722,0.05342792045411669,287.5750650287818,339.0640851150466,8586.850590117645,1.3930056115184682,0.26322857360515308,371.9927497928584,436.62540690762065,11916.835632887478,0.3309973910503354,0.0625467481198669,241.91785850788865,284.8722724420534,7337.997818387443,0.0,0.0,13.942026545847373,16.7557445328004,266.3731905860375,0.0,0.0,15.147876974925247,17.926061537545058,412.4408551192028,0.0,0.0,75.71003973002894,89.70091073908867,2053.7725991046238,0.0,0.0,18.130965665942168,21.338826676880353,550.5520432745012,0.0,0.0,16.280176053690448,19.21248638940613,467.22130854807696,41.80101203091354,28.670104273603287,551.5464955868806,652.7454062361312,16382.788180508014,0.0,0.0,21.592809073162795,26.320040574322314,234.58451589698587,1859.165842376611,21.61415801683896,29.333372126315078,22.000000000000019,30.00000000000002,0.0,20.540745558619677,31.393323156798205,16.000000000000015,30.00000000000002,2482.561754665112,21.62960825253908,29.33852937535552,21.666666666666687,30.00000000000002,0.0,20.735653126180805,30.98258692416333,16.000000000000015,30.00000000000002,0.0,14.945893713842294,44.639280961504059,12.00000000000001,30.00000000000002,0.0,19.15483626941059,39.94877380649098,19.000000000000015,30.00000000000002,0.0,19.099571652583696,34.23324602243304,10.000000000000007,30.00000000000002,1233.4298742589759,20.722092983083966,31.298977370852485,20.700000000000015,30.00000000000002,327.61775519857317,19.935117246200944,37.38204339366028,19.666666666666683,30.00000000000002,0.0,19.35763186684924,0.0,0.0,0.0,10.765811543598036,0.0,0.0,494.6344517170621,501.7723170136841,494.0300138243622,499.81714958270836,520.1429732223014,873.1718682397132,496.4451536266305,537.8783829576277,828.4256289288409,8137.309307323523,82.62436363127847,82.62436363127849,60.00000000000004,0.0,60.00000000000004,60.00000000000004,16.0,16.0,19.0,19.0,19.7,12.0,21.0,10.0,1.0,0.0,1859.165842376611,0.0,2482.561754665112,0.0,0.0,0.0,1233.4298742589759,327.61775519857317,0.0,0.0,0.0,82.62436363127847,82.62436363127847,0.3400000000000003,0.7688510552503607,0.3602813740196598,82.62436363127847,0.3542647819438878,0.0,0.0015000000000000005 
 02/26  09:10:00,5.77,84.66666666666667,5.593333333333334,63.333333333333339,609.3333333333334,0.0,0.0,1.0,2.0,0.0,0.0,0.0,0.0,0.0,4.0,2090.0,0.0,375.72339714894766,38.46854053443732,98.57517322270185,11.266117368301597,299.86338846241599,0.0,38.468540534437298,52.58941139351288,0.0,0.0,20.44623780078207,-1347.1057717144552,19.64542586025687,399.29954543144637,20.759533673426796,-1286.2645872623253,19.807127493280384,434.58511122397138,14.884637031578784,29.855610105841718,18.962628801165964,-96.74680050328581,17.009327334637204,-750.8361912570166,18.318393965213806,-151.49498782121555,18.46119060919402,-664.9922583745778,1317.7701777755454,2394.8189700219729,0.0,0.0,0.0,0.0,0.0,0.0,0.0,0.0,0.0,0.0,0.0,0.0,0.0,0.0,0.0,0.0,0.0,0.0,0.0,0.0,0.0,0.0,1.570787579782176,0.4794833882118975,333.3560869255753,392.51565558513047,10235.724480248407,0.34889857931020448,0.053250698917918868,269.0041285603606,317.5904600403015,7838.031362537255,1.2246865446531883,0.23142224955653604,283.0849988743497,332.77114445386555,8908.53331596695,0.30696912907978049,0.058006260219157296,272.0087189920437,320.7101008307824,8089.982067683793,0.0,0.0,14.152626804424452,17.02464456184667,263.63891650412469,0.0,0.0,16.72546413356639,19.777134638354356,464.7810816529072,0.0,0.0,270.7500191359425,323.3040990512595,6122.664554523944,0.0,0.0,34.790484265116209,41.09700763102319,994.399789662824,0.0,0.0,197.59422268456476,234.33436013310638,5217.01644569784,42.27397201787998,28.994493839423869,531.9444183574782,630.2711807137382,15522.801095384486,0.0,0.0,206.58763700545743,249.59464921743226,3299.4442597604086,1357.092997335643,21.18116784521913,30.613926310594,21.699999999999997,30.0,0.0,20.41176685672422,31.991340089646628,15.999999999999999,30.0,1363.79937549461,21.525646738714867,30.608726392695908,21.4,30.0,0.0,20.729172465335187,31.87138041393881,19.0,30.0,0.0,14.950018993395086,45.186315021308477,12.0,30.0,838.8578841006547,19.682007665584899,38.76028981053703,19.599999999999999,30.0,0.0,17.058674802049255,40.59760868517582,10.0,30.0,392.4920930697271,20.153500026909336,33.749243505176909,20.0,30.0,0.0,19.006808411168455,36.35746949048571,12.0,30.0,0.0,19.30929177682384,0.0,0.0,0.0,13.540317743993178,0.0,0.0,512.2558141553022,511.2178230848392,543.2483456134531,532.9658995581762,541.1473267389681,878.8930295465527,587.8788763072797,603.5321773151015,619.1738246699455,10099.182404534267,81.32710301600254,84.13311393390299,220.0,0.0,220.0,220.0,16.0,19.0,19.0,12.0,19.7,12.0,21.0,10.0,1.0,0.0,1357.092997335643,0.0,1363.79937549461,0.0,838.8578841006547,0.0,392.4920930697271,0.0,4246.527953596484,2547916.77215789,3310449.66794528,81.32710301600254,84.18076931460591,0.3455509317865494,0.7690630329606966,0.3602813740196596,84.18076931460591,0.3542647819438876,3310449.66794528,0.1776800493998213 
 02/26  09:20:00,6.010000000000001,83.33333333333334,5.7666666666666679,66.66666666666667,635.1666666666667,0.0,0.0,1.0,2.0,0.0,0.0,0.0,0.0,0.0,4.0,836.0,0.0,471.39354258385858,40.965216335841798,104.97292695884674,14.134760086725939,376.21692930508967,0.0,40.965216335841777,56.002556498894488,0.0,0.0,20.48415874130616,-1532.0950750409093,19.688580848271387,449.0128796559575,20.83224751721702,-1366.7955366242234,19.80529935995518,448.02386376286588,14.889069235363964,25.357502373704194,18.88258327244356,-111.15406824834858,16.434453978321259,-17.97736251989477,18.581434186369568,-318.37899426182539,17.68361976636456,-461.095740797349,1303.4644533319816,1826.6770550873978,0.0,0.0,0.0,0.0,0.0,0.0,0.0,0.0,0.0,0.0,0.0,0.0,0.0,0.0,0.0,0.0,0.0,0.0,0.0,0.0,0.0,0.0,1.51428752139835,0.4622367281435745,353.57571362857689,416.0108556111435,10724.013312407358,0.3442335335363872,0.05253869559468669,283.79528571903378,334.92056511130689,8106.332140494935,1.1591379943953062,0.219035902191101,289.3726452280229,339.94220451916359,8975.31197679169,0.29978879746016,0.05664943262663642,279.3723241085727,329.20997418003699,8164.2635078373809,0.0,0.0,14.194205372252688,17.066043735411666,257.71479315702779,0.0,0.0,17.58074375342994,20.79843398144374,471.4807733653554,0.0,0.0,267.8207784062331,320.5218840287697,5565.94453591725,0.0,0.0,47.81738102006013,56.36052947441454,1386.438901585265,0.0,0.0,180.40477609549215,214.84325598287979,4260.374170505658,42.807925989964989,29.360717414242115,553.9260329061933,655.9317455023643,15849.994631198108,0.0,0.0,197.25291353038814,237.84995952922533,3270.3404904795536,1866.3917548602158,21.24805098728747,30.80640440043771,22.0,30.0,0.0,20.35990219179252,32.48494846045635,16.0,30.0,1496.818594068611,21.60058699382142,30.843062579913874,21.5,30.0,0.0,20.68813150938938,32.519245831627078,19.0,30.0,0.0,14.955042031048006,45.99102683578809,12.0,30.0,0.0,19.43763373778251,39.6205127928571,19.0,30.0,0.0,16.305587511944809,42.72384341982304,10.0,30.0,1208.534983858976,20.56882457244992,33.61509911537563,20.7,30.0,0.0,17.740909031971286,38.984404553513488,12.0,30.0,0.0,19.316006983085765,0.0,0.0,0.0,14.117499127231323,0.0,0.0,524.4828771445773,525.7416846945108,558.1329877076005,556.3845579483241,573.1697014402888,887.978039226757,588.7998593025636,645.4681219547778,591.4828146642976,9413.025928972515,81.78066513161125,83.80576055878618,220.0,0.0,220.0,220.0,16.0,19.0,19.0,12.0,19.7,12.0,21.0,10.0,1.0,0.0,1866.3917548602158,0.0,1496.818594068611,0.0,0.0,0.0,1208.534983858976,0.0,3064.1985840042455,1838519.150402547,2383968.1782189158,81.78066513161125,83.84015340199506,0.35713995280014157,0.767468316139038,0.36028137401965956,83.84015340199506,0.3542647819438875,2383968.1782189158,0.1294419008229392 
 02/26  09:30:00,6.25,82.0,5.9399999999999999,70.0,661.0,0.0,0.0,1.0,2.0,0.0,0.0,0.0,0.0,0.0,4.0,836.0,0.0,579.0036787793604,43.4725993977843,111.39812054184911,17.361417594929699,462.09964927537649,0.0,43.47259939778428,59.430339241199899,0.0,0.0,20.46358732194958,-1554.7054943173899,19.78723611857307,411.0835331934436,20.928333686898676,-1284.3656395484252,19.824321313201989,420.91141366621027,14.894230772951115,23.836464569284759,18.694544319824574,-89.58392072760435,16.58754909411695,98.31603704569398,18.39640667624414,-254.1339448762473,17.357116861184914,-154.87494482123032,1220.4955667824129,1175.025135117433,0.0,0.0,0.0,0.0,0.0,0.0,0.0,0.0,0.0,0.0,0.0,0.0,0.0,0.0,0.0,0.0,0.0,0.0,0.0,0.0,0.0,0.0,1.5137186366905309,0.46206307591286047,348.76310559647779,410.50734780097147,10360.611938508198,0.34063558758931936,0.051989558545378417,276.417779294693,326.22800170143,7775.967106694599,1.120686982932777,0.2117700270092172,233.3627750730274,273.9639178354742,7116.269094573561,0.28864753775854698,0.05454413033986147,225.9838289485599,266.04855777403295,6515.61979651121,0.0,0.0,13.649049963984883,16.411524581938424,241.34086680651144,0.0,0.0,17.62253240247195,20.876534863541477,452.1040664696047,0.0,0.0,192.95323282580515,230.63181950665925,4054.6054543762795,0.0,0.0,45.03710077097252,53.2022845581794,1237.4959197339952,0.0,0.0,109.1897398841025,130.21883093477744,2433.3969672210334,43.40793264040495,29.772244609331254,492.6560646742022,583.4140478293282,13880.876030141775,0.0,0.0,118.92811871800849,143.79079791902942,1727.573994385113,1847.267216666792,21.170408514511729,31.623783457686846,22.0,30.0,0.0,20.37990088116624,33.09813951423001,16.0,30.0,1464.3073353835667,21.730135638388697,31.464948187909859,21.5,30.0,0.0,20.67970724538318,33.52311868958822,19.0,30.0,0.0,14.959617308081409,46.397954459752067,12.0,30.0,15.250736015774966,19.075323750565738,40.7211895031726,19.0,30.0,0.0,16.666473772480665,42.01467974007874,10.0,30.0,670.5102178969808,20.037260956612945,34.974999721737678,20.2,30.0,0.0,17.322705918424498,40.180702175505349,12.0,30.0,0.0,19.10001194482214,0.0,0.0,0.0,13.345911459232136,0.0,0.0,550.6109570886024,550.9693176914065,596.4808808135447,599.8572961112216,582.6305154861309,891.0749261886227,582.8396603858482,644.0475299335352,583.29602712556,10444.653022934093,81.09850428104056,84.9172300992157,220.0,0.0,220.0,220.0,16.0,19.0,19.0,12.0,19.7,12.0,21.0,10.0,1.0,0.0,1847.267216666792,0.0,1464.3073353835667,0.0,15.250736015774966,0.0,670.5102178969808,0.0,5778.593250019634,3467155.95001178,4507845.096542918,81.09850428104056,84.98208474090801,0.36261977500065448,0.7689531771395352,0.36028137401965956,84.98208474090801,0.3542647819438875,4507845.096542918,0.2398223894646762 
 02/26  09:40:00,6.49,80.66666666666667,6.113333333333333,72.0,673.6666666666666,0.0,4.0,0.0,0.0,0.0,0.0,0.0,0.0,0.0,0.0,1254.0,0.0,684.5894433666587,45.16419015482568,115.73285309266024,20.527369657515366,546.3666783411709,0.0,45.16419015482566,61.742872053612568,0.0,0.0,20.560842892465837,-1308.0234729617712,19.905093922077059,414.8620648545676,20.778871773729777,-765.8246422366884,19.863469081575269,-42.80564212354221,14.905016753923093,27.463263670012084,18.50001214772542,-221.8428564361095,17.024802143024489,518.6560351028877,17.937568819155893,-134.93198105910796,17.136206087894914,-498.83107904140049,1073.949139574244,1050.001002307894,0.0,0.0,0.0,0.0,0.0,0.0,0.0,0.0,0.0,0.0,0.0,0.0,0.0,0.0,0.0,0.0,0.0,0.0,0.0,0.0,0.0,0.0,1.4420745469929224,0.440193695663285,373.7401609641093,439.8223725897956,11058.556560794952,0.3383573205010982,0.05164183768331776,290.3666429876433,342.7842537234883,8070.956409432565,1.202625519333208,0.22725349949607097,141.52990836669449,166.41428234426008,4271.881734468621,0.3004367302437196,0.056771868904708869,19.967015526277753,23.546237826454339,569.6576827421648,0.0,0.0,12.608175687833656,15.167513767389507,217.15668870979,0.0,0.0,76.30860785484279,90.64595889530347,1860.3218397929227,0.0,0.0,225.5794239557346,268.9064776608418,5009.953567584636,0.0,0.0,35.35406946029788,41.90474186198647,907.9938425447167,0.0,0.0,99.80630362203689,119.16356835133669,2099.6801920469999,44.04022801941582,30.205917708789987,303.3305418279362,360.26766673650777,8464.217260366418,0.0,0.0,105.8895320435823,128.01402676294968,1485.360901848358,1823.0008488182126,21.362714339652137,31.55268782340116,21.999999999999984,29.99999999999998,0.0,20.45681351418727,33.3723893320109,15.999999999999988,29.99999999999998,1162.906999208192,21.468232027532907,31.22102487726356,21.333333333333319,29.99999999999998,0.0,20.631851844738816,36.47254667008783,18.999999999999987,29.99999999999998,0.0,14.973386811280414,46.886643293159888,11.999999999999993,29.99999999999998,0.0,18.637155097175673,38.986337076530549,15.999999999999988,29.99999999999998,0.0,17.545572172219467,40.77370318117126,9.999999999999993,29.99999999999998,0.0,19.253978869276687,36.53893651781159,15.999999999999988,29.99999999999998,0.0,17.00555970141881,41.57729270264225,11.999999999999993,29.99999999999998,0.0,18.670502087493447,0.0,0.0,0.0,13.206864479332074,0.0,0.0,560.7567135620623,565.5333544259156,551.4571035179696,764.2193288066137,597.0665528623888,697.837010427526,629.3720783654061,627.4999914067879,607.3213790233774,9277.986231197294,81.87013961460693,84.13120422944026,131.99999999999992,0.0,131.99999999999992,131.99999999999992,16.0,19.0,16.0,12.0,16.0,12.0,21.0,10.0,1.0,0.0,1823.0008488182126,0.0,1162.906999208192,0.0,0.0,0.0,0.0,0.0,3421.940181351976,2053164.1088111886,2661368.6330086218,81.87013961460693,84.1696046128195,0.3407313393783991,0.7693761357551581,0.3602813740196593,84.1696046128195,0.3542647819438872,2661368.6330086218,0.14160316891644834 
 02/26  09:50:00,6.73,79.33333333333333,6.286666666666667,74.0,686.3333333333334,0.0,4.0,0.0,0.0,0.0,0.0,0.0,0.0,0.0,0.0,836.0,0.0,795.4096293811736,46.83664429523116,120.01854790514408,23.850272910119807,634.8112391241043,0.0,46.83664429523114,64.02924366024608,0.0,0.0,20.54391414037663,-1704.5281817114279,20.04809565414167,400.4166577978999,20.724941426276439,-400.06341582524819,19.750099904670337,-73.57493683020826,14.932749759956313,40.22447262092794,18.385529078456274,-75.6792000603769,17.322809848935984,175.5496456798105,17.236382184340095,-32.355211218634909,16.592689057438265,-686.3575607966712,1124.9216936034605,1430.3293234261578,0.0,0.0,0.0,0.0,0.0,0.0,0.0,0.0,0.0,0.0,0.0,0.0,0.0,0.0,0.0,0.0,0.0,0.0,0.0,0.0,0.0,0.0,1.4379467664353825,0.4389336893880899,384.5612695719525,452.5561812213166,11133.71725855381,0.33184116409021,0.050647308316576617,284.7545806644035,335.9963294962215,7834.539400306025,1.3138882439532825,0.24827820180523106,90.14001500635016,106.09355633816159,2664.854814997557,0.3041943289044169,0.05748192156168118,20.697081516379023,24.412500183527308,571.01591599324,0.0,0.0,12.075398929588662,14.519104801388828,203.16954878181913,0.0,0.0,53.371540841699147,63.43404395162995,1250.3578556056812,0.0,0.0,280.7380446152731,334.0548622622095,6328.325814147442,0.0,0.0,22.104267967536534,26.305691489107774,505.1068647915327,0.0,0.0,183.40783424516247,219.60107072307987,3472.4545230939636,44.49703150592406,30.519225998576187,312.322129855917,370.74959793704809,8566.141931948963,0.0,0.0,188.04404575169344,226.57969925827417,2893.0549794133346,1804.2995222024952,21.280963886482284,31.80837761071472,22.0,30.0,0.0,20.55703425227683,33.241931692138077,16.0,30.0,808.7185566189751,21.40214150185873,31.521178353272466,21.25,30.0,0.0,20.395532060979556,39.76171702858126,19.0,30.0,0.0,15.015954478060248,47.20063650028876,12.0,30.0,0.0,18.409321909522857,38.56821499687353,16.0,30.0,0.0,17.96373205482469,39.36212603639772,10.0,30.0,0.0,18.061143448914679,39.2547679943032,16.0,30.0,0.0,16.129038110969927,44.293183448545978,12.0,30.0,0.0,18.73424105771971,0.0,0.0,0.0,14.200144878633865,0.0,0.0,560.7584268315786,564.2532766174567,557.0168428717377,931.9793127159796,607.7083409688428,627.4122917837904,603.075797657109,618.7742862261758,615.6493723441824,8960.220204870326,82.0802553583613,82.08025535836132,132.0,0.0,132.0,132.0,16.0,19.0,16.0,12.0,16.0,12.0,21.0,10.0,1.0,0.0,1804.2995222024952,0.0,808.7185566189751,0.0,0.0,0.0,0.0,0.0,0.0,0.0,0.0,82.0802553583613,82.0802553583613,0.34,0.7702029135966894,0.36028137401965956,82.0802553583613,0.3542647819438875,0.0,0.00319 
 02/26  10:00:00,6.97,78.0,6.46,76.0,699.0,0.0,4.0,0.0,0.0,0.0,0.0,0.0,0.0,0.0,0.0,836.0,0.0,909.9687354837107,48.48821612009228,124.25073132844196,27.285285474519698,726.2397879618648,0.0,48.48821612009226,66.28706755834283,0.0,0.0,20.56221493315083,-1240.1771754728707,20.23003194828832,351.3420684583948,20.813482983746576,-936.1289218506136,19.665243608857204,-66.49913173270378,14.971816568746906,42.16613951449858,18.370254996275294,-99.76486579401859,17.16580501384878,94.09863580851106,16.800422560027614,-16.448344284512915,16.291921834289103,-449.7977362351237,1143.5655031202876,1367.9910922333402,0.0,0.0,0.0,0.0,0.0,0.0,0.0,0.0,0.0,0.0,0.0,0.0,0.0,0.0,0.0,0.0,0.0,0.0,0.0,0.0,0.0,0.0,1.4457539956862054,0.4413168485000627,417.52474703175417,491.5055225600444,11849.157187314244,0.3310841782786577,0.05053177324155337,223.6398427808633,264.00183167080146,6129.664417704782,1.1617805467682719,0.21953525071206957,227.99096732199039,267.8099076904797,6669.939217229594,0.33555019116193887,0.06340706560127338,29.362215554795549,34.65160506276354,783.6826297714271,0.0,0.0,11.983683381501333,14.408469007867314,197.1702444531806,0.0,0.0,57.16817384704136,67.97379902533067,1300.276505269162,0.0,0.0,314.17809697289359,374.3641419122427,6755.310505186249,0.0,0.0,12.580600999503357,15.007151164816749,263.07013322575969,0.0,0.0,210.56389910583338,252.54889245540176,3744.2312206323615,45.03031961318181,30.884992875982044,353.13228136767426,418.84769978913246,9566.16933239435,0.0,0.0,214.35442814587956,258.197031357736,3297.4742869763297,1879.021640409803,21.35045957079935,32.04296702924849,22.0,30.0,0.0,20.715250034950555,33.17330792249472,16.0,30.0,1334.702678718614,21.60816935910797,31.55771097533873,21.5,30.0,0.0,20.22494745498516,40.70156598699012,19.0,30.0,0.0,15.073162745671882,47.172328685693809,12.0,30.0,0.0,18.304470208616963,38.584634891430329,16.0,30.0,0.0,17.65867728048962,40.15728538497964,10.0,30.0,0.0,17.35006477798465,40.991162209134468,16.0,30.0,0.0,15.74979481277923,45.308316096632818,12.0,30.0,0.0,18.88855835937155,0.0,0.0,0.0,14.515687703771981,0.0,0.0,576.6851821086748,573.6745104004892,577.0684937212283,966.133844409346,603.9705603965568,602.4014945517671,592.3453683489427,609.7572424524775,597.9922842375611,10393.6334639042,81.13237495831139,84.60439314725491,132.0,0.0,132.0,132.0,16.0,19.0,16.0,12.0,16.0,12.0,21.0,10.0,1.0,0.0,1879.021640409803,0.0,1334.702678718614,0.0,0.0,0.0,0.0,0.0,5254.494642570298,3152696.785542179,4105373.1133087857,81.13237495831139,84.66335954241254,0.34514982141900998,0.7648231626541985,0.36028137401965956,84.66335954241254,0.3542647819438875,4105373.1133087857,0.21664740189205687 
 02/26  10:10:00,7.211666666666667,76.5,6.578333333333333,78.0,711.6666666666666,0.0,0.0,1.0,2.0,0.0,0.0,0.0,0.0,0.0,0.0,1881.0,0.0,1027.027999588349,50.117045717137788,128.42463704402136,30.795263663491576,819.6636819388641,0.0,50.11704571713776,68.51380110681923,0.0,0.0,20.76312813534509,-1508.348613700638,20.351903295402754,389.121751111668,20.832317701762514,-1650.6090954701843,19.717715798159646,631.3275807906429,15.007663068658726,43.162440094752827,19.400686025876177,-113.85440908578878,17.065679063315625,118.62961694923229,17.574821888667587,-104.4547899756846,16.153942113418837,-350.1115434501783,1254.51894239187,1326.0971722781397,0.0,0.0,0.0,0.0,0.0,0.0,0.0,0.0,0.0,0.0,0.0,0.0,0.0,0.0,0.0,0.0,0.0,0.0,0.0,0.0,0.0,0.0,1.3483599392272783,0.4115872830364098,403.64095580195876,474.8032139753236,11537.249767440659,0.31170944848620948,0.04757470214990988,272.33095980275507,321.22250991740148,7331.552581231018,1.2475296619111545,0.23573878720921297,410.97021789595927,483.1789879121497,11754.416176217293,0.3374796816961939,0.06377167076647653,344.52552003849316,406.7549910167692,9058.343054394922,0.0,0.0,12.988187862328246,15.621602824934808,208.55927293727684,0.0,0.0,18.982432587358056,22.47505271696396,471.4221465253569,0.0,0.0,278.0424423556257,331.6935919387302,5745.664023401152,0.0,0.0,27.370098327573996,32.47957781257444,634.6251701005057,0.0,0.0,217.6683392039562,261.34278951954436,3706.307827462043,45.30940177149642,31.076407250683418,608.3518010428854,720.5472191802836,16000.461131017599,0.0,0.0,222.98006429802403,268.5493587754783,3408.603910712973,1859.8982363598353,21.600541327131347,32.38788973360667,21.999999999999994,29.999999999999994,0.0,20.744972840955599,33.99958111025546,15.999999999999997,29.999999999999994,1771.170367931081,21.536458457926277,32.52962629570525,21.44444444444444,29.999999999999994,0.0,20.405263435476699,35.052928270876339,15.999999999999997,29.999999999999994,0.0,15.120398387026848,47.21019137784061,11.999999999999997,29.999999999999994,1327.4909692369402,19.639989617716286,36.60500902513891,19.777777777777776,29.999999999999994,0.0,17.47901061904226,41.10542381494353,9.999999999999999,29.999999999999994,1350.8537189961092,18.573040490797579,38.69895065485454,20.7,29.999999999999994,0.0,15.614164509825577,45.98524742162421,11.999999999999997,29.999999999999994,0.0,19.47056131292684,0.0,0.0,0.0,14.71433054578069,0.0,0.0,629.3146253868595,623.5456098437181,628.4594091557945,642.1342531844691,602.0472314386354,676.5003740358636,608.5677910416782,654.9056421677569,602.1549254945433,10450.869745113794,81.09449400149055,86.54928537939725,59.999999999999989,0.0,59.999999999999989,59.999999999999989,16.0,16.0,19.0,12.0,19.7,12.0,21.0,10.0,1.0,0.0,1859.8982363598353,0.0,1771.170367931081,0.0,1327.4909692369402,0.0,1350.8537189961092,0.0,8255.107189770353,4953064.313862212,6472962.956200036,81.09449400149055,86.6419258456587,0.35072579521456739,0.7644220212896404,0.36028137401965945,86.6419258456587,0.3542647819438875,6472962.956200036,0.3380240737224019 
 02/26  10:20:00,7.453333333333334,75.0,6.696666666666667,80.0,724.3333333333334,0.0,0.0,1.0,2.0,0.0,0.0,0.0,0.0,0.0,0.0,836.0,0.0,1145.6117117225352,51.72119913778381,132.5353090181864,34.35095126875592,914.3042171115812,0.0,51.721199137783788,70.7068004513393,0.0,0.0,20.768452755474195,-1441.4234216631374,20.54997371531571,235.90238951608652,20.865889725598483,-1239.9938843078576,19.850878106647018,363.2023429521371,15.048580125988796,41.59975049714442,19.592219144127115,-124.48273558022869,17.015295808513984,91.84722592195385,18.56297114829607,-290.95456514134988,16.09565002969983,-248.76313575993144,1198.338645997598,1331.243545308542,0.0,0.0,0.0,0.0,0.0,0.0,0.0,0.0,0.0,0.0,0.0,0.0,0.0,0.0,0.0,0.0,0.0,0.0,0.0,0.0,0.0,0.0,1.3090266427826412,0.39958078229018359,386.0760994172216,454.0181106476782,10829.948293555497,0.283405050582534,0.04325473909989837,223.20761514107097,263.0934626171678,5963.688313587796,1.2504159786262655,0.23628419853104044,349.40765438853557,410.5550859741993,9812.786026128586,0.31686806466093767,0.059876807381129559,290.4273581900308,342.5040377833623,7598.442781914168,0.0,0.0,12.779413604971366,15.360073293507553,200.32764411602879,0.0,0.0,18.536738354089314,21.90914593716167,462.3969389208949,0.0,0.0,274.68329440025658,327.62278882790897,5494.354864507996,0.0,0.0,44.82157826146519,52.89176493178606,1150.5594432830149,0.0,0.0,223.43101532893184,268.1371404367718,3687.776669065653,45.44946456798593,31.17247226885182,514.5694744495273,609.3283956871327,13417.264654268409,0.0,0.0,230.67895511467013,277.3540779798664,3564.6301587454815,1848.5026553290873,21.599688325794554,32.244070838182867,22.000000000000005,30.000000000000008,0.0,20.890084661992945,33.76216880543596,16.000000000000005,30.000000000000008,1886.203599167301,21.485250308899908,32.567839464991717,21.500000000000005,30.000000000000008,0.0,20.571723481523347,34.44729773821379,16.000000000000005,30.000000000000008,0.0,15.174215409687499,47.37771831914273,12.000000000000002,30.000000000000008,0.0,19.95330091756214,37.68834612082576,19.000000000000005,30.000000000000008,0.0,17.385676896714828,41.53927317144159,10.000000000000002,30.000000000000008,1277.3466309136225,20.282450040008727,35.421674310530089,20.700000000000004,30.000000000000008,0.0,15.595488385224755,46.473373924375078,12.000000000000002,30.000000000000008,0.0,19.439531465125947,0.0,0.0,0.0,15.04600176140997,0.0,0.0,617.7038932297458,625.092375444054,621.8608505380398,625.5051478947152,607.2177933416905,781.1645094125098,615.2279504166407,676.3664453644444,617.9533190117535,9213.272315249404,81.91296108649979,81.91296108649979,60.000000000000017,0.0,60.000000000000017,60.000000000000017,16.0,16.0,19.0,12.0,19.7,12.0,21.0,10.0,1.0,0.0,1848.5026553290873,0.0,1886.203599167301,0.0,0.0,0.0,1277.3466309136225,0.0,0.0,0.0,0.0,81.91296108649979,81.91296108649979,0.3400000000000001,0.7703778607659091,0.3602813740196596,81.91296108649979,0.35426478194388757,0.0,0.0014366666666666664 
 02/26  10:30:00,7.695,73.5,6.8149999999999999,82.0,737.0,0.0,0.0,1.0,2.0,0.0,0.0,0.0,0.0,0.0,0.0,836.0,0.0,1264.9859369863874,53.29869663196435,136.57767385333305,37.93034158027305,1009.5756475401104,0.0,53.298696631964329,72.86335912346854,0.0,0.0,20.683511499550776,-646.7968094191967,20.638289114338634,92.69558288525366,21.01611957672429,-1809.186500981358,19.869636120443447,365.2201667033431,15.08778212236459,39.691793372528767,19.564752280250155,-108.8350332119897,16.961881704254734,113.95780205663232,18.74669569871743,-350.3755801833099,16.129008839778817,-146.5509463223791,1117.5845455284858,1269.347944546665,0.0,0.0,0.0,0.0,0.0,0.0,0.0,0.0,0.0,0.0,0.0,0.0,0.0,0.0,0.0,0.0,0.0,0.0,0.0,0.0,0.0,0.0,1.2821211010930989,0.3913678574765259,264.99559942812507,311.7372760382937,7235.525903847729,0.2634613927727436,0.040210835282775279,147.27702678623934,173.4287371474027,3853.0434117506986,1.157788049087542,0.2187808104851743,372.96546983748268,438.2130189457532,10310.629672140345,0.29079014397620536,0.05494900679822473,239.95971934740539,282.7452172361681,6178.418341186216,0.0,0.0,12.312824969313152,14.795986153402069,188.17256812363503,0.0,0.0,17.296752911352493,20.45165578425255,416.6616532820285,0.0,0.0,257.9460912252581,307.77165399980137,4988.393938972396,0.0,0.0,54.229544530648919,63.993980761269728,1381.0981776485715,0.0,0.0,213.5839205982248,256.2331650379989,3473.4908323997349,45.56699581991216,31.253083552751837,414.0852187241941,490.28770722400659,10657.746522966845,0.0,0.0,221.64347882190374,266.3110067155083,3415.406990213345,918.3922910224537,21.366167096004909,32.51480069773071,21.25,30.0,0.0,20.836355104121219,33.70421654946174,16.0,30.0,2257.010278155196,21.695782072006723,31.767201001677216,21.5,30.0,0.0,20.577482367885396,34.13833824348628,16.0,30.0,0.0,15.222062346861433,47.55470608628778,12.0,30.0,0.0,19.75913658668041,39.411505443563168,19.0,30.0,0.0,17.2941573269754,42.070765015532987,10.0,30.0,841.2599911221114,20.481602631944015,35.25054755799854,20.2,30.0,0.0,15.721841795723782,46.63520636563837,12.0,30.0,0.0,19.177062712631185,0.0,0.0,0.0,15.269217860690624,0.0,0.0,603.3360177254219,612.7844416094308,592.9669575095365,603.6583222629527,615.1616888731824,847.0735223238897,625.1432620302559,674.169021545102,635.6375757476419,11140.894812482802,80.63796936244512,86.36795773492423,60.0,0.0,60.0,60.0,16.0,16.0,19.0,12.0,19.7,12.0,21.0,10.0,1.0,0.0,918.3922910224537,0.0,2257.010278155196,0.0,0.0,0.0,841.2599911221114,0.0,8670.697648539755,5202418.589123853,6777920.431046938,80.63796936244512,86.46527195974488,0.3740232549513252,0.7660049280908435,0.36028137401965956,86.46527195974488,0.3542647819438875,6777920.431046938,0.35389519574777408 
 02/26  10:40:00,7.936666666666667,72.0,6.933333333333334,88.5,696.3333333333334,0.0,0.0,0.0,0.0,0.0,0.0,0.0,0.0,0.0,0.0,1254.0,0.0,1316.5744631535527,55.033665743792059,141.02341873616553,39.47719405410844,1050.7478527936674,0.0,55.03366574379203,75.23519343559342,0.0,0.0,20.734147107426236,-1222.093516606169,20.785091919363436,156.3389314951548,20.906083985522736,-1125.2494413061123,19.90922200417185,315.06532093845586,15.12591127995293,44.83810097805718,19.414882413626608,-350.40278152556768,17.14576452670109,258.21494827636738,18.114977660062029,-180.62389149868597,16.1537392265661,-156.19670860058165,1145.8973797831607,1190.2726412111738,0.0,0.0,0.0,0.0,0.0,0.0,0.0,0.0,0.0,0.0,0.0,0.0,0.0,0.0,0.0,0.0,0.0,0.0,0.0,0.0,0.0,0.0,1.2683433217810916,0.3871621861358641,344.20222896707147,405.1214746252644,9277.778087338851,0.2664739187688179,0.040670622522713337,187.409702624354,221.01528942286448,4852.5401441990029,1.1978117059561158,0.22634385978006717,338.24177967349376,397.8672415660624,9132.427079091005,0.2991584718786801,0.05653032348425545,279.64465045264685,329.9761378734149,7062.5498433649249,0.0,0.0,12.828482774656992,15.42060282881383,191.00236928928525,0.0,0.0,88.86468751967294,105.30894092564579,2033.014189966495,0.0,0.0,341.67784526930628,407.27889624433478,6684.781979803138,0.0,0.0,40.96500445928223,48.556816028915,938.7184215070744,0.0,0.0,219.62487260514835,263.4741960300573,3498.135753311189,45.836840129150818,31.43816195415007,457.9206074384457,542.600709630054,11579.558481001985,0.0,0.0,226.74218638234667,272.41834618477636,3424.255341685513,1576.2333652708342,21.52714972651814,32.040760471606699,21.833333333333319,29.99999999999998,0.0,20.957565753753639,33.27516432340884,15.999999999999988,29.99999999999998,1464.7908517970118,21.431881418200875,32.194144178701829,21.333333333333319,29.99999999999998,0.0,20.616832649136428,33.90756413849893,15.999999999999988,29.99999999999998,0.0,15.271375574831284,47.80069637653502,11.999999999999993,29.99999999999998,0.0,19.36787082099707,38.181402464019658,15.999999999999988,29.99999999999998,0.0,17.66016996188356,41.639930359537867,9.999999999999993,29.99999999999998,0.0,19.328901347848399,37.58075650572832,15.999999999999988,29.99999999999998,0.0,15.797976241019887,46.77608980103824,11.999999999999993,29.99999999999998,0.0,19.391221349539987,0.0,0.0,0.0,15.36408487626709,0.0,0.0,590.681120763454,598.7583684523322,586.8446449325655,592.4232448250607,628.208467743952,702.6979290793869,651.8483961729169,655.6931759420784,649.5289092429675,9503.064136356925,81.72130262672622,85.1073306070389,59.99999999999996,0.0,59.99999999999996,59.99999999999996,16.0,16.0,16.0,12.0,16.0,12.0,21.0,10.0,1.0,0.0,1576.2333652708342,0.0,1464.7908517970118,0.0,0.0,0.0,0.0,0.0,5124.490263475745,3074694.1580854516,4020739.849233294,81.72130262672622,85.16483660298607,0.3408163421158582,0.7665782469074545,0.3602813740196593,85.16483660298607,0.3542647819438872,4020739.849233294,0.2105284721601313 
 02/26  10:50:00,8.178333333333333,70.5,7.051666666666667,95.0,655.6666666666666,0.0,0.0,0.0,0.0,0.0,0.0,0.0,0.0,0.0,0.0,836.0,0.0,1355.7593645872697,56.636350439716327,145.13018069905349,40.6521286805995,1082.0208443193622,0.0,56.636350439716299,77.42618492206783,0.0,0.0,20.765235439681903,-1628.0856626388464,20.92119034405087,142.49508616948016,20.812236525982855,-525.067136098145,19.87624134887065,223.23313799663857,15.165916824037567,43.86425769641717,19.271308640944328,-239.11130571006948,17.224436780559615,197.19034736951154,17.411031449530744,-59.02958827958514,16.172640111511944,-144.29349588797437,1134.2616679554035,1083.788010457383,0.0,0.0,0.0,0.0,0.0,0.0,0.0,0.0,0.0,0.0,0.0,0.0,0.0,0.0,0.0,0.0,0.0,0.0,0.0,0.0,0.0,0.0,1.254167789706667,0.38283510064306078,379.91131325798127,446.8190060097065,10075.342902833992,0.25578830054911347,0.03903972841103685,183.71559498139835,216.52372001912708,4700.586943615144,1.255283142214834,0.2372039195417299,256.45832151762115,301.897955848975,6730.061565698431,0.3028752239808057,0.05723265759274483,266.4489205711916,314.4976567892772,6557.969033597763,0.0,0.0,12.226383039475254,14.688810407157148,177.33005012818198,0.0,0.0,78.1766755622675,92.71677998698738,1705.786897074534,0.0,0.0,336.2385301879287,400.55421340165489,6480.837536731256,0.0,0.0,26.853668083430937,31.95825910338069,539.4624478368983,0.0,0.0,216.40518199392347,259.48826416946965,3367.7662827976248,46.05905219194517,31.59057077636844,440.7410601143796,522.1957315774944,10958.084872247236,0.0,0.0,222.11963864475417,266.7429095896506,3273.3849215957004,1814.3559822201174,21.525486689828804,31.90511302496355,22.0,30.0,0.0,21.053121974185669,32.94512940661252,16.0,30.0,865.4812341063547,21.36303002903485,32.24875118826105,21.25,30.0,0.0,20.534127001462595,33.99619913209506,16.0,30.0,0.0,15.322960171942093,47.935949397124648,12.0,30.0,0.0,19.075142053389557,38.05719833811884,16.0,30.0,0.0,17.76016930338714,41.11870311929161,10.0,30.0,0.0,18.13200332402883,40.37038966599775,16.0,30.0,0.0,15.86003441373504,46.61749315200889,12.0,30.0,0.0,19.441693363830674,0.0,0.0,0.0,15.426679391485794,0.0,0.0,580.6720949513489,588.5024546748716,581.4480862965929,586.7310259232424,637.5926281015858,648.3450215795635,634.5953914695068,648.4252681779132,648.180456287228,9064.741857540537,82.01117996000203,82.01117996000204,60.0,0.0,60.0,60.0,16.0,16.0,16.0,12.0,16.0,12.0,21.0,10.0,1.0,0.0,1814.3559822201174,0.0,865.4812341063547,0.0,0.0,0.0,0.0,0.0,0.0,0.0,0.0,82.01117996000203,82.01117996000203,0.34,0.7693855452741488,0.36028137401965956,82.01117996000203,0.3542647819438875,0.0,0.0014600000000000002 
 02/26  11:00:00,8.42,69.0,7.17,101.5,615.0,0.0,0.0,0.0,0.0,0.0,0.0,0.0,0.0,0.0,0.0,1254.0,0.0,1382.8936647479264,58.11803451401358,148.92687465420614,41.46573080297004,1103.6763675388243,0.0,58.11803451401355,79.45175938514578,0.0,0.0,20.81145924855057,-1336.9344232337658,21.039479170558424,81.2870851991096,20.920069835159255,-1067.5517565193866,19.841950880337536,417.7323554768661,15.199516474463739,42.47401364147694,19.24967546210418,-200.94959600911828,17.25345682220279,183.84077455439189,17.017735880261378,-18.314393204947139,16.18845531735276,-129.00997483159,1116.2646309193099,1006.1294814668106,0.0,0.0,0.0,0.0,0.0,0.0,0.0,0.0,0.0,0.0,0.0,0.0,0.0,0.0,0.0,0.0,0.0,0.0,0.0,0.0,0.0,0.0,1.2228382191410248,0.3732717396645369,345.6238383402921,406.6258237657212,9034.79364392513,0.24652915675297916,0.03762655017597358,165.06370068936969,194.51947568640345,4166.985707429972,1.205525307769635,0.2278014564946398,338.88454043159256,398.6511914075766,8828.093300597806,0.312808730565345,0.05910973744621022,306.25624981621567,361.5906382268729,7360.892435050621,0.0,0.0,11.798811207532364,14.178319773666594,166.28129490751554,0.0,0.0,72.7296414504921,86.31364460492654,1539.3591347376753,0.0,0.0,328.4812959937205,391.4367979252504,6191.59680448504,0.0,0.0,15.05141259001533,17.96097286144954,276.4454082614216,0.0,0.0,209.65003456610459,251.45241389145429,3180.472576880773,46.28653770954671,31.746596508605398,460.9909951763031,546.2412888753647,11179.065376398848,0.0,0.0,214.09006405960137,257.157572186819,3075.212015767081,1839.5199129315727,21.589395036823725,31.661986740737825,21.999999999999969,29.999999999999959,0.0,21.12265046927962,32.67235244352863,15.999999999999977,29.999999999999959,1362.6865568814283,21.46181103952498,31.914498536466224,21.333333333333305,29.999999999999959,0.0,20.482216040144679,33.97470890714377,15.999999999999977,29.999999999999959,0.0,15.3623552479559,47.826064259145997,11.999999999999983,29.999999999999959,0.0,18.988138444724269,38.0124645377579,15.999999999999977,29.999999999999959,0.0,17.79080753077612,40.78499626256303,9.999999999999986,29.999999999999959,0.0,17.507469264906648,41.87246781519792,15.999999999999977,29.999999999999959,0.0,15.908921117592234,46.20326936268903,11.999999999999983,29.999999999999959,0.0,19.448537146983975,0.0,0.0,0.0,15.48594584000008,0.0,0.0,572.8940476159432,579.4452043914894,572.1686524742206,578.4973871500076,634.7286722788587,630.4308489843604,618.0173902163247,640.6063727698587,631.9582763109499,9690.596266779792,81.59731711585634,82.7293012437544,59.999999999999918,0.0,59.999999999999918,59.999999999999918,16.0,16.0,16.0,12.0,16.0,12.0,21.0,10.0,1.0,0.0,1839.5199129315727,0.0,1362.6865568814283,0.0,0.0,0.0,0.0,0.0,1713.1651407956638,1027899.0844773996,1332620.0551149366,81.59731711585634,82.74852609217553,0.34043883802652177,0.7691469490672263,0.360281374019659,82.74852609217553,0.354264781943887,1332620.0551149366,0.07076624286597669 
 02/26  11:10:00,8.506666666666666,68.0,7.178333333333334,108.0,574.3333333333333,0.0,0.0,0.0,0.0,0.0,0.0,0.0,0.0,0.0,0.0,418.0,0.0,1398.3921593243138,59.49026445180331,152.44308867566159,41.930437976775,1116.0454676539587,0.0,59.490264451803287,81.32770174537949,0.0,0.0,20.817685193664276,-1640.577587328311,21.1648955079832,88.3107813349884,20.426394516414065,-263.5384720810607,19.882762199346879,234.0479644350803,15.23455385996306,42.79757072571633,19.266988548869187,-191.51758701038194,17.30116149646337,198.06057229244017,16.69883394982778,-23.369327076041118,16.20803863188017,-117.7325973795023,1119.981447175478,964.5566414379728,0.0,0.0,0.0,0.0,0.0,0.0,0.0,0.0,0.0,0.0,0.0,0.0,0.0,0.0,0.0,0.0,0.0,0.0,0.0,0.0,0.0,0.0,1.215580912684786,0.37105644465347567,395.1284908185304,464.211630279749,10197.890266694229,0.2417590847416891,0.03689851720721751,171.39121436349627,201.637667572596,4332.926015618652,1.27941029090435,0.2417630935193406,274.6392835594005,323.46572405707578,6823.184710308202,0.3086824361750171,0.05833001439437207,261.5417817142602,308.53217576046418,6268.776657839009,0.0,0.0,11.838303566366378,14.204447949722859,165.8165458872829,0.0,0.0,71.57238420482918,84.8336992076247,1500.1597936319557,0.0,0.0,328.39960176525917,390.7327542239574,6176.297791536666,0.0,0.0,14.807386387445473,17.664634006922989,253.76858789835456,0.0,0.0,205.78566213483783,246.4524927920728,3107.273101488966,46.27507199676783,31.738732508071224,448.67020777600978,530.9698743501881,10885.94184711354,0.0,0.0,215.09427081455804,257.9040145101222,3105.075842964222,1822.2890640297449,21.52376105340972,31.726443604188867,22.0,30.0,0.0,21.230416957386816,32.37543421069516,16.0,30.0,80.70100205007634,20.96200078339467,32.857945177418077,21.0,30.0,0.0,20.512950925448736,33.83062817501197,16.0,30.0,0.0,15.405384751246612,47.58715488162663,12.0,30.0,0.0,18.968701484466668,37.8882935796112,16.0,30.0,0.0,17.856044349515078,40.5090768319406,10.0,30.0,0.0,17.01127606358772,43.05893076755319,16.0,30.0,0.0,15.95992028756844,45.8804603092239,12.0,30.0,0.0,19.530270385733905,0.0,0.0,0.0,15.608967837064519,0.0,0.0,569.2715538057348,574.0638985528469,570.1112912248937,573.3841313151528,626.5193896457099,618.4406975116974,610.9865391141827,631.1263292735443,621.8515642257776,10198.44950297312,81.26142842143318,84.85743863442711,60.0,0.0,60.0,60.0,16.0,16.0,16.0,12.0,16.0,12.0,21.0,10.0,1.0,0.0,1822.2890640297449,0.0,80.70100205007634,0.0,0.0,0.0,0.0,0.0,5441.950225250185,3265170.1351501115,4265441.181314813,81.26142842143318,84.91851082577839,0.3513983408416729,0.7643746929833655,0.36028137401965956,84.91851082577839,0.3542647819438875,4265441.181314813,0.22328294142837028 
 02/26  11:20:00,8.593333333333334,67.0,7.1866666666666669,114.5,533.6666666666666,0.0,0.0,0.0,0.0,0.0,0.0,0.0,0.0,0.0,0.0,836.0,0.0,1402.6844067243442,60.76479225220135,155.70893748401668,42.0591304141017,1119.4709718744865,0.0,60.764792252201328,83.07007787653525,0.0,0.0,20.72563958478411,-1132.277958188707,21.287318826806826,115.15260217480443,21.043634572779817,-1420.2443068516309,19.967609074956955,563.6728585848291,15.264682449684927,44.94756942196928,19.305404757225504,-178.90229891869377,17.34252191876574,203.5392761715293,16.481283397099035,-40.342532293443159,16.241809168549034,-68.85341462270049,1134.8942209500897,951.4541254205728,0.0,0.0,0.0,0.0,0.0,0.0,0.0,0.0,0.0,0.0,0.0,0.0,0.0,0.0,0.0,0.0,0.0,0.0,0.0,0.0,0.0,0.0,1.254150242562755,0.3828297443720253,370.4400172802825,435.6514360146988,9572.373112700086,0.25556087969110827,0.03900501826787367,161.81916233441152,190.37065401828984,4105.7762786803809,1.1771249564022888,0.22243479901781733,380.69989846467515,447.52891594676046,9985.29311307774,0.32358436972431228,0.061145950439212438,329.14511511302029,388.26157477644088,7946.429104434379,0.0,0.0,11.866374401750999,14.252012145316906,164.9000093726671,0.0,0.0,69.67670582671579,82.67298191428748,1451.1921611504675,0.0,0.0,330.46306656028505,393.5476036093926,6193.507343762799,0.0,0.0,21.59797470267462,25.821795630724073,353.31185568438368,0.0,0.0,200.18473786330197,239.95053007092819,3016.3894458726397,46.40822907415601,31.830061093385475,498.89796403441246,590.5065385411729,12062.258692158422,0.0,0.0,220.35439049201495,264.36314302507437,3211.353084325436,1380.156036895889,21.610095241677258,31.508957244083044,21.75,30.0,0.0,21.338825541773084,32.108508598574257,16.0,30.0,1975.1131309841956,21.756190442084799,31.174841818398776,21.5,30.0,0.0,20.693456973186338,33.32904148255575,16.0,30.0,0.0,15.438791700287413,47.37604297444622,12.0,30.0,0.0,18.990978960470494,37.70822326549314,16.0,30.0,0.0,17.91221647251925,40.1999684340931,10.0,30.0,0.0,16.7001664516755,43.75904844434008,16.0,30.0,0.0,16.033500638361319,45.47232387759055,12.0,30.0,0.0,19.608201437569716,0.0,0.0,0.0,15.767967904157747,0.0,0.0,566.5087059595581,571.6440999493209,563.2995425152061,566.7976701441237,619.6097578170095,609.7965930203493,600.9393917901728,621.4521485525893,610.8930626895738,9774.854122439621,81.54147548047556,85.17991338550462,60.0,0.0,60.0,60.0,16.0,16.0,16.0,12.0,16.0,12.0,21.0,10.0,1.0,0.0,1380.156036895889,0.0,1975.1131309841956,0.0,0.0,0.0,0.0,0.0,5506.07624966223,3303645.7497973379,4335073.169996605,81.54147548047556,85.24170613991692,0.353535874988741,0.7650163050956514,0.36028137401965956,85.24170613991692,0.3542647819438875,4335073.169996605,0.22693380483982349 
 02/26  11:30:00,8.68,66.0,7.195,121.0,493.0,0.0,0.0,0.0,0.0,0.0,0.0,0.0,0.0,0.0,0.0,836.0,0.0,1365.985340482864,59.378389886624407,152.15629434688814,40.95871871104432,1090.1817504576648,0.0,59.378389886624379,81.17476073303729,0.0,0.0,20.768982748900997,-1133.960737900983,21.341561343837314,-102.6935233756376,20.92437757489048,-921.4945704166134,19.974610445936258,297.57050412152378,15.293575350768748,43.951049431423758,19.34012112773321,-181.29902844410186,17.378382132811678,180.89211704294213,16.29660960768465,-30.01150486693271,16.29295965249953,-39.61131213300769,1114.4358976473987,895.4373875173392,0.0,0.0,0.0,0.0,0.0,0.0,0.0,0.0,0.0,0.0,0.0,0.0,0.0,0.0,0.0,0.0,0.0,0.0,0.0,0.0,0.0,0.0,1.2087725956966149,0.3689782038145955,430.0329076127773,506.47311320292348,10877.009140195669,0.2369808749806625,0.03616924221316583,219.6661282477168,258.75151168342526,5524.950120307279,1.2391900984504272,0.2341629059808064,340.91133757906609,400.6947924464804,8778.00924570557,0.3062528258864601,0.05787090436252078,277.0615562402477,326.82274502717476,6594.851280477807,0.0,0.0,11.639404688748334,13.979824390225066,160.47983430991924,0.0,0.0,69.78527044766239,82.80401841201135,1445.756452733407,0.0,0.0,326.1161620015848,388.3534795219385,6083.68796652912,0.0,0.0,26.747278042644838,32.017279436660889,419.9761705676264,0.0,0.0,189.37153680155795,226.92263309304975,2856.7915248604037,46.234486918924208,31.710896377862974,504.4898729037459,597.4379252927911,12025.057335325331,0.0,0.0,215.90708652428524,258.95597824934029,3152.1565548013847,1756.2140315142365,21.538251807368309,31.459511458875807,22.0,30.0,0.0,21.329134248678366,31.90146205360741,16.0,30.0,1713.694501417333,21.559488562593619,31.429257430186234,21.5,30.0,0.0,20.616671105338566,33.349629235243209,16.0,30.0,0.0,15.472389335334058,47.07577934826617,12.0,30.0,0.0,19.023616768019616,37.405669283507879,16.0,30.0,0.0,17.95724715121244,39.82373888477959,10.0,30.0,0.0,16.44421791021235,44.17521307738321,16.0,30.0,0.0,16.130564976639179,44.88531111643605,12.0,30.0,0.0,19.62762192852514,0.0,0.0,0.0,15.8662331888241,0.0,0.0,558.1760362400844,560.313300415061,558.2512893946063,561.1480068437248,608.7157498905747,595.6090289379185,586.6274222571956,604.5064746062844,594.806967425638,10365.886502658894,81.15071609805642,86.34089607115959,60.0,0.0,60.0,60.0,16.0,16.0,16.0,12.0,16.0,12.0,21.0,10.0,1.0,0.0,1756.2140315142365,0.0,1713.694501417333,0.0,0.0,0.0,0.0,0.0,7854.75964303103,4712855.785818618,6155378.243037974,81.15071609805642,86.42904255731793,0.3468253214343676,0.7664276278890027,0.36028137401965956,86.42904255731793,0.3542647819438875,6155378.243037974,0.3216196686379747 
 02/26  11:40:00,8.766666666666666,65.0,7.203333333333333,123.66666666666667,493.0,0.0,0.0,0.0,0.0,0.0,0.0,0.0,0.0,0.0,0.0,838.0,0.0,1426.184520278154,60.378474564588369,154.7189916434052,42.76376477596708,1138.2261064408545,0.0,60.37847456458834,82.54195230898786,0.0,0.0,20.677331213869857,-293.36970880023,21.323669974812128,-255.06668028161239,21.062099154351189,-1689.4713967164992,20.005109591115077,341.2908037036073,15.326105312008587,43.56969558980816,19.41507285053447,-179.74601751816227,17.355240106194807,150.71376423282983,16.164514040592406,-17.0814036308482,16.343967558249469,-27.303449225418718,1009.8208086447432,867.9529549375066,0.0,0.0,0.0,0.0,0.0,0.0,0.0,0.0,0.0,0.0,0.0,0.0,0.0,0.0,0.0,0.0,0.0,0.0,0.0,0.0,0.0,0.0,1.222338248992496,0.37311912362408308,298.98580893936767,352.1425816032149,7464.446830843786,0.22450612182949054,0.0342652811095071,85.50153888224534,100.72379450443764,2109.6938266937615,1.1416038871322619,0.21572257882317884,390.1468014906268,458.77491621295516,9930.962753806647,0.28336774297892838,0.05354643669291917,234.71752049002377,276.6940068888948,5575.63147354435,0.0,0.0,11.375109359295934,13.662051352295855,155.61120852926963,0.0,0.0,69.17250895339477,82.057471655758,1429.2107942418987,0.0,0.0,321.75635206127239,383.3165534918567,5901.50202284582,0.0,0.0,28.998968228788738,34.74044211773986,440.7394490625227,0.0,0.0,184.86438596407624,221.50532143201304,2787.952955957609,46.13521401784403,31.642807968342969,402.6168779000738,476.79726727300467,9617.490476082432,0.0,0.0,214.50207416157273,257.2397587791532,3136.0043779819509,555.2301038370209,21.26948803679575,31.830149093667786,21.25,30.0,0.0,21.178034916735773,31.919017351753575,16.0,30.0,2034.804412909979,21.655636113606627,30.825163930825665,21.5,30.0,0.0,20.652110287535689,33.043825241181909,16.0,30.0,0.0,15.506279332577686,46.73733575700976,12.0,30.0,0.0,19.08277450902132,37.04273025048475,16.0,30.0,0.0,17.883694453198048,39.76823951579014,10.0,30.0,0.0,16.274798683511088,44.33255595606866,16.0,30.0,0.0,16.21777245288116,44.34415726147391,12.0,30.0,0.0,19.308002570567767,0.0,0.0,0.0,15.966695289719273,0.0,0.0,551.6369749287552,547.4233347302538,538.2856370108024,551.0876442404367,597.0401149766731,582.9507737146396,574.9970891496253,588.4767753793236,581.2902576193851,7106.96962440928,81.54198880654397,83.51945920252229,60.0,0.0,60.0,60.0,16.0,16.0,16.0,12.0,16.0,12.0,21.0,10.0,1.0,0.0,555.2301038370209,0.0,2034.804412909979,0.0,0.0,0.0,0.0,0.0,2992.2469535229436,1795348.172113766,2327150.524483806,81.54198880654397,83.55304321459718,0.26974156511743149,0.540022249681513,0.27021103051474468,83.55304321459718,0.2656985864579156,2327150.524483806,0.12258182727315792 
 02/26  11:50:00,8.853333333333334,64.0,7.211666666666666,126.33333333333333,493.0,0.0,0.0,0.0,0.0,0.0,0.0,0.0,0.0,0.0,0.0,630.0,0.0,1484.123212000918,61.34521669478582,157.19624654628,44.5010307120306,1184.4663856052478,0.0,61.34521669478579,83.86356209428455,0.0,0.0,20.80847186730532,-588.9886591377469,21.364863336586077,-101.68668959299346,21.10316716251565,-1849.275115437952,20.089149665481778,395.1813939047439,15.35975389388987,42.08746632019186,19.492175263150544,-197.33887706172255,17.36085095475292,183.43067757247884,16.06398832721772,-10.436504533089768,16.375155709846554,-45.3625991366077,1062.4759310029484,814.0616626799877,0.0,0.0,0.0,0.0,0.0,0.0,0.0,0.0,0.0,0.0,0.0,0.0,0.0,0.0,0.0,0.0,0.0,0.0,0.0,0.0,0.0,0.0,1.2338239517020502,0.37662513788218907,283.97067608360097,333.7911617533504,7210.308461299413,0.2378722745563418,0.03630529220945391,100.39488070913447,118.2624544136141,2460.3298202340276,1.0753937049091414,0.20321120652100198,412.8957941758531,485.2592392853542,10545.497155286834,0.2835132897907085,0.05357393986974841,293.9445968408723,346.58351543942299,6987.006050197344,0.0,0.0,11.441159161108727,13.736123640371169,155.30527336088239,0.0,0.0,71.37384254623086,84.63997939860485,1469.1256702551962,0.0,0.0,319.0114130584177,379.91994676642568,5801.63975233941,0.0,0.0,29.904427117077775,35.82523653120424,441.8121535671744,0.0,0.0,179.21417006439624,214.62788232783914,2687.978205132931,46.148865510315427,31.65217113190362,444.4378779225977,526.0071480411316,10532.96232047566,0.0,0.0,208.9602394879378,250.48833067094828,3027.9901390331667,956.6379107024667,21.56265264450304,31.058328239913153,21.33333333333335,30.00000000000002,0.0,21.16591382613108,31.874698956087749,16.000000000000015,30.00000000000002,2345.107927084223,21.73133195306897,30.586522720394258,22.000000000000019,30.00000000000002,0.0,20.779010417717588,32.54328969020636,16.000000000000015,30.00000000000002,0.0,15.540713854216378,46.414747905554467,12.00000000000001,30.00000000000002,0.0,19.131465680192496,36.773646071182088,16.000000000000015,30.00000000000002,0.0,17.893251314165437,39.60844961071603,10.000000000000007,30.00000000000002,0.0,16.149746663454473,44.50096906777867,16.000000000000015,30.00000000000002,0.0,16.263231579103797,44.10170254412584,12.00000000000001,30.00000000000002,0.0,19.558391053961829,0.0,0.0,0.0,15.99147810111684,0.0,0.0,542.2471600338286,545.2317269464863,534.799138305022,540.0992191106936,586.8845284820071,574.8351648493757,569.144269126815,579.7859960835551,576.291620780624,9405.394947321383,81.78593148716544,81.78593148716544,60.00000000000004,0.0,60.00000000000004,60.00000000000004,16.0,16.0,16.0,12.0,16.0,12.0,21.0,10.0,1.0,0.0,956.6379107024667,0.0,2345.107927084223,0.0,0.0,0.0,0.0,0.0,0.0,0.0,0.0,81.78593148716544,81.78593148716544,0.3400000000000003,0.7699855220986722,0.3602813740196598,81.78593148716544,0.3542647819438878,0.0,0.0015966666666666669 
 02/26  12:00:00,8.94,63.0,7.22,129.0,493.0,0.0,0.0,0.0,0.0,0.0,0.0,0.0,0.0,0.0,0.0,842.0,0.0,1539.7251650859417,62.27899374497466,159.5890262700515,46.16823018246837,1228.8417331800479,0.0,62.27899374497463,85.14010611597004,0.0,0.0,20.74329021770193,-1023.909527129264,21.45322684167112,-104.21441952286432,20.845213192950849,-592.3436604304923,20.078469475182226,138.7367820831239,15.395717435483398,43.049510630977099,19.57963150040711,-205.0599052851867,17.405781627110508,222.1249078680553,15.992285275508174,0.08903425980128077,16.401042079908906,-26.243752899882567,1006.888241847374,785.3504511423537,0.0,0.0,0.0,0.0,0.0,0.0,0.0,0.0,0.0,0.0,0.0,0.0,0.0,0.0,0.0,0.0,0.0,0.0,0.0,0.0,0.0,0.0,1.1995565109815814,0.3661649911421188,316.981855579497,373.14679644414516,7797.148713700166,0.23162310325788139,0.03535151148624563,166.25886455733767,195.83400301548648,4050.4121061398548,1.2118331782838053,0.22899341993269196,244.16551569038217,287.6869390664381,6034.030494190271,0.27761823750965089,0.052459984412254499,220.3723903454407,260.149006186871,5171.303360850596,0.0,0.0,11.603979430517013,13.93535367265219,156.352379992259,0.0,0.0,72.5446733991511,86.04392384822397,1489.5139840539194,0.0,0.0,322.10500035771988,383.6732837285909,5844.728780037215,0.0,0.0,32.85959402616956,39.392868844237728,474.56663651729698,0.0,0.0,177.69656133732853,212.87351041317377,2648.2358821740638,46.08680509293756,31.609605687885858,366.6324625626052,434.4779540583039,8709.19619879913,0.0,0.0,209.276644654759,250.89009619347278,3036.933591232375,1011.461459232286,21.34580898471878,31.233945833062536,21.5,30.0,0.0,21.2030514273533,31.609843804303087,16.0,30.0,888.9793848563705,21.31719223461458,31.31089462730169,21.25,30.0,0.0,20.705076201170678,32.53920390009126,16.0,30.0,0.0,15.578528782098651,46.10976767764591,12.0,30.0,0.0,19.1944466900969,36.47693789309099,16.0,30.0,0.0,17.96130456999534,39.269594195579148,10.0,30.0,0.0,16.069727002851058,44.55197930100764,16.0,30.0,0.0,16.303599467627046,43.80372119652526,12.0,30.0,0.0,19.44188473731615,0.0,0.0,0.0,16.090817138399637,0.0,0.0,533.356101046834,537.5496520720084,533.7362429587283,534.9093851886339,578.6893553638186,567.7155343258335,562.0914002347153,572.4952439875532,568.9899029244257,7622.9636801230849,81.55273132378329,85.01049260312506,60.0,0.0,60.0,60.0,16.0,16.0,16.0,12.0,16.0,12.0,21.0,10.0,1.0,0.0,1011.461459232286,0.0,888.9793848563705,0.0,0.0,0.0,0.0,0.0,5232.944018997858,3139766.4113987146,4095248.234425473,81.55273132378329,85.06921686862796,0.2594314672999286,0.5377158087988758,0.27021103051474468,85.06921686862796,0.2656985864579156,4095248.234425473,0.21457624152345793 
 02/26  12:10:00,9.038333333333334,62.33333333333333,7.261666666666667,131.66666666666667,493.0,0.0,0.0,0.0,0.0,0.0,0.0,0.0,0.0,0.0,0.0,1899.0,0.0,1592.9069125724669,63.18005311696366,161.89796475022477,47.762860471811539,1271.2855350813937,0.0,63.18005311696363,86.37192259107363,0.0,0.0,20.842313469368798,-1368.3934530536486,21.60377938980497,-18.836437542594056,20.599372817957659,-414.0474404105562,19.98312444779919,251.38156377664158,15.434895411530086,44.80203974394448,19.677503513887687,-197.98945362635167,17.46828556859724,205.63271326603758,16.0771566824248,9.884216662052138,16.43926500605826,1.0878362482492057,940.5719579213237,793.321149464494,0.0,0.0,0.0,0.0,0.0,0.0,0.0,0.0,0.0,0.0,0.0,0.0,0.0,0.0,0.0,0.0,0.0,0.0,0.0,0.0,0.0,0.0,1.1636919585285604,0.35521732555816856,312.4591974118114,367.80407796431146,7805.961255050482,0.21704772246990837,0.03312694176891154,86.14107578201706,101.5820973899354,2106.989307686904,1.2385668984016432,0.2340451433109682,270.6895990348672,319.2326667750872,6563.807132070214,0.3017179426446546,0.057013972533003488,269.5155140027474,318.49767168819656,6178.514102700805,0.0,0.0,11.600279552277789,13.938476151593811,154.9639538254935,0.0,0.0,71.84528303769844,85.25176860103038,1471.714651283744,0.0,0.0,326.2331706208406,388.72916932796979,5915.882409840035,0.0,0.0,34.73076204659576,41.66571383979377,494.7098644035305,0.0,0.0,180.89472479639799,216.80421743419414,2681.313036284263,46.178573898419,31.672547255431416,333.48570604166675,395.88243948738457,7773.948758249778,0.0,0.0,213.8540418043363,256.4282830844466,3118.5294792834599,1804.8088363144144,21.588939303383396,30.454955817064357,21.999999999999994,29.999999999999994,0.0,21.35394593434377,31.156259468444234,15.999999999999997,29.999999999999994,5.580647010054457,21.18157044018054,31.286572645153844,20.999999999999998,29.999999999999994,0.0,20.54505689506817,32.64087338788314,15.999999999999997,29.999999999999994,0.0,15.620825303441102,45.75522126715328,11.999999999999997,29.999999999999994,0.0,19.271660688486663,36.06942304156567,15.999999999999997,29.999999999999994,0.0,18.057133695166546,38.69953045593613,9.999999999999999,29.999999999999994,0.0,16.06933771596986,44.29363580895647,15.999999999999997,29.999999999999994,0.0,16.36332510754205,43.34092074714935,11.999999999999997,29.999999999999994,0.0,19.24220155020267,0.0,0.0,0.0,16.227623832804917,0.0,0.0,521.9676300605213,531.9529623347218,524.1362934157576,528.0012036242915,569.9667319444237,557.934769610343,550.0147832313342,563.0325876977094,558.4815231123066,9096.245632300497,81.99033107448129,81.99033107448129,59.999999999999989,0.0,59.999999999999989,59.999999999999989,16.0,16.0,16.0,12.0,16.0,12.0,21.0,10.0,1.0,0.0,1804.8088363144144,0.0,5.580647010054457,0.0,0.0,0.0,0.0,0.0,0.0,0.0,0.0,81.99033107448129,81.99033107448129,0.3400000000000001,0.7706253440275903,0.36028137401965945,81.99033107448129,0.3542647819438875,0.0,0.00165 
 02/26  12:20:00,9.136666666666667,61.66666666666667,7.303333333333333,134.33333333333335,493.0,0.0,0.0,0.0,0.0,0.0,0.0,0.0,0.0,0.0,0.0,844.0,0.0,1643.584325594658,64.04848323362755,164.123288555407,49.28239901884021,1311.7306489785652,0.0,64.04848323362752,87.55913240036881,0.0,0.0,20.91763179249302,-985.6270391912683,21.794870619659805,14.552589760936059,21.046483115798588,-1316.3882150889174,20.084760897113055,511.3425722461885,15.48025225053075,45.831397492788379,19.79361727835822,-207.03592567622028,17.52509592822966,231.19055823165406,15.95013916446781,18.535042599775868,16.4869441663691,9.790145494290077,1045.4761673397064,765.3204791922352,0.0,0.0,0.0,0.0,0.0,0.0,0.0,0.0,0.0,0.0,0.0,0.0,0.0,0.0,0.0,0.0,0.0,0.0,0.0,0.0,0.0,0.0,1.185818928225533,0.3619715898124338,313.6180650385743,369.0515732102244,7743.759521698292,0.23197847684269855,0.0354057504338673,100.46217773427783,118.13333737793998,2487.0757792890897,1.1719585366752726,0.22145852922813173,360.0340664421457,423.57331664972926,9041.818593693395,0.3169063766591854,0.059884046987752338,320.67687564805376,378.51808316314625,7421.375135985196,0.0,0.0,11.750889254807852,14.110356907298727,155.88467028729523,0.0,0.0,72.68429311741127,86.17820003100428,1489.4728220671587,0.0,0.0,328.2139967179843,390.8042149592753,5940.143969182613,0.0,0.0,35.51605657862682,42.59082667055718,497.73740539387827,0.0,0.0,180.86038440891236,216.6140291766475,2671.1646384430166,46.49993934696509,31.892962515065237,441.9263420638742,523.4349227507075,10292.07605565425,0.0,0.0,214.29726255433529,256.73686779799939,3135.4069599323886,1162.3060416090526,21.628170032505137,30.317963097333583,21.750000000000005,30.000000000000008,0.0,21.562705119514935,30.580574593325957,16.000000000000005,30.000000000000008,1853.5238964237756,21.71140509770972,30.125173746777145,21.500000000000005,30.000000000000008,0.0,20.748872303681627,32.0244451206455,16.000000000000005,30.000000000000008,0.0,15.67318786889851,45.3074025057276,12.000000000000002,30.000000000000008,0.0,19.37570889724805,35.59627944213641,16.000000000000005,30.000000000000008,0.0,18.13836253763253,38.31158162843144,10.000000000000002,30.000000000000008,0.0,16.052726614426644,44.03164447974702,16.000000000000005,30.000000000000008,0.0,16.435854501944424,42.87415795111386,12.000000000000002,30.000000000000008,0.0,19.654761394557434,0.0,0.0,0.0,16.351876190978083,0.0,0.0,519.6352537114572,525.4718571075237,518.0586471769881,520.6936992623719,559.8062400353458,548.4727208521359,543.260047686029,552.8140117260798,549.7248761198983,7537.654436487418,81.88176577766092,85.48707647147154,60.000000000000017,0.0,60.000000000000017,60.000000000000017,16.0,16.0,16.0,12.0,16.0,12.0,21.0,10.0,1.0,0.0,1162.3060416090526,0.0,1853.5238964237756,0.0,0.0,0.0,0.0,0.0,5456.005937881706,3273603.5627290236,4290110.641150306,81.88176577766092,85.54830661586255,0.2668668645960569,0.5721838823963541,0.2702110305147447,85.54830661586255,0.26569858645791569,4290110.641150306,0.22474575333981595 
 02/26  12:30:00,9.235,61.0,7.345,137.0,493.0,0.0,0.0,0.0,0.0,0.0,0.0,0.0,0.0,0.0,0.0,636.0,0.0,1691.6782478320359,64.88418081762149,166.26473304087319,50.7244723626159,1350.1139010864015,0.0,64.88418081762144,88.70159435589525,0.0,0.0,20.867828018860693,-843.169278161593,21.868197952691078,-306.18183689296128,20.97429819796185,-1183.765725810592,20.149152482389029,351.3226588987617,15.526521390436003,45.302711789080877,19.91239971763117,-221.4067808400771,17.546935526958856,199.72038809743749,15.918833227445715,29.373804025268997,16.533960829997605,23.28336554524078,1001.110719111881,724.6363489571404,0.0,0.0,0.0,0.0,0.0,0.0,0.0,0.0,0.0,0.0,0.0,0.0,0.0,0.0,0.0,0.0,0.0,0.0,0.0,0.0,0.0,0.0,1.1760539811091005,0.3589908367243896,261.9673353861058,307.9737158846516,6476.969114364146,0.20934212709052064,0.0319508740980648,194.08283130731366,228.27163268609855,4705.570847844669,1.1620402353220976,0.21958432262322326,298.77712877800698,351.5411762143044,7333.377120672811,0.2972153766082417,0.0561631475072263,247.089703105199,291.3762833638173,5718.780435104316,0.0,0.0,11.678287190810757,14.017221081595082,153.82659005705836,0.0,0.0,74.11978031519084,87.82333821795604,1519.6791131232104,0.0,0.0,324.5245192354403,386.32080381733388,5815.782649226505,0.0,0.0,36.19657612679556,43.403347771758649,498.2933909781866,0.0,0.0,177.3720752110438,212.35068368164316,2608.9078958369466,46.505889262227189,31.897043389730585,410.2285331104579,485.62488905091666,9478.02239521947,0.0,0.0,211.13148643903677,252.8250118726446,3084.3503944766268,1315.651916016663,21.545083724388847,30.349577351022498,21.666666666666658,29.99999999999999,0.0,21.518973157319299,30.48052720924312,15.999999999999993,29.99999999999999,1935.127445829356,21.61494185258204,30.13908330981115,21.666666666666658,29.99999999999999,0.0,20.791440139186979,31.909192099459458,15.999999999999993,29.99999999999999,0.0,15.725292164836919,44.91888886421039,11.999999999999995,29.99999999999999,0.0,19.481144210486666,35.21563831488901,15.999999999999993,29.99999999999999,0.0,18.147123984953344,38.17336202037858,9.999999999999997,29.99999999999999,0.0,16.026540096657699,43.88951128572903,15.999999999999993,29.99999999999999,0.0,16.50549911412839,42.5056655975682,11.999999999999995,29.99999999999999,0.0,19.503266213331786,0.0,0.0,0.0,16.439759622321139,0.0,0.0,515.7234550525948,518.929873960032,511.9852815547372,520.0319931135653,551.9495738861963,542.7757045685091,539.1584658801419,545.988048268603,543.9755536834503,8946.6124411945,82.08918815855049,84.44317909597305,59.99999999999998,0.0,59.99999999999998,59.99999999999998,16.0,16.0,16.0,12.0,16.0,12.0,21.0,10.0,1.0,0.0,1315.651916016663,0.0,1935.127445829356,0.0,0.0,0.0,0.0,0.0,3562.432454907085,2137459.4729442519,2777905.5347777546,82.08918815855049,84.4831576768041,0.3454144151635694,0.7707369421130235,0.36028137401965945,84.4831576768041,0.35426478194388735,2777905.5347777546,0.14612108780844325 
 02/26  12:40:00,9.333333333333333,60.33333333333333,7.386666666666667,136.66666666666667,489.5,0.0,0.0,0.0,0.0,0.0,0.0,0.0,0.0,0.0,0.0,848.0,0.0,1719.7221497863177,64.6169516369901,165.57995215163218,51.56535090343364,1372.4953944942523,0.0,64.61695163699007,88.33627180605757,0.0,0.0,21.00073376435314,-1291.346849557562,21.990193885357415,-122.26422856303225,20.711511746766474,-226.48550247031234,20.15755638343877,172.93804585140163,15.571098435043499,46.81456865681842,20.017412522163306,-224.80767731792819,17.609181007393525,213.80219901192465,15.900477417333267,38.25410308351299,16.578212061262755,32.93553673595671,881.887986514966,724.7421015220086,0.0,0.0,0.0,0.0,0.0,0.0,0.0,0.0,0.0,0.0,0.0,0.0,0.0,0.0,0.0,0.0,0.0,0.0,0.0,0.0,0.0,0.0,1.1371821161929259,0.34712518809307887,265.3920480966723,312.0566036957955,6564.505666966966,0.20187454495852545,0.030811133235428196,41.063517216479699,48.290981710954138,1008.4522929393286,1.2645165399437009,0.2389487036930653,246.38526964185065,290.44378233436387,5844.620381683756,0.29707009701823786,0.056135694825819707,247.05182105112147,291.69547985144558,5622.662792170273,0.0,0.0,11.796475903590285,14.163631702824996,154.1769032815938,0.0,0.0,74.4265732758252,88.20597276283337,1523.8893933212808,0.0,0.0,328.39991190855656,390.9840491146688,5878.129496644322,0.0,0.0,37.95769547210483,45.535073432616538,514.4535866200588,0.0,0.0,178.37661203077466,213.58980237125528,2610.4125683120357,46.58160065738789,31.948971644298987,268.1106104746838,318.239155736241,6203.653134538428,0.0,0.0,213.45431379136358,255.61044171240205,3121.509633007262,1673.0217969920337,21.77869851656287,29.660741135184027,22.000000000000008,30.00000000000001,0.0,21.652176757706099,30.217860462666729,16.000000000000008,30.00000000000001,0.0,21.210245076095409,30.769179104785445,21.000000000000008,30.00000000000001,0.0,20.755583090706325,31.73526597294537,16.000000000000008,30.00000000000001,0.0,15.7741943393181,44.57832117198074,12.000000000000004,30.00000000000001,0.0,19.56878935806442,34.87517478626938,16.000000000000008,30.00000000000001,0.0,18.237618484544904,37.723880438519,10.000000000000004,30.00000000000001,0.0,16.018992763374798,43.73236208240478,16.000000000000008,30.00000000000001,0.0,16.567676222871165,42.15891384619206,12.000000000000004,30.00000000000001,0.0,19.19061350895998,0.0,0.0,0.0,16.548649349975159,0.0,0.0,507.22969395381588,518.8886628970721,509.02866900630979,512.0450781256375,545.6488862133418,537.3347290259957,531.8035988934979,540.5850213799758,538.484368285568,9350.141840980074,81.82245260839986,83.51702228046128,60.00000000000002,0.0,60.00000000000002,60.00000000000002,16.0,16.0,16.0,12.0,16.0,12.0,21.0,10.0,1.0,0.0,1673.0217969920337,0.0,0.0,0.0,0.0,0.0,0.0,0.0,2564.597300700123,1538758.3804200739,1994082.9794786713,81.82245260839986,83.54580169907811,0.34048657669000428,0.7685037702031978,0.36028137401965967,83.54580169907811,0.35426478194388769,1994082.9794786713,0.10537231493289091 
 02/26  12:50:00,9.431666666666667,59.66666666666667,7.428333333333333,136.33333333333335,486.0,0.0,0.0,0.0,0.0,0.0,0.0,0.0,0.0,0.0,0.0,212.0,0.0,1744.51402214803,64.32194977214124,164.82400144832608,52.30871848213258,1392.281472980913,0.0,64.3219497721412,87.93298189131537,0.0,0.0,21.027204141256037,-1478.3433112162202,22.02939131761228,-326.8318410955494,20.460620978470428,231.44272061846278,20.010896553547214,197.616633876396,15.625957666335717,46.627954013604099,20.14643160648621,-236.46516820544367,17.6522421070141,210.63348108337596,15.889505400085256,43.111806612706917,16.627754648239248,25.595896049024306,864.5828713017818,703.1380176285202,0.0,0.0,0.0,0.0,0.0,0.0,0.0,0.0,0.0,0.0,0.0,0.0,0.0,0.0,0.0,0.0,0.0,0.0,0.0,0.0,0.0,0.0,1.066673743069926,0.3256024856745806,323.5943224273706,379.6247883952212,7947.452165735991,0.18719316478509666,0.028570385345710725,65.89722731972126,77.35833063461813,1593.1875625040275,1.3262922838993386,0.2506221246975319,237.86995029729233,279.78107643824736,5507.423517924922,0.3060900321904542,0.05784014213727402,242.14120244721299,285.3083686973688,5336.089178276197,0.0,0.0,11.811488043045081,14.137997558624356,153.69109580980178,0.0,0.0,74.54284995330402,88.05286846414374,1531.9492839652617,0.0,0.0,329.97184927403347,391.67458399598817,5879.531007607575,0.0,0.0,38.90464273621356,46.54019368930414,519.8543736105814,0.0,0.0,179.07094649773337,213.75901031549749,2611.7365807723347,46.58266435329402,31.94970120253363,249.86019634932107,295.99738635533017,5631.308884900814,0.0,0.0,214.84648771494219,256.4427589224819,3152.734160450803,1783.9107390574134,21.777582464469594,29.535624722348115,22.0,30.0,0.0,21.582438376082285,29.900601549339059,16.0,30.0,0.0,21.01372188193355,30.962036447133817,21.0,30.0,0.0,20.482731414645046,32.158173947919369,16.0,30.0,0.0,15.842121734926997,44.07452496734194,12.0,30.0,0.0,19.704665834210247,34.34837530659867,16.0,30.0,0.0,18.29267753181249,37.38316136641431,10.0,30.0,0.0,16.019334326772215,43.45620166133209,16.0,30.0,0.0,16.639552461079686,41.735247332303419,12.0,30.0,0.0,18.928819771370944,0.0,0.0,0.0,16.671447025360075,0.0,0.0,503.01715133676779,503.3987230257299,503.2258578434664,508.79480919154437,536.6166408478553,529.2655275186078,525.2861650884807,532.8368809617658,531.803662074804,11028.941165371314,80.7121649016398,87.87829531564978,60.0,0.0,60.0,60.0,16.0,16.0,16.0,12.0,16.0,12.0,21.0,10.0,1.0,0.0,1783.9107390574134,0.0,0.0,0.0,0.0,0.0,0.0,0.0,10844.761119427258,6506856.671656354,8442318.898766699,80.7121649016398,88.0,0.3614920373142419,0.770742819559554,0.36028137401965956,88.0,0.3542647819438875,8442318.898766699,0.440697249402535 
 02/26  13:00:00,9.53,59.0,7.47,136.0,482.5,0.0,0.0,0.0,0.0,0.0,0.0,0.0,0.0,0.0,0.0,424.0,0.0,1766.0954025258826,63.99953692860367,163.99780788708575,52.955820597565679,1409.5052874202207,0.0,63.99953692860363,87.49221909054909,0.0,0.0,20.856995870453255,-1035.541054362846,21.973916309945758,-695.8227846597828,20.972512857674717,-1323.274127656132,20.003063500761419,271.12456586406736,15.66603516880527,45.348594776068697,20.247114927911619,-234.16238884509313,17.615359283966215,148.6174522263991,15.8847276065339,53.201420102615319,16.666274928959198,52.98057641920468,936.3434358407521,677.9566937920395,0.0,0.0,0.0,0.0,0.0,0.0,0.0,0.0,0.0,0.0,0.0,0.0,0.0,0.0,0.0,0.0,0.0,0.0,0.0,0.0,0.0,0.0,1.0791319723985669,0.3294053639800265,440.64877694152309,518.1345092543389,10589.234585578917,0.14477072102945594,0.022095653392774106,188.77462173513477,222.11589939235174,4333.600561182504,1.1767053667261825,0.22235551147509126,348.725107329426,409.7290020270836,8493.445350174068,0.2885232237314911,0.05452063940504365,272.1008680148671,321.2244725851026,5940.649824947255,0.0,0.0,11.363556912882493,13.629984642531119,146.3958303887665,0.0,0.0,76.64858284945433,90.7034036751561,1571.8564075858142,0.0,0.0,322.78507929603679,384.0866564305367,5625.555508235508,0.0,0.0,38.515192120656028,46.17181399469777,507.5577910296606,0.0,0.0,177.2957770509023,212.04619111816857,2568.4602916380979,46.59790936631808,31.960157315718857,494.7143463694856,585.4830539846738,10815.009028274524,0.0,0.0,212.72546108033345,254.36570561906616,3115.6500023907144,1361.141780240329,21.474465057789219,30.104784691452087,22.0,30.0,0.0,21.366174979156278,30.191419955640606,16.0,30.0,2140.2320728945467,21.669563849226355,29.633559505388825,21.5,30.0,0.0,20.47898277945231,32.0387775543657,16.0,30.0,0.0,15.879320067551824,43.8275193814942,12.0,30.0,0.0,19.785869840556136,34.06165589553578,16.0,30.0,0.0,18.19200551750376,37.51579150317454,10.0,30.0,0.0,16.028299997932309,43.27803781273697,16.0,30.0,0.0,16.69213953434928,41.42832519055197,12.0,30.0,0.0,19.368273154576817,0.0,0.0,0.0,16.759653866685583,0.0,0.0,502.208698830283,500.1455839081639,499.85454697743389,504.66600023178236,532.5767484169558,525.3516613870944,522.126341277529,528.649652273287,527.0630158692982,8470.718239583723,82.40393808375272,82.40393808375274,60.0,0.0,60.0,60.0,16.0,16.0,16.0,12.0,16.0,12.0,21.0,10.0,1.0,0.0,1361.141780240329,0.0,2140.2320728945467,0.0,0.0,0.0,0.0,0.0,0.0,0.0,0.0,82.40393808375272,82.40393808375272,0.34,0.7714010866449164,0.36028137401965956,82.40393808375272,0.3542647819438875,0.0,0.0017133333333333335 
 02/26  13:10:00,9.558333333333334,58.66666666666667,7.455,135.66666666666669,479.0,0.0,0.0,0.0,0.0,0.0,0.0,0.0,0.0,0.0,0.0,1063.0,0.0,1784.5179076824689,63.64988894265418,163.1018221513612,53.5082049677073,1424.2080327578095,0.0,63.64988894265415,87.01422378528011,0.0,0.0,20.966817506030915,-953.3579994719787,21.93898055274715,-27.92979792174956,20.934072952505877,-1066.2233143657414,20.09213049458066,395.6196154000867,15.707668558983059,46.57696231571411,20.33529035481289,-278.6704286053394,17.649710764869235,275.24783984564496,15.881737261782899,56.39857894671727,16.704275321590069,49.73231778029495,986.2132498408229,616.2589486191321,0.0,0.0,0.0,0.0,0.0,0.0,0.0,0.0,0.0,0.0,0.0,0.0,0.0,0.0,0.0,0.0,0.0,0.0,0.0,0.0,0.0,0.0,1.1196580779262844,0.3417759700629684,319.15590376956916,375.94621625641659,7596.7366713380229,0.21808063837689349,0.033284590716864088,156.4923945924288,184.48232526301028,3656.394995153532,1.1225331080082027,0.21211887906428635,351.4897834307015,413.9140500585462,8390.592686196524,0.29373724364029776,0.05550590393807591,294.2666197940006,347.66013037223447,6499.671330628317,0.0,0.0,11.983087580760511,14.387470757250867,154.62184263299415,0.0,0.0,80.18237036171718,94.98458844653831,1648.7312746564647,0.0,0.0,322.446662973704,384.0325973503128,5647.632791846205,0.0,0.0,38.59018746749751,46.31384404283786,506.9058053282588,0.0,0.0,168.50059762046502,201.7348904281413,2446.782993006471,46.648186686882,31.99464107467902,446.4542671721707,529.2276388892065,9949.251948766809,0.0,0.0,203.2868978518723,243.3573803742708,2970.4850078689235,1138.0148339281712,21.646757013024719,29.60346163182776,21.6,30.0,0.0,21.307270396897868,30.232703413063576,16.0,30.0,1374.4689976282253,21.496995284636804,29.825701398581356,21.4,30.0,0.0,20.63339323005646,31.542356809688358,16.0,30.0,0.0,15.91916404838857,43.541726697301168,12.000000000000002,30.0,0.0,19.845768354512417,33.78731345679441,16.0,30.0,0.0,18.270176161295024,37.1224293503311,10.0,30.0,0.0,16.036619375267369,43.06764210512918,16.0,30.0,0.0,16.739436679995224,41.106196095751929,12.000000000000002,30.0,0.0,19.667060912032594,0.0,0.0,0.0,16.771911390956729,0.0,0.0,498.30914384980448,498.57574213770507,496.47455234956547,499.4878928786504,527.9036047754614,520.5755088228967,516.1870158895209,523.764271201398,521.7406665943869,7624.1621278839479,81.96703032345934,83.54338738584113,60.0,0.0,60.0,60.0,16.0,16.0,16.0,12.0,16.0,12.0,21.0,10.0,1.0,0.0,1138.0148339281712,0.0,1374.4689976282253,0.0,0.0,0.0,0.0,0.0,2385.307644776878,1431184.5868661269,1853552.9361206354,81.96703032345934,83.57015916190668,0.283510254825896,0.584815301640579,0.28822509921572767,83.57015916190668,0.28341182555511,1853552.9361206354,0.09811475267827304 
 02/26  13:20:00,9.586666666666666,58.333333333333339,7.44,135.33333333333332,475.5,0.0,0.0,0.0,0.0,0.0,0.0,0.0,0.0,0.0,0.0,854.0,0.0,1799.8394131748615,63.27298284001877,162.13598549024852,53.96760697814068,1436.4358990241245,0.0,63.27298284001874,86.49896456793405,0.0,0.0,20.808994379730984,-271.6968428200207,22.09246245039629,-536.2389644877651,21.091720881546104,-1514.547224688606,20.18040467924626,347.460805860831,15.754575930681562,45.29866821750457,20.422502614673364,-275.67237101859396,17.68430403032891,175.2391002818713,15.881647295725648,61.86154745877167,16.74154518108819,58.68763204144511,963.691560316448,601.6048346937168,0.0,0.0,0.0,0.0,0.0,0.0,0.0,0.0,0.0,0.0,0.0,0.0,0.0,0.0,0.0,0.0,0.0,0.0,0.0,0.0,0.0,0.0,1.1334259559059997,0.34597861901892537,314.82679234480079,370.9304630462366,7387.374046816114,0.1941543887452431,0.029632843215085949,179.68130931399308,211.68500963269393,4229.114761197484,1.049151273129391,0.19825231918544815,350.4778903555786,412.4284029287881,8404.225625205087,0.272777767222144,0.05154530748717761,276.5656936311256,326.5443212700068,6158.733455294234,0.0,0.0,11.63563556129666,13.96616957526176,150.60645361859788,0.0,0.0,79.61530211867889,94.27314643608882,1643.5922732180214,0.0,0.0,318.08374823732836,378.7727673295719,5563.806009906058,0.0,0.0,38.42860109334504,46.11379921757824,503.41837648831798,0.0,0.0,168.3985685066056,201.56099335879578,2452.060293911648,46.508400924797218,31.898766066390423,458.19646535949098,542.7476952711613,10251.451994671323,0.0,0.0,203.17204124587543,243.12545737250299,2992.1052871076269,466.8248652780795,21.286515492907609,30.1631389430789,21.25,30.0,0.0,21.436785774494966,29.7540126903077,16.0,30.0,1886.207375987282,21.620378978095788,29.399877668652434,21.5,30.0,0.0,20.75178409265321,31.171613178866104,16.0,30.0,0.0,15.968310918688822,43.18675880391946,12.0,30.0,0.0,19.916911719139315,33.4720872929979,16.0,30.0,0.0,18.28682812379017,36.942250599270227,10.0,30.0,0.0,16.04743030662531,42.81265412567473,16.0,30.0,0.0,16.788985361522849,40.77371782160432,12.0,30.0,0.0,19.622035390880993,0.0,0.0,0.0,16.859165540790444,0.0,0.0,495.40029105519479,491.7910883766663,490.7535601205092,495.68134143114727,522.2782206550378,515.3987748918577,512.3308077893421,518.1305174837537,516.4930545922982,7392.195663488443,82.13238056811128,84.19109437862555,60.0,0.0,60.0,60.0,16.0,16.0,16.0,12.0,16.0,12.0,21.0,10.0,1.0,0.0,466.8248652780795,0.0,1886.207375987282,0.0,0.0,0.0,0.0,0.0,3114.9858716696987,1868991.5230018192,2419109.806640441,82.13238056811128,84.22605817358891,0.27383286238898998,0.5389728108133115,0.27021103051474468,84.22605817358891,0.2656985864579156,2419109.806640441,0.12753037661196962 
 02/26  13:30:00,9.614999999999999,58.0,7.425,135.0,472.0,0.0,0.0,0.0,0.0,0.0,0.0,0.0,0.0,0.0,0.0,858.0,0.0,1812.1199545380083,62.8685776480783,161.09968055051176,54.33582678115044,1446.236800113826,0.0,62.868577648078268,85.94611201067129,0.0,0.0,20.824612550314677,-258.4249376806829,22.08529351609335,-448.63547077699107,21.177926483787539,-1455.4939122388356,20.21353246463569,290.89951766184739,15.801250876184863,46.855310171092529,20.514171068279638,-275.2033595565588,17.709138565516985,213.69659462878236,15.88850685597949,70.49226128693624,16.78537061012897,73.94726367677072,921.0501091623874,610.9380119101782,0.0,0.0,0.0,0.0,0.0,0.0,0.0,0.0,0.0,0.0,0.0,0.0,0.0,0.0,0.0,0.0,0.0,0.0,0.0,0.0,0.0,0.0,1.1142357151122378,0.3401207921588027,320.0791858589391,377.1227951032133,7526.263499970333,0.19646525521383247,0.029985539562550749,117.77393674039354,138.70741238967299,2749.1154429023015,1.1125080337321769,0.21022449617010156,391.7150215374295,461.09430595888707,9365.963705529643,0.27208126159007048,0.051413692666302048,218.34274726095249,257.57731381853156,4870.254959958003,0.0,0.0,11.69830135368533,14.039709344915288,151.8810854152701,0.0,0.0,79.36777434165822,93.95560812480749,1646.577111946903,0.0,0.0,321.53442885312168,382.8645708469393,5631.152638667628,0.0,0.0,39.518812839651129,47.42379498147785,517.049152279365,0.0,0.0,170.37195024477297,203.90336494189385,2491.4351436901436,46.4531804092002,31.8608919130317,417.17894354134378,494.1195727260397,9370.841722388432,0.0,0.0,206.0586272500389,246.51921417402486,3065.0364687481758,472.98015801895,21.34341733212338,29.80406949302248,21.25,30.0,0.0,21.363508697583776,29.59942785617738,16.0,30.0,1837.7814240638468,21.699999628521668,28.981669844797574,21.5,30.0,0.0,20.769861487384867,30.922038564696086,16.0,30.0,0.0,16.01719633745799,42.80558149273685,12.0,30.0,0.0,19.99875332663511,33.06984854169964,16.0,30.0,0.0,18.32697374145498,36.55295214446757,10.0,30.0,0.0,16.06819449995884,42.462503216651338,16.0,30.0,0.0,16.85025009156915,40.310382303990468,12.0,30.0,0.0,19.53352642884615,0.0,0.0,0.0,16.961205088085735,0.0,0.0,488.55406117355337,483.9743967931431,483.3953239018598,490.16381686323919,516.2605195280615,508.48685663407476,504.6259323109667,511.17914859549787,508.99317081634009,7625.868555558245,80.78132481204807,82.80633626071016,60.0,0.0,60.0,60.0,16.0,16.0,16.0,12.0,16.0,12.0,21.0,10.0,1.0,0.0,472.98015801895,0.0,1837.7814240638468,0.0,0.0,0.0,0.0,0.0,3064.0716937215527,1838443.0162329316,2381280.866326442,80.78132481204807,82.8407276776851,0.27213572312405179,0.5412578644436006,0.27021103051474468,82.8407276776851,0.2656985864579156,2381280.866326442,0.12556993838230832 
 02/26  13:40:00,9.643333333333333,57.66666666666667,7.41,129.83333333333332,485.5,0.0,0.0,0.0,0.0,0.0,0.0,0.0,0.0,0.0,0.0,862.0,0.0,1855.3741974513128,61.382939410516538,157.29279198413014,55.632778948131448,1480.7574931516293,0.0,61.38293941051651,83.91513190662686,0.0,0.0,20.824681265043105,-251.62921352107834,22.142756945595587,-447.88001127594546,21.2142516315195,-1430.82523133309,20.242210539623458,280.26781341477439,15.850648684017753,46.97384988924097,20.617490330680508,-283.0162996451544,17.745712478579287,214.82383901863569,15.897603862525326,75.38203728528396,16.827165586062948,78.80022702386578,908.3701180617916,597.5586246935861,0.0,0.0,0.0,0.0,0.0,0.0,0.0,0.0,0.0,0.0,0.0,0.0,0.0,0.0,0.0,0.0,0.0,0.0,0.0,0.0,0.0,0.0,1.1088860648972432,0.33848780979769335,315.3184666956653,371.5041028792596,7407.193996937063,0.1949905160127194,0.029760457266898574,117.96823965685469,138.93990289351388,2749.168511514517,1.1145893412774233,0.21061778935703397,386.60440948730987,455.07658988530877,9233.818340612452,0.2705893842809717,0.05113178085430302,211.11268479963756,249.03571839054875,4705.910406856288,0.0,0.0,11.70765338978117,14.049269928921035,152.51169747377245,0.0,0.0,80.29903443731881,95.03677969294674,1674.2258655991137,0.0,0.0,321.37196450143088,382.63487592334567,5638.714810099995,0.0,0.0,39.85302944302236,47.82416883404427,520.8382810199419,0.0,0.0,169.58967336511828,202.94055099413138,2488.877915334388,46.35481075583935,31.793423014978996,406.615566006529,481.6162696045276,9128.895952394263,0.0,0.0,205.4451036416398,245.7370855699423,3074.21343521791,466.8590111306243,21.35264382392139,29.54649598863184,21.25,30.0,0.0,21.373462191042198,29.342024475849553,16.0,30.0,1829.9662706662967,21.70546718185144,28.72629851533936,21.5,30.0,0.0,20.793358799248418,30.61916052741781,16.0,30.0,0.0,16.068084516755133,42.381792892113178,12.0,30.0,0.0,20.081839075087268,32.64448422149993,16.0,30.0,0.0,18.372651491365997,36.1611847030865,10.0,30.0,0.0,16.089642785006086,42.0776465317296,16.0,30.0,0.0,16.90578105857596,39.85482789810092,12.0,30.0,0.0,19.540916761471427,0.0,0.0,0.0,17.03558273147317,0.0,0.0,482.24671538514789,477.89178485262348,476.97349266753818,483.52474272785596,509.65966703564018,501.28491635822356,497.5525831313265,503.8645296912877,501.720236419515,7517.206922315622,80.88498818693025,82.88936139089752,60.0,0.0,60.0,60.0,16.0,16.0,16.0,12.0,16.0,12.0,21.0,10.0,1.0,0.0,466.8590111306243,0.0,1829.9662706662967,0.0,0.0,0.0,0.0,0.0,3032.892225312912,1819735.3351877474,2357654.48787582,80.88498818693025,82.92340230196327,0.2710964075104304,0.5411108342336756,0.27021103051474468,82.92340230196327,0.2656985864579156,2357654.48787582,0.12434803336954263 
 02/26  13:50:00,9.671666666666667,57.33333333333333,7.395,124.66666666666667,499.0,0.0,0.0,0.0,0.0,0.0,0.0,0.0,0.0,0.0,0.0,865.0,0.0,1896.2449386533522,59.8346564269822,153.32537427001643,56.85826226466293,1513.3759311283835,0.0,59.834656426982167,81.7985116854419,0.0,0.0,20.558212930684826,-134.24291646799339,22.209010830522126,-511.8721679942621,21.02942260105059,-540.3681730677274,20.22860433356812,115.41382958885873,15.9017453269441,47.049209070554358,20.725399849142798,-292.04674186397019,17.78439512753011,221.33790123039399,15.908346162430185,80.43232202379744,16.866746724356078,83.78854616300555,831.0778171332008,586.2099532320833,0.0,0.0,0.0,0.0,0.0,0.0,0.0,0.0,0.0,0.0,0.0,0.0,0.0,0.0,0.0,0.0,0.0,0.0,0.0,0.0,0.0,0.0,1.0926387167153986,0.3335283018056772,262.9089255981513,310.2242105071137,6019.992621722467,0.1821032379120727,0.027793534479864578,133.83951540623867,157.6218222722913,3110.227152997146,1.1863477291912508,0.2241775754329651,284.0736121919798,335.0187200109053,6642.4297030944239,0.2646994242203664,0.05001878764557187,173.20979159869777,204.5168266125012,3826.7949047769036,0.0,0.0,11.727359710249772,14.07117022044234,153.32882989130227,0.0,0.0,81.34087943591006,96.24688920544625,1705.096245016147,0.0,0.0,322.0680014733633,383.42039855502289,5663.4388963295209,0.0,0.0,40.45591181515836,48.54569390187642,528.1869092142803,0.0,0.0,168.99288973473603,202.20234920652414,2487.6321695753615,46.1870655717016,31.67837144835502,292.6638592424438,347.3388398446896,6623.963540770067,0.0,0.0,205.2516757097354,245.45877260359704,3088.4609137833715,13.651081271591817,21.126745336130356,29.717436080147459,21.0,30.0,0.0,21.391032902208474,29.073367128170099,16.0,30.0,877.4398206957719,21.46467845245931,29.02183913883816,21.25,30.0,0.0,20.737337227258679,30.463774233409159,16.0,30.0,0.0,16.12114799289539,41.93365511292003,12.0,30.0,0.0,20.1695160366304,32.210953648504027,16.0,30.0,0.0,18.421903041477436,35.767467560059767,10.0,30.0,0.0,16.111807450486745,41.68830061512284,16.0,30.0,0.0,16.95729497735467,39.41383059164514,12.0,30.0,0.0,19.328151731930839,0.0,0.0,0.0,17.107302756171316,0.0,0.0,476.46204310863677,472.0640080357258,473.85039183399206,477.08962638211696,502.9175537806371,494.3640608384892,490.89897358255987,496.85188645344769,494.84883365399778,4534.7701710991,80.74143083754619,80.74143083754619,60.0,0.0,60.0,60.0,16.0,16.0,16.0,12.0,16.0,12.0,21.0,10.0,1.0,0.0,13.651081271591817,0.0,877.4398206957719,0.0,0.0,0.0,0.0,0.0,0.0,0.0,0.0,80.74143083754619,80.74143083754619,0.17,0.34812661947165937,0.18014068700982978,80.74143083754619,0.17713239097194376,0.0,0.0017733333333333334 
 02/26  14:00:00,9.7,57.0,7.38,119.5,512.5,0.0,0.0,0.0,0.0,0.0,0.0,0.0,0.0,0.0,0.0,1736.0,0.0,1934.5519192029458,58.220067230103918,149.18804486060794,58.00687172567145,1543.9482509945474,0.0,58.220067230103889,79.59124584362654,0.0,0.0,20.98327577754585,-1216.1840050560014,22.327142585516314,-159.26196089912413,20.993094108950325,-358.3085122286616,20.170546688439495,236.07713625396173,15.951594453250575,47.33581202416347,20.82434497089964,-313.54809690884488,17.834577778225634,268.091052831149,15.91728771277603,82.71906612833354,16.898522058100107,82.96799162365551,881.2504290100778,562.7356995396956,0.0,0.0,0.0,0.0,0.0,0.0,0.0,0.0,0.0,0.0,0.0,0.0,0.0,0.0,0.0,0.0,0.0,0.0,0.0,0.0,0.0,0.0,1.0760211942750904,0.3284557980082693,311.1875157893455,366.4955491589596,7436.689716379185,0.19746293618156098,0.03013781077252152,91.78877821297027,108.29069327561497,2147.5248747080947,1.1886089908646445,0.2246048735571891,272.25552899743948,321.2720364576779,6283.824206882629,0.2893317521495936,0.05467342255283325,262.44166131890406,310.26034846281808,5728.142041317826,0.0,0.0,12.00069820768611,14.403736124712486,157.39247671877917,0.0,0.0,83.19706271876857,98.47885670732167,1749.9421315104015,0.0,0.0,323.89965694899396,385.662858787328,5728.854458558869,0.0,0.0,40.69507874553355,48.85087777117173,530.2987375377642,0.0,0.0,166.68449011767255,199.4954600200159,2456.1790368992426,46.13566790216919,31.643119274464476,328.1380183466132,389.6838486530746,7280.238046702654,0.0,0.0,202.7584061380049,242.54599320829616,3053.4335228552815,1784.0386784026283,21.707239021493867,28.37487657334988,22.0,30.0,0.0,21.524519356252303,28.744234458233394,16.0,30.0,0.0,21.249043230723087,29.20938797587791,21.0,30.0,0.0,20.655592977206014,30.382551996350235,16.0,30.0,0.0,16.17083939154889,41.52436280234617,12.0,30.0,0.0,20.237319641884555,31.866245155941284,16.0,30.0,0.0,18.503926893944575,35.32518581684886,10.0,30.0,0.0,16.128143705439176,41.38516210340139,16.0,30.0,0.0,16.993496124739069,39.0836005942492,12.0,30.0,0.0,19.373436775698388,0.0,0.0,0.0,17.144503257814116,0.0,0.0,468.93582306001249,469.98988459203806,469.5578861221911,471.63934290533759,497.0335377986928,488.9587213050143,485.10829046018776,491.565460536857,489.78502928656595,9788.73200891807,81.53240163005006,82.47517775094578,60.0,0.0,60.0,60.0,16.0,16.0,16.0,12.0,16.0,12.0,21.0,10.0,1.0,0.0,1784.0386784026283,0.0,0.0,0.0,0.0,0.0,0.0,0.0,1426.6588305776355,855995.2983465813,1112679.44356589,81.53240163005006,82.49118921928052,0.34505529435258788,0.7706038601002846,0.36028137401965956,82.49118921928052,0.3542647819438875,1112679.44356589,0.05965599773209295 
 02/26  14:10:00,9.74,57.0,7.275,114.33333333333334,526.0,0.0,0.0,0.0,0.0,0.0,0.0,0.0,0.0,0.0,0.0,434.0,0.0,1970.1121404763958,56.53558026372877,144.87160036663364,59.073120180301,1572.3284032138222,0.0,56.53558026372874,77.28842445162675,0.0,0.0,21.098881414580448,-1260.2055527085586,22.56343633253324,-480.58027238851357,20.536296221526329,134.3164180528156,20.11435546511478,167.41625129542264,16.010740441534744,46.84591086182115,20.94155735110963,-318.957601993244,17.914199265551475,228.23439400524695,15.930970483800042,86.21683195837318,16.935776185750343,83.70484301153147,861.1037777014753,557.2462282795209,0.0,0.0,0.0,0.0,0.0,0.0,0.0,0.0,0.0,0.0,0.0,0.0,0.0,0.0,0.0,0.0,0.0,0.0,0.0,0.0,0.0,0.0,1.0134798816670457,0.30936504324390898,339.81052243905199,399.44013690014739,8195.127484024553,0.1640788964258203,0.025042566609557436,122.1921339226763,143.5810819942998,2905.619226502132,1.28986640811064,0.24373892821440674,267.3504076114168,315.23016228848868,5997.064769139701,0.29776864514991988,0.0562676956065608,234.04541226386483,276.44782538007737,5043.749338042735,0.0,0.0,11.939970823164499,14.307983849805279,157.23690430724606,0.0,0.0,82.48226918783222,97.46264779482786,1745.3799030913688,0.0,0.0,326.88812958302438,388.5587972143376,5818.324638892005,0.0,0.0,41.47173595789043,49.71060958538973,539.2310321871337,0.0,0.0,169.46797660641878,202.51451523438133,2500.241628371266,45.649774027310289,31.309858729293759,294.222462323467,348.98371288866965,6465.96417511839,0.0,0.0,206.15067719976953,246.18263863024726,3128.5673907998686,1613.2087512549998,21.86252424607162,28.059755120115729,22.0,30.0,0.0,21.80177546347077,28.153376494745659,16.0,30.0,0.0,20.965976852754048,29.663837835665285,21.0,30.0,0.0,20.542951353938706,30.524842604058884,16.0,30.0,0.0,16.23770247785751,41.04345164971505,12.0,30.0,0.0,20.342648092769406,31.504231755105069,16.0,30.0,0.0,18.60172838440259,34.99768121534969,10.0,30.0,0.0,16.153189181007613,41.08694111078756,16.0,30.0,0.0,17.042197421117664,38.79457867928019,12.0,30.0,0.0,19.263085105086089,0.0,0.0,0.0,17.243843397950088,0.0,0.0,467.78448612635648,467.4237922459473,468.31436871848475,470.13331232500658,490.7949187638217,485.0880940836331,482.6650911002283,487.0322527131019,486.3478116301861,8490.767393403668,82.39069038139887,82.39069038139887,60.0,0.0,60.0,60.0,16.0,16.0,16.0,12.0,16.0,12.0,21.0,10.0,1.0,0.0,1613.2087512549998,0.0,0.0,0.0,0.0,0.0,0.0,0.0,0.0,0.0,0.0,82.39069038139887,82.39069038139887,0.34,0.7709262705639229,0.36028137401965956,82.39069038139887,0.3542647819438875,0.0,0.0018199999999999998 
 02/26  14:20:00,9.78,57.00000000000001,7.170000000000001,109.16666666666667,539.5,0.0,0.0,0.0,0.0,0.0,0.0,0.0,0.0,0.0,0.0,868.0,0.0,2034.074498639961,57.60926802936936,147.6228172813007,60.990990849963008,1623.3759759967259,0.0,57.60926802936933,78.75623702863125,0.0,0.0,20.83691228521385,-44.91341175718844,22.524645774208389,-587.1800073091521,21.066520361254427,-1583.1590035735285,20.20265329608049,531.0866896050657,16.06452312993137,45.63308174961951,21.061720616496364,-329.2277860454848,17.91172012891826,191.01131870156315,15.944782390408739,90.71693245080496,16.973630680164577,98.94329121403462,945.9613026888251,539.0395030548386,0.0,0.0,0.0,0.0,0.0,0.0,0.0,0.0,0.0,0.0,0.0,0.0,0.0,0.0,0.0,0.0,0.0,0.0,0.0,0.0,0.0,0.0,1.0515432732628707,0.3209839051473965,369.78670507027177,436.1832704172291,8396.86416755485,0.18045285656333769,0.02754164477462419,151.39536059814339,178.3179573095549,3546.627127274174,1.028723244322322,0.19439214745319775,470.37853633683019,553.5313024326405,11187.302470710369,0.28949702110783145,0.05470465251470735,323.0550739542856,381.49915328378918,7060.264495758737,0.0,0.0,11.665261404124596,13.989954596055206,153.84704273224325,0.0,0.0,84.841924363179,100.31087237988365,1803.3554669392307,0.0,0.0,320.3379784507681,381.2116990805057,5649.305662711795,0.0,0.0,40.27276923657237,48.320192121430867,522.1157266394504,0.0,0.0,166.93691194322427,199.66512149518983,2464.6877966092827,45.26733774739782,31.047556754045155,556.2299865469017,658.5025612096023,12229.233398822415,0.0,0.0,202.47544075205753,242.00143766366606,3076.699773007022,0.0,21.18055112312195,29.18066378731551,21.0,30.0,0.0,21.590817795011167,28.40687577536343,16.0,30.0,2074.7834792674118,21.741709457683226,28.188039496118447,21.5,30.0,0.0,20.731811645133456,30.044817562603883,16.0,30.0,0.0,16.289514746760898,40.73386307119641,12.0,30.0,0.0,20.43444935849965,31.199070009237614,16.0,30.0,0.0,18.55921146641394,34.94451148594054,10.0,30.0,0.0,16.176179142154689,40.86457424683223,16.0,30.0,0.0,17.090314669800013,38.503556483589047,12.0,30.0,0.0,19.897708309182485,0.0,0.0,0.0,17.295461167044114,0.0,0.0,465.81113375907855,464.49549484824339,465.48000110233348,466.94392687117297,487.2974373386524,481.9256982155273,479.4081674775207,483.9397758932181,482.8610234844818,7132.8783453320479,81.34694064785646,83.0419078596673,60.0,0.0,60.0,60.0,16.0,16.0,16.0,12.0,16.0,12.0,21.0,10.0,1.0,0.0,0.0,0.0,2074.7834792674118,0.0,0.0,0.0,0.0,0.0,2565.1983706706448,1539119.0224023869,1997366.1051782347,81.34694064785646,83.07069402982885,0.25550661235568819,0.5783654079842694,0.27021103051474468,83.07069402982885,0.2656985864579156,1997366.1051782347,0.10570303746926821 
 02/26  14:30:00,9.82,57.0,7.0649999999999999,104.0,553.0,0.0,0.0,0.0,0.0,0.0,0.0,0.0,0.0,0.0,0.0,436.0,0.0,2064.160265611632,55.712848542035448,142.76329503661649,61.893088832163389,1647.387006896231,0.0,55.71284854203542,76.1636878128689,0.0,0.0,20.56238453220548,133.80492110509204,22.578918864435275,-638.3322410318319,20.836146761847588,-755.3456550820074,20.2943010473386,79.85290379904336,16.122763538248159,43.24388654355016,21.176277015949937,-355.02082261649459,17.899692239035557,207.42359293968094,15.955712829571425,90.08495029851713,17.006774239244004,86.19068470163757,892.1439233052906,507.97263755185898,0.0,0.0,0.0,0.0,0.0,0.0,0.0,0.0,0.0,0.0,0.0,0.0,0.0,0.0,0.0,0.0,0.0,0.0,0.0,0.0,0.0,0.0,1.0560340337439,0.32235471115503669,303.1137773958053,357.3775353957302,6813.485633331262,0.1614394603663616,0.024639722278138218,201.3958181070977,236.95419178776712,4701.5074736473129,1.0913489297776958,0.2062261772066697,402.4664945878511,474.2485566761893,9177.312463935106,0.2475840015399977,0.046784580789871067,233.8794361350319,276.06667534845169,5150.717323234627,0.0,0.0,11.560558202094635,13.84852459910454,152.96412869225947,0.0,0.0,87.28871173185667,103.07748525297476,1864.1544109575796,0.0,0.0,315.2404194894973,374.8306288016221,5515.573154277787,0.0,0.0,40.13533733546064,48.1049191462581,518.5481685563646,0.0,0.0,161.4505062861645,192.8969566653832,2383.203663689984,44.663846683465369,30.633639700593535,459.3280302235829,543.9513236271556,10095.827026505702,0.0,0.0,196.6262354725055,234.78769626443489,2972.961283760033,14.155861777706522,21.082409428555537,29.340227800655748,21.0,30.0,0.0,21.580185561996197,28.39089182620419,16.0,30.0,1373.097451170018,21.358401975783726,28.858440737990369,21.5,30.0,0.0,20.809103273922046,29.833295823847207,16.0,30.0,0.0,16.351173778503019,40.384480602442739,12.0,30.0,0.0,20.527068660780658,30.909496633960097,16.0,30.0,0.0,18.528571955211274,34.93532830352108,10.0,30.0,0.0,16.19337175166219,40.666080586923879,16.0,30.0,0.0,17.128516670321767,38.29034908349374,12.0,30.0,0.0,19.805507967056984,0.0,0.0,0.0,17.297397223577506,0.0,0.0,465.3569313038755,463.5132011310267,465.01795495880097,465.1593020091948,483.53663496394247,479.12526261138489,477.7191967106046,481.01036102082079,480.430308144298,9190.067731475687,81.92817433008372,85.4303213350938,60.0,0.0,60.0,60.0,16.0,16.0,16.0,12.0,16.0,12.0,21.0,10.0,1.0,0.0,14.155861777706522,0.0,1373.097451170018,0.0,0.0,0.0,0.0,0.0,5300.048743235894,3180029.2459415367,4132215.261942347,81.92817433008372,85.48979941756903,0.3466682914411965,0.7683222658249995,0.36028137401965956,85.48979941756903,0.3542647819438875,4132215.261942347,0.21673519362100203 
 02/26  14:40:00,9.86,57.0,6.960000000000001,98.33333333333334,555.5,0.0,0.0,0.0,0.0,0.0,0.0,0.0,0.0,0.0,0.0,1526.0,0.0,2057.2784408056656,53.27808973663377,136.524269643788,61.68672733953474,1641.8945507758033,0.0,53.27808973663374,72.83518793524493,0.0,0.0,21.097306668840078,-1147.7842502543886,22.722436909330175,-303.3577985056509,20.965955228840764,-245.20677522998174,20.198593578139616,281.5775160377747,16.171910063944659,45.9743137350739,21.260522987921477,-359.16196211988298,17.9815366156797,275.8498325575279,15.965699394531537,96.76940919997729,17.03183196039428,100.58556086538956,820.3496433453842,531.6142131917892,0.0,0.0,0.0,0.0,0.0,0.0,0.0,0.0,0.0,0.0,0.0,0.0,0.0,0.0,0.0,0.0,0.0,0.0,0.0,0.0,0.0,0.0,1.0136780510409609,0.3094255345057881,298.83465610304577,351.7420475717773,7132.519229757261,0.1721311860922838,0.02627154854888339,90.61657222380332,106.78070174902384,2136.2052812504746,1.1829622531770659,0.22353784073640729,272.5854899118162,321.5307752743126,6240.257002726383,0.29413276970950139,0.05558064431396475,274.63519595678158,324.6398541678195,5913.3949523245469,0.0,0.0,11.950779482814652,14.332962723099744,158.2376083639736,0.0,0.0,86.87876096407867,102.71798693722565,1858.032991882369,0.0,0.0,326.2052538653168,388.18552341889537,5771.654178335539,0.0,0.0,41.54136085413465,49.853557213512399,534.5434061009697,0.0,0.0,166.57458492352,199.25223741263589,2454.0350595543047,44.31473231611165,30.394192260707617,319.6038023110011,379.47247297059729,6987.2119429634699,0.0,0.0,202.6977745817926,242.27440563351116,3081.917057762983,1801.712161850523,21.867111129687513,27.8266903917942,22.000000000000015,30.00000000000002,0.0,21.785125354951519,27.99101341462715,16.00000000000001,30.00000000000002,0.0,21.333550226009245,28.761676370776138,21.000000000000015,30.00000000000002,0.0,20.66798506324869,30.019315618384256,16.00000000000001,30.00000000000002,0.0,16.39798873087457,40.12644304185526,12.00000000000001,30.00000000000002,0.0,20.587315449647674,30.68131570995058,16.00000000000001,30.00000000000002,0.0,18.671454235903299,34.4409597340812,10.000000000000007,30.00000000000002,0.0,16.208965773086037,40.48089900907981,16.00000000000001,30.00000000000002,0.0,17.155768861546698,38.061720638240149,12.00000000000001,30.00000000000002,0.0,19.42780518113101,0.0,0.0,0.0,17.382042239358804,0.0,0.0,461.1937773432618,462.0307703493456,461.5452846642767,463.1209017640424,480.81752657997915,476.2306671186514,473.50946750774758,478.23150514254646,477.1065961488436,9326.879857612264,81.83783668359466,82.80065977032906,60.00000000000004,0.0,60.00000000000004,60.00000000000004,16.0,16.0,16.0,12.0,16.0,12.0,21.0,10.0,1.0,0.0,1801.712161850523,0.0,0.0,0.0,0.0,0.0,0.0,0.0,1457.1648121849735,874298.8873109827,1132671.1661025368,81.83783668359466,82.8170117026951,0.34000073183473747,0.7690340114536759,0.3602813740196598,82.8170117026951,0.35426478194388785,1132671.1661025368,0.06077890063733191 
 02/26  14:50:00,9.899999999999999,57.0,6.8549999999999999,92.66666666666667,558.0,0.0,0.0,0.0,0.0,0.0,0.0,0.0,0.0,0.0,0.0,218.0,0.0,2046.745420268806,50.777976847866209,130.11777383057035,61.3708860419347,1633.488109052926,0.0,50.777976847866188,69.41734407085608,0.0,0.0,21.24505928916163,-1612.1854833317612,22.956035870436155,-402.14008064081056,20.647154001019424,277.52828301394768,20.18868281517105,226.70113983027114,16.23882239943972,46.66060521798863,21.37377522094929,-362.7924919215325,18.0899228545196,241.4592136756819,15.990573944536829,102.55752553770185,17.080607824022004,105.80798429974766,775.0646512197145,541.7478765895385,0.0,0.0,0.0,0.0,0.0,0.0,0.0,0.0,0.0,0.0,0.0,0.0,0.0,0.0,0.0,0.0,0.0,0.0,0.0,0.0,0.0,0.0,0.9475870184363877,0.289251226628934,343.56975943865879,403.0702197157933,8242.279778013262,0.16229996473042675,0.02477105688803827,69.47052602511129,81.46518742742465,1683.4608607936796,1.2941096711138216,0.24454075417872679,263.2056353218892,309.5627508435042,5952.630636850925,0.31040726556030487,0.05865594587307346,266.4828695160316,314.0519026494511,5700.876228622877,0.0,0.0,12.039484804651256,14.389994787264856,160.4532216598278,0.0,0.0,85.90374317780622,101.19924009098692,1852.234192329325,0.0,0.0,332.9912721671078,394.82770943412188,5964.475882086043,0.0,0.0,42.66499642272453,51.03580923256136,549.4478225997096,0.0,0.0,171.7179514520702,204.71960222005073,2541.3122374221168,43.8803496757577,30.096261780355087,276.2813802271258,327.1126608201474,6003.78434524067,0.0,0.0,208.80848073034864,248.7117090434078,3206.1222385306289,1901.818748751585,21.971640261859127,27.54229970395648,22.0,30.0,0.0,22.104380559753353,27.311782733753878,16.0,30.0,0.0,21.226795995951524,28.91497607171466,21.0,30.0,0.0,20.632624615795615,29.9803152646127,16.0,30.0,0.0,16.479689116322726,39.650260121656248,12.0,30.0,0.0,20.714543524973057,30.25884642217005,16.0,30.0,0.0,18.822295381118324,33.98623222669221,10.0,30.0,0.0,16.2522755788516,40.11234873517646,16.0,30.0,0.0,17.227794411121417,37.679689390316777,12.0,30.0,0.0,19.284971825097018,0.0,0.0,0.0,17.497250810374493,0.0,0.0,457.9429501292754,457.7000113860838,460.4493987902149,460.1285199335596,475.469571337571,471.4291283998031,470.4532573921542,473.19914256679069,472.73212816388698,8395.028116495874,82.45401323455633,82.45401323455634,60.0,0.0,60.0,60.0,16.0,16.0,16.0,12.0,16.0,12.0,21.0,10.0,1.0,0.0,1901.818748751585,0.0,0.0,0.0,0.0,0.0,0.0,0.0,0.0,0.0,0.0,82.45401323455633,82.45401323455633,0.34,0.7724687811866536,0.36028137401965956,82.45401323455633,0.3542647819438875,0.0,0.00193 
 02/26  15:00:00,9.94,57.0,6.75,87.0,560.5,0.0,0.0,0.0,0.0,0.0,0.0,0.0,0.0,0.0,0.0,872.0,0.0,2032.5701660025248,48.21048441738569,123.53861754382293,60.94583367049666,1622.1748343130449,0.0,48.21048441738567,65.90738726458221,0.0,0.0,21.173916542981489,-604.1196273533942,22.973580187712444,-507.0009930572495,21.023505467103349,-940.383676657937,20.275142559418684,473.78695148805675,16.28349402982851,47.114921650985227,21.45008490372094,-360.95984563443906,18.11383226906604,238.83269449257979,16.004879214959418,108.44510520255915,17.113211963198805,124.38558797271071,839.2260740640631,547.0337880442062,0.0,0.0,0.0,0.0,0.0,0.0,0.0,0.0,0.0,0.0,0.0,0.0,0.0,0.0,0.0,0.0,0.0,0.0,0.0,0.0,0.0,0.0,0.9973632377399451,0.304445432765551,215.92243987203927,254.37745487664828,5099.076480015166,0.1669989149587349,0.025488234883811798,121.1713437911242,142.71211698541988,2884.7614436957517,1.145832396999989,0.2165216169690078,316.8700953925653,373.0161062454423,7427.033140360435,0.3135126259065265,0.059242748659585498,327.2218448876339,386.36195238042049,7088.499271107186,0.0,0.0,11.911509062028378,14.275021802494376,158.57865463389758,0.0,0.0,86.79560841702181,102.51306295969627,1873.7698731294818,0.0,0.0,331.40007485303638,394.0346631171681,5910.3427300343869,0.0,0.0,42.365388370348728,50.81650831964001,543.6995597911864,0.0,0.0,171.8421846522923,205.41778572285359,2541.2833916012225,43.54405082228053,29.865604130507923,351.61739070049739,416.9038485292926,7613.445875054876,0.0,0.0,208.58976242409936,249.09728392560113,3209.337098207667,742.6654266295282,21.80166351690074,27.831762283678985,21.75,30.0,0.0,22.016949185033963,27.42429710486013,16.0,30.0,1388.3452521411323,21.707799273962107,27.969151113717169,21.5,30.0,0.0,20.804305578976167,29.616521417637807,16.0,30.0,0.0,16.516116549257924,39.463334104826689,12.0,30.0,0.0,20.77439027245053,30.076543551930344,16.0,30.0,0.0,18.827421173565744,33.850858332932038,10.0,30.0,0.0,16.27337501454871,39.951847739095388,16.0,30.0,0.0,17.266562225526756,37.467682822841648,12.0,30.0,0.0,19.554795355861523,0.0,0.0,0.0,17.557596711461579,0.0,0.0,457.568046715341,456.32121457820969,456.81881795185645,458.51675611337307,473.5487259177764,469.53388728976497,467.4318159405577,471.0607224657968,470.1688570247161,6343.84733402476,82.52754206514985,82.52754206514985,60.0,0.0,60.0,60.0,16.0,16.0,16.0,12.0,16.0,12.0,21.0,10.0,1.0,0.0,742.6654266295282,0.0,1388.3452521411323,0.0,0.0,0.0,0.0,0.0,0.0,0.0,0.0,82.52754206514985,82.52754206514985,0.255,0.5784918884149877,0.27021103051474468,82.52754206514985,0.2656985864579156,0.0,0.00198 
 02/26  15:10:00,9.878333333333334,57.33333333333333,6.64,81.33333333333333,563.0,0.0,0.0,0.0,0.0,0.0,0.0,0.0,0.0,0.0,0.0,657.0,0.0,2014.7648494111168,45.5737936540342,116.78214031252584,60.411935189935899,1607.964440544862,0.0,45.573793654034179,62.30283109101914,0.0,0.0,21.16871491127958,-666.6240939513446,22.992917835324904,-706.9346963934662,20.802311524692848,-157.0637709502195,20.340600630599277,94.71806934350298,16.3367615206937,45.32041191370563,21.53056483852818,-375.9627575053055,18.129524709412267,230.40028119208365,16.02220186976256,109.21675259050858,17.150340815794743,116.78709900232357,801.8431151944478,526.958824314003,0.0,0.0,0.0,0.0,0.0,0.0,0.0,0.0,0.0,0.0,0.0,0.0,0.0,0.0,0.0,0.0,0.0,0.0,0.0,0.0,0.0,0.0,1.0140447916758336,0.30953748219653046,305.5974872942888,359.48751552289277,7217.439973198271,0.1451297439587755,0.022150449322157437,167.78677968168956,197.49024369652114,3998.7194056511727,1.2338588639403572,0.23315549205222178,272.45297735949739,321.1305275682696,6233.213713341547,0.27792298481144486,0.052517570826047767,167.9499712850769,198.39681760299676,3691.8813874519539,0.0,0.0,11.76353362472882,14.091617442417708,159.3257215822278,0.0,0.0,88.67021693895809,104.67307220240139,1938.4594693690238,0.0,0.0,327.06545587566787,388.7845765706429,5874.304278076859,0.0,0.0,42.34779436828606,50.77719105946593,551.0545635743417,0.0,0.0,167.9532675302027,200.6929492418687,2520.0522803115179,43.01099871623978,29.499999119506037,293.5838020967743,348.1408473220977,6501.4565616369559,0.0,0.0,204.54325310593215,244.1951825526873,3179.5304357331535,970.6706433416642,21.709628817286867,27.922568336053005,21.666666666666666,30.0,0.0,21.96031397721964,27.484054980222056,16.0,30.0,777.4609771733574,21.331668894207053,28.634707244091737,21.333333333333337,30.0,0.0,20.856057207572758,29.503992548447024,16.0,30.0,0.0,16.56945978939044,39.19103690868876,12.0,30.0,0.0,20.851830113216644,29.84785448009486,16.0,30.0,0.0,18.82766459328628,33.78348470207433,10.0,30.0,0.0,16.300192293687656,39.75952352074999,16.0,30.0,0.0,17.31274778917416,37.2574159920939,16.0,30.0,0.0,19.548105946519845,0.0,0.0,0.0,17.574399233468335,0.0,0.0,455.1763706943999,454.8661379732658,456.7695775967768,457.8104308791591,470.6695470967123,467.136914143431,465.7306341091645,468.4936634469524,467.9189443075753,8283.769943115198,82.52753372268814,82.52753372268814,60.0,0.0,60.0,60.0,16.0,16.0,16.0,16.0,16.0,12.0,21.0,10.0,1.0,0.0,970.6706433416642,0.0,777.4609771733574,0.0,0.0,0.0,0.0,0.0,0.0,0.0,0.0,82.52753372268814,82.52753372268814,0.34,0.7704858212133461,0.36028137401965956,82.52753372268814,0.3542647819438875,0.0,0.00203 
 02/26  15:20:00,9.816666666666667,57.66666666666667,6.530000000000001,75.66666666666666,565.5,0.0,0.0,0.0,0.0,0.0,0.0,0.0,0.0,0.0,0.0,438.0,0.0,1993.343731603547,42.86630054527971,109.84423203279099,59.76961822497713,1590.8683095215102,0.0,42.866300545279688,58.601482743427769,0.0,0.0,21.140672815978144,-335.87280654986446,22.951017440338789,-813.9009080824717,20.72905591392561,-399.20760157827047,20.27339168114716,317.2468948422156,16.388647902937355,44.565385996555708,21.59702378258924,-382.2203293507257,18.159482026881933,217.57659426812098,16.03563569725313,107.58050832736774,17.177587147868424,109.68474264746192,763.7827845181755,530.1414311876229,0.0,0.0,0.0,0.0,0.0,0.0,0.0,0.0,0.0,0.0,0.0,0.0,0.0,0.0,0.0,0.0,0.0,0.0,0.0,0.0,0.0,0.0,1.0193156636771295,0.31114641748386126,229.31319220635209,269.7958014121722,5475.5054383917999,0.16235171559842849,0.02477895537216552,168.0776176497891,197.68676200859,4010.5745854751046,1.1490180462925866,0.2171235915140943,268.5100448288544,316.28852174664987,6132.288638935033,0.2936608937048602,0.05549147651263418,283.1123854161046,334.04599756973826,6179.439070580585,0.0,0.0,11.72373886874836,14.03410701640453,161.45660071735163,0.0,0.0,88.84741044061619,104.80568161616614,1963.8322527777628,0.0,0.0,326.51730408621719,387.8886387476131,5920.465645867058,0.0,0.0,42.12286226776206,50.47736142146582,555.0310777938425,0.0,0.0,168.19645951699705,200.8445077613972,2554.9470637204506,42.624740518676677,29.235075801561515,279.7660304785156,331.66744931990749,6163.129068549753,0.0,0.0,204.4602280948567,243.93460032764274,3213.7166818727284,688.445682465511,21.839312179161774,27.69076075064406,22.0,30.0,0.0,21.838804755482515,27.62975768198875,16.0,30.0,231.4846825184348,21.31585514673783,28.588220427088666,21.0,30.0,0.0,20.762788623820219,29.63548576114063,16.0,30.0,0.0,16.6210633575822,38.9520967495897,12.0,30.0,0.0,20.912823333001357,29.67750473521418,16.0,30.0,0.0,18.851462148074199,33.67187544134447,10.0,30.0,0.0,16.319238615200598,39.62940991710532,16.0,30.0,0.0,17.342882387746056,37.11867023440681,16.0,30.0,0.0,19.37483317532143,0.0,0.0,0.0,17.598767044579163,0.0,0.0,454.67972954359018,452.64247318110997,454.4085731281974,456.5047124596747,468.31839082689739,465.42890775094329,464.11667331694698,466.74493083227346,466.35767320754567,6515.482301787837,83.69618524832132,83.69618524832132,60.0,0.0,60.0,60.0,16.0,16.0,16.0,16.0,16.0,12.0,21.0,10.0,1.0,0.0,688.445682465511,0.0,231.4846825184348,0.0,0.0,0.0,0.0,0.0,0.0,0.0,0.0,83.69618524832132,83.69618524832132,0.34,0.7702144000326172,0.36028137401965956,83.69618524832132,0.3542647819438875,0.0,0.00205 
 02/26  15:30:00,9.754999999999999,58.0,6.42,70.0,568.0,0.0,0.0,0.0,0.0,0.0,0.0,0.0,0.0,0.0,0.0,876.0,0.0,1968.3214208467483,40.08662103928354,102.7213462465089,59.01932081099299,1570.8981000931995,0.0,40.08662103928352,54.801450118013089,0.0,0.0,21.007889335911267,-47.638825728098257,22.96642084697046,-605.7697379081794,21.123478582504853,-1309.432623877353,20.41768151109246,401.9820942688616,16.434136609504173,42.980604903789899,21.65120366843754,-393.51949923124917,18.16010719380332,206.78861884319213,16.04379176667389,106.43259201754575,17.19845775909637,107.03902550580938,897.9990857815478,516.8768338861994,0.0,0.0,0.0,0.0,0.0,0.0,0.0,0.0,0.0,0.0,0.0,0.0,0.0,0.0,0.0,0.0,0.0,0.0,0.0,0.0,0.0,0.0,1.0885929039605485,0.33229331622727367,333.4646864161986,393.2479165339122,7722.838929178878,0.17386704596514136,0.026536484426914126,154.96999582332058,182.30189728946295,3712.38033504469,1.0259562873852293,0.19386929088912126,373.63441321306888,439.97330324585848,8960.422927815902,0.27324690829982847,0.051633958484472487,282.7107204094609,333.7916040782474,6345.657039292659,0.0,0.0,11.539038590393233,13.824869343457582,161.23315676008384,0.0,0.0,90.78357806807122,107.17637183670593,2025.3793264287297,0.0,0.0,321.57207054088578,382.42774687631359,5854.471321046792,0.0,0.0,41.25634891347572,49.486319494849428,549.4923116744009,0.0,0.0,165.23787075821378,197.49820294554673,2536.951137537022,42.3070429539347,29.017176237266605,464.14399581031889,549.7441673192377,10404.469950812329,0.0,0.0,200.69412796383336,239.67822185568626,3181.51589067753,0.0,21.354737185247616,28.48741591522627,21.0,30.0,0.0,21.8660817751462,27.57541265888976,16.0,30.0,1821.113199973197,21.7742934024527,27.76761685872344,21.5,30.0,0.0,21.02125527457224,29.09266628934938,16.0,30.0,0.0,16.660660271281388,38.77211643317652,12.0,30.0,0.0,20.95757690017099,29.53055049878367,16.0,30.0,0.0,18.826190951125093,33.65201188709159,10.0,30.0,0.0,16.328917494245766,39.522795332054098,16.0,30.0,0.0,17.363552395579167,36.98284795782768,16.0,30.0,0.0,19.872659913218269,0.0,0.0,0.0,17.604591845390936,0.0,0.0,453.146128737303,452.0177663223151,452.8220511123395,453.72971627076768,466.5067658609252,463.453664336826,462.1306618788258,464.92699294455249,464.28374812179296,4485.274429992656,81.51569095254618,81.51569095254618,60.0,0.0,60.0,60.0,16.0,16.0,16.0,16.0,16.0,12.0,21.0,10.0,1.0,0.0,0.0,0.0,1821.113199973197,0.0,0.0,0.0,0.0,0.0,0.0,0.0,0.0,81.51569095254618,81.51569095254618,0.17,0.3828522899792777,0.18014068700982978,81.51569095254618,0.17713239097194376,0.0,0.00207 
 02/26  15:40:00,9.693333333333334,58.33333333333333,6.3100000000000009,65.33333333333333,535.0,0.0,0.0,0.0,0.0,0.0,0.0,0.0,0.0,0.0,0.0,440.0,0.0,1845.2994518066935,37.04262194657813,94.92109426289993,55.33054614420009,1472.7153513187778,0.0,37.04262194657811,50.64007257824242,0.0,0.0,20.717291910805146,134.50626990170896,22.89836950567745,-735.156540586674,20.79538923367472,-692.2517409236425,20.349293790274204,70.23386881323677,16.4737401921507,41.26671355730727,21.656727900389666,-401.5990257356889,18.15616361766296,207.90255117335347,16.050107872964327,106.11526590875053,17.214188493680838,99.248529741104,859.9786093447292,508.46533565195298,0.0,0.0,0.0,0.0,0.0,0.0,0.0,0.0,0.0,0.0,0.0,0.0,0.0,0.0,0.0,0.0,0.0,0.0,0.0,0.0,0.0,0.0,1.0420732093299344,0.31809316524112776,325.6989574888053,383.90991638686719,7470.588205118787,0.14862229678814965,0.02268350073079207,221.85693316517937,260.98144271436879,5310.311789335923,1.1735346581593627,0.2217563601964027,409.2032524912619,482.0077008908926,9499.436739522182,0.24740909265195144,0.04675152922372475,231.76599951027806,273.5710023237388,5160.4991741655999,0.0,0.0,11.405329891460284,13.651156119157506,161.65386173907263,0.0,0.0,92.08730550034076,108.6163620988739,2069.9328503853896,0.0,0.0,319.0401497368682,379.1151196171427,5835.341543176788,0.0,0.0,41.52887099486864,49.76770152191206,558.9905402964466,0.0,0.0,162.58896748835466,194.15483396370215,2521.105632094075,41.766916837446668,28.64671936724738,484.09594840870946,573.0196279301233,10807.257389275432,0.0,0.0,198.13649744184324,236.43001771092569,3160.329251762281,0.0,21.198348632294974,28.738691064291467,21.0,30.0,0.0,21.754630899251809,27.739963786400677,16.0,30.0,1243.462405865864,21.286966049508718,28.60823348857732,21.5,30.0,0.0,20.839991925752388,29.386889299734404,16.0,30.0,0.0,16.698013980422865,38.58856468371221,12.0,30.0,0.0,20.97926488124093,29.437275499211589,19.0,30.0,0.0,18.80471257503672,33.656435946299058,10.0,30.0,0.0,16.336060503528665,39.42418409583218,16.0,30.0,0.0,17.376577065038015,36.89022307994264,16.0,30.0,0.0,19.97771247133225,0.0,0.0,0.0,17.58981897999343,0.0,0.0,452.2240362498769,450.9552300961286,452.07750512164525,452.4212051122281,464.4351369144084,461.7715901424172,460.9919302600298,463.0942302394709,462.75210391964279,9741.091865413578,81.56393724780242,81.56393724780242,60.0,0.0,60.0,60.0,16.0,16.0,19.0,16.0,16.0,12.0,21.0,10.0,1.0,0.0,0.0,0.0,1243.462405865864,0.0,0.0,0.0,0.0,0.0,0.0,0.0,0.0,81.56393724780242,81.56393724780242,0.34,0.7685781118430406,0.36028137401965956,81.56393724780242,0.3542647819438875,0.0,0.00209 
 02/26  15:50:00,9.631666666666668,58.66666666666667,6.2,60.66666666666667,502.0,0.0,0.0,0.0,0.0,0.0,0.0,0.0,0.0,0.0,0.0,440.0,0.0,1719.5792303237498,34.0078718561055,87.14454911013381,51.560866791250649,1372.379168006677,0.0,34.00787185610549,46.491339125734807,0.0,0.0,20.69826683984294,285.46573250213626,22.9386858840429,-551.9626725736691,20.5560306918735,-372.6305752325529,20.301616884923889,264.90450946125068,16.503291906963395,39.81884098472301,21.627427321235868,-402.20249520262589,18.165392952839249,200.0811660203335,16.052199583219787,100.97446658890908,17.22099530444984,85.54858762301456,846.3041259023976,503.1253266931867,0.0,0.0,0.0,0.0,0.0,0.0,0.0,0.0,0.0,0.0,0.0,0.0,0.0,0.0,0.0,0.0,0.0,0.0,0.0,0.0,0.0,0.0,1.1228402803967997,0.34274733833846146,290.49617036485776,342.2655745533013,6740.385322021555,0.154998283969637,0.023656636747502594,181.54827547117217,213.26570866258357,4384.109237768887,1.0709001291348873,0.20236208033539072,316.04795603391366,373.16463304498446,7147.160882944978,0.24465150173668083,0.04623044250504171,182.76651256950056,215.89165669760423,4090.166752508606,0.0,0.0,11.29886552659521,13.524166893414272,162.04712290525959,0.0,0.0,92.33870265454041,108.92748559710813,2084.141231292262,0.0,0.0,315.8848188011326,375.38792595409759,5817.096050004195,0.0,0.0,40.88221527854919,48.9959453716799,555.3033163082428,0.0,0.0,160.50742540148139,191.67339801822772,2508.3360253011076,41.39989734879885,28.394991322907317,360.2814143660503,426.59691553472148,8297.100203568136,0.0,0.0,195.34350057096305,233.12066869079605,3131.336766842748,0.0,21.253375280353749,28.596943290503505,21.0,30.0,0.0,21.91379379736415,27.471689016691088,16.0,30.0,175.24525759166924,20.973262974617005,29.082420602557478,21.0,30.0,0.0,20.80605867808312,29.376571029504296,16.0,30.0,0.0,16.72011453530125,38.451793743824008,12.0,30.0,0.0,20.963039587494387,29.39745367582582,19.0,30.0,0.0,18.805054233551176,33.5682397106484,10.0,30.0,0.0,16.33480977678374,39.332296497525579,16.0,30.0,0.0,17.374819085840906,36.79770740578963,16.0,30.0,0.0,19.93151744197973,0.0,0.0,0.0,17.566169377038216,0.0,0.0,450.4035596511784,450.61666714718117,449.9737414121982,449.7586500954146,462.4942877456582,459.56974544325467,458.5148958283522,460.87123409287167,460.3302830536044,8727.827427752105,82.23397343492707,82.23397343492707,60.0,0.0,60.0,60.0,16.0,16.0,19.0,16.0,16.0,12.0,21.0,10.0,1.0,0.0,0.0,0.0,175.24525759166924,0.0,0.0,0.0,0.0,0.0,0.0,0.0,0.0,82.23397343492707,82.23397343492707,0.34,0.7667459429422774,0.36028137401965956,82.23397343492707,0.3542647819438875,0.0,0.00212 
 02/26  16:00:00,9.57,59.0,6.09,56.0,469.0,0.0,0.0,0.0,0.0,0.0,0.0,0.0,0.0,0.0,0.0,880.0,0.0,1593.6897739217075,31.009572760835995,79.46141501386774,47.78611410610561,1271.9079320266479,0.0,31.009572760835977,42.392436947193079,0.0,0.0,20.731001021726557,202.9581901886172,22.795639817956368,-627.4913358245403,21.115618403639425,-1335.5994006267807,20.352055561032438,413.9704504383453,16.526695609245,39.751924430178977,21.586046383292673,-399.06254366119927,18.17094232335249,210.50833572605598,16.053144923794798,100.93432879652699,17.226263303655089,86.41121185554971,846.6477637896501,510.83187794904418,0.0,0.0,0.0,0.0,0.0,0.0,0.0,0.0,0.0,0.0,0.0,0.0,0.0,0.0,0.0,0.0,0.0,0.0,0.0,0.0,0.0,0.0,1.091111084064041,0.33306199147254,295.57443265920599,348.6597220780371,6934.8759524499969,0.17321335968014874,0.02643671545789816,183.1786912058498,215.8315820555584,4410.948913517161,1.0355907140087553,0.19568985525486685,367.8989301060873,433.345914467713,8906.828681149462,0.27100344864784389,0.051210024309872228,265.7213372166241,313.79256104200018,6019.261458328694,0.0,0.0,11.329292413082746,13.572468663894288,164.19310603809337,0.0,0.0,91.79334788013071,108.3971472475935,2079.854112640798,0.0,0.0,317.00833851804807,377.10030315965647,5871.994175030946,0.0,0.0,40.81286116458773,48.962187290740079,559.2758406508486,0.0,0.0,161.64237783086385,193.22350414831474,2545.9384445730895,41.06465300018869,28.165056927427096,451.60724008164859,534.85792962671,10318.553563652544,0.0,0.0,196.25691807214563,234.45486469607716,3166.2868686549538,0.0,21.32834307536335,28.445302162918958,21.0,30.0,0.0,21.70654539981644,27.757699307824884,16.0,30.0,1797.4570881835028,21.715681586732399,27.774414955260256,21.5,30.0,0.0,20.902643197813835,29.197094471090418,16.0,30.0,0.0,16.734041616299235,38.350893582840338,12.0,30.0,0.0,20.945577029018808,29.381168295876216,19.0,30.0,0.0,18.797707500991878,33.53054986499698,10.0,30.0,0.0,16.33330937244485,39.27157890102065,16.0,30.0,0.0,17.37488370287298,36.73795640514892,16.0,30.0,0.0,19.948920985078034,0.0,0.0,0.0,17.556895253567313,0.0,0.0,449.2963670898248,447.9194906436899,448.58050896368538,449.18554252054937,460.8721113423101,457.9788770393935,456.9148974274714,459.3016329702264,458.7645028849346,5367.617379063837,81.60405981316873,83.48548158898953,60.0,0.0,60.0,60.0,16.0,16.0,19.0,16.0,16.0,12.0,21.0,10.0,1.0,0.0,0.0,0.0,1797.4570881835028,0.0,0.0,0.0,0.0,0.0,2847.07407128212,1708244.4427692719,2226083.5816484314,81.60405981316873,83.51743437663461,0.17990246904273733,0.38296677878723009,0.18014068700982978,83.51743437663461,0.17713239097194376,2226083.5816484314,0.11790634624571841 
 02/26  16:10:00,9.440000000000002,59.5,5.891666666666667,51.33333333333333,436.0,0.0,0.0,0.0,2.0,0.0,0.0,0.0,0.0,0.0,4.0,660.0,0.0,1468.20567799465,28.051729197252159,71.88195398934993,44.02351711927801,1171.760222571092,0.0,28.051729197252145,38.348840547591859,0.0,0.0,20.583381196447804,141.8022692275202,22.711369036329278,-748.7736397459288,20.89648414831173,-739.5722792026463,20.378016261956426,222.5186953835161,16.542658972207414,31.15368272399561,21.75201250472822,-65.74738955970592,18.00504814587626,34.02819035911307,16.050677895266618,93.0877831766248,17.225865641523855,62.05511987090267,844.2207766878825,456.2804710120466,0.0,0.0,0.0,0.0,0.0,0.0,0.0,0.0,0.0,0.0,0.0,0.0,0.0,0.0,0.0,0.0,0.0,0.0,0.0,0.0,0.0,0.0,1.1583748127559992,0.35359426518803407,239.2023344666851,282.2457437703223,5557.82960428226,0.17322101546038164,0.02643788392252467,223.85770800256999,263.6395855356435,5418.071900216126,1.0249944467714896,0.19368753718282123,238.16907415407327,280.746472262018,5679.844085683657,0.2538162883516892,0.047962261593289718,245.6884882631306,290.110966678851,5611.641884356826,0.0,0.0,9.473426629322809,11.346526704288147,139.83018685566959,0.0,0.0,14.002696268292392,16.50495870169596,330.9160842908873,0.0,0.0,222.3684180124537,264.8012223513596,4025.7250927215047,0.0,0.0,39.30084394892984,47.139994429560569,548.3141245185307,0.0,0.0,146.23050208860318,174.78780835179158,2338.696095703989,40.38989868620411,27.70226247339103,408.3968871638873,483.74284415959996,9425.58578559397,0.0,0.0,179.2379826670647,214.19366334034755,2892.9168279074985,0.0,21.073877858180905,28.870956465375586,21.0,30.0,0.0,21.633728432478884,27.85478335870792,16.0,30.0,0.0,21.413567707348855,29.040294706618949,21.0,30.0,0.0,20.903806540771947,29.66704278098394,16.0,30.0,0.0,16.736118354063249,38.28448368413437,12.0,30.0,0.0,21.314370368527109,30.317632950877156,19.0,30.0,0.0,18.442039783861106,34.21925930273977,10.0,30.0,0.0,16.32535563828176,39.22869755577675,16.0,30.0,0.0,17.36392922922073,36.71005444962373,16.0,30.0,0.0,19.971164490567209,0.0,0.0,0.0,17.42034575770545,0.0,0.0,448.4362875929552,446.6365325582278,493.4246845839349,476.1018813178623,459.506060020356,553.2885406299731,454.91754271052175,457.827257161552,457.4347636258584,0.0,82.30172385525623,82.30172385525623,1744.0,0.0,1744.0,1744.0,16.0,16.0,19.0,16.0,16.0,12.0,21.0,10.0,1.0,0.0,0.0,0.0,0.0,0.0,0.0,0.0,0.0,0.0,0.0,0.0,0.0,82.30172385525623,82.30172385525623,0.0,0.0,0.0,82.30172385525623,0.0,0.0,0.06336533333333333 
 02/26  16:20:00,9.31,60.0,5.693333333333333,46.666666666666667,403.0,0.0,0.0,0.0,2.0,0.0,0.0,0.0,0.0,0.0,4.0,442.0,0.0,1343.704635705447,25.138040065517396,64.41564484116418,40.290397741154638,1072.3970910718684,0.0,25.138040065517385,34.3656066038857,0.0,0.0,20.915281818504569,-136.43635689224085,22.56815229008537,-656.0347691252391,21.02026412583703,-882.3957264618994,20.349457801557838,275.7651968753262,16.54840443201632,27.32948719311807,21.97628336542276,-79.69585154136655,17.90987279222542,104.53246416221919,16.034195608632964,80.41442994859438,17.20119250825436,31.46492967829772,835.4394762611155,413.75397323856898,0.0,0.0,0.0,0.0,0.0,0.0,0.0,0.0,0.0,0.0,0.0,0.0,0.0,0.0,0.0,0.0,0.0,0.0,0.0,0.0,0.0,0.0,1.1994310341700783,0.36612668930710576,234.48727909935566,276.1781384258888,5714.029305529206,0.185331194082616,0.02828620178306105,215.86988658045176,254.29131721152917,5220.729075662772,0.9674241067828793,0.18280878812979588,259.67353331366277,305.62958273992458,6345.581443627429,0.25060937910244898,0.04735626967166458,263.36779824714008,310.7478189618215,6056.035540796001,0.0,0.0,9.340302623771147,11.180849964109113,140.11130581895885,0.0,0.0,14.830947427883166,17.438736720374675,366.60398321365519,0.0,0.0,205.74469979348693,244.98691977963646,3713.8369226743427,0.0,0.0,37.61283944008447,45.09385308079469,532.1759129724044,0.0,0.0,131.8120020815679,157.47885525906515,2129.2207171094389,39.746764948821098,27.261155657627645,423.213735212253,501.01671890567988,9824.709229121874,0.0,0.0,162.7765713649662,194.51579584835958,2612.431161926632,674.3905803959085,21.55925608926293,28.067382628219126,21.5,30.0,0.0,21.48162896642716,28.257817758303234,16.0,30.0,0.0,21.579120091638218,28.85471407757482,21.0,30.0,0.0,20.851694509352919,30.09464589082371,16.0,30.0,0.0,16.724078460052675,38.281428003916307,12.0,30.0,0.0,21.750541715053303,31.380604694166025,19.0,30.0,0.0,18.28399048466225,34.53067692262357,10.0,30.0,0.0,16.291179087009483,39.294634792933397,16.0,30.0,0.0,17.311216807937833,36.81820850542885,16.0,30.0,0.0,19.952843405061907,0.0,0.0,0.0,17.2438909514362,0.0,0.0,450.50523440987038,455.17910293360628,498.25096194465245,494.31703641836239,459.24887339357476,660.4463903007597,454.2796369303877,458.0123546242967,457.73717660915858,8311.795767445787,82.508998574294,82.508998574294,1744.0,0.0,1744.0,1744.0,16.0,16.0,19.0,16.0,16.0,12.0,21.0,10.0,1.0,0.0,674.3905803959085,0.0,0.0,0.0,0.0,0.0,0.0,0.0,0.0,0.0,0.0,82.508998574294,82.508998574294,0.34,0.7714130475564243,0.36028137401965956,82.508998574294,0.3542647819438875,0.0,0.06433422222222224 
 02/26  16:30:00,9.18,60.5,5.495,42.0,370.0,0.0,0.0,0.0,2.0,0.0,0.0,0.0,0.0,0.0,4.0,663.0,0.0,1220.768457837497,22.271823472193124,57.070990575249179,36.60420134146989,974.28287513001,0.0,22.271823472193114,30.447271219305507,0.0,0.0,20.87315525026871,-124.0918790639631,22.568042301125069,-467.620887513027,21.03791913627841,-920.8688271584381,20.37422294996947,270.25294746857608,16.554302707267817,27.085138819667109,22.091467799570688,-93.60847282062878,17.93125431207342,130.73518306229529,16.01376527153365,72.61922110590897,17.169049282686367,10.952234489053805,824.2722456773647,440.295601866525,0.0,0.0,0.0,0.0,0.0,0.0,0.0,0.0,0.0,0.0,0.0,0.0,0.0,0.0,0.0,0.0,0.0,0.0,0.0,0.0,0.0,0.0,1.1743729142740767,0.35847769055985237,186.8443413229216,220.31679671479288,4492.810369058053,0.2004068042452616,0.030587119085052129,150.3655610969545,176.98871081822083,3711.238787425398,1.0669271943050552,0.20161133679233846,261.294062920832,307.8343213472293,6439.922971691648,0.26958514023375587,0.050942014405471598,269.55848742685665,318.29059359533729,6287.3176049833459,0.0,0.0,9.716001211278809,11.639219459939842,148.10747817736144,0.0,0.0,15.500189185886886,18.22210170202349,393.4958475251805,0.0,0.0,211.62226947873439,252.09251267293667,3893.8707761100724,0.0,0.0,38.07262936287756,45.67906220848451,545.8441954328406,0.0,0.0,135.01572027826706,161.42416247850944,2200.6552246133308,39.2806940873809,26.941491143608297,376.1589213847818,445.58158445419419,8885.874618787933,0.0,0.0,166.30730882649653,198.88285930013496,2692.44969145398,0.0,21.22453685472987,28.884327496319984,20.999999999999994,29.99999999999999,0.0,21.62517452231443,28.268981811919774,15.999999999999993,29.99999999999999,0.0,21.546441746510515,29.22209611122043,20.999999999999994,29.99999999999999,0.0,20.893131127699904,30.23047206465771,15.999999999999993,29.99999999999999,0.0,16.714661804355118,38.2912636907417,11.999999999999995,29.99999999999999,0.0,21.967847342021409,31.99468033680512,18.999999999999994,29.99999999999999,0.0,18.330247294909414,34.50152511332328,9.999999999999997,29.99999999999999,0.0,16.253887861017433,39.44880024916012,15.999999999999993,29.99999999999999,0.0,17.253278935794218,37.020890791546957,15.999999999999993,29.99999999999999,0.0,19.89449641037235,0.0,0.0,0.0,17.182566114483945,0.0,0.0,464.7261501388771,470.1621391778616,516.2252108776625,505.7389654551586,459.57434682428689,714.9875311646878,458.4896990297905,461.3921858589322,461.62483097554397,0.0,83.34376831097241,83.34376831097241,1743.9999999999996,0.0,1743.9999999999996,1743.9999999999996,16.0,16.0,19.0,16.0,16.0,12.0,21.0,10.0,1.0,0.0,0.0,0.0,0.0,0.0,0.0,0.0,0.0,0.0,0.0,0.0,0.0,83.34376831097241,83.34376831097241,0.0,0.0,0.0,83.34376831097241,0.0,0.0,0.0653031111111111 
 02/26  16:40:00,9.05,61.0,5.296666666666667,36.0,308.33333333333339,0.0,0.0,0.0,2.0,0.0,0.0,0.0,0.0,0.0,4.0,221.0,0.0,1025.3357779365766,18.65914679148092,47.813548824047888,30.744231763183558,818.3099643530193,0.0,18.65914679148091,25.508468302578128,0.0,0.0,20.656996902329973,92.11560467831264,22.371573709662927,-601.5022134521062,21.09645872767892,-905.369657278598,20.37633580568928,275.8683685507077,16.552520897899563,26.76935977827277,22.12996746734261,-93.9231164441333,17.870006539180709,99.94157608081973,15.995221455158429,73.83581343207155,17.141612104042708,21.35660768820163,835.1385357432376,454.7781620338676,0.0,0.0,0.0,0.0,0.0,0.0,0.0,0.0,0.0,0.0,0.0,0.0,0.0,0.0,0.0,0.0,0.0,0.0,0.0,0.0,0.0,0.0,1.245585140303181,0.38021524429279049,229.95006176597046,270.7740585615175,5496.746535666314,0.19807360890022278,0.030231014789411305,211.289866432957,248.4582216359546,5190.731740165416,1.001920175197707,0.18932731957628644,263.65600199379278,309.7577298463853,6601.003561274487,0.2576106070064449,0.048679253024649458,267.34023308223927,314.8552215024787,6308.635787833851,0.0,0.0,9.320624871468848,11.138729086733103,144.27132743758006,0.0,0.0,15.916534742427953,18.645431431718067,413.0845340904142,0.0,0.0,208.17161870709226,247.4836424014738,3838.7530071629546,0.0,0.0,37.36570080705427,44.72725404547195,543.2663458868268,0.0,0.0,135.21537841101196,161.30526830812216,2227.945801070729,38.6431342398601,26.50420729757211,423.9073749793969,500.861535463879,10087.337199346903,0.0,0.0,166.07469491818874,198.17385445465863,2712.845348532365,46.98224974349895,21.001251798605514,29.51285266905512,21.00000000000001,30.000000000000015,0.0,21.40460105776701,28.824546733039968,16.000000000000008,30.000000000000015,0.0,21.61342908236623,29.188672053728575,21.00000000000001,30.000000000000015,0.0,20.895990761429226,30.467343237780136,19.000000000000008,30.000000000000015,0.0,16.697604840452777,38.427782511189288,12.000000000000006,30.000000000000015,0.0,22.125305422903744,32.6420980642629,19.000000000000008,30.000000000000015,0.0,18.21271218927066,34.934974909408548,10.000000000000004,30.000000000000015,0.0,16.220216230376715,39.70555786212283,16.000000000000008,30.000000000000015,0.0,17.206535445762908,37.280100538768859,16.000000000000008,30.000000000000015,0.0,19.983810655490495,0.0,0.0,0.0,17.120405525814378,0.0,0.0,477.7156238755085,479.9742348116822,520.9347118676886,518.9100766888114,464.64311367213426,762.4225173494616,467.4705495739185,469.35104048852778,468.90655517609999,7480.908333641591,83.05833239491389,83.05833239491389,1744.0000000000007,0.0,1744.0000000000007,1744.0000000000007,16.0,19.0,19.0,16.0,16.0,12.0,21.0,10.0,1.0,0.0,46.98224974349895,0.0,0.0,0.0,0.0,0.0,0.0,0.0,0.0,0.0,0.0,83.05833239491389,83.05833239491389,0.3400000000000002,0.6158216697315229,0.3602813740196597,83.05833239491389,0.35426478194388769,0.0,0.06627200000000001 
 02/26  16:50:00,8.919999999999999,61.5,5.098333333333334,30.000000000000005,246.66666666666669,0.0,0.0,0.0,2.0,0.0,0.0,0.0,0.0,0.0,4.0,888.0,0.0,837.7997171437412,15.185477138747848,38.91232481770199,25.12104108690183,668.6392896645455,0.0,15.18547713874784,20.759698531881843,0.0,0.0,21.1863319225604,-845.8837259346715,22.362099968563237,-83.68948941220356,21.135510684611373,-888.0201564734734,20.387671237576656,293.54059853464289,16.55188547954468,27.51759214534306,22.07436102460508,-113.05033759052719,17.925650590350139,187.7324345370855,15.982761015817298,66.87768278868805,17.12112429378514,-2.1018313672877868,860.5574618833789,486.55971618265769,0.0,0.0,0.0,0.0,0.0,0.0,0.0,0.0,0.0,0.0,0.0,0.0,0.0,0.0,0.0,0.0,0.0,0.0,0.0,0.0,0.0,0.0,1.1879059590234256,0.3626086566005573,253.76774438975697,298.8002778612154,6526.711627065881,0.2347100943853996,0.035822663978235597,183.0598767391756,215.7665229876392,4612.851086330917,1.1658161173528335,0.2202978301876103,268.2864827637527,316.0672369546443,6800.46209337261,0.2909859632267351,0.05498600968003307,278.5633251255487,328.9764576800196,6654.448467774277,0.0,0.0,10.309111044071619,12.353659902497938,161.97373523776037,0.0,0.0,15.825431338731717,18.599991907005358,414.49109535410397,0.0,0.0,220.018553861988,262.14558197996129,4168.3718559337689,0.0,0.0,38.585133532946937,46.31541357596646,569.3973390025128,0.0,0.0,139.66631004480724,167.07705590135297,2328.0790580839159,38.32002611793236,26.282596788705335,441.0357102560497,522.33752609562,10695.845793799523,0.0,0.0,171.27031672156549,204.95802430429385,2822.6946759525797,1220.680994453975,21.810956039812415,28.34246489553795,21.75,30.0,0.0,21.620321701795726,28.612275278722387,16.0,30.0,0.0,21.63876091822871,29.430092204070467,21.0,30.0,0.0,20.916260135427707,30.610481569208859,19.0,30.0,0.0,16.68569065548462,38.5221428079079,12.0,30.0,0.0,22.12123457927285,32.968404066031258,19.0,30.0,0.0,18.33672492047072,34.887164614437157,10.0,30.0,0.0,16.20030550756112,39.90879427075356,16.0,30.0,0.0,17.17447239739016,37.54289145601883,16.0,30.0,0.0,20.113389739059899,0.0,0.0,0.0,17.0615168717642,0.0,0.0,492.7594037370494,489.419184892375,537.5578164518172,528.96228265194,467.8763635900037,777.4385150506854,478.4027817762181,475.8078463137995,477.3302560616735,7484.877146025325,81.29915622501575,82.99460173296069,1744.0,0.0,1744.0,1744.0,16.0,19.0,19.0,16.0,16.0,12.0,21.0,10.0,1.0,0.0,1220.680994453975,0.0,0.0,0.0,0.0,0.0,0.0,0.0,2565.9215033145298,1539552.9019887178,1992874.9595333844,81.29915622501575,83.0233960261784,0.255530716777151,0.5791212504298254,0.27021103051474468,83.0233960261784,0.2656985864579156,1992874.9595333844,0.17028905345129154 
 02/26  17:00:00,8.79,62.0,4.9,24.0,185.0,0.0,0.0,0.0,2.0,0.0,0.0,0.0,0.0,0.0,4.0,444.0,0.0,625.0951107294877,10.812954178672963,27.707860517207476,18.743187857107477,498.88191092871946,0.0,10.812954178672957,14.782128143706928,0.0,0.0,20.631567801192199,62.949564042916339,22.320212793824628,-546.4881273045394,21.178933793856929,-940.6823912780528,20.411771710241454,313.86441633293546,16.54421326867721,28.264443983632505,21.971504952184167,-89.39157120332675,17.914576878097117,47.98072162561084,15.967904678993257,67.23547255077824,17.09512879472564,4.430585571250049,842.8917906550905,545.8957248563056,0.0,0.0,0.0,0.0,0.0,0.0,0.0,0.0,0.0,0.0,0.0,0.0,0.0,0.0,0.0,0.0,0.0,0.0,0.0,0.0,0.0,0.0,1.308090813274909,0.399295120047286,290.9500754831769,343.0070919079562,7107.87732859147,0.1887031903134846,0.028800853222448808,242.16647276845797,284.8824608627411,6133.1403360632289,1.0599422184143677,0.20029142449251098,276.8260321926481,325.75783929919455,7105.015804976749,0.2750314349286773,0.051971170621443168,282.88482031096199,333.7211844662743,6855.51942853707,0.0,0.0,9.359165017735365,11.208952675112931,149.15448309162316,0.0,0.0,16.040844300907695,18.83271831588486,423.09105330091418,0.0,0.0,221.49258640570566,263.7612842894894,4226.107255000439,0.0,0.0,38.20463176068175,45.825312358595748,572.2252032335143,0.0,0.0,148.65769478888957,177.70470709823497,2506.6871023470059,37.674413952263467,25.839790090715689,495.8012577922309,586.5317330216529,11973.336342663773,0.0,0.0,180.63288602980198,215.97998744330099,3024.2215248609074,0.0,20.919813557843939,29.996551665795605,21.0,30.0,0.0,21.68928945574762,28.694248846813623,16.0,30.0,0.0,21.67480026465327,29.489387463399049,21.0,30.0,0.0,20.96044865175645,30.678534159505167,19.0,30.0,0.0,16.66497250958686,38.76139519420197,12.0,30.0,0.0,22.079473364264666,33.49000123571646,19.0,30.0,0.0,18.271912975110895,35.1812229182774,10.0,30.0,0.0,16.177451274530158,40.213802568037298,16.0,30.0,0.0,17.137399254929229,37.85125292226503,16.0,30.0,0.0,20.038949552304517,0.0,0.0,0.0,17.06182312821654,0.0,0.0,496.06137710634598,500.9599090405213,544.5188023299336,537.1852172527717,476.4018196814303,798.894816029475,485.3501962587669,486.1954194315935,487.1536840819582,0.0,80.97848358781039,80.97848358781039,1744.0,0.0,1744.0,1744.0,16.0,19.0,19.0,16.0,16.0,12.0,21.0,10.0,1.0,0.0,0.0,0.0,0.0,0.0,0.0,0.0,0.0,0.0,0.0,0.0,0.0,80.97848358781039,80.97848358781039,0.0,0.0,0.0,80.97848358781039,0.0,0.0,0.06704711111111111 
 02/26  17:10:00,8.543333333333333,63.0,4.871666666666667,17.999999999999998,123.3333333333333,0.0,4.0,0.0,0.0,0.0,0.0,0.0,0.0,0.0,0.0,892.0,0.0,415.7602724200339,7.875393746548105,20.180428333863565,12.466378475657745,331.8139407775376,0.0,7.8753937465481009,10.766260322570748,0.0,0.0,21.270992624548506,-1243.3664799430904,22.067501459839357,-104.98696190176861,20.854277354530646,-62.45081426046272,20.449815497886119,-72.08563131293565,16.542814569826768,39.84575478875641,21.50967961676794,-624.5155888314706,18.156901291869525,382.7685486663081,15.960298825226499,75.40065459066494,17.081604061185787,22.825170816322726,849.3029242699649,675.8410808595195,0.0,0.0,0.0,0.0,0.0,0.0,0.0,0.0,0.0,0.0,0.0,0.0,0.0,0.0,0.0,0.0,0.0,0.0,0.0,0.0,0.0,0.0,1.263333206325477,0.38563284686369878,410.05907926559987,482.8888729606405,10857.600044813364,0.23216047007780472,0.03543352717915213,161.1910880531957,190.18854550294089,4133.9142477942109,1.258444723556706,0.2378013460991509,198.56852932258324,234.30359211508856,5036.493403857008,0.2807773584852281,0.0530569460478511,19.830229430914885,23.419239408196036,495.75006967859988,0.0,0.0,12.39127709604012,14.852122647201583,203.484499490886,0.0,0.0,109.45340427356705,129.0614191151321,2802.3033425059259,0.0,0.0,344.8293802324591,410.1816703775723,7092.601474376395,0.0,0.0,41.328182628609869,49.61140010724541,638.7932094332216,0.0,0.0,171.39166741195369,205.04946660501504,2969.711309629238,37.88747640397875,25.985923459519044,349.3841034298089,414.1485494584233,8812.18703660072,0.0,0.0,206.39603461557176,246.91505990683673,3581.525451620489,1685.6241177390417,21.857931492948198,28.535660789626939,21.75,30.0,0.0,21.48571446784784,29.207267242563874,16.0,30.0,0.0,21.22446181781307,29.68441220522777,21.0,30.0,0.0,20.930916713111328,33.653822932735838,19.0,30.0,0.0,16.659414850218956,39.25372256614086,12.0,30.0,0.0,21.393797902241965,30.62811216204748,16.0,30.0,0.0,18.784914793691124,35.42047126892895,10.0,30.0,0.0,16.167942815932883,40.83007336440377,16.0,30.0,0.0,17.12159512316331,38.67427749421901,16.0,30.0,0.0,19.948988213909567,0.0,0.0,0.0,17.109370417203328,0.0,0.0,509.7163797539548,510.04237381708938,510.3636787815168,704.6715004422058,496.01438770721816,572.4629071517919,546.6973624834836,509.44016223985047,519.6476590568392,9360.57611295358,81.81554301254484,81.81554301254484,162.0,0.0,162.0,162.0,16.0,19.0,16.0,16.0,16.0,12.0,21.0,10.0,1.0,0.0,1685.6241177390417,0.0,0.0,0.0,0.0,0.0,0.0,0.0,0.0,0.0,0.0,81.81554301254484,81.81554301254484,0.34,0.7706138107476155,0.36028137401965956,81.81554301254484,0.3542647819438875,0.0,0.006264 
 02/26  17:20:00,8.296666666666667,64.0,4.843333333333334,11.999999999999999,61.66666666666665,0.0,4.0,0.0,0.0,0.0,0.0,0.0,0.0,0.0,0.0,446.0,0.0,221.25313169053306,5.122506154151202,13.12623179829447,6.634173002900649,176.57982648388893,0.0,5.122506154151199,7.002854274268595,0.0,0.0,21.340164541607345,-1331.7650195159095,22.073479235084194,-101.43223308336155,20.708987893707588,188.12664428348399,20.41522312846224,-78.4675000600451,16.543540569299944,41.68767987685936,20.970740700447736,-382.7509449109332,18.254977794759208,182.1700956997438,15.966766627977549,81.56993880934704,17.089213401164395,36.029306035837638,840.0896578968277,774.0383648273632,0.0,0.0,0.0,0.0,0.0,0.0,0.0,0.0,0.0,0.0,0.0,0.0,0.0,0.0,0.0,0.0,0.0,0.0,0.0,0.0,0.0,0.0,1.2736907034147494,0.38879447601182828,347.7324893266751,409.0579806787771,9421.542450196783,0.23434494224708864,0.03576693257739448,89.00143150280262,104.80517596217347,2379.2582781083194,1.4321314019430478,0.27062195803912478,219.0107362192379,258.2114943243776,5626.069388874941,0.28118558733938317,0.05313408679882521,15.451265407933083,18.22052850057503,393.0507185864937,0.0,0.0,11.852558888759738,14.1929930436477,200.5203141201781,0.0,0.0,93.22476386469171,110.07955485776327,2314.4668752912768,0.0,0.0,346.93525543901708,412.27741626847986,7355.274824053402,0.0,0.0,43.11288415345891,51.70330396285512,689.4400489029586,0.0,0.0,183.028621430678,218.76936444735964,3270.9317809251717,38.11187816096566,26.139834129606088,283.8128849811961,336.34831120625986,7352.639562734703,0.0,0.0,220.20120732022643,263.1818184680746,3948.677980552556,1607.2547972561034,21.918606034033365,28.39341969615993,22.0,30.0,0.0,21.728004260398948,28.74996872128268,16.0,30.0,0.0,21.132919213330298,29.853505594702207,21.0,30.0,0.0,20.846547813181766,37.54985861249813,19.0,30.0,0.0,16.65694989002924,39.79898694852825,12.0,30.0,0.0,20.742545690009256,31.18666701325052,16.0,30.0,0.0,18.857853164157406,34.8560981493929,10.0,30.0,0.0,16.18496217131785,41.48003483459678,16.0,30.0,0.0,17.143925931268343,39.07344844598063,16.0,30.0,0.0,19.717882894135366,0.0,0.0,0.0,17.16121544817389,0.0,0.0,508.13977334161447,509.1697464472255,511.01679244165896,919.016272936336,518.1073689003634,537.703611052809,529.2463881444841,536.5089024185519,538.5227427474833,9100.88920682679,81.98729719100217,81.98729719100217,162.0,0.0,162.0,162.0,16.0,19.0,16.0,16.0,16.0,12.0,21.0,10.0,1.0,0.0,1607.2547972561034,0.0,0.0,0.0,0.0,0.0,0.0,0.0,0.0,0.0,0.0,81.98729719100217,81.98729719100217,0.34,0.771172151841963,0.36028137401965956,81.98729719100217,0.3542647819438875,0.0,0.00621 
 02/26  17:30:00,8.049999999999999,65.0,4.815,0.0,0.0,0.0,4.0,0.0,0.0,0.0,0.0,0.0,0.0,0.0,0.0,446.0,0.0,0.0,0.0,0.0,0.0,0.0,0.0,0.0,0.0,0.0,0.0,20.89173038359143,-322.31071761639398,21.73319256882629,-457.24554995998076,20.601291023955498,52.41436457934424,20.396467378362816,-72.43019862953108,16.530991251209377,35.796918796133727,20.605100217623258,-289.59626793238706,18.151021872469408,125.67412484527722,15.958890089937097,70.25857748814554,17.075340814958808,6.42036908724549,689.4974235009408,751.4738015087855,0.0,0.0,0.0,0.0,0.0,0.0,0.0,0.0,0.0,0.0,0.0,0.0,0.0,0.0,0.0,0.0,0.0,0.0,0.0,0.0,0.0,0.0,1.3253583269896455,0.4045660338796232,241.01803397010549,284.17303939343688,6341.278403874736,0.23050219026258324,0.03518043196925874,133.0473514564979,156.86311783870813,3521.0192721647315,1.4269728063302605,0.26964716672907426,182.8276750396427,215.7010592915476,4748.212236526913,0.23423402022496735,0.04426190858370507,12.0064572454399,14.145375893194153,310.96874881167357,0.0,0.0,10.851517090645089,12.994514910762446,188.4733760912752,0.0,0.0,79.79850795752802,94.32447724660537,1966.4174884590544,0.0,0.0,320.42934245995687,381.09212470757799,6811.420312647251,0.0,0.0,41.46855273289853,49.73767037504203,682.9530374952482,0.0,0.0,171.2436552161118,204.72509958866108,3138.463530434896,38.03767772257068,26.08894219655054,182.76330963128965,216.9705868584129,4927.452905501738,0.0,0.0,206.74216424178045,247.2989776167229,3730.894106737077,220.93534797035876,21.20753761396667,29.677959790736467,21.0,30.0,0.0,21.32847872878476,29.432876968776705,16.0,30.0,93.12956892662024,21.005022543533227,30.525697158041337,21.0,30.0,0.0,20.809877550954007,40.38922656873063,19.0,30.0,0.0,16.6324279499876,39.97995624168302,12.0,30.0,0.0,20.397851472856336,31.68107300111855,16.0,30.0,0.0,18.63134688139093,35.25629616942172,10.0,30.0,0.0,16.173952879605929,41.38563727027818,16.0,30.0,0.0,17.12271020526603,38.91058782991787,16.0,30.0,0.0,19.205777098497604,0.0,0.0,0.0,16.963939612850646,0.0,0.0,510.19787244211917,510.04133536043306,537.0570466344723,1079.5844914822959,523.597676087282,529.9996453353347,526.0084975529138,532.7584825350266,530.9058356505731,4583.720675233491,82.06575703087944,82.06575703087944,162.0,0.0,162.0,162.0,16.0,19.0,16.0,16.0,16.0,12.0,21.0,10.0,1.0,0.0,220.93534797035876,0.0,93.12956892662024,0.0,0.0,0.0,0.0,0.0,0.0,0.0,0.0,82.06575703087944,82.06575703087944,0.17,0.30882931524846898,0.18014068700982978,82.06575703087944,0.17713239097194376,0.0,0.006156 
 02/26  17:40:00,7.803333333333333,66.0,4.786666666666667,0.0,0.0,0.0,4.0,0.0,0.0,0.0,0.0,0.0,0.0,0.0,0.0,896.0,0.0,0.0,0.0,0.0,0.0,0.0,0.0,0.0,0.0,0.0,0.0,21.260514680538106,-896.6588498915667,21.624738663269093,66.01261869222958,21.120041581760178,-620.5202744286683,20.391863811041497,-61.39796227506196,16.529056057613056,34.85869456321011,20.351139680186728,-261.45361646865868,18.146849852095089,172.0325688331459,15.939396405006267,55.27108713957631,17.04214563280329,-37.22985984527077,828.6320874063672,779.7093247769183,0.0,0.0,0.0,0.0,0.0,0.0,0.0,0.0,0.0,0.0,0.0,0.0,0.0,0.0,0.0,0.0,0.0,0.0,0.0,0.0,0.0,0.0,1.4215153740298643,0.4339180018406179,320.3097175224766,377.21835036533607,8866.195139964035,0.30231024355633048,0.046140147062932009,220.19958368784706,259.6635543662064,5937.582621019701,1.2896790945206527,0.24370353260027456,146.86850931753356,172.9535864814585,4149.002204393557,0.2783337372211818,0.052595188439376747,19.372425281922547,22.85612848734955,508.38098434491078,0.0,0.0,11.146971628695159,13.362359358838571,198.75669113828517,0.0,0.0,79.83262331888936,94.55721133373388,1966.9655123817943,0.0,0.0,320.834622721389,381.9212413709755,6985.609342600494,0.0,0.0,40.787612246954839,48.97276196635147,689.4310113589817,0.0,0.0,169.52663344162193,202.8940963428223,3172.861646876863,38.3363769858486,26.29381137575351,258.8066321913316,306.89997248080547,7016.907024515536,0.0,0.0,204.14953913527067,244.58227096115938,3708.9987637329479,1133.7998629983122,21.72582462546279,29.03967399802832,21.75,30.0,0.0,21.33814743480794,29.650856847046517,21.0,30.0,1291.7107210209775,21.877422875179066,28.8046128852762,21.5,30.0,0.0,20.79737803207702,40.74583752897786,19.0,30.0,0.0,16.61505038144597,40.03453522785793,12.0,30.0,0.0,20.134251291534473,32.11510236079937,16.0,30.0,0.0,18.643242140375415,35.22047625158677,10.0,30.0,0.0,16.141956136159427,41.34554823056547,16.0,30.0,0.0,17.068667759504643,38.9355774209419,16.0,30.0,0.0,19.52309173554148,0.0,0.0,0.0,16.773289014728876,0.0,0.0,529.1180812834259,524.2619834108261,531.851561892273,1101.3323203339365,524.7623153200036,526.6182243114076,527.0478765713677,528.7720771610492,527.3185933078712,7069.529056887954,82.09091034815795,83.78986075740795,162.0,0.0,162.0,162.0,21.0,19.0,16.0,16.0,16.0,12.0,21.0,10.0,1.0,0.0,1133.7998629983122,0.0,1291.7107210209775,0.0,0.0,0.0,0.0,0.0,2571.220659569477,1542732.3957416863,1999697.0607731308,82.09091034815795,83.8187145754853,0.2557073553189826,0.5760504628706082,0.27021103051474468,83.8187145754853,0.2656985864579156,1999697.0607731308,0.1100862471602028 
 02/26  17:50:00,7.556666666666667,67.0,4.758333333333334,0.0,0.0,0.0,4.0,0.0,0.0,0.0,0.0,0.0,0.0,0.0,0.0,450.0,0.0,0.0,0.0,0.0,0.0,0.0,0.0,0.0,0.0,0.0,0.0,21.198484003607015,-449.53808500348807,21.553931974061,-317.96781068290786,20.56434851930797,-234.7375252354841,20.390190819014454,-70.7228877217201,16.530874716159425,32.69609587039125,20.132854466396574,-212.0062902641139,18.101019665140958,100.96013057602886,15.910437847966027,51.68543081797429,16.990924043751265,-41.03770337302785,803.2202837387754,835.6228584332853,0.0,0.0,0.0,0.0,0.0,0.0,0.0,0.0,0.0,0.0,0.0,0.0,0.0,0.0,0.0,0.0,0.0,0.0,0.0,0.0,0.0,0.0,1.4230117371634537,0.4343747671439114,261.3148396007523,307.72728921325088,7320.061524145842,0.2674878034152066,0.04082536682161273,194.84280851405397,229.63827026226785,5337.798588313193,1.3926853214775404,0.26316805016582409,166.82135159330165,196.79482923175346,4483.092980565087,0.25648493938001468,0.04846654183295816,16.602474374490478,19.571488916124666,444.16585609290555,0.0,0.0,10.63769870202762,12.74185858797357,194.76787169362155,0.0,0.0,74.54740824609611,88.28785873222441,1840.872985811882,0.0,0.0,317.633088613967,377.922854667671,7008.277692712481,0.0,0.0,40.88561142206352,49.05524402581035,707.8720383640959,0.0,0.0,172.5703511930544,206.41391921173733,3289.9058608172579,38.13307302650412,26.15437107441985,200.88006076648913,238.56156919448547,5524.4671929599739,0.0,0.0,207.58573340419432,248.57249587799988,3832.223198804828,896.9137101913023,21.615081470376397,29.27916363821418,21.5,30.0,0.0,21.317942427675349,29.89022879899275,21.0,30.0,159.5584436900169,20.94440517701201,30.76178519361899,21.0,30.0,0.0,20.786590458677276,41.011450894673888,19.0,30.0,0.0,16.603473450679507,40.064039063592648,12.0,30.0,0.0,19.903801187282505,32.56726177402693,16.0,30.0,0.0,18.53525371717239,35.456816658088097,10.0,30.0,0.0,16.09531547433835,41.387735619177949,16.0,30.0,0.0,16.99008481614529,39.09254820423985,16.0,30.0,0.0,19.100218630160247,0.0,0.0,0.0,16.667377426827686,0.0,0.0,531.9837467692086,537.7542617124024,547.8822365784187,1118.3349024397333,525.8465056857233,527.3013744437587,527.7579230284662,526.6758478204608,526.7538378152021,9966.309133770304,81.41500269464537,81.41500269464537,162.0,0.0,162.0,162.0,21.0,19.0,16.0,16.0,16.0,12.0,21.0,10.0,1.0,0.0,896.9137101913023,0.0,159.5584436900169,0.0,0.0,0.0,0.0,0.0,0.0,0.0,0.0,81.41500269464537,81.41500269464537,0.34,0.7716236021605412,0.36028137401965956,81.41500269464537,0.3542647819438875,0.0,0.006093 
 02/26  18:00:00,7.31,68.0,4.73,0.0,0.0,0.0,4.0,0.0,0.0,0.0,0.0,0.0,0.0,0.0,0.0,1125.0,0.0,0.0,0.0,0.0,0.0,0.0,0.0,0.0,0.0,0.0,0.0,21.128634629636353,-77.62846664598547,21.79598880673082,-591.7199248866939,21.016009255917774,-668.1895124503974,20.388392086858468,-59.84077581882477,16.53442908557733,28.188967640418718,19.96900980862901,-211.554343937165,18.02746495146309,100.03580801192294,15.881691417940165,35.94723274822227,16.940170576888109,-83.42791845305747,886.9857285883074,812.2343309628197,0.0,0.0,0.0,0.0,0.0,0.0,0.0,0.0,0.0,0.0,0.0,0.0,0.0,0.0,0.0,0.0,0.0,0.0,0.0,0.0,0.0,0.0,1.4884085521512445,0.45433716488133238,343.69955919652366,405.69037521475766,9570.068664625935,0.2595654987780308,0.03961622386722082,158.11196778044229,186.07310182372749,4546.473725258087,1.3344918008088845,0.2521715421029639,171.9677635838026,202.766715923768,4998.92989040865,0.26622672531350158,0.050307393294312458,15.19813753318237,17.944106633291566,414.79957066118848,0.0,0.0,10.370691988452183,12.436539499352883,194.83923306765636,0.0,0.0,72.95125792918182,86.5397976642894,1815.9002676953649,0.0,0.0,308.4146231615688,367.5528304277091,6877.098245261275,0.0,0.0,39.34854484127498,47.27507349226009,697.2739766134662,0.0,0.0,166.4522610845079,199.38829986832213,3230.595091449884,38.26213664242681,26.24289207299508,276.1556457395522,327.85101835251467,7700.307728002983,0.0,0.0,199.8752802286545,239.80700021092799,3704.2164266277475,0.0,21.267388879554006,30.08202892109046,21.0,30.0,1050.8180371574504,21.698300458742588,29.345831630022674,21.6,30.0,1138.7616288214213,21.668491945491814,29.469261888176644,21.4,30.0,0.0,20.78262062166245,41.601250805436297,19.0,30.0,0.0,16.59465611133127,40.08777237140842,12.000000000000002,30.0,0.0,19.75228311691069,32.876843629664808,16.0,30.0,0.0,18.40218139847218,35.780077119232277,10.0,30.0,0.0,16.04950294141121,41.50365157966918,16.0,30.0,0.0,16.91264296278488,39.28507190543597,16.0,30.0,0.0,19.56112937475278,0.0,0.0,0.0,16.45020131963678,0.0,0.0,545.0081482249216,548.2558458208278,552.3840774122742,1154.0669369778439,526.8196039550627,528.6731431171924,530.7787201994989,527.6894106436733,528.2279075094249,7727.6762273976869,81.61803797298617,83.00385572730264,162.0,0.0,162.0,162.0,21.0,19.0,16.0,16.0,16.0,12.0,21.0,10.0,1.0,0.0,0.0,1050.8180371574504,1138.7616288214213,0.0,0.0,0.0,0.0,0.0,2097.2797174516019,1258367.830470961,1630997.664946239,81.61803797298617,83.02739151337016,0.2739093239150534,0.6156167386927194,0.28822509921572767,83.02739151337016,0.28341182555511,1630997.664946239,0.09089587857720445 
 02/26  18:10:00,7.1466666666666669,68.66666666666667,4.758333333333334,0.0,0.0,0.0,0.0,0.0,0.0,0.0,0.0,4.0,0.0,0.0,0.0,678.0,0.0,0.0,0.0,0.0,0.0,0.0,0.0,0.0,0.0,0.0,0.0,20.901663307231979,108.30401501049316,21.78602238868045,-101.97028285469246,21.247694625326937,-2091.6741186702377,20.357588076251923,341.4867404654732,16.53776917659311,25.551507711927799,19.80490527339449,-187.06518615893328,17.97318919445059,89.9964823537272,16.47901376991649,-29.94472308660026,16.8699428910987,-98.79745529177368,901.2141178787106,841.1875978116023,0.0,0.0,0.0,0.0,0.0,0.0,0.0,0.0,0.0,0.0,0.0,0.0,0.0,0.0,0.0,0.0,0.0,0.0,0.0,0.0,0.0,0.0,1.546749626114162,0.4721457955171436,231.2050202039797,272.65415529359316,6501.867155281914,0.21702705687015406,0.033123787678594949,19.83842371502987,23.329672482076398,584.8525511694298,1.3042540697716747,0.24645768514203987,414.0680685473395,486.79350532150047,12177.796454498126,0.30219369804114679,0.05710387340157723,229.92074741738953,271.12333535956989,6293.241248643748,0.0,0.0,10.067495154173836,12.067860296109032,192.3177273627124,0.0,0.0,71.2842904550376,84.57051550808626,1774.9964887873462,0.0,0.0,302.856471703188,360.8765673087098,6801.494654754879,0.0,0.0,33.760562593103639,40.45380660799703,658.8892697697843,0.0,0.0,168.41601245505385,201.71441738919163,3288.930046679237,38.38433351083924,26.326703368202513,381.94870472366247,452.29697009159556,10550.690942859264,0.0,0.0,197.82751662815469,237.38532784838018,3664.3607590577196,0.0,21.186066270726685,31.12998696016828,21.0,30.0,0.0,21.834449942062368,32.1524839541733,21.0,30.0,2819.04251679731,21.873399025854554,30.672058007134923,21.666666666666666,30.0,0.0,20.815207797264038,33.55003255610835,16.0,30.0,0.0,16.58608765947673,40.12496262938822,12.0,30.0,0.0,19.58472098769386,33.27890824660984,16.0,30.0,0.0,18.31362833874898,36.02629495503029,10.0,30.0,874.0004877064862,16.938058883191457,39.28716225898809,16.666666666666669,30.0,0.0,16.804611309945046,39.5817296468842,16.0,30.0,0.0,19.5778590445495,0.0,0.0,0.0,16.275500477138125,0.0,0.0,599.1008164734452,723.6402985115575,652.2521999867327,697.3784291247736,528.7694730093909,533.1282554432852,534.13728977564,529.8739815777642,530.7182700103945,8191.974414261693,82.58794800945681,85.04145567232155,240.0,0.0,240.0,240.0,21.0,16.0,16.0,16.0,16.0,12.0,21.0,10.0,1.0,0.0,0.0,0.0,2819.04251679731,0.0,0.0,0.0,874.0004877064862,0.0,3712.8759419245586,2227725.565154735,2897546.47650521,82.58794800945681,85.08312437752345,0.35042919806415198,0.767039915759782,0.36028137401965956,85.08312437752345,0.3542647819438875,2897546.47650521,0.15967241677827097 
 02/26  18:20:00,6.983333333333334,69.33333333333334,4.786666666666667,0.0,0.0,0.0,0.0,0.0,0.0,0.0,0.0,4.0,0.0,0.0,0.0,904.0,0.0,0.0,0.0,0.0,0.0,0.0,0.0,0.0,0.0,0.0,0.0,21.248268451702896,-989.646065674428,21.832671904722575,-134.02483655690558,20.795020630973057,-282.26990412218358,20.391658672601744,96.98954283218223,16.543004156332949,24.471098190892748,19.67307888336606,-169.28496326473488,17.974606938419343,131.30842073149734,16.68163121848393,-46.37904683995913,16.796218059315707,-131.64664115624556,850.7282583692634,887.7905413099129,0.0,0.0,0.0,0.0,0.0,0.0,0.0,0.0,0.0,0.0,0.0,0.0,0.0,0.0,0.0,0.0,0.0,0.0,0.0,0.0,0.0,0.0,1.4725321413927073,0.4494908856510096,265.73960352368348,313.03755103921938,7783.1961324401,0.16618083390748376,0.025363375138504848,25.4828615065993,29.96618989124161,761.9756580145112,1.5109882117737288,0.28552309368362235,275.73189015472237,325.7137043915866,7782.205718034243,0.3252166859462985,0.061454400216609677,186.92417064133094,220.8719658425727,5184.370806070991,0.0,0.0,10.112459359397397,12.1258349044169,196.43604502760025,0.0,0.0,67.87582963424524,80.59179834883226,1696.7188700261773,0.0,0.0,304.69736487402676,363.1272211781634,6955.468459344847,0.0,0.0,21.51616420715845,25.73487099177612,448.4664258678673,0.0,0.0,181.57087033404293,217.61962194309155,3565.873424100787,38.53572333142127,26.430537264349306,280.23856764130388,332.9017246308075,7912.167308505236,0.0,0.0,200.76428824051056,241.06301905294999,3740.2699251948617,1408.7794600244975,21.67699704587537,30.774104184544926,21.75,30.0,0.0,21.962316465953238,34.82079778006435,21.0,30.0,0.0,21.091366045392804,32.005886921682407,21.0,30.0,0.0,20.870235016239169,32.616380882458617,16.0,30.0,0.0,16.582224737498593,40.22704365102061,12.0,30.0,0.0,19.464156619322688,33.77655486673372,16.0,30.0,0.0,18.334673263192255,36.48099416809808,10.0,30.0,0.0,17.31113601944834,38.39368004691413,16.0,30.0,0.0,16.693049420163019,40.04740949725107,16.0,30.0,0.0,19.207288499970539,0.0,0.0,0.0,16.160343785932345,0.0,0.0,634.7534477351385,889.3490689358578,640.9639095060832,649.5230315704836,533.9835267187061,547.3289871799332,560.620129963957,533.880682141299,540.2459696035164,7972.098297989047,82.73360388397799,82.73360388397799,240.0,0.0,240.0,240.0,21.0,16.0,16.0,16.0,16.0,12.0,21.0,10.0,1.0,0.0,1408.7794600244975,0.0,0.0,0.0,0.0,0.0,0.0,0.0,0.0,0.0,0.0,82.73360388397799,82.73360388397799,0.34,0.7698278327175719,0.36028137401965956,82.73360388397799,0.3542647819438875,0.0,0.00896 
 02/26  18:30:00,6.82,70.0,4.815,0.0,0.0,0.0,0.0,0.0,0.0,0.0,0.0,4.0,0.0,0.0,0.0,452.0,0.0,0.0,0.0,0.0,0.0,0.0,0.0,0.0,0.0,0.0,0.0,21.37148220076952,-1338.6817515733292,21.847438325700769,-159.57395170719514,21.060805359008506,-377.41266998467929,20.230156899026708,172.8798124477912,16.55141457184795,24.442859507065749,19.5511417803713,-149.37693956414365,17.983908031499668,104.5575572600028,16.346444321787808,-26.422676161790606,16.725524638076196,-112.48021404637211,821.7089491950164,953.8115121196479,0.0,0.0,0.0,0.0,0.0,0.0,0.0,0.0,0.0,0.0,0.0,0.0,0.0,0.0,0.0,0.0,0.0,0.0,0.0,0.0,0.0,0.0,1.4674810990478476,0.4479490534334089,266.0328026511118,313.0522507488754,7950.837897406816,0.1485212221107613,0.022668074192729139,27.369090990738948,32.13238135669097,830.1589737335296,1.5892371505597574,0.30030936329549476,246.12241686811053,289.58859747670547,7321.915946554842,0.3514052785929968,0.06640311386866907,229.28649692092893,270.6696275294923,6318.798645100389,0.0,0.0,10.01582791991176,11.998986212095368,197.95208678929724,0.0,0.0,64.37431134083974,76.39054896973396,1616.4017559718878,0.0,0.0,313.05739118974227,372.7429791834791,7251.296976736234,0.0,0.0,24.84500299779512,29.74600888480841,496.13587167272376,0.0,0.0,187.56283072455779,224.67589463199159,3710.445798826203,38.718331162531068,26.555782690350534,261.87491630794445,310.8110890328514,7431.900801257114,0.0,0.0,210.56340813372624,252.61273593208194,3982.419087640723,1597.4952356736763,21.81835537422397,30.437254385020336,22.0,30.0,0.0,22.03181672737666,35.958332383650859,21.0,30.0,1150.9504677893188,21.672331296538859,30.633801711578337,21.5,30.0,0.0,20.621553405406489,32.914630597067887,16.0,30.0,0.0,16.58490123570185,40.456588403954039,12.0,30.0,0.0,19.34983624942109,34.24443249314511,16.0,30.0,0.0,18.337515846979309,36.64710887208621,10.0,30.0,0.0,16.70168732606343,40.17749588876282,16.0,30.0,0.0,16.594452506839994,40.61671650577905,16.0,30.0,0.0,19.1781957800608,0.0,0.0,0.0,16.134744951237324,0.0,0.0,630.3739288864931,958.6637194509815,625.6770519092877,637.7687097336175,545.7959462702768,560.6554949942131,569.9486974574427,547.3057542853717,555.385284097722,7950.539816578593,82.74741616277936,86.2106886222669,240.0,0.0,240.0,240.0,21.0,16.0,16.0,16.0,16.0,12.0,21.0,10.0,1.0,0.0,1597.4952356736763,0.0,1150.9504677893188,0.0,0.0,0.0,0.0,0.0,5241.276355762221,3144765.8134573327,4100598.590920941,82.74741616277936,86.26950648590453,0.3447092118587407,0.7680159865739042,0.36028137401965956,86.26950648590453,0.3542647819438875,4100598.590920941,0.2221511267278889 
 02/26  18:40:00,6.656666666666666,70.66666666666667,4.843333333333334,0.0,0.0,0.0,0.0,0.0,0.0,0.0,0.0,4.0,0.0,0.0,0.0,1808.0,0.0,0.0,0.0,0.0,0.0,0.0,0.0,0.0,0.0,0.0,0.0,21.23402409429892,-613.5647983486538,21.830149165674937,-184.19052232300326,21.015627694767198,-1000.8462318606564,20.267303805214547,340.4869375572049,16.55980568599134,21.837580535417268,19.456285478933695,-144.4612323461946,17.925421126880026,75.14175577328774,17.222733319623154,-49.05077309669395,16.674260374800924,-144.44053591955697,828.1158303075036,942.3581683240232,0.0,0.0,0.0,0.0,0.0,0.0,0.0,0.0,0.0,0.0,0.0,0.0,0.0,0.0,0.0,0.0,0.0,0.0,0.0,0.0,0.0,0.0,1.5264509968734786,0.465949632745262,146.6436177880568,172.94834836824118,4372.532195113101,0.136828697235515,0.02088350079907128,30.737474763641523,36.1567210002954,941.5672440794519,1.5232814368063148,0.2878460764940127,269.10592206165878,317.34600908129979,8016.468002801794,0.359083976548505,0.06785411499404855,282.0356320604248,333.5295631151902,7919.641658539937,0.0,0.0,9.811430436440068,11.77067317829394,197.15887089317264,0.0,0.0,65.08675486164832,77.35931807973728,1646.2252493507479,0.0,0.0,305.9099902531681,364.9214584783292,7119.580786587545,0.0,0.0,19.904907323560914,23.77118629929541,453.7245966897494,0.0,0.0,194.27059486180054,233.09533005764818,3881.5554970970845,38.900406472732928,26.680662875674164,278.93535805826437,331.6021397151242,7980.90143438473,0.0,0.0,205.68448780947348,247.25926545829425,3903.9600065511415,777.3205408541849,21.499877236674118,31.32007930106892,21.375,30.0,0.0,22.038781369608619,36.005647965491927,21.0,30.0,1234.519186898166,21.504100403618588,30.74327734945411,21.375,30.0,0.0,20.73288774053958,32.399911530028827,16.0,30.0,0.0,16.587035982614578,40.659202581956929,12.0,30.0,0.0,19.277975463364617,34.77076186350755,19.0,30.0,0.0,18.225251256839728,37.318799561990328,10.0,30.0,1333.13338795408,18.054696365934594,37.16939493713275,20.7,30.0,0.0,16.528828124512587,41.18869275547409,16.0,30.0,0.0,19.154799994987525,0.0,0.0,0.0,16.00150210948192,0.0,0.0,643.434922812333,960.2550905854444,614.150389869553,622.7280994632278,555.8838697335003,580.4328037017431,590.4112681132699,560.5802599328313,574.3525376192019,9523.718762372131,81.70761957928842,83.50921694459027,240.0,0.0,240.0,240.0,21.0,16.0,19.0,16.0,19.7,12.0,21.0,10.0,1.0,0.0,777.3205408541849,0.0,1234.519186898166,0.0,0.0,0.0,1333.13338795408,0.0,2726.4020238233526,1635841.2142940115,2128487.4525172796,81.70761957928842,83.53981404874588,0.34588006746077845,0.7682204519950718,0.36028137401965956,83.53981404874588,0.3542647819438875,2128487.4525172796,0.11956134753089853 
 02/26  18:50:00,6.493333333333333,71.33333333333333,4.871666666666667,0.0,0.0,0.0,0.0,0.0,0.0,0.0,0.0,4.0,0.0,0.0,0.0,1130.0,0.0,0.0,0.0,0.0,0.0,0.0,0.0,0.0,0.0,0.0,0.0,21.277923117754555,-859.7642157997859,21.802415179822405,-191.14334859411756,21.01276556542988,-524.301315218116,20.277170489334027,135.05160440260009,16.567488327143125,20.166256017892147,19.34994642035327,-144.3662286959223,17.86901977955697,54.494802554470158,18.334512274195924,-151.22836070296183,16.5988366414999,-150.51912376895525,815.1096171940059,1025.6474278462816,0.0,0.0,0.0,0.0,0.0,0.0,0.0,0.0,0.0,0.0,0.0,0.0,0.0,0.0,0.0,0.0,0.0,0.0,0.0,0.0,0.0,0.0,1.500860542625897,0.4581381387746939,183.02683173069574,215.64313047797089,5503.934532307483,0.12203586224556828,0.018625742100971969,31.65525999621553,37.224781510653247,978.8261635858303,1.569935695752556,0.29666207402731617,230.9193213761334,272.43063611567768,6888.698958114236,0.34544423818757016,0.06527668899991876,228.42482116064114,270.1612716808574,6495.99598926512,0.0,0.0,9.785019918274554,11.735632159399933,199.90503772236696,0.0,0.0,65.30046130672506,77.61645527913388,1660.446944240487,0.0,0.0,304.66742045951215,363.4504174011941,7132.131073820662,0.0,0.0,31.35362114579941,37.13849890507632,848.8605249477512,0.0,0.0,206.94821643334363,248.33287258167676,4160.272141632959,38.94759516052592,26.7130282308134,246.353912841747,292.9200571936441,7210.503656837323,0.0,0.0,211.43460222216278,254.11735213268603,4065.0511672145437,920.1965901702449,21.484558567355628,31.143428618895997,21.4,30.0,0.0,22.027552686592029,35.89636805415112,21.0,30.0,770.7434893070013,21.341754380295403,31.128577584617287,21.200000000000004,30.0,0.0,20.740743720791284,32.344160529927638,16.0,30.0,0.0,16.588614299523568,40.97765384946947,12.000000000000002,30.0,0.0,19.176526274194843,35.37119848331018,19.0,30.0,0.0,18.12535945068458,37.78511493902422,10.0,30.0,1253.5267141981513,19.935553321128184,33.40336922619609,20.7,30.0,0.0,16.421390494497787,41.83061389521617,16.0,30.0,0.0,19.08398704692114,0.0,0.0,0.0,15.957385970811611,0.0,0.0,632.9682228513573,951.4255750954075,618.3206939049562,620.4805556183961,570.9997023305706,600.3900483375244,601.9215391798061,582.0506030367603,590.3952866100441,9402.261427063091,81.78800238103078,81.78800238103081,240.0,0.0,240.0,240.0,21.0,16.0,19.0,16.0,19.7,12.0,21.0,10.0,1.0,0.0,920.1965901702449,0.0,770.7434893070013,0.0,0.0,0.0,1253.5267141981513,0.0,0.0,0.0,0.0,81.78800238103078,81.78800238103078,0.34,0.7705189157493897,0.36028137401965956,81.78800238103078,0.35426478194388757,0.0,0.00892 
 02/26  19:00:00,6.33,72.0,4.9,0.0,0.0,0.0,0.0,0.0,0.0,0.0,0.0,4.0,0.0,0.0,0.0,678.0,0.0,0.0,0.0,0.0,0.0,0.0,0.0,0.0,0.0,0.0,0.0,21.49601986666562,-1390.5248186091745,21.774605726264299,-164.64055322021256,21.040015501377135,-200.35440206029993,20.21166095469482,249.2081702317933,16.57618270799012,20.92898937912345,19.24125741169135,-143.22760917232589,17.849809240236938,87.55069028328527,18.71049302700554,-236.7714908162116,16.545227390095115,-128.7132442967966,866.7511858907735,1119.6399138046209,0.0,0.0,0.0,0.0,0.0,0.0,0.0,0.0,0.0,0.0,0.0,0.0,0.0,0.0,0.0,0.0,0.0,0.0,0.0,0.0,0.0,0.0,1.4674288957916569,0.4479331183735221,260.1590031961588,306.07920859197307,8079.553991967639,0.15329486535853235,0.023396652221998237,27.696465405570949,32.55813197136756,866.4297451071255,1.602101680821035,0.3027403024983063,266.89727788421899,314.7922194837882,7991.5851873284959,0.368361780919056,0.06960729042310209,274.0181787313561,323.920174560343,7834.34016608423,0.0,0.0,10.10317155500144,12.110603474093175,209.860808445234,0.0,0.0,64.25592238901815,76.37109151853132,1641.6358885173073,0.0,0.0,309.49776024394319,369.047803990177,7338.646154116817,0.0,0.0,43.281481056580798,51.19188625326524,1219.9995567306719,0.0,0.0,214.62407566866728,257.4715719166667,4359.165561574241,39.20083321156348,26.886716880359069,282.4450276380539,335.57150358080596,8267.140247135329,0.0,0.0,220.2462881922488,264.5327345357583,4329.142945847537,1657.4451223879153,21.89351763670262,30.088024118108469,22.000000000000019,30.00000000000002,0.0,22.01730737519117,36.04434570194132,21.000000000000015,30.00000000000002,0.0,21.31165025431909,31.08971573200578,21.000000000000015,30.00000000000002,0.0,20.659621966658248,32.52193133485433,16.000000000000015,30.00000000000002,0.0,16.593422331194835,41.237370655780548,12.00000000000001,30.00000000000002,0.0,19.066337636497268,35.67870515315955,19.000000000000015,30.00000000000002,0.0,18.11016464464352,37.83768096273366,10.000000000000007,30.00000000000002,719.1834579588833,20.46249338312817,32.60507808842937,20.36666666666668,30.00000000000002,0.0,16.357057471024079,42.17630055481763,16.000000000000015,30.00000000000002,0.0,19.1740345126933,0.0,0.0,0.0,16.00729238863329,0.0,0.0,618.3802966958476,957.9740627030897,613.8092422056454,621.4464834226864,583.7078101971556,604.5415788373492,603.7581247759293,598.1708072954398,598.2011121992383,9514.173852554948,81.71385816041841,84.1019384778169,240.00000000000018,0.0,240.00000000000018,240.00000000000018,21.0,16.0,19.0,16.0,19.7,12.0,21.0,10.0,1.0,0.0,1657.4451223879153,0.0,0.0,0.0,0.0,0.0,719.1834579588833,0.0,3613.9682262838039,2168380.9357702808,2806603.7423644459,81.71385816041841,84.14249600948891,0.3471322742094603,0.7700012606084816,0.3602813740196598,84.14249600948891,0.3542647819438878,2806603.7423644459,0.15490339460295117 
 02/26  19:10:00,6.24,72.5,4.936666666666667,0.0,0.0,0.0,0.0,1.0,2.0,0.0,0.0,4.0,0.0,0.0,0.0,678.0,0.0,0.0,0.0,0.0,0.0,0.0,0.0,0.0,0.0,0.0,0.0,21.602746326573525,-929.5543731176456,21.74562819388231,-183.17630992617112,21.218841033473497,-1344.4837136138845,20.201539877453198,342.59628501850849,16.58545144774122,19.264141423312517,19.27839526845904,-39.424629856857738,17.77031905181827,2.3054248665618326,18.641522081593409,-198.7112585049772,16.50016699439336,-155.6854329614492,924.7556692964032,1060.2290163093908,0.0,0.0,0.0,0.0,0.0,0.0,0.0,0.0,0.0,0.0,0.0,0.0,0.0,0.0,0.0,0.0,0.0,0.0,0.0,0.0,0.0,0.0,1.490661441657921,0.4550248600909405,229.69440555602365,270.1386663323187,7196.161844154827,0.131014147763261,0.019996054298422017,31.00945758665756,36.46162231548321,973.1748554623168,1.5879472756367255,0.3000656227582627,370.7435151179374,436.1318714457317,11505.30644283316,0.36717212016462366,0.06938248680359478,286.19835586133896,338.02544896111587,8253.900940678495,0.0,0.0,9.818785199146627,11.768309162353932,205.84972268583256,0.0,0.0,13.338892103328302,15.843271159562502,346.3422814500691,0.0,0.0,250.95958424543199,299.382098356415,5917.949396089258,0.0,0.0,39.462164477317838,46.70977529990888,1099.4933692070566,0.0,0.0,208.30626929673128,249.92055292066793,4246.179346203341,39.24421573557082,26.916471697922387,366.3980671991293,434.5376470525594,10713.094988078486,0.0,0.0,213.44058794644304,256.47685662505878,4167.186314352851,1431.5977782402084,22.050589595578548,30.587461316509577,22.0,30.0,0.0,21.998289110528647,36.03231907471507,21.0,30.0,2014.3368290712375,21.680908588580964,30.615823289393384,21.666666666666666,30.0,0.0,20.653691955330488,32.87888785354785,16.0,30.0,0.0,16.59972327299958,41.457806580268869,12.0,30.0,0.0,19.191318877907109,37.180253646257018,19.0,30.0,0.0,17.948748589723519,38.460341595999739,10.0,30.0,936.3785167094561,20.16416571919268,34.156628912447057,20.366666666666668,30.0,0.0,16.30239017693996,42.52307133137937,16.0,30.0,0.0,19.318326696590608,0.0,0.0,0.0,15.845640093486704,0.0,0.0,661.5571559189501,955.4640686335638,626.0080458662174,639.4279982551166,595.6911281544901,715.8090072710184,616.4208831894287,656.6527951237058,609.3136929898727,9923.960848860328,81.4428342473241,84.09220267662721,270.0,0.0,270.0,270.0,21.0,16.0,19.0,16.0,19.7,12.0,21.0,10.0,1.0,0.0,1431.5977782402084,0.0,2014.3368290712375,0.0,0.0,0.0,936.3785167094561,0.0,4008.9125503799425,2405347.530227965,3120256.0214477826,81.4428342473241,84.13719774785636,0.3602970850126648,0.7693778149813253,0.36028137401965956,84.13719774785636,0.3542647819438875,3120256.0214477826,0.17237831311528466 
 02/26  19:20:00,6.15,73.0,4.973333333333334,0.0,0.0,0.0,0.0,1.0,2.0,0.0,0.0,4.0,0.0,0.0,0.0,678.0,0.0,0.0,0.0,0.0,0.0,0.0,0.0,0.0,0.0,0.0,0.0,21.361951507974547,-779.2197002808498,21.727536611010544,-166.4043072891294,20.825688617555849,-378.720770615557,20.296997093792219,200.37619665858765,16.595327903311494,20.213191503034268,19.346019310238817,-46.82689980847006,17.694659742224976,8.933960556113862,18.86771103988722,-267.22663248371387,16.45854127589186,-111.31531978236424,859.754428650461,1188.6852762063814,0.0,0.0,0.0,0.0,0.0,0.0,0.0,0.0,0.0,0.0,0.0,0.0,0.0,0.0,0.0,0.0,0.0,0.0,0.0,0.0,0.0,0.0,1.5738869366024258,0.4804294678273582,179.17474820978166,211.1291311601543,5544.525314268803,0.14768813572613727,0.02254092425612595,30.410963122783678,35.730109457215998,960.611539454136,1.5805448821907955,0.29866683336938695,224.78979163781805,265.21887633165695,6803.007604240297,0.35165025011163489,0.06644940478299974,240.64824450546349,284.3284702505738,7040.085253007,0.0,0.0,9.847232304607442,11.802508857692393,208.3870707183734,0.0,0.0,13.018123753483199,15.447774294437443,344.1513284305047,0.0,0.0,255.83152141839057,305.3431573606937,6019.589062756365,0.0,0.0,48.83739899381749,57.74350840902473,1396.5246571667954,0.0,0.0,217.8185137067185,261.3816774380256,4462.015065374843,39.47539474900101,27.075030692044594,237.49118148551475,282.24801122556866,7204.062573171821,0.0,0.0,224.17449016188056,269.29125484932299,4460.177904026654,739.2316715303582,21.61886217179863,31.484232443288926,21.333333333333326,29.99999999999999,0.0,22.0010125091238,36.436916151194299,20.999999999999994,29.99999999999999,59.13021197163092,21.240073955574176,31.46593312914312,20.999999999999994,29.99999999999999,0.0,20.813101496375329,32.74704595024283,15.999999999999993,29.99999999999999,0.0,16.608346879636686,41.802658868380209,11.999999999999995,29.99999999999999,0.0,19.342044816062129,38.66965867094656,18.999999999999994,29.99999999999999,0.0,17.827615125273625,39.11579548143376,9.999999999999997,29.99999999999999,582.1673725329467,20.482666127448753,34.062666165198958,20.366666666666658,29.99999999999999,0.0,16.26157942061424,43.21593451401864,15.999999999999993,29.99999999999999,0.0,19.11409756239703,0.0,0.0,0.0,15.938221227449933,0.0,0.0,667.0162515194909,978.8345877787651,627.3445473717345,649.5854912524708,613.302943726348,832.1575949050387,634.8199723035656,687.4322583748259,635.8745726945267,9568.934243904647,81.67775945699766,81.67775945699766,269.9999999999999,0.0,269.9999999999999,269.9999999999999,21.0,16.0,19.0,16.0,19.7,12.0,21.0,10.0,1.0,0.0,739.2316715303582,0.0,59.13021197163092,0.0,0.0,0.0,582.1673725329467,0.0,0.0,0.0,0.0,81.67775945699766,81.67775945699766,0.3399999999999999,0.7698570553917303,0.36028137401965945,81.67775945699766,0.35426478194388735,0.0,0.010140000000000002 
 02/26  19:30:00,6.0600000000000009,73.5,5.01,0.0,0.0,0.0,0.0,1.0,2.0,0.0,0.0,4.0,0.0,0.0,0.0,904.0,0.0,0.0,0.0,0.0,0.0,0.0,0.0,0.0,0.0,0.0,0.0,21.24610851535647,-245.92434767528403,21.698475594907273,-156.94161956207854,21.288615623560135,-1536.5320859991762,20.334615495109529,405.80337275364038,16.601698569447494,16.87955466828113,19.385607857997209,-43.07926189656145,17.639410291987063,25.626004205416849,18.80575651027286,-237.05342135126069,16.423835592330087,-163.57513443687049,978.3878554838118,1093.2237113841673,0.0,0.0,0.0,0.0,0.0,0.0,0.0,0.0,0.0,0.0,0.0,0.0,0.0,0.0,0.0,0.0,0.0,0.0,0.0,0.0,0.0,0.0,1.6144504043100923,0.4928114787271344,236.29605753956515,278.8923574933164,7195.084459281014,0.16816448420379147,0.025666130067733739,30.191428691510589,35.49420790404979,958.6035239726498,1.4904564320836662,0.2816433167202696,380.06257716216188,447.73747834850516,11891.498379767418,0.35302929345770159,0.06670999498444849,280.43791529699225,331.2819451528472,8318.14531200472,0.0,0.0,9.667583548595248,11.589236615367075,206.36978703930573,0.0,0.0,13.403930442592078,15.901421648630631,359.2729667276643,0.0,0.0,240.09875071883674,286.6728898547415,5659.221189734992,0.0,0.0,45.49464669019316,53.84806330244692,1289.334123944468,0.0,0.0,202.25148678378626,242.7637492306599,4163.550838095175,39.60055937966868,27.1608774894847,377.1307231003716,447.50665696862316,11296.515227855181,0.0,0.0,207.9543676751617,250.06714309277445,4069.1496193586365,0.0,21.247335901420948,32.02139519601182,21.0,30.0,0.0,21.982001342963526,36.424616842583379,21.0,30.0,1970.0032966503582,21.72894307211717,30.655803630929748,21.5,30.0,0.0,20.92141167610901,32.30429392767729,16.0,30.0,0.0,16.61072362508021,42.13771869340259,12.0,30.0,0.0,19.441137292312264,39.95710844217007,19.0,30.0,0.0,17.757855085865765,39.57601349426348,10.0,30.0,947.6572583381239,20.24483095380344,34.736002909775759,20.45,30.0,0.0,16.220137983012294,43.67905105583389,16.0,30.0,0.0,19.38281645954595,0.0,0.0,0.0,15.684699893982679,0.0,0.0,657.6627755683646,976.5902142907996,633.716481150444,638.9469743233398,630.0721230725633,921.9495870474896,648.7500006532094,699.9636645432934,651.5266484913775,9337.146877104346,81.83070673178912,85.5988728000222,270.0,0.0,270.0,270.0,21.0,16.0,19.0,16.0,19.7,12.0,21.0,10.0,1.0,0.0,0.0,0.0,1970.0032966503582,0.0,0.0,0.0,947.6572583381239,0.0,5702.1215216809109,3421272.9130085466,4476568.144546339,81.83070673178912,85.66286876931366,0.3600707173893637,0.7650251871241376,0.36028137401965956,85.66286876931366,0.3542647819438875,4476568.144546339,0.24293654351640965 
 02/26  19:40:00,5.970000000000001,74.0,5.046666666666667,0.0,0.0,0.0,0.0,1.0,2.0,0.0,0.0,4.0,0.0,0.0,0.0,452.0,0.0,0.0,0.0,0.0,0.0,0.0,0.0,0.0,0.0,0.0,0.0,21.461429762863646,-977.9841996775132,21.67781891452674,-155.79354954566777,20.889625980932015,-745.6458117103778,20.227227834277639,-13.400129763021483,16.606316656131875,16.01333161214729,19.404301329125734,-49.55839278054306,17.629160748200165,63.698088563216519,18.541060120087253,-200.2967092186372,16.35757334778714,-160.0763204294022,1048.3602153350108,1091.4258628342219,0.0,0.0,0.0,0.0,0.0,0.0,0.0,0.0,0.0,0.0,0.0,0.0,0.0,0.0,0.0,0.0,0.0,0.0,0.0,0.0,0.0,0.0,1.4966059762234246,0.45683943108163169,300.04769996369068,352.71765439657397,9469.989035652248,0.13639651234708106,0.02081753851451177,30.74397289025697,36.104955425144698,980.3375811690223,1.8265613970813706,0.34515521486798408,470.119387038446,553.8838490618038,14383.21472572966,0.3365278481684656,0.06359180804392775,238.61087252037337,281.8281371008861,7021.625758232619,0.0,0.0,9.818690551795556,11.75636677720453,211.43970768127776,0.0,0.0,13.67316370418057,16.19551775494174,370.5646622675885,0.0,0.0,243.73557187320564,290.6697340168596,5795.327533664132,0.0,0.0,43.297994274033,51.286381234964768,1194.7630190382443,0.0,0.0,201.26860740423698,241.39769021060199,4144.791749526299,39.57797917576377,27.145390381182304,461.86499080270758,547.4100711815167,13616.714518653112,0.0,0.0,206.53939448514789,248.1979421048777,4031.86689316303,1379.010860346378,21.791876409380398,30.8768573226363,21.500000000000008,30.00000000000001,0.0,21.976400115839146,36.413920314696238,21.000000000000008,30.00000000000001,1235.2849588193024,21.22274178020512,31.690229344964516,21.500000000000008,30.00000000000001,0.0,20.67751958128336,32.79146123130763,16.000000000000008,30.00000000000001,0.0,16.612533253057756,42.500874188645578,12.000000000000004,30.00000000000001,0.0,19.501465250078448,41.07207915854944,19.000000000000008,30.00000000000001,0.0,17.768220956873564,39.71442748435858,10.000000000000004,30.00000000000001,231.14685178311184,19.755984885990327,36.04927087242838,19.700000000000008,30.00000000000001,0.0,16.12948839593406,44.13807668497441,16.000000000000008,30.00000000000001,0.0,19.573019357261815,0.0,0.0,0.0,15.56704506145619,0.0,0.0,653.050946953515,976.0993690224138,637.1977116807183,639.2348485917987,647.9232106421921,993.8562433877653,656.895521614392,712.0276657158005,661.3487802266516,9695.232883601286,81.59407833494467,85.32116110527375,270.0000000000001,0.0,270.0000000000001,270.0000000000001,21.0,16.0,19.0,16.0,19.7,12.0,21.0,10.0,1.0,0.0,1379.010860346378,0.0,1235.2849588193024,0.0,0.0,0.0,231.14685178311184,0.0,5640.0914528347279,3384054.8717008365,4395217.961170508,81.59407833494467,85.3844593437796,0.3580030484278244,0.7676480323508088,0.36028137401965967,85.3844593437796,0.3542647819438876,4395217.961170508,0.23872133398086643 
 02/26  19:50:00,5.88,74.5,5.083333333333333,0.0,0.0,0.0,0.0,1.0,2.0,0.0,0.0,4.0,0.0,0.0,0.0,1130.0,0.0,0.0,0.0,0.0,0.0,0.0,0.0,0.0,0.0,0.0,0.0,21.374516155060595,-1035.1957925626026,21.658982358845667,-163.18134092822005,20.894058914611258,-477.09818116954457,20.128289974245523,348.3234526061526,16.61027803979784,16.890587228874986,19.38885931346344,-60.389229947248228,17.664451339706994,10.250566227551826,18.962417197767274,-272.79338338919225,16.305704128670187,-170.76919749886788,896.9494366514356,1210.8696265684342,0.0,0.0,0.0,0.0,0.0,0.0,0.0,0.0,0.0,0.0,0.0,0.0,0.0,0.0,0.0,0.0,0.0,0.0,0.0,0.0,0.0,0.0,1.5163573608253736,0.4628685472604926,230.7283105038574,272.0054596727064,7249.797408254857,0.1641375803982191,0.02505152325980145,28.49657905997498,33.49787607800093,914.4566571560372,1.633244225311771,0.30862513705815799,288.8581351378662,340.7859052747615,8901.7107015656,0.38318328312135688,0.0724080278007099,294.51367091015188,348.3307544059376,8640.686758376713,0.0,0.0,10.03361851292279,12.02873013323611,217.88696792619442,0.0,0.0,13.933989830591253,16.52514052930016,380.0111617603098,0.0,0.0,259.39280117798537,309.6593730048703,6239.421149599117,0.0,0.0,45.25731755156958,53.51864217482475,1318.6086414706625,0.0,0.0,217.06206723877325,260.6812603244274,4481.104427394277,39.76133176941504,27.27114661825449,299.89001074423597,356.50293238308276,8985.173654342561,0.0,0.0,222.7497365181677,267.919366565436,4411.222575023737,922.2088592010964,21.56345285828653,31.331003988671644,21.6,30.0,0.0,21.971241910418347,36.747306008842027,21.0,30.0,104.14373151777146,21.322907342851388,31.403981156304135,21.0,30.0,0.0,20.583219451429249,33.13578994486557,16.0,30.0,0.0,16.6150797627424,42.669198991618689,12.000000000000002,30.0,0.0,19.500057207147017,41.45520254835677,19.0,30.0,0.0,17.82198731035356,39.64797189607341,10.0,30.0,1129.1585543947884,20.459920272469885,34.605861621202738,20.7,30.0,0.0,16.06511524178815,44.55576872225685,16.0,30.0,0.0,19.09021587302642,0.0,0.0,0.0,15.618932189372118,0.0,0.0,654.2426039295059,994.940577414582,634.2889586772753,647.8194077522846,656.2800933024877,1017.6336488737752,661.9810282579335,721.750627173649,672.4620652669406,9372.014702687717,81.80794177203836,83.21521085485199,270.0,0.0,270.0,270.0,21.0,16.0,19.0,16.0,19.7,12.0,21.0,10.0,1.0,0.0,922.2088592010964,0.0,104.14373151777146,0.0,0.0,0.0,1129.1585543947884,0.0,2129.710720447899,1277826.4322687393,1654882.8775079463,81.80794177203836,83.2391109556909,0.34299035734826335,0.7680706788018301,0.36028137401965956,83.2391109556909,0.35426478194388757,1654882.8775079463,0.0962989096304132 
 02/26  20:00:00,5.79,75.0,5.12,0.0,0.0,0.0,0.0,1.0,2.0,0.0,0.0,4.0,0.0,0.0,0.0,904.0,0.0,0.0,0.0,0.0,0.0,0.0,0.0,0.0,0.0,0.0,0.0,21.266142616707229,-409.70335147197059,21.617437073066747,-165.17715227466648,21.267577513093018,-1594.0326926234257,20.26280246047118,418.83522004334966,16.613722214346294,14.597026646589797,19.376698823490508,-45.73458255917241,17.539605721017538,19.61701878354529,18.773771071565009,-225.08116879279499,16.267114626973496,-161.76813172515245,1046.0224185709754,1132.4919310816479,0.0,0.0,0.0,0.0,0.0,0.0,0.0,0.0,0.0,0.0,0.0,0.0,0.0,0.0,0.0,0.0,0.0,0.0,0.0,0.0,0.0,0.0,1.6364027923295466,0.499512451871046,308.7906952798671,363.9948122440335,9621.847167127322,0.16638341165941299,0.025394293598811507,31.81482393940458,37.418764159699957,1023.070343407946,1.5001227000481497,0.28346989796828239,452.50100217721578,533.1098160663584,14307.706311211095,0.3587084862363239,0.06778316066446028,292.62222634558597,345.8029970363717,8779.297820368065,0.0,0.0,9.558959774816259,11.454718822038777,209.36373179735763,0.0,0.0,14.546450250640876,17.243645085045157,399.635916021942,0.0,0.0,242.9551901234419,290.1723948053071,5789.341872477955,0.0,0.0,45.733773583193279,54.18504475552317,1295.0725581873058,0.0,0.0,205.45596847228695,246.74092623267206,4263.917302318047,39.868723856603839,27.344803742526648,454.6862587996926,539.4430152676317,13650.621101427014,0.0,0.0,211.07278911780527,253.95177279495747,4166.50136372261,752.7098348415825,21.356196495641865,31.67402851664779,21.5,30.0,0.0,21.92214956941756,36.477144262279328,21.0,30.0,2047.0824182324355,21.65977278523342,30.78245384425403,21.5,30.0,0.0,20.838384949370409,32.45988706805409,16.0,30.0,0.0,16.617603522846858,42.96348403726657,12.0,30.0,0.0,19.510931716264787,42.140161251031489,19.0,30.0,0.0,17.60878860136237,40.34769202916867,10.0,30.0,390.23747594135497,19.959751941215506,35.77991286131325,19.95,30.0,0.0,16.027214203080996,44.85712954527401,16.0,30.0,0.0,19.50366358132811,0.0,0.0,0.0,15.490251469723523,0.0,0.0,651.4392680290672,975.4386478557707,635.1527094965074,640.3525589086715,671.3667376271429,1055.4931108498514,670.6423064030515,724.9108210123447,682.2494687187634,9875.068674451622,81.47527051217918,84.9686545460948,270.0,0.0,270.0,270.0,21.0,16.0,19.0,16.0,19.7,12.0,21.0,10.0,1.0,0.0,752.7098348415825,0.0,2047.0824182324355,0.0,0.0,0.0,390.23747594135497,0.0,5286.800555770851,3172080.333462511,4151358.9888350127,81.47527051217918,85.02798380422979,0.34622668519236179,0.7652153158650064,0.36028137401965956,85.02798380422979,0.3542647819438875,4151358.9888350127,0.22619066741942066 
 02/26  20:10:00,5.716666666666667,75.5,5.158333333333333,0.0,0.0,0.0,0.0,0.0,2.0,0.0,0.0,4.0,0.0,0.0,0.0,1130.0,0.0,0.0,0.0,0.0,0.0,0.0,0.0,0.0,0.0,0.0,0.0,21.430639678320348,-656.2124097332604,21.602812137368525,-135.4753599152123,21.1245530767133,-973.5085579761355,20.297908711648995,330.64277373133538,16.61372304613151,14.800811401678834,19.443071095485864,-51.59148145091961,17.708693349292518,204.71235227504079,18.335299719074617,-125.8820175386061,16.724180581230458,-445.4170139414368,1003.2101145751826,1057.222866860656,0.0,0.0,0.0,0.0,0.0,0.0,0.0,0.0,0.0,0.0,0.0,0.0,0.0,0.0,0.0,0.0,0.0,0.0,0.0,0.0,0.0,0.0,1.5776160280551115,0.4815677741315969,198.14459815033553,233.46784726360756,6325.545703857107,0.194593711731689,0.02969989495294399,26.58410324573325,31.259120760507508,860.7010396957267,1.6439910382805985,0.31065590292528336,331.90691763306486,391.3361516125507,10470.144978315911,0.3731000134083407,0.07050264803634554,272.54326074471836,321.95462195922178,8238.54357408816,0.0,0.0,10.173746614046357,12.194296243306079,224.27523964945068,0.0,0.0,13.962636844572123,16.55210216741849,388.0334826480292,0.0,0.0,223.79155665061573,267.07738675679607,5501.758868239148,0.0,0.0,33.96156824147658,40.34711200205248,925.658268811553,0.0,0.0,175.71261691138077,210.60692553329893,3899.1351325332259,40.09179263868549,27.497800163707479,328.9098094584201,390.63126981641309,10085.78677919089,0.0,0.0,179.63350787949208,216.39890707208944,3477.5733462171949,572.1455913298767,21.64183755797478,31.298305201414807,21.4,30.0,0.0,21.924843463576324,37.03472948167837,21.0,30.0,1213.9000591802754,21.524596936446156,31.033905196680239,21.400000000000003,30.0,0.0,20.873582844527605,32.45672686179637,16.0,30.0,0.0,16.615456270480189,43.11353444796632,12.000000000000002,30.0,0.0,19.60413979395528,42.13166551374748,19.0,30.0,0.0,17.947256683479645,39.60115598469165,10.0,30.0,0.0,19.255329082521699,36.87046375082512,12.000000000000002,30.0,964.9682460869991,16.727830392258757,43.047411433369777,16.6,30.0,0.0,19.341554924564219,0.0,0.0,0.0,15.20786445402604,0.0,0.0,662.6303752074291,1008.6891292183872,636.100828686793,644.649986069018,678.44377113572,1069.5757716632723,676.3678076125214,696.8685578883733,689.0903945137542,8236.040643795206,81.32526538420442,84.20401406541274,570.0,0.0,570.0,570.0,21.0,16.0,19.0,16.0,12.0,12.0,21.0,10.0,1.0,0.0,572.1455913298767,0.0,1213.9000591802754,0.0,0.0,0.0,0.0,964.9682460869991,4356.493307805272,2613895.9846831636,3415575.978134459,81.32526538420442,84.25290477480942,0.28121644359350908,0.6132725860447589,0.28822509921572767,84.25290477480942,0.28341182555511,3415575.978134459,0.19955495086299189 
 02/26  20:20:00,5.6433333333333339,76.0,5.196666666666667,0.0,0.0,0.0,0.0,0.0,2.0,0.0,0.0,4.0,0.0,0.0,0.0,681.0,0.0,0.0,0.0,0.0,0.0,0.0,0.0,0.0,0.0,0.0,0.0,21.357642641427789,-798.0864675059338,21.571788312319563,-168.71984799840309,21.23100194690913,-1031.8097741729073,20.283248204057594,300.19461854563499,16.616156967169979,17.164463505024395,19.53275166160499,-46.61549062661878,17.825731428995306,74.60883549194142,17.791091247269216,-38.626202347641527,16.560499578220616,-404.9004832807321,880.9846181865263,1146.847547993035,0.0,0.0,0.0,0.0,0.0,0.0,0.0,0.0,0.0,0.0,0.0,0.0,0.0,0.0,0.0,0.0,0.0,0.0,0.0,0.0,0.0,0.0,1.636675068742067,0.4995955643290802,160.82019253254033,189.4575721313487,5150.200242232986,0.18913859138736839,0.028867306377803466,28.62720457128074,33.65414562803704,928.5658989807051,1.630053409104741,0.30802218614979989,244.09810296568157,287.33066464869298,7804.840797713128,0.37432174010540988,0.0707335109798582,254.6007945491426,300.46086504586358,7731.647448767173,0.0,0.0,9.958875491427432,11.928667545622722,221.09840157284862,0.0,0.0,14.050321449767793,16.63141609508775,396.66085048365076,0.0,0.0,236.34751111869759,281.6208867533792,5931.247250649998,0.0,0.0,23.333545526605488,27.79186826500444,597.3964421568651,0.0,0.0,186.63269504954998,223.67620638803516,4073.462265991414,40.11320897000853,27.512489005492819,258.0695643489743,306.474662605755,8002.414570482819,0.0,0.0,190.1162639713646,228.81434536587018,3702.593533740376,1246.790106303084,21.67054564939709,31.15554385426296,21.666666666666658,29.99999999999999,0.0,21.890835648813949,37.020774316507189,20.999999999999994,29.99999999999999,1756.956146301057,21.66298172346691,30.696576926826617,21.666666666666658,29.99999999999999,0.0,20.834686442101697,32.726372832033977,15.999999999999993,29.99999999999999,0.0,16.619268461979386,43.261879368311777,11.999999999999995,29.99999999999999,0.0,19.754552438059294,42.19951863692108,18.999999999999994,29.99999999999999,0.0,18.11987304837286,39.26166454913996,9.999999999999997,29.99999999999999,0.0,18.35263967638709,38.76364557944103,11.999999999999995,29.99999999999999,0.0,16.43422032397475,43.859106112031508,15.999999999999993,29.99999999999999,0.0,18.8834537795233,0.0,0.0,0.0,15.204763099477061,0.0,0.0,658.292874845408,1004.5019568751279,631.8760151578946,655.16822203452,686.3774953140878,1094.1504978876429,681.0834358844466,684.7800838148105,690.0166535425244,9469.446343257736,81.74351386465944,84.03426254646843,569.9999999999998,0.0,569.9999999999998,569.9999999999998,21.0,16.0,19.0,16.0,12.0,12.0,21.0,10.0,1.0,0.0,1246.790106303084,0.0,1756.956146301057,0.0,0.0,0.0,0.0,0.0,3466.8198025159847,2080091.8815095917,2701354.2846012988,81.74351386465944,84.07316706384927,0.34222732675053277,0.7698653749705601,0.36028137401965945,84.07316706384927,0.35426478194388735,2701354.2846012988,0.16222542279926753 
 02/26  20:30:00,5.57,76.5,5.234999999999999,0.0,0.0,0.0,0.0,0.0,2.0,0.0,0.0,4.0,0.0,0.0,0.0,909.0,0.0,0.0,0.0,0.0,0.0,0.0,0.0,0.0,0.0,0.0,0.0,21.18002957605802,-594.0634241106477,21.529923025046459,-197.61771660171625,21.104285792384503,-679.6089795427331,20.27111067144653,115.50112262999414,16.61939670572633,18.073515952399548,19.584356073818698,-45.10840198604404,17.704192147766784,-48.108703546587097,17.469680460777196,-20.53249743818924,16.328957361198819,-297.0816609540457,838.7017009912624,1178.059316459294,0.0,0.0,0.0,0.0,0.0,0.0,0.0,0.0,0.0,0.0,0.0,0.0,0.0,0.0,0.0,0.0,0.0,0.0,0.0,0.0,0.0,0.0,1.6752577735018899,0.5113729467343986,132.1404897535078,155.81720494004919,4185.228727934282,0.17141072668238903,0.026161588321487955,32.836691287353449,38.59905996567997,1065.0666128747558,1.6471461091807574,0.311252099240506,194.46348861440667,229.43199350538039,6153.213899929025,0.3553602170463297,0.06715045673588995,212.6246625240204,251.29790415371085,6466.4510053311719,0.0,0.0,9.580966052438534,11.480496545726279,214.20876278612429,0.0,0.0,14.65962342840334,17.353404858217656,418.2959771452684,0.0,0.0,251.65134767052838,300.242949123917,6231.542082446362,0.0,0.0,17.017269153594464,20.305798661669454,421.2530180872129,0.0,0.0,203.22320149566327,243.94085243007488,4334.912657985469,40.07537037427011,27.486536607867025,209.36682852374558,249.14165203415502,6626.040015678847,0.0,0.0,206.47861070274554,248.60417639340586,4054.865598551028,571.4440075496792,21.254429935725566,32.33139843499266,21.25,30.0,0.0,21.83938112726038,36.95051836335951,21.0,30.0,919.1012043168819,21.385662129610667,31.273444460104277,21.25,30.0,0.0,20.79968543917191,32.54848797723477,16.0,30.0,0.0,16.625028776028097,43.421586454582897,12.0,30.0,0.0,19.838349878556874,42.255020782601,19.0,30.0,0.0,17.868002280387608,40.00287997489992,10.0,30.0,0.0,17.857728741529255,39.978234917864799,12.0,30.0,0.0,16.09696958519754,44.8293359741136,16.0,30.0,0.0,18.763813235317906,0.0,0.0,0.0,15.216390034916124,0.0,0.0,678.6190188660586,995.3585778488886,635.7568825362262,642.7371247431717,695.1212147259575,1105.9530376845824,686.5584910037723,684.6514416781595,691.1829969004667,6436.96619209311,82.7946139214678,84.60597472120831,570.0,0.0,570.0,570.0,21.0,16.0,19.0,16.0,12.0,12.0,21.0,10.0,1.0,0.0,571.4440075496792,0.0,919.1012043168819,0.0,0.0,0.0,0.0,0.0,2741.1654238511848,1644699.2543107109,2139195.2033305468,82.7946139214678,84.63673764089309,0.2613721807950395,0.5386902055558542,0.27021103051474468,84.63673764089309,0.2656985864579156,2139195.2033305468,0.13280315057318843 
 02/26  20:40:00,5.496666666666666,77.0,5.273333333333333,0.0,0.0,0.0,0.0,0.0,2.0,0.0,0.0,4.0,0.0,0.0,0.0,2280.0,0.0,0.0,0.0,0.0,0.0,0.0,0.0,0.0,0.0,0.0,0.0,21.30493840955387,-893.1567336301532,21.486391243865876,-168.84155945006843,21.199851667978274,-851.7586777050274,20.185592732630974,279.29835340967647,16.618311272413665,14.519643259463712,19.615852378043969,-55.63539381952856,17.672468996060976,162.65226005587383,17.228505075803964,-35.971558756614658,16.596990031671287,-420.5450080291652,942.7749108632029,1073.4194686786557,0.0,0.0,0.0,0.0,0.0,0.0,0.0,0.0,0.0,0.0,0.0,0.0,0.0,0.0,0.0,0.0,0.0,0.0,0.0,0.0,0.0,0.0,1.6361788468487484,0.4994440924446731,195.94744706018427,231.0146327593321,6313.859505988488,0.19817850126327397,0.03024702400233121,28.46367837147257,33.48492782893791,926.4351116774296,1.6591889127344868,0.31352776128769618,273.3348400249547,322.3738804421538,8710.980029974087,0.3785811448876896,0.07153838716698596,273.04583636692146,322.9212048809273,8270.063609101868,0.0,0.0,9.90142042664135,11.871297870581796,222.7744189453583,0.0,0.0,14.676666691129644,17.3847927016972,422.2145324747551,0.0,0.0,232.30303769848377,277.3966372157488,5780.3567485399039,0.0,0.0,14.188951279076902,16.95886261211562,343.57435527500209,0.0,0.0,175.27787665729509,210.3559420500071,3873.9524740709905,40.27078600929554,27.620566535868016,283.0655007034611,336.6176632613555,8761.13739687012,0.0,0.0,181.50907551314993,218.89333678372524,3512.051136539575,976.5477063706716,21.522472681308316,31.447364165261548,21.500000000000008,30.00000000000001,0.0,21.793242739151638,36.90908861042603,21.00000000000001,30.00000000000001,821.6441031528581,21.416357377092145,31.166980163287648,21.200000000000008,30.00000000000001,0.0,20.687593118194088,32.82367920339281,16.000000000000005,30.00000000000001,0.0,16.623141580620684,43.53462843299464,12.000000000000004,30.00000000000001,0.0,19.888017838026078,42.27822909779383,19.000000000000008,30.00000000000001,0.0,17.869506828677989,39.890897561566969,10.000000000000004,30.00000000000001,0.0,17.51023409829763,40.90354224714892,12.000000000000004,30.00000000000001,863.3293327062897,16.486450725815659,43.82966659640978,16.400000000000003,30.00000000000001,0.0,18.988426579082494,0.0,0.0,0.0,14.979747576119909,0.0,0.0,659.3660488438057,989.3027594189894,633.5212000506211,645.7258388120553,700.4252925981613,1110.7479456918014,682.3530721292527,686.8781066312818,695.1280565495725,9886.508891421972,81.46775621765964,82.18817039654705,570.0000000000002,0.0,570.0000000000002,570.0000000000002,21.0,16.0,19.0,16.0,12.0,12.0,21.0,10.0,1.0,0.0,976.5477063706716,0.0,821.6441031528581,0.0,0.0,0.0,0.0,863.3293327062897,1090.2224869694626,654133.4921816776,847303.1432946278,81.46775621765964,82.2004054209155,0.3423407495656489,0.7715877764153944,0.3602813740196597,82.2004054209155,0.3542647819438877,847303.1432946278,0.06543476345132066 
 02/26  20:50:00,5.423333333333333,77.5,5.3116666666666669,0.0,0.0,0.0,0.0,0.0,2.0,0.0,0.0,4.0,0.0,0.0,0.0,456.0,0.0,0.0,0.0,0.0,0.0,0.0,0.0,0.0,0.0,0.0,0.0,21.445741791975274,-623.5649344648114,21.458364292312149,-130.45074182762296,21.516465851933807,-2049.9514825885537,20.291926853595755,509.4602433185837,16.61497970782268,15.916567323785899,19.64177996813656,-63.21723369679154,17.818197878425207,120.91789480550779,16.978873760443756,-47.25479193987866,16.514976065539295,-432.3217993285043,1031.7337395483965,1172.0777080968892,0.0,0.0,0.0,0.0,0.0,0.0,0.0,0.0,0.0,0.0,0.0,0.0,0.0,0.0,0.0,0.0,0.0,0.0,0.0,0.0,0.0,0.0,1.6501691212099857,0.5037146279639762,161.16340765996183,189.5083088258844,5326.3362449890569,0.23965220880644146,0.036576954946038079,22.8294313487422,26.832758084684526,747.9478757041347,1.6221183667621924,0.30652274504198659,376.88799296651248,442.56460728114646,12502.313692930875,0.40374911108500535,0.07629423867819449,345.92049077908288,407.8611273130621,10692.172816816916,0.0,0.0,10.276624195985648,12.298480705210457,232.71334729543427,0.0,0.0,14.506652396351687,17.144486260756325,420.8543082559821,0.0,0.0,240.05587961596269,285.8108429014259,6132.017207442899,0.0,0.0,15.065143570245159,17.990308337310699,355.57089002822888,0.0,0.0,177.5342339098306,212.66582424908058,3926.8873757776075,40.57648126116037,27.830234061152525,364.40610827588076,431.98865341839839,11268.642294775298,0.0,0.0,188.09219186249144,226.3768518875528,3659.713248522966,986.1913216904939,21.931796790411516,30.652993813002209,22.0,30.0,0.0,21.768001800448525,37.39729299338619,21.0,30.0,2549.921350199123,22.116942494773743,29.74933025095892,22.0,30.0,0.0,20.906334577735245,32.327706091079857,16.0,30.0,0.0,16.619329808661026,43.54141049469419,12.0,30.0,0.0,19.934832498171738,42.25231044639165,19.0,30.0,0.0,18.119153307264037,39.243418784126777,10.0,30.0,0.0,17.134798061483857,41.95820924530847,12.0,30.0,0.0,16.352651045244376,44.1904779667263,16.0,30.0,0.0,19.291233661032107,0.0,0.0,0.0,14.96620598339645,0.0,0.0,659.5580768913976,1015.5911852146835,627.3715437413225,642.7045406656063,700.4231378735319,1113.5772165473048,681.4947965731933,690.9454246087025,695.6461695279684,8137.902863085604,82.62361083775974,86.08627003327197,570.0,0.0,570.0,570.0,21.0,16.0,19.0,16.0,12.0,12.0,21.0,10.0,1.0,0.0,986.1913216904939,0.0,2549.921350199123,0.0,0.0,0.0,0.0,0.0,5240.3491650768569,3144209.499046114,4078831.001468523,82.62361083775974,86.14507748165141,0.3446783055025619,0.7665344807053234,0.36028137401965956,86.14507748165141,0.3542647819438875,4078831.001468523,0.23353754540969658 
 02/26  21:00:00,5.35,78.0,5.35,0.0,0.0,0.0,0.0,0.0,2.0,0.0,0.0,4.0,0.0,0.0,0.0,912.0,0.0,0.0,0.0,0.0,0.0,0.0,0.0,0.0,0.0,0.0,0.0,21.41393304099737,-921.0765564606876,21.4533741992196,-138.69923792348508,21.117300007542327,-610.7369957767078,20.354525961706466,89.94799982634118,16.614364936495098,18.234476902994687,19.642619876843669,-67.37592166831708,17.75321488437405,0.9306564881712802,16.79261418615863,-67.9505525677215,16.280170579686997,-292.3289468247515,1006.0430533046365,1291.5975257310298,0.0,0.0,0.0,0.0,0.0,0.0,0.0,0.0,0.0,0.0,0.0,0.0,0.0,0.0,0.0,0.0,0.0,0.0,0.0,0.0,0.0,0.0,1.6348397067902754,0.499035319533051,233.95928972049325,275.4089313996769,7569.90469876272,0.21133950752304676,0.032255724591429609,25.824887515301375,30.35597926875264,848.50070964311,1.8126640023546279,0.34252910097404168,286.741697000346,338.05856984717459,9193.455676161104,0.3671304840491365,0.06937461905690409,179.12430555420083,211.6146402776248,5594.040407806403,0.0,0.0,10.16775668298907,12.181314683390687,231.74436758397895,0.0,0.0,14.995235260694967,17.742585832012144,437.25379890690916,0.0,0.0,268.4896810764472,320.18321656099149,6813.39354986312,0.0,0.0,21.443188190687413,25.666364237971508,499.2788314743301,0.0,0.0,200.40113449050075,240.5592938546019,4344.730777264554,40.573223213861087,27.82799946081008,285.2524896641094,338.7836780281112,9043.432283898597,0.0,0.0,218.9376381975282,263.6180358059088,4373.527690669659,1010.3127969108584,21.600193265816768,31.35883505880598,21.5,30.0,0.0,21.779489288664167,37.96933092955487,21.0,30.0,800.355545039906,21.368273415173144,31.51237318846684,21.25,30.0,0.0,20.949665911937577,32.3763986319927,16.0,30.0,0.0,16.62142634428887,43.51162920205494,12.0,30.0,0.0,19.93927616956996,42.13110327082333,19.0,30.0,0.0,17.95976942894474,39.75824012772465,10.0,30.0,0.0,16.875876925442648,42.698203566519307,12.0,30.0,13.442466210069784,16.049619549798075,45.0191584354112,16.0,30.0,0.0,19.202114172767009,0.0,0.0,0.0,15.161281815659125,0.0,0.0,663.7422363614703,1049.9058796543298,647.96393975204,650.1126621465506,699.427690125139,1106.784942851037,687.1709283218975,693.5291581141478,694.4305192764201,6575.554648131523,83.65665103035285,83.65665103035285,570.0,0.0,570.0,570.0,21.0,16.0,19.0,16.0,12.0,12.0,21.0,10.0,1.0,0.0,1010.3127969108584,0.0,800.355545039906,0.0,0.0,0.0,0.0,13.442466210069784,0.0,0.0,0.0,83.65665103035285,83.65665103035285,0.34,0.7685240192525558,0.36028137401965956,83.65665103035285,0.3542647819438875,0.0,0.02150166666666667 
 02/26  21:10:00,5.313333333333333,78.33333333333333,5.466666666666667,0.0,0.0,0.0,0.0,0.0,2.0,0.0,0.0,4.0,0.0,0.0,0.0,912.0,0.0,0.0,0.0,0.0,0.0,0.0,0.0,0.0,0.0,0.0,0.0,21.167350295138065,-753.5448362107159,21.436583260052076,-136.9763647116921,20.939220898093173,-631.1961810458142,20.228528210454557,271.36980774072938,16.61041764092423,16.227935810577749,19.647906894099223,-46.16742714180094,17.86727402542163,193.72580833317535,16.599961530639726,-108.58661015283829,16.76025668747343,-458.7792966874364,1066.8725514997782,1147.7977487932995,0.0,0.0,0.0,0.0,0.0,0.0,0.0,0.0,0.0,0.0,0.0,0.0,0.0,0.0,0.0,0.0,0.0,0.0,0.0,0.0,0.0,0.0,1.6766363034807213,0.5117937434312336,282.6674720235074,333.05466258865916,9146.705620344808,0.2117504924900502,0.032318451234745148,27.61506714380782,32.45959401410962,908.3172285566311,1.7051775266761263,0.3222179755623823,345.8141635862578,407.9416279221778,10964.284820432986,0.3760364422551983,0.07105752877082354,251.1779732659823,296.7023831865938,7734.679215968833,0.0,0.0,10.169719762775415,12.183231318251062,232.43844786403816,0.0,0.0,14.168034934712669,16.761536953819037,414.6222020308794,0.0,0.0,221.87595773015449,264.2556072373172,5764.707126265855,0.0,0.0,30.846942786934286,36.95248357038324,703.5239821317491,0.0,0.0,144.01065238934789,172.3326460826135,3345.244044458963,40.88900225869882,28.044583167831847,343.7795558965404,408.0199822180991,10823.058620264177,0.0,0.0,170.7500461355031,205.68213686862473,3340.014136882702,714.8153956647834,21.503520456350164,31.650703617231906,21.5,30.0,0.0,21.770329219190839,37.90459647941324,21.0,30.0,226.75804460691902,21.21090826449892,31.78351524525135,21.0,30.0,0.0,20.762639603929029,32.788224371180969,16.0,30.0,0.0,16.616980097485958,43.53313403924569,12.0,30.0,0.0,19.957080428438134,42.22081683113323,19.0,30.0,0.0,18.227647347495208,39.13593375786231,10.0,30.0,0.0,16.59536024660246,43.58713293488604,12.0,30.0,844.5704114820472,16.838742294716668,42.92837162728717,16.5,30.0,0.0,19.346154064957557,0.0,0.0,0.0,14.874523375880699,0.0,0.0,668.5866946204548,1045.4589954717783,645.8036172854345,652.0021901386326,699.8575254818318,1113.0453859293874,688.9610524302945,699.0908568105676,699.3955537579561,9336.412807353547,81.83149115197279,81.83149115197279,570.0,0.0,570.0,570.0,21.0,16.0,19.0,16.0,12.0,12.0,21.0,10.0,1.0,0.0,714.8153956647834,0.0,226.75804460691902,0.0,0.0,0.0,0.0,844.5704114820472,0.0,0.0,0.0,81.83149115197279,81.83149115197279,0.34,0.7694255471962014,0.36028137401965956,81.83149115197279,0.3542647819438875,0.0,0.021565 
 02/26  21:20:00,5.276666666666667,78.66666666666667,5.583333333333334,0.0,0.0,0.0,0.0,0.0,2.0,0.0,0.0,4.0,0.0,0.0,0.0,912.0,0.0,0.0,0.0,0.0,0.0,0.0,0.0,0.0,0.0,0.0,0.0,21.46101933286318,-666.3197842902978,21.420784657765915,-107.93686297905512,21.21844479891871,-1734.5092890745219,20.324453874450538,511.3037821538205,16.60807713214086,18.57883206873288,19.645110927675085,-75.73847043206539,17.817571746268898,59.438348873983617,16.44294451920283,-75.92805855013492,16.444642102845678,-361.74122957707348,1047.5078585400498,1309.5054267503986,0.0,0.0,0.0,0.0,0.0,0.0,0.0,0.0,0.0,0.0,0.0,0.0,0.0,0.0,0.0,0.0,0.0,0.0,0.0,0.0,0.0,0.0,1.6725669872699603,0.5105515834157388,120.73530599798649,142.06294117694683,4009.134648797101,0.26602326579412496,0.040601841543669869,19.23254276721269,22.608717459633654,637.6054640440084,1.678197198487521,0.31711965201956196,332.6664258473905,391.7409461395353,10893.294394709588,0.41523055754263696,0.07846382417661316,346.0018392651209,408.4130567134754,10809.705079345094,0.0,0.0,10.698082204429891,12.814954928349849,245.29849973120626,0.0,0.0,15.352330759109785,18.163565751390693,450.30769847285037,0.0,0.0,270.3888363932119,322.23857350626977,6971.307721590294,0.0,0.0,29.322386551868477,35.151077250487727,659.3336812133379,0.0,0.0,188.10772777107753,225.57546007838415,4192.508937415203,41.43035502497624,28.41588136143776,342.31930128168656,406.4991357837721,10710.874016229169,0.0,0.0,216.44675539629245,260.59808452858217,4339.979565441494,1023.0119605799457,21.752167609033209,31.504107135804934,21.75,30.0,0.0,21.762878858767964,38.55102198909071,21.0,30.0,2148.0799169811696,21.722210555835109,30.75884735080966,21.75,30.0,0.0,20.96613310586647,32.703480933521969,16.0,30.0,0.0,16.617272040663424,43.614040141403027,12.0,30.0,0.0,19.95514733282553,42.16765044339008,19.0,30.0,0.0,18.096302213598663,39.60344034589502,10.0,30.0,0.0,16.389132723787549,44.21097881879328,12.0,30.0,0.0,16.2883923641066,44.52094228281284,16.0,30.0,0.0,19.225360657133224,0.0,0.0,0.0,15.125939656815758,0.0,0.0,687.8475686916803,1081.7455622007925,642.1067122290709,668.818166956011,703.2257447398682,1108.6204195986646,695.5477494525673,701.209375214457,701.9734496219458,7281.867795757715,81.37382041328257,83.34995595748439,570.0,0.0,570.0,570.0,21.0,16.0,19.0,16.0,12.0,12.0,21.0,10.0,1.0,0.0,1023.0119605799457,0.0,2148.0799169811696,0.0,0.0,0.0,0.0,0.0,2990.2301899854398,1794138.1139912639,2322607.6272727807,81.37382041328257,83.3835172993447,0.2696743396661813,0.5769957836344144,0.27021103051474468,83.3835172993447,0.2656985864579156,2322607.6272727807,0.1418972632848513 
 02/26  21:30:00,5.24,79.0,5.699999999999999,0.0,0.0,0.0,0.0,0.0,2.0,0.0,0.0,4.0,0.0,0.0,0.0,687.0,0.0,0.0,0.0,0.0,0.0,0.0,0.0,0.0,0.0,0.0,0.0,21.290080509685987,-375.05746673403328,21.396945366604123,-168.32232206939308,21.37551272365884,-1883.6080675284969,20.34258810991377,277.395632762614,16.60481707720716,18.284096219671306,19.637470989793717,-50.529915905040358,17.6588478712563,-58.719130201776938,16.33432703771972,-61.8324959669445,16.699794919375326,-428.4416076075912,1076.129650415997,1299.7335498642308,0.0,0.0,0.0,0.0,0.0,0.0,0.0,0.0,0.0,0.0,0.0,0.0,0.0,0.0,0.0,0.0,0.0,0.0,0.0,0.0,0.0,0.0,1.7962326213726088,0.5483005559745448,217.65482309134149,256.0689389377868,7135.122247234813,0.20879848810486757,0.03186790111490652,31.572806551123095,37.093172953189988,1039.7378435370802,1.6350314953913657,0.3089628676098574,366.92532789264649,431.3511085452857,12118.494918964363,0.36684471032692736,0.0693206179756098,253.62502218938028,299.1776341795497,7943.493228628235,0.0,0.0,9.633166170259165,11.535323407031646,221.5647123012776,0.0,0.0,15.220767163686315,17.99632941305004,447.5660059609462,0.0,0.0,264.16828362026379,315.04954881180518,6674.77726120864,0.0,0.0,27.587910062454009,33.07761713950062,615.5985675394002,0.0,0.0,192.12804116150137,230.19142243915349,4352.554032748565,41.48606499890852,28.454091220101867,358.95540432246056,425.47602063768945,11338.528758895129,0.0,0.0,218.8827944126855,263.48619921379398,4384.487769657376,766.5343630387171,21.450582442428943,32.06040583250987,21.333333333333326,29.99999999999999,0.0,21.73345632196961,38.29049714229288,20.999999999999994,29.99999999999999,2506.9427112962387,21.753689184718398,30.692755017237496,21.666666666666658,29.99999999999999,0.0,20.942764958106435,32.545061519085688,15.999999999999993,29.99999999999999,0.0,16.61593865679407,43.7789611250892,11.999999999999995,29.99999999999999,0.0,19.95473468795378,42.37574935909701,18.999999999999994,29.99999999999999,0.0,17.786572747431945,40.48929822510092,9.999999999999997,29.99999999999999,0.0,16.261151048289724,44.68556073683234,11.999999999999995,29.99999999999999,1038.8562521066502,16.449024591657549,44.22040226306851,16.33333333333333,29.99999999999999,0.0,19.300865386131059,0.0,0.0,0.0,15.076540916305057,0.0,0.0,683.4103315082762,1062.6368135637079,640.8667102097923,657.4235751297775,710.5145287731926,1118.0312603728822,700.2349547292421,705.644667279283,706.7862873353427,10799.191393994606,80.86412732835848,87.88083304309929,569.9999999999998,0.0,569.9999999999998,569.9999999999998,21.0,16.0,19.0,16.0,12.0,12.0,21.0,10.0,1.0,0.0,766.5343630387171,0.0,2506.9427112962387,0.0,0.0,0.0,0.0,1038.8562521066502,10618.848101081807,6371308.860649087,8344683.286021061,80.86412732835848,87.99999999999997,0.35396160336939355,0.7635512811090349,0.36028137401965945,87.99999999999997,0.35426478194388735,8344683.286021061,0.4546018642064285 
 02/26  21:40:00,5.203333333333333,79.33333333333333,5.816666666666666,0.0,0.0,0.0,0.0,0.0,2.0,0.0,0.0,4.0,0.0,0.0,0.0,1147.0,0.0,0.0,0.0,0.0,0.0,0.0,0.0,0.0,0.0,0.0,0.0,21.31986611664744,-606.7259719294333,21.36375113348776,-147.34087254264638,21.35174860690899,-1336.9778425098,20.30914521429876,246.58246329258078,16.597206622789768,15.336913153604082,19.63674169589967,-50.72832351207268,17.74883776191062,221.04897704252984,16.23132995756922,-96.50030427707019,16.803015566048406,-471.7893989136365,1087.553693894321,1156.6520621183354,0.0,0.0,0.0,0.0,0.0,0.0,0.0,0.0,0.0,0.0,0.0,0.0,0.0,0.0,0.0,0.0,0.0,0.0,0.0,0.0,0.0,0.0,1.7171344915950706,0.5241558277152231,203.59467633636465,239.84957948254988,6661.876562115063,0.23041054135912146,0.035166444041379977,26.520046815009299,31.189161733671708,875.155365605248,1.719590043613446,0.3249414292542417,315.6521419185497,371.8032187233541,10297.918613070475,0.37992043044826187,0.07179146455938435,239.8496209507563,283.15215509318599,7498.663049364413,0.0,0.0,10.27661168261384,12.311506009036752,236.91109958692184,0.0,0.0,14.858482992816864,17.57971821647873,438.1298055439913,0.0,0.0,226.0644698402667,269.4823150502887,5830.435254691495,0.0,0.0,35.04860677156269,42.05159616616463,775.5170872733371,0.0,0.0,144.42828515020495,172.88498540632984,3381.8551857805134,41.794912296340658,28.665920642208975,303.3493042836865,360.22831808402068,9638.507665006404,0.0,0.0,173.75840629174329,209.4556313086441,3387.280032939385,604.2958993753307,21.6254135227071,31.690670362894406,21.20000000000001,30.00000000000001,0.0,21.696356783839236,37.961094947295567,21.000000000000008,30.00000000000001,1583.8383909506047,21.556404743407414,31.23446330493021,21.400000000000007,30.00000000000001,0.0,20.879315610123319,32.872005572584708,16.000000000000005,30.00000000000001,0.0,16.606863952215368,43.920323972675507,12.000000000000006,30.00000000000001,0.0,19.96246731740639,42.592079288514067,19.000000000000008,30.00000000000001,0.0,18.029188965609707,39.846413726339509,10.000000000000004,30.00000000000001,0.0,16.132120056454015,45.15103629138966,12.000000000000006,30.00000000000001,0.0,16.80587788443524,43.25971519760872,16.000000000000005,30.00000000000001,0.0,19.028864403607419,0.0,0.0,0.0,14.74769355287268,0.0,0.0,683.1866389533964,1039.5903932589895,649.8863424892129,667.7764892119994,715.6156160194985,1128.922233435872,698.3135704064275,709.5487707263674,709.2976812375566,5973.394653969881,80.968305650372,82.58634947114976,570.0000000000002,0.0,570.0000000000002,570.0000000000002,21.0,16.0,19.0,16.0,12.0,12.0,21.0,10.0,1.0,0.0,604.2958993753307,0.0,1583.8383909506047,0.0,0.0,0.0,0.0,0.0,2448.288246635536,1468972.9479813216,1902373.984283951,80.968305650372,82.61382922676342,0.21760960822118453,0.4325148778865136,0.21616882441179575,82.61382922676342,0.21255886916633252,1902373.984283951,0.11915844718276547 
 02/26  21:50:00,5.166666666666667,79.66666666666667,5.933333333333334,0.0,0.0,0.0,0.0,0.0,2.0,0.0,0.0,4.0,0.0,0.0,0.0,920.0,0.0,0.0,0.0,0.0,0.0,0.0,0.0,0.0,0.0,0.0,0.0,21.247114169367003,-504.98453513193479,21.330478624071526,-164.6468916693329,21.379638262657225,-1617.28741843019,20.279354374808656,287.79926821395659,16.590060488583036,17.790945300782739,19.63279552414453,-49.44393180052421,17.748018814990837,-5.146881352411583,16.123539046117963,-77.44217334926614,16.436125305521963,-373.22481176332669,1015.0095334637119,1316.7376989393197,0.0,0.0,0.0,0.0,0.0,0.0,0.0,0.0,0.0,0.0,0.0,0.0,0.0,0.0,0.0,0.0,0.0,0.0,0.0,0.0,0.0,0.0,1.7709393602719406,0.5405797803027902,199.2350731608878,234.51947801290113,6512.300350034422,0.2272428353171832,0.03468297242325752,28.965279494543393,34.05420940805809,954.895233586351,1.6771117789554786,0.3169145462878834,328.63135489028618,386.6820050592508,10780.922232797753,0.37745503489688156,0.07132559238414238,256.51218455545566,302.7613579859524,8016.176006650941,0.0,0.0,9.89906882242635,11.856324614955101,228.808541475194,0.0,0.0,14.95253297477003,17.68233822015416,442.09604235441699,0.0,0.0,254.94699395252395,303.8877780049223,6565.911417472406,0.0,0.0,34.749087464997369,41.708555333343969,762.5678710477608,0.0,0.0,175.8156212066144,210.79538168804897,3941.1826106022006,42.04940740400972,28.840471470514218,321.7130957991092,381.6051729831472,10242.579680517087,0.0,0.0,207.06239309281546,249.36805238206143,4129.757387227335,628.05425620899,21.398654090059499,32.215932720499477,21.25,30.0,0.0,21.655419560579355,37.886467988758479,21.0,30.0,1777.6539371268164,21.597941986664375,31.086083216135458,21.5,30.0,0.0,20.833363299202718,32.96767901562406,16.0,30.0,0.0,16.600475509767329,44.02405161672148,12.0,30.0,0.0,19.965864948616905,42.730594308940748,19.0,30.0,0.0,17.973849274852648,40.05414855092754,10.0,30.0,0.0,15.997736382450235,45.598774186888537,12.0,30.0,0.0,16.249048080012796,44.86731245423785,16.0,30.0,0.0,19.063610303493787,0.0,0.0,0.0,14.95251328494,0.0,0.0,687.3597291085,1030.2088285219825,645.3581452242225,667.3731453476449,719.0839593532247,1136.3150075492395,701.3693427979682,711.5923054558257,710.9693845110601,8646.939958837855,82.28724055475081,84.19833758395535,570.0,0.0,570.0,570.0,21.0,16.0,19.0,16.0,12.0,12.0,21.0,10.0,1.0,0.0,628.05425620899,0.0,1777.6539371268164,0.0,0.0,0.0,0.0,0.0,2891.9304777360746,1735158.2866416446,2255532.539360393,82.28724055475081,84.230794355918,0.35139768259120249,0.7683840490643822,0.36028137401965956,84.230794355918,0.3542647819438875,2255532.539360393,0.13733269204674046 
 02/26  22:00:00,5.13,80.0,6.05,0.0,0.0,0.0,0.0,0.0,2.0,0.0,0.0,4.0,0.0,0.0,0.0,690.0,0.0,0.0,0.0,0.0,0.0,0.0,0.0,0.0,0.0,0.0,0.0,21.245028860905884,-531.7366043006744,21.304407620889145,-130.70253561179315,21.466237359079856,-1686.129534237601,20.293864821150345,332.3016790745699,16.58262599186137,16.27982412407396,19.617768579636058,-61.34419013373657,17.6934071039744,127.00761786832341,16.054025500376669,-70.21458901751284,17.113382792087273,-567.7402325899834,1159.380361382743,1237.3712726206643,0.0,0.0,0.0,0.0,0.0,0.0,0.0,0.0,0.0,0.0,0.0,0.0,0.0,0.0,0.0,0.0,0.0,0.0,0.0,0.0,0.0,0.0,1.731775112432385,0.5286248816948678,259.68907962760889,305.7937252092097,8361.523119979738,0.2462500826859943,0.03758395645390636,24.95585519670219,29.32861792523154,825.0633316075648,1.7001406993052444,0.3212661941241962,408.239127363679,479.85172212811156,13562.884068363564,0.390022480216825,0.0737003930870796,284.8738956557359,336.02956886819558,8936.743968030903,0.0,0.0,10.332984922958766,12.370860210384056,239.46522963420257,0.0,0.0,15.54409572920633,18.376314544870139,460.1920459861271,0.0,0.0,247.3643880471638,294.88657827635526,6357.690646009176,0.0,0.0,35.20095433948287,42.23499420437703,770.1989937385495,0.0,0.0,164.7902532148314,197.11243464854324,3932.428888149362,42.44756207557688,29.113554235649475,394.82059037529089,467.90392819484267,12470.845493633798,0.0,0.0,195.2578537711833,235.25618133106543,3860.660188898962,480.31694671073947,21.448291704190198,32.245199773912137,21.000000000000015,30.00000000000002,0.0,21.631679861682643,38.143436887911118,21.000000000000015,30.00000000000002,2013.294789658727,21.76083123982756,30.91533711333995,22.000000000000019,30.00000000000002,0.0,20.862533680186645,32.97875480692346,16.000000000000015,30.00000000000002,0.0,16.593641848251509,44.12924541711194,12.00000000000001,30.00000000000002,0.0,19.94862370357562,42.716957522925898,19.000000000000015,30.00000000000002,0.0,17.91376301171281,40.215741722253827,10.000000000000007,30.00000000000002,0.0,15.927785710196704,45.85911525410718,12.00000000000001,30.00000000000002,1889.5147924402809,17.093357319473925,42.662390394953877,16.66666666666668,30.00000000000002,0.0,19.297390166328733,0.0,0.0,0.0,14.805875658663315,0.0,0.0,694.174106516919,1042.8644966798616,652.9819442913207,670.7727379831841,722.4960316541583,1132.0257302990947,701.3773421275893,713.5090526669576,713.5565628475371,10565.122133417859,81.0188657278446,85.96772087286733,570.0000000000005,0.0,570.0000000000005,570.0000000000005,21.0,16.0,19.0,16.0,12.0,12.0,21.0,10.0,1.0,0.0,480.31694671073947,0.0,2013.294789658727,0.0,0.0,0.0,0.0,1889.5147924402809,7488.998532980582,4493399.119788347,5852724.126875619,81.0188657278446,86.05176886230142,0.3629666177660195,0.7691905927473643,0.3602813740196598,86.05176886230142,0.3542647819438878,5852724.126875619,0.3241966545975322 
 02/26  22:10:00,5.138333333333334,80.0,6.12,0.0,0.0,0.0,0.0,0.0,2.0,0.0,0.0,4.0,0.0,0.0,0.0,1610.0,0.0,0.0,0.0,0.0,0.0,0.0,0.0,0.0,0.0,0.0,0.0,21.385524304067788,-1240.4201811869762,21.2889164591283,-141.31487908085144,21.071161590228507,-354.73829138941178,20.302427688903444,179.08924034510933,16.57068830374106,13.253445559141051,19.60634357560841,-46.671291555128338,17.66682771632609,-70.51110270587196,15.96948637682656,-85.35940854510695,18.547697883913189,-806.2174853448669,1058.7252563085506,1595.0767830154217,0.0,0.0,0.0,0.0,0.0,0.0,0.0,0.0,0.0,0.0,0.0,0.0,0.0,0.0,0.0,0.0,0.0,0.0,0.0,0.0,0.0,0.0,1.7044227149471596,0.5202755540131745,245.81969139999178,289.2879117480301,8118.898416909579,0.24106651940082964,0.03679281431636594,25.08364009392004,29.510485745497748,827.8687373209334,1.7784464351536547,0.3360631963631246,254.73622184465519,300.5006112056703,8213.82240715095,0.3813189409369681,0.0720557333592154,213.120212688644,251.66650784846818,6678.110932873732,0.0,0.0,11.543154726871175,13.826110165296648,266.9211729101754,0.0,0.0,14.737350767113924,17.434005252016754,435.79418824422199,0.0,0.0,232.3086279794906,277.0120521127459,5920.181253657143,0.0,0.0,50.45406362548057,60.59088314624144,1092.0369821648206,0.0,0.0,194.14115563281235,230.0039546308173,5623.101351282561,42.31585224193923,29.02321827293501,251.28389433129838,298.87852381791898,8037.76512987928,0.0,0.0,189.46740154058876,227.85655143425965,3910.370939384012,1571.5355332787283,21.64493058173447,31.411177993962679,21.857142857142855,29.999999999999994,0.0,21.619588082877756,38.28385974836254,21.0,29.999999999999994,0.0,21.24196640709728,31.98439733291453,21.0,29.999999999999994,0.0,20.863534086657756,32.942751198377809,16.0,29.999999999999994,0.0,16.579506930381038,44.10925076078963,12.0,29.999999999999994,0.0,19.943695514859777,41.51919121994044,19.0,29.999999999999994,0.0,17.84181700498961,40.45151301480465,10.0,29.999999999999994,0.0,15.820612989253434,46.31124538732236,12.0,29.999999999999994,2280.9920140510168,19.5004712645637,36.59818325834657,19.857142857142859,29.999999999999994,0.0,18.773837325634557,0.0,0.0,0.0,15.12586015793232,0.0,0.0,667.6306575496764,1049.5808752218255,656.4521133861488,668.0421451557795,719.165099402092,1111.416864871501,703.6441439604178,719.2547724217525,711.075495527113,9784.999893966118,81.53482406165822,83.6084804293842,570.0,0.0,570.0,570.0,21.0,16.0,19.0,19.0,12.0,12.0,21.0,10.0,1.0,0.0,1571.5355332787283,0.0,0.0,0.0,0.0,0.0,0.0,2280.9920140510168,3138.0863141675638,1882851.7885005386,2437054.9284297947,81.53482406165822,83.64369799857488,0.34746001999606176,0.7683620174189699,0.3602813740196596,83.64369799857488,0.35426478194388746,2437054.9284297947,0.1463918562783493 
 02/26  22:20:00,5.1466666666666669,80.0,6.19,0.0,0.0,0.0,0.0,0.0,2.0,0.0,0.0,4.0,0.0,0.0,0.0,460.0,0.0,0.0,0.0,0.0,0.0,0.0,0.0,0.0,0.0,0.0,0.0,21.45116172631393,-1691.727733827629,21.26091786367961,-146.250912478979,20.83102635846185,125.95464995821522,20.183643573905316,192.70726012588239,16.55725014231471,13.191668738618489,19.583500908525396,-55.822918165381057,17.4926608314189,31.902827321921906,15.930719255807304,-44.39520054335969,18.696317563815307,-813.1543564819822,938.0324225699947,1532.4385538223087,0.0,0.0,0.0,0.0,0.0,0.0,0.0,0.0,0.0,0.0,0.0,0.0,0.0,0.0,0.0,0.0,0.0,0.0,0.0,0.0,0.0,0.0,1.6638608198187504,0.5078940231436968,287.48333207344549,337.871382824398,9475.790995691132,0.23656080173820749,0.036105128470422399,24.55779140487879,28.83820010736971,808.7100003844369,1.8112316351231413,0.34225843445259676,218.9428564772519,257.7981330909978,7000.625093426324,0.3872130807529508,0.07316951639322575,211.31902100856525,249.23838981268677,6535.832053708325,0.0,0.0,11.965053431748086,14.310539271460176,276.1285947403625,0.0,0.0,14.984658004127884,17.705721762328645,442.03733233426717,0.0,0.0,244.68609983548579,291.67092956567566,6116.904406706377,0.0,0.0,50.27658046421681,60.29511939983792,1085.9647153001709,0.0,0.0,211.3309927452222,250.23348673791277,6071.412418306611,42.236696350026338,28.96892753774098,227.70521465886675,270.31902071258056,7348.085796344936,0.0,0.0,200.04610861294689,240.16923711031746,4203.0053884826679,1823.7417981589325,21.68437018116211,31.102419903145284,22.0,30.0,0.0,21.58747736487767,38.57994019696565,21.0,30.0,0.0,21.106650390570793,32.43421093790595,21.0,30.0,0.0,20.66319084790299,33.44733540096102,16.0,30.0,0.0,16.563994074687796,44.0279593894267,12.0,30.0,0.0,19.91434444388019,39.483697110349527,19.0,30.0,0.0,17.559585144658759,41.097124192311159,10.0,30.0,0.0,15.803968324861355,46.36850526653804,12.0,30.0,1556.7118141114959,19.52181502316691,36.50011049148775,19.5,30.0,0.0,18.73683388423956,0.0,0.0,0.0,15.483277564450689,0.0,0.0,654.2487790055754,1061.8641046512349,666.6371248684867,673.0797622914046,713.038674293673,1061.5504606193618,700.5831925383105,720.2220621698727,708.8682507554156,9867.466571781339,81.48025274283615,85.13726558025837,570.0,0.0,570.0,570.0,21.0,16.0,19.0,19.0,12.0,12.0,21.0,10.0,1.0,0.0,1823.7417981589325,0.0,0.0,0.0,0.0,0.0,0.0,1556.7118141114959,5534.169254242962,3320501.552545777,4309003.6261455309,81.48025274283615,85.19937379868725,0.3544723084747654,0.7707622284828912,0.36028137401965956,85.19937379868725,0.3542647819438875,4309003.6261455309,0.2435748552262343 
 02/26  22:30:00,5.154999999999999,80.0,6.26,0.0,0.0,0.0,0.0,0.0,2.0,0.0,0.0,4.0,0.0,0.0,0.0,690.0,0.0,0.0,0.0,0.0,0.0,0.0,0.0,0.0,0.0,0.0,0.0,21.46382877076236,-1716.0949304478859,21.236797380092985,-151.4395088257553,20.755078061516327,128.74708403956837,20.129697334688666,216.59058770978715,16.54520253982942,13.348143804609716,19.56044913270695,-57.274310607849148,17.511106069197127,28.62018824265911,15.92158798560775,-26.796871871276218,18.708213359548638,-800.0102955549985,912.685092795276,1597.9791025116679,0.0,0.0,0.0,0.0,0.0,0.0,0.0,0.0,0.0,0.0,0.0,0.0,0.0,0.0,0.0,0.0,0.0,0.0,0.0,0.0,0.0,0.0,1.6491190333178843,0.5033940883143724,293.03183978579957,344.64910916433487,9645.317124033147,0.22684764672048847,0.03462265670337125,25.69036876591379,30.18707489451775,843.442867183413,1.8058770054317317,0.3412465996658601,224.26792445233853,264.3039600850119,7144.737596707986,0.3931000785422143,0.07428194983790894,232.10029666806617,273.9604714327266,7138.033427985392,0.0,0.0,11.924102022223181,14.270413213274905,274.6144142565375,0.0,0.0,15.078742506458239,17.833246760239719,443.6368029189134,0.0,0.0,251.13855316523326,299.5141682982758,6292.530397541522,0.0,0.0,49.600256048995429,59.507798470525248,1073.0252289656206,0.0,0.0,217.76288278781517,258.16117413895429,6183.363864013113,42.121228765018077,28.88973166324971,233.44347191107645,277.3894668381127,7455.402523046821,0.0,0.0,206.28325013781507,247.82728748585925,4326.013373669685,1880.064534750768,21.666729378864909,31.205563804633628,21.999999999999994,29.99999999999999,0.0,21.562514473382625,38.66264092982894,20.999999999999994,29.99999999999999,0.0,21.06448577880633,32.38465466342268,20.999999999999994,29.99999999999999,0.0,20.58547090674979,33.590237821062299,15.999999999999993,29.99999999999999,0.0,16.551407642906285,43.967058667769887,11.999999999999995,29.99999999999999,0.0,19.88691403262345,38.49307330220809,18.999999999999994,29.99999999999999,0.0,17.603650522836955,40.851739627051028,9.999999999999997,29.99999999999999,0.0,15.832480797770103,46.17085862556196,11.999999999999995,29.99999999999999,1078.1502564247565,19.36644233373959,36.71480023348613,19.33333333333333,29.99999999999999,0.0,18.673313066374566,0.0,0.0,0.0,15.461558503176427,0.0,0.0,657.9892026153931,1063.5907476152807,658.8985321994561,671.8898790148568,709.0630526680058,1035.4683770408543,695.7815490750454,717.1586037059487,704.0625170938381,8654.030718538643,82.28274213853897,82.28274213853897,569.9999999999998,0.0,569.9999999999998,569.9999999999998,21.0,16.0,19.0,19.0,12.0,12.0,21.0,10.0,1.0,0.0,1880.064534750768,0.0,0.0,0.0,0.0,0.0,0.0,1078.1502564247565,0.0,0.0,0.0,82.28274213853897,82.28274213853897,0.3399999999999999,0.7713110649346802,0.36028137401965945,82.28274213853897,0.35426478194388735,0.0,0.019348333333333333 
 02/26  22:40:00,5.163333333333333,80.0,6.33,0.0,0.0,0.0,0.0,0.0,2.0,0.0,0.0,0.0,0.0,0.0,0.0,1150.0,0.0,0.0,0.0,0.0,0.0,0.0,0.0,0.0,0.0,0.0,0.0,21.403766696620527,-1081.8381716447682,20.96527093234409,-250.5413526436247,21.15742327182955,-993.0437403762032,20.12684803752297,361.2087377811405,16.535609770198805,15.769823911763929,19.432151284073635,-69.83214464066382,17.491049031256315,2.133468245360204,15.910517045463746,-10.116201908622648,18.66944962358695,-977.7200386235586,1101.7918041060653,1797.4250444440959,0.0,0.0,0.0,0.0,0.0,0.0,0.0,0.0,0.0,0.0,0.0,0.0,0.0,0.0,0.0,0.0,0.0,0.0,0.0,0.0,0.0,0.0,1.638083036923076,0.5000253470461162,356.5025753039335,419.8060799628051,11579.472936892578,0.3029231510116174,0.04623369215684027,178.13087296921419,210.03740698154577,5665.104666116584,1.694567136861186,0.3202129888248654,339.8708428349638,399.857289764087,11030.580422844032,0.38622808995862675,0.07298338812521294,261.84528528730388,309.02807653639908,8062.312676657077,0.0,0.0,12.713440389888702,15.221290388488889,292.30903438311716,0.0,0.0,16.11932926408501,19.083092192734925,469.3756830408697,0.0,0.0,272.2296738779812,324.77268422584987,6801.183045092631,0.0,0.0,50.75610052070437,60.916151384106118,1098.6401386270414,0.0,0.0,238.4586407866025,282.54710598173548,6869.513524087153,42.116063203955388,28.88618875442758,416.79831748647737,494.0083789552876,13069.633830326871,0.0,0.0,227.4341982255737,273.04378622161058,4890.7558196796639,1342.3260789845816,21.539764428282596,33.392629757663829,21.60000000000001,30.00000000000001,0.0,21.12670423779403,34.465619492693267,12.000000000000006,30.00000000000001,1744.5807764725947,21.413257390279516,33.4353806057551,21.400000000000007,30.00000000000001,0.0,20.598706204906056,34.85588312043774,16.000000000000005,30.00000000000001,0.0,16.543532711312964,43.98771866036504,12.000000000000006,30.00000000000001,0.0,19.739536142941018,38.007183229089118,12.000000000000006,30.00000000000001,0.0,17.57474852972498,41.56892382380632,10.000000000000004,30.00000000000001,0.0,15.85082341742856,45.983497147834459,12.000000000000006,30.00000000000001,901.4404260290011,19.560132721087795,36.626704612132218,19.40000000000001,30.00000000000001,0.0,19.248528058936498,0.0,0.0,0.0,15.738158296615723,0.0,0.0,768.2938690208267,780.5763638771146,754.3060740226778,739.9655631148304,709.5426915397852,1009.5675007188427,725.3948777142638,713.5548097111237,722.457630760631,9642.897739918282,81.62887567404936,81.62887567404936,60.00000000000002,0.0,60.00000000000002,60.00000000000002,12.0,16.0,12.0,19.0,12.0,12.0,21.0,10.0,1.0,0.0,1342.3260789845816,0.0,1744.5807764725947,0.0,0.0,0.0,0.0,901.4404260290011,0.0,0.0,0.0,81.62887567404936,81.62887567404936,0.34000000000000016,0.7718937386206669,0.36028137401965967,81.62887567404936,0.35426478194388769,0.0,0.00202 
 02/26  22:50:00,5.171666666666666,80.0,6.3999999999999999,0.0,0.0,0.0,0.0,0.0,2.0,0.0,0.0,0.0,0.0,0.0,0.0,920.0,0.0,0.0,0.0,0.0,0.0,0.0,0.0,0.0,0.0,0.0,0.0,21.25943727411162,-190.39154903371674,20.819972504289603,17.99513257640257,21.29103618174903,-1996.9388961968717,20.309405600491894,488.07038801629735,16.525806648564755,14.464935745467585,19.285907609307026,-71.58648155157269,17.408270129667146,-46.21929839757058,15.907267170214869,-6.6960369464867999,18.94447602640977,-1144.7941585547758,1201.065469964925,1890.0429505395483,0.0,0.0,0.0,0.0,0.0,0.0,0.0,0.0,0.0,0.0,0.0,0.0,0.0,0.0,0.0,0.0,0.0,0.0,0.0,0.0,0.0,0.0,1.7531178373127705,0.5351397549794782,281.8483859349448,332.0661383674318,8986.231843557784,0.34497127934461815,0.0526512941612665,120.57768387068207,142.08868982570838,3797.3072238217439,1.5053836080707624,0.28446402268910866,469.07021509980788,551.2493124456698,15419.595741580193,0.3599500062577916,0.06801776384312008,294.72281989297667,347.404999073048,9238.874012644212,0.0,0.0,12.695265072894842,15.193356086767683,291.4181331545101,0.0,0.0,16.267424414395255,19.263766106858925,467.1928292586353,0.0,0.0,282.7365019871977,337.2817653700298,6977.918940533943,0.0,0.0,49.26148727119832,59.089957244513659,1067.9310004261197,0.0,0.0,251.97286668842907,298.21587983490999,7323.674046596188,42.1154196834932,28.88574738236846,478.3160651993651,566.309124572921,15011.931145443956,0.0,0.0,243.14559675775275,291.52707588896069,5309.325854153778,0.0,21.13476401211172,33.149041458684738,21.0,30.0,0.0,20.976850516630447,33.99273847081851,12.0,30.0,1881.4964157337439,21.70350713856135,32.03765981429251,21.75,30.0,0.0,20.928353486929504,33.88329542024919,16.0,30.0,0.0,16.534629146776035,44.19765827715996,12.0,30.0,0.0,19.541972855826946,37.800283239301858,12.0,30.0,0.0,17.43216493325795,41.95126917978155,10.0,30.0,0.0,15.877465557845858,46.16235202881896,12.0,30.0,1828.1768361321888,19.72895498035429,36.33253188268363,19.75,30.0,0.0,19.630014566612286,0.0,0.0,0.0,15.924846699361697,0.0,0.0,708.3708822201811,740.7485754999244,708.493548853405,724.2751006735537,718.0467320779594,987.9505676942675,726.9424230548947,724.8110310389149,729.2139106722234,7728.4586949954359,81.80952907732511,85.57374823480763,60.0,0.0,60.0,60.0,12.0,16.0,12.0,19.0,12.0,12.0,21.0,10.0,1.0,0.0,0.0,0.0,1881.4964157337439,0.0,0.0,0.0,0.0,1828.1768361321888,5696.217583095202,3417730.549857121,4456688.774920564,81.80952907732511,85.63767717245168,0.27487391943650676,0.5742626049719906,0.27021103051474468,85.63767717245168,0.2656985864579156,4456688.774920564,0.23373448296253603 
 02/26  23:00:00,5.18,80.0,6.47,0.0,0.0,0.0,0.0,0.0,2.0,0.0,0.0,0.0,0.0,0.0,0.0,693.0,0.0,0.0,0.0,0.0,0.0,0.0,0.0,0.0,0.0,0.0,0.0,21.418169614591944,-1111.5832466058308,20.76973988147565,183.77467850942549,21.23018954818357,-1356.830442811175,20.337485793883326,236.81068251331778,16.51389739254264,15.009697164523527,19.16253323358596,-67.98824673883918,17.411664824175767,59.879344849224597,15.901564624541962,-12.258138676229855,18.915118340301328,-978.7102384490577,1206.4181997306978,1655.0658252095332,0.0,0.0,0.0,0.0,0.0,0.0,0.0,0.0,0.0,0.0,0.0,0.0,0.0,0.0,0.0,0.0,0.0,0.0,0.0,0.0,0.0,0.0,1.7170181716761724,0.5241203210244732,348.5893615880217,409.43864667335307,11505.793368348655,0.35341645942767876,0.053940241060390577,198.15684623430657,233.2737622181334,6227.652647779247,1.5912548967503062,0.30069064564442707,428.73839558289589,504.00752426244437,13987.921463073431,0.35592515862335907,0.06725721062421755,249.42228790014759,293.74395670686206,7828.845569964107,0.0,0.0,12.995106436220642,15.543498206940532,297.75483208310637,0.0,0.0,16.59945842199545,19.658459030864795,471.32221175296766,0.0,0.0,269.09685712426309,320.81813905338006,6668.456917832157,0.0,0.0,48.04425174775416,57.591836846619,1042.3599312079533,0.0,0.0,233.12488912398764,276.00389698762987,6683.438410410834,42.023808448722949,28.82291388801303,515.7601636222682,610.0687040334711,16128.09055961244,0.0,0.0,222.67011316839266,267.0179346018864,4801.122645994517,1489.9400271513947,21.742472876082979,31.816459571613444,21.666666666666687,30.00000000000002,0.0,20.956917999657127,33.50671987360441,12.00000000000001,30.00000000000002,2035.572177216296,21.606241345427159,32.0967054799453,21.666666666666687,30.00000000000002,0.0,20.91847229091275,33.53970047401877,16.000000000000015,30.00000000000002,0.0,16.523010528998698,44.30793660695034,12.00000000000001,30.00000000000002,0.0,19.381081684756074,37.71328907206738,12.00000000000001,30.00000000000002,0.0,17.496403846204694,41.68014099945707,10.000000000000007,30.00000000000002,0.0,15.896617151768169,46.23783221315617,12.00000000000001,30.00000000000002,1741.4278118270502,19.543539276570834,36.72747492411718,19.666666666666683,30.00000000000002,0.0,19.664070428754444,0.0,0.0,0.0,15.783965989661257,0.0,0.0,701.7916252243524,712.7916244572241,700.997162997457,705.3202888479116,722.1749275139362,970.8817370888876,722.853166902712,731.1223826470256,727.3448770744897,9553.940741884542,81.68747842389925,84.33626514743162,60.00000000000004,0.0,60.00000000000004,60.00000000000004,12.0,16.0,12.0,19.0,12.0,12.0,21.0,10.0,1.0,0.0,1489.9400271513947,0.0,2035.572177216296,0.0,0.0,0.0,0.0,1741.4278118270502,4008.033704757251,2404820.222854349,3121525.7433362959,81.68747842389925,84.38125033936567,0.36026779015857526,0.7671982759234013,0.3602813740196598,84.38125033936567,0.3542647819438878,3121525.7433362959,0.1642726719868207 
 02/26  23:10:00,5.206666666666666,80.16666666666667,6.518333333333333,0.0,0.0,0.0,0.0,0.0,2.0,0.0,0.0,0.0,0.0,0.0,0.0,1617.0,0.0,0.0,0.0,0.0,0.0,0.0,0.0,0.0,0.0,0.0,0.0,20.95647510937367,-406.2396700873938,20.732089840089125,-168.59555054060659,20.81353516719701,-662.4063095666706,20.294005371182338,9.963593668496799,16.50300030261017,14.178331693892793,19.070668697365109,-56.99741335775482,17.422932392110796,4.7540867002664,15.869540390142065,-22.09962232660584,18.55971060141515,-677.9018160616735,862.2853451558468,1481.9166496666115,0.0,0.0,0.0,0.0,0.0,0.0,0.0,0.0,0.0,0.0,0.0,0.0,0.0,0.0,0.0,0.0,0.0,0.0,0.0,0.0,0.0,0.0,1.679524491405695,0.5126753636769521,175.98685114804813,207.60219040560464,5592.46708724806,0.32636760367745545,0.049811905323176957,109.14790254915752,128.83009834179428,3423.815022171193,1.6067189479705797,0.3036128019596713,195.19631231292807,230.1812827168535,6226.740265989375,0.3320581267977436,0.06274718949314881,133.30296853250196,157.3858936362366,4163.029548485879,0.0,0.0,12.240921349604479,14.652782079350058,279.50486743208378,0.0,0.0,14.974011909524972,17.755661501577085,421.2675491703554,0.0,0.0,244.97586622052683,292.2739621415588,6064.261194585788,0.0,0.0,47.15204026193227,56.566188924202339,1017.1689943174049,0.0,0.0,210.76502856417722,250.1301587370631,5841.2209208687,41.69120016848374,28.5947874955307,225.54251415343456,268.05896066635577,7301.235113677525,0.0,0.0,200.99160230078804,241.42199799109009,4221.017632130421,0.0,20.9550664417306,33.07279130267612,21.428571428571428,29.999999999999994,0.0,20.918410605279186,33.13528672066064,12.0,29.999999999999994,0.0,21.021895836467647,32.7444283759417,21.428571428571428,29.999999999999994,0.0,20.831681292077155,33.34067165972839,12.0,29.999999999999994,0.0,16.514214080678256,44.3203121016592,12.0,29.999999999999994,0.0,19.274502225406857,37.691041027782507,12.0,29.999999999999994,0.0,17.50643797096022,41.47438163800972,10.0,29.999999999999994,0.0,15.86392941886007,46.28057862177407,12.0,29.999999999999994,0.0,19.01703052160346,37.80861119591466,19.428571428571428,29.999999999999994,0.0,18.1286030507061,0.0,0.0,0.0,15.524156210930837,0.0,0.0,687.3534539427433,689.7949491563786,674.2126384186948,685.8766688114763,722.3608858796562,962.943802731169,715.6435300410784,729.4789793978403,721.3534845169616,0.0,83.88067471042099,83.88067471042099,59.999999999999989,0.0,59.999999999999989,59.999999999999989,12.0,12.0,12.0,19.0,12.0,12.0,21.0,10.0,0.0,0.0,0.0,0.0,0.0,0.0,0.0,0.0,0.0,0.0,0.0,0.0,0.0,83.88067471042099,83.88067471042099,0.0,0.0,0.0,83.88067471042099,0.0,0.0,0.00192 
 02/26  23:20:00,5.233333333333333,80.33333333333334,6.566666666666666,0.0,0.0,0.0,0.0,0.0,2.0,0.0,0.0,0.0,0.0,0.0,0.0,924.0,0.0,0.0,0.0,0.0,0.0,0.0,0.0,0.0,0.0,0.0,0.0,20.49730274449979,-215.25308096314417,20.420760771044628,-369.22711677954717,20.30884868114049,-409.26262455079645,19.973389010076347,-80.25776572756843,16.486105588645374,8.740835661170835,18.997919074266578,-44.2271352229144,17.344023651452866,-23.593041765439467,15.80729769256019,-65.9207479927037,18.01244570358401,-259.3544602796901,754.4145566855463,1126.266846722834,0.0,0.0,0.0,0.0,0.0,0.0,0.0,0.0,0.0,0.0,0.0,0.0,0.0,0.0,0.0,0.0,0.0,0.0,0.0,0.0,0.0,0.0,1.6168453134633519,0.49354252547721369,170.54231183681444,201.32222932325568,5138.50247353377,0.29491625082656716,0.0450116377940426,93.51431089083977,110.36397976337045,2814.0509338634449,1.5710693968495724,0.2968763032595565,154.72730737223587,182.82052719883908,4663.122870297065,0.3098261340448672,0.05854613266153952,103.5220373757879,122.30837420719958,3106.1017019792136,0.0,0.0,10.866834743693986,13.000137925191897,247.07300702233028,0.0,0.0,12.457650711817007,14.76583327662517,347.6613831158089,0.0,0.0,191.46524553826203,228.39347493419519,4683.276962941216,0.0,0.0,43.57563858113326,52.25754851319812,929.5234047217585,0.0,0.0,159.4006841874217,189.64205186427936,4136.047003613195,41.269136212475107,28.305306044221618,184.7952676613243,219.68286927443098,5911.463737459853,0.0,0.0,150.436052761264,181.0752862370896,2923.7422895134297,0.0,20.24801448740212,33.9118928198587,22.0,30.0,0.0,20.387008743976986,33.38636159944014,12.0,30.0,0.0,20.20965206220432,33.818891836027827,22.0,30.0,0.0,20.248213548553687,34.00122414639597,12.0,30.0,0.0,16.493615727931475,44.2784438257946,12.0,30.0,0.0,19.18745925869326,37.66584626824025,12.0,30.0,0.0,17.382689011620355,41.43216872315805,10.0,30.0,0.0,15.76875287807613,46.43335026605213,12.0,30.0,0.0,18.142711524033027,39.714860272966998,20.0,30.0,0.0,18.20965360763667,0.0,0.0,0.0,14.733531931093438,0.0,0.0,653.8690367593649,640.2776070899886,641.4616177040057,655.7531789127472,719.0052642756051,972.5273373679387,699.8391918507718,725.4291776641813,711.2293502578264,0.0,83.88067471042099,83.88067471042099,60.0,0.0,60.0,60.0,12.0,12.0,12.0,19.0,12.0,12.0,21.0,10.0,0.0,0.0,0.0,0.0,0.0,0.0,0.0,0.0,0.0,0.0,0.0,0.0,0.0,83.88067471042099,83.88067471042099,0.0,0.0,0.0,83.88067471042099,0.0,0.0,0.0019166666666666666 
 02/26  23:30:00,5.26,80.5,6.615,0.0,0.0,0.0,0.0,0.0,2.0,0.0,0.0,0.0,0.0,0.0,0.0,693.0,0.0,0.0,0.0,0.0,0.0,0.0,0.0,0.0,0.0,0.0,0.0,20.16210996789293,-227.97439065178444,20.107052922044365,-372.71282344315599,20.038303251474575,-249.81005233489993,19.759144691883379,-73.02463175804118,16.463432611955868,4.567102975957746,18.937930326647029,-38.81402807758334,17.261395631133806,-38.332859443127428,15.704193139888983,-97.7418069494997,17.755210743552096,-147.05882271436253,680.2120876280442,908.7498552963823,0.0,0.0,0.0,0.0,0.0,0.0,0.0,0.0,0.0,0.0,0.0,0.0,0.0,0.0,0.0,0.0,0.0,0.0,0.0,0.0,0.0,0.0,1.5758545785958205,0.48103009114646519,237.54268887394523,280.6598371131605,6891.720624567508,0.2872658479108585,0.043843993881388657,140.1644012756309,165.59399591005713,4082.5803466128265,1.4962049714320996,0.2827295864384164,115.71314216546753,136.7468979881299,3401.9350655041546,0.29199862091442599,0.055177366008016957,45.388236007397939,53.69320988069657,1333.2293162798556,0.0,0.0,9.99130122822394,11.947154828973476,226.01967802700347,0.0,0.0,12.013815770934999,14.232484521122214,333.054847457798,0.0,0.0,157.62924813569135,187.9965580275765,3807.6397775617008,0.0,0.0,41.66073274309296,49.958903231341768,872.7052562242236,0.0,0.0,127.97626339869923,152.34657041321328,3222.237876206288,40.89436696814255,28.048262666764438,200.36505830995089,238.12291838835075,6185.08559346278,0.0,0.0,119.61266870309936,144.14515819890614,2189.140881152095,0.0,19.762699304790055,34.503624154146759,21.999999999999994,29.99999999999999,0.0,19.890614122953779,33.92801160994686,11.999999999999995,29.99999999999999,0.0,19.85530730693759,34.25250900599616,21.999999999999994,29.99999999999999,0.0,19.89627394818202,34.434882266257279,11.999999999999995,29.99999999999999,0.0,16.464299145241477,44.173347773902509,11.999999999999995,29.99999999999999,0.0,19.122251063140796,37.57870695375199,11.999999999999995,29.99999999999999,0.0,17.25513310188737,41.3600551914444,9.999999999999997,29.99999999999999,0.0,15.602383265102479,46.754191157682019,11.999999999999995,29.99999999999999,0.0,17.78522089049591,40.3060686737453,19.999999999999994,29.99999999999999,0.0,17.994205053264765,0.0,0.0,0.0,14.227126546944703,0.0,0.0,628.2946753420638,610.4008624393383,624.0286751851635,639.4063604284731,711.9649784184827,982.8262211574449,681.2830461132531,720.4697687107234,696.717251248034,0.0,83.88067471042095,83.88067471042095,59.99999999999998,0.0,59.99999999999998,59.99999999999998,12.0,12.0,12.0,19.0,12.0,12.0,21.0,10.0,0.0,0.0,0.0,0.0,0.0,0.0,0.0,0.0,0.0,0.0,0.0,0.0,0.0,83.88067471042095,83.88067471042095,0.0,0.0,0.0,83.88067471042095,0.0,0.0,0.0019133333333333334 
 02/26  23:40:00,5.286666666666666,80.66666666666667,6.663333333333332,0.0,0.0,0.0,0.0,0.0,2.0,0.0,0.0,0.0,0.0,0.0,0.0,462.0,0.0,0.0,0.0,0.0,0.0,0.0,0.0,0.0,0.0,0.0,0.0,19.89702368786002,-306.87484767053686,19.919451810841204,-140.9309270971158,19.806678570259359,-238.8988016830831,19.566454663472905,-119.90633811779034,16.43814413588659,2.5925077456113865,18.881827690294693,-42.28419639162966,17.184879576993084,-22.3627716287324,15.597586238856593,-108.98524484637929,17.5861950918518,-114.8263271838371,605.4751069150768,834.9084365777574,0.0,0.0,0.0,0.0,0.0,0.0,0.0,0.0,0.0,0.0,0.0,0.0,0.0,0.0,0.0,0.0,0.0,0.0,0.0,0.0,0.0,0.0,1.5358819897461765,0.4688284461984667,172.58553801996656,204.1377800395225,4904.277824956373,0.29192859884316149,0.04455564695408448,94.30916139820954,111.44147049916177,2709.4026334663915,1.4635461974398765,0.27655823836732376,96.63995520080232,114.22332166447639,2787.1877186423764,0.28858211693604438,0.05453176812850422,95.15920704312524,112.44502708129727,2720.8229020749847,0.0,0.0,9.866347106117026,11.786473369590305,222.01886919791898,0.0,0.0,11.885386144128919,14.069965696751737,327.42739723745287,0.0,0.0,147.89068570865534,176.2650153169639,3531.6815207440597,0.0,0.0,41.276316980262979,49.47991850465612,848.9451541352694,0.0,0.0,118.10336053288794,140.5553934868683,2916.8264017930716,40.67193057630813,27.895699983750448,162.85895236176553,193.6044388153199,5103.344206249751,0.0,0.0,109.23345505773759,131.61774445086179,1939.2391068844366,0.0,19.404489264393555,34.88711550157241,22.000000000000008,30.00000000000001,0.0,19.6515572633554,34.26911528396398,12.000000000000004,30.00000000000001,0.0,19.553698327227474,34.663167913949219,22.000000000000008,30.00000000000001,0.0,19.58494384688034,34.673041697246379,12.000000000000004,30.00000000000001,0.0,16.432573417997909,44.00946806746781,12.000000000000004,30.00000000000001,0.0,19.061077059480025,37.442207380663678,12.000000000000004,30.00000000000001,0.0,17.145728057983008,41.39849885323625,10.000000000000004,30.00000000000001,0.0,15.437024911592922,47.00742789847402,12.000000000000004,30.00000000000001,0.0,17.56896914666742,40.54338984306718,20.000000000000008,30.00000000000001,0.0,17.741054685370906,0.0,0.0,0.0,13.986374673703324,0.0,0.0,604.7890549129721,600.5482177249089,610.2009170165206,614.8438598596895,701.8436142020477,984.9484756577015,670.5370529189613,712.9193948819441,682.1120796672703,0.0,83.88067471042102,83.88067471042102,60.00000000000002,0.0,60.00000000000002,60.00000000000002,12.0,12.0,12.0,19.0,12.0,12.0,21.0,10.0,0.0,0.0,0.0,0.0,0.0,0.0,0.0,0.0,0.0,0.0,0.0,0.0,0.0,83.88067471042102,83.88067471042102,0.0,0.0,0.0,83.88067471042102,0.0,0.0,0.00191 
 02/26  23:50:00,5.3133333333333339,80.83333333333333,6.711666666666667,0.0,0.0,0.0,0.0,0.0,2.0,0.0,0.0,0.0,0.0,0.0,0.0,462.0,0.0,0.0,0.0,0.0,0.0,0.0,0.0,0.0,0.0,0.0,0.0,19.64736954255843,-101.39689340328005,19.802614820443748,-368.05110214549497,19.514310693718465,-255.9347589560557,19.39158395117661,-233.61652508131648,16.411794223997608,-0.5816375121345629,18.825936560131944,-37.259939460816529,17.100538850134883,-76.55876022982875,15.49881318799721,-123.80471783781843,17.452507840712188,-112.0104137539995,747.002223736994,750.2042110343796,0.0,0.0,0.0,0.0,0.0,0.0,0.0,0.0,0.0,0.0,0.0,0.0,0.0,0.0,0.0,0.0,0.0,0.0,0.0,0.0,0.0,0.0,1.475717845950661,0.4504633229397622,301.7944936249911,357.1706587654494,8361.839268989721,0.26055999379396069,0.039768008820812068,246.3171864519262,291.1267773429877,6960.985432034564,1.4237709475557395,0.2690421291677513,275.3572140496649,326.0085039431067,7623.120813570483,0.2744304030882163,0.05185759695544524,239.4181932730421,283.2037956609131,6695.209115965095,0.0,0.0,8.981168909520424,10.731123035665743,201.02740831982858,0.0,0.0,12.638174150004567,14.963832051726574,345.9597972451263,0.0,0.0,132.88705605937435,158.4534459487558,3134.465725242002,0.0,0.0,41.09209484656489,49.27531226788835,831.0339030478087,0.0,0.0,106.60463377060526,126.93892630435997,2592.9495529024254,40.341836991328879,27.6692983479622,460.2849812230624,546.6045947793089,12889.019210960234,0.0,0.0,99.55077607034365,120.02471260159004,1720.3109739934049,0.0,19.100507587370119,35.42841581705635,22.0,30.0,0.0,19.504949204410406,34.303481201835669,12.0,30.0,0.0,19.116729817495548,35.425850723109579,22.0,30.0,0.0,19.316846326049047,34.87602983642138,12.0,30.0,0.0,16.401084179379134,43.729545725662429,12.0,30.0,0.0,19.000650558287039,37.243523478838557,12.0,30.0,0.0,17.017682720956498,41.213290431924317,10.0,30.0,0.0,15.291167370887742,46.94261779047663,12.0,30.0,0.0,17.404768836719435,40.40215053632951,20.0,30.0,0.0,18.177930187915636,0.0,0.0,0.0,13.77540040235791,0.0,0.0,598.8022047622048,584.276519254423,599.3467112024505,592.6128661186511,686.4544266270277,971.6832809851242,647.1387329143909,695.7637532693248,656.1497319916335,0.0,83.88067471042099,83.88067471042099,60.0,0.0,60.0,60.0,12.0,12.0,12.0,19.0,12.0,12.0,21.0,10.0,0.0,0.0,0.0,0.0,0.0,0.0,0.0,0.0,0.0,0.0,0.0,0.0,0.0,83.88067471042099,83.88067471042099,0.0,0.0,0.0,83.88067471042099,0.0,0.0,0.0019133333333333334 
 02/26  24:00:00,5.34,81.0,6.76,0.0,0.0,0.0,0.0,0.0,2.0,0.0,0.0,0.0,0.0,0.0,0.0,462.0,0.0,0.0,0.0,0.0,0.0,0.0,0.0,0.0,0.0,0.0,0.0,19.575818134735184,-278.24275332109939,19.526191995626378,-300.51092823203455,19.43540729485443,-313.0701991189783,19.17447616494558,-95.91365763673753,16.384789084439619,-1.2791078994769123,18.779584778057843,-40.598440778030639,17.017487281701209,-49.96363838648108,15.412293780721973,-127.08273117083775,17.34840091525536,-106.35628153882249,666.4292236380052,728.7348912847037,0.0,0.0,0.0,0.0,0.0,0.0,0.0,0.0,0.0,0.0,0.0,0.0,0.0,0.0,0.0,0.0,0.0,0.0,0.0,0.0,0.0,0.0,1.445204320850783,0.44114906008876167,302.4950187405112,358.10872868302797,8350.358724009031,0.26744156219521417,0.04081830924835381,212.18702386938447,251.22930433718467,5824.8680070578479,1.3781808690159133,0.2604272239259096,163.76794682955666,193.72629698077493,4512.236767122469,0.28163219918352935,0.05321848057133961,147.95575210924378,175.03923157108853,4051.825711441917,0.0,0.0,9.005847861129258,10.754869432035026,200.50355931075388,0.0,0.0,12.486702601473946,14.78133591363253,340.00571455638,0.0,0.0,131.08918100899406,156.28453383592228,3053.708514867139,0.0,0.0,41.30504487346865,49.54258265264636,823.3890865811244,0.0,0.0,104.36747361770888,124.26022731208478,2508.4078417604525,40.252636537081688,27.608118338190466,334.38697402711349,397.28308488037956,9443.016931281527,0.0,0.0,96.37097561496786,116.1948050332812,1635.1032172492717,0.0,19.0661464836924,35.23252809692492,22.0,30.0,0.0,19.08488052706371,34.85792303736934,12.0,30.0,0.0,19.092479668399354,35.38668685175964,22.0,30.0,0.0,19.007732803130293,35.36566534459391,12.0,30.0,0.0,16.370696368847406,43.46639492986925,12.0,30.0,0.0,18.956642238935389,36.98188129228705,12.0,30.0,0.0,16.902685749126904,41.09294813123259,10.0,30.0,0.0,15.17322916876337,46.73056545522692,12.0,30.0,0.0,17.289225694360569,40.35503586052428,20.0,30.0,0.0,17.906513495694733,0.0,0.0,0.0,13.645573662160082,0.0,0.0,581.9414243345952,561.9860806579299,594.0989740961273,581.2775487828433,672.2709697079697,958.7893565241072,628.0243447450276,674.7469868760802,641.47485035322,0.0,83.88067471042099,83.88067471042099,60.0,0.0,60.0,60.0,12.0,12.0,12.0,19.0,12.0,12.0,21.0,10.0,0.0,0.0,0.0,0.0,0.0,0.0,0.0,0.0,0.0,0.0,0.0,0.0,0.0,83.88067471042099,83.88067471042099,0.0,0.0,0.0,83.88067471042099,0.0,0.0,0.0019166666666666666 
 02/27  00:10:00,5.391666666666667,80.83333333333333,6.83,0.0,0.0,0.0,0.0,0.0,2.0,2.0,0.0,0.0,0.0,0.0,0.0,462.0,0.0,0.0,0.0,0.0,0.0,0.0,0.0,0.0,0.0,0.0,0.0,19.381237590903859,-95.76205570992443,19.49096661576489,-309.5522109299882,19.204118814694028,-215.19675291108434,19.09669563404234,-211.9943046168023,16.35917539176007,-0.09828429815328832,18.72945040928732,-29.62906224626093,17.153208966455524,107.28255362890877,15.303316544781915,-161.8636973777484,17.34998779644148,-41.36207042728765,655.3099284120053,483.59978911605358,0.0,0.0,0.0,0.0,0.0,0.0,0.0,0.0,0.0,0.0,0.0,0.0,0.0,0.0,0.0,0.0,0.0,0.0,0.0,0.0,0.0,0.0,1.4226912801843246,0.43427694755321269,222.90191699635819,263.9263536915499,6038.076993775219,0.2500790045417402,0.03816834623652933,187.43704714618475,221.71002411299944,5125.868145702817,1.3952451214220912,0.2636517614176288,231.26689879513106,274.0054380456612,6219.466932159497,0.2675149205903492,0.05055081643808563,205.99189124671313,243.89440760037003,5570.759336471928,0.0,0.0,8.574053938454528,10.242799965247507,189.54490106641465,0.0,0.0,11.588738537822632,13.720046119827663,313.2126520061943,0.0,0.0,86.04568402015153,102.49301682593989,2047.702518697865,0.0,0.0,44.53898641655591,53.44732614758904,868.9781970242873,0.0,0.0,14.260207202020755,16.975413155052743,342.9154094131083,40.17622911171982,27.555712696652834,367.27959393984329,436.44279491782029,10169.351878518995,0.0,0.0,57.911657788721218,69.92535696997453,930.5667559594897,0.0,18.843815703602045,35.68278265889518,22.0,30.0,0.0,19.11816934771465,34.655303158542967,12.0,30.0,0.0,18.773212454803617,35.95899605252772,22.0,30.0,0.0,18.924164086762418,35.382422211572677,12.0,30.0,0.0,16.344773012064317,43.08274949411563,12.0,30.0,0.0,18.90644198566151,36.748008043720279,12.0,30.0,0.0,17.22251940402921,39.85529197100228,10.0,30.0,0.0,15.011391452664239,46.70101439641135,12.0,30.0,0.0,17.349958591920637,40.037676165114138,20.0,30.0,0.0,17.84969744128415,0.0,0.0,0.0,13.2488928385234,0.0,0.0,579.9130720340575,553.1746523314904,587.0909496290055,571.9367257987293,651.5228192906031,948.580008805226,604.1275950891738,658.5314176255802,701.9200535341727,0.0,83.88067471042099,83.88067471042099,60.0,0.0,60.0,60.0,12.0,12.0,12.0,19.0,12.0,12.0,21.0,10.0,0.0,0.0,0.0,0.0,0.0,0.0,0.0,0.0,0.0,0.0,0.0,0.0,0.0,83.88067471042099,83.88067471042099,0.0,0.0,0.0,83.88067471042099,0.0,0.0,0.00192 
 02/27  00:20:00,5.443333333333333,80.66666666666667,6.9,0.0,0.0,0.0,0.0,0.0,2.0,2.0,0.0,0.0,0.0,0.0,0.0,462.0,0.0,0.0,0.0,0.0,0.0,0.0,0.0,0.0,0.0,0.0,0.0,19.30892903569528,-275.3112642162787,19.285848463512936,-267.85533178827566,19.169297191158333,-253.5543643612432,18.94122475169882,-89.69601630888747,16.332927351702897,0.1838951066610548,18.68839883670189,-29.474416366311006,17.197356330237797,66.62660131100916,15.20014695185379,-165.27007501212302,17.36693556762797,-49.41171640295889,616.5989282591954,533.0008219279076,0.0,0.0,0.0,0.0,0.0,0.0,0.0,0.0,0.0,0.0,0.0,0.0,0.0,0.0,0.0,0.0,0.0,0.0,0.0,0.0,0.0,0.0,1.4139326907817774,0.43160338546452306,308.52594058912498,365.495496808273,8281.47989356348,0.2597396731724749,0.03964280726075625,209.5154763869266,248.2423102950088,5600.078734354935,1.3463322442793429,0.2544089652833226,155.96435076061545,184.62039175113277,4190.37241304705,0.2752644177350732,0.05201519609506295,147.65668243041177,174.82273447204543,3930.8467141199928,0.0,0.0,8.675493034940243,10.360075330656596,190.4091520876934,0.0,0.0,11.659599621476645,13.803718247616648,313.0806462357496,0.0,0.0,88.27860386507027,105.08084858298307,2107.1254272813005,0.0,0.0,47.76663414279271,57.34560374939737,913.4311921471418,0.0,0.0,14.429100893781904,17.166243284663243,347.32472711296779,40.227811065272309,27.59109126561888,331.98920960909489,394.65531530175988,9143.235745867833,0.0,0.0,61.30105062078015,74.03281862085777,968.1712097285147,0.0,18.789488906524686,35.472404366880009,22.0,30.0,0.0,18.820807300439577,35.04221368634547,12.0,30.0,0.0,18.817590861398718,35.77019912231008,22.0,30.0,0.0,18.72002266406087,35.65811068710271,12.0,30.0,0.0,16.318598538189034,42.81147710755681,12.0,30.0,0.0,18.87095597495923,36.524290687646658,12.0,30.0,0.0,17.307722754413829,39.30932390386998,10.0,30.0,0.0,14.868072626821848,46.614191849414449,12.0,30.0,0.0,17.416441497875718,39.78189009113203,20.0,30.0,0.0,17.688162250965719,0.0,0.0,0.0,13.164263726965999,0.0,0.0,558.6136892750257,536.1073042292279,583.4784970172929,564.3722143177884,636.7355097285658,941.8142543579834,587.5421193476462,640.1923963046991,765.069029224816,0.0,83.88067471042099,83.88067471042099,60.0,0.0,60.0,60.0,12.0,12.0,12.0,19.0,12.0,12.0,21.0,10.0,0.0,0.0,0.0,0.0,0.0,0.0,0.0,0.0,0.0,0.0,0.0,0.0,0.0,83.88067471042099,83.88067471042099,0.0,0.0,0.0,83.88067471042099,0.0,0.0,0.0019366666666666667 
 02/27  00:30:00,5.495,80.5,6.97,0.0,0.0,0.0,0.0,0.0,2.0,2.0,0.0,0.0,0.0,0.0,0.0,462.0,0.0,0.0,0.0,0.0,0.0,0.0,0.0,0.0,0.0,0.0,0.0,19.10307713699317,-121.61415584167526,19.267696263003388,-306.92898616800997,18.99548873063395,-201.79178421525467,18.89819507726363,-189.49595240369855,16.30654693312765,-0.558063056432573,18.64173992670841,-25.00884889994697,17.202348448452584,11.829149470159337,15.111553452622239,-164.78560428780578,17.364514669075736,-53.02792312876261,611.6307989276966,550.0641314147175,0.0,0.0,0.0,0.0,0.0,0.0,0.0,0.0,0.0,0.0,0.0,0.0,0.0,0.0,0.0,0.0,0.0,0.0,0.0,0.0,0.0,0.0,1.402467160481895,0.42810352884062738,259.13499077448116,306.9767180393793,6818.418109911019,0.24354360518352237,0.037170879912015019,193.99822475355627,229.59743541153916,5171.953686565367,1.3373731226921737,0.2527160095790201,198.1058075518543,234.7624846010582,5221.812735390953,0.2576876836812473,0.048693817778013449,196.0298784966014,232.22573727622535,5175.49441821623,0.0,0.0,8.25787570575357,9.865398662769016,179.95448568831379,0.0,0.0,11.259338452764368,13.33148587360476,300.14149729315229,0.0,0.0,84.05554521769968,100.06801336425682,2000.2258948442912,0.0,0.0,48.932479807579429,58.76074693210051,919.5785734044312,0.0,0.0,16.151461195903364,19.216922826755949,387.7838938865488,40.19137927914135,27.56610375798447,364.6402833567099,433.4971230942806,9856.569917922618,0.0,0.0,62.39861863688655,75.36767283733377,970.3451137637511,0.0,18.52860078725941,35.85254799512471,22.0,30.0,0.0,18.87519016467251,34.82351512078878,12.0,30.0,0.0,18.58953564001145,36.07536795017125,22.0,30.0,0.0,18.69679013326322,35.59392116652887,12.0,30.0,0.0,16.293060448786688,42.500087473069147,12.0,30.0,0.0,18.824772673297283,36.32941096728619,12.0,30.0,0.0,17.32609542176649,39.017227636419189,10.0,30.0,0.0,14.754832906160882,46.569052515102359,12.0,30.0,0.0,17.44199722301208,39.50582615122943,20.0,30.0,0.0,17.64604523587346,0.0,0.0,0.0,13.096164791845741,0.0,0.0,545.9358007294202,529.7234438632166,573.9458757996338,558.7409620742111,620.1499460677023,933.994835866577,576.8137043456868,631.2110741819035,792.7531954288036,0.0,83.88067471042099,83.88067471042099,60.0,0.0,60.0,60.0,12.0,12.0,12.0,19.0,12.0,12.0,21.0,10.0,0.0,0.0,0.0,0.0,0.0,0.0,0.0,0.0,0.0,0.0,0.0,0.0,0.0,83.88067471042099,83.88067471042099,0.0,0.0,0.0,83.88067471042099,0.0,0.0,0.0019533333333333336 
 02/27  00:40:00,5.546666666666667,80.33333333333333,7.039999999999999,0.0,0.0,0.0,0.0,0.0,2.0,2.0,0.0,0.0,0.0,0.0,0.0,462.0,0.0,0.0,0.0,0.0,0.0,0.0,0.0,0.0,0.0,0.0,0.0,19.11509417509717,-220.04890338671886,19.091542015099834,-240.3128812412333,18.962741457582184,-241.15632473550614,18.731896186647469,-133.5544172322093,16.278398762838149,-0.05070774345853124,18.599672492067325,-29.133429017250849,17.154771421608346,39.72822151724563,15.032108664306437,-163.1431626851355,17.35029916467255,-59.226307058698129,613.2226472148686,557.7346810159168,0.0,0.0,0.0,0.0,0.0,0.0,0.0,0.0,0.0,0.0,0.0,0.0,0.0,0.0,0.0,0.0,0.0,0.0,0.0,0.0,0.0,0.0,1.3683332918333374,0.4176841550162812,242.0451862012501,286.7665391864222,6354.798940193139,0.25100494099379258,0.03830966742884502,195.34673325990486,231.5377248678907,5108.99927846673,1.335810022879353,0.25242063924402,198.88976639488755,235.59626475164402,5225.779270711561,0.2707565970916308,0.05116337813522878,190.38161210869149,225.6451420105966,4926.31997454277,0.0,0.0,8.722567523829487,10.416680014199344,188.66358257006608,0.0,0.0,11.267331961156641,13.341311151033743,298.31041568451499,0.0,0.0,88.93573649303046,105.86245883310785,2094.3884450203279,0.0,0.0,49.80928458785773,59.82814748774405,921.3773089812014,0.0,0.0,16.803672191013367,19.987204083718379,401.6944756133312,40.27253407133554,27.621765481025759,359.99663638948348,428.0204185969312,9675.969688210202,0.0,0.0,63.29595120281712,76.45772558377374,970.5625065822358,0.0,18.635346257643638,35.43542992060165,22.0,30.0,0.0,18.62872756169872,35.11418138695299,12.0,30.0,0.0,18.623879684207027,35.888829373964707,22.0,30.0,0.0,18.457119693426777,35.94764142360579,12.0,30.0,0.0,16.26514295646325,42.28011133800412,12.0,30.0,0.0,18.785888978912156,36.15385695351084,12.0,30.0,0.0,17.256259511388025,38.93248109773948,10.0,30.0,0.0,14.659234504759893,46.51787027239125,12.0,30.0,0.0,17.443237008611669,39.283069398910658,20.0,30.0,0.0,17.609840474914088,0.0,0.0,0.0,13.040937674287916,0.0,0.0,535.3666223806288,512.6036247572997,570.3391234792977,550.8402948106971,608.6582493654245,926.1906698956486,565.1445567383726,625.5992475519051,807.787768173131,0.0,83.88067471042099,83.88067471042099,60.0,0.0,60.0,60.0,12.0,12.0,12.0,19.0,12.0,12.0,21.0,10.0,0.0,0.0,0.0,0.0,0.0,0.0,0.0,0.0,0.0,0.0,0.0,0.0,0.0,83.88067471042099,83.88067471042099,0.0,0.0,0.0,83.88067471042099,0.0,0.0,0.00197 
 02/27  00:50:00,5.598333333333334,80.16666666666667,7.109999999999999,0.0,0.0,0.0,0.0,0.0,2.0,2.0,0.0,0.0,0.0,0.0,0.0,462.0,0.0,0.0,0.0,0.0,0.0,0.0,0.0,0.0,0.0,0.0,0.0,18.923100334058149,-128.1475337884208,19.083796741433646,-294.3885963394546,18.802525331481428,-200.50506090010004,18.71990758567423,-173.15042547195118,16.25004632669544,-0.9512457503367386,18.552080578460037,-25.57423063826903,17.126121099808477,-3.2732895926631047,14.961887914465354,-162.0592803180008,17.327738096314538,-60.12032296764164,580.5751305529066,563.7474200079137,0.0,0.0,0.0,0.0,0.0,0.0,0.0,0.0,0.0,0.0,0.0,0.0,0.0,0.0,0.0,0.0,0.0,0.0,0.0,0.0,0.0,0.0,1.3601848348348922,0.4151968360301869,242.20002857772267,287.0025311860288,6248.98355839834,0.23624705703349695,0.03605724313698061,183.83650615418027,217.6460781639631,4797.96102798696,1.3073992378773789,0.24705201018091073,183.60337982127346,217.64845319399263,4738.967609739375,0.25206035858690675,0.04763045324771478,180.78668133671585,214.255817945181,4665.820124834339,0.0,0.0,8.273817944661222,9.883950684909529,177.63274089657723,0.0,0.0,11.26155861889292,13.33519983586386,295.91320702185558,0.0,0.0,83.82781348806629,99.80840207887059,1959.8689078226194,0.0,0.0,50.116924376422009,60.20613075938731,913.9367309266936,0.0,0.0,17.922810306169237,21.319202391187348,426.01683225328937,40.2641078122701,27.61598615382038,339.05771238057766,403.19498832450747,9033.762495918898,0.0,0.0,63.51189453442497,76.72467306931603,959.9345240184589,0.0,18.377771671938807,35.84884270913892,22.0,30.0,0.0,18.69351644587553,34.92328330863863,12.0,30.0,0.0,18.41115028167211,36.15690168936308,22.0,30.0,0.0,18.49807558630058,35.78760661742338,12.0,30.0,0.0,16.23748484090096,42.04144710467179,12.0,30.0,0.0,18.737583605696896,35.9986731231251,12.0,30.0,0.0,17.22136447791148,38.84327458558005,10.0,30.0,0.0,14.580551769705643,46.48332761362091,12.0,30.0,0.0,17.42862225234759,39.05791040461997,20.0,30.0,0.0,17.478463703566356,0.0,0.0,0.0,12.984545258550757,0.0,0.0,525.1283078979518,509.85253308837846,560.3027368971148,548.867564582239,596.4209899135632,916.4693195345357,558.9749712198603,621.4338783716519,805.9918951100324,0.0,83.88067471042099,83.88067471042099,60.0,0.0,60.0,60.0,12.0,12.0,12.0,19.0,12.0,12.0,21.0,10.0,0.0,0.0,0.0,0.0,0.0,0.0,0.0,0.0,0.0,0.0,0.0,0.0,0.0,83.88067471042099,83.88067471042099,0.0,0.0,0.0,83.88067471042099,0.0,0.0,0.00196 
 02/27  01:00:00,5.65,80.0,7.18,0.0,0.0,0.0,0.0,0.0,2.0,2.0,0.0,0.0,0.0,0.0,0.0,462.0,0.0,0.0,0.0,0.0,0.0,0.0,0.0,0.0,0.0,0.0,0.0,18.925447670509209,-218.62284188969717,18.911115537273817,-247.02632091589795,18.774749532704413,-229.6678956192377,18.58120366233756,-125.00109164543119,16.220049773972116,-0.7151718506670193,18.50833024070758,-29.25138162417008,17.064317049103779,23.11944647545056,14.896138857169954,-160.63940216844606,17.30127478694922,-64.64988497761232,582.4595483024796,562.9512431287569,0.0,0.0,0.0,0.0,0.0,0.0,0.0,0.0,0.0,0.0,0.0,0.0,0.0,0.0,0.0,0.0,0.0,0.0,0.0,0.0,0.0,0.0,1.3332929682163853,0.40698808553613716,253.13666172760714,300.03953629166485,6512.940310389818,0.24439099301440318,0.0373002126090359,193.00882641827043,228.85600381267049,4938.543529114477,1.287403630684328,0.24327355077179298,183.96244393149028,217.98256336187934,4732.204439256115,0.26173318629405187,0.04945827405405362,172.7642340340392,204.80120974854084,4383.87771966601,0.0,0.0,8.630335615155833,10.30645186697788,183.84940009593215,0.0,0.0,11.321418261188232,13.40700053671714,295.36495762124,0.0,0.0,87.24240758887223,103.8657726189349,2014.993944685652,0.0,0.0,50.33330881721375,60.47472403113784,905.4395379000284,0.0,0.0,18.191129503445994,21.63592226212586,429.650047658655,40.34665060459956,27.6725998659805,340.32886711258188,404.75087529639657,8999.992030816222,0.0,0.0,63.70666907093451,76.96533456470704,949.1457455437588,0.0,18.460081020410234,35.50433760946293,22.0,30.0,0.0,18.446268904861389,35.24949190292658,12.0,30.0,0.0,18.447434019606296,35.97527165269278,22.0,30.0,0.0,18.30352982163197,36.02524146790035,12.0,30.0,0.0,16.20747389101585,41.881399342338287,12.0,30.0,0.0,18.695414506627438,35.85773722335425,12.0,30.0,0.0,17.132773273055898,38.83744692875351,10.0,30.0,0.0,14.509263111474827,46.44173575380616,12.0,30.0,0.0,17.40603055641546,38.888776141619128,20.0,30.0,0.0,17.444250115190316,0.0,0.0,0.0,12.9300906700959,0.0,0.0,515.8021021624977,494.3295347027359,557.0222516798801,537.7023710451555,588.0847549821099,904.1896651258035,549.0504202679556,619.1524635766873,804.5489560284984,0.0,83.88067471042099,83.88067471042099,60.0,0.0,60.0,60.0,12.0,12.0,12.0,19.0,12.0,12.0,21.0,10.0,0.0,0.0,0.0,0.0,0.0,0.0,0.0,0.0,0.0,0.0,0.0,0.0,0.0,83.88067471042099,83.88067471042099,0.0,0.0,0.0,83.88067471042099,0.0,0.0,0.0019500000000000002 
 02/27  01:10:00,5.6850000000000009,80.33333333333334,7.303333333333333,0.0,0.0,0.0,0.0,0.0,2.0,2.0,0.0,0.0,0.0,0.0,0.0,462.0,0.0,0.0,0.0,0.0,0.0,0.0,0.0,0.0,0.0,0.0,0.0,18.74780666746637,-121.1974379272142,18.90957449073492,-284.69038974203115,18.628407655285295,-191.1417337909861,18.571126988138674,-175.22227884670475,16.18997777950587,-1.4056213560331799,18.459630008353807,-27.111843108332779,17.03109892526323,-10.701526534445748,14.834973726029372,-160.18051595874955,17.271185447274065,-63.93542522109152,555.137511247116,566.3416656349931,0.0,0.0,0.0,0.0,0.0,0.0,0.0,0.0,0.0,0.0,0.0,0.0,0.0,0.0,0.0,0.0,0.0,0.0,0.0,0.0,0.0,0.0,1.3228255072698097,0.40379288988699937,229.48458593720017,271.9681575276529,5810.94080511585,0.23007240645098843,0.03511483614941826,173.2784507602636,205.18069617776139,4433.143420197351,1.2712426470398333,0.24021969898711904,177.3820253938787,210.2999873861501,4492.259267662705,0.2445397314253881,0.046209321886883609,174.40654692176808,206.72221596784358,4416.404496154565,0.0,0.0,8.2760496388016,9.884957329836457,175.20179559160943,0.0,0.0,11.491510532310379,13.60658027221627,297.8095762310154,0.0,0.0,83.14293010566053,98.99776506403888,1908.4834651623792,0.0,0.0,50.471815523599968,60.6388114741504,897.8032659906157,0.0,0.0,19.357043741370349,23.019899164972395,454.6268128411789,40.45493350624302,27.746867974103588,321.9526507420486,382.8937201702216,8453.798549531884,0.0,0.0,63.7915654667668,77.06248827485102,939.1327987113907,0.0,18.22391200355236,35.93907454859469,22.0,30.0,0.0,18.52074022546452,35.06913235851098,12.0,30.0,0.0,18.253770573556076,36.241700658751529,22.0,30.0,0.0,18.34195767166274,35.897035666615,12.0,30.0,0.0,16.177809311395586,41.70426102548423,12.0,30.0,0.0,18.645141273501463,35.7405119791921,12.0,30.0,0.0,17.096712113411529,38.80650273235243,10.0,30.0,0.0,14.445765904089904,46.397839351419367,12.0,30.0,0.0,17.377108725474174,38.72055415179072,20.0,30.0,0.0,17.316687848711419,0.0,0.0,0.0,12.879013050053662,0.0,0.0,509.2548943240748,492.73349980871799,547.9110536593594,536.5832519183326,579.2161779485984,892.8748013414052,545.6451063468112,615.4814035177614,794.8101532053033,0.0,83.88067471042099,83.88067471042099,60.0,0.0,60.0,60.0,12.0,12.0,12.0,19.0,12.0,12.0,21.0,10.0,0.0,0.0,0.0,0.0,0.0,0.0,0.0,0.0,0.0,0.0,0.0,0.0,0.0,83.88067471042099,83.88067471042099,0.0,0.0,0.0,83.88067471042099,0.0,0.0,0.00194 
 02/27  01:20:00,5.720000000000001,80.66666666666667,7.426666666666667,0.0,0.0,0.0,0.0,0.0,2.0,2.0,0.0,0.0,0.0,0.0,0.0,462.0,0.0,0.0,0.0,0.0,0.0,0.0,0.0,0.0,0.0,0.0,0.0,18.75059047231344,-210.99604123676546,18.743877086013986,-245.37115443753874,18.605446952730249,-220.5541396384242,18.43655292685308,-127.57393082376393,16.15876861327328,-1.1470312211592103,18.41394391370097,-30.26205902617059,16.972167010683138,16.423004881515455,14.775788841368194,-158.94466616481123,17.240508577229109,-67.94682316388503,562.8624595115989,564.9796996620581,0.0,0.0,0.0,0.0,0.0,0.0,0.0,0.0,0.0,0.0,0.0,0.0,0.0,0.0,0.0,0.0,0.0,0.0,0.0,0.0,0.0,0.0,1.299476957304817,0.3966657378830333,241.62283829811686,286.3930935955828,6103.890190723625,0.23879527966177856,0.03644616600454496,185.45298448496767,219.89823735604194,4658.978595211003,1.2547986820063118,0.2371123737729237,177.26826814722325,210.05556245456453,4480.390587245527,0.25506618019357399,0.048198446748596728,165.279219137847,195.92456939249258,4120.745712894996,0.0,0.0,8.62890071794849,10.302069809019358,181.48070540735115,0.0,0.0,11.491937264211945,13.607162207724464,295.95362369102886,0.0,0.0,86.77825286556305,103.30249526756421,1971.7203464491589,0.0,0.0,50.64239388505965,60.84202265132448,890.9564632356619,0.0,0.0,19.110735498141716,22.724011078956204,446.2507144851397,40.655425933902758,27.88437992723098,325.17982644527958,386.7242740758197,8483.94403292249,0.0,0.0,63.98539404985357,77.29011766625972,931.1869716882658,0.0,18.30164017416312,35.649191350549688,22.0,30.0,0.0,18.282518321112748,35.471557321765839,12.0,30.0,0.0,18.292593820586015,36.07918322422796,22.0,30.0,0.0,18.15201607754998,36.17801944186246,12.0,30.0,0.0,16.146549009206639,41.58665669160645,12.0,30.0,0.0,18.600051729347919,35.64129428774656,12.0,30.0,0.0,17.018019227509087,38.82920229691912,10.0,30.0,0.0,14.384961868532495,46.377393811821509,12.0,30.0,0.0,17.3465548797003,38.596486931538127,20.0,30.0,0.0,17.289137041830025,0.0,0.0,0.0,12.831951675435825,0.0,0.0,500.490111938733,479.64913333212987,544.4546690445177,524.7037912089534,572.5611176201157,879.7667738604165,536.8428716639805,612.7887057411479,789.6234362850526,0.0,83.88067471042099,83.88067471042099,60.0,0.0,60.0,60.0,12.0,12.0,12.0,19.0,12.0,12.0,21.0,10.0,0.0,0.0,0.0,0.0,0.0,0.0,0.0,0.0,0.0,0.0,0.0,0.0,0.0,83.88067471042099,83.88067471042099,0.0,0.0,0.0,83.88067471042099,0.0,0.0,0.0019533333333333336 
 02/27  01:30:00,5.755000000000001,81.0,7.55,0.0,0.0,0.0,0.0,0.0,2.0,2.0,0.0,0.0,0.0,0.0,0.0,462.0,0.0,0.0,0.0,0.0,0.0,0.0,0.0,0.0,0.0,0.0,0.0,18.580865364989525,-117.43967425223309,18.744588997459777,-282.08028054257968,18.469017510404819,-183.3946781220584,18.4297151025916,-176.45041893786994,16.127531638774938,-1.7476924074494349,18.364771560568994,-28.611211267171116,16.93684591357128,-16.4217577243719,14.719890120823088,-158.25709572471409,17.208006293376145,-66.34013876967646,533.8808188166227,567.3594159291807,0.0,0.0,0.0,0.0,0.0,0.0,0.0,0.0,0.0,0.0,0.0,0.0,0.0,0.0,0.0,0.0,0.0,0.0,0.0,0.0,0.0,0.0,1.2894654070919219,0.3936097091245183,221.06222633598203,261.96681915831138,5501.405773779784,0.22449375015764193,0.03426339288120298,163.8790020351464,194.04662971511048,4115.583728284386,1.2388029245948893,0.23408974387658539,165.8731575524052,196.63877369048346,4131.459786222547,0.23756920774894847,0.044892140542129328,163.17102108813459,193.39569042475626,4059.990854727665,0.0,0.0,8.286886230589016,9.895005366885071,173.16555276385706,0.0,0.0,11.820386741716068,13.993910655023168,302.3380045688617,0.0,0.0,82.73817964439425,98.503701775369,1867.9610226437413,0.0,0.0,50.71047992813827,60.91968187713695,882.7682055110903,0.0,0.0,20.3867474027483,24.23765545982736,473.16996261078256,40.9510799035978,28.08716042770769,301.0295383592412,357.9986844384897,7813.269975137331,0.0,0.0,64.05294872132771,77.3636228945983,921.7689911884377,0.0,18.07486071062824,36.144573228255158,22.0,30.0,0.0,18.358283584554309,35.34073014720559,12.0,30.0,0.0,18.1120959803415,36.376198918735067,22.0,30.0,0.0,18.19409684413614,36.09127898085025,12.0,30.0,0.0,16.11556030129117,41.47696743305723,12.0,30.0,0.0,18.548755503093849,35.58256789195511,12.0,30.0,0.0,16.98080650290812,38.86294580937352,10.0,30.0,0.0,14.3293425670619,46.35248453160149,12.0,30.0,0.0,17.313029048712367,38.49065059753081,20.0,30.0,0.0,17.142145487713806,0.0,0.0,0.0,12.788077534268293,0.0,0.0,496.54452277033297,479.320386763522,535.7848443817327,524.5555002403817,565.6625079271347,868.9787896235879,534.1643595338865,607.7297220069213,779.4531938323906,0.0,83.88067471042099,83.88067471042099,60.0,0.0,60.0,60.0,12.0,12.0,12.0,19.0,12.0,12.0,21.0,10.0,0.0,0.0,0.0,0.0,0.0,0.0,0.0,0.0,0.0,0.0,0.0,0.0,0.0,83.88067471042099,83.88067471042099,0.0,0.0,0.0,83.88067471042099,0.0,0.0,0.0019666666666666666 
 02/27  01:40:00,5.790000000000001,81.33333333333334,7.673333333333333,0.0,0.0,0.0,0.0,0.0,2.0,2.0,0.0,0.0,0.0,0.0,0.0,462.0,0.0,0.0,0.0,0.0,0.0,0.0,0.0,0.0,0.0,0.0,0.0,18.581811888467649,-207.8199214920187,18.580244302642144,-246.90815025052826,18.446951658870725,-215.57574252776704,18.298837285676119,-129.47336054921494,16.095544067098467,-1.4377332624924862,18.318530704936678,-31.35784772092063,16.88063094547158,11.560961647945533,14.665178679471456,-156.9652056284258,17.176061155769845,-70.15009222294379,549.3052533760356,565.9210496828931,0.0,0.0,0.0,0.0,0.0,0.0,0.0,0.0,0.0,0.0,0.0,0.0,0.0,0.0,0.0,0.0,0.0,0.0,0.0,0.0,0.0,0.0,1.2691265264926473,0.3874012596131402,232.13215300533649,275.13551545442967,5756.020752577551,0.2341431549249391,0.035736134756553589,179.0205166283724,212.26315463900904,4414.649608942592,1.225027509765007,0.23148667984977468,168.93423037643229,200.1729276428006,4196.882140703569,0.24908169762479544,0.0470675921437633,156.07476558462526,184.99718627957413,3824.92326580347,0.0,0.0,8.67347094480154,10.352458104967433,180.0354756148928,0.0,0.0,11.706466864273637,13.858944826502988,297.4982079721176,0.0,0.0,86.68455450949156,103.17570751594464,1938.1744648462696,0.0,0.0,50.88620539654343,61.12698112885424,876.5367106629059,0.0,0.0,19.817009426707693,23.557885268994889,457.1666865477236,41.35292824848505,28.362776576464378,309.221696300531,367.73309630322088,7966.013479262291,0.0,0.0,64.31904400530476,77.67594749427355,915.7165669139683,0.0,18.14476250529414,35.93746382830754,22.0,30.0,0.0,18.119665527315463,35.863686177711119,12.0,30.0,0.0,18.147274664513835,36.25280784837548,22.0,30.0,0.0,18.008662259452895,36.432948501020749,12.0,30.0,0.0,16.083569203386426,41.410896271606507,12.0,30.0,0.0,18.502522796760858,35.53891212851279,12.0,30.0,0.0,16.90968420302672,38.94692726452246,10.0,30.0,0.0,14.27489148128427,46.384418890848987,12.0,30.0,0.0,17.279913535423814,38.41865454420219,20.0,30.0,0.0,17.124669197891273,0.0,0.0,0.0,12.748599875796744,0.0,0.0,487.5749748452988,467.74863144198329,531.9118441807276,512.35619808928,559.6977099872681,856.7632881584709,525.5174138825835,604.4201256385078,773.4631618607461,0.0,83.88067471042099,83.88067471042099,60.0,0.0,60.0,60.0,12.0,12.0,12.0,19.0,12.0,12.0,21.0,10.0,0.0,0.0,0.0,0.0,0.0,0.0,0.0,0.0,0.0,0.0,0.0,0.0,0.0,83.88067471042099,83.88067471042099,0.0,0.0,0.0,83.88067471042099,0.0,0.0,0.00198 
 02/27  01:50:00,5.825,81.66666666666667,7.796666666666667,0.0,0.0,0.0,0.0,0.0,2.0,2.0,0.0,0.0,0.0,0.0,0.0,462.0,0.0,0.0,0.0,0.0,0.0,0.0,0.0,0.0,0.0,0.0,0.0,18.417003688234695,-114.66133369145973,18.582316955459107,-283.45633990592526,18.319204242472709,-174.27384046883118,18.293927285229075,-179.22720768722184,16.063518450618504,-2.0208012635757486,18.269470690833456,-29.81445750876611,16.842854858718533,-21.66563179122818,14.613163136302827,-155.8952894875889,17.142973891899808,-68.30579332992636,513.8000244620589,566.8248879037046,0.0,0.0,0.0,0.0,0.0,0.0,0.0,0.0,0.0,0.0,0.0,0.0,0.0,0.0,0.0,0.0,0.0,0.0,0.0,0.0,0.0,0.0,1.2590852527091535,0.38433615772562687,216.62790592487387,256.68348538811258,5296.306307072486,0.21956062375309205,0.033510473710789388,155.7834129641314,184.4523825665048,3838.7737205731789,1.2073649136634984,0.22814907665598994,152.40550861087824,180.64668228597527,3735.617817644046,0.23067894074129953,0.04359012485663255,150.22051897547937,178.02849687804784,3673.0714078659927,0.0,0.0,8.303549570997906,9.911915655253289,171.219367795807,0.0,0.0,12.078052135532499,14.296538463474033,304.8228147072044,0.0,0.0,82.4049651732053,98.09150903671852,1830.0857512202384,0.0,0.0,50.8674365991043,61.098787583952347,867.350025444633,0.0,0.0,21.175404384161835,25.168149137795255,485.46384138189299,41.66544457553105,28.57712247978811,279.6241589710319,332.53040816062829,7180.658845846991,0.0,0.0,64.30302388665089,77.64607077430473,905.7829784676852,0.0,17.92408739149598,36.491500522435739,22.0,30.0,0.0,18.196024976088176,35.764901244891948,12.0,30.0,0.0,17.979445935148907,36.58779978052407,22.0,30.0,0.0,18.052363457982137,36.37826183006719,12.0,30.0,0.0,16.051692998242083,41.374566539833399,12.0,30.0,0.0,18.451212161199178,35.547618029227319,12.0,30.0,0.0,16.86938161064759,39.046452565283299,10.0,30.0,0.0,14.224739323801455,46.407345437610107,12.0,30.0,0.0,17.245097630175779,38.37971326733417,20.0,30.0,0.0,16.956106249251105,0.0,0.0,0.0,12.710434999259745,0.0,0.0,485.84298943408637,468.7892987704039,523.9620471002659,513.2889789373992,553.8565540083107,847.2109820832582,523.6321314618579,598.5751052440533,763.8371716396882,0.0,83.88067471042099,83.88067471042099,60.0,0.0,60.0,60.0,12.0,12.0,12.0,19.0,12.0,12.0,21.0,10.0,0.0,0.0,0.0,0.0,0.0,0.0,0.0,0.0,0.0,0.0,0.0,0.0,0.0,83.88067471042099,83.88067471042099,0.0,0.0,0.0,83.88067471042099,0.0,0.0,0.00202 
 02/27  02:00:00,5.86,82.0,7.92,0.0,0.0,0.0,0.0,0.0,2.0,2.0,0.0,0.0,0.0,0.0,0.0,462.0,0.0,0.0,0.0,0.0,0.0,0.0,0.0,0.0,0.0,0.0,0.0,18.417414570530178,-204.83025796964467,18.425343529898404,-236.94204246797654,18.297567284924278,-208.11721095564008,18.15989233971225,-137.6500558906955,16.031042778580415,-1.6405968767439277,18.22319621082014,-32.357019442007388,16.791665362916015,9.53041392475211,14.561784312231943,-154.7146315374273,17.110807086406927,-71.95686355720278,538.5648116596422,565.6020944157056,0.0,0.0,0.0,0.0,0.0,0.0,0.0,0.0,0.0,0.0,0.0,0.0,0.0,0.0,0.0,0.0,0.0,0.0,0.0,0.0,0.0,0.0,1.2446268648586774,0.3799227304208417,218.1463445913813,258.53253602892507,5305.813818582619,0.2287658580650002,0.03491542400259466,170.40535366746526,202.0318064584472,4127.672287509442,1.2038396688593518,0.22748293062346038,189.86172755055788,225.01793611236674,4639.443609114405,0.244177309174056,0.046140836956548737,155.50116943383913,184.32274935743843,3741.377823204124,0.0,0.0,8.731553863258608,10.418860526835104,178.82295087018995,0.0,0.0,11.910282818189268,14.097587050396858,298.6220240964587,0.0,0.0,87.19071284450497,103.75877491328544,1919.2631231238052,0.0,0.0,51.12213801064093,61.3992480330366,862.8036436933505,0.0,0.0,20.294294133475547,24.11867362386689,462.39566016324,42.09097682535156,28.868982733437293,299.38021585805338,356.0230942535496,7602.39218939435,0.0,0.0,64.6760272889919,78.08489598146159,901.9870800684802,0.0,17.989686915461129,36.37755433567145,22.0,30.0,0.0,17.970418838650106,36.375840689864549,12.0,30.0,0.0,18.010976672191775,36.484975680871929,22.0,30.0,0.0,17.858796459751077,36.790608056543067,12.0,30.0,0.0,16.019291747947706,41.36871292731653,12.0,30.0,0.0,18.40463940773723,35.5681731246425,12.0,30.0,0.0,16.80958012484123,39.19547038801247,10.0,30.0,0.0,14.174670059042601,46.50508663002999,12.0,30.0,0.0,17.211339191943745,38.366311701875527,20.0,30.0,0.0,16.966649428207526,0.0,0.0,0.0,12.677809005604,0.0,0.0,478.6888221274236,460.2804365223782,512.6160151467456,494.580582579983,548.2889447387004,836.832927522613,517.145294304253,595.047612511361,758.2104443084875,0.0,83.88067471042099,83.88067471042099,60.0,0.0,60.0,60.0,12.0,12.0,12.0,19.0,12.0,12.0,21.0,10.0,0.0,0.0,0.0,0.0,0.0,0.0,0.0,0.0,0.0,0.0,0.0,0.0,0.0,83.88067471042099,83.88067471042099,0.0,0.0,0.0,83.88067471042099,0.0,0.0,0.0020599999999999999 
 02/27  02:10:00,5.885,82.66666666666667,8.048333333333334,0.0,0.0,0.0,0.0,0.0,2.0,2.0,0.0,0.0,0.0,0.0,0.0,462.0,0.0,0.0,0.0,0.0,0.0,0.0,0.0,0.0,0.0,0.0,0.0,18.256767733968269,-112.96602296791298,18.418560069744009,-311.2146728199068,18.213436294298057,-123.2708388395697,18.165554415800899,-161.99997377440969,15.99846315078536,-2.24942163282509,18.174488939076605,-30.807528028224227,16.750074302359985,-27.167429327718766,14.513023603654219,-152.96060201640945,17.077737890280756,-70.02269127515308,454.13120555613798,564.6262028831968,0.0,0.0,0.0,0.0,0.0,0.0,0.0,0.0,0.0,0.0,0.0,0.0,0.0,0.0,0.0,0.0,0.0,0.0,0.0,0.0,0.0,0.0,1.2305715132786915,0.37563233006065069,239.50472207066793,283.7465485723366,5753.759274746215,0.21654647167036618,0.033050438289127927,149.13358091150739,176.577146715874,3603.5930145400645,1.1709634694903,0.2212704968802533,104.1347210865312,123.368963981578,2535.9458249164715,0.22435469341807616,0.04239506678346108,97.48188662074958,115.48865709578343,2346.6000268656446,0.0,0.0,8.315795632841429,9.923265697655478,169.3232724103205,0.0,0.0,12.284882812631711,14.538287725453558,306.11375218393087,0.0,0.0,81.91073124813411,97.48286761175157,1791.2894158328832,0.0,0.0,50.93419093361375,61.165438847786059,852.2261912074255,0.0,0.0,21.784909857842949,25.884436104685024,493.65802930597558,42.36624090184225,29.05777839632528,220.02939410088482,261.7117335368273,5681.89954988974,0.0,0.0,64.47604316899595,77.82962816814626,891.3004958461343,0.0,17.774397315488469,36.98788777965958,22.0,30.0,0.0,18.02592045564471,36.36927598020784,12.0,30.0,0.0,17.925804560306724,36.678346816520249,22.0,30.0,0.0,17.923529897155598,36.725005999365198,12.0,30.0,0.0,15.98676760162877,41.409296683996078,12.0,30.0,0.0,18.353870746621234,35.645539319052719,12.0,30.0,0.0,16.76223032837086,39.37046967279909,10.0,30.0,0.0,14.128986516963274,46.59520514651888,12.0,30.0,0.0,17.176485772560598,38.397011303092828,20.0,30.0,0.0,16.64405587408322,0.0,0.0,0.0,12.643804997950728,0.0,0.0,479.45122513454307,462.24514980136498,502.9413617463705,492.68817793831217,543.40501918425,828.8977464737382,515.843070570751,589.6847437288408,749.2092301464472,0.0,83.88067471042099,83.88067471042099,60.0,0.0,60.0,60.0,12.0,12.0,12.0,19.0,12.0,12.0,21.0,10.0,0.0,0.0,0.0,0.0,0.0,0.0,0.0,0.0,0.0,0.0,0.0,0.0,0.0,83.88067471042099,83.88067471042099,0.0,0.0,0.0,83.88067471042099,0.0,0.0,0.0021 
 02/27  02:20:00,5.91,83.33333333333334,8.176666666666666,0.0,0.0,0.0,0.0,0.0,2.0,2.0,0.0,0.0,0.0,0.0,0.0,231.0,0.0,0.0,0.0,0.0,0.0,0.0,0.0,0.0,0.0,0.0,0.0,18.246037896483509,-158.15913531243587,18.410284133669668,-22.45813904090619,18.062095924071288,-304.9951747103805,18.164066510133549,-5.782523863125789,15.962585116814602,-1.3356054466750607,18.121751118841766,-33.82360361824834,16.705316559292237,5.13252939405902,14.463869695781004,-147.41982038855736,17.042174872207739,-72.11646995298077,435.44788523769787,563.0040982315111,0.0,0.0,0.0,0.0,0.0,0.0,0.0,0.0,0.0,0.0,0.0,0.0,0.0,0.0,0.0,0.0,0.0,0.0,0.0,0.0,0.0,0.0,1.213378887887589,0.3703842759119625,122.32516435421049,144.71404224365277,2940.047321351701,0.23289390459205348,0.0355454677338299,65.11617472117634,76.96096784733492,1591.245008055141,1.165361754046828,0.2202119716641777,146.89265551842957,173.85097181661323,3488.2017305281617,0.23680686664976073,0.044748085156795288,106.07911592162763,125.42107979685265,2565.653901744141,0.0,0.0,8.785668718661011,10.461078136771607,177.77952088534603,0.0,0.0,12.21620011861805,14.428678775412461,302.4011144764221,0.0,0.0,86.59056286878811,102.83132882145671,1881.0510533971086,0.0,0.0,50.914759797044329,61.01868068585454,844.5532297054876,0.0,0.0,21.00298000334659,24.905905074837749,473.2415496920112,42.730777158847377,29.307803263955685,162.18660094600549,192.7255918495085,4359.453082390338,0.0,0.0,64.56602719520243,77.77523168874977,885.5729173223805,0.0,17.813929345454988,37.00525673690387,22.0,30.0,0.0,18.101888714297055,36.16143221537575,12.0,30.0,0.0,17.689322188761513,37.34037778562198,22.0,30.0,0.0,17.988160728574774,36.53804228487868,12.0,30.0,0.0,15.94794094336497,41.4993245530836,12.0,30.0,0.0,18.29428425433351,35.774881961233479,12.0,30.0,0.0,16.71656576875937,39.43898627277505,10.0,30.0,0.0,14.081413221921532,46.73690563341292,12.0,30.0,0.0,17.13583412004219,38.470811886944868,20.0,30.0,0.0,16.51298014220584,0.0,0.0,0.0,12.615123560189497,0.0,0.0,494.3195919443563,474.07789913989287,478.2742049891624,522.7061660025236,539.1896147418685,819.393234265968,513.9163576021942,590.8352386333132,743.7168262818206,0.0,83.88067471042099,83.88067471042099,60.0,0.0,60.0,60.0,12.0,12.0,12.0,19.0,12.0,12.0,21.0,10.0,0.0,0.0,0.0,0.0,0.0,0.0,0.0,0.0,0.0,0.0,0.0,0.0,0.0,83.88067471042099,83.88067471042099,0.0,0.0,0.0,83.88067471042099,0.0,0.0,0.0020966666666666666 
 02/27  02:30:00,5.9350000000000009,84.0,8.305,0.0,0.0,0.0,0.0,0.0,2.0,2.0,0.0,0.0,0.0,0.0,0.0,462.0,0.0,0.0,0.0,0.0,0.0,0.0,0.0,0.0,0.0,0.0,0.0,18.21148038999304,-148.1981638345601,18.313152895709615,-245.57992714569685,18.099724222556284,-25.005724373335398,18.049535844134988,-193.6888901521645,15.93352797752783,-1.6403075255920783,18.08099964528994,-31.119574453410168,16.671071903476947,-2.13145228380381,14.421894731876922,-149.76684459609579,17.01424057015459,-71.65571338884928,446.5994425031713,567.4834165012834,0.0,0.0,0.0,0.0,0.0,0.0,0.0,0.0,0.0,0.0,0.0,0.0,0.0,0.0,0.0,0.0,0.0,0.0,0.0,0.0,0.0,0.0,1.2122303187607718,0.3700336748354004,179.93903947891483,213.21125497099224,4304.681161107116,0.21282796387636022,0.032482900469529948,105.07254949793468,124.62708410525635,2516.222587048774,1.2031064235015472,0.22734437329961217,169.57427407952577,201.0839647015262,4062.732992458955,0.22929737738381629,0.04332905846255031,123.63813459845398,146.59839001969213,2929.7570229895566,0.0,0.0,8.622685076630648,10.283807541390324,173.52296532610343,0.0,0.0,12.257661565725983,14.503022176714432,301.8224210896499,0.0,0.0,85.83957327317624,102.10566914169096,1853.9579070878695,0.0,0.0,51.407919304579738,61.71542001965223,846.1087210682932,0.0,0.0,21.0829547897308,25.043822558832177,472.6975535389587,43.11125748816655,29.568763709304915,199.31373477114642,237.35182190802528,5174.425182304232,0.0,0.0,65.1545048800203,78.6155510140464,887.1870905431531,0.0,17.826880960663624,36.97314308835955,22.0,30.0,0.0,17.94324054549056,36.78829334882437,12.0,30.0,0.0,17.859117075321117,36.80764855775648,22.0,30.0,0.0,17.7848995485874,37.15104518591441,12.0,30.0,0.0,15.922688680770364,41.54870955614257,12.0,30.0,0.0,18.259185336798646,35.8414276272392,12.0,30.0,0.0,16.68357002880114,39.61131198534534,10.0,30.0,0.0,14.046455402554248,46.871168015991319,12.0,30.0,0.0,17.110697266266628,38.51392624707352,20.0,30.0,0.0,16.471253221413656,0.0,0.0,0.0,12.594808806178112,0.0,0.0,476.2295186219101,455.53365535800176,502.91584946607437,478.505065785994,537.4189789091468,815.5250656619826,518.8159079944256,587.3267637904005,742.3070707615946,0.0,83.88067471042099,83.88067471042099,60.0,0.0,60.0,60.0,12.0,12.0,12.0,19.0,12.0,12.0,21.0,10.0,0.0,0.0,0.0,0.0,0.0,0.0,0.0,0.0,0.0,0.0,0.0,0.0,0.0,83.88067471042099,83.88067471042099,0.0,0.0,0.0,83.88067471042099,0.0,0.0,0.0020933333333333335 
 02/27  02:40:00,5.959999999999999,84.66666666666666,8.433333333333334,0.0,0.0,0.0,0.0,0.0,2.0,2.0,0.0,0.0,0.0,0.0,0.0,462.0,0.0,0.0,0.0,0.0,0.0,0.0,0.0,0.0,0.0,0.0,0.0,18.02899457190253,-130.96849742986343,18.28288015173894,-270.04678642042748,18.021990911242399,-278.4306602953993,17.963853045643753,-160.06659773972798,15.900348405953285,-2.4667318986130768,18.03438992428226,-30.35142641494417,16.62209550134735,-34.541064908350339,14.375396945003424,-148.45856641674005,16.982018285665587,-71.97883514590888,586.8441732216643,563.2980163887405,0.0,0.0,0.0,0.0,0.0,0.0,0.0,0.0,0.0,0.0,0.0,0.0,0.0,0.0,0.0,0.0,0.0,0.0,0.0,0.0,0.0,0.0,1.2075546637570108,0.3686064297182572,367.5535737633469,435.57714046773676,8576.890467726887,0.20627070074078403,0.031482097182659349,192.4992614833114,227.7992879754707,4598.433204870111,1.1354701631309885,0.2145635228894537,323.4010777462531,383.16175220655506,7648.735301261715,0.21557597307495558,0.04073620050547157,173.7031044362772,205.90481889917226,4070.2833036640365,0.0,0.0,8.231552612961645,9.818113918545642,164.66674265493783,0.0,0.0,12.374699438767359,14.638137293815945,302.86491441476519,0.0,0.0,81.10055521553153,96.48195823825316,1738.3534037858649,0.0,0.0,51.19140502388079,61.447850080144117,835.2483481548419,0.0,0.0,22.075679264921399,26.214971728684277,492.2469436607007,43.4660678913373,29.81211789529308,486.56477660931486,578.1912946758457,11533.874495181431,0.0,0.0,64.93902689923131,78.34083069633968,876.979950968278,0.0,17.547658294487105,37.802431422799617,22.0,30.0,0.0,17.952069112313568,36.93812918094999,12.0,30.0,0.0,17.756776123333539,37.37482290453609,22.0,30.0,0.0,17.680202388276336,37.47745688187101,12.0,30.0,0.0,15.889281329513319,41.67513499100775,12.0,30.0,0.0,18.211455878225484,35.990325946878979,12.0,30.0,0.0,16.622109445455786,39.9295894287372,10.0,30.0,0.0,14.002076198148924,47.038849211597817,12.0,30.0,0.0,17.076563092211516,38.62895385194751,20.0,30.0,0.0,16.827883487025667,0.0,0.0,0.0,12.566041920174986,0.0,0.0,475.942640250309,460.78542169573327,470.08605876497486,480.1004671863534,534.5426038029375,811.7153572643954,511.5943026576898,583.8720785976891,736.6110985178923,0.0,83.88067471042099,83.88067471042099,60.0,0.0,60.0,60.0,12.0,12.0,12.0,19.0,12.0,12.0,21.0,10.0,0.0,0.0,0.0,0.0,0.0,0.0,0.0,0.0,0.0,0.0,0.0,0.0,0.0,83.88067471042099,83.88067471042099,0.0,0.0,0.0,83.88067471042099,0.0,0.0,0.00209 
 02/27  02:50:00,5.985,85.33333333333334,8.561666666666666,0.0,0.0,0.0,0.0,0.0,2.0,2.0,0.0,0.0,0.0,0.0,0.0,462.0,0.0,0.0,0.0,0.0,0.0,0.0,0.0,0.0,0.0,0.0,0.0,18.046807228059167,-229.0216198444623,18.114262465160985,-237.563613703285,17.869044840737027,-139.87450173231128,17.95753746402907,-165.08367919226635,15.866798657793833,-2.293413153663465,17.990036287770857,-33.30794141398613,16.554854704194736,-4.544071623114178,14.330810003092726,-147.10357810196218,16.950949244963945,-74.431027645705,563.5396216490253,557.6715411559796,0.0,0.0,0.0,0.0,0.0,0.0,0.0,0.0,0.0,0.0,0.0,0.0,0.0,0.0,0.0,0.0,0.0,0.0,0.0,0.0,0.0,0.0,1.1853035206705172,0.3618142614989368,303.0400944187978,359.0591548851918,7083.864207887152,0.2067456362154098,0.03155458428196121,160.56565411318224,190.3425514499835,3753.5215185069075,1.1717912227752168,0.22142691284490124,236.68744517135088,280.3225764906071,5513.024609676113,0.2204214619156708,0.04165182575881911,122.43793423205304,144.94710691921936,2868.3610553022515,0.0,0.0,8.619137865570819,10.275062793994732,171.35562024262468,0.0,0.0,12.605814343429543,14.910664968382072,306.75022705563819,0.0,0.0,84.61473096700849,100.63007234098939,1793.7803730781389,0.0,0.0,51.2084181611227,61.45666541768749,828.5166133326859,0.0,0.0,22.25688021669854,26.42832607278553,493.65723719587006,43.87247076390298,30.090857862759255,367.180914223694,436.3053595896814,8842.770821408662,0.0,0.0,65.03280508621293,78.43651996218655,871.0258786421346,0.0,17.639846816934399,37.896198111969969,22.0,30.0,0.0,17.698966172839257,37.88680281503318,12.0,30.0,0.0,17.544222755978678,38.092650914369929,22.0,30.0,0.0,17.726405593359098,37.48731098800575,12.0,30.0,0.0,15.855373876889777,41.80802293887646,12.0,30.0,0.0,18.167449930462717,36.15727664395072,12.0,30.0,0.0,16.533711918933105,40.37499617932134,10.0,30.0,0.0,13.960667632059359,47.28144952200452,12.0,30.0,0.0,17.044354142426294,38.75670075881068,20.0,30.0,0.0,16.720968109753316,0.0,0.0,0.0,12.537688586139599,0.0,0.0,467.67116326735546,454.70735310196326,465.88215071900665,477.30563355110936,531.7031649264092,802.7820298676286,507.12442018344987,583.243820092863,729.5964624984908,0.0,83.88067471042099,83.88067471042099,60.0,0.0,60.0,60.0,12.0,12.0,12.0,19.0,12.0,12.0,21.0,10.0,0.0,0.0,0.0,0.0,0.0,0.0,0.0,0.0,0.0,0.0,0.0,0.0,0.0,83.88067471042099,83.88067471042099,0.0,0.0,0.0,83.88067471042099,0.0,0.0,0.002086666666666667 
 02/27  03:00:00,6.01,86.0,8.69,0.0,0.0,1.0,0.0,0.0,2.0,2.0,0.0,0.0,0.0,0.0,0.0,462.0,0.0,0.0,0.0,0.0,0.0,0.0,0.0,0.0,0.0,0.0,0.0,17.865818322608069,-103.14642683890907,17.995249924910408,-257.0846452839951,17.809447081018335,-271.8658343225734,17.755528004742037,-110.7960937831017,15.83007714903015,-2.744963658417305,17.8433661624807,-31.717063807581668,16.517052446596403,-37.689673884484367,14.251743778279274,-144.6927320061385,16.876624472338749,-73.68716068071763,532.1983039473007,554.6923679438243,0.0,0.0,0.0,0.0,0.0,0.0,0.0,0.0,0.0,0.0,0.0,0.0,0.0,0.0,0.0,0.0,0.0,0.0,0.0,0.0,0.0,0.0,1.1752524214063749,0.3587461603804563,292.45557391849516,346.39604411871826,6724.9703935432339,0.20331152078806837,0.031030451890730828,157.310395497083,186.15208898875083,3661.2769724082606,1.0956963935600937,0.20704769341649549,224.08686513107979,265.4422874404872,5174.268871100232,0.21376979248558515,0.040394896539226208,114.53268279666244,135.70417388482253,2643.451913659108,0.0,0.0,8.289914142353235,9.883755872237633,163.71437201898619,0.0,0.0,12.70833129447389,15.031102451098829,306.24987110072007,0.0,0.0,80.62036979687582,95.88764905643225,1699.4725470349013,0.0,0.0,50.92360909898706,61.10860225911628,815.4167854711684,0.0,0.0,23.02638032762902,27.33577815159994,507.0592947495058,44.19378904292107,30.31124077017907,350.29842309861388,416.17288261233,8356.11594098081,0.0,0.0,64.75805871700519,78.0921138196878,858.5037586180245,0.0,17.391421895784938,38.65994414245311,22.0,30.0,0.0,17.708242950046008,37.95439030831008,12.0,30.0,0.0,17.54013731634278,38.42441482546967,22.0,30.0,0.0,17.53828187576885,38.3499667751871,12.0,30.0,0.0,15.815263178661724,42.04429273670107,12.0,30.0,0.0,18.074302734301584,36.48289618157638,12.0,30.0,0.0,16.49864158379396,40.61676168011874,10.0,30.0,0.0,13.90392559061221,47.614841399881857,12.0,30.0,0.0,16.991365532723188,39.003910742457019,20.0,30.0,0.0,16.570400664583234,0.0,0.0,0.0,12.496498555707444,0.0,0.0,467.3033766709558,458.90178151798889,462.47225366390469,466.9374458144016,528.692713684905,798.3906137912619,506.19435506009446,580.7505166595295,724.1878178581344,0.0,83.88067471042099,83.88067471042099,60.0,0.0,60.0,60.0,12.0,12.0,12.0,19.0,12.0,12.0,21.0,10.0,0.0,0.0,0.0,0.0,0.0,0.0,0.0,0.0,0.0,0.0,0.0,0.0,0.0,83.88067471042099,83.88067471042099,0.0,0.0,0.0,83.88067471042099,0.0,0.0,0.0020833333333333335 
 02/27  03:10:00,5.991666666666667,86.66666666666667,8.826666666666667,0.0,0.0,1.0,0.0,0.0,2.0,2.0,0.0,0.0,0.0,0.0,0.0,462.0,0.0,0.0,0.0,0.0,0.0,0.0,0.0,0.0,0.0,0.0,0.0,17.86440563339503,-230.87869180836425,17.827754260548418,-191.50692043683649,17.657885749365144,-143.0012106365898,17.71404020153904,-165.27645673605276,15.792868856774924,-2.591079140430878,17.767864347815708,-32.89844250225141,16.45154423107963,-13.593805570820905,14.196649966026803,-145.0020616377376,16.83241725114454,-75.53921649624493,546.0239429221838,555.3945748883376,0.0,0.0,0.0,0.0,0.0,0.0,0.0,0.0,0.0,0.0,0.0,0.0,0.0,0.0,0.0,0.0,0.0,0.0,0.0,0.0,0.0,0.0,1.1623603858576904,0.3548108625939226,285.07102911901009,337.75052143710959,6540.9801821866499,0.2069067141767661,0.031579168830397758,145.68072880236114,172.69211190996323,3341.213877504355,1.1485489075544995,0.2170349409589002,248.28898551353948,294.1008783119451,5670.756079678691,0.21665044766106737,0.04093923803119186,136.77212999528389,161.94447432077915,3147.318096049578,0.0,0.0,8.623815922752959,10.276983457029492,169.88462467160213,0.0,0.0,12.570401201304398,14.868194727627259,301.17464366537208,0.0,0.0,84.46431927735776,100.42646982954047,1768.5098102364137,0.0,0.0,51.27939247825944,61.525831794847849,816.8398919123024,0.0,0.0,22.358742551615764,26.54142605797899,490.8571161782899,44.56524490708908,30.566011596083059,363.4342032191148,431.8119627407809,8621.54524765697,0.0,0.0,65.22811869335544,78.64563783232143,860.0933088710924,0.0,17.439216605468038,38.90174756307533,22.0,30.0,0.0,17.473829382969254,38.936875680915907,12.0,30.0,0.0,17.331998685683528,39.12415647636084,22.0,30.0,0.0,17.519879594172474,38.52177523772015,12.0,30.0,0.0,15.775099651319462,42.27343869464624,12.0,30.0,0.0,17.985792907192356,36.81798087160449,12.0,30.0,0.0,16.41261605190899,41.14272322041305,10.0,30.0,0.0,13.845353582143116,47.99021805237055,12.0,30.0,0.0,16.9406875902643,39.25448676573935,20.0,30.0,0.0,16.537357982569107,0.0,0.0,0.0,12.444010177555257,0.0,0.0,460.85480856398569,453.01443388802218,461.31752909115689,466.2656300790587,525.6271988082493,792.5564916213414,501.0201985065663,577.8748375453597,719.5516573209911,0.0,83.88067471042099,83.88067471042099,60.0,0.0,60.0,60.0,12.0,12.0,12.0,19.0,12.0,12.0,21.0,10.0,0.0,0.0,0.0,0.0,0.0,0.0,0.0,0.0,0.0,0.0,0.0,0.0,0.0,83.88067471042099,83.88067471042099,0.0,0.0,0.0,83.88067471042099,0.0,0.0,0.00208 
 02/27  03:20:00,5.973333333333334,87.33333333333334,8.963333333333335,0.0,0.0,1.0,0.0,0.0,2.0,2.0,0.0,0.0,0.0,0.0,0.0,462.0,0.0,0.0,0.0,0.0,0.0,0.0,0.0,0.0,0.0,0.0,0.0,17.69585106879781,-107.45358508910113,17.799021583155097,-244.36300837973364,17.631451335785195,-273.387913073424,17.58359500928965,-110.22782277969486,15.756526060775596,-3.0802528932171358,17.695940025073769,-31.51870390648554,16.409204347846236,-43.610371586783,14.144251753670567,-144.01288514681029,16.789279554426594,-74.88727025557404,514.8994491323947,554.0360220744805,0.0,0.0,0.0,0.0,0.0,0.0,0.0,0.0,0.0,0.0,0.0,0.0,0.0,0.0,0.0,0.0,0.0,0.0,0.0,0.0,0.0,0.0,1.1607520050646745,0.35431990386589576,274.438210032641,325.0092228553366,6232.432648072743,0.20296553100889398,0.03097764514787759,146.9387384773899,173.87134697346193,3369.945009053657,1.0838552399852662,0.20481013605163765,215.5968170065218,255.36059350516843,4909.096704621947,0.2119378171929489,0.04004871829042873,113.46404851558681,134.42471367120656,2582.923106452844,0.0,0.0,8.294891553079891,9.885397747873029,163.05469499804719,0.0,0.0,12.768302163437923,15.10048769431766,304.2572996764601,0.0,0.0,80.21252886082388,95.37528070380989,1675.6190356244657,0.0,0.0,50.9584958906766,61.13167760280092,807.9334460593796,0.0,0.0,23.604804804795216,28.013069647086306,516.6829712025466,44.903609150514387,30.7980858371155,330.46486065111619,392.56725347029507,7832.732557563071,0.0,0.0,64.9208274404206,78.262301090785,851.3157473287142,0.0,17.213128847039554,39.6394226199919,22.0,30.0,0.0,17.49500394304237,38.98233060054314,12.0,30.0,0.0,17.344896113268044,39.43304113024592,22.0,30.0,0.0,17.342031470845869,39.381818725220927,12.0,30.0,0.0,15.736825289457468,42.58614712482595,12.0,30.0,0.0,17.90307821243714,37.18580476105163,12.0,30.0,0.0,16.369907352723425,41.43997649247967,10.0,30.0,0.0,13.791158978339862,48.40102427665427,12.0,30.0,0.0,16.891886051081565,39.571006263357279,20.0,30.0,0.0,16.370014431898747,0.0,0.0,0.0,12.390719836398518,0.0,0.0,460.5730610622275,455.9463526449268,458.44637962477045,458.79363498244177,522.1831895138253,789.1067265123882,499.90605280867086,574.5187767020575,713.6351220004408,0.0,83.88067471042099,83.88067471042099,60.0,0.0,60.0,60.0,12.0,12.0,12.0,19.0,12.0,12.0,21.0,10.0,0.0,0.0,0.0,0.0,0.0,0.0,0.0,0.0,0.0,0.0,0.0,0.0,0.0,83.88067471042099,83.88067471042099,0.0,0.0,0.0,83.88067471042099,0.0,0.0,0.0020933333333333335 
 02/27  03:30:00,5.955,88.0,9.1,0.0,0.0,1.0,0.0,0.0,2.0,2.0,0.0,0.0,0.0,0.0,0.0,462.0,0.0,0.0,0.0,0.0,0.0,0.0,0.0,0.0,0.0,0.0,0.0,17.692150853508048,-230.37826455771484,17.649652822900124,-184.51037397633378,17.490900474500813,-139.72262559120464,17.553131534642234,-165.67421166500822,15.720811906793227,-2.953191175242523,17.631364810722937,-32.933101201480187,16.34555169831958,-19.50113262946752,14.093566716996382,-143.86759822397017,16.749208820258504,-76.9512936076813,536.2892381656293,553.668239609654,0.0,0.0,0.0,0.0,0.0,0.0,0.0,0.0,0.0,0.0,0.0,0.0,0.0,0.0,0.0,0.0,0.0,0.0,0.0,0.0,0.0,0.0,1.1523380095576093,0.3517515291689894,280.03868151625957,331.74827877312478,6342.781044840249,0.20582293412278858,0.031413756734247347,143.951037883708,170.62084148974228,3259.21329703954,1.1377522726923582,0.21499476052387729,243.05220519740653,287.85389348832117,5484.05942362495,0.2145293241949655,0.040538421049691127,134.41697867494777,159.13329570176763,3054.909021362143,0.0,0.0,8.621073477738602,10.269222830710604,169.1014279560718,0.0,0.0,12.70537346467528,15.025280294015634,301.41552293382787,0.0,0.0,83.99147620602359,99.8350704536615,1743.6047938184323,0.0,0.0,51.276802700807767,61.50184965454355,809.3991417528771,0.0,0.0,22.984835850634913,27.274822179465887,501.8724862598374,45.28863945991607,31.062166982109795,356.16612721914057,423.1123506161032,8369.607437758243,0.0,0.0,65.35403460319023,78.767813703691,853.6902566773538,0.0,17.257739920286377,39.90045160797816,22.0,30.0,0.0,17.289192022586854,39.92786340987572,12.0,30.0,0.0,17.156488636148404,40.0936379150736,22.0,30.0,0.0,17.34115141704837,39.504488002329697,12.0,30.0,0.0,15.699960029834465,42.868834221877339,12.0,30.0,0.0,17.83228435968708,37.53539461729505,12.0,30.0,0.0,16.289111393426326,41.99267568015212,10.0,30.0,0.0,13.739415590378048,48.82441035804052,12.0,30.0,0.0,16.848055820686168,39.86957338641993,20.0,30.0,0.0,16.358173758721123,0.0,0.0,0.0,12.348571249352539,0.0,0.0,455.50615718649825,451.07307002131855,458.13390204893497,459.10364822202009,519.1491076749662,783.8293759455398,495.3196703515176,572.1433086246075,708.7300598489462,0.0,83.88067471042099,83.88067471042099,60.0,0.0,60.0,60.0,12.0,12.0,12.0,19.0,12.0,12.0,21.0,10.0,0.0,0.0,0.0,0.0,0.0,0.0,0.0,0.0,0.0,0.0,0.0,0.0,0.0,83.88067471042099,83.88067471042099,0.0,0.0,0.0,83.88067471042099,0.0,0.0,0.0021066666666666666 
 02/27  03:40:00,5.936666666666667,88.66666666666667,9.236666666666667,0.0,0.0,1.0,0.0,0.0,2.0,2.0,0.0,0.0,0.0,0.0,0.0,462.0,0.0,0.0,0.0,0.0,0.0,0.0,0.0,0.0,0.0,0.0,0.0,17.530771661692218,-106.78255004994208,17.628856779122758,-238.2716342233457,17.46998544025856,-271.4352048691226,17.428643278354646,-113.64476421783957,15.685430632417117,-3.358636069670837,17.567589319614016,-31.83832827102688,16.303556094600205,-47.604107773563558,14.0450252782841,-142.26770004759079,16.709201825517704,-76.28987502873986,511.09645222357769,551.4082591124493,0.0,0.0,0.0,0.0,0.0,0.0,0.0,0.0,0.0,0.0,0.0,0.0,0.0,0.0,0.0,0.0,0.0,0.0,0.0,0.0,0.0,0.0,1.1524148676557973,0.35177499012692228,272.38715479054079,322.53018562054378,6113.001341980198,0.20203530648623725,0.030835669488131449,146.2077444577756,172.98353695888495,3313.971024106552,1.074624126403307,0.20306578352292277,216.84521668305389,256.79711763542789,4880.235381560215,0.20996478047800055,0.03967588444406661,115.80601615617786,137.18189782309413,2604.883781217425,0.0,0.0,8.289051935523382,9.873961548534897,162.27097481007287,0.0,0.0,12.935883825034019,15.295230968993217,305.5225759749174,0.0,0.0,79.74874637261492,94.79519549977512,1651.9159504881928,0.0,0.0,50.92470933904569,61.068853639563588,800.6579901827097,0.0,0.0,24.455090821598888,29.010543217540559,532.6342231572528,45.64031857828773,31.30337351048542,330.2785215170844,392.2802086219764,7748.678082825592,0.0,0.0,65.02224314893258,78.35159081345614,846.081595785011,0.0,17.044195806535396,40.62196408776276,22.0,30.0,0.0,17.320962423166514,39.94022078444384,12.0,30.0,0.0,17.177796012687116,40.39678825375824,22.0,30.0,0.0,17.1716769277842,40.37306029970945,12.0,30.0,0.0,15.663743902867548,43.233187627431657,12.0,30.0,0.0,17.76239282683413,37.92041823741889,12.0,30.0,0.0,16.24796220819696,42.298228308447097,10.0,30.0,0.0,13.691277873878465,49.26867929961653,12.0,30.0,0.0,16.80441464201232,40.23153129889879,20.0,30.0,0.0,16.208542221148109,0.0,0.0,0.0,12.306551709914507,0.0,0.0,455.3839403631966,453.4473881277594,454.7795023181769,452.7850591461005,515.7638083224322,780.3721190596355,494.96715312804937,569.248270445154,702.286370167543,0.0,83.88067471042099,83.88067471042099,60.0,0.0,60.0,60.0,12.0,12.0,12.0,19.0,12.0,12.0,21.0,10.0,0.0,0.0,0.0,0.0,0.0,0.0,0.0,0.0,0.0,0.0,0.0,0.0,0.0,83.88067471042099,83.88067471042099,0.0,0.0,0.0,83.88067471042099,0.0,0.0,0.00212 
 02/27  03:50:00,5.918333333333333,89.33333333333333,9.373333333333333,0.0,0.0,1.0,0.0,0.0,2.0,2.0,0.0,0.0,0.0,0.0,0.0,462.0,0.0,0.0,0.0,0.0,0.0,0.0,0.0,0.0,0.0,0.0,0.0,17.530918686188465,-229.136991163502,17.48666523146759,-181.77850255013255,17.334651830988159,-138.65201518845243,17.40418556169048,-167.06123999064654,15.650366839659354,-3.220988334193578,17.508537758781516,-33.268182111873588,16.24173183267065,-23.626901708741117,13.99777453283096,-141.87715099738126,16.67120359020815,-78.06331949297027,532.6282181775941,550.7190047019053,0.0,0.0,0.0,0.0,0.0,0.0,0.0,0.0,0.0,0.0,0.0,0.0,0.0,0.0,0.0,0.0,0.0,0.0,0.0,0.0,0.0,0.0,1.1458773119526876,0.3497793992529571,277.748758473649,328.9771070543188,6219.96271451065,0.205014699451033,0.03129039979411371,143.12471812139945,169.61151389893474,3204.104248288437,1.1307430865239923,0.21367027334164635,241.21285513828833,285.61905913426929,5383.174319086264,0.21305007430604423,0.040258895371512507,133.81933655530674,158.39363116132376,3007.8677110348119,0.0,0.0,8.627443467106858,10.272030699383965,168.55472371813438,0.0,0.0,12.886834576025173,15.2359155328249,303.2173224058155,0.0,0.0,83.41501831258589,99.11858343297527,1717.687855164582,0.0,0.0,51.22829402384292,61.41977580733882,802.3857306193146,0.0,0.0,23.915386121865738,28.366717984240969,519.7483819204272,46.03492473893914,31.57402245469078,353.09203186678897,419.3794749801515,8220.965170209849,0.0,0.0,65.44986556639808,78.84772573747512,849.3043548930436,0.0,17.0953270775574,40.866407378629208,22.0,30.0,0.0,17.1256330708506,40.88303887775017,12.0,30.0,0.0,16.997620375764009,41.04409067727461,22.0,30.0,0.0,17.180915195098309,40.4626630593733,12.0,30.0,0.0,15.62827102289901,43.55210878124012,12.0,30.0,0.0,17.700344077773605,38.28615994074948,12.0,30.0,0.0,16.17142983264652,42.863505705626867,10.0,30.0,0.0,13.644788971480598,49.715754546861358,12.0,30.0,0.0,16.764120555941326,40.56307522177484,20.0,30.0,0.0,16.196372782956617,0.0,0.0,0.0,12.271841186542627,0.0,0.0,451.41961617097015,448.99904346554527,455.16209655902056,453.8787446589589,513.0895264077806,775.2326777679664,490.74764770159086,567.1024974043883,697.0917533902759,0.0,83.88067471042099,83.88067471042099,60.0,0.0,60.0,60.0,12.0,12.0,12.0,19.0,12.0,12.0,21.0,10.0,0.0,0.0,0.0,0.0,0.0,0.0,0.0,0.0,0.0,0.0,0.0,0.0,0.0,83.88067471042099,83.88067471042099,0.0,0.0,0.0,83.88067471042099,0.0,0.0,0.00214 
 02/27  04:00:00,5.9,90.0,9.51,0.0,0.0,1.0,0.0,0.0,2.0,2.0,0.0,0.0,0.0,0.0,0.0,462.0,0.0,0.0,0.0,0.0,0.0,0.0,0.0,0.0,0.0,0.0,0.0,17.37382487414605,-105.42585323063895,17.46940356242387,-234.94844659244087,17.31671457374366,-270.75039866425098,17.282210162100925,-116.55795249351377,15.615328654481925,-3.5620830081855248,17.44911802394222,-32.336997512732867,16.200920976962146,-50.43481604297904,13.952099517088037,-140.13708647571549,16.632846191424315,-77.7040696273902,510.31870613140247,548.0214633256456,0.0,0.0,0.0,0.0,0.0,0.0,0.0,0.0,0.0,0.0,0.0,0.0,0.0,0.0,0.0,0.0,0.0,0.0,0.0,0.0,0.0,0.0,1.1470131077562714,0.350126101268703,271.1079866723542,320.95076491261639,6018.60225910313,0.20142275292404475,0.03074217840721074,145.9201973622579,172.61155563750706,3271.9258211385028,1.068463912452469,0.20190172192979395,218.2633312566589,258.4236448405469,4859.460504514913,0.20863761660790709,0.03942509762054176,117.99156177959296,139.74601091273289,2625.1941765289577,0.0,0.0,8.288856076188836,9.869088976216937,161.63453065254573,0.0,0.0,13.130998636330647,15.52145607351994,307.7447913216964,0.0,0.0,79.3160508371425,94.24997039558858,1630.0551857735823,0.0,0.0,50.848578141050008,60.952819976294957,793.6789481520731,0.0,0.0,25.284352597120184,29.98119945587574,548.2479678094835,46.393848051094369,31.820197565908356,330.7191066249144,392.7236994628893,7684.2729549924729,0.0,0.0,65.09418537118077,78.4014385410999,842.0078311504226,0.0,16.88806556916014,41.58729057731283,22.0,30.0,0.0,17.16153674102036,40.88251453966343,12.0,30.0,0.0,17.02276415628002,41.34693818492082,22.0,30.0,0.0,17.014694541393653,41.34108702856251,12.0,30.0,0.0,15.592857490725298,43.94962283321976,12.0,30.0,0.0,17.636938671598558,38.68655380612368,12.0,30.0,0.0,16.132717083677833,43.17083541236114,10.0,30.0,0.0,13.600826810030368,50.17641032132404,12.0,30.0,0.0,16.723150166486535,40.95301405691244,20.0,30.0,0.0,16.05575853943994,0.0,0.0,0.0,12.234425334199921,0.0,0.0,451.44957933494717,451.01506572384849,451.7794169418753,448.5145894105685,510.039109160027,771.7849220646488,490.93083061247367,564.6764367830048,690.754045976005,0.0,83.88067471042099,83.88067471042099,60.0,0.0,60.0,60.0,12.0,12.0,12.0,19.0,12.0,12.0,21.0,10.0,0.0,0.0,0.0,0.0,0.0,0.0,0.0,0.0,0.0,0.0,0.0,0.0,0.0,83.88067471042099,83.88067471042099,0.0,0.0,0.0,83.88067471042099,0.0,0.0,0.0021599999999999998 
 02/27  04:10:00,5.911666666666667,90.16666666666667,9.504999999999999,0.0,0.0,1.0,0.0,0.0,2.0,2.0,0.0,0.0,0.0,0.0,0.0,231.0,0.0,0.0,0.0,0.0,0.0,0.0,0.0,0.0,0.0,0.0,0.0,17.319229846229115,-209.0316678527206,17.44283464047464,-21.534673555441829,17.298748539289794,-44.02903891403912,17.20676300664018,-190.06251468388383,15.577070917523447,-2.929728140206578,17.386029622536659,-33.36782713779769,16.156391013964837,-19.42892022507158,13.90556290066758,-136.0023634714555,16.591994629398337,-77.6567661242276,448.1636404921346,548.9601930403278,0.0,0.0,0.0,0.0,0.0,0.0,0.0,0.0,0.0,0.0,0.0,0.0,0.0,0.0,0.0,0.0,0.0,0.0,0.0,0.0,0.0,0.0,1.135436185332212,0.34659224216489989,150.5464736677158,178.01353461252516,3311.104499788228,0.20623576341599274,0.03147676486813076,9.790346334089924,11.56197265820385,225.25823800601533,1.1290911355248604,0.21335811328890037,219.22693366061896,259.0326239503864,4914.718051797329,0.21135300121373619,0.039938208846133058,119.91200366780456,141.74382440846407,2643.3948952311995,0.0,0.0,8.690692949676225,10.32417355549084,168.57107871034169,0.0,0.0,13.00480146749528,15.341780867731988,302.73235210569359,0.0,0.0,83.56269426177171,99.07715025802269,1708.25664051853,0.0,0.0,51.13464531300109,61.16916417443895,792.340925133197,0.0,0.0,24.469083616628244,28.955164665332786,527.8693255668629,46.16827787802474,31.665485513048528,217.07876852774684,257.5552191283395,5234.799405150871,0.0,0.0,65.36583925528626,78.55907643548103,840.1767730261145,0.0,16.828633551170836,42.106751629040157,22.0,30.0,0.0,17.19519424575096,41.13848104524185,12.0,30.0,0.0,17.075574623958717,40.89612890594926,22.0,30.0,0.0,16.9203494688118,41.90480090732322,12.0,30.0,0.0,15.551134425906924,44.38803369137847,12.0,30.0,0.0,17.56537984989621,39.15422162894925,12.0,30.0,0.0,16.09109796239367,43.2312784281352,10.0,30.0,0.0,13.554525416444113,50.46591471770447,12.0,30.0,0.0,16.67690950824482,41.337604486865739,20.0,30.0,0.0,15.831719695941312,0.0,0.0,0.0,12.20461557374244,0.0,0.0,447.3697984204902,446.7717946920071,457.87102775664149,443.71516649758009,507.77426738893299,767.9110935840306,490.6906917333365,564.8298114189996,687.9727017195565,0.0,83.88067471042099,83.88067471042099,60.0,0.0,60.0,60.0,12.0,12.0,12.0,19.0,12.0,12.0,21.0,10.0,0.0,0.0,0.0,0.0,0.0,0.0,0.0,0.0,0.0,0.0,0.0,0.0,0.0,83.88067471042099,83.88067471042099,0.0,0.0,0.0,83.88067471042099,0.0,0.0,0.00218 
 02/27  04:20:00,5.923333333333334,90.33333333333334,9.5,0.0,0.0,1.0,0.0,0.0,2.0,2.0,0.0,0.0,0.0,0.0,0.0,462.0,0.0,0.0,0.0,0.0,0.0,0.0,0.0,0.0,0.0,0.0,0.0,17.342681180012499,-111.28554816206133,17.339163023526607,-221.4177183521893,17.194252027770973,-202.27876657061689,17.196559480558354,-77.99627167257131,15.546317820934729,-3.1103905146218837,17.337873186048435,-31.35167580813848,16.10907203769451,-35.46941260369704,13.866773513860377,-137.40895418772369,16.55998264787074,-77.89311064337488,468.41705068695549,547.4155218096641,0.0,0.0,0.0,0.0,0.0,0.0,0.0,0.0,0.0,0.0,0.0,0.0,0.0,0.0,0.0,0.0,0.0,0.0,0.0,0.0,0.0,0.0,1.1111048007113005,0.33916507958220407,209.64209548545888,248.32346829020347,4658.0289426227059,0.19614059690485675,0.0299359885385923,102.27051518945793,121.2575437328378,2267.361488069136,1.0895403838551344,0.2058844262764805,178.40778024549634,211.26069625320583,3942.561972844504,0.21419972790692339,0.040476139060265179,91.11939537856668,107.89465257177193,2016.848150691448,0.0,0.0,8.403092719032836,10.000148830065774,162.27320095724776,0.0,0.0,13.04501675549715,15.4188216756582,302.157376949142,0.0,0.0,81.35965427497277,96.64201268443613,1652.1132760894712,0.0,0.0,51.01504232654796,61.13829898105071,785.6698190071531,0.0,0.0,24.667915122338884,29.245973839239995,529.9502843868067,46.01178861721626,31.55815405844738,239.31125137548407,284.54191689490929,5687.918662053238,0.0,0.0,65.14826101513286,78.44447733047932,831.176985119952,0.0,16.96626602109918,41.73056159917031,22.0,30.0,0.0,17.033772799157544,41.77684931347001,12.0,30.0,0.0,16.914747297324206,41.819053281997,22.0,30.0,0.0,16.97761120257242,41.53809213982498,12.0,30.0,0.0,15.524391315735937,44.58299958479138,12.0,30.0,0.0,17.523110859311367,39.391898073897937,12.0,30.0,0.0,16.03767544681587,43.78276587003962,10.0,30.0,0.0,13.522554396168676,50.819129995326587,12.0,30.0,0.0,16.64813774815779,41.518089568691667,20.0,30.0,0.0,15.848135503470449,0.0,0.0,0.0,12.17193931855397,0.0,0.0,449.1159415129964,444.7103405369411,452.73563149907076,450.0208188072934,506.58532469796696,765.4049136277292,487.8439432314507,562.713572663584,686.6998396472761,0.0,83.88067471042099,83.88067471042099,60.0,0.0,60.0,60.0,12.0,12.0,12.0,19.0,12.0,12.0,21.0,10.0,0.0,0.0,0.0,0.0,0.0,0.0,0.0,0.0,0.0,0.0,0.0,0.0,0.0,83.88067471042099,83.88067471042099,0.0,0.0,0.0,83.88067471042099,0.0,0.0,0.0022 
 02/27  04:30:00,5.9350000000000009,90.5,9.495000000000001,0.0,0.0,1.0,0.0,0.0,2.0,2.0,0.0,0.0,0.0,0.0,0.0,231.0,0.0,0.0,0.0,0.0,0.0,0.0,0.0,0.0,0.0,0.0,0.0,17.369371555849154,-37.26049814127509,17.204447381950858,-309.3971849480413,17.181340315511148,-129.91103410069287,17.204181843041277,-10.081712057961824,15.508074594115613,-2.870444401040089,17.278934242956887,-29.81412345209742,16.056673035226777,-39.63221394226048,13.820071704432522,-134.57000066266984,16.52052193952136,-76.5488573961768,356.4761498104708,548.1530647414754,0.0,0.0,0.0,0.0,0.0,0.0,0.0,0.0,0.0,0.0,0.0,0.0,0.0,0.0,0.0,0.0,0.0,0.0,0.0,0.0,0.0,0.0,1.1014693423189046,0.3362238529666986,181.10000655618755,213.85497619516276,4057.4385762731565,0.19414849997610346,0.029631944440797234,136.96203178526938,161.85809764601667,2989.1085871561047,1.0697560900195973,0.202145897584958,42.554457898598119,50.272854495832458,960.5485813859278,0.20919932785109383,0.0395312410905317,4.597997758607558,5.430292874947037,106.6701140979459,0.0,0.0,8.278342537193098,9.831657041574497,159.01782116685318,0.0,0.0,12.998883651193552,15.33256323567132,299.17908595100365,0.0,0.0,80.06315654982849,94.91241398575969,1614.210359881649,0.0,0.0,50.998000357732369,60.99131354433134,779.4338668002912,0.0,0.0,24.984880256753859,29.558063379224025,534.09323662103,45.761934843092038,31.386786586482889,126.95526944631625,150.74197368034369,3302.443487557475,0.0,0.0,65.06258952603229,78.1732087923343,824.7194722891985,0.0,17.086740611929668,41.45096220867563,22.0,30.0,0.0,16.839097798767658,42.548339238905,12.0,30.0,0.0,16.956396246802144,41.88272839691766,22.0,30.0,0.0,17.045404415635497,41.655873822256619,12.0,30.0,0.0,15.482759905672405,44.940128904187798,12.0,30.0,0.0,17.457600400644428,39.78124200510234,12.0,30.0,0.0,15.974339680014565,44.221078850518789,10.0,30.0,0.0,13.474338454779748,51.18829841359076,12.0,30.0,0.0,16.60403063872005,41.842957849251167,20.0,30.0,0.0,15.465712669009797,0.0,0.0,0.0,12.141808075561615,0.0,0.0,450.44856668605549,443.26476384454198,460.21080535041679,445.1435235788863,504.296613778928,763.0851427514633,485.8808780797001,559.9896375144425,684.1511623257462,0.0,83.88067471042099,83.88067471042099,60.0,0.0,60.0,60.0,12.0,12.0,12.0,19.0,12.0,12.0,21.0,10.0,0.0,0.0,0.0,0.0,0.0,0.0,0.0,0.0,0.0,0.0,0.0,0.0,0.0,83.88067471042099,83.88067471042099,0.0,0.0,0.0,83.88067471042099,0.0,0.0,0.00222 
 02/27  04:40:00,5.946666666666666,90.66666666666667,9.49,0.0,0.0,1.0,0.0,0.0,2.0,2.0,0.0,0.0,0.0,0.0,0.0,693.0,0.0,0.0,0.0,0.0,0.0,0.0,0.0,0.0,0.0,0.0,0.0,17.22443930467239,-161.29480912623769,17.18564333085493,-102.21955245340557,17.138141045807396,-132.3604328392669,17.13210770100062,-170.09097281358118,15.47839905771216,-3.31365160703548,17.23366790609282,-32.41985193457376,16.026439174266494,-33.255014507976159,13.783003320530764,-136.40270668458255,16.49028407172305,-78.49613404970583,409.40356486861318,542.9994593791652,0.0,0.0,0.0,0.0,0.0,0.0,0.0,0.0,0.0,0.0,0.0,0.0,0.0,0.0,0.0,0.0,0.0,0.0,0.0,0.0,0.0,0.0,1.1106074637559878,0.3390132673247829,179.4044505837428,212.68874768797765,3920.5227153349976,0.2116921717182872,0.03230955001805363,92.69238521593546,109.88198233805562,2031.7603257897259,1.0413668011076749,0.19678133051921316,123.10924337923831,145.83494383460977,2722.2281563083545,0.1985279909067072,0.037514737510715667,71.22579190922737,84.34729865200429,1565.0300388873805,0.0,0.0,8.534222018416605,10.161540769200372,163.22990655658527,0.0,0.0,12.778850370994534,15.11159712303174,292.6862178937788,0.0,0.0,81.30172140923,96.63013191633186,1633.4989365356426,0.0,0.0,50.95132519264989,61.090155650325218,774.0859922111083,0.0,0.0,25.232408334499959,29.92486069635817,537.1992426052185,45.62614072638259,31.293649332224036,172.3992500156216,205.22747308724048,4230.882918933292,0.0,0.0,64.96172027769383,78.25224198492758,816.9240032866844,0.0,16.83837314967707,42.40015120008504,22.000000000000019,30.00000000000002,0.0,16.89680815477361,42.29499819638615,12.00000000000001,30.00000000000002,0.0,16.93106968130075,42.1047459066222,22.000000000000019,30.00000000000002,0.0,16.93618006138711,42.27821387288208,12.00000000000001,30.00000000000002,0.0,15.458327107506442,45.16382639086697,12.00000000000001,30.00000000000002,0.0,17.418853118643339,39.997188560346639,12.00000000000001,30.00000000000002,0.0,15.956189982043825,44.37718603104986,10.000000000000007,30.00000000000002,0.0,13.444852832810089,51.4840484461396,12.00000000000001,30.00000000000002,0.0,16.57811298209719,42.057242232644188,20.000000000000015,30.00000000000002,0.0,15.580679956168617,0.0,0.0,0.0,12.107148609484577,0.0,0.0,450.06037646910905,446.58685446483,452.8697002558856,442.45993516875446,502.9151571581997,763.7764155766906,485.8308834472431,559.1347719373331,681.4258880028543,0.0,83.88067471042105,83.88067471042105,60.00000000000004,0.0,60.00000000000004,60.00000000000004,12.0,12.0,12.0,19.0,12.0,12.0,21.0,10.0,0.0,0.0,0.0,0.0,0.0,0.0,0.0,0.0,0.0,0.0,0.0,0.0,0.0,83.88067471042105,83.88067471042105,0.0,0.0,0.0,83.88067471042105,0.0,0.0,0.0022400000000000004 
 02/27  04:50:00,5.958333333333333,90.83333333333334,9.485,0.0,0.0,1.0,0.0,0.0,2.0,2.0,0.0,0.0,0.0,0.0,0.0,693.0,0.0,0.0,0.0,0.0,0.0,0.0,0.0,0.0,0.0,0.0,0.0,17.164408653486633,-164.9339033122446,17.072347980012404,-257.71264275915419,17.018028712154015,-236.70498207228446,17.05381147069419,-107.67763441915067,15.443167278874192,-3.600347673120119,17.1811875251694,-32.15686797992757,15.974136834780808,-42.36770983122797,13.739086453860514,-136.38237816531513,16.45448633522436,-79.42641433294351,446.2901696519345,539.873755643332,0.0,0.0,0.0,0.0,0.0,0.0,0.0,0.0,0.0,0.0,0.0,0.0,0.0,0.0,0.0,0.0,0.0,0.0,0.0,0.0,0.0,0.0,1.0994772025791724,0.33561575170304439,244.89037770991897,290.2182655974332,5326.191162485239,0.20410278874389232,0.03115121928325587,128.90067934847827,152.80775174902883,2776.0028703270397,1.0283449811070975,0.19432066914344268,138.18843456559547,163.75642912519354,3003.2303360054418,0.19356149665161616,0.036576246532807308,45.894612496454467,54.36523550060351,998.8500499075627,0.0,0.0,8.380884482093878,9.977070019822208,159.48823677110296,0.0,0.0,12.889934352598555,15.242282746291288,293.5504832910222,0.0,0.0,79.85753110183696,94.90372861092513,1592.7293729406795,0.0,0.0,50.86101861042536,60.97502672841415,767.0121808416845,0.0,0.0,25.841533021964567,30.644720708838127,547.6126786003916,45.6830979006171,31.33271460947679,231.2681777773812,275.1057564914437,5398.302730625271,0.0,0.0,64.8356201966603,78.08945814851055,809.1898799903767,0.0,16.787598778827204,42.803821159337449,22.000000000000019,30.00000000000002,0.0,16.730394459336155,43.33628618642591,12.00000000000001,30.00000000000002,0.0,16.752122583736904,43.20401077317686,22.000000000000019,30.00000000000002,0.0,16.849435414884895,42.851765323504199,12.00000000000001,30.00000000000002,0.0,15.422951496977888,45.52051956274268,12.00000000000001,30.00000000000002,0.0,17.365367555347278,40.349226732591358,12.00000000000001,30.00000000000002,0.0,15.894379621953672,44.90020889841414,10.000000000000007,30.00000000000002,0.0,13.40151602571088,52.00542051258071,12.00000000000001,30.00000000000002,0.0,16.541096988777555,42.43299669069452,20.000000000000015,30.00000000000002,0.0,15.634858292348526,0.0,0.0,0.0,12.072677861664018,0.0,0.0,453.10211120182648,442.32057844006376,445.5458834230568,441.7834676555657,501.9658423504714,763.3503878233421,488.28918796126148,558.3768035493436,676.7157840463484,0.0,83.88067471042105,83.88067471042105,60.00000000000004,0.0,60.00000000000004,60.00000000000004,12.0,12.0,12.0,19.0,12.0,12.0,21.0,10.0,0.0,0.0,0.0,0.0,0.0,0.0,0.0,0.0,0.0,0.0,0.0,0.0,0.0,83.88067471042105,83.88067471042105,0.0,0.0,0.0,83.88067471042105,0.0,0.0,0.0022866666666666666 
 02/27  05:00:00,5.97,91.0,9.48,0.0,0.0,1.0,0.0,0.0,2.0,2.0,0.0,0.0,0.0,0.0,0.0,231.0,0.0,0.0,0.0,0.0,0.0,0.0,0.0,0.0,0.0,0.0,0.0,17.174204978152905,-47.93892952827082,17.043797931428359,-146.63544711043756,17.03856741889355,-51.366995542066437,16.91234869587369,-223.80880122701729,15.403086793387783,-3.159420261060859,17.12146005928303,-31.844325761823315,15.922247584654898,-35.40357445140762,13.693246012131328,-131.6614058982425,16.413684964875249,-78.53165107319785,302.2608632296583,540.1237402745044,0.0,0.0,0.0,0.0,0.0,0.0,0.0,0.0,0.0,0.0,0.0,0.0,0.0,0.0,0.0,0.0,0.0,0.0,0.0,0.0,0.0,0.0,1.081955238687657,0.3302671668765742,108.7113660050301,128.35452316499605,2393.768436875336,0.20387215951423236,0.031116019461879177,53.138639149264957,62.767162475165047,1149.184623585966,1.0330921323730296,0.19521771208863,90.14743231446063,106.445880513211,1984.351641998817,0.19534124545610599,0.03691255583070785,88.14557736466931,104.16281567365614,1881.237121147804,0.0,0.0,8.415837641538222,9.990609454603897,159.2543208732158,0.0,0.0,12.959908813783392,15.282943795868603,293.1860621629805,0.0,0.0,80.05322059570776,94.87340292225827,1585.9626490537099,0.0,0.0,50.793828483672879,60.72469252131632,760.1872797604134,0.0,0.0,26.0254986581131,30.776060388175126,548.6431617684473,45.66671344613384,31.321476986374387,93.65146823265587,111.23501352211795,2565.5293354590196,0.0,0.0,64.76938702637755,77.78510083064987,803.2182336592605,0.0,16.88750671582786,42.843674537834619,22.0,30.0,0.0,16.752704282889263,43.40237073245043,12.0,30.0,0.0,16.866926025284085,42.800104510474138,22.0,30.0,0.0,16.623627028200656,43.79928672263215,12.0,30.0,0.0,15.378036034023319,45.98234475804641,12.0,30.0,0.0,17.296350284774829,40.82427607544697,12.0,30.0,0.0,15.836160657628489,45.15407797386389,10.0,30.0,0.0,13.353918674435521,52.38516521872805,12.0,30.0,0.0,16.493894504453097,42.8682301241787,20.0,30.0,0.0,15.14492179844229,0.0,0.0,0.0,12.043399564487905,0.0,0.0,448.7025984260813,441.10679335666199,450.5559212843297,440.03340445768279,501.2390262977596,762.2662850402388,488.1629697944457,559.7751391329609,673.3037882391557,0.0,83.88067471042099,83.88067471042099,60.0,0.0,60.0,60.0,12.0,12.0,12.0,19.0,12.0,12.0,21.0,10.0,0.0,0.0,0.0,0.0,0.0,0.0,0.0,0.0,0.0,0.0,0.0,0.0,0.0,83.88067471042099,83.88067471042099,0.0,0.0,0.0,83.88067471042099,0.0,0.0,0.0023333333333333337 
 02/27  05:10:00,5.996666666666666,91.16666666666667,9.375,0.0,0.0,1.0,0.0,0.0,2.0,2.0,0.0,0.0,0.0,0.0,0.0,462.0,0.0,0.0,0.0,0.0,0.0,0.0,0.0,0.0,0.0,0.0,0.0,17.008463970129826,-177.4702446762617,17.009442144937539,-178.5751284793239,16.897483053953985,-235.06117096851222,16.897171660694786,-97.05658560384745,15.37193885643888,-3.322984585711609,17.07688702521617,-30.919262318859638,15.891676603420965,-37.789713591555258,13.656341662261218,-133.13977602961018,16.382243480377185,-79.91988439077983,465.02613478178366,537.5299479155804,0.0,0.0,0.0,0.0,0.0,0.0,0.0,0.0,0.0,0.0,0.0,0.0,0.0,0.0,0.0,0.0,0.0,0.0,0.0,0.0,0.0,0.0,1.0626290091832554,0.32436782942101818,185.7671457613751,219.87424052170264,3967.6085619161169,0.19091858972292734,0.029138978895440684,130.42207557363475,154.26544545692048,2797.575643867739,1.0274953684467195,0.19416012253339375,137.88378265942255,163.3012896853412,2950.7738366900259,0.204776569678923,0.038695496915896247,130.91882528865058,155.01911653476578,2798.9677775338416,0.0,0.0,8.321814283724287,9.899547831424537,156.52841191644385,0.0,0.0,12.963468387705568,15.317654191087622,291.4652067569034,0.0,0.0,80.7624514108904,95.91075423605072,1592.121627635435,0.0,0.0,50.86608802086844,60.93109356718175,755.1140669284478,0.0,0.0,25.27926732709713,29.949764075513487,529.9147716296145,45.63912305380178,31.302553534843484,232.6653826769683,276.42872229959746,5352.167479759967,0.0,0.0,64.78847381654954,77.96336547778131,795.7214099496723,0.0,16.606248972924033,43.75538425068562,22.0,30.0,0.0,16.747597107380338,43.44514773334923,12.0,30.0,0.0,16.635293188677168,43.60750803224475,22.0,30.0,0.0,16.67663264017153,43.55915058045872,12.0,30.0,0.0,15.351033016604859,46.20630738677579,12.0,30.0,0.0,17.256859195802976,41.05324660058672,12.0,30.0,0.0,15.816073330452081,45.54889196770634,10.0,30.0,0.0,13.323160109239506,52.7435694026366,12.0,30.0,0.0,16.465072427149296,43.05287423509604,20.0,30.0,0.0,15.597912705038898,0.0,0.0,0.0,12.013327856024113,0.0,0.0,446.39342248526966,442.2655889719407,450.35646634835759,444.55780386480969,500.7411903788669,762.0273659922776,484.7073504005083,557.921448271338,676.9099409193411,0.0,83.88067471042099,83.88067471042099,60.0,0.0,60.0,60.0,12.0,12.0,12.0,19.0,12.0,12.0,21.0,10.0,0.0,0.0,0.0,0.0,0.0,0.0,0.0,0.0,0.0,0.0,0.0,0.0,0.0,83.88067471042099,83.88067471042099,0.0,0.0,0.0,83.88067471042099,0.0,0.0,0.00238 
 02/27  05:20:00,6.023333333333333,91.33333333333334,9.270000000000002,0.0,0.0,1.0,0.0,0.0,2.0,2.0,0.0,0.0,0.0,0.0,0.0,693.0,0.0,0.0,0.0,0.0,0.0,0.0,0.0,0.0,0.0,0.0,0.0,16.98383137069368,-135.87146867269619,16.918686482342996,-166.33408897678278,16.871780155807636,-164.75961708119645,16.85505994254266,-44.136451617224079,15.338081205666907,-3.513899202500424,17.029661878024883,-31.88361870410969,15.839343875892716,-39.39052699940489,13.616744961631398,-132.36313959001854,16.3486659743047,-80.84988229803614,376.63093866263128,533.9266148546842,0.0,0.0,0.0,0.0,0.0,0.0,0.0,0.0,0.0,0.0,0.0,0.0,0.0,0.0,0.0,0.0,0.0,0.0,0.0,0.0,0.0,0.0,1.0501967687068277,0.3205728842206433,166.06529702594399,196.67588215559949,3538.2423703764854,0.19385146356814166,0.029586609213696825,107.3086054095986,127.12649572686905,2278.497676280427,1.0078486934108578,0.19044759890605779,83.44655409584503,98.84113810687211,1793.1229479236586,0.19786829024194359,0.037390077521153339,54.06493989718562,64.11024342344251,1150.007520388896,0.0,0.0,8.32505489418517,9.908603235407345,155.58040347105595,0.0,0.0,12.992509901888586,15.362599068723052,290.22103307719569,0.0,0.0,79.78543995768102,94.81118275998085,1558.6938385127604,0.0,0.0,50.707581419095578,60.78048882489257,746.2314428247006,0.0,0.0,26.023680604102425,30.85353275548441,542.3506661945446,45.464366143913277,31.182692828472754,149.74418495251428,178.1835084805619,3638.6800735588487,0.0,0.0,64.55306646268196,77.72842859606594,785.3484295893973,0.0,16.630975134176638,43.811789989825928,21.999999999999994,29.99999999999999,0.0,16.63801654980763,43.914787255419089,11.999999999999995,29.99999999999999,0.0,16.65607039629134,43.6827893618167,21.999999999999994,29.99999999999999,0.0,16.64848474120039,43.73269910144396,11.999999999999995,29.99999999999999,0.0,15.318718068783364,46.507691759361438,11.999999999999995,29.99999999999999,0.0,17.211120720120989,41.35493968737573,11.999999999999995,29.99999999999999,0.0,15.755771055027575,45.89232254033371,9.999999999999997,29.99999999999999,0.0,13.286904396343222,53.10014502723727,11.999999999999995,29.99999999999999,0.0,16.431951410676186,43.34312436357559,19.999999999999994,29.99999999999999,0.0,15.316926990065282,0.0,0.0,0.0,11.983697644368974,0.0,0.0,446.59164948954756,440.1197312788356,451.4414188787307,445.15674391982136,499.63963248919336,760.1779598331084,483.62568748180288,556.8871085434638,674.0771672457081,0.0,83.88067471042095,83.88067471042095,59.99999999999998,0.0,59.99999999999998,59.99999999999998,12.0,12.0,12.0,19.0,12.0,12.0,21.0,10.0,0.0,0.0,0.0,0.0,0.0,0.0,0.0,0.0,0.0,0.0,0.0,0.0,0.0,83.88067471042095,83.88067471042095,0.0,0.0,0.0,83.88067471042095,0.0,0.0,0.0023899999999999999 
 02/27  05:30:00,6.05,91.5,9.165,0.0,0.0,1.0,0.0,0.0,2.0,2.0,0.0,0.0,0.0,0.0,0.0,462.0,0.0,0.0,0.0,0.0,0.0,0.0,0.0,0.0,0.0,0.0,0.0,16.953750543697557,-71.66932962858744,16.863336768379953,-203.10495764032656,16.85040705886251,-44.01457098030606,16.813373273036583,-199.3408482978075,15.301546724416469,-3.3899380334525945,16.978424129116506,-31.64293410109113,15.79581028488096,-35.769844659819,13.57550665004526,-130.48356730450497,16.312204296536373,-80.48203992592943,180.51065113342509,531.9797901781356,0.0,0.0,0.0,0.0,0.0,0.0,0.0,0.0,0.0,0.0,0.0,0.0,0.0,0.0,0.0,0.0,0.0,0.0,0.0,0.0,0.0,0.0,1.0440169616068267,0.3186864962169801,96.43408804330818,114.01955204133403,2066.5392854390017,0.19377662776311195,0.02957518738753235,45.41622062455716,53.67835724032622,954.6699304167175,0.9918204247071027,0.18741882553044277,46.57515262495881,55.01836468078319,1011.8356693905547,0.19144714187402563,0.03617670859297535,44.21164152647817,52.25366897364915,926.8180687952797,0.0,0.0,8.34462216180238,9.924656928807643,154.8860076386182,0.0,0.0,13.011469800520136,15.374705581902248,288.59391974329119,0.0,0.0,79.59083841609709,94.51263314923576,1543.8047667930164,0.0,0.0,50.598955431916639,60.6067402428597,737.8993596449057,0.0,0.0,26.503324721482856,31.399680415830568,548.9329705923556,45.26961989390495,31.0491220122805,61.384402017780278,72.87330510427262,1904.2361001880877,0.0,0.0,64.38103429516349,77.46256037474791,776.0334194437259,0.0,16.64239460135891,43.89787081097343,22.0,30.0,0.0,16.59257042425292,44.523676200062499,12.0,30.0,0.0,16.68038149236684,43.65540313510888,22.0,30.0,0.0,16.603840315540788,44.36292537175837,12.0,30.0,0.0,15.281160190788676,46.84582207582004,12.0,30.0,0.0,17.15700669218048,41.69216185675201,12.0,30.0,0.0,15.712015536802282,46.15605189559723,10.0,30.0,0.0,13.246948779296876,53.46948978116271,12.0,30.0,0.0,16.39311321456446,43.65583682436933,20.0,30.0,0.0,14.669010250593587,0.0,0.0,0.0,11.954686724859219,0.0,0.0,448.9605927305312,433.8202379691012,457.3919593295898,438.3073320596129,498.4505471197658,758.6260150914363,484.2838556299379,557.20705333608,670.869133722367,0.0,83.88067471042099,83.88067471042099,60.0,0.0,60.0,60.0,12.0,12.0,12.0,19.0,12.0,12.0,21.0,10.0,0.0,0.0,0.0,0.0,0.0,0.0,0.0,0.0,0.0,0.0,0.0,0.0,0.0,83.88067471042099,83.88067471042099,0.0,0.0,0.0,83.88067471042099,0.0,0.0,0.0024000000000000004 
 02/27  05:40:00,6.076666666666666,91.66666666666666,9.06,0.0,0.0,1.0,0.0,0.0,2.0,2.0,0.0,0.0,0.0,0.0,0.0,462.0,0.0,0.0,0.0,0.0,0.0,0.0,0.0,0.0,0.0,0.0,0.0,16.859181787684596,-199.52054472321155,16.739714287267164,-163.88999407810219,16.782422760290364,-223.8384437850373,16.67337333229776,-112.5343084705197,15.265875300163505,-3.9220560211027206,16.930037333753775,-32.452591033595677,15.736861845290238,-45.764770016061479,13.535348701415194,-130.12000352073296,16.277020621135397,-82.51650441079758,476.2856894307389,523.684722993419,0.0,0.0,0.0,0.0,0.0,0.0,0.0,0.0,0.0,0.0,0.0,0.0,0.0,0.0,0.0,0.0,0.0,0.0,0.0,0.0,0.0,0.0,1.0259572854606823,0.31317377456064796,244.07976147334728,289.04307947108978,5121.456509227885,0.18483667164958496,0.02821072522124313,178.8529400126271,211.88045574830859,3696.4600788161717,0.9555997339435249,0.18057440172780149,179.05226832970065,211.9175302531985,3779.858226705633,0.18783972441434744,0.03549503484776029,176.2065940233774,208.67130173253964,3640.7903638279187,0.0,0.0,8.07169279943844,9.5977336275836,148.79998396984878,0.0,0.0,13.11898638443126,15.502279471482606,289.01376055093626,0.0,0.0,77.43590793010096,91.94419731438592,1486.3591805555339,0.0,0.0,50.24690491889836,60.18228425879682,726.1701278299507,0.0,0.0,26.85053576428762,31.814080343393245,552.7512947735795,45.174897534035448,30.98415468726713,327.4406442805599,388.95162492675208,7066.045746825873,0.0,0.0,63.88977376455798,76.86760740453149,762.0707763452899,0.0,16.50838867396951,44.550138194523018,22.000000000000008,30.00000000000001,0.0,16.41928480212627,45.15273797931448,12.000000000000004,30.00000000000001,0.0,16.593520964987893,44.14392175344868,22.000000000000008,30.00000000000001,0.0,16.401709520479299,45.02382003777254,12.000000000000004,30.00000000000001,0.0,15.245389321068338,47.17383412111218,12.000000000000004,30.00000000000001,0.0,17.10801528043326,42.02660914496131,12.000000000000004,30.00000000000001,0.0,15.63474429552296,46.67841049837429,10.000000000000004,30.00000000000001,0.0,13.208642585018522,53.9555763081799,12.000000000000004,30.00000000000001,0.0,16.356623298637098,43.99541316420386,20.000000000000008,30.00000000000001,0.0,15.546473468623868,0.0,0.0,0.0,11.919403602887086,0.0,0.0,447.7994123855087,436.9312824331156,453.53510635509636,442.3509353210786,498.37412216796499,756.7795525733853,485.5175050816017,557.5509483319041,668.0358025362639,0.0,83.88067471042102,83.88067471042102,60.00000000000002,0.0,60.00000000000002,60.00000000000002,12.0,12.0,12.0,19.0,12.0,12.0,21.0,10.0,0.0,0.0,0.0,0.0,0.0,0.0,0.0,0.0,0.0,0.0,0.0,0.0,0.0,83.88067471042102,83.88067471042102,0.0,0.0,0.0,83.88067471042102,0.0,0.0,0.00241 
 02/27  05:50:00,6.1033333333333339,91.83333333333333,8.955,0.0,0.0,0.0,0.0,0.0,2.0,2.0,0.0,0.0,0.0,0.0,0.0,462.0,0.0,0.0,0.0,0.0,0.0,0.0,0.0,0.0,0.0,0.0,0.0,16.727157403426014,-93.2823357694383,16.830697607829977,-197.23442859512392,16.674894062159088,-247.75215035532757,16.72148633199435,-140.85292671604248,15.232981091724941,-4.003691692662969,16.96561720097105,-33.27387286134689,15.699870261677685,-50.698487747738457,13.526421361524769,-130.003892593783,16.27816044329913,-83.69088459052216,438.23912713310167,520.850874948213,0.0,0.0,0.0,0.0,0.0,0.0,0.0,0.0,0.0,0.0,0.0,0.0,0.0,0.0,0.0,0.0,0.0,0.0,0.0,0.0,0.0,0.0,1.0048959736754167,0.30674480270922369,202.53429241671493,239.62666941841986,4187.615088192637,0.17928537405437262,0.027363457578506203,99.93774941648999,118.13819258994318,2071.1657924846738,0.9501146241434394,0.17953791083587299,195.2056960299755,231.0863615046511,4030.0877182154874,0.1847446630850907,0.03491017820957873,116.75183450148237,138.25476557031522,2409.857267140983,0.0,0.0,8.033931023100909,9.554978610973042,147.192893931588,0.0,0.0,13.355883674840913,15.779532341505523,293.09897305995619,0.0,0.0,76.23241349994669,90.53253197643751,1454.7575759636418,0.0,0.0,49.999847472510619,59.88055184345484,717.5385757012671,0.0,0.0,27.936874458420126,33.093509094230089,572.3205393421315,45.03580381041609,30.88875432813176,259.7865100013008,308.3827874731493,5712.741398029842,0.0,0.0,63.55780225428809,76.46080249344618,751.6790369289739,0.0,16.339876129089576,45.206808653165008,22.0,30.0,0.0,16.511429422010463,44.885857867101169,12.0,30.0,0.0,16.407508624822499,45.151462813589777,22.0,30.0,0.0,16.418500242204183,44.958049743602149,12.0,30.0,0.0,15.215224579851509,47.522539944421627,12.0,30.0,0.0,17.09314817388674,42.299211539427748,12.0,30.0,0.0,15.606642956744434,47.03179253076441,10.0,30.0,0.0,13.185612473134288,54.340409820920239,12.0,30.0,0.0,16.334185833295956,44.3184576840195,20.0,30.0,0.0,15.421983029541803,0.0,0.0,0.0,11.896543721766373,0.0,0.0,447.6368279104855,441.3356600671224,446.08146102495047,447.468583506707,498.4967607306384,755.1245743356196,485.52599867289407,559.8775899631687,666.7804959295502,0.0,83.88067471042099,83.88067471042099,60.0,0.0,60.0,60.0,12.0,12.0,12.0,19.0,12.0,12.0,21.0,10.0,0.0,0.0,0.0,0.0,0.0,0.0,0.0,0.0,0.0,0.0,0.0,0.0,0.0,83.88067471042099,83.88067471042099,0.0,0.0,0.0,83.88067471042099,0.0,0.0,0.002436666666666667 
 02/27  06:00:00,6.13,92.0,8.85,0.0,0.0,0.0,0.0,0.0,2.0,2.0,0.0,0.0,0.0,0.0,0.0,231.0,0.0,0.0,0.0,0.0,0.0,0.0,0.0,0.0,0.0,0.0,0.0,16.64897244850753,-179.85112716254026,16.843745462949799,-20.896222774046295,16.665345262059867,-39.416638936368148,16.67256437320735,-193.94379153724686,15.19726397084019,-3.5863384479419269,16.942655123767378,-34.93960904338189,15.657831656273388,-30.15467772527427,13.494676044655716,-127.75919255182453,16.252297393597585,-83.76351656192037,400.52271248091986,519.2757122478704,0.0,0.0,0.0,0.0,0.0,0.0,0.0,0.0,0.0,0.0,0.0,0.0,0.0,0.0,0.0,0.0,0.0,0.0,0.0,0.0,0.0,0.0,1.0012910232094643,0.3056443904790795,135.19318903475102,159.8088518754995,2752.9666954109636,0.1799583551681669,0.0274661714237129,9.91726650178301,11.708160867185516,211.03781478070852,0.9904085437028388,0.18715203017816313,207.24846753558584,244.81372305054115,4301.757434577812,0.18354392968360243,0.03468328225313726,120.506852855432,142.38647288768608,2468.5225151424226,0.0,0.0,8.270789873677425,9.814493042798097,150.52864095982089,0.0,0.0,13.31953808730101,15.7016088617175,291.27663729102769,0.0,0.0,78.58237754492378,93.11901966966869,1489.476135367947,0.0,0.0,50.152025267086909,59.932697293471729,714.5429178437471,0.0,0.0,27.684716762920585,32.723189595962839,564.4878673924289,44.83617716803451,30.751836192067576,204.9177473303227,243.007557322643,4583.6863682485059,0.0,0.0,63.679999353710737,76.43401502819265,749.3761729313957,0.0,16.237113924114366,45.80277999902173,22.0,30.0,0.0,16.59360167479176,44.94993348193732,12.0,30.0,0.0,16.46773798714419,44.59903777700004,22.0,30.0,0.0,16.361469260468167,45.470821752188097,12.0,30.0,0.0,15.178790415460864,47.918329070656998,12.0,30.0,0.0,17.078723565337549,42.60199852299428,12.0,30.0,0.0,15.567360436465903,47.028465418002117,10.0,30.0,0.0,13.159281671073544,54.592620828137828,12.0,30.0,0.0,16.309977963061408,44.62922056076063,20.0,30.0,0.0,15.285902104490335,0.0,0.0,0.0,11.89309639506185,0.0,0.0,444.3625168273383,437.2789196857945,455.3651961858279,441.0304244035287,498.5760446552535,752.6247932015851,487.6825831983961,561.2507485410129,665.3199377628333,0.0,83.88067471042099,83.88067471042099,60.0,0.0,60.0,60.0,12.0,12.0,12.0,19.0,12.0,12.0,21.0,10.0,0.0,0.0,0.0,0.0,0.0,0.0,0.0,0.0,0.0,0.0,0.0,0.0,0.0,83.88067471042099,83.88067471042099,0.0,0.0,0.0,83.88067471042099,0.0,0.0,0.002463333333333334 
 02/27  06:10:00,6.175,91.83333333333334,8.516666666666666,0.0,0.0,0.0,0.0,0.0,2.0,2.0,0.0,0.0,0.0,0.0,0.0,2320.0,0.0,0.0,0.0,0.0,0.0,0.0,0.0,0.0,0.0,0.0,0.0,17.895943359207373,-908.8587823694288,17.016535677388946,676.5861829508893,18.11113964153464,-2613.6176912049224,16.996808192330119,930.0571451573146,15.17162063588425,-0.039894436019656479,17.974358432655053,-108.86176809762452,15.770206557421759,212.3362432794345,14.577370613461323,-221.01364908471488,17.830086273798707,-244.5138767525372,749.5225296755442,637.6379134960821,0.0,0.0,0.0,0.0,0.0,0.0,0.0,0.0,0.0,0.0,0.0,0.0,0.0,0.0,0.0,0.0,0.0,0.0,0.0,0.0,0.0,0.0,1.0079138423671373,0.30766600804857677,393.2345776815275,462.9802632538224,9523.883242266334,0.29267526126270695,0.04466960641982707,331.0280757703672,391.4510970887779,7176.054756597514,0.806232381407835,0.1523492784217376,518.208796125017,609.2785092553655,12938.467990740146,0.28080340543260126,0.05306186799557846,349.7197096909559,413.3967536509405,7670.7218349370909,0.0,0.0,12.121047903472466,14.431846249164189,218.97637604886553,0.0,0.0,19.145707564569159,22.5265186261394,472.4702833280154,0.0,0.0,82.07167190839148,97.5196578030484,1590.0658570085059,0.0,0.0,40.02861769230053,47.76862024857834,689.33480418245,0.0,0.0,44.27079051421114,52.06495649325794,1100.911845559251,45.69602341734729,31.341579847288956,673.3146125524021,798.0181394743099,14662.882273018156,0.0,0.0,55.832623715745729,67.24404625909489,666.2415354381478,2060.1784416757266,18.185073984567049,40.59182546148844,21.999999999999998,30.0,0.0,16.95921942283355,43.85512177689787,15.999999999999999,30.0,4631.657352704623,18.57599500121425,39.63200646905044,21.999999999999998,30.0,0.0,17.067071995075208,43.52293084220616,15.999999999999999,30.0,0.0,15.162411028836857,48.12082708044653,12.0,30.0,1867.831924376922,18.488374038522325,39.1111478440893,20.0,30.0,0.0,15.833356180294477,46.723324302984348,10.0,30.0,1453.1915028514728,14.850991142229106,49.14662439384795,16.999999999999998,30.0,3075.2416549172828,18.479508111063045,39.14626319155683,20.0,30.0,0.0,16.28339364783641,0.0,0.0,0.0,12.031613581742724,0.0,0.0,444.88960720457956,444.2351712184271,444.1727390720328,443.95634572644448,497.3920314694889,736.3282293528208,474.3449338489687,567.0497424472976,647.1591914305869,12990.27793110173,79.4142064452472,87.85661979444177,60.0,0.0,60.0,60.0,16.0,16.0,19.0,19.0,16.0,12.0,21.0,10.0,1.0,0.0,2060.1784416757266,0.0,4631.657352704623,0.0,1867.831924376922,0.0,1453.1915028514728,3075.2416549172828,12773.344142961801,7664006.485777079,9986697.03174487,79.4142064452472,87.99999999999999,0.42577813809872669,0.7674363142578254,0.3602813740196596,87.99999999999999,0.3542647819438876,9986697.03174487,0.5217982456507332 
 02/27  06:20:00,6.220000000000001,91.66666666666667,8.183333333333334,0.0,0.0,0.0,0.0,0.0,2.0,2.0,0.0,0.0,0.0,0.0,0.0,928.0,0.0,0.0,0.0,0.0,0.0,0.0,0.0,0.0,0.0,0.0,0.0,18.734045834925149,-1497.2062037352385,17.638530011231557,821.5802425149627,19.0305654223696,-3540.457798634,17.825186195755426,814.013377809255,15.146172359738135,9.053552556068624,18.73363779687176,-163.96624992656099,16.13364773717059,227.93266459565508,15.650543311172598,-164.68505638135447,18.135080816790745,-229.3713307691147,1013.7328142189617,660.9123542947418,0.0,0.0,0.0,0.0,0.0,0.0,0.0,0.0,0.0,0.0,0.0,0.0,0.0,0.0,0.0,0.0,0.0,0.0,0.0,0.0,0.0,0.0,1.1076511845761954,0.33811086220274585,455.03343884659037,533.457867600092,12007.479361088166,0.3453866561701658,0.05271469111266268,393.1570484860539,463.260736056161,9255.273769895493,0.8638409515921973,0.1632352516236201,573.5824781076582,671.4884198506053,15580.510415959352,0.30319795621542358,0.0572936425199213,384.88148021592749,452.94692773582747,9341.948545077652,0.0,0.0,14.143431683773177,16.83420609521177,253.8402403925705,0.0,0.0,21.515097707821189,25.191795625167687,582.8390780050837,0.0,0.0,86.95047947391795,103.02067141148172,1780.8856571688896,0.0,0.0,23.577796652506959,27.93249165144831,496.01208798521807,0.0,0.0,47.676654410681759,55.95247383393176,1234.7013677385317,46.327249589019228,31.774519608380826,765.0740446610225,904.2556553043273,17705.3982831922,0.0,0.0,47.58967735248268,57.24071767601578,583.1009931185754,2050.1791989288465,19.543985471782436,37.30148230294455,22.0,30.0,0.0,18.056932757942975,40.91303984608832,16.0,30.0,4406.150945106745,19.96801638824936,36.35219963265054,22.0,30.0,0.0,18.45416602665691,39.930520772484509,16.0,30.0,0.0,15.146809059533786,48.51469378674072,12.0,30.0,808.606560753044,19.92813515536949,35.914025723585357,19.75,30.0,0.0,16.453447579768736,45.09795116758956,10.0,30.0,803.99846931488,16.801465385537705,43.488683914634538,16.75,30.0,43.453239661732819,19.284888860463725,37.46079195895795,19.0,30.0,0.0,17.18090063633968,0.0,0.0,0.0,12.228912357873805,0.0,0.0,445.21950668912288,446.36656579317289,443.9050568203711,443.8983104110141,496.44442254354228,691.4674123293132,477.34424420012229,571.7998526003116,609.296304881798,11278.015979091184,80.54734284477672,87.87554283619137,60.0,0.0,60.0,60.0,16.0,16.0,19.0,19.0,16.0,12.0,21.0,10.0,1.0,0.0,2050.1791989288465,0.0,4406.150945106745,0.0,808.606560753044,0.0,803.99846931488,43.453239661732819,11089.67645764113,6653805.874584677,8698348.52524956,80.54734284477672,88.0,0.36965588192137097,0.7650515178773187,0.36028137401965956,88.0,0.3542647819438875,8698348.52524956,0.45483745664631039 
 02/27  06:30:00,6.265000000000001,91.5,7.85,0.0,0.0,0.0,0.0,0.0,2.0,2.0,0.0,0.0,0.0,0.0,0.0,928.0,0.0,0.0,0.0,0.0,0.0,0.0,0.0,0.0,0.0,0.0,0.0,19.426527200442388,-1270.1929402662764,18.22730940497732,1110.3904745020637,19.791552852691856,-3369.282172219633,18.484857556009659,1050.6160573780817,15.136988420867278,25.97733322744932,18.376746893538376,-105.12114905046866,16.566964206334569,479.72734827393085,15.589100784286348,-329.39794599144946,18.601339550314159,-249.93132488931958,1359.2320371646757,790.3446729422265,0.0,0.0,0.0,0.0,0.0,0.0,0.0,0.0,0.0,0.0,0.0,0.0,0.0,0.0,0.0,0.0,0.0,0.0,0.0,0.0,0.0,0.0,1.303856389311185,0.3980025608398001,478.42749632576206,558.8073842094782,13545.66142667848,0.38343775139165767,0.05852224532839709,410.1459242026032,481.58016146735306,10401.707039149096,1.0279362953938314,0.1942434420623265,584.6984477738492,681.8872289473072,17042.582897676755,0.32511840394834848,0.06143582841049666,380.41211809259996,445.93182642077007,9996.772985973905,0.0,0.0,15.432816419376291,18.367926004527388,275.90234000000597,0.0,0.0,21.91613840505468,25.719174862526683,563.7383656592946,0.0,0.0,94.36128209647605,111.49622143043597,2066.85237123299,0.0,0.0,39.93489269655399,47.33088915465675,810.5449357530134,0.0,0.0,48.120681311780007,56.339343581977349,1301.7443727089988,47.08818173653361,32.29642094412458,778.0728231204112,915.9280345447028,19722.355698856438,0.0,0.0,56.41221610747007,67.79850805516088,703.3354932821724,1982.4733696421704,20.603723279686557,35.000905349992759,22.0,30.0,0.0,19.06152948807126,38.49486265396282,16.0,30.0,4462.826039345133,21.06720839347843,34.02559680200909,22.0,30.0,0.0,19.54962665488705,37.3608020180349,16.0,30.0,0.0,15.157642758784994,48.746940346782157,12.0,30.0,0.0,19.253002789585133,37.64888325279911,19.0,30.0,0.0,17.24268439986672,43.04232707380281,10.0,30.0,747.9608216670863,16.409409398348175,44.813962301372189,16.5,30.0,1500.2939957426239,19.957815781842095,36.08157895980372,20.0,30.0,0.0,18.32087541876962,0.0,0.0,0.0,12.385839591249838,0.0,0.0,446.42355580977798,449.17887834969346,446.24335841306097,445.45493912862357,498.6787208426679,667.3188225542347,469.6494222073343,591.0715410404635,601.0058435051288,11100.934751008204,80.66454168853986,87.87750002211749,60.0,0.0,60.0,60.0,16.0,16.0,19.0,19.0,16.0,12.0,21.0,10.0,1.0,0.0,1982.4733696421704,0.0,4462.826039345133,0.0,0.0,0.0,747.9608216670863,1500.2939957426239,10915.552433539486,6549331.460123692,8577229.730229225,80.66454168853986,88.0,0.3638517477846495,0.7635732282645524,0.36028137401965956,88.0,0.3542647819438875,8577229.730229225,0.44857261263858647 
 02/27  06:40:00,6.3100000000000009,91.33333333333334,7.516666666666667,0.0,0.0,0.0,0.0,0.0,2.0,2.0,0.0,0.0,0.0,0.0,0.0,928.0,0.0,0.0,0.0,0.0,0.0,0.0,0.0,0.0,0.0,0.0,0.0,19.879831576671056,-1200.0785874139565,18.698625136820725,1038.0438094233119,20.313942278899149,-3295.4458760844074,18.985977400050353,981.6159140895775,15.137587507405179,35.02187031321154,18.631036300225028,-76.8104854769584,17.04933124154384,507.73787379138028,15.76176363008901,-318.84912933553155,18.35604575173769,-96.29297586983702,1500.0569036744856,679.7651636226062,0.0,0.0,0.0,0.0,0.0,0.0,0.0,0.0,0.0,0.0,0.0,0.0,0.0,0.0,0.0,0.0,0.0,0.0,0.0,0.0,0.0,0.0,1.422139097972608,0.4341083937645324,475.5519417954561,554.1805459080608,14005.203068544659,0.3952308445979308,0.06032216797892716,400.4498447583584,469.0133434102073,10660.607457348953,1.1409668307403578,0.2156021977967419,575.1758168480137,669.0946872431694,17467.539778652845,0.33546985100976325,0.0633918841666219,371.6597850287037,434.5241585961786,10247.42491891666,0.0,0.0,15.01012922668662,17.8619860043194,267.6125793294466,0.0,0.0,18.238154282924069,21.370640066476495,481.4626445993415,0.0,0.0,102.96202406889941,121.31384566395366,2402.265428201265,0.0,0.0,36.76010808947581,43.51602822346962,760.5324258594983,0.0,0.0,28.87531629099371,33.86342961904748,749.039643535901,47.221969772149609,32.38818228542498,761.7334732920087,894.6268662925877,20249.747955810963,0.0,0.0,53.950483268895229,64.83818440610077,660.8148459713211,1899.9697785630304,21.253076936099796,33.69458145845863,22.0,30.0,0.0,19.775779694706786,36.88818287406033,16.0,30.0,4274.437249863873,21.761631025387684,32.66906464092839,22.0,30.0,0.0,20.27697349879828,35.77571029344405,16.0,30.0,0.0,15.1792325506547,48.88146160556161,12.0,30.0,1079.5386854324659,19.6373442601042,36.90192633386442,19.75,30.0,0.0,18.034336792645328,41.05196123387146,10.0,30.0,379.5642327347076,16.686918076842895,44.26015309647107,16.5,30.0,0.0,19.421658850520815,37.428410701394259,19.0,30.0,0.0,18.962613650064058,0.0,0.0,0.0,12.320259445941649,0.0,0.0,449.4480756027811,452.50552924014706,449.22816530202206,450.3488684205072,497.6261884193865,665.1754023634253,468.19931917973079,575.2506881890183,618.1008743714705,11854.017586509588,80.16631046475404,87.86917970847074,60.0,0.0,60.0,60.0,16.0,16.0,19.0,19.0,16.0,12.0,21.0,10.0,1.0,0.0,1899.9697785630304,0.0,4274.437249863873,0.0,1079.5386854324659,0.0,379.5642327347076,0.0,11656.059009075154,6993635.405445092,9146568.740175812,80.16631046475404,88.0,0.3885353003025051,0.7646450213927845,0.36028137401965956,88.0,0.3542647819438875,9146568.740175812,0.47821157448914217 
 02/27  06:50:00,6.355,91.16666666666667,7.183333333333333,0.0,0.0,0.0,0.0,0.0,2.0,2.0,0.0,0.0,0.0,0.0,0.0,2320.0,0.0,0.0,0.0,0.0,0.0,0.0,0.0,0.0,0.0,0.0,0.0,20.06203807737033,-1343.9036326206274,18.997128044141765,845.4356650166565,20.390934478061398,-2296.5595695336767,19.260599115008,669.7929527418978,15.14000669211954,40.30741795640041,18.616087502703786,-58.143621531722789,17.337958010257297,435.8997061133869,15.723453089178705,-369.8950906537872,18.514036021648076,-106.30289625057897,1503.9206628077937,799.6691623080546,0.0,0.0,0.0,0.0,0.0,0.0,0.0,0.0,0.0,0.0,0.0,0.0,0.0,0.0,0.0,0.0,0.0,0.0,0.0,0.0,0.0,0.0,1.4714846506323805,0.4491711387766729,454.59328503213126,529.8784663489157,13488.631073689568,0.3812494059868132,0.05818824877698614,366.2780678073013,428.799051522384,9983.54965112976,1.2641044463849172,0.23887083265021126,459.42866170523828,535.1176490911631,13880.210428228716,0.33055664940988707,0.06246346360731047,318.0078225259973,371.7789537536777,8922.759366260078,0.0,0.0,14.84143964207445,17.67152277296805,263.78281827986367,0.0,0.0,17.37810272463951,20.38322719319466,454.54241276359297,0.0,0.0,109.93488792321415,129.44672697336839,2638.6271483206139,0.0,0.0,45.90013556568673,54.402163845497579,935.2455449572265,0.0,0.0,28.47270511984231,33.382113679987977,748.3266797284094,46.86718897048893,32.14484840225579,674.2337555408365,791.9755840517595,18297.05040468409,0.0,0.0,63.289735995263047,76.06491909192887,794.6621082941646,1867.7659646828002,21.417115312436836,33.423355867860127,21.999999999999998,30.0,0.0,20.171698000334979,36.0597235511306,15.999999999999999,30.0,2928.77188422641,21.637870364968014,32.98451620526624,21.7,30.0,0.0,20.589862135984345,35.14769901590922,15.999999999999999,30.0,0.0,15.198660649970244,48.96553001650949,12.0,30.0,0.0,19.572352883527146,37.16938179804684,19.0,30.0,0.0,18.442050430411528,40.08139339257162,10.0,30.0,919.3387455038821,16.553771954636845,44.844618682279669,16.7,30.0,896.6842043878846,19.617250047021487,37.051172466839208,19.299999999999998,30.0,0.0,19.182124750686055,0.0,0.0,0.0,12.523629150269097,0.0,0.0,453.2724196751574,456.2448591925431,453.31588149420159,454.7061106106551,494.66720803477338,671.1452061079006,471.7301139983826,544.6889460989469,631.4222608536129,10389.590602655637,81.13501424163352,85.41266827907637,60.0,0.0,60.0,60.0,16.0,16.0,19.0,19.0,16.0,12.0,21.0,10.0,1.0,0.0,1867.7659646828002,0.0,2928.77188422641,0.0,0.0,0.0,919.3387455038821,896.6842043878846,6473.547120612527,3884128.272367516,5070453.994697237,81.13501424163352,85.485317045469,0.3517849040204176,0.7654637132274815,0.3602813740196596,85.485317045469,0.3542647819438876,5070453.994697237,0.2662469410575897 
 02/27  07:00:00,6.4,91.0,6.85,0.0,0.0,0.0,0.0,0.0,2.0,2.0,0.0,0.0,0.0,0.0,0.0,2320.0,0.0,0.0,0.0,0.0,0.0,0.0,0.0,0.0,0.0,0.0,0.0,20.146710213126988,-1327.8977433682645,19.130063830559896,730.1167019869308,20.442037363980636,-1936.361597404464,19.31541519769454,622.0728569640829,15.143022922411957,41.21522907171202,18.54827659503453,-43.29872964245513,17.48679411731871,384.8496446036388,15.730134738153968,-352.413112441698,18.561673616849445,-75.15519660422057,1476.0038471215265,858.2922763396994,0.0,0.0,0.0,0.0,0.0,0.0,0.0,0.0,0.0,0.0,0.0,0.0,0.0,0.0,0.0,0.0,0.0,0.0,0.0,0.0,0.0,0.0,1.4784875381096765,0.4513087723167511,435.73273799519958,507.8643690441823,12888.808129004705,0.36843904212531589,0.056233065037441378,342.02832162026359,400.20872690682315,9379.128197150103,1.3063124724374922,0.2468466501204635,419.41304665757846,488.53596476828906,12598.959561904558,0.3323010880285599,0.06279310053449733,305.545081720026,357.17639756854637,8543.36283842662,0.0,0.0,14.332686572110969,17.065415400192526,253.89824740023824,0.0,0.0,16.42731654966692,19.295287869825459,416.60981529401337,0.0,0.0,111.79686016943431,131.52697435046034,2711.998419239787,0.0,0.0,48.12404276829645,57.06240996696708,957.5538257981614,0.0,0.0,26.529657994460089,31.161615748122388,679.3394428099498,46.28194193907716,31.743444402659244,637.6336992737847,748.7201084861853,17395.54842657279,0.0,0.0,66.61157416254977,80.00100376033062,850.2210032973214,1849.609441438131,21.413196017268186,33.550222522268949,21.999999999999998,30.0,0.0,20.30228197579286,35.8952879140832,15.999999999999999,30.0,2559.2767790480586,21.562444848889564,33.25296561503151,21.599999999999999,30.0,0.0,20.582036181624834,35.28559933593319,15.999999999999999,30.0,0.0,15.215382639431276,49.07448403790056,12.0,30.0,541.4040939437099,19.20681435534457,38.1395840499388,19.3,30.0,0.0,18.620175344910618,39.78212114868817,10.0,30.0,574.8343292323381,16.361292714446259,45.593490820919509,16.4,30.0,0.0,19.28725589980869,37.91717944467399,19.0,30.0,0.0,19.25246987438919,0.0,0.0,0.0,12.676914569596729,0.0,0.0,458.50091867885279,462.07714220478678,458.7862442748175,460.73663814072816,491.8345812967647,679.9109304253896,472.6129650495833,527.8545521738051,631.117730529119,10461.288209649583,81.0875984655072,85.37292949653514,60.0,0.0,60.0,60.0,16.0,16.0,19.0,19.0,16.0,12.0,21.0,10.0,1.0,0.0,1849.609441438131,0.0,2559.2767790480586,0.0,541.4040939437099,0.0,574.8343292323381,0.0,6485.15491159927,3891092.9469595609,5073385.250728314,81.0875984655072,85.44570864376468,0.35217183038664237,0.766929271353515,0.3602813740196596,85.44570864376468,0.3542647819438876,5073385.250728314,0.26639269970453907 
 02/27  07:10:00,6.431666666666667,90.66666666666667,6.796666666666667,6.000000000000001,33.333333333333339,0.0,0.0,0.0,2.0,2.0,0.0,0.0,0.0,0.0,0.0,2320.0,0.0,10.783843918454118,9.464693572950433,24.252791981412643,0.32335477482942118,8.606541271459524,0.0,9.464693572950419,12.938953677638068,0.0,0.0,20.22114206351353,-1336.29874302338,19.19882107475224,707.9991149530155,20.503251669592595,-1882.148419750635,19.359401604216005,638.3262035926227,15.142824280410569,43.84468508078016,18.930019588891314,-54.597790237767387,17.593586577212564,413.5263192439262,16.44515881408924,-361.9255263020401,18.580947728773908,-55.41527937286645,1469.273665418142,741.6127379544137,0.0,0.0,0.0,0.0,0.0,0.0,0.0,0.0,0.0,0.0,0.0,0.0,0.0,0.0,0.0,0.0,0.0,0.0,0.0,0.0,0.0,0.0,1.4676480515143045,0.4480000157247572,430.3397738282123,501.6186475481818,12714.630563133198,0.36339324650017648,0.05546294971003914,334.7686531361484,391.68879086316727,9184.259416885963,1.3055143477473417,0.24669583290766113,417.50426512394565,486.25370460688,12514.328086757863,0.3337579965596493,0.06306840448972963,308.0908346282811,360.174888937455,8582.050544832198,0.0,0.0,14.750932010770946,17.56381255047187,260.63011314272105,0.0,0.0,17.099066902014977,20.03910941214297,453.238181401582,0.0,0.0,99.77884057794175,117.37124628167612,2437.1145109116835,0.0,0.0,36.82748003177005,43.50405188230624,816.285049767866,0.0,0.0,26.714445136552095,31.339937700125103,694.728131063056,46.922478001734649,32.18276954851487,633.1630759528206,743.4677300661138,17268.325048880015,0.0,0.0,54.59807444890147,65.60992103868107,685.0922938779515,1857.2350411884273,21.426917945335015,33.63158491339129,21.999999999999998,30.0,0.0,20.339906576942384,35.946186696641159,15.999999999999999,30.0,2513.632909725613,21.56260115012349,33.362537612082437,21.599999999999999,30.0,0.0,20.55856965326952,35.464772765356929,15.999999999999999,30.0,0.0,15.223036923194119,49.25135956470506,12.0,30.0,351.0182492570875,19.838113461506756,38.04525003320627,19.3,30.0,0.0,18.741810299910058,39.64002665350056,10.0,30.0,1334.6439589108366,17.58432255463632,42.47171761308325,20.7,30.0,890.7167827154495,19.61927988205403,38.35173063293413,19.4,30.0,0.0,19.261804173228968,0.0,0.0,0.0,12.595065556551742,0.0,0.0,462.8745231960616,466.42498763814299,462.91706515367476,465.2422446525807,489.48322199523639,715.8774663964016,471.6618902352054,518.3459046377094,662.8745046637145,10697.717726765397,80.93122776849987,85.9665388162888,60.0,0.0,60.0,60.0,16.0,16.0,19.0,19.0,19.7,12.0,21.0,10.0,1.0,0.0,1857.2350411884273,0.0,2513.632909725613,0.0,351.0182492570875,0.0,1334.6439589108366,890.7167827154495,7620.074939701071,4572044.963820643,5965419.415429475,80.93122776849987,86.05205511396577,0.35600249799003577,0.7660800238678929,0.3602813740196596,86.05205511396577,0.3542647819438876,5965419.415429475,0.31277180960233266 
 02/27  07:20:00,6.463333333333334,90.33333333333334,6.743333333333334,7.5,41.66666666666667,0.0,0.0,0.0,2.0,2.0,0.0,0.0,0.0,0.0,0.0,696.0,0.0,13.79606038458847,10.509277692982172,26.929499406678358,0.41367733567055128,11.010588702866994,0.0,10.509277692982156,14.366979364609535,0.0,0.0,20.432913985984187,-1324.8041105929802,19.276831574701324,809.77804046798,20.414526467226638,-2335.4732726141335,19.494380248662737,772.1115227749017,15.140395365802793,41.35659305889711,18.480052677253427,-33.36477497424799,17.734561116383376,448.18788971599425,17.24473854543955,-286.91015773914315,18.372448491856028,-36.93603857369183,1491.967368163323,565.0887102011684,0.0,0.0,0.0,0.0,0.0,0.0,0.0,0.0,0.0,0.0,0.0,0.0,0.0,0.0,0.0,0.0,0.0,0.0,0.0,0.0,0.0,0.0,1.4533414684527762,0.44363292687813668,442.38701026504057,514.6151610320983,13259.794548179001,0.3795874304786431,0.05793458951139239,367.1695612803675,428.9583777906222,10105.955348791906,1.2615963242946676,0.23839688667699689,501.33781401614808,583.2135112994291,15017.989962333206,0.34419704374124646,0.0650410135565469,350.95273900357247,409.5918042905314,9869.453163293401,0.0,0.0,14.451142146586122,17.190436006717225,254.5361165735885,0.0,0.0,15.997791163447339,18.759883654628906,404.68851993790556,0.0,0.0,94.79290723903444,111.34241220244953,2342.7503953683278,0.0,0.0,23.904533057678174,28.116836590446885,583.4495541376082,0.0,0.0,18.281568280794504,21.447101270137105,463.5678826259798,46.77704770565799,32.083023117735248,708.5942497159183,830.6787716709446,19338.96715126012,0.0,0.0,42.46416547925693,51.04319336247302,509.48510457921489,1867.8469584651576,21.687743049110226,33.12579306272084,21.999999999999994,29.99999999999999,0.0,20.410872015437329,35.85220598544646,15.999999999999993,29.99999999999999,2485.3758131314295,21.68100207476525,33.164713456813078,21.666666666666658,29.99999999999999,0.0,20.72862932411227,35.15559198023111,15.999999999999993,29.99999999999999,0.0,15.224597830375039,49.45424063067871,11.999999999999995,29.99999999999999,0.0,19.232722834120108,41.493777470162587,18.999999999999994,29.99999999999999,0.0,18.927261681288706,39.25584816041527,9.999999999999997,29.99999999999999,1313.783533365562,18.90338688650116,39.2889249608938,20.69999999999999,29.99999999999999,0.0,19.238345352836459,40.999913072249679,18.999999999999994,29.99999999999999,0.0,19.416224355932309,0.0,0.0,0.0,12.324542195440138,0.0,0.0,463.4880037270661,468.4184372194265,463.48746020530828,466.8663492590571,488.8152633606526,761.9105890711409,467.9470734024226,520.8775050060713,709.88932678043,11230.760362099652,80.57860318805014,85.65170579369107,59.99999999999998,0.0,59.99999999999998,59.99999999999998,16.0,16.0,19.0,19.0,19.7,12.0,21.0,10.0,1.0,0.0,1867.8469584651576,0.0,2485.3758131314295,0.0,0.0,0.0,1313.783533365562,0.0,7676.766842306077,4606060.105383648,6028836.288699105,80.57860318805014,85.7378639174797,0.3692255614102025,0.7638692556487226,0.36028137401965945,85.7378639174797,0.35426478194388735,6028836.288699105,0.3160561536790201 
 02/27  07:30:00,6.495,90.0,6.6899999999999999,9.0,50.0,0.0,0.0,0.0,2.0,2.0,0.0,0.0,0.0,0.0,0.0,1160.0,0.0,16.873985010622666,10.97183067440772,28.114787709756617,0.505970550140476,13.467081759566398,0.0,10.9718306744077,14.999324358558749,0.0,0.0,20.45579933952424,-1461.9706375999859,19.40037331716094,720.6579074523991,20.548029377766466,-1556.0870964552362,19.60495324581786,543.8882469347593,15.13378966129036,38.85393241806369,18.763962056731218,-44.50987056946492,17.88176533968192,422.22517152808498,18.02576998669244,-61.56296334692045,18.685861669028808,-56.67176462611565,1466.2556585078253,358.3414681487279,0.0,0.0,0.0,0.0,0.0,0.0,0.0,0.0,0.0,0.0,0.0,0.0,0.0,0.0,0.0,0.0,0.0,0.0,0.0,0.0,0.0,0.0,1.4570653796865166,0.4447696519189611,441.97666951995458,514.5808109900681,13166.922557013337,0.36351542305417308,0.055481596925240097,343.5904802241717,401.5820304619748,9520.962848302803,1.302685035371966,0.24616119338094609,388.16395921896619,452.0346057733375,11604.815612361372,0.32809957508119938,0.06199916384754334,298.52712923285898,348.6764819097067,8423.792655825597,0.0,0.0,14.399895093576355,17.140462382773746,252.54147559230678,0.0,0.0,15.896203169816993,18.623683009337748,414.7687456175105,0.0,0.0,82.58564960562643,97.00466053683006,2065.665531243976,0.0,0.0,14.44140091366082,16.894094892441339,390.2089616150813,0.0,0.0,15.714596742050324,18.40736803103554,411.88936607721259,46.271304621329708,31.736148574300218,632.7102849252129,742.2984399150882,17408.297045373976,0.0,0.0,23.95993687135922,28.859927949460216,269.5032416665941,1864.8316873404927,21.63700037381993,33.29982236364685,22.0,30.0,0.0,20.54786091427075,35.63504901522893,16.0,30.0,2174.580959218388,21.613846715103468,33.36261103654661,21.6,30.0,0.0,20.810747722821618,35.064254524600197,16.0,30.0,0.0,15.217724277813785,49.606673222209767,12.000000000000002,30.0,952.5471287772099,19.67766816978315,41.328945954338347,19.8,30.0,0.0,19.11368358946038,38.87585462691462,10.0,30.0,1290.1453887342182,20.125049643772237,36.51486519720741,20.7,30.0,1015.4145603206573,19.733192499193306,40.812437495361269,19.6,30.0,0.0,19.463144375468553,0.0,0.0,0.0,11.978829223249218,0.0,0.0,465.463763484634,470.756340516814,465.7604916652665,469.7925519216801,485.3156874731915,788.6787459789035,464.59032145180546,510.1026066318238,754.0018342440189,10246.440841137024,81.2296488729908,85.56256821622432,60.0,0.0,60.0,60.0,16.0,16.0,19.0,19.0,19.7,12.0,21.0,10.0,1.0,0.0,1864.8316873404927,0.0,2174.580959218388,0.0,952.5471287772099,0.0,1290.1453887342182,1015.4145603206573,6557.090644174254,3934254.3865045525,5147552.807519879,81.2296488729908,85.63615557097748,0.3545696881391418,0.7652230414808436,0.36028137401965956,85.63615557097748,0.35426478194388757,5147552.807519879,0.2702160793243671 
 02/27  07:40:00,6.526666666666666,89.66666666666666,6.636666666666667,17.0,65.83333333333333,0.0,0.0,1.0,2.0,0.0,0.0,0.0,0.0,0.0,4.0,2088.0,0.0,29.51578855136407,12.7699522280957,32.72245003900797,0.8850396429619754,23.55648765587289,0.0,12.769952228095678,17.457492846593458,0.0,0.0,20.313970855740004,-1459.5393069410503,19.3998953991669,472.3340318695513,20.326073203052166,-1204.3735028762733,19.570005883581744,468.5778514060946,15.127248068304758,35.38347828156105,18.74766708960029,-72.77940759976696,17.124430321743909,-551.4793792705311,18.145444536741097,-114.35084515788788,18.356085505485745,-473.23457624110929,1393.8953852939313,1930.4047528264112,0.0,0.0,0.0,0.0,0.0,0.0,0.0,0.0,0.0,0.0,0.0,0.0,0.0,0.0,0.0,0.0,0.0,0.0,0.0,0.0,0.0,0.0,1.4799071831089435,0.4517421193861255,357.1948002864526,416.58886824054079,10426.343737583487,0.33926935826590789,0.05178103758637191,287.92514516090537,336.7903344850678,7916.551568466567,1.2072985489642239,0.22813653608545485,286.9005411620497,334.451115194697,8464.928669602983,0.3062570370598895,0.05787170012469581,279.5200666531271,326.7429268017263,7805.003215362484,0.0,0.0,14.297313127192404,17.028020000893709,249.64533412268004,0.0,0.0,16.172978549143733,18.95854432617711,418.76359210956567,0.0,0.0,246.54850376996596,291.28725780779168,5370.203166005942,0.0,0.0,30.61054259663637,35.832894861542687,821.0714002124064,0.0,0.0,175.59331255341983,206.29076754325269,4365.1647293215469,45.58203783703397,31.263400436923253,558.2818442922843,655.6063562363164,15282.050474758098,0.0,0.0,178.6427817123922,213.59030691968293,2692.3368950605329,1811.8665888261549,21.323198822710468,34.26928363114955,22.000000000000055,30.000000000000076,0.0,20.463610244199754,36.079521180776627,16.00000000000004,30.000000000000076,1333.824492732663,21.430713238343789,34.62959073655526,21.333333333333387,30.000000000000076,0.0,20.68313652007666,36.00843447126165,19.00000000000005,30.000000000000076,0.0,15.210268654232517,50.01842369378683,12.000000000000032,30.000000000000076,0.0,19.62248681805122,42.27892245918379,19.00000000000005,30.000000000000076,0.0,17.515189339858084,43.950389919984079,10.000000000000025,30.000000000000076,536.5469201721144,20.15224250308767,37.692848628739998,20.144444444444497,30.000000000000076,0.0,19.10394686435811,40.18302279838774,12.000000000000032,30.000000000000076,0.0,19.313186071472349,0.0,0.0,0.0,13.919799475433939,0.0,0.0,482.11444316561838,481.89304043542259,513.7445350607189,502.49429232138575,499.4205186333805,810.7393883329644,536.0446948040144,563.8454464692904,569.7252045891461,9853.784907867677,81.48936727221558,83.84833263444395,220.00000000000055,0.0,220.00000000000055,220.00000000000055,16.0,19.0,19.0,12.0,19.7,12.0,21.0,10.0,1.0,0.0,1811.8665888261549,0.0,1333.824492732663,0.0,0.0,0.0,536.5469201721144,0.0,3569.9411092702468,2141964.6655621419,2781590.1762854058,81.48936727221558,83.88839569752216,0.3456647036423421,0.7698450441019911,0.36028137401966056,83.88839569752216,0.3542647819438884,2781590.1762854058,0.15391935583350775 
 02/27  07:50:00,6.558333333333334,89.33333333333333,6.583333333333334,24.999999999999998,81.66666666666666,0.0,0.0,1.0,2.0,0.0,0.0,0.0,0.0,0.0,4.0,928.0,0.0,42.9273501002965,15.0958906841579,38.68261888388048,1.2871903137583838,34.26023747577186,0.0,15.095890684157878,20.63722705648233,0.0,0.0,20.29106114162458,-1455.0123931150448,19.333862715661075,516.9150960848697,20.390455136714249,-1473.9395049584987,19.60476815214867,618.9523666991204,15.113172685610085,28.776811241293829,18.603723273634956,-86.73539910826071,16.5551307653201,11.114564455688197,18.422811465548734,-264.11987321385268,17.64385062099737,-351.3750997114412,1386.4824730520205,1571.136582395971,0.0,0.0,0.0,0.0,0.0,0.0,0.0,0.0,0.0,0.0,0.0,0.0,0.0,0.0,0.0,0.0,0.0,0.0,0.0,0.0,0.0,0.0,1.5090523285576876,0.460638683930918,366.24071565671547,427.00984079091099,10613.216934435328,0.34761795566837636,0.053055243539129489,296.6799076265622,347.009785726141,8051.38790507581,1.0328956620707548,0.19518058618117069,326.7478737969939,380.50734390655347,9712.606343240233,0.294930633431313,0.055731412213022097,313.97270780016876,366.7816410861259,8772.708653881145,0.0,0.0,14.152960570559467,16.84906138661093,245.68467296824248,0.0,0.0,17.226229935403457,20.210794514383715,431.8415400492761,0.0,0.0,250.6372457947457,296.873364365126,5064.4532811762969,0.0,0.0,44.98330466515276,52.54163612943248,1243.1455844146574,0.0,0.0,166.51833766672565,196.3922109411618,3774.8829248263866,45.046405812497287,30.896025934497464,600.8435253348566,705.1440433209447,16343.235625304967,0.0,0.0,179.39172640807275,214.12249021575529,2860.9785724766618,1843.0615699787405,21.241005321643458,34.7192517176925,22.0,30.0,0.0,20.304806648536834,36.733102811737797,16.0,30.0,1688.5288520038028,21.598004959210287,34.555084148452369,21.5,30.0,0.0,20.718385409433208,36.27368495510429,19.0,30.0,0.0,15.188476673821029,50.688086205297,12.0,30.0,424.3502512437991,19.201844297341439,44.02304675834533,19.25,30.0,0.0,16.6604479497835,46.59340954953521,10.0,30.0,1233.026798925734,20.54256230637903,37.4756001177417,20.7,30.0,0.0,17.923798690749519,42.94729315062265,12.0,30.0,0.0,19.34644847051908,0.0,0.0,0.0,14.439866750837048,0.0,0.0,496.929158328442,496.793523993649,528.1271879189509,519.3850952826589,526.7203601689173,832.0031036089222,542.1246552382588,602.0375840901364,541.8040161477445,10949.131494213729,80.76490847399984,86.31582620291435,220.0,0.0,220.0,220.0,16.0,19.0,19.0,12.0,19.7,12.0,21.0,10.0,1.0,0.0,1843.0615699787405,0.0,1688.5288520038028,0.0,424.3502512437991,0.0,1233.026798925734,0.0,8400.0972901043,5040058.374062581,6571611.718321602,80.76490847399984,86.41009921373352,0.36500324300347677,0.7659390250108649,0.36028137401965956,86.41009921373352,0.3542647819438875,6571611.718321602,0.3509393649082788 
 02/27  08:00:00,6.59,89.0,6.53,33.0,97.5,0.0,0.0,1.0,2.0,0.0,0.0,0.0,0.0,0.0,4.0,928.0,0.0,56.30307973725612,16.871317977942775,43.23213906523543,1.6882673481088469,44.93539856912759,0.0,16.871317977942753,23.064370770669766,0.0,0.0,20.30002625799405,-1471.886493322148,19.32040022464085,524.8380823439361,20.727198708048193,-1983.6568924178064,19.728446677610845,706.1652222510475,15.09647219368317,25.273490734078537,18.92199402952998,-109.28850317959587,16.638480364370929,131.17504179561798,18.246127051990049,-232.11127600521565,17.29921548891626,-113.39515642029585,1380.80490528856,1058.5382139201279,0.0,0.0,0.0,0.0,0.0,0.0,0.0,0.0,0.0,0.0,0.0,0.0,0.0,0.0,0.0,0.0,0.0,0.0,0.0,0.0,0.0,0.0,1.5772720619493357,0.48146277837281317,370.9013686211726,432.5397530392882,10698.099082444656,0.36201944875487199,0.055253273619485957,301.6430537789512,352.9193542705891,8132.73232915115,0.8770334733749716,0.16572816957199014,378.138180371496,439.9450074570321,11412.727648864391,0.2927242584016581,0.055314485714599018,362.4319128233707,423.1841899256798,10208.297067694672,0.0,0.0,13.604855111849002,16.198939544761318,234.65771425984858,0.0,0.0,17.820856969159708,20.86500532224102,467.5656746926043,0.0,0.0,180.01406537278724,213.06711201331036,3700.6125820312774,0.0,0.0,46.873821801613917,54.886366036025247,1244.8096084159152,0.0,0.0,97.15872443305686,114.7766614688882,2100.9252517873649,44.579850113521377,30.5760288844454,653.5974257228248,766.9938716343703,17679.57850706323,0.0,0.0,109.04649238138808,130.46845911327623,1582.7452744598268,1858.465792573091,21.196842465809075,35.28734526553529,22.0,30.0,0.0,20.240983774055004,37.367875124875798,16.0,30.0,2749.147060043515,21.95278086646777,34.154154331663438,22.0,30.0,0.0,20.888880583664969,36.47140792939875,19.0,30.0,0.0,15.162820451519359,51.166973423417967,12.0,30.0,525.1668547542022,19.854379568521219,42.59903435161239,19.5,30.0,0.0,16.87314551156188,46.33832440314433,10.0,30.0,668.7168439847624,20.02092161393728,38.91623854366141,20.2,30.0,0.0,17.429160419826404,44.55961938920746,12.0,30.0,0.0,19.40368053059092,0.0,0.0,0.0,13.749547513988058,0.0,0.0,521.2685718959591,520.0559357626114,547.7736943749918,549.7382556447805,537.8499110391374,840.0952818971306,545.6445247063264,599.8582628028997,542.0458938584916,9752.980709541811,81.55595843030256,83.49193799348518,220.0,0.0,220.0,220.0,16.0,19.0,19.0,12.0,19.7,12.0,21.0,10.0,1.0,0.0,1858.465792573091,0.0,2749.147060043515,0.0,525.1668547542022,0.0,668.7168439847624,0.0,2929.5411091093385,1757724.665465603,2275060.3725992755,81.55595843030256,83.52481735347911,0.35265137030364465,0.7692096531483975,0.36028137401965956,83.52481735347911,0.3542647819438875,2275060.3725992755,0.12745758381960679 
 02/27  08:10:00,6.658333333333333,88.0,6.555000000000001,41.00000000000001,113.33333333333334,0.0,4.0,0.0,0.0,0.0,0.0,0.0,0.0,0.0,0.0,1392.0,0.0,69.67252614929234,18.50888782766755,47.42841233456373,2.0891567200709009,55.60555311300115,0.0,18.508887827667537,25.303052907198848,0.0,0.0,20.465988948568794,-1310.5081886999267,19.37660386810819,641.0684307893223,20.601345098094315,-946.7258065537462,19.707905138265248,-40.24455958530123,15.086956491408529,32.189037557467987,18.435580267954447,-256.400659402363,17.101895187189414,537.1953326449697,17.78018851340581,-111.73083283787392,16.983551725380907,-578.0270148022546,1131.117938796952,1116.7403289482973,0.0,0.0,0.0,0.0,0.0,0.0,0.0,0.0,0.0,0.0,0.0,0.0,0.0,0.0,0.0,0.0,0.0,0.0,0.0,0.0,0.0,0.0,1.4462488770338762,0.4414679111825018,416.33635670307617,485.42188628743227,12117.862737823561,0.3612861955003834,0.055141360729606739,335.1135977659882,392.20004732667078,9035.36955361911,1.1381996312637773,0.21507929540131846,180.29773587340856,210.06622405971803,5319.173363852001,0.3024372465578683,0.05714989541909829,21.993959946166805,25.69449034465329,614.9894115367387,0.0,0.0,12.828140687044732,15.285079908986815,219.250617087893,0.0,0.0,81.43905729671468,95.7588930864904,1999.9544366180622,0.0,0.0,245.20455349925943,289.36861197135189,5442.666328377944,0.0,0.0,33.69779672513763,39.594446143371708,843.3190905478998,0.0,0.0,119.75447225866947,141.71774515780249,2432.5198931031347,44.51164232138093,30.52924713400613,350.10385807140758,412.03115705075529,9403.849425216988,0.0,0.0,126.64342934063527,151.4152861955398,1851.0407968211812,1833.3197122415652,21.41867071773624,34.967270212600329,21.999999999999994,30.0,0.0,20.310400946035999,37.46273757156558,15.999999999999999,30.0,1170.729011587591,21.525778126840039,34.69610865044612,21.33333333333333,30.0,0.0,20.66579899278482,39.79171877766205,18.999999999999998,30.0,0.0,15.151733809839293,51.7644227289609,11.999999999999997,30.0,0.0,18.98994914623044,42.22778625340562,15.999999999999999,30.0,0.0,17.78817012306162,44.65376537942373,9.999999999999999,30.0,0.0,19.195040771389644,40.83768766405541,15.999999999999999,30.0,0.0,16.92062205141957,46.60306598704539,11.999999999999997,30.0,0.0,18.670923796184665,0.0,0.0,0.0,13.737357812904009,0.0,0.0,528.9971325768759,532.3662621787237,524.5255630576004,711.4918303970524,556.7849995359377,652.28726309366,593.4887492015705,589.8364083063657,567.3335397715442,9475.957601060345,81.73919811362907,83.01191891554461,132.0,0.0,132.0,132.0,16.0,19.0,16.0,12.0,16.0,12.0,21.0,10.0,1.0,0.0,1833.3197122415652,0.0,1170.729011587591,0.0,0.0,0.0,0.0,0.0,1925.9222841265599,1155553.3704759365,1498191.4453074607,81.73919811362907,83.03353393990423,0.34753074280421866,0.7701703164288563,0.3602813740196595,83.03353393990423,0.3542647819438874,1498191.4453074607,0.08336195515598795 
 02/27  08:20:00,6.726666666666667,87.0,6.580000000000001,49.0,129.16666666666669,0.0,4.0,0.0,0.0,0.0,0.0,0.0,0.0,0.0,0.0,928.0,0.0,83.05906483133892,20.322841084385375,52.07666298714101,2.4905593008851967,66.28935649670399,0.0,20.322841084385364,27.782864533552048,0.0,0.0,20.451669552610654,-1413.4794421715708,19.422832809399517,507.99667178514718,20.575440945414763,-911.3922021222928,19.525610593277116,-60.595783201241477,15.09080411449912,40.028693747327647,18.052779189220194,-75.4189136460592,17.252021957848674,135.90502153829767,17.062883699820746,-27.63501005086386,16.431199682981558,-577.5081823527881,1139.1857238051946,1390.2248817426008,0.0,0.0,0.0,0.0,0.0,0.0,0.0,0.0,0.0,0.0,0.0,0.0,0.0,0.0,0.0,0.0,0.0,0.0,0.0,0.0,0.0,0.0,1.4577190546995636,0.44496918641622826,411.0427804906877,479.3557942054693,11848.481340658996,0.3474359268160755,0.053027461357764888,306.6166229877149,358.7637097496548,8245.73174062848,1.2250050485142988,0.23148243547133397,173.70194973554403,202.23163748724768,5112.450069847382,0.3065386966610224,0.05792492378326197,22.51788145147833,26.316912310505779,610.9801759835959,0.0,0.0,11.952256494109463,14.235712122872524,202.96609919003283,0.0,0.0,56.59026032801932,66.66098228641104,1315.5032029645518,0.0,0.0,292.1052985671103,344.5648117439219,6507.5431984198789,0.0,0.0,21.108902611590819,24.90617640649821,474.2418159058141,0.0,0.0,193.188596908524,229.3199402360607,3608.527922189196,44.433003678795838,30.47531116515491,344.44496721268998,405.29536468922057,9235.83857370532,0.0,0.0,197.37761988991938,235.54495927667734,3102.3028710036626,1838.1732394726142,21.349797783114228,35.144589089467697,22.000000000000005,30.000000000000008,0.0,20.339403563427554,37.43166678605825,16.000000000000005,30.000000000000008,1708.3599416697323,21.497426041892337,34.829867841273529,21.500000000000005,30.000000000000008,0.0,20.300347369165384,43.52973215652607,19.000000000000005,30.000000000000008,0.0,15.163456741974145,52.13232288447767,12.000000000000002,30.000000000000008,0.0,18.402312921381595,42.87924835207723,16.000000000000005,30.000000000000008,0.0,17.916451789842193,43.92874287637578,10.000000000000002,30.000000000000008,0.0,17.957088044705825,43.990345200665988,16.000000000000005,30.000000000000008,0.0,16.055506327330606,49.57851291563382,12.000000000000002,30.000000000000008,0.0,18.666294082638929,0.0,0.0,0.0,14.47407764771568,0.0,0.0,530.1828358857401,533.3584770655041,528.2106597475538,881.798623746005,569.5149198530583,588.7296123390773,568.5287152487708,582.4519453655605,580.432649003197,9112.829432009781,81.97935869071259,83.67257679007615,132.00000000000004,0.0,132.00000000000004,132.00000000000004,16.0,19.0,16.0,12.0,16.0,12.0,21.0,10.0,1.0,0.0,1838.1732394726142,0.0,1708.3599416697323,0.0,0.0,0.0,0.0,0.0,2562.553821677698,1537532.293006619,1994940.2771102717,81.97935869071259,83.70133325450168,0.34041846072259,0.7686672107012578,0.3602813740196596,83.70133325450168,0.35426478194388757,1994940.2771102717,0.10916356107640082 
 02/27  08:30:00,6.795,86.0,6.605,57.0,145.0,0.0,4.0,0.0,0.0,0.0,0.0,0.0,0.0,0.0,0.0,928.0,0.0,103.95586142304269,23.59696711028875,60.466528821824947,3.117153683854418,82.96702074414708,0.0,23.59696711028874,32.25884303802116,0.0,0.0,20.381945303874795,-1558.1402733840992,19.420285983590604,474.3305146507432,20.599729872284806,-512.7991980550096,19.398123081720145,-78.16934751850579,15.097433140448278,39.03155356551993,17.814177104192866,-63.45685300597626,17.06238268856512,100.2388561311177,16.594566718086829,-30.780135660767145,16.15828374079936,-404.9701054765678,1144.7696261407514,1325.3898917966993,0.0,0.0,0.0,0.0,0.0,0.0,0.0,0.0,0.0,0.0,0.0,0.0,0.0,0.0,0.0,0.0,0.0,0.0,0.0,0.0,0.0,0.0,1.4324297633813399,0.4372496225217765,419.76462787941076,489.8903088504318,11919.864519215731,0.32944759633183298,0.05028198967213568,283.4753654235293,331.7969862803184,7563.862256616791,1.2595594378450557,0.23801198749906578,156.73756985981096,182.75264222703809,4530.343069923011,0.32770761035497289,0.06192509643895934,26.852909227536938,31.433311762223164,711.9366774572559,0.0,0.0,11.811697686328678,14.070018048357106,199.29776723983214,0.0,0.0,48.31935795275079,56.98138911430701,1081.5027900518049,0.0,0.0,305.2592926616256,360.65208908358229,6549.7558796834059,0.0,0.0,13.03334595421684,15.422176877495435,270.9207054350765,0.0,0.0,208.6784401589683,248.1177890439323,3737.9722828331125,44.343743967630278,30.414090512777976,348.1632699979292,409.66319493969817,9321.90659062428,0.0,0.0,214.3356629310843,255.87547859205359,3362.009252485609,1805.1834814976504,21.21743394286081,35.706704773466849,22.0,30.0,0.0,20.294561004721598,37.76186254765764,16.0,30.0,1019.3909466455863,21.438717247370417,35.174843742796387,21.25,30.0,0.0,20.049680803549746,44.731059980194128,19.0,30.0,0.0,15.176455572225745,52.18698374160945,12.0,30.0,0.0,18.036518905121679,43.645030759634277,16.0,30.0,0.0,17.54626548999507,44.92518776883888,10.0,30.0,0.0,17.173371998245359,46.1354245635087,16.0,30.0,0.0,15.709674098156829,50.506526934893098,12.0,30.0,0.0,18.71214652907781,0.0,0.0,0.0,14.551003547798356,0.0,0.0,548.1018343405298,546.5597579837897,544.069450250337,922.407121486598,567.8885341985982,569.5742527488295,560.1803359436651,574.7562459038912,564.0059333084735,10477.344361876338,81.07687725986293,84.85074374461274,132.0,0.0,132.0,132.0,16.0,19.0,16.0,12.0,16.0,12.0,21.0,10.0,1.0,0.0,1805.1834814976504,0.0,1019.3909466455863,0.0,0.0,0.0,0.0,0.0,5710.728905719123,3426437.3434314739,4440756.309390267,81.07687725986293,84.91483652590074,0.36035763019063746,0.7691979558623789,0.36028137401965956,84.91483652590074,0.3542647819438875,4440756.309390267,0.23631666142162723 
 02/27  08:40:00,6.863333333333333,85.0,6.630000000000001,61.166666666666667,195.0,0.0,0.0,1.0,2.0,0.0,0.0,0.0,0.0,0.0,0.0,2088.0,0.0,127.69949811014937,26.085393055780263,66.84311538039444,3.8291138961664727,101.9167690645879,0.0,26.085393055780249,35.66070996490894,0.0,0.0,20.554962832172824,-1358.041205931327,19.44535842074254,648.3569738252011,20.69274250747754,-2214.1698415791017,19.46540232279491,774.3956599447192,15.100571394394395,39.538956746672699,18.599498773047928,-105.32625025715557,16.972143933379525,107.70296865419773,17.384615637694247,-97.36068777805375,16.00203529513113,-343.69396420576597,1243.731988079944,1299.0367772161174,0.0,0.0,0.0,0.0,0.0,0.0,0.0,0.0,0.0,0.0,0.0,0.0,0.0,0.0,0.0,0.0,0.0,0.0,0.0,0.0,0.0,0.0,1.3677027626711485,0.41749168579705478,431.47986341231396,503.3640808775379,12402.646804375392,0.3466753643349075,0.052911380392995779,334.7343405199795,391.97721793893688,8894.581741704971,1.2023175810486567,0.2271953100998979,482.7034319034956,562.6025802387753,14029.09050727941,0.33876503251046055,0.06401455640787249,365.1111760994434,427.50731944391529,9687.32606209038,0.0,0.0,12.94323360507952,15.42885864845461,216.77852890228326,0.0,0.0,19.437220918572799,22.839935170766649,479.53104687014698,0.0,0.0,276.62237433154868,327.23847166674167,5816.3626897653789,0.0,0.0,26.514946922388395,31.20274443374157,620.9368473659622,0.0,0.0,216.13357767306929,257.3193371422884,3767.8487210383684,44.478733576756379,30.506675978570976,692.237034062407,813.18411118971,18205.017135070666,0.0,0.0,220.50948281381685,263.36081749180326,3455.3245563162729,1879.5609314415304,21.434137887733404,35.91271616358655,22.000000000000047,30.000000000000065,0.0,20.30976195186322,38.37310140972268,16.000000000000033,30.000000000000065,2358.449361336512,21.569898356866398,35.79285913236912,21.5555555555556,30.000000000000065,0.0,20.27842921794347,38.94059220182835,16.000000000000033,30.000000000000065,0.0,15.182020268987327,52.2646238257319,12.000000000000029,30.000000000000065,1626.8349126173173,19.279298506756317,41.408268601843179,20.000000000000044,30.000000000000065,0.0,17.392837753586436,45.68140530681285,10.000000000000022,30.000000000000065,1359.6504804195534,18.41284296889101,43.330137732770648,20.700000000000047,30.000000000000065,0.0,15.534570281756207,51.22866255069805,12.000000000000029,30.000000000000065,0.0,19.341474511812384,0.0,0.0,0.0,14.614474097920322,0.0,0.0,593.5879940004263,587.009833294628,603.9076004262227,615.7213755101204,566.7980349861739,642.7482635937179,573.4396693932874,620.8772786363817,567.4180416824518,10658.310420651558,80.9572029634391,85.89082248051999,60.00000000000013,0.0,60.00000000000013,60.00000000000013,16.0,16.0,19.0,12.0,19.7,12.0,21.0,10.0,1.0,0.0,1879.5609314415304,0.0,2358.449361336512,0.0,1626.8349126173173,0.0,1359.6504804195534,0.0,7465.907966750083,4479544.780050039,5843869.645415997,80.9572029634391,85.97461171841279,0.36219693222500295,0.766023595081753,0.36028137401966039,85.97461171841279,0.3542647819438883,5843869.645415997,0.3063212215616319 
 02/27  08:50:00,6.931666666666667,84.0,6.654999999999999,65.33333333333334,245.0,0.0,0.0,1.0,2.0,0.0,0.0,0.0,0.0,0.0,0.0,928.0,0.0,174.03177134500477,29.767308506544056,76.27796605126948,5.218384589183719,138.89428060919557,0.0,29.76730850654404,40.69416752961717,0.0,0.0,20.574429792371974,-1450.3819545986458,19.557885867588099,502.2520279388159,20.704637057861626,-1548.4661961354073,19.62955610583976,410.524186445683,15.106853825216446,38.6767707658458,18.80640057597268,-117.19632608482599,16.911745214228959,81.97719248089607,18.38378370917468,-284.05680257945337,15.912000491766122,-251.11835599728557,1284.4476452110603,1346.6525484131967,0.0,0.0,0.0,0.0,0.0,0.0,0.0,0.0,0.0,0.0,0.0,0.0,0.0,0.0,0.0,0.0,0.0,0.0,0.0,0.0,0.0,0.0,1.3548114913060734,0.41355662127780026,431.92782153084968,503.8641250499019,12339.766678834618,0.32303278251487929,0.04930292773426119,295.9657329518707,346.36733339932109,7893.953326062576,1.2498687491622008,0.23618079160283468,401.57035574032718,468.0290500659613,11525.898244369546,0.31814356401078106,0.0601178314457258,284.96293751233716,333.2423678204653,7648.076629687025,0.0,0.0,12.811655316446658,15.265646654382947,213.09449043120376,0.0,0.0,19.243120075854308,22.5792341475755,481.62383677488278,0.0,0.0,276.1422803380946,326.6615342205482,5709.134990018441,0.0,0.0,44.559912800039459,52.152783227529507,1168.9943967158275,0.0,0.0,224.42180936762794,267.1402733462527,3849.8972816591319,44.38009458671815,30.43902235028681,603.2920097949202,708.6351690120303,15874.309525032812,0.0,0.0,230.8287792271048,275.31520711154448,3703.579185909063,1856.37416621892,21.447158514903174,35.813803208240937,22.0,30.0,0.0,20.430985768312863,38.195460192146928,16.0,30.0,2293.948012738554,21.429609088311599,35.943779404035598,21.5,30.0,0.0,20.48149528499042,38.1243669635811,16.0,30.0,0.0,15.190873988876675,52.453994776960289,12.0,30.0,0.0,19.555531577808944,42.4081042056677,19.0,30.0,0.0,17.27643135718647,46.1895318222719,10.0,30.0,1283.249658893779,20.13951173598829,39.415766072653237,20.7,30.0,0.0,15.458598940775064,51.83026667288179,12.0,30.0,0.0,19.296243804126847,0.0,0.0,0.0,14.874325181967155,0.0,0.0,590.4166831911733,594.9474622283509,594.2230854006907,597.0592824839795,572.2640429295252,744.7392680988099,582.1405050554752,642.6662010419126,583.1347174320896,9624.418021730791,81.64107772382319,83.35176588437409,60.0,0.0,60.0,60.0,16.0,16.0,19.0,12.0,19.7,12.0,21.0,10.0,1.0,0.0,1856.37416621892,0.0,2293.948012738554,0.0,0.0,0.0,1283.249658893779,0.0,2588.9671152525409,1553380.2691515245,2012566.4143686668,81.64107772382319,83.3808190484352,0.3412989038417514,0.7691359975816072,0.36028137401965956,83.3808190484352,0.3542647819438875,2012566.4143686668,0.10707012021383734 
 02/27  09:00:00,7.0,83.0,6.68,69.5,295.0,0.0,0.0,1.0,2.0,0.0,0.0,0.0,0.0,0.0,0.0,928.0,0.0,222.56275406628843,32.47168673144874,83.2079461551139,6.673584417426428,177.626579463724,0.0,32.47168673144873,44.3912575948317,0.0,0.0,20.64674799478908,-1454.5016487645185,19.60452364223319,527.8439192707356,20.87471883152401,-1473.1323631388983,19.65451076694802,440.15975733993198,15.11439593828561,39.72405812136181,18.95578306347771,-116.55678119102709,16.885646394088469,123.79341175799618,18.739030145320549,-390.5984976635994,15.912367506466799,-162.87558376196513,1284.7778168272526,1375.4435069209649,0.0,0.0,0.0,0.0,0.0,0.0,0.0,0.0,0.0,0.0,0.0,0.0,0.0,0.0,0.0,0.0,0.0,0.0,0.0,0.0,0.0,0.0,1.3622518177270158,0.41582778318895477,444.58499937857598,518.5423619469382,12712.965243362914,0.3210666785463381,0.049002850815985678,293.07781325453177,342.97787451210999,7781.91754122246,1.227557401176039,0.23196473945125468,382.5390672760213,445.50782350719649,11043.84389262927,0.3109015538509225,0.058749348800249897,278.76169139164719,325.9070071000021,7452.5226240594279,0.0,0.0,12.872295187869805,15.339496546265103,212.63292080144553,0.0,0.0,19.24853046561626,22.586596691834758,478.62480674397866,0.0,0.0,270.6528458113618,320.2599862136397,5541.8946279446149,0.0,0.0,56.92626149663154,66.5750283646815,1529.8895898253532,0.0,0.0,223.53944871109585,266.0758194902663,3834.873524857916,44.40305336203277,30.45476910976186,574.5656603993939,674.6921629025704,15160.056729979013,0.0,0.0,231.01800718836877,275.3737209262415,3780.7615705248947,1864.7757186446348,21.52996477801973,35.37164550553695,22.0,30.0,0.0,20.43747959304067,37.9522494992754,16.0,30.0,1986.4184838288766,21.692330552924394,35.00005834003005,21.5,30.0,0.0,20.496877698220485,37.76080883884665,16.0,30.0,0.0,15.201034471008633,52.66579931002914,12.0,30.0,893.9474395090447,19.545954048478273,43.49579322740985,19.25,30.0,0.0,17.24317779918139,46.494708784629327,10.0,30.0,913.2240818643967,20.611299344732897,38.44445969592485,20.45,30.0,0.0,15.527901395172755,52.04744747034722,12.0,30.0,0.0,19.355335559786448,0.0,0.0,0.0,15.108435593249192,0.0,0.0,577.3464454864379,584.6476104119128,575.6757013098999,580.8875751569315,581.4928223625093,803.894524748294,593.6641003684849,640.9865649036228,602.5611305988025,10886.021244430258,80.80666223429512,86.32060731314775,60.0,0.0,60.0,60.0,16.0,16.0,19.0,12.0,19.7,12.0,21.0,10.0,1.0,0.0,1864.7757186446348,0.0,1986.4184838288766,0.0,893.9474395090447,0.0,913.2240818643967,0.0,8344.216381781924,5006529.829069154,6530103.114822434,80.80666223429512,86.41425240562808,0.3631405460593975,0.7661649389962096,0.36028137401965956,86.41425240562808,0.3542647819438875,6530103.114822434,0.34195869530409997 
 02/27  09:10:00,7.063333333333334,81.33333333333334,6.705,73.66666666666667,345.0,0.0,0.0,0.0,0.0,0.0,0.0,0.0,0.0,0.0,0.0,1856.0,0.0,285.46786058492889,35.307641766310528,90.47509716619408,8.559786643886799,227.83072738662845,0.0,35.30764176631051,48.268223134721058,0.0,0.0,20.033580396205197,-421.07098077477067,19.589688956534045,127.31030024671429,20.150274375975465,-820.8785838713186,19.628559561404314,22.441354180432684,15.125635842527413,40.32693774329712,18.86325088930265,-416.2108705086528,16.97902294820524,172.7026940186322,17.94030798260875,-180.72267712052858,15.91778686387076,-166.08728546736882,867.5312111108951,1236.2435011863254,0.0,0.0,0.0,0.0,0.0,0.0,0.0,0.0,0.0,0.0,0.0,0.0,0.0,0.0,0.0,0.0,0.0,0.0,0.0,0.0,0.0,0.0,1.3369628270898857,0.40810831107749875,229.101436595447,268.4102097925726,6199.694709675472,0.2819675385436914,0.043035338605569507,153.11528298634793,179.68960015765453,4034.5635909746335,1.2367182473251737,0.2336958139314388,240.04316277771836,281.12869952440237,6571.989850864029,0.266645751055874,0.05038657427359673,154.78388940623487,181.54965424059658,4118.702854042792,0.0,0.0,12.5544911782174,14.9717360021806,206.1294058044875,0.0,0.0,93.41121244747423,109.76093287884568,2298.093381806847,0.0,0.0,342.1211841291882,404.83401904068628,7081.061234159205,0.0,0.0,42.06925365544965,49.4859236074051,1017.3057227208055,0.0,0.0,221.299124157895,263.53492154204647,3789.776124162431,43.96958669939663,30.157466872014159,295.8499308813933,348.89021470119396,7967.810565387994,0.0,0.0,227.94014785579933,271.8988092190223,3693.622531253248,0.0,20.514050668706028,37.45544388490199,22.0,30.0,0.0,20.292983468133586,38.077493958673027,16.0,30.0,0.0,20.64014651584263,36.98694061731426,21.625,30.0,0.0,20.398523592822924,37.75734175399959,16.0,30.0,0.0,15.215422358124325,52.93053302338251,12.0,30.0,0.0,19.444645914228138,41.695511310878867,16.0,30.0,0.0,17.422330233066665,46.47597262891088,10.0,30.0,0.0,19.179182010354027,41.69557230394988,12.0,30.0,0.0,15.577400112189507,52.20591936597461,12.0,30.0,0.0,18.15242160805985,0.0,0.0,0.0,15.08981174830425,0.0,0.0,571.304567526724,575.7654719758039,562.2162193342456,571.972924858294,595.5981216287255,671.0705050415562,623.5021546336061,623.7027862090846,618.5082517775221,0.0,80.91944951976426,80.91944951976426,60.0,0.0,60.0,60.0,16.0,16.0,16.0,12.0,12.0,12.0,21.0,10.0,0.0,0.0,0.0,0.0,0.0,0.0,0.0,0.0,0.0,0.0,0.0,0.0,0.0,80.91944951976426,80.91944951976426,0.0,0.0,0.0,80.91944951976426,0.0,0.0,0.00237 
 02/27  09:20:00,7.126666666666667,79.66666666666667,6.73,77.83333333333334,395.00000000000008,0.0,0.0,0.0,0.0,0.0,0.0,0.0,0.0,0.0,0.0,1160.0,0.0,363.55071823737446,38.233296738858829,97.97211104846065,10.901087478490693,290.14808899730846,0.0,38.233296738858808,52.267815290006598,0.0,0.0,19.426481305595656,-148.1857098829987,19.30923528241187,-246.96275802595367,19.524734871066089,-458.5334973149007,19.219371703427073,-139.68344434659628,15.133882119959575,31.879312212383185,18.400243763787964,-237.53274134580318,16.864131483139326,43.312510342284088,17.268318636105044,-70.45374861418603,15.900536338525065,-202.7926712141116,797.0329951112079,1057.5950513037256,0.0,0.0,0.0,0.0,0.0,0.0,0.0,0.0,0.0,0.0,0.0,0.0,0.0,0.0,0.0,0.0,0.0,0.0,0.0,0.0,0.0,0.0,1.265664702842078,0.3863445368870813,169.31188735885665,198.86017807482387,4207.630613372547,0.2371439472532364,0.03619413114365635,93.13210334600483,109.40179522114076,2325.061395542716,1.2075919734789269,0.22819198289473309,146.59840884947074,172.1942495232173,3657.1651312844899,0.23721742960460763,0.044825666969880498,99.02211922203165,116.30394752953845,2465.1545834461878,0.0,0.0,11.105928623306945,13.239742324637364,181.1074580212948,0.0,0.0,78.95700937395088,93.03242307954365,1805.0604820084146,0.0,0.0,311.83203909898006,369.2030002553499,6282.388527436412,0.0,0.0,29.123015652518008,34.395546252155067,631.8879780349085,0.0,0.0,203.25760372804633,242.00650459790084,3454.1658660753375,43.37735143723036,29.751269847208769,186.3611379145436,220.374018602983,4811.681568960317,0.0,0.0,208.4341155215514,248.75351351936855,3273.336388467432,0.0,19.572624497044147,39.370389697923169,22.0,30.0,0.0,19.667967048113107,38.936417024747139,16.0,30.0,0.0,19.629244134988036,38.735057671340047,22.0,30.0,0.0,19.640012266079503,39.17011268588807,16.0,30.0,0.0,15.221949358770307,53.131748823616209,12.000000000000002,30.0,0.0,18.607947108477945,43.06480640723635,16.0,30.0,0.0,17.19751549484193,46.83323165960399,10.0,30.0,0.0,17.97008008894416,44.80759868576,12.000000000000002,30.0,0.0,15.573564677087069,52.195606126598089,12.000000000000002,30.0,0.0,17.45902125478807,0.0,0.0,0.0,14.893830018084929,0.0,0.0,560.8978676681434,552.6737195752719,540.6686064218376,558.9495407771696,606.6381888276945,619.8282583489004,609.4287548228365,617.7855491456014,619.2152050599091,0.0,80.91944951976424,80.91944951976424,60.0,0.0,60.0,60.0,16.0,16.0,16.0,12.0,12.0,12.0,21.0,10.0,0.0,0.0,0.0,0.0,0.0,0.0,0.0,0.0,0.0,0.0,0.0,0.0,0.0,80.91944951976424,80.91944951976424,0.0,0.0,0.0,80.91944951976424,0.0,0.0,0.0023766666666666669 
 02/27  09:30:00,7.1899999999999999,78.0,6.755,82.0,445.0,0.0,0.0,0.0,0.0,0.0,0.0,0.0,0.0,0.0,0.0,928.0,0.0,474.16375148024056,43.60766361187578,111.7438223072091,14.217790093246649,378.42744027232797,0.0,43.60766361187576,59.614982261723117,0.0,0.0,18.98867666089948,-207.15605342092068,19.01023783974514,-285.26795143621379,19.146425573846036,-199.2002288280322,18.898226654800195,-205.18208794362693,15.137886621874719,25.102000169858259,18.17046962558291,-184.18824329300925,16.725525655163176,21.7804365389311,16.868896418367187,-33.26235890370327,15.855674514841154,-221.10998229920143,636.3070775822585,904.424355793861,0.0,0.0,0.0,0.0,0.0,0.0,0.0,0.0,0.0,0.0,0.0,0.0,0.0,0.0,0.0,0.0,0.0,0.0,0.0,0.0,0.0,0.0,1.2078381243335,0.368692956145757,190.3721914805634,224.00363692326486,4450.346732589096,0.22254247872387035,0.03396557978081049,98.32831220888233,115.70019377598946,2315.5084506699597,1.1278469914942489,0.21312301426573114,117.40849435638879,137.98993132334284,2772.2891655817577,0.21258170593571769,0.04017039038845761,68.92832078313458,80.98932743495613,1618.3513234055604,0.0,0.0,10.210006090864154,12.169492877839723,165.1461098512844,0.0,0.0,72.38999041134693,85.40114556838907,1586.5680538024986,0.0,0.0,287.4903072116299,340.6285390748467,5618.905617294472,0.0,0.0,21.684553196970769,25.664274471744286,438.8649225142825,0.0,0.0,185.19137329132753,220.50828329427288,3104.0717296007335,42.90141633238282,29.424839734144606,179.81512595072645,212.72455844318535,4441.015756298585,0.0,0.0,189.2440987419115,225.95577310208425,2884.9516884814486,0.0,18.917147716629285,40.2509205210064,22.0,30.0,0.0,19.056301697631434,39.59247703125717,16.0,30.0,0.0,19.081556763789643,39.63285788687136,22.0,30.0,0.0,19.089090271617857,40.07241454993221,16.0,30.0,0.0,15.218254432402024,53.126671562352317,12.0,30.0,0.0,18.18653806950435,43.93087613260353,16.0,30.0,0.0,16.95126271629534,47.23733995397666,10.0,30.0,0.0,17.299888880198688,46.58824862655123,12.0,30.0,0.0,15.518221415349334,52.14072803585958,12.0,30.0,0.0,17.02710715839851,0.0,0.0,0.0,14.725440437413138,0.0,0.0,538.7446559377189,526.3696610180133,529.8707702918218,546.427822972623,607.2232848029814,606.6254857448589,597.2532863795746,611.6956777894982,609.9969100929498,0.0,80.91944951976424,80.91944951976424,60.0,0.0,60.0,60.0,16.0,16.0,16.0,12.0,12.0,12.0,21.0,10.0,0.0,0.0,0.0,0.0,0.0,0.0,0.0,0.0,0.0,0.0,0.0,0.0,0.0,80.91944951976424,80.91944951976424,0.0,0.0,0.0,80.91944951976424,0.0,0.0,0.0023833333333333334 
 02/27  09:40:00,7.253333333333334,76.33333333333334,6.779999999999999,86.5,450.6666666666667,0.0,0.0,0.0,0.0,0.0,0.0,0.0,0.0,0.0,0.0,696.0,0.0,534.5168335304481,43.410927024586509,111.23979702281166,16.02746029019185,426.5947268768988,0.0,43.410927024586488,59.34602843136271,0.0,0.0,18.73421478503509,-83.6812158897453,18.855329826685279,-216.2382453522186,18.84089748306522,-274.90194545250389,18.598755569896598,-224.89286293205914,15.138303755533645,21.325270396582725,18.031479837972637,-166.49891702923666,16.6246354788736,29.053455634425239,16.596416268649798,-18.209657232972569,15.807645516733722,-221.67543100133924,619.5439435371623,800.9788595971859,0.0,0.0,0.0,0.0,0.0,0.0,0.0,0.0,0.0,0.0,0.0,0.0,0.0,0.0,0.0,0.0,0.0,0.0,0.0,0.0,0.0,0.0,1.136467269109608,0.34690698080268897,168.75492065571965,198.7832089841699,3833.3534526739247,0.21054095323402456,0.03213384512118815,62.35088969894259,73.40813069658099,1425.7969708814063,1.1000343312222103,0.2078674095280067,198.43389994156733,233.56794133162286,4494.865855860166,0.21338729265188165,0.04032261765908574,115.06915317688569,135.47895262829489,2595.44901664979,0.0,0.0,9.779310270075659,11.652523298992316,156.85331789152523,0.0,0.0,69.06569864635533,81.52609234227397,1472.555307242882,0.0,0.0,274.3937469845804,325.1946667888935,5242.472448380181,0.0,0.0,17.243899159157399,20.432306469367643,332.8344749310808,0.0,0.0,173.66030722853689,206.75510931785863,2869.599960159233,42.656686678344048,29.256986747835457,192.45436552061819,227.80842252976184,4585.075009380281,0.0,0.0,176.85418256797636,211.16117399611793,2644.251485346906,0.0,18.622115782313533,40.70876583709638,22.000000000000019,30.00000000000002,0.0,18.75478629663913,39.77518476389976,16.000000000000015,30.00000000000002,0.0,18.645955573808306,40.535205767896517,22.000000000000019,30.00000000000002,0.0,18.604220868874046,40.491498932180977,16.000000000000015,30.00000000000002,0.0,15.212783406135163,52.98691872818448,12.00000000000001,30.00000000000002,0.0,17.940716838741289,44.32509366942303,16.000000000000015,30.00000000000002,0.0,16.79022717017572,47.42417859524387,10.000000000000007,30.00000000000002,0.0,16.88401330927676,47.613622286612287,12.00000000000001,30.00000000000002,0.0,15.460928221891145,52.01793618416167,12.00000000000001,30.00000000000002,0.0,16.978301118285434,0.0,0.0,0.0,14.642364893151873,0.0,0.0,531.2153797118157,512.1025495518638,529.0517830974412,524.3316300526168,602.7986068194316,595.5885552403041,587.2431604110509,603.6780571792331,599.57053258096,0.0,80.91944951976432,80.91944951976432,60.00000000000004,0.0,60.00000000000004,60.00000000000004,16.0,16.0,16.0,12.0,12.0,12.0,21.0,10.0,0.0,0.0,0.0,0.0,0.0,0.0,0.0,0.0,0.0,0.0,0.0,0.0,0.0,80.91944951976432,80.91944951976432,0.0,0.0,0.0,80.91944951976432,0.0,0.0,0.0023899999999999999 
 02/27  09:50:00,7.316666666666666,74.66666666666667,6.805000000000001,91.0,456.3333333333333,0.0,0.0,0.0,0.0,0.0,0.0,0.0,0.0,0.0,0.0,464.0,0.0,614.9381712773877,45.54819476798342,116.7165250462331,18.438866349027586,490.7782633771944,0.0,45.5481947679834,62.26783547301447,0.0,0.0,18.54842768012594,-26.821806897391526,18.735266251552124,-295.3451212739569,18.65353701152942,-192.9533646350377,18.442534955549385,-26.627452003263444,15.140908479616819,19.229422538162227,17.960410833513387,-155.04266881361424,16.55535417014319,23.334997035957714,16.396542316418139,-10.063612056732808,15.76853418383326,-210.55142311924329,409.4127326330472,733.8999479440577,0.0,0.0,0.0,0.0,0.0,0.0,0.0,0.0,0.0,0.0,0.0,0.0,0.0,0.0,0.0,0.0,0.0,0.0,0.0,0.0,0.0,0.0,1.0991199665783918,0.3355067053047594,98.53245019015042,116.10341753423099,2200.6947974106194,0.2016232381290706,0.030772777492226894,85.34066902326441,100.5494593045705,1901.0885556851068,1.0678734885314172,0.20179015278371457,58.00649821011862,68.34728153556304,1306.5635265160243,0.21142146070115815,0.03995114525721052,65.18322481790597,76.80594319261418,1442.0969961737526,0.0,0.0,9.470483429342324,11.277120033245968,150.6956063255127,0.0,0.0,67.3509324873203,79.48890306012695,1409.3636883419916,0.0,0.0,266.5166121058506,315.7686565784636,5005.284018953395,0.0,0.0,14.112704311907934,16.727617304754938,262.76174603797338,0.0,0.0,167.68623584393658,199.53677215192324,2736.2266200238957,42.42559984465257,29.098490977127967,94.09307318124803,111.69918719407863,2467.534445301843,0.0,0.0,170.3947929695419,203.3149901623771,2524.5809112376148,0.0,18.422898213659005,40.79809724691477,22.0,30.0,0.0,18.490029255240658,39.92267834103765,16.0,30.0,0.0,18.436709924383029,40.41804430069964,22.0,30.0,0.0,18.4052108272027,41.08569565025593,16.0,30.0,0.0,15.211234582833268,52.77875863044747,12.0,30.0,0.0,17.798645279790429,44.48334649906914,16.0,30.0,0.0,16.68575449278449,47.44455820359643,10.0,30.0,0.0,16.597694588086374,48.27927979869722,12.0,30.0,0.0,15.418749027583847,51.88992704871171,12.0,30.0,0.0,16.330877920393634,0.0,0.0,0.0,14.637772931922545,0.0,0.0,521.7249477153773,504.1533513721322,514.8207987861194,529.2460447339488,596.4939449279749,586.9668829723244,578.2963057490931,596.4073861209399,591.0356723331953,0.0,80.91944951976424,80.91944951976424,60.0,0.0,60.0,60.0,16.0,16.0,16.0,12.0,12.0,12.0,21.0,10.0,0.0,0.0,0.0,0.0,0.0,0.0,0.0,0.0,0.0,0.0,0.0,0.0,0.0,80.91944951976424,80.91944951976424,0.0,0.0,0.0,80.91944951976424,0.0,0.0,0.0023833333333333334 
 02/27  10:00:00,7.38,73.0,6.83,95.5,462.0,0.0,0.0,0.0,0.0,0.0,0.0,0.0,0.0,0.0,0.0,464.0,0.0,697.3823758684575,47.65251565789664,122.10882689855655,20.91092675457866,556.5762247407402,0.0,47.65251565789662,65.14460166809644,0.0,0.0,18.29400239621998,-186.32993048195568,18.531047326808385,-424.03640318668706,18.26228158033048,-379.44233225245628,18.29699507137839,-232.5445389663314,15.144681692007847,16.265752464000884,17.933969332890393,-165.87978552758023,16.48202836254039,22.14073892942133,16.25112032320122,-7.167971030916959,15.745949064830626,-194.548620945096,700.8253033753081,632.7907332531909,0.0,0.0,0.0,0.0,0.0,0.0,0.0,0.0,0.0,0.0,0.0,0.0,0.0,0.0,0.0,0.0,0.0,0.0,0.0,0.0,0.0,0.0,1.0571382550377842,0.3226917750420587,455.15728755838566,536.9626767968683,9672.739141264417,0.18182038832339388,0.027750364518222507,219.62439095568963,259.2470431679961,4662.880358951667,1.0638656095114137,0.2010328060301236,457.9489198334726,540.5092006887248,9578.724641411238,0.18039599251433303,0.03408843395962452,259.62521647538116,306.05960908462517,5561.296631908992,0.0,0.0,9.098337048801846,10.833653321098775,143.6452620519561,0.0,0.0,69.598661082108,82.17164579413961,1437.5794956178054,0.0,0.0,253.0484865270619,299.963830358653,4665.629919803736,0.0,0.0,10.267854272315095,12.173375596563894,185.89834823078059,0.0,0.0,154.46711814762495,183.851547514035,2497.1342601626986,42.25086404515734,28.978644749764994,651.5897284421146,770.9374094045038,13588.395057465657,0.0,0.0,156.5077098569535,186.81514734196845,2283.4795007154,0.0,18.0491306340082,41.01553404093734,22.0,30.0,0.0,18.052099107583119,40.31939518616455,16.0,30.0,0.0,17.795188767410495,41.174036508035218,22.0,30.0,0.0,18.17572668252658,40.94472795420781,16.0,30.0,0.0,15.212007438135555,52.45034218969259,12.0,30.0,0.0,17.72334029828608,44.15245323511131,16.0,30.0,0.0,16.572755410628039,47.148637414653837,10.0,30.0,0.0,16.40721694702404,48.6062643084591,12.0,30.0,0.0,15.40579134297047,51.35096777174326,12.0,30.0,0.0,17.203899820840016,0.0,0.0,0.0,14.586551361533687,0.0,0.0,509.3425143513069,495.5922342731173,500.34310864652437,515.8275267224594,587.6809628021598,571.0319027311475,562.035469760345,588.4726469043449,574.9033229489896,0.0,80.91944951976424,80.91944951976424,60.0,0.0,60.0,60.0,16.0,16.0,16.0,12.0,12.0,12.0,21.0,10.0,0.0,0.0,0.0,0.0,0.0,0.0,0.0,0.0,0.0,0.0,0.0,0.0,0.0,80.91944951976424,80.91944951976424,0.0,0.0,0.0,80.91944951976424,0.0,0.0,0.0023766666666666669 
 02/27  10:10:00,7.516666666666667,72.33333333333334,6.936666666666667,100.0,467.6666666666667,0.0,0.0,0.0,0.0,0.0,0.0,0.0,0.0,0.0,0.0,464.0,0.0,781.0220364042697,49.72337653716422,127.41538743397375,23.41883199597779,623.3282631719566,0.0,49.72337653716419,67.97562549186333,0.0,0.0,18.03560608256894,-35.470235232151029,18.610362323344817,-312.9463552125842,18.260923309688054,-309.90530281097838,18.071400793774246,-130.31854512716155,15.150986345788617,14.536340888311287,17.929877102221356,-165.37444121163595,16.435691218088708,-10.517577628885647,16.13353935734963,-4.410784554157573,15.730257499552883,-191.5619703315365,622.8360091975892,590.1095773468551,0.0,0.0,0.0,0.0,0.0,0.0,0.0,0.0,0.0,0.0,0.0,0.0,0.0,0.0,0.0,0.0,0.0,0.0,0.0,0.0,0.0,0.0,1.0085911573816149,0.3078727586634966,370.29622910295987,437.06921763496077,7609.662220516206,0.15549717486886278,0.02373278004714023,174.79577831454518,205.96517593001466,3687.8677808132244,0.9496218063287756,0.1794447857764127,361.1526789739139,426.2941232257426,7509.054546627758,0.18350968809924854,0.03467681181013765,198.1521362391985,233.98942119437036,4078.905764546548,0.0,0.0,8.691904657282353,10.353993727595718,134.94157015535135,0.0,0.0,69.55911758534906,82.15977227924033,1411.3381388320027,0.0,0.0,244.4709286505074,289.9254697695417,4413.873709297941,0.0,0.0,8.557205945893788,10.15640981081846,150.26676033816927,0.0,0.0,150.03632412865563,178.5915507346225,2383.0139365409397,42.2881639870222,29.004227700289584,506.743274046828,599.9360310474319,10416.66558693189,0.0,0.0,152.01847561614745,181.45198281176176,2182.5809364001727,0.0,17.724790108914946,41.778600150337968,22.0,30.0,0.0,18.179433150694316,39.87177883274383,16.0,30.0,0.0,17.93405642095601,40.578151741932469,22.0,30.0,0.0,17.837377917162596,41.52832821798491,16.0,30.0,0.0,15.217675684582112,51.996164516558767,12.0,30.0,0.0,17.673716285165108,43.80101159427559,16.0,30.0,0.0,16.515041752091869,46.85195142759977,10.0,30.0,0.0,16.260071095536916,48.69644668798953,12.0,30.0,0.0,15.400847218593633,50.73723654990942,12.0,30.0,0.0,17.017440101079516,0.0,0.0,0.0,14.607109414173554,0.0,0.0,509.34834015934185,493.9046733900225,496.26076762217118,510.4244801411296,576.8746695010345,557.7889348794338,550.626052119012,578.4603384260931,560.2087227591308,0.0,80.91944951976424,80.91944951976424,60.0,0.0,60.0,60.0,16.0,16.0,16.0,12.0,12.0,12.0,21.0,10.0,0.0,0.0,0.0,0.0,0.0,0.0,0.0,0.0,0.0,0.0,0.0,0.0,0.0,80.91944951976424,80.91944951976424,0.0,0.0,0.0,80.91944951976424,0.0,0.0,0.00237 
 02/27  10:20:00,7.653333333333334,71.66666666666667,7.043333333333333,104.5,473.33333333333339,0.0,0.0,0.0,0.0,0.0,0.0,0.0,0.0,0.0,0.0,464.0,0.0,865.219387310848,51.76029336349071,132.63496611324394,25.943458977797,690.5253847082382,0.0,51.76029336349068,70.76024522179974,0.0,0.0,18.02486315198695,-170.0437733724466,18.538649058808674,-285.57189676846067,18.058845623565298,-146.3366148408213,18.035812241089098,-185.4726979928314,15.159571931054959,14.420024990705017,17.96148066159771,-173.86270788744128,16.389589038550498,39.1746001499032,16.02544731088435,-13.881956169013336,15.717274931579559,-166.6937543549161,615.0828626689545,551.1821443223626,0.0,0.0,0.0,0.0,0.0,0.0,0.0,0.0,0.0,0.0,0.0,0.0,0.0,0.0,0.0,0.0,0.0,0.0,0.0,0.0,0.0,0.0,0.9689434590662938,0.29577028665027285,408.3654741839581,482.3718428799761,8289.465234720428,0.14706511065394299,0.022445834959393009,206.91651359065606,244.5219810993978,4243.018490969294,0.9761658114208232,0.18446065975450177,378.9440727751502,447.69481492716218,7608.612599610555,0.181473292833371,0.03429200544848279,211.67757220184695,249.93020090493708,4291.467749672146,0.0,0.0,8.777335387505517,10.453847238349095,134.04460925595138,0.0,0.0,70.5003826713043,83.27796624137909,1411.8643616174682,0.0,0.0,243.48963511738519,288.8402724817022,4305.339914998425,0.0,0.0,9.007109698162676,10.694388702787677,153.24960208534984,0.0,0.0,144.77920753822753,172.3855549500711,2259.6154108710468,42.460396052850317,29.12235668919776,559.6122847642848,662.9243941629193,11244.335712383145,0.0,0.0,149.37007759840743,178.31251171458556,2119.896518877193,0.0,17.79276395822368,41.10487109999616,22.0,30.0,0.0,17.981855513598224,39.740523746076508,16.0,30.0,0.0,17.67581298334849,40.914482927889739,22.0,30.0,0.0,17.82890289156237,41.36553185425408,16.0,30.0,0.0,15.227330336613003,51.53543185908974,12.0,30.0,0.0,17.677522852803855,43.339890252337458,16.0,30.0,0.0,16.463279344312818,46.5026669531626,10.0,30.0,0.0,16.122148250593577,48.74436495144436,12.0,30.0,0.0,15.399751694917818,50.262869449616108,12.0,30.0,0.0,17.007402969859564,0.0,0.0,0.0,14.662133881543806,0.0,0.0,500.4807167625038,482.40785137190138,490.3815413557546,507.5302211898544,566.5319870533997,545.9486517454894,539.4471421738992,568.631960012741,549.5286862119025,0.0,80.91944951976424,80.91944951976424,60.0,0.0,60.0,60.0,16.0,16.0,16.0,12.0,12.0,12.0,21.0,10.0,0.0,0.0,0.0,0.0,0.0,0.0,0.0,0.0,0.0,0.0,0.0,0.0,0.0,80.91944951976424,80.91944951976424,0.0,0.0,0.0,80.91944951976424,0.0,0.0,0.00237 
 02/27  10:30:00,7.789999999999999,71.0,7.15,109.0,479.0,0.0,0.0,0.0,0.0,0.0,0.0,0.0,0.0,0.0,0.0,464.0,0.0,949.5062497758502,53.762808242186597,137.76638940079969,28.47076957465251,757.7939407035462,0.0,53.762808242186569,73.4978348811499,0.0,0.0,17.855599878772919,0.4805907150548592,18.65136208213262,-363.2411397905646,18.034809143875436,-282.28299035521106,17.90218072015115,-111.23710717317727,15.171761666471099,14.03170053225324,18.000119101835624,-172.3936477669447,16.387281456910963,9.514644681321898,15.923293742708435,-24.037844570590523,15.72228156995249,-154.37011085548603,561.3101792918942,535.8326962800084,0.0,0.0,0.0,0.0,0.0,0.0,0.0,0.0,0.0,0.0,0.0,0.0,0.0,0.0,0.0,0.0,0.0,0.0,0.0,0.0,0.0,0.0,0.9285256326177971,0.28343273278931538,354.2254568761694,418.360864267202,7010.436127005453,0.12926582488983313,0.01972921625302703,164.25991980636884,193.60142965268308,3343.9093441338889,0.9195654216820532,0.17376519684090206,348.75736027599,412.10585858300899,6927.229486179751,0.17971483005225448,0.03395971845280696,189.9703901011756,224.53273132255067,3736.237220144104,0.0,0.0,8.565207916918494,10.205467953007787,128.71268890733584,0.0,0.0,70.9471401217655,83.82514563286199,1402.2985034576139,0.0,0.0,241.16350330750394,286.1263677816296,4207.405925588253,0.0,0.0,11.123031458901295,13.21809559772964,183.41853166077798,0.0,0.0,141.80489787783345,168.83393031821849,2182.328192080059,42.61534283400567,29.22863020164999,475.49538852249648,563.3406211722017,9398.325990620417,0.0,0.0,150.59594222265396,179.73851188542074,2116.430803029484,0.0,17.604062005539296,41.395817279279928,22.0,30.0,0.0,18.119821037179233,39.29044927661799,16.0,30.0,0.0,17.723919759765928,40.50709470138006,22.0,30.0,0.0,17.640474367576759,41.45632299462389,16.0,30.0,0.0,15.242992300599145,50.99227082557742,12.0,30.0,0.0,17.682784041178885,42.8721803540913,16.0,30.0,0.0,16.482302740162394,46.04080057914415,10.0,30.0,0.0,15.990082046381496,48.663958505511377,12.0,30.0,0.0,15.427787171924387,49.64515397930788,12.0,30.0,0.0,16.855877517270387,0.0,0.0,0.0,14.731955656556089,0.0,0.0,497.0928835930939,480.7504917306162,485.41898556868827,500.24260930243067,555.5360628559129,535.4418419638048,530.6277534137178,556.7374558319175,538.4362320028317,0.0,80.91944951976424,80.91944951976424,60.0,0.0,60.0,60.0,16.0,16.0,16.0,12.0,12.0,12.0,21.0,10.0,0.0,0.0,0.0,0.0,0.0,0.0,0.0,0.0,0.0,0.0,0.0,0.0,0.0,80.91944951976424,80.91944951976424,0.0,0.0,0.0,80.91944951976424,0.0,0.0,0.00237 
 02/27  10:40:00,7.926666666666666,70.33333333333334,7.256666666666666,106.0,522.8333333333334,0.0,0.0,0.0,0.0,0.0,0.0,0.0,0.0,0.0,0.0,464.0,0.0,1098.9354804087303,56.750984716759777,145.42357549967745,32.95134862841382,877.0519945084534,0.0,56.750984716759749,77.58289866975575,0.0,0.0,17.87530164823998,-146.53790139868034,18.63073084073978,-312.48270349592306,17.87839865724368,-116.14761216520219,17.898735460955355,-164.49810880023643,15.19147614846031,14.431319617562196,18.09467474306355,-184.58094753259889,16.366265406168546,53.52169919812286,15.828409716095444,-27.508736097392956,15.729141268079858,-130.146960372389,568.7544213598412,506.43472945646365,0.0,0.0,0.0,0.0,0.0,0.0,0.0,0.0,0.0,0.0,0.0,0.0,0.0,0.0,0.0,0.0,0.0,0.0,0.0,0.0,0.0,0.0,0.9000295879697637,0.27473430646207688,380.5197700594714,449.7803089842429,7451.780706682133,0.12869237500959414,0.019641693377532685,187.02787325709495,221.1828885489636,3716.4370587415789,0.9442654185636519,0.17843261877620035,363.26907297055507,429.4706741575777,6999.794830660365,0.17699315103748593,0.033445417807537018,202.5783662770264,239.38597654248117,3938.7432625908957,0.0,0.0,8.730752823056666,10.400444654205455,129.23493861290906,0.0,0.0,71.97476917549474,85.03072365158524,1411.3811194692685,0.0,0.0,242.98370943998155,288.334133468452,4166.77383417993,0.0,0.0,14.470588724094697,17.20535879856373,231.19528594403233,0.0,0.0,137.25396869613429,163.44721576086045,2082.1213625161065,42.82241573611589,29.370655511739309,520.0923447297068,616.5519626732353,10080.805028446312,0.0,0.0,149.52796483896095,178.4602197680055,2085.5587351764959,0.0,17.701389782132116,40.46913234891609,22.0,30.0,0.0,17.95749675995163,38.92874497872386,16.0,30.0,0.0,17.530740164334625,40.56689432562884,22.0,30.0,0.0,17.67577755793807,41.10122163868344,16.0,30.0,0.0,15.266749261110999,50.467597261996569,12.0,30.0,0.0,17.741987376218654,42.29568478151008,16.0,30.0,0.0,16.469401301802678,45.556090707680059,10.0,30.0,0.0,15.867688441884006,48.48719433237605,12.0,30.0,0.0,15.455644084670452,49.11284435322622,12.0,30.0,0.0,16.890606503664466,0.0,0.0,0.0,14.817120648939824,0.0,0.0,484.5470338628337,466.2565192663093,477.46574227990529,495.3898156855128,545.8403148378259,525.8181740109651,520.238897634726,544.1527984245547,529.6173887425604,0.0,80.91944951976424,80.91944951976424,60.0,0.0,60.0,60.0,16.0,16.0,16.0,12.0,12.0,12.0,21.0,10.0,0.0,0.0,0.0,0.0,0.0,0.0,0.0,0.0,0.0,0.0,0.0,0.0,0.0,80.91944951976424,80.91944951976424,0.0,0.0,0.0,80.91944951976424,0.0,0.0,0.00237 
 02/27  10:50:00,8.063333333333333,69.66666666666666,7.363333333333333,103.0,566.6666666666666,0.0,0.0,0.0,0.0,0.0,0.0,0.0,0.0,0.0,0.0,464.0,0.0,1231.7438251122199,57.15398030358763,146.4563839157049,36.93355959621779,983.0451082624152,0.0,57.1539803035876,78.1338241899607,0.0,0.0,17.73045771605177,19.625533330306099,18.808154460165669,-423.1016395757482,17.881039078738753,-244.18893800212482,17.79621988749714,-102.79130334398269,15.216177441686228,14.321536681313589,18.198889933859549,-190.4302757672208,16.37833702033156,26.670489238858865,15.745052153073651,-27.35006442940076,15.744566808338308,-123.47130428681385,526.0997407359373,494.9963050530123,0.0,0.0,0.0,0.0,0.0,0.0,0.0,0.0,0.0,0.0,0.0,0.0,0.0,0.0,0.0,0.0,0.0,0.0,0.0,0.0,0.0,0.0,0.874619361907904,0.2669778272002149,341.274293520621,403.23016347830028,6536.83229655232,0.10051316750061965,0.015340837530619605,165.19793284681408,194.73779762591912,3274.373396681245,0.8933764841336784,0.16881641801467854,331.3050613255825,391.78424957989776,6333.046293406956,0.17464978662418979,0.03300260518219761,178.6791654607261,211.33373439098353,3380.43452234833,0.0,0.0,8.541589335706219,10.178626967773406,124.61301900685619,0.0,0.0,73.80504453183144,87.19425687481228,1436.1692718509528,0.0,0.0,241.99220556198064,287.17795746147967,4102.585206396439,0.0,0.0,16.479892863529128,19.605953251530829,255.50755000992525,0.0,0.0,135.01327182581856,160.7611272109475,2022.1907412017363,43.00629294249765,29.496771565499086,465.1561418519466,551.3992070138453,8862.101647167523,0.0,0.0,149.76179635136129,178.70497287924486,2068.1610028459197,0.0,17.535216136447354,40.6754849084945,22.0,30.0,0.0,18.148777589019006,38.33912429786278,16.0,30.0,0.0,17.611393834130437,40.06416634152082,22.0,30.0,0.0,17.533749228986893,40.905548123169477,16.0,30.0,0.0,15.298651486388433,49.856492129921857,12.0,30.0,0.0,17.805035144547739,41.65639600676055,16.0,30.0,0.0,16.5087879355062,45.04333273680909,10.0,30.0,0.0,15.764947148094599,48.203790846819817,12.0,30.0,0.0,15.496483377951217,48.4517374363936,12.0,30.0,0.0,16.775028487528237,0.0,0.0,0.0,14.886569343457225,0.0,0.0,480.44768661983559,464.1622718139256,472.092831790471,484.91809798720467,535.5510451347143,515.7948358632566,512.2930223785381,531.4382647749096,519.5729548895727,0.0,80.91944951976424,80.91944951976424,60.0,0.0,60.0,60.0,16.0,16.0,16.0,12.0,12.0,12.0,21.0,10.0,0.0,0.0,0.0,0.0,0.0,0.0,0.0,0.0,0.0,0.0,0.0,0.0,0.0,80.91944951976424,80.91944951976424,0.0,0.0,0.0,80.91944951976424,0.0,0.0,0.002366666666666667 
 02/27  11:00:00,8.2,69.0,7.47,100.0,610.5,0.0,0.0,0.0,0.0,0.0,0.0,0.0,0.0,0.0,0.0,464.0,0.0,1371.2129922672899,57.58710806261536,147.56640618430624,41.11549209020974,1094.35415349648,0.0,57.58710806261533,78.7259426740261,0.0,0.0,17.78621840472774,-113.61633071714096,18.83149762594458,-332.4892915793805,17.76200419979357,-83.1717314495927,17.808922379558348,-137.5023401831818,15.24518261891764,14.895470249457361,18.335877498869455,-208.94761886567154,16.375999013149593,71.76545533965964,15.672726277050176,-25.39121302666797,15.757561211099504,-102.61314791575092,523.0841720130302,473.3809079017142,0.0,0.0,0.0,0.0,0.0,0.0,0.0,0.0,0.0,0.0,0.0,0.0,0.0,0.0,0.0,0.0,0.0,0.0,0.0,0.0,0.0,0.0,0.8334227857669814,0.2544025597579308,324.74100322596737,383.99239841592307,6169.548847533132,0.11293421463852363,0.017236601745806419,152.90879863396973,180.95617755194145,2964.9589983986386,0.9274012623942354,0.17524589236474598,322.6963868140819,381.6092105670373,6014.542428505189,0.17866941298740714,0.03376217176632787,182.84514645612976,216.21469473750615,3429.45549639128,0.0,0.0,8.836016037509399,10.527122717744757,127.15568533051816,0.0,0.0,75.28841300903867,88.92562121699086,1459.815104406937,0.0,0.0,246.30459682989966,292.31632653015847,4115.982145782343,0.0,0.0,18.801632167355935,22.376513484715816,283.2012762377895,0.0,0.0,132.52093909874527,157.8186168845611,1957.584615448547,43.09207272286997,29.555605434067208,431.7855574334891,512.2071360584534,8159.047067059759,0.0,0.0,149.86718103212088,178.81766632672629,2057.7313612225455,0.0,17.68225718790415,39.79337215423726,22.0,30.0,0.0,18.03936061928398,37.99477429488758,16.0,30.0,0.0,17.473370916429077,40.058184338355228,22.0,30.0,0.0,17.594853543044026,40.40757597294227,16.0,30.0,0.0,15.335815820289442,49.25229680277603,12.0,30.0,0.0,17.908998188306826,40.95432851003035,16.0,30.0,0.0,16.524613869027477,44.50348483819595,10.0,30.0,0.0,15.679562630323794,47.903084962272959,12.0,30.0,0.0,15.531476778299539,47.88720126345645,12.0,30.0,0.0,16.792311247549866,0.0,0.0,0.0,14.98586603271481,0.0,0.0,471.0720818149846,452.3650782106649,465.65759500948306,478.4085634670721,526.0452100300586,506.6061288835217,502.8772179288212,520.2942966530221,511.1896542107698,0.0,80.91944951976424,80.91944951976424,60.0,0.0,60.0,60.0,16.0,16.0,16.0,12.0,12.0,12.0,21.0,10.0,0.0,0.0,0.0,0.0,0.0,0.0,0.0,0.0,0.0,0.0,0.0,0.0,0.0,80.91944951976424,80.91944951976424,0.0,0.0,0.0,80.91944951976424,0.0,0.0,0.002363333333333333 
 02/27  11:10:00,8.298333333333332,68.33333333333333,7.341666666666667,97.0,654.3333333333334,0.0,0.0,0.0,0.0,0.0,0.0,0.0,0.0,0.0,0.0,464.0,0.0,1516.767249754773,58.04144082242242,148.73076584601223,45.47988292711401,1210.519643062971,0.0,58.041440822422398,79.34705000180878,0.0,0.0,17.672536893282975,48.816784304397518,19.053695353639996,-503.31866223961347,17.77997295457441,-199.4262379167203,17.732643927305128,-88.7615595413331,15.279534519351527,15.137213087896598,18.4829885447989,-220.0472437723356,16.39808323222418,46.86849436588318,15.61174573041949,-21.59246375757715,15.779366856928176,-91.85246627689503,497.44538694672067,458.41590357752468,0.0,0.0,0.0,0.0,0.0,0.0,0.0,0.0,0.0,0.0,0.0,0.0,0.0,0.0,0.0,0.0,0.0,0.0,0.0,0.0,0.0,0.0,0.8287289084740697,0.25296975228146209,348.44774525624578,411.8015540021007,6528.135387700091,0.06306362118919679,0.009625094809095968,180.72925100679715,213.0373212396539,3530.6365120192047,0.8828570487973114,0.16682861844242476,311.7785454056134,368.8719272963143,5793.1420934412249,0.17427216848345887,0.03293124876860522,164.56439305832275,194.70994558205397,3023.8636931853036,0.0,0.0,8.612629606411124,10.26313760722033,122.96493207661453,0.0,0.0,77.73062612934595,91.79212007630602,1507.4004570101047,0.0,0.0,245.0057145259189,290.7685552268074,4070.8404580592134,0.0,0.0,19.898128929341867,23.691709986990888,293.20527449050248,0.0,0.0,131.088783796302,156.08546695926425,1923.2119299011002,42.52104914580248,29.16395689012517,459.7301806837778,545.1028739580436,8512.27524642277,0.0,0.0,150.1877296282575,179.14143161056354,2061.1961606326447,0.0,17.55502711281869,39.72246211188492,22.0,30.0,0.0,18.270205019850864,37.40632696249142,16.0,30.0,0.0,17.56942080359274,39.48957803877447,22.0,30.0,0.0,17.491744001026047,40.12858606848938,16.0,30.0,0.0,15.379955694994875,48.58780508213671,12.0,30.0,0.0,18.01268999039226,40.21995859575516,16.0,30.0,0.0,16.575751682762236,43.92017056139154,10.0,30.0,0.0,15.612554632198354,47.54154068870484,12.0,30.0,0.0,15.580009986041894,47.22599565718305,12.0,30.0,0.0,16.76189527132868,0.0,0.0,0.0,15.082987973291769,0.0,0.0,463.4441477294971,452.0142838691489,459.74185381354325,468.4137823308477,516.2099609036129,496.96463490342537,494.5877643951877,509.651867139811,502.0142850190925,0.0,80.91944951976424,80.91944951976424,60.0,0.0,60.0,60.0,16.0,16.0,16.0,12.0,12.0,12.0,21.0,10.0,0.0,0.0,0.0,0.0,0.0,0.0,0.0,0.0,0.0,0.0,0.0,0.0,0.0,80.91944951976424,80.91944951976424,0.0,0.0,0.0,80.91944951976424,0.0,0.0,0.00236 
 02/27  11:20:00,8.396666666666667,67.66666666666667,7.213333333333334,94.0,698.1666666666667,0.0,0.0,0.0,0.0,0.0,0.0,0.0,0.0,0.0,0.0,464.0,0.0,1667.8355729864509,58.507432994364368,149.9250017700646,50.009610074744319,1331.0858468234222,0.0,58.507432994364339,79.98409662993528,0.0,0.0,17.767544193369014,-75.30141002101573,19.08089805948431,-453.0157856745193,17.69698794963582,-34.15135445306305,17.75760928472339,-106.24422170217531,15.318359631906944,15.42874380282504,18.658964365712146,-243.68185601732058,16.411216553302237,93.6649171718991,15.560093210378876,-16.697984443944337,15.79983177642886,-71.76161694832695,491.77193368128976,439.77003033826397,0.0,0.0,0.0,0.0,0.0,0.0,0.0,0.0,0.0,0.0,0.0,0.0,0.0,0.0,0.0,0.0,0.0,0.0,0.0,0.0,0.0,0.0,0.7796707460283805,0.2379947332198964,295.8455822879191,349.7870008124561,5547.458979166965,0.09481667586885653,0.014471409625893856,172.4851563429622,203.9967862395882,3318.5918017909536,0.9215557971874646,0.17414130710269558,285.0969185107457,337.11706107313509,5215.641662785777,0.1839224594114782,0.03475481092431559,160.8176234634176,190.25459324962589,2947.8107250199229,0.0,0.0,8.897976258405569,10.599963196779808,126.16815307615622,0.0,0.0,79.34027485809058,93.65537253355874,1544.4361326671438,0.0,0.0,250.98550975805774,297.8434103190755,4139.230262463491,0.0,0.0,22.571124531379174,26.8802903337197,325.77135853371819,0.0,0.0,130.73668662096999,155.67668702000655,1903.4357384484634,42.04151336740888,28.835057179292798,388.8528797130979,461.30264660507558,7241.1626010726799,0.0,0.0,151.23364356287534,180.35208384034849,2080.7158951524445,0.0,17.76373717177406,38.88108163428507,22.0,30.0,0.0,18.132023222154218,37.40697006710964,16.0,30.0,0.0,17.486186283643784,39.44359586464024,22.0,30.0,0.0,17.56960131113594,39.63344211513042,16.0,30.0,0.0,15.429212759122806,47.93467382334065,12.0,30.0,0.0,18.15161402198514,39.46857211449766,16.0,30.0,0.0,16.61394282539756,43.368883324029557,10.0,30.0,0.0,15.559297805216325,47.16058640581063,12.0,30.0,0.0,15.624195546431644,46.61397661045894,12.0,30.0,0.0,16.80316569233546,0.0,0.0,0.0,15.201281139315079,0.0,0.0,458.00454742515708,446.4179825895253,455.4366641334683,462.9357197903284,507.05861110974959,488.6849579883802,486.37194325053056,499.86456214155705,493.56085069458018,0.0,80.91944951976424,80.91944951976424,60.0,0.0,60.0,60.0,16.0,16.0,16.0,12.0,12.0,12.0,21.0,10.0,0.0,0.0,0.0,0.0,0.0,0.0,0.0,0.0,0.0,0.0,0.0,0.0,0.0,80.91944951976424,80.91944951976424,0.0,0.0,0.0,80.91944951976424,0.0,0.0,0.002366666666666667 
 02/27  11:30:00,8.495,67.0,7.085,91.0,742.0,0.0,0.0,0.0,0.0,0.0,0.0,0.0,0.0,0.0,0.0,464.0,0.0,1823.8316296354374,58.975024607865218,151.1233347423913,54.687092505177847,1455.584817689295,0.0,58.97502460786519,80.6233298159341,0.0,0.0,17.69764362308412,98.54979328361788,19.280873640521116,-653.7943343016796,17.737606014836176,-127.1411345231295,17.712792337487359,-60.80888991715369,15.362048129866395,15.397539830973841,18.84167255720115,-261.30144217335217,16.450587420547863,75.8924793743281,15.519002772735389,-10.635851062796121,15.82839751093189,-59.57552408105494,479.71930822263587,426.67874237937806,0.0,0.0,0.0,0.0,0.0,0.0,0.0,0.0,0.0,0.0,0.0,0.0,0.0,0.0,0.0,0.0,0.0,0.0,0.0,0.0,0.0,0.0,0.7657058050917514,0.23373193073618785,298.7703297458488,353.1967003853101,5519.607291964654,0.07627920771460806,0.011642125719567773,219.42614230699369,258.83254746863897,4263.4868213864879,0.8832472908592066,0.16690236032864834,253.0110625980554,299.405460782617,4629.103460414994,0.18165275657926345,0.03432591772094924,134.4068816014987,158.98201789404764,2426.5562251247577,0.0,0.0,8.773546709698275,10.453106313804579,123.59645403674638,0.0,0.0,81.72783639594045,96.44291209352102,1595.9376743109656,0.0,0.0,252.23256235803317,299.28410399331747,4147.87606319661,0.0,0.0,23.99124114348583,28.57939831180265,339.80072036636479,0.0,0.0,131.20459403478686,156.20235348055088,1898.9964691755814,41.5103180667049,28.470725697328477,371.0555576801179,439.9983207056828,6877.905079954666,0.0,0.0,152.46167152539756,181.74401671216629,2102.2652795005226,0.0,17.70040148207442,38.635623913934,22.0,30.0,0.0,18.286237233276279,37.05595056535219,16.0,30.0,0.0,17.612287473533006,38.89876095267344,22.0,30.0,0.0,17.515932833347955,39.37092568528529,16.0,30.0,0.0,15.484215841048432,47.27221773322933,12.0,30.0,0.0,18.285837176860765,38.75932814577736,16.0,30.0,0.0,16.690493915493769,42.72617005119773,10.0,30.0,0.0,15.522242776474208,46.734200559016077,12.0,30.0,0.0,15.680305852909969,45.97352854173013,12.0,30.0,0.0,16.820968490140275,0.0,0.0,0.0,15.316841750287712,0.0,0.0,450.86784309336408,447.6028584152999,451.72659661514356,456.0713524811857,498.22325969832868,481.08484058165876,478.5087735007086,490.4169242364313,485.3459596365574,0.0,80.91944951976424,80.91944951976424,60.0,0.0,60.0,60.0,16.0,16.0,16.0,12.0,12.0,12.0,21.0,10.0,0.0,0.0,0.0,0.0,0.0,0.0,0.0,0.0,0.0,0.0,0.0,0.0,0.0,80.91944951976424,80.91944951976424,0.0,0.0,0.0,80.91944951976424,0.0,0.0,0.0023733333333333338 
 02/27  11:40:00,8.593333333333334,66.33333333333333,6.956666666666667,93.0,722.3333333333334,0.0,0.0,0.0,0.0,0.0,0.0,0.0,0.0,0.0,0.0,232.0,0.0,1863.9293994403275,59.261615824836109,151.85768223018364,55.889399160621639,1487.5863609860163,0.0,59.26161582483607,81.0151217373759,0.0,0.0,17.721793034634577,8.027845845885168,19.397873129479387,-536.0558544170826,17.752887459171125,33.22869960362186,17.722112634035214,-82.44237138450171,15.40454578094168,15.027151562661118,19.00645142121331,-294.24616613266155,16.474289605932488,96.22704374618297,15.479954653546843,-6.609059468089413,15.853329589807565,-57.91657683492258,410.82313098620036,387.6049316052131,0.0,0.0,0.0,0.0,0.0,0.0,0.0,0.0,0.0,0.0,0.0,0.0,0.0,0.0,0.0,0.0,0.0,0.0,0.0,0.0,0.0,0.0,0.7201068851015877,0.21981284649010617,245.03865983279429,289.1895726233844,4496.121023620559,0.09359625015523086,0.014285141965084077,182.73596954997098,215.20329775770967,3561.7956977819328,0.9349973310863652,0.17668127949477809,250.74503527101877,295.95713132825878,4576.209675036828,0.18443235857744545,0.034851163752351737,58.77125901575385,69.40635702430449,1054.6188690023878,0.0,0.0,9.055969387319197,10.76492691189725,126.8877522383443,0.0,0.0,82.27845325610378,96.84383840688452,1616.5709327580785,0.0,0.0,253.37416710175348,299.9893816109549,4142.140878851269,0.0,0.0,24.605891808047244,29.25735922137931,341.9383658589915,0.0,0.0,128.5272551148384,152.69948588282845,1847.2493375061754,40.91573762583323,28.06292018232733,246.33532191553599,291.82941340335096,4644.022062865619,0.0,0.0,149.90920643369555,178.30195839241578,2064.834095435214,0.0,17.762989914881758,38.259946049217159,22.0,30.0,0.0,18.37862304164195,36.86146128061872,16.0,30.0,0.0,17.70478608228301,38.83115003562707,22.0,30.0,0.0,17.55258819926536,39.08743884038309,16.0,30.0,0.0,15.543064057245595,46.610847761050958,12.0,30.0,0.0,18.445654334171974,38.193862978412,16.0,30.0,0.0,16.739390897363284,42.429950074524857,10.0,30.0,0.0,15.484573027040652,46.37518387522191,12.0,30.0,0.0,15.727307893787854,45.51446323388615,12.0,30.0,0.0,16.675689844721874,0.0,0.0,0.0,15.408507796171838,0.0,0.0,447.0621886205333,448.22055367861949,454.7780862626104,452.91945822913336,489.6911591464864,477.54135438530695,475.5773035365472,482.3101617257006,479.8152073491714,0.0,80.91944951976424,80.91944951976424,60.0,0.0,60.0,60.0,16.0,16.0,16.0,12.0,12.0,12.0,21.0,10.0,0.0,0.0,0.0,0.0,0.0,0.0,0.0,0.0,0.0,0.0,0.0,0.0,0.0,80.91944951976424,80.91944951976424,0.0,0.0,0.0,80.91944951976424,0.0,0.0,0.00238 
 02/27  11:50:00,8.691666666666667,65.66666666666667,6.828333333333333,95.0,702.6666666666667,0.0,0.0,0.0,0.0,0.0,0.0,0.0,0.0,0.0,0.0,232.0,0.0,1897.03881642145,59.494122131411717,152.453433105978,56.882162700774539,1514.0105661338449,0.0,59.494122131411689,81.3329754858732,0.0,0.0,17.847469908867546,126.32921042669295,19.3892208781489,-809.548868598511,17.71793722782893,-53.7849431752411,17.75864087940758,-5.960939046942258,15.438533452363299,14.958548590519002,19.145341892384065,-301.08198613902825,16.477319499079579,86.08688716020697,15.449828699018138,-2.683271732986327,15.870294067580045,-53.6396196664773,430.8760676032507,387.41462844548098,0.0,0.0,0.0,0.0,0.0,0.0,0.0,0.0,0.0,0.0,0.0,0.0,0.0,0.0,0.0,0.0,0.0,0.0,0.0,0.0,0.0,0.0,0.7717616021273883,0.23558046462984995,264.9630120670886,312.39404936608698,4960.2227026452269,0.05437309720457318,0.008298702259550243,266.3248628384661,313.8724532246437,5046.102813687479,0.8344265325840763,0.15767697138776957,127.64948412341103,150.70565382055939,2301.332803907371,0.18077429338667354,0.03415991938523686,136.14634942965115,160.7305221343526,2437.701530471985,0.0,0.0,8.723248459554464,10.3688806831655,121.21911960392538,0.0,0.0,83.87499110462912,98.68815455177546,1651.7153212455506,0.0,0.0,254.97592982029767,301.9089461692995,4118.2346048449239,0.0,0.0,25.559719317081407,30.396160946538119,348.9571639028962,0.0,0.0,132.516512242392,157.4316267119407,1886.3699380909025,40.36365205833546,27.684260671011985,250.17730459356614,296.2650906801646,4704.923813457189,0.0,0.0,154.58235902551562,183.79106719746683,2138.0087911747016,0.0,18.056458727813653,37.679985413566217,22.0,30.0,0.0,18.200424361768115,36.9211762111531,16.0,30.0,0.0,17.665702301310508,38.508439758975708,22.0,30.0,0.0,17.649961825831605,39.01448907396949,16.0,30.0,0.0,15.584739476597603,46.20709197610356,12.0,30.0,0.0,18.570483706712517,37.746014764550597,16.0,30.0,0.0,16.73927272354348,42.255311152070657,10.0,30.0,0.0,15.460722723338547,46.28634152183852,12.0,30.0,0.0,15.757674298431756,45.33835175097002,12.0,30.0,0.0,16.79009231920078,0.0,0.0,0.0,15.538004291841468,0.0,0.0,449.47264618178357,442.17490056470975,447.5296493177399,455.7115527093465,484.79120912121399,474.46948373505009,472.4726749060798,479.6466896093789,478.3773056593101,0.0,80.91944951976424,80.91944951976424,60.0,0.0,60.0,60.0,16.0,16.0,16.0,12.0,12.0,12.0,21.0,10.0,0.0,0.0,0.0,0.0,0.0,0.0,0.0,0.0,0.0,0.0,0.0,0.0,0.0,80.91944951976424,80.91944951976424,0.0,0.0,0.0,80.91944951976424,0.0,0.0,0.0023899999999999999 
 02/27  12:00:00,8.79,65.0,6.7,97.0,683.0,0.0,0.0,0.0,0.0,0.0,0.0,0.0,0.0,0.0,0.0,464.0,0.0,1923.328253688348,59.677951808579638,152.92444622870426,57.670431769539927,1534.99181055024,0.0,59.67795180857961,81.5842845915635,0.0,0.0,17.74800139214031,32.80336484901818,19.51554380808661,-637.7198926248111,17.715287842129237,-29.91432459290877,17.77019586044812,-17.149609549764706,15.467578760906966,16.214101808921329,19.257095886432525,-319.02134114514549,16.515502017564388,109.70863488101986,15.430199292151217,6.688390514786477,15.893444293572103,-23.620516052834547,416.4540312617082,370.8115978319497,0.0,0.0,0.0,0.0,0.0,0.0,0.0,0.0,0.0,0.0,0.0,0.0,0.0,0.0,0.0,0.0,0.0,0.0,0.0,0.0,0.0,0.0,0.7164293265261222,0.21869027061236946,248.70322228346857,293.99832167454698,4514.408737593947,0.08264779402865383,0.012614132177755467,198.14755553712025,233.7338451028475,3768.793164491176,0.8706413411871732,0.16452028367104563,131.7944165777672,156.01166174098683,2364.598655497541,0.17692239449834155,0.033432047335287509,47.239534902064288,55.79463390571319,841.8764397979413,0.0,0.0,9.001810838188322,10.722323722994919,123.83086580865896,0.0,0.0,85.99639577764374,101.3694853138939,1689.282818194803,0.0,0.0,258.9718931198586,307.20900775923919,4167.307108333229,0.0,0.0,26.966015212154077,32.1370516883575,362.38057318720407,0.0,0.0,131.8044240659538,156.89022650166076,1860.719446356046,39.84988188868613,27.331880582089263,237.74927791892757,281.982646914442,4458.789399512971,0.0,0.0,154.6484880332016,184.19064230523697,2137.670609070645,0.0,17.863416056829764,37.90943846360119,22.0,30.0,0.0,18.35320289182728,36.64479946649435,16.0,30.0,0.0,17.703204210184656,38.44631325043372,22.0,30.0,0.0,17.67735666962453,38.9078791774712,16.0,30.0,0.0,15.616383242538415,45.904709732763297,12.0,30.0,0.0,18.649451218508813,37.40006321889541,16.0,30.0,0.0,16.811894278160204,41.90626941384028,10.0,30.0,0.0,15.454150107264298,46.12526229096028,12.0,30.0,0.0,15.800096594965475,44.9978475303697,12.0,30.0,0.0,16.80747813667487,0.0,0.0,0.0,15.636211088892008,0.0,0.0,446.0978709875275,444.42828396892659,448.6538012914188,455.24355849456779,481.1833956395225,471.31573113834579,469.8198149601341,476.6317648056714,474.6803383612215,0.0,80.91944951976424,80.91944951976424,60.0,0.0,60.0,60.0,16.0,16.0,16.0,12.0,12.0,12.0,21.0,10.0,0.0,0.0,0.0,0.0,0.0,0.0,0.0,0.0,0.0,0.0,0.0,0.0,0.0,80.91944951976424,80.91944951976424,0.0,0.0,0.0,80.91944951976424,0.0,0.0,0.0024000000000000004 
 02/27  12:10:00,8.834999999999999,64.16666666666667,6.631666666666668,99.0,663.3333333333334,0.0,0.0,0.0,0.0,0.0,0.0,0.0,0.0,0.0,0.0,232.0,0.0,1942.9650713115187,59.8185244857253,153.28460955125028,58.259224637475707,1550.663663180264,0.0,59.81852448572527,81.77645809870457,0.0,0.0,17.771138990355668,67.15331908725602,19.640364545838265,-624.541182041673,17.721072598792718,40.150660638249068,17.75986378830826,-53.330325504824489,15.504071731110806,16.24560771349104,19.381280628730495,-339.1370217158087,16.54996434199066,112.87977664102619,15.413549741241706,11.492260532054388,15.928275750385371,-20.09937640058797,375.3572178723589,350.85023772663137,0.0,0.0,0.0,0.0,0.0,0.0,0.0,0.0,0.0,0.0,0.0,0.0,0.0,0.0,0.0,0.0,0.0,0.0,0.0,0.0,0.0,0.0,0.7183813133306953,0.21928611518030995,221.71767433885078,261.5417861375644,4036.0500142211496,0.08468029128431545,0.012924342381611028,201.0495113580306,236.715750193622,3861.554488238001,0.8905714032577646,0.16828635738053006,208.63418000169384,246.24814961387905,3729.042397188912,0.17683958404026596,0.03341639910057934,37.24195784229521,43.968556800521309,659.4427258072099,0.0,0.0,9.09044007239264,10.803695486977194,125.09007970748876,0.0,0.0,87.08782746611372,102.4098174391718,1722.8207375492603,0.0,0.0,259.5244874027934,307.1809600143243,4184.467010814847,0.0,0.0,27.664313193602039,32.90371998895316,369.0836822540451,0.0,0.0,130.43336785945434,154.9177821415718,1845.3798383512406,39.53453776667102,27.115595176043234,200.6246750229748,237.6655382363939,3786.335832185251,0.0,0.0,153.6210637422944,182.55136718793146,2135.235108724019,0.0,17.93422407251673,37.63255365871597,22.0,30.0,0.0,18.48112882483273,36.37699842221287,16.0,30.0,0.0,17.754498335262288,38.30084739003684,22.0,30.0,0.0,17.664326654342039,38.65899201248233,16.0,30.0,0.0,15.662436590016338,45.46322367193957,12.0,30.0,0.0,18.765580969730956,36.95633926882241,16.0,30.0,0.0,16.872265688092953,41.56880368901671,10.0,30.0,0.0,15.448968547502327,45.87574875112459,12.0,30.0,0.0,15.860149947490337,44.61020791051813,12.0,30.0,0.0,16.71761986735402,0.0,0.0,0.0,15.71968094436174,0.0,0.0,445.04160289383796,445.35207227614418,448.51654021314428,451.28483699477018,476.05817027175478,468.09067057844677,466.83667274192757,472.33853234415497,471.14766724496777,0.0,80.91944951976424,80.91944951976424,60.0,0.0,60.0,60.0,16.0,16.0,16.0,12.0,12.0,12.0,21.0,10.0,0.0,0.0,0.0,0.0,0.0,0.0,0.0,0.0,0.0,0.0,0.0,0.0,0.0,80.91944951976424,80.91944951976424,0.0,0.0,0.0,80.91944951976424,0.0,0.0,0.00241 
 02/27  12:20:00,8.88,63.333333333333339,6.563333333333334,101.0,643.6666666666666,0.0,0.0,0.0,0.0,0.0,0.0,0.0,0.0,0.0,0.0,232.0,0.0,1956.1247947223095,59.92123735548342,153.54775354643687,58.65380441106674,1561.1662096733863,0.0,59.92123735548339,81.91687437881487,0.0,0.0,17.85347768826484,137.98176757844886,19.641418313558345,-835.9835240844113,17.716990377599136,19.581287650544256,17.772290499840577,-9.950981130575201,15.535168026194967,16.41438030025057,19.48982740218891,-344.18583450230747,16.569461154261288,111.0933924225028,15.399399537748677,15.652533970277318,15.952931349595545,-14.576961480902355,403.16726689438476,348.37258591575758,0.0,0.0,0.0,0.0,0.0,0.0,0.0,0.0,0.0,0.0,0.0,0.0,0.0,0.0,0.0,0.0,0.0,0.0,0.0,0.0,0.0,0.0,0.745621150243055,0.22760108371277627,254.7687722741377,300.3260760074639,4705.657228573681,0.053629536739302288,0.008185216230052242,255.93440412800499,301.4762829186257,4830.40475395939,0.8731053464899742,0.1649858931386951,145.35015708609073,171.54799044906037,2594.1855198804116,0.1806794425423134,0.03414199594525952,103.01831856876427,121.60795042393943,1817.4622996848646,0.0,0.0,8.933969893777999,10.616632521775,122.73866472501777,0.0,0.0,88.02059480658369,103.4735587873285,1749.4261246610448,0.0,0.0,260.37846118854579,308.16437841954726,4188.491126408978,0.0,0.0,28.38135231828882,33.757325550404939,375.87376441469277,0.0,0.0,132.10334630359288,156.88125294294867,1867.1205175079538,39.27850979011434,26.939992997334949,214.88185484254496,254.4512951037581,4038.5273860294635,0.0,0.0,155.78769388884306,185.06806858618564,2179.320445252992,0.0,18.121592840414864,37.26126197036238,22.0,30.0,0.0,18.35685925259531,36.41083901843752,16.0,30.0,0.0,17.77199376548298,38.07117747772844,22.0,30.0,0.0,17.704688244220227,38.49177754917718,16.0,30.0,0.0,15.697379633187449,45.16446909215317,12.0,30.0,0.0,18.86065437721708,36.62848074327782,16.0,30.0,0.0,16.89949106663724,41.3759771070359,10.0,30.0,0.0,15.445384976782166,45.72436594364025,12.0,30.0,0.0,15.899145273395823,44.35665753143421,12.0,30.0,0.0,16.827583351066378,0.0,0.0,0.0,15.811695620466026,0.0,0.0,446.3885492435417,442.6759624938965,446.07859659287029,449.8721659927594,472.8157941329338,465.98915522135618,464.94137694720919,469.8551559154979,468.935031673656,0.0,80.91944951976424,80.91944951976424,60.0,0.0,60.0,60.0,16.0,16.0,16.0,12.0,12.0,12.0,21.0,10.0,0.0,0.0,0.0,0.0,0.0,0.0,0.0,0.0,0.0,0.0,0.0,0.0,0.0,80.91944951976424,80.91944951976424,0.0,0.0,0.0,80.91944951976424,0.0,0.0,0.002413333333333333 
 02/27  12:30:00,8.925,62.5,6.495,103.0,624.0,0.0,0.0,0.0,0.0,0.0,0.0,0.0,0.0,0.0,0.0,464.0,0.0,1962.9974625072633,59.9914303196638,153.7275618939038,58.85986936777505,1566.6511184853289,0.0,59.99143031966377,82.01283348251177,0.0,0.0,17.787556337702996,74.51738504019795,19.73528272801358,-716.9345582695837,17.721970218236956,39.72579241205858,17.7791747398726,-6.683990168982518,15.562563248125646,17.52332247554037,19.579797413909654,-352.7217356869937,16.603405358897488,125.16726386606297,15.390396205180619,23.366771907255953,15.977936882171783,5.731011538705388,393.33525392846925,343.65703637004756,0.0,0.0,0.0,0.0,0.0,0.0,0.0,0.0,0.0,0.0,0.0,0.0,0.0,0.0,0.0,0.0,0.0,0.0,0.0,0.0,0.0,0.0,0.7303110065368484,0.2229276576730307,249.09826387416357,294.3247500376043,4516.274929608874,0.07510600600822595,0.011463065630071119,216.42742992473618,255.2357987266845,4107.660413832781,0.8797034909402892,0.16623270803860347,152.7478093695471,180.6877088136947,2722.7043537376705,0.18205557138934515,0.03440203540992916,101.4832097767831,120.00339218184142,1784.7849928256167,0.0,0.0,9.086920391224553,10.819831532070517,124.45983038539086,0.0,0.0,89.16493622067699,105.00617586286053,1774.8478884523589,0.0,0.0,263.21635357547327,312.09253377033709,4237.933689557635,0.0,0.0,29.330994398886639,34.95713698590198,385.88661357139008,0.0,0.0,132.51891245813654,157.66998454379729,1870.5900343694703,39.03078100138846,26.770082991350124,208.38002615591877,247.1993336596967,3910.5076269951734,0.0,0.0,156.8025326268478,186.59511029352673,2203.5284345715319,0.0,17.991777181443866,37.34481423947173,22.0,30.0,0.0,18.466993852395569,36.13560148328237,16.0,30.0,0.0,17.80956628702424,37.944348124538638,22.0,30.0,0.0,17.724110517172226,38.30263805215504,16.0,30.0,0.0,15.724619585956639,44.937110225227687,12.0,30.0,0.0,18.926186857087634,36.34903438911959,16.0,30.0,0.0,16.955847828706856,41.07438343122236,10.0,30.0,0.0,15.449113964744435,45.5648598077632,12.0,30.0,0.0,15.93821431278059,44.0785020822469,12.0,30.0,0.0,16.830335224745654,0.0,0.0,0.0,15.892598235020909,0.0,0.0,444.7391424862757,443.7573033490859,446.37223520729847,448.1497145301089,470.4461735538059,463.7318579568958,462.5896707123917,467.581134210562,466.30870458159895,0.0,80.91944951976424,80.91944951976424,60.0,0.0,60.0,60.0,16.0,16.0,16.0,12.0,12.0,12.0,21.0,10.0,0.0,0.0,0.0,0.0,0.0,0.0,0.0,0.0,0.0,0.0,0.0,0.0,0.0,80.91944951976424,80.91944951976424,0.0,0.0,0.0,80.91944951976424,0.0,0.0,0.002416666666666667 
 02/27  12:40:00,8.97,61.66666666666667,6.426666666666668,106.0,620.0,0.0,0.0,0.0,0.0,0.0,0.0,0.0,0.0,0.0,0.0,232.0,0.0,2006.9919729352824,60.90311006970911,156.06368911338405,60.179021475591579,1601.7626479363076,0.0,60.90311006970908,83.25916881959967,0.0,0.0,17.805644982001469,93.57043836961111,19.849302900160028,-699.1369287766247,17.72017352857072,51.34731793844185,17.787725576661467,-11.955961128837317,15.60082858614491,17.466427479848507,19.698193621982627,-370.3879682318443,16.637353854853516,127.25404770467867,15.385163254212645,26.905164307155589,16.012697244485147,6.239992404523946,359.1912779062159,330.01721569121767,0.0,0.0,0.0,0.0,0.0,0.0,0.0,0.0,0.0,0.0,0.0,0.0,0.0,0.0,0.0,0.0,0.0,0.0,0.0,0.0,0.0,0.0,0.7165457069957996,0.2187257957862636,218.5062583883779,257.6594331873061,3963.624359166175,0.08089327164689629,0.012346347931455478,207.43361575741313,244.16170271377306,3965.6498894377334,0.8950793394704091,0.16913819717883778,171.47661206558767,202.34225355220932,3046.4926587231418,0.18304582441150936,0.03458915805206147,89.37017428763208,105.48520468995995,1567.7958940822369,0.0,0.0,9.163698442123837,10.887260338212354,125.52792859299267,0.0,0.0,89.90842967493859,105.63451611003403,1799.8854622323343,0.0,0.0,263.3281536347069,311.54274397270748,4245.365156999615,0.0,0.0,29.762458342284768,35.39966630272034,389.3995559362335,0.0,0.0,131.22259531785188,155.78915469369529,1854.8552467601942,38.733586838445457,26.566246116903615,177.55669349203763,210.3128133364211,3367.3098424096258,0.0,0.0,155.66471809882843,184.83584741378525,2192.7594233701468,0.0,18.04080796586675,37.11101729542074,22.0,30.0,0.0,18.575326747584929,35.75189927972079,16.0,30.0,0.0,17.830406502714607,37.76567458020973,22.0,30.0,0.0,17.743954750746835,38.103713311240117,16.0,30.0,0.0,15.76947599167088,44.57578119857399,12.0,30.0,0.0,19.02936081074444,35.96282039899398,16.0,30.0,0.0,17.010844565043678,40.782639683318439,10.0,30.0,0.0,15.456304083099444,45.33046630410754,12.0,30.0,0.0,15.992439675307505,43.747395460236848,12.0,30.0,0.0,16.75549383422139,0.0,0.0,0.0,15.953971368061279,0.0,0.0,444.31373762293029,442.5416205950535,445.77864777519707,447.1428685242124,466.89519003961126,461.31167270347108,460.51065345062946,464.3937746485215,463.61297343986777,0.0,80.91944951976424,80.91944951976424,60.0,0.0,60.0,60.0,16.0,16.0,16.0,12.0,12.0,12.0,21.0,10.0,0.0,0.0,0.0,0.0,0.0,0.0,0.0,0.0,0.0,0.0,0.0,0.0,0.0,80.91944951976424,80.91944951976424,0.0,0.0,0.0,80.91944951976424,0.0,0.0,0.00242 
 02/27  12:50:00,9.015,60.83333333333333,6.358333333333333,109.0,616.0,0.0,0.0,0.0,0.0,0.0,0.0,0.0,0.0,0.0,0.0,232.0,0.0,2046.8985548818506,61.78459710549821,158.32244427630796,61.37559847925415,1633.611639158017,0.0,61.78459710549817,84.46422842724613,0.0,0.0,17.873347379586684,149.68348613584204,19.872738143674924,-870.8182525613429,17.705262805104348,38.293698715860958,17.794113285159168,-5.141259608768905,15.636856765872622,17.41472182489059,19.81098797310859,-377.38581485880106,16.65868941084135,126.0034991205739,15.379646741437755,30.04169626536452,16.037895958420227,9.23688148592646,397.1994447545467,329.3229854619094,0.0,0.0,0.0,0.0,0.0,0.0,0.0,0.0,0.0,0.0,0.0,0.0,0.0,0.0,0.0,0.0,0.0,0.0,0.0,0.0,0.0,0.0,0.7396435006534509,0.22577640435087024,250.59614903716136,295.3488086342665,4593.530477364263,0.055025723918596527,0.008398309511385307,252.22165164669506,296.9705077857822,4756.572750954048,0.8862433810125497,0.16746851493056504,155.6895989598745,183.72038724118543,2750.546275606797,0.1832415351374869,0.034626140426584819,102.48299131655202,120.9552297493215,1791.3360308283982,0.0,0.0,9.024965653087362,10.721092792799683,123.49750516509713,0.0,0.0,90.77993516985275,106.62522396452308,1825.193575518514,0.0,0.0,263.8963946594105,312.186289271206,4244.858131799341,0.0,0.0,30.264657916115604,35.99673278808828,393.45623142797708,0.0,0.0,132.47279573312367,157.25515969049574,1869.586530060289,38.47501624537607,26.38890003112214,211.9199576524773,250.8883422714253,3947.039797746227,0.0,0.0,157.27637560220235,186.7036529622967,2223.198037055121,0.0,18.189101084908878,36.681358352007979,22.0,30.0,0.0,18.48920729408749,35.81311153150219,16.0,30.0,0.0,17.821619248022658,37.66399393098816,22.0,30.0,0.0,17.760188046955777,37.995255433673587,16.0,30.0,0.0,15.808374728284559,44.31052299295994,12.0,30.0,0.0,19.12137629664221,35.65979555355529,16.0,30.0,0.0,17.038463533154514,40.60106780869695,10.0,30.0,0.0,15.460219568333593,45.17804962813662,12.0,30.0,0.0,16.027382471240477,43.523217612507078,12.0,30.0,0.0,16.90196278737357,0.0,0.0,0.0,16.025369967966684,0.0,0.0,443.39786306600169,442.0964087369322,445.0049762714471,446.8008665016101,464.63525901229448,459.71603883318178,459.0919435565547,462.57931445952149,461.987218690864,0.0,80.91944951976424,80.91944951976424,60.0,0.0,60.0,60.0,16.0,16.0,16.0,12.0,12.0,12.0,21.0,10.0,0.0,0.0,0.0,0.0,0.0,0.0,0.0,0.0,0.0,0.0,0.0,0.0,0.0,80.91944951976424,80.91944951976424,0.0,0.0,0.0,80.91944951976424,0.0,0.0,0.00241 
 02/27  13:00:00,9.06,60.0,6.29,112.0,612.0,0.0,0.0,0.0,0.0,0.0,0.0,0.0,0.0,0.0,0.0,232.0,0.0,2082.666730473673,62.63752587573857,160.50801568958318,62.44808684446197,1662.157806517317,0.0,62.63752587573854,85.6302467207496,0.0,0.0,17.76657197882861,54.9415448632426,20.029117925441086,-692.6337957082133,17.72409878066887,84.23586646014064,17.794442146637019,-10.61368224829721,15.674784555361978,17.927733168125714,19.919217981582326,-394.9099352228277,16.70157216921549,138.432945159082,15.377140943614382,34.709022726885908,16.064507688899775,16.83953978794125,373.5055877380755,320.2148082115009,0.0,0.0,0.0,0.0,0.0,0.0,0.0,0.0,0.0,0.0,0.0,0.0,0.0,0.0,0.0,0.0,0.0,0.0,0.0,0.0,0.0,0.0,0.6927896807373899,0.2114742615193498,241.16867502756504,284.453399765791,4297.060875580697,0.08302306271996009,0.012671407619041528,193.2473082298492,227.36698876628118,3706.7398413563325,0.9254447815393075,0.1748761869877755,193.98516286000089,228.864140443719,3428.8657891152495,0.18976465210444219,0.035858777797513629,92.63150175963664,109.32762215905199,1611.5735764308889,0.0,0.0,9.276725102187115,11.018675134368058,126.85303718448579,0.0,0.0,91.74603548211995,107.72959693509438,1850.9462078772365,0.0,0.0,266.94426439505858,315.7172688793745,4306.209817785646,0.0,0.0,30.967212749593835,36.83147654436046,400.24247733931068,0.0,0.0,132.10490151556608,156.79835981369139,1862.1317486075073,38.217270446560849,26.212119647846956,200.63632610149242,237.56364078899689,3725.6027829170245,0.0,0.0,157.25685840796423,186.6429868268029,2226.8297633365739,0.0,17.971631802946477,37.04118823053364,22.0,30.0,0.0,18.701523545211616,35.265049689892759,16.0,30.0,0.0,17.881217302322058,37.42864231006205,22.0,30.0,0.0,17.762302293374089,37.883346255295808,16.0,30.0,0.0,15.849693786394159,44.05028302628048,12.0,30.0,0.0,19.20422167471211,35.38633388717072,16.0,30.0,0.0,17.10868713750334,40.298268943765858,10.0,30.0,0.0,15.46782345466127,45.0369944203131,12.0,30.0,0.0,16.064908465946297,43.30947399809889,12.0,30.0,0.0,16.86341293397614,0.0,0.0,0.0,16.0843466494101,0.0,0.0,442.9887708599702,442.1413873291958,443.98235343898519,446.203468522136,462.6408980971599,458.4552716868329,457.44839559575777,461.0182783703508,460.50972881979257,0.0,80.91944951976424,80.91944951976424,60.0,0.0,60.0,60.0,16.0,16.0,16.0,12.0,12.0,12.0,21.0,10.0,0.0,0.0,0.0,0.0,0.0,0.0,0.0,0.0,0.0,0.0,0.0,0.0,0.0,80.91944951976424,80.91944951976424,0.0,0.0,0.0,80.91944951976424,0.0,0.0,0.0024000000000000004 
 02/27  13:10:00,9.056666666666667,59.33333333333333,6.255000000000001,115.0,608.0,0.0,0.0,0.0,0.0,0.0,0.0,0.0,0.0,0.0,0.0,464.0,0.0,2114.2425312112466,63.46328563946277,162.62396338410484,63.39486837360396,1687.3580785649318,0.0,63.46328563946273,86.75912292253392,0.0,0.0,17.857381591114746,168.15863191683367,20.0664986035575,-858.9113880536334,17.702304051705327,51.98622077585969,17.800162307082368,-0.8676713095107971,15.709007336814154,18.144843790224628,20.02018160358989,-398.4747973976182,16.720138897817756,140.21061560020008,15.37663075543883,40.67928087510643,16.090203618822895,31.51693851613345,398.9394151850597,321.0573644927026,0.0,0.0,0.0,0.0,0.0,0.0,0.0,0.0,0.0,0.0,0.0,0.0,0.0,0.0,0.0,0.0,0.0,0.0,0.0,0.0,0.0,0.0,0.7391512532083633,0.2256261456679986,264.3732779281279,312.25896196016188,4815.515979242742,0.050415736769524478,0.007694709519158193,254.19811441201217,299.81412516846327,4841.23831724654,0.9067113450535247,0.1713362330033116,160.5529711616127,189.72743113825556,2832.88481305798,0.18764187685799883,0.03545764868820839,103.13981997907088,121.9896861689027,1796.8557892504733,0.0,0.0,9.050730853254383,10.770213819757935,124.36705666157022,0.0,0.0,93.2292369270648,109.66330332620746,1893.8875556130734,0.0,0.0,266.8071143296367,316.1624865446485,4314.77413143652,0.0,0.0,31.327210790203517,37.332803767173178,405.55050352452488,0.0,0.0,133.25980890781603,158.47141559796573,1887.6802983138837,38.12359042361567,26.14786723156082,226.98411999854455,269.2407663831933,4187.058052872021,0.0,0.0,158.74506037734376,188.74106946409567,2271.6283539315479,0.0,18.174571666463956,36.427450330601697,22.0,30.0,0.0,18.63989833148364,35.22760305939483,16.0,30.0,0.0,17.852107956018153,37.32639855582209,22.0,30.0,0.0,17.776128382318406,37.70254041050153,16.0,30.0,0.0,15.882199456780919,43.84519908269913,12.0,30.0,0.0,19.276820190797105,35.09423097245535,16.0,30.0,0.0,17.12839385990219,40.105246762580097,10.0,30.0,0.0,15.476983603159006,44.87853004728807,12.0,30.0,0.0,16.09932353591907,43.06067843355275,12.0,30.0,0.0,16.956719696176397,0.0,0.0,0.0,16.159530267829376,0.0,0.0,442.5597865819227,441.52520443295068,443.4902746347457,444.9455885772186,461.147559990157,456.61782654440727,455.93493561285887,459.4189527956182,458.606572760178,0.0,80.91944951976424,80.91944951976424,60.0,0.0,60.0,60.0,16.0,16.0,16.0,12.0,12.0,12.0,21.0,10.0,0.0,0.0,0.0,0.0,0.0,0.0,0.0,0.0,0.0,0.0,0.0,0.0,0.0,80.91944951976424,80.91944951976424,0.0,0.0,0.0,80.91944951976424,0.0,0.0,0.0023899999999999999 
 02/27  13:20:00,9.053333333333335,58.66666666666667,6.220000000000001,118.0,604.0,0.0,0.0,0.0,0.0,0.0,0.0,0.0,0.0,0.0,0.0,232.0,0.0,2141.5595597590356,64.26297070281747,164.6730915989505,64.21395219818807,1709.1594645487194,0.0,64.26297070281744,87.85235303206615,0.0,0.0,17.912274793767446,165.76345862132258,20.123416749721899,-900.3627790848477,17.699983488134206,65.83983780101517,17.805249227848756,-0.5287274062711731,15.753544335247373,18.10657468554365,20.138174600577086,-411.31105269922,16.754163278289505,138.26066056578748,15.380050932359172,42.60417776273118,16.123548304368918,28.625622403675153,394.9105385579169,316.21277020676646,0.0,0.0,0.0,0.0,0.0,0.0,0.0,0.0,0.0,0.0,0.0,0.0,0.0,0.0,0.0,0.0,0.0,0.0,0.0,0.0,0.0,0.0,0.7422938678466211,0.22658542974561086,253.8007102878838,299.0549037870396,4676.58634337367,0.05179288948983863,0.007904897663284285,256.49814952625976,301.86364256308846,4895.379833705926,0.9285093795804373,0.17545528714671913,174.92723204787365,206.40581136343878,3090.2571863670589,0.1922320875166006,0.036325035433975919,106.05132438284244,125.16439746574375,1850.8037731125233,0.0,0.0,9.093895292146748,10.79894000728419,125.9780516064014,0.0,0.0,93.54922705629993,109.78596811871658,1920.9049823744584,0.0,0.0,268.36055100741779,317.3350663025551,4368.081973877556,0.0,0.0,31.80295605328571,37.82445531419132,412.9356668738839,0.0,0.0,134.09019031549779,159.1187590932235,1913.263722480597,38.028170657936687,26.08242157608827,216.5454800393945,256.3366934857607,4020.1502578146148,0.0,0.0,159.92451950178964,189.7247109563519,2312.4848834503388,0.0,18.27881694174502,36.03748613342386,22.0,30.0,0.0,18.647181588497234,35.03461265750265,16.0,30.0,0.0,17.864483990205636,37.11602357705457,22.0,30.0,0.0,17.785673738657349,37.49471587142587,16.0,30.0,0.0,15.934135851551496,43.50192515082227,12.0,30.0,0.0,19.38495988066758,34.70020573052453,16.0,30.0,0.0,17.176778168615596,39.8356347760625,10.0,30.0,0.0,15.491345098113684,44.64630799299381,12.0,30.0,0.0,16.146381305273839,42.768538310106027,12.0,30.0,0.0,16.956285532867658,0.0,0.0,0.0,16.230667249869243,0.0,0.0,441.9711524768966,440.49480765782888,442.92654498518007,444.1083399991178,458.74277783508986,454.6422411721073,454.43631926936936,457.2825536628476,456.781834780824,0.0,80.91944951976424,80.91944951976424,60.0,0.0,60.0,60.0,16.0,16.0,16.0,12.0,12.0,12.0,21.0,10.0,0.0,0.0,0.0,0.0,0.0,0.0,0.0,0.0,0.0,0.0,0.0,0.0,0.0,80.91944951976424,80.91944951976424,0.0,0.0,0.0,80.91944951976424,0.0,0.0,0.0023966666666666669 
 02/27  13:30:00,9.05,58.0,6.1850000000000009,121.0,600.0,0.0,0.0,0.0,0.0,0.0,0.0,0.0,0.0,0.0,0.0,232.0,0.0,2164.528460642131,65.03732284535457,166.65730125159838,64.90265906316606,1727.49065109285,0.0,65.03732284535454,88.91095111823154,0.0,0.0,17.834832042629587,89.58649625144426,20.248826829350734,-786.7935885688448,17.72274217615729,109.86339970541303,17.806709811395338,-3.6741684662079026,15.794358855176914,18.48484352547331,20.239704667665789,-428.633225775181,16.797797415535283,150.25333915550619,15.383930102031464,47.22784037944916,16.152215087281843,36.139752742051317,383.7792395125107,304.3422057809212,0.0,0.0,0.0,0.0,0.0,0.0,0.0,0.0,0.0,0.0,0.0,0.0,0.0,0.0,0.0,0.0,0.0,0.0,0.0,0.0,0.0,0.0,0.706667574730751,0.21571049289705467,254.03993092285146,299.51759118516199,4599.804767851909,0.07411124321361278,0.011311239806717458,214.04418646562832,251.77203915715686,4151.41427700098,0.9741514428692873,0.18408001565935143,207.84209536824469,245.19666807075434,3695.6179597138127,0.20110967952383819,0.038002584944035928,103.75795545340606,122.45982446817144,1812.0406280750827,0.0,0.0,9.32269481211762,11.069242466781468,130.00256972036508,0.0,0.0,94.60022100125048,110.99130261992278,1957.3161560049428,0.0,0.0,270.8399200042636,320.19874327982589,4446.332960542677,0.0,0.0,32.37784119298359,38.507347529286679,421.48156231217566,0.0,0.0,133.42924625721333,158.31727187685503,1914.7385221515288,37.960563851214477,26.036052024152597,215.2358003428545,254.8120237796685,3989.968089980562,0.0,0.0,159.56161475847328,189.2576120469115,2327.187238215008,0.0,18.111561404778877,36.26890243429583,22.0,30.0,0.0,18.80344206712509,34.58163823501393,16.0,30.0,0.0,17.92589600421666,36.87417696084805,22.0,30.0,0.0,17.787425905747964,37.36958393767664,16.0,30.0,0.0,15.977577668805348,43.2407784182163,12.0,30.0,0.0,19.463515848069578,34.45572086026042,16.0,30.0,0.0,17.24544535748385,39.53611445066034,10.0,30.0,0.0,15.504971454321958,44.45587303518369,12.0,30.0,0.0,16.18479072455211,42.52475140446651,12.0,30.0,0.0,16.9357928891513,0.0,0.0,0.0,16.29124845530672,0.0,0.0,441.1350794454854,440.36374416897226,442.40009310629775,443.7885903613801,457.1634112839717,453.8352481048532,453.13953926876118,455.7128789775812,455.3116225089035,0.0,80.91944951976424,80.91944951976424,60.0,0.0,60.0,60.0,16.0,16.0,16.0,12.0,12.0,12.0,21.0,10.0,0.0,0.0,0.0,0.0,0.0,0.0,0.0,0.0,0.0,0.0,0.0,0.0,0.0,80.91944951976424,80.91944951976424,0.0,0.0,0.0,80.91944951976424,0.0,0.0,0.0024033333333333334 
 02/27  13:40:00,9.046666666666667,57.33333333333333,6.15,117.33333333333334,590.8333333333333,0.0,0.0,0.0,0.0,0.0,0.0,0.0,0.0,0.0,0.0,232.0,0.0,2151.8931425929479,63.23278769504617,162.03318848953868,64.52378209949443,1717.406395772035,0.0,63.232787695046138,86.44401475737148,0.0,0.0,17.96370769244909,199.37358703192514,20.229130746215284,-985.7996198243236,17.68495492524461,47.772470917560898,17.816641534238799,12.692327878512515,15.832398315508002,18.138535579540986,20.330990128214056,-431.16004454231827,16.809488652269395,140.7977008151047,15.387740474410303,50.401701943496849,16.180073037231023,41.68557794693152,420.1765444370885,305.09278478592298,0.0,0.0,0.0,0.0,0.0,0.0,0.0,0.0,0.0,0.0,0.0,0.0,0.0,0.0,0.0,0.0,0.0,0.0,0.0,0.0,0.0,0.0,0.7780781914249276,0.2375086054410646,281.39578567780895,331.47476933124076,5241.839047849751,0.034736573722756337,0.0053016748661105519,286.16999006027137,336.77802466541058,5476.15487369289,0.9233848001604345,0.1744869236886687,154.43157151320316,182.2330290783762,2730.8673122409088,0.19514268531290236,0.036875035017555238,125.98790433065227,148.68811812815103,2205.995237384817,0.0,0.0,8.970075626810078,10.649348152591207,125.83812105116916,0.0,0.0,95.51484216240768,112.03593071376149,1991.848863126955,0.0,0.0,269.8414113658586,319.0211730423458,4433.03080239619,0.0,0.0,32.434094328632109,38.57318952457362,423.2650741161045,0.0,0.0,135.42918540249625,160.67202471116699,1954.3524713149107,37.84390889220327,25.95604176419978,246.4554981938633,291.64651070585128,4554.753688514536,0.0,0.0,161.75726197635155,191.81405411792427,2385.205487562136,0.0,18.377980012254747,35.55615644711978,22.0,30.0,0.0,18.667509498647985,34.72852528646438,16.0,30.0,0.0,17.86058529964382,36.87941590969665,22.0,30.0,0.0,17.81101432934675,37.19026641900634,16.0,30.0,0.0,16.017053446122966,43.000808396718607,12.0,30.0,0.0,19.545613144351884,34.15822092021975,16.0,30.0,0.0,17.247952524147097,39.43250548963125,10.0,30.0,0.0,15.518088111450691,44.30874745890422,12.0,30.0,0.0,16.222620379976325,42.32077887537951,12.0,30.0,0.0,17.067429417422799,0.0,0.0,0.0,16.370129755017357,0.0,0.0,440.8304929255092,439.9751767626285,441.6271505980099,442.9952786185669,455.77756456428957,452.4696249852461,452.2434886169942,454.7211827780859,454.3831148097284,0.0,80.91944951976424,80.91944951976424,60.0,0.0,60.0,60.0,16.0,16.0,16.0,12.0,12.0,12.0,21.0,10.0,0.0,0.0,0.0,0.0,0.0,0.0,0.0,0.0,0.0,0.0,0.0,0.0,0.0,80.91944951976424,80.91944951976424,0.0,0.0,0.0,80.91944951976424,0.0,0.0,0.00241 
 02/27  13:50:00,9.043333333333333,56.66666666666667,6.115,113.66666666666666,581.6666666666667,0.0,0.0,0.0,0.0,0.0,0.0,0.0,0.0,0.0,0.0,464.0,0.0,2134.956518160122,61.39896122427553,157.33401503136776,64.01593224027046,1703.88931021814,0.0,61.398961224275499,83.93703494072527,0.0,0.0,17.90208701845887,121.25683760814536,20.31512081368094,-845.2010552555216,17.700827025927027,104.89787008174153,17.81426719418671,2.6573461603161379,15.865905911874773,19.087544554071316,20.401914614210424,-440.32946534611508,16.853088029998994,159.33755034893057,15.393078849015148,57.15624802484501,16.20712356353604,56.970167396606488,407.77988756819607,297.60339065996006,0.0,0.0,0.0,0.0,0.0,0.0,0.0,0.0,0.0,0.0,0.0,0.0,0.0,0.0,0.0,0.0,0.0,0.0,0.0,0.0,0.0,0.0,0.7435603433056908,0.2269720217660839,278.63870190983917,329.0146325412433,5112.006977105582,0.05869939636569969,0.008959004329319245,242.01730960658626,285.14413907983268,4686.692758345278,0.97738550460664,0.18469113843662894,192.7848863728119,227.9654874323353,3426.185941037689,0.20223170253286344,0.03821460743251387,106.02916749087282,125.34481628488952,1856.7373620744248,0.0,0.0,9.200632937281253,10.944253099712164,129.63731349506146,0.0,0.0,96.43779691627586,113.32261395434935,2020.4926465205659,0.0,0.0,272.0664651693683,322.2180882321737,4505.565018794974,0.0,0.0,33.09551278633072,39.43625419931201,432.98260027381999,0.0,0.0,134.57207271311035,159.9496564520676,1951.8282260268155,37.77841873327354,25.91112395972123,242.15243013371549,287.1056957681803,4474.780027684678,0.0,0.0,161.26641730018555,191.56720726201125,2397.7123589503469,0.0,18.2307730039725,35.672455958906919,22.0,30.0,0.0,18.792034948739177,34.27918068831539,16.0,30.0,0.0,17.91062806003543,36.56703584054879,22.0,30.0,0.0,17.807000276298966,37.036870498009637,16.0,30.0,0.0,16.047428421471396,42.803634108776339,12.0,30.0,0.0,19.596403111287097,33.93080361179943,16.0,30.0,0.0,17.315199845795484,39.08674298118412,10.0,30.0,0.0,15.533392858319829,44.12562287735008,12.0,30.0,0.0,16.25868747065703,42.06316483999488,12.0,30.0,0.0,17.04682812134357,0.0,0.0,0.0,16.43150989524522,0.0,0.0,440.2648741205038,439.4094382004024,441.0484360273647,442.2906813760692,454.6697883434835,451.2957516350182,450.7925130899746,453.46777366965798,452.89777474262908,0.0,80.91944951976424,80.91944951976424,60.0,0.0,60.0,60.0,16.0,16.0,16.0,12.0,12.0,12.0,21.0,10.0,0.0,0.0,0.0,0.0,0.0,0.0,0.0,0.0,0.0,0.0,0.0,0.0,0.0,80.91944951976424,80.91944951976424,0.0,0.0,0.0,80.91944951976424,0.0,0.0,0.0024266666666666665 
 02/27  14:00:00,9.04,56.0,6.08,110.0,572.5,0.0,0.0,0.0,0.0,0.0,0.0,0.0,0.0,0.0,0.0,232.0,0.0,2113.8930732718479,59.536137587866679,152.56053491999504,63.38434139630249,1687.078650173732,0.0,59.53613758786665,81.39041380023864,0.0,0.0,17.90628655994422,117.42504746140003,20.398509235088569,-820.0063730135589,17.714492146573016,126.5408417228,17.81158583450995,0.509028278326241,15.906937801149212,19.126894073481368,20.479835347199278,-451.9747723121395,16.892316701650743,158.6493623822098,15.402738468825799,59.909307603422579,16.24253847388691,56.63267833796817,385.20666806286865,288.4250734636844,0.0,0.0,0.0,0.0,0.0,0.0,0.0,0.0,0.0,0.0,0.0,0.0,0.0,0.0,0.0,0.0,0.0,0.0,0.0,0.0,0.0,0.0,0.7250866668908416,0.2213329264013558,259.6856586841498,306.0810844279012,4767.4033871806209,0.06923311347021315,0.010566714510105793,228.48783219373207,268.7049466610161,4476.341682847932,1.0087137133168923,0.1906110569381883,214.8697915090769,253.4926856213218,3835.005943429164,0.20782356952152626,0.03927127164050004,103.71255975927419,122.41107409301819,1817.0561072529357,0.0,0.0,9.307070434693943,11.047143784673212,132.06613214297608,0.0,0.0,96.76098295560317,113.45548727237807,2042.344281400674,0.0,0.0,272.7283725480411,322.31783162895018,4549.632728954464,0.0,0.0,33.43811849118433,39.7645255131229,439.27491643605,0.0,0.0,133.89960005456514,158.8196370498619,1956.7707050170489,37.67571420687885,25.840681897722129,222.6153000764393,263.52980445925808,4134.035679635545,0.0,0.0,160.75875874651298,190.56571787185204,2408.669653775703,0.0,18.231481835817637,35.46407210908314,22.0,30.0,0.0,18.895812917622636,33.882516834417739,16.0,30.0,0.0,17.95030118780596,36.29228378549825,22.0,30.0,0.0,17.805613791209458,36.80952378648698,16.0,30.0,0.0,16.092669214532746,42.48224809827674,12.0,30.0,0.0,19.671438919218614,33.6259275775417,16.0,30.0,0.0,17.3719154418803,38.78237165995644,10.0,30.0,0.0,15.555615368808042,43.84126131241162,12.0,30.0,0.0,16.309463625936048,41.73593327556501,12.0,30.0,0.0,16.98942650592408,0.0,0.0,0.0,16.48506433993738,0.0,0.0,439.56584599543137,438.8185341528835,440.45095461360816,441.60246988457416,452.91974902284087,450.0258255963011,449.51935587208529,451.6545450230656,451.3172619278219,0.0,80.91944951976424,80.91944951976424,60.0,0.0,60.0,60.0,16.0,16.0,16.0,12.0,12.0,12.0,21.0,10.0,0.0,0.0,0.0,0.0,0.0,0.0,0.0,0.0,0.0,0.0,0.0,0.0,0.0,80.91944951976424,80.91944951976424,0.0,0.0,0.0,80.91944951976424,0.0,0.0,0.002443333333333334 
 02/27  14:10:00,9.053333333333333,55.833333333333339,6.035,106.33333333333334,563.3333333333333,0.0,0.0,0.0,0.0,0.0,0.0,0.0,0.0,0.0,0.0,232.0,0.0,2088.8727817296219,57.64461665992562,147.71351685689857,62.63410618512789,1667.1100703082576,0.0,57.64461665992559,78.80456128654939,0.0,0.0,18.020398834734374,203.5967230250426,20.366449766570946,-1000.2186660484204,17.691934895413988,83.00144165385155,17.81902817388908,17.917583346234097,15.942645492934436,18.849903730833149,20.54722908803467,-450.9784171221095,16.909408214133408,151.78847775284704,15.40873172152082,61.75889348247597,16.26931912336308,58.24232665349973,412.43621485133738,291.4668673889546,0.0,0.0,0.0,0.0,0.0,0.0,0.0,0.0,0.0,0.0,0.0,0.0,0.0,0.0,0.0,0.0,0.0,0.0,0.0,0.0,0.0,0.0,0.7738348157619701,0.23621331372465513,278.16526002468955,327.6196734602206,5221.912041493874,0.03513317108999267,0.005362205599815732,283.4969487329818,333.5682832208788,5473.664260205584,0.9719116403156837,0.18365677254642555,180.34310521043705,212.7994732744492,3202.9125481370108,0.20570304735905166,0.038870568284023358,130.785331179523,154.36192489928286,2291.955569612829,0.0,0.0,9.03721625154644,10.726075653948744,128.60856364015948,0.0,0.0,97.18127815411066,113.92958490992823,2060.3044611744028,0.0,0.0,271.9516063841779,321.40180544462626,4535.420722294364,0.0,0.0,33.5507161297106,39.89834224321956,440.74912116934936,0.0,0.0,135.40982926931668,160.59921729225958,1984.1679510461648,37.512639422974867,25.72883362343956,244.0523148890865,288.8152237092967,4521.193159405467,0.0,0.0,162.42728761494653,192.51263318505117,2448.4846405396876,0.0,18.459614588157785,34.86496693791182,22.0,30.0,0.0,18.763670339731165,33.97823908766699,16.0,30.0,0.0,17.91228093516199,36.21714870497604,22.0,30.0,0.0,17.825387030180666,36.632975047557909,16.0,30.0,0.0,16.127224203600833,42.24622379846769,12.0,30.0,0.0,19.734075153022425,33.376923549060837,16.0,30.0,0.0,17.383107713136249,38.64233490816579,10.0,30.0,0.0,15.569058630260596,43.67833932087608,12.0,30.0,0.0,16.343139163191848,41.53307239190082,12.0,30.0,0.0,17.092998168768888,0.0,0.0,0.0,16.545362563980345,0.0,0.0,439.2049955761689,438.27518835681095,439.9192261632426,440.9475575429536,451.7364056342566,448.9518979403643,448.7551944410371,450.788313685257,450.51823530785409,0.0,80.91944951976424,80.91944951976424,60.0,0.0,60.0,60.0,16.0,16.0,16.0,12.0,12.0,12.0,21.0,10.0,0.0,0.0,0.0,0.0,0.0,0.0,0.0,0.0,0.0,0.0,0.0,0.0,0.0,80.91944951976424,80.91944951976424,0.0,0.0,0.0,80.91944951976424,0.0,0.0,0.0024600000000000005 
 02/27  14:20:00,9.066666666666667,55.66666666666667,5.99,102.66666666666666,554.1666666666666,0.0,0.0,0.0,0.0,0.0,0.0,0.0,0.0,0.0,0.0,464.0,0.0,2060.0621976567069,55.724714055259187,142.79376988063215,61.77022068738625,1644.1164960877393,0.0,55.724714055259159,76.1799088690267,0.0,0.0,17.954224784105283,126.10498314793313,20.430287789158457,-873.0425617660662,17.708109127065609,120.73538342206484,17.819018003195013,14.70408814409393,15.974662838693924,19.588646768125046,20.59932298919569,-455.3793752737379,16.946634007026746,163.44984058881165,15.41531742678714,67.0392332431868,16.294390926355225,69.45765880436784,406.884740335654,289.23900168329467,0.0,0.0,0.0,0.0,0.0,0.0,0.0,0.0,0.0,0.0,0.0,0.0,0.0,0.0,0.0,0.0,0.0,0.0,0.0,0.0,0.0,0.0,0.7447566994609046,0.227337209847651,283.2070888702064,334.3784907649001,5220.617019331461,0.056201704816860948,0.008577793775467177,245.745897080367,289.50242052169758,4783.643593051689,0.9969696907826469,0.18839185388938912,199.73373633543558,236.17208427351143,3558.612211501127,0.20944448962708879,0.0395775679567439,123.55038287985716,146.07687482739767,2162.076967343023,0.0,0.0,9.182364671571568,10.919659140780285,130.87834487564238,0.0,0.0,97.64558520574956,114.68524891718045,2074.347735029033,0.0,0.0,273.5355426933063,323.86124820072606,4580.90963796067,0.0,0.0,34.03881735301516,40.55786759102159,447.0626308364964,0.0,0.0,135.12666678600494,160.56327256124556,1984.0369945064627,37.37744297527556,25.636106293055947,248.04731560135313,294.0847083493277,4577.955709483102,0.0,0.0,162.41023423758268,192.83997692209617,2458.732557742169,0.0,18.3012652945851,34.97664995637063,22.0,30.0,0.0,18.868541567609776,33.62771830827088,16.0,30.0,0.0,17.957413849437655,35.921754842294848,22.0,30.0,0.0,17.826566628212228,36.44601775151199,16.0,30.0,0.0,16.15451222056621,42.05007962020795,12.0,30.0,0.0,19.773453356541134,33.16328800954221,16.0,30.0,0.0,17.43511461559607,38.33419099686743,10.0,30.0,0.0,15.583079304205177,43.49069315344314,12.0,30.0,0.0,16.373988667600878,41.28272571865767,12.0,30.0,0.0,17.098824886144379,0.0,0.0,0.0,16.594221064275616,0.0,0.0,438.5425298975159,437.90398295500736,439.2748784897009,440.31708494319,450.8068097596497,447.94454874528847,447.5507749430607,449.7560281580554,449.30533835245759,0.0,80.91944951976424,80.91944951976424,60.0,0.0,60.0,60.0,16.0,16.0,16.0,12.0,12.0,12.0,21.0,10.0,0.0,0.0,0.0,0.0,0.0,0.0,0.0,0.0,0.0,0.0,0.0,0.0,0.0,80.91944951976424,80.91944951976424,0.0,0.0,0.0,80.91944951976424,0.0,0.0,0.0024699999999999997 
 02/27  14:30:00,9.079999999999999,55.5,5.945,99.0,545.0,0.0,0.0,0.0,0.0,0.0,0.0,0.0,0.0,0.0,0.0,232.0,0.0,2027.6258124398815,53.77676649625417,137.80215711833675,60.79761713388366,1618.229206733643,0.0,53.77676649625415,73.51691687270189,0.0,0.0,17.951700356261616,118.33443335577977,20.493219534486266,-836.3506174090444,17.721195126260527,144.60100756738758,17.81785368768486,8.570339471466923,16.013470832794924,19.50591988157413,20.654303906880409,-465.16733123869246,16.98217813229971,164.3151542745727,15.425692929440546,69.125881561087,16.326192370898967,68.04754595857048,384.85581663407359,281.08492947911238,0.0,0.0,0.0,0.0,0.0,0.0,0.0,0.0,0.0,0.0,0.0,0.0,0.0,0.0,0.0,0.0,0.0,0.0,0.0,0.0,0.0,0.0,0.718400633400831,0.21929201263761634,266.34644853657127,313.9267014302749,4896.105710127734,0.06578647110972307,0.010040670193791677,230.89656294423004,271.5264802219874,4533.117327011439,1.0242780115752997,0.19355215638233184,222.42866343653547,262.4187638338289,3970.2191553465515,0.2128068157885478,0.04021292815354265,114.22522321207478,134.8337028683791,1996.5741129018618,0.0,0.0,9.284683455479624,11.018364738064536,132.8761630507026,0.0,0.0,97.93714264038923,114.79170184930315,2088.71177746605,0.0,0.0,273.7143165975238,323.41019098408386,4603.935462127151,0.0,0.0,34.28689930645878,40.77355192422058,450.9109450376078,0.0,0.0,134.00053997722737,158.9052806423683,1975.7736012596145,37.20890775557043,25.52051286390291,230.54004897067828,272.8983909821666,4262.708583437799,0.0,0.0,161.33685277295695,191.18549528142578,2450.277704333871,0.0,18.28568103912489,34.85804908318508,22.0,30.0,0.0,18.958518092253234,33.266106655778468,16.0,30.0,0.0,17.99263685623501,35.66132929491185,22.0,30.0,0.0,17.8266114253806,36.207401748452159,16.0,30.0,0.0,16.195381735487435,41.72918130753547,12.0,30.0,0.0,19.827642646374735,32.901448613859489,16.0,30.0,0.0,17.48398653928373,38.0427455276147,10.0,30.0,0.0,15.603408031414315,43.20027099884967,12.0,30.0,0.0,16.417076915393478,40.96903282625937,12.0,30.0,0.0,17.049770820726985,0.0,0.0,0.0,16.630422733523177,0.0,0.0,438.0184051400118,437.292201475186,438.7156759096959,439.6057036209306,449.336570706787,446.87581337484058,446.4722768282398,448.2632488556316,447.99706886201258,0.0,80.91944951976424,80.91944951976424,60.0,0.0,60.0,60.0,16.0,16.0,16.0,12.0,12.0,12.0,21.0,10.0,0.0,0.0,0.0,0.0,0.0,0.0,0.0,0.0,0.0,0.0,0.0,0.0,0.0,80.91944951976424,80.91944951976424,0.0,0.0,0.0,80.91944951976424,0.0,0.0,0.00248 
 02/27  14:40:00,9.093333333333332,55.33333333333333,5.9,95.5,530.6666666666666,0.0,0.0,0.0,0.0,0.0,0.0,0.0,0.0,0.0,0.0,232.0,0.0,1977.0778543327124,51.735344543583007,132.57100710880858,59.28194549894355,1577.887249031748,0.0,51.735344543582979,70.72613829349726,0.0,0.0,18.069718775603464,208.31705231458546,20.438799097192339,-1004.3925663673454,17.69476648379557,93.94921106176207,17.82586506200382,27.066800245219384,16.046078846379154,19.106704621438895,20.693856852718,-460.4131028758202,16.9949213771308,155.60489542207507,15.432040132276296,69.98203529737703,16.349836396350953,67.94034677137097,407.1381386736484,286.3459016255065,0.0,0.0,0.0,0.0,0.0,0.0,0.0,0.0,0.0,0.0,0.0,0.0,0.0,0.0,0.0,0.0,0.0,0.0,0.0,0.0,0.0,0.0,0.7710940152193283,0.2353766835223835,279.4044205268566,329.067781390363,5255.7300673203549,0.03179348577654668,0.0048524856191310568,285.5537116618631,335.97898332341137,5521.22132990986,0.9803248519873794,0.18524657067032877,184.83676199516769,218.11496495257075,3279.1560948156768,0.20962982295931383,0.03961258937250827,140.1570326358109,165.43966747694842,2451.0137202997727,0.0,0.0,8.986437345201577,10.66386535869142,128.89450215605056,0.0,0.0,98.11286542853202,114.98673115368382,2097.925337380964,0.0,0.0,272.56251645428719,322.0611489712882,4578.3883798235469,0.0,0.0,34.30316814145466,40.79313476974483,451.00238182678046,0.0,0.0,135.53761673061704,160.71992454664909,2002.19134612703,37.03671267167354,25.40240923983097,246.58914088413119,291.8205439677951,4556.3246661095349,0.0,0.0,162.96811395513266,193.09644145855365,2485.7489364314417,0.0,18.520254586155415,34.23598963060289,22.0,30.0,0.0,18.81896114459932,33.426863457696189,16.0,30.0,0.0,17.943931578696373,35.65189821208339,22.0,30.0,0.0,17.847814657206638,36.04352052281595,16.0,30.0,0.0,16.2252338019892,41.49829381088955,12.0,30.0,0.0,19.870498065914889,32.69011914925493,16.0,30.0,0.0,17.48587235266748,37.932704525226487,10.0,30.0,0.0,15.615110274596493,43.03273172458921,12.0,30.0,0.0,16.444805039313473,40.77386182308452,12.0,30.0,0.0,17.13741670650064,0.0,0.0,0.0,16.677643023578026,0.0,0.0,437.60282833818186,436.8090193936814,438.3048089492836,439.1056828703462,448.3438148134952,445.97071650812316,445.84880777024469,447.5252836124453,447.30623890148459,0.0,80.91944951976424,80.91944951976424,60.0,0.0,60.0,60.0,16.0,16.0,16.0,12.0,12.0,12.0,21.0,10.0,0.0,0.0,0.0,0.0,0.0,0.0,0.0,0.0,0.0,0.0,0.0,0.0,0.0,80.91944951976424,80.91944951976424,0.0,0.0,0.0,80.91944951976424,0.0,0.0,0.00249 
 02/27  14:50:00,9.106666666666666,55.16666666666667,5.855,92.0,516.3333333333334,0.0,0.0,0.0,0.0,0.0,0.0,0.0,0.0,0.0,0.0,464.0,0.0,1923.2899254506183,49.67844431626735,127.30019447965594,57.66912498583284,1534.9595059338886,0.0,49.67844431626733,67.91419973937204,0.0,0.0,17.997799180587813,124.27195632987696,20.47800933823153,-873.1036140494139,17.711756654648157,133.30920271497963,17.824419389053945,20.951854779219049,16.074745746354194,19.673965268737335,20.717728515743997,-462.1591976904956,17.02800422729281,164.78807545330529,15.438650267089578,73.9636390357557,16.371504530896727,75.49842522896779,402.6623765198101,284.7343095807937,0.0,0.0,0.0,0.0,0.0,0.0,0.0,0.0,0.0,0.0,0.0,0.0,0.0,0.0,0.0,0.0,0.0,0.0,0.0,0.0,0.0,0.0,0.7398182922388407,0.22582975953566568,285.8552392828612,337.50506938623905,5271.670102564433,0.05410177258848873,0.00825729129860939,246.3633614737451,290.22695347813888,4797.270817467483,1.005872632365086,0.1900741935686104,204.74843503739283,242.10870122314723,3644.2365858958185,0.21255546893085137,0.04016543252661589,129.65025131225705,153.3028397209136,2263.3459930256788,0.0,0.0,9.127300836590443,10.852157751345385,131.03626648370043,0.0,0.0,98.25261004249774,115.3674808804333,2101.7717686853586,0.0,0.0,273.68887519502325,323.9825801481469,4611.923477607637,0.0,0.0,34.7001367838706,41.34525472680685,455.9871822982898,0.0,0.0,134.98659276328272,160.36602035337888,1996.452444384785,36.898716828024998,25.307761884790815,251.81650561568393,298.55324244168437,4633.102418739825,0.0,0.0,162.60242502288566,193.01763410925134,2485.4923557054587,0.0,18.3474171283055,34.41968250147286,22.0,30.0,0.0,18.91328432419076,33.102423255031798,16.0,30.0,0.0,17.988981461537475,35.36236368527143,22.0,30.0,0.0,17.846096449525477,35.89249357499946,16.0,30.0,0.0,16.247922484842534,41.311566533991499,12.0,30.0,0.0,19.891918310685406,32.517972013892649,16.0,30.0,0.0,17.529441264736197,37.64054200531241,10.0,30.0,0.0,15.627146271982483,42.84618344239797,12.0,30.0,0.0,16.46956097946012,40.538185426085458,12.0,30.0,0.0,17.1441229875688,0.0,0.0,0.0,16.710147019620707,0.0,0.0,436.9803525708011,436.449844075011,437.6363928450622,438.5635899662857,447.5649606210809,445.12117419430356,444.7947910429391,446.66194147756007,446.29692647287836,0.0,80.91944951976424,80.91944951976424,60.0,0.0,60.0,60.0,16.0,16.0,16.0,12.0,12.0,12.0,21.0,10.0,0.0,0.0,0.0,0.0,0.0,0.0,0.0,0.0,0.0,0.0,0.0,0.0,0.0,80.91944951976424,80.91944951976424,0.0,0.0,0.0,80.91944951976424,0.0,0.0,0.00249 
 02/27  15:00:00,9.12,55.0,5.81,88.5,502.0,0.0,0.0,0.0,0.0,0.0,0.0,0.0,0.0,0.0,0.0,232.0,0.0,1866.496657912784,47.607374110120208,121.99307206052828,55.966190972966398,1489.6332353618967,0.0,47.60737411012018,65.08288974989071,0.0,0.0,17.989020553847685,114.55903309538371,20.511253055622896,-828.9564857924133,17.723668445597434,156.90090347026126,17.820923350405694,14.078410694327431,16.108189995295676,19.573358105009846,20.737720231729207,-467.0415959241709,17.05808644174265,165.69588039163319,15.448179094175929,75.48589257835556,16.398173246316924,73.71211309038699,381.61508614421839,278.64528066199639,0.0,0.0,0.0,0.0,0.0,0.0,0.0,0.0,0.0,0.0,0.0,0.0,0.0,0.0,0.0,0.0,0.0,0.0,0.0,0.0,0.0,0.0,0.7123634299293657,0.21744915443509334,269.92880310986336,318.1644901883876,4957.2805671377559,0.06443202509010047,0.009833947663324249,230.5418228683768,271.12745001031848,4519.731828213855,1.031744281669806,0.19496301618854995,226.83213292828575,267.63242369950128,4042.7522960624085,0.21544901438272766,0.04071220982288881,120.06797607272213,141.74627448507116,2092.7035235727128,0.0,0.0,9.225487721376496,10.946620413106908,132.83651455982594,0.0,0.0,98.35733034724992,115.26763635543149,2106.671881938615,0.0,0.0,273.5956296500601,323.228107072952,4625.004157864441,0.0,0.0,34.88144200941979,41.48140548769342,458.7447578748471,0.0,0.0,133.7300743390132,158.5625749989494,1983.8234386747639,36.727946173850138,25.190635235836866,235.15209377738933,278.3573420860685,4331.02296375106,0.0,0.0,161.34135130309148,191.155524770992,2468.934751083322,0.0,18.318083950359154,34.34760001815469,22.0,30.0,0.0,18.98493500113283,32.800941526577599,16.0,30.0,0.0,18.020168997446019,35.13337129828818,22.0,30.0,0.0,17.842230034682804,35.69762597811232,16.0,30.0,0.0,16.280781391088217,41.00973455996969,12.0,30.0,0.0,19.916567658905877,32.32309225147802,16.0,30.0,0.0,17.56823541314232,37.3775872159897,10.0,30.0,0.0,15.644211006700186,42.558614836163098,12.0,30.0,0.0,16.503839958402506,40.24433658738249,12.0,30.0,0.0,17.09528845369152,0.0,0.0,0.0,16.73020360482037,0.0,0.0,436.5385311786862,435.8861742874393,437.107962803411,437.8804793007427,446.3222957478037,444.2121481911397,443.8673164648166,445.39414684175775,445.1766813689024,0.0,80.91944951976424,80.91944951976424,60.0,0.0,60.0,60.0,16.0,16.0,16.0,12.0,12.0,12.0,21.0,10.0,0.0,0.0,0.0,0.0,0.0,0.0,0.0,0.0,0.0,0.0,0.0,0.0,0.0,80.91944951976424,80.91944951976424,0.0,0.0,0.0,80.91944951976424,0.0,0.0,0.00249 
 02/27  15:10:00,9.045,55.0,5.6466666666666669,85.0,487.6666666666667,0.0,0.0,0.0,0.0,0.0,0.0,0.0,0.0,0.0,0.0,2330.0,0.0,1806.9223515763668,45.523356335601238,116.65277259839006,54.17986903039973,1442.0874491638365,0.0,45.523356335601217,62.23387945282838,0.0,0.0,19.100009750475367,-743.2843672069136,20.75350393527212,33.57895835925265,19.180524464385998,-2092.788973474174,18.152243221987449,1037.0813514863685,16.13429513364514,24.95626460943569,20.749796627594529,-433.4120621562014,17.14499679016798,272.70235688371619,15.453787722094596,82.82353807688371,16.417892873742248,96.5141726560105,677.0766777899262,325.4962823271913,0.0,0.0,0.0,0.0,0.0,0.0,0.0,0.0,0.0,0.0,0.0,0.0,0.0,0.0,0.0,0.0,0.0,0.0,0.0,0.0,0.0,0.0,0.8735258536453451,0.26664403346927509,278.5003130534386,327.2665743402,6092.061501706922,0.19049036345419069,0.029073620795816655,203.56859408079084,239.60426624840106,4244.375638443507,0.8467556064677175,0.1600067283574675,461.8768903827691,542.1966140365762,10325.420997518657,0.3038320180222153,0.05741345767615556,390.26777888538239,460.91471005048728,7415.347515180509,0.0,0.0,10.402004103432273,12.382780540495217,151.65898557102694,0.0,0.0,94.11637767676743,110.67262135773885,2032.7531651719774,0.0,0.0,293.9465683057523,348.24600608535186,5098.982394097345,0.0,0.0,36.1704763066871,43.15819948182998,481.66397365243588,0.0,0.0,144.18314622633404,171.5140529653331,2166.0875020913488,37.35372004334483,25.619835420675476,565.2929988583348,668.5354782132816,10914.00049735737,0.0,0.0,172.75915692537104,205.30890830087197,2695.9574744941526,1979.4532911744403,19.966808791982989,30.820958123996545,21.999999999999998,30.0,0.0,19.474516203514253,31.771940822124379,15.999999999999999,30.0,4391.446138272201,20.153726828422543,30.45084160272075,21.999999999999998,30.0,0.0,18.51431562723976,33.82790705447755,15.999999999999999,30.0,0.0,16.29964297394774,40.80019543731916,12.0,30.0,0.0,19.939424884601246,32.07241568832307,15.999999999999999,30.0,0.0,17.719454001645617,36.65418964203463,10.0,30.0,0.0,15.654833064843844,42.31611782251551,12.0,30.0,0.0,16.52680810826701,39.90315998176268,15.999999999999999,30.0,0.0,18.01172704059961,0.0,0.0,0.0,16.810526760294637,0.0,0.0,435.95075584809816,435.9135944124296,435.74679285010367,436.28264123514608,445.4992953321477,443.0067306833547,442.0358437661572,444.39607645918769,443.800380995378,10405.123072462718,81.12476902720616,84.6495188637605,60.0,0.0,60.0,60.0,16.0,16.0,16.0,16.0,12.0,12.0,21.0,10.0,1.0,0.0,1979.4532911744403,0.0,4391.446138272201,0.0,0.0,0.0,0.0,0.0,5334.217460376477,3200530.476225886,4163679.30787903,81.12476902720616,84.7093808173516,0.347807248679216,0.7673071113759719,0.3602813740196596,84.7093808173516,0.3542647819438876,4163679.30787903,0.21900132400970957 
 02/27  15:20:00,8.969999999999999,55.0,5.483333333333333,81.5,473.3333333333333,0.0,0.0,0.0,0.0,0.0,0.0,0.0,0.0,0.0,0.0,699.0,0.0,1744.7724289612593,43.42748228034286,111.2820928379512,52.316318700087958,1392.4860933825012,0.0,43.427482280342839,59.36866072111429,0.0,0.0,19.893819664186695,-1242.3108066725657,21.387614445128258,75.91175286655074,20.11389369220188,-3213.5937511607737,18.950336887107615,843.9542519341233,16.17507841673845,29.371567895064865,20.78647384720781,-404.3505767953667,17.346267675113436,259.5201242165184,15.472726325881013,91.25770379410032,16.46140180299564,112.9238131884858,862.1085370277563,369.7723549297566,0.0,0.0,0.0,0.0,0.0,0.0,0.0,0.0,0.0,0.0,0.0,0.0,0.0,0.0,0.0,0.0,0.0,0.0,0.0,0.0,0.0,0.0,1.0018437627598656,0.30581311439556327,324.93377138788716,380.11164189726977,7866.119352949667,0.24603942838254146,0.03755180530869069,247.79117929423416,290.4983416346997,5685.240641183171,0.9103517588679424,0.17202414188736629,518.9835296347679,606.5847536853187,12856.476793835027,0.3284723097591466,0.06206959746015615,424.13377948737709,498.61243611917316,9117.20860166091,0.0,0.0,11.09765967826869,13.19848639958288,164.4271430438875,0.0,0.0,90.95729927092268,106.83724216455539,1990.6857560165127,0.0,0.0,312.3012656485839,369.30569021185547,5643.464827204344,0.0,0.0,38.13606391512775,45.45891475610013,516.1309003654724,0.0,0.0,156.20800434457346,185.619805689864,2389.7205141520119,37.80253548421754,25.927664941164296,661.955655809564,780.5292247557159,13827.203964888862,0.0,0.0,186.84616339620727,221.75404245914906,2995.051381329521,1911.8901165298524,21.20305261544494,28.4741901149576,21.999999999999994,29.99999999999999,0.0,20.557948150382758,29.678921303572076,15.999999999999993,29.99999999999999,4329.670435111212,21.55708110125938,27.799654396059453,21.999999999999994,29.99999999999999,0.0,19.821607517948153,31.020012155442669,15.999999999999993,29.99999999999999,0.0,16.343402023996988,40.34419490893115,11.999999999999995,29.99999999999999,0.0,20.01124304105475,31.71862750827827,15.999999999999993,29.99999999999999,0.0,18.01724469197323,35.758838350825708,9.999999999999997,29.99999999999999,0.0,15.687962445823104,41.845911878360478,11.999999999999995,29.99999999999999,0.0,16.58982700586141,39.42117205988034,15.999999999999993,29.99999999999999,0.0,18.918392012335166,0.0,0.0,0.0,16.94977411325921,0.0,0.0,435.7441317529538,435.9588208512299,435.3544334641268,435.7126915110822,443.8033909601394,441.8045711888859,440.9776168133187,442.67720980664128,442.2823275718669,8665.69911316882,82.27505397383846,82.27505397383847,59.99999999999998,0.0,59.99999999999998,59.99999999999998,16.0,16.0,16.0,16.0,12.0,12.0,21.0,10.0,1.0,0.0,1911.8901165298524,0.0,4329.670435111212,0.0,0.0,0.0,0.0,0.0,0.0,0.0,0.0,82.27505397383846,82.27505397383846,0.3399999999999999,0.7702910518787511,0.36028137401965945,82.27505397383846,0.35426478194388735,0.0,0.0024933333333333337 
 02/27  15:30:00,8.895,55.0,5.32,78.0,459.0,0.0,0.0,0.0,0.0,0.0,0.0,0.0,0.0,0.0,0.0,932.0,0.0,1680.220045946388,41.320644895238149,105.8833212887376,50.38073202450802,1340.967362398953,0.0,41.320644895238128,56.488454286318098,0.0,0.0,20.308777258471677,-1156.5775255731147,21.8263720553565,115.64763451227532,20.3234698722955,-1962.0987689146583,19.39476573005711,837.562911352526,16.216923154854017,34.69590968736965,20.83126180512574,-364.5148891932171,17.495836868128266,285.7104823743439,15.50242295947393,107.37891756187139,16.51824866272915,153.16531094396397,1015.8819194623702,439.9501032467349,0.0,0.0,0.0,0.0,0.0,0.0,0.0,0.0,0.0,0.0,0.0,0.0,0.0,0.0,0.0,0.0,0.0,0.0,0.0,0.0,0.0,0.0,1.15472587492949,0.35248042580265268,336.3766923331758,393.059745424525,8477.485343032191,0.2565246959783219,0.039152120875812258,215.1810076484009,251.78576376213139,5248.752702223956,1.0469874786988478,0.19784343890756768,468.16857682693549,547.2328165950182,11736.903114492956,0.3325158468277638,0.06283368231817152,394.54561633751197,462.8845818617447,9040.204986389088,0.0,0.0,11.457383734911355,13.629133198238347,172.4418370755906,0.0,0.0,88.09556897969998,103.47541667633499,1956.2925498951236,0.0,0.0,328.0736599977655,387.813137721293,6112.962901337435,0.0,0.0,40.45442116314322,48.23180550877743,557.4410710880612,0.0,0.0,168.8445480457704,200.65611437607118,2636.0733932566379,38.1358547715205,26.156278992812426,600.3452248751584,706.34590192493,13597.07308255147,0.0,0.0,202.03582903064763,239.74758204255384,3328.923577000297,1821.7568558953956,21.7042729228623,27.519199584919546,22.0,30.0,0.0,21.25652424223854,28.368228419611204,16.0,30.0,2283.3376049975588,21.61344914427147,27.607068483977156,21.75,30.0,0.0,20.47661159995343,29.676061391409769,16.0,30.0,0.0,16.387189252777128,39.95892956722314,12.0,30.0,0.0,20.102314383111329,31.343097798758096,16.0,30.0,0.0,18.23424983818146,35.03945206605742,10.0,30.0,0.0,15.737004877217732,41.42372814015335,12.0,30.0,0.0,16.675141902278566,38.928491482732628,16.0,30.0,0.0,19.649614497280447,0.0,0.0,0.0,17.105854113278356,0.0,0.0,435.39715638565897,435.7851399846633,435.0078562097576,435.35196408718,442.503003725603,440.6996233433657,439.84070323655438,441.4092564948888,441.00287183668777,8834.46449781262,82.16342948604022,82.16342948604022,60.0,0.0,60.0,60.0,16.0,16.0,16.0,16.0,12.0,12.0,21.0,10.0,1.0,0.0,1821.7568558953956,0.0,2283.3376049975588,0.0,0.0,0.0,0.0,0.0,0.0,0.0,0.0,82.16342948604022,82.16342948604022,0.34,0.770100005777374,0.36028137401965956,82.16342948604022,0.3542647819438875,0.0,0.002496666666666666 
 02/27  15:40:00,8.82,55.0,5.156666666666666,73.0,440.0,0.0,0.0,0.0,0.0,0.0,0.0,0.0,0.0,0.0,0.0,1165.0,0.0,1596.7138615444497,38.53253559520446,98.73881065226687,47.87682293976193,1274.3217838607716,0.0,38.532535595204439,52.67689749335135,0.0,0.0,20.403579819431174,-1012.1622963196973,22.09140978317894,-72.82510042996717,20.345653490993607,-992.9302824161548,19.590795806750024,521.7028939427914,16.259278489141637,37.32879465524978,20.870170675539869,-337.21140282208469,17.624705759031096,281.4057339122447,16.383833066958297,7.159784340352579,16.58803210555879,176.06383706138957,975.1033055231503,482.93808018037489,0.0,0.0,0.0,0.0,0.0,0.0,0.0,0.0,0.0,0.0,0.0,0.0,0.0,0.0,0.0,0.0,0.0,0.0,0.0,0.0,0.0,0.0,1.1531390127359933,0.35199603563369777,294.5343225515951,344.23143218542028,7455.940635759332,0.2249616622872654,0.03433480804140194,148.836267018696,174.01781141108124,3757.646741054687,1.2060880295410268,0.2279077909185616,331.26386790831227,387.3343903835492,8325.524995090993,0.3233647605881107,0.061104452114155469,323.3913949583001,379.22058322162277,7578.96853625985,0.0,0.0,11.40309906629567,13.565476962798329,174.30096211724899,0.0,0.0,85.51217223840838,100.43004774789422,1926.3586158752492,0.0,0.0,325.7545899188905,384.9395599623371,6224.572423329297,0.0,0.0,27.88890387583451,33.1310748301616,457.9607125510039,0.0,0.0,179.46813991052407,213.24449461530663,2864.309945587306,37.85477749669875,25.963496225444975,440.3672486030684,518.1089289214771,10316.828962911635,0.0,0.0,203.37385880679325,241.31398121208529,3420.0458646653298,1339.7967194914182,21.687222725864506,27.39702088443469,21.800000000000009,30.00000000000001,0.0,21.64073281063594,27.554242176101096,16.000000000000005,30.00000000000001,1655.0783986310874,21.530434447838127,27.587199973666246,21.40000000000001,30.00000000000001,0.0,20.66545068493808,29.154166319071128,16.000000000000005,30.00000000000001,0.0,16.431002569026775,39.568708645648317,12.000000000000006,30.00000000000001,0.0,20.19365195897578,30.94878481179601,19.000000000000008,30.00000000000001,0.0,18.40545593443271,34.41733924421264,10.000000000000004,30.00000000000001,821.2699859445513,17.118856588190945,37.705364554684319,16.600000000000006,30.00000000000001,0.0,16.77664613537719,38.39211145832399,16.000000000000005,30.00000000000001,0.0,19.63219389884335,0.0,0.0,0.0,17.20500459295326,0.0,0.0,434.8298457138847,435.1977211987894,434.42753226876348,434.72927878216276,441.23328837419168,439.5336276356669,438.71542833934645,440.2988472182071,439.746067600289,7712.47066147912,81.89005821935078,83.28571001123388,60.00000000000002,0.0,60.00000000000002,60.00000000000002,16.0,16.0,19.0,16.0,16.0,12.0,21.0,10.0,1.0,0.0,1339.7967194914182,0.0,1655.0783986310874,0.0,0.0,0.0,821.2699859445513,0.0,2112.1473551925735,1267288.413115544,1641052.7382573835,81.89005821935078,83.30941281190602,0.2744049118397526,0.6155563908624822,0.28822509921572778,83.30941281190602,0.28341182555511015,1641052.7382573835,0.08783474238938395 
 02/27  15:50:00,8.745000000000001,55.0,4.993333333333333,68.0,421.0,0.0,0.0,0.0,0.0,0.0,0.0,0.0,0.0,0.0,0.0,702.0,0.0,1514.812736000467,35.77231213816137,91.66575914467393,45.42104117186349,1208.9571901344298,0.0,35.77231213816135,48.903462761911089,0.0,0.0,20.44619356197151,-785.0931560331792,22.090062820447455,-409.23567011264779,20.43516242044099,-1230.7310677949805,19.602006339513389,537.1923380451582,16.300238520824334,36.33783077189327,20.899694366498055,-336.97179214671419,17.67325156668404,245.64683542974934,16.20085322554958,21.75495209072007,16.653643145192946,164.16698139775188,968.9421232561582,483.26434711297716,0.0,0.0,0.0,0.0,0.0,0.0,0.0,0.0,0.0,0.0,0.0,0.0,0.0,0.0,0.0,0.0,0.0,0.0,0.0,0.0,0.0,0.0,1.1710750954865495,0.3574710303682999,308.3834104626835,360.0235615013181,7908.573801481749,0.2078040014002858,0.03171611742983608,202.9085149286828,236.99260659862157,5090.773977390755,1.1747954870933806,0.22199461207357935,329.4428521536264,384.6456618219978,8454.618886130516,0.31661692070729227,0.05982935009586025,322.4379532823191,377.9030135188264,7573.477254107651,0.0,0.0,11.129697991630799,13.231652453498097,172.68360279059668,0.0,0.0,86.37807520597178,101.36526174743486,1971.7676185108213,0.0,0.0,319.4850419896759,377.30205884935057,6172.322427511245,0.0,0.0,25.841442808395983,30.684035175705334,417.7057221642768,0.0,0.0,176.0566466149294,209.05158545351424,2866.360625869974,37.34608574552911,25.61459927676896,495.26790967799499,582.0175161898126,11607.166698826844,0.0,0.0,199.85094415572287,237.00465084320934,3400.5318668025927,1451.5920078700204,21.6086586100306,27.429752953189785,21.666666666666687,30.00000000000002,0.0,21.566179344534235,27.450015534114628,16.000000000000015,30.00000000000002,2283.0428569925936,21.72187447337859,27.108288916332417,21.666666666666687,30.00000000000002,0.0,20.60270777526733,29.13062128648879,16.000000000000015,30.00000000000002,0.0,16.471465628306903,39.1944749076234,12.00000000000001,30.00000000000002,0.0,20.27238226327176,30.612891918820048,19.000000000000015,30.00000000000002,0.0,18.435779280273509,34.20399213507126,10.000000000000007,30.00000000000002,0.0,16.81428505008791,38.211105257227547,16.000000000000015,30.00000000000002,0.0,16.865532082294935,37.95842298896417,16.000000000000015,30.00000000000002,0.0,19.677756274051359,0.0,0.0,0.0,17.229162691621846,0.0,0.0,434.436384244545,434.24830178358595,433.82048149143489,434.2467292196991,440.0499463835463,438.5928329166172,438.06762495747037,439.379604756797,438.84389672840748,9385.9959569979,81.79869826792702,84.15777613485273,60.00000000000004,0.0,60.00000000000004,60.00000000000004,16.0,16.0,19.0,16.0,16.0,12.0,21.0,10.0,1.0,0.0,1451.5920078700204,0.0,2283.0428569925936,0.0,0.0,0.0,0.0,0.0,3570.1229113589699,2142073.74681538,2780272.035405677,81.79869826792702,84.19784110863418,0.34567076371196589,0.7680434327956095,0.3602813740196598,84.19784110863418,0.3542647819438878,2780272.035405677,0.14707747917442855 
 02/27  16:00:00,8.67,55.0,4.83,63.0,402.0,0.0,0.0,0.0,0.0,0.0,0.0,0.0,0.0,0.0,0.0,936.0,0.0,1407.9633027880846,30.7297411122071,78.74432400923581,42.21719806519304,1123.681634560023,0.0,30.729741112207088,42.00988586814978,0.0,0.0,20.585681411435144,-1158.8407035565138,22.115673324832707,-235.38425268057336,20.310689157716465,-213.84804937808804,19.618248818360394,283.6521237441166,16.3344262623279,37.55535190644842,20.888046618066896,-327.9226641773557,17.743464025675764,240.77170036994813,16.001567975233166,54.47004687590723,16.69343233490063,153.14078386313077,822.3960894087927,522.2165089906848,0.0,0.0,0.0,0.0,0.0,0.0,0.0,0.0,0.0,0.0,0.0,0.0,0.0,0.0,0.0,0.0,0.0,0.0,0.0,0.0,0.0,0.0,1.1226615737025663,0.3426927880654964,281.3265128049885,328.4848421313342,7269.474370505328,0.2011917424552573,0.030706920399154053,62.841797960148429,73.399129221203,1610.405390290123,1.332841438611248,0.2518596822772578,278.5544130563793,325.954699078727,6975.300262585106,0.3193205844373166,0.06034024649231226,270.01174198086098,316.77456758053588,6350.224970163182,0.0,0.0,11.210763174116434,13.331458030222152,176.26974229068129,0.0,0.0,84.53660607262838,99.23243963447109,1945.9733552371673,0.0,0.0,326.33099493483436,385.4076929077123,6398.335791238603,0.0,0.0,33.69901116174058,40.076149048539807,525.7765605848088,0.0,0.0,175.76799618538875,208.72876915744559,2903.3457169251698,36.86343812090749,25.283565240677299,293.9930135948786,346.47206201869167,6936.111089897606,0.0,0.0,205.30299307713285,243.51063011297243,3534.325120951034,1574.435260504128,21.76149190469933,26.899978213209854,22.0,30.0,0.0,21.65933630459613,27.222226529910935,16.0,30.0,802.1794598829821,21.32340409690729,27.71334207815458,21.25,30.0,0.0,20.54700182000586,29.144997445291414,16.0,30.0,0.0,16.50176803194173,38.90091483512879,12.0,30.0,0.0,20.296626150366735,30.41369029775918,19.0,30.0,0.0,18.509398135977184,33.81896388945388,10.0,30.0,0.0,16.445961057129805,38.885336662744389,16.0,30.0,0.0,16.91040937792324,37.65104513389571,16.0,30.0,0.0,19.219429890097268,0.0,0.0,0.0,17.255868136277749,0.0,0.0,433.4025078207257,434.0415132616214,433.67837297853637,434.0114236469014,439.14687002779876,437.85712125790209,437.1462608328512,438.4700617085556,438.0574679810435,9592.242237929917,81.66217110969689,83.64939088544087,60.0,0.0,60.0,60.0,16.0,16.0,19.0,16.0,16.0,12.0,21.0,10.0,1.0,0.0,1574.435260504128,0.0,802.1794598829821,0.0,0.0,0.0,0.0,0.0,3006.9766764480789,1804186.0058688473,2334661.8483833239,81.66217110969689,83.68314047434991,0.35523255588160265,0.771136367587526,0.36028137401965956,83.68314047434991,0.3542647819438875,2334661.8483833239,0.12390908278259952 
 02/27  16:10:00,8.47,55.833333333333339,4.676666666666667,57.99999999999999,383.0,0.0,0.0,0.0,2.0,0.0,0.0,0.0,0.0,0.0,4.0,702.0,0.0,1324.95942479414,28.037449877749699,71.84535266520752,39.72835196746645,1057.436958549127,0.0,28.037449877749684,38.32931963524889,0.0,0.0,20.640763014972117,-954.54587552142,22.185363136923287,7.290558083031556,20.45376691143554,-1106.1325172091122,19.55853950044532,483.86075920893566,16.366312054190659,34.1930982530302,21.061498968891319,-88.03049360507657,17.68184616387647,165.23659642148173,15.886515225022312,73.54281341099552,16.72107043915421,129.73347459694896,931.8827170836223,495.96006443871678,0.0,0.0,0.0,0.0,0.0,0.0,0.0,0.0,0.0,0.0,0.0,0.0,0.0,0.0,0.0,0.0,0.0,0.0,0.0,0.0,0.0,0.0,1.0724164726368078,0.32735545562784126,200.98083499400924,234.72394287558573,5271.581297012484,0.2106651785443589,0.03215280502813781,106.73716939156546,124.60774109472556,2810.311611707498,1.39870233936093,0.26430505278929147,299.157777184483,349.8678256531244,7618.30783622928,0.34889348030660036,0.06592847322498115,317.0742458653963,371.9571251835116,7512.056246841481,0.0,0.0,10.827978006455826,12.871910101119504,175.13149497033,0.0,0.0,15.369252018867082,18.010719220489855,370.1280357271537,0.0,0.0,252.35271018323193,298.15940980890806,4965.999739271434,0.0,0.0,36.96778471950902,43.9896007899918,576.9477167001709,0.0,0.0,166.94643415026233,198.20266180308176,2832.810322545337,36.73904538847908,25.19824786589787,412.4532173978407,485.21290915773707,9919.593163321522,0.0,0.0,197.948766999545,234.7928366594746,3467.1113089566927,1183.8426090283657,21.71343465149184,26.91935591274153,21.666666666666669,30.0,0.0,21.820163897124304,26.789345748358408,16.0,30.0,0.0,21.346945468868819,28.140833555247565,21.0,30.0,0.0,20.440424561248738,29.556874533094548,16.0,30.0,0.0,16.52678068224477,38.5952664983433,12.0,30.0,0.0,20.646129665394754,31.219211326638147,19.0,30.0,0.0,18.339026792090686,33.91163273770425,10.0,30.0,0.0,16.23674499956027,39.15522212557301,16.0,30.0,0.0,16.935703460715556,37.3703739031415,16.0,30.0,0.0,19.58918645167411,0.0,0.0,0.0,17.20281934249396,0.0,0.0,433.15254300358176,434.20515768394537,469.22809930891426,454.54131891435949,438.2044530328559,532.5216846714118,436.0850246831867,437.6895465717288,437.453621870289,6103.232522262636,81.64432292770759,81.64432292770759,1744.0,0.0,1744.0,1744.0,16.0,16.0,19.0,16.0,16.0,12.0,21.0,10.0,1.0,0.0,1183.8426090283657,0.0,0.0,0.0,0.0,0.0,0.0,0.0,0.0,0.0,0.0,81.64432292770759,81.64432292770759,0.22666666666666669,0.5141202592844343,0.24018758267977304,81.64432292770759,0.23617652129592499,0.0,0.07295733333333335 
 02/27  16:20:00,8.27,56.66666666666667,4.523333333333333,53.0,364.0,0.0,0.0,0.0,2.0,0.0,0.0,0.0,0.0,0.0,4.0,940.0,0.0,1242.407930509832,25.35508570026457,64.9718232491578,37.25307100154777,991.5533319763526,0.0,25.35508570026456,34.66232444184649,0.0,0.0,20.613909956240894,-625.4364156289391,22.133869226513299,-345.2273938473729,20.22486987021231,-823.8449682809592,19.546804951857057,350.83768736044297,16.391067904102088,30.305697027263194,21.272564522898777,-91.3287554097983,17.63312883363393,174.2905694355718,15.822153966450863,75.7101553622461,16.721500145892969,93.48528297221469,930.6131967261981,469.7611222109142,0.0,0.0,0.0,0.0,0.0,0.0,0.0,0.0,0.0,0.0,0.0,0.0,0.0,0.0,0.0,0.0,0.0,0.0,0.0,0.0,0.0,0.0,1.0695580851568248,0.32648293197705277,228.97778279111146,267.5020195180313,6058.739350853938,0.19816884448554196,0.030245550135155977,172.1407186019615,201.15682744042383,4542.647237244919,1.4296251768372877,0.2701483705285881,272.91871351756256,319.5749717295109,6930.146952983738,0.3413551300969444,0.06450399283766897,290.8174489247091,341.3637662961457,6961.619124277964,0.0,0.0,10.422684120569109,12.39350667978488,173.01970033601553,0.0,0.0,14.851285722497022,17.381912895254677,373.9576378230944,0.0,0.0,240.0595391358838,283.8318614158351,4770.817529862614,0.0,0.0,37.99086248312054,45.24223666368774,599.9718062727171,0.0,0.0,156.8088168537386,186.24406249445316,2717.3626255838069,36.35163048375654,24.932531195992149,418.4261456674442,492.34982322616068,10218.252902554352,0.0,0.0,187.92410249353532,223.06456152392247,3325.781259339192,1052.247776770323,21.593639401781883,27.255650478873549,21.5,30.0,0.0,21.69339182002726,27.037595553968726,16.0,30.0,0.0,21.080240919262186,28.782607092321059,21.0,30.0,0.0,20.365297604711555,29.989573152475047,16.0,30.0,0.0,16.53997446127562,38.34903893909114,12.0,30.0,0.0,21.014513346826584,32.101588265574907,19.0,30.0,0.0,18.232360428963799,34.02281666477199,10.0,30.0,0.0,16.125878165436708,39.203224874196468,16.0,30.0,0.0,16.91539521389033,37.20652464564042,16.0,30.0,0.0,19.604421553559634,0.0,0.0,0.0,17.09126650924586,0.0,0.0,444.7463260897018,443.8355557122105,488.70307319377425,478.15390396329669,438.1260261449749,630.7242799033087,438.4457518023864,438.8080945030985,439.06426431968449,7365.201158040667,81.8287845195004,83.54075174173575,1744.0,0.0,1744.0,1744.0,16.0,16.0,19.0,16.0,16.0,12.0,21.0,10.0,1.0,0.0,1052.247776770323,0.0,0.0,0.0,0.0,0.0,0.0,0.0,2590.90093748398,1554540.562490388,2012211.3599351387,81.8287845195004,83.56982662851044,0.25636336458279937,0.5767124157458824,0.27021103051474468,83.56982662851044,0.2656985864579156,2012211.3599351387,0.17759232404996054 
 02/27  16:30:00,8.07,57.5,4.37,48.0,345.0,0.0,0.0,0.0,2.0,0.0,0.0,0.0,0.0,0.0,4.0,708.0,0.0,1169.22588506724,24.608297201223086,63.058102390286837,35.0587287227083,933.1473661867794,0.0,24.608297201223075,33.641407946070447,0.0,0.0,20.65783190956688,-656.0791074116012,22.007469290861413,-420.75222691208276,20.520038053561544,-1054.8561555364198,19.49806275750887,358.32731227419017,16.413644293872339,27.946981862466609,21.426606050544164,-94.1455552630209,17.606943555624235,161.29732722419426,15.776769019986013,76.84169529944723,16.709440557413463,80.44307754838394,901.3252113246207,468.237258900216,0.0,0.0,0.0,0.0,0.0,0.0,0.0,0.0,0.0,0.0,0.0,0.0,0.0,0.0,0.0,0.0,0.0,0.0,0.0,0.0,0.0,0.0,1.0991922660973713,0.3355287747549972,238.77086471925532,278.6906990655026,6452.387679514019,0.20380957384374427,0.031106467314368774,196.58316823896014,229.70642683689213,5191.503431170468,1.4190208284591735,0.26814452540800706,273.3951174505862,319.7105004220658,7194.58479192551,0.33898572790244127,0.06405625999668199,290.45140905478959,340.94123472282277,7005.538523199297,0.0,0.0,10.132942832939437,12.045309996318413,172.49945923974378,0.0,0.0,15.160995676048092,17.71852057202779,395.5224649024357,0.0,0.0,234.03736777903087,276.71882150139546,4710.4247734050209,0.0,0.0,38.144646334763418,45.427885706297278,611.96113923857,0.0,0.0,152.83580673136164,181.50694282941337,2699.269854063887,35.985315279780497,24.681286200123794,432.4712261334017,508.70449390007277,10658.299014634807,0.0,0.0,183.8393809205777,218.22815206185528,3297.5316403364538,1254.650808911977,21.62823618289708,27.27467131213585,21.666666666666658,29.99999999999999,0.0,21.502035100030406,27.479360674261025,15.999999999999993,29.99999999999999,822.9951784938927,21.361761475732565,28.42741780917757,21.333333333333326,29.99999999999999,0.0,20.25325694814888,30.33291233066968,15.999999999999993,29.99999999999999,0.0,16.55090244849208,38.1589119486574,11.999999999999995,29.99999999999999,0.0,21.286190488858276,32.674173140090868,18.999999999999994,29.99999999999999,0.0,18.156023114548185,34.14799097869943,9.999999999999997,29.99999999999999,0.0,16.047672875749556,39.28368365298223,15.999999999999993,29.99999999999999,0.0,16.879540865588767,37.21872987826062,15.999999999999993,29.99999999999999,0.0,19.507612224042018,0.0,0.0,0.0,17.007599185427354,0.0,0.0,453.5659205011731,458.5666633015512,502.552394694937,493.7132648943758,440.0196238953573,698.5567837922695,443.2784170271997,443.12186022561368,443.91055168149196,8378.522951328883,82.46472210179074,84.74401836570206,1743.9999999999996,0.0,1743.9999999999996,1743.9999999999996,16.0,16.0,19.0,16.0,16.0,12.0,21.0,10.0,1.0,0.0,1254.650808911977,0.0,822.9951784938927,0.0,0.0,0.0,0.0,0.0,3449.504925289227,2069702.955173537,2695383.618033088,82.46472210179074,84.7827283830076,0.3416501641763075,0.7696392529899041,0.36028137401965945,84.7827283830076,0.35426478194388735,2695383.618033088,0.21311728147105395 
 02/27  16:40:00,7.869999999999999,58.333333333333339,4.216666666666667,41.166666666666667,287.5,0.0,0.0,0.0,2.0,0.0,0.0,0.0,0.0,0.0,4.0,708.0,0.0,976.8589293427267,19.03092202392364,48.766231037119798,29.290683237850275,779.6211755239376,0.0,19.03092202392363,26.01671323137511,0.0,0.0,20.57478641175917,-791.6415546400779,21.894929514061503,-174.3004413653511,20.655836757292027,-1056.0443752405534,19.656123186853077,630.3296035156407,16.426020156459054,27.812612258125865,21.466012011228825,-105.66984595168052,17.60610626259431,165.16065487864865,16.015367997184435,45.17871346099181,16.69092192626762,58.658723715621537,1020.0681902796464,485.2982822419768,0.0,0.0,0.0,0.0,0.0,0.0,0.0,0.0,0.0,0.0,0.0,0.0,0.0,0.0,0.0,0.0,0.0,0.0,0.0,0.0,0.0,0.0,1.340956288758726,0.4093273164709178,307.554557893588,359.35182241366996,8383.670483954877,0.2589325203406812,0.03951961543661193,238.3204420891962,278.73983449408629,6371.328691460895,1.257794693704474,0.23767851354959847,319.4605872758456,373.4615735749232,8599.652271767118,0.33149372374988897,0.06264053736770389,329.7079816948231,386.65134627354817,8273.42636959457,0.0,0.0,10.418900564175145,12.385406318881989,181.6031559574971,0.0,0.0,15.889274562927744,18.56319424739329,424.7699052072211,0.0,0.0,234.09447556115652,276.8061087249555,4792.226509652902,0.0,0.0,37.84348941274656,45.02398369284087,643.771897089297,0.0,0.0,152.93332554165824,181.64618892897887,2750.0304731950825,36.06691812642217,24.737255230742254,546.3408262759764,642.0539274562552,13943.693175511531,0.0,0.0,183.72254070038819,218.1434945455985,3341.1390209943285,977.293473493983,21.638819914473584,27.454176112979228,21.666666666666676,30.00000000000001,0.0,21.44941972514121,27.795193928766339,16.000000000000008,30.00000000000001,0.0,21.48331020317979,28.410841587609846,21.000000000000008,30.00000000000001,0.0,20.559035384976963,29.92310197912021,19.000000000000008,30.00000000000001,0.0,16.553747916089706,38.10463016097573,12.000000000000006,30.00000000000001,0.0,21.422963477833578,33.00643444822392,19.000000000000008,30.00000000000001,0.0,18.126143812579483,34.305127445886089,10.000000000000004,30.00000000000001,432.9634131935587,16.32742591181826,38.63557346584774,16.33333333333334,30.00000000000001,0.0,16.838408572381796,37.3746365169889,16.000000000000008,30.00000000000001,0.0,19.97332324020809,0.0,0.0,0.0,16.92869730566512,0.0,0.0,478.01183708095496,478.1207419429734,520.6507069277602,510.2757894239233,447.68734438538459,736.9358284739751,461.1308319748081,456.01564538660667,459.2642740725315,8924.890247051648,82.10366213097518,82.10366213097518,1744.000000000001,0.0,1744.000000000001,1744.000000000001,16.0,19.0,19.0,16.0,16.0,12.0,21.0,10.0,1.0,0.0,977.293473493983,0.0,0.0,0.0,0.0,0.0,432.9634131935587,0.0,0.0,0.0,0.0,82.10366213097518,82.10366213097518,0.3400000000000002,0.7678717026162613,0.3602813740196597,82.10366213097518,0.3542647819438876,0.0,0.07295733333333335 
 02/27  16:50:00,7.669999999999999,59.166666666666667,4.0633333333333339,34.333333333333339,230.00000000000004,0.0,0.0,0.0,2.0,0.0,0.0,0.0,0.0,0.0,4.0,944.0,0.0,800.2349821232743,15.513393773225872,39.752620293833697,23.99468631578517,638.6593351844176,0.0,15.513393773225863,21.207985432132273,0.0,0.0,20.726797433909796,-779.1256159133559,21.916302565397637,-79.1532632053113,20.458299299686254,-860.4594359313596,19.674227121320454,364.37958557894629,16.432658871652487,27.284032920158709,21.437546391166685,-103.37355946713044,17.647108651309268,179.39930977746645,16.315972771675825,-0.1241980338109272,16.676287282512257,66.20578055242982,928.1444375412252,521.4553542618317,0.0,0.0,0.0,0.0,0.0,0.0,0.0,0.0,0.0,0.0,0.0,0.0,0.0,0.0,0.0,0.0,0.0,0.0,0.0,0.0,0.0,0.0,1.1910722043543954,0.36357515395433318,207.99588629651883,243.06477817215439,5743.08219613305,0.23394605580092538,0.035706052472668708,135.9877274057064,158.91135519792454,3744.885308056537,1.4465654608272476,0.27334948239365988,278.5796830877393,326.0436358631605,7495.927021610871,0.341140650070642,0.06446346373216967,295.787707077663,347.05928093208186,7512.202933785122,0.0,0.0,10.29950284255772,12.249173605151312,183.54550433919872,0.0,0.0,15.008742559514835,17.537477113656665,408.3355412321275,0.0,0.0,235.92543012398014,279.0105164574312,4953.065164762314,0.0,0.0,27.281985958928329,32.41338900087912,504.9826068611946,0.0,0.0,161.6810998234435,192.11319923415256,2963.279900798225,35.702818325116428,24.487529715443374,405.207671340968,476.79566485301589,10467.360002966248,0.0,0.0,186.02094760531879,220.96728408733453,3447.10475772427,1221.8414867583768,21.641424588219978,27.553864818151319,21.75,30.0,0.0,21.63485241713905,27.518650275201,16.0,30.0,0.0,21.25051665179066,28.93190526150201,21.0,30.0,0.0,20.50753689864062,30.19710642302436,19.0,30.0,0.0,16.54885656824106,38.0693818843955,12.0,30.0,0.0,21.46519337436047,33.42541968454114,19.0,30.0,0.0,18.192747705838938,34.25620785057767,10.0,30.0,134.22560379370203,16.900800029734055,37.31320535548991,16.5,30.0,0.0,16.810468308909994,37.536480058169669,16.0,30.0,0.0,19.643164302011998,0.0,0.0,0.0,16.90114821158411,0.0,0.0,489.9946688989705,484.82564876706928,534.7132728530573,525.5003478751928,454.90641752315886,768.6172483132707,472.6604662875318,466.5160912669295,470.91527282467828,5653.427721494144,83.2832364565429,83.2832364565429,1744.0,0.0,1744.0,1744.0,16.0,19.0,19.0,16.0,16.0,12.0,21.0,10.0,1.0,0.0,1221.8414867583768,0.0,0.0,0.0,0.0,0.0,134.22560379370203,0.0,0.0,0.0,0.0,83.2832364565429,83.2832364565429,0.255,0.5768069335368586,0.27021103051474468,83.2832364565429,0.2656985864579156,0.0,0.07276355555555556 
 02/27  17:00:00,7.47,60.0,3.91,27.5,172.5,0.0,0.0,0.0,2.0,0.0,0.0,0.0,0.0,0.0,4.0,711.0,0.0,618.7559598938906,12.139267881943774,31.106489400615368,18.553115360805788,493.82274419935757,0.0,12.139267881943767,16.595299530225256,0.0,0.0,20.74677884697718,-743.484228774059,21.744041990336809,-292.9983245943555,20.395257146629903,-875.8485464076227,19.60983262583173,335.7074321918768,16.434163846396957,27.192602044600343,21.364471200666278,-100.11174910110512,17.63529089400612,152.18553680709568,16.09025851114648,22.26504881152548,16.668757533291946,60.66287636023576,911.7557024828343,540.4186285305191,0.0,0.0,0.0,0.0,0.0,0.0,0.0,0.0,0.0,0.0,0.0,0.0,0.0,0.0,0.0,0.0,0.0,0.0,0.0,0.0,0.0,0.0,1.193275257062635,0.3642476364660061,237.21147701509205,276.82256051855168,6707.464462736209,0.22389661621834476,0.03417225522258012,174.75774994527397,204.18983573068909,4783.010861884438,1.550301934401874,0.2929519906277165,266.2641607483293,311.6903349772315,7199.104792507633,0.33678684459788518,0.06364074916815671,283.41503029705327,332.59122302490757,7238.990283296554,0.0,0.0,10.11578372256823,12.027236712088522,184.13349602638369,0.0,0.0,15.73691529268417,18.380051255144019,434.07826609345258,0.0,0.0,234.01237113514208,276.73239219118946,4982.542309357487,0.0,0.0,28.937602472635555,34.4094908510307,523.5275679778708,0.0,0.0,159.950551534695,190.03455481424289,2990.7993334084746,35.350347027333288,24.245779854138087,427.74636251293227,503.08483009497999,11128.03614845432,0.0,0.0,185.67759922469518,220.5701698577006,3487.7424741013467,1294.5928218509408,21.610225425321958,27.672022527983886,21.666666666666687,30.00000000000002,0.0,21.45279194199002,27.944121214939324,16.000000000000015,30.00000000000002,0.0,21.10193322729598,29.306845733963589,21.000000000000015,30.00000000000002,0.0,20.37376943103761,30.55270711866013,19.000000000000015,30.00000000000002,0.0,16.538369577705305,38.14518728434014,12.00000000000001,30.00000000000002,0.0,21.454885156277194,33.81396476168635,19.000000000000015,30.00000000000002,0.0,18.1388882386515,34.452347324539207,10.000000000000007,30.00000000000002,0.0,16.48881218528682,38.397985601629617,16.000000000000015,30.00000000000002,0.0,16.794046446771114,37.67889479309511,16.000000000000015,30.00000000000002,0.0,19.534560257994664,0.0,0.0,0.0,16.823965386353728,0.0,0.0,496.46748264424687,498.9161717754634,547.075757415737,538.0724379880635,465.346727966847,794.1878349015137,481.19146619544338,477.5945082410075,481.79401432503917,8753.644843200447,82.21682494658924,82.21682494658926,1744.0000000000014,0.0,1744.0000000000014,1744.0000000000014,16.0,19.0,19.0,16.0,16.0,12.0,21.0,10.0,1.0,0.0,1294.5928218509408,0.0,0.0,0.0,0.0,0.0,0.0,0.0,0.0,0.0,0.0,82.21682494658924,82.21682494658924,0.3400000000000003,0.7699053846393935,0.3602813740196598,82.21682494658924,0.3542647819438878,0.0,0.07256977777777778 
 02/27  17:10:00,7.145,61.83333333333333,3.761666666666667,20.666666666666666,114.99999999999997,0.0,4.0,0.0,0.0,0.0,0.0,0.0,0.0,0.0,0.0,948.0,0.0,413.9594029308446,8.917722464828529,22.8513573289301,12.412383321254364,330.3767191412937,0.0,8.917722464828526,12.191202704355444,0.0,0.0,20.857484848573426,-1058.9373103780172,21.622894693546525,29.569967217352685,20.716436633389969,-436.22326991682078,19.579845280567008,-23.26724197973931,16.43749488192126,37.04890369143668,20.95295968796806,-525.1779834945194,17.858514276252273,316.5975236134873,15.950325894915724,43.52135217189334,16.661643880921298,74.22832530743358,820.2424394792809,701.8966126284174,0.0,0.0,0.0,0.0,0.0,0.0,0.0,0.0,0.0,0.0,0.0,0.0,0.0,0.0,0.0,0.0,0.0,0.0,0.0,0.0,0.0,0.0,1.3754777847313978,0.41986501365427289,262.1568000284251,306.36143181266899,7553.763968258929,0.26654869003921069,0.04068203449926902,107.55392434637494,125.61977213384326,3047.3457189312987,1.304418818022816,0.24648881670877108,144.34138364392997,168.78836201160673,4172.893243719313,0.38829749769513635,0.07337443267103859,36.97024734717033,43.396344437763037,965.7338527710231,0.0,0.0,12.128065398270753,14.426582335518976,228.62838117784805,0.0,0.0,103.78424957103487,121.61481805517681,2816.8723404418826,0.0,0.0,350.26902588653146,413.6743613845551,7965.46908176143,0.0,0.0,35.85380085313307,42.68274194545483,656.1519991291604,0.0,0.0,183.50858827553075,218.0642183110461,3546.1239358117547,35.415586097421549,24.290525444047707,205.60621698475377,242.4057635161803,5713.857645371589,0.0,0.0,214.4762042508233,254.75228652616736,4196.424301948134,1451.228298007818,21.72133897694518,27.57556987446674,22.0,30.0,0.0,21.47089109933862,27.967159980072969,16.0,30.0,1279.3471400420313,21.69620865254812,27.555208408422148,21.5,30.0,0.0,20.21679502355449,33.1265084370898,19.0,30.0,0.0,16.53743262170186,38.45204936095962,12.0,30.0,0.0,20.86376220453164,30.717206147657757,16.0,30.0,0.0,18.558831539640214,34.71841556532537,10.0,30.0,0.0,16.256161912674725,39.39191546101919,16.0,30.0,0.0,16.78153100226474,38.335868732927597,16.0,30.0,0.0,19.07423324920355,0.0,0.0,0.0,16.8852677635386,0.0,0.0,514.6815666961273,504.08688601036286,508.33374660079246,672.6377975017311,485.1909091019904,569.3908933918658,539.7202074443387,500.87935630170639,513.3772895876317,7669.110087669168,82.93389291395502,82.93389291395504,162.0,0.0,162.0,162.0,16.0,19.0,16.0,16.0,16.0,12.0,21.0,10.0,1.0,0.0,1451.228298007818,0.0,1279.3471400420313,0.0,0.0,0.0,0.0,0.0,0.0,0.0,0.0,82.93389291395502,82.93389291395502,0.34,0.7692660965591083,0.36028137401965956,82.93389291395502,0.3542647819438875,0.0,0.006723 
 02/27  17:20:00,6.82,63.66666666666667,3.6133333333333335,13.833333333333333,57.499999999999989,0.0,4.0,0.0,0.0,0.0,0.0,0.0,0.0,0.0,0.0,711.0,0.0,197.417774888459,5.53700787867093,14.188383645816306,5.919484499252481,157.55711568358303,0.0,5.537007878670927,7.569509557033337,0.0,0.0,20.81047451388894,-1384.2325100688377,21.518597682598107,-0.30623416575311249,20.270413927488243,-23.499786934793975,19.53743316543097,-32.505526869702169,16.43853770164957,36.424808857461389,20.477509384944719,-342.94605250758107,17.880869559595003,185.7677514796238,15.868474687412146,58.80192269692866,16.673156921026725,78.3746366385885,853.1675282713746,754.8587757624051,0.0,0.0,0.0,0.0,0.0,0.0,0.0,0.0,0.0,0.0,0.0,0.0,0.0,0.0,0.0,0.0,0.0,0.0,0.0,0.0,0.0,0.0,1.3558943813764415,0.4138871738023324,280.62871593916386,327.97022170031786,8139.344149168031,0.2536565807685842,0.038714374354179518,83.46546479156533,97.63251801588491,2420.4429030823628,1.604755181330773,0.30324171982818839,151.56543564986067,177.33564619445174,4296.500160196614,0.37941307523335296,0.07169559244772349,34.34708833830898,40.326113809800009,913.8809042593541,0.0,0.0,11.413007423613927,13.571645757084323,222.5038746125891,0.0,0.0,88.8484138500399,104.28953098997269,2374.7825417140454,0.0,0.0,343.28780980587717,405.4221895931577,8005.511774392634,0.0,0.0,38.65587262158874,46.02598525716973,723.2149919933534,0.0,0.0,185.98129344090928,220.94154096701119,3722.457092409957,35.26138733629104,24.18476497688,221.26373792119206,260.6471860965596,6259.089722231162,0.0,0.0,219.04409111425054,260.1609019088503,4416.733730900399,1565.1571192080178,21.52965301862508,27.859634543057955,21.999999999999994,29.99999999999999,0.0,21.489853751296204,27.9759396184876,15.999999999999993,29.99999999999999,42.02036867609938,21.07838877945093,28.620698268479907,20.999999999999994,29.99999999999999,0.0,20.116448289713504,34.967121807074757,18.999999999999994,29.99999999999999,0.0,16.533145316796863,38.83344484766313,11.999999999999995,29.99999999999999,0.0,20.314384998173453,30.945161459472769,15.999999999999993,29.99999999999999,0.0,18.521990575801465,34.39452854598667,9.999999999999997,29.99999999999999,0.0,16.12762282357974,40.235852636303039,15.999999999999993,29.99999999999999,0.0,16.801874139870728,38.58333702733509,15.999999999999993,29.99999999999999,0.0,19.00960001711989,0.0,0.0,0.0,16.864411928004104,0.0,0.0,522.5094226073863,514.7885119940129,515.7689186610706,771.1319621742547,507.2819952104403,531.7699473229914,527.4762748895312,527.5322714529298,530.9868423817941,10207.32080614727,81.25560095750936,83.56135886290895,161.99999999999995,0.0,161.99999999999995,161.99999999999995,16.0,19.0,16.0,16.0,16.0,12.0,21.0,10.0,1.0,0.0,1565.1571192080178,0.0,42.02036867609938,0.0,0.0,0.0,0.0,0.0,3489.511927704482,2093707.15662269,2709826.7766659709,81.25560095750936,83.60051828673356,0.34298373092348269,0.7697791793533375,0.36028137401965945,83.60051828673356,0.35426478194388735,2709826.7766659709,0.1476249923866305 
 02/27  17:30:00,6.494999999999999,65.5,3.465,7.0,0.0,0.0,4.0,0.0,0.0,0.0,0.0,0.0,0.0,0.0,0.0,948.0,0.0,10.047503872202793,2.4588040492974629,6.3005976053179559,0.30127651082705517,8.018881942047726,0.0,2.458804049297462,3.3613715490137454,0.0,0.0,20.72347833572078,-1006.2304410526708,21.324281642166633,22.95213159873606,20.72124684472086,-530.2307577712168,19.51314312633979,-4.190429231689848,16.43115074081315,33.662279038879749,20.13120796148392,-267.8764217640895,17.85034854929996,174.8524094620393,15.815183379201717,53.972439943020109,16.662308399324027,36.06820122499994,884.7359706945958,770.4999157974205,0.0,0.0,0.0,0.0,0.0,0.0,0.0,0.0,0.0,0.0,0.0,0.0,0.0,0.0,0.0,0.0,0.0,0.0,0.0,0.0,0.0,0.0,1.4537888767476484,0.4437694983967181,282.99686522533957,330.84227185160548,8453.446658225126,0.2954541354299584,0.04509373251372992,170.50386035333617,199.39643655235543,5004.213590135342,1.4568776495871539,0.2752981197254638,125.15607993116595,146.32301790171517,3844.04271142519,0.4073101875404553,0.07696715561988948,38.325226046008499,45.001392724691879,1040.0074822418004,0.0,0.0,11.05646485054752,13.152401849330742,222.34362005596183,0.0,0.0,81.1327790747107,95.37727103220208,2167.9675348139896,0.0,0.0,331.84972433744056,392.14537741410956,7904.654530473779,0.0,0.0,38.94374174853572,46.39909571926187,747.9705386631712,0.0,0.0,180.55033222132205,214.57744804789537,3722.8457444979014,35.38137669699748,24.267062206445467,228.15097824514658,268.96567035021959,6605.555814373951,0.0,0.0,213.2362238874505,253.49837995166679,4368.703609950921,1249.6987791820307,21.590856978588705,27.937908813412017,21.75,30.0,0.0,21.357342668958628,28.250083953730777,16.0,30.0,1277.7398980754286,21.783945856261594,27.516747680466737,21.5,30.0,0.0,20.06062590492415,35.5725268086307,19.0,30.0,0.0,16.514286439578524,38.94796754889739,12.0,30.0,0.0,19.972649374929604,31.40491611454415,16.0,30.0,0.0,18.44601160494828,34.44069318310394,10.0,30.0,0.0,16.0478316887105,40.32540140310488,16.0,30.0,0.0,16.778041970831379,38.42883770219681,16.0,30.0,0.0,19.113482517762287,0.0,0.0,0.0,16.69586818789464,0.0,0.0,534.8431055776116,526.3524291800537,529.8832044948537,806.8513974883654,516.1552395086753,528.03013352263,529.454170472111,529.1667946316163,528.8935982757213,8248.93795577666,82.55051146720507,82.55051146720509,162.0,0.0,162.0,162.0,16.0,19.0,16.0,16.0,16.0,12.0,21.0,10.0,1.0,0.0,1249.6987791820307,0.0,1277.7398980754286,0.0,0.0,0.0,0.0,0.0,0.0,0.0,0.0,82.55051146720507,82.55051146720507,0.34,0.7695420965444201,0.36028137401965956,82.55051146720507,0.3542647819438875,0.0,0.006704999999999999 
 02/27  17:40:00,6.17,67.33333333333333,3.3166666666666666,0.0,0.0,0.0,4.0,0.0,0.0,0.0,0.0,0.0,0.0,0.0,0.0,948.0,0.0,0.0,0.0,0.0,0.0,0.0,0.0,0.0,0.0,0.0,0.0,20.769480521980478,-1105.0235171950815,21.235515997797405,-34.627456382324599,20.626541860050659,-395.160604431021,19.49803824076914,-26.29516239820318,16.42838422145752,28.867005335236667,19.87997755916554,-230.83565827117296,17.809062160959145,145.8648542765537,16.38632284432969,-16.261142114731869,16.6125549278219,-17.481736534254656,987.9363044100909,761.0631680240558,0.0,0.0,0.0,0.0,0.0,0.0,0.0,0.0,0.0,0.0,0.0,0.0,0.0,0.0,0.0,0.0,0.0,0.0,0.0,0.0,0.0,0.0,1.4543704464639813,0.44394702273015326,418.89123939179617,490.3442160842469,12598.420222111916,0.28396707557760539,0.04334051825055028,209.11163019125065,244.83730611367057,6235.254620136404,1.724119306293673,0.325797298997293,216.11347990730548,252.633620280713,6623.106443977832,0.3824091663942584,0.0722617472400337,33.52989542411227,39.374324394593198,929.8719827219109,0.0,0.0,10.616128657984384,12.630208001665683,219.97285746873315,0.0,0.0,76.00394067817736,89.43419015673979,2040.719120024919,0.0,0.0,316.69625636314665,374.38327391785296,7691.5166959903449,0.0,0.0,30.331944703981237,36.07281082027673,644.4941214681152,0.0,0.0,178.18483247933689,211.82644375860066,3759.2213005526884,35.138054363973967,24.10017446088751,364.37976318140599,429.2126062613466,10586.150905111472,0.0,0.0,203.81913856218618,242.50013289774453,4221.537511648528,1715.4571099941625,21.502868546749555,28.206421216989239,22.000000000000008,30.00000000000001,0.0,21.266018523711588,28.596444655110319,21.000000000000008,30.00000000000001,1232.0353305506306,21.57377331990851,28.050065184222537,21.500000000000008,30.00000000000001,0.0,20.0209800460716,35.96365552892277,19.000000000000008,30.00000000000001,0.0,16.49312859867355,38.95938498895063,12.000000000000004,30.00000000000001,0.0,19.70107021762803,31.791518925555509,16.000000000000008,30.00000000000001,0.0,18.351195291484218,34.52206718017067,10.000000000000004,30.00000000000001,699.9029424543196,16.89800724770549,38.022033798846297,16.750000000000008,30.00000000000001,0.0,16.689372885249587,38.424742173392427,16.000000000000008,30.00000000000001,0.0,19.441679800450918,0.0,0.0,0.0,16.472789329372639,0.0,0.0,546.8955402773795,545.7304451761359,544.2709625098148,834.1946713587795,522.5514280381322,531.272624729706,534.9033220427629,530.7262564265461,531.8489325378793,9816.043501144355,81.5143293651915,84.99614322463549,162.00000000000007,0.0,162.00000000000007,162.00000000000007,21.0,19.0,16.0,16.0,16.0,12.0,21.0,10.0,1.0,0.0,1715.4571099941625,0.0,1232.0353305506306,0.0,0.0,0.0,699.9029424543196,0.0,5269.307041394511,3161584.224836706,4122202.320326434,81.5143293651915,85.0552759827976,0.34564356804648385,0.7663203197817088,0.36028137401965967,85.0552759827976,0.35426478194388769,4122202.320326434,0.22105052065697457 
 02/27  17:50:00,5.844999999999999,69.16666666666667,3.168333333333333,0.0,0.0,0.0,4.0,0.0,0.0,0.0,0.0,0.0,0.0,0.0,0.0,950.0,0.0,0.0,0.0,0.0,0.0,0.0,0.0,0.0,0.0,0.0,0.0,20.72935712356164,-1068.9621659531125,21.221777428208499,-162.11500647617414,20.61850286649547,-425.4990610206672,19.487309080746145,-36.85902724721416,16.430043142163865,26.822198169553006,19.685148235679038,-198.9492109580557,17.74968601070508,136.6384227253675,16.349971577095958,-27.236309567298407,16.55289695371065,-39.092198156906309,858.8765702340921,812.9050270992023,0.0,0.0,0.0,0.0,0.0,0.0,0.0,0.0,0.0,0.0,0.0,0.0,0.0,0.0,0.0,0.0,0.0,0.0,0.0,0.0,0.0,0.0,1.452171429698529,0.44327577219124827,288.67896151033838,338.03991119397088,8665.17134455939,0.2841635342662159,0.043370502787884,158.45501511353405,185.43999006433649,4822.172628226543,1.8310177055459128,0.34599729885599275,152.22644476275679,178.01689685164676,4754.556421801983,0.37415177110033939,0.07070139287610342,31.740333985684545,37.28690743548488,899.6097508509377,0.0,0.0,10.304396961852353,12.25955261517305,219.96380086621395,0.0,0.0,71.67522888061093,84.39267788599804,1943.4801605602925,0.0,0.0,313.86645857997976,371.2195346257072,7745.609762774484,0.0,0.0,24.838800611543534,29.513247830474854,549.8348436446335,0.0,0.0,183.2717687775508,217.98447982325286,3952.433432558236,34.93640145091302,23.96186656441223,232.93169233955028,274.55957308265018,6976.657442842621,0.0,0.0,205.67185528336044,244.86026216314668,4332.340853960252,930.8365970220748,21.176879070161854,28.878601183481515,21.5,30.0,567.1788600937376,21.185539831272548,28.88118821497595,21.25,30.0,912.0890315509282,21.432155780942034,28.44440093213223,21.25,30.0,0.0,19.99351170055599,36.28777605899647,19.0,30.0,0.0,16.47982301974136,38.92936055200231,12.0,30.0,0.0,19.50291391960188,32.11448472168555,16.0,30.0,0.0,18.216627848770274,34.78301928778719,10.0,30.0,0.0,16.884432935325568,37.914177031946497,16.0,30.0,0.0,16.593116394797347,38.55827845879729,16.0,30.0,0.0,18.599370831182577,0.0,0.0,0.0,16.317183645123796,0.0,0.0,560.8285420361747,558.3607327420843,563.4022255121722,858.563983823661,528.5480171071829,537.113289408308,542.1249521687379,534.7585696308156,537.7108158413159,7196.7468313772519,81.8551264634792,83.5537083603758,162.0,0.0,162.0,162.0,21.0,19.0,16.0,16.0,16.0,12.0,21.0,10.0,1.0,0.0,930.8365970220748,567.1788600937376,912.0890315509282,0.0,0.0,0.0,0.0,0.0,2570.6634969343974,1542398.0981606383,1997293.2346377187,81.8551264634792,83.58255591989001,0.2556887832311466,0.5400210860649486,0.27021103051474468,83.58255591989001,0.2656985864579156,1997293.2346377187,0.11053724820116139 
 02/27  18:00:00,5.52,71.0,3.02,0.0,0.0,0.0,4.0,0.0,0.0,0.0,0.0,0.0,0.0,0.0,0.0,1190.0,0.0,0.0,0.0,0.0,0.0,0.0,0.0,0.0,0.0,0.0,0.0,20.87898535406682,-585.0446000763092,21.580455003473824,-713.1163134030205,20.540725290079427,-183.37932468569049,19.48365739749897,-20.850031763934707,16.435271650216124,25.334444705434536,19.516978218909665,-173.8990477193471,17.73814682477159,115.87101028789368,16.09345702313933,-13.498226575646984,16.49537495859221,-51.44107183556662,897.6302283587564,871.4464108571975,0.0,0.0,0.0,0.0,0.0,0.0,0.0,0.0,0.0,0.0,0.0,0.0,0.0,0.0,0.0,0.0,0.0,0.0,0.0,0.0,0.0,0.0,1.4605698511136625,0.4458393928918384,283.31392091427235,331.3336362005712,8953.133292206268,0.24121306171137697,0.03681518035887927,116.1058462609866,135.62482411127696,3704.0309072733355,2.126204854571749,0.4017771834035809,142.29014380388197,166.60280445595448,4483.330807262426,0.40595051159737718,0.0767102251695724,36.79427444439991,43.23457589127588,1064.7698708305448,0.0,0.0,10.130998949908325,12.057190075909612,222.73097832855093,0.0,0.0,68.81243651090169,81.09839683435902,1888.657709433444,0.0,0.0,317.3466313976483,375.4229823085639,8029.93898501576,0.0,0.0,29.12920462109839,34.66550844648268,637.8572838147833,0.0,0.0,184.0750843300042,219.03754789834475,4058.2653166485558,35.14804204816318,24.107024724391768,223.67538077013649,263.7797837901517,6923.619509418512,0.0,0.0,210.38577877929112,250.62468497564937,4510.875491856472,1047.301226960513,21.4748821138597,28.473461694547539,21.6,30.0,739.3798432586552,21.828200766731308,27.886410834345033,21.4,30.0,0.0,21.248508488278,28.796733744119928,21.0,30.0,0.0,19.976011853810698,36.24923349098691,19.0,30.0,0.0,16.473302774756836,38.90028770513279,12.000000000000002,30.0,0.0,19.333780322133774,32.434937521123327,16.0,30.0,0.0,18.204810081773496,34.814677211119278,10.0,30.0,0.0,16.43703471436791,38.948894875514387,16.0,30.0,0.0,16.50560423477514,38.751600049872937,16.0,30.0,0.0,18.893255844469779,0.0,0.0,0.0,16.176940395636874,0.0,0.0,571.7110600738124,575.0935173233604,566.8899253985658,862.0907347116212,534.3328515015676,542.8368806718436,548.1310183561598,539.3174627391923,542.0938311002124,5979.48097132438,81.90249622175428,83.31214002269624,162.0,0.0,162.0,162.0,21.0,19.0,16.0,16.0,16.0,12.0,21.0,10.0,1.0,0.0,1047.301226960513,739.3798432586552,0.0,0.0,0.0,0.0,0.0,0.0,2133.3008564730678,1279980.5138838404,1657845.6118833617,81.90249622175428,83.3360804541325,0.20711002854910227,0.4596528358760982,0.21616882441179575,83.3360804541325,0.21255886916633252,1657845.6118833617,0.09286797181793481 
 02/27  18:10:00,5.383333333333333,71.66666666666667,2.9683333333333334,0.0,0.0,0.0,0.0,0.0,0.0,0.0,0.0,4.0,0.0,0.0,0.0,717.0,0.0,0.0,0.0,0.0,0.0,0.0,0.0,0.0,0.0,0.0,0.0,20.90965576773403,-788.0846172384929,21.242935743272946,-100.48682290650848,20.735465847930997,-1941.4003155790193,19.624406259391014,660.6505815863571,16.442194002082034,22.864790962319888,19.37480954966084,-167.30993566765,17.671828334745756,133.97476131335925,15.914559325286529,-3.1109050141144509,16.441097299802644,-57.78684459311231,969.5704362499213,875.7356236358161,0.0,0.0,0.0,0.0,0.0,0.0,0.0,0.0,0.0,0.0,0.0,0.0,0.0,0.0,0.0,0.0,0.0,0.0,0.0,0.0,0.0,0.0,1.5389179839457466,0.4697551843546235,225.41722939851526,263.52550689142336,7230.3318385505649,0.24189342553481472,0.03691902099127209,20.137919749120568,23.545239445540227,645.655694216729,2.0811001630098464,0.3932539990570384,423.6461763050486,494.82046627960889,13659.819317395704,0.39039086867057407,0.07377000541771994,370.74969721900757,435.01698573457949,10996.576071187024,0.0,0.0,9.998376230206962,11.892917651896749,222.5197282035027,0.0,0.0,69.40782654299648,81.7906605574852,1905.1968477815327,0.0,0.0,313.7906235038137,371.21047393870608,7949.146569604318,0.0,0.0,31.685378301141044,37.73251981447333,684.7948114350098,0.0,0.0,179.22709307283828,213.24441440635673,3972.8049253237907,35.17177807888099,24.123304580851177,429.08643186636285,505.5611803603497,12635.550290029798,0.0,0.0,206.97311505757768,246.60997320861274,4426.4833980394209,1375.6982823459203,21.554618056953353,28.36955086403872,21.666666666666666,30.0,0.0,21.471294521032364,31.692498654770227,21.0,30.0,2898.4123727590415,21.665913145382473,29.36769708345705,21.666666666666666,30.0,0.0,20.348902970260725,31.805781686123237,16.0,30.0,0.0,16.470431955519996,38.88468098237289,12.0,30.0,0.0,19.19268914424048,32.75122875666359,16.0,30.0,0.0,18.07492887070765,35.13355541418101,10.0,30.0,0.0,16.138739175702939,39.67833781201652,16.0,30.0,0.0,16.42370079912024,38.965213104176068,16.0,30.0,0.0,19.042746334667709,0.0,0.0,0.0,16.00525846116603,0.0,0.0,575.2081784873134,760.3518496728289,654.5052435111189,651.2961115692064,540.3373223697658,549.7197755186662,553.8445977024406,545.0137940626955,547.3907765871536,7525.322572163481,83.02890608255308,83.02890608255308,240.0,0.0,240.0,240.0,21.0,16.0,16.0,16.0,16.0,12.0,21.0,10.0,1.0,0.0,1375.6982823459203,0.0,2898.4123727590415,0.0,0.0,0.0,0.0,0.0,0.0,0.0,0.0,83.02890608255308,83.02890608255308,0.34,0.7692240962397182,0.36028137401965956,83.02890608255308,0.3542647819438875,0.0,0.009840000000000002 
 02/27  18:20:00,5.246666666666667,72.33333333333334,2.916666666666667,0.0,0.0,0.0,0.0,0.0,0.0,0.0,0.0,4.0,0.0,0.0,0.0,956.0,0.0,0.0,0.0,0.0,0.0,0.0,0.0,0.0,0.0,0.0,0.0,20.926178988483927,-929.1894136174544,21.255021839917867,-112.47415540896087,20.62285445620411,-724.7034775786049,19.74816395656779,286.8019967799378,16.45051506009693,21.703523431814348,19.247384900469329,-149.7195434854484,17.677875997464424,105.44323654326309,16.255904536595659,-36.25310073990903,16.382774345563506,-85.6648442258313,928.4509797222831,941.5873239576392,0.0,0.0,0.0,0.0,0.0,0.0,0.0,0.0,0.0,0.0,0.0,0.0,0.0,0.0,0.0,0.0,0.0,0.0,0.0,0.0,0.0,0.0,1.5330545894842194,0.4679653814054394,201.749629936691,235.89959492891689,6452.479393929834,0.22543426806894527,0.034406939570962347,20.015484615998554,23.37475007476575,649.6570023087937,2.528305970681581,0.4777600095770185,280.00834995914109,327.80800658153705,8942.15687273444,0.37384921077253166,0.07064421972270059,276.0573950337995,324.00521809811309,8343.5091728784,0.0,0.0,9.895085360666315,11.77459698529505,222.93376959823218,0.0,0.0,65.82353496563954,77.62908243858581,1809.5479477403688,0.0,0.0,317.82003700942559,376.1072466901757,8131.2993483312989,0.0,0.0,32.159623866068809,38.2721215714434,726.0422797153068,0.0,0.0,184.7585827034236,219.9494916575439,4113.912051468432,35.263248923033099,24.186041785345066,281.6664012686855,332.49521066308099,8551.661149773365,0.0,0.0,212.50502820499629,253.3845692368543,4550.907060626266,1051.2374157278069,21.474438041810339,29.338880620820239,21.5,30.0,0.0,21.540951649470313,34.50756545264714,21.0,30.0,1190.9807231875332,21.29399691034753,29.706275221506745,21.25,30.0,0.0,20.502494640511526,31.296703840961415,16.0,30.0,0.0,16.471038205655299,38.89908289516019,12.0,30.0,0.0,19.07046086204862,33.08349752390736,16.0,30.0,0.0,18.065814262789176,35.40213565300145,10.0,30.0,698.1046715063349,16.566208426215039,38.671502791871478,16.5,30.0,0.0,16.334578301413769,39.24896312118835,16.0,30.0,0.0,18.792172449251468,0.0,0.0,0.0,15.87887228714213,0.0,0.0,628.8432108433718,926.7030465268442,632.1752669044422,638.7647461137891,546.467335774458,558.1145412446369,570.0500117194894,551.0804841161523,554.7591207278579,8255.02753483808,82.546566203659,82.546566203659,240.0,0.0,240.0,240.0,21.0,16.0,16.0,16.0,16.0,12.0,21.0,10.0,1.0,0.0,1051.2374157278069,0.0,1190.9807231875332,0.0,0.0,0.0,698.1046715063349,0.0,0.0,0.0,0.0,82.546566203659,82.546566203659,0.34,0.7703038638356943,0.36028137401965956,82.546566203659,0.3542647819438875,0.0,0.009840000000000002 
 02/27  18:30:00,5.109999999999999,73.0,2.865,0.0,0.0,0.0,0.0,0.0,0.0,0.0,0.0,4.0,0.0,0.0,0.0,1912.0,0.0,0.0,0.0,0.0,0.0,0.0,0.0,0.0,0.0,0.0,0.0,21.029149542431477,-1476.9860615184226,21.239631633851,-124.92072460012028,20.691858431061129,-360.97602830735129,19.686259856131274,357.7242520125212,16.460336062939587,21.56810405769125,19.13957005859085,-136.1712209096869,17.666829597276356,111.66117520155103,16.622683598618889,-50.67056589944602,16.317128341737754,-113.13832012133321,955.3249182654397,989.3627988450969,0.0,0.0,0.0,0.0,0.0,0.0,0.0,0.0,0.0,0.0,0.0,0.0,0.0,0.0,0.0,0.0,0.0,0.0,0.0,0.0,0.0,0.0,1.524411332291599,0.4653270245090352,270.36365359469508,316.06085659138406,8856.743225332813,0.2130837577522396,0.03252194104887661,22.19824876377747,25.937612245305379,725.8379903537207,2.6554359498224548,0.5017830593012955,284.1584590199129,332.8245099812435,9128.142472257157,0.3918272476169762,0.07404143001076645,302.5243163212411,355.3348227161771,9162.603253945246,0.0,0.0,9.95456958825768,11.850716013599204,227.0648083562582,0.0,0.0,62.71210318625916,74.0190418350654,1729.5440482115783,0.0,0.0,316.5089783449149,374.73053398119898,8177.775446485921,0.0,0.0,20.79350838342993,24.70061335423649,498.8491006386318,0.0,0.0,197.61908033370234,235.44441647659643,4416.777021911147,35.377207429715877,24.26420262669128,299.56714217147876,353.79491843910389,9122.164967686598,0.0,0.0,214.26312751568237,255.67630784641995,4604.929268748012,1801.4824509230553,21.674693456428924,28.814253756151847,22.0,30.0,0.0,21.554246876010013,35.76583049454353,21.0,30.0,535.8313174967683,21.255763883872004,29.519960859970788,21.125,30.0,0.0,20.407991521593965,31.251358474791137,16.0,30.0,0.0,16.475025779254904,39.005345000328308,12.0,30.0,0.0,18.974061285115579,33.48598234014275,16.0,30.0,0.0,18.05651993070742,35.605790700298829,10.0,30.0,0.0,17.092321044697628,37.50961956494138,16.0,30.0,0.0,16.23642925164289,39.790742246457188,16.0,30.0,0.0,18.81058241998473,0.0,0.0,0.0,15.777676379550567,0.0,0.0,621.2466618829892,998.1901460587656,618.5996459815999,625.6839418459243,556.8245159516609,573.7197754983428,584.7313024751754,561.3825948184014,573.427437987292,9667.555243945184,81.61255148321809,83.33962349669936,240.0,0.0,240.0,240.0,21.0,16.0,16.0,16.0,16.0,12.0,21.0,10.0,1.0,0.0,1801.4824509230553,0.0,535.8313174967683,0.0,0.0,0.0,0.0,0.0,2613.7364826722198,1568241.8896033318,2031448.901712427,81.61255148321809,83.36895491297389,0.34212454942240735,0.7702255474112228,0.36028137401965956,83.36895491297389,0.3542647819438875,2031448.901712427,0.11547534288904622 
 02/27  18:40:00,4.973333333333334,73.66666666666667,2.8133333333333336,0.0,0.0,0.0,0.0,0.0,0.0,0.0,0.0,4.0,0.0,0.0,0.0,1912.0,0.0,0.0,0.0,0.0,0.0,0.0,0.0,0.0,0.0,0.0,0.0,21.014957109194,-676.3534834783064,21.22212749203547,-126.3420671475144,20.88969182506547,-1344.2489429369585,19.78082663639895,549.745021803476,16.473818496999294,23.81608864385951,19.608686692088026,-304.11640678019719,17.689680687139274,126.2678056501718,17.306064406111319,-50.93968531977099,16.25013604622154,-115.31634928952838,1037.0570934949588,1075.6264514144035,0.0,0.0,0.0,0.0,0.0,0.0,0.0,0.0,0.0,0.0,0.0,0.0,0.0,0.0,0.0,0.0,0.0,0.0,0.0,0.0,0.0,0.0,1.5871069528448299,0.48446488182076616,158.65766279005767,185.63853323335324,5231.0646256311479,0.22171712187287782,0.033839609565457538,23.30165162349805,27.20924494278361,768.5363638999189,2.401528694517059,0.45380360818538548,324.9768782733325,380.1840719975695,10747.084966140854,0.3876670599733515,0.07325530233812386,325.6670470614136,382.35827191636948,10067.799059022453,0.0,0.0,10.961882114138078,13.050292217499408,253.28581249864156,0.0,0.0,85.5801347516614,100.73554436897027,2511.1172998370036,0.0,0.0,339.51491049454065,401.9134008159895,8895.99593390735,0.0,0.0,21.060611358845266,24.908730389025338,560.6768686333181,0.0,0.0,217.97270896826093,259.7755648970148,4891.3353231564019,35.55899877066399,24.38888804572291,330.8295483130336,390.46395288681188,10242.533253726255,0.0,0.0,222.67721921917448,265.7269452927296,4842.8660624592589,1043.0576689295234,21.559597240981668,29.157990826555844,21.625,30.0,0.0,21.561707078495709,36.480586956879289,21.0,30.0,1874.8984322672459,21.581662828953005,28.614745301344234,21.5,30.0,0.0,20.601857658005348,30.569950726124419,16.0,30.0,0.0,16.48655416035824,39.169667532124538,12.0,30.0,859.3692290674231,19.77899152270531,32.17537101021175,19.625,30.0,0.0,18.103954471127076,35.734096732250048,10.0,30.0,1340.4498566004157,18.289220731022597,35.03931856767088,20.7,30.0,0.0,16.140623643637029,40.32430660247627,16.0,30.0,0.0,19.00609738140623,0.0,0.0,0.0,15.768173621537045,0.0,0.0,628.5337540761628,1039.0765093991668,602.223162031435,611.0389068662659,571.6712378376772,597.626966506001,600.9967871450234,578.8658987050989,592.8471369389355,10498.789374914952,81.06280258000068,85.50423368750619,240.0,0.0,240.0,240.0,21.0,16.0,19.0,16.0,19.7,12.0,21.0,10.0,1.0,0.0,1043.0576689295234,0.0,1874.8984322672459,0.0,859.3692290674231,0.0,1340.4498566004157,0.0,6721.428695463775,4032857.217278265,5252398.0438052159,81.06280258000068,85.57966393225103,0.35154762318212587,0.7671287568337646,0.36028137401965956,85.57966393225103,0.3542647819438875,5252398.0438052159,0.2829646982778712 
 02/27  18:50:00,4.836666666666667,74.33333333333333,2.7616666666666669,0.0,0.0,0.0,0.0,0.0,0.0,0.0,0.0,4.0,0.0,0.0,0.0,1195.0,0.0,0.0,0.0,0.0,0.0,0.0,0.0,0.0,0.0,0.0,0.0,20.919473482215105,-660.9473009597992,21.203457471223027,-91.57261533582977,20.879603768228379,-1308.1497256424948,19.874920306383559,533.2968396559636,16.487846160009747,22.43659738607347,19.395614996221057,-245.78780283264698,17.64436287872949,93.91459497431062,18.3176737106307,-180.7028486029356,16.198992928018595,-95.49895414573001,1039.3061130947713,1165.1583861130908,0.0,0.0,0.0,0.0,0.0,0.0,0.0,0.0,0.0,0.0,0.0,0.0,0.0,0.0,0.0,0.0,0.0,0.0,0.0,0.0,0.0,0.0,1.5695552600540397,0.4791072222387179,166.89005864527989,195.09777573958315,5559.940193496124,0.23855454940309829,0.03640942451207239,19.08557458551838,22.285540351035207,636.6392569886643,2.4469089387262548,0.46237886219317006,337.3404822802497,394.4688817624241,11259.135576022827,0.3931848194758246,0.07429796286391242,331.31928877880787,388.6881328752979,10420.357356561635,0.0,0.0,10.757856048381964,12.802961809475218,251.79068219965738,0.0,0.0,77.79252510645753,91.64540428964239,2257.8000845859307,0.0,0.0,336.28830756985146,398.1119032738052,8843.916426449645,0.0,0.0,35.653832829383379,41.892593740171957,1076.4011110038287,0.0,0.0,226.68503779384376,270.14356657040858,5120.780596808748,35.7138064904039,24.495066179975255,346.0356580490628,408.03557023759387,10895.441814334981,0.0,0.0,230.95372026755499,275.5052965995376,5093.276831218283,670.1790500436569,21.647102890712703,28.93720235764021,21.4,30.0,0.0,21.562203009578594,36.89903221499763,21.0,30.0,1349.0049325818582,21.64208660702904,28.454849876694497,21.6,30.0,0.0,20.741676850551469,30.20261048102164,16.0,30.0,0.0,16.49891367254971,39.32771644672759,12.000000000000002,30.0,0.0,19.446375955427109,32.95342295398558,19.0,30.0,0.0,18.010460785181654,36.013669298237768,10.0,30.0,1246.5463290414996,20.001129832075656,31.676766577865256,20.7,30.0,0.0,16.075362000319186,40.63205720141001,16.0,30.0,0.0,19.14532952558205,0.0,0.0,0.0,15.781929521886659,0.0,0.0,625.61476953354,1063.7693006482335,600.3147178746566,606.8623521494851,585.0563838132182,606.2574295953148,606.2034193248589,595.5739333464345,600.7868015055083,9067.766792538441,82.00915315311815,83.41399919202232,240.0,0.0,240.0,240.0,21.0,16.0,19.0,16.0,19.7,12.0,21.0,10.0,1.0,0.0,670.1790500436569,0.0,1349.0049325818582,0.0,0.0,0.0,1246.5463290414996,0.0,2126.0475090571446,1275628.5054342866,1655447.282066512,82.00915315311815,83.4378581415317,0.3428682503019048,0.7686950848360205,0.36028137401965956,83.4378581415317,0.35426478194388757,1655447.282066512,0.09597659200079198 
 02/27  19:00:00,4.7,75.0,2.71,0.0,0.0,0.0,0.0,0.0,0.0,0.0,0.0,4.0,0.0,0.0,0.0,956.0,0.0,0.0,0.0,0.0,0.0,0.0,0.0,0.0,0.0,0.0,0.0,21.133977904635687,-1050.1810645887136,21.18579021437865,-127.97545377300114,20.85853563368487,-1043.6143414072408,19.820107744904154,354.3693865550463,16.498441125877265,19.24255314554017,19.347954947096626,-221.00687905208839,17.559968806681824,76.91463524090023,18.762528477439909,-287.42718846787826,16.16861002022584,-86.29290434266818,1047.687572435373,1218.9602740145143,0.0,0.0,0.0,0.0,0.0,0.0,0.0,0.0,0.0,0.0,0.0,0.0,0.0,0.0,0.0,0.0,0.0,0.0,0.0,0.0,0.0,0.0,1.5707886607811077,0.4794837181871513,230.87471907562498,269.85048060890559,7784.485720974111,0.2043758146813202,0.031192889908626406,23.83864996275991,27.841164876210344,798.3019616835438,2.606768534974111,0.4925866468205049,327.60147433671457,383.0015813941242,10930.65181908596,0.3822913248809402,0.07223947938037416,259.8260762915439,304.66934981162208,8187.361662421414,0.0,0.0,10.277242890946946,12.22806581142725,243.5105860718207,0.0,0.0,72.5602582253692,85.5219007438223,2099.0458528047849,0.0,0.0,324.6249747980136,384.4363665133965,8534.07587940975,0.0,0.0,47.68405477434247,55.931094727994608,1500.3106593658318,0.0,0.0,225.19608987713753,268.3610795670623,5135.95311948564,35.55602083123358,24.386845563260356,332.41280541466889,391.93428051506376,10487.124327401592,0.0,0.0,230.37543990728893,274.78542260732515,5141.722739637758,1837.6399170070018,21.792360147580653,28.563167389906817,22.0,30.0,0.0,21.556542986167196,36.871245667026538,21.0,30.0,1957.2700086244193,21.434630670580547,28.965883142013344,21.5,30.0,0.0,20.589451677126776,30.731910266486627,16.0,30.0,0.0,16.50605601868204,39.43468644869647,12.0,30.0,434.6620140736955,19.257052277601355,33.32013718652317,19.0,30.0,0.0,17.86231850454013,36.343854581656177,10.0,30.0,904.5358928826934,20.61289366824402,30.595641360886594,20.45,30.0,0.0,16.04475324393666,40.77090560920326,16.0,30.0,0.0,18.987241895224544,0.0,0.0,0.0,15.778296788607559,0.0,0.0,621.47933373096,1062.3319943795899,608.2850344822119,619.8139960185355,594.0222350704694,606.7976693785529,607.8544542793302,604.6348960746153,605.0059572403169,8539.296020024743,82.35857654493859,82.35857654493859,240.0,0.0,240.0,240.0,21.0,16.0,19.0,16.0,19.7,12.0,21.0,10.0,1.0,0.0,1837.6399170070018,0.0,1957.2700086244193,0.0,434.6620140736955,0.0,904.5358928826934,0.0,0.0,0.0,0.0,82.35857654493859,82.35857654493859,0.34,0.7682832207895952,0.36028137401965956,82.35857654493859,0.3542647819438875,0.0,0.009946666666666667 
 02/27  19:10:00,4.596666666666667,75.66666666666667,2.735,0.0,0.0,0.0,0.0,1.0,2.0,0.0,0.0,4.0,0.0,0.0,0.0,956.0,0.0,0.0,0.0,0.0,0.0,0.0,0.0,0.0,0.0,0.0,0.0,20.93265713968466,-514.0578772803699,21.15525175813105,-140.71107122900524,21.050231601805799,-1668.695850157983,19.82075524478746,399.6672681238157,16.506603116384995,17.12739193783159,19.6602671523732,-58.6863839108304,17.47692758277989,50.877197655291187,18.526829749804898,-203.9804755391596,16.486436143587264,-279.95793708592057,1067.3628265300027,1078.0645497339224,0.0,0.0,0.0,0.0,0.0,0.0,0.0,0.0,0.0,0.0,0.0,0.0,0.0,0.0,0.0,0.0,0.0,0.0,0.0,0.0,0.0,0.0,1.650052097927873,0.5036789065713899,263.9507680306451,308.89341048451356,8770.899171157713,0.19882154815206452,0.030345169131877987,28.57449863607307,33.36622996484849,959.6139220484472,2.428868588333852,0.45896987685824877,408.44515039963019,477.3590935024355,13746.237051984592,0.3747486116572932,0.07081417453841517,247.9236276556005,290.5317509006856,7866.7500096707449,0.0,0.0,9.517000581943816,11.322926452150519,227.5288960096364,0.0,0.0,13.97133882744099,16.422693914364396,425.64526951420927,0.0,0.0,232.94551963876584,276.1040473267728,6093.04239193321,0.0,0.0,41.38035378911043,48.62773439926688,1265.592751139462,0.0,0.0,194.08679729248434,231.0552944121258,4608.390408373483,35.733548444776648,24.508606615073157,409.3671137213497,482.0138900584452,13061.38058549125,0.0,0.0,198.51865138957315,237.07173358060795,4369.938352613409,591.4592178809704,21.316678271558837,29.79791762348755,21.25,30.0,0.0,21.52814738849031,36.49924604024794,21.0,30.0,2090.579434737485,21.668116594126468,28.508423753898755,21.5,30.0,0.0,20.579365058481927,30.85103566455004,16.0,30.0,0.0,16.510456576906159,39.53078396400276,12.0,30.0,254.84240203680737,19.96419811281256,33.62585513025284,19.5,30.0,0.0,17.6885599528713,36.91947176833735,10.0,30.0,773.4558618675734,20.019849503683476,32.55636149497918,20.2,30.0,867.880477450665,16.499947563791304,39.75312759600276,16.5,30.0,0.0,19.22559401852328,0.0,0.0,0.0,15.46801617397638,0.0,0.0,643.2600857701559,1039.7713297191927,608.0798126283289,626.5176111139676,602.0771615643082,714.7888809282426,619.4580710795616,656.0119475055102,614.7177330953557,10836.59167175382,80.83938817281002,86.20135342277003,270.0,0.0,270.0,270.0,21.0,16.0,19.0,16.0,19.7,12.0,21.0,10.0,1.0,0.0,591.4592178809704,0.0,2090.579434737485,0.0,254.84240203680737,0.0,773.4558618675734,867.880477450665,8114.466481181718,4868679.888709031,6354763.343783056,80.83938817281002,86.29241739321738,0.3554822160393906,0.7677165316192038,0.36028137401965956,86.29241739321738,0.3542647819438875,6354763.343783056,0.3416976938767189 
 02/27  19:20:00,4.493333333333334,76.33333333333334,2.7600000000000004,0.0,0.0,0.0,0.0,1.0,2.0,0.0,0.0,4.0,0.0,0.0,0.0,717.0,0.0,0.0,0.0,0.0,0.0,0.0,0.0,0.0,0.0,0.0,0.0,20.908025762259276,-417.2919138900875,21.126827372938228,-114.44355346215412,21.08984246694491,-1720.0255861330268,19.906193156625635,460.66360490569346,16.51173351552849,15.92410585362305,19.577349594235259,-49.93524555252361,17.635999770081669,207.5043423935594,18.817220277624587,-229.7229667354749,16.762841491466636,-505.3514363755713,1100.00671442363,1116.7308451689285,0.0,0.0,0.0,0.0,0.0,0.0,0.0,0.0,0.0,0.0,0.0,0.0,0.0,0.0,0.0,0.0,0.0,0.0,0.0,0.0,0.0,0.0,1.6266135195225149,0.49652427335852097,268.19130659263069,313.64084037129296,8907.160823320324,0.22589928051879688,0.03447791216709353,24.2246533945038,28.278674729648004,819.2763868882956,2.400601001378183,0.45362830713873455,446.3710303968395,521.2484829573022,15216.693859230198,0.3831002394449907,0.07239233549602996,307.2578451302005,360.06874530254029,9873.32179260719,0.0,0.0,10.046019164349929,11.946860644845208,242.2524546862556,0.0,0.0,13.860593874113935,16.28710471297047,421.49672376236875,0.0,0.0,201.83358743332827,238.77661587074705,5446.9347499461459,0.0,0.0,44.73656916560874,52.466191548654467,1415.5777252963035,0.0,0.0,162.1875545265037,192.577373418261,4044.827151202174,35.998401543265668,24.690261689482627,440.26598678394728,518.0319210455607,14161.357430998007,0.0,0.0,166.5235135287408,198.8920263971964,3609.03130167333,425.18487603993295,21.381345004116,29.696902458306199,20.999999999999994,29.99999999999999,0.0,21.503838753084496,36.45152519733175,20.999999999999994,29.99999999999999,2252.404915793471,21.705258949130174,28.56190377118905,21.999999999999994,29.99999999999999,0.0,20.720757671736803,30.586336795160855,15.999999999999993,29.99999999999999,0.0,16.510541288940645,39.6933486009532,11.999999999999995,29.99999999999999,0.0,19.82580395750583,36.17090038747496,18.999999999999994,29.99999999999999,0.0,18.024626534559617,36.282571037004178,9.999999999999997,29.99999999999999,643.916220092081,20.494809997051413,32.0335082005986,20.366666666666658,29.99999999999999,438.03906188409476,16.945518296269229,38.882591734051548,16.66666666666666,29.99999999999999,0.0,19.427939804396606,0.0,0.0,0.0,15.215120339983188,0.0,0.0,644.8323552164779,1036.6294325171912,615.2508099497019,627.8254973868179,612.2499102636382,849.3092419948707,627.6600851925018,681.6520844592767,628.1335026185055,10333.64196737315,81.1720294370209,85.85020613435948,269.9999999999999,0.0,269.9999999999999,269.9999999999999,21.0,16.0,19.0,16.0,19.7,12.0,21.0,10.0,1.0,0.0,425.18487603993295,0.0,2252.404915793471,0.0,0.0,0.0,643.916220092081,438.03906188409476,7079.797728222735,4247878.636933642,5533437.5772254229,81.1720294370209,85.92965710516111,0.3493265909407578,0.7692785085525785,0.36028137401965945,85.92965710516111,0.35426478194388735,5533437.5772254229,0.29903375401572199 
 02/27  19:30:00,4.390000000000001,77.0,2.785,0.0,0.0,0.0,0.0,1.0,2.0,0.0,0.0,4.0,0.0,0.0,0.0,956.0,0.0,0.0,0.0,0.0,0.0,0.0,0.0,0.0,0.0,0.0,0.0,21.14895984816976,-800.2639420731346,21.109688133286057,-110.94531160064494,21.03567414127894,-1253.3358510657238,19.91639907336114,362.096501842979,16.519117236128044,17.69429174830229,19.50207373705763,-55.61118105366678,17.63460061045134,56.83844906953277,18.77812257083723,-209.72893081151563,16.408351147784928,-349.72389711165558,1026.4012027600173,1242.0194469325355,0.0,0.0,0.0,0.0,0.0,0.0,0.0,0.0,0.0,0.0,0.0,0.0,0.0,0.0,0.0,0.0,0.0,0.0,0.0,0.0,0.0,0.0,1.6371074224921778,0.4997275404432777,213.31421006601293,249.11289841106558,7339.007525898396,0.23200887125285447,0.0354103893853563,22.86110427446872,26.705638209364716,778.020864067339,2.541228420098756,0.48020189344269789,350.4123541988621,409.41183597451609,11985.43215415836,0.3811904173553745,0.07203144696813575,279.51131652938178,327.62565902606016,9026.988254658543,0.0,0.0,9.914777709036575,11.792269576069224,241.23478182290689,0.0,0.0,13.425234199796213,15.780450465281044,408.53904046947999,0.0,0.0,237.55675451332119,281.0843987243668,6440.115039928038,0.0,0.0,42.20382590983357,49.53996228930558,1328.1485589029285,0.0,0.0,196.9584973443211,234.36263011739016,4720.482308190671,36.17190867810551,24.80926521132066,346.71352712581997,408.33974392011569,11319.111245250064,0.0,0.0,201.68821270358974,240.76207439148659,4477.145103098548,1501.9507402788952,21.74304825692837,29.025864681817646,21.75,30.0,0.0,21.494920993974757,36.591264271320969,21.0,30.0,1640.2307430557333,21.551088992965128,28.91125987980343,21.5,30.0,0.0,20.701689228911307,30.698605835671509,16.0,30.0,0.0,16.516878413410319,39.8989063004384,12.0,30.0,0.0,19.729924199860098,37.733473252929318,19.0,30.0,0.0,17.978012591216407,36.602909853804629,10.0,30.0,954.7583114013569,20.273279102788288,32.69437024008766,20.45,30.0,0.0,16.3380796466626,40.75394070867096,16.0,30.0,0.0,19.177492777554279,0.0,0.0,0.0,15.388875043970227,0.0,0.0,645.5116540666469,1045.3539444571548,620.2750787080631,632.8504528057479,624.4730865992669,930.4268421093458,639.7636469210917,697.0801769370538,645.1780100360041,8607.453808170578,82.31347906497608,82.31347906497608,270.0,0.0,270.0,270.0,21.0,16.0,19.0,16.0,19.7,12.0,21.0,10.0,1.0,0.0,1501.9507402788952,0.0,1640.2307430557333,0.0,0.0,0.0,954.7583114013569,0.0,0.0,0.0,0.0,82.31347906497608,82.31347906497608,0.34,0.7702348899883564,0.36028137401965956,82.31347906497608,0.3542647819438875,0.0,0.011340000000000001 
 02/27  19:40:00,4.286666666666667,77.66666666666667,2.81,0.0,0.0,0.0,0.0,1.0,2.0,0.0,0.0,4.0,0.0,0.0,0.0,958.0,0.0,0.0,0.0,0.0,0.0,0.0,0.0,0.0,0.0,0.0,0.0,20.920833828360068,-496.22644100265986,21.088775055052709,-132.72652507104685,21.143653125416138,-1628.9487326341203,19.8912652371454,378.05897521302998,16.52681471606578,16.8261051764104,19.424375823762646,-54.95093746263221,17.46473926814972,-30.817477940981914,18.809817295084156,-248.6355872336479,16.2001398743921,-223.92225273988888,1072.00776270295,1280.396623816089,0.0,0.0,0.0,0.0,0.0,0.0,0.0,0.0,0.0,0.0,0.0,0.0,0.0,0.0,0.0,0.0,0.0,0.0,0.0,0.0,0.0,0.0,1.6845459300685435,0.5142081593615825,262.99309703626587,307.70061778689537,8893.740692238955,0.2141511280068839,0.03268484859689927,27.31200889114035,31.88959973347871,931.9220717426359,2.475968063469645,0.4678700044349295,397.6339536475498,464.64559379769596,13613.636214565919,0.37470600404733969,0.07080612321378302,263.15577186936067,308.368410971259,8529.258479246788,0.0,0.0,9.580766231808508,11.394737552764833,235.2096458384503,0.0,0.0,14.211205632479047,16.707983703258898,432.7081630568598,0.0,0.0,251.6522004521371,298.1453712266439,6718.9189055735,0.0,0.0,46.95861882771071,55.13130022744644,1481.821313514523,0.0,0.0,215.36069764856328,256.5480780279242,5092.469433559956,36.19827820297468,24.82735130519527,397.0211197464333,467.3484815357584,12979.766279223804,0.0,0.0,220.54325031237188,263.3010556203192,4947.853374163158,598.1341721215149,21.30471928410696,30.085641211234134,21.250000000000008,30.00000000000001,0.0,21.475357824923998,36.752917283860899,21.000000000000008,30.00000000000001,1984.723265277134,21.662416933163514,28.53169874309033,21.500000000000008,30.00000000000001,0.0,20.643928897821938,30.868965015933769,16.000000000000008,30.00000000000001,0.0,16.524554999626298,40.18166222262941,12.000000000000004,30.00000000000001,0.0,19.63056555330158,38.83760479128674,19.000000000000008,30.00000000000001,0.0,17.64274258967541,37.712133060959647,10.000000000000004,30.00000000000001,621.1896372417164,20.22087566113825,33.02571769492956,19.950000000000008,30.00000000000001,25.714188992219584,16.05159770959166,41.85796460523305,16.000000000000008,30.00000000000001,0.0,19.209296918928016,0.0,0.0,0.0,15.403343914041877,0.0,0.0,661.6874585362288,1054.056510703136,612.1650262400476,637.8015478377222,640.5973775516072,985.1914779794433,657.9842218328928,709.9757181509858,663.7756953048986,6869.949466780654,81.80114631638064,83.61299903235421,270.0000000000001,0.0,270.0000000000001,270.0000000000001,21.0,16.0,19.0,16.0,19.7,12.0,21.0,10.0,1.0,0.0,598.1341721215149,0.0,1984.723265277134,0.0,0.0,0.0,621.1896372417164,25.714188992219584,2741.909056833947,1645145.4341003684,2130167.9091540148,81.80114631638064,83.64377030640967,0.2613969685611316,0.5398834660615327,0.27021103051474468,83.64377030640967,0.2656985864579156,2130167.9091540148,0.12215373127600876 
 02/27  19:50:00,4.183333333333334,78.33333333333334,2.835,0.0,0.0,0.0,0.0,1.0,2.0,0.0,0.0,4.0,0.0,0.0,0.0,960.0,0.0,0.0,0.0,0.0,0.0,0.0,0.0,0.0,0.0,0.0,0.0,20.869650449520856,-643.8419201644542,21.067689588886098,-92.77397816636148,21.03756129273409,-1045.7851679092294,19.95149589339666,386.95280459315839,16.530831436134613,15.939139992519799,19.360954702910555,-50.43665751577639,17.63120780045766,267.20201807947458,19.02489367164006,-238.91304927544918,16.674555180276266,-497.8875417252764,1062.9262005880506,1198.5123260921803,0.0,0.0,0.0,0.0,0.0,0.0,0.0,0.0,0.0,0.0,0.0,0.0,0.0,0.0,0.0,0.0,0.0,0.0,0.0,0.0,0.0,0.0,1.6379055938421444,0.499971182491497,222.56020404576948,260.36324027850255,7617.514014858211,0.24325527666019007,0.03712687372713524,20.949149656973625,24.456897447768815,721.1744030217435,2.6479437742954579,0.5003673042886353,348.9278528673024,407.93700472348669,12040.37809931033,0.3876361173496857,0.07324945528149767,269.4486951644257,315.78941938731028,8838.790991816766,0.0,0.0,10.38203983796089,12.346668130160558,257.0481306131374,0.0,0.0,13.535105508023627,15.916052111541994,413.03572108599499,0.0,0.0,205.57399195082753,243.1428517744606,5681.349946352096,0.0,0.0,46.26801571382366,54.2547227148079,1497.4468175562129,0.0,0.0,163.42086615422458,194.0841445585057,4130.4707203101529,36.38540025139028,24.955692902188127,341.83480437298638,402.7759840446719,11323.707318511333,0.0,0.0,168.0160946095186,200.68498321637888,3716.574133161217,519.6265170644323,21.382461850492928,29.703186107275984,21.0,30.0,0.0,21.459757770313538,37.188652124800608,21.0,30.0,997.8002517625953,21.534230932149737,29.026744061950408,21.5,30.0,0.0,20.748523106963874,30.654965936278985,16.0,30.0,0.0,16.52650327480079,40.43974474703185,12.0,30.0,0.0,19.558029909333507,39.60918531268389,19.0,30.0,0.0,18.032615896256968,36.93073203378006,10.0,30.0,554.7165721489223,20.542626764474734,32.553015576011699,20.2,30.0,885.5875802650988,16.814649832157046,40.254064020653647,16.5,30.0,0.0,19.136436106699319,0.0,0.0,0.0,15.129610202764767,0.0,0.0,650.8371133052114,1079.4915370572972,627.8510901637884,638.7689681662884,654.9083622182465,1024.7352895520876,667.0430733328218,722.2815425807215,682.8487750303402,7796.414341111805,80.57914345631402,82.60014264536689,270.0,0.0,270.0,270.0,21.0,16.0,19.0,16.0,19.7,12.0,21.0,10.0,1.0,0.0,519.6265170644323,0.0,997.8002517625953,0.0,0.0,0.0,554.7165721489223,885.5875802650988,3058.0102347444678,1834806.1408466807,2375743.330066461,80.57914345631402,82.63446592085387,0.27193367449148228,0.5407664601810094,0.27021103051474468,82.63446592085387,0.2656985864579156,2375743.330066461,0.13508865316345596 
 02/27  20:00:00,4.08,79.0,2.86,0.0,0.0,0.0,0.0,1.0,2.0,0.0,0.0,4.0,0.0,0.0,0.0,964.0,0.0,0.0,0.0,0.0,0.0,0.0,0.0,0.0,0.0,0.0,0.0,21.13364473205682,-1153.043741770486,21.05091087999589,-111.92765760125897,21.05988610914845,-1226.1632227979167,19.855370803369067,345.56908389455887,16.534924304913316,15.878599230716845,19.30029094731134,-60.924580620243009,17.585944656280284,29.270951847294329,18.927750653819275,-234.77226547141124,16.318439462409154,-377.81485014066336,1136.7321016162605,1310.475199110941,0.0,0.0,0.0,0.0,0.0,0.0,0.0,0.0,0.0,0.0,0.0,0.0,0.0,0.0,0.0,0.0,0.0,0.0,0.0,0.0,0.0,0.0,1.6153226004026538,0.49307771685062698,296.066988353749,346.2476458580593,10202.928688791806,0.23553103348591926,0.035947959933748368,21.76818956656905,25.416590966886625,752.5501798825105,2.7568044819078745,0.5209381107157739,399.3105586695368,466.47186277512386,13836.52571711112,0.40177327326448705,0.07592087552238983,296.4876704946265,347.54313325442527,9677.200940308394,0.0,0.0,10.199076520144388,12.126698450457902,254.68960894324958,0.0,0.0,15.080288828960472,17.734755061068083,461.28040771294669,0.0,0.0,252.52671097465717,298.8328272604574,6955.387527368945,0.0,0.0,42.28490830346978,49.60270857571897,1360.5497652796383,0.0,0.0,209.1799820033791,248.96436712988709,5091.209098990901,36.349232604253838,24.930886559844887,399.84429223635746,471.0249638602113,13064.477139323739,0.0,0.0,213.5773538864924,255.0566236418065,4800.027317510452,1901.644632637096,21.659684165286728,29.59696611565896,22.0,30.0,0.0,21.447718616347787,37.678348704254009,21.0,30.0,2120.3215387974316,21.538591919640127,30.003935062643359,21.5,30.0,0.0,20.558476129033399,31.67454355174577,16.0,30.0,0.0,16.53039599057847,40.72993764949691,12.0,30.0,0.0,19.4888875994053,40.20112314379816,19.0,30.0,0.0,17.87611316965799,37.76288142165842,10.0,30.0,972.9021282402696,20.30204238913132,33.42532774127171,20.45,30.0,0.0,16.201715123537644,42.122080590503909,16.0,30.0,0.0,19.129614866715863,0.0,0.0,0.0,15.217028426793468,0.0,0.0,676.1392002245699,1108.9205399996748,685.7458089214638,676.0874402954049,670.6345860706218,1053.0973298229492,690.9627340943985,748.1311524490222,696.9722665277961,9017.388668273888,82.04250243734818,82.04250243734818,270.0,0.0,270.0,270.0,21.0,16.0,19.0,16.0,19.7,12.0,21.0,10.0,1.0,0.0,1901.644632637096,0.0,2120.3215387974316,0.0,0.0,0.0,972.9021282402696,0.0,0.0,0.0,0.0,82.04250243734818,82.04250243734818,0.34,0.769713797635021,0.36028137401965956,82.04250243734818,0.3542647819438875,0.0,0.011715000000000002 
 02/27  20:10:00,3.9450000000000005,79.83333333333334,2.9233333333333335,0.0,0.0,0.0,0.0,0.0,2.0,0.0,0.0,4.0,0.0,0.0,0.0,1450.0,0.0,0.0,0.0,0.0,0.0,0.0,0.0,0.0,0.0,0.0,0.0,21.120097632259374,-719.4062006093898,21.027264640400209,-120.97238526859803,21.01755304414673,-1403.3788625230353,19.91679049850527,424.57896327098896,16.536683327668706,14.274188214280692,19.33155828127659,-53.84119161923441,17.546788811367386,148.25788788964364,18.61870298032617,-182.625381509568,16.562814935861945,-450.6140480238929,1068.7319216011177,1193.7730140901979,0.0,0.0,0.0,0.0,0.0,0.0,0.0,0.0,0.0,0.0,0.0,0.0,0.0,0.0,0.0,0.0,0.0,0.0,0.0,0.0,0.0,0.0,1.703912559564198,0.5201198289268003,193.55836807356264,226.20879202099327,6774.2121416111899,0.2460063787094505,0.03754676109729097,22.910928263813248,26.760882606416496,797.059861870906,2.5596529074961547,0.4836834670249727,334.45568868526399,390.7724464952747,11732.625961391099,0.3934187348447878,0.07434216455872782,306.6065935142993,359.452351214464,10145.08685787277,0.0,0.0,10.044741040150587,11.94525262881189,253.53520746845866,0.0,0.0,14.252958218318009,16.761898348515986,440.9026939138648,0.0,0.0,224.23506268875176,265.5748465875829,6200.764790505428,0.0,0.0,41.06283580729911,48.29195296680243,1293.456014331357,0.0,0.0,181.63790549704337,216.0987353117135,4576.245413074174,36.62423184486521,25.11950057946859,338.6199693528754,399.1114570449454,11259.44924566617,0.0,0.0,185.77429088209494,222.1264337403671,4168.2097659651039,757.6247446466875,21.51041249859807,30.122857570531644,21.33333333333333,30.0,0.0,21.42223472510502,37.98681378078021,20.999999999999998,30.0,1765.8763714957214,21.60767027095869,29.381636858279543,21.499999999999994,30.0,0.0,20.67491669585433,31.38275024449603,15.999999999999999,30.0,0.0,16.530905258826587,40.99578791517129,11.999999999999997,30.0,0.0,19.53334562448797,40.38826224012806,18.999999999999998,30.0,0.0,17.805122166202318,38.102388978055319,9.999999999999999,30.0,0.0,19.780900852848313,33.96099519618711,11.999999999999997,30.0,954.5425487882289,16.577729885786945,41.38060363242234,16.499999999999998,30.0,0.0,18.948900469341259,0.0,0.0,0.0,15.011331201000548,0.0,0.0,690.3594361125942,1125.120964654223,658.7307233697264,673.3446498887089,684.2799558979377,1074.6221826194488,700.2086932066943,716.2397232565845,708.898836383983,8312.499366744012,81.39382348846599,82.55930344020496,569.9999999999999,0.0,569.9999999999999,569.9999999999999,21.0,16.0,19.0,16.0,12.0,12.0,21.0,10.0,1.0,0.0,757.6247446466875,0.0,1765.8763714957214,0.0,0.0,0.0,0.0,954.5425487882289,1763.806830592227,1058284.0983553366,1370862.7743860107,81.39382348846599,82.57909715891339,0.28546022768640758,0.6162240143953575,0.3002344783497162,82.57909715891339,0.2952206516199062,1370862.7743860107,0.09636486426807256 
 02/27  20:20:00,3.81,80.66666666666667,2.986666666666667,0.0,0.0,0.0,0.0,0.0,2.0,0.0,0.0,4.0,0.0,0.0,0.0,727.0,0.0,0.0,0.0,0.0,0.0,0.0,0.0,0.0,0.0,0.0,0.0,21.05281493098841,-622.1705180098438,20.993606230787493,-145.35898284215353,20.960960927293138,-862.2209704033483,19.884697233538789,210.50153842791225,16.53665494348072,14.845572506704777,19.39215679182312,-48.13145673304321,17.63097140373847,50.03460789260165,17.906480280063648,-62.769819654262239,16.414367501535894,-482.74002937121738,1011.1831522663088,1274.9860566263606,0.0,0.0,0.0,0.0,0.0,0.0,0.0,0.0,0.0,0.0,0.0,0.0,0.0,0.0,0.0,0.0,0.0,0.0,0.0,0.0,0.0,0.0,1.7338250407256624,0.5292506229321313,136.66999178899386,159.83280782688704,4757.446544605765,0.23036757164940195,0.03515988578287575,26.157602250614248,30.51849091132373,913.1866246579862,2.7527459621830134,0.520171194667992,225.91097848982214,264.2209159249949,7889.604200818912,0.38119452404642997,0.0720322229868537,243.05871354737799,284.94182425973039,8078.575504043458,0.0,0.0,9.695340938156307,11.522110831940945,247.31445361197809,0.0,0.0,13.457547449054218,15.80459200580367,422.67897360270436,0.0,0.0,233.60908958792838,276.23454597581488,6584.85685444927,0.0,0.0,28.99691085321345,34.22503036860759,854.934335965597,0.0,0.0,188.32714294556889,223.927871236586,4725.813441355517,36.66248591967361,25.14573794216297,239.7478609251341,283.0840097764675,8089.744947558919,0.0,0.0,191.58884427443983,228.97482079048204,4267.525974748463,845.6853881717509,21.432653718734266,30.587727090642255,21.33333333333333,29.999999999999998,0.0,21.379663682761298,37.89783648597694,20.999999999999998,29.999999999999998,1220.701463304438,21.36063405134804,29.902441781726496,21.33333333333333,29.999999999999998,0.0,20.592900783383354,31.64626580619303,15.999999999999997,29.999999999999998,0.0,16.52936540302305,41.27081691822772,11.999999999999997,29.999999999999998,0.0,19.641107733456207,40.60431111884806,18.999999999999998,29.999999999999998,0.0,17.938944264248446,37.881259751973839,9.999999999999999,29.999999999999998,0.0,18.578151698506276,36.39570974314685,11.999999999999997,29.999999999999998,0.0,16.321791006921303,42.122263597984758,15.999999999999997,29.999999999999998,0.0,18.47219798006588,0.0,0.0,0.0,14.833152700346885,0.0,0.0,709.9060895598841,1115.8593942860778,662.5550015963463,679.5129438182003,698.1244216775275,1104.9506263371407,705.6756466270981,705.6107745072917,713.0033120384826,4373.40287486174,82.92169674558589,82.92169674558589,569.9999999999999,0.0,569.9999999999999,569.9999999999999,21.0,16.0,19.0,16.0,12.0,12.0,21.0,10.0,1.0,0.0,845.6853881717509,0.0,1220.701463304438,0.0,0.0,0.0,0.0,0.0,0.0,0.0,0.0,82.92169674558589,82.92169674558589,0.2266666666666666,0.4620316491008082,0.24018758267977295,82.92169674558589,0.2361765212959249,0.0,0.025048333333333333 
 02/27  20:30:00,3.675,81.5,3.05,0.0,0.0,0.0,0.0,0.0,2.0,0.0,0.0,4.0,0.0,0.0,0.0,729.0,0.0,0.0,0.0,0.0,0.0,0.0,0.0,0.0,0.0,0.0,0.0,21.14479148698865,-1129.5521467528229,20.962967187075539,-104.90511644362621,20.88160458278547,-498.84802720354596,19.825366795097499,337.98878904829555,16.53745551217872,14.332746233852195,19.42018896527938,-67.29863539180676,17.589843477148983,169.02981965929357,17.507898576382119,-23.59282836942749,16.60971671138715,-563.8365721933589,1070.0185706700907,1169.4107589362873,0.0,0.0,0.0,0.0,0.0,0.0,0.0,0.0,0.0,0.0,0.0,0.0,0.0,0.0,0.0,0.0,0.0,0.0,0.0,0.0,0.0,0.0,1.7193556591268289,0.5248338397823043,227.2499682623574,265.2400369991685,8057.806890220108,0.26260110997371968,0.04007953448927344,20.73498756607571,24.196548260340618,731.157735551385,2.917250206882736,0.5512566528501013,266.4422119940182,311.6156293545958,9345.773799378865,0.402764433255708,0.07610816954945346,264.13083603557228,309.6612022341157,8813.819124938207,0.0,0.0,10.249386151034411,12.178620342262413,264.2277779119134,0.0,0.0,14.002932608357629,16.444501940928285,444.7662346871738,0.0,0.0,237.7380824852913,281.30405109423318,6727.660650937117,0.0,0.0,15.955029567154135,18.867205118617578,454.52393485805586,0.0,0.0,181.38333820587014,215.55941731544616,4703.785912007021,37.098560991550488,25.444829212311715,271.6230420197052,320.3904209416067,9270.545507733143,0.0,0.0,182.63314730602219,218.45257320409258,4083.972065252996,1180.3183363621188,21.53849374472577,29.89576005673164,21.333333333333326,29.99999999999999,0.0,21.35042639090536,38.0341440699965,20.999999999999994,29.99999999999999,832.18904045197,21.32987748021058,30.37650848820394,21.333333333333326,29.99999999999999,0.0,20.527692356612705,32.07103334369418,15.999999999999993,29.99999999999999,0.0,16.530537328726515,41.47359189542776,11.999999999999995,29.99999999999999,0.0,19.69030383901943,40.672884866047898,18.999999999999994,29.99999999999999,0.0,17.880475407666397,37.91308813164799,9.999999999999997,29.99999999999999,0.0,17.94970536603032,37.92053897875091,11.999999999999995,29.99999999999999,1094.363127779681,16.67308213759852,41.32775545553071,16.66666666666666,29.99999999999999,0.0,18.754503160621348,0.0,0.0,0.0,14.662765452407886,0.0,0.0,683.1399444796757,1122.2038597445977,686.8358504742807,696.5499686615988,708.5557251265768,1116.276257295961,701.9386553772727,709.2472942484412,719.2285237848928,10237.879138369593,81.23522375423743,86.18126259412657,569.9999999999998,0.0,569.9999999999998,569.9999999999998,21.0,16.0,19.0,16.0,12.0,12.0,21.0,10.0,1.0,0.0,1180.3183363621188,0.0,832.18904045197,0.0,0.0,0.0,0.0,1094.363127779681,7484.7421666682,4490845.300000922,5854910.939862203,81.23522375423743,86.26526275334999,0.36282473888893998,0.7669255066393028,0.36028137401965945,86.26526275334999,0.35426478194388735,5854910.939862203,0.3294720355395013 
 02/27  20:40:00,3.54,82.33333333333334,3.1133333333333335,0.0,0.0,0.0,0.0,0.0,2.0,0.0,0.0,4.0,0.0,0.0,0.0,729.0,0.0,0.0,0.0,0.0,0.0,0.0,0.0,0.0,0.0,0.0,0.0,21.092721851004386,-1282.845443908318,20.957980824816734,-77.94665520525627,20.960140516714355,-258.4977187123964,19.84784492369363,452.24878470547727,16.538083107928605,17.66243835892108,19.431131294355255,-65.0347047623473,17.784778646678875,208.75933294263104,17.17674858857677,-88.81180689376677,16.771827180781466,-724.8546276438112,1124.304016695007,1357.9760051810873,0.0,0.0,0.0,0.0,0.0,0.0,0.0,0.0,0.0,0.0,0.0,0.0,0.0,0.0,0.0,0.0,0.0,0.0,0.0,0.0,0.0,0.0,1.7289604566247055,0.5277657071503989,257.88815536365117,301.12129399220438,9201.742001924491,0.2932594790287739,0.04475877274553941,15.775960596120087,18.393728886917978,564.2042374805594,2.9486745191936505,0.5571947315180752,284.8249117430038,333.0753686541406,10030.556903718243,0.4228029132089789,0.07989473038718427,304.9647556288058,357.40935790165426,10279.75674594607,0.0,0.0,10.921054545871297,12.976202433272677,284.5283486184303,0.0,0.0,15.037162969408787,17.657821417581727,482.3320499972029,0.0,0.0,242.82477420021554,286.9136544454059,7098.283363738895,0.0,0.0,17.6459156360439,20.897650757657979,489.9533470831477,0.0,0.0,174.32027852348913,206.91757610843443,4662.973164696959,37.47377469230165,25.702177429562206,301.7537035164694,355.7454166540467,10332.54459808897,0.0,0.0,187.61170752457717,224.40012092944358,4222.985734546889,1369.4812391679269,21.58988713813187,29.632819977161547,21.666666666666687,30.00000000000002,0.0,21.36243288721108,39.33683407010829,21.000000000000015,30.00000000000002,0.0,21.224817408580497,30.380104062271248,21.000000000000015,30.00000000000002,0.0,20.585728486967715,31.759528158594926,16.000000000000015,30.00000000000002,0.0,16.533068288692538,41.43537844503349,12.00000000000001,30.00000000000002,0.0,19.716397959050455,40.392557715130077,19.000000000000015,30.00000000000002,0.0,18.22588587966955,37.05514742966828,10.000000000000007,30.00000000000002,0.0,17.44038813729647,39.16453957349802,12.00000000000001,30.00000000000002,608.7923360729036,16.889347839579263,40.50808240592603,16.66666666666668,30.00000000000002,0.0,18.876294067034267,0.0,0.0,0.0,14.634615864693029,0.0,0.0,673.7723895870762,1201.623831342461,678.4568390504317,686.9747838449698,708.2300498544156,1105.0372338651037,701.0389532065115,711.0022882932456,710.3408731767835,9322.881142438924,81.8404749585842,81.8404749585842,570.0000000000005,0.0,570.0000000000005,570.0000000000005,21.0,16.0,19.0,16.0,12.0,12.0,21.0,10.0,1.0,0.0,1369.4812391679269,0.0,0.0,0.0,0.0,0.0,0.0,608.7923360729036,0.0,0.0,0.0,81.8404749585842,81.8404749585842,0.3400000000000003,0.7692425242658975,0.3602813740196598,81.8404749585842,0.3542647819438878,0.0,0.024984999999999995 
 02/27  20:50:00,3.405,83.16666666666666,3.1766666666666669,0.0,0.0,0.0,0.0,0.0,2.0,0.0,0.0,4.0,0.0,0.0,0.0,972.0,0.0,0.0,0.0,0.0,0.0,0.0,0.0,0.0,0.0,0.0,0.0,21.120694402513025,-1149.4515651985103,20.929832032921597,-134.6042136218136,21.03941816155885,-1125.9995146598265,19.805349418635879,398.4181146021747,16.538377396843424,17.7780878635415,19.441809305817299,-55.09561524647914,17.74781834920293,3.022194809258508,16.897519626382349,-83.99899551317893,16.373077582212006,-460.6890729101683,1074.9600037428166,1427.4771935356476,0.0,0.0,0.0,0.0,0.0,0.0,0.0,0.0,0.0,0.0,0.0,0.0,0.0,0.0,0.0,0.0,0.0,0.0,0.0,0.0,0.0,0.0,1.7759312317897647,0.5421035506073761,249.4725384056567,291.49023354418429,8974.143210294536,0.2576397218740881,0.039322301873334578,24.035538013233514,28.070457503131828,857.4092043317363,2.913792382202721,0.5506032468259112,316.1422711946657,369.01862467391887,11426.094759112904,0.41864657666204788,0.07910933043500525,293.87693457057699,344.4105437796456,9938.619829603133,0.0,0.0,9.964806565671179,11.842477082450563,262.3181966705949,0.0,0.0,13.618089330176219,15.990516702984286,441.1801202605554,0.0,0.0,257.0760913213662,303.85768532813315,7529.021873862967,0.0,0.0,20.759154046844004,24.62763292825981,566.3294394606433,0.0,0.0,190.91797854137463,227.10648289963326,4910.497985677761,37.41833046596592,25.664149839482808,320.585032548097,377.80105371236729,10966.045771824405,0.0,0.0,208.06105415580903,248.71231843472979,4793.630974570204,1685.658159538028,21.58193821069534,29.862772067626538,22.0,30.0,0.0,21.322165935114307,38.81775035889086,21.0,30.0,1966.2959672381153,21.466868128838468,29.77927237797136,21.5,30.0,0.0,20.47741967286722,31.98140262133957,16.0,30.0,0.0,16.535056419078573,41.471032376651539,12.0,30.0,0.0,19.74543494932132,40.53529978701344,19.0,30.0,0.0,18.102676847944065,37.327934094776157,10.0,30.0,0.0,17.03792382608468,40.177022636054939,12.0,30.0,0.0,16.23073151928907,42.26305686328445,16.0,30.0,0.0,18.698359372967074,0.0,0.0,0.0,14.8036421581748,0.0,0.0,687.0067935607558,1166.9065649503103,669.1825182252688,688.051396696146,711.4050818215658,1117.6915445694345,701.0734090379199,712.4220833705824,711.9064160779226,10416.500071981449,81.11724294847966,86.32153604621259,570.0,0.0,570.0,570.0,21.0,16.0,19.0,16.0,12.0,12.0,21.0,10.0,1.0,0.0,1685.658159538028,0.0,1966.2959672381153,0.0,0.0,0.0,0.0,0.0,7876.097485144095,4725658.491086457,6170999.294489008,81.11724294847966,86.4099222200795,0.3475365828381365,0.7668881486464029,0.36028137401965956,86.4099222200795,0.3542647819438875,6170999.294489008,0.3460986299800951 
 02/27  21:00:00,3.27,84.0,3.24,0.0,0.0,0.0,0.0,0.0,2.0,0.0,0.0,4.0,0.0,0.0,0.0,972.0,0.0,0.0,0.0,0.0,0.0,0.0,0.0,0.0,0.0,0.0,0.0,21.18728426312184,-773.0613601872547,20.908011215968636,-92.58688310399578,21.11033363437975,-1234.0004850143469,19.916059921484299,392.938676575046,16.53592730976792,14.638990740425456,19.439269064355899,-61.10383291255275,17.638643303162284,164.20640184499599,16.67023539966378,-97.99139549593454,16.65750785382507,-543.0661925431518,1231.6508770996957,1247.1024595172324,0.0,0.0,0.0,0.0,0.0,0.0,0.0,0.0,0.0,0.0,0.0,0.0,0.0,0.0,0.0,0.0,0.0,0.0,0.0,0.0,0.0,0.0,1.8159115192630369,0.5543075455625877,324.92241477641428,379.7039304845625,11701.160537196238,0.2789513258990333,0.04257498869032865,22.010861686709757,25.706902786214955,791.6980068431469,2.8581153397298149,0.5400822637433513,441.62557464063789,515.9625350066713,15989.543966712708,0.40952557986534396,0.07738578606676944,259.6689175826947,304.16247643224338,8954.531482506014,0.0,0.0,10.285264013098646,12.221957741456804,273.46737171167646,0.0,0.0,14.942113796988558,17.544638010531395,488.1308248502186,0.0,0.0,237.29283276937395,280.7409595551659,6932.80063780089,0.0,0.0,24.34952633561084,28.91370929185327,655.831682861651,0.0,0.0,164.42078710855223,195.41222951012163,4405.273227693483,37.78873136781657,25.918197097267887,438.1315685912914,515.6467182224087,15206.612885939725,0.0,0.0,184.50022419601448,220.8243322862672,4220.003278906487,960.2284949464686,21.485492593264,30.029718786686247,21.5,30.0,0.0,21.302830725580674,38.71802088458274,21.0,30.0,1165.466845774987,21.540247475062,29.624372781215738,21.5,30.0,0.0,20.673211477126399,31.4507621558938,16.0,30.0,0.0,16.53256050760683,41.52678231032176,12.0,30.0,0.0,19.74917862545542,40.636480171692287,19.0,30.0,0.0,17.926823828602794,37.75597042544289,10.0,30.0,0.0,16.720162297982147,40.976876983528757,12.0,30.0,1150.0593499367945,16.70945236126913,41.017837856854189,16.75,30.0,0.0,19.32232350943729,0.0,0.0,0.0,14.531076457932944,0.0,0.0,686.3430226346482,1160.137640706073,668.7381408258395,680.7662754987878,714.8607919426526,1123.0422486697462,702.4841432559355,712.8301152990368,713.3329166760277,8963.862545623424,82.0778081450551,83.78600960422389,570.0,0.0,570.0,570.0,21.0,16.0,19.0,16.0,12.0,12.0,21.0,10.0,1.0,0.0,960.2284949464686,0.0,1165.466845774987,0.0,0.0,0.0,0.0,1150.0593499367945,2585.2074617206155,1551124.4770323693,2014132.157169666,82.0778081450551,83.81502053584025,0.3411735820573539,0.7689690997860338,0.36028137401965956,83.81502053584025,0.3542647819438875,2014132.157169666,0.13016320550615596 
 02/27  21:10:00,3.2183333333333334,84.33333333333333,3.296666666666667,0.0,0.0,0.0,0.0,0.0,2.0,0.0,0.0,4.0,0.0,0.0,0.0,729.0,0.0,0.0,0.0,0.0,0.0,0.0,0.0,0.0,0.0,0.0,0.0,21.445054032006039,-985.5889899070132,20.902854235042406,-90.95233579226144,21.18593550649902,-1517.4059541923085,19.926382113540627,454.5250181253202,16.53009552086499,15.77173531742547,19.43505773520087,-61.70662723299275,17.775666681300764,102.01606448181518,16.45110351606123,-112.85889287412707,16.50165056845751,-537.1442631410671,1178.7681213774548,1429.2651903599258,0.0,0.0,0.0,0.0,0.0,0.0,0.0,0.0,0.0,0.0,0.0,0.0,0.0,0.0,0.0,0.0,0.0,0.0,0.0,0.0,0.0,0.0,1.7992950680954239,0.549235368771497,212.86677701585547,248.16743961760865,7896.902061811688,0.29312610849084977,0.044738417046833,18.64582850779275,21.761282919428046,674.7748876269095,2.8810126979492236,0.5444090510108135,359.10880375076285,418.78132924614467,13211.594669058788,0.42662685405367875,0.08061731936010555,315.2239604789274,369.05299553786019,10891.138996871712,0.0,0.0,10.38992882167917,12.341429883150417,277.1601128522614,0.0,0.0,14.119318098372432,16.568971348211446,462.7389723595493,0.0,0.0,251.6168707323938,297.1633102424865,7492.5330433126459,0.0,0.0,29.384029444216844,34.91300628932166,776.9014815778171,0.0,0.0,171.34116947872998,203.5711156727604,4528.763917914486,37.91072055664526,26.001865951059857,357.47605794721428,420.83032661672459,12421.750011269482,0.0,0.0,197.6888977713789,236.35472211877409,4541.5324343691149,1523.6717040244049,22.034190879324436,29.235747436741563,22.0,30.0,0.0,21.30754920416929,39.24953614298637,21.0,30.0,2365.521923305885,21.723915957398448,29.308627889730049,21.666666666666666,30.0,0.0,20.681009936141736,31.54968136301825,16.0,30.0,0.0,16.525502592010445,41.49146625225118,12.0,30.0,0.0,19.751989203333677,40.582001872566767,19.0,30.0,0.0,18.162127433888725,37.24508638808672,10.0,30.0,0.0,16.407355201874606,41.84013802779087,12.0,30.0,0.0,16.417843586781925,41.80656037017098,16.0,30.0,0.0,18.983754418534969,0.0,0.0,0.0,14.56751346994115,0.0,0.0,699.3627927520814,1192.9891545925539,670.627452422514,687.7347199617749,713.1888373059087,1120.9434129262964,705.353856522686,715.6671638704131,715.4241623153729,9740.2088371124,81.56428203397299,84.22794120876142,570.0,0.0,570.0,570.0,21.0,16.0,19.0,16.0,12.0,12.0,21.0,10.0,1.0,0.0,1523.6717040244049,0.0,2365.521923305885,0.0,0.0,0.0,0.0,0.0,4030.5032317359275,2418301.939041556,3142314.1557931147,81.56428203397299,84.27317898429095,0.3610167743911976,0.7678388694243372,0.36028137401965956,84.27317898429095,0.3542647819438875,3142314.1557931147,0.18905033610124198 
 02/27  21:20:00,3.166666666666667,84.66666666666667,3.353333333333334,0.0,0.0,0.0,0.0,0.0,2.0,0.0,0.0,4.0,0.0,0.0,0.0,730.0,0.0,0.0,0.0,0.0,0.0,0.0,0.0,0.0,0.0,0.0,0.0,21.154564261387308,-706.4761813985113,20.883252964212333,-119.43303095412135,21.03612260983651,-925.9331572420879,19.916822711107228,217.52750439215158,16.527972853890917,17.457312025673138,19.422744922912317,-62.67567136613441,17.56105887581019,-38.53087843521764,16.29609995223054,-79.27912706104012,16.566841779368539,-511.29932860555996,1080.9748264904657,1480.3788667734412,0.0,0.0,0.0,0.0,0.0,0.0,0.0,0.0,0.0,0.0,0.0,0.0,0.0,0.0,0.0,0.0,0.0,0.0,0.0,0.0,0.0,0.0,1.859988522312844,0.5677620641980598,216.10825040630705,252.4958382458231,7818.717196466239,0.26367244173988199,0.040243046663596137,25.3321413439118,29.54854055829967,913.2069300050762,2.9539994222610206,0.5582009490289155,263.69113573802385,308.11902706604567,9557.785909664404,0.39797927225741849,0.07520394411515838,230.18775243637786,269.5985587676593,7951.369177806627,0.0,0.0,9.856927831239404,11.707425339498231,263.9362392815039,0.0,0.0,14.475051627908677,16.984174535181837,475.5220857798422,0.0,0.0,275.8187266854989,326.2655688426188,8021.16570076286,0.0,0.0,28.817965296798655,34.26844024799915,754.6160052604216,0.0,0.0,199.58861367724539,237.24265498764169,5267.8908763789,37.831932244557098,25.94782732822846,265.67250585674079,313.18808743447468,9393.197463154906,0.0,0.0,226.55436487068207,270.7594962190411,5303.220009759511,665.4347060615959,21.40431798290776,30.727569389552877,20.999999999999994,29.99999999999999,0.0,21.281877978662867,39.040408069649149,20.999999999999994,29.99999999999999,1336.2983213036269,21.572549615023516,29.331312054859894,21.333333333333326,29.99999999999999,0.0,20.622732107817489,31.48721999111929,15.999999999999993,29.99999999999999,0.0,16.526206165777539,41.585914206116388,11.999999999999995,29.99999999999999,0.0,19.741106701579719,40.673960017832168,18.999999999999994,29.99999999999999,0.0,17.733203769112408,38.36081456638875,9.999999999999997,29.99999999999999,0.0,16.214752273573894,42.34189943924913,11.999999999999995,29.99999999999999,972.5907446628049,16.349175986179906,42.010544697226247,16.33333333333333,29.99999999999999,0.0,18.57049978405291,0.0,0.0,0.0,14.744654877984246,0.0,0.0,719.7738472583221,1178.2612184275193,657.4634357247178,678.952359553173,718.605234526144,1124.9521936084305,710.5618618232057,715.7496812849521,716.1474789631109,6518.0400782582059,80.54411191637615,80.54411191637615,569.9999999999998,0.0,569.9999999999998,569.9999999999998,21.0,16.0,19.0,16.0,12.0,12.0,21.0,10.0,1.0,0.0,665.4347060615959,0.0,1336.2983213036269,0.0,0.0,0.0,0.0,972.5907446628049,0.0,0.0,0.0,80.54411191637615,80.54411191637615,0.2266666666666666,0.4654385188141761,0.24018758267977295,80.54411191637615,0.2361765212959249,0.0,0.025681666666666666 
 02/27  21:30:00,3.115,85.0,3.41,0.0,0.0,0.0,0.0,0.0,2.0,0.0,0.0,4.0,0.0,0.0,0.0,976.0,0.0,0.0,0.0,0.0,0.0,0.0,0.0,0.0,0.0,0.0,0.0,21.23472960266936,-1038.661486049691,20.8578928848627,-115.68449339912803,21.005976779987063,-731.5707051713011,19.829806350878426,289.05080385898057,16.52033559248693,13.869939928552086,19.41199325788297,-58.5798809270553,17.63006676784283,174.32500169304695,16.16610373090041,-110.83983343861337,16.6042376605156,-536.4990324595614,1084.524414170415,1339.92778564334,0.0,0.0,0.0,0.0,0.0,0.0,0.0,0.0,0.0,0.0,0.0,0.0,0.0,0.0,0.0,0.0,0.0,0.0,0.0,0.0,0.0,0.0,1.7970915362577627,0.548562740005422,199.41945780282507,232.97283832144877,7270.570167893986,0.2749190182628693,0.041959557121927549,22.011908008238579,25.68194834848026,796.0992781986881,3.0141174362757976,0.5695611179659482,269.3117949925882,314.90376554738466,9735.444003836508,0.41752233053469325,0.07889688785614005,273.3205935267953,320.3893184251556,9398.17324898556,0.0,0.0,10.281239990482256,12.214209006531988,276.1216233744453,0.0,0.0,14.519801331279578,17.042621850219424,478.20709562036816,0.0,0.0,241.3312203510932,285.2611867835717,7136.512635854826,0.0,0.0,34.106001217668758,40.57600389454589,885.409513694814,0.0,0.0,158.9452385971759,188.79285202770093,4267.964428850159,37.91596008786587,26.005459593872346,280.54416756203167,331.0054271762585,9809.95785788864,0.0,0.0,187.314456936627,224.10566017290015,4281.307917399809,1276.1536538342996,21.60047366176802,29.945397069446395,21.75,30.0,0.0,21.25458695876397,38.857125810419088,21.0,30.0,1048.9127005049493,21.337493849281189,29.97276923326369,21.25,30.0,0.0,20.50006258581296,31.804109077626838,16.0,30.0,0.0,16.516630157653809,41.676814717074609,12.0,30.0,0.0,19.734895821670109,40.81928385605617,19.0,30.0,0.0,17.948039738818129,37.8568716408474,10.0,30.0,0.0,16.050906234117656,42.91274303400037,12.0,30.0,0.0,16.525356971964699,41.67166803410676,16.0,30.0,0.0,18.598321720334096,0.0,0.0,0.0,14.404979416417828,0.0,0.0,696.4314714901301,1165.638508116977,669.3845207703246,683.5744227568699,722.3088005527336,1131.8208976818317,711.592596157056,721.6981813682118,723.1581149658648,9166.163610299925,81.94409875329302,83.65312457675384,570.0,0.0,570.0,570.0,21.0,16.0,19.0,16.0,12.0,12.0,21.0,10.0,1.0,0.0,1276.1536538342996,0.0,1048.9127005049493,0.0,0.0,0.0,0.0,0.0,2586.453820018741,1551872.2920112448,2019562.3597793803,81.94409875329302,83.68214950881257,0.3412151273339581,0.7679446861509613,0.36028137401965956,83.68214950881257,0.3542647819438875,2019562.3597793803,0.13073057604186109 
 02/27  21:40:00,3.0633333333333336,85.33333333333333,3.466666666666667,0.0,0.0,0.0,0.0,0.0,2.0,0.0,0.0,4.0,0.0,0.0,0.0,732.0,0.0,0.0,0.0,0.0,0.0,0.0,0.0,0.0,0.0,0.0,0.0,21.299875886625516,-1356.617073535619,20.834076490782477,-98.16211471098242,20.948898819593816,-755.1671211254723,19.788026470600259,325.1689312673796,16.512457862338495,15.583293221055694,19.39730942393621,-73.27371319664079,17.617517269024945,83.01702464666173,16.033574178056488,-95.38824966836865,16.591052786829044,-577.0468458897294,1134.1366021580778,1463.812378071882,0.0,0.0,0.0,0.0,0.0,0.0,0.0,0.0,0.0,0.0,0.0,0.0,0.0,0.0,0.0,0.0,0.0,0.0,0.0,0.0,0.0,0.0,1.7660732737478009,0.5390944059059224,242.65018747460023,283.12547739767128,8858.53463280668,0.2900156155934928,0.044263677593634458,18.68099173015399,21.802736336394145,678.628703688774,3.098358462067093,0.5854796791510006,301.7131171387515,352.2599537362339,11031.311913426322,0.4310642715211248,0.08145583362077189,290.82936026276487,340.80929760604286,9995.493924465449,0.0,0.0,10.56068151074915,12.538786238831545,284.54380487583026,0.0,0.0,15.073223733379667,17.67911628639367,497.5403792153106,0.0,0.0,269.64701692536996,318.6302812961791,7972.506798509974,0.0,0.0,34.58744110346572,41.15820796415623,890.570619746694,0.0,0.0,184.18551609195027,218.76425596226273,4919.433884226137,38.07269598022852,26.11296020591807,319.08894572836518,376.04038160986229,11111.591543866272,0.0,0.0,214.21537335902029,256.0408494683213,4980.445368149428,1492.614148016434,21.604556125045926,29.743172347081189,22.000000000000008,30.00000000000001,0.0,21.228774204368109,38.96167834821336,21.000000000000008,30.00000000000001,1056.3826314970107,21.448626711382287,29.970222258132055,21.333333333333344,30.00000000000001,0.0,20.441343288274017,31.81923238703341,16.000000000000008,30.00000000000001,0.0,16.50899645221312,41.69982126067205,12.000000000000006,30.00000000000001,0.0,19.720946770945717,40.81623242306104,19.000000000000008,30.00000000000001,0.0,17.893981898442055,38.037606285880347,10.000000000000004,30.00000000000001,0.0,15.883625935582849,43.42656565608409,12.000000000000006,30.00000000000001,983.7830514015748,16.37485233778604,42.073940094517578,16.33333333333334,30.00000000000001,0.0,18.737882012369103,0.0,0.0,0.0,14.565404557953095,0.0,0.0,685.6836053319336,1170.106301689518,682.1737675505946,678.618189176245,723.0346521745034,1130.5256886775777,714.6793140049778,724.5040772087103,723.0586713016272,10900.377668677073,80.79717860450669,85.71291544758037,570.0000000000002,0.0,570.0000000000002,570.0000000000002,21.0,16.0,19.0,16.0,12.0,12.0,21.0,10.0,1.0,0.0,1492.614148016434,0.0,1056.3826314970107,0.0,0.0,0.0,0.0,983.7830514015748,7438.932281865747,4463359.369119445,5807636.948427767,80.79717860450669,85.79640097830215,0.3612977427288582,0.7682412943340404,0.3602813740196597,85.79640097830215,0.3542647819438876,5807636.948427767,0.3277421213182439 
 02/27  21:50:00,3.0116666666666669,85.66666666666667,3.5233333333333336,0.0,0.0,0.0,0.0,0.0,2.0,0.0,0.0,4.0,0.0,0.0,0.0,732.0,0.0,0.0,0.0,0.0,0.0,0.0,0.0,0.0,0.0,0.0,0.0,21.204092150733023,-1118.8844227514106,20.83184017790137,-79.92129082635516,20.89561367006081,-461.66338082462166,19.800004158397486,358.48808289720878,16.504605704290417,15.646939414035647,19.37918284414492,-58.671068875494459,17.70341679378918,170.67793581447479,15.912635093571352,-122.17616345765231,16.592998948375468,-551.2504184709006,1208.2896284759939,1440.1441521417483,0.0,0.0,0.0,0.0,0.0,0.0,0.0,0.0,0.0,0.0,0.0,0.0,0.0,0.0,0.0,0.0,0.0,0.0,0.0,0.0,0.0,0.0,1.8154348961552727,0.5541620562134537,326.89349012634707,381.3962947620439,11991.353012353491,0.29620465653658775,0.045208280912177659,18.951284101740929,22.105720411514317,690.8238136356018,3.099651890146115,0.5857240911084881,351.7320573336972,411.15654975965,12737.840890022,0.42068501705038999,0.07949452325215235,262.08994803425369,307.0079833696112,9049.54948412496,0.0,0.0,10.65518850288765,12.649580339988323,288.0055209939605,0.0,0.0,14.702853966341675,17.245216571919238,486.35720632191819,0.0,0.0,249.59991488496173,294.6906218066956,7494.291719733191,0.0,0.0,41.68148502614773,49.620210636552219,1064.8952806793805,0.0,0.0,159.94031243970839,189.88301197673486,4308.69867871114,38.25261634168355,26.23636237426858,353.2994786341653,415.9839850039712,12469.08059587073,0.0,0.0,193.50573156491914,231.31960012762125,4484.264113103317,1219.2593410089269,21.588652922327286,29.69763527650353,21.666666666666687,30.00000000000002,0.0,21.239865818418609,39.67439664753128,21.000000000000015,30.00000000000002,850.622321961067,21.345273787501179,30.125712943743506,21.33333333333335,30.00000000000002,0.0,20.474841954411024,31.642667439810319,16.000000000000015,30.00000000000002,0.0,16.501812184667999,41.67135865510643,12.00000000000001,30.00000000000002,0.0,19.706353470511496,40.694238632629367,19.000000000000015,30.00000000000002,0.0,18.07751073413431,37.63336239689484,10.000000000000007,30.00000000000002,0.0,15.726970868490373,43.86868548622805,12.00000000000001,30.00000000000002,0.0,16.471708115037829,41.80480541404677,16.000000000000015,30.00000000000002,0.0,18.996391002841258,0.0,0.0,0.0,14.470865068143813,0.0,0.0,681.4813439959495,1214.88685595547,680.5340014919365,673.0594981556791,721.4344548224703,1122.6689193337796,716.8420003453749,725.5213084866821,724.2061090219007,9185.268190620225,81.93136322219334,84.357142526415,570.0000000000005,0.0,570.0000000000005,570.0000000000005,21.0,16.0,19.0,16.0,12.0,12.0,21.0,10.0,1.0,0.0,1219.2593410089269,0.0,850.622321961067,0.0,0.0,0.0,0.0,0.0,3670.9591746817407,2202575.5048090426,2856876.515967257,81.93136322219334,84.39834031203532,0.34903197248939157,0.7677394500574235,0.3602813740196598,84.39834031203532,0.3542647819438878,2856876.515967257,0.1742709121636307 
 02/27  22:00:00,2.96,86.0,3.58,0.0,0.0,0.0,0.0,0.0,2.0,0.0,0.0,4.0,0.0,0.0,0.0,976.0,0.0,0.0,0.0,0.0,0.0,0.0,0.0,0.0,0.0,0.0,0.0,21.365017120684834,-1051.780647869594,20.818408030559895,-99.11362392218288,21.17248526869464,-1518.5735840109297,19.81784256662944,513.8421598802256,16.4968814765258,15.827123341393986,19.359867703852097,-65.39950430711865,17.653301345339679,77.73903910711306,15.828403744352219,-85.01359138147825,16.864394509299303,-591.1457077310333,1197.4202373017852,1458.952530896633,0.0,0.0,0.0,0.0,0.0,0.0,0.0,0.0,0.0,0.0,0.0,0.0,0.0,0.0,0.0,0.0,0.0,0.0,0.0,0.0,0.0,0.0,1.818911580637818,0.5552233152130092,234.53678952116699,273.54687031846336,8706.871780233278,0.2930617507660994,0.04472859443927035,19.863546448010156,23.18053696620882,724.8646841667663,2.946532909866818,0.5567900434366626,380.13288574504477,443.3108387205517,14095.005482932349,0.44071090662723047,0.08327870495601479,329.688772670429,386.112322439015,11445.134119438735,0.0,0.0,10.410637620524327,12.362413218879662,282.29882580939047,0.0,0.0,14.362702019660678,16.853405914245589,475.9252505055333,0.0,0.0,262.00625978242069,309.633325240985,7825.109741877978,0.0,0.0,39.35641736517182,46.87247881698404,1003.2369350090246,0.0,0.0,174.46161992732398,207.1367075129409,4768.167444856107,38.32798385607441,26.288054770970118,381.3042626240132,448.85336124516717,13323.46057319274,0.0,0.0,206.9023885647612,247.43301164850133,4829.638810442574,1743.6037082715803,21.794970158952503,29.650153897821175,22.0,30.0,0.0,21.22663590274746,39.75156112555726,21.0,30.0,1867.18615936781,21.620898423501246,29.46081004211767,21.5,30.0,0.0,20.51148968395842,31.874210781209269,16.0,30.0,0.0,16.495836420013555,41.66810772468357,12.0,30.0,0.0,19.685906454713558,40.61198589326902,19.0,30.0,0.0,17.95180664990794,37.808942062382019,10.0,30.0,0.0,15.645966812793266,44.04262374950063,12.0,30.0,1550.1189782452507,16.69767644095524,41.203040369386879,16.5,30.0,0.0,18.916477711447145,0.0,0.0,0.0,14.48987413465996,0.0,0.0,701.4282566350123,1218.3916893481494,671.3741211254383,690.2092220110967,721.045383503863,1116.986682667232,711.6304602811731,723.7503444133533,722.4216686962817,10495.846612196388,81.0647087921568,84.78798939232718,570.0,0.0,570.0,570.0,21.0,16.0,19.0,16.0,12.0,12.0,21.0,10.0,1.0,0.0,1743.6037082715803,0.0,1867.18615936781,0.0,0.0,0.0,0.0,1550.1189782452507,5634.341893089284,3380605.13585357,4401733.874012194,81.0647087921568,84.8512230573614,0.3578113964363095,0.7684979065668429,0.36028137401965956,84.8512230573614,0.3542647819438875,4401733.874012194,0.2545718281153007 
 02/27  22:10:00,2.881666666666667,86.5,3.545,0.0,0.0,0.0,0.0,0.0,2.0,0.0,0.0,4.0,0.0,0.0,0.0,1952.0,0.0,0.0,0.0,0.0,0.0,0.0,0.0,0.0,0.0,0.0,0.0,21.279445419999776,-855.662961980129,20.802170434914104,-99.18728769688187,21.076141998190914,-1339.946638138173,19.948572515266024,479.1973643227742,16.484314080317298,11.176011179676366,19.343157521683929,-49.5163913833406,17.605742512978617,-84.52793304320289,15.72812305368268,-127.13390141367649,18.403368844711414,-755.0628641902956,1133.3404865935264,1607.5767972223917,0.0,0.0,0.0,0.0,0.0,0.0,0.0,0.0,0.0,0.0,0.0,0.0,0.0,0.0,0.0,0.0,0.0,0.0,0.0,0.0,0.0,0.0,1.8516872722164757,0.5652281050721844,150.2743175346021,175.47539908086535,5596.273264585456,0.3030279301044055,0.04624968408186897,18.33465757127565,21.41268936117888,672.2510074930582,2.9248588843044884,0.552694422582103,285.63650064825569,333.3888221112986,10638.434906397488,0.4279223066545311,0.08086211388029686,299.29207078976045,350.4187391608747,10540.349685678264,0.0,0.0,11.64539216848716,13.83234197886053,317.1975582226372,0.0,0.0,14.521279223768952,17.046945155175476,483.009441026065,0.0,0.0,218.50699021270129,258.3094571064686,6486.130029273123,0.0,0.0,52.6201118485746,62.71045204468365,1335.7582322171789,0.0,0.0,178.19375090497253,209.32772836258776,5877.423336706514,38.27346548815587,26.250662200381265,295.7776152072532,348.68755111710888,10497.71946985282,0.0,0.0,173.81677218427866,207.63120259665926,4145.098749549907,928.457567848443,21.59145770715437,30.03286190651576,21.5,30.0,0.0,21.207668517310738,39.874939109790798,21.0,30.0,1681.2789410682693,21.58095526378692,29.43581999323943,21.5,30.0,0.0,20.710844187943999,31.267055218049344,16.0,30.0,0.0,16.481012948775459,41.66660742911383,12.0,30.0,0.0,19.67495840557027,39.41662848734487,19.0,30.0,0.0,17.850179815834477,38.13203237370553,10.0,30.0,0.0,15.515884405149786,44.436414469889957,12.0,30.0,2736.912160484195,19.319716384250424,34.88860759393412,20.0,30.0,0.0,18.647209845106358,0.0,0.0,0.0,14.435168455167857,0.0,0.0,702.1287890756817,1223.963992283863,665.9799394314512,678.5137979469012,719.6969372950669,1096.978515933681,715.7836797131395,725.8193715669062,721.0330049681992,10132.347943974552,81.30514632728304,84.85036412514093,570.0,0.0,570.0,570.0,21.0,16.0,19.0,19.0,12.0,12.0,21.0,10.0,1.0,0.0,928.457567848443,0.0,1681.2789410682693,0.0,0.0,0.0,0.0,2736.912160484195,5365.158102933489,3219094.861760094,4193934.022806201,81.30514632728304,84.91057369266396,0.3488386034311163,0.7674399434865337,0.36028137401965956,84.91057369266396,0.3542647819438875,4193934.022806201,0.24373456918592246 
 02/27  22:20:00,2.8033333333333338,87.0,3.5100000000000008,0.0,0.0,0.0,0.0,0.0,2.0,0.0,0.0,4.0,0.0,0.0,0.0,978.0,0.0,0.0,0.0,0.0,0.0,0.0,0.0,0.0,0.0,0.0,0.0,21.161717342134435,-611.7243940237748,20.780825219548257,-119.69787886834894,21.201222378783876,-1762.2845790560539,19.998383588815238,400.7846177734216,16.46724622620575,8.342360423501347,19.320192886150104,-59.62707427505262,17.22819629379986,-91.07569301765307,15.677079966499932,-53.31128922732694,18.667515796358054,-1009.8491460856467,1127.0637839158993,1825.2666092237399,0.0,0.0,0.0,0.0,0.0,0.0,0.0,0.0,0.0,0.0,0.0,0.0,0.0,0.0,0.0,0.0,0.0,0.0,0.0,0.0,0.0,0.0,1.8789439686074996,0.5735482199656592,141.47592724557729,165.07290171655073,5273.502032694134,0.2923812022995457,0.04462472562569379,21.244970584921157,24.7886396982633,778.9986639510812,2.892368985933473,0.5465549860040578,288.5486289612029,336.5378389362677,10757.395643156578,0.4122701263203832,0.07790440784587738,265.01229925811318,309.9947570351293,9409.925006011776,0.0,0.0,11.76780240138552,13.971052387285596,321.86361877514119,0.0,0.0,15.43473528726572,18.11289188825531,514.9761117153248,0.0,0.0,263.944678998457,312.5437786620715,7584.779583964517,0.0,0.0,51.36699446575039,61.19480319237825,1309.7756521954253,0.0,0.0,233.0160185700213,273.7570941893353,7700.207098879862,38.10198902420322,26.133051456929516,280.2940778141916,330.14094805982657,10050.128593274632,0.0,0.0,222.7801999050493,265.55195145080077,5590.021319269673,799.3148473708823,21.459350262176185,30.41865757337164,21.5,30.0,0.0,21.179482958044859,39.785380932996549,21.0,30.0,2058.6113349310637,21.554699017495538,29.352283622293368,21.5,30.0,0.0,20.768196137528748,31.167424994397189,16.0,30.0,0.0,16.459542891218754,41.72419336831586,12.0,30.0,0.0,19.64919995642687,37.77358113063735,19.0,30.0,0.0,17.193420931793097,39.84818005733706,10.0,30.0,0.0,15.491286595654082,44.51395311434148,12.0,30.0,1467.1418831875454,19.475263967687739,34.57451461390392,19.5,30.0,0.0,18.48319332450111,0.0,0.0,0.0,15.247557178185132,0.0,0.0,710.973387669071,1216.2274071870132,658.7359340926605,679.5938215784097,720.5085850555961,1064.1618490369527,722.6454541051191,727.8121114069226,725.7663301186904,7949.662770369296,81.47734841777826,85.37519464383797,570.0,0.0,570.0,570.0,21.0,16.0,19.0,19.0,12.0,12.0,21.0,10.0,1.0,0.0,799.3148473708823,0.0,2058.6113349310637,0.0,0.0,0.0,0.0,1467.1418831875454,5898.192734989321,3538915.6409935925,4612384.969271969,81.47734841777826,85.4413930127179,0.281606424499644,0.537784389484813,0.27021103051474468,85.4413930127179,0.2656985864579156,4612384.969271969,0.26549401840214245 
 02/27  22:30:00,2.725,87.5,3.475,0.0,0.0,0.0,0.0,0.0,2.0,0.0,0.0,4.0,0.0,0.0,0.0,735.0,0.0,0.0,0.0,0.0,0.0,0.0,0.0,0.0,0.0,0.0,0.0,21.206681517214116,-826.3935053191648,20.75991656015134,-107.3444156688007,21.309300233572324,-1909.0041456346062,20.043848785868059,456.4666871451783,16.448722845258648,8.917417670026353,19.28539983036567,-72.37030589147071,17.160864918541934,-11.107649192760312,15.696125756566369,-2.414187530452633,18.847736496126623,-1410.1356989641584,1200.2359267866228,2158.410244211653,0.0,0.0,0.0,0.0,0.0,0.0,0.0,0.0,0.0,0.0,0.0,0.0,0.0,0.0,0.0,0.0,0.0,0.0,0.0,0.0,0.0,0.0,1.896581372789575,0.5789320429760606,239.10179354563989,278.66237966986196,8918.40015407735,0.3057702279466681,0.04666822770858792,19.816543590877779,23.098059101292419,729.9673624187777,2.8584292255030778,0.540141577003605,369.85416075670778,430.74807297677855,13934.159778511648,0.416494074529687,0.07870258400031874,289.0612611933542,337.8769701546234,10336.146348176884,0.0,0.0,12.232757793011882,14.518231412686454,335.9366102283581,0.0,0.0,16.871993635536229,19.797344894103369,563.994632422767,0.0,0.0,305.40563006518439,361.5541005923706,8791.903147167039,0.0,0.0,51.41487601070669,61.198445800040108,1327.7561750116664,0.0,0.0,275.73616867472858,323.5342640403303,9276.035560043456,38.14433722562512,26.16209686256867,365.4205439943911,429.4212447557386,13123.740948952389,0.0,0.0,266.4324004419189,316.8399649493357,7004.920539056357,1037.0517473448504,21.605353986591696,29.945832325109735,21.333333333333326,29.99999999999999,0.0,21.155681631776454,39.8261034244773,20.999999999999994,29.99999999999999,2274.85615647264,21.729201797662456,29.091826557485687,21.999999999999994,29.99999999999999,0.0,20.835478068823958,31.03244305892169,15.999999999999993,29.99999999999999,0.0,16.43721741543741,41.80489021532818,11.999999999999995,29.99999999999999,0.0,19.602677201328669,36.720435163895377,18.999999999999994,29.99999999999999,0.0,17.13354579559611,39.936861677395558,9.999999999999997,29.99999999999999,0.0,15.580244039499979,44.2592508211301,11.999999999999995,29.99999999999999,1486.440877622245,19.727379297056847,34.05640310812575,19.66666666666666,29.99999999999999,0.0,18.946090328537659,0.0,0.0,0.0,15.795298218807956,0.0,0.0,700.4128223301746,1217.8128872555668,662.7968063278515,679.8961149347506,722.7303094093576,1032.3105242429822,721.9251859686726,730.0905287696573,729.3479784653417,9790.288600558859,81.53131735724932,83.94919352815245,569.9999999999998,0.0,569.9999999999998,569.9999999999998,21.0,16.0,19.0,19.0,12.0,12.0,21.0,10.0,1.0,0.0,1037.0517473448504,0.0,2274.85615647264,0.0,0.0,0.0,0.0,1486.440877622245,3659.0118579619368,2195407.1147771629,2850358.8194178075,81.53131735724932,83.99025709233242,0.34863372859873117,0.7717441094653395,0.36028137401965945,83.99025709233242,0.35426478194388735,2850358.8194178075,0.173868658609726 
 02/27  22:40:00,2.646666666666667,88.0,3.4400000000000006,0.0,0.0,0.0,0.0,0.0,2.0,0.0,0.0,0.0,0.0,0.0,0.0,1715.0,0.0,0.0,0.0,0.0,0.0,0.0,0.0,0.0,0.0,0.0,0.0,20.73328050850812,-453.33670329377426,20.507260944522984,-379.61358911139328,20.67116793467694,-661.5783164186591,20.012901585779667,86.96355594204833,16.433763484451597,7.996945563392842,19.156240779281846,-62.65242259686646,17.213594422242545,34.43554341203839,15.701148871229846,-57.91968436781881,17.97799645636132,-470.1194224508181,1044.1025021244987,1389.578278269406,0.0,0.0,0.0,0.0,0.0,0.0,0.0,0.0,0.0,0.0,0.0,0.0,0.0,0.0,0.0,0.0,0.0,0.0,0.0,0.0,0.0,0.0,1.868448511428761,0.5703444784581083,256.371422302612,299.96975755393086,9231.108420018676,0.34787446441798039,0.05309439322618753,129.93379147289256,152.03662811442212,4657.001914132535,2.8970417818267468,0.547437978425312,200.48528498770222,234.53478385781745,7353.092538901313,0.3768775492786851,0.07121646811766543,154.62459359597919,181.10542341994907,5548.868397040345,0.0,0.0,11.733040623428569,13.935153558364278,323.63335443531715,0.0,0.0,14.118360024884927,16.59157479757806,470.4450484425272,0.0,0.0,223.28101037873305,264.44989884511718,6516.877038768551,0.0,0.0,46.4606263218426,55.329813588053067,1210.6068949602,0.0,0.0,187.73030097606526,221.47517402174933,5892.079624730999,37.76939553993326,25.904935212574288,293.75508876024426,346.00859773080085,10720.04093885163,0.0,0.0,177.92626157195526,212.51841383545884,4381.260790563614,0.0,20.780180111834825,33.6404724704055,21.714285714285738,30.000000000000033,0.0,20.74962093749926,34.54185965291014,12.000000000000015,30.000000000000033,0.0,20.910344560599986,32.0330591497896,22.00000000000002,30.000000000000033,0.0,20.731444575324664,32.45494055551313,12.000000000000015,30.000000000000033,0.0,16.42245566185587,41.99896137334578,12.000000000000015,30.000000000000033,0.0,19.461962087649718,36.448884160269638,12.000000000000015,30.000000000000033,0.0,17.268615932663179,40.60516683818468,10.00000000000001,30.000000000000033,0.0,15.622089966881165,44.22839036016481,12.000000000000015,30.000000000000033,0.0,18.38351639057431,37.57638088940621,19.714285714285738,30.000000000000033,0.0,18.51731831953569,0.0,0.0,0.0,14.756564839687389,0.0,0.0,823.1014020514043,870.0038698848601,744.9093843508152,748.5002809469057,730.9749937012423,1021.6473633349481,769.2807603754993,736.5052526665135,756.21246060099,0.0,79.8051105528204,79.8051105528204,60.000000000000067,0.0,60.000000000000067,60.000000000000067,12.0,12.0,12.0,19.0,12.0,12.0,21.0,10.0,0.0,0.0,0.0,0.0,0.0,0.0,0.0,0.0,0.0,0.0,0.0,0.0,0.0,79.8051105528204,79.8051105528204,0.0,0.0,0.0,79.8051105528204,0.0,0.0,0.0026999999999999994 
 02/27  22:50:00,2.5683333333333335,88.5,3.4050000000000004,0.0,0.0,0.0,0.0,0.0,2.0,0.0,0.0,0.0,0.0,0.0,0.0,735.0,0.0,0.0,0.0,0.0,0.0,0.0,0.0,0.0,0.0,0.0,0.0,20.181149614929337,-199.2035247347746,20.123336198318854,-341.11080636223206,20.052955839783473,-394.85736890767057,19.61277904784631,-160.57233876985246,16.412863477956934,3.691087078701385,19.025630683360299,-46.78482393923864,17.15143401449047,-14.75439257036761,15.601949156802278,-107.1317723276142,17.54708739750687,-163.69260918781354,954.6040356992306,1088.0404945689152,0.0,0.0,0.0,0.0,0.0,0.0,0.0,0.0,0.0,0.0,0.0,0.0,0.0,0.0,0.0,0.0,0.0,0.0,0.0,0.0,0.0,0.0,1.8294156392788144,0.5584296823195409,221.4829594589517,259.39054975684589,7622.855372992234,0.33522604086483889,0.05116392565092172,102.66379528301347,120.15927817934812,3545.613694997006,2.8429594803804698,0.5372183447430977,243.5874196067777,285.4212219971711,8425.045306890726,0.349983663389465,0.0661344790985384,153.52556495571543,179.90530733083555,5284.551023092391,0.0,0.0,10.408534122543415,12.351894536406814,288.1908587660248,0.0,0.0,12.672449374798419,14.886101791909283,419.8231613869914,0.0,0.0,169.7908316526441,200.96334507886918,4954.422933436932,0.0,0.0,43.81515793705566,52.15503505816497,1135.6417803034242,0.0,0.0,137.87939126219858,162.89354162082493,4163.827656667441,37.09305159815661,25.441050478845445,299.1153500857932,352.20477418883118,10536.60418989187,0.0,0.0,128.9494585925188,154.38650813020969,2951.1898000200965,0.0,19.90802853686478,34.12081620736563,22.000000000000019,30.00000000000002,0.0,20.121460756959267,32.99983046626861,12.00000000000001,30.00000000000002,0.0,19.913292362932155,33.47469716004893,22.000000000000019,30.00000000000002,0.0,19.98301072490138,33.66533050298142,12.00000000000001,30.00000000000002,0.0,16.395703799115098,42.44592110102076,12.00000000000001,30.00000000000002,0.0,19.280833721634534,36.463558794032049,12.00000000000001,30.00000000000002,0.0,17.177379973154467,40.728610955490008,10.000000000000007,30.00000000000002,0.0,15.46828777232844,45.07556327160197,12.00000000000001,30.00000000000002,0.0,17.70502832325919,39.5588750121567,20.000000000000015,30.00000000000002,0.0,18.20590254470627,0.0,0.0,0.0,13.827329642163523,0.0,0.0,750.2683414923745,714.3477209428455,714.9723839096623,732.247258451773,748.8360774738561,1032.3044367204403,765.28656264391,755.6977366258572,772.9142791536001,0.0,79.80511055282037,79.80511055282037,60.00000000000004,0.0,60.00000000000004,60.00000000000004,12.0,12.0,12.0,19.0,12.0,12.0,21.0,10.0,0.0,0.0,0.0,0.0,0.0,0.0,0.0,0.0,0.0,0.0,0.0,0.0,0.0,79.80511055282037,79.80511055282037,0.0,0.0,0.0,79.80511055282037,0.0,0.0,0.002696666666666667 
 02/27  23:00:00,2.49,89.0,3.37,0.0,0.0,0.0,0.0,0.0,2.0,0.0,0.0,0.0,0.0,0.0,0.0,735.0,0.0,0.0,0.0,0.0,0.0,0.0,0.0,0.0,0.0,0.0,0.0,19.836801505746004,-224.48065431730255,19.774161645080679,-378.5999552453965,19.597070351910369,-312.7660639762273,19.273675544195226,-173.82201487729467,16.386529205791669,-2.182507854085829,18.93209362724272,-38.208377261289729,17.035139710868287,-77.98817912099176,15.456021058043542,-164.72111178667448,17.33367196032059,-111.39413927134526,909.0756166393659,847.9003935141905,0.0,0.0,0.0,0.0,0.0,0.0,0.0,0.0,0.0,0.0,0.0,0.0,0.0,0.0,0.0,0.0,0.0,0.0,0.0,0.0,0.0,0.0,1.7509363774974074,0.5344738637049479,321.4724339529595,377.51436079968348,10830.163979932762,0.3125153682777649,0.047697705781099688,154.9633298698676,181.89738745261924,5235.967210731385,2.774031708403295,0.5241934445206535,314.8742487114645,370.1463765323871,10534.17419467626,0.335348194251568,0.06336889536121848,181.79804977704533,213.56312826516757,6108.842154029402,0.0,0.0,8.945030787071549,10.61230428216009,248.43184486986545,0.0,0.0,12.018870473300574,14.120640403963549,397.38353528981937,0.0,0.0,132.98619220407725,157.43723736022657,3849.8576532773606,0.0,0.0,42.0482703460404,50.078889845940398,1077.1924671671837,0.0,0.0,106.30660367253043,125.65689484533655,3163.287921921292,36.19041908216768,24.821960961706258,433.2588706801362,511.190091300669,14593.781651781957,0.0,0.0,98.55696887670283,118.18769279535857,2148.270217088152,0.0,19.411103334938568,34.02343243663,22.000000000000019,30.00000000000002,0.0,19.563582368712038,33.077592010846988,12.00000000000001,30.00000000000002,0.0,19.225648614458163,34.146643881799359,22.000000000000019,30.00000000000002,0.0,19.41469261311442,34.36296599135397,12.00000000000001,30.00000000000002,0.0,16.36096271881457,42.59345001156417,12.00000000000001,30.00000000000002,0.0,19.167202007285945,36.33577979716865,12.00000000000001,30.00000000000002,0.0,16.981442967173906,40.41286907934982,10.000000000000007,30.00000000000002,0.0,15.233012822286048,46.07628521786458,12.00000000000001,30.00000000000002,0.0,17.408976922469255,39.78649667237298,20.000000000000015,30.00000000000002,0.0,18.116905655558115,0.0,0.0,0.0,13.236323603262714,0.0,0.0,689.5210912593499,656.0805016719445,675.5309388453256,707.6921676849441,752.9054301663134,1036.948578240868,731.0002018598731,772.9175394313681,751.3994717303122,0.0,79.80511055282037,79.80511055282037,60.00000000000004,0.0,60.00000000000004,60.00000000000004,12.0,12.0,12.0,19.0,12.0,12.0,21.0,10.0,0.0,0.0,0.0,0.0,0.0,0.0,0.0,0.0,0.0,0.0,0.0,0.0,0.0,79.80511055282037,79.80511055282037,0.0,0.0,0.0,79.80511055282037,0.0,0.0,0.002693333333333333 
 02/27  23:10:00,2.4066666666666669,89.5,3.3550000000000006,0.0,0.0,0.0,0.0,0.0,2.0,0.0,0.0,0.0,0.0,0.0,0.0,490.0,0.0,0.0,0.0,0.0,0.0,0.0,0.0,0.0,0.0,0.0,0.0,19.663603879058337,-108.3656617195818,19.560692625953537,-247.0957927428401,19.43287801932437,-227.99694854044629,19.025791126225128,-93.0662938429291,16.358788397637516,-2.5080829804130646,18.843791331974157,-41.26936600620638,16.91994455062244,-64.26773271510683,15.324730211837573,-156.0281660029359,17.170937494690948,-91.08242839357672,728.6047715244004,881.2134756636549,0.0,0.0,0.0,0.0,0.0,0.0,0.0,0.0,0.0,0.0,0.0,0.0,0.0,0.0,0.0,0.0,0.0,0.0,0.0,0.0,0.0,0.0,1.7398006307137866,0.531074673600057,137.43543987652283,161.44382412748974,4641.4123765650269,0.32230844574026409,0.049192375723483536,91.62439750102624,107.6216899690327,3073.2337872074456,2.7810484772992014,0.5255193645690104,214.58005508625576,252.10418446929567,7194.2196158527,0.3402017543543583,0.06428604579636399,150.72267161008447,177.04076729536153,4976.290364687065,0.0,0.0,9.051436247933239,10.7316149590068,252.30176564454798,0.0,0.0,12.093477322546793,14.20307960363128,399.3934012571976,0.0,0.0,137.10422227255214,162.29986383113497,3947.096680062758,0.0,0.0,41.917872067205667,49.918487678704469,1065.333649627333,0.0,0.0,109.36135348614869,129.2831281752187,3228.2232159931807,35.99641620894921,24.688900006138014,220.08842719343077,260.0552856417537,7684.313510831637,0.0,0.0,101.14096127948463,121.27108794265618,2193.307696640463,0.0,19.253389386705487,33.86363637608444,22.0,30.0,0.0,19.286231573230145,33.44193013200396,12.0,30.0,0.0,19.092511722103283,34.37266056167287,22.0,30.0,0.0,19.032290439719973,34.561499596218457,12.0,30.0,0.0,16.326967395262434,42.51854125085618,12.0,30.0,0.0,19.059294191088584,36.14632243669057,12.0,30.0,0.0,16.808428925484117,40.62122180151425,10.0,30.0,0.0,15.040157696952324,46.46222678612921,12.0,30.0,0.0,17.19319323878377,39.93775281613784,20.0,30.0,0.0,17.460982317034856,0.0,0.0,0.0,13.096515444424379,0.0,0.0,664.8681801840702,645.6183363588257,673.2967731957579,675.9129607347231,747.5146334212765,1032.907490479529,721.8731976849659,768.3936443851985,734.9010944011567,0.0,79.80511055282031,79.80511055282031,60.0,0.0,60.0,60.0,12.0,12.0,12.0,19.0,12.0,12.0,21.0,10.0,0.0,0.0,0.0,0.0,0.0,0.0,0.0,0.0,0.0,0.0,0.0,0.0,0.0,79.80511055282031,79.80511055282031,0.0,0.0,0.0,79.80511055282031,0.0,0.0,0.00269 
 02/27  23:20:00,2.3233333333333339,90.0,3.3400000000000005,0.0,0.0,0.0,0.0,0.0,2.0,0.0,0.0,0.0,0.0,0.0,0.0,980.0,0.0,0.0,0.0,0.0,0.0,0.0,0.0,0.0,0.0,0.0,0.0,19.441068828378666,-221.63624363871078,19.398747910479999,-370.07313787146179,19.268591180071789,-96.83486703158391,18.910647853238886,-97.68570452154566,16.333049755651297,-3.796327493356017,18.770018817692319,-40.90061409553334,16.85507915838491,-70.65071022970347,15.224517945255766,-166.1945181445866,17.053695057117794,-88.7454663190058,554.9528584998063,818.4811022760805,0.0,0.0,0.0,0.0,0.0,0.0,0.0,0.0,0.0,0.0,0.0,0.0,0.0,0.0,0.0,0.0,0.0,0.0,0.0,0.0,0.0,0.0,1.727807330003917,0.5274137148974105,158.03433062264043,185.9048278018919,5265.589962713141,0.31506567789663716,0.04808694717592142,85.6141014921464,100.63097340880984,2839.826432540637,2.7407684723729419,0.5179078745980617,83.19539042966115,97.92925788051307,2829.1822937295416,0.3335925885731333,0.06303714825644996,75.37249150930126,88.72375410626255,2486.6850628954477,0.0,0.0,8.603233453817078,10.210542985232456,240.72544509968663,0.0,0.0,12.17981700685371,14.32165367081301,402.32511503283578,0.0,0.0,127.42164839669478,151.02080933519449,3669.593616181468,0.0,0.0,41.90658554652884,49.972672585869208,1061.2847623460012,0.0,0.0,101.10165597857768,119.68582386030387,2973.932425611371,35.67105339115691,24.46574306663712,139.04621978901214,164.7443266195003,5083.167693497484,0.0,0.0,93.4175940992327,112.20330947973187,1999.360684551976,0.0,18.9520090773324,34.01852676704931,22.0,30.0,0.0,19.083471015576725,33.4638006082815,12.0,30.0,0.0,18.9385923119655,34.351991466259828,22.0,30.0,0.0,18.89682344683024,34.64109066725865,12.0,30.0,0.0,16.299527623892517,42.38145849092673,12.0,30.0,0.0,18.97950260292945,35.98545677409182,12.0,30.0,0.0,16.729766513510037,40.31017172246827,10.0,30.0,0.0,14.910120858412974,46.50496326434968,12.0,30.0,0.0,17.054938066336804,39.89259646576291,20.0,30.0,0.0,16.827350215674458,0.0,0.0,0.0,12.867549424837913,0.0,0.0,640.9074179570597,625.7543539690917,656.9102479259029,666.2410640255387,739.9457234815874,1025.5381505245464,701.0881884323569,757.6335318827063,718.8804253855237,0.0,79.80511055282031,79.80511055282031,60.0,0.0,60.0,60.0,12.0,12.0,12.0,19.0,12.0,12.0,21.0,10.0,0.0,0.0,0.0,0.0,0.0,0.0,0.0,0.0,0.0,0.0,0.0,0.0,0.0,79.80511055282031,79.80511055282031,0.0,0.0,0.0,79.80511055282031,0.0,0.0,0.00269 
 02/27  23:30:00,2.24,90.5,3.325,0.0,0.0,0.0,0.0,0.0,2.0,0.0,0.0,0.0,0.0,0.0,0.0,490.0,0.0,0.0,0.0,0.0,0.0,0.0,0.0,0.0,0.0,0.0,0.0,19.156028687934268,-370.9961803804049,19.204895297503165,-201.5436842531426,19.14787161823427,-123.32463453536923,18.785347728917043,-111.78445274301476,16.30283022504422,-4.034892811236233,18.69031786788002,-43.61426979524387,16.799991997711694,-43.98094192213284,15.114886121039213,-167.2648429763051,16.944059853189054,-73.92256556730377,593.2596128421658,797.6629927057861,0.0,0.0,0.0,0.0,0.0,0.0,0.0,0.0,0.0,0.0,0.0,0.0,0.0,0.0,0.0,0.0,0.0,0.0,0.0,0.0,0.0,0.0,1.7330578935317083,0.529016451017005,174.5042155913664,205.33082365868038,5653.663091576111,0.32798734961732037,0.050059119294462817,114.26409696328574,134.3130226855643,3770.0460373947628,2.726950373436795,0.5152967447915335,73.7753078952199,86.65785992586332,2517.369229760073,0.3285591235935143,0.062086002190762327,52.507814614239538,61.741097948364657,1728.214592216627,0.0,0.0,8.682036410110165,10.293420666182307,243.8167659867924,0.0,0.0,12.137968447717445,14.262081775721397,400.8423749611122,0.0,0.0,123.57047077643277,146.3262391088095,3566.0719593221795,0.0,0.0,42.188113220121298,50.27928664998783,1063.5683991983574,0.0,0.0,96.82221005834683,114.55057097129878,2839.9927028081017,35.57283603639964,24.398378625788518,158.92395842472298,187.9320219823777,5702.097731978365,0.0,0.0,89.0036576243869,106.85969492624875,1886.9373486516807,0.0,18.536130534423969,34.457909992929618,22.0,30.0,0.0,18.835918086993595,33.78934837425437,12.0,30.0,0.0,18.836187361551575,34.20775008615755,22.0,30.0,0.0,18.73890874271209,34.533660185299009,12.0,30.0,0.0,16.265553118251796,42.12746910632151,12.0,30.0,0.0,18.886451219883726,35.76682071486654,12.0,30.0,0.0,16.674427967683078,40.13251606977139,10.0,30.0,0.0,14.763248744273746,46.54036895681864,12.0,30.0,0.0,16.923401001630375,39.84292575551606,20.0,30.0,0.0,16.852816299641995,0.0,0.0,0.0,12.677406069703807,0.0,0.0,618.7869421601904,617.0524394422322,640.0819212340964,644.8410371956559,726.9893456957733,1013.1814460330811,688.1199991093433,744.9041997354239,703.3985390914177,0.0,79.80511055282031,79.80511055282031,60.0,0.0,60.0,60.0,12.0,12.0,12.0,19.0,12.0,12.0,21.0,10.0,0.0,0.0,0.0,0.0,0.0,0.0,0.0,0.0,0.0,0.0,0.0,0.0,0.0,79.80511055282031,79.80511055282031,0.0,0.0,0.0,79.80511055282031,0.0,0.0,0.00269 
 02/27  23:40:00,2.1566666666666669,91.0,3.31,0.0,0.0,0.0,0.0,0.0,2.0,0.0,0.0,0.0,0.0,0.0,0.0,735.0,0.0,0.0,0.0,0.0,0.0,0.0,0.0,0.0,0.0,0.0,0.0,19.050055978122317,18.905535453079226,19.064958915359669,-394.38038360058757,18.927131420817284,-340.8374234819228,18.645676868513335,-96.97831742832136,16.27431204315389,-4.730436271069345,18.622906630173078,-38.29948819206899,16.740261348117654,-72.70175553959816,15.019187793429602,-179.96264671458023,16.86187554667248,-67.09768558575999,645.6888678666909,746.2026075949436,0.0,0.0,0.0,0.0,0.0,0.0,0.0,0.0,0.0,0.0,0.0,0.0,0.0,0.0,0.0,0.0,0.0,0.0,0.0,0.0,0.0,0.0,1.7144356583081702,0.5233320080305775,195.85843162247529,230.77965798174248,6409.56834444431,0.3150440544672388,0.04808364689670927,125.28178401321594,147.51150628616245,4110.256469738845,2.6551980921216717,0.5017381126458191,145.89130755341265,171.8551017858518,4823.0281100673,0.3199549486214889,0.06046011878712944,97.01755349503358,114.19936251133874,3163.193269237612,0.0,0.0,7.923556098215245,9.40050925027439,223.3538790402406,0.0,0.0,12.154940232499073,14.293551946066904,401.75671648395328,0.0,0.0,110.41944644175425,130.8536541348642,3190.262642948027,0.0,0.0,42.54960779665824,50.76006670884996,1069.835061099654,0.0,0.0,87.6362184960737,103.76696157633788,2570.3692275150699,35.33804867680752,24.237344771472949,223.62812800321854,264.77270118706226,7695.904859889488,0.0,0.0,81.36485418919705,97.81319853891032,1704.355606371675,0.0,18.53511466045719,34.419521883254748,22.000000000000019,30.00000000000002,0.0,18.65712423746339,33.83041754689808,12.00000000000001,30.00000000000002,0.0,18.52309148153003,34.30985479967818,22.000000000000019,30.00000000000002,0.0,18.555405691444116,34.48184044075724,12.00000000000001,30.00000000000002,0.0,16.23696863703771,41.909047217411018,12.00000000000001,30.00000000000002,0.0,18.817869147621729,35.57134640113678,12.00000000000001,30.00000000000002,0.0,16.60773724659679,39.862075816484608,10.000000000000007,30.00000000000002,0.0,14.644500763379908,46.46968224158603,12.00000000000001,30.00000000000002,0.0,16.838586158946915,39.70116125066495,20.000000000000015,30.00000000000002,0.0,17.01155793227292,0.0,0.0,0.0,12.464329058018024,0.0,0.0,618.2454970287718,600.9483680729263,611.8412282972468,623.4119213490028,715.8653565796949,1001.1971852261138,670.6777980126636,731.4864639607716,689.1976434011962,0.0,79.80511055282037,79.80511055282037,60.00000000000004,0.0,60.00000000000004,60.00000000000004,12.0,12.0,12.0,19.0,12.0,12.0,21.0,10.0,0.0,0.0,0.0,0.0,0.0,0.0,0.0,0.0,0.0,0.0,0.0,0.0,0.0,79.80511055282037,79.80511055282037,0.0,0.0,0.0,79.80511055282037,0.0,0.0,0.0026900000000000007 
 02/27  23:50:00,2.0733333333333334,91.5,3.295,0.0,0.0,0.0,0.0,0.0,2.0,0.0,0.0,0.0,0.0,0.0,0.0,735.0,0.0,0.0,0.0,0.0,0.0,0.0,0.0,0.0,0.0,0.0,0.0,18.91446853930345,-221.5781615182958,18.856030867960017,-394.2885950051501,18.674824022719638,-299.1966220629351,18.51349691255298,-145.26721384382675,16.24298472499567,-5.267831802162082,18.556913850560976,-36.83514711886002,16.7072998266774,-40.52663317423825,14.908763975837215,-197.04481377328927,16.785306664429144,-60.87515005793182,705.4580026482863,677.2715017177312,0.0,0.0,0.0,0.0,0.0,0.0,0.0,0.0,0.0,0.0,0.0,0.0,0.0,0.0,0.0,0.0,0.0,0.0,0.0,0.0,0.0,0.0,1.7025758920739032,0.5197118107673702,359.8548603562516,424.06667426068716,11694.814009932576,0.3024935313236572,0.04616812138639461,192.55834504933956,226.94527747040224,6230.580239318115,2.6673109193071795,0.5040270066718031,270.5972321136464,319.2366841697357,8725.524650172909,0.3159409253835073,0.059701610994615929,129.820565376283,153.06710805594626,4212.000466424079,0.0,0.0,7.48619239194226,8.881449029894993,211.78153068100068,0.0,0.0,12.104968102016557,14.237138645588193,400.51888704589228,0.0,0.0,97.66558169773029,115.7357235108104,2834.355520304881,0.0,0.0,43.8252930262088,52.30595581616859,1096.7814757137142,0.0,0.0,77.36138677248322,91.6163094817772,2269.781788621537,35.17697473294059,24.12686881545997,432.34865695614209,511.63840964720876,14111.600402613387,0.0,0.0,71.65694817571782,86.20312945071665,1480.0168005430717,0.0,18.35072162869458,34.33340566058227,22.000000000000019,30.00000000000002,0.0,18.369448054558597,33.987541663687419,12.00000000000001,30.00000000000002,0.0,18.169545798994009,34.643203204781297,22.000000000000019,30.00000000000002,0.0,18.37731203856102,34.250276040647737,12.00000000000001,30.00000000000002,0.0,16.204655665661826,41.57872372622313,12.00000000000001,30.00000000000002,0.0,18.750255714157658,35.27420382632137,12.00000000000001,30.00000000000002,0.0,16.589125474355137,39.169799780209519,10.000000000000007,30.00000000000002,0.0,14.49833294053649,46.243187440947718,12.00000000000001,30.00000000000002,0.0,16.75882715042307,39.27671367785247,20.000000000000015,30.00000000000002,0.0,17.13471968562606,0.0,0.0,0.0,12.22490091330625,0.0,0.0,595.6360119382107,580.3296270353832,592.2760546356124,594.5305636779301,699.9875475717427,983.6249326409912,640.19054681433,710.7162887935975,664.1503662753434,0.0,79.80511055282037,79.80511055282037,60.00000000000004,0.0,60.00000000000004,60.00000000000004,12.0,12.0,12.0,19.0,12.0,12.0,21.0,10.0,0.0,0.0,0.0,0.0,0.0,0.0,0.0,0.0,0.0,0.0,0.0,0.0,0.0,79.80511055282037,79.80511055282037,0.0,0.0,0.0,79.80511055282037,0.0,0.0,0.002696666666666667 
 02/27  24:00:00,1.99,92.0,3.28,0.0,0.0,0.0,0.0,0.0,2.0,0.0,0.0,0.0,0.0,0.0,0.0,490.0,0.0,0.0,0.0,0.0,0.0,0.0,0.0,0.0,0.0,0.0,0.0,18.777475328413204,-143.50404726982834,18.78964783354981,-283.5387854653801,18.59260799405898,-293.21985637027958,18.368098285532385,-121.20486642487504,16.209694910927618,-5.053592505783769,18.488687333400916,-36.418688337304818,16.702821836267675,-8.84508671821527,14.802456398713833,-196.49077657266094,16.716103365247073,-51.245438496712498,667.0714428915685,657.43157474064,0.0,0.0,0.0,0.0,0.0,0.0,0.0,0.0,0.0,0.0,0.0,0.0,0.0,0.0,0.0,0.0,0.0,0.0,0.0,0.0,0.0,0.0,1.6984313760254204,0.5184466959784556,212.53243975530797,250.1462315091874,6916.344341487857,0.3069618117139018,0.04685009336292763,96.69811284533515,113.69283575093083,3133.317096137155,2.667016163389304,0.5039713082746231,218.84278010549964,257.8103676743032,7106.434963978937,0.32285469582845219,0.06100806799479441,131.61837914625679,155.0329724743409,4242.190172682978,0.0,0.0,7.5444565016163509,8.94665611559515,214.18624817545865,0.0,0.0,12.097137062772408,14.221532428639105,400.5927109733814,0.0,0.0,93.6710830705211,110.93566636372737,2739.5697068736587,0.0,0.0,44.460243190375667,53.05026385948949,1108.5447797971265,0.0,0.0,73.32577592680373,86.81563864430271,2153.9313552265487,35.231749045499118,24.164436931069358,289.149888312741,341.89293240133079,9682.368984688434,0.0,0.0,67.08358159498688,80.71519765548791,1372.1386403866396,0.0,18.211568039713208,34.247402643494357,22.0,30.0,0.0,18.365039911363266,33.77767639565728,12.0,30.0,0.0,18.145135348176486,34.5147520520016,22.0,30.0,0.0,18.18215298679611,34.386002824099879,12.0,30.0,0.0,16.170118183589169,41.22276403467491,12.0,30.0,0.0,18.677366553035378,35.00235476322647,12.0,30.0,0.0,16.62562525749803,38.808081084233638,10.0,30.0,0.0,14.363429065436524,46.24797625723032,12.0,30.0,0.0,16.688833576941506,39.09461453832945,20.0,30.0,0.0,16.93440241989849,0.0,0.0,0.0,12.034711089240034,0.0,0.0,577.7946162455849,570.2303796195774,584.1117763167338,581.2159839536887,682.7542368944404,966.1462363441444,628.5932749589372,698.2197931529677,649.8053608901203,0.0,79.80511055282031,79.80511055282031,60.0,0.0,60.0,60.0,12.0,12.0,12.0,19.0,12.0,12.0,21.0,10.0,0.0,0.0,0.0,0.0,0.0,0.0,0.0,0.0,0.0,0.0,0.0,0.0,0.0,79.80511055282031,79.80511055282031,0.0,0.0,0.0,79.80511055282031,0.0,0.0,0.002703333333333333 
 02/28  00:10:00,1.9300000000000002,92.33333333333334,3.2866666666666668,0.0,0.0,0.0,0.0,0.0,2.0,2.0,0.0,0.0,0.0,0.0,0.0,490.0,0.0,0.0,0.0,0.0,0.0,0.0,0.0,0.0,0.0,0.0,0.0,18.6524098696932,-280.6559060874606,18.608954592938959,-253.015077517598,18.382604038443028,-168.9696331324094,18.28272283752979,-201.03620513094439,16.175942372308037,-5.397454035119878,18.428407710307654,-33.323589191174139,16.735701677857315,28.7429445540929,14.678086911551404,-230.8761604476614,16.724833942165536,-48.121440670911088,727.4696452943317,624.169870537756,0.0,0.0,0.0,0.0,0.0,0.0,0.0,0.0,0.0,0.0,0.0,0.0,0.0,0.0,0.0,0.0,0.0,0.0,0.0,0.0,0.0,0.0,1.691270807369183,0.5162609302103733,385.6163166262404,454.38528799134346,12404.650869357103,0.3018449505350833,0.04606913164454873,196.3269597893074,231.43900882655425,6309.826309674795,2.7366951344588106,0.5171381584389287,356.1222109660428,419.7348868343562,11390.736647486317,0.3198256265462645,0.060435681509120268,197.86760215045423,233.0842287891093,6354.211944634346,0.0,0.0,7.495868337729222,8.886935979613014,213.19161346354344,0.0,0.0,11.74652244597077,13.811357456260416,389.0641624202085,0.0,0.0,84.19939321092426,99.64912584816756,2489.4942921916356,0.0,0.0,48.24243776834779,57.59970142995178,1192.6338419912743,0.0,0.0,12.755839658400597,15.09163754112365,377.54094001534517,35.19595199215267,24.139884768280305,528.7221988272975,625.0541389697194,17038.424066238527,0.0,0.0,60.65706996018646,73.02561773856002,1222.3351852531569,0.0,18.06063926884267,34.36376312562953,22.0,30.0,0.0,18.11736414128844,34.22360955386293,12.0,30.0,0.0,17.86906184925011,34.85263508869727,22.0,30.0,0.0,18.093184052849318,34.373765983570397,12.0,30.0,0.0,16.136059744724059,40.87052360206945,12.0,30.0,0.0,18.619484819138046,34.73627288992867,12.0,30.0,0.0,16.723348987158368,38.04862521284831,10.0,30.0,0.0,14.192052418689034,45.81899426795496,12.0,30.0,0.0,16.742137719217724,38.93047058770808,20.0,30.0,0.0,17.101074871498846,0.0,0.0,0.0,11.825651942692783,0.0,0.0,568.2464522339426,567.4498555819266,572.846338117886,573.522382100844,665.47362659081,953.5165111387962,606.4755838826652,667.0023484394244,720.232715998708,0.0,79.80511055282031,79.80511055282031,60.0,0.0,60.0,60.0,12.0,12.0,12.0,19.0,12.0,12.0,21.0,10.0,0.0,0.0,0.0,0.0,0.0,0.0,0.0,0.0,0.0,0.0,0.0,0.0,0.0,79.80511055282031,79.80511055282031,0.0,0.0,0.0,79.80511055282031,0.0,0.0,0.00271 
 02/28  00:20:00,1.87,92.66666666666667,3.2933333333333336,0.0,0.0,0.0,0.0,0.0,2.0,2.0,0.0,0.0,0.0,0.0,0.0,490.0,0.0,0.0,0.0,0.0,0.0,0.0,0.0,0.0,0.0,0.0,0.0,18.430289553222339,-121.36682238853519,18.589046929271264,-313.73997996290407,18.348594848873199,-306.0278965175048,18.105906123983489,-117.49471873507446,16.14154138319268,-5.5665834884302118,18.36524974716081,-30.187792241989,16.731391892664079,-27.973921844759844,14.559309930965452,-233.28878622713058,16.73422167313032,-55.694786393009227,695.6576493927678,650.701957869122,0.0,0.0,0.0,0.0,0.0,0.0,0.0,0.0,0.0,0.0,0.0,0.0,0.0,0.0,0.0,0.0,0.0,0.0,0.0,0.0,0.0,0.0,1.6916211158317718,0.5163678619755103,370.2074269058244,436.38204765128008,11805.085614391755,0.29503730575779477,0.04503011382139725,185.36471209200645,218.18591102327015,5982.928018411327,2.6029622385052928,0.491867392007803,330.1236244688805,389.1603189498584,10598.362848890334,0.31951176903659275,0.06037637358968115,171.86079296941518,202.64150574177547,5468.027350282193,0.0,0.0,7.182134546224363,8.519951577890975,204.65468976393434,0.0,0.0,11.669684517288417,13.723692355624987,386.4681454307371,0.0,0.0,80.68995296943192,95.51528406319739,2397.9124373867718,0.0,0.0,49.83907634631497,59.53726055520548,1223.241928022454,0.0,0.0,14.885066174619212,17.61517098223659,443.4669130834908,35.18464461181905,24.13212936338756,490.6075637706,580.155431540652,15794.653662637465,0.0,0.0,62.2160297612237,74.92974251411175,1248.2092208272812,0.0,17.7781857274243,34.86242904818364,22.0,30.0,0.0,18.17070675065448,33.96098824127825,12.0,30.0,0.0,17.90608138613591,34.55436257305624,22.0,30.0,0.0,17.84759529232622,34.70673626652682,12.0,30.0,0.0,16.102039577110184,40.46622840959873,12.0,30.0,0.0,18.55527229641098,34.52562090409703,12.0,30.0,0.0,16.741214932983256,37.71469684828533,10.0,30.0,0.0,14.038357972626262,45.630625317358568,12.0,30.0,0.0,16.788362808872149,38.597551015439538,20.0,30.0,0.0,16.945976427152539,0.0,0.0,0.0,11.719217417758982,0.0,0.0,564.2121227314458,561.3834876183616,563.9827131809175,566.2318266332377,646.5173868005816,943.1813501546169,596.5610287757213,649.8426702992315,776.401475719589,0.0,79.80511055282031,79.80511055282031,60.0,0.0,60.0,60.0,12.0,12.0,12.0,19.0,12.0,12.0,21.0,10.0,0.0,0.0,0.0,0.0,0.0,0.0,0.0,0.0,0.0,0.0,0.0,0.0,0.0,79.80511055282031,79.80511055282031,0.0,0.0,0.0,79.80511055282031,0.0,0.0,0.00271 
 02/28  00:30:00,1.81,93.0,3.3,0.0,0.0,0.0,0.0,0.0,2.0,2.0,0.0,0.0,0.0,0.0,0.0,490.0,0.0,0.0,0.0,0.0,0.0,0.0,0.0,0.0,0.0,0.0,0.0,18.423105652441579,-271.6212478999232,18.39796078635205,-251.59565540726408,18.150403588132723,-158.74532223253937,18.06798825125319,-184.92502180099155,16.105223381009105,-5.8955893668813819,18.307075864027504,-32.62388132141052,16.657339855476914,-9.246102739315348,14.450984405053245,-235.37634562767165,16.726243942889867,-62.53391670779007,701.8117850131794,668.9047461603597,0.0,0.0,0.0,0.0,0.0,0.0,0.0,0.0,0.0,0.0,0.0,0.0,0.0,0.0,0.0,0.0,0.0,0.0,0.0,0.0,0.0,0.0,1.6784411608117854,0.5123446766824742,380.1691684228622,448.2406115052378,12154.74562887392,0.29923076229549697,0.04567014076549099,196.78485819322078,232.12100208356919,6290.394754811439,2.7090540808983656,0.5119149812733118,342.30349623633239,403.6843186723046,10887.968331164297,0.31881206509325779,0.06024415440159819,188.08701570545933,221.71138919765296,5996.617888435849,0.0,0.0,7.5280238389187679,8.926689917329619,214.8550017242558,0.0,0.0,11.637993715265728,13.688260269968327,385.5545034576694,0.0,0.0,84.17757032764544,99.64517606490381,2493.631781661847,0.0,0.0,51.20970923007938,61.19932779709768,1249.8370052189003,0.0,0.0,16.690669889075406,19.743447708304399,499.6486110702219,35.23336749519793,24.165546978873765,515.1464704642694,609.3354741259498,16548.732183022068,0.0,0.0,63.60426567822441,76.62132170269534,1271.6385900300184,0.0,17.837639267530727,34.486356732765099,22.0,30.0,0.0,17.901413300716304,34.235186418710878,12.0,30.0,0.0,17.644495587193796,34.91702512812062,22.0,30.0,0.0,17.844775621136326,34.58519643212131,12.0,30.0,0.0,16.065434572076513,40.201677012719269,12.0,30.0,0.0,18.4997923270953,34.334983721134928,12.0,30.0,0.0,16.63257584661738,37.663517142175269,10.0,30.0,0.0,13.905978344377566,45.582353775502,12.0,30.0,0.0,16.800677929846104,38.30361284950997,20.0,30.0,0.0,16.899639971187129,0.0,0.0,0.0,11.62260479526055,0.0,0.0,554.4631653095912,548.103869529424,555.7785722654437,562.5112366341518,634.2233890258891,932.9215036102189,587.1947632070251,644.3331756061523,807.4476588567168,0.0,79.80511055282031,79.80511055282031,60.0,0.0,60.0,60.0,12.0,12.0,12.0,19.0,12.0,12.0,21.0,10.0,0.0,0.0,0.0,0.0,0.0,0.0,0.0,0.0,0.0,0.0,0.0,0.0,0.0,79.80511055282031,79.80511055282031,0.0,0.0,0.0,79.80511055282031,0.0,0.0,0.00271 
 02/28  00:40:00,1.75,93.33333333333334,3.3066666666666668,0.0,0.0,0.0,0.0,0.0,2.0,2.0,0.0,0.0,0.0,0.0,0.0,490.0,0.0,0.0,0.0,0.0,0.0,0.0,0.0,0.0,0.0,0.0,0.0,18.213103978319006,-118.77263890843097,18.385283582853949,-306.5430031194562,18.127265678747884,-291.7307159116881,17.913954526209577,-118.96881011712276,16.068427993102565,-5.930131575065587,18.242872746662969,-31.707071344177224,16.61659513700034,-48.15872274079152,14.350427684818702,-235.74638251390469,16.706225865928489,-66.15740941832627,678.442947555056,677.6342171378209,0.0,0.0,0.0,0.0,0.0,0.0,0.0,0.0,0.0,0.0,0.0,0.0,0.0,0.0,0.0,0.0,0.0,0.0,0.0,0.0,0.0,0.0,1.6791561050591262,0.512562913632212,371.88834558583099,438.63734675665565,11794.269723621834,0.2925881521599978,0.04465631137973104,187.6617436595632,221.02025949468976,6029.370602672427,2.563879812989854,0.4844822020011064,334.72690993881136,394.8283254395226,10689.115101708798,0.3171731301044808,0.059934453912411329,175.43569416380377,206.98906303183737,5551.164968414875,0.0,0.0,7.266165939509398,8.620912867791276,207.7402259886422,0.0,0.0,11.82339105779543,13.908692264544522,391.58739113517859,0.0,0.0,79.65583757069611,94.32829357155177,2363.404276740355,0.0,0.0,51.489874235741797,61.555933821889258,1251.132211185945,0.0,0.0,18.358603385804753,21.720447860959916,551.3621506822942,35.23191548330725,24.164551085944625,497.47656200974486,588.5972530371668,15942.348491773042,0.0,0.0,63.77940156050839,76.8585215918288,1269.4991627528894,0.0,17.567830588363383,34.95446934217616,22.0,30.0,0.0,17.964017785558178,33.9979839721004,12.0,30.0,0.0,17.69290544280547,34.61326534071672,22.0,30.0,0.0,17.633790023459264,34.80242057110461,12.0,30.0,0.0,16.02899815830048,39.875348720046819,12.0,30.0,0.0,18.433089753988879,34.154951784498837,12.0,30.0,0.0,16.59169744627959,37.6080407667697,10.0,30.0,0.0,13.78870383513421,45.62165745354371,12.0,30.0,0.0,16.790896982549478,37.97022197666357,20.0,30.0,0.0,16.764965445840994,0.0,0.0,0.0,11.516457832171504,0.0,0.0,550.6715393442562,544.8200670308239,548.2178511502985,552.1408845541143,620.7502666111275,919.8448334777127,587.375419473477,647.4268904333724,812.5833087952119,0.0,79.80511055282031,79.80511055282031,60.0,0.0,60.0,60.0,12.0,12.0,12.0,19.0,12.0,12.0,21.0,10.0,0.0,0.0,0.0,0.0,0.0,0.0,0.0,0.0,0.0,0.0,0.0,0.0,0.0,79.80511055282031,79.80511055282031,0.0,0.0,0.0,79.80511055282031,0.0,0.0,0.00271 
 02/28  00:50:00,1.69,93.66666666666667,3.313333333333333,0.0,0.0,0.0,0.0,0.0,2.0,2.0,0.0,0.0,0.0,0.0,0.0,490.0,0.0,0.0,0.0,0.0,0.0,0.0,0.0,0.0,0.0,0.0,0.0,18.216128659990873,-264.826761437831,18.20331513062373,-248.55602856112956,17.943255903421279,-154.3071308280787,17.887854386689626,-183.06537971359786,16.029968169072025,-6.358265765004305,18.1826734043602,-34.734387921288149,16.53151964519673,-23.314845159594598,14.255338498062955,-237.94046745914774,16.679986383249749,-71.02312406384687,685.4170773396081,688.897899835821,0.0,0.0,0.0,0.0,0.0,0.0,0.0,0.0,0.0,0.0,0.0,0.0,0.0,0.0,0.0,0.0,0.0,0.0,0.0,0.0,0.0,0.0,1.6672089636859582,0.5089160450811838,378.0649228610645,446.0001486926252,12036.100229957392,0.29692455477753668,0.045318155491077028,196.5524959274349,231.97247120391888,6256.839929080929,2.663820393013787,0.5033674212044195,340.273863336458,401.5061734592799,10776.27625427377,0.31643177547425119,0.059794364224159308,186.5929694203889,220.06405886265208,5923.68615219902,0.0,0.0,7.546137113785962,8.949635102117984,216.05736556126539,0.0,0.0,11.996557754769054,14.115015920768041,397.38304279765887,0.0,0.0,83.35451485191,98.71301583984277,2463.1402100626448,0.0,0.0,52.30724964707608,62.552220713735199,1266.3090508213523,0.0,0.0,19.208192021014584,22.722516929473728,578.3627696008889,35.29408015886048,24.207188037627224,512.7237963568141,606.7695372004321,16417.454808329283,0.0,0.0,64.59715066522574,77.86267197139705,1281.4002851533263,0.0,17.640981434563515,34.5320302084581,22.0,30.0,0.0,17.707544174794358,34.22749333273842,12.0,30.0,0.0,17.44946424195288,34.93867405530349,22.0,30.0,0.0,17.649360583658117,34.65223240040024,12.0,30.0,0.0,15.990226518483678,39.70258738295756,12.0,30.0,0.0,18.373774000912485,34.028471462198798,12.0,30.0,0.0,16.470769027833215,37.59593203885007,10.0,30.0,0.0,13.681161602912163,45.62872236398036,12.0,30.0,0.0,16.77013658742196,37.75237980929579,20.0,30.0,0.0,16.718023988424816,0.0,0.0,0.0,11.42076396485245,0.0,0.0,540.4836853390106,531.140616942642,540.4604945745909,549.0447247885829,614.3061441901048,907.4317362138017,579.9240702473244,648.7369807967923,818.3445506270583,0.0,79.80511055282031,79.80511055282031,60.0,0.0,60.0,60.0,12.0,12.0,12.0,19.0,12.0,12.0,21.0,10.0,0.0,0.0,0.0,0.0,0.0,0.0,0.0,0.0,0.0,0.0,0.0,0.0,0.0,79.80511055282031,79.80511055282031,0.0,0.0,0.0,79.80511055282031,0.0,0.0,0.002703333333333333 
 02/28  01:00:00,1.63,94.0,3.32,0.0,0.0,0.0,0.0,0.0,2.0,2.0,0.0,0.0,0.0,0.0,0.0,490.0,0.0,0.0,0.0,0.0,0.0,0.0,0.0,0.0,0.0,0.0,0.0,18.014266609435667,-115.91701058968465,18.194715592452327,-300.955927425083,17.92645631509344,-283.451195225638,17.741479203801857,-122.62949018746576,15.99113055278219,-6.195754197115136,18.116885868866068,-34.686761745702117,16.48731583218556,-57.84051596680206,14.16406609741799,-238.46970938068569,16.647731021180417,-72.2931803391719,664.8844031180743,694.782024009106,0.0,0.0,0.0,0.0,0.0,0.0,0.0,0.0,0.0,0.0,0.0,0.0,0.0,0.0,0.0,0.0,0.0,0.0,0.0,0.0,0.0,0.0,1.6691630205826099,0.5095125215453632,368.4247356024857,434.77531155839326,11639.04742827611,0.2909394942067378,0.04440468470798807,186.3266998596786,219.5609078585259,5963.995619512833,2.521151113259683,0.47640799570288819,334.004567946594,394.1824659170577,10624.131018074031,0.3147697295829084,0.059480296595409726,176.11633784503096,207.9019785194625,5551.658041333483,0.0,0.0,7.279831411769172,8.63840551237163,208.76444461188869,0.0,0.0,12.42367372624542,14.619816970740314,411.3464375114894,0.0,0.0,78.97563511952328,93.56250861985108,2337.3167992282544,0.0,0.0,52.3304324573802,62.59809286666422,1262.9025219352243,0.0,0.0,21.033538889447585,24.885610360825266,634.5499118227435,35.30467372792086,24.21445386002803,495.2114797802583,586.1976756191775,15825.414411953949,0.0,0.0,64.51256507791513,77.78581977139034,1274.5500501658174,0.0,17.37965338291921,34.99283204003364,22.0,30.0,0.0,17.774463519073735,34.0171729458138,12.0,30.0,0.0,17.503352043210577,34.64304213221279,22.0,30.0,0.0,17.448376177409459,34.83411970229915,12.0,30.0,0.0,15.95165532582038,39.452328168807529,12.0,30.0,0.0,18.30421827534129,33.88965436943885,12.0,30.0,0.0,16.42912383852142,37.575456687495528,10.0,30.0,0.0,13.580417093821268,45.67529838065097,12.0,30.0,0.0,16.739244465774889,37.49986536102301,20.0,30.0,0.0,16.59092693266932,0.0,0.0,0.0,11.318862162235585,0.0,0.0,537.4219898114186,530.2231832871628,534.3106371428324,538.276800661817,605.7687457955784,893.8351946007324,581.8297335656687,652.902995560045,810.3338880714687,0.0,79.80511055282031,79.80511055282031,60.0,0.0,60.0,60.0,12.0,12.0,12.0,19.0,12.0,12.0,21.0,10.0,0.0,0.0,0.0,0.0,0.0,0.0,0.0,0.0,0.0,0.0,0.0,0.0,0.0,79.80511055282031,79.80511055282031,0.0,0.0,0.0,79.80511055282031,0.0,0.0,0.002696666666666667 
 02/28  01:10:00,1.5583333333333334,94.16666666666667,3.25,0.0,0.0,0.0,0.0,0.0,2.0,2.0,0.0,0.0,0.0,0.0,0.0,490.0,0.0,0.0,0.0,0.0,0.0,0.0,0.0,0.0,0.0,0.0,0.0,18.022416071379817,-258.78344796871809,18.01962054293956,-246.2268614059335,17.751128974735449,-150.26730596432209,17.72168207874853,-183.35868653755734,15.951082357415505,-6.6268250084605999,18.05645335589724,-37.06043638102267,16.401985522681643,-32.65586118622127,14.075757823548937,-240.7635879832677,16.613865476159014,-76.80644105794682,672.0008883076016,704.2038580707397,0.0,0.0,0.0,0.0,0.0,0.0,0.0,0.0,0.0,0.0,0.0,0.0,0.0,0.0,0.0,0.0,0.0,0.0,0.0,0.0,0.0,0.0,1.6606367732750336,0.506909881952086,372.60916557221256,439.7457833855791,11829.249322908028,0.2959061744850995,0.04516272504351336,194.4710774272902,229.61015884678117,6173.570568485624,2.6377598896272635,0.498442911872121,335.34388102742687,395.84228762171258,10592.487874327298,0.3148012071077353,0.059486244729352839,183.99948786013389,217.08674031036493,5826.425793932598,0.0,0.0,7.5124819949424899,8.910457913454437,215.88476570512553,0.0,0.0,12.47048536693335,14.676308256725005,413.18062196550616,0.0,0.0,82.48513124412139,97.71594976766272,2433.6348341952036,0.0,0.0,53.01382606900485,63.4275647814978,1276.949447267434,0.0,0.0,21.19769290394087,25.077462483859685,641.0617411490464,35.32606753999494,24.229127256512308,505.6032773606861,598.5646028093779,16165.96332266966,0.0,0.0,65.1936123719352,78.61849007714139,1285.6606761582305,0.0,17.458654264347488,34.54860138238022,22.0,30.0,0.0,17.526230206170678,34.2253898590663,12.0,30.0,0.0,17.269850607686324,34.94648482702356,22.0,30.0,0.0,17.472573587235279,34.67090826297593,12.0,30.0,0.0,15.911435167947035,39.33284280428238,12.0,30.0,0.0,18.243392333110287,33.805279660919378,12.0,30.0,0.0,16.311948577759016,37.551027619166777,10.0,30.0,0.0,13.48412322013993,45.66774678230754,12.0,30.0,0.0,16.705570340959278,37.34678859343898,20.0,30.0,0.0,16.545083913100464,0.0,0.0,0.0,11.22807127415999,0.0,0.0,527.3597883234108,517.2095538404435,527.2934773390446,535.6474451460846,602.1904861540365,882.4521488708415,573.4916953025858,651.7473784753308,808.6187434612141,0.0,79.80511055282031,79.80511055282031,60.0,0.0,60.0,60.0,12.0,12.0,12.0,19.0,12.0,12.0,21.0,10.0,0.0,0.0,0.0,0.0,0.0,0.0,0.0,0.0,0.0,0.0,0.0,0.0,0.0,79.80511055282031,79.80511055282031,0.0,0.0,0.0,79.80511055282031,0.0,0.0,0.00269 
 02/28  01:20:00,1.4866666666666666,94.33333333333334,3.1799999999999999,0.0,0.0,0.0,0.0,0.0,2.0,2.0,0.0,0.0,0.0,0.0,0.0,490.0,0.0,0.0,0.0,0.0,0.0,0.0,0.0,0.0,0.0,0.0,0.0,17.8265841598422,-112.93317392761128,18.014720121283504,-296.60028310444479,17.738005270606043,-276.58827359825957,17.580046346067609,-126.39633390060954,15.91066333370932,-6.337100442455409,17.991536742537389,-36.65022606148804,16.357193471780428,-65.16958061410674,13.989759240150999,-241.13719207903126,16.576062566261386,-77.78668911658559,652.2956418566273,708.5881230253723,0.0,0.0,0.0,0.0,0.0,0.0,0.0,0.0,0.0,0.0,0.0,0.0,0.0,0.0,0.0,0.0,0.0,0.0,0.0,0.0,0.0,0.0,1.6657294861216073,0.5084644341030546,363.10995940441799,428.6350722995079,11451.095751807445,0.29059353163534198,0.044351882117726188,183.78734588977646,216.63722896596244,5871.565201298722,2.513104405367107,0.4748874537730742,330.6574994849999,390.360528683845,10498.692736252682,0.313588602549232,0.05925710554596218,174.94037952026793,206.58042433713798,5505.750500361042,0.0,0.0,7.246043454976883,8.598254062703095,208.69116487303979,0.0,0.0,12.798239874373739,15.063214039483402,424.1223868848683,0.0,0.0,78.38070360487589,92.8809993322917,2317.9470502770748,0.0,0.0,52.93839705931178,63.348994981118327,1273.1158604859305,0.0,0.0,22.83858730065786,27.019933669839597,692.1058445437691,35.28473628517264,24.20077934511156,489.11268635509966,579.1465218774938,15620.339065155127,0.0,0.0,65.00390304262092,78.40744014777137,1278.8167551813372,0.0,17.203279254055219,34.99965038939627,22.0,30.0,0.0,17.5959161918015,34.02153276140609,12.0,30.0,0.0,17.32552968107234,34.65207904798322,22.0,30.0,0.0,17.276840326784048,34.8297046068016,12.0,30.0,0.0,15.871288923624125,39.12712995780271,12.0,30.0,0.0,18.174149302406748,33.693383104728187,12.0,30.0,0.0,16.27209897145054,37.52839556397581,10.0,30.0,0.0,13.391710223471249,45.69397771904987,12.0,30.0,0.0,16.665606107381785,37.15240378069795,20.0,30.0,0.0,16.422647544154509,0.0,0.0,0.0,11.131400282544256,0.0,0.0,525.1227888246148,517.8265145153232,522.4745171076995,525.4331249158902,595.7677944046587,870.749137771068,574.8532545983737,652.8341430885255,798.2023149878479,0.0,79.80511055282031,79.80511055282031,60.0,0.0,60.0,60.0,12.0,12.0,12.0,19.0,12.0,12.0,21.0,10.0,0.0,0.0,0.0,0.0,0.0,0.0,0.0,0.0,0.0,0.0,0.0,0.0,0.0,79.80511055282031,79.80511055282031,0.0,0.0,0.0,79.80511055282031,0.0,0.0,0.0026866666666666668 
 02/28  01:30:00,1.415,94.5,3.11,0.0,0.0,0.0,0.0,0.0,2.0,2.0,0.0,0.0,0.0,0.0,0.0,490.0,0.0,0.0,0.0,0.0,0.0,0.0,0.0,0.0,0.0,0.0,0.0,17.83786556814861,-253.08775191622227,17.844007291313923,-244.74988153301548,17.56891162186132,-146.27476358079412,17.563672660643566,-184.71125442005906,15.869424576709193,-6.725614635698534,17.93143383790492,-38.77922097927021,16.272953536727799,-39.89088880208419,13.905502742917218,-243.3137545286953,16.538327494219204,-81.73284373719412,659.8426228248081,716.9143331675895,0.0,0.0,0.0,0.0,0.0,0.0,0.0,0.0,0.0,0.0,0.0,0.0,0.0,0.0,0.0,0.0,0.0,0.0,0.0,0.0,0.0,0.0,1.658054212555466,0.5061215545041106,365.82379836938329,431.8698591666268,11595.115122741772,0.2957660637379024,0.04514134061933797,191.75223630709207,226.4683382565028,6077.507153090875,2.6344311964924658,0.49781390712253717,329.0084609828256,388.46891746478266,10379.136194929524,0.31394022194720186,0.059323549120786429,181.18736149238573,213.8261965510111,5729.830257353253,0.0,0.0,7.479786812756263,8.871789827634306,215.8555921263794,0.0,0.0,12.801361842723982,15.068227026699958,424.52837684597287,0.0,0.0,81.87380598217243,97.01500849703715,2414.5221796830435,0.0,0.0,53.56190418912291,64.10571543896654,1286.291986023783,0.0,0.0,22.878845621521557,27.067202207648564,694.7688688878793,35.29401262897756,24.207141720835098,496.47142304126478,587.9095021412721,15871.356264373491,0.0,0.0,65.62690965590477,79.16909179058647,1289.3881148781664,0.0,17.285538512054754,34.538328784126139,22.0,30.0,0.0,17.353120957729133,34.216779687409658,12.0,30.0,0.0,17.09919244455149,34.93915502601489,22.0,30.0,0.0,17.305627424708534,34.65842737852974,12.0,30.0,0.0,15.830105619933307,39.034818155004277,12.0,30.0,0.0,18.113767522662486,33.63027745014469,12.0,30.0,0.0,16.1596673625232,37.49119180094953,10.0,30.0,0.0,13.301710681151718,45.680336314714669,12.0,30.0,0.0,16.626268869292347,37.031779993959009,20.0,30.0,0.0,16.37859841697854,0.0,0.0,0.0,11.045860575797916,0.0,0.0,515.3403137773638,505.7963752698623,516.2699953255024,523.6044707455127,592.8404700799508,860.903133649942,565.871994012612,649.6816619985266,792.7863154609568,0.0,79.80511055282031,79.80511055282031,60.0,0.0,60.0,60.0,12.0,12.0,12.0,19.0,12.0,12.0,21.0,10.0,0.0,0.0,0.0,0.0,0.0,0.0,0.0,0.0,0.0,0.0,0.0,0.0,0.0,79.80511055282031,79.80511055282031,0.0,0.0,0.0,79.80511055282031,0.0,0.0,0.002683333333333333 
 02/28  01:40:00,1.3433333333333333,94.66666666666666,3.04,0.0,0.0,0.0,0.0,0.0,2.0,2.0,0.0,0.0,0.0,0.0,0.0,490.0,0.0,0.0,0.0,0.0,0.0,0.0,0.0,0.0,0.0,0.0,0.0,17.646426596953256,-110.1189445876098,17.841178325376619,-292.82025201741728,17.558063202358203,-270.57673283298848,17.425012182512626,-130.05923282842196,15.827691377549089,-6.372781777864205,17.86716746215953,-38.240816711389218,16.227192170809937,-71.41789811269905,13.822927785138424,-243.379788850483,16.497408350583244,-82.75747758610277,640.8244148926087,720.2574047120171,0.0,0.0,0.0,0.0,0.0,0.0,0.0,0.0,0.0,0.0,0.0,0.0,0.0,0.0,0.0,0.0,0.0,0.0,0.0,0.0,0.0,0.0,1.663538972500354,0.5077957791515122,357.11400839216267,421.6732957356891,11247.898583182408,0.2905108661577891,0.04433926528659785,180.90895145476947,213.3061227612074,5770.911494788637,2.5120763631251306,0.4746931903108714,326.1667966875152,385.1744541100902,10342.460275432157,0.3126611500139801,0.05908184996484883,172.98860897333413,204.33514438317907,5438.275289631794,0.0,0.0,7.1980717469227069,8.541285019541095,208.16815172333069,0.0,0.0,13.091061351555004,15.410337297309923,434.24363742792095,0.0,0.0,77.78881051639144,92.20108838102678,2299.387529926798,0.0,0.0,53.42887875684253,63.95715869517199,1281.5966652685984,0.0,0.0,24.26339321153378,28.70529662603257,738.1129554093095,35.2393601505447,24.169657167726137,481.5406637778459,570.3328358832207,15375.879597031195,0.0,0.0,65.37675635754505,78.88351745511319,1282.022099297259,0.0,17.034415186468693,34.98778463808931,22.0,30.0,0.0,17.424560784488454,34.0165197064675,12.0,30.0,0.0,17.155456994070574,34.64814763021952,22.0,30.0,0.0,17.113269669130938,34.8049931156785,12.0,30.0,0.0,15.788642877055335,38.8564802402,12.0,30.0,0.0,18.045476702686373,33.53603999817227,12.0,30.0,0.0,16.119805607457289,37.46966806363871,10.0,30.0,0.0,13.214492870745023,45.69050395532607,12.0,30.0,0.0,16.581848946580114,36.87437930542352,20.0,30.0,0.0,16.258993970698179,0.0,0.0,0.0,10.954410015540752,0.0,0.0,513.9508936436976,507.36208850489,512.3535436181846,513.7122751908075,587.0698628431908,851.0968048974762,566.8434431471112,648.5581455445968,782.9958992703341,0.0,79.80511055282031,79.80511055282031,60.0,0.0,60.0,60.0,12.0,12.0,12.0,19.0,12.0,12.0,21.0,10.0,0.0,0.0,0.0,0.0,0.0,0.0,0.0,0.0,0.0,0.0,0.0,0.0,0.0,79.80511055282031,79.80511055282031,0.0,0.0,0.0,79.80511055282031,0.0,0.0,0.0026799999999999998 
 02/28  01:50:00,1.2716666666666666,94.83333333333333,2.9699999999999999,0.0,0.0,0.0,0.0,0.0,2.0,2.0,0.0,0.0,0.0,0.0,0.0,490.0,0.0,0.0,0.0,0.0,0.0,0.0,0.0,0.0,0.0,0.0,0.0,17.65965467438992,-247.96087589461969,17.67439770296118,-242.77832383169517,17.394180035710975,-142.30731447476274,17.411008475310518,-186.23589880067858,15.785417466210692,-6.762044548284521,17.80755154550132,-40.25110532093177,16.14423473105031,-46.01288466001279,13.74161452412179,-245.38303290853174,16.457390022696314,-86.35162880558608,648.4465642394025,727.6957385716804,0.0,0.0,0.0,0.0,0.0,0.0,0.0,0.0,0.0,0.0,0.0,0.0,0.0,0.0,0.0,0.0,0.0,0.0,0.0,0.0,0.0,0.0,1.6566117738783024,0.5056812496576015,357.2527843886743,421.87186648264005,11309.312449205141,0.2960091831545597,0.045178446757411439,187.7608464045221,221.81577931608036,5943.983642793259,2.6375426410911668,0.49840185961662278,321.6437640924619,379.8654703690648,10138.602118215267,0.31328793818875447,0.059200290663029928,177.90101046465203,209.99934066595234,5620.671072754403,0.0,0.0,7.435784476748307,8.819728679341937,215.46005809378642,0.0,0.0,13.069110313445443,15.385804058591729,433.838694814041,0.0,0.0,81.3560233317517,96.42352736435794,2398.813289523435,0.0,0.0,54.01540788825915,64.66885562381438,1294.284633920359,0.0,0.0,24.2055725173736,28.63792543813805,737.7512740072207,35.23672071164975,24.167846852983375,485.0596732127659,574.5387585240898,15512.308403953626,0.0,0.0,65.96546536904734,79.60283338764379,1292.4958585646328,0.0,17.118249040794994,34.51430680116477,22.0,30.0,0.0,17.186925221050474,34.20116649995467,12.0,30.0,0.0,16.93542614615328,34.921742386983179,22.0,30.0,0.0,17.145238465755136,34.62920239648611,12.0,30.0,0.0,15.746585239492813,38.777138106647857,12.0,30.0,0.0,17.985677473549324,33.48147434935204,12.0,30.0,0.0,16.011596737722987,37.42264185654258,10.0,30.0,0.0,13.128825426891173,45.674716493169309,12.0,30.0,0.0,16.539558929505156,36.771861279973808,20.0,30.0,0.0,16.21563888672958,0.0,0.0,0.0,10.873686695343011,0.0,0.0,504.4896790479785,496.3341044066651,506.83244242664889,512.5149059721854,584.0495683485527,842.398310153196,557.7784197218814,644.6568670930016,776.4022465899623,0.0,79.80511055282031,79.80511055282031,60.0,0.0,60.0,60.0,12.0,12.0,12.0,19.0,12.0,12.0,21.0,10.0,0.0,0.0,0.0,0.0,0.0,0.0,0.0,0.0,0.0,0.0,0.0,0.0,0.0,79.80511055282031,79.80511055282031,0.0,0.0,0.0,79.80511055282031,0.0,0.0,0.002666666666666667 
 02/28  02:00:00,1.2,95.0,2.9,0.0,0.0,0.0,0.0,0.0,2.0,2.0,0.0,0.0,0.0,0.0,0.0,490.0,0.0,0.0,0.0,0.0,0.0,0.0,0.0,0.0,0.0,0.0,0.0,17.472035683974945,-107.44204615863691,17.672791185988915,-289.528836997127,17.38450596047082,-265.12930121757565,17.27428025945199,-133.71839925040605,15.742566836646603,-6.3249617278878109,17.74402121196572,-39.64478671763456,16.096861707558064,-77.08700444357419,13.661725922317468,-245.07725762466704,16.414701256796517,-87.15792344771097,630.1610737901365,730.2876536358036,0.0,0.0,0.0,0.0,0.0,0.0,0.0,0.0,0.0,0.0,0.0,0.0,0.0,0.0,0.0,0.0,0.0,0.0,0.0,0.0,0.0,0.0,1.6621980277293918,0.5073864553508523,350.58918321693059,414.07296763385537,11032.696184494132,0.2906130718642592,0.04435486444814701,177.8902840951951,209.803316316319,5667.839644444835,2.517526169564223,0.47572301012173548,320.9979874268647,379.1762773266246,10168.787655431246,0.31198725680387986,0.05895450808841264,170.7803638623183,201.78144750359884,5364.575613174824,0.0,0.0,7.14425135553136,8.477404729155762,207.43689873186373,0.0,0.0,13.339939323950177,15.705664182503714,442.9649475455808,0.0,0.0,77.03013343434739,91.32199623529691,2276.2477358719686,0.0,0.0,53.837657304201048,64.4659523508174,1288.9209352684107,0.0,0.0,25.64808256076077,30.344040346117745,782.9829256366758,35.16928907476714,24.12159744497061,473.1766327685126,560.5661651720133,15111.258846744184,0.0,0.0,65.66680524901345,79.25712879077281,1284.822560552704,0.0,16.871212626782339,34.96347655047965,22.0,30.0,0.0,17.25881235478742,34.00419586500731,12.0,30.0,0.0,16.99098348142356,34.63585551715639,22.0,30.0,0.0,16.954827546528504,34.769245789094757,12.0,30.0,0.0,15.704013863870891,38.616287759590367,12.0,30.0,0.0,17.918412824164123,33.39884129488648,12.0,30.0,0.0,15.969926715131198,37.40639223007341,10.0,30.0,0.0,13.045534971377832,45.67193986990942,12.0,30.0,0.0,16.493017743999525,36.63441888638803,20.0,30.0,0.0,16.098975134876498,0.0,0.0,0.0,10.78720408306135,0.0,0.0,503.8383551711211,498.43674238691548,503.5768345545603,503.03078935638026,578.5456775723155,834.1291981731974,558.7781365935298,642.6528788121995,767.0254396411228,0.0,79.80511055282031,79.80511055282031,60.0,0.0,60.0,60.0,12.0,12.0,12.0,19.0,12.0,12.0,21.0,10.0,0.0,0.0,0.0,0.0,0.0,0.0,0.0,0.0,0.0,0.0,0.0,0.0,0.0,79.80511055282031,79.80511055282031,0.0,0.0,0.0,79.80511055282031,0.0,0.0,0.002653333333333333 
 02/28  02:10:00,1.1816666666666667,95.0,2.9066666666666665,0.0,0.0,0.0,0.0,0.0,2.0,2.0,0.0,0.0,0.0,0.0,0.0,490.0,0.0,0.0,0.0,0.0,0.0,0.0,0.0,0.0,0.0,0.0,0.0,17.48614306892165,-243.85986879013127,17.512404962029757,-236.74742531864923,17.226479463963984,-138.51226679206867,17.26253708895506,-187.57030472971065,15.69941905647066,-6.766790602042718,17.684805301981809,-41.66645071163029,16.015332382590647,-51.66407790711514,13.583098027920287,-246.90654073643214,16.373248723643966,-90.70083868476275,636.6151848499385,737.0055791876971,0.0,0.0,0.0,0.0,0.0,0.0,0.0,0.0,0.0,0.0,0.0,0.0,0.0,0.0,0.0,0.0,0.0,0.0,0.0,0.0,0.0,0.0,1.6473566074187476,0.50285610727068,343.852069191141,406.16120273581398,10838.85833547964,0.29518379767765959,0.04505247217302497,179.30808227714909,211.88491652739158,5654.5247045558239,2.5978944001811636,0.49090975060112709,313.30352588848617,370.10174815071226,9837.135008121055,0.31114835111828578,0.05879598471622935,173.9389664592446,205.371515638036,5473.665529372717,0.0,0.0,7.388015556374892,8.763321635173213,214.13340691837946,0.0,0.0,13.306661699103472,15.667910708742872,440.79508179454799,0.0,0.0,80.78142746716103,95.76498724180419,2373.1588789667159,0.0,0.0,54.400276281762469,65.14889248546041,1295.5405121567272,0.0,0.0,25.336477009332854,29.97744919128511,772.1652715490973,35.275216731610928,24.19425015885524,468.13217089844678,554.6312184667866,14939.262084140435,0.0,0.0,66.24656538753215,79.9653107930814,1288.5462461513189,0.0,16.955082259387699,34.48474736127684,22.0,30.0,0.0,17.031706695351219,34.171333481433268,12.0,30.0,0.0,16.77924524086699,34.89785796337417,22.0,30.0,0.0,16.989904404943887,34.59175388855989,12.0,30.0,0.0,15.661234750114355,38.54321880566368,12.0,30.0,0.0,17.85902719078787,33.346443139697928,12.0,30.0,0.0,15.865721565978227,37.352266508579209,10.0,30.0,0.0,12.963511194295327,45.655573692177458,12.0,30.0,0.0,16.448960457948496,36.54233064226772,20.0,30.0,0.0,16.052854577939166,0.0,0.0,0.0,10.711325348411222,0.0,0.0,494.6544504472628,488.23686689865408,498.69357896306749,502.2423336681437,575.3837022182161,826.2251481196486,549.947244376933,638.6723279965017,760.571507397038,0.0,79.80511055282031,79.80511055282031,60.0,0.0,60.0,60.0,12.0,12.0,12.0,19.0,12.0,12.0,21.0,10.0,0.0,0.0,0.0,0.0,0.0,0.0,0.0,0.0,0.0,0.0,0.0,0.0,0.0,79.80511055282031,79.80511055282031,0.0,0.0,0.0,79.80511055282031,0.0,0.0,0.0026400000000000006 
 02/28  02:20:00,1.1633333333333334,95.0,2.9133333333333337,0.0,0.0,0.0,0.0,0.0,2.0,2.0,0.0,0.0,0.0,0.0,0.0,490.0,0.0,0.0,0.0,0.0,0.0,0.0,0.0,0.0,0.0,0.0,0.0,17.303670724203199,-105.5867357170373,17.5103439833454,-287.0610576967408,17.217952856872935,-261.43092226006868,17.1283789891313,-136.29807653998388,15.655725348774226,-6.206460295858349,17.621955390070519,-40.93804666055101,15.967197745154739,-81.22100965921732,13.505865054026403,-246.16235674616963,16.3295945191431,-91.19898757433964,620.561958078606,738.7239337441934,0.0,0.0,0.0,0.0,0.0,0.0,0.0,0.0,0.0,0.0,0.0,0.0,0.0,0.0,0.0,0.0,0.0,0.0,0.0,0.0,0.0,0.0,1.6454073848610567,0.502261106489944,344.2798173323967,406.7196094446242,10755.370411667667,0.28770507294912286,0.04391103066989054,175.2225811628447,206.71133401877195,5541.275120000294,2.4318503122299996,0.4595333167479214,314.68026040737029,371.81113898535309,9893.748601808693,0.3084305725963489,0.05828242112553832,167.91528597370076,198.44742347024579,5236.719152820007,0.0,0.0,7.105749947581775,8.431866452849598,205.60876995373946,0.0,0.0,13.57081327621762,15.980025489659893,448.2772678329087,0.0,0.0,76.5910000575364,90.82200449153311,2246.8251956266697,0.0,0.0,54.19942652508446,64.9180961941538,1284.2057590009138,0.0,0.0,26.97528309017933,31.91585844652718,820.5279747204955,35.32782166962106,24.230330363251765,463.91865605648118,549.7311142087428,14725.512940589513,0.0,0.0,65.93566597408526,79.60350736228767,1274.3437369605518,0.0,16.71481767892164,34.934749053565287,22.0,30.0,0.0,17.100353663502454,33.99112512337686,12.0,30.0,0.0,16.83443783663836,34.62355316221407,22.0,30.0,0.0,16.802543771934304,34.734245689947687,12.0,30.0,0.0,15.61794480366724,38.394878982319898,12.0,30.0,0.0,17.792764206107184,33.273524474533989,12.0,30.0,0.0,15.823649728278062,37.34013444898925,10.0,30.0,0.0,12.883886132334336,45.639465747745237,12.0,30.0,0.0,16.401440540766147,36.417546022724497,20.0,30.0,0.0,15.94338223542293,0.0,0.0,0.0,10.631141282409463,0.0,0.0,494.5944570102454,490.64226975250736,495.91034365423868,493.7272898059929,570.0900752835817,819.1038925185302,550.8806135947517,636.1022700486242,751.5281482631076,0.0,79.80511055282031,79.80511055282031,60.0,0.0,60.0,60.0,12.0,12.0,12.0,19.0,12.0,12.0,21.0,10.0,0.0,0.0,0.0,0.0,0.0,0.0,0.0,0.0,0.0,0.0,0.0,0.0,0.0,79.80511055282031,79.80511055282031,0.0,0.0,0.0,79.80511055282031,0.0,0.0,0.00263 
 02/28  02:30:00,1.145,95.0,2.92,0.0,0.0,0.0,0.0,0.0,2.0,2.0,0.0,0.0,0.0,0.0,0.0,490.0,0.0,0.0,0.0,0.0,0.0,0.0,0.0,0.0,0.0,0.0,0.0,17.317982773374149,-240.42427977306034,17.35565222725288,-230.23559858026557,17.06549015356585,-135.88621617059608,17.11847469206766,-188.86624296744959,15.61185581706558,-6.732891328155063,17.563107293571777,-42.98465854351198,15.887542978411544,-56.25508263134361,13.429802013187624,-247.55865466342267,16.28720009399266,-94.38224310303684,625.7096629434118,744.6251797729755,0.0,0.0,0.0,0.0,0.0,0.0,0.0,0.0,0.0,0.0,0.0,0.0,0.0,0.0,0.0,0.0,0.0,0.0,0.0,0.0,0.0,0.0,1.6306218741069128,0.49774782481895998,328.90496591336196,388.6078058243962,10291.907655275769,0.29306528853583366,0.044729134391916,169.82727465245359,200.73039399387376,5318.908243910064,2.5133531808101154,0.47493446349397508,303.7799842169933,358.9264854639463,9471.654802211024,0.30774109037358446,0.0581521334795133,169.7271731873097,200.44367814698365,5303.5395033597419,0.0,0.0,7.35269527479978,8.72177660970227,212.3669524763054,0.0,0.0,13.518954258041994,15.92039135326334,445.4911006461276,0.0,0.0,80.32287370951008,95.24310885710968,2343.095609839742,0.0,0.0,54.74165566577652,65.5758518427317,1290.5625846228223,0.0,0.0,26.657213154993653,31.54132665028745,809.4325207986093,35.43870663297564,24.306383150189065,448.91284297057907,531.9932103151391,14257.58603327092,0.0,0.0,66.50562964448773,80.2981836385039,1278.6287284522496,0.0,16.797760197906905,34.47218002641702,22.0,30.0,0.0,16.882860586616446,34.16265558519363,12.0,30.0,0.0,16.630763036373126,34.882792672675588,22.0,30.0,0.0,16.840206754608894,34.560672281756698,12.0,30.0,0.0,15.574583774766229,38.32496878923992,12.0,30.0,0.0,17.733728716185227,33.22360129901611,12.0,30.0,0.0,15.723864137293809,37.292920090398727,10.0,30.0,0.0,12.80567696968178,45.623291855007547,12.0,30.0,0.0,16.35647925247634,36.33159788197383,20.0,30.0,0.0,15.892280972326282,0.0,0.0,0.0,10.56231340178008,0.0,0.0,486.07323680922607,481.5443460718857,491.70601340936426,493.3479484952891,566.8271480852501,811.8493550449186,542.6483842079554,632.3415172204566,744.8841970221548,0.0,79.80511055282031,79.80511055282031,60.0,0.0,60.0,60.0,12.0,12.0,12.0,19.0,12.0,12.0,21.0,10.0,0.0,0.0,0.0,0.0,0.0,0.0,0.0,0.0,0.0,0.0,0.0,0.0,0.0,79.80511055282031,79.80511055282031,0.0,0.0,0.0,79.80511055282031,0.0,0.0,0.0026200000000000005 
 02/28  02:40:00,1.1266666666666668,95.0,2.9266666666666669,0.0,0.0,0.0,0.0,0.0,2.0,2.0,0.0,0.0,0.0,0.0,0.0,490.0,0.0,0.0,0.0,0.0,0.0,0.0,0.0,0.0,0.0,0.0,0.0,17.140331634639425,-103.35155722748186,17.3526911409963,-284.41998430281958,17.056930203408706,-257.43388853370018,16.98647773451681,-138.08578621996277,15.567415410684422,-6.035631589616827,17.500983590813357,-42.05189042259656,15.838697333214477,-84.62514893062326,13.355177442194606,-246.2856461293785,16.242875236505286,-95.07184131148273,609.6123167001815,744.676664636604,0.0,0.0,0.0,0.0,0.0,0.0,0.0,0.0,0.0,0.0,0.0,0.0,0.0,0.0,0.0,0.0,0.0,0.0,0.0,0.0,0.0,0.0,1.6304188120171435,0.4976858400540732,338.01394352157515,399.4050261404536,10485.775102326059,0.2851666544927519,0.04352360416556043,172.5985020898768,203.66421535364794,5419.215199446369,2.369133396801866,0.447682047770572,308.0217282911575,364.0307109637066,9615.244695137933,0.30525115876019706,0.057681624860203509,164.72113356755558,194.71801228060193,5101.689839874152,0.0,0.0,7.058093904004391,8.375485469277035,203.50781488593189,0.0,0.0,13.76170229528443,16.207256471374874,452.2316447071221,0.0,0.0,76.18497353284984,90.35967444110375,2219.10148616574,0.0,0.0,54.49670658441342,65.2913351656328,1278.6064457124833,0.0,0.0,28.09029299276359,33.236717514762379,851.2761506586189,35.366838299092467,24.257090740118295,454.45752676175257,538.6354235844834,14340.374112334179,0.0,0.0,66.12045972333849,79.84453853334864,1263.8964170622917,0.0,16.5640415767882,34.921773537540079,22.0,30.0,0.0,16.947606118895153,33.99655594206625,12.0,30.0,0.0,16.683700875139708,34.62566763505197,22.0,30.0,0.0,16.65570450901102,34.71439496817987,12.0,30.0,0.0,15.530628913446098,38.19179342985346,12.0,30.0,0.0,17.66851980291857,33.16376840290266,12.0,30.0,0.0,15.681110505560536,37.286874468301949,10.0,30.0,0.0,12.729932531497119,45.59967379322178,12.0,30.0,0.0,16.30847481653924,36.22101770926952,20.0,30.0,0.0,15.794071387082706,0.0,0.0,0.0,10.488693129882645,0.0,0.0,486.59997951820858,484.07563369690538,489.3275358467622,485.6561546233969,561.8136295162647,805.8554420869298,543.5826617137175,629.1451620604872,736.5592654574662,0.0,79.80511055282031,79.80511055282031,60.0,0.0,60.0,60.0,12.0,12.0,12.0,19.0,12.0,12.0,21.0,10.0,0.0,0.0,0.0,0.0,0.0,0.0,0.0,0.0,0.0,0.0,0.0,0.0,0.0,79.80511055282031,79.80511055282031,0.0,0.0,0.0,79.80511055282031,0.0,0.0,0.0026099999999999996 
 02/28  02:50:00,1.1083333333333335,95.0,2.9333333333333337,0.0,0.0,0.0,0.0,0.0,2.0,2.0,0.0,0.0,0.0,0.0,0.0,490.0,0.0,0.0,0.0,0.0,0.0,0.0,0.0,0.0,0.0,0.0,0.0,17.155126839635878,-235.85033729592306,17.20469460325839,-221.3965995318249,16.910648111967704,-130.64150565078308,16.978359541407657,-188.82976570727238,15.52286435212682,-6.666572493172353,17.442583138043305,-44.067489916985667,15.761181344289425,-59.92030279691994,13.281750235331135,-247.27810709679557,16.199669733419598,-97.94329461712181,608.3587102647489,749.1758341960892,0.0,0.0,0.0,0.0,0.0,0.0,0.0,0.0,0.0,0.0,0.0,0.0,0.0,0.0,0.0,0.0,0.0,0.0,0.0,0.0,0.0,0.0,1.6165534955172035,0.4934534479600743,311.39940935093298,368.0101703729884,9676.443679842409,0.2915635271976089,0.044499927838462908,158.87338042886467,187.82424565204298,4944.042377451459,2.4819005846795445,0.4689910401888785,291.80743559101549,344.8388540331971,9040.898973660835,0.3050198397661801,0.05763791378801586,164.17693414297927,193.92769759219548,5095.615719732935,0.0,0.0,7.290755607984456,8.648659994974935,209.82389276114169,0.0,0.0,13.673770788988524,16.10509662025064,448.2685518396034,0.0,0.0,79.92563712620256,94.7918088678341,2315.597089824243,0.0,0.0,55.00019425097774,65.90183262395309,1284.3118107453784,0.0,0.0,27.699565930434049,32.77617197835073,837.9196436069052,35.30754027963013,24.21641994487664,425.4750662466027,504.32712280140597,13459.317632438408,0.0,0.0,66.62223709541282,80.4553871936271,1267.5361987773104,0.0,16.646934866490544,34.4816072130007,22.0,30.0,0.0,16.74194870400364,34.17495701730901,12.0,30.0,0.0,16.489785772053645,34.88256170511198,22.0,30.0,0.0,16.696060487254955,34.543961978397039,12.0,30.0,0.0,15.48664525299808,38.12804124393329,12.0,30.0,0.0,17.609959957396506,33.12008474769624,12.0,30.0,0.0,15.585891767886862,37.25465464994862,10.0,30.0,0.0,12.65562028986408,45.587762911554857,12.0,30.0,0.0,16.262761690624055,36.145272669577668,20.0,30.0,0.0,15.73836404960183,0.0,0.0,0.0,10.425915629164255,0.0,0.0,478.94184273290036,476.10153493219817,485.83535534822,485.8063689976975,558.599274051476,799.440787403375,536.0182661931834,625.6299319979014,730.8278088155903,0.0,79.80511055282031,79.80511055282031,60.0,0.0,60.0,60.0,12.0,12.0,12.0,19.0,12.0,12.0,21.0,10.0,0.0,0.0,0.0,0.0,0.0,0.0,0.0,0.0,0.0,0.0,0.0,0.0,0.0,79.80511055282031,79.80511055282031,0.0,0.0,0.0,79.80511055282031,0.0,0.0,0.002623333333333333 
 02/28  03:00:00,1.09,95.0,2.94,0.0,0.0,0.0,0.0,0.0,2.0,2.0,0.0,0.0,0.0,0.0,0.0,490.0,0.0,0.0,0.0,0.0,0.0,0.0,0.0,0.0,0.0,0.0,0.0,16.982633012029497,-101.05730674375445,17.20037365310195,-281.05517974007878,16.901014471924584,-251.16395874769024,16.848970705765276,-139.1755781222205,15.477784062528916,-5.820050922828472,17.381255885951594,-42.939477582208187,15.711775020646038,-87.39605765660201,13.209751752681284,-245.5690162096995,16.154807580688364,-98.63538011789677,595.5211156859159,748.0815221253371,0.0,0.0,0.0,0.0,0.0,0.0,0.0,0.0,0.0,0.0,0.0,0.0,0.0,0.0,0.0,0.0,0.0,0.0,0.0,0.0,0.0,0.0,1.6171845101002043,0.4936460653541527,331.22838937966517,391.46193401981989,10207.229471055383,0.28297336122956076,0.04318885244651415,169.98020440731916,200.61641371174296,5300.7739126084,2.348097231252061,0.44370695979819776,300.0257443976177,354.65702388468648,9303.16910075767,0.30249173874706855,0.05716019250700462,160.72196156691684,190.02992780617903,4945.2988523654,0.0,0.0,6.99492747955934,8.300710131238495,200.9553854028503,0.0,0.0,13.90448461262152,16.37773373582276,454.59035061937626,0.0,0.0,75.72852119536901,89.83576660973339,2190.6332226738015,0.0,0.0,54.72432173180201,65.57926902695904,1272.0691554976043,0.0,0.0,29.037745412565799,34.35939777061958,876.6555822062724,35.195531662041108,24.13959647602271,443.83011540358418,526.1327343718738,13927.900819924856,0.0,0.0,66.19605259391898,79.95003526710905,1252.9061402707385,0.0,16.420232633468659,34.9263581880092,22.0,30.0,0.0,16.80171342871774,34.02122079726881,12.0,30.0,0.0,16.538699755338639,34.64569579353878,22.0,30.0,0.0,16.515330434176506,34.71146125408712,12.0,30.0,0.0,15.442126201939539,38.01345329891407,12.0,30.0,0.0,17.545899503322663,33.07574373617571,12.0,30.0,0.0,15.5423642631727,37.25510318773932,10.0,30.0,0.0,12.583736618229896,45.564600153861899,12.0,30.0,0.0,16.214434882072294,36.05228073696175,20.0,30.0,0.0,15.65420852203857,0.0,0.0,0.0,10.358554348094846,0.0,0.0,479.93275751495028,478.69093234697518,483.80343719960549,478.8724584809546,553.9966447287773,794.5894422574579,537.123186444687,622.4316097842392,723.6146170852221,0.0,79.80511055282031,79.80511055282031,60.0,0.0,60.0,60.0,12.0,12.0,12.0,19.0,12.0,12.0,21.0,10.0,0.0,0.0,0.0,0.0,0.0,0.0,0.0,0.0,0.0,0.0,0.0,0.0,0.0,79.80511055282031,79.80511055282031,0.0,0.0,0.0,79.80511055282031,0.0,0.0,0.0026366666666666667 
 02/28  03:10:00,1.1166666666666668,95.0,2.9766666666666667,0.0,0.0,0.0,0.0,0.0,2.0,2.0,0.0,0.0,0.0,0.0,0.0,490.0,0.0,0.0,0.0,0.0,0.0,0.0,0.0,0.0,0.0,0.0,0.0,16.997272198091879,-231.03792211182918,17.059764177337564,-210.54813938773283,16.76206823683357,-124.79562576801254,16.842060081822525,-188.3848229233613,15.432614136854859,-6.577715190244277,17.323198585054024,-44.98459517899093,15.63674818528268,-62.548186711452448,13.138847311373791,-246.26034878127508,16.11097800728909,-101.22616854441174,588.8124811335001,751.8084016371032,0.0,0.0,0.0,0.0,0.0,0.0,0.0,0.0,0.0,0.0,0.0,0.0,0.0,0.0,0.0,0.0,0.0,0.0,0.0,0.0,0.0,0.0,1.5966821467379427,0.4873877126794697,291.5140047723894,344.5935712977699,8972.559034686463,0.2890763909442211,0.04412032828819003,146.29915496269434,172.9986908806178,4513.007148743561,2.4298247398059718,0.4591505555188913,278.4838327188708,329.15099431830216,8552.519301018656,0.3014050328352681,0.056954843695250948,158.061129568149,186.74462960752158,4860.278277751035,0.0,0.0,7.252560684681104,8.604121633751893,207.31541826305614,0.0,0.0,13.793154393251293,16.248626293791334,448.6657347162302,0.0,0.0,79.65617404420593,94.49404223209024,2285.553629533403,0.0,0.0,55.21260535314776,66.17350871181856,1272.7134760903894,0.0,0.0,28.548852715636945,33.784058923684707,857.7821689559755,35.179134778499868,24.128350328189215,398.5206827963424,472.48964953614736,12533.785343008203,0.0,0.0,66.69169764575625,80.55530568470107,1251.0615001774634,0.0,16.50215697455091,34.52311136027021,22.0,30.0,0.0,16.609561254359656,34.215198266254358,12.0,30.0,0.0,16.356952926026226,34.90627892882829,22.0,30.0,0.0,16.5572838966998,34.552694268589238,12.0,30.0,0.0,15.397534420968974,37.95981201506099,12.0,30.0,0.0,17.487769165937484,33.043717937221277,12.0,30.0,0.0,15.452465904168314,37.24248891380428,10.0,30.0,0.0,12.513050551035008,45.56273051233385,12.0,30.0,0.0,16.16821940645957,35.99140345220841,20.0,30.0,0.0,15.586874700671882,0.0,0.0,0.0,10.301769736050666,0.0,0.0,473.25760689164516,471.9452385212063,481.1136579495246,479.4693830305155,550.9399657405137,789.0531859956368,530.3951882442652,619.413484836342,718.9234542447705,0.0,79.80511055282031,79.80511055282031,60.0,0.0,60.0,60.0,12.0,12.0,12.0,19.0,12.0,12.0,21.0,10.0,0.0,0.0,0.0,0.0,0.0,0.0,0.0,0.0,0.0,0.0,0.0,0.0,0.0,79.80511055282031,79.80511055282031,0.0,0.0,0.0,79.80511055282031,0.0,0.0,0.00265 
 02/28  03:20:00,1.1433333333333336,95.0,3.0133333333333338,0.0,0.0,0.0,0.0,0.0,2.0,2.0,0.0,0.0,0.0,0.0,0.0,490.0,0.0,0.0,0.0,0.0,0.0,0.0,0.0,0.0,0.0,0.0,0.0,16.830221524046637,-98.75219179885653,17.053392772758749,-277.26473394726738,16.75133145918826,-245.22056456350584,16.71584181116453,-138.76012168521539,15.386989023334773,-5.5925116285454099,17.262479081009866,-43.675651544423377,15.58680063350424,-89.43616290676141,13.069333614307386,-244.20919553351656,16.06572748176498,-101.87663445214855,580.549750146869,749.8317904396201,0.0,0.0,0.0,0.0,0.0,0.0,0.0,0.0,0.0,0.0,0.0,0.0,0.0,0.0,0.0,0.0,0.0,0.0,0.0,0.0,0.0,0.0,1.5918345589715873,0.4859079850340621,325.17001034989519,384.3974946358839,9899.38024041447,0.27845264613113299,0.042498877614641789,168.07075560126538,198.41541360146074,5178.115637769655,2.2654954553190187,0.42809815860147756,291.6769050187146,344.8781408405828,8934.285678156188,0.2974534619754667,0.056208137183572679,156.38147916563458,184.945646883532,4754.367107938975,0.0,0.0,6.940511238648841,8.237014400577412,197.42073901977819,0.0,0.0,14.01933477037449,16.516583957687695,453.5648535460644,0.0,0.0,75.35016660855129,89.40997319307727,2151.853849100794,0.0,0.0,54.91223639588945,65.82334920502456,1255.407237345629,0.0,0.0,29.834405433889189,35.30661879093665,891.970387412042,35.11143834490547,24.081919303776055,433.62001223229427,514.1440480400756,13458.982037729249,0.0,0.0,66.2334989528542,80.012664579261,1230.632023169674,0.0,16.28323663989381,34.97339241407981,22.0,30.0,0.0,16.663044101569704,34.088633290081407,12.0,30.0,0.0,16.40189069833591,34.70584312080326,22.0,30.0,0.0,16.38158277297994,34.75080205896632,12.0,30.0,0.0,15.352534914431646,37.86840655693021,12.0,30.0,0.0,17.424714565247105,33.019153271037669,12.0,30.0,0.0,15.408008972491267,37.26094477976747,10.0,30.0,0.0,12.444712024112209,45.54960520287641,12.0,30.0,0.0,16.119759168670499,35.920929048276139,20.0,30.0,0.0,15.523238850869842,0.0,0.0,0.0,10.23981386523257,0.0,0.0,474.6173165610568,474.5246524300108,479.4125651705179,473.4061451869144,546.8699154766428,785.2341855135634,531.7168802852797,616.5152011936118,712.8030230877914,0.0,79.80511055282031,79.80511055282031,60.0,0.0,60.0,60.0,12.0,12.0,12.0,19.0,12.0,12.0,21.0,10.0,0.0,0.0,0.0,0.0,0.0,0.0,0.0,0.0,0.0,0.0,0.0,0.0,0.0,79.80511055282031,79.80511055282031,0.0,0.0,0.0,79.80511055282031,0.0,0.0,0.00263 
 02/28  03:30:00,1.17,95.0,3.05,0.0,0.0,0.0,0.0,0.0,2.0,2.0,0.0,0.0,0.0,0.0,0.0,245.0,0.0,0.0,0.0,0.0,0.0,0.0,0.0,0.0,0.0,0.0,0.0,16.796002846555674,-193.6306670284721,16.999546767993594,-113.7530581560327,16.726945274734385,-34.846569186918717,16.65633936653255,-204.14062084880198,15.336909085522109,-5.790681926491516,17.201079911050873,-45.99617025300648,15.535848854659154,-52.04309780066296,12.997993619250112,-238.01761705455898,16.01553604291868,-102.15236972153673,525.1191176897191,755.212746850091,0.0,0.0,0.0,0.0,0.0,0.0,0.0,0.0,0.0,0.0,0.0,0.0,0.0,0.0,0.0,0.0,0.0,0.0,0.0,0.0,0.0,0.0,1.5576814285987136,0.4754827315624889,187.73060698806916,221.692707069119,5695.468418393939,0.2899727215581437,0.04425713088494257,51.235264830063737,60.42643940333452,1586.6308591974883,2.4286537297389705,0.4589292762167368,273.9076054955998,323.23812016613877,8408.873546810324,0.30114839636033266,0.05690634851858136,130.23654142959686,153.77006504649618,3940.6866975641789,0.0,0.0,7.477583426094743,8.858793753667648,211.5513535226066,0.0,0.0,13.917913438809379,16.372598973732097,447.752807820892,0.0,0.0,81.5512029432285,96.59668049037838,2317.6489474915899,0.0,0.0,55.3071530073067,66.19497771652712,1253.959503792227,0.0,0.0,28.802501772349,34.03305280748608,856.6330605869808,35.11688402892256,24.08565434082481,275.19952758783708,326.089591876411,8757.851598177418,0.0,0.0,66.67531039263727,80.41755699830647,1228.901028649698,0.0,16.266655731889,34.826799671570288,22.0,30.0,0.0,16.64011360374829,33.98763770629675,12.0,30.0,0.0,16.447167617015919,34.75503395357835,22.0,30.0,0.0,16.319226599254639,34.691997839281189,12.0,30.0,0.0,15.298645908295616,37.80662142268412,12.0,30.0,0.0,17.35374508168542,33.01230422205401,12.0,30.0,0.0,15.366166203806858,37.38232066515878,10.0,30.0,0.0,12.37340668089262,45.66663490544335,12.0,30.0,0.0,16.063457180747709,35.907886476480438,20.0,30.0,0.0,15.292043493631596,0.0,0.0,0.0,10.190503631891769,0.0,0.0,468.6747039115071,464.96237888584786,486.69996421738446,462.82146585871058,544.2115310334509,781.9487894598773,531.1311472427598,616.328533151161,712.2965250430862,0.0,79.80511055282031,79.80511055282031,60.0,0.0,60.0,60.0,12.0,12.0,12.0,19.0,12.0,12.0,21.0,10.0,0.0,0.0,0.0,0.0,0.0,0.0,0.0,0.0,0.0,0.0,0.0,0.0,0.0,79.80511055282031,79.80511055282031,0.0,0.0,0.0,79.80511055282031,0.0,0.0,0.0026099999999999996 
 02/28  03:40:00,1.1966666666666668,95.0,3.0866666666666666,0.0,0.0,0.0,0.0,0.0,2.0,2.0,0.0,0.0,0.0,0.0,0.0,490.0,0.0,0.0,0.0,0.0,0.0,0.0,0.0,0.0,0.0,0.0,0.0,16.80857974245378,-106.32191033167328,16.90488167232048,-264.1965144642443,16.6196870383271,-185.5377876232974,16.644669260450394,-113.71754399408042,15.29569003244732,-6.134943703104284,17.151323812619436,-43.34015500069384,15.478102189562105,-72.63313090909014,12.938527781185357,-241.40873090357435,15.97681348027439,-102.45207721340688,540.1994081563648,758.2031808574725,0.0,0.0,0.0,0.0,0.0,0.0,0.0,0.0,0.0,0.0,0.0,0.0,0.0,0.0,0.0,0.0,0.0,0.0,0.0,0.0,0.0,0.0,1.556980397282914,0.47526874153935108,210.84411331171538,249.3193387047879,6433.008656336913,0.2818011754540148,0.043009947413616429,112.9898058891403,133.6692700401604,3446.3512621552865,2.272043717215599,0.4293355474708238,211.38196580068473,249.89703800357899,6427.736457945767,0.300786463628928,0.05683795609012243,116.23696974540039,137.4071259365461,3521.4044393232018,0.0,0.0,7.103900935594979,8.429506429919,200.03689107080238,0.0,0.0,13.838470409842192,16.30688854884123,443.1975667921205,0.0,0.0,78.7248732996269,93.40941682353908,2222.8102044276158,0.0,0.0,55.46046290386241,66.49329159699963,1248.5217354068264,0.0,0.0,28.940347528904657,34.253529247300168,856.9640913501024,35.11654744979455,24.085423490942774,280.0805851388428,332.42372792062846,8877.021033651637,0.0,0.0,66.81445323434635,80.7231765190898,1221.024805554136,0.0,16.387366295772904,34.578185305719589,22.0,30.0,0.0,16.50190687634173,34.22213732228154,12.0,30.0,0.0,16.287602271354165,34.84272756724853,22.0,30.0,0.0,16.371437413437979,34.70998689989537,12.0,30.0,0.0,15.262806045428132,37.81443215058833,12.0,30.0,0.0,17.311242530400518,33.02699089052558,12.0,30.0,0.0,15.302628868588468,37.33514992314173,10.0,30.0,0.0,12.322746270863524,45.686049586147777,12.0,30.0,0.0,16.028517138760507,35.92296945326511,20.0,30.0,0.0,15.287596787665251,0.0,0.0,0.0,10.142211917322874,0.0,0.0,470.4287731729049,465.5619525532292,477.33097357805397,473.35627046233619,542.7879055731967,779.6832502294856,526.6641804748631,613.6059104372808,710.9620078484236,0.0,79.80511055282031,79.80511055282031,60.0,0.0,60.0,60.0,12.0,12.0,12.0,19.0,12.0,12.0,21.0,10.0,0.0,0.0,0.0,0.0,0.0,0.0,0.0,0.0,0.0,0.0,0.0,0.0,0.0,79.80511055282031,79.80511055282031,0.0,0.0,0.0,79.80511055282031,0.0,0.0,0.00259 
 02/28  03:50:00,1.2233333333333334,95.0,3.1233333333333337,0.0,0.0,0.0,0.0,0.0,2.0,2.0,0.0,0.0,0.0,0.0,0.0,245.0,0.0,0.0,0.0,0.0,0.0,0.0,0.0,0.0,0.0,0.0,0.0,16.832660856535619,-27.976848192447507,16.77757502071779,-343.7033212045735,16.560843145712899,-171.55128974948776,16.662212524117416,-11.670719622586376,15.244410817922141,-5.655801070702324,17.089535881608329,-41.85451309685476,15.411438978943569,-76.36209313344307,12.867409485294632,-236.319235232271,15.928312646979752,-101.50463294235965,458.4310414947395,760.8177942905654,0.0,0.0,0.0,0.0,0.0,0.0,0.0,0.0,0.0,0.0,0.0,0.0,0.0,0.0,0.0,0.0,0.0,0.0,0.0,0.0,0.0,0.0,1.5541030022700969,0.4743904158333629,181.67187969420574,214.30617380046085,5576.191869911044,0.27739083365911845,0.04233681832404128,154.78600024623709,182.7119456034556,4664.231353955903,2.1964373384212148,0.41504862781957965,72.27761999540565,85.33943346617115,2229.1202686555295,0.2983987070807791,0.0563867549283407,51.093141341232428,60.2792185120239,1559.4615089929887,0.0,0.0,6.956970052239566,8.242907354201927,194.82028065568114,0.0,0.0,13.888108448143138,16.340296597105483,442.3480615849163,0.0,0.0,77.4136898755269,91.72347523631072,2170.1880787913025,0.0,0.0,55.47852889918963,66.41505970191739,1238.126396087885,0.0,0.0,29.375620362991758,34.71355607674732,865.3610228975499,35.0610665858401,24.047370772181148,173.06664448047725,205.24862503600665,5723.245604249924,0.0,0.0,66.78614016225592,80.56078554459134,1210.834621404465,0.0,16.509494766777445,34.26031879166852,22.0,30.0,0.0,16.321952197988297,34.586707799893478,12.0,30.0,0.0,16.24353262562182,34.845911698304039,22.0,30.0,0.0,16.46238760855195,34.51511409833758,12.0,30.0,0.0,15.207122128189655,37.808863944676108,12.0,30.0,0.0,17.243795772834454,33.051095055280217,12.0,30.0,0.0,15.223045957782523,37.42524592425631,10.0,30.0,0.0,12.24872906701206,45.789723548742767,12.0,30.0,0.0,15.973938036871541,35.931283651553147,20.0,30.0,0.0,14.971575318445254,0.0,0.0,0.0,10.095143000129795,0.0,0.0,470.4807168422001,466.7740127619187,480.7259625571777,477.510087878506,539.5409260742899,776.1160536154938,524.5152674943713,610.758703761281,706.8614728334526,0.0,79.80511055282031,79.80511055282031,60.0,0.0,60.0,60.0,12.0,12.0,12.0,19.0,12.0,12.0,21.0,10.0,0.0,0.0,0.0,0.0,0.0,0.0,0.0,0.0,0.0,0.0,0.0,0.0,0.0,79.80511055282031,79.80511055282031,0.0,0.0,0.0,79.80511055282031,0.0,0.0,0.002586666666666667 
 02/28  04:00:00,1.25,95.0,3.16,0.0,0.0,0.0,0.0,0.0,2.0,2.0,0.0,0.0,0.0,0.0,0.0,735.0,0.0,0.0,0.0,0.0,0.0,0.0,0.0,0.0,0.0,0.0,0.0,16.66617509262312,-165.13771875532954,16.750932253904858,-187.90562552802732,16.539364632515669,-84.21925200249938,16.574058039502608,-210.1232241179618,15.204447812236176,-6.2355597145313059,17.04135922849365,-44.97892628664406,15.368915192845013,-72.64640081650463,12.810937852806987,-240.21722555580329,15.89094432069508,-104.81317987495035,503.2835388567793,758.1079564314104,0.0,0.0,0.0,0.0,0.0,0.0,0.0,0.0,0.0,0.0,0.0,0.0,0.0,0.0,0.0,0.0,0.0,0.0,0.0,0.0,0.0,0.0,1.5591766938781815,0.475939161745477,198.00384312043227,234.41519016737295,5944.0642879719839,0.2887599195168899,0.044072026788292157,116.97059375316552,138.33701114146806,3527.837827798991,2.1527724570857504,0.4067975164561135,143.4337217303329,169.78517485171359,4359.278186155538,0.28750198873684909,0.0543276622707576,80.78296301240758,95.59300718284752,2429.270838462491,0.0,0.0,7.208553577151847,8.560336339006577,200.94097907350045,0.0,0.0,13.827762803283541,16.30530236545767,438.431916004189,0.0,0.0,78.66193809931169,93.40936280843674,2195.538466560136,0.0,0.0,55.608789890858819,66.72169331095577,1232.5067249388313,0.0,0.0,29.94516570670939,35.46361943277288,878.2949316839593,35.07677616212301,24.058145515859434,231.7604192847296,275.4168228109698,7390.942083729131,0.0,0.0,66.87235566594379,80.84804562910071,1201.703977707286,0.0,16.223727854640346,34.85767107777412,22.000000000000019,30.00000000000002,0.0,16.36327136500284,34.51426692833228,12.00000000000001,30.00000000000002,0.0,16.27682892973025,34.800903359125339,22.000000000000019,30.00000000000002,0.0,16.3148924855843,34.625283697586528,12.00000000000001,30.00000000000002,0.0,15.174176955253412,37.8084552430487,12.00000000000001,30.00000000000002,0.0,17.202914325521915,33.08049926241887,12.00000000000001,30.00000000000002,0.0,15.192478472833909,37.44750421425905,10.000000000000007,30.00000000000002,0.0,12.202700683708097,45.81108651062964,12.00000000000001,30.00000000000002,0.0,15.941398860654818,35.93219583729073,20.000000000000015,30.00000000000002,0.0,15.061746008570632,0.0,0.0,0.0,10.045718932195806,0.0,0.0,471.02838178226599,467.62064098608308,478.28121187281928,461.98414842253706,537.708388289946,775.7191415007964,523.3090537792584,608.9238497291029,703.3935479372025,0.0,79.80511055282037,79.80511055282037,60.00000000000004,0.0,60.00000000000004,60.00000000000004,12.0,12.0,12.0,19.0,12.0,12.0,21.0,10.0,0.0,0.0,0.0,0.0,0.0,0.0,0.0,0.0,0.0,0.0,0.0,0.0,0.0,79.80511055282037,79.80511055282037,0.0,0.0,0.0,79.80511055282037,0.0,0.0,0.0025833333333333335 
 02/28  04:10:00,1.2833333333333335,95.0,3.193333333333334,0.0,0.0,0.0,0.0,0.0,2.0,2.0,0.0,0.0,0.0,0.0,0.0,735.0,0.0,0.0,0.0,0.0,0.0,0.0,0.0,0.0,0.0,0.0,0.0,16.615118975127783,-152.6285455724592,16.61680950452751,-314.32087372003908,16.473048933467667,-180.04837573884817,16.47788107610589,-130.98745158741216,15.157453666712179,-6.324908901196001,16.984953515862054,-45.55767234810414,15.302660517510642,-79.44609637002516,12.74410959419754,-240.40211117496689,15.845819235704543,-107.38584635699545,485.3243810208666,754.7798555619537,0.0,0.0,0.0,0.0,0.0,0.0,0.0,0.0,0.0,0.0,0.0,0.0,0.0,0.0,0.0,0.0,0.0,0.0,0.0,0.0,0.0,0.0,1.5418174360359505,0.470640242990217,244.35852302961986,289.2101952815967,7315.271173845082,0.28792092645172726,0.04394397534367022,152.85456494626423,180.9679900178663,4536.225136129101,2.0374982370616729,0.38501478402525959,107.86021959925307,127.64292378547381,3267.8290051961846,0.28804114574807229,0.05442954379215273,77.93020430900022,92.29854668712857,2319.9256064860435,0.0,0.0,7.111257898149315,8.44503491771684,197.10299592585899,0.0,0.0,13.865702233521012,16.352656693196818,437.1954349518975,0.0,0.0,78.0027593946239,92.6408347203274,2160.4342811957237,0.0,0.0,55.621071641499877,66.74852787456978,1221.714589890164,0.0,0.0,30.170590718774137,35.735908582390297,880.1227660992843,34.998486924245,24.004449193583687,227.95884828050948,270.94827208452139,7207.8805239674279,0.0,0.0,66.79226370642874,80.76130565077477,1188.8352560832116,0.0,16.199760037477988,34.88723710713428,22.0,30.0,0.0,16.162153006932536,34.91284212747904,12.0,30.0,0.0,16.208273950868589,34.8553843585443,22.0,30.0,0.0,16.1956877632705,34.85263721015677,12.0,30.0,0.0,15.127410258018728,37.815142223778348,12.0,30.0,0.0,17.145444981566386,33.12243055000959,12.0,30.0,0.0,15.116095506569043,37.55514846987346,10.0,30.0,0.0,12.135772768230396,45.8435667674418,12.0,30.0,0.0,15.893605096086589,35.92634763859727,20.0,30.0,0.0,14.956815612026777,0.0,0.0,0.0,9.993984657292927,0.0,0.0,474.19784436502899,461.21488928965888,472.22393510843497,462.4440546077635,536.0784878130368,774.1568986994799,525.9576386519739,607.0356417654284,699.1096597072352,0.0,79.80511055282031,79.80511055282031,60.0,0.0,60.0,60.0,12.0,12.0,12.0,19.0,12.0,12.0,21.0,10.0,0.0,0.0,0.0,0.0,0.0,0.0,0.0,0.0,0.0,0.0,0.0,0.0,0.0,79.80511055282031,79.80511055282031,0.0,0.0,0.0,79.80511055282031,0.0,0.0,0.0025800000000000004 
 02/28  04:20:00,1.3166666666666669,95.0,3.2266666666666667,0.0,0.0,0.0,0.0,0.0,2.0,2.0,0.0,0.0,0.0,0.0,0.0,245.0,0.0,0.0,0.0,0.0,0.0,0.0,0.0,0.0,0.0,0.0,0.0,16.617789992791289,-38.656234517440228,16.59724755709538,-193.55761489321459,16.437052048700737,-54.72974375140939,16.353744068073696,-266.67273990842298,15.104015429850655,-5.636404440079673,16.919807213175085,-45.27048088408276,15.240483475444126,-70.77562993521724,12.674787091303138,-232.85489709742388,15.794578092502566,-105.53313176512484,399.09580618946668,757.8049829936447,0.0,0.0,0.0,0.0,0.0,0.0,0.0,0.0,0.0,0.0,0.0,0.0,0.0,0.0,0.0,0.0,0.0,0.0,0.0,0.0,0.0,0.0,1.531204425326507,0.4674006182315345,70.66125785400178,83.39729926730473,2153.2071425859269,0.28729924538189846,0.043849091175503427,64.95293350214688,76.68306003711948,1935.3630103363328,2.0729533014915075,0.39171453164994488,106.22207323904542,125.40039017439199,3214.22875662158,0.2820152128857944,0.0532908565543829,102.50201884326839,121.09861139815109,3009.487218019128,0.0,0.0,7.192535355066656,8.524369557431167,198.1154778482596,0.0,0.0,13.911118472691103,16.373600699228349,435.855780479755,0.0,0.0,78.26193515726934,92.76287898886962,2152.9219453843049,0.0,0.0,55.65038369375644,66.65030120282259,1211.1030453119359,0.0,0.0,30.645724860285826,36.224499299927867,888.7103985976315,34.90737629086088,23.941959047229696,130.75987322125855,155.2236209336802,4413.1071992477659,0.0,0.0,66.77958826947976,80.57628528963054,1178.9932883494469,0.0,16.290194668263898,34.64884707628698,22.0,30.0,0.0,16.20510828322853,34.808531405864908,12.0,30.0,0.0,16.21308704232241,34.84685600258676,22.0,30.0,0.0,16.00125460253374,35.264475438777648,12.0,30.0,0.0,15.067905310207165,37.84315004897954,12.0,30.0,0.0,17.07028291377214,33.19952743309064,12.0,30.0,0.0,15.049388361031854,37.68417288849676,10.0,30.0,0.0,12.063456677687374,45.97919275437092,12.0,30.0,0.0,15.833936982347668,35.96533145896675,20.0,30.0,0.0,14.622283229479879,0.0,0.0,0.0,9.953062830534009,0.0,0.0,469.3048716662686,461.60443893219988,474.86125068170329,461.8927379253947,534.6142854857218,772.658784512165,526.0381638231212,607.0673164369924,695.6577671360158,0.0,79.80511055282031,79.80511055282031,60.0,0.0,60.0,60.0,12.0,12.0,12.0,19.0,12.0,12.0,21.0,10.0,0.0,0.0,0.0,0.0,0.0,0.0,0.0,0.0,0.0,0.0,0.0,0.0,0.0,79.80511055282031,79.80511055282031,0.0,0.0,0.0,79.80511055282031,0.0,0.0,0.002563333333333333 
 02/28  04:30:00,1.35,95.0,3.26,0.0,0.0,0.0,0.0,0.0,2.0,2.0,0.0,0.0,0.0,0.0,0.0,735.0,0.0,0.0,0.0,0.0,0.0,0.0,0.0,0.0,0.0,0.0,0.0,16.48455865354414,-150.1760061683068,16.560137826813887,-214.26589650953407,16.345457829125146,-166.79549092422958,16.360954523460479,-56.28691458792996,15.063874866492963,-6.11621292556098,16.872969239775789,-45.016133278132489,15.19990533301737,-71.30207320137558,12.620889722931988,-236.41260122901688,15.756740007844073,-108.89670447264435,425.8231544983415,755.4572689199881,0.0,0.0,0.0,0.0,0.0,0.0,0.0,0.0,0.0,0.0,0.0,0.0,0.0,0.0,0.0,0.0,0.0,0.0,0.0,0.0,0.0,0.0,1.510912106585168,0.46120638174150416,153.16573535525942,181.343535341593,4538.857697474916,0.27886697948587788,0.042562115306147407,95.02707177686631,112.42030876814762,2815.0219748407419,2.033338126815952,0.38422867097807109,103.28804824465867,122.26773622768498,3093.9058267599987,0.2926645101667272,0.055303195420772308,74.2712297538816,87.96931397948709,2189.8342668418547,0.0,0.0,7.184332017724523,8.53404412852914,196.88406098184439,0.0,0.0,13.883421872113964,16.37785168103219,432.882233038349,0.0,0.0,79.48652042487024,94.42687644578328,2176.2625501093718,0.0,0.0,55.86805846969419,67.0639366795186,1206.9139667697376,0.0,0.0,29.73502764841861,35.225013823951467,858.0975617680364,34.88498354630652,23.926600511870043,157.888517152499,187.84107612798113,5141.531493159582,0.0,0.0,66.97563196986762,80.99699666294387,1171.8967857707315,0.0,16.080954161737667,35.10164110073421,21.999999999999994,29.99999999999999,0.0,16.1954639577566,34.82985962181099,11.999999999999995,29.99999999999999,0.0,16.08897655655527,35.102907110413628,21.999999999999994,29.99999999999999,0.0,16.106926838671325,35.05993484440652,11.999999999999995,29.99999999999999,0.0,15.03499931305438,37.87378771655433,11.999999999999995,29.99999999999999,0.0,17.031392878945135,33.24794286135245,11.999999999999995,29.99999999999999,0.0,15.021184765330599,37.69873224218854,9.999999999999997,29.99999999999999,0.0,12.020358381264927,46.03604247148809,11.999999999999995,29.99999999999999,0.0,15.800705818326354,36.00516970664106,19.999999999999994,29.99999999999999,0.0,14.661899637534738,0.0,0.0,0.0,9.911106964167575,0.0,0.0,466.87079766646738,460.02942465820078,474.4322020734624,469.0244071074064,533.7207187299493,772.1494422467787,521.3200358057368,606.0259106533647,698.367350163273,0.0,79.80511055282028,79.80511055282028,59.99999999999998,0.0,59.99999999999998,59.99999999999998,12.0,12.0,12.0,19.0,12.0,12.0,21.0,10.0,0.0,0.0,0.0,0.0,0.0,0.0,0.0,0.0,0.0,0.0,0.0,0.0,0.0,79.80511055282028,79.80511055282028,0.0,0.0,0.0,79.80511055282028,0.0,0.0,0.0025466666666666669 
 02/28  04:40:00,1.3833333333333334,95.0,3.293333333333333,0.0,0.0,0.0,0.0,0.0,2.0,2.0,0.0,0.0,0.0,0.0,0.0,735.0,0.0,0.0,0.0,0.0,0.0,0.0,0.0,0.0,0.0,0.0,0.0,16.41144583389861,-148.6887246479641,16.413740551308046,-318.3817413439968,16.275130733406266,-183.8856244161497,16.288326759178,-133.50287765048254,15.016798881215867,-6.046349298465631,16.817994014656933,-45.95586782668657,15.133105033477504,-83.30099876580369,12.557808437405065,-235.44679431460129,15.711605302454432,-110.40005366049633,476.3364076962488,751.1694284724988,0.0,0.0,0.0,0.0,0.0,0.0,0.0,0.0,0.0,0.0,0.0,0.0,0.0,0.0,0.0,0.0,0.0,0.0,0.0,0.0,0.0,0.0,1.5079847661998818,0.46031281019532435,244.46051133695694,289.4674095922745,7180.699242816927,0.28140593444120906,0.042949623693713249,151.42471701258803,179.3622312117196,4407.659002640412,1.9179055784792075,0.3624160201207877,108.76757919468983,128.7780360590642,3229.5220309510575,0.2813725997401356,0.05316942549889185,77.32339418321455,91.6222758650677,2257.7485666957188,0.0,0.0,7.027516110284053,8.348111944238142,191.4764166300785,0.0,0.0,13.934877917134628,16.44089653367983,432.0794375081173,0.0,0.0,77.34512982079201,91.89752555774123,2100.670217496562,0.0,0.0,55.75909321740946,66.94372283602229,1194.0437912525493,0.0,0.0,30.899570476088937,36.610758776827058,886.8303784328704,34.81607108632896,23.879335450157055,227.77140096330249,270.84239665562,7056.716254524378,0.0,0.0,66.75350041987385,80.73612830299894,1157.5378811135134,0.0,16.012502164864967,35.27149564510121,22.000000000000008,30.00000000000001,0.0,15.971661138130115,35.356341404163668,12.000000000000006,30.00000000000001,0.0,16.020459617132869,35.25832902822041,22.000000000000008,30.00000000000001,0.0,16.004839441380886,35.28615332754774,12.000000000000006,30.00000000000001,0.0,14.98837668731953,37.91820653451272,12.000000000000006,30.00000000000001,0.0,16.975721484446859,33.31815944459913,12.000000000000006,30.00000000000001,0.0,14.942009153111563,37.85790375243986,10.000000000000004,30.00000000000001,0.0,11.95879649084811,46.11987415326233,12.666666666666672,30.00000000000001,0.0,15.75326051106023,36.04570690848126,20.000000000000008,30.00000000000001,0.0,14.78110918745855,0.0,0.0,0.0,9.866619707815805,0.0,0.0,470.2359363297458,458.65958145036645,471.5646792898325,463.8595520089515,531.9945328913836,770.0036101912828,522.6109895877455,604.240384383801,694.0835375490258,0.0,79.80511055282034,79.80511055282034,60.00000000000002,0.0,60.00000000000002,60.00000000000002,12.0,12.0,12.0,19.0,12.0,12.0,21.0,10.0,0.0,0.0,0.0,0.0,0.0,0.0,0.0,0.0,0.0,0.0,0.0,0.0,0.0,79.80511055282034,79.80511055282034,0.0,0.0,0.0,79.80511055282034,0.0,0.0,0.00253 
 02/28  04:50:00,1.4166666666666666,95.0,3.326666666666666,0.0,0.0,0.0,0.0,0.0,2.0,2.0,0.0,0.0,0.0,0.0,0.0,245.0,0.0,0.0,0.0,0.0,0.0,0.0,0.0,0.0,0.0,0.0,0.0,16.40994386843581,-37.54410662657983,16.39089195923414,-192.96576698512605,16.238505879563136,-55.262882522311887,16.170640271660127,-260.3298368610249,14.963217150070767,-5.434312367332836,16.754269342367619,-45.74463509601577,15.068550857493257,-73.30883780550676,12.492241206286494,-228.40674090211724,15.660511191049455,-108.53876937637051,389.2989036977333,753.0205747451053,0.0,0.0,0.0,0.0,0.0,0.0,0.0,0.0,0.0,0.0,0.0,0.0,0.0,0.0,0.0,0.0,0.0,0.0,0.0,0.0,0.0,0.0,1.4972343041013419,0.45703122835816298,71.25107607817822,84.13281897031382,2128.0424683140797,0.28080516281033926,0.04285793083185886,65.45863031370344,77.31665730363997,1912.1453412869606,1.954988339948145,0.3694233446614032,103.45630280967501,122.19004785383666,3069.5419010545458,0.27558029572927236,0.052074885814299368,99.91283184280693,118.0880880053862,2878.965542295332,0.0,0.0,7.1138928628818489,8.433791607434776,192.6004782109961,0.0,0.0,13.979565527666896,16.460723611518323,430.7235108249253,0.0,0.0,77.69287041654384,92.12815493062289,2094.890435371671,0.0,0.0,55.76428549539327,66.8154650422405,1183.4200044062505,0.0,0.0,31.321177986594017,37.03435920595341,893.5617131409289,34.7252093842516,23.81701603858135,128.89900488003623,153.07195919426685,4272.0112389242599,0.0,0.0,66.71843027811346,80.52272047350131,1148.1122870279024,0.0,16.095133962552859,35.09247888543979,22.0,30.0,0.0,16.007716404490357,35.278210642195357,12.0,30.0,0.0,16.025115985437986,35.2531760447741,22.0,30.0,0.0,15.822244499396506,35.69894203979242,12.0,30.0,0.0,14.928799247434525,37.994519587826349,12.0,30.0,0.0,16.902423292149427,33.43237031201742,12.0,30.0,0.0,14.871098148050516,38.02045892928794,10.0,30.0,0.0,11.891678348663963,46.27841886431494,13.0,30.0,0.0,15.694092677872423,36.12867795523782,20.0,30.0,0.0,14.452768703755928,0.0,0.0,0.0,9.831808342307533,0.0,0.0,467.2319445642647,458.7167473137315,476.1823787313891,458.92508953454606,530.6457778658943,768.4780640226553,523.4168716816054,604.4788145142406,690.3324372061079,0.0,79.80511055282031,79.80511055282031,60.0,0.0,60.0,60.0,12.0,12.0,12.0,19.0,12.0,12.0,21.0,10.0,0.0,0.0,0.0,0.0,0.0,0.0,0.0,0.0,0.0,0.0,0.0,0.0,0.0,79.80511055282031,79.80511055282031,0.0,0.0,0.0,79.80511055282031,0.0,0.0,0.0025399999999999999 
 02/28  05:00:00,1.45,95.0,3.36,0.0,0.0,0.0,0.0,0.0,2.0,2.0,0.0,0.0,0.0,0.0,0.0,735.0,0.0,0.0,0.0,0.0,0.0,0.0,0.0,0.0,0.0,0.0,0.0,16.280724374399307,-140.1351895471728,16.35515077504043,-208.03594659441593,16.14699172826912,-166.03161279021158,16.177227821155474,-60.5404029483484,14.92298070610745,-5.879671058613775,16.70825439702103,-45.6972326781382,15.027207535110364,-73.79460760472048,12.441172516260405,-230.9350856267213,15.622727406979859,-111.69368694648958,414.8180186243059,749.1439906804202,0.0,0.0,0.0,0.0,0.0,0.0,0.0,0.0,0.0,0.0,0.0,0.0,0.0,0.0,0.0,0.0,0.0,0.0,0.0,0.0,0.0,0.0,1.4775332155484922,0.4510174650636427,148.80853787461008,176.2679569825396,4325.371973481502,0.2729048148796194,0.041652139023140969,95.0486980983733,112.498438660252,2761.127619765656,1.9162987548634079,0.36211238754032695,101.0788717359327,119.70496435378318,2967.8490678644359,0.28533059731302587,0.05391734643103288,74.1180937946216,87.81927415380067,2144.1383983373827,0.0,0.0,7.108304656556379,8.446266412304265,191.45527728656317,0.0,0.0,13.969646582224437,16.485941694689158,428.31863764170398,0.0,0.0,78.6880061224492,93.5179282915739,2111.293928496262,0.0,0.0,55.901569412649809,67.13138308891573,1177.785020407671,0.0,0.0,30.61969897266851,36.28415974225529,869.2457068704568,34.70007762828061,23.799778894568349,155.48717976175659,185.05582305542789,4971.911158677642,0.0,0.0,66.82898656914316,80.83767000025334,1140.1584022040859,0.0,15.894403886086689,35.55616029864705,22.000000000000019,30.00000000000002,0.0,16.000089164000174,35.31332325880918,12.00000000000001,30.00000000000002,0.0,15.901366599772473,35.544569634364069,22.000000000000019,30.00000000000002,0.0,15.923365431377843,35.48551371381504,12.00000000000001,30.00000000000002,0.0,14.895877205893538,38.04814414551307,12.00000000000001,30.00000000000002,0.0,16.864211294639433,33.497880222171179,12.00000000000001,30.00000000000002,0.0,14.841619082116548,38.08462994013344,10.000000000000007,30.00000000000002,0.0,11.85203782620386,46.36331039292397,13.00000000000001,30.00000000000002,0.0,15.66116741283992,36.18631934474715,20.000000000000015,30.00000000000002,0.0,14.491424868076292,0.0,0.0,0.0,9.794935142779118,0.0,0.0,465.1552647890495,457.75398821698379,473.3722302292894,468.7494427145549,529.9932530908271,767.9986833070994,519.7401705193954,604.028437706092,692.3338578941709,0.0,79.80511055282037,79.80511055282037,60.00000000000004,0.0,60.00000000000004,60.00000000000004,12.0,12.0,12.0,19.0,12.0,12.0,21.0,10.0,0.0,0.0,0.0,0.0,0.0,0.0,0.0,0.0,0.0,0.0,0.0,0.0,0.0,79.80511055282037,79.80511055282037,0.0,0.0,0.0,79.80511055282037,0.0,0.0,0.0025500000000000008 
 02/28  05:10:00,1.4716666666666667,95.16666666666667,3.4699999999999999,0.0,0.0,0.0,0.0,0.0,2.0,2.0,0.0,0.0,0.0,0.0,0.0,490.0,0.0,0.0,0.0,0.0,0.0,0.0,0.0,0.0,0.0,0.0,0.0,16.17435748185735,-233.89592279584645,16.291929811577277,-143.01974673441874,16.126960135489996,-61.428073899979839,16.15425345959132,-108.99638055086229,14.874003418709455,-5.865197709198185,16.651733250905254,-45.97124543764866,14.975158739263574,-65.66325322078433,12.38076230386843,-227.94693964322495,15.576411580617667,-111.25593682807181,360.8157615228549,749.9416784583863,0.0,0.0,0.0,0.0,0.0,0.0,0.0,0.0,0.0,0.0,0.0,0.0,0.0,0.0,0.0,0.0,0.0,0.0,0.0,0.0,0.0,0.0,1.4797325362340113,0.45168880837424038,135.10884386767197,159.9381155147713,3878.6443120277438,0.2783055965048381,0.04247643414298506,94.94620376100977,112.3588085895856,2745.446272188535,1.8597802116074176,0.3514323907043497,48.69926480227427,57.54919504131173,1458.238960614217,0.27841850772619655,0.0526112070533251,29.597375918913376,34.98020602975738,858.7176296905602,0.0,0.0,7.27925651793959,8.64511048493365,195.04677213165594,0.0,0.0,13.909019159023245,16.408247864452986,424.3378183509309,0.0,0.0,79.52748387084469,94.46959028018859,2122.8326078831307,0.0,0.0,56.008232136538868,67.23297852562388,1171.2647411206195,0.0,0.0,30.858060752982988,36.553190687050598,871.8434681730207,34.86614790940069,23.913681693690465,115.3140489885692,137.11582562186192,3864.4013590637598,0.0,0.0,66.97980662172279,80.9805232104452,1135.6587321002926,0.0,15.757467007635225,35.91523474438371,22.0,30.0,0.0,15.941664593295574,35.46314470570297,12.0,30.0,0.0,15.933276530939434,35.486148869130619,22.0,30.0,0.0,15.921447565398357,35.52566535392882,12.0,30.0,0.0,14.845578435589389,38.13881933178118,12.0,30.0,0.0,16.805422049084869,33.60656966192573,12.0,30.0,0.0,14.791941447350713,38.201751348626959,10.0,30.0,0.0,11.793866628030976,46.513985112775717,13.0,30.0,0.0,15.612037244352472,36.2779795795295,20.0,30.0,0.0,14.241834369146524,0.0,0.0,0.0,9.763573712139277,0.0,0.0,461.50178344733618,459.2306319707408,483.59823596130766,459.1563851604305,528.6236495152366,766.8110220670042,517.9081925337125,603.133603318028,690.625279455089,0.0,79.80511055282031,79.80511055282031,60.0,0.0,60.0,60.0,12.0,12.0,12.0,19.0,12.0,12.0,21.0,10.0,0.0,0.0,0.0,0.0,0.0,0.0,0.0,0.0,0.0,0.0,0.0,0.0,0.0,79.80511055282031,79.80511055282031,0.0,0.0,0.0,79.80511055282031,0.0,0.0,0.0025599999999999999 
 02/28  05:20:00,1.4933333333333335,95.33333333333334,3.58,0.0,0.0,0.0,0.0,0.0,2.0,2.0,0.0,0.0,0.0,0.0,0.0,490.0,0.0,0.0,0.0,0.0,0.0,0.0,0.0,0.0,0.0,0.0,0.0,16.003783019399909,-77.08425604125296,16.267262623765597,-258.58231138606109,16.01223750919975,-269.1133691246396,16.021544362258127,-171.9311910704755,14.827013458879529,-4.715499920157413,16.59607732945006,-45.84446991795039,14.908801056238796,-98.80437626218952,12.322664491029716,-226.22007402618045,15.530320165163787,-113.82937995077913,564.341500274506,739.6667021608126,0.0,0.0,0.0,0.0,0.0,0.0,0.0,0.0,0.0,0.0,0.0,0.0,0.0,0.0,0.0,0.0,0.0,0.0,0.0,0.0,0.0,0.0,1.4927260503888585,0.4556550825362816,378.03235470045146,447.6983601152087,10670.306590689333,0.26279678709671369,0.04010939974003567,197.2972207508434,233.32989554480748,5675.226363660898,1.6760816231223626,0.3167198834320414,351.56676506461289,416.22682847216677,10058.641638180845,0.2655863969264326,0.05018639397702806,191.33496086942206,226.63633130494527,5427.5503581394709,0.0,0.0,6.76838220502678,8.041330754203728,180.46886188743364,0.0,0.0,14.270331315102565,16.836308433362313,433.1878669974418,0.0,0.0,73.43385017321632,87.26603740020689,1946.878833628639,0.0,0.0,55.53089993209193,66.6702640897789,1152.933886905839,0.0,0.0,32.90546207397037,38.981492552321977,925.1657102781815,34.94242994837547,23.96600133633435,524.2870395982301,622.5413782569253,14955.968352298944,0.0,0.0,66.28642395854321,80.15130699594535,1115.3382300800509,0.0,15.53183951478567,36.461294709418087,22.0,30.0,0.0,15.945047496013201,35.4896933795066,12.0,30.0,0.0,15.763240985862112,35.913284393471979,22.0,30.0,0.0,15.709651647471155,36.04602065162395,12.0,30.0,0.0,14.799317207155305,38.236187172361777,12.0,30.0,0.0,16.748382997535616,33.724198766476877,12.0,30.0,0.0,14.714283007212316,38.41246665209919,10.0,30.0,0.0,11.739694621030479,46.65615421995231,13.0,30.0,0.0,15.56330160505999,36.38099168034974,20.0,30.0,0.0,14.873044693952485,0.0,0.0,0.0,9.721007069876988,0.0,0.0,464.68665808412745,466.2067990330396,470.1962516824842,463.746877924272,527.3084654811655,765.7893173776909,521.8414307130054,603.3922319836978,685.1742393930847,0.0,79.80511055282031,79.80511055282031,60.0,0.0,60.0,60.0,12.0,12.0,12.0,19.0,12.0,12.0,21.0,10.0,0.0,0.0,0.0,0.0,0.0,0.0,0.0,0.0,0.0,0.0,0.0,0.0,0.0,79.80511055282031,79.80511055282031,0.0,0.0,0.0,79.80511055282031,0.0,0.0,0.002573333333333333 
 02/28  05:30:00,1.5150000000000002,95.5,3.6899999999999997,0.0,0.0,0.0,0.0,0.0,2.0,2.0,0.0,0.0,0.0,0.0,0.0,490.0,0.0,0.0,0.0,0.0,0.0,0.0,0.0,0.0,0.0,0.0,0.0,16.034202870897937,-204.17046892794498,16.111551046211276,-213.30088667718429,15.852330807373257,-119.80636451011469,16.00861273281347,-183.96607721435704,14.78108868647066,-5.151809674040052,16.54293570315795,-47.5981978820011,14.82931027500933,-73.43306614787469,12.266269244909058,-224.95151747437729,15.484744588406543,-115.86857821301652,545.2288332061107,736.5546027972979,0.0,0.0,0.0,0.0,0.0,0.0,0.0,0.0,0.0,0.0,0.0,0.0,0.0,0.0,0.0,0.0,0.0,0.0,0.0,0.0,0.0,0.0,1.4519691435855009,0.44321402429349845,292.8609537721687,346.836049450049,8294.938816438087,0.25982404155487445,0.03965568399799671,157.35065922450517,186.42242755014429,4456.017237415827,1.7521682777267287,0.33109755814941979,249.32207581721313,295.17188896593589,7045.987890443765,0.26936255610774076,0.05089995391302733,137.3393109928183,162.51194830512595,3894.8204867862198,0.0,0.0,6.9941004447348569,8.307488141842989,185.56438563772145,0.0,0.0,14.313776619756885,16.890405110088787,432.4585798819961,0.0,0.0,76.99420131725626,91.50011108390165,2022.5400386062198,0.0,0.0,55.722245580492259,66.90751007311187,1148.7859266913206,0.0,0.0,32.39534890739756,38.38303120128113,906.4709484774974,35.11108061905121,24.081673949966544,381.6320671608697,453.21438381565266,11054.235190654395,0.0,0.0,66.50580930163003,80.42017485179162,1111.7960105153707,0.0,15.640441757215723,36.257850005985677,22.0,30.0,0.0,15.715095998980332,36.0775431468108,12.0,30.0,0.0,15.539931832539694,36.46654685355345,22.0,30.0,0.0,15.745570606082938,35.9867420115894,12.0,30.0,0.0,14.754886631580451,38.3342030338045,12.0,30.0,0.0,16.69591726460572,33.83783187603085,12.0,30.0,0.0,14.61522851543322,38.68752101356623,10.0,30.0,0.0,11.688050956949482,46.81391056713383,13.0,30.0,0.0,15.515914906930709,36.48746347651246,20.0,30.0,0.0,14.773212232688156,0.0,0.0,0.0,9.68872684480781,0.0,0.0,463.00992716986698,463.2784333951398,470.55824777268966,465.5193623097348,526.2199878377112,762.004787346003,519.5461015178007,604.3051100687533,683.0071163066079,0.0,79.80511055282031,79.80511055282031,60.0,0.0,60.0,60.0,12.0,12.0,12.0,19.0,12.0,12.0,21.0,10.0,0.0,0.0,0.0,0.0,0.0,0.0,0.0,0.0,0.0,0.0,0.0,0.0,0.0,79.80511055282031,79.80511055282031,0.0,0.0,0.0,79.80511055282031,0.0,0.0,0.002586666666666667 
 02/28  05:40:00,1.5366666666666667,95.66666666666667,3.8,0.0,0.0,0.0,0.0,0.0,2.0,2.0,0.0,0.0,0.0,0.0,0.0,490.0,0.0,0.0,0.0,0.0,0.0,0.0,0.0,0.0,0.0,0.0,0.0,15.872073491317764,-77.76982097962264,16.100992921962086,-251.93697614328995,15.826290488406539,-241.7141343907515,15.878281972678384,-142.72638153330946,14.734100579421782,-4.2197741931447869,16.48663112679398,-47.08007290662542,14.779183237630712,-96.08353881862877,12.210956058664913,-221.48978312685223,15.438156491894848,-116.27833487830987,518.368901940762,729.692383741544,0.0,0.0,0.0,0.0,0.0,0.0,0.0,0.0,0.0,0.0,0.0,0.0,0.0,0.0,0.0,0.0,0.0,0.0,0.0,0.0,0.0,0.0,1.4609357519319877,0.4459510842283235,277.57848022896317,328.6773546786025,7779.767247607547,0.25773912043296567,0.039337472593553978,148.68939755604019,175.87876071952366,4204.920898419065,1.5392620019124215,0.2908658355843579,242.41465492223635,287.1374919162778,6817.8138483908219,0.26917206480034897,0.05086395782319518,134.6352044827427,159.5107854331211,3773.301276009124,0.0,0.0,6.677604152518028,7.93471727306892,176.2918249801571,0.0,0.0,14.474231296052184,17.081716727491775,435.0632838361242,0.0,0.0,73.12986153314876,86.93509074095997,1911.853015232696,0.0,0.0,55.2645830163961,66.36674194833523,1131.5024879725943,0.0,0.0,33.4034130878801,39.58067857965149,930.0668852578986,34.98523318569544,23.99535883792555,365.0502543536415,433.5799033694175,10508.166338788822,0.0,0.0,65.87642048924706,79.66568314416483,1093.6756936058794,0.0,15.42501897595984,36.80084265571733,22.0,30.0,0.0,15.75836246209044,36.01014113087368,12.0,30.0,0.0,15.551608190364466,36.51242455938183,22.0,30.0,0.0,15.559296345914954,36.498558190942137,12.0,30.0,0.0,14.708517397794275,38.453761122674098,12.0,30.0,0.0,16.637497287977987,33.97746787798789,12.0,30.0,0.0,14.5709111613286,38.820796525632577,10.0,30.0,0.0,11.638202185454228,46.9785344448844,13.0,30.0,0.0,15.466887858454843,36.6166077118684,20.0,30.0,0.0,14.659582116069736,0.0,0.0,0.0,9.653178730099182,0.0,0.0,463.5166417390382,466.30822113583988,466.98488346173766,459.2214564688755,525.4098627493838,760.8908795590862,522.1797202107809,604.2441877823094,680.733789599417,0.0,79.80511055282031,79.80511055282031,60.0,0.0,60.0,60.0,12.0,12.0,12.0,19.0,12.0,12.0,21.0,10.0,0.0,0.0,0.0,0.0,0.0,0.0,0.0,0.0,0.0,0.0,0.0,0.0,0.0,79.80511055282031,79.80511055282031,0.0,0.0,0.0,79.80511055282031,0.0,0.0,0.0026 
 02/28  05:50:00,1.5583333333333336,95.83333333333333,3.9099999999999994,0.0,0.0,0.0,0.0,0.0,2.0,2.0,0.0,0.0,0.0,0.0,0.0,490.0,0.0,0.0,0.0,0.0,0.0,0.0,0.0,0.0,0.0,0.0,0.0,15.876974274343592,-196.30106840592635,15.95991445771337,-203.40196501355377,15.700190048229873,-110.85111746235862,15.867764905655485,-180.93670255834423,14.688135992738872,-4.5938397531642469,16.43310515323431,-48.592126113027749,14.708202887819804,-75.71480325460823,12.156817142457357,-220.10340012557027,15.392596476966137,-117.60026872177679,518.3284148669281,726.2889508488103,0.0,0.0,0.0,0.0,0.0,0.0,0.0,0.0,0.0,0.0,0.0,0.0,0.0,0.0,0.0,0.0,0.0,0.0,0.0,0.0,0.0,0.0,1.4283472675914917,0.4360034394357423,283.4260188502802,335.80218586414596,7918.470745119961,0.255777802595682,0.03903812615929213,153.613186615217,182.07388773213584,4290.105022510869,1.7184132212818058,0.32471905164055306,240.94002049252308,285.3545682391315,6718.592264315321,0.26478891962463199,0.05003569909762508,134.1731226790377,158.82550366110247,3754.343772051618,0.0,0.0,6.876996599836717,8.170146621218493,180.64847443667348,0.0,0.0,14.405823911264685,17.00373112083568,430.91832968801557,0.0,0.0,75.86484022966013,90.18803291223348,1967.5463105348154,0.0,0.0,55.44520619195765,66.59060416275398,1127.4473417289442,0.0,0.0,33.047036196219369,39.16392614892844,915.7205765190985,34.75962892318948,23.840623404108024,369.2995454899785,438.71733491510477,10575.461050665286,0.0,0.0,66.01127675714976,79.83160552105096,1089.1576170181102,0.0,15.48482703894709,36.73873622404067,22.0,30.0,0.0,15.55661437455165,36.57123215568736,12.0,30.0,0.0,15.388286548448399,36.93925902854163,22.0,30.0,0.0,15.593071098907103,36.45068202733427,12.0,30.0,0.0,14.663954255470508,38.571656294811017,12.0,30.0,0.0,16.58406598120773,34.112920561040997,12.0,30.0,0.0,14.48754674915373,39.087140107905749,10.0,30.0,0.0,11.58958612530191,47.154584692895458,13.0,30.0,0.0,15.419814468474767,36.74415244387818,20.0,30.0,0.0,14.634776621685362,0.0,0.0,0.0,9.624152474407197,0.0,0.0,462.0387633601851,463.3491556560932,469.32553182361837,462.1624687360546,524.5787351133899,758.3408377958022,519.5453207667413,604.7567882658539,679.8067337216421,0.0,79.80511055282031,79.80511055282031,60.0,0.0,60.0,60.0,12.0,12.0,12.0,19.0,12.0,12.0,21.0,10.0,0.0,0.0,0.0,0.0,0.0,0.0,0.0,0.0,0.0,0.0,0.0,0.0,0.0,79.80511055282031,79.80511055282031,0.0,0.0,0.0,79.80511055282031,0.0,0.0,0.002606666666666667 
 02/28  06:00:00,1.58,96.0,4.02,0.0,0.0,0.0,0.0,0.0,2.0,2.0,0.0,0.0,0.0,0.0,0.0,490.0,0.0,0.0,0.0,0.0,0.0,0.0,0.0,0.0,0.0,0.0,0.0,15.728197847913349,-73.6625984960956,15.956201865558742,-241.51029495575166,15.680640691198452,-230.70889021031236,15.744834503055424,-141.98412998602999,14.641231233965222,-3.643136745248171,16.377291792089275,-47.84628399783821,14.65952406157432,-95.8391938979986,12.10365378598118,-216.72805759622464,15.346431888420142,-117.81592356136918,493.84139897752359,719.3269693647496,0.0,0.0,0.0,0.0,0.0,0.0,0.0,0.0,0.0,0.0,0.0,0.0,0.0,0.0,0.0,0.0,0.0,0.0,0.0,0.0,0.0,0.0,1.4311252553165495,0.4368514210367978,266.27531694645708,315.3973961462755,7370.808509878583,0.2529317868078401,0.038603752565299177,142.401246566226,168.4973479280866,3975.4696034616315,1.5559835651763879,0.294025617002341,235.92988091433228,279.5626694464088,6553.0481791011829,0.26364274969939896,0.049819113699810829,132.9094082478224,157.5280717830016,3677.3926429567147,0.0,0.0,6.570381673273709,7.80886931123522,171.73311405808455,0.0,0.0,14.522230197405153,17.143028284656724,432.16694031147849,0.0,0.0,72.3055423332827,85.98201750040816,1866.4506188505284,0.0,0.0,55.01142021771023,66.07753560803903,1111.1007355563646,0.0,0.0,33.90689831608148,40.186145204035188,934.9262481028688,34.50796437758633,23.66801397639667,352.056408959199,418.271721458305,10029.40994374686,0.0,0.0,65.38526523699346,79.0799824243829,1071.6838076507686,0.0,15.29206663812122,37.24420845960539,22.0,30.0,0.0,15.611690066960378,36.47853103488533,12.0,30.0,0.0,15.409964403830545,36.97841122848287,22.0,30.0,0.0,15.419805785286428,36.95951965022752,12.0,30.0,0.0,14.617674082665655,38.71372343626816,12.0,30.0,0.0,16.526310912343499,34.27077812934691,12.0,30.0,0.0,14.445635656960383,39.2309021645601,10.0,30.0,0.0,11.542437877053754,47.339533985026928,13.0,30.0,0.0,15.37172853230594,36.894456958110527,20.0,30.0,0.0,14.536361367923,0.0,0.0,0.0,9.59168585488888,0.0,0.0,462.81809401151818,466.0026536422331,467.0598482173463,458.4506997605609,523.9722479484531,758.0957972959546,522.0315542577266,604.9081310595964,678.1465044621996,0.0,79.80511055282031,79.80511055282031,60.0,0.0,60.0,60.0,12.0,12.0,12.0,19.0,12.0,12.0,21.0,10.0,0.0,0.0,0.0,0.0,0.0,0.0,0.0,0.0,0.0,0.0,0.0,0.0,0.0,79.80511055282031,79.80511055282031,0.0,0.0,0.0,79.80511055282031,0.0,0.0,0.0026133333333333336 
 02/28  06:10:00,1.5900000000000004,96.0,4.093333333333333,0.0,0.0,0.0,0.0,0.0,2.0,2.0,0.0,0.0,0.0,0.0,0.0,2460.0,0.0,0.0,0.0,0.0,0.0,0.0,0.0,0.0,0.0,0.0,0.0,17.13130138989095,-834.2766423457729,16.738945367755095,226.02905490413964,17.24748460650991,-2354.7949607706934,16.105573204905448,984.4888086702441,14.596846282959877,-9.103481625029053,17.40925481047775,-120.41987020223562,14.765769482322784,205.4992425093965,13.196163914565524,-324.9524823102594,16.967376508107856,-291.3748605150589,819.3627341587354,861.8973203592815,0.0,0.0,0.0,0.0,0.0,0.0,0.0,0.0,0.0,0.0,0.0,0.0,0.0,0.0,0.0,0.0,0.0,0.0,0.0,0.0,0.0,0.0,1.4710860951172345,0.44904947958401555,299.42301635084,352.36723641721115,9584.620785221894,0.3263931655994471,0.04981580671542234,241.90540251633747,285.4355423582467,7355.513519297068,1.425867027708854,0.2694382138527693,460.24875239172129,540.8688853527076,15028.642010829895,0.3787143911990164,0.0715635659862087,353.38359587041477,417.7553567634107,10379.133123182866,0.0,0.0,10.649915244307964,12.669542379662607,277.1924268911738,0.0,0.0,19.083311524939533,22.43574060957015,621.3238638006682,0.0,0.0,81.31714917976035,96.71566695111754,2139.9166103044587,0.0,0.0,46.308865759206629,55.39274636854043,1080.6887386902375,0.0,0.0,48.56202055679944,57.137479617618577,1557.8438249865995,35.59300529378383,24.412212135654209,584.4224204369701,692.4488684901326,17394.73402301654,0.0,0.0,59.34600563358532,71.84016145308411,987.8808824671686,2106.2541092084049,17.479818414147564,32.50365409623007,21.999999999999998,30.0,1136.396660134646,16.76039659783691,33.9859554431303,16.599999999999999,30.0,4742.617688028019,17.744679182628237,31.99107885535077,21.999999999999998,30.0,0.0,16.19318545925053,35.23972279265536,16.999999999999998,30.0,0.0,14.576158847686039,38.85193066959092,12.0,30.0,1901.3680138656483,17.945889793432707,31.387254016584785,20.0,30.0,0.0,14.715738462214436,38.64305258485979,10.0,30.0,1498.185680917053,13.264551409065856,42.366344127273169,16.999999999999998,30.0,3173.228529463642,17.584539002196367,32.161856642811,20.0,30.0,0.0,15.480677804910084,0.0,0.0,0.0,9.73660825173132,0.0,0.0,466.0691497153755,465.4896496784709,464.72265998519898,464.4513962821595,523.3394695839178,745.3843171568478,508.50358760437589,610.3211818189678,665.4198067259902,13952.828086379823,78.77692259494462,87.8459773431794,60.0,0.0,60.0,60.0,16.0,16.0,19.0,19.0,16.0,12.0,21.0,10.0,1.0,0.0,2106.2541092084049,1136.396660134646,4742.617688028019,0.0,1901.3680138656483,0.0,1498.185680917053,3173.228529463642,13719.819996168251,8231891.99770095,10700183.128199939,78.77692259494462,87.99999999999999,0.4573273332056085,0.76925322740521,0.3602813740196596,87.99999999999999,0.3542647819438876,10700183.128199939,0.5590295226663968 
 02/28  06:20:00,1.6,96.0,4.166666666666667,0.0,0.0,0.0,0.0,0.0,2.0,2.0,0.0,0.0,0.0,0.0,0.0,1476.0,0.0,0.0,0.0,0.0,0.0,0.0,0.0,0.0,0.0,0.0,0.0,18.04209501327717,-1370.338115066042,17.09911180849255,790.3718355384757,18.292043308263403,-3416.262936123834,17.030544619208937,1026.6632321057828,14.54476513736524,-3.413492408723091,18.393290427994118,-212.90004175433047,15.121559031177679,138.07834055561944,14.560413836144985,-273.55054943493408,18.088812533844643,-455.6404037374859,1185.1372042493979,1196.7120286744174,0.0,0.0,0.0,0.0,0.0,0.0,0.0,0.0,0.0,0.0,0.0,0.0,0.0,0.0,0.0,0.0,0.0,0.0,0.0,0.0,0.0,0.0,1.576159339696876,0.48112311956559108,424.928081023116,497.87168429025857,14630.396390866146,0.4070956701626821,0.06213303879161816,367.27675715991486,432.3404256416457,11675.493319402087,1.3921166677067492,0.2630605948047524,573.0829137607528,670.6287183138347,20116.104830530938,0.39974747465535379,0.07553807155240999,404.5890534607909,476.14450008022859,12954.49452226956,0.0,0.0,13.830099361691144,16.45677144089769,358.38875891372626,0.0,0.0,23.679615082038258,27.674720121381527,846.1681733503815,0.0,0.0,94.19011484503062,111.76454664986489,2583.920803439672,0.0,0.0,29.478321650263227,34.98774433043734,815.3003104842906,0.0,0.0,65.15715970240795,76.17729932025012,2316.3239014159228,36.56740613584179,25.080525470399047,757.1789608482114,894.4518389708144,23709.1545877088,0.0,0.0,65.27265961705983,78.81306431376913,1167.6132665816913,2033.8272311074264,18.989080920502646,29.553001313752554,22.0,30.0,0.0,17.611796833095789,32.21420607040034,16.0,30.0,4450.529744362964,19.380536964850575,28.84682544752198,22.0,30.0,0.0,17.764142640089856,31.919906811242208,16.0,30.0,0.0,14.524037217954853,39.05353279746096,12.0,30.0,1285.912218562186,19.73851515825675,28.080309537151476,19.833333333333333,30.0,0.0,15.316302054135742,37.21140379328304,10.0,30.0,1394.467327291944,15.594858224010649,36.43396290649347,17.0,30.0,1202.8926059431115,19.638219244153836,28.272273550182449,19.5,30.0,0.0,16.621306280513769,0.0,0.0,0.0,10.35702674243621,0.0,0.0,466.5270167089018,466.65514598398576,464.08503234851107,464.12159183650456,525.8142278595788,709.4844194315268,520.8188073362292,624.0748427856036,630.2714937294794,11829.394011269758,80.18255613167598,87.86945100628938,60.0,0.0,60.0,60.0,16.0,16.0,19.0,19.0,16.0,12.0,21.0,10.0,1.0,0.0,2033.8272311074264,0.0,4450.529744362964,0.0,1285.912218562186,0.0,1394.467327291944,1202.8926059431115,11631.84664023773,6979107.984142638,9119556.802307882,80.18255613167598,88.0,0.3877282213412577,0.7652713650367752,0.36028137401965956,88.0,0.3542647819438875,9119556.802307882,0.47683695372000997 
 02/28  06:30:00,1.6099999999999999,96.0,4.24,0.0,0.0,0.0,0.0,0.0,2.0,2.0,0.0,0.0,0.0,0.0,0.0,738.0,0.0,0.0,0.0,0.0,0.0,0.0,0.0,0.0,0.0,0.0,0.0,18.465966357363695,-1341.524835376371,17.493886614624175,770.3768717631668,18.809964175788975,-3464.775780283151,17.609542242258397,817.2130869753858,14.501849523388831,-0.3407218221560506,18.07754106660257,-186.24186164397947,15.180155237855506,70.03795358098552,15.347929710221086,-119.17270490875655,18.159291678842029,-371.37267308802486,1307.265762548995,1139.0573170433125,0.0,0.0,0.0,0.0,0.0,0.0,0.0,0.0,0.0,0.0,0.0,0.0,0.0,0.0,0.0,0.0,0.0,0.0,0.0,0.0,0.0,0.0,1.624012478432185,0.49573030477172916,440.60470878174206,515.0008349341849,15635.1946151817,0.4223167866127302,0.06445616401293195,383.186720476053,449.90360738277277,12628.836407043378,1.468808477731236,0.2775526223981927,568.7533530837335,663.7543970872756,20648.886693568144,0.3850176897576206,0.07275466548707868,379.06032446170698,444.50572956504308,12761.743408913486,0.0,0.0,14.7015097651948,17.48767878434346,379.6072638683943,0.0,0.0,24.070845436158434,28.17624192518079,832.5643518905606,0.0,0.0,107.70155952884633,127.70123011292256,2966.1477275656659,0.0,0.0,20.55956470148064,24.251808386034236,627.0029653616521,0.0,0.0,61.006032222677728,71.3025827067519,2162.4918938746156,36.758871329863577,25.211845905256227,747.3046641425449,880.5391800827972,24297.367334664512,0.0,0.0,62.15388631886375,74.99702736255148,1116.5379854361668,1916.8469514886606,19.576740330188568,28.50161688899449,21.999999999999994,29.99999999999999,0.0,18.262877348593379,30.931239521519794,15.999999999999993,29.99999999999999,4327.722089517434,20.04397364746979,27.69357230598149,21.999999999999994,29.99999999999999,0.0,18.651964243537539,30.1934938894058,15.999999999999993,29.99999999999999,0.0,14.484341799025734,39.204804940396908,11.999999999999995,29.99999999999999,162.24301921686709,19.144872768693319,29.182733199566653,18.999999999999994,29.99999999999999,0.0,15.386471229115763,37.05689258805137,9.999999999999997,29.99999999999999,913.8436930394241,16.955267090483436,33.4439249465475,16.999999999999994,29.99999999999999,1578.0256575310378,19.63339434297864,28.321385809865043,19.66666666666666,29.99999999999999,0.0,17.24598985091752,0.0,0.0,0.0,10.41125642069077,0.0,0.0,467.58722431165566,468.42826605909786,463.80286383038506,463.92972080445238,537.1755295021267,692.5560309431363,535.1459143186748,593.3598101238516,623.4836714517202,10892.21319164829,80.80259981819177,87.87980555193045,59.99999999999998,0.0,59.99999999999998,59.99999999999998,16.0,16.0,19.0,19.0,16.0,12.0,21.0,10.0,1.0,0.0,1916.8469514886606,0.0,4327.722089517434,0.0,162.24301921686709,0.0,913.8436930394241,1578.0256575310378,10710.316462307754,6426189.877384654,8422510.561148296,80.80259981819177,87.99999999999997,0.3570105487435917,0.7629911851785819,0.36028137401965945,87.99999999999997,0.35426478194388735,8422510.561148296,0.44059054917971138 
 02/28  06:40:00,1.62,96.0,4.3133333333333339,0.0,0.0,0.0,0.0,0.0,2.0,2.0,0.0,0.0,0.0,0.0,0.0,984.0,0.0,0.0,0.0,0.0,0.0,0.0,0.0,0.0,0.0,0.0,0.0,18.851840786128169,-1234.946944845583,17.795043025649627,854.7217252723738,19.262092983543036,-3311.866451231941,17.96806019736629,869.5254463043918,14.464721641056281,2.2951938939843616,18.50956943950535,-218.89488271903657,15.269353209362793,217.14649886905037,15.164072289001215,-85.9939059097632,18.207809932163707,-315.7818740472529,1426.4402600446998,1045.3324655243369,0.0,0.0,0.0,0.0,0.0,0.0,0.0,0.0,0.0,0.0,0.0,0.0,0.0,0.0,0.0,0.0,0.0,0.0,0.0,0.0,0.0,0.0,1.6759385238542386,0.5115807459872526,446.49041609510717,521.1193749306169,16257.887329253343,0.4309625838716226,0.06577573013913657,384.67507956965349,451.0639698934091,13004.758399507744,1.7316721589632627,0.327224519834328,566.5610231235551,660.1696126393341,21125.001549340406,0.38183329378689925,0.0721529277753022,366.1743553336875,428.7272213277033,12677.431424813281,0.0,0.0,15.247411838289719,18.14519260517811,392.438053619215,0.0,0.0,24.50536587256479,28.63066281282204,877.1523038728346,0.0,0.0,108.98903759718508,129.22576138269998,3031.3831752369108,0.0,0.0,19.52335257282222,23.080081420395574,573.2379496751278,0.0,0.0,57.46840565899708,67.24423221461928,2012.6682231752303,36.87144633656613,25.28905784400971,736.8108710764608,866.7495885063698,24762.931594412657,0.0,0.0,57.27485118215695,69.14683763625209,1024.0849233026016,1900.5929916846065,20.08523217873284,27.631483784515227,22.000000000000008,30.00000000000001,0.0,18.730599255680724,30.053332174647445,16.000000000000008,30.00000000000001,4284.936816690273,20.574298523172894,26.81514046316751,22.000000000000008,30.00000000000001,0.0,19.171191409046256,29.246007036011834,16.000000000000008,30.00000000000001,0.0,14.45156431237114,39.322470946824839,12.000000000000004,30.00000000000001,1367.7521177231479,19.80895584314748,28.02400826827015,20.000000000000008,30.00000000000001,0.0,15.549967868918273,36.70645018010539,10.000000000000004,30.00000000000001,356.9686974204067,16.35499274909123,34.80230239231472,16.250000000000008,30.00000000000001,754.4756217197547,19.39484029298153,28.78792693930887,19.250000000000008,30.00000000000001,0.0,17.795054559662295,0.0,0.0,0.0,10.379776795195257,0.0,0.0,468.9179786323524,470.4356955930713,464.8368217837274,464.30683875550826,545.2870784212238,688.2615280141642,527.927885198833,564.9331624668864,620.8097107582819,10901.738524751521,80.79630096838018,87.87970036300706,60.00000000000002,0.0,60.00000000000002,60.00000000000002,16.0,16.0,19.0,19.0,16.0,12.0,21.0,10.0,1.0,0.0,1900.5929916846065,0.0,4284.936816690273,0.0,1367.7521177231479,0.0,356.9686974204067,754.4756217197547,10719.682725173661,6431809.635104195,8418560.449385487,80.79630096838018,88.00000000000003,0.3573227575057888,0.763976440585601,0.36028137401965967,88.00000000000003,0.35426478194388769,8418560.449385487,0.44038514336804526 
 02/28  06:50:00,1.63,96.0,4.386666666666667,0.0,0.0,0.0,0.0,0.0,2.0,2.0,0.0,0.0,0.0,0.0,0.0,984.0,0.0,0.0,0.0,0.0,0.0,0.0,0.0,0.0,0.0,0.0,0.0,19.234638131502888,-1156.9396912973589,18.121814786606746,984.9603247500718,19.683897701820784,-3191.1405758027797,18.338807240715977,968.349673924854,14.436486189053517,11.70942599323044,18.21973002698247,-176.79506957376786,15.558035854046853,277.17111032831385,15.364092518982567,-90.78506390706471,18.3497763437209,-308.0232367892753,1553.6893473869478,1062.002696217647,0.0,0.0,0.0,0.0,0.0,0.0,0.0,0.0,0.0,0.0,0.0,0.0,0.0,0.0,0.0,0.0,0.0,0.0,0.0,0.0,0.0,0.0,1.7335838001459983,0.5291769841715502,455.5134080356091,530.6435513529575,17046.646027101287,0.44350514297079937,0.06769004013595839,392.0996751278083,458.9583000736211,13622.253248972602,1.98536250979847,0.37516298371097336,568.8010431597548,661.4820830312943,21804.332933895435,0.3898355773394424,0.07366507508303898,364.9957629177664,426.5281912940556,13003.76393720057,0.0,0.0,15.931028028215897,18.96037269272028,409.13549493488457,0.0,0.0,24.804711266432109,29.027719764387688,865.3428846491929,0.0,0.0,109.00811680682679,129.02022141154465,3132.408955178237,0.0,0.0,19.455826819804764,22.97295895609125,583.6795755609514,0.0,0.0,57.55051439836095,67.25487843659782,2052.7748508357506,37.01968653007404,25.3907315021084,743.0292065855203,872.3193036738699,25791.714086469627,0.0,0.0,54.88660250398574,66.26574579667403,977.4720830965948,1844.0803981488037,20.642272149903055,26.724951436273686,22.0,30.0,0.0,19.24186073587216,29.141314572215273,16.0,30.0,4151.311091072237,21.145097491704314,25.9155111595421,22.0,30.0,0.0,19.719865352067005,28.294397610023745,16.0,30.0,0.0,14.43226011725892,39.4225535793583,12.0,30.0,15.954091297118908,19.32440163092039,28.948643827973059,19.0,30.0,0.0,16.040163802036557,35.62772931103039,10.0,30.0,482.9695697896718,16.7142339292789,34.06458162828574,16.5,30.0,673.745394236415,19.73820486974894,28.214313121926439,19.5,30.0,0.0,18.373103844524289,0.0,0.0,0.0,10.359250364637328,0.0,0.0,470.37039562356815,472.6459225061632,467.0496021742509,466.5166210789315,545.4591097925925,682.2969419739885,519.7851910985339,559.7873941246332,614.4636715229201,10722.503742842777,80.91477926745314,84.71754737482422,60.0,0.0,60.0,60.0,16.0,16.0,19.0,19.0,16.0,12.0,21.0,10.0,1.0,0.0,1844.0803981488037,0.0,4151.311091072237,0.0,15.954091297118908,0.0,482.9695697896718,673.745394236415,5754.482494298921,3452689.4965793529,4510366.577186825,80.91477926745314,84.78213100161112,0.3618160831432974,0.766521028340658,0.36028137401965956,84.78213100161112,0.3542647819438875,4510366.577186825,0.23716239534704826 
 02/28  07:00:00,1.64,96.0,4.46,0.0,0.0,0.0,0.0,0.0,2.0,2.0,0.0,0.0,0.0,0.0,0.0,984.0,0.0,0.0,0.0,0.0,0.0,0.0,0.0,0.0,0.0,0.0,0.0,19.578223398092363,-1172.599815910079,18.42397107777486,1020.7145268915788,20.040785546226027,-3250.5820267153596,18.67770641571451,983.883770063097,14.418233266721718,20.990778153226559,18.59231170493882,-140.61625222449184,16.12130176618544,642.7623334331895,15.362697041207082,-423.492656463083,18.260475160875836,-178.18408876896826,1629.0881074015088,839.6612542608771,0.0,0.0,0.0,0.0,0.0,0.0,0.0,0.0,0.0,0.0,0.0,0.0,0.0,0.0,0.0,0.0,0.0,0.0,0.0,0.0,0.0,0.0,1.8251533929435509,0.5571286303246492,470.3865162445285,547.1576547121525,17984.28142113632,0.46139234025950129,0.07042007635218274,398.3632297799776,465.6052196664958,14157.757109788512,2.311439634632122,0.4367799763099249,575.6260198823161,668.5222506583848,22507.182892554963,0.40563116447447858,0.07664987990825367,371.6549151830772,433.6487044502078,13554.96830437004,0.0,0.0,15.504716450502312,18.453391669704858,397.72634756266288,0.0,0.0,21.315727307387485,24.89799125539793,764.6452344259391,0.0,0.0,94.8400828558178,111.85977523700719,2906.3588761431567,0.0,0.0,33.192528395633988,39.227852562097329,982.1976756015188,0.0,0.0,38.748890379157938,45.31987955947375,1362.0615402522204,36.989965094052838,25.370346429391526,760.5280398069695,891.6473735758106,26968.30577347464,0.0,0.0,48.320812132510329,58.39679696744225,833.5735333060678,1907.306742307343,21.094364674304634,26.02049568005664,22.0,30.0,0.0,19.68475805552727,28.380001032335217,16.0,30.0,4294.675711430411,21.569951157865604,25.276588578843449,22.0,30.0,0.0,20.19202222580492,27.506465325248138,16.0,30.0,0.0,14.426839232725067,39.49154846093288,12.0,30.0,1270.8252497312595,19.86509870329327,28.023540972748106,20.0,30.0,0.0,17.06881367531831,33.43078342131632,10.0,30.0,1132.3060102689249,16.526094270441115,34.51240534826873,16.75,30.0,1177.5139581454099,19.47356708621031,28.708494475667679,19.5,30.0,0.0,18.786071544162256,0.0,0.0,0.0,10.087507627636417,0.0,0.0,470.6214889413294,473.6134491280643,469.8936622574185,470.3034341210023,536.5541297951742,677.5556633774093,487.1010807202181,592.4965488023644,623.3490908683508,11421.305802007702,80.45258332735811,87.87396038035902,60.0,0.0,60.0,60.0,16.0,16.0,19.0,19.0,16.0,12.0,21.0,10.0,1.0,0.0,1907.306742307343,0.0,4294.675711430411,0.0,1270.8252497312595,0.0,1132.3060102689249,1177.5139581454099,11230.57338301904,6738344.029811425,8811908.605467858,80.45258332735811,88.0,0.37435244610063475,0.7646829826849199,0.36028137401965956,88.0,0.3542647819438875,8811908.605467858,0.4608459141509953 
 02/28  07:10:00,1.675,95.83333333333333,4.51,8.0,2.0,0.0,0.0,0.0,2.0,2.0,0.0,0.0,0.0,0.0,0.0,738.0,0.0,11.45794755460226,3.0293055287571475,7.762483084559657,0.34356902406058018,9.144553400156497,0.0,3.0293055287571457,4.1412903238644509,0.0,0.0,19.76085788427256,-1159.6824611512046,18.639639268167174,899.8029553249489,20.27190648833229,-3206.2773567751298,18.90062306314583,865.222549441638,14.406592505379458,25.428867333570815,18.35869838713326,-95.63639419760432,16.610610534761237,536.4315348054845,16.018676807855607,-400.888913394949,18.22579534914236,-114.9706175948764,1631.4073137121039,767.2827384841625,0.0,0.0,0.0,0.0,0.0,0.0,0.0,0.0,0.0,0.0,0.0,0.0,0.0,0.0,0.0,0.0,0.0,0.0,0.0,0.0,0.0,0.0,1.8470119346848846,0.5638009568635179,459.6025197557129,534.1924760969291,17699.274655932433,0.46003505647162049,0.0702129207069018,389.97747554109346,455.31815579533346,14026.06706032122,2.452246649762258,0.46338749995507547,560.8344077705287,650.7504004543689,22123.425035883876,0.4049769337340149,0.07652625354006326,360.6674105278652,420.4025450119291,13294.524789773139,0.0,0.0,15.327992130226047,18.240345623230686,392.20091318862549,0.0,0.0,19.93578887155049,23.317715320257244,696.6052965890223,0.0,0.0,89.60384736777798,105.38609864153728,2867.5094130841578,0.0,0.0,27.01440325620234,31.808111537327883,851.3355126229285,0.0,0.0,34.438338442864,40.295683648498648,1199.7020994728296,36.8151228900067,25.25042722222682,741.0334956753484,868.1311457094148,26503.280472173064,0.0,0.0,42.62320437675301,51.519264339903688,725.3399247984783,1826.93398127126,21.277646177967229,25.74288576670736,22.0,30.0,0.0,19.951071834645967,27.941751029595623,16.0,30.0,4117.763511975787,21.782455037946649,24.96290276541716,22.0,30.0,0.0,20.438320324912984,27.110831859548378,16.0,30.0,0.0,14.427898209726248,39.53959493112849,12.0,30.0,0.0,19.387513460739215,30.443870754873588,19.0,30.0,0.0,17.820955586986945,31.897155745613945,10.0,30.0,1302.7763860258656,17.591997917691296,32.2889737982447,20.7,30.0,0.0,19.312141123703179,30.326791207299367,19.0,30.0,0.0,18.960763783170909,0.0,0.0,0.0,9.999373098036209,0.0,0.0,471.04095374410306,474.4557731840691,470.42996928616358,471.4938392735334,526.8446892380943,704.7131145527204,481.94827124004368,600.9504191586302,656.7271632548891,11467.183203195744,80.42214667155841,87.8734520972356,60.0,0.0,60.0,60.0,16.0,16.0,19.0,19.0,19.7,12.0,21.0,10.0,1.0,0.0,1826.93398127126,0.0,4117.763511975787,0.0,0.0,0.0,1302.7763860258656,0.0,11275.684645215864,6765410.787129519,8858624.336882528,80.42214667155841,88.0,0.3758561548405288,0.7638084222848858,0.36028137401965956,88.0,0.3542647819438875,8858624.336882528,0.4632784655178915 
 02/28  07:20:00,1.7100000000000002,95.66666666666666,4.5600000000000009,10.0,2.5,0.0,0.0,0.0,2.0,2.0,0.0,0.0,0.0,0.0,0.0,2460.0,0.0,14.308601914625543,3.7175102859692896,9.525984036328304,0.4290465858112041,11.419652890127394,0.0,3.7175102859692874,5.082118403047812,0.0,0.0,19.877346746873003,-1296.8414138644244,18.784392385638339,845.7824278591943,20.298243137513795,-2359.0365259430816,19.018188838804826,713.8345432988126,14.394876198085207,25.416533210029237,18.504782262816133,-74.48859327394183,16.874393576126779,485.21518868619799,16.662524054208317,-169.8054278651935,18.356903809847795,-71.23898567435296,1620.2818002462794,528.132818191663,0.0,0.0,0.0,0.0,0.0,0.0,0.0,0.0,0.0,0.0,0.0,0.0,0.0,0.0,0.0,0.0,0.0,0.0,0.0,0.0,0.0,0.0,1.8624648875903458,0.5685179754549286,442.2982745372595,514.410716579541,17079.82763833165,0.4479807646604382,0.06837313257943195,366.1508253091384,427.6865962053515,13253.99457096092,2.695891918641552,0.5094278001968167,464.93697017396365,540.2324905642532,18265.062760594956,0.4015795014806588,0.07588425953905115,322.13375736396639,375.75988589225678,11908.335030657536,0.0,0.0,15.041609248856304,17.91491758623055,383.7522809205053,0.0,0.0,18.114143978697617,21.18566816400548,638.5521895177994,0.0,0.0,80.63834224097795,94.81175021365917,2628.9258669490757,0.0,0.0,15.631466640181117,18.361263832676526,519.1282899068516,0.0,0.0,27.919719413966207,32.64809618793871,987.2644702309908,36.58168960050215,25.09032208539243,679.2032533435879,796.1634104848579,24504.837090646255,0.0,0.0,26.94192824847831,32.636496809832539,438.9832893375766,1889.6395246186822,21.360605582093276,25.674640826195316,21.999999999999998,30.0,0.0,20.115090550218178,27.739402759733406,15.999999999999999,30.0,3038.2276985121986,21.61744617010541,25.283081683044995,21.7,30.0,0.0,20.524429515658974,27.03328321631212,15.999999999999999,30.0,0.0,14.425784367619704,39.64947238782154,12.0,30.0,918.1050286511787,19.60052798218725,31.319519267249107,19.499999999999998,30.0,0.0,18.18048549195636,31.247163818044116,10.0,30.0,1328.145327524038,18.54940099635251,30.53569940530841,20.7,30.0,933.0381497730504,19.643024947796826,30.728322406304007,19.4,30.0,0.0,19.070967646217747,0.0,0.0,0.0,9.657169568396805,0.0,0.0,472.4471699155634,476.4548109013705,472.42344111482915,474.00349851914327,522.2553443885951,736.4687352653061,474.84822570462895,587.58841132484,690.2840343250484,10840.439087202158,80.83682322875454,86.59970556960815,60.0,0.0,60.0,60.0,16.0,16.0,19.0,19.0,19.7,12.0,21.0,10.0,1.0,0.0,1889.6395246186822,0.0,3038.2276985121986,0.0,918.1050286511787,0.0,1328.145327524038,933.0381497730504,8721.1063789451,5232663.82736706,6843556.141561904,80.83682322875454,86.69757844321227,0.35870354596483669,0.7654564997753153,0.3602813740196596,86.69757844321227,0.3542647819438876,6843556.141561904,0.35848825269455239 
 02/28  07:30:00,1.745,95.5,4.609999999999999,12.0,3.0,0.0,0.0,0.0,2.0,2.0,0.0,0.0,0.0,0.0,0.0,2460.0,0.0,17.17555068259738,4.3895396005786779,11.248036502289175,0.5150127525656356,13.707757046842865,0.0,4.389539600578676,6.00083342585601,0.0,0.0,19.939047579851949,-1260.672591767718,18.865513693192534,809.123369697049,20.34785568935999,-2263.857434487395,19.05458219532769,739.5152981886458,14.379564605929769,23.9330040211955,18.364459516694795,-73.76876796231726,16.840682227250765,278.9249312087061,17.40743621229999,-69.69513115017706,18.30607465095475,-40.07526279058535,1600.356325370094,641.916471023391,0.0,0.0,0.0,0.0,0.0,0.0,0.0,0.0,0.0,0.0,0.0,0.0,0.0,0.0,0.0,0.0,0.0,0.0,0.0,0.0,0.0,0.0,1.8366145784601258,0.560627160702114,433.14370779283237,503.79947885829889,16698.057606094702,0.4401311336473793,0.06717508144801272,359.3258127897437,419.65763121626795,13027.105894525626,2.7159149234220409,0.5132114367766519,462.4769811503664,537.438520606709,18127.29412168831,0.4013179510000649,0.07583483578988377,326.2849307338357,380.6538777802698,12030.52972987149,0.0,0.0,15.015763788018227,17.886943071485946,381.7801858887082,0.0,0.0,18.26597434671516,21.383252503163896,635.1235517375466,0.0,0.0,89.95110859321453,105.8378098651712,2894.6440850764299,0.0,0.0,24.037767222215459,28.103975939797125,852.3922441027628,0.0,0.0,23.665055590230055,27.733046942283055,816.9937889397771,36.22186317145102,24.843527552435554,676.1606080256382,792.514928190183,24413.568892610725,0.0,0.0,30.456127853846728,36.882439644687007,499.47446596758166,1856.0489392526179,21.36210463450554,25.809015648335764,21.999999999999998,30.0,0.0,20.179691657633293,27.787561138375009,15.999999999999999,30.0,3004.0898084938714,21.60752070565958,25.42777629427957,21.7,30.0,0.0,20.50946678633985,27.20742757186543,15.999999999999999,30.0,0.0,14.41536309489162,40.014802650952429,12.0,30.0,0.0,19.35880684578136,32.76289875780256,19.0,30.0,0.0,17.987032414244557,31.94169950508041,10.0,30.0,1283.9548142705638,19.72157793098771,28.571796319773239,20.7,30.0,322.31845444184679,19.199938884353626,32.43308225578426,19.1,30.0,0.0,19.124510279367767,0.0,0.0,0.0,9.687370105401783,0.0,0.0,475.8473248719424,480.13348424950387,474.42705985317238,476.83577218585449,527.3744872844499,759.8739875503875,496.70477217490909,540.4695040818056,712.1071586504354,10323.705687688158,81.1786094623729,84.72657291686213,60.0,0.0,60.0,60.0,16.0,16.0,19.0,19.0,19.7,12.0,21.0,10.0,1.0,0.0,1856.0489392526179,0.0,3004.0898084938714,0.0,0.0,0.0,1283.9548142705638,322.31845444184679,5369.313369132883,3221588.0214797297,4202026.044186333,81.1786094623729,84.78682911474971,0.3489771123044294,0.7679517505846359,0.3602813740196596,84.78682911474971,0.3542647819438876,4202026.044186333,0.221122020964356 
 02/28  07:40:00,1.7800000000000003,95.33333333333333,4.66,17.166666666666666,2.6666666666666667,0.0,0.0,1.0,2.0,0.0,0.0,0.0,0.0,0.0,4.0,2460.0,0.0,24.627461821525654,6.13547948950427,15.721946861183494,0.7384598886606841,19.655104603635917,0.0,6.1354794895042679,8.38766562202046,0.0,0.0,19.74035660396323,-1517.9050183689595,18.817952882950335,524.1217760844893,20.36972842593909,-1829.6586840560229,19.091032235954207,764.5575499775686,14.357662070620567,18.22257171044584,18.601836868805156,-149.2591988332976,15.84248992713589,-716.9465165414432,17.830058744150898,-343.15236816844409,17.545547787817005,-984.4748639783572,1531.764540076926,2859.531013434018,0.0,0.0,0.0,0.0,0.0,0.0,0.0,0.0,0.0,0.0,0.0,0.0,0.0,0.0,0.0,0.0,0.0,0.0,0.0,0.0,0.0,0.0,2.001464506846666,0.6109476516625964,362.2604782511388,421.937594389069,13681.64573426033,0.43687764458694569,0.06667851718359977,299.27051345799858,349.7080643402166,10734.318960470458,2.176485653085898,0.41127846808123577,352.4173192110685,409.4463425447517,13790.846885756802,0.37548849385931895,0.07095398599004513,336.94976419881837,393.0574644195191,12390.255338875684,0.0,0.0,14.398151904020886,17.152580576809144,364.43617324295999,0.0,0.0,18.692903377556843,21.85417971780307,660.3092413188713,0.0,0.0,308.38915223776066,365.3630413965815,8728.03259363994,0.0,0.0,50.538598819776527,58.97993819418025,1840.0138609857186,0.0,0.0,219.50584186084553,258.1369113857175,7103.120500594775,35.667423454738,24.46325339831139,626.3880529017331,734.3711451710309,22517.132480800195,0.0,0.0,240.71636559131756,288.422063746562,5328.503549804374,1847.1876173370286,20.94965515664696,26.97249176558695,21.999999999999998,30.0,0.0,19.999381944694858,28.501123037097768,15.999999999999999,30.0,2337.044262014723,21.615148649128718,26.384189203784538,21.599999999999999,30.0,0.0,20.492328363064247,28.117050885507188,19.0,30.0,0.0,14.391088245420177,40.72242309679864,12.0,30.0,922.2167939001752,19.72001481537968,32.85183790168907,19.5,30.0,0.0,15.941338383659652,37.80806757974488,10.0,30.0,1261.0061197590154,20.30115034864684,28.96031615258968,20.7,30.0,0.0,18.09352922300576,33.16359378885511,12.0,30.0,0.0,19.02239548151428,0.0,0.0,0.0,12.732242341475187,0.0,0.0,502.331259807242,498.8318271539753,524.3930658774682,517.9922957169758,550.7078604369534,799.1830026970864,583.9796984832211,599.2138123955533,600.7380143222954,10393.614949164627,81.13237974341722,85.31269973923107,220.0,0.0,220.0,220.0,16.0,19.0,19.0,12.0,19.7,12.0,21.0,10.0,1.0,0.0,1847.1876173370286,0.0,2337.044262014723,0.0,922.2167939001752,0.0,1261.0061197590154,0.0,6326.405943004103,3795843.565802462,4943458.761023014,81.13237974341722,85.38369545046995,0.3468801981001367,0.7665227543885982,0.3602813740196596,85.38369545046995,0.3542647819438876,4943458.761023014,0.26662985557319676 
 02/28  07:50:00,1.815,95.16666666666667,4.71,22.33333333333333,2.333333333333333,0.0,0.0,1.0,2.0,0.0,0.0,0.0,0.0,0.0,4.0,984.0,0.0,32.09517842893801,7.908292452181828,20.26471783464277,0.9623809250647999,25.615066129804235,0.0,7.908292452181824,10.811235347379322,0.0,0.0,19.654610766720077,-1455.0109491568583,18.72682667827694,536.2162916503517,20.397457847063728,-1780.4302951741134,19.094161001916235,652.77045628318,14.331149096120838,14.131328093549073,18.434073893459833,-140.92214871074035,15.33310654367115,-0.8773092418937267,17.99697519339113,-454.3240456429962,16.679457848755044,-475.2888014602613,1463.4951424462389,2108.6490251025318,0.0,0.0,0.0,0.0,0.0,0.0,0.0,0.0,0.0,0.0,0.0,0.0,0.0,0.0,0.0,0.0,0.0,0.0,0.0,0.0,0.0,0.0,1.9841039125902893,0.6056483249665108,363.6997965454737,423.7710677258424,13547.321273719424,0.43270339732673049,0.06604142205841429,298.5290230403763,348.92049184785608,10574.589548349912,2.186539592691768,0.41317830549731079,337.5039847982538,391.96956523435139,13124.687579671172,0.3649894513305044,0.06897003993395773,323.5722862974334,377.2723691392015,11833.031927321048,0.0,0.0,13.918816849177702,16.5759463471403,350.5334343369894,0.0,0.0,18.062194514795516,21.137089514515809,621.7234160557665,0.0,0.0,277.2805035631215,329.18579557620486,7466.18119845909,0.0,0.0,58.09012863884445,67.73083891496077,2122.4895254684399,0.0,0.0,181.65426834661489,214.55826461539813,5410.083878585133,35.094774086535618,24.07048977128644,612.5433872740252,717.9939054081248,21846.468994150033,0.0,0.0,206.27073153082643,246.82190662051313,4665.090660806531,1882.4304360993588,20.70381643958845,27.62654045892284,22.0,30.0,0.0,19.793156407256754,29.180527105565994,16.0,30.0,2141.648666039292,21.532055992412738,26.846765166809364,21.5,30.0,0.0,20.40000460473104,28.68166525964983,19.0,30.0,0.0,14.358805353773603,41.383815568962557,12.0,30.0,430.65890207828206,19.25885289651554,34.51992363066466,19.25,30.0,0.0,15.276133162514708,39.44303258051989,10.0,30.0,1266.143365610883,20.40769009220149,29.318160306387964,20.7,30.0,0.0,16.75041815335229,35.88774678949885,12.0,30.0,0.0,18.906987214097869,0.0,0.0,0.0,12.980973339603996,0.0,0.0,514.0323787805336,513.9934404061505,540.7517265534822,537.5084162256204,568.9464135012047,834.5086651789868,575.0361581660911,621.9349018284969,579.0337244498687,9889.215936853052,81.4659337162503,83.27646387581845,220.0,0.0,220.0,220.0,16.0,19.0,19.0,12.0,19.7,12.0,21.0,10.0,1.0,0.0,1882.4304360993588,0.0,2141.648666039292,0.0,430.65890207828206,0.0,1266.143365610883,0.0,2739.909692002912,1643945.8152017473,2129640.9545220846,81.4659337162503,83.30721268847555,0.3463303230667637,0.77024106915422,0.36028137401965956,83.30721268847555,0.3542647819438875,2129640.9545220846,0.12025021852403728 
 02/28  08:00:00,1.85,95.0,4.76,27.5,2.0,0.0,0.0,1.0,2.0,0.0,0.0,0.0,0.0,0.0,4.0,984.0,0.0,39.576591389373117,9.7053304896409,24.869564076478939,1.1867126213867836,31.585958367235297,0.0,9.705330489640897,13.267922586582598,0.0,0.0,19.626727329446195,-1446.536710774376,18.67459472371013,526.6468123016884,20.484140155403837,-1796.1955470022436,19.095344037298085,602.0489153677386,14.302748073208683,10.57569492986029,18.76494016405963,-158.60963183625197,15.377562001793124,15.155398678458824,18.062562405027696,-497.1015791747771,16.308253272798689,-211.49330646599209,1396.4302364140049,1646.982263502145,0.0,0.0,0.0,0.0,0.0,0.0,0.0,0.0,0.0,0.0,0.0,0.0,0.0,0.0,0.0,0.0,0.0,0.0,0.0,0.0,0.0,0.0,2.013239635344502,0.6145420132309225,366.0452053207939,426.6934539828834,13533.156431860965,0.43944167940187608,0.06706985338856472,301.3821745431919,352.4279422372543,10584.837575257496,2.121908393889051,0.40096530496769686,314.71713120903686,365.30761260592728,12252.669184321825,0.3491978480811826,0.06598598792161423,300.46538300056946,350.2788838949806,10933.861388284979,0.0,0.0,13.211657345420445,15.736133151179314,330.9276180015082,0.0,0.0,17.69287195938896,20.658359307917146,629.5494739746488,0.0,0.0,215.63418013358737,255.86446532095824,5844.268744546869,0.0,0.0,61.78301724773486,72.06475522534328,2246.892928335227,0.0,0.0,119.94137760601993,141.893509682963,3448.143713079802,34.574238229128308,23.71346929295495,591.687037477819,693.7230173748505,20949.78745829925,0.0,0.0,144.42667517962077,173.18677330144505,3074.51811188054,1865.2182990285779,20.587044714441399,28.37209967314683,22.0,30.0,0.0,19.664747539554477,29.93951587998757,16.0,30.0,2135.0987345665769,21.613434794233137,27.286928258670835,21.5,30.0,0.0,20.328827383030114,29.396763396959359,19.0,30.0,0.0,14.323241754327958,41.86576661691973,12.0,30.0,783.2876111197759,19.922243099841457,33.64975443244937,19.75,30.0,0.0,15.398695165072655,39.56168794341717,10.0,30.0,1251.5095318310974,20.349425010797355,29.620875345338115,20.7,30.0,0.0,16.266241629932794,37.2732279503805,12.0,30.0,0.0,18.772799709568817,0.0,0.0,0.0,12.360729224814568,0.0,0.0,539.3280940400288,536.5698811921806,570.6421467850928,565.8730366956643,575.1220890999078,855.4489388434674,577.5519013902622,618.8043421477157,575.6701242438246,9740.981950781643,81.56391793593157,85.11984595870045,220.0,0.0,220.0,220.0,16.0,19.0,19.0,12.0,19.7,12.0,21.0,10.0,1.0,0.0,1865.2182990285779,0.0,2135.0987345665769,0.0,783.2876111197759,0.0,1251.5095318310974,0.0,5381.355005926956,3228813.003556174,4198432.749468073,81.56391793593157,85.18023742139798,0.3493785001975653,0.7659956131817256,0.36028137401965956,85.18023742139798,0.3542647819438875,4198432.749468073,0.22776628075011763 
 02/28  08:10:00,1.9216666666666667,95.0,4.778333333333333,32.66666666666667,1.6666666666666666,0.0,4.0,0.0,0.0,0.0,0.0,0.0,0.0,0.0,0.0,1968.0,0.0,47.071016555794397,11.522937368715793,29.527116697545979,1.4114344642299466,37.56723531003574,0.0,11.522937368715788,15.752728991696369,0.0,0.0,19.93939492306306,-1075.0001717276549,18.742163847080218,852.5562403505655,20.425938938158774,-1701.4889054772055,19.083809038205339,-40.0497631383987,14.285551171377545,25.666134946447877,18.138809171352479,-509.42377067216389,16.01251617210321,722.9432711005242,17.338598662674096,-218.10692801686649,15.978178470673253,-728.1013008897255,1218.8228184183814,1538.1596017633279,0.0,0.0,0.0,0.0,0.0,0.0,0.0,0.0,0.0,0.0,0.0,0.0,0.0,0.0,0.0,0.0,0.0,0.0,0.0,0.0,0.0,0.0,1.8770193004765046,0.5729607144311675,451.2079223751099,525.2374002890247,17028.55718126414,0.46020022976382649,0.07023813030583431,378.99045874470166,443.16889262849107,13336.107501918668,2.460096036730395,0.46487075524005969,262.4349683894685,304.9962464996666,10189.135678422175,0.4072765965386502,0.07696080811387946,29.567033024982803,34.51154815422952,1073.329532828523,0.0,0.0,13.506236459431375,16.097978508739055,336.0379797771752,0.0,0.0,100.44918756832678,117.8640104503584,3361.2821456472659,0.0,0.0,281.5893067937076,332.73252518405999,8285.805010825661,0.0,0.0,44.57252185749141,52.26500518233128,1512.022807460052,0.0,0.0,137.58262744154994,163.08180522343285,3774.309761141229,34.35543594461837,23.563399138970089,400.3455327827028,470.62272611685378,14018.142475915589,0.0,0.0,144.9886751815206,173.85773752726647,3063.256830224856,1835.7954956297354,21.0970821311464,27.77547059273945,22.0,30.0,0.0,19.776238513530744,30.108093488188726,16.0,30.0,2030.894980437846,21.537233928471716,26.96684043670686,21.5,30.0,0.0,20.161305845032083,32.222227177038217,19.0,30.0,0.0,14.310120277068102,42.489282410268298,12.0,30.0,0.0,18.788321006816525,33.448418542034769,16.0,30.0,0.0,16.69184555867174,37.43345881935655,10.0,30.0,0.0,18.98205148446298,32.235415059860397,16.0,30.0,0.0,15.767754665713439,39.15791647183156,12.0,30.0,0.0,18.22251585864159,0.0,0.0,0.0,12.199265117428597,0.0,0.0,551.8396026701026,552.4319831408882,545.2296187166476,714.9020597093505,590.9923257730349,671.912935436369,622.2590013904554,613.5140301584955,602.6802905007206,9825.844582262584,81.50786825113733,82.41152854018933,132.0,0.0,132.0,132.0,16.0,19.0,16.0,12.0,16.0,12.0,21.0,10.0,1.0,0.0,1835.7954956297354,0.0,2030.894980437846,0.0,0.0,0.0,0.0,0.0,1367.5288454855293,820517.3072913175,1062132.604258883,81.50786825113733,82.42687569184369,0.34308429484951766,0.769922131303013,0.36028137401965956,82.42687569184369,0.3542647819438875,1062132.604258883,0.060862895421461938 
 02/28  08:20:00,1.9933333333333337,95.0,4.796666666666667,37.833333333333339,1.3333333333333333,0.0,4.0,0.0,0.0,0.0,0.0,0.0,0.0,0.0,0.0,984.0,0.0,54.578364710489108,13.356269784884422,34.224965005564758,1.6365437789052855,43.55882575951617,0.0,13.356269784884417,18.259033398245007,0.0,0.0,20.044857414604768,-1352.279072138349,18.90246054214749,765.9605331198741,20.433012874945953,-1377.9739973329247,18.84958405173918,-45.45214333425878,14.286577649363207,34.3372610057739,17.559796501514044,-173.12111570826938,16.308247343942818,163.86729233545248,16.423140790492206,-58.002823409423999,15.32265953927766,-731.6498065194736,1275.7715227078953,1841.6671297196984,0.0,0.0,0.0,0.0,0.0,0.0,0.0,0.0,0.0,0.0,0.0,0.0,0.0,0.0,0.0,0.0,0.0,0.0,0.0,0.0,0.0,0.0,1.9113809022945905,0.5834496038750278,479.49539477516898,557.885154181063,18084.833708879396,0.45520425009111578,0.06947561814577469,359.0345287949853,419.3711257648778,12743.87281345985,2.601367334575498,0.4915660118245463,246.9684891683669,286.967469258632,9523.530510388637,0.4438767004287054,0.0838769275186518,35.798737813493577,41.81908920618779,1263.40989021419,0.0,0.0,12.103145289453689,14.418544148896608,299.8310906903453,0.0,0.0,73.41329649139215,86.38246264217534,2319.556869427981,0.0,0.0,330.81875494441,390.3892358855833,9876.871054250674,0.0,0.0,29.714355607937308,35.0242659521425,913.4694887184135,0.0,0.0,219.7281289923439,261.3189175712755,5608.132837589764,34.02271006414968,23.335192087894169,425.4621284177445,499.61692562466399,14938.945931109965,0.0,0.0,223.0641341899039,266.8354742431077,4982.441046843591,1856.0000846420974,21.19810287791053,27.704249723472019,22.0,30.0,0.0,20.0035117443703,29.755254737253183,16.0,30.0,1868.8764879996164,21.493264177393006,27.24698853294182,21.5,30.0,0.0,19.711310304511856,34.97416879704467,19.0,30.0,0.0,14.3263826252282,42.8818560700397,12.0,30.0,0.0,17.911540499574266,34.48532601458957,16.0,30.0,0.0,17.01351907783831,36.31524253470951,10.0,30.0,0.0,17.417665785609115,35.49207110413079,16.0,30.0,0.0,14.742532186073394,42.097267268798528,12.0,30.0,0.0,18.438944532609,0.0,0.0,0.0,13.001783825201488,0.0,0.0,556.0536488365298,554.6446508620927,556.1677415169725,834.2659576890667,601.1721852213576,612.7592649612552,598.0140796293356,608.1326295653857,608.8702469780858,8682.694923817613,82.26374604643815,83.97261333019114,132.0,0.0,132.0,132.0,16.0,19.0,16.0,12.0,16.0,12.0,21.0,10.0,1.0,0.0,1856.0000846420974,0.0,1868.8764879996164,0.0,0.0,0.0,0.0,0.0,2586.214127414869,1551728.4764489213,2015194.972617678,82.26374604643815,84.00163556971931,0.34120713758049567,0.7661129490561267,0.36028137401965956,84.00163556971931,0.3542647819438875,2015194.972617678,0.11038547190945261 
 02/28  08:30:00,2.065,95.0,4.8149999999999999,43.0,1.0,0.0,4.0,0.0,0.0,0.0,0.0,0.0,0.0,0.0,0.0,738.0,0.0,62.11198004849739,15.196532481144552,38.940571652756869,1.862440684596465,49.57137957540395,0.0,15.196532481144545,20.7748120230962,0.0,0.0,20.065582644668603,-1182.0588658485627,18.969243019855936,536.4839521434336,20.532679239133736,-1416.005876148207,18.691358433224189,-44.645244609346629,14.28731112303319,33.87104844399472,17.22957879909977,-112.438393853826,16.110497211174523,81.17912078347456,15.865928924230858,-26.871271659919395,15.00273155219407,-513.8803873632073,1228.0848780244169,1809.4066727601995,0.0,0.0,0.0,0.0,0.0,0.0,0.0,0.0,0.0,0.0,0.0,0.0,0.0,0.0,0.0,0.0,0.0,0.0,0.0,0.0,0.0,0.0,1.897792272831926,0.5793016705836158,429.39031050959559,499.4544052392889,16199.572952013965,0.43198919479297528,0.06593241678769463,319.1694825731985,372.7952968578235,11316.20460555084,2.644188958972892,0.49965777758369075,222.7441125390672,258.50758071329099,8650.736016131386,0.46528858195721525,0.08792301246357046,41.14557121846822,48.111270365495638,1422.7725854720569,0.0,0.0,11.504423856114958,13.7019653620199,283.65893196256845,0.0,0.0,63.812799772961579,75.19271262065641,1948.2338298699088,0.0,0.0,345.7474620131831,408.541232523511,10023.030233232133,0.0,0.0,20.413388753268323,24.134094713931807,588.5222311323361,0.0,0.0,240.5836501526366,286.5098667084723,5937.145432909556,33.477814140563847,22.96146374524269,371.2074178664741,436.01619084688186,13043.353372866513,0.0,0.0,242.98190261253553,290.6027471790849,5430.809305513145,1849.2345960542985,21.26843186134096,27.756539559607618,21.999999999999994,29.99999999999999,0.0,20.058065940945299,29.832092757700609,15.999999999999993,29.99999999999999,2594.212224956168,21.68059344839179,27.10266040939413,21.666666666666658,29.99999999999999,0.0,19.41383536139127,35.568203870549229,18.999999999999994,29.99999999999999,0.0,14.3381188544299,42.983538599720407,11.999999999999995,29.99999999999999,0.0,17.427632570146888,35.40303732038661,15.999999999999993,29.99999999999999,0.0,16.611461336891425,37.244716291864317,9.999999999999997,29.99999999999999,0.0,16.5011215693276,37.5711121695845,15.999999999999993,29.99999999999999,0.0,14.349153945950278,43.1100875646039,11.999999999999995,29.99999999999999,0.0,18.36704823517566,0.0,0.0,0.0,13.127877748745896,0.0,0.0,565.0424037554253,563.1238671594357,566.022115672905,842.0047212657999,600.1749123861823,599.2145020802132,592.6978129577652,602.8669138816456,600.2950051403485,10760.192050979338,80.88993182580082,87.88126397055219,131.99999999999995,0.0,131.99999999999995,131.99999999999995,16.0,19.0,16.0,12.0,16.0,12.0,21.0,10.0,1.0,0.0,1849.2345960542985,0.0,2594.212224956168,0.0,0.0,0.0,0.0,0.0,10580.500035526507,6348300.021315908,8294059.822365523,80.88993182580082,87.99999999999997,0.3526833345175503,0.7654560391741626,0.36028137401965945,87.99999999999997,0.35426478194388735,8294059.822365523,0.43684977742967387 
 02/28  08:40:00,2.1366666666666669,95.0,4.833333333333333,48.33333333333333,1.6666666666666666,0.0,0.0,1.0,2.0,0.0,0.0,0.0,0.0,0.0,0.0,2214.0,0.0,70.02597329183905,17.1159097899738,43.8589078285284,2.0997434290189749,55.887513215684879,0.0,17.115909789973789,23.398746321384267,0.0,0.0,20.1424090762819,-1499.8322757380445,18.97069614460284,773.9065527143546,20.553227660395046,-2832.587371304428,18.910996421286784,1084.6326228844662,14.281768230886592,32.38752977159352,18.12814762684057,-132.43990269645088,15.971886462545456,88.54280375799135,16.599025212669738,-135.83850814533353,14.833713207546453,-460.81373824404116,1372.8170500637162,1714.5487637212883,0.0,0.0,0.0,0.0,0.0,0.0,0.0,0.0,0.0,0.0,0.0,0.0,0.0,0.0,0.0,0.0,0.0,0.0,0.0,0.0,0.0,0.0,1.8212385392088775,0.5559336200271314,458.91571602316028,534.160031195006,17264.24058673759,0.4356469366772557,0.06649068020104653,358.4578940420012,418.94549511787,12642.23628559649,3.0267311931714158,0.5719446699114559,552.7837046308056,642.584528329022,21156.699033283283,0.4411169760724898,0.08335543765542153,421.5867911912734,492.9033114675583,14792.098897974865,0.0,0.0,12.689358216950926,15.126223893119118,311.0278078106405,0.0,0.0,20.253893878447938,23.780431440007008,663.2189050187923,0.0,0.0,300.77644411295906,356.0255873523558,8534.737519340697,0.0,0.0,31.465233148072259,37.03437189635745,980.3098524452835,0.0,0.0,241.82824796325395,288.41928536105419,5854.057908648174,33.11099625479957,22.70987397448537,773.2838283949046,906.8805328319377,26880.73684840417,0.0,0.0,244.81989733907344,293.08724303728027,5421.612711103207,1835.674638636645,21.268785442001865,28.388902693350127,22.000000000000055,30.000000000000076,0.0,20.04520142420341,30.509446852383467,16.00000000000004,30.000000000000076,3403.1229743439059,21.563687398140936,27.85790585027131,21.77777777777783,30.000000000000076,0.0,19.954620666713575,30.76878466685408,16.00000000000004,30.000000000000076,0.0,14.336908950096892,43.095855014791947,12.000000000000032,30.000000000000076,1820.7204318770553,18.67812776200555,33.729024671453498,20.00000000000005,30.000000000000076,0.0,16.36335612208446,38.1263801159072,10.000000000000025,30.000000000000076,1368.761407885953,17.67066881502104,35.50639626867888,20.700000000000054,30.000000000000076,0.0,14.17960478749248,43.71909747381154,12.000000000000032,30.000000000000076,0.0,19.03491549185181,0.0,0.0,0.0,13.095520856037265,0.0,0.0,606.7427356429143,602.1524201910452,603.448228684963,605.7871618692365,598.5621891366811,673.5353227049974,599.7307541834167,646.6129845425293,599.1913279742038,10950.482112990505,80.76402687241144,86.44237796795511,60.00000000000015,0.0,60.00000000000015,60.00000000000015,16.0,16.0,19.0,12.0,19.7,12.0,21.0,10.0,1.0,0.0,1835.674638636645,0.0,3403.1229743439059,0.0,1820.7204318770553,0.0,1368.761407885953,0.0,8593.055389207733,5155833.233524624,6740212.373096087,80.76402687241144,86.53881522038938,0.36199073519581345,0.7658399142150527,0.36028137401966056,86.53881522038938,0.3542647819438884,6740212.373096087,0.35300104340099655 
 02/28  08:50:00,2.208333333333333,95.0,4.851666666666667,53.666666666666667,2.333333333333333,0.0,0.0,1.0,2.0,0.0,0.0,0.0,0.0,0.0,0.0,984.0,0.0,78.06576362605915,19.041436895639124,48.79300270914305,2.340818161726333,62.3040444319177,0.0,19.041436895639114,26.03108785819259,0.0,0.0,20.305038471800644,-1278.361427336834,19.103202089601248,801.3147548353104,20.787816995190263,-3111.425604559615,19.291076876358767,794.2726199898748,14.27443143871744,32.224679434128407,18.728348876014957,-187.70529143378423,15.896740231435338,94.20020761115393,17.52937477524609,-326.05976885609786,14.71776186675049,-356.0935447838376,1430.4432520509909,1762.6407818074684,0.0,0.0,0.0,0.0,0.0,0.0,0.0,0.0,0.0,0.0,0.0,0.0,0.0,0.0,0.0,0.0,0.0,0.0,0.0,0.0,0.0,0.0,1.8415525507673292,0.5621344782562054,453.72445717383428,527.4508258006254,17212.02711216517,0.4484805454248106,0.06844941169487343,371.5043562581112,433.7452218837337,13178.720163943068,3.012257366793685,0.569209630913395,571.6545898344341,663.5294198057753,22190.545574518896,0.42170334006396018,0.07968695012546487,396.4449991690015,462.4489487045449,14275.571095942887,0.0,0.0,12.894034514600776,15.364323937899027,314.1375550677818,0.0,0.0,20.9708781274208,24.511873730927986,728.0584603835266,0.0,0.0,298.9918707766235,353.9351217964314,8368.467338806584,0.0,0.0,48.25662699014046,56.49739944241105,1630.404114108259,0.0,0.0,248.37823393894196,296.21461816504748,5932.24910199473,32.86374224956615,22.54028960875594,760.4166961005566,890.6843873298521,26731.29714460753,0.0,0.0,253.22890630647968,302.7699351956075,5694.962978877189,1851.0978900430965,21.508955034539829,27.910253454463605,22.0,30.0,0.0,20.228906745326687,30.237798003529038,16.0,30.0,3808.483655599369,21.966005424447716,27.151717313247106,22.0,30.0,0.0,20.526024679895543,29.65491103905378,16.0,30.0,0.0,14.332111917788734,43.314802537894639,12.0,30.0,559.1163421615703,19.82682781159122,32.95176841742324,19.5,30.0,0.0,16.231776033299547,38.593376510440538,10.0,30.0,1292.116022434413,19.28096206553421,32.55336970053586,20.7,30.0,0.0,14.08297752857,44.305471069293378,12.0,30.0,0.0,19.30482648809384,0.0,0.0,0.0,13.344953203063526,0.0,0.0,600.516854860349,604.7871452590125,599.8260660959567,600.9891275583636,600.6900666948279,769.571409863107,604.6432206789989,662.4207619292022,609.9529629173024,11610.789604957288,80.32725040502749,87.87186735773364,60.0,0.0,60.0,60.0,16.0,16.0,19.0,12.0,19.7,12.0,21.0,10.0,1.0,0.0,1851.0978900430965,0.0,3808.483655599369,0.0,559.1163421615703,0.0,1292.116022434413,0.0,11416.892862665998,6850135.717599598,8951422.288110957,80.32725040502749,88.0,0.3805630954221999,0.7652705148504603,0.36028137401965956,88.0,0.3542647819438875,8951422.288110957,0.4680006256484364 
 02/28  09:00:00,2.28,95.0,4.87,59.0,3.0,0.0,0.0,1.0,2.0,0.0,0.0,0.0,0.0,0.0,0.0,984.0,0.0,86.30329774181924,20.902859966715977,53.56283479291678,2.5878221648336758,68.87839306331822,0.0,20.902859966715967,28.575794319686858,0.0,0.0,20.212367033189009,-1341.5273274012339,19.15906757582664,565.4349292712104,20.715765890870274,-1715.2972392181383,19.27296388121073,471.79431161698087,14.267179324880618,31.669517032282984,18.65247896078101,-166.46447246942405,15.868452506511879,81.63539262192535,17.955080566295309,-462.20881469434866,14.70544778964749,-253.3356745857916,1354.8137767696008,1785.6752101805813,0.0,0.0,0.0,0.0,0.0,0.0,0.0,0.0,0.0,0.0,0.0,0.0,0.0,0.0,0.0,0.0,0.0,0.0,0.0,0.0,0.0,0.0,1.8667680046191842,0.5698315032415092,438.49989907241027,510.27755466013886,16405.766379178287,0.4154866562530579,0.06341371432433729,305.43829812431616,356.6408745180428,10805.816773480383,3.243338503013079,0.6128757564272637,408.8889284112498,474.93110892416197,15582.311386969408,0.3988857550852154,0.07537523716651838,306.7559339503298,357.8482135658553,10934.69996762044,0.0,0.0,12.491828743367856,14.88750724847456,302.4619763917956,0.0,0.0,19.86408381010989,23.24373767414157,675.3671468470027,0.0,0.0,291.47695465928,345.14584251830316,8087.7352503885199,0.0,0.0,59.949806843912437,70.07091366338057,2083.8467203517059,0.0,0.0,247.13030332029539,294.69047748895386,5900.573008337036,32.18888928498348,22.07742749312997,605.3731493403077,709.1782976922542,21305.82662650331,0.0,0.0,252.88909253323016,302.16528595255729,5761.559433517803,1841.6682000039694,21.324265182379674,28.154290259328034,22.0,30.0,0.0,20.249512782963337,30.14426344926768,16.0,30.0,2294.431492668513,21.629427970029938,27.637173928302894,21.5,30.0,0.0,20.379674424762788,29.852784163414929,16.0,30.0,0.0,14.327132344460568,43.571124612717827,12.0,30.0,828.6084431263525,19.51260215433472,34.66854486293257,19.25,30.0,0.0,16.177460047055008,39.004005884678679,10.0,30.0,1270.3051614554493,19.919846392612056,31.48538113018396,20.7,30.0,0.0,14.152420528288343,44.57249622322451,12.0,30.0,0.0,19.21849449450651,0.0,0.0,0.0,13.570871294200396,0.0,0.0,590.6971495033439,596.8517833031496,588.8477008038219,592.2832881209546,606.3027419556114,822.7740542276215,613.3950654181963,659.315501215871,624.4244743866699,10551.603810412425,81.02785560145114,86.38304502479092,60.0,0.0,60.0,60.0,16.0,16.0,19.0,12.0,19.7,12.0,21.0,10.0,1.0,0.0,1841.6682000039694,0.0,2294.431492668513,0.0,828.6084431263525,0.0,1270.3051614554493,0.0,8104.21727829796,4862530.366978776,6350253.468074372,81.02785560145114,86.47399391920806,0.3551405759432653,0.7654390451299015,0.36028137401965956,86.47399391920806,0.3542647819438875,6350253.468074372,0.33275651367320077 
 02/28  09:10:00,2.3966666666666667,94.5,4.883333333333334,64.33333333333334,3.666666666666667,0.0,0.0,0.0,0.0,0.0,0.0,0.0,0.0,0.0,0.0,1968.0,0.0,94.81239652436304,22.76866359413408,58.34389198069469,2.842968917087065,75.66947472184697,0.0,22.768663594134066,31.12648933381041,0.0,0.0,19.549454495395837,-403.9601949995847,19.03483319219341,158.18718227705529,19.84654596956765,-881.20898491872,19.154952613682679,19.208995468483836,14.262824487104155,35.737246221421148,18.32090396096008,-598.5600970667176,15.985040029551183,188.86388692872539,17.334736169650787,-272.4753495472281,14.70245951948457,-244.53938301785605,931.1486790770276,1698.9497710697183,0.0,0.0,0.0,0.0,0.0,0.0,0.0,0.0,0.0,0.0,0.0,0.0,0.0,0.0,0.0,0.0,0.0,0.0,0.0,0.0,0.0,0.0,1.8345607937049718,0.560000242278685,241.68843564683,282.4776423807489,8615.353317068259,0.3764114288671501,0.057449851780700587,161.20226402057603,188.71328585768593,5623.915484034335,3.3818233942655584,0.6390444811537338,257.30672124022467,300.57064607695409,9332.900401315184,0.3567719360104916,0.06741722146834685,157.94882090752885,184.7745804261878,5569.97338242762,0.0,0.0,12.746913974360206,15.2016134410652,305.67978107959808,0.0,0.0,105.60883532542235,123.90101251824476,3472.442459904886,0.0,0.0,377.1781969392599,446.4907755215777,10552.512730407043,0.0,0.0,49.25232032313018,57.83694371870399,1599.6951761697549,0.0,0.0,249.9856633802106,298.20369742519838,5935.8720926314449,30.86703122345166,21.17080330826589,315.05007678116547,370.5211800285574,11124.971664416062,0.0,0.0,255.09695787909107,304.9256442957202,5772.941220510566,0.0,20.19436377925728,30.213986162874265,22.0,30.0,0.0,19.966047629755,30.64948140336111,16.0,30.0,0.0,20.355180586733107,29.82991172546893,22.0,30.0,0.0,20.11925707231336,30.337102595796354,16.0,30.0,0.0,14.327760185143893,43.93602547880219,12.0,30.0,0.0,18.99537002518356,33.76383942991659,16.0,30.0,0.0,16.419070633237959,39.03728746750359,10.0,30.0,0.0,18.74455696479627,33.69084100399662,12.0,30.0,0.0,14.204931639712008,44.852075319461217,12.0,30.0,0.0,17.974454123840006,0.0,0.0,0.0,13.610701186950229,0.0,0.0,587.6452330368555,591.0681261788586,577.6996606274458,588.1912027097666,618.626939585377,684.0938422936523,644.2974140347386,642.7447215567117,639.7733594284918,0.0,80.07427982551359,80.07427982551359,60.0,0.0,60.0,60.0,16.0,16.0,16.0,12.0,12.0,12.0,21.0,10.0,0.0,0.0,0.0,0.0,0.0,0.0,0.0,0.0,0.0,0.0,0.0,0.0,0.0,80.07427982551359,80.07427982551359,0.0,0.0,0.0,80.07427982551359,0.0,0.0,0.0025599999999999999 
 02/28  09:20:00,2.513333333333333,94.0,4.8966666666666669,69.66666666666667,4.333333333333334,0.0,0.0,0.0,0.0,0.0,0.0,0.0,0.0,0.0,0.0,1230.0,0.0,103.62948816254607,24.62986110566658,63.11314641853848,3.107350696815589,82.70636232209957,0.0,24.62986110566657,33.67088743830681,0.0,0.0,18.861552401135538,-102.60258175459095,18.636479890089228,-202.72467026864957,19.106678425423369,-411.5626216785337,18.654974450784779,-153.72654771293757,14.253710260573289,26.50509619692083,17.662749807988705,-333.0526898041969,15.842612614841979,17.839250244103459,16.509731181814617,-113.82542655046629,14.67413687523884,-305.7903386401031,798.5164589740799,1472.2893668369969,0.0,0.0,0.0,0.0,0.0,0.0,0.0,0.0,0.0,0.0,0.0,0.0,0.0,0.0,0.0,0.0,0.0,0.0,0.0,0.0,0.0,0.0,1.7790420205358058,0.5430531198216746,177.87316352125849,208.63946610982175,5894.694114464362,0.3372336670776624,0.051470339908068127,94.94850352315236,111.3718523145607,3155.7948036323598,3.4494823730621899,0.6518296245393409,141.0202641586643,165.39954539885103,4757.2566157004289,0.3324714572622593,0.06282529426724476,93.44410860030898,109.58128466692591,3098.828299226435,0.0,0.0,11.014080323465724,13.132644486665134,261.3755648172639,0.0,0.0,88.38261575653988,104.07962993252535,2701.3473747222085,0.0,0.0,342.7243949266936,406.0518196076583,9328.525729360194,0.0,0.0,35.14363515724692,41.479454299548937,1034.0858719401404,0.0,0.0,230.14520075672824,274.51731726209047,5407.099483595936,29.2982490516414,20.09482102307367,181.87740865943693,214.7733919925023,6171.542080447711,0.0,0.0,233.50402345117403,279.365162359504,5102.719482406278,0.0,19.108879185287419,32.28105952231392,22.0,30.0,0.0,19.20109664439407,32.040944435699518,16.0,30.0,0.0,19.17730542605739,31.99981574656577,22.0,30.0,0.0,19.201901451833785,32.09410846905307,16.0,30.0,0.0,14.317143509523195,44.270156417896469,12.000000000000002,30.0,0.0,17.89908024425151,35.48669050647153,16.0,30.0,0.0,16.13600337876572,39.568069654336209,10.0,30.0,0.0,17.262879861988439,36.91193305835981,12.000000000000002,30.0,0.0,14.193382852890002,44.95786264944759,12.000000000000002,30.0,0.0,17.024456827325179,0.0,0.0,0.0,13.322382631681462,0.0,0.0,580.760975741714,575.089556231633,563.3304272154555,580.9277273525225,628.5860600564588,639.2279350044216,630.7391904940453,637.4453659582523,639.6323866790638,0.0,80.0742798255136,80.0742798255136,60.0,0.0,60.0,60.0,16.0,16.0,16.0,12.0,12.0,12.0,21.0,10.0,0.0,0.0,0.0,0.0,0.0,0.0,0.0,0.0,0.0,0.0,0.0,0.0,0.0,80.0742798255136,80.0742798255136,0.0,0.0,0.0,80.0742798255136,0.0,0.0,0.0025399999999999999 
 02/28  09:30:00,2.63,93.5,4.91,75.0,5.0,0.0,0.0,0.0,0.0,0.0,0.0,0.0,0.0,0.0,0.0,984.0,0.0,112.76797321430212,26.48596605774293,67.86935160964505,3.3813693108619624,89.99975068078713,0.0,26.48596605774292,36.20832362793551,0.0,0.0,18.40220882951532,-132.84613909584369,18.244917007036436,-229.50224788400676,18.663338434267169,-173.6304737257338,18.259581031724819,-202.22680630738143,14.234333771179408,19.115282263498913,17.28050251500042,-246.390863701179,15.671641321822344,-12.503823428668511,16.029315727541769,-61.87690325301381,14.59328303962711,-345.19681116691688,520.6466056986062,1292.8166823042898,0.0,0.0,0.0,0.0,0.0,0.0,0.0,0.0,0.0,0.0,0.0,0.0,0.0,0.0,0.0,0.0,0.0,0.0,0.0,0.0,0.0,0.0,1.7311617637169397,0.5284376568122526,155.73713959445804,183.05257070100596,4925.10790599227,0.32431907683796148,0.049499248601642478,64.31511448625422,75.60794239853493,2031.8758007944535,3.4127517565319938,0.6448888428820852,82.40933220784302,96.78176729473901,2696.029311572499,0.31963449698450699,0.06039956481188716,59.62874422516991,70.04413261477223,1881.1294748961437,0.0,0.0,9.931452153276764,11.84160748304684,232.8580418248265,0.0,0.0,79.18362116134719,93.4270252993011,2313.5119100268759,0.0,0.0,317.2708307342543,376.2628761774477,8378.385382025663,0.0,0.0,26.687575499269646,31.582318859989998,737.6785089718425,0.0,0.0,212.14130431319328,253.11373671581397,4892.297053151347,27.8806682166152,19.12254335844664,117.13938259071719,138.65630745408545,3959.6474480901408,0.0,0.0,214.0508030562864,256.3169491662994,4513.750025833274,0.0,18.427039752922896,33.60951356118254,22.0,30.0,0.0,18.514102841319173,33.34016205190453,16.0,30.0,0.0,18.551709026617485,33.24615903668628,22.0,30.0,0.0,18.534533119424546,33.43313887624201,16.0,30.0,0.0,14.289118850946812,44.43626041459311,12.0,30.0,0.0,17.313675030890999,36.6933469082458,16.0,30.0,0.0,15.832610048350635,40.22802896835292,10.0,30.0,0.0,16.469914220358647,38.75766510812674,12.0,30.0,0.0,14.088462910761166,45.15068579065675,12.0,30.0,0.0,16.211843822688775,0.0,0.0,0.0,13.05172837243617,0.0,0.0,566.6650617748135,557.7401334814058,554.2067918248762,572.7537236650812,628.9677636395384,628.3505971777361,620.5555947918548,632.139012922626,631.0594676557619,0.0,80.07427982551359,80.07427982551359,60.0,0.0,60.0,60.0,16.0,16.0,16.0,12.0,12.0,12.0,21.0,10.0,0.0,0.0,0.0,0.0,0.0,0.0,0.0,0.0,0.0,0.0,0.0,0.0,0.0,80.07427982551359,80.07427982551359,0.0,0.0,0.0,80.07427982551359,0.0,0.0,0.00252 
 02/28  09:40:00,2.7466666666666668,93.0,4.923333333333334,80.66666666666666,4.833333333333334,0.0,0.0,0.0,0.0,0.0,0.0,0.0,0.0,0.0,0.0,984.0,0.0,122.15998247525082,28.425308434476518,72.83884846784757,3.6629897804955608,97.49547461372919,0.0,28.425308434476503,38.85955168769552,0.0,0.0,17.979950251547913,-143.4122766726539,17.94853314907092,-278.7918952190347,18.28464050841768,-320.96610991827466,17.888678827931626,-199.72860323127783,14.209515784174713,12.172594634064197,17.017992094526087,-227.62032116876368,15.490033749830922,-52.30254587809077,15.714627350811395,-43.162842389152249,14.491928611343149,-386.06734682002527,570.272930213202,1119.1588385848004,0.0,0.0,0.0,0.0,0.0,0.0,0.0,0.0,0.0,0.0,0.0,0.0,0.0,0.0,0.0,0.0,0.0,0.0,0.0,0.0,0.0,0.0,1.670558580393927,0.5099385166037628,259.61557698979797,306.00578423956156,7803.218728953887,0.30588792163349695,0.046686190725503198,120.08469787213545,141.37582800286973,3643.783108760726,3.4136933652153806,0.6450667734722944,210.31322463853983,247.86326405233667,6504.503431401197,0.3088605951024965,0.058363680102512558,106.87860152724747,126.07315097188592,3231.468268987085,0.0,0.0,8.994577871408304,10.726366209544569,208.1881383995827,0.0,0.0,74.84739232862717,88.42908203516022,2116.9249514648338,0.0,0.0,295.01092766573137,350.27691973495788,7546.110188544543,0.0,0.0,21.876989655411515,25.930515417209177,579.4805931936357,0.0,0.0,195.57362261658535,233.48451075734148,4411.17607190257,26.38644581574715,18.097699462103678,302.32764042747047,357.87132441945297,9133.48674851363,0.0,0.0,196.26574290716227,235.2571267165072,3992.9541760432578,0.0,17.801469444842835,34.82942657826849,22.0,30.0,0.0,18.023927746255894,34.278763892662059,16.0,30.0,0.0,18.012662950254965,34.27646988926293,22.0,30.0,0.0,17.926389786298274,34.683437988731729,16.0,30.0,0.0,14.253424327947597,44.512642980934028,12.0,30.0,0.0,16.944988082178914,37.401261806908689,16.0,30.0,0.0,15.52117135992255,40.85415229838471,10.0,30.0,0.0,16.000555648962924,39.80795469411721,12.0,30.0,0.0,13.946764591197749,45.3546332427218,12.0,30.0,0.0,16.45887822120694,0.0,0.0,0.0,12.793138747508622,0.0,0.0,546.1204400432375,538.4300892516648,534.072445537975,561.9519657383406,623.2366709938093,612.57503331843,602.9827498161899,620.4800292935961,614.0602981511981,0.0,80.07427982551359,80.07427982551359,60.0,0.0,60.0,60.0,16.0,16.0,16.0,12.0,12.0,12.0,21.0,10.0,0.0,0.0,0.0,0.0,0.0,0.0,0.0,0.0,0.0,0.0,0.0,0.0,0.0,80.07427982551359,80.07427982551359,0.0,0.0,0.0,80.07427982551359,0.0,0.0,0.0025 
 02/28  09:50:00,2.8633333333333335,92.5,4.9366666666666669,86.33333333333334,4.666666666666667,0.0,0.0,0.0,0.0,0.0,0.0,0.0,0.0,0.0,0.0,492.0,0.0,131.68212845569227,30.355859033400266,77.78581681935758,3.948512320817791,105.09505910661673,0.0,30.35585903340025,41.49876072064301,0.0,0.0,17.740806191341549,-153.5011364715524,17.691952038931264,-139.68318514842577,17.993105157942908,-168.51516730694403,17.69813337500885,-168.7425781726988,14.18367608636688,11.661283813578834,16.808629651821005,-196.28989649813435,15.397962704805668,-19.626452914419134,15.467577687065362,-30.652810988947694,14.40311734186885,-352.79459218301329,585.1109677020709,1081.458643688256,0.0,0.0,0.0,0.0,0.0,0.0,0.0,0.0,0.0,0.0,0.0,0.0,0.0,0.0,0.0,0.0,0.0,0.0,0.0,0.0,0.0,0.0,1.671545277217944,0.5102397061104835,217.57965650925179,256.39195706565075,6392.235532430146,0.31352050587754917,0.047851115060676008,107.86945072150199,127.09551696850926,3169.897660904705,3.421055506266646,0.6464579565885577,167.69812037665339,197.47727301643415,5024.091186865833,0.30772215372723135,0.058148555126082999,101.32684874527462,119.28454630321542,2979.630427553744,0.0,0.0,8.85967554475653,10.55857311720906,202.4520909067545,0.0,0.0,73.38657374376879,86.72376008542571,2020.1766336641943,0.0,0.0,292.3902482276504,347.0382246483161,7343.7025683286869,0.0,0.0,20.657022471744115,24.49852203158646,528.8679213251164,0.0,0.0,193.3381902971795,230.71893323921547,4275.136338337012,25.621383220082703,17.572965171524495,256.8829433448741,303.6514223491987,7713.019694032568,0.0,0.0,193.71746782657824,232.03899897587889,3886.1821571204256,0.0,17.526229921262563,35.434444629766378,22.0,30.0,0.0,17.623076822754965,35.14643646974527,16.0,30.0,0.0,17.648276278588093,35.11563269526924,22.0,30.0,0.0,17.66830002615124,35.16023087796518,16.0,30.0,0.0,14.218853714103167,44.549792533581427,12.0,30.0,0.0,16.663304541871029,37.99356284757937,16.0,30.0,0.0,15.397940073564094,41.12023031082034,10.0,30.0,0.0,15.64878622760029,40.60676612421378,12.0,30.0,0.0,13.836399425811053,45.60887928227528,12.0,30.0,0.0,16.57585927297921,0.0,0.0,0.0,12.76602307759914,0.0,0.0,542.4666266268952,534.8317235814935,537.2126773206019,547.9544165351608,615.4405834077952,603.8096881074158,596.6908073908529,610.3735876626945,607.5398675779084,0.0,80.07427982551359,80.07427982551359,60.0,0.0,60.0,60.0,16.0,16.0,16.0,12.0,12.0,12.0,21.0,10.0,0.0,0.0,0.0,0.0,0.0,0.0,0.0,0.0,0.0,0.0,0.0,0.0,0.0,80.07427982551359,80.07427982551359,0.0,0.0,0.0,80.07427982551359,0.0,0.0,0.0024933333333333337 
 02/28  10:00:00,2.98,92.0,4.95,92.0,4.5,0.0,0.0,0.0,0.0,0.0,0.0,0.0,0.0,0.0,0.0,492.0,0.0,141.33195893153715,32.277127699685518,82.70900067217609,4.237863403499193,112.7965470700739,0.0,32.2771276996855,44.12528064796624,0.0,0.0,17.458130561218444,-57.23140207321876,17.57377626212312,-208.33102466876677,17.79140855227382,-296.7266592424703,17.47433200374607,-130.02151398592879,14.159041652197694,8.13691199152035,16.65446512465673,-190.19781000438344,15.274869588536367,-65.33902923527967,15.29264412265692,-25.809374771911906,14.340656428692498,-353.13189957040916,526.4544142761542,968.3976790118918,0.0,0.0,0.0,0.0,0.0,0.0,0.0,0.0,0.0,0.0,0.0,0.0,0.0,0.0,0.0,0.0,0.0,0.0,0.0,0.0,0.0,0.0,1.648920260723438,0.5033334129192424,316.5526756436383,373.24835258739247,9007.260302371393,0.298472853018666,0.04555446474643865,148.42462402787735,174.83570318884856,4265.19025382019,3.3664405173591467,0.6361376639000657,291.11034137497577,343.13270538640117,8437.541275110318,0.3012117996343077,0.05691832948494097,161.6449311456713,190.60995537085717,4622.178691824406,0.0,0.0,8.149175287642827,9.714695671817467,183.84926829259,0.0,0.0,71.2531134135294,84.26696341561848,1919.4473243321418,0.0,0.0,276.4860183422668,328.4298029139085,6779.243608593087,0.0,0.0,17.47149245480426,20.73697892207729,435.70416239756107,0.0,0.0,182.99851812455689,218.45509658781556,3980.701959793805,24.380980916407219,16.72220913333829,424.79176709259948,502.1505535008165,12112.624403654996,0.0,0.0,182.68861077778974,218.94590640406819,3578.3758718847504,0.0,17.163074815757509,36.29024986923521,22.0,30.0,0.0,17.46964592840261,35.47660371941227,16.0,30.0,0.0,17.422652886942069,35.5932199442714,22.0,30.0,0.0,17.339732075301059,35.88993324359165,16.0,30.0,0.0,14.188244836754187,44.56804902351713,12.0,30.0,0.0,16.47418753688037,38.35628006147821,16.0,30.0,0.0,15.205968022062372,41.533132157675257,10.0,30.0,0.0,15.425578377994393,41.1051794708935,12.0,30.0,0.0,13.770781422609332,45.665290620997,12.0,30.0,0.0,16.508286669676687,0.0,0.0,0.0,12.642417919992888,0.0,0.0,543.7680356618771,529.6579459154793,530.0857636644469,544.31135606758,607.6897838670275,592.9476729273886,586.2886657801768,601.5724738828515,594.8641749095821,0.0,80.07427982551359,80.07427982551359,60.0,0.0,60.0,60.0,16.0,16.0,16.0,12.0,12.0,12.0,21.0,10.0,0.0,0.0,0.0,0.0,0.0,0.0,0.0,0.0,0.0,0.0,0.0,0.0,0.0,80.07427982551359,80.07427982551359,0.0,0.0,0.0,80.07427982551359,0.0,0.0,0.0024866666666666667 
 02/28  10:10:00,3.15,91.66666666666667,4.9783333333333339,97.66666666666666,4.333333333333333,0.0,0.0,0.0,0.0,0.0,0.0,0.0,0.0,0.0,0.0,492.0,0.0,151.11227486736966,34.18857076671495,87.60700691355781,4.531127014336617,120.60217392666273,0.0,34.18857076671493,46.73836823618137,0.0,0.0,17.34965254822934,-156.35239909963276,17.377949193245507,-175.7669355246137,17.512856986406498,-170.93520458754575,17.371168446106659,-180.8836289584474,14.134368801947553,7.1538762866954219,16.531081524564916,-185.6896677755135,15.181219191431222,-38.757336434937318,15.150069419212027,-22.183487738544615,14.280846285403844,-336.9266256640158,467.7771196215717,911.44193172329,0.0,0.0,0.0,0.0,0.0,0.0,0.0,0.0,0.0,0.0,0.0,0.0,0.0,0.0,0.0,0.0,0.0,0.0,0.0,0.0,0.0,0.0,1.62470252300872,0.4959409410893529,282.1690206992182,333.1112591946023,7883.209604823564,0.2974945109851076,0.04540514514424719,124.19763802439667,146.67581072035586,3468.111035591522,3.429754760647101,0.6481018066226574,279.419683421591,329.7884958448406,7831.163639776568,0.2976292669514861,0.0562413580785121,160.65473581681807,189.48944206936489,4499.432862001387,0.0,0.0,7.991894021942269,9.527793745071508,177.13935259736634,0.0,0.0,69.8458852456956,82.64628918280963,1838.9571077104102,0.0,0.0,272.0119548358065,323.27843431813508,6512.669142842895,0.0,0.0,16.375252406341873,19.447377687595997,397.4044442152914,0.0,0.0,178.38194218703453,213.02595607790188,3798.243992409997,23.53989504529106,16.14533267852611,387.3536778307965,458.34963078683696,10839.845745925733,0.0,0.0,177.59568137925738,212.90969416107874,3403.6875672598009,0.0,17.084548978908189,36.444282138677539,22.0,30.0,0.0,17.169644108873685,36.08694657677759,16.0,30.0,0.0,17.05573967063349,36.41469474580116,22.0,30.0,0.0,17.22538393438301,36.1716208139339,16.0,30.0,0.0,14.159419646373554,44.574464093072609,12.0,30.0,0.0,16.332014640554474,38.62085908916913,16.0,30.0,0.0,15.082067552989411,41.782394848788459,10.0,30.0,0.0,15.254627466071764,41.4703786313951,12.0,30.0,0.0,13.708653504161802,45.75408090882544,12.0,30.0,0.0,16.386787103215079,0.0,0.0,0.0,12.600734461498102,0.0,0.0,535.1473202092095,513.217095213858,522.2753541584754,542.8581284712824,599.6507331326922,583.245813428968,576.8137916225553,592.4683832810542,585.6195780412693,0.0,80.07427982551359,80.07427982551359,60.0,0.0,60.0,60.0,16.0,16.0,16.0,12.0,12.0,12.0,21.0,10.0,0.0,0.0,0.0,0.0,0.0,0.0,0.0,0.0,0.0,0.0,0.0,0.0,0.0,80.07427982551359,80.07427982551359,0.0,0.0,0.0,80.07427982551359,0.0,0.0,0.00248 
 02/28  10:20:00,3.3200000000000005,91.33333333333334,5.006666666666667,103.33333333333334,4.166666666666667,0.0,0.0,0.0,0.0,0.0,0.0,0.0,0.0,0.0,0.0,246.0,0.0,161.03068717716767,36.089585569324537,92.47829125049337,4.8285313629554829,128.51801386651619,0.0,36.08958556932452,49.33719959631827,0.0,0.0,17.243677070220664,-0.008724263689146028,17.270467460785718,-200.95491688574749,17.406073975174289,-190.44855431330417,17.26732670045139,-49.69674888227837,14.108200117404439,7.0012648732835889,16.415626849106933,-159.81737252729159,15.112588322780548,-51.7618528745179,15.01501254297812,-16.25140412613672,14.223466254502715,-341.55373517651517,392.39599784592067,908.5192304634848,0.0,0.0,0.0,0.0,0.0,0.0,0.0,0.0,0.0,0.0,0.0,0.0,0.0,0.0,0.0,0.0,0.0,0.0,0.0,0.0,0.0,0.0,1.5995229034026007,0.48825485451849839,274.1190343932632,323.05248768622905,7531.322716147055,0.2905391201227477,0.04434357755231192,149.0560001597416,175.681125322877,4074.964937673429,3.358997891561148,0.6347312720259164,146.85618972596223,173.10949148005245,4088.345423306625,0.29529178000037956,0.05579965608472778,47.02651161016068,55.40540927888617,1299.596317600611,0.0,0.0,7.652645919857116,9.109382223228718,166.61426433115168,0.0,0.0,68.20159467387488,80.60617034393808,1755.6997925159374,0.0,0.0,268.48502097253148,318.6383147682584,6294.982677910952,0.0,0.0,15.73394258488929,18.666957650181045,371.62684250444416,0.0,0.0,179.498506693821,214.03073869004585,3739.976306430955,22.743599550639276,15.599176646529,265.9403594765034,314.3437615282147,7407.530202028957,0.0,0.0,178.6961947889148,213.8308333561056,3375.5646262053976,0.0,17.042208723455194,36.5281604565055,22.0,30.0,0.0,17.026500008929696,36.35224159227427,16.0,30.0,0.0,16.990263908100788,36.450479438102529,22.0,30.0,0.0,17.12008861669386,36.44042571662398,16.0,30.0,0.0,14.128688595765743,44.575634594123808,12.0,30.0,0.0,16.196030531250558,38.89563778579928,16.0,30.0,0.0,14.996773775928757,41.998272238149038,10.0,30.0,0.0,15.086809966484376,41.83818796831167,12.0,30.0,0.0,13.645476951489393,45.89750618753543,12.0,30.0,0.0,16.181805003260619,0.0,0.0,0.0,12.632862993325223,0.0,0.0,533.9172674806499,498.25919236141507,498.3070238692758,545.8360279965991,590.4193948366741,575.5974506728961,574.2396811836999,583.698860426774,580.6260942543613,0.0,80.07427982551359,80.07427982551359,60.0,0.0,60.0,60.0,16.0,16.0,16.0,12.0,12.0,12.0,21.0,10.0,0.0,0.0,0.0,0.0,0.0,0.0,0.0,0.0,0.0,0.0,0.0,0.0,0.0,80.07427982551359,80.07427982551359,0.0,0.0,0.0,80.07427982551359,0.0,0.0,0.0024699999999999997 
 02/28  10:30:00,3.49,91.0,5.035,109.0,4.0,0.0,0.0,0.0,0.0,0.0,0.0,0.0,0.0,0.0,0.0,492.0,0.0,171.09912959454705,37.97950344710473,97.32114028105309,5.130434276479161,136.5535910744679,0.0,37.97950344710471,51.92086061890277,0.0,0.0,17.10272093174226,-82.12944924050317,17.229455309955669,-130.77533189009825,17.32378616541756,-148.03200982307727,17.17316759092092,-133.436487137717,14.08795463203085,6.521234841095492,16.335352806089508,-168.17454317550165,15.074243764784665,-43.34324762485085,14.924299854704684,-15.71853515897942,14.19383089819604,-310.0728682137983,341.81558505232899,847.45326507445,0.0,0.0,0.0,0.0,0.0,0.0,0.0,0.0,0.0,0.0,0.0,0.0,0.0,0.0,0.0,0.0,0.0,0.0,0.0,0.0,0.0,0.0,1.5975424603710105,0.4876503236785747,169.48553121708728,200.09229916374256,4562.125999139249,0.29812868321078075,0.04550193577698119,74.6454164283586,88.05287914265593,2013.1644476988227,3.4330230194741686,0.6487193914350282,147.07437001533342,173.69130134023014,4037.4915232297005,0.29542631313427517,0.055825078067701257,90.99312641564453,107.50505320044172,2452.88104266278,0.0,0.0,7.70285594090508,9.187723464400955,164.77429605746466,0.0,0.0,67.78430073082045,80.29079917766222,1711.4856163240657,0.0,0.0,266.57042410652675,317.0037821356128,6146.6908524171599,0.0,0.0,14.72397555466453,17.508761429170403,340.19860282385,0.0,0.0,174.79095052900068,208.82399357916249,3579.0258061474967,22.0154829749453,15.099782561690882,202.17214831593166,239.4147143987006,5629.147514227541,0.0,0.0,173.48119904027164,208.00851905882079,3207.757547742819,0.0,16.867751730035744,36.95626874402909,22.0,30.0,0.0,17.01795203055396,36.44698922409396,16.0,30.0,0.0,16.9683734513065,36.677270323001767,22.0,30.0,0.0,16.99148537889525,36.72237368498313,16.0,30.0,0.0,14.110421572149633,44.589735729363059,12.0,30.0,0.0,16.117127737868345,39.08168062262707,16.0,30.0,0.0,14.974184413538325,42.011504959866098,10.0,30.0,0.0,14.997851041703733,42.049523963243817,12.0,30.0,0.0,13.638400953435081,45.87069366838972,12.0,30.0,0.0,16.05386621926127,0.0,0.0,0.0,12.605933313584018,0.0,0.0,527.8552934326938,501.2723278870667,515.3651726966233,535.750040486292,585.9621452399781,573.5109321141129,567.9744468978053,580.0538925209917,575.3697329492343,0.0,80.07427982551359,80.07427982551359,60.0,0.0,60.0,60.0,16.0,16.0,16.0,12.0,12.0,12.0,21.0,10.0,0.0,0.0,0.0,0.0,0.0,0.0,0.0,0.0,0.0,0.0,0.0,0.0,0.0,80.07427982551359,80.07427982551359,0.0,0.0,0.0,80.07427982551359,0.0,0.0,0.0024600000000000005 
 02/28  10:40:00,3.66,90.66666666666667,5.0633333333333339,114.83333333333334,7.166666666666666,0.0,0.0,0.0,0.0,0.0,0.0,0.0,0.0,0.0,0.0,246.0,0.0,186.59577115684656,40.00779445685392,102.51857419315205,5.595100568913305,148.9213721651144,0.0,40.0077944568539,54.693688203613849,0.0,0.0,17.01312913455856,-49.32447825833788,17.160990958467069,-119.61605256829216,17.26745755628967,-16.803092213440779,17.047946847337543,-182.69773883434983,14.06312854748451,6.3110248771441779,16.24892819554383,-159.36412207754302,15.031205766038827,-33.774082702419949,14.820897632406734,-12.532356045947779,14.16357692022317,-303.3187600418978,286.9167770588547,812.3767258447888,0.0,0.0,0.0,0.0,0.0,0.0,0.0,0.0,0.0,0.0,0.0,0.0,0.0,0.0,0.0,0.0,0.0,0.0,0.0,0.0,0.0,0.0,1.5940848438092977,0.4865948851676733,90.17283829617843,106.37833422315788,2403.6739258826148,0.2979820246442412,0.0454795519908793,73.57668907831159,86.75972351871769,1952.992427603316,3.4958225169342387,0.6605862654826605,111.09557901132264,130.97675277451999,3040.496021147163,0.29329797791348446,0.05542289832076424,107.52688531351666,126.84518873206588,2825.3855284417379,0.0,0.0,7.597989939239337,9.04768863638036,159.58920501065007,0.0,0.0,67.145559538555,79.42357470333283,1660.2328675288644,0.0,0.0,263.13667037787089,312.4209271215561,5961.467690980785,0.0,0.0,13.915926068856246,16.525607220318915,313.60869244252987,0.0,0.0,171.5352406295377,204.59594921731384,3449.196403162256,21.213307143990066,14.549593377222271,148.6601153238781,175.91237502844539,4159.583667648574,0.0,0.0,169.93859084870153,203.40951087227209,3086.297380091665,0.0,16.80511146002649,37.04592187116482,22.0,30.0,0.0,16.93306908318378,36.83899365130656,16.0,30.0,0.0,16.984005117959148,36.76950058863797,22.0,30.0,0.0,16.811028264699539,37.16954033264302,16.0,30.0,0.0,14.082995457809007,44.60947401646489,12.0,30.0,0.0,16.01644753356728,39.304394639333327,16.0,30.0,0.0,14.937660419031886,42.07652910972058,10.0,30.0,0.0,14.875640282494578,42.33769915894358,12.0,30.0,0.0,13.621233714084364,45.88146624068708,12.0,30.0,0.0,15.92054250773394,0.0,0.0,0.0,12.609794963626778,0.0,0.0,507.32082973936999,519.2437904288235,535.0621310498463,526.4988549175915,578.8877641407565,568.0784903603513,563.3312529293165,574.2056207906443,570.6939104032039,0.0,80.07427982551359,80.07427982551359,60.0,0.0,60.0,60.0,16.0,16.0,16.0,12.0,12.0,12.0,21.0,10.0,0.0,0.0,0.0,0.0,0.0,0.0,0.0,0.0,0.0,0.0,0.0,0.0,0.0,80.07427982551359,80.07427982551359,0.0,0.0,0.0,80.07427982551359,0.0,0.0,0.00245 
 02/28  10:50:00,3.83,90.33333333333333,5.091666666666667,120.66666666666666,10.333333333333333,0.0,0.0,0.0,0.0,0.0,0.0,0.0,0.0,0.0,0.0,492.0,0.0,203.0618456131152,42.027534486067427,107.69409713841827,6.088834860668659,162.06284759713166,0.0,42.0275344860674,57.45482594964214,0.0,0.0,16.944569273934705,-31.167675543343195,17.11056352499588,-155.7391839530717,17.115642665797489,-173.65988506621535,17.01339728398083,-90.90247649082699,14.043684378357254,5.959307603284827,16.19327120047392,-152.64988893527505,14.987001577029816,-42.11339005182981,14.748807709596024,-10.868290540956565,14.13990417382377,-290.9674782128268,300.97451135634176,783.4608652592251,0.0,0.0,0.0,0.0,0.0,0.0,0.0,0.0,0.0,0.0,0.0,0.0,0.0,0.0,0.0,0.0,0.0,0.0,0.0,0.0,0.0,0.0,1.5813002488484954,0.48269238365338687,150.43719668061795,177.9116978341649,3922.42344887674,0.29423158251458089,0.0449071401884281,91.37663773201031,107.97532642264747,2381.420307019915,3.48835266499057,0.6591747288341971,172.13236518576458,203.52505320690097,4528.985671122261,0.29978256637316527,0.05664825517255577,108.34664972890308,128.07824912277068,2812.8613026864138,0.0,0.0,7.390349134179935,8.817838121119383,152.43668819598083,0.0,0.0,65.21349295528877,77.29885663045025,1584.0205733331234,0.0,0.0,259.1576545083215,308.3353111087549,5759.6489614671349,0.0,0.0,12.300546931120787,14.639066944270333,271.3896503194752,0.0,0.0,169.78912028719049,202.90910533961597,3353.217881227758,20.415614738493539,14.002479244508607,207.4908116276687,245.98513576081229,5560.682000785795,0.0,0.0,167.85278527879036,201.28882807739098,2996.0814595112426,0.0,16.77432680370874,37.24703292174301,22.0,30.0,0.0,16.872302014979966,36.97406925683222,16.0,30.0,0.0,16.77787016876856,37.22210318046564,22.0,30.0,0.0,16.82215165391176,37.15996348503781,16.0,30.0,0.0,14.066391795741258,44.626048531368599,12.0,30.0,0.0,15.968236612276666,39.39444409603716,16.5,30.0,0.0,14.892949552303135,42.182470490262037,10.0,30.0,0.0,14.809084616610214,42.49548012787784,12.0,30.0,0.0,13.614778453787038,45.87287983717368,12.0,30.0,0.0,16.025212667371876,0.0,0.0,0.0,12.627552636591729,0.0,0.0,520.0641505544766,504.1207855836617,510.6226147832858,527.114105743892,574.7246537538441,563.1450059898009,557.7754694199867,570.6874062513205,565.8811870539269,0.0,80.07427982551359,80.07427982551359,60.0,0.0,60.0,60.0,16.0,16.0,16.0,12.0,12.0,12.0,21.0,10.0,0.0,0.0,0.0,0.0,0.0,0.0,0.0,0.0,0.0,0.0,0.0,0.0,0.0,80.07427982551359,80.07427982551359,0.0,0.0,0.0,80.07427982551359,0.0,0.0,0.002436666666666667 
 02/28  11:00:00,4.0,90.0,5.12,126.5,13.5,0.0,0.0,0.0,0.0,0.0,0.0,0.0,0.0,0.0,0.0,246.0,0.0,220.47762136826317,44.03704831667656,112.84341639174457,6.611045499564299,175.96226968692603,0.0,44.03704831667654,60.20198370688154,0.0,0.0,16.853848170858816,-26.404742947403066,17.048178001305155,-167.54493958655395,17.058307757913448,-85.54339875622532,16.98472933439639,-50.6299704750644,14.019998663600905,5.828967809283455,16.133019324457693,-146.33985310371669,14.94722842127742,-33.73888194434039,14.66541392116742,-8.726231676508292,14.116295049851564,-286.46126410683066,212.62540316008563,753.7058891750394,0.0,0.0,0.0,0.0,0.0,0.0,0.0,0.0,0.0,0.0,0.0,0.0,0.0,0.0,0.0,0.0,0.0,0.0,0.0,0.0,0.0,0.0,1.5764411653933799,0.4812091469454762,152.2791126991276,179.74726151752146,3892.7223294979864,0.29361708146731266,0.04481335187230047,92.17062403679918,108.75996105653127,2356.5701551300619,3.520553752806693,0.6652595904774554,42.326707044810749,49.94652743875497,1167.2815488665718,0.30049987050191637,0.05678380017043013,9.72398118300238,11.472794092617795,256.1070897704825,0.0,0.0,7.2762714777744679,8.667657312844423,147.2951463212114,0.0,0.0,64.61793338086838,76.47969638291039,1539.9627906711049,0.0,0.0,255.8769175957236,303.9467010418959,5584.443810161846,0.0,0.0,11.511896432474718,13.681252331653408,248.0331344385291,0.0,0.0,167.25782488689158,199.54716298701156,3243.8655661260065,19.59569356241864,13.4401190414394,107.45270811937609,127.23830136329937,2987.1895540359007,0.0,0.0,165.08091400722319,197.6099322020429,2897.0859361247059,0.0,16.68970435676567,37.48403424695573,22.0,30.0,0.0,16.786870104877378,37.25170666418592,16.0,30.0,0.0,16.77315931964107,37.35797291942518,22.0,30.0,0.0,16.81934688617144,37.20779351031482,16.0,30.0,0.0,14.041212716373279,44.6572103984543,12.0,30.0,0.0,15.90183263436299,39.5525927728243,17.0,30.0,0.0,14.858253546785884,42.26118461157607,10.0,30.0,0.0,14.713806499812654,42.727243296980919,12.0,30.0,0.0,13.604639992436534,45.86165280350225,12.0,30.0,0.0,15.764288648759234,0.0,0.0,0.0,12.646583855671836,0.0,0.0,518.7977568347553,489.10075441595316,497.9543917857561,527.8585890347981,568.6297445851287,559.6784420016653,552.0326414310281,565.7293951920481,558.8191671754582,0.0,80.07427982551359,80.07427982551359,60.0,0.0,60.0,60.0,16.0,16.0,16.0,12.0,12.0,12.0,21.0,10.0,0.0,0.0,0.0,0.0,0.0,0.0,0.0,0.0,0.0,0.0,0.0,0.0,0.0,80.07427982551359,80.07427982551359,0.0,0.0,0.0,80.07427982551359,0.0,0.0,0.0024233333333333339 
 02/28  11:10:00,4.158333333333333,89.33333333333333,5.155,132.33333333333335,16.666666666666669,0.0,0.0,0.0,0.0,0.0,0.0,0.0,0.0,0.0,0.0,246.0,0.0,238.82628985642894,46.034528514518239,117.96190043017259,7.161228478685477,190.6062235856463,0.0,46.034528514518218,62.93269057580092,0.0,0.0,16.776832227552839,-22.427134671090245,17.006234297061959,-153.3610512552682,17.028686251736859,-19.19409326438199,16.896132838634857,-154.95902711555574,13.999127929879105,5.733035978231499,16.086856418296205,-142.6531795761125,14.908222007836882,-33.57004453999798,14.597095316097438,-7.499245490385647,14.097273260228024,-272.79786102450819,204.84319417082453,725.0063808816121,0.0,0.0,0.0,0.0,0.0,0.0,0.0,0.0,0.0,0.0,0.0,0.0,0.0,0.0,0.0,0.0,0.0,0.0,0.0,0.0,0.0,0.0,1.6007532219853585,0.48863040964144036,161.07720141457333,190.18787059015279,4045.177403756206,0.3007455753611109,0.04590133934082889,77.55171104722563,91.52989348685652,1952.986693928785,3.5812115159467514,0.6767217528244053,70.38058602531251,83.04697620855173,1864.992917937658,0.2963655349160291,0.05600255761829725,66.7450236620545,78.79127876158361,1674.2558297497056,0.0,0.0,7.150315748830937,8.518947984728558,142.20460762846839,0.0,0.0,63.958382771713498,75.71734666187105,1498.6512135433916,0.0,0.0,253.00307877535946,300.59590915745317,5424.068277508892,0.0,0.0,10.469206818728278,12.446178261082779,220.84217550782726,0.0,0.0,165.38714257699946,197.33255306415576,3154.554738526555,18.622584219164634,12.772691508343375,114.87550906575872,136.01983798571056,3106.657327862591,0.0,0.0,162.9794906221467,195.09243477078409,2817.1768966474708,0.0,16.626029018310267,37.69277943876488,22.0,30.0,0.0,16.74112733166671,37.47379842967249,16.0,30.0,0.0,16.809272026758426,37.294828399993757,22.0,30.0,0.0,16.68224841708502,37.62060684785259,16.0,30.0,0.0,14.021420710209429,44.688394649414238,12.0,30.0,0.0,15.857193895885028,39.64526734876805,17.0,30.0,0.0,14.821944729638087,42.359430025196179,10.0,30.0,0.0,14.643833366361541,42.89958988047354,12.0,30.0,0.0,13.602990309725806,45.877340982757029,12.0,30.0,0.0,15.802651976286708,0.0,0.0,0.0,12.674445754433986,0.0,0.0,499.2057026854039,497.615289470603,522.102298203793,506.73521849609787,563.9131543208566,553.7863418420672,550.5209091838652,561.390197563736,558.7644762332045,0.0,80.07427982551359,80.07427982551359,60.0,0.0,60.0,60.0,16.0,16.0,16.0,12.0,12.0,12.0,21.0,10.0,0.0,0.0,0.0,0.0,0.0,0.0,0.0,0.0,0.0,0.0,0.0,0.0,0.0,80.07427982551359,80.07427982551359,0.0,0.0,0.0,80.07427982551359,0.0,0.0,0.00241 
 02/28  11:20:00,4.316666666666666,88.66666666666667,5.19,138.16666666666667,19.833333333333337,0.0,0.0,0.0,0.0,0.0,0.0,0.0,0.0,0.0,0.0,492.0,0.0,258.0948055961074,48.01802096385981,123.04454186616127,7.738992625028737,205.9842977182385,0.0,48.01802096385979,65.64427513204295,0.0,0.0,16.71340497495659,-21.326782205681867,16.98002744877565,-141.9012471833571,16.8906924505365,-148.31547560034393,16.867239336104679,-91.93232247937931,13.980708900606773,5.406869582836805,16.05047782773184,-142.62136097745577,14.876167292853057,-31.902887046788238,14.54085016246831,-6.7821976091643709,14.083990364545695,-256.00799946634199,242.7625171143486,686.6586568637576,0.0,0.0,0.0,0.0,0.0,0.0,0.0,0.0,0.0,0.0,0.0,0.0,0.0,0.0,0.0,0.0,0.0,0.0,0.0,0.0,0.0,0.0,1.618274099696979,0.49397866291116579,153.0902565888973,181.19502660436104,3786.540772858869,0.3016475033203123,0.04603899623325891,91.8505667639599,108.59637681897363,2278.3304120619229,3.6728792317316238,0.6940436945826956,144.48044842474295,170.99682672535429,3631.1072600018408,0.303383712015027,0.057328743767011889,101.97378180358129,120.60060516997115,2521.8720321799676,0.0,0.0,7.014627321358995,8.373635694262063,137.03750187740193,0.0,0.0,63.4419465508428,75.25687530188343,1462.3078712647007,0.0,0.0,248.43952388001368,295.75816478839928,5235.244052985881,0.0,0.0,9.22683297150035,10.992493491668168,190.77069689393066,0.0,0.0,161.45222378013646,193.00142569658528,3029.404382431329,17.526988092968297,12.021253836055078,207.24281894386739,245.71254498386535,5260.248525684521,0.0,0.0,158.68559209164796,190.30573216812233,2695.904432674788,0.0,16.584733633561077,37.87666190954778,22.0,30.0,0.0,16.71896632451526,37.57685791969902,16.0,30.0,0.0,16.613562185385708,37.84082411384583,22.0,30.0,0.0,16.685018909465727,37.629083395835397,16.0,30.0,0.0,14.006164489275986,44.719129329354448,12.0,30.0,0.0,15.8252846278297,39.72641108621265,17.0,30.0,0.0,14.798878995998745,42.4366017385144,10.0,30.0,0.0,14.59339028959663,43.032584568188358,12.0,30.0,0.0,13.609335021730012,45.83354714136402,12.0,30.0,0.0,16.03101075144715,0.0,0.0,0.0,12.688054043495252,0.0,0.0,510.9645670839944,500.73112548779349,510.63913283233816,512.648063678108,560.4672364812159,550.3373401446636,544.8692001460665,558.8299417420416,552.170991046569,0.0,80.07427982551359,80.07427982551359,60.0,0.0,60.0,60.0,16.0,16.0,16.0,12.0,12.0,12.0,21.0,10.0,0.0,0.0,0.0,0.0,0.0,0.0,0.0,0.0,0.0,0.0,0.0,0.0,0.0,80.07427982551359,80.07427982551359,0.0,0.0,0.0,80.07427982551359,0.0,0.0,0.002413333333333333 
 02/28  11:30:00,4.475,88.0,5.225,144.0,23.0,0.0,0.0,0.0,0.0,0.0,0.0,0.0,0.0,0.0,0.0,246.0,0.0,312.5812440383864,50.02136716991468,128.17805757627034,9.372747662840718,249.46940557108159,0.0,50.02136716991466,68.38300127891974,0.0,0.0,16.638775915407665,-9.81757852141709,16.959203078183266,-159.11403875600446,16.838900808961506,-63.8241676111129,16.847228941308168,-45.91513658276784,13.961705858169175,5.289208200112682,16.024989634632129,-138.5274864235953,14.844229179592219,-26.77082483392769,14.474828432344922,-5.5193634958827719,14.07074280627755,-254.16950086106227,173.59156560252905,661.1794876487556,0.0,0.0,0.0,0.0,0.0,0.0,0.0,0.0,0.0,0.0,0.0,0.0,0.0,0.0,0.0,0.0,0.0,0.0,0.0,0.0,0.0,0.0,1.6400851557015113,0.5006364944143807,169.59266516056599,200.34671540538435,4114.617218755054,0.30335687109023137,0.046299888750035319,109.22662277309621,128.95920257619827,2665.995591592703,3.773841769213584,0.7131220274402089,41.27212594003968,48.740796320748447,1089.8151128096964,0.30851916304102025,0.058299161572377199,7.898685447636132,9.325489380606428,199.92924110055103,0.0,0.0,6.875746178457623,8.194228005597474,131.91394346952363,0.0,0.0,62.795993030358818,74.37095514412704,1423.7319915081642,0.0,0.0,245.08340096341403,291.28227651360199,5076.5887521828549,0.0,0.0,8.326685104909318,9.905033237381222,168.3705297865778,0.0,0.0,159.1334196672426,189.89726683543325,2936.9148041345367,16.390522817526944,11.241785197206412,125.2606473099198,148.3007193992632,3226.4675978918014,0.0,0.0,156.10256228093676,186.86296582534977,2612.078252093256,0.0,16.516442429902456,38.07778872819458,22.0,30.0,0.0,16.679123907487065,37.77502536219418,16.0,30.0,0.0,16.602201166269244,38.00012021002338,22.0,30.0,0.0,16.689573062066914,37.647161269555279,16.0,30.0,0.0,13.986211656983432,44.762644812465229,12.0,30.0,0.0,15.789526672490679,39.822536184901398,17.0,30.0,0.0,14.773825028035644,42.516770697643348,10.0,30.0,0.0,14.519223440785418,43.229402619359408,12.0,30.0,0.0,13.611678860169669,45.83321255868878,12.0,30.0,0.0,15.873321745596167,0.0,0.0,0.0,12.717746827076086,0.0,0.0,507.68734849983709,500.740745016177,503.44012760998597,513.339429311962,554.9288922515317,545.8071115356269,541.5190272072512,554.3865615010006,546.6284349303123,0.0,80.07427982551359,80.07427982551359,60.0,0.0,60.0,60.0,16.0,16.0,16.0,12.0,12.0,12.0,21.0,10.0,0.0,0.0,0.0,0.0,0.0,0.0,0.0,0.0,0.0,0.0,0.0,0.0,0.0,80.07427982551359,80.07427982551359,0.0,0.0,0.0,80.07427982551359,0.0,0.0,0.002416666666666667 
 02/28  11:40:00,4.633333333333333,87.33333333333333,5.26,145.5,31.0,0.0,0.0,0.0,0.0,0.0,0.0,0.0,0.0,0.0,0.0,246.0,0.0,336.86657698992738,50.774239788098778,130.10729045506228,10.10093631529212,268.851322829153,0.0,50.77423978809875,69.41223522682972,0.0,0.0,16.58039014783414,-2.952120819616539,16.933788550782006,-171.25527093677057,16.811062411589739,-9.63625792758421,16.763489874608046,-152.00706945060348,13.94418353227068,5.223465912871433,16.004628599069826,-137.64776138805588,14.814296256196542,-24.669573208754629,14.418994873720728,-4.988741049776991,14.059093499611596,-241.4000590425785,184.33516187985243,634.0615190102735,0.0,0.0,0.0,0.0,0.0,0.0,0.0,0.0,0.0,0.0,0.0,0.0,0.0,0.0,0.0,0.0,0.0,0.0,0.0,0.0,0.0,0.0,1.6770352339265649,0.511915517071601,185.94789152142296,219.71336100222659,4434.615263595094,0.3108290792045772,0.047440335653934257,109.90774642329466,129.79120529998014,2639.549399814487,3.8700612269390017,0.7313040867231676,92.56306359558902,109.31500370552061,2307.266808603704,0.30987553639526757,0.05855546795073081,87.99619016204993,103.94623216672365,2100.5397738961239,0.0,0.0,6.7593802988951829,8.056658937011619,127.33322164810302,0.0,0.0,62.492462904195537,74.02303632917004,1394.5793493459613,0.0,0.0,242.2418097247167,287.9517599077761,4930.266008855822,0.0,0.0,7.165451502545617,8.526075455208792,141.83342365093297,0.0,0.0,156.98872462356534,187.34941662023895,2849.3340127420526,15.240501352699497,10.453018760424899,173.1462385334235,204.92023391840599,4278.140833570933,0.0,0.0,153.69302819378056,183.97180190298233,2532.987993042262,0.0,16.474637492225044,38.28478788518445,22.0,30.0,0.0,16.63814617770016,37.925996173924868,16.0,30.0,0.0,16.62654859980749,37.861842736698168,22.0,30.0,0.0,16.553813708270405,38.11177887823883,16.0,30.0,0.0,13.970655007337932,44.80437131971224,12.0,30.0,0.0,15.767916903721062,39.8873327714393,17.0,30.0,0.0,14.750612247551017,42.58930852603897,10.0,30.0,0.0,14.462477763033352,43.387965644646609,12.0,30.0,0.0,13.617739568255028,45.82046559678407,12.0,30.0,0.0,16.00164892435803,0.0,0.0,0.0,12.751581212807947,0.0,0.0,504.8190273893858,498.6625029004613,511.0081324494164,502.32647978870446,551.1603129474914,542.6773957518237,538.4075990852731,551.3694978301488,544.7719861866286,0.0,80.07427982551359,80.07427982551359,60.0,0.0,60.0,60.0,16.0,16.0,16.0,12.0,12.0,12.0,21.0,10.0,0.0,0.0,0.0,0.0,0.0,0.0,0.0,0.0,0.0,0.0,0.0,0.0,0.0,80.07427982551359,80.07427982551359,0.0,0.0,0.0,80.07427982551359,0.0,0.0,0.00242 
 02/28  11:50:00,4.791666666666666,86.66666666666667,5.295000000000001,147.0,39.0,0.0,0.0,0.0,0.0,0.0,0.0,0.0,0.0,0.0,0.0,246.0,0.0,362.6179263311912,51.520392734090467,132.01930479401,10.873082732822319,289.40325189385836,0.0,51.520392734090439,70.4322828734024,0.0,0.0,16.529268002299,5.452861849342298,16.934833448378585,-140.83116264940419,16.682476599854497,-129.6376956202621,16.762258413878699,-41.24368861513585,13.927225105489825,5.155101933726684,15.989419818472065,-137.8134777815717,14.789792936058549,-20.062744585434304,14.365719128827522,-4.653969012583133,14.050665583464469,-229.89011492013788,177.46192739848267,605.8638838076454,0.0,0.0,0.0,0.0,0.0,0.0,0.0,0.0,0.0,0.0,0.0,0.0,0.0,0.0,0.0,0.0,0.0,0.0,0.0,0.0,0.0,0.0,1.6993730449291807,0.5187341406987731,194.46698241388735,229.82361635475724,4562.9558909323809,0.3163037774005386,0.04827591230166951,106.13166831593742,125.3386261492885,2517.5661866287839,3.9474728289198937,0.7459321294255281,131.942727804488,155.93223203678259,3159.5582945656844,0.321910260573702,0.06082960328301245,70.74501391203612,83.56109404794474,1675.2581804259415,0.0,0.0,6.662963252992462,7.942816866276705,123.20651825352586,0.0,0.0,62.42354602844066,73.95192390052681,1371.28088953335,0.0,0.0,239.17900632069894,284.3468115777335,4785.934404092837,0.0,0.0,5.87711775873398,6.995027655459167,113.84083528322441,0.0,0.0,154.3328822662074,184.1885284430846,2755.1115717113154,13.916677212064565,9.545046098809719,217.17732155784234,256.9701047345082,5215.176895959992,0.0,0.0,150.67279579339422,180.35193691765057,2444.2676474503234,0.0,16.442860777181769,38.364655195314998,22.0,30.0,0.0,16.646602481539053,37.91111135484549,16.0,30.0,0.0,16.437705421338849,38.450710163945327,22.0,30.0,0.0,16.60601622798738,37.91915556907898,16.0,30.0,0.0,13.955477664712229,44.849014099044449,12.0,30.0,0.0,15.750410086872972,39.940132573517498,17.0,30.0,0.0,14.736863543619489,42.65649879435869,10.0,30.0,0.0,14.407215618831055,43.545147172543959,12.0,30.0,0.0,13.62769248777302,45.80250669001521,12.0,30.0,0.0,16.09148965733924,0.0,0.0,0.0,12.782248257781353,0.0,0.0,506.2209766715498,500.21411931306667,499.27736292331107,512.7673854496243,547.6311103882937,539.6419275538989,536.077472458856,549.1136477303653,541.6728508978415,0.0,80.07427982551359,80.07427982551359,60.0,0.0,60.0,60.0,16.0,16.0,16.0,12.0,12.0,12.0,21.0,10.0,0.0,0.0,0.0,0.0,0.0,0.0,0.0,0.0,0.0,0.0,0.0,0.0,0.0,80.07427982551359,80.07427982551359,0.0,0.0,0.0,80.07427982551359,0.0,0.0,0.00241 
 02/28  12:00:00,4.95,86.0,5.33,148.5,47.0,0.0,0.0,0.0,0.0,0.0,0.0,0.0,0.0,0.0,0.0,246.0,0.0,389.73732225597436,52.25793088782779,133.9092442574605,11.686249313522005,311.04700383536047,0.0,52.25793088782776,71.44055344583501,0.0,0.0,16.47443764142092,5.994883098308492,16.934371012280644,-153.6731999194726,16.667405857266784,5.902316206051182,16.694531155795699,-130.61185494157054,13.91098126340672,5.085483622122581,15.980280431930695,-136.67290827854186,14.767227529841302,-16.514566903158995,14.306323840477056,-13.069568073726345,14.044565120809875,-219.04663816011544,150.4430974591005,585.5618452362264,0.0,0.0,0.0,0.0,0.0,0.0,0.0,0.0,0.0,0.0,0.0,0.0,0.0,0.0,0.0,0.0,0.0,0.0,0.0,0.0,0.0,0.0,1.7470000749492696,0.5332723061505708,151.63025070860574,179.23944001617583,3506.4618314709689,0.31733340707176796,0.04843305968738827,136.5515556023864,161.27862254007315,3192.538293573229,4.124164782643623,0.7793206316408966,126.06397141579622,148.97155083878924,2999.379298504591,0.3862126720706002,0.07298047469210131,119.04027435646103,140.66621245967273,2752.9353696781224,0.0,0.0,6.527606060723217,7.782491291556277,118.4473380170779,0.0,0.0,61.85449661611407,73.28635573542626,1337.9882703711047,0.0,0.0,235.9287967371517,280.5178337496614,4640.609680712482,0.0,0.0,6.1279666268492,7.2959666549635229,115.92658432214276,0.0,0.0,151.3765506294722,180.66724392490623,2657.8898888802734,12.42954854216259,8.525067587217145,234.16177832804724,277.0623217011741,5500.135387203586,0.0,0.0,149.7540733575434,179.24036908048186,2393.806943766986,0.0,16.398589375272356,38.516132932017999,22.0,30.0,0.0,16.6406866613754,37.98219231688688,16.0,30.0,0.0,16.491011221770767,38.25117713047719,22.0,30.0,0.0,16.497501669435814,38.31668609779575,16.0,30.0,0.0,13.940913087972593,44.8994454539203,12.0,30.0,0.0,15.739414464811829,39.99137768662951,17.0,30.0,0.0,14.724461911641829,42.6987147735975,10.0,30.0,0.0,14.337331351759687,43.7461248039153,12.0,30.0,0.0,13.639997942703099,45.776950676678008,12.0,30.0,0.0,16.118482600969377,0.0,0.0,0.0,12.823607279408625,0.0,0.0,503.4891854286989,499.17360270177917,510.80495874136099,501.4894765487805,544.4593320009027,537.1510424511523,534.050762080922,546.8116800357145,538.5355616661889,0.0,80.07427982551359,80.07427982551359,60.0,0.0,60.0,60.0,16.0,16.0,16.0,12.0,12.0,12.0,21.0,10.0,0.0,0.0,0.0,0.0,0.0,0.0,0.0,0.0,0.0,0.0,0.0,0.0,0.0,80.07427982551359,80.07427982551359,0.0,0.0,0.0,80.07427982551359,0.0,0.0,0.0024000000000000004 
 02/28  12:10:00,5.08,85.16666666666667,5.338333333333334,150.0,55.0,0.0,0.0,0.0,0.0,0.0,0.0,0.0,0.0,0.0,0.0,246.0,0.0,418.1255757828725,52.98475707985091,135.7717347687662,12.537461899041482,333.70341671237716,0.0,52.98475707985088,72.43417995447955,0.0,0.0,16.435795589802507,20.224845643900154,16.939103849160909,-153.36522988394519,16.613203453565146,-37.75154190268972,16.687254142043039,-40.92635785394663,13.89536070856696,5.120628781600573,15.976616976091775,-135.84083015422903,14.746054775664219,-13.136612455445175,14.244989113501918,-18.728361079619618,14.041545713879155,-206.64007213346714,111.82148019339275,565.6853304284177,0.0,0.0,0.0,0.0,0.0,0.0,0.0,0.0,0.0,0.0,0.0,0.0,0.0,0.0,0.0,0.0,0.0,0.0,0.0,0.0,0.0,0.0,1.7482685813358899,0.5336595181122985,196.70494113444119,232.54377443550713,4480.226076090451,0.3177659900804709,0.04849908273511461,142.9847254825301,168.88391391983653,3306.0109515827277,4.134324648539154,0.7812404853626522,35.46494369509962,41.91707878854189,898.5417264416572,0.7056294343760017,0.13333889538473196,7.970492569895515,9.417925821427433,198.307382340125,0.0,0.0,6.443052213844069,7.6824572316751029,115.05386523147067,0.0,0.0,62.00948974721676,73.47507234498294,1324.6467491391432,0.0,0.0,234.7837768742047,279.18126353707739,4551.837509607445,0.0,0.0,8.318282312504014,9.906800231055764,154.0055899142591,0.0,0.0,148.47171534319183,177.19863292706135,2572.943179789204,11.516016625812174,7.898502486839628,155.71346330049406,184.29763696105003,3662.8155761512527,0.0,0.0,148.89886587626999,178.1994146595104,2353.5764396524175,0.0,16.384188244205018,38.58450264358513,22.0,30.0,0.0,16.64210733898077,38.00535397690743,16.0,30.0,0.0,16.44418117681865,38.53087365219632,22.0,30.0,0.0,16.53070370529037,38.2217670232739,16.0,30.0,0.0,13.926691740312185,44.948907726561269,12.0,30.0,0.0,15.734107497915595,40.01514374158676,17.0,30.0,0.0,14.713040385243403,42.74928425941062,10.0,30.0,0.0,14.263802812949474,43.96369301662608,12.0,30.0,0.0,13.656613890165789,45.75428430675943,12.0,30.0,0.0,16.044042808015097,0.0,0.0,0.0,12.866110636850515,0.0,0.0,503.90464736707977,498.3717486565332,500.41867047433126,507.1278154905618,541.6279422351609,534.7497852911318,531.376947249905,543.5158108311484,536.1473703197768,0.0,80.07427982551359,80.07427982551359,60.0,0.0,60.0,60.0,16.0,16.0,16.0,12.0,12.0,12.0,21.0,10.0,0.0,0.0,0.0,0.0,0.0,0.0,0.0,0.0,0.0,0.0,0.0,0.0,0.0,80.07427982551359,80.07427982551359,0.0,0.0,0.0,80.07427982551359,0.0,0.0,0.0023899999999999999 
 02/28  12:20:00,5.210000000000001,84.33333333333334,5.346666666666667,151.5,63.00000000000001,0.0,0.0,0.0,0.0,0.0,0.0,0.0,0.0,0.0,0.0,246.0,0.0,447.6836747739019,53.69856992019298,137.6008789475661,13.423751633565699,357.2934697201571,0.0,53.69856992019296,73.41001622477205,0.0,0.0,16.397747093538464,26.265298792053728,16.93552072326159,-176.66164696764009,16.576350752492645,-6.200913548073004,16.6368580972955,-101.36749110044366,13.880591131257603,5.17986863411403,15.977773298148059,-136.3469430806524,14.730105193991756,-7.7647074533269919,14.185364824784797,-21.87031018675674,14.04098327852059,-194.9826422909382,117.55302142613437,544.6564237037637,0.0,0.0,0.0,0.0,0.0,0.0,0.0,0.0,0.0,0.0,0.0,0.0,0.0,0.0,0.0,0.0,0.0,0.0,0.0,0.0,0.0,0.0,1.786103226717593,0.5452085551641004,193.69582169543967,229.0112396942677,4355.5173253957,0.32308376479669917,0.049310708912805128,150.06430830736148,177.26690725560568,3424.6380196065549,4.227542061436077,0.7988552648216324,95.27301210641821,112.61669331403826,2230.1536039504396,0.8187071368976271,0.15470656403961204,84.0881669220928,99.3878862884407,1906.674636894994,0.0,0.0,6.388050822405873,7.617619402803461,112.23789238223879,0.0,0.0,62.180333209184578,73.68149786463327,1312.0234616903857,0.0,0.0,233.34187392277068,277.4828284186547,4461.962509052607,0.0,0.0,9.927849185449907,11.827269082108531,179.8416239382087,0.0,0.0,145.2832321068917,173.39049705922904,2485.1943692356019,10.66085851446998,7.3119742897599349,214.44801843288057,253.75131264613803,4909.277589435796,0.0,0.0,147.3526828069918,176.33324614629653,2302.0333971471397,0.0,16.36519798756175,38.682616626761518,22.0,30.0,0.0,16.621266040697294,38.08514547486034,16.0,30.0,0.0,16.434261472038015,38.51379766271003,22.0,30.0,0.0,16.45645401262763,38.47179414785264,16.0,30.0,0.0,13.91326250263092,44.99879135867948,12.0,30.0,0.0,15.732716373364708,40.0363620342228,17.0,30.0,0.0,14.710302441512502,42.78012824083033,10.0,30.0,0.0,14.192592501339068,44.179567781137219,12.0,30.0,0.0,13.675767197512771,45.70712140376661,12.0,30.0,0.0,16.129425458760797,0.0,0.0,0.0,12.905767835560792,0.0,0.0,500.95689575857178,497.7753046112172,504.74531758259436,500.5442090700173,538.9011644429234,532.0558829822112,529.6378701513495,540.0877007188577,534.0388240993989,0.0,80.07427982551359,80.07427982551359,60.0,0.0,60.0,60.0,16.0,16.0,16.0,12.0,12.0,12.0,21.0,10.0,0.0,0.0,0.0,0.0,0.0,0.0,0.0,0.0,0.0,0.0,0.0,0.0,0.0,80.07427982551359,80.07427982551359,0.0,0.0,0.0,80.07427982551359,0.0,0.0,0.00238 
 02/28  12:30:00,5.34,83.5,5.355,153.0,71.0,0.0,0.0,0.0,0.0,0.0,0.0,0.0,0.0,0.0,0.0,246.0,0.0,478.3148630231102,54.39685669115167,139.3902378985391,14.342217304283445,381.7399424890391,0.0,54.39685669115164,74.36462718111234,0.0,0.0,16.357302990375119,29.530954411092354,16.951560415112387,-157.17623304729114,16.52268913047363,-25.13422161105575,16.627379216488167,-38.79719219022752,13.866961316718357,5.267899229833233,15.984032881757332,-136.59677777458684,14.716077097278081,-3.387869079756456,14.128596303211584,-23.849503986732658,14.041363010264302,-185.27119304158169,83.92469929311301,527.1848107460778,0.0,0.0,0.0,0.0,0.0,0.0,0.0,0.0,0.0,0.0,0.0,0.0,0.0,0.0,0.0,0.0,0.0,0.0,0.0,0.0,0.0,0.0,1.8240542856424876,0.5567931274854968,189.52635148866094,224.11358183235357,4204.043133025119,0.3300851812510697,0.05037930116774569,150.73473134701,178.05672451821244,3406.1032140449294,4.325367568741121,0.8173408104197132,20.689806514372554,24.46120144603861,551.822815149332,1.0062078191724782,0.1901375319675884,7.938444571773011,9.382668265086087,198.90798012083068,0.0,0.0,6.330822589142702,7.5500748417453888,109.43065460091637,0.0,0.0,62.164094513234108,73.66498127919789,1295.9882771193989,0.0,0.0,232.25558084445874,276.2059423477127,4380.156334142235,0.0,0.0,11.311571942569416,13.479538511740947,200.4851648900635,0.0,0.0,142.81986694269913,170.44777059457196,2411.033711150122,9.690943044704753,6.646737342047158,144.70181651946187,171.25943809611995,3312.3450738026256,0.0,0.0,146.32579227645918,175.08630261168194,2260.1823100926114,0.0,16.338071672014427,38.76785416901501,22.0,30.0,0.0,16.638660348663053,38.06668586975673,16.0,30.0,0.0,16.384443814766934,38.74641395152961,22.0,30.0,0.0,16.47725157432873,38.41216555410393,16.0,30.0,0.0,13.901126441334723,45.048435178797408,12.0,30.0,0.0,15.736143733558926,40.04803026807022,17.0,30.0,0.0,14.708907427669587,42.80446621352357,10.0,30.0,0.0,14.12575121953005,44.38714694344568,12.0,30.0,0.0,13.69462991561686,45.67092301663419,12.0,30.0,0.0,16.079644579941694,0.0,0.0,0.0,12.949251003652684,0.0,0.0,500.87497523800325,498.90376725640126,498.95799546640088,504.67163280907359,536.4209337839452,530.1199784605626,527.2785124116666,536.642517697961,531.4819519478317,0.0,80.07427982551359,80.07427982551359,60.0,0.0,60.0,60.0,16.0,16.0,16.0,12.0,12.0,12.0,21.0,10.0,0.0,0.0,0.0,0.0,0.0,0.0,0.0,0.0,0.0,0.0,0.0,0.0,0.0,80.07427982551359,80.07427982551359,0.0,0.0,0.0,80.07427982551359,0.0,0.0,0.00237 
 02/28  12:40:00,5.470000000000001,82.66666666666667,5.363333333333333,154.16666666666667,74.83333333333333,0.0,0.0,0.0,0.0,0.0,0.0,0.0,0.0,0.0,0.0,246.0,0.0,498.33746265164879,54.842214405894349,140.53146273221155,14.942587448672207,397.719790232253,0.0,54.842214405894328,74.97346494185116,0.0,0.0,16.329417151298985,42.492744379483159,16.951826868940019,-184.15339664471777,16.480625465297469,-3.270679647862835,16.581661428983208,-87.29470795786892,13.853594285922338,5.3334349177648339,15.9904274124714,-136.28243342840256,14.701465801660025,-0.33374119542168048,14.075317301974275,-24.77050535247662,14.042840302223472,-175.2841715941704,87.4070074977817,510.06212741126776,0.0,0.0,0.0,0.0,0.0,0.0,0.0,0.0,0.0,0.0,0.0,0.0,0.0,0.0,0.0,0.0,0.0,0.0,0.0,0.0,0.0,0.0,1.877218823762196,0.5730216189750294,196.76500188245266,232.68748070842245,4311.270248167993,0.33640705096282877,0.05134417749737924,166.19662510604156,196.34034947746859,3707.0273181086356,4.44406937145615,0.8397712342131806,102.17749553438225,120.82117735690433,2319.142912746374,1.1244217818277103,0.21247577132042895,84.69243743081614,100.1270200329631,1875.3260903833712,0.0,0.0,6.2445370834547699,7.447846429882519,106.16739549426647,0.0,0.0,62.424457063450088,73.97556773706438,1285.976720036609,0.0,0.0,230.77376196980499,274.4615368578758,4290.183305788192,0.0,0.0,12.474343997703962,14.869071554318755,216.3490010273799,0.0,0.0,140.3687082766533,167.5191764906443,2338.377732608655,8.72065091436324,5.9812420537470809,233.07294862720918,275.7790821950273,5166.080584546121,0.0,0.0,145.16089174960283,173.6749852840323,2216.394390505472,0.0,16.33379096445762,38.810968267627888,22.0,30.0,0.0,16.62347911365676,38.14266991192043,16.0,30.0,0.0,16.358485300339085,38.753681161659468,22.0,30.0,0.0,16.411295287366387,38.646995031807509,16.0,30.0,0.0,13.889460040850678,45.09881102382847,12.0,30.0,0.0,15.742227141039166,40.053050186639328,17.0,30.0,0.0,14.704446880114132,42.83526038706211,10.0,30.0,0.0,14.064442190341671,44.584572899308259,12.0,30.0,0.0,13.714204624285319,45.636970133807967,12.0,30.0,0.0,16.168151264485308,0.0,0.0,0.0,12.99204549608535,0.0,0.0,500.6683157528133,495.9687833466456,502.12723978106427,498.1860963060109,534.0403720233761,527.6820367548907,525.4769090518595,533.5879538609094,529.6190606732471,0.0,80.07427982551359,80.07427982551359,60.0,0.0,60.0,60.0,16.0,16.0,16.0,12.0,12.0,12.0,21.0,10.0,0.0,0.0,0.0,0.0,0.0,0.0,0.0,0.0,0.0,0.0,0.0,0.0,0.0,80.07427982551359,80.07427982551359,0.0,0.0,0.0,80.07427982551359,0.0,0.0,0.00236 
 02/28  12:50:00,5.6000000000000009,81.83333333333333,5.371666666666666,155.33333333333335,78.66666666666666,0.0,0.0,0.0,0.0,0.0,0.0,0.0,0.0,0.0,0.0,246.0,0.0,518.7343555392324,55.26889549556981,141.6248290118572,15.554180469186055,413.9983560742986,0.0,55.26889549556979,75.55677034015936,0.0,0.0,16.29529523696336,44.376866759245789,16.968938536950735,-163.81781230544494,16.430131783699907,-10.541130349298328,16.55377469755794,-59.39168881526098,13.841013729839683,5.43201664139599,15.998121172383517,-137.72164519534727,14.691507549760037,5.052639118021943,14.025799958783037,-24.940227358320329,14.04540747386559,-165.6472882730004,68.04239766591309,492.2619927412129,0.0,0.0,0.0,0.0,0.0,0.0,0.0,0.0,0.0,0.0,0.0,0.0,0.0,0.0,0.0,0.0,0.0,0.0,0.0,0.0,0.0,0.0,1.9383028726669128,0.5916675435491187,182.069252706713,215.33480382483826,3938.486192268824,0.3468981863336626,0.05294538863456389,168.07032206306415,198.54930639339598,3712.335413807742,4.578355267556769,0.8651464980266006,90.334060130036,106.83850053091035,2031.3591960086947,1.3039567396811607,0.24640150031767958,60.15158021002819,71.1220845918551,1324.7842725466483,0.0,0.0,6.20205609105882,7.397830413079077,103.69364862889637,0.0,0.0,62.67257635625161,74.271664737931,1275.598215113088,0.0,0.0,229.5290863015069,272.9910953930891,4208.907246119759,0.0,0.0,13.444844573743567,16.029764878880355,228.21549786310434,0.0,0.0,137.79261274249695,164.441346055174,2264.9083434650526,7.6369305332426509,5.23794961127754,211.22334588209649,249.9259989100039,4625.9745441223089,0.0,0.0,143.64529021506017,171.84680976204295,2166.6289521554265,0.0,16.312339727056217,38.89535415533928,22.0,30.0,0.0,16.644686821660185,38.10406347135811,16.0,30.0,0.0,16.31156210728699,38.928166138455328,22.0,30.0,0.0,16.39182464734339,38.71029858671776,16.0,30.0,0.0,13.878498785719108,45.14811012650575,12.0,30.0,0.0,15.748410469146899,40.05570930972829,17.0,30.0,0.0,14.707968344676536,42.8502844901976,10.0,30.0,0.0,14.00889882712772,44.76819414622891,12.0,30.0,0.0,13.734323811103682,45.599114532923739,12.0,30.0,0.0,16.18356693326081,0.0,0.0,0.0,13.030933934005978,0.0,0.0,498.0050950769728,497.2735558782028,497.22354104879948,499.05680046679518,531.8033929406685,525.7381533241345,523.784474861592,530.725039545507,527.3501117915117,0.0,80.07427982551359,80.07427982551359,60.0,0.0,60.0,60.0,16.0,16.0,16.0,12.0,12.0,12.0,21.0,10.0,0.0,0.0,0.0,0.0,0.0,0.0,0.0,0.0,0.0,0.0,0.0,0.0,0.0,80.07427982551359,80.07427982551359,0.0,0.0,0.0,80.07427982551359,0.0,0.0,0.0023533333333333337 
 02/28  13:00:00,5.73,81.0,5.38,156.5,82.5,0.0,0.0,0.0,0.0,0.0,0.0,0.0,0.0,0.0,0.0,246.0,0.0,539.4937508045049,55.67480106401796,142.66495834352566,16.176642809193728,430.5662296991455,0.0,55.674801064017938,76.1116740258588,0.0,0.0,16.272369424162954,57.84485170849166,16.98511031593767,-171.26006160088128,16.381911258813063,-4.518616320785441,16.52476207837344,-60.363036748366088,13.829297478076328,5.501260889836971,16.008632405435635,-137.51139989487457,14.6803223340183,7.895759601932696,13.979685813054062,-24.86720323263802,14.048077178581372,-157.64471563303597,50.55141841455679,478.12268365479715,0.0,0.0,0.0,0.0,0.0,0.0,0.0,0.0,0.0,0.0,0.0,0.0,0.0,0.0,0.0,0.0,0.0,0.0,0.0,0.0,0.0,0.0,1.9969145136280818,0.6095587648437368,189.44428704849416,224.0695316547537,4047.601939687773,0.3567886934518376,0.054454928793015517,177.0315962914455,209.1377928158553,3868.5433811313716,4.759774203922604,0.8994282320337502,89.1828395529086,105.49760967371155,1978.5892797549157,1.457556346301999,0.2754263692936505,78.74859533437265,93.12482307568695,1703.866120777001,0.0,0.0,6.118426367578246,7.29869645701041,100.57677740904158,0.0,0.0,62.79022299120867,74.41228478953934,1262.8541444193257,0.0,0.0,228.29465987262948,271.5372303199112,4126.38262178453,0.0,0.0,14.378114570700696,17.146329160427294,238.88213898731136,0.0,0.0,135.7817266087265,162.03894435998724,2201.3906089500594,6.50178937356574,4.459389145106819,239.75766330067146,283.67956382127258,5152.2880797186339,0.0,0.0,142.6978595439633,170.69697697785473,2126.586913230286,0.0,16.31099669513836,38.91304781448657,22.0,30.0,0.0,16.6572229234099,38.06961742384522,16.0,30.0,0.0,16.268843197588415,39.05714391495974,22.0,30.0,0.0,16.363377008092458,38.784169222611428,16.0,30.0,0.0,13.868334719333014,45.19694917209372,12.0,30.0,0.0,15.757736622041799,40.05469869047777,17.0,30.0,0.0,14.70685381489426,42.875532788181249,10.0,30.0,0.0,13.958255705960621,44.93809328685251,12.0,30.0,0.0,13.753101311722669,45.563882133698999,12.0,30.0,0.0,16.206523247523586,0.0,0.0,0.0,13.07228751350005,0.0,0.0,498.87498175167698,498.47522051246167,496.8747065681329,499.4566378742432,529.7344978570038,523.9180483500662,521.5919076366762,528.1929329718804,525.5133900205598,0.0,80.07427982551359,80.07427982551359,60.0,0.0,60.0,60.0,16.0,16.0,16.0,12.0,12.0,12.0,21.0,10.0,0.0,0.0,0.0,0.0,0.0,0.0,0.0,0.0,0.0,0.0,0.0,0.0,0.0,80.07427982551359,80.07427982551359,0.0,0.0,0.0,80.07427982551359,0.0,0.0,0.0023466666666666668 
 02/28  13:10:00,5.818333333333333,80.5,5.331666666666667,157.66666666666669,86.33333333333333,0.0,0.0,0.0,0.0,0.0,0.0,0.0,0.0,0.0,0.0,246.0,0.0,624.1610092891707,56.845293316305319,145.66429711253879,18.715348645873435,498.13825865596598,0.0,56.84529331630529,77.71182567531779,0.0,0.0,16.256038796418936,68.00968086726062,17.02426070362388,-182.24907571474615,16.341097322192746,3.9486718042162467,16.50298052412322,-53.28891988944952,13.824704330350512,5.60704799714668,16.04540583454682,-140.12131447789353,14.673042910228953,12.88858754172088,13.937448983274685,-24.33409391685126,14.052152074530853,-149.04720753118228,50.63349652866327,462.76630507319217,0.0,0.0,0.0,0.0,0.0,0.0,0.0,0.0,0.0,0.0,0.0,0.0,0.0,0.0,0.0,0.0,0.0,0.0,0.0,0.0,0.0,0.0,1.9771717781103056,0.6035322888004596,202.43450476108988,239.44852077894803,4289.089163346465,0.34714423197989749,0.052982941388873248,190.52560046532123,225.08296709896733,4136.083226058619,4.683492875953662,0.8850137709663007,149.5800082715909,176.9778851888845,3213.05260843428,1.4232206788444085,0.2689381479297823,76.19134286472672,90.11307753998203,1632.8651106432583,0.0,0.0,6.133473793591699,7.317319601156022,99.71020432848411,0.0,0.0,63.18655436382573,74.88245951112049,1262.4420273792017,0.0,0.0,227.42357413193157,270.5184007143422,4073.0658272295606,0.0,0.0,15.20380045123561,18.135351880913825,248.56182962033049,0.0,0.0,133.52137489120237,159.3437555907679,2146.2594915329434,6.729234869893877,4.615387427910754,250.3141524569978,296.21730183652638,5321.752749998124,0.0,0.0,141.54339628789695,169.3066121320819,2095.3001471139798,0.0,16.318509018502345,38.89406286935951,22.0,30.0,0.0,16.6756376781233,38.053863999080267,16.0,30.0,0.0,16.238393806150765,39.12248466201503,22.0,30.0,0.0,16.347344491958507,38.84899334656618,16.0,30.0,0.0,13.86574775599947,45.22644870536951,12.0,30.0,0.0,15.779674160076562,40.02091190518534,17.0,30.0,0.0,14.712341093819653,42.88180433026532,10.0,30.0,0.0,13.912706129086449,45.097734848550597,12.0,30.0,0.0,13.772595084579099,45.533209153226689,12.0,30.0,0.0,16.183813700115139,0.0,0.0,0.0,13.111749665689377,0.0,0.0,499.69678038192168,495.68652023097959,497.82649656870356,497.1538659710747,527.6603811758995,521.7913707482283,520.2392091284495,525.973984664045,523.7618996929563,0.0,80.07427982551359,80.07427982551359,60.0,0.0,60.0,60.0,16.0,16.0,16.0,12.0,12.0,12.0,21.0,10.0,0.0,0.0,0.0,0.0,0.0,0.0,0.0,0.0,0.0,0.0,0.0,0.0,0.0,80.07427982551359,80.07427982551359,0.0,0.0,0.0,80.07427982551359,0.0,0.0,0.00234 
 02/28  13:20:00,5.906666666666667,80.0,5.283333333333333,158.83333333333335,90.16666666666667,0.0,0.0,0.0,0.0,0.0,0.0,0.0,0.0,0.0,0.0,246.0,0.0,646.7376827400785,57.21933922750776,146.62278591415737,19.392300830050816,516.1564787363975,0.0,57.21933922750773,78.22317479413026,0.0,0.0,16.241885089174504,75.65067521215315,17.045590501221079,-198.84367988487885,16.306664486905164,12.38932273595492,16.480408867795974,-54.712613877693,13.8184742347124,5.816601670580724,16.072062838601334,-142.7023332882111,14.669272354296755,18.20850940227774,13.898072942528927,-23.72533474182626,14.05638017038744,-141.4185151869474,52.60174643182472,449.6041331299498,0.0,0.0,0.0,0.0,0.0,0.0,0.0,0.0,0.0,0.0,0.0,0.0,0.0,0.0,0.0,0.0,0.0,0.0,0.0,0.0,0.0,0.0,1.9398037812640983,0.5921256963565624,208.00511459854375,246.05096256001372,4371.703178469343,0.3375718057922808,0.05152194838099524,196.51096273502149,232.1684519446764,4233.329802162421,4.6246826854644029,0.87390073421474,172.93106704989664,204.63776209568077,3660.2285275805654,1.3872452068855997,0.2621400617697655,82.12539729391077,97.14590418890769,1739.2143154085014,0.0,0.0,6.167066986703569,7.3580817367565098,99.13192467032708,0.0,0.0,63.72469866089757,75.52059803507982,1264.7960090691275,0.0,0.0,227.3066299945104,270.391875588642,4035.634059632073,0.0,0.0,16.04524684319013,19.143384581760587,258.1808779478293,0.0,0.0,131.72115475460729,157.19797906690355,2098.9385515926458,6.996252496426731,4.798527089455921,261.768553916294,309.8209134424259,5507.004921589959,0.0,0.0,140.89248639643876,168.51562574614705,2073.12246339619,0.0,16.326377389203999,38.90288117624425,22.0,30.0,0.0,16.681145138857806,38.066543265962668,16.0,30.0,0.0,16.218119084103756,39.18150897286058,22.0,30.0,0.0,16.327753740653049,38.92357712114611,16.0,30.0,0.0,13.862817102857856,45.25741256142696,12.0,30.0,0.0,15.802073936786558,39.98489302237844,17.0,30.0,0.0,14.722845248668362,42.87315311288032,10.0,30.0,0.0,13.87118525414373,45.24649333335674,12.0,30.0,0.0,13.791517626882867,45.502269801165109,12.0,30.0,0.0,16.16365045802304,0.0,0.0,0.0,13.156525933461398,0.0,0.0,497.022492996612,495.62027384386348,497.2699951481056,496.6899535857259,525.7232535589452,520.2106842073677,518.8413807062291,523.6951829265404,521.6869484816443,0.0,80.07427982551359,80.07427982551359,60.0,0.0,60.0,60.0,16.0,16.0,16.0,12.0,12.0,12.0,21.0,10.0,0.0,0.0,0.0,0.0,0.0,0.0,0.0,0.0,0.0,0.0,0.0,0.0,0.0,80.07427982551359,80.07427982551359,0.0,0.0,0.0,80.07427982551359,0.0,0.0,0.00235 
 02/28  13:30:00,5.995,79.5,5.234999999999999,160.0,94.0,0.0,0.0,0.0,0.0,0.0,0.0,0.0,0.0,0.0,0.0,246.0,0.0,669.56445637867,57.5668184546864,147.51319798017097,20.076751975363757,534.3742992461503,0.0,57.56681845468637,78.69820524173558,0.0,0.0,16.22464252430862,78.9929067218136,17.06552920209088,-209.4453807164382,16.27540156280711,17.918647895956384,16.458562798400274,-54.06699387735216,13.81299559383094,6.07931316704105,16.099799270766689,-144.9221231846318,14.666547299884158,22.54886964974048,13.86156990337949,-22.815696376799794,14.061476426352021,-133.32129150264383,54.408853280849147,438.00732906406258,0.0,0.0,0.0,0.0,0.0,0.0,0.0,0.0,0.0,0.0,0.0,0.0,0.0,0.0,0.0,0.0,0.0,0.0,0.0,0.0,0.0,0.0,1.9018047350142627,0.5805264758895796,208.79795036140528,247.00973903412678,4350.256861373321,0.3294938960729413,0.05028905617718884,197.55397698192469,233.41778578086756,4222.6437850960969,4.562141560763598,0.8620826834398336,183.6666396521113,217.37225851108924,3841.196562494086,1.3542614677979304,0.2559073068401228,80.89546870972244,95.70551180218499,1695.5735667446346,0.0,0.0,6.205065282341641,7.404098218480057,98.61566293332135,0.0,0.0,64.09070435320347,75.95447209856906,1263.7488526867883,0.0,0.0,227.54249548863533,270.6849494136236,4004.3842563023374,0.0,0.0,16.838128842295907,20.093651174575017,266.72329171268577,0.0,0.0,130.32333031834589,155.53206208103615,2058.642681833038,7.254416656006005,4.975594414270239,261.1541089000683,309.14032319519137,5442.687420244583,0.0,0.0,140.71122878623977,168.283666292382,2059.2569668441667,0.0,16.32549618174295,38.93056549608431,22.0,30.0,0.0,16.685284159404529,38.0519262020773,16.0,30.0,0.0,16.201162686803469,39.24762522956048,22.0,30.0,0.0,16.309009806224233,38.96937663251973,16.0,30.0,0.0,13.860254974116616,45.28726073219029,12.0,30.0,0.0,15.825561585038978,39.9447698292463,17.0,30.0,0.0,14.73321334631826,42.86960012497439,10.0,30.0,0.0,13.833550552711122,45.38304046922004,12.0,30.0,0.0,13.811095889577965,45.46727191364964,12.0,30.0,0.0,16.1441556385855,0.0,0.0,0.0,13.20608832039862,0.0,0.0,496.85350861638366,496.38200077912298,495.85988034248995,497.18239684019917,523.9245830664067,518.7504891811846,516.7534317549904,521.799454201172,520.2568286572275,0.0,80.07427982551359,80.07427982551359,60.0,0.0,60.0,60.0,16.0,16.0,16.0,12.0,12.0,12.0,21.0,10.0,0.0,0.0,0.0,0.0,0.0,0.0,0.0,0.0,0.0,0.0,0.0,0.0,0.0,80.07427982551359,80.07427982551359,0.0,0.0,0.0,80.07427982551359,0.0,0.0,0.00236 
 02/28  13:40:00,6.083333333333333,79.0,5.1866666666666669,158.0,98.5,0.0,0.0,0.0,0.0,0.0,0.0,0.0,0.0,0.0,0.0,246.0,0.0,684.9298145652724,56.99591841636288,146.05029294000065,20.537473301524899,546.6372119422692,0.0,56.995918416362858,77.91774160670137,0.0,0.0,16.207620715145969,83.14459808261927,17.082104623065868,-219.8607816039539,16.24503729738971,21.40451748284795,16.436958361145466,-52.840994358432,13.807730595946996,6.3452141093683569,16.126315194727625,-147.10192491070758,14.664048079474029,26.350067502394269,13.827519737809972,-21.549588351843739,14.067492048094055,-124.56145285451385,55.967413631609819,428.3564264186398,0.0,0.0,0.0,0.0,0.0,0.0,0.0,0.0,0.0,0.0,0.0,0.0,0.0,0.0,0.0,0.0,0.0,0.0,0.0,0.0,0.0,0.0,1.8655158136617978,0.5694492715695354,210.39457691305433,248.92203729312778,4344.515624777659,0.32161123242321018,0.04908596343455589,199.47379113230847,235.70439690419927,4229.2582892662,4.497184604374103,0.8498081262989615,187.5555768225686,222.00681077228288,3879.2588989173229,1.320132234698912,0.24945809423637786,77.97500316046916,92.26374356287914,1618.1145833629478,0.0,0.0,6.232680391321042,7.437732457967265,97.92166970415183,0.0,0.0,64.50137040432485,76.44126447833912,1263.4708501683943,0.0,0.0,227.5784892999842,270.74137822066526,3969.096419407361,0.0,0.0,18.01348198145503,21.500570154904105,280.9585866354088,0.0,0.0,129.28150073658913,154.29019910341217,2024.673328453556,7.491744243115796,5.13837053711646,259.80442903145896,307.58726517830186,5363.957943238679,0.0,0.0,140.43238372235485,167.93952625622593,2041.8351626846036,0.0,16.323375066198599,38.93315333278588,22.0,30.0,0.0,16.687026208682754,38.06288414516587,16.0,30.0,0.0,16.183892921815177,39.303209831284238,22.0,30.0,0.0,16.29138456584316,39.02646459137727,16.0,30.0,0.0,13.857645292229062,45.31817409146516,12.0,30.0,0.0,15.848963126175061,39.907284718177638,17.0,30.0,0.0,14.74251155235963,42.866775189863059,10.0,30.0,0.0,13.79957072514539,45.50783807135727,12.0,30.0,0.0,13.832119389137475,45.427305415131957,12.0,30.0,0.0,16.125869607862439,0.0,0.0,0.0,13.247813124360527,0.0,0.0,497.38635500098709,495.1240808316939,495.97980244324239,496.1652285745694,522.0860141997304,516.8342613383097,515.5321056768012,520.1101804895913,518.7991915354149,0.0,80.07427982551359,80.07427982551359,60.0,0.0,60.0,60.0,16.0,16.0,16.0,12.0,12.0,12.0,21.0,10.0,0.0,0.0,0.0,0.0,0.0,0.0,0.0,0.0,0.0,0.0,0.0,0.0,0.0,80.07427982551359,80.07427982551359,0.0,0.0,0.0,80.07427982551359,0.0,0.0,0.00237 
 02/28  13:50:00,6.171666666666667,78.5,5.138333333333334,156.0,103.0,0.0,0.0,0.0,0.0,0.0,0.0,0.0,0.0,0.0,0.0,246.0,0.0,700.2212918282615,56.39876337453284,144.5201095758202,20.9959791488518,558.8411589342039,0.0,56.39876337453282,77.10138539135713,0.0,0.0,16.19111458400777,86.91377577438198,17.097483391488429,-229.69338596821764,16.216009370807919,25.125575837031648,16.41586399834849,-51.90454587794602,13.803093266103846,6.5757469604792508,16.153011720613617,-149.43930393440133,14.662591299546336,30.29352361124984,13.796053400807951,-19.97219478522834,14.073468080681021,-117.62818937398515,57.27534489552636,416.91196304635107,0.0,0.0,0.0,0.0,0.0,0.0,0.0,0.0,0.0,0.0,0.0,0.0,0.0,0.0,0.0,0.0,0.0,0.0,0.0,0.0,0.0,0.0,1.8303186322768875,0.5587053212078411,212.21549528038674,251.0999030071159,4342.455191176543,0.3138742583009863,0.047905106578294619,201.62183205490616,238.26171801924336,4239.5124283276359,4.433138184627286,0.837705628236449,192.02725832549869,227.3323321964983,3927.682286625676,1.2845056995719986,0.24272594474149626,76.74962538173694,90.82668461207214,1576.1602007038817,0.0,0.0,6.258002896807884,7.468629402313285,97.18496903558425,0.0,0.0,64.94545486699902,76.96770608929326,1263.720864187318,0.0,0.0,227.31671833848857,270.4430310037579,3929.0154842358876,0.0,0.0,19.00075015653156,22.683224184309237,291.8658244886988,0.0,0.0,128.12863053255644,152.9163237960351,1988.9666500143044,7.715941863251248,5.292141195645577,260.42488818352526,308.36681712930439,5324.856465604834,0.0,0.0,139.84426162027499,167.22435947784826,2020.608169488618,0.0,16.32045677512755,38.956067535379037,22.0,30.0,0.0,16.68748952106643,38.08547849680697,16.0,30.0,0.0,16.16740939639726,39.348113165904468,22.0,30.0,0.0,16.274220370461636,39.09100997582086,16.0,30.0,0.0,13.855292352017472,45.34880662576503,12.0,30.0,0.0,15.872241394299208,39.86940576451817,17.0,30.0,0.0,14.752642388442414,42.85601117175458,10.0,30.0,0.0,13.769173550090171,45.62418577147393,12.0,30.0,0.0,13.851967749627259,45.39458262380216,12.0,30.0,0.0,16.108199331596919,0.0,0.0,0.0,13.291744906435829,0.0,0.0,496.13240182084817,493.9954576161216,495.86444420331028,495.08084074147186,520.3589610084069,515.4622438153629,514.3205720529963,518.1546898855833,516.8662819374928,0.0,80.07427982551359,80.07427982551359,60.0,0.0,60.0,60.0,16.0,16.0,16.0,12.0,12.0,12.0,21.0,10.0,0.0,0.0,0.0,0.0,0.0,0.0,0.0,0.0,0.0,0.0,0.0,0.0,0.0,80.07427982551359,80.07427982551359,0.0,0.0,0.0,80.07427982551359,0.0,0.0,0.0023833333333333334 
 02/28  14:00:00,6.26,78.0,5.09,154.0,107.5,0.0,0.0,0.0,0.0,0.0,0.0,0.0,0.0,0.0,0.0,246.0,0.0,715.4344373757215,55.7729147834405,142.9163991617051,21.45213604957852,570.9825879515047,0.0,55.77291478344047,76.24580291877692,0.0,0.0,16.17519496572902,90.27694762853389,17.11230576407602,-238.8979456355719,16.188334890374266,28.75788263709819,16.39518201940051,-51.06946085930076,13.799253174607582,6.816454851945082,16.18007024344098,-151.72772572973623,14.661636876044402,33.81541405223379,13.76721190249685,-18.045311843074729,14.079657222088818,-110.56049187267763,58.399024578055108,406.1451593374236,0.0,0.0,0.0,0.0,0.0,0.0,0.0,0.0,0.0,0.0,0.0,0.0,0.0,0.0,0.0,0.0,0.0,0.0,0.0,0.0,0.0,0.0,1.7957832537884054,0.5481633863822971,213.71204914642676,252.89453062233214,4332.969705161271,0.3063595379716083,0.04675817124108796,203.4262797768379,240.41437362504443,4241.724770298066,4.370358423685703,0.8258424836896645,196.54886155673098,232.7171776175483,3975.6356444357045,1.2490378419061533,0.23602377964968875,75.90564502814888,89.84073195386734,1542.394614625718,0.0,0.0,6.282387146421864,7.498398094054086,96.4316124398144,0.0,0.0,65.36410550160906,77.46401729800377,1263.3836907004064,0.0,0.0,227.11621638749404,270.2176263675881,3889.906839818991,0.0,0.0,19.85743196831389,23.710100936876886,300.4708592684997,0.0,0.0,127.11454839607595,151.70826846761134,1955.63390402621,7.932973880679926,5.440997174677592,261.0965533860723,309.20697421784896,5286.433595166447,0.0,0.0,139.3434278770375,166.61405660481098,2000.6295451442664,0.0,16.316899925929869,38.98823940830115,22.0,30.0,0.0,16.687591542134535,38.094038007601699,16.0,30.0,0.0,16.15182704218529,39.40403596776127,22.0,30.0,0.0,16.257339750596807,39.143807969508909,16.0,30.0,0.0,13.853519077425098,45.37669947493733,12.0,30.0,0.0,15.89567917002743,39.8274799270214,17.0,30.0,0.0,14.762421367141967,42.851699870728229,10.0,30.0,0.0,13.742402087959278,45.72950067333685,12.0,30.0,0.0,13.87150204255073,45.36074565548494,12.0,30.0,0.0,16.09088179364461,0.0,0.0,0.0,13.335264830891088,0.0,0.0,494.9992533277187,494.1256303998862,494.76014506908919,494.9566613066319,518.7658592490857,514.1519397211273,512.6595948865844,516.5712574111782,515.572885877536,0.0,80.07427982551359,80.07427982551359,60.0,0.0,60.0,60.0,16.0,16.0,16.0,12.0,12.0,12.0,21.0,10.0,0.0,0.0,0.0,0.0,0.0,0.0,0.0,0.0,0.0,0.0,0.0,0.0,0.0,80.07427982551359,80.07427982551359,0.0,0.0,0.0,80.07427982551359,0.0,0.0,0.0023966666666666669 
 02/28  14:10:00,6.361666666666666,77.5,5.0,152.0,112.0,0.0,0.0,0.0,0.0,0.0,0.0,0.0,0.0,0.0,0.0,246.0,0.0,730.5794867292029,55.115580122659178,141.23200593556173,21.906250897904007,583.069667714007,0.0,55.115580122659149,75.34717660182325,0.0,0.0,16.160488223890753,92.93191298227612,17.12731191782757,-247.85541237870076,16.162689078130407,31.262131912875704,16.376160995093615,-50.289766247035917,13.796382928151733,7.087910435742174,16.207839805152003,-154.17227907476059,14.661710198215613,37.45408424350353,13.740921608748295,-15.972995602993365,14.086209650686797,-103.75228336248165,65.14397348342937,395.7283115557966,0.0,0.0,0.0,0.0,0.0,0.0,0.0,0.0,0.0,0.0,0.0,0.0,0.0,0.0,0.0,0.0,0.0,0.0,0.0,0.0,0.0,0.0,1.7230948460973404,0.5259752277464409,214.87812104765554,254.29446475872289,4310.102418259553,0.2913537304271346,0.04446790757434899,204.94030569547707,242.22032109175459,4231.740423487447,4.223862603456999,0.7981599779775133,199.377269876739,236.09303398150747,3982.336980970988,1.1418992988343642,0.21577840114028039,74.17037075265314,87.79740862936325,1488.2645647566292,0.0,0.0,6.331178247385213,7.557167443063365,95.87895553736135,0.0,0.0,65.79961918821538,77.97901925995045,1261.5218069373548,0.0,0.0,227.02718017884755,270.11985437128598,3847.027538181028,0.0,0.0,20.643246483960167,24.65206530096213,307.19899294155257,0.0,0.0,126.1283741212604,150.53142457894354,1919.5338361802245,8.600399140475558,5.89876484257583,260.13176549852957,308.11533979870048,5211.597839858058,0.0,0.0,138.8857332316403,166.05330795772037,1977.3376709331513,0.0,16.31415955449714,39.00424030069711,22.0,30.0,0.0,16.6879804097637,38.099250152445637,16.0,30.0,0.0,16.138464491754879,39.45447446296137,22.0,30.0,0.0,16.24290988668288,39.186414095659888,16.0,30.0,0.0,13.85263799911935,45.40142863327561,12.0,30.0,0.0,15.919393867311923,39.787101991679097,17.0,30.0,0.0,14.77314764529873,42.84387779530064,10.0,30.0,0.0,13.718925198617086,45.82058790446364,12.0,30.0,0.0,13.890818639297514,45.32257132791438,12.0,30.0,0.0,16.06255000087654,0.0,0.0,0.0,13.377859701658006,0.0,0.0,495.00618213564089,493.6873551512092,494.10361119008499,494.60733858529206,517.1746061958328,512.58632507349,511.36135864524126,515.1876653339541,514.3091875136732,0.0,80.07427982551359,80.07427982551359,60.0,0.0,60.0,60.0,16.0,16.0,16.0,12.0,12.0,12.0,21.0,10.0,0.0,0.0,0.0,0.0,0.0,0.0,0.0,0.0,0.0,0.0,0.0,0.0,0.0,80.07427982551359,80.07427982551359,0.0,0.0,0.0,80.07427982551359,0.0,0.0,0.00241 
 02/28  14:20:00,6.463333333333334,77.0,4.91,150.0,116.5,0.0,0.0,0.0,0.0,0.0,0.0,0.0,0.0,0.0,0.0,246.0,0.0,745.6861008479689,54.423546898612148,139.45869798202825,22.359213050180285,595.1260701747935,0.0,54.423546898612119,74.40111471822232,0.0,0.0,16.14692833060051,95.45640519854715,17.140421813159987,-259.7686099434486,16.138694927563504,33.706730933911789,16.357503856381798,-50.89861781000582,13.794540620869038,7.352652132465977,16.23628259303438,-156.57355999159518,14.662439143855032,40.80411560621633,13.716915215814997,-13.803878796333493,14.092935836686048,-97.36556175649548,71.55084291573076,385.98549185234699,0.0,0.0,0.0,0.0,0.0,0.0,0.0,0.0,0.0,0.0,0.0,0.0,0.0,0.0,0.0,0.0,0.0,0.0,0.0,0.0,0.0,0.0,1.6557220614627224,0.5054096646711607,215.9581931135824,255.5924339531307,4285.421529376102,0.27738824380488238,0.04233642304714322,206.34754412992403,243.90279717733419,4217.502161655803,4.085826600698362,0.7720760772294716,201.48287286530008,238.61279336551145,3974.599523344289,1.0357690932951654,0.19572356260301683,72.57021463263519,85.91344208615891,1437.6106026770386,0.0,0.0,6.376122022014059,7.6113261481642209,95.26072901058729,0.0,0.0,66.21768808485807,78.47319743125446,1259.257137676757,0.0,0.0,226.9801410806692,270.072161774982,3804.920576319223,0.0,0.0,21.35223421183247,25.50228524221036,312.5308182016311,0.0,0.0,125.26363321171252,149.49963633123657,1885.4815448133289,9.223512077091608,6.326139970570377,259.25665986855025,307.1268265630677,5139.179864957969,0.0,0.0,138.50770180033033,165.58816104973946,1955.153622805468,0.0,16.311979754931437,39.01688058043813,22.0,30.0,0.0,16.68462792726576,38.12719057279173,16.0,30.0,0.0,16.126622497225623,39.49217454291611,22.0,30.0,0.0,16.228301718237906,39.239873242059818,16.0,30.0,0.0,13.852727898712424,45.42367875464525,12.0,30.0,0.0,15.943614117410697,39.74536099853931,17.0,30.0,0.0,14.783962304206268,42.83149493049305,10.0,30.0,0.0,13.698364363941588,45.904803860124967,12.0,30.0,0.0,13.90969830550054,45.28977123922054,12.0,30.0,0.0,16.036953445219959,0.0,0.0,0.0,13.419979631182875,0.0,0.0,494.51532140945457,492.42704689607509,494.0019595337235,493.5811007552546,515.63427827384,511.2531775461868,510.24159606952329,513.6190459303693,512.731930609197,0.0,80.07427982551359,80.07427982551359,60.0,0.0,60.0,60.0,16.0,16.0,16.0,12.0,12.0,12.0,21.0,10.0,0.0,0.0,0.0,0.0,0.0,0.0,0.0,0.0,0.0,0.0,0.0,0.0,0.0,80.07427982551359,80.07427982551359,0.0,0.0,0.0,80.07427982551359,0.0,0.0,0.00242 
 02/28  14:30:00,6.5649999999999999,76.5,4.82,148.0,121.0,0.0,0.0,0.0,0.0,0.0,0.0,0.0,0.0,0.0,0.0,246.0,0.0,760.8100546882337,53.69308814205921,137.58692507537985,22.81269487788088,607.1963085855853,0.0,53.69308814205918,73.40252221846353,0.0,0.0,16.13290575950699,96.86197471197466,17.153374298349953,-269.5107901578576,16.115887867906517,35.97516912206993,16.339343689720879,-51.07283440703077,13.793762090451363,7.61066074783119,16.265419944751725,-159.1439483005297,14.66385132788232,44.071833948672068,13.695005372736358,-11.552537277789611,14.099832836598662,-91.19621587396523,77.21348269677219,376.47169702229578,0.0,0.0,0.0,0.0,0.0,0.0,0.0,0.0,0.0,0.0,0.0,0.0,0.0,0.0,0.0,0.0,0.0,0.0,0.0,0.0,0.0,0.0,1.5930117046655815,0.48626730911647789,216.1051272911893,255.787712344886,4241.179426106587,0.2646522735897107,0.04039259364922325,206.7754132216726,244.42780854545328,4182.98031805909,3.9559524543217678,0.747534477385066,202.88173798360647,240.29535766909903,3952.8885788386585,0.930675659313561,0.17586463705849599,70.61665921389397,83.610452949377,1381.0117479536769,0.0,0.0,6.420299944407199,7.664551357137675,94.62560432531019,0.0,0.0,66.64165263258754,78.97427093050016,1257.0267641496544,0.0,0.0,226.9272046726844,270.01704835756427,3762.885809183608,0.0,0.0,21.988284364338754,26.265373423557038,316.5778510461808,0.0,0.0,124.42183671970949,148.49540887298299,1851.975935943604,9.804646648614858,6.724723352959439,257.10375894360637,304.622876230434,5042.699845030957,0.0,0.0,138.10554254821708,165.094798574078,1932.5179089999218,0.0,16.30731407750778,39.04826773814824,22.0,30.0,0.0,16.68143871562253,38.15229123470088,16.0,30.0,0.0,16.115458231164845,39.53078759337151,22.0,30.0,0.0,16.214235505495787,39.291462267036269,16.0,30.0,0.0,13.853839339567465,45.44222824216409,12.0,30.0,0.0,15.968242976342724,39.70015139454417,17.0,30.0,0.0,14.795128004535427,42.81966622564022,10.0,30.0,0.0,13.680417718846114,45.98199829037524,12.0,30.0,0.0,13.928237995830223,45.25778914218394,12.0,30.0,0.0,16.012836656345145,0.0,0.0,0.0,13.461334737500737,0.0,0.0,493.28430136174259,491.7463061914928,493.3637223209131,492.9073787721347,514.1903781472936,510.0492167053205,508.92441741572028,512.1885145785612,511.42094245180069,0.0,80.07427982551359,80.07427982551359,60.0,0.0,60.0,60.0,16.0,16.0,16.0,12.0,12.0,12.0,21.0,10.0,0.0,0.0,0.0,0.0,0.0,0.0,0.0,0.0,0.0,0.0,0.0,0.0,0.0,80.07427982551359,80.07427982551359,0.0,0.0,0.0,80.07427982551359,0.0,0.0,0.00243 
 02/28  14:40:00,6.666666666666667,76.0,4.73,139.66666666666669,122.83333333333334,0.0,0.0,0.0,0.0,0.0,0.0,0.0,0.0,0.0,0.0,246.0,0.0,746.2071606095638,51.056562258483889,130.83090771333318,22.37482482075636,595.5417922697933,0.0,51.056562258483868,69.79819144805481,0.0,0.0,16.119586222828379,98.61082047327182,17.15466139579044,-277.1557501680136,16.092855068221295,38.18231692019526,16.319537756866834,-50.89240997533443,13.791166655605979,7.893749708197447,16.283637425995769,-160.97606211816857,14.665545980106487,47.01999709725624,13.674164323527858,-9.240917140131615,14.105761317221518,-85.20262248019117,82.36617023080544,367.7307441953908,0.0,0.0,0.0,0.0,0.0,0.0,0.0,0.0,0.0,0.0,0.0,0.0,0.0,0.0,0.0,0.0,0.0,0.0,0.0,0.0,0.0,0.0,1.5350742954456294,0.46858189726667567,216.61922961772039,256.41761622194647,4204.12601897172,0.25270206221942856,0.0385686908149311,207.5806314676576,245.40345632045638,4153.882940808794,3.8333555312160629,0.7243680142131641,203.38955376052398,240.92370807667957,3913.3102741065856,0.824458037197697,0.15579327989374465,68.60501521647629,81.23831433826797,1324.1805024302053,0.0,0.0,6.458544577952852,7.71075717099816,93.85933508912734,0.0,0.0,67.06247055380035,79.47299655812647,1253.9414819094557,0.0,0.0,226.86045506560922,269.9457996977017,3720.4575985356834,0.0,0.0,22.561325701401015,26.95322033261828,319.50997463336128,0.0,0.0,123.65177060128906,147.57731700976209,1819.594262735824,10.34771394443597,7.09719749275444,255.32539354594509,302.55991006929937,4954.160731646694,0.0,0.0,137.7355140522121,164.64099780249524,1909.9054375522686,0.0,16.30280220294573,39.07710000476024,22.0,30.0,0.0,16.67336635718019,38.182402786076618,16.0,30.0,0.0,16.102802164933466,39.58063964600311,22.0,30.0,0.0,16.1998547693448,39.33822653360282,16.0,30.0,0.0,13.852832434923672,45.46656679159634,12.0,30.0,0.0,15.98774864848359,39.66866907697103,17.0,30.0,0.0,14.80587925723528,42.81077230096164,10.0,30.0,0.0,13.664342999498745,46.051015662523408,12.0,30.0,0.0,13.94589980712338,45.225014826033447,12.0,30.0,0.0,15.990479922449499,0.0,0.0,0.0,13.500760013294553,0.0,0.0,492.56955170551086,491.38605311552149,492.3991804816136,492.55295634208479,512.7888216320074,508.7448735896305,507.64449959437436,510.9371917183485,510.25881762564208,0.0,80.07427982551359,80.07427982551359,60.0,0.0,60.0,60.0,16.0,16.0,16.0,12.0,12.0,12.0,21.0,10.0,0.0,0.0,0.0,0.0,0.0,0.0,0.0,0.0,0.0,0.0,0.0,0.0,0.0,80.07427982551359,80.07427982551359,0.0,0.0,0.0,80.07427982551359,0.0,0.0,0.00244 
 02/28  14:50:00,6.7683333333333339,75.5,4.64,131.33333333333332,124.66666666666666,0.0,0.0,0.0,0.0,0.0,0.0,0.0,0.0,0.0,0.0,246.0,0.0,730.7881981746427,48.37447588103653,123.9581429249805,21.912485204518839,583.2359789001259,0.0,48.3744758810365,66.13157602836538,0.0,0.0,16.105066690715768,98.92507841854968,17.15191780778151,-281.5838140688693,16.07030358397146,40.55659390935398,16.299284565276144,-50.550907461974478,13.788142579476962,8.174466628126055,16.296978229045409,-162.09084974687768,14.666981384862542,49.494177575534198,13.65452263739869,-6.941080278075901,14.111166080606396,-79.5734712967751,86.40755683253247,360.26685461242007,0.0,0.0,0.0,0.0,0.0,0.0,0.0,0.0,0.0,0.0,0.0,0.0,0.0,0.0,0.0,0.0,0.0,0.0,0.0,0.0,0.0,0.0,1.4811475137028246,0.4521207306785179,215.76599702095889,255.4325023935594,4139.336182165782,0.24204054522789873,0.0369414751568832,206.94605776104974,244.67808363499808,4095.390953066004,3.7185671549845766,0.7026770889993533,204.21173513649428,241.9246996220612,3879.5870749138869,0.7159964254600325,0.13529788840892524,66.79887492256941,79.10902095994844,1272.1182279857454,0.0,0.0,6.493647964082031,7.753249842836841,93.01741853251892,0.0,0.0,67.33005342051873,79.79131661893014,1247.3109631803082,0.0,0.0,226.72260080473198,269.79129506169536,3676.296362209742,0.0,0.0,23.084759367321654,27.581821721073206,321.5479213705353,0.0,0.0,122.94614812814496,146.73664241572969,1788.154499975024,10.855518118499344,7.445485677983092,252.36001546778798,299.0903572774095,4843.1593627023989,0.0,0.0,137.39871635329599,164.2296273137818,1886.5719242568837,0.0,16.294601396361565,39.108738725425009,22.0,30.0,0.0,16.663784513675059,38.2200652752609,16.0,30.0,0.0,16.09021992308415,39.627137000199969,22.0,30.0,0.0,16.185240841047066,39.387542959738919,16.0,30.0,0.0,13.850674941764615,45.49445631052802,12.0,30.0,0.0,16.002908852220988,39.64905905400356,17.0,30.0,0.0,14.8152730015538,42.80369460705864,10.0,30.0,0.0,13.649768852115333,46.11548086347998,12.0,30.0,0.0,13.962503152423724,45.196416085357387,12.0,30.0,0.0,15.967030290018723,0.0,0.0,0.0,13.535481332268767,0.0,0.0,492.15651822509019,490.5029029773858,491.8482460548627,491.8565020010068,511.41476371134248,507.48576588458737,506.51614462627227,509.63551620111186,508.9652279460732,0.0,80.07427982551359,80.07427982551359,60.0,0.0,60.0,60.0,16.0,16.0,16.0,12.0,12.0,12.0,21.0,10.0,0.0,0.0,0.0,0.0,0.0,0.0,0.0,0.0,0.0,0.0,0.0,0.0,0.0,80.07427982551359,80.07427982551359,0.0,0.0,0.0,80.07427982551359,0.0,0.0,0.0024600000000000005 
 02/28  15:00:00,6.87,75.0,4.55,123.0,126.5,0.0,0.0,0.0,0.0,0.0,0.0,0.0,0.0,0.0,0.0,246.0,0.0,714.5399224471466,45.64723823350609,116.96967931368018,21.425278885323203,570.268297824535,0.0,45.647238233506069,62.403235399339937,0.0,0.0,16.090534387161875,99.47859957831679,17.145169691905829,-286.0210686268683,16.047679165362337,42.09799529677639,16.278617499810037,-50.29379165898035,13.7849067413044,8.423362205687539,16.306201120561306,-162.67083408917643,14.667744913038302,51.46807017433821,13.635839269995202,-4.785357188964213,14.115730477877055,-74.68027116761187,90.1541137807344,353.9607299469444,0.0,0.0,0.0,0.0,0.0,0.0,0.0,0.0,0.0,0.0,0.0,0.0,0.0,0.0,0.0,0.0,0.0,0.0,0.0,0.0,0.0,0.0,1.4321434783179868,0.4371622339187994,215.4889944327063,255.1300562206628,4085.49616374201,0.23214539703267018,0.03543122665333794,206.89671417992427,244.64678519948314,4047.4619480525727,3.6101480575161579,0.6821897312010883,204.031191129132,241.73895335220215,3826.7187041511886,0.5994435280902071,0.11327353138514869,65.21187309624142,77.23879468687692,1224.8218715199387,0.0,0.0,6.519246694139575,7.784419779852501,92.01711970951924,0.0,0.0,67.51905330451852,80.01756438429803,1238.657875896052,0.0,0.0,226.39131368528059,269.4084600131391,3628.213610747904,0.0,0.0,23.545293102948347,28.135306652741919,322.5255017512547,0.0,0.0,122.20310875462897,145.8521145077698,1756.014377423817,11.330669596046317,7.771378323762908,250.25662064466995,296.64012094067757,4749.2083010617229,0.0,0.0,136.9781566689162,163.72181406148446,1860.5001800144574,0.0,16.285488549266576,39.14624869955716,22.0,30.0,0.0,16.651284842628333,38.270000319404257,16.0,30.0,0.0,16.0765212146756,39.673263973060318,22.0,30.0,0.0,16.17031122165738,39.44197084507693,16.0,30.0,0.0,13.847786117417082,45.52428860201728,12.0,30.0,0.0,16.01434409172523,39.6378271004688,17.0,30.0,0.0,14.822703764721107,42.80135329982485,10.0,30.0,0.0,13.636190529293027,46.17824520350864,12.0,30.0,0.0,13.977425596579576,45.174128712475248,12.0,30.0,0.0,15.945156404596775,0.0,0.0,0.0,13.56393325595064,0.0,0.0,491.2676372515148,489.4570423844753,491.36165881981369,490.978298806561,510.09635447248788,506.3233615824304,505.3947147236452,508.33447016313718,507.7006872690661,0.0,80.07427982551359,80.07427982551359,60.0,0.0,60.0,60.0,16.0,16.0,16.0,12.0,12.0,12.0,21.0,10.0,0.0,0.0,0.0,0.0,0.0,0.0,0.0,0.0,0.0,0.0,0.0,0.0,0.0,80.07427982551359,80.07427982551359,0.0,0.0,0.0,80.07427982551359,0.0,0.0,0.00248 
 02/28  15:10:00,6.876666666666667,75.0,4.42,114.66666666666666,128.33333333333335,0.0,0.0,0.0,0.0,0.0,0.0,0.0,0.0,0.0,0.0,2470.0,0.0,697.448208195945,42.87520786980397,109.86643564723764,20.912782324610295,556.6274758424847,0.0,42.87520786980395,58.61365973135906,0.0,0.0,17.292392384418095,-773.8862985680678,17.34137551902283,526.9326288013533,17.65510660370536,-2197.1764017998796,16.606732730837565,1018.282822177318,13.785485534522487,16.494071784126669,16.80775979335789,-274.0361198077712,14.831750015946309,279.73854542875446,13.623847272213759,17.220075635560638,15.49560581640928,-405.19396296253049,306.3818818508287,603.7337215223972,0.0,0.0,0.0,0.0,0.0,0.0,0.0,0.0,0.0,0.0,0.0,0.0,0.0,0.0,0.0,0.0,0.0,0.0,0.0,0.0,0.0,0.0,1.2944676171161714,0.3951366352613466,360.7388180391546,425.36614331917448,8200.958360108516,0.3239818310520719,0.04944777641209887,309.12918574159286,365.9510509148893,6326.370240117959,2.8638906740327085,0.541173596755992,507.38029546963096,597.4801579379738,11939.729980720434,0.9851786008717596,0.18616375677848819,368.95245059045859,437.05206510998809,7443.83618351055,0.0,0.0,9.073809435450839,10.868199734182687,127.98682716977177,0.0,0.0,78.75392942401942,93.37905435959066,1565.5639888133358,0.0,0.0,243.5846355539757,290.35876537449357,4072.186636597132,0.0,0.0,37.0717248750921,44.42876362001847,507.1834439828915,0.0,0.0,140.88842013451635,167.18253414299046,2682.4487256153799,14.296184919125027,9.805339450703038,674.1147091854157,799.3495760537311,13428.999442999757,0.0,0.0,139.51301289620035,166.9091210294684,2031.1686264442233,2075.1580212128617,18.10675412741379,34.95475041593052,21.999999999999998,30.0,0.0,17.051054452845269,37.32827618577103,15.999999999999999,30.0,4642.673930969982,18.456132516742494,34.219332708492299,21.999999999999998,30.0,0.0,16.85470913309684,37.81577898402529,15.999999999999999,30.0,0.0,13.852227900528142,45.53387246470116,12.0,30.0,719.885492142504,16.807805703916985,37.72230536997979,16.5,30.0,0.0,15.156206984713173,41.95454395978147,10.0,30.0,0.0,13.635847197186397,46.20280886238117,12.0,30.0,2593.478350125026,16.076218504085035,39.58098643831832,16.9,30.0,0.0,16.55605143529796,0.0,0.0,0.0,13.914091858910325,0.0,0.0,489.08234630186356,489.3606080738259,488.4051647871117,488.9973555774496,508.67341934647939,503.70336404187926,501.3434152983283,506.9129030534814,504.1982982155166,11045.530364987693,80.70117126898593,87.21689437013704,60.0,0.0,60.0,60.0,16.0,16.0,16.0,16.0,12.0,12.0,21.0,10.0,1.0,0.0,2075.1580212128617,0.0,4642.673930969982,0.0,719.885492142504,0.0,0.0,2593.478350125026,9860.348914427277,5916209.348656366,7737189.781244392,80.70117126898593,87.32755297911079,0.36267829714757596,0.7643672985628285,0.3602813740196596,87.32755297911079,0.3542647819438876,7737189.781244392,0.4048338686247084 
 02/28  15:20:00,6.883333333333335,75.0,4.29,106.33333333333333,130.16666666666667,0.0,0.0,0.0,0.0,0.0,0.0,0.0,0.0,0.0,0.0,741.0,0.0,679.4972248417698,40.05871087182363,102.6492474889542,20.374520850325465,542.3008787391269,0.0,40.05871087182361,54.7632948030929,0.0,0.0,18.05478984373417,-1286.198964984605,17.920428832592504,523.0374346597592,18.541458038517804,-3298.7059915062516,17.416945458647775,769.7308790105893,13.79640485300277,22.307043733630104,16.724332035186185,-178.46771937530435,15.134951453126876,263.0504586600278,13.649763440792775,38.964610774702638,15.541657779951862,-252.52772930964972,474.08798817126549,526.0225026252562,0.0,0.0,0.0,0.0,0.0,0.0,0.0,0.0,0.0,0.0,0.0,0.0,0.0,0.0,0.0,0.0,0.0,0.0,0.0,0.0,0.0,0.0,1.3218047637122914,0.4034813076044844,427.2757472398529,501.89927808299685,10530.416007572523,0.35898029041088128,0.05478942161338235,365.91926234804637,431.69381455025668,8118.440027742368,2.7293798736454559,0.5157558340221949,568.6340469648801,666.957333590562,14554.573020495653,0.6687023998702703,0.12636099770791194,400.84647962557497,472.75429378746829,9004.521624040422,0.0,0.0,9.631047672634122,11.527981177791825,136.12844447622335,0.0,0.0,70.56968957191069,83.67974330442594,1376.9164240725516,0.0,0.0,232.66023201392432,276.8448283368862,4084.7450288167658,0.0,0.0,41.88778075547444,50.1646879790284,578.1255496605223,0.0,0.0,142.28225120131456,168.9907153195911,2649.317130953144,16.51383581313709,11.326362011753833,763.2135304781159,902.7257144692162,16185.726157917952,0.0,0.0,131.27127746700439,156.97824963503025,1947.7052449557419,1918.2531152952998,19.289158525152418,32.442630954557248,21.999999999999994,29.99999999999999,0.0,18.024714592258417,35.10715691245942,15.999999999999993,29.99999999999999,4334.910154145608,19.79938749750217,31.44148241073884,21.999999999999994,29.99999999999999,0.0,18.180955222718077,34.77644795011172,15.999999999999993,29.99999999999999,0.0,13.873285852841823,45.51698328685522,11.999999999999995,29.99999999999999,0.0,16.630744106804703,38.18357983418893,15.999999999999993,29.99999999999999,0.0,15.63878659136203,40.71137989682569,9.999999999999997,29.99999999999999,0.0,13.70350305134647,46.04162979528503,11.999999999999995,29.99999999999999,75.02594349334241,16.15826129224171,39.35439975050983,15.999999999999993,29.99999999999999,0.0,17.30874319027958,0.0,0.0,0.0,14.200760927332823,0.0,0.0,488.45374270496037,489.07687323050205,487.670468264072,488.1699206113586,505.73272764956035,500.94262144304948,498.8063096691481,504.32070235740539,500.8298124653078,12113.973848984944,79.99421233447726,87.86630572074458,59.99999999999998,0.0,59.99999999999998,59.99999999999998,16.0,16.0,16.0,16.0,12.0,12.0,21.0,10.0,1.0,0.0,1918.2531152952998,0.0,4334.910154145608,0.0,0.0,0.0,0.0,75.02594349334241,11911.67407907806,7147004.447446839,9313797.173544905,79.99421233447726,87.99999999999997,0.39705580263593545,0.7674334065935697,0.36028137401965945,87.99999999999997,0.35426478194388735,9313797.173544905,0.48682411969100178 
 02/28  15:30:00,6.890000000000001,75.0,4.16,98.0,132.0,0.0,0.0,0.0,0.0,0.0,0.0,0.0,0.0,0.0,0.0,988.0,0.0,660.668186695036,37.198055409490887,95.3189045069854,19.809931183464707,527.2735138640496,0.0,37.19805540949087,50.85256190619391,0.0,0.0,18.570561591495275,-1081.1344026635034,18.367089722314998,688.7597411034922,19.103459297921306,-3167.1454197665755,17.92220967337168,961.7669286501518,13.809724075117753,27.330644938054193,16.678960165448744,-79.0337987152206,15.354040005404448,254.231373458093,13.67416096415878,50.22692471790532,16.044132200389656,-352.3784921002582,680.2040875665898,689.240633269203,0.0,0.0,0.0,0.0,0.0,0.0,0.0,0.0,0.0,0.0,0.0,0.0,0.0,0.0,0.0,0.0,0.0,0.0,0.0,0.0,0.0,0.0,1.410146165005141,0.43044754731536669,446.90289874568597,523.8604950094098,11627.647515950266,0.38102484345859208,0.0581539748868425,381.22728691233956,448.85135848154166,8965.936226527117,2.746590367808274,0.519008006010634,592.3212385840468,693.1871669884458,15982.61380953779,0.35014846155161535,0.0661656200966771,398.97423161218168,469.3738485530396,9566.325749116231,0.0,0.0,9.59973021512317,11.493681210303472,135.96217116065098,0.0,0.0,55.165643514048998,65.44846242157804,1068.9555942179566,0.0,0.0,229.89634137874368,273.2364362629919,4191.954858436379,0.0,0.0,47.313951994844547,56.67120614856103,657.4037088971343,0.0,0.0,155.09142124894209,183.73022108996137,3100.7466020497138,18.659928332553837,12.798304754838029,775.7916588321397,915.2396122599372,17773.048522946716,0.0,0.0,142.5266236948285,170.3084928552475,2162.5516343263759,1862.0828289089687,20.02620039414022,31.005030276531416,22.0,30.0,0.0,18.737314231558885,33.58467378144413,16.0,30.0,4190.207969246984,20.52074142379746,30.078823705237583,22.0,30.0,0.0,18.984311711112686,33.08168066158086,16.0,30.0,0.0,13.894734658710356,45.4920505162448,12.0,30.0,0.0,16.571379790501017,38.36234063459306,16.0,30.0,0.0,15.977824602062153,39.87283029763753,10.0,30.0,0.0,13.757539860890976,45.92193505399811,12.0,30.0,1264.3286476109389,16.88849548297229,37.605055357202257,16.75,30.0,0.0,18.160210809420215,0.0,0.0,0.0,14.364746255977924,0.0,0.0,487.53744825608069,488.2484170231897,486.83721869209048,487.3715530418879,503.32151990303756,498.4745198480221,496.27838168815836,501.7629405324695,497.95879938527755,10840.11627263027,80.8370299012926,86.30561782114391,60.0,0.0,60.0,60.0,16.0,16.0,16.0,16.0,12.0,12.0,21.0,10.0,1.0,0.0,1862.0828289089687,0.0,4190.207969246984,0.0,0.0,0.0,0.0,1264.3286476109389,8275.644729720454,4965386.837832272,6474249.092983251,80.8370299012926,86.39849259848899,0.3608548243240151,0.7660161714750915,0.36028137401965956,86.39849259848899,0.3542647819438875,6474249.092983251,0.3391742861684624 
 02/28  15:40:00,6.8966666666666669,75.0,4.03,89.5,125.66666666666666,0.0,0.0,0.0,0.0,0.0,0.0,0.0,0.0,0.0,0.0,2470.0,0.0,617.359643673589,34.09560205143385,87.36894989036597,18.51133379729393,492.70929876583139,0.0,34.095602051433839,46.61127295399183,0.0,0.0,19.118958837475085,-1007.0839940436622,18.787409197613088,907.1630928421455,19.70138073655459,-3008.2652502769326,18.39980291983614,1086.3544360595675,13.827760949520553,40.03294638825481,17.70402253926931,-216.70616278767236,15.724209726265589,607.55826325116,14.790213139306243,-62.07564287468945,15.72359697210247,-205.88036502661005,853.1917063628757,529.3721128367241,0.0,0.0,0.0,0.0,0.0,0.0,0.0,0.0,0.0,0.0,0.0,0.0,0.0,0.0,0.0,0.0,0.0,0.0,0.0,0.0,0.0,0.0,1.4502088490129788,0.4426766938379059,464.56803256107676,543.4996804173595,12738.099951492017,0.3954467063190794,0.06035511390706341,394.9656668901608,464.2645945662947,9772.185408340207,2.746950783993866,0.5190761118658103,599.4849313130713,700.0980452986858,17049.912392270435,0.35575740841346006,0.06722551179392672,403.58154156576645,473.89143692799919,10220.18309957835,0.0,0.0,11.006184703508636,13.182554344898295,156.36973896537126,0.0,0.0,70.47553088805072,83.19983436711613,1565.880088534083,0.0,0.0,215.00955886785608,255.06452405745274,4203.088757481824,0.0,0.0,31.899689989156376,38.06614266029176,534.091829803565,0.0,0.0,98.958432764276,117.57047876017394,1864.0736098312682,20.384541099739879,13.981166735075372,793.5170473667794,934.2991541669563,19349.0481481505,0.0,0.0,104.98721002199703,125.57109992760779,1572.9116976992967,1931.5705969921456,20.776183385424738,29.629214850273166,22.000000000000005,30.00000000000001,0.0,19.38771862651807,32.277587104065869,16.000000000000005,30.00000000000001,4348.110064775262,21.298573937652873,28.699929137688956,22.000000000000005,30.00000000000001,0.0,19.696572516454166,31.672535876846707,16.000000000000005,30.00000000000001,0.0,13.923525732345679,45.45373928013574,12.000000000000004,30.00000000000001,1869.2554543339473,17.96798075913583,35.19635210094783,20.000000000000008,30.00000000000001,0.0,16.630991125798965,38.31266629582842,10.000000000000004,30.00000000000001,1440.1617521079459,15.469699915700872,41.215522297508439,17.000000000000005,30.00000000000001,47.576399153133518,16.30066855462463,39.07409557121713,16.000000000000005,30.00000000000001,0.0,18.899942906121554,0.0,0.0,0.0,14.239240822494559,0.0,0.0,485.5151573992332,486.2981854311983,484.9076451433448,485.58339015688838,500.44880706962257,494.9941814414897,492.4426220611847,498.7680002529309,495.6512456948233,10857.794690319379,80.82536401451925,87.21182663875453,60.00000000000002,0.0,60.00000000000002,60.00000000000002,16.0,16.0,19.0,16.0,16.0,12.0,21.0,10.0,1.0,0.0,1931.5705969921456,0.0,4348.110064775262,0.0,1869.2554543339473,0.0,1440.1617521079459,47.576399153133518,9664.950186430313,5798970.111858186,7585451.8401784109,80.82536401451925,87.32028997571496,0.3561650062143437,0.7643099295452085,0.3602813740196597,87.32028997571496,0.3542647819438877,7585451.8401784109,0.3969634956892774 
 02/28  15:50:00,6.903333333333333,75.0,3.8999999999999996,81.0,119.33333333333334,0.0,0.0,0.0,0.0,0.0,0.0,0.0,0.0,0.0,0.0,1729.0,0.0,572.4571692743144,31.03633712827468,79.52966439633888,17.16494339172892,456.87298660621857,0.0,31.036337128274665,42.429025866615699,0.0,0.0,19.57346419689792,-1038.0954102213828,19.210364171989356,908.1902459951948,20.141797383991994,-3032.396260512768,18.843905862488719,1038.4997920427509,13.863928494465139,60.58067370406244,18.825383105586803,-419.810550956084,16.345238991142386,626.2629234185424,15.49098681455502,-85.49606406985905,16.00724640820532,-384.5768189589013,965.5307092341166,763.055394781055,0.0,0.0,0.0,0.0,0.0,0.0,0.0,0.0,0.0,0.0,0.0,0.0,0.0,0.0,0.0,0.0,0.0,0.0,0.0,0.0,0.0,0.0,1.4899336582787482,0.4548027039922926,462.8675694589195,540.3342829907567,13223.237720404648,0.4021441176399998,0.06137730733211239,393.6468902035219,461.6869360511032,10204.049853417242,2.792231596847724,0.5276325768797675,595.0570714564386,693.5002096779483,17575.5700991859,0.3613825193883201,0.06828845793430094,401.8546008469334,470.81620232174449,10651.792805390747,0.0,0.0,12.42866190147114,14.882414468074622,177.86446677335699,0.0,0.0,88.66236505530736,104.06284850085709,2257.630774953197,0.0,0.0,259.14227759803387,306.2886092099824,5568.606965845764,0.0,0.0,20.415613844585069,24.21751424009027,399.021367763679,0.0,0.0,115.98591027746542,137.5447246629223,2260.751451222631,21.655868553896565,14.853133438886559,789.9339102726342,928.3194848586729,20106.55936358788,0.0,0.0,131.01560388951999,156.40498889231024,2069.261027522385,1895.1577798061979,21.396200994478723,28.542499946031318,22.000000000000037,30.000000000000044,0.0,20.021136304046274,31.05745836077052,16.00000000000002,30.000000000000044,4138.941489958951,21.891304563094427,27.697002066231709,22.000000000000037,30.000000000000044,0.0,20.33360463970563,30.46959199969262,16.00000000000002,30.000000000000044,0.0,13.982497894325212,45.34242716087294,12.000000000000018,30.000000000000044,1777.9125509729498,19.750147954112707,31.50565473842211,20.00000000000003,30.000000000000044,0.0,17.65242100250145,35.93718705759911,10.000000000000015,30.000000000000044,392.82272643805529,16.715179186471738,38.05980462462512,16.428571428571453,30.000000000000044,966.2635961898551,16.684608394278138,38.170761367521837,16.428571428571453,30.000000000000044,0.0,19.438281298997869,0.0,0.0,0.0,14.644726067557507,0.0,0.0,483.7670541396158,484.4455496262945,483.16130846979078,483.86825316998496,496.6668245406337,491.71881523076419,490.35214364607409,495.81361784792827,493.0262594361041,10903.505158451417,80.79508479220105,86.08336610522113,60.000000000000088,0.0,60.000000000000088,60.000000000000088,16.0,16.0,19.0,16.0,16.0,12.0,21.0,10.0,1.0,0.0,1895.1577798061979,0.0,4138.941489958951,0.0,1777.9125509729498,0.0,392.82272643805529,966.2635961898551,8002.6481160399539,4801588.869623965,6267406.967239903,80.79508479220105,86.17317867780537,0.36389779434418909,0.7650361148052973,0.3602813740196601,86.17317867780537,0.35426478194388807,6267406.967239903,0.328415162296475 
 02/28  16:00:00,6.91,75.0,3.77,72.5,113.0,0.0,0.0,0.0,0.0,0.0,0.0,0.0,0.0,0.0,0.0,1235.0,0.0,528.3423059319619,27.894577473153338,71.47899211058632,15.842169282054382,421.66526019703476,0.0,27.894577473153324,38.134002226329467,0.0,0.0,19.695991741573065,-1178.0392212615666,19.455887571521154,630.0065418094655,20.109200549615524,-1778.6943700690109,18.99239394309808,683.6539540799885,13.911430962896676,66.93504537084316,18.775930415771407,-322.6287045652508,16.541174453528,404.06084113174549,15.54187811406097,-70.40605793468731,16.257928062859926,-380.6814177696775,958.6463446250419,933.3628463062573,0.0,0.0,0.0,0.0,0.0,0.0,0.0,0.0,0.0,0.0,0.0,0.0,0.0,0.0,0.0,0.0,0.0,0.0,0.0,0.0,0.0,0.0,1.5344219603631553,0.46838277178362489,438.1497056966228,511.44340720719398,12524.02973023287,0.37371635713349207,0.05703851604601527,332.7921764367124,389.8622329855008,8814.535051528166,3.0568252104012938,0.577631370068272,448.61619380467098,523.0804050407594,13041.62665128734,0.3551209173365846,0.06710523759194719,336.00396252791929,393.3924696646486,8965.015791543727,0.0,0.0,12.211493568749504,14.618063583230106,176.32896373530913,0.0,0.0,85.1073074305794,99.9773247701454,2129.050893383507,0.0,0.0,297.9559780732596,352.07230924020316,6484.209307335574,0.0,0.0,25.231450585981159,29.947237712359756,485.7709655513694,0.0,0.0,154.64989319448814,183.50922439416025,3006.350060703034,22.12138301264536,15.172416332404233,664.0762448836048,779.8665323713424,17164.667780955762,0.0,0.0,175.40117882086276,209.15564563396286,2931.7004300580645,1878.1575634503932,21.410789729433178,28.540957304002594,22.0,30.0,0.0,20.32305462300885,30.503668363753655,16.0,30.0,2639.289966702372,21.550717217245905,28.312278124855938,21.6,30.0,0.0,20.409700753861889,30.34708501011196,16.0,30.0,0.0,14.055551549608662,45.18082823462743,12.000000000000002,30.0,350.20718312991246,19.531832337415787,31.953310393440668,19.0,30.0,0.0,17.836087094458397,35.544643758662747,10.0,30.0,880.8561360139456,16.57092086774824,38.47915261987458,16.6,30.0,1554.0682917500358,16.69697486423909,38.20444284191599,16.6,30.0,0.0,19.560531044359118,0.0,0.0,0.0,15.158826960831865,0.0,0.0,482.0495420393684,482.83242097758406,481.6116952133229,482.3897132669433,493.5431966848701,490.01408209178359,488.68759168519298,492.2646159928344,490.43652648527287,10337.997929366724,81.16910263489807,85.52501290961969,60.0,0.0,60.0,60.0,16.0,16.0,19.0,16.0,16.0,12.0,21.0,10.0,1.0,0.0,1878.1575634503932,0.0,2639.289966702372,0.0,350.20718312991246,0.0,880.8561360139456,1554.0682917500358,6591.864748645358,3955118.849187215,5164161.742563945,81.16910263489807,85.59899072671417,0.3557288249548453,0.7668876585247928,0.36028137401965956,85.59899072671417,0.35426478194388757,5164161.742563945,0.2710364106133252 
 02/28  16:10:00,6.823333333333334,75.16666666666667,3.64,63.99999999999999,106.66666666666666,0.0,0.0,0.0,2.0,0.0,0.0,0.0,0.0,0.0,4.0,988.0,0.0,483.9587914320397,24.73412849532698,63.38043093023395,14.511340020147565,386.2431285793007,0.0,24.73412849532697,33.81342886497908,0.0,0.0,19.697847633014694,-1330.0123412429194,19.51459845812741,525.4176398517493,19.891140707440419,-1036.4674923572584,19.018726992583284,531.4525050028769,13.945739790650596,62.27566343986899,18.936526219391646,-81.57593584643132,16.56848705763309,341.2926284654709,15.57035627632613,-78.7741619952659,16.231926076019915,-377.2794817186618,951.8737487785666,847.7994273648602,0.0,0.0,0.0,0.0,0.0,0.0,0.0,0.0,0.0,0.0,0.0,0.0,0.0,0.0,0.0,0.0,0.0,0.0,0.0,0.0,0.0,0.0,1.5744064376528329,0.480588045681573,371.2606551311075,433.51832962141028,10589.2728976353,0.3615845106923862,0.055186891131316587,301.59739983980168,353.28223433614166,8056.51685903843,3.078476230043861,0.5817226436212891,312.1915893586132,364.61496435454026,8925.713882870072,0.34768446636032826,0.06570001253974454,318.4852887136343,373.06432770528877,8514.041595189012,0.0,0.0,11.883617779885393,14.222297095396625,174.73904736181943,0.0,0.0,15.560490527618532,18.25373286783813,401.322482386814,0.0,0.0,198.7599202328822,234.8576445105574,4339.955481311586,0.0,0.0,24.89316143066948,29.535683004224518,485.0614896042226,0.0,0.0,125.54280802405995,148.8145823887644,2518.9782007554147,22.512472092424799,15.440653012637041,615.5375693142431,722.9013831274673,16105.357953361294,0.0,0.0,144.87409661272867,172.85234047077857,2380.323791823204,1823.3190983444955,21.26601043393569,28.87628953485302,22.0,30.0,0.0,20.349328032753357,30.496188855221207,16.0,30.0,37.85811149747772,21.20146990705715,29.649225164124993,21.0,30.0,0.0,20.35345432079879,30.939332224758745,16.0,30.0,0.0,14.099734290076814,45.09987885821627,12.0,30.0,531.2581747944421,19.856816791459584,32.746160237302557,19.5,30.0,0.0,17.781241506047544,35.709533169967659,10.0,30.0,0.0,16.57087987677975,38.50774780130022,16.0,30.0,0.0,16.8583938086524,37.83055953800041,16.0,30.0,0.0,19.593622902440367,0.0,0.0,0.0,14.948240360972232,0.0,0.0,483.81996627430206,482.6098148764277,517.2124874303659,503.92615979022596,491.1345912155594,578.7941927328949,486.32927818647388,490.1639446171162,489.04892368634139,10184.288947153767,81.27081635329108,83.0476490903458,1744.0,0.0,1744.0,1744.0,16.0,16.0,19.0,16.0,16.0,12.0,21.0,10.0,1.0,0.0,1823.3190983444955,0.0,37.85811149747772,0.0,531.2581747944421,0.0,0.0,0.0,2688.9674186670906,1613380.4512002543,2087755.5560944137,81.27081635329108,83.07782560890087,0.344632247288903,0.7679566821570887,0.36028137401965956,83.07782560890087,0.3542647819438875,2087755.5560944137,0.18093928891690953 
 02/28  16:20:00,6.736666666666667,75.33333333333334,3.5100000000000004,55.5,100.33333333333334,0.0,0.0,0.0,2.0,0.0,0.0,0.0,0.0,0.0,4.0,988.0,0.0,439.3114455639045,21.556088745021826,55.23679594689975,13.172600142192968,350.61043856223025,0.0,21.556088745021815,29.46880758401008,0.0,0.0,19.714676930632274,-1221.1713582625462,19.49328092274316,457.225256282617,20.291207556120534,-1733.290024813697,19.157366768914444,896.8335956575643,13.96763752552329,57.01260951362447,18.609861204313128,-81.5172102328062,16.40156337926215,205.388792538055,15.602117289506074,-49.329167444762919,16.05549564408927,-337.0205860275091,964.4113726279857,875.8057986178599,0.0,0.0,0.0,0.0,0.0,0.0,0.0,0.0,0.0,0.0,0.0,0.0,0.0,0.0,0.0,0.0,0.0,0.0,0.0,0.0,0.0,0.0,1.6998519264913695,0.51888031944181,358.9781112964108,419.2710838550728,10247.502675958505,0.37854900540048599,0.057776099725348899,291.32632356801778,341.3241310722614,7783.538014158938,2.396585906349035,0.4528695968157663,394.72362244594287,460.2890457926519,11703.517014209068,0.34200935715693239,0.06462761851038025,392.5878286357938,459.6075257470566,10727.707279036438,0.0,0.0,11.552705692623356,13.826496322476427,172.39060047494389,0.0,0.0,16.02795128188092,18.836585092910825,398.3351707719803,0.0,0.0,231.47408925205819,273.9337354934589,4919.0508290319389,0.0,0.0,19.19936163744029,22.80365053915707,376.5654636725629,0.0,0.0,164.71397532885485,195.6494920550881,3155.586008208161,23.065855787853466,15.820202872327485,677.9423127784988,796.1854388494439,17848.41297938149,0.0,0.0,178.64918111079613,213.14362790972479,2991.435675957496,1803.5450036832183,21.17922879586859,29.52117362906467,22.0,30.0,0.0,20.258186732763979,31.184628697103546,16.0,30.0,1416.1663201302993,21.70158628500137,29.085094022977196,21.5,30.0,0.0,20.590355555835374,31.031085213793266,16.0,30.0,0.0,14.120528831423887,45.150208415679248,12.0,30.0,0.0,19.271367379000759,35.65256405635556,19.0,30.0,0.0,17.379498453872615,36.93011762226635,10.0,30.0,737.5904162985514,16.645326236149704,38.44617589620076,16.75,30.0,751.573974599757,16.28531830355834,39.440005716461588,16.25,30.0,0.0,19.625295572075584,0.0,0.0,0.0,15.036451553246059,0.0,0.0,506.29043494136666,504.9967219729551,534.5491086569576,530.0742775391993,490.7251514913244,679.1235128210977,494.87572144141799,490.7461478479365,492.3202814221638,10684.29426841869,80.94005622631744,86.36797461604715,1744.0,0.0,1744.0,1744.0,16.0,16.0,19.0,16.0,16.0,12.0,21.0,10.0,1.0,0.0,1803.5450036832183,0.0,1416.1663201302993,0.0,0.0,0.0,737.5904162985514,751.573974599757,8214.118790952076,4928471.274571246,6438965.295578478,80.94005622631744,86.46015868975718,0.3588039596984025,0.7644473829521601,0.36028137401965956,86.46015868975718,0.3542647819438875,6438965.295578478,0.40691152870341426 
 02/28  16:30:00,6.65,75.5,3.38,47.0,94.0,0.0,0.0,0.0,2.0,0.0,0.0,0.0,0.0,0.0,4.0,988.0,0.0,444.85449882857326,18.890344950072885,48.405892206209347,13.338793203491667,355.0341520861924,0.0,18.890344950072874,25.824533713604855,0.0,0.0,19.782040286979027,-1326.0354757604683,19.521226798788346,487.3292160491542,20.30285084995237,-1380.0757492507674,19.094481616489995,579.9450136644759,13.989405815976003,56.33933046225323,18.869215591143793,-78.74568122850593,16.510683004508903,426.6306910367816,15.422417911317855,-96.54389404798727,16.249707795374115,-335.3629565147031,918.3514311791441,729.5164176739044,0.0,0.0,0.0,0.0,0.0,0.0,0.0,0.0,0.0,0.0,0.0,0.0,0.0,0.0,0.0,0.0,0.0,0.0,0.0,0.0,0.0,0.0,1.5773151079241313,0.4814759181697592,366.3976546613834,428.00461030649418,10519.633748600792,0.3594611995700371,0.054862820447197358,295.958251416294,346.8060771274267,7959.299120832802,2.9165334564834737,0.5511212124874291,321.9884534108379,375.4041879694656,9541.118417163327,0.3477020348006207,0.06570333235083534,326.8721211048325,382.7437208252961,8841.43192270882,0.0,0.0,11.922317211432399,14.270017644633463,180.4279545347987,0.0,0.0,15.495014752329688,18.185784673961725,399.3974811109097,0.0,0.0,180.894763936976,213.91761606061807,3944.966660572028,0.0,0.0,29.227818086170364,34.7241794057623,565.0666662604514,0.0,0.0,103.9640051092404,123.26964967133334,2109.027474464593,23.34149165953954,16.00925353877884,618.1634995523542,726.0849136032151,16303.036512054683,0.0,0.0,125.02987618048684,149.28573099931024,2051.6292032836579,1874.738754647778,21.18036669104624,29.913149515652444,22.0,30.0,0.0,20.259506478124679,31.618401911282239,16.0,30.0,1277.837118325189,21.534883878111878,29.895798351782948,21.5,30.0,0.0,20.322561508536905,32.133227659075618,16.0,30.0,0.0,14.138305336041413,45.381766302792289,12.0,30.0,931.7268892680436,19.66241183298859,35.85839114059944,19.75,30.0,0.0,17.579892184946336,36.92018283713951,10.0,30.0,38.64172702033352,16.283741618302274,39.68672399112684,16.0,30.0,467.5673731917094,16.812953662363456,38.51732723187465,16.5,30.0,0.0,19.497877648225793,0.0,0.0,0.0,14.758317606112913,0.0,0.0,525.4322982690562,525.0524328346884,560.0984396335002,557.382857798181,496.1572631541725,745.1805785435431,510.2102827843536,500.708660137071,504.4711890185873,10827.643879778721,80.8452536084164,86.33792616185697,1744.0,0.0,1744.0,1744.0,16.0,16.0,19.0,16.0,16.0,12.0,21.0,10.0,1.0,0.0,1874.738754647778,0.0,1277.837118325189,0.0,931.7268892680436,0.0,38.64172702033352,467.5673731917094,8312.02864046057,4987217.184276342,6481064.159094878,80.8452536084164,86.43120997623588,0.36206762134868578,0.7675723506075299,0.36028137401965956,86.43120997623588,0.3542647819438875,6481064.159094878,0.4088100029396003 
 02/28  16:40:00,6.5633333333333339,75.66666666666667,3.25,40.333333333333339,78.33333333333334,0.0,0.0,0.0,2.0,0.0,0.0,0.0,0.0,0.0,4.0,988.0,0.0,334.51952994509397,15.66837590185374,40.14969856300938,10.030445658251733,266.976910962014,0.0,15.668375901853733,21.419857751898524,0.0,0.0,19.839699115748226,-1280.4378962148158,19.51940173269987,483.97198585403569,20.204470088508296,-1029.1432324549494,19.137307133513994,503.29766788925078,14.005922502127805,56.961750014697987,18.82441316896319,-91.88513052470859,16.478525557364724,222.81935664790536,15.764812375773989,-34.9822114838113,16.13353866872717,-381.5709903536592,929.4523176156226,894.184359308621,0.0,0.0,0.0,0.0,0.0,0.0,0.0,0.0,0.0,0.0,0.0,0.0,0.0,0.0,0.0,0.0,0.0,0.0,0.0,0.0,0.0,0.0,1.606374445764811,0.4903462899159985,365.2039595705186,426.6677877690624,10543.72827770506,0.36391572066298868,0.05554269240888105,294.9440396732793,345.64527718040275,7991.012286506267,2.848549423158573,0.5382746453436458,286.90628451045918,334.91530227724248,8390.366110539015,0.33062399082934598,0.062476188743262637,291.9847695643555,341.91426615679748,7965.120298058029,0.0,0.0,11.721205268751123,14.029978173139896,179.83643529911928,0.0,0.0,16.311918556006419,19.152126229124208,420.1704624101826,0.0,0.0,229.06604632357125,271.0910483268202,4962.15592338578,0.0,0.0,11.817163216102483,14.013703848469064,243.86011244159233,0.0,0.0,170.17360271957569,202.16319725221318,3325.1995408954696,23.897426192076904,16.390552943811327,581.2798365573394,682.8021743108021,15518.43443123869,0.0,0.0,176.8784258150544,211.0855886186377,3009.6790770100594,1827.9404062700483,21.170362751546425,30.39156754582389,22.0,30.0,0.0,20.27216504944044,32.02550460502809,16.0,30.0,0.0,21.356937402008954,30.785691114902336,21.0,30.0,0.0,20.346054512014704,32.51843994512448,19.0,30.0,0.0,14.154771135955688,45.734692189695028,12.0,30.0,0.0,19.56072787039632,36.94697492420727,19.0,30.0,0.0,17.411953427000819,37.75954708632298,10.0,30.0,696.0035264342059,16.84577585803959,38.589157068549528,16.75,30.0,794.1388151492131,16.303529439744943,40.34500234055571,16.25,30.0,0.0,19.52170441343542,0.0,0.0,0.0,14.995825832218204,0.0,0.0,547.6241524729026,545.0670364443954,585.9042372777452,575.3430513008494,506.5035333533307,789.0783027438554,527.5000094044376,510.48160377787345,523.8298427750376,8876.63987093062,82.13554280729579,82.13554280729579,1744.0,0.0,1744.0,1744.0,16.0,19.0,19.0,16.0,16.0,12.0,21.0,10.0,1.0,0.0,1827.9404062700483,0.0,0.0,0.0,0.0,0.0,696.0035264342059,794.1388151492131,0.0,0.0,0.0,82.13554280729579,82.13554280729579,0.34,0.7690810658291465,0.36028137401965956,82.13554280729579,0.3542647819438875,0.0,0.07150400000000001 
 02/28  16:50:00,6.476666666666667,75.83333333333333,3.12,33.66666666666667,62.66666666666667,0.0,0.0,0.0,2.0,0.0,0.0,0.0,0.0,0.0,4.0,741.0,0.0,276.7788910409545,13.003935608529658,33.322146102894247,8.29911215601709,220.89462940085759,0.0,13.00393560852965,17.777365867039138,0.0,0.0,19.90154106042106,-1326.7708165006757,19.507667512065035,480.4533386858982,20.4605144684359,-1564.5111021256999,19.14247802037314,727.2844307666334,14.021884512006036,56.249993708349879,18.492014465879295,-66.43768555122728,16.562171660797956,404.25703235864179,15.419698075643064,-65.16906487709969,16.399994866765625,-382.3778939103414,943.516111113732,721.6939416242988,0.0,0.0,0.0,0.0,0.0,0.0,0.0,0.0,0.0,0.0,0.0,0.0,0.0,0.0,0.0,0.0,0.0,0.0,0.0,0.0,0.0,0.0,1.5926184688518055,0.4861472737642878,365.4021283460842,426.7622709790449,10628.505235054101,0.36132489487369037,0.055147267227364269,294.2701080005814,344.77301969584939,8019.282612122077,2.6422088567405286,0.49928360860554268,351.7285210452951,409.9156576568979,10595.606641878072,0.34834575642606788,0.06582497286962737,354.35401754651965,414.85724777471116,9723.260569124792,0.0,0.0,12.015802142473575,14.378605864090169,186.78942708774066,0.0,0.0,15.825900937964534,18.607245612422675,395.79393857820289,0.0,0.0,183.64892215057552,217.23034559232037,4057.2217956110455,0.0,0.0,24.496748598758843,29.09911073300075,474.04614419331338,0.0,0.0,110.39294736922737,130.86485237131655,2319.592724447908,24.674542665589628,16.92355464032212,643.6390645930312,755.8817564336213,17235.856753604683,0.0,0.0,127.45516817229582,152.25615385693087,2121.955077459819,1848.1551295679265,21.192488510657577,30.486517243543895,22.000000000000019,30.00000000000002,0.0,20.26258481120891,32.25315992651393,16.000000000000015,30.00000000000002,1549.9857401395917,21.674993186622204,30.16949880607363,21.666666666666687,30.00000000000002,0.0,20.33039782501446,32.73353909768299,19.000000000000015,30.00000000000002,0.0,14.167357258765282,46.105085695162738,12.00000000000001,30.00000000000002,51.12737259203229,19.071622386334263,38.72627924382432,19.000000000000015,30.00000000000002,0.0,17.55684262798119,37.6866658402077,10.000000000000007,30.00000000000002,76.25135438899089,16.170021992390518,40.668729537921638,16.000000000000015,30.00000000000002,809.5824047042047,16.987671037354354,38.854309130119997,17.000000000000015,30.00000000000002,0.0,19.511891944411539,0.0,0.0,0.0,14.688467533310524,0.0,0.0,553.5626809644564,554.2288778828169,586.1281144774969,584.8972427389191,517.885731931183,821.7607219776435,536.9296586963694,523.5124852733618,532.2611683485686,10738.303891059928,80.90440317867226,87.8815056378526,1744.0000000000014,0.0,1744.0000000000014,1744.0000000000014,16.0,19.0,19.0,16.0,16.0,12.0,21.0,10.0,1.0,0.0,1848.1551295679265,0.0,1549.9857401395917,0.0,51.12737259203229,0.0,76.25135438899089,809.5824047042047,10558.97740138506,6335386.440831032,8273198.801657418,80.90440317867226,88.00000000000007,0.351965913379502,0.7658426653124235,0.3602813740196598,88.00000000000007,0.3542647819438878,8273198.801657418,0.5009352265750746 
 02/28  17:00:00,6.39,76.0,2.99,27.0,47.0,0.0,0.0,0.0,2.0,0.0,0.0,0.0,0.0,0.0,4.0,988.0,0.0,219.87343097729997,10.371655161183338,26.577006724026697,6.592821825160608,175.47890323179437,0.0,10.371655161183332,14.178838929822163,0.0,0.0,19.95462022114976,-1295.4183934432768,19.500199014335366,494.1288442637583,20.241805373157967,-1100.1844719189745,19.26322429062703,491.3846424040853,14.037183223408328,58.0681829556987,18.954792743057526,-88.39191038261112,16.67022506662065,293.5952923548016,15.806156565061074,-86.69064822346782,16.094036938851454,-353.21199969212207,973.66949120968,896.4378555413193,0.0,0.0,0.0,0.0,0.0,0.0,0.0,0.0,0.0,0.0,0.0,0.0,0.0,0.0,0.0,0.0,0.0,0.0,0.0,0.0,0.0,0.0,1.5955460894152159,0.4870409308349255,366.9714655611343,428.76487082628719,10744.72873957143,0.3628938436022964,0.055386728266528757,296.96483180943997,348.0743317691803,8148.809335783749,2.6542132845982429,0.5015520190094942,312.7868279578008,365.43043365525628,9238.709184131187,0.3298412678824734,0.06232828191278785,315.9237506828784,370.0951950824847,8791.282115206799,0.0,0.0,11.992615279381909,14.356655006913187,188.8211795687729,0.0,0.0,15.986522774162835,18.753843915625315,425.79525102123218,0.0,0.0,207.9689819389326,245.9051719790524,4680.466711954108,0.0,0.0,21.615263161305575,25.65364932515972,451.82899901978467,0.0,0.0,138.21553990541328,164.1234318280254,2768.4046945063835,25.60550369182167,17.562073862703483,606.8417716457054,713.0945160926315,16469.611697447242,0.0,0.0,154.4141119702328,184.34346788264089,2640.5152870538997,1803.0439934888955,21.20200003776712,30.65336624346382,22.0,30.0,0.0,20.27072543041486,32.45008972605174,16.0,30.0,0.0,21.252565259188786,31.23513297662059,21.0,30.0,0.0,20.468089207986265,32.61362019181553,19.0,30.0,0.0,14.179278430159178,46.43149848489125,12.0,30.0,930.9629670664793,19.839369589140998,37.27225050825155,19.75,30.0,0.0,17.673838940554754,37.66072435962237,10.0,30.0,727.2856544861431,16.85491152509575,39.31237433282342,16.75,30.0,0.0,16.4290268778839,40.59636142672406,16.0,30.0,0.0,19.55554316496786,0.0,0.0,0.0,14.83300815964208,0.0,0.0,562.9043713247914,564.1096797831992,597.8472037344136,590.915272694856,528.2456399230742,845.326964847168,546.9189023173506,537.1032912269352,543.7205533221965,7950.769462835142,82.74770787799494,82.74770787799494,1744.0,0.0,1744.0,1744.0,16.0,19.0,19.0,16.0,16.0,12.0,21.0,10.0,1.0,0.0,1803.0439934888955,0.0,0.0,0.0,930.9629670664793,0.0,727.2856544861431,0.0,0.0,0.0,0.0,82.74770787799494,82.74770787799494,0.34,0.7691670791084511,0.36028137401965956,82.74770787799494,0.3542647819438875,0.0,0.06995377777777777 
 02/28  17:10:00,6.298333333333334,76.33333333333334,2.876666666666667,20.33333333333333,31.333333333333326,0.0,4.0,0.0,0.0,0.0,0.0,0.0,0.0,0.0,0.0,988.0,0.0,148.87741976119055,7.77674046161535,19.927620411764303,4.464034532446253,118.81767313918346,0.0,7.776740461615346,10.631393802693145,0.0,0.0,20.109724691186206,-1201.8285990964665,19.510373594981368,602.3723871155403,20.401193949499388,-968.9174111956177,19.10681240925908,-23.264242112974786,14.0538692263544,60.14411834358849,18.535413108271244,-245.17997690060066,16.70997398804204,416.15360461286266,15.470796025516151,-69.128393977955,16.28910069751588,-387.8866490425312,869.6148868661817,942.4207369660175,0.0,0.0,0.0,0.0,0.0,0.0,0.0,0.0,0.0,0.0,0.0,0.0,0.0,0.0,0.0,0.0,0.0,0.0,0.0,0.0,0.0,0.0,1.4932754816625662,0.4558227966002949,422.9645661247026,493.9489165814209,12572.903219522848,0.3655790015896199,0.05579655091416666,323.64704506476007,379.18178947790349,8982.275354337826,2.4694172550890904,0.46663213437057668,198.04622671013139,230.89949919162638,6054.29653154481,0.3831628809482091,0.07240417251477872,33.55241772142895,39.335123223183988,921.281134208383,0.0,0.0,11.971718680602124,14.330203912364518,191.10469159696323,0.0,0.0,77.24367138172906,90.86991358976451,1966.4498947281086,0.0,0.0,290.1139166622147,343.14961959776937,6595.296577259876,0.0,0.0,29.27589232432346,34.798923635197208,579.8209149495244,0.0,0.0,149.93482983850763,178.04458999084785,3105.117324141779,26.373707154027856,18.08896238273516,373.05170667057646,438.9485240813741,10149.551579952622,0.0,0.0,172.8488487216077,206.3911817773014,3039.0355323692117,1860.3804272735807,21.36741295434524,30.545350991861338,22.0,30.0,0.0,20.32833725920183,32.59270608906188,16.0,30.0,1743.214480086111,21.571713229459129,30.257860388711184,21.5,30.0,0.0,20.043377535702086,35.95078954824483,19.0,30.0,0.0,14.19523094866392,47.02547009559641,12.0,30.0,0.0,19.13499669393463,36.324154873386039,16.0,30.0,0.0,17.71014530035295,38.464962612972417,10.0,30.0,68.51717479776768,16.1790707870067,41.66990963490636,16.0,30.0,1197.5247512075032,16.72048311450549,40.72250401371639,16.75,30.0,0.0,19.084354895939688,0.0,0.0,0.0,14.959400845765117,0.0,0.0,572.1833095622075,574.8945847047265,575.7447267602333,736.9109263230071,551.7029507837331,671.7145320385491,592.6409643539042,562.7064549977371,583.9393843327077,10765.712514631727,80.88622950497711,84.67303577519904,162.0,0.0,162.0,162.0,16.0,19.0,16.0,16.0,16.0,12.0,21.0,10.0,1.0,0.0,1860.3804272735807,0.0,1743.214480086111,0.0,0.0,0.0,68.51717479776768,1197.5247512075032,5730.36990792043,3438221.9447522584,4473048.4413905669,80.88622950497711,84.73734831700148,0.36101233026401438,0.7686174011528276,0.36028137401965956,84.73734831700148,0.3542647819438875,4473048.4413905669,0.23902451895230954 
 02/28  17:20:00,6.206666666666667,76.66666666666667,2.7633333333333338,13.666666666666665,15.666666666666663,0.0,4.0,0.0,0.0,0.0,0.0,0.0,0.0,0.0,0.0,988.0,0.0,82.40417217011933,5.2267252613551229,13.393292114499135,2.470860741730294,65.76601941539973,0.0,5.226725261355121,7.145329695162329,0.0,0.0,20.09874617801065,-784.6227828026774,19.49667170841407,357.5214670755463,20.385520253183793,-993.8047599741335,18.96814740791229,1.5530199754944079,14.065010796231679,53.347727243992057,18.07014594919913,-85.50576685077675,16.75983907336683,212.37460332493357,15.969964605376028,-56.24189060767961,16.09091030906839,-398.5032429269461,852.7035763496378,1040.368048837878,0.0,0.0,0.0,0.0,0.0,0.0,0.0,0.0,0.0,0.0,0.0,0.0,0.0,0.0,0.0,0.0,0.0,0.0,0.0,0.0,0.0,0.0,1.5485806058276257,0.47270470263358546,397.043365052902,464.08506749723559,11678.768787487814,0.3400893451454939,0.051906188209019227,229.6446424522677,269.0649653079547,6421.5803692014819,2.1832181758020048,0.41255067569954748,280.9395923579606,327.6860050686906,8552.397564827239,0.38500286673286368,0.07275186446199236,35.81197285999549,42.016399903910237,970.9274700829785,0.0,0.0,10.76079040429368,12.881877060311997,173.8815806756894,0.0,0.0,53.161676112417989,62.68996248389078,1295.5533486022169,0.0,0.0,272.5591757351956,322.3385294901687,6250.044446925048,0.0,0.0,16.46996427487405,19.534988935027607,354.5519736361084,0.0,0.0,170.0538697567232,202.04457358611254,3465.6992161927298,26.845920651459069,18.412839952989768,355.30928513924939,417.95952727617176,9813.236459643293,0.0,0.0,182.4852073867176,217.83489465759824,3246.844467136062,1436.705736942983,21.32033795199218,30.793852430204706,21.75,30.0,0.0,20.321832773123697,32.66018194199121,16.0,30.0,1569.0067388213766,21.533445324770044,30.42592358906125,21.5,30.0,0.0,19.768816339313405,38.14516657929482,19.0,30.0,0.0,14.200132225929647,47.551052239002228,12.0,30.0,0.0,18.46882288300474,36.899995475912579,16.0,30.0,0.0,17.698901711512837,38.56130705876701,10.0,30.0,702.0036398201995,16.93479378249604,40.207532050236569,16.75,30.0,0.0,16.364096389548349,41.94338261757394,16.0,30.0,0.0,18.96811332278416,0.0,0.0,0.0,15.003793027613897,0.0,0.0,581.0949467811555,578.4949241822187,582.9688210000386,837.5468628257763,570.8299363525579,605.1650248964445,591.9137751581783,584.2463654893654,593.1469699705349,10142.790806404264,81.29825806247063,84.78564930303515,162.0,0.0,162.0,162.0,16.0,19.0,16.0,16.0,16.0,12.0,21.0,10.0,1.0,0.0,1436.705736942983,0.0,1569.0067388213766,0.0,0.0,0.0,702.0036398201995,0.0,5277.740307270029,3166644.1843620177,4127150.6065055776,81.29825806247063,84.84487678364433,0.34592467690900099,0.7670350839986927,0.36028137401965956,84.84487678364433,0.3542647819438875,4127150.6065055776,0.22105583153829 
 02/28  17:30:00,6.115,77.0,2.6500000000000005,7.0,0.0,0.0,4.0,0.0,0.0,0.0,0.0,0.0,0.0,0.0,0.0,1482.0,0.0,10.028252237904635,2.454092829777671,6.288525370304144,0.3006992607080221,8.003517426239022,0.0,2.45409282977767,3.354930954750241,0.0,0.0,20.272200888877565,-1442.492872260937,19.477588413513688,700.4239094098623,20.404877772954344,-929.6311260325306,18.896542834519388,26.912435250684234,14.071904995296532,55.395833139067139,17.756030519338958,-43.885696723185429,16.792760407239898,397.7798880329898,15.547296960341712,-73.74456195874703,16.27867939756581,-402.37691347657769,943.7014949850155,940.46526865593,0.0,0.0,0.0,0.0,0.0,0.0,0.0,0.0,0.0,0.0,0.0,0.0,0.0,0.0,0.0,0.0,0.0,0.0,0.0,0.0,0.0,0.0,1.445815622463655,0.4413356600926911,455.125775560501,531.5110365012937,13819.035672373248,0.36729180807921787,0.056057968266058948,350.4763850246365,410.82560746985396,9880.685485985821,2.2335830508148155,0.42206784784860498,204.44082056958502,238.65158531118329,6323.413430699692,0.4216727278594971,0.07968116550632981,40.72847531428978,47.832724505973768,1100.591712500457,0.0,0.0,11.33542203150725,13.574459139401576,185.2793080518419,0.0,0.0,45.7181122179138,54.04483502632698,1090.3657557484167,0.0,0.0,251.31058603361886,297.3325911182044,5832.387252323405,0.0,0.0,27.262579446668206,32.405473913597798,551.1842005324626,0.0,0.0,140.70967649382343,167.13176921281355,2966.0627712973935,27.688894960480388,18.991011632702624,408.5136411630112,480.90843172810687,11265.380817313886,0.0,0.0,161.25204156909144,192.71615651544864,2836.9699358763984,1834.8725051427837,21.53413004943556,30.597756288297626,22.00000000000002,30.00000000000002,0.0,20.37675651039419,32.758979177213969,16.00000000000001,30.00000000000002,1641.5600996952736,21.6102713022149,30.491025308483015,21.500000000000019,30.00000000000002,0.0,19.627609531037,38.65584223133179,19.000000000000015,30.00000000000002,0.0,14.200575597482189,47.85149476726555,12.00000000000001,30.00000000000002,0.0,18.06294743281917,37.74619191227067,16.00000000000001,30.00000000000002,0.0,17.75673046923287,38.49925007061783,10.000000000000007,30.00000000000002,50.18118061446477,16.242592424602039,42.195879400403587,16.00000000000001,30.00000000000002,990.6782039917939,16.679013512197188,41.16372569242245,16.50000000000001,30.00000000000002,0.0,19.129064514806804,0.0,0.0,0.0,14.806553824388873,0.0,0.0,595.9393513721102,590.6882234867961,597.3315477977346,854.8889097343267,580.0816939756509,594.988388598547,592.86876908697,589.2573268631909,592.5259582392403,9616.58488639034,81.64618316085324,84.07994740064638,162.00000000000015,0.0,162.00000000000015,162.00000000000015,16.0,19.0,16.0,16.0,16.0,12.0,21.0,10.0,1.0,0.0,1834.8725051427837,0.0,1641.5600996952736,0.0,0.0,0.0,50.18118061446477,990.6782039917939,3683.026470940191,2209815.8825641127,2881292.870340529,81.64618316085324,84.12128079698086,0.34943421569800656,0.7685788314080535,0.3602813740196598,84.12128079698086,0.3542647819438878,2881292.870340529,0.1562892292577075 
 02/28  17:40:00,6.023333333333333,77.33333333333334,2.536666666666667,0.0,0.0,0.0,4.0,0.0,0.0,0.0,0.0,0.0,0.0,0.0,0.0,1482.0,0.0,0.0,0.0,0.0,0.0,0.0,0.0,0.0,0.0,0.0,0.0,20.421020667648507,-1149.1501973515247,20.21457175266915,-170.3830475599985,20.371576325060628,-374.4054391053915,18.85298433603393,22.08853412496652,14.085209014731963,56.20088766293637,17.53433206448756,-18.36914799452333,16.818553746026784,230.03515546252295,15.875619905277148,-62.843700360229799,16.21168544753626,-402.0246569641803,939.0449683249216,1093.955805432628,0.0,0.0,0.0,0.0,0.0,0.0,0.0,0.0,0.0,0.0,0.0,0.0,0.0,0.0,0.0,0.0,0.0,0.0,0.0,0.0,0.0,0.0,1.386735428488114,0.42330141284740938,335.33250213154715,391.5879395810651,10343.110756756512,0.2609086136562311,0.03982121698049922,179.11740585973255,209.63938004739624,5355.109455758007,2.597074091809249,0.4907547414605535,167.91357645427815,196.09664248497755,5194.367253762892,0.4464305838088234,0.08435952074996654,45.827822613515127,53.83930130896383,1237.9110327569918,0.0,0.0,11.261352434837999,13.4857847697449,186.34490033235935,0.0,0.0,24.002106862431906,28.40098725188494,563.5924902348646,0.0,0.0,261.5549257401961,309.4382580734738,6108.381510360961,0.0,0.0,18.764695500966846,22.273207988798327,405.18518641721996,0.0,0.0,180.96971681282759,215.16606061853239,3721.922695100173,28.31595601403999,19.421094659835384,279.66554281497266,329.3753699025762,8015.900970832055,0.0,0.0,194.8741720337382,232.76513633980989,3512.9000954976274,1835.2439769720434,21.723946316995737,30.521084052804328,21.999999999999984,29.99999999999998,1972.2591395396556,21.41974307787461,30.980963317692109,21.999999999999984,29.99999999999998,1146.153302059168,21.5110030111886,30.861899830702567,21.33333333333332,29.99999999999998,0.0,19.53302436120286,38.72582067633987,18.999999999999987,29.99999999999998,0.0,14.208457953438554,48.0758382510464,11.999999999999993,29.99999999999998,0.0,17.781610926220226,38.47976797707681,15.999999999999988,29.99999999999998,0.0,17.726505922956414,38.77540799301155,9.999999999999993,29.99999999999998,650.4409879024975,16.796982263946956,40.88870613868262,16.666666666666655,29.99999999999998,480.4750226800211,16.271682329404933,42.408091040336909,16.166666666666655,29.99999999999998,0.0,19.060120795199127,0.0,0.0,0.0,14.95003762477375,0.0,0.0,615.54643331556,607.3087194633971,611.0211930403309,849.9120840254344,586.9468507679392,595.3385314751843,600.9189266012921,592.9160397740806,596.5181348993509,10609.863188539874,80.98935731409903,86.79825198061289,161.9999999999999,0.0,161.9999999999999,161.9999999999999,21.0,19.0,16.0,16.0,16.0,12.0,21.0,10.0,1.0,0.0,1835.2439769720434,1972.2591395396556,1146.153302059168,0.0,0.0,0.0,650.4409879024975,480.4750226800211,8791.051260261507,5274630.756156907,6890966.291414412,80.98935731409903,86.89690629625714,0.3497017086753835,0.7651654059348076,0.3602813740196593,86.89690629625714,0.3542647819438872,6890966.291414412,0.3648102471535494 
 02/28  17:50:00,5.931666666666667,77.66666666666666,2.4233333333333335,0.0,0.0,0.0,4.0,0.0,0.0,0.0,0.0,0.0,0.0,0.0,0.0,741.0,0.0,0.0,0.0,0.0,0.0,0.0,0.0,0.0,0.0,0.0,0.0,20.23723001214161,-1309.2219556644259,20.30213294275125,-369.79955218363258,20.277570940007807,-100.6420751505585,18.833648478338206,27.309496742282307,14.101476645682656,53.26130671314026,17.354935378875298,4.938847242103979,16.883564418522356,378.61202957494546,15.523821773313795,-74.79241072344427,16.48235367317927,-465.6126839282103,985.8747060635385,947.1218619054782,0.0,0.0,0.0,0.0,0.0,0.0,0.0,0.0,0.0,0.0,0.0,0.0,0.0,0.0,0.0,0.0,0.0,0.0,0.0,0.0,0.0,0.0,1.3951222200155887,0.4258614835212423,376.080519638339,439.21275006857436,11313.811806633923,0.25852716743476158,0.039457748387478907,214.4118753034139,250.23245209805857,6536.178579407767,2.733892711624931,0.5166086000802974,114.07805115249716,132.91048827680948,3619.1284577917615,0.4398412938236753,0.08311437902941715,42.88404642875123,50.376953292795018,1163.132040448104,0.0,0.0,11.172044420826666,13.37096278124042,187.22494098021046,0.0,0.0,29.317969157656436,34.67258008958754,680.1314665159167,0.0,0.0,230.83820221406044,272.866923964406,5480.917276173212,0.0,0.0,28.700855291987275,34.10868733184181,586.6352778768023,0.0,0.0,133.79877856711608,158.67791279936319,2955.7406919334864,28.70503514022331,19.68795277107225,313.9001759408573,368.857355972715,9063.70231110443,0.0,0.0,155.08035361698763,185.34009738836856,2750.222964414786,1538.8665015602344,21.242785878091117,31.557232538808539,22.000000000000019,30.00000000000002,858.991496127356,21.435943174287695,31.0828133689864,21.33333333333335,30.00000000000002,1012.5643819134663,21.37543711093027,31.10584641942257,21.33333333333335,30.00000000000002,0.0,19.483799086815034,38.76856644938718,19.000000000000015,30.00000000000002,0.0,14.220306109258827,48.25863282538639,12.00000000000001,30.00000000000002,0.0,17.554467524523365,39.14375328494776,16.000000000000015,30.00000000000002,0.0,17.835064913038033,38.611763199940529,10.000000000000007,30.00000000000002,74.03332597073272,16.146408672984724,42.77118267966004,16.000000000000015,30.00000000000002,1025.5879800578046,16.976840869718154,40.642279167204438,17.000000000000015,30.00000000000002,0.0,19.155690946987919,0.0,0.0,0.0,14.683532687378268,0.0,0.0,623.0879725625628,617.0526369811995,610.30489403724,848.3080398928998,593.3035770328436,599.1911082882032,605.515014848147,597.6268350154069,600.2368982060447,10443.42437453519,81.09940115176967,85.88930547574236,162.0000000000001,0.0,162.0000000000001,162.0000000000001,21.0,19.0,16.0,16.0,16.0,12.0,21.0,10.0,1.0,0.0,1538.8665015602344,858.991496127356,1012.5643819134663,0.0,0.0,0.0,74.03332597073272,1025.5879800578046,7248.709035069838,4349225.4210419,5671401.635436833,81.09940115176967,85.9706539525545,0.3549569678356614,0.7687337323739019,0.3602813740196598,85.9706539525545,0.3542647819438878,5671401.635436833,0.30142888504271539 
 02/28  18:00:00,5.84,78.0,2.31,0.0,0.0,0.0,4.0,0.0,0.0,0.0,0.0,0.0,0.0,0.0,0.0,988.0,0.0,0.0,0.0,0.0,0.0,0.0,0.0,0.0,0.0,0.0,0.0,20.422017764400576,-666.0222978840607,20.629436767638766,-895.8549167527386,20.090582929237855,-17.904743822739193,18.837779280176453,44.04170095650727,14.116116573850857,53.178503991978718,17.238036584131394,39.23524679528697,16.966481757998524,259.5282425373216,15.922590412891019,-104.88735707680056,16.17311138627246,-412.3579075127286,824.8664331627508,1124.63098553189,0.0,0.0,0.0,0.0,0.0,0.0,0.0,0.0,0.0,0.0,0.0,0.0,0.0,0.0,0.0,0.0,0.0,0.0,0.0,0.0,0.0,0.0,1.3400007043572067,0.4090356240406613,252.51319984394326,294.70538926663678,7842.198259757517,0.2291673379434208,0.03497669993031454,144.93315771224605,168.93319460743377,4578.855406402687,2.7224496455119628,0.5144462671035457,158.08150837956539,184.6538759176614,4858.816941725074,0.45974534519168377,0.08687553764015185,46.64551955548052,54.812700422269397,1272.1019643468363,0.0,0.0,11.199776783425114,13.409228015378915,189.9706608622939,0.0,0.0,47.16154017944648,55.832798340707828,1091.8451576206133,0.0,0.0,269.9277289235605,319.0035837576514,6507.4002279377259,0.0,0.0,25.69741122771913,30.506506457533378,564.9767416716674,0.0,0.0,157.54345925942273,187.1608037587088,3327.454315390215,29.256220432770637,20.065994809856414,195.44955536427438,230.29221705545965,5738.123380028979,0.0,0.0,177.65814856416925,212.229485179191,3214.524262406756,1286.9182400890234,21.59056830255691,30.922292855799804,21.75,30.0,1832.3232895799375,21.90172883751407,30.37475364813266,22.0,30.0,5.225266642185625,21.242551013689199,31.470055533896674,21.0,30.0,0.0,19.47095863040222,38.80257351324269,19.0,30.0,0.0,14.229536495503698,48.38990243747591,12.0,30.0,0.0,17.42847742566117,39.589547856471359,16.0,30.0,0.0,17.93068546602063,38.48028953420465,10.0,30.0,713.4901793897136,16.835426140254947,41.067975304889689,16.75,30.0,0.0,16.409050119571213,42.26412524459583,16.0,30.0,0.0,18.606283834194494,0.0,0.0,0.0,14.77626379539483,0.0,0.0,627.0368364113197,629.7743523824167,618.8946906935464,850.109871510397,598.3118820953644,604.5891115105169,610.6066485653428,602.7119288005455,605.3133834836076,9617.526999078305,81.645558963767,85.07463982196902,162.0,0.0,162.0,162.0,21.0,19.0,16.0,16.0,16.0,12.0,21.0,10.0,1.0,0.0,1286.9182400890234,1832.3232895799375,5.225266642185625,0.0,0.0,0.0,713.4901793897136,0.0,5189.582006698953,3113749.204019372,4069451.299619728,81.645558963767,85.1328769987085,0.34298606688996516,0.7660510259625298,0.36028137401965956,85.1328769987085,0.3542647819438875,4069451.299619728,0.21816346758022588 
 02/28  18:10:00,5.658333333333334,79.0,2.25,0.0,0.0,0.0,0.0,0.0,0.0,0.0,0.0,4.0,0.0,0.0,0.0,988.0,0.0,0.0,0.0,0.0,0.0,0.0,0.0,0.0,0.0,0.0,0.0,20.37184639320254,-315.8669077713314,20.623842150858594,-158.47858071704676,20.455208999629876,-2716.9275837453976,19.193568889924948,1091.8851556551013,14.129741055613053,47.150834586455889,17.127171395583774,10.6984021822135,16.832704577401203,274.3559319963806,15.582663461196317,-82.7704942632713,16.359744732018386,-426.6918113166504,1032.0550870257367,938.0083584240855,0.0,0.0,0.0,0.0,0.0,0.0,0.0,0.0,0.0,0.0,0.0,0.0,0.0,0.0,0.0,0.0,0.0,0.0,0.0,0.0,0.0,0.0,1.5605914900732339,0.4763710287158833,209.7875592844194,244.95596412039124,6606.350684786911,0.21062086336246756,0.03214604141673803,22.026704787751787,25.680716820421695,708.8958414809541,2.6275216702540229,0.49650825212661067,525.0938946303776,612.9937312617407,16575.21548573228,0.40020033737038848,0.07562364651745812,414.2868442574645,485.7799727353899,11973.028181471374,0.0,0.0,10.751644568558092,12.872714590546572,186.47611686036806,0.0,0.0,35.90128936409117,42.52615815175181,835.1763701465275,0.0,0.0,238.94775571096489,282.809870243187,5713.434335550553,0.0,0.0,27.62687775555248,32.84593098245409,583.8615819333605,0.0,0.0,136.52742999978245,162.18638922257797,3007.9059714103798,29.788368196957486,20.43097955895576,509.43830258996555,599.531432550596,14549.404877188157,0.0,0.0,157.94372476306973,188.95435072234893,2853.25495026954,1040.2845938423494,21.49740511111378,31.742011446199834,21.5,30.0,371.09497942949096,21.86629531226971,33.07453283960585,21.5,30.0,3869.450957946192,21.708584206543234,31.657492103285386,22.0,30.0,0.0,20.27183227733851,34.24821708983459,16.0,30.0,0.0,14.236696753200019,48.55005263133352,12.0,30.0,0.0,17.296437051002934,40.09039814247513,16.0,30.0,0.0,17.64262186611337,39.48503314640839,10.0,30.0,49.36653657302151,16.20815589263462,42.909677935183029,16.0,30.0,1199.1742790801393,16.71620079157523,41.65433538952618,16.75,30.0,0.0,19.218111544266333,0.0,0.0,0.0,14.539589509706517,0.0,0.0,670.1264203368298,775.5247302791647,693.732441250727,673.2457101785183,604.7939927766749,612.5749125670059,625.940929849896,610.1175668007722,614.7228478360138,10237.511382892784,81.23549421221162,86.62585582813111,240.0,0.0,240.0,240.0,21.0,16.0,16.0,16.0,16.0,12.0,21.0,10.0,1.0,0.0,1040.2845938423494,371.09497942949096,3869.450957946192,0.0,0.0,0.0,49.36653657302151,1199.1742790801393,8157.372676056547,4894423.6056339279,6405485.595045223,81.23549421221162,86.71740206314192,0.3569124225352182,0.7637450951990957,0.36028137401965956,86.71740206314192,0.3542647819438875,6405485.595045223,0.34284525094235165 
 02/28  18:20:00,5.476666666666667,80.0,2.1900000000000006,0.0,0.0,0.0,0.0,0.0,0.0,0.0,0.0,4.0,0.0,0.0,0.0,1729.0,0.0,0.0,0.0,0.0,0.0,0.0,0.0,0.0,0.0,0.0,0.0,20.409299977649576,-591.0755202110521,20.297966176009035,-125.55889303338611,20.514844066302737,-1598.7495301843047,19.412227014082366,587.9854029525943,14.141917392918604,49.331589129408929,17.039933504320126,49.92617911981966,16.937066858711327,249.3512842120619,15.896833563145341,-98.24900773162112,16.197520323252129,-469.06099565694049,976.8473024366174,1128.647553877175,0.0,0.0,0.0,0.0,0.0,0.0,0.0,0.0,0.0,0.0,0.0,0.0,0.0,0.0,0.0,0.0,0.0,0.0,0.0,0.0,0.0,0.0,1.5443213125132694,0.4714045520492273,132.96759180445023,155.3708810183705,4241.986220554164,0.2494803536231747,0.038076977048714068,19.30617417306191,22.55504763345342,610.2943824602336,2.916583134188958,0.5511305998089491,342.3135875849172,399.74716917611337,10950.092986703243,0.38583419012597466,0.07290895505025971,337.4148068173305,395.43732977154766,10031.462106451309,0.0,0.0,11.156699149382817,13.364208289927353,197.74229555643135,0.0,0.0,51.09277800562772,60.57206712696434,1198.9055482765762,0.0,0.0,270.52409790497179,320.0361292544867,6653.254663719006,0.0,0.0,23.6377342352118,28.085335132463784,532.0155676607382,0.0,0.0,155.32498242292946,184.6268656093977,3401.375929744019,30.261577512222094,20.755540131839575,341.3564784657769,402.1226819175047,9979.88794933202,0.0,0.0,174.5308287125534,208.77737598059819,3212.2022313375834,1074.3567220479677,21.546837904234044,31.68646222999778,21.571428571428564,29.99999999999999,0.0,21.32156917515239,37.04371825565541,20.999999999999994,29.99999999999999,2208.122924594737,21.560830998992924,31.3736113213594,21.571428571428564,29.99999999999999,0.0,20.50810452940684,33.600608131410577,15.999999999999993,29.99999999999999,0.0,14.243466642623359,48.78122079875649,11.999999999999993,29.99999999999999,0.0,17.210847936255616,40.64759600958121,15.999999999999993,29.99999999999999,0.0,17.80345215849975,39.39560063004716,9.999999999999997,29.99999999999999,622.9492731295485,16.73542425422144,41.715656713963088,16.571428571428567,29.99999999999999,0.0,16.425105495194655,42.74251579541723,15.999999999999993,29.99999999999999,0.0,18.978049205358816,0.0,0.0,0.0,14.569209004739154,0.0,0.0,668.7735356919552,930.8465104975669,652.6549198117533,661.73921178511,614.6081849892037,629.3615888060124,641.2457279607763,620.6716022957627,629.7010617214282,9460.29611768563,81.74956078082913,82.80084120566275,239.99999999999992,0.0,239.99999999999992,239.99999999999992,21.0,16.0,16.0,16.0,16.0,12.0,21.0,10.0,1.0,0.0,1074.3567220479677,0.0,2208.122924594737,0.0,0.0,0.0,622.9492731295485,0.0,1590.895658812277,954537.395287366,1235283.910909333,81.74956078082913,82.81869543728792,0.3444584267223139,0.769770189473057,0.3602813740196595,82.81869543728792,0.35426478194388746,1235283.910909333,0.07398143003395198 
 02/28  18:30:00,5.295,81.0,2.13,0.0,0.0,0.0,0.0,0.0,0.0,0.0,0.0,4.0,0.0,0.0,0.0,988.0,0.0,0.0,0.0,0.0,0.0,0.0,0.0,0.0,0.0,0.0,0.0,20.50345204762384,-699.1206114975544,20.48361674732488,-130.15512245463999,20.607201617077626,-1504.7147222104573,19.420145136239009,503.4932614312452,14.158888006940611,49.082587548623667,16.96772657683265,50.51091743899627,16.91206310683655,292.3980179729963,15.72717799923552,-96.5902716538726,16.65925814863737,-518.0614036929184,967.5580223087372,1055.4378306255929,0.0,0.0,0.0,0.0,0.0,0.0,0.0,0.0,0.0,0.0,0.0,0.0,0.0,0.0,0.0,0.0,0.0,0.0,0.0,0.0,0.0,0.0,1.5552101836394064,0.4747283832843121,154.787909849027,180.82313681186117,4978.308897208892,0.2531196111816883,0.038632419289024468,16.320758138519268,19.027471549808526,528.6763382957128,3.019210301399094,0.5705234885485819,318.7278593344207,371.9878669648656,10311.73155263578,0.38521736413082466,0.07279239685011801,315.0799193624547,369.16628779260369,9467.865439570825,0.0,0.0,11.171822330451308,13.377352272223977,202.47815872104924,0.0,0.0,50.886763810570787,60.328844473230628,1205.5770893292043,0.0,0.0,263.0872225809345,311.3132833990685,6530.293073777089,0.0,0.0,29.06490304904718,34.54292265403591,641.5018001174179,0.0,0.0,142.6288875295507,169.34994995465849,3289.518462126821,30.5885000211762,20.97976681836503,321.97037158764797,379.1996420446916,9556.023729030137,0.0,0.0,165.82392494742136,198.40009547684105,3110.9512543769876,1330.7917653551288,21.660288831017789,31.380694865717194,21.5,30.0,1100.590544853287,21.407506919942486,39.055303688175118,21.5,30.0,2098.647720294592,21.51585137085129,31.28114292646255,21.5,30.0,0.0,20.473338691967159,33.532731950869749,16.0,30.0,0.0,14.259382292302405,49.025122101070667,12.0,30.0,0.0,17.136669523291518,41.05897663403473,16.0,30.0,0.0,17.734402094465588,39.66048749164828,10.0,30.0,361.54503548320977,16.280006857828498,43.23612257344216,16.25,30.0,1846.7902404350153,16.913217230923743,41.69791437853189,16.75,30.0,0.0,18.899523247735119,0.0,0.0,0.0,14.528815982011956,0.0,0.0,660.0756208738758,1061.855371619065,637.6733783022727,649.9101441907779,626.0021500030994,639.381952231756,644.7367067170527,633.8525692508977,640.1921087694026,10410.14452997797,81.12133490138322,84.87059582858336,240.0,0.0,240.0,240.0,21.0,16.0,16.0,16.0,16.0,12.0,21.0,10.0,1.0,0.0,1330.7917653551288,1100.590544853287,2098.647720294592,0.0,0.0,0.0,361.54503548320977,1846.7902404350153,5673.56211204807,3404137.267228842,4442388.113805515,81.12133490138322,84.93427072581932,0.359118737068269,0.7672815370160433,0.36028137401965956,84.93427072581932,0.3542647819438875,4442388.113805515,0.2407375152512201 
 02/28  18:40:00,5.113333333333333,82.0,2.07,0.0,0.0,0.0,0.0,0.0,0.0,0.0,0.0,4.0,0.0,0.0,0.0,1729.0,0.0,0.0,0.0,0.0,0.0,0.0,0.0,0.0,0.0,0.0,0.0,20.443155228749743,-658.8623146965415,20.599116275441955,-155.52344688377566,20.62858305835644,-1535.5608841062354,19.46664571046523,600.9702972567889,14.171441541867022,47.60414759800659,17.927533194006494,-58.65978742913129,17.08947176265145,386.7637492394235,16.63432085334947,-99.00442401164853,16.662915025374667,-558.468261778402,1010.130327245422,1007.7254913679583,0.0,0.0,0.0,0.0,0.0,0.0,0.0,0.0,0.0,0.0,0.0,0.0,0.0,0.0,0.0,0.0,0.0,0.0,0.0,0.0,0.0,0.0,1.6119861891214105,0.4920592762885874,145.92186926308555,170.55015525607306,4767.050513750912,0.20220831790911676,0.030862075382954363,24.28955014579297,28.341365555997947,798.7746958460703,3.0282273494537539,0.5722273902973846,332.9700223169519,388.7730836408693,10938.237553007673,0.3966564740564655,0.07495398224800942,335.3827100805515,393.095124471024,10231.875680326104,0.0,0.0,11.087476522670894,13.281852709551666,205.18860173372023,0.0,0.0,45.03850095991501,53.14356178179812,1205.0760721877567,0.0,0.0,223.37364342085693,264.03695685824297,5760.359004616146,0.0,0.0,19.85484164918516,23.524409801203349,497.0881126304404,0.0,0.0,122.05137864442242,144.73845026676674,2908.511963107848,31.084523630077415,21.319975054922815,344.1976746475168,405.4890001977005,10373.898529337974,0.0,0.0,133.86535284472326,160.29668911691369,2482.548417855986,995.7717096912026,21.53561591023268,32.00500264084111,21.571428571428599,30.000000000000033,0.0,21.677198431310559,38.760657341081067,21.00000000000002,30.000000000000033,2108.485174541416,21.61544541963137,31.11972132524724,21.571428571428599,30.000000000000033,0.0,20.538350060932097,33.38391361393929,16.000000000000019,30.000000000000033,0.0,14.267100589954815,49.22459487451475,12.000000000000015,30.000000000000033,1804.1458948126879,18.48151274284137,37.90173563336717,20.00000000000002,30.000000000000033,0.0,18.041583170656844,39.18188598226492,10.00000000000001,30.000000000000033,1328.8410952184564,17.826087385090383,39.38031657542997,20.700000000000025,30.000000000000033,0.0,17.108861685087093,41.30249447726693,16.000000000000019,30.000000000000033,0.0,19.008538813729794,0.0,0.0,0.0,14.225148932587383,0.0,0.0,678.1599309988307,1075.476943222502,636.2027869917132,644.8993890805133,634.1799404369981,645.7604623933696,655.9801468058254,641.0172041192145,645.6439107120189,10630.482368622206,80.9756892301856,84.15683531958996,240.00000000000026,0.0,240.00000000000026,240.00000000000026,21.0,16.0,19.0,16.0,19.7,12.0,21.0,10.0,1.0,0.0,995.7717096912026,0.0,2108.485174541416,0.0,1804.1458948126879,0.0,1328.8410952184564,0.0,4813.952442188964,2888371.465313374,3763559.8612279805,80.9756892301856,84.2108617408683,0.3547507956920133,0.7675475897861883,0.36028137401966,84.2108617408683,0.35426478194388796,3763559.8612279805,0.20542511278385498 
 02/28  18:50:00,4.931666666666667,83.0,2.01,0.0,0.0,0.0,0.0,0.0,0.0,0.0,0.0,4.0,0.0,0.0,0.0,1235.0,0.0,0.0,0.0,0.0,0.0,0.0,0.0,0.0,0.0,0.0,0.0,20.46416693415403,-771.2852610367957,20.2550363343223,-110.39474740168241,20.67640359201055,-1346.33780079837,19.47531272014876,462.0488238607428,14.194477779165784,61.29212026325846,18.81491315935218,-330.8538262051936,17.109142947302204,270.2382695308439,17.644901635637245,-121.28782715613619,16.36217813745673,-589.7999846486177,1002.1403083650258,1332.0141401523027,0.0,0.0,0.0,0.0,0.0,0.0,0.0,0.0,0.0,0.0,0.0,0.0,0.0,0.0,0.0,0.0,0.0,0.0,0.0,0.0,0.0,0.0,1.590244170975967,0.4854225186129326,190.00170717753159,221.86477543552568,6238.058281022259,0.23495481889804016,0.03586001509432847,20.751354192790204,24.250534383980555,671.8809427872265,3.01996776237107,0.5706666217632411,330.4934236114612,385.8442558304658,10911.667073432971,0.38584812251821895,0.0729115877774412,308.65860097953967,361.7568464089745,9511.846830029113,0.0,0.0,12.289694787283296,14.716690063584128,232.6904494921118,0.0,0.0,78.69068766041949,92.37014739905598,2344.2608341352718,0.0,0.0,304.22498706466856,359.6384860097363,7929.363242515657,0.0,0.0,28.329812682956584,33.286709120197468,825.2425496597422,0.0,0.0,192.5815971940412,228.89291426309567,4445.809144212608,31.298052251545017,21.466428156066553,335.40678663702269,394.98650881300235,10268.978173166102,0.0,0.0,196.68211885619088,235.06264463195675,3937.8480893696589,1233.9351524590716,21.518859078808157,31.916217582661074,21.6,30.0,0.0,21.16338222829564,40.4472988936017,21.0,30.0,1873.7830123121253,21.462757580682508,31.645155007802857,21.4,30.0,0.0,20.50298141860716,33.6758346775947,16.0,30.0,0.0,14.296463764272945,49.425273813489308,12.000000000000002,30.0,1262.650666881566,19.938534949993675,34.87900501498885,19.8,30.0,0.0,18.010180942171485,39.34082396567152,10.0,30.0,1294.647505098812,19.503659720462048,35.641140374708957,20.7,30.0,946.1215995256821,16.45765984366023,43.30948016904086,16.200000000000004,30.0,0.0,18.937732988035444,0.0,0.0,0.0,14.803498178542024,0.0,0.0,668.6391220982168,1096.3925917249547,646.3686538528504,653.7007122420512,644.1712556651936,659.1519971019139,658.2445495757615,650.0027133164466,655.1522310426999,10393.341692389735,81.13247097913775,85.51643128298479,240.0,0.0,240.0,240.0,21.0,16.0,19.0,16.0,19.7,12.0,21.0,10.0,1.0,0.0,1233.9351524590716,0.0,1873.7830123121253,0.0,1262.650666881566,0.0,1294.647505098812,946.1215995256821,6634.2551067064309,3980553.0640238586,5196520.065718115,81.13247097913775,85.59088548269352,0.35714183689021436,0.7673484615801052,0.36028137401965956,85.59088548269352,0.35426478194388757,5196520.065718115,0.280019043417342 
 02/28  19:00:00,4.75,84.0,1.95,0.0,0.0,0.0,0.0,0.0,0.0,0.0,0.0,4.0,0.0,0.0,0.0,988.0,0.0,0.0,0.0,0.0,0.0,0.0,0.0,0.0,0.0,0.0,0.0,20.57502894262794,-795.2384165665923,20.561238014803615,-111.93238785955433,20.713734024031909,-1486.2310938631736,19.54930815407714,675.5652442314463,14.225886279080987,61.8008961550627,18.33709263117656,-204.58521403692783,17.122003668012498,255.2714508147974,18.276824868697724,-226.97953565998223,16.30070804809978,-529.5406539642663,1064.1418634299035,1451.6244895259072,0.0,0.0,0.0,0.0,0.0,0.0,0.0,0.0,0.0,0.0,0.0,0.0,0.0,0.0,0.0,0.0,0.0,0.0,0.0,0.0,0.0,0.0,1.5990719168072554,0.4881171907226055,150.58945649298568,175.82198117279206,5049.366580252355,0.2514892123680631,0.038383579421255049,18.439161613726129,21.483732425480338,622.9227189622203,2.942505245328946,0.5560289579230815,352.3698415844916,411.28269471372837,11849.63936934873,0.40876148231625505,0.0772413987748025,366.6705227482444,429.5019052045246,11517.64188275425,0.0,0.0,12.190897142709684,14.596930800367748,236.28230504621033,0.0,0.0,74.90475030204128,88.20143903413224,2153.617586019191,0.0,0.0,309.4627908527455,365.83427197922819,8182.311809975032,0.0,0.0,41.41550927853314,48.53108300122849,1289.9733587109957,0.0,0.0,204.32063362472244,242.90813902190167,4751.224625695349,31.898764274812274,21.87843914596179,363.7290042180199,428.337187511278,11253.030734990869,0.0,0.0,209.3452794185605,250.04794877834355,4327.148853071173,1001.5324721379943,21.655406756339628,31.612885569741203,21.25,30.0,1131.783355032845,21.639457348138487,40.131906849280628,21.75,30.0,1691.1027485632863,21.70088702324943,31.05725377796702,21.75,30.0,0.0,20.634036287915519,33.337223922094988,16.0,30.0,0.0,14.338350823788093,49.51459805674353,12.0,30.0,123.35636800499154,19.20350527196566,36.553668180037877,19.0,30.0,0.0,18.005226696871057,39.40100635297307,10.0,30.0,1272.901886716212,20.479948250565206,33.70736697990199,20.7,30.0,0.0,16.347303777122116,43.7012417741154,16.0,30.0,0.0,19.079972919903413,0.0,0.0,0.0,14.980816969355012,0.0,0.0,664.7688959993612,1153.0096348857997,637.0907244183977,647.8613372238641,651.2502788639731,659.9143462839194,659.1587746177125,656.8172207161777,657.7832043991982,9833.162271597577,81.50303102173629,83.2626157990404,240.0,0.0,240.0,240.0,21.0,16.0,19.0,16.0,19.7,12.0,21.0,10.0,1.0,0.0,1001.5324721379943,1131.783355032845,1691.1027485632863,0.0,123.35636800499154,0.0,1272.901886716212,0.0,2662.891931851395,1597735.159110837,2069212.5740402658,81.50303102173629,83.29249938997961,0.34376306439504658,0.7674024034163149,0.36028137401965956,83.29249938997961,0.3542647819438875,2069212.5740402658,0.11747905385009383 
 02/28  19:10:00,4.631666666666667,84.5,1.92,0.0,0.0,0.0,0.0,1.0,2.0,0.0,0.0,4.0,0.0,0.0,0.0,988.0,0.0,0.0,0.0,0.0,0.0,0.0,0.0,0.0,0.0,0.0,0.0,20.599733069740233,-751.0301189376744,20.545813406406507,-152.0611135858438,20.708078112441279,-1454.460698344756,19.57793742281349,517.5970966480622,14.242199969913699,52.108980069478437,18.995888979944696,-71.0237890949277,16.960118642115967,230.13602303775816,18.351190139421534,-273.6111707450562,16.45155764369114,-553.6482402567601,1011.8970531384853,1234.1758345721408,0.0,0.0,0.0,0.0,0.0,0.0,0.0,0.0,0.0,0.0,0.0,0.0,0.0,0.0,0.0,0.0,0.0,0.0,0.0,0.0,0.0,0.0,1.6168571177402358,0.4935461287363357,142.33946228963107,166.2099370217685,4809.57188241008,0.2151319225061587,0.032834542507044987,24.31469728974951,28.37785376582097,819.918101708979,2.9856643357573287,0.5641844927734938,322.6956147279176,376.6787884772579,10871.401279066033,0.39678109413089499,0.07497753101490833,329.1292102465094,385.45485561687459,10413.89428390537,0.0,0.0,11.539490846085759,13.813239049642976,226.72545400974614,0.0,0.0,13.965734644950143,16.38694656803413,428.07382713190159,0.0,0.0,206.23382451684419,244.1412575794698,5363.827961061248,0.0,0.0,47.68519684372049,55.92028922111379,1485.228965844677,0.0,0.0,166.34977073721644,197.62928763901034,4014.9477729681768,31.955905225732886,21.917630470324345,326.1549305578122,384.212147570968,10166.854041906692,0.0,0.0,171.55115476225573,205.16381642079228,3506.8849231325878,1503.4857516112066,21.689105992964124,32.090364020201977,21.75,30.0,0.0,21.579562609414297,39.69010310027604,21.0,30.0,2033.3167081175002,21.579993022776926,31.71590771593071,21.5,30.0,0.0,20.615068728300359,33.52386434830777,16.0,30.0,0.0,14.35112949025396,49.74143528425104,12.0,30.0,1320.0005218489746,20.104724493375444,36.238975075074687,19.75,30.0,0.0,17.67083487525878,40.895723964323227,10.0,30.0,961.7940694948218,20.393996086121655,34.8720104545454,20.2,30.0,1284.8782110823234,16.713313218037145,43.09270534843539,16.75,30.0,0.0,18.88271960340545,0.0,0.0,0.0,14.700726674024545,0.0,0.0,694.1252603964127,1111.6198575264855,658.279533540192,652.9400921606894,659.9555326823938,768.5711201858339,686.3446616436555,710.3577857770995,673.0874865698462,11038.541213101866,80.70552656215087,86.65111671087669,270.0,0.0,270.0,270.0,21.0,16.0,19.0,16.0,19.7,12.0,21.0,10.0,1.0,0.0,1503.4857516112066,0.0,2033.3167081175002,0.0,1320.0005218489746,0.0,961.7940694948218,1284.8782110823234,8996.62630918089,5397975.785508535,7043769.965483015,80.70552656215087,86.75209256960678,0.38488754363936308,0.7662608968348471,0.36028137401965956,86.75209256960678,0.3542647819438875,7043769.965483015,0.3774810382051168 
 02/28  19:20:00,4.513333333333334,85.0,1.8900000000000002,0.0,0.0,0.0,0.0,1.0,2.0,0.0,0.0,4.0,0.0,0.0,0.0,988.0,0.0,0.0,0.0,0.0,0.0,0.0,0.0,0.0,0.0,0.0,0.0,20.60371522959568,-800.5004494644027,20.27550074272539,-103.5456352540165,20.775457548820808,-1521.598721243769,19.585462172151915,472.43023915147867,14.255780900459833,52.42563747998078,18.778562539699679,-66.11601398756304,16.940434020051066,151.03695969409183,18.454179865535566,-268.38066059178,16.210865262842178,-558.7924594353867,1055.8557460049133,1428.420341600723,0.0,0.0,0.0,0.0,0.0,0.0,0.0,0.0,0.0,0.0,0.0,0.0,0.0,0.0,0.0,0.0,0.0,0.0,0.0,0.0,0.0,0.0,1.6377357269875317,0.49991933058227469,223.73000473501083,261.09404054514109,7583.8240789417609,0.2552898517255937,0.03896365258327132,20.94928259746924,24.482140002708346,695.1910692507989,2.922117370323023,0.552176373832771,372.7034936771822,435.0320818919774,12636.694629085896,0.38571272675125159,0.07288600278746249,311.12942837064409,364.3832462675681,9906.305058685748,0.0,0.0,11.425382157739954,13.676438392068669,227.46439628205514,0.0,0.0,13.844961263921494,16.256791224199814,418.4416805440253,0.0,0.0,231.95804429621988,274.6128841102979,6060.747945398809,0.0,0.0,47.97978001431278,56.23861395492065,1511.2949186531194,0.0,0.0,193.847268118178,230.5284472352944,4587.8196072584619,32.1265368405602,22.034661756214136,376.40484042954037,442.9791450150501,11879.081098530114,0.0,0.0,199.55863435973238,238.5177143891693,4167.052535340605,1208.9529061317927,21.605846706046198,32.27225466644194,21.5,30.0,0.0,21.129920475482533,41.17284983674697,21.0,30.0,2099.8852828291585,21.559099710415887,31.765043053376077,21.5,30.0,0.0,20.595167184163697,33.94976233691199,16.0,30.0,0.0,14.362220334316504,50.17599292984178,12.0,30.0,0.0,19.7794006000051,39.164448103275109,19.0,30.0,0.0,17.59411800439453,41.36470075298219,10.0,30.0,926.7681180102215,20.435335164553878,35.433430772186117,20.2,30.0,0.0,16.2924925285014,44.972158611487319,16.0,30.0,0.0,19.015023540823603,0.0,0.0,0.0,14.812882224401167,0.0,0.0,693.069563722911,1129.6973008093638,658.4667581674845,672.6950988577767,676.0196564967348,893.7659232408197,697.4719748871651,744.4741504556525,701.6453690367898,9800.119935309604,81.52466794374519,85.27008968530773,270.0,0.0,270.0,270.0,21.0,16.0,19.0,16.0,19.7,12.0,21.0,10.0,1.0,0.0,1208.9529061317927,0.0,2099.8852828291585,0.0,0.0,0.0,926.7681180102215,0.0,5667.81235888232,3400687.4153293918,4437915.332715824,81.52466794374519,85.33369938042633,0.3589270786294107,0.7650092619016859,0.36028137401965956,85.33369938042633,0.3542647819438875,4437915.332715824,0.24199159730122289 
 02/28  19:30:00,4.395,85.5,1.8599999999999999,0.0,0.0,0.0,0.0,1.0,2.0,0.0,0.0,4.0,0.0,0.0,0.0,741.0,0.0,0.0,0.0,0.0,0.0,0.0,0.0,0.0,0.0,0.0,0.0,20.4719840925997,-745.347263742583,20.60619295822655,-153.11023691102964,20.783678038767428,-1704.9820866604962,19.582446535801979,476.1678895141987,14.268409310311322,48.50495646901271,18.373045430437317,-43.586342083804257,16.925747621163969,215.29637357898833,18.46648423125578,-254.07717564040329,16.409350328892523,-574.9837905598372,1076.3613117355072,1262.3716103942343,0.0,0.0,0.0,0.0,0.0,0.0,0.0,0.0,0.0,0.0,0.0,0.0,0.0,0.0,0.0,0.0,0.0,0.0,0.0,0.0,0.0,0.0,1.6764233114874343,0.5117287275602667,244.7188467862953,285.674456234809,8279.357693581584,0.22636114530134203,0.03454840435002166,23.74665069181445,27.637297200529916,817.9034604916677,2.939609820011305,0.5554818253989616,384.7069617534278,448.84356704333359,13086.311935434329,0.38405591651512996,0.07257292451155134,289.59225721801456,339.09357671480589,9294.692377411353,0.0,0.0,11.143777176301328,13.337608118113332,224.73293626107205,0.0,0.0,13.069666009180489,15.377960039453529,383.0932823435771,0.0,0.0,206.0526715218132,243.97030610841575,5420.63149158442,0.0,0.0,46.39564120760964,54.38867662267739,1461.5955563971236,0.0,0.0,166.6272527265123,197.92452117842354,4089.926344719975,32.33056222124884,22.174596859567104,391.8078569344734,460.794518170438,12463.81313758933,0.0,0.0,172.04406007559153,205.77784058007178,3560.471821819067,1126.2618083649384,21.411419687705796,32.60014491270524,21.333333333333326,29.99999999999999,1129.650297513626,21.594952250020794,40.53977052271348,21.666666666666658,29.99999999999999,2479.0762591050699,21.522517345422416,31.88373864034078,21.666666666666658,29.99999999999999,0.0,20.56950310561812,34.11519915967827,15.999999999999993,29.99999999999999,0.0,14.371728405026375,50.5213798999885,11.999999999999995,29.99999999999999,13.059313173381513,19.133721956249965,42.212157956136618,18.999999999999994,29.99999999999999,0.0,17.57135053606704,41.452713241487078,9.999999999999997,29.99999999999999,863.0928205554642,20.318003663749086,35.90544286712328,20.033333333333326,29.99999999999999,1289.3147305424889,16.674865891007046,44.115764557023179,16.66666666666666,29.99999999999999,0.0,19.02156528888728,0.0,0.0,0.0,14.554102012060504,0.0,0.0,689.9193468793675,1168.0637185024658,659.7136219235254,678.2652205525591,688.6031986418361,975.5354119977261,697.9250359865937,755.1277345045437,710.0053134286442,11375.966787286034,80.48245748389518,85.8187118466389,269.9999999999999,0.0,269.9999999999999,269.9999999999999,21.0,16.0,19.0,16.0,19.7,12.0,21.0,10.0,1.0,0.0,1126.2618083649384,1129.650297513626,2479.0762591050699,0.0,13.059313173381513,0.0,863.0928205554642,1289.3147305424889,8074.504097349104,4844702.458409464,6302423.892817653,80.48245748389518,85.90933916086704,0.38248346991163675,0.766622928353589,0.36028137401965945,85.90933916086704,0.35426478194388735,6302423.892817653,0.3389610424265179 
 02/28  19:40:00,4.276666666666667,86.0,1.83,0.0,0.0,0.0,0.0,1.0,2.0,0.0,0.0,4.0,0.0,0.0,0.0,988.0,0.0,0.0,0.0,0.0,0.0,0.0,0.0,0.0,0.0,0.0,0.0,20.65683980858844,-677.8760147920484,20.652643499133437,-141.40086990265577,20.92951958953099,-1688.4133005203658,19.66577630591449,606.2241824744853,14.275614109851775,47.941995994613709,19.05530536625504,-58.904965298249368,17.062021163283555,319.7385733300081,18.594661140617796,-239.75258902078194,16.500010643242456,-668.2681628985379,1114.2283957241062,1286.4676951563932,0.0,0.0,0.0,0.0,0.0,0.0,0.0,0.0,0.0,0.0,0.0,0.0,0.0,0.0,0.0,0.0,0.0,0.0,0.0,0.0,0.0,0.0,1.695311474011325,0.5174943449363021,205.15646800785826,239.4250751659683,7075.0275378118699,0.23062947104255383,0.035199858217728,24.596956677789885,28.697478505657977,848.6388308944653,2.9597717299604469,0.5592917101210221,394.2418050171226,460.0135696942351,13664.218033453211,0.4031260906904053,0.07617650995661476,344.5852306653128,403.5549807550759,11194.509464730352,0.0,0.0,11.479311510115134,13.741251593240369,234.25895389890798,0.0,0.0,12.993796554204942,15.234219570737935,407.56859587938257,0.0,0.0,189.7703658362597,224.43701151218097,5132.361664611953,0.0,0.0,44.97411022302703,52.70417646313766,1442.324172535607,0.0,0.0,148.84168214899283,176.66280086601513,3724.392283803501,32.817637572759199,22.508667745376689,400.35924915415719,471.11933071359496,12888.483204305569,0.0,0.0,154.09753906650304,184.4230979499603,3146.7968115393416,1104.5462084601382,21.674774910522957,32.36014072775924,21.500000000000008,30.00000000000001,0.0,21.62773181956039,39.51956386821014,21.000000000000008,30.00000000000001,2028.0099838820052,21.72313129405622,31.615642488653284,21.750000000000008,30.00000000000001,0.0,20.707633612404366,33.755261322252788,16.000000000000008,30.00000000000001,0.0,14.372347739900232,50.82016868577474,12.000000000000004,30.00000000000001,1277.432992080635,20.087899595579605,40.89510133409255,19.750000000000008,30.00000000000001,0.0,17.82535221415707,41.14296280685743,10.000000000000004,30.00000000000001,868.4119168196598,20.488507986837104,35.713163069789107,20.200000000000008,30.00000000000001,449.91131798684537,16.797393912050564,44.038975018003949,16.500000000000008,30.00000000000001,0.0,19.192032971590757,0.0,0.0,0.0,14.33000271629148,0.0,0.0,706.1336216290044,1106.2440303502716,667.8821984549312,674.1061199405584,699.0263021018969,1049.159664768219,713.552575937293,764.7775220390525,721.6295822927415,10804.321121470568,80.86069619167519,86.36528235868694,270.0000000000001,0.0,270.0000000000001,270.0000000000001,21.0,16.0,19.0,16.0,19.7,12.0,21.0,10.0,1.0,0.0,1104.5462084601382,0.0,2028.0099838820052,0.0,1277.432992080635,0.0,868.4119168196598,449.91131798684537,8330.074027429388,4998044.416457631,6547389.117652012,80.86069619167519,86.45876850577479,0.3626691342476463,0.763644039119098,0.36028137401965967,86.45876850577479,0.35426478194388769,6547389.117652012,0.3517142341179046 
 02/28  19:50:00,4.158333333333333,86.5,1.8,0.0,0.0,0.0,0.0,1.0,2.0,0.0,0.0,4.0,0.0,0.0,0.0,988.0,0.0,0.0,0.0,0.0,0.0,0.0,0.0,0.0,0.0,0.0,0.0,20.637407526361437,-812.0756229716205,20.35332323465679,-118.94637356447433,20.842896748739187,-1464.825952027618,19.646182453853858,421.63230445283969,14.28916521113625,50.83198460901899,18.851743810042036,-64.6024678088811,16.950593564507004,151.52184331609056,18.653780240175306,-282.9781764324998,16.37176534760468,-567.7061171960619,1046.7224635985293,1378.8765127734335,0.0,0.0,0.0,0.0,0.0,0.0,0.0,0.0,0.0,0.0,0.0,0.0,0.0,0.0,0.0,0.0,0.0,0.0,0.0,0.0,0.0,0.0,1.6974639854595056,0.5181513997129138,222.26215795572908,259.43714227158048,7692.274198192279,0.25557912378772809,0.03900780277590477,22.2456371675995,26.001408953794468,756.0879102706633,2.965142210259075,0.5603065401094248,344.9939432581356,402.717147306545,11924.600309787747,0.386284382875972,0.07299402548676719,297.03774223581788,347.86961930466409,9676.535735989866,0.0,0.0,11.377732241953101,13.617632351215694,235.21583008825116,0.0,0.0,14.450876628969985,16.96064919518999,447.8621766014329,0.0,0.0,221.96386044844054,262.8955284230576,5931.2861702441109,0.0,0.0,47.24009869734598,55.35113951832714,1527.2413185677547,0.0,0.0,183.7647365938001,218.49614524998368,4524.52025282839,32.779914800901718,22.48279478799844,351.68876327245177,413.98185416474066,11403.40223077977,0.0,0.0,189.37515692702139,226.56189882860094,4014.063719994898,1190.8331935480849,21.54327618135283,32.41115890458789,21.5,30.0,0.0,21.18478929989817,40.78583451517788,21.0,30.0,1921.7537966408755,21.529681183523647,31.997151436125983,21.5,30.0,0.0,20.61458279889242,34.03343686926643,16.0,30.0,0.0,14.385825420042034,51.21535117568869,12.0,30.0,0.0,19.80265493482395,42.55850825760271,19.0,30.0,0.0,17.540237255653837,42.11211795613427,10.0,30.0,887.4074886648788,20.487747082468009,35.95257951463442,20.2,30.0,1046.9187415935986,16.487994379323604,45.32967620228712,16.5,30.0,0.0,18.89814200506023,0.0,0.0,0.0,14.599343241510454,0.0,0.0,693.1211366821863,1113.8057572602846,668.0447523686371,678.813143452273,715.3394862459371,1095.7433317290873,723.6790370208498,777.5838918613251,738.9795991951312,9884.735917996912,81.46882819550292,85.12235446271747,270.0,0.0,270.0,270.0,21.0,16.0,19.0,16.0,19.7,12.0,21.0,10.0,1.0,0.0,1190.8331935480849,0.0,1921.7537966408755,0.0,0.0,0.0,887.4074886648788,1046.9187415935986,5528.887392804137,3317332.435682482,4319604.74823278,81.46882819550292,85.1844034676096,0.3542962464268046,0.767985138463019,0.36028137401965956,85.1844034676096,0.3542647819438875,4319604.74823278,0.23597444690810455 
 02/28  20:00:00,4.04,87.0,1.77,0.0,0.0,0.0,0.0,1.0,2.0,0.0,0.0,4.0,0.0,0.0,0.0,741.0,0.0,0.0,0.0,0.0,0.0,0.0,0.0,0.0,0.0,0.0,0.0,20.538196510831385,-758.5191773649733,20.645833382640619,-151.70205974361199,20.852421896874199,-1720.0354475180814,19.623130786249204,439.60647240596497,14.302260313570344,47.46797769403808,18.481165589865435,-43.10228671200839,17.01574431564294,177.02545032281842,18.647860097592564,-250.25868563955189,16.307297860898808,-590.8392446468247,1102.990764726854,1410.522965144268,0.0,0.0,0.0,0.0,0.0,0.0,0.0,0.0,0.0,0.0,0.0,0.0,0.0,0.0,0.0,0.0,0.0,0.0,0.0,0.0,0.0,0.0,1.7178056849542128,0.5243607096929837,245.47542740740384,286.555373714604,8481.330855727698,0.237686247002221,0.03627689972561374,23.755586078012607,27.65782589438031,833.9120629526202,3.0023372931482816,0.5673350894082171,389.4238150182785,454.35396830864888,13535.18692891008,0.3906083601886581,0.07381110358818183,250.99911224504928,293.8672520397449,8249.578693443877,0.0,0.0,11.259546511198775,13.47460537847559,235.72853189382864,0.0,0.0,13.024925379921604,15.316201525256393,392.1210548226361,0.0,0.0,216.1780887298508,255.74951257048523,5883.5984871486029,0.0,0.0,46.19895454370052,54.14903306186334,1491.606520039429,0.0,0.0,177.2895682583679,210.72025002689089,4355.063619217149,32.99415417247323,22.629735372066717,395.48886721019019,465.18801973889847,12879.489056976146,0.0,0.0,182.84902834785965,218.6820246231071,3863.021419581431,1122.0933659147964,21.426985990735945,32.71079996047376,21.33333333333335,30.00000000000002,1062.4778045761432,21.578253399701646,40.48078121448525,21.666666666666687,30.00000000000002,2479.382334320745,21.508669703525098,31.995915008080247,21.666666666666687,30.00000000000002,0.0,20.56395921588433,34.382642275267048,16.000000000000015,30.00000000000002,0.0,14.397875572655133,51.45948218011059,12.00000000000001,30.00000000000002,0.0,19.185426527848358,44.63410432548862,19.000000000000015,30.00000000000002,0.0,17.667620532366017,41.80010551769286,10.000000000000007,30.00000000000002,818.2990232494758,20.355764048379617,36.36165445363491,20.03333333333335,30.00000000000002,0.0,16.291277758364303,46.04469273935301,16.000000000000015,30.00000000000002,0.0,19.02389818094963,0.0,0.0,0.0,14.473925984078605,0.0,0.0,698.1557213880487,1160.0127162079476,665.01691160655,692.1504521541781,725.3604623586967,1117.123615375388,725.02761365815,783.4304816828924,745.3994163121173,8865.317950599103,82.14289600701034,84.41602180795789,270.0000000000002,0.0,270.0000000000002,270.0000000000002,21.0,16.0,19.0,16.0,19.7,12.0,21.0,10.0,1.0,0.0,1122.0933659147964,1062.4778045761432,2479.382334320745,0.0,0.0,0.0,818.2990232494758,0.0,3440.1757312089346,2064105.4387253589,2686155.806889747,82.14289600701034,84.45462703031777,0.341339191040298,0.7657685426346831,0.3602813740196598,84.45462703031777,0.3542647819438878,2686155.806889747,0.15114010195826683 
 02/28  20:10:00,3.91,87.33333333333333,1.795,0.0,0.0,0.0,0.0,0.0,2.0,0.0,0.0,4.0,0.0,0.0,0.0,1729.0,0.0,0.0,0.0,0.0,0.0,0.0,0.0,0.0,0.0,0.0,0.0,20.52276305345074,-411.7870483124756,20.715615291195407,-161.20902241230679,20.869658219827785,-1451.4612379649448,19.69028615285456,421.06580811113818,14.309630552265988,43.7967454101827,18.81591552624256,-40.72237035232821,16.994153275770079,277.61286051459788,18.199860643029078,-164.43514028644965,16.480024292962797,-639.2108853937351,1093.9521095669869,1223.1902054028249,0.0,0.0,0.0,0.0,0.0,0.0,0.0,0.0,0.0,0.0,0.0,0.0,0.0,0.0,0.0,0.0,0.0,0.0,0.0,0.0,0.0,0.0,1.7600047849145424,0.537241997837162,167.68930990860967,196.0600879101932,5790.338771082206,0.2172536172014764,0.03315836648374182,29.440357472404778,34.347498857851977,1036.2547521858608,3.102903731554396,0.586338573611942,346.9713612441796,405.56631830405567,12192.157617648347,0.3932826604950598,0.07431645134071421,290.1479179892078,340.22622944203308,9623.076684675021,0.0,0.0,10.96180478569185,13.127551883244605,232.4019369969942,0.0,0.0,13.096405319487126,15.384353724200939,410.2402848187542,0.0,0.0,194.1364192918645,229.976990528944,5315.686150482897,0.0,0.0,39.46197190186168,46.425969890970367,1232.9301443645559,0.0,0.0,152.72730492147907,181.544298128656,3899.8888462878696,33.361437243992877,22.88164420026947,349.56216799780875,411.9706646630988,11594.96058291962,0.0,0.0,157.63919778459673,188.89946594770465,3321.071770745289,529.2234909969765,21.278678022281797,33.37467560373995,21.285714285714286,29.999999999999994,0.0,21.673405641466134,39.23899181322314,21.0,29.999999999999994,1936.154142904819,21.570273199370538,31.965580856462546,21.57142857142857,29.999999999999994,0.0,20.676211521660965,33.86561746807599,16.0,29.999999999999994,0.0,14.400251251264102,51.701261225348009,12.0,29.999999999999994,756.6874024784557,19.69336496721575,43.80038206985146,19.42857142857143,29.999999999999994,0.0,17.62726769790339,42.18966200689175,10.0,29.999999999999994,0.0,19.580393155882495,37.56215798000821,12.0,29.999999999999994,1182.8239839494489,16.70186613363154,44.95089974017808,16.57142857142857,29.999999999999994,0.0,19.03674180656336,0.0,0.0,0.0,14.266315074856858,0.0,0.0,719.971901596417,1096.7560964693685,672.3366609039157,677.8935163537592,734.7488961819341,1154.0478750352314,737.7287133393412,750.4545416663652,748.9897609676281,10019.751584904134,81.379524355117,84.60477395041872,570.0,0.0,570.0,570.0,21.0,16.0,19.0,16.0,12.0,12.0,21.0,10.0,1.0,0.0,529.2234909969765,0.0,1936.154142904819,0.0,756.6874024784557,0.0,0.0,1182.8239839494489,4880.62776993937,2928376.6619636227,3804673.7229839984,81.379524355117,84.6595493956408,0.3569733066170267,0.7693084509996673,0.3602813740196596,84.6595493956408,0.35426478194388746,3804673.7229839984,0.22225803359516795 
 02/28  20:20:00,3.7800000000000004,87.66666666666667,1.82,0.0,0.0,0.0,0.0,0.0,2.0,0.0,0.0,4.0,0.0,0.0,0.0,1978.0,0.0,0.0,0.0,0.0,0.0,0.0,0.0,0.0,0.0,0.0,0.0,20.627202379951997,-741.0029708035081,20.427449711380598,-99.64354005393459,20.87629880428995,-1265.9713498852873,19.655458232562649,460.0133136395856,14.319530122899334,49.62313714780389,18.78367233770321,-64.09611940622693,17.082059221597029,162.2828975125251,17.45416725520578,-53.22079217184499,16.353700900626735,-654.5370910923773,1078.4614882813303,1389.1569435735076,0.0,0.0,0.0,0.0,0.0,0.0,0.0,0.0,0.0,0.0,0.0,0.0,0.0,0.0,0.0,0.0,0.0,0.0,0.0,0.0,0.0,0.0,1.7349932189133588,0.5296072096805125,141.84536501496587,165.73817410755877,5012.318320005506,0.2756409245883293,0.042069738185031946,18.614667843275649,21.74645367012473,650.2626460407192,3.169827077243342,0.5989847084737988,297.9632249061669,348.37016902933166,10570.108848363041,0.40827211725152015,0.07714892616241875,305.63826082709877,358.48412757519159,10183.12803297176,0.0,0.0,11.649427661563623,13.952446128975291,250.2448270460743,0.0,0.0,14.35997452280929,16.878811671462868,450.8448592373813,0.0,0.0,238.6463891470731,282.4786682423587,6659.190646224249,0.0,0.0,25.09104802528465,29.65122305825565,729.5364587842844,0.0,0.0,187.17349832736373,222.70329401525673,4677.483908241487,33.67520589815862,23.096849038517587,310.0664717803803,365.8750807630944,10314.663845058136,0.0,0.0,190.68514682280768,228.41032517297348,4058.1865375900936,1124.0936869712749,21.532507961939119,32.4767167072019,21.625,30.0,0.0,21.256827276076849,40.84675123640359,21.0,30.0,1662.542620132579,21.550865045442657,31.87672984058586,21.5,30.0,0.0,20.619991214756145,33.922657115916447,16.0,30.0,0.0,14.409571027248012,51.83429598034232,12.0,30.0,0.0,19.600743802059264,44.25057321359898,19.0,30.0,0.0,17.756173259688468,41.77345110931402,10.0,30.0,0.0,18.332299988287816,40.42041981477985,12.0,30.0,409.5151755976238,16.240639993401229,46.32066355516152,16.125,30.0,0.0,18.820822180027876,0.0,0.0,0.0,14.28418140526474,0.0,0.0,699.4536885121243,1128.560894226758,667.3367947907898,676.4203856031983,740.6206761984532,1164.3586579326828,735.1154662897202,741.3710929242421,750.725368938362,7108.703688048417,81.66988269707876,83.40842670358336,570.0,0.0,570.0,570.0,21.0,16.0,19.0,16.0,12.0,12.0,21.0,10.0,1.0,0.0,1124.0936869712749,0.0,1662.542620132579,0.0,0.0,0.0,0.0,409.5151755976238,2631.0815796969316,1578648.9478181587,2046882.6405081514,81.66988269707876,83.43795295238383,0.2577027193232311,0.5592597728923591,0.27021103051474468,83.43795295238383,0.2656985864579156,2046882.6405081514,0.13085289730642386 
 02/28  20:30:00,3.65,88.0,1.845,0.0,0.0,0.0,0.0,0.0,2.0,0.0,0.0,4.0,0.0,0.0,0.0,2232.0,0.0,0.0,0.0,0.0,0.0,0.0,0.0,0.0,0.0,0.0,0.0,20.6352626346622,-789.4106957011784,20.603020865634745,-111.80376197075819,20.87162458526128,-1272.4026876705748,19.64908711205255,490.9930194913418,14.333053075339592,49.50382965089082,18.585156342359526,-48.90617238789961,17.137549333802477,321.4747020140318,16.96895501302112,-43.23587102819371,16.658868839590704,-692.7213620899718,1091.2855291446516,1226.8318780346149,0.0,0.0,0.0,0.0,0.0,0.0,0.0,0.0,0.0,0.0,0.0,0.0,0.0,0.0,0.0,0.0,0.0,0.0,0.0,0.0,0.0,0.0,1.7567210008311523,0.536239621743331,153.89996835637374,179.83088813755087,5472.3436567332059,0.281138528306284,0.042908810791557377,19.718771059634734,22.998912670847873,701.0799397573588,3.1997929512409728,0.6046471941120508,301.3018030694626,352.3073972404854,10766.143501589951,0.4144498703554564,0.07831630203239912,309.36731504957387,362.92105739548927,10378.493821414037,0.0,0.0,11.928796107899173,14.288233269564694,259.7302434010185,0.0,0.0,14.344721772047814,16.883668359294665,444.9442477194804,0.0,0.0,212.500361710919,251.46900356959166,6032.4048982181989,0.0,0.0,13.692640187778262,16.22523453850842,380.8096567507803,0.0,0.0,152.38749113793583,181.05289315097094,3980.876265076949,33.94311357669927,23.280599160973435,312.9357511781029,369.3220367473905,10482.316042820692,0.0,0.0,158.49973700276494,190.0028483591123,3354.0628044897446,1195.5391331197118,21.531170616345557,32.29233532173031,21.666666666666658,29.99999999999999,897.6318771429725,21.292612464626396,41.831440394302109,21.444444444444437,29.99999999999999,1651.1033554828724,21.534719737339189,31.795232130318877,21.444444444444437,29.99999999999999,0.0,20.60877437433559,33.829378537413457,15.999999999999993,29.99999999999999,0.0,14.424931636247039,51.76749373192537,11.999999999999997,29.99999999999999,0.0,19.2612434436017,45.015347529397818,18.999999999999994,29.99999999999999,0.0,17.874473994082245,41.178205206578507,9.999999999999997,29.99999999999999,0.0,17.551217927403515,42.40667776625603,11.999999999999997,29.99999999999999,674.2795799384057,16.716310066089645,44.73711749421484,16.33333333333333,29.99999999999999,0.0,18.79442517441602,0.0,0.0,0.0,14.056530160794133,0.0,0.0,691.7417677861421,1199.2015855325622,663.7198580572473,672.8504429794028,740.1416800544632,1154.6917612985408,722.9553879763837,739.7270280692346,742.3285144526484,10028.307933840777,81.37395957233382,84.49197445580761,569.9999999999998,0.0,569.9999999999998,569.9999999999998,21.0,16.0,19.0,16.0,12.0,12.0,21.0,10.0,1.0,0.0,1195.5391331197118,897.6318771429725,1651.1033554828724,0.0,0.0,0.0,0.0,674.2795799384057,4718.704375837344,2831222.6255024068,3678275.681010649,81.37395957233382,84.54492869962803,0.3461790347501337,0.7685344766439911,0.36028137401965945,84.54492869962803,0.3542647819438874,3678275.681010649,0.21568533541255376 
 02/28  20:40:00,3.5199999999999997,88.33333333333333,1.8699999999999999,0.0,0.0,0.0,0.0,0.0,2.0,0.0,0.0,4.0,0.0,0.0,0.0,1984.0,0.0,0.0,0.0,0.0,0.0,0.0,0.0,0.0,0.0,0.0,0.0,20.64194950100501,-700.0679167349279,20.82284902997171,-171.9475131870512,20.69238237381388,-1387.283388066091,19.662920531839679,548.6803348607559,14.344070801423462,47.997133778333537,18.62976156454397,-40.28159390009838,17.140519700764697,220.10556679975779,16.572221079760998,-82.86296508618537,16.379427143741844,-615.230947977056,1117.3582259955074,1332.7799037725709,0.0,0.0,0.0,0.0,0.0,0.0,0.0,0.0,0.0,0.0,0.0,0.0,0.0,0.0,0.0,0.0,0.0,0.0,0.0,0.0,0.0,0.0,1.8154858749973344,0.5541776175205539,134.80096544213314,157.5419720634527,4850.418013221072,0.23847701865120467,0.03639759136923149,27.453747060321587,32.0118511536287,996.128477942937,3.293580436177203,0.6223696969344681,307.6555293715439,359.636881782391,11074.143413731772,0.4301403930521059,0.0812812534112067,327.9779057513368,384.6692300161889,11095.611460651728,0.0,0.0,11.40464647431428,13.658514856112497,251.56587291033197,0.0,0.0,13.258750720609527,15.612637238884093,410.2254562344747,0.0,0.0,235.1636589659907,278.39277370743079,6712.733852170328,0.0,0.0,18.212001939754417,21.61290349491206,487.98725557594715,0.0,0.0,168.31501014514073,200.25724763172918,4346.369590322098,34.33293143569412,23.547963947664024,324.87551830102196,383.3258808833455,10956.40713903039,0.0,0.0,182.99589033378437,219.32617059321485,3975.487903709348,1111.6612509808907,21.56202499758733,32.7035578935454,21.625000000000008,30.00000000000001,160.41344120076105,21.818313310099204,39.676571342231117,21.250000000000008,30.00000000000001,1474.2320244009316,21.54819181150627,31.744007318469195,21.500000000000008,30.00000000000001,0.0,20.627508116274585,33.81154630992259,16.000000000000008,30.00000000000001,0.0,14.436010588097912,51.68551556225235,12.000000000000004,30.00000000000001,0.0,19.085346644772004,45.55579280703224,19.000000000000008,30.00000000000001,0.0,17.821604353435288,41.402973037154769,10.000000000000004,30.00000000000001,0.0,16.933560448345025,44.03315082130786,12.000000000000004,30.00000000000001,1057.8957850833936,16.446808994060406,45.3529070624784,16.500000000000008,30.00000000000001,0.0,18.833750596767997,0.0,0.0,0.0,14.226058747171328,0.0,0.0,721.3717720491591,1149.6744832017294,665.5389437391805,677.0890818227582,739.3713112492967,1162.9688242485118,728.7004330085284,738.1455248399179,736.3286862580891,10006.801976160326,81.38819826352455,83.12354288788461,570.0000000000002,0.0,570.0000000000002,570.0000000000002,21.0,16.0,19.0,16.0,12.0,12.0,21.0,10.0,1.0,0.0,1111.6612509808907,160.41344120076105,1474.2320244009316,0.0,0.0,0.0,0.0,1057.8957850833936,2626.2444504461047,1575746.6702676605,2060400.6952585569,81.38819826352455,83.15301480055504,0.3425414816815368,0.7689569553478823,0.36028137401965967,83.15301480055504,0.35426478194388769,2060400.6952585569,0.13155583615344497 
 02/28  20:50:00,3.39,88.66666666666667,1.895,0.0,0.0,0.0,0.0,0.0,2.0,0.0,0.0,4.0,0.0,0.0,0.0,992.0,0.0,0.0,0.0,0.0,0.0,0.0,0.0,0.0,0.0,0.0,0.0,20.62771905816318,-961.5659018748256,20.51979226038207,-94.59658650080638,20.960148918750478,-1369.7289660032698,19.73103240293196,594.6217153730431,14.355204744031927,52.28671117716051,18.856164079352419,-71.84555953679099,17.198283124036715,250.21954939209059,16.21169206178807,-112.20103287958821,16.218137810020175,-604.4299366123146,1183.8584737433012,1442.5941449763676,0.0,0.0,0.0,0.0,0.0,0.0,0.0,0.0,0.0,0.0,0.0,0.0,0.0,0.0,0.0,0.0,0.0,0.0,0.0,0.0,0.0,0.0,1.8059814689179499,0.5512763946635989,232.20794626942726,271.0443326337545,8415.825415004772,0.2990512099093843,0.04564273655515634,18.428308554395416,21.532423947202014,663.4307824503396,3.2719879437755159,0.6182894829507779,367.4974674190263,429.11241720420068,13400.82273329913,0.4392115191098358,0.08299537398145043,348.28473662863646,408.0424279112098,11943.11482095656,0.0,0.0,12.15605428804547,14.548022758289198,271.66188734684189,0.0,0.0,14.776339272739435,17.34578343738756,478.323858683709,0.0,0.0,248.68305060068284,294.06314109535398,7210.008424278948,0.0,0.0,25.890450163004414,30.773429404808377,674.3868635363602,0.0,0.0,168.78002999887605,200.69165112810868,4372.670945750317,34.74451264638467,23.830255587369469,373.93195145167467,440.50508811850508,12782.665825800408,0.0,0.0,192.59597558342623,230.65096206840338,4227.032023961427,1295.00419888508,21.697844365588197,31.885865029838067,21.75,30.0,0.0,21.347812295258387,40.86435702468317,21.0,30.0,1996.8171235181317,21.718447788881226,31.46900754219489,21.5,30.0,0.0,20.734220354949643,33.56410350423746,16.0,30.0,0.0,14.448395765791507,51.60402518140641,12.0,30.0,833.4494564225062,19.662353817614127,43.820209768557898,19.75,30.0,0.0,17.914395891247744,41.056480733840789,10.0,30.0,0.0,16.385580154276349,45.57586302545543,12.0,30.0,9.026974952851102,16.312029491348619,45.7651483065627,16.0,30.0,0.0,19.10728417280884,0.0,0.0,0.0,14.214250852579888,0.0,0.0,691.4533713136509,1149.722989174199,670.5486943669357,677.6106821937817,738.7513446974331,1161.8165568316948,725.0453125839357,739.1577245860332,738.7203370025953,10763.103577304399,80.88782131313738,84.8716720039374,570.0,0.0,570.0,570.0,21.0,16.0,19.0,16.0,12.0,12.0,21.0,10.0,1.0,0.0,1295.00419888508,0.0,1996.8171235181317,0.0,833.4494564225062,0.0,0.0,9.026974952851102,6028.13609879491,3616881.6592769457,4726544.924874917,80.88782131313738,84.93933101414385,0.37093786995983038,0.76685172567864,0.36028137401965956,84.93933101414385,0.3542647819438875,4726544.924874917,0.2701320027601624 
 02/28  21:00:00,3.26,89.0,1.92,0.0,0.0,0.0,0.0,0.0,2.0,0.0,0.0,4.0,0.0,0.0,0.0,992.0,0.0,0.0,0.0,0.0,0.0,0.0,0.0,0.0,0.0,0.0,0.0,20.772376691076525,-987.7699860287455,20.333812819059007,-94.05153560643085,20.91923716401101,-1454.7997039223283,19.701865853974977,471.76789094474227,14.365027364998703,47.02605927094653,18.90411331021001,-56.20218224372739,17.2724350261302,290.4821886051891,15.905942479690563,-146.45098171146564,16.543631499433269,-511.88766746874117,1137.6643192550828,1178.2415291210769,0.0,0.0,0.0,0.0,0.0,0.0,0.0,0.0,0.0,0.0,0.0,0.0,0.0,0.0,0.0,0.0,0.0,0.0,0.0,0.0,0.0,0.0,1.8249219304341289,0.5570579763229941,218.45556957801856,255.02550900519516,7996.651696994004,0.30590768162926609,0.04668920659787334,18.2170056214923,21.30197687475642,650.9122451667488,3.2375805734533444,0.6117877122927713,338.8162981035489,395.5813633552613,12352.882967498595,0.42348521217589926,0.08002366065304216,312.3263787500049,365.8807170360184,10738.03872772881,0.0,0.0,11.86261728457503,14.196755976487733,268.4171395719005,0.0,0.0,13.960154918869778,16.389339669147274,455.572339152896,0.0,0.0,202.54906227191874,239.34662755641717,5972.19101312665,0.0,0.0,37.1908697959844,44.28309696235619,946.9483395463925,0.0,0.0,117.49878945563944,139.43332467690483,3170.817794839521,34.70080044438416,23.800274653212733,342.17618005238219,403.1840417815346,11724.306668851164,0.0,0.0,146.78692207664114,175.84159402800788,3202.875424227301,1734.4933840887216,21.69803976773636,31.824697161375089,22.0,30.0,10.589844199247203,21.06471498770724,42.40107451007497,21.0,30.0,1980.5342804417335,21.56026611185306,31.706464903199863,21.5,30.0,0.0,20.625278232062148,33.573717640463929,16.0,30.0,0.0,14.45700988836685,51.435669741170027,12.0,30.0,0.0,19.72039787709939,43.5833587711669,19.0,30.0,0.0,18.034872158326136,40.67149994107091,10.0,30.0,0.0,15.9322793008479,46.84968826532381,12.0,30.0,936.9165317883891,16.783208580062515,44.352039179213978,16.5,30.0,0.0,18.788207415496826,0.0,0.0,0.0,13.913161553124569,0.0,0.0,692.77934421601,1203.675632984613,670.8970990995479,670.6714989721382,734.6264509538696,1154.3860138139876,724.4284626651629,739.2285000282366,738.348717418434,10812.906542431152,80.85490765164946,86.51718424493252,570.0,0.0,570.0,570.0,21.0,16.0,19.0,16.0,12.0,12.0,21.0,10.0,1.0,0.0,1734.4933840887216,10.589844199247203,1980.5342804417335,0.0,0.0,0.0,0.0,936.9165317883891,8568.395562013464,5141037.337208078,6717491.328666451,80.85490765164946,86.61334849895474,0.37061318540044888,0.7646875205704192,0.36028137401965956,86.61334849895474,0.3542647819438875,6717491.328666451,0.3735978824239888 
 02/28  21:10:00,3.086666666666667,89.16666666666667,1.995,0.0,0.0,0.0,0.0,0.0,2.0,0.0,0.0,4.0,0.0,0.0,0.0,992.0,0.0,0.0,0.0,0.0,0.0,0.0,0.0,0.0,0.0,0.0,0.0,20.757674119824139,-917.8013372855355,20.817412718844076,-229.69205442994829,20.933222672867008,-1480.9302779005435,19.700562516949949,422.02104398070289,14.374587378025016,47.63205485546416,18.708514841527909,-37.8114350004479,17.097371270638516,67.38524833525571,15.685171439554832,-89.56512480116635,16.38373713986254,-563.2952979022416,1150.4187197770889,1460.8319690493639,0.0,0.0,0.0,0.0,0.0,0.0,0.0,0.0,0.0,0.0,0.0,0.0,0.0,0.0,0.0,0.0,0.0,0.0,0.0,0.0,0.0,0.0,1.9313825093672348,0.5895551005394489,251.73660988143628,293.84355349069969,9255.136761138046,0.20915167391217105,0.031921806152651267,34.92161048705544,40.73768255173604,1294.2342801009775,3.4054729810061525,0.64351341288854,345.73640997578277,403.6793521336906,12701.70574253174,0.4316576536793505,0.08156796176858473,299.6117958272489,350.980340403903,10391.392728792938,0.0,0.0,11.09343037769204,13.275638740163612,255.10704733245053,0.0,0.0,14.306056674774169,16.814676486961426,463.2754965002514,0.0,0.0,259.5708157480269,307.3134464278643,7541.091517068237,0.0,0.0,35.512595442121767,42.33424092679722,897.331272960321,0.0,0.0,178.70764143188237,212.58315829633464,4728.85174961919,35.04711875176693,24.0378043564931,357.18873738973277,420.763389440099,12371.36152485996,0.0,0.0,210.04388338119214,251.55094466543717,4776.745685461199,1258.8274729879668,21.565795844491324,32.62009123688306,21.5,30.0,1101.018777905996,21.847114480397069,38.503670087778647,21.75,30.0,1972.5481193686836,21.527826977598609,32.03437389787656,21.5,30.0,0.0,20.59969031936233,34.032115651099008,16.0,30.0,0.0,14.46717319606041,51.45164012118756,12.0,30.0,0.0,19.396488896671845,45.01027429542391,19.0,30.0,0.0,17.626960315433629,41.822171025717029,10.0,30.0,0.0,15.643363744891428,47.59925521677318,12.0,30.0,822.4829022568667,16.27232049633971,45.67003683783746,16.25,30.0,0.0,18.7462982162304,0.0,0.0,0.0,14.314603554067118,0.0,0.0,730.3667254076255,1106.0129890012129,693.6795522301243,698.3134570799218,739.6917564012309,1180.1928220072546,732.9801341206962,737.1383164706434,735.5116330968228,10996.444578732484,80.73353190330467,84.68900381474936,570.0,0.0,570.0,570.0,21.0,16.0,19.0,16.0,12.0,12.0,21.0,10.0,1.0,0.0,1258.8274729879668,1101.018777905996,1972.5481193686836,0.0,0.0,0.0,0.0,822.4829022568667,5985.258113328589,3591154.8679971538,4668809.147011103,80.73353190330467,84.75618085907127,0.3695086037776197,0.7674644235541884,0.36028137401965956,84.75618085907127,0.3542647819438875,4668809.147011103,0.26700307564457739 
 02/28  21:20:00,2.913333333333333,89.33333333333334,2.0700000000000005,0.0,0.0,0.0,0.0,0.0,2.0,0.0,0.0,4.0,0.0,0.0,0.0,992.0,0.0,0.0,0.0,0.0,0.0,0.0,0.0,0.0,0.0,0.0,0.0,20.672326598214626,-724.3053372830036,20.653037624457089,-149.4863589955076,20.671776257891535,-1545.1078899487712,19.704614643872,493.4903875131022,14.380381088253604,44.93982901102399,18.564427882883927,-31.063801866021096,17.195634051925283,276.97506538738937,15.4959131365633,-133.76982240815279,16.567471610157335,-574.6079301105049,1225.4094203481257,1311.57409304461,0.0,0.0,0.0,0.0,0.0,0.0,0.0,0.0,0.0,0.0,0.0,0.0,0.0,0.0,0.0,0.0,0.0,0.0,0.0,0.0,0.0,0.0,1.9162824396433016,0.5849457996469175,258.9728699575868,302.76406421765389,9448.274023209204,0.2745391111977741,0.04190157374813402,25.57576538574187,29.850935588400405,948.2353565360946,3.3623304345062658,0.635361004252885,411.29276271884899,480.17134812018227,15191.943190665526,0.431272269778491,0.08149513790220917,303.9087046874761,355.98781994582677,10647.460840611173,0.0,0.0,11.435217487492807,13.686613257772754,267.02311526852136,0.0,0.0,12.833740816867927,15.097923463167302,414.4790001377519,0.0,0.0,217.10887272152693,256.81977329102576,6478.345924187581,0.0,0.0,44.758737879212379,53.40296564558113,1124.2934630071177,0.0,0.0,128.17648134555894,152.17339052046698,3561.146474592102,35.30793222198575,24.21668876679407,406.5083735216456,478.44490859914898,14245.739002698421,0.0,0.0,162.82452866446443,195.17669178527397,3663.3186788905998,801.6684195481752,21.364480531824733,32.558865461111867,21.5,30.0,0.0,21.536156007046935,39.082582819466008,21.0,30.0,1820.493912325251,21.480860537524778,31.951067579845075,21.5,30.0,0.0,20.601851656763473,33.96700496307613,16.0,30.0,0.0,14.470090030983414,51.39693094770822,12.0,30.0,0.0,19.164143051411796,45.608489087049637,19.0,30.0,0.0,17.86599579413148,41.06490355554578,10.0,30.0,0.0,15.384745271801389,48.44336166876662,12.0,30.0,467.6153260343946,16.794293052964034,44.24551979735457,16.5,30.0,0.0,18.99627023665312,0.0,0.0,0.0,13.997025695748743,0.0,0.0,710.2750244130209,1095.8931085199216,689.2048187487864,700.8543708049854,741.4679695361633,1183.4202873174464,732.4466006729692,743.7101670349908,743.2209272381289,9162.116105102305,81.94653347708017,85.59621615872656,570.0,0.0,570.0,570.0,21.0,16.0,19.0,16.0,12.0,12.0,21.0,10.0,1.0,0.0,801.6684195481752,0.0,1820.493912325251,0.0,0.0,0.0,0.0,467.6153260343946,5523.0881972220099,3313852.918333206,4322591.103264446,81.94653347708017,85.65819988677593,0.3541029399074003,0.7669412751859268,0.36028137401965956,85.65819988677593,0.3542647819438875,4322591.103264446,0.24877807070308456 
 02/28  21:30:00,2.74,89.5,2.145,0.0,0.0,0.0,0.0,0.0,2.0,0.0,0.0,4.0,0.0,0.0,0.0,1488.0,0.0,0.0,0.0,0.0,0.0,0.0,0.0,0.0,0.0,0.0,0.0,20.6754164824116,-500.15215099997615,20.445405203521287,-86.55792996880894,20.940061934516863,-1871.5836940095347,19.802366941842089,500.194196829331,14.38529665038988,48.456867696190197,18.79332781540421,-62.08915252571761,17.138064508109687,173.60341464474869,15.351631882410754,-91.25746694430937,16.44970318499596,-571.0144154400683,1250.1821982036184,1423.7264077145406,0.0,0.0,0.0,0.0,0.0,0.0,0.0,0.0,0.0,0.0,0.0,0.0,0.0,0.0,0.0,0.0,0.0,0.0,0.0,0.0,0.0,0.0,1.9340342779928264,0.5903645537218645,205.15045217259954,239.7674302473583,7621.722595333416,0.32212267925421247,0.049164023085197298,17.714225576537083,20.72411406528444,657.0966105205157,3.2640048865963937,0.6167809687445951,401.2961457970704,468.76562866585427,15143.884179153398,0.430067669270999,0.08126751120011323,323.6537795613727,379.2521270649412,11531.3377551152,0.0,0.0,11.859640510396439,14.19694790958702,281.13936424509429,0.0,0.0,14.683879883254602,17.25890812963715,486.99984296649566,0.0,0.0,250.28465921259,296.31125139559398,7485.17923709518,0.0,0.0,41.98622384259989,50.13933181970823,1055.569881348685,0.0,0.0,160.17891974203608,190.53951997754084,4370.527903363998,35.67254219896886,24.466764196823669,389.93582355168226,459.532943331014,13862.584628835588,0.0,0.0,194.70085508752752,233.36976266376025,4498.082886086225,911.5005263765579,21.440846233206935,32.198359102136098,21.500000000000019,30.00000000000002,0.0,21.200903229595928,40.64870074844632,21.000000000000019,30.00000000000002,2537.023345378733,21.712769242287984,31.248309439249679,21.666666666666687,30.00000000000002,0.0,20.763213356277804,33.32954052281049,16.00000000000001,30.00000000000002,0.0,14.472828372643953,51.3087160595276,12.00000000000001,30.00000000000002,735.3740039492444,19.397400070648439,44.80128206498844,19.33333333333335,30.00000000000002,0.0,17.720944687745594,41.29263998651644,10.000000000000007,30.00000000000002,0.0,15.217361584120042,48.839658515014338,12.00000000000001,30.00000000000002,936.65337275358,16.35639654291078,45.374518661594169,16.333333333333348,30.00000000000002,0.0,19.107914647516158,0.0,0.0,0.0,14.140119193553045,0.0,0.0,702.1939313064765,1139.9836506758268,680.7186983094352,690.2360287822472,741.9824199696427,1182.8080022426919,729.2822716255598,742.6380159726659,741.7241034636987,9483.695875007652,81.73410448374419,82.89503599341879,570.0000000000005,0.0,570.0000000000005,570.0000000000005,21.0,16.0,19.0,16.0,12.0,12.0,21.0,10.0,1.0,0.0,911.5005263765579,0.0,2537.023345378733,0.0,735.3740039492444,0.0,0.0,936.65337275358,1756.930293828001,1054158.1762967997,1364327.6369932239,81.73410448374419,82.91475246448118,0.34189767646093358,0.7684980584730509,0.3602813740196598,82.91475246448118,0.3542647819438878,1364327.6369932239,0.09472670379031433 
 02/28  21:40:00,2.5666666666666666,89.66666666666667,2.22,0.0,0.0,0.0,0.0,0.0,2.0,0.0,0.0,4.0,0.0,0.0,0.0,496.0,0.0,0.0,0.0,0.0,0.0,0.0,0.0,0.0,0.0,0.0,0.0,20.708540504907945,-1021.1222340678392,20.710499375598365,-98.86837359751149,20.64866837716371,-883.9077117804791,19.654155347228838,93.03497287336245,14.39598864817004,49.250571036565307,18.927887911493394,-74.06891166958829,17.178098931368969,210.46148654312584,15.240215560849386,-87.79840180908775,16.34297482721678,-533.6123699237646,1262.8242889799286,1428.985738580951,0.0,0.0,0.0,0.0,0.0,0.0,0.0,0.0,0.0,0.0,0.0,0.0,0.0,0.0,0.0,0.0,0.0,0.0,0.0,0.0,0.0,0.0,1.8987733307930912,0.57960113882573,263.69838777039049,307.64228340119458,9834.202422373673,0.31893844172264676,0.04867802834594731,17.058247807788314,19.86801836670496,649.9681081174708,3.692301955655015,0.6977138994057099,406.4594721762586,474.77818903921266,15135.046105608344,0.4263092979426677,0.08055731253640733,210.640053106062,246.8891524559313,7516.356834560976,0.0,0.0,12.136547300594595,14.509112511486653,292.3207251068669,0.0,0.0,14.563444975763844,17.081445098562278,494.18970430111588,0.0,0.0,248.14749787306375,293.31000474058387,7546.256221323766,0.0,0.0,44.281480222737979,52.824745771325549,1118.1528771314802,0.0,0.0,154.2891574490975,183.3220736993407,4248.368626859996,35.81537108100159,24.564726393005217,388.11260873438848,456.85739114098547,13850.997019830496,0.0,0.0,190.2397105151117,227.77679417180696,4432.959661660507,1448.9091778260982,21.475533481625925,32.00097876229035,21.5,30.0,939.9903699518812,21.533427728717947,41.479322408266799,21.5,30.0,1558.5101792171104,21.263139970500114,32.31292089724788,21.5,30.0,0.0,20.45089796893312,33.96483261415817,16.0,30.0,0.0,14.486632793035679,51.0685029437324,12.0,30.0,0.0,19.67233358518,43.47103034453298,19.0,30.0,0.0,17.795865440018419,41.06412164493805,10.0,30.0,0.0,15.091594688866034,49.16070023631396,12.0,30.0,0.0,16.278980663156085,45.51584432865799,16.0,30.0,0.0,19.029053823872127,0.0,0.0,0.0,14.067983234961547,0.0,0.0,699.4703340252013,1246.0445983171572,691.4450197709683,692.4422006504472,738.1160971436327,1150.6334292349507,729.7127139759175,742.8490825123539,741.163788060439,8732.521519326194,82.23085528487826,82.23085528487826,570.0,0.0,570.0,570.0,21.0,16.0,19.0,16.0,12.0,12.0,21.0,10.0,1.0,0.0,1448.9091778260982,939.9903699518812,1558.5101792171104,0.0,0.0,0.0,0.0,0.0,0.0,0.0,0.0,82.23085528487826,82.23085528487826,0.34,0.7716152231365832,0.36028137401965956,82.23085528487826,0.3542647819438875,0.0,0.023559999999999999 
 02/28  21:50:00,2.3933333333333337,89.83333333333333,2.295,0.0,0.0,0.0,0.0,0.0,2.0,0.0,0.0,4.0,0.0,0.0,0.0,744.0,0.0,0.0,0.0,0.0,0.0,0.0,0.0,0.0,0.0,0.0,0.0,20.726908167329389,-1437.9179121193593,20.79063509211928,-193.38292367471636,20.76201132282371,-598.3824145360879,19.511046507233638,449.9320816223023,14.401805635012402,46.8642896616012,18.724827414981975,-41.82947297816652,17.156981567835829,201.2821522769235,15.153979416457549,-76.28334544187047,16.476272726803125,-585.5480776018311,1142.0294204772718,1376.9419172639524,0.0,0.0,0.0,0.0,0.0,0.0,0.0,0.0,0.0,0.0,0.0,0.0,0.0,0.0,0.0,0.0,0.0,0.0,0.0,0.0,0.0,0.0,1.9489736887217535,0.5949248134071291,264.1048709552737,308.4110188324518,9997.282176987757,0.2541915619701364,0.038796025941718059,31.05809470831489,36.20759461508084,1187.6215723913443,3.717091214049463,0.7023981885958932,291.4480870561951,340.6322164363017,11039.381627343537,0.4642085437345448,0.08771892360819067,313.7903588897979,368.1042054225096,11111.33810822016,0.0,0.0,11.503323901334938,13.76179213749408,281.16450322647008,0.0,0.0,13.771879675965569,16.18463855545839,464.82546484731247,0.0,0.0,238.3611289259788,282.10548009068239,7293.92893822163,0.0,0.0,45.72060782502939,54.5964437168945,1162.9447274467357,0.0,0.0,146.82413774980916,174.46026148997493,4187.054565956458,36.037175889630777,24.716855891379159,310.73151880869798,366.79884678011475,11093.375691432633,0.0,0.0,183.0559464286991,219.43027695201949,4325.056901352042,1821.4677442436806,21.49573072495027,32.0024559881593,22.000000000000019,30.00000000000002,0.0,21.660648049549196,39.71546643159243,21.000000000000015,30.00000000000002,1049.5006551402315,21.423785903610186,31.89088586296221,21.33333333333335,30.00000000000002,0.0,20.27277054068055,34.4294556767628,16.000000000000015,30.00000000000002,0.0,14.491376139532618,51.0368574230816,12.00000000000001,30.00000000000002,0.0,19.3879365560226,44.45314620864353,19.000000000000015,30.00000000000002,0.0,17.734378739319607,41.071979114662727,10.000000000000007,30.00000000000002,0.0,15.007258769358652,49.325172785726397,12.00000000000001,30.00000000000002,1195.8341117323317,16.659753255633505,44.35635098887681,16.66666666666668,30.00000000000002,0.0,18.474572215795435,0.0,0.0,0.0,13.969228712873765,0.0,0.0,707.5359954112893,1158.5903115743236,692.7220234699578,700.3918953261969,740.4876832828759,1161.741307369932,727.5159360516074,741.3642804111593,739.8140776763006,11262.852793550144,80.5573950597749,85.66484847834295,570.0000000000005,0.0,570.0000000000005,570.0000000000005,21.0,16.0,19.0,16.0,12.0,12.0,21.0,10.0,1.0,0.0,1821.4677442436806,0.0,1049.5006551402315,0.0,0.0,0.0,0.0,1195.8341117323317,7728.7303738416489,4637238.224304985,6028499.23850078,80.5573950597749,85.75158999297197,0.37095767912805507,0.7691117180181664,0.3602813740196598,85.75158999297197,0.3542647819438878,6028499.23850078,0.3368519604020406 
 02/28  22:00:00,2.22,90.0,2.37,0.0,0.0,0.0,0.0,0.0,2.0,0.0,0.0,4.0,0.0,0.0,0.0,992.0,0.0,0.0,0.0,0.0,0.0,0.0,0.0,0.0,0.0,0.0,0.0,20.77630037224276,-1135.6955422498834,20.50262860893934,-138.92722574928383,20.931220226134305,-1656.3656139856858,19.583322865209575,600.9134383018554,14.404709674890747,45.64093965314794,18.588749444513178,-41.559617804866977,17.275997062137745,232.70748556543755,15.056336007474549,-114.71606710162956,16.59079690450278,-607.6183206937632,1227.8346361050076,1413.0291494490999,0.0,0.0,0.0,0.0,0.0,0.0,0.0,0.0,0.0,0.0,0.0,0.0,0.0,0.0,0.0,0.0,0.0,0.0,0.0,0.0,0.0,0.0,1.9677211320522266,0.6006474762064185,244.52822379081725,285.609862244522,9393.885129935632,0.3022741021108626,0.04613463096930138,22.82035900081691,26.66609263958275,868.1620039890968,3.516116960638547,0.664421194376143,372.1663345580764,434.6504093645125,14280.585335163541,0.4647692937740161,0.08782488544482539,343.04438966102858,402.2768600775075,12361.369018839028,0.0,0.0,11.855921367529455,14.189093062459254,293.9156160297295,0.0,0.0,13.236493191128954,15.57206739263972,445.9685441211439,0.0,0.0,224.79808626682314,265.8336536209171,7057.211106264061,0.0,0.0,49.93982206223971,59.68388186375928,1276.221871568223,0.0,0.0,129.02313816308624,153.16444699675299,3769.7484230994407,36.32934918863133,24.917249100570197,375.77614116192299,443.07616388347847,13544.31435627121,0.0,0.0,167.0055294233627,200.3571771757291,3909.9842912700589,1729.5242025707362,21.599331496693507,31.68070396801418,22.0,30.0,0.0,21.257627069307568,40.149408256695,21.0,30.0,1989.3218544881807,21.494870127585089,31.495248764028099,21.5,30.0,0.0,20.413027862430636,34.03695246331763,16.0,30.0,0.0,14.491610362395122,50.89374650410533,12.0,30.0,0.0,19.174992356356797,45.04059974739998,19.0,30.0,0.0,17.955286228913136,40.36683629477454,10.0,30.0,0.0,14.889182001942637,49.602592298843337,12.0,30.0,409.2999464759388,16.82321003853153,43.77635155173017,16.5,30.0,0.0,18.64693200994942,0.0,0.0,0.0,13.750938816268299,0.0,0.0,705.4290822733931,1129.348019048272,684.4802337423948,701.0622567391449,738.4326012768054,1168.4643731401343,725.7306599094069,741.5141544809028,739.3995250636158,8830.611340651885,82.16596728275363,82.16596728275363,570.0,0.0,570.0,570.0,21.0,16.0,19.0,16.0,12.0,12.0,21.0,10.0,1.0,0.0,1729.5242025707362,0.0,1989.3218544881807,0.0,0.0,0.0,0.0,409.2999464759388,0.0,0.0,0.0,82.16596728275363,82.16596728275363,0.34,0.7692503958783953,0.36028137401965956,82.16596728275363,0.3542647819438875,0.0,0.02318 
 02/28  22:10:00,2.1583333333333338,90.33333333333333,2.3583333333333336,0.0,0.0,0.0,0.0,0.0,2.0,0.0,0.0,4.0,0.0,0.0,0.0,1984.0,0.0,0.0,0.0,0.0,0.0,0.0,0.0,0.0,0.0,0.0,0.0,20.626852069552926,-290.73300738547359,20.57629563963217,-104.30150135368052,20.97321925129998,-1892.2060947718763,19.76480292267761,493.4332441315786,14.408227360913406,44.24794633672495,18.790863990557115,-38.75688056368777,17.23973570621478,42.588083675001829,14.943987928528982,-131.23258198792755,17.68769545563186,-511.0792842580841,1231.6809938671755,1327.2428974612358,0.0,0.0,0.0,0.0,0.0,0.0,0.0,0.0,0.0,0.0,0.0,0.0,0.0,0.0,0.0,0.0,0.0,0.0,0.0,0.0,0.0,0.0,2.0218965090940457,0.617184526585484,176.01255922923674,206.0428001831924,6685.959345949806,0.32658144838974359,0.04984454340502802,19.420118650794146,22.68585115814247,741.0438782017532,3.3785672256500547,0.6384291809618397,378.6453085585491,442.6809503609071,14676.396125522586,0.43381942295240619,0.08197645936364437,293.5527953325507,344.33791676035909,10764.9394664889,0.0,0.0,12.191935070801563,14.599831535479297,303.78974024932389,0.0,0.0,12.998849665760318,15.301694606976174,441.591274379198,0.0,0.0,190.6920182982135,225.7702362708154,5965.649495365131,0.0,0.0,55.87167268935981,66.83665023246097,1419.0071039567884,0.0,0.0,127.55807425938082,150.63896246799414,4128.566760839377,36.36511784992631,24.941781790072917,358.71216024740718,423.17207748993129,13220.939936594184,0.0,0.0,142.52001114162875,171.07209270571057,3365.260123496473,305.30270193687468,21.19880876882186,32.38104242405022,21.125,30.0,517.6823172406571,21.147138671174007,41.27319639146994,21.25,30.0,2284.732814588202,21.605890662417776,30.909945114286339,21.625,30.0,0.0,20.704035767546164,32.92541458232857,16.0,30.0,0.0,14.49361674005949,50.66652379886839,12.0,30.0,643.8549389431089,19.251896695044903,43.25499664472318,19.375,30.0,0.0,17.856722241198228,40.403758202234289,10.0,30.0,0.0,14.746371931600328,49.8491162781752,12.0,30.0,2967.1450915346856,18.25946871274902,39.76283147416092,20.0,30.0,0.0,18.823088305580059,0.0,0.0,0.0,13.678162922903358,0.0,0.0,708.0479671279783,1188.669756208798,672.7856914496122,683.8376949626952,734.4815954998176,1135.4284289137482,722.9004825415298,739.0445324625978,732.4504466262492,10538.026375753563,81.03676881125225,84.7570740923091,570.0,0.0,570.0,570.0,21.0,16.0,19.0,19.0,12.0,12.0,21.0,10.0,1.0,0.0,305.30270193687468,517.6823172406571,2284.732814588202,0.0,643.8549389431089,0.0,0.0,2967.1450915346856,5629.762147532998,3377857.2885197994,4400053.4504199619,81.03676881125225,84.82025722654739,0.35765873825109997,0.7681546540833572,0.36028137401965956,84.82025722654739,0.3542647819438875,4400053.4504199619,0.251792779421838 
 02/28  22:20:00,2.0966666666666669,90.66666666666667,2.3466666666666669,0.0,0.0,0.0,0.0,0.0,2.0,0.0,0.0,4.0,0.0,0.0,0.0,1240.0,0.0,0.0,0.0,0.0,0.0,0.0,0.0,0.0,0.0,0.0,0.0,20.753191663048317,-1034.6738201663389,20.882552351512005,-168.3124409853973,20.988690751411814,-1377.428420804348,19.80872793625049,603.0622742539723,14.41176153710215,51.15651581808079,19.25333760282021,-82.91437619160793,16.818101055247064,29.900559396941767,14.886946358540796,0.2558366777835097,18.438246395340273,-1151.0676881288187,1349.2010266288997,2000.6374979418277,0.0,0.0,0.0,0.0,0.0,0.0,0.0,0.0,0.0,0.0,0.0,0.0,0.0,0.0,0.0,0.0,0.0,0.0,0.0,0.0,0.0,0.0,2.0016823503838414,0.611014148468816,205.50001805726977,239.98619944956443,7986.860279790331,0.3032414477625426,0.04628227224703031,25.68139366463181,29.94375891556288,1010.516748076701,3.6131214608531958,0.6827515988006798,338.59088052277829,395.6529885604246,13203.026877261911,0.4667384426740258,0.08819698463227999,323.76624918807797,379.42146346112249,11958.37707348454,0.0,0.0,13.512573796453888,16.17511148985662,338.49568079023666,0.0,0.0,16.325725343875296,19.153582146130597,583.211672732733,0.0,0.0,270.6779610878499,321.10107483693079,8106.060053889645,0.0,0.0,59.1735938252733,70.78990974865373,1506.7516905845055,0.0,0.0,239.9179257501895,282.24686565758057,8278.646495469715,36.706349173617827,25.175822478475884,340.48267203200006,401.8319571869105,12497.735512269132,0.0,0.0,229.12045489624996,273.5614229225654,6044.967825170466,1386.9387247878854,21.760220481584424,31.142994158402339,21.8,30.0,486.5041759986316,21.86382884701512,38.671250154485,21.4,30.0,1651.5422463157264,21.68211147750949,30.72232183277977,21.6,30.0,0.0,20.779156027264898,32.60445218402674,16.0,30.0,0.0,14.496892598414132,50.428576942739827,12.000000000000002,30.0,351.75570362876109,20.147135661869073,39.22351389092591,19.400000000000003,30.0,0.0,17.099288709898194,42.37478963802004,10.0,30.0,0.0,14.71390593044519,49.758030233184687,12.000000000000002,30.0,1679.3109846072576,19.538218906006067,36.48086735650506,19.6,30.0,0.0,18.75633663847777,0.0,0.0,0.0,14.96380559422251,0.0,0.0,706.6904952731555,1148.4554663118932,676.1556536007562,681.692727520399,731.9799893355322,1100.463631423278,728.7695008038663,738.1708015595673,733.5242711356104,10372.622120046683,81.14602122998983,85.73254102914544,570.0,0.0,570.0,570.0,21.0,16.0,19.0,19.0,12.0,12.0,21.0,10.0,1.0,0.0,1386.9387247878854,486.5041759986316,1651.5422463157264,0.0,351.75570362876109,0.0,0.0,1679.3109846072576,6940.3592933787899,4164215.576027273,5420059.569662203,81.14602122998983,85.8104353615359,0.36734530977929299,0.7671493916296029,0.36028137401965956,85.8104353615359,0.35426478194388757,5420059.569662203,0.3045480976224346 
 02/28  22:30:00,2.035,91.0,2.335,0.0,0.0,0.0,0.0,0.0,2.0,0.0,0.0,4.0,0.0,0.0,0.0,1984.0,0.0,0.0,0.0,0.0,0.0,0.0,0.0,0.0,0.0,0.0,0.0,20.806689278535559,-948.8318205298783,20.626981046974476,-138.37821936139617,20.89005585483434,-1384.4310608179283,19.83865362092012,508.6911139057538,14.424383513088382,55.655010802987707,18.939286221314498,-87.57765978599002,16.739424060560965,65.66325991353506,14.982453405495705,61.859927628715897,18.657743277003847,-1568.6217367234606,1239.8675959127616,2319.7606407426994,0.0,0.0,0.0,0.0,0.0,0.0,0.0,0.0,0.0,0.0,0.0,0.0,0.0,0.0,0.0,0.0,0.0,0.0,0.0,0.0,0.0,0.0,2.003964907909669,0.6117108998503265,173.39983822827419,202.79602693525787,6733.370961479106,0.3180732205991164,0.04854597383991399,21.547513934107277,25.193584437690526,836.5524680942399,3.552604295114741,0.6713160043678652,303.19636038721037,354.31314796896347,11828.927325283794,0.450236329693066,0.08507867152174337,288.57128315053287,338.1474034763281,10701.513485926698,0.0,0.0,13.851685819387889,16.585909952409368,349.22643851054098,0.0,0.0,17.66091891424188,20.76730471114134,618.3295803118563,0.0,0.0,313.63272990615607,372.35854325312837,9392.136700826324,0.0,0.0,57.006163285168337,68.16661200888821,1483.348982829865,0.0,0.0,283.3155216804366,333.22115336737968,9939.89024007233,36.60486374538818,25.106216560622899,306.25967730498908,361.43619035297498,11382.963974264732,0.0,0.0,274.0770954597248,327.01570516969988,7462.496410189759,1404.183808073847,21.558492146407305,31.253985689475376,21.75,30.0,0.0,21.43097945019893,39.274747883587448,21.0,30.0,1804.5206992526924,21.564188061579015,30.776657816416365,21.5,30.0,0.0,20.783618050665394,32.51925908991253,16.0,30.0,0.0,14.516418572988084,50.2075257802893,12.0,30.0,0.0,19.687186741690316,39.1023279894703,19.0,30.0,0.0,16.992986599156088,42.50194957592132,10.0,30.0,0.0,14.937554176139529,48.88784933315737,12.0,30.0,2117.992346952706,19.719544275693658,35.95995649367224,19.75,30.0,0.0,18.614369366447549,0.0,0.0,0.0,15.5430687033696,0.0,0.0,699.1863545006536,1126.6094288309633,674.3550925561192,684.8663951560268,732.9646005403663,1058.6942492031849,730.6794470641323,741.1571341831817,737.6658757986209,8354.489875125211,80.63934909263949,86.06779706650653,570.0,0.0,570.0,570.0,21.0,16.0,19.0,19.0,12.0,12.0,21.0,10.0,1.0,0.0,1404.183808073847,0.0,1804.5206992526924,0.0,0.0,0.0,0.0,2117.992346952706,8214.972372405093,4928983.423443056,6448300.519842739,80.63934909263949,86.15999013431332,0.2738324124135031,0.5732677181095824,0.27021103051474468,86.15999013431332,0.2656985864579156,6448300.519842739,0.35773162703182245 
 02/28  22:40:00,1.9733333333333337,91.33333333333333,2.3233333333333334,0.0,0.0,0.0,0.0,0.0,2.0,0.0,0.0,0.0,0.0,0.0,0.0,1488.0,0.0,0.0,0.0,0.0,0.0,0.0,0.0,0.0,0.0,0.0,0.0,20.01681518485963,-227.42313316267457,20.112748084369885,-552.0379718190034,20.16571654678953,-436.49496488238239,19.70566588001694,-63.22794722464313,14.433629197791906,45.56709874353831,18.617830757830679,-66.59166635546007,16.692001406116235,-38.715851114065298,15.03027040380126,-13.617528298439215,17.75568997540096,-600.9372271596667,1202.7966370642953,1612.615013569295,0.0,0.0,0.0,0.0,0.0,0.0,0.0,0.0,0.0,0.0,0.0,0.0,0.0,0.0,0.0,0.0,0.0,0.0,0.0,0.0,0.0,0.0,1.9673519329917182,0.6005347780804996,281.1242627369295,329.9748459947948,10293.56843216741,0.3543426702829184,0.05408160413353452,158.7428607654926,186.18837859252666,5854.923342862765,3.44152047208774,0.650325108104259,231.70594788141958,271.9055175725796,8607.763617660106,0.38628624273531866,0.07299437693411155,153.13760235831723,179.73698750633452,5636.16055763052,0.0,0.0,12.783926139745106,15.307802643490966,324.1944023264442,0.0,0.0,14.567436409460362,17.159947408423304,499.4503739757669,0.0,0.0,240.75642845667773,285.93558637932957,7212.57733446185,0.0,0.0,50.52441147141659,60.39195999759414,1331.782986898045,0.0,0.0,209.28005269850164,247.3752058726007,6823.021546140336,35.98236911129831,24.679265508435056,325.7851024572066,384.7516802775301,12000.658676122586,0.0,0.0,201.26536451787309,240.88418287656806,5187.903936642424,0.0,20.335492853518045,35.72729000795284,21.833333333333319,29.99999999999998,0.0,20.560712081064894,34.670816257277767,11.999999999999993,29.99999999999998,0.0,20.454992335034214,34.52398941754665,21.66666666666665,29.99999999999998,0.0,20.483455368157175,33.842541671342008,11.999999999999993,29.99999999999998,0.0,14.528334052260635,50.143635478603837,11.999999999999993,29.99999999999998,0.0,19.22103563479247,39.18202345997349,11.999999999999993,29.99999999999998,0.0,16.917842995505056,43.4713594021344,9.999999999999993,29.99999999999998,0.0,15.046632161368092,48.45584425519722,11.999999999999993,29.99999999999998,0.0,18.281971815576389,39.74053621756343,19.83333333333332,29.99999999999998,0.0,18.48594976218974,0.0,0.0,0.0,14.648575320558053,0.0,0.0,810.1999284540743,783.6129756342406,761.3258746533475,726.9983760634796,739.6176974121421,1030.5443308887703,769.3931810655419,745.8186239528412,761.4563168066866,0.0,80.63996053725319,80.63996053725319,59.99999999999996,0.0,59.99999999999996,59.99999999999996,12.0,12.0,12.0,19.0,12.0,12.0,21.0,10.0,0.0,0.0,0.0,0.0,0.0,0.0,0.0,0.0,0.0,0.0,0.0,0.0,0.0,80.63996053725319,80.63996053725319,0.0,0.0,0.0,80.63996053725319,0.0,0.0,0.0023300000000000006 
 02/28  22:50:00,1.9116666666666667,91.66666666666667,2.3116666666666667,0.0,0.0,0.0,0.0,0.0,2.0,0.0,0.0,0.0,0.0,0.0,0.0,744.0,0.0,0.0,0.0,0.0,0.0,0.0,0.0,0.0,0.0,0.0,0.0,19.481315030451915,-131.79868787520759,19.553354809857284,-592.8390064709795,19.63898770207469,-440.37295393678678,19.29506210544956,-8.266136575990276,14.421674794004702,32.78044666562725,18.358805973153744,-51.03347365728969,16.479522183628157,-45.50207627155521,14.945859331506746,-68.00432319545172,17.193266011971624,-240.280361973611,745.142981020927,1267.5616260356922,0.0,0.0,0.0,0.0,0.0,0.0,0.0,0.0,0.0,0.0,0.0,0.0,0.0,0.0,0.0,0.0,0.0,0.0,0.0,0.0,0.0,0.0,1.9243026069984342,0.5873939581802307,243.13380539567866,285.73730349211766,8535.765888486247,0.35161154211849418,0.0536647652806005,135.81694116800515,159.6820208538265,4748.434356241274,3.2192750930725109,0.6083286268088651,77.50199307867105,91.07284986048991,2779.596232731803,0.35569179066513537,0.06721311237058495,9.984708995784932,11.721712806057724,364.5255572833435,0.0,0.0,11.627325745931728,13.914868820705373,295.7812412996982,0.0,0.0,12.786171273996946,15.071219489508455,429.9851432794255,0.0,0.0,192.4807968377597,228.72318692002143,5660.348761352809,0.0,0.0,45.2009154694784,54.01429539453079,1185.7284463409943,0.0,0.0,162.2231937485613,192.22484917182028,5022.78960688505,35.20046186464699,24.142977959291519,176.13231582006086,208.4627850752147,6494.15557912044,0.0,0.0,155.0914904937751,186.09117259587524,3732.3761970275606,0.0,19.48410298054733,36.09881912135732,22.000000000000019,30.00000000000002,0.0,19.641676157804988,34.46453390622437,12.00000000000001,30.00000000000002,0.0,19.619525698156097,34.74728636085777,22.000000000000019,30.00000000000002,0.0,19.758895001000775,35.32393224050284,12.00000000000001,30.00000000000002,0.0,14.50252313273218,50.44079766181646,12.00000000000001,30.00000000000002,0.0,18.811619194161549,39.592789391001847,12.00000000000001,30.00000000000002,0.0,16.565074093490876,44.2069915036414,10.000000000000007,30.00000000000002,0.0,14.912803925688597,49.175748373136297,12.00000000000001,30.00000000000002,0.0,17.37775650662635,42.19401034601985,20.000000000000015,30.00000000000002,0.0,16.874218524127728,0.0,0.0,0.0,13.73746523078896,0.0,0.0,738.7714895125074,681.9511599823666,691.9671735341037,728.3350004145358,753.5080015261166,1036.0230200016122,764.9800587915273,762.3633434956965,770.9344967721984,0.0,80.6399605372533,80.6399605372533,60.00000000000004,0.0,60.00000000000004,60.00000000000004,12.0,12.0,12.0,19.0,12.0,12.0,21.0,10.0,0.0,0.0,0.0,0.0,0.0,0.0,0.0,0.0,0.0,0.0,0.0,0.0,0.0,80.6399605372533,80.6399605372533,0.0,0.0,0.0,80.6399605372533,0.0,0.0,0.0023000000000000006 
 02/28  23:00:00,1.85,92.0,2.3,0.0,0.0,0.0,0.0,0.0,2.0,0.0,0.0,0.0,0.0,0.0,0.0,1240.0,0.0,0.0,0.0,0.0,0.0,0.0,0.0,0.0,0.0,0.0,0.0,19.097309480652514,-200.59896950169225,19.125890530722005,-261.2275401832369,19.22051076114681,-208.7087443231365,18.912172032052383,-321.8622524346106,14.400126873176273,20.4043029562582,18.180639566369274,-50.561581193082627,16.2635755418425,-133.88036234907998,14.828383428882195,-113.5666922226747,16.90560644859584,-210.5300136729322,804.0306632948627,1076.0145830971197,0.0,0.0,0.0,0.0,0.0,0.0,0.0,0.0,0.0,0.0,0.0,0.0,0.0,0.0,0.0,0.0,0.0,0.0,0.0,0.0,0.0,0.0,1.8452040636860648,0.5632491036892749,222.1992396334874,262.11240001863458,7578.30193224538,0.34884671166045036,0.05324278260995885,107.89866508942342,127.24674657990939,3689.5710878834086,3.10606037308648,0.5869350667208015,153.0095896409605,180.42910850040603,5321.5695207023049,0.3347283026369974,0.06325175786791333,95.1937587650457,112.27147638742514,3272.938641002987,0.0,0.0,10.76705181632428,12.8936343650634,274.3772406056187,0.0,0.0,12.439685558590737,14.684358912088321,413.84566836545249,0.0,0.0,171.8979067047081,204.6110837593083,4955.09030416265,0.0,0.0,40.7419309737481,48.74282722746014,1059.0559293783818,0.0,0.0,142.67361760101728,169.3698594334357,4319.134459939704,34.42279575747222,23.60959928496038,219.6010235523305,260.6175915832131,7780.755383118019,0.0,0.0,135.96956876208149,163.51407229720454,3142.7012485834186,0.0,18.901746519892336,36.003666334957838,22.0,30.0,0.0,19.002348055094886,35.119385581469959,12.000000000000002,30.0,0.0,19.0107459031449,35.56691688294646,22.0,30.0,0.0,19.07692174895137,35.525564006538768,12.000000000000002,30.0,0.0,14.462131489295182,50.54706350913232,12.000000000000002,30.0,0.0,18.557309634805173,39.74011043655464,12.000000000000002,30.0,0.0,16.20501213152543,44.49172797556139,10.0,30.0,0.0,14.725896620243614,49.92127551619692,12.000000000000002,30.0,0.0,16.967154497131206,42.77130626806852,20.0,30.0,0.0,17.129196678190746,0.0,0.0,0.0,13.224096812516433,0.0,0.0,679.4215994240952,653.073610291809,671.693224418341,676.8215132758096,757.820811408854,1038.6654252942026,742.8365890833992,773.4189821223874,755.6333862150218,0.0,80.63996053725325,80.63996053725325,60.0,0.0,60.0,60.0,12.0,12.0,12.0,19.0,12.0,12.0,21.0,10.0,0.0,0.0,0.0,0.0,0.0,0.0,0.0,0.0,0.0,0.0,0.0,0.0,0.0,80.63996053725325,80.63996053725325,0.0,0.0,0.0,80.63996053725325,0.0,0.0,0.0022700000000000005 
 02/28  23:10:00,1.8050000000000002,92.0,2.26,0.0,0.0,0.0,0.0,0.0,2.0,0.0,0.0,0.0,0.0,0.0,0.0,744.0,0.0,0.0,0.0,0.0,0.0,0.0,0.0,0.0,0.0,0.0,0.0,18.800900386805517,-235.73220273357857,18.918163989967885,-159.2519994634462,18.924161343013766,-209.29921101939073,18.599659509553214,-274.94323408390576,14.373612755081947,15.866329705336643,18.0179763397581,-49.791543354113517,16.05700939972431,-112.85909467575948,14.7099081886662,-113.10680264860787,16.664767901547806,-192.87910804361978,638.8487165444174,1036.852458396746,0.0,0.0,0.0,0.0,0.0,0.0,0.0,0.0,0.0,0.0,0.0,0.0,0.0,0.0,0.0,0.0,0.0,0.0,0.0,0.0,0.0,0.0,1.800749351429392,0.5496792892031112,142.79199230660843,168.5837750745091,4799.910257277834,0.33687965955362378,0.05141630945568129,37.44423884558443,44.21785723287853,1272.852744928698,3.102523533676411,0.5862667297196547,156.11414935700675,184.11472584492635,5311.9640499083729,0.33530204683680439,0.06336017513922983,107.08887183817882,126.35319701004124,3579.562167177456,0.0,0.0,10.437963981705924,12.494214337615827,266.0482239735688,0.0,0.0,12.354508808797832,14.588321652373744,406.93247066910205,0.0,0.0,170.45703612999305,203.01711922601755,4825.491678425082,0.0,0.0,38.80624305560532,46.42925108564429,998.9115762866416,0.0,0.0,140.81611122690306,167.27971529708888,4185.332058146062,34.019126010881468,23.33273388949347,160.55910198772438,190.65968597277988,5773.855752192365,0.0,0.0,133.92847530594453,161.101369511226,3052.517308749797,0.0,18.505447487067973,36.31378027733508,22.0,30.0,0.0,18.745674339273074,35.32379917771779,12.0,30.0,0.0,18.608133773540808,35.96331923970088,22.0,30.0,0.0,18.595066572548647,35.84949351724047,12.0,30.0,0.0,14.417081694395613,50.401292908691647,12.0,30.0,0.0,18.331708541487595,39.69709972254315,12.0,30.0,0.0,15.886983028736467,44.93699665541415,10.0,30.0,0.0,14.547440808741655,50.194468189068199,12.0,30.0,0.0,16.628435979841979,43.17952058655456,20.0,30.0,0.0,16.53465272572027,0.0,0.0,0.0,13.01183012871331,0.0,0.0,657.5858562893092,639.3034447586609,653.118887310113,647.2807081220041,753.7429084600566,1033.2834720926354,730.0665914295721,769.4287987218294,740.309360426417,0.0,80.63996053725325,80.63996053725325,60.0,0.0,60.0,60.0,12.0,12.0,12.0,19.0,12.0,12.0,21.0,10.0,0.0,0.0,0.0,0.0,0.0,0.0,0.0,0.0,0.0,0.0,0.0,0.0,0.0,80.63996053725325,80.63996053725325,0.0,0.0,0.0,80.63996053725325,0.0,0.0,0.0022400000000000004 
 02/28  23:20:00,1.7600000000000003,92.0,2.22,0.0,0.0,0.0,0.0,0.0,2.0,0.0,0.0,0.0,0.0,0.0,0.0,744.0,0.0,0.0,0.0,0.0,0.0,0.0,0.0,0.0,0.0,0.0,0.0,18.459243714206346,-120.99149322553873,18.719233927459834,-353.6980785195163,18.66166580875735,-293.1083791420132,18.304616114298228,-187.8793195032391,14.34645714132685,8.989493776595781,17.88452583187323,-50.94413075030069,15.849257950990774,-186.91731172417219,14.61411112173031,-115.22063467304166,16.459727998767908,-229.8030787286879,778.2871820913591,995.0027315157606,0.0,0.0,0.0,0.0,0.0,0.0,0.0,0.0,0.0,0.0,0.0,0.0,0.0,0.0,0.0,0.0,0.0,0.0,0.0,0.0,0.0,0.0,1.748207614154627,0.5336409078616078,354.2181095398774,419.1502350824068,11536.15173537579,0.31132024008897959,0.047515299158879659,184.04592849122418,217.38679021598819,6127.506020380582,3.0432324073958298,0.5750628131889323,347.71324667442539,411.0662797521847,11535.251879415368,0.32359032027117337,0.06114707488117406,184.58434030441556,218.3452541429785,6036.570307261893,0.0,0.0,9.674793207110284,11.583474708032979,246.67739628338033,0.0,0.0,12.867490587105039,15.203265075918685,420.78694322436265,0.0,0.0,169.7018590938279,202.37000820391365,4713.557217200482,0.0,0.0,35.55829708333879,42.56596836511192,909.5136818724886,0.0,0.0,141.59762142048786,168.38885797584744,4144.923644885646,33.47256487812443,22.95786342806888,481.1787839408507,571.3135933649992,15761.6126043937,0.0,0.0,135.47459784453535,163.08562460638303,3047.9975313378829,0.0,18.025158637658067,36.62273218586483,21.999999999999994,29.99999999999999,0.0,18.476594421118145,35.303290386596227,11.999999999999995,29.99999999999999,0.0,18.254954753656699,36.24411794242392,21.999999999999994,29.99999999999999,0.0,18.14910178404821,36.367402074407568,11.999999999999995,29.99999999999999,0.0,14.37432144059407,49.99885022172965,11.999999999999995,29.99999999999999,0.0,18.15933989285661,39.50137679479204,11.999999999999995,29.99999999999999,0.0,15.558581605195029,44.995042191977649,9.999999999999997,29.99999999999999,0.0,14.41633462614309,49.81042327906133,11.999999999999995,29.99999999999999,0.0,16.345726792368617,43.02694337261486,19.999999999999994,29.99999999999999,0.0,17.01249388748858,0.0,0.0,0.0,12.814341391796916,0.0,0.0,628.8254398630993,617.0769043409241,634.1409834678457,629.6360958414415,741.943613326454,1020.6153816400401,706.2411310941293,751.0903902240004,714.2955672603346,0.0,80.63996053725322,80.63996053725322,59.99999999999998,0.0,59.99999999999998,59.99999999999998,12.0,12.0,12.0,19.0,12.0,12.0,21.0,10.0,0.0,0.0,0.0,0.0,0.0,0.0,0.0,0.0,0.0,0.0,0.0,0.0,0.0,80.63996053725322,80.63996053725322,0.0,0.0,0.0,80.63996053725322,0.0,0.0,0.0022366666666666665 
 02/28  23:30:00,1.715,92.0,2.1799999999999999,0.0,0.0,0.0,0.0,0.0,2.0,0.0,0.0,0.0,0.0,0.0,0.0,496.0,0.0,0.0,0.0,0.0,0.0,0.0,0.0,0.0,0.0,0.0,0.0,18.336692927196425,-208.70671151706484,18.482959616064993,-222.1558895268147,18.45937535909639,-182.5433016558154,18.190773301048858,-138.49680893673486,14.319477454000707,8.483890853536252,17.7644151078537,-51.32422596629584,15.698587148852182,-132.8757508854278,14.533302022857474,-108.34087076479909,16.288321662489488,-201.43830625146348,736.4379404355532,997.8508117314455,0.0,0.0,0.0,0.0,0.0,0.0,0.0,0.0,0.0,0.0,0.0,0.0,0.0,0.0,0.0,0.0,0.0,0.0,0.0,0.0,0.0,0.0,1.7368411006934078,0.5301712761579389,256.2818061244076,303.05788228573285,8355.219748861256,0.31599023129670836,0.04822805727971739,127.26421327749336,150.5272227197876,4173.719065428519,3.0200483048665056,0.5706818414335804,202.74713551462453,239.56787818742726,6692.480009014944,0.32738465116186857,0.061864068624691698,112.2933534607199,132.68235318180107,3660.1840838468658,0.0,0.0,9.708539399025142,11.616800937623495,247.71058544445953,0.0,0.0,12.990533378199882,15.349491869986779,422.37930567539117,0.0,0.0,171.27018106016738,204.24705517098784,4706.223525029321,0.0,0.0,34.72152557879563,41.552911335378528,884.595771819943,0.0,0.0,142.17794605103303,169.09799778525076,4115.970590653605,33.407860369422738,22.913484478342075,304.40406674235967,361.35889680585879,10204.91807843148,0.0,0.0,135.66699730490144,163.27929663471137,3036.342156649247,0.0,17.92695821017542,36.6475895511057,22.0,30.0,0.0,18.161894296669879,35.638864837844057,12.0,30.0,0.0,18.02496105800469,36.23200391196221,22.0,30.0,0.0,18.040548227561204,36.42037651270641,12.0,30.0,0.0,14.335600132399673,49.57543560004757,12.0,30.0,0.0,18.00891245375417,39.19660607397559,12.0,30.0,0.0,15.357218692502706,45.15011988842418,10.0,30.0,0.0,14.315777368457838,49.528663313351049,12.0,30.0,0.0,16.127348895819876,43.34254759458511,20.0,30.0,0.0,16.818074605843817,0.0,0.0,0.0,12.706855653583178,0.0,0.0,622.1034269063396,603.8819098383085,614.9689937801427,623.0713418311094,729.5421477828727,1000.0882443134613,694.4956973674206,736.7909185430389,707.0035248447068,0.0,80.63996053725325,80.63996053725325,60.0,0.0,60.0,60.0,12.0,12.0,12.0,19.0,12.0,12.0,21.0,10.0,0.0,0.0,0.0,0.0,0.0,0.0,0.0,0.0,0.0,0.0,0.0,0.0,0.0,80.63996053725325,80.63996053725325,0.0,0.0,0.0,80.63996053725325,0.0,0.0,0.0022333333333333334 
 02/28  23:40:00,1.67,92.0,2.14,0.0,0.0,0.0,0.0,0.0,2.0,0.0,0.0,0.0,0.0,0.0,0.0,496.0,0.0,0.0,0.0,0.0,0.0,0.0,0.0,0.0,0.0,0.0,0.0,18.073681181064253,-102.70946166785609,18.365052172137668,-335.5195096186617,18.290075924859118,-352.7720418041354,17.990595467735866,-145.1688948139564,14.293273276882834,4.506825149729169,17.65814356728219,-49.056846476362519,15.56747888117628,-182.038622751079,14.460485391322408,-111.9751508344423,16.137640266907505,-204.77093254299698,737.1276656191733,929.5000728377851,0.0,0.0,0.0,0.0,0.0,0.0,0.0,0.0,0.0,0.0,0.0,0.0,0.0,0.0,0.0,0.0,0.0,0.0,0.0,0.0,0.0,0.0,1.7223403815139938,0.525744927202074,407.9949790903225,482.7049538220986,13060.265760099788,0.300067666923302,0.04579787346204245,202.44970071576584,239.16287076151265,6589.405082006339,2.891276402769729,0.5463485266004784,374.81397097288677,443.33941113275275,12169.998671626578,0.31373625150385417,0.059285005953109249,204.2086875036048,241.65540937519089,6556.57639830082,0.0,0.0,9.042721575182533,10.825104044657128,230.93723456694975,0.0,0.0,12.971517765290955,15.332805652567235,419.7978685944548,0.0,0.0,162.10058293023548,193.47599415769029,4415.990906199526,0.0,0.0,32.54711912485315,38.96698107952241,826.7455834596478,0.0,0.0,134.95191717407983,160.63831817167137,3870.4852567818759,33.05239771233825,22.669682930273166,555.2503676292131,659.0044004259478,17814.992872077586,0.0,0.0,129.42886479015085,155.91128041143936,2855.2742112188855,0.0,17.574271158118678,37.262592896474718,22.000000000000008,30.00000000000001,0.0,18.050029896411755,35.666198562619729,12.000000000000004,30.00000000000001,0.0,17.83060523767999,36.229677463439788,22.000000000000008,30.00000000000001,0.0,17.746323373891064,36.82622011164784,12.000000000000004,30.00000000000001,0.0,14.300436238312205,49.10300832458702,12.000000000000004,30.00000000000001,0.0,17.882383732096259,38.982726569479009,12.000000000000004,30.00000000000001,0.0,15.181103519395558,45.01045818214931,10.000000000000004,30.00000000000001,0.0,14.229695876335072,49.070612845133,12.000000000000004,30.00000000000001,0.0,15.938026512221687,43.17263984050771,20.000000000000008,30.00000000000001,0.0,16.81254687054768,0.0,0.0,0.0,12.495501710488945,0.0,0.0,615.9797631066497,597.1915567582606,600.0983833409855,614.5222929599881,715.7901119974642,987.0581792862175,678.1656719321611,719.6271306877143,687.9714682774339,0.0,80.63996053725328,80.63996053725328,60.00000000000002,0.0,60.00000000000002,60.00000000000002,12.0,12.0,12.0,19.0,12.0,12.0,21.0,10.0,0.0,0.0,0.0,0.0,0.0,0.0,0.0,0.0,0.0,0.0,0.0,0.0,0.0,80.63996053725328,80.63996053725328,0.0,0.0,0.0,80.63996053725328,0.0,0.0,0.0022299999999999999 
 02/28  23:50:00,1.6250000000000003,92.0,2.1,0.0,0.0,0.0,0.0,0.0,2.0,0.0,0.0,0.0,0.0,0.0,0.0,744.0,0.0,0.0,0.0,0.0,0.0,0.0,0.0,0.0,0.0,0.0,0.0,18.051207019326144,-188.5375079877987,18.15803799242824,-265.8539893981946,18.098153495377887,-160.65186732008849,17.940468062873579,-139.34642691913553,14.26852732745673,3.8279242418729244,17.5696247705531,-52.68672159893124,15.442212790051407,-158.94287549989634,14.39707122066843,-110.94872190793494,16.021852860192366,-208.56989505934554,647.3237805159017,956.4695470788716,0.0,0.0,0.0,0.0,0.0,0.0,0.0,0.0,0.0,0.0,0.0,0.0,0.0,0.0,0.0,0.0,0.0,0.0,0.0,0.0,0.0,0.0,1.6976194801064409,0.518198864501356,274.91385439361968,325.6046389970498,8841.062472844676,0.30585156511163516,0.04668064180580517,144.81461588439636,171.47491044918076,4672.254850110821,2.9380383072372466,0.5551848653131614,187.69195708313675,222.31240113221257,6091.232724703916,0.31626757009725639,0.0597633352413561,88.93817617159525,105.33087196107965,2864.042637891066,0.0,0.0,9.193610041383784,11.0127202389972,235.06363202790056,0.0,0.0,13.15919224483966,15.57276981270857,424.6548818657301,0.0,0.0,167.6602904913206,200.33820425309865,4529.66161476913,0.0,0.0,31.936222715064078,38.271585337205909,809.8944610534823,0.0,0.0,138.92376770821503,165.5428623277131,3962.6660276057225,32.96931534769358,22.6126991410793,300.5381460517526,357.42258692837336,9921.723756339261,0.0,0.0,132.81444912710678,160.1455059238715,2917.5877012274747,0.0,17.632073556137639,36.70914675558682,22.000000000000019,30.00000000000002,0.0,17.784266743327224,35.82587001568437,12.00000000000001,30.00000000000002,0.0,17.619896963916909,36.425536754828929,22.000000000000019,30.00000000000002,0.0,17.738616041685846,36.594595307662689,12.00000000000001,30.00000000000002,0.0,14.270612683925837,48.722271278405347,12.00000000000001,30.00000000000002,0.0,17.78676345577083,38.7194908187451,12.00000000000001,30.00000000000002,0.0,15.023327374887853,45.07928880070621,10.000000000000007,30.00000000000002,0.0,14.162540837646759,48.79508269962878,12.00000000000001,30.00000000000002,0.0,15.811121227507023,43.15276349575484,20.000000000000015,30.00000000000002,0.0,16.475729055203879,0.0,0.0,0.0,12.402694530314703,0.0,0.0,602.289587175563,582.4539091499958,591.2167380381092,606.5414354576794,704.5372392402129,969.8156545619902,668.2908480130361,708.2332817664374,678.3991966967166,0.0,80.6399605372533,80.6399605372533,60.00000000000004,0.0,60.00000000000004,60.00000000000004,12.0,12.0,12.0,19.0,12.0,12.0,21.0,10.0,0.0,0.0,0.0,0.0,0.0,0.0,0.0,0.0,0.0,0.0,0.0,0.0,0.0,80.6399605372533,80.6399605372533,0.0,0.0,0.0,80.6399605372533,0.0,0.0,0.0022133333333333338 
 02/28  24:00:00,1.58,92.0,2.06,0.0,0.0,0.0,0.0,0.0,2.0,0.0,0.0,0.0,0.0,0.0,0.0,248.0,0.0,0.0,0.0,0.0,0.0,0.0,0.0,0.0,0.0,0.0,0.0,17.953410388970057,-81.16593461714638,18.005071719879248,-269.7826089993705,18.088580364150528,-52.94076454199012,17.74490927695627,-240.94399956751796,14.238633869165448,3.326873786709541,17.463024824312926,-53.725577114965009,15.34871139524033,-142.98120136484978,14.325938569256114,-107.30039436685377,15.888408982353174,-190.64166005546486,543.4006702130355,955.6660986200172,0.0,0.0,0.0,0.0,0.0,0.0,0.0,0.0,0.0,0.0,0.0,0.0,0.0,0.0,0.0,0.0,0.0,0.0,0.0,0.0,0.0,0.0,1.695837884680468,0.5176550319537449,121.86058360566531,144.02027670526065,3945.186635241166,0.31338879525456006,0.04783101270673994,105.91423852980646,125.16586221953907,3397.4700679409195,2.9280837205843146,0.5533038020756455,114.5267201562971,135.26641418654439,3785.1755461621048,0.3120192818749991,0.05896055968915325,108.90171890509363,128.7665553445809,3459.6528954005786,0.0,0.0,9.244721030513772,11.047116061941331,236.61181032251293,0.0,0.0,13.054702738263098,15.417277541125524,419.32228233267179,0.0,0.0,168.16754987657056,200.50797379765053,4527.440649125977,0.0,0.0,31.202842790879826,37.30687839412141,789.4151544781588,0.0,0.0,138.4142557908949,164.61492912373817,3917.987232455422,32.845918553711459,22.528064851653956,176.61283239577643,209.8492443736652,6084.759109082902,0.0,0.0,132.2360694264102,159.10776380276318,2888.9571819568247,0.0,17.57260858294089,36.376862105056428,22.0,30.0,0.0,17.6006142655133,36.166050985446769,12.0,30.0,0.0,17.729579085087264,36.49734394911645,22.0,30.0,0.0,17.438898539526197,36.59226266225858,12.0,30.0,0.0,14.232009290008789,48.18112810384269,12.0,30.0,0.0,17.65301596416846,38.436051176387739,12.0,30.0,0.0,14.921913322642837,45.06810953562324,10.0,30.0,0.0,14.079421277047877,48.53318156109714,12.0,30.0,0.0,15.644063998465663,43.19954459402041,20.0,30.0,0.0,16.06424361907041,0.0,0.0,0.0,12.290270525592652,0.0,0.0,588.3310086351218,582.0880807059652,604.3359375960384,584.304526665123,688.8609634847508,951.6740771845698,660.4970301344081,696.1164527055704,667.6788009894509,0.0,80.63996053725325,80.63996053725325,60.0,0.0,60.0,60.0,12.0,12.0,12.0,19.0,12.0,12.0,21.0,10.0,0.0,0.0,0.0,0.0,0.0,0.0,0.0,0.0,0.0,0.0,0.0,0.0,0.0,80.63996053725325,80.63996053725325,0.0,0.0,0.0,80.63996053725325,0.0,0.0,0.0021966666666666668 
 03/01  00:10:00,1.5283333333333336,92.16666666666667,2.055,0.0,0.0,0.0,0.0,0.0,2.0,2.0,0.0,0.0,0.0,0.0,0.0,992.0,0.0,0.0,0.0,0.0,0.0,0.0,0.0,0.0,0.0,0.0,0.0,17.8538943350962,-125.05673742518161,17.937221764717486,-213.34215810048324,17.907358284491527,-281.3951420781401,17.703596658278415,-94.6780642709358,14.218751502003516,3.6865313984586409,17.39478620475844,-47.685998029831768,15.599457048695822,201.05006240058584,14.248416258776036,-162.11412367732675,15.933629274417278,-32.530122046316268,526.5292801265528,400.53241050332965,0.0,0.0,0.0,0.0,0.0,0.0,0.0,0.0,0.0,0.0,0.0,0.0,0.0,0.0,0.0,0.0,0.0,0.0,0.0,0.0,0.0,0.0,1.673612131223868,0.5108706139266998,137.1836473607255,162.63900365327837,4421.499829718473,0.31268349669974607,0.047723366407165148,68.17351966018292,80.74202763752894,2192.1985904774994,2.890547965722106,0.5462108778764375,167.33217004966287,198.51246411414923,5417.304236275654,0.32221946722376446,0.06088803235520868,97.488740578182,115.64792895316396,3114.134286469268,0.0,0.0,9.264982104587187,11.105504051601344,237.67818419307529,0.0,0.0,12.595670826133187,14.92442453374207,404.32153567982348,0.0,0.0,78.0431434901956,93.14034331376861,2195.036394953523,0.0,0.0,33.90841832969982,40.6680491164117,854.3286240465848,0.0,0.0,17.100817421091027,20.391228923707755,490.4498462022498,32.817215015051328,22.508377925275267,176.22445219805929,210.1071210303397,6051.429399078836,0.0,0.0,46.56336787075051,56.350205029530048,943.4913784344662,0.0,17.480299893090284,36.505888433761139,22.0,30.0,0.0,17.58310242300878,35.80709239415689,12.0,30.0,0.0,17.469808960670425,36.336057855968977,22.0,30.0,0.0,17.47105234052897,36.59616437522902,12.0,30.0,0.0,14.21472222455399,47.84748648951526,12.0,30.0,0.0,17.59435261334165,38.29523005302589,12.0,30.0,0.0,15.499170735513449,42.25580850250382,10.0,30.0,0.0,13.982980665148194,48.46266842423766,12.0,30.0,0.0,15.799832606957658,42.718136609750249,20.0,30.0,0.0,15.938285412090146,0.0,0.0,0.0,11.433869066459677,0.0,0.0,586.7413316874947,569.44087949711,580.2113963856201,589.4023327394905,678.4096260772794,943.0932689863779,617.6538582944321,689.6413904924488,725.3709782890254,0.0,80.63996053725325,80.63996053725325,60.0,0.0,60.0,60.0,12.0,12.0,12.0,19.0,12.0,12.0,21.0,10.0,0.0,0.0,0.0,0.0,0.0,0.0,0.0,0.0,0.0,0.0,0.0,0.0,0.0,80.63996053725325,80.63996053725325,0.0,0.0,0.0,80.63996053725325,0.0,0.0,0.00218 
 03/01  00:20:00,1.4766666666666669,92.33333333333334,2.05,0.0,0.0,0.0,0.0,0.0,2.0,2.0,0.0,0.0,0.0,0.0,0.0,496.0,0.0,0.0,0.0,0.0,0.0,0.0,0.0,0.0,0.0,0.0,0.0,17.778808681800159,-73.97186257259227,17.84639028548295,-143.92944196445593,17.783028779509633,-307.35641461241689,17.68185681400005,-10.296552014105231,14.19349389086101,4.442489809091427,17.3197585111151,-34.810889347601179,15.831201495233329,98.0998512795893,14.097273168273631,-194.5968056281323,16.019838357293894,-37.37176719102004,331.5675249273057,496.0367823249841,0.0,0.0,0.0,0.0,0.0,0.0,0.0,0.0,0.0,0.0,0.0,0.0,0.0,0.0,0.0,0.0,0.0,0.0,0.0,0.0,0.0,0.0,1.694554257649099,0.5172632044105919,104.13221158468515,123.34755232239522,3372.196206680286,0.3195191315251691,0.048766656215685159,70.03122900803693,82.98713434011941,2249.539069979209,2.91065817440469,0.5500109928958222,68.96627195408922,81.64847890051863,2258.9818315061086,0.319286529267079,0.06033381127495822,27.702497305542346,32.75422108222326,897.8735261265267,0.0,0.0,9.046875516496759,10.834899205047578,232.57859382909425,0.0,0.0,11.341270162516887,13.42829976218924,363.6222776381643,0.0,0.0,80.90297194364095,96.31952594147379,2351.9290458145699,0.0,0.0,39.66610256984215,47.570901694777479,985.9676391933642,0.0,0.0,14.55033934879215,17.31967517404657,424.4139119400488,32.79544183147472,22.49344432885784,74.69854423662413,89.1297511028126,2976.4346667310148,0.0,0.0,52.7213306610208,63.783464125457097,1057.8809627343417,0.0,17.43467831111878,36.34682688111966,22.0,30.0,0.0,17.505801173554376,35.69416422983335,12.0,30.0,0.0,17.346662933513337,35.945462915390489,22.0,30.0,0.0,17.505331220181277,36.297979987902817,12.0,30.0,0.0,14.187564924971252,47.243830456978489,12.0,30.0,0.0,17.51817963689841,37.978481250391869,12.0,30.0,0.0,15.940696386194535,40.735021267041748,10.0,30.0,0.0,13.751183114195062,48.568687549147529,12.0,30.0,0.0,15.99489744724211,42.001388959702037,20.0,30.0,0.0,15.203249517365246,0.0,0.0,0.0,11.275873464986688,0.0,0.0,579.9470855726007,561.0931262080692,561.6747349469479,589.2003787896452,659.8843185703963,938.8031742797519,609.0044425191351,679.9091879340209,793.2080003937347,0.0,80.63996053725325,80.63996053725325,60.0,0.0,60.0,60.0,12.0,12.0,12.0,19.0,12.0,12.0,21.0,10.0,0.0,0.0,0.0,0.0,0.0,0.0,0.0,0.0,0.0,0.0,0.0,0.0,0.0,80.63996053725325,80.63996053725325,0.0,0.0,0.0,80.63996053725325,0.0,0.0,0.0021866666666666668 
 03/01  00:30:00,1.425,92.5,2.045,0.0,0.0,0.0,0.0,0.0,2.0,2.0,0.0,0.0,0.0,0.0,0.0,744.0,0.0,0.0,0.0,0.0,0.0,0.0,0.0,0.0,0.0,0.0,0.0,17.644142831220486,-174.54358836722964,17.760417717219768,-244.60643708642858,17.676317905828456,-61.1440143284391,17.545768545985035,-257.2579983729131,14.170231376312179,4.3981510581728939,17.258642083080305,-26.684402299379817,15.855588222465883,41.63218205466605,13.960666381774104,-213.95912143958933,16.05344211875758,-46.16001065650795,495.4540614260454,583.6711985412222,0.0,0.0,0.0,0.0,0.0,0.0,0.0,0.0,0.0,0.0,0.0,0.0,0.0,0.0,0.0,0.0,0.0,0.0,0.0,0.0,0.0,0.0,1.7014714408605523,0.5193746766973602,120.60848266810273,143.08532332274729,3871.096288737027,0.31495979171337776,0.04807078628104055,69.43515644269931,82.38611131256295,2225.581795798519,2.9767592738539858,0.5625017524289466,128.77494596646535,152.80828514948719,4171.170138918531,0.3214026899561426,0.060733690467902948,87.42635662487382,103.74331852470601,2779.7703109175647,0.0,0.0,8.800545887685555,10.547708190382944,226.75507312657937,0.0,0.0,10.720517048395994,12.703360803820337,343.7095903057571,0.0,0.0,82.71482980691006,98.52951319294317,2419.710589130239,0.0,0.0,45.731270296614919,54.925070040121,1124.3976461313076,0.0,0.0,14.699096283749097,17.498174837333936,432.74432676878248,32.80067791570253,22.49703560747773,155.90488948891434,186.00383585837933,5411.081563870733,0.0,0.0,59.062137904762327,71.51972688527849,1185.9469889787602,0.0,17.25856084732721,35.85438521296135,21.999999999999994,29.99999999999999,0.0,17.419503950552405,35.35191157700996,11.999999999999995,29.99999999999999,0.0,17.270314720749825,36.324362184343119,21.999999999999994,29.99999999999999,0.0,17.287002791084089,35.78080424795089,11.999999999999995,29.99999999999999,0.0,14.165124770175498,46.8187720550073,11.999999999999995,29.99999999999999,0.0,17.465291711993414,37.755361606800679,11.999999999999995,29.99999999999999,0.0,15.984659154758273,40.10876367112317,9.999999999999997,29.99999999999999,0.0,13.55665701521863,48.44163275396223,11.999999999999995,29.99999999999999,0.0,16.08093650592999,41.5722994466129,19.999999999999994,29.99999999999999,0.0,15.672129615257969,0.0,0.0,0.0,11.233819772997454,0.0,0.0,551.2145851302191,545.9042733620132,571.987036157326,556.8707719707512,648.1158032222155,942.7436107037979,597.9023577409564,664.1119612867024,829.1108183115421,0.0,80.63996053725322,80.63996053725322,59.99999999999998,0.0,59.99999999999998,59.99999999999998,12.0,12.0,12.0,19.0,12.0,12.0,21.0,10.0,0.0,0.0,0.0,0.0,0.0,0.0,0.0,0.0,0.0,0.0,0.0,0.0,0.0,80.63996053725322,80.63996053725322,0.0,0.0,0.0,80.63996053725322,0.0,0.0,0.0021933333333333338 
 03/01  00:40:00,1.3733333333333336,92.66666666666667,2.04,0.0,0.0,0.0,0.0,0.0,2.0,2.0,0.0,0.0,0.0,0.0,0.0,496.0,0.0,0.0,0.0,0.0,0.0,0.0,0.0,0.0,0.0,0.0,0.0,17.58790649344924,-24.973211828378685,17.65969211677609,-198.49949433971154,17.61071501377866,-193.10984118616458,17.51775677491902,-5.190995375382544,14.144230218729155,4.377012993118585,17.194123975807686,-25.737976506901597,15.820288441580147,21.365988740766406,13.83089275687426,-211.00173598422198,16.066704908921197,-54.207999019036737,281.11807952696406,612.2234319368854,0.0,0.0,0.0,0.0,0.0,0.0,0.0,0.0,0.0,0.0,0.0,0.0,0.0,0.0,0.0,0.0,0.0,0.0,0.0,0.0,0.0,0.0,1.700983324932076,0.5192256791611956,119.92780083320045,142.22750853175183,3860.0061113384774,0.3186235122245312,0.04862996218323129,61.96817693177267,73.57981826285995,1978.2673792671365,2.9119425057153078,0.5502536858872467,46.943338776152497,55.606530435014459,1576.3417117426862,0.320939664345047,0.0606461950765395,3.269481590331215,3.876830826949589,114.42655481661382,0.0,0.0,8.811963069628217,10.555889184475902,227.52309087151733,0.0,0.0,10.604799604360473,12.561569587962385,339.857510158374,0.0,0.0,82.24748385871203,97.9352376844457,2406.3780273584845,0.0,0.0,47.467313780636278,57.01361277807569,1155.9377344144053,0.0,0.0,16.40796572852254,19.517782880589,486.246658478256,32.716707036434488,22.43944241182065,63.19148690253357,75.5588724366483,2628.6858714806096,0.0,0.0,60.79513897199416,73.6015453622779,1216.058697579393,0.0,17.26168966387909,35.99267437492308,22.000000000000008,30.00000000000001,0.0,17.31754148491264,35.28826570689124,12.000000000000004,30.00000000000001,0.0,17.234397730627209,35.73908951728352,22.000000000000008,30.00000000000001,0.0,17.335846460134165,35.61549650854039,12.000000000000004,30.00000000000001,0.0,14.138078032742654,46.314796239245669,12.000000000000004,30.00000000000001,0.0,17.402390764540085,37.452357086936718,12.000000000000004,30.00000000000001,0.0,15.931546825792314,39.78554615534105,10.000000000000004,30.00000000000001,0.0,13.38002836318418,48.396751654646298,12.000000000000004,30.00000000000001,0.0,16.128341766077925,41.05125652917003,20.000000000000008,30.00000000000001,0.0,14.897317327353087,0.0,0.0,0.0,11.140747484589174,0.0,0.0,560.5230275493393,538.6565329368534,552.658713407279,565.6213409289533,635.0930046092376,941.5816549845765,586.6429962624663,653.9670476506624,843.4013699609982,0.0,80.63996053725328,80.63996053725328,60.00000000000002,0.0,60.00000000000002,60.00000000000002,12.0,12.0,12.0,19.0,12.0,12.0,21.0,10.0,0.0,0.0,0.0,0.0,0.0,0.0,0.0,0.0,0.0,0.0,0.0,0.0,0.0,80.63996053725328,80.63996053725328,0.0,0.0,0.0,80.63996053725328,0.0,0.0,0.0022 
 03/01  00:50:00,1.3216666666666668,92.83333333333333,2.035,0.0,0.0,0.0,0.0,0.0,2.0,2.0,0.0,0.0,0.0,0.0,0.0,1240.0,0.0,0.0,0.0,0.0,0.0,0.0,0.0,0.0,0.0,0.0,0.0,17.500690355408616,-112.56171400096574,17.587641521640714,-307.8333162449927,17.532998234965964,-131.5548476470257,17.44598892564227,-128.28359493678733,14.120015945073766,3.828681274944586,17.134596397902209,-27.42751260501133,15.77727379339115,7.450022455515136,13.727757992632265,-218.2948762105211,16.05874172966632,-62.45955068116889,339.1364620449365,635.2149740790324,0.0,0.0,0.0,0.0,0.0,0.0,0.0,0.0,0.0,0.0,0.0,0.0,0.0,0.0,0.0,0.0,0.0,0.0,0.0,0.0,0.0,0.0,1.6964067336314992,0.5178286732696884,114.68338972927768,136.10300081565263,3685.739067834861,0.3148104235010176,0.04804798893483176,67.61865685488596,80.24029465981585,2158.934936521532,2.913464150453878,0.5505412226859183,55.89559731597829,66.4031262536504,1862.2497234139337,0.3184904267595749,0.06018337618283727,30.458715013937188,36.22724112991738,977.8964328990344,0.0,0.0,8.90864075912422,10.685235955194362,230.51547311257267,0.0,0.0,11.03603995775718,13.08936252147415,353.6143352331494,0.0,0.0,82.73359314432318,98.6459173443391,2419.3454024147606,0.0,0.0,49.323825398268308,59.33869496975813,1194.2268575216845,0.0,0.0,18.926884382552495,22.540242473520438,563.0260846523944,32.73968748411396,22.455204035743465,92.43546319942247,110.47220569632121,3504.443536097011,0.0,0.0,62.600709819138518,75.89819729640043,1247.5792859056963,0.0,17.16603206834906,35.51923974217317,22.0,30.0,0.0,17.264064818443097,34.92786388144762,12.000000000000002,30.0,0.0,17.186632661615346,35.5311716852819,22.0,30.0,0.0,17.242945744459069,35.16874132367165,12.000000000000002,30.0,0.0,14.115453192695128,45.901370011528168,12.000000000000002,30.0,0.0,17.348185075883838,37.20860488737314,12.000000000000002,30.0,0.0,15.871867005885355,39.51155708540082,10.0,30.0,0.0,13.255968709741211,48.20549382576147,12.000000000000002,30.0,0.0,16.13648467631514,40.60717880299478,20.0,30.0,0.0,14.975331694530692,0.0,0.0,0.0,11.05202902422542,0.0,0.0,540.208966375588,525.9262040628642,549.2593833164787,543.1190005407922,625.93043567718,935.1172188138448,580.7918350745101,652.0769129553826,838.8453110839056,0.0,80.63996053725325,80.63996053725325,60.0,0.0,60.0,60.0,12.0,12.0,12.0,19.0,12.0,12.0,21.0,10.0,0.0,0.0,0.0,0.0,0.0,0.0,0.0,0.0,0.0,0.0,0.0,0.0,0.0,80.63996053725325,80.63996053725325,0.0,0.0,0.0,80.63996053725325,0.0,0.0,0.0022066666666666668 
 03/01  01:00:00,1.27,93.0,2.03,0.0,0.0,0.0,0.0,0.0,2.0,2.0,0.0,0.0,0.0,0.0,0.0,496.0,0.0,0.0,0.0,0.0,0.0,0.0,0.0,0.0,0.0,0.0,0.0,17.341204526339405,-212.25446740001963,17.44089916955746,-177.5345972158666,17.42008271879143,-190.90504241571217,17.369882609524553,-125.16577351517617,14.091269446431135,4.184349888272791,17.06493551106361,-29.278013904718536,15.72482794871253,13.473017556703326,13.618419048273985,-214.43082046475366,16.040407507119974,-66.28546690231633,475.5264339444532,649.9960781760362,0.0,0.0,0.0,0.0,0.0,0.0,0.0,0.0,0.0,0.0,0.0,0.0,0.0,0.0,0.0,0.0,0.0,0.0,0.0,0.0,0.0,0.0,1.6982632456579406,0.5183953741324605,140.51594928366164,166.72528356587416,4438.216910043345,0.32500773783667988,0.04960435559167886,108.39512511862401,128.5466005329942,3439.2002689687435,2.8939623472658697,0.5468560746912077,75.77365106124646,89.87562861950943,2481.113831206885,0.31854410401845636,0.060193519277864,55.8785851662678,66.2741118786409,1784.8547748791455,0.0,0.0,9.095366208762624,10.898408734375512,235.78767991272898,0.0,0.0,11.039948929599145,13.084109483145609,353.36943380339309,0.0,0.0,84.02040615625156,100.09640071394351,2454.879086371509,0.0,0.0,49.933541180815669,60.03636165566819,1201.1338011196106,0.0,0.0,19.759002982823547,23.50786492756309,589.5498201737346,32.781891864261037,22.48415079853295,142.38980616877675,169.82193483827587,4984.652903360923,0.0,0.0,63.199897852706147,76.57114315863029,1253.4339385402439,0.0,16.940169597907269,35.62522669798108,22.0,30.0,0.0,17.082428255045259,34.973136638491848,12.0,30.0,0.0,17.058741363667648,35.3201129080953,22.0,30.0,0.0,17.162848094645008,34.961198674828967,12.0,30.0,0.0,14.084666424997217,45.401274408407989,12.0,30.0,0.0,17.273112885012674,36.90245826343049,12.0,30.0,0.0,15.802476671339257,39.32612360554625,10.0,30.0,0.0,13.119251998960373,48.166472362724508,12.0,30.0,0.0,16.12713075839034,40.08093869262121,20.0,30.0,0.0,15.397477912662561,0.0,0.0,0.0,10.948255088602592,0.0,0.0,530.3110164778318,516.7068194410515,535.8299225446529,532.3578292006719,616.3949517644552,924.066604344783,574.6955318042112,653.2317291464187,828.5338686215537,0.0,80.63996053725325,80.63996053725325,60.0,0.0,60.0,60.0,12.0,12.0,12.0,19.0,12.0,12.0,21.0,10.0,0.0,0.0,0.0,0.0,0.0,0.0,0.0,0.0,0.0,0.0,0.0,0.0,0.0,80.63996053725325,80.63996053725325,0.0,0.0,0.0,80.63996053725325,0.0,0.0,0.0022133333333333338 
 03/01  01:10:00,1.2166666666666668,93.16666666666667,1.9866666666666666,0.0,0.0,0.0,0.0,0.0,2.0,2.0,0.0,0.0,0.0,0.0,0.0,496.0,0.0,0.0,0.0,0.0,0.0,0.0,0.0,0.0,0.0,0.0,0.0,17.185731500024639,-49.96916794674826,17.38671792217103,-286.98953539700326,17.217828861262875,-203.96489921493686,17.266919903230979,-257.8013228404452,14.06227982660105,1.5488978364900277,16.99847929439828,-30.689009495723157,15.648230114569067,-29.58917934738406,13.520046681044973,-221.2787389989926,16.01379754646725,-70.60437954122114,633.9522822047029,653.7862056358325,0.0,0.0,0.0,0.0,0.0,0.0,0.0,0.0,0.0,0.0,0.0,0.0,0.0,0.0,0.0,0.0,0.0,0.0,0.0,0.0,0.0,0.0,1.6818790357045189,0.5133940890428935,245.3679187409499,291.366189449657,7687.065273200442,0.3078189488980615,0.046980914056480697,212.94911799344548,252.59507258818989,6744.220783187789,2.8817154515024239,0.5445418464668226,269.28097748830137,319.82034913522417,8462.159868241752,0.30827108155445406,0.05825228298459069,224.78732967015959,266.6888527826896,7108.050399576723,0.0,0.0,8.701149270566102,10.429304321858688,225.98496390579127,0.0,0.0,11.82812104272828,14.02110911574591,378.25428488955836,0.0,0.0,78.91418293259683,94.06760151559455,2297.790226099879,0.0,0.0,50.42793898161264,60.657765697160858,1206.9173204872116,0.0,0.0,23.958986257105346,28.50674103457671,716.278415368819,32.54434801190229,22.321226345612,416.9704563767392,496.6196440655285,13246.975067796739,0.0,0.0,63.44554787750282,76.90058251546316,1251.2906281405154,0.0,16.758226016316077,35.88912888210534,22.0,30.0,0.0,17.05471384359485,34.78491735199147,12.0,30.0,0.0,16.756502903581777,35.794403941600759,22.0,30.0,0.0,17.02582255594559,34.84515062316484,12.0,30.0,0.0,14.05404107012553,44.92711771280882,12.0,30.0,0.0,17.202549957205535,36.62957284423197,12.0,30.0,0.0,15.689475192068742,39.11282947831124,10.0,30.0,0.0,13.001983564518917,47.82207735356306,12.0,30.0,0.0,16.10284309694089,39.52195245766431,20.0,30.0,0.0,15.907488115820084,0.0,0.0,0.0,10.837548661680867,0.0,0.0,530.1613794829245,511.5861170228985,532.3934211512301,518.2970889117034,610.0914140037518,911.7403473404066,573.9396917478649,657.1353132537856,809.2842412426443,0.0,80.63996053725325,80.63996053725325,60.0,0.0,60.0,60.0,12.0,12.0,12.0,19.0,12.0,12.0,21.0,10.0,0.0,0.0,0.0,0.0,0.0,0.0,0.0,0.0,0.0,0.0,0.0,0.0,0.0,80.63996053725325,80.63996053725325,0.0,0.0,0.0,80.63996053725325,0.0,0.0,0.00222 
 03/01  01:20:00,1.1633333333333336,93.33333333333334,1.9433333333333334,0.0,0.0,0.0,0.0,0.0,2.0,2.0,0.0,0.0,0.0,0.0,0.0,744.0,0.0,0.0,0.0,0.0,0.0,0.0,0.0,0.0,0.0,0.0,0.0,17.1888257878852,-110.61313699205125,17.24939683334251,-215.97703758230433,17.223733710954357,-128.34958353112078,17.107961175242616,-125.89590245693728,14.032968113490672,1.7251972697690683,16.93877366813947,-31.23051148245606,15.569170875885869,-15.776862566373432,13.434426261112098,-219.654316925364,15.986311746528031,-74.85173619677939,519.2890492759759,664.7524691017148,0.0,0.0,0.0,0.0,0.0,0.0,0.0,0.0,0.0,0.0,0.0,0.0,0.0,0.0,0.0,0.0,0.0,0.0,0.0,0.0,0.0,0.0,1.6747217450141972,0.5112093238749074,168.68061560040685,200.37093161879205,5341.326842460898,0.30884385249846799,0.04713734012491878,125.69790363610766,149.3407910913304,3960.5512605220239,2.900161289047301,0.5480274544684999,117.12121841761447,139.20867108550469,3770.3248652093955,0.3155474849989717,0.059627264739034669,111.82660455385005,132.95138528379429,3510.2357626916439,0.0,0.0,8.763249950146227,10.509369882293232,227.99435479634787,0.0,0.0,12.012786113350506,14.25182210749147,384.0727443504578,0.0,0.0,79.82785643002835,95.23169398896003,2315.2882654602856,0.0,0.0,50.78028930679106,61.13776275144009,1211.5848152156694,0.0,0.0,23.774379201270823,28.308692673206676,712.0939524448007,32.51065953135936,22.298120391878848,211.5964761679433,252.6213510414098,7046.943935553524,0.0,0.0,63.77100632178288,77.36624017638634,1252.621401220801,0.0,16.835498523199143,35.34949959229007,21.999999999999994,29.99999999999999,0.0,16.886281365356859,34.83079071269387,11.999999999999995,29.99999999999999,0.0,16.864231365588979,35.32211483669595,21.999999999999994,29.99999999999999,0.0,16.819665624885717,35.09251467417259,11.999999999999995,29.99999999999999,0.0,14.024088160812863,44.60167070631939,11.999999999999995,29.99999999999999,0.0,17.144715628832765,36.372581429625729,11.999999999999995,29.99999999999999,0.0,15.580626606528467,39.11927377033598,9.999999999999997,29.99999999999999,0.0,12.909891189127679,47.746098302487009,11.999999999999995,29.99999999999999,0.0,16.07859394640125,39.11859270479293,19.999999999999994,29.99999999999999,0.0,15.492647252654614,0.0,0.0,0.0,10.743422555620935,0.0,0.0,519.8370836477409,502.851136863423,527.2147568991991,510.89300097063826,606.3547009881496,897.7626768286418,570.3553803056451,656.4586572282336,796.8696417144273,0.0,80.63996053725322,80.63996053725322,59.99999999999998,0.0,59.99999999999998,59.99999999999998,12.0,12.0,12.0,19.0,12.0,12.0,21.0,10.0,0.0,0.0,0.0,0.0,0.0,0.0,0.0,0.0,0.0,0.0,0.0,0.0,0.0,80.63996053725322,80.63996053725322,0.0,0.0,0.0,80.63996053725322,0.0,0.0,0.002226666666666667 
 03/01  01:30:00,1.1099999999999999,93.5,1.9,0.0,0.0,0.0,0.0,0.0,2.0,2.0,0.0,0.0,0.0,0.0,0.0,496.0,0.0,0.0,0.0,0.0,0.0,0.0,0.0,0.0,0.0,0.0,0.0,17.061917414649466,-184.2191877404075,17.21728713575657,-86.84348675245457,17.131386359312747,-146.69420833033247,17.05157954141432,-216.95301252505466,14.001899673769165,1.8134021067852189,16.872103533923246,-32.2737838060261,15.520169582590987,-7.258573936343737,13.34633526483876,-219.63527450471089,15.950520308790179,-78.28920012631238,447.58684868841285,674.6609858501586,0.0,0.0,0.0,0.0,0.0,0.0,0.0,0.0,0.0,0.0,0.0,0.0,0.0,0.0,0.0,0.0,0.0,0.0,0.0,0.0,0.0,0.0,1.6778323996422376,0.5121588521496452,98.20417277699029,116.64289639190844,3106.18268999707,0.3139781664088832,0.04792096556912137,29.012698208077237,34.48243164389787,925.0422977746289,2.90999047747514,0.5498848218962852,141.49723188669786,167.92408037359753,4527.902021343352,0.3148127588564914,0.05948842759948815,97.20904802336907,115.39719412830155,3049.887669962777,0.0,0.0,8.91709722355449,10.688832988081535,232.3998221205163,0.0,0.0,12.013529322699583,14.248064360242929,383.7504552457358,0.0,0.0,81.39291714851733,97.05913843044459,2361.5151673245429,0.0,0.0,51.15099013473312,61.56747321258601,1216.1500853685598,0.0,0.0,23.694383120991657,28.200064056152024,710.5013297163242,32.49197843286835,22.28530756712508,145.8385077871238,174.0290873804943,5058.991777484589,0.0,0.0,64.1181109748307,77.76735462999824,1253.9725952518557,0.0,16.668682157422756,35.33384025950161,22.0,30.0,0.0,16.908357245782108,34.67751769693538,12.0,30.0,0.0,16.766385226127939,35.32305258399667,22.0,30.0,0.0,16.774737241177609,35.031227474355699,12.0,30.0,0.0,13.991220045214919,44.24706310248203,12.0,30.0,0.0,17.072413737056196,36.1466713670049,12.0,30.0,0.0,15.529688616325814,38.997890626092928,10.0,30.0,0.0,12.810936779494974,47.6915849303452,12.0,30.0,0.0,16.039732710893916,38.82579325785888,20.0,30.0,0.0,15.160527002399073,0.0,0.0,0.0,10.64471160465388,0.0,0.0,511.066716302842,501.8695069085397,521.2392128628347,508.13655542582048,602.1327291717528,885.5721346310454,567.0508386411332,656.8423337442556,791.294997988962,0.0,80.63996053725325,80.63996053725325,60.0,0.0,60.0,60.0,12.0,12.0,12.0,19.0,12.0,12.0,21.0,10.0,0.0,0.0,0.0,0.0,0.0,0.0,0.0,0.0,0.0,0.0,0.0,0.0,0.0,80.63996053725325,80.63996053725325,0.0,0.0,0.0,80.63996053725325,0.0,0.0,0.0022333333333333334 
 03/01  01:40:00,1.0566666666666667,93.66666666666667,1.8566666666666665,0.0,0.0,0.0,0.0,0.0,2.0,2.0,0.0,0.0,0.0,0.0,0.0,496.0,0.0,0.0,0.0,0.0,0.0,0.0,0.0,0.0,0.0,0.0,0.0,16.89228511335189,-82.10463372863171,17.154358703184319,-290.05171338858738,17.015545893426105,-300.4978517291147,16.893605504181978,-139.5451828095662,13.970120245869183,-0.6403466434205849,16.8086801696047,-31.174641303367467,15.44784835474633,-45.510693154551749,13.258423748768806,-225.4505669529529,15.91287993903071,-82.14716859764846,620.9139677078867,677.9919665499843,0.0,0.0,0.0,0.0,0.0,0.0,0.0,0.0,0.0,0.0,0.0,0.0,0.0,0.0,0.0,0.0,0.0,0.0,0.0,0.0,0.0,0.0,1.669092075969007,0.5094908656804053,385.94990384172555,458.6770925643207,11973.290359180977,0.2939336386979235,0.04486166646793706,193.17641981461513,229.23344814853977,6089.381358406943,2.88360054399565,0.5448980619795261,375.8459330841798,446.57056074379508,11808.863361016867,0.30693055205754818,0.05799897053241651,207.372491412067,246.50921272806634,6438.856647233198,0.0,0.0,8.395004426738641,10.066147391422158,219.14772877709579,0.0,0.0,12.430720112652193,14.745627819446643,396.8157156141882,0.0,0.0,76.00769292356321,90.68312023797496,2200.113589966074,0.0,0.0,51.379729930712617,61.86724798189948,1217.1101769484954,0.0,0.0,26.55586947832461,31.610419449253983,797.0243774283154,32.29890700239037,22.15288546117311,546.8063792616141,651.6850452913272,17031.03552948593,0.0,0.0,64.13947835332455,77.82325581825208,1248.7521255698146,0.0,16.440537323326958,35.654720448057407,22.000000000000008,30.00000000000001,0.0,16.843688969695074,34.75504802560903,12.000000000000004,30.00000000000001,0.0,16.619864279477249,35.3383240645327,22.000000000000008,30.00000000000001,0.0,16.552759116680386,35.40051952978787,12.000000000000004,30.00000000000001,0.0,13.95749190684801,43.87005806072406,12.000000000000004,30.00000000000001,0.0,17.00601248666469,35.92048957315696,12.000000000000004,30.00000000000001,0.0,15.432438268188122,38.73629767621027,10.000000000000004,30.00000000000001,0.0,12.711020471097815,47.36948514897658,12.000000000000004,30.00000000000001,0.0,15.99866931151858,38.43046632548554,20.000000000000008,30.00000000000001,0.0,15.711019965854172,0.0,0.0,0.0,10.54564547937656,0.0,0.0,505.99667293434416,506.16193469454626,512.266499728712,506.205818183413,597.3994409839104,874.353716297592,561.1643656894448,654.1422088404756,776.6024186149787,0.0,80.63996053725328,80.63996053725328,60.00000000000002,0.0,60.00000000000002,60.00000000000002,12.0,12.0,12.0,19.0,12.0,12.0,21.0,10.0,0.0,0.0,0.0,0.0,0.0,0.0,0.0,0.0,0.0,0.0,0.0,0.0,0.0,80.63996053725328,80.63996053725328,0.0,0.0,0.0,80.63996053725328,0.0,0.0,0.00224 
 03/01  01:50:00,1.0033333333333332,93.83333333333334,1.8133333333333333,0.0,0.0,0.0,0.0,0.0,2.0,2.0,0.0,0.0,0.0,0.0,0.0,496.0,0.0,0.0,0.0,0.0,0.0,0.0,0.0,0.0,0.0,0.0,0.0,16.878786864578296,-210.5304665412168,16.97632519400672,-210.6712289882903,16.829723854978135,-144.58742904217798,16.883516199475595,-200.08869660329129,13.936768694710365,-0.44806603286737359,16.748537321904324,-34.36211911718951,15.359540005112118,-25.668151674172579,13.17451824902291,-227.4851363114226,15.874206554975963,-86.43061317259503,599.4712651246919,684.1518198457118,0.0,0.0,0.0,0.0,0.0,0.0,0.0,0.0,0.0,0.0,0.0,0.0,0.0,0.0,0.0,0.0,0.0,0.0,0.0,0.0,0.0,0.0,1.659906447008503,0.5066869496362952,301.3440951527811,358.21136458585127,9393.054772235551,0.3015433946781063,0.046023106635852618,143.06417827858537,170.11750599376388,4466.325609823914,2.935020955334056,0.5546146929958535,296.7604510779922,352.6978010128198,9244.494547832695,0.30735901359468889,0.058079934541702338,165.1548236398996,196.15781500004278,5154.113672188801,0.0,0.0,8.652154850608845,10.372746461511444,226.17059495974514,0.0,0.0,12.525723780201706,14.8621352027628,399.71858557004836,0.0,0.0,78.57260176649364,93.75946441554884,2263.6165253175456,0.0,0.0,51.816069361658268,62.412405382032009,1223.6632581011359,0.0,0.0,26.889804661018418,32.01378193241761,807.7393666992941,32.2779703969107,22.138525649458658,415.94233964911157,495.8608975237958,13140.229674775175,0.0,0.0,64.5307547922241,78.32174964983116,1251.5432023362433,0.0,16.476066432898074,35.313625045610539,22.0,30.0,0.0,16.590107721476707,35.021621005268517,12.0,30.0,0.0,16.366442256906646,35.686489380925099,22.0,30.0,0.0,16.595879570491709,35.19897830547765,12.0,30.0,0.0,13.921752835959527,43.5719317324274,12.0,30.0,0.0,16.94491819519955,35.693894393815558,12.0,30.0,0.0,15.310833626867542,38.701571720227679,10.0,30.0,0.0,12.61880931518494,47.119131362515208,12.0,30.0,0.0,15.956873385737062,38.08913659969498,20.0,30.0,0.0,15.605750571372369,0.0,0.0,0.0,10.453148107987773,0.0,0.0,501.17067367684219,500.26716811171959,508.02813352456237,505.43903663779198,594.0837554731005,861.6733293085472,556.92274999232,650.1131366535233,765.1941597723971,0.0,80.63996053725325,80.63996053725325,60.0,0.0,60.0,60.0,12.0,12.0,12.0,19.0,12.0,12.0,21.0,10.0,0.0,0.0,0.0,0.0,0.0,0.0,0.0,0.0,0.0,0.0,0.0,0.0,0.0,80.63996053725325,80.63996053725325,0.0,0.0,0.0,80.63996053725325,0.0,0.0,0.00224 
 03/01  02:00:00,0.95,94.0,1.77,0.0,0.0,0.0,0.0,0.0,2.0,2.0,0.0,0.0,0.0,0.0,0.0,496.0,0.0,0.0,0.0,0.0,0.0,0.0,0.0,0.0,0.0,0.0,0.0,16.69742412799057,-79.67588460411571,16.944127835939694,-264.94939499262207,16.80541884850669,-263.64083499432948,16.736655404435344,-152.9804286758017,13.904263374146673,-1.7998572587604969,16.684927801085985,-33.47866685659926,15.301543091155772,-53.57860986093783,13.09332455512057,-227.23015086788497,15.832773730438066,-88.40868179005094,583.7154635824845,686.0325315141582,0.0,0.0,0.0,0.0,0.0,0.0,0.0,0.0,0.0,0.0,0.0,0.0,0.0,0.0,0.0,0.0,0.0,0.0,0.0,0.0,0.0,0.0,1.6602384660901235,0.5067882985623087,317.90192314388448,377.9047910410003,9836.525011198504,0.2937308390408885,0.04483071413932975,163.00308999565966,193.53569933597036,5096.258076831779,2.8167139118085156,0.5322588646652525,296.89099031029675,352.976218100433,9271.413841910926,0.304910156444242,0.05761718753670482,166.16696672557499,197.61549948133834,5145.890307389584,0.0,0.0,8.281946904752904,9.932693407138244,216.84603799389948,0.0,0.0,12.843846484697615,15.242758738691038,409.56857101821086,0.0,0.0,74.55043707050098,88.99615543348296,2147.264226893014,0.0,0.0,51.56606947607314,62.130662745257748,1214.504436198752,0.0,0.0,28.54453188970612,33.98900965282924,857.9603838935543,32.17131662579119,22.06537491480878,436.65342204171716,520.6302138777692,13708.357300363925,0.0,0.0,64.13923417243896,77.8737056060458,1238.8285659036067,0.0,16.237255882820639,35.7644947207861,22.0,30.0,0.0,16.60398723869219,34.89628467519288,12.0,30.0,0.0,16.39871893532734,35.38919591851186,22.0,30.0,0.0,16.388510388850393,35.382909664100967,12.0,30.0,0.0,13.88812400123907,43.23566468116573,12.0,30.0,0.0,16.877113913474024,35.520540758408319,12.0,30.0,0.0,15.248766465176687,38.66307130643948,10.0,30.0,0.0,12.531390433484022,46.95586428285652,12.0,30.0,0.0,15.91106091545593,37.789034405753557,20.0,30.0,0.0,15.509230559842193,0.0,0.0,0.0,10.35817671681921,0.0,0.0,501.62735984716337,500.51599527095109,504.05542098269066,499.0832788657076,590.0388969656168,852.4730546492498,557.9103002717466,648.3649804960462,753.8497545324781,0.0,80.63996053725325,80.63996053725325,60.0,0.0,60.0,60.0,12.0,12.0,12.0,19.0,12.0,12.0,21.0,10.0,0.0,0.0,0.0,0.0,0.0,0.0,0.0,0.0,0.0,0.0,0.0,0.0,0.0,80.63996053725325,80.63996053725325,0.0,0.0,0.0,80.63996053725325,0.0,0.0,0.00224 
 03/01  02:10:00,0.7566666666666666,94.00000000000002,1.7583333333333334,0.0,0.0,0.0,0.0,0.0,2.0,2.0,0.0,0.0,0.0,0.0,0.0,496.0,0.0,0.0,0.0,0.0,0.0,0.0,0.0,0.0,0.0,0.0,0.0,16.687658872439394,-202.99747862148798,16.788597229211037,-200.51208527337077,16.64297799358539,-142.41331114145488,16.716294818252213,-207.98699499440614,13.870050255511167,-1.383438798530591,16.6214963911103,-36.259722661640697,15.222796297615146,-31.860305554510206,13.012131570140648,-229.7020645159189,15.789981604627816,-92.01829390910069,587.9637417766653,694.6925496279096,0.0,0.0,0.0,0.0,0.0,0.0,0.0,0.0,0.0,0.0,0.0,0.0,0.0,0.0,0.0,0.0,0.0,0.0,0.0,0.0,0.0,0.0,1.6710284455696132,0.5100819430920676,289.46720849620149,344.30456958232096,9057.112140392604,0.30492639779862687,0.04653943800345343,137.24555844562154,163.29542909024986,4301.71285820441,2.9517755119646584,0.5577807089880309,291.47218302508079,346.6056519984919,9123.894241075806,0.3081916245121141,0.0582372684263254,165.72099221490368,196.93593752126868,5195.412151576179,0.0,0.0,8.609893919972088,10.324319531296153,228.1648735737032,0.0,0.0,12.826961273090998,15.225829225112076,412.4386015030608,0.0,0.0,78.02940670132819,93.15979557829876,2261.9287237107585,0.0,0.0,52.17474388965446,62.88015100710848,1240.4517241154907,0.0,0.0,28.440432142734687,33.86953719815117,863.3313403111827,32.3526590247179,22.189752417502,404.6923887521224,482.7194751687002,12871.239061956625,0.0,0.0,64.8302213950305,78.7312161453147,1267.053700272911,0.0,16.277071140373179,35.33922547300961,22.0,30.0,0.0,16.394864387188095,34.97430792871595,12.0,30.0,0.0,16.1827319300138,35.636616743420258,22.0,30.0,0.0,16.41545623904907,35.20345400051339,12.0,30.0,0.0,13.851946606654652,43.00775208227692,12.0,30.0,0.0,16.81447784096664,35.366304410895448,12.0,30.0,0.0,15.147199435353138,38.569926296109517,10.0,30.0,0.0,12.44526128529358,46.83680256655444,12.0,30.0,0.0,15.865612585706664,37.576158192999219,20.0,30.0,0.0,15.417489320735627,0.0,0.0,0.0,10.275021385340772,0.0,0.0,495.0142235546798,492.13653998422117,500.7761149328327,499.60526574240887,587.5914013349947,843.1616928171723,551.7120493184519,645.1214291873891,746.8872552599958,0.0,80.63996053725325,80.63996053725325,60.0,0.0,60.0,60.0,12.0,12.0,12.0,19.0,12.0,12.0,21.0,10.0,0.0,0.0,0.0,0.0,0.0,0.0,0.0,0.0,0.0,0.0,0.0,0.0,0.0,80.63996053725325,80.63996053725325,0.0,0.0,0.0,80.63996053725325,0.0,0.0,0.00224 
 03/01  02:20:00,0.5633333333333335,94.0,1.7466666666666669,0.0,0.0,0.0,0.0,0.0,2.0,2.0,0.0,0.0,0.0,0.0,0.0,496.0,0.0,0.0,0.0,0.0,0.0,0.0,0.0,0.0,0.0,0.0,0.0,16.514462692965119,-81.01700342935556,16.75738797975794,-263.4309806309104,16.617609608479463,-262.8520468122797,16.563840946585985,-159.79490832240027,13.836128140692079,-2.5432708177599325,16.554405508475904,-34.965263936419948,15.167371911272646,-58.905676994823128,12.932144533063159,-229.5681704377315,15.744813899183797,-93.77655229686451,589.0835494943713,698.3122361737565,0.0,0.0,0.0,0.0,0.0,0.0,0.0,0.0,0.0,0.0,0.0,0.0,0.0,0.0,0.0,0.0,0.0,0.0,0.0,0.0,0.0,0.0,1.690624405044876,0.5160636157035641,317.08098399346457,377.13771451866298,9944.463253851145,0.2998114904238153,0.0457587744847093,162.46680498541137,193.01044784048413,5146.2982790047549,2.86938328152206,0.5422115044448339,299.6476711497518,356.45373106391846,9483.262698360626,0.31016559106755528,0.05861027797950777,168.9648286107685,201.0558991601202,5302.548522666315,0.0,0.0,8.248161304679954,9.893897324183197,221.23295332531894,0.0,0.0,13.133187901740591,15.592099300084446,425.60474547128447,0.0,0.0,74.24047144860789,88.66680996588033,2173.2508357242929,0.0,0.0,51.973153677424139,62.653759988736187,1247.465418933174,0.0,0.0,29.850621108333,35.55346769843877,914.8672243722722,32.47744405933485,22.27533886099785,438.6514493970081,523.315721414796,13969.416248320642,0.0,0.0,64.59624034857082,78.47073735699826,1276.2760832774057,0.0,16.049073156601144,35.719974787806197,22.0,30.0,0.0,16.413363370922974,34.816448990472,12.0,30.0,0.0,16.21072983459981,35.30499542535563,22.0,30.0,0.0,16.20156546022536,35.344438458827088,12.0,30.0,0.0,13.81674872098396,42.72592341658741,12.0,30.0,0.0,16.74516983241871,35.228220123060577,12.0,30.0,0.0,15.090688006319799,38.50879826688701,10.0,30.0,0.0,12.361238075143483,46.728447250607249,12.0,30.0,0.0,15.816765825143268,37.358469169493528,20.0,30.0,0.0,15.320385771655332,0.0,0.0,0.0,10.183822025317124,0.0,0.0,495.53850026385205,493.43427302532145,497.23657246332399,493.2490264062959,583.627578760353,835.7165691681378,552.3541796474098,642.175644719926,738.0958565095245,0.0,80.63996053725325,80.63996053725325,60.0,0.0,60.0,60.0,12.0,12.0,12.0,19.0,12.0,12.0,21.0,10.0,0.0,0.0,0.0,0.0,0.0,0.0,0.0,0.0,0.0,0.0,0.0,0.0,0.0,80.63996053725325,80.63996053725325,0.0,0.0,0.0,80.63996053725325,0.0,0.0,0.0022266666666666669 
 03/01  02:30:00,0.37,94.0,1.7349999999999999,0.0,0.0,0.0,0.0,0.0,2.0,2.0,0.0,0.0,0.0,0.0,0.0,496.0,0.0,0.0,0.0,0.0,0.0,0.0,0.0,0.0,0.0,0.0,0.0,16.505463551699486,-204.37910892415403,16.600888491033694,-205.07517045606756,16.45526570240983,-140.11892174670266,16.545284539795973,-213.27116032890059,13.80058733364464,-2.180197904657703,16.490256521035496,-37.476465476550689,15.090032240192752,-38.18371135132088,12.852424061912311,-232.44561988612009,15.69954639969967,-97.04728130358586,596.534895798819,707.1644266798058,0.0,0.0,0.0,0.0,0.0,0.0,0.0,0.0,0.0,0.0,0.0,0.0,0.0,0.0,0.0,0.0,0.0,0.0,0.0,0.0,0.0,0.0,1.7018127597146798,0.5194788643817705,299.8129807546302,356.810685570478,9504.288023005203,0.31020636547689486,0.04734529387620495,145.2899172618864,172.960838490957,4612.1661750215439,3.006603248739917,0.5681412034655928,296.943317631478,353.31607951813887,9418.609947062709,0.3132759392356832,0.05919802328716612,168.60819778415795,200.47601376737,5356.811872606574,0.0,0.0,8.56594062291758,10.273361885344876,232.45110192582167,0.0,0.0,13.111160796826029,15.569169593496526,428.34550797541626,0.0,0.0,77.60030759915458,92.68872026849698,2286.5923835576625,0.0,0.0,52.547392388390907,63.36150659276088,1273.1462341434584,0.0,0.0,29.71840490872956,35.40084761224308,919.5423085131663,32.652207023385447,22.395203719743109,418.65346839898509,499.645156952095,13484.576646885685,0.0,0.0,65.25042568803767,79.28482348506097,1303.737054560755,0.0,16.08865445756063,35.2461407359514,22.0,30.0,0.0,16.20101160354242,34.85583277006951,12.0,30.0,0.0,15.992933393432132,35.52127607225388,22.0,30.0,0.0,16.232434652609457,35.111004088912469,12.0,30.0,0.0,13.779157270969178,42.53328812026223,12.0,30.0,0.0,16.681231612012728,35.0994064498481,12.0,30.0,0.0,14.9927187366013,38.392050297554259,10.0,30.0,0.0,12.276996375757499,46.63543396801582,12.0,30.0,0.0,15.768500036293287,37.19383082638605,20.0,30.0,0.0,15.236865148705923,0.0,0.0,0.0,10.097153235425282,0.0,0.0,489.84807466371668,486.4005480467163,494.6033331666779,493.82216673332325,581.0866505802453,827.7444434415578,546.5075963928343,638.7461549667107,732.4542151904027,0.0,80.63996053725325,80.63996053725325,60.0,0.0,60.0,60.0,12.0,12.0,12.0,19.0,12.0,12.0,21.0,10.0,0.0,0.0,0.0,0.0,0.0,0.0,0.0,0.0,0.0,0.0,0.0,0.0,0.0,80.63996053725325,80.63996053725325,0.0,0.0,0.0,80.63996053725325,0.0,0.0,0.0022133333333333338 
 03/01  02:40:00,0.17666666666666673,94.0,1.7233333333333334,0.0,0.0,0.0,0.0,0.0,2.0,2.0,0.0,0.0,0.0,0.0,0.0,496.0,0.0,0.0,0.0,0.0,0.0,0.0,0.0,0.0,0.0,0.0,0.0,16.331224770260719,-80.45658722824419,16.572191589495277,-262.9421390667942,16.432381815244768,-262.2316402138749,16.390762120303746,-164.96074178236905,13.765390302127317,-3.271147144251259,16.42256530586802,-36.24679392789241,15.035556767802764,-65.03690977003908,12.77296355327185,-232.8287939553686,15.652236794964527,-98.85271259874065,596.6787983353925,711.4365231934417,0.0,0.0,0.0,0.0,0.0,0.0,0.0,0.0,0.0,0.0,0.0,0.0,0.0,0.0,0.0,0.0,0.0,0.0,0.0,0.0,0.0,0.0,1.721002426385367,0.5253365159906493,321.5765664021877,382.71242004997966,10217.548692462273,0.30553862060762496,0.046632878603117367,164.68289076040953,195.75978310442606,5285.0050960682169,2.9224489194751399,0.5522390248441309,306.60748672072779,364.9410136756647,9832.152393800583,0.31526965153026489,0.05957476408357233,173.26135757172654,206.28725154648044,5509.204435920243,0.0,0.0,8.196050121274613,9.833182284694403,225.03141939233638,0.0,0.0,13.401677461401946,15.917008056061864,441.20325541906098,0.0,0.0,73.82904750966728,88.21452162061033,2196.868779653256,0.0,0.0,52.33093599579705,63.117047935774937,1279.8277074357453,0.0,0.0,31.054422589852096,36.997236800734089,969.8275231262614,32.773214373522737,22.47819915879475,447.7506375321293,534.4881470799584,14448.421754914318,0.0,0.0,64.99957325191193,79.00528394730867,1311.9627919974374,0.0,15.858022836411731,35.60371903953511,22.0,30.0,0.0,16.22462030230404,34.669489487469089,12.0,30.0,0.0,16.02386775860524,35.150834835650638,22.0,30.0,0.0,16.01494574663295,35.2195166837067,12.0,30.0,0.0,13.742628598643549,42.26940405824366,12.0,30.0,0.0,16.611018645080745,34.96750701933898,12.0,30.0,0.0,14.93878541801433,38.309749859608519,10.0,30.0,0.0,12.19324041819504,46.536528659007007,12.0,30.0,0.0,15.717326061664564,36.99899232845536,20.0,30.0,0.0,15.13532475534564,0.0,0.0,0.0,10.000840269907151,0.0,0.0,490.45266312170846,488.0895528426487,491.7164984029397,488.2878996554638,577.2429241261822,821.5971802417773,547.2829949348552,635.8209417218949,724.9002384557949,0.0,80.63996053725325,80.63996053725325,60.0,0.0,60.0,60.0,12.0,12.0,12.0,19.0,12.0,12.0,21.0,10.0,0.0,0.0,0.0,0.0,0.0,0.0,0.0,0.0,0.0,0.0,0.0,0.0,0.0,80.63996053725325,80.63996053725325,0.0,0.0,0.0,80.63996053725325,0.0,0.0,0.0022 
 03/01  02:50:00,-0.01666666666666669,94.0,1.7116666666666667,0.0,0.0,0.0,0.0,0.0,2.0,2.0,0.0,0.0,0.0,0.0,0.0,496.0,0.0,0.0,0.0,0.0,0.0,0.0,0.0,0.0,0.0,0.0,0.0,16.325097557343847,-205.67221350837009,16.413072504133149,-210.6242712047847,16.26885076238332,-138.96587466137454,16.374005576617763,-218.28250887241598,13.728644654777039,-2.9598884574734969,16.358078949443134,-38.569089923719818,14.957149344683529,-44.682065396906867,12.693200058577287,-236.2612753961107,15.604977596528166,-102.01442745351682,606.7743126386558,720.968107109492,0.0,0.0,0.0,0.0,0.0,0.0,0.0,0.0,0.0,0.0,0.0,0.0,0.0,0.0,0.0,0.0,0.0,0.0,0.0,0.0,0.0,0.0,1.7322683052483723,0.5287754289524946,312.828717575044,372.5111584479434,10046.4520570719,0.315217702599096,0.04811014996933699,154.9780440928811,184.59696131081558,4981.644493498476,3.0611656117156125,0.578451551722527,304.58816970125607,362.628901331963,9786.58333032145,0.31836458289457617,0.06015959616299622,172.5976166069279,205.33433776194637,5556.427316229055,0.0,0.0,8.510886045182476,10.209099063892069,236.3318544813953,0.0,0.0,13.38172495428648,15.896613339620459,444.0650447421058,0.0,0.0,77.12569614165833,92.16260401112325,2309.7379196004378,0.0,0.0,52.899643804306268,63.81871503769945,1305.6573665591514,0.0,0.0,30.904829148036926,36.824295468024129,974.1099391232494,32.944818410125439,22.595897400634738,436.46341723192509,521.1906988869231,14228.104504063214,0.0,0.0,65.64431595683678,79.81006199582913,1338.845981299898,0.0,15.901763289698295,35.084873215582657,22.0,30.0,0.0,16.006425519830427,34.67861432439773,12.0,30.0,0.0,15.802506363041225,35.34704359087111,22.0,30.0,0.0,16.049629231810884,34.952029169589739,12.0,30.0,0.0,13.703791365776955,42.08968650697382,12.0,30.0,0.0,16.546695597197485,34.84335977422962,12.0,30.0,0.0,14.839758345579078,38.16864933608073,10.0,30.0,0.0,12.108358317678937,46.44163797964683,12.0,30.0,0.0,15.666924636883414,36.84426471260667,20.0,30.0,0.0,15.058045133644477,0.0,0.0,0.0,9.908254162589369,0.0,0.0,485.71473550177259,482.098483424749,489.68913000722196,488.98928337133477,574.8376744676377,814.6417070032098,542.1058541102595,632.7614453611868,720.0806842046563,0.0,80.63996053725325,80.63996053725325,60.0,0.0,60.0,60.0,12.0,12.0,12.0,19.0,12.0,12.0,21.0,10.0,0.0,0.0,0.0,0.0,0.0,0.0,0.0,0.0,0.0,0.0,0.0,0.0,0.0,80.63996053725325,80.63996053725325,0.0,0.0,0.0,80.63996053725325,0.0,0.0,0.0021933333333333338 
 03/01  03:00:00,-0.21,94.0,1.7,0.0,0.0,0.0,0.0,0.0,2.0,2.0,0.0,0.0,0.0,0.0,0.0,496.0,0.0,0.0,0.0,0.0,0.0,0.0,0.0,0.0,0.0,0.0,0.0,16.149198919621559,-79.81832179928188,16.389958858729693,-263.24280513109377,16.247585021225434,-262.2991147223074,16.21530240052845,-169.34582029933518,13.69237300630452,-3.986593468688554,16.292089260766589,-37.510768778181589,14.902911694691767,-71.20174215023985,12.61244573517686,-237.10434534402897,15.554992430317725,-103.94978350963334,605.259586971205,726.054372192703,0.0,0.0,0.0,0.0,0.0,0.0,0.0,0.0,0.0,0.0,0.0,0.0,0.0,0.0,0.0,0.0,0.0,0.0,0.0,0.0,0.0,0.0,1.751220599480332,0.5345606225519939,326.67000061857768,389.0092518256521,10513.807009984128,0.3111499371944163,0.04748930665360444,166.96248218187177,198.58851703785147,5427.818766095972,2.9765328666271566,0.5624589695062656,314.34413164533467,374.36610860206306,10211.924043441211,0.32048072507695549,0.0605594718588351,177.78282651184578,211.793754098843,5726.704616685323,0.0,0.0,8.13612110911489,9.763139934319023,228.50991723115335,0.0,0.0,13.662253772707136,16.232772188898598,456.81723388297089,0.0,0.0,73.43535503231453,87.78333253869556,2220.6900693965096,0.0,0.0,52.69026692248854,63.58325169429549,1312.3214881404375,0.0,0.0,32.1723579444964,38.34000987292292,1023.189335849255,33.06523140252575,22.67848518691753,457.6468242413782,546.6310029321547,14959.258100914554,0.0,0.0,65.39915877415896,79.53924957924278,1346.4452827325295,0.0,15.667742755431739,35.42507634633063,22.0,30.0,0.0,16.03657716783094,34.46751740820042,12.0,30.0,0.0,15.8366371853559,34.94364552044857,22.0,30.0,0.0,15.828115932342277,35.032845739099268,12.0,30.0,0.0,13.666256823582309,41.82120699327781,12.0,30.0,0.0,16.47684296513568,34.69888476946209,12.0,30.0,0.0,14.787119211287586,38.07095100592598,10.0,30.0,0.0,12.022778183593087,46.33789550624306,12.0,30.0,0.0,15.613393096841689,36.647647575929159,20.0,30.0,0.0,14.949638611450306,0.0,0.0,0.0,9.806267580567415,0.0,0.0,486.3305267295816,483.94401113531276,487.34851295822576,484.2531664791867,571.2960882750915,809.4831544826872,543.1210001044816,630.2117302364312,713.6081577093769,0.0,80.63996053725325,80.63996053725325,60.0,0.0,60.0,60.0,12.0,12.0,12.0,19.0,12.0,12.0,21.0,10.0,0.0,0.0,0.0,0.0,0.0,0.0,0.0,0.0,0.0,0.0,0.0,0.0,0.0,80.63996053725325,80.63996053725325,0.0,0.0,0.0,80.63996053725325,0.0,0.0,0.0021866666666666668 
 03/01  03:10:00,-0.19166666666666666,94.16666666666667,1.6783333333333335,0.0,0.0,0.0,0.0,0.0,2.0,2.0,0.0,0.0,0.0,0.0,0.0,496.0,0.0,0.0,0.0,0.0,0.0,0.0,0.0,0.0,0.0,0.0,0.0,16.15083414512857,-203.42100543767629,16.234936639415957,-213.33406121752615,16.086513874233224,-136.78120542952594,16.204973550652789,-217.9782330953867,13.654871114251503,-3.799595487435255,16.231973034943395,-39.57398613709654,14.82280760492661,-51.36668352356014,12.533373914662065,-240.92922930335875,15.507173755085447,-107.0799279040433,601.7279371183531,734.6632642601584,0.0,0.0,0.0,0.0,0.0,0.0,0.0,0.0,0.0,0.0,0.0,0.0,0.0,0.0,0.0,0.0,0.0,0.0,0.0,0.0,0.0,0.0,1.7322528369987076,0.5287707072645628,325.272140405765,387.54976241955168,10448.877420499368,0.31409472248745998,0.04793875495840354,164.44097375719719,195.9838122802321,5283.830070361326,3.057957807489041,0.5778453906819807,311.90870745294355,371.5786397910786,10018.01765545816,0.3182201427969971,0.06013230211583466,176.43564032242498,210.02504778810536,5682.068874800119,0.0,0.0,8.408308198349952,10.088227295166935,235.18347327369376,0.0,0.0,13.608341600906425,16.172566760504833,452.91343150462787,0.0,0.0,76.38626517632724,91.32355206161486,2291.7847004877987,0.0,0.0,53.209847180659377,64.22890475505293,1314.301162108849,0.0,0.0,32.0160971382378,38.161013992509058,1013.8358756907485,32.96958118750556,22.612881472911917,453.54595518209006,541.8827205114263,14767.553397565294,0.0,0.0,65.85857283787513,80.12409399951761,1340.481314742175,0.0,15.725703015378983,34.880522793776339,22.0,30.0,0.0,15.819314573845464,34.47610364123487,12.0,30.0,0.0,15.617840701449734,35.148407717161749,22.0,30.0,0.0,15.871442233750916,34.75619036845033,12.0,30.0,0.0,13.626982831469622,41.642727333525687,12.0,30.0,0.0,16.415085806064096,34.5680120509451,12.0,30.0,0.0,14.68580477919948,37.91513048476896,10.0,30.0,0.0,11.936778319135837,46.230092627060539,12.5,30.0,0.0,15.561347553633322,36.489199717749077,20.0,30.0,0.0,14.898493645732277,0.0,0.0,0.0,9.707217513312433,0.0,0.0,482.51743170620218,478.81835675109076,485.85880363281378,485.1235321138249,569.2830443853883,803.5896601170744,538.8197462506857,627.8316876279437,709.6712119151017,0.0,80.63996053725325,80.63996053725325,60.0,0.0,60.0,60.0,12.0,12.0,12.0,19.0,12.0,12.0,21.0,10.0,0.0,0.0,0.0,0.0,0.0,0.0,0.0,0.0,0.0,0.0,0.0,0.0,0.0,80.63996053725325,80.63996053725325,0.0,0.0,0.0,80.63996053725325,0.0,0.0,0.00218 
 03/01  03:20:00,-0.17333333333333335,94.33333333333334,1.6566666666666668,0.0,0.0,0.0,0.0,0.0,2.0,2.0,0.0,0.0,0.0,0.0,0.0,496.0,0.0,0.0,0.0,0.0,0.0,0.0,0.0,0.0,0.0,0.0,0.0,15.980132064993566,-77.79651000336844,16.22089074626023,-253.42871614708816,16.077429945622077,-253.1160136888393,16.05739944533449,-168.0628407224517,13.618150334673337,-4.751557426785112,16.16924657980838,-38.67277295941818,14.769383166221232,-76.30213474644245,12.454292596042388,-242.01749015568363,15.458033089172745,-109.02778792316542,583.2121873648493,738.8744133804079,0.0,0.0,0.0,0.0,0.0,0.0,0.0,0.0,0.0,0.0,0.0,0.0,0.0,0.0,0.0,0.0,0.0,0.0,0.0,0.0,0.0,0.0,1.721925363746975,0.5256182429020071,324.2746987128045,386.3880348740327,10306.084084968872,0.30607816386247396,0.04671522647473657,166.0595803899641,197.63285851253338,5333.227011329901,2.916845969919457,0.5511802664246899,312.94811314265606,372.9170943705004,10042.893166295504,0.31445126631621475,0.05942011835151448,177.47751348612094,211.5541238941413,5646.996234668717,0.0,0.0,8.030400637908317,9.638821117182232,223.73995102674076,0.0,0.0,13.814120213614459,16.420554388061026,457.48652320205806,0.0,0.0,72.8125908456836,87.08403259841382,2175.1931213918307,0.0,0.0,52.9968988597448,63.991614927160018,1298.1743108131435,0.0,0.0,33.16996685652306,39.543541195694157,1045.7090177602905,32.83193365615225,22.518473015193597,455.53930462653218,544.3917412992008,14716.469669689042,0.0,0.0,65.4846017519629,79.70024098292294,1316.849062820721,0.0,15.500242427186631,35.241941932672819,22.0,30.0,0.0,15.864894510144927,34.293737971845818,12.0,30.0,0.0,15.67155407890465,34.755733153355809,22.0,30.0,0.0,15.662698267315705,34.84084261254471,12.0,30.0,0.0,13.5895457604547,41.365894802864179,12.0,30.0,0.0,16.348206858449566,34.409066173276048,12.0,30.0,0.0,14.63557056828495,37.8449981257547,10.0,30.0,0.0,11.851062958699274,46.119305304965838,13.0,30.0,0.0,15.507444492855886,36.28980946924172,20.0,30.0,0.0,14.806565201284151,0.0,0.0,0.0,9.603031984757582,0.0,0.0,483.1345065581636,480.8479921648426,484.0082893766937,480.88763567841797,566.3043148334357,799.8614846247117,540.2536189030017,626.1596341155774,704.5426566138904,0.0,80.63996053725325,80.63996053725325,60.0,0.0,60.0,60.0,12.0,12.0,12.0,19.0,12.0,12.0,21.0,10.0,0.0,0.0,0.0,0.0,0.0,0.0,0.0,0.0,0.0,0.0,0.0,0.0,0.0,80.63996053725325,80.63996053725325,0.0,0.0,0.0,80.63996053725325,0.0,0.0,0.002183333333333333 
 03/01  03:30:00,-0.155,94.5,1.635,0.0,0.0,0.0,0.0,0.0,2.0,2.0,0.0,0.0,0.0,0.0,0.0,496.0,0.0,0.0,0.0,0.0,0.0,0.0,0.0,0.0,0.0,0.0,0.0,15.989209879284683,-196.86058586413948,16.078206857955825,-204.80711793803108,15.925864483126495,-134.34342799350589,16.052902863010244,-212.9893159360338,13.580251355949429,-4.548690446101972,16.11082233309458,-40.566257985132128,14.690903608941126,-56.12284037003474,12.375447162190629,-245.77219891862854,15.409501698739473,-111.9461924014293,579.1397311960727,747.7901760709581,0.0,0.0,0.0,0.0,0.0,0.0,0.0,0.0,0.0,0.0,0.0,0.0,0.0,0.0,0.0,0.0,0.0,0.0,0.0,0.0,0.0,0.0,1.7037221222541613,0.5200616978797806,311.5820058953173,371.43532787917908,9895.16884390434,0.3094966751831839,0.047236977286810737,155.99213161366144,186.0127445749408,4955.960928913938,2.997681410166848,0.5664552929264642,302.29819905446836,360.31092277617418,9599.789335648013,0.312956301044619,0.059137623024304409,171.77779922069179,204.58657032159017,5468.404335305936,0.0,0.0,8.321724071991368,9.987078810730875,230.89701010962399,0.0,0.0,13.741032522189965,16.33734258740369,453.0055677039725,0.0,0.0,75.97431590891418,90.87802158422575,2252.1789278960566,0.0,0.0,53.56452932276791,64.69579671737657,1301.0608357057502,0.0,0.0,32.91725645804982,39.249469906146519,1033.2133204705602,32.749479307699179,22.461919964128385,435.2901333448597,520.3240595236492,14040.342550983347,0.0,0.0,66.0028730671221,80.35616780211702,1312.2602774085495,0.0,15.571598327922882,34.691911831279487,22.0,30.0,0.0,15.668389152131688,34.27435876705944,12.0,30.0,0.0,15.467930705279173,34.96288783130027,22.0,30.0,0.0,15.715628681654302,34.595282369111178,12.0,30.0,0.0,13.550371866496257,41.193336638030789,12.0,30.0,0.0,16.288889684185855,34.279291664928269,12.0,30.0,0.0,14.538417837842914,37.67332405657491,10.0,30.0,0.0,11.765318189632195,46.01207731684311,13.0,30.0,0.0,15.455108428760548,36.14309021580024,20.0,30.0,0.0,14.752136834361896,0.0,0.0,0.0,9.507536719783812,0.0,0.0,479.0081421165463,475.15857177391708,482.71607284906988,482.04454907850029,564.757203458623,795.2645866424311,535.8325820553891,624.4050488803919,701.86617565819,0.0,80.63996053725325,80.63996053725325,60.0,0.0,60.0,60.0,12.0,12.0,12.0,19.0,12.0,12.0,21.0,10.0,0.0,0.0,0.0,0.0,0.0,0.0,0.0,0.0,0.0,0.0,0.0,0.0,0.0,80.63996053725325,80.63996053725325,0.0,0.0,0.0,80.63996053725325,0.0,0.0,0.0021866666666666668 
 03/01  03:40:00,-0.13666666666666667,94.66666666666666,1.6133333333333333,0.0,0.0,0.0,0.0,0.0,2.0,2.0,0.0,0.0,0.0,0.0,0.0,496.0,0.0,0.0,0.0,0.0,0.0,0.0,0.0,0.0,0.0,0.0,0.0,15.826605670819698,-77.04006239461296,16.066275819329396,-247.15693295769189,15.91847942540089,-245.67391045521254,15.911928416708987,-167.37167443999398,13.542936338445422,-5.372036044908697,16.049794174238835,-39.56478357350667,14.637578666535369,-79.68732917635737,12.296877845998097,-246.52337155209779,15.359746948457588,-113.79138564033417,563.3269889012563,751.8443730136055,0.0,0.0,0.0,0.0,0.0,0.0,0.0,0.0,0.0,0.0,0.0,0.0,0.0,0.0,0.0,0.0,0.0,0.0,0.0,0.0,0.0,0.0,1.6942098006606448,0.5171580588097207,313.31591944199917,373.5026042766391,9849.650870615962,0.30145008062514985,0.046008864564278068,161.0835962572101,191.80518353999529,5115.436371114469,2.8617369469237499,0.5407666188442462,302.109506846715,360.18188495932278,9587.118175675847,0.30942297514726049,0.058469949952241199,172.50635819233666,205.7302118213451,5427.761289019672,0.0,0.0,7.956391537376803,9.552427762908179,219.88984423849323,0.0,0.0,13.927804288032636,16.562715052072883,456.9328946288225,0.0,0.0,72.61823737331307,86.89460622351541,2143.4264293080807,0.0,0.0,53.38915170382441,64.50359210453482,1285.931432708221,0.0,0.0,33.95078886345077,40.489209097917399,1060.8636790395408,32.62117486198518,22.373919658426059,439.62037335008156,525.600241216981,14069.848618537868,0.0,0.0,65.67438079484117,79.98570933758058,1290.3402273009743,0.0,15.35786830325187,35.06088264829832,22.0,30.0,0.0,15.71499464075325,34.142261202448469,12.0,30.0,0.0,15.5229428680105,34.60799498981578,22.0,30.0,0.0,15.516726703517432,34.672731866094299,12.0,30.0,0.0,13.512629229121778,40.92928196232023,12.0,30.0,0.0,16.22449292395863,34.12815300002332,12.0,30.0,0.0,14.488974426027206,37.63044117049884,10.0,30.0,0.0,11.680462659386567,45.905776329840907,13.0,30.0,0.0,15.401004967139685,35.95718820705923,20.0,30.0,0.0,14.667807291054118,0.0,0.0,0.0,9.408707025265631,0.0,0.0,479.78368288978938,477.62929776654667,480.89575478039088,477.40144500425915,562.1591712105337,792.4343463874534,537.4201754006513,622.928916269828,697.665811966004,0.0,80.63996053725325,80.63996053725325,60.0,0.0,60.0,60.0,12.0,12.0,12.0,19.0,12.0,12.0,21.0,10.0,0.0,0.0,0.0,0.0,0.0,0.0,0.0,0.0,0.0,0.0,0.0,0.0,0.0,80.63996053725325,80.63996053725325,0.0,0.0,0.0,80.63996053725325,0.0,0.0,0.00219 
 03/01  03:50:00,-0.11833333333333333,94.83333333333333,1.5916666666666666,0.0,0.0,0.0,0.0,0.0,2.0,2.0,0.0,0.0,0.0,0.0,0.0,248.0,0.0,0.0,0.0,0.0,0.0,0.0,0.0,0.0,0.0,0.0,0.0,15.770563125962806,-176.61328112920365,16.029832749324169,-66.59467125246613,15.888697331815689,-39.242320891511557,15.846275764291735,-238.79963112949646,13.501829169662483,-3.8241308044704569,15.984539461603724,-41.95901052014284,14.584495426251716,-45.01253757193035,12.21886520045103,-239.65723797667466,15.305916100812189,-113.34528550379844,512.7701675178987,763.3077096981374,0.0,0.0,0.0,0.0,0.0,0.0,0.0,0.0,0.0,0.0,0.0,0.0,0.0,0.0,0.0,0.0,0.0,0.0,0.0,0.0,0.0,0.0,1.673307835341988,0.5107777275158694,173.10887739933663,206.2404899988836,5415.262230163305,0.3128673646620959,0.04775142928298168,34.55377830822123,41.10579401890938,1108.7435169928616,3.0170557621265114,0.5701163571667635,277.3212435167113,330.05340510235978,8825.214523251316,0.3130130080646105,0.0591483386365477,152.49174504541544,181.58576978776649,4777.220101504209,0.0,0.0,8.545256262574548,10.243223683825452,235.14703438936963,0.0,0.0,13.8279478293391,16.422624795775204,451.30836668113889,0.0,0.0,78.37974660108476,93.64152598925384,2303.4912725232459,0.0,0.0,53.862342014808209,64.98964492438434,1286.7108099789016,0.0,0.0,33.2060222456387,39.54732590880224,1032.6622916097627,32.579853634735247,22.34557862464695,279.0383250307958,333.4396816897185,9145.980239255032,0.0,0.0,66.16324707840606,80.47758977248107,1286.332251131367,0.0,15.29796841527104,34.75212645620387,22.0,30.0,0.0,15.72797917055921,33.808444735692258,12.0,30.0,0.0,15.559531645936407,34.942651210948877,22.0,30.0,0.0,15.445616847598846,34.38366535962678,12.0,30.0,0.0,13.467881189050149,40.698416187102427,12.0,30.0,0.0,16.15069911856011,33.99063012696797,12.0,30.0,0.0,14.442668525844895,37.82139346920649,10.0,30.0,0.0,11.596210487847113,45.987068651862589,13.0,30.0,0.0,15.339075774731923,35.86468540651999,20.0,30.0,0.0,14.452323720802406,0.0,0.0,0.0,9.321981684771107,0.0,0.0,472.96108066387668,471.11220921936896,490.90938749139385,467.31449043580377,560.7260505342973,790.0085869952482,537.1848092967707,622.8464187982424,698.2889228225399,0.0,80.63996053725325,80.63996053725325,60.0,0.0,60.0,60.0,12.0,12.0,12.0,19.0,12.0,12.0,21.0,10.0,0.0,0.0,0.0,0.0,0.0,0.0,0.0,0.0,0.0,0.0,0.0,0.0,0.0,80.63996053725325,80.63996053725325,0.0,0.0,0.0,80.63996053725325,0.0,0.0,0.0021966666666666668 
 03/01  04:00:00,-0.1,95.0,1.57,0.0,0.0,0.0,0.0,0.0,2.0,2.0,0.0,0.0,0.0,0.0,0.0,496.0,0.0,0.0,0.0,0.0,0.0,0.0,0.0,0.0,0.0,0.0,0.0,15.783344897991915,-91.55597224288704,15.93761150855759,-218.79289869553984,15.769084937585716,-198.83448458377235,15.83355293145452,-140.09567693332134,13.46784468777544,-5.164359457523815,15.934409586109162,-38.86288477305169,14.522739135334094,-67.00550054358428,12.15238874969503,-247.9966819638654,15.26376499538587,-114.4660332799819,531.0339337314454,770.134184635682,0.0,0.0,0.0,0.0,0.0,0.0,0.0,0.0,0.0,0.0,0.0,0.0,0.0,0.0,0.0,0.0,0.0,0.0,0.0,0.0,0.0,0.0,1.6648471845043976,0.5081951112650787,222.24478804145088,265.151278515399,6993.855001775873,0.30066875163686748,0.04588961410819101,99.37158880064998,118.63032043547682,3130.4899429517738,2.8862175699540986,0.5453925869149847,234.89521561349938,280.1276806214112,7396.291992635794,0.31256021449785317,0.059062776738067469,132.09832389104967,157.45597034573229,4145.430714770061,0.0,0.0,8.127725505234196,9.758335589703269,222.81297755783556,0.0,0.0,13.78946363097787,16.404928436500954,448.2938935578951,0.0,0.0,75.2135145385432,90.01785771678793,2196.9772420526744,0.0,0.0,54.05175954556002,65.33463918443155,1282.217864181594,0.0,0.0,33.35131379867768,39.787367810880727,1033.2246217911593,32.50399916073293,22.293552236442346,309.566688733213,370.5046552048155,10040.293883701066,0.0,0.0,66.27265151982715,80.75972736383997,1274.1588300099839,0.0,15.419808333862367,34.588643956425247,22.0,30.0,0.0,15.591393433325166,33.84055153211986,12.0,30.0,0.0,15.377796917000424,34.69466731965498,22.0,30.0,0.0,15.503070890389584,34.5567192077632,12.0,30.0,0.0,13.437386235545596,40.6422432569198,12.0,30.0,0.0,16.107438726906709,33.94625672621714,12.0,30.0,0.0,14.372683715948709,37.550583076542597,10.0,30.0,0.0,11.533363436332799,45.93526566562426,13.0,30.0,0.0,15.300599369712526,35.84515282428687,20.0,30.0,0.0,14.465808755109478,0.0,0.0,0.0,9.234861888725853,0.0,0.0,476.56465961133628,467.45725258533607,479.4198549136481,477.3589625480523,559.8854688619565,788.012495171404,533.4691276001516,621.0782984478792,697.2526405648691,0.0,80.63996053725325,80.63996053725325,60.0,0.0,60.0,60.0,12.0,12.0,12.0,19.0,12.0,12.0,21.0,10.0,0.0,0.0,0.0,0.0,0.0,0.0,0.0,0.0,0.0,0.0,0.0,0.0,0.0,80.63996053725325,80.63996053725325,0.0,0.0,0.0,80.63996053725325,0.0,0.0,0.0022033333333333338 
 03/01  04:10:00,-0.21666666666666668,95.0,1.5483333333333334,0.0,0.0,0.0,0.0,0.0,2.0,2.0,0.0,0.0,0.0,0.0,0.0,248.0,0.0,0.0,0.0,0.0,0.0,0.0,0.0,0.0,0.0,0.0,0.0,15.803944506279543,-10.336974416429257,15.797918759927758,-339.2802720185491,15.682060012647764,-213.05752945515816,15.858738744153479,-11.43427715318353,13.425198641348598,-5.082449641539313,15.870855650485396,-37.068012332836648,14.450456500193717,-71.8247850060825,12.070106345114909,-243.46026864321812,15.20994375557614,-114.00900434885841,486.580818974664,778.8781237464659,0.0,0.0,0.0,0.0,0.0,0.0,0.0,0.0,0.0,0.0,0.0,0.0,0.0,0.0,0.0,0.0,0.0,0.0,0.0,0.0,0.0,0.0,1.6672779637206415,0.5089371073628332,236.1507691997989,281.09726694017538,7521.720962872463,0.2981982683347002,0.045512556217139839,167.01101199342825,198.91381386955579,5244.111012231098,2.863305518367351,0.5410630231230824,95.668872086721,113.98256714617132,3068.9913887745267,0.3159460604463264,0.05970258133906393,33.51615133744321,39.88211432102646,1075.2875671699549,0.0,0.0,7.962914722037275,9.547635808578442,219.4951070333914,0.0,0.0,13.909443272637042,16.525758802823498,453.7159733823661,0.0,0.0,73.96807551973713,88.423132187195,2165.726233260832,0.0,0.0,54.15403023880063,65.37658408242693,1287.974171555351,0.0,0.0,33.75887358197659,40.21889792253517,1050.0623739949106,32.58540485928839,22.34938604889465,220.05103552015079,263.1392366427539,7355.60214361783,0.0,0.0,66.3804587302081,80.78863814133605,1281.3507688396458,0.0,15.534797750516733,34.20992683280759,22.0,30.0,0.0,15.385281642671364,34.18135342251835,12.0,30.0,0.0,15.281727717275127,34.5134472756761,22.0,30.0,0.0,15.616373930439139,34.29411678210262,12.0,30.0,0.0,13.390136682631536,40.51075820702895,12.0,30.0,0.0,16.03836641826413,33.85596005037355,12.0,30.0,0.0,14.283182113755393,37.53979234474939,10.0,30.0,0.0,11.44071761230653,45.99946187190353,13.0,30.0,0.0,15.23974009065735,35.77077740024198,20.0,30.0,0.0,14.227350344586565,0.0,0.0,0.0,9.151144895269747,0.0,0.0,476.2038803319923,466.55440246342217,476.9702537646416,479.78876257305986,557.7271658510401,784.143015174163,531.5844748044542,619.4163489177942,694.0191306214987,0.0,80.63996053725325,80.63996053725325,60.0,0.0,60.0,60.0,12.0,12.0,12.0,19.0,12.0,12.0,21.0,10.0,0.0,0.0,0.0,0.0,0.0,0.0,0.0,0.0,0.0,0.0,0.0,0.0,0.0,80.63996053725325,80.63996053725325,0.0,0.0,0.0,80.63996053725325,0.0,0.0,0.00221 
 03/01  04:20:00,-0.33333333333333339,95.0,1.5266666666666669,0.0,0.0,0.0,0.0,0.0,2.0,2.0,0.0,0.0,0.0,0.0,0.0,744.0,0.0,0.0,0.0,0.0,0.0,0.0,0.0,0.0,0.0,0.0,0.0,15.654804802224334,-136.75608381222777,15.765565913196192,-159.99420726029008,15.688574402886659,-36.373278702909207,15.747716950829015,-254.55707725585914,13.392199807147176,-5.408974825350856,15.82063763195167,-41.49148209791974,14.408203749926943,-64.3165846940137,12.00431574321194,-253.4130919611319,15.168141440806889,-118.59212765504788,476.59619397357667,783.2088486625636,0.0,0.0,0.0,0.0,0.0,0.0,0.0,0.0,0.0,0.0,0.0,0.0,0.0,0.0,0.0,0.0,0.0,0.0,0.0,0.0,0.0,0.0,1.6941499431871692,0.5171397872976705,202.61614401237285,241.94901589623519,6406.173189257952,0.31657608145345,0.04831747274930555,103.84589631332199,123.91639647686105,3295.0436423793687,2.8940950111532435,0.5468811434529938,147.9294978252586,176.6887414983078,4758.324054631203,0.308724058962571,0.058337879622556838,107.21349536134405,128.01438263976304,3402.087989828783,0.0,0.0,8.323587030629552,10.0021290442439,230.88074243781836,0.0,0.0,13.825303261938473,16.461880835382865,452.91898800035286,0.0,0.0,76.57041733694752,91.73208231278245,2255.0823030164258,0.0,0.0,54.523541012498849,65.97370014125213,1302.7925988484554,0.0,0.0,34.14525229298131,40.76818482472156,1067.3251629824497,32.68889047005518,22.420363834057047,225.86680992849953,270.82456468532527,7575.881411173616,0.0,0.0,66.76281121325495,81.44648008494458,1293.23457253417,0.0,15.28203284369237,34.60065823731702,21.999999999999994,29.99999999999999,0.0,15.421923530576795,34.13280193820953,11.999999999999995,29.99999999999999,0.0,15.380324225090974,34.489298736029699,21.999999999999994,29.99999999999999,0.0,15.423356959086597,34.11901417822368,11.999999999999995,29.99999999999999,0.0,13.362570991306788,40.41986688139094,11.999999999999995,29.99999999999999,0.0,15.995294543952192,33.83325042267286,11.999999999999995,29.99999999999999,0.0,14.254853821822972,37.489975291043219,9.999999999999997,29.99999999999999,0.0,11.379937301017906,45.970177407190949,12.999999999999993,29.99999999999999,0.0,15.202991609055072,35.70831651620989,19.999999999999994,29.99999999999999,0.0,14.100374199739223,0.0,0.0,0.0,9.067829746686762,0.0,0.0,475.63671135875327,469.9775459486091,480.4485952859564,467.26938271253507,556.1032240651543,783.8643699433789,530.0645145625404,618.0239452266552,691.45440195439,0.0,80.63996053725322,80.63996053725322,59.99999999999998,0.0,59.99999999999998,59.99999999999998,12.0,12.0,12.0,19.0,12.0,12.0,21.0,10.0,0.0,0.0,0.0,0.0,0.0,0.0,0.0,0.0,0.0,0.0,0.0,0.0,0.0,80.63996053725322,80.63996053725322,0.0,0.0,0.0,80.63996053725322,0.0,0.0,0.0022033333333333338 
 03/01  04:30:00,-0.45,95.0,1.505,0.0,0.0,0.0,0.0,0.0,2.0,2.0,0.0,0.0,0.0,0.0,0.0,744.0,0.0,0.0,0.0,0.0,0.0,0.0,0.0,0.0,0.0,0.0,0.0,15.569615986192578,-134.75552511515415,15.70019523047424,-212.2922722740574,15.58764923213052,-222.69211723176788,15.60383891973392,-253.34585099980425,13.352507192127032,-5.951882611639943,15.761604836359873,-41.19442795692544,14.34393911682395,-71.80090405672155,11.92226537791808,-257.65090964702037,15.116526923591917,-122.85732334367514,525.2661164158058,789.0869548863902,0.0,0.0,0.0,0.0,0.0,0.0,0.0,0.0,0.0,0.0,0.0,0.0,0.0,0.0,0.0,0.0,0.0,0.0,0.0,0.0,0.0,0.0,1.6839012854459897,0.5140113813937696,180.95778053657518,216.05933323922336,5748.347147329635,0.30922023246558508,0.047194785174845089,91.28234919752649,108.89269456288474,2902.2363593722068,2.8996418645947319,0.5479293016996847,231.20527197550525,276.071583171841,7375.90959894843,0.3181395681763558,0.06011707637497272,139.82835626031204,167.00704956491277,4411.460844349536,0.0,0.0,8.20220399577815,9.857446604085112,228.79906552176966,0.0,0.0,13.94131211021385,16.60319702105738,458.3795708974516,0.0,0.0,76.59060321095092,91.77875852621843,2263.072842995917,0.0,0.0,54.962497097744847,66.52675136404007,1316.416378272146,0.0,0.0,34.130481658452797,40.75817371167412,1071.2188938271843,32.75536887792844,22.46595944988233,276.9483691452938,331.87876965786418,9144.465021061422,0.0,0.0,67.17885144191331,81.97835037377226,1306.2384390657238,0.0,15.187616735030608,34.30087407584455,21.999999999999994,29.99999999999999,0.0,15.360595610369629,33.94195657083025,11.999999999999995,29.99999999999999,0.0,15.239787525624543,34.35995988068292,21.999999999999994,29.99999999999999,0.0,15.218284079408907,34.094714646499287,11.999999999999995,29.99999999999999,0.0,13.322013327947332,40.260679839129199,11.999999999999995,29.99999999999999,0.0,15.935301931751433,33.7588077984083,11.999999999999995,29.99999999999999,0.0,14.183022419721017,37.27712962987336,9.999999999999997,29.99999999999999,0.0,11.287899921048691,45.864768284752518,12.999999999999993,29.99999999999999,0.0,15.147457281295076,35.55465961178909,19.999999999999994,29.99999999999999,0.0,14.151304848131279,0.0,0.0,0.0,8.984578583057762,0.0,0.0,471.2882892720761,469.90769374719698,477.634090126646,463.91667775310295,554.1815040177446,782.2308548723609,529.0343035608776,614.8656069866869,689.0053832273763,0.0,80.63996053725322,80.63996053725322,59.99999999999998,0.0,59.99999999999998,59.99999999999998,12.0,12.0,12.0,19.0,12.0,12.0,21.0,10.0,0.0,0.0,0.0,0.0,0.0,0.0,0.0,0.0,0.0,0.0,0.0,0.0,0.0,80.63996053725322,80.63996053725322,0.0,0.0,0.0,80.63996053725322,0.0,0.0,0.0021966666666666668 
 03/01  04:40:00,-0.5666666666666667,95.0,1.4833333333333335,0.0,0.0,0.0,0.0,0.0,2.0,2.0,0.0,0.0,0.0,0.0,0.0,496.0,0.0,0.0,0.0,0.0,0.0,0.0,0.0,0.0,0.0,0.0,0.0,15.492567878696513,-175.31361019212955,15.628228305096423,-143.42343354560615,15.50978806047616,-96.67572636621299,15.5762234328215,-191.6955151029474,13.311518326179059,-5.4791095169850199,15.700370291122772,-41.63125589955493,14.285051001847519,-62.54523391561747,11.84437418231516,-253.36774740582235,15.06321408124812,-122.02716313636154,480.56125901778207,797.2908469347843,0.0,0.0,0.0,0.0,0.0,0.0,0.0,0.0,0.0,0.0,0.0,0.0,0.0,0.0,0.0,0.0,0.0,0.0,0.0,0.0,0.0,0.0,1.700168023916524,0.5189768082773272,157.3150323122037,187.81812379206375,5011.576008803941,0.3159065947424403,0.04821529223785719,82.11534954734583,98.06595478523946,2621.814419883909,2.9491548441462038,0.557285495870409,144.42018271864647,172.25106457578165,4667.181153204053,0.3186746538344902,0.06021818855527024,94.66773191512312,112.9153230018052,3010.188114638009,0.0,0.0,8.328090612705513,10.004523720930934,233.59679344837955,0.0,0.0,13.965605637122464,16.627725162551529,460.76339415714997,0.0,0.0,77.60216357494304,92.95788516626844,2302.344805402799,0.0,0.0,55.06436730263724,66.63361200735878,1323.0447135152375,0.0,0.0,34.25251096370994,40.8916624813868,1079.3519269531603,32.82894597774464,22.516423853048456,196.5649581733601,235.5611412437462,6715.570033583865,0.0,0.0,67.31765231107747,82.12727323872221,1314.605020976427,0.0,15.110938679784658,34.33846773647578,22.0,30.0,0.0,15.29356338976341,33.92322542962117,12.0,30.0,0.0,15.170919657438433,34.33926562156777,22.0,30.0,0.0,15.245565594527772,33.9832362260655,12.0,30.0,0.0,13.279300862451052,40.08990079573377,12.0,30.0,0.0,15.870778914651828,33.67174138444419,12.0,30.0,0.0,14.123141427614215,37.2639999790983,10.0,30.0,0.0,11.204768016655678,45.89237706451381,13.0,30.0,0.0,15.089445097054317,35.45329190252147,20.0,30.0,0.0,13.92187923809966,0.0,0.0,0.0,8.905909304553145,0.0,0.0,470.95502824881489,470.83421240152486,478.99387321719817,466.41858177032017,552.0833450489513,779.9582246572126,527.2671301559947,614.1450752956005,687.1273519178305,0.0,80.63996053725325,80.63996053725325,60.0,0.0,60.0,60.0,12.0,12.0,12.0,19.0,12.0,12.0,21.0,10.0,0.0,0.0,0.0,0.0,0.0,0.0,0.0,0.0,0.0,0.0,0.0,0.0,0.0,80.63996053725325,80.63996053725325,0.0,0.0,0.0,80.63996053725325,0.0,0.0,0.00219 
 03/01  04:50:00,-0.6833333333333334,95.0,1.4616666666666665,0.0,0.0,0.0,0.0,0.0,2.0,2.0,0.0,0.0,0.0,0.0,0.0,496.0,0.0,0.0,0.0,0.0,0.0,0.0,0.0,0.0,0.0,0.0,0.0,15.333178484237918,-76.65467047456878,15.589795819932649,-260.8950204902176,15.427320834212124,-257.1425182941575,15.44093497754228,-166.29344705128416,13.270965869363474,-6.782362540670377,15.640678775776629,-41.07760592235414,14.215165802117623,-91.68022814032202,11.765809135315657,-257.61002745205448,15.010162285023738,-126.968133287292,584.7089395892781,797.1232494172808,0.0,0.0,0.0,0.0,0.0,0.0,0.0,0.0,0.0,0.0,0.0,0.0,0.0,0.0,0.0,0.0,0.0,0.0,0.0,0.0,0.0,0.0,1.709383664533055,0.5217898853886005,345.4326149304103,412.5053494559773,10916.032040541872,0.30341428507444226,0.04630865156813831,177.57876966450025,211.7832813835882,5685.284921431191,2.9000506188139845,0.5480065417259987,330.61611936509538,394.775504956179,10569.089000844626,0.31163732959165438,0.05888838427657866,185.01891555478694,221.00171791525444,5858.461742133164,0.0,0.0,7.8006784286172519,9.374207447340507,220.02376148324977,0.0,0.0,14.234122370457584,16.95034625175657,471.27654528710988,0.0,0.0,73.33732583058995,87.88755516911104,2182.1610910102856,0.0,0.0,55.05189588184247,66.64030588956335,1326.6131026667748,0.0,0.0,35.655749754212397,42.574432037987467,1127.981236479592,32.81764901409084,22.508675592654904,485.29969232857709,581.1584644794498,15540.70243007085,0.0,0.0,67.18248133081142,81.98898342098906,1316.5214905503613,0.0,14.894146543936966,34.67089377960782,22.0,30.0,0.0,15.277860885179795,33.85754979082236,12.0,30.0,0.0,15.073959581841859,34.317084406900779,22.0,30.0,0.0,15.053013571733996,34.28467309552658,12.0,30.0,0.0,13.237702217318113,39.914074355163339,12.0,30.0,0.0,15.809375840683874,33.5846287675011,12.0,30.0,0.0,14.041050898742487,37.16253903884447,10.0,30.0,0.0,11.11936535353031,45.715686696392328,13.0,30.0,0.0,15.031918672154456,35.30948161693197,20.0,30.0,0.0,14.201583633480201,0.0,0.0,0.0,8.819734423118497,0.0,0.0,470.94812409690089,473.68806827515848,476.479612594223,469.0011753293546,550.1653690400399,777.9870180280091,528.5851369032478,612.3456862570079,682.6546893504085,0.0,80.63996053725325,80.63996053725325,60.0,0.0,60.0,60.0,12.0,12.0,12.0,19.0,12.0,12.0,21.0,10.0,0.0,0.0,0.0,0.0,0.0,0.0,0.0,0.0,0.0,0.0,0.0,0.0,0.0,80.63996053725325,80.63996053725325,0.0,0.0,0.0,80.63996053725325,0.0,0.0,0.00218 
 03/01  05:00:00,-0.8,95.0,1.44,0.0,0.0,0.0,0.0,0.0,2.0,2.0,0.0,0.0,0.0,0.0,0.0,496.0,0.0,0.0,0.0,0.0,0.0,0.0,0.0,0.0,0.0,0.0,0.0,15.33121989233383,-196.96693166190563,15.423530031390948,-216.11642611471894,15.267086392325142,-122.62260746003813,15.434340025108862,-216.15981061868707,13.22971252641937,-6.585531273555361,15.583309317902185,-43.41882521372301,14.130389171511674,-72.60276345763953,11.689376635489653,-259.1865097864916,14.956865573605759,-129.75743710757275,576.387939617427,801.6768452447403,0.0,0.0,0.0,0.0,0.0,0.0,0.0,0.0,0.0,0.0,0.0,0.0,0.0,0.0,0.0,0.0,0.0,0.0,0.0,0.0,0.0,0.0,1.7109349047357,0.5222634019339745,306.89901828256338,366.62305191824717,9778.015239108776,0.3098297732595928,0.0472878164315618,158.38907652156835,189.26411045787268,5044.808107989645,2.99510690989972,0.5659688038359261,277.710771509173,331.65344967627768,8860.979951389796,0.31336620613252799,0.05921508052390928,153.7350061887686,183.4630567295547,4909.291754515309,0.0,0.0,8.110826304540853,9.745572668589612,229.99898379810115,0.0,0.0,14.282737524992133,17.012128323138329,474.669639496418,0.0,0.0,76.06637365390313,91.17304393491733,2264.980929232848,0.0,0.0,55.3892442141246,67.06697921701428,1339.0972922156494,0.0,0.0,35.66701783343663,42.597182392612797,1132.8018597117398,32.90729396816273,22.570160471990908,412.9124609963227,494.6279791155488,13394.284635394331,0.0,0.0,67.53779168093129,82.4441596234899,1328.9640285948952,0.0,14.942836551980485,34.29561073492306,22.0,30.0,0.0,15.035056978901452,34.07974815681121,12.0,30.0,0.0,14.852674218847982,34.60521685540702,22.0,30.0,0.0,15.100887907072658,34.06269529869381,12.0,30.0,0.0,13.195334017190362,39.78200732952235,12.0,30.0,0.0,15.752169641843345,33.485315884037188,12.0,30.0,0.0,13.93346260673323,37.14019080871145,10.0,30.0,0.0,11.03850042900023,45.61242900825408,13.0,30.0,0.0,14.974883030752931,35.189423374780258,20.0,30.0,0.0,14.09889164167797,0.0,0.0,0.0,8.7401960840895,0.0,0.0,470.3122310494343,471.58046137825809,476.8064220159073,470.76637395285266,549.2049383351131,773.6625273079771,526.9970238962162,611.8876794125413,679.9026475860405,0.0,80.63996053725325,80.63996053725325,60.0,0.0,60.0,60.0,12.0,12.0,12.0,19.0,12.0,12.0,21.0,10.0,0.0,0.0,0.0,0.0,0.0,0.0,0.0,0.0,0.0,0.0,0.0,0.0,0.0,80.63996053725325,80.63996053725325,0.0,0.0,0.0,80.63996053725325,0.0,0.0,0.0021699999999999998 
 03/01  05:10:00,-0.8150000000000001,95.0,1.4816666666666665,0.0,0.0,0.0,0.0,0.0,2.0,2.0,0.0,0.0,0.0,0.0,0.0,496.0,0.0,0.0,0.0,0.0,0.0,0.0,0.0,0.0,0.0,0.0,0.0,15.159554427550031,-71.94224816827819,15.403004032388689,-251.18763691174605,15.245374955574463,-245.6819313071578,15.284199319028243,-177.0291868223212,13.188836305969291,-7.09906171499496,15.522442984611859,-43.02449799179607,14.072018020337638,-96.07554147716462,11.6143461306973,-258.31126071547257,14.902565247229863,-131.70164818280194,561.7124710906155,801.8294671994885,0.0,0.0,0.0,0.0,0.0,0.0,0.0,0.0,0.0,0.0,0.0,0.0,0.0,0.0,0.0,0.0,0.0,0.0,0.0,0.0,0.0,0.0,1.703715786335768,0.520059763838757,301.6718348831988,360.3639931023695,9529.143353808548,0.30349071153516696,0.046320316168371029,159.2040315128369,189.9783696106623,5073.343857442668,2.850452939975568,0.5386343423990115,285.39447915105816,340.9757600550844,9094.249578652089,0.3105939073458095,0.05869121454002446,164.97963044349596,197.1654175463487,5215.863541130992,0.0,0.0,7.700597935453867,9.256270996064908,217.98957484303333,0.0,0.0,14.497623509894766,17.271026772820976,480.4689490833978,0.0,0.0,72.43243709699576,86.84878948208908,2151.37256349086,0.0,0.0,55.073351384539048,66.70198640209478,1324.6503312278915,0.0,0.0,36.67942619471784,43.81374375893124,1161.905574270021,32.853105602949259,22.532994240705948,421.0329697109289,504.45430861528066,13564.28382985418,0.0,0.0,67.08934310088128,81.92047072362675,1310.981900351293,0.0,14.71138119068304,34.67584921954938,22.0,30.0,0.0,15.06666007179098,33.89845855837265,12.0,30.0,0.0,14.877206799837886,34.271038648817498,22.0,30.0,0.0,14.883604259941857,34.221044462543229,12.0,30.0,0.0,13.153988499468824,39.59825909509257,12.0,30.0,0.0,15.688471129905278,33.39816351074194,12.0,30.0,0.0,13.876773595884007,37.10584722364921,10.0,30.0,0.0,10.960182730147626,45.53074223284567,13.0,30.0,0.0,14.916311845052633,35.05968863445836,20.0,30.0,0.0,14.004096004593706,0.0,0.0,0.0,8.656537233186068,0.0,0.0,471.0740182848076,473.00795269894817,474.06928302422377,467.3898965551573,548.0472553296546,771.9733923593467,529.5314600476141,611.6898133022467,677.0968650486398,0.0,80.63996053725325,80.63996053725325,60.0,0.0,60.0,60.0,12.0,12.0,12.0,19.0,12.0,12.0,21.0,10.0,0.0,0.0,0.0,0.0,0.0,0.0,0.0,0.0,0.0,0.0,0.0,0.0,0.0,80.63996053725325,80.63996053725325,0.0,0.0,0.0,80.63996053725325,0.0,0.0,0.0021599999999999998 
 03/01  05:20:00,-0.8300000000000001,95.0,1.5233333333333335,0.0,0.0,0.0,0.0,0.0,2.0,2.0,0.0,0.0,0.0,0.0,0.0,248.0,0.0,0.0,0.0,0.0,0.0,0.0,0.0,0.0,0.0,0.0,0.0,15.116889729004387,-159.8909732929942,15.34579265097275,-90.87102944499498,15.20915259489865,-31.437748308468146,15.215727619217919,-242.97536827418026,13.14393075515363,-5.79911430926424,15.456777718640155,-45.250335315998828,14.014712351230689,-61.32884942646433,11.539333002215149,-251.7335467534241,14.844028147196167,-130.39138898221439,515.3283549461621,811.1475097744087,0.0,0.0,0.0,0.0,0.0,0.0,0.0,0.0,0.0,0.0,0.0,0.0,0.0,0.0,0.0,0.0,0.0,0.0,0.0,0.0,0.0,0.0,1.6838778778695983,0.5140042362239311,165.72444235115834,197.85751593531686,5226.628821869413,0.3151351695120222,0.048097553344325739,43.38638657339125,51.73388368127043,1394.5135973499014,3.014733980459147,0.5696776229136712,274.34958314724607,327.2609751767747,8777.504422500822,0.3153912173379771,0.05959773570256557,151.61838652113125,180.93608973424899,4781.429183570955,0.0,0.0,8.332449350979449,10.000705404006544,235.37257094868773,0.0,0.0,14.408560284447902,17.14366246504882,476.0222781384414,0.0,0.0,78.16412492133198,93.58368912858687,2316.0004941816084,0.0,0.0,55.51515113433459,67.15193484836527,1328.633788704868,0.0,0.0,35.93723402106072,42.872453286272918,1135.1151837251164,32.88605818921458,22.555595465853629,276.0244675846422,330.57682516676547,9112.848257254032,0.0,0.0,67.58197700686987,82.41660831434705,1313.4755530630587,0.0,14.677383293323472,34.419956444952727,22.0,30.0,0.0,15.039703665246235,33.59910451476512,12.0,30.0,0.0,14.900644541700532,34.45479522323189,22.0,30.0,0.0,14.808558510995292,34.05937714678718,12.0,30.0,0.0,13.105036052790542,39.431817775664189,12.0,30.0,0.0,15.614736735536873,33.313471686883719,12.0,30.0,0.0,13.824922616477961,37.257160430679487,10.0,30.0,0.0,10.881307074533846,45.62293704189578,13.0,30.0,0.0,14.84961626956332,35.01423775383315,20.0,30.0,0.0,13.786917629848008,0.0,0.0,0.0,8.58624895719586,0.0,0.0,467.87907228191889,464.4225509106209,479.3129270479345,460.7901016898073,548.053282842204,770.6849197055601,528.0367578235192,612.3016652608682,678.8192745950984,0.0,80.63996053725325,80.63996053725325,60.0,0.0,60.0,60.0,12.0,12.0,12.0,19.0,12.0,12.0,21.0,10.0,0.0,0.0,0.0,0.0,0.0,0.0,0.0,0.0,0.0,0.0,0.0,0.0,0.0,80.63996053725325,80.63996053725325,0.0,0.0,0.0,80.63996053725325,0.0,0.0,0.002163333333333333 
 03/01  05:30:00,-0.845,95.0,1.565,0.0,0.0,0.0,0.0,0.0,2.0,2.0,0.0,0.0,0.0,0.0,0.0,496.0,0.0,0.0,0.0,0.0,0.0,0.0,0.0,0.0,0.0,0.0,0.0,15.112280583226003,-93.5949995261642,15.26229555679849,-201.98214045230206,15.096513085143958,-184.94999342453549,15.199330387879855,-149.17373034130106,13.107167935953202,-6.71702783527509,15.405561504683579,-42.782294322837518,13.95312183824906,-81.4347761879842,11.47572708029886,-257.87965086587095,14.798199788111369,-131.35276348628225,526.4460075748266,814.9098643503585,0.0,0.0,0.0,0.0,0.0,0.0,0.0,0.0,0.0,0.0,0.0,0.0,0.0,0.0,0.0,0.0,0.0,0.0,0.0,0.0,0.0,0.0,1.6832699378374916,0.5138186623435567,202.1654080568987,241.71163882749705,6413.613637106575,0.3061278851680297,0.04672281519658573,91.46897217180546,109.42175260750295,2903.031551885318,2.8892245569121615,0.5459608006258809,214.19384762085876,255.96674361652004,6808.459454690387,0.31508877255550618,0.05954058438312662,123.0432920754298,146.9660573446634,3893.263695064374,0.0,0.0,7.968439794564657,9.57837849051715,224.7650772796399,0.0,0.0,14.367302872665406,17.122155364592396,473.7571004727472,0.0,0.0,75.37622769210978,90.39602148574741,2225.3358710867189,0.0,0.0,55.6268624262527,67.3991914694664,1326.3650238862165,0.0,0.0,36.00335987782179,43.019865077957039,1135.1401552806588,32.892458365433387,22.559985161476957,280.4862695065702,336.4661641405769,9239.441390387674,0.0,0.0,67.65477054955716,82.64589633867857,1306.8446525831037,0.0,14.759722319342654,34.25643437865841,22.0,30.0,0.0,14.925467347356094,33.71323308902401,12.0,30.0,0.0,14.731726790973863,34.38759388369826,22.0,30.0,0.0,14.859401878784702,34.126103828316207,12.0,30.0,0.0,13.072399473647965,39.39428466425694,12.0,30.0,0.0,15.57048166768406,33.2855152728644,12.0,30.0,0.0,13.757677207255956,37.07389709933041,10.0,30.0,0.0,10.823724174070428,45.583608809960939,13.0,30.0,0.0,14.808243762223832,35.013873352985928,20.0,30.0,0.0,13.759264152241608,0.0,0.0,0.0,8.51361474978857,0.0,0.0,469.71974657684566,466.1411337842737,474.5212973526491,468.6875384998768,547.5485656156975,769.0219747012568,526.5409334402941,611.3540946122475,678.1979115833505,0.0,80.63996053725325,80.63996053725325,60.0,0.0,60.0,60.0,12.0,12.0,12.0,19.0,12.0,12.0,21.0,10.0,0.0,0.0,0.0,0.0,0.0,0.0,0.0,0.0,0.0,0.0,0.0,0.0,0.0,80.63996053725325,80.63996053725325,0.0,0.0,0.0,80.63996053725325,0.0,0.0,0.0021666666666666667 
 03/01  05:40:00,-0.86,95.0,1.6066666666666665,0.0,0.0,0.0,0.0,0.0,2.0,2.0,0.0,0.0,0.0,0.0,0.0,248.0,0.0,0.0,0.0,0.0,0.0,0.0,0.0,0.0,0.0,0.0,0.0,15.130411885956459,-7.6159397035798979,15.11902541584989,-343.4459457631465,15.031184189883604,-173.59119070568364,15.222471924687675,-11.34154529265544,13.061209113691346,-6.528483714930616,15.342193199443664,-40.779241008222019,13.87757937243476,-86.82537383455042,11.398534991384019,-252.82994374323358,14.740730253129478,-130.4804210243028,459.8246780169502,819.8867808803475,0.0,0.0,0.0,0.0,0.0,0.0,0.0,0.0,0.0,0.0,0.0,0.0,0.0,0.0,0.0,0.0,0.0,0.0,0.0,0.0,0.0,0.0,1.669090866971539,0.5094904966335589,236.9147261093056,282.6312468079066,7550.199952084582,0.29902791804863179,0.04563918163135406,165.83455181321794,197.95749430506516,5206.033032078224,2.828103750085738,0.5344111394719839,66.267865411455,79.11123936241248,2161.035055051561,0.31608724444483407,0.05972926009917497,5.68152405637007,6.775761518348116,190.9218459938185,0.0,0.0,7.7412888457954429,9.293372223648193,217.87772255482686,0.0,0.0,14.48800365486238,17.244110251290715,476.351274489948,0.0,0.0,73.64724758336361,88.22354239980119,2163.690162660933,0.0,0.0,55.611527841651369,67.29838886059186,1318.7716569802017,0.0,0.0,36.413471077378748,43.45398474633324,1144.8795525976257,32.87240321187535,22.54622991212302,193.86466405511008,232.4154276801352,6566.633090377435,0.0,0.0,67.58484506592656,82.45667180414137,1298.3014244863812,0.0,14.870814909866646,33.98137926500853,22.0,30.0,0.0,14.708282614189038,34.0184896595049,12.0,30.0,0.0,14.676405910195856,34.22201038544725,22.0,30.0,0.0,14.96931640835691,33.58432479123824,12.0,30.0,0.0,13.021796906116827,39.30215837980273,12.0,30.0,0.0,15.501226245386219,33.228698362696928,12.0,30.0,0.0,13.664276840701591,37.081250303501018,10.0,30.0,0.0,10.739574880932514,45.64979838107527,13.0,30.0,0.0,14.743602179922343,34.97128709823648,20.0,30.0,0.0,13.476309344958539,0.0,0.0,0.0,8.442981995075618,0.0,0.0,472.021309876367,465.86751651609958,479.3238849783643,462.8635738784787,546.2435258623857,766.0674226566965,526.1642541671794,610.3981104572486,675.8867282883779,0.0,80.63996053725325,80.63996053725325,60.0,0.0,60.0,60.0,12.0,12.0,12.0,19.0,12.0,12.0,21.0,10.0,0.0,0.0,0.0,0.0,0.0,0.0,0.0,0.0,0.0,0.0,0.0,0.0,0.0,80.63996053725325,80.63996053725325,0.0,0.0,0.0,80.63996053725325,0.0,0.0,0.0021699999999999998 
 03/01  05:50:00,-0.875,95.0,1.6483333333333335,0.0,0.0,0.0,0.0,0.0,2.0,2.0,0.0,0.0,0.0,0.0,0.0,744.0,0.0,0.0,0.0,0.0,0.0,0.0,0.0,0.0,0.0,0.0,0.0,14.982173928427786,-134.0171633156143,15.089598983921514,-150.5483502980424,15.022645961188026,-52.61970812471225,15.112983452829998,-262.51495157162608,13.02565587840219,-6.917989796065157,15.29229716527469,-45.15263496219694,13.833157837007276,-79.58733128191783,11.336736589113487,-260.47579028199598,14.696380759404523,-134.60553920414845,474.40913038452205,819.7924892627646,0.0,0.0,0.0,0.0,0.0,0.0,0.0,0.0,0.0,0.0,0.0,0.0,0.0,0.0,0.0,0.0,0.0,0.0,0.0,0.0,0.0,0.0,1.681869780238038,0.5133912638089254,201.61346623426275,241.24292086629877,6337.820840527354,0.3157735067897615,0.04819497966876707,105.7451494500759,126.46334577896566,3334.023255706609,2.8092533140398219,0.5308490767271022,140.40273912083635,168.00204924822917,4498.475416525445,0.3055907049976254,0.05774578703658836,104.59328337384123,125.11877905565672,3303.401285480872,0.0,0.0,8.090123291549944,9.732381400883697,227.40355781053592,0.0,0.0,14.378767814507878,17.149493928029167,471.856793421214,0.0,0.0,75.90064958825394,91.10863494816918,2227.0855761272457,0.0,0.0,55.793270454292159,67.66285450465901,1318.3740778428042,0.0,0.0,36.743811653110089,43.93859184046704,1153.2726291093259,32.90111948298855,22.56592557132276,219.07469166698909,263.2076684568426,7333.71326767877,0.0,0.0,67.7295832395406,82.81483599073846,1293.0364704781953,0.0,14.619722622540549,34.28394603451013,22.000000000000019,30.00000000000002,0.0,14.750245580065638,33.94455356822691,12.00000000000001,30.00000000000002,0.0,14.737399944276769,34.03103965939707,22.000000000000019,30.00000000000002,0.0,14.778740581794155,33.75993797682208,12.00000000000001,30.00000000000002,0.0,12.992269302053796,39.23687902223128,12.00000000000001,30.00000000000002,0.0,15.458310756624054,33.21596094576831,12.00000000000001,30.00000000000002,0.0,13.63395890332822,37.05428249073181,10.000000000000007,30.00000000000002,0.0,10.685071945191206,45.62181142592512,13.00000000000001,30.00000000000002,0.0,14.705107197953915,34.92121342334005,20.000000000000015,30.00000000000002,0.0,13.456557526750349,0.0,0.0,0.0,8.371133399161254,0.0,0.0,470.88441599861155,468.3662758721102,472.74800326171205,462.75033209822808,545.4150799035668,766.4913018249797,525.395020612858,609.9085560476333,674.1446157980829,0.0,80.6399605372533,80.6399605372533,60.00000000000004,0.0,60.00000000000004,60.00000000000004,12.0,12.0,12.0,19.0,12.0,12.0,21.0,10.0,0.0,0.0,0.0,0.0,0.0,0.0,0.0,0.0,0.0,0.0,0.0,0.0,0.0,80.6399605372533,80.6399605372533,0.0,0.0,0.0,80.6399605372533,0.0,0.0,0.0021833333333333337 
 03/01  06:00:00,-0.89,95.0,1.69,0.0,0.0,0.0,0.0,0.0,2.0,2.0,0.0,0.0,0.0,0.0,0.0,744.0,0.0,0.0,0.0,0.0,0.0,0.0,0.0,0.0,0.0,0.0,0.0,14.940531326439644,-107.96263552311386,14.991927032619003,-235.30328925402245,14.928247527805074,-202.34537964333914,14.950810053354037,-267.94666659657886,12.98333546596268,-7.1895392692986939,15.233419297349219,-45.39199931294668,13.77688366407439,-76.67944077871674,11.259917972541615,-264.3541586865392,14.642156885647785,-138.18290938439706,487.46035004361598,823.4752318515261,0.0,0.0,0.0,0.0,0.0,0.0,0.0,0.0,0.0,0.0,0.0,0.0,0.0,0.0,0.0,0.0,0.0,0.0,0.0,0.0,0.0,0.0,1.6530792288126324,0.5046029391979957,138.07951649101146,165.20393226798692,4360.1164583841459,0.3107929600643351,0.04743482296464216,97.05962179982423,116.14971554875524,3038.4734674412204,2.8214765337251679,0.5331588310138267,223.53129468731835,267.49355718871535,7066.572667938604,0.31735454961286499,0.05996873575450966,137.97218399218009,165.18724689753803,4291.460551542123,0.0,0.0,8.179250355554892,9.840531398536506,229.46850189230885,0.0,0.0,14.296389731382814,17.05437255052723,467.9301015975214,0.0,0.0,78.08591425134267,93.74570835593136,2285.307043799693,0.0,0.0,56.355229590302098,68.36301020975007,1324.0690148876066,0.0,0.0,35.8448184781734,42.87133340238896,1122.145497440391,32.893023232170268,22.56037258722243,229.8266775247743,276.13703719550639,7616.623915663764,0.0,0.0,68.2778335976326,83.50345997452412,1296.1663747535427,0.0,14.611047987339554,33.957282709414389,22.000000000000019,30.00000000000002,0.0,14.621190004950556,33.66513927495694,12.00000000000001,30.00000000000002,0.0,14.610281592675039,34.046640063229478,22.000000000000019,30.00000000000002,0.0,14.537088260420765,33.86693186798049,12.00000000000001,30.00000000000002,0.0,12.94951423368366,39.11746430599794,12.00000000000001,30.00000000000002,0.0,15.398141128508147,33.15620366272008,12.00000000000001,30.00000000000002,0.0,13.580111354223524,36.894180092292568,10.000000000000007,30.00000000000002,0.0,10.601383480049633,45.52590022912079,13.00000000000001,30.00000000000002,0.0,14.647464089270367,34.81824308040864,20.000000000000015,30.00000000000002,0.0,13.423221953013613,0.0,0.0,0.0,8.302170279711542,0.0,0.0,469.6625489884624,456.81712095264148,475.6546998251619,458.3218053889426,544.8131797746987,766.7956350288391,527.2007953189362,608.3548337537013,675.2820640545394,0.0,80.6399605372533,80.6399605372533,60.00000000000004,0.0,60.00000000000004,60.00000000000004,12.0,12.0,12.0,19.0,12.0,12.0,21.0,10.0,0.0,0.0,0.0,0.0,0.0,0.0,0.0,0.0,0.0,0.0,0.0,0.0,0.0,80.6399605372533,80.6399605372533,0.0,0.0,0.0,80.6399605372533,0.0,0.0,0.0021966666666666668 
 03/01  06:10:00,-0.9299999999999999,94.83333333333334,1.715,0.0,0.0,0.0,0.0,0.0,2.0,2.0,0.0,0.0,0.0,0.0,0.0,2490.0,0.0,0.0,0.0,0.0,0.0,0.0,0.0,0.0,0.0,0.0,0.0,16.2755275350346,-727.6764658971332,15.94228148773449,64.59674086457278,16.470702373110798,-2428.5071406163249,15.307556918997364,998.5725735319131,12.944670227926704,-3.544402172977012,16.26971593631168,-114.19017451992628,13.887139173237879,206.6778538951197,12.338021856377584,-372.18333818295437,16.256245884229597,-325.2681189286987,877.0046163186801,974.0826141680399,0.0,0.0,0.0,0.0,0.0,0.0,0.0,0.0,0.0,0.0,0.0,0.0,0.0,0.0,0.0,0.0,0.0,0.0,0.0,0.0,0.0,0.0,1.6640587327954979,0.5079544361402619,234.27847674989165,278.13957056329368,8398.81092559073,0.34381945164430308,0.05247549628270804,178.10644857759466,211.77109154610995,6198.641166677342,2.643816175934378,0.4995873348326492,453.30368222139478,537.7720994934324,16423.493190774985,0.41898990681968398,0.07917420763788435,364.58840262386908,435.01154550555369,12004.07510828662,0.0,0.0,11.42746436938685,13.756655875471898,320.6995551610749,0.0,0.0,19.274678953312326,22.884290586661125,687.4419790967722,0.0,0.0,82.19570555924456,98.64961546793423,2456.5669430805885,0.0,0.0,47.58489498132848,57.44916318902076,1271.2565608062838,0.0,0.0,51.25780919004929,60.8305741819637,1838.7439314735712,34.411781421734207,23.602044870873948,528.6325776053205,632.2634512196729,17742.340645704775,0.0,0.0,61.717620748897648,75.51238430387446,1189.1123674842193,2136.2489906134048,16.661859153279879,29.59847200167851,21.999999999999998,30.0,1855.4975495300019,16.21402284313933,30.4302486256411,16.9,30.0,4795.034593076998,16.897634604426274,29.126860492738794,21.999999999999998,30.0,0.0,15.333358407986136,32.17145896629517,16.999999999999998,30.0,0.0,12.914355306148828,38.93320934725101,12.0,30.0,1932.1132449713974,16.82076579676833,30.12767385772696,20.0,30.0,0.0,13.85816225267246,35.82765622918033,10.0,30.0,1517.1249497020347,12.303902076499587,40.551032768771779,16.999999999999998,30.0,3205.661967739741,16.848225102927509,30.10522878426179,20.0,30.0,0.0,14.519151063769844,0.0,0.0,0.0,8.408285386735678,0.0,0.0,466.8976824465085,464.05144840598447,464.37570891952728,463.9129299035467,542.1828817878186,753.5722483665967,510.6198810572333,612.8084230079484,663.4482549653832,14565.707283758797,78.37107182906672,87.83919975577685,60.0,0.0,60.0,60.0,16.0,16.0,19.0,19.0,16.0,12.0,21.0,10.0,1.0,0.0,2136.2489906134048,1855.4975495300019,4795.034593076998,0.0,1932.1132449713974,0.0,1517.1249497020347,3205.661967739741,14322.464292749508,8593478.575649705,11157314.594129559,78.37107182906672,87.99999999999999,0.4774154764249836,0.7701993402816602,0.3602813740196596,87.99999999999999,0.3542647819438876,11157314.594129559,0.5823903588947372 
 03/01  06:20:00,-0.97,94.66666666666667,1.74,0.0,0.0,0.0,0.0,0.0,2.0,2.0,0.0,0.0,0.0,0.0,0.0,1494.0,0.0,0.0,0.0,0.0,0.0,0.0,0.0,0.0,0.0,0.0,0.0,17.259481132498189,-1373.2156068826503,16.430708184684574,614.6310032566844,17.59338818869327,-3465.330123807052,16.270814843492944,1075.690004382753,12.911725092326034,9.593018576846678,17.47048021476876,-227.78055459046858,14.231415963347978,113.45670147804045,13.71389186276862,-329.26816975010589,17.78131051122424,-623.5200173389039,1305.9173036270375,1464.9410004203626,0.0,0.0,0.0,0.0,0.0,0.0,0.0,0.0,0.0,0.0,0.0,0.0,0.0,0.0,0.0,0.0,0.0,0.0,0.0,0.0,0.0,0.0,1.760909090183128,0.5375180372964372,388.90707414708518,459.5151738279633,14968.171670981112,0.4203680211506291,0.06415873338684818,330.4432988423177,392.05376286402926,11928.158729673927,2.583072435199416,0.4881089257746442,560.087455705064,661.052921308541,21925.23113630797,0.44172163764459057,0.08346969721175179,412.38275766591888,489.60920709800987,14785.168834339667,0.0,0.0,14.758293849228615,17.767708363390015,414.782567035148,0.0,0.0,24.8251720899197,29.275619512140108,977.6015323110421,0.0,0.0,97.68965694810595,116.97803860593834,3035.140879577519,0.0,0.0,31.87313912810648,38.174525167089559,994.8154887075348,0.0,0.0,72.73134689759093,85.55247700007034,2962.3485087424908,35.96570052263421,24.66783300592196,725.9565057765997,865.127510826394,25679.80068405738,0.0,0.0,72.05404791858574,87.88310098688003,1505.5988623406789,2099.3341649110154,18.29250096275544,26.587688503857238,22.0,30.0,0.0,17.07815944603096,28.723474976043563,16.0,30.0,4610.849495123481,18.65126095427108,25.97338509585042,22.0,30.0,0.0,16.978956950538146,28.879791143596117,16.833333333333333,30.0,0.0,12.89195918594579,38.575658337878788,12.0,30.0,1832.2492785302043,18.83149333451795,26.301383115263289,20.0,30.0,0.0,14.437656682470385,34.34535955879824,10.0,30.0,1445.5744574886492,14.64767486613729,34.60589634737018,17.0,30.0,2268.743416531532,19.555377987561795,25.071566448894808,19.833333333333333,30.0,0.0,15.828085289023126,0.0,0.0,0.0,9.151063936897405,0.0,0.0,466.57962195405477,466.84754464059406,463.55323036146896,463.52894660572516,539.192319231495,712.244522955697,522.9093916346868,626.8999931352736,628.1059041051465,12294.649426983262,79.87465456152967,87.86430914140084,60.0,0.0,60.0,60.0,16.0,16.0,19.0,19.0,16.0,12.0,21.0,10.0,1.0,0.0,2099.3341649110154,0.0,4610.849495123481,0.0,1832.2492785302043,0.0,1445.5744574886492,2268.743416531532,12089.33242851765,7253599.45711059,9460603.42857596,79.87465456152967,88.0,0.402977747617255,0.7666787308413527,0.36028137401965956,88.0,0.3542647819438875,9460603.42857596,0.49420137828594998 
 03/01  06:30:00,-1.01,94.5,1.7650000000000002,0.0,0.0,0.0,0.0,0.0,2.0,2.0,0.0,0.0,0.0,0.0,0.0,1245.0,0.0,0.0,0.0,0.0,0.0,0.0,0.0,0.0,0.0,0.0,0.0,17.714209198580507,-1295.1797781344738,16.720459460447626,861.5566117351599,18.162719848437868,-3462.0271196028318,16.908144658802635,937.0612586854371,12.889816394253799,13.675687066043317,18.088736372595585,-294.4485743881367,14.17991301371216,-26.816444320140364,14.80219639519958,-141.3528033081943,17.898355380710148,-511.0337936991807,1485.2809255072485,1537.390872700667,0.0,0.0,0.0,0.0,0.0,0.0,0.0,0.0,0.0,0.0,0.0,0.0,0.0,0.0,0.0,0.0,0.0,0.0,0.0,0.0,0.0,0.0,1.8473648234068854,0.5639086762536281,435.5671565832549,513.5827419502259,17300.045468392243,0.45975092254524926,0.07016955472302339,379.7646426318191,449.86444055080468,14082.469651111445,2.566028393451833,0.4848882073794093,572.6565270523336,674.1609142388912,23250.79434276031,0.4262447355394805,0.08054511253580507,382.3989864919336,452.43280307946079,14450.769724267328,0.0,0.0,15.852494131539125,19.086016455196213,446.57332333259896,0.0,0.0,26.939415308864697,31.664343304030316,1111.2190622741319,0.0,0.0,119.83149037490023,143.55513408721289,3700.441296659671,0.0,0.0,24.519507608486366,29.146805993540967,860.2948765386917,0.0,0.0,71.45498536623471,84.0758622532967,2909.189781625979,36.83614452797113,25.264845355261416,743.4814939128623,883.8543528707921,27402.98534358865,0.0,0.0,77.04563805905258,93.84834885838142,1671.6132551646622,1972.1772662215622,18.931478548147657,25.50136387565055,22.0,30.0,0.0,17.576860278006465,27.78281114071063,16.0,30.0,4450.764591445025,19.407396893121076,24.728532780936044,22.0,30.0,0.0,17.968880753679156,27.073355310647004,16.0,30.0,0.0,12.883613070043115,38.32390739375562,12.000000000000002,30.0,1206.0138237070769,19.839999093004797,24.544383697934028,19.8,30.0,0.0,14.304549290213475,34.62336244101785,10.0,30.0,1319.977048389606,16.484250430617484,30.45341392718006,17.0,30.0,1547.4536302745367,19.54375360814593,24.94563786939845,19.6,30.0,0.0,16.56670435520769,0.0,0.0,0.0,9.532066270427638,0.0,0.0,468.60451581820328,468.3225901634855,463.6474041603225,463.4898803798836,548.3467878028214,687.9808693034474,547.2459777285451,594.3387248665041,618.5969782611263,11522.168656782873,80.38588491957329,87.87284653673379,60.0,0.0,60.0,60.0,16.0,16.0,19.0,19.0,16.0,12.0,21.0,10.0,1.0,0.0,1972.1772662215622,0.0,4450.764591445025,0.0,1206.0138237070769,0.0,1319.977048389606,1547.4536302745367,11329.751858038439,6797851.114823063,8880797.5899407,80.38588491957329,88.0,0.3776583952679479,0.7654547175373941,0.36028137401965956,88.0,0.35426478194388757,8880797.5899407,0.4640914746769164 
 03/01  06:40:00,-1.0499999999999999,94.33333333333334,1.79,0.0,0.0,0.0,0.0,0.0,2.0,2.0,0.0,0.0,0.0,0.0,0.0,996.0,0.0,0.0,0.0,0.0,0.0,0.0,0.0,0.0,0.0,0.0,0.0,18.062434247153108,-1255.4122428695073,17.01576598565682,855.1547707796344,18.58383935640272,-3402.227818726882,17.299184373615505,849.6093205473399,12.865849480246253,14.46103500790204,17.91301525541693,-282.2488904324603,14.135817068764684,100.69218014761941,14.825491788456958,-93.36335548094923,17.931497791766469,-464.8457487139882,1588.5623849361828,1462.1604390881917,0.0,0.0,0.0,0.0,0.0,0.0,0.0,0.0,0.0,0.0,0.0,0.0,0.0,0.0,0.0,0.0,0.0,0.0,0.0,0.0,0.0,0.0,1.9047873760318839,0.5814369279706606,441.95449892025757,520.290017825917,17948.478323325027,0.4701398454943056,0.07175516567373407,382.48307011355907,452.35425893356168,14536.042764247331,2.6105095520199019,0.4932935661413271,565.2557099955272,664.2953824748793,23494.461194461393,0.41957162862359417,0.07928413239296942,361.97778758948848,427.38710887590778,14086.67289574497,0.0,0.0,16.51348177061145,19.881352025992059,466.01207619004557,0.0,0.0,26.931539005711998,31.710584455102656,1087.1016682791672,0.0,0.0,127.69963531340031,153.01801733961492,3939.9745898262947,0.0,0.0,24.282612554485316,28.894802580606244,843.0376919937382,0.0,0.0,69.05339828003904,81.31424340077851,2785.806174996247,37.376670513005937,25.635576483543173,726.6602635040874,862.4578662916904,27522.412611287575,0.0,0.0,75.5117979938888,91.98278681066594,1648.6677345945655,1930.4014540501053,19.372236669469446,24.76734794248708,22.0,30.0,0.0,18.033206154815955,26.953561450170047,16.0,30.0,4353.709762654842,19.88210964824384,23.966797687538177,22.0,30.0,0.0,18.525959684422259,26.09685163813283,16.0,30.0,0.0,12.866746286636653,38.187718313029289,12.0,30.0,934.4367634920434,19.316795411695975,25.263365303290248,19.5,30.0,0.0,14.24229905054829,34.653289165020407,10.0,30.0,438.31285327225728,16.284648005177169,30.5512452213532,16.25,30.0,949.693601604408,19.30639963604595,25.234689128982063,19.25,30.0,0.0,17.00657815330013,0.0,0.0,0.0,9.561521470433828,0.0,0.0,470.0349740861325,470.64229407139598,464.2693591546781,463.8662250716501,557.7000838723611,683.8559618955183,544.6227176118758,558.5307873765437,616.4537816134962,10608.219436221872,80.9904246836955,86.31604328582283,60.0,0.0,60.0,60.0,16.0,16.0,19.0,19.0,16.0,12.0,21.0,10.0,1.0,0.0,1930.4014540501053,0.0,4353.709762654842,0.0,934.4367634920434,0.0,438.31285327225728,949.693601604408,8059.511751282352,4835707.050769411,6318398.580492024,80.9904246836955,86.40648996952739,0.35365039170941178,0.765326270429789,0.36028137401965956,86.40648996952739,0.3542647819438875,6318398.580492024,0.3308867261855853 
 03/01  06:50:00,-1.0899999999999999,94.16666666666667,1.815,0.0,0.0,0.0,0.0,0.0,2.0,2.0,0.0,0.0,0.0,0.0,0.0,498.0,0.0,0.0,0.0,0.0,0.0,0.0,0.0,0.0,0.0,0.0,0.0,18.328632843144015,-1292.6113510203423,17.2534799438127,833.7324037157623,18.86646399629442,-3556.174017137844,17.591984298849359,822.8442595191555,12.842329826576595,17.41422969255339,18.299081121364968,-318.3172776007409,14.240261065329089,48.40277339653653,15.228354434313104,-127.54026577530749,18.279009272261129,-541.2964908548859,1647.9710344431242,1578.9035291674546,0.0,0.0,0.0,0.0,0.0,0.0,0.0,0.0,0.0,0.0,0.0,0.0,0.0,0.0,0.0,0.0,0.0,0.0,0.0,0.0,0.0,0.0,1.9370534598640377,0.5912861599096574,446.9007704393541,525.1363994487856,18475.461922198105,0.47850418331043839,0.07303177400952968,387.1664457665009,457.02955082465578,14998.953296511434,2.6222865988109249,0.4955190096014599,577.1419547440581,677.0702777730144,24367.25586296508,0.4235650949324894,0.0800387556561771,364.9834354230485,430.035074607361,14508.327650909949,0.0,0.0,16.93040006460891,20.370937855555867,478.58926627894285,0.0,0.0,27.25913154154984,31.99868421526874,1136.8888553486195,0.0,0.0,131.62589278258276,157.51639533195636,4114.169231729979,0.0,0.0,26.088599104671123,30.93766301892822,943.0872742770832,0.0,0.0,71.11164296528855,83.4765090301895,2964.83122475968,37.75495173651913,25.895028625870468,733.7089671431836,869.3925221864797,28255.221369468414,0.0,0.0,79.4283797560847,96.6526791354942,1747.9636527024869,1915.6090740992295,19.722373720548846,24.20514046610741,22.0,30.0,0.0,18.38328478138579,26.337341588282784,16.0,30.0,4319.968230280874,20.195975780932835,23.477622698310719,22.0,30.0,0.0,18.929352170513224,25.419699651506645,16.0,30.0,0.0,12.847730034487246,38.08229266305477,12.0,30.0,1275.7343629339467,19.99884191491279,24.134393561627556,20.0,30.0,0.0,14.408714309755734,34.21326586153165,10.0,30.0,943.5445349125014,16.998071307339367,29.06410690678543,17.0,30.0,1568.1716009775742,19.9907077556922,24.08619123653545,20.0,30.0,0.0,17.282504473496446,0.0,0.0,0.0,9.609381694063558,0.0,0.0,470.445137105188,471.03674146676806,464.9705680163902,464.4596886681259,558.6714217360691,682.4801731528454,543.8604429147687,545.9453231325339,610.5463914610302,11951.108157594204,80.10195757045561,87.86810503422496,60.0,0.0,60.0,60.0,16.0,16.0,19.0,19.0,16.0,12.0,21.0,10.0,1.0,0.0,1915.6090740992295,0.0,4319.968230280874,0.0,1275.7343629339467,0.0,943.5445349125014,1568.1716009775742,11751.528196422656,7050916.917853593,9248509.269439938,80.10195757045561,88.0,0.3917176065474218,0.7623217470730723,0.36028137401965956,88.0,0.3542647819438875,9248509.269439938,0.48325914867754346 
 03/01  07:00:00,-1.13,94.0,1.84,11.0,150.5,0.0,0.0,0.0,2.0,2.0,0.0,0.0,0.0,0.0,0.0,996.0,0.0,20.587060122164855,5.0380221232411979,12.909729503807487,0.6173040445695156,16.43043375937799,0.0,5.038022123241195,6.887358198878599,0.0,0.0,18.556249666571995,-1233.5095352259678,17.440386254960879,887.5020734143964,19.16242233280019,-3328.461519129398,17.801281311722229,832.3478320953259,12.826696020663553,21.361005510983959,18.01129135524757,-275.86742216473717,14.325733581855334,214.99795879903457,14.983774652276346,-87.09299797876168,18.09809701077666,-429.26537196832808,1720.9191892194277,1425.4137586201719,0.0,0.0,0.0,0.0,0.0,0.0,0.0,0.0,0.0,0.0,0.0,0.0,0.0,0.0,0.0,0.0,0.0,0.0,0.0,0.0,0.0,0.0,1.9850412374347642,0.6059344436614054,445.8837724223154,523.889577865139,18663.32254464658,0.4827719816769984,0.07368314738659927,382.0361496735285,450.91973340824009,15003.539158678075,2.748002811468507,0.5192749076849033,556.6719060886908,652.8579878497128,23861.70254253499,0.42527724729459007,0.08036229162785147,349.68773091789128,411.9636138924643,14085.192846428554,0.0,0.0,17.179513839442739,20.68688418109368,486.69786991558308,0.0,0.0,27.13997737128964,31.95891137261567,1099.4048599260389,0.0,0.0,128.72491609263887,154.09129993275725,4071.50064375069,0.0,0.0,23.45539223837731,27.911004027116268,819.9603568378569,0.0,0.0,67.39951661096083,79.36335557436957,2735.55404909401,38.171624147835718,26.180812172726836,714.4531566525645,846.2941499017559,28049.331980189418,0.0,0.0,71.81876556371185,87.50020921639296,1579.2165546815293,1925.4597537421612,19.956226191638149,23.80485328035173,22.0,30.0,0.0,18.628218274924273,25.884268119428698,16.0,30.0,4343.540011310189,20.491871425893956,23.00455412612477,22.0,30.0,0.0,19.17264256403256,24.9852325321569,16.0,30.0,0.0,12.839213625365897,37.99681186391273,12.0,30.0,478.7383508398565,19.30417957981961,25.17536793259349,19.25,30.0,0.0,14.571020184180643,33.731233786601517,10.0,30.0,408.55570175095519,16.31148423680324,30.282160439769166,16.25,30.0,842.5752258885104,19.350543230351005,25.02309916797271,19.25,30.0,0.0,17.585522156002197,0.0,0.0,0.0,9.53251335176702,0.0,0.0,471.31570472647169,472.60784590403616,465.9987781798865,465.45563446585677,557.5657215534229,680.3343858068818,533.95273360762,541.6948920130465,607.9980304645278,11986.059752504832,80.07891863701232,87.8677202908705,60.0,0.0,60.0,60.0,16.0,16.0,19.0,19.0,16.0,12.0,21.0,10.0,1.0,0.0,1925.4597537421612,0.0,4343.540011310189,0.0,478.7383508398565,0.0,408.55570175095519,842.5752258885104,11785.896110065976,7071537.666039586,9238512.60390798,80.07891863701232,88.0,0.39286320366886587,0.7654392993728272,0.36028137401965956,88.0,0.3542647819438875,9238512.60390798,0.4827459887365483 
 03/01  07:10:00,-0.9199999999999999,94.16666666666667,1.8583333333333335,14.666666666666668,200.66666666666669,0.0,0.0,0.0,2.0,2.0,0.0,0.0,0.0,0.0,0.0,1494.0,0.0,29.00212678081628,35.60528963619477,91.23669721407619,0.8696347723251586,23.146507306196975,0.0,35.605289636194708,48.675130338952758,0.0,0.0,18.803169294758257,-1205.404872393676,17.6455796143046,961.4520088239709,19.458088711444498,-3392.1375981530075,18.075306483904777,899.6052363181368,12.815664356391473,27.68914301378439,18.280684264345724,-286.9812317617235,14.525797241644402,132.34673112223397,15.698229946501315,-131.3874251373848,18.21084411759483,-396.6437113400927,1763.823115013717,1500.9444519799534,0.0,0.0,0.0,0.0,0.0,0.0,0.0,0.0,0.0,0.0,0.0,0.0,0.0,0.0,0.0,0.0,0.0,0.0,0.0,0.0,0.0,0.0,1.9847708980601604,0.6058519224847865,453.4741190139171,532.3582822781021,19059.382972835312,0.48713336160576128,0.07434880366388297,390.5061217410571,460.5888034096844,15374.625309030735,2.7074549892887069,0.5116128097673294,570.7021312404818,668.7351013008673,24568.869934918923,0.4269484606064366,0.0806780915734007,357.182773954954,420.46350472890676,14440.899955636252,0.0,0.0,17.507980645613569,21.08758862036052,488.4610930944614,0.0,0.0,27.182837704253005,31.960162761114377,1113.8736185626145,0.0,0.0,131.01715144989402,156.6850278094853,4167.01182058321,0.0,0.0,26.73446147066352,31.673706786450475,983.7462135548477,0.0,0.0,64.56169080534488,75.96569724855506,2623.0679870680089,38.270318982344878,26.248504103117207,730.7687253808048,864.9230962027411,28781.622846702012,0.0,0.0,74.29261617046346,90.53724787159382,1588.4246390044246,1910.1715994825236,20.281383384637388,23.28794585759924,21.999999999999994,30.0,0.0,18.9088346072133,25.382204081376594,15.999999999999999,30.0,4303.331051488058,20.829022541053538,22.494033656680079,21.999999999999994,30.0,0.0,19.483962256807034,24.457373538902475,15.999999999999999,30.0,0.0,12.837012415648689,37.893402392985958,11.999999999999997,30.0,1019.7153108474496,19.785179907252834,25.519329988781786,19.66666666666666,30.0,0.0,14.87803254051001,33.068182591350979,9.999999999999999,30.0,1349.0418043553839,17.47129317442058,28.057265648058839,20.699999999999997,30.0,607.4711357541579,19.57717830502339,25.518757573962327,19.33333333333333,30.0,0.0,17.896650419335125,0.0,0.0,0.0,9.475559389971013,0.0,0.0,472.2167160473059,473.64503598293467,467.36792153872696,466.91894715746067,553.6256145186137,701.150670489187,534.3814443954969,536.0449264624148,624.698929466463,11138.723386980768,80.63951604659745,86.7990636397939,60.0,0.0,60.0,60.0,16.0,16.0,19.0,19.0,19.7,12.0,21.0,10.0,1.0,0.0,1910.1715994825236,0.0,4303.331051488058,0.0,1019.7153108474496,0.0,1349.0418043553839,607.4711357541579,9321.140745805838,5592684.447483504,7320327.760345636,80.63951604659745,86.90367320622106,0.36737135819352798,0.7636831547440333,0.3602813740196595,86.90367320622106,0.3542647819438874,7320327.760345636,0.3830070435379732 
 03/01  07:20:00,-0.71,94.33333333333334,1.8766666666666668,18.333333333333337,250.83333333333335,0.0,0.0,0.0,2.0,2.0,0.0,0.0,0.0,0.0,0.0,996.0,0.0,38.030202955628137,39.0256311390814,100.0012120904276,1.1403489103429255,30.351845723186558,0.0,39.025631139081337,53.350996485748357,0.0,0.0,19.022988365273265,-1234.5491492226086,17.843634438343896,941.6659195134323,19.725383072637415,-3471.7557573962528,18.310415768789235,878.2606192213272,12.808407254961822,30.132833482409106,18.128842189143407,-261.66854577931397,14.550710094919353,100.07041993604914,16.438445235323618,-225.68281237395025,18.281457142894767,-372.77143860338347,1779.9166087567149,1585.0629019881399,0.0,0.0,0.0,0.0,0.0,0.0,0.0,0.0,0.0,0.0,0.0,0.0,0.0,0.0,0.0,0.0,0.0,0.0,0.0,0.0,0.0,0.0,1.9667716546101535,0.6003576479273974,453.5540040495389,531.8455167548873,19091.741783100017,0.48430808970927488,0.0739175961094742,392.12623140758356,461.9763022449784,15461.812287566696,2.6458616009309114,0.4999738474926138,573.8538605927165,671.6242583675428,24754.287815343094,0.4224412956529309,0.07982639751567099,356.24498473285379,418.8572427062342,14436.201730825558,0.0,0.0,17.690917916685497,21.302122669095068,486.102815130752,0.0,0.0,27.293606632835976,32.123146243575309,1084.8636558754989,0.0,0.0,137.7986431388312,164.74169638636546,4326.484427583972,0.0,0.0,35.53422975120449,41.93135268767951,1366.2811908248373,0.0,0.0,60.057079058530508,70.61025311375528,2424.5483525602205,38.25643088708168,26.23897866054986,731.7562225915115,865.1798423466155,28831.068700769636,0.0,0.0,81.364085192058,99.03229328028553,1744.3306680251167,1950.1626826255268,20.542596424408896,22.91653842209646,22.000000000000005,30.000000000000008,0.0,19.165744081961113,24.97998454868181,16.000000000000005,30.000000000000008,4394.403533316872,21.10491387137534,22.11181972539116,22.000000000000005,30.000000000000008,0.0,19.759166558237625,24.02793223961328,16.000000000000005,30.000000000000008,0.0,12.838365345086459,37.96328074530531,12.000000000000002,30.000000000000008,949.4854560554059,19.336456510226389,27.427381202995116,19.500000000000005,30.000000000000008,0.0,14.88564737823188,33.31748423312432,10.000000000000002,30.000000000000008,1349.5669832241848,18.617135222028197,26.120412180853827,20.700000000000004,30.000000000000008,1619.60460467471,19.68569554241855,25.994516362055554,19.750000000000005,30.000000000000008,0.0,18.129504583132186,0.0,0.0,0.0,9.715731849381374,0.0,0.0,473.4134446466453,475.5122982119162,468.3659500478225,467.8228151995067,553.8306164610287,725.5218046183514,539.8871354657222,532.2029766902606,645.0106616790399,10856.321257966396,80.82634538097118,87.88020209578525,60.000000000000017,0.0,60.000000000000017,60.000000000000017,16.0,16.0,19.0,19.0,19.7,12.0,21.0,10.0,1.0,0.0,1950.1626826255268,0.0,4394.403533316872,0.0,949.4854560554059,0.0,1349.5669832241848,1619.60460467471,10675.023913271714,6405014.347963027,8371772.860517721,80.82634538097118,88.00000000000002,0.35583413044239045,0.7651463257647514,0.3602813740196596,88.00000000000002,0.35426478194388757,8371772.860517721,0.43768218874692146 
 03/01  07:30:00,-0.49999999999999997,94.5,1.895,22.0,301.0,0.0,0.0,0.0,2.0,2.0,0.0,0.0,0.0,0.0,0.0,996.0,0.0,47.582055143338859,39.645578482450527,101.58989212381755,1.4267707825153602,37.97523212600676,0.0,39.64557848245043,54.198511505289257,0.0,0.0,19.195331667846014,-1154.0439664847468,18.023924300477476,951.7330085172157,19.93156030458586,-3305.4791962452839,18.516301582282876,873.468814183735,12.80335685229019,33.398068964638898,18.34692363753796,-278.4364889136787,14.58035392964327,146.4285604027641,16.845622766495408,-302.28155552925878,18.025926217645226,-283.29614188778438,1809.738382055576,1629.4426783084828,0.0,0.0,0.0,0.0,0.0,0.0,0.0,0.0,0.0,0.0,0.0,0.0,0.0,0.0,0.0,0.0,0.0,0.0,0.0,0.0,0.0,0.0,1.9654607367510678,0.5999574898507534,446.81141152811207,523.5428927858765,18796.69082646437,0.48056099311302638,0.07334569491957058,384.6404038999257,452.7872091040389,15169.610859684413,2.6373371959658815,0.49836303778644799,565.2236659836453,661.0029521833155,24376.819361491696,0.41694905244341087,0.07878855866277603,346.1725297939581,406.65932168236028,14039.19356912014,0.0,0.0,17.681749938453117,21.290210902504197,478.44329477285029,0.0,0.0,26.81583078620968,31.515282568718239,1074.4201705054109,0.0,0.0,142.33538011864384,170.14627386858803,4417.5043408824699,0.0,0.0,42.90898456394394,50.55007962483343,1673.1770151610193,0.0,0.0,51.81669812892528,61.01408979037627,2027.4381100888768,38.294524504665947,26.26510597027843,715.4402185175736,845.0805142311883,28280.521049799394,0.0,0.0,85.95280632864535,104.52242451702176,1851.9871006512884,1845.3250561114992,20.753689575634387,22.67923261887931,22.0,30.0,0.0,19.39434652443998,24.679683413760889,16.0,30.0,4153.879447281952,21.326981860659694,21.851797700857348,22.0,30.0,0.0,20.00002307770915,23.699567187104948,16.0,30.0,0.0,12.841731130006519,38.3421309987562,12.0,30.0,607.9342820757117,19.74094028132192,27.43933466097572,19.5,30.0,0.0,14.91740299970286,33.68414408599345,10.0,30.0,1269.2796712110745,19.162469293716187,25.529358254316536,20.7,30.0,172.00268064789786,19.232018841026233,27.399926002681,19.0,30.0,0.0,18.396156313525425,0.0,0.0,0.0,9.99905480947716,0.0,0.0,476.61052431665987,478.3076866453939,470.88256602274938,470.27545263901086,557.8209272540674,739.090268745189,545.4530936988549,536.883745608262,664.2485100219038,11243.87552920233,80.56997194872786,87.87592073551488,60.0,0.0,60.0,60.0,16.0,16.0,19.0,19.0,19.7,12.0,21.0,10.0,1.0,0.0,1845.3250561114992,0.0,4153.879447281952,0.0,607.9342820757117,0.0,1269.2796712110745,172.00268064789786,11056.10614313833,6633663.685882998,8672918.833969864,80.56997194872786,88.0,0.36853687143794436,0.7648274470665526,0.36028137401965956,88.0,0.3542647819438875,8672918.833969864,0.4533417793664329 
 03/01  07:40:00,-0.29,94.66666666666666,1.913333333333333,29.5,323.66666666666665,0.0,0.0,1.0,2.0,0.0,0.0,0.0,0.0,0.0,4.0,2490.0,0.0,63.56689983990925,37.240087402760867,95.4260809798628,1.9060861491071999,50.73275770751689,0.0,37.240087402760789,50.91002282763906,0.0,0.0,19.003658765994417,-1565.895613448343,18.068463137221053,592.4744666979759,20.192583089222727,-2390.448637506686,18.745988990766567,912.6853674803477,12.798426404453249,31.69844279052802,18.25574018991971,-221.00781710727348,14.302466967026984,-207.90958466554185,17.144947991890729,-399.10683196991587,16.95564179123579,-1501.4590782259132,1783.365110865474,3261.504485770834,0.0,0.0,0.0,0.0,0.0,0.0,0.0,0.0,0.0,0.0,0.0,0.0,0.0,0.0,0.0,0.0,0.0,0.0,0.0,0.0,0.0,0.0,2.3042926130210308,0.703386023510693,375.3612579465337,440.69502746600736,15352.581071840315,0.496920470132201,0.07584256259648978,313.06018421951816,368.7581140042337,12195.978898979301,1.9051007493961932,0.3599963623197645,383.9986856581324,448.8337741147617,16622.93408790734,0.39372944698842579,0.07440087811572671,359.13483100176,421.6847342081326,14615.67953571463,0.0,0.0,15.847887758028902,19.090572889773364,422.0689145691457,0.0,0.0,20.961093908565425,24.67166906000741,820.0103584577673,0.0,0.0,357.08012020953347,427.9585466995617,10520.156366655334,0.0,0.0,53.16980117307715,62.57199563856989,2084.6145425550018,0.0,0.0,263.40360735915399,312.40212759232528,9276.977071241685,38.20511055507365,26.203779530228858,659.7596473736329,779.4921251399878,26011.152509596475,0.0,0.0,291.1580009283895,351.1837597975021,7563.2819351102439,1895.701725828474,20.302500094956849,23.693240398302306,21.999999999999998,30.0,0.0,19.35094101016249,25.047805715138993,15.999999999999999,30.0,3005.7587269906837,21.59184255207339,22.277866131306824,21.7,30.0,0.0,20.31087651431436,23.90833398709203,19.0,30.0,0.0,12.842371135580806,38.8396550247832,12.0,30.0,1149.6817741028663,19.47883990984395,28.56199708078711,19.6,30.0,0.0,14.31302253144592,35.8601879737249,10.0,30.0,1294.135747867455,19.494821876485024,26.044628501921556,20.7,30.0,0.0,17.259743515472548,29.79876193653528,12.0,30.0,0.0,18.473723087495409,0.0,0.0,0.0,12.441713934821195,0.0,0.0,494.51725221567917,491.9667758442715,512.355773414062,503.30113093894786,569.171134551018,769.3735942767014,581.93097782419,596.000859557711,587.9424681318872,10615.271750531894,80.98577278548983,85.91736397342973,220.0,0.0,220.0,220.0,16.0,19.0,19.0,12.0,19.7,12.0,21.0,10.0,1.0,0.0,1895.701725828474,0.0,3005.7587269906837,0.0,1149.6817741028663,0.0,1294.135747867455,0.0,7463.273707666931,4477964.224600159,5845259.451319573,80.98577278548983,86.00111876356013,0.3507757902555644,0.7660380303357618,0.3602813740196596,86.00111876356013,0.3542647819438876,5845259.451319573,0.3125701581352845 
 03/01  07:50:00,-0.07999999999999993,94.83333333333333,1.9316666666666667,37.0,346.3333333333333,0.0,0.0,1.0,2.0,0.0,0.0,0.0,0.0,0.0,4.0,996.0,0.0,79.55104098159075,34.076400743898449,87.31944337687244,2.3853814539434459,63.48973304797224,0.0,34.076400743898378,46.5850233108484,0.0,0.0,18.954457041215286,-1361.386021240257,17.98227925348775,609.9070221063266,20.023577990910164,-2217.8729554832136,18.887052638640158,827.6920904880949,12.789592181611724,28.728151636713464,18.082895421379015,-195.18164482499709,14.25371785743221,54.185334113098409,17.312313255710884,-488.05700498604826,15.95659843841889,-566.2959494387426,1732.6168663220288,2352.4589807082236,0.0,0.0,0.0,0.0,0.0,0.0,0.0,0.0,0.0,0.0,0.0,0.0,0.0,0.0,0.0,0.0,0.0,0.0,0.0,0.0,0.0,0.0,2.3810678060274057,0.7268216746115401,373.52907987164459,438.55074044497987,15002.87998873155,0.509079366067314,0.07769831594433977,311.2710440795611,366.7082682212224,11868.183596005696,1.6271831967835542,0.3074798179863104,368.95103743982159,431.1552272093994,15774.416043744095,0.37006925898674139,0.0699299431191877,343.21252109145589,402.59401809981918,13933.368925620927,0.0,0.0,14.95768545227981,18.009443042099386,391.80594324300719,0.0,0.0,19.0177375552397,22.378425338274469,731.41961022604,0.0,0.0,289.17622239067199,346.43298532087729,8396.145249966667,0.0,0.0,61.35239457176516,72.14046898798765,2394.0247405704847,0.0,0.0,190.0963494599133,226.56245218426887,6068.891294194604,37.98018535660391,26.049509846779104,641.8922284602454,758.0427410591336,25036.118089034288,0.0,0.0,220.18324706961304,265.9187904491451,5421.657345350791,1899.5823880513336,20.129451550771394,24.21993249208426,22.0,30.0,0.0,19.1303885497865,25.69774203971168,16.0,30.0,2328.80757084175,21.508415763041314,22.761860477941587,21.5,30.0,0.0,20.459693835542379,24.037124822793158,19.0,30.0,0.0,12.834679209646663,39.259362562770238,12.0,30.0,21.157711551133269,19.313955313646745,29.782464864105977,19.0,30.0,0.0,14.319188334589308,35.833331743797007,10.0,30.0,1280.6457260422304,19.62584596620169,26.260461083109406,20.7,30.0,0.0,15.799012710853145,32.584207041204489,12.0,30.0,0.0,18.44303110923547,0.0,0.0,0.0,11.931051905579249,0.0,0.0,506.0548607002985,504.56017968384756,529.3343252202728,519.4440764623918,577.2607339119786,812.9277963308814,572.8958126115972,614.9236549699091,577.3330538565094,9743.433555072348,81.56235030640711,83.26709491684913,220.0,0.0,220.0,220.0,16.0,19.0,19.0,12.0,19.7,12.0,21.0,10.0,1.0,0.0,1899.5823880513336,0.0,2328.80757084175,0.0,21.157711551133269,0.0,1280.6457260422304,0.0,2579.981003783974,1547988.6022703844,2009595.8496015685,81.56235030640711,83.29604713969815,0.34099936679279915,0.7704930108882764,0.36028137401965956,83.29604713969815,0.3542647819438875,2009595.8496015685,0.1130545397348371 
 03/01  08:00:00,0.13,95.0,1.95,44.5,369.0,0.0,0.0,1.0,2.0,0.0,0.0,0.0,0.0,0.0,4.0,1494.0,0.0,95.5284493860194,31.748009371149587,81.35320970332237,2.864475868311376,76.24134581363507,0.0,31.748009371149533,43.401935777881607,0.0,0.0,18.964800889918089,-1387.079566892631,17.97483675210036,634.4113928916873,20.062010474565594,-2381.6984105512108,18.934380809531864,833.1716733148124,12.777355007275136,24.109039879695275,18.391031099076835,-201.83669210051174,14.27447475627958,14.148011747834497,17.404798049080129,-528.6900397440053,15.614999952395309,-303.1032998980168,1719.73833006824,1982.3891469224037,0.0,0.0,0.0,0.0,0.0,0.0,0.0,0.0,0.0,0.0,0.0,0.0,0.0,0.0,0.0,0.0,0.0,0.0,0.0,0.0,0.0,0.0,2.387814894951452,0.7288812255651554,383.7853284341694,450.7289050037082,15232.728341406875,0.5139487345157913,0.07844150404697657,320.92937579705429,378.25005087433899,12063.738756200708,1.3955883215061103,0.26371661404121479,383.763233247069,448.33564245763827,16285.952371926785,0.3613409284108393,0.0682805987170897,358.35306714126156,420.3602147608635,14384.949756186772,0.0,0.0,14.463030011173723,17.4181351248538,372.27355859664547,0.0,0.0,18.619914501540764,21.882071684196555,722.9529029281517,0.0,0.0,240.64066067980884,288.28458971167057,6899.599176507095,0.0,0.0,64.79066380770296,76.20010325126174,2503.5056616180897,0.0,0.0,140.6152500045129,167.83863950969454,4319.3091315339229,37.76836069431915,25.904225441919829,666.3623653208246,786.9414459751341,25662.794364770096,0.0,0.0,169.6831363650295,205.39412830284926,3896.509146907084,1885.8105778187913,20.10307352153294,24.64161584349792,21.999999999999969,29.999999999999959,0.0,19.065830644200834,26.193109736607018,15.999999999999977,29.999999999999959,2769.472743893705,21.612708270685425,22.906148808609275,21.66666666666664,29.999999999999959,0.0,20.455037343071333,24.453274857392136,18.99999999999997,29.999999999999959,0.0,12.820057274889072,39.490084886153457,11.999999999999983,29.999999999999959,1257.1708397484447,19.74694499994904,29.409383856063948,19.833333333333305,29.999999999999959,0.0,14.343073916429768,35.975091393288007,9.999999999999986,29.999999999999959,1270.323135913722,19.646030650020223,26.298300197472068,20.69999999999997,29.999999999999959,0.0,15.411113136311144,33.47833310010977,11.999999999999983,29.999999999999959,0.0,18.48400254596674,0.0,0.0,0.0,11.371440619567345,0.0,0.0,520.9087159872433,519.0860384890327,543.9549815021169,538.4873817059624,577.4245339685926,835.9166977675154,570.9073647718811,609.7281885949201,570.8386774718844,10521.610230639702,81.04767552017448,85.89369583241532,219.99999999999972,0.0,219.99999999999972,219.99999999999972,16.0,19.0,19.0,12.0,19.7,12.0,21.0,10.0,1.0,0.0,1885.8105778187913,0.0,2769.472743893705,0.0,1257.1708397484447,0.0,1270.323135913722,0.0,7333.540074802926,4400124.044881762,5758382.575883387,81.04767552017448,85.97599734500055,0.3577846691600974,0.7653355271373979,0.360281374019659,85.97599734500055,0.354264781943887,5758382.575883387,0.3079303383903806 
 03/01  08:10:00,0.4716666666666667,94.66666666666667,1.8316666666666666,52.0,391.6666666666667,0.0,4.0,0.0,0.0,0.0,0.0,0.0,0.0,0.0,0.0,2241.0,0.0,111.49059468364695,30.766417923844029,78.8380814774917,3.3431135626473895,88.98078745670159,0.0,30.766417923843993,42.060025850300849,0.0,0.0,19.450009437326039,-962.2945710140026,18.150385898803948,1131.500806856416,20.2529263536603,-2446.206795945347,18.83876053630702,-50.066620973628747,12.774974805766372,45.058457919057307,17.767154909860545,-691.2016312495847,15.073502955987224,917.5925754136346,16.678690735562474,-227.21903788093804,15.284624827718375,-828.5687406098782,1434.779107800156,1786.635943446987,0.0,0.0,0.0,0.0,0.0,0.0,0.0,0.0,0.0,0.0,0.0,0.0,0.0,0.0,0.0,0.0,0.0,0.0,0.0,0.0,0.0,0.0,2.0437203573030846,0.6238462629130294,497.6419762378722,582.8803306606671,20101.48509092835,0.5126061420202105,0.07823659066242529,420.91001437483205,495.6122242178452,15756.239358746985,2.054120899011965,0.38815587660845909,323.32915131369335,377.866720634623,13518.105506146634,0.4254813416284996,0.08040085820644358,31.90165199800008,37.45551360141475,1249.7705099821706,0.0,0.0,15.122934660883543,18.21638231905067,378.92417248891078,0.0,0.0,110.05317420992597,129.93119518523234,3970.397572544125,0.0,0.0,306.6509179321673,365.2702654128414,9522.304628950607,0.0,0.0,45.25845426660428,53.48536048310767,1613.585286472557,0.0,0.0,147.36484924491189,176.16064094655494,4253.316448203205,37.403785692238958,25.654174000163903,442.810286113736,524.3304832637782,16474.764285209178,0.0,0.0,156.5707343528532,189.50365477911348,3454.541982600833,1866.5945571734017,20.887678235107644,23.888961197802716,21.999999999999994,29.999999999999994,0.0,19.34769910577359,26.219129734874249,15.999999999999997,29.999999999999994,3202.107894461199,21.60145698627443,22.837701396626938,21.77777777777777,29.999999999999994,0.0,20.07357856584357,27.595215119561297,18.999999999999998,29.999999999999994,0.0,12.825747295204217,39.97543677174174,11.999999999999997,29.999999999999994,0.0,18.545670961927614,28.954931579571967,15.999999999999997,29.999999999999994,0.0,15.943418154990887,33.44824822560714,9.999999999999999,29.999999999999994,0.0,18.273457952842408,28.677545863050285,15.999999999999997,29.999999999999994,0.0,14.934707632808497,35.21190121258797,11.999999999999997,29.999999999999994,0.0,17.700670010097246,0.0,0.0,0.0,11.084795601683096,0.0,0.0,535.170074444927,535.5179881772233,529.8602777090398,685.5428040941358,588.5127187162242,654.7540247955727,608.3551894989141,602.8498949153753,595.9676190283155,10259.950431214786,81.2207533188424,85.13605629249448,131.99999999999998,0.0,131.99999999999998,131.99999999999998,16.0,19.0,16.0,12.0,16.0,12.0,21.0,10.0,1.0,0.0,1866.5945571734017,0.0,3202.107894461199,0.0,0.0,0.0,0.0,0.0,5925.260966764526,3555156.580058715,4634432.513733887,81.2207533188424,85.20255113490096,0.3486198100032619,0.7665084853632165,0.36028137401965945,85.20255113490096,0.3542647819438875,4634432.513733887,0.24605049071416214 
 03/01  08:20:00,0.8133333333333334,94.33333333333334,1.7133333333333334,59.5,414.33333333333339,0.0,4.0,0.0,0.0,0.0,0.0,0.0,0.0,0.0,0.0,996.0,0.0,127.47022284410919,31.183984182964026,79.90822219326086,3.822276352757436,101.73419157507176,0.0,31.183984182964008,42.630870584201158,0.0,0.0,19.50723044864437,-1213.0774005451454,18.40042524190043,845.1097689866756,20.01957747407776,-1841.779518094346,18.539166441060389,-55.323272121342089,12.7962308300913,52.869952797405797,17.048900403067259,-232.35135386935353,15.45270740330482,206.5334834152095,15.772988689808014,-63.5366444196198,14.586400494636536,-825.8116673396836,1452.7129482310409,2121.185738528355,0.0,0.0,0.0,0.0,0.0,0.0,0.0,0.0,0.0,0.0,0.0,0.0,0.0,0.0,0.0,0.0,0.0,0.0,0.0,0.0,0.0,0.0,2.0291259036383626,0.6193913014769117,482.426631736388,564.7802865167375,19176.06990919453,0.48712013046902105,0.0743467842596186,378.3071539413563,444.76446578104318,14137.806230019967,2.124385172409265,0.4014333281196647,259.8525289172529,303.67826234358565,10590.247397301591,0.4616898343912771,0.08724297702027155,38.4918231406931,45.245392752400409,1439.2441631338318,0.0,0.0,13.350727998887689,16.070985331573078,326.4437632780845,0.0,0.0,80.59198947181133,95.4852192170315,2677.270939735442,0.0,0.0,353.6022654948373,420.48656463845489,10988.414539664958,0.0,0.0,30.59651136237685,36.34023154959185,976.9778705438063,0.0,0.0,233.0521524646402,279.5317429366596,6124.2493531642789,36.94875078361697,25.342078726760627,429.48675428739457,507.99957527886036,15840.089659377103,0.0,0.0,238.03619490996435,287.2384898108538,5465.576192538144,1829.6471522226064,20.904497721847926,24.071667967308593,22.000000000000005,30.000000000000008,0.0,19.67003865022526,25.869661925709765,16.000000000000005,30.000000000000008,2575.0850626572766,21.44868059021966,23.356259400254584,21.500000000000005,30.000000000000008,0.0,19.495263920347879,30.524235981321668,19.000000000000005,30.000000000000008,0.0,12.869599499371827,40.22389648165283,12.000000000000002,30.000000000000008,0.0,17.445769814336268,30.22119244566204,16.000000000000005,30.000000000000008,0.0,16.344400434483398,32.269036370980618,10.000000000000002,30.000000000000008,0.0,16.7311643690283,31.558757411306418,16.000000000000005,30.000000000000008,0.0,13.841095964192468,37.98607794021775,12.000000000000002,30.000000000000008,0.0,17.880485570415247,0.0,0.0,0.0,12.029646345731436,0.0,0.0,540.563828516081,539.144500383617,541.2354416289317,804.9015457047586,593.7999771249868,598.5092821154519,585.1577956865117,596.1928528769063,596.556437498382,9631.128790333223,81.63658841563677,85.10699830369035,132.00000000000004,0.0,132.00000000000004,132.00000000000004,16.0,19.0,16.0,12.0,16.0,12.0,21.0,10.0,1.0,0.0,1829.6471522226064,0.0,2575.0850626572766,0.0,0.0,0.0,0.0,0.0,5252.065148753114,3151239.0892518686,4110552.571965197,81.63658841563677,85.16593738455966,0.34506883829177056,0.7665878354781998,0.3602813740196596,85.16593738455966,0.35426478194388757,4110552.571965197,0.21880140040885694 
 03/01  08:30:00,1.155,94.0,1.595,67.0,437.0,0.0,4.0,0.0,0.0,0.0,0.0,0.0,0.0,0.0,0.0,1245.0,0.0,157.1351992397769,35.07594771836368,89.88131611576702,4.711787927483966,125.4097292903299,0.0,35.075947718363668,47.95147980535047,0.0,0.0,19.617597710136296,-1351.1691909437769,18.542963659882426,855.693217599846,20.066809812429413,-1901.5996888130745,18.36328541432524,-49.93892233099005,12.813878769533872,52.70184318815925,16.684911314116307,-157.13767552635918,15.282230794811266,173.27514261185244,15.655176108964117,-76.83361270476107,14.275675648705687,-603.6948211625522,1442.8983502070847,2065.477111142509,0.0,0.0,0.0,0.0,0.0,0.0,0.0,0.0,0.0,0.0,0.0,0.0,0.0,0.0,0.0,0.0,0.0,0.0,0.0,0.0,0.0,0.0,1.886703348522145,0.5759167730531578,482.05365792404657,564.1183604596733,18963.257184548605,0.46566643090870299,0.07107241008985088,388.8241509900804,456.9495965504357,14367.319122251496,2.170506917219038,0.41014869939891149,261.99980246018637,306.116802696465,10618.44138898362,0.5040990937596678,0.09525682043833479,47.709664559751519,56.16149693800672,1719.3947409140963,0.0,0.0,12.975474394699554,15.618163376855528,309.1005315956937,0.0,0.0,69.82793309755277,82.89442540494412,2198.282665147635,0.0,0.0,370.1549167934417,440.8140356918942,10999.830212842226,0.0,0.0,25.762902971571934,30.61100279859529,795.2156721367658,0.0,0.0,255.05561715385614,306.38107835044948,6361.448160632382,36.499525595960978,25.03396817281275,428.840650779062,507.0581165730852,15607.883658568993,0.0,0.0,259.2108356568941,312.79288043248388,5817.08911241016,1860.1967427388004,21.05740740144325,24.228187024110189,22.0,30.0,0.0,19.823730571835893,25.984882715335364,16.0,30.0,2618.438365019695,21.530067628521125,23.605170179432017,21.6,30.0,0.0,19.156377836625205,31.00883583131882,19.0,30.0,0.0,12.901443257286834,40.229918809985317,12.000000000000002,30.0,0.0,16.8993884645958,31.179651913381968,16.0,30.0,0.0,15.971177816114692,33.09921202368557,10.0,30.0,656.9830629612759,16.53012190731414,31.938641121598175,16.400000000000003,30.0,0.0,13.479910721084759,38.83593659892297,12.000000000000002,30.0,0.0,18.025023991335176,0.0,0.0,0.0,12.178107005081483,0.0,0.0,556.6164067387414,551.5976901997055,557.3679132801251,801.1803908856775,589.4419125761426,584.6212842564708,577.6534607163975,588.9163525775447,584.9498090317293,10220.861742040952,81.24664348161697,84.01329689641207,132.0,0.0,132.0,132.0,16.0,19.0,16.0,12.0,16.0,12.0,21.0,10.0,1.0,0.0,1860.1967427388004,0.0,2618.438365019695,0.0,0.0,0.0,656.9830629612759,0.0,4187.025394959175,2512215.236975505,3253204.001690125,81.24664348161697,84.0602838560543,0.34356751316530589,0.770085620309642,0.36028137401965956,84.0602838560543,0.35426478194388757,3253204.001690125,0.17421194142121988 
 03/01  08:40:00,1.4966666666666669,93.66666666666667,1.4766666666666666,76.33333333333333,427.1666666666667,0.0,0.0,1.0,2.0,0.0,0.0,0.0,0.0,0.0,0.0,1992.0,0.0,188.39724206895037,36.43432935592707,93.36221103820067,5.649181150977304,150.35980760975677,0.0,36.434329355927058,49.80849048926931,0.0,0.0,19.568981208894365,-1220.0763520605349,18.604695181134568,660.7900495702857,20.21132602732125,-3328.6906458008495,18.59477468701948,1130.1612636814774,12.827060944752957,50.842934528344539,17.589021980040984,-149.85419214434419,15.12776402101478,68.81989491325453,16.547490348496934,-256.66631210172786,14.10906897934327,-474.26325667915628,1570.1817112737345,1990.9194454744387,0.0,0.0,0.0,0.0,0.0,0.0,0.0,0.0,0.0,0.0,0.0,0.0,0.0,0.0,0.0,0.0,0.0,0.0,0.0,0.0,0.0,0.0,1.7958904716808757,0.548196114676702,435.1703501953531,509.5708217974972,16704.808856114018,0.42850037729718168,0.06539993548491784,347.09277316047607,407.96001507808787,12580.90365404666,2.550708750329942,0.48199333906461497,596.7346216067068,697.6956313786111,23414.433429034532,0.4346938729779248,0.08214169935334934,427.38153785261388,502.55831985346358,15406.116559750775,0.0,0.0,13.668657413265843,16.45446956617691,316.7229648544637,0.0,0.0,20.945030617311095,24.75766964395523,694.6566033500985,0.0,0.0,313.9182160845512,374.33886456163608,8920.106516442835,0.0,0.0,43.425140327391009,51.331636892598108,1434.0411372736645,0.0,0.0,257.31206852964,309.3245674173771,6163.732326962282,35.85458122659642,24.591619496979726,766.8108402385599,904.849111429622,27323.849962747994,0.0,0.0,262.93493294535116,317.1927050660149,5791.510110815536,1912.7125181415702,20.90424437029281,25.06601682961085,22.0,30.0,0.0,19.80928948881264,26.695671943512374,16.0,30.0,4320.772866982219,21.36757195363348,24.43234540817754,22.0,30.0,0.0,19.715910225328757,27.00891312307916,16.0,30.0,0.0,12.923203880235964,40.31229749113716,12.0,30.0,1857.9896592516016,18.14275696366007,29.817691730489025,20.0,30.0,0.0,15.646276965158283,34.177374248468449,10.0,30.0,1352.016416020802,18.0077973535533,29.722453805471717,20.7,30.0,0.0,13.326686966769146,39.46484991339201,12.0,30.0,0.0,18.657882710894464,0.0,0.0,0.0,12.321345471557914,0.0,0.0,589.4456542622314,585.7545534822727,590.945991756759,592.3747271341777,585.0959203187053,657.8802265869715,583.9521313833394,623.5117928605346,583.7876639771328,10757.363661317311,80.89180004031909,87.88129516918052,60.0,0.0,60.0,60.0,16.0,16.0,19.0,12.0,19.7,12.0,21.0,10.0,1.0,0.0,1912.7125181415702,0.0,4320.772866982219,0.0,1857.9896592516016,0.0,1352.016416020802,0.0,10577.718879132852,6346631.327479711,8317319.164492781,80.89180004031909,88.0,0.3525906293044283,0.7630493788588999,0.36028137401965956,88.0,0.3542647819438875,8317319.164492781,0.4347905965536246 
 03/01  08:50:00,1.8383333333333337,93.33333333333333,1.3583333333333335,85.66666666666666,417.33333333333339,0.0,0.0,1.0,2.0,0.0,0.0,0.0,0.0,0.0,0.0,996.0,0.0,238.37753873775629,40.065939767059138,102.66812176089438,7.147830620189087,190.24870864062383,0.0,40.06593976705912,54.77317725093676,0.0,0.0,19.74625892933149,-1225.065356970863,18.7014746058914,810.3422368109668,20.491194820221446,-3419.98308703727,18.963676749028588,818.0549298856868,12.84022781541296,50.5499431449886,18.558056082901908,-231.7888112908943,15.048813987632427,141.94575462895365,17.203527274978815,-423.73274263138986,14.03690345981051,-370.9311099901986,1572.9125752265555,1968.8067804488338,0.0,0.0,0.0,0.0,0.0,0.0,0.0,0.0,0.0,0.0,0.0,0.0,0.0,0.0,0.0,0.0,0.0,0.0,0.0,0.0,0.0,0.0,1.7848505437022926,0.5448261732912981,455.8799459373493,533.1256662241608,17410.283438067127,0.4399621395554974,0.06714928869894649,371.27025195805546,436.0816040929485,13257.06309712989,2.4169241093514386,0.4567127946620255,594.9611068435446,694.4743651298335,23338.39739144923,0.40778224613593697,0.07705635792440227,399.89468284662129,469.17630975947216,14540.280257265473,0.0,0.0,13.92566619186785,16.755701897764909,313.59765466484108,0.0,0.0,21.80368251564179,25.60784260670903,777.4100465751744,0.0,0.0,307.0795693102617,366.2043258343167,8431.92284153348,0.0,0.0,55.79998943775109,65.70922353933588,1910.7996341402287,0.0,0.0,256.75637742492929,308.54222403751887,5963.447576534395,35.54184180012342,24.377120576216343,762.8066602318131,898.9532314679071,27031.600252716344,0.0,0.0,263.53386096874626,317.4838941456653,5756.134430688756,1861.154569546433,21.168577940198124,24.71520535979668,22.0,30.0,0.0,19.881405504884368,26.746284201424744,16.0,30.0,4193.982954803121,21.729898170445084,23.923937046323848,22.0,30.0,0.0,20.241068730948148,26.171634125724567,16.0,30.0,0.0,12.942976180121836,40.551359503248928,12.0,30.0,1327.9891267985714,19.85443408796593,28.24369247906488,20.0,30.0,0.0,15.504692739516692,34.72285878363556,10.0,30.0,1291.5236555658337,19.08448639652179,28.273927932569536,20.7,30.0,0.0,13.30683125861291,39.92102715755949,12.0,30.0,0.0,18.92295996065063,0.0,0.0,0.0,12.581500211575103,0.0,0.0,586.2329829028201,589.6658649450249,585.8179136255989,587.1045997614865,586.3600642082544,751.0497602162445,589.2650379414645,637.4074304165996,594.3007041239268,11176.0125902245,80.61484358063309,87.87667007845742,60.0,0.0,60.0,60.0,16.0,16.0,19.0,12.0,19.7,12.0,21.0,10.0,1.0,0.0,1861.154569546433,0.0,4193.982954803121,0.0,1327.9891267985714,0.0,1291.5236555658337,0.0,10989.376495111228,6593625.8970667379,8624947.985608165,80.61484358063309,88.0,0.366312549837041,0.7644134021521835,0.36028137401965956,88.0,0.3542647819438875,8624947.985608165,0.4507839619182913 
 03/01  09:00:00,2.18,93.0,1.24,95.0,407.5,0.0,0.0,1.0,2.0,0.0,0.0,0.0,0.0,0.0,0.0,996.0,0.0,295.93699644111106,43.644254638169318,111.83746062140287,8.873736505316085,236.1864460004552,0.0,43.644254638169289,59.66500496880603,0.0,0.0,19.934348883259866,-1177.9804003942537,18.901014853636548,883.4426730150144,20.377327874846324,-2977.0478187634846,19.171576650502119,815.4347684305503,12.857825205215212,54.17518877989062,18.27949675401114,-209.35696374555264,15.106658422722234,196.95839560326477,17.51651611200987,-500.12557469378336,14.056903733913254,-259.4682081730746,1602.1258506919949,1939.2359146845527,0.0,0.0,0.0,0.0,0.0,0.0,0.0,0.0,0.0,0.0,0.0,0.0,0.0,0.0,0.0,0.0,0.0,0.0,0.0,0.0,0.0,0.0,1.773329358882099,0.541309328108089,465.2843650178319,543.6291181350778,17679.564166438504,0.44324270433568938,0.06764998539921999,381.90567566066036,448.2226555676271,13538.917568085864,2.350988186083062,0.44425324755915776,589.9603785641714,688.610013786179,22745.299678620482,0.3942936702796444,0.07450749627355334,386.32238392880086,452.77250050348126,13991.044075748025,0.0,0.0,14.166450176155859,17.04313826734958,309.9492026866555,0.0,0.0,22.163152663844558,26.072970814550396,753.2777490552883,0.0,0.0,304.4348568108678,362.8967685373415,8207.567020264923,0.0,0.0,62.16333059333052,73.1084744034785,2133.036301240864,0.0,0.0,255.26448727747363,306.59235626310177,5813.068928826859,35.33845495840031,24.23762342825811,759.2581238355201,893.7818163481119,26821.299603063955,0.0,0.0,262.5041090891985,315.9092471727534,5695.158153282613,1855.1894494750996,21.433079336287304,24.41130742586508,22.0,30.0,0.0,20.108659155042245,26.500662896988499,16.0,30.0,3238.893722219382,21.728153783493199,24.01431118552526,21.75,30.0,0.0,20.524575639198369,25.8089694611573,16.0,30.0,0.0,12.969424158566867,40.87121754588544,12.0,30.0,16.742731657999895,19.32633847997134,30.374709494278528,19.0,30.0,0.0,15.602504913147487,34.968988737678127,10.0,30.0,1280.2810478190832,19.500379035953224,27.903443092459477,20.7,30.0,0.0,13.42903424547921,40.259301410795867,12.0,30.0,0.0,19.23001083722776,0.0,0.0,0.0,12.86134040012541,0.0,0.0,577.2554439161927,582.9860765327672,575.3259294895295,578.0044317592801,592.1324718724181,798.2156576760026,598.273511822937,641.4186793037898,609.0053826633075,9902.315781006015,81.45729445964072,83.16600773636871,60.0,0.0,60.0,60.0,16.0,16.0,19.0,12.0,19.7,12.0,21.0,10.0,1.0,0.0,1855.1894494750996,0.0,3238.893722219382,0.0,16.742731657999895,0.0,1280.2810478190832,0.0,2585.9812684091928,1551588.7610455156,2030778.7722067165,81.45729445964072,83.19502736034633,0.3411993756136398,0.7677953318777449,0.36028137401965956,83.19502736034633,0.3542647819438875,2030778.7722067165,0.10788382948808263 
 03/01  09:10:00,2.47,92.5,1.1733333333333334,104.33333333333334,397.66666666666665,0.0,0.0,0.0,0.0,0.0,0.0,0.0,0.0,0.0,0.0,2241.0,0.0,358.8714066779604,47.11793574174833,120.73867633900736,10.760806780683755,286.41386539494047,0.0,47.11793574174831,64.41379039367686,0.0,0.0,19.037686057490228,-405.85089854703747,18.856980449788077,-44.19510088865193,19.436127580548395,-591.4588463174788,18.969948073334444,-177.45790844112515,12.87945059190656,54.292710081472637,17.688433670102464,-539.4574703827607,15.230882474491569,185.89925264639553,16.869284038919376,-297.47945311328706,14.087121472951111,-245.34236658723285,923.6115047595035,1784.693353622148,0.0,0.0,0.0,0.0,0.0,0.0,0.0,0.0,0.0,0.0,0.0,0.0,0.0,0.0,0.0,0.0,0.0,0.0,0.0,0.0,0.0,0.0,1.6981389173392577,0.5183574228752312,248.20648861627584,291.63748667197657,8677.306367076215,0.3397885388832647,0.051860277607335889,127.55625411706896,150.0073918769543,4427.028973491326,2.7181625681974386,0.5136361617908993,170.2595207068623,200.02782315015737,6032.201307561698,0.3166371185279793,0.05983316676643598,84.4066624052586,99.17591064221847,2964.1695731734059,0.0,0.0,13.451370164312275,16.18912571138866,287.1717055943537,0.0,0.0,102.19209103439875,120.78364398866086,3197.0983473952376,0.0,0.0,381.89657643906687,455.0960431271928,10223.432501869573,0.0,0.0,50.552098435841319,59.72509600871677,1596.6152119928445,0.0,0.0,254.99038894931705,306.27909823295826,5708.570198570635,33.79540523639553,23.179290285593646,226.47899296586778,268.0933945163504,7999.247949692593,0.0,0.0,261.46044902540486,314.67716914623437,5568.26523965427,0.0,19.878459570905318,27.115087843538939,21.999999999999994,29.999999999999994,0.0,19.821472391735477,27.15868686426338,15.999999999999997,29.999999999999994,0.0,19.989417667615688,26.99487045585876,21.999999999999994,29.999999999999994,0.0,19.994789984507926,26.835922983089746,15.999999999999997,29.999999999999994,0.0,13.000268973149229,41.29388034768579,11.999999999999997,29.999999999999994,0.0,18.158374666375804,30.85823830791317,15.999999999999997,29.999999999999994,0.0,15.804742316652597,35.216374353119309,9.999999999999999,29.999999999999994,0.0,18.28109931062829,30.04691629956921,11.999999999999997,29.999999999999994,0.0,13.534180632748515,40.536304448048309,11.999999999999997,29.999999999999994,0.0,17.292344797036895,0.0,0.0,0.0,12.954299054286937,0.0,0.0,574.138351159025,575.0013523614806,562.650354902803,575.3862902961157,603.8409021133792,666.2227318735454,626.131428611466,626.3373764171491,623.0469531210039,0.0,82.78595015946621,82.78595015946621,59.999999999999989,0.0,59.999999999999989,59.999999999999989,16.0,16.0,16.0,12.0,12.0,12.0,21.0,10.0,0.0,0.0,0.0,0.0,0.0,0.0,0.0,0.0,0.0,0.0,0.0,0.0,0.0,82.78595015946621,82.78595015946621,0.0,0.0,0.0,82.78595015946621,0.0,0.0,0.00228 
 03/01  09:20:00,2.7600000000000004,92.0,1.1066666666666667,113.66666666666666,387.8333333333333,0.0,0.0,0.0,0.0,0.0,0.0,0.0,0.0,0.0,0.0,996.0,0.0,425.29043961446589,50.48916633756906,129.37736344844655,12.752360909383468,339.4223156364748,0.0,50.48916633756903,69.02251820718208,0.0,0.0,18.307418342632049,-71.23174597265667,18.37330633144234,-301.7231732982556,18.717845560562315,-346.1910599359599,18.32852370274391,-311.9799173405561,12.891904765858092,42.92647641275256,17.15808764198401,-325.9613908545038,15.079492416920236,78.08489557289386,16.003365710262139,-125.09482480844402,14.087733481258696,-292.56773448444718,821.6571843160331,1512.9560806093287,0.0,0.0,0.0,0.0,0.0,0.0,0.0,0.0,0.0,0.0,0.0,0.0,0.0,0.0,0.0,0.0,0.0,0.0,0.0,0.0,0.0,0.0,1.590995685987054,0.4856519187994671,174.26052371717504,205.50225306208677,5572.107306317351,0.2982259547267893,0.04551678185695808,84.7562903607443,99.91251180540623,2708.7941480602937,2.6112795254392275,0.49343906376402665,147.20071163005017,173.48785725289037,4749.023237118523,0.2912942057688115,0.055044256570070188,87.22632406180776,102.78003967872425,2766.6417881317099,0.0,0.0,11.923454155355835,14.341659691512435,247.87937105555589,0.0,0.0,87.82773201729529,104.09691099796429,2540.5944827968935,0.0,0.0,347.84689729365706,414.7543858020738,8911.178119178918,0.0,0.0,37.315656142234377,44.308992003927318,1045.7054871825727,0.0,0.0,233.2161817073384,279.96302589757968,5100.5410661267319,32.373224686293358,22.203857809529059,161.68829173126299,192.09627334354227,5281.923407510178,0.0,0.0,237.92995430703463,286.44657018770956,4827.155118580807,0.0,18.71048345028717,29.38774718452893,22.000000000000005,30.000000000000008,0.0,18.817529706306688,29.31695052088081,16.000000000000005,30.000000000000008,0.0,18.824841152707824,29.311886815028065,22.000000000000005,30.000000000000008,0.0,18.81459084745051,29.261351523421508,16.000000000000005,30.000000000000008,0.0,13.013093062245887,41.70658312608455,12.000000000000002,30.000000000000008,0.0,17.236987913849718,32.13818306113556,16.000000000000005,30.000000000000008,0.0,15.505024260331814,35.87965358321386,10.000000000000002,30.000000000000008,0.0,16.724832141301044,33.164965031027318,12.000000000000002,30.000000000000008,0.0,13.568173458114697,40.632910658065657,12.000000000000002,30.000000000000008,0.0,16.2672618029021,0.0,0.0,0.0,12.732034197496129,0.0,0.0,566.6365347852184,554.8711272441492,554.364591548399,563.7080465788356,613.382099795658,622.4711258623389,614.5037866010423,620.3691956920288,623.2136334993797,0.0,82.78595015946626,82.78595015946626,60.000000000000017,0.0,60.000000000000017,60.000000000000017,16.0,16.0,16.0,12.0,12.0,12.0,21.0,10.0,0.0,0.0,0.0,0.0,0.0,0.0,0.0,0.0,0.0,0.0,0.0,0.0,0.0,82.78595015946626,82.78595015946626,0.0,0.0,0.0,82.78595015946626,0.0,0.0,0.00226 
 03/01  09:30:00,3.05,91.5,1.04,123.0,378.0,0.0,0.0,0.0,0.0,0.0,0.0,0.0,0.0,0.0,0.0,747.0,0.0,493.4541266765407,53.76026022888129,137.7594510093424,14.796226859851908,393.8231472143834,0.0,53.760260228881268,73.49435155378456,0.0,0.0,17.866895984728737,-46.3691295412421,18.01212789617962,-353.78447133955407,18.24392935272533,-328.6354711644028,17.93806091956747,-97.17541330143797,12.89494573072618,34.47646083847154,16.88504603351663,-259.9190286162489,14.942831321182747,57.846132795576199,15.518621069826733,-67.01499687696725,14.042252456163549,-320.4671971448687,542.1288759878476,1290.0301309116142,0.0,0.0,0.0,0.0,0.0,0.0,0.0,0.0,0.0,0.0,0.0,0.0,0.0,0.0,0.0,0.0,0.0,0.0,0.0,0.0,0.0,0.0,1.4844290547355992,0.4531224220804636,166.48080807712729,196.6738823950539,5017.829291927961,0.27824366483527598,0.0424669818124658,72.88980850373776,86.0919207063361,2189.8189272717957,2.466899816606716,0.46615642793021846,69.33092434743095,81.88941458934547,2152.9465429892504,0.2766342985674365,0.052274054906922957,10.806114714266347,12.761949594716305,333.3920148352667,0.0,0.0,10.987021607706837,13.210816129173392,221.88040408961249,0.0,0.0,80.42343341868846,95.43890441164055,2209.5722646630008,0.0,0.0,323.5872703401463,386.0361145354045,7944.510240922415,0.0,0.0,27.956813789574249,33.2772932701414,723.2892160826389,0.0,0.0,214.29581046001486,257.20847163079938,4540.235400320297,31.171766345021874,21.379812307971105,101.08023579653701,120.38688076733784,3341.938781568952,0.0,0.0,217.50363955847514,261.9277207057257,4210.320437401586,0.0,18.068617105143507,30.846929887723474,21.999999999999994,29.99999999999999,0.0,18.117586000655764,30.999402854284619,15.999999999999993,29.99999999999999,0.0,18.12766642629401,31.02945784081905,21.999999999999994,29.99999999999999,0.0,18.178799283391073,30.542476977468526,15.999999999999993,29.99999999999999,0.0,13.008946770941428,41.92822671065062,11.999999999999995,29.99999999999999,0.0,16.78340673680273,33.07299759779123,15.999999999999993,29.99999999999999,0.0,15.255491678646827,36.51285175836401,9.999999999999997,29.99999999999999,0.0,15.93063081977116,34.909554520833427,11.999999999999995,29.99999999999999,0.0,13.517382785162149,40.79599940212384,11.999999999999995,29.99999999999999,0.0,15.564677066929363,0.0,0.0,0.0,12.563437823238744,0.0,0.0,556.8720400627541,539.9014676164916,538.9152180836859,568.4951934666708,613.7447669761361,613.0114871293285,606.0322017290827,616.1837725006847,615.9919104237725,0.0,82.78595015946621,82.78595015946621,59.99999999999998,0.0,59.99999999999998,59.99999999999998,16.0,16.0,16.0,12.0,12.0,12.0,21.0,10.0,0.0,0.0,0.0,0.0,0.0,0.0,0.0,0.0,0.0,0.0,0.0,0.0,0.0,82.78595015946621,82.78595015946621,0.0,0.0,0.0,82.78595015946621,0.0,0.0,0.0022400000000000004 
 03/01  09:40:00,3.34,91.0,0.9733333333333334,127.83333333333333,390.66666666666665,0.0,0.0,0.0,0.0,0.0,0.0,0.0,0.0,0.0,0.0,747.0,0.0,570.1909917727579,56.052771847519768,143.63399679797159,17.097158005029919,455.06616937695937,0.0,56.052771847519739,76.62838874266774,0.0,0.0,17.460807683597289,-117.6212685495612,17.74388303047967,-355.5526640826067,17.7608385673523,-319.77635416879436,17.61395796951576,-321.3688376464696,12.89487352873361,26.38552986680214,16.727985633863,-251.96602400803395,14.79989464316403,17.991004849265694,15.212118142278556,-43.562033974311308,13.987129992538805,-339.55624440006479,709.3545170984819,1072.536650027501,0.0,0.0,0.0,0.0,0.0,0.0,0.0,0.0,0.0,0.0,0.0,0.0,0.0,0.0,0.0,0.0,0.0,0.0,0.0,0.0,0.0,0.0,1.3750295483242197,0.4197281893541577,232.2517727362278,274.9559341871925,6580.943034534891,0.24938581879932043,0.03806254865679495,117.95255711905119,139.51567299052977,3355.646804947912,2.3627975007627954,0.4464847885039299,289.9144902106355,343.4892840160547,8172.7016980338089,0.25758985063544739,0.048675330807907677,193.90317004841217,229.4689645848785,5543.082857079427,0.0,0.0,10.143693268458545,12.196043977519329,198.715763279194,0.0,0.0,76.62269171539839,91.003357229455,2021.4927411028289,0.0,0.0,300.76712663540317,359.0973131150731,7060.936949047422,0.0,0.0,21.53022595816893,25.662502985604065,525.1451429920272,0.0,0.0,195.54600488495525,234.73995310267802,4002.405815989069,29.970745511534465,20.556066880339153,348.05772523271147,413.8027665913192,9797.585536200837,0.0,0.0,197.41954769740833,237.84098632532898,3648.9662641375768,0.0,17.461348077647704,32.49016641544817,22.000000000000008,30.00000000000001,0.0,17.605342270549654,32.58844902167037,16.000000000000008,30.00000000000001,0.0,17.39503177949961,32.69277615379187,22.000000000000008,30.00000000000001,0.0,17.63146504416178,32.179256041140209,16.000000000000008,30.00000000000001,0.0,13.000063387520556,42.11564256348397,12.000000000000006,30.00000000000001,0.0,16.51759666311008,33.76219816101246,16.000000000000008,30.00000000000001,0.0,15.001614477926396,37.330751608696669,10.000000000000004,30.00000000000001,0.0,15.479914708081866,36.011445604044457,12.000000000000006,30.00000000000001,0.0,13.449551347045436,41.11687874271468,12.000000000000006,30.00000000000001,0.0,16.251914077771276,0.0,0.0,0.0,12.421135986841085,0.0,0.0,544.3714939876084,521.8781159680951,541.7753631170608,543.9364877066188,608.1936695082484,599.1429599922229,590.3210977497491,606.3966436983935,600.6403941390221,0.0,82.78595015946627,82.78595015946627,60.00000000000002,0.0,60.00000000000002,60.00000000000002,16.0,16.0,16.0,12.0,12.0,12.0,21.0,10.0,0.0,0.0,0.0,0.0,0.0,0.0,0.0,0.0,0.0,0.0,0.0,0.0,0.0,82.78595015946627,82.78595015946627,0.0,0.0,0.0,82.78595015946627,0.0,0.0,0.00222 
 03/01  09:50:00,3.63,90.5,0.9066666666666665,132.66666666666669,403.3333333333333,0.0,0.0,0.0,0.0,0.0,0.0,0.0,0.0,0.0,0.0,498.0,0.0,651.5016447001185,58.326079953589587,149.45933521164663,19.535231850252189,519.9594817484184,0.0,58.326079953589559,79.73617327395999,0.0,0.0,17.22766526964484,-2.9330770621454578,17.608808410452327,-270.61368659357597,17.610192591502945,-295.95951675507379,17.321392836828385,-136.55638089722152,12.898428839830335,25.094795550008059,16.635308023321266,-235.38783209002987,14.72628957502325,38.88976167834244,14.978745989321137,-30.49221740610966,13.941086539893652,-308.8340221222197,647.1070026508951,986.956014237845,0.0,0.0,0.0,0.0,0.0,0.0,0.0,0.0,0.0,0.0,0.0,0.0,0.0,0.0,0.0,0.0,0.0,0.0,0.0,0.0,0.0,0.0,1.3327492325796118,0.4068221100670366,189.84073761497838,224.71032323441484,5175.065542160462,0.2428854466669732,0.03707042836797515,112.8056829197746,133.538637623834,3090.7376882402074,2.1970352639965218,0.41516161451181457,240.46561242837869,284.58056039273296,6594.969446016588,0.2520111269085262,0.04762115020947205,163.36521212543958,193.39566746173436,4428.708575440574,0.0,0.0,9.956235795923153,11.963931288427944,189.20787016798205,0.0,0.0,76.15718778354446,90.45299278883279,1940.8337319125915,0.0,0.0,295.9354992508545,353.2508064770346,6716.57078809613,0.0,0.0,20.374419656423357,24.301418000929567,472.62371199503749,0.0,0.0,191.884220558438,230.24756868562427,3797.4469431349536,29.355667755707417,20.13420285027944,288.8972180897117,343.1826956633562,7975.802243988404,0.0,0.0,193.51146297244049,232.92376309829707,3496.867766451477,0.0,17.204001158316353,33.240790870151588,22.0,30.0,0.0,17.337507956463626,33.177472764372328,16.0,30.0,0.0,17.303286060066144,33.06376759167925,22.0,30.0,0.0,17.193873700259429,33.24644786368181,16.0,30.0,0.0,12.999938320767197,42.27294165635605,12.0,30.0,0.0,16.34961754060624,34.22543752446137,16.0,30.0,0.0,14.898589713443546,37.678864192198499,10.0,30.0,0.0,15.15480323373622,36.86946293608196,12.0,30.0,0.0,13.40226044827428,41.337485439100777,12.0,30.0,0.0,16.143458618341087,0.0,0.0,0.0,12.50994106242685,0.0,0.0,535.3320983833219,525.3193917784972,536.3814485230842,536.4794771267523,601.1488751723537,591.3849781625816,584.5296170056886,597.6124246487005,594.5108421237685,0.0,82.78595015946624,82.78595015946624,60.0,0.0,60.0,60.0,16.0,16.0,16.0,12.0,12.0,12.0,21.0,10.0,0.0,0.0,0.0,0.0,0.0,0.0,0.0,0.0,0.0,0.0,0.0,0.0,0.0,82.78595015946624,82.78595015946624,0.0,0.0,0.0,82.78595015946624,0.0,0.0,0.0022233333333333338 
 03/01  10:00:00,3.92,90.0,0.84,137.5,416.0,0.0,0.0,0.0,0.0,0.0,0.0,0.0,0.0,0.0,0.0,498.0,0.0,736.540018627277,60.57953906947587,155.23381191627784,22.085079478120798,587.8278472422834,0.0,60.57953906947584,82.81682273082505,0.0,0.0,17.03053893909226,-57.82570678531738,17.528888380570387,-341.5064386603922,17.300593568291107,-197.6086147680926,17.20981582071031,-207.9383450011801,12.905511350023268,22.569340457711364,16.596490096033724,-236.58002166569214,14.662408954092588,37.01987235640263,14.81237527835628,-21.543970185626195,13.936571681705252,-266.8813447006205,557.2014856663409,847.5826956309866,0.0,0.0,0.0,0.0,0.0,0.0,0.0,0.0,0.0,0.0,0.0,0.0,0.0,0.0,0.0,0.0,0.0,0.0,0.0,0.0,0.0,0.0,1.2563342344650064,0.38349640856685177,207.629949699411,246.07428159292506,5445.6790668741309,0.2231148590517622,0.03405293941571463,133.97146232116394,158.64897519333273,3540.035947417115,2.1788058699024468,0.41171690663311558,254.61298765989376,301.68031767558207,6657.127990544677,0.23809827971626419,0.0449921163485004,158.51882666125153,187.75844280801545,4159.361136406765,0.0,0.0,9.56559021424044,11.49332588315584,176.2902793764003,0.0,0.0,74.94092738218936,89.02863525675166,1853.3784984867485,0.0,0.0,282.52667861636305,337.33186077686175,6196.311404380764,0.0,0.0,16.07545684520693,19.183859250414913,356.8859420107258,0.0,0.0,179.51188594824385,215.37071615744856,3456.814929914225,28.527345725524719,19.56608074452999,305.2764765649777,362.98222864824165,8049.456517021297,0.0,0.0,180.27877561031665,216.96845861076597,3159.6797654443109,0.0,16.969349658055685,34.02955538992076,22.0,30.0,0.0,17.141445488491678,33.92024792280739,16.0,30.0,0.0,16.88580977899118,34.26291652894406,22.0,30.0,0.0,17.05998021822127,33.672425288353597,16.0,30.0,0.0,13.006517351829734,42.41634754250602,12.0,30.0,0.0,16.25983778591595,34.592476398763967,16.0,30.0,0.0,14.805395997491925,38.1138587591182,10.0,30.0,0.0,14.94619313114064,37.49008305167676,12.0,30.0,0.0,13.429405109694198,41.48864717651466,12.0,30.0,0.0,15.964781526646977,0.0,0.0,0.0,12.532510174087676,0.0,0.0,529.3871463584707,519.7677030253105,527.9207856145447,535.8235241979901,593.4327152003169,580.9636382935984,573.8625090921214,589.6486129942495,582.3055333378195,0.0,82.78595015946624,82.78595015946624,60.0,0.0,60.0,60.0,16.0,16.0,16.0,12.0,12.0,12.0,21.0,10.0,0.0,0.0,0.0,0.0,0.0,0.0,0.0,0.0,0.0,0.0,0.0,0.0,0.0,82.78595015946624,82.78595015946624,0.0,0.0,0.0,82.78595015946624,0.0,0.0,0.0022266666666666669 
 03/01  10:10:00,4.208333333333333,88.66666666666667,0.835,142.33333333333335,428.66666666666665,0.0,0.0,0.0,0.0,0.0,0.0,0.0,0.0,0.0,0.0,249.0,0.0,824.5644341314886,62.81226678985166,160.95516545797907,24.724461971870395,658.0793391957529,0.0,62.812266789851637,85.86913079828162,0.0,0.0,16.87393986162648,1.452834769457695,17.484801888890563,-328.8342525276639,17.234279309120557,-150.16868117485229,17.09814724663721,-55.360398017343417,12.917469847821217,21.473827921585895,16.590591759758938,-226.3856172921537,14.627712274579821,41.023626838861677,14.66163468248936,-14.699478460402588,13.922179904808314,-278.24988801366546,444.4376975606983,783.6056278789665,0.0,0.0,0.0,0.0,0.0,0.0,0.0,0.0,0.0,0.0,0.0,0.0,0.0,0.0,0.0,0.0,0.0,0.0,0.0,0.0,0.0,0.0,1.2131715991078214,0.37032100094866346,186.33031589726535,220.53636086781007,4722.969096955187,0.21290188729846669,0.032494183043111527,143.51198721418968,169.72269377010236,3673.080118477926,2.056268435747643,0.38856168475956989,74.62930414095634,88.29104467022447,1945.6117144393064,0.2335483371515134,0.04413233884193374,58.907948867471308,69.69589780662332,1503.8843657729593,0.0,0.0,9.410047917310472,11.287397714760728,168.26387441132014,0.0,0.0,74.5687780625181,88.45530634149738,1795.2402867028009,0.0,0.0,278.92694873274487,332.52509501303356,5937.028130385751,0.0,0.0,15.28428270512437,18.22302319745424,324.92737090290799,0.0,0.0,177.68225710380373,212.82403567158716,3318.2975460685377,28.019232603976645,19.217580661163685,175.86623444586605,208.9688192730647,4673.32622295858,0.0,0.0,178.33719290464843,214.1644661340086,3073.8374552110287,0.0,16.81291455204779,34.40826805016253,22.0,30.0,0.0,17.00802986821882,34.602593577163897,16.0,30.0,0.0,16.91113245820358,34.69269354907106,22.0,30.0,0.0,16.94147070370588,33.78643259997378,16.0,30.0,0.0,13.022256709561998,42.56323830536093,12.0,30.0,0.0,16.215284033189059,34.82995377051152,16.0,30.0,0.0,14.768261329095667,38.354964163727768,10.0,30.0,0.0,14.7547569134844,38.10402291094164,12.0,30.0,0.0,13.427701293421139,41.60585874997449,12.0,30.0,0.0,15.643737390470216,0.0,0.0,0.0,12.679959794485212,0.0,0.0,529.7589820956059,508.29176252692658,513.7364989489795,542.5053489892938,584.54115799256,573.1406629226569,568.4236858415517,581.1056336536942,577.2668033985823,0.0,82.78595015946624,82.78595015946624,60.0,0.0,60.0,60.0,16.0,16.0,16.0,12.0,12.0,12.0,21.0,10.0,0.0,0.0,0.0,0.0,0.0,0.0,0.0,0.0,0.0,0.0,0.0,0.0,0.0,82.78595015946624,82.78595015946624,0.0,0.0,0.0,82.78595015946624,0.0,0.0,0.0022299999999999999 
 03/01  10:20:00,4.496666666666667,87.33333333333334,0.8300000000000001,147.16666666666667,441.33333333333339,0.0,0.0,0.0,0.0,0.0,0.0,0.0,0.0,0.0,0.0,249.0,0.0,914.955024573319,65.02319310175384,166.6206536439574,27.434792906196763,730.2192483695337,0.0,65.0231931017538,88.89163468748632,0.0,0.0,16.76876292286967,7.441747034307809,17.480683828296614,-355.77133722550846,17.11514957521074,-157.52796207022949,17.065429974469745,-58.08600690822078,12.93239096143126,21.23425448990767,16.618080082359599,-233.00955999556573,14.601037177147218,43.65375123885224,14.551719413156459,-11.165273377541553,13.931792589431155,-235.09642542425173,408.36703771330397,708.4250800598211,0.0,0.0,0.0,0.0,0.0,0.0,0.0,0.0,0.0,0.0,0.0,0.0,0.0,0.0,0.0,0.0,0.0,0.0,0.0,0.0,0.0,0.0,1.1743906590024152,0.3584831071435944,215.88119306841927,255.56046272804185,5306.694868576534,0.209239656305061,0.031935234478794417,135.7298584249901,160.56044417464359,3376.3755604345608,1.93485374611426,0.36561862171471296,63.32138522149425,74.93701770921587,1605.666339261785,0.2219723785244378,0.04194489390106533,9.556184963603352,11.306788275804593,242.8023154989968,0.0,0.0,9.29782924869613,11.151709122635165,161.2033201937541,0.0,0.0,75.043899893184,89.01705465670445,1763.1540773171826,0.0,0.0,275.37716573796498,328.3172254929549,5688.686093342489,0.0,0.0,13.3382819310028,15.90923126066565,272.6767624352089,0.0,0.0,173.97877335349799,208.34959629936766,3163.855646325657,27.58515265493441,18.919857788020864,164.2075518854723,195.16035618600223,4261.4203805352,0.0,0.0,174.298806351999,209.22669569196789,2941.17733933296,0.0,16.729771452505227,35.06865880020122,22.0,30.0,0.0,16.933063619344929,34.75090506797936,16.0,30.0,0.0,16.811795222787656,35.004713090283789,22.0,30.0,0.0,16.930145308900529,33.73258493552746,16.0,30.0,0.0,13.042636382243052,42.642388713358709,12.0,30.0,0.0,16.213803300755015,34.94469347822034,16.0,30.0,0.0,14.743848453397764,38.45367635177515,10.0,30.0,0.0,14.633317347072199,38.500429061581929,12.0,30.0,0.0,13.475008738917483,41.57056938332126,12.0,30.0,0.0,15.579429745238809,0.0,0.0,0.0,12.793070852160703,0.0,0.0,515.1633252348227,511.4030651459692,513.1058156491698,548.5384157085176,578.863262938734,569.0097334118451,565.9791215282272,576.685525281517,572.7915993265128,0.0,82.78595015946624,82.78595015946624,60.0,0.0,60.0,60.0,16.0,16.0,16.0,12.0,12.0,12.0,21.0,10.0,0.0,0.0,0.0,0.0,0.0,0.0,0.0,0.0,0.0,0.0,0.0,0.0,0.0,82.78595015946624,82.78595015946624,0.0,0.0,0.0,82.78595015946624,0.0,0.0,0.00224 
 03/01  10:30:00,4.785,86.0,0.825,152.0,454.0,0.0,0.0,0.0,0.0,0.0,0.0,0.0,0.0,0.0,0.0,249.0,0.0,1007.2128680972566,67.21109126117112,172.22713266302197,30.20111232089674,803.8493902087314,0.0,67.21109126117109,91.88265734637047,0.0,0.0,16.666893125225636,7.317317141861167,17.51347408540601,-356.7585522652753,17.097462729904668,-19.997966447284399,16.926043758709989,-205.6866022391364,12.950554413132047,20.935669162341925,16.66581596843379,-239.8710344716319,14.59429755050473,53.461823973746508,14.457196845821614,-7.806622351894816,13.953406119464678,-208.66539259262573,393.4998472212301,631.2838351846067,0.0,0.0,0.0,0.0,0.0,0.0,0.0,0.0,0.0,0.0,0.0,0.0,0.0,0.0,0.0,0.0,0.0,0.0,0.0,0.0,0.0,0.0,1.1380011471505372,0.34737519754289905,199.04033182697715,235.6955520970555,4744.186315754109,0.2026821224277247,0.030934389869921358,131.38480702980463,155.43044380452728,3188.263212229029,1.8786478573674124,0.354997705473812,81.32591389068137,96.22962152500002,2013.9189832812998,0.2094600780727532,0.03958051361918993,77.60615138603818,91.88229727002572,1852.803902979361,0.0,0.0,9.219616745315852,11.056693816098527,154.92110332413075,0.0,0.0,75.65936531921919,89.73949986175697,1736.922179585447,0.0,0.0,269.5780892885775,321.37721271373507,5418.9573059952549,0.0,0.0,11.151027339336059,13.304870514437628,219.28588847198089,0.0,0.0,167.36995141762493,200.38793954130183,2965.997230440148,27.132626240167448,18.6094830179475,171.20545801280105,203.44535339899924,4299.528801793759,0.0,0.0,167.28846966726423,200.7260237383097,2764.046482222761,0.0,16.63972824576522,35.285191037163688,22.0,30.0,0.0,16.916165062254195,34.733133379281,16.0,30.0,0.0,16.90350892517878,33.937581879288618,22.0,30.0,0.0,16.697375631268988,35.01556157539309,16.0,30.0,0.0,13.067686078416484,42.681696727182778,12.0,30.0,0.0,16.234276662664994,34.94754537818744,16.0,30.0,0.0,14.75614401224737,38.61911290846574,10.0,30.0,0.0,14.531603276301452,38.820783372173199,12.0,30.0,0.0,13.535536707479614,41.52980522390134,12.0,30.0,0.0,15.598651916498636,0.0,0.0,0.0,12.91116284434924,0.0,0.0,516.8737582297406,514.8941149911356,544.5447814594761,522.660728229389,574.2923942581311,566.1688683929123,559.2990873430041,573.3816976137587,568.9541822961842,0.0,82.78595015946624,82.78595015946624,60.0,0.0,60.0,60.0,16.0,16.0,16.0,12.0,12.0,12.0,21.0,10.0,0.0,0.0,0.0,0.0,0.0,0.0,0.0,0.0,0.0,0.0,0.0,0.0,0.0,82.78595015946624,82.78595015946624,0.0,0.0,0.0,82.78595015946624,0.0,0.0,0.00225 
 03/01  10:40:00,5.073333333333333,84.66666666666667,0.8200000000000001,145.33333333333335,483.33333333333339,0.0,0.0,0.0,0.0,0.0,0.0,0.0,0.0,0.0,0.0,498.0,0.0,1101.594549036743,66.29923500588324,169.89063371326183,33.03110925098653,879.1744927047319,0.0,66.2992350058832,90.63608071323425,0.0,0.0,16.60891762859505,29.689287092343876,17.567595438584239,-375.564963618448,16.9197460221681,-209.52409430758804,16.89404695980656,-85.60318488644089,12.96893457182231,21.230455749954744,16.732933261774737,-240.5961741600065,14.595128749167206,65.72078225622363,14.3817402510591,-6.99265461277335,13.979867476171173,-161.7407374370855,431.12449460961218,568.285823921432,0.0,0.0,0.0,0.0,0.0,0.0,0.0,0.0,0.0,0.0,0.0,0.0,0.0,0.0,0.0,0.0,0.0,0.0,0.0,0.0,0.0,0.0,1.0899755959562745,0.3327153833810362,216.2685059924168,256.60151810084406,5020.277069938125,0.18498109563669525,0.028232767954318569,161.08623249962356,190.85315366043344,3814.5989958308948,1.8182861180776815,0.3435914811182317,140.7026674244302,167.00403190461936,3292.2867968940438,0.21120034222356785,0.039909361720250908,100.64591908142346,119.39891258878848,2347.185400827415,0.0,0.0,9.059236806943402,10.880965857418252,147.3196842329622,0.0,0.0,76.2421271847565,90.56305894138549,1711.5644319330887,0.0,0.0,263.14728038472608,314.19931019485099,5146.927456465228,0.0,0.0,7.817818486404805,9.346066563451519,148.1067054316383,0.0,0.0,161.28526451870415,193.37265609015734,2784.454521998382,26.66631595123074,18.289654287538235,262.5450482805462,312.37456099745836,6227.732306918822,0.0,0.0,161.0800679276943,193.49377893769225,2611.387429696889,0.0,16.627384959662437,35.317293421667887,22.0,30.0,0.0,16.91821812870358,35.015879518497417,16.0,30.0,0.0,16.64633058315648,35.31942805745973,22.0,30.0,0.0,16.714317132486394,34.719343457391918,16.0,30.0,0.0,13.091010373771596,42.72985225349444,12.0,30.0,0.0,16.2729460174019,35.03392638839668,16.0,30.0,0.0,14.778014003270929,38.63482097990657,10.0,30.0,0.0,14.461062139907864,39.06096772722489,12.0,30.0,0.0,13.602004990573242,41.48379414144043,12.0,30.0,0.0,15.809598873565975,0.0,0.0,0.0,13.051841765904613,0.0,0.0,518.8244245841377,507.5098963257417,518.1357632088927,532.9775647282038,570.1640412610486,559.6846932230233,556.9095801289976,570.9142074152521,563.72070142568,0.0,82.78595015946624,82.78595015946624,60.0,0.0,60.0,60.0,16.0,16.0,16.0,12.0,12.0,12.0,21.0,10.0,0.0,0.0,0.0,0.0,0.0,0.0,0.0,0.0,0.0,0.0,0.0,0.0,0.0,82.78595015946624,82.78595015946624,0.0,0.0,0.0,82.78595015946624,0.0,0.0,0.00226 
 03/01  10:50:00,5.361666666666667,83.33333333333334,0.815,138.66666666666669,512.6666666666666,0.0,0.0,0.0,0.0,0.0,0.0,0.0,0.0,0.0,0.0,249.0,0.0,1199.3842974719747,65.35643067392708,167.4748330013693,35.96329542879289,957.2195375730439,0.0,65.35643067392704,89.34719571297168,0.0,0.0,16.544847808112974,39.02667086743622,17.625555525341548,-435.0697268390659,16.908356891979098,-31.2040617996156,16.869314918817378,-46.99238830997746,12.997283410907408,20.993609233965118,16.83124925478819,-247.7951146937312,14.61160073479169,72.95376032793593,14.2813331313531,-16.95828588429407,14.023317893776082,-160.42197252671213,328.9008060563274,516.8241128799828,0.0,0.0,0.0,0.0,0.0,0.0,0.0,0.0,0.0,0.0,0.0,0.0,0.0,0.0,0.0,0.0,0.0,0.0,0.0,0.0,0.0,0.0,1.0625841990672418,0.32435415111942669,192.19859111672916,227.62561508834768,4338.0409491521709,0.1710112542707115,0.02610061878368613,178.28275343540239,210.8996294975108,4115.989212703656,1.7921893945955039,0.3386601274745851,31.65089171802897,37.46626632955411,760.3751749028622,0.20420014307748414,0.038586572765964489,9.14027752869421,10.8211977972317,212.04444682160088,0.0,0.0,8.995588814921242,10.785053655794709,141.79109243883318,0.0,0.0,76.6099542555788,90.82392593749606,1688.0486544113549,0.0,0.0,258.56977109224706,308.16042518565686,4932.293745847277,0.0,0.0,8.203623562756146,9.794510072903089,148.63735418480617,0.0,0.0,155.4124992435859,185.9579880057793,2621.1147290343558,26.208897434088436,17.975924166041457,149.9917267801563,178.26489071800953,3595.230071117127,0.0,0.0,158.58959775458659,190.07568390778483,2530.1042453376446,0.0,16.587359950993947,35.56442012942605,22.0,30.0,0.0,16.909360152386485,35.10394427281845,16.0,30.0,0.0,16.73833669266049,35.10839652075655,22.0,30.0,0.0,16.715294246427914,34.83854472724354,16.0,30.0,0.0,13.131602409348352,42.7787738738857,12.0,30.0,0.0,16.354457239249855,34.93871869905735,16.0,30.0,0.0,14.824901171593539,38.76106887208145,10.0,30.0,0.0,14.333916005294789,39.49965216695526,12.0,30.0,0.0,13.693260597713442,41.42277467450982,12.0,30.0,0.0,15.53830011253358,0.0,0.0,0.0,13.215263968812009,0.0,0.0,515.1198827785254,508.14385090092227,520.1871981236456,530.5010363029753,564.4014709361979,556.1319784789282,549.2242739771963,566.5114606617278,557.8771809516686,0.0,82.78595015946624,82.78595015946624,60.0,0.0,60.0,60.0,16.0,16.0,16.0,12.0,12.0,12.0,21.0,10.0,0.0,0.0,0.0,0.0,0.0,0.0,0.0,0.0,0.0,0.0,0.0,0.0,0.0,82.78595015946624,82.78595015946624,0.0,0.0,0.0,82.78595015946624,0.0,0.0,0.0022633333333333339 
 03/01  11:00:00,5.65,82.0,0.81,132.0,542.0,0.0,0.0,0.0,0.0,0.0,0.0,0.0,0.0,0.0,0.0,249.0,0.0,1300.2080533351398,64.3836587226338,164.98224215790123,38.98645475235777,1037.6859904490382,0.0,64.38365872263377,88.0173427050876,0.0,0.0,16.501192552088378,52.4984544576937,17.68958111839753,-474.0519866045597,16.750370448790905,-199.7692097264844,16.860046239585416,-44.3005963780447,13.026066508304393,21.382904447841726,16.940891686211896,-256.91723590898757,14.622468340581733,79.62207474425759,14.1941801270424,-21.72448137637548,14.061142561203806,-130.96287682719504,385.21699172494757,472.18195574471977,0.0,0.0,0.0,0.0,0.0,0.0,0.0,0.0,0.0,0.0,0.0,0.0,0.0,0.0,0.0,0.0,0.0,0.0,0.0,0.0,0.0,0.0,1.0219224530581619,0.3119421407381447,238.45572816308266,282.41135587336916,5233.182862734637,0.16886460240415455,0.025772985714919807,171.98263662263214,203.4383662361793,3869.648287747518,1.6712919244604665,0.3158148005405267,99.48607428540487,117.8440726858411,2197.049130344052,0.1959950359736572,0.03703609901240686,55.12095840980393,65.25148637911218,1225.2317671550157,0.0,0.0,8.93065079397886,10.705451590760278,136.23752837947149,0.0,0.0,77.30111599280792,91.61209679346435,1671.5554510106013,0.0,0.0,258.9557887020649,308.5838989939922,4805.490883504696,0.0,0.0,12.032198959201118,14.370405115878516,208.5665932679374,0.0,0.0,151.70182163291347,181.46538789487097,2493.973146170798,25.871174027735618,17.744289456608798,235.43852955207064,279.5771642138287,5313.042571309445,0.0,0.0,158.79652713699412,190.1981810413667,2495.83940862547,0.0,16.578206809589895,35.681899342341278,22.0,30.0,0.0,16.903671220525223,35.40550332339326,16.0,30.0,0.0,16.508763290310008,36.23891507873338,22.0,30.0,0.0,16.732708551566295,34.96675396058516,16.0,30.0,0.0,13.170233285152604,42.82106670717504,12.0,30.0,0.0,16.44087813057856,34.94312015578044,16.0,30.0,0.0,14.856681018909717,38.69978822808079,10.0,30.0,0.0,14.229758118856902,39.88106935849275,12.0,30.0,0.0,13.773123117402129,41.248250691715828,12.0,30.0,0.0,15.800151593995516,0.0,0.0,0.0,13.391399872080653,0.0,0.0,513.85124278067,501.13319677119196,503.6460532396534,525.6720918862101,559.5879579894477,549.4600546384817,548.592088836264,562.2424852568191,556.2538126299303,0.0,82.78595015946624,82.78595015946624,60.0,0.0,60.0,60.0,16.0,16.0,16.0,12.0,12.0,12.0,21.0,10.0,0.0,0.0,0.0,0.0,0.0,0.0,0.0,0.0,0.0,0.0,0.0,0.0,0.0,82.78595015946624,82.78595015946624,0.0,0.0,0.0,82.78595015946624,0.0,0.0,0.0022666666666666666 
 03/01  11:10:00,5.8500000000000009,79.66666666666667,0.805,125.33333333333333,571.3333333333334,0.0,0.0,0.0,0.0,0.0,0.0,0.0,0.0,0.0,0.0,249.0,0.0,1431.0595586063628,66.0386797994883,169.22322259880449,42.90998025461214,1142.1172562263199,0.0,66.03867979948828,90.27988199216351,0.0,0.0,16.45617670582869,57.29676709022351,17.80673709348975,-463.50669890422707,16.754099050701638,-4.9574829015246,16.732474764203503,-197.42916052481906,13.06149160629295,21.855260502419186,17.071934365786999,-271.0296617598533,14.645826129791456,92.02649194593778,14.11679028817987,-20.56865091916694,14.107976027239669,-102.06206879411411,380.1938803960911,422.5526914052916,0.0,0.0,0.0,0.0,0.0,0.0,0.0,0.0,0.0,0.0,0.0,0.0,0.0,0.0,0.0,0.0,0.0,0.0,0.0,0.0,0.0,0.0,1.0244965336247676,0.31272787961683998,205.3329574071074,243.16351554140793,4418.921410437986,0.15552253672103526,0.02373665090369891,194.67144553138022,230.20977493096687,4329.2890727017679,1.7415020271403279,0.3290820157105685,186.14136393085935,220.41427380140974,4045.356100608587,0.1863437305037752,0.03521234514432637,121.35207345834052,143.74173101043096,2590.423974990048,0.0,0.0,8.91895824392566,10.68863133167013,133.25570136975765,0.0,0.0,79.03618760597328,93.62746899417614,1692.594957295065,0.0,0.0,257.8033308712904,307.1231125532763,4707.12363059105,0.0,0.0,14.74867243906924,17.618265768380348,247.12447327335239,0.0,0.0,146.20259554240838,174.81121835051995,2370.511817191505,25.586152524334854,17.548801457019797,279.83910647190126,332.1934716537009,6118.797855790108,0.0,0.0,156.34033300648506,187.13073747805178,2445.348971963344,0.0,16.558859471110954,36.06714385164126,22.0,30.0,0.0,16.978851833018294,34.990029168067149,16.0,30.0,0.0,16.620016974004085,35.342908993821129,22.0,30.0,0.0,16.506839511541235,35.97029432801527,16.0,30.0,0.0,13.216610028059267,42.81552292136722,12.0,30.0,0.0,16.541178382828194,34.770041230347377,16.0,30.0,0.0,14.910601210034964,38.66029813076031,10.0,30.0,0.0,14.140850599204823,40.29272504494135,12.0,30.0,0.0,13.864274101381423,41.2273929114157,12.0,30.0,0.0,15.853723464076403,0.0,0.0,0.0,13.55892882845097,0.0,0.0,505.0456028478629,509.0271468609737,521.8475376884159,511.72739146923268,555.6252512209867,547.6896967959618,545.7629500968284,556.1990894083419,549.7127565800898,0.0,82.78595015946624,82.78595015946624,60.0,0.0,60.0,60.0,16.0,16.0,16.0,12.0,12.0,12.0,21.0,10.0,0.0,0.0,0.0,0.0,0.0,0.0,0.0,0.0,0.0,0.0,0.0,0.0,0.0,82.78595015946624,82.78595015946624,0.0,0.0,0.0,82.78595015946624,0.0,0.0,0.00227 
 03/01  11:20:00,6.050000000000001,77.33333333333334,0.8000000000000002,118.66666666666667,600.6666666666666,0.0,0.0,0.0,0.0,0.0,0.0,0.0,0.0,0.0,0.0,249.0,0.0,1540.4434084442742,64.74351843424877,165.90452519176663,46.189809222308017,1229.4154222533608,0.0,64.74351843424873,88.50929821354076,0.0,0.0,16.44407577881584,84.16224023486302,17.925791195311669,-505.45992460408436,16.6879123410994,-75.41062254475037,16.736362875979184,-32.09820602644368,13.099583126770062,22.39709653514265,17.213048149367375,-282.50735668574228,14.67452204379299,102.76318029538379,14.049602585333119,-16.544541866164367,14.157238886371492,-77.94151917905129,336.54590113328598,379.8630674621245,0.0,0.0,0.0,0.0,0.0,0.0,0.0,0.0,0.0,0.0,0.0,0.0,0.0,0.0,0.0,0.0,0.0,0.0,0.0,0.0,0.0,0.0,0.9883921412795155,0.30170700283257498,219.37844762084004,259.7528420382538,4646.344205741921,0.14189644552769646,0.021656966655631328,210.5477075459396,248.89347712771406,4623.797852611189,1.6896255009968238,0.31927919519970229,91.64427349750436,108.52052614679629,1961.106090011978,0.2027533565625203,0.038313181512192037,102.9642704634809,121.92823523558443,2172.7807973835926,0.0,0.0,8.89048155358562,10.651611098264164,130.09543917050008,0.0,0.0,80.25367571257763,95.02282151933754,1704.2001570505166,0.0,0.0,256.3231024503507,305.2616922645697,4606.267610836043,0.0,0.0,16.89733353629044,20.187964183225259,273.91479568785,0.0,0.0,141.50637417222408,169.12654286868514,2262.8423841107298,25.353667087251634,17.389346424726779,217.50169952163979,258.25502955044609,4724.745980076551,0.0,0.0,154.23911966952455,184.48577912438069,2402.7765159925208,0.0,16.596399101959887,35.76321558822618,22.0,30.0,0.0,17.044263855895705,35.14058008066363,16.0,30.0,0.0,16.558506144173653,36.0491423847235,22.0,30.0,0.0,16.58417537618932,35.39378649910927,16.0,30.0,0.0,13.266320969257898,42.785252177136459,12.0,30.0,0.0,16.656042257592003,34.599085386191067,16.0,30.0,0.0,14.969844108735325,38.71061849376074,10.0,30.0,0.0,14.06900714658653,40.61111871326717,12.0,30.0,0.0,13.957053709572675,41.01957874321357,12.0,30.0,0.0,15.762659536647954,0.0,0.0,0.0,13.733059413020758,0.0,0.0,511.7164261798062,500.0090995227972,505.58619977962749,522.9367001842028,552.2878151400233,544.8920198639702,540.1471345286509,551.9343147189475,548.4172492385758,0.0,82.78595015946624,82.78595015946624,60.0,0.0,60.0,60.0,16.0,16.0,16.0,12.0,12.0,12.0,21.0,10.0,0.0,0.0,0.0,0.0,0.0,0.0,0.0,0.0,0.0,0.0,0.0,0.0,0.0,82.78595015946624,82.78595015946624,0.0,0.0,0.0,82.78595015946624,0.0,0.0,0.0022633333333333339 
 03/01  11:30:00,6.25,75.0,0.795,112.0,630.0,0.0,0.0,0.0,0.0,0.0,0.0,0.0,0.0,0.0,0.0,249.0,0.0,1651.266382335621,63.43547015690374,162.55280375570889,49.51278926826306,1317.8621339719694,0.0,63.43547015690371,86.72109704905177,0.0,0.0,16.445108471706015,103.89695442106313,18.020538400726506,-590.9520409217621,16.655062450585548,-24.39629254856345,16.738464047534824,-36.73880156909473,13.141383455599123,23.030694114266283,17.366932119716198,-296.09265087530187,14.709181046746786,114.21769637259513,13.993344299879324,-10.525858424171588,14.207536373259928,-54.138672111389499,324.9008568868776,341.58874061284225,0.0,0.0,0.0,0.0,0.0,0.0,0.0,0.0,0.0,0.0,0.0,0.0,0.0,0.0,0.0,0.0,0.0,0.0,0.0,0.0,0.0,0.0,0.9762165607595787,0.2979904031622646,236.0539746219459,279.40836011233537,4926.436408229164,0.12938971206305173,0.019748124551747825,228.21881185263136,269.75663461268359,4922.337868826467,1.7137564589919175,0.3238390890007404,83.8014499612067,99.22634370173307,1764.1024469496827,0.19909263265212846,0.03762143474152086,11.432892879749622,13.536199394351958,241.00448620738289,0.0,0.0,8.882874713629035,10.639415709391136,127.3217044977836,0.0,0.0,81.61815434431475,96.58524486420076,1720.300674966876,0.0,0.0,256.0622121869674,304.8558667881615,4531.611352445928,0.0,0.0,18.855078302195538,22.52900323218886,295.995208084963,0.0,0.0,137.82919912464073,164.6633831217614,2172.8028352166854,25.169469316370177,17.263010505054998,200.98572562805493,238.62083871935637,4313.554565561085,0.0,0.0,153.26579040506804,183.1877397766241,2378.809730367926,0.0,16.64862633988242,35.940164653217987,22.0,30.0,0.0,17.05005235692251,35.10844896302897,16.0,30.0,0.0,16.568340745318019,35.799010315151289,22.0,30.0,0.0,16.61517872693611,35.26865067279596,16.0,30.0,0.0,13.319948721763338,42.77194661412901,12.0,30.0,0.0,16.782500919210784,34.49094843540158,16.0,30.0,0.0,15.036642924743898,38.53826141855925,10.0,30.0,0.0,14.014121918521504,40.875476522655798,12.0,30.0,0.0,14.047764064789993,40.884740280419347,12.0,30.0,0.0,15.773452563076019,0.0,0.0,0.0,13.909924239357889,0.0,0.0,502.7925476608326,499.1559598522888,512.0739361399553,525.0193191227811,548.4301041668712,539.4870513795485,540.092380216219,548.2955280775628,545.4410901655898,0.0,82.78595015946624,82.78595015946624,60.0,0.0,60.0,60.0,16.0,16.0,16.0,12.0,12.0,12.0,21.0,10.0,0.0,0.0,0.0,0.0,0.0,0.0,0.0,0.0,0.0,0.0,0.0,0.0,0.0,82.78595015946624,82.78595015946624,0.0,0.0,0.0,82.78595015946624,0.0,0.0,0.002256666666666667 
 03/01  11:40:00,6.45,72.66666666666666,0.79,111.66666666666667,610.0,0.0,0.0,0.0,0.0,0.0,0.0,0.0,0.0,0.0,0.0,249.0,0.0,1674.7664851779007,62.78519100952255,160.886449910984,50.217420145747897,1336.6172255472844,0.0,62.78519100952252,85.83211615382808,0.0,0.0,16.422398445240739,100.87675936015239,18.10966758557086,-580.6636411165691,16.623078209633666,-14.357831037216784,16.73362428904061,-35.661786256355757,13.178119871084617,24.215953056710448,17.487954825469119,-309.5786740851481,14.75192102399313,127.27215103470826,13.94818886066222,-2.8393061970494957,14.260097420997678,-30.973415896815824,310.46641904293849,306.58198155874745,0.0,0.0,0.0,0.0,0.0,0.0,0.0,0.0,0.0,0.0,0.0,0.0,0.0,0.0,0.0,0.0,0.0,0.0,0.0,0.0,0.0,0.0,0.9548932894432362,0.2914814680840159,223.70786335241577,264.77884421304437,4577.171864500849,0.1301074296027862,0.019857666300791549,215.7882984099669,254.9940312601155,4593.3019970723739,1.7363728056156116,0.3281127750596395,110.0480515040523,130.28698242276963,2261.2776601849475,0.19699758219162973,0.03722554463182722,10.362869418678315,12.267796408787245,214.86544675503053,0.0,0.0,8.970667114549093,10.741735239101346,125.78384992787049,0.0,0.0,83.1647071646984,98.3692604754193,1737.4089439209707,0.0,0.0,256.4682664474217,305.2221432965524,4474.632615407388,0.0,0.0,21.40552515928916,25.576985015828247,325.76166692029576,0.0,0.0,134.74333807259013,160.90807868467756,2093.69069119824,24.993482608682397,17.142306315968729,188.70743606164829,224.02351925235585,3992.302782901001,0.0,0.0,151.9398723964052,181.47818535157118,2348.5405057923555,0.0,16.643852403838808,35.92605114184712,22.0,30.0,0.0,17.111387720154818,34.87350682566957,16.0,30.0,0.0,16.56887024663594,36.04668653219284,22.0,30.0,0.0,16.630516544740066,35.18396232239499,16.0,30.0,0.0,13.367424518904315,42.74735286620211,12.0,30.0,0.0,16.894109432261183,34.26202379658958,16.0,30.0,0.0,15.11515002167487,38.5166710678461,10.0,30.0,0.0,13.975704484901474,41.162152595152949,12.0,30.0,0.0,14.138645921250453,40.82100862172472,12.0,30.0,0.0,15.778954940105029,0.0,0.0,0.0,14.083558996372244,0.0,0.0,502.1151669819567,499.93770670421687,504.3330824476694,526.5700549649893,545.3688396480549,538.7516168850764,535.1384815871161,543.1865304533973,540.6499205273638,0.0,82.78595015946624,82.78595015946624,60.0,0.0,60.0,60.0,16.0,16.0,16.0,12.0,12.0,12.0,21.0,10.0,0.0,0.0,0.0,0.0,0.0,0.0,0.0,0.0,0.0,0.0,0.0,0.0,0.0,82.78595015946624,82.78595015946624,0.0,0.0,0.0,82.78595015946624,0.0,0.0,0.00225 
 03/01  11:50:00,6.6499999999999999,70.33333333333334,0.785,111.33333333333333,590.0,0.0,0.0,0.0,0.0,0.0,0.0,0.0,0.0,0.0,0.0,249.0,0.0,1691.4766684619422,62.09574767141251,159.1197338473794,50.71845795495283,1349.953347777694,0.0,62.095747671412478,84.8895948406546,0.0,0.0,16.42563804957829,122.6555564504315,18.174378740235868,-626.4636042892435,16.58584439718092,-13.037100824903064,16.72582699436156,-33.04308531191663,13.213030404186528,25.106236923962628,17.600267465889574,-315.56793694591627,14.786196414682334,132.60149634873324,13.913618119823067,6.1806410525060759,14.313595190324808,-10.417177295719739,311.81968155480356,278.5326540124279,0.0,0.0,0.0,0.0,0.0,0.0,0.0,0.0,0.0,0.0,0.0,0.0,0.0,0.0,0.0,0.0,0.0,0.0,0.0,0.0,0.0,0.0,0.9445603136864721,0.2883273240801197,237.4080909282464,280.93273227876485,4780.82943749717,0.12038190061798389,0.018373305955125747,230.66698919440052,272.53844065505577,4825.877666661367,1.7111481629571593,0.3233462137107256,105.34755959121563,124.7189236555459,2119.5751280462825,0.19440381367318375,0.03673541452630077,10.300920184284144,12.193172539497893,209.49095439266618,0.0,0.0,8.915739294290644,10.67329817581913,122.15673052866363,0.0,0.0,83.92551912201447,99.22193690639472,1736.9193505258034,0.0,0.0,255.82199737262978,304.364151990725,4388.601506705667,0.0,0.0,23.440283031599745,28.007902739043439,346.1920688796526,0.0,0.0,133.2451898031808,159.05593985734394,2039.8496207454096,24.80223399352301,17.01113442628465,203.81556914780985,241.88601508510409,4206.356691394774,0.0,0.0,151.64010191335988,180.9938093072604,2332.903692702404,0.0,16.68819827178299,35.74685810564181,22.0,30.0,0.0,17.13106938617992,34.77278416410169,16.0,30.0,0.0,16.553659161185889,36.06114108071681,22.0,30.0,0.0,16.637909801340436,35.16104422433421,16.0,30.0,0.0,13.410395343645302,42.74567674528663,12.0,30.0,0.0,17.000926911485324,34.1649407546299,16.0,30.0,0.0,15.172017110641804,38.45268882521646,10.0,30.0,0.0,13.952797637107946,41.29576167029555,12.0,30.0,0.0,14.227798028390579,40.61593478531361,12.0,30.0,0.0,15.840596433614671,0.0,0.0,0.0,14.25263754729236,0.0,0.0,502.25171298298155,499.0147363926887,503.2970757032714,526.4599842392214,542.1251213931373,534.2542468561472,532.5356006595034,541.0490855065301,539.6446231665806,0.0,82.78595015946624,82.78595015946624,60.0,0.0,60.0,60.0,16.0,16.0,16.0,12.0,12.0,12.0,21.0,10.0,0.0,0.0,0.0,0.0,0.0,0.0,0.0,0.0,0.0,0.0,0.0,0.0,0.0,82.78595015946624,82.78595015946624,0.0,0.0,0.0,82.78595015946624,0.0,0.0,0.00225 
 03/01  12:00:00,6.85,68.0,0.78,111.0,570.0,0.0,0.0,0.0,0.0,0.0,0.0,0.0,0.0,0.0,0.0,249.0,0.0,1701.6111371294119,61.371914354403418,157.26488967248145,51.022325585364388,1358.0414559817783,0.0,61.37191435440339,83.9000598190583,0.0,0.0,16.417142155279977,124.47891090803842,18.25132307026722,-615.8144254853478,16.557507994470688,4.7312269924905199,16.694056361875775,-63.25637842709148,13.246960971422706,26.116764879968686,17.701617065746917,-326.0456453485076,14.8284069202914,143.65478249515037,13.888363164277763,15.626165865164922,14.367434020615159,8.336037247963759,310.71548606626768,248.4812100645404,0.0,0.0,0.0,0.0,0.0,0.0,0.0,0.0,0.0,0.0,0.0,0.0,0.0,0.0,0.0,0.0,0.0,0.0,0.0,0.0,0.0,0.0,0.9237466130372016,0.2819739356035414,233.43460415111134,276.19957118136127,4612.195095047562,0.11722789153064865,0.01789192483679009,227.0258655014889,268.1571075572406,4684.932930282537,1.7155584549914978,0.32417960222817429,154.69714886396734,183.1359213565158,3033.6449670063718,0.19397080226986938,0.03665359075394356,34.54068937131394,40.88562526544264,676.5668624348884,0.0,0.0,8.958081227588507,10.72141484125773,119.81906076971704,0.0,0.0,85.13778062750684,100.61322493965383,1743.2263292972328,0.0,0.0,255.0100520439846,303.29619422509378,4307.344846152213,0.0,0.0,25.01472444678179,29.887040523248659,358.83918918071097,0.0,0.0,130.5019086822933,155.7175382663232,1967.3597582498338,24.61128802972021,16.880170116406185,221.7642109082914,263.11977434061967,4460.529559606611,0.0,0.0,149.74925210758912,178.62832822161279,2286.5433720260487,0.0,16.700333285068216,35.66665009586329,22.0,30.0,0.0,17.19112353420541,34.67789473501221,16.0,30.0,0.0,16.55275086304854,35.85519909907498,22.0,30.0,0.0,16.595786961079665,35.60207945263722,16.0,30.0,0.0,13.450616599185935,42.75032105470967,12.0,30.0,0.0,17.094480313108499,34.02831385570824,16.0,30.0,0.0,15.243277955324498,38.32055300506614,10.0,30.0,0.0,13.942835795231597,41.46947541904096,12.0,30.0,0.0,14.314648024840164,40.5432128958724,12.0,30.0,0.0,15.896091231038455,0.0,0.0,0.0,14.39986218950441,0.0,0.0,501.23134058988577,495.3708077400304,508.088565061781,512.10600153242,538.8824725421616,531.6455587458688,530.6633301965023,537.0617697543,535.3543677231346,0.0,82.78595015946624,82.78595015946624,60.0,0.0,60.0,60.0,16.0,16.0,16.0,12.0,12.0,12.0,21.0,10.0,0.0,0.0,0.0,0.0,0.0,0.0,0.0,0.0,0.0,0.0,0.0,0.0,0.0,82.78595015946624,82.78595015946624,0.0,0.0,0.0,82.78595015946624,0.0,0.0,0.00225 
 03/01  12:10:00,6.943333333333333,67.0,0.825,110.66666666666667,550.0,0.0,0.0,0.0,0.0,0.0,0.0,0.0,0.0,0.0,0.0,249.0,0.0,1705.3866384407677,60.61839492676623,155.33397125508106,51.135522158406278,1361.0545344946532,0.0,60.6183949267662,82.86994163358823,0.0,0.0,16.42869552545699,142.91901515215978,18.31252629727136,-643.164692739836,16.527227593544667,9.861278203804432,16.68071298438172,-35.631702819949399,13.280220126250402,26.993535943538519,17.795806413282479,-330.4008485807394,14.86701652025,149.73386387466054,13.870278269104233,24.345464695074385,14.419572312652614,22.82383934523841,304.70339583060197,226.34317958798148,0.0,0.0,0.0,0.0,0.0,0.0,0.0,0.0,0.0,0.0,0.0,0.0,0.0,0.0,0.0,0.0,0.0,0.0,0.0,0.0,0.0,0.0,0.9125989522518803,0.2785711087459952,246.4930534773858,291.57949678772936,4845.8504848332809,0.1061646508169814,0.016203396034337824,241.23546389071039,284.8941811284239,4948.053054508031,1.7413944761418337,0.3290616923926369,153.92585371115707,182.2151369432194,2986.923347831103,0.19654427846062848,0.03713988633042865,22.38006968227517,26.489375729872206,435.54622215928347,0.0,0.0,8.935027423164282,10.691535826893196,118.48967114157931,0.0,0.0,85.81312081097058,101.37242158508568,1755.7105904966839,0.0,0.0,253.73358513870446,301.69062772423049,4267.810224733532,0.0,0.0,26.351639478678544,31.48185188560283,372.9734014025895,0.0,0.0,128.45498135780367,153.219675294875,1932.6260190385027,24.551176724844419,16.838941512238976,219.213687495809,260.0751339962222,4372.564230715258,0.0,0.0,148.50104076835144,177.04044542906196,2279.9897740421586,0.0,16.74916668317214,35.5991929160245,22.0,30.0,0.0,17.224555050450506,34.52228116354478,16.0,30.0,0.0,16.542643068620295,35.93629170958962,22.0,30.0,0.0,16.596571196979139,35.594286233024558,16.0,30.0,0.0,13.488661628165023,42.74082230905513,12.0,30.0,0.0,17.183776576743523,33.88668680919512,16.0,30.0,0.0,15.303605005426953,38.25416622678833,10.0,30.0,0.0,13.941653719557087,41.58181889200638,12.0,30.0,0.0,14.39557616344307,40.41644215547733,12.0,30.0,0.0,15.907027624641671,0.0,0.0,0.0,14.539211995935757,0.0,0.0,497.53748864338857,494.82497044603135,503.3634578320618,511.7599424214362,536.0611771434058,529.3384258533746,527.5992992733635,533.8832515918791,532.6578132097751,0.0,82.78595015946624,82.78595015946624,60.0,0.0,60.0,60.0,16.0,16.0,16.0,12.0,12.0,12.0,21.0,10.0,0.0,0.0,0.0,0.0,0.0,0.0,0.0,0.0,0.0,0.0,0.0,0.0,0.0,82.78595015946624,82.78595015946624,0.0,0.0,0.0,82.78595015946624,0.0,0.0,0.00225 
 03/01  12:20:00,7.036666666666667,66.0,0.8700000000000001,110.33333333333334,530.0,0.0,0.0,0.0,0.0,0.0,0.0,0.0,0.0,0.0,0.0,249.0,0.0,1703.0306690375804,59.839813477461039,153.33882804506963,51.064869111660538,1359.1741466309673,0.0,59.83981347746101,81.80556176442699,0.0,0.0,16.430922423757467,145.9651306571186,18.370975755255388,-648.0331714209442,16.50567088940863,27.196488763028357,16.666604094611317,-37.234019290540917,13.313122756002598,27.97756574180289,17.881751675487715,-336.24769621821999,14.90942069000566,157.57246449392097,13.85813860261003,32.79833446034331,14.470049777413504,35.831994542742908,297.6301060518599,205.87436743626587,0.0,0.0,0.0,0.0,0.0,0.0,0.0,0.0,0.0,0.0,0.0,0.0,0.0,0.0,0.0,0.0,0.0,0.0,0.0,0.0,0.0,0.0,0.8958425427634724,0.2734562096347596,242.83817672445256,287.2189763464301,4738.80334219185,0.10379940008874399,0.015842399280943835,237.84539705760296,280.84207528526886,4852.392072428123,1.772182033360852,0.33487944696917096,173.8716898295368,205.8086594156346,3338.6694450096676,0.19910633018342667,0.03762402308832702,25.16537141371877,29.784907135823177,484.1862416960297,0.0,0.0,8.981662123448844,10.745107465192783,118.05472280098036,0.0,0.0,86.4144523307786,102.0463052882087,1765.27706642322,0.0,0.0,253.1410983974749,300.8937312788369,4242.732202323594,0.0,0.0,27.48620834364459,32.83412231579987,384.14238842125726,0.0,0.0,126.52529128807811,150.86669211163793,1898.5714824417256,24.51832787761776,16.816411438695316,218.08406555352264,258.7153368212876,4307.266204218007,0.0,0.0,147.244173443702,175.45220061263397,2268.730297926587,0.0,16.771730742537284,35.472819784004808,22.0,30.0,0.0,17.264993556383105,34.27126103970961,16.0,30.0,0.0,16.546795981759037,35.96534927455735,22.0,30.0,0.0,16.58877525339383,35.61658683218461,16.0,30.0,0.0,13.525160370312543,42.72966632697244,12.0,30.0,0.0,17.26473566968427,33.77624429774935,16.0,30.0,0.0,15.369633060211222,38.16108880483939,10.0,30.0,0.0,13.947342454182744,41.63430766564619,12.0,30.0,0.0,14.471642627552802,40.27325067498547,12.0,30.0,0.0,15.909533341172616,0.0,0.0,0.0,14.663468557009644,0.0,0.0,496.85447411580398,497.31241092743547,500.14527507953866,509.79087866837326,533.2691246947965,526.4796546428895,524.7432641722204,531.573097078072,530.5615271019919,0.0,82.78595015946624,82.78595015946624,60.0,0.0,60.0,60.0,16.0,16.0,16.0,12.0,12.0,12.0,21.0,10.0,0.0,0.0,0.0,0.0,0.0,0.0,0.0,0.0,0.0,0.0,0.0,0.0,0.0,82.78595015946624,82.78595015946624,0.0,0.0,0.0,82.78595015946624,0.0,0.0,0.0022533333333333335 
 03/01  12:30:00,7.13,65.0,0.915,110.0,510.0,0.0,0.0,0.0,0.0,0.0,0.0,0.0,0.0,0.0,0.0,249.0,0.0,1694.787139203831,59.040703991570897,151.29107861577624,50.8176800385342,1352.5949552665518,0.0,59.040703991570868,80.71311851292607,0.0,0.0,16.43879054301016,155.2211417325925,18.41587671144368,-667.4381817970916,16.484442369010364,34.80506426451211,16.65795190734325,-26.963734535486766,13.345722932417449,28.79653891170446,17.960944791143846,-339.15849975798576,14.946954492704164,161.59150594825315,13.850513594916635,40.46840700341613,14.518465177858964,46.59135077750898,293.03523620453509,190.8074200445153,0.0,0.0,0.0,0.0,0.0,0.0,0.0,0.0,0.0,0.0,0.0,0.0,0.0,0.0,0.0,0.0,0.0,0.0,0.0,0.0,0.0,0.0,0.8845451623504981,0.27000768081517037,245.97830871658617,290.8911674842596,4768.106837796531,0.09869125161746513,0.015062767340882957,241.63805577847647,285.2796104415638,4894.5626928102369,1.7803913416779114,0.33643071460278009,165.92450770095284,196.3903482117961,3156.3000280642679,0.20031505762970523,0.03785242963524285,25.927860508246828,30.68493897239934,493.9893716863442,0.0,0.0,8.97629575430489,10.736518176496415,116.90653607656569,0.0,0.0,86.81348129935566,102.48286470097004,1769.8743014422346,0.0,0.0,252.65735168064806,300.2399655926661,4214.151060740711,0.0,0.0,28.43292649827676,33.961147203330018,392.56306600430369,0.0,0.0,125.5124791698527,149.610320310556,1877.0858461291865,24.472925275771755,16.785271108211086,215.06513236679369,255.10966868296664,4212.705752685002,0.0,0.0,146.82736876779058,174.87160559502054,2267.8265501386897,0.0,16.80280644442304,35.25145115400525,22.0,30.0,0.0,17.286977112904844,34.22896230288623,16.0,30.0,0.0,16.546860988387548,35.92168823891537,22.0,30.0,0.0,16.591322319255043,35.63268515592603,16.0,30.0,0.0,13.560231514107116,42.71868276602383,12.0,30.0,0.0,17.340864626044725,33.66327525451785,16.0,30.0,0.0,15.424699845154822,38.05685512968042,10.0,30.0,0.0,13.957433228771786,41.69009229398423,12.0,30.0,0.0,14.542381392912278,40.170203447066459,12.0,30.0,0.0,15.92005653148474,0.0,0.0,0.0,14.779064312724742,0.0,0.0,498.92321679081837,493.8401788320253,498.26765619249519,508.4253983637343,530.444362534118,523.9024142928225,522.7291088460065,528.7179599214335,527.6392245431788,0.0,82.78595015946624,82.78595015946624,60.0,0.0,60.0,60.0,16.0,16.0,16.0,12.0,12.0,12.0,21.0,10.0,0.0,0.0,0.0,0.0,0.0,0.0,0.0,0.0,0.0,0.0,0.0,0.0,0.0,82.78595015946624,82.78595015946624,0.0,0.0,0.0,82.78595015946624,0.0,0.0,0.002256666666666667 
 03/01  12:40:00,7.223333333333333,64.0,0.96,112.33333333333333,491.0,0.0,0.0,0.0,0.0,0.0,0.0,0.0,0.0,0.0,0.0,249.0,0.0,1690.846714498993,59.218398379105277,151.74635315637387,50.69952008667816,1349.4500546424427,0.0,59.218398379105249,80.95604021254185,0.0,0.0,16.442928450420984,158.55547362782455,18.458762671730054,-675.3879096059973,16.467325917407874,46.112838050463327,16.650285706065178,-25.368712085773724,13.379067051898759,29.506147951460436,18.0359224060076,-343.5834287289258,14.985329536851009,166.7968368299198,13.846955419292169,47.53118358866402,14.565421426534368,55.804170848623929,288.7512632323169,176.05679320179389,0.0,0.0,0.0,0.0,0.0,0.0,0.0,0.0,0.0,0.0,0.0,0.0,0.0,0.0,0.0,0.0,0.0,0.0,0.0,0.0,0.0,0.0,0.8731706679617587,0.2665356129309398,246.2448499384757,291.16746896162939,4735.847085915533,0.09543933730412738,0.014566443422485864,242.3225339423695,286.04776129463115,4873.88652753568,1.783826444895809,0.3370798270778174,176.67011438115225,209.09729574645713,3326.6580842784676,0.20070958921218333,0.03792698208847001,24.174226226923119,28.607729410930668,456.24431030459558,0.0,0.0,8.986369749979545,10.74642623356311,115.95668377432601,0.0,0.0,87.33394634127736,103.06503409496811,1775.8586107468973,0.0,0.0,251.6213872653672,298.93012510770327,4176.870782761647,0.0,0.0,29.17515763542304,34.8433213175199,398.064635769897,0.0,0.0,123.79842519261699,147.52181659535558,1844.1335135189932,24.433342811384219,16.758122641552967,215.78467667348219,255.94060640534659,4184.600417091705,0.0,0.0,145.54031605273935,173.2655236529808,2249.2322032824069,0.0,16.82201384464849,35.215279562330248,22.0,30.0,0.0,17.31044689569694,34.14229010754763,16.0,30.0,0.0,16.55138945906621,35.77662204754958,22.0,30.0,0.0,16.590830169219655,35.63172814082531,16.0,30.0,0.0,13.595158676698612,42.693611005176517,12.0,30.0,0.0,17.410723907956038,33.5457515310811,16.0,30.0,0.0,15.480539928581106,37.94285034852671,10.0,30.0,0.0,13.970815304186314,41.73242200240326,12.0,30.0,0.0,14.608506351141573,40.06734504648332,12.0,30.0,0.0,15.93101334755502,0.0,0.0,0.0,14.879981376341336,0.0,0.0,495.5258882892203,492.0121022227572,500.03352430450146,506.8271964149697,527.8230773042042,521.6718937762209,520.9046492188923,525.825352327024,524.8784109259543,0.0,82.78595015946624,82.78595015946624,60.0,0.0,60.0,60.0,16.0,16.0,16.0,12.0,12.0,12.0,21.0,10.0,0.0,0.0,0.0,0.0,0.0,0.0,0.0,0.0,0.0,0.0,0.0,0.0,0.0,82.78595015946624,82.78595015946624,0.0,0.0,0.0,82.78595015946624,0.0,0.0,0.00226 
 03/01  12:50:00,7.316666666666667,63.0,1.0050000000000002,114.66666666666666,472.0,0.0,0.0,0.0,0.0,0.0,0.0,0.0,0.0,0.0,0.0,249.0,0.0,1681.678433517342,59.383446366539917,152.16921868827053,50.42460513075436,1342.132854616422,0.0,59.383446366539889,81.18167332443757,0.0,0.0,16.4482971871083,163.0998400332337,18.49664693816824,-683.2722938385214,16.451612336449398,54.19744274313507,16.64262886310043,-23.8415199472023,13.412753917498602,30.11418495121285,18.105185287182488,-346.49745097975167,15.021561996287101,170.28674428504474,13.84625285664848,53.744958603972808,14.61021875345614,63.01925970389266,285.0146939389033,164.56221699495382,0.0,0.0,0.0,0.0,0.0,0.0,0.0,0.0,0.0,0.0,0.0,0.0,0.0,0.0,0.0,0.0,0.0,0.0,0.0,0.0,0.0,0.0,0.8609141677450319,0.2627943124984835,246.90962792345875,291.91695104810199,4710.997222805575,0.0916708491640837,0.01399127734494562,243.43089022488224,287.3205869714286,4860.436450301961,1.7866102604108403,0.3376058693142179,183.73792588259173,217.44505843596105,3424.956824262884,0.2011196849847148,0.038004475620694398,24.41242729419763,28.88812333333816,455.98999360084266,0.0,0.0,8.985855893652545,10.743709483260748,114.86417269592046,0.0,0.0,87.68752973491903,103.45183923423427,1777.614749115836,0.0,0.0,250.82748424838139,297.9129820698097,4141.065953750309,0.0,0.0,29.826836784441676,35.61711169402176,402.20660339008807,0.0,0.0,122.56399835400744,146.00933581235115,1817.2845833099075,24.393483431252933,16.730784246401194,216.93206773659953,257.2795624997098,4164.331225368364,0.0,0.0,144.69260775058096,172.18889990199154,2235.046530317902,0.0,16.841069072708764,35.13939404622153,22.0,30.0,0.0,17.33170540092032,34.018815025860089,16.0,30.0,0.0,16.555034878893726,35.773621471213058,22.0,30.0,0.0,16.588697242825814,35.59996556525869,16.0,30.0,0.0,13.629790235079567,42.653173085588047,12.0,30.0,0.0,17.47589031171651,33.42842448574274,16.0,30.0,0.0,15.530850884055023,37.864820631278018,10.0,30.0,0.0,13.985932757630876,41.73805971509152,12.0,30.0,0.0,14.669557849818896,39.94509204271278,12.0,30.0,0.0,15.943426320689197,0.0,0.0,0.0,14.9725532199019,0.0,0.0,493.66728079899436,490.9186447870561,496.8697088357647,506.0184165905531,525.4723356701198,519.72076928397,518.188924575541,523.5420974401611,522.7971642055958,0.0,82.78595015946624,82.78595015946624,60.0,0.0,60.0,60.0,16.0,16.0,16.0,12.0,12.0,12.0,21.0,10.0,0.0,0.0,0.0,0.0,0.0,0.0,0.0,0.0,0.0,0.0,0.0,0.0,0.0,82.78595015946624,82.78595015946624,0.0,0.0,0.0,82.78595015946624,0.0,0.0,0.0022433333333333335 
 03/01  13:00:00,7.41,62.0,1.05,117.0,453.0,0.0,0.0,0.0,0.0,0.0,0.0,0.0,0.0,0.0,0.0,249.0,0.0,1627.2296261777127,57.2631993792274,146.73614156157786,48.79197701607638,1298.6777642059688,0.0,57.26319937922737,78.28313494677762,0.0,0.0,16.454242320467498,166.6352415439178,18.514895172457167,-685.278845999047,16.435553686212868,62.16528333290262,16.632091344558974,-22.645836417377156,13.442124875255365,30.71611755682082,18.15284828987504,-348.06991319360807,15.056376521866883,173.37688997523765,13.846780888715607,59.44407494681161,14.651676410352529,69.40627606700628,281.35162256048809,154.38758850806426,0.0,0.0,0.0,0.0,0.0,0.0,0.0,0.0,0.0,0.0,0.0,0.0,0.0,0.0,0.0,0.0,0.0,0.0,0.0,0.0,0.0,0.0,0.8481898200598418,0.2589102014834682,246.93877925787826,291.9187224112701,4673.184232629738,0.088245922240959,0.013468547350573719,243.85687921175117,287.79685178043777,4829.945084798898,1.7852311144764493,0.3373452597272203,180.86262486115516,214.02833677913825,3338.075069022406,0.20134816427295144,0.038047650089371009,29.958021875212947,35.448720227059698,552.7892250646503,0.0,0.0,8.983128048459277,10.738582353270325,113.63670943263317,0.0,0.0,88.01419822415142,103.81100206778982,1776.6284174678022,0.0,0.0,250.17478602673538,297.06896421750226,4106.069429914412,0.0,0.0,30.38299093547035,36.276666428276318,404.9070063455375,0.0,0.0,121.54883122743834,144.76146628801738,1792.6894288800007,24.35427428691387,16.70389182915904,217.40888812217325,257.81942952272058,4132.031227458309,0.0,0.0,144.00400562488106,171.30717140039196,2220.7796511139229,0.0,16.858509727212636,35.027712749943059,22.0,30.0,0.0,17.346125020617227,33.87095537291629,16.0,30.0,0.0,16.55644795345668,35.74008111552296,22.0,30.0,0.0,16.583829332032555,35.60555274110166,16.0,30.0,0.0,13.65836193072608,42.62451391520173,12.0,30.0,0.0,17.5282925519426,33.349036757795847,16.0,30.0,0.0,15.577752248209365,37.768016479408867,10.0,30.0,0.0,14.001684253080145,41.725758438995487,12.0,30.0,0.0,14.725751002395186,39.82815775340757,12.0,30.0,0.0,15.955336968253614,0.0,0.0,0.0,15.056055745037101,0.0,0.0,492.4586619757964,491.5791147569473,494.5981964643887,503.33764885380966,523.0905472489295,517.1665785273359,516.1964863629253,521.5817979452943,520.8302246993752,0.0,82.78595015946624,82.78595015946624,60.0,0.0,60.0,60.0,16.0,16.0,16.0,12.0,12.0,12.0,21.0,10.0,0.0,0.0,0.0,0.0,0.0,0.0,0.0,0.0,0.0,0.0,0.0,0.0,0.0,82.78595015946624,82.78595015946624,0.0,0.0,0.0,82.78595015946624,0.0,0.0,0.0022266666666666669 
 03/01  13:10:00,7.428333333333334,61.5,1.2183333333333336,119.33333333333333,434.0,0.0,0.0,0.0,0.0,0.0,0.0,0.0,0.0,0.0,0.0,249.0,0.0,1609.2271512031264,57.30434481541756,146.8415085984064,48.25217264645825,1284.3100836857214,0.0,57.30434481541753,78.33938387748069,0.0,0.0,16.458647653992828,168.33234150842328,18.536020912770419,-684.2623880216434,16.420393497641233,69.01168887618133,16.622076423755425,-20.451075630329514,13.473845926535681,31.262674998109476,18.199838886676646,-348.78190620200578,15.089215785710412,175.5268336015588,13.848844173603075,64.61687397727019,14.691222469204835,74.71772445170064,280.6791160295188,145.58371739324867,0.0,0.0,0.0,0.0,0.0,0.0,0.0,0.0,0.0,0.0,0.0,0.0,0.0,0.0,0.0,0.0,0.0,0.0,0.0,0.0,0.0,0.0,0.8424318659209923,0.2571525842249671,245.55453643582573,290.2719202382059,4643.448318020419,0.08757466586704357,0.01336609674405427,242.81809950302023,286.5523884612912,4807.891018069165,1.7589757525240258,0.3323839290483799,176.48432854753976,208.84592824906739,3251.1647902756365,0.20307233861265223,0.03837345778772717,12.36796781519653,14.634958100925039,229.81340012733657,0.0,0.0,8.997632318482589,10.754534222021848,114.02007540418653,0.0,0.0,88.17788987905854,103.98531353925439,1784.6208109946193,0.0,0.0,249.5052905754473,296.22499912775097,4106.397107268789,0.0,0.0,30.88321271608514,36.87096413936871,411.4010194618979,0.0,0.0,120.55963779568552,143.55397111615017,1785.9050879262593,24.545851275786018,16.83528894086833,216.17220387185584,256.35566621327038,4102.836321050948,0.0,0.0,143.36407227762596,170.49774780210138,2226.7328655484805,0.0,16.870253202037956,34.89136110817938,22.0,30.0,0.0,17.362138645706673,33.79959070482544,16.0,30.0,0.0,16.556956795556688,35.67233660608891,22.0,30.0,0.0,16.578240944124013,35.56190258666063,16.0,30.0,0.0,13.68846423405816,42.58538432656145,12.0,30.0,0.0,17.57513877852541,33.2618282110045,16.0,30.0,0.0,15.620053717906995,37.67617626236703,10.0,30.0,0.0,14.017721650466309,41.727866810525927,12.0,30.0,0.0,14.777737833484628,39.736991331358819,12.0,30.0,0.0,15.950152538539829,0.0,0.0,0.0,15.131506213137892,0.0,0.0,492.93454756258179,489.6158039094049,492.94305709870806,504.52025009075467,520.7753174395259,515.2665388706712,514.1889863561009,519.0702277601359,518.308417302263,0.0,82.78595015946624,82.78595015946624,60.0,0.0,60.0,60.0,16.0,16.0,16.0,12.0,12.0,12.0,21.0,10.0,0.0,0.0,0.0,0.0,0.0,0.0,0.0,0.0,0.0,0.0,0.0,0.0,0.0,82.78595015946624,82.78595015946624,0.0,0.0,0.0,82.78595015946624,0.0,0.0,0.00221 
 03/01  13:20:00,7.446666666666667,61.0,1.3866666666666668,121.66666666666667,415.0,0.0,0.0,0.0,0.0,0.0,0.0,0.0,0.0,0.0,0.0,249.0,0.0,1587.1315102486306,57.3327480532538,146.91422261690586,47.589636578816328,1266.675689843985,0.0,57.33274805325377,78.37821325698732,0.0,0.0,16.465972836292275,171.83631121524923,18.5463151755867,-693.5315768662567,16.405747363912484,75.2744179875026,16.61202824208526,-19.18870379257595,13.505751686812646,31.667319303469186,18.24084946374297,-349.02477534889706,15.120214626169995,177.18074748018626,13.852051923070356,69.26503167050965,14.728762274171518,78.9903823074842,282.87866229539216,137.95954936589988,0.0,0.0,0.0,0.0,0.0,0.0,0.0,0.0,0.0,0.0,0.0,0.0,0.0,0.0,0.0,0.0,0.0,0.0,0.0,0.0,0.0,0.0,0.8360642938200024,0.25520888089743667,247.42765801066069,292.4672923499496,4677.032360620514,0.08442452846193188,0.012885306541808896,245.1357755996121,289.2846611652412,4845.030692270769,1.731680747216633,0.32722614270911445,178.98663123971739,211.80870747498114,3289.18846380616,0.20400831706220463,0.038550324463757477,12.643780604184063,14.961533377253075,234.2300431479659,0.0,0.0,8.997391647110817,10.752895275500201,114.2089053604397,0.0,0.0,88.32388840191874,104.1407153271566,1791.340019969425,0.0,0.0,248.5598333775213,295.05810749895309,4100.285440383903,0.0,0.0,31.30154390444267,37.36757640298524,416.76925308242439,0.0,0.0,119.44919247029269,142.20506513206454,1776.262104621573,24.757620118883957,16.98053506096294,218.2876214512422,258.86250221914119,4134.44851100369,0.0,0.0,142.54224710409009,169.47812860556184,2227.1742075163676,0.0,16.886047880634967,34.821034310735999,22.0,30.0,0.0,17.362925186283929,33.74919280798917,16.0,30.0,0.0,16.55570528238141,35.5689855599265,22.0,30.0,0.0,16.57148034292206,35.538279039043107,16.0,30.0,0.0,13.718120153197143,42.53675080796007,12.0,30.0,0.0,17.616503242617548,33.183928696700878,16.0,30.0,0.0,15.658594432523453,37.583609286774777,10.0,30.0,0.0,14.033278362201124,41.71357016769833,12.0,30.0,0.0,14.825779424127232,39.63574465236512,12.0,30.0,0.0,15.952155851497697,0.0,0.0,0.0,15.197916412752454,0.0,0.0,490.9389037692683,487.23413741335937,493.2765185168522,504.4814968996818,518.5720317477202,513.2074190629129,512.449604477456,516.9152927112787,516.2412392452674,0.0,82.78595015946624,82.78595015946624,60.0,0.0,60.0,60.0,16.0,16.0,16.0,12.0,12.0,12.0,21.0,10.0,0.0,0.0,0.0,0.0,0.0,0.0,0.0,0.0,0.0,0.0,0.0,0.0,0.0,82.78595015946624,82.78595015946624,0.0,0.0,0.0,82.78595015946624,0.0,0.0,0.0022233333333333338 
 03/01  13:30:00,7.465,60.5,1.5550000000000002,124.0,396.0,0.0,0.0,0.0,0.0,0.0,0.0,0.0,0.0,0.0,0.0,249.0,0.0,1561.2251019430417,57.35150524464273,146.96221782439546,46.81283645940635,1245.9999626787238,0.0,57.3515052446427,78.40385575968783,0.0,0.0,16.46756458270092,169.6432727819829,18.55598177787606,-687.2230425493735,16.393873876797064,83.33957773085513,16.601955581965,-18.283707081063825,13.537279588292755,32.06867893861602,18.27557894825945,-349.038619424608,15.150616909039594,178.70443849921049,13.8563453780951,73.40845564615779,14.764256916445895,82.19896833973371,280.3010524496294,131.86813307139892,0.0,0.0,0.0,0.0,0.0,0.0,0.0,0.0,0.0,0.0,0.0,0.0,0.0,0.0,0.0,0.0,0.0,0.0,0.0,0.0,0.0,0.0,0.8251759797453534,0.25188521970248886,243.87968976122313,288.2694575292416,4601.816550019271,0.08399235338684103,0.012819345755012367,241.79966852309219,285.33928147924896,4774.162381013761,1.704474576619674,0.32208514297423937,184.16557676047828,217.9335074918723,3376.8585575363724,0.20490011400455403,0.038718842404488657,12.81946348893631,15.169666122317063,236.77527862664665,0.0,0.0,9.01443576391883,10.771982029766792,114.59279469760736,0.0,0.0,88.39511676389623,104.2102129975462,1795.5574645662003,0.0,0.0,247.8424641109576,294.1635040571317,4097.146177371488,0.0,0.0,31.70103686032176,37.841735138431719,421.86532223885657,0.0,0.0,118.41935017335514,140.95475708040753,1766.7949113939959,24.993092405172889,17.142038686675514,214.70781116585065,254.6332006328807,4060.8941591206387,0.0,0.0,141.7879258540527,168.54465635613287,2226.100759983606,0.0,16.887876259604924,34.769531570046357,22.0,30.0,0.0,17.371477036993484,33.64766283328763,16.0,30.0,0.0,16.557850954563738,35.52916208168394,22.0,30.0,0.0,16.563828202803287,35.5206834404169,16.0,30.0,0.0,13.746391025764105,42.48114660253261,12.0,30.0,0.0,17.65201739949909,33.10930702604864,16.0,30.0,0.0,15.695632484062559,37.50067288171001,10.0,30.0,0.0,14.048580254184387,41.68773051122238,12.0,30.0,0.0,14.86994695759315,39.534057161624009,12.0,30.0,0.0,15.93543650743567,0.0,0.0,0.0,15.255595181506902,0.0,0.0,488.6039688892984,486.1495533420834,491.30843924456345,503.84201619867027,516.507719583643,511.37976258302435,510.36853615875716,514.8691782478376,514.2637952378101,0.0,82.78595015946624,82.78595015946624,60.0,0.0,60.0,60.0,16.0,16.0,16.0,12.0,12.0,12.0,21.0,10.0,0.0,0.0,0.0,0.0,0.0,0.0,0.0,0.0,0.0,0.0,0.0,0.0,0.0,82.78595015946624,82.78595015946624,0.0,0.0,0.0,82.78595015946624,0.0,0.0,0.0022366666666666665 
 03/01  13:40:00,7.4833333333333329,60.0,1.7233333333333334,120.16666666666667,396.66666666666665,0.0,0.0,0.0,0.0,0.0,0.0,0.0,0.0,0.0,0.0,249.0,0.0,1568.931254263565,55.945420565522,143.35915464498263,47.04389402010981,1252.1500772405887,0.0,55.94542056552197,76.48163140136576,0.0,0.0,16.472983504559048,171.88256145445485,18.57344105982564,-699.0310965362787,16.379890278938544,85.61126045665969,16.590363376629349,-17.14350231652452,13.572935497542897,32.229136482520917,18.32300069123113,-349.5907569491378,15.177687387490595,178.76570272308619,13.860719614484822,76.96571682497006,14.796853037811867,84.65098748487617,283.13971464931458,127.68297472594714,0.0,0.0,0.0,0.0,0.0,0.0,0.0,0.0,0.0,0.0,0.0,0.0,0.0,0.0,0.0,0.0,0.0,0.0,0.0,0.0,0.0,0.0,0.8195530613989427,0.25016882216084948,244.6898543214431,289.2177449843316,4612.156671839009,0.0818406142581683,0.01249093624208918,242.99411761396977,286.74912614801607,4789.195560160024,1.6537215969589443,0.31249463283426778,183.98468847564426,217.72048288724288,3364.477134946251,0.20526977490483193,0.03878869518231894,13.129164931215636,15.53644297696737,241.69669510734139,0.0,0.0,9.008484097288085,10.763424907106865,114.76714883293171,0.0,0.0,88.39616177824513,104.19517409698672,1799.1899952443492,0.0,0.0,247.0524160522033,293.1899612202601,4089.6854505722246,0.0,0.0,32.03222137938381,38.23448557716691,425.9879497662663,0.0,0.0,117.64819994304594,140.01490690840977,1760.1676197980647,25.251277571126029,17.31912041915366,215.65887995430567,255.7600188529887,4072.266932544543,0.0,0.0,141.26331824497445,167.88887130454368,2226.442908153489,0.0,16.896904248479357,34.66900196184675,22.0,30.0,0.0,17.372486531738848,33.53879890794787,16.0,30.0,0.0,16.55419172076588,35.49020727073749,22.0,30.0,0.0,16.55518654241536,35.50749560688802,16.0,30.0,0.0,13.779313263878154,42.40628675769562,12.0,30.0,0.0,17.692477206082989,33.025333432022858,16.0,30.0,0.0,15.726297646371677,37.42228433051491,10.0,30.0,0.0,14.06294333834401,41.65320404388847,12.0,30.0,0.0,14.910081377593603,39.43465617909553,12.0,30.0,0.0,15.93501336285515,0.0,0.0,0.0,15.305691834220263,0.0,0.0,487.43478472828698,486.06258301868027,489.03136302734188,502.7106195703386,514.4776213831523,509.3594530294311,508.36985823530446,513.0414290140708,512.4462987095328,0.0,82.78595015946624,82.78595015946624,60.0,0.0,60.0,60.0,16.0,16.0,16.0,12.0,12.0,12.0,21.0,10.0,0.0,0.0,0.0,0.0,0.0,0.0,0.0,0.0,0.0,0.0,0.0,0.0,0.0,82.78595015946624,82.78595015946624,0.0,0.0,0.0,82.78595015946624,0.0,0.0,0.00225 
 03/01  13:50:00,7.501666666666666,59.5,1.8916666666666669,116.33333333333333,397.33333333333339,0.0,0.0,0.0,0.0,0.0,0.0,0.0,0.0,0.0,0.0,249.0,0.0,1574.1460140644979,54.50589767714402,139.67040479091185,47.20024802752632,1256.3118340540366,0.0,54.50589767714399,74.5136944758794,0.0,0.0,16.476175312290175,170.47981909469946,18.596624436356167,-699.1521426680174,16.367679258343196,91.23553850798271,16.578127767355256,-16.244506817991807,13.610491114562468,32.30455002975978,18.371863545000573,-352.49229715012737,15.205799884949125,180.14706644233957,13.865308780967336,80.06906059335017,14.826987261663902,86.19415347225959,281.93302171261896,124.1410184545457,0.0,0.0,0.0,0.0,0.0,0.0,0.0,0.0,0.0,0.0,0.0,0.0,0.0,0.0,0.0,0.0,0.0,0.0,0.0,0.0,0.0,0.0,0.8101171179247633,0.24728849753503155,242.35578517849008,286.45738577543008,4560.34359115322,0.08097891996993124,0.012359420019830777,240.92177680322343,284.28980746152959,4745.227763983264,1.6049717132380848,0.30328263666630486,186.5979106315665,220.81346870393083,3403.5290392772114,0.2055603823804224,0.03884360967128162,13.297650518222336,15.736188098101636,244.0044000182554,0.0,0.0,9.02094687448276,10.776794104987417,115.21697633496599,0.0,0.0,88.6370721010285,104.46271680547413,1807.8647585436896,0.0,0.0,246.4241219176691,292.4068759080435,4085.950600353995,0.0,0.0,32.33140980196793,38.589111792601247,429.6189532974399,0.0,0.0,116.69599519044883,138.86180411660397,1749.8421919913477,25.530397777341997,17.51056088980933,213.3005611320433,252.97521075105457,4021.5200655493028,0.0,0.0,140.51803865959566,166.97638543638653,2220.8719593767925,0.0,16.899452812298457,34.559479979266388,22.0,30.0,0.0,17.384924492350306,33.457236123278,16.0,30.0,0.0,16.552901885166969,35.41374960185339,22.0,30.0,0.0,16.545515305872617,35.49336997878022,16.0,30.0,0.0,13.814527998619715,42.3186963008586,12.0,30.0,0.0,17.733829836039854,32.930190535934638,16.0,30.0,0.0,15.759221799346707,37.327988271166358,10.0,30.0,0.0,14.076354618936025,41.62287970571298,12.0,30.0,0.0,14.94620163202431,39.34734669242125,12.0,30.0,0.0,15.92044698504691,0.0,0.0,0.0,15.347200557522294,0.0,0.0,487.2310457209182,484.2973253338935,487.8611719319584,501.40223621305048,512.4500791300878,507.4741550077966,506.6002533691693,511.0257638493556,510.41672958952315,0.0,82.78595015946624,82.78595015946624,60.0,0.0,60.0,60.0,16.0,16.0,16.0,12.0,12.0,12.0,21.0,10.0,0.0,0.0,0.0,0.0,0.0,0.0,0.0,0.0,0.0,0.0,0.0,0.0,0.0,82.78595015946624,82.78595015946624,0.0,0.0,0.0,82.78595015946624,0.0,0.0,0.0022533333333333335 
 03/01  14:00:00,7.52,59.0,2.06,112.5,398.0,0.0,0.0,0.0,0.0,0.0,0.0,0.0,0.0,0.0,0.0,249.0,0.0,1576.88874297125,53.03188309215864,135.8932687979465,47.28247903533912,1258.5006854778677,0.0,53.03188309215861,72.49860478615125,0.0,0.0,16.48565220141956,173.74105779825187,18.61318818808852,-714.9489592286309,16.355322773175247,94.2329001471935,16.565525947020548,-15.159172990618288,13.649407166083014,32.26457405727467,18.420831129455985,-354.98367289429509,15.232355211715224,180.46506717132707,13.869941385958992,82.68150861267702,14.854773943409612,87.25652944339163,285.8029887975081,123.08783293457873,0.0,0.0,0.0,0.0,0.0,0.0,0.0,0.0,0.0,0.0,0.0,0.0,0.0,0.0,0.0,0.0,0.0,0.0,0.0,0.0,0.0,0.0,0.803719128156912,0.24533550920540662,245.144489282679,289.73756832296518,4610.18654159898,0.0771161828890721,0.011769869183313813,244.17241204844476,288.12577358186368,4799.665215028618,1.5466550477242116,0.2922628586024588,187.4271378454078,221.79770468317555,3409.3390181294596,0.2057969489648244,0.03888831235162969,13.519036067672598,15.998572500430159,247.23212349773827,0.0,0.0,9.015529541139556,10.76876316378242,115.4640195741513,0.0,0.0,88.8957253348666,104.75084241014265,1817.0902254535366,0.0,0.0,246.10419594693625,291.9934491697658,4085.786584994755,0.0,0.0,32.6133905201444,38.92335889221324,432.9436303258647,0.0,0.0,116.22846439047535,138.28760077319184,1745.9341580396593,25.833443505009439,17.71841118313405,216.26256923364228,256.4869801742749,4068.3510811690869,0.0,0.0,140.26934677669684,166.65750010278826,2221.6865475496949,0.0,16.913657120014425,34.47348786285093,22.0,30.0,0.0,17.38390055554796,33.389695661053327,16.0,30.0,0.0,16.54977171484464,35.319094435037019,22.0,30.0,0.0,16.535348530524766,35.4802332415766,16.0,30.0,0.0,13.851175266784648,42.21887448924292,12.0,30.0,0.0,17.776173796082966,32.827900992344378,16.0,30.0,0.0,15.788983216739377,37.23396728337511,10.0,30.0,0.0,14.088653954756424,41.587247681648488,12.0,30.0,0.0,14.978798641986617,39.2597052395352,12.0,30.0,0.0,15.9221824244448,0.0,0.0,0.0,15.383531132405777,0.0,0.0,485.4338016794802,482.31326741384279,487.5932909688227,499.84394142213497,510.4920611119619,505.65242233296967,504.9890126847906,509.0153857733487,508.4448783852693,0.0,82.78595015946624,82.78595015946624,60.0,0.0,60.0,60.0,16.0,16.0,16.0,12.0,12.0,12.0,21.0,10.0,0.0,0.0,0.0,0.0,0.0,0.0,0.0,0.0,0.0,0.0,0.0,0.0,0.0,82.78595015946624,82.78595015946624,0.0,0.0,0.0,82.78595015946624,0.0,0.0,0.002256666666666667 
 03/01  14:10:00,7.571666666666666,58.5,2.0583333333333337,108.66666666666666,398.66666666666665,0.0,0.0,0.0,0.0,0.0,0.0,0.0,0.0,0.0,0.0,249.0,0.0,1577.1775883151832,51.52232496973425,132.0250514270625,47.291131188156537,1258.731114765996,0.0,51.52232496973422,70.43492438601942,0.0,0.0,16.489731307484804,170.4881312987145,18.639416862795899,-711.637152904601,16.346700570202825,101.88640822056186,16.553783444357707,-14.499302949943456,13.689738572433397,32.123247224519619,18.471872889331846,-358.6759555456497,15.2592966346689,181.3984836923173,13.875237333319963,84.94562816026712,14.8811534601954,87.91050445088604,278.35543933071497,122.78452388691676,0.0,0.0,0.0,0.0,0.0,0.0,0.0,0.0,0.0,0.0,0.0,0.0,0.0,0.0,0.0,0.0,0.0,0.0,0.0,0.0,0.0,0.0,0.7918879143876317,0.24172402759085219,241.39459577012964,285.2817291373434,4514.873696436188,0.07671960621524318,0.011709341607943099,240.59509373394213,283.86684373622026,4711.986380912661,1.5526555756153169,0.2933967452031968,192.28155388115656,227.52173767687726,3477.6035310577756,0.2067613063950102,0.039070541646827317,13.750482796466177,16.271669108049087,249.67560140197964,0.0,0.0,9.009564260891797,10.759216663172158,115.11984564520184,0.0,0.0,89.17686478856327,105.0573832681044,1820.8338270202392,0.0,0.0,246.03938779294539,291.8595183640551,4073.5619752004038,0.0,0.0,32.86746175906528,39.22144388155838,433.6118022226766,0.0,0.0,115.86518329030625,137.82868174799877,1735.0656070751937,25.781116627177906,17.68252169216592,212.7308165461288,252.28823671470912,3978.6741169141166,0.0,0.0,140.02368126700353,166.33318337085457,2211.4660351507729,0.0,16.91491084327407,34.399297083287077,22.0,30.0,0.0,17.400827360596425,33.26109693255862,16.0,30.0,0.0,16.55218554306428,35.256177545703909,22.0,30.0,0.0,16.52500980262141,35.46004245630757,16.0,30.0,0.0,13.88953452153785,42.10253495614843,12.0,30.0,0.0,17.819015270054125,32.71557524243379,16.0,30.0,0.0,15.819669698424227,37.13924648179473,10.0,30.0,0.0,14.100344782975398,41.538944186012887,12.0,30.0,0.0,15.008673989923798,39.165641391031197,12.0,30.0,0.0,15.912688310343784,0.0,0.0,0.0,15.414228082913239,0.0,0.0,483.48223766530227,481.33485964081526,485.80197039202036,498.23275991406759,508.6432852834859,503.9785870486062,503.10041283667649,507.179878715068,506.66673447521927,0.0,82.78595015946624,82.78595015946624,60.0,0.0,60.0,60.0,16.0,16.0,16.0,12.0,12.0,12.0,21.0,10.0,0.0,0.0,0.0,0.0,0.0,0.0,0.0,0.0,0.0,0.0,0.0,0.0,0.0,82.78595015946624,82.78595015946624,0.0,0.0,0.0,82.78595015946624,0.0,0.0,0.00226 
 03/01  14:20:00,7.623333333333333,58.0,2.0566666666666668,104.83333333333333,399.33333333333339,0.0,0.0,0.0,0.0,0.0,0.0,0.0,0.0,0.0,0.0,249.0,0.0,1575.0306028724743,49.97618817565062,128.06310025502433,47.22674579628318,1257.01752971851,0.0,49.97618817565059,68.32123816852642,0.0,0.0,16.502197599914316,174.46217636876828,18.658469290118796,-727.8157065256819,16.336407306588514,103.53684202770546,16.542331937818149,-13.47342682872511,13.731193455082274,31.83563291301772,18.522151102912614,-361.94049455367078,15.284323950644997,181.1910356859389,13.880591155687942,86.80858120282005,14.905846345349524,88.31311830461437,278.8014205792151,123.56849374885951,0.0,0.0,0.0,0.0,0.0,0.0,0.0,0.0,0.0,0.0,0.0,0.0,0.0,0.0,0.0,0.0,0.0,0.0,0.0,0.0,0.0,0.0,0.7871476537463542,0.24027706158313623,244.58549384401125,289.01368401393787,4556.7955543729099,0.07295033999590872,0.011134056775932345,244.22484621850027,288.1261541957839,4758.4594772123459,1.542344772065131,0.29144836962682,192.01832503729407,227.19434760890619,3451.375939962051,0.2075700307695876,0.03922336182342924,14.146652143300417,16.739642062845808,254.99635642700617,0.0,0.0,8.976072150791284,10.716772237642868,114.44701202124277,0.0,0.0,89.49525099509276,105.40753345879449,1825.3757201854024,0.0,0.0,246.0574949219171,291.82854744845829,4060.7923135856156,0.0,0.0,33.08134610921508,39.47167265580948,433.6580062428099,0.0,0.0,115.87159688392035,137.81092223548235,1729.2119796910245,25.73004526579471,17.647493323590344,216.43920640234379,256.64955743073696,4022.6774059691585,0.0,0.0,140.1382653640216,166.43788650166196,2206.405629575844,0.0,16.932316134951276,34.269533759086758,22.0,30.0,0.0,17.403102654784985,33.156022005815568,16.0,30.0,0.0,16.549457788138829,35.19073329248112,22.0,30.0,0.0,16.515096764009575,35.434914413113798,16.0,30.0,0.0,13.929125646886444,41.977800899895779,12.0,30.0,0.0,17.86215008640024,32.603270975188149,16.0,30.0,0.0,15.846336948466833,37.04453048900248,10.0,30.0,0.0,14.111207719855753,41.48383545241438,12.0,30.0,0.0,15.03616784988016,39.0711786674031,12.0,30.0,0.0,15.930566210599237,0.0,0.0,0.0,15.442956085902014,0.0,0.0,482.4207568452112,480.9047384176469,483.8780721125737,496.50952256236936,506.81637710947828,502.1417946627471,501.359095173751,505.5082173742926,504.99357465563096,0.0,82.78595015946624,82.78595015946624,60.0,0.0,60.0,60.0,16.0,16.0,16.0,12.0,12.0,12.0,21.0,10.0,0.0,0.0,0.0,0.0,0.0,0.0,0.0,0.0,0.0,0.0,0.0,0.0,0.0,82.78595015946624,82.78595015946624,0.0,0.0,0.0,82.78595015946624,0.0,0.0,0.0022633333333333339 
 03/01  14:30:00,7.675,57.5,2.0549999999999999,101.0,400.0,0.0,0.0,0.0,0.0,0.0,0.0,0.0,0.0,0.0,0.0,249.0,0.0,1570.4673749292413,48.39246484428232,124.00483273879719,47.089910212353029,1253.3755636184517,0.0,48.3924648442823,66.1561683049512,0.0,0.0,16.509485857506087,171.14215678131587,18.68593842655188,-720.1494629381759,16.331919202429455,114.521683290709,16.533712811597206,-8.02305507881647,13.773561656827042,31.584950934425053,18.57025296680612,-366.1910830479583,15.31071276694875,182.198686024577,13.886229568858996,88.66665868268353,14.92903748750828,88.59829487396155,267.5422612359225,124.023477347675,0.0,0.0,0.0,0.0,0.0,0.0,0.0,0.0,0.0,0.0,0.0,0.0,0.0,0.0,0.0,0.0,0.0,0.0,0.0,0.0,0.0,0.0,0.7679782684847932,0.23442560088058404,241.03954265744805,284.7980812861681,4467.399498701389,0.07049725817623244,0.010759654788802266,240.81560479425523,284.05827277023936,4677.5958550043,1.592645706263295,0.300953459233427,202.55933015163334,239.64162448450578,3621.989329880862,0.20486397229667095,0.038712012905644539,80.0655936898302,94.73636797016603,1416.9030428914724,0.0,0.0,8.97185101424181,10.709260709413286,114.16533977145453,0.0,0.0,89.86115546251732,105.81437763858109,1830.5180566280015,0.0,0.0,246.34018058230917,292.10884150103427,4053.7445472477149,0.0,0.0,33.33169849597271,39.76536573149194,434.1308741353264,0.0,0.0,115.73627312910243,137.62556843108019,1720.7960387217127,25.66797783334214,17.604923068135905,213.07103222832795,252.65201509182553,3930.9668562803969,0.0,0.0,140.13032404349728,166.3990258539091,2198.6029325998176,0.0,16.936927146009837,34.16062575665126,22.0,30.0,0.0,17.426426035425146,33.04680352166087,16.0,30.0,0.0,16.5574732085566,35.08091398896114,22.0,30.0,0.0,16.510940501884947,35.29299864150352,16.0,30.0,0.0,13.969668747038435,41.845092160952379,12.0,30.0,0.0,17.90322908049416,32.48819376899126,16.0,30.0,0.0,15.875859236245456,36.93564285911474,10.0,30.0,0.0,14.12186988040384,41.43028048124569,12.0,30.0,0.0,15.061647157191999,38.98263238209253,12.0,30.0,0.0,15.909712288327987,0.0,0.0,0.0,15.468719504587986,0.0,0.0,481.9281660078093,479.40996901082039,482.7767439585051,486.24661861051148,505.0060425147647,500.4781893816783,499.7558695168719,503.6734456462518,503.1579993950058,0.0,82.78595015946624,82.78595015946624,60.0,0.0,60.0,60.0,16.0,16.0,16.0,12.0,12.0,12.0,21.0,10.0,0.0,0.0,0.0,0.0,0.0,0.0,0.0,0.0,0.0,0.0,0.0,0.0,0.0,82.78595015946624,82.78595015946624,0.0,0.0,0.0,82.78595015946624,0.0,0.0,0.0022666666666666666 
 03/01  14:40:00,7.726666666666667,57.0,2.0533333333333334,97.16666666666667,409.6666666666667,0.0,0.0,0.0,0.0,0.0,0.0,0.0,0.0,0.0,0.0,249.0,0.0,1589.8451018143679,47.00079404515773,120.43871070584206,47.670934726905489,1268.8406425714625,0.0,47.00079404515771,64.25364881336862,0.0,0.0,16.52670915157789,176.27377750851339,18.711571487712093,-746.2227670270195,16.325228669688039,115.99571549674693,16.52667583196701,-4.904980885756686,13.819101873327324,31.16790264023342,18.628598390202528,-370.24731547574586,15.334868681971689,181.72931892132238,13.892086613164488,90.21131024237718,14.951172247141346,88.99859187223183,269.39216335551648,125.47088457445352,0.0,0.0,0.0,0.0,0.0,0.0,0.0,0.0,0.0,0.0,0.0,0.0,0.0,0.0,0.0,0.0,0.0,0.0,0.0,0.0,0.0,0.0,0.7635945002958301,0.23308745430275647,245.94337560813058,290.5444832605095,4543.535759904764,0.06525683643086555,0.009959834620095476,246.17426631340963,290.3537516472755,4755.92858976729,1.5865862184114086,0.29980843129467296,202.47879263776893,239.52737547875643,3599.616647923501,0.2054457746619968,0.03882195288397519,89.19864609944085,105.53592217164023,1568.2981977304228,0.0,0.0,8.93417885937794,10.661721213248253,113.51760344488821,0.0,0.0,90.18739696687966,106.17241968191712,1835.7874661147315,0.0,0.0,246.5937093419393,292.3591931928471,4044.026539802635,0.0,0.0,33.522575699833648,39.98814829290638,433.76404595875177,0.0,0.0,115.98652079546467,137.89954554070403,1717.796535580109,25.619664329862095,17.571786234473323,218.50409637806309,259.05535987815309,4004.7525870040356,0.0,0.0,140.47889016455009,166.78362358498499,2196.401301868714,0.0,16.9609975315023,34.04704373061888,22.0,30.0,0.0,17.426740616985446,33.01298672296781,16.0,30.0,0.0,16.55888613082354,34.97918920079307,22.0,30.0,0.0,16.508314927866299,35.20507142480802,16.0,30.0,0.0,14.013532816424606,41.69694923433417,12.0,30.0,0.0,17.949815100289415,32.35825965280844,16.0,30.0,0.0,15.900857390170732,36.83464622811491,10.0,30.0,0.0,14.13209984705493,41.370244998287358,12.0,30.0,0.0,15.085751234233968,38.889490812067197,12.0,30.0,0.0,15.932351434043092,0.0,0.0,0.0,15.494570425698666,0.0,0.0,480.39289199050077,481.22064843924866,482.23209869618486,484.16298443508517,503.2607383132786,498.83616432558389,498.2758674289766,501.9022818400457,501.41975944923828,0.0,82.78595015946624,82.78595015946624,60.0,0.0,60.0,60.0,16.0,16.0,16.0,12.0,12.0,12.0,21.0,10.0,0.0,0.0,0.0,0.0,0.0,0.0,0.0,0.0,0.0,0.0,0.0,0.0,0.0,82.78595015946624,82.78595015946624,0.0,0.0,0.0,82.78595015946624,0.0,0.0,0.00227 
 03/01  14:50:00,7.778333333333333,56.5,2.0516666666666669,93.33333333333334,419.3333333333333,0.0,0.0,0.0,0.0,0.0,0.0,0.0,0.0,0.0,0.0,249.0,0.0,1606.7486392862359,45.55049229430883,116.72234529223157,48.177771262428937,1282.3310906423956,0.0,45.55049229430881,62.27097636568771,0.0,0.0,16.52724900236415,166.0254329527579,18.75384655720383,-735.7769347554349,16.323615591997276,125.63100832791497,16.519283260442316,-3.5085188637785906,13.866537889987967,30.820169297501793,18.688853217636237,-376.5637474537939,15.36181180257737,183.23413533586246,13.898350946860085,91.83885142534052,14.972332548754038,89.42473117970803,264.62038086735267,126.00644345047113,0.0,0.0,0.0,0.0,0.0,0.0,0.0,0.0,0.0,0.0,0.0,0.0,0.0,0.0,0.0,0.0,0.0,0.0,0.0,0.0,0.0,0.0,0.7483346713306955,0.22842938685308168,246.58534055099785,291.28993892384536,4523.425137913503,0.06549435861235809,0.009996086479297633,240.89238022040187,284.069719725759,4644.676261280749,1.5992879355305994,0.30220860459761908,208.72501494305195,246.88728428390915,3692.3509022024165,0.20662549454055927,0.03904487803109584,92.33476848753355,109.23965022949506,1612.9355220872918,0.0,0.0,8.940694892577362,10.666840174427249,113.47695822942673,0.0,0.0,90.6467875359894,106.6865043414034,1843.9931183068559,0.0,0.0,247.22301012697583,293.0491057684278,4043.1255298872617,0.0,0.0,33.74171344194822,40.244614774052248,433.73982708966249,0.0,0.0,116.034809569347,137.9340792898372,1711.531094717985,25.575313088234937,17.541367001532885,219.2243815826527,259.88806692103545,3991.1969152261337,0.0,0.0,140.62373806711293,166.92714528413587,2190.619185016903,0.0,16.948951291823638,34.03592547560469,22.0,30.0,0.0,17.46121432616608,32.83802377450398,16.0,30.0,0.0,16.56962596241288,34.89304264957664,22.0,30.0,0.0,16.5044341906876,35.121542757200327,16.0,30.0,0.0,14.059951850718158,41.536128013667489,12.0,30.0,0.0,17.997767442418696,32.225461952646529,16.0,30.0,0.0,15.931471570901419,36.72230310084622,10.0,30.0,0.0,14.142498276754664,41.301288611134918,12.0,30.0,0.0,15.108711222227477,38.79192232549529,12.0,30.0,0.0,15.934540541875276,0.0,0.0,0.0,15.519068334886852,0.0,0.0,481.92237902815307,477.48941158371158,480.7174336535364,483.50553503468157,501.595611845907,497.5393125382918,496.6012288730408,500.2543166874818,499.81182165647138,0.0,82.78595015946624,82.78595015946624,60.0,0.0,60.0,60.0,16.0,16.0,16.0,12.0,12.0,12.0,21.0,10.0,0.0,0.0,0.0,0.0,0.0,0.0,0.0,0.0,0.0,0.0,0.0,0.0,0.0,82.78595015946624,82.78595015946624,0.0,0.0,0.0,82.78595015946624,0.0,0.0,0.0022933333333333336 
 03/01  15:00:00,7.83,56.0,2.05,89.5,429.0,0.0,0.0,0.0,0.0,0.0,0.0,0.0,0.0,0.0,0.0,249.0,0.0,1621.066878356842,44.039001894228459,112.84918244038347,48.60708825954417,1293.7582328183585,0.0,44.039001894228437,60.20465439550498,0.0,0.0,16.55727575916245,181.5365955811758,18.7821755987956,-767.3731016996271,16.314532181633525,120.65015738228976,16.513392408527986,0.4166476290333776,13.915179815921939,30.268131613989483,18.75064325755936,-381.6060861021492,15.384895661220867,182.11321344660247,13.9048260826209,93.21718272341332,14.992880727784659,90.25843680684148,266.5914090512824,127.86651584464471,0.0,0.0,0.0,0.0,0.0,0.0,0.0,0.0,0.0,0.0,0.0,0.0,0.0,0.0,0.0,0.0,0.0,0.0,0.0,0.0,0.0,0.0,0.7515485006455852,0.22941040923247414,250.5093986931197,295.8540636287979,4592.547082707103,0.05781588843545604,0.008824158796620276,251.46922515270536,296.51870625871376,4822.861866438575,1.5797325520775865,0.2985133318362787,204.39049147671873,241.74462988587175,3591.907434507771,0.20632376870354059,0.0389878625668066,100.32676729570952,118.68570741175701,1741.4961077257929,0.0,0.0,8.880798920152943,10.59270008657379,112.6170918993207,0.0,0.0,91.14274498194473,107.24242168411674,1853.4229145973619,0.0,0.0,247.68474749701339,293.5478768461173,4035.7012740666216,0.0,0.0,33.894428382028738,40.42186005699797,432.8185382398008,0.0,0.0,116.64745796143366,138.63965919307746,1713.446060540244,25.52350806891955,17.505835438216434,223.92296797284693,265.4132018880028,4053.5298034673348,0.0,0.0,141.3281392674664,167.73333897678615,2194.14372433398,0.0,16.997635956058084,33.83002340392995,22.0,30.0,0.0,17.46282027038028,32.741060817824109,16.0,30.0,0.0,16.563541758297445,34.867093965042048,22.0,30.0,0.0,16.503437535122268,35.05680498684312,16.0,30.0,0.0,14.107680973942945,41.368703481228909,12.0,30.0,0.0,18.0485377582893,32.08282089782572,16.0,30.0,0.0,15.954321833797412,36.63149836944346,10.0,30.0,0.0,14.152710945283364,41.22824741158909,12.0,30.0,0.0,15.13120440569403,38.69255281515986,12.0,30.0,0.0,15.960806410622349,0.0,0.0,0.0,15.545873772540686,0.0,0.0,478.3670509353728,476.50396400394137,482.08544384402918,481.82769393200956,499.95677439412989,495.72377936818978,495.7538345557693,498.73004336885637,498.28607937353737,0.0,82.78595015946624,82.78595015946624,60.0,0.0,60.0,60.0,16.0,16.0,16.0,12.0,12.0,12.0,21.0,10.0,0.0,0.0,0.0,0.0,0.0,0.0,0.0,0.0,0.0,0.0,0.0,0.0,0.0,82.78595015946624,82.78595015946624,0.0,0.0,0.0,82.78595015946624,0.0,0.0,0.0023166666666666667 
 03/01  15:10:00,7.781666666666667,56.16666666666667,2.0549999999999999,85.66666666666666,438.6666666666667,0.0,0.0,0.0,0.0,0.0,0.0,0.0,0.0,0.0,0.0,2500.0,0.0,1632.695928724261,42.46385199630543,108.81289065186526,48.95577060938446,1303.0391552616489,0.0,42.46385199630541,58.05130506544219,0.0,0.0,17.653846637780803,-761.7478879148813,19.05915584394444,155.58791379230707,17.8325804124011,-2092.3574026885446,16.854782963576719,1069.4842578769929,13.958770915022975,38.99899192945853,18.814496542314467,-329.1084132047309,15.541867901131309,393.7946117205574,13.922834011931429,127.31033324732577,15.942439360083985,-139.08846494146429,538.0205452009792,203.58787996012976,0.0,0.0,0.0,0.0,0.0,0.0,0.0,0.0,0.0,0.0,0.0,0.0,0.0,0.0,0.0,0.0,0.0,0.0,0.0,0.0,0.0,0.0,0.9175907734019089,0.2800948636757964,306.714782237145,361.03320479079846,6669.861727660422,0.2172561837131868,0.03315875819798333,234.65517200139807,276.7971018716084,4794.499204548728,0.9665982437021133,0.18265272934658237,481.7305174552524,566.3884162363054,10748.86288001932,0.30760131113685976,0.05812572016947461,383.5514075527689,453.6800251176998,7270.194122870259,0.0,0.0,10.318933778304294,12.342112555218942,132.56518698113096,0.0,0.0,84.87421761122552,100.1545161100051,1742.5897291789652,0.0,0.0,215.14951824774324,255.50629561797499,3644.946685255695,0.0,0.0,42.62005682126852,50.96574676223283,551.184078461698,0.0,0.0,105.90227965791932,125.55935867976069,1876.6782277597748,27.195126293896374,18.652349995813709,597.5158041109527,707.4921929904322,11416.02320926366,0.0,0.0,107.01276184797792,127.32679732365702,1702.1212601888538,2017.1315823397036,18.615223722901303,30.432250500799698,21.999999999999998,30.0,0.0,17.9703687063196,31.68276915845783,15.999999999999999,30.0,4486.275993850358,18.836765167888463,30.028935525505309,21.999999999999998,30.0,0.0,17.199253607541704,33.32443825695859,15.999999999999999,30.0,0.0,14.144446152526433,41.21883095190324,12.0,30.0,0.0,18.107589862120635,31.87249847848177,15.999999999999999,30.0,0.0,16.244652335156844,35.765850951313058,10.0,30.0,0.0,14.186978060611257,41.0828330860476,12.0,30.0,1517.186813835992,16.583406017589558,35.14784359037231,16.599999999999999,30.0,0.0,16.814304023630517,0.0,0.0,0.0,15.68141588598981,0.0,0.0,476.98024782178717,476.97456434398318,476.74519336334608,478.008059240288,498.3059257147247,492.7417427792468,489.86794449096467,496.95206569825566,494.01969972842786,10800.204141717457,80.86345008110246,86.54985223289454,60.0,0.0,60.0,60.0,16.0,16.0,16.0,16.0,12.0,12.0,21.0,10.0,1.0,0.0,2017.1315823397036,0.0,4486.275993850358,0.0,0.0,0.0,0.0,1517.186813835992,8605.490771125724,5163294.462675434,6739413.415969773,80.86345008110246,86.64642621899159,0.35484969237085747,0.765345066377385,0.3602813740196596,86.64642621899159,0.3542647819438876,6739413.415969773,0.3527894976304282 
 03/01  15:20:00,7.733333333333334,56.333333333333339,2.06,81.83333333333333,448.33333333333339,0.0,0.0,0.0,0.0,0.0,0.0,0.0,0.0,0.0,0.0,750.0,0.0,1641.5395215402767,40.82263569670561,104.60730229727926,49.22093173042984,1310.0970267547673,0.0,40.82263569670559,55.80763795547924,0.0,0.0,18.46609540277113,-1230.7989614489357,19.73857552325164,147.53219843608344,18.802212176265976,-3191.604902921531,17.682985337319829,828.3654885803107,14.030031109965819,44.70246925960176,18.947434789268738,-281.79897796580016,15.894451731034657,388.1878250515233,13.971789805546376,128.00536487655735,15.782138979246817,-55.67890987963064,712.8917873229812,190.0033347991103,0.0,0.0,0.0,0.0,0.0,0.0,0.0,0.0,0.0,0.0,0.0,0.0,0.0,0.0,0.0,0.0,0.0,0.0,0.0,0.0,0.0,0.0,1.0376506780212918,0.3167431862091854,350.76707806226497,411.07729919943326,8417.61710329515,0.2676628880088746,0.04085208913444361,281.74798975266256,331.07744393499618,6328.589921977972,0.9643553765208268,0.18222890712789625,529.749573398858,620.179209906247,13063.693771275892,0.3249956685277748,0.06141263577622347,415.5913100927023,489.32029006064297,8912.43566261341,0.0,0.0,10.860745100448025,12.977014064262248,142.34491425781349,0.0,0.0,79.8126380000563,94.0486616715115,1673.4861527130555,0.0,0.0,210.71049034211115,249.50304225845526,3823.860106248686,0.0,0.0,45.11069960871542,53.892623006218808,594.9513106332415,0.0,0.0,78.18208836496423,92.76758673236893,1338.5074295096598,28.42801358709371,19.49795170582559,689.7221068786713,814.3453337879105,14241.229401767534,0.0,0.0,93.87977649637716,111.5607814296279,1511.723061575019,1932.2826924923223,19.849473999749436,28.115818980812095,21.999999999999994,29.99999999999999,0.0,19.06404887084521,29.55578967789095,15.999999999999993,29.99999999999999,4373.2249891305659,20.268503452038439,27.37618002272323,21.999999999999994,29.99999999999999,0.0,18.551427058647968,30.500324838299379,15.999999999999993,29.99999999999999,0.0,14.22731663893314,40.87609245787973,11.999999999999995,29.99999999999999,0.0,18.285316535510906,31.39760143802002,15.999999999999993,29.99999999999999,0.0,16.805274693021869,34.39116938135283,9.999999999999997,29.99999999999999,0.0,14.269286155179313,40.76598781527444,11.999999999999995,29.99999999999999,0.0,16.27583103606611,35.71122181717729,15.999999999999993,29.99999999999999,0.0,17.717123976850276,0.0,0.0,0.0,15.729936485776886,0.0,0.0,476.31963574049737,477.00530064245256,475.5387254885608,476.3549944305405,494.7134713487901,488.89864306545976,486.4976282858361,494.22082952321196,490.54190782977408,10923.883962591382,80.78136667928597,86.06269607697561,59.99999999999998,0.0,59.99999999999998,59.99999999999998,16.0,16.0,16.0,16.0,12.0,12.0,21.0,10.0,1.0,0.0,1932.2826924923223,0.0,4373.2249891305659,0.0,0.0,0.0,0.0,0.0,7991.412959341069,4794847.775604643,6235459.329597028,80.78136667928597,86.15239058295876,0.3797137653113689,0.7689479965866669,0.36028137401965945,86.15239058295876,0.35426478194388735,6235459.329597028,0.32659721847237879 
 03/01  15:30:00,7.6850000000000009,56.5,2.065,78.0,458.0,0.0,0.0,0.0,0.0,0.0,0.0,0.0,0.0,0.0,0.0,1000.0,0.0,1677.2244446581493,41.55378542186097,106.48076324855812,50.29091525019639,1338.5766579909915,0.0,41.55378542186095,56.80717506170316,0.0,0.0,19.04409768072366,-992.8624505861194,20.268168199721118,254.47081626447426,19.425277316749268,-3142.435395852399,18.220534504861413,1045.2152938453087,14.105049740666614,52.729758612792199,19.110466668574767,-237.8530575740948,16.117841269589115,407.5806595113311,14.0129825768906,149.44276142878733,15.966047299822702,-86.3688584090122,910.8617786830864,275.1057051851496,0.0,0.0,0.0,0.0,0.0,0.0,0.0,0.0,0.0,0.0,0.0,0.0,0.0,0.0,0.0,0.0,0.0,0.0,0.0,0.0,0.0,0.0,1.1689725382359207,0.35682922412573889,367.6073689691006,429.7529993613141,9419.251717463445,0.2949988403111633,0.04502424302673432,292.02713368781579,342.3485851109176,7015.287589361048,1.0022819753236739,0.18939568694702839,573.8169853247405,669.9879170019195,15091.340488965818,0.3374400974193465,0.06376419074439652,421.0157340925519,494.3534930721833,9747.684313412672,0.0,0.0,11.278750489995823,13.475930582214069,150.76963270879296,0.0,0.0,76.19874069302304,89.74335329707974,1635.5517620578965,0.0,0.0,247.38439499156937,292.774655994069,4655.925408451232,0.0,0.0,46.98044256664894,56.12651430176402,630.0196229044749,0.0,0.0,97.01022921371042,115.09860512299105,1699.2620305170636,29.69291420773107,20.365510430542579,705.8966227213707,830.9873140616187,15952.960333891593,0.0,0.0,128.51651756623665,152.72155647834073,2135.8754148719269,1889.9009801285743,20.66054049363767,26.684619682940743,22.0,30.0,0.0,19.843048040815384,28.102294593171857,16.0,30.0,4256.175314672413,21.04696340542104,26.030612664865069,22.0,30.0,0.0,19.390845410812469,28.87447833259114,16.0,30.0,0.0,14.311163417258268,40.535696407066087,12.0,30.0,0.0,18.49417544374291,30.9072702998259,16.0,30.0,0.0,17.12862562183908,33.60558644099678,10.0,30.0,0.0,14.33215276968446,40.41622075978586,12.0,30.0,923.9142641388031,16.497424558280579,35.15123380504085,16.5,30.0,0.0,18.63879982738782,0.0,0.0,0.0,15.932584569691173,0.0,0.0,475.1673719484771,476.00483139246566,474.3441657884989,475.1785566688673,491.51590453978465,486.4107119240708,484.2962979263147,489.56191347611448,488.39024709244958,10788.738133691812,80.87095174391587,86.41988472186765,60.0,0.0,60.0,60.0,16.0,16.0,16.0,16.0,12.0,12.0,21.0,10.0,1.0,0.0,1889.9009801285743,0.0,4256.175314672413,0.0,0.0,0.0,0.0,923.9142641388031,8397.067081402654,5038240.248841592,6573841.01701092,80.87095174391587,86.51412402502655,0.3649022360467552,0.7652936360974049,0.36028137401965956,86.51412402502655,0.3542647819438875,6573841.01701092,0.3442063995512345 
 03/01  15:40:00,7.636666666666667,56.66666666666667,2.0700000000000005,72.83333333333333,436.1666666666667,0.0,0.0,0.0,0.0,0.0,0.0,0.0,0.0,0.0,0.0,2250.0,0.0,1585.4269566517829,38.64580339061615,99.02907723760188,47.53839458539258,1265.313868869055,0.0,38.64580339061613,52.83174315704918,0.0,0.0,19.606879342623516,-948.1982466567541,20.71968458338607,410.2551807114566,19.94255617997816,-2765.0746342093445,18.74078961053658,1141.8540171477778,14.18061242319325,68.30725125276175,19.866040810261859,-372.78958345390358,16.48543159288937,584.7505252353299,15.086559309375823,16.854746258866585,16.173138138398927,-87.92555120376486,1075.2191393213353,443.5023247082875,0.0,0.0,0.0,0.0,0.0,0.0,0.0,0.0,0.0,0.0,0.0,0.0,0.0,0.0,0.0,0.0,0.0,0.0,0.0,0.0,0.0,0.0,1.2379424720377133,0.3778823174718304,384.3500944718415,448.3713750353699,10432.50173884619,0.3135463083554869,0.04785505316780949,306.23961142914797,358.32191946218418,7785.913813448441,1.1251474061423399,0.21261288853785774,569.4528008778701,663.6123992985429,15775.568656998215,0.34523336340853996,0.06523684115807647,417.25951772430758,488.8731535386993,10306.436168084612,0.0,0.0,12.493697456819412,14.929075491548464,170.42358885126607,0.0,0.0,87.23926043313463,102.35575413662504,2081.0980595531589,0.0,0.0,273.57433334485838,323.0986015033351,5511.500912173229,0.0,0.0,36.127502335913479,42.980236403494917,593.8315895080918,0.0,0.0,118.00639841039475,139.8139731637372,2145.5577494457504,30.72691138342634,21.074699165587398,716.6826457520517,841.7381563767829,17419.540533777246,0.0,0.0,144.7832646256951,171.87991669128875,2488.1440980086019,1887.360574295782,21.421042285434735,25.362884685004869,22.000000000000055,30.000000000000076,0.0,20.537023619109776,26.81866866632644,16.00000000000004,30.000000000000076,3707.01903074351,21.737375795479488,24.85160965774549,21.888888888888944,30.000000000000076,0.0,20.158794783304857,27.421801399030696,16.00000000000004,30.000000000000076,0.0,14.400972126486032,40.16328263782854,12.000000000000032,30.000000000000076,983.7464888425736,19.677693815490359,28.610886635499136,19.666666666666719,30.000000000000076,0.0,17.732220589135396,32.2248443199269,10.000000000000025,30.000000000000076,1356.3362323419593,16.02516251387147,36.1408658886604,17.000000000000044,30.000000000000076,135.15188586039444,16.779657758789829,34.366855240606898,16.22222222222226,30.000000000000076,0.0,19.441088362472397,0.0,0.0,0.0,16.168362406602804,0.0,0.0,472.9200598779733,473.85829133973336,472.17386327661668,473.0236991065961,488.137444635565,483.29141150529366,481.1627301456176,485.52493991457018,484.6641398189473,10793.915878447084,80.86758157641649,86.50687357508872,60.00000000000015,0.0,60.00000000000015,60.00000000000015,16.0,16.0,19.0,16.0,16.0,12.0,21.0,10.0,1.0,0.0,1887.360574295782,0.0,3707.01903074351,0.0,983.7464888425736,0.0,1356.3362323419593,135.15188586039444,8534.015409293557,5120409.245576123,6684557.811639985,80.86758157641649,86.60264747439082,0.36002273586534108,0.7653238795328883,0.36028137401966056,86.60264747439082,0.3542647819438884,6684557.811639985,0.3499770062052793 
 03/01  15:50:00,7.588333333333333,56.83333333333333,2.075,67.66666666666667,414.33333333333339,0.0,0.0,0.0,0.0,0.0,0.0,0.0,0.0,0.0,0.0,750.0,0.0,1495.0274567488773,35.76890560922105,91.65704695703015,44.827792456317798,1193.1668050631884,0.0,35.76890560922103,48.89880577858452,0.0,0.0,19.756223881148804,-946.5192420751665,21.064445433994999,95.52726382579651,19.99903474437299,-1680.9285238242774,18.985463337891099,660.1626952485633,14.266654990223046,70.61641063846949,19.87706791233366,-316.02840753176857,16.680556917197217,349.49193134223875,15.307932519411992,4.201739378682762,15.902895888217464,80.69951425718203,1052.7477881684739,536.477898093616,0.0,0.0,0.0,0.0,0.0,0.0,0.0,0.0,0.0,0.0,0.0,0.0,0.0,0.0,0.0,0.0,0.0,0.0,0.0,0.0,0.0,0.0,1.2702443353981763,0.38774247112276485,382.1401062129106,445.51651756454126,10431.03917058105,0.2701930062354972,0.04123824881494162,185.0257988454913,216.16674924030975,4887.894154359954,1.597668630881298,0.30190261354521916,501.0348704052896,583.8731316445656,13687.046307899576,0.32882684448524598,0.06213659192842898,297.1337260350601,347.4436317135277,7555.80262488494,0.0,0.0,12.230760249170086,14.600136483198459,170.54790418963405,0.0,0.0,84.29510207574727,98.86123697885492,2009.978495018402,0.0,0.0,311.34055657146657,367.2400334378206,6407.526377840457,0.0,0.0,29.333578873529889,34.8016060407097,512.2226769597706,0.0,0.0,164.27483175815287,194.81719062309146,2871.623618655341,30.81826373616119,21.137355100247754,590.1661281218093,692.4822824557896,14637.56611323296,0.0,0.0,189.95559406305774,225.09565228558609,3413.6209183478397,1729.1388922872444,21.536897662642745,25.15592806140456,22.000000000000019,30.00000000000002,0.0,21.02525924508518,25.97195738287766,16.000000000000015,30.00000000000002,2868.063008936175,21.508434833890236,25.172563640563877,21.666666666666687,30.00000000000002,0.0,20.38007677724221,27.02754636601746,16.000000000000015,30.00000000000002,0.0,14.507326725701205,39.73417461488506,12.00000000000001,30.00000000000002,0.0,19.644374944012318,28.5817066142635,19.000000000000015,30.00000000000002,0.0,17.93663685846412,31.753603092978716,10.000000000000007,30.00000000000002,0.0,16.29146327383412,35.37642701379305,16.000000000000015,30.00000000000002,0.0,16.32861388293574,35.239640881659877,16.000000000000015,30.00000000000002,0.0,19.52129287156449,0.0,0.0,0.0,16.545856322235307,0.0,0.0,472.29358738471469,472.79482030745978,470.94784535142687,472.79345034730258,484.61193258889508,481.0850876165115,479.8574924308843,482.8443807743415,481.69664121845997,10757.345388492775,80.89176556778372,85.74752883234894,60.00000000000004,0.0,60.00000000000004,60.00000000000004,16.0,16.0,19.0,16.0,16.0,12.0,21.0,10.0,1.0,0.0,1729.1388922872444,0.0,2868.063008936175,0.0,0.0,0.0,0.0,0.0,7348.238199148818,4408942.919489288,5733133.825786924,80.89176556778372,85.82999581260902,0.358274606638294,0.7683807643711155,0.3602813740196598,85.82999581260902,0.3542647819438878,5733133.825786924,0.30052295894092009 
 03/01  16:00:00,7.54,57.0,2.08,62.5,392.5,0.0,0.0,0.0,0.0,0.0,0.0,0.0,0.0,0.0,0.0,1000.0,0.0,1375.3477261568292,30.70114163714249,78.67104984039996,41.239238689913388,1097.6515211365818,0.0,30.701141637142479,41.97078821747429,0.0,0.0,19.77413114720904,-606.9175269112739,21.10719525933203,-31.412410778730135,20.092405433716288,-1758.3071574893316,19.016057504699086,619.2353537364325,14.330224198849426,67.21463074480204,19.75142892396443,-305.52358053073785,16.61756174851095,345.409818579491,15.510425791578062,-1.4433137959076846,15.83582666525172,155.00678420654845,993.5523083187827,502.62998395775505,0.0,0.0,0.0,0.0,0.0,0.0,0.0,0.0,0.0,0.0,0.0,0.0,0.0,0.0,0.0,0.0,0.0,0.0,0.0,0.0,0.0,0.0,1.229179179035184,0.37520731960780959,233.56924103961638,272.51875128973128,6323.268167291744,0.24861301662988639,0.03794459960773601,149.2441101812301,174.24366704096208,3970.869764686468,1.6375861761679227,0.3094456115207716,381.1539404809189,444.1153310063025,10511.810987043536,0.32014300757002336,0.06049565524754785,334.3888743395221,391.28072631754289,8436.032123955196,0.0,0.0,11.979360870327266,14.299701740668944,169.72847190804533,0.0,0.0,83.63846750192565,98.17157835874559,1972.5258776372053,0.0,0.0,315.98235801448268,373.1027854357337,6415.810771244705,0.0,0.0,24.117279041760278,28.60165466693286,435.9352938047022,0.0,0.0,175.46678728323136,208.26739756759623,3048.460009385409,30.841767760358896,21.15347583015014,480.7794856618708,564.3174161283918,12031.32733362161,0.0,0.0,196.43770536183605,232.91000016499215,3541.8925150625498,1157.8742792537235,21.281991473124955,25.474948814126024,21.5,30.0,0.0,21.036159299987099,25.89818936426952,16.0,30.0,2500.345123859896,21.495478201487225,25.07228335187451,21.5,30.0,0.0,20.318518991161779,27.016588938833026,16.0,30.0,0.0,14.572099798849518,39.466421461129659,12.0,30.0,0.0,19.45930076711669,28.853077872596449,19.0,30.0,0.0,17.73733889633965,32.07953879411779,10.0,30.0,774.8807201534193,16.655797587785849,34.4940097321017,16.75,30.0,0.0,16.21707673060289,35.406117750288888,16.0,30.0,0.0,19.35748117401493,0.0,0.0,0.0,16.541158530781475,0.0,0.0,470.57054170587528,471.58733484821365,468.53182030906648,470.26866961871726,482.4098976023571,479.5231627145322,478.15304668490509,480.98261613368717,479.84423772981389,9614.62723297985,81.64722024465998,85.48549648288938,60.0,0.0,60.0,60.0,16.0,16.0,19.0,16.0,16.0,12.0,21.0,10.0,1.0,0.0,1157.8742792537235,0.0,2500.345123859896,0.0,0.0,0.0,774.8807201534193,0.0,5808.139895296417,3484883.937177851,4534920.233415162,81.64722024465998,85.55068315561717,0.36360466317654729,0.7679542507698438,0.36028137401965956,85.55068315561717,0.3542647819438875,4534920.233415162,0.2382358521375884 
 03/01  16:10:00,7.43,58.166666666666667,1.9683333333333333,57.33333333333333,370.66666666666665,0.0,0.0,0.0,2.0,0.0,0.0,0.0,0.0,0.0,4.0,1000.0,0.0,1284.0201983116313,27.91678018479447,71.5361482126873,38.500811524234617,1024.7638236869435,0.0,27.916780184794456,38.16435501643601,0.0,0.0,20.075881283962724,-1159.5582808269463,21.21052163919652,149.18017146361979,20.261622258879,-1452.6585710590312,19.21296284358793,807.5630158409258,14.383833601803218,62.61327956177864,19.81973303174476,-88.39094739223383,16.581694507254054,270.38934537782827,15.409321977735028,3.1274247149927705,15.794069056083544,145.0730874991723,1097.1373090884018,465.158491397681,0.0,0.0,0.0,0.0,0.0,0.0,0.0,0.0,0.0,0.0,0.0,0.0,0.0,0.0,0.0,0.0,0.0,0.0,0.0,0.0,0.0,0.0,1.3590385667145176,0.4148469373365439,273.2682360330308,318.2610555372622,7692.999646175273,0.2856202456106447,0.04359283357915823,192.283218143692,224.30226347627986,5216.805798028325,1.4328767377232237,0.27076280002328498,365.5223195972595,425.7485638885796,10307.0085528437,0.33466673420365536,0.06324012362125003,374.46708976018319,437.8545222015124,9727.980714288367,0.0,0.0,11.943965279649682,14.25515456919759,172.95291016153164,0.0,0.0,16.38561048327432,19.219711048328,394.58911464625899,0.0,0.0,247.62485449676456,292.5298881668216,5012.923152082883,0.0,0.0,23.51304742729206,27.893872591595867,421.0465756875192,0.0,0.0,171.1486670334854,203.20456613619576,2982.636988069422,31.22145721850745,21.413893839854226,559.1585475484747,655.52741424507,14436.183273412826,0.0,0.0,191.985026781749,227.70212303584504,3465.3554108892669,1797.134565943452,21.749602170147204,24.75082178146001,22.0,30.0,0.0,21.208162692183678,25.577764785926357,16.0,30.0,746.3071828503339,21.73716059435086,25.300491942541087,21.5,30.0,0.0,20.618422897062126,26.969312834424018,16.0,30.0,0.0,14.618389468173478,39.210935116385289,12.0,30.0,0.0,19.604953245770124,29.92967342890869,19.0,30.0,0.0,17.592673656562206,32.2138582608448,10.0,30.0,0.0,16.372951585610268,35.00108874224366,16.0,30.0,0.0,16.131507737324008,35.44992737654677,16.0,30.0,0.0,19.82314147028534,0.0,0.0,0.0,16.439561062209309,0.0,0.0,474.40572114943049,473.0588549391789,503.53778035151637,496.4704267232479,479.7649297721676,566.8895358247161,475.54438796277466,478.96945221803477,477.49328043817027,9865.093460446493,81.4819191253057,83.24368034329713,1744.0,0.0,1744.0,1744.0,16.0,16.0,19.0,16.0,16.0,12.0,21.0,10.0,1.0,0.0,1797.134565943452,0.0,746.3071828503339,0.0,0.0,0.0,0.0,0.0,2666.1822954947585,1599709.377296855,2072108.2235475446,81.4819191253057,83.27360089742449,0.34387274318315866,0.7681961923905563,0.36028137401965956,83.27360089742449,0.3542647819438875,2072108.2235475446,0.178672294291139 
 03/01  16:20:00,7.32,59.33333333333334,1.856666666666667,52.16666666666667,348.8333333333333,0.0,0.0,0.0,2.0,0.0,0.0,0.0,0.0,0.0,4.0,500.0,0.0,1193.3202137739425,25.152153285745926,64.45182065035043,35.78120170209071,952.376970169164,0.0,25.152153285745916,34.38490044592842,0.0,0.0,20.19710370410094,-1230.5410754145406,21.315575198014739,92.06539068923985,19.862282447495504,-695.521400028611,19.16201149770386,448.14423282919509,14.435212605862447,61.23182418759217,19.977487491647176,-98.15706328201822,16.582592546085978,300.63337859250717,15.549653631083887,-8.041949024108988,15.767863116211224,154.58405462667634,1048.1150484731425,474.374919383366,0.0,0.0,0.0,0.0,0.0,0.0,0.0,0.0,0.0,0.0,0.0,0.0,0.0,0.0,0.0,0.0,0.0,0.0,0.0,0.0,0.0,0.0,1.2224285081971827,0.3731466752738653,281.6967568624161,327.8173348635463,8023.238454921948,0.2572646891736764,0.039265062450194818,193.07791017485415,225.0364035132557,5329.344240011663,2.1467867443559784,0.40566642939455385,273.6740196005012,319.36063810883305,7432.092715931731,0.3268519464565161,0.061763406359885867,289.5041393220805,338.5232956882618,7482.330181384881,0.0,0.0,11.979779681520578,14.284594485583228,177.18493441897844,0.0,0.0,16.48814410230213,19.30089861799285,408.9525209230761,0.0,0.0,251.09163398085674,296.42500735259389,5117.649096424566,0.0,0.0,26.7396594792478,31.668150360964306,494.5938009805372,0.0,0.0,170.66863815209329,202.5109448052251,2993.5117567195218,30.97851833414679,21.247269090635667,474.0658000355255,555.6347349310016,12374.392212415212,0.0,0.0,194.54637799230455,230.56686012558238,3545.6034572436494,1891.2877609705739,21.791101311018158,24.781098645623936,22.0,30.0,0.0,21.363868539416136,25.408838327177717,16.0,30.0,0.0,21.034097373699504,26.69673209106344,21.0,30.0,0.0,20.38861855678094,27.477560453665008,16.0,30.0,0.0,14.663184965255214,38.97376900894501,12.0,30.0,0.0,19.87171853937241,31.117743413976556,19.0,30.0,0.0,17.549063564775794,32.29914733759915,10.0,30.0,697.7022976089382,16.510462491204487,34.615089845063369,16.5,30.0,0.0,16.075059284622556,35.524903370434717,16.0,30.0,0.0,19.717898908741156,0.0,0.0,0.0,16.41528213148142,0.0,0.0,480.0397922575229,478.83541162707879,521.6307502938853,504.32898676026198,477.8958374057162,673.4060549273942,476.81754833610918,477.8719860703476,477.41891537866015,10532.538185540057,81.04049545651918,84.62103999012698,1744.0,0.0,1744.0,1744.0,16.0,16.0,19.0,16.0,16.0,12.0,21.0,10.0,1.0,0.0,1891.2877609705739,0.0,0.0,0.0,0.0,0.0,697.7022976089382,0.0,5418.569910066497,3251141.9460398985,4208767.195978309,81.04049545651918,84.68184952289974,0.35061899700221657,0.7717812428050961,0.36028137401965956,84.68184952289974,0.3542647819438875,4208767.195978309,0.2892941164130943 
 03/01  16:30:00,7.21,60.5,1.745,47.0,327.0,0.0,0.0,0.0,2.0,0.0,0.0,0.0,0.0,0.0,4.0,250.0,0.0,1103.8397798507925,22.40976793164851,57.4244915642472,33.09816030737318,880.9634356636926,0.0,22.4097679316485,30.635851753606283,0.0,0.0,20.17693690692362,-1309.12977124795,21.37560612127673,103.15350188019693,19.871558616664758,-834.753525666114,18.989232343463028,490.658065095633,14.48551898549246,60.205968227965858,20.075620085417165,-106.76564449477132,16.648197722956568,316.73561496950426,15.857223204605348,-19.641459006311096,15.760070608501483,162.57673409979089,1019.77735658026,469.23159555062559,0.0,0.0,0.0,0.0,0.0,0.0,0.0,0.0,0.0,0.0,0.0,0.0,0.0,0.0,0.0,0.0,0.0,0.0,0.0,0.0,0.0,0.0,1.0668060393827264,0.3256428691644464,295.2660578094057,343.2502611185447,8353.33390795716,0.23076737101884854,0.03522090522265698,198.52044617343169,230.86744937752816,5560.860061375755,2.5475065131823877,0.48138823000423067,295.9382179235105,344.64332559732937,8095.725278802559,0.3577469274752681,0.06760146021830461,316.69019857830258,370.0128437067711,8020.851305652173,0.0,0.0,12.101944571888163,14.40433490916318,182.76210470374645,0.0,0.0,16.78387347687398,19.594087913120057,425.47256182519018,0.0,0.0,244.5629337162895,288.1755201360569,5073.247341876778,0.0,0.0,13.875895829540728,16.383965115965549,271.8910812912854,0.0,0.0,179.0234925601404,212.0923389661505,3171.6304331743197,30.801572398064587,21.125906994557338,504.76692984143417,590.7001244793924,13119.4889216573,0.0,0.0,188.50574346744404,223.0822204891601,3459.306388650191,1818.677565288479,21.576537660959699,25.18934208748244,22.0,30.0,0.0,21.46400062180692,25.414348344408844,16.0,30.0,247.9287081016119,21.005833263005209,26.7262784373031,21.0,30.0,0.0,20.035220344416769,28.58841142757493,16.0,30.0,0.0,14.707540720722268,38.80233216566571,12.0,30.0,0.0,20.041948548229244,31.851302717942926,19.0,30.0,0.0,17.62128579546751,32.192085291878829,10.0,30.0,440.9142783952394,17.022804416989144,33.47215344623221,17.0,30.0,0.0,16.05035179129898,35.620239112528008,16.0,30.0,0.0,19.620997531943705,0.0,0.0,0.0,16.364647918018198,0.0,0.0,485.1267695592137,487.4763885321561,522.1349163885809,530.7930612490967,478.0613445689028,737.3124626560975,479.6863066486265,478.969048046315,480.8038207942442,11140.9501707903,80.63807237219889,87.8770579923862,1744.0,0.0,1744.0,1744.0,16.0,16.0,19.0,16.0,16.0,12.0,21.0,10.0,1.0,0.0,1818.677565288479,0.0,247.9287081016119,0.0,0.0,0.0,440.9142783952394,0.0,10954.899607681004,6572939.764608602,8613058.245786554,80.63807237219889,88.0,0.36516332025603345,0.7631365743781005,0.36028137401965956,88.0,0.3542647819438875,8613058.245786554,0.5178328065586785 
 03/01  16:40:00,7.1,61.66666666666667,1.6333333333333334,40.66666666666667,272.5,0.0,0.0,0.0,2.0,0.0,0.0,0.0,0.0,0.0,4.0,1000.0,0.0,929.1904569278236,18.959166305023854,48.58236317210522,27.861369500014506,741.5774997845589,0.0,18.959166305023847,25.918617723496927,0.0,0.0,20.35693504596169,-1143.937707981135,21.331846113476418,50.13689093417918,20.447942180241726,-1754.2915093854259,19.204832786250614,879.3447784406881,14.516375139007167,58.225722313632818,20.068474053625743,-102.91043472568923,16.645257342834854,265.72940069414428,15.574687830755025,-3.3377624307950954,15.760511904106583,151.69997023455427,1010.5370518355521,504.1509025084615,0.0,0.0,0.0,0.0,0.0,0.0,0.0,0.0,0.0,0.0,0.0,0.0,0.0,0.0,0.0,0.0,0.0,0.0,0.0,0.0,0.0,0.0,1.2858138203532337,0.39249506115788576,230.16614902508048,267.97264337172148,6664.201058841392,0.25711302560157087,0.03924191477435453,143.55724116721727,167.31972471166049,4045.2735378976278,1.8568425050956619,0.3508772685365954,376.993381316842,438.9669210129707,10927.306712176374,0.36628149242823218,0.06921418980125321,391.1150309883758,457.5193406016797,10300.704450386465,0.0,0.0,11.772893222647438,14.046366743432197,180.66070218250676,0.0,0.0,16.042662459560526,18.77777647018593,411.21344681082396,0.0,0.0,249.7647647631007,295.0959489735212,5200.135940801483,0.0,0.0,19.307526720445808,22.894760583254614,359.45803915866648,0.0,0.0,179.84115790505767,213.6028932990962,3220.556038298267,30.981752669940194,21.249487427942527,524.9892246923218,615.8621402632963,13720.995133629745,0.0,0.0,195.7448384608748,232.22097287571496,3632.8273322930947,1803.9314571103753,21.796968678008008,25.176555306249165,22.0,30.0,0.0,21.432583764434058,25.668532479637297,16.0,30.0,1470.9775921050528,21.803635676175828,25.706050561121,21.5,30.0,0.0,20.443035998887294,27.79476603712768,19.0,30.0,0.0,14.721921150123399,38.78749204423782,12.0,30.0,0.0,20.081942511818875,32.1798625805704,19.0,30.0,0.0,17.55082666760188,32.501715594992237,10.0,30.0,0.0,16.44635370124471,34.76567125239077,16.0,30.0,0.0,16.03901405205704,35.73794824883738,16.0,30.0,0.0,19.580696908865016,0.0,0.0,0.0,16.361996261785714,0.0,0.0,503.63274193783067,499.8089784785644,535.8883928412886,527.9497836523276,479.9957466049602,760.76396665143,488.78820815066669,482.0431348315856,486.6630102995685,9457.67195455093,81.7513250180941,83.47392283588855,1744.0,0.0,1744.0,1744.0,16.0,19.0,19.0,16.0,16.0,12.0,21.0,10.0,1.0,0.0,1803.9314571103753,0.0,1470.9775921050528,0.0,0.0,0.0,0.0,0.0,2606.9732374742836,1564183.94248457,2026310.9328656495,81.7513250180941,83.503178265467,0.34189910791580949,0.7700195499364595,0.36028137401965956,83.503178265467,0.3542647819438875,2026310.9328656495,0.1748375018423471 
 03/01  16:50:00,6.99,62.833333333333339,1.5216666666666668,34.333333333333339,218.00000000000004,0.0,0.0,0.0,2.0,0.0,0.0,0.0,0.0,0.0,4.0,500.0,0.0,761.3365538887653,15.638085958694865,40.07214357509694,22.8283383856329,607.614941513195,0.0,15.638085958694857,21.37844910317575,0.0,0.0,20.42400490455954,-1284.8351876529842,21.27075771457382,105.81070483584108,19.980597844681577,-728.6074628790734,19.271800697780919,418.29818509473037,14.5482039876476,58.47432191350265,20.032434546379905,-107.39159052665127,16.674070058482095,289.04225006258096,15.663099700767788,-13.60456622348022,15.757672493949674,146.96411876148069,1025.619637080209,520.2448967970654,0.0,0.0,0.0,0.0,0.0,0.0,0.0,0.0,0.0,0.0,0.0,0.0,0.0,0.0,0.0,0.0,0.0,0.0,0.0,0.0,0.0,0.0,1.2266100688287028,0.37442309793305947,274.05950689485658,318.8192416040871,7991.010889492194,0.25489805197715889,0.038903854086867969,182.40454929773549,212.47452316395644,5172.002323276176,2.4211819773015796,0.45751738044247555,264.7075185079055,309.04369544934436,7331.55378191435,0.34594354149913139,0.06537103958789328,283.0494009694426,330.94613426235176,7545.710812693025,0.0,0.0,11.987803649820375,14.289974761837766,187.1136359022023,0.0,0.0,16.596455114002649,19.404980465659706,429.5630814505819,0.0,0.0,255.07686561767918,301.1023864470199,5372.99517579504,0.0,0.0,26.17167015095459,30.992083921567969,502.078520942478,0.0,0.0,175.5625234252399,208.35172648190298,3177.727891157423,30.914970767638793,21.203683654073254,456.1083993429295,534.6202011998979,12226.402611070505,0.0,0.0,198.73841028139268,235.60237271891939,3716.651217043478,1797.713360453974,21.80313181008777,25.297344192577407,22.0,30.0,0.0,21.415623925443677,25.902171393586053,16.0,30.0,0.0,20.98913421352702,27.464101610597806,21.0,30.0,0.0,20.429348259608376,27.960443155990704,19.0,30.0,0.0,14.742619689774442,38.83386702067618,12.0,30.0,0.0,20.09786275116289,32.627844304170618,19.0,30.0,0.0,17.5623866253367,32.60409002754706,10.0,30.0,634.2214845828644,16.51090241635054,34.77773857409554,16.5,30.0,0.0,16.023689347334103,35.92297190259676,16.0,30.0,0.0,19.70014304829771,0.0,0.0,0.0,16.320595797523209,0.0,0.0,510.82273631722236,511.6873102381488,559.3282260801725,534.984824495911,485.45793768819797,787.7337353945433,495.2072434529315,490.3157318464374,493.9951858785565,9385.109948090521,81.79933816124512,81.79933816124512,1744.0,0.0,1744.0,1744.0,16.0,19.0,19.0,16.0,16.0,12.0,21.0,10.0,1.0,0.0,1797.713360453974,0.0,0.0,0.0,0.0,0.0,634.2214845828644,0.0,0.0,0.0,0.0,81.79933816124512,81.79933816124512,0.34,0.7663679660191828,0.36028137401965956,81.79933816124512,0.3542647819438875,0.0,0.06946933333333333 
 03/01  17:00:00,6.88,64.0,1.41,28.0,163.5,0.0,0.0,0.0,2.0,0.0,0.0,0.0,0.0,0.0,4.0,1000.0,0.0,602.0995379114676,12.453205027962636,31.910945728749355,18.05368278781554,480.5294545732106,0.0,12.45320502796263,17.024475409900537,0.0,0.0,20.464414551000077,-1247.8618788479503,21.191128852280003,95.60506595374523,20.477053591786644,-1528.6119004853172,19.224470549965277,777.7135019417051,14.574215357204603,57.54790455225249,19.95905477274748,-105.33452727796947,16.70099635708052,266.6500142747868,15.681260258671023,-9.044060507009676,15.75570483048218,138.2192255787752,1018.0206765820299,543.9906353769209,0.0,0.0,0.0,0.0,0.0,0.0,0.0,0.0,0.0,0.0,0.0,0.0,0.0,0.0,0.0,0.0,0.0,0.0,0.0,0.0,0.0,0.0,1.2694334813109918,0.387494957665138,265.0975806561047,308.70807584460177,7773.464096788125,0.2608633459397408,0.039814307988360938,175.94900437127769,205.15462317268945,5013.281133936029,2.170455246621863,0.4101389354916599,358.02114126271,416.7633697623346,10494.21608597094,0.3688186863891402,0.06969362932523433,373.6658415600889,437.01996791574427,9942.612095762777,0.0,0.0,11.889734831616565,14.184195023981009,188.45969859362755,0.0,0.0,16.432395611913188,19.233493918324095,427.84600845402675,0.0,0.0,253.8878747099763,299.9467934822351,5403.083370782544,0.0,0.0,21.34400268296473,25.310874191638946,409.4475607735358,0.0,0.0,180.85116556366328,214.80981942224597,3307.9987336729238,30.8958428562024,21.19056437325268,539.9426000543876,633.097709884274,14404.147274364868,0.0,0.0,198.82312503230714,235.93355170933789,3744.8828111152827,1774.832728546458,21.76821955369067,25.581687564907129,22.0,30.0,0.0,21.375372060304917,26.136031963545766,16.0,30.0,1244.5452803804047,21.694780252897119,26.29817923213062,21.5,30.0,0.0,20.34137715543355,28.47725572443418,19.0,30.0,0.0,14.754419462155685,38.92581610745094,12.0,30.0,0.0,20.066380064662867,32.96002848392784,19.0,30.0,0.0,17.563089170179329,32.82258944024891,10.0,30.0,0.0,16.474023836517725,34.989955382023428,16.0,30.0,0.0,16.00991372621357,36.16300550524272,16.0,30.0,0.0,19.661671388583554,0.0,0.0,0.0,16.27751123623167,0.0,0.0,522.9108413252883,520.3448851192661,558.0638340563706,553.0425051978021,491.1466282096176,802.8345493698046,505.6647346007741,497.6408284667334,503.6449182164529,8981.41310534233,82.06616259657486,83.8112111344287,1744.0,0.0,1744.0,1744.0,16.0,19.0,19.0,16.0,16.0,12.0,21.0,10.0,1.0,0.0,1774.832728546458,0.0,1244.5452803804047,0.0,0.0,0.0,0.0,0.0,2640.915627097145,1584549.3762582869,2057840.818828946,82.06616259657486,83.84084785176504,0.3430305209032382,0.7671607994516609,0.36028137401965956,83.84084785176504,0.3542647819438875,2057840.818828946,0.17647705591243857 
 03/01  17:10:00,6.5616666666666669,65.83333333333334,1.5483333333333334,21.666666666666666,108.99999999999997,0.0,4.0,0.0,0.0,0.0,0.0,0.0,0.0,0.0,0.0,750.0,0.0,411.9380964818783,9.41199621375548,24.11791854695559,12.351777346882696,328.7635568672391,0.0,9.411996213755474,12.866912392381265,0.0,0.0,20.45470740133456,-1206.9406522041452,21.034289956898808,-33.45336686131611,20.256546610835714,-78.71385986827211,19.294021035532468,-76.51184642705819,14.600170752608112,63.895933314784787,19.607325793861308,-373.6966996051169,16.849514145434357,341.051129622782,15.760396891797017,-19.737355906395508,16.114397178447889,17.86091438001948,885.1551622196969,641.4476708136144,0.0,0.0,0.0,0.0,0.0,0.0,0.0,0.0,0.0,0.0,0.0,0.0,0.0,0.0,0.0,0.0,0.0,0.0,0.0,0.0,0.0,0.0,1.3377116226827684,0.40833688116079627,319.87709527744996,372.79397658404369,9430.439327681019,0.2578240140324528,0.039350429492132608,180.1224807291704,210.09584807534803,5202.513481350013,2.271508421091271,0.4292343955198926,145.837319685638,170.06749442330554,4272.419597976761,0.3625251249379961,0.06850436979176039,33.080887852514759,38.70337017960472,904.0943223491528,0.0,0.0,12.585149826778576,15.01037457911917,207.9773396656874,0.0,0.0,92.62306547620168,108.63606726309625,2387.4919120395345,0.0,0.0,346.06622731463167,408.3404076553303,7753.171775019147,0.0,0.0,24.659214190522144,29.21969895699965,497.4363865362418,0.0,0.0,195.16982343948974,231.4484432357762,3827.7810368957677,31.255901714405668,21.437518322637638,262.6270644356377,308.33586971570369,7420.847893225232,0.0,0.0,216.60188795527604,256.88004615443239,4242.864680820202,1821.1298634768278,21.690270629981514,25.81487314675399,22.0,30.0,0.0,21.239650579307104,26.591652950614184,16.0,30.0,984.2563894737509,21.34690990502209,26.441571446054036,21.333333333333337,30.0,0.0,20.26108675221354,31.232347973099196,19.0,30.0,0.0,14.772403534390108,39.27110837024891,12.0,30.0,0.0,19.582405967741065,30.269307701948344,16.0,30.0,0.0,17.816319221443803,33.18977418126825,10.0,30.0,629.1354896242064,16.631535873470584,34.937718873998047,16.666666666666669,30.0,799.1546766873723,16.348856916139029,35.948110253426367,16.333333333333333,30.0,0.0,19.05818802483549,0.0,0.0,0.0,16.332372114935219,0.0,0.0,527.6898227186215,531.9358757823851,531.4751309540656,702.8533277205204,507.89898805328576,584.6841861922112,551.4078460390621,511.34462330644069,529.4230706310752,10206.324922013255,81.25617236774211,86.04531042774325,162.0,0.0,162.0,162.0,16.0,19.0,16.0,16.0,16.0,12.0,21.0,10.0,1.0,0.0,1821.1298634768278,0.0,984.2563894737509,0.0,0.0,0.0,629.1354896242064,799.1546766873723,7247.548420333227,4348529.052199936,5674251.542958149,81.25617236774211,86.12664589084932,0.35491828067777428,0.7663653347744104,0.36028137401965956,86.12664589084932,0.3542647819438875,5674251.542958149,0.3015140802338237 
 03/01  17:20:00,6.243333333333333,67.66666666666667,1.6866666666666668,15.333333333333333,54.499999999999989,0.0,4.0,0.0,0.0,0.0,0.0,0.0,0.0,0.0,0.0,1253.0,0.0,198.60868340148407,6.167445208263182,15.803857850591882,5.955195314614949,158.50758888675936,0.0,6.167445208263178,8.431365183036997,0.0,0.0,20.234039407216675,-833.2954194344549,20.757287322751475,27.207557256357,20.39676913833769,-719.4039322081467,19.11340453071077,-8.220430751492178,14.617185171436905,58.74788743504515,19.247047915297764,-218.7393928511757,16.9310300749593,353.5636618315632,15.731630065807888,-14.038528548772229,16.276844343003718,-94.52537149861566,898.9291286750249,603.6893281397702,0.0,0.0,0.0,0.0,0.0,0.0,0.0,0.0,0.0,0.0,0.0,0.0,0.0,0.0,0.0,0.0,0.0,0.0,0.0,0.0,0.0,0.0,1.4577622401375697,0.4449823687843619,332.96184959158918,388.65527474569577,9765.823221761857,0.287252713132135,0.043841989183781297,99.12904100278615,115.80814585459146,2878.9441808089097,1.7612458992046734,0.33281290612333228,210.27203259549857,244.92901690509033,6394.246428155251,0.3710637560881266,0.07011786774152051,33.94881063087728,39.762019021841087,926.7556429266685,0.0,0.0,11.593208202500435,13.832673164475205,199.0939307511058,0.0,0.0,75.79709094341372,89.0658027464617,1947.547478803044,0.0,0.0,288.23194522910867,340.18477903171029,6688.137949509296,0.0,0.0,26.24644549704648,31.126089759317858,536.7557248875651,0.0,0.0,151.79596894977017,179.89600083317243,3171.427714235827,31.708512402053765,21.747950893040998,275.7389892302668,323.92649332054818,7865.172135600422,0.0,0.0,174.5829865033899,207.2577128621816,3483.187944411125,1148.070251052779,21.172944756289899,26.828949526771785,21.6,30.0,0.0,20.95231002301057,27.1164894783996,16.0,30.0,1343.9392449199468,21.592576063585804,26.155227552767145,21.4,30.0,0.0,19.932526965216508,33.51644569099823,19.0,30.0,0.0,14.776639982790885,39.67527150901563,12.000000000000002,30.0,0.0,19.213196743152176,30.353441623068595,16.0,30.0,0.0,17.907676769572136,32.87594976185898,10.0,30.0,0.0,16.486638465429626,35.73468994949545,16.0,30.0,0.0,16.698190681950963,35.538098152951437,16.0,30.0,0.0,19.002876433073895,0.0,0.0,0.0,16.190445565481008,0.0,0.0,535.1698900211534,532.9762381191986,535.3523317024224,804.2197332046376,525.222895492195,547.6459753685386,542.7088961938989,533.6433884137744,546.916391265142,7084.714066912112,81.80696406845908,83.27358563515119,162.0,0.0,162.0,162.0,16.0,19.0,16.0,16.0,16.0,12.0,21.0,10.0,1.0,0.0,1148.070251052779,0.0,1343.9392449199468,0.0,0.0,0.0,0.0,0.0,2219.43694922525,1331662.16953515,1726927.109210334,81.80696406845908,83.29849373820309,0.27798123164084168,0.5861669547278992,0.28822509921572767,83.29849373820309,0.28341182555511,1726927.109210334,0.09624420967893738 
 03/01  17:30:00,5.925,69.5,1.8250000000000002,9.0,0.0,0.0,4.0,0.0,0.0,0.0,0.0,0.0,0.0,0.0,0.0,1004.0,0.0,12.907115465222804,3.158602193569694,8.093805425432814,0.38702257235215806,10.301129249489897,0.0,3.1586021935696926,4.318048667258037,0.0,0.0,20.36280748891676,-1059.791518390687,20.580034679464313,132.80334372267533,20.335832196522163,-445.8365058918562,19.00807512837095,-16.373210277650914,14.62731670610227,57.28880125789962,18.955453829161475,-159.87899639690807,16.944284230294316,258.4984360356948,15.7970437842947,-16.160434404217598,16.0259534564897,3.6601648172554634,877.9207875169823,693.0311450050956,0.0,0.0,0.0,0.0,0.0,0.0,0.0,0.0,0.0,0.0,0.0,0.0,0.0,0.0,0.0,0.0,0.0,0.0,0.0,0.0,0.0,0.0,1.4222592280232823,0.4341450634991704,319.20233018126927,372.5942456508212,9615.394109596455,0.29272577703318228,0.044677316397005849,172.69674556619146,201.81986221127799,5092.892999181855,2.0156922388770339,0.3808942250334532,164.98134842809257,192.56852806124159,5031.2679792763869,0.3855542429993477,0.07285605498853884,35.590536657791918,41.71152673776861,980.6219238675087,0.0,0.0,11.305749827692264,13.48788397950205,201.27593902977709,0.0,0.0,68.6906522712086,80.7780194844522,1772.2465905499419,0.0,0.0,302.5101766245269,357.0177811288068,7189.230990414677,0.0,0.0,29.486014747882856,34.97700525806912,619.8560986537746,0.0,0.0,168.99379263912017,200.4946847869376,3515.072933026716,32.15742968079717,22.055850261177768,265.2446265342144,311.82241886634679,7728.509486092905,0.0,0.0,194.70169607254085,231.13447335934306,3992.377367462604,1533.7859045439616,21.360455348161208,26.754008194388818,21.75,30.0,0.0,20.858910482775415,27.40399762473142,16.0,30.0,1085.4517016486207,21.35821544954283,26.76877728446678,21.25,30.0,0.0,19.729017312109517,34.26521116766908,19.0,30.0,0.0,14.771073735173556,39.90470422670451,12.0,30.0,0.0,18.938370707392126,30.835319628464235,16.0,30.0,0.0,17.867292186220156,33.00097561433845,10.0,30.0,697.5498603648333,16.49266834684445,35.92857591640433,16.5,30.0,0.0,16.323866518549797,36.35222964729005,16.0,30.0,0.0,18.705550735717205,0.0,0.0,0.0,16.14916270267625,0.0,0.0,547.152745843378,538.6781132427608,547.9092829536958,831.0420565248288,533.3047282651983,543.2962689535533,543.0517008779779,541.2123230621146,543.0465388315943,9229.312653496609,81.90228119367863,83.59435510769812,162.0,0.0,162.0,162.0,16.0,19.0,16.0,16.0,16.0,12.0,21.0,10.0,1.0,0.0,1533.7859045439616,0.0,1085.4517016486207,0.0,0.0,0.0,697.5498603648333,0.0,2560.823873298638,1536494.3239791827,1991328.9885101999,81.90228119367863,83.62309214005806,0.34036079577662128,0.7708460523782605,0.36028137401965956,83.62309214005806,0.3542647819438875,1991328.9885101999,0.10998410740253041 
 03/01  17:40:00,5.6066666666666669,71.33333333333334,1.9633333333333334,0.0,0.0,0.0,4.0,0.0,0.0,0.0,0.0,0.0,0.0,0.0,0.0,1757.0,0.0,0.0,0.0,0.0,0.0,0.0,0.0,0.0,0.0,0.0,0.0,20.623447423696143,-1219.0792772668115,21.106140753369055,-534.3499165651779,20.293356185152587,-56.52059597485782,18.93332416377989,0.9598462227306022,14.645198753543422,54.906771990054668,18.747880287481928,-139.9142612979673,16.91455463267277,296.56118836042926,16.021216738495306,-29.80238933115615,15.904341308206025,13.434121228875883,969.0086506525637,731.7593229033668,0.0,0.0,0.0,0.0,0.0,0.0,0.0,0.0,0.0,0.0,0.0,0.0,0.0,0.0,0.0,0.0,0.0,0.0,0.0,0.0,0.0,0.0,1.3571428063806588,0.4142682559159523,311.8599113785389,363.28698558065818,9908.08147433992,0.2507599603681076,0.03827227722345967,164.30297756292465,191.51909149623374,5182.726300967106,2.27374552376554,0.42965712845153877,188.57026828298164,219.98199525875178,5830.247046549577,0.43901096284264898,0.08295747597177801,43.78431776283397,51.35417217361871,1222.293436330122,0.0,0.0,11.288724484378465,13.472343742812012,208.1550224753303,0.0,0.0,64.96056971789531,76.47908135638373,1690.2594831328466,0.0,0.0,309.3226262077744,365.30827635878605,7495.750467312986,0.0,0.0,21.12442703876868,25.03421414320947,470.2778791909046,0.0,0.0,185.22768682943548,220.00447162790725,3901.4454599003408,32.99945421373106,22.63337051696234,253.61068911662736,298.24830761065007,7559.5387527215439,0.0,0.0,203.01765091597597,241.2332597514102,4233.63175260203,1815.7650107753273,21.734453706804027,26.508286874092378,22.000000000000015,30.00000000000002,1621.1935346286892,21.70429918187132,26.463213160734317,21.857142857142873,30.00000000000002,0.0,21.256934734178779,27.20469564208759,21.000000000000015,30.00000000000002,0.0,19.600577446806306,34.31075740251957,19.000000000000015,30.00000000000002,0.0,14.769660396992125,40.06674129901962,12.00000000000001,30.00000000000002,0.0,18.72154793462938,31.349564634707755,16.00000000000001,30.00000000000002,0.0,17.78123845827982,33.38428485917389,10.000000000000007,30.00000000000002,0.0,16.76587702055981,35.369293686833817,16.00000000000001,30.00000000000002,0.0,16.127166100137396,36.92101557834785,16.00000000000001,30.00000000000002,0.0,18.904465894710229,0.0,0.0,0.0,16.00282481306913,0.0,0.0,568.8135739912875,563.4490699838215,562.9239528750266,821.8574971071778,538.4252132332339,545.980028320428,550.5336994041003,543.092515458842,545.4452977345658,9405.469311909017,81.78584625452892,83.76588940664749,162.0000000000001,0.0,162.0000000000001,162.0000000000001,21.0,19.0,16.0,16.0,16.0,12.0,21.0,10.0,1.0,0.0,1815.7650107753273,1621.1935346286892,0.0,0.0,0.0,0.0,0.0,0.0,2996.5707416132647,1797942.444967956,2343430.5099441029,81.78584625452892,83.79951711266262,0.3427428342442518,0.7684396365766398,0.3602813740196598,83.79951711266262,0.35426478194388785,2343430.5099441029,0.12828438651709335 
 03/01  17:50:00,5.288333333333333,73.16666666666666,2.101666666666667,0.0,0.0,0.0,4.0,0.0,0.0,0.0,0.0,0.0,0.0,0.0,0.0,753.0,0.0,0.0,0.0,0.0,0.0,0.0,0.0,0.0,0.0,0.0,0.0,20.56202661790059,-1241.9048540853976,20.777545739719974,-215.99697710044758,20.448213989739437,-541.3075300108847,18.88898904438509,19.511593656887514,14.670963674939753,53.89511767542881,18.56872018286002,-108.71810872858639,16.915142441955884,210.94589497560765,15.518406187858926,-6.441064744211194,16.18979668195401,-99.47662022671929,1072.7764880685646,805.8617250205216,0.0,0.0,0.0,0.0,0.0,0.0,0.0,0.0,0.0,0.0,0.0,0.0,0.0,0.0,0.0,0.0,0.0,0.0,0.0,0.0,0.0,0.0,1.4506564537701477,0.44281332532666325,363.59854973075178,423.5054766248271,11668.06750325773,0.2712719600021489,0.04140292429825231,100.81402501667796,117.56739729103814,3169.7003844907155,2.044877402326066,0.38640918411301369,239.2036745455784,278.4184604670396,7790.300242049901,0.4566779417869459,0.08629590736714779,46.18023662096662,54.14405402568773,1311.0558878722773,0.0,0.0,11.157217414804629,13.307019964862095,213.1533029745239,0.0,0.0,60.3153617006306,71.01398048365945,1585.4982639619948,0.0,0.0,315.1487975407016,372.0361331282751,7804.565675698612,0.0,0.0,26.08698518943936,30.967046107257198,563.4070048463417,0.0,0.0,190.26646071856238,225.67590286111375,4213.913742408805,33.61670712272648,23.05672642162313,305.0453757141941,358.2207807478373,9273.382032702551,0.0,0.0,213.8226911282279,253.988550649382,4562.120578436878,1695.0542319284828,21.623486032335003,26.82226863660712,22.000000000000019,30.00000000000002,0.0,21.25261689777951,27.426209278512908,21.000000000000015,30.00000000000002,1742.2640954072352,21.70836280901088,26.63177670822954,21.666666666666687,30.00000000000002,0.0,19.51445192910988,34.143217711703297,19.000000000000015,30.00000000000002,0.0,14.781814038839077,40.22291340661464,12.00000000000001,30.00000000000002,0.0,18.527622877243446,31.867101821720863,16.000000000000015,30.00000000000002,0.0,17.726322892570644,33.644914190055839,10.000000000000007,30.00000000000002,56.918461809010697,16.083126082983033,37.08749786903286,16.000000000000015,30.00000000000002,848.8225354510871,16.357132868804404,36.54465506117009,16.333333333333348,30.00000000000002,0.0,19.088529988145859,0.0,0.0,0.0,15.921166690755719,0.0,0.0,575.4936806285465,575.8770359963199,572.5466230633937,803.1200887411558,544.2823130886521,551.0476276722209,556.1433811260612,547.5220087315903,550.1446990608565,7278.908430601847,83.19183116749862,83.19183116749864,162.0000000000001,0.0,162.0000000000001,162.0000000000001,21.0,19.0,16.0,16.0,16.0,12.0,21.0,10.0,1.0,0.0,1695.0542319284828,0.0,1742.2640954072352,0.0,0.0,0.0,56.918461809010697,848.8225354510871,0.0,0.0,0.0,83.19183116749862,83.19183116749862,0.3400000000000003,0.7690016005163812,0.3602813740196598,83.19183116749862,0.3542647819438878,0.0,0.006390000000000002 
 03/01  18:00:00,4.97,75.0,2.24,0.0,0.0,0.0,4.0,0.0,0.0,0.0,0.0,0.0,0.0,0.0,0.0,1004.0,0.0,0.0,0.0,0.0,0.0,0.0,0.0,0.0,0.0,0.0,0.0,20.59365782162245,-1112.6954992255829,20.987572486070144,-383.1729799822349,20.33407784146826,-326.8902385144331,18.891033349866278,28.646424153299109,14.699158003594033,51.90221921132347,18.43720979603794,-75.88062253472634,16.987915842634437,374.09702642939967,15.96118076419388,-53.13782292093964,16.297633362470078,-207.97658800383466,1002.170920014265,748.6524498351093,0.0,0.0,0.0,0.0,0.0,0.0,0.0,0.0,0.0,0.0,0.0,0.0,0.0,0.0,0.0,0.0,0.0,0.0,0.0,0.0,0.0,0.0,1.4427777230515227,0.44040834036981776,305.9051656009842,356.5958175634387,9936.738617767649,0.2717441888590679,0.04147499829961355,176.9254765162222,206.35646025290286,5743.967845729432,2.2072480086761989,0.41709146044523806,132.7805071108757,154.62728719573273,4408.390015765883,0.4544138986445292,0.0858680836440909,44.11898517854,51.75727321466569,1280.591713285335,0.0,0.0,11.230989099270519,13.398036825451815,222.09111210816824,0.0,0.0,53.71177983316265,63.29046471963136,1433.403432329949,0.0,0.0,269.7478519022259,318.40339640498038,6919.508919882246,0.0,0.0,24.61512178865247,29.166196517844786,583.5778086273317,0.0,0.0,151.59614935775188,179.69898682477277,3528.578733071832,34.083409702420187,23.376824212908227,243.46353627657317,286.4751698851071,7549.046891080866,0.0,0.0,172.41990200620365,205.07369738262069,3697.833029601735,1345.899685064862,21.455717172427275,27.2630700263208,21.5,30.0,1409.0410311851243,21.568873781390189,26.994964164101789,21.75,30.0,901.5359606260308,21.371107102967007,27.36274417856496,21.25,30.0,0.0,19.50893801029047,34.21278549189486,19.0,30.0,0.0,14.797706967033168,40.34486937476881,12.0,30.0,0.0,18.405210742025,32.250319688413849,16.0,30.0,0.0,17.86409960642359,33.516856237022427,10.0,30.0,661.4035034960665,16.85445304798372,35.45256675454506,16.75,30.0,0.0,16.618813620035433,36.08458993515002,16.0,30.0,0.0,18.692094626661239,0.0,0.0,0.0,15.641003387748569,0.0,0.0,584.4185065468073,580.2108689142715,581.4698354724001,806.272327303846,549.4328228559125,556.5746120170032,562.5008700213955,552.4177710237698,555.8107923074626,9991.768117463787,81.39811435950289,84.8961141356634,162.0,0.0,162.0,162.0,21.0,19.0,16.0,16.0,16.0,12.0,21.0,10.0,1.0,0.0,1345.899685064862,1409.0410311851243,901.5359606260308,0.0,0.0,0.0,661.4035034960665,0.0,5293.777298209916,3176266.37892595,4145246.853632369,81.39811435950289,84.95552178442492,0.34645924327366386,0.7667853567662792,0.36028137401965956,84.95552178442492,0.3542647819438875,4145246.853632369,0.22190683638888324 
 03/01  18:10:00,4.755,76.0,2.1783333333333338,0.0,0.0,0.0,0.0,0.0,0.0,0.0,0.0,4.0,0.0,0.0,0.0,1255.0,0.0,0.0,0.0,0.0,0.0,0.0,0.0,0.0,0.0,0.0,0.0,20.73254186195838,-1236.7652648289378,21.105472872728698,-138.679754015083,20.462218314869774,-1759.5520125943158,19.14621735441937,993.4720529571686,14.731457033877352,52.247306136197718,18.338311420279199,-60.40649001206821,17.017580691683777,218.24185619608034,15.667173572600826,-31.66661271017845,15.990582217739807,-112.41288965134665,1047.8169318785404,896.2466352209096,0.0,0.0,0.0,0.0,0.0,0.0,0.0,0.0,0.0,0.0,0.0,0.0,0.0,0.0,0.0,0.0,0.0,0.0,0.0,0.0,0.0,0.0,1.5352527889947796,0.4686363824770389,249.09168497855075,290.19515239407675,8315.113051276607,0.23912035653487424,0.03649578091191609,19.45565473053627,22.655679211039439,658.4041765664953,2.5752577884421798,0.48663223515536299,433.0535583441381,504.61108350891149,14399.14412630577,0.4350318631380177,0.08220556748639789,418.56784846275039,490.2898757849117,12686.41902764978,0.0,0.0,11.218112713507312,13.38354094638044,227.1996993298181,0.0,0.0,47.85137403658133,56.40022641044047,1289.4743352265155,0.0,0.0,293.1206354228866,346.02777754442726,7634.104433343835,0.0,0.0,26.45581551662572,31.39938955660378,609.8708659363947,0.0,0.0,178.0411265169512,211.40096133003028,4067.9259116622099,34.43051828469193,23.614895942861414,441.29694865804665,519.1402216427031,13224.209640107681,0.0,0.0,202.65585844115868,241.04518757225868,4437.296108961637,1832.1882080514943,21.69385149991665,27.696666032171217,22.0,30.0,0.0,21.803260243278137,29.341391275869115,21.0,30.0,2358.384968064279,21.590570611107265,27.740303734404635,21.6,30.0,0.0,20.107703104445699,30.2208291123878,16.0,30.0,0.0,14.821566709968306,40.50067786856659,12.000000000000002,30.0,0.0,18.319744810526097,32.645973371266958,16.0,30.0,0.0,17.84519758289334,33.99781953949744,10.0,30.0,0.0,16.289800607748579,36.96314639095846,16.0,30.0,0.0,16.171765294462227,37.42148940789097,16.0,30.0,0.0,18.761206668044719,0.0,0.0,0.0,15.654778848772175,0.0,0.0,642.1203848197096,730.7705364445501,631.7408869122334,622.0877891010276,556.87270530133,566.7264139384212,584.4162718833779,560.3162879608558,567.5172432545364,9878.224223869416,81.4731584960976,84.40089505592826,240.0,0.0,240.0,240.0,21.0,16.0,16.0,16.0,16.0,12.0,21.0,10.0,1.0,0.0,1832.1882080514943,0.0,2358.384968064279,0.0,0.0,0.0,0.0,0.0,4430.545147380784,2658327.0884284705,3461803.8846918,81.4731584960976,84.45061774213255,0.35168483824602617,0.7668318318840538,0.36028137401965956,84.45061774213255,0.35426478194388757,3461803.8846918,0.1893738020039736 
 03/01  18:20:00,4.54,77.0,2.116666666666667,0.0,0.0,0.0,0.0,0.0,0.0,0.0,0.0,4.0,0.0,0.0,0.0,2014.0,0.0,0.0,0.0,0.0,0.0,0.0,0.0,0.0,0.0,0.0,0.0,20.664328233877659,-666.6878571883948,20.929472513626075,-124.31401541324158,20.53822001915512,-1735.3303882178296,19.41962100312579,659.1242088911699,14.764378170499797,47.73796613806325,18.24223177546934,-57.33807345701106,16.997595059751199,347.039811710201,15.979102921416257,-57.66995390280064,16.527705853802105,-228.66599509445735,1081.983836208203,788.5184882342867,0.0,0.0,0.0,0.0,0.0,0.0,0.0,0.0,0.0,0.0,0.0,0.0,0.0,0.0,0.0,0.0,0.0,0.0,0.0,0.0,0.0,0.0,1.6085078862795026,0.49099752328434156,131.8066693397999,153.76801602644867,4441.131277609388,0.24645163291508477,0.03761471808838289,19.29404186852974,22.489334440146889,653.0101100281033,2.659069504486825,0.5024696720496648,347.11495382286616,404.62434091370417,11695.417973700376,0.4066647953430082,0.07684519942233713,354.98304693299249,415.33400344036758,11164.342197284812,0.0,0.0,11.124325369212077,13.273557575611985,230.6279875700633,0.0,0.0,47.003335312483489,55.44092384159449,1278.492414448229,0.0,0.0,259.840807488818,307.0283694467583,6836.727708808147,0.0,0.0,25.140736758513304,29.824145266380705,606.1103138320264,0.0,0.0,146.34554338212593,173.69535322003208,3507.8505188606088,34.61084254117008,23.738575131118027,357.13006194914007,420.14888019648739,11120.876275380946,0.0,0.0,168.67673949362817,200.9648287945922,3687.163971413339,1066.2334964082727,21.566458214457997,27.786038722995657,21.625,30.0,0.0,21.56194701157318,32.68278560218094,21.0,30.0,2018.1932011915706,21.54337065369334,27.580074717037485,21.5,30.0,0.0,20.48144120906858,29.53074581576102,16.0,30.0,0.0,14.846068498272965,40.772018963242498,12.0,30.0,0.0,18.22654714911599,33.1999086221089,16.0,30.0,0.0,17.78151503373105,34.493606079454178,10.0,30.0,708.8135886437897,16.673865565850904,36.47845978698864,16.5,30.0,1165.2454178913379,16.688293249892469,36.68115893649498,16.5,30.0,0.0,18.853254800061234,0.0,0.0,0.0,15.356633469513664,0.0,0.0,624.6721520558759,890.6012922369722,610.2047565112912,617.2303281583261,569.4795738894644,584.0969961404314,599.053932767155,577.6325935138629,587.4869618154784,9720.362906305061,80.77652001565613,83.90006931567524,240.0,0.0,240.0,240.0,21.0,16.0,16.0,16.0,16.0,12.0,21.0,10.0,1.0,0.0,1066.2334964082727,0.0,2018.1932011915706,0.0,0.0,0.0,708.8135886437897,1165.2454178913379,4726.043952093927,2835626.371256356,3684481.848765821,80.77652001565613,83.9531175522616,0.3275347984031309,0.6546251946939451,0.3152462022672021,83.9531175522616,0.30998168420090158,3684481.848765821,0.20100638946915606 
 03/01  18:30:00,4.325,78.0,2.055,0.0,0.0,0.0,0.0,0.0,0.0,0.0,0.0,4.0,0.0,0.0,0.0,1008.0,0.0,0.0,0.0,0.0,0.0,0.0,0.0,0.0,0.0,0.0,0.0,20.775133928717076,-864.7505623172312,20.80694393732486,-114.74051630207151,20.617724133553979,-1500.1544193004866,19.514426578951399,562.1072641594617,14.798053624682457,48.48511012971339,18.166759884118304,-24.144356836709279,17.167055317286289,262.00675790501739,15.798843785256445,-65.88686084552413,16.36339763621212,-325.48126892784856,1091.0450840313329,952.8614940681725,0.0,0.0,0.0,0.0,0.0,0.0,0.0,0.0,0.0,0.0,0.0,0.0,0.0,0.0,0.0,0.0,0.0,0.0,0.0,0.0,0.0,0.0,1.6693478081372655,0.5095689280028283,208.19744745850429,242.4814648980031,7145.259514450181,0.2601767052662801,0.03970950935077536,18.266427080448204,21.28897855374523,620.5612717807934,2.7625157500313226,0.5220173374964708,348.20130955106057,405.7986732744326,11818.993649330854,0.4029461541278968,0.07614250833860482,325.7232277819103,380.74147699473039,10461.968797719845,0.0,0.0,11.166529290363262,13.316604578917119,236.94137679327717,0.0,0.0,32.72506142505971,38.59397046162421,900.3862833179862,0.0,0.0,252.81720498309984,298.18957462134497,6896.049971189866,0.0,0.0,28.555887163533347,33.86622817184366,691.3364315703748,0.0,0.0,151.24245088471873,179.22912462434085,3728.064002742456,34.72083600876826,23.814016466919257,350.71684424988339,412.1765779260722,11202.274278102464,0.0,0.0,176.34275473944289,209.9639728259955,3887.4444755766937,1247.9125565666485,21.653762532171905,27.589896861540347,21.5,30.0,0.0,21.37550963263052,35.06061693281802,21.0,30.0,2003.85394061561,21.49870562320733,27.59720456352992,21.5,30.0,0.0,20.595329692192018,29.246026545547659,16.0,30.0,0.0,14.873634954159379,41.06639711561229,12.0,30.0,0.0,18.165851035336677,33.60011387238825,16.0,30.0,0.0,18.040770599566966,34.07583566989615,10.0,30.0,0.0,16.447156960960564,37.343212405616629,16.0,30.0,0.0,16.671631628570208,36.96796116751553,16.0,30.0,0.0,18.86567037682247,0.0,0.0,0.0,15.282032967903172,0.0,0.0,617.5611851179812,1004.2192010359166,601.3965796104546,607.6111392546985,582.6221728280951,595.7152579378683,603.5482084430096,591.3436599883314,597.3139037541168,9380.197126410803,81.80258021034511,83.50712621656644,240.0,0.0,240.0,240.0,21.0,16.0,16.0,16.0,16.0,12.0,21.0,10.0,1.0,0.0,1247.9125565666485,0.0,2003.85394061561,0.0,0.0,0.0,0.0,0.0,2579.680739151898,1547808.4434911388,2007361.928123484,81.80258021034511,83.53607506645648,0.3409893579717299,0.7705898724045519,0.36028137401965956,83.53607506645648,0.3542647819438875,2007361.928123484,0.11384948692908784 
 03/01  18:40:00,4.109999999999999,79.0,1.9933333333333335,0.0,0.0,0.0,0.0,0.0,0.0,0.0,0.0,4.0,0.0,0.0,0.0,1764.0,0.0,0.0,0.0,0.0,0.0,0.0,0.0,0.0,0.0,0.0,0.0,20.731343799923186,-745.062281347585,20.726628029782085,-87.10265004437318,20.598608428462634,-1523.833058044043,19.563762230346506,548.2800519511864,14.835262477811832,51.925543937449848,18.96677599287097,-248.41423152760593,17.129114851230527,233.19753702396879,16.534696934807557,-56.16750923052052,16.001986088695195,-221.009733671319,1133.4624070140265,1061.360386237724,0.0,0.0,0.0,0.0,0.0,0.0,0.0,0.0,0.0,0.0,0.0,0.0,0.0,0.0,0.0,0.0,0.0,0.0,0.0,0.0,0.0,0.0,1.6854624010170432,0.5144879123983651,188.30576606114858,219.68744451447356,6469.588120078025,0.2756774204251541,0.042075308367697548,16.69574757778246,19.46937630323293,572.0349642096278,2.797679466167384,0.5286620306438752,352.86088963830675,411.2826709348073,12234.3316538786,0.40466024925003177,0.07646641142290853,332.80544221197899,389.17075507034857,10850.445622874024,0.0,0.0,11.815758038769609,14.093293991134655,256.61523554657597,0.0,0.0,67.92053766046488,79.67661688004728,2079.3403610882976,0.0,0.0,313.68934381183626,370.2315448701369,8624.135053610255,0.0,0.0,20.136634449854456,23.820368743405596,535.041468574576,0.0,0.0,193.68964139284726,230.02627867569093,4660.685463000687,34.87058503114126,23.916724987065366,357.3170810069401,420.166264913905,11587.929239032605,0.0,0.0,206.29032440214608,245.62982965749533,4682.319146737214,810.4196805871047,21.534565568982289,27.771333890833529,21.428571428571446,30.00000000000002,0.0,21.265619219160166,36.624355332551029,21.000000000000015,30.00000000000002,2058.4993774199467,21.610798255112518,27.36203718169591,21.571428571428588,30.00000000000002,0.0,20.646741414881235,29.149607460047816,16.00000000000001,30.00000000000002,0.0,14.908332926256744,41.24439856877789,12.00000000000001,30.00000000000002,1595.984530532883,19.429336362299514,31.234585583832556,20.000000000000015,30.00000000000002,0.0,17.93072976250396,34.40904796619554,10.000000000000007,30.00000000000002,1360.6925472619758,17.581472689280969,34.98624124790808,20.700000000000018,30.00000000000002,23.332604444102079,16.138001491090347,38.45975488077176,16.00000000000001,30.00000000000002,0.0,18.971025523943835,0.0,0.0,0.0,15.401125987660223,0.0,0.0,612.095053522473,1081.4085222411287,594.4349196986968,602.6798686599169,591.4681621443925,602.0025092537692,605.3746560780489,598.9939589630321,603.5967264016616,10451.627950416118,81.09393769339542,84.33059186368836,240.00000000000018,0.0,240.00000000000018,240.00000000000018,21.0,16.0,19.0,16.0,19.7,12.0,21.0,10.0,1.0,0.0,810.4196805871047,0.0,2058.4993774199467,0.0,1595.984530532883,0.0,1360.6925472619758,23.332604444102079,4897.843509698021,2938706.105818808,3827245.9616251999,81.09393769339542,84.38556099645439,0.3575471646089817,0.767757998537559,0.3602813740196598,84.38556099645439,0.35426478194388785,3827245.9616251999,0.20853679000451043 
 03/01  18:50:00,3.895,80.0,1.9316666666666669,0.0,0.0,0.0,0.0,0.0,0.0,0.0,0.0,4.0,0.0,0.0,0.0,1260.0,0.0,0.0,0.0,0.0,0.0,0.0,0.0,0.0,0.0,0.0,0.0,20.73868318115153,-885.4529665730383,20.665897735368448,-87.77251502002759,20.65727577958076,-1214.9808169428332,19.56978390442236,509.7789081620098,14.876547523383409,51.2941510565564,18.993524449288804,-223.79806428250306,17.253061722529389,396.9725715514902,17.618725607762089,-85.30166629789884,16.714589389349656,-511.3431879794984,1125.5164181209039,998.5324231344995,0.0,0.0,0.0,0.0,0.0,0.0,0.0,0.0,0.0,0.0,0.0,0.0,0.0,0.0,0.0,0.0,0.0,0.0,0.0,0.0,0.0,0.0,1.6834185335228609,0.5138640212218746,215.09312651379845,250.61294218243615,7503.278714157462,0.2775655119128225,0.04236347861917316,16.660419074099033,19.43019493086585,575.5409505107215,2.910271837236463,0.5499379888957793,329.98849339830488,384.72283034141466,11495.218884004184,0.40652936540719877,0.07681960797566114,314.88908804217649,368.16557810577299,10392.562321599444,0.0,0.0,11.981599637495359,14.287900848504823,266.36637891489809,0.0,0.0,75.33170978538584,88.45549649883057,2321.006258783553,0.0,0.0,279.7813473137686,329.98274057325787,7929.425275592819,0.0,0.0,24.042571523350209,28.205933409545886,743.8256457696735,0.0,0.0,164.75403581576209,195.09338331338967,4308.219568994347,34.92498318730583,23.954035107891526,336.14081698783346,395.25404478763599,11070.123915069184,0.0,0.0,167.87882941856618,199.98867387860993,3835.9863932833125,1228.469932901104,21.540961534009069,27.892086301618716,21.6,30.0,0.0,21.183547178007055,37.67686468020736,21.0,30.0,1804.4742921109199,21.485106833625346,27.64788663659263,21.400000000000003,30.0,0.0,20.624081431215385,29.24935363671039,16.0,30.0,0.0,14.950976310010999,41.38046466277616,12.000000000000002,30.0,0.0,19.45130934555366,31.400555549489924,19.0,30.0,0.0,18.16329746640526,34.06023722098519,10.0,30.0,1279.3639926493432,19.42830303280534,31.293008716604,20.7,30.0,1197.955724145896,17.024855555876387,36.46586205165634,16.6,30.0,0.0,18.839933362705414,0.0,0.0,0.0,15.23152424307828,0.0,0.0,616.4406368341876,1132.8267100883857,595.6997809936977,602.5767740396155,598.8177348665367,610.0693651612214,609.563055669709,604.0090626537754,606.267383777009,10599.677395908891,80.99607118272096,85.31666884982158,240.0,0.0,240.0,240.0,21.0,16.0,19.0,16.0,19.7,12.0,21.0,10.0,1.0,0.0,1228.469932901104,0.0,1804.4742921109199,0.0,0.0,0.0,1279.3639926493432,1197.955724145896,6538.468001714845,3923080.8010289075,5134157.549557719,80.99607118272096,85.39004694160886,0.3539489333904948,0.7659864550839192,0.36028137401965956,85.39004694160886,0.35426478194388757,5134157.549557719,0.27658952591033478 
 03/01  19:00:00,3.68,81.0,1.87,0.0,0.0,0.0,0.0,0.0,0.0,0.0,0.0,4.0,0.0,0.0,0.0,756.0,0.0,0.0,0.0,0.0,0.0,0.0,0.0,0.0,0.0,0.0,0.0,20.89130311514488,-708.9958463146621,20.614076021518544,-85.7143432312738,20.760656358507278,-1675.2240459313189,19.54044814466717,523.271800697633,14.914387511559266,50.808654480400097,19.240642937186899,-249.05643564306713,17.264438557310034,186.98610981319463,18.32634737621275,-209.71304637717817,16.168950012591219,-304.7880506335137,1095.9985091943837,1229.7498248824259,0.0,0.0,0.0,0.0,0.0,0.0,0.0,0.0,0.0,0.0,0.0,0.0,0.0,0.0,0.0,0.0,0.0,0.0,0.0,0.0,0.0,0.0,1.714063893364415,0.5232185266680149,137.32402334716267,160.00742554228015,4903.106356028042,0.26912717952535139,0.04107557685063365,17.613193638365574,20.531714864312219,612.8135429070682,2.8930706879364136,0.546687582754425,314.5297105166711,366.1718602628796,11213.12385471744,0.4065081907543182,0.07681560671850311,317.3454498501153,370.87552163000415,10572.209543244246,0.0,0.0,11.65284062388928,13.886415362079497,264.967153161193,0.0,0.0,70.66071760669291,82.82556646218819,2244.3908549345367,0.0,0.0,300.9772006781832,354.8089730824979,8621.128837416454,0.0,0.0,39.048396185519518,45.63534479642297,1299.2876302899884,0.0,0.0,199.68425941158228,236.8582600293936,5035.1946659262589,34.910055495296067,23.943796636005556,314.0487192924103,369.35560668591429,10399.655531234524,0.0,0.0,205.19696332068149,244.04377233150309,4877.479646712886,1625.1368681880836,21.79956350661038,27.618878264537778,21.666666666666687,30.00000000000002,0.0,21.11341618603734,38.31873561586517,21.000000000000015,30.00000000000002,2657.8104906872488,21.667505579929207,27.29919154421431,21.666666666666687,30.00000000000002,0.0,20.54150682759594,29.48256633374855,16.000000000000015,30.00000000000002,0.0,14.988470476932374,41.47271252077366,12.00000000000001,30.00000000000002,1212.6034950064564,19.710175176803604,30.982057696659884,19.666666666666683,30.00000000000002,0.0,18.09462161428393,34.32624283511934,10.000000000000007,30.00000000000002,1291.2299547427502,20.517721583712004,29.38120454184414,20.700000000000015,30.00000000000002,0.0,16.29744994312738,38.299425643103479,16.000000000000015,30.00000000000002,0.0,18.64163807874104,0.0,0.0,0.0,15.48757410300058,0.0,0.0,623.3023096035297,1162.705316201973,590.424228429185,605.5783505601264,604.0370286778593,611.5570748392444,613.5759235853368,608.1443746668676,608.9368274374767,11311.102812300976,80.5255036518551,87.87517812814781,240.00000000000018,0.0,240.00000000000018,240.00000000000018,21.0,16.0,19.0,16.0,19.7,12.0,21.0,10.0,1.0,0.0,1625.1368681880836,0.0,2657.8104906872488,0.0,1212.6034950064564,0.0,1291.2299547427502,0.0,11122.210750550876,6673326.45033052,8738360.260044326,80.5255036518551,88.00000000000007,0.37074035835169585,0.7636964070976426,0.3602813740196598,88.00000000000007,0.3542647819438878,8738360.260044326,0.4641014001889716 
 03/01  19:10:00,3.6283333333333336,81.16666666666667,1.9466666666666668,0.0,0.0,0.0,0.0,1.0,2.0,0.0,0.0,4.0,0.0,0.0,0.0,1263.0,0.0,0.0,0.0,0.0,0.0,0.0,0.0,0.0,0.0,0.0,0.0,20.780597913081289,-938.9107837219839,20.574726982724916,-96.81409806085166,20.75653911606358,-1375.038707562704,19.561470861185304,451.7567815057395,14.948722884679958,46.21859144011506,19.37361435326753,-80.76840950281812,17.063072533688265,117.89280492226026,18.15671610351639,-211.78930896990864,16.28565514603898,-287.99463341552277,1126.505415246695,1175.4227977496205,0.0,0.0,0.0,0.0,0.0,0.0,0.0,0.0,0.0,0.0,0.0,0.0,0.0,0.0,0.0,0.0,0.0,0.0,0.0,0.0,0.0,0.0,1.7031060999305217,0.5198736568774486,213.87428019903803,249.28740589790577,7561.848313866081,0.2711322816405248,0.04138160586699096,18.771222141979125,21.879901690754477,652.7605592483235,2.9346584625825695,0.5545461947434941,343.81941633453467,400.59678428835107,12206.102639155259,0.4055514423293287,0.07663481525497519,310.8716783838361,363.5656151080373,10378.661284727252,0.0,0.0,11.389480839381969,13.577921602994073,260.80990788999187,0.0,0.0,14.577015006663223,17.07956191610001,471.7307263577141,0.0,0.0,244.50597114912606,288.86395631152927,6840.670257777359,0.0,0.0,43.20980262956474,50.63687196193282,1396.0525542016929,0.0,0.0,201.1367655693296,238.76589029486429,5103.630063561316,35.04866733666955,24.038866486055946,344.1852547841719,404.65963908675476,11490.29145015304,0.0,0.0,206.80439627745199,246.25092623983876,4898.754311658488,1087.7274186915559,21.525040360309988,28.184949116700655,21.6,30.0,0.0,21.065421379968819,38.77224553627035,21.0,30.0,1856.2266869606768,21.48791174881356,27.81944868368684,21.4,30.0,0.0,20.545398862555645,29.63902604696638,16.0,30.0,0.0,15.01994972694873,41.532403489404298,12.000000000000002,30.0,0.0,20.009821900676636,32.03853587164467,19.0,30.0,0.0,17.676289032366875,35.339308741892669,10.0,30.0,605.6773820873093,19.985267596425538,31.246701451358324,20.1,30.0,916.4615866477525,16.36319489299303,38.305382446980889,16.400000000000003,30.0,0.0,18.820231665947366,0.0,0.0,0.0,15.38947829121898,0.0,0.0,629.3691008949747,1184.3813839252908,603.0015653038647,613.0828145342937,607.8357092218016,705.7242526084898,615.4530390640357,654.4629002718332,613.4756210772604,7838.986540827809,81.25698391455433,84.22794229104248,270.0,0.0,270.0,270.0,21.0,16.0,19.0,16.0,19.7,12.0,21.0,10.0,1.0,0.0,1087.7274186915559,0.0,1856.2266869606768,0.0,0.0,0.0,605.6773820873093,916.4615866477525,4495.871995106445,2697523.1970638667,3510774.2282323737,81.25698391455433,84.2783990271802,0.2858623998368815,0.585405623556353,0.28822509921572767,84.2783990271802,0.28341182555511,3510774.2282323737,0.19358525986808343 
 03/01  19:20:00,3.576666666666667,81.33333333333334,2.0233333333333336,0.0,0.0,0.0,0.0,1.0,2.0,0.0,0.0,4.0,0.0,0.0,0.0,1012.0,0.0,0.0,0.0,0.0,0.0,0.0,0.0,0.0,0.0,0.0,0.0,20.922133034703344,-813.6660297932543,20.54220107620121,-56.08155490917102,20.76130932573826,-1598.207074377609,19.626993983484036,641.3609007383493,14.977676666250574,46.05786658348515,19.104107498895556,-74.2986852467594,17.113140044758354,270.05725520208719,18.53199919888928,-272.00403949760899,16.338176889797408,-408.73137151060726,1154.8908109651516,1208.863397309941,0.0,0.0,0.0,0.0,0.0,0.0,0.0,0.0,0.0,0.0,0.0,0.0,0.0,0.0,0.0,0.0,0.0,0.0,0.0,0.0,0.0,0.0,1.6731686738212317,0.5107352484191794,132.29864632292309,154.11597401831069,4767.619171625775,0.30530088893316589,0.04659659477001922,14.783326832840907,17.237873207345076,517.6434010146262,2.8340829958943618,0.5355410045151858,343.2060689344663,399.77761703278869,12272.924301778936,0.42083133397921559,0.07952217195374442,359.5716532212219,420.2381095712686,12111.779237659208,0.0,0.0,12.070627514689426,14.384120022635108,278.2164195840128,0.0,0.0,15.503344933745588,18.177874074400188,490.681310896754,0.0,0.0,229.7818529421424,271.2126909264715,6504.436580704268,0.0,0.0,46.57683681748621,54.44005795019574,1563.8830493562205,0.0,0.0,183.52718697957318,217.6329164336248,4721.483476004745,35.367616444028758,24.257624447207659,359.07443386559739,422.09787193817979,12017.520761603471,0.0,0.0,189.06446718453098,225.16143411772084,4418.2503604215339,984.2181733508143,21.719425437701664,27.694421744422955,21.25,30.0,0.0,21.025448990380317,39.22255778181591,21.0,30.0,1708.8877827081388,21.65855834609596,27.488455605742354,21.75,30.0,0.0,20.66108535776537,29.376709049117467,16.0,30.0,0.0,15.043479758450785,41.68081414325186,12.0,30.0,0.0,19.58511891435636,34.75350624180647,19.0,30.0,0.0,17.79718842057205,35.266702595351379,10.0,30.0,1141.399295216381,20.608228271652704,30.46528124470729,20.7,30.0,0.0,16.44979504861382,38.430883377775007,16.0,30.0,0.0,18.962035850984088,0.0,0.0,0.0,15.186564709691396,0.0,0.0,619.2490093448173,1208.0672057445866,599.0097940423726,608.8435738103726,613.9400617646334,815.7420746604237,623.0234921678009,677.5074482718828,626.7006237078608,9559.379533754578,81.68398323221764,85.24320737209712,270.0,0.0,270.0,270.0,21.0,16.0,19.0,16.0,19.7,12.0,21.0,10.0,1.0,0.0,984.2181733508143,0.0,1708.8877827081388,0.0,0.0,0.0,1141.399295216381,0.0,5386.333650514045,3231800.1903084267,4217201.167670014,81.68398323221764,85.30365481380552,0.3495444550171349,0.7660119752149016,0.36028137401965956,85.30365481380552,0.3542647819438875,4217201.167670014,0.23033446071884076 
 03/01  19:30:00,3.5250000000000005,81.5,2.1,0.0,0.0,0.0,0.0,1.0,2.0,0.0,0.0,4.0,0.0,0.0,0.0,1012.0,0.0,0.0,0.0,0.0,0.0,0.0,0.0,0.0,0.0,0.0,0.0,20.86828774123603,-719.1080056102103,20.936640036514384,-162.31310277384146,20.836177796936576,-1704.783717013013,19.648620363208538,504.62444911935338,15.005021647670004,39.46415843040556,18.92224383964642,-49.200656623026677,17.0886703131481,235.19841554668529,18.546162942564455,-252.07694227283964,16.84948958186903,-378.71901918923018,1116.7692593899777,964.2675569311264,0.0,0.0,0.0,0.0,0.0,0.0,0.0,0.0,0.0,0.0,0.0,0.0,0.0,0.0,0.0,0.0,0.0,0.0,0.0,0.0,0.0,0.0,1.7369019299280809,0.530189844300391,156.3997242433146,182.14533357772084,5625.231560213881,0.23589551761200545,0.036003589379121719,25.300422557943635,29.42845929722542,908.0488953396871,2.891872182052577,0.5464611077196859,338.6322655581901,394.38588908576795,12124.172890806482,0.411314618912913,0.0777238508905731,325.9854091496662,380.9014130124394,11011.954708092915,0.0,0.0,11.204887736595252,13.349758868268156,259.8777731366488,0.0,0.0,12.87204107439549,15.106252108664523,402.06356677352826,0.0,0.0,189.02620297564216,223.3367774364233,5320.66527997003,0.0,0.0,44.692150959659517,52.26396575178092,1493.248636320504,0.0,0.0,139.68664882441963,165.55076790932157,3725.499259051806,35.31346924216051,24.220486448669769,343.08944612476958,403.2919263844355,11517.173684002822,0.0,0.0,145.50687314784148,173.55040304572493,3366.287671611004,1279.1719281986426,21.641356547157526,28.45446328745971,21.75,30.0,945.1448245467593,21.654891585498,37.119831246453809,21.5,30.0,2351.573522659587,21.593691017319047,27.70443751606955,21.5,30.0,0.0,20.63797221687496,29.49586905900977,16.0,30.0,0.0,15.06480543864983,41.94993238959157,12.0,30.0,0.0,19.301212639119009,36.746602340783599,19.0,30.0,0.0,17.706829802997939,36.009010845541059,10.0,30.0,883.759189493576,20.468967887754748,31.045487260866396,20.2,30.0,1540.374310867177,17.14439247862726,37.19122823011884,16.5,30.0,0.0,18.787350427674306,0.0,0.0,0.0,14.836846422716489,0.0,0.0,654.691469413641,1171.6402709781726,603.6620671014478,611.8757228099539,625.0807185139613,900.0248926778966,645.5991757811278,691.6336114741807,642.1963816612574,10700.453833704127,80.9291526461751,85.00485460064582,270.0,0.0,270.0,270.0,21.0,16.0,19.0,16.0,19.7,12.0,21.0,10.0,1.0,0.0,1279.1719281986426,945.1448245467593,2351.573522659587,0.0,0.0,0.0,883.759189493576,1540.374310867177,6166.937120720506,3700162.272432304,4815528.58633741,80.9291526461751,85.07407355023465,0.3755645706906836,0.7665483734706369,0.36028137401965956,85.07407355023465,0.3542647819438875,4815528.58633741,0.26146248648954537 
 03/01  19:40:00,3.4733333333333338,81.66666666666667,2.1766666666666669,0.0,0.0,0.0,0.0,1.0,2.0,0.0,0.0,4.0,0.0,0.0,0.0,1012.0,0.0,0.0,0.0,0.0,0.0,0.0,0.0,0.0,0.0,0.0,0.0,20.92539214078744,-786.076217683108,20.994690622384384,-173.659424183937,20.860229458547903,-1522.0336775401093,19.669770260060198,463.57780574938718,15.029218054848219,39.595276395213847,18.797509031074854,-29.777798199121066,17.20828032048727,233.0599295364243,18.307566349243844,-158.05798260959058,16.54751525030557,-669.7003717151263,1175.4903116621673,1296.2326205684947,0.0,0.0,0.0,0.0,0.0,0.0,0.0,0.0,0.0,0.0,0.0,0.0,0.0,0.0,0.0,0.0,0.0,0.0,0.0,0.0,0.0,0.0,1.781119125676616,0.5436871567999438,241.20220279688747,280.82575800523349,8653.253251358923,0.2225003953315839,0.033959156796639789,28.20787060015188,32.822150341929347,1018.6569981880729,2.994484834714796,0.5658512537253962,385.62691931821765,449.09780861777178,13839.309466565155,0.4107892117712469,0.0776245676060557,304.62341118070506,355.8732819150592,10325.073242831977,0.0,0.0,11.071213919810843,13.188792376450385,258.31595768876346,0.0,0.0,12.829231226275457,15.05767289883798,397.75627231011796,0.0,0.0,216.11869090429165,254.98779746492827,6198.466811705324,0.0,0.0,39.4813188305822,46.25985727341975,1282.4225630906936,0.0,0.0,173.61580173986838,205.65087155709615,4610.827025179838,35.53245540877878,24.3706827220705,388.1085408770923,455.8361752630103,13112.984229778504,0.0,0.0,178.61609113850239,212.93813732230783,4112.703678039994,1113.2249233098542,21.654784614798687,28.84340544386957,21.5,30.0,0.0,21.727014998473469,35.59158335489905,21.0,30.0,2073.5271344967,21.57678715895942,28.31518318908345,21.5,30.0,0.0,20.647524450049646,30.189624674945877,16.0,30.0,0.0,15.083471434099645,42.43103827093091,12.0,30.0,0.0,19.127263468106734,38.4341400877141,19.0,30.0,0.0,17.895795357675817,36.19376828998028,10.0,30.0,435.7463904982891,19.90745480400173,32.763017723853398,19.95,30.0,0.0,16.75371078464201,38.868061266450599,16.0,30.0,0.0,18.991682651710087,0.0,0.0,0.0,14.856755187163336,0.0,0.0,677.0615495526274,1076.5479375301785,637.6908896708114,650.228314137704,644.6423300583101,978.662118650132,673.2540755844761,722.2830442915961,674.0893019938578,9514.653414419226,81.71364701675891,83.46917019755635,270.0,0.0,270.0,270.0,21.0,16.0,19.0,16.0,19.7,12.0,21.0,10.0,1.0,0.0,1113.2249233098542,0.0,2073.5271344967,0.0,0.0,0.0,435.7463904982891,0.0,2656.7515215692549,1594050.9129415528,2066839.5886591494,81.71364701675891,83.49898480910329,0.3435583840523085,0.7700274070526656,0.36028137401965956,83.49898480910329,0.3542647819438875,2066839.5886591494,0.11854565861027579 
 03/01  19:50:00,3.421666666666667,81.83333333333334,2.2533333333333336,0.0,0.0,0.0,0.0,1.0,2.0,0.0,0.0,4.0,0.0,0.0,0.0,1012.0,0.0,0.0,0.0,0.0,0.0,0.0,0.0,0.0,0.0,0.0,0.0,20.90906917188621,-868.376284248131,20.82009528212385,-148.50174939162239,20.871203701271058,-1519.8907739404504,19.64625267377775,440.00775462838467,15.054632927841038,39.123840390531,18.9305805559625,-52.77937387923805,17.06331014102844,66.83416039016038,18.684215708916093,-307.82358837201579,16.40055241771381,-449.8367139590796,1131.716490139641,1371.0558372813233,0.0,0.0,0.0,0.0,0.0,0.0,0.0,0.0,0.0,0.0,0.0,0.0,0.0,0.0,0.0,0.0,0.0,0.0,0.0,0.0,0.0,0.0,1.7670925532839533,0.539405541295468,231.53508219581904,269.5783890154871,8335.379678854439,0.24404690910603844,0.037247696750005877,24.130803464949826,28.112783166417658,862.6626715571414,2.8817318505203146,0.5445449452986235,351.76235783664768,409.60145903768719,12636.116756652777,0.40260778588604098,0.07607856876153454,304.64965660639458,355.9504612030122,10318.738858007157,0.0,0.0,10.990630111887324,13.090279482110964,258.0377287631449,0.0,0.0,13.767466767184054,16.15152852846539,430.4689020368577,0.0,0.0,245.87261447695964,290.3808483929583,6929.012814619899,0.0,0.0,51.06352672040165,59.68189335877545,1725.3676809670765,0.0,0.0,207.47191038208025,246.1168889161515,5344.1713856533719,35.53587469452453,24.37302791119653,357.5094613064222,419.98374084791086,12102.062366895838,0.0,0.0,213.46530260133438,254.27271764098834,5017.030482683872,1161.6284899521994,21.564445347415448,28.889776655228645,21.5,30.0,0.0,21.435538817275757,36.20654396405392,21.0,30.0,1980.1087475340383,21.534428763125385,28.5359803812649,21.5,30.0,0.0,20.583640542728177,30.34798187430116,16.0,30.0,0.0,15.105652443109783,42.930517344525,12.0,30.0,469.94569672805468,19.171689861802397,39.1802834656329,19.25,30.0,0.0,17.569143883182176,37.2590613332638,10.0,30.0,1163.720949386811,20.564277887915375,31.65945612335167,20.7,30.0,805.6118781164535,16.2983569594752,40.54306846673687,16.25,30.0,0.0,18.76209669379824,0.0,0.0,0.0,15.099552272681356,0.0,0.0,668.0439385445743,1066.4293797900633,644.4218806533012,650.714137439703,665.5752300863694,1031.1379231647309,686.1348320650652,734.2672686790763,695.3440841642819,10851.18939979914,80.82961267314505,86.49642243464375,270.0,0.0,270.0,270.0,21.0,16.0,19.0,16.0,19.7,12.0,21.0,10.0,1.0,0.0,1161.6284899521994,0.0,1980.1087475340383,0.0,469.94569672805468,0.0,1163.720949386811,805.6118781164535,8575.275881016923,5145165.528610155,6706249.7191287339,80.82961267314505,86.59266367691135,0.37084252936723086,0.7669810578877232,0.36028137401965956,86.59266367691135,0.3542647819438875,6706249.7191287339,0.3598249853946942 
 03/01  20:00:00,3.37,82.0,2.33,0.0,0.0,0.0,0.0,1.0,2.0,0.0,0.0,4.0,0.0,0.0,0.0,1012.0,0.0,0.0,0.0,0.0,0.0,0.0,0.0,0.0,0.0,0.0,0.0,20.94898142139379,-899.7156933998522,20.70011836734942,-128.00855883558578,20.874317425598677,-1477.0031042608317,19.645105049507998,465.6969185703024,15.078221521281677,37.828031006635189,19.606002716357915,-61.389439682669308,17.172210632318824,313.0145610644056,18.427573091571384,-158.20005926253624,16.573631369217098,-578.3959224019345,1134.167992909033,1153.152176138761,0.0,0.0,0.0,0.0,0.0,0.0,0.0,0.0,0.0,0.0,0.0,0.0,0.0,0.0,0.0,0.0,0.0,0.0,0.0,0.0,0.0,0.0,1.772854488569315,0.5411643738001573,236.02019477696309,274.7562496025587,8523.102208777984,0.2669335825747685,0.040740778781252828,22.92789620384896,26.731051766382625,814.742153429562,2.9105750825595066,0.549995291488947,351.7413086236443,409.60966218903766,12654.729050695956,0.4059205453128166,0.07670456260635234,304.1100848557087,355.3300112456426,10324.826877842574,0.0,0.0,11.144139013963465,13.270940254910324,263.2195347389303,0.0,0.0,14.52597805533034,16.975255209095093,485.77665780169937,0.0,0.0,195.157211836026,230.25848311539495,5611.19089734387,0.0,0.0,37.61441525910158,44.055035854887119,1230.0531916097082,0.0,0.0,152.19243815677619,180.20285080315487,4080.882076420854,35.65638797056636,24.455684479126455,358.1148438784896,420.70884324713418,12154.314953109657,0.0,0.0,157.1644169097046,187.41165273316018,3602.8271681681646,1185.968369091501,21.58291929551429,28.925688712918995,21.5,30.0,0.0,21.24271347452401,36.92864294984195,21.0,30.0,1960.8169348915813,21.51790669731714,28.633188332340234,21.5,30.0,0.0,20.570761902058178,30.47262254454737,16.0,30.0,0.0,15.125655842526625,43.30858660314244,12.0,30.0,714.0719311721383,20.322433792436198,37.27416600802881,19.5,30.0,0.0,17.817306018807189,36.86605528789203,10.0,30.0,439.60825582256356,19.943101812603684,33.312254829333678,19.95,30.0,436.5272893275526,16.80307853134733,39.5661660815625,16.5,30.0,0.0,18.74924739106778,0.0,0.0,0.0,14.736921468852215,0.0,0.0,671.4421200337354,1084.6418689998159,647.938390005514,655.4687872307593,681.2019149471018,1073.6049793003165,693.673479599494,754.0040545994554,708.7770666072746,9703.905797671083,81.58849616517078,83.38270465738199,270.0,0.0,270.0,270.0,21.0,16.0,19.0,16.0,19.7,12.0,21.0,10.0,1.0,0.0,1185.968369091501,0.0,1960.8169348915813,0.0,714.0719311721383,0.0,439.60825582256356,436.5272893275526,2715.2355668260449,1629141.340095627,2109927.7260470225,81.58849616517078,83.41317627394315,0.34550785222753485,0.7695850570624178,0.36028137401965956,83.41317627394315,0.3542647819438875,2109927.7260470225,0.1208462417544452 
 03/01  20:10:00,3.338333333333334,82.00000000000002,2.45,0.0,0.0,0.0,0.0,0.0,2.0,0.0,0.0,4.0,0.0,0.0,0.0,1522.0,0.0,0.0,0.0,0.0,0.0,0.0,0.0,0.0,0.0,0.0,0.0,20.966100129840187,-855.3387124459176,20.631328516581616,-89.99715516946982,20.80767132600024,-1374.0248573896393,19.664887181131637,504.04633184128047,15.102580751829795,39.788712888824758,19.434050352497004,-80.45319579892902,17.191650717179987,117.96223636949992,17.93953271168292,-123.17498007996599,16.367665952961219,-481.90009014888508,1130.6437739204058,1316.2979638420648,0.0,0.0,0.0,0.0,0.0,0.0,0.0,0.0,0.0,0.0,0.0,0.0,0.0,0.0,0.0,0.0,0.0,0.0,0.0,0.0,0.0,0.0,1.7434669601082918,0.5321938217668778,151.3791038582757,176.44934748334848,5468.12793293136,0.29415053949925409,0.044894770985844639,17.233992005646134,20.099543414320839,613.2708896443328,2.9296868069605965,0.5536067284506041,305.0184337040122,355.29095171402596,11015.321202761954,0.4167355652340793,0.07874821716441405,320.5259649613521,374.5766235041855,10909.069847772736,0.0,0.0,11.439220732976838,13.624221598418208,271.37997392035666,0.0,0.0,15.130827041921294,17.700134672898547,500.1087217224737,0.0,0.0,244.88556060027956,289.00532106688686,7032.559525377674,0.0,0.0,34.78300092294185,40.86327063768425,1090.8479868117896,0.0,0.0,197.7928768326435,234.68582509112736,5093.163363410238,35.965189305538,24.66748237691221,318.33940099650456,374.3932250825467,10813.725265467496,0.0,0.0,202.56009995515468,241.47050288530324,4696.452905656995,1182.3996612537379,21.62309192529105,28.80174865602247,21.66666666666666,30.0,0.0,21.14354982899998,38.1117664283065,20.999999999999998,30.0,1888.2432384795296,21.51518890775779,28.552067778178587,21.499999999999998,30.0,0.0,20.591974880900833,30.394628257119565,15.999999999999999,30.0,0.0,15.148846886732115,43.560963806958429,11.999999999999997,30.0,0.0,20.087840643303609,38.269460656564749,18.999999999999998,30.0,0.0,17.777798517987649,37.09587623916722,9.999999999999999,30.0,0.0,19.140357485064127,34.505910320121447,11.999999999999997,30.0,544.2942399141512,16.21174258121647,41.24496147914634,16.166666666666666,30.0,0.0,18.673381733756245,0.0,0.0,0.0,14.849862087960766,0.0,0.0,669.2506414665259,1143.0208561639025,642.5687931040807,653.2380696814336,692.5488924450719,1088.8010999751414,700.3776056124892,725.0732754118424,714.8571666352345,7807.249056503923,81.56591502589036,81.56591502589036,569.9999999999999,0.0,569.9999999999999,569.9999999999999,21.0,16.0,19.0,16.0,12.0,12.0,21.0,10.0,1.0,0.0,1182.3996612537379,0.0,1888.2432384795296,0.0,0.0,0.0,0.0,544.2942399141512,0.0,0.0,0.0,81.56591502589036,81.56591502589036,0.28333333333333329,0.6178921552448078,0.3002344783497162,81.56591502589036,0.2952206516199062,0.0,0.023559999999999995 
 03/01  20:20:00,3.306666666666667,82.0,2.5700000000000005,0.0,0.0,0.0,0.0,0.0,2.0,0.0,0.0,4.0,0.0,0.0,0.0,1016.0,0.0,0.0,0.0,0.0,0.0,0.0,0.0,0.0,0.0,0.0,0.0,21.009192995799947,-820.8695674666128,20.586732839743669,-80.54412367546233,20.94058592333169,-1556.429989407187,19.725469057466048,524.8853289303028,15.126469784952543,37.36462827378795,19.283386542599467,-65.28641627471575,17.25392280616618,334.43310656135108,17.273344198504636,-26.464644790294487,16.64780458289094,-619.6224659213669,1145.8098057536827,1066.683367637489,0.0,0.0,0.0,0.0,0.0,0.0,0.0,0.0,0.0,0.0,0.0,0.0,0.0,0.0,0.0,0.0,0.0,0.0,0.0,0.0,0.0,0.0,1.7694982873502668,0.5401398923535613,182.18305944201874,212.13276517258888,6617.9268854707029,0.30031772620077959,0.045836038797432799,16.382930008767305,19.095916375699063,582.7261833847579,2.8908936457194018,0.5462761991155335,334.39103113880216,389.3487593728455,12089.555090795699,0.41622780788818605,0.07865226906428308,318.9191365010245,372.4524008578918,10932.208171883123,0.0,0.0,11.64550844534844,13.862274261401252,277.51003405564998,0.0,0.0,14.709806570056014,17.215030272464867,479.94192319554159,0.0,0.0,204.69827643926096,241.42952456542913,5942.74930756742,0.0,0.0,19.29971173245416,22.762664916881698,567.6232822410656,0.0,0.0,148.7655965191032,176.07195991437664,4041.463641092162,36.22951754597811,24.848777466377315,336.9048171621828,395.8223351586066,11540.165245145161,0.0,0.0,151.0904662349287,180.3586308755864,3394.834755725068,1139.627570259895,21.66340820427807,28.668968876409026,21.500000000000005,30.000000000000008,0.0,21.081030349341025,39.323266356556818,21.000000000000005,30.000000000000008,1984.6225630149098,21.576365508573639,28.36891762456924,21.500000000000005,30.000000000000008,0.0,20.681816618611106,30.123814949814169,16.000000000000005,30.000000000000008,0.0,15.17175214281895,43.70061684388032,12.000000000000002,30.000000000000008,0.0,19.822900064732435,39.12218293226058,19.000000000000005,30.000000000000008,0.0,17.912989125424006,36.71838398435308,10.000000000000002,30.000000000000008,0.0,18.023300309244893,36.69338777625882,12.000000000000002,30.000000000000008,852.9975395036836,16.919444704519724,39.44040463093922,16.750000000000005,30.000000000000008,0.0,18.80211386119928,0.0,0.0,0.0,14.407675866819443,0.0,0.0,666.0001765071419,1209.1964534746742,638.5538111895572,647.8677004804169,699.4399071681644,1094.3503025155583,696.4365594335059,709.421515255763,714.7087563522533,10293.708467525994,81.19828007315586,85.03974681511986,570.0000000000001,0.0,570.0000000000001,570.0000000000001,21.0,16.0,19.0,16.0,12.0,12.0,21.0,10.0,1.0,0.0,1139.627570259895,0.0,1984.6225630149098,0.0,0.0,0.0,0.0,852.9975395036836,5812.965204707534,3487779.122824519,4534469.488166012,81.19828007315586,85.1049876731928,0.3637655068235845,0.7683874475124461,0.3602813740196596,85.1049876731928,0.35426478194388757,4534469.488166012,0.259225746717966 
 03/01  20:30:00,3.2750000000000005,82.0,2.69,0.0,0.0,0.0,0.0,0.0,2.0,0.0,0.0,4.0,0.0,0.0,0.0,1016.0,0.0,0.0,0.0,0.0,0.0,0.0,0.0,0.0,0.0,0.0,0.0,21.02201362129111,-904.927548908174,20.76928861755279,-103.82737840744463,20.9532133117146,-1539.4472170632144,19.720874737356366,422.8621875402928,15.148869241373239,38.23630864211981,19.184750736516859,-66.0943161572704,17.22683581492337,87.82763785842917,16.84698447809683,-39.338608664840268,16.168634896247775,-520.5530423320806,1167.3003364955808,1334.5617929629266,0.0,0.0,0.0,0.0,0.0,0.0,0.0,0.0,0.0,0.0,0.0,0.0,0.0,0.0,0.0,0.0,0.0,0.0,0.0,0.0,0.0,0.0,1.8065680786977166,0.5514554574779355,239.56935558089513,278.7834512928921,8689.0397454148,0.28904481661313088,0.04411550925108835,21.11363210441618,24.606354309195575,750.3707234009503,2.9105085397428684,0.5499827172605574,363.5834695597929,423.1807444987682,13185.778818075782,0.4108727753935994,0.0776403581620558,302.11705414991698,352.79763964670328,10347.195033367612,0.0,0.0,11.23354377161386,13.36887431798565,268.85609037519006,0.0,0.0,14.943093505060734,17.493533572322755,483.8335196199247,0.0,0.0,251.58125600917033,296.8041986553543,7255.314654960844,0.0,0.0,12.65051626590399,14.951084149548028,355.2036937587211,0.0,0.0,193.2239043556877,229.21175418904714,4991.094135207523,36.37264847294251,24.946946826435199,369.45705193374689,433.82075697968858,12646.518624477156,0.0,0.0,200.0883288364879,238.64359007793289,4577.243617699833,1179.380424484396,21.619923507594696,29.070282138550629,21.5,30.0,505.1348374437231,21.177828921434853,38.927161987729189,21.25,30.0,2026.602983779245,21.562754858406639,28.61666052006105,21.5,30.0,0.0,20.636199282067314,30.453085566211827,16.0,30.0,0.0,15.193832463431053,43.779669284088097,12.0,30.0,0.0,19.658327892983715,39.79932785345008,19.0,30.0,0.0,17.77000627284976,37.177481852084159,10.0,30.0,0.0,17.336183298160149,38.27221095000286,12.0,30.0,61.70452222581724,16.177546529306598,41.21516612680996,16.0,30.0,0.0,18.860073230516094,0.0,0.0,0.0,14.610452073200826,0.0,0.0,686.45484569062,1204.8720450979104,653.9801664405328,662.9927463635494,704.4268800250055,1108.8117507397549,702.2811553713995,707.0178287020954,707.465823239828,9662.457203706863,81.61585166535258,85.0866022862219,570.0,0.0,570.0,570.0,21.0,16.0,19.0,16.0,12.0,12.0,21.0,10.0,1.0,0.0,1179.380424484396,505.1348374437231,2026.602983779245,0.0,0.0,0.0,0.0,61.70452222581724,5252.580613245825,3151548.3679474948,4113102.1886232516,81.61585166535258,85.1455471538656,0.34508602044152755,0.7665119309227377,0.36028137401965956,85.1455471538656,0.3542647819438875,4113102.1886232516,0.23718798047507573 
 03/01  20:40:00,3.2433333333333338,82.0,2.81,0.0,0.0,0.0,0.0,0.0,2.0,0.0,0.0,4.0,0.0,0.0,0.0,1016.0,0.0,0.0,0.0,0.0,0.0,0.0,0.0,0.0,0.0,0.0,0.0,21.015471704129504,-861.1141151669465,21.10942266150477,-243.16179179555815,20.951404402722234,-1476.1560033585602,19.71310786851953,449.03501209374329,15.166036896584318,32.897464026426337,19.125962545326407,-22.39108939270838,17.312301109203028,285.70149633247117,16.464309000439188,-125.6061933438155,16.540814914383554,-515.1287491006872,1155.4590253747034,1124.9880138283332,0.0,0.0,0.0,0.0,0.0,0.0,0.0,0.0,0.0,0.0,0.0,0.0,0.0,0.0,0.0,0.0,0.0,0.0,0.0,0.0,0.0,0.0,1.874400453905726,0.5721613107160336,241.63309334994609,281.17454452265346,8781.334265013473,0.19420202368069329,0.02964011350437932,35.68384032674889,41.47471804242455,1313.1818403754667,3.049667520596323,0.576278820974362,342.9466440075969,399.13010076288938,12440.09999175158,0.4204521945761416,0.07945052807561252,299.72157473969778,349.97509593480967,10270.12491943256,0.0,0.0,10.719196239947309,12.754503820997245,257.4580606769216,0.0,0.0,13.949892439811814,16.33474017385469,450.36060291058586,0.0,0.0,201.60898888228264,237.58621039189269,5902.494248778186,0.0,0.0,25.90501846350525,30.6641609654285,697.8236042721728,0.0,0.0,128.8011293021729,152.40800392879613,3476.49488983233,36.650169728293679,25.13729062297235,352.7715065199351,414.25673735690835,12095.889987894621,0.0,0.0,151.42350983117297,180.74062335961049,3365.7262460861168,1125.0568953855669,21.56623228371101,29.42392064010206,21.5,30.0,459.6058623473225,21.9070558960031,35.396256242870197,21.5,30.0,1921.469099874289,21.532884695511919,28.920397654208796,21.5,30.0,0.0,20.613667417646814,30.64943392238356,16.0,30.0,0.0,15.20653977622238,43.915594013864787,12.0,30.0,0.0,19.573320500673888,40.547096875413647,19.0,30.0,0.0,17.963490371661835,36.89649171035731,10.0,30.0,0.0,16.735818594469195,39.86871870466329,12.0,30.0,917.741882901196,16.79048157515096,39.79282539493167,16.5,30.0,0.0,18.719256595998485,0.0,0.0,0.0,14.247288747121559,0.0,0.0,701.5510277092277,1090.1217548658688,669.0002224511472,672.0910227138793,711.0652029085542,1138.4626560870934,709.8794702787254,711.7229344760001,714.0066853633009,8968.218600037502,82.07497871520485,83.7724472023017,570.0,0.0,570.0,570.0,21.0,16.0,19.0,16.0,12.0,12.0,21.0,10.0,1.0,0.0,1125.0568953855669,459.6058623473225,1921.469099874289,0.0,0.0,0.0,0.0,917.741882901196,2568.9801087987955,1541388.0652792773,1999280.3322057469,82.07497871520485,83.80127585242126,0.3406326702932932,0.7711231015129894,0.36028137401965956,83.80127585242126,0.3542647819438875,1999280.3322057469,0.12714257727469883 
 03/01  20:50:00,3.211666666666667,82.0,2.9299999999999999,0.0,0.0,0.0,0.0,0.0,2.0,0.0,0.0,4.0,0.0,0.0,0.0,1016.0,0.0,0.0,0.0,0.0,0.0,0.0,0.0,0.0,0.0,0.0,0.0,21.042229937599033,-911.5309659280399,20.909738929744994,-170.87048392897038,20.968393460352755,-1531.9134348478236,19.704789675774646,432.13984535918737,15.184496714184333,36.08470240681564,19.079109982716504,-51.980867717048429,17.20554014113455,73.83263535381048,16.14812619283794,-88.3625121612485,16.413448144753497,-528.4779893218408,1158.223780858454,1374.2919161779583,0.0,0.0,0.0,0.0,0.0,0.0,0.0,0.0,0.0,0.0,0.0,0.0,0.0,0.0,0.0,0.0,0.0,0.0,0.0,0.0,0.0,0.0,1.8500591810107284,0.5647311297346547,240.03084169108377,279.26565748441996,8737.856939292076,0.25315090849044016,0.03863719604554947,26.85483644932333,31.253110459978179,976.1735485120564,2.949535268134035,0.5573573824894248,346.7087649980663,403.4689921482455,12586.199946888555,0.4170294518358022,0.07880375129172376,302.9398383607104,353.71291313852978,10382.174377163385,0.0,0.0,10.937708755360309,13.011949779276819,263.75666447529366,0.0,0.0,14.815807552748037,17.34891326411673,477.1350348777679,0.0,0.0,259.66340531260689,306.33784830901876,7480.53518777056,0.0,0.0,26.919676544311206,31.91525852697578,703.5333917122391,0.0,0.0,183.96719282903528,218.08554842896633,4813.826594010462,36.84559770238155,25.27132901397913,354.46848763177845,416.21368210762526,12164.412092147064,0.0,0.0,209.29850065510522,249.61185963231339,4786.757968501237,1167.9065628236218,21.585550318698045,29.255523195501707,21.5,30.0,0.0,21.55745459731549,35.73550947204742,21.0,30.0,1961.336600834581,21.524865575987769,28.929606410491944,21.5,30.0,0.0,20.583966095254124,30.825364919848317,16.0,30.0,0.0,15.224814548060327,44.08999686384881,12.0,30.0,0.0,19.499632892770398,40.91889753540899,19.0,30.0,0.0,17.689474381787109,37.58187483291931,10.0,30.0,0.0,16.27628640713275,41.212021225066909,12.0,30.0,777.150313423486,16.29748383946817,41.22390368143455,16.25,30.0,0.0,18.700715782560868,0.0,0.0,0.0,14.555778052108295,0.0,0.0,693.8593233817999,1056.60827791477,669.3968561901629,679.2152148916091,720.1833840809751,1150.3377002253824,712.1113763813444,718.3763453490778,720.5707333434806,9778.607855167662,81.53903480961604,86.66427137565907,570.0,0.0,570.0,570.0,21.0,16.0,19.0,16.0,12.0,12.0,21.0,10.0,1.0,0.0,1167.9065628236218,0.0,1961.336600834581,0.0,0.0,0.0,0.0,777.150313423486,7756.5767117572709,4653946.027054363,6087910.731876351,81.53903480961604,86.7513149071682,0.3435525570585757,0.7663879924797469,0.36028137401965956,86.7513149071682,0.3542647819438875,6087910.731876351,0.3398146913909036 
 03/01  21:00:00,3.18,82.0,3.05,0.0,0.0,0.0,0.0,0.0,2.0,0.0,0.0,4.0,0.0,0.0,0.0,1016.0,0.0,0.0,0.0,0.0,0.0,0.0,0.0,0.0,0.0,0.0,0.0,21.0586196314485,-918.7064717757894,20.767140612447109,-136.5919812562966,20.983442944371939,-1558.3781863049347,19.71401794144586,455.48472830166795,15.200450769407638,33.364901437327677,19.036974557887647,-37.9705598495392,17.299977954834519,285.48279214516767,15.887441089173255,-132.43745053557343,16.59219068514733,-541.2776057761035,1163.6225664815259,1230.8256327411478,0.0,0.0,0.0,0.0,0.0,0.0,0.0,0.0,0.0,0.0,0.0,0.0,0.0,0.0,0.0,0.0,0.0,0.0,0.0,0.0,0.0,0.0,1.8471886858817966,0.5638549102203286,239.74819898540256,278.910041609622,8741.220772681942,0.2749464570865817,0.04196374497658451,22.749234024632015,26.497975773914587,820.4885525856306,2.901564807250459,0.5482926695484619,348.3301479267702,405.31161282323049,12665.516814767927,0.41600610923814476,0.07861037589534102,301.7156309082031,352.2417320123932,10362.880062712953,0.0,0.0,11.1144456762075,13.219816333246888,268.98420340307839,0.0,0.0,13.871352540952938,16.242841187479287,446.1009533399683,0.0,0.0,216.62873913438356,255.33007614096369,6343.056086424286,0.0,0.0,38.95565795871061,46.23827198271573,991.7537034709035,0.0,0.0,132.08416768362489,156.2760719120738,3591.436385800137,37.07059871702437,25.425650697547586,353.37925552982906,414.9142365890624,12153.06916641915,0.0,0.0,162.95255224540666,194.49133136843026,3648.9626521193088,1167.8165163184488,21.58117265821142,29.206767618067397,21.5,30.0,0.0,21.326925569314829,36.73765420503281,21.0,30.0,1995.0597142871357,21.526569498653826,28.925276740711987,21.5,30.0,0.0,20.59226088158805,30.768863605813963,16.0,30.0,0.0,15.238359428813823,44.0953663241295,12.0,30.0,0.0,19.443765110063916,41.10538949324682,19.0,30.0,0.0,17.908465203765699,37.04910395410023,10.0,30.0,0.0,15.892845551229284,42.32009726146078,12.0,30.0,447.27275211783299,16.811830948978466,39.90624155766171,16.5,30.0,0.0,18.693840027005579,0.0,0.0,0.0,14.265614862117153,0.0,0.0,691.3702768417149,1084.5913539778422,670.1686689224158,677.7129237638335,721.5268566020911,1155.592348955445,711.309698495086,722.045325075526,721.3814689694846,9418.656295847384,81.7770420655454,85.30349990061836,570.0,0.0,570.0,570.0,21.0,16.0,19.0,16.0,12.0,12.0,21.0,10.0,1.0,0.0,1167.8165163184488,0.0,1995.0597142871357,0.0,0.0,0.0,0.0,447.27275211783299,5336.8016168906819,3202080.9701344089,4176213.4926689595,81.7770420655454,85.36339086169449,0.3478933872296894,0.7668405867788328,0.36028137401965956,85.36339086169449,0.3542647819438875,4176213.4926689595,0.24046976828545256 
 03/01  21:10:00,3.1583333333333338,82.00000000000002,3.1166666666666664,0.0,0.0,0.0,0.0,0.0,2.0,0.0,0.0,4.0,0.0,0.0,0.0,1016.0,0.0,0.0,0.0,0.0,0.0,0.0,0.0,0.0,0.0,0.0,0.0,21.07308375349259,-944.7350124756838,20.674109811656949,-121.39503468020952,20.99719824243534,-1579.2013795122708,19.71867303673099,429.42440645860918,15.217014738157733,34.893812967978707,18.999227992419308,-57.43691579655953,17.217668508973256,67.74737783434057,15.694758978875174,-82.72588225667721,16.43948873381159,-540.0136562341802,1168.3144112583073,1423.0983258658319,0.0,0.0,0.0,0.0,0.0,0.0,0.0,0.0,0.0,0.0,0.0,0.0,0.0,0.0,0.0,0.0,0.0,0.0,0.0,0.0,0.0,0.0,1.8440568401390896,0.5628989133513704,241.68204683605496,281.15725157937677,8820.74679534443,0.2840640752895023,0.04335532284638313,22.024890017094579,25.661940607968796,789.757240790932,2.8624883962584,0.5409086160730161,349.04448994656488,406.14144708403418,12703.325946637444,0.4152206878447576,0.07846195915433815,303.6085272543902,354.4621027176568,10434.715039752416,0.0,0.0,11.069973328104345,13.165904410251962,268.74256115728459,0.0,0.0,14.726198279313355,17.24711760574929,472.712705206506,0.0,0.0,264.3196971016513,311.8003787719266,7637.077081967615,0.0,0.0,36.37152812820259,43.2085624641363,910.1064396274655,0.0,0.0,180.1505724722642,213.5247844395029,4737.356717469101,37.23164445708943,25.536107309389189,355.09153126720488,416.92637809934686,12224.590851998037,0.0,0.0,211.6524988415094,252.46625148546748,4826.097687594233,1187.130141664863,21.574978416177595,29.191092334099755,21.5,30.0,0.0,21.18202847719135,37.60302211311701,21.0,30.0,2003.388355790601,21.525101511380386,28.875951720281586,21.5,30.0,0.0,20.58322857727997,30.72294190540859,16.0,30.0,0.0,15.25525333593911,44.07891083334091,12.0,30.0,0.0,19.389445301202174,41.15642289963269,19.0,30.0,0.0,17.680347586931317,37.57907160486067,10.0,30.0,0.0,15.643312013337969,42.983203558170469,12.0,30.0,759.0695007352016,16.30991448831162,41.169857504979848,16.25,30.0,0.0,18.693793085755254,0.0,0.0,0.0,14.465547662101113,0.0,0.0,691.0532226651935,1120.1954285239436,668.277671695273,675.3278552431971,722.6925467632501,1153.5182397550244,711.7650515090318,721.3595124323556,720.0217108818845,9714.257135498134,81.58156447472178,85.03560202401451,570.0,0.0,570.0,570.0,21.0,16.0,19.0,16.0,12.0,12.0,21.0,10.0,1.0,0.0,1187.130141664863,0.0,2003.388355790601,0.0,0.0,0.0,0.0,759.0695007352016,5227.314091555678,3136388.454933407,4095859.625874011,81.58156447472178,85.09426304821925,0.344243803051856,0.7664556995048455,0.36028137401965956,85.09426304821925,0.3542647819438875,4095859.625874011,0.2363547005454486 
 03/01  21:20:00,3.136666666666667,82.0,3.1833333333333337,0.0,0.0,0.0,0.0,0.0,2.0,0.0,0.0,4.0,0.0,0.0,0.0,1016.0,0.0,0.0,0.0,0.0,0.0,0.0,0.0,0.0,0.0,0.0,0.0,21.08216738866971,-950.9791812665801,20.608450639599803,-110.91537671267726,20.995946630384656,-1541.1578933091126,19.728628642715316,440.69825749557097,15.230658444380577,32.59232209711621,18.967216760320694,-41.547381458126839,17.306529725010827,274.1585651855671,15.530282044884228,-118.3468088959882,16.60950344400438,-542.3355139417535,1168.4875369545014,1261.3638692310433,0.0,0.0,0.0,0.0,0.0,0.0,0.0,0.0,0.0,0.0,0.0,0.0,0.0,0.0,0.0,0.0,0.0,0.0,0.0,0.0,0.0,0.0,1.8447681959625669,0.5631160549336285,244.5451037284105,284.4844599003345,8931.132570163672,0.29119449314734316,0.04444360396021721,21.180947061468588,24.68400664200329,757.0930635698572,2.852571392751241,0.5390346547148983,345.6708581847795,402.2443726653037,12582.21452067875,0.41464456164434229,0.07835309176952801,298.15922190130109,348.0899573148736,10264.819670940082,0.0,0.0,11.264507063730886,13.396532948552789,274.2076393797724,0.0,0.0,13.810992898153082,16.176449759359256,442.9480241513163,0.0,0.0,219.10932313571258,258.261390105005,6427.439320500269,0.0,0.0,44.71332046428543,53.15691634028751,1101.7022868886448,0.0,0.0,129.22434814789168,152.88739094642114,3525.184517025864,37.40667098124288,25.656152936380587,350.310678369172,411.3303088169982,12087.09221354375,0.0,0.0,163.54331481613418,195.2610783225017,3643.976088638263,1174.2636891967405,21.568142168360369,29.1705812586805,21.5,30.0,0.0,21.085235598049658,38.18328205173151,21.0,30.0,1960.2714135838529,21.5118118573144,28.88765818687009,21.5,30.0,0.0,20.59112367790145,30.688025916723228,16.0,30.0,0.0,15.267204809561456,43.99396651753702,12.0,30.0,0.0,19.351139684252428,41.190600907478827,19.0,30.0,0.0,17.89161331183194,37.02940245370386,10.0,30.0,0.0,15.42135918089173,43.565395762780109,12.0,30.0,442.07929637468456,16.81380676875346,39.83090578956178,16.5,30.0,0.0,18.672454525977,0.0,0.0,0.0,14.164335082497065,0.0,0.0,690.8942171723242,1147.152672174166,669.1234487378822,675.6414070865895,720.650820248937,1153.685817278602,710.1792623948306,720.7556973401722,719.2922194815235,8861.455586256276,82.1455544222582,82.1455544222582,570.0,0.0,570.0,570.0,21.0,16.0,19.0,16.0,12.0,12.0,21.0,10.0,1.0,0.0,1174.2636891967405,0.0,1960.2714135838529,0.0,0.0,0.0,0.0,442.07929637468456,0.0,0.0,0.0,82.1455544222582,82.1455544222582,0.34,0.7713612327207541,0.36028137401965956,82.1455544222582,0.3542647819438875,0.0,0.02324333333333333 
 03/01  21:30:00,3.115,82.0,3.25,0.0,0.0,0.0,0.0,0.0,2.0,0.0,0.0,4.0,0.0,0.0,0.0,1016.0,0.0,0.0,0.0,0.0,0.0,0.0,0.0,0.0,0.0,0.0,0.0,21.028457506422208,-806.3474972365586,20.569541054677538,-84.67699804908257,20.734614571387817,-1565.7110255395253,19.736120834761807,456.23984250418337,15.245841038714357,34.86982159947111,18.93469967167185,-61.67825297145916,17.24450146755445,46.761307893409597,15.410469930506795,-69.98519649612291,16.43932169306791,-559.6345299107229,1236.8521238788299,1494.37820673952,0.0,0.0,0.0,0.0,0.0,0.0,0.0,0.0,0.0,0.0,0.0,0.0,0.0,0.0,0.0,0.0,0.0,0.0,0.0,0.0,0.0,0.0,1.829682364764633,0.5585111003555047,251.56327083478772,293.0358745356933,9067.847365188738,0.29571295690570606,0.045133235180968577,17.848604315277826,20.797164999953176,638.7668901985474,2.8556882390497826,0.5396236279383567,409.43912549550296,476.40977591953506,14877.99011654621,0.41923148348563,0.07921985704565947,307.7959814194809,359.32753654728148,10609.835399667387,0.0,0.0,11.239017938176321,13.367046639871264,274.42962967904296,0.0,0.0,14.685005174684394,17.2090918785482,470.3766806432342,0.0,0.0,271.65773705752869,320.42072081503809,7886.057330465137,0.0,0.0,41.4234864959254,49.26939334426916,1011.842272406253,0.0,0.0,182.29854864599566,216.06528059241863,4805.667679166573,37.650462988012048,25.823362817566566,399.0019146886867,468.1460757300486,13796.966553717726,0.0,0.0,217.0824031904773,258.9654948932604,4951.398529138249,798.4082832666167,21.419240845413698,29.415394331105217,21.5,30.0,0.0,21.036900268158868,39.12450559606254,21.0,30.0,1797.7693055011937,21.47124319287198,28.87205766194929,21.5,30.0,0.0,20.591164907562729,30.74040922159182,16.0,30.0,0.0,15.284287019166545,43.8917069097441,12.0,30.0,0.0,19.306070647411489,41.00504595625791,19.0,30.0,0.0,17.709589362426724,37.41389175013181,10.0,30.0,0.0,15.288567020497269,43.8759472671246,12.0,30.0,739.4123949008456,16.299019078653989,41.10127845991002,16.25,30.0,0.0,18.953381818202219,0.0,0.0,0.0,14.427328454310758,0.0,0.0,692.1744811440385,1201.714217142357,665.6586260140509,680.2577652658084,719.0086240682161,1140.343568325478,709.7108551325081,719.1762854727997,717.810157222715,8132.423352363957,82.62762633769259,82.62762633769259,570.0,0.0,570.0,570.0,21.0,16.0,19.0,16.0,12.0,12.0,21.0,10.0,1.0,0.0,798.4082832666167,0.0,1797.7693055011937,0.0,0.0,0.0,0.0,739.4123949008456,0.0,0.0,0.0,82.62762633769259,82.62762633769259,0.34,0.7690176493558556,0.36028137401965956,82.62762633769259,0.3542647819438875,0.0,0.023116666666666665 
 03/01  21:40:00,3.0933333333333339,82.0,3.3166666666666666,0.0,0.0,0.0,0.0,0.0,2.0,0.0,0.0,4.0,0.0,0.0,0.0,1270.0,0.0,0.0,0.0,0.0,0.0,0.0,0.0,0.0,0.0,0.0,0.0,21.000051562410357,-338.0435719994874,20.54849094729024,-66.44960922746526,21.015941100506234,-2274.413109505594,19.8515499444396,573.5435244141856,15.25523319391328,30.99425388393545,18.906348355035385,-49.25603044317009,17.270631674318929,299.76005595366009,15.31109384445278,-106.1422237810803,16.66160836728746,-535.9679325917614,1270.4003641618159,1210.0951734208059,0.0,0.0,0.0,0.0,0.0,0.0,0.0,0.0,0.0,0.0,0.0,0.0,0.0,0.0,0.0,0.0,0.0,0.0,0.0,0.0,0.0,0.0,1.85443140410582,0.5660657521690538,173.5270621135886,202.12704150253036,6331.215410723784,0.31982959091065946,0.04881404012677953,17.360041194821574,20.230093654307873,622.3437622313734,2.626776128725745,0.49636737126336868,422.223749714095,491.22246652035417,15589.963384022827,0.4155009332408438,0.07851491557839073,337.4585470192744,393.8993830677846,11759.320917511757,0.0,0.0,11.559428035505715,13.748637895595266,282.89240674772267,0.0,0.0,14.711911135794015,17.242258717135248,470.96434092362798,0.0,0.0,215.6591287220461,254.3056442888618,6317.300519512139,0.0,0.0,45.32601812739041,53.933445909453698,1098.7133404029449,0.0,0.0,122.95960155807727,145.48186079244057,3379.224210119285,37.97388797368912,26.045190654107779,414.9441032454234,487.04847514103769,14423.814887637312,0.0,0.0,157.10377183470866,187.7418069023455,3452.6751433626916,876.6671812789324,21.536294822251713,29.05886746715135,21.6,30.0,0.0,21.012888676082459,39.79732613658276,21.0,30.0,2877.8307260701369,21.79125847723967,28.162124865059178,21.8,30.0,0.0,20.79514155164781,30.140115482654904,16.0,30.0,0.0,15.290801430848188,43.786123523436717,12.000000000000002,30.0,0.0,19.27428732759763,40.9135044478202,19.0,30.0,0.0,17.823768906153938,37.05350586891414,10.0,30.0,0.0,15.172366954048595,44.18488082226553,12.000000000000002,30.0,534.9186352252259,16.87799217402329,39.58883700901487,16.6,30.0,0.0,19.16476246112052,0.0,0.0,0.0,13.951515681443376,0.0,0.0,683.3146879449162,1242.0979644584682,658.1760183698442,669.3135150042242,715.8669576752276,1134.7311953467777,706.124917859815,719.5378756646801,717.8919733318761,10359.698655469794,81.1547883462514,84.03086362390173,570.0,0.0,570.0,570.0,21.0,16.0,19.0,16.0,12.0,12.0,21.0,10.0,1.0,0.0,876.6671812789324,0.0,2877.8307260701369,0.0,0.0,0.0,0.0,534.9186352252259,4352.440292149806,2611464.1752898835,3379520.4876506037,81.1547883462514,84.07970893003089,0.3490813430716602,0.7685594176536058,0.36028137401965956,84.07970893003089,0.35426478194388757,3379520.4876506037,0.1987250653578314 
 03/01  21:50:00,3.0716666666666665,82.0,3.3833333333333339,0.0,0.0,0.0,0.0,0.0,2.0,0.0,0.0,4.0,0.0,0.0,0.0,1016.0,0.0,0.0,0.0,0.0,0.0,0.0,0.0,0.0,0.0,0.0,0.0,21.101406599961274,-722.5761028902116,20.95676946189178,-136.87763519177669,21.046608085704717,-1596.3649707333339,19.87501264576158,428.7647906861007,15.266084531394096,33.624883990914899,18.883205555704899,-49.74453472954801,17.329552731630949,95.36987188845547,15.19986650961827,-79.17950393074182,16.186498640598694,-497.1648052593333,1269.1873670477822,1481.7576639904169,0.0,0.0,0.0,0.0,0.0,0.0,0.0,0.0,0.0,0.0,0.0,0.0,0.0,0.0,0.0,0.0,0.0,0.0,0.0,0.0,0.0,0.0,1.881327866572703,0.5742759055472233,246.9891620651589,287.3745367877054,9048.713889058276,0.2742318751884783,0.041854681805323309,23.50842302430572,27.279662378491705,872.4887112260602,2.8750599917118668,0.5432842010037542,398.00838366213147,463.27006271411758,14546.07565221588,0.4208201135839122,0.07952005169764023,266.9965581611554,311.4596277873311,9336.406319796499,0.0,0.0,11.335325593953355,13.48118601018948,278.1563873893956,0.0,0.0,14.528759010130269,17.02940370419735,465.03031612007569,0.0,0.0,259.2159200602291,305.53293048699745,7616.534847045675,0.0,0.0,45.85467120599629,54.58568525448901,1101.8035162786792,0.0,0.0,166.1386251625338,196.96530109004795,4338.909901413902,38.21092609534222,26.20776824097546,391.2303778814298,459.1010009306149,13654.824617263186,0.0,0.0,203.2189558196188,242.47261173726759,4598.761311879216,998.1066382350498,21.66072926337784,29.03287824837573,21.5,30.0,932.4599272123606,21.67110415274162,38.398349870958018,21.75,30.0,2081.1136877939509,21.56471334000418,28.657103235381304,21.5,30.0,0.0,20.794023127269328,30.224071020740746,16.0,30.0,0.0,15.303034585471237,43.70990459231369,12.0,30.0,0.0,19.248457963135363,40.76221095738781,19.0,30.0,0.0,17.861351509066048,36.991616317399728,10.0,30.0,0.0,15.03671980368577,44.524193579356097,12.0,30.0,79.39997217311165,16.150722043159264,41.405118610768258,16.0,30.0,0.0,19.072200115786047,0.0,0.0,0.0,14.272666387104853,0.0,0.0,697.3174786410516,1256.3032300068399,664.7072169891633,675.0266705367656,715.1236775773849,1125.555526048056,708.4296635955017,718.6556803862118,716.4167701151716,9541.827132913311,81.69565155139424,83.49225619611625,570.0,0.0,570.0,570.0,21.0,16.0,19.0,16.0,12.0,12.0,21.0,10.0,1.0,0.0,998.1066382350498,932.4599272123606,2081.1136877939509,0.0,0.0,0.0,0.0,79.39997217311165,2718.8579674293916,1631314.780457635,2112053.7138956857,81.69565155139424,83.52276850730174,0.3456285989143131,0.7688780533755311,0.36028137401965956,83.52276850730174,0.3542647819438875,2112053.7138956857,0.1328484597892423 
 03/01  22:00:00,3.05,82.0,3.45,0.0,0.0,0.0,0.0,0.0,2.0,0.0,0.0,4.0,0.0,0.0,0.0,1016.0,0.0,0.0,0.0,0.0,0.0,0.0,0.0,0.0,0.0,0.0,0.0,21.099642798056018,-914.4233725642057,20.99783766461106,-201.9219669016825,21.041319922713155,-1488.4763754988549,19.82050599360113,385.4401135064543,15.272416173683553,28.840410309666724,18.875250713975846,-25.27611826130203,17.32472542158584,251.97004504152029,15.125271028318432,-100.38419613081772,16.567916360046838,-500.78888638241497,1184.50231466529,1238.6715207833582,0.0,0.0,0.0,0.0,0.0,0.0,0.0,0.0,0.0,0.0,0.0,0.0,0.0,0.0,0.0,0.0,0.0,0.0,0.0,0.0,0.0,0.0,1.8964801777409886,0.57890115315659,243.33124338028717,283.03340691036535,8936.419021306916,0.237256103233204,0.03621124896721673,30.362317733330685,35.299602652825317,1119.8397155407329,2.8905844803477707,0.5462177778434942,333.68173121619687,388.234607002678,12217.696266411176,0.4176456300215198,0.07892018707889638,280.76031992606979,327.6319625859444,9757.841587932922,0.0,0.0,10.953099444455436,13.023805372206905,269.33672478083016,0.0,0.0,13.820605867159456,16.194505039668095,443.0571199026646,0.0,0.0,210.52290758942977,248.08648695908847,6211.080389761301,0.0,0.0,49.34379275881149,58.75007631580707,1180.2611746624032,0.0,0.0,117.7661687824625,139.3032093156799,3223.693097591761,38.24857419701843,26.233589984237616,340.2246876744391,399.4403495056568,11865.61671143401,0.0,0.0,154.51157857804803,184.61168506694274,3380.9002086438197,1154.3901204597465,21.587620476269998,29.293204046967053,21.5,30.0,0.0,21.70646950368132,36.167694626955299,21.0,30.0,1867.1304049166243,21.525484137688769,28.89337112461108,21.5,30.0,0.0,20.67552094262604,30.66416365968769,16.0,30.0,0.0,15.306734679631456,43.77261951376532,12.0,30.0,0.0,19.2521531889295,41.203521281742627,19.0,30.0,0.0,17.885761401492475,37.03191675451973,10.0,30.0,0.0,14.957689631317037,44.804802359709189,12.0,30.0,893.9999656584203,16.79304029554955,39.8046925726318,16.5,30.0,0.0,18.654071222090026,0.0,0.0,0.0,13.873623493462909,0.0,0.0,705.6409887812222,1117.1198027397064,676.6466743351566,688.8426975598693,719.7132831403362,1152.0655444958234,714.569883191497,722.2965906660993,720.417944338505,8653.404605068488,82.28311064406482,82.28311064406482,570.0,0.0,570.0,570.0,21.0,16.0,19.0,16.0,12.0,12.0,21.0,10.0,1.0,0.0,1154.3901204597465,0.0,1867.1304049166243,0.0,0.0,0.0,0.0,893.9999656584203,0.0,0.0,0.0,82.28311064406482,82.28311064406482,0.34,0.7701342962437603,0.36028137401965956,82.28311064406482,0.3542647819438875,0.0,0.02305333333333333 
 03/01  22:10:00,3.0316666666666665,82.00000000000002,3.503333333333334,0.0,0.0,0.0,0.0,0.0,2.0,0.0,0.0,4.0,0.0,0.0,0.0,2032.0,0.0,0.0,0.0,0.0,0.0,0.0,0.0,0.0,0.0,0.0,0.0,21.08311912286571,-809.8824399989155,20.833224665160118,-136.90151546182313,20.962269602044587,-1463.9682544238656,19.81546106124307,480.97107864294869,15.277553301037475,30.04852190330866,18.859406272532018,-32.041698400202239,17.38858472186026,110.55327122341294,15.025765908645433,-124.85833112887232,17.73329385590275,-502.7935060682302,1183.739744757135,1282.2523182016128,0.0,0.0,0.0,0.0,0.0,0.0,0.0,0.0,0.0,0.0,0.0,0.0,0.0,0.0,0.0,0.0,0.0,0.0,0.0,0.0,0.0,0.0,1.8531711118233177,0.5656810475651154,158.32196943997389,184.42066093828275,5814.838849785345,0.28093399884071787,0.042877594450659018,21.64984389166256,25.213199341599208,792.2381536129326,2.8744754525721176,0.5431737438722823,297.4665666662629,346.23278397647649,10932.075076915182,0.42611328821311508,0.08052027366083049,300.4093354428468,350.75467272586527,10440.637144761258,0.0,0.0,11.847162053395247,14.091507998494678,291.805754137394,0.0,0.0,13.000032048786578,15.243955704687059,416.7308472162585,0.0,0.0,192.39970732459188,226.8286811024152,5704.307394750816,0.0,0.0,56.474750716346047,67.28627200833017,1338.5340356837685,0.0,0.0,127.78808177398703,150.32112662901134,3913.250493302412,38.462453223370548,26.380283417949629,304.66261007310836,358.16836530360157,10629.240946091859,0.0,0.0,140.5780380031714,168.0508662197456,3089.787824479317,1071.9887013507742,21.5772643563283,29.20345306196484,21.625,30.0,0.0,21.437120005574305,36.876457545493838,21.0,30.0,1967.961755628804,21.52257699371968,28.79826828931119,21.5,30.0,0.0,20.668213414487913,30.543028497539209,16.0,30.0,0.0,15.310681536188478,43.76325885390428,12.0,30.0,0.0,19.235362802380008,39.98545473081848,19.0,30.0,0.0,17.96782625106793,36.84113057945463,10.0,30.0,0.0,14.83101133332903,45.22031292232085,12.0,30.0,2982.8621096953268,18.326632052894234,36.2044464475545,20.0,30.0,0.0,18.59491233192078,0.0,0.0,0.0,13.814434534642193,0.0,0.0,700.1233370183188,1116.9294331709216,671.8184469060584,682.574324880172,720.8370156246941,1130.624765723291,715.8028339872579,725.8395338485186,721.7380561814262,10327.566101439828,81.17599880303115,85.64769587691672,570.0,0.0,570.0,570.0,21.0,16.0,19.0,19.0,12.0,12.0,21.0,10.0,1.0,0.0,1071.9887013507742,0.0,1967.961755628804,0.0,0.0,0.0,0.0,2982.8621096953268,6767.17651227621,4060305.9073657265,5291856.218941748,81.17599880303115,85.7236401382468,0.353072550409207,0.766189874543977,0.36028137401965956,85.7236401382468,0.3542647819438875,5291856.218941748,0.2982615233849709 
 03/01  22:20:00,3.0133333333333338,82.0,3.5566666666666668,0.0,0.0,0.0,0.0,0.0,2.0,0.0,0.0,4.0,0.0,0.0,0.0,1016.0,0.0,0.0,0.0,0.0,0.0,0.0,0.0,0.0,0.0,0.0,0.0,21.07044770764835,-774.7430466318228,20.71750745386795,-140.12189980626079,20.996520355162354,-1433.7207337265693,19.83365799940269,377.5124328910606,15.283876750646212,30.821125443947666,18.832283242522519,-51.32014510934681,16.991566494962329,-76.15785684902972,14.959457607339316,-15.818236613675822,18.584402458225627,-1133.0292207905205,1103.5771305541276,1941.5072590100279,0.0,0.0,0.0,0.0,0.0,0.0,0.0,0.0,0.0,0.0,0.0,0.0,0.0,0.0,0.0,0.0,0.0,0.0,0.0,0.0,0.0,0.0,1.8481393132402598,0.5641450895116789,137.7164830843348,160.46749032303934,5027.305737965185,0.2778632174284284,0.04240891596892986,22.210269780795433,25.852731935335816,804.9051264760096,2.8286851085971937,0.5345209955777013,250.53361679234858,291.5416494974967,9206.639280161238,0.4104290991422462,0.07755651911229139,256.26028295393936,299.07417715169756,8925.37124727363,0.0,0.0,12.712218203719449,15.112957583701018,313.74210503583898,0.0,0.0,15.493269305290243,18.160628086741938,496.1334185565636,0.0,0.0,260.9706969978545,308.2347614672899,7332.5310009493009,0.0,0.0,59.84005894030162,71.28630239514595,1413.916600435512,0.0,0.0,234.04006690679348,274.01381120601499,7693.629095203611,38.45400477700872,26.37448887311984,251.86513522392495,296.27273933327816,8843.832120025185,0.0,0.0,223.19221977047943,265.24128084849209,5509.802194489985,1093.4692928524833,21.49864617432262,29.40750582784301,21.5,30.0,0.0,21.247014931059007,37.7967034859882,21.0,30.0,2042.3203282820824,21.47977109829423,28.649931282982945,21.5,30.0,0.0,20.67631890907586,30.397901274145356,16.0,30.0,0.0,15.31756697974192,43.709894306509728,12.0,30.0,0.0,19.199412584271088,38.13745098802848,19.0,30.0,0.0,17.204367450031798,38.71831447914988,10.0,30.0,0.0,14.77378088260519,45.383817587231089,12.0,30.0,1799.3212822715919,19.744065133686438,33.03622499654385,19.5,30.0,0.0,18.218974169485017,0.0,0.0,0.0,15.020863455441824,0.0,0.0,704.9390475149462,1149.4563007666025,659.5775502815423,676.4467483465653,720.5188170257906,1085.7213826052299,719.6530711219233,727.1629690956086,721.9756415084894,9269.518355152519,81.87565996887011,83.71967832739353,570.0,0.0,570.0,570.0,21.0,16.0,19.0,19.0,12.0,12.0,21.0,10.0,1.0,0.0,1093.4692928524833,0.0,2042.3203282820824,0.0,0.0,0.0,0.0,1799.3212822715919,2790.533729897715,1674320.237938629,2169483.995625686,81.87565996887011,83.75099588084209,0.3480177909965905,0.7697081308842232,0.36028137401965956,83.75099588084209,0.3542647819438875,2169483.995625686,0.1357081677725357 
 03/01  22:30:00,2.995,82.0,3.6100000000000005,0.0,0.0,0.0,0.0,0.0,2.0,0.0,0.0,4.0,0.0,0.0,0.0,508.0,0.0,0.0,0.0,0.0,0.0,0.0,0.0,0.0,0.0,0.0,0.0,20.533918230338747,-433.8042098050305,20.623742015549156,-137.19848446687849,20.743755332164385,-1682.9748733602128,19.82337042025456,373.4694006717518,15.291140121038265,30.62804691489663,18.788388081455353,-56.87380032332885,16.737118201662079,-55.71018775637731,15.05608596513758,34.087999855435217,18.83567470814073,-1714.76652695965,1237.6966172963303,2291.1812462190675,0.0,0.0,0.0,0.0,0.0,0.0,0.0,0.0,0.0,0.0,0.0,0.0,0.0,0.0,0.0,0.0,0.0,0.0,0.0,0.0,0.0,0.0,1.8933743972935109,0.5779531127269569,216.379627097931,252.13233070916366,7638.246717690269,0.2686082762193284,0.040996379154354157,25.14951709591201,29.222904597288996,903.3903301957503,2.59468404779169,0.49030310804831658,360.7608770340932,419.9416517082842,12939.347398255897,0.39154829602903748,0.07398871807049082,260.38225161936489,303.76241772762389,9059.589351782251,0.0,0.0,12.584932283470256,14.949033014736909,311.30099061817989,0.0,0.0,16.75263564879316,19.626955557009127,535.1273415572993,0.0,0.0,310.88240205276977,367.35636110088509,8557.055484842658,0.0,0.0,57.80318877836767,68.73502590553929,1393.3497326107295,0.0,0.0,288.910630758199,337.60576480933499,9704.646512795469,38.562322033708898,26.448780544381969,353.486391886467,414.6792395091273,12316.620347499254,0.0,0.0,279.4207343196264,331.28793023602307,7169.3594553784209,214.21472883321455,20.75999674446023,30.558115779044713,21.0,30.0,0.0,21.099599406128044,38.019942457190939,21.0,30.0,1545.0397668180738,21.165889429305165,29.121251927384337,21.0,30.0,0.0,20.657078536065986,30.321334936887284,16.0,30.0,0.0,15.327103131677927,43.66134171513072,12.0,30.0,0.0,19.135587565944819,36.91966828906354,19.0,30.0,0.0,16.792529568413895,39.67437838597857,10.0,30.0,0.0,15.000054333315937,44.65414493554425,12.0,30.0,2596.3275984541098,20.022901715821577,32.49355179634061,20.0,30.0,0.0,18.844582502902506,0.0,0.0,0.0,15.78212671826148,0.0,0.0,694.9458607420343,1150.1254788916727,656.7142381572624,671.1957162000956,720.9702235242627,1041.246089506752,719.1603571429823,726.1737470268704,726.370866217488,8587.279248397963,82.32659648845878,85.83690032398994,570.0,0.0,570.0,570.0,21.0,16.0,19.0,19.0,12.0,12.0,21.0,10.0,1.0,0.0,214.21472883321455,0.0,1545.0397668180738,0.0,0.0,0.0,0.0,2596.3275984541098,5312.380444742833,3187428.2668457,4149414.9059784279,82.32659648845878,85.89651693652624,0.34707934815809446,0.7691456375245709,0.36028137401965956,85.89651693652624,0.3542647819438875,4149414.9059784279,0.23847457511087823 
 03/01  22:40:00,2.9766666666666667,82.0,3.663333333333333,0.0,0.0,0.0,0.0,0.0,2.0,0.0,0.0,0.0,0.0,0.0,0.0,2032.0,0.0,0.0,0.0,0.0,0.0,0.0,0.0,0.0,0.0,0.0,0.0,20.234316905501087,-272.72245825784787,20.241469757932877,-541.5742038385961,20.170978013976244,-398.4703029998535,19.640678590509446,-33.28020529347173,15.292230443006705,26.686760253270813,18.65711777345146,-67.95669029252615,16.67673811428616,35.41177379084172,15.108796462908355,24.029928917765177,18.0497736649344,-935.8440994150604,912.943703149714,1731.6323810471286,0.0,0.0,0.0,0.0,0.0,0.0,0.0,0.0,0.0,0.0,0.0,0.0,0.0,0.0,0.0,0.0,0.0,0.0,0.0,0.0,0.0,0.0,1.7745877126464547,0.5416934409787713,223.08195208263997,260.93140498126078,7720.64189426998,0.31901496780496227,0.04868970815094052,127.15515552134494,148.6795493484663,4410.482859629629,2.592548681916899,0.48989959975753968,144.23473686859092,168.76002963955728,5052.886419550339,0.34991710259658778,0.0661219014732781,89.94054465943904,105.27507153269815,3098.1313960735917,0.0,0.0,12.41494292599863,14.76630641511234,307.43981819379266,0.0,0.0,15.230548378765194,17.885462203179473,482.87697950776649,0.0,0.0,269.40396432366239,318.8766091511133,7417.583015439325,0.0,0.0,49.84541543406982,59.331684458123969,1214.8907087515154,0.0,0.0,239.24069192708985,281.31041187217076,7462.666764598246,38.034806021876807,26.086972580162418,220.41454749880806,259.7618652544213,7834.4304886916,0.0,0.0,231.47032497749076,275.4467026603026,5709.194550459034,0.0,20.30736819612701,32.858996720696179,22.0,30.0,0.0,20.456557312881889,32.132226020212218,12.0,30.0,0.0,20.34780585019639,32.05706353866509,22.0,30.0,0.0,20.30022838487375,31.861983537365786,12.0,30.0,0.0,15.326064216688382,43.77236546667972,12.0,30.0,0.0,18.988401307874157,36.776445280756977,12.0,30.0,0.0,16.778004651974425,40.3185360535815,10.0,30.0,0.0,15.123133955738535,44.408674844708979,12.0,30.0,0.0,18.643288589631724,35.79634780889104,19.625,30.0,0.0,17.40786851836036,0.0,0.0,0.0,15.175861016627508,0.0,0.0,775.4333462131531,752.5882765627072,735.1797096208965,718.5214054890945,726.9442766341108,1029.8509866498662,748.9903539839213,733.5621990075759,747.1084125368429,0.0,79.9586424163404,79.9586424163404,60.0,0.0,60.0,60.0,12.0,12.0,12.0,19.0,12.0,12.0,21.0,10.0,0.0,0.0,0.0,0.0,0.0,0.0,0.0,0.0,0.0,0.0,0.0,0.0,0.0,79.9586424163404,79.9586424163404,0.0,0.0,0.0,79.9586424163404,0.0,0.0,0.00237 
 03/01  22:50:00,2.9583333333333337,82.0,3.716666666666667,0.0,0.0,0.0,0.0,0.0,2.0,0.0,0.0,0.0,0.0,0.0,0.0,1778.0,0.0,0.0,0.0,0.0,0.0,0.0,0.0,0.0,0.0,0.0,0.0,19.81828150883618,-154.10763924186643,19.818779902763667,-426.5284755196923,19.736988265253069,-356.8512417868599,19.280641992126989,-135.1672595000584,15.283664780721925,15.937674520329959,18.518136102957475,-55.862544458313028,16.564457378568613,-60.47350231123356,15.052740854279407,-70.56104393260361,17.358593913043199,-334.0268684750019,672.8445714023548,1225.745041779908,0.0,0.0,0.0,0.0,0.0,0.0,0.0,0.0,0.0,0.0,0.0,0.0,0.0,0.0,0.0,0.0,0.0,0.0,0.0,0.0,0.0,0.0,1.7156531419868042,0.523703645295118,138.66497731882218,162.45141372876618,4623.55363921287,0.319694084545764,0.04879335844715576,76.7208065917348,89.86046568445151,2554.988388383585,2.3823669417754198,0.45018271764463799,101.61840010726407,118.99185635683742,3417.9077566487787,0.32676526909565836,0.06174702741792493,63.014338071500478,73.7917932116404,2079.343399077864,0.0,0.0,11.278208926204537,13.413149703028879,279.32273590982899,0.0,0.0,12.66692577231115,14.882374208035657,397.29672843692989,0.0,0.0,201.72057798088378,238.86630113033847,5492.8091853504879,0.0,0.0,43.77463914909522,52.109297242095269,1061.3540743378258,0.0,0.0,169.63120401226247,200.2076316116785,4927.817982066794,37.53200003253902,25.74211250517084,120.05583374186702,141.9537585656969,4363.149392327374,0.0,0.0,161.4058151728322,192.8352008800661,3608.4068309103179,0.0,19.666862937709437,32.531005585172689,22.000000000000037,30.000000000000044,0.0,19.782306298569514,31.694737723510259,12.000000000000018,30.000000000000044,0.0,19.687616109609047,32.292996354874919,22.000000000000037,30.000000000000044,0.0,19.665912991396234,32.66958542817531,12.000000000000018,30.000000000000044,0.0,15.30902941209849,43.98224286446429,12.000000000000018,30.000000000000044,0.0,18.79253549708294,36.58826656670067,12.000000000000018,30.000000000000044,0.0,16.59363960654502,40.400840996487278,10.000000000000015,30.000000000000044,0.0,15.035567754529062,44.97537735543121,12.000000000000018,30.000000000000044,0.0,17.540901123528856,38.231683651208758,20.00000000000003,30.000000000000044,0.0,16.75483700613473,0.0,0.0,0.0,13.996534315911518,0.0,0.0,692.2918607453584,661.3055419326893,681.7862351690815,697.7317714672038,736.208990254439,1025.194713234153,735.6548063839391,750.2639587155387,744.1140849919685,0.0,79.95864241634053,79.95864241634053,60.000000000000088,0.0,60.000000000000088,60.000000000000088,12.0,12.0,12.0,19.0,12.0,12.0,21.0,10.0,0.0,0.0,0.0,0.0,0.0,0.0,0.0,0.0,0.0,0.0,0.0,0.0,0.0,79.95864241634053,79.95864241634053,0.0,0.0,0.0,79.95864241634053,0.0,0.0,0.002346666666666666 
 03/01  23:00:00,2.94,82.0,3.77,0.0,0.0,0.0,0.0,0.0,2.0,0.0,0.0,0.0,0.0,0.0,0.0,1016.0,0.0,0.0,0.0,0.0,0.0,0.0,0.0,0.0,0.0,0.0,0.0,19.45070754615449,-241.30700630372338,19.475759802190589,-400.02849713997588,19.390789164887154,-283.5396930387417,18.98354181115787,-96.31342272828408,15.265810832754712,9.566595498973883,18.407603837724716,-48.09472879317863,16.418220843882417,-79.62928101474268,14.932100123283427,-101.74172327846356,17.020972635706927,-198.07726258810727,580.5723674213937,1038.5049376959842,0.0,0.0,0.0,0.0,0.0,0.0,0.0,0.0,0.0,0.0,0.0,0.0,0.0,0.0,0.0,0.0,0.0,0.0,0.0,0.0,0.0,0.0,1.6772216042980726,0.5119724066843934,173.60873115592325,203.6381165516788,5595.375655983926,0.3122101101493239,0.04765111571265628,96.72389784073009,113.43688423483373,3114.1029872546776,2.1901454285603898,0.4138596803780027,76.33970835800544,89.46858406003676,2510.608851640982,0.3142632653183031,0.05938459284170503,46.638582825132719,54.667145719641357,1502.029702761322,0.0,0.0,10.424275467052717,12.392642466698219,257.9312647591991,0.0,0.0,12.233025338169986,14.372322660951133,380.7612755421747,0.0,0.0,173.19019735314914,205.14081026925508,4644.185747058716,0.0,0.0,41.16111984348025,49.0054485803614,983.8798695054976,0.0,0.0,142.54908573829534,168.43715774930295,4010.858872671047,37.22149151388404,25.529143699508955,129.7545769511358,153.33089217966762,4605.511573789963,0.0,0.0,134.80125988176978,161.287184873038,2862.108999695266,0.0,19.108200647452994,32.63413347730035,22.0,30.0,0.0,19.257171739610994,31.90622304938454,12.0,30.0,0.0,19.200737069183835,32.39731942089628,22.0,30.0,0.0,19.18458370284255,32.74463066365867,12.0,30.0,0.0,15.277932221819255,43.983745258460718,12.0,30.0,0.0,18.647377592956809,36.362048419970488,12.0,30.0,0.0,16.36055772941605,40.39362842014268,10.0,30.0,0.0,14.839090698640524,45.482246530845447,12.0,30.0,0.0,17.055158192592967,38.98289155978971,20.0,30.0,0.0,16.49254704329632,0.0,0.0,0.0,13.435193819060132,0.0,0.0,643.0501989018683,621.293595322971,640.6409867256364,655.016411226457,735.749367887401,1024.2419138732008,712.9639654818924,751.6551336777548,726.8003143427361,0.0,79.9586424163404,79.9586424163404,60.0,0.0,60.0,60.0,12.0,12.0,12.0,19.0,12.0,12.0,21.0,10.0,0.0,0.0,0.0,0.0,0.0,0.0,0.0,0.0,0.0,0.0,0.0,0.0,0.0,79.9586424163404,79.9586424163404,0.0,0.0,0.0,79.9586424163404,0.0,0.0,0.0023233333333333337 
 03/01  23:10:00,2.9266666666666669,82.33333333333334,3.84,0.0,0.0,0.0,0.0,0.0,2.0,0.0,0.0,0.0,0.0,0.0,0.0,508.0,0.0,0.0,0.0,0.0,0.0,0.0,0.0,0.0,0.0,0.0,0.0,19.06505410733683,-366.9180010681507,19.2309703673962,-232.89707064045,19.11537083004596,-159.24234099147146,18.699665141859414,-264.8815098480921,15.245235931820222,6.757747645763629,18.311411663903344,-47.760252003820628,16.298239336364938,-59.944907665073518,14.81426763980571,-107.61407480697574,16.80173527005536,-150.78886477566358,701.8479931989787,966.0048537920645,0.0,0.0,0.0,0.0,0.0,0.0,0.0,0.0,0.0,0.0,0.0,0.0,0.0,0.0,0.0,0.0,0.0,0.0,0.0,0.0,0.0,0.0,1.649491360879997,0.5035077414163605,193.03967937576929,226.76230347878079,5995.206790761844,0.31029647935038598,0.04735904751990018,85.6296436909114,100.47940843351063,2718.3370828861845,2.145409071186956,0.40540609810789049,130.7138451900365,153.22794697081634,4185.709782698793,0.3050093048519785,0.057635923063487987,65.37567297762544,76.67492485351085,2025.26311682714,0.0,0.0,10.125419903227844,12.025296042430658,250.1791921803038,0.0,0.0,12.135909779341901,14.249709421486543,375.2830966859814,0.0,0.0,162.74306464387173,192.67662784648577,4314.165772540384,0.0,0.0,40.26848684381224,47.92059421657016,949.4652112054441,0.0,0.0,132.12881659363155,156.11617752630947,3647.35048917293,37.10778139068138,25.451153217202604,188.86487350875448,222.85153164568608,6330.862039933621,0.0,0.0,124.44408866900736,148.88563553552417,2574.9935067874969,0.0,18.517609704051578,33.31139262913048,22.0,30.0,0.0,18.92905142727939,32.24764251693674,12.0,30.0,0.0,18.83946396287969,32.75488380118692,22.0,30.0,0.0,18.72000956688337,32.928142611716037,12.0,30.0,0.0,15.245419325670128,43.80265150836897,12.0,30.0,0.0,18.525066383008356,36.06198768977356,12.0,30.0,0.0,16.18819777341305,40.4617783163108,10.0,30.0,0.0,14.657000877604557,45.74841022746233,12.0,30.0,0.0,16.763426209584869,39.31278026185443,20.0,30.0,0.0,16.85200401116514,0.0,0.0,0.0,13.14924473682218,0.0,0.0,617.5031245723949,607.1766194169595,623.3431203724017,619.1872073724858,727.9540063956132,1016.5837742967401,699.2526492083105,744.8107247199025,711.3937583319132,0.0,79.9586424163404,79.9586424163404,60.0,0.0,60.0,60.0,12.0,12.0,12.0,19.0,12.0,12.0,21.0,10.0,0.0,0.0,0.0,0.0,0.0,0.0,0.0,0.0,0.0,0.0,0.0,0.0,0.0,79.9586424163404,79.9586424163404,0.0,0.0,0.0,79.9586424163404,0.0,0.0,0.0023 
 03/01  23:20:00,2.9133333333333337,82.66666666666667,3.91,0.0,0.0,0.0,0.0,0.0,2.0,0.0,0.0,0.0,0.0,0.0,0.0,1016.0,0.0,0.0,0.0,0.0,0.0,0.0,0.0,0.0,0.0,0.0,0.0,18.924676341774764,20.406423395577009,19.025125523903627,-503.93325088238887,18.87858425710582,-351.54038054856218,18.512374814327907,7.952280900785013,15.226386442486217,2.544847781228526,18.237687688374558,-43.254736611011058,16.16312040172442,-138.40214107862745,14.722722102712615,-120.61184400016799,16.654638166971318,-157.40890918632852,623.0443590910347,914.0925008739963,0.0,0.0,0.0,0.0,0.0,0.0,0.0,0.0,0.0,0.0,0.0,0.0,0.0,0.0,0.0,0.0,0.0,0.0,0.0,0.0,0.0,0.0,1.5942798255330959,0.48665440339838098,207.80000598617708,244.5708593624999,6436.8391987179279,0.2870333175556049,0.0438085039004281,146.33482623287029,172.05293706208659,4568.222720042232,1.9625618671847898,0.3708544722571411,101.80315608035879,119.83821603643136,3208.9720255427357,0.3027938053447485,0.05721727236295321,56.31677439833969,66.26307205012646,1745.7707232663905,0.0,0.0,9.261275931927056,11.009325831874273,228.55329495841674,0.0,0.0,12.473209951724638,14.663329102056047,384.07548398074098,0.0,0.0,153.47663828063197,181.98223126395866,4011.0089873419049,0.0,0.0,38.99291530742175,46.46477030144466,910.7275440768892,0.0,0.0,126.06035096602409,149.1538281792003,3440.7077542126546,36.785565615203008,25.230154742937598,200.08551212003435,236.78698993395066,6578.2119376392179,0.0,0.0,119.465636792282,143.1517124529051,2424.084889577214,0.0,18.460397162067353,33.23493520679608,22.0,30.0,0.0,18.639060139443065,32.51913997934183,12.0,30.0,0.0,18.52041092805237,32.91115404440299,22.0,30.0,0.0,18.48646216033398,33.17634625305858,12.0,30.0,0.0,15.219461308803787,43.58616421262677,12.0,30.0,0.0,18.44530764598649,35.768515865744,12.0,30.0,0.0,15.982957623786094,40.42739663426129,10.0,30.0,0.0,14.530874092895854,45.685121333894119,12.0,30.0,0.0,16.59194021850066,39.25687846457997,20.0,30.0,0.0,16.614091272373768,0.0,0.0,0.0,12.934311472693342,0.0,0.0,609.3492827117547,591.9701840705891,599.7487074540709,608.8731799132071,718.9154474275458,1003.7089740089267,679.2794011467516,732.1011958364962,693.7584662507021,0.0,79.9586424163404,79.9586424163404,60.0,0.0,60.0,60.0,12.0,12.0,12.0,19.0,12.0,12.0,21.0,10.0,0.0,0.0,0.0,0.0,0.0,0.0,0.0,0.0,0.0,0.0,0.0,0.0,0.0,79.9586424163404,79.9586424163404,0.0,0.0,0.0,79.9586424163404,0.0,0.0,0.0023 
 03/01  23:30:00,2.9,83.0,3.9800000000000006,0.0,0.0,0.0,0.0,0.0,2.0,0.0,0.0,0.0,0.0,0.0,0.0,762.0,0.0,0.0,0.0,0.0,0.0,0.0,0.0,0.0,0.0,0.0,0.0,18.785211533968483,-211.60355328795647,18.812148413174485,-422.1742923209267,18.71905215835227,-315.49604183401388,18.4535574608337,-10.59760046324647,15.204358546789383,1.1283151128064138,18.1604887156446,-47.08759128905706,16.036142264840846,-122.79085809358392,14.630945828601917,-119.2291911838887,16.50849381316801,-152.85257912775064,556.5264185743633,906.5897050843253,0.0,0.0,0.0,0.0,0.0,0.0,0.0,0.0,0.0,0.0,0.0,0.0,0.0,0.0,0.0,0.0,0.0,0.0,0.0,0.0,0.0,0.0,1.5990890533893714,0.48812242166952715,230.55910187807712,271.00918285818218,7073.593118941814,0.29510698375345925,0.04504074843612014,133.803499202324,157.29870483364744,4101.610117594725,1.8054249492576445,0.3411611771083984,76.46945330881985,89.82615670396602,2375.475949591906,0.29578173313054387,0.05589223982058648,11.906982941369157,13.978242891932919,375.41272652876838,0.0,0.0,9.222607199766255,10.961193789701924,227.31579126369076,0.0,0.0,12.55867979474489,14.762560935805974,384.89406522758466,0.0,0.0,153.83621644754869,182.46883519884978,3971.7231198265319,0.0,0.0,38.329492019012999,45.677341222841487,887.0665872576244,0.0,0.0,125.72986852604564,148.80953777266348,3392.253942573994,36.782013869207307,25.227718703160016,168.19926987398856,198.85269258096708,5553.797570295719,0.0,0.0,119.25545232744281,142.9200212787727,2392.4900400999856,0.0,18.282091412228856,33.272696957089639,21.999999999999994,29.99999999999999,0.0,18.37544006448012,32.62972790980098,11.999999999999995,29.99999999999999,0.0,18.368801421174515,32.88582161448006,21.999999999999994,29.99999999999999,0.0,18.441281533621888,33.32422264073524,11.999999999999995,29.99999999999999,0.0,15.190327189831323,43.24489043658046,11.999999999999995,29.99999999999999,0.0,18.355722526819887,35.45311642797956,11.999999999999995,29.99999999999999,0.0,15.80129541127542,40.470558348875389,9.999999999999997,29.99999999999999,0.0,14.40721652035725,45.50306997954696,11.999999999999995,29.99999999999999,0.0,16.412522463526444,39.26108185562264,19.999999999999994,29.99999999999999,0.0,16.28823525983674,0.0,0.0,0.0,12.80342090813948,0.0,0.0,593.9343526283913,571.5359387092126,584.33413958077,612.3626300645742,705.2600369863878,987.3271745559052,664.2230696676354,715.7023971918659,677.6730193886151,0.0,79.95864241634037,79.95864241634037,59.99999999999998,0.0,59.99999999999998,59.99999999999998,12.0,12.0,12.0,19.0,12.0,12.0,21.0,10.0,0.0,0.0,0.0,0.0,0.0,0.0,0.0,0.0,0.0,0.0,0.0,0.0,0.0,79.95864241634037,79.95864241634037,0.0,0.0,0.0,79.95864241634037,0.0,0.0,0.0023000000000000006 
 03/01  23:40:00,2.8866666666666669,83.33333333333334,4.050000000000001,0.0,0.0,0.0,0.0,0.0,2.0,0.0,0.0,0.0,0.0,0.0,0.0,762.0,0.0,0.0,0.0,0.0,0.0,0.0,0.0,0.0,0.0,0.0,0.0,18.60317483178853,-222.87338276339887,18.609511701163759,-298.8679414545213,18.43544639701812,-255.41238882822283,18.298509850881197,-184.92649691251286,15.181036346359978,-1.8043349821189175,18.088522290305354,-50.22643680494359,15.867751949282927,-169.9010034898766,14.552763202822789,-118.7155200705217,16.369773398025118,-184.10319413570319,740.5915508723649,909.6117693962726,0.0,0.0,0.0,0.0,0.0,0.0,0.0,0.0,0.0,0.0,0.0,0.0,0.0,0.0,0.0,0.0,0.0,0.0,0.0,0.0,0.0,0.0,1.576104888325352,0.4811064982678122,370.6151724579575,436.3251242831992,11207.445493914052,0.27920960660463259,0.042614408822440889,190.23613092035283,223.97608595381088,5746.775835074624,1.7263772690399409,0.32622397374148567,309.6595963784293,364.9005689945889,9298.91676206818,0.28913832078655579,0.05463687089693042,159.14336716260588,187.40170340238198,4847.384389844203,0.0,0.0,8.730802839521126,10.375913525617973,214.90577521228404,0.0,0.0,13.104399786882507,15.408122855783518,399.9625805133781,0.0,0.0,156.57679598998517,185.8647592057124,3967.2836085669048,0.0,0.0,36.62989410976031,43.66431559250225,841.7668683387697,0.0,0.0,129.4760848690568,153.3191140887679,3453.029815470337,36.632298147275168,25.125033022822494,467.9130132272856,553.167559533267,14141.544610742381,0.0,0.0,123.5567133572579,148.11832523276329,2454.9704929672609,0.0,18.05061326001256,33.61215917557762,22.000000000000008,30.00000000000001,0.0,18.121342409245434,32.78646364020504,12.000000000000006,30.00000000000001,0.0,17.96597326065149,33.38870989148104,22.000000000000008,30.00000000000001,0.0,18.20155370683028,33.16015383218893,12.000000000000006,30.00000000000001,0.0,15.160957135281631,42.84947853999408,12.000000000000006,30.00000000000001,0.0,18.275979425699114,35.11357786523567,12.000000000000006,30.00000000000001,0.0,15.539316599843258,40.54787610145773,10.000000000000004,30.00000000000001,0.0,14.310704210165835,45.00713145005211,12.000000000000006,30.00000000000001,0.0,16.2383084973957,39.08181289146059,20.000000000000008,30.00000000000001,0.0,16.902513468339906,0.0,0.0,0.0,12.690189852924503,0.0,0.0,587.7270598883464,553.9543009615832,567.9399830264583,580.8093897107425,689.6955637192452,965.3003662853435,644.0467629255014,691.8844030203641,656.7915334537772,0.0,79.95864241634044,79.95864241634044,60.00000000000002,0.0,60.00000000000002,60.00000000000002,12.0,12.0,12.0,19.0,12.0,12.0,21.0,10.0,0.0,0.0,0.0,0.0,0.0,0.0,0.0,0.0,0.0,0.0,0.0,0.0,0.0,79.95864241634044,79.95864241634044,0.0,0.0,0.0,79.95864241634044,0.0,0.0,0.0023000000000000006 
 03/01  23:50:00,2.873333333333333,83.66666666666666,4.12,0.0,0.0,0.0,0.0,0.0,2.0,0.0,0.0,0.0,0.0,0.0,0.0,508.0,0.0,0.0,0.0,0.0,0.0,0.0,0.0,0.0,0.0,0.0,0.0,18.50841853934635,-121.241865639146,18.540246498766714,-266.7641386418079,18.347139394521638,-313.9432178245811,18.11286851621952,-133.28430996278713,15.156587303304283,-2.1624802026773866,18.01277164389847,-53.47769460038958,15.761596934666779,-129.4243573428571,14.483808621646445,-113.68445556921466,16.236775517655379,-171.80768681219775,669.1525638433564,925.8963224215838,0.0,0.0,0.0,0.0,0.0,0.0,0.0,0.0,0.0,0.0,0.0,0.0,0.0,0.0,0.0,0.0,0.0,0.0,0.0,0.0,0.0,0.0,1.5450245179189049,0.47161920571395146,166.78167151577726,196.1249895397104,5052.533580209071,0.28720185771154418,0.0438342273674518,92.07637357132484,108.2536575989522,2785.4352136332529,1.6980312201107355,0.3208675774963598,219.92413986963113,258.7913458716101,6614.771412152019,0.29285905836876138,0.0553399581195694,150.22098590633773,176.76869863030653,4496.985616615511,0.0,0.0,9.004307746999274,10.695645274039777,221.3694763435127,0.0,0.0,13.028419777643052,15.313137711943018,395.83432497869287,0.0,0.0,161.62194351967646,191.81787281404795,4060.6069679796617,0.0,0.0,36.18115854440855,43.11290499345714,826.9316318770175,0.0,0.0,132.28805210099399,156.63975530002279,3490.7739319714507,36.7144667080872,25.18139006041647,254.93026157202986,301.2880884233941,7982.21343721751,0.0,0.0,125.71783594752536,150.65817227698768,2482.4942340514664,0.0,18.000398679029794,33.29004570466125,22.0,30.0,0.0,18.10069490443125,32.67514087707613,12.0,30.0,0.0,17.928501096728178,33.45465625341957,22.0,30.0,0.0,17.938812996067669,33.39140280906872,12.0,30.0,0.0,15.131721894781885,42.45245240146942,12.0,30.0,0.0,18.188545657333685,34.83172399664676,12.0,30.0,0.0,15.413506323437261,40.652157913467409,10.0,30.0,0.0,14.232165328885959,44.77455097625875,12.0,30.0,0.0,16.07530088597658,39.227464231127047,20.0,30.0,0.0,16.605215682363374,0.0,0.0,0.0,12.615472526693324,0.0,0.0,567.7368899834803,546.216285759384,567.3260011778375,565.6915319160328,674.0705250451185,944.9202687018174,636.4910408164145,677.9909430149839,647.4400301552348,0.0,79.9586424163404,79.9586424163404,60.0,0.0,60.0,60.0,12.0,12.0,12.0,19.0,12.0,12.0,21.0,10.0,0.0,0.0,0.0,0.0,0.0,0.0,0.0,0.0,0.0,0.0,0.0,0.0,0.0,79.9586424163404,79.9586424163404,0.0,0.0,0.0,79.9586424163404,0.0,0.0,0.0023066666666666667 
 03/01  24:00:00,2.86,84.0,4.19,0.0,0.0,0.0,0.0,0.0,2.0,0.0,0.0,0.0,0.0,0.0,0.0,762.0,0.0,0.0,0.0,0.0,0.0,0.0,0.0,0.0,0.0,0.0,0.0,18.361694163636217,-233.3298114844206,18.436423376989667,-313.950844752251,18.205036907516946,-216.45897975663307,18.019459640226758,-166.77945948876318,15.133570091281673,-2.9616222086234176,17.946615253334416,-51.46634272080233,15.704560439641043,-124.47083775664768,14.422483168462149,-118.10319995262764,16.134120122142453,-158.58092847768524,568.676248543449,877.8855511356011,0.0,0.0,0.0,0.0,0.0,0.0,0.0,0.0,0.0,0.0,0.0,0.0,0.0,0.0,0.0,0.0,0.0,0.0,0.0,0.0,0.0,0.0,1.5351512463033197,0.4686053865394753,201.5627270541909,237.24655584380518,6023.805007971204,0.27627594728121049,0.04216665862045341,103.40052966395578,121.6441106929048,3100.609699620367,1.6477784811836676,0.3113715950838377,172.70175159419899,203.2995340475347,5160.835713323597,0.2927498153655492,0.05531931507285513,84.50568045091467,99.4361199756743,2509.226496043334,0.0,0.0,8.740641624204065,10.389517611889055,214.6625747953959,0.0,0.0,12.9430350195912,15.224536128895949,391.8371727263203,0.0,0.0,154.5007565169123,183.50161377479373,3872.4013690975518,0.0,0.0,35.75989741921396,42.64323051856833,813.6293140571638,0.0,0.0,125.55280895377676,148.80536884891877,3289.5690089395577,36.70114166839608,25.172250801369086,226.52357624751714,267.7868346822481,7122.428774537269,0.0,0.0,118.93049925220952,142.6831532839671,2314.249942099316,0.0,17.810295042956008,33.40046431669535,22.000000000000019,30.00000000000002,0.0,18.00097419595774,32.85815852426837,12.00000000000001,30.00000000000002,0.0,17.792196823138587,33.618760734031457,22.000000000000019,30.00000000000002,0.0,17.841137004043419,33.57223891421697,12.00000000000001,30.00000000000002,0.0,15.107050242501979,42.15335812412642,12.00000000000001,30.00000000000002,0.0,18.12023946952292,34.62597689604325,12.00000000000001,30.00000000000002,0.0,15.370263487197992,40.313890638487098,10.000000000000007,30.00000000000002,0.0,14.167544327991294,44.597789653501077,12.00000000000001,30.00000000000002,0.0,15.965778268866722,39.136879597209588,20.000000000000015,30.00000000000002,0.0,16.246576901866754,0.0,0.0,0.0,12.455797425712842,0.0,0.0,552.8830901073188,544.940184640931,562.287354464582,564.1643671750974,661.8944885549779,930.2956146518238,619.4514266945041,667.1123203584327,633.5923328872832,0.0,79.95864241634047,79.95864241634047,60.00000000000004,0.0,60.00000000000004,60.00000000000004,12.0,12.0,12.0,19.0,12.0,12.0,21.0,10.0,0.0,0.0,0.0,0.0,0.0,0.0,0.0,0.0,0.0,0.0,0.0,0.0,0.0,79.95864241634047,79.95864241634047,0.0,0.0,0.0,79.95864241634047,0.0,0.0,0.0023133333333333336 
 03/02  00:10:00,2.8783333333333336,84.16666666666667,4.2666666666666679,0.0,0.0,0.0,0.0,0.0,2.0,2.0,0.0,0.0,0.0,0.0,0.0,762.0,0.0,0.0,0.0,0.0,0.0,0.0,0.0,0.0,0.0,0.0,0.0,18.262629984494077,-171.2749525987068,18.299087248890975,-302.2160095632414,18.035879692146979,-210.88555576104015,17.90573106162791,-139.81856355911615,15.110434637903055,-1.444107445689459,17.886499598001437,-41.51053893277456,15.900071113543696,157.95974911879345,14.308094511230289,-183.79173241368449,16.159742507179943,-35.894403572084268,621.7569837467839,465.96725654450077,0.0,0.0,0.0,0.0,0.0,0.0,0.0,0.0,0.0,0.0,0.0,0.0,0.0,0.0,0.0,0.0,0.0,0.0,0.0,0.0,0.0,0.0,1.5105380884230444,0.46109221258334689,210.4193312003202,247.9055655291683,6242.702436238754,0.27381692248671998,0.04179134958588522,110.90969124070073,130.58722868123895,3294.813604257327,1.6239356013214588,0.30686613781584645,213.6561154183004,251.99026257823125,6280.375284908983,0.29270675660364955,0.0553111784965324,131.7688694786859,155.348236044915,3887.0393992067727,0.0,0.0,8.568558968007986,10.185355688686239,209.72536187889109,0.0,0.0,12.31579587406248,14.489795342765366,371.0194732349188,0.0,0.0,82.62779629688302,97.98465812475674,2140.087900903831,0.0,0.0,40.70506557701523,48.570570002958337,911.1901498446321,0.0,0.0,14.87435464828813,17.618720772380926,392.3692954437237,36.71071031955948,25.178813662249309,276.970994858559,327.89615553047698,8461.590779712478,0.0,0.0,53.44489369444283,64.26883192746259,968.2445196396477,0.0,17.732193443448066,33.325775122304367,22.0,30.0,0.0,17.838149177493738,32.952212689083278,12.0,30.0,0.0,17.579903119903024,33.74372999491725,22.0,30.0,0.0,17.708192420142063,33.5327337949943,12.0,30.0,0.0,15.083686247461916,41.664957691909979,12.0,30.0,0.0,18.0614666075291,34.305750802117888,12.0,30.0,0.0,15.830394753560079,38.21953845682468,10.0,30.0,0.0,13.99673094626742,44.41692745092162,12.0,30.0,0.0,16.076064330806923,38.620839467744868,20.0,30.0,0.0,16.39073507426279,0.0,0.0,0.0,11.789110644469453,0.0,0.0,540.208079529375,531.6518889907845,546.1842857798733,550.1975407899945,641.111969396552,913.8018103506756,574.2266099934592,649.763797524274,685.2660513708923,0.0,79.9586424163404,79.9586424163404,60.0,0.0,60.0,60.0,12.0,12.0,12.0,19.0,12.0,12.0,21.0,10.0,0.0,0.0,0.0,0.0,0.0,0.0,0.0,0.0,0.0,0.0,0.0,0.0,0.0,79.9586424163404,79.9586424163404,0.0,0.0,0.0,79.9586424163404,0.0,0.0,0.00232 
 03/02  00:20:00,2.8966666666666667,84.33333333333334,4.343333333333334,0.0,0.0,0.0,0.0,0.0,2.0,2.0,0.0,0.0,0.0,0.0,0.0,508.0,0.0,0.0,0.0,0.0,0.0,0.0,0.0,0.0,0.0,0.0,0.0,18.189075222871169,-157.99782198149593,18.226673659231389,-164.55576508651638,18.006116200660324,-225.49674707244095,17.806570327237034,-102.24761948669652,15.086928096815566,-0.7484159903294767,17.82770114784939,-38.36847690161369,16.084687414121146,86.8151174526804,14.183761266130523,-186.22871134974623,16.220840926085097,-42.27944582138775,517.5324913300628,519.6777532146921,0.0,0.0,0.0,0.0,0.0,0.0,0.0,0.0,0.0,0.0,0.0,0.0,0.0,0.0,0.0,0.0,0.0,0.0,0.0,0.0,0.0,0.0,1.5266564079877263,0.46601233455058807,108.2142476920741,127.52751419867269,3223.451419331642,0.28250812014483109,0.0431178449549498,59.68525001753066,70.37931212190412,1766.3394672513296,1.5369072599774563,0.2904208730116131,163.64499804287625,192.80070512285477,4836.002385924807,0.2977062258677329,0.05625590057969251,115.9121307875852,136.4978766382815,3392.6718918044277,0.0,0.0,8.614966683677752,10.235419095236353,210.16857105089725,0.0,0.0,12.023651512486886,14.141713933808376,360.47133862158497,0.0,0.0,84.90338171088863,100.49445171422298,2253.5491515751298,0.0,0.0,43.38526180846814,51.76534524659358,954.5455895684818,0.0,0.0,14.632197098958713,17.316934178470996,389.38063812758278,36.83003781834921,25.26065693988287,165.59993187709424,196.22180689147289,5289.457141264184,0.0,0.0,56.3015115933659,67.69788172468719,999.9921921052351,0.0,17.687527351708039,33.31988498856585,22.0,30.0,0.0,17.797404689744178,32.88927796376336,12.0,30.0,0.0,17.629889494563029,33.52743879580036,22.0,30.0,0.0,17.596200006393035,33.5655801334151,12.0,30.0,0.0,15.060431608707365,41.18148348226549,12.0,30.0,0.0,18.00252441501804,34.01984466676989,12.0,30.0,0.0,16.18416245264504,37.171956474618159,10.0,30.0,0.0,13.819489462704324,44.42100990838113,12.0,30.0,0.0,16.22237401588299,38.12557519645928,20.0,30.0,0.0,15.973968904448356,0.0,0.0,0.0,11.626061931775867,0.0,0.0,535.1617954985884,523.7039681229209,540.6513614631681,541.2123036702433,619.9561884896091,900.0119668712471,566.1306054301481,634.0409604256447,750.6138059489585,0.0,79.9586424163404,79.9586424163404,60.0,0.0,60.0,60.0,12.0,12.0,12.0,19.0,12.0,12.0,21.0,10.0,0.0,0.0,0.0,0.0,0.0,0.0,0.0,0.0,0.0,0.0,0.0,0.0,0.0,79.9586424163404,79.9586424163404,0.0,0.0,0.0,79.9586424163404,0.0,0.0,0.002336666666666666 
 03/02  00:30:00,2.915,84.5,4.42,0.0,0.0,0.0,0.0,0.0,2.0,2.0,0.0,0.0,0.0,0.0,0.0,508.0,0.0,0.0,0.0,0.0,0.0,0.0,0.0,0.0,0.0,0.0,0.0,17.95982567253941,-212.93895829530266,18.173440326594588,-352.03488919935355,17.858333701985708,-184.62442815440455,17.744942059039258,-186.3065008153735,15.063272474637849,-1.4005892178515183,17.775580092835964,-28.92052179294714,16.08956577954403,8.217999086532018,14.057728458810907,-201.75746417400229,16.24318174732519,-50.01756573829155,670.2587727950831,600.2506661286108,0.0,0.0,0.0,0.0,0.0,0.0,0.0,0.0,0.0,0.0,0.0,0.0,0.0,0.0,0.0,0.0,0.0,0.0,0.0,0.0,0.0,0.0,1.5529241002343515,0.4740305556270914,336.9476949210226,397.1134777075081,9723.71541180073,0.27150530232274158,0.04143853820554663,231.19798476231126,272.1163684126253,6799.451466743827,1.492171773290897,0.2819674552703888,196.21695703137159,231.26407073796015,5704.9196017921899,0.2922181206251868,0.055218843655553049,194.79139928097465,229.50608877270538,5666.986581391002,0.0,0.0,8.108869671139012,9.637226098961339,197.16829933520138,0.0,0.0,11.455204561966398,13.474487070245488,341.9814443758619,0.0,0.0,82.51206447318167,97.68353640270226,2189.298401640028,0.0,0.0,49.080105680640787,58.60564463001425,1061.3068544205176,0.0,0.0,15.449484070366067,18.27713795927974,412.56020516902529,36.92316320303256,25.32452894583853,402.06807000362508,475.53159393261327,11791.848778452462,0.0,0.0,62.26555879750298,74.88331769680753,1100.8253774506273,0.0,17.328152075852878,33.866277373466278,22.0,30.0,0.0,17.7662771928425,32.81035011231069,12.0,30.0,0.0,17.445792787541359,33.785611723063059,22.0,30.0,0.0,17.54456150606208,33.432122371021019,12.0,30.0,0.0,15.037787902220386,40.796723463415847,12.0,30.0,0.0,17.95557984015944,33.82375316922824,12.0,30.0,0.0,16.191303548462885,36.81595836394399,10.0,30.0,0.0,13.641439670549536,44.1812066100106,12.0,30.0,0.0,16.28892873511977,37.714986702762917,20.0,30.0,0.0,16.405203707603705,0.0,0.0,0.0,11.605532098682094,0.0,0.0,522.8817004849614,517.0113587220935,536.9015408313003,529.7700410765719,604.0097802067637,899.2220670576285,554.2108007391134,610.6794420251808,783.0792326180495,0.0,79.9586424163404,79.9586424163404,60.0,0.0,60.0,60.0,12.0,12.0,12.0,19.0,12.0,12.0,21.0,10.0,0.0,0.0,0.0,0.0,0.0,0.0,0.0,0.0,0.0,0.0,0.0,0.0,0.0,79.9586424163404,79.9586424163404,0.0,0.0,0.0,79.9586424163404,0.0,0.0,0.0023533333333333337 
 03/02  00:40:00,2.9333333333333337,84.66666666666667,4.496666666666667,0.0,0.0,0.0,0.0,0.0,2.0,2.0,0.0,0.0,0.0,0.0,0.0,762.0,0.0,0.0,0.0,0.0,0.0,0.0,0.0,0.0,0.0,0.0,0.0,17.997445752299499,-177.7200574314506,18.00248191328415,-274.7690283838793,17.831138589669309,-218.85662725046513,17.637648118887357,-49.16340119952584,15.038595568690246,-1.1826844870128457,17.727729583662489,-31.6549394732424,16.036885936086429,17.9831472713451,13.962183683411152,-196.80975611143635,16.2447844720365,-57.605924983444158,592.3196615567623,603.5614801443824,0.0,0.0,0.0,0.0,0.0,0.0,0.0,0.0,0.0,0.0,0.0,0.0,0.0,0.0,0.0,0.0,0.0,0.0,0.0,0.0,0.0,0.0,1.5410156679155279,0.47039550302671837,232.7168659284497,274.392094544633,6778.028044524617,0.27915481018186197,0.042606045510052228,154.84090669975817,182.58657189812988,4494.742398350142,1.490207910317995,0.28159635493537357,119.78834598433986,141.23462289256924,3504.0498847393739,0.295404782325337,0.0558210095097009,95.2570513454574,112.38982930636641,2748.7826789701205,0.0,0.0,8.35055965549063,9.928494703190044,202.3278827855649,0.0,0.0,11.5777817372638,13.628919443802158,344.2807734785089,0.0,0.0,84.29859503633391,99.85981279817389,2219.2967934565824,0.0,0.0,49.2450335202811,58.85711796974083,1051.9389569737624,0.0,0.0,16.63085794391798,19.683450327070049,444.27833145061165,37.04868860822245,25.410623188081268,239.80934015680288,284.11643651934778,7285.117210378339,0.0,0.0,62.36189331518385,75.06425788671918,1088.3350304366855,0.0,17.49691580326835,33.420369669117679,22.000000000000019,30.00000000000002,0.0,17.54106543059235,33.157600429144547,12.00000000000001,30.00000000000002,0.0,17.48774010910374,33.47983745259757,22.000000000000019,30.00000000000002,0.0,17.427826591681993,33.616049205403907,12.00000000000001,30.00000000000002,0.0,15.014345514802418,40.529199202459597,12.00000000000001,30.00000000000002,0.0,17.91456384103409,33.62726575843975,12.00000000000001,30.00000000000002,0.0,16.111461459213908,36.86987278441782,10.000000000000007,30.00000000000002,0.0,13.527008279529423,44.26234764117213,12.00000000000001,30.00000000000002,0.0,16.315430946881276,37.38773250503358,20.000000000000015,30.00000000000002,0.0,16.12913846216275,0.0,0.0,0.0,11.50985913933879,0.0,0.0,519.7780204271383,510.0319077771244,524.9195420454041,529.1922356909618,592.7738830452335,890.4167637941241,549.5855894040666,609.2312793786398,793.8911945115685,0.0,79.95864241634047,79.95864241634047,60.00000000000004,0.0,60.00000000000004,60.00000000000004,12.0,12.0,12.0,19.0,12.0,12.0,21.0,10.0,0.0,0.0,0.0,0.0,0.0,0.0,0.0,0.0,0.0,0.0,0.0,0.0,0.0,79.95864241634047,79.95864241634047,0.0,0.0,0.0,79.95864241634047,0.0,0.0,0.0023700000000000007 
 03/02  00:50:00,2.9516666666666668,84.83333333333334,4.573333333333334,0.0,0.0,0.0,0.0,0.0,2.0,2.0,0.0,0.0,0.0,0.0,0.0,508.0,0.0,0.0,0.0,0.0,0.0,0.0,0.0,0.0,0.0,0.0,0.0,17.871045116931727,-242.5178293711774,17.966733811639,-161.76989867788837,17.747110924384577,-119.26630141781834,17.58485656114817,-204.62178878459623,15.011927753494402,-0.8736641182388212,17.67054370722305,-33.4372618860165,16.01869932469583,27.88756850945788,13.865803730057632,-196.54812231224947,16.232931511988295,-61.95818913436318,464.0118931147424,620.242526161493,0.0,0.0,0.0,0.0,0.0,0.0,0.0,0.0,0.0,0.0,0.0,0.0,0.0,0.0,0.0,0.0,0.0,0.0,0.0,0.0,0.0,0.0,1.5281463901758894,0.46646715206834235,115.5252673829792,136.151172267803,3327.885195539414,0.28631832779969376,0.04369937847980673,48.51942162940233,57.18874688367654,1414.8289990301658,1.503635968278009,0.2841337808537433,139.74856513119014,164.55641387812279,4065.9506803099645,0.2930208790809713,0.0553705364854443,89.15974894428554,105.07886156303732,2559.1434978326526,0.0,0.0,8.666759799993038,10.29947510184099,209.23811765061948,0.0,0.0,11.517201639998437,13.552438660671207,340.7934075867786,0.0,0.0,87.39925206465942,103.47372790049183,2296.2173859232755,0.0,0.0,50.354860833374,60.17227955205393,1062.312752052655,0.0,0.0,17.51767774269166,20.721712813150789,467.41504176829826,37.17306710564338,25.495930799481067,146.6126973371542,173.64982514013537,4703.0417338210449,0.0,0.0,63.525931817646227,76.4393460899107,1097.157897228283,0.0,17.34324203082609,33.56882312769574,22.0,30.0,0.0,17.561927397816946,33.029669617055919,12.0,30.0,0.0,17.420477040402959,33.53093332857203,22.0,30.0,0.0,17.377459131787214,33.58458211686107,12.0,30.0,0.0,14.987824627124434,40.260011005187958,12.0,30.0,0.0,17.855447078287069,33.491926636435817,12.0,30.0,0.0,16.102556565849555,36.777022117367497,10.0,30.0,0.0,13.409082723444222,44.35353103281639,12.0,30.0,0.0,16.31774979786193,37.10093837049804,20.0,30.0,0.0,15.648233845855274,0.0,0.0,0.0,11.43633595910422,0.0,0.0,509.8060810961317,503.94595553485876,521.6477908699599,521.695415074422,581.873717882912,882.6477510246889,547.2388552551663,608.8332965440779,794.8539267715369,0.0,79.9586424163404,79.9586424163404,60.0,0.0,60.0,60.0,12.0,12.0,12.0,19.0,12.0,12.0,21.0,10.0,0.0,0.0,0.0,0.0,0.0,0.0,0.0,0.0,0.0,0.0,0.0,0.0,0.0,79.9586424163404,79.9586424163404,0.0,0.0,0.0,79.9586424163404,0.0,0.0,0.00237 
 03/02  01:00:00,2.97,85.0,4.65,0.0,0.0,0.0,0.0,0.0,2.0,2.0,0.0,0.0,0.0,0.0,0.0,762.0,0.0,0.0,0.0,0.0,0.0,0.0,0.0,0.0,0.0,0.0,0.0,17.785304231238045,-113.79539208503542,17.8685634874624,-289.11956676048399,17.65852976819949,-228.06696198785299,17.49984020154915,-57.3998220826488,14.98573228293648,-1.5949145235701692,17.61792029129901,-32.12998905778267,15.97375776015527,-0.46598836498227139,13.783032009249178,-198.48845129941643,16.21249323006361,-66.25907045481314,495.74237584133996,632.9828001416429,0.0,0.0,0.0,0.0,0.0,0.0,0.0,0.0,0.0,0.0,0.0,0.0,0.0,0.0,0.0,0.0,0.0,0.0,0.0,0.0,0.0,0.0,1.5251503527570747,0.4655526107317082,150.165286094798,177.21232839392366,4318.397065667836,0.27974195659173997,0.04269565882047317,86.03202839444325,101.57139166204478,2476.436357917197,1.4841264609028635,0.28044717704135777,107.06053079467498,126.25902128253907,3095.0385624833108,0.29166891373265399,0.05511506306361567,63.83442363479752,75.30575374098012,1826.0108707888017,0.0,0.0,8.470119757587679,10.072221499995358,203.7496744560794,0.0,0.0,11.570231277713578,13.62469574419994,340.81209340344597,0.0,0.0,85.48039111742804,101.27849855046125,2232.492990902726,0.0,0.0,51.226576493644177,61.26827870867854,1069.5362990804177,0.0,0.0,18.241763547728096,21.590910414427286,485.5513265532693,37.259552261331808,25.555248464562305,155.8336821373752,184.8973638235733,4913.036161571501,0.0,0.0,64.35525648156401,77.49859020782646,1100.5456971303573,0.0,17.295952703213297,33.59403050128226,22.000000000000019,30.00000000000002,0.0,17.435363023004059,33.215450359463748,12.00000000000001,30.00000000000002,0.0,17.324424097109067,33.58949159476191,22.000000000000019,30.00000000000002,0.0,17.302284493077033,33.647653259138198,12.00000000000001,30.00000000000002,0.0,14.963076144730329,40.08686791055806,12.00000000000001,30.00000000000002,0.0,17.805699447193768,33.39703724889521,12.00000000000001,30.00000000000002,0.0,16.04202624428949,36.73810798153649,10.000000000000007,30.00000000000002,0.0,13.317053035571949,44.397025652049247,12.00000000000001,30.00000000000002,0.0,16.304760957831215,36.91389848807163,20.000000000000015,30.00000000000002,0.0,15.706708490618443,0.0,0.0,0.0,11.370075175981868,0.0,0.0,506.0827144622499,498.7101232383627,513.0275389769327,517.4307240319516,575.1220568870953,875.054620041157,541.8551839878363,607.6949232924519,792.2856642046107,0.0,79.95864241634047,79.95864241634047,60.00000000000004,0.0,60.00000000000004,60.00000000000004,12.0,12.0,12.0,19.0,12.0,12.0,21.0,10.0,0.0,0.0,0.0,0.0,0.0,0.0,0.0,0.0,0.0,0.0,0.0,0.0,0.0,79.95864241634047,79.95864241634047,0.0,0.0,0.0,79.95864241634047,0.0,0.0,0.0023700000000000007 
 03/02  01:10:00,3.01,85.16666666666667,4.836666666666667,0.0,0.0,0.0,0.0,0.0,2.0,2.0,0.0,0.0,0.0,0.0,0.0,508.0,0.0,0.0,0.0,0.0,0.0,0.0,0.0,0.0,0.0,0.0,0.0,17.78223672531485,-35.9391358848012,17.811331339648186,-200.88941371347858,17.577783339375768,-246.5556052705544,17.493181373882135,-3.8260170794565626,14.956517844759084,-1.5518997752176489,17.559743580039233,-33.278813000799377,15.923875831893131,3.518940567919117,13.700191793274687,-196.2758627741216,16.18528807428187,-68.58473112209123,308.8937806702662,640.7290809916472,0.0,0.0,0.0,0.0,0.0,0.0,0.0,0.0,0.0,0.0,0.0,0.0,0.0,0.0,0.0,0.0,0.0,0.0,0.0,0.0,0.0,0.0,1.522352083056171,0.46469843805133428,98.61303065497057,116.31292904714515,2854.0656946238325,0.28368428444839646,0.04329735721129373,60.08683972016778,70.9319838957024,1719.9290532290366,1.4724915126154259,0.27824858515030739,58.036724756783559,68.37202998384515,1676.0396657060315,0.2902896409392056,0.05485442950476295,30.831152395035358,36.28669145489579,887.3008387340859,0.0,0.0,8.59281001119529,10.21218866387888,205.50837341197383,0.0,0.0,11.73746551157862,13.815107919096402,343.4484018442264,0.0,0.0,86.15892506780891,102.0349428058157,2232.5584544591249,0.0,0.0,51.629515963412718,61.72771399920003,1064.3548461760943,0.0,0.0,18.991014736137676,22.464549258238013,503.0557654529104,37.622833165010778,25.80441232168093,67.78950067560347,80.57579572746063,2533.3949947526436,0.0,0.0,64.80899306500055,78.01046460543125,1094.050059179916,0.0,17.377745140758259,33.45228706639126,22.0,30.0,0.0,17.40812354848282,33.22265068247253,12.0,30.0,0.0,17.255894717357756,33.65350263743577,22.0,30.0,0.0,17.345913857446069,33.54547252182358,12.0,30.0,0.0,14.933250554440854,39.914901621208,12.0,30.0,0.0,17.74511161575683,33.31410329112696,12.0,30.0,0.0,15.977064699491134,36.7830136048801,10.0,30.0,0.0,13.223516061787457,44.46988926994142,12.0,30.0,0.0,16.280023301194974,36.73655930330803,20.0,30.0,0.0,15.010167814016239,0.0,0.0,0.0,11.300048089102873,0.0,0.0,512.1443303348251,495.280606238643,508.35203048555476,523.8720550307629,568.5834910046833,865.3209534367182,538.8016474719175,607.2949386426258,786.1829497527335,0.0,79.9586424163404,79.9586424163404,60.0,0.0,60.0,60.0,12.0,12.0,12.0,19.0,12.0,12.0,21.0,10.0,0.0,0.0,0.0,0.0,0.0,0.0,0.0,0.0,0.0,0.0,0.0,0.0,0.0,79.9586424163404,79.9586424163404,0.0,0.0,0.0,79.9586424163404,0.0,0.0,0.00237 
 03/02  01:20:00,3.0500000000000004,85.33333333333334,5.023333333333333,0.0,0.0,0.0,0.0,0.0,2.0,2.0,0.0,0.0,0.0,0.0,0.0,1016.0,0.0,0.0,0.0,0.0,0.0,0.0,0.0,0.0,0.0,0.0,0.0,17.680170370089159,-180.50727674352175,17.74943108331832,-318.9653222120242,17.517935181214,-49.64650686980457,17.415986916133727,-136.18995904841837,14.929053744885519,-2.026188511314558,17.5069717407274,-33.52160281983427,15.883848973875514,-0.998104395938185,13.62775354954811,-199.5483517998622,16.156786635213288,-71.80269006098379,417.5235922932768,648.1289550281206,0.0,0.0,0.0,0.0,0.0,0.0,0.0,0.0,0.0,0.0,0.0,0.0,0.0,0.0,0.0,0.0,0.0,0.0,0.0,0.0,0.0,0.0,1.512146680626968,0.4615832358446179,138.2175447837426,163.1422002403205,3937.562191015803,0.2748201624303078,0.04194446923539497,87.33547163443451,103.01365483211063,2483.421061489883,1.4769950512164232,0.2790995939562403,88.01787428265355,103.94555517212976,2519.6629113793508,0.288773050539087,0.05456784779650167,62.32803681389471,73.57180516415544,1763.9513838597564,0.0,0.0,8.603123611233717,10.23301789592816,204.58780067553585,0.0,0.0,11.960209111183542,14.089955591538026,347.79374985277897,0.0,0.0,86.76885342346378,102.84827212188007,2233.2367297594139,0.0,0.0,52.32358583810065,62.61982310833288,1066.5783231612546,0.0,0.0,19.726306380575598,23.353764571326186,519.836051325875,38.08856107796079,26.123841617257069,120.21148242911979,142.83356905932926,3908.9969364104028,0.0,0.0,65.54310098642691,78.968439304978,1092.9812700796552,0.0,17.234023880393744,33.57877182960341,22.0,30.0,0.0,17.35784290379212,33.286318219033287,12.0,30.0,0.0,17.23756475766764,33.691616858685467,22.0,30.0,0.0,17.23298962548873,33.64494357684287,12.0,30.0,0.0,14.907673941956532,39.8026250947216,12.0,30.0,0.0,17.69505321523772,33.271648641692369,12.0,30.0,0.0,15.931023561007763,36.77383028607258,10.0,30.0,0.0,13.14897533784061,44.48589099515084,12.0,30.0,0.0,16.25388814572881,36.62120261689211,20.0,30.0,0.0,15.248198582326385,0.0,0.0,0.0,11.239261611945484,0.0,0.0,495.38563135596788,490.60232400031136,513.2369488877673,509.3866680977349,564.2902277253434,857.4901446669428,535.7692522209804,606.3801512422413,780.5296211491429,0.0,79.9586424163404,79.9586424163404,60.0,0.0,60.0,60.0,12.0,12.0,12.0,19.0,12.0,12.0,21.0,10.0,0.0,0.0,0.0,0.0,0.0,0.0,0.0,0.0,0.0,0.0,0.0,0.0,0.0,79.9586424163404,79.9586424163404,0.0,0.0,0.0,79.9586424163404,0.0,0.0,0.0023733333333333338 
 03/02  01:30:00,3.09,85.5,5.21,0.0,0.0,0.0,0.0,0.0,2.0,2.0,0.0,0.0,0.0,0.0,0.0,254.0,0.0,0.0,0.0,0.0,0.0,0.0,0.0,0.0,0.0,0.0,0.0,17.691147251863734,-58.38086962781199,17.611419945014789,-282.322878559346,17.40292509228135,-243.54533708875739,17.42443619821993,-3.7137754625411505,14.894567536622008,-1.5711378374535912,17.440661372506097,-33.84520846238769,15.83283833171281,3.019238871741436,13.545107289918196,-192.48711148490703,16.11879220287703,-72.61500086653519,290.3795087201788,654.8862058623431,0.0,0.0,0.0,0.0,0.0,0.0,0.0,0.0,0.0,0.0,0.0,0.0,0.0,0.0,0.0,0.0,0.0,0.0,0.0,0.0,0.0,0.0,1.506456807304684,0.4598464002761551,115.0766914637238,135.3824041346981,3300.495915297391,0.2838467072624064,0.0433221470180718,58.72813564956467,69.13322823443748,1652.0918892927599,1.4493382443389685,0.2738734399733501,48.1329284429332,56.67899998866139,1378.7298927778334,0.28542600059029696,0.053935374261204999,2.948633671084694,3.4692113203346035,91.3839790036193,0.0,0.0,8.719581336043902,10.345369326730142,206.05662662606799,0.0,0.0,11.941126171956363,14.033752260075826,344.640323510224,0.0,0.0,87.21053591730032,103.12084267699217,2227.620918042291,0.0,0.0,52.535071820255648,62.726315193872078,1057.1117259684903,0.0,0.0,19.932758634357808,23.5392512918724,522.1445276051904,38.50759280583606,26.41124335105355,58.118642270155699,68.99462362068225,2254.7652363630725,0.0,0.0,65.83436970485218,79.12495806857182,1085.0723396257229,0.0,17.345045781488474,33.376519427383389,22.0,30.0,0.0,17.178730335893627,33.533114508346709,12.0,30.0,0.0,17.078747489337457,33.865778938350029,22.0,30.0,0.0,17.31667880079286,33.520194420886628,12.0,30.0,0.0,14.868791864902681,39.65968745294135,12.0,30.0,0.0,17.61801974158836,33.236598927658068,12.0,30.0,0.0,15.86768051235966,36.81082305075715,10.0,30.0,0.0,13.053029726613941,44.57004851337116,12.0,30.0,0.0,16.209889814627898,36.48466753912209,20.0,30.0,0.0,14.743843872220621,0.0,0.0,0.0,11.180033645356487,0.0,0.0,502.0565624031508,476.8676456030696,497.1811237764067,527.0037141149271,557.8851089515214,846.6260276046893,530.0356440048049,603.924434340074,772.0781724345278,0.0,79.9586424163404,79.9586424163404,60.0,0.0,60.0,60.0,12.0,12.0,12.0,19.0,12.0,12.0,21.0,10.0,0.0,0.0,0.0,0.0,0.0,0.0,0.0,0.0,0.0,0.0,0.0,0.0,0.0,79.9586424163404,79.9586424163404,0.0,0.0,0.0,79.9586424163404,0.0,0.0,0.0023766666666666669 
 03/02  01:40:00,3.13,85.66666666666666,5.3966666666666669,0.0,0.0,0.0,0.0,0.0,2.0,2.0,0.0,0.0,0.0,0.0,0.0,1270.0,0.0,0.0,0.0,0.0,0.0,0.0,0.0,0.0,0.0,0.0,0.0,17.494507479481553,-230.84310795938016,17.558067250066899,-208.47234175819976,17.366337397807798,-108.30041180484733,17.29844931543918,-215.83295814267587,14.869335224619836,-2.5320212092996545,17.39491363561128,-35.07588845187784,15.787670006475358,-16.461073031309483,13.487544252512614,-198.8939753323827,16.091211458809157,-75.56537161292302,467.48748191133157,656.4248695925627,0.0,0.0,0.0,0.0,0.0,0.0,0.0,0.0,0.0,0.0,0.0,0.0,0.0,0.0,0.0,0.0,0.0,0.0,0.0,0.0,0.0,0.0,1.4952624924575678,0.4564293322520048,175.53715318292977,207.45424111061238,4877.047715853811,0.27699009861832377,0.04227565607727774,91.09650104390151,107.59210563246744,2546.462977869362,1.439335464817502,0.2719832699957488,103.45095202885841,122.25833490591463,2911.9439744250278,0.27794810860818228,0.052522318331100197,52.69153469580152,62.26368066747236,1469.9846848954529,0.0,0.0,8.612929651823722,10.246054055371385,202.40588109536595,0.0,0.0,12.161353336685288,14.331030157711642,348.999445307038,0.0,0.0,85.78076308170448,101.70902345366393,2174.317610433325,0.0,0.0,52.90445689149969,63.34182726952945,1054.7470283429628,0.0,0.0,20.727319911219007,24.542528416048485,540.1109157057952,38.96101448193188,26.72223215496015,163.0031017021248,193.65980499942419,4990.241250521987,0.0,0.0,66.21260418109572,79.8000710894777,1078.3517132885509,0.0,17.016292534132938,33.97867533663066,22.0,30.0,0.0,17.16238141598213,33.625166434852179,12.000000000000002,30.0,0.0,17.09923837102754,33.872188212365447,22.0,30.0,0.0,17.10626060536188,33.77243594195032,12.000000000000002,30.0,0.0,14.848906782674297,39.61748472557157,12.000000000000002,30.0,0.0,17.581546936492506,33.236219727832388,12.000000000000002,30.0,0.0,15.813862003184222,36.87911403114454,10.0,30.0,0.0,13.004919557734607,44.57029861800302,12.000000000000002,30.0,0.0,16.187264722938826,36.43856555241845,20.0,30.0,0.0,15.236997708859093,0.0,0.0,0.0,11.126479000100316,0.0,0.0,488.28469956926838,480.46250609396545,504.76355479438038,486.7504475536325,555.3116427401521,841.6890444577712,528.9918452764657,601.4730803921673,767.312981198097,0.0,79.9586424163404,79.9586424163404,60.0,0.0,60.0,60.0,12.0,12.0,12.0,19.0,12.0,12.0,21.0,10.0,0.0,0.0,0.0,0.0,0.0,0.0,0.0,0.0,0.0,0.0,0.0,0.0,0.0,79.9586424163404,79.9586424163404,0.0,0.0,0.0,79.9586424163404,0.0,0.0,0.00238 
 03/02  01:50:00,3.1700000000000005,85.83333333333334,5.583333333333334,0.0,0.0,0.0,0.0,0.0,2.0,2.0,0.0,0.0,0.0,0.0,0.0,762.0,0.0,0.0,0.0,0.0,0.0,0.0,0.0,0.0,0.0,0.0,0.0,17.432762667896737,-138.07363035144025,17.473500095395325,-319.0678093787552,17.273253586143768,-274.26620429092108,17.230351754858586,-84.11560674492633,14.837074124609828,-2.6152428333796369,17.336683069340415,-35.0746878886995,15.727056647936348,-17.469273933437778,13.417130277485658,-196.3746890040407,16.054997121437915,-76.72425510202382,518.0361069185015,658.9121326030818,0.0,0.0,0.0,0.0,0.0,0.0,0.0,0.0,0.0,0.0,0.0,0.0,0.0,0.0,0.0,0.0,0.0,0.0,0.0,0.0,0.0,0.0,1.4797236450857013,0.45168609434850506,183.12670520117647,216.04539047789758,5075.833681849284,0.27304342087050167,0.04167329378365413,99.60931755447179,117.50115373248588,2752.2595709871468,1.4221669632516628,0.2687390331163387,104.17699108802957,122.87892597374003,2894.1535236674719,0.27747342463624799,0.05243261992370524,43.13462851910265,50.84989364779199,1195.7404918144335,0.0,0.0,8.595516624454274,10.22076502345067,200.74407505940605,0.0,0.0,12.379919217098977,14.583345536731838,352.8292521626532,0.0,0.0,85.45437231878258,101.29148237840993,2146.6930251984997,0.0,0.0,52.99808786874142,63.43327791277529,1044.5989315069049,0.0,0.0,21.125843868765409,25.00325830860334,547.1941940852142,39.44846437445785,27.056559927611727,166.32645682720045,197.2577648314872,5017.760365335968,0.0,0.0,66.35834408806974,79.94417807055311,1068.1580309876795,0.0,16.99302162562706,34.037362784734927,22.000000000000019,30.00000000000002,0.0,17.069236326717495,33.83790157955521,12.00000000000001,30.00000000000002,0.0,16.98838916424304,34.06457270513148,22.000000000000019,30.00000000000002,0.0,17.05465989642206,33.88327654323387,12.00000000000001,30.00000000000002,0.0,14.81564168384817,39.56518553063709,12.00000000000001,30.00000000000002,0.0,17.520055987101658,33.25239814963038,12.00000000000001,30.00000000000002,0.0,15.737964175691502,37.00915766351324,10.000000000000007,30.00000000000002,0.0,12.930639044606754,44.65378534040672,12.00000000000001,30.00000000000002,0.0,16.148091174281079,36.38524917912857,20.000000000000015,30.00000000000002,0.0,15.302641879383625,0.0,0.0,0.0,11.072207499882694,0.0,0.0,486.3967110170871,476.99941102266726,491.64823252190038,484.60602321359417,551.50510355857,832.5220951479728,525.6545157911264,599.9405146692835,760.603760295158,0.0,79.95864241634047,79.95864241634047,60.00000000000004,0.0,60.00000000000004,60.00000000000004,12.0,12.0,12.0,19.0,12.0,12.0,21.0,10.0,0.0,0.0,0.0,0.0,0.0,0.0,0.0,0.0,0.0,0.0,0.0,0.0,0.0,79.95864241634047,79.95864241634047,0.0,0.0,0.0,79.95864241634047,0.0,0.0,0.0023833333333333338 
 03/02  02:00:00,3.21,86.0,5.77,0.0,0.0,1.0,0.0,0.0,2.0,2.0,0.0,0.0,0.0,0.0,0.0,508.0,0.0,0.0,0.0,0.0,0.0,0.0,0.0,0.0,0.0,0.0,0.0,17.262018482596316,-305.7447647764866,17.260292097221993,-133.99545246948265,17.16848051185063,-44.523030145655187,17.04284886197842,-115.41162644116185,14.8007872482847,-2.2116834397811546,17.15983415461262,-35.7209490200203,15.680399080508279,-0.518591867683881,13.311417299011016,-192.0709629476944,15.971572083265063,-77.88576450352372,488.58665183903829,658.7205461681325,0.0,0.0,0.0,0.0,0.0,0.0,0.0,0.0,0.0,0.0,0.0,0.0,0.0,0.0,0.0,0.0,0.0,0.0,0.0,0.0,0.0,0.0,1.4724534169485058,0.44946685499038638,158.754072148137,187.35984715847338,4268.518059291573,0.27707909011371747,0.04228923841784455,89.97666725473613,106.1266117194868,2464.5248587375128,1.428205444829194,0.26988009161549406,79.45895179414295,93.72815452134019,2206.800319246856,0.2789832604097689,0.052717925247499779,64.31061023928098,75.88605614974361,1757.7341577327912,0.0,0.0,8.867777414881843,10.538140998773944,205.6849294875703,0.0,0.0,12.272579439953726,14.453040853059619,346.1577032678796,0.0,0.0,88.53499073898039,104.88094198181314,2208.6068914707868,0.0,0.0,53.36724641269679,63.84939119939595,1038.6179302520685,0.0,0.0,21.247248943257973,25.1355046158236,546.1736423339594,39.90805489977602,27.371779766650229,141.9322472749917,168.37370104831957,4358.965477887916,0.0,0.0,66.83712724586062,80.47254649856905,1066.5945108685328,0.0,16.734413836791636,34.627201277223537,22.0,30.0,0.0,16.948867938185129,34.121777117680277,12.0,30.0,0.0,16.937383453885106,34.17204192758713,22.0,30.0,0.0,16.903967230391598,34.2297440421393,12.0,30.0,0.0,14.774990289514872,39.561271635431399,12.0,30.0,0.0,17.4065332161901,33.407017549539208,12.0,30.0,0.0,15.689302606752069,37.08983233208262,10.0,30.0,0.0,12.845100904642085,44.8087611238451,12.0,30.0,0.0,16.087699517284784,36.41429312964246,20.0,30.0,0.0,15.192039531641378,0.0,0.0,0.0,11.043500068563735,0.0,0.0,479.8117111659988,477.75385181518007,492.78505271716866,486.00473352306906,548.0244077147861,825.3755804405112,522.6297776901108,598.7783939509991,754.6751267323398,0.0,79.9586424163404,79.9586424163404,60.0,0.0,60.0,60.0,12.0,12.0,12.0,19.0,12.0,12.0,21.0,10.0,0.0,0.0,0.0,0.0,0.0,0.0,0.0,0.0,0.0,0.0,0.0,0.0,0.0,79.9586424163404,79.9586424163404,0.0,0.0,0.0,79.9586424163404,0.0,0.0,0.0023866666666666669 
 03/02  02:10:00,3.3233333333333339,86.33333333333334,5.93,0.0,0.0,0.0,0.0,0.0,2.0,2.0,0.0,0.0,0.0,0.0,0.0,508.0,0.0,0.0,0.0,0.0,0.0,0.0,0.0,0.0,0.0,0.0,0.0,17.053968915145228,-111.42334375041537,17.322873200992018,-307.54029331929089,17.075765877058389,-330.1694802006896,16.971729918492863,-199.91831544530897,14.768235777101588,-3.622005255794008,17.185830318159824,-35.60875800983308,15.605322889123224,-57.507885748206039,13.281819237674484,-187.84458483471429,15.967872631783024,-78.46048856669677,675.7549925947278,641.1680234091538,0.0,0.0,0.0,0.0,0.0,0.0,0.0,0.0,0.0,0.0,0.0,0.0,0.0,0.0,0.0,0.0,0.0,0.0,0.0,0.0,0.0,0.0,1.45196123618299,0.4432116105564683,430.885303477566,508.75315852617976,11360.262341290356,0.25190541170721766,0.03844710190891601,229.27201925612585,270.30891393139629,6192.625398363399,1.340367223329432,0.2532817882330749,383.0078668448805,451.98092924287269,10263.454727265354,0.25290225874936586,0.04778954246964584,204.48987740327542,241.4526578437734,5430.977317784789,0.0,0.0,8.141462062595652,9.677198779888382,186.46756946308768,0.0,0.0,12.891934394942855,15.182363886440335,359.1738792079894,0.0,0.0,78.68202413018341,93.24765330261266,1930.5231983008728,0.0,0.0,52.63868252484899,62.98062762893776,1006.8777403353136,0.0,0.0,24.524689408340195,29.010931910913443,622.925188729909,40.22081700900645,27.586294244860399,584.7362974705761,692.3737289627759,15474.00934770681,0.0,0.0,65.91707414670796,79.36079320849572,1033.146759804716,0.0,16.459908516991854,35.276421643374288,22.0,30.0,0.0,16.939738691084835,34.18266413205197,12.0,30.0,0.0,16.75957633346443,34.586400635823768,22.0,30.0,0.0,16.671732969274669,34.792994727311697,12.0,30.0,0.0,14.742868488308602,39.56613749198405,12.0,30.0,0.0,17.345511435299906,33.47912424089553,12.0,30.0,0.0,15.584045284644568,37.339265205435129,10.0,30.0,0.0,12.79266064319807,44.85682624391137,12.0,30.0,0.0,16.048092755319045,36.40777101119626,20.0,30.0,0.0,15.746883926526998,0.0,0.0,0.0,11.01710670236983,0.0,0.0,481.11521394048006,477.71630169825979,481.27078299785605,480.9506087761108,545.1455058137397,818.4466405664022,524.1658687987797,599.381268834189,739.862421723228,0.0,79.9586424163404,79.9586424163404,60.0,0.0,60.0,60.0,12.0,12.0,12.0,19.0,12.0,12.0,21.0,10.0,0.0,0.0,0.0,0.0,0.0,0.0,0.0,0.0,0.0,0.0,0.0,0.0,0.0,79.9586424163404,79.9586424163404,0.0,0.0,0.0,79.9586424163404,0.0,0.0,0.0023899999999999999 
 03/02  02:20:00,3.4366666666666667,86.66666666666667,6.09,0.0,0.0,0.0,0.0,0.0,2.0,2.0,0.0,0.0,0.0,0.0,0.0,508.0,0.0,0.0,0.0,0.0,0.0,0.0,0.0,0.0,0.0,0.0,0.0,17.11111844699124,-257.51769168648027,17.15232158387687,-237.1671244115189,16.875999339586323,-163.69152071597547,16.949119955095399,-198.53315790862417,14.736292222006498,-3.486914686786349,17.141746555434204,-38.753518074042549,15.518427376534975,-16.87856290407467,13.229419520932158,-187.0778007244537,15.935985390208982,-82.1163161139869,661.5055828631676,638.2064163932417,0.0,0.0,0.0,0.0,0.0,0.0,0.0,0.0,0.0,0.0,0.0,0.0,0.0,0.0,0.0,0.0,0.0,0.0,0.0,0.0,0.0,0.0,1.3974410267588434,0.426569299987437,335.25190209607328,395.74775790283749,8823.65987850439,0.24832279289761245,0.03790030416630227,168.17391782712725,198.5950497421344,4429.376383465383,1.386894190533893,0.2620737321492618,308.7375217376658,364.44577453555669,8067.581609203089,0.2612737150440413,0.04937145031066538,169.10946503739295,199.515661604253,4457.121628276902,0.0,0.0,8.55844681165127,10.168520979983257,193.5191924202991,0.0,0.0,13.04890045479575,15.367558538567176,359.5824709334131,0.0,0.0,84.24085759390533,99.82921543668393,2026.9498666612813,0.0,0.0,52.96288963883062,63.36725192829602,996.1058591153626,0.0,0.0,23.75218115090466,28.097138903031639,596.4086341661273,40.72151795213631,27.92971052958596,448.505984459983,531.0842508625408,11937.495351157537,0.0,0.0,66.33816537861793,79.86082816219832,1020.9130996987143,0.0,16.621056199515139,34.981910855138327,22.0,30.0,0.0,16.689796822513704,34.821862182653379,12.0,30.0,0.0,16.47147697138537,35.295078836757159,22.0,30.0,0.0,16.69937646628373,34.782172789667288,12.0,30.0,0.0,14.711831724614708,39.59012678580133,12.0,30.0,0.0,17.30605022780974,33.52011411805299,12.0,30.0,0.0,15.464844185444598,37.637735115810617,10.0,30.0,0.0,12.747128446835099,44.941472652705368,12.0,30.0,0.0,16.016447848673999,36.412274689228,20.0,30.0,0.0,15.671688459230263,0.0,0.0,0.0,10.990976047189836,0.0,0.0,476.0087521891679,471.03283624648108,478.7706499754272,481.10138937136846,543.3592107197897,808.1831280336342,519.415297571859,598.566198561112,732.833366213207,0.0,79.9586424163404,79.9586424163404,60.0,0.0,60.0,60.0,12.0,12.0,12.0,19.0,12.0,12.0,21.0,10.0,0.0,0.0,0.0,0.0,0.0,0.0,0.0,0.0,0.0,0.0,0.0,0.0,0.0,79.9586424163404,79.9586424163404,0.0,0.0,0.0,79.9586424163404,0.0,0.0,0.00238 
 03/02  02:30:00,3.55,87.0,6.25,0.0,0.0,0.0,0.0,0.0,2.0,2.0,0.0,0.0,0.0,0.0,0.0,508.0,0.0,0.0,0.0,0.0,0.0,0.0,0.0,0.0,0.0,0.0,0.0,16.925969916657459,-110.5182220492893,17.148621792302426,-296.3226714268087,16.867993249217947,-296.6843077938247,16.80608509629917,-135.76508999266935,14.704202897089206,-4.048278785356146,17.09246047580818,-38.13778818291354,15.477595123329607,-48.98619987010488,13.177874306658769,-184.5443961738173,15.901592805646985,-81.75537426773053,629.1157459459091,633.8082061438207,0.0,0.0,0.0,0.0,0.0,0.0,0.0,0.0,0.0,0.0,0.0,0.0,0.0,0.0,0.0,0.0,0.0,0.0,0.0,0.0,0.0,0.0,1.3759869396051417,0.4200204333349028,324.5188568841009,383.0462300383151,8369.620038303423,0.23683435831276829,0.03614688008436634,164.88441652743058,194.38599267804023,4308.305179936175,1.3065085734363014,0.24688370624268744,283.9160726610627,335.17772900420177,7354.527259853199,0.2545545268264007,0.04810176243885121,148.6632538995498,175.54206153772706,3834.791178580317,0.0,0.0,8.1783068916113,9.719213515103395,182.55872002131157,0.0,0.0,13.39774680101216,15.777980420870432,364.83284258859569,0.0,0.0,79.65519962220754,94.41422815945795,1893.4480123800966,0.0,0.0,52.51970582756121,62.83735951196816,970.9638565847915,0.0,0.0,25.201853379681137,29.809221017852516,625.250860085569,41.161842567385757,28.231716438536194,418.7821580027494,495.91775674435908,10998.192829730451,0.0,0.0,65.87209446306606,79.29711298192737,993.8402905874164,0.0,16.3764117368086,35.61158406757423,22.0,30.0,0.0,16.748033314609907,34.78318916045987,12.0,30.0,0.0,16.52494073015246,35.28856529997243,22.0,30.0,0.0,16.495053916263445,35.345562773344649,12.0,30.0,0.0,14.68068610166602,39.64598574318387,12.0,30.0,0.0,17.255260476611548,33.618829775625687,12.0,30.0,0.0,15.430556028383359,37.77352114563856,10.0,30.0,0.0,12.701712295598253,45.05404165614099,12.0,30.0,0.0,15.979879684483837,36.469814046333329,20.0,30.0,0.0,15.532190300738577,0.0,0.0,0.0,10.955673077279359,0.0,0.0,476.0190417841667,472.51288361890047,476.38613457122326,474.6441990089195,540.633997971806,800.2762958960249,520.079606430354,597.8143339760636,725.8142552008173,0.0,79.9586424163404,79.9586424163404,60.0,0.0,60.0,60.0,12.0,12.0,12.0,19.0,12.0,12.0,21.0,10.0,0.0,0.0,0.0,0.0,0.0,0.0,0.0,0.0,0.0,0.0,0.0,0.0,0.0,79.9586424163404,79.9586424163404,0.0,0.0,0.0,79.9586424163404,0.0,0.0,0.00237 
 03/02  02:40:00,3.663333333333333,87.33333333333334,6.41,0.0,0.0,0.0,0.0,0.0,2.0,2.0,0.0,0.0,0.0,0.0,0.0,508.0,0.0,0.0,0.0,0.0,0.0,0.0,0.0,0.0,0.0,0.0,0.0,16.934913068437575,-254.19825220562235,17.008546349668035,-211.75364377023653,16.719491108828224,-147.6012203118412,16.79488701952232,-194.27026701868909,14.671678312191194,-3.6164753304563534,17.045824380747648,-40.95274233712615,15.412114836090052,-17.6942305801374,13.126679916796143,-183.62529159985923,15.868531364010675,-84.32717893046834,622.9165198910005,633.5497713547914,0.0,0.0,0.0,0.0,0.0,0.0,0.0,0.0,0.0,0.0,0.0,0.0,0.0,0.0,0.0,0.0,0.0,0.0,0.0,0.0,0.0,0.0,1.342240738714355,0.409719395211952,283.97272545882108,335.2790135069615,7244.469668684944,0.24157368070245439,0.036870219887431988,137.0563402060803,161.87091567428835,3512.3543635181497,1.3373557096462734,0.2527127191319489,271.3029431131913,320.2542691965027,6895.185746606513,0.25306894505169488,0.047821040259201589,151.70232999217948,179.0137012739985,3879.0418512098597,0.0,0.0,8.647487959052392,10.273548755613995,190.50091134627926,0.0,0.0,13.308827789782672,15.673556257283162,358.2033704012866,0.0,0.0,84.44774739612422,100.08153062690214,1974.438829741767,0.0,0.0,52.95466605553075,63.356400280834737,961.9776572044478,0.0,0.0,24.33789298728606,28.78777120795663,596.6401274754942,41.68634022338261,28.591454199850909,377.50843368992755,447.117704972547,9870.774664411536,0.0,0.0,66.4416370072627,79.97475898641273,984.0316627248641,0.0,16.445519156859583,35.67226073028808,22.0,30.0,0.0,16.55389564540503,35.45229247094424,12.0,30.0,0.0,16.328172613492776,35.88190917136376,22.0,30.0,0.0,16.526404759729503,35.38271914162648,12.0,30.0,0.0,14.649039719766268,39.719181834277517,12.0,30.0,0.0,17.209220716703336,33.732176091341987,12.0,30.0,0.0,15.350867574449472,38.08854840883387,10.0,30.0,0.0,12.655592003427805,45.21516438250004,12.0,30.0,0.0,15.945712628391624,36.54305504742934,20.0,30.0,0.0,15.46176698696768,0.0,0.0,0.0,10.93303678843931,0.0,0.0,468.3072680578291,464.4381585494514,473.6663463309516,474.8109995028174,538.8043442103106,792.5454874282043,512.9863737253202,595.0287689476752,722.1369078498847,0.0,79.9586424163404,79.9586424163404,60.0,0.0,60.0,60.0,12.0,12.0,12.0,19.0,12.0,12.0,21.0,10.0,0.0,0.0,0.0,0.0,0.0,0.0,0.0,0.0,0.0,0.0,0.0,0.0,0.0,79.9586424163404,79.9586424163404,0.0,0.0,0.0,79.9586424163404,0.0,0.0,0.00236 
 03/02  02:50:00,3.7766666666666666,87.66666666666667,6.57,0.0,0.0,0.0,0.0,0.0,2.0,2.0,0.0,0.0,0.0,0.0,0.0,508.0,0.0,0.0,0.0,0.0,0.0,0.0,0.0,0.0,0.0,0.0,0.0,16.763857994635609,-110.27685617995212,17.003660670658733,-297.46229402234146,16.710726666504045,-286.9771089525575,16.666350154601024,-134.0297723784638,14.639001122100322,-4.166705201454519,16.996523516116036,-39.584159972909137,15.370234567973963,-50.69654409145005,13.077577939451857,-180.02199929721145,15.83400036686744,-83.58596853145173,613.5903945110995,628.3905101441011,0.0,0.0,0.0,0.0,0.0,0.0,0.0,0.0,0.0,0.0,0.0,0.0,0.0,0.0,0.0,0.0,0.0,0.0,0.0,0.0,0.0,0.0,1.3247495821425468,0.4043802143292268,323.0336907341118,381.3433746549366,8087.3477797597,0.22661383321434354,0.03458697088131007,167.52581085038458,197.5244602757303,4254.633779422026,1.2555401109732456,0.237252477508172,274.2041766548447,323.75225697203447,6897.34583841474,0.24458482484338524,0.0462178429409269,142.91112666674167,168.77212656618614,3579.943329245676,0.0,0.0,8.189684732830953,9.731592935247342,178.03690364856014,0.0,0.0,13.652655396128262,16.07796923390634,362.98923613946359,0.0,0.0,79.31126067296504,94.01065906432723,1830.8875224518197,0.0,0.0,52.51282645228618,62.82698552867838,937.4011405506799,0.0,0.0,26.10056773872821,30.869284404914177,632.0186366411182,42.17907888396507,28.929409385435585,411.5733624838485,487.42631828581548,10514.712372361337,0.0,0.0,65.9928566594206,79.42770241523992,958.9317420046986,0.0,16.22315407970683,36.30027328070693,22.0,30.0,0.0,16.603626016095374,35.459515491386607,12.0,30.0,0.0,16.375187622129674,35.97085703685205,22.0,30.0,0.0,16.34556832042449,36.02346776522053,12.0,30.0,0.0,14.617211325503451,39.85795949135683,12.0,30.0,0.0,17.157524401607753,33.90388851610319,12.0,30.0,0.0,15.312957114742933,38.2965041790215,10.0,30.0,0.0,12.612642038067657,45.415171663833479,12.0,30.0,0.0,15.9090262036578,36.68458722984309,20.0,30.0,0.0,15.387157207019197,0.0,0.0,0.0,10.909066373515405,0.0,0.0,468.8856513913099,466.65037576062039,470.8852780445808,467.60521799681296,535.4695115696595,785.8962262896814,513.674998764601,592.886203338074,714.8516065687655,0.0,79.9586424163404,79.9586424163404,60.0,0.0,60.0,60.0,12.0,12.0,12.0,19.0,12.0,12.0,21.0,10.0,0.0,0.0,0.0,0.0,0.0,0.0,0.0,0.0,0.0,0.0,0.0,0.0,0.0,79.9586424163404,79.9586424163404,0.0,0.0,0.0,79.9586424163404,0.0,0.0,0.0023533333333333337 
 03/02  03:00:00,3.89,88.0,6.73,0.0,0.0,0.0,0.0,0.0,2.0,2.0,0.0,0.0,0.0,0.0,0.0,508.0,0.0,0.0,0.0,0.0,0.0,0.0,0.0,0.0,0.0,0.0,0.0,16.7813480261847,-248.64058832564298,16.84192316540811,-244.27052433550899,16.566709476405938,-147.53963211918927,16.663774089103563,-186.73763796368645,14.605964757051926,-3.8534776564599868,16.9507303865975,-41.925530083241628,15.303100845148915,-21.58807826117868,13.030218580067036,-177.8243265076394,15.801042039412355,-85.85341521056893,621.795572947768,625.2774133950607,0.0,0.0,0.0,0.0,0.0,0.0,0.0,0.0,0.0,0.0,0.0,0.0,0.0,0.0,0.0,0.0,0.0,0.0,0.0,0.0,0.0,0.0,1.2958072672757036,0.3955455638814724,324.3204413965612,382.9623586378358,8040.864861267562,0.22763190970390363,0.034742354960913258,171.57175720464478,202.67800424798424,4253.784988716874,1.2870200969401294,0.2432010765192989,269.69574895141587,318.3911558424312,6653.728931353569,0.24204225515539774,0.04573738759550221,143.6776790216552,169.5439569323035,3569.5237372932335,0.0,0.0,8.610035474569202,10.227388521893208,184.64464005284476,0.0,0.0,13.640337922565817,16.063849035170678,358.3606963066491,0.0,0.0,83.30123869889252,98.72360998804914,1890.0322585070065,0.0,0.0,52.810360402382759,63.179620490766087,926.2673441173981,0.0,0.0,25.528396961695749,30.193621206802456,610.6514924161392,42.750629317393748,29.321419284906559,411.54105916559987,487.42131915723828,10399.493921955007,0.0,0.0,66.42770679049511,79.93912036132369,948.3353847650619,0.0,16.30724584579482,36.41882210636798,22.0,30.0,0.0,16.36446120158608,36.347210639647588,12.0,30.0,0.0,16.182438335601608,36.63854456103326,22.0,30.0,0.0,16.390340856124856,36.056900526782,12.0,30.0,0.0,14.585011174536636,39.999208236362019,12.0,30.0,0.0,17.11182507863348,34.08570872700585,12.0,30.0,0.0,15.229239098066238,38.72373654017582,10.0,30.0,0.0,12.571700777542834,45.65319266386929,12.0,30.0,0.0,15.87500100042726,36.8351828076442,20.0,30.0,0.0,15.361015730139709,0.0,0.0,0.0,10.897664243328166,0.0,0.0,463.29244657566439,460.9404813760477,468.6522144828424,468.29569808648486,533.2945924088606,778.3918992462984,508.1651470895319,590.5699271355733,709.1864328798246,0.0,79.9586424163404,79.9586424163404,60.0,0.0,60.0,60.0,12.0,12.0,12.0,19.0,12.0,12.0,21.0,10.0,0.0,0.0,0.0,0.0,0.0,0.0,0.0,0.0,0.0,0.0,0.0,0.0,0.0,79.9586424163404,79.9586424163404,0.0,0.0,0.0,79.9586424163404,0.0,0.0,0.0023466666666666668 
 03/02  03:10:00,3.9716666666666669,88.50000000000002,6.748333333333334,0.0,0.0,0.0,0.0,0.0,2.0,2.0,0.0,0.0,0.0,0.0,0.0,508.0,0.0,0.0,0.0,0.0,0.0,0.0,0.0,0.0,0.0,0.0,0.0,16.61280989370585,-102.9378253161226,16.847117694059727,-291.8712655509637,16.557272314025256,-292.175896581356,16.540959863144829,-137.14588648464179,14.572727757413805,-4.240855556990098,16.900740160315374,-41.05000820123965,15.265432118729123,-51.90903145221523,12.98447386849045,-173.6671286766466,15.76608126686143,-85.04065615839198,583.5954298400716,618.0301625012252,0.0,0.0,0.0,0.0,0.0,0.0,0.0,0.0,0.0,0.0,0.0,0.0,0.0,0.0,0.0,0.0,0.0,0.0,0.0,0.0,0.0,0.0,1.2783157856213763,0.3902062837672089,295.31949581376866,348.62245149406047,7209.888857838485,0.22031203625443947,0.03362515815849198,156.3339324601703,184.36576813561386,3859.9640119998509,1.201590338646454,0.22705788712140102,248.82822661267483,293.8247252717026,6084.87141086281,0.23438038862376107,0.044289567011292708,134.16240847199465,158.45551024675167,3275.6770232701039,0.0,0.0,8.220488229562032,9.767698720867628,174.4332879975496,0.0,0.0,13.848245485399268,16.309563198300297,360.1777824502956,0.0,0.0,78.71845544009165,93.31746741672089,1768.8559885031703,0.0,0.0,52.32522429117475,62.603188058017959,905.2294956959393,0.0,0.0,27.007936693577855,31.94230931054772,639.7023049769181,42.768693477278997,29.333808969327167,374.4994521417373,443.558840975453,9383.24070677434,0.0,0.0,65.84472976287587,79.23497674542748,927.3228529661166,0.0,16.08879236404364,37.12187571138895,22.0,30.0,0.0,16.43971909020787,36.3171862681348,12.0,30.0,0.0,16.22596571556967,36.91087258274524,22.0,30.0,0.0,16.21777035544674,36.88911559793745,12.0,30.0,0.0,14.552537019643268,40.22916198521775,12.0,30.0,0.0,17.059429939255844,34.332721671645348,12.0,30.0,0.0,15.199307613507037,38.95830979390867,10.0,30.0,0.0,12.533909548792345,45.93540880522451,12.0,30.0,0.0,15.838267807802433,37.06859210297607,20.0,30.0,0.0,15.22427681136768,0.0,0.0,0.0,10.884374083196147,0.0,0.0,463.14580518303128,463.06749655424519,463.1154312275669,459.3838446338166,530.1831599280868,773.709144742927,509.15788460953118,588.2591487202994,702.675246712771,0.0,79.9586424163404,79.9586424163404,60.0,0.0,60.0,60.0,12.0,12.0,12.0,19.0,12.0,12.0,21.0,10.0,0.0,0.0,0.0,0.0,0.0,0.0,0.0,0.0,0.0,0.0,0.0,0.0,0.0,79.9586424163404,79.9586424163404,0.0,0.0,0.0,79.9586424163404,0.0,0.0,0.00234 
 03/02  03:20:00,4.053333333333334,89.0,6.7666666666666679,0.0,0.0,0.0,0.0,0.0,2.0,2.0,0.0,0.0,0.0,0.0,0.0,508.0,0.0,0.0,0.0,0.0,0.0,0.0,0.0,0.0,0.0,0.0,0.0,16.629992266439325,-239.80503140509246,16.69824650178046,-232.1555102635266,16.42083352118253,-136.6542391019143,16.537815812686945,-187.07044581776155,14.539136146083897,-3.975933882381824,16.85442969589272,-42.82621756717401,15.201170614891126,-24.25801266030703,12.94006822401198,-171.22138512758125,15.73264105293709,-86.89037678624936,596.6901655522479,613.1577019921654,0.0,0.0,0.0,0.0,0.0,0.0,0.0,0.0,0.0,0.0,0.0,0.0,0.0,0.0,0.0,0.0,0.0,0.0,0.0,0.0,0.0,0.0,1.2508784510183107,0.3818310290043684,314.5746719812295,371.5502451825789,7613.499769157292,0.21926047414384385,0.0334646633308675,167.03292264839818,197.37344985730989,4041.9193848335419,1.2431984467150162,0.234920341404954,264.5909565611775,312.4364996632678,6371.941228311491,0.233366789106465,0.04409803271097221,143.4895880455502,169.35946653586445,3482.4172387543869,0.0,0.0,8.560895644308025,10.169708740702454,179.69131087756473,0.0,0.0,13.763554194473347,16.21171157826297,354.52728685568027,0.0,0.0,82.35515943175048,97.62081377577147,1824.2604978737009,0.0,0.0,52.58817529242208,62.91936798619582,897.3040807631036,0.0,0.0,26.35569399237103,31.17426193610089,618.2161596652646,42.83386194357779,29.378506134141156,401.7974529825718,475.97136478653126,9929.411683466184,0.0,0.0,66.12832440625788,79.57025313514247,919.5901541550984,0.0,16.17062548277556,37.331700945330087,22.0,30.0,0.0,16.225239927688038,37.28974914083874,12.0,30.0,0.0,16.047661761934348,37.55081761925405,22.0,30.0,0.0,16.26172202409138,36.92914637531727,12.0,30.0,0.0,14.51964914778224,40.44884523547882,12.0,30.0,0.0,17.01337514965841,34.58840927893425,12.0,30.0,0.0,15.120594157557353,39.49852545042768,10.0,30.0,0.0,12.497347413320501,46.25816974000759,12.0,30.0,0.0,15.804102716369908,37.29711167953761,20.0,30.0,0.0,15.24032421973701,0.0,0.0,0.0,10.878828209459233,0.0,0.0,458.9755038247023,457.56398661275366,463.7429958227134,461.26263499321785,527.9699779540085,767.9822320882408,503.8923804575062,586.0588584534565,698.1028940579727,0.0,79.9586424163404,79.9586424163404,60.0,0.0,60.0,60.0,12.0,12.0,12.0,19.0,12.0,12.0,21.0,10.0,0.0,0.0,0.0,0.0,0.0,0.0,0.0,0.0,0.0,0.0,0.0,0.0,0.0,79.9586424163404,79.9586424163404,0.0,0.0,0.0,79.9586424163404,0.0,0.0,0.002336666666666666 
 03/02  03:30:00,4.135,89.5,6.785,0.0,0.0,0.0,0.0,0.0,2.0,2.0,0.0,0.0,0.0,0.0,0.0,508.0,0.0,0.0,0.0,0.0,0.0,0.0,0.0,0.0,0.0,0.0,0.0,16.473015343148505,-96.79292737965625,16.70752492551314,-281.9419228226892,16.415989185853733,-281.8902572078832,16.417801890504088,-137.94453855158077,14.505333257715938,-4.277702346681778,16.805299919848218,-41.881431624167507,15.164599564775408,-51.55794725035116,12.897300853986643,-167.17468295946277,15.698001471103094,-86.20069484599776,559.6186869095832,605.9170308552148,0.0,0.0,0.0,0.0,0.0,0.0,0.0,0.0,0.0,0.0,0.0,0.0,0.0,0.0,0.0,0.0,0.0,0.0,0.0,0.0,0.0,0.0,1.2334574256444982,0.3765132556912388,282.23375896660328,333.23053874393465,6732.343840879435,0.2127844734280237,0.032476262733214859,149.2626814158124,176.05916481049497,3598.4649970114944,1.1608402057925314,0.21935755967356986,240.58168293902919,284.1512862553547,5745.770562844626,0.22584993367380214,0.04267761407290288,131.863531575279,155.77956671911088,3144.2815445846556,0.0,0.0,8.207424518012216,9.752616735491735,170.40586432482218,0.0,0.0,13.940501878572589,16.420779728208957,355.4359540623498,0.0,0.0,78.1675901519938,92.67962893379532,1714.6473307379197,0.0,0.0,52.11475889947208,62.35550926663822,877.098710816379,0.0,0.0,27.598779525679,32.64341535304265,640.9217874835456,42.86674155950582,29.40105731104652,358.54972044454669,424.73527112008517,8805.479889300492,0.0,0.0,65.57149815557597,78.8958569278133,899.6426946308618,0.0,15.970461691903106,38.03140348028258,22.0,30.0,0.0,16.305452761145568,37.25703909939012,12.0,30.0,0.0,16.097288708850735,37.86017143031681,22.0,30.0,0.0,16.092840659395287,37.82693692598497,12.0,30.0,0.0,14.486453225252359,40.76814235174798,12.0,30.0,0.0,16.961786553720139,34.90580997821925,12.0,30.0,0.0,15.09244742279936,39.780502300818067,10.0,30.0,0.0,12.463021648085226,46.62836027651119,12.0,30.0,0.0,15.767831766068582,37.61297506207622,20.0,30.0,0.0,15.105907654319696,0.0,0.0,0.0,10.868855564839702,0.0,0.0,459.17554737448156,459.4179924417232,459.939907455314,455.49133497802668,525.11280975776,764.7591872047137,504.6113828725745,583.7696230324002,692.7399521381453,0.0,79.9586424163404,79.9586424163404,60.0,0.0,60.0,60.0,12.0,12.0,12.0,19.0,12.0,12.0,21.0,10.0,0.0,0.0,0.0,0.0,0.0,0.0,0.0,0.0,0.0,0.0,0.0,0.0,0.0,79.9586424163404,79.9586424163404,0.0,0.0,0.0,79.9586424163404,0.0,0.0,0.0023333333333333337 
 03/02  03:40:00,4.216666666666667,90.0,6.803333333333333,0.0,0.0,0.0,0.0,0.0,2.0,2.0,0.0,0.0,0.0,0.0,0.0,508.0,0.0,0.0,0.0,0.0,0.0,0.0,0.0,0.0,0.0,0.0,0.0,16.487743749331725,-232.19444330560874,16.565468909829563,-227.40109336573074,16.289254710400308,-128.77405069003727,16.417788088442359,-182.294082987813,14.471377922311035,-4.033948673010741,16.75976022248914,-43.3929971853955,15.103900189155821,-25.284812250588858,12.855520696860993,-164.82056311195653,15.664761780749494,-87.71609667594106,573.8044290842354,601.0278425320689,0.0,0.0,0.0,0.0,0.0,0.0,0.0,0.0,0.0,0.0,0.0,0.0,0.0,0.0,0.0,0.0,0.0,0.0,0.0,0.0,0.0,0.0,1.2086246061558799,0.3689330299621123,304.9447839700871,360.25067428138996,7207.752195768502,0.21132792238612708,0.03225395640813905,163.56856883966936,193.32319024435646,3865.5422611575866,1.2003348551864044,0.22682064534890493,251.4324456969374,296.93628806493219,5917.963832178916,0.22518795543726023,0.04255252370318596,136.28476246945935,160.87874432908309,3231.4048037627246,0.0,0.0,8.526707995117388,10.12961396479209,175.07106414739384,0.0,0.0,13.851584799855403,16.317756585932608,349.7156854303741,0.0,0.0,81.66019818676026,96.81094797186616,1766.1595308861234,0.0,0.0,52.35119518862202,62.6387755382754,868.951639229452,0.0,0.0,26.92090747941411,31.844515607916067,619.0236261666657,42.9401184409612,29.451384390234034,384.80702160488326,455.91209111225109,9318.016120519555,0.0,0.0,65.83364448045498,79.20434262985168,891.7145658458567,0.0,16.046182021615658,38.31196013379517,22.0,30.0,0.0,16.10106280559134,38.28523067722227,12.0,30.0,0.0,15.934501088247674,38.496254510558149,22.0,30.0,0.0,16.14172419031762,37.8680921909097,12.0,30.0,0.0,14.453158409171781,41.06110046534212,12.0,30.0,0.0,16.91640526725476,35.225299945417869,12.0,30.0,0.0,15.019746992820286,40.3761463126371,10.0,30.0,0.0,12.429322470941612,47.02774364315361,12.0,30.0,0.0,15.733904344772139,37.91142169199313,20.0,30.0,0.0,15.12517923990021,0.0,0.0,0.0,10.864437920377075,0.0,0.0,456.07528731024629,455.2628965089041,461.05325862332088,457.5181780579278,523.0640587587864,760.2406917211188,500.45990280986566,581.8659803100892,689.3926972399174,0.0,79.9586424163404,79.9586424163404,60.0,0.0,60.0,60.0,12.0,12.0,12.0,19.0,12.0,12.0,21.0,10.0,0.0,0.0,0.0,0.0,0.0,0.0,0.0,0.0,0.0,0.0,0.0,0.0,0.0,79.9586424163404,79.9586424163404,0.0,0.0,0.0,79.9586424163404,0.0,0.0,0.0023300000000000006 
 03/02  03:50:00,4.298333333333333,90.5,6.821666666666667,0.0,0.0,0.0,0.0,0.0,2.0,2.0,0.0,0.0,0.0,0.0,0.0,508.0,0.0,0.0,0.0,0.0,0.0,0.0,0.0,0.0,0.0,0.0,0.0,16.339519730039645,-89.9457561396107,16.576453862520628,-273.1389743865309,16.28335491945741,-273.1488470263498,16.301537721629356,-138.55654265284285,14.43726603670029,-4.278565948875141,16.71173972136025,-42.47246972471885,15.068336656685169,-50.938223334889247,12.815040045346068,-160.96238881473608,15.630577608452726,-87.09267927119555,539.1169086124764,594.0884672479448,0.0,0.0,0.0,0.0,0.0,0.0,0.0,0.0,0.0,0.0,0.0,0.0,0.0,0.0,0.0,0.0,0.0,0.0,0.0,0.0,0.0,0.0,1.190292479356325,0.36333714266066088,271.7297869767108,320.8700302749794,6333.474552587359,0.20533991989595169,0.03134003661415624,143.34676189336398,169.10409832478045,3375.2872839755348,1.1209558458307388,0.21182083254549118,234.69140496865556,277.24448931926676,5475.490815539288,0.2175066980842959,0.041101038942610707,130.48489472297303,154.18294599037945,3039.258147822022,0.0,0.0,8.195101640176779,9.738289255722436,166.39276295400055,0.0,0.0,14.013110155348242,16.50847622062723,350.1577369347798,0.0,0.0,77.70461806191415,92.1423226091851,1664.000769146229,0.0,0.0,51.89146444562778,62.0902446207266,849.4728661444262,0.0,0.0,28.078260718175018,33.21209588991985,639.1043390493665,42.98105247435357,29.479459858953076,346.13445169853949,410.07658379083486,8328.243495572464,0.0,0.0,65.29884748119221,78.5554855814641,872.496516399447,0.0,15.859676682654264,39.01301728958662,22.0,30.0,0.0,16.18260783392784,38.25408763585352,12.0,30.0,0.0,15.979513304561089,38.86824483264079,22.0,30.0,0.0,15.977432555149875,38.832104176007899,12.0,30.0,0.0,14.419590801018938,41.45738734898584,12.0,30.0,0.0,16.866065847541735,35.600378219009247,12.0,30.0,0.0,14.992863974828126,40.69698219304664,10.0,30.0,0.0,12.3972585849897,47.47028846732748,12.0,30.0,0.0,15.69825373158195,38.29612641227594,20.0,30.0,0.0,14.997910655845854,0.0,0.0,0.0,10.85583059371725,0.0,0.0,456.5342011227941,457.0776469189042,457.77956632698638,452.7825711488547,520.6514348996927,758.0696079491063,501.35377398226447,580.0604937405268,685.0809907475272,0.0,79.9586424163404,79.9586424163404,60.0,0.0,60.0,60.0,12.0,12.0,12.0,19.0,12.0,12.0,21.0,10.0,0.0,0.0,0.0,0.0,0.0,0.0,0.0,0.0,0.0,0.0,0.0,0.0,0.0,79.9586424163404,79.9586424163404,0.0,0.0,0.0,79.9586424163404,0.0,0.0,0.00235 
 03/02  04:00:00,4.38,91.0,6.84,0.0,0.0,0.0,0.0,0.0,2.0,2.0,0.0,0.0,0.0,0.0,0.0,508.0,0.0,0.0,0.0,0.0,0.0,0.0,0.0,0.0,0.0,0.0,0.0,16.35187942860101,-224.96612494340298,16.439326339627315,-222.98820347552442,16.16407744392414,-121.1426501450519,16.303610696649075,-178.09473579977863,14.403159535424582,-4.048603715829103,16.667178843762956,-43.80806189818651,15.010245675128099,-25.998745987461918,12.775380926450494,-158.65425370628749,15.597716800758369,-88.37037697196803,553.0134399534682,589.2175833070372,0.0,0.0,0.0,0.0,0.0,0.0,0.0,0.0,0.0,0.0,0.0,0.0,0.0,0.0,0.0,0.0,0.0,0.0,0.0,0.0,0.0,0.0,1.1673471679431376,0.3563330793477222,296.21455855540128,349.9976125555869,6837.903413524205,0.2035363968361321,0.031064773631888293,160.30759564441176,189.505148689082,3700.2335335524605,1.158479326266947,0.218911437314238,239.58268770780854,282.9681992510707,5511.424666637374,0.2171422798765632,0.041032176847423117,129.70992504187314,153.1329244241377,3004.7699867714529,0.0,0.0,8.49713843031841,10.094842761066042,170.56579633162435,0.0,0.0,13.92497023246929,16.40618952671892,344.5086966706888,0.0,0.0,81.01861972759655,96.0610991893137,1710.7321741380795,0.0,0.0,52.108336007081607,62.34920399960462,841.1580464606061,0.0,0.0,27.400375524099617,32.412758953530858,617.4312286897297,43.06037682033245,29.533866131915276,369.38276400994786,437.68936494426915,8763.645671652357,0.0,0.0,65.5446516059061,78.84353573435985,864.4284042084864,0.0,15.929161377241585,39.35724750594028,22.0,30.0,0.0,15.985044980246436,39.33798241622214,12.0,30.0,0.0,15.828323353238064,39.504094058397409,22.0,30.0,0.0,16.029291225480355,38.87524631775511,12.0,30.0,0.0,14.386139779567788,41.81175465376889,12.0,30.0,0.0,16.821670795409419,35.97108845667725,12.0,30.0,0.0,14.924235259913502,41.34353367357272,10.0,30.0,0.0,12.365581377819863,47.93305818788444,12.0,30.0,0.0,15.664781618133457,38.65049935329894,20.0,30.0,0.0,15.016442241375576,0.0,0.0,0.0,10.852331436898954,0.0,0.0,453.98760204574276,453.57157244322277,459.2116112676156,454.95426220590948,518.9938701046801,754.4774371881786,497.8854744560939,578.6493390106564,682.6779145021294,0.0,79.9586424163404,79.9586424163404,60.0,0.0,60.0,60.0,12.0,12.0,12.0,19.0,12.0,12.0,21.0,10.0,0.0,0.0,0.0,0.0,0.0,0.0,0.0,0.0,0.0,0.0,0.0,0.0,0.0,79.9586424163404,79.9586424163404,0.0,0.0,0.0,79.9586424163404,0.0,0.0,0.00237 
 03/02  04:10:00,4.501666666666667,91.33333333333334,6.82,0.0,0.0,0.0,0.0,0.0,2.0,2.0,0.0,0.0,0.0,0.0,0.0,508.0,0.0,0.0,0.0,0.0,0.0,0.0,0.0,0.0,0.0,0.0,0.0,16.211981675220625,-82.58593361669637,16.45247166012113,-262.4111673463267,16.158097523731116,-262.2316089534729,16.191132397299087,-137.9276931447523,14.368952711413606,-4.2686689121362779,16.62087036367265,-42.876378279023047,14.975176105616523,-50.273805516801989,12.736999626171201,-154.93678727510724,15.564200958254644,-87.82344526501902,514.6869521639519,581.6651157139813,0.0,0.0,0.0,0.0,0.0,0.0,0.0,0.0,0.0,0.0,0.0,0.0,0.0,0.0,0.0,0.0,0.0,0.0,0.0,0.0,0.0,0.0,1.1393604020288429,0.3477901105094148,261.67367491899878,309.031579597727,5938.410795216678,0.19637553186112734,0.02997184552215008,137.70045644059136,162.461230663387,3156.516453155855,1.0736077689988369,0.2028737280799012,228.9581751450478,270.5157943426269,5201.06654287164,0.20764705303503698,0.039237916295358447,128.99091591962617,152.44758089003555,2924.702392379667,0.0,0.0,8.158718829846299,9.69542155473474,161.25826289449226,0.0,0.0,14.04558300659987,16.548832618460904,342.78173509893215,0.0,0.0,77.07558000955078,91.4072454272673,1604.8769193092895,0.0,0.0,51.62256237540195,61.76982926894052,817.5673786418565,0.0,0.0,28.506765469274499,33.72049162147862,633.5108521940756,42.844906743379599,29.386081442647197,334.3317461982658,396.12590994715517,7852.24839395278,0.0,0.0,64.90620851813333,78.07095225874497,838.8986325618143,0.0,15.756069662047512,40.05788578831198,22.0,30.0,0.0,16.06838573015834,39.30766105099591,12.0,30.0,0.0,15.870811022786779,39.93029473565779,22.0,30.0,0.0,15.869661383096167,39.89964705824114,12.0,30.0,0.0,14.352451090427643,42.27248033179657,12.0,30.0,0.0,16.772960469729286,36.39363722765853,12.0,30.0,0.0,14.89763916729082,41.699414905564399,10.0,30.0,0.0,12.335369814464145,48.43413206448374,12.0,30.0,0.0,15.629881359335914,39.09214224941678,20.0,30.0,0.0,14.905590079533468,0.0,0.0,0.0,10.844005918142678,0.0,0.0,454.6711953877891,455.4104943443144,456.24206430727238,450.79374975317008,517.1053587984923,753.2106897064498,499.1264078855406,577.52777337412,679.2015604597307,0.0,79.9586424163404,79.9586424163404,60.0,0.0,60.0,60.0,12.0,12.0,12.0,19.0,12.0,12.0,21.0,10.0,0.0,0.0,0.0,0.0,0.0,0.0,0.0,0.0,0.0,0.0,0.0,0.0,0.0,79.9586424163404,79.9586424163404,0.0,0.0,0.0,79.9586424163404,0.0,0.0,0.0023899999999999999 
 03/02  04:20:00,4.623333333333334,91.66666666666667,6.800000000000001,0.0,0.0,0.0,0.0,0.0,2.0,2.0,0.0,0.0,0.0,0.0,0.0,254.0,0.0,0.0,0.0,0.0,0.0,0.0,0.0,0.0,0.0,0.0,0.0,16.22755403520013,-147.23796197192224,16.38690354735394,-162.17828067679194,16.147278939216755,-41.96480255579627,16.140776761452157,-200.49415716778368,14.33159076644419,-3.6449005363834887,16.572215469397539,-44.20432387462159,14.936529958162956,-19.329989577874586,12.696133430838835,-151.99873461580433,15.528597055741527,-87.66313164478834,461.3107645283435,579.253296696975,0.0,0.0,0.0,0.0,0.0,0.0,0.0,0.0,0.0,0.0,0.0,0.0,0.0,0.0,0.0,0.0,0.0,0.0,0.0,0.0,0.0,0.0,1.0938110755969036,0.3338861647121195,166.19801439774415,196.04173473717544,3736.387062610109,0.19982968375821975,0.030499035982634275,79.03323249913054,93.16590993432819,1796.8481128838344,1.1196677478942745,0.21157742779559239,239.53812369130763,282.48862609219318,5422.060779291469,0.20973276816252568,0.039632042358753897,121.82857753425435,143.7105662882516,2722.078203784879,0.0,0.0,8.565282236554266,10.159563119814166,166.5772966728225,0.0,0.0,13.863392583350885,16.306641541712766,333.62622338586416,0.0,0.0,81.42799416265329,96.39096395307095,1670.7815745017309,0.0,0.0,51.94566783150817,62.049590693153707,806.4114437282842,0.0,0.0,27.386729448776096,32.33993899664481,600.0386979576814,42.63626036549354,29.242976931065539,237.68156234181508,281.396861002808,5668.696478365613,0.0,0.0,65.20663272560594,78.28448943375354,826.9528709077466,0.0,15.830379145907461,40.348376372687898,22.0,30.0,0.0,16.009817118943997,39.96034682586076,12.0,30.0,0.0,15.932799077717972,39.36937924213128,22.0,30.0,0.0,15.814984547035879,40.46730262591258,12.0,30.0,0.0,14.312466218556459,42.784874512305,12.0,30.0,0.0,16.71842883995397,36.8861668071842,12.0,30.0,0.0,14.866633870387242,41.73773009952364,10.0,30.0,0.0,12.298970099378217,48.73750500072824,12.0,30.0,0.0,15.590304948320118,39.50617902529446,20.0,30.0,0.0,14.74160727573697,0.0,0.0,0.0,10.844464508147244,0.0,0.0,453.3556182424488,448.02996354339936,460.68600329887638,446.90990041940878,516.0252214120302,752.3050956993139,498.545454530882,577.7856549859745,680.3178260254738,0.0,79.9586424163404,79.9586424163404,60.0,0.0,60.0,60.0,12.0,12.0,12.0,19.0,12.0,12.0,21.0,10.0,0.0,0.0,0.0,0.0,0.0,0.0,0.0,0.0,0.0,0.0,0.0,0.0,0.0,79.9586424163404,79.9586424163404,0.0,0.0,0.0,79.9586424163404,0.0,0.0,0.0023933333333333334 
 03/02  04:30:00,4.745,92.0,6.779999999999999,0.0,0.0,0.0,0.0,0.0,2.0,2.0,0.0,0.0,0.0,0.0,0.0,254.0,0.0,0.0,0.0,0.0,0.0,0.0,0.0,0.0,0.0,0.0,0.0,16.28523773541663,-36.30334303858763,16.29138833693817,-299.3681765674605,16.039135986462509,-226.27938339204776,16.19583923556663,-8.868037959575759,14.298314992641363,-3.2156736584726106,16.53023270380344,-41.304201889980507,14.891529381859849,-34.09892052125997,12.65952637957329,-148.96236028368686,15.497328362809473,-86.42981304610464,426.16498362767018,576.6186253698918,0.0,0.0,0.0,0.0,0.0,0.0,0.0,0.0,0.0,0.0,0.0,0.0,0.0,0.0,0.0,0.0,0.0,0.0,0.0,0.0,0.0,0.0,1.0697285591062514,0.3265349692021524,161.94937363540854,190.9012027345239,3660.0478463990068,0.18829020732374047,0.02873782163060752,133.3733088648893,157.28235878032207,2959.9225757469769,1.0471448296213156,0.19787317264197203,103.83959247111916,122.50361588699455,2302.9158315392726,0.21002615274709753,0.03968748162265636,79.01481574879174,93.15838771286743,1774.378321404054,0.0,0.0,8.296680661774048,9.841359910646599,158.81137846199315,0.0,0.0,13.858186293059417,16.30154442194644,329.04644554646247,0.0,0.0,79.25860658897176,93.82574841232024,1599.105014754429,0.0,0.0,51.80057752091548,61.87649580406147,788.4898340195603,0.0,0.0,27.444616263621467,32.40969496532941,592.9847473053332,42.453723690421899,29.11778030893135,177.47701518278709,210.1872540585143,4343.743861862681,0.0,0.0,64.95456425962922,77.977669721747,807.7608839137143,0.0,16.01871932256869,39.746412112327288,22.0,30.0,0.0,15.866953554740104,40.71227786838907,12.0,30.0,0.0,15.759879364995778,40.81712936934974,22.0,30.0,0.0,15.99018953703004,39.3083583354073,12.0,30.0,0.0,14.280476484180943,43.025498917043979,12.0,30.0,0.0,16.67703552180823,37.157717687801689,12.0,30.0,0.0,14.815355379999552,42.46867414346611,10.0,30.0,0.0,12.270182567974894,49.181930193326618,12.0,30.0,0.0,15.55918525008763,39.68808346216405,20.0,30.0,0.0,14.623664299442437,0.0,0.0,0.0,10.844943169147135,0.0,0.0,453.73607762129088,450.10110108920488,458.68078107899489,459.29697174314,515.1235639682464,751.1241992777643,496.7270465936697,575.6283448169783,681.0497037419293,0.0,79.9586424163404,79.9586424163404,60.0,0.0,60.0,60.0,12.0,12.0,12.0,19.0,12.0,12.0,21.0,10.0,0.0,0.0,0.0,0.0,0.0,0.0,0.0,0.0,0.0,0.0,0.0,0.0,0.0,79.9586424163404,79.9586424163404,0.0,0.0,0.0,79.9586424163404,0.0,0.0,0.0023966666666666669 
 03/02  04:40:00,4.866666666666667,92.33333333333334,6.76,0.0,0.0,0.0,0.0,0.0,2.0,2.0,0.0,0.0,0.0,0.0,0.0,762.0,0.0,0.0,0.0,0.0,0.0,0.0,0.0,0.0,0.0,0.0,0.0,16.154212136655837,-144.88067635646724,16.275211800430456,-182.37011944650414,16.053506412483409,-54.539119227958938,16.12890492402058,-162.06830523785124,14.26955821424471,-3.6686402779639719,16.494650259352455,-42.482893202223269,14.862601605237505,-30.41918216067327,12.627616741783302,-147.10635462939883,15.4708435869604,-87.31391011332834,401.19112407750637,569.9503191523551,0.0,0.0,0.0,0.0,0.0,0.0,0.0,0.0,0.0,0.0,0.0,0.0,0.0,0.0,0.0,0.0,0.0,0.0,0.0,0.0,0.0,0.0,1.0570582931700175,0.3226673666575148,182.121565693106,215.4180605517537,3985.9698247065555,0.19209748007885053,0.029318907215941806,99.93547117966837,118.08709837342404,2200.2351689294798,1.0286560675343735,0.19437945342675257,115.21901178482675,136.39495092375624,2543.165969597082,0.19542965298297264,0.036929261712579878,70.72047681211292,83.7143925346798,1553.30547090376,0.0,0.0,8.411468336397329,10.00174996664383,158.51969036673786,0.0,0.0,13.636041984809541,16.079111016675087,319.57096774966785,0.0,0.0,79.89551623997797,94.81234608496469,1589.2532573814895,0.0,0.0,51.884284007974638,62.12543550230951,774.639724345645,0.0,0.0,27.34732960269922,32.371256692830289,582.8505468422922,42.28048582378516,28.99896147036023,179.4485973186346,213.19402410236507,4324.471293829478,0.0,0.0,64.99135377150506,78.20380553762432,791.4161792618149,0.0,15.799371494665584,40.77912845758653,22.000000000000019,30.00000000000002,0.0,15.907419342677827,40.73713899391568,12.00000000000001,30.00000000000002,0.0,15.859534096303719,40.248682501593169,22.000000000000019,30.00000000000002,0.0,15.874818993340189,40.76810806866463,12.00000000000001,30.00000000000002,0.0,14.257295118155572,43.308791201733949,12.00000000000001,30.00000000000002,0.0,16.647154994012948,37.41420810686692,12.00000000000001,30.00000000000002,0.0,14.797904140190115,42.749288341465177,10.000000000000007,30.00000000000002,0.0,12.249751792905375,49.41279819972523,12.00000000000001,30.00000000000002,0.0,15.53706375305704,39.95279085743399,20.000000000000015,30.00000000000002,0.0,14.54170435706548,0.0,0.0,0.0,10.841395642337739,0.0,0.0,454.1286606358764,450.763827776086,460.6272902114388,449.9736111251501,514.0637069187527,751.9197657438268,495.23196243583336,574.7889621370345,680.4869492012167,0.0,79.95864241634047,79.95864241634047,60.00000000000004,0.0,60.00000000000004,60.00000000000004,12.0,12.0,12.0,19.0,12.0,12.0,21.0,10.0,0.0,0.0,0.0,0.0,0.0,0.0,0.0,0.0,0.0,0.0,0.0,0.0,0.0,79.95864241634047,79.95864241634047,0.0,0.0,0.0,79.95864241634047,0.0,0.0,0.0024000000000000004 
 03/02  04:50:00,4.988333333333333,92.66666666666666,6.739999999999999,0.0,0.0,0.0,0.0,0.0,2.0,2.0,0.0,0.0,0.0,0.0,0.0,254.0,0.0,0.0,0.0,0.0,0.0,0.0,0.0,0.0,0.0,0.0,0.0,16.072274462566435,-158.959244275964,16.314171836231656,-31.17611654781578,16.06110419555086,-57.418594763744298,16.032609344658427,-211.90973055472524,14.231352172066899,-3.1762386354639604,16.446969185314069,-42.33221241431704,14.82749027998499,-20.323700129973987,12.58861437829723,-143.60520481578465,15.435310686212635,-86.6572094372467,275.2699752684016,565.116285434978,0.0,0.0,0.0,0.0,0.0,0.0,0.0,0.0,0.0,0.0,0.0,0.0,0.0,0.0,0.0,0.0,0.0,0.0,0.0,0.0,0.0,0.0,1.0355294084017677,0.3160956680103076,66.706839639107,78.69603160686653,1446.930268686493,0.1915310729380812,0.029232459239633886,8.54258895027827,10.066133032151337,192.19647804065265,0.9969218373882,0.18838281129784588,87.17986077213149,102.77806690793027,1920.6763747076353,0.19177514892707804,0.03623869027344633,68.86249454957835,81.22497110191986,1479.0978670475218,0.0,0.0,8.519009243406077,10.105435597825079,157.82393872444846,0.0,0.0,13.600098271339878,15.999484790144113,314.131363331031,0.0,0.0,80.65741975030613,95.48049448275798,1580.7214378322534,0.0,0.0,51.740540696028727,61.80615956149655,756.422617760651,0.0,0.0,27.362720752907344,32.31380498993387,574.6043049953006,42.06753612473566,28.852905435346828,78.83105729225143,93.49664937216302,2211.1706517977756,0.0,0.0,64.76198894015583,77.73249496413919,772.6151683877305,0.0,15.702330038664897,41.59926557130452,22.0,30.0,0.0,16.0393054651859,40.74874543355443,12.0,30.0,0.0,15.922947202616184,40.6006313449302,22.0,30.0,0.0,15.73351161649524,41.878715562136097,12.0,30.0,0.0,14.215124428338426,43.813922184560748,12.0,30.0,0.0,16.59258946287246,37.89472464536806,12.0,30.0,0.0,14.768856832462858,43.07146879934636,10.0,30.0,0.0,12.21415067344983,49.92792304118037,12.0,30.0,0.0,15.496598601564289,40.40003089395725,20.0,30.0,0.0,14.121314085322276,0.0,0.0,0.0,10.839126620331069,0.0,0.0,456.575477569026,448.7299168516173,461.54429982008068,445.17484396924245,512.7704627753986,752.9080896716804,497.41375611989619,573.7570048590359,679.2792022363315,0.0,79.9586424163404,79.9586424163404,60.0,0.0,60.0,60.0,12.0,12.0,12.0,19.0,12.0,12.0,21.0,10.0,0.0,0.0,0.0,0.0,0.0,0.0,0.0,0.0,0.0,0.0,0.0,0.0,0.0,79.9586424163404,79.9586424163404,0.0,0.0,0.0,79.9586424163404,0.0,0.0,0.0024000000000000004 
 03/02  05:00:00,5.11,93.0,6.72,0.0,0.0,0.0,0.0,0.0,2.0,2.0,0.0,0.0,0.0,0.0,0.0,762.0,0.0,0.0,0.0,0.0,0.0,0.0,0.0,0.0,0.0,0.0,0.0,16.08529930108963,-57.91218394176535,16.201374085990236,-333.1318482748388,15.935366765948365,-210.50223522592467,16.021752650828434,-97.88241544470148,14.202824976520958,-3.5006717263311515,16.413290509198796,-40.98913414629322,14.78975807259546,-30.072392523052739,12.558364431687487,-141.63032277058836,15.409322353914254,-87.54055162116886,433.79308995902536,559.3767484004029,0.0,0.0,0.0,0.0,0.0,0.0,0.0,0.0,0.0,0.0,0.0,0.0,0.0,0.0,0.0,0.0,0.0,0.0,0.0,0.0,0.0,0.0,0.9879909917899956,0.30158455182844826,174.14515971742225,205.9862992591428,3733.9025150655345,0.17380809030165504,0.02652748630977643,116.72161858318523,138.0439261174971,2498.0311362620429,0.9822388228253609,0.18560824316427855,170.8846790797394,202.11128026578514,3631.4067548388077,0.19351590271373099,0.036567630898286299,87.43636601016245,103.41642322227745,1863.2765438895766,0.0,0.0,8.318703475408285,9.891434276580898,151.65040642667567,0.0,0.0,13.602289108263717,16.04160059071455,310.0651734779316,0.0,0.0,79.77116427017785,94.66353730640839,1537.6597082325507,0.0,0.0,51.779786541800259,62.001853245783419,742.0472298760611,0.0,0.0,27.042264968487733,32.013436482852167,559.9587874801759,41.944815145627718,28.768734667783109,210.0354192230173,249.4214475004785,4806.489439534454,0.0,0.0,64.71566642563528,77.85990371562203,755.6217413486181,0.0,15.806418337783655,41.652569457414838,22.000000000000019,30.00000000000002,0.0,15.839648663537386,41.98317900207361,12.00000000000001,30.00000000000002,0.0,15.716392571470884,41.811393504011238,22.000000000000019,30.00000000000002,0.0,15.779388404516702,41.709402993908927,12.00000000000001,30.00000000000002,0.0,14.192049987139756,44.09320444293271,12.00000000000001,30.00000000000002,0.0,16.565454332782257,38.168548569737868,12.00000000000001,30.00000000000002,0.0,14.732132824446247,43.673243586473279,10.000000000000007,30.00000000000002,0.0,12.195095970944909,50.28132555710154,12.00000000000001,30.00000000000002,0.0,15.47484302846615,40.66616937431475,20.000000000000015,30.00000000000002,0.0,14.61128443018697,0.0,0.0,0.0,10.837765276073914,0.0,0.0,453.50288674689036,448.19529237002737,457.0229679778551,452.3994212301901,512.6849959073121,752.8870841336793,496.171738014801,573.882781730078,680.249710412576,0.0,79.95864241634047,79.95864241634047,60.00000000000004,0.0,60.00000000000004,60.00000000000004,12.0,12.0,12.0,19.0,12.0,12.0,21.0,10.0,0.0,0.0,0.0,0.0,0.0,0.0,0.0,0.0,0.0,0.0,0.0,0.0,0.0,79.95864241634047,79.95864241634047,0.0,0.0,0.0,79.95864241634047,0.0,0.0,0.0024000000000000004 
 03/02  05:10:00,5.25,93.0,6.703333333333333,0.0,0.0,0.0,0.0,0.0,2.0,2.0,0.0,0.0,0.0,0.0,0.0,508.0,0.0,0.0,0.0,0.0,0.0,0.0,0.0,0.0,0.0,0.0,0.0,16.0487897109372,-63.105256712666008,16.14097757733689,-210.56540437373747,15.927638810771825,-118.93416869258329,15.994095237940858,-69.17999795339643,14.1684665159449,-3.2817463362234067,16.372159042690784,-41.20981788682258,14.754982467880975,-25.086556691293028,12.52389859872706,-138.66492709656394,15.37771389658022,-87.15031398531483,320.1374923925948,554.8864850782261,0.0,0.0,0.0,0.0,0.0,0.0,0.0,0.0,0.0,0.0,0.0,0.0,0.0,0.0,0.0,0.0,0.0,0.0,0.0,0.0,0.0,0.0,0.9645188763651853,0.2944196814301543,105.82372675884173,125.07029809255053,2240.754852013981,0.17627569613087963,0.02690410502608053,83.01858638725364,98.08188069894574,1747.5043211049552,0.9496031867890775,0.1794412673448749,100.8995047506682,119.30415792749281,2136.3732785123377,0.18669414988972567,0.03527856195950975,60.5140106205437,71.50025876431492,1271.7587322221908,0.0,0.0,8.394353706761653,9.97598087054405,150.1169740570415,0.0,0.0,13.427622656911407,15.826566608706248,301.2603001520762,0.0,0.0,80.30069558028545,95.23688156498969,1520.6762836106532,0.0,0.0,51.78371532518464,61.97010523034923,724.6185415664459,0.0,0.0,26.76890304410375,31.6706686877591,545.140862506931,41.59673310823469,28.529995273137656,113.46255082143664,134.7786661858434,2809.0947376271308,0.0,0.0,64.62324230207523,77.69405756038839,736.2676961757244,0.0,15.788584311933818,42.08100057059247,22.0,30.0,0.0,15.792826744278323,42.3793293245932,12.0,30.0,0.0,15.765118692054934,41.90604854717482,22.0,30.0,0.0,15.766907636343323,42.12137908850468,12.0,30.0,0.0,14.157148862303237,44.57244725973856,12.0,30.0,0.0,16.522373387311306,38.61981940302965,12.0,30.0,0.0,14.701165776403535,44.16632619626991,10.0,30.0,0.0,12.166607108545719,50.74380577181636,12.0,30.0,0.0,15.441615010996554,41.0795973224796,20.0,30.0,0.0,14.281490001471518,0.0,0.0,0.0,10.837912581536728,0.0,0.0,454.3786506798475,448.9845599387873,460.29660581782397,451.93445710053688,512.0621120849248,754.3389200040879,494.78394761285986,573.371863504929,681.897149057286,0.0,79.9586424163404,79.9586424163404,60.0,0.0,60.0,60.0,12.0,12.0,12.0,19.0,12.0,12.0,21.0,10.0,0.0,0.0,0.0,0.0,0.0,0.0,0.0,0.0,0.0,0.0,0.0,0.0,0.0,79.9586424163404,79.9586424163404,0.0,0.0,0.0,79.9586424163404,0.0,0.0,0.0024000000000000004 
 03/02  05:20:00,5.390000000000001,93.0,6.686666666666667,0.0,0.0,0.0,0.0,0.0,2.0,2.0,0.0,0.0,0.0,0.0,0.0,508.0,0.0,0.0,0.0,0.0,0.0,0.0,0.0,0.0,0.0,0.0,0.0,15.94369898139849,-196.25443719439773,16.035980425777916,-238.53980520119127,15.793183217099207,-183.61081441380839,15.976231861505369,-164.05296473037903,14.135043286962475,-3.85285888842796,16.333705661695939,-41.401364491138028,14.699936326223739,-34.32789288236472,12.492209749999902,-135.52300886306638,15.347552497828037,-87.83680941079553,485.8850009722328,544.3731896910437,0.0,0.0,0.0,0.0,0.0,0.0,0.0,0.0,0.0,0.0,0.0,0.0,0.0,0.0,0.0,0.0,0.0,0.0,0.0,0.0,0.0,0.0,0.948743068645536,0.2896041113081612,309.29516679526327,365.5766098313728,6343.221488056546,0.16338023672136277,0.02493593356553156,165.52106176657623,195.73602648058529,3377.277554650518,0.911087965128121,0.1721632587165762,240.71688594452423,284.42695906791649,4907.170399883786,0.16634775207424247,0.03143381558470189,121.78082627763206,143.76488212554836,2510.0476943079195,0.0,0.0,8.16160090078494,9.698130650091699,143.12728882690448,0.0,0.0,13.493742714252527,15.905385881244856,297.9941878712309,0.0,0.0,77.48289525562913,91.89106523683759,1434.8707536905118,0.0,0.0,51.387081348773808,61.4919958372643,702.1085342924823,0.0,0.0,27.922221691840308,33.03654901050112,559.1694340634135,41.31939465325958,28.339776854087515,377.59722364533516,447.43007114338629,7879.949370512868,0.0,0.0,64.05252857095053,76.9999174129207,710.6213296990206,0.0,15.63024479570451,43.34595732024559,22.0,30.0,0.0,15.639629522370037,43.22313666156046,12.0,30.0,0.0,15.553204938196317,43.20289660753373,22.0,30.0,0.0,15.762570267428514,42.74705940144308,12.0,30.0,0.0,14.123867434855154,45.140531282374208,12.0,30.0,0.0,16.48402285194061,39.14673365800492,12.0,30.0,0.0,14.628250713075726,45.16451629290306,10.0,30.0,0.0,12.142656047801726,51.554591275489588,12.0,30.0,0.0,15.410909780624858,41.70004395024283,20.0,30.0,0.0,14.805197974951822,0.0,0.0,0.0,10.830470466134362,0.0,0.0,450.5654929547892,452.74235838035727,457.9869353463869,451.97375454564925,511.6735451289589,754.0269293441122,494.4706800530492,573.623471612838,677.9154708752062,0.0,79.9586424163404,79.9586424163404,60.0,0.0,60.0,60.0,12.0,12.0,12.0,19.0,12.0,12.0,21.0,10.0,0.0,0.0,0.0,0.0,0.0,0.0,0.0,0.0,0.0,0.0,0.0,0.0,0.0,79.9586424163404,79.9586424163404,0.0,0.0,0.0,79.9586424163404,0.0,0.0,0.00241 
 03/02  05:30:00,5.53,93.0,6.67,0.0,0.0,0.0,0.0,0.0,2.0,2.0,0.0,0.0,0.0,0.0,0.0,508.0,0.0,0.0,0.0,0.0,0.0,0.0,0.0,0.0,0.0,0.0,0.0,15.87884695750267,4.184015034213644,16.043444178813269,-233.67337909856378,15.756542777902802,-160.60107751809483,15.874357034830317,-194.72266495571354,14.101782513228363,-3.8357591944055828,16.293516212830256,-42.40390801464923,14.666667566095441,-34.90680925226275,12.461052930976387,-132.8974432766347,15.316624446304865,-88.5708353696782,355.6903773482229,535.2480041498025,0.0,0.0,0.0,0.0,0.0,0.0,0.0,0.0,0.0,0.0,0.0,0.0,0.0,0.0,0.0,0.0,0.0,0.0,0.0,0.0,0.0,0.0,0.9015107252791651,0.27518642407788926,118.15508092508536,139.52791375777916,2397.0719270936394,0.1588282454085183,0.024241185196660306,83.31268467575177,98.27538364796406,1679.6461449272363,0.8759639974659282,0.1655260766186562,147.68582950567643,174.55636354812433,2965.6786641979917,0.16345344073350863,0.03088689356264334,115.20425288955267,136.07438193328353,2312.415536593811,0.0,0.0,8.155649681472593,9.692826591029047,140.2142843275601,0.0,0.0,13.648462460446165,16.08771629646445,296.4966972464149,0.0,0.0,76.91856303605346,91.23881867991628,1399.3355823997984,0.0,0.0,50.92792688128247,60.94023756303759,679.031597983187,0.0,0.0,28.54790155674378,33.774210501677618,561.9200993989957,40.97054258686153,28.100509318835074,182.1673965399699,215.84500103849309,4018.8571196957957,0.0,0.0,63.42564016903714,76.2383739941836,684.7929847406781,0.0,15.601365672508944,43.372064532293268,22.0,30.0,0.0,15.712348108231627,43.536827744043268,12.0,30.0,0.0,15.539530294167374,44.164543000303329,22.0,30.0,0.0,15.618495387249084,44.20105594476232,12.0,30.0,0.0,14.090800728152616,45.8104951795112,12.0,30.0,0.0,16.441729707668349,39.703250230949588,12.0,30.0,0.0,14.605929249990817,45.44968790345353,10.0,30.0,0.0,12.118749963550874,52.37154596598876,12.0,30.0,0.0,15.378512744881581,42.354982800499048,20.0,30.0,0.0,14.44736982229933,0.0,0.0,0.0,10.82365241176743,0.0,0.0,457.9945598170377,449.2486391613885,453.03057324300939,447.5030567168758,511.4165413322525,754.73186794905,499.46480898725448,576.0445537442371,676.1141161030805,0.0,79.9586424163404,79.9586424163404,60.0,0.0,60.0,60.0,12.0,12.0,12.0,19.0,12.0,12.0,21.0,10.0,0.0,0.0,0.0,0.0,0.0,0.0,0.0,0.0,0.0,0.0,0.0,0.0,0.0,79.9586424163404,79.9586424163404,0.0,0.0,0.0,79.9586424163404,0.0,0.0,0.00242 
 03/02  05:40:00,5.67,93.0,6.653333333333333,0.0,0.0,0.0,0.0,0.0,2.0,2.0,0.0,0.0,0.0,0.0,0.0,762.0,0.0,0.0,0.0,0.0,0.0,0.0,0.0,0.0,0.0,0.0,0.0,15.854191286669487,-111.6717826794771,15.960594231745386,-187.90855369164835,15.748027794738315,-141.35646598226593,15.804206568474238,-54.317584988146759,14.070609127324876,-3.4227806627765204,16.257459269060385,-41.88423134389603,14.627007524033325,-28.97101377700121,12.431044689679317,-130.52737394043448,15.288672295973847,-88.00553954661203,339.97083972781868,532.3582616336216,0.0,0.0,0.0,0.0,0.0,0.0,0.0,0.0,0.0,0.0,0.0,0.0,0.0,0.0,0.0,0.0,0.0,0.0,0.0,0.0,0.0,0.0,0.8683273592117742,0.2650571914565858,147.46825611522679,174.3610909085476,2931.128587103913,0.15552026158677197,0.023736303660984755,97.40129186703956,115.18022483781172,1930.9139628339499,0.8445655198698401,0.15959287979399873,105.54631670018586,124.8588441895931,2102.715205470905,0.1673688008950946,0.03162675753875561,77.477054712105,91.6781424746681,1526.8926971505478,0.0,0.0,8.181788814942366,9.729709625854014,137.8852625382739,0.0,0.0,13.470614148172695,15.88863263232415,287.9564372498206,0.0,0.0,77.68909689537222,92.21274615640684,1385.2265097464979,0.0,0.0,50.97715777901697,61.03775595762748,662.9407138169099,0.0,0.0,27.704865498115895,32.7980450593483,536.0944608937456,40.65949098815371,27.88716803028379,153.62695489398937,182.4092020049527,3397.689130626226,0.0,0.0,63.38968338680647,76.23740274267017,666.796161351846,0.0,15.58952055409975,44.10421513755388,22.000000000000019,30.00000000000002,0.0,15.610425813394862,44.57404871716544,12.00000000000001,30.00000000000002,0.0,15.58052504464857,44.20824786690237,22.000000000000019,30.00000000000002,0.0,15.545078194963822,44.44327756383658,12.00000000000001,30.00000000000002,0.0,14.06167675459593,46.24695353515712,12.00000000000001,30.00000000000002,0.0,16.407179309135985,40.10399293372082,12.00000000000001,30.00000000000002,0.0,14.565001910671823,46.0737452343549,10.000000000000007,30.00000000000002,0.0,12.096228355228435,52.80674211634238,12.00000000000001,30.00000000000002,0.0,15.351814087749787,42.75926642536018,20.000000000000015,30.00000000000002,0.0,14.414450317396048,0.0,0.0,0.0,10.827369923153292,0.0,0.0,453.86017655476555,446.06362733065637,456.6687806474383,451.0527234812233,512.218191123837,755.4463318068565,497.72240718153207,576.3656633798528,677.4546648324392,0.0,79.95864241634047,79.95864241634047,60.00000000000004,0.0,60.00000000000004,60.00000000000004,12.0,12.0,12.0,19.0,12.0,12.0,21.0,10.0,0.0,0.0,0.0,0.0,0.0,0.0,0.0,0.0,0.0,0.0,0.0,0.0,0.0,79.95864241634047,79.95864241634047,0.0,0.0,0.0,79.95864241634047,0.0,0.0,0.0024300000000000005 
 03/02  05:50:00,5.8100000000000009,93.0,6.636666666666667,0.0,0.0,0.0,0.0,0.0,2.0,2.0,0.0,0.0,0.0,0.0,0.0,254.0,0.0,0.0,0.0,0.0,0.0,0.0,0.0,0.0,0.0,0.0,0.0,15.855939004688791,-37.37048589840924,15.911866366703924,-203.84478863705045,15.730234472569656,-49.33230456945421,15.785966115307533,-146.90014992567468,14.03366537113396,-3.2881175946191378,16.214500966661129,-41.252885141123218,14.584293026479046,-27.08169449637853,12.397867784771924,-127.57436608782155,15.255437959397489,-86.80674906142804,289.2472157449024,528.0114533626309,0.0,0.0,0.0,0.0,0.0,0.0,0.0,0.0,0.0,0.0,0.0,0.0,0.0,0.0,0.0,0.0,0.0,0.0,0.0,0.0,0.0,0.0,0.8338692007799683,0.2545388280769134,93.85072446434742,110.64761725430224,1858.165532659947,0.15099863315979254,0.02304618943220277,88.42557684642708,104.2780598583481,1722.9526874626518,0.8213240953101568,0.15520107621129199,70.5815803113075,83.23975230207974,1394.290062855344,0.1574932081823181,0.02976062134964438,65.86824644511559,77.68576387434422,1280.6598502572788,0.0,0.0,8.129507982825646,9.643056511566324,134.12218617201143,0.0,0.0,13.377415096354883,15.738743259217653,281.08702653764888,0.0,0.0,77.07595253403572,91.25143218640253,1346.162511048256,0.0,0.0,50.948475557463357,60.848957825229458,645.4088574847233,0.0,0.0,27.85458664507086,32.89151051924691,529.3759092574026,40.32675045884396,27.65895093199175,112.1524286835818,132.84981092256528,2577.2434600808849,0.0,0.0,63.24797828186206,75.86207632024954,647.6924326787054,0.0,15.654049325756582,44.600783542547457,22.0,30.0,0.0,15.563998873019884,45.174914132462728,12.0,30.0,0.0,15.603501543272117,43.99731139081442,22.0,30.0,0.0,15.535374844389392,45.16564209333183,12.0,30.0,0.0,14.020686221769026,46.98426067829171,12.0,30.0,0.0,16.358204734882738,40.81184607275691,12.0,30.0,0.0,14.518159632139702,46.55600171870722,10.0,30.0,0.0,12.066462982858696,53.29439635715335,12.0,30.0,0.0,15.314179843192355,43.36899454441179,20.0,30.0,0.0,14.25648057287651,0.0,0.0,0.0,10.828170259762655,0.0,0.0,450.52747430611046,445.86919312601,465.5272285993176,446.7955564224547,512.4020524947672,756.146600103026,497.95711373061098,577.198331018167,678.3969381898145,0.0,79.9586424163404,79.9586424163404,60.0,0.0,60.0,60.0,12.0,12.0,12.0,19.0,12.0,12.0,21.0,10.0,0.0,0.0,0.0,0.0,0.0,0.0,0.0,0.0,0.0,0.0,0.0,0.0,0.0,79.9586424163404,79.9586424163404,0.0,0.0,0.0,79.9586424163404,0.0,0.0,0.0024533333333333336 
 03/02  06:00:00,5.95,93.0,6.62,0.0,0.0,0.0,0.0,0.0,2.0,2.0,0.0,0.0,0.0,0.0,0.0,508.0,0.0,0.0,0.0,0.0,0.0,0.0,0.0,0.0,0.0,0.0,0.0,15.721507702652552,-133.5412799157648,15.889890387323659,-209.88264632239226,15.674691856379564,-170.2955905665683,15.807852596004994,-13.286835147956417,14.005198133209177,-3.2944254180178378,16.182073365709763,-40.7459977825317,14.55209829296168,-33.62105963255681,12.371437071402326,-124.93554940244678,15.229995273883543,-87.077522997178,310.82218117890377,521.2869443682592,0.0,0.0,0.0,0.0,0.0,0.0,0.0,0.0,0.0,0.0,0.0,0.0,0.0,0.0,0.0,0.0,0.0,0.0,0.0,0.0,0.0,0.0,0.8134127456403338,0.24829448890120082,205.89514909062229,243.23427874130679,3921.028868861121,0.14406452793242587,0.02198787056355706,102.02543251263299,120.43452749317992,1950.7775191774954,0.766941103586392,0.14492462274875138,81.55227807745375,96.32790304166636,1569.2422930805447,0.1485601002524275,0.028072581302423934,5.737800165796687,6.772979803384892,113.64263710355285,0.0,0.0,8.024674280557223,9.537778218824063,129.72147291585666,0.0,0.0,13.388468097039553,15.782295411268305,276.76790526857078,0.0,0.0,75.94851003433769,90.09796466951664,1300.8974373038114,0.0,0.0,50.713827833336669,60.68274585061805,626.1976947183388,0.0,0.0,28.178101892123484,33.33554833409309,526.2503601274648,40.06197106098908,27.477346406714056,155.2737038429737,184.03838456849088,3295.2308362280357,0.0,0.0,62.86936307055899,75.54860768599275,625.6843008849365,0.0,15.430402153331455,45.45992667411039,22.0,30.0,0.0,15.572967123029894,45.382778811859107,12.0,30.0,0.0,15.53534023615501,45.02357253787351,22.0,30.0,0.0,15.627543987056209,44.942909239294859,12.0,30.0,0.0,13.99637257368395,47.35440293468676,12.0,30.0,0.0,16.32965348793895,41.14582151724474,12.0,30.0,0.0,14.490691130000086,47.33736313616312,10.0,30.0,0.0,12.049395646094468,53.85774548083648,12.0,30.0,0.0,15.29166935445937,43.69575510988204,20.0,30.0,0.0,14.329506200949567,0.0,0.0,0.0,10.827492060142934,0.0,0.0,453.6704247916748,447.42180888832857,461.1023254422169,447.11945983385206,512.3915378639704,756.8525419215962,495.8131298041999,577.2556192619173,678.3224756668761,0.0,79.9586424163404,79.9586424163404,60.0,0.0,60.0,60.0,12.0,12.0,12.0,19.0,12.0,12.0,21.0,10.0,0.0,0.0,0.0,0.0,0.0,0.0,0.0,0.0,0.0,0.0,0.0,0.0,0.0,79.9586424163404,79.9586424163404,0.0,0.0,0.0,79.9586424163404,0.0,0.0,0.002476666666666666 
 03/02  06:10:00,6.0166666666666679,93.0,6.609999999999999,0.0,0.0,0.0,0.0,0.0,2.0,2.0,0.0,0.0,0.0,0.0,0.0,2550.0,0.0,0.0,0.0,0.0,0.0,0.0,0.0,0.0,0.0,0.0,0.0,17.088996827703864,-812.8805380819924,16.698743779443423,277.2988812922028,17.24097129812077,-2390.7682494481807,16.13204525475556,965.7797247583656,13.977878663536203,1.383779468173219,17.230375363534603,-115.64875942019731,14.677878021712417,258.7281253143911,13.483304400742988,-226.83404043421116,16.87422363043016,-249.55574123618036,744.5393166452159,648.5541208321166,0.0,0.0,0.0,0.0,0.0,0.0,0.0,0.0,0.0,0.0,0.0,0.0,0.0,0.0,0.0,0.0,0.0,0.0,0.0,0.0,0.0,0.0,0.8354688438822677,0.25502711962218185,316.22978226066047,371.1888084870938,7361.753432171707,0.22544872484454799,0.034409146038545179,252.66611736670132,297.39799203507917,5464.444165004449,0.7117300743841967,0.13449169961908487,488.86461069758618,573.143495843346,11682.356057213552,0.2716623833252843,0.05133453955504238,363.90642597913787,429.1392173686347,7522.028306574098,0.0,0.0,11.829634883285364,14.074722202134208,189.05969489406008,0.0,0.0,18.51762525254489,21.736355186991906,434.8007562846125,0.0,0.0,82.33179798387033,97.6959462551452,1446.1644582710008,0.0,0.0,41.13421841270984,49.025032210002468,633.5153113725326,0.0,0.0,44.24456332440033,51.95287903075283,1028.3332529367602,41.14252986074919,28.218470412036493,602.9921057879319,712.4169333368768,12563.534357814246,0.0,0.0,55.63033418710675,66.91744813452414,562.3903448286626,2106.1322941645887,17.5557698095625,40.23051848581496,21.999999999999998,30.0,1130.113549181293,16.766808204613349,42.28260066851947,16.599999999999999,30.0,4736.3184759982109,17.85674911171486,39.604633743672547,21.999999999999998,30.0,0.0,16.295400113462227,43.608658311076037,16.999999999999998,30.0,0.0,13.974052321388264,47.948121492438477,12.0,30.0,1907.2556703343035,17.766526289626094,37.94162752069839,20.0,30.0,0.0,14.782587320871132,47.1701717674155,10.0,30.0,1488.8802672185157,13.788083237680267,48.52577350839712,16.999999999999998,30.0,3178.5175588575409,17.529824704853188,38.462076720347237,20.0,30.0,0.0,15.65402100443212,0.0,0.0,0.0,10.98111926377284,0.0,0.0,453.1955141771474,452.1250898783241,451.2397640421431,450.5296454416472,511.1881451622273,743.3889911869985,485.5261244507879,583.97956709056,660.617956108747,13893.645981140864,78.81611391190623,87.84663182654733,60.0,0.0,60.0,60.0,16.0,16.0,19.0,19.0,16.0,12.0,21.0,10.0,1.0,0.0,2106.1322941645887,1130.113549181293,4736.3184759982109,0.0,1907.2556703343035,0.0,1488.8802672185157,3178.5175588575409,13661.62621453158,8196975.728718946,10656168.844914534,78.81611391190623,87.99999999999999,0.45538754048438598,0.7691585916336612,0.3602813740196596,87.99999999999999,0.3542647819438876,10656168.844914534,0.5566207799355557 
 03/02  06:20:00,6.083333333333334,93.0,6.6000000000000009,0.0,0.0,0.0,0.0,0.0,2.0,2.0,0.0,0.0,0.0,0.0,0.0,1530.0,0.0,0.0,0.0,0.0,0.0,0.0,0.0,0.0,0.0,0.0,0.0,17.9939621551287,-1318.719294755304,17.08082674501952,819.071875650588,18.27986806962872,-3428.1531423734625,17.042631029786074,1042.6094591166962,13.959192963516625,15.697159708563515,18.297646691032314,-213.84836932221303,15.043245180491703,194.3121634558027,14.881242557585339,-173.09985195362007,18.032162376023217,-416.9443936161305,1042.9809193895042,970.2055703077201,0.0,0.0,0.0,0.0,0.0,0.0,0.0,0.0,0.0,0.0,0.0,0.0,0.0,0.0,0.0,0.0,0.0,0.0,0.0,0.0,0.0,0.0,0.948581828833559,0.2895548928063368,435.20388501951165,508.58180129116178,11142.945530306624,0.3109150330905079,0.04745345437889315,374.919948495325,440.23988402563119,8590.746816277062,0.718906197998825,0.13584773204815293,587.7772552103413,685.9900621195053,15489.649817367845,0.29565502006422347,0.05586829555257433,406.01903356077278,476.5699132150771,9436.931427873053,0.0,0.0,14.814138418367536,17.62283338185866,234.6328139893497,0.0,0.0,23.35580826848443,27.239190700427689,625.7971908236762,0.0,0.0,98.18533282404046,116.19904832231789,1826.0647620740918,0.0,0.0,24.919605622334623,29.455568822151215,493.63806760620579,0.0,0.0,62.162049864415838,72.51365693056192,1659.1624198804287,42.11521498873274,28.885606988156895,766.7958420661312,903.1635002909602,17169.215970823017,0.0,0.0,62.03576383090678,74.41196702276511,699.1081017677414,1986.9721247286973,19.043757342264983,36.80197760760705,22.0,30.0,0.0,17.636679315762945,40.136949953451679,16.0,30.0,4486.794317677606,19.468963426555388,35.89265795079495,22.0,30.0,0.0,17.83646402246694,39.718035012311819,16.0,30.0,0.0,13.968470346797032,48.81954791455643,12.0,30.0,1544.2443862834414,19.68307668207628,34.09021421396374,20.0,30.0,0.0,15.386205621767822,45.63271467324914,10.0,30.0,1396.194894947516,16.170240886897667,41.99165142578619,17.0,30.0,1216.1561146494974,19.6318015945822,34.33342203668125,19.5,30.0,0.0,16.772673589659335,0.0,0.0,0.0,11.612496069719292,0.0,0.0,453.50209979478759,453.91216616636168,451.01997676252929,450.98559703538077,512.9853739875396,701.9255574134269,505.4394018451358,593.2885946890183,617.1615486956937,11549.04729195255,80.36800315388862,87.87254791655112,60.0,0.0,60.0,60.0,16.0,16.0,19.0,19.0,16.0,12.0,21.0,10.0,1.0,0.0,1986.9721247286973,0.0,4486.794317677606,0.0,1544.2443862834414,0.0,1396.194894947516,1216.1561146494974,11356.1816279738,6813708.9767842809,8912218.152967345,80.36800315388862,88.0,0.37853938759912666,0.7644507420115936,0.36028137401965956,88.0,0.3542647819438875,8912218.152967345,0.46594867728763519 
 03/02  06:30:00,6.15,93.0,6.59,0.0,0.0,0.0,0.0,0.0,2.0,2.0,0.0,0.0,0.0,0.0,0.0,1020.0,0.0,0.0,0.0,0.0,0.0,0.0,0.0,0.0,0.0,0.0,0.0,18.467421281411583,-1283.264128433943,17.50641694281944,854.2192076429392,18.836206457851405,-3379.7989311565809,17.639688032885208,891.5889990975056,13.952218765154619,22.207785331639515,18.090673688688815,-193.60346869220414,15.184139617599215,196.65867550778365,15.33422776301067,-69.04198933391877,18.127814777189813,-347.30340715645289,1212.5165191480047,926.8781659789484,0.0,0.0,0.0,0.0,0.0,0.0,0.0,0.0,0.0,0.0,0.0,0.0,0.0,0.0,0.0,0.0,0.0,0.0,0.0,0.0,0.0,0.0,1.0441973506516287,0.3187415600279696,452.0725793984874,526.9626739685846,12066.670723611594,0.33402971632318037,0.050981336435161828,391.6808580693936,458.7210823790457,9426.076038680983,0.7722012021454008,0.14591859450971296,581.1560034011704,676.3597582964446,16007.890378609987,0.28605542971026856,0.05405431400420796,381.5390241252832,446.2428123253699,9475.76513586836,0.0,0.0,15.653352041989035,18.612893540170864,246.1054173915459,0.0,0.0,24.351167750347807,28.429512890073334,629.8926037018846,0.0,0.0,109.31455563230387,129.23475594501316,2063.4825108560319,0.0,0.0,18.85294266838817,22.19570221579848,402.4619559377201,0.0,0.0,59.083983195505229,68.88949922300117,1570.8912940844219,42.564381302077347,29.193677161918627,758.0507392641767,890.4796877728829,17909.663300056927,0.0,0.0,58.58876153672986,70.22391810699179,662.9346111378724,1912.9063897919285,19.706188708495689,35.404561917643238,22.0,30.0,0.0,18.33223232833195,38.518455651255198,16.0,30.0,4315.67175196848,20.178372474977548,34.4388719810845,22.0,30.0,0.0,18.746682605716204,37.606053692608018,16.0,30.0,0.0,13.977790532760782,49.3164749887811,12.0,30.0,80.99607617888268,19.287108349013417,35.302529814918717,19.0,30.0,0.0,15.603439832918621,45.12435429425563,10.0,30.0,500.24329169744609,16.893296075710106,40.7859646099805,16.75,30.0,1596.6387961715696,19.673627957241025,34.58545650770121,19.75,30.0,0.0,17.46355404149055,0.0,0.0,0.0,11.715010651637899,0.0,0.0,455.1133399494264,456.1993282096654,451.45910566758939,451.17282742365446,526.3389881714784,682.0492445877424,518.4916138337314,559.6068438399539,608.5251488243247,11373.30805573192,80.48432060569198,87.87449038349297,60.0,0.0,60.0,60.0,16.0,16.0,19.0,19.0,16.0,12.0,21.0,10.0,1.0,0.0,1912.9063897919285,0.0,4315.67175196848,0.0,80.99607617888268,0.0,500.24329169744609,1596.6387961715696,11183.377184868477,6710026.310921088,8781355.365681336,80.48432060569198,88.0,0.372779239495616,0.7641388385767761,0.36028137401965956,88.0,0.3542647819438875,8781355.365681336,0.4591571456820962 
 03/02  06:40:00,6.216666666666666,93.0,6.58,0.0,0.0,0.0,0.0,0.0,2.0,2.0,0.0,0.0,0.0,0.0,0.0,1020.0,0.0,0.0,0.0,0.0,0.0,0.0,0.0,0.0,0.0,0.0,0.0,18.968084275259274,-1168.7842663187703,17.902216935130676,1007.8999044549332,19.39242545482312,-3190.7733059828844,18.09496003388672,989.59458792033,13.952207931051106,33.7801140828966,18.469528637596853,-183.1218305052609,15.594634853461362,540.3253417110919,15.173131387569648,-218.7861896919618,18.17772004427716,-242.00940067673998,1391.3948496589138,729.12807704127,0.0,0.0,0.0,0.0,0.0,0.0,0.0,0.0,0.0,0.0,0.0,0.0,0.0,0.0,0.0,0.0,0.0,0.0,0.0,0.0,0.0,0.0,1.192828180126812,0.3641111660948755,464.72659045783589,540.3344326408131,12957.357587337307,0.35799112986434469,0.05463845083399644,395.6833897609884,462.33488671461427,9943.718813212994,0.906872435631842,0.17136667339981904,577.8675936998635,670.7821944870121,16621.685280000253,0.29906480409373017,0.05651262360047809,371.1236120122809,432.9435440550928,9653.035786772198,0.0,0.0,15.957133930607958,18.971229054676237,249.27914163406536,0.0,0.0,23.040480242855648,26.84823602685354,616.4255070064878,0.0,0.0,88.9122208353658,104.83897234806742,1793.959868674841,0.0,0.0,24.388203304580715,28.754156578316036,492.90761264679738,0.0,0.0,47.833708363069579,55.82659990667015,1241.1263947229678,43.12064186656607,29.57520018282996,755.1039023077165,884.6080209106451,18868.267272029603,0.0,0.0,46.70363167100641,56.01279658067772,505.8453558306825,1896.7657265545168,20.407654306783799,34.09901185196911,22.0,30.0,0.0,18.963999315161418,37.234038080307708,16.0,30.0,4270.827198586695,20.897494621614876,33.12169561995115,22.0,30.0,0.0,19.433643070330068,36.219243642892468,16.0,30.0,0.0,13.995574765753855,49.77104424140951,12.0,30.0,1347.0403039703697,19.825412331709086,34.455327917878928,20.0,30.0,0.0,16.35814715926811,43.67731734897431,10.0,30.0,742.2991322636249,16.358106628691965,42.521620358259479,16.5,30.0,741.4711777719733,19.417170579166915,35.4945444089002,19.25,30.0,0.0,18.19895600796694,0.0,0.0,0.0,11.533690069977162,0.0,0.0,456.58247844682327,458.9623782169397,454.7283174423993,454.10344457200156,528.1699324999818,671.8353513860286,478.9682607621625,577.5987496387968,605.9236324652804,11238.109330430349,80.57379218746675,87.87598453236862,60.0,0.0,60.0,60.0,16.0,16.0,19.0,19.0,16.0,12.0,21.0,10.0,1.0,0.0,1896.7657265545168,0.0,4270.827198586695,0.0,1347.0403039703697,0.0,742.2991322636249,741.4711777719733,11050.436238175413,6630261.742905247,8680821.928457812,80.57379218746675,88.0,0.36834787460584708,0.763791658068348,0.36028137401965956,88.0,0.3542647819438875,8680821.928457812,0.45394274027980627 
 03/02  06:50:00,6.283333333333333,93.0,6.57,0.0,0.0,0.0,0.0,0.0,2.0,2.0,0.0,0.0,0.0,0.0,0.0,1020.0,0.0,0.0,0.0,0.0,0.0,0.0,0.0,0.0,0.0,0.0,0.0,19.321436067097517,-1123.7267458274128,18.247047829023996,1013.65314386501,19.79148376434113,-3175.85667271272,18.471121104459557,991.2218899553627,13.963135226207492,46.63035837520026,18.24626142565971,-120.76316351698915,16.113060845969579,541.7729790581585,15.360655080842176,-275.7422822623189,18.318744108267908,-203.80172761930909,1483.2950736875255,753.5204070975462,0.0,0.0,0.0,0.0,0.0,0.0,0.0,0.0,0.0,0.0,0.0,0.0,0.0,0.0,0.0,0.0,0.0,0.0,0.0,0.0,0.0,0.0,1.267906900584441,0.38702896843236908,465.53147772324868,540.3184008880813,13339.072280132152,0.36948950707701636,0.056393392411022039,397.8105494294105,463.96569666485495,10322.133875566185,0.9826179582719854,0.1856798862947819,575.7138964031195,667.0232627746635,17025.656538316645,0.3094369820363694,0.05847259675668354,368.136529460675,428.6285092771474,9886.967991516685,0.0,0.0,16.173328771999747,19.223355009184279,251.5058010219035,0.0,0.0,21.955036628759449,25.620455873268015,565.204020606069,0.0,0.0,87.04166187600886,102.3010957827708,1886.713589756698,0.0,0.0,27.298294944174047,32.15243446266773,558.6376897726049,0.0,0.0,45.7144933677541,53.27512093123336,1212.9014522159583,43.387340573956979,29.75812110696638,754.1933581749092,882.008252763668,19451.369096290702,0.0,0.0,45.657658296602239,54.746206619255499,483.2058216201595,1839.9214744785314,20.890235618751615,33.29869778171512,22.0,30.0,0.0,19.47003339521699,36.297851274349657,16.0,30.0,4139.127479822972,21.401990535099068,32.29201065543576,22.0,30.0,0.0,19.95309739411816,35.26979859096667,16.0,30.0,0.0,14.028242696698563,50.19846129914838,12.0,30.0,0.0,19.354114014781055,35.878344913692249,19.0,30.0,0.0,17.197835214717629,41.74495687179038,10.0,30.0,450.53392184217946,16.640773313566439,41.99921970019144,16.5,30.0,605.9314137191886,19.760705238684126,35.05075477344532,19.5,30.0,0.0,18.666428265974888,0.0,0.0,0.0,11.485604937145807,0.0,0.0,457.137339503164,460.0222638413312,456.7271075466978,456.2700584776868,519.3140981571015,659.4245753890003,469.1253747118003,602.0306648842588,604.675896694719,10479.717192196173,81.07539047982415,84.7470668934616,60.0,0.0,60.0,60.0,16.0,16.0,19.0,19.0,16.0,12.0,21.0,10.0,1.0,0.0,1839.9214744785314,0.0,4139.127479822972,0.0,0.0,0.0,450.53392184217946,605.9314137191886,5556.33035090292,3333798.210541752,4360078.202084839,81.07539047982415,84.80942414809432,0.35521101169676408,0.7658776531348619,0.36028137401965956,84.80942414809432,0.3542647819438875,4360078.202084839,0.2292707331750783 
 03/02  07:00:00,6.35,93.0,6.56,4.5,0.0,0.0,0.0,0.0,2.0,2.0,0.0,0.0,0.0,0.0,0.0,510.0,0.0,6.39975914165945,1.566135618576362,4.013166915364075,0.1918981637496989,5.107628565999724,0.0,1.566135618576361,2.141026126780528,0.0,0.0,19.579749611268136,-1246.517453481145,18.495765119145284,887.8927584061839,20.083478392972638,-3414.2287032253736,18.75272258505707,875.098239862743,13.976832348917377,47.90013903187179,18.379438077980568,-100.30538840591567,16.481555477972259,502.8055316831171,15.317674610225652,-374.3729990618404,18.258464693918908,-147.5658635882395,1486.1800776655237,765.6111801508566,0.0,0.0,0.0,0.0,0.0,0.0,0.0,0.0,0.0,0.0,0.0,0.0,0.0,0.0,0.0,0.0,0.0,0.0,0.0,0.0,0.0,0.0,1.310551146588871,0.40004613754239046,471.6523304779896,546.2748453502225,13707.73090167333,0.3762183831277284,0.0574203881452577,398.9946496855103,464.32751508688485,10539.30212371717,1.0160774118958783,0.19200253437185914,582.6912469880358,673.7497111259357,17457.286353657975,0.31545475533467917,0.05960974212673451,372.52720059088809,432.7763671051122,10191.948778439002,0.0,0.0,15.727136790144283,18.67008774399153,243.42195655299978,0.0,0.0,19.734820686724619,23.001221265751619,507.78914917763509,0.0,0.0,100.54998357771518,117.8122807681003,2272.2850658524578,0.0,0.0,38.00543396785597,44.72685559436471,767.2857186864119,0.0,0.0,35.53266979424089,41.42381709031258,913.5122039965545,43.344900619133358,29.72901277032467,761.1326546071405,888.6110954484367,19785.188964087254,0.0,0.0,54.383705131371858,65.10501810575131,579.7634966470872,1911.8895861518752,21.180396398189108,32.76670183435851,22.0,30.0,0.0,19.789999809097389,35.64630045374426,16.0,30.0,4312.910637509573,21.680389586666089,31.802835645679047,22.0,30.0,0.0,20.295978600156468,34.583098748915798,16.0,30.0,0.0,14.058995936353784,50.468633175752817,12.0,30.0,1089.052832956298,19.462099706101705,35.91169550536176,19.5,30.0,0.0,17.752385093846745,40.31339760656394,10.0,30.0,1046.1095595869943,16.452767872934893,42.800482575762178,16.5,30.0,1141.7235159813673,19.50465674447488,35.75338496715447,19.5,30.0,0.0,18.844630294003996,0.0,0.0,0.0,11.592142905481298,0.0,0.0,457.68480331132107,460.8655237947648,457.450130701944,457.90702497039936,513.915197269053,657.9214324710445,479.20966814772626,600.793227924662,618.688313056439,11141.058144248887,80.63782610527521,84.70770411995156,60.0,0.0,60.0,60.0,16.0,16.0,19.0,19.0,16.0,12.0,21.0,10.0,1.0,0.0,1911.8895861518752,0.0,4312.910637509573,0.0,1089.052832956298,0.0,1046.1095595869943,1141.7235159813673,6158.139106316572,3694883.463789943,4785368.520254498,80.63782610527521,84.77682415970854,0.3752713035438857,0.7717565957223329,0.36028137401965956,84.77682415970854,0.3542647819438875,4785368.520254498,0.25139249638656727 
 03/02  07:10:00,6.418333333333333,92.83333333333333,6.566666666666666,6.000000000000001,0.0,0.0,0.0,0.0,2.0,2.0,0.0,0.0,0.0,0.0,0.0,1020.0,0.0,8.52261260063079,2.0856358593699499,5.344367889805756,0.25555239215436667,6.801871625296269,0.0,2.085635859369949,2.8512223417283177,0.0,0.0,19.823835854753808,-1199.9072482944067,18.69065101422974,991.6254265636153,20.3370225468409,-3292.8581743600846,18.964551988920385,948.6007512435344,13.989398550624396,55.70480901364415,18.608538344615874,-94.70103495844853,16.720310030628654,534.0304747886391,16.004047783317316,-382.93579780697248,18.24742807237086,-93.51135356495539,1544.6533406074678,712.5608497670253,0.0,0.0,0.0,0.0,0.0,0.0,0.0,0.0,0.0,0.0,0.0,0.0,0.0,0.0,0.0,0.0,0.0,0.0,0.0,0.0,0.0,0.0,1.3526627457186896,0.4129007160313461,474.737140350012,549.8714750972913,13982.361089775404,0.38422484106656459,0.05864237501015943,401.23311712627005,466.99395428792846,10731.243147030116,1.064944238306245,0.20123662855371234,579.5438845753417,670.1707929405318,17574.82566180752,0.32269783858899767,0.06097842754894133,373.2256793833654,433.64712633287777,10334.765967926352,0.0,0.0,15.846268750900038,18.827655975536403,243.87567847583413,0.0,0.0,19.051789136279138,22.189428591748216,502.38445456382819,0.0,0.0,98.40599706964484,115.32091357584267,2268.1752180444916,0.0,0.0,33.04008210883022,38.812826939659718,724.9160612885559,0.0,0.0,30.34711711501921,35.40376846582536,777.2460137904575,43.543451929704769,29.865193367424405,764.2451590194266,892.1538484924189,20241.494782711103,0.0,0.0,49.883698491279627,59.79875604769855,526.0600362241839,1911.6255616477377,21.46306230446295,32.30572161437584,22.0,30.0,0.0,20.03943964098905,35.22189085339235,16.0,30.0,4219.701722838937,21.950649140588206,31.38256358188947,22.0,30.0,0.0,20.54664411052392,34.16445334537602,16.0,30.0,0.0,14.085328550888973,50.604992336966187,12.0,30.0,367.3390003347625,19.827954007893927,36.642669846730189,19.5,30.0,0.0,18.074380190823836,39.66818941581739,10.0,30.0,1364.993763484967,17.540820203758824,40.32348380585961,20.7,30.0,0.0,19.39969439735643,37.348476975985168,19.0,30.0,0.0,19.163487978019398,0.0,0.0,0.0,11.59794741222732,0.0,0.0,459.2424027930737,462.38247854575959,458.6223357376971,460.1636947428353,510.93919134683889,694.59747742154,475.9810426606845,574.50948890694,658.3481524089493,11533.546432918807,80.37832865173357,87.87272034930229,60.0,0.0,60.0,60.0,16.0,16.0,19.0,19.0,19.7,12.0,21.0,10.0,1.0,0.0,1911.6255616477377,0.0,4219.701722838937,0.0,367.3390003347625,0.0,1364.993763484967,0.0,11340.939628687896,6804563.777212737,8898743.80419156,80.37832865173357,88.0,0.37803132095626315,0.7646637570769902,0.36028137401965956,88.0,0.3542647819438875,8898743.80419156,0.4652946778179611 
 03/02  07:20:00,6.486666666666666,92.66666666666667,6.573333333333334,7.5,0.0,0.0,0.0,0.0,2.0,2.0,0.0,0.0,0.0,0.0,0.0,1020.0,0.0,10.648303898814483,2.6058305702165316,6.67734840469436,0.3192917116737812,8.498379532593015,0.0,2.60583057021653,3.5623679498896259,0.0,0.0,19.78064507349878,-1223.5819294959734,18.79864077133358,681.2020174978979,20.27808751615979,-1800.3797419463238,18.98118894809651,619.9736681705113,13.998529850685646,48.875494473305909,18.18687686989768,-52.20270340331521,16.904729641889149,415.1959141687246,16.7839696845507,-130.9364018444793,18.69825157620383,-79.4966782127826,1461.389041470793,489.2053459705155,0.0,0.0,0.0,0.0,0.0,0.0,0.0,0.0,0.0,0.0,0.0,0.0,0.0,0.0,0.0,0.0,0.0,0.0,0.0,0.0,0.0,0.0,1.3679490414678284,0.41756686247491706,447.15085071541548,518.426424473819,12913.11700847281,0.3395589730006827,0.05182524007946928,327.8815703011968,381.52361830784425,8765.817772233117,1.1462366838709999,0.2165980128252079,415.42221019559829,480.615403020325,12242.460327249735,0.3022139566512604,0.05710770155919507,291.0449316918674,338.1073321424482,7949.908812244361,0.0,0.0,14.985785958109514,17.802507070054675,229.02594779803847,0.0,0.0,16.728142756660135,19.518321199635019,416.7173426587263,0.0,0.0,82.52099388351289,96.62600254235396,1924.9915157118892,0.0,0.0,14.289863098158295,16.702949238366235,346.8453226879857,0.0,0.0,25.507814778640687,29.634040542864648,685.7633366070968,43.27779518530133,29.682987095542758,608.9683704200485,710.905266737291,16136.314778891869,0.0,0.0,29.91283003563828,35.8790985856323,291.9967499093362,1869.4091969456063,21.269048897703784,32.948413898899627,22.0,30.0,0.0,20.10368234693503,35.37594427581301,16.0,30.0,2440.055283328865,21.592156984800974,32.32590384848615,21.5,30.0,0.0,20.40037998720195,34.72998932185213,16.0,30.0,0.0,14.100477129560833,50.947390296000637,12.0,30.0,84.04181743675182,19.140669955975743,40.06095634430541,19.0,30.0,0.0,18.2879801001296,39.529753506154907,10.0,30.0,1319.2438204382889,18.778267278912364,37.67942865394589,20.7,30.0,1517.9345156577625,19.974585291802979,37.51512901701349,19.75,30.0,0.0,19.05944403930224,0.0,0.0,0.0,11.26714732153384,0.0,0.0,462.71424321515539,466.9935183591674,462.38836463029898,465.17478975732527,503.2288373200875,739.2657352573077,465.38430223121579,549.1986890218774,700.8134369648179,11160.118062386384,80.62533730252,86.24717766076387,60.0,0.0,60.0,60.0,16.0,16.0,19.0,19.0,19.7,12.0,21.0,10.0,1.0,0.0,1869.4091969456063,0.0,2440.055283328865,0.0,84.04181743675182,0.0,1319.2438204382889,1517.9345156577625,8507.281163930977,5104368.698358586,6647366.643094041,80.62533730252,86.34265517327602,0.3685760387976992,0.7679874380390566,0.36028137401965956,86.34265517327602,0.3542647819438875,6647366.643094041,0.3482197321075568 
 03/02  07:30:00,6.555,92.5,6.58,9.0,0.0,0.0,0.0,0.0,2.0,2.0,0.0,0.0,0.0,0.0,0.0,1020.0,0.0,12.77937200340294,3.1273410818359705,8.013700585049739,0.38319225190251829,10.199178609445909,0.0,3.1273410818359688,4.275312357464541,0.0,0.0,19.951947423269499,-1479.4009587610236,18.84516159352672,882.3074870243822,20.019296847252407,-1722.553382054192,19.063641636234196,656.319617196825,14.005447104958055,53.34884100210475,18.620302033561076,-92.34192094704824,16.796387677341664,314.57648758801386,17.53012640327552,-78.58919335913117,18.457710954787367,-63.91160744888387,1452.2918244489256,578.9035803846863,0.0,0.0,0.0,0.0,0.0,0.0,0.0,0.0,0.0,0.0,0.0,0.0,0.0,0.0,0.0,0.0,0.0,0.0,0.0,0.0,0.0,0.0,1.2936492135488953,0.3948868173226176,459.18601412026239,531.7491334126589,13328.308290769659,0.34660110701224336,0.0529000468577905,357.1151285190198,415.3849207712151,9522.577246723144,1.136404712833976,0.21474011958313994,402.8866353235093,466.5776314708529,11793.468297025553,0.3032644217440799,0.05730620214362809,292.6940184914248,340.09159125543638,8012.316520979492,0.0,0.0,15.84285069034504,18.81824166077746,240.32641976568878,0.0,0.0,19.109146372531155,22.240894086184104,499.1104354163426,0.0,0.0,93.87525466158954,110.01205815346586,2121.458611220857,0.0,0.0,24.560268443487048,28.595450278631245,645.5770614531789,0.0,0.0,24.857469475237857,28.947838868982623,642.6641383374802,43.22401669855775,29.646101988036869,640.4662209524138,747.5629196189755,16924.53067610927,0.0,0.0,33.85073686241154,40.579281912189447,336.48445251499705,1873.8091412849358,21.415779110410168,32.92635520418082,22.0,30.0,0.0,20.12820557487305,35.61445464314846,16.0,30.0,2058.6849418859276,21.49330018758236,32.789640298134909,21.5,30.0,0.0,20.481278276059407,34.8547111473262,16.0,30.0,0.0,14.112376928625809,51.49231994643348,12.0,30.0,1019.2302007667316,19.827963582900524,39.29787093128676,19.75,30.0,0.0,17.977828861259938,40.718141052033299,10.0,30.0,1303.5177180416516,19.937329700787886,35.63702765649601,20.7,30.0,0.0,19.715802107174555,39.137760103026547,19.0,30.0,0.0,19.110346286664237,0.0,0.0,0.0,11.438308293737084,0.0,0.0,465.22141806761786,468.84306846244388,463.8986579803385,465.8459261825243,509.07243752807178,756.47618438842,486.6222314599024,514.0743071020486,709.5272952606165,9863.8068064286,81.48269154067219,85.03191087318004,60.0,0.0,60.0,60.0,16.0,16.0,19.0,19.0,19.7,12.0,21.0,10.0,1.0,0.0,1873.8091412849358,0.0,2058.6849418859276,0.0,1019.2302007667316,0.0,1303.5177180416516,0.0,5371.209578837052,3222725.747302231,4211839.8993168999,81.48269154067219,85.09218840004559,0.3490403192945684,0.7659823994495831,0.36028137401965956,85.09218840004559,0.3542647819438875,4211839.8993168999,0.2215690080978121 
 03/02  07:40:00,6.623333333333333,92.33333333333333,6.586666666666666,14.333333333333333,6.166666666666665,0.0,0.0,1.0,2.0,0.0,0.0,0.0,0.0,0.0,4.0,2550.0,0.0,21.809244516583193,5.588478373474251,14.320269771958456,0.6539545653074078,17.405888742946574,0.0,5.588478373474247,7.639873625652377,0.0,0.0,19.721363604859478,-1418.7050050341018,18.872608715246615,496.4695795928981,20.309113828528376,-1654.2986434079974,19.101597205793146,667.1759160803381,14.010769483868569,45.16732158428568,18.306434132849309,-108.05669783561908,16.038800749023598,-444.5742448526959,17.974565870920718,-274.6241159364888,17.717607218815418,-709.7759783698505,1425.092347034274,2295.8854457115746,0.0,0.0,0.0,0.0,0.0,0.0,0.0,0.0,0.0,0.0,0.0,0.0,0.0,0.0,0.0,0.0,0.0,0.0,0.0,0.0,0.0,0.0,1.4267221370321044,0.43550736783641777,361.4596035950622,419.6158492068276,10155.21423910954,0.3336989684222631,0.05093085598630389,296.2255798166452,344.9119438052093,7819.728765264284,0.8968766539023896,0.1694778257563095,340.62324842673857,394.6143592541647,9969.84224195125,0.2761173146201977,0.052176363306915638,324.3301808812316,377.16894751325699,8809.127315466394,0.0,0.0,14.927606368139925,17.741917252011747,224.53585292466804,0.0,0.0,17.759558962885966,20.722260650090264,443.37082247137399,0.0,0.0,286.79485872941236,338.11837596736759,5583.092784085567,0.0,0.0,44.85244350763537,52.11476408750348,1222.6108202346739,0.0,0.0,203.9401243377062,238.7897217510076,4750.744279733281,42.96605638820263,29.469174477505246,610.7212637947299,713.5028296320495,16040.82964372386,0.0,0.0,219.2121440050443,260.83953771266786,3140.9914772303616,1855.6390297460783,20.93680767220028,34.419375340823979,21.999999999999998,30.0,0.0,20.067745236291264,36.19305543315195,15.999999999999999,30.0,2433.1450068871538,21.540552013645386,33.65701234387364,21.599999999999999,30.0,0.0,20.475561106688674,35.68607885468402,19.0,30.0,0.0,14.118026456031993,52.176280938680658,12.0,30.0,17.637135567062236,19.30537134883264,41.41966903705354,19.0,30.0,0.0,16.41576563383177,46.019901140490087,10.0,30.0,1256.2743417401494,20.50769518931111,35.78924461776126,20.7,30.0,0.0,18.40695948129355,40.762966641765789,12.0,30.0,0.0,19.09466379817286,0.0,0.0,0.0,13.730121442195717,0.0,0.0,484.7029240425571,483.3472939272979,508.360964036965,499.2341002106656,531.6037275661958,784.4055658287005,565.1004582688065,575.0539835288764,578.9759928135943,10490.72991955265,81.06809259347644,85.4533597368738,220.0,0.0,220.0,220.0,16.0,19.0,19.0,12.0,19.7,12.0,21.0,10.0,1.0,0.0,1855.6390297460783,0.0,2433.1450068871538,0.0,17.637135567062236,0.0,1256.2743417401494,0.0,6636.234053109829,3981740.4318658967,5196279.163651959,81.06809259347644,85.5278361310565,0.3572078017703276,0.7673738499812027,0.3602813740196596,85.5278361310565,0.3542647819438876,5196279.163651959,0.2795565165099018 
 03/02  07:50:00,6.691666666666666,92.16666666666667,6.593333333333333,19.666666666666666,12.33333333333333,0.0,0.0,1.0,2.0,0.0,0.0,0.0,0.0,0.0,4.0,1530.0,0.0,30.20867506890874,7.678178949705736,19.675055429380327,0.9058137246470197,24.109453583049598,0.0,7.678178949705731,10.49665274349592,0.0,0.0,19.697923944972727,-1430.3683644931307,18.784566145135899,558.7551555105235,20.33076813639388,-1621.5790041183705,19.142974470835246,627.2098889389221,14.00529497803614,38.739090214620748,18.65517880790753,-139.11859381146605,15.692778802682757,105.8205429063831,18.15103375022042,-408.8677506861721,16.938916893029828,-368.2767828101894,1382.8430276082677,1645.270842767091,0.0,0.0,0.0,0.0,0.0,0.0,0.0,0.0,0.0,0.0,0.0,0.0,0.0,0.0,0.0,0.0,0.0,0.0,0.0,0.0,0.0,0.0,1.4356614344031116,0.4382360910876404,373.01130180302507,432.99323098741737,10356.047079388203,0.3392379076608852,0.051776237432979977,306.1168002320504,356.5196820528361,7922.756959181221,0.7917059260192154,0.14960429441028245,332.53206576377189,385.1969717143935,9679.062428596022,0.2561020753901015,0.048394194140230748,315.5109082010513,366.8244526809317,8537.86176938117,0.0,0.0,14.448937595657358,17.167673947623226,214.9906465491298,0.0,0.0,17.797682820379394,20.723093877938635,458.59796078070488,0.0,0.0,252.71196453786724,298.37766936069456,4663.758220648897,0.0,0.0,56.19267374009977,65.26142169543015,1535.5716532580528,0.0,0.0,160.43072726051663,188.6345947119971,3345.5891536424476,42.76534023852498,29.33150907992108,611.104921811203,713.8565052099759,15896.409869258427,0.0,0.0,182.29890827567935,216.78221192968074,2651.6639468523965,1854.6108006753178,20.830781549655435,35.09994299221109,21.999999999999969,29.999999999999959,0.0,19.86509571818364,37.15862427072442,15.999999999999977,29.999999999999959,1873.2939414069218,21.516505711160684,34.27805168736446,21.499999999999969,29.999999999999959,0.0,20.481623200435288,36.296131200555738,18.99999999999997,29.999999999999959,0.0,14.104594759770194,52.96753719631003,11.999999999999983,29.999999999999959,1100.5552441076807,19.798526517435414,40.92546619939086,19.833333333333305,29.999999999999959,0.0,15.955296701043487,47.69886856379806,9.999999999999986,29.999999999999959,1244.6110213857042,20.63383090915389,36.2813987368161,20.69999999999997,29.999999999999959,0.0,17.170774800082119,44.036595814268938,11.999999999999983,29.999999999999959,0.0,19.039872316400616,0.0,0.0,0.0,13.88982248076108,0.0,0.0,501.76806090854,501.5455855059631,530.0218912068203,522.9216636016055,552.3610022509552,820.6208426349078,557.8418147273166,605.2461415857675,560.9370909635917,10085.186134645983,81.3363447169498,84.83047242253092,219.99999999999972,0.0,219.99999999999972,219.99999999999972,16.0,19.0,19.0,12.0,19.7,12.0,21.0,10.0,1.0,0.0,1854.6108006753178,0.0,1873.2939414069218,0.0,1100.5552441076807,0.0,1244.6110213857042,0.0,5287.922581261264,3172753.5487567626,4138314.544524742,81.3363447169498,84.8898143106796,0.3462640860420419,0.7658479423796133,0.360281374019659,84.8898143106796,0.354264781943887,4138314.544524742,0.22453013409306436 
 03/02  08:00:00,6.76,92.0,6.6,25.0,18.5,0.0,0.0,1.0,2.0,0.0,0.0,0.0,0.0,0.0,4.0,765.0,0.0,38.717792077719909,9.662065662646232,24.758701114632986,1.1609620820828173,30.90056131511303,0.0,9.662065662646225,13.208776287968666,0.0,0.0,19.743828479169474,-1421.047312666383,18.76927226405447,590.7527890968502,20.279936884413183,-2070.5170412774207,19.235587494589919,899.1770936562286,13.998877571183535,37.310384342878148,18.384290996054685,-119.97158303129024,15.781090887408407,168.3357010496852,18.284186273072149,-439.0390339078664,16.57204945572372,-144.20502954565425,1404.4548319963979,1342.3183573201032,0.0,0.0,0.0,0.0,0.0,0.0,0.0,0.0,0.0,0.0,0.0,0.0,0.0,0.0,0.0,0.0,0.0,0.0,0.0,0.0,0.0,0.0,1.5206601960430899,0.46418198902414267,380.47269909102729,441.292054378526,10519.910465322946,0.35730144144903266,0.05453318703434568,314.80664227342086,366.4262907525763,8066.370711753583,0.5577993113368943,0.10540425384295066,403.6949172581898,466.76902871615399,11787.146369772374,0.2592811597616472,0.04899492814845943,382.32984761364636,443.7117320881893,10382.721805277662,0.0,0.0,14.103110103784842,16.743883196799929,207.54806733575632,0.0,0.0,18.10216349628111,21.095109691253538,446.31046999297419,0.0,0.0,206.25359111850424,243.206146830857,3847.9619362355786,0.0,0.0,59.66622003899238,69.23191022654602,1628.4776324499085,0.0,0.0,113.65409769908459,133.80039594491672,2237.818784083992,42.70982716529773,29.293434269751566,686.0493286235013,800.2510616515931,17755.5902089714,0.0,0.0,135.23362692710783,160.91655177334045,1849.8427558903543,1905.196582974361,20.837001628491885,35.37383346928188,22.000000000000019,30.00000000000002,0.0,19.796732054624646,37.61554396564163,16.000000000000015,30.00000000000002,2073.4003532701169,21.708056075925169,34.05019779502976,21.666666666666687,30.00000000000002,0.0,20.6078019204821,36.277659499954108,19.000000000000015,30.00000000000002,0.0,14.090486944294632,53.516039709086829,12.00000000000001,30.00000000000002,0.0,19.280031936176223,42.895474720197778,19.000000000000015,30.00000000000002,0.0,16.13605969672497,47.414639843039058,10.000000000000007,30.00000000000002,1266.875868798137,20.685720690959035,36.34514686290044,20.700000000000015,30.00000000000002,0.0,16.649691306483129,45.71500930167504,12.00000000000001,30.00000000000002,0.0,19.149866416369748,0.0,0.0,0.0,13.502447056827652,0.0,0.0,512.2804746072119,511.58638175015497,535.3574054721637,531.5980915122361,558.7309701513907,839.7644402899886,553.8800000268823,600.4118422682054,556.2836658154864,9752.7703655441,81.55620190587242,83.81494995747454,220.00000000000018,0.0,220.00000000000018,220.00000000000018,16.0,19.0,19.0,12.0,19.7,12.0,21.0,10.0,1.0,0.0,1905.196582974361,0.0,2073.4003532701169,0.0,0.0,0.0,1266.875868798137,0.0,3418.4377173394939,2051062.6304036945,2659725.978315405,81.55620190587242,83.85331099791967,0.34061459057798329,0.7710271652163951,0.3602813740196598,83.85331099791967,0.3542647819438878,2659725.978315405,0.14763130642795664 
 03/02  08:10:00,6.86,91.83333333333334,6.573333333333333,30.333333333333337,24.666666666666669,0.0,4.0,0.0,0.0,0.0,0.0,0.0,0.0,0.0,0.0,2040.0,0.0,47.26637626840227,11.631531249981407,29.805395509161479,1.417294139674678,37.72317060644725,0.0,11.631531249981402,15.901185060404857,0.0,0.0,20.01066120643454,-1304.315236188573,18.888501822090356,851.9908036082054,20.405798333182799,-1325.70324764746,19.25920525079024,-50.81287378282599,14.001241903868623,46.1690467594825,17.8754064633915,-265.84277105888887,16.30841987517283,608.8515652576161,17.571043243518113,-199.82617616210494,16.255623429848084,-607.1307075497404,1167.0428088003924,1290.918831960324,0.0,0.0,0.0,0.0,0.0,0.0,0.0,0.0,0.0,0.0,0.0,0.0,0.0,0.0,0.0,0.0,0.0,0.0,0.0,0.0,0.0,0.0,1.309962517364625,0.3998664582920101,456.23547351378968,528.8584375585546,12866.221807920965,0.3634969097007387,0.055478771321846569,380.24806860302376,442.71411263413008,9798.09575182143,0.9302822225149385,0.17579029148052514,221.93743782256139,257.12931250882226,6428.440800156286,0.30052189412302168,0.056787961852422828,27.50483021422582,31.96444979284362,738.3273529561124,0.0,0.0,13.326195357144199,15.83562617304289,193.47121770647926,0.0,0.0,82.07219897729624,96.07566076525038,1882.1419129861498,0.0,0.0,262.3693033483721,308.2895647332989,5372.99186049026,0.0,0.0,43.051849372600148,50.240139600247257,1065.526545465651,0.0,0.0,138.05473948680959,162.75967187575373,2528.9050889184716,42.482201401858358,29.137312346953619,398.419856049068,466.2370518501024,10100.573883339539,0.0,0.0,145.9798678828947,173.6525946606311,1953.4305047877179,1841.574459894052,21.252146529578096,34.91421280459001,22.0,30.0,0.0,19.985213920981637,37.667668649288618,16.0,30.0,2351.8208572194819,21.58971360320578,34.185901829008837,21.625,30.0,0.0,20.417039643870085,39.222345248822737,19.0,30.0,0.0,14.093508180802619,54.09393884200624,12.0,30.0,0.0,18.42480205715974,42.761355906983748,16.0,30.0,0.0,17.156752376543769,45.47150880368013,10.0,30.0,0.0,19.310207631847527,39.52547510011284,16.0,30.0,0.0,16.158508002824797,47.803551445818147,12.0,30.0,0.0,18.484494432649904,0.0,0.0,0.0,13.390780252529554,0.0,0.0,524.3334956790748,526.0154916051056,519.719679995462,678.4410318330997,570.8527949185553,658.4613732367877,593.7172415729101,587.7589731582223,577.1401727028623,9871.08539200834,81.47795384937845,84.04681701491458,132.0,0.0,132.0,132.0,16.0,19.0,16.0,12.0,16.0,12.0,21.0,10.0,1.0,0.0,1841.574459894052,0.0,2351.8208572194819,0.0,0.0,0.0,0.0,0.0,3887.730693426907,2332638.416056144,3033991.1534203386,81.47795384937845,84.09044483950584,0.3420910231142302,0.7686695157473911,0.36028137401965956,84.09044483950584,0.3542647819438875,3033991.1534203386,0.1633555399778576 
 03/02  08:20:00,6.96,91.66666666666667,6.546666666666667,35.66666666666667,30.833333333333337,0.0,4.0,0.0,0.0,0.0,0.0,0.0,0.0,0.0,0.0,1020.0,0.0,57.76285724507289,14.134841535116044,36.220038869634489,1.732033143262118,46.10037783626023,0.0,14.134841535116039,19.323400008037344,0.0,0.0,20.0779914099956,-1342.433696458228,19.034880777857106,777.9135669733414,20.18955514794023,-1315.4566454130123,19.003653895368247,-42.64179301396598,14.01686141546263,53.08505139166181,17.475612323666355,-82.72730059161893,16.492605415478086,226.23754580013475,16.635703636335628,-50.992526663675707,15.725529819897867,-533.1161026997268,1200.178694697071,1458.6872205452567,0.0,0.0,0.0,0.0,0.0,0.0,0.0,0.0,0.0,0.0,0.0,0.0,0.0,0.0,0.0,0.0,0.0,0.0,0.0,0.0,0.0,0.0,1.311671275584242,0.4003880572601471,462.1645036554455,535.237367342203,12981.036283156369,0.35929382953105579,0.05483727556945296,373.8043166052161,434.60127776538607,9696.34184675374,0.9429684411219046,0.17818753611525038,214.8283609465109,248.65907028943324,6200.294588062414,0.3449118416817323,0.06517608497387229,34.660028460439907,40.29809409259215,889.7333626645254,0.0,0.0,12.687232380413358,15.062249595966842,182.28630289288385,0.0,0.0,58.730806907089178,68.85289303911283,1263.5693100469462,0.0,0.0,307.13639237523446,360.53420647128919,6315.078170667481,0.0,0.0,27.683508412839257,32.47063711730199,592.176363919212,0.0,0.0,206.4019146243416,243.93381921028749,3452.9269185256655,42.26973988816283,28.991591144144615,400.8159318274903,468.5203871083452,10145.049175549691,0.0,0.0,210.37627175469394,249.79477354228673,2976.3543736511944,1826.4633734591797,21.30402704170092,35.046720254512127,22.0,30.0,0.0,20.178982239285668,37.439276053953239,16.0,30.0,1529.5332710603953,21.54315783987493,34.60210278754486,21.5,30.0,0.0,19.919218072378997,42.65357920456537,19.0,30.0,0.0,14.118584303086262,54.52263418176355,12.0,30.0,0.0,17.814262245568214,43.54831754360708,16.0,30.0,0.0,17.334904881048588,44.753557394017217,10.0,30.0,0.0,17.692625543867189,43.72946798647912,16.0,30.0,0.0,15.348080742937058,50.774917691309408,12.0,30.0,0.0,18.58209552099037,0.0,0.0,0.0,13.974689975987186,0.0,0.0,531.3460426541097,529.7688386385216,530.5214947754882,813.7133076053814,578.0811776720535,589.7587565634019,570.7204383345128,582.3033639845583,583.8716533157128,9204.172272794453,81.91890208547078,83.70008897742669,132.0,0.0,132.0,132.0,16.0,19.0,16.0,12.0,16.0,12.0,21.0,10.0,1.0,0.0,1826.4633734591797,0.0,1529.5332710603953,0.0,0.0,0.0,0.0,0.0,2695.549943114127,1617329.9658684764,2094167.5834534278,81.91890208547078,83.73033944398677,0.3448516647704709,0.7688332299657512,0.36028137401965956,83.73033944398677,0.3542647819438875,2094167.5834534278,0.11447004767291157 
 03/02  08:30:00,7.0600000000000009,91.5,6.52,41.0,37.0,0.0,4.0,0.0,0.0,0.0,0.0,0.0,0.0,0.0,0.0,1020.0,0.0,68.15775956085301,16.228657967003536,41.58537913816337,2.043726638329423,54.396519248505217,0.0,16.228657967003529,22.18580581260523,0.0,0.0,20.217084728880847,-1201.5381422078463,19.105819760793346,720.6688297448845,20.49807382060158,-1722.190638205954,18.856092090445075,-14.01469571866113,14.031482975827102,49.99663795959434,17.22656095149481,-70.24828986876668,16.35187017169121,185.12943122095386,16.08945442243889,-19.978777951482713,15.471578546890675,-378.82816113381957,1172.4492944239874,1332.3659025852806,0.0,0.0,0.0,0.0,0.0,0.0,0.0,0.0,0.0,0.0,0.0,0.0,0.0,0.0,0.0,0.0,0.0,0.0,0.0,0.0,0.0,0.0,1.3162341705232937,0.40178088233311778,458.7175241194602,530.8898586451362,12896.22215973802,0.3549273839556528,0.05417084614707765,357.59280557457739,415.4859996648513,9253.771501583858,0.7637952340858645,0.14433016517117626,263.61889856401077,304.77990128419108,7619.642900468331,0.3908597811596698,0.07385861321989222,44.34953782646569,51.61043518368993,1104.6683262875743,0.0,0.0,12.466396587512476,14.796235905774964,177.09449457878748,0.0,0.0,51.0265243373223,59.87766768262634,1050.1607515164845,0.0,0.0,314.89243548371749,370.01169665212759,6231.036610517395,0.0,0.0,14.196825824575046,16.69625695247351,274.2148964785625,0.0,0.0,216.41666066047839,256.0627209218529,3451.637915904471,41.96280253740944,28.78107169918344,400.63965243961987,468.13226210532056,10053.287282202627,0.0,0.0,218.52147922184208,259.5284237430588,3029.8729937051568,1867.8666314798498,21.498056907391626,35.1902838304743,22.0,30.0,0.0,20.232489844960808,37.85741483226335,16.0,30.0,2922.475902867469,21.894610790683744,34.413156114102758,22.0,30.0,0.0,19.634084903425724,43.4304277316063,19.0,30.0,0.0,14.138551459466282,54.723236391312948,12.0,30.0,0.0,17.4423489546102,44.56507299911298,16.0,30.0,0.0,17.026724721926507,45.90156972390337,10.0,30.0,0.0,16.786678419575588,46.35898147640477,16.0,30.0,0.0,15.035680082970487,51.936995271289749,12.0,30.0,0.0,18.564784207503985,0.0,0.0,0.0,13.949632745333802,0.0,0.0,554.0436719852739,549.0870039464733,552.856237949949,814.5939738974253,573.4747300619422,570.85648782666,562.4831908580948,575.0626491341682,566.3568018873641,9134.938008306937,81.9647071894407,83.67971218106143,132.0,0.0,132.0,132.0,16.0,19.0,16.0,12.0,16.0,12.0,21.0,10.0,1.0,0.0,1867.8666314798498,0.0,2922.475902867469,0.0,0.0,0.0,0.0,0.0,2595.4937193819798,1557296.2316291878,2021471.0742680173,81.9647071894407,83.70883865924498,0.34151645731273269,0.7683151634694814,0.36028137401965956,83.70883865924498,0.3542647819438875,2021471.0742680173,0.11067516252860356 
 03/02  08:40:00,7.16,91.33333333333334,6.493333333333333,46.0,32.333333333333339,0.0,0.0,1.0,2.0,0.0,0.0,0.0,0.0,0.0,0.0,2295.0,0.0,73.46978963711435,17.400593096290004,44.588430557184789,2.203009977331324,58.63604503883338,0.0,17.400593096289997,23.78792998431335,0.0,0.0,20.176155658614616,-1317.3701456984698,19.170390565540413,630.3575675684472,20.527731446731868,-2727.750944911302,19.052073505418666,1047.4035919090259,14.043933726672583,52.291645173209847,18.16448693046307,-108.51870838067225,16.29755141174177,126.72870465672213,16.82569378764508,-105.08930533714256,15.33068076626001,-308.51053299018425,1334.184060609182,1368.4812744524205,0.0,0.0,0.0,0.0,0.0,0.0,0.0,0.0,0.0,0.0,0.0,0.0,0.0,0.0,0.0,0.0,0.0,0.0,0.0,0.0,0.0,0.0,1.2227985167370244,0.37325962049359809,432.9822633921389,501.4625548738951,12036.178755933197,0.3245033704621671,0.04952737644416481,337.9855462266086,392.86365129525407,8697.492892469856,1.036940100022473,0.19594484127408835,545.4598348677447,630.9492954561688,15472.557476642478,0.33822486297892787,0.06391248355610893,413.4948517038713,480.9631497733426,10504.694294888222,0.0,0.0,13.363118506375157,15.867921201165548,187.55627042808244,0.0,0.0,19.706734654208537,23.02801589757707,450.71511628814928,0.0,0.0,289.58676785070659,340.61239256003196,5598.630494372222,0.0,0.0,27.49466768863976,32.173270025270578,597.142691584891,0.0,0.0,227.98926649492644,270.02695993033316,3525.851996535508,41.67316599314094,28.582418376639948,743.4509373719138,867.3252620742926,18596.75860035469,0.0,0.0,231.60809970583149,275.0659573864715,3228.976858197055,1875.8994421110327,21.356465766233908,36.10468785548895,22.000000000000047,30.000000000000065,0.0,20.281880601405296,38.42494079137243,16.000000000000033,30.000000000000065,3306.1713103725139,21.647350947643099,35.552815001295957,21.77777777777782,30.000000000000065,0.0,20.108766236970447,39.04229456122064,16.000000000000033,30.000000000000065,0.0,14.155162681805205,54.9949231367012,12.000000000000029,30.000000000000065,1823.0982655853582,18.73166695270598,42.22391583777155,20.000000000000044,30.000000000000065,0.0,16.89555629613359,46.8026091436038,10.000000000000022,30.000000000000065,1366.2140594305495,17.941018125585424,43.945848495975329,20.700000000000047,30.000000000000065,0.0,14.89004502024628,52.848767774016618,12.000000000000029,30.000000000000065,0.0,19.211188555589297,0.0,0.0,0.0,14.09273455168495,0.0,0.0,587.6766474559427,582.9548216306104,590.2359620771205,592.0346532459718,570.8637214008511,645.3487079547398,573.7631116877401,621.0657108423934,570.0819765118816,10958.459621394337,80.75874375020115,87.1758622347437,60.00000000000013,0.0,60.00000000000013,60.00000000000013,16.0,16.0,19.0,12.0,19.7,12.0,21.0,10.0,1.0,0.0,1875.8994421110327,0.0,3306.1713103725139,0.0,1823.0982655853582,0.0,1366.2140594305495,0.0,9711.13293728645,5826679.762371854,7614594.6664023059,80.75874375020115,87.2848462099826,0.3614822090206594,0.764970810715081,0.36028137401966039,87.2848462099826,0.3542647819438883,7614594.6664023059,0.3984789226529199 
 03/02  08:50:00,7.26,91.16666666666667,6.466666666666667,51.0,27.666666666666669,0.0,0.0,1.0,2.0,0.0,0.0,0.0,0.0,0.0,0.0,1020.0,0.0,82.65648516340693,19.110565363967454,48.97017029209564,2.4784728877177448,65.96789582120154,0.0,19.110565363967447,26.125591715355236,0.0,0.0,20.193499800509167,-1386.7481424599219,19.190683380733434,562.7783365846062,20.5310375158055,-1830.1926323370527,19.270044488989624,515.2549107431282,14.056460708470962,50.39328623276715,18.750022220626265,-152.93855490485303,16.204998033134005,124.2238096361234,17.793089093195147,-288.8698614400597,15.254694791479143,-222.14517801869284,1279.1077255578048,1393.3764188138169,0.0,0.0,0.0,0.0,0.0,0.0,0.0,0.0,0.0,0.0,0.0,0.0,0.0,0.0,0.0,0.0,0.0,0.0,0.0,0.0,0.0,0.0,1.2135610598039413,0.370439883945037,433.21097635478,501.5738949784374,11911.402314442472,0.3068725076271697,0.0468364633130601,310.2883310000457,360.4919923895236,7912.547518443703,1.0666055010338683,0.20155054819234104,432.1650602852285,499.7734616970887,12036.77168847777,0.30034558780284606,0.05675464622124829,326.13869977901609,378.67419752012787,8390.554160519176,0.0,0.0,13.21656025214906,15.681975261086205,183.25027528654247,0.0,0.0,19.636711502973424,22.841879015732116,485.1648897990515,0.0,0.0,283.1447792551192,332.9994207575528,5321.006692987668,0.0,0.0,44.99894178059533,52.35620622783058,1097.4626390089898,0.0,0.0,231.66842520525348,274.229168125402,3513.614372629498,41.25810088471558,28.29773723231522,628.8124972426227,733.0840374707555,15742.403020940532,0.0,0.0,237.24378284790087,281.3241160153167,3366.2494349373357,1869.2307557118207,21.330127712136926,36.161287033042899,22.0,30.0,0.0,20.260182172882194,38.62113063265209,16.0,30.0,2371.147012766616,21.435058356338339,36.01404169166962,21.5,30.0,0.0,20.35564303586633,38.425546323492387,16.0,30.0,0.0,14.170560858611907,55.39694375574866,12.0,30.0,499.8111897958592,19.831605881707689,41.113093777088739,19.5,30.0,0.0,16.71563839007501,47.58625704297016,10.0,30.0,1299.3696521593429,19.610317969180167,40.3271282908798,20.7,30.0,0.0,14.838835917802708,53.49307823690206,12.0,30.0,0.0,19.20072837397165,0.0,0.0,0.0,14.322190647979808,0.0,0.0,580.5614337332345,585.6022633878158,582.8715202321663,585.576630232318,574.1455242680353,745.2001298098712,579.835669129938,641.2226014163525,583.4292161912431,10136.470172011077,81.30235544672009,86.60605446954809,60.0,0.0,60.0,60.0,16.0,16.0,19.0,12.0,19.7,12.0,21.0,10.0,1.0,0.0,1869.2307557118207,0.0,2371.147012766616,0.0,499.8111897958592,0.0,1299.3696521593429,0.0,8026.376806128374,4815826.083677024,6291967.952552256,81.30235544672009,86.69612888602812,0.35254589353761248,0.7666707146360809,0.36028137401965956,86.69612888602812,0.3542647819438875,6291967.952552256,0.3297156668660507 
 03/02  09:00:00,7.36,91.0,6.44,56.0,23.0,0.0,0.0,1.0,2.0,0.0,0.0,0.0,0.0,0.0,0.0,1530.0,0.0,91.89804876795238,20.814400770236717,53.33618313879346,2.755580765179164,73.34353377616786,0.0,20.814400770236707,28.45486389158749,0.0,0.0,20.292371213234128,-1419.5689505568435,19.235040719619165,689.5695538858964,20.683285814715928,-2039.188349383187,19.35822572117512,582.6060397331894,14.067110244332396,51.66894033519991,18.349689849725534,-132.8397935714252,16.193739625050527,179.7316661572441,18.2492973178277,-414.6786363363586,15.24723691564337,-152.70884446365344,1306.3168721302096,1410.9330976126467,0.0,0.0,0.0,0.0,0.0,0.0,0.0,0.0,0.0,0.0,0.0,0.0,0.0,0.0,0.0,0.0,0.0,0.0,0.0,0.0,0.0,0.0,1.1994981152059168,0.36614716581377146,446.97127105894466,517.32395626685,12324.993354647188,0.3197148877894277,0.048796533545394888,339.27087678593099,394.26141013864989,8610.101105605156,1.0179583972408919,0.1923579737794578,452.40050632045998,523.1902224835949,12700.095703966454,0.2945331449122084,0.055656301003818579,337.46619893251877,391.9065794122867,8684.606966712916,0.0,0.0,13.479114783710829,15.996994604078742,184.4826601388595,0.0,0.0,20.229280681396327,23.58751127855135,471.1489043523319,0.0,0.0,278.1014678724205,327.1555279513747,5161.908332164881,0.0,0.0,56.74756687895848,65.92879048663423,1438.642194398615,0.0,0.0,229.98135830551233,272.24703238176877,3464.5224903885848,41.06814343898192,28.167450918368919,668.5588244205453,779.3687729998721,16747.824906492126,0.0,0.0,236.4221505149103,280.2316813574471,3395.0408284850029,1845.3695525814699,21.458988609269885,35.901280944252977,21.999999999999969,29.999999999999959,0.0,20.30532821390329,38.56315521701318,15.999999999999977,29.999999999999959,2603.854135673017,21.677128320539187,35.46217807714624,21.666666666666637,29.999999999999959,0.0,20.48669871008538,38.115928846491417,15.999999999999977,29.999999999999959,0.0,14.182556643070735,55.73333057022912,11.999999999999983,29.999999999999959,30.307763071653157,19.183865294047317,43.91662576919764,18.99999999999997,29.999999999999959,0.0,16.701273506715304,47.962635388169797,9.999999999999986,29.999999999999959,1263.435748341221,20.279712165479507,38.96106887717693,20.69999999999997,29.999999999999959,0.0,14.889914949384297,53.808338221379319,11.999999999999983,29.999999999999959,0.0,19.368455254073369,0.0,0.0,0.0,14.514171943447347,0.0,0.0,573.6675900754134,579.7451700750481,572.724268357274,576.3296859435925,579.802566338776,795.8475363539716,587.5788381111674,635.5552916708516,596.5907597422204,10925.04419867874,80.78085906880699,85.7110611858444,59.999999999999918,0.0,59.999999999999918,59.999999999999918,16.0,16.0,19.0,12.0,19.7,12.0,21.0,10.0,1.0,0.0,1845.3695525814699,0.0,2603.854135673017,0.0,30.307763071653157,0.0,1263.435748341221,0.0,7460.79730989145,4476478.385934876,5840293.820219981,80.78085906880699,85.79479238493949,0.36202657699638149,0.7670550050582644,0.360281374019659,85.79479238493949,0.354264781943887,5840293.820219981,0.30624194531810569 
 03/02  09:10:00,7.471666666666667,90.33333333333334,6.668333333333334,61.0,18.333333333333333,0.0,0.0,0.0,0.0,0.0,0.0,0.0,0.0,0.0,0.0,2040.0,0.0,100.8404686088332,22.494026659855764,57.64015900099398,3.0237187606998465,80.48042608461691,0.0,22.494026659855753,30.751039823120345,0.0,0.0,19.56861645005056,-332.25183645437428,19.14473611859485,139.18020883563538,19.86137305611828,-960.7870452211409,19.234030985089647,105.77698597524257,14.07831945928563,48.38209361997971,17.91406047164207,-311.7431767736034,16.24432934418376,165.05065479704968,17.644868539335805,-251.8731352116904,15.259236874233327,-147.4789252879135,904.7964466038743,1289.3424627536006,0.0,0.0,0.0,0.0,0.0,0.0,0.0,0.0,0.0,0.0,0.0,0.0,0.0,0.0,0.0,0.0,0.0,0.0,0.0,0.0,0.0,0.0,1.1641934970767012,0.3553704203530834,240.1711356363138,279.2698717866193,6119.539255628894,0.2524244532140496,0.03852632069811502,157.1824920132458,183.06342125596749,3920.2957141002968,1.0327199842284006,0.19514738930997753,277.49539825505726,322.4531389010794,7206.50830516798,0.23146290535529047,0.043738266318082089,159.4273439386026,185.59480697788599,4025.0373101887305,0.0,0.0,12.501611033405292,14.83902051661151,168.5853830225901,0.0,0.0,86.83002858635664,101.56096708205642,1875.68405879752,0.0,0.0,338.6886450835131,398.3617847540813,6264.5350665959399,0.0,0.0,48.241856360722987,56.28522949772413,1114.048449731321,0.0,0.0,225.2827519725255,266.65886710682539,3371.2245413968059,40.994382538405357,28.116860451581187,318.123868815386,372.1552214372506,7990.55363701805,0.0,0.0,231.27505262062614,274.1663955225747,3269.2393261503359,0.0,20.248174032078496,38.77946905135475,22.0,30.0,0.0,20.05589470968382,39.217929850673069,16.0,30.0,0.0,20.43833876460613,38.35324912827804,22.0,30.0,0.0,20.184254849749374,38.89133013995933,16.0,30.0,0.0,14.194746941785887,56.19255757178719,12.0,30.0,0.0,18.388827053503677,44.38162716753123,16.0,30.0,0.0,16.78124404889914,48.39540228875266,10.0,30.0,0.0,19.129903938677644,41.72488061216983,12.0,30.0,0.0,14.954393241897757,54.15696244941685,12.0,30.0,0.0,18.167144745756969,0.0,0.0,0.0,14.510512448318942,0.0,0.0,568.9531147572807,574.8272959232508,558.9162127876983,570.7052837679624,592.1964074920729,666.8892464558779,617.2133597842346,617.2074054525294,612.7448262931048,0.0,80.57027023384903,80.57027023384903,60.0,0.0,60.0,60.0,16.0,16.0,16.0,12.0,12.0,12.0,21.0,10.0,0.0,0.0,0.0,0.0,0.0,0.0,0.0,0.0,0.0,0.0,0.0,0.0,0.0,80.57027023384903,80.57027023384903,0.0,0.0,0.0,80.57027023384903,0.0,0.0,0.0025599999999999999 
 03/02  09:20:00,7.583333333333334,89.66666666666667,6.8966666666666669,66.0,13.666666666666665,0.0,0.0,0.0,0.0,0.0,0.0,0.0,0.0,0.0,0.0,1020.0,0.0,109.21378752849043,24.150078773415918,61.88372699971327,3.2747923615014224,87.16312304723128,0.0,24.150078773415907,33.014988615540669,0.0,0.0,18.93596181998713,-86.51784929027144,18.763207913052019,-173.4452080980618,19.143304508778806,-306.38579172880227,18.79016499326081,-123.10287656401316,14.079569233772132,39.062309387643228,17.497004520069248,-182.19096972866294,16.114265053686759,79.32245951715186,16.80394959552882,-96.39970777958641,15.236704040324654,-195.46664449212745,767.2076151005892,1098.5453935300594,0.0,0.0,0.0,0.0,0.0,0.0,0.0,0.0,0.0,0.0,0.0,0.0,0.0,0.0,0.0,0.0,0.0,0.0,0.0,0.0,0.0,0.0,1.076249665445792,0.32852553890286698,164.50665592807514,191.77610040592405,3804.476368802333,0.20288737453401807,0.030965716503971016,100.1562399212714,116.76981638929198,2329.8679691918839,1.013383960371773,0.1914935677195339,155.51459640649368,181.40247115757587,3619.037640400348,0.19559657471594089,0.03696080399016267,92.02117323330023,107.33434169082055,2153.754281158582,0.0,0.0,11.200383253149403,13.28439827889219,148.4208268890488,0.0,0.0,73.84943934330336,86.53088469022916,1479.3176167450288,0.0,0.0,309.24367297775066,363.7956483015329,5502.512971024279,0.0,0.0,34.32624866137892,40.24046616228977,684.5071587719531,0.0,0.0,205.82550124802146,243.47797259085534,3028.8223121964394,40.82642307979635,28.00166192029929,177.49989722947854,208.37224174880559,4238.028403912178,0.0,0.0,210.35205500957444,249.43218765497307,2817.5716210563857,0.0,19.24670778028954,41.30778583954658,22.0,30.0,0.0,19.320661148751517,41.1286448219708,16.0,30.0,0.0,19.286894467280779,41.24289375832475,22.0,30.0,0.0,19.351130545745649,41.03057684861949,16.0,30.0,0.0,14.189100032427277,56.63699068047414,12.0,30.0,0.0,17.694280415876354,45.685470528634919,16.0,30.0,0.0,16.529290981095444,49.11846617529909,10.0,30.0,0.0,17.603991169167146,45.884826430793768,12.0,30.0,0.0,14.939843052234988,54.389829977339548,12.0,30.0,0.0,17.078555557624346,0.0,0.0,0.0,14.240573062734916,0.0,0.0,565.2459829124844,558.41783072138,547.2816455367697,563.766401987393,602.5885888127134,615.8783717262702,606.3555152450916,611.4000120566193,614.2381062341636,0.0,80.57027023384903,80.57027023384903,60.0,0.0,60.0,60.0,16.0,16.0,16.0,12.0,12.0,12.0,21.0,10.0,0.0,0.0,0.0,0.0,0.0,0.0,0.0,0.0,0.0,0.0,0.0,0.0,0.0,80.57027023384903,80.57027023384903,0.0,0.0,0.0,80.57027023384903,0.0,0.0,0.002543333333333333 
 03/02  09:30:00,7.695,89.0,7.125,71.0,9.0,0.0,0.0,0.0,0.0,0.0,0.0,0.0,0.0,0.0,0.0,765.0,0.0,108.76036507977566,25.323448237401956,64.8904465479995,3.2612005773832468,86.80129353276095,0.0,25.32344823740194,34.61907363152683,0.0,0.0,18.525702959931967,-125.43896825799973,18.399249655541185,-180.61520792245069,18.725453011726619,-305.9678470038513,18.383383420880479,-240.9479907054141,14.072616782909915,32.20848020769967,17.237035955718754,-138.41640960885338,15.990474034398467,61.05053618433216,16.3293573227889,-44.378842315657177,15.17519971843192,-226.4765570350815,696.9249668262545,954.4230389737483,0.0,0.0,0.0,0.0,0.0,0.0,0.0,0.0,0.0,0.0,0.0,0.0,0.0,0.0,0.0,0.0,0.0,0.0,0.0,0.0,0.0,0.0,0.9859476869934514,0.30096083241558338,160.63748313478613,187.46151870112517,3479.3066246217374,0.18376588760557548,0.028047296643097593,85.47080251722201,99.72656626805824,1852.3972739008312,0.9472346631038429,0.17899370051093026,196.82518377675448,229.57595644625486,4232.7837205615619,0.18233731642322766,0.0344552752122501,125.66814744598676,146.6049111319539,2707.391471324343,0.0,0.0,10.438021742194943,12.374024246258614,135.6102356396205,0.0,0.0,66.94097224132313,78.49904774091934,1275.3951006750722,0.0,0.0,289.2810015053493,340.3919258148888,4957.442545598119,0.0,0.0,24.6348010263728,28.943236840775847,446.6369129517583,0.0,0.0,189.7984938631273,224.46123080848197,2719.7335118381099,40.93031738978089,28.07292002042585,194.7101189086653,228.41582246514595,4292.035492866187,0.0,0.0,193.05178765927566,228.96925331716259,2459.3093618565828,0.0,18.64383352553496,42.95228700621766,21.999999999999994,29.99999999999999,0.0,18.686919890916426,42.855695485100969,15.999999999999993,29.99999999999999,0.0,18.67248189212372,42.91126435489014,21.999999999999994,29.99999999999999,0.0,18.647527012737919,42.96321632400893,15.999999999999993,29.99999999999999,0.0,14.170830609268752,56.89538574578694,11.999999999999995,29.99999999999999,0.0,17.303372543396738,46.761708775516627,15.999999999999993,29.99999999999999,0.0,16.30617326563496,49.80812527870016,9.999999999999997,29.99999999999999,0.0,16.805334510245147,48.26029857695822,11.999999999999995,29.99999999999999,0.0,14.856268403533872,54.674135770557288,11.999999999999995,29.99999999999999,0.0,16.80870115716839,0.0,0.0,0.0,14.025235117945991,0.0,0.0,555.01859902483,545.8784058203835,543.0961274321063,548.8623736962262,604.1019317866051,605.5742566184923,597.7644284735151,607.9069793632267,607.767825278404,0.0,80.570270233849,80.570270233849,59.99999999999998,0.0,59.99999999999998,59.99999999999998,16.0,16.0,16.0,12.0,12.0,12.0,21.0,10.0,0.0,0.0,0.0,0.0,0.0,0.0,0.0,0.0,0.0,0.0,0.0,0.0,0.0,80.570270233849,80.570270233849,0.0,0.0,0.0,80.570270233849,0.0,0.0,0.002526666666666667 
 03/02  09:40:00,7.806666666666667,88.33333333333334,7.3533333333333339,76.0,11.833333333333333,0.0,0.0,0.0,0.0,0.0,0.0,0.0,0.0,0.0,0.0,510.0,0.0,119.62816598354388,27.12877502443323,69.51653946066726,3.587072389590635,95.47483592924752,0.0,27.12877502443322,37.08709221980482,0.0,0.0,18.2088148781925,-37.36832382316357,18.11750266185605,-202.59494326446913,18.375663479171054,-353.36827777851507,18.11598554260668,-36.679931917807397,14.063506045046339,28.154327798954609,17.05433898915139,-118.2424912081613,15.881314837049477,47.628749006843488,16.011491553397187,-22.590105951268308,15.110342975852769,-228.9731376078053,465.2758000283919,868.4394993243252,0.0,0.0,0.0,0.0,0.0,0.0,0.0,0.0,0.0,0.0,0.0,0.0,0.0,0.0,0.0,0.0,0.0,0.0,0.0,0.0,0.0,0.0,0.9113837672189298,0.27820017314375158,122.24744331588366,142.74375118931449,2527.130381437649,0.17046730457665855,0.026017598378610897,57.03901619120468,66.62623761255547,1175.6336219254577,0.8732943737224446,0.1650216125703789,96.28827064050032,112.40736931425633,1978.9347660655038,0.17189507401917893,0.03248206236190078,56.24534636018767,65.65064166238436,1161.0519687768197,0.0,0.0,9.968931815586606,11.807930715965782,126.89630083251626,0.0,0.0,63.58368476019693,74.56051814745524,1165.7884323156955,0.0,0.0,277.3391114589788,326.2532814400537,4592.028261439862,0.0,0.0,19.589480289234865,23.032900359191268,332.03319444422825,0.0,0.0,180.61680066729967,213.47116519493475,2516.965728623427,41.12356588088625,28.20546356713736,102.87202531138829,120.93360495307943,2381.75609305469,0.0,0.0,183.19812778739408,217.1661777561878,2252.6028065215334,0.0,18.214057940511105,44.1701520572131,22.000000000000008,30.00000000000001,0.0,18.216193414067818,44.22853291549364,16.000000000000008,30.00000000000001,0.0,18.17908942635378,44.357815633116178,22.000000000000008,30.00000000000001,0.0,18.249655142095329,44.082811506465279,16.000000000000008,30.00000000000001,0.0,14.150537530933825,57.07026758407909,12.000000000000004,30.00000000000001,0.0,17.04516775915948,47.51944600875471,16.000000000000008,30.00000000000001,0.0,16.12090118434218,50.39810983898683,10.000000000000004,30.00000000000001,0.0,16.31690700773078,49.77476290071116,12.000000000000004,30.00000000000001,0.0,14.768507376006707,54.967084381326667,12.000000000000004,30.00000000000001,0.0,16.120422581444843,0.0,0.0,0.0,13.914833437542022,0.0,0.0,547.6000538836568,527.7942925451907,522.8428590371134,545.1725315061982,601.7960093232573,598.2784762233447,591.6656933000934,602.7877017843052,601.2384112997811,0.0,80.57027023384906,80.57027023384906,60.00000000000002,0.0,60.00000000000002,60.00000000000002,16.0,16.0,16.0,12.0,12.0,12.0,21.0,10.0,0.0,0.0,0.0,0.0,0.0,0.0,0.0,0.0,0.0,0.0,0.0,0.0,0.0,80.57027023384906,80.57027023384906,0.0,0.0,0.0,80.57027023384906,0.0,0.0,0.00251 
 03/02  09:50:00,7.918333333333333,87.66666666666666,7.581666666666666,81.0,14.666666666666665,0.0,0.0,0.0,0.0,0.0,0.0,0.0,0.0,0.0,0.0,765.0,0.0,142.14184338293362,29.36616542455238,75.24977168091066,4.262139765518866,113.44282414991916,0.0,29.366165424552368,40.14577452397047,0.0,0.0,17.92789663521616,-177.17314214521958,17.932853220119236,-172.32249547039749,18.146378917163344,-167.74872505100118,17.906081368650236,-220.3005355497129,14.055790147186265,24.19370563467591,16.931146765409545,-119.30806541383294,15.786791601459612,24.564039939980547,15.808681680611482,-15.260139488692925,15.058999219472327,-235.9042730894609,474.43295014258418,772.4966162080502,0.0,0.0,0.0,0.0,0.0,0.0,0.0,0.0,0.0,0.0,0.0,0.0,0.0,0.0,0.0,0.0,0.0,0.0,0.0,0.0,0.0,0.0,0.8493151180117634,0.25925369902679,137.03911262025086,160.3270736560683,2698.053732989829,0.15524166266331813,0.023693782457771405,49.90253537417775,58.36384542781902,982.3528937563355,0.8082431468729434,0.1527292416615541,117.01049017764572,136.83495151174086,2322.747900172546,0.15281629456810759,0.02887685082541717,80.2267894495191,93.8200977898861,1582.5918280960323,0.0,0.0,9.600020872999569,11.379089221994125,119.72708975555246,0.0,0.0,62.078691280343168,72.88302062296889,1104.9360179174867,0.0,0.0,264.98646592009058,312.1018116673523,4248.786200752825,0.0,0.0,15.551517597754174,18.31404352797817,251.66406192925994,0.0,0.0,169.60602414312667,200.6414494347467,2304.734757512479,41.4307886788355,28.416178792068274,138.46666564480749,162.8592864836145,2951.514371306666,0.0,0.0,171.5981736084852,203.63388320308588,2035.1076909275467,0.0,17.815184687796326,45.37998778663376,22.000000000000019,30.00000000000002,0.0,17.926129306195646,45.1158022882953,16.000000000000015,30.00000000000002,0.0,17.919244138710068,45.110739931602079,22.000000000000019,30.00000000000002,0.0,17.913865368489117,45.095787194339347,16.000000000000015,30.00000000000002,0.0,14.134387545124286,57.17744790140367,12.00000000000001,30.00000000000002,0.0,16.884011148174609,48.00899612594665,16.000000000000015,30.00000000000002,0.0,15.966662826409796,50.91468762697822,10.000000000000007,30.00000000000002,0.0,16.040186669578586,50.65686324972787,12.00000000000001,30.00000000000002,0.0,14.706375182421113,55.18459718974937,12.00000000000001,30.00000000000002,0.0,16.114338949143617,0.0,0.0,0.0,13.807520470291255,0.0,0.0,530.9435299932752,513.0692785963215,521.1645833261193,530.935845182064,597.8357714861636,590.841236846264,581.2983546067898,597.6638618820762,593.3723222515391,0.0,80.5702702338491,80.5702702338491,60.00000000000004,0.0,60.00000000000004,60.00000000000004,16.0,16.0,16.0,12.0,12.0,12.0,21.0,10.0,0.0,0.0,0.0,0.0,0.0,0.0,0.0,0.0,0.0,0.0,0.0,0.0,0.0,80.5702702338491,80.5702702338491,0.0,0.0,0.0,80.5702702338491,0.0,0.0,0.0024966666666666667 
 03/02  10:00:00,8.03,87.0,7.81,86.0,17.5,0.0,0.0,0.0,0.0,0.0,0.0,0.0,0.0,0.0,0.0,510.0,0.0,156.26535633123189,31.149365351393425,79.81916690608021,4.685632557247948,124.71471604739932,0.0,31.149365351393408,42.58354401682595,0.0,0.0,17.75917647909521,-25.37699533130558,17.766619837153365,-145.32022085032674,17.943014570980659,-296.67027800962458,17.753463807418563,-44.05211101392601,14.046706619433893,22.433436137431074,16.81853188254441,-112.76632258040184,15.707596270214666,27.072291345110899,15.633091795342855,-9.910517379803395,15.00847504499371,-227.90048767133204,350.2568486611484,723.7033948926983,0.0,0.0,0.0,0.0,0.0,0.0,0.0,0.0,0.0,0.0,0.0,0.0,0.0,0.0,0.0,0.0,0.0,0.0,0.0,0.0,0.0,0.0,0.8019066076288959,0.24478223676095724,136.89935080998385,160.26105113866925,2620.8757251104254,0.15080644632999899,0.023016856887972983,47.98526043293783,56.250253292218548,916.1741466041713,0.745273654288201,0.14083024457449007,91.88803413427775,107.44680407531154,1760.671157086079,0.14470643241443635,0.0273443749838315,22.863784023169367,26.700526915095808,440.14076645776938,0.0,0.0,9.427799466692273,11.165546713506006,115.17511788214745,0.0,0.0,61.36310709178669,72.01642799085633,1061.2670468832119,0.0,0.0,258.70793345435427,304.55455954435379,4032.220563723372,0.0,0.0,13.532101614768387,15.935033154281826,209.76960099934014,0.0,0.0,164.1902280990932,194.0985637035355,2175.0558332876128,41.852163167057558,28.705187357378308,87.32874063948703,102.90056993038275,1978.99076062571,0.0,0.0,165.9615079018481,196.7973758325844,1915.8290353885437,0.0,17.655647295241275,45.87378688608402,22.0,30.0,0.0,17.67176281567,45.89084532626032,16.0,30.0,0.0,17.66741981930179,45.90114123921504,22.0,30.0,0.0,17.7212121991896,45.666390712267517,16.0,30.0,0.0,14.118065012995027,57.278272440853289,12.0,30.0,0.0,16.73644594453496,48.47290072841632,16.0,30.0,0.0,15.849946603614179,51.31344516467993,10.0,30.0,0.0,15.803539075832959,51.43161838315,12.0,30.0,0.0,14.645564738987043,55.4112406398372,12.0,30.0,0.0,15.696627368209257,0.0,0.0,0.0,13.76089427177127,0.0,0.0,522.250835331593,503.9552569849633,506.7568316225658,530.4750601301799,591.4287658120516,582.027513425463,573.2323738134372,590.8249365689906,585.4547767962758,0.0,80.57027023384903,80.57027023384903,60.0,0.0,60.0,60.0,16.0,16.0,16.0,12.0,12.0,12.0,21.0,10.0,0.0,0.0,0.0,0.0,0.0,0.0,0.0,0.0,0.0,0.0,0.0,0.0,0.0,80.57027023384903,80.57027023384903,0.0,0.0,0.0,80.57027023384903,0.0,0.0,0.002483333333333333 
 03/02  10:10:00,8.129999999999999,86.33333333333333,7.879999999999999,91.0,20.333333333333337,0.0,0.0,0.0,0.0,0.0,0.0,0.0,0.0,0.0,0.0,510.0,0.0,171.3368470614597,32.92613962750988,84.37209724693727,5.137550034562085,136.74317927010288,0.0,32.92613962750987,45.012529157981798,0.0,0.0,17.580372221683576,-122.16908097613669,17.686748880070377,-167.57518378349415,17.63760508517195,-282.6818796173802,17.59405068466712,-252.63522516087779,14.03808557135574,19.78869454013575,16.72977839639986,-116.05627663779808,15.63664612195074,19.767324440765607,15.498906754128257,-7.852753856007894,14.969071951845784,-224.77598412988437,560.8813033365877,652.6366408764616,0.0,0.0,0.0,0.0,0.0,0.0,0.0,0.0,0.0,0.0,0.0,0.0,0.0,0.0,0.0,0.0,0.0,0.0,0.0,0.0,0.0,0.0,0.7224072651283516,0.22051503819546754,207.51662417162803,242.81582818358909,3812.8229835339268,0.1281117754513331,0.019553079281338996,97.90500343041426,114.49360435904029,1825.996096921391,0.7491727232937198,0.1415670301008541,396.515625105608,464.3801780692587,7156.221580815632,0.14325729441256297,0.027070539382570467,233.703377234117,273.5328185356667,4315.597512256969,0.0,0.0,9.16587488851513,10.854286722865514,109.87557813780518,0.0,0.0,60.26016974676273,70.73774808059531,1017.211771877925,0.0,0.0,250.26141544820815,294.681123909637,3798.9344707773077,0.0,0.0,10.370888129480943,12.2141227477853,155.1880519151949,0.0,0.0,155.9577286351215,184.37443582401523,2021.8919904836146,41.680496040665307,28.587445844077725,372.0156277924077,436.95993828790417,6732.948838135111,0.0,0.0,157.0016649014258,186.19698080419745,1759.953474749167,0.0,17.426890268532163,46.57857256937887,22.0,30.0,0.0,17.57458958036942,46.19430687657072,16.0,30.0,0.0,17.21384326691009,47.23987634302006,22.0,30.0,0.0,17.469872609851146,46.48641735128152,16.0,30.0,0.0,14.10382552640754,57.367229811627748,12.0,30.0,0.0,16.62535678095913,48.84852055902348,16.0,30.0,0.0,15.743732617138264,51.6992131632868,10.0,30.0,0.0,15.634913611291323,52.002244865501527,12.0,30.0,0.0,14.603586726209607,55.60001464335336,12.0,30.0,0.0,16.33644877422045,0.0,0.0,0.0,13.693412306454923,0.0,0.0,516.827725344539,501.95297600047118,508.54328241888899,508.57413614368786,582.5471605139359,568.4125962238131,559.9324137105218,582.8645677969216,569.9106378982567,0.0,80.57027023384903,80.57027023384903,60.0,0.0,60.0,60.0,16.0,16.0,16.0,12.0,12.0,12.0,21.0,10.0,0.0,0.0,0.0,0.0,0.0,0.0,0.0,0.0,0.0,0.0,0.0,0.0,0.0,80.57027023384903,80.57027023384903,0.0,0.0,0.0,80.57027023384903,0.0,0.0,0.0024699999999999997 
 03/02  10:20:00,8.23,85.66666666666667,7.95,96.0,23.166666666666669,0.0,0.0,0.0,0.0,0.0,0.0,0.0,0.0,0.0,0.0,255.0,0.0,187.32552949144896,34.695738388521899,88.90664115581527,5.616969083865991,149.50364368790216,0.0,34.695738388521878,47.43170482597994,0.0,0.0,17.465343947774536,-14.232341079199614,17.49475226932157,-246.20808320956258,17.557566061926275,-268.18715018157857,17.46755235254851,-23.280182164657164,14.029314369616808,19.041250805575915,16.651604858521674,-101.98991728948568,15.572934729901327,14.272616734229814,15.372815974714009,-4.710762162637536,14.928047411053003,-223.0830303826524,510.86504901280389,643.5844180162549,0.0,0.0,0.0,0.0,0.0,0.0,0.0,0.0,0.0,0.0,0.0,0.0,0.0,0.0,0.0,0.0,0.0,0.0,0.0,0.0,0.0,0.0,0.6905078188167001,0.21077772247152019,203.9664666016246,238.25326788029498,3689.540641571897,0.11291274744133384,0.01723332531155889,135.90250416606177,158.79393098664736,2428.7260600323127,0.6735571017278522,0.127278363894152,159.5712328591714,186.48971056519253,2842.178309743611,0.14119774466524877,0.026681357646494466,110.47496629496782,129.0505545731612,1993.0110135956464,0.0,0.0,8.915642344979407,10.532713830300864,104.88406465030829,0.0,0.0,58.56006115028777,68.59890960067479,966.1069984754865,0.0,0.0,246.3867916122211,289.49513209623628,3648.976351574186,0.0,0.0,9.71241441663948,11.419075250974809,140.40862183931118,0.0,0.0,155.95579273217846,183.94233726983388,1976.7950537602922,41.57244195831511,28.513334676484996,246.14086842214545,288.6213053072988,4563.968053530803,0.0,0.0,157.05596986814298,185.77933618990287,1737.9879077289195,0.0,17.342326166933089,46.857464333071529,22.0,30.0,0.0,17.252714878670788,47.21088746331855,16.0,30.0,0.0,17.190242691390364,47.39339436686013,22.0,30.0,0.0,17.33683473523758,46.78659304434654,16.0,30.0,0.0,14.090329338912927,57.45202344935263,12.0,30.0,0.0,16.527024749947928,49.165988701758767,16.0,30.0,0.0,15.653495132937004,52.02992690322898,10.0,30.0,0.0,15.471302631711997,52.56700782323161,12.0,30.0,0.0,14.556234184295884,55.793549063478447,12.0,30.0,0.0,16.226534452569639,0.0,0.0,0.0,13.720957025734231,0.0,0.0,507.88881609055667,481.99479457681687,483.40913643675096,530.9530482896162,572.9410258656074,561.8647503846497,550.3993632138004,573.9789715375907,561.6924809011997,0.0,80.57027023384903,80.57027023384903,60.0,0.0,60.0,60.0,16.0,16.0,16.0,12.0,12.0,12.0,21.0,10.0,0.0,0.0,0.0,0.0,0.0,0.0,0.0,0.0,0.0,0.0,0.0,0.0,0.0,80.57027023384903,80.57027023384903,0.0,0.0,0.0,80.57027023384903,0.0,0.0,0.0024533333333333336 
 03/02  10:30:00,8.33,85.0,8.02,101.0,26.0,0.0,0.0,0.0,0.0,0.0,0.0,0.0,0.0,0.0,0.0,510.0,0.0,204.19802929195874,36.45735183239271,93.42072349629628,6.122888984063846,162.9694735163966,0.0,36.45735183239269,49.839963960041227,0.0,0.0,17.276765291270004,-119.72903872709139,17.448691952407953,-172.22842108664384,17.49167142104577,-203.32788284550998,17.38377992349686,-124.01335697683862,14.023746145202129,18.151347421090578,16.60087801450814,-105.99685836089657,15.53431826130381,8.994575816552242,15.290441844725328,-5.171228734838493,14.908096594186518,-203.19043652286474,479.8049996461996,594.8129180265528,0.0,0.0,0.0,0.0,0.0,0.0,0.0,0.0,0.0,0.0,0.0,0.0,0.0,0.0,0.0,0.0,0.0,0.0,0.0,0.0,0.0,0.0,0.6835535774041657,0.20865493815755976,229.2725079981932,268.49662113166928,3985.3842161178624,0.11790560277666143,0.017995360619148576,102.21361188720323,119.5806251440343,1793.300806720328,0.6284052745059088,0.1187462725823713,181.9873511055123,213.13668927281493,3198.302302439947,0.11941831444532547,0.02256581905618394,93.39978184233861,109.42812136043767,1643.5223584783108,0.0,0.0,8.843944176589574,10.472415723239579,102.11018537618362,0.0,0.0,59.45650945625826,69.82129536451395,962.5222935425929,0.0,0.0,241.51312163835417,284.4594873207119,3508.5465751989015,0.0,0.0,8.094419475437089,9.54250927135512,114.03370446697392,0.0,0.0,150.41696928989718,177.81537312796386,1873.8575264553288,41.47536511866028,28.44675248193436,254.91317214270539,299.5171538285315,4598.425117250425,0.0,0.0,151.3887723571097,179.48972996780885,1639.6490386727574,0.0,17.064381245079625,47.71090848117043,22.0,30.0,0.0,17.22780708577797,47.26451140664754,16.0,30.0,0.0,17.190980422970648,47.33119716627125,22.0,30.0,0.0,17.215902593910408,47.22947161779459,16.0,30.0,0.0,14.08367202662848,57.49651313172507,12.0,30.0,0.0,16.473261273225388,49.360873466472558,16.0,30.0,0.0,15.613224074192822,52.177975892707198,10.0,30.0,0.0,15.385771976452864,52.8660566774697,12.0,30.0,0.0,14.549956738164333,55.82694036344883,12.0,30.0,0.0,16.139809003888425,0.0,0.0,0.0,13.7056143594458,0.0,0.0,500.33093732845466,485.8746331380548,498.1520355564448,507.1913595412822,566.7805990310694,552.9586563152095,544.5505245884144,569.0116724643356,556.7684838385767,0.0,80.57027023384903,80.57027023384903,60.0,0.0,60.0,60.0,16.0,16.0,16.0,12.0,12.0,12.0,21.0,10.0,0.0,0.0,0.0,0.0,0.0,0.0,0.0,0.0,0.0,0.0,0.0,0.0,0.0,80.57027023384903,80.57027023384903,0.0,0.0,0.0,80.57027023384903,0.0,0.0,0.002436666666666667 
 03/02  10:40:00,8.43,84.33333333333333,8.09,104.0,24.5,0.0,0.0,0.0,0.0,0.0,0.0,0.0,0.0,0.0,0.0,510.0,0.0,211.62305745764668,37.43969437580993,95.93793999116653,6.345527323216485,168.8953363978402,0.0,37.439694375809917,51.18290069295083,0.0,0.0,17.17249517191019,-152.2267782105473,17.31494685911647,-198.24450605421067,17.28979288092718,-214.19665995492142,17.312004895105895,-183.4835766106894,14.015943691171062,17.004669582460339,16.546863319636285,-108.42612323894514,15.485366201703485,21.641147955350335,15.195191266005257,-15.669672323825509,14.892014778121512,-191.46771065016766,504.49436768973649,550.4448597168364,0.0,0.0,0.0,0.0,0.0,0.0,0.0,0.0,0.0,0.0,0.0,0.0,0.0,0.0,0.0,0.0,0.0,0.0,0.0,0.0,0.0,0.0,0.6484564165826285,0.19794151910336645,292.87537043113539,343.32382662164425,4966.83780405025,0.1084360498149699,0.016550068653078434,130.3148202172619,152.84372541582273,2211.9983592855489,0.6165229935322772,0.1165009436002036,302.8309909280994,354.9174415003062,5102.2445629802709,0.10553312563825168,0.019942011647439845,177.92747682939814,208.36160452210457,3058.857148191766,0.0,0.0,8.732040730769415,10.337869311047877,98.89230810342801,0.0,0.0,59.454921717696979,69.81980384796472,943.6098210177365,0.0,0.0,233.81077728203457,275.3990217267536,3322.6286167256937,0.0,0.0,8.497496722248066,10.018041893367013,116.01262175247007,0.0,0.0,142.0340901046657,167.89448396713278,1739.8939184148949,41.35002354953316,28.360784327526188,405.63154208078779,476.62442042303737,6913.514590617216,0.0,0.0,145.88796242480533,172.96714274275736,1546.18214062846,0.0,16.96532933575588,48.02543707232495,22.0,30.0,0.0,17.015217811864546,47.914200763316319,16.0,30.0,0.0,16.90353214377403,48.225956630336288,22.0,30.0,0.0,17.133835446857256,47.48287313462264,16.0,30.0,0.0,14.073728685645808,57.564585371896779,12.0,30.0,0.0,16.412715572663218,49.58522234621131,16.0,30.0,0.0,15.553470154488203,52.41482117954829,10.0,30.0,0.0,15.267409079472799,53.28959904904116,12.0,30.0,0.0,14.546389099643797,55.88678696332195,12.0,30.0,0.0,16.232487634446593,0.0,0.0,0.0,13.689391359687616,0.0,0.0,493.47131812123407,477.0220788739466,487.1054822620523,502.44367562627596,557.566191352636,541.1428152759497,532.3258290356052,561.1023870057727,542.8755513585496,0.0,80.57027023384903,80.57027023384903,60.0,0.0,60.0,60.0,16.0,16.0,16.0,12.0,12.0,12.0,21.0,10.0,0.0,0.0,0.0,0.0,0.0,0.0,0.0,0.0,0.0,0.0,0.0,0.0,0.0,80.57027023384903,80.57027023384903,0.0,0.0,0.0,80.57027023384903,0.0,0.0,0.00242 
 03/02  10:50:00,8.530000000000002,83.66666666666667,8.16,107.0,23.0,0.0,0.0,0.0,0.0,0.0,0.0,0.0,0.0,0.0,0.0,255.0,0.0,218.7224780758889,38.41143701443448,98.42799440901345,6.5584024304115389,174.56133484210458,0.0,38.41143701443447,52.51134655237969,0.0,0.0,17.11595609009965,-3.9810525229404449,17.254289484711685,-227.83219467084656,17.259394184030428,-207.81736726992404,17.25158348769537,-30.843946011264167,14.007496384774335,16.362004619795216,16.496029938242239,-94.55001497082685,15.431598872144326,1.8163317377238855,15.094821714614572,-19.739329812513689,14.871920531525142,-196.74097262072884,406.6797012294055,551.8243641970116,0.0,0.0,0.0,0.0,0.0,0.0,0.0,0.0,0.0,0.0,0.0,0.0,0.0,0.0,0.0,0.0,0.0,0.0,0.0,0.0,0.0,0.0,0.6078677838408042,0.18555182656923206,283.1648851269976,331.0740137680664,4749.417523525582,0.09517044129782666,0.014525403128483924,153.12763950257887,179.05615984866777,2552.8527423451548,0.5149438862737567,0.0973061009587598,144.9807178463401,169.53033778003013,2423.947929895401,0.09836117295108384,0.01858676737548825,28.364182338512469,33.1505974055856,482.42819604426259,0.0,0.0,8.404129412115014,9.926172200242507,93.34429177558669,0.0,0.0,57.990759583177808,67.95014463158616,902.7830986463214,0.0,0.0,229.84060072267347,270.1324589053637,3187.3306622611619,0.0,0.0,8.720984783161497,10.262141541653849,115.12311563044747,0.0,0.0,142.54338704120566,168.08351143773656,1713.9596266515058,41.19795850988113,28.25648731816265,244.8767883766,287.33978404176158,4205.981969224064,0.0,0.0,148.05799519857184,175.0698294792769,1553.3551017655166,0.0,16.981495570120346,47.94480706402069,22.0,30.0,0.0,16.942114607966685,48.16887456918843,16.0,30.0,0.0,16.941535820580673,48.16325005581692,22.0,30.0,0.0,17.092312636070394,47.594934570111529,16.0,30.0,0.0,14.062947059633043,57.64040657871623,12.0,30.0,0.0,16.355830721668423,49.789724991774317,16.0,30.0,0.0,15.47762887882636,52.67807340165127,10.0,30.0,0.0,15.134627251361535,53.77325427587852,12.0,30.0,0.0,14.53140907606154,55.962068177758457,12.0,30.0,0.0,15.936838750992225,0.0,0.0,0.0,13.73594150791072,0.0,0.0,500.0693119107013,461.56926725125569,464.1359647783041,504.71759170613719,547.0223925290513,532.0396421637873,528.0147331395684,551.4591197232946,535.5982694726638,0.0,80.57027023384903,80.57027023384903,60.0,0.0,60.0,60.0,16.0,16.0,16.0,12.0,12.0,12.0,21.0,10.0,0.0,0.0,0.0,0.0,0.0,0.0,0.0,0.0,0.0,0.0,0.0,0.0,0.0,80.57027023384903,80.57027023384903,0.0,0.0,0.0,80.57027023384903,0.0,0.0,0.0023966666666666669 
 03/02  11:00:00,8.63,83.0,8.23,110.0,21.5,0.0,0.0,0.0,0.0,0.0,0.0,0.0,0.0,0.0,0.0,255.0,0.0,225.52083466403009,39.37291791280913,100.891753308207,6.762250234596118,179.9870568071725,0.0,39.372917912809118,53.82576383489561,0.0,0.0,16.944461407660059,-134.99434122380854,17.29999263935663,-15.96269891026941,17.298404824258666,-24.86737021530098,17.108530166873366,-229.2671477407771,14.000959212648429,16.752521802406194,16.448718879988158,-106.91083795039504,15.439168258278303,32.99816819247735,15.013687394495813,-22.37585376003898,14.86624636419556,-171.63606025780019,333.48858895937158,503.2893135586082,0.0,0.0,0.0,0.0,0.0,0.0,0.0,0.0,0.0,0.0,0.0,0.0,0.0,0.0,0.0,0.0,0.0,0.0,0.0,0.0,0.0,0.0,0.6018409446741383,0.1837121320739128,102.70455441537853,120.18182525052613,1653.874013027035,0.114023909591173,0.017402916604269387,38.997773730144867,45.5743697419395,654.7156833537113,0.5618367939891971,0.10616719463136759,123.36173892445614,144.15205487901739,2081.5512934812338,0.09334380301954389,0.017638662702105794,118.42451557471266,138.51316217335956,1927.7818489059997,0.0,0.0,8.755197507380212,10.339966229376947,95.36845529113458,0.0,0.0,59.87187634081318,70.16065995159849,913.6178300589638,0.0,0.0,230.57734605712404,270.92327058059626,3173.767696123344,0.0,0.0,10.431359993633052,12.277661850356749,133.60756838207707,0.0,0.0,134.9108377751091,159.05868613570738,1598.953975535618,41.17780377810688,28.24266377099238,134.95873414544136,158.4742869674059,2473.1276340165447,0.0,0.0,141.91028697532048,167.79036283730364,1456.8702494128737,0.0,16.707266947253129,48.818292140015518,22.0,30.0,0.0,17.086885836800943,47.654361924072819,16.0,30.0,0.0,17.116814088183369,47.51496189782772,22.0,30.0,0.0,16.840423814408067,48.40951202353925,16.0,30.0,0.0,14.056266609780863,57.68485343111867,12.0,30.0,0.0,16.299788421753246,49.971030520760297,16.0,30.0,0.0,15.527702667114204,52.51422428771805,10.0,30.0,0.0,15.036093757135568,54.13621062195136,12.0,30.0,0.0,14.546061247131718,55.919346265090997,12.0,30.0,0.0,15.698808126841552,0.0,0.0,0.0,13.72365436038742,0.0,0.0,483.45928184388517,487.2217242820569,504.83917259769779,482.1654971326457,540.3916428347302,529.2109366814749,525.1234671258214,543.7461082649858,531.1282992247739,0.0,80.57027023384903,80.57027023384903,60.0,0.0,60.0,60.0,16.0,16.0,16.0,12.0,12.0,12.0,21.0,10.0,0.0,0.0,0.0,0.0,0.0,0.0,0.0,0.0,0.0,0.0,0.0,0.0,0.0,80.57027023384903,80.57027023384903,0.0,0.0,0.0,80.57027023384903,0.0,0.0,0.0023733333333333338 
 03/02  11:10:00,8.691666666666667,82.66666666666667,8.260000000000002,113.0,20.0,0.0,0.0,0.0,0.0,0.0,0.0,0.0,0.0,0.0,0.0,765.0,0.0,232.0458735015044,40.3244074274049,103.3299094938841,6.957902698018771,185.19464634173932,0.0,40.324407427404889,55.126522138291509,0.0,0.0,16.969172840629683,11.114651298438881,17.21631371043232,-267.199922717383,17.145030876588878,-237.51073690342887,17.10006368653128,-47.628653891438847,13.995225858963382,16.22199079725823,16.41802321154479,-95.12246911231046,15.405255719972237,14.427540936925653,14.949642876836795,-29.06638577824367,14.859007089997963,-163.9611741309462,336.2281967308682,501.32743254078368,0.0,0.0,0.0,0.0,0.0,0.0,0.0,0.0,0.0,0.0,0.0,0.0,0.0,0.0,0.0,0.0,0.0,0.0,0.0,0.0,0.0,0.0,0.5594637208163418,0.17077647155565993,183.25872380378909,215.20434425599758,2971.2420557876569,0.09002744118599282,0.013740451951464107,119.16964651247086,139.8555823233792,1946.0566476632126,0.5175704965285563,0.09780243698574384,146.49129972570285,172.16293490372918,2371.406474846305,0.10608710304312848,0.02004669369673629,81.66685391107133,95.96335684229732,1328.518161151596,0.0,0.0,8.429556506731556,9.98484668505344,90.63735114795992,0.0,0.0,56.8635098232506,66.83818230768905,857.8070435675172,0.0,0.0,227.87466327617228,268.5835622114871,3087.0622355128218,0.0,0.0,13.56117609000285,16.010864226682974,170.0974810169418,0.0,0.0,133.4368874629784,157.79098062666126,1565.6255902131366,41.080026628740188,28.175601254279976,202.30203216556598,238.4787588450148,3479.944550988308,0.0,0.0,143.73006201503956,170.42436718195649,1469.6478108439847,0.0,16.85669784236935,48.343228500238357,22.0,30.0,0.0,16.933388763201067,48.144534212181159,16.0,30.0,0.0,16.873745413357207,48.302952582460388,22.0,30.0,0.0,16.902992128718965,48.17728287839379,16.0,30.0,0.0,14.051112869466757,57.70913117196074,12.0,30.0,0.0,16.278089916791449,50.045270279710397,16.0,30.0,0.0,15.48358083557357,52.675528650235879,10.0,30.0,0.0,14.968230832114827,54.38317794388237,12.0,30.0,0.0,14.552279408283289,55.90285701278489,12.0,30.0,0.0,15.693605567732245,0.0,0.0,0.0,13.768859871496503,0.0,0.0,483.341014593654,464.73473349482608,476.42014434946557,493.61606471485916,536.1675125243239,524.4837189420094,516.9424240995129,537.8697577367818,526.1580957279823,0.0,80.57027023384903,80.57027023384903,60.0,0.0,60.0,60.0,16.0,16.0,16.0,12.0,12.0,12.0,21.0,10.0,0.0,0.0,0.0,0.0,0.0,0.0,0.0,0.0,0.0,0.0,0.0,0.0,0.0,80.57027023384903,80.57027023384903,0.0,0.0,0.0,80.57027023384903,0.0,0.0,0.00235 
 03/02  11:20:00,8.753333333333334,82.33333333333334,8.290000000000001,116.0,18.5,0.0,0.0,0.0,0.0,0.0,0.0,0.0,0.0,0.0,0.0,255.0,0.0,238.32734674669855,41.26610111445429,105.74296410080977,7.146251928303415,190.20784836588894,0.0,41.266101114454269,56.41388880276323,0.0,0.0,16.925481045820555,-27.58780507942629,17.146194642177805,-194.40633741731404,17.072082352778918,-188.68869798874335,17.12118461160052,-29.62018943227548,13.987934247963399,16.3916995309701,16.37974939533379,-92.38629697079819,15.390534768470062,27.191634430282649,14.864007566968072,-28.96220065677153,14.854941895263835,-161.27782729985894,229.95817242454315,485.3915333057348,0.0,0.0,0.0,0.0,0.0,0.0,0.0,0.0,0.0,0.0,0.0,0.0,0.0,0.0,0.0,0.0,0.0,0.0,0.0,0.0,0.0,0.0,0.5471193839134326,0.16700835894793426,135.2052900032951,158.08780474222415,2171.4315186497544,0.10095616984487746,0.015408450831025255,62.829578307084627,73.4587791885963,1008.4605209525641,0.5091773777000518,0.09621643569539909,61.86341572720786,72.33699600376093,995.8343292637758,0.09876694053425708,0.01866344303368425,6.187174040884989,7.2306490208750289,102.34838442102768,0.0,0.0,8.475758895717606,10.006635896896589,89.97785954587856,0.0,0.0,56.42693709804554,66.11326416799771,840.012272630803,0.0,0.0,227.585056648081,267.3512416650015,3054.389281241297,0.0,0.0,14.729283587153473,17.340671179403946,179.74420538943037,0.0,0.0,130.97006664275794,154.34540076049459,1523.7872886710623,40.96557288874188,28.097100746736556,75.59108399744987,88.84453816843365,1523.1296085513614,0.0,0.0,142.52656245584704,168.41136099059993,1448.4887649601704,0.0,16.830001783267627,48.42079598419703,22.0,30.0,0.0,16.84529945653141,48.39963061234212,16.0,30.0,0.0,16.814601789740764,48.481913900143577,22.0,30.0,0.0,16.979000154472748,47.9263138002692,16.0,30.0,0.0,14.042837508535243,57.76105541316723,12.0,30.0,0.0,16.23632881176203,50.195219900402538,16.0,30.0,0.0,15.47969573421986,52.692965300650858,10.0,30.0,0.0,14.8541738668761,54.808598757094809,12.0,30.0,0.0,14.56302259640099,55.874043367424587,12.0,30.0,0.0,15.326581783675547,0.0,0.0,0.0,13.798635740876679,0.0,0.0,476.8056368627859,457.03751102326899,462.5200163488989,496.56173394856759,526.932529230503,514.4237664015321,511.4881472953258,527.6053022151978,519.8946694230228,0.0,80.57027023384903,80.57027023384903,60.0,0.0,60.0,60.0,16.0,16.0,16.0,12.0,12.0,12.0,21.0,10.0,0.0,0.0,0.0,0.0,0.0,0.0,0.0,0.0,0.0,0.0,0.0,0.0,0.0,80.57027023384903,80.57027023384903,0.0,0.0,0.0,80.57027023384903,0.0,0.0,0.00235 
 03/02  11:30:00,8.815000000000002,82.0,8.32,119.0,17.0,0.0,0.0,0.0,0.0,0.0,0.0,0.0,0.0,0.0,0.0,510.0,0.0,217.60297458849255,42.02176397971452,107.67932490328255,6.524845059789692,173.66798424339249,0.0,42.0217639797145,57.4469372299682,0.0,0.0,16.833325991562988,-63.307160328360058,17.119457601177069,-180.05887456468526,17.005932874361016,-223.25557586855485,17.011425555421128,-182.45535240556706,13.980491523821664,16.178098151878176,16.345183759364205,-87.88150521420391,15.365634566092357,18.2661220536379,14.808584436786277,-29.504110977504014,14.851113541504736,-146.87867275011286,368.938113730067,469.7162654302051,0.0,0.0,0.0,0.0,0.0,0.0,0.0,0.0,0.0,0.0,0.0,0.0,0.0,0.0,0.0,0.0,0.0,0.0,0.0,0.0,0.0,0.0,0.5376923758821339,0.16413076186878326,156.35372878914346,183.0093122817642,2462.991796325451,0.08907963498337446,0.013595792885130413,73.58465054824815,86.04997931482488,1162.11551449109,0.48436647763892667,0.09152805699904135,166.54792461312094,195.11567381667619,2617.460345356109,0.09073435217384574,0.01714556919384839,118.52975545988162,138.93002995176534,1871.3393236389034,0.0,0.0,8.316621687921228,9.840680766558322,87.11268719279782,0.0,0.0,55.58415427875977,65.2735611099884,817.753305871332,0.0,0.0,224.5444934485709,264.3863541797911,2972.4579697647097,0.0,0.0,16.173087805277186,19.08563762084172,193.46016737335064,0.0,0.0,128.11289754970094,151.30448420059873,1476.663261638105,40.92500654264334,28.069277464090093,212.00654841576597,249.02019500896604,3521.6460803821275,0.0,0.0,141.44672964972626,167.48567376939776,1427.3149009867835,0.0,16.709494499357278,48.78024310380551,22.0,30.0,0.0,16.847708793862045,48.383547542715287,16.0,30.0,0.0,16.763710828489186,48.615003872563608,22.0,30.0,0.0,16.78565449172119,48.53924355842908,16.0,30.0,0.0,14.036476697337417,57.78866912704615,12.0,30.0,0.0,16.213304343251524,50.26748437309463,16.0,30.0,0.0,15.452094533744761,52.78995701069806,10.0,30.0,0.0,14.796839636931662,55.02100918105927,12.0,30.0,0.0,14.57375127881269,55.84429997756418,12.0,30.0,0.0,15.758980384010341,0.0,0.0,0.0,13.827468955395421,0.0,0.0,474.111283374237,456.2352049312526,473.5466709625759,477.93180794313778,522.4656308025781,511.2966321756611,505.246831660864,520.9960167395748,512.6132880559524,0.0,80.57027023384903,80.57027023384903,60.0,0.0,60.0,60.0,16.0,16.0,16.0,12.0,12.0,12.0,21.0,10.0,0.0,0.0,0.0,0.0,0.0,0.0,0.0,0.0,0.0,0.0,0.0,0.0,0.0,80.57027023384903,80.57027023384903,0.0,0.0,0.0,80.57027023384903,0.0,0.0,0.00235 
 03/02  11:40:00,8.876666666666667,81.66666666666667,8.35,123.0,19.5,0.0,0.0,0.0,0.0,0.0,0.0,0.0,0.0,0.0,0.0,510.0,0.0,260.89141706612579,43.56753086720067,111.64030387859289,7.822831819727272,208.21607106214246,0.0,43.567530867200648,59.56011775709807,0.0,0.0,16.756817075893758,-120.59201971829316,17.03377681289396,-181.09130314132222,16.86734839880443,-133.92041012743585,16.97984095879505,-161.56373117382169,13.975625652367832,15.585159115265825,16.327447014347358,-90.04092359307151,15.335795901275022,28.12926075219866,14.750692169944277,-29.562892267960707,14.853385230378433,-135.63887838127926,414.3655426500691,435.41850155572458,0.0,0.0,0.0,0.0,0.0,0.0,0.0,0.0,0.0,0.0,0.0,0.0,0.0,0.0,0.0,0.0,0.0,0.0,0.0,0.0,0.0,0.0,0.5173486181718796,0.15792082361778987,284.8553445527909,334.0603090359126,4391.561734359038,0.0733051811473691,0.01118821446083167,135.04718942116478,158.4829517156084,2085.222298231113,0.48909491383361339,0.09242156346062236,266.1309456584638,311.94976852527386,4073.71184590713,0.07945542582257864,0.015014252800940783,150.17340268922909,175.87966294206985,2342.701124341106,0.0,0.0,8.229574913622443,9.734999979985958,85.0646298705185,0.0,0.0,56.49891140871783,66.33718958570657,821.5943004982875,0.0,0.0,218.17518723371919,256.857756842106,2846.528505707981,0.0,0.0,17.237511389490483,20.342562738867338,201.80050218144499,0.0,0.0,120.24953089158396,141.9858173386204,1375.4824518906244,40.77285243670835,27.964919366740994,372.80712214520858,438.1454603183189,5790.059762129283,0.0,0.0,135.0486079028231,159.8874662744659,1344.5865193513235,0.0,16.62085267723465,49.06011329543488,22.0,30.0,0.0,16.69920733259172,48.833548723475569,16.0,30.0,0.0,16.574524556363519,49.20788137801046,22.0,30.0,0.0,16.77557789936455,48.56379381591856,16.0,30.0,0.0,14.029836587977313,57.82256409259756,12.0,30.0,0.0,16.19002310010994,50.351572758886458,16.0,30.0,0.0,15.418102747822215,52.91415184310538,10.0,30.0,0.0,14.730366044404836,55.27136081395888,12.0,30.0,0.0,14.592976312833273,55.78504795812753,12.0,30.0,0.0,15.938124679554959,0.0,0.0,0.0,13.82240314878985,0.0,0.0,467.621009365576,455.7337223251542,464.87169816490145,476.13156397830348,515.6329555274194,502.3313835004545,496.29107438508506,511.9472324837378,503.8862892883759,0.0,80.57027023384903,80.57027023384903,60.0,0.0,60.0,60.0,16.0,16.0,16.0,12.0,12.0,12.0,21.0,10.0,0.0,0.0,0.0,0.0,0.0,0.0,0.0,0.0,0.0,0.0,0.0,0.0,0.0,80.57027023384903,80.57027023384903,0.0,0.0,0.0,80.57027023384903,0.0,0.0,0.00235 
 03/02  11:50:00,8.938333333333333,81.33333333333333,8.38,127.0,22.0,0.0,0.0,0.0,0.0,0.0,0.0,0.0,0.0,0.0,0.0,255.0,0.0,278.03866093220406,44.926043801066779,115.12145512526119,8.336988501033428,221.9011571987552,0.0,44.926043801066757,61.417307933016918,0.0,0.0,16.722286011157686,7.61573760308238,17.005510264154745,-232.04615741304316,16.864590315747468,-157.5728839252829,16.961684427081786,-21.5584970844686,13.970215423842813,15.171054621515566,16.308996276602288,-81.62550067103962,15.300609593288144,12.764511509229124,14.692483376566522,-28.592992044625079,14.848220081088434,-144.6841087568705,329.7459181102513,436.378586336074,0.0,0.0,0.0,0.0,0.0,0.0,0.0,0.0,0.0,0.0,0.0,0.0,0.0,0.0,0.0,0.0,0.0,0.0,0.0,0.0,0.0,0.0,0.48484125521684209,0.1479979411528822,271.102331416911,317.0138923810371,4144.125178770195,0.0669522439440798,0.01021859645056163,156.95717261849195,183.52380848649106,2402.121006151472,0.41302571027890758,0.07804718637167568,108.6406710130877,127.0434343218499,1661.5342706205527,0.0746068416487215,0.014098042639592116,5.301671128515966,6.19626908749307,83.60944312385255,0.0,0.0,7.98953557718408,9.427910133529787,81.51220150726405,0.0,0.0,55.13771722502882,64.58119986309795,793.0772221593566,0.0,0.0,215.6403885328713,253.2729081507672,2767.466206026771,0.0,0.0,17.288975915205837,20.35640743723572,197.9277477607475,0.0,0.0,121.34362514580987,142.90440670882075,1373.8175461260258,40.61297448118839,27.855263704518796,217.2387984879422,254.87680521288213,3447.9256348060609,0.0,0.0,136.48924745537014,161.15109695854648,1353.0308195541218,0.0,16.64219473819346,48.974873772094458,22.0,30.0,0.0,16.662355396236,48.95444545755018,16.0,30.0,0.0,16.63025976778714,49.049228974966919,22.0,30.0,0.0,16.79411920782695,48.50360825038828,16.0,30.0,0.0,14.023434070886954,57.856910080922308,12.0,30.0,0.0,16.170041880180123,50.41997024635789,16.0,30.0,0.0,15.370616032312956,53.072077865815149,10.0,30.0,0.0,14.659700817973067,55.53385244003145,12.0,30.0,0.0,14.594968069976212,55.77866504113689,12.0,30.0,0.0,15.676233725305327,0.0,0.0,0.0,13.862599982679602,0.0,0.0,470.7878813343658,447.3223848912912,450.1723531824111,471.339997121256,507.77973492586849,495.45570934209248,493.4452865007564,503.94352301657457,498.9671713732569,0.0,80.57027023384903,80.57027023384903,60.0,0.0,60.0,60.0,16.0,16.0,16.0,12.0,12.0,12.0,21.0,10.0,0.0,0.0,0.0,0.0,0.0,0.0,0.0,0.0,0.0,0.0,0.0,0.0,0.0,80.57027023384903,80.57027023384903,0.0,0.0,0.0,80.57027023384903,0.0,0.0,0.00234 
 03/02  12:00:00,9.0,81.0,8.41,131.0,24.5,0.0,0.0,0.0,0.0,0.0,0.0,0.0,0.0,0.0,0.0,255.0,0.0,295.82766565022197,46.27219693385781,118.57093500919622,8.870388033706078,236.09842544545178,0.0,46.27219693385779,63.25760132381087,0.0,0.0,16.60319772229952,-98.7815537423619,17.08014932275934,-12.042150810367616,16.909026775292845,-17.044368112395206,16.836757718628566,-228.09111855082575,13.96648133607993,15.624498653297025,16.290072758615538,-93.59391512512161,15.310620635837897,38.90105717318602,14.647922341672892,-26.41579792401626,14.84920462082226,-127.2762906728849,274.6689091855201,398.3588489713716,0.0,0.0,0.0,0.0,0.0,0.0,0.0,0.0,0.0,0.0,0.0,0.0,0.0,0.0,0.0,0.0,0.0,0.0,0.0,0.0,0.0,0.0,0.5028476465150157,0.15349439759310613,59.808480951387839,69.97131536664468,889.9945466929881,0.08761666153854182,0.013372506339826287,4.88690987298266,5.709548441257226,77.16572509992654,0.44313480209292369,0.0837367350893658,125.59182225694927,146.7625062814793,1941.6201447641914,0.06675895821622856,0.01261507146943094,123.83134312936251,144.8158165370285,1855.544496925128,0.0,0.0,8.322237177829898,9.818792631180079,83.80765699810758,0.0,0.0,56.65826120424198,66.35602309815489,804.9228823737419,0.0,0.0,215.65344968284183,253.20109693013627,2759.794605071601,0.0,0.0,17.8235396810229,20.985299754438498,200.18966301730903,0.0,0.0,114.5899615646625,134.9179569810219,1286.6617302096377,40.56519793768316,27.8224951561613,121.07395339664447,142.11582516648563,2082.3687718851876,0.0,0.0,130.3175181931834,153.83837931714693,1274.2447841573813,0.0,16.446529130240383,49.588144005637918,22.0,30.0,0.0,16.838531830102885,48.39507925190023,16.0,30.0,0.0,16.783078976173856,48.52748288268475,22.0,30.0,0.0,16.56041452915979,49.24302476109192,16.0,30.0,0.0,14.019878825693155,57.87231516651082,12.0,30.0,0.0,16.14314185493614,50.50015465192118,16.0,30.0,0.0,15.416209813105527,52.91315815528315,10.0,30.0,0.0,14.612914236326328,55.70354411224312,12.0,30.0,0.0,14.611194577749476,55.7182497617213,12.0,30.0,0.0,15.488763760067913,0.0,0.0,0.0,13.857504479022032,0.0,0.0,466.8596606796673,450.46629932086077,471.9305852496166,460.62190524634237,502.89896525883276,494.1734855842438,490.5651069988172,498.73699140849348,495.0476745034452,0.0,80.57027023384903,80.57027023384903,60.0,0.0,60.0,60.0,16.0,16.0,16.0,12.0,12.0,12.0,21.0,10.0,0.0,0.0,0.0,0.0,0.0,0.0,0.0,0.0,0.0,0.0,0.0,0.0,0.0,80.57027023384903,80.57027023384903,0.0,0.0,0.0,80.57027023384903,0.0,0.0,0.0023300000000000006 
 03/02  12:10:00,9.086666666666666,80.83333333333333,8.306666666666667,135.0,27.0,0.0,0.0,0.0,0.0,0.0,0.0,0.0,0.0,0.0,0.0,510.0,0.0,314.2517124223311,47.60434774450273,121.98453460025233,9.422828949011257,250.8025135049117,0.0,47.60434774450271,65.07875247864847,0.0,0.0,16.62753533994337,-7.646482448948518,17.006509393257177,-267.9416848718877,16.754599244294974,-231.3243820550033,16.837170490879655,-85.42927721040133,13.96345980582819,15.256537802259686,16.28318255095394,-85.12780874952785,15.287717873038162,27.878302312833968,14.611522672356184,-26.682745117417654,14.847417266329508,-123.35617510247585,371.3330150124584,396.71296147326236,0.0,0.0,0.0,0.0,0.0,0.0,0.0,0.0,0.0,0.0,0.0,0.0,0.0,0.0,0.0,0.0,0.0,0.0,0.0,0.0,0.0,0.0,0.4317491804170476,0.1317915691138729,227.375694354041,266.6352101229244,3379.17565158906,0.0576498481647571,0.008798816874962928,129.0962591445549,151.3633939968828,1937.402888770737,0.42271073657747318,0.07987731227843412,237.45955266395255,278.3417406741415,3496.9479745875407,0.08278653873533956,0.015643714802596285,132.84672636317999,155.65358391999713,1983.1785998102528,0.0,0.0,8.043886538965668,9.509654377114846,79.51541770212245,0.0,0.0,55.2021448385332,64.78452620370298,773.7135859127392,0.0,0.0,213.26322323876833,250.9348707347034,2678.5265204167938,0.0,0.0,19.306628710348165,22.779846657349056,212.07188391859496,0.0,0.0,115.00421233162078,135.68741994648554,1272.1136512885396,39.79611718718995,27.29500492948557,302.1185548611656,355.1213076896016,4580.968536963511,0.0,0.0,131.4783830334242,155.51092023472905,1272.9170392191527,0.0,16.563646310734656,49.227208103392587,22.0,30.0,0.0,16.675171054041738,48.89980749005607,16.0,30.0,0.0,16.51357571723757,49.38633272899742,22.0,30.0,0.0,16.62409230822828,49.02456519059983,16.0,30.0,0.0,14.017058232656165,57.8735296056084,12.0,30.0,0.0,16.13822165671811,50.50785059176289,16.0,30.0,0.0,15.386799004217269,53.00668321058713,10.0,30.0,0.0,14.578645119759436,55.81692893850354,12.0,30.0,0.0,14.618023439805697,55.682505681505478,12.0,30.0,0.0,15.82230836624927,0.0,0.0,0.0,13.899716823694592,0.0,0.0,457.67140557866636,449.2214178876111,455.30121690024557,467.07706327708049,499.6272804387072,490.56872970896395,485.93736202640937,495.7504189031124,492.54447821250587,0.0,80.57027023384903,80.57027023384903,60.0,0.0,60.0,60.0,16.0,16.0,16.0,12.0,12.0,12.0,21.0,10.0,0.0,0.0,0.0,0.0,0.0,0.0,0.0,0.0,0.0,0.0,0.0,0.0,0.0,80.57027023384903,80.57027023384903,0.0,0.0,0.0,80.57027023384903,0.0,0.0,0.0023199999999999997 
 03/02  12:20:00,9.173333333333334,80.66666666666667,8.203333333333334,139.0,29.5,0.0,0.0,0.0,0.0,0.0,0.0,0.0,0.0,0.0,0.0,255.0,0.0,333.30958728919378,48.92063287255836,125.35747907992658,9.994274837915992,266.01245243055299,0.0,48.92063287255833,66.87821404253367,0.0,0.0,16.599570178215957,-1.3986378953168242,16.966207201696777,-232.6197762546749,16.774171420543305,-80.99524729812993,16.858474187968839,-21.918344362099647,13.96065220913027,15.106001008237826,16.278010617136404,-83.34291075977785,15.271763290831224,29.032580461582258,14.56960493379605,-25.529732765412065,14.847727960775046,-122.87136071823352,248.8933227716775,385.98983536859716,0.0,0.0,0.0,0.0,0.0,0.0,0.0,0.0,0.0,0.0,0.0,0.0,0.0,0.0,0.0,0.0,0.0,0.0,0.0,0.0,0.0,0.0,0.4073101466867383,0.12433154660767348,176.6326869467429,206.44267782352675,2586.9091739878319,0.056737495033873267,0.008659568839113747,127.61364765419603,149.1176445475744,1880.5334819245582,0.39938411443884927,0.0754694093799791,42.06462091444553,49.15268114208947,625.7154833430005,0.0750052794244764,0.014173333224579817,6.000156683412488,7.009402869880531,90.41685608085327,0.0,0.0,7.9526300609954359,9.377142498313969,77.19365874360274,0.0,0.0,54.63859282517426,63.95404115266659,755.6925977584749,0.0,0.0,211.6505331579365,248.3860316990577,2616.0166526826858,0.0,0.0,19.96161957169488,23.494952102084644,213.95729934808493,0.0,0.0,114.04634172354364,134.18756272756853,1244.1778327503908,38.9228803903591,26.696077085294314,121.56977081412407,142.61299492166786,2007.80043182504,0.0,0.0,130.6791779061213,154.12960973145767,1251.299299477489,0.0,16.55407512717342,49.24442238174302,22.0,30.0,0.0,16.615053534802315,49.114040964584777,16.0,30.0,0.0,16.617965124042028,49.07319354444987,22.0,30.0,0.0,16.694690265982229,48.79702991500573,16.0,30.0,0.0,14.014037454882187,57.88081953138502,12.0,30.0,0.0,16.13087986668481,50.52712189805485,16.0,30.0,0.0,15.372424607592116,53.05202536147359,10.0,30.0,0.0,14.530486131344276,55.98466893040429,12.0,30.0,0.0,14.628175721786257,55.638202350498847,12.0,30.0,0.0,15.478221194355572,0.0,0.0,0.0,13.933646840626239,0.0,0.0,459.7994616703638,441.4487863892544,452.45158911554668,467.09872914739426,494.0522955859724,485.09343463722026,481.587792164019,491.02185765379599,488.4324563532412,0.0,80.57027023384903,80.57027023384903,60.0,0.0,60.0,60.0,16.0,16.0,16.0,12.0,12.0,12.0,21.0,10.0,0.0,0.0,0.0,0.0,0.0,0.0,0.0,0.0,0.0,0.0,0.0,0.0,0.0,80.57027023384903,80.57027023384903,0.0,0.0,0.0,80.57027023384903,0.0,0.0,0.0023133333333333336 
 03/02  12:30:00,9.26,80.5,8.1,143.0,32.0,0.0,0.0,0.0,0.0,0.0,0.0,0.0,0.0,0.0,0.0,255.0,0.0,353.00750994101977,50.218932606603278,128.6843367450628,10.58491218550057,281.7332059895404,0.0,50.21893260660325,68.65308820924801,0.0,0.0,16.56399984751637,-15.256548037576977,16.98036686217486,-149.47148583411355,16.798563924910029,-23.174831722942146,16.76867509731637,-191.96908913709286,13.959239747178384,15.211522403285813,16.274818485761707,-88.21577793693428,15.266605941374135,37.2011422346377,14.537451929062627,-23.037123521856644,14.849161241705682,-113.29251059566559,235.20729435406839,365.2799897401792,0.0,0.0,0.0,0.0,0.0,0.0,0.0,0.0,0.0,0.0,0.0,0.0,0.0,0.0,0.0,0.0,0.0,0.0,0.0,0.0,0.0,0.0,0.40434970495726388,0.12342787086607567,139.17323603554144,162.62790757181697,2006.5543561414093,0.07384035157615207,0.011269894929205139,63.81104583240876,74.52936248434883,934.966387627644,0.359911660947661,0.06801051794173492,90.64284738800255,105.85012847111082,1341.6194363558498,0.05856629153679008,0.011066948514132664,88.5744380486391,103.49985653288607,1274.3977932499566,0.0,0.0,8.006721055639968,9.43805007999034,76.29534090263127,0.0,0.0,54.96748618368139,64.32098505109096,749.7392759688395,0.0,0.0,210.66487009936305,247.14712252595084,2569.838283207642,0.0,0.0,20.448449920178697,24.06318302655566,214.32237057236496,0.0,0.0,111.1817792838048,130.77124046599216,1196.069820901876,38.172179802862498,26.18119328042696,106.52546103566712,124.93408812551142,1778.7536180266034,0.0,0.0,127.82287199860437,150.7025903041337,1207.105020285551,0.0,16.522864708970734,49.36320924652176,22.0,30.0,0.0,16.657325390220547,49.0166787894106,16.0,30.0,0.0,16.713120464184965,48.726664593067329,22.0,30.0,0.0,16.524124145365219,49.43204383586365,16.0,30.0,0.0,14.013100510991448,57.877095928549049,12.0,30.0,0.0,16.123054607269549,50.54420812501802,16.0,30.0,0.0,15.379913034624917,53.01372020359656,10.0,30.0,0.0,14.49909308931803,56.09042039867531,12.0,30.0,0.0,14.640616648910094,55.58567488309139,12.0,30.0,0.0,15.456894242022458,0.0,0.0,0.0,13.956139853599672,0.0,0.0,450.6867065967695,446.394802106882,467.2317156433742,450.07141735971819,490.08275260354847,482.6712372229326,480.08983049508756,486.8213845338402,484.33986293395147,0.0,80.57027023384903,80.57027023384903,60.0,0.0,60.0,60.0,16.0,16.0,16.0,12.0,12.0,12.0,21.0,10.0,0.0,0.0,0.0,0.0,0.0,0.0,0.0,0.0,0.0,0.0,0.0,0.0,0.0,80.57027023384903,80.57027023384903,0.0,0.0,0.0,80.57027023384903,0.0,0.0,0.0023066666666666667 
 03/02  12:40:00,9.346666666666666,80.33333333333333,7.996666666666667,140.16666666666667,29.0,0.0,0.0,0.0,0.0,0.0,0.0,0.0,0.0,0.0,0.0,510.0,0.0,342.68042845951529,49.23837562031427,126.17168302512725,10.275255459117219,273.4912264397308,0.0,49.238375620314247,67.31259246830426,0.0,0.0,16.53981981317098,-12.541937122758555,16.959286019138867,-193.33028346619654,16.6637497601019,-202.10295750703427,16.767756294391029,-84.69859032642467,13.956419443586393,15.140643192499426,16.265417268128425,-85.42830447610379,15.256171605191622,36.74968230501736,14.510883489731555,-21.32771282167471,14.849250343649207,-105.66273853190683,318.86144837789518,354.96293392428086,0.0,0.0,0.0,0.0,0.0,0.0,0.0,0.0,0.0,0.0,0.0,0.0,0.0,0.0,0.0,0.0,0.0,0.0,0.0,0.0,0.0,0.0,0.36535315702969009,0.11152416270747562,162.42396054556768,190.27476613237639,2310.3668129181485,0.05648394278183186,0.008620870387947476,99.15829363076463,116.05703216924087,1428.797962009167,0.35637078494894056,0.06734141816873407,201.44251331634139,235.92640525427079,2846.863471535,0.0700139943107445,0.013230157655091547,120.84143399412042,141.48296271196035,1728.2816686787215,0.0,0.0,7.892911517069406,9.32313346335625,73.76869767322697,0.0,0.0,54.552830714082137,63.96861276793072,733.7390705767493,0.0,0.0,208.91858011951025,245.61013648560226,2508.3530219858287,0.0,0.0,21.297598327467996,25.115195260111358,218.49953507924958,0.0,0.0,110.15442182126623,129.8280370440426,1167.3445632924527,37.42398601659751,25.66802881796812,226.56131066062739,266.06471387251755,3357.8621180917259,0.0,0.0,127.02174629468112,150.0510971369475,1185.2309155325903,0.0,16.51717223165864,49.42568092778402,22.0,30.0,0.0,16.62949550569369,49.14576654857261,16.0,30.0,0.0,16.478741553864944,49.555633798214419,22.0,30.0,0.0,16.57318530720442,49.22900088742525,16.0,30.0,0.0,14.011273027524372,57.874186529480059,12.0,30.0,0.0,16.118380052625505,50.552658932284277,16.0,30.0,0.0,15.373605421755613,53.03903342907472,10.0,30.0,0.0,14.477525255394923,56.15990823078997,12.0,30.0,0.0,14.650451390400744,55.54316657244488,12.0,30.0,0.0,15.759189609765283,0.0,0.0,0.0,13.990008281513238,0.0,0.0,454.55935749291526,447.52341269912389,455.96983064066907,458.0967838537091,487.2493276924557,479.6058212331579,475.4200597273808,483.9245920628617,481.3309161579834,0.0,80.57027023384903,80.57027023384903,60.0,0.0,60.0,60.0,16.0,16.0,16.0,12.0,12.0,12.0,21.0,10.0,0.0,0.0,0.0,0.0,0.0,0.0,0.0,0.0,0.0,0.0,0.0,0.0,0.0,80.57027023384903,80.57027023384903,0.0,0.0,0.0,80.57027023384903,0.0,0.0,0.0023 
 03/02  12:50:00,9.433333333333334,80.16666666666667,7.8933333333333339,137.33333333333335,26.0,0.0,0.0,0.0,0.0,0.0,0.0,0.0,0.0,0.0,0.0,510.0,0.0,331.8134664841948,48.24687952784834,123.6309983351127,9.94941068194067,264.8183740552264,0.0,48.24687952784832,65.957142139871,0.0,0.0,16.503185367972088,-3.4716593064213159,16.931041476864306,-219.0914458217935,16.655316620135495,-115.60174994333807,16.734200859898935,-80.63763366861235,13.953069085601572,15.126068928636372,16.25245969569381,-84.91117545659859,15.245861870752855,37.2877528390668,14.484164874505453,-19.21162287538084,14.853444579735588,-98.00983158646818,247.31945476513875,339.4258610858442,0.0,0.0,0.0,0.0,0.0,0.0,0.0,0.0,0.0,0.0,0.0,0.0,0.0,0.0,0.0,0.0,0.0,0.0,0.0,0.0,0.0,0.0,0.34798437181565797,0.10622233571906531,163.37818690996569,191.30065424116209,2283.360164631609,0.05543382873804353,0.008460596571740465,95.4597518661032,111.67178725528294,1352.243032976036,0.315031140316234,0.05952969393730803,84.1888103733497,98.55136992192685,1184.0758679800397,0.05979368629684848,0.011298882520190564,56.82680082212265,66.5221510832327,798.6298144519169,0.0,0.0,7.849689399588703,9.269374643960305,71.9402963042136,0.0,0.0,54.49395702455331,63.88164285854155,722.4162663505398,0.0,0.0,205.80144002294646,241.87450267762763,2432.2229820180957,0.0,0.0,21.96333629588912,25.89541842711102,220.44239560993777,0.0,0.0,107.12135878060828,126.20388887159455,1119.9958455451118,37.28118455721974,25.570085430191875,132.889448853269,156.03700488754974,2062.40667247714,0.0,0.0,124.26368221690605,146.73461571287784,1142.7512732350324,0.0,16.484882042446509,49.63672048521355,22.0,30.0,0.0,16.596801782965163,49.41284565357978,16.0,30.0,0.0,16.518831278129757,49.53319099077544,22.0,30.0,0.0,16.534180285019596,49.51371126934545,16.0,30.0,0.0,14.00831625670542,57.88920054834993,12.0,30.0,0.0,16.109275961452274,50.60533578790439,16.0,30.0,0.0,15.367211667997257,53.096894387679139,10.0,30.0,0.0,14.453504733825654,56.25455560795545,12.0,30.0,0.0,14.667652413969375,55.49955494989531,12.0,30.0,0.0,15.547061480368747,0.0,0.0,0.0,14.010857909891199,0.0,0.0,451.5977388563306,444.1454882461925,451.98176233999097,449.88257705414039,482.61829983899158,473.5308342469906,470.2460337195105,478.6254397242106,475.1803958369695,0.0,80.57027023384903,80.57027023384903,60.0,0.0,60.0,60.0,16.0,16.0,16.0,12.0,12.0,12.0,21.0,10.0,0.0,0.0,0.0,0.0,0.0,0.0,0.0,0.0,0.0,0.0,0.0,0.0,0.0,80.57027023384903,80.57027023384903,0.0,0.0,0.0,80.57027023384903,0.0,0.0,0.0023100000000000006 
 03/02  13:00:00,9.52,80.0,7.79,134.5,23.0,0.0,0.0,0.0,0.0,0.0,0.0,0.0,0.0,0.0,0.0,255.0,0.0,320.4618136790574,47.2457970080935,121.06574891336004,9.609032697935494,255.75869521391878,0.0,47.245797008093479,64.58858643854117,0.0,0.0,16.464207752603778,-10.363130741739497,16.897233221016003,-191.4493079586664,16.663118701230077,-23.027208593106026,16.691621032558737,-146.95989486037707,13.94901837952639,15.143460006440904,16.236420972976409,-83.24969112217718,15.236710192338184,40.105117982232517,14.456073683163617,-18.213196730164328,14.8540280035592,-99.3217690480833,247.42201837511858,331.69213868747968,0.0,0.0,0.0,0.0,0.0,0.0,0.0,0.0,0.0,0.0,0.0,0.0,0.0,0.0,0.0,0.0,0.0,0.0,0.0,0.0,0.0,0.0,0.3309866793071408,0.10103378489228963,109.2126893214999,127.52882096133371,1500.377707299698,0.047925953894125999,0.007314706027797008,98.65103795007809,115.14768237963154,1374.1434486289386,0.3157901919864192,0.05967312773741862,82.56074467481726,96.36288553816908,1157.3705395561634,0.05328337242560577,0.010068664479517339,79.49399687611437,92.81640567887337,1093.7735993617712,0.0,0.0,7.832008404684921,9.223838693037772,70.35979583280651,0.0,0.0,54.3398145076512,63.53309072399388,709.7223984374967,0.0,0.0,205.20849746942694,240.53411961233597,2388.1678295654635,0.0,0.0,22.17084517742295,26.072535069275859,217.47039225500624,0.0,0.0,106.50102473644965,125.1334760007496,1097.1034582407925,37.119224207692877,25.45900151419265,134.0899419321869,157.05452728589553,2047.140355376324,0.0,0.0,123.71786035495863,145.68582786722954,1122.7156373219253,0.0,16.443940560968824,49.849804940364759,22.0,30.0,0.0,16.561052611370888,49.55201210908818,16.0,30.0,0.0,16.58309346243411,49.29677953656481,22.0,30.0,0.0,16.471586075356073,49.802357882097748,16.0,30.0,0.0,14.003860278040064,57.918483227510467,12.0,30.0,0.0,16.096306324879636,50.66254853967881,16.0,30.0,0.0,15.362519658943049,53.1465368897817,10.0,30.0,0.0,14.424923614835409,56.37569116649831,12.0,30.0,0.0,14.676803614382117,55.479657108116288,12.0,30.0,0.0,15.555250504674618,0.0,0.0,0.0,14.036845768221644,0.0,0.0,447.83345665860488,445.47490382552766,453.70471915996839,447.52415596432288,477.8186303991266,470.75468018840777,467.04698976088948,473.20994841665228,471.32695938387595,0.0,80.57027023384903,80.57027023384903,60.0,0.0,60.0,60.0,16.0,16.0,16.0,12.0,12.0,12.0,21.0,10.0,0.0,0.0,0.0,0.0,0.0,0.0,0.0,0.0,0.0,0.0,0.0,0.0,0.0,80.57027023384903,80.57027023384903,0.0,0.0,0.0,80.57027023384903,0.0,0.0,0.0023199999999999997 
 03/02  13:10:00,9.461666666666666,80.33333333333334,7.803333333333334,131.66666666666669,20.0,0.0,0.0,0.0,0.0,0.0,0.0,0.0,0.0,0.0,0.0,255.0,0.0,308.68277137650485,46.23631285288503,118.47897079687212,9.255839668300938,246.3579215924969,0.0,46.23631285288501,63.2085450645783,0.0,0.0,16.44472209851925,5.094824821064321,16.873674387648224,-184.49589940274564,16.50508794844893,-238.77605012361438,16.72574514723238,-19.372074751169749,13.945152614162702,15.2508852580128,16.217319318097134,-81.48534118323232,15.22519922840535,39.758575885331087,14.43209418146953,-16.43224913109634,14.852184542774847,-94.90955718417672,306.66731724813237,324.0139115328943,0.0,0.0,0.0,0.0,0.0,0.0,0.0,0.0,0.0,0.0,0.0,0.0,0.0,0.0,0.0,0.0,0.0,0.0,0.0,0.0,0.0,0.0,0.3242604034741165,0.09898058714106122,172.54955696811434,201.42873601741034,2386.6632964687998,0.05296132139710679,0.008083229761463187,92.876795108446,108.37839578565901,1301.534458259632,0.2966187524557709,0.05605040673767404,155.81820597636003,181.97978892242197,2112.301703778728,0.06547817299717261,0.012373048563335713,89.61743385036248,104.56818006089111,1262.1056999919325,0.0,0.0,7.826783833692558,9.21498632451401,71.13689549439273,0.0,0.0,54.12205389507326,63.26195530189466,711.4542504124244,0.0,0.0,204.06312881338713,239.12640689213405,2393.65743474588,0.0,0.0,22.483397356372618,26.43390344117519,222.15972436761548,0.0,0.0,105.62394635472119,124.06216919361344,1101.2747751331365,37.52572628736138,25.737809524939228,204.54560452651098,239.3854181466821,2989.1371735000527,0.0,0.0,123.0349352036515,144.82702266059793,1135.140178987291,0.0,16.442929439450866,49.81009499712949,22.0,30.0,0.0,16.546483764929986,49.68231082255532,16.0,30.0,0.0,16.30020127249945,50.46664414034443,22.0,30.0,0.0,16.581517264129155,49.28681350235096,16.0,30.0,0.0,13.9996373281039,57.94582748697948,12.0,30.0,0.0,16.08236804137146,50.72785086950174,16.0,30.0,0.0,15.352229104522343,53.1954409252204,10.0,30.0,0.0,14.403996311063793,56.45871433188843,12.0,30.0,0.0,14.683018378001368,55.465401380710648,12.0,30.0,0.0,15.699160347749876,0.0,0.0,0.0,14.056133480435428,0.0,0.0,450.5866191660502,443.2008260804407,443.58781458439878,454.23738966993377,474.5453489201918,467.832080603051,464.99842001680528,471.345293466929,470.08566117487455,0.0,80.57027023384903,80.57027023384903,60.0,0.0,60.0,60.0,16.0,16.0,16.0,12.0,12.0,12.0,21.0,10.0,0.0,0.0,0.0,0.0,0.0,0.0,0.0,0.0,0.0,0.0,0.0,0.0,0.0,80.57027023384903,80.57027023384903,0.0,0.0,0.0,80.57027023384903,0.0,0.0,0.0023300000000000006 
 03/02  13:20:00,9.403333333333333,80.66666666666667,7.816666666666667,128.83333333333332,17.0,0.0,0.0,0.0,0.0,0.0,0.0,0.0,0.0,0.0,0.0,255.0,0.0,256.46973430894095,45.080829943384049,115.51807918257454,7.6902546071927999,204.68722536821708,0.0,45.080829943384028,61.62891232463793,0.0,0.0,16.3968295907477,-12.810426884446315,16.827638604556357,-188.235153787095,16.566586900828527,-0.7900705120473504,16.60921707450845,-207.1848231516051,13.938115949782603,15.372928757803095,16.180829947609959,-79.33079633531861,15.21785793239297,42.42557012409452,14.409259196845973,-15.116540869038886,14.850304279260204,-90.41916222424379,302.10991241162176,315.52540716140268,0.0,0.0,0.0,0.0,0.0,0.0,0.0,0.0,0.0,0.0,0.0,0.0,0.0,0.0,0.0,0.0,0.0,0.0,0.0,0.0,0.0,0.0,0.3528794440014481,0.10771655799800004,136.8176555134108,159.6977258209695,1892.3942195633275,0.04318700056800323,0.006591422553114046,115.52309438903392,134.77996614948828,1623.6215483081997,0.3836626254516554,0.0724986064723461,236.53078135122534,275.9941978724338,3318.0111089295908,0.04427712401722279,0.008366803480200826,151.21999738374397,176.5198425517826,2081.0725282900186,0.0,0.0,7.8412176968219289,9.229364519237788,72.04911440150474,0.0,0.0,54.10989316163011,63.23348940689428,714.8002636673937,0.0,0.0,202.9493740519035,237.75057645988134,2402.453053254466,0.0,0.0,23.162356545391377,27.22563253255864,230.5854179519155,0.0,0.0,103.70031612304726,121.7624119907345,1094.176658676371,37.85877218406143,25.966236065885764,234.0185837057249,273.8369869649965,3361.003012605877,0.0,0.0,121.69974755156909,143.20629273013749,1138.9587604281435,0.0,16.38016253168883,50.15729196492126,22.0,30.0,0.0,16.511560859770236,49.775093598845,16.0,30.0,0.0,16.488698372988926,49.59190583241564,22.0,30.0,0.0,16.360424504301816,50.24309829643316,16.0,30.0,0.0,13.992550016205023,57.98620712939846,12.0,30.0,0.0,16.058232058143987,50.82207829319678,16.0,30.0,0.0,15.34994125682206,53.200313787177758,10.0,30.0,0.0,14.38406247888753,56.55105090805455,12.0,30.0,0.0,14.68923662775908,55.46491353110778,12.0,30.0,0.0,15.648687503215298,0.0,0.0,0.0,14.06590946911946,0.0,0.0,445.46983922272946,443.6253366017955,453.2724794316343,444.33395759986777,471.5800854985447,465.5893455952853,464.3587756162172,468.63934208644249,467.2869255213883,0.0,80.57027023384903,80.57027023384903,60.0,0.0,60.0,60.0,16.0,16.0,16.0,12.0,12.0,12.0,21.0,10.0,0.0,0.0,0.0,0.0,0.0,0.0,0.0,0.0,0.0,0.0,0.0,0.0,0.0,80.57027023384903,80.57027023384903,0.0,0.0,0.0,80.57027023384903,0.0,0.0,0.0023333333333333337 
 03/02  13:30:00,9.344999999999999,81.0,7.83,126.0,14.0,0.0,0.0,0.0,0.0,0.0,0.0,0.0,0.0,0.0,0.0,255.0,0.0,244.15939801160898,44.02721968346771,112.81823067360746,7.321131046170684,194.86243233058037,0.0,44.02721968346769,60.18854722012964,0.0,0.0,16.375457875426578,4.878309677287689,16.792833749513905,-176.54505295563923,16.453164382817776,-189.00508937393989,16.643027513133178,-18.222266420912093,13.932921592980634,15.381212120022383,16.150877325996129,-75.82663839897714,15.20403185433358,40.023876176979687,14.38761444345504,-13.852749714779407,14.847097794680027,-88.16872721877098,303.9161563183716,310.9627773370303,0.0,0.0,0.0,0.0,0.0,0.0,0.0,0.0,0.0,0.0,0.0,0.0,0.0,0.0,0.0,0.0,0.0,0.0,0.0,0.0,0.0,0.0,0.3338268925227561,0.10190076084333215,160.54201982733646,187.3387370863226,2235.6309375466914,0.04973159243845869,0.007590291886211645,105.01105242276016,122.48637637469789,1482.673363919025,0.32936181703701969,0.06223768273564244,142.66169688535906,166.51697055238035,1963.2963089282606,0.07491332077875551,0.014155956307398996,99.85635714860499,116.48169418640008,1410.4237347851664,0.0,0.0,7.806876307433943,9.186322289383546,72.52165368822776,0.0,0.0,53.40595220593879,62.39694131454276,708.964834866511,0.0,0.0,201.13852634330775,235.56780507663408,2397.3007472989195,0.0,0.0,23.265945278263627,27.340749244700619,233.38704191896515,0.0,0.0,102.94151649274683,120.83281648754439,1098.4417123138888,38.22954603744102,26.220539120329926,201.3415192387805,235.5611346939568,2969.859222964691,0.0,0.0,120.90515622383095,142.2242819247814,1146.90814902764,0.0,16.37479240272705,50.089575547552438,22.0,30.0,0.0,16.486780189158844,49.94948817678386,16.0,30.0,0.0,16.28845467941477,50.57422664629808,22.0,30.0,0.0,16.487587882575896,49.58515955092095,16.0,30.0,0.0,13.986176742059108,58.019996918777838,12.0,30.0,0.0,16.03414809218697,50.9021917661907,16.0,30.0,0.0,15.333898786630979,53.31272474417534,10.0,30.0,0.0,14.365155285475116,56.63717348602444,12.0,30.0,0.0,14.692549229320726,55.46613224349335,12.0,30.0,0.0,15.608727833656023,0.0,0.0,0.0,14.073005674257465,0.0,0.0,448.1836784017514,440.78156042299636,441.40991321682528,453.48722438713437,469.256777043561,464.53225873959038,461.0327757576718,466.31352789457949,465.3099028404237,0.0,80.57027023384903,80.57027023384903,60.0,0.0,60.0,60.0,16.0,16.0,16.0,12.0,12.0,12.0,21.0,10.0,0.0,0.0,0.0,0.0,0.0,0.0,0.0,0.0,0.0,0.0,0.0,0.0,0.0,80.57027023384903,80.57027023384903,0.0,0.0,0.0,80.57027023384903,0.0,0.0,0.002336666666666666 
 03/02  13:40:00,9.286666666666667,81.33333333333334,7.843333333333334,110.5,11.666666666666668,0.0,0.0,0.0,0.0,0.0,0.0,0.0,0.0,0.0,0.0,255.0,0.0,207.28062654302426,38.94134571343353,99.78584421980634,6.2153228640116249,165.42970183295618,0.0,38.941345713433509,53.23577191880903,0.0,0.0,16.34382189465299,-0.01128989456447016,16.734451606693594,-194.32747422759577,16.492749658194457,-10.283292006228294,16.548703768679198,-180.72167530169464,13.925846740578976,15.368881183993409,16.1106896385794,-73.40893225496757,15.1943828708886,41.884840197088127,14.364957141793515,-12.861035522601583,14.840820354293389,-85.07933919301513,295.52764713717809,304.3896429168576,0.0,0.0,0.0,0.0,0.0,0.0,0.0,0.0,0.0,0.0,0.0,0.0,0.0,0.0,0.0,0.0,0.0,0.0,0.0,0.0,0.0,0.0,0.3734821487287084,0.11400553990497815,127.4094354173987,148.6420403179376,1782.1821270417038,0.04724928275401985,0.007211428991761272,118.4693103297044,138.17017258226205,1672.3202074116933,0.3778403182722637,0.07139839725477397,183.6225534242309,214.1742922018938,2594.9844973097349,0.05485199797986791,0.010365078983346163,123.16212530071859,143.69841888390619,1712.610255479225,0.0,0.0,7.807884910815021,9.18492710801345,73.29145974529736,0.0,0.0,53.055850607915129,61.974980409862869,707.093251306321,0.0,0.0,199.43119882434329,233.5033749928856,2396.4745887417159,0.0,0.0,23.709012190332268,27.85475381361831,239.6093422189096,0.0,0.0,100.92364238085564,118.42736843234599,1088.4946981632368,38.57720783943093,26.458990287675549,196.38272224190639,229.74372092200947,2905.641372592686,0.0,0.0,119.3118439405302,140.30879051688673,1143.8794550629996,0.0,16.343266063093627,50.34875162940312,22.0,30.0,0.0,16.428102796090817,50.12960542014282,16.0,30.0,0.0,16.424387601335508,49.81526376768818,22.0,30.0,0.0,16.31845637207184,50.458164967806307,16.0,30.0,0.0,13.97801757001174,58.07201453345213,12.0,30.0,0.0,16.003583002035204,51.04510312443728,16.0,30.0,0.0,15.326614914902951,53.320807026312767,10.0,30.0,0.0,14.34570074236739,56.713235176109069,12.0,30.0,0.0,14.693634543579979,55.47089017555379,12.0,30.0,0.0,15.535528635567295,0.0,0.0,0.0,14.06687721343035,0.0,0.0,442.9586289279001,441.13489094940248,452.06307217548587,442.1107919536876,466.84396090092516,461.70098127141946,460.4679275338517,465.0253373157433,464.0600122129695,0.0,80.57027023384903,80.57027023384903,60.0,0.0,60.0,60.0,16.0,16.0,16.0,12.0,12.0,12.0,21.0,10.0,0.0,0.0,0.0,0.0,0.0,0.0,0.0,0.0,0.0,0.0,0.0,0.0,0.0,80.57027023384903,80.57027023384903,0.0,0.0,0.0,80.57027023384903,0.0,0.0,0.00234 
 03/02  13:50:00,9.228333333333334,81.66666666666667,7.8566666666666669,95.00000000000002,9.333333333333334,0.0,0.0,0.0,0.0,0.0,0.0,0.0,0.0,0.0,0.0,255.0,0.0,171.21232046930573,33.76461338699176,86.52063855953597,5.133816092387219,136.64379513019547,0.0,33.76461338699175,46.15878635587532,0.0,0.0,16.308518458371205,-2.632883420978942,16.69562761521072,-151.23190823947699,16.385717067647105,-176.84224058445217,16.57283310713391,-18.22844583241931,13.91813497080661,15.410201056392907,16.065844237826629,-70.1302893710581,15.183106542330617,41.381133127968499,14.34157931257441,-12.247690260738978,14.831372304088659,-84.19477495617184,281.5590359673124,303.62222591562388,0.0,0.0,0.0,0.0,0.0,0.0,0.0,0.0,0.0,0.0,0.0,0.0,0.0,0.0,0.0,0.0,0.0,0.0,0.0,0.0,0.0,0.0,0.35593795577087519,0.1086501696492293,132.34416039525443,154.37513549780477,1855.728094729709,0.058952100890315928,0.008997573395957866,85.36391234992884,99.53127883931468,1213.098361906317,0.34982495901336038,0.06610448960947856,121.59903684948664,141.8676915946738,1690.0334871870583,0.07608479700130978,0.014377323696392624,87.51861270376434,102.04730936236924,1245.9098496441109,0.0,0.0,7.813745833720629,9.189278713343925,74.09175627300704,0.0,0.0,52.12681769061132,60.878617763234917,696.9703315840013,0.0,0.0,198.30169173225597,232.11631547509362,2400.7555031408057,0.0,0.0,23.856884793069864,28.0217352156417,242.83470295196137,0.0,0.0,100.12465875188662,117.45461322869739,1090.4082166916042,38.94221105161166,26.709335426345456,159.82530354065819,186.97957240186126,2443.824755068673,0.0,0.0,118.53207425293452,139.3558738851175,1146.7135791487925,0.0,16.305106875324165,50.37276650155018,22.0,30.0,0.0,16.417576128787809,50.23505357932283,16.0,30.0,0.0,16.239774568008249,50.79132805461366,22.0,30.0,0.0,16.429336755262346,49.79750918058642,16.0,30.0,0.0,13.9688593135712,58.121809440595509,12.0,30.0,0.0,15.968382071713697,51.15376712406714,16.0,30.0,0.0,15.315295176406549,53.422728579141459,10.0,30.0,0.0,14.32501707463678,56.82872187098944,12.0,30.0,0.0,14.689819906698212,55.52404544632732,12.0,30.0,0.0,15.440868922333602,0.0,0.0,0.0,14.053472794036065,0.0,0.0,446.19760391799096,438.9218775497376,439.6902097618631,451.98564504891166,464.80551120929598,460.8037075827199,457.6607321049215,462.5049637936487,461.5066114883828,0.0,80.57027023384903,80.57027023384903,60.0,0.0,60.0,60.0,16.0,16.0,16.0,12.0,12.0,12.0,21.0,10.0,0.0,0.0,0.0,0.0,0.0,0.0,0.0,0.0,0.0,0.0,0.0,0.0,0.0,80.57027023384903,80.57027023384903,0.0,0.0,0.0,80.57027023384903,0.0,0.0,0.00234 
 03/02  14:00:00,9.17,82.0,7.87,79.5,7.0,0.0,0.0,0.0,0.0,0.0,0.0,0.0,0.0,0.0,0.0,255.0,0.0,136.1665016953551,28.496384374498278,73.02097806388461,4.082968104527817,108.67392464050062,0.0,28.496384374498264,38.95671788631017,0.0,0.0,16.278289160879728,0.957790588228363,16.615348616226606,-206.29787341249358,16.419847878092094,-8.771682729083296,16.460396474987904,-193.79812604094514,13.909663641567873,15.202571122262015,16.01776481149861,-65.32718596662608,15.16717396039229,38.77177515752646,14.317264645192076,-11.99921726808816,14.81874455416223,-83.8703644197426,301.95516983163,305.16933924174739,0.0,0.0,0.0,0.0,0.0,0.0,0.0,0.0,0.0,0.0,0.0,0.0,0.0,0.0,0.0,0.0,0.0,0.0,0.0,0.0,0.0,0.0,0.3924429643858374,0.11979333467211155,126.04149725270982,146.98774240388148,1775.405429020717,0.05235842278154604,0.007991212268245733,117.3164547043934,136.7896044953626,1658.081546908211,0.3862598766719617,0.07298939468480005,167.84782819377828,195.6954835233559,2390.023454066492,0.057270196868599968,0.010822032666024178,120.33208642520012,140.3510190314908,1679.4412892729327,0.0,0.0,7.745115585391662,9.106072056085907,74.1598268511616,0.0,0.0,51.339930046192737,59.94849801459293,688.4423180402565,0.0,0.0,196.38466924514595,229.81877887703417,2391.763606154547,0.0,0.0,24.215643298811789,28.43660200347945,248.16438659205662,0.0,0.0,99.10321798693725,116.22406975488446,1088.8201747855936,39.29461354481856,26.951038096583383,191.97243517326479,224.50768860285326,2875.415033268067,0.0,0.0,117.91135158333788,138.5946698777424,1148.1391958283116,0.0,16.27746897435284,50.624205241817389,22.0,30.0,0.0,16.321556385647076,50.569277194319479,16.0,30.0,0.0,16.362893194183664,50.041597050272958,22.0,30.0,0.0,16.229663126059923,50.841428542578999,16.0,30.0,0.0,13.958414596711397,58.18633078240717,12.0,30.0,0.0,15.930845718546399,51.325378230303979,17.0,30.0,0.0,15.294916494411626,53.48022366922171,10.0,30.0,0.0,14.302684962799973,56.916031234902998,12.0,30.0,0.0,14.681444468471375,55.559070424432,12.0,30.0,0.0,15.454599282038308,0.0,0.0,0.0,14.02783450402071,0.0,0.0,440.8924215199292,438.32579649548588,450.6112938529345,439.27313841504459,462.71939814282407,458.2851851343284,457.12051375936718,461.150142253782,460.25179467864725,0.0,80.57027023384903,80.57027023384903,60.0,0.0,60.0,60.0,16.0,16.0,16.0,12.0,12.0,12.0,21.0,10.0,0.0,0.0,0.0,0.0,0.0,0.0,0.0,0.0,0.0,0.0,0.0,0.0,0.0,80.57027023384903,80.57027023384903,0.0,0.0,0.0,80.57027023384903,0.0,0.0,0.00234 
 03/02  14:10:00,9.065,82.50000000000002,8.015,64.0,4.666666666666666,0.0,0.0,0.0,0.0,0.0,0.0,0.0,0.0,0.0,0.0,255.0,0.0,106.36655638272225,22.837049686146668,58.519131603161188,3.189414918865196,84.8907281023794,0.0,22.837049686146658,31.219978306266368,0.0,0.0,16.238159904212318,-7.249554356593762,16.589129043079688,-108.54634299589339,16.290716339836736,-197.28783877185379,16.48224378495994,-13.309129330059023,13.901153971928938,15.161634473317605,15.965766468515838,-63.522816309371368,15.154491395847588,39.594596496569469,14.291663139855494,-12.091284256439736,14.802635693115507,-84.29372023954238,281.3001430038312,306.93623458218419,0.0,0.0,0.0,0.0,0.0,0.0,0.0,0.0,0.0,0.0,0.0,0.0,0.0,0.0,0.0,0.0,0.0,0.0,0.0,0.0,0.0,0.0,0.382759507530385,0.11683745651110654,114.51529325306814,133.5367927203398,1626.031916262192,0.0692573112280449,0.010570407696588052,60.37312782425164,70.3694349208662,869.1122966246006,0.36930131472405239,0.06978482893500614,139.80644282211734,163.07460372294879,1958.3541132717667,0.082126229309266,0.01551893977877286,98.64536343428951,114.98828166357849,1419.3740644993937,0.0,0.0,7.789824570383095,9.156531890113909,76.03458183102808,0.0,0.0,50.588377349519479,59.06433362367546,684.4197306213616,0.0,0.0,195.69801565610229,228.96241058129457,2418.5649060288458,0.0,0.0,24.276667246137096,28.502952882680416,252.64036220504725,0.0,0.0,98.05610888221948,114.97014432639772,1094.9719196564552,39.83166740180584,27.31938779273378,153.422209090424,179.45792204649434,2392.690261451381,0.0,0.0,116.83706591551436,137.3152254055002,1152.5373224751104,0.0,16.228754452951664,50.64733418335806,22.0,30.0,0.0,16.34675153580374,50.50778029869583,16.0,30.0,0.0,16.134615579000298,51.1909101978536,22.0,30.0,0.0,16.34554095098204,50.095385355562729,16.0,30.0,0.0,13.94779678668862,58.248551285406147,12.0,30.0,0.0,15.887134631847085,51.466802330200838,17.0,30.0,0.0,15.281930074910936,53.59405736944546,10.0,30.0,0.0,14.278371321746056,57.05103615563818,12.0,30.0,0.0,14.668324199689409,55.65117265718648,12.0,30.0,0.0,15.321969441762246,0.0,0.0,0.0,13.987325886116722,0.0,0.0,445.22974189173558,437.72845713105837,438.0430613778362,450.4866178643242,460.93796210322656,457.53298862604665,454.2607017143594,458.92775007764296,458.0744761591678,0.0,80.57027023384903,80.57027023384903,60.0,0.0,60.0,60.0,16.0,16.0,16.0,12.0,12.0,12.0,21.0,10.0,0.0,0.0,0.0,0.0,0.0,0.0,0.0,0.0,0.0,0.0,0.0,0.0,0.0,80.57027023384903,80.57027023384903,0.0,0.0,0.0,80.57027023384903,0.0,0.0,0.00234 
 03/02  14:20:00,8.96,83.0,8.16,48.5,2.333333333333333,0.0,0.0,0.0,0.0,0.0,0.0,0.0,0.0,0.0,0.0,255.0,0.0,76.84881870684395,17.202115083806559,44.07980937235286,2.3043236365314745,61.332758957938967,0.0,17.20211508380655,23.516595493686795,0.0,0.0,16.212368320584646,3.053873950549132,16.489808950090166,-216.8843378785591,16.329623560692569,-5.801954248844595,16.35508106144619,-204.387656517727,13.892096725382953,14.749028118820178,15.912511693103824,-57.469803937172859,15.134080832525749,34.883565832434218,14.264323915437548,-12.93140877894814,14.782145053402417,-86.95873440652167,314.6655807859879,314.47104261683219,0.0,0.0,0.0,0.0,0.0,0.0,0.0,0.0,0.0,0.0,0.0,0.0,0.0,0.0,0.0,0.0,0.0,0.0,0.0,0.0,0.0,0.0,0.4263084441547975,0.13013078270903467,130.45313903120127,152.08622226159992,1874.2234919300457,0.05725895241701633,0.00873915635180347,122.27147299531875,142.54407263144214,1752.1437378691204,0.43111482112427537,0.08146538569997648,190.13432018526758,221.6308538553732,2751.4065290544965,0.0655350707825042,0.012383800223451283,126.32703943627512,147.31898268834198,1788.2248794391529,0.0,0.0,7.685234918141353,9.031527926969766,76.42737044220704,0.0,0.0,49.58250483008062,57.88269292082827,676.8137917264035,0.0,0.0,193.94203799651349,226.8716361303025,2425.80546812613,0.0,0.0,24.67088093379827,28.960866469817146,260.50874318576418,0.0,0.0,97.74008848113289,114.57711765618845,1107.7449380121826,40.37175790864087,27.689820239122694,201.82351473589956,235.98464429517945,3063.1789389909415,0.0,0.0,117.02952540328279,137.5248739587218,1168.4717387409224,0.0,16.210363690803253,50.892446641447879,22.0,30.0,0.0,16.21190553859191,50.99636161581418,16.0,30.0,0.0,16.271695723367107,50.375578481378337,22.0,30.0,0.0,16.12098535486838,51.27008419834752,16.0,30.0,0.0,13.936317055290092,58.323652123698,12.0,30.0,0.0,15.844134199293702,51.66490970696884,17.0,30.0,0.0,15.25327938077686,53.67095835653027,10.0,30.0,0.0,14.251032516201269,57.163771900157559,12.0,30.0,0.0,14.648427115182031,55.735042240022298,12.0,30.0,0.0,15.353871928011048,0.0,0.0,0.0,13.943120828444203,0.0,0.0,439.361380355929,436.03280039748446,448.907551815266,436.82852973606387,459.0241439641209,454.95481106927317,454.3295307418608,457.7192112286578,456.8762195822616,0.0,80.57027023384903,80.57027023384903,60.0,0.0,60.0,60.0,16.0,16.0,16.0,12.0,12.0,12.0,21.0,10.0,0.0,0.0,0.0,0.0,0.0,0.0,0.0,0.0,0.0,0.0,0.0,0.0,0.0,80.57027023384903,80.57027023384903,0.0,0.0,0.0,80.57027023384903,0.0,0.0,0.0023466666666666668 
 03/02  14:30:00,8.855,83.5,8.305,33.0,0.0,0.0,0.0,0.0,0.0,0.0,0.0,0.0,0.0,0.0,0.0,510.0,0.0,47.44885216335708,11.611583465675358,29.75426772376681,1.4227637229550805,37.86878233787388,0.0,11.611583465675352,15.873914926922128,0.0,0.0,16.169953662641484,-15.816808289083156,16.45206667618853,-137.81224534039905,16.25709149131191,-121.28438333493,16.33877372361819,-68.47572219002473,13.88391490783484,14.218415725980237,15.860279879918341,-56.70279350207295,15.116470394200415,30.449673644886845,14.238023265386279,-15.362176458728016,14.759344991765176,-94.26593643949355,245.53420932836139,318.6904205617043,0.0,0.0,0.0,0.0,0.0,0.0,0.0,0.0,0.0,0.0,0.0,0.0,0.0,0.0,0.0,0.0,0.0,0.0,0.0,0.0,0.0,0.0,0.41889390706095688,0.12786749299785009,90.75787341734493,105.96566621325082,1314.2208270605566,0.06913380829155921,0.010551558042057267,60.06962375938914,70.03108406608654,869.3395677784869,0.4195512477026839,0.07928028112295618,103.38203475450041,120.91794492670437,1494.2732532588985,0.08611867328420836,0.016273369857182225,84.16425250348923,98.41163349763414,1217.3358112731269,0.0,0.0,7.673706892783388,9.037602987818925,77.72772361189215,0.0,0.0,48.75375674687137,57.045053600451229,671.5731913747102,0.0,0.0,193.24669130258679,226.55647425824788,2447.7409242988017,0.0,0.0,24.723265375292017,29.086191409305518,264.87301809117926,0.0,0.0,97.19919061914732,114.19294194202988,1116.995455710708,40.88349124781871,28.040803324978549,116.80109340952721,136.96299406611105,1939.6766071120708,0.0,0.0,116.47264702152471,137.1895430112404,1172.8856620336663,0.0,16.155745554801667,50.972182330585088,22.0,30.0,0.0,16.223617374639184,50.987150587387947,16.0,30.0,0.0,16.15670101069646,51.0148689190086,22.0,30.0,0.0,16.16836781985942,50.901751500374277,16.0,30.0,0.0,13.926947537606054,58.37947303825222,12.0,30.0,0.0,15.805440890097139,51.80874592870238,17.0,30.0,0.0,15.23173444849578,53.80294060917877,10.0,30.0,0.0,14.226461672920097,57.29357527588172,12.0,30.0,0.0,14.626278453296067,55.861809162821327,12.0,30.0,0.0,15.06731503908599,0.0,0.0,0.0,13.883222494715643,0.0,0.0,442.26020319701868,434.82545920669505,440.7080805619431,442.8944877115624,457.6473652729294,453.8166724822087,451.927007664181,455.8516577279079,454.73398801044348,0.0,80.57027023384903,80.57027023384903,60.0,0.0,60.0,60.0,16.0,16.0,16.0,12.0,12.0,12.0,21.0,10.0,0.0,0.0,0.0,0.0,0.0,0.0,0.0,0.0,0.0,0.0,0.0,0.0,0.0,80.57027023384903,80.57027023384903,0.0,0.0,0.0,80.57027023384903,0.0,0.0,0.0023533333333333337 
 03/02  14:40:00,8.75,84.0,8.45,30.833333333333333,0.0,0.0,0.0,0.0,0.0,0.0,0.0,0.0,0.0,0.0,0.0,510.0,0.0,44.292241991976549,10.839104452960889,27.77481806331097,1.3281121393013034,35.349501841484229,0.0,10.839104452960884,14.817877551235135,0.0,0.0,16.1299954006124,-16.002613042099484,16.378089468207713,-115.27164323767613,16.204836478056906,-182.42879218882536,16.262729099016267,-119.36122452852601,13.875601715847479,13.614927878525009,15.808726322788667,-56.64195328592473,15.085564543696524,24.23534675476367,14.207274849107865,-18.174967902959567,14.728969948355424,-102.6650637061673,270.4056865802563,321.0100975973087,0.0,0.0,0.0,0.0,0.0,0.0,0.0,0.0,0.0,0.0,0.0,0.0,0.0,0.0,0.0,0.0,0.0,0.0,0.0,0.0,0.0,0.0,0.4388111942138899,0.13394725098104089,100.69755425969464,117.7291518185669,1469.576246097225,0.08064966630031143,0.012309167628252661,42.295864148988908,49.52935722912091,615.0530999921653,0.41142097649655026,0.07774394869549328,144.41024021471282,168.6383541504664,2089.545470441059,0.08315797594894714,0.015713903240541783,113.39496086915324,132.46786129964984,1638.7307423124567,0.0,0.0,7.6836913437708109,9.047023619407934,79.23856860068737,0.0,0.0,47.86083549900526,55.990949879903357,664.4312933408711,0.0,0.0,192.19031613742676,225.28929717284943,2456.3566568917287,0.0,0.0,24.701151948913436,29.056533471338875,267.9939877677963,0.0,0.0,96.73402324869685,113.63297073352715,1124.2806226591982,41.41399559015879,28.404660898600004,136.93291515614366,160.5545218511349,2227.951936380937,0.0,0.0,116.07448632580082,136.71837087873196,1177.2987088377495,0.0,16.10935466165695,51.15409056278196,22.0,30.0,0.0,16.138775576095619,51.329698831988228,16.0,30.0,0.0,16.094948910211558,51.25119070572623,22.0,30.0,0.0,16.05685273854808,51.41341210392197,16.0,30.0,0.0,13.915352722786566,58.478508242703437,12.0,30.0,0.0,15.755828397945625,52.05903958020616,17.0,30.0,0.0,15.185208300718984,54.06972132637537,10.0,30.0,0.0,14.19057905488242,57.49002972465897,12.0,30.0,0.0,14.587786241515259,56.079275090637498,12.0,30.0,0.0,15.064473536610797,0.0,0.0,0.0,13.814786061673552,0.0,0.0,441.089363894305,432.0678272132641,439.36922164862826,437.98606726478377,455.227738398442,450.41411049794729,448.10810065302669,453.20571513958239,451.6228782621356,0.0,80.57027023384903,80.57027023384903,60.0,0.0,60.0,60.0,16.0,16.0,16.0,12.0,12.0,12.0,21.0,10.0,0.0,0.0,0.0,0.0,0.0,0.0,0.0,0.0,0.0,0.0,0.0,0.0,0.0,80.57027023384903,80.57027023384903,0.0,0.0,0.0,80.57027023384903,0.0,0.0,0.00236 
 03/02  14:50:00,8.645,84.5,8.595,28.666666666666669,0.0,0.0,0.0,0.0,0.0,0.0,0.0,0.0,0.0,0.0,0.0,255.0,0.0,41.13987254508564,10.067663221438611,25.798027658785036,1.2335877115387353,32.833605820274808,0.0,10.067663221438606,13.763258901116995,0.0,0.0,16.058628305579718,-34.49184122218412,16.303230483528706,-207.821242307818,16.17919606036528,-17.550481288862103,16.195797923170607,-166.99146603180089,13.867396103409526,13.728997471494893,15.753786014144517,-51.44055749111999,15.06670455879691,28.778965147149394,14.175756979411333,-17.00239514948555,14.698929141767014,-97.34181077953645,304.07915461434188,332.43776023279818,0.0,0.0,0.0,0.0,0.0,0.0,0.0,0.0,0.0,0.0,0.0,0.0,0.0,0.0,0.0,0.0,0.0,0.0,0.0,0.0,0.0,0.0,0.455198317190818,0.13894942527192248,139.228723625447,162.30169769716123,2029.305990667016,0.06863557338235725,0.010475514862997139,107.12117414941122,124.85379957638345,1565.7513316882574,0.4866865644024487,0.09196647097551944,177.39078041947153,206.72807289062573,2618.5334809378884,0.08821888158831966,0.016670234616084586,92.14786351969676,107.42984219421969,1334.3292212180275,0.0,0.0,7.700703493055877,9.043365974044635,80.85780440730898,0.0,0.0,47.9524114487016,55.96224525903782,670.416496232006,0.0,0.0,192.29324889559798,224.82933569062383,2490.0675202699028,0.0,0.0,24.95200208444292,29.27676422555673,274.1116300582028,0.0,0.0,96.66324774898853,113.25943339165512,1136.9273578228413,41.93590691376203,28.762624769384119,174.75045749735774,204.34904895003496,2764.8883950613146,0.0,0.0,116.30326132414825,136.64808379326363,1191.0620409821013,0.0,16.000919812858365,51.728130445714317,22.0,30.0,0.0,16.042200059388663,51.6625533003359,16.0,30.0,0.0,16.10141911020074,51.091511896295909,22.0,30.0,0.0,15.969009187856216,51.864225588624169,16.0,30.0,0.0,13.903925146697246,58.58845732374237,12.0,30.0,0.0,15.698323582942133,52.29304655916547,17.0,30.0,0.0,15.164211279501748,54.11090473042385,10.0,30.0,0.0,14.15285987264102,57.726398535493178,12.0,30.0,0.0,14.551744277161883,56.28359996260029,12.0,30.0,0.0,15.094827874154936,0.0,0.0,0.0,13.757750740224376,0.0,0.0,433.48756183182118,430.99408895166769,443.3740540156512,432.3368281340299,452.5174167801412,448.471970108133,448.5195822649165,449.83229722218786,448.92311972101086,0.0,80.57027023384903,80.57027023384903,60.0,0.0,60.0,60.0,16.0,16.0,16.0,12.0,12.0,12.0,21.0,10.0,0.0,0.0,0.0,0.0,0.0,0.0,0.0,0.0,0.0,0.0,0.0,0.0,0.0,80.57027023384903,80.57027023384903,0.0,0.0,0.0,80.57027023384903,0.0,0.0,0.002363333333333333 
 03/02  15:00:00,8.54,85.0,8.74,26.5,0.0,0.0,0.0,0.0,0.0,0.0,0.0,0.0,0.0,0.0,0.0,255.0,0.0,37.99207007373382,9.297339610580272,23.82410109434438,1.1392002221333344,30.32135465158968,0.0,9.297339610580267,12.710168123178593,0.0,0.0,16.036395575553255,-8.108990828525294,16.272826552203676,-105.17225299457437,16.032933135363444,-227.95713646071364,16.22456611513565,-11.72966902715325,13.86091003777559,13.556898044591606,15.70667158165018,-49.15298604546933,15.038134015076448,22.119017499006078,14.148483077935359,-17.964241784683396,14.671327107397609,-100.8988906014747,300.2167668133152,341.22976364860599,0.0,0.0,0.0,0.0,0.0,0.0,0.0,0.0,0.0,0.0,0.0,0.0,0.0,0.0,0.0,0.0,0.0,0.0,0.0,0.0,0.0,0.0,0.470557417242481,0.1436377952510626,119.29223005740278,139.03112862953825,1763.2873987392616,0.08726190905310208,0.013318362187591894,54.91852436318181,63.99125158948425,815.6631511959895,0.44581420259109635,0.08424304659695702,150.37437049990116,175.346636585449,2174.597814281283,0.0958462284622364,0.018111532211306948,97.3788251916263,113.45918642921927,1452.1189309152535,0.0,0.0,7.714721706268332,9.057660756901962,82.47206401317281,0.0,0.0,47.016544619492837,54.86417268835332,662.9096490001177,0.0,0.0,191.7082775714352,224.11307732488127,2506.6015342459679,0.0,0.0,24.773113551776718,29.06214734396288,275.7917303480779,0.0,0.0,97.17792374570928,113.8449981203913,1156.9281692987352,42.45337134939419,29.11753864841852,156.3240450967842,182.80504113419426,2545.126736258787,0.0,0.0,116.76188233938787,137.17666778432563,1207.7879394485286,0.0,15.996734469674774,51.57198294198968,22.0,30.0,0.0,16.051580701597385,51.58414498687402,16.0,30.0,0.0,15.83831675123718,52.2737285981388,22.0,30.0,0.0,16.08741144632498,51.1350716479371,17.0,30.0,0.0,13.895803594865427,58.64355957411542,12.0,30.0,0.0,15.654124159204234,52.42290149862032,17.0,30.0,0.0,15.123499454928523,54.37525716245408,10.0,30.0,0.0,14.122794316448032,57.86028771912575,12.0,30.0,0.0,14.519985447522848,56.40091835350155,12.0,30.0,0.0,15.011886062692297,0.0,0.0,0.0,13.704935450507117,0.0,0.0,438.49884282083226,432.007176847734,432.57551997330656,443.04524338989247,451.1657545956225,448.52833155603306,444.2669099795917,448.67575274008717,448.3391128350025,0.0,80.57027023384903,80.57027023384903,60.0,0.0,60.0,60.0,16.0,16.0,16.0,12.0,12.0,12.0,21.0,10.0,0.0,0.0,0.0,0.0,0.0,0.0,0.0,0.0,0.0,0.0,0.0,0.0,0.0,80.57027023384903,80.57027023384903,0.0,0.0,0.0,80.57027023384903,0.0,0.0,0.002366666666666667 
 03/02  15:10:00,8.485,85.50000000000002,8.785,24.333333333333337,0.0,0.0,0.0,0.0,0.0,0.0,0.0,0.0,0.0,0.0,0.0,2560.0,0.0,34.84915205948158,8.528211313806687,21.8532374550096,1.0449591906025469,27.813001713941003,0.0,8.52821131380668,11.658711430216492,0.0,0.0,17.2137420819966,-925.579612935635,16.460620686620169,741.2627293359483,17.58096114998498,-2497.5832749795424,16.511009485472337,871.369767307535,13.859776663702185,21.969006012816729,16.337830434261428,-200.4604163661115,15.140073293051567,205.0830150869192,14.129265735772258,-5.43251891567345,15.844716094765517,-401.308193036268,626.3074151963599,650.0647365924064,0.0,0.0,0.0,0.0,0.0,0.0,0.0,0.0,0.0,0.0,0.0,0.0,0.0,0.0,0.0,0.0,0.0,0.0,0.0,0.0,0.0,0.0,0.5948956293675428,0.18159207245651497,408.65735926164407,474.7702861335355,7573.792515348307,0.2366181369818861,0.03611387927073964,342.0091060224935,399.18669456022817,5438.8865502920439,0.3265059730324644,0.061698029673557187,529.4430000380017,614.2771726040417,10216.834194747058,0.2080758445076183,0.039318942650721517,358.9840410708836,418.7556815827038,5858.865362048815,0.0,0.0,10.481309203812124,12.352839444042062,113.16587387098989,0.0,0.0,71.45861784788996,83.39741377534952,1160.1543274204008,0.0,0.0,244.48950853973128,286.60850679263219,3337.9980597780424,0.0,0.0,36.67513235508835,43.18686082983221,410.93951672745046,0.0,0.0,150.05593344664136,175.12528106976053,2391.7688463076126,43.53678082472232,29.86061784960379,693.6881689067512,811.0935133188456,11002.620440227798,0.0,0.0,144.49703084677626,170.06489752597629,1640.4495111734476,2073.394857569911,17.756417377653198,46.271906298751648,21.999999999999998,30.0,0.0,16.471725744615946,50.16689761005596,15.999999999999999,30.0,4635.554647366362,18.15974455937122,45.13076805916609,21.999999999999998,30.0,0.0,16.682705032581706,49.478782129237128,16.9,30.0,0.0,13.89838925748228,58.673309803309667,12.0,30.0,1005.3375796711213,16.667621806574414,49.227448432440599,16.599999999999999,30.0,0.0,15.345231302739771,53.63469383468008,10.0,30.0,0.0,14.108338026963978,57.93255982638271,12.0,30.0,2009.8821429424796,16.34429169506845,50.29608287671323,16.7,30.0,0.0,15.955486377772822,0.0,0.0,0.0,14.051420770562008,0.0,0.0,434.3583088367509,434.0229659132573,434.1631986627453,435.0647542827706,449.5813163841714,445.4594118539286,442.9269796831052,447.7539763226078,445.15921641222277,11136.625990668765,80.64091206060947,86.56485009900075,60.0,0.0,60.0,60.0,16.0,16.0,16.0,16.0,12.0,12.0,21.0,10.0,1.0,0.0,2073.394857569911,0.0,4635.554647366362,0.0,1005.3375796711213,0.0,0.0,2009.8821429424796,8964.590733319128,5378754.439991477,7031108.357185358,80.64091206060947,86.66545823301729,0.36681969111063758,0.7655546472978421,0.3602813740196596,86.66545823301729,0.3542647819438876,7031108.357185358,0.3679876345736386 
 03/02  15:20:00,8.43,86.0,8.83,22.166666666666669,0.0,0.0,0.0,0.0,0.0,0.0,0.0,0.0,0.0,0.0,0.0,768.0,0.0,31.711428180034063,7.760354114795576,19.885630932192045,0.9508739024693255,25.308794157670535,0.0,7.760354114795573,10.608992424263662,0.0,0.0,17.924087441859208,-1449.3179885794405,17.038907983175848,720.1262968405303,18.420073688331024,-3569.8558617167957,17.265064714439875,695.3818780427855,13.868923296603772,27.737004836870776,16.19032547347008,-107.7195832779654,15.442188604278592,250.77121727842457,14.12991129307967,0.27007102738495317,15.698874972629888,-172.4020563773392,817.6525187859659,503.36052645246925,0.0,0.0,0.0,0.0,0.0,0.0,0.0,0.0,0.0,0.0,0.0,0.0,0.0,0.0,0.0,0.0,0.0,0.0,0.0,0.0,0.0,0.0,0.7465323576490435,0.2278792300516005,475.9574560174076,550.7042974269136,9754.456347004529,0.2909983065699101,0.04441366095389347,402.1312661171171,467.54411328843198,7162.345093518695,0.4142895257683499,0.078286002601729,580.3599476347981,670.4685387199072,12440.145344771934,0.23591253126356574,0.044579087540356308,387.8419394964055,450.3363042121167,7229.578387629323,0.0,0.0,10.994881817248653,12.94383212614484,120.31707138012642,0.0,0.0,63.108185792142908,73.67869746079019,996.5412210070763,0.0,0.0,213.41190822671775,249.7036093456629,3118.9146042545519,0.0,0.0,40.36493194487082,47.482077607003237,458.3161095003586,0.0,0.0,129.5187935577653,151.3962472883482,1974.36888006226,44.342165555924498,30.413007925874135,780.3090957863486,909.8132554682721,13410.43177155585,0.0,0.0,116.72620181795375,137.42723328273463,1320.7650656753536,1931.788203070641,18.902131877148276,43.021460570718328,21.999999999999994,29.99999999999999,0.0,17.492781787296896,46.997000818944048,15.999999999999993,29.99999999999999,4363.495118030813,19.44298466729908,41.607605407964857,21.999999999999994,29.99999999999999,0.0,17.944759957462375,45.689471368483669,15.999999999999993,29.99999999999999,0.0,13.917895093018668,58.6827838865904,11.999999999999995,29.99999999999999,0.0,16.416273462841258,50.08072775903193,15.999999999999993,29.99999999999999,0.0,15.84990725638006,51.991755111544097,9.999999999999997,29.99999999999999,0.0,14.129095041580277,57.91548397548369,11.999999999999995,29.99999999999999,30.551763779329556,16.117699450806734,51.04731420708414,15.999999999999993,29.99999999999999,0.0,16.703067103066979,0.0,0.0,0.0,14.047236846858443,0.0,0.0,434.1710847487325,434.4913136481682,433.798431332527,434.0528294738008,446.6186907223474,442.65283680075108,440.481871763658,445.5375124708727,442.542411492522,11847.76287016938,80.1703104251627,87.869246506623,59.99999999999998,0.0,59.99999999999998,59.99999999999998,16.0,16.0,16.0,16.0,12.0,12.0,21.0,10.0,1.0,0.0,1931.788203070641,0.0,4363.495118030813,0.0,0.0,0.0,0.0,30.551763779329556,11649.908744642486,6989945.2467854949,9131206.417574116,80.1703104251627,87.99999999999997,0.3883302914880829,0.7657312258040274,0.36028137401965945,87.99999999999997,0.35426478194388735,9131206.417574116,0.4772194003805207 
 03/02  15:30:00,8.375,86.5,8.875,20.0,0.0,0.0,0.0,0.0,0.0,0.0,0.0,0.0,0.0,0.0,0.0,1024.0,0.0,28.579202690609546,6.993842470245071,17.921472316992469,0.8569534806662095,22.808974805493415,0.0,6.993842470245068,9.561112893271357,0.0,0.0,18.435057748240017,-1223.8636294795106,17.461384506300946,850.5075851391225,18.979550423735178,-3425.555830210539,17.731902588079089,863.2413234102432,13.884367188435889,38.20210087758852,16.031725307470567,-17.889427252003544,15.692250155655437,245.9862244780145,14.11421742475137,-7.186407284913514,16.16469305583431,-208.49067247904316,1047.7718725261848,618.9664442447389,0.0,0.0,0.0,0.0,0.0,0.0,0.0,0.0,0.0,0.0,0.0,0.0,0.0,0.0,0.0,0.0,0.0,0.0,0.0,0.0,0.0,0.0,0.9068123173829903,0.2768047366858945,484.06308041531465,558.8591978280555,10628.827222106593,0.3155619558209434,0.048162691669863168,406.1053478303267,471.16482240633186,7812.105263621509,0.5530169381162113,0.10450055519958644,597.7092796287719,688.9062001889157,13680.16054896606,0.25030185172943877,0.04729815792317436,386.35475219226319,447.5114742852664,7791.125887882028,0.0,0.0,12.310027670144415,14.493287652065563,136.69591030517817,0.0,0.0,28.790083812546205,33.65754112344305,445.04182248837426,0.0,0.0,178.26788299413873,208.2097205114611,2774.284869566084,0.0,0.0,46.86414622791846,55.140327558503759,535.4709748841208,0.0,0.0,130.27093998445424,151.82674167051736,2167.8131477061644,45.153456738078478,30.969449065897455,782.5320005242921,910.0705228969566,14810.148566168935,0.0,0.0,115.22000616782674,135.5670908219768,1311.1724565599905,1903.9690003672334,19.62719422369112,41.130634903422357,22.0,30.0,0.0,18.195144891611755,44.96626885090115,16.0,30.0,4282.504619924461,20.139564742010156,39.8517309593447,22.0,30.0,0.0,18.692004976304785,43.59977582467635,16.0,30.0,0.0,13.945816326187604,58.64763428045961,12.0,30.0,0.0,16.1874691198423,50.85250561700178,16.0,30.0,0.0,16.25525993516992,50.71656360325193,10.0,30.0,0.0,14.111810192633417,58.039688553769639,12.0,30.0,932.1206665601097,16.82543978975931,48.86645180940863,16.5,30.0,0.0,17.506207123620869,0.0,0.0,0.0,14.032470071124632,0.0,0.0,433.88565427535908,434.2322593990982,433.60113775649537,433.8205145656366,444.1058882424998,441.0736794575017,438.3012345732668,443.402440875431,439.87028320429018,10781.476126390771,80.87579139974494,86.36252219785189,60.0,0.0,60.0,60.0,16.0,16.0,16.0,16.0,12.0,12.0,21.0,10.0,1.0,0.0,1903.9690003672334,0.0,4282.504619924461,0.0,0.0,0.0,0.0,932.1206665601097,8303.055268935048,4981833.161361029,6503917.893210501,80.87579139974494,86.45570510149997,0.3617685089645016,0.76536838619565,0.36028137401965956,86.45570510149997,0.3542647819438875,6503917.893210501,0.3406270637802794 
 03/02  15:40:00,8.32,87.0,8.92,18.833333333333337,0.0,0.0,0.0,0.0,0.0,0.0,0.0,0.0,0.0,0.0,0.0,2560.0,0.0,26.890007541859246,6.580466180508913,16.862210404172694,0.8063026206200905,21.460833469058135,0.0,6.58046618050891,8.995996165180316,0.0,0.0,18.961083464949636,-1160.3204863679503,17.85472211238284,1062.7550790947899,19.552611763144229,-3286.9075825073985,18.17114028633737,995.8046595646385,13.905425477872522,46.549865370632918,17.00695473844384,-90.55200739192063,16.03509438874068,506.5057622314697,15.198359816359416,-91.76504527663143,16.08134880620558,-247.10753865569633,1227.4908475913588,618.4060171195515,0.0,0.0,0.0,0.0,0.0,0.0,0.0,0.0,0.0,0.0,0.0,0.0,0.0,0.0,0.0,0.0,0.0,0.0,0.0,0.0,0.0,0.0,1.0197504646095948,0.3112791406012195,499.97676943467919,576.1281313408545,11701.32311922183,0.33955966043331278,0.05182534499897938,418.2420174901854,484.4534452718376,8585.410722610917,0.6759506330675623,0.12773065628638756,605.4314519662471,696.3863675757882,14753.554605805002,0.27083384009949959,0.05117797431963335,394.4544952449186,456.0628464374008,8490.998875128307,0.0,0.0,12.270204562626219,14.452570886434329,138.3450028343637,0.0,0.0,49.921700377945857,57.9916780929545,923.2181152532502,0.0,0.0,205.5750576867227,239.539070039321,3481.076962809023,0.0,0.0,30.669805305270335,35.97399505203522,436.0773177933576,0.0,0.0,98.66822787533245,115.2290777786897,1546.8643755627259,45.86283510292188,31.455991154267428,802.6504366970512,931.6882886483636,16394.681638344013,0.0,0.0,111.45530082785162,131.1227315383298,1289.772618122097,1951.3595473072795,20.34341190069028,39.37495700338332,22.000000000000005,30.00000000000001,0.0,18.823409514354976,43.260104884077559,16.000000000000005,30.00000000000001,4392.996650047453,20.873554661406396,38.11587145191535,22.000000000000005,30.00000000000001,0.0,19.355238967189434,41.857967318876649,16.000000000000005,30.00000000000001,0.0,13.979016193606057,58.593979413750549,12.000000000000004,30.00000000000001,1887.3255236856017,17.522166370142985,46.82435714116823,20.000000000000008,30.00000000000001,0.0,16.855629305659467,48.88038607647888,10.000000000000004,30.00000000000001,1416.185416311833,15.808627859902736,52.17642601121442,17.000000000000005,30.00000000000001,329.2558878273311,16.286777638521686,50.60834229803414,16.100000000000006,30.00000000000001,0.0,18.20239604795107,0.0,0.0,0.0,14.038548894014316,0.0,0.0,433.2325816584606,433.57629693295669,433.0093238918512,433.2836885247491,441.6613246504468,438.8068158590762,436.3932684671174,440.75982125972458,438.3980019823032,10779.564609763736,80.87711318692976,87.88104990308551,60.00000000000002,0.0,60.00000000000002,60.00000000000002,16.0,16.0,19.0,16.0,16.0,12.0,21.0,10.0,1.0,0.0,1951.3595473072795,0.0,4392.996650047453,0.0,1887.3255236856017,0.0,1416.185416311833,329.2558878273311,10599.549078325692,6359729.446995413,8335598.92350915,80.87711318692976,88.00000000000002,0.3533183026108565,0.7629261272396581,0.3602813740196597,88.00000000000002,0.3542647819438877,8335598.92350915,0.43590114402247578 
 03/02  15:50:00,8.265,87.5,8.965,17.666666666666669,0.0,0.0,0.0,0.0,0.0,0.0,0.0,0.0,0.0,0.0,0.0,1024.0,0.0,25.20100419227309,6.167136827461455,15.803068763977528,0.755657511570932,20.112845205408463,0.0,6.1671368274614519,8.430943603101222,0.0,0.0,19.330007286480677,-1209.7201080480082,18.239185225696468,950.0161615286261,19.947783381557679,-3394.560436045427,18.57014009898159,881.1358417726597,13.940068065731344,60.14185567864206,18.095993536158838,-309.44502200605259,16.518584231872759,518.7017153807585,15.444349833432903,-116.441046727785,16.223688199995235,-367.9867981498377,1314.8177200797746,746.3133589705961,0.0,0.0,0.0,0.0,0.0,0.0,0.0,0.0,0.0,0.0,0.0,0.0,0.0,0.0,0.0,0.0,0.0,0.0,0.0,0.0,0.0,0.0,1.0987940172487,0.3354072091723749,490.78735277426446,564.1006634566638,11995.66322510111,0.3473450395044946,0.05301358966796316,409.6124741694777,473.12858601324185,8893.837844756792,0.765593005905983,0.14466988017875724,598.6142977278981,686.812660969159,15196.83451700265,0.2797250834657571,0.05285810345157917,388.1146285560352,447.49673789961016,8805.060097300127,0.0,0.0,13.273753093318036,15.61656312099779,152.54483562327665,0.0,0.0,77.79253672642605,89.81914320619724,1691.939739853648,0.0,0.0,246.04552326902357,285.79314814625749,4542.499739702162,0.0,0.0,28.559037635402384,33.33528459568194,451.1310694624317,0.0,0.0,100.27008496228734,116.82062737971944,1674.2863983083492,46.25394653788257,31.724243167272005,787.2421455162333,911.7629303968516,16833.967383571664,0.0,0.0,123.50644959081675,145.050076970978,1517.9187756691989,1876.7555437076476,20.845271043371676,38.18532053078207,22.0,30.0,0.0,19.401666228738767,41.74149083545861,16.0,30.0,4228.910618655943,21.36778271976027,36.98690021962525,22.0,30.0,0.0,19.923051961397176,40.41946394766952,16.0,30.0,0.0,14.034584518900774,58.46404064107364,12.0,30.0,1739.7969217202206,19.36668395807832,41.73708460747207,20.0,30.0,0.0,17.64369373376846,46.515583614780798,10.0,30.0,41.927625085706377,16.288341140834726,50.602827481600488,16.0,30.0,731.0374632025977,16.78861766760334,49.05390982009127,16.5,30.0,0.0,18.61528567531265,0.0,0.0,0.0,14.372401362013023,0.0,0.0,432.8874238520916,433.1504095249228,432.66226480008808,432.9287999289432,439.1432531583642,436.5426246114224,435.80427446928027,438.38640678581717,437.18417273896719,10991.993652819237,80.73660422692409,87.87870344513259,60.0,0.0,60.0,60.0,16.0,16.0,19.0,16.0,16.0,12.0,21.0,10.0,1.0,0.0,1876.7555437076476,0.0,4228.910618655943,0.0,1739.7969217202206,0.0,41.927625085706377,731.0374632025977,10808.430619375049,6485058.3716250299,8481049.495773914,80.73660422692409,88.0,0.36028102064583497,0.7646844397004772,0.36028137401965956,88.0,0.3542647819438875,8481049.495773914,0.44350457378024357 
 03/02  16:00:00,8.21,88.0,9.01,16.5,0.0,0.0,0.0,0.0,0.0,0.0,0.0,0.0,0.0,0.0,0.0,1024.0,0.0,23.517308389398545,5.7551063261001789,14.747255358167921,0.70517154651566,18.76909283592201,0.0,5.755106326100176,7.8676666697492589,0.0,0.0,19.695950197297529,-1132.85757280472,18.540451685450756,1031.8827941047103,20.34047596382893,-3227.3920366541108,18.869628867461647,927.6463614875324,13.991561560924204,80.45103832040275,18.358886935574377,-370.8517509528946,16.70652448114184,343.0276282034265,15.799781301211464,-58.95852577340577,16.147351791004668,-368.7037974429952,1437.1644068499318,1164.5030090581443,0.0,0.0,0.0,0.0,0.0,0.0,0.0,0.0,0.0,0.0,0.0,0.0,0.0,0.0,0.0,0.0,0.0,0.0,0.0,0.0,0.0,0.0,1.189621011559634,0.36313217691075519,486.8115506819133,558.4845803892579,12376.775721866026,0.3572166309861595,0.05452024282450542,402.1298174428219,463.6455669706251,9110.20050033938,0.8772986193215853,0.16577827273650523,592.5004826275517,678.5619419511721,15614.519806089032,0.2952261338802553,0.05578725130012381,388.52285867288966,447.21557060074778,9156.048001026753,0.0,0.0,14.181445026341747,16.67859214664957,166.74637189210268,0.0,0.0,93.98158489026653,108.4285225035138,2105.167888105599,0.0,0.0,346.9179906275457,402.77110241380219,6558.0478408161129,0.0,0.0,19.557537668232489,22.785022660846303,332.84393330275489,0.0,0.0,197.72377390340078,230.77067965849819,3159.2123796096595,46.73185411847668,32.05202614435987,780.4520292007144,902.1311400276961,17556.918817064838,0.0,0.0,214.75906640019304,251.63755627615255,2970.6699864899767,1864.4903056216036,21.314169620337137,37.139129437902557,22.0,30.0,0.0,19.84464412776977,40.64890725702769,16.0,30.0,4198.830706093951,21.830836543414244,35.99226746490443,22.0,30.0,0.0,20.33580110055633,39.43932777126457,16.0,30.0,0.0,14.117272176350014,58.21798225096553,12.0,30.0,704.828077623682,19.689684200751417,40.943412001086617,19.5,30.0,0.0,17.843835051481478,45.96720745368966,10.0,30.0,692.1363683658758,16.839684264052005,48.908136532353889,16.75,30.0,829.3350317212048,16.298991084610124,50.67664908347203,16.25,30.0,0.0,19.1041583297668,0.0,0.0,0.0,15.174387042407849,0.0,0.0,432.110817904148,432.3517907478187,431.90089296390786,432.1722371036734,437.20578262112675,435.2695856845148,434.66674663390907,436.5435273489969,435.37641768146417,11597.148478396275,80.33625785784196,87.87201777952376,60.0,0.0,60.0,60.0,16.0,16.0,19.0,16.0,16.0,12.0,21.0,10.0,1.0,0.0,1864.4903056216036,0.0,4198.830706093951,0.0,704.828077623682,0.0,692.1363683658758,829.3350317212048,11403.479538872181,6842087.723323308,8937542.086269103,80.33625785784196,88.0,0.3801159846290727,0.7655471731726882,0.36028137401965956,88.0,0.3542647819438875,8937542.086269103,0.46728218848599326 
 03/02  16:10:00,8.15,88.33333333333334,8.951666666666668,15.333333333333333,0.0,0.0,0.0,0.0,2.0,0.0,0.0,0.0,0.0,0.0,4.0,768.0,0.0,21.836739123337165,5.343840944262545,13.693402528099743,0.6547793290207046,17.427835720788953,0.0,5.343840944262542,7.3054357127934639,0.0,0.0,19.54563353149797,-1454.849867205643,18.66704880905855,647.172351784154,20.251570124006656,-1438.9147093358752,18.970545605051329,539.3886578811367,14.03676734637435,73.22142937723446,18.341531299216525,-82.39211628372414,16.702722312749957,326.4184810541198,15.471635821482046,-63.37324171453845,16.41205219219434,-402.02932661503839,1372.4432046147013,906.675231513648,0.0,0.0,0.0,0.0,0.0,0.0,0.0,0.0,0.0,0.0,0.0,0.0,0.0,0.0,0.0,0.0,0.0,0.0,0.0,0.0,0.0,0.0,1.324858708310287,0.4044135251252403,404.6061339439101,464.6837179558113,10010.163249475048,0.3271450128005925,0.049930557509247939,323.8074005101834,373.09355894891379,7429.355917774857,0.8735421509411816,0.16506843366235486,319.13413546490338,365.9667589685156,8184.383439641814,0.26282456074667029,0.04966450505417048,314.95409241936189,362.4095733497526,7484.856571340184,0.0,0.0,13.865912526324085,16.293210153723839,166.3353468808642,0.0,0.0,18.05597428136692,20.82897044522799,399.71674344324597,0.0,0.0,218.48384539514175,253.64779693640487,4112.266939876359,0.0,0.0,28.82572737999508,33.623054337543567,454.6453707533864,0.0,0.0,133.90882237473486,155.9131466124167,2325.6420438676989,46.661928441205777,32.00406614623168,628.5015349283087,726.4724510015317,14322.450086153127,0.0,0.0,158.0107988930727,185.2617343850282,2124.723982451812,1841.9161834590778,20.8736405271945,38.18356922062266,22.0,30.0,0.0,19.930564366240338,40.46391100537103,16.0,30.0,908.0832177518696,21.406396380158918,37.62813049260086,21.333333333333337,30.0,0.0,20.352265922708186,39.81696235329801,16.0,30.0,0.0,14.17977264350836,58.029043900789009,12.0,30.0,1055.7259521806846,19.525281997786715,42.78981410042165,19.666666666666669,30.0,0.0,17.7448784779,46.287295051443397,10.0,30.0,61.92126822877691,16.17293260520846,51.06611552660618,16.0,30.0,778.0361618559855,16.98224650269316,48.525059560507248,17.0,30.0,0.0,19.022110042094579,0.0,0.0,0.0,14.881941875097065,0.0,0.0,432.14445315738819,433.15318505299777,466.91033331545318,452.0177942665571,435.82957197629039,527.6920865526528,433.86919289895016,435.4668634724869,434.87714183393669,11000.614316373067,80.73080716538968,85.87259971690895,1744.0,0.0,1744.0,1744.0,16.0,16.0,19.0,16.0,16.0,12.0,21.0,10.0,1.0,0.0,1841.9161834590778,0.0,908.0832177518696,0.0,1055.7259521806846,0.0,61.92126822877691,778.0361618559855,7780.639083128728,4668383.449877237,6074403.75937364,80.73080716538968,85.95992442401357,0.3726879694376243,0.7684402678428859,0.36028137401965956,85.95992442401357,0.3542647819438875,6074403.75937364,0.3905703288207626 
 03/02  16:20:00,8.09,88.66666666666667,8.893333333333335,14.166666666666666,0.0,0.0,0.0,0.0,2.0,0.0,0.0,0.0,0.0,0.0,4.0,1024.0,0.0,20.159491302632359,4.933388379558016,12.641632496214264,0.6044867033161268,16.089229414356,0.0,4.933388379558013,6.744315938482154,0.0,0.0,19.555852341958066,-1404.3980722908919,18.61156796680494,599.9493211403783,20.36481178376201,-1576.1099625766556,18.905870234953836,601.9568419930065,14.064913581671402,68.70476665123482,18.341879506692167,-79.54488607233887,16.71968050329952,266.42410543860367,15.875218011613895,-88.93738100172634,16.12142001132897,-340.8442998007548,1338.56920395191,950.5693984663916,0.0,0.0,0.0,0.0,0.0,0.0,0.0,0.0,0.0,0.0,0.0,0.0,0.0,0.0,0.0,0.0,0.0,0.0,0.0,0.0,0.0,0.0,1.339795886190092,0.4089731032326288,391.36264213752426,449.5527881000188,9655.33669816919,0.3236700600860263,0.04940019232082209,312.71733248210628,360.4693010458622,7102.18020018917,0.8159964801942079,0.15419434621961604,335.6658792615885,384.8405514635536,8646.961757243367,0.25940018678336315,0.04901742002709052,329.88889120851357,379.7608025146928,7752.047925476855,0.0,0.0,13.592356758264494,15.971846884644397,165.42582593004338,0.0,0.0,17.749804885450023,20.47556987957054,392.4755142923479,0.0,0.0,221.03415706082076,256.55405529793657,4169.315207202056,0.0,0.0,23.756646189169559,27.683664047959846,408.24925738801758,0.0,0.0,142.80644008813398,166.46193287041289,2342.0648448385688,46.60904966529699,31.967798124346368,632.5199646746132,731.1886086262077,14364.527140589958,0.0,0.0,163.4870469769741,191.62191833528983,2197.082870390987,1849.4178665526738,20.778270042241336,38.664032381402758,22.0,30.0,0.0,19.756997315149623,41.10262722484484,16.0,30.0,958.2980062377687,21.39396040358501,37.85749590507481,21.25,30.0,0.0,20.17656976176766,40.64857635403155,16.0,30.0,0.0,14.210326488175682,57.96456986115571,12.0,30.0,0.0,19.43142623831948,44.575666702570639,19.0,30.0,0.0,17.707699437752898,46.5057443818469,10.0,30.0,700.5993387167174,16.839895026236805,48.994657703478058,16.75,30.0,0.0,16.44210925349777,50.30226540124312,16.0,30.0,0.0,18.943438475911937,0.0,0.0,0.0,14.84293626147928,0.0,0.0,443.8340960368737,441.6032368759387,476.2165679949515,470.2811869093715,435.37487056022106,617.0281526125622,436.99817852663207,435.7560336870415,436.31234566996616,9658.917329306094,81.61826977111542,83.31319291616022,1744.0,0.0,1744.0,1744.0,16.0,16.0,19.0,16.0,16.0,12.0,21.0,10.0,1.0,0.0,1849.4178665526738,0.0,958.2980062377687,0.0,0.0,0.0,700.5993387167174,0.0,2565.1317349079838,1539079.0409447903,1993101.9018700442,81.61826977111542,83.34197833792178,0.3405043911635995,0.7682034356190435,0.36028137401965956,83.34197833792178,0.3542647819438875,1993101.9018700442,0.17873018778613118 
 03/02  16:30:00,8.030000000000002,89.0,8.835,13.0,0.0,0.0,0.0,0.0,2.0,0.0,0.0,0.0,0.0,0.0,4.0,768.0,0.0,18.485782745241364,4.523801935939701,11.592081850892975,0.5543002005586994,14.753447754718954,0.0,4.523801935939699,6.184380217360456,0.0,0.0,19.60530066590701,-1452.8642514836375,18.602089825662369,623.9594410069134,20.413456805384969,-1656.4933220684594,18.9257242332691,616.6483283273044,14.089922494360195,66.32447871852419,18.548112131442339,-95.93607443467616,16.6492158243275,290.63050293235747,15.831580494306547,-77.36869439250063,16.25212667077796,-363.74338634041899,1316.13514997224,864.6325981463407,0.0,0.0,0.0,0.0,0.0,0.0,0.0,0.0,0.0,0.0,0.0,0.0,0.0,0.0,0.0,0.0,0.0,0.0,0.0,0.0,0.0,0.0,1.350804157747423,0.41233338148578227,399.8751077630654,459.0368585586342,9890.861195694099,0.32913096138166289,0.05023366321453951,320.528788186321,369.29131984278777,7274.608156672499,0.795123880192337,0.1502501663250826,343.3359368287849,393.35021470364037,8891.947659309459,0.26023811683357947,0.049175759038847178,337.0772651765366,387.8171297483617,7941.765465247965,0.0,0.0,13.590391630304186,15.956369842969004,167.66820101195885,0.0,0.0,18.051391653706064,20.78904693070474,409.466417440707,0.0,0.0,216.19648646707786,251.06970906114345,4022.9855087178855,0.0,0.0,24.791715328108148,28.85441943647053,418.8102195406972,0.0,0.0,136.4517124822785,159.00023390669214,2308.8731045926786,46.62475886508243,31.9785726097959,647.3623457691325,747.9279372883123,14707.62990429348,0.0,0.0,157.47106327580429,184.58933763147187,2135.6100808371895,1916.6679054628092,20.75242956919354,38.93062295951242,21.999999999999994,29.99999999999999,0.0,19.688359249229529,41.51074675122098,15.999999999999993,29.99999999999999,1026.2454361866963,21.432557164475236,37.9601653185075,21.333333333333326,29.99999999999999,0.0,20.151036290401568,40.89104473093692,15.999999999999993,29.99999999999999,0.0,14.236131791718908,57.96875613906785,11.999999999999995,29.99999999999999,1270.7906048838432,19.67448629550883,44.785875908072927,19.66666666666666,29.99999999999999,0.0,17.524598297858945,47.21763837331727,9.999999999999997,29.99999999999999,464.1217070182241,16.535336577687546,50.06131582928691,15.999999999999993,29.99999999999999,1078.0284950545623,16.66794880337,49.72656879208246,16.66666666666666,29.99999999999999,0.0,18.906277942061647,0.0,0.0,0.0,14.7762634183456,0.0,0.0,453.5941636670044,452.03218309583067,485.68789083457298,478.12824532505979,437.01520920935669,672.6422732357823,442.93911791987866,438.4517390071614,440.1401639390406,10749.160234891506,80.89722327598412,87.88138573560738,1743.9999999999996,0.0,1743.9999999999996,1743.9999999999996,16.0,16.0,19.0,16.0,16.0,12.0,21.0,10.0,1.0,0.0,1916.6679054628092,0.0,1026.2454361866963,0.0,1270.7906048838432,0.0,464.1217070182241,1078.0284950545623,10569.652447494973,6341791.468496986,8307740.580165584,80.89722327598412,87.99999999999997,0.3523217482498324,0.7633950939893093,0.36028137401965945,87.99999999999997,0.35426478194388735,8307740.580165584,0.5074789546130549 
 03/02  16:40:00,7.97,89.33333333333334,8.776666666666668,11.166666666666668,0.0,0.0,0.0,0.0,2.0,0.0,0.0,0.0,0.0,0.0,4.0,768.0,0.0,15.861241702938086,3.8815297632246397,9.946282300312627,0.47560278185658597,12.658809564220889,0.0,3.8815297632246379,5.306345463552196,0.0,0.0,19.686680308324865,-1389.1997883131838,18.634511314586758,650.3638892191693,20.1754044950656,-1348.5661916052932,19.030648431713176,681.7615961763775,14.111461748071456,64.24579682334972,18.55875880837467,-90.56437642556719,16.724563486825077,320.52368003090506,15.771860467379895,-75.80457172116422,16.424078654591669,-465.15147002342885,1347.5225757838105,863.9710333059869,0.0,0.0,0.0,0.0,0.0,0.0,0.0,0.0,0.0,0.0,0.0,0.0,0.0,0.0,0.0,0.0,0.0,0.0,0.0,0.0,0.0,0.0,1.4499542806343349,0.4425989867626176,402.4978078846899,461.7963341631107,10045.259808840876,0.34953101812844308,0.05334722498907864,327.3890270812042,377.054045565524,7475.576785820723,0.6948503958026657,0.13130204002317959,331.7464769459114,380.27994092068749,8470.666093448097,0.23823114335848229,0.04501722285685607,322.0466193517618,370.2228324125626,7709.856438440163,0.0,0.0,13.686380291760642,16.06305546579528,170.9553020723092,0.0,0.0,17.935516397550424,20.648620228018627,408.42818939074257,0.0,0.0,200.2504268315338,232.39996774096319,3780.8778494950408,0.0,0.0,23.06827467618529,26.860148775771937,381.01772122885748,0.0,0.0,123.63973650676805,143.88233144718218,2175.5604994336047,46.797700100732907,32.09718799775922,638.0926871315076,736.673378222189,14743.579697067078,0.0,0.0,143.05226420843349,167.7226187456603,1912.913694756408,1849.2523276788564,20.810708246432865,39.1536405038221,22.000000000000008,30.00000000000001,0.0,19.701882937139737,41.89934694965845,16.000000000000008,30.00000000000001,87.94794933597923,21.126298102990388,39.05109454922851,21.000000000000008,30.00000000000001,0.0,20.293594395436945,40.896674599046658,19.000000000000008,30.00000000000001,0.0,14.255717679066127,58.148222921925,12.000000000000006,30.00000000000001,0.0,19.66248691950146,45.52911820847514,19.000000000000008,30.00000000000001,0.0,17.614133203907348,47.37069654350735,10.000000000000004,30.00000000000001,0.0,16.411858566217476,50.7210587957338,16.000000000000008,30.00000000000001,563.6377072770249,16.89977900708274,49.39675242514505,16.66666666666667,30.00000000000001,0.0,19.023146443595395,0.0,0.0,0.0,14.614130916491007,0.0,0.0,470.25881494927116,470.301986353545,503.7747035005849,494.251657887315,443.90486360449315,707.3826264635587,458.6371709718563,447.7933210551997,455.57467070004489,10395.639246447867,81.1310505710547,83.47837567867279,1744.000000000001,0.0,1744.000000000001,1744.000000000001,16.0,19.0,19.0,16.0,16.0,12.0,21.0,10.0,1.0,0.0,1849.2523276788564,0.0,87.94794933597923,0.0,0.0,0.0,0.0,563.6377072770249,3552.35499356455,2131412.996138728,2758593.200866295,81.1310505710547,83.51824105158473,0.34507849978548507,0.7700033175370445,0.3602813740196597,83.51824105158473,0.3542647819438876,2758593.200866295,0.21931084644504734 
 03/02  16:50:00,7.91,89.66666666666666,8.718333333333334,9.333333333333334,0.0,0.0,0.0,0.0,2.0,0.0,0.0,0.0,0.0,0.0,4.0,1024.0,0.0,13.242023241008038,3.240560121201864,8.303820411364037,0.39706495792478788,10.56841926608464,0.0,3.240560121201862,4.430091367951335,0.0,0.0,19.747699182336477,-1415.1299822567867,18.68054256249708,646.0714043578191,20.634087482711608,-2031.1621487164139,19.1766359793844,835.9059331301164,14.132919414283736,65.60889461898712,18.337986568252555,-77.1313817289585,16.774492469948109,216.7410859721333,15.886847633522845,-85.21289101959961,16.002478608168205,-323.40430112627089,1354.6949608666883,982.1709946674228,0.0,0.0,0.0,0.0,0.0,0.0,0.0,0.0,0.0,0.0,0.0,0.0,0.0,0.0,0.0,0.0,0.0,0.0,0.0,0.0,0.0,0.0,1.5014590276491303,0.4583208265107235,405.88618418511887,465.7270174057619,10194.60495659556,0.3585583967764636,0.0547250300330378,329.6724238169586,379.6939490028935,7586.146245749411,0.6035839248935329,0.11405591929205086,380.43573284787558,435.15541365484207,10194.681462650819,0.2600265924306154,0.04913578844115935,369.149340696192,424.0427861143119,9034.40986671731,0.0,0.0,13.609239745024246,15.97418652070386,172.08540716579086,0.0,0.0,18.189277748686626,20.976355960241155,400.0520474363259,0.0,0.0,230.8743551522025,267.79070231225929,4402.346842488519,0.0,0.0,24.18412891464519,28.180953637473715,412.34140321420957,0.0,0.0,151.98550166052525,177.12933041761307,2481.947254223988,46.92169928757215,32.18223545100972,687.4278342329152,793.5825721162887,15950.01755764392,0.0,0.0,173.14343754428908,202.75965314707703,2382.3795223975218,1881.33130940082,20.83602493415519,39.3104385323054,22.0,30.0,0.0,19.73867469458993,42.027656083872319,16.0,30.0,1549.4072285624855,21.757323397023368,37.67677826949316,21.5,30.0,0.0,20.50389868035638,40.55341660466259,19.0,30.0,0.0,14.276114325794796,58.36576036263502,12.0,30.0,510.62739286404107,19.185702378866904,47.32921737045969,19.25,30.0,0.0,17.641208725365759,47.491172742359967,10.0,30.0,686.6334582899666,16.654832402243888,50.25984412532075,16.75,30.0,17.053939071886807,16.222854898527776,51.81645195132104,16.0,30.0,0.0,19.064032654993736,0.0,0.0,0.0,14.820136009858637,0.0,0.0,481.1363454358686,480.55756334616498,511.28854359535526,504.5939154526389,452.57581037945968,730.6473919900052,466.74309521499927,458.92078839946768,463.9738547900059,9177.277555346893,81.93672878306654,83.64320008153439,1744.0,0.0,1744.0,1744.0,16.0,19.0,19.0,16.0,16.0,12.0,21.0,10.0,1.0,0.0,1881.33130940082,0.0,1549.4072285624855,0.0,510.62739286404107,0.0,686.6334582899666,17.053939071886807,2582.591621135281,1549554.9726811688,2006305.7559434437,81.93672878306654,83.67218162927832,0.3410863873711761,0.7689803663656654,0.36028137401965956,83.67218162927832,0.3542647819438875,2006305.7559434437,0.17970745486461463 
 03/02  17:00:00,7.85,90.0,8.66,7.5,0.0,0.0,0.0,0.0,2.0,0.0,0.0,0.0,0.0,0.0,4.0,1024.0,0.0,10.62814369218107,2.600897006782727,6.664706425907714,0.3186872184916109,8.482289895280744,0.0,2.6008970067827259,3.555623394638717,0.0,0.0,19.753084898834034,-1450.7301199754484,18.709452522448616,599.2380972339174,20.581355862082604,-1737.4484590287107,19.158301419245399,554.6414197248641,14.154720889246218,63.83090069096805,18.905043875692049,-101.13718774915395,16.8314914891062,346.36267609913969,15.769869650433,-99.2789361805817,16.381598584787807,-330.12587957745776,1299.1207032331896,810.1539956381314,0.0,0.0,0.0,0.0,0.0,0.0,0.0,0.0,0.0,0.0,0.0,0.0,0.0,0.0,0.0,0.0,0.0,0.0,0.0,0.0,0.0,0.0,1.4036765153476354,0.42847268478255048,392.2988815463138,450.1147911368364,9843.164034723544,0.3358016343303988,0.05125177569145281,314.0012868618604,361.53239147315687,7263.238177354752,0.8326086371396049,0.15733345373008415,330.44968463677449,377.8594415634849,8781.479249415153,0.2648427773168491,0.05004587628814229,323.4416809051141,371.40061187741767,7850.00241109229,0.0,0.0,13.69884734873209,16.07349783810222,175.34070907689404,0.0,0.0,17.60304202937148,20.230009795459634,419.973401543091,0.0,0.0,190.27435942551166,220.5151727074406,3687.8023815416038,0.0,0.0,29.392750206110649,34.23744081974829,494.0670324327374,0.0,0.0,107.17432315026011,124.59340302485686,1877.448379707199,46.8505150382572,32.13341223474432,626.9696693060694,723.6542302648186,14546.665944665787,0.0,0.0,131.9163084076733,154.47581706502926,1789.3045146886637,1831.229597061695,20.76450906782855,39.80118517117211,22.0,30.0,0.0,19.74388917716561,42.3333974819565,16.0,30.0,1446.6557084420247,21.508336621262666,38.64379482767331,21.5,30.0,0.0,20.334947872615567,41.441712258864558,19.0,30.0,0.0,14.296527206954189,58.66951248367647,12.0,30.0,991.7585033829444,20.12871194278036,44.978854680576599,19.75,30.0,0.0,17.736309774083155,47.61432413220216,10.0,30.0,0.0,16.38286650806516,51.52870282704484,16.0,30.0,880.7580621089851,16.79970031232695,50.32394011852431,16.5,30.0,0.0,18.931731435387229,0.0,0.0,0.0,14.63642028139358,0.0,0.0,497.11872931402658,495.31036742166648,531.6675513048831,528.5697535385365,464.17112412741616,751.3799714187996,482.4152086760754,473.14888280756466,477.7461966515656,10787.987172993324,80.87152528205002,86.20188639325642,1744.0,0.0,1744.0,1744.0,16.0,19.0,19.0,16.0,16.0,12.0,21.0,10.0,1.0,0.0,1831.229597061695,0.0,1446.6557084420247,0.0,991.7585033829444,0.0,0.0,880.7580621089851,8066.6680487369089,4840000.829242144,6346325.181857789,80.87152528205002,86.2924136205092,0.3538889349578969,0.7632698139910968,0.36028137401965956,86.2924136205092,0.3542647819438875,6346325.181857789,0.40490402056771626 
 03/02  17:10:00,7.815,90.33333333333333,8.671666666666667,5.666666666666666,0.0,0.0,4.0,0.0,0.0,0.0,0.0,0.0,0.0,0.0,0.0,1280.0,0.0,8.019566018706952,1.962531356166767,5.0289171184648169,0.24046845299961398,6.400391892391546,0.0,1.962531356166766,2.682929152711941,0.0,0.0,19.960116636214566,-1192.6087709363379,18.773131108634229,716.0820497847134,20.55480137781315,-1261.9952413122879,19.163444171622264,-43.56775799843874,14.18035516906761,69.47867979234116,18.38766053785306,-281.42796104607307,16.921054868774819,290.95863401300996,15.942007234161022,-78.62850185221726,15.965974524485109,-278.94496331686789,1099.1073071442598,1097.1469154960217,0.0,0.0,0.0,0.0,0.0,0.0,0.0,0.0,0.0,0.0,0.0,0.0,0.0,0.0,0.0,0.0,0.0,0.0,0.0,0.0,0.0,0.0,1.336292209318567,0.4079036047980974,434.9853658440077,498.54526992112167,11189.12243701036,0.3515943780861467,0.05366214561754376,353.1761256959021,406.50848166770938,8248.552835539214,0.8863334938852748,0.16748554306222133,210.09675088768007,240.31258767535238,5594.51572319413,0.29373263056934476,0.055505032231546607,27.47858531027189,31.572668217896799,666.0205767350269,0.0,0.0,13.597746830008412,15.954114497412107,175.69409080207869,0.0,0.0,87.71016940799403,101.14109953778596,1967.9835995493496,0.0,0.0,327.51369404328178,379.5058186819225,6433.823197677298,0.0,0.0,25.311458000131979,29.4790650038818,437.9950263331783,0.0,0.0,178.3620011917684,207.87032146865546,2917.730052986563,47.21185054450999,32.38124180007546,371.0954616629001,429.3605721949894,8561.759758654127,0.0,0.0,201.1761154286203,235.27566142416965,2918.1262183539317,1866.1383086268155,21.087619717003084,39.176845116065738,22.0,30.0,0.0,19.83045661491635,42.328139556252299,16.0,30.0,1767.936797074432,21.474262853465935,38.22764873148864,21.4,30.0,0.0,20.186006203019926,44.36683177989069,19.0,30.0,0.0,14.325488120470077,59.106399678683768,12.000000000000002,30.0,0.0,19.297649634825154,44.6034579199245,16.0,30.0,0.0,17.845354614444564,48.11646252304129,10.0,30.0,616.5982720229306,16.66743851315577,51.064492378378179,16.6,30.0,50.655686304475498,16.131094195871918,53.20002203690887,16.0,30.0,0.0,18.306059902562777,0.0,0.0,0.0,15.11665833046207,0.0,0.0,504.9806435231867,505.90687355985116,502.1928480969991,677.6160838793497,484.33662050602336,573.4246677105878,528.4124566214624,492.407250952916,508.5254832495576,10084.65135086298,81.33670602031667,84.12325892092875,162.0,0.0,162.0,162.0,16.0,19.0,16.0,16.0,16.0,12.0,21.0,10.0,1.0,0.0,1866.1383086268155,0.0,1767.936797074432,0.0,0.0,0.0,616.5982720229306,50.655686304475498,4217.111351398747,2530266.8108392476,3301735.067217499,81.33670602031667,84.17058383990191,0.34457037837995826,0.7680342578967999,0.36028137401965956,84.17058383990191,0.35426478194388757,3301735.067217499,0.17860222349530997 
 03/02  17:20:00,7.779999999999999,90.66666666666667,8.683333333333334,3.833333333333333,0.0,0.0,4.0,0.0,0.0,0.0,0.0,0.0,0.0,0.0,0.0,1024.0,0.0,5.416248275881652,1.32545290473409,3.396426186524248,0.16240740375892905,4.3226917818139729,0.0,1.3254529047340893,1.8119946096574023,0.0,0.0,20.084749645318646,-1338.9504441512264,18.87170487288921,712.5415438016394,20.592078687306125,-1383.9659208282124,18.97988559035457,0.2526129400083903,14.204474560501002,64.65658435672224,17.820068684198547,-81.14905365074384,16.986741173752394,396.19605751493898,15.748647647970767,-75.7406018078386,16.83925092961393,-384.7115094961434,1148.0733274854466,836.1880417936604,0.0,0.0,0.0,0.0,0.0,0.0,0.0,0.0,0.0,0.0,0.0,0.0,0.0,0.0,0.0,0.0,0.0,0.0,0.0,0.0,0.0,0.0,1.3059325563952205,0.3986363114759525,443.0916856719092,507.38963105445478,11541.885722882314,0.34861997770447208,0.05320817730532236,357.14416758270826,410.7213215990212,8455.97249828379,0.9453911963570473,0.1786453507855343,210.7188677758547,240.76261325185545,5669.999431014927,0.32654029528544506,0.0617045153600614,29.458182461160506,33.86080038893364,696.442034559014,0.0,0.0,12.901345818784132,15.126717363141076,168.16242154499589,0.0,0.0,61.327220904447468,70.93253238799098,1277.654399927824,0.0,0.0,251.84054284653383,291.84542398302838,4986.313852784044,0.0,0.0,31.299220083472556,36.43435947159473,522.209114631677,0.0,0.0,119.24229136742984,138.58691294444879,2205.6929964654975,47.60729444446004,32.65246532541842,378.4209480764635,437.5569456130471,8796.204943681709,0.0,0.0,144.3116256355122,169.00150695297988,2047.2776500891585,1822.1393292736594,21.22243952279807,38.89251276318847,22.0,30.0,0.0,19.9695034074713,41.9933557818817,16.0,30.0,1896.5250336196698,21.544559721956959,38.140192213835579,21.5,30.0,0.0,19.82449736758607,47.36156218204506,19.0,30.0,0.0,14.349352879424766,59.510530225520749,12.0,30.0,0.0,18.405694221188598,46.40346611876181,16.0,30.0,0.0,17.924476438115076,47.72975479456224,10.0,30.0,0.0,16.289788861160063,52.76680627092975,16.0,30.0,1701.7945034275527,17.320395424428527,49.61509519990016,16.75,30.0,0.0,18.36489220684664,0.0,0.0,0.0,14.809329355385064,0.0,0.0,506.58396691694068,506.64836923182318,505.87823974290935,802.5125769805236,503.40582398347126,525.3097994148877,515.8013063436422,513.2504527320556,521.3584342213916,11239.89399677868,80.57256893488943,86.20687128769913,162.0,0.0,162.0,162.0,16.0,19.0,16.0,16.0,16.0,12.0,21.0,10.0,1.0,0.0,1822.1393292736594,0.0,1896.5250336196698,0.0,0.0,0.0,0.0,1701.7945034275527,8526.113614667762,5115668.168800658,6664947.390138591,80.57256893488943,86.30256044624997,0.3692037871555921,0.7672734349928532,0.36028137401965956,86.30256044624997,0.3542647819438875,6664947.390138591,0.35349826428720668 
 03/02  17:30:00,7.744999999999999,91.0,8.695,2.0,0.0,0.0,4.0,0.0,0.0,0.0,0.0,0.0,0.0,0.0,0.0,1024.0,0.0,2.818740446430737,0.689796243102413,1.767578510973199,0.08452056171203316,2.249628498661303,0.0,0.6897962431024127,0.9430037610534744,0.0,0.0,20.153851374234649,-1334.1510685776294,18.916727424539738,641.3717625090035,20.681040963558997,-1079.243783206091,18.895544719344966,18.073672867725464,14.225395425110892,64.82106387971015,17.50918424793278,9.823902119325198,17.084187041568378,269.98234617424125,16.067878933015274,-113.07511908509935,16.50220062506658,-475.11699295209669,1159.0728307009109,1111.9828136510119,0.0,0.0,0.0,0.0,0.0,0.0,0.0,0.0,0.0,0.0,0.0,0.0,0.0,0.0,0.0,0.0,0.0,0.0,0.0,0.0,0.0,0.0,1.3310087928320247,0.40629084030281589,434.26634469453867,497.063765200281,11362.34712625516,0.3353362275324168,0.051180742907878027,329.35393793518366,378.55608195320448,7841.651353435789,0.9552786966044378,0.18051373707566857,186.76414906095165,213.20983169461455,5027.325997024382,0.3587591708071842,0.06779273824776723,34.60308648428974,39.78707677062626,808.3785045911777,0.0,0.0,12.830116648633022,15.037821066146967,168.56735897054814,0.0,0.0,38.60366972229198,44.7089360307553,772.6458570999989,0.0,0.0,259.49705128218337,300.3809994832942,5214.436394640818,0.0,0.0,32.38038225119017,37.683061741458988,566.1672128323046,0.0,0.0,148.32219913400949,172.35084453772905,2655.0319923655567,47.968004532809739,32.89986593471177,356.1787413247058,411.63884601999606,8384.889382441736,0.0,0.0,175.718974323425,205.5379149514834,2519.8823175519439,1846.7227369555704,21.281604370325846,39.00381568484645,22.0,30.0,0.0,20.003994986841215,42.146363128523649,16.0,30.0,1648.727004860335,21.67578704373079,38.07443683403969,21.5,30.0,0.0,19.650154383600126,48.1719829771998,19.0,30.0,0.0,14.368776258126884,59.67154140400785,12.0,30.0,0.0,17.951740201658187,47.69606615190961,16.0,30.0,0.0,18.02029901361727,47.561971328617968,10.0,30.0,738.9860399443579,16.733295341115789,51.48133953146278,16.75,30.0,0.0,16.853166773994749,51.12095717902793,16.0,30.0,0.0,18.388383474733904,0.0,0.0,0.0,14.951422265710909,0.0,0.0,520.6771245146294,518.8925732546879,520.2876603302384,828.4640910061304,509.9328168022789,518.0665760054067,517.6784814788409,515.8759486785815,516.2170755906541,8402.943746987065,82.44876907501635,82.44876907501635,162.0,0.0,162.0,162.0,16.0,19.0,16.0,16.0,16.0,12.0,21.0,10.0,1.0,0.0,1846.7227369555704,0.0,1648.727004860335,0.0,0.0,0.0,738.9860399443579,0.0,0.0,0.0,0.0,82.44876907501635,82.44876907501635,0.34,0.7695648081879315,0.36028137401965956,82.44876907501635,0.3542647819438875,0.0,0.00693 
 03/02  17:40:00,7.709999999999999,91.33333333333333,8.706666666666667,0.0,0.0,0.0,4.0,0.0,0.0,0.0,0.0,0.0,0.0,0.0,0.0,1792.0,0.0,0.0,0.0,0.0,0.0,0.0,0.0,0.0,0.0,0.0,0.0,20.349378284476786,-1254.8160466390326,19.75922274014428,22.152464422230247,20.534734301238684,-902.1539332056449,18.84967627593055,15.570959561453762,14.246595410313426,64.81189548046675,17.286367662598729,4.5752512011785388,17.018488963620024,217.2879161586756,15.91276998773627,-68.90500447319042,16.032743600496283,-275.735239791184,1109.7563172713306,1100.0759930582263,0.0,0.0,0.0,0.0,0.0,0.0,0.0,0.0,0.0,0.0,0.0,0.0,0.0,0.0,0.0,0.0,0.0,0.0,0.0,0.0,0.0,0.0,1.272340279714641,0.38838225876515328,325.93783514670198,373.1674973700875,8679.037550050864,0.28025719884314889,0.04277429774773338,209.5618781135106,240.4851906138327,5364.12690993793,1.1086492097359456,0.20949531552077609,154.84048774777626,177.07105513031477,4179.865596458566,0.40073288995176628,0.07572428003623705,42.073186770168359,48.40371489678371,976.4453853332182,0.0,0.0,12.893826798174434,15.115635335717702,170.7347749640515,0.0,0.0,37.472277384327878,43.432883227019548,728.1062439800306,0.0,0.0,285.99218477628036,331.2287084506046,5674.482967868436,0.0,0.0,25.99969805686375,30.25429304409761,449.9264133356659,0.0,0.0,178.38814828389276,207.80089965176973,2970.8643774986269,48.420010542034258,33.20988377368609,257.9755336328794,298.61695373087499,6303.907147539729,0.0,0.0,202.54010946100449,236.78754697699464,2975.4311928909717,1756.5006084642656,21.485092205620299,38.74713639545826,22.000000000000015,30.00000000000002,2076.8330158625406,21.13543505113856,39.47755089788269,22.000000000000015,30.00000000000002,1384.7351884482669,21.504887192881158,38.73214759141023,21.428571428571446,30.00000000000002,0.0,19.54801625203423,48.09430806482206,19.000000000000015,30.00000000000002,0.0,14.388449788059792,59.761786395031197,12.00000000000001,30.00000000000002,0.0,17.634304882065803,48.72383633545295,16.00000000000001,30.00000000000002,0.0,17.852128259908196,48.19645022094162,10.000000000000007,30.00000000000002,0.0,16.512610347815604,52.267508328564549,16.00000000000001,30.00000000000002,11.452839971687176,16.175593578576355,53.479011367839508,16.00000000000001,30.00000000000002,0.0,18.1697244652455,0.0,0.0,0.0,15.123594957150822,0.0,0.0,534.607290286583,528.1718402649282,535.8722165715532,810.3494120975297,513.8953354084507,518.6925657381067,522.2828854409258,517.0987225637939,518.6192145139471,10344.260543926115,81.16499883632767,85.22092142393358,162.0000000000001,0.0,162.0000000000001,162.0000000000001,21.0,19.0,16.0,16.0,16.0,12.0,21.0,10.0,1.0,0.0,1756.5006084642656,2076.8330158625406,1384.7351884482669,0.0,0.0,0.0,0.0,11.452839971687176,6138.021269688,3682812.7618127965,4794971.555903154,81.16499883632767,85.28980445421007,0.35031499470388585,0.7657709621978971,0.3602813740196598,85.28980445421007,0.35426478194388785,4794971.555903154,0.256277520906964 
 03/02  17:50:00,7.674999999999999,91.66666666666667,8.718333333333334,0.0,0.0,0.0,4.0,0.0,0.0,0.0,0.0,0.0,0.0,0.0,0.0,1024.0,0.0,0.0,0.0,0.0,0.0,0.0,0.0,0.0,0.0,0.0,0.0,20.242744973553767,-1168.8623555867339,20.127092331080957,-625.5374546192106,20.374597926018873,-64.28949608932794,18.834840943600484,48.40951577216737,14.267669046585539,62.692776322106158,17.102474842586074,45.91198103409454,17.094061759203698,371.7719919822566,15.923267397877922,-94.78681592991814,16.53905321804594,-429.46328465615366,1037.5076993090584,983.1305195180441,0.0,0.0,0.0,0.0,0.0,0.0,0.0,0.0,0.0,0.0,0.0,0.0,0.0,0.0,0.0,0.0,0.0,0.0,0.0,0.0,0.0,0.0,1.2551175240936084,0.3831250073545814,264.7406471114251,302.62427198300107,7084.909043779614,0.22655488308089473,0.03457797360819517,135.2264994641761,154.59086086177983,3652.09031274289,1.2521616087008414,0.2366140606010661,105.08893505290888,120.06059877121209,2781.868283757813,0.4369770393044732,0.08257313667884979,46.10725983229653,53.03321723628099,1069.4569408061744,0.0,0.0,12.960979268633047,15.18115549314962,172.98414388735496,0.0,0.0,48.93388788191835,56.70249921765383,930.179012797608,0.0,0.0,271.3085217709723,313.8741573909693,5470.180224417228,0.0,0.0,33.777834019140858,39.2777755598384,582.7992283793786,0.0,0.0,143.0636187722121,166.12566965479514,2612.6051414309338,48.84353884654251,33.50036957924727,185.01858042564877,214.0366427990464,4709.793280128994,0.0,0.0,171.3719600910712,200.33786106472463,2491.6205734469988,1343.920833771778,21.485920928150656,38.96707608136217,21.75,30.0,962.4912382049026,21.57630884595096,38.69591265488608,21.5,30.0,0.0,21.320251885732234,39.32184823255183,21.0,30.0,0.0,19.504898600388715,47.64836544066151,19.0,30.0,0.0,14.407951454650231,59.86220406447414,12.0,30.0,0.0,17.379425156872587,49.654295654677849,16.0,30.0,0.0,17.987504138615248,47.96513248086938,10.0,30.0,587.9487882102826,16.435486910280959,52.68227564664092,16.5,30.0,1283.7926447420273,16.981222813963066,50.927610472372609,17.0,30.0,0.0,17.945642461073427,0.0,0.0,0.0,14.996173489192359,0.0,0.0,547.5870908994999,544.3191302088724,545.7398825009253,777.4708122524811,518.496561816042,523.2101212801599,530.0080159511565,521.2403157844887,523.0724359949879,9749.673553635155,81.55807648949879,85.2022875612985,162.0,0.0,162.0,162.0,21.0,19.0,16.0,16.0,16.0,12.0,21.0,10.0,1.0,0.0,1343.920833771778,962.4912382049026,0.0,0.0,0.0,0.0,587.9487882102826,1283.7926447420273,5514.802000346586,3308881.200207952,4317360.2460725749,81.55807648949879,85.26417836324817,0.35382673334488626,0.7666959153933439,0.36028137401965956,85.26417836324817,0.3542647819438875,4317360.2460725749,0.23145073279577389 
 03/02  18:00:00,7.64,92.0,8.73,0.0,0.0,0.0,4.0,0.0,0.0,0.0,0.0,0.0,0.0,0.0,0.0,1280.0,0.0,0.0,0.0,0.0,0.0,0.0,0.0,0.0,0.0,0.0,0.0,20.335566700331474,-1217.9315790215392,19.98693564067444,-358.22090936452,20.45155224154865,-630.4239245055222,18.834603536167504,43.96670580527207,14.286433514293762,61.91729154237239,16.99614060650697,75.97180612897691,17.132004502029987,233.80463092313114,15.96688149144514,-83.19024220200044,16.298366989348837,-328.8648482674394,1128.8609564828112,1058.5797067471554,0.0,0.0,0.0,0.0,0.0,0.0,0.0,0.0,0.0,0.0,0.0,0.0,0.0,0.0,0.0,0.0,0.0,0.0,0.0,0.0,0.0,0.0,1.2986516823680768,0.3964138224566779,318.2317080107891,363.97316610549219,8422.613966367422,0.25054232190980338,0.03823906012054386,177.81821207157948,203.34102131781078,4692.941970495405,1.154138037140145,0.21809108789496327,146.41935613902917,167.29624322188824,3978.589686649379,0.42164970542957949,0.07967681508495454,44.5112637569171,51.18459534893576,1033.844182719055,0.0,0.0,12.838443398920014,15.036448117142598,172.58746466544668,0.0,0.0,59.04854908460237,68.48413581746732,1113.0305854934634,0.0,0.0,292.8510241647034,338.74060683894916,5926.4324517121999,0.0,0.0,29.7917558765713,34.64666629064641,518.6338713146855,0.0,0.0,158.06600835682156,183.7610318682738,2752.6375556248137,49.12211843215809,33.69143925388073,251.9600183836536,290.95743435620667,6319.014337637724,0.0,0.0,185.6706908131756,216.90134412634166,2744.9742924667159,1849.5065190768788,21.376863567444795,39.358373067148907,22.0,30.0,1681.4458856356178,21.262430527547079,39.56030224656362,21.800000000000006,30.0,1688.6193447682609,21.57270054500934,38.87851185256141,21.6,30.0,0.0,19.48736155595318,47.83417302313863,19.0,30.0,0.0,14.42387250564296,59.96891553764991,12.000000000000002,30.0,0.0,17.254734459391647,50.22695584277608,16.0,30.0,0.0,17.99356936017216,48.07927878703049,10.0,30.0,0.0,16.487207079780086,52.6462429947031,16.0,30.0,0.0,16.514202305481967,52.642333110880759,16.0,30.0,0.0,18.299977919686236,0.0,0.0,0.0,15.102316892144613,0.0,0.0,554.1640830161559,550.6482474227537,553.0027741821461,786.2245207906312,523.5681157699013,530.1738466037585,535.645597933387,526.7728103153412,529.851374027015,9626.086098807344,81.63992520967035,84.41574900647677,162.0,0.0,162.0,162.0,21.0,19.0,16.0,16.0,16.0,12.0,21.0,10.0,1.0,0.0,1849.5065190768788,1681.4458856356178,1688.6193447682609,0.0,0.0,0.0,0.0,0.0,4200.889822418642,2520533.893451185,3282836.481127139,81.63992520967035,84.46289170964914,0.3440296607472881,0.7697369415386913,0.36028137401965956,84.46289170964914,0.35426478194388757,3282836.481127139,0.17766449701861126 
 03/02  18:10:00,7.593333333333333,92.16666666666667,8.813333333333335,0.0,0.0,0.0,0.0,0.0,0.0,0.0,0.0,4.0,0.0,0.0,0.0,2048.0,0.0,0.0,0.0,0.0,0.0,0.0,0.0,0.0,0.0,0.0,0.0,20.55177776962342,-1191.520285538968,20.263382722936144,-153.69884974344599,20.573687629068837,-2003.6133304904764,19.0882416463782,1035.2942450073477,14.306212254637149,62.05889991605774,16.90501445244744,64.60877502277353,17.054082516939649,223.2535805160744,15.910980633535246,-64.14291353903885,16.34391359953105,-271.31953636781238,1221.3326278370408,1082.2587924793646,0.0,0.0,0.0,0.0,0.0,0.0,0.0,0.0,0.0,0.0,0.0,0.0,0.0,0.0,0.0,0.0,0.0,0.0,0.0,0.0,0.0,0.0,1.3167181398665078,0.4019286141228657,201.10541985774683,229.88107198978993,5477.899504884004,0.21223336829446916,0.03239215022809358,20.626276883193726,23.559189477566699,566.581872205551,1.3987139603740385,0.2643072487479287,421.07622941528447,481.2297250438995,11369.855516007594,0.40516904918448445,0.0765625565352389,424.82408564297926,487.9415351096493,10284.394276520687,0.0,0.0,13.004011220532329,15.23103849932612,176.4273917142396,0.0,0.0,58.21072000986105,67.54972813151785,1090.0655134995785,0.0,0.0,315.91306452354908,365.73945869305387,6314.25857116889,0.0,0.0,28.913761914672486,33.65437144273604,498.6366877945045,0.0,0.0,181.55751805021127,211.34535358323672,3083.601471408348,49.650429499451629,34.053792523629379,423.9119185377861,489.52715171234436,10035.977284670007,0.0,0.0,208.37516598870935,243.4433749547166,3132.699992063033,1824.4842534270984,21.72997517378205,39.02306426143556,22.0,30.0,333.04025286988709,21.695384266121694,40.926123830213459,21.25,30.0,2497.212112222316,21.548756398917427,39.54472431388,21.625,30.0,0.0,20.07433560206857,43.28552893178461,16.0,30.0,0.0,14.442529201159204,60.13221114266235,12.0,30.0,0.0,17.143702193547435,50.86476750945292,16.0,30.0,0.0,17.81348099357671,49.03438550193421,10.0,30.0,538.4156340618835,16.428989065175327,53.0920674604563,16.5,30.0,787.1167278788171,16.240007733442789,53.90235673244586,16.25,30.0,0.0,18.476103075773087,0.0,0.0,0.0,15.187453142015093,0.0,0.0,589.4166095614,684.4822369606561,594.7625832652466,595.3235678011699,531.7571502298384,543.0200667966217,555.9668682639604,536.6996631203807,543.8936513307315,10394.317011504205,81.13188606457185,84.73869429394742,240.0,0.0,240.0,240.0,21.0,16.0,16.0,16.0,16.0,12.0,21.0,10.0,1.0,0.0,1824.4842534270984,333.04025286988709,2497.212112222316,0.0,0.0,0.0,538.4156340618835,787.1167278788171,5458.263936410274,3274958.361846165,4261593.883821147,81.13188606457185,84.79994987146381,0.3519421312136758,0.7680519183745145,0.36028137401965956,84.79994987146381,0.3542647819438875,4261593.883821147,0.23192288195869965 
 03/02  18:20:00,7.546666666666667,92.33333333333334,8.896666666666669,0.0,0.0,0.0,0.0,0.0,0.0,0.0,0.0,4.0,0.0,0.0,0.0,1024.0,0.0,0.0,0.0,0.0,0.0,0.0,0.0,0.0,0.0,0.0,0.0,20.33928706732764,-584.3363924060732,20.07889716808282,-121.78320409905297,20.703537636604908,-2155.3659186753404,19.36902472197296,579.9458081898292,14.323845248278964,57.20367051212811,16.822940063031227,87.79844376754864,17.111662478476846,279.8240707671089,15.943726987417712,-85.16680430037667,16.539305844321335,-391.77584212407126,1244.1698185147025,954.3802412843456,0.0,0.0,0.0,0.0,0.0,0.0,0.0,0.0,0.0,0.0,0.0,0.0,0.0,0.0,0.0,0.0,0.0,0.0,0.0,0.0,0.0,0.0,1.3966457152905497,0.4263265309189712,186.42519400557576,213.09798943054859,4982.211909342335,0.22268026543467998,0.033986609498577537,18.20605412450236,20.802827194653724,484.217501899511,1.3393361029366795,0.2530869431097279,399.94350168603889,456.60216422957446,10791.44276209535,0.35172831796412165,0.06646415683373423,339.8834166560942,389.50119465602907,8507.906515232387,0.0,0.0,12.69580510171367,14.856193531283582,173.7488967363422,0.0,0.0,61.29658485711211,71.07620871304968,1141.9419287481824,0.0,0.0,276.52294843881335,319.75408218530529,5598.330131076327,0.0,0.0,29.73794309615603,34.55097208827292,520.4670139413684,0.0,0.0,139.4576580708144,161.8749505768434,2547.147725660697,49.873990354402568,34.20712644334882,377.0474632903407,434.66755581487169,9244.04834784661,0.0,0.0,166.65791214614,194.7054016693371,2445.5613575683457,1003.302900060007,21.32029107025872,40.08201597147489,21.5,30.0,629.2572213644681,21.17986061934155,45.48589379801071,21.25,30.0,2565.307511258803,21.497996338321948,39.45878326861401,21.5,30.0,0.0,20.449036046329863,42.19965206528026,16.0,30.0,0.0,14.457245953265132,60.39955399050213,12.0,30.0,0.0,17.046919776292137,51.50040949181774,16.0,30.0,0.0,17.903289591032313,48.9904036045137,10.0,30.0,0.0,16.465988865624845,53.260688942852777,16.0,30.0,356.01207833843366,16.84908945413413,52.10738665437571,16.5,30.0,0.0,18.604979320192166,0.0,0.0,0.0,14.94129834504241,0.0,0.0,590.3263586333994,867.8554732023793,578.3779459629669,587.5581974026394,543.9063132176045,557.8933722018974,566.8359856770303,550.2337740653497,555.8544580552118,10035.026883091741,81.36926284834702,85.28570816944031,240.0,0.0,240.0,240.0,21.0,16.0,16.0,16.0,16.0,12.0,21.0,10.0,1.0,0.0,1003.302900060007,629.2572213644681,2565.307511258803,0.0,0.0,0.0,0.0,356.01207833843366,5926.3079331909589,3555784.759914575,4626188.30596881,81.36926284834702,85.35222241269867,0.36754359777303199,0.7678414435036216,0.36028137401965956,85.35222241269867,0.3542647819438875,4626188.30596881,0.25082845857704486 
 03/02  18:30:00,7.5,92.5,8.98,0.0,0.0,0.0,0.0,0.0,0.0,0.0,0.0,4.0,0.0,0.0,0.0,768.0,0.0,0.0,0.0,0.0,0.0,0.0,0.0,0.0,0.0,0.0,0.0,20.4239249291507,-691.636287891245,20.456524431048935,-192.2800244298855,20.78111579133156,-1898.9079633856655,19.430225568001135,572.5030088901438,14.339465307103899,58.09437949125903,16.774831142553496,109.39711862857237,17.126990574101926,189.33909589699449,15.901430250292679,-85.61127354846653,16.148292334505329,-263.93290476629888,1334.25941817753,1091.5293580720775,0.0,0.0,0.0,0.0,0.0,0.0,0.0,0.0,0.0,0.0,0.0,0.0,0.0,0.0,0.0,0.0,0.0,0.0,0.0,0.0,0.0,0.0,1.4507895409547798,0.4428539502303966,276.51879428096916,315.67559066690799,7329.266097676515,0.16132781668209618,0.024622682643787566,25.61929914687601,29.139232400956858,713.0823715424006,1.474920947040861,0.2787076619502761,456.6943737546696,520.6720916593697,12450.220833844956,0.37220012614479827,0.07033260131232011,338.20158644649816,387.13811865749508,8532.437489991904,0.0,0.0,12.724160352225127,14.879152155045551,175.5933820905256,0.0,0.0,65.8042125762919,76.26495817014217,1226.3423424730793,0.0,0.0,311.87637464368489,360.29900170856197,6332.593092428051,0.0,0.0,34.57314945545535,40.167641622065918,597.633745490922,0.0,0.0,165.6341846946372,192.43366864933786,2836.340861419276,50.38491098749843,34.557552117625807,434.0654643356236,499.29743619091507,10794.340264928987,0.0,0.0,197.7048775619893,230.5250730850234,2999.5344079837097,879.3904320961699,21.40087271427889,39.979150206891507,20.999999999999994,29.99999999999999,807.4730558161081,21.904440125724518,44.9987578053916,21.666666666666658,29.99999999999999,2351.3011633297739,21.589243842023003,39.17618083469771,21.999999999999994,29.99999999999999,0.0,20.507720701385627,42.05305118970564,15.999999999999993,29.99999999999999,0.0,14.470213669880817,60.62890900837337,11.999999999999995,29.99999999999999,0.0,17.003429215249118,51.848471627043739,15.999999999999993,29.99999999999999,0.0,17.89292639384178,49.10010453106506,9.999999999999997,29.99999999999999,497.20946702565649,16.29785843673512,54.110790442312858,16.33333333333333,29.99999999999999,0.0,16.22389515210878,54.443189957895558,15.999999999999993,29.99999999999999,0.0,18.880152601024585,0.0,0.0,0.0,15.15094465173576,0.0,0.0,592.9193093029861,954.9440499006773,572.5850891862195,585.2818374550907,554.4854336141177,566.9079482595478,569.7976810054114,561.6082351008818,565.3200224487807,8544.886345746965,82.35458917858158,84.92349125503853,239.99999999999992,0.0,239.99999999999992,239.99999999999992,21.0,16.0,16.0,16.0,16.0,12.0,21.0,10.0,1.0,0.0,879.3904320961699,807.4730558161081,2351.3011633297739,0.0,0.0,0.0,497.20946702565649,0.0,3887.3059803578864,2332383.5882147329,3034363.0688163929,82.35458917858158,84.96711974046639,0.35624353267859618,0.7682979138377867,0.36028137401965945,84.96711974046639,0.35426478194388735,3034363.0688163929,0.16800021291178575 
 03/02  18:40:00,7.453333333333333,92.66666666666667,9.063333333333335,0.0,0.0,1.0,0.0,0.0,0.0,0.0,0.0,4.0,0.0,0.0,0.0,1792.0,0.0,0.0,0.0,0.0,0.0,0.0,0.0,0.0,0.0,0.0,0.0,20.303680324590276,-510.5233728122217,19.98559498933956,-111.05355659426687,20.579670874604198,-1895.6113366079204,19.470303259149988,570.2793625250042,14.355482120371804,61.00561432412375,17.697490253305337,-68.1566919842944,17.098857411851307,356.4108415076331,17.045410890573057,-52.77957029082352,16.360026423855218,-413.2850067482269,1278.358075123723,972.8954344893489,0.0,0.0,0.0,0.0,0.0,0.0,0.0,0.0,0.0,0.0,0.0,0.0,0.0,0.0,0.0,0.0,0.0,0.0,0.0,0.0,0.0,0.0,1.4336931023312985,0.4376352571218864,148.2525855837712,169.33681727650007,4055.0521405355696,0.21579093076675102,0.03293512374339916,19.470748750677246,22.243648421203888,524.9220967178108,1.3966512707809964,0.2639174736925546,374.22227769038656,427.38659196340356,10290.671326790381,0.35663277588838007,0.06739092514897589,336.77168220456249,385.8435427464643,8608.511288418074,0.0,0.0,12.871857622576917,15.060683567732943,179.11180548329913,0.0,0.0,51.526264192688227,59.46026427364413,1102.3125275625085,0.0,0.0,275.04505806935966,318.13561103156618,5587.467332126698,0.0,0.0,19.524994567784238,22.54862546496347,411.5307959469038,0.0,0.0,168.36203442035194,195.62706340954288,3006.335517365506,50.71660605601424,34.785052164618878,355.0785793793448,409.4488805284032,8962.444382979469,0.0,0.0,175.95613605469797,205.53449428699583,2641.223180868853,916.9077699966564,21.478007748406584,39.76824489621513,21.428571428571453,30.000000000000033,13.135972383602459,21.25144269939481,47.36368536921356,21.00000000000002,30.000000000000033,1925.4350659996035,21.60966950437731,39.035401050565848,21.571428571428596,30.000000000000033,0.0,20.66504982880121,41.4985521834699,16.000000000000019,30.000000000000033,0.0,14.48472380466398,60.79924045468748,12.000000000000015,30.000000000000033,1848.7854087557719,18.385352713560658,47.68521806225295,20.00000000000002,30.000000000000033,0.0,17.85922155396959,49.40495439646514,10.00000000000001,30.000000000000033,1367.4332261117548,18.256117237037583,47.97541210363331,20.700000000000025,30.000000000000033,929.7378093974809,16.583979640452843,53.432032551398489,16.42857142857145,30.000000000000033,0.0,18.766503536212164,0.0,0.0,0.0,15.023934980426331,0.0,0.0,588.5196511340912,980.5168605465567,563.4581018611739,572.8769335956414,562.6440396034456,572.0818560316446,577.0016930668,568.2359351622484,573.274206797116,10296.035891460235,81.19687003725389,85.3155327171529,240.00000000000026,0.0,240.00000000000026,240.00000000000026,21.0,16.0,19.0,16.0,19.7,12.0,21.0,10.0,1.0,0.0,916.9077699966564,13.135972383602459,1925.4350659996035,0.0,1848.7854087557719,0.0,1367.4332261117548,929.7378093974809,6232.868590985833,3739721.1545914968,4888843.534084208,81.19687003725389,85.38548128247933,0.3534765720804804,0.7662450839709295,0.36028137401966,85.38548128247933,0.35426478194388796,4888843.534084208,0.2643798637723788 
 03/02  18:50:00,7.406666666666666,92.83333333333333,9.146666666666667,0.0,0.0,1.0,0.0,0.0,0.0,0.0,0.0,4.0,0.0,0.0,0.0,1280.0,0.0,0.0,0.0,0.0,0.0,0.0,0.0,0.0,0.0,0.0,0.0,20.32717330029552,-688.0024499262549,20.36108318469201,-156.85791136552138,20.539950371654798,-1627.283041659578,19.46699474679559,616.1778427188507,14.378442078234216,69.82477087764346,18.5081399218028,-286.69565162307858,17.254292205168626,248.52180903161099,18.03570404674084,-158.15301009931569,16.135813444007753,-329.75655624610376,1273.988199153447,1248.0808420099957,0.0,0.0,0.0,0.0,0.0,0.0,0.0,0.0,0.0,0.0,0.0,0.0,0.0,0.0,0.0,0.0,0.0,0.0,0.0,0.0,0.0,0.0,1.4474338257015698,0.4418296171250213,137.63508445798304,157.02441118717463,3809.5142538683296,0.1800640570167346,0.027482304184483307,24.895425675440646,28.323552212201748,695.8474857182911,1.445420348197322,0.2731330967870981,345.00247901853859,393.72219879865767,9502.319955195826,0.3721662426814908,0.07032619854147596,349.9444217960527,400.67530237067407,8962.120585804836,0.0,0.0,13.540123110894808,15.831387503013114,190.3805318715207,0.0,0.0,78.79396268177706,90.41631654795369,1899.1606866855948,0.0,0.0,327.85048014781708,378.5293433746316,6839.878839438163,0.0,0.0,33.948072322061339,38.925793204391919,828.8235852636437,0.0,0.0,209.49976419329227,243.44157650596552,3627.484655489987,51.09646054395938,35.045583363483817,345.29486125830825,397.9468142149138,8729.58029681721,0.0,0.0,215.67572008602554,251.36065459886025,3387.4288332797257,1136.2706231517785,21.574873325770253,39.81434993794304,21.6,30.0,1236.3313067626073,21.80729146869053,46.47820978461678,21.8,30.0,2083.6804460581649,21.606184548793789,39.00135796462126,21.6,30.0,0.0,20.644535719064707,41.53336687693346,16.0,30.0,0.0,14.513691838188058,60.91810819860181,12.000000000000002,30.0,1222.706626658847,19.808463787707824,43.791511949495127,19.8,30.0,0.0,18.093537722485594,48.78367466682642,10.0,30.0,1283.954170850819,19.92656283034411,43.359949124142278,20.7,30.0,0.0,16.233307341918058,54.761152705990237,16.0,30.0,0.0,18.713775835817065,0.0,0.0,0.0,15.3339940457714,0.0,0.0,602.1175882135153,1025.8750196675783,558.3631903746466,569.101092341756,570.1346406439236,579.9239396543729,580.6712346204369,574.7865799522979,577.2770189041974,10848.151877488839,80.83157907340196,85.49535460570347,240.0,0.0,240.0,240.0,21.0,16.0,19.0,16.0,19.7,12.0,21.0,10.0,1.0,0.0,1136.2706231517785,1236.3313067626073,2083.6804460581649,0.0,1222.706626658847,0.0,1283.954170850819,0.0,7057.153238301531,4234291.942980918,5512766.702905609,80.83157907340196,85.57456099691417,0.37123844127671776,0.7676686995176767,0.36028137401965956,85.57456099691417,0.35426478194388757,5512766.702905609,0.29679720188442507 
 03/02  19:00:00,7.36,93.0,9.23,0.0,0.0,1.0,0.0,0.0,0.0,0.0,0.0,4.0,0.0,0.0,0.0,1024.0,0.0,0.0,0.0,0.0,0.0,0.0,0.0,0.0,0.0,0.0,0.0,20.443590073545395,-997.6045968668673,20.108942490862725,-104.28656562854745,20.815194645606114,-1448.7900066336025,19.505967749200779,618.1178331639908,14.405280166360605,69.42175629209337,18.246330171188406,-184.75345929139849,17.25990261438587,336.9481891590194,18.445030875862249,-234.8271369016593,16.448427717416445,-437.4377398030606,1344.4986513505015,1229.0638890658634,0.0,0.0,0.0,0.0,0.0,0.0,0.0,0.0,0.0,0.0,0.0,0.0,0.0,0.0,0.0,0.0,0.0,0.0,0.0,0.0,0.0,0.0,1.4205642537275736,0.4336276720780139,230.83155953375374,263.0382237334735,6384.660987355846,0.22146275169476943,0.03380078627820046,19.55040352500254,22.313208986974784,534.1168499189159,1.4534245187150235,0.27464560066421475,378.58972401454528,431.71990735492116,10508.574787857286,0.3759987145277275,0.0710503995706212,354.55284285652035,405.68311755907078,9138.477249458687,0.0,0.0,13.44461928923564,15.710396514596317,191.12584415281826,0.0,0.0,74.34170434261232,85.51531441026101,1709.1799311230346,0.0,0.0,309.9114210750768,357.84990275203065,6474.925912565512,0.0,0.0,44.51002882477444,50.94966260056898,1133.2074255398373,0.0,0.0,197.7915603752191,229.49026363602887,3621.836721542978,51.46083105774818,35.29549455263936,377.1601994633745,434.24830765024458,9596.479979352502,0.0,0.0,204.7220994626059,238.55475608394938,3267.8175858451925,1488.984742668802,21.687653383980416,39.21395352867118,21.75,30.0,0.0,21.323963419741014,47.71883274787096,21.0,30.0,2044.0507777389897,21.684638673218445,38.89291290871239,21.5,30.0,0.0,20.68889309990493,41.41765624987299,16.0,30.0,0.0,14.54835285240975,60.97473015453842,12.0,30.0,542.5324675701093,19.190584086387696,45.698605941652598,19.25,30.0,0.0,18.082047737057019,48.9144256833965,10.0,30.0,898.5594859098808,20.510156147298458,41.95781059556769,20.45,30.0,1178.6303870951377,16.728071994960595,53.18941571216609,16.75,30.0,0.0,18.84678523177906,0.0,0.0,0.0,15.420825313029227,0.0,0.0,581.4724422167294,1011.57183619183,562.223521251753,567.5223571557116,576.1089683387124,588.2045077356204,583.5196332334023,580.1106211001786,580.8469960558879,10364.326936597881,81.15176124821825,86.2808587882201,240.0,0.0,240.0,240.0,21.0,16.0,19.0,16.0,19.7,12.0,21.0,10.0,1.0,0.0,1488.984742668802,0.0,2044.0507777389897,0.0,542.5324675701093,0.0,898.5594859098808,1178.6303870951377,7762.414856599262,4657448.913959556,6068496.608950684,81.15176124821825,86.36796789188462,0.34374716188664208,0.7660566672840987,0.36028137401965956,86.36796789188462,0.3542647819438875,6068496.608950684,0.3256684903321022 
 03/02  19:10:00,7.306666666666667,93.16666666666667,9.223333333333335,0.0,0.0,1.0,0.0,1.0,2.0,0.0,0.0,4.0,0.0,0.0,0.0,768.0,0.0,0.0,0.0,0.0,0.0,0.0,0.0,0.0,0.0,0.0,0.0,20.490894737879587,-926.9590297362402,20.324309230546974,-147.34118384912038,20.825294329977625,-1746.6571445983646,19.462268511266843,541.1249302625378,14.426561263752099,68.00917269969966,18.631959783423903,-66.29360504180746,17.277775457858249,150.66451265116667,18.574884855016525,-237.8507771954988,16.35886935848403,-351.35716449692247,1306.828957835403,1280.4671593714875,0.0,0.0,0.0,0.0,0.0,0.0,0.0,0.0,0.0,0.0,0.0,0.0,0.0,0.0,0.0,0.0,0.0,0.0,0.0,0.0,0.0,0.0,1.431407595118514,0.4369376053475318,232.35855802836603,264.7504513665772,6445.500243863393,0.1957779367026493,0.029880637469879326,22.479883681485889,25.553327535582026,627.4412923951106,1.4459672033313967,0.27323643298023378,381.8820126282819,434.92061188985658,10571.19226189857,0.3614390908299787,0.06829914792705567,318.44336114690989,364.10657234861949,8187.113809316602,0.0,0.0,13.095460340965717,15.293200211442523,188.1387076080621,0.0,0.0,15.62975414239023,17.916546985971747,381.4867919954462,0.0,0.0,248.52893887158485,286.7378636745074,5207.364983693089,0.0,0.0,45.52198450574828,52.04887001019837,1172.4068948874654,0.0,0.0,198.99650563238559,230.82592771817864,3575.585011772785,50.9504994774486,34.945472892625939,377.6335958358202,434.18863648437965,9623.166998430454,0.0,0.0,206.3357172583926,240.1811498070964,3313.0693269449777,1673.0537156559827,21.65421333121211,39.35936820628437,22.0,30.0,1207.4208212447737,21.587377763254218,47.852335884172109,21.666666666666666,30.0,2535.284960746404,21.608252276472613,39.04967758914612,21.666666666666666,30.0,0.0,20.56551066195822,41.88230424557076,16.0,30.0,0.0,14.573023846400325,61.024221874868249,12.0,30.0,769.2449603722412,19.892879502687504,45.27105390750571,19.666666666666666,30.0,0.0,18.043601661267567,48.98420116245438,10.0,30.0,1117.537260190506,20.621694853748268,42.43319109562525,20.366666666666668,30.0,0.0,16.466657898809929,54.16685256054589,16.0,30.0,0.0,18.746635730439225,0.0,0.0,0.0,15.438240119091104,0.0,0.0,585.5740692228466,1064.5173519345386,559.102383004469,575.0722719897715,580.2078166397754,685.5791892699527,579.8190524771344,626.0867005256088,584.0169605052307,11657.976971759701,80.29604349519204,87.8713462115963,270.0,0.0,270.0,270.0,21.0,16.0,19.0,16.0,19.7,12.0,21.0,10.0,1.0,0.0,1673.0537156559827,1207.4208212447737,2535.284960746404,0.0,769.2449603722412,0.0,1117.537260190506,0.0,11463.292214440009,6877975.328664005,8991272.323969078,80.29604349519204,88.0,0.38210974048133369,0.7649627392302645,0.36028137401965956,88.0,0.3542647819438875,8991272.323969078,0.47888616084639215 
 03/02  19:20:00,7.253333333333334,93.33333333333334,9.216666666666667,0.0,0.0,1.0,0.0,1.0,2.0,0.0,0.0,4.0,0.0,0.0,0.0,1024.0,0.0,0.0,0.0,0.0,0.0,0.0,0.0,0.0,0.0,0.0,0.0,20.594067823837017,-798.189380629326,20.317011238006363,-144.13741655717718,20.921970130152013,-1866.1756538036862,19.529639721807624,621.9162937917249,14.44050890913345,62.95113770244551,18.240210919527497,-54.5437269532449,17.104776274747765,146.68703917218637,18.59593694536575,-269.1697494583745,16.33552824055466,-296.51352601423675,1324.5566659740803,1246.0558010934183,0.0,0.0,0.0,0.0,0.0,0.0,0.0,0.0,0.0,0.0,0.0,0.0,0.0,0.0,0.0,0.0,0.0,0.0,0.0,0.0,0.0,0.0,1.4651178871549696,0.4472276822817367,218.47481394268386,248.94734224338425,6107.415070724561,0.18442563257440093,0.028147990319658264,24.35541431940189,27.757195141490429,674.6351486325136,1.394203545599969,0.26345494058956339,408.57693011264908,465.5111809921147,11415.192351345455,0.36578922586099357,0.06912116890797307,358.6631271847777,410.17938976004276,9300.623376226251,0.0,0.0,12.863181794128235,15.022888682351003,186.39164845131809,0.0,0.0,15.590110961635967,17.907535120012125,362.21574752888815,0.0,0.0,258.42183011762116,298.57784572836575,5277.47340146689,0.0,0.0,48.711377112668248,55.735995811670537,1246.323889203875,0.0,0.0,210.6021705263166,244.52742458582868,3734.9523182510667,50.67927460225449,34.759447600997599,408.3867115074753,469.6646477292637,10452.073892986122,0.0,0.0,217.97293788203883,253.83083809821694,3516.916173097488,1219.843819797433,21.634565814603144,39.53726848522282,21.5,30.0,0.0,21.503960176582923,47.38371882759577,21.0,30.0,2051.872872374619,21.697266676515765,38.90325793041965,21.75,30.0,0.0,20.666485491687049,41.51778962603728,16.0,30.0,0.0,14.583863287792348,61.126996489633928,12.0,30.0,25.82383955671333,19.222397784929883,49.13089181610224,19.0,30.0,0.0,17.706107393323874,50.27483983649669,10.0,30.0,890.6316953210489,20.469483218813218,43.12580663881405,20.2,30.0,751.8895582037186,16.28498558482292,55.01734056403187,16.25,30.0,0.0,18.909689965709114,0.0,0.0,0.0,15.429367522608489,0.0,0.0,591.595513648429,1016.0733785828493,563.149938253017,568.0665072840436,584.8947223206252,798.3308731611911,590.0168460654077,639.3755580224076,592.1463262152599,10564.142435148198,81.01953056413955,86.47509733321468,270.0,0.0,270.0,270.0,21.0,16.0,19.0,16.0,19.7,12.0,21.0,10.0,1.0,0.0,1219.843819797433,0.0,2051.872872374619,0.0,25.82383955671333,0.0,890.6316953210489,751.8895582037186,8255.972367779057,4953583.420667434,6467491.276246596,81.01953056413955,86.5677509681923,0.3601990789259686,0.7662181688523914,0.36028137401965956,86.5677509681923,0.3542647819438875,6467491.276246596,0.347769546364823 
 03/02  19:30:00,7.2,93.5,9.21,0.0,0.0,1.0,0.0,1.0,2.0,0.0,0.0,4.0,0.0,0.0,0.0,1024.0,0.0,0.0,0.0,0.0,0.0,0.0,0.0,0.0,0.0,0.0,0.0,20.618774859820168,-924.177487110237,20.329530478317936,-130.83956021962775,20.843339688522176,-1585.6106281652733,19.49995181369583,466.63894749469957,14.451878302981477,61.39536430365382,18.63230982611138,-58.845499914851817,17.20525472655524,332.2893257568776,18.36655085845903,-156.9022047737609,16.532001603326827,-476.50397879126356,1225.096312940294,1095.8503829382344,0.0,0.0,0.0,0.0,0.0,0.0,0.0,0.0,0.0,0.0,0.0,0.0,0.0,0.0,0.0,0.0,0.0,0.0,0.0,0.0,0.0,0.0,1.4314914654456177,0.4369632067904816,240.49920231420803,273.88091552645559,6714.638686152393,0.20377453357521067,0.03110111928803582,21.853546678489299,24.91183585838037,602.2166513009687,1.419797593369953,0.26829130638132156,364.67023722345967,415.58302781501518,10093.869186236509,0.35136341175775057,0.0663952025241403,309.8622277476103,354.30262459856956,8014.741985468157,0.0,0.0,12.923845747830012,15.09033189068599,188.78839773314525,0.0,0.0,15.365943494101078,17.60875780363014,376.3244107332379,0.0,0.0,212.31624755397756,245.0788554075103,4441.093894592887,0.0,0.0,40.04210302033883,45.91246916119447,987.5883223153488,0.0,0.0,161.77913998119616,187.4697078939447,3047.5470477850196,50.13440710965942,34.3857387583398,362.00843303467766,416.3757610206717,9286.833009846992,0.0,0.0,168.21823205721345,196.04160983832765,2647.9147583134219,1278.7548986400598,21.587566805920049,39.864021895599339,21.5,30.0,1021.1524770381556,21.41329975539713,47.94698697841908,21.5,30.0,2020.7714579799827,21.505639088948589,39.626964177332897,21.5,30.0,0.0,20.560941304511947,42.07514116142946,16.0,30.0,0.0,14.59131730736328,61.364829376157839,12.0,30.0,983.5546496948224,19.833002884515893,48.53202764049277,19.75,30.0,0.0,17.915553142031596,49.98868334874324,10.0,30.0,451.97825650135169,19.921581043721728,45.00978543629823,19.95,30.0,396.3685421496322,16.81582423416591,53.62441874821855,16.5,30.0,0.0,18.606041068530407,0.0,0.0,0.0,15.15005422637233,0.0,0.0,603.3026626428272,1033.4997411203304,578.1037412553422,583.1981135231696,593.8119237292331,876.8245274845468,605.643382493201,658.4817252272761,610.1488818416007,11163.775046882747,80.62287909324225,86.19441673252118,270.0,0.0,270.0,270.0,21.0,16.0,19.0,16.0,19.7,12.0,21.0,10.0,1.0,0.0,1278.7548986400598,1021.1524770381556,2020.7714579799827,0.0,983.5546496948224,0.0,451.97825650135169,396.3685421496322,8431.164684855083,5058698.810913051,6586308.905257093,80.62287909324225,86.28903993787175,0.36603882282850278,0.7678743164931969,0.36028137401965956,86.28903993787175,0.3542647819438875,6586308.905257093,0.3540680630733688 
 03/02  19:40:00,7.1466666666666669,93.66666666666667,9.203333333333334,0.0,0.0,1.0,0.0,1.0,2.0,0.0,0.0,4.0,0.0,0.0,0.0,768.0,0.0,0.0,0.0,0.0,0.0,0.0,0.0,0.0,0.0,0.0,0.0,20.63026227662909,-1106.2208775205068,20.369287075151705,-150.96963128444814,20.91346608114167,-1631.1984023392404,19.48544644062425,524.6420857428473,14.464461339182098,61.55770063274926,18.33392807505764,-52.14358072322743,17.24114288473869,134.84188811167022,18.763464590503398,-255.477205051177,16.11128096938545,-286.51485879001839,1293.1178964809672,1272.5238345449566,0.0,0.0,0.0,0.0,0.0,0.0,0.0,0.0,0.0,0.0,0.0,0.0,0.0,0.0,0.0,0.0,0.0,0.0,0.0,0.0,0.0,0.0,1.4312349939681293,0.4368849187936907,264.05377174345537,300.7201318840511,7406.974069504832,0.17511769648951137,0.02672736515407685,24.93098615362413,28.367803000381519,693.565542140637,1.4857257029304132,0.2807493769709779,403.4729346339167,459.1713088431448,11323.646263400937,0.3707754505001077,0.07006338822753361,324.8191174291991,371.24380813523706,8422.870169774736,0.0,0.0,12.706227578537588,14.828628361723684,187.17441280212953,0.0,0.0,14.334215190782864,16.448673561679848,337.0941750432063,0.0,0.0,252.7113402404502,291.4956553411125,5303.170087104613,0.0,0.0,45.24338044055994,51.683117825520387,1180.7410436448825,0.0,0.0,203.69467143254696,236.36904386645888,3590.4908543781277,49.90558354045633,34.228795295237578,399.4340871285601,458.9168672778601,10276.816334202189,0.0,0.0,210.84349775580427,245.28000642369057,3429.290297215183,1559.1845771237532,21.716697756640245,39.51191345595683,22.000000000000019,30.00000000000002,0.0,21.50586601562828,47.85944224708027,21.000000000000015,30.00000000000002,2350.722853069993,21.62195123729197,39.37863792255928,21.666666666666687,30.00000000000002,0.0,20.526537377073475,42.38418779872489,16.000000000000015,30.00000000000002,0.0,14.601687836705626,61.598772214373287,12.00000000000001,30.00000000000002,0.0,19.251515469359217,51.08755630887891,19.000000000000015,30.00000000000002,0.0,17.908943955432023,50.069849413639278,10.000000000000007,30.00000000000002,1082.947831185234,20.63897620289761,43.230772094684059,20.700000000000015,30.00000000000002,0.0,16.134131359476237,56.226992485695877,16.000000000000015,30.00000000000002,0.0,18.843705975466088,0.0,0.0,0.0,15.364127307088819,0.0,0.0,601.3900762005726,1038.3013037250315,579.1755354845525,594.9352924002999,603.0224788772605,921.780654720962,608.4797074191465,670.5506331550736,619.1916985469397,9186.849880955542,81.93042900245516,81.93042900245517,270.0000000000002,0.0,270.0000000000002,270.0000000000002,21.0,16.0,19.0,16.0,19.7,12.0,21.0,10.0,1.0,0.0,1559.1845771237532,0.0,2350.722853069993,0.0,0.0,0.0,1082.947831185234,0.0,0.0,0.0,0.0,81.93042900245516,81.93042900245516,0.3400000000000003,0.7700482258196939,0.3602813740196598,81.93042900245516,0.3542647819438878,0.0,0.0117 
 03/02  19:50:00,7.093333333333334,93.83333333333334,9.196666666666666,0.0,0.0,1.0,0.0,1.0,2.0,0.0,0.0,4.0,0.0,0.0,0.0,1024.0,0.0,0.0,0.0,0.0,0.0,0.0,0.0,0.0,0.0,0.0,0.0,20.675631393076704,-792.1519149170147,20.238239567966099,-85.60766674796344,21.005976038315436,-1908.308985731795,19.580111844077167,634.299098491229,14.477231049166817,60.76413683077523,18.58569394232756,-73.52017408349298,17.160653170774745,286.23279083405057,18.763555235309246,-260.24876704491018,16.430698837456139,-393.0556256788486,1304.198629720754,1127.7380237920079,0.0,0.0,0.0,0.0,0.0,0.0,0.0,0.0,0.0,0.0,0.0,0.0,0.0,0.0,0.0,0.0,0.0,0.0,0.0,0.0,0.0,0.0,1.4353538688050725,0.438142206594955,213.242005900993,242.8805515038676,6028.356440072594,0.2338403794490279,0.03568992360333149,18.48635455792833,21.078670288381337,507.26853824873799,1.3567138830500949,0.2563707261999424,412.39249372947719,469.6052819901779,11655.955733788122,0.3606117354696683,0.06814280715602196,359.5076744510476,410.9273369750305,9441.22192013229,0.0,0.0,13.165601067015873,15.36610754421342,195.56192003256218,0.0,0.0,16.10890939816309,18.463139767776196,392.1569895531878,0.0,0.0,226.97191135422077,262.17835525277595,4724.902786193046,0.0,0.0,48.19978214442091,55.124928131688267,1249.9452820531722,0.0,0.0,176.88661597895925,205.1496600996486,3304.831983928758,49.58550096731035,34.00925992270944,410.8358342272739,472.19703274743656,10651.004601441306,0.0,0.0,183.8152178231924,214.1642185822442,2972.73826069921,1179.8099698049778,21.626933130923694,39.66315717920625,21.5,30.0,570.9637954163811,21.18667989303403,49.216035696729829,21.25,30.0,2038.7754030625375,21.714068371394263,39.09784285579813,21.75,30.0,0.0,20.684404790138644,41.762525956185317,16.0,30.0,0.0,14.612387021838823,61.76220356067652,12.0,30.0,1065.5083308226118,19.640928516223157,50.21902596102289,19.75,30.0,0.0,17.772503155976496,50.64186247459038,10.0,30.0,833.0172699759448,20.509353227420435,43.599543608527,20.2,30.0,966.3643350783027,16.672838017590708,54.51212394020579,16.5,30.0,0.0,18.951195504210476,0.0,0.0,0.0,15.242347611424158,0.0,0.0,597.2856202367286,1065.4941419187967,576.8619161376203,583.5782267050336,610.2775354056024,945.5411041881606,614.5353478111441,668.9208820432457,626.3463940156114,10958.93139322085,80.75844010673441,87.87906809784823,270.0,0.0,270.0,270.0,21.0,16.0,19.0,16.0,19.7,12.0,21.0,10.0,1.0,0.0,1179.8099698049778,570.9637954163811,2038.7754030625375,0.0,1065.5083308226118,0.0,833.0172699759448,966.3643350783027,10775.920489704686,6465552.293822812,8475242.450400625,80.75844010673441,88.0,0.3591973496568229,0.7629071970388661,0.36028137401965956,88.0,0.3542647819438875,8475242.450400625,0.4525176074208324 
 03/02  20:00:00,7.04,94.0,9.19,0.0,0.0,1.0,0.0,1.0,2.0,0.0,0.0,4.0,0.0,0.0,0.0,1024.0,0.0,0.0,0.0,0.0,0.0,0.0,0.0,0.0,0.0,0.0,0.0,20.704568942760404,-881.603124010787,20.551062426311018,-234.82697100226663,20.931846187165087,-1560.4067429794728,19.56297663763815,454.07566750163826,14.488821445623833,58.70234224530502,18.525019471333299,-41.20809075059108,17.17373807644148,129.93172342579329,18.51637871997852,-189.76492110754698,16.20266870229715,-339.39674686992296,1228.5649322684658,1202.2302461329026,0.0,0.0,0.0,0.0,0.0,0.0,0.0,0.0,0.0,0.0,0.0,0.0,0.0,0.0,0.0,0.0,0.0,0.0,0.0,0.0,0.0,0.0,1.5123109441190699,0.46163337732572348,247.2729050735424,281.46450812754446,6983.082953261966,0.10280817981361654,0.015691114135167364,34.895993322597728,39.710400473764838,997.7642703515217,1.4910821791723644,0.2817615606901672,370.3821943387095,421.82151941848135,10396.884590656315,0.36417926709907158,0.06881694389627199,313.05114778660626,357.72676327609079,8212.39001798593,0.0,0.0,12.339435344912797,14.397856879350464,184.7666716711126,0.0,0.0,15.813749567171289,18.128130282686084,382.30074039571016,0.0,0.0,246.83978961079377,284.9899118874751,5151.443730996854,0.0,0.0,41.11707949412858,47.10706568804622,1026.2115052822215,0.0,0.0,199.9823742622563,232.06340154355596,3630.4713457343807,49.15570145007861,33.71447287385365,373.6868988526669,429.4896227511254,9723.113616964401,0.0,0.0,206.39833790538993,240.3651148197965,3345.9596962106227,1231.129019184898,21.599461947207176,40.37206012161162,21.5,30.0,661.0084310121085,21.834666162297436,45.96066440452746,21.5,30.0,1988.7682594451354,21.542285352276509,39.900656052907738,21.5,30.0,0.0,20.59841979608533,42.33490551623085,16.0,30.0,0.0,14.621087450885316,62.097911792004229,12.0,30.0,0.0,19.50879646122308,51.51738418447752,19.0,30.0,0.0,17.729342537006059,51.24625983623939,10.0,30.0,445.08952830816249,19.934394669821719,45.52936193187315,19.95,30.0,0.0,16.28096379703704,56.166566539219498,16.0,30.0,0.0,18.70951878119465,0.0,0.0,0.0,15.241044466456119,0.0,0.0,635.220537352158,990.7734333659547,600.4849886792559,603.6676007039699,624.9030054264463,987.936879035148,636.439903163821,687.1769648989949,638.3589916113158,9781.177636353816,81.53736361843734,85.05519392986827,270.0,0.0,270.0,270.0,21.0,16.0,19.0,16.0,19.7,12.0,21.0,10.0,1.0,0.0,1231.129019184898,661.0084310121085,1988.7682594451354,0.0,0.0,0.0,445.08952830816249,0.0,5323.758680760524,3194255.208456314,4168303.8135637536,81.53736361843734,85.11493836695155,0.3474586226920175,0.7671184059386746,0.36028137401965956,85.11493836695155,0.3542647819438875,4168303.8135637536,0.22866179830531517 
 03/02  20:10:00,7.008333333333334,94.16666666666667,8.86,0.0,0.0,1.0,0.0,0.0,2.0,0.0,0.0,4.0,0.0,0.0,0.0,1536.0,0.0,0.0,0.0,0.0,0.0,0.0,0.0,0.0,0.0,0.0,0.0,20.78541583140711,-1348.8951523599226,20.20523543503295,-107.69040345294059,20.888559066876618,-1023.1448163183499,19.52796930990577,492.6241765752641,14.499958712980519,59.263493973531769,18.537937995893125,-61.66881715614262,17.2412314341222,290.5691253406932,18.03871635393217,-118.21205289974782,16.402883520753777,-417.7931921904393,1196.101040453541,1075.0305432099565,0.0,0.0,0.0,0.0,0.0,0.0,0.0,0.0,0.0,0.0,0.0,0.0,0.0,0.0,0.0,0.0,0.0,0.0,0.0,0.0,0.0,0.0,1.3946567490648832,0.42571939837145386,261.14774820423289,297.6182784105676,7419.4397320056809,0.20949602132786686,0.0319743622295279,19.880681975272514,22.676599467199318,551.830007538417,1.4831614958089714,0.2802648329193068,344.9106098455832,393.05862788505569,9656.861978344301,0.36862239488947609,0.06965653720511639,321.26726606049649,367.3483990987139,8400.316100046739,0.0,0.0,13.04472049091866,15.226474055894336,196.33206641362885,0.0,0.0,15.777582783449466,18.109474680361175,375.5516514181836,0.0,0.0,236.49918038801676,273.08966969184146,5006.370455113457,0.0,0.0,33.538253560486747,38.55515769063862,795.8240522440808,0.0,0.0,178.86738872944086,207.51981847898069,3337.504652536386,47.589276934199038,32.640107636624858,349.06895150190726,401.51069173311989,9075.22188276213,0.0,0.0,183.48748255503947,213.94278151893378,2925.9978623515955,1763.6857211661132,21.759084381555547,39.452781977257959,21.999999999999994,30.0,0.0,21.245830301692334,48.30172332587725,20.999999999999998,30.0,1435.8065724688432,21.43176220466402,40.206897490896,21.33333333333333,30.0,0.0,20.524863620480578,42.63570501900357,15.999999999999999,30.0,0.0,14.62985137362004,62.29794133008842,11.999999999999997,30.0,592.1641894765082,19.25761620723093,52.45692547869807,19.33333333333333,30.0,0.0,17.869686839582994,50.71298112317204,9.999999999999999,30.0,0.0,19.156109921130648,47.28233243226308,11.999999999999997,30.0,982.4739465553034,16.58142591183464,55.34016570127923,16.499999999999998,30.0,0.0,18.718446526631597,0.0,0.0,0.0,15.051641171778356,0.0,0.0,606.037711033939,1027.8686513961682,602.5187226545797,610.05788819743,633.140433783392,995.1345139970154,632.438085911613,659.3204935816568,647.4613335594597,10004.699634294788,81.38958203504335,84.8317334317046,569.9999999999999,0.0,569.9999999999999,569.9999999999999,21.0,16.0,19.0,16.0,12.0,12.0,21.0,10.0,1.0,0.0,1763.6857211661132,0.0,1435.8065724688432,0.0,592.1641894765082,0.0,0.0,982.4739465553034,5209.3424488803279,3125605.469328197,4064347.7077602867,81.38958203504335,84.89019258957832,0.3436447482960109,0.7660500332041316,0.3602813740196595,84.89019258957832,0.3542647819438874,4064347.7077602867,0.2367110808035349 
 03/02  20:20:00,6.9766666666666679,94.33333333333334,8.530000000000002,0.0,0.0,1.0,0.0,0.0,2.0,0.0,0.0,4.0,0.0,0.0,0.0,1024.0,0.0,0.0,0.0,0.0,0.0,0.0,0.0,0.0,0.0,0.0,0.0,20.57115129897023,-575.6065914638072,20.465407928101567,-187.56081073461287,20.929263070372515,-1728.4735370225397,19.524825142028239,464.6466793720115,14.511480809127239,55.94469894896388,18.829096499154127,-54.547672637542188,17.29172258891638,117.45683494788182,17.408013708040607,-31.12065913726315,16.235118644229943,-391.8410303226818,1153.5836628464247,1127.5646540745682,0.0,0.0,0.0,0.0,0.0,0.0,0.0,0.0,0.0,0.0,0.0,0.0,0.0,0.0,0.0,0.0,0.0,0.0,0.0,0.0,0.0,0.0,1.459477251761652,0.44550587660612109,178.88966457607985,204.07348716327543,4975.380243729703,0.15930653107923196,0.0243141836201514,28.71171755050197,32.61825196421598,820.968380210444,1.4391370223499474,0.27194577141911338,350.0651925033621,398.6150814967433,9872.317105997055,0.35357065523631978,0.06681229312855626,310.3533981176133,354.7290720876024,8123.832078474461,0.0,0.0,12.0619890708311,14.073988872359159,182.50258069826104,0.0,0.0,15.544567871969795,17.795631700001065,388.89977050588638,0.0,0.0,240.83354274559444,277.81399747177707,5132.079895612629,0.0,0.0,21.80314469180408,25.145120325620675,474.4856018421628,0.0,0.0,187.1508326673311,217.0659163932106,3425.5111425023385,45.9625876495673,31.524408538797894,342.44738479252399,393.67701879703659,8908.097870346437,0.0,0.0,190.8293933243994,222.31816987699313,3032.6736033162844,925.6954146433732,21.349902511910345,41.0352715295011,21.500000000000005,30.000000000000008,1215.512451369208,21.65571331395101,47.543259120595887,21.750000000000005,30.000000000000008,2372.39591883507,21.5296071360368,39.79712554936628,21.500000000000005,30.000000000000008,0.0,20.499773928184586,42.670188497665098,16.000000000000005,30.000000000000008,0.0,14.639250906918182,62.4198803830961,12.000000000000002,30.000000000000008,328.4738595078492,19.890648807370476,50.75064890324531,19.500000000000005,30.000000000000008,0.0,17.9020770228151,50.74236269246552,10.000000000000002,30.000000000000008,0.0,18.103172433564429,50.16102408071089,12.000000000000002,30.000000000000008,0.0,16.31025623172407,56.21350781128447,16.000000000000005,30.000000000000008,0.0,18.71223219879103,0.0,0.0,0.0,15.022500622461589,0.0,0.0,639.4870344918145,1059.7693508752867,593.3257981524051,609.0814423983143,638.9937651435623,1011.3670379406194,638.7797145604719,642.4064900119663,644.1948991600513,9600.677832144343,81.65664326449667,83.63642931588731,570.0000000000001,0.0,570.0000000000001,570.0000000000001,21.0,16.0,19.0,16.0,12.0,12.0,21.0,10.0,1.0,0.0,925.6954146433732,1215.512451369208,2372.39591883507,0.0,328.4738595078492,0.0,0.0,0.0,2995.745556328976,1797447.3337973855,2328678.0396372575,81.65664326449667,83.67005265547857,0.3548581852109659,0.7696521499560995,0.3602813740196596,83.67005265547857,0.35426478194388757,2328678.0396372575,0.14651959139447075 
 03/02  20:30:00,6.945,94.5,8.2,0.0,0.0,1.0,0.0,0.0,2.0,0.0,0.0,4.0,0.0,0.0,0.0,1024.0,0.0,0.0,0.0,0.0,0.0,0.0,0.0,0.0,0.0,0.0,0.0,20.692824296619948,-608.970171880437,20.42223873669785,-139.3371286568123,21.05848104124518,-1715.0069558004698,19.534723442047544,500.8398616510435,14.519712560806332,53.75360743849569,18.561716407194149,-48.450868656419519,17.23079662235758,249.52110869537979,16.999729032164944,-39.45030899012241,16.762414976451724,-494.36129006702336,1192.6317159169487,984.271270505931,0.0,0.0,0.0,0.0,0.0,0.0,0.0,0.0,0.0,0.0,0.0,0.0,0.0,0.0,0.0,0.0,0.0,0.0,0.0,0.0,0.0,0.0,1.4577595561863837,0.4449815495074432,244.43561544047337,279.0332608395572,6794.486031515965,0.16856024307981375,0.025726532826589399,26.373655247215994,30.01090785413322,745.1737787172881,1.4631734232272456,0.2764877972840601,405.67663997199437,462.0195418822839,11475.354175613718,0.35581083988417785,0.06723560844372217,293.649342873794,335.4461366977794,7715.957519296486,0.0,0.0,12.253527504845227,14.294749511662542,186.25658469813699,0.0,0.0,15.518080824394059,17.793698042941544,375.7902102330223,0.0,0.0,225.61749890922847,260.47282351936169,4776.073707547245,0.0,0.0,13.359136391761553,15.433222150451194,274.2115521537875,0.0,0.0,163.47660643807945,189.42013334389027,3152.936831733671,45.42448449851636,31.155339162219734,395.6551726530628,454.53586326457198,10378.233945454069,0.0,0.0,170.45381282950567,198.7894209793562,2679.6206532116368,1136.5636124610804,21.488265430595143,40.703431424991837,21.5,30.0,0.0,21.54804256796123,47.25874964843463,21.0,30.0,2183.6374504536527,21.707163157315827,39.54601969233176,21.5,30.0,0.0,20.504896250457838,42.85618638075832,16.0,30.0,0.0,14.643598228597402,62.64972990954292,12.0,30.0,0.0,19.41893484971526,52.77540679963896,19.0,30.0,0.0,17.80355735532805,51.24060242754159,10.0,30.0,0.0,17.45241077591718,52.31076901391012,12.0,30.0,1712.211410705227,16.915488006488095,54.34602827549874,16.75,30.0,0.0,18.955345342915316,0.0,0.0,0.0,14.837247244361454,0.0,0.0,640.3182040552682,1020.9816511082867,605.5271304788399,620.9529380957287,648.7534328067887,1035.3991066265213,647.365026820715,644.9477456077664,653.2832848542093,9198.373119097705,81.92276663956686,83.70337908536077,570.0,0.0,570.0,570.0,21.0,16.0,19.0,16.0,12.0,12.0,21.0,10.0,1.0,0.0,1136.5636124610804,0.0,2183.6374504536527,0.0,0.0,0.0,0.0,1712.211410705227,2694.681492544812,1616808.8955268872,2097180.5178613688,81.92276663956686,83.73361979591799,0.3448227164181604,0.7696375531306494,0.36028137401965956,83.73361979591799,0.3542647819438875,2097180.5178613688,0.13454505359545786 
 03/02  20:40:00,6.913333333333334,94.66666666666666,7.87,0.0,0.0,1.0,0.0,0.0,2.0,0.0,0.0,4.0,0.0,0.0,0.0,1026.0,0.0,0.0,0.0,0.0,0.0,0.0,0.0,0.0,0.0,0.0,0.0,20.58314320266927,-468.5801111212211,20.331317074956219,-104.24770350690105,21.0494508149556,-1946.1815766513542,19.557579025757094,475.2568162564636,14.527908677076672,54.29195020520372,18.35156194871825,-27.353553367302739,17.4011286717151,233.14850789595313,16.610886897432179,-126.78850956645016,16.70185094235289,-538.0052523210957,1169.9338964964043,1170.5809531628898,0.0,0.0,0.0,0.0,0.0,0.0,0.0,0.0,0.0,0.0,0.0,0.0,0.0,0.0,0.0,0.0,0.0,0.0,0.0,0.0,0.0,0.0,1.492631376607324,0.45562618333556906,241.3515600913048,275.19188698790387,6739.352287398664,0.21265433655495398,0.032456400573100428,20.482898123514326,23.33062713945572,568.7689816750091,1.4045288027187848,0.26540604737694359,404.18654508478098,460.148524504815,11411.897276739164,0.3388585313559607,0.06403222436809536,272.7390880122673,311.45613975655678,7191.052393163485,0.0,0.0,11.871906240081924,13.84878942427222,181.30423708931216,0.0,0.0,12.893786853368117,14.7991238954751,304.9363399307848,0.0,0.0,227.91287500569943,262.76748376475157,4963.133606157883,0.0,0.0,29.895291190676575,34.62012127935786,581.8320441879173,0.0,0.0,148.53086005381409,171.89268817388905,2927.271986507448,44.80828439138256,30.732705343883795,390.13093884434206,447.8539247904906,10273.770322285049,0.0,0.0,174.9659436692662,203.85857753651269,2807.555921958998,657.455002767013,21.2766660525144,41.15710523134615,21.25,30.0,526.4098433437447,21.210243033781724,48.959933828891468,21.25,30.0,2242.4332034391675,21.63221226604302,39.529186435135439,21.5,30.0,0.0,20.521810049803535,42.70171254504859,16.0,30.0,0.0,14.649010613848363,62.703147200801698,12.0,30.0,12.875026736528707,19.085097790226848,54.11213805703963,19.0,30.0,0.0,18.08884668538329,50.30445779573313,10.0,30.0,0.0,16.835764199725675,54.60921511360655,12.0,30.0,0.0,16.968203830627755,54.20864519754417,16.0,30.0,0.0,18.925507682558754,0.0,0.0,0.0,14.979989198952934,0.0,0.0,636.8375375474429,1061.158420655787,594.84343654894,615.7589993955585,650.966165606316,1053.0369248026105,646.382394500221,654.6420682904574,656.825148927509,6713.072090035113,81.60529588942521,81.60529588942521,570.0,0.0,570.0,570.0,21.0,16.0,19.0,16.0,12.0,12.0,21.0,10.0,1.0,0.0,657.455002767013,526.4098433437447,2242.4332034391675,0.0,12.875026736528707,0.0,0.0,0.0,0.0,0.0,0.0,81.60529588942521,81.60529588942521,0.255,0.5404855262965983,0.27021103051474468,81.60529588942521,0.2656985864579156,0.0,0.025555 
 03/02  20:50:00,6.881666666666666,94.83333333333333,7.54,0.0,0.0,1.0,0.0,0.0,2.0,0.0,0.0,4.0,0.0,0.0,0.0,1028.0,0.0,0.0,0.0,0.0,0.0,0.0,0.0,0.0,0.0,0.0,0.0,20.70379142085969,-764.9980897648529,20.89216625202498,-222.46975966529346,21.007803623477274,-1263.2508468372608,19.616624429239079,450.47326960495618,14.53775664439707,55.0370320318398,18.82129671137046,-40.04370205474831,17.27205751653655,120.96232626078973,16.335199940380883,-71.39739015650801,16.237702681959804,-323.0588217159484,1257.918513397729,1177.516379553656,0.0,0.0,0.0,0.0,0.0,0.0,0.0,0.0,0.0,0.0,0.0,0.0,0.0,0.0,0.0,0.0,0.0,0.0,0.0,0.0,0.0,0.0,1.5258817032083183,0.4657758556801949,341.22167411916259,388.8534180257843,9592.397692025197,0.09510145431396575,0.014514873979543004,37.83314403133357,42.95445931814639,1113.5217519844296,1.5590066124678135,0.2945968655456943,458.0752554298953,521.8847982864172,12950.617261017907,0.3683641431989852,0.06960773681008789,292.8071051469695,334.59516968343447,7782.305357405942,0.0,0.0,11.671937655560147,13.6130725630793,179.16653863572709,0.0,0.0,15.386584922096003,17.608657968574616,386.74813685920619,0.0,0.0,258.7159323733628,298.5207843410494,5517.621518084358,0.0,0.0,27.368065413355997,31.726929123115867,513.675825033583,0.0,0.0,181.89717312779266,211.01319771394953,3348.0043409387847,44.4869235783531,30.512293263616678,458.95810273415347,526.7985573437961,12149.07042812886,0.0,0.0,207.7696317945465,241.99663221660905,3371.736443688619,1058.6528930697937,21.448685103471406,40.70896319134107,21.5,30.0,961.3086593967761,22.163411831703,45.05287343307397,21.5,30.0,1287.6330603160037,21.52483591480169,40.10135113648518,21.5,30.0,0.0,20.615205279194634,42.56204160672355,16.0,30.0,0.0,14.657909330982072,62.84969255592523,12.0,30.0,818.6882026159216,19.85629503945301,51.899565656263039,19.75,30.0,0.0,17.807100644699948,51.23533865115937,10.0,30.0,0.0,16.449838724420425,56.0103225324752,12.0,30.0,0.0,16.254229345710308,56.72633504900435,16.0,30.0,0.0,19.27201358792876,0.0,0.0,0.0,15.087796318087922,0.0,0.0,636.2951742233659,994.3961146253091,612.2347170315384,621.8756147290854,658.8082387957779,1076.4789091414223,648.2644696527477,656.8722631929956,657.4801810589822,9730.552583615852,81.57085598368789,85.04640564933291,570.0,0.0,570.0,570.0,21.0,16.0,19.0,16.0,12.0,12.0,21.0,10.0,1.0,0.0,1058.6528930697937,961.3086593967761,1287.6330603160037,0.0,818.6882026159216,0.0,0.0,0.0,5259.837677480529,3155902.6064883179,4133283.958287722,81.57085598368789,85.10543202068863,0.34532792258268438,0.7649528461366886,0.36028137401965956,85.10543202068863,0.3542647819438875,4133283.958287722,0.2405174324976282 
 03/02  21:00:00,6.85,95.0,7.21,0.0,0.0,1.0,0.0,0.0,2.0,0.0,0.0,4.0,0.0,0.0,0.0,771.0,0.0,0.0,0.0,0.0,0.0,0.0,0.0,0.0,0.0,0.0,0.0,20.959243499724047,-992.6630469326382,20.483810021312185,-143.9072537378587,21.076859323080293,-1614.4283725268834,19.59439758543495,568.0364226489072,14.54686975280148,54.169492483641068,18.655799539491363,-53.02559595307698,17.29463975733557,237.33917719290509,16.13834458055652,-64.70521905424468,16.48290173579147,-400.1034512610865,1156.5931290106206,1063.2822573210943,0.0,0.0,0.0,0.0,0.0,0.0,0.0,0.0,0.0,0.0,0.0,0.0,0.0,0.0,0.0,0.0,0.0,0.0,0.0,0.0,0.0,0.0,1.4623199207248612,0.44637360217486646,228.75282684567277,260.00906447428386,6649.098930713496,0.1737668548130426,0.026521192737033389,26.40403149240614,30.05059416113425,753.1933030368131,1.506525855460898,0.28467986686713905,385.6085423752748,438.3377217859264,11099.561285253152,0.38059359482207297,0.07191866871165402,345.2103259109696,394.17607323836548,9160.810081299565,0.0,0.0,12.194398039979689,14.213258417819752,188.12795024689567,0.0,0.0,14.923086322487471,17.090961262407214,366.7420478475357,0.0,0.0,243.01504309879688,280.24146146313208,5216.8178552040649,0.0,0.0,30.188832077911518,34.99320834088658,552.633414803088,0.0,0.0,160.25952812240252,185.61447422434078,3076.8400678596237,43.861088204663527,30.083050894830984,382.4768611913074,438.90915390256625,10088.668648363331,0.0,0.0,186.17988765662123,216.88896769223946,2977.016983822778,1635.5983572751357,21.98681880772495,39.67368802556157,22.000000000000019,30.00000000000002,0.0,21.549129597454085,46.61971851959748,21.000000000000015,30.00000000000002,2421.490642581026,21.722727120011294,39.800195387243658,21.666666666666687,30.00000000000002,0.0,20.569667917791816,42.950884250406179,16.000000000000015,30.00000000000002,0.0,14.665512158250483,62.937248568720878,12.00000000000001,30.00000000000002,0.0,19.51557885507609,53.09620422985505,19.000000000000015,30.00000000000002,0.0,17.868789774598253,51.087437798854129,10.000000000000007,30.00000000000002,0.0,16.183890190907876,57.019847722169519,12.00000000000001,30.00000000000002,1024.1404114349387,16.677368440703299,55.30061417997207,16.66666666666668,30.00000000000002,0.0,18.97898700657066,0.0,0.0,0.0,14.913769480526,0.0,0.0,654.1106898050194,977.8642789705964,624.0303429784418,636.8189427429245,663.7813899587266,1077.295453625898,650.9294318799684,659.8229553069696,660.6252346703276,10182.978386618808,81.27141232837073,86.24104180402789,570.0000000000005,0.0,570.0000000000005,570.0000000000005,21.0,16.0,19.0,16.0,12.0,12.0,21.0,10.0,1.0,0.0,1635.5983572751357,0.0,2421.490642581026,0.0,0.0,0.0,0.0,1024.1404114349387,7520.2720853158739,4512163.251189521,5865196.164013147,81.27141232837073,86.32544261056218,0.36400906951052927,0.7666876742513465,0.3602813740196598,86.32544261056218,0.3542647819438878,5865196.164013147,0.330608533862017 
 03/02  21:10:00,6.77,94.83333333333334,6.868333333333334,0.0,0.0,1.0,0.0,0.0,2.0,0.0,0.0,4.0,0.0,0.0,0.0,771.0,0.0,0.0,0.0,0.0,0.0,0.0,0.0,0.0,0.0,0.0,0.0,20.63778014263422,-352.87627333885396,20.192579007288385,-92.68686130728099,20.85535553739132,-1929.941151464623,19.663430231425474,520.5985943957034,14.55703753465742,52.61401033649577,18.43853903404782,-35.40404399511044,17.334428050843888,168.97396151539639,15.968812109110317,-73.85637875464963,16.635854854828005,-472.1118978665187,1198.992760948945,1149.5382218385742,0.0,0.0,0.0,0.0,0.0,0.0,0.0,0.0,0.0,0.0,0.0,0.0,0.0,0.0,0.0,0.0,0.0,0.0,0.0,0.0,0.0,0.0,1.5396143845124835,0.4699677608401964,279.6002221392298,318.57663516296835,7864.713918162721,0.226362385822376,0.03454859368473383,20.038696466051634,22.810576234205209,558.7827199560817,1.3833844083448939,0.26141050800168078,458.02889496811926,521.0467935003082,13037.775234781542,0.3395229584869571,0.06415777749186641,301.59780950557396,344.1428099703296,8106.554310607004,0.0,0.0,11.646719683999159,13.57510268342303,181.71443914854437,0.0,0.0,13.567102923965264,15.557279046162245,326.33029330782389,0.0,0.0,238.42010953031093,274.9649043406017,5168.06392892576,0.0,0.0,38.65304284762947,44.85559282105696,697.5975482497406,0.0,0.0,152.75027854830513,176.78001242657428,3037.4602259249766,43.28410467131588,29.687314589379903,438.6284545753579,502.72207061095198,11729.615191147135,0.0,0.0,184.48534136848293,214.8636476916625,3020.6044054361639,554.84295899821,21.327481717120479,40.97796473663142,21.333333333333337,30.0,32.71575826761122,21.093995132937708,49.36237471859256,21.0,30.0,1862.7802117999464,21.609653865393676,39.852254546737679,21.666666666666669,30.0,0.0,20.66067220274568,42.417162589703888,16.0,30.0,0.0,14.67557672148375,62.87976778210587,12.0,30.0,0.0,19.152180847844176,54.25894506565152,19.0,30.0,0.0,17.894956600563448,51.02774197146118,10.0,30.0,0.0,15.957538095075336,57.89182278669888,12.0,30.0,493.9506733247089,16.913776790469578,54.45701757143709,16.666666666666666,30.0,0.0,19.19988048651194,0.0,0.0,0.0,14.951474990518309,0.0,0.0,635.7083910302742,1061.3482836589604,611.8588496130378,622.07272818262,662.553621114412,1076.3739205036398,652.8791020878273,661.7511514847963,660.8842620223484,9043.700103622396,82.02498199883283,84.35060852906004,570.0,0.0,570.0,570.0,21.0,16.0,19.0,16.0,12.0,12.0,21.0,10.0,1.0,0.0,554.84295899821,32.71575826761122,1862.7802117999464,0.0,0.0,0.0,0.0,493.9506733247089,3519.5504590304565,2111730.275418274,2772991.5343743695,82.02498199883283,84.39010538809353,0.3439850153010152,0.7643366099071816,0.36028137401965956,84.39010538809353,0.3542647819438875,2772991.5343743695,0.16984555978746725 
 03/02  21:20:00,6.69,94.66666666666667,6.526666666666667,0.0,0.0,1.0,0.0,0.0,2.0,0.0,0.0,4.0,0.0,0.0,0.0,1028.0,0.0,0.0,0.0,0.0,0.0,0.0,0.0,0.0,0.0,0.0,0.0,20.683717245439543,-0.012776047371062305,20.648720679792015,-150.66789407283364,21.05148160551753,-2249.4330862047688,19.750066065972328,587.788706567882,14.562371306278387,52.159360460915198,18.882498573129185,-46.89381300471807,17.33291193173424,127.12890825763361,15.833907360035847,-65.13881858549832,16.29582284492995,-331.06117621492026,1246.7112128783429,1154.0302589864264,0.0,0.0,0.0,0.0,0.0,0.0,0.0,0.0,0.0,0.0,0.0,0.0,0.0,0.0,0.0,0.0,0.0,0.0,0.0,0.0,0.0,0.0,1.568612120061451,0.4788193284680864,190.37519377710806,216.81615766500469,5380.661936388989,0.18062803215803145,0.027568380976500524,27.961576289838307,31.73208898266101,820.7109330578934,1.4303016077178435,0.27027619193458876,475.9211564700877,541.5468224075628,13765.129530046908,0.36055603182366188,0.06813228114581666,343.8789456148989,392.587533653963,9363.865112373096,0.0,0.0,11.722405569196252,13.66857452307166,184.74096127808304,0.0,0.0,14.552562063433305,16.65353979252071,368.0401647778798,0.0,0.0,246.08938538215518,283.7071679598911,5373.479398889614,0.0,0.0,37.467525333850669,43.51715312278455,670.1112881567427,0.0,0.0,161.32635064400896,186.95896990054653,3047.0918263061637,42.94272748781415,29.453173859954846,444.0182526020421,509.13481424937438,11995.508542457606,0.0,0.0,192.56615008684188,224.24584435006273,3135.19125711282,0.0,21.298560135163514,41.21701477704097,21.0,30.0,1087.2111967964516,21.84569351527314,47.12909448493822,21.75,30.0,2663.5031962061336,21.726743276435277,39.46722186888555,21.75,30.0,0.0,20.80205503818035,41.89913085997046,16.0,30.0,0.0,14.677033533981643,62.89881609371508,12.0,30.0,875.221831635748,19.726832791135544,52.440492230763229,19.5,30.0,0.0,17.8927532415379,51.12345709937635,10.0,30.0,0.0,15.791443673558913,58.60582663933233,12.0,30.0,0.0,16.338968774096846,56.56496258714795,16.0,30.0,0.0,19.385117938126997,0.0,0.0,0.0,14.922083207416304,0.0,0.0,648.7535389112811,1072.422831732702,609.2904971663115,616.4426025326729,663.9819037468611,1085.8204838821167,657.8173168247381,666.2895964127278,665.033833936529,8535.727100118458,80.5668091975526,86.11315168165446,570.0,0.0,570.0,570.0,21.0,16.0,19.0,16.0,12.0,12.0,21.0,10.0,1.0,0.0,0.0,1087.2111967964516,2663.5031962061336,0.0,875.221831635748,0.0,0.0,0.0,8393.182989501396,5035909.7937008379,6583905.334231439,80.5668091975526,86.20734698962795,0.2797727663167132,0.5736456763228479,0.27021103051474468,86.20734698962795,0.2656985864579156,6583905.334231439,0.36785474404670157 
 03/02  21:30:00,6.609999999999999,94.5,6.1850000000000009,0.0,0.0,1.0,0.0,0.0,2.0,0.0,0.0,4.0,0.0,0.0,0.0,1548.0,0.0,0.0,0.0,0.0,0.0,0.0,0.0,0.0,0.0,0.0,0.0,20.75038994710794,-688.2545666953006,20.44702214822541,-110.23564233948389,20.89840761426438,-1390.6956398230764,19.760240814925859,457.05326705037887,14.569385799866124,52.38910452678675,18.82776577515888,-60.83831320977207,17.275955161611479,262.40666668620596,15.733455452166226,-60.30561988447404,16.4625062753839,-369.92417100851545,1131.1879957735737,1063.4823715082856,0.0,0.0,0.0,0.0,0.0,0.0,0.0,0.0,0.0,0.0,0.0,0.0,0.0,0.0,0.0,0.0,0.0,0.0,0.0,0.0,0.0,0.0,1.516001634101227,0.4627599615693615,195.66156178796434,222.9251371004059,5677.096220135294,0.21366717515543538,0.03261098521908357,21.576732872839174,24.584773496968546,624.259678269174,1.512318682862693,0.285774505454024,349.92360235350659,398.71902733160189,10112.626412613945,0.36628123320298447,0.06921414081689054,304.18633749936239,347.3577643559481,8323.850534223833,0.0,0.0,12.199261543580969,14.225734534043719,194.28980108073419,0.0,0.0,15.24249885980754,17.45314739038257,387.8836003219379,0.0,0.0,240.63439950373295,277.70558927089658,5251.157689330838,0.0,0.0,38.744856278207809,45.02096088891004,690.5588620384583,0.0,0.0,151.70411955496008,175.87196774686655,2951.5744338067208,42.38202502858378,29.068604272005375,348.22709892167969,400.04787577643449,9489.706890445008,0.0,0.0,183.00118890447693,213.34934652617447,2991.8037800904514,1008.7041882001064,21.590849392094694,40.267134196017639,21.500000000000019,30.00000000000002,0.0,21.467360852227178,47.72891375176935,21.000000000000019,30.00000000000002,1818.9147951826722,21.580299060408256,39.88810949129585,21.500000000000019,30.00000000000002,0.0,20.7798304774531,42.04309177004105,16.00000000000001,30.00000000000002,0.0,14.682751514263805,63.01674125582521,12.00000000000001,30.00000000000002,0.0,19.746985044086107,52.57242688020404,19.000000000000015,30.00000000000002,0.0,17.813168495022514,51.363110396579269,10.000000000000007,30.00000000000002,0.0,15.680697535366102,59.07666994622277,12.00000000000001,30.00000000000002,892.4010354012594,16.59850191345138,55.73756019334712,16.333333333333348,30.00000000000002,0.0,19.085776124471747,0.0,0.0,0.0,14.872169593973548,0.0,0.0,640.2235782830198,1042.673938088573,617.3313464594261,624.8045415788631,670.9474140772411,1091.897657935887,659.2964432083032,669.8131132772797,670.1698963604476,7754.105081539097,82.01387291063861,83.29255783657662,570.0000000000005,0.0,570.0000000000005,570.0000000000005,21.0,16.0,19.0,16.0,12.0,12.0,21.0,10.0,1.0,0.0,1008.7041882001064,0.0,1818.9147951826722,0.0,0.0,0.0,0.0,892.4010354012594,1934.9373375487683,1160962.40252926,1504324.7356380714,82.01387291063861,83.31427415156168,0.2911645779182924,0.6412360262255514,0.3002344783497165,83.31427415156168,0.29522065161990648,1504324.7356380714,0.10355821958651307 
 03/02  21:40:00,6.529999999999999,94.33333333333334,5.843333333333334,0.0,0.0,1.0,0.0,0.0,2.0,0.0,0.0,4.0,0.0,0.0,0.0,777.0,0.0,0.0,0.0,0.0,0.0,0.0,0.0,0.0,0.0,0.0,0.0,20.89916322518568,-737.2186012028217,20.45478832686247,-85.25163770454634,21.08894538377625,-1719.5722592390033,19.68745545780994,461.186928170025,14.576083578074377,51.76090204321851,18.56500574770111,-50.712948503476628,17.361479951518854,148.91920656490414,15.633961005923405,-53.45463135347083,16.32227421359144,-346.5149978444284,1065.2290726458496,1149.8656628498694,0.0,0.0,0.0,0.0,0.0,0.0,0.0,0.0,0.0,0.0,0.0,0.0,0.0,0.0,0.0,0.0,0.0,0.0,0.0,0.0,0.0,0.0,1.5116455048958882,0.4614302517997221,165.85890898014578,188.63990739546802,4906.105800994475,0.23565831839911614,0.03596738681305195,18.252542204574387,20.787258943944417,521.7455205965418,1.4871276532683882,0.281014295780119,324.92254788228549,369.3097349159541,9528.759699893573,0.3623706422098756,0.06847517804419422,305.05287569417956,348.0772797373005,8325.669741651795,0.0,0.0,11.992620153759438,13.971177892054883,193.02748538059627,0.0,0.0,14.562389649663287,16.67682972309984,360.65277242445577,0.0,0.0,250.5633176287455,288.6480267959233,5567.436802217164,0.0,0.0,40.570791090363048,47.124087222707888,720.5624255021259,0.0,0.0,160.79129136387804,186.21605789633518,3100.375564857386,41.62559025651499,28.549787555908805,314.037095167356,360.4727545234946,8528.493370702974,0.0,0.0,193.64929637577309,225.3912128486845,3212.091443576992,1634.5718950042288,21.84870480439632,39.55313023045547,21.666666666666687,30.00000000000002,685.0323082092208,21.313041620849924,49.2702216830231,21.000000000000015,30.00000000000002,2524.4918108178947,21.687207026381985,39.437196066979627,21.666666666666687,30.00000000000002,0.0,20.637516246122133,42.43841865384789,16.000000000000015,30.00000000000002,0.0,14.68864329646614,62.92102971177434,12.00000000000001,30.00000000000002,0.0,19.301154526499248,53.892219872235859,19.000000000000015,30.00000000000002,0.0,17.93075091434698,50.94219995374953,10.000000000000007,30.00000000000002,0.0,15.562684788080436,59.55694720388695,12.00000000000001,30.00000000000002,0.0,16.374547490158265,56.50220876159122,16.000000000000015,30.00000000000002,0.0,18.78188262730579,0.0,0.0,0.0,14.928418962547572,0.0,0.0,637.4893543120996,1108.270273590587,610.7882775880752,628.9550381209544,669.1000312392247,1082.4796889178629,659.8728180272126,672.9499181577824,671.1854479879786,9315.932164996222,81.8450743355778,81.8450743355778,570.0000000000005,0.0,570.0000000000005,570.0000000000005,21.0,16.0,19.0,16.0,12.0,12.0,21.0,10.0,1.0,0.0,1634.5718950042288,685.0323082092208,2524.4918108178947,0.0,0.0,0.0,0.0,0.0,0.0,0.0,0.0,81.8450743355778,81.8450743355778,0.3400000000000003,0.7704208429220794,0.3602813740196598,81.8450743355778,0.3542647819438878,0.0,0.025174999999999997 
 03/02  21:50:00,6.45,94.16666666666667,5.501666666666667,0.0,0.0,1.0,0.0,0.0,2.0,0.0,0.0,4.0,0.0,0.0,0.0,1036.0,0.0,0.0,0.0,0.0,0.0,0.0,0.0,0.0,0.0,0.0,0.0,20.84504108060157,-737.8348496294032,20.714035051663893,-190.09223060774398,21.076154554795065,-1531.6566159895884,19.693774257357263,458.93278073860918,14.583393421921376,50.66018431495783,18.627783968524008,-38.61448719527506,17.284664479223787,154.37628733763746,15.569768663068887,-38.38871332788267,16.740151986303994,-387.3946308256401,1059.104250225956,1095.9345268534517,0.0,0.0,0.0,0.0,0.0,0.0,0.0,0.0,0.0,0.0,0.0,0.0,0.0,0.0,0.0,0.0,0.0,0.0,0.0,0.0,0.0,0.0,1.5637704407275433,0.477341404373487,174.19533075321858,198.38915479511187,5109.280899931326,0.14733424292599946,0.02248691131349198,30.334227838294838,34.43629433525532,901.9543803412528,1.5469833423360047,0.29232489462131619,321.0040805679971,365.204700308676,9416.396516376835,0.37496449877362317,0.07085496953394238,312.86266296323398,357.23486802563368,8581.092877550349,0.0,0.0,11.6882186242743,13.622811332458202,190.094309301671,0.0,0.0,14.318990341236809,16.418000747629777,354.29958766523739,0.0,0.0,248.2950634801138,286.43621507593869,5476.765307684794,0.0,0.0,40.06875779449402,46.56701417914306,713.4848248803531,0.0,0.0,160.41511899016329,185.83038648528899,3186.401865355935,41.05568729284332,28.158907608260173,323.48020464719698,371.47861451580197,8829.15233905204,0.0,0.0,192.5421887376681,224.30315380226734,3230.3731903270247,1020.754467142294,21.61888130659919,40.52311967216784,21.5,30.0,427.94415494075386,21.86518115338076,47.4109146342021,21.5,30.0,1893.7334761191017,21.604771672958166,39.623961851815497,21.5,30.0,0.0,20.63878577021832,42.38384231318844,16.0,30.0,0.0,14.69598592191139,62.917882460115098,12.0,30.0,447.9287249270396,19.21076787878847,54.13724573260446,19.0,30.0,0.0,17.767029107779316,51.54807915619738,10.0,30.0,0.0,15.505688090435129,59.67080337025196,12.0,30.0,1562.9853411330533,16.753885639919845,55.13353691232463,16.5,30.0,0.0,18.857241584329875,0.0,0.0,0.0,14.897613017571853,0.0,0.0,666.2611670736155,1097.1869884326214,615.1537966028934,631.2060177668284,672.1247742060384,1083.8594122204384,666.2356056479289,670.6348132719185,669.1064864062098,10755.867024108931,80.89278339562103,86.20282847146437,570.0,0.0,570.0,570.0,21.0,16.0,19.0,16.0,12.0,12.0,21.0,10.0,1.0,0.0,1020.754467142294,427.94415494075386,1893.7334761191017,0.0,447.9287249270396,0.0,0.0,1562.9853411330533,8035.971926737365,4821583.156042419,6295728.877708295,80.89278339562103,86.29301066499207,0.35286573089124559,0.7676423312236868,0.36028137401965956,86.29301066499207,0.3542647819438875,6295728.877708295,0.35245790164083137 
 03/02  22:00:00,6.37,94.0,5.16,0.0,0.0,0.0,0.0,0.0,2.0,0.0,0.0,4.0,0.0,0.0,0.0,1036.0,0.0,0.0,0.0,0.0,0.0,0.0,0.0,0.0,0.0,0.0,0.0,20.67441352332574,-477.66868050527,20.528600643676705,-138.72977249019059,21.175607680776119,-1828.7247793446366,19.76403239930763,415.0809397682473,14.588137505947186,46.61444510497647,19.0321721247825,-29.765735287070613,17.41201069137663,234.15832150675193,15.514543745030516,-86.021352941521,16.895367563051509,-488.72806261914,1097.9972802819487,1104.4048519008134,0.0,0.0,0.0,0.0,0.0,0.0,0.0,0.0,0.0,0.0,0.0,0.0,0.0,0.0,0.0,0.0,0.0,0.0,0.0,0.0,0.0,0.0,1.5864390515582323,0.4842610047491552,249.3115963242454,284.0313861932856,7231.750312215374,0.19560895501956813,0.0298548466147082,27.859377905101728,31.694204873175456,808.7981616210723,1.5084515056123638,0.2850437463364256,398.037997494425,452.77257322130085,11682.918129912867,0.3549107817021562,0.06706552942217613,244.37196487682989,278.6680298729169,6734.5368995952189,0.0,0.0,11.243335413642623,13.10315228611357,184.6614804187165,0.0,0.0,13.528850208714167,15.467134503708675,354.6700404958116,0.0,0.0,208.59959138886476,240.37294203239643,4733.349560840532,0.0,0.0,49.01378683502111,56.99096536330003,869.9650115146878,0.0,0.0,119.89517956139842,138.55318950134547,2533.5645996811356,40.2957337329292,27.637677457427448,389.8731836433792,447.0255541889069,10729.041371061376,0.0,0.0,156.4238379824785,182.26397242626798,2603.277453158626,637.3682515124592,21.303535935336599,41.1456369833447,21.25,30.0,0.0,21.362522766035434,47.852323678620397,21.0,30.0,2141.3248183858006,21.661246737820507,39.50883832623892,21.5,30.0,0.0,20.59366284719888,42.6623933325279,16.0,30.0,0.0,14.698391003641272,62.93771537665375,12.0,30.0,322.6205791905792,19.91759894520105,52.26068321876256,19.5,30.0,0.0,18.021757092639793,50.66356012253914,10.0,30.0,0.0,15.393552330618642,60.22783377651322,12.0,30.0,0.0,17.1705551447244,53.75305639807203,16.0,30.0,0.0,19.079926751230908,0.0,0.0,0.0,14.740050847667169,0.0,0.0,663.416650104203,1040.7347792863982,624.762129012448,646.638849547725,676.5026840756735,1111.7246219857848,669.2025489344917,680.8590072001513,680.1402431992519,9171.571287081273,81.94045395933827,83.67321434907102,570.0,0.0,570.0,570.0,21.0,16.0,19.0,16.0,12.0,12.0,21.0,10.0,1.0,0.0,637.3682515124592,0.0,2141.3248183858006,0.0,322.6205791905792,0.0,0.0,0.0,2622.3377395727436,1573402.643743646,2043762.9427733338,81.94045395933827,83.7026423728584,0.34241125798575819,0.7682075106122219,0.36028137401965956,83.7026423728584,0.3542647819438875,2043762.9427733338,0.13126067302421338 
 03/02  22:10:00,6.283333333333333,93.83333333333334,5.035000000000001,0.0,0.0,0.0,0.0,0.0,2.0,0.0,0.0,4.0,0.0,0.0,0.0,2331.0,0.0,0.0,0.0,0.0,0.0,0.0,0.0,0.0,0.0,0.0,0.0,20.682944623194087,-344.6120438147103,20.508118775023396,-93.44734076072463,21.114961760508604,-1644.7225193752243,19.85399168777189,409.3811162845168,14.594011317232296,49.41042597326743,18.85535179634917,-39.470402102398718,17.39188043755454,50.761031932432647,15.445436595109343,-69.74114695581788,18.052424289766898,-489.8423126788956,1061.008281145287,1127.0260273576055,0.0,0.0,0.0,0.0,0.0,0.0,0.0,0.0,0.0,0.0,0.0,0.0,0.0,0.0,0.0,0.0,0.0,0.0,0.0,0.0,0.0,0.0,1.5696494537853805,0.4791359749039623,165.63031329613762,188.9210585977903,4837.213166200621,0.24139589292904019,0.036843085001379758,19.048741514719834,21.701240260885954,550.1843289908123,1.4924075869317187,0.2820120156711487,352.02139498806988,401.20119026282569,10409.140706598977,0.3500118666223898,0.06613980850763221,278.1462341317263,317.90674420656276,7761.736291435024,0.0,0.0,12.30505005705865,14.349144100576322,204.29674516280444,0.0,0.0,13.359994127075235,15.306815758585297,344.3932467462658,0.0,0.0,190.371840710482,219.49807576413424,4312.680490660738,0.0,0.0,53.1966531510822,61.892496875821667,945.2989543995973,0.0,0.0,136.76968376153895,156.96388564495079,3384.190388825176,40.113093806485107,27.51241001816536,329.4887132368634,378.68348031118895,9200.213718613979,0.0,0.0,145.72654838816124,169.70105363070358,2485.5116783201758,495.9291950385027,21.30918688116054,40.82757616555742,21.222222222222219,29.999999999999994,236.97061289594786,21.111547108828935,49.054662664682059,21.111111111111108,29.999999999999994,1883.658575460304,21.53849330211531,39.585238719559338,21.55555555555555,29.999999999999994,0.0,20.741083968251645,41.83762405875568,15.999999999999997,29.999999999999994,0.0,14.703456875051576,62.849656118793358,11.999999999999997,29.999999999999994,0.0,19.590269510070546,52.18791600722479,18.999999999999998,29.999999999999994,0.0,17.956724129510055,50.787685270030859,9.999999999999999,29.999999999999994,0.0,15.318068732813407,60.52411646870726,11.999999999999997,29.999999999999994,2948.4444081318708,18.731769825253548,48.65455819934244,19.999999999999998,29.999999999999994,0.0,18.98084154550226,0.0,0.0,0.0,14.758088057513337,0.0,0.0,655.5426396550054,1075.821669037042,620.7602879585481,632.2807158728728,677.2851876672036,1095.477905086396,671.2987831425364,685.3633211275238,678.1961078031791,10521.586856285312,81.04765598110808,84.3892996401757,569.9999999999999,0.0,569.9999999999999,569.9999999999999,21.0,16.0,19.0,19.0,12.0,12.0,21.0,10.0,1.0,0.0,495.9291950385027,236.97061289594786,1883.658575460304,0.0,0.0,0.0,0.0,2948.4444081318708,5056.709844261197,3034025.9065567187,3956112.7563652677,81.04765598110808,84.4460518430023,0.35744588369759547,0.7687298244447223,0.36028137401965945,84.4460518430023,0.3542647819438875,3956112.7563652677,0.2306078633309939 
 03/02  22:20:00,6.196666666666667,93.66666666666667,4.91,0.0,0.0,0.0,0.0,0.0,2.0,0.0,0.0,4.0,0.0,0.0,0.0,777.0,0.0,0.0,0.0,0.0,0.0,0.0,0.0,0.0,0.0,0.0,0.0,21.01543771065574,-868.966540067591,20.877685542935557,-139.97677499943547,21.255941130655424,-1576.2801543542783,19.89265291691869,605.7830592455229,14.608133135642003,57.75632829177465,18.671842761929186,-53.58494404904046,17.109965689104379,109.88894936931742,15.430220266398248,14.055135455453474,18.6873782145893,-1069.8234410407443,1128.7158211528893,1633.5393328956657,0.0,0.0,0.0,0.0,0.0,0.0,0.0,0.0,0.0,0.0,0.0,0.0,0.0,0.0,0.0,0.0,0.0,0.0,0.0,0.0,0.0,0.0,1.522069025020783,0.46461203449962837,202.73159140811632,230.43159091851079,6131.642182676111,0.21593802661777457,0.03295757427011211,22.713094141710266,25.758068753295008,692.0332162502946,1.5942702656102883,0.30126044323701597,380.01973607710377,431.7723016957538,11525.936559392754,0.39471480546808287,0.07458707586320535,338.5967814022881,386.15757916789587,9549.437972772264,0.0,0.0,13.728369544511825,15.988274415551216,230.86055118769577,0.0,0.0,15.285330771390513,17.508648927106397,387.52464757696159,0.0,0.0,271.22460144621348,312.77015814712379,5958.952549388612,0.0,0.0,56.90375836859445,66.13097198207605,1023.6737522204247,0.0,0.0,240.10941544728056,274.69466002923499,6298.867869753634,40.2452618196357,27.603060232946299,360.7438054111935,413.74091494116319,10079.83248585439,0.0,0.0,227.51493158174015,263.450725990295,4474.487896912788,1206.6892174759196,21.895251892643736,39.52745580011646,21.66666666666666,29.999999999999998,779.5369440995489,21.936916666047368,46.93778861308667,21.66666666666666,29.999999999999998,2059.3228543937918,21.925741621130024,38.67852236411178,21.999999999999994,29.999999999999998,0.0,20.807184994036985,41.69383178826804,15.999999999999997,29.999999999999998,0.0,14.724410344479999,62.656630666861378,11.999999999999997,29.999999999999998,0.0,19.274314867735936,51.04287618352074,18.999999999999998,29.999999999999998,0.0,17.46015725865527,52.37022918558266,9.999999999999999,29.999999999999998,0.0,15.341203548542387,60.35201213221679,11.999999999999997,29.999999999999998,1296.0302087469766,19.83028265482176,45.32129618378578,19.666666666666666,29.999999999999998,0.0,19.164184055876647,0.0,0.0,0.0,16.02563370516813,0.0,0.0,667.0001726853013,1107.3560079039745,626.3312522744424,638.21274407381,677.6871907337375,1045.7666138449513,673.6644486896803,685.9044983460959,681.083721533467,11054.710958573922,80.69495946596092,85.82652411306126,569.9999999999999,0.0,569.9999999999999,569.9999999999999,21.0,16.0,19.0,19.0,12.0,12.0,21.0,10.0,1.0,0.0,1206.6892174759196,779.5369440995489,2059.3228543937918,0.0,0.0,0.0,0.0,1296.0302087469766,7765.060493800531,4659036.296280319,6063209.594639765,80.69495946596092,85.91367511639453,0.37216868312668435,0.7665714693011743,0.3602813740196595,85.91367511639453,0.35426478194388746,6063209.594639765,0.3400818989212678 
 03/02  22:30:00,6.109999999999999,93.5,4.785,0.0,0.0,0.0,0.0,0.0,2.0,0.0,0.0,4.0,0.0,0.0,0.0,1036.0,0.0,0.0,0.0,0.0,0.0,0.0,0.0,0.0,0.0,0.0,0.0,20.7542457084688,-741.4645209328778,20.657130889090327,-129.71129620227226,21.12757939029666,-1404.7242802339684,19.961774527521027,405.76493192565,14.625244134455855,58.203188734779747,18.548529039503735,-46.36041207962553,17.115377205477374,99.4743525979809,15.516152309226042,51.96928996249869,18.642243214237895,-1043.3764130246785,1121.3225615088682,1557.5415659132733,0.0,0.0,0.0,0.0,0.0,0.0,0.0,0.0,0.0,0.0,0.0,0.0,0.0,0.0,0.0,0.0,0.0,0.0,0.0,0.0,0.0,0.0,1.5816752312818925,0.4828068471556449,227.95617579535313,259.40108028939428,6824.548949115606,0.19851965550181964,0.030299092720057945,25.216682712241508,28.689457377801636,752.9050841782457,1.5736801501784566,0.2973696428908649,363.8302804326734,413.9485164397862,10890.715253445596,0.3632181331478176,0.06863532372407738,254.7196184382873,290.61079905806238,7265.086745984403,0.0,0.0,13.224353943486387,15.407034733456025,225.23030719700939,0.0,0.0,14.97547717288365,17.181192714227934,376.8348038964523,0.0,0.0,272.9405378424411,315.0009330058897,6056.962998023575,0.0,0.0,53.4615778168714,62.12115384977646,990.3558856402198,0.0,0.0,243.26090555476277,278.6931834436701,6364.834164039473,39.91090099173273,27.373731818746739,352.7843433627028,404.71193550393346,9978.024431082233,0.0,0.0,231.60358174513858,268.4831438422871,4582.047374901298,1272.7461523213706,21.546032970289166,40.23959332206492,21.75,30.0,0.0,21.507826707119038,47.547598449097957,21.0,30.0,1708.4237291112946,21.592109346313408,39.39916548798766,21.5,30.0,0.0,20.862512870517457,41.59912449708463,16.0,30.0,0.0,14.748589138641102,62.483287310808169,12.0,30.0,0.0,19.076472125904105,50.38583834113741,19.0,30.0,0.0,17.48026550725592,52.286574918160159,10.0,30.0,0.0,15.534383584927835,59.45591570936735,12.0,30.0,2112.101027853252,19.61811166886605,45.863294631290418,19.75,30.0,0.0,19.20075254711024,0.0,0.0,0.0,16.14837241953532,0.0,0.0,666.1673838028833,1072.3613488797224,628.1690515322188,645.6968080064055,678.7076656597471,1012.4594460872633,678.4341050351709,684.6138301908713,683.9445621898374,10451.972967188825,81.09365967533518,84.93556632508562,570.0,0.0,570.0,570.0,21.0,16.0,19.0,19.0,12.0,12.0,21.0,10.0,1.0,0.0,1272.7461523213706,0.0,1708.4237291112946,0.0,0.0,0.0,0.0,2112.101027853252,5813.657254174722,3488194.352504833,4537851.363077342,81.09365967533518,85.00081465425316,0.36378857513915749,0.7682206170649313,0.36028137401965956,85.00081465425316,0.3542647819438875,4537851.363077342,0.26066827088002178 
 03/02  22:40:00,6.023333333333333,93.33333333333334,4.66,0.0,0.0,0.0,0.0,0.0,2.0,0.0,0.0,0.0,0.0,0.0,0.0,1813.0,0.0,0.0,0.0,0.0,0.0,0.0,0.0,0.0,0.0,0.0,0.0,20.312794924772385,-317.50451526149149,20.216363796754029,-372.58575451628527,20.620609270413298,-708.9835607882598,19.888890247087806,170.2081266250863,14.639700840423878,57.20361754047721,18.34836321496926,-47.84841094709226,17.106612088447798,95.5694194438175,15.552187330950812,32.42165771327992,18.22041277114361,-629.6800108069356,895.730226484103,1261.8697157421457,0.0,0.0,0.0,0.0,0.0,0.0,0.0,0.0,0.0,0.0,0.0,0.0,0.0,0.0,0.0,0.0,0.0,0.0,0.0,0.0,0.0,0.0,1.5444936013616953,0.4714571432728013,241.48961109322836,275.9194505628922,6955.093391968254,0.284115031542269,0.043363100052238919,135.62179927574585,155.0002896216114,3890.135984154841,1.5127186785275207,0.285850090424702,199.9175954325438,228.35504641669989,5852.148199336267,0.3229041645454781,0.061017415824920328,160.00397841786683,183.07631818312988,4558.8879317441319,0.0,0.0,13.22555413095433,15.419425567574196,227.94809161311304,0.0,0.0,14.235913636587093,16.36438415279577,353.8270207027309,0.0,0.0,240.4439502138887,277.764773281055,5373.686525062277,0.0,0.0,50.03661679482978,58.165783352712427,943.219018844035,0.0,0.0,208.34548837024193,239.481315237828,5230.56522495171,39.32908501348642,26.974681079208837,294.0741547068107,338.08808931952958,8524.468248491557,0.0,0.0,197.08801685463903,228.9695016253456,3813.081236815606,0.0,20.783520817045138,43.937171992375137,21.714285714285738,30.000000000000033,0.0,20.775676121897648,44.19812374539301,12.000000000000015,30.000000000000033,0.0,20.96510434809165,41.627988047372458,21.428571428571453,30.000000000000033,0.0,20.695444583994627,42.699494909356939,12.000000000000015,30.000000000000033,0.0,14.76757303680116,62.477769902555809,12.000000000000015,30.000000000000033,0.0,18.813429916309699,50.260278906217987,12.000000000000015,30.000000000000033,0.0,17.469886977995068,53.085508017067159,10.00000000000001,30.000000000000033,0.0,15.617500488633958,59.15034850418397,12.000000000000015,30.000000000000033,0.0,18.90248693071064,48.37102943610574,19.428571428571453,30.000000000000033,0.0,18.553867418926797,0.0,0.0,0.0,15.821120193841951,0.0,0.0,770.4459680572564,789.0952919573322,676.8488564032628,689.6751585302801,686.3500917918075,988.8813649868382,718.7325105650627,690.9787872234441,709.9243675609347,0.0,83.46123182222499,83.46123182222499,60.000000000000067,0.0,60.000000000000067,60.000000000000067,12.0,12.0,12.0,19.0,12.0,12.0,21.0,10.0,0.0,0.0,0.0,0.0,0.0,0.0,0.0,0.0,0.0,0.0,0.0,0.0,0.0,83.46123182222499,83.46123182222499,0.0,0.0,0.0,83.46123182222499,0.0,0.0,0.00259 
 03/02  22:50:00,5.9366666666666669,93.16666666666666,4.535,0.0,0.0,0.0,0.0,0.0,2.0,0.0,0.0,0.0,0.0,0.0,0.0,1036.0,0.0,0.0,0.0,0.0,0.0,0.0,0.0,0.0,0.0,0.0,0.0,19.759498186402714,-136.54432613872678,19.753169008952797,-261.7206916749001,20.009682831187587,-330.59874439327066,19.507161319797328,-198.52734232904607,14.640606526394209,44.42010767611325,18.16814881207754,-35.22114686709803,17.00471495221189,52.5336000568218,15.516875309281872,-23.937426829688037,17.62526146825249,-201.61492384529152,820.799828273143,900.5012641767431,0.0,0.0,0.0,0.0,0.0,0.0,0.0,0.0,0.0,0.0,0.0,0.0,0.0,0.0,0.0,0.0,0.0,0.0,0.0,0.0,0.0,0.0,1.5004409219930116,0.4580100494484163,123.89675231980064,141.78333667496319,3378.3762851113008,0.2787759654239659,0.04254822427105706,61.74806776504468,70.6282361788763,1677.7739943457728,1.4551934799928855,0.2749798715028129,183.81694189467903,210.37782877949796,5025.575661500618,0.2859706668470483,0.054038296834287267,137.08648568150714,156.96610160512899,3733.441816658895,0.0,0.0,11.969920496259267,13.94724704207264,208.23265743194325,0.0,0.0,12.190742029258179,14.018611201471181,298.7601776771937,0.0,0.0,181.57906441116413,209.78077252817054,4030.636553265186,0.0,0.0,44.947747240123529,52.22687907699345,850.6482245831996,0.0,0.0,151.00997670492817,174.08437938370816,3534.5020368742809,38.38396433714802,26.32645016265297,186.9832178670936,215.59286826124225,5230.3067197430559,0.0,0.0,140.97121373051153,164.15231602729285,2533.4065141442067,0.0,19.89769936859482,44.512828553891768,22.0,30.0,0.0,20.015246547901424,43.74942697774256,12.0,30.0,0.0,19.985301914975979,43.64948711987377,22.0,30.0,0.0,19.96817203927149,43.79343076537389,12.0,30.0,0.0,14.761437062367794,62.72438739967396,12.0,30.0,0.0,18.5374353991264,50.576977746216879,12.0,30.0,0.0,17.295962749103049,53.30137348641178,10.0,30.0,0.0,15.564360072214594,59.67970284502269,12.0,30.0,0.0,17.92441653181776,51.42797981418831,20.0,30.0,0.0,17.82885916032936,0.0,0.0,0.0,14.989996651681187,0.0,0.0,687.3451646427267,676.9537603952888,656.4190721959337,660.2133565626699,700.3910401350599,992.548355229417,711.0828738283241,709.3303983043188,715.9458640769427,0.0,83.46123182222489,83.46123182222489,60.0,0.0,60.0,60.0,12.0,12.0,12.0,19.0,12.0,12.0,21.0,10.0,0.0,0.0,0.0,0.0,0.0,0.0,0.0,0.0,0.0,0.0,0.0,0.0,0.0,83.46123182222489,83.46123182222489,0.0,0.0,0.0,83.46123182222489,0.0,0.0,0.00258 
 03/02  23:00:00,5.85,93.0,4.41,0.0,0.0,0.0,0.0,0.0,2.0,0.0,0.0,0.0,0.0,0.0,0.0,1036.0,0.0,0.0,0.0,0.0,0.0,0.0,0.0,0.0,0.0,0.0,0.0,19.291257622615779,-157.87173446933844,19.386833431566168,-335.5194865125751,19.582044529075387,-465.31892789493898,19.07574113607224,-187.25847592541266,14.624385363435306,28.796195820366024,18.03673362357163,-26.136966330802737,16.856192139374273,-25.64083266804778,15.412840448847199,-77.51651162415362,17.343268753746064,-118.23489586131211,808.3203733159219,637.6242625501856,0.0,0.0,0.0,0.0,0.0,0.0,0.0,0.0,0.0,0.0,0.0,0.0,0.0,0.0,0.0,0.0,0.0,0.0,0.0,0.0,0.0,0.0,1.411172489622794,0.43076083321819105,282.358698442399,324.3787191367804,7315.364089408093,0.2521477291839535,0.03848408565078656,133.39194253558993,153.0069385733135,3511.353169139672,1.373419703281658,0.2595275327440775,304.8635399138389,350.04963042440587,8033.425133433974,0.26251099446805706,0.04960525216705535,170.03200132082584,195.33546576254765,4417.979281311473,0.0,0.0,10.424168816643947,12.146373777431349,182.3927073395843,0.0,0.0,10.746489381621368,12.366039171758385,261.52528735914935,0.0,0.0,137.10162911374278,158.4801080076644,2996.3994624229046,0.0,0.0,40.630532177844,47.233992836607189,762.1488183279113,0.0,0.0,111.56784828704656,128.74591570287886,2536.1052419593827,37.31192884926205,25.591172050248333,385.88035334247106,445.2740050621628,9967.117802221806,0.0,0.0,103.08988453597118,120.23733596384378,1741.5120268275417,0.0,19.152177817852075,45.1905815773235,22.0,30.0,0.0,19.436609465956168,43.84365506396472,12.0,30.0,0.0,19.331881124337586,44.43585201399105,22.0,30.0,0.0,19.225969463035449,45.13595212653593,12.0,30.0,0.0,14.725000149801451,62.69403583852703,12.0,30.0,0.0,18.356429036106357,50.62791369425005,12.0,30.0,0.0,17.033801050396528,53.144601307309979,10.0,30.0,0.0,15.387574836958934,60.28674595878181,12.0,30.0,0.0,17.502049538118663,52.006749804267048,20.0,30.0,0.0,17.823396965216604,0.0,0.0,0.0,14.39208813933003,0.0,0.0,635.1307723513957,616.0537071112262,624.2450587102969,639.2498217224573,702.0219115979576,1001.6337719276528,682.2692169684145,716.4292299649565,694.5044821752598,0.0,83.46123182222489,83.46123182222489,60.0,0.0,60.0,60.0,12.0,12.0,12.0,19.0,12.0,12.0,21.0,10.0,0.0,0.0,0.0,0.0,0.0,0.0,0.0,0.0,0.0,0.0,0.0,0.0,0.0,83.46123182222489,83.46123182222489,0.0,0.0,0.0,83.46123182222489,0.0,0.0,0.00257 
 03/02  23:10:00,5.82,92.66666666666667,4.388333333333334,0.0,0.0,0.0,0.0,0.0,2.0,0.0,0.0,0.0,0.0,0.0,0.0,777.0,0.0,0.0,0.0,0.0,0.0,0.0,0.0,0.0,0.0,0.0,0.0,19.056869891868027,-137.54809724420253,19.086323334598228,-256.2283909590127,19.268829331707459,-312.5643020758356,18.883556112345027,-101.46699100460319,14.60665777562727,26.341627154839786,17.929002177964557,-25.364865977592879,16.712180039925266,-21.84724435184035,15.322052976465436,-70.60939205356385,17.144734585597413,-92.9255818747406,752.9141762141453,627.9126020931597,0.0,0.0,0.0,0.0,0.0,0.0,0.0,0.0,0.0,0.0,0.0,0.0,0.0,0.0,0.0,0.0,0.0,0.0,0.0,0.0,0.0,0.0,1.396438430187746,0.42626325707806658,257.3463799264187,295.4740601650217,6542.173708311597,0.2541232831409627,0.03878560487499432,129.87321626772778,149.09416197423276,3318.2418477242119,1.3298445158350059,0.25129337033919249,205.19068281236333,235.51871480719516,5243.516225632949,0.25901394429880766,0.04894443391889788,109.14487344756887,125.27997473266743,2781.766298139917,0.0,0.0,10.14944546443305,11.823484714420867,177.54240071304083,0.0,0.0,10.617801974131125,12.217095943583619,256.1772775006403,0.0,0.0,136.09086297095275,157.40799091321714,2925.025102735132,0.0,0.0,39.28128909547489,45.66961707269908,728.8666237691662,0.0,0.0,110.97723260377048,128.16709637904274,2472.6009042681555,37.0571315238232,25.4164139395221,301.75305374161027,347.9129043266166,7794.29408354406,0.0,0.0,103.0381211347395,120.2107955915005,1723.7696051452293,0.0,18.861399393425289,45.52916254423819,22.0,30.0,0.0,18.993562061543864,44.47941689177072,12.0,30.0,0.0,18.925030473009725,44.8672639136061,22.0,30.0,0.0,18.958050485019489,45.41778828972663,12.0,30.0,0.0,14.691158823872606,62.46411903710562,12.0,30.0,0.0,18.214228085481297,50.54169341739296,12.0,30.0,0.0,16.803461130598465,53.38525056693858,10.0,30.0,0.0,15.249081551183615,60.392961449429169,12.0,30.0,0.0,17.223096174667476,52.43251219066038,20.0,30.0,0.0,17.63390737281844,0.0,0.0,0.0,14.276442192901094,0.0,0.0,618.8091149553847,595.373384221361,601.5204987138076,623.6785097257414,696.9701992562027,1008.9198917191259,667.931954858576,709.0365005019361,680.4955303864385,0.0,83.46123182222489,83.46123182222489,60.0,0.0,60.0,60.0,12.0,12.0,12.0,19.0,12.0,12.0,21.0,10.0,0.0,0.0,0.0,0.0,0.0,0.0,0.0,0.0,0.0,0.0,0.0,0.0,0.0,83.46123182222489,83.46123182222489,0.0,0.0,0.0,83.46123182222489,0.0,0.0,0.0025599999999999999 
 03/02  23:20:00,5.79,92.33333333333334,4.366666666666667,0.0,0.0,0.0,0.0,0.0,2.0,0.0,0.0,0.0,0.0,0.0,0.0,777.0,0.0,0.0,0.0,0.0,0.0,0.0,0.0,0.0,0.0,0.0,0.0,18.803927599587717,-154.5860047839511,18.827459927897459,-287.2380868822513,18.945921028275664,-354.506441035852,18.688394632040063,-148.55440965735483,14.588196672960202,21.039479197029107,17.839274568305258,-25.78084486580039,16.578252038931809,-51.31802752235533,15.24608230821964,-75.11663233434688,16.990846652824179,-100.63180807416387,704.9572914644132,569.9917346736307,0.0,0.0,0.0,0.0,0.0,0.0,0.0,0.0,0.0,0.0,0.0,0.0,0.0,0.0,0.0,0.0,0.0,0.0,0.0,0.0,0.0,0.0,1.3459442526738533,0.41084989397858759,322.9685038249469,371.5111596110569,8024.28438754908,0.2426998003156639,0.037042094065272267,147.5421962247607,169.68685383342456,3678.9899851174197,1.283925811952521,0.242616366582109,315.41282486549087,363.12493948861808,7791.89121731349,0.24515755417705965,0.04632606843859778,169.06400683328975,194.52648561546423,4235.60712086069,0.0,0.0,9.588699584131803,11.171256862880402,167.7037027992577,0.0,0.0,10.691200866386499,12.307540075091716,256.3640342684612,0.0,0.0,128.5809831096995,148.82499611640675,2719.667111215006,0.0,0.0,37.339614110792229,43.430412525238029,687.3704575588392,0.0,0.0,104.85454174738197,121.17696978089117,2301.0832066824007,36.56319234788107,25.07763535519964,429.9938931566795,496.54343752039417,10672.178187911786,0.0,0.0,97.73047040846818,114.07963699569753,1608.2037016665518,0.0,18.520797236892549,45.93286659123092,21.999999999999994,29.99999999999999,0.0,18.62252920908381,44.62171332240061,11.999999999999995,29.99999999999999,0.0,18.464957632140604,45.376705684631499,21.999999999999994,29.99999999999999,0.0,18.662870178022396,45.68987264117721,11.999999999999995,29.99999999999999,0.0,14.658760506075119,62.03472914989066,11.999999999999995,29.99999999999999,0.0,18.103220814005796,50.266170352424129,11.999999999999995,29.99999999999999,0.0,16.592814902171136,53.289220302970637,9.999999999999997,29.99999999999999,0.0,15.141631128467714,59.98881335247961,11.999999999999995,29.99999999999999,0.0,17.016349782404214,52.329586602970028,19.999999999999994,29.99999999999999,0.0,17.495678818087183,0.0,0.0,0.0,14.10192893659937,0.0,0.0,601.606542086518,568.9179533671,578.7573058116124,606.9591716535995,686.328883857306,1005.1015316103382,647.9590777412582,692.1423665376556,660.060193075762,0.0,83.46123182222485,83.46123182222485,59.99999999999998,0.0,59.99999999999998,59.99999999999998,12.0,12.0,12.0,19.0,12.0,12.0,21.0,10.0,0.0,0.0,0.0,0.0,0.0,0.0,0.0,0.0,0.0,0.0,0.0,0.0,0.0,83.46123182222485,83.46123182222485,0.0,0.0,0.0,83.46123182222485,0.0,0.0,0.002556666666666667 
 03/02  23:30:00,5.76,92.0,4.345000000000001,0.0,0.0,0.0,0.0,0.0,2.0,0.0,0.0,0.0,0.0,0.0,0.0,518.0,0.0,0.0,0.0,0.0,0.0,0.0,0.0,0.0,0.0,0.0,0.0,18.665240554570596,-64.46937313980198,18.684677214294426,-174.50157065865074,18.826729014363079,-341.9021332689881,18.504048838593137,-102.63213003867668,14.571091006189255,20.574346970381727,17.755083243909199,-26.710728283944037,16.47352471416866,-35.80192113184785,15.180483288427226,-70.43670774388312,16.862480479729827,-86.74389604815542,621.0031851397475,580.3008978502708,0.0,0.0,0.0,0.0,0.0,0.0,0.0,0.0,0.0,0.0,0.0,0.0,0.0,0.0,0.0,0.0,0.0,0.0,0.0,0.0,0.0,0.0,1.3342075375988545,0.4072672581193084,164.52748728020266,189.018430258739,4076.5760189154004,0.250323956291157,0.03820573203466987,72.39444574071523,83.21257727568026,1794.2031501988493,1.2683724807310977,0.2396773395183481,249.73666732453564,287.04523895221879,6148.027814929805,0.24971821833904968,0.047187871946154497,159.23303040537287,183.04389078290778,3915.7983606582395,0.0,0.0,9.604699414595391,11.182228324605348,168.0820599770411,0.0,0.0,10.499601540522768,12.08168581964697,250.38916730743143,0.0,0.0,131.29779864038265,151.93458439546499,2749.4601834185107,0.0,0.0,36.757969521504168,42.73316377601609,672.9630119151427,0.0,0.0,106.9757419663576,123.61002274505717,2321.674464223588,36.42018904889333,24.979553531476915,263.80173385342649,304.44825534500867,6692.4821792820089,0.0,0.0,99.56834889690248,116.17352909001726,1631.5334672274863,0.0,18.403476621352504,45.81599643370042,22.0,30.0,0.0,18.47813550669467,44.81821298410916,12.0,30.0,0.0,18.397393129767296,45.60961347746764,22.0,30.0,0.0,18.39640085418967,45.863481860342179,12.0,30.0,0.0,14.632028099041437,61.562395430471678,12.0,30.0,0.0,17.999603989984068,49.98573566412958,12.0,30.0,0.0,16.447786632903008,53.417274831320387,10.0,30.0,0.0,15.056224936478503,59.80644221291806,12.0,30.0,0.0,16.85292308906245,52.48567415837965,20.0,30.0,0.0,17.176930964526727,0.0,0.0,0.0,14.03517973874326,0.0,0.0,588.4946499142309,563.664930502776,581.8732625219254,589.0014456551306,674.8303238541158,1000.0495373581216,638.9824927961788,681.4867867973237,650.474055763499,0.0,83.46123182222489,83.46123182222489,60.0,0.0,60.0,60.0,12.0,12.0,12.0,19.0,12.0,12.0,21.0,10.0,0.0,0.0,0.0,0.0,0.0,0.0,0.0,0.0,0.0,0.0,0.0,0.0,0.0,83.46123182222489,83.46123182222489,0.0,0.0,0.0,83.46123182222489,0.0,0.0,0.0025533333333333334 
 03/02  23:40:00,5.73,91.66666666666667,4.323333333333334,0.0,0.0,0.0,0.0,0.0,2.0,0.0,0.0,0.0,0.0,0.0,0.0,518.0,0.0,0.0,0.0,0.0,0.0,0.0,0.0,0.0,0.0,0.0,0.0,18.463776985136535,-213.6904977615086,18.505172338131464,-213.5958429969293,18.569747888799549,-221.58106885849993,18.399339360166218,-195.45839228797196,14.553548783319389,17.27064653917393,17.683210196838809,-27.23798701341952,16.384703610828159,-47.513453557645359,15.121700792502314,-76.61779975558452,16.756951319951335,-90.71127624877434,664.5386781518175,535.4702144317628,0.0,0.0,0.0,0.0,0.0,0.0,0.0,0.0,0.0,0.0,0.0,0.0,0.0,0.0,0.0,0.0,0.0,0.0,0.0,0.0,0.0,0.0,1.3077654543928028,0.3991958041492074,377.0299292856295,433.9440821723095,9130.270532544033,0.23266242696753354,0.03551013842605824,169.77190405972488,195.484295832323,4126.530722234106,1.2589724054452645,0.23790105923001987,406.34173490092379,467.69686474876758,9778.724901136295,0.23731082337416924,0.04484331507448398,233.20517097636077,268.1848059769145,5683.08906050131,0.0,0.0,9.265808733183953,10.786873549355205,162.23691947137793,0.0,0.0,10.80528052157079,12.437458976029287,256.65203711855386,0.0,0.0,124.82628201811983,144.48014610500878,2592.3366400941315,0.0,0.0,35.740492979832449,41.56187318448849,651.467307983528,0.0,0.0,101.3333424232837,117.12344015156296,2180.3674002236259,36.10624023907545,24.764225129681397,552.1249580716951,637.2901605055444,13276.580244477089,0.0,0.0,94.36133625421914,110.13149651749937,1527.67418749329,0.0,18.121688225757646,46.08360625965244,22.000000000000008,30.00000000000001,0.0,18.233775661969618,45.37459624743655,12.000000000000004,30.00000000000001,0.0,18.053300759047035,46.16902762642275,22.000000000000008,30.00000000000001,0.0,18.270701846610558,45.861398297754679,12.000000000000004,30.00000000000001,0.0,14.606031019647987,61.06785307711071,12.000000000000004,30.00000000000001,0.0,17.917816678438688,49.646875746209577,12.000000000000004,30.00000000000001,0.0,16.325405550710003,53.10859703985014,10.000000000000004,30.00000000000001,0.0,14.983557899056489,59.32430340635004,12.000000000000004,30.00000000000001,0.0,16.725518649784364,52.18906476405756,20.000000000000008,30.00000000000001,0.0,17.314753016534995,0.0,0.0,0.0,13.897233220656748,0.0,0.0,573.6235704607228,562.5321742734778,570.4198524682286,579.750452085606,662.6365323025757,990.2243250337289,621.9277837096611,665.8046400850053,632.718848568295,0.0,83.46123182222492,83.46123182222492,60.00000000000002,0.0,60.00000000000002,60.00000000000002,12.0,12.0,12.0,19.0,12.0,12.0,21.0,10.0,0.0,0.0,0.0,0.0,0.0,0.0,0.0,0.0,0.0,0.0,0.0,0.0,0.0,83.46123182222492,83.46123182222492,0.0,0.0,0.0,83.46123182222492,0.0,0.0,0.00255 
 03/02  23:50:00,5.7,91.33333333333334,4.301666666666667,0.0,0.0,0.0,0.0,0.0,2.0,0.0,0.0,0.0,0.0,0.0,0.0,518.0,0.0,0.0,0.0,0.0,0.0,0.0,0.0,0.0,0.0,0.0,0.0,18.234916860791939,-76.32255948188413,18.424178934458419,-241.63299786134849,18.530064530149546,-340.3197843678754,18.20425110568893,-99.64373938251356,14.5369479064783,15.036115489763887,17.61223877840052,-26.51722844451666,16.28415540978129,-81.13591824358218,15.066621740009922,-72.55701380451956,16.65586273403074,-96.67480490797743,625.5104930236967,540.7529000646769,0.0,0.0,0.0,0.0,0.0,0.0,0.0,0.0,0.0,0.0,0.0,0.0,0.0,0.0,0.0,0.0,0.0,0.0,0.0,0.0,0.0,0.0,1.3057160318214396,0.39857021728371169,376.37884202094497,433.2691824288058,8965.201758884938,0.2269821227163626,0.034643181122765969,188.54987831900253,216.80101428337518,4565.129499919337,1.2001959004551544,0.2267943878411101,353.1566399679159,406.3874766967141,8527.037103711686,0.23507078176771,0.04442002678906083,196.94085218418915,226.7548321504425,4716.620592877313,0.0,0.0,8.927246380943587,10.399338371627426,156.4600901243424,0.0,0.0,10.812566170741063,12.450535920791772,255.8027576753171,0.0,0.0,125.48911167738143,145.39825360273114,2581.8293402003639,0.0,0.0,34.458962915088317,40.08843755892917,625.9490328856552,0.0,0.0,103.44189669355105,119.67108690599466,2208.3287487112877,35.91081784335845,24.630190564717738,518.5025038828003,598.5572989151425,12395.69145694325,0.0,0.0,97.19379205538283,113.51265034081399,1567.7881127922693,0.0,17.83481830407543,46.7865143911057,22.0,30.0,0.0,18.183025246064255,45.35839263205892,12.0,30.0,0.0,18.098548667569717,45.683241405925588,22.0,30.0,0.0,17.994732497044585,46.30747821787895,12.0,30.0,0.0,14.583715636817664,60.44986640355509,12.0,30.0,0.0,17.83562733496224,49.384977905811179,12.0,30.0,0.0,16.18584558744009,53.127379236598127,10.0,30.0,0.0,14.919401355928987,58.771874944327297,12.0,30.0,0.0,16.601765863129203,51.99372939905075,20.0,30.0,0.0,17.17099461307763,0.0,0.0,0.0,13.83909052927438,0.0,0.0,571.7625489237385,559.4070860693798,561.8891047678105,570.8905790549427,648.1386865389505,980.3446026936026,612.9505962278576,649.1897235662511,619.3634564330216,0.0,83.46123182222489,83.46123182222489,60.0,0.0,60.0,60.0,12.0,12.0,12.0,19.0,12.0,12.0,21.0,10.0,0.0,0.0,0.0,0.0,0.0,0.0,0.0,0.0,0.0,0.0,0.0,0.0,0.0,83.46123182222489,83.46123182222489,0.0,0.0,0.0,83.46123182222489,0.0,0.0,0.002543333333333333 
 03/02  24:00:00,5.67,91.0,4.28,0.0,0.0,0.0,0.0,0.0,2.0,0.0,0.0,0.0,0.0,0.0,0.0,518.0,0.0,0.0,0.0,0.0,0.0,0.0,0.0,0.0,0.0,0.0,0.0,18.190310163073144,-206.72209784739517,18.239106340750298,-179.05373342381609,18.31899441942941,-202.66242770208465,18.16243426577784,-174.43460513742049,14.518319407480068,14.115549374989243,17.551442612462887,-29.76531851209603,16.17863201913703,-68.00427615285753,15.01863923131417,-74.0047884715953,16.567827672562325,-104.77150120801616,614.633767835232,548.5898827131086,0.0,0.0,0.0,0.0,0.0,0.0,0.0,0.0,0.0,0.0,0.0,0.0,0.0,0.0,0.0,0.0,0.0,0.0,0.0,0.0,0.0,0.0,1.2873118689782093,0.39295234095793937,394.0968039100249,454.07062414017465,9378.805358467318,0.2284813073292299,0.03487199440311812,191.68564418588972,220.9389234385439,4573.314376350241,1.2185575342436855,0.2302640843242037,383.53793360105728,441.89203900523867,9107.565400276502,0.22964210043041367,0.043394198871960238,214.1684394221704,246.55048760505395,5130.265898725287,0.0,0.0,9.037683497455483,10.524509296078748,158.49599141780528,0.0,0.0,11.010037977684409,12.681982933084296,259.78390123209547,0.0,0.0,130.03756927159,150.6797707950298,2645.482049170698,0.0,0.0,33.88632214919759,39.429116730470898,614.2189237154253,0.0,0.0,106.34862992815165,123.03341933163321,2255.6532300217779,35.76342411277992,24.529097471042478,551.984739501326,637.6909299401447,13105.534378791092,0.0,0.0,99.78418916852498,116.53536365638417,1601.9995495756508,0.0,17.834760924979308,46.49552343592121,22.0,30.0,0.0,17.932285022386258,45.66673007356519,12.0,30.0,0.0,17.825688320924308,46.19060390947796,22.0,30.0,0.0,17.9832089964161,46.133436312744269,12.0,30.0,0.0,14.558932032115039,60.01069177828767,12.0,30.0,0.0,17.770901808107849,49.08482569806452,12.0,30.0,0.0,16.038180362835584,53.219670024140828,10.0,30.0,0.0,14.868178622489428,58.35596262752058,12.0,30.0,0.0,16.500224813358874,51.95319838638986,20.0,30.0,0.0,17.107566696556174,0.0,0.0,0.0,13.764925179192208,0.0,0.0,565.4176591242976,549.794524350994,555.6750977329872,566.9795885307333,637.7312008124995,968.3231987077074,604.8163468996795,637.3527103384618,611.8299966572356,0.0,83.46123182222489,83.46123182222489,60.0,0.0,60.0,60.0,12.0,12.0,12.0,19.0,12.0,12.0,21.0,10.0,0.0,0.0,0.0,0.0,0.0,0.0,0.0,0.0,0.0,0.0,0.0,0.0,0.0,83.46123182222489,83.46123182222489,0.0,0.0,0.0,83.46123182222489,0.0,0.0,0.0025366666666666668 
 03/03  00:10:00,5.581666666666667,91.33333333333334,4.29,0.0,0.0,0.0,0.0,0.0,2.0,2.0,0.0,0.0,0.0,0.0,0.0,518.0,0.0,0.0,0.0,0.0,0.0,0.0,0.0,0.0,0.0,0.0,0.0,17.999359085983195,-67.07064326678756,18.187492723737635,-220.00170126517834,18.283820712611378,-319.6120755574866,18.001353141631676,-101.32859866190711,14.502572756794948,13.772789790418998,17.48768564949658,-22.538440822460843,16.290899323253723,84.08391103995689,14.944265268946318,-100.93381291000969,16.58815471463235,-27.810350084218585,593.3834222996466,302.4474573999638,0.0,0.0,0.0,0.0,0.0,0.0,0.0,0.0,0.0,0.0,0.0,0.0,0.0,0.0,0.0,0.0,0.0,0.0,0.0,0.0,0.0,0.0,1.292516330115991,0.3945410043089106,374.06116402777357,431.0202489383919,8830.9475655039,0.22606403435307963,0.034503057746196528,189.18835123732158,217.75978144773399,4537.894993502328,1.1863268989393719,0.22417363925536136,359.5749494507206,414.1624847456891,8609.410877234308,0.23105485405589855,0.04366115911865051,203.2253449075439,234.22098692823728,4824.79514825779,0.0,0.0,8.796468083372599,10.250522596368353,155.49818918185566,0.0,0.0,10.613316402442312,12.228465124351445,250.91075836034288,0.0,0.0,71.54977963811898,82.87883758782913,1506.4937693523417,0.0,0.0,35.96898396345124,41.87513998351298,651.2396420985114,0.0,0.0,14.89701835115885,17.235922167167329,321.00681261120078,35.770270851393409,24.533793450887118,525.6540882182599,607.3309983011418,12488.674848950493,0.0,0.0,49.24353188363308,57.61349860376999,760.6263685364698,0.0,17.60404973882609,46.94560283425385,22.0,30.0,0.0,17.92752580462025,45.54816098846664,12.0,30.0,0.0,17.863509449204849,45.764419076347568,22.0,30.0,0.0,17.761798350254595,46.474159416401359,12.0,30.0,0.0,14.540841788036837,59.330833116994998,12.0,30.0,0.0,17.703109438314898,48.756074538472947,12.0,30.0,0.0,16.3263772517798,51.57815816318271,10.0,30.0,0.0,14.76561128637486,58.19591313690991,12.0,30.0,0.0,16.586796247246605,51.31985485848965,20.0,30.0,0.0,16.988986792972555,0.0,0.0,0.0,13.362173666232863,0.0,0.0,560.6824117197705,547.733686010761,548.8956622042833,560.6095500847631,622.1542124122044,958.1538672965489,583.8611668786207,632.8393340377431,672.1686004884014,0.0,83.46123182222489,83.46123182222489,60.0,0.0,60.0,60.0,12.0,12.0,12.0,19.0,12.0,12.0,21.0,10.0,0.0,0.0,0.0,0.0,0.0,0.0,0.0,0.0,0.0,0.0,0.0,0.0,0.0,83.46123182222489,83.46123182222489,0.0,0.0,0.0,83.46123182222489,0.0,0.0,0.00253 
 03/03  00:20:00,5.493333333333333,91.66666666666667,4.300000000000001,0.0,0.0,0.0,0.0,0.0,2.0,2.0,0.0,0.0,0.0,0.0,0.0,518.0,0.0,0.0,0.0,0.0,0.0,0.0,0.0,0.0,0.0,0.0,0.0,17.98038659849398,-191.44686521965469,18.030909774606508,-163.8410072184779,18.098056541621309,-189.8437439192312,17.974542598733515,-170.58234351871944,14.4846856175403,14.295087343549696,17.434124436116954,-21.226167033715656,16.329321980183665,58.813832022823138,14.865539862740626,-109.49177155519851,16.625520245402215,-34.668399708922468,594.6066200046171,346.08424074482778,0.0,0.0,0.0,0.0,0.0,0.0,0.0,0.0,0.0,0.0,0.0,0.0,0.0,0.0,0.0,0.0,0.0,0.0,0.0,0.0,0.0,0.0,1.2943527287783774,0.39510156556116529,396.13802965288905,456.7836662178661,9414.089546253752,0.2307263206301642,0.03521463990081872,197.0705823895375,227.32823098738283,4693.488878196833,1.2264605648911534,0.23175747635887257,386.4716059007162,445.6505680256348,9165.869129779749,0.23126342725593855,0.04370057204382813,215.6593799697456,248.47656009484613,5157.280046429959,0.0,0.0,8.923481227640084,10.39489872734888,158.93208728246126,0.0,0.0,10.300995234069344,11.871995199434656,244.3245544760515,0.0,0.0,74.45584782222281,86.18428758371369,1594.1663211937089,0.0,0.0,39.648854723931979,46.1809962439448,716.7670011635177,0.0,0.0,15.160248765219226,17.529659380210434,332.0606797292478,35.82175785739474,24.56910689807596,560.3391506668895,647.8301626555151,13305.28778385531,0.0,0.0,53.12582363068333,62.17970285452178,819.7420790425565,0.0,17.636665274884956,46.539535225215789,22.0,30.0,0.0,17.723548145053134,45.691371901677459,12.0,30.0,0.0,17.62518536022881,46.203006349977858,22.0,30.0,0.0,17.775691403453384,46.217905992819328,12.0,30.0,0.0,14.519373171818522,58.93762460858255,12.0,30.0,0.0,17.652366748209688,48.519587856557027,12.0,30.0,0.0,16.41337736550802,50.87625608192151,10.0,30.0,0.0,14.659847357647522,57.90742637505197,12.0,30.0,0.0,16.680467235020509,50.95117042911323,20.0,30.0,0.0,16.933947615806525,0.0,0.0,0.0,13.262905813370871,0.0,0.0,554.2396241558943,537.5324688963864,543.8847707071113,556.8479369154284,614.1025291933241,952.744605652422,577.3101411845369,626.335211079788,737.7237667162344,0.0,83.46123182222489,83.46123182222489,60.0,0.0,60.0,60.0,12.0,12.0,12.0,19.0,12.0,12.0,21.0,10.0,0.0,0.0,0.0,0.0,0.0,0.0,0.0,0.0,0.0,0.0,0.0,0.0,0.0,83.46123182222489,83.46123182222489,0.0,0.0,0.0,83.46123182222489,0.0,0.0,0.0025366666666666668 
 03/03  00:30:00,5.404999999999999,92.0,4.3100000000000009,0.0,0.0,0.0,0.0,0.0,2.0,2.0,0.0,0.0,0.0,0.0,0.0,518.0,0.0,0.0,0.0,0.0,0.0,0.0,0.0,0.0,0.0,0.0,0.0,17.805691322503358,-62.49025411113871,17.99224380899024,-206.99374195827114,18.073273975683337,-303.0575319348891,17.8264619981912,-102.6119293288225,14.469714024244507,13.358431137453949,17.37595366635002,-19.19732189755402,16.345954875715188,20.132827432715204,14.790931228005029,-111.82470455871897,16.63840705163844,-37.52833017664102,579.7568168196413,365.0956146073768,0.0,0.0,0.0,0.0,0.0,0.0,0.0,0.0,0.0,0.0,0.0,0.0,0.0,0.0,0.0,0.0,0.0,0.0,0.0,0.0,0.0,0.0,1.3020523704970426,0.39745188354610586,381.789299487977,440.3224703505482,9006.97495309671,0.22867196811429298,0.034901094034538,194.84440841201215,224.4658142917242,4672.699737590311,1.200158263957735,0.22678727588014656,370.06680630398838,426.604797842272,8858.588204109166,0.232873464552491,0.04400481189578438,208.5138809873953,240.51884835173869,4948.250284568647,0.0,0.0,8.731805861094897,10.17882710020151,156.7854925513921,0.0,0.0,10.336687387930717,11.91749925513492,245.78700322724147,0.0,0.0,71.64432570303366,82.96097415091671,1552.7992077866553,0.0,0.0,40.7824638182243,47.52033292561981,736.9759780287254,0.0,0.0,17.315349216279399,20.026947435276953,383.6384001553529,35.850134885383848,24.588569880235846,541.5367063172071,626.1701938133699,12874.838409082064,0.0,0.0,54.272122010188869,63.54892079022643,837.7914351032093,0.0,17.419499090720487,46.947631033471107,22.0,30.0,0.0,17.734176609722824,45.58044084871127,12.0,30.0,0.0,17.67084141960543,45.790389095974919,22.0,30.0,0.0,17.57301242715418,46.48208270179501,12.0,30.0,0.0,14.504025070665663,58.370870253316819,12.0,30.0,0.0,17.591517513109893,48.225550471339037,12.0,30.0,0.0,16.463166983636925,50.53100779512451,10.0,30.0,0.0,14.564697920618802,57.90859655633004,12.0,30.0,0.0,16.725336940939849,50.4777911123868,20.0,30.0,0.0,16.834635139038129,0.0,0.0,0.0,13.175532480228258,0.0,0.0,550.0561027208789,537.0121542500448,538.5178060153673,549.69845247389,604.9791048220277,945.4811867303713,578.5729276057041,632.6436596090493,768.8455646433156,0.0,83.46123182222489,83.46123182222489,60.0,0.0,60.0,60.0,12.0,12.0,12.0,19.0,12.0,12.0,21.0,10.0,0.0,0.0,0.0,0.0,0.0,0.0,0.0,0.0,0.0,0.0,0.0,0.0,0.0,83.46123182222489,83.46123182222489,0.0,0.0,0.0,83.46123182222489,0.0,0.0,0.002543333333333333 
 03/03  00:40:00,5.316666666666666,92.33333333333334,4.32,0.0,0.0,0.0,0.0,0.0,2.0,2.0,0.0,0.0,0.0,0.0,0.0,518.0,0.0,0.0,0.0,0.0,0.0,0.0,0.0,0.0,0.0,0.0,0.0,17.794999263515324,-185.0931615261461,17.84848490700807,-157.03333393849835,17.90250504431644,-180.8524622428804,17.807762539158849,-169.14262916699819,14.450842636707794,13.511420132367377,17.323978561598829,-21.267863825944319,16.29087418604701,28.02039860958689,14.720874441531376,-114.1382590034566,16.638329925114907,-42.25954374743185,580.5697009942451,378.3577100925776,0.0,0.0,0.0,0.0,0.0,0.0,0.0,0.0,0.0,0.0,0.0,0.0,0.0,0.0,0.0,0.0,0.0,0.0,0.0,0.0,0.0,0.0,1.297082700067142,0.3959348901303853,397.0779854772995,458.2050563006201,9442.765407955321,0.2312290959674838,0.03529137606341328,199.605088796791,230.42261851865647,4757.060892225818,1.229791688237243,0.2323869403320566,387.7362539235943,447.4457874440576,9202.71695635237,0.23207079465002779,0.04385313579932496,216.637315295937,249.7901161178837,5184.077195019439,0.0,0.0,8.92970495932358,10.405468259866212,161.51504748034757,0.0,0.0,10.614206537686784,12.240737395289042,253.2249703533535,0.0,0.0,73.29480125992923,84.86213288974557,1589.6949472897882,0.0,0.0,41.85652786323469,48.790337332013468,756.8457148994655,0.0,0.0,18.5993906308478,21.508866553535364,416.0087072033633,35.90363094925355,24.625261282066913,564.0631971493917,652.5940122707128,13420.71355872395,0.0,0.0,55.37321178221859,64.85792169947757,855.6535812144073,0.0,17.460785356203883,46.53480638951208,22.0,30.0,0.0,17.546875447879047,45.67423325005727,12.0,30.0,0.0,17.45001854469779,46.19531231432664,22.0,30.0,0.0,17.59835906588458,46.21347139419392,12.0,30.0,0.0,14.48178164318913,58.11171904095758,12.0,30.0,0.0,17.541393668463706,48.07876308492517,12.0,30.0,0.0,16.379625632907403,50.387268553348949,10.0,30.0,0.0,14.47920850152304,57.74023044362535,12.0,30.0,0.0,16.744821475799186,50.172177481357227,20.0,30.0,0.0,16.77663313651255,0.0,0.0,0.0,13.092579345730938,0.0,0.0,544.7354374058157,527.3804917140528,534.4556719348774,546.68893064336,603.5758047759533,940.0945040897495,574.6009451108072,636.2734957702537,789.8261585620451,0.0,83.46123182222489,83.46123182222489,60.0,0.0,60.0,60.0,12.0,12.0,12.0,19.0,12.0,12.0,21.0,10.0,0.0,0.0,0.0,0.0,0.0,0.0,0.0,0.0,0.0,0.0,0.0,0.0,0.0,83.46123182222489,83.46123182222489,0.0,0.0,0.0,83.46123182222489,0.0,0.0,0.00255 
 03/03  00:50:00,5.228333333333333,92.66666666666666,4.33,0.0,0.0,0.0,0.0,0.0,2.0,2.0,0.0,0.0,0.0,0.0,0.0,518.0,0.0,0.0,0.0,0.0,0.0,0.0,0.0,0.0,0.0,0.0,0.0,17.628796920416496,-59.77633319534016,17.81472212682875,-200.89596914556797,17.882829325585626,-292.47042453879205,17.667054109721506,-104.72338790227514,14.434509512148566,12.148229858600005,17.26629083451088,-20.335773036325408,16.270205045178125,4.204049254840356,14.65409731258702,-115.87401569787926,16.62652012976082,-44.12036541532257,568.2414047609209,387.0020820781249,0.0,0.0,0.0,0.0,0.0,0.0,0.0,0.0,0.0,0.0,0.0,0.0,0.0,0.0,0.0,0.0,0.0,0.0,0.0,0.0,0.0,0.0,1.3032023108883795,0.39780290320158109,383.295425760762,442.39549832100718,9052.61408901624,0.22921837050837119,0.03498448878332894,196.5822249276879,226.63890623938594,4719.465603819477,1.2037016331407558,0.22745684677640896,374.3930026003892,431.9165488121977,8971.126276068944,0.2328844392120667,0.04400688571656588,211.88276691665386,244.5891261252791,5034.553529513787,0.0,0.0,8.725125589305043,10.174137598137355,159.05708331455288,0.0,0.0,10.827962089473177,12.491047486038334,258.95574869520569,0.0,0.0,70.41057243267255,81.56935756210879,1537.8931712696734,0.0,0.0,42.01715149838634,48.99402001392815,760.7728777148429,0.0,0.0,20.53050534556474,23.74694531345801,462.6668905839955,35.93824067888599,24.648999093886148,547.4222133401333,633.4200451147677,13045.624754789551,0.0,0.0,55.48614284202146,65.01948984625736,857.2515540900886,0.0,17.252106606538143,46.920292150054759,22.0,30.0,0.0,17.560860772281086,45.59049196224689,12.0,30.0,0.0,17.49650394462264,45.80418961614832,22.0,30.0,0.0,17.40530815473835,46.44948881407235,12.0,30.0,0.0,14.464909864754653,57.64906589657964,12.0,30.0,0.0,17.480150695728179,47.81811575054968,12.0,30.0,0.0,16.367792203204226,50.29566794024646,10.0,30.0,0.0,14.400388157011367,57.80584805786687,12.0,30.0,0.0,16.742806924885295,49.78391959744417,20.0,30.0,0.0,16.684565944894325,0.0,0.0,0.0,13.000284404387648,0.0,0.0,541.0996035052708,528.3433916481488,530.3152655630963,540.0567334731159,599.8957852130368,931.1935776228989,578.494852592491,647.6947005823704,792.8289166703684,0.0,83.46123182222489,83.46123182222489,60.0,0.0,60.0,60.0,12.0,12.0,12.0,19.0,12.0,12.0,21.0,10.0,0.0,0.0,0.0,0.0,0.0,0.0,0.0,0.0,0.0,0.0,0.0,0.0,0.0,83.46123182222489,83.46123182222489,0.0,0.0,0.0,83.46123182222489,0.0,0.0,0.0025466666666666669 
 03/03  01:00:00,5.14,93.0,4.34,0.0,0.0,0.0,0.0,0.0,2.0,2.0,0.0,0.0,0.0,0.0,0.0,518.0,0.0,0.0,0.0,0.0,0.0,0.0,0.0,0.0,0.0,0.0,0.0,17.622638748094628,-180.16557315772844,17.677982486521857,-152.74563675261653,17.721432605358517,-173.8355876604437,17.652341389674687,-169.7615876695072,14.41407833424341,12.115373082039526,17.21433003999583,-22.182098578171947,16.20272671177714,15.96089815429093,14.589175060505032,-118.80579442846966,16.610049405373546,-47.801711620333268,569.4268269745808,396.5613671924431,0.0,0.0,0.0,0.0,0.0,0.0,0.0,0.0,0.0,0.0,0.0,0.0,0.0,0.0,0.0,0.0,0.0,0.0,0.0,0.0,0.0,0.0,1.2984504955850272,0.3963524101297397,396.6389867766518,458.01874899138968,9447.655434893986,0.23150186057275694,0.03533300680292383,200.54129732888624,231.66538624859164,4786.967417014108,1.2314861044014834,0.23270712479241949,388.234871487046,448.33641025655177,9229.426750530547,0.23232741201419528,0.04390162736473832,217.69810001484968,251.18689458834144,5218.389702444541,0.0,0.0,8.895174908077099,10.368401353586379,163.29615180943223,0.0,0.0,10.918869039557827,12.599337243740486,261.980479603953,0.0,0.0,72.03204858261435,83.44516854996903,1571.977936779811,0.0,0.0,42.671629799056777,49.77408868116129,773.9246196700917,0.0,0.0,21.301056115066574,24.638135475187437,483.31518668185609,35.99719221588623,24.68943224683556,565.4647815587864,654.6516724004873,13492.610880655535,0.0,0.0,56.1448451916338,65.81296979261448,867.4313937672159,0.0,17.296345533650425,46.51489043576872,22.0,30.0,0.0,17.381915319422946,45.661964003902628,12.0,30.0,0.0,17.28555384641522,46.19313373028681,22.0,30.0,0.0,17.435256995056084,46.18754428693536,12.0,30.0,0.0,14.440797326572401,57.48301627497251,12.0,30.0,0.0,17.42925050413542,47.741089169079717,12.0,30.0,0.0,16.26750134161584,50.19688619206638,10.0,30.0,0.0,14.325066045220844,57.649718100533387,12.0,30.0,0.0,16.73259209105273,49.563366161569039,20.0,30.0,0.0,16.626222321924304,0.0,0.0,0.0,12.909240453779255,0.0,0.0,536.5824797477162,519.2966336365794,527.1823855458076,538.0136147223778,602.0514980721792,925.8801175166109,574.846116743212,650.7313037086024,796.6005189387822,0.0,83.46123182222489,83.46123182222489,60.0,0.0,60.0,60.0,12.0,12.0,12.0,19.0,12.0,12.0,21.0,10.0,0.0,0.0,0.0,0.0,0.0,0.0,0.0,0.0,0.0,0.0,0.0,0.0,0.0,83.46123182222489,83.46123182222489,0.0,0.0,0.0,83.46123182222489,0.0,0.0,0.002543333333333333 
 03/03  01:10:00,5.048333333333333,93.16666666666667,4.355,0.0,0.0,0.0,0.0,0.0,2.0,2.0,0.0,0.0,0.0,0.0,0.0,518.0,0.0,0.0,0.0,0.0,0.0,0.0,0.0,0.0,0.0,0.0,0.0,17.46310045120049,-57.76267199310132,17.648136055194848,-196.6976108816657,17.705880493067928,-284.6164720836705,17.51695418705301,-106.84351914363788,14.39625892321895,10.765095384779002,17.15804655261489,-21.346282098196498,16.17580475470744,-3.7061686612875066,14.52568633526111,-121.05615732771196,16.587589274072159,-49.422612022272918,559.131197593706,403.70525790504896,0.0,0.0,0.0,0.0,0.0,0.0,0.0,0.0,0.0,0.0,0.0,0.0,0.0,0.0,0.0,0.0,0.0,0.0,0.0,0.0,0.0,0.0,1.3059799551595717,0.3986507799632393,383.1501693900745,442.54853209150238,9069.984180477104,0.22996720685461193,0.035098780044965197,196.98281423010054,227.26551433608655,4738.9823741874029,1.2077520870105223,0.22822223866411996,376.3159146782292,434.4501062537371,9035.87898058415,0.2331104589744261,0.04404959542222714,213.8623190761861,247.05333286799169,5093.8728972392059,0.0,0.0,8.69095942293497,10.137524884556465,160.81837079888818,0.0,0.0,11.189245387373461,12.915160478246122,269.2106298743007,0.0,0.0,69.64557719037347,80.72841587179053,1530.1958281266657,0.0,0.0,42.65172333089985,49.76757783418663,775.3602062100465,0.0,0.0,22.73676364625365,26.306057382328289,519.0830203555354,36.049351249058158,24.725206618009716,549.6013483383267,636.3784048728928,13142.39699609354,0.0,0.0,56.07500481960899,65.76345538492052,865.95500302314,0.0,17.09411136840619,46.88426143759594,22.0,30.0,0.0,17.397722799153457,45.59791621803532,12.0,30.0,0.0,17.332825299814716,45.81491323054575,22.0,30.0,0.0,17.248184231259886,46.40961434667978,12.0,30.0,0.0,14.422203013598596,57.07957371721477,12.0,30.0,0.0,17.368678495847087,47.50451015742191,12.0,30.0,0.0,16.24871765093505,50.15929551048495,10.0,30.0,0.0,14.251899188153017,57.71814267241734,12.0,30.0,0.0,16.7114788499173,49.253571824734738,20.0,30.0,0.0,16.53766044534005,0.0,0.0,0.0,12.811044629247358,0.0,0.0,533.5136835063404,521.4991907210676,523.9155416504167,532.2911056321409,600.0759928283969,917.5128005869758,578.4199970713885,658.7086191450394,790.9980655623871,0.0,83.46123182222489,83.46123182222489,60.0,0.0,60.0,60.0,12.0,12.0,12.0,19.0,12.0,12.0,21.0,10.0,0.0,0.0,0.0,0.0,0.0,0.0,0.0,0.0,0.0,0.0,0.0,0.0,0.0,83.46123182222489,83.46123182222489,0.0,0.0,0.0,83.46123182222489,0.0,0.0,0.0025399999999999999 
 03/03  01:20:00,4.956666666666667,93.33333333333334,4.37,0.0,0.0,0.0,0.0,0.0,2.0,2.0,0.0,0.0,0.0,0.0,0.0,518.0,0.0,0.0,0.0,0.0,0.0,0.0,0.0,0.0,0.0,0.0,0.0,17.46015715126994,-176.3146354505543,17.517321174141228,-149.94630277870193,17.55125372557418,-168.3710670395185,17.50584836428094,-171.09177986578153,14.37464299160782,10.658207798327468,17.10768226305455,-22.847929884942944,16.107045523783098,8.079176077681837,14.462863223854488,-124.37765499500927,16.563762778698427,-52.59259369416958,561.3239931949356,412.76758317885017,0.0,0.0,0.0,0.0,0.0,0.0,0.0,0.0,0.0,0.0,0.0,0.0,0.0,0.0,0.0,0.0,0.0,0.0,0.0,0.0,0.0,0.0,1.30296385677994,0.3977301150121917,395.7153601099517,457.2770775595459,9452.53546530658,0.23241011365571538,0.03547162906833263,200.81568907525424,232.14705877995812,4806.895248776234,1.2363104358320066,0.2336187520468645,388.15088044627069,448.5580804785629,9253.39304849006,0.23305050010870044,0.044038265326662957,218.32756876057523,252.0888851349432,5249.194823834585,0.0,0.0,8.838819848047354,10.306284692709966,164.72720891102029,0.0,0.0,11.219011894972703,12.953157975019181,270.9018482311278,0.0,0.0,71.24451381319307,82.58180783193159,1564.6017872361777,0.0,0.0,43.221438980243167,50.44989781131105,787.6124637924927,0.0,0.0,23.232790003623536,26.881717214319616,533.592383870508,36.12467626209366,24.776869864261778,565.4790109786789,655.1177132311385,13546.88613665603,0.0,0.0,56.6505788631563,66.4622831544128,874.9287781438195,0.0,17.14002189918505,46.48346990038089,22.0,30.0,0.0,17.224824494749,45.64846548921521,12.0,30.0,0.0,17.12839842225715,46.187178477298598,22.0,30.0,0.0,17.28141866669025,46.14989028479606,12.0,30.0,0.0,14.396899271734484,56.9667392102555,12.0,30.0,0.0,17.318794085236065,47.46775206817942,12.0,30.0,0.0,16.149222089295365,50.04666373943698,10.0,30.0,0.0,14.179900823538654,57.56456786117474,12.0,30.0,0.0,16.688541355397029,49.096355574790837,20.0,30.0,0.0,16.47946804527932,0.0,0.0,0.0,12.717164313828665,0.0,0.0,529.8909325129329,513.0875821618074,521.3857243788173,531.1858353162903,602.8729743455883,912.5781052508738,573.9138015092788,658.5239589697624,790.0173300570227,0.0,83.46123182222489,83.46123182222489,60.0,0.0,60.0,60.0,12.0,12.0,12.0,19.0,12.0,12.0,21.0,10.0,0.0,0.0,0.0,0.0,0.0,0.0,0.0,0.0,0.0,0.0,0.0,0.0,0.0,83.46123182222489,83.46123182222489,0.0,0.0,0.0,83.46123182222489,0.0,0.0,0.002543333333333333 
 03/03  01:30:00,4.865,93.5,4.385,0.0,0.0,0.0,0.0,0.0,2.0,2.0,0.0,0.0,0.0,0.0,0.0,518.0,0.0,0.0,0.0,0.0,0.0,0.0,0.0,0.0,0.0,0.0,0.0,17.305092079653023,-56.044438683039519,17.490121129450235,-193.7630842950639,17.538920299263539,-278.4741076218397,17.37372721926215,-109.19234423607986,14.355640265989118,9.41402255378749,17.052654479688039,-22.178872509541578,16.077679394680364,-9.987062907808877,14.400372938311918,-126.68770648352779,16.535952550779244,-54.14235411300922,552.3255584723338,419.3976822775044,0.0,0.0,0.0,0.0,0.0,0.0,0.0,0.0,0.0,0.0,0.0,0.0,0.0,0.0,0.0,0.0,0.0,0.0,0.0,0.0,0.0,0.0,1.3109285579782293,0.400161342484197,382.66335361475259,442.3018613149312,9087.044265451259,0.2310644849094879,0.03526625227556286,197.0822273171017,227.54284216614617,4755.336824520255,1.2134366679412843,0.22929642251347027,377.42548929452456,436.04375601274355,9089.143891981012,0.23369955921686148,0.04416091444007207,215.14682889934248,248.71470218396758,5141.358807200208,0.0,0.0,8.645415356423083,10.087817321314273,162.3687043513245,0.0,0.0,11.472013760389454,13.249094630052844,277.80676094189996,0.0,0.0,69.09295634529036,80.13462503906369,1527.430573964255,0.0,0.0,43.1633713993714,50.39870102054908,788.5309119624228,0.0,0.0,24.339690286800449,28.170843415053477,562.0524118513064,36.180538908105948,24.815184436286665,550.6698684130894,638.0543930338279,13222.363482250945,0.0,0.0,56.54438300955536,66.37025514876794,872.916530799796,0.0,16.942390209476444,46.83913803737059,22.0,30.0,0.0,17.242212640200774,45.58978544389482,12.0,30.0,0.0,17.176770947135286,45.80915225753132,22.0,30.0,0.0,17.098356303699185,46.35739910887695,12.0,30.0,0.0,14.37708245104656,56.59171814003267,12.0,30.0,0.0,17.259782483238284,47.238474652492708,12.0,30.0,0.0,16.129215968816625,50.03024908598071,10.0,30.0,0.0,14.108628766529188,57.62984369482962,12.0,30.0,0.0,16.658991855846158,48.834514630287,20.0,30.0,0.0,16.393681644490348,0.0,0.0,0.0,12.619233253255957,0.0,0.0,527.3210317406387,516.0746951786435,518.7078328515909,525.9533578158561,600.4595869590007,904.7026991660772,576.7638484581178,662.6269426535688,782.5178956587552,0.0,83.46123182222489,83.46123182222489,60.0,0.0,60.0,60.0,12.0,12.0,12.0,19.0,12.0,12.0,21.0,10.0,0.0,0.0,0.0,0.0,0.0,0.0,0.0,0.0,0.0,0.0,0.0,0.0,0.0,83.46123182222489,83.46123182222489,0.0,0.0,0.0,83.46123182222489,0.0,0.0,0.0025466666666666669 
 03/03  01:40:00,4.773333333333333,93.66666666666667,4.4,0.0,0.0,0.0,0.0,0.0,2.0,2.0,0.0,0.0,0.0,0.0,0.0,518.0,0.0,0.0,0.0,0.0,0.0,0.0,0.0,0.0,0.0,0.0,0.0,17.305013550211485,-173.23040255111028,17.36295125382732,-147.83002722774064,17.38912214068919,-163.86628354874757,17.364699081250138,-172.60416065966,14.333046349081514,9.299940143388952,17.003162853424955,-23.51743192689085,16.00938699468483,1.5464279667488655,14.338252951038822,-130.04169270824344,16.5080761638473,-57.022716480856448,555.0964286721301,428.14618535081686,0.0,0.0,0.0,0.0,0.0,0.0,0.0,0.0,0.0,0.0,0.0,0.0,0.0,0.0,0.0,0.0,0.0,0.0,0.0,0.0,0.0,0.0,1.308419968657886,0.3993955948284145,394.7306462556802,456.45368350735955,9460.40123118359,0.23350188524038779,0.03563826087307506,200.86552505794465,232.36446293463974,4823.666175014535,1.241909155989091,0.23467671126022136,387.8530749169186,448.52249441207246,9276.516170375417,0.23387554008440765,0.044194168572261448,218.63727615135339,252.6169192905369,5274.9370086564,0.0,0.0,8.78482492550625,10.24685239492058,166.1378533410821,0.0,0.0,11.491127404297979,13.274695347341084,279.28974312648298,0.0,0.0,70.70167937648232,82.00061502217244,1562.5394464868096,0.0,0.0,43.70657715695471,51.050457400081629,800.4843214123564,0.0,0.0,24.695019927605089,28.584735296996884,573.3621860998702,36.25895068211095,24.868964802545244,565.0628510173453,655.0745407521699,13595.48903552864,0.0,0.0,57.09437077386362,67.0395205011518,881.6262608302207,0.0,16.989773950547478,46.43877963893832,22.0,30.0,0.0,17.073537546187717,45.62402327396179,12.0,30.0,0.0,16.97696559602069,46.168492702832967,22.0,30.0,0.0,17.13385858954375,46.09826974820159,12.0,30.0,0.0,14.350901140805096,56.50710864966702,12.0,30.0,0.0,17.21087133918437,47.22795392936427,12.0,30.0,0.0,16.031669100378858,49.90049794547001,10.0,30.0,0.0,14.037954159664683,57.477969690845217,12.0,30.0,0.0,16.62999259449672,48.71262563993754,20.0,30.0,0.0,16.336077345555723,0.0,0.0,0.0,12.52656316043516,0.0,0.0,524.3129346550987,508.1537106515998,516.5630431016939,525.5039502259383,602.6936935397064,900.2566001858526,571.6141849568852,660.2334863254575,780.2828589219589,0.0,83.46123182222489,83.46123182222489,60.0,0.0,60.0,60.0,12.0,12.0,12.0,19.0,12.0,12.0,21.0,10.0,0.0,0.0,0.0,0.0,0.0,0.0,0.0,0.0,0.0,0.0,0.0,0.0,0.0,83.46123182222489,83.46123182222489,0.0,0.0,0.0,83.46123182222489,0.0,0.0,0.00255 
 03/03  01:50:00,4.681666666666667,93.83333333333334,4.414999999999999,0.0,0.0,0.0,0.0,0.0,2.0,2.0,0.0,0.0,0.0,0.0,0.0,518.0,0.0,0.0,0.0,0.0,0.0,0.0,0.0,0.0,0.0,0.0,0.0,17.153918908544143,-54.824262208401709,17.33764315884588,-191.36154475032573,17.379376287246069,-273.48876029232727,17.234902213019056,-111.45206326782682,14.313003928015032,8.145879588821316,16.94912579671097,-22.91814095029258,15.979277089238721,-15.604456175970313,14.27624927330162,-132.25284108236805,16.477235790189405,-58.52206828769556,547.148776131171,434.42744367217406,0.0,0.0,0.0,0.0,0.0,0.0,0.0,0.0,0.0,0.0,0.0,0.0,0.0,0.0,0.0,0.0,0.0,0.0,0.0,0.0,0.0,0.0,1.3167140564078835,0.4019273676458741,381.963073024991,441.79803641853769,9102.825078695905,0.23232366820641693,0.0354584353184397,197.00789029117269,227.61518783457488,4769.437156793282,1.2197181965312938,0.23048340826366107,377.991974534792,437.0021930413483,9133.387984909801,0.23447567065445983,0.04430757193017002,215.971745433196,249.84095705501438,5180.143941397072,0.0,0.0,8.596249687414139,10.033867841529482,163.7950286779161,0.0,0.0,11.711227306630303,13.532876248452553,285.48053456323489,0.0,0.0,68.664113469048,79.68325570973644,1527.507032451947,0.0,0.0,43.63405216222022,50.98231643532384,801.2370467455044,0.0,0.0,25.636393515506293,29.683364688690376,598.2178802991266,36.317738804458908,24.90928587411448,551.0259702107782,638.8967664755046,13289.555016046495,0.0,0.0,56.97589056512007,66.93276828882935,879.6124316773555,0.0,16.795677907089336,46.784165226769619,22.0,30.0,0.0,17.09207981091359,45.569298607698907,12.0,30.0,0.0,17.026390704739055,45.78979140604582,22.0,30.0,0.0,16.95356871510837,46.295212240697967,12.0,30.0,0.0,14.330067075118855,56.14650651503217,12.0,30.0,0.0,17.153121843033476,47.000937322590299,12.0,30.0,0.0,16.01146804708076,49.89793671615639,10.0,30.0,0.0,13.967648703309323,57.54327730838145,12.0,30.0,0.0,16.596199635219628,48.478355744519109,20.0,30.0,0.0,16.252352565108234,0.0,0.0,0.0,12.430368602508855,0.0,0.0,522.0958527266994,511.5913422528157,514.2979635407368,520.6229119075995,599.4532965433084,892.7950460700777,574.157645738587,662.3795526331251,772.6628683048805,0.0,83.46123182222489,83.46123182222489,60.0,0.0,60.0,60.0,12.0,12.0,12.0,19.0,12.0,12.0,21.0,10.0,0.0,0.0,0.0,0.0,0.0,0.0,0.0,0.0,0.0,0.0,0.0,0.0,0.0,83.46123182222489,83.46123182222489,0.0,0.0,0.0,83.46123182222489,0.0,0.0,0.0025533333333333334 
 03/03  02:00:00,4.59,94.0,4.43,0.0,0.0,0.0,0.0,0.0,2.0,2.0,0.0,0.0,0.0,0.0,0.0,518.0,0.0,0.0,0.0,0.0,0.0,0.0,0.0,0.0,0.0,0.0,0.0,17.155694919299813,-170.82152013032192,17.2132903383409,-146.09561814186828,17.233193889140077,-160.12528684450445,17.227394316818307,-174.1522595673855,14.289530430196866,8.036905543075804,16.900315656168137,-24.155568108058789,15.911186539642732,-4.317019723559497,14.214519664943829,-135.58329940769523,16.446867708935668,-61.22780385215668,550.4073337960745,442.9703099879654,0.0,0.0,0.0,0.0,0.0,0.0,0.0,0.0,0.0,0.0,0.0,0.0,0.0,0.0,0.0,0.0,0.0,0.0,0.0,0.0,0.0,0.0,1.3145819231621383,0.4012765333217761,393.59754457973056,455.44965924151168,9468.00996134906,0.2347572732989154,0.03582986466711163,200.70314870338485,232.3325682711581,4836.972510362364,1.2481743554562846,0.23586061138629725,387.31518646662837,448.2012182783478,9297.11654871377,0.2348279085537967,0.04437413237978016,218.69822818008385,252.8539936140652,5296.552796274835,0.0,0.0,8.731772877302799,10.188498154766098,167.50898323423903,0.0,0.0,11.725286502209514,13.552578388768435,286.88180465760737,0.0,0.0,70.28353335874539,81.56282694320547,1563.3078365345996,0.0,0.0,44.162469347018319,51.617213236410119,813.0626342782466,0.0,0.0,25.915258933440684,30.009542818484339,607.824168031764,36.398451001716399,24.964644034099046,564.2088408526165,654.5152066092504,13637.06772797641,0.0,0.0,57.51277560501849,67.58698164503469,888.2976577265263,0.0,16.844143503915228,46.38430268831613,22.0,30.0,0.0,16.926556967173985,45.59100776155978,12.0,30.0,0.0,16.829914909514096,46.1395776100087,22.0,30.0,0.0,16.99077238595357,46.03698756623973,12.0,30.0,0.0,14.303144373771705,56.07939735549867,12.0,30.0,0.0,17.10498295997829,47.00882554860204,12.0,30.0,0.0,15.915595964096104,49.75486540094968,10.0,30.0,0.0,13.897790583326782,57.39448672063973,12.0,30.0,0.0,16.56390596015008,48.376650714576417,20.0,30.0,0.0,16.195141554665385,0.0,0.0,0.0,12.339281116677462,0.0,0.0,519.5029672675622,504.0051936201803,512.420785963551,520.6099800828752,601.0780887461144,888.8955716417547,568.7344793588386,659.0501976985393,770.1952077241774,0.0,83.46123182222489,83.46123182222489,60.0,0.0,60.0,60.0,12.0,12.0,12.0,19.0,12.0,12.0,21.0,10.0,0.0,0.0,0.0,0.0,0.0,0.0,0.0,0.0,0.0,0.0,0.0,0.0,0.0,83.46123182222489,83.46123182222489,0.0,0.0,0.0,83.46123182222489,0.0,0.0,0.0025566666666666669 
 03/03  02:10:00,4.465,94.16666666666667,4.341666666666667,0.0,0.0,0.0,0.0,0.0,2.0,2.0,0.0,0.0,0.0,0.0,0.0,518.0,0.0,0.0,0.0,0.0,0.0,0.0,0.0,0.0,0.0,0.0,0.0,17.0079142976334,-54.01536975888757,17.18917001533196,-188.46573200531703,17.225700059436926,-268.39384170723499,17.09899309245929,-113.1346507663161,14.268392617377119,6.897914998693082,16.84665710432207,-23.58225435294804,15.880306429440225,-20.842908392990468,14.15234932038772,-137.71178462765318,16.413684616260349,-62.70666603937434,540.9046150300055,448.6347755616782,0.0,0.0,0.0,0.0,0.0,0.0,0.0,0.0,0.0,0.0,0.0,0.0,0.0,0.0,0.0,0.0,0.0,0.0,0.0,0.0,0.0,0.0,1.3283140866017596,0.4054682804034675,381.5717693923664,441.607158702438,9153.238765595755,0.23479166038130376,0.035835113000809489,197.08845473943695,227.84418572830237,4801.452303652805,1.2318998546248457,0.23278530888602534,378.30140574613486,437.6193447868263,9199.114200624299,0.23647486880073088,0.04468534935765888,216.38396283798233,250.46496215195629,5224.540869459812,0.0,0.0,8.527430857314924,9.956127620542225,165.33088838127967,0.0,0.0,11.901462595371001,13.759008571879031,292.81675765115019,0.0,0.0,68.19414816544549,79.17650459784855,1531.039312252378,0.0,0.0,44.06100583069169,51.510848839509439,816.1597455451262,0.0,0.0,26.75277339335951,30.986064016472704,632.1583819741703,36.21242287855242,24.837052728773956,551.4533698247934,639.756339987098,13395.606686229963,0.0,0.0,57.31930423499043,67.38627517819829,888.8689180782335,0.0,16.653333439375929,46.71292588389166,22.0,30.0,0.0,16.946388557208949,45.531489208032507,12.0,30.0,0.0,16.880945772045455,45.75090610595492,22.0,30.0,0.0,16.81284356281045,46.21774241183661,12.0,30.0,0.0,14.281133795223397,55.72479649599434,12.0,30.0,0.0,17.048091781429166,46.77937966722281,12.0,30.0,0.0,15.894927887794097,49.76003628979028,10.0,30.0,0.0,13.827867114100162,57.45645135250298,12.0,30.0,0.0,16.527497074479915,48.15624758812592,20.0,30.0,0.0,16.115916759085246,0.0,0.0,0.0,12.243345324527312,0.0,0.0,517.5412210289967,507.7312994595364,510.460030859095,516.0010662985167,597.2974158470304,882.0549294288126,571.3242320926313,660.3642062288182,763.0656814842331,0.0,83.46123182222489,83.46123182222489,60.0,0.0,60.0,60.0,12.0,12.0,12.0,19.0,12.0,12.0,21.0,10.0,0.0,0.0,0.0,0.0,0.0,0.0,0.0,0.0,0.0,0.0,0.0,0.0,0.0,83.46123182222489,83.46123182222489,0.0,0.0,0.0,83.46123182222489,0.0,0.0,0.0025599999999999999 
 03/03  02:20:00,4.34,94.33333333333334,4.253333333333334,0.0,0.0,0.0,0.0,0.0,2.0,2.0,0.0,0.0,0.0,0.0,0.0,518.0,0.0,0.0,0.0,0.0,0.0,0.0,0.0,0.0,0.0,0.0,0.0,17.011672112037489,-167.8571687178919,17.067275495241519,-143.52707447943568,17.08282384349316,-156.0504347578617,17.092226739299755,-174.28445572714328,14.243797029706869,6.722506646725805,16.79784315301282,-24.697452754135129,15.811976591575679,-10.070824861650863,14.09017775374809,-141.1822200959101,16.381122698474394,-65.29403875363625,542.0580443296803,456.870538626025,0.0,0.0,0.0,0.0,0.0,0.0,0.0,0.0,0.0,0.0,0.0,0.0,0.0,0.0,0.0,0.0,0.0,0.0,0.0,0.0,0.0,0.0,1.3309331940058203,0.4062677637380404,391.79219355292198,453.58066123360336,9512.898823199499,0.2380717240224608,0.0363357332146613,200.22269944756219,231.88853441602084,4869.730493051926,1.2643751780198076,0.23892199131137718,385.98190636188959,446.8745171028919,9351.450673801386,0.2378561912005066,0.04494637021929451,218.278404645092,252.48886758487113,5335.826757943551,0.0,0.0,8.63861765747092,10.081606457010509,169.13881257355406,0.0,0.0,11.89523486232246,13.75404829810659,294.4933379550826,0.0,0.0,69.66956982194053,80.88302717898613,1568.4345686426646,0.0,0.0,44.5525750824998,52.09865981452445,830.2587668151898,0.0,0.0,26.997522086899886,31.270769345156184,642.7557360003266,36.047951908551528,24.724246850858394,562.5815285271465,652.9290488217514,13734.229416789742,0.0,0.0,57.7708679896365,67.93548229790103,899.7610550642035,0.0,16.70357613574943,46.300515712833988,22.0,30.0,0.0,16.78435220404772,45.52824602166713,12.0,30.0,0.0,16.688249266153095,46.0785090817179,22.0,30.0,0.0,16.85164712961999,45.94961990725031,12.0,30.0,0.0,14.25298731694312,55.66731549303995,12.0,30.0,0.0,17.000231276994055,46.79706249190859,12.0,30.0,0.0,15.799644960203679,49.60338212138921,10.0,30.0,0.0,13.757872004518495,57.30987681563509,12.0,30.0,0.0,16.492809874396558,48.0635271744936,20.0,30.0,0.0,16.06192513720015,0.0,0.0,0.0,12.14995614924756,0.0,0.0,515.3056526224084,500.4423284082542,508.8114281412561,516.3291772899337,598.6303968664263,878.9362065862529,566.0310489247409,657.0200451596835,760.8147669435948,0.0,83.46123182222489,83.46123182222489,60.0,0.0,60.0,60.0,12.0,12.0,12.0,19.0,12.0,12.0,21.0,10.0,0.0,0.0,0.0,0.0,0.0,0.0,0.0,0.0,0.0,0.0,0.0,0.0,0.0,83.46123182222489,83.46123182222489,0.0,0.0,0.0,83.46123182222489,0.0,0.0,0.0025599999999999999 
 03/03  02:30:00,4.215,94.5,4.165,0.0,0.0,0.0,0.0,0.0,2.0,2.0,0.0,0.0,0.0,0.0,0.0,518.0,0.0,0.0,0.0,0.0,0.0,0.0,0.0,0.0,0.0,0.0,0.0,16.866825845142416,-52.77778078459232,17.044179113273214,-185.23982127284854,17.076832161010814,-263.11337276041288,16.96584368043633,-114.25130047885568,14.221455910810726,5.642511478323442,16.744569504779706,-24.18177902166849,15.780128112233644,-25.8523078799451,14.027466230631209,-143.57673958963188,16.346248300207294,-66.79242420391688,533.4820995716573,462.96787116552869,0.0,0.0,0.0,0.0,0.0,0.0,0.0,0.0,0.0,0.0,0.0,0.0,0.0,0.0,0.0,0.0,0.0,0.0,0.0,0.0,0.0,0.0,1.3448113734933758,0.4105040822629353,379.63184937863289,439.57548782680626,9193.984672163431,0.238272841516112,0.036366428802825399,196.38390545602807,227.1420906767862,4828.134191966026,1.2489176666278144,0.23600107079134825,377.37770565228996,436.7655386631741,9261.792881492169,0.23947965529715044,0.04525314725947664,216.324150718325,250.51720796510927,5273.146179329658,0.0,0.0,8.439818634307905,9.855608675844803,166.9500960626283,0.0,0.0,12.05837197366654,13.945522043689579,300.19105646512687,0.0,0.0,67.64804411022965,78.57402351961906,1536.8908620377197,0.0,0.0,44.45692771342216,51.999306679482938,833.4213332483646,0.0,0.0,27.78019420351451,32.18424759874719,666.1612811341821,35.86624672872913,24.599620527249067,550.0074852997764,638.3743390543598,13496.417403156747,0.0,0.0,57.58480469077425,67.74424405563792,900.048179558074,0.0,16.51570719051788,46.61385325119605,22.0,30.0,0.0,16.804657657873674,45.46336564686721,12.0,30.0,0.0,16.739767877328299,45.68037903392726,22.0,30.0,0.0,16.676518898985934,46.113387370076569,12.0,30.0,0.0,14.229632687727549,55.3212810693599,12.0,30.0,0.0,16.943865715741855,46.56643663135317,12.0,30.0,0.0,15.777963228062874,49.614595300476299,10.0,30.0,0.0,13.687135259435096,57.37471848346882,12.0,30.0,0.0,16.45445504964425,47.854310283300197,20.0,30.0,0.0,15.984922383510519,0.0,0.0,0.0,12.05046429954716,0.0,0.0,513.558709120867,504.3733662429422,507.11602931749646,511.9667902604341,594.7180566925454,872.7841097459672,568.7465966889283,658.112181582422,754.3628824852639,0.0,83.46123182222489,83.46123182222489,60.0,0.0,60.0,60.0,12.0,12.0,12.0,19.0,12.0,12.0,21.0,10.0,0.0,0.0,0.0,0.0,0.0,0.0,0.0,0.0,0.0,0.0,0.0,0.0,0.0,83.46123182222489,83.46123182222489,0.0,0.0,0.0,83.46123182222489,0.0,0.0,0.0025599999999999999 
 03/03  02:40:00,4.09,94.66666666666666,4.076666666666666,0.0,0.0,0.0,0.0,0.0,2.0,2.0,0.0,0.0,0.0,0.0,0.0,518.0,0.0,0.0,0.0,0.0,0.0,0.0,0.0,0.0,0.0,0.0,0.0,16.87146388535014,-164.9041426480535,16.92468899939898,-141.18820591737404,16.936886358737924,-152.6554905537323,16.95967325991993,-174.32287220470927,14.19582728533727,5.4576410130751189,16.695911200196137,-25.241187372463885,15.711813927316016,-15.38319671255249,13.964417523084088,-147.42503907470394,16.31203909978626,-69.33911162239207,535.0231975274128,471.8015842396353,0.0,0.0,0.0,0.0,0.0,0.0,0.0,0.0,0.0,0.0,0.0,0.0,0.0,0.0,0.0,0.0,0.0,0.0,0.0,0.0,0.0,0.0,1.3463595230940842,0.4109766554011246,389.6700335701523,451.3378673560824,9551.582549597695,0.24127362490640598,0.036824423825764038,199.50168118275657,231.16241603926836,4897.790088359547,1.2797944367907937,0.24183568344497248,384.47534689239128,445.3403431037764,9403.726559311208,0.2406987312577888,0.04548350930797217,217.82043865471145,252.07649801344776,5375.362799282138,0.0,0.0,8.550630225055066,9.980780150749112,170.76057224230287,0.0,0.0,12.051576315467669,13.939867780358176,301.88002894884979,0.0,0.0,69.16151432799063,80.32577087353067,1575.6674053701809,0.0,0.0,44.95395786336334,52.59411554546323,847.6690003035625,0.0,0.0,27.982705352258667,32.42050605910583,675.9120154621185,35.703967318479048,24.488317776734609,560.5414846730272,650.855359412396,13824.454765015897,0.0,0.0,58.042533518385798,68.30227858797181,910.6215916154131,0.0,16.56629217835708,46.1952548997763,22.0,30.0,0.0,16.645769807727445,45.439102427454859,12.0,30.0,0.0,16.5502631176053,45.991832843556569,22.0,30.0,0.0,16.715896357621028,45.84115894437973,12.0,30.0,0.0,14.200470802993707,55.27197171742017,12.0,30.0,0.0,16.896156787217607,46.592100151464538,12.0,30.0,0.0,15.683796208504504,49.444150853828748,10.0,30.0,0.0,13.615829507798275,57.235502150604919,12.0,30.0,0.0,16.417923110147887,47.76870010850939,20.0,30.0,0.0,15.93164151704588,0.0,0.0,0.0,11.952677126160057,0.0,0.0,511.61749668045447,497.37173088314258,505.66996760530938,512.5768143196301,595.9524850549993,870.2664141433711,563.6368917190891,654.95363504684,752.5012737039392,0.0,83.46123182222489,83.46123182222489,60.0,0.0,60.0,60.0,12.0,12.0,12.0,19.0,12.0,12.0,21.0,10.0,0.0,0.0,0.0,0.0,0.0,0.0,0.0,0.0,0.0,0.0,0.0,0.0,0.0,83.46123182222489,83.46123182222489,0.0,0.0,0.0,83.46123182222489,0.0,0.0,0.0025599999999999999 
 03/03  02:50:00,3.965,94.83333333333333,3.9883333333333335,0.0,0.0,0.0,0.0,0.0,2.0,2.0,0.0,0.0,0.0,0.0,0.0,518.0,0.0,0.0,0.0,0.0,0.0,0.0,0.0,0.0,0.0,0.0,0.0,16.729020522112636,-51.42886225427446,16.902053621347045,-182.48990616710126,16.931677995222338,-258.66002307983947,16.834746630850434,-115.33164006783,14.172373108491167,4.418940458537435,16.642911340301084,-24.770618208116049,15.678815046180702,-30.715195722078194,13.900533849268927,-150.1049290043959,16.275661054047043,-70.8987527234388,527.0272453984244,478.4830849822871,0.0,0.0,0.0,0.0,0.0,0.0,0.0,0.0,0.0,0.0,0.0,0.0,0.0,0.0,0.0,0.0,0.0,0.0,0.0,0.0,0.0,0.0,1.3603111959615824,0.41523540780268089,377.305161582358,437.08894772900717,9226.507402161107,0.24154102759834368,0.03686523620243341,195.43838324016566,226.1581840082245,4849.539198589381,1.264825572300352,0.23900709982999858,376.35503401365556,435.79240576685165,9323.565546436777,0.2422610198352218,0.04577872634830342,216.3357650147637,250.65005023510376,5324.576077904583,0.0,0.0,8.35377382260383,9.75694437264714,168.498041392331,0.0,0.0,12.20726031384935,14.122844446614927,307.4699910309612,0.0,0.0,67.1905956586799,78.07414027556604,1544.4651454529486,0.0,0.0,44.874260670209398,52.51383829663908,851.0113494667003,0.0,0.0,28.746706763304965,33.31287977128804,699.2194940747015,35.52593499783454,24.366210560929049,548.2070414582711,636.5753735484962,13590.31056605562,0.0,0.0,57.87232536259529,68.13069328690205,910.6713026293166,0.0,16.380842961253096,46.495588660964738,22.0,30.0,0.0,16.665750219702688,45.37317121266918,12.0,30.0,0.0,16.601371605117156,45.58834500711049,22.0,30.0,0.0,16.542796225003025,45.99062463258704,12.0,30.0,0.0,14.175953406229994,54.92919439091965,12.0,30.0,0.0,16.84021770095749,46.356327046348059,12.0,30.0,0.0,15.660729434793672,49.46120382971259,10.0,30.0,0.0,13.543334703594514,57.3022530848049,12.0,30.0,0.0,16.377962420393709,47.56487969498606,20.0,30.0,0.0,15.855695069988153,0.0,0.0,0.0,11.848847861211852,0.0,0.0,510.0729488426292,501.4340761787198,504.20800294150856,508.45584018083749,592.1042646611542,864.6431980963007,566.4470428469977,655.9259101910968,746.6415028137392,0.0,83.46123182222489,83.46123182222489,60.0,0.0,60.0,60.0,12.0,12.0,12.0,19.0,12.0,12.0,21.0,10.0,0.0,0.0,0.0,0.0,0.0,0.0,0.0,0.0,0.0,0.0,0.0,0.0,0.0,83.46123182222489,83.46123182222489,0.0,0.0,0.0,83.46123182222489,0.0,0.0,0.002563333333333333 
 03/03  03:00:00,3.84,95.0,3.9,0.0,0.0,0.0,0.0,0.0,2.0,2.0,0.0,0.0,0.0,0.0,0.0,518.0,0.0,0.0,0.0,0.0,0.0,0.0,0.0,0.0,0.0,0.0,0.0,16.73390840832961,-162.17914810026924,16.784499464417494,-139.04225917009718,16.794082028675747,-149.6598837484362,16.82881335228125,-174.4418178490796,14.145759377163948,4.225706128646152,16.59429320480882,-25.794501058376313,15.610513536367865,-20.54090257572534,13.836133141693836,-154.30967562663035,16.239926711236075,-73.44760913924699,528.849124143715,487.99988475388138,0.0,0.0,0.0,0.0,0.0,0.0,0.0,0.0,0.0,0.0,0.0,0.0,0.0,0.0,0.0,0.0,0.0,0.0,0.0,0.0,0.0,0.0,1.3601047356267189,0.41517238572244166,387.61955231286609,449.1730579781588,9592.581787249408,0.24415782399010978,0.03726462515111566,198.76374092314149,230.41440174867743,4925.971039464483,1.2935870731657065,0.24444200173199299,383.11040325805268,443.96602393674916,9460.400473503934,0.24320563834905246,0.045957225689541279,217.45463805636499,251.76895061409767,5417.869313606103,0.0,0.0,8.46563948632112,9.883480573674742,172.3418178058159,0.0,0.0,12.199399427461437,14.115934225562164,309.1548779075065,0.0,0.0,68.73992487137495,79.86874694059854,1584.5614916993168,0.0,0.0,45.38623446745019,53.12692536093677,865.5287418775206,0.0,0.0,28.903059579134906,33.49607074915541,707.9902777650475,35.36528309179815,24.256024068448668,558.6282032487454,648.9239567681975,13918.400544517881,0.0,0.0,58.34593136283442,68.70904536838853,921.0771629896456,0.0,16.431076154105896,46.07350905637225,22.0,30.0,0.0,16.509437504509174,45.330296579190918,12.0,30.0,0.0,16.4144495209554,45.886046174949807,22.0,30.0,0.0,16.58226566841608,45.716409993540739,12.0,30.0,0.0,14.14587749221606,54.88420120915634,12.0,30.0,0.0,16.792554765291759,46.38651163730456,12.0,30.0,0.0,15.567409127698625,49.27797925116243,10.0,30.0,0.0,13.470030781010705,57.16948739333421,12.0,30.0,0.0,16.339777199911614,47.48301000449709,20.0,30.0,0.0,15.802860117094865,0.0,0.0,0.0,11.746735422597164,0.0,0.0,508.3772875942628,494.72846202767837,502.93494071331829,509.27947969227,593.3231184290697,862.5723167057524,561.5804385733007,652.9967245209684,745.1617127448321,0.0,83.46123182222489,83.46123182222489,60.0,0.0,60.0,60.0,12.0,12.0,12.0,19.0,12.0,12.0,21.0,10.0,0.0,0.0,0.0,0.0,0.0,0.0,0.0,0.0,0.0,0.0,0.0,0.0,0.0,83.46123182222489,83.46123182222489,0.0,0.0,0.0,83.46123182222489,0.0,0.0,0.0025666666666666669 
 03/03  03:10:00,3.6483333333333336,95.0,3.825,0.0,0.0,0.0,0.0,0.0,2.0,2.0,0.0,0.0,0.0,0.0,0.0,518.0,0.0,0.0,0.0,0.0,0.0,0.0,0.0,0.0,0.0,0.0,0.0,16.592815137441879,-51.16210910512655,16.761247517240777,-180.74707261072127,16.78859227549678,-255.52660277870837,16.70405238279033,-116.85361810597351,14.12120504805049,3.254460422881124,16.540814992279026,-25.3715555769609,15.5766570316089,-35.40491906933721,13.77051483000943,-157.2319884074434,16.201902172029855,-75.08367362563604,526.1868170701391,495.62756743411298,0.0,0.0,0.0,0.0,0.0,0.0,0.0,0.0,0.0,0.0,0.0,0.0,0.0,0.0,0.0,0.0,0.0,0.0,0.0,0.0,0.0,0.0,1.3841440417082436,0.4225103912418326,377.09533192826577,437.07199539840726,9360.269976799183,0.24631682865400765,0.03759414356746149,195.6117613062023,226.47769773512918,4924.682769508383,1.2885825699287233,0.24349632840678835,376.5387363088682,436.2318395264741,9465.169134720813,0.24671907243856446,0.04662113991658435,216.6187418010315,251.10608389626294,5411.521279139604,0.0,0.0,8.280334023356812,9.67343012958642,171.30160695365175,0.0,0.0,12.359936703180928,14.30519550218686,316.5571930826917,0.0,0.0,66.9036846731077,77.77538400917828,1564.5796704678706,0.0,0.0,45.34307262223279,53.0920021746971,875.4124230373809,0.0,0.0,29.639206288166905,34.357941756604819,734.8331830926509,35.25990452030053,24.183747956310385,548.7256279354868,637.5034071050782,13812.433842084849,0.0,0.0,58.25389428556416,68.63301158730079,929.7370556965204,0.0,16.24608912951704,46.357317231389128,22.0,30.0,0.0,16.528133639589769,45.25871752751279,12.0,30.0,0.0,16.463689895418125,45.47352662438141,22.0,30.0,0.0,16.40945346096698,45.84818844496971,12.0,30.0,0.0,14.120237366054829,54.54298421748706,12.0,30.0,0.0,16.736610211417806,46.146841629687667,12.0,30.0,0.0,15.543367952595237,49.296363709297448,10.0,30.0,0.0,13.395215427558913,57.240019147532368,12.0,30.0,0.0,16.298213784421699,47.283491992247117,20.0,30.0,0.0,15.722973793772118,0.0,0.0,0.0,11.639473343213036,0.0,0.0,506.99546805522507,498.8517274063702,501.6567922818971,505.38723419250109,589.5872664242195,857.3511301634849,564.4261146720774,653.8146254278688,739.8569154726383,0.0,83.46123182222489,83.46123182222489,60.0,0.0,60.0,60.0,12.0,12.0,12.0,19.0,12.0,12.0,21.0,10.0,0.0,0.0,0.0,0.0,0.0,0.0,0.0,0.0,0.0,0.0,0.0,0.0,0.0,83.46123182222489,83.46123182222489,0.0,0.0,0.0,83.46123182222489,0.0,0.0,0.00257 
 03/03  03:20:00,3.4566666666666667,95.0,3.75,0.0,0.0,0.0,0.0,0.0,2.0,2.0,0.0,0.0,0.0,0.0,0.0,518.0,0.0,0.0,0.0,0.0,0.0,0.0,0.0,0.0,0.0,0.0,0.0,16.596027246936303,-161.76560540109223,16.642963295281996,-138.47043318038005,16.650879286097074,-147.72271602010825,16.696585881328585,-177.16671068003508,14.093556825851828,3.08469230943075,16.491317354826607,-26.407285257322714,15.507713692790049,-25.63419231023147,13.704296828713766,-161.6914026229274,16.164412722414846,-77.66513459590903,532.6246673428541,506.1023138470657,0.0,0.0,0.0,0.0,0.0,0.0,0.0,0.0,0.0,0.0,0.0,0.0,0.0,0.0,0.0,0.0,0.0,0.0,0.0,0.0,0.0,0.0,1.3879362366568869,0.42366795990747466,388.4607901711438,450.39847630475506,9804.75194578532,0.24970835048133084,0.03811177510398822,199.52595605844528,231.4254811751857,5042.914388640132,1.3212577444343064,0.24967077559227264,384.4590202890005,445.7768116094644,9683.409645968677,0.24822560924825685,0.04690582185341209,218.4854196385076,253.10113320920824,5551.770578974336,0.0,0.0,8.403655506878709,9.813799799567406,176.52401552116869,0.0,0.0,12.368255857737717,14.317590870849458,320.2892687753957,0.0,0.0,68.52696209539158,79.66019053303362,1616.0136520282559,0.0,0.0,45.88117760543308,53.73865777811483,896.5408809294074,0.0,0.0,29.795556176731027,34.54291047769419,747.6491236845516,35.165465328493059,24.118974848074804,560.8773390313395,651.9046245117079,14259.029850137962,0.0,0.0,58.79508440354703,69.2950174971367,948.8534313525458,0.0,16.292242691105217,45.92311154346379,22.0,30.0,0.0,16.37055607612004,45.19252994195314,12.0,30.0,0.0,16.275297468857283,45.74938425490234,22.0,30.0,0.0,16.44641492213284,45.55756079154261,12.0,30.0,0.0,14.089175940959164,54.50019625391509,12.0,30.0,0.0,16.688324408093864,46.181446494935737,12.0,30.0,0.0,15.449843308139949,49.09953553625539,10.0,30.0,0.0,13.319551954095472,57.11274516723239,12.0,30.0,0.0,16.25825489080151,47.20131777945849,20.0,30.0,0.0,15.664184194872611,0.0,0.0,0.0,11.534401020784714,0.0,0.0,505.5292802223736,492.5750117546125,500.546017441981,506.3353157383243,590.7727426505121,855.4343036991644,559.7636631400035,650.9873312274297,738.4918013490287,0.0,83.46123182222489,83.46123182222489,60.0,0.0,60.0,60.0,12.0,12.0,12.0,19.0,12.0,12.0,21.0,10.0,0.0,0.0,0.0,0.0,0.0,0.0,0.0,0.0,0.0,0.0,0.0,0.0,0.0,83.46123182222489,83.46123182222489,0.0,0.0,0.0,83.46123182222489,0.0,0.0,0.0025599999999999999 
 03/03  03:30:00,3.2649999999999999,95.0,3.675,0.0,0.0,0.0,0.0,0.0,2.0,2.0,0.0,0.0,0.0,0.0,0.0,518.0,0.0,0.0,0.0,0.0,0.0,0.0,0.0,0.0,0.0,0.0,0.0,16.454565592097724,-50.30103217273245,16.618847195925168,-181.15209516912456,16.64465984456786,-255.13748376760214,16.57022237293659,-118.9609207327403,14.067876454978976,2.1306936935145019,16.43743826922202,-26.035402539736397,15.472452032284594,-40.512523063770007,13.636995979221848,-164.70202975765984,16.124793500431108,-79.42372373016372,530.0135130931067,513.9735021906886,0.0,0.0,0.0,0.0,0.0,0.0,0.0,0.0,0.0,0.0,0.0,0.0,0.0,0.0,0.0,0.0,0.0,0.0,0.0,0.0,0.0,0.0,1.4099771934360162,0.43039596869231269,379.4875147330217,440.1021726654932,9605.622319298513,0.25134969215775346,0.038362285127862248,197.1929591810253,228.44201637710177,5060.593828754602,1.3140561494969408,0.24830992998808414,379.9824442645735,440.47665470537938,9737.247618356912,0.2513473466293328,0.04749571931771215,218.95678266156683,253.96216995908854,5577.421923397582,0.0,0.0,8.21055175369931,9.594627956345576,175.16079279757794,0.0,0.0,12.532381242919224,14.511208953494542,327.9115913883039,0.0,0.0,66.64713542540192,77.51548852592055,1593.7467816710355,0.0,0.0,45.836014609642749,53.702047619013068,906.2941126524909,0.0,0.0,30.525194553600323,35.39800020934027,774.9382030732331,35.06470113970656,24.049863607480498,553.9016733661084,643.8966706258743,14218.242432830226,0.0,0.0,58.69962380731083,69.21601613484286,957.1601823933177,0.0,16.10609695103307,46.18731548059921,22.0,30.0,0.0,16.387223385419369,45.09677257350481,12.0,30.0,0.0,16.322053723625595,45.31141548092752,22.0,30.0,0.0,16.270901059666828,45.67463654540694,12.0,30.0,0.0,14.062393239937407,54.149752577494428,12.0,30.0,0.0,16.631915005675468,45.929070742182449,12.0,30.0,0.0,15.424006532040018,49.11139491786774,10.0,30.0,0.0,13.242461416820487,57.178812110002997,12.0,30.0,0.0,16.21496029901332,46.997110699853539,20.0,30.0,0.0,15.583193429092648,0.0,0.0,0.0,11.423985400390219,0.0,0.0,504.3144067170109,496.63511588975657,499.42977582128438,502.7581005775669,587.1776478955117,850.4402922451775,562.6972584305561,651.7112468764733,733.5505113474571,0.0,83.46123182222489,83.46123182222489,60.0,0.0,60.0,60.0,12.0,12.0,12.0,19.0,12.0,12.0,21.0,10.0,0.0,0.0,0.0,0.0,0.0,0.0,0.0,0.0,0.0,0.0,0.0,0.0,0.0,83.46123182222489,83.46123182222489,0.0,0.0,0.0,83.46123182222489,0.0,0.0,0.00255 
 03/03  03:40:00,3.0733333333333334,95.0,3.5999999999999998,0.0,0.0,0.0,0.0,0.0,2.0,2.0,0.0,0.0,0.0,0.0,0.0,518.0,0.0,0.0,0.0,0.0,0.0,0.0,0.0,0.0,0.0,0.0,0.0,16.45685036939669,-162.18133794098868,16.500078287806148,-137.72681029351134,16.50629716152669,-144.14759367350417,16.562009894262788,-180.5446069150771,14.0391538222128,1.958962964263435,16.387469556371565,-27.069184858331199,15.402408850177333,-30.97684566346811,13.569150082862042,-169.36912368037395,16.08567892075463,-82.05542629809185,536.3342928028233,524.9208272293255,0.0,0.0,0.0,0.0,0.0,0.0,0.0,0.0,0.0,0.0,0.0,0.0,0.0,0.0,0.0,0.0,0.0,0.0,0.0,0.0,0.0,0.0,1.4072734010339497,0.4295706352362484,391.3481000100744,454.00636566213998,10067.62629349664,0.2534459616765047,0.03868222858310512,201.7087983781612,234.0908507016632,5196.043767287492,1.4555664784916643,0.27505035496819066,387.4893344096123,449.55297254650756,9950.432232170306,0.2516280253593298,0.047548757626479549,220.5300802611448,255.61580330661617,5711.478273406304,0.0,0.0,8.334403768516795,9.735648339759248,180.43625819023766,0.0,0.0,12.544333471898107,14.527861222558773,331.78279212185029,0.0,0.0,68.28310394985022,79.41637686439535,1646.152291415131,0.0,0.0,46.382939031802738,54.36008750429723,927.7882091811114,0.0,0.0,30.683094663480504,35.58526994818787,788.0557730514291,34.970860577158017,23.985501081727045,566.2530448995299,658.5387148166301,14675.751442962155,0.0,0.0,59.25082294279633,69.8913607251206,976.3947146683892,0.0,16.149835352093289,45.736715885394719,22.0,30.0,0.0,16.228668589280458,45.00987788003733,12.0,30.0,0.0,16.131859407461535,45.57018397393766,22.0,30.0,0.0,16.30665128566129,45.36211199668072,12.0,30.0,0.0,14.030305973159863,54.1030258608139,12.0,30.0,0.0,16.583072723927566,45.963187907936987,12.0,30.0,0.0,15.329321515058599,48.89419918995843,10.0,30.0,0.0,13.164679034733386,57.04470808970841,12.0,30.0,0.0,16.17323295669908,46.90630005040079,20.0,30.0,0.0,15.52321707278067,0.0,0.0,0.0,11.316040882346634,0.0,0.0,503.0873401774333,490.8521716734084,498.47218359667377,503.7523790760009,588.3745389920007,848.6291475495705,558.3446558718822,649.0884075201469,732.3013326888853,0.0,83.46123182222489,83.46123182222489,60.0,0.0,60.0,60.0,12.0,12.0,12.0,19.0,12.0,12.0,21.0,10.0,0.0,0.0,0.0,0.0,0.0,0.0,0.0,0.0,0.0,0.0,0.0,0.0,0.0,83.46123182222489,83.46123182222489,0.0,0.0,0.0,83.46123182222489,0.0,0.0,0.0025399999999999999 
 03/03  03:50:00,2.8816666666666665,95.0,3.5250000000000005,0.0,0.0,0.0,0.0,0.0,2.0,2.0,0.0,0.0,0.0,0.0,0.0,518.0,0.0,0.0,0.0,0.0,0.0,0.0,0.0,0.0,0.0,0.0,0.0,16.315040149497464,-50.30879350238047,16.475643996669839,-181.55134386454393,16.498907812625008,-251.6684186573857,16.43412417676198,-121.6099496966599,14.012358426783346,1.0353682773939568,16.333151247592878,-26.752094353195987,15.366107051401107,-45.61914515964736,13.500156909487233,-172.49375804639176,16.044455656401707,-83.90487152395116,534.0260179876295,533.0724555675015,0.0,0.0,0.0,0.0,0.0,0.0,0.0,0.0,0.0,0.0,0.0,0.0,0.0,0.0,0.0,0.0,0.0,0.0,0.0,0.0,0.0,0.0,1.43000627061232,0.4365098506142613,383.95698562894099,445.5592212263567,9903.87921371661,0.2551514281554619,0.03894252566475304,200.32585340494229,232.21127734931054,5238.048414249151,1.4613555189572858,0.27614427795867088,383.92757212091029,445.3189480085501,10026.149964875309,0.2548896857460763,0.04816509556804161,221.25473745453275,256.7807401802718,5743.154102452025,0.0,0.0,8.138380673531917,9.513125260892594,178.84691785370289,0.0,0.0,12.705953540967692,14.718801995009756,339.4677352028526,0.0,0.0,66.40555757370817,77.27382069203833,1622.770641943478,0.0,0.0,46.34497577467019,54.33258196515126,937.60202930913,0.0,0.0,31.38239731637795,36.405996448890267,815.1537513972844,34.87936807976568,23.922749025902399,561.1471962081723,652.7178896187782,14678.495314218757,0.0,0.0,59.16204601623795,69.82133158010062,984.5539738810358,0.0,15.962722828417262,45.98103518813059,22.0,30.0,0.0,16.244482418245437,44.894947232994869,12.0,30.0,0.0,16.175763085534294,45.114212947868107,22.0,30.0,0.0,16.1288358050042,45.46196543196277,12.0,30.0,0.0,14.002439380013778,53.73453630210571,12.0,30.0,0.0,16.526199527024486,45.69092266954885,12.0,30.0,0.0,15.302403125677705,48.90316638144374,10.0,30.0,0.0,13.085412348546065,57.10103490518472,12.0,30.0,0.0,16.12821770341528,46.69178042351016,20.0,30.0,0.0,15.441824834862623,0.0,0.0,0.0,11.202849859844858,0.0,0.0,501.9765133101082,494.7660765947522,497.47896912812157,500.433675034271,584.9615661069549,843.9349919294332,561.341026912351,649.7885615613891,727.7850293327158,0.0,83.46123182222489,83.46123182222489,60.0,0.0,60.0,60.0,12.0,12.0,12.0,19.0,12.0,12.0,21.0,10.0,0.0,0.0,0.0,0.0,0.0,0.0,0.0,0.0,0.0,0.0,0.0,0.0,0.0,83.46123182222489,83.46123182222489,0.0,0.0,0.0,83.46123182222489,0.0,0.0,0.0025466666666666669 
 03/03  04:00:00,2.69,95.0,3.45,0.0,0.0,0.0,0.0,0.0,2.0,2.0,0.0,0.0,0.0,0.0,0.0,518.0,0.0,0.0,0.0,0.0,0.0,0.0,0.0,0.0,0.0,0.0,0.0,16.316614768396584,-163.17165885200667,16.356266467742509,-137.40243200874103,16.361404150161805,-141.04277270903823,16.425094424905834,-184.05188676327044,13.98252820802989,0.8559791232510889,16.282700544138345,-27.767207845749824,15.294617888130786,-36.461234907437759,13.430649726809627,-177.34100587611386,16.003723193823914,-86.58640789988812,540.3935289054425,544.4388001347473,0.0,0.0,0.0,0.0,0.0,0.0,0.0,0.0,0.0,0.0,0.0,0.0,0.0,0.0,0.0,0.0,0.0,0.0,0.0,0.0,0.0,0.0,1.4341997872083175,0.43778992283526177,395.13813503211869,458.6724743310401,10355.305273258724,0.25840176749204876,0.03943860920208314,204.7328391430138,237.7396072570448,5372.67499050498,1.5763026409351718,0.2978652004790575,390.55976594185679,453.38544272077106,10220.23587487399,0.25669235099557477,0.04850573525993475,222.4994735983072,258.05062128428298,5869.948484718769,0.0,0.0,8.258585758125986,9.649866266917372,184.0814095969256,0.0,0.0,12.722172031787727,14.740452067034987,343.5005303529613,0.0,0.0,68.02657440694107,79.15854476001272,1675.3997204341877,0.0,0.0,46.89797697462919,54.99888408008138,959.4140892155098,0.0,0.0,31.54619624753455,36.60064354869092,828.6765200288754,34.8021163411194,23.869764294320583,572.4666688506642,666.1671545111091,15116.396916095517,0.0,0.0,59.717386444595017,70.50310305142094,1003.8299279307967,0.0,16.004700222464849,45.51670537150687,22.0,30.0,0.0,16.0847900750532,44.78846284094526,12.0,30.0,0.0,15.986889227451958,45.35014886285467,22.0,30.0,0.0,16.163430830779516,45.13320985488872,12.0,30.0,0.0,13.969295486294169,53.68276183213519,12.0,30.0,0.0,16.476855485336569,45.72353775396948,12.0,30.0,0.0,15.206019314529238,48.66093002483068,10.0,30.0,0.0,13.005560940912947,56.9546185632938,12.0,30.0,0.0,16.084760617629408,46.59041284948724,20.0,30.0,0.0,15.379726865095926,0.0,0.0,0.0,11.092231994345817,0.0,0.0,500.94800015689847,489.4166661239682,496.66303464808018,501.44658272195,586.2039344318215,842.2290635941997,557.279996116146,647.4067158255039,726.6816040426711,0.0,83.46123182222489,83.46123182222489,60.0,0.0,60.0,60.0,12.0,12.0,12.0,19.0,12.0,12.0,21.0,10.0,0.0,0.0,0.0,0.0,0.0,0.0,0.0,0.0,0.0,0.0,0.0,0.0,0.0,83.46123182222489,83.46123182222489,0.0,0.0,0.0,83.46123182222489,0.0,0.0,0.0025533333333333334 
 03/03  04:10:00,2.585,95.16666666666667,3.406666666666667,0.0,0.0,0.0,0.0,0.0,2.0,2.0,0.0,0.0,0.0,0.0,0.0,518.0,0.0,0.0,0.0,0.0,0.0,0.0,0.0,0.0,0.0,0.0,0.0,16.175862527589467,-49.547624654862378,16.333636810096136,-181.17333248796377,16.354382282469105,-248.44895954451204,16.298260052100628,-123.15024153966033,13.954726607968724,-0.04776832566992084,16.22940698786021,-27.518281416810568,15.257242331156237,-50.75998475003405,13.360668338905639,-180.54644405840686,15.96151652127799,-88.51501904336345,533.1701569219995,552.395248764201,0.0,0.0,0.0,0.0,0.0,0.0,0.0,0.0,0.0,0.0,0.0,0.0,0.0,0.0,0.0,0.0,0.0,0.0,0.0,0.0,0.0,0.0,1.4455074110025835,0.441241578450117,388.13548740811486,450.72546563666949,10133.701349842477,0.2581080020759169,0.03939377321061002,203.20183448090465,235.70819846008838,5377.804700595249,1.5517696146683294,0.2932293300582634,388.20118048199688,450.58670071180179,10261.858081689103,0.2576401856178643,0.048684842331418027,223.86134667737378,259.98435834322319,5881.689761652849,0.0,0.0,8.05341910115456,9.417518896543948,180.76284030685575,0.0,0.0,12.866913297369099,14.913320300244838,348.7176628539487,0.0,0.0,66.10644839008465,76.97238279524486,1638.6798185518483,0.0,0.0,46.84901365081761,54.96376729611613,961.0026297583129,0.0,0.0,32.22010981399629,37.39595685353641,850.2844796598151,34.66531599545894,23.77593689674825,568.430075339055,661.6425606587454,15049.594542755847,0.0,0.0,59.57329988764971,70.37479738725242,1000.6244527318496,0.0,15.819864198839241,45.75124829269118,22.0,30.0,0.0,16.101610915403844,44.67015753775685,12.0,30.0,0.0,16.030478979940726,44.891600711019027,22.0,30.0,0.0,15.986507977091538,45.228066037133,12.0,30.0,0.0,13.94059237120579,53.29744051103363,12.0,30.0,0.0,16.420152184224138,45.42956115183908,12.0,30.0,0.0,15.178089114072357,48.68048385868521,10.0,30.0,0.0,12.92456479240899,57.00352040146322,12.0,30.0,0.0,16.03830560336619,46.368574961026997,20.0,30.0,0.0,15.304589623551593,0.0,0.0,0.0,10.976588177930012,0.0,0.0,499.9513774789565,493.1692096679589,495.8020928133117,498.4253570775476,583.0378645380922,837.9431614366253,560.336542088844,648.2073268188524,722.6391115713423,0.0,83.46123182222489,83.46123182222489,60.0,0.0,60.0,60.0,12.0,12.0,12.0,19.0,12.0,12.0,21.0,10.0,0.0,0.0,0.0,0.0,0.0,0.0,0.0,0.0,0.0,0.0,0.0,0.0,0.0,83.46123182222489,83.46123182222489,0.0,0.0,0.0,83.46123182222489,0.0,0.0,0.0025599999999999999 
 03/03  04:20:00,2.48,95.33333333333334,3.3633333333333335,0.0,0.0,0.0,0.0,0.0,2.0,2.0,0.0,0.0,0.0,0.0,0.0,518.0,0.0,0.0,0.0,0.0,0.0,0.0,0.0,0.0,0.0,0.0,0.0,16.179551819118819,-162.3337841797611,16.2175155442185,-135.5005464150895,16.22049896603247,-137.86274359141317,16.291803010030038,-184.65619140993705,13.924050422765948,-0.24233496079547479,16.180354188949324,-28.477686145994,15.18463970798564,-41.77978961610074,13.290491182886786,-185.41307174491323,15.91998120602479,-91.21079338003267,534.535129523143,563.5617178291966,0.0,0.0,0.0,0.0,0.0,0.0,0.0,0.0,0.0,0.0,0.0,0.0,0.0,0.0,0.0,0.0,0.0,0.0,0.0,0.0,0.0,0.0,1.4384083374761112,0.43907458408916708,397.4445847386377,461.691743448834,10477.794859190268,0.2589888658167736,0.03952821517350025,206.80687657983828,240.32657632650007,5459.293733893834,1.6245180712172252,0.3069762039337161,392.50086037919416,455.9826588744078,10333.140340113263,0.25755796298156777,0.04866930517414354,223.81999822190677,259.7768339369814,5939.8648899004779,0.0,0.0,8.16166329441156,9.541091783741724,184.36713487119239,0.0,0.0,12.871684098533815,14.922961069875507,350.35862361700529,0.0,0.0,67.66828109079286,78.79628438006212,1678.8331698975958,0.0,0.0,47.39656497623096,55.62948862325008,974.8308941306758,0.0,0.0,32.37274908345735,37.581325438323947,858.3387417790541,34.54368034079799,23.69251052180933,576.6156806636457,671.4870474112925,15317.05737362069,0.0,0.0,60.080392021230327,71.00664384893946,1008.9237287667822,0.0,15.865659201228369,45.293069338560588,22.0,30.0,0.0,15.945642423311933,44.56022203090751,12.0,30.0,0.0,15.847572145379728,45.125727708858928,22.0,30.0,0.0,16.024357288787934,44.90751499490173,12.0,30.0,0.0,13.906908236269216,53.24628485731143,12.0,30.0,0.0,16.371625901475853,45.46325496560373,12.0,30.0,0.0,15.080695959155762,48.42301307099942,10.0,30.0,0.0,12.843607357851168,56.84818168727111,12.0,30.0,0.0,15.993719056109306,46.26375035179388,20.0,30.0,0.0,15.248461205369317,0.0,0.0,0.0,10.865721282896193,0.0,0.0,499.126333748791,488.15941235380685,495.1573850054838,499.4949323481406,584.3793807296208,836.5233953798008,556.651278829147,646.203458225629,721.8068075804142,0.0,83.46123182222489,83.46123182222489,60.0,0.0,60.0,60.0,12.0,12.0,12.0,19.0,12.0,12.0,21.0,10.0,0.0,0.0,0.0,0.0,0.0,0.0,0.0,0.0,0.0,0.0,0.0,0.0,0.0,83.46123182222489,83.46123182222489,0.0,0.0,0.0,83.46123182222489,0.0,0.0,0.0025566666666666669 
 03/03  04:30:00,2.375,95.5,3.3200000000000005,0.0,0.0,0.0,0.0,0.0,2.0,2.0,0.0,0.0,0.0,0.0,0.0,518.0,0.0,0.0,0.0,0.0,0.0,0.0,0.0,0.0,0.0,0.0,0.0,16.04116273447692,-48.909257756877199,16.196165434490376,-179.27240484555115,16.214239183924094,-244.38570292132773,16.167222025328294,-123.7689593787959,13.89537494326773,-1.0605006563281734,16.127312420372406,-28.285758354016225,15.146636327379519,-55.360988745224407,13.219463147937715,-188.45150902239488,15.876542412380111,-93.10726329809052,528.4527340878312,571.4039999165452,0.0,0.0,0.0,0.0,0.0,0.0,0.0,0.0,0.0,0.0,0.0,0.0,0.0,0.0,0.0,0.0,0.0,0.0,0.0,0.0,0.0,0.0,1.450144075522009,0.44265692171001505,389.20954646204725,452.31242327082227,10224.599083839614,0.2590715166425147,0.039540829768393587,204.22536156320087,237.07297086862196,5437.710008627249,1.6021814233321279,0.30275537100002428,389.5610730108413,452.5026547153567,10360.94231984793,0.2584320312396846,0.04883447302337199,224.89692542656037,261.3805722037232,5945.567371186951,0.0,0.0,7.968019558788307,9.322147846680608,181.22637176042583,0.0,0.0,13.007420275633173,15.085578564471725,355.39429412882108,0.0,0.0,65.91076108668715,76.79770950927787,1645.7530460869276,0.0,0.0,47.36920362200968,55.62013717728849,976.8128317145504,0.0,0.0,32.99468731693899,38.31721006694431,878.7641347680758,34.41850201801721,23.60665433334514,570.9365940211076,665.0428653590909,15212.173354841543,0.0,0.0,59.96285161788532,70.90936800953792,1006.4208509671602,0.0,15.68469845022545,45.52031046004829,22.0,30.0,0.0,15.964275895639265,44.45912061012512,12.0,30.0,0.0,15.891953069175746,44.681822615000147,22.0,30.0,0.0,15.851465543127157,44.99459747329887,12.0,30.0,0.0,13.877595247155249,52.84661112461131,12.0,30.0,0.0,16.315593727968918,45.14857513341609,12.0,30.0,0.0,15.052594537270494,48.45680645026463,10.0,30.0,0.0,12.761749372070915,56.88863891687913,12.0,30.0,0.0,15.946163279062077,46.03865017369507,20.0,30.0,0.0,15.176086294157067,0.0,0.0,0.0,10.752326152910973,0.0,0.0,498.2500150447356,491.82874924666728,494.43121759481309,496.7152986191239,581.4693096596684,832.7061766598245,559.6099040127567,647.0871026399059,718.3199970568917,0.0,83.46123182222489,83.46123182222489,60.0,0.0,60.0,60.0,12.0,12.0,12.0,19.0,12.0,12.0,21.0,10.0,0.0,0.0,0.0,0.0,0.0,0.0,0.0,0.0,0.0,0.0,0.0,0.0,0.0,83.46123182222489,83.46123182222489,0.0,0.0,0.0,83.46123182222489,0.0,0.0,0.0025533333333333334 
 03/03  04:40:00,2.27,95.66666666666667,3.2766666666666666,0.0,0.0,0.0,0.0,0.0,2.0,2.0,0.0,0.0,0.0,0.0,0.0,518.0,0.0,0.0,0.0,0.0,0.0,0.0,0.0,0.0,0.0,0.0,0.0,16.045447396167839,-161.06865405611735,16.081970609751129,-134.068763474756,16.08284510766835,-135.52922901554576,16.161547149007136,-184.90893991117583,13.863830988519034,-1.2289974627683194,16.07834551227384,-29.200759811833338,15.073630050011289,-46.531187244369679,13.148449736465235,-193.12398066732193,15.833776955993895,-95.75002240531097,530.0984014317874,582.4211451486115,0.0,0.0,0.0,0.0,0.0,0.0,0.0,0.0,0.0,0.0,0.0,0.0,0.0,0.0,0.0,0.0,0.0,0.0,0.0,0.0,0.0,0.0,1.440487585776684,0.43970927526760808,397.52675068637645,462.12093145417006,10545.673126701417,0.2592978263395201,0.039575370320439579,207.45573002837677,241.25453724384153,5510.675470898486,1.6658663629033886,0.31478956215105616,392.32628741798637,456.1113820914541,10394.438971257261,0.2579877812970404,0.04875052556633416,223.96433108708502,260.132795375495,5980.900857357308,0.0,0.0,8.07874479034271,9.44868520274764,184.89832093486553,0.0,0.0,13.01054610741634,15.093306431387902,357.0166043656087,0.0,0.0,67.50494783430216,78.66092089600488,1687.0244447029155,0.0,0.0,47.92552576851607,56.29715064388572,990.8678074790821,0.0,0.0,33.12444892598373,38.476487380126318,886.2730067501263,34.302431198581917,23.527044717820254,577.1997770551463,672.6453046653423,15433.07367944627,0.0,0.0,60.483221800509209,71.55711040732986,1015.2849215274695,0.0,15.731357335125646,45.073405969709138,22.0,30.0,0.0,15.811247577096755,44.34026998782004,12.0,30.0,0.0,15.71298119334298,44.90992269159412,22.0,30.0,0.0,15.890482014818975,44.686619850955739,12.0,30.0,0.0,13.843302493279094,52.796882988970597,12.0,30.0,0.0,16.267375652076,45.184815245506658,12.0,30.0,0.0,14.95543997530801,48.185306897340797,10.0,30.0,0.0,12.680285473987912,56.72741329511033,12.0,30.0,0.0,15.90044071255129,45.93527427429599,20.0,30.0,0.0,15.120100497136157,0.0,0.0,0.0,10.644451187605157,0.0,0.0,497.56452648956158,487.0429577331736,493.9145785028291,497.85673373240618,582.8716829210275,831.5531114643144,556.1456280078651,645.3159283071711,717.7510356054982,0.0,83.46123182222489,83.46123182222489,60.0,0.0,60.0,60.0,12.0,12.0,12.0,19.0,12.0,12.0,21.0,10.0,0.0,0.0,0.0,0.0,0.0,0.0,0.0,0.0,0.0,0.0,0.0,0.0,0.0,83.46123182222489,83.46123182222489,0.0,0.0,0.0,83.46123182222489,0.0,0.0,0.00255 
 03/03  04:50:00,2.165,95.83333333333333,3.2333333333333336,0.0,0.0,0.0,0.0,0.0,2.0,2.0,0.0,0.0,0.0,0.0,0.0,518.0,0.0,0.0,0.0,0.0,0.0,0.0,0.0,0.0,0.0,0.0,0.0,15.908493053915255,-48.50913635948473,16.061089367046088,-177.92900057996804,16.076344866823925,-241.03103803622708,16.03814052321799,-124.85071949530448,13.834177429005419,-1.9788127233781837,16.025338998236135,-29.034316442890373,15.035005130571932,-59.728448850518137,13.076716887769888,-195.91657524137328,15.789119898970029,-97.59783499744191,524.3849329315117,589.9503140118114,0.0,0.0,0.0,0.0,0.0,0.0,0.0,0.0,0.0,0.0,0.0,0.0,0.0,0.0,0.0,0.0,0.0,0.0,0.0,0.0,0.0,0.0,1.4530509451197325,0.4435442445420429,389.50319841873417,452.9861865458221,10297.566254767175,0.2595964040759806,0.03962094079303734,204.44856125123568,237.5055789763938,5477.622693765879,1.646977433264266,0.3112202254845553,390.4979592640837,453.9248741693557,10451.366243656455,0.258895937279735,0.048922134784530408,225.5654966956119,262.34877771772445,6001.292780299236,0.0,0.0,7.88610969967897,9.230807005661083,181.6998200827045,0.0,0.0,13.140344553237258,15.249214726859304,361.9404339107027,0.0,0.0,65.81690815915255,76.74141435145754,1655.311907572188,0.0,0.0,47.90567292420613,56.296895753802107,993.0095824947966,0.0,0.0,33.70948120885195,39.17031558139341,905.8800548090361,34.186244696801399,23.44735575912305,572.2113806605673,667.0060729140416,15345.300834061669,0.0,0.0,60.376570686735217,71.47212121969727,1013.3108158936725,0.0,15.552342220624425,45.29640251094,22.0,30.0,0.0,15.830124039404556,44.254349682774549,12.0,30.0,0.0,15.756343070990344,44.47999089984759,22.0,30.0,0.0,15.719416453620778,44.76843218277233,12.0,30.0,0.0,13.81317383400772,52.392587959750759,12.0,30.0,0.0,16.21158513678877,44.858351271771997,12.0,30.0,0.0,14.926971613052089,48.23142767176263,10.0,30.0,0.0,12.598156577180255,56.764766590126189,12.0,30.0,0.0,15.851763783050508,45.713011894573259,20.0,30.0,0.0,15.04787684658347,0.0,0.0,0.0,10.53404389429661,0.0,0.0,496.7797413636841,490.67565201244198,493.2853936101762,495.2362091724299,580.1504708557397,828.0887254272237,559.0320068029496,646.179982723236,714.67974118853,0.0,83.46123182222489,83.46123182222489,60.0,0.0,60.0,60.0,12.0,12.0,12.0,19.0,12.0,12.0,21.0,10.0,0.0,0.0,0.0,0.0,0.0,0.0,0.0,0.0,0.0,0.0,0.0,0.0,0.0,83.46123182222489,83.46123182222489,0.0,0.0,0.0,83.46123182222489,0.0,0.0,0.0025533333333333334 
 03/03  05:00:00,2.06,96.0,3.19,0.0,0.0,0.0,0.0,0.0,2.0,2.0,0.0,0.0,0.0,0.0,0.0,518.0,0.0,0.0,0.0,0.0,0.0,0.0,0.0,0.0,0.0,0.0,0.0,15.912741339586628,-159.99979085775886,15.94799130104952,-133.0197521661894,15.945891116457349,-132.25215195133024,16.032595610117704,-185.4323913561907,13.801708004592758,-2.1208328437695345,15.976251505648908,-29.92275960128123,14.961552835056115,-51.021451750650388,13.005117151473645,-200.39538324038399,15.745134052332006,-100.18141725841849,526.1385169108653,600.7038422391448,0.0,0.0,0.0,0.0,0.0,0.0,0.0,0.0,0.0,0.0,0.0,0.0,0.0,0.0,0.0,0.0,0.0,0.0,0.0,0.0,0.0,0.0,1.4415717039281018,0.44004020266425578,396.9111544719193,461.7352036559108,10596.387531446604,0.25939534195380706,0.039590253655953467,207.4198649739238,241.38506623439927,5544.701170266167,1.7777138851079473,0.3359247704285616,391.73102984083416,455.746496600104,10446.71486288033,0.25819734183777257,0.048790125063827,223.76554977218394,260.0873714589755,6013.517557902625,0.0,0.0,8.00071538459379,9.361973733773379,185.47203584540825,0.0,0.0,13.142772146779273,15.256149780558089,363.56092771481306,0.0,0.0,67.42329392013125,78.62063579204914,1697.1940766790929,0.0,0.0,48.45745664084605,56.9694340729405,1007.0553642447419,0.0,0.0,33.82191685663574,39.30994229532929,912.9717110810511,34.07545670801454,23.371369484234945,576.6704845788908,672.5015912916288,15521.170963681643,0.0,0.0,60.89619061299484,72.11921215108838,1022.4857594745676,0.0,15.59886984993372,44.85937281657021,22.0,30.0,0.0,15.678631196406123,44.12898149030558,12.0,30.0,0.0,15.578428746474085,44.706744610374489,22.0,30.0,0.0,15.758568015439405,44.47153921947725,12.0,30.0,0.0,13.778165437638745,52.34722192697092,12.0,30.0,0.0,16.163349155406807,44.89925873300315,12.0,30.0,0.0,14.829943639169475,47.95162221973895,10.0,30.0,0.0,12.516613840924059,56.60252394972135,12.0,30.0,0.0,15.80490394510307,45.613719550920709,20.0,30.0,0.0,14.991481122561984,0.0,0.0,0.0,10.428905956425665,0.0,0.0,496.1975500208697,486.0553232373452,492.8559746323432,496.4392713561003,581.575271899993,827.1231726508286,555.7381832260551,644.578975262707,714.2694294711163,0.0,83.46123182222489,83.46123182222489,60.0,0.0,60.0,60.0,12.0,12.0,12.0,19.0,12.0,12.0,21.0,10.0,0.0,0.0,0.0,0.0,0.0,0.0,0.0,0.0,0.0,0.0,0.0,0.0,0.0,83.46123182222489,83.46123182222489,0.0,0.0,0.0,83.46123182222489,0.0,0.0,0.0025566666666666669 
 03/03  05:10:00,2.0033333333333336,95.83333333333333,3.1266666666666667,0.0,0.0,0.0,0.0,0.0,2.0,2.0,0.0,0.0,0.0,0.0,0.0,518.0,0.0,0.0,0.0,0.0,0.0,0.0,0.0,0.0,0.0,0.0,0.0,15.777507332575093,-48.02796529333409,15.928563668539687,-176.1083397707621,15.93995208898995,-236.32782774973658,15.910964875477376,-125.57870413533328,13.77107890995806,-2.8314337964979474,15.924109587093647,-29.77093562799095,14.922246322627214,-63.94750051561789,12.933222635228173,-202.96132015464486,15.699640711926321,-101.98095353644158,516.6904629645987,607.5414799628429,0.0,0.0,0.0,0.0,0.0,0.0,0.0,0.0,0.0,0.0,0.0,0.0,0.0,0.0,0.0,0.0,0.0,0.0,0.0,0.0,0.0,0.0,1.447629216385486,0.4418892601909298,388.5044138009033,452.1446981227757,10300.942017611738,0.25852958518163818,0.03945811739646492,203.99798967608673,237.14973085663289,5480.956582469019,1.7399502142821875,0.3287887782090303,389.99374513983289,453.6639204453603,10468.64217672584,0.25779330848471029,0.048713777113512889,225.4407278106853,262.3889796601131,6015.521221178295,0.0,0.0,7.794140114985579,9.12752419905123,181.12302385281428,0.0,0.0,13.257289793946722,15.394272758280695,366.8561308889367,0.0,0.0,65.70736587166759,76.66577286701468,1658.1158015333395,0.0,0.0,48.42379757403877,56.95243727404555,1004.2997288323152,0.0,0.0,34.38181037194831,39.9747881160459,928.7911740884426,33.88435054257436,23.240295296690243,571.4118722920101,666.5306731975302,15371.034276807433,0.0,0.0,60.744883811079848,71.9799721216601,1014.1422795593298,0.0,15.422357610642113,45.07502108048686,22.0,30.0,0.0,15.698339339913766,44.05235371678934,12.0,30.0,0.0,15.622279665993443,44.28306023351697,22.0,30.0,0.0,15.589668960790267,44.54485868570086,12.0,30.0,0.0,13.747227102148955,51.94403904684063,12.0,30.0,0.0,16.10801678624572,44.565129932125319,12.0,30.0,0.0,14.800835599669619,48.00679412624398,10.0,30.0,0.0,12.434663317473217,56.637405649578457,12.0,30.0,0.0,15.75528352744437,45.39611849439584,20.0,30.0,0.0,14.923572082993479,0.0,0.0,0.0,10.320731247773534,0.0,0.0,495.49489062995249,489.6768092642735,492.3126125030552,493.92816572384427,579.0349797256985,824.0052179626075,558.613622454431,645.4786639369968,711.5506102602897,0.0,83.46123182222489,83.46123182222489,60.0,0.0,60.0,60.0,12.0,12.0,12.0,19.0,12.0,12.0,21.0,10.0,0.0,0.0,0.0,0.0,0.0,0.0,0.0,0.0,0.0,0.0,0.0,0.0,0.0,83.46123182222489,83.46123182222489,0.0,0.0,0.0,83.46123182222489,0.0,0.0,0.0025599999999999999 
 03/03  05:20:00,1.9466666666666668,95.66666666666666,3.0633333333333336,0.0,0.0,0.0,0.0,0.0,2.0,2.0,0.0,0.0,0.0,0.0,0.0,518.0,0.0,0.0,0.0,0.0,0.0,0.0,0.0,0.0,0.0,0.0,0.0,15.783044178299932,-157.61316357803117,15.81863108979295,-131.22829759558909,15.812170509848432,-128.40301136622657,15.907028910842705,-184.21055219014534,13.737791896851264,-2.9579552716278245,15.876126976487072,-30.610385396728306,14.84834248031489,-55.295855481456559,12.861684740732711,-207.2204511109336,15.65495287984935,-104.49037763133441,515.0197726866954,617.5925584695261,0.0,0.0,0.0,0.0,0.0,0.0,0.0,0.0,0.0,0.0,0.0,0.0,0.0,0.0,0.0,0.0,0.0,0.0,0.0,0.0,0.0,0.0,1.4363843994050405,0.43845677637516508,394.5103268907119,459.2518553277405,10527.48188283642,0.2583409904298054,0.03942933309368214,206.42236031632653,240.386277398443,5515.335847214969,1.8568865627313236,0.35088559386457376,389.3270217166553,453.25572043524206,10378.619444598615,0.25726830901190197,0.04861457086392704,222.5435807326382,258.8412324370487,5977.801224550724,0.0,0.0,7.905644769270596,9.255049664622922,184.0674487899803,0.0,0.0,13.248722157671857,15.388230572744986,366.9452574603048,0.0,0.0,67.24988583035035,78.47142226806627,1692.1285042597702,0.0,0.0,48.95068130749991,57.59567677416738,1013.2035774874046,0.0,0.0,34.48007234014767,40.09789124027596,932.2674565057635,33.70866676198705,23.119798876534334,573.4316179131295,669.1556789084268,15430.85862203249,0.0,0.0,61.20856767457773,72.56013508848281,1016.710397589155,0.0,15.471510197203172,44.63649507087255,22.0,30.0,0.0,15.550690929064239,43.90953611436943,12.0,30.0,0.0,15.448586019836469,44.49779847455471,22.0,30.0,0.0,15.630687026975036,44.25247076021788,12.0,30.0,0.0,13.711698645813599,51.90278215001053,12.0,30.0,0.0,16.060509291121723,44.6074457913482,12.0,30.0,0.0,14.704052967660893,47.72124476289278,10.0,30.0,0.0,12.353628101394144,56.47489018717317,12.0,30.0,0.0,15.707645617358989,45.30007922921091,20.0,30.0,0.0,14.872064851630899,0.0,0.0,0.0,10.218129183519869,0.0,0.0,494.99754008226139,485.1473499965532,491.9626886991882,495.21176465242947,580.500855022537,823.2998293987814,555.551475358491,644.1478261685085,711.3133193948216,0.0,83.46123182222489,83.46123182222489,60.0,0.0,60.0,60.0,12.0,12.0,12.0,19.0,12.0,12.0,21.0,10.0,0.0,0.0,0.0,0.0,0.0,0.0,0.0,0.0,0.0,0.0,0.0,0.0,0.0,83.46123182222489,83.46123182222489,0.0,0.0,0.0,83.46123182222489,0.0,0.0,0.0025666666666666669 
 03/03  05:30:00,1.8900000000000002,95.5,3.0,0.0,0.0,0.0,0.0,0.0,2.0,2.0,0.0,0.0,0.0,0.0,0.0,518.0,0.0,0.0,0.0,0.0,0.0,0.0,0.0,0.0,0.0,0.0,0.0,15.649851412249806,-47.54626778075453,15.800175168309883,-173.37979987286327,15.806864522378092,-230.41165261014158,15.787829914805192,-125.87005389458773,13.706278138368927,-3.5343587047136255,15.82443872164329,-30.49401922079386,14.808236568253811,-67.6938474810454,12.789640663269215,-209.5355271900238,15.608562658437326,-106.20282141075194,506.4771302738154,624.0274586469809,0.0,0.0,0.0,0.0,0.0,0.0,0.0,0.0,0.0,0.0,0.0,0.0,0.0,0.0,0.0,0.0,0.0,0.0,0.0,0.0,0.0,0.0,1.442250457954339,0.4402473925379545,385.278213094549,448.6897836115612,10212.672872415787,0.2575722448071005,0.039312003175686897,202.35575036373769,235.39888194748284,5434.701897534414,1.8220239207404774,0.3442977930348598,387.22046021207157,450.74664241769667,10391.286528696774,0.25674964080067466,0.048516560997859909,224.10780010261585,261.0129152130709,5978.520713264292,0.0,0.0,7.7122942078587599,9.035863707748663,179.99187997101013,0.0,0.0,13.360035892900833,15.522723329004354,370.1758062138207,0.0,0.0,65.61726890055454,76.61166603839294,1655.0908189438245,0.0,0.0,48.918420828153987,57.580403439627058,1010.5065502895884,0.0,0.0,35.01078719650445,40.7294067768963,947.2901151141564,33.5278420270713,22.995776424603095,567.1602509736026,661.9961694780656,15257.781630276668,0.0,0.0,61.06244335323085,72.42610754132955,1008.8474389902559,0.0,15.298101154274896,44.841672965213579,22.0,30.0,0.0,15.571393289217213,43.84125845857416,12.0,30.0,0.0,15.493222684563622,44.07738107702055,22.0,30.0,0.0,15.465630021614772,44.30925935581246,12.0,30.0,0.0,13.680091973609584,51.50433427979743,12.0,30.0,0.0,16.00593900689302,44.26799834429426,12.0,30.0,0.0,14.674420695831259,47.77927345416709,10.0,30.0,0.0,12.272224627348237,56.506514321672387,12.0,30.0,0.0,15.657316522950197,45.0874452525388,20.0,30.0,0.0,14.806235220697943,0.0,0.0,0.0,10.11338944058522,0.0,0.0,494.3730227023127,488.8143126077558,491.5048871712071,492.76143900329449,578.1152385743355,820.4988608661494,558.3548223150283,645.1156084524578,708.9434442461106,0.0,83.46123182222489,83.46123182222489,60.0,0.0,60.0,60.0,12.0,12.0,12.0,19.0,12.0,12.0,21.0,10.0,0.0,0.0,0.0,0.0,0.0,0.0,0.0,0.0,0.0,0.0,0.0,0.0,0.0,83.46123182222489,83.46123182222489,0.0,0.0,0.0,83.46123182222489,0.0,0.0,0.002573333333333333 
 03/03  05:40:00,1.8333333333333333,95.33333333333333,2.9366666666666667,0.0,0.0,0.0,0.0,0.0,2.0,2.0,0.0,0.0,0.0,0.0,0.0,518.0,0.0,0.0,0.0,0.0,0.0,0.0,0.0,0.0,0.0,0.0,0.0,15.655635216073702,-154.79911625354999,15.692354311123996,-129.8760252745069,15.681186934555012,-125.15996798493416,15.784193916919512,-182.84208004816265,13.672188021711764,-3.689290390721908,15.776661217929967,-31.302781682633538,14.734507838780264,-59.078894191460339,12.717987158211987,-213.55047071223556,15.562954995456405,-108.61800974721166,505.2543528773622,633.6681865429046,0.0,0.0,0.0,0.0,0.0,0.0,0.0,0.0,0.0,0.0,0.0,0.0,0.0,0.0,0.0,0.0,0.0,0.0,0.0,0.0,0.0,0.0,1.4335279486259463,0.437584843902914,390.7700655447979,455.19900785438588,10425.701396489778,0.25782977136161386,0.03935130820537452,204.59088467593035,238.41052401070088,5465.338814809451,1.9274938569387273,0.3642278641229645,385.65995474293268,449.28155507811439,10279.854422236187,0.25674770349867029,0.04851619491660435,220.63950266008465,256.7949726094919,5925.445809078481,0.0,0.0,7.819917177054268,9.15901737335884,182.84466552341787,0.0,0.0,13.350056018137547,15.515025320132683,370.2374460781998,0.0,0.0,67.17358891133303,78.43538749196252,1689.5627204565267,0.0,0.0,49.43416973908438,58.21115533793923,1019.1701996356096,0.0,0.0,35.08886134847497,40.829432329351039,950.1896412250089,33.364285888278818,22.883598002934727,568.0751462415169,663.3231067237208,15290.235172188593,0.0,0.0,61.519035010821209,72.9978088884769,1011.5879755406015,0.0,15.347739555235034,44.404482933059139,22.0,30.0,0.0,15.426817097842287,43.680342121771399,12.0,30.0,0.0,15.322719783837531,44.28061985618618,22.0,30.0,0.0,15.506916494915654,44.02425978500881,12.0,30.0,0.0,13.644017604051048,51.46639127401569,12.0,30.0,0.0,15.958802936864734,44.310845590140207,12.0,30.0,0.0,14.57862292651865,47.487331999300177,10.0,30.0,0.0,12.191779418956378,56.34400684724791,12.0,30.0,0.0,15.608916306215337,44.99409335053096,20.0,30.0,0.0,14.755231001848394,0.0,0.0,0.0,10.014181773757559,0.0,0.0,493.9295663018868,484.32714853086068,491.21295029283797,494.13600163649246,579.58277477305,819.9737010154073,555.4281867168417,643.9709989162766,708.8516726762236,0.0,83.46123182222489,83.46123182222489,60.0,0.0,60.0,60.0,12.0,12.0,12.0,19.0,12.0,12.0,21.0,10.0,0.0,0.0,0.0,0.0,0.0,0.0,0.0,0.0,0.0,0.0,0.0,0.0,0.0,83.46123182222489,83.46123182222489,0.0,0.0,0.0,83.46123182222489,0.0,0.0,0.00258 
 03/03  05:50:00,1.7766666666666667,95.16666666666667,2.873333333333333,0.0,0.0,0.0,0.0,0.0,2.0,2.0,0.0,0.0,0.0,0.0,0.0,518.0,0.0,0.0,0.0,0.0,0.0,0.0,0.0,0.0,0.0,0.0,0.0,15.524044324250618,-47.05063076397528,15.674202667153486,-170.99536632890659,15.675864488760354,-224.86763113958024,15.666716690921888,-126.31229031779322,13.639732473041488,-4.143598810952,15.725188849849588,-31.1951599369701,14.693753979220054,-71.16007819896197,12.64585789961934,-215.61606156880073,15.51568196799396,-110.2463698079913,497.19346165102527,639.6947526561711,0.0,0.0,0.0,0.0,0.0,0.0,0.0,0.0,0.0,0.0,0.0,0.0,0.0,0.0,0.0,0.0,0.0,0.0,0.0,0.0,0.0,0.0,1.4393476463361593,0.439361308405421,381.47615717500778,444.5531503584971,10111.266166290963,0.25708742518428775,0.039238007506759427,200.353168657964,233.22321766017618,5379.873547964479,1.8932827859711237,0.3577631870693735,383.77973910676317,447.0430959034855,10297.889372790341,0.2561665021740722,0.04840636851361907,222.35870290224376,259.14701223313497,5931.63907908726,0.0,0.0,7.641695446420023,8.95730679966459,179.0888623048703,0.0,0.0,13.457522736343173,15.645148431210739,373.3771100280193,0.0,0.0,65.58808170758965,76.62843884188718,1653.6545778828868,0.0,0.0,49.400129749976859,58.19385674157546,1016.4734890053619,0.0,0.0,35.59540245630376,41.43339743512716,964.5440244283666,33.19224149329737,22.765597732028384,561.8567930669718,656.2216864551948,15119.535713871712,0.0,0.0,61.37462352687045,72.8649153264664,1004.1273737861022,0.0,15.176330052112615,44.60149486584862,22.0,30.0,0.0,15.447426055820744,43.62166400369175,12.0,30.0,0.0,15.366992045168653,43.864598277844397,22.0,30.0,0.0,15.34441599774894,44.06627899802638,12.0,30.0,0.0,13.611599469936785,51.07333007196776,12.0,30.0,0.0,15.904648460528396,43.968569497825388,12.0,30.0,0.0,14.54844535014342,47.54492417732091,10.0,30.0,0.0,12.110986890270045,56.37010810231351,12.0,30.0,0.0,15.557870237706615,44.785120610013198,20.0,30.0,0.0,14.69003058093668,0.0,0.0,0.0,9.91268049507141,0.0,0.0,493.3733037406133,488.0609253219832,490.8246974406844,491.7137182180684,577.3253427097588,817.3939512512263,558.1573698232588,644.924368701716,706.7379892278132,0.0,83.46123182222489,83.46123182222489,60.0,0.0,60.0,60.0,12.0,12.0,12.0,19.0,12.0,12.0,21.0,10.0,0.0,0.0,0.0,0.0,0.0,0.0,0.0,0.0,0.0,0.0,0.0,0.0,0.0,83.46123182222489,83.46123182222489,0.0,0.0,0.0,83.46123182222489,0.0,0.0,0.002573333333333333 
 03/03  06:00:00,1.72,95.0,2.81,0.0,0.0,0.0,0.0,0.0,2.0,2.0,0.0,0.0,0.0,0.0,0.0,518.0,0.0,0.0,0.0,0.0,0.0,0.0,0.0,0.0,0.0,0.0,0.0,15.529625650335508,-152.0342344526889,15.567867463195523,-128.83553000923758,15.551713878935964,-122.20629775649923,15.662939259613364,-181.59647026021094,13.604811913364074,-4.331224572852392,15.67746109185395,-31.98988193787895,14.620080381157845,-62.60937400913849,12.57413323656898,-219.41507236690246,15.469182010319859,-112.5762324267804,496.21196073472768,648.9346087758921,0.0,0.0,0.0,0.0,0.0,0.0,0.0,0.0,0.0,0.0,0.0,0.0,0.0,0.0,0.0,0.0,0.0,0.0,0.0,0.0,0.0,0.0,1.4321466228677518,0.43716319379357507,386.4801553521393,450.4973397804757,10310.771170970882,0.2576174015383876,0.03931889522869163,202.38894820143094,235.99851244444296,5406.211537345851,1.9913577378887757,0.3762958688376372,381.4483398480342,444.6633847345401,10167.864276415341,0.2564852761764521,0.048466605475520039,218.39940303881253,254.35243054008323,5864.930705492888,0.0,0.0,7.7381446169565379,9.067571713114316,181.67726232556815,0.0,0.0,13.447247913900233,15.637114142473959,373.4358759794004,0.0,0.0,67.13507699447642,78.44334553183296,1687.982659558104,0.0,0.0,49.90206863427056,58.80893159783996,1024.8470776895056,0.0,0.0,35.65655050278727,41.514135613558128,966.9507067692143,33.03881239656445,22.66036515539401,561.7909442642961,656.395742021348,15127.087134087262,0.0,0.0,61.82068429757926,73.42418664925012,1006.9339199336206,0.0,15.22578832204874,44.165489147453218,22.0,30.0,0.0,15.30488203947134,43.444998900341179,12.0,30.0,0.0,15.198664395402905,44.05784882255176,22.0,30.0,0.0,15.385274351187793,43.789062014491609,12.0,30.0,0.0,13.574898233801783,51.036974356822728,12.0,30.0,0.0,15.857632019241777,44.0102840399494,12.0,30.0,0.0,14.45347837228717,47.249379059689619,10.0,30.0,0.0,12.031136993404715,56.20651084608002,12.0,30.0,0.0,15.50870786380621,44.692852012042099,20.0,30.0,0.0,14.63898486573776,0.0,0.0,0.0,9.816333086087262,0.0,0.0,492.96408290924458,483.5913995754288,490.5747810756,493.17561132277185,578.7748419041727,816.9796750791529,555.3531131441777,643.903289342397,706.7300505226224,0.0,83.46123182222489,83.46123182222489,60.0,0.0,60.0,60.0,12.0,12.0,12.0,19.0,12.0,12.0,21.0,10.0,0.0,0.0,0.0,0.0,0.0,0.0,0.0,0.0,0.0,0.0,0.0,0.0,0.0,83.46123182222489,83.46123182222489,0.0,0.0,0.0,83.46123182222489,0.0,0.0,0.0025666666666666669 
 03/03  06:10:00,1.6433333333333334,95.0,2.7216666666666669,0.0,0.0,0.0,0.0,0.0,2.0,2.0,0.0,0.0,0.0,0.0,0.0,2600.0,0.0,0.0,0.0,0.0,0.0,0.0,0.0,0.0,0.0,0.0,0.0,16.858004401242959,-678.9868767509313,16.420368857403909,190.70255055515953,17.175881472710718,-2459.504385030708,15.946604052899712,1008.4106356803783,13.577218393256706,2.222923060814165,16.720750927372355,-100.73489843802975,14.72680221419526,167.04283507226524,13.65982608879411,-291.8577020011175,17.07960684688455,-297.78033281373316,768.7439938309241,814.2430808756417,0.0,0.0,0.0,0.0,0.0,0.0,0.0,0.0,0.0,0.0,0.0,0.0,0.0,0.0,0.0,0.0,0.0,0.0,0.0,0.0,0.0,0.0,1.4463309924945489,0.44149297695193809,286.3318050439384,331.45500623753596,8925.11636371306,0.31903168980982157,0.04869226034948437,221.52039511202669,256.9769642406735,6586.754395249997,1.7240162786735725,0.3257778304371831,506.44155916023456,585.8632829269113,16002.73814781153,0.376045012180692,0.0710591481822925,380.23274946093945,442.4096509015729,10805.700279671313,0.0,0.0,11.454406467017084,13.444534399124566,270.14889622817585,0.0,0.0,18.61301045446526,21.55944885997311,572.7523863983536,0.0,0.0,76.75337142650956,89.74750996924959,1981.5157356861478,0.0,0.0,39.354792597323129,46.22333608656386,931.5225367482472,0.0,0.0,50.59910091535929,58.50995872170228,1602.5502203392112,34.38606955273405,23.584409844124868,601.9671411664158,701.7399283721003,17357.57770725406,0.0,0.0,56.82348297642288,67.58624007200058,944.091900290405,2092.1023604981676,17.285018066816407,38.172559656191797,21.999999999999998,30.0,1281.7215998593497,16.631938713755763,40.22549778069809,16.7,30.0,4699.418620604144,17.632268303936355,37.347608212908529,21.999999999999998,30.0,0.0,16.024529728081828,41.10545434010885,16.999999999999998,30.0,0.0,13.553247915691538,50.701541604535638,12.0,30.0,1901.3127167469493,17.286684102261327,39.884306585238359,20.0,30.0,0.0,14.718960890765385,45.925688062003249,10.0,30.0,1475.2072726215545,13.743926767171525,50.22382641082066,16.999999999999998,30.0,3137.1765375023289,17.70249964376465,38.691272597979949,20.0,30.0,0.0,15.386040759045882,0.0,0.0,0.0,9.904391484151624,0.0,0.0,488.97184148312348,494.2357888865134,487.42579141661965,483.5432736380179,575.3438190768183,801.5651438371,538.4099027994882,649.3243528677344,694.1318143622486,14504.748637102095,78.41131122767814,87.83987174179744,60.0,0.0,60.0,60.0,16.0,16.0,19.0,19.0,16.0,12.0,21.0,10.0,1.0,0.0,2092.1023604981676,1281.7215998593497,4699.418620604144,0.0,1901.3127167469493,0.0,1475.2072726215545,3137.1765375023289,14262.523637409797,8557514.182445877,11113306.769391168,78.41131122767814,87.99999999999999,0.47541745458032649,0.7699626665189145,0.3602813740196596,87.99999999999999,0.3542647819438876,11113306.769391168,0.5804519520083408 
 03/03  06:20:00,1.5666666666666667,95.0,2.6333333333333335,0.0,0.0,0.0,0.0,0.0,2.0,2.0,0.0,0.0,0.0,0.0,0.0,1820.0,0.0,0.0,0.0,0.0,0.0,0.0,0.0,0.0,0.0,0.0,0.0,17.84593335979115,-1325.4673588710146,16.81572591970932,863.7423558890469,18.258800075908579,-3436.043000987053,16.917955354119238,1086.915162317749,13.557117042456995,14.434301201110016,17.92125336712386,-212.2860396085922,14.954370140160444,45.97495780897895,15.07195708572511,-154.36321573737733,18.106045192615434,-451.0334213555475,1168.3344944358926,1176.2369399970658,0.0,0.0,0.0,0.0,0.0,0.0,0.0,0.0,0.0,0.0,0.0,0.0,0.0,0.0,0.0,0.0,0.0,0.0,0.0,0.0,0.0,0.0,1.55573220430373,0.47488773025144379,434.8037776861657,501.17297089977827,14699.237329070127,0.4083924081088282,0.06233095361856351,378.9194327041101,438.8835949518065,11786.773765262935,1.6609954129107392,0.31386912564450866,590.6694605731752,679.9586577476079,20397.188673580684,0.39680121541779175,0.07498133322331661,413.2089827816182,478.4392032802843,12980.491209085414,0.0,0.0,14.840554701032995,17.424075645797659,352.1086187706291,0.0,0.0,24.07912680149199,27.713335545394146,829.5163170574042,0.0,0.0,104.90853838820836,122.51304656912564,2791.9192488256264,0.0,0.0,23.909536937472649,27.83385524484949,683.3519524728104,0.0,0.0,65.81771964914553,75.68549831201583,2302.4272284452115,35.76581933791957,24.530740286638939,777.4537062583213,903.4760587679004,23869.898411480342,0.0,0.0,66.35329399751949,78.74347624767586,1187.7210162343179,2051.088283787564,18.910586812372494,34.15390193269692,21.99999999999999,29.99999999999999,0.0,17.477046617986685,37.44636250410178,15.999999999999993,29.99999999999999,4509.996906926277,19.328410078434176,33.2081470893657,21.99999999999999,29.99999999999999,0.0,17.676473657336318,36.90996808738097,16.28571428571428,29.99999999999999,0.0,13.546315931112043,50.06535693016529,11.999999999999993,29.99999999999999,1799.3287378988824,19.301316751987974,34.685114992579979,19.999999999999994,29.99999999999999,0.0,15.080747420618304,44.381290753497889,9.999999999999997,29.99999999999999,1327.7514347826114,16.240035127104759,42.300671080356767,16.999999999999998,29.99999999999999,1017.0577809063425,19.597252295553905,33.79433295141679,19.428571428571425,29.99999999999999,0.0,16.558700298235498,0.0,0.0,0.0,10.473029782010276,0.0,0.0,489.0161633519521,489.91434459449297,484.9420545227227,485.26172237283256,572.7480417432769,756.069268590125,560.0365346843282,640.0209806901921,660.301166414537,11448.551901834611,80.43449194470702,87.87365825963517,59.99999999999998,0.0,59.99999999999998,59.99999999999998,16.0,16.0,19.0,19.0,16.0,12.0,21.0,10.0,1.0,0.0,2051.088283787564,0.0,4509.996906926277,0.0,1799.3287378988824,0.0,1327.7514347826114,1017.0577809063425,11257.364481060855,6754418.688636515,8835296.5991634,80.43449194470702,87.99999999999996,0.3752454827020285,0.7643923349664284,0.3602813740196595,87.99999999999996,0.35426478194388746,8835296.5991634,0.46200875648983028 
 03/03  06:30:00,1.49,95.0,2.545,0.0,0.0,0.0,0.0,0.0,2.0,2.0,0.0,0.0,0.0,0.0,0.0,520.0,0.0,0.0,0.0,0.0,0.0,0.0,0.0,0.0,0.0,0.0,0.0,18.18822173300807,-1317.2026966535132,17.18190990620532,705.7175655184437,18.676139545486487,-3518.1177738613935,17.500509996137198,712.9699698809691,13.541695535790229,15.79343020936389,18.343627729711025,-242.8918677965819,14.955512011670644,56.468360653543417,15.065414015714524,-47.35454189922359,18.14393294456717,-377.58880103135678,1249.9486371157983,1115.2018970224058,0.0,0.0,0.0,0.0,0.0,0.0,0.0,0.0,0.0,0.0,0.0,0.0,0.0,0.0,0.0,0.0,0.0,0.0,0.0,0.0,0.0,0.0,1.6331142221954478,0.4985086148337753,440.73561827103688,506.7111332232265,15324.313730034955,0.4236995274364731,0.06466720504219675,384.47063334642896,443.9918773031428,12421.269956318203,1.7967944649145818,0.33953032216828846,578.718503717429,664.3070610733678,20593.957965459675,0.3836463983005526,0.07249554011726237,381.0435730378655,439.3434956719067,12646.284455104273,0.0,0.0,15.12513231320598,17.737978712232914,361.1153502770904,0.0,0.0,24.51948958553492,28.122226349880117,878.5510500198809,0.0,0.0,110.29770654799273,128.67383310385686,2951.826954996406,0.0,0.0,18.11534090717265,21.053949931829768,521.268773459059,0.0,0.0,62.66137997570596,72.00827833793314,2184.5051059401505,36.15159609850515,24.79533340089517,749.1915746326196,868.3459867934714,23821.59889516528,0.0,0.0,62.868873214971618,74.53709883183898,1129.7510657743979,1857.2224001039886,19.366930386456848,33.120959539698379,22.0,30.0,0.0,18.06736204410491,35.97985774266015,16.0,30.0,4193.024717617973,19.822602978001457,32.12985625294718,22.0,30.0,0.0,18.554163184332859,34.821874175617008,16.0,30.0,0.0,13.541805059078147,49.58640766268785,12.0,30.0,1039.9103954815374,19.995720381505465,32.90770704540077,20.0,30.0,0.0,15.074815882881408,44.293604500897689,10.0,30.0,84.70382672015248,16.147281008642758,41.841064662274117,16.0,30.0,1585.479164802533,19.492860515362147,33.762003189151119,19.5,30.0,0.0,17.03498862187854,0.0,0.0,0.0,10.440705575289638,0.0,0.0,489.9297690179485,489.95297886303936,485.0188255531774,484.9108459126534,582.1582878508057,730.9682141004016,568.6517322268699,594.7280525368901,653.2583864771509,12591.547968267278,79.6780078548804,87.86102519973116,60.0,0.0,60.0,60.0,16.0,16.0,19.0,19.0,16.0,12.0,21.0,10.0,1.0,0.0,1857.2224001039886,0.0,4193.024717617973,0.0,1039.9103954815374,0.0,84.70382672015248,1585.479164802533,12381.272852231314,7428763.711338788,9710663.86949281,79.6780078548804,88.0,0.41270909507437716,0.7651597253331146,0.36028137401965956,88.0,0.3542647819438875,9710663.86949281,0.5075411878802928 
 03/03  06:40:00,1.4133333333333334,95.0,2.4566666666666667,0.0,0.0,0.0,0.0,0.0,2.0,2.0,0.0,0.0,0.0,0.0,0.0,1040.0,0.0,0.0,0.0,0.0,0.0,0.0,0.0,0.0,0.0,0.0,0.0,18.569223787543068,-1221.074957450101,17.419009568534759,916.771917517611,19.12737593695723,-3283.27589772152,17.787139923423493,857.6087586683982,13.525712622417827,18.932088236472504,17.935916614671286,-212.30133731391156,15.047705165206147,138.44437660666703,15.471814757437507,-73.36738524430038,18.233558475306979,-338.49197484203639,1392.271526081236,1120.5248283632419,0.0,0.0,0.0,0.0,0.0,0.0,0.0,0.0,0.0,0.0,0.0,0.0,0.0,0.0,0.0,0.0,0.0,0.0,0.0,0.0,0.0,0.0,1.7001638352565259,0.5189755296875844,455.19692175442557,522.9505336454552,16302.454425632553,0.4395199295027822,0.06708179632215848,395.62014429493777,456.70472447551176,13112.014422661663,1.9507181443234385,0.3686164293884051,570.950149990601,654.7843168692597,20976.767662638686,0.3823225403151354,0.07224537798849876,365.63512842487048,421.3354731108253,12469.027363893947,0.0,0.0,15.904479056906455,18.671868820863076,381.8488088946175,0.0,0.0,25.088082895025257,28.877945644928304,868.8810942101767,0.0,0.0,115.89602416426325,135.2635905161584,3156.095092070039,0.0,0.0,20.484746525190006,23.777143678198195,616.8646204905699,0.0,0.0,60.24629828034753,69.32897894451532,2101.726532241304,36.674363112519177,25.15388416496516,745.7513517388078,863.4468558617884,24660.891292138862,0.0,0.0,63.20977221224717,75.04346448772975,1136.7979890568173,1892.7593396871346,19.848678824770525,31.99221662500611,22.000000000000008,30.00000000000001,0.0,18.435935746509,35.01493225853731,16.000000000000008,30.00000000000001,4269.11083840587,20.3641846833531,30.923427805152277,22.000000000000008,30.00000000000001,0.0,18.961369591363874,33.79852297836112,16.000000000000008,30.00000000000001,0.0,13.533318041256994,49.318895691361259,12.000000000000004,30.00000000000001,133.3881582891559,19.255679965701245,34.28849874422698,19.000000000000008,30.00000000000001,0.0,15.244689039465129,43.500961014567078,10.000000000000004,30.00000000000001,785.4826287425169,16.793351446193215,39.866047314203779,16.750000000000008,30.00000000000001,723.2763185060044,19.398430841477358,33.77204860501725,19.250000000000008,30.00000000000001,0.0,17.581042272001583,0.0,0.0,0.0,10.369242420824392,0.0,0.0,490.193922511152,491.8023969122354,484.97108390237727,484.79305341392355,585.5282821412399,723.6493892950828,562.3683547098345,582.315088429474,647.9721447817759,10910.662498430362,80.79033838316221,86.33213246210842,60.00000000000002,0.0,60.00000000000002,60.00000000000002,16.0,16.0,19.0,19.0,16.0,12.0,21.0,10.0,1.0,0.0,1892.7593396871346,0.0,4269.11083840587,0.0,133.3881582891559,0.0,785.4826287425169,723.2763185060044,8386.286465600293,5031771.879360173,6542137.434139213,80.79033838316221,86.42625052306269,0.36454288218667649,0.7672352040508972,0.36028137401965967,86.42625052306269,0.35426478194388769,6542137.434139213,0.34279114657523909 
 03/03  06:50:00,1.3366666666666667,95.0,2.368333333333333,0.0,0.0,0.0,0.0,0.0,2.0,2.0,0.0,0.0,0.0,0.0,0.0,1040.0,0.0,0.0,0.0,0.0,0.0,0.0,0.0,0.0,0.0,0.0,0.0,18.989827143518608,-1160.8134972166727,17.776228719250299,1071.1832702277798,19.580741132264899,-3270.989244044412,18.19096712569612,980.9596262238579,13.517597460409583,29.56759763980098,18.314192927129054,-226.31574566423454,15.345496661072037,313.81421344255457,15.401228088267228,-163.40988190951377,18.375329328078885,-360.2063299683202,1548.3900400887342,1179.0175909977896,0.0,0.0,0.0,0.0,0.0,0.0,0.0,0.0,0.0,0.0,0.0,0.0,0.0,0.0,0.0,0.0,0.0,0.0,0.0,0.0,0.0,0.0,1.787774936053556,0.545718844949193,472.6073256370372,541.929707413073,17514.065276409096,0.4603598227619164,0.07026248821152571,408.17205211126596,470.35950136929218,14012.752602044167,2.147075241921741,0.40572094518551429,585.2075298588688,669.8864808710027,22231.830880946043,0.39765497925449536,0.07514266425821904,371.85084901468249,427.67721552770828,13153.060221372565,0.0,0.0,16.76053124114193,19.67977360941861,405.0890286177132,0.0,0.0,25.834077498527454,29.6852576544068,924.4680489855489,0.0,0.0,108.44018999466418,126.35126355711262,3078.3633182961136,0.0,0.0,22.33237309374524,25.963620138920576,660.1675857036989,0.0,0.0,63.26220301800199,72.71672353141702,2256.5039152147289,37.306635899839879,25.587541769437509,764.5545133766632,883.5528998227744,26276.938874473584,0.0,0.0,61.754363715042938,73.32643492481532,1120.1926592225455,1885.8072023811049,20.45375392003303,30.541924586567857,22.0,30.0,0.0,19.00557738064678,33.49000805665966,16.0,30.0,4243.925173172745,20.9724687212553,29.532049203143488,22.0,30.0,0.0,19.579350957705665,32.24188616305609,16.0,30.0,0.0,13.537174590148112,48.831375793287069,12.0,30.0,1459.1380025424556,19.809390470847469,32.80452351938867,20.0,30.0,0.0,15.78511797927963,41.49088468035449,10.0,30.0,677.1789186657459,16.425932056619059,40.53363217264868,16.5,30.0,709.9233501543035,19.727083005656679,32.74060910766301,19.5,30.0,0.0,18.183971429395798,0.0,0.0,0.0,10.368392227328878,0.0,0.0,490.43704027247238,492.6710370300929,486.77427095896669,486.3368046651622,580.0893489070933,711.3117055000444,541.9806734177564,591.4290711313795,635.7447559447642,11702.850109268902,80.26633053396542,87.87085001395758,60.0,0.0,60.0,60.0,16.0,16.0,19.0,19.0,16.0,12.0,21.0,10.0,1.0,0.0,1885.8072023811049,0.0,4243.925173172745,0.0,1459.1380025424556,0.0,677.1789186657459,709.9233501543035,11507.415983863539,6904449.590318122,9021401.467703447,80.26633053396542,88.0,0.38358053279545126,0.7653846345340922,0.36028137401965956,88.0,0.3542647819438875,9021401.467703447,0.47171287632057926 
 03/03  07:00:00,1.26,95.0,2.28,12.5,191.5,0.0,0.0,0.0,2.0,2.0,0.0,0.0,0.0,0.0,0.0,1040.0,0.0,24.102992788847084,5.898433782480517,15.114513474934276,0.7227314585554621,19.236504439757753,0.0,5.898433782480514,8.063606168957027,0.0,0.0,19.324858666104995,-1171.774075215878,18.070781949668949,1042.0648406369647,19.971960841445715,-3347.1598852092249,18.50808546531404,963.2309982832344,13.516618862980203,33.183378437023609,18.02221815999713,-150.61906924907727,15.782541192376045,472.18273698933856,15.571654291524262,-120.73971247755242,18.288323859397207,-206.01597861110708,1627.342759508394,760.8534699587339,0.0,0.0,0.0,0.0,0.0,0.0,0.0,0.0,0.0,0.0,0.0,0.0,0.0,0.0,0.0,0.0,0.0,0.0,0.0,0.0,0.0,0.0,1.8548232565359376,0.5661853652429602,475.7593262813509,544.7952802338263,18072.677156828664,0.4691784554191074,0.07160843336677464,406.7274578515186,468.07528937350437,14326.647291906462,2.3285325638862019,0.4400099327071434,585.3643797837789,669.0441574884319,22821.399406770965,0.40629719079066226,0.07677573522121355,369.4142063572444,424.2842510679072,13404.354219808929,0.0,0.0,16.40877239061325,19.267814362697189,399.42442610898197,0.0,0.0,22.93339282653483,26.400983320695038,802.2264519476894,0.0,0.0,96.78974379370982,112.50328449674541,2897.319553185651,0.0,0.0,18.08388481962841,21.000505832596013,546.8322634720357,0.0,0.0,43.0459780567629,49.51322785012213,1522.5985302851487,37.63524345472981,25.812924180198786,765.4480333953665,883.5317684117835,26974.90307407776,0.0,0.0,39.808921499875797,47.36670431834733,679.7248648336337,1936.61644268231,20.87889414968352,29.484987301627525,22.0,30.0,0.0,19.410305677224615,32.3678594693645,16.0,30.0,4358.227920195655,21.430796443820794,28.461838001724165,22.0,30.0,0.0,19.994719515110128,31.14792966749329,16.0,30.0,0.0,13.54748775549232,48.28847372628193,12.0,30.0,80.72408954487566,19.28372212559409,33.556435725621899,19.0,30.0,0.0,16.53922728009148,39.00765018088517,10.0,30.0,282.61462416982297,16.72731833988344,39.4173525810708,16.5,30.0,1193.5239937267753,19.469245208912878,32.97685050502364,19.5,30.0,0.0,18.54729844783175,0.0,0.0,0.0,9.733271401538153,0.0,0.0,489.55411763809578,493.1475321296151,487.2047116047117,487.2217176757992,569.3954710334033,702.3707319961552,516.8000232238995,584.5284421547324,640.3022394387358,11428.472888411767,80.44785350912383,87.87388139379752,60.0,0.0,60.0,60.0,16.0,16.0,19.0,19.0,16.0,12.0,21.0,10.0,1.0,0.0,1936.61644268231,0.0,4358.227920195655,0.0,80.72408954487566,0.0,282.61462416982297,1193.5239937267753,11237.620781206133,6742572.468723679,8828625.49568902,80.44785350912383,88.0,0.3745873593735377,0.763758148983935,0.36028137401965956,88.0,0.3542647819438875,8828625.49568902,0.46168852577582905 
 03/03  07:10:00,1.3183333333333334,95.0,2.33,16.666666666666669,255.33333333333338,0.0,0.0,0.0,2.0,2.0,0.0,0.0,0.0,0.0,0.0,1300.0,0.0,33.98152356214486,44.69347533031562,114.52470865980728,1.0189462154026537,27.120583258264369,0.0,44.693475330315539,61.099369201378568,0.0,0.0,19.593211795064876,-1199.5425439084009,18.31059428066665,1043.6170868679715,20.281824648167814,-3431.8117809100347,18.827034668494819,941.2042869610349,13.51878887793342,39.988474689820638,18.366744423261126,-140.76564896972264,16.248603235375986,571.387485947445,16.028450200158475,-256.72717866959359,18.304861023722578,-148.57354808035269,1667.8806729252902,718.2788564403667,0.0,0.0,0.0,0.0,0.0,0.0,0.0,0.0,0.0,0.0,0.0,0.0,0.0,0.0,0.0,0.0,0.0,0.0,0.0,0.0,0.0,0.0,1.8933596663704054,0.5779486161081824,481.0095459332195,550.3879405434599,18496.0609529407,0.4780221750555317,0.07295820742605795,411.27791069282559,472.96718914267668,14674.07536554732,2.407507075511496,0.4549333098094288,589.191392678076,672.9408301103777,23236.687557976842,0.41307451307183687,0.07805640836580438,372.250548301213,427.19712088326539,13693.896813708918,0.0,0.0,16.439755843613616,19.310238143638185,398.744712250931,0.0,0.0,21.843142057436883,25.11218467930632,781.0409022722727,0.0,0.0,86.2561623592866,100.03126486822994,2693.4381094440025,0.0,0.0,20.361431143266,23.613979509444385,635.8220772455329,0.0,0.0,39.49463450207148,45.47562386442702,1385.1854185991029,37.90087949845214,25.995116254082416,772.7314850460084,891.4340132265649,27527.016390562312,0.0,0.0,36.46918103933985,43.44949550309254,608.5351375526675,1948.1345882356437,21.198926692883725,28.76427056516056,22.0,30.0,0.0,19.723404351136954,31.587732027212895,16.0,30.0,4388.597124838128,21.74394959121421,27.78988058753183,22.0,30.0,0.0,20.335574928169419,30.356096000013424,16.0,30.0,0.0,13.561833694885993,47.82305255999738,12.000000000000002,30.0,1181.2704069272739,19.77556758303504,33.42331912411194,19.8,30.0,0.0,17.302492347544278,36.83361088764032,10.0,30.0,1396.701307500168,17.345847729685123,37.84783513047533,20.7,30.0,0.0,19.355579918069269,34.103653996030349,19.0,30.0,0.0,18.810563634573,0.0,0.0,0.0,9.57614859904724,0.0,0.0,488.5805193041611,492.30986733065938,487.52409423302188,488.05305427123639,558.6394893759801,719.8080007561067,497.55430128314858,607.715100261805,660.6599090498173,11154.13920266635,80.62933911329712,87.8769121495531,60.0,0.0,60.0,60.0,16.0,16.0,19.0,19.0,19.7,12.0,21.0,10.0,1.0,0.0,1948.1345882356437,0.0,4388.597124838128,0.0,1181.2704069272739,0.0,1396.701307500168,0.0,10967.86838663699,6580721.031982195,8605726.52110409,80.62933911329712,88.0,0.3655956128878997,0.764680342074637,0.36028137401965956,88.0,0.35426478194388757,8605726.52110409,0.4500977790974128 
 03/03  07:20:00,1.3766666666666668,95.0,2.38,20.833333333333337,319.1666666666667,0.0,0.0,0.0,2.0,2.0,0.0,0.0,0.0,0.0,0.0,1300.0,0.0,44.6166292256227,48.22821788152915,123.58239405484258,1.3378498385551315,35.60851276162147,0.0,48.22821788152905,65.93163025452435,0.0,0.0,19.77300766783072,-1317.3904283592652,18.549210441126428,1058.6737538238529,20.078995368555537,-2354.3887956382438,19.070211854060838,795.675904846484,13.521148942205933,39.71433854245319,18.052729945522679,-77.45390517326689,16.60272365009804,405.2806408320161,17.063150887644065,-35.22321296384926,18.69532226470132,-95.0889289833674,1701.7913197814365,589.0275962800015,0.0,0.0,0.0,0.0,0.0,0.0,0.0,0.0,0.0,0.0,0.0,0.0,0.0,0.0,0.0,0.0,0.0,0.0,0.0,0.0,0.0,0.0,1.9124321109239666,0.5837704856300265,492.8089714977684,563.5747412679668,19056.136306587145,0.47247709159427206,0.07211188821646399,402.21275478246386,462.1339381095727,14537.989437188475,2.5989306126957749,0.4911055579546062,495.2769451483422,566.1317549352791,19453.40366860513,0.4090133960937373,0.07728900152942882,328.46905434860357,376.7749981081642,12218.323782876341,0.0,0.0,16.24875875609787,19.086301990994426,392.61264426336478,0.0,0.0,19.53162376477444,22.490457247577209,676.0791161281749,0.0,0.0,91.12385448538223,105.47528874365678,2923.0602809788499,0.0,0.0,17.234568905852329,19.864980920426765,591.7279511125078,0.0,0.0,29.408850222395786,33.760624159329669,1058.6683502376932,38.136902848757937,26.15699783865429,719.8873741678616,829.9870160568438,26028.45707882215,0.0,0.0,27.830220916003808,33.16827723071087,440.6160607106941,1874.4748039407469,21.393109212545938,28.190023460962153,22.0,30.0,0.0,20.042297973699879,30.737735145775166,16.0,30.0,2683.4169103475799,21.5892822659388,27.845304691527685,21.6,30.0,0.0,20.607958097926784,29.61768713441036,16.0,30.0,0.0,13.572756483459554,47.498230942427969,12.000000000000002,30.0,93.67780371678454,19.21527247836845,35.79436976230939,19.0,30.0,0.0,17.81826138824755,35.45343870922108,10.0,30.0,1321.4746952479355,19.04714153906338,33.55080238145125,20.7,30.0,1237.3909943734948,19.84224106000963,33.986701283175737,19.6,30.0,0.0,19.057256443176507,0.0,0.0,0.0,9.14887625636738,0.0,0.0,488.3724129087137,492.8736071897209,487.6728937759425,489.0349402775057,551.8966498161268,748.7919931786524,502.73720967713975,567.4829578796887,698.4146226831686,11000.78752389062,80.73071761879504,85.3049360874431,60.0,0.0,60.0,60.0,16.0,16.0,19.0,19.0,19.7,12.0,21.0,10.0,1.0,0.0,1874.4748039407469,0.0,2683.4169103475799,0.0,93.67780371678454,0.0,1321.4746952479355,1237.3909943734948,6921.843853578836,4153106.3121473018,5392251.9240615549,80.73071761879504,85.38262150240394,0.3667281284526279,0.7679801774876724,0.36028137401965956,85.38262150240394,0.35426478194388757,5392251.9240615549,0.28299043338453419 
 03/03  07:30:00,1.435,95.0,2.4299999999999999,25.0,383.0,0.0,0.0,0.0,2.0,2.0,0.0,0.0,0.0,0.0,0.0,1560.0,0.0,55.95565736964524,48.20768020178603,123.52989634819829,1.6778635008456829,44.658270857528687,0.0,48.20768020178592,65.90355368925637,0.0,0.0,19.821938028613038,-1079.7085217034269,18.640613916240136,865.9699137480973,20.455801867762248,-2940.738677362667,19.101337713571817,834.523662912314,13.522886644430998,41.107447593598099,18.55862644572364,-123.99127382302206,16.425384250348004,142.07884399775407,17.780145689342253,-132.95912724413965,18.331864709634894,-83.65096031766575,1681.5528339904145,935.7512963556247,0.0,0.0,0.0,0.0,0.0,0.0,0.0,0.0,0.0,0.0,0.0,0.0,0.0,0.0,0.0,0.0,0.0,0.0,0.0,0.0,0.0,0.0,1.8713295904788452,0.5712239287175966,441.7762025178541,505.36219943487267,17025.47057414449,0.4566903606273579,0.06970243599318657,378.15854736341546,434.4729848075624,13653.402032246233,2.4763834301582019,0.4679484939830319,542.8802149120662,619.9050189666722,21420.365687245852,0.4059444334834831,0.0767090766219734,348.38836719631839,399.61462787865397,12870.392617566631,0.0,0.0,16.313674158018345,19.16653179987761,392.5946002169415,0.0,0.0,20.720221105695719,23.80934674865576,740.5417133607159,0.0,0.0,104.45161331659097,121.11699043306426,3250.9043506813338,0.0,0.0,31.089193951589246,35.689651195721669,1127.7650151166916,0.0,0.0,29.237222814219814,33.6580147900221,1020.9879809301484,38.00260255386587,26.064885153543146,716.678111290677,826.2193826564343,25825.478151261123,0.0,0.0,45.865875416401987,54.610689893590038,760.6130228495013,1897.5623382947959,21.35859221715031,28.14735492170206,22.00000000000002,30.00000000000002,0.0,20.077255168850067,30.547801580031114,16.00000000000001,30.00000000000002,4224.881464858214,21.84965748634684,27.266897527563203,22.00000000000002,30.00000000000002,0.0,20.536931406767999,29.606004271465588,16.00000000000001,30.00000000000002,0.0,13.581519396297067,47.471959687438097,12.00000000000001,30.00000000000002,1326.923299481518,19.87283232456352,34.879183127186077,19.833333333333348,30.00000000000002,0.0,17.36817801147061,36.7844820213696,10.000000000000007,30.00000000000002,1297.4181594938494,20.12436825548841,31.06973655270724,20.700000000000015,30.00000000000002,0.0,19.414525744493575,35.29694119107535,19.000000000000015,30.00000000000002,0.0,19.071202393091036,0.0,0.0,0.0,9.650110720089297,0.0,0.0,489.9238081703887,493.599815599519,487.1150632773,488.15843602337136,558.1439493011444,768.378785487071,533.2725481043054,539.3148376666782,715.5728146808465,11098.693808829597,80.66600743130842,86.76652609571076,60.00000000000004,0.0,60.00000000000004,60.00000000000004,16.0,16.0,19.0,19.0,19.7,12.0,21.0,10.0,1.0,0.0,1897.5623382947959,0.0,4224.881464858214,0.0,1326.923299481518,0.0,1297.4181594938494,0.0,9231.91318882388,5539147.913294323,7228667.744220725,80.66600743130842,86.87013315496444,0.36439710629412938,0.7655209564868328,0.3602813740196598,86.87013315496444,0.3542647819438878,7228667.744220725,0.3784773893661444 
 03/03  07:40:00,1.4933333333333332,95.0,2.48,30.166666666666669,417.66666666666665,0.0,0.0,1.0,2.0,0.0,0.0,0.0,0.0,0.0,4.0,2600.0,0.0,68.8001750493486,42.565170816289228,109.07141751655797,2.0630192259593409,54.909551638840827,0.0,42.565170816289128,58.189815573821288,0.0,0.0,19.605130932585,-1587.970989487843,18.638453374667795,558.9280498820758,20.354324141740578,-1708.1732287205064,19.17093398846884,653.0346985806236,13.520755203208428,33.90197647778372,18.273486757261439,-154.37525415314603,15.48188928884381,-601.5880740102898,18.14026490012221,-397.322191549784,17.50955855460813,-982.4601856392208,1596.7346573097462,3044.3199291985768,0.0,0.0,0.0,0.0,0.0,0.0,0.0,0.0,0.0,0.0,0.0,0.0,0.0,0.0,0.0,0.0,0.0,0.0,0.0,0.0,0.0,0.0,2.036690827316732,0.6217004967389292,375.0488847275466,429.9008254519322,14127.024649392353,0.4459481582172732,0.06806290571081703,309.5719971055448,355.99661239212119,11085.655202502772,2.0652884361595804,0.39026614439901388,339.5386672555297,388.2094048737129,13190.396063096543,0.38040717924860975,0.07188344279074258,324.1863509264223,371.94769286662497,11943.799996757836,0.0,0.0,15.430551699954413,18.135860325095427,369.5753205129054,0.0,0.0,19.47725960737583,22.42246009332328,678.4759226122936,0.0,0.0,321.7994966492832,375.7043962474323,8850.369039411831,0.0,0.0,53.348422508753568,61.180717281614978,1967.9778996706314,0.0,0.0,229.6657460368579,265.8485054831323,7377.156431481734,37.800630947749237,25.926358674725138,623.6881505359199,719.6259691650877,22412.362636995276,0.0,0.0,251.38346891497563,296.46256054517786,5539.112840460307,1853.202693526642,20.90364955829701,29.124205941980337,21.999999999999998,30.0,0.0,19.96630964278458,30.837862084136434,15.999999999999999,30.0,1628.0726581415093,21.50353617832308,28.536878061975416,21.400000000000003,30.0,0.0,20.54251346206625,30.120291365056987,19.0,30.0,0.0,13.581397423882926,47.85827754331133,12.0,30.0,0.0,19.443179140352269,36.504509332346398,19.0,30.0,0.0,15.474647426722012,42.799079173351248,10.0,30.0,1258.2904431374148,20.573882950387888,31.301051491768808,20.7,30.0,0.0,17.94937955970143,36.78560584967831,12.0,30.0,0.0,18.939456256406197,0.0,0.0,0.0,12.547249823362844,0.0,0.0,509.87757385928259,507.3253768327745,532.3630449845273,523.1659184572127,577.6022780265208,802.0240553212141,600.0563158624758,610.5328051113157,611.0743381555548,10153.411633234995,81.29122513968788,84.1350095171958,220.0,0.0,220.0,220.0,16.0,19.0,19.0,12.0,19.7,12.0,21.0,10.0,1.0,0.0,1853.202693526642,0.0,1628.0726581415093,0.0,0.0,0.0,1258.2904431374148,0.0,4303.6339322514909,2582180.3593508948,3372970.960637275,81.29122513968788,84.18330641664211,0.3474544644083831,0.7684300860806814,0.3602813740196596,84.18330641664211,0.3542647819438876,3372970.960637275,0.18485448995313837 
 03/03  07:50:00,1.5516666666666668,95.0,2.5300000000000004,35.33333333333333,452.3333333333333,0.0,0.0,1.0,2.0,0.0,0.0,0.0,0.0,0.0,4.0,1040.0,0.0,81.88945247646079,37.289959773801637,95.55413106237126,2.4555155582630756,65.3561900449564,0.0,37.28995977380155,50.978202139913317,0.0,0.0,19.477053709507027,-1409.7735704729976,18.49610487921444,549.0802716733456,20.393817969108889,-1866.3126133909123,19.19503645330434,727.6426501052292,13.507184791439347,27.932451225035295,18.415096389878288,-167.19636475613329,15.103271673065685,-12.362429594264995,18.209681511820354,-513.4954080168419,16.61082727017221,-521.23821398733,1556.0045334339903,2271.4410658105427,0.0,0.0,0.0,0.0,0.0,0.0,0.0,0.0,0.0,0.0,0.0,0.0,0.0,0.0,0.0,0.0,0.0,0.0,0.0,0.0,0.0,0.0,2.1209669949574398,0.6474258226365812,365.2595948967276,418.8991897119219,13504.42255904077,0.4567746217836978,0.06971529636503327,300.47553030856798,345.69473265712386,10553.840420959754,1.706884867598195,0.32254060234281858,359.80754265251707,411.2071663337111,13883.663868772015,0.3677065812329198,0.06948348095860162,340.65618570305227,390.5805527912618,12515.36925095354,0.0,0.0,14.712845825807108,17.28475228608247,350.1772202626717,0.0,0.0,18.49315908813806,21.26722352824629,647.1219400983582,0.0,0.0,286.90420040176886,335.39975112826786,7615.5384084004449,0.0,0.0,62.6987043105771,71.89611802833807,2298.0221594501065,0.0,0.0,187.78280775592143,218.35826982564655,5533.929672813217,37.65689364398489,25.827773418370989,630.4035255817116,727.1170888044384,22459.514165153792,0.0,0.0,215.57146550595469,254.02709878515337,4795.445340863642,1865.204217148509,20.585418237706464,29.86025443479565,22.0,30.0,0.0,19.65235601308774,31.625594389565145,16.0,30.0,2101.025087597777,21.51864537478805,28.647605073962028,21.5,30.0,0.0,20.52560618062596,30.39819956190957,19.0,30.0,0.0,13.560713280948076,48.260453374628848,12.0,30.0,1246.8869429862478,19.604165305347317,36.75545997011007,19.75,30.0,0.0,15.021564271647988,43.89464571093717,10.0,30.0,1249.559297838029,20.50610246603074,31.793373009605959,20.7,30.0,0.0,16.55410476433515,39.873422631458499,12.0,30.0,0.0,18.848451391823628,0.0,0.0,0.0,12.687691496052534,0.0,0.0,522.4634576458083,521.2189956964023,546.4911879802648,542.4085419902875,592.0763177701419,840.6717471705556,591.3368687382802,633.5870373588239,595.7865466026544,10901.082311661281,80.79669589413038,86.23690416417057,220.0,0.0,220.0,220.0,16.0,19.0,19.0,12.0,19.7,12.0,21.0,10.0,1.0,0.0,1865.204217148509,0.0,2101.025087597777,0.0,1246.8869429862478,0.0,1249.559297838029,0.0,8232.710467591995,4939626.280555197,6450878.273010168,80.79669589413038,86.32929696084787,0.3594236822530665,0.7646169991501021,0.36028137401965956,86.32929696084787,0.3542647819438875,6450878.273010168,0.3448690035298621 
 03/03  08:00:00,1.61,95.0,2.58,40.5,487.0,0.0,0.0,1.0,2.0,0.0,0.0,0.0,0.0,0.0,4.0,780.0,0.0,95.20644089933512,33.05538159483878,84.70341835358018,2.8548412317251428,75.98457891380292,0.0,33.0553815948387,45.189212725768218,0.0,0.0,19.454862542363757,-1443.2596457200173,18.434324133099758,597.6136004064863,20.513987167533125,-2018.8425516551093,19.23617684237542,625.3414460531571,13.491886537528142,25.145408444710769,18.333038633404486,-154.31150073658984,15.147814273899975,27.244738683292196,18.245597205540677,-541.5416726226748,16.227770481437529,-278.0328138112003,1511.7639672205938,1894.8130919393544,0.0,0.0,0.0,0.0,0.0,0.0,0.0,0.0,0.0,0.0,0.0,0.0,0.0,0.0,0.0,0.0,0.0,0.0,0.0,0.0,0.0,0.0,2.122897680174094,0.6480151648883076,379.6807388266393,435.4562429772526,13923.035167812515,0.46246002072200328,0.07058303124572706,314.585823087001,362.00468907077,10927.57480036597,1.585073915598368,0.29952265978805178,348.9436430425166,398.4129457271498,13560.61319939011,0.35385980654316526,0.06686693245335704,329.9286347641256,378.19940414286608,12084.275162751914,0.0,0.0,14.26089878650977,16.750296984328519,337.203295934726,0.0,0.0,18.325666306597115,21.0835776189984,630.3426766989933,0.0,0.0,242.24920560287996,283.0057601900611,6458.956405887873,0.0,0.0,65.10499312201948,74.66858445526478,2368.5193660484085,0.0,0.0,142.42394456300145,165.86402686769186,4046.465826759087,37.51401047110374,25.729773985667888,633.1944705274951,730.3450944962458,22378.988714210438,0.0,0.0,169.19022532773196,199.67736728599906,3580.045382516173,1856.8659964207632,20.483282960977865,30.165631991910027,22.000000000000019,30.00000000000002,0.0,19.500657058398429,32.0788116801391,16.000000000000015,30.00000000000002,2824.17543774141,21.710714995123554,28.435745280116647,21.666666666666687,30.00000000000002,0.0,20.522010342179404,30.582182311850884,19.000000000000015,30.00000000000002,0.0,13.53793732285833,48.396666211287818,12.00000000000001,30.00000000000002,0.0,19.324471331733585,37.860105123385647,19.000000000000015,30.00000000000002,0.0,15.142326190315459,43.467847766672829,10.000000000000007,30.00000000000002,1243.583962954415,20.41423104118701,31.887199279599139,20.700000000000015,30.00000000000002,0.0,16.066120454593407,41.0127774401675,12.00000000000001,30.00000000000002,0.0,18.771442808910196,0.0,0.0,0.0,12.192789726617289,0.0,0.0,531.5389679795279,531.701285919143,557.7785820339726,556.2456762792098,594.2992911026706,864.1420189437981,586.7983685744063,628.0298659616424,589.1155239447671,12296.857848329437,79.87324546513409,87.86428560990908,220.00000000000018,0.0,220.00000000000018,220.00000000000018,16.0,19.0,19.0,12.0,19.7,12.0,21.0,10.0,1.0,0.0,1856.8659964207632,0.0,2824.17543774141,0.0,0.0,0.0,1243.583962954415,0.0,12091.50396988243,7254902.381929452,9462447.011559654,79.87324546513409,88.00000000000007,0.40305013232941436,0.7666984629659611,0.3602813740196598,88.00000000000007,0.3542647819438878,9462447.011559654,0.5014339112677687 
 03/03  08:10:00,1.94,94.66666666666667,2.4733333333333338,45.66666666666667,521.6666666666667,0.0,4.0,0.0,0.0,0.0,0.0,0.0,0.0,0.0,0.0,2080.0,0.0,108.73443212804811,30.62355861505173,78.47217449707213,3.260495185579088,86.78138281325896,0.0,30.62355861505169,41.86472634433842,0.0,0.0,19.81509027241409,-1097.7927188530867,18.545019490307657,949.8371902466013,20.45245388117042,-1834.250774134851,19.19240006559363,-45.81180947108,13.485549322144678,34.57513425810725,17.60915179729844,-418.8388515873839,15.790240092221854,716.855485937289,17.50693684788393,-246.57588432661516,15.953189765664476,-689.8804354135158,1271.0282755697934,1526.8218160440063,0.0,0.0,0.0,0.0,0.0,0.0,0.0,0.0,0.0,0.0,0.0,0.0,0.0,0.0,0.0,0.0,0.0,0.0,0.0,0.0,0.0,0.0,1.895550767647112,0.5786174504417315,475.369961266731,544.5232969950059,17611.46796676716,0.47286249669038829,0.07217071072808124,401.72942154996846,462.3697290619314,13821.836326919874,1.9214360323107054,0.3630831504744343,279.113587376733,319.2500884594026,10626.933047213999,0.39248986387356857,0.07416664094360703,27.955609907843575,32.09091769028809,1004.9325073357186,0.0,0.0,13.96806722024202,16.423043276278489,321.0092075290281,0.0,0.0,95.71446928791494,110.72788811430039,3043.9736142307367,0.0,0.0,270.86321616170496,315.20239296745936,7699.459111148822,0.0,0.0,47.43120964527001,54.7130045908694,1585.1706565603157,0.0,0.0,123.83026839591969,144.43558229135585,3322.2213966291985,37.08687788557991,25.436816108079506,419.99947103130196,485.99768727423449,14389.614621553157,0.0,0.0,132.5619928759337,156.70571346160063,2603.5826937646704,1861.1774799832766,21.068158507937043,29.26423780833228,22.0,30.0,0.0,19.670341796052666,31.94016611332625,16.0,30.0,1941.5451285255618,21.54585909860276,28.317171100429517,21.5,30.0,0.0,20.294827264879858,33.670027708177219,19.0,30.0,0.0,13.533289485617046,48.649435580495339,12.0,30.0,0.0,18.19089861729596,37.383461656999219,16.0,30.0,0.0,16.43487832641748,40.730021912162289,10.0,30.0,0.0,19.021124262595696,34.54197597489006,16.0,30.0,0.0,15.690155868762384,42.477631851356438,12.0,30.0,0.0,18.101554645151564,0.0,0.0,0.0,11.605742107595486,0.0,0.0,544.8994239670699,546.2459900653807,538.372776391304,711.6921185096526,604.073114276328,677.0636741762742,622.1607426281494,617.1300750783013,610.8178958142726,10143.947843897702,81.29749042049645,83.94062086509689,132.0,0.0,132.0,132.0,16.0,19.0,16.0,12.0,16.0,12.0,21.0,10.0,1.0,0.0,1861.1774799832766,0.0,1941.5451285255618,0.0,0.0,0.0,0.0,0.0,4000.0084756582775,2400005.0853949666,3133857.9111014676,81.29749042049645,83.98550999463711,0.34583361585527586,0.7677855271964393,0.36028137401965956,83.98550999463711,0.3542647819438875,3133857.9111014676,0.1685706113772763 
 03/03  08:20:00,2.27,94.33333333333334,2.3666666666666669,50.833333333333339,556.3333333333334,0.0,4.0,0.0,0.0,0.0,0.0,0.0,0.0,0.0,0.0,1040.0,0.0,122.51262735293278,29.967255154371406,76.79060904415182,3.673652766299904,97.7778869011604,0.0,29.96725515437139,40.96750975610307,0.0,0.0,19.909914704119524,-1308.2151264339833,18.731580055042334,810.4634088520688,20.485294763164814,-1521.3767112001274,18.935502469172918,-52.846005578332157,13.49538843529692,45.209522646343177,17.11460196701904,-118.34382833984489,16.14901618828563,171.1774241495359,16.604147130195515,-73.85304317958907,15.274935241687306,-836.3963991402113,1284.8288982363575,1920.8828802433898,0.0,0.0,0.0,0.0,0.0,0.0,0.0,0.0,0.0,0.0,0.0,0.0,0.0,0.0,0.0,0.0,0.0,0.0,0.0,0.0,0.0,0.0,1.8920534757199195,0.5775499010134064,467.5935519792383,535.2820680412699,17082.608236074604,0.4597525345677874,0.07016980075820932,378.6055195548538,435.2119441087909,12960.24245498857,1.9563670828638947,0.36968387809219485,232.0326731771451,265.21721858510707,8672.684820640074,0.4250650526040878,0.08032219436963109,34.70195007991727,39.866232440638459,1192.3254196842725,0.0,0.0,12.785980961464512,15.023920859318253,286.0959986386954,0.0,0.0,65.07103594093613,75.44705483795865,1932.794851449605,0.0,0.0,319.6844179370259,371.2952640219038,9134.055199142678,0.0,0.0,32.36326838619859,37.51819865226276,965.6451345417141,0.0,0.0,215.4077251978915,252.12801526263494,5231.631887391895,36.622910005418088,25.118593968050818,414.2230016003408,478.8827464983149,14013.363442170375,0.0,0.0,218.55867051852835,257.5833354463383,4496.883113806274,1878.8004645920779,21.145949768915835,29.20628066485748,22.0,30.0,0.0,19.9139594201868,31.495234329346716,16.0,30.0,2162.8523108926349,21.554898813135755,28.4830426582502,21.5,30.0,0.0,19.806716239804496,36.734419387381588,19.0,30.0,0.0,13.55606685684882,48.672060033179558,12.0,30.0,0.0,17.44907593945713,38.024658078579609,16.0,30.0,0.0,16.872184882791716,39.088379418210347,10.0,30.0,0.0,17.490620522701293,37.82813880144427,16.0,30.0,0.0,14.60343043290479,45.5204828058898,12.0,30.0,0.0,18.226082582696315,0.0,0.0,0.0,12.526434568784085,0.0,0.0,549.9612587285736,549.4846884961985,550.164036683245,838.7814559654707,608.4060380172809,615.0558954789563,597.1434426929516,609.1567779934461,610.5000101547198,9096.224724278976,81.99031204876597,83.77031364485679,132.0,0.0,132.0,132.0,16.0,19.0,16.0,12.0,16.0,12.0,21.0,10.0,1.0,0.0,1878.8004645920779,0.0,2162.8523108926349,0.0,0.0,0.0,0.0,0.0,2693.758046038989,1616254.8276233935,2096734.426701403,81.99031204876597,83.80054398115817,0.34479193486796635,0.7690631888025956,0.36028137401965956,83.80054398115817,0.3542647819438875,2096734.426701403,0.11465485685513963 
 03/03  08:30:00,2.6,94.0,2.26,56.0,591.0,0.0,4.0,0.0,0.0,0.0,0.0,0.0,0.0,0.0,0.0,780.0,0.0,150.55372871863097,33.368354829089678,85.50591981523303,4.514477383988135,120.15747239954473,0.0,33.368354829089657,45.61707086497809,0.0,0.0,19.912090317735207,-1159.936795895145,18.811181416670757,543.987193692927,20.54815983104276,-1501.6972344087965,18.765258938398895,-58.544642432111519,13.511422864753993,45.24626799717247,16.841207587925756,-76.20516488452901,15.936341427833593,67.58136422278038,16.065979906276355,-41.06247974716945,14.909584934598476,-588.7929647515227,1253.46073184159,1905.2139550406365,0.0,0.0,0.0,0.0,0.0,0.0,0.0,0.0,0.0,0.0,0.0,0.0,0.0,0.0,0.0,0.0,0.0,0.0,0.0,0.0,0.0,0.0,1.8526404361633078,0.5655190586579082,446.39333206539268,510.946724484013,16041.547465405562,0.4257255293014616,0.06497642388605946,325.0322181786598,373.63148489912069,10945.160462743392,1.9736637972313989,0.3729523426363187,236.1377948998957,269.6510585109109,8731.035918472355,0.438479501994356,0.08285704875176789,38.805900394042769,44.62463074548505,1284.7150750361882,0.0,0.0,12.195653503637145,14.325647911456148,265.6309209129557,0.0,0.0,56.51194479448692,65.59044530477085,1597.989543186551,0.0,0.0,341.6611097454368,397.3798363036992,9275.503722431189,0.0,0.0,24.03149475153638,27.936472701470863,661.1334629803141,0.0,0.0,243.59415834710078,285.57103580317007,5561.959307928106,35.96482604054579,24.667233223968304,382.7129559795078,442.3430743390593,12790.104728129498,0.0,0.0,245.8310494901832,289.574062082154,4980.373391898472,1850.132802821031,21.185049212616137,29.3133871559736,21.999999999999994,29.99999999999999,0.0,19.95489585936454,31.567930686852884,15.999999999999993,29.99999999999999,2648.7270892271255,21.655514819963366,28.48796892102608,21.666666666666658,29.99999999999999,0.0,19.481668284933286,37.47473587494297,18.999999999999994,29.99999999999999,0.0,13.585150911811832,48.46121422742505,11.999999999999995,29.99999999999999,0.0,17.03876178943823,38.72457804989876,15.999999999999993,29.99999999999999,0.0,16.43274410364191,40.07249687009093,9.999999999999997,29.99999999999999,0.0,16.610970184753115,39.85114386238152,15.999999999999993,29.99999999999999,0.0,14.139153113449752,46.643281492240067,11.999999999999995,29.99999999999999,0.0,18.297194943648657,0.0,0.0,0.0,12.774138036198206,0.0,0.0,559.1863725627347,557.6283408776357,559.9562352572416,851.8430043302232,603.7991566734506,599.4744828059709,590.8788662057478,602.1796996327068,599.7597684398244,10947.803874682715,80.7658339061461,87.87919157210516,131.99999999999995,0.0,131.99999999999995,131.99999999999995,16.0,19.0,16.0,12.0,16.0,12.0,21.0,10.0,1.0,0.0,1850.132802821031,0.0,2648.7270892271255,0.0,0.0,0.0,0.0,0.0,10764.978797425383,6458987.278455232,8433791.608278156,80.7658339061461,87.99999999999997,0.35883262658084616,0.7658842999909064,0.36028137401965945,87.99999999999997,0.35426478194388735,8433791.608278156,0.44419649696379739 
 03/03  08:40:00,2.9299999999999999,93.66666666666667,2.1533333333333335,59.5,609.0,0.0,0.0,1.0,2.0,0.0,0.0,0.0,0.0,0.0,0.0,2340.0,0.0,192.66499575827633,35.85098460320674,91.86766906159531,5.7771835253931089,153.76624677132487,0.0,35.85098460320672,49.01101398616169,0.0,0.0,20.02367223863559,-1503.106481849421,18.840191242352494,826.1981755595637,20.583109446857795,-2913.345287257334,18.964914313902484,1035.4746418921396,13.521997568898165,45.16800434947449,17.804926898481214,-129.1572546453457,15.800958365458964,105.68249407863634,16.823009514140805,-167.09134965564528,14.740873390784629,-501.6087496141581,1409.7898223775943,1797.9592971132486,0.0,0.0,0.0,0.0,0.0,0.0,0.0,0.0,0.0,0.0,0.0,0.0,0.0,0.0,0.0,0.0,0.0,0.0,0.0,0.0,0.0,0.0,1.683244428425781,0.5138108755878466,473.3746745235727,542.1090398712534,16762.97152735196,0.41830137815334358,0.06384331168396591,373.66403350376506,429.7748803473569,12327.181778833821,2.2563920818211957,0.426377944410658,563.9698359768194,644.9232910814491,20351.726536155045,0.41094885478991308,0.07765473446521426,420.0336642956634,483.0662131492875,13876.443494582947,0.0,0.0,13.429080641042104,15.787526864230518,284.1285300819189,0.0,0.0,20.720670116165264,23.958871446717873,623.4372856608894,0.0,0.0,305.3823885763238,355.80485389510008,7957.760761439157,0.0,0.0,35.603278603132988,41.20452226757285,1045.4359859297934,0.0,0.0,245.86550371202859,288.663398988839,5378.239721963591,35.487823747744219,24.34007115757498,786.5821765717805,907.6570117919102,25624.466688167224,0.0,0.0,248.62738564572789,293.1003003590106,4888.8409096814589,1875.3312688670297,21.23639824366333,29.922027850051,22.000000000000055,30.000000000000076,0.0,19.948294702116745,32.29401668512104,16.00000000000004,30.000000000000076,3436.6958639322676,21.56828110362437,29.27005148373106,21.77777777777783,30.000000000000076,0.0,19.978547097930425,32.30916746397414,16.00000000000004,30.000000000000076,0.0,13.601257418907484,48.312053566467238,12.000000000000032,30.000000000000076,1843.5826676545465,18.35350639623199,36.54192954624597,20.00000000000005,30.000000000000076,0.0,16.19700063972532,40.830301307856597,10.000000000000025,30.000000000000076,1375.336309046732,17.82335654851828,37.38063599356999,20.700000000000054,30.000000000000076,0.0,13.978805131043716,47.06717794524606,12.000000000000032,30.000000000000076,0.0,18.984311872977704,0.0,0.0,0.0,12.803861426851985,0.0,0.0,602.815104650347,598.2496159883842,598.8974809340801,601.9611224005718,599.7615335042139,672.4508490595935,597.4290595881289,642.3603135404006,597.6441468669757,10756.155570797026,80.89259227379849,87.13797787015982,60.00000000000015,0.0,60.00000000000015,60.00000000000015,16.0,16.0,19.0,12.0,19.7,12.0,21.0,10.0,1.0,0.0,1875.3312688670297,0.0,3436.6958639322676,0.0,1843.5826676545465,0.0,1375.336309046732,0.0,9451.544518313938,5670926.7109883469,7422771.09070115,80.89259227379849,87.24404525084334,0.35282926172157577,0.7642172482764907,0.36028137401966056,87.24404525084334,0.3542647819438884,7422771.09070115,0.3885540967164598 
 03/03  08:50:00,3.26,93.33333333333333,2.046666666666667,63.0,627.0,0.0,0.0,1.0,2.0,0.0,0.0,0.0,0.0,0.0,0.0,1040.0,0.0,249.88755623874273,38.31268023784319,98.17577834358981,7.492994224156939,199.4351809636613,0.0,38.31268023784317,52.37633855155867,0.0,0.0,20.172331113065174,-1247.2060325709099,19.02943641364758,825.9557896866763,20.817021683615225,-3162.947690103988,19.338535470102479,766.8729748291589,13.536712200684788,45.38218853695241,18.836629512723904,-206.47082330115158,15.742050458170562,101.14664155849914,17.73801742047577,-367.429881728836,14.643182440079557,-379.57530106130528,1421.9921705993648,1828.0967306368733,0.0,0.0,0.0,0.0,0.0,0.0,0.0,0.0,0.0,0.0,0.0,0.0,0.0,0.0,0.0,0.0,0.0,0.0,0.0,0.0,0.0,0.0,1.6656984966448197,0.5084549745558059,465.28569270710218,532.1683773473194,16369.041235864272,0.42280475910260786,0.06453064088867641,382.06632538328,438.90519525045257,12510.450020204149,2.116233697357883,0.39989298891872329,584.5217935868449,667.4025290391091,21100.398807044705,0.3860680583617585,0.07295314783857868,397.42177754581368,456.00965710499096,13279.543079888093,0.0,0.0,13.589946563448354,15.96793339158619,279.2628264056885,0.0,0.0,21.41773246749397,24.60510166961758,697.347073734514,0.0,0.0,302.71854631323199,352.66728925900477,7631.848375983933,0.0,0.0,51.706447039575277,59.52173412825998,1625.4048901501329,0.0,0.0,251.98809565919599,295.777830963885,5319.200814061935,35.17376113276866,24.12466470011569,771.0841053651283,888.5343827578889,25047.690570328803,0.0,0.0,256.5870034437929,301.9809188445429,5045.8771599048009,1822.7543958883335,21.455398269051746,29.469341213891835,22.0,30.0,0.0,20.16159771602578,31.953206208482649,16.0,30.0,3801.5421983898679,21.961483250798389,28.572741913768675,22.0,30.0,0.0,20.535315206561454,31.18050728836978,16.0,30.0,0.0,13.622867796075552,48.256808531287919,12.0,30.0,1167.8890634256248,20.058109875399319,34.247778937889339,19.75,30.0,0.0,16.08820070649591,41.2119292879316,10.0,30.0,1269.1866701846698,19.41237927838616,34.13748310234058,20.7,30.0,0.0,13.916677373391869,47.467369241367638,12.0,30.0,0.0,19.27673592598997,0.0,0.0,0.0,13.1450787363463,0.0,0.0,596.7384621643727,600.9461176045279,596.0648601625645,597.0947350550246,600.2608755168723,766.6063107421157,602.1453554278367,655.8766874427802,607.8053836530315,11996.187412604566,80.07226620994992,87.86760919731188,60.0,0.0,60.0,60.0,16.0,16.0,19.0,12.0,19.7,12.0,21.0,10.0,1.0,0.0,1822.7543958883335,0.0,3801.5421983898679,0.0,1167.8890634256248,0.0,1269.1866701846698,0.0,11795.854641246216,7077512.78474773,9245762.692423735,80.07226620994992,88.0,0.39319515470820717,0.7654990202188542,0.36028137401965956,88.0,0.3542647819438875,9245762.692423735,0.48331966000603418 
 03/03  09:00:00,3.59,93.0,1.94,66.5,645.0,0.0,0.0,1.0,2.0,0.0,0.0,0.0,0.0,0.0,0.0,1040.0,0.0,322.3001155070118,40.791348807612589,104.52738196230884,9.664269353490804,257.2270881312991,0.0,40.79134880761257,55.76486640608128,0.0,0.0,20.116959382309604,-1310.9648556646885,19.153475100333375,581.300391655428,20.77771263656166,-1743.8585587165624,19.32766203036207,455.5031956618084,13.554612378924468,45.179455020662548,18.503866297436038,-169.77422507608336,15.735967217068684,101.5815330641999,18.16277053123482,-496.19578108938847,14.664612798920349,-254.287073048838,1334.207620684011,1814.2218207003344,0.0,0.0,0.0,0.0,0.0,0.0,0.0,0.0,0.0,0.0,0.0,0.0,0.0,0.0,0.0,0.0,0.0,0.0,0.0,0.0,0.0,0.0,1.648580474966954,0.503229693213356,450.2491593306261,515.4439200874409,15397.740007191991,0.378813594227759,0.057816482635494357,312.08655486480355,358.4896299576155,10051.986835593432,2.263902158379267,0.4277970820822501,420.3042729206183,480.12600903512506,14678.786683207954,0.3552681747723004,0.06713306401592977,307.3249697406783,352.6086422593528,10008.466662298419,0.0,0.0,13.165223545234437,15.469270069819782,262.576696730507,0.0,0.0,20.19292249039729,23.246013801124584,621.9610762233278,0.0,0.0,293.00941566866148,341.39671307686,7190.120355180524,0.0,0.0,62.30256674005971,71.60020679912589,1985.551298073949,0.0,0.0,248.3806554304568,291.4343116272852,5142.093385107188,34.47385219263829,23.644617416075655,611.8881512388621,705.0785978335719,19607.845383436204,0.0,0.0,253.7945316944893,298.4082672415397,4969.799583853019,1875.4543559087175,21.31005046245301,29.705653777167876,22.0,30.0,0.0,20.21491053866402,31.82817229342209,16.0,30.0,2313.1881825304219,21.657605993417947,29.081781269992964,21.5,30.0,0.0,20.395985436536674,31.42699442872298,16.0,30.0,0.0,13.647667500129348,48.30574345184323,12.0,30.0,0.0,19.443580550703048,36.7033382332251,19.0,30.0,0.0,16.073748338678997,41.47230879997517,10.0,30.0,1289.6053444589075,20.030664326966226,32.99042481721415,20.7,30.0,0.0,14.045351471352165,47.44359144001831,12.0,30.0,0.0,19.218095802580547,0.0,0.0,0.0,13.443701750796695,0.0,0.0,587.3298993228854,593.0619740092359,585.6117295807569,589.1607661565968,605.202512043178,818.410615839766,610.5745028268602,654.514434167697,621.9596482916002,11147.816611855209,80.63344876312363,86.27068771408068,60.0,0.0,60.0,60.0,16.0,16.0,19.0,12.0,19.7,12.0,21.0,10.0,1.0,0.0,1875.4543559087175,0.0,2313.1881825304219,0.0,0.0,0.0,1289.6053444589075,0.0,8530.529042267615,5118317.425360569,6663672.415471332,80.63344876312363,86.36642674581694,0.36935096807558717,0.766392184055137,0.36028137401965956,86.36642674581694,0.3542647819438875,6663672.415471332,0.3490209656045093 
 03/03  09:10:00,3.9116666666666668,91.66666666666667,1.875,70.0,663.0,0.0,0.0,0.0,0.0,0.0,0.0,0.0,0.0,0.0,0.0,2080.0,0.0,408.59026671761577,43.26310913404561,110.86128528164751,12.251657017805166,326.09455019464158,0.0,43.263109134045588,59.14395016821629,0.0,0.0,19.46649759537835,-395.3505035787938,19.10261349140911,173.39115449056934,19.912265186906106,-948.8920821630129,19.224765104094673,23.472991134959018,13.576064802966585,46.80647636303569,17.924438839949944,-458.78936863291889,15.836253367214317,173.18239463489727,17.545073441316544,-301.63237181749107,14.690051505499586,-249.7437815953349,936.732080979637,1660.0377514402094,0.0,0.0,0.0,0.0,0.0,0.0,0.0,0.0,0.0,0.0,0.0,0.0,0.0,0.0,0.0,0.0,0.0,0.0,0.0,0.0,0.0,0.0,1.5628039479610259,0.4770463821614853,257.0944177005249,295.5619721655702,8243.230242124391,0.32926572132991557,0.05025423097220934,170.0210293306076,195.80378938020844,5329.043993775322,2.3054546341203454,0.435649023832265,278.5350331348019,319.9991532568309,9085.142657087765,0.3025139489117088,0.0571643894390984,162.38869058108339,186.85143703839496,5164.544356897567,0.0,0.0,13.008223726522026,15.293612043826436,251.86059882721819,0.0,0.0,99.3456494126736,114.89797648358413,2804.0545924686819,0.0,0.0,369.5858737081836,430.5593370100464,8974.067244074857,0.0,0.0,51.993480313698658,60.031082472968,1519.4105339548017,0.0,0.0,246.89330663337868,289.7568346419369,4999.196106286575,33.35332938437049,22.8760832540264,331.40282837548849,383.3329851870864,10495.987426254036,0.0,0.0,251.46677873023624,295.767494310741,4797.196520815604,0.0,20.197980448741668,31.89651426536704,22.0,30.0,0.0,19.954201188086704,32.376260859857747,16.0,30.0,0.0,20.399781401343064,31.43170883107777,21.75,30.0,0.0,20.15623331372524,31.941041641192059,16.0,30.0,0.0,13.676302608586245,48.51459281584522,12.0,30.0,0.0,18.357438239660664,37.10654149475547,16.0,30.0,0.0,16.27068162782386,41.578793687900198,10.0,30.0,0.0,18.863211272005036,35.28165289897466,12.0,30.0,0.0,14.140723455431223,47.54023468977175,12.0,30.0,0.0,18.105997013856155,0.0,0.0,0.0,13.509420072193232,0.0,0.0,584.2690538018176,588.9966355030665,574.7638252421955,584.9616967491587,616.5491872832873,681.6577604629566,639.5483224798487,638.1380290111675,635.9190228757407,0.0,80.68920733440256,80.68920733440256,60.0,0.0,60.0,60.0,16.0,16.0,16.0,12.0,12.0,12.0,21.0,10.0,0.0,0.0,0.0,0.0,0.0,0.0,0.0,0.0,0.0,0.0,0.0,0.0,0.0,80.68920733440256,80.68920733440256,0.0,0.0,0.0,80.68920733440256,0.0,0.0,0.00248 
 03/03  09:20:00,4.233333333333333,90.33333333333334,1.81,73.5,681.0,0.0,0.0,0.0,0.0,0.0,0.0,0.0,0.0,0.0,0.0,1300.0,0.0,507.20692441253177,45.725519108504929,117.17123006297837,15.208648667063205,404.79966229990148,0.0,45.725519108504908,62.510251290308627,0.0,0.0,18.773218164833219,-79.15589800675189,18.794377506175608,-238.9096732689087,19.17612420130043,-426.19214962260579,18.738659722424126,-156.3253658175375,13.59266803183907,36.0276591599612,17.479163438783517,-277.317828222725,15.704248895310723,37.07987864636088,16.718521597078586,-131.47525781081158,14.68495413627204,-299.8145042081089,828.8960944291036,1393.8230881041182,0.0,0.0,0.0,0.0,0.0,0.0,0.0,0.0,0.0,0.0,0.0,0.0,0.0,0.0,0.0,0.0,0.0,0.0,0.0,0.0,0.0,0.0,1.454234395124336,0.4439054930171966,210.93479821067715,243.32673286591075,6138.81968799749,0.27564788995857356,0.04207080127572856,109.27187294686437,126.03785554594555,3203.970907441809,2.263786868577908,0.4277752964055005,158.19451530618796,182.45279764250189,4677.097493428422,0.267017696254686,0.050456858702699548,96.39384998436346,111.16608394740482,2829.440666548772,0.0,0.0,11.392620586441105,13.389193303738603,213.74867490016295,0.0,0.0,84.05594831127445,97.46800921939027,2192.110726569099,0.0,0.0,334.8152325614376,390.3220006676262,7757.36701759896,0.0,0.0,38.162297895416887,44.283231687136879,984.6138916776955,0.0,0.0,225.53111712086784,264.61371712241319,4434.894230345351,31.99745413372312,21.946127663733287,206.75088712250688,239.97682696079947,6126.94667069446,0.0,0.0,228.44812254025815,268.8506000019544,4118.74684091266,0.0,19.101022767531175,34.163420386855978,22.0,30.0,0.0,19.228652420151265,33.863308972610997,16.0,30.0,0.0,19.22907079273447,33.812477007312988,22.0,30.0,0.0,19.25436059707983,33.83238231485072,16.0,30.0,0.0,13.693718879196707,48.724638034504078,12.000000000000002,30.0,0.0,17.56182611163509,38.260456397730397,16.0,30.0,0.0,16.011353598027364,42.09449104910638,10.0,30.0,0.0,17.38097042124949,38.64963548274573,12.000000000000002,30.0,0.0,14.16554605399115,47.52334206219266,12.000000000000002,30.0,0.0,17.24252554886511,0.0,0.0,0.0,13.289301726061126,0.0,0.0,577.6206583158562,573.2111524485206,562.6810188236573,577.9469162466355,625.4426416818777,635.1922040075123,625.9324653740943,631.8731901658814,634.9940773835095,0.0,80.68920733440257,80.68920733440257,60.0,0.0,60.0,60.0,16.0,16.0,16.0,12.0,12.0,12.0,21.0,10.0,0.0,0.0,0.0,0.0,0.0,0.0,0.0,0.0,0.0,0.0,0.0,0.0,0.0,80.68920733440257,80.68920733440257,0.0,0.0,0.0,80.68920733440257,0.0,0.0,0.002466666666666667 
 03/03  09:30:00,4.555,89.0,1.745,77.0,699.0,0.0,0.0,0.0,0.0,0.0,0.0,0.0,0.0,0.0,0.0,780.0,0.0,616.3549207203679,48.17601912828299,123.4506569839837,18.48141706684612,491.9097201076447,0.0,48.17601912828297,65.8602706014014,0.0,0.0,18.374485818957554,-46.46714582219114,18.499124112712104,-265.4606978766746,18.74270114054646,-192.60802530313559,18.332013517744924,-238.15961236543724,13.603970371693047,29.519287710370166,17.266185024039055,-223.3014465946595,15.57899774808772,34.60981890268945,16.24061507650026,-72.82841598393104,14.639595725839007,-308.65173080432359,577.2625369501227,1202.5676844337336,0.0,0.0,0.0,0.0,0.0,0.0,0.0,0.0,0.0,0.0,0.0,0.0,0.0,0.0,0.0,0.0,0.0,0.0,0.0,0.0,0.0,0.0,1.358972134358151,0.41482665883948435,146.32375198608265,169.0686391099756,4026.014400963277,0.25221857532782046,0.03849489855430714,72.93303859837173,84.21380703173029,1994.9230237200148,2.1534052366199605,0.40691708930838246,109.29991194135983,126.21729851983844,3044.4368013333325,0.25213034819526355,0.047643678797290898,79.00910989289452,91.23476260731172,2154.729525195045,0.0,0.0,10.589007603864707,12.438187095591946,192.10868182028742,0.0,0.0,77.81406224396885,90.3103165905404,1922.3626206761658,0.0,0.0,314.96079874327139,367.28137078720939,6967.399388274182,0.0,0.0,29.59040211189172,34.414558517885229,700.1188141051169,0.0,0.0,209.78244256507265,246.0577770732806,3973.7191888032295,30.911401515669018,21.20123560745474,135.80411102670295,157.88693261813678,3924.7618460794326,0.0,0.0,211.39681071235749,248.77729576517488,3624.621869618116,0.0,18.536194616275858,35.43423181755634,21.999999999999994,29.99999999999999,0.0,18.609118011291068,35.20708342101298,15.999999999999993,29.99999999999999,0.0,18.61480186100125,35.209095940393677,21.999999999999994,29.99999999999999,0.0,18.551847146033138,35.39295059061181,15.999999999999993,29.99999999999999,0.0,13.700894091353567,48.77481814541565,11.999999999999995,29.99999999999999,0.0,17.165776614638017,39.1060316026975,15.999999999999993,29.99999999999999,0.0,15.791738239377257,42.612986757883508,9.999999999999997,29.99999999999999,0.0,16.594843357361098,40.571205476459997,11.999999999999995,29.99999999999999,0.0,14.118684204018236,47.5752759255662,11.999999999999995,29.99999999999999,0.0,16.554153290949306,0.0,0.0,0.0,13.164839151613374,0.0,0.0,573.5529575444469,558.0977590159903,558.6470919503531,567.0756196895993,625.5998027274562,624.8106366118993,618.2393852277357,626.7049532431449,627.6499310210952,0.0,80.68920733440253,80.68920733440253,59.99999999999998,0.0,59.99999999999998,59.99999999999998,16.0,16.0,16.0,12.0,12.0,12.0,21.0,10.0,0.0,0.0,0.0,0.0,0.0,0.0,0.0,0.0,0.0,0.0,0.0,0.0,0.0,80.68920733440253,80.68920733440253,0.0,0.0,0.0,80.68920733440253,0.0,0.0,0.0024533333333333336 
 03/03  09:40:00,4.876666666666667,87.66666666666667,1.68,79.16666666666667,708.3333333333333,0.0,0.0,0.0,0.0,0.0,0.0,0.0,0.0,0.0,0.0,780.0,0.0,725.0401773516358,49.882609327394188,127.82382453188773,21.7403057329919,578.6504190307469,0.0,49.882609327394167,68.19330878830252,0.0,0.0,18.026683487658859,-81.86373133704424,18.30015134721736,-299.48143520531519,18.408205024050319,-304.27357965506527,17.99313447302457,-160.92419756710999,13.614322538835687,23.04129104320893,17.167910037577945,-221.1792550526844,15.45974793110797,5.8612088199503769,15.949430167909643,-49.13170252478764,14.595291286649563,-317.31842676564505,546.6050966783199,1005.5091353357354,0.0,0.0,0.0,0.0,0.0,0.0,0.0,0.0,0.0,0.0,0.0,0.0,0.0,0.0,0.0,0.0,0.0,0.0,0.0,0.0,0.0,0.0,1.2469132685175977,0.38062065583565277,185.74766596046084,215.01460367177254,4802.617629874958,0.2236912558222091,0.03414091206077674,117.620141001815,136.0822300999853,3055.0896999633876,2.0328270696476249,0.38413209932872757,230.4897934452186,266.8472790394448,6036.299635182086,0.24055807378679196,0.045456930042855638,131.087998204741,151.88897494050407,3363.9883819140925,0.0,0.0,9.837298047567867,11.55505842394642,172.34028601831057,0.0,0.0,74.79607814539456,86.87121037126429,1771.6190790683355,0.0,0.0,295.16104149660978,344.4547598113743,6228.193490662046,0.0,0.0,22.92308517423622,26.695688258415154,508.8160371668497,0.0,0.0,192.68983314584524,226.05611342858755,3510.5468415261077,29.719806757017815,20.383955251726915,252.66483689767299,293.87079677221848,6584.534774668164,0.0,0.0,193.03336849537957,227.261678465966,3146.269584517012,0.0,18.03610632520167,36.60388974731751,22.000000000000008,30.00000000000001,0.0,18.169758828813369,36.26336030807737,16.000000000000008,30.00000000000001,0.0,18.153367167079549,36.30789014443599,22.000000000000008,30.00000000000001,0.0,18.00059448093974,36.694588804295289,16.000000000000008,30.00000000000001,0.0,13.707053004781397,48.73846726766901,12.000000000000006,30.00000000000001,0.0,16.959156696271437,39.5181566506178,16.000000000000008,30.00000000000001,0.0,15.586743248378927,43.07282094175411,10.000000000000004,30.00000000000001,0.0,16.16906938321793,41.60795872893538,12.000000000000006,30.00000000000001,0.0,14.072167636714257,47.57107824936155,12.000000000000006,30.00000000000001,0.0,16.58359072390824,0.0,0.0,0.0,13.058715976162443,0.0,0.0,555.2229782068398,542.5642113379407,548.0801041296379,562.0472941870798,620.6045949093116,612.0754152050258,603.7899804025591,617.9872888593509,613.9738461311729,0.0,80.68920733440258,80.68920733440258,60.00000000000002,0.0,60.00000000000002,60.00000000000002,16.0,16.0,16.0,12.0,12.0,12.0,21.0,10.0,0.0,0.0,0.0,0.0,0.0,0.0,0.0,0.0,0.0,0.0,0.0,0.0,0.0,80.68920733440258,80.68920733440258,0.0,0.0,0.0,80.68920733440258,0.0,0.0,0.0024400000000000005 
 03/03  09:50:00,5.198333333333332,86.33333333333334,1.615,81.33333333333333,717.6666666666666,0.0,0.0,0.0,0.0,0.0,0.0,0.0,0.0,0.0,0.0,780.0,0.0,838.2219891973657,51.5602998233054,132.12293592786564,25.13402090503935,668.9797651515398,0.0,51.56029982330538,70.48683888990537,0.0,0.0,17.74392223748564,-84.8997334980126,18.236942588349359,-295.18606215783088,18.142258370272935,-261.29811458292996,17.79883666017148,-178.97509532396595,13.628026191947005,20.49975510147621,17.13416357752504,-218.3028338259669,15.378928855093108,3.75839007510149,15.740016544889059,-36.45883911838063,14.565374371532969,-284.6488956697069,531.4831939512321,890.3123525922169,0.0,0.0,0.0,0.0,0.0,0.0,0.0,0.0,0.0,0.0,0.0,0.0,0.0,0.0,0.0,0.0,0.0,0.0,0.0,0.0,0.0,0.0,1.191019718626856,0.3635591326699808,229.5554021154391,265.9926336111023,5623.282771055482,0.2037629160791301,0.03109934616592342,122.8627813733209,142.1113117572082,3052.7427691766995,1.867008628566861,0.3527983047178502,222.49907954943508,257.8390456459824,5534.308014629021,0.2231071192676503,0.0421593195895031,129.91112733248404,150.62198862418377,3182.6730446645,0.0,0.0,9.438127444543099,11.08667612384739,159.5895220072463,0.0,0.0,74.93700987423496,87.07625869619162,1712.443615822855,0.0,0.0,284.3077779943567,331.957762528185,5754.634077910456,0.0,0.0,20.35689719145201,23.732397420531,428.2083294683123,0.0,0.0,183.9806129814315,215.87227237244759,3228.9416081870388,28.930568203538085,19.84263937142532,300.24232208394457,349.1841323270234,7407.415521042734,0.0,0.0,183.87031458411497,216.46327030687406,2894.1827897719488,0.0,17.657911871040885,37.537173486127837,22.000000000000019,30.00000000000002,0.0,17.97866230818776,36.76591619051324,16.000000000000015,30.00000000000002,0.0,17.82446676457604,37.12857826458895,22.000000000000019,30.00000000000002,0.0,17.71759513483086,37.4080701795608,16.000000000000015,30.00000000000002,0.0,13.720261684386568,48.64976574509896,12.00000000000001,30.00000000000002,0.0,16.84889975117782,39.72146077937332,16.000000000000015,30.00000000000002,0.0,15.465745744233253,43.35065490899153,10.000000000000007,30.00000000000002,0.0,15.886592971053755,42.287949426726957,12.00000000000001,30.00000000000002,0.0,14.054700716406288,47.53180986061575,12.00000000000001,30.00000000000002,0.0,16.59512205785537,0.0,0.0,0.0,13.09912821083051,0.0,0.0,538.5502798803238,527.1849431304466,530.7962646758437,550.8651573360908,612.1477962768256,597.8231781215593,590.7664304407977,606.4085274631979,600.1969083540416,0.0,80.68920733440263,80.68920733440263,60.00000000000004,0.0,60.00000000000004,60.00000000000004,16.0,16.0,16.0,12.0,12.0,12.0,21.0,10.0,0.0,0.0,0.0,0.0,0.0,0.0,0.0,0.0,0.0,0.0,0.0,0.0,0.0,80.68920733440263,80.68920733440263,0.0,0.0,0.0,80.68920733440263,0.0,0.0,0.0024333333333333335 
 03/03  10:00:00,5.52,85.0,1.55,83.5,727.0,0.0,0.0,0.0,0.0,0.0,0.0,0.0,0.0,0.0,0.0,260.0,0.0,954.305951944106,53.20791267828255,136.34497243290199,28.614755159314546,761.6252815297974,0.0,53.20791267828252,72.7392505760224,0.0,0.0,17.615655797282924,-4.091655025796172,18.13495569070876,-367.888057053322,17.906498504003083,-246.4197561971896,17.70704585951714,-43.39609584418076,13.649732140160552,19.32144223239925,17.146035143727106,-216.34670322915054,15.34440453779166,27.12691502369489,15.55386124471977,-25.91749714575235,14.536214975195012,-290.1779016956507,468.00788016155368,819.155344758814,0.0,0.0,0.0,0.0,0.0,0.0,0.0,0.0,0.0,0.0,0.0,0.0,0.0,0.0,0.0,0.0,0.0,0.0,0.0,0.0,0.0,0.0,1.129100234486825,0.3446581912352946,183.9468062803394,212.68581665662928,4357.087818258428,0.19950030316707857,0.030448764219639589,133.33630890461402,154.10381882536013,3174.2497769869139,1.7601748968870062,0.33261052473299448,105.19748667376833,121.64655644336588,2511.583803142445,0.21970847979837319,0.04151709746756862,83.11557505913722,96.07871166628128,1972.684400966819,0.0,0.0,9.392360832093678,11.003828714289567,153.42122569837233,0.0,0.0,74.15084507851555,85.95959185103605,1641.8765305506009,0.0,0.0,281.81200717118716,328.2379402829081,5512.094579206906,0.0,0.0,19.51057378328506,22.708965578534096,388.96208749533988,0.0,0.0,181.1148257053989,211.98250598856758,3056.3910616823475,28.435747910023414,19.503256454062706,197.84749656937198,229.61635884853184,4859.6833260294929,0.0,0.0,180.77610999263806,212.18141471653798,2775.632848864748,0.0,17.565442803148817,37.79444609261836,22.0,30.0,0.0,17.687557896551796,37.49248612412058,16.0,30.0,0.0,17.533343093372669,37.86865036873414,22.0,30.0,0.0,17.63460558008656,37.610150136953368,16.0,30.0,0.0,13.748706229618162,48.50204993560268,12.0,30.0,0.0,16.801002380587467,39.802427891842487,16.0,30.0,0.0,15.435556955362888,43.41485689100787,10.0,30.0,0.0,15.6337724633261,42.91373961777503,12.0,30.0,0.0,14.030194176896778,47.58344463880626,12.0,30.0,0.0,16.476620756062709,0.0,0.0,0.0,13.226007954875986,0.0,0.0,537.8999805703946,504.8519310482545,507.0909277638991,542.8995992092085,601.6144011075173,589.5229075471311,579.1992841571879,595.3850405025773,593.5972517855938,0.0,80.68920733440256,80.68920733440256,60.0,0.0,60.0,60.0,16.0,16.0,16.0,12.0,12.0,12.0,21.0,10.0,0.0,0.0,0.0,0.0,0.0,0.0,0.0,0.0,0.0,0.0,0.0,0.0,0.0,80.68920733440256,80.68920733440256,0.0,0.0,0.0,80.68920733440256,0.0,0.0,0.0024266666666666665 
 03/03  10:10:00,5.766666666666666,82.66666666666667,1.5883333333333334,85.66666666666667,736.3333333333333,0.0,0.0,0.0,0.0,0.0,0.0,0.0,0.0,0.0,0.0,260.0,0.0,1071.99903000042,54.82422625989457,140.48680334376085,32.1437374547562,855.5550102613433,0.0,54.824226259894548,74.9488737825026,0.0,0.0,17.46549677858014,-25.598977173911409,18.195938278016379,-280.7710757581176,17.88773801422822,-31.823660766606737,17.53761410253018,-194.2485508507193,13.673631163750179,19.090030988469438,17.203042697865766,-221.9015731482632,15.309245490243879,23.43717975949039,15.432185139167473,-19.8007728642944,14.535655552926688,-248.6899070413965,396.3231621314635,755.3389578283168,0.0,0.0,0.0,0.0,0.0,0.0,0.0,0.0,0.0,0.0,0.0,0.0,0.0,0.0,0.0,0.0,0.0,0.0,0.0,0.0,0.0,0.0,1.109772043602661,0.33875825506796738,130.62432999295715,151.1327678879198,2997.307245582803,0.19797750354603528,0.03021634669506033,113.70497684599376,131.41552859797418,2658.033233714698,1.7084805343688936,0.32284212667590597,128.3086675005768,148.32222388428628,3021.2114249103217,0.20506255578654243,0.038749538130487978,89.57974866881344,103.65817196036525,2035.807200827019,0.0,0.0,9.261140018291146,10.850025675990505,147.32782973165579,0.0,0.0,74.06629012969897,85.86427916827889,1607.1003377316027,0.0,0.0,280.7133451110989,327.03667632405839,5333.015235774558,0.0,0.0,17.233011210583567,20.069605685346099,330.7320951532631,0.0,0.0,180.01659135525163,210.69428803474856,2961.906397313912,28.051470124678838,19.2396914435383,163.72981675528633,190.15164199512715,3964.7379546505896,0.0,0.0,179.38029803189193,210.47128317781984,2710.400104692694,0.0,17.400314844183965,38.20450689634743,22.0,30.0,0.0,17.711381126153115,37.49048077859174,16.0,30.0,0.0,17.658590187605254,37.56943041281405,22.0,30.0,0.0,17.358530109095484,38.34271140898887,16.0,30.0,0.0,13.780056013031519,48.37579053279018,12.0,30.0,0.0,16.820571814097929,39.75020908326324,16.0,30.0,0.0,15.394705502316617,43.53054491086385,10.0,30.0,0.0,15.496517402821516,43.278826896478189,12.0,30.0,0.0,14.063721025812054,47.45042085073286,12.0,30.0,0.0,16.306715899906537,0.0,0.0,0.0,13.352183517956162,0.0,0.0,516.0153497158309,518.9083142070625,540.9400897351641,526.6196546672672,594.1108097705776,581.6427665878134,580.4698229825905,589.1098073906089,588.6633378188767,0.0,80.68920733440256,80.68920733440256,60.0,0.0,60.0,60.0,16.0,16.0,16.0,12.0,12.0,12.0,21.0,10.0,0.0,0.0,0.0,0.0,0.0,0.0,0.0,0.0,0.0,0.0,0.0,0.0,0.0,80.68920733440256,80.68920733440256,0.0,0.0,0.0,80.68920733440256,0.0,0.0,0.00242 
 03/03  10:20:00,6.013333333333334,80.33333333333334,1.6266666666666668,87.83333333333333,745.6666666666667,0.0,0.0,0.0,0.0,0.0,0.0,0.0,0.0,0.0,0.0,520.0,0.0,1190.3060682412075,56.40800351045595,144.54525843272556,35.69112853953478,949.974728541293,0.0,56.40800351045592,77.11401735770264,0.0,0.0,17.401489596218295,21.671744777416735,18.24344747940758,-374.07338758583776,17.676156847556859,-249.84547341738745,17.499678852805049,-66.04524406884934,13.696877196433583,18.741462932657727,17.27932609384399,-232.43693525502818,15.29620805651804,35.84008511254797,15.342162559713309,-15.389781474993186,14.552299394649563,-198.17942040442495,446.61908907834097,670.9005004348505,0.0,0.0,0.0,0.0,0.0,0.0,0.0,0.0,0.0,0.0,0.0,0.0,0.0,0.0,0.0,0.0,0.0,0.0,0.0,0.0,0.0,0.0,1.0535492085961154,0.32159621752018177,220.3149713364375,255.52117019735585,4929.723984056883,0.1765884302369944,0.02695183611675739,162.49725181044694,188.2178354588556,3703.3812602641085,1.605051737655168,0.3032977584382405,217.58075971673089,252.37393565179642,4856.618816093536,0.21182436536305419,0.04002727992499133,129.86923751720017,150.66420722385608,2892.717461101678,0.0,0.0,9.11655743696818,10.701629783231678,141.04188720245507,0.0,0.0,76.65996041744191,89.04257661526327,1631.230170078398,0.0,0.0,273.4579547325617,319.2398107862939,5063.438504785196,0.0,0.0,14.778623661368691,17.253056560902896,274.03138676901679,0.0,0.0,172.10120559527324,201.81089002686728,2765.9242522974625,27.75815534514489,19.038515325888136,293.75897545802027,341.720379630773,6653.18106666647,0.0,0.0,171.03713835623109,201.03490288039934,2531.478563237053,0.0,17.398564530210814,38.22778123907059,22.0,30.0,0.0,17.66630433832526,37.569993585604269,16.0,30.0,0.0,17.349989505145215,38.33229198138402,22.0,30.0,0.0,17.373108682290736,38.26965019538882,16.0,30.0,0.0,13.808173864719409,48.27406497571723,12.0,30.0,0.0,16.856599809081577,39.65260120714539,16.0,30.0,0.0,15.398706546710699,43.507194917871007,10.0,30.0,0.0,15.411603150697986,43.50651748806962,12.0,30.0,0.0,14.120742557213545,47.269097224912389,12.0,30.0,0.0,16.536920080738008,0.0,0.0,0.0,13.446819706742101,0.0,0.0,520.5327141590335,507.895243087243,518.0519631032148,533.3677380338247,589.4353615044453,577.2999277377396,570.8926563117293,585.5551794835326,580.8042750085326,0.0,80.68920733440256,80.68920733440256,60.0,0.0,60.0,60.0,16.0,16.0,16.0,12.0,12.0,12.0,21.0,10.0,0.0,0.0,0.0,0.0,0.0,0.0,0.0,0.0,0.0,0.0,0.0,0.0,0.0,80.68920733440256,80.68920733440256,0.0,0.0,0.0,80.68920733440256,0.0,0.0,0.0024266666666666665 
 03/03  10:30:00,6.26,78.0,1.665,90.0,755.0,0.0,0.0,0.0,0.0,0.0,0.0,0.0,0.0,0.0,0.0,260.0,0.0,1308.498876243158,57.9580111035001,148.51717703587119,39.23509395825837,1044.3032751366764,0.0,57.95801110350007,79.23299525083834,0.0,0.0,17.323707067841477,30.009788844487049,18.293837279009293,-441.38266007779569,17.633948764211909,-98.73145084966746,17.45633319663342,-40.31460884043008,13.730993341230896,18.09548262111113,17.388461977121243,-240.48655726066,15.30120794415884,43.267450258875218,15.243522256132846,-10.255516052911276,14.579117380939211,-203.17274857391568,372.11026345556186,613.6843193632849,0.0,0.0,0.0,0.0,0.0,0.0,0.0,0.0,0.0,0.0,0.0,0.0,0.0,0.0,0.0,0.0,0.0,0.0,0.0,0.0,0.0,0.0,1.0290076895104375,0.31410491132797238,191.33787958104939,221.46414734736733,4172.077128014433,0.16401320239655557,0.02503254004831434,178.92467092145484,206.90204348480064,3976.7496106726696,1.554364151580874,0.29371960536297705,82.15972809027422,95.07911681838179,1823.8151755521677,0.20611825068540269,0.03894902696247215,93.70785701624446,108.46381051610635,2035.9234672190915,0.0,0.0,9.039355074315062,10.589535350996214,136.31848865936818,0.0,0.0,76.98273383350346,89.22636347147726,1613.647708778948,0.0,0.0,269.5128931387656,314.0122119550809,4877.542890373278,0.0,0.0,12.867562063783455,14.998880321896437,229.6496239393063,0.0,0.0,168.02118886235165,196.6100752009249,2640.7131402015386,27.48586323348071,18.851758047654817,187.65358122616252,217.9559699071818,4254.936248527633,0.0,0.0,166.7053615054946,195.47855499956965,2431.76631858952,0.0,17.344885302421209,38.34385286875265,22.0,30.0,0.0,17.620154186867354,37.645236639878898,16.0,30.0,0.0,17.397052667091257,38.19906672205305,22.0,30.0,0.0,17.339817410543973,38.3695733829124,16.0,30.0,0.0,13.855911801678957,48.103870797531367,12.0,30.0,0.0,16.940059139431264,39.43463213365321,16.0,30.0,0.0,15.430013439174032,43.41664686355818,10.0,30.0,0.0,15.298683057819443,43.81136863714513,12.0,30.0,0.0,14.18630341564864,47.057087544830057,12.0,30.0,0.0,16.343017740619897,0.0,0.0,0.0,13.586547781091657,0.0,0.0,518.3315121789858,496.22408322709307,507.91302433909967,537.2114217458266,581.4735588016037,570.1512897775442,563.884206287333,579.2594812248923,573.8459098378216,0.0,80.68920733440256,80.68920733440256,60.0,0.0,60.0,60.0,16.0,16.0,16.0,12.0,12.0,12.0,21.0,10.0,0.0,0.0,0.0,0.0,0.0,0.0,0.0,0.0,0.0,0.0,0.0,0.0,0.0,80.68920733440256,80.68920733440256,0.0,0.0,0.0,80.68920733440256,0.0,0.0,0.0024333333333333335 
 03/03  10:40:00,6.506666666666666,75.66666666666666,1.7033333333333332,95.0,732.0,0.0,0.0,0.0,0.0,0.0,0.0,0.0,0.0,0.0,0.0,260.0,0.0,1384.5719475561755,59.542848246185027,152.57825615948495,41.51610833141782,1105.0163864091297,0.0,59.542848246184998,81.39958777892673,0.0,0.0,17.249443396710594,28.84611708150078,18.368215974250704,-428.95124457621389,17.548108810071846,-121.12816952942967,17.43440149512261,-40.713163331905438,13.76021033145157,18.42441782297047,17.489079281014335,-253.5569806971921,15.307355710460794,52.30350096213715,15.166743050457369,-7.335101229309373,14.605571558862622,-173.35371113307975,362.2286567500523,559.2818296385594,0.0,0.0,0.0,0.0,0.0,0.0,0.0,0.0,0.0,0.0,0.0,0.0,0.0,0.0,0.0,0.0,0.0,0.0,0.0,0.0,0.0,0.0,1.0007986536983236,0.3054940945355078,188.45633811639366,218.1958615823601,3996.928199558514,0.16416153395734132,0.025055179175418397,166.17069429314427,192.15689541354014,3622.284424992695,1.460206179209167,0.2759270935769402,76.20209645851704,88.21491230098146,1644.7940786888633,0.19743542622957617,0.037308281600449,77.18697510813661,89.35226213900539,1639.5949793427583,0.0,0.0,9.032701278782577,10.581351673776162,132.5040696108042,0.0,0.0,78.42605136871865,90.88366040719325,1617.7844743465149,0.0,0.0,267.91557024398846,312.14998428700337,4734.257692539219,0.0,0.0,10.710202779858673,12.488804386474753,184.3644472874263,0.0,0.0,165.1561148321368,193.23294532896893,2535.9880812455605,27.285234978071914,18.714152934205708,189.14768779646333,219.69735267143234,4186.04536575203,0.0,0.0,163.58643274959338,191.7397540386262,2354.037985587055,0.0,17.28597457217206,38.45933916860614,22.0,30.0,0.0,17.647567498751497,37.52320955409966,16.0,30.0,0.0,17.329553766151574,38.30309944306286,22.0,30.0,0.0,17.33423763151205,38.365333605539948,16.0,30.0,0.0,13.895178772790848,47.97146184585884,12.0,30.0,0.0,17.01853205734011,39.23533231246939,16.0,30.0,0.0,15.459913152774329,43.32566199860908,10.0,30.0,0.0,15.220656580520576,44.02708692143339,12.0,30.0,0.0,14.251182164874887,46.85835663394482,12.0,30.0,0.0,16.367170531619029,0.0,0.0,0.0,13.736883468247593,0.0,0.0,503.4335964193289,505.37714008210755,510.66596598978586,516.3650464621804,575.5911064909963,563.7119457996369,561.181454179373,574.7157267579207,570.3852261935709,0.0,80.68920733440256,80.68920733440256,60.0,0.0,60.0,60.0,16.0,16.0,16.0,12.0,12.0,12.0,21.0,10.0,0.0,0.0,0.0,0.0,0.0,0.0,0.0,0.0,0.0,0.0,0.0,0.0,0.0,80.68920733440256,80.68920733440256,0.0,0.0,0.0,80.68920733440256,0.0,0.0,0.00244 
 03/03  10:50:00,6.753333333333334,73.33333333333334,1.7416666666666668,100.0,709.0,0.0,0.0,0.0,0.0,0.0,0.0,0.0,0.0,0.0,0.0,260.0,0.0,1452.3093110591054,61.03144019097508,156.39270330182166,43.547179566034248,1159.0768472680255,0.0,61.031440190975057,83.43460582468683,0.0,0.0,17.211430839060144,54.639908948446649,18.42894361540843,-486.89859362474638,17.528645736960244,-27.330848112075274,17.40845484880459,-45.476315202625247,13.789521428294958,18.650650831641145,17.59299893437039,-263.4443983418432,15.31855805536026,61.13035901122839,15.097742495648117,-5.272717493551511,14.641267544712044,-146.63548957230979,323.30873480131597,507.73098683714218,0.0,0.0,0.0,0.0,0.0,0.0,0.0,0.0,0.0,0.0,0.0,0.0,0.0,0.0,0.0,0.0,0.0,0.0,0.0,0.0,0.0,0.0,0.9787625007945938,0.2987675521351019,206.59538442415204,239.21838286640443,4281.90384377254,0.14902957752178545,0.02274566201492452,193.59282341595805,223.8972602262917,4123.736183214633,1.4079954210807666,0.2660611150946272,33.33522629526238,38.58625386825794,723.0104656753782,0.18931634448988489,0.03577406358463432,9.350328246927667,10.82575970493294,197.19878410246268,0.0,0.0,8.952356465264403,10.486869592140515,127.63289079139345,0.0,0.0,79.91456187965078,92.59082546816345,1622.847790434194,0.0,0.0,264.4958356488938,308.1581376666202,4563.909047558393,0.0,0.0,8.115678234349267,9.46664539114062,134.68662468820424,0.0,0.0,161.19095046531658,188.56216169907794,2420.467792732095,27.053468598595477,18.555191082712953,164.47981448424484,191.11653243070837,3586.025851903763,0.0,0.0,159.31857195050498,186.6581353037482,2261.3014835510937,0.0,17.292450865967873,38.38606042859327,22.0,30.0,0.0,17.640982332485107,37.47928860262421,16.0,30.0,0.0,17.388894653648604,38.158697864655987,22.0,30.0,0.0,17.31532710862244,38.4227841991572,16.0,30.0,0.0,13.933761262965524,47.84271415730187,12.0,30.0,0.0,17.103378386577167,39.01588700410543,16.0,30.0,0.0,15.495747096739127,43.218484004280877,10.0,30.0,0.0,15.150823595834132,44.222840020465159,12.0,30.0,0.0,14.327706617859129,46.62332134039987,12.0,30.0,0.0,16.295547143145457,0.0,0.0,0.0,13.887359231497382,0.0,0.0,510.15559113257975,512.7462990330587,510.21991050290316,526.7931283504952,570.5770786885172,560.4258772576071,554.766186384154,571.8110122895355,564.4343575523236,0.0,80.68920733440256,80.68920733440256,60.0,0.0,60.0,60.0,16.0,16.0,16.0,12.0,12.0,12.0,21.0,10.0,0.0,0.0,0.0,0.0,0.0,0.0,0.0,0.0,0.0,0.0,0.0,0.0,0.0,80.68920733440256,80.68920733440256,0.0,0.0,0.0,80.68920733440256,0.0,0.0,0.0024333333333333335 
 03/03  11:00:00,7.0,71.0,1.78,105.0,686.0,0.0,0.0,0.0,0.0,0.0,0.0,0.0,0.0,0.0,0.0,260.0,0.0,1511.855809934902,62.430693322304708,159.97821610658034,45.33265077047067,1206.6002561238466,0.0,62.43069332230468,85.34749093924636,0.0,0.0,17.16928217572334,58.13110881065677,18.503682162493687,-496.932900191533,17.398455042864378,-165.05175586492988,17.39125578587847,-32.719797853445928,13.819249659064849,19.204578858890728,17.698016388264994,-274.63646602185465,15.343871425272495,74.92162502830797,15.02657183127183,-11.753134365891754,14.683365680126006,-121.60863664110093,368.63062229186019,463.98622110566887,0.0,0.0,0.0,0.0,0.0,0.0,0.0,0.0,0.0,0.0,0.0,0.0,0.0,0.0,0.0,0.0,0.0,0.0,0.0,0.0,0.0,0.0,0.9463117746906264,0.2888619580862718,221.9046920449081,256.98472601279095,4484.349848174591,0.14869045935898177,0.022693904053568648,183.2425949992547,211.93220667991538,3825.385424042184,1.2909004943093954,0.2439343337697271,99.49970715264939,115.26138833075243,2014.209891539734,0.18782228616669525,0.03549173963845336,81.97583070663298,94.92326488111392,1658.2681958468859,0.0,0.0,8.969389839534513,10.506461904883635,124.17540929346399,0.0,0.0,81.07458461803856,93.9162058359472,1620.6889849803056,0.0,0.0,261.1041537605072,304.1746109417342,4408.774817997118,0.0,0.0,7.1514694333153649,8.345083445114213,114.11558398047019,0.0,0.0,156.47896811690937,183.01523064767529,2298.767600804683,26.931668381648213,18.471651839264898,236.51224216474314,274.64176600558786,4910.512014924663,0.0,0.0,156.9606507299731,183.8142082051099,2198.603402693804,0.0,17.279231140976873,38.36882429668123,22.0,30.0,0.0,17.6699700800442,37.28385017220835,16.0,30.0,0.0,17.205903917660508,38.41649268255584,22.0,30.0,0.0,17.310924298548178,38.36614971815753,16.0,30.0,0.0,13.972285825261898,47.71455883152985,12.0,30.0,0.0,17.19010665169981,38.79336972489792,16.0,30.0,0.0,15.555428347140543,43.03551009541781,10.0,30.0,0.0,15.070325442342896,44.451414511256789,12.0,30.0,0.0,14.411120222763519,46.36392960772241,12.0,30.0,0.0,16.505891808530884,0.0,0.0,0.0,14.043117227267333,0.0,0.0,515.6568815032457,493.9480016222221,498.65291670254336,516.0049289525897,565.3656248619802,554.7315442969996,552.0733041678875,569.0091642695173,560.9684150606777,0.0,80.68920733440256,80.68920733440256,60.0,0.0,60.0,60.0,16.0,16.0,16.0,12.0,12.0,12.0,21.0,10.0,0.0,0.0,0.0,0.0,0.0,0.0,0.0,0.0,0.0,0.0,0.0,0.0,0.0,80.68920733440256,80.68920733440256,0.0,0.0,0.0,80.68920733440256,0.0,0.0,0.0024266666666666665 
 03/03  11:10:00,7.16,70.0,1.755,110.0,663.0,0.0,0.0,0.0,0.0,0.0,0.0,0.0,0.0,0.0,0.0,260.0,0.0,1563.417836597652,63.74773955846978,163.35307015790409,46.87871057769071,1247.751333181823,0.0,63.747739558469749,87.1479929956204,0.0,0.0,17.14663214189897,77.17260203358637,18.59313844544448,-503.21898817952208,17.3900403110467,-18.34660532925136,17.295895222134985,-139.37853722920728,13.849499549444172,19.821889162823,17.8064567973912,-280.8910168736752,15.368710213414975,83.62078770997141,14.952802217197306,-19.375690252926178,14.730589206253386,-97.3478193724277,357.4520059025872,432.31823264756988,0.0,0.0,0.0,0.0,0.0,0.0,0.0,0.0,0.0,0.0,0.0,0.0,0.0,0.0,0.0,0.0,0.0,0.0,0.0,0.0,0.0,0.0,0.9380052250169378,0.2863263812628016,217.84880658414805,252.3060253325139,4341.39036886764,0.13137391767425322,0.020050964235997134,208.76464108916708,241.42744051230899,4315.1715799044609,1.3839219042177238,0.261512075626932,178.89895408533094,207.199773546763,3572.110546155097,0.18155838213645657,0.03430808430394114,90.43845007114862,104.79757196879695,1772.1966575611,0.0,0.0,8.91035198376335,10.437005926772184,121.21219597765399,0.0,0.0,81.92847156772437,94.88477934370249,1626.844434944818,0.0,0.0,261.85204117733249,305.02247171426958,4365.855853547914,0.0,0.0,11.697555306550307,13.655598235324167,180.97981261791109,0.0,0.0,152.27748978016283,178.06518554903497,2215.0681944514137,26.635335907268496,18.268405972063446,261.1642091308932,303.2817109692256,5288.502003592062,0.0,0.0,157.74837360758839,184.64785848670886,2211.323168730071,0.0,17.295930242103269,38.19780720764077,22.0,30.0,0.0,17.727560989855808,37.14685325102705,16.0,30.0,0.0,17.280475160971514,38.39374554832432,22.0,30.0,0.0,17.144229117180588,38.58021220277561,16.0,30.0,0.0,14.01084571892511,47.58401123014042,12.0,30.0,0.0,17.284313907403886,38.542541479324977,16.0,30.0,0.0,15.60836206871616,42.87314455946014,10.0,30.0,0.0,14.980968480622665,44.70045909453511,12.0,30.0,0.0,14.499611750540029,46.09013321190056,12.0,30.0,0.0,16.531225121357264,0.0,0.0,0.0,14.21195722235003,0.0,0.0,498.5037257966921,506.18546960606366,516.4593814823008,510.43732176660708,560.7548733195066,550.829295966625,550.1639710709312,563.5548862014983,555.000409488715,0.0,80.68920733440256,80.68920733440256,60.0,0.0,60.0,60.0,16.0,16.0,16.0,12.0,12.0,12.0,21.0,10.0,0.0,0.0,0.0,0.0,0.0,0.0,0.0,0.0,0.0,0.0,0.0,0.0,0.0,80.68920733440256,80.68920733440256,0.0,0.0,0.0,80.68920733440256,0.0,0.0,0.00242 
 03/03  11:20:00,7.32,69.0,1.73,115.0,640.0,0.0,0.0,0.0,0.0,0.0,0.0,0.0,0.0,0.0,0.0,260.0,0.0,1607.218592535848,64.98989101195234,166.53600279849059,48.192051634990857,1282.708213816639,0.0,64.9898910119523,88.84610820593791,0.0,0.0,17.134280922632308,91.53966949875212,18.68297198269145,-521.8126908438026,17.277261349268487,-138.71729624984028,17.29919963919546,-20.30880363740198,13.880357142185752,20.59883742104722,17.914471604645926,-289.7107304354313,15.401221941222314,95.65229439052837,14.887152269725405,-18.417982070516417,14.782710113077869,-73.17896755069342,358.78237126810748,397.0560321550456,0.0,0.0,0.0,0.0,0.0,0.0,0.0,0.0,0.0,0.0,0.0,0.0,0.0,0.0,0.0,0.0,0.0,0.0,0.0,0.0,0.0,0.0,0.8663511567340836,0.26445395504703408,218.68268641247594,253.27422798222296,4299.6100584631699,0.11959244712086967,0.01825281549463823,210.98031109053526,243.973372590104,4318.198374576323,1.3936462968974837,0.2633496403812328,112.78966890941722,130.7264448190329,2192.201369490357,0.19834374598013328,0.037479921764953367,124.64292539905382,144.41660770549306,2415.26232004643,0.0,0.0,8.913466428085857,10.440353136617454,119.11023051317328,0.0,0.0,82.96009705687014,96.05854481932953,1636.3277316155539,0.0,0.0,261.6029478334275,304.6973862305333,4312.318884136683,0.0,0.0,14.45117024001172,16.876370587539947,216.93850275485884,0.0,0.0,148.1548962928547,173.2067431748362,2135.100411981281,26.43199663729599,18.12894145219204,284.3741068861338,330.20660637390815,5647.362333746226,0.0,0.0,156.6216490896085,183.24774514075618,2193.9538783904756,0.0,17.32341190928415,38.128422511461348,22.0,30.0,0.0,17.785597477936834,36.875033140533648,16.0,30.0,0.0,17.119933419875758,38.472409144316248,22.0,30.0,0.0,17.197910130345354,38.599798238825837,16.0,30.0,0.0,14.04953096276103,47.450805965796067,12.0,30.0,0.0,17.378804769909065,38.29791513539318,16.0,30.0,0.0,15.673504183593849,42.65459440631049,10.0,30.0,0.0,14.90513774168268,44.9047896704052,12.0,30.0,0.0,14.592920866617885,45.79495059940375,12.0,30.0,0.0,16.587297425384798,0.0,0.0,0.0,14.370045853551899,0.0,0.0,509.4744264610833,496.49696547490307,499.1289604813593,518.3573614720814,557.0423785881965,548.8961912334479,542.5656405265625,557.9620230717093,552.11742705633,0.0,80.68920733440256,80.68920733440256,60.0,0.0,60.0,60.0,16.0,16.0,16.0,12.0,12.0,12.0,21.0,10.0,0.0,0.0,0.0,0.0,0.0,0.0,0.0,0.0,0.0,0.0,0.0,0.0,0.0,80.68920733440256,80.68920733440256,0.0,0.0,0.0,80.68920733440256,0.0,0.0,0.0024233333333333339 
 03/03  11:30:00,7.48,68.0,1.705,120.0,617.0,0.0,0.0,0.0,0.0,0.0,0.0,0.0,0.0,0.0,0.0,260.0,0.0,1643.4723927046276,66.16458984886593,169.54608464566756,49.279100134499667,1311.641941190376,0.0,66.1645898488659,90.45201057550215,0.0,0.0,17.1387123545912,112.29257078932005,18.754855017494024,-563.6542895194161,17.28344668940275,2.0287531549010966,17.252818623606794,-94.30218148523909,13.911761920512696,21.395272301349537,18.02175631020105,-295.66221990522856,15.435662015690415,105.62759940397973,14.831155415296112,-15.125412917522852,14.835182368930824,-52.195042903988909,326.1454449765406,366.2811459560262,0.0,0.0,0.0,0.0,0.0,0.0,0.0,0.0,0.0,0.0,0.0,0.0,0.0,0.0,0.0,0.0,0.0,0.0,0.0,0.0,0.0,0.0,0.8773762619836855,0.2678193717898918,240.52763903100286,278.56075438143787,4676.493717674437,0.10301071487242607,0.01572202607943011,233.71611126217949,270.269785358267,4721.805426976347,1.4835480829106179,0.2803378841478871,210.3409039768035,243.73012621091037,4037.376102036884,0.18933084710205595,0.035776804063124698,68.16057764024343,79.00749842613164,1290.946049063504,0.0,0.0,8.895506344495916,10.419033960506639,116.72894492446614,0.0,0.0,83.80749684161144,97.01907174010722,1641.9009851529277,0.0,0.0,261.05006163225047,304.0176984531624,4253.653619154606,0.0,0.0,16.899103133356407,19.741385725735929,246.40357406611626,0.0,0.0,144.18044263255838,168.5262225034711,2057.1447069491525,26.174252049826195,17.952161899743623,263.2962870312018,305.8337698276144,5137.226514512122,0.0,0.0,155.56887209398159,181.936507012532,2177.4480397246895,0.0,17.375983385111096,37.867917518581148,22.0,30.0,0.0,17.811668569721389,36.78961591729759,16.0,30.0,0.0,17.210976864455028,38.44860106363567,22.0,30.0,0.0,17.119792064783196,38.521346503856019,16.0,30.0,0.0,14.088135485959281,47.309765999123339,12.0,30.0,0.0,17.473099903316546,38.03200528566393,16.0,30.0,0.0,15.738070481126922,42.46530649570425,10.0,30.0,0.0,14.844455510066175,45.06155103144146,12.0,30.0,0.0,14.6818198388778,45.51254114773311,12.0,30.0,0.0,16.52895711804612,0.0,0.0,0.0,14.527485501649853,0.0,0.0,499.68023416382746,496.7631403901836,512.9200711142652,504.31892888483289,552.4877407455628,541.8173879167053,542.801969892916,553.66150100329,549.5552121535633,0.0,80.68920733440256,80.68920733440256,60.0,0.0,60.0,60.0,16.0,16.0,16.0,12.0,12.0,12.0,21.0,10.0,0.0,0.0,0.0,0.0,0.0,0.0,0.0,0.0,0.0,0.0,0.0,0.0,0.0,80.68920733440256,80.68920733440256,0.0,0.0,0.0,80.68920733440256,0.0,0.0,0.0024266666666666665 
 03/03  11:40:00,7.640000000000001,67.0,1.6799999999999998,120.0,610.5,0.0,0.0,0.0,0.0,0.0,0.0,0.0,0.0,0.0,0.0,260.0,0.0,1695.5681227205569,66.05909813531453,169.27576619569624,50.8411628988245,1353.2189625325148,0.0,66.05909813531449,90.30779540524905,0.0,0.0,17.128770860117286,114.91134503083868,18.832303381220535,-590.8488931673201,17.275538438787295,5.537076830334627,17.25765162985769,-24.045190497387467,13.946208934629926,22.283266415097758,18.138374120823458,-303.5773949465679,15.473199167674118,115.7957793582882,14.784774023774887,-9.783579990564363,14.887900590296852,-32.47266534796381,292.60338447733377,337.37374882884708,0.0,0.0,0.0,0.0,0.0,0.0,0.0,0.0,0.0,0.0,0.0,0.0,0.0,0.0,0.0,0.0,0.0,0.0,0.0,0.0,0.0,0.0,0.8509300169886823,0.25974664743244277,235.25496457066653,272.4702164612926,4506.901767174968,0.10012884230345246,0.01528217983874427,228.859207323953,264.66209004089236,4564.953696022235,1.4561005366587543,0.2751512729891827,141.09881777903659,163.49818352354934,2682.99172728786,0.19835983406889605,0.03748296184219501,113.8037873913246,131.90490885505177,2126.6441652455498,0.0,0.0,8.925615753610833,10.453912123658487,115.02544123942406,0.0,0.0,84.42501909181955,97.71091664049932,1643.610504647892,0.0,0.0,260.8858889453994,303.79007522293218,4202.853739902954,0.0,0.0,18.66446178754706,21.809473777695915,264.65090693573276,0.0,0.0,141.06670944963333,164.85509929907236,1991.952576600467,25.950050427533978,17.798388496251019,200.79696223206202,233.3201611882096,3922.7688530359239,0.0,0.0,154.7576759821466,180.91038751842638,2163.245334181609,0.0,17.390606727993299,37.80846348721843,22.0,30.0,0.0,17.840439849551648,36.58725613394657,16.0,30.0,0.0,17.24911730101471,38.173498445925677,22.0,30.0,0.0,17.161225269792085,38.577037242515377,16.0,30.0,0.0,14.129623607320126,47.160203726672467,12.0,30.0,0.0,17.572589459094158,37.77892884575762,16.0,30.0,0.0,15.805418953162329,42.23080310269795,10.0,30.0,0.0,14.799235917661499,45.159270396860218,12.0,30.0,0.0,14.768726670593905,45.220241321554407,12.0,30.0,0.0,16.45827125515896,0.0,0.0,0.0,14.681228291061279,0.0,0.0,499.9427459711387,494.0598553985879,501.33234214273468,514.5524997450559,548.9170564859206,541.2344412719862,537.4281391141798,547.3793359046846,543.1593564357019,0.0,80.68920733440256,80.68920733440256,60.0,0.0,60.0,60.0,16.0,16.0,16.0,12.0,12.0,12.0,21.0,10.0,0.0,0.0,0.0,0.0,0.0,0.0,0.0,0.0,0.0,0.0,0.0,0.0,0.0,80.68920733440256,80.68920733440256,0.0,0.0,0.0,80.68920733440256,0.0,0.0,0.00243 
 03/03  11:50:00,7.800000000000001,66.0,1.655,120.0,604.0,0.0,0.0,0.0,0.0,0.0,0.0,0.0,0.0,0.0,0.0,260.0,0.0,1743.3461111150357,65.92335822012405,168.9279330665065,52.273759668674347,1391.3500336270423,0.0,65.92335822012402,90.1222286500954,0.0,0.0,17.121782731715475,123.52538421635563,18.90132796007193,-631.2289252151268,17.254795807691737,5.2610873869762149,17.26425811128726,-21.27964917358122,13.982680336463134,23.063393955950234,18.25812757097253,-311.99067477642486,15.50834293049047,123.0293657457305,14.74748227962799,-3.499663487879616,14.941028511393555,-14.355104608154307,293.56772772569,310.54867547310826,0.0,0.0,0.0,0.0,0.0,0.0,0.0,0.0,0.0,0.0,0.0,0.0,0.0,0.0,0.0,0.0,0.0,0.0,0.0,0.0,0.0,0.0,0.8453650076462042,0.2580479266319305,236.14728709844546,273.52364273951488,4457.622079690835,0.09835886852448619,0.015012037320587027,230.11632242832597,266.134123677117,4523.901381857591,1.4320900301422666,0.27061414023852367,135.8674186777514,157.44926754593858,2543.362345150383,0.19320211327974974,0.03650833584273425,101.09018315031776,117.17443278904861,1862.8712386721502,0.0,0.0,8.920303499126249,10.447246769355175,112.89343188905132,0.0,0.0,85.25673144837535,98.64976187708146,1649.8809848731249,0.0,0.0,260.3178947889621,303.099385712171,4141.683401287611,0.0,0.0,20.52066585225626,23.983680747672318,283.2644798380048,0.0,0.0,138.18722627476255,161.45977911554545,1930.402101486609,25.73605185798694,17.651613071321639,202.31065448921397,235.06378140619843,3894.7965359695638,0.0,0.0,153.9233492101034,179.86115396862565,2147.858102195133,0.0,17.407469227812326,37.63499384164562,22.0,30.0,0.0,17.85295156731258,36.52040061771414,16.0,30.0,0.0,17.256942890053595,38.126381963562298,22.0,30.0,0.0,17.18750973007163,38.35430847394375,16.0,30.0,0.0,14.173061305652901,46.996567542574208,12.0,30.0,0.0,17.67559346409375,37.48673171635174,16.0,30.0,0.0,15.864701459093827,42.0442584492541,10.0,30.0,0.0,14.767576000628758,45.22584794767587,12.0,30.0,0.0,14.85353903019685,44.95320515249036,12.0,30.0,0.0,16.5061144208416,0.0,0.0,0.0,14.831962144574339,0.0,0.0,497.0139578888259,495.3430737838141,501.24466129451806,504.52974064532466,545.2265315025838,536.2229112054193,534.1841109106796,544.4255308571743,542.2518372625141,0.0,80.68920733440256,80.68920733440256,60.0,0.0,60.0,60.0,16.0,16.0,16.0,12.0,12.0,12.0,21.0,10.0,0.0,0.0,0.0,0.0,0.0,0.0,0.0,0.0,0.0,0.0,0.0,0.0,0.0,80.68920733440256,80.68920733440256,0.0,0.0,0.0,80.68920733440256,0.0,0.0,0.0024233333333333339 
 03/03  12:00:00,7.96,65.0,1.63,120.0,597.5,0.0,0.0,0.0,0.0,0.0,0.0,0.0,0.0,0.0,0.0,260.0,0.0,1786.8213771202314,65.75920906727002,168.50729762850214,53.577340806649377,1426.0471413616145,0.0,65.75920906726999,89.8978243132163,0.0,0.0,17.112936011426784,128.0607286554823,18.987167262830988,-633.8683320507007,17.23026129077945,9.866812097861839,17.26574618964461,-21.230364968916093,14.020897921580226,23.737431314770107,18.378135945359469,-322.4660275355377,15.545748886828698,131.38324211196506,14.7187210459753,3.7033829485948219,14.99427341103804,2.163054073789681,288.8281249890688,282.8943765414115,0.0,0.0,0.0,0.0,0.0,0.0,0.0,0.0,0.0,0.0,0.0,0.0,0.0,0.0,0.0,0.0,0.0,0.0,0.0,0.0,0.0,0.0,0.8329144582979705,0.2542473926428482,236.14537024500477,273.5439893305964,4387.379029818914,0.09528588845599362,0.014543023268619296,230.60423192876019,266.67848445667138,4483.947416090664,1.421445622922206,0.2686027254199181,136.56441762521619,158.27890140252632,2512.400318572335,0.19017969552373593,0.03593720625920935,95.05470456555149,110.18555577811809,1724.628195377068,0.0,0.0,8.918968221357247,10.445192568690248,110.8376430049924,0.0,0.0,86.26244513244287,99.78920359274372,1659.2210039904329,0.0,0.0,259.2963516195349,301.87957018710798,4074.9259392457749,0.0,0.0,22.398652170285304,26.183264849064945,301.3060903384974,0.0,0.0,135.70510083525438,158.5319813074422,1874.6187700808803,25.498653153169064,17.488788170897857,203.03222350363337,235.90313955363679,3847.3708649349748,0.0,0.0,152.42935068287933,178.0463744035257,2121.056816200048,0.0,17.415912935498075,37.575905443895887,22.0,30.0,0.0,17.903906568006094,36.418090168636258,16.0,30.0,0.0,17.25429159407481,38.0060297901611,22.0,30.0,0.0,17.201314042977399,38.288403951141649,16.0,30.0,0.0,14.21789787306547,46.827113956861527,12.0,30.0,0.0,17.77804423663851,37.218848708913707,16.0,30.0,0.0,15.92661182395198,41.82479534211572,10.0,30.0,0.0,14.748263285519276,45.23679952608681,12.0,30.0,0.0,14.936052729236773,44.66626320051074,12.0,30.0,0.0,16.542195695434985,0.0,0.0,0.0,14.974962522105895,0.0,0.0,497.9215090784941,497.7320570144334,498.44941986187748,504.12050527160366,541.5152413630269,533.1306696458123,531.674119508442,539.9346000137005,537.5397700395417,0.0,80.68920733440256,80.68920733440256,60.0,0.0,60.0,60.0,16.0,16.0,16.0,12.0,12.0,12.0,21.0,10.0,0.0,0.0,0.0,0.0,0.0,0.0,0.0,0.0,0.0,0.0,0.0,0.0,0.0,80.68920733440256,80.68920733440256,0.0,0.0,0.0,80.68920733440256,0.0,0.0,0.002416666666666667 
 03/03  12:10:00,8.051666666666668,64.0,1.6066666666666667,120.0,591.0,0.0,0.0,0.0,0.0,0.0,0.0,0.0,0.0,0.0,0.0,260.0,0.0,1826.0040701789467,65.56839129966585,168.0183202691644,54.75221065881879,1457.3183861157673,0.0,65.56839129966582,89.63696195809929,0.0,0.0,17.12219633234698,143.90443890783355,19.064823557184878,-665.866909720532,17.2039461033676,15.876610995484043,17.262288052623754,-21.447323251739364,14.060496840181092,24.366799708357548,18.49615473225136,-332.0274877908796,15.583703039652808,138.6900910573022,14.696583453668558,11.169252226350864,15.04630564775821,16.738417101441884,292.01345846763527,258.0305719312546,0.0,0.0,0.0,0.0,0.0,0.0,0.0,0.0,0.0,0.0,0.0,0.0,0.0,0.0,0.0,0.0,0.0,0.0,0.0,0.0,0.0,0.0,0.828397670638042,0.2528686418309042,247.179748434301,286.3255014931595,4566.959212176853,0.0865823699871245,0.013214647433932312,242.53873455691949,280.49263816437579,4689.049650315656,1.4593730182230352,0.27576965574887299,142.7997534464693,165.53516565317313,2598.8588466395115,0.1897321018513587,0.035852626956039048,82.69886200694163,95.87688978155681,1486.979313321785,0.0,0.0,8.906555163505344,10.430543807360186,109.86870467680072,0.0,0.0,87.33431061727188,101.00899563446943,1681.2140091144405,0.0,0.0,258.46467710289917,300.8930253075888,4045.719607081923,0.0,0.0,23.92180647144539,27.968842006733479,317.0639723977496,0.0,0.0,133.63561629375423,156.09452985688973,1842.447478382577,25.35628282434651,17.39114048309089,215.11874274736716,249.9450449322448,4027.443526993687,0.0,0.0,151.2513599422454,176.61143470036468,2118.2694040592857,0.0,17.456853068174277,37.48828758522578,22.0,30.0,0.0,17.93911810144777,36.22112264466097,16.0,30.0,0.0,17.246148880526158,37.983541326539448,22.0,30.0,0.0,17.206204152535464,38.17201735827174,16.0,30.0,0.0,14.263466004249493,46.65118836118467,12.0,30.0,0.0,17.87984936830933,36.93894516988905,16.0,30.0,0.0,15.987102191169227,41.62630511979846,10.0,30.0,0.0,14.738643916764622,45.22983264227391,12.0,30.0,0.0,15.015077595307249,44.407976298964538,12.0,30.0,0.0,16.589577766652039,0.0,0.0,0.0,15.114652131042325,0.0,0.0,499.8045782864684,492.6421848567153,499.03108837335039,501.8567384026089,538.1633914451064,530.5541473840407,528.6476913152948,536.0711619902482,534.2471394730733,0.0,80.68920733440256,80.68920733440256,60.0,0.0,60.0,60.0,16.0,16.0,16.0,12.0,12.0,12.0,21.0,10.0,0.0,0.0,0.0,0.0,0.0,0.0,0.0,0.0,0.0,0.0,0.0,0.0,0.0,80.68920733440256,80.68920733440256,0.0,0.0,0.0,80.68920733440256,0.0,0.0,0.00241 
 03/03  12:20:00,8.143333333333335,63.0,1.5833333333333333,120.0,584.5,0.0,0.0,0.0,0.0,0.0,0.0,0.0,0.0,0.0,0.0,260.0,0.0,1860.9076269987789,65.35254345245451,167.465199791855,55.798772139627448,1485.17449181463,0.0,65.35254345245449,89.34188158650996,0.0,0.0,17.12665108135578,148.4558538487945,19.153872346138017,-668.704336412703,17.18471952413079,31.20357238359884,17.256503571183854,-21.496301149546527,14.1015953175322,25.115870073628345,18.61268967473113,-342.1554016374139,15.62616522267967,146.99580089432494,14.680784117542072,18.83698260877145,15.09789895511802,30.465833937279514,284.05211663400316,235.19953940198776,0.0,0.0,0.0,0.0,0.0,0.0,0.0,0.0,0.0,0.0,0.0,0.0,0.0,0.0,0.0,0.0,0.0,0.0,0.0,0.0,0.0,0.0,0.8131643339038034,0.24821866114279715,245.26237625005394,284.1273497894975,4499.302760789195,0.08341040430606332,0.012730525687738604,241.00867953810397,278.70744286134046,4645.253598950055,1.5155262415449376,0.2863806200954154,158.37359967544217,183.61224553991495,2853.1610707156639,0.19211940698489889,0.03630374281649638,79.14040837972249,91.76536776714807,1409.0810283310537,0.0,0.0,8.945662898442134,10.4761973884955,109.55147756232177,0.0,0.0,88.25235327871232,102.05101466507989,1699.958486961046,0.0,0.0,258.26822830589699,300.6384825370533,4029.872048099797,0.0,0.0,25.25944019383885,29.537348350027409,330.1968416798401,0.0,0.0,131.84361718823909,153.98363937401335,1813.569228039631,25.22152135467276,17.29871149154511,213.68390432603349,248.30915678434185,3962.983791811051,0.0,0.0,150.25068325891503,175.3877649084866,2115.999455846899,0.0,17.4814505274075,37.31546181018439,22.0,30.0,0.0,18.001471093249639,36.002614012467137,16.0,30.0,0.0,17.2495485088506,37.97878220059245,22.0,30.0,0.0,17.205844576806617,38.125862493470908,16.0,30.0,0.0,14.310106943302193,46.46972246298378,12.0,30.0,0.0,17.9797429348893,36.669825826355559,16.0,30.0,0.0,16.05436865178177,41.42030546005782,10.0,30.0,0.0,14.737259870857848,45.184177075910529,12.0,30.0,0.0,15.091596330582006,44.13948915055024,12.0,30.0,0.0,16.59896229216799,0.0,0.0,0.0,15.248247553683113,0.0,0.0,494.8693058982524,492.10186488193906,500.527130608868,501.8377464970987,534.9732905406703,527.4021614777473,526.5300061280939,533.0349453722315,531.6097404231196,0.0,80.68920733440256,80.68920733440256,60.0,0.0,60.0,60.0,16.0,16.0,16.0,12.0,12.0,12.0,21.0,10.0,0.0,0.0,0.0,0.0,0.0,0.0,0.0,0.0,0.0,0.0,0.0,0.0,0.0,80.68920733440256,80.68920733440256,0.0,0.0,0.0,80.68920733440256,0.0,0.0,0.002416666666666667 
 03/03  12:30:00,8.235,62.0,1.56,120.0,578.0,0.0,0.0,0.0,0.0,0.0,0.0,0.0,0.0,0.0,0.0,260.0,0.0,1891.555359670224,65.11319759400732,166.85186219438408,56.71772427307718,1509.6340638321286,0.0,65.11319759400729,89.01467765206526,0.0,0.0,17.14645563460507,163.36827990090206,19.2239685160418,-706.5596891581099,17.16751137015153,40.17483319434632,17.2529513727289,-18.88563037228687,14.143428967560049,25.760575099557089,18.725823494331367,-349.9811583148776,15.666237586254653,152.43711580047239,14.670779695209557,26.372928822647169,15.149469645033515,43.0092637371481,284.7305917593794,216.71171336495355,0.0,0.0,0.0,0.0,0.0,0.0,0.0,0.0,0.0,0.0,0.0,0.0,0.0,0.0,0.0,0.0,0.0,0.0,0.0,0.0,0.0,0.0,0.8064013495849766,0.24615425811507223,254.61533169708998,294.95649879139577,4649.99058575579,0.07450372921918873,0.011371143043221724,251.21115867698635,290.5222666825467,4811.340701823413,1.548735380725852,0.2926559676352707,164.15864310626,190.34890760671486,2928.4191483160877,0.19411866018584848,0.036681530647363649,84.38789458701292,97.86361748987045,1487.5319914459649,0.0,0.0,8.933637882370795,10.46197968756189,108.59866039853354,0.0,0.0,89.06854701391947,102.97495096379592,1716.6595952956737,0.0,0.0,258.2075538218083,300.55080842398709,4012.8434087101379,0.0,0.0,26.393108360773828,30.867041777749056,340.5567742895306,0.0,0.0,130.91331932411743,152.88036570315578,1796.0900684800679,25.090910390721139,17.209129211742899,224.02409108695813,260.33030860890059,4106.187272946259,0.0,0.0,150.0273221708199,175.0739077389294,2123.4996873945208,0.0,17.53308359314338,37.115840556484048,22.0,30.0,0.0,18.03103236976413,35.857316407975797,16.0,30.0,0.0,17.252056418490466,37.85850248398671,22.0,30.0,0.0,17.207049864349217,38.111938705954539,16.0,30.0,0.0,14.356341814657414,46.2927305432214,12.0,30.0,0.0,18.079026192645676,36.41100014780223,16.0,30.0,0.0,16.114932035198899,41.201136847349818,10.0,30.0,0.0,14.742631421388964,45.12393602245927,12.0,30.0,0.0,15.165966059130652,43.88982327013158,12.0,30.0,0.0,16.637095771736339,0.0,0.0,0.0,15.378118851915332,0.0,0.0,494.10001999489085,491.87552204462687,495.76953765491938,502.62917881829636,532.0921037154328,525.1580919316924,523.3480040399851,529.9689376085587,528.7362089167874,0.0,80.68920733440256,80.68920733440256,60.0,0.0,60.0,60.0,16.0,16.0,16.0,12.0,12.0,12.0,21.0,10.0,0.0,0.0,0.0,0.0,0.0,0.0,0.0,0.0,0.0,0.0,0.0,0.0,0.0,80.68920733440256,80.68920733440256,0.0,0.0,0.0,80.68920733440256,0.0,0.0,0.0024233333333333339 
 03/03  12:40:00,8.326666666666667,61.0,1.5366666666666667,122.33333333333333,523.5,0.0,0.0,0.0,0.0,0.0,0.0,0.0,0.0,0.0,0.0,260.0,0.0,1800.0685686070265,64.05670021906437,164.1444591995518,53.97451350558873,1436.619171128284,0.0,64.05670021906434,87.57036564242967,0.0,0.0,17.154866372413868,164.07531325329547,19.25258912661115,-694.2317178194217,17.158004719182779,57.08938198548094,17.24713456526934,-17.247140708997905,14.17452409381833,26.73918628682307,18.783432562323584,-354.9056696448338,15.710730471734042,160.15122143464397,14.664790966172877,33.82878055032961,15.199856237885422,54.7269695446862,275.0961732163587,199.65430038000523,0.0,0.0,0.0,0.0,0.0,0.0,0.0,0.0,0.0,0.0,0.0,0.0,0.0,0.0,0.0,0.0,0.0,0.0,0.0,0.0,0.0,0.0,0.7897746636188157,0.24107895714860065,250.45536577901005,290.16060420229828,4540.293811298903,0.0727442441963551,0.011102601373070072,247.29268074863919,285.9996137314684,4709.0839971462369,1.5998102365361964,0.30230730093276589,177.99187833179426,206.40978575855284,3147.681340967985,0.19677719232124717,0.03718389877574586,83.68529116870512,97.06494683257354,1460.1464297130195,0.0,0.0,8.978836827844587,10.51526554867479,108.11108518100959,0.0,0.0,89.9280123783164,103.96008658275598,1728.9427527425399,0.0,0.0,258.22118959580907,300.5412963382519,4000.5890232295248,0.0,0.0,27.385982182930044,32.03177586682427,349.01138475201199,0.0,0.0,129.50809998061565,151.22391802653687,1771.5818012480207,24.96439498529559,17.122355956992867,220.20788780735917,255.93486151281585,3998.624542392699,0.0,0.0,149.21073987982857,174.0772837930879,2118.655467482772,0.0,17.555747001647967,36.98364085035643,22.0,30.0,0.0,18.066259494466246,35.72625848240416,16.0,30.0,0.0,17.268814869012226,37.73808244983246,22.0,30.0,0.0,17.20573697688902,38.01536590505316,16.0,30.0,0.0,14.389501416171618,46.14862303532114,12.0,30.0,0.0,18.147263770748955,36.20451695239842,16.0,30.0,0.0,16.18280795830895,40.97707941958724,10.0,30.0,0.0,14.75313830691287,45.05811347424891,12.0,30.0,0.0,15.23793697309206,43.653067411609608,12.0,30.0,0.0,16.639234783659977,0.0,0.0,0.0,15.494510244636642,0.0,0.0,493.72145065913068,491.8486767558651,494.8468656132204,498.62941812237087,529.1986285115395,522.2187824957023,521.0352890100517,527.5045062629722,526.4048012645068,0.0,80.68920733440256,80.68920733440256,60.0,0.0,60.0,60.0,16.0,16.0,16.0,12.0,12.0,12.0,21.0,10.0,0.0,0.0,0.0,0.0,0.0,0.0,0.0,0.0,0.0,0.0,0.0,0.0,0.0,80.68920733440256,80.68920733440256,0.0,0.0,0.0,80.68920733440256,0.0,0.0,0.00243 
 03/03  12:50:00,8.418333333333333,60.0,1.5133333333333333,124.66666666666667,469.0,0.0,0.0,0.0,0.0,0.0,0.0,0.0,0.0,0.0,0.0,260.0,0.0,1660.3273602714465,60.66385323700475,155.45028951390405,49.784419112502508,1325.0929596279109,0.0,60.66385323700472,82.9320865900949,0.0,0.0,17.16813580152823,171.17629197122734,19.232703085934639,-699.4015843971129,17.14521574674045,63.907611207061567,17.240328428302349,-12.051962929965612,14.196165647961,27.73681853908991,18.79990231530646,-350.155493690811,15.747400565186427,162.35603023354816,14.660954966463514,40.64433278446904,15.247437088130697,64.63476758918887,273.073880239137,189.27240651355806,0.0,0.0,0.0,0.0,0.0,0.0,0.0,0.0,0.0,0.0,0.0,0.0,0.0,0.0,0.0,0.0,0.0,0.0,0.0,0.0,0.0,0.0,0.7828915903079279,0.23897789691939193,253.60104044572638,293.818905466555,4566.76338066965,0.06819053163616937,0.010407590298560648,250.96283824497272,290.2990392081087,4730.657890002602,1.616010713911981,0.30536861562962616,180.84203317351936,209.74304075633592,3168.01527699082,0.19871419212983375,0.03754992292702829,95.29209249160901,110.54464862989447,1645.4451013678668,0.0,0.0,8.957273208396308,10.490869970297377,106.57994326278203,0.0,0.0,89.9405830696541,103.97578882894847,1720.2007860926465,0.0,0.0,257.7234266278169,299.95507800595478,3971.7517976934148,0.0,0.0,28.2303039741053,33.02283007511595,355.4155540984528,0.0,0.0,128.87436182164468,150.4714508900993,1756.6376145661698,24.83387627895877,17.032836954018366,224.04074570699863,260.41027030045526,4026.095521535391,0.0,0.0,149.11608072993796,173.93113937018669,2120.083540261779,0.0,17.586353246136974,36.85780745604427,22.0,30.0,0.0,18.058046966517915,35.65499954686048,16.0,30.0,0.0,17.275825417919834,37.64048758510401,22.0,30.0,0.0,17.20657323214698,37.92925652005935,16.0,30.0,0.0,14.40901087907185,46.041948810787349,12.0,30.0,0.0,18.187801468644829,36.07073334465697,16.0,30.0,0.0,16.233069976658265,40.79677229540219,10.0,30.0,0.0,14.766139816696406,44.964127125602129,12.0,30.0,0.0,15.3055895992486,43.406278010561639,12.0,30.0,0.0,16.66310149702321,0.0,0.0,0.0,15.597170720727489,0.0,0.0,493.4932233078311,490.25290705743677,494.38046925529889,497.08477832376,526.4432207512001,519.943179311792,518.9322023245584,524.5220540366236,523.4320694273228,0.0,80.68920733440256,80.68920733440256,60.0,0.0,60.0,60.0,16.0,16.0,16.0,12.0,12.0,12.0,21.0,10.0,0.0,0.0,0.0,0.0,0.0,0.0,0.0,0.0,0.0,0.0,0.0,0.0,0.0,80.68920733440256,80.68920733440256,0.0,0.0,0.0,80.68920733440256,0.0,0.0,0.0024233333333333339 
 03/03  13:00:00,8.51,59.0,1.49,127.0,414.5,0.0,0.0,0.0,0.0,0.0,0.0,0.0,0.0,0.0,0.0,260.0,0.0,1550.8964357004959,59.5141093144283,152.5039443613214,46.50316249148718,1237.7570480147113,0.0,59.514109314428278,81.36029948038025,0.0,0.0,17.163705475663318,164.13854659474419,19.214823411967698,-666.8008333494254,17.134947667859679,74.63785638649643,17.2352627275707,-9.483371811938014,14.215179477972658,28.66088836650789,18.800798498588756,-344.4364480117283,15.781446284171726,165.06270548544854,14.659873163514785,46.65131866879142,15.293271886525467,71.83136820920845,261.01549576190157,179.64254168888875,0.0,0.0,0.0,0.0,0.0,0.0,0.0,0.0,0.0,0.0,0.0,0.0,0.0,0.0,0.0,0.0,0.0,0.0,0.0,0.0,0.0,0.0,0.7691302998742678,0.2347772588138791,244.1174291443015,282.88423931418125,4349.247930016359,0.0716165069508725,0.01093048030385722,241.41956836463218,279.2950778891348,4513.018255611037,1.6328966399786996,0.308559455778288,187.09568252558,217.02273920412925,3246.6102413030555,0.1998057872616214,0.03775619562766843,99.52211764170441,115.46994086307255,1700.6902590488299,0.0,0.0,8.967987837687734,10.504488502397907,105.3358629008449,0.0,0.0,89.61537665270578,103.6084191772163,1701.5379366705218,0.0,0.0,256.3165513663799,298.31626686193416,3926.5978098645475,0.0,0.0,28.89787864237973,33.80713667550091,359.43838872057639,0.0,0.0,127.26709009719815,148.5851464468516,1727.1935624608194,24.694748893194,16.937413506991775,214.62951507672259,249.5243647865645,3822.654573805632,0.0,0.0,147.88779591930433,172.47798065403382,2098.3022369709044,0.0,17.57844395428655,36.787027386650837,22.0,30.0,0.0,18.068519892695453,35.53637092216928,16.0,30.0,0.0,17.28466677256272,37.56161262391863,22.0,30.0,0.0,17.2066769507809,37.84695534810273,16.0,30.0,0.0,14.42286222041159,45.95010934042986,12.0,30.0,0.0,18.207705499149929,35.98033618031227,16.0,30.0,0.0,16.278309259462064,40.625699904445017,10.0,30.0,0.0,14.780537047152484,44.869330755756177,12.0,30.0,0.0,15.36777186302787,43.18338268943294,12.0,30.0,0.0,16.64912009001974,0.0,0.0,0.0,15.6749642147733,0.0,0.0,491.91715362802605,488.77508646703429,494.0307961603039,496.2619522051476,523.9012722000298,517.8204334138169,516.6625320976831,521.9767743572256,521.0682597120953,0.0,80.68920733440256,80.68920733440256,60.0,0.0,60.0,60.0,16.0,16.0,16.0,12.0,12.0,12.0,21.0,10.0,0.0,0.0,0.0,0.0,0.0,0.0,0.0,0.0,0.0,0.0,0.0,0.0,0.0,80.68920733440256,80.68920733440256,0.0,0.0,0.0,80.68920733440256,0.0,0.0,0.002416666666666667 
 03/03  13:10:00,8.478333333333334,59.0,1.525,129.33333333333335,360.0,0.0,0.0,0.0,0.0,0.0,0.0,0.0,0.0,0.0,0.0,260.0,0.0,1433.6838572545326,58.375061299323359,149.58500734304085,42.98857714507244,1144.2106855060284,0.0,58.37506129932333,79.80313448708674,0.0,0.0,17.16834787031022,169.43871794186999,19.16499858642722,-668.756672035629,17.117337547307267,73.11600270761574,17.23134116351092,-5.96915467181816,14.230579648525975,29.31650729353163,18.7813931301809,-334.8166331555908,15.808080629187064,164.49342503182198,14.659774456889359,51.2006832866291,15.335117627603218,75.28235679927366,267.0948389215855,173.46233436067269,0.0,0.0,0.0,0.0,0.0,0.0,0.0,0.0,0.0,0.0,0.0,0.0,0.0,0.0,0.0,0.0,0.0,0.0,0.0,0.0,0.0,0.0,0.7808622223895552,0.23835843174284347,247.7615308186381,287.1391017949905,4435.318674280698,0.07175157848481734,0.010951095617340864,245.4896979855036,284.07953409626136,4589.410852092703,1.6286898619975932,0.30776452418699809,182.71006319687198,211.9732146837891,3179.898538035068,0.20072823052387463,0.03793050463414107,104.10861289211023,120.8079753698091,1785.9008699004756,0.0,0.0,8.930328134329916,10.461516092222878,105.61348824475896,0.0,0.0,89.06312551505036,102.9833199952637,1697.28117018011,0.0,0.0,254.02472022365999,295.6593052482801,3922.6025453188565,0.0,0.0,29.391635522069067,34.387959781204447,368.2212843085741,0.0,0.0,125.55879676364752,146.58361854974963,1725.124230742238,24.77292363328613,16.991031298550163,218.67039409178165,254.2489453663771,3909.1738020297927,0.0,0.0,146.51471764287164,170.86490161092676,2105.1382735086838,0.0,17.589431149813217,36.66446538551832,22.0,30.0,0.0,18.035250109763035,35.50204780438291,16.0,30.0,0.0,17.276005411099669,37.492455235750878,22.0,30.0,0.0,17.208062473812864,37.78082637640578,16.0,30.0,0.0,14.431346255775003,45.87109731367044,12.0,30.0,0.0,18.210705246433859,35.922836567998967,16.0,30.0,0.0,16.308757787114805,40.489013303190727,10.0,30.0,0.0,14.793821354807543,44.77644034168469,12.0,30.0,0.0,15.421767295303614,42.98146412080095,12.0,30.0,0.0,16.660081496572248,0.0,0.0,0.0,15.73503889268339,0.0,0.0,490.32547147393748,487.854893824775,492.4394325687331,495.600202141511,521.4907050749122,515.5574906864815,514.5310333346131,519.7415848614611,518.9177585319692,0.0,80.68920733440256,80.68920733440256,60.0,0.0,60.0,60.0,16.0,16.0,16.0,12.0,12.0,12.0,21.0,10.0,0.0,0.0,0.0,0.0,0.0,0.0,0.0,0.0,0.0,0.0,0.0,0.0,0.0,80.68920733440256,80.68920733440256,0.0,0.0,0.0,80.68920733440256,0.0,0.0,0.00241 
 03/03  13:20:00,8.446666666666668,59.0,1.56,131.66666666666667,305.5,0.0,0.0,0.0,0.0,0.0,0.0,0.0,0.0,0.0,0.0,260.0,0.0,1309.5423676337037,57.25809990275517,146.72266786282214,39.26623231139327,1045.1344387402165,0.0,57.25809990275514,78.27616357582453,0.0,0.0,17.1547895489841,158.78817407148109,19.111962832183168,-627.8972390274148,17.102313917119817,80.80530434400862,17.225268283461113,-6.921276841838335,14.242684774436914,29.939659626263336,18.741890072351955,-324.91865080222808,15.83285058207239,164.96524227711962,14.659919088945902,54.78547713203943,15.372349729935588,76.29080528961322,259.85365737928717,167.8011454040361,0.0,0.0,0.0,0.0,0.0,0.0,0.0,0.0,0.0,0.0,0.0,0.0,0.0,0.0,0.0,0.0,0.0,0.0,0.0,0.0,0.0,0.0,0.7805795522100484,0.23827214658426389,236.80325075605865,274.5068215000545,4242.580616856367,0.0794469858813487,0.012125608345749193,234.34525712405157,271.2338915901148,4390.676716091582,1.6433170466570466,0.3105285424522009,186.6008900796016,216.52261187221866,3257.8485766551486,0.20129750518648494,0.038038077321709159,98.37311088031241,114.17072638876529,1693.3181685158587,0.0,0.0,8.934760086944389,10.468025766575887,106.30488972216483,0.0,0.0,88.32417905247789,102.14877805109873,1686.2476330193873,0.0,0.0,251.57608650620919,292.822520677361,3914.416559536859,0.0,0.0,29.800312200544299,34.86958993293427,375.9107895974622,0.0,0.0,123.33431377102207,143.98403224872693,1713.287907149407,24.8402711462632,17.03722300841098,207.45719906583973,241.27860431642999,3728.372225860437,0.0,0.0,144.53767516226476,168.55876250339314,2097.5141511359804,0.0,17.561824745924896,36.621426673290837,22.0,30.0,0.0,18.022478920225955,35.46667765229082,16.0,30.0,0.0,17.271778968563415,37.4056461583607,22.0,30.0,0.0,17.20418794941368,37.70522806946581,16.0,30.0,0.0,14.435126331350459,45.802437874642659,12.0,30.0,0.0,18.194940865875745,35.905474328140048,16.0,30.0,0.0,16.336735008647098,40.352394807552688,10.0,30.0,0.0,14.805214029610138,44.68525095720636,12.0,30.0,0.0,15.467291168426064,42.79929510122057,12.0,30.0,0.0,16.622331243249439,0.0,0.0,0.0,15.776463222064935,0.0,0.0,489.3844377204197,487.32246168553947,490.8304258364906,494.11293241528207,519.1712971168223,513.5127721015779,512.3801589190903,517.4783101600292,516.6843088995062,0.0,80.68920733440256,80.68920733440256,60.0,0.0,60.0,60.0,16.0,16.0,16.0,12.0,12.0,12.0,21.0,10.0,0.0,0.0,0.0,0.0,0.0,0.0,0.0,0.0,0.0,0.0,0.0,0.0,0.0,80.68920733440256,80.68920733440256,0.0,0.0,0.0,80.68920733440256,0.0,0.0,0.0024033333333333334 
 03/03  13:30:00,8.415,59.0,1.595,134.0,251.0,0.0,0.0,0.0,0.0,0.0,0.0,0.0,0.0,0.0,0.0,260.0,0.0,1097.77660195292,55.05046136498664,141.06553271414587,32.916520153407819,876.1262341423465,0.0,55.05046136498661,75.2581543231223,0.0,0.0,17.150985474396124,161.39715248982976,18.99489432086547,-621.4310939595962,17.079379517749236,75.70408122370282,17.217476330166919,-5.726477239095857,14.242980219024253,30.39991238390263,18.653647968259479,-308.7764351429337,15.84869983089462,161.37960071888029,14.658942520917473,57.24530865432075,15.40422352124978,75.50519893834098,266.021135220386,165.37671545839567,0.0,0.0,0.0,0.0,0.0,0.0,0.0,0.0,0.0,0.0,0.0,0.0,0.0,0.0,0.0,0.0,0.0,0.0,0.0,0.0,0.0,0.0,0.7945467466261723,0.24253563694327608,240.36089763865659,278.67683340216038,4318.9905680501919,0.08029660193841694,0.012255281126132013,238.23184321938758,275.84338215129506,4445.43558704509,1.6405602928298045,0.3100076139134174,180.15260836699938,209.08713487067014,3150.5715705866607,0.2005858846962647,0.03790360632960405,96.72903054673989,112.2811351046801,1670.3952260440063,0.0,0.0,8.861128516947579,10.383598406153622,105.81265862211638,0.0,0.0,87.3241987083949,101.02214391242538,1665.3708222775179,0.0,0.0,248.58526052408923,289.37160942389627,3889.01095581047,0.0,0.0,30.056195867917663,35.172947817305097,381.53593686967147,0.0,0.0,121.54161868226969,141.892845007127,1704.8808067545668,24.834155669419503,17.03302857984877,211.42968359076068,245.92863412677193,3810.546830811013,0.0,0.0,142.9030607931441,166.65972214407473,2090.750748688791,0.0,17.555553522681799,36.56851668919971,22.0,30.0,0.0,17.94845303991682,35.54108965230592,16.0,30.0,0.0,17.25062099944573,37.3489253463785,22.0,30.0,0.0,17.199324321873193,37.62380401013338,16.0,30.0,0.0,14.424350455686512,45.77269657775938,12.0,30.0,0.0,18.150075548887647,35.94924667911897,16.0,30.0,0.0,16.347583544453227,40.25779750597472,10.0,30.0,0.0,14.813256272680924,44.59965203466911,12.0,30.0,0.0,15.504443593193717,42.63625261294063,12.0,30.0,0.0,16.62973012465559,0.0,0.0,0.0,15.804808818388417,0.0,0.0,488.68638681294899,486.01336798884889,489.8469261323388,492.4851684729433,516.9353813991068,511.42359318419468,510.47652899631449,515.3052196515713,514.5424056394309,0.0,80.68920733440256,80.68920733440256,60.0,0.0,60.0,60.0,16.0,16.0,16.0,12.0,12.0,12.0,21.0,10.0,0.0,0.0,0.0,0.0,0.0,0.0,0.0,0.0,0.0,0.0,0.0,0.0,0.0,80.68920733440256,80.68920733440256,0.0,0.0,0.0,80.68920733440256,0.0,0.0,0.0023966666666666669 
 03/03  13:40:00,8.383333333333333,59.0,1.63,134.66666666666667,248.66666666666669,0.0,0.0,0.0,0.0,0.0,0.0,0.0,0.0,0.0,0.0,260.0,0.0,1105.7730324558916,55.07152100935927,141.11947807188217,33.15628616097563,882.5080666802331,0.0,55.071521009359248,75.28694445361144,0.0,0.0,17.120573034496645,141.97530510203525,18.97130518129999,-571.1486214607758,17.05968800405288,80.82218218062008,17.20917049059304,-8.555288710680543,14.259048196416526,30.47256910457719,18.631051125168278,-298.8963837410788,15.860640943142148,158.43581066269963,14.65810628211721,58.980270398717497,15.432475764763423,72.97799107627952,250.52297826026644,161.34845912543097,0.0,0.0,0.0,0.0,0.0,0.0,0.0,0.0,0.0,0.0,0.0,0.0,0.0,0.0,0.0,0.0,0.0,0.0,0.0,0.0,0.0,0.0,0.7959801233215864,0.2429731756170899,222.47443852705423,258.03120142620926,3987.237411096813,0.092380306610496,0.014099558395985349,219.84302172112627,254.58813819564808,4117.098066686981,1.676795420438754,0.3168547657669604,183.0834266679154,212.53047602012104,3208.421004144912,0.20051002698324278,0.03788927191671253,87.26017733016032,101.30832195470836,1511.2343255578535,0.0,0.0,8.835460238299941,10.354783695295609,106.16425689673254,0.0,0.0,85.84949565123867,99.33864618716638,1638.7495549840017,0.0,0.0,245.17667371202686,285.4390575932573,3853.9104835501946,0.0,0.0,30.248891798151964,35.402761698511138,386.2512018771928,0.0,0.0,119.05481310295684,138.994944008209,1684.4794717399678,24.703961582072524,16.94373222364371,193.14856204484313,224.7472035818192,3501.92808404925,0.0,0.0,140.47889390899,163.84818565780533,2067.9394113743348,0.0,17.49467490475445,36.6204560874903,22.0,30.0,0.0,17.949222002581288,35.45542374959067,16.0,30.0,0.0,17.235111927865519,37.31636729031297,22.0,30.0,0.0,17.189687979596785,37.549796882471778,16.0,30.0,0.0,14.429646365189698,45.69093764560324,12.0,30.0,0.0,18.12530243273977,35.94684974444215,16.0,30.0,0.0,16.352847524959228,40.17871425147108,10.0,30.0,0.0,14.818836838087718,44.51480166267345,12.0,30.0,0.0,15.534274779471583,42.48764257100764,12.0,30.0,0.0,16.568031927701616,0.0,0.0,0.0,15.81826439310994,0.0,0.0,487.4361193023475,484.6877802654792,489.0755717214437,491.53528552399976,514.8018210143873,509.58335342805386,508.54858816716156,513.1497381458664,512.431331082314,0.0,80.68920733440256,80.68920733440256,60.0,0.0,60.0,60.0,16.0,16.0,16.0,12.0,12.0,12.0,21.0,10.0,0.0,0.0,0.0,0.0,0.0,0.0,0.0,0.0,0.0,0.0,0.0,0.0,0.0,80.68920733440256,80.68920733440256,0.0,0.0,0.0,80.68920733440256,0.0,0.0,0.0023899999999999999 
 03/03  13:50:00,8.351666666666667,59.0,1.665,135.33333333333335,246.33333333333332,0.0,0.0,0.0,0.0,0.0,0.0,0.0,0.0,0.0,0.0,260.0,0.0,1112.4694960007392,55.0757553945338,141.1303080435888,33.35707310866641,887.8524074479758,0.0,55.07575539453377,75.2927331791739,0.0,0.0,17.121471179743254,154.5241323615046,18.928197908151259,-610.6494921838066,17.02869852145541,67.82801461928011,17.20140802151349,-8.508347595129635,14.28068730806543,29.90541994459062,18.62352357867529,-292.97737304750037,15.867750222156367,154.31929160257733,14.656452836832841,59.64543755197576,15.456484039216067,69.00305258286744,264.4450583101616,156.91937142198277,0.0,0.0,0.0,0.0,0.0,0.0,0.0,0.0,0.0,0.0,0.0,0.0,0.0,0.0,0.0,0.0,0.0,0.0,0.0,0.0,0.0,0.0,0.8197870768956549,0.25024025546265418,237.28320138192124,275.24194597936579,4270.037901587923,0.08848560359803713,0.013505128754279172,235.35143985495993,272.6483822127163,4394.590605159322,1.68282165858992,0.31799351069348466,170.54985576013542,198.0371224158965,2989.03300504991,0.19866254335502857,0.03754016314342942,82.5721416556715,95.88209865205906,1434.1919484600983,0.0,0.0,8.714108393152742,10.213495203780026,105.50721542276897,0.0,0.0,85.22583747873552,98.63470180817289,1630.5942409692546,0.0,0.0,241.33886090652028,281.0134848571496,3807.910494697497,0.0,0.0,30.24924030310371,35.40788682152041,388.34307957482727,0.0,0.0,116.68979549495698,136.24233746568422,1663.6568347045696,24.55084384875081,16.838713202161054,208.90295873560536,243.07912133144454,3785.9412528562986,0.0,0.0,138.04839635136947,161.03023075541138,2043.8701842683052,0.0,17.50044563396744,36.517609897788798,22.0,30.0,0.0,17.886645908785643,35.4745964406996,16.0,30.0,0.0,17.19567760748603,37.31904969477513,22.0,30.0,0.0,17.18125522628653,37.49908810948729,16.0,30.0,0.0,14.443934254032257,45.580570745276677,12.0,30.0,0.0,18.11454282723726,35.908935761227,16.0,30.0,0.0,16.35027541583037,40.11730377111064,10.0,30.0,0.0,14.821301603415832,44.435570911059688,12.0,30.0,0.0,15.557178166646772,42.35600553385567,12.0,30.0,0.0,16.608896704899853,0.0,0.0,0.0,15.828967801686732,0.0,0.0,485.934751324904,483.05383561359636,487.7975857696112,490.6469293419964,512.7710795109281,507.6096344454872,506.75072619729328,511.18058352445726,510.5027877294025,0.0,80.68920733440256,80.68920733440256,60.0,0.0,60.0,60.0,16.0,16.0,16.0,12.0,12.0,12.0,21.0,10.0,0.0,0.0,0.0,0.0,0.0,0.0,0.0,0.0,0.0,0.0,0.0,0.0,0.0,80.68920733440256,80.68920733440256,0.0,0.0,0.0,80.68920733440256,0.0,0.0,0.0023899999999999999 
 03/03  14:00:00,8.32,59.0,1.7,136.0,244.0,0.0,0.0,0.0,0.0,0.0,0.0,0.0,0.0,0.0,0.0,260.0,0.0,1117.9510391478328,55.06169505598216,141.09425729589473,33.52143108552688,892.2271313005074,0.0,55.061695055982138,75.27351163039269,0.0,0.0,17.0954706118018,136.0961007911119,18.928231633096247,-556.5437793920946,17.008052446099783,78.29808853380291,17.18967733072315,-15.956749640207932,14.306497714580243,29.600341345204045,18.623143562644075,-292.16981948294235,15.88135951470776,155.25253933226123,14.654757040187218,60.45009640581554,15.477315927893791,65.49282193988393,246.81203589239068,150.8119627001297,0.0,0.0,0.0,0.0,0.0,0.0,0.0,0.0,0.0,0.0,0.0,0.0,0.0,0.0,0.0,0.0,0.0,0.0,0.0,0.0,0.0,0.0,0.8207001551628151,0.2505189728824222,219.4487517795612,254.63919791825965,3942.563312421323,0.09977294066935094,0.015227860297519986,217.05534302099773,251.46759361480955,4077.17979915923,1.715365078886085,0.32414306101399956,175.49914611473347,203.8265557715619,3080.925796928551,0.20235710091243062,0.03823830327143435,12.709587736058762,14.760877035368173,224.14417479197025,0.0,0.0,8.716900975532772,10.217473021678924,106.45243261102429,0.0,0.0,84.85823379391167,98.22509550628787,1628.1455458964495,0.0,0.0,239.15575976340984,278.4997110002445,3794.473742897406,0.0,0.0,30.368102034967924,35.55189546253318,391.89857663801839,0.0,0.0,114.39221390306062,133.57013264287725,1642.3352383563448,24.3928773165425,16.730368529864547,190.71982937637999,222.00537150996159,3476.253366330825,0.0,0.0,135.72234915109918,158.333576350056,2020.9572481694796,0.0,17.448265797790794,36.521483338200287,22.0,30.0,0.0,17.91076556243638,35.362451810142427,16.0,30.0,0.0,17.177995274547027,37.27039494238978,22.0,30.0,0.0,17.164326746635486,37.5928925729065,16.0,30.0,0.0,14.464730287578654,45.44835153172346,12.0,30.0,0.0,18.10908376835307,35.85948125008006,16.0,30.0,0.0,16.36258843479433,40.00965613298055,10.0,30.0,0.0,14.82263240616167,44.35948339116653,12.0,30.0,0.0,15.575733603421128,42.236590678219368,12.0,30.0,0.0,16.545445136026634,0.0,0.0,0.0,15.839715071917976,0.0,0.0,484.39691772858756,482.55862483966987,486.28103721811626,492.7842006368606,510.8093630303429,505.85436670556438,504.8036734394711,509.2478194622331,508.5997542124241,0.0,80.68920733440256,80.68920733440256,60.0,0.0,60.0,60.0,16.0,16.0,16.0,12.0,12.0,12.0,21.0,10.0,0.0,0.0,0.0,0.0,0.0,0.0,0.0,0.0,0.0,0.0,0.0,0.0,0.0,80.68920733440256,80.68920733440256,0.0,0.0,0.0,80.68920733440256,0.0,0.0,0.0023899999999999999 
 03/03  14:10:00,8.34,59.0,1.7466666666666667,136.66666666666669,241.66666666666669,0.0,0.0,0.0,0.0,0.0,0.0,0.0,0.0,0.0,0.0,260.0,0.0,1122.3128552837589,55.02743506780511,141.00644465238944,33.652214428172047,895.7082111657778,0.0,55.02743506780508,75.2266756291421,0.0,0.0,17.10669336282519,153.36910064300629,18.894721866967595,-609.9084989446519,16.97990880882802,68.75422848848666,17.179977144443855,-14.517221178489763,14.334974120989152,28.905479560072025,18.629953276936126,-288.64064453349376,15.887764296945083,150.7842589071206,14.653076146858265,61.19579525828135,15.496670566478997,63.42811395447643,259.48164802186877,147.76571719041568,0.0,0.0,0.0,0.0,0.0,0.0,0.0,0.0,0.0,0.0,0.0,0.0,0.0,0.0,0.0,0.0,0.0,0.0,0.0,0.0,0.0,0.0,0.8335461157812493,0.25444020628243266,238.7744537318144,277.0853444743493,4291.541243184471,0.09064872340113883,0.013835275244374059,237.2848966377742,275.0102956831837,4421.619216505944,1.7242234702421662,0.3258169822831003,166.8984810394317,193.89462526754643,2914.2751270549294,0.1995458752488259,0.037707081490707828,12.13937939171863,14.101301110140012,213.4734225415751,0.0,0.0,8.583523847859876,10.0619319776782,104.90535903450928,0.0,0.0,84.57980558634024,97.9177824729303,1620.3603208679975,0.0,0.0,237.10885286260177,276.16392148907479,3752.208251061293,0.0,0.0,30.423972611135768,35.623112516335449,391.49485699351188,0.0,0.0,113.61598813124656,132.67769464015889,1630.7117001507855,24.185784388977404,16.588329484895345,211.2555425258269,245.90519795988792,3819.2598306408297,0.0,0.0,134.94475772988987,157.4416581482977,2009.5378028901437,0.0,17.47376149656478,36.39752119590032,22.0,30.0,0.0,17.851656257620986,35.349445220198848,16.0,30.0,0.0,17.14342234522496,37.23705571182992,22.0,30.0,0.0,17.152764840924186,37.63309856623912,16.0,30.0,0.0,14.489147613975936,45.303562748892748,12.0,30.0,0.0,18.112995683566966,35.78182041673146,16.0,30.0,0.0,16.36035157531308,39.94246065939191,10.0,30.0,0.0,14.822986155042218,44.28529396396063,12.0,30.0,0.0,15.592950641061759,42.11900264523688,12.0,30.0,0.0,16.596990350166828,0.0,0.0,0.0,15.859717581166775,0.0,0.0,483.6627913577064,480.29386973051717,484.73982552767486,493.6835406763006,508.89608876869496,503.9220333608122,503.1245023279777,507.41411677850399,506.77142637834268,0.0,80.68920733440256,80.68920733440256,60.0,0.0,60.0,60.0,16.0,16.0,16.0,12.0,12.0,12.0,21.0,10.0,0.0,0.0,0.0,0.0,0.0,0.0,0.0,0.0,0.0,0.0,0.0,0.0,0.0,80.68920733440256,80.68920733440256,0.0,0.0,0.0,80.68920733440256,0.0,0.0,0.0023899999999999999 
 03/03  14:20:00,8.360000000000002,59.0,1.7933333333333335,137.33333333333332,239.33333333333332,0.0,0.0,0.0,0.0,0.0,0.0,0.0,0.0,0.0,0.0,260.0,0.0,1125.6640715326069,54.97053703476207,140.8606219534764,33.752695269292178,898.3827403362707,0.0,54.970537034762049,75.14889170426187,0.0,0.0,17.078140617012104,128.6180546872065,18.90804716998843,-547.3949230547814,16.967814221088884,87.45205980361243,17.171015762737235,-15.0273799182105,14.365940849927128,28.636588026331368,18.63905463812427,-290.5926592385854,15.903055481988723,153.21535159727683,14.652562749753399,62.65430891062772,15.5154595104202,62.305211130732917,235.1853885541559,140.69894533846219,0.0,0.0,0.0,0.0,0.0,0.0,0.0,0.0,0.0,0.0,0.0,0.0,0.0,0.0,0.0,0.0,0.0,0.0,0.0,0.0,0.0,0.0,0.8156324968328182,0.24897206863028643,221.08608957505673,256.6579785340781,3941.083006982143,0.10005944297978725,0.015271587756377787,214.39406092173847,248.48426800451896,4004.4493061489667,1.7959354454919415,0.33936799801435038,193.59924031573636,224.95172599923974,3369.0995170850685,0.1992473638864991,0.037650673447940107,28.018776874018028,32.55421051937128,486.58149083968677,0.0,0.0,8.610070106452307,10.093731714197105,105.37078872864694,0.0,0.0,84.51174791458011,97.8539130263424,1616.6092693363267,0.0,0.0,236.0199148291639,274.92506346309798,3733.940008870061,0.0,0.0,30.599824542423894,35.83471174391561,392.7175105947364,0.0,0.0,111.85835721032895,130.63905600729158,1605.0042512053986,23.96729876334225,16.438476518067394,193.02403212368635,224.77772031647667,3482.007555240256,0.0,0.0,133.18793994196248,155.4078869669929,1983.0786451147199,0.0,17.41395822352457,36.39551874222812,22.0,30.0,0.0,17.89313382203518,35.220406211356607,16.0,30.0,0.0,17.14150755223153,37.20023733765309,22.0,30.0,0.0,17.14202822833743,37.5057152625797,16.0,30.0,0.0,14.51709947299492,45.144986514812497,12.0,30.0,0.0,18.116873361761596,35.70672262816007,16.0,30.0,0.0,16.377404263470838,39.82395880435161,10.0,30.0,0.0,14.824885087186815,44.199447242069698,12.0,30.0,0.0,15.61012936083406,41.99535298488257,12.0,30.0,0.0,16.524774446392855,0.0,0.0,0.0,15.877942328041027,0.0,0.0,481.53284074437547,479.5862961741743,484.43126532415467,490.7811016186441,507.03038472802509,502.25204007002528,501.37795095013368,505.50041715974779,504.8833720250203,0.0,80.68920733440256,80.68920733440256,60.0,0.0,60.0,60.0,16.0,16.0,16.0,12.0,12.0,12.0,21.0,10.0,0.0,0.0,0.0,0.0,0.0,0.0,0.0,0.0,0.0,0.0,0.0,0.0,0.0,80.68920733440256,80.68920733440256,0.0,0.0,0.0,80.68920733440256,0.0,0.0,0.0023933333333333334 
 03/03  14:30:00,8.379999999999999,59.0,1.8399999999999999,138.0,237.0,0.0,0.0,0.0,0.0,0.0,0.0,0.0,0.0,0.0,0.0,260.0,0.0,1128.132903674919,54.887898314912,140.64883894650766,33.82671810514836,900.3530465522656,0.0,54.88789831491197,75.03591830899262,0.0,0.0,17.102362624480266,155.15029741936633,18.874954842073053,-618.2281237740808,16.94074874121877,70.59202647364055,17.16410766660078,-13.44138954376757,14.398250892154941,27.876402834369658,18.653167136005455,-287.77611044514199,15.908879026025886,148.25488158440386,14.652726725418557,63.67058911306151,15.534046871280392,61.93391032598538,252.67607614157169,137.62209379524757,0.0,0.0,0.0,0.0,0.0,0.0,0.0,0.0,0.0,0.0,0.0,0.0,0.0,0.0,0.0,0.0,0.0,0.0,0.0,0.0,0.0,0.0,0.8380292593053856,0.25580868721165619,242.55538902647914,281.5779336698229,4337.252878557924,0.08893279338274402,0.013573381163422469,241.58231980680749,280.10864010169197,4472.004170506701,1.7844781345470624,0.3372029732704201,167.046302337822,194.15795727245669,2893.5599060706656,0.19832787670274597,0.037476923035288347,11.437040748365146,13.290670995681536,200.05518011404247,0.0,0.0,8.450702983267503,9.90752279567633,103.58286997031914,0.0,0.0,84.39544433826568,97.73162170647217,1613.1759009159828,0.0,0.0,234.36674355904956,273.04755007136199,3697.9076080462407,0.0,0.0,30.62072038280226,35.864832103125319,391.9684645420841,0.0,0.0,111.68088429480395,130.4453618798307,1602.102606182926,23.726138958455896,16.27307198796701,216.0702854354385,251.59257825758517,3872.0577880985958,0.0,0.0,132.99525469547297,155.19403647961583,1982.283734456024,0.0,17.464497871628738,36.233893782092248,22.0,30.0,0.0,17.82537040213148,35.28048909676589,16.0,30.0,0.0,17.10636211156369,37.120082577999308,22.0,30.0,0.0,17.135061653601558,37.533395625194859,16.0,30.0,0.0,14.546519094596095,44.981436277985959,12.0,30.0,0.0,18.128497107445967,35.61085202873852,16.0,30.0,0.0,16.374727230492629,39.74942562121231,10.0,30.0,0.0,14.827189250348824,44.11240910370004,12.0,30.0,0.0,15.627888182541338,41.87095227783182,12.0,30.0,0.0,16.596688376423339,0.0,0.0,0.0,15.905453231530796,0.0,0.0,480.61608974041578,478.3420887499524,481.8446578208481,491.3684766139619,505.24265217158946,500.45373005662898,499.6615783582244,503.7550344040571,503.16609587779785,0.0,80.68920733440256,80.68920733440256,60.0,0.0,60.0,60.0,16.0,16.0,16.0,12.0,12.0,12.0,21.0,10.0,0.0,0.0,0.0,0.0,0.0,0.0,0.0,0.0,0.0,0.0,0.0,0.0,0.0,80.68920733440256,80.68920733440256,0.0,0.0,0.0,80.68920733440256,0.0,0.0,0.0023966666666666669 
 03/03  14:40:00,8.4,59.0,1.8866666666666668,132.33333333333332,213.0,0.0,0.0,0.0,0.0,0.0,0.0,0.0,0.0,0.0,0.0,260.0,0.0,1045.3554968796673,52.24816106838282,133.88452710304618,31.344661582403245,834.2891033182737,0.0,52.2481610683828,71.42719736195729,0.0,0.0,17.063636181859246,118.33252662779887,18.863658183351335,-529.4104482469502,16.935236659726063,97.00839942991934,17.146905268769819,-24.5386096634586,14.423711579151579,27.885481930809307,18.629897735550985,-288.3121658661471,15.927339236727468,152.76053265218344,14.65327197825582,65.53182749094958,15.551009658289232,62.05876554762426,231.93468985073015,130.2370210885856,0.0,0.0,0.0,0.0,0.0,0.0,0.0,0.0,0.0,0.0,0.0,0.0,0.0,0.0,0.0,0.0,0.0,0.0,0.0,0.0,0.0,0.0,0.816885553261941,0.249354564487772,225.14377700426054,261.48456207994198,3982.4888507889747,0.10235082152033044,0.01562130975585019,210.70459506489986,244.30631660464065,3911.7476711055558,1.8680026970235908,0.35298614834157057,216.4970520719875,251.66237779075983,3738.938331020441,0.20045226928429545,0.037878357763472297,29.453021974673989,34.23613989186741,507.4411927745301,0.0,0.0,8.515656811885622,9.984559122205605,104.42264770276694,0.0,0.0,84.45706683733046,97.82272689200676,1609.627908775462,0.0,0.0,233.75939849836164,272.3625914813179,3690.443261716592,0.0,0.0,30.822781801962397,36.1069822390952,393.63358547181698,0.0,0.0,109.86436083713736,128.3371528353023,1575.6436591206849,23.484260525033176,16.107174571353349,208.02416124885733,242.31471552402196,3704.425706905861,0.0,0.0,131.17361552564348,153.08337047867935,1955.2575672208498,0.0,17.381030253628695,36.33696828536265,22.0,30.0,0.0,17.871802230684826,35.14643589048912,16.0,30.0,0.0,17.117015383673377,37.11628681559013,22.0,30.0,0.0,17.11167785901136,37.35005825833533,16.0,30.0,0.0,14.56866491631606,44.83466296397059,12.0,30.0,0.0,18.118107704049256,35.56565521643574,16.0,30.0,0.0,16.398812033524967,39.61183741562502,10.0,30.0,0.0,14.83121787148099,44.01844820348844,12.0,30.0,0.0,15.64540736416399,41.74469637861283,12.0,30.0,0.0,16.53965716929872,0.0,0.0,0.0,15.925339710493255,0.0,0.0,479.43926037201399,477.93207775559719,482.22685255600046,487.00880197397097,503.4630545153464,498.85751002674189,497.9292670258175,502.0086445200788,501.4299235817926,0.0,80.68920733440256,80.68920733440256,60.0,0.0,60.0,60.0,16.0,16.0,16.0,12.0,12.0,12.0,21.0,10.0,0.0,0.0,0.0,0.0,0.0,0.0,0.0,0.0,0.0,0.0,0.0,0.0,0.0,80.68920733440256,80.68920733440256,0.0,0.0,0.0,80.68920733440256,0.0,0.0,0.0024000000000000004 
 03/03  14:50:00,8.42,59.0,1.9333333333333334,126.66666666666667,189.00000000000004,0.0,0.0,0.0,0.0,0.0,0.0,0.0,0.0,0.0,0.0,260.0,0.0,961.4815181751365,49.6251496583758,127.163078143883,28.829725494573155,767.3500043719972,0.0,49.625149658375779,67.8413419015129,0.0,0.0,17.09821603996305,155.2590167087983,18.783667878573789,-596.5072405721267,16.90469770924392,70.19300157424641,17.13770550448632,-12.259370396706686,14.445355609292005,27.264292997203229,18.59534565818697,-278.18079049954715,15.928668298776675,144.6171631605257,14.653583618146545,66.49569699682081,15.567287621248124,62.562625714504978,245.7317668785272,130.54779719430827,0.0,0.0,0.0,0.0,0.0,0.0,0.0,0.0,0.0,0.0,0.0,0.0,0.0,0.0,0.0,0.0,0.0,0.0,0.0,0.0,0.0,0.0,0.8458380708509798,0.2581923293195909,244.76345090212903,284.2465851725646,4353.118205397145,0.08913023428497367,0.013603515611259719,244.27393741757974,283.36888887869648,4483.128147871084,1.84763596644319,0.3491375597965213,165.09968833604308,191.98031404360115,2838.672612041431,0.20047703866598133,0.03788303829667068,11.731751964549531,13.639108688616492,203.66780572973193,0.0,0.0,8.306593336089444,9.740509540630164,101.80014822590555,0.0,0.0,83.8796820367011,97.17546897186254,1593.063714852544,0.0,0.0,231.84377580921697,270.186128619489,3646.401528911616,0.0,0.0,30.796354243251213,36.08162568653083,392.3316922669324,0.0,0.0,110.26298272288369,128.816520158969,1580.9325811899685,23.18347342793055,15.900873407359779,219.39075605299593,255.53816818901513,3901.0515231111464,0.0,0.0,131.54380657944908,153.52892062849163,1961.587705594315,0.0,17.452396051149138,36.13453680972739,22.0,30.0,0.0,17.780316996486783,35.21777825344613,16.0,30.0,0.0,17.073854311573255,37.06005601771813,22.0,30.0,0.0,17.108021736062477,37.39365639028297,16.0,30.0,0.0,14.584512001562177,44.70659259775968,12.0,30.0,0.0,18.10227062499698,35.529135802215758,16.0,30.0,0.0,16.387067701519326,39.57169246675385,10.0,30.0,0.0,14.834517457407847,43.921576958046937,12.0,30.0,0.0,15.66280398292909,41.61503431505747,12.0,30.0,0.0,16.601141747281955,0.0,0.0,0.0,15.94794348433026,0.0,0.0,478.8251017458266,475.63167340149126,479.69005185841339,487.82902257198148,501.7413726199641,497.0906382042896,496.5381869064278,500.28743072676289,499.71350687742378,0.0,80.68920733440256,80.68920733440256,60.0,0.0,60.0,60.0,16.0,16.0,16.0,12.0,12.0,12.0,21.0,10.0,0.0,0.0,0.0,0.0,0.0,0.0,0.0,0.0,0.0,0.0,0.0,0.0,0.0,80.68920733440256,80.68920733440256,0.0,0.0,0.0,80.68920733440256,0.0,0.0,0.0024266666666666665 
 03/03  15:00:00,8.44,59.0,1.98,121.0,165.0,0.0,0.0,0.0,0.0,0.0,0.0,0.0,0.0,0.0,0.0,260.0,0.0,810.2768382693176,46.30294210828765,118.64998279219455,24.29591442085373,646.6750265696891,0.0,46.30294210828763,63.29963230819429,0.0,0.0,17.037421689844498,99.52474133335545,18.73387289498036,-482.0981617142188,16.903364153644089,104.78862626973296,17.119444512403477,-23.224063711176656,14.458029952818699,27.523063274403826,18.520836616869969,-273.110485672677,15.944793991970496,149.27086171563134,14.654050638670622,68.0423613279911,15.58144036304542,61.72279774868093,223.9605191134615,124.98065958070083,0.0,0.0,0.0,0.0,0.0,0.0,0.0,0.0,0.0,0.0,0.0,0.0,0.0,0.0,0.0,0.0,0.0,0.0,0.0,0.0,0.0,0.0,0.819446663431943,0.25013634414894478,229.24163256447165,266.38733433345018,4012.135363215946,0.1079667925993071,0.016478448198917446,200.81671144823683,232.96025411956448,3693.328899705217,1.9539147892583136,0.3692204817192582,221.1765555354471,257.20871934200587,3793.7772915791858,0.20293104392143133,0.03834675811062571,29.51552367163311,34.32336545555489,504.899348746555,0.0,0.0,8.400544865254167,9.852129624585114,102.72024434690164,0.0,0.0,83.35942545208052,96.60374768080679,1572.9654330809663,0.0,0.0,230.57626366291147,268.73517478277196,3626.8656834770329,0.0,0.0,30.979737766511197,36.302019267051807,393.73877866773668,0.0,0.0,107.74176191057234,125.88551119642405,1543.8327085154998,22.899069366176627,15.705808893125264,212.48688332376089,247.5941183632676,3748.4450306418646,0.0,0.0,128.96990366433026,150.54927467360646,1918.59257560688,0.0,17.322165286155177,36.30958736591747,22.0,30.0,0.0,17.818233209725354,35.15793223736037,16.0,30.0,0.0,17.092654756068844,37.032808105996739,22.0,30.0,0.0,17.085734592616129,37.25028849473815,16.0,30.0,0.0,14.589813626825706,44.60852660100187,12.0,30.0,0.0,18.05670899053074,35.569929935714409,16.0,30.0,0.0,16.40732609554314,39.437897413303847,10.0,30.0,0.0,14.838505124419083,43.82444639681648,12.0,30.0,0.0,15.677630602627268,41.495772187268659,12.0,30.0,0.0,16.538288024151183,0.0,0.0,0.0,15.948706459286877,0.0,0.0,476.73762572001507,476.05087909854526,480.1225136234027,484.16507835888987,500.0784665160445,495.73800013714307,494.81102616282319,498.556200590626,498.03288791284089,0.0,80.68920733440256,80.68920733440256,60.0,0.0,60.0,60.0,16.0,16.0,16.0,12.0,12.0,12.0,21.0,10.0,0.0,0.0,0.0,0.0,0.0,0.0,0.0,0.0,0.0,0.0,0.0,0.0,0.0,80.68920733440256,80.68920733440256,0.0,0.0,0.0,80.68920733440256,0.0,0.0,0.0024533333333333336 
 03/03  15:10:00,8.388333333333334,59.333333333333339,1.9833333333333335,115.33333333333334,141.0,0.0,0.0,0.0,0.0,0.0,0.0,0.0,0.0,0.0,0.0,2610.0,0.0,726.8204597786726,43.683091029533638,111.93664127617702,21.793501212718608,580.0692244995021,0.0,43.683091029533617,59.71809726017251,0.0,0.0,18.20440075384753,-749.1820961692952,18.883430940012958,317.8641341477519,18.42923290928097,-2125.355944104627,17.443819874197904,1006.492448431982,14.473986130060388,34.335004683697039,18.47133610597389,-219.0755930685017,16.078675572505575,347.7949523402066,14.659962239495347,83.45184277810002,16.2630118362974,-65.1815789845719,488.73579349905028,131.9246715011426,0.0,0.0,0.0,0.0,0.0,0.0,0.0,0.0,0.0,0.0,0.0,0.0,0.0,0.0,0.0,0.0,0.0,0.0,0.0,0.0,0.0,0.0,0.9179350309557812,0.2801999483992006,331.97191212212825,384.3841213481736,7038.072631956517,0.23803596757794699,0.036330275881860048,276.9809685185633,321.73430786770157,5375.3284620005829,1.2595148289131147,0.2380035579956756,487.5304094244536,563.8113680086459,10654.693118199018,0.2925479293714685,0.05528116579203862,369.21077270655817,429.4943363176104,6863.767362767336,0.0,0.0,9.65929902867834,11.367512911335926,119.23774978330977,0.0,0.0,75.69235775890205,88.04579119517939,1434.4799444851608,0.0,0.0,182.79853958253447,213.67490544829446,2977.478028530181,0.0,0.0,38.280822830280538,45.00967174111159,491.54485163903078,0.0,0.0,76.83229971267474,89.80496196260764,1265.5725662420194,24.45320140855479,16.771743078569825,637.3232021313036,742.3137791413695,11815.399022199328,0.0,0.0,79.23006130597327,92.85542589070272,1188.180019580227,2016.2368689848843,19.0718144780869,32.551927846521397,21.999999999999998,30.0,0.0,18.22232012187175,34.30158239503024,15.999999999999999,30.0,4472.188392850285,19.356407981366578,31.975581547425759,21.999999999999998,30.0,0.0,17.754760661224795,35.41063407498613,15.999999999999999,30.0,0.0,14.598772209901583,44.49327716066577,12.0,30.0,0.0,18.05025385885618,35.430707522868839,15.999999999999999,30.0,0.0,16.66218565508629,38.488743474228908,10.0,30.0,0.0,14.854557670536487,43.69693759490206,12.0,30.0,979.8503663973697,16.739918503642806,38.57137616082224,16.4,30.0,0.0,17.373443808080326,0.0,0.0,0.0,15.954883959364519,0.0,0.0,476.83199988909646,476.6921238119088,476.4115253163096,478.04649287874278,498.3828505353517,492.41560142605,488.7222578834948,497.00218034230758,493.8629966719516,10574.217896712442,81.01293261219988,85.24173749231145,60.0,0.0,60.0,60.0,16.0,16.0,16.0,16.0,12.0,12.0,21.0,10.0,1.0,0.0,2016.2368689848843,0.0,4472.188392850285,0.0,0.0,0.0,0.0,979.8503663973697,6399.707505327319,3839824.5031963915,5010568.235686176,81.01293261219988,85.3135566378445,0.34932358351091066,0.7658217232884055,0.3602813740196596,85.3135566378445,0.3542647819438876,5010568.235686176,0.26302954825568128 
 03/03  15:20:00,8.336666666666666,59.66666666666667,1.9866666666666669,109.66666666666667,117.0,0.0,0.0,0.0,0.0,0.0,0.0,0.0,0.0,0.0,0.0,783.0,0.0,643.7790258497699,41.09130651436256,105.29522411404706,19.303530683848654,513.7945936296209,0.0,41.091306514362539,56.17493133242824,0.0,0.0,18.99192738264434,-1291.4321874223929,19.40692490304593,382.03289553301559,19.360671029469328,-3323.860847434582,18.250069690229777,812.4027315242781,14.501070361692229,39.99191495393694,18.447446788604038,-157.85303267591775,16.399710498577897,315.2090927857388,14.678181260090476,86.46011983814928,16.09788186768961,-33.46467085990221,647.3707832526644,201.12967933177957,0.0,0.0,0.0,0.0,0.0,0.0,0.0,0.0,0.0,0.0,0.0,0.0,0.0,0.0,0.0,0.0,0.0,0.0,0.0,0.0,0.0,0.0,1.0223927910403235,0.31208571155077027,406.3002448415659,468.59889042459897,9475.496239992397,0.2941736055060532,0.0448982914386528,338.89183092186729,392.3178175925047,7194.9879217719449,1.2464211133128283,0.23552931090567426,565.0007934769055,650.8026144042754,13623.13090944866,0.3113848999638854,0.05884068404457393,416.27034671139196,482.21357607295786,8728.834205435633,0.0,0.0,10.098255810952703,11.87610472640723,126.26726419901682,0.0,0.0,67.86035001435539,78.87393713779066,1298.8703734253095,0.0,0.0,205.90462357849516,239.94965851497723,3588.185616158855,0.0,0.0,40.64366970639849,47.75492375898129,528.8488614730736,0.0,0.0,85.68366910792349,100.10804457162276,1363.916650152692,25.681743792664208,17.6143647411963,749.4327105091552,870.6790737628298,14956.155741604625,0.0,0.0,100.72190997982011,117.77816708681516,1545.0147919535894,1937.1422633599887,20.294817514432709,30.121186191374649,21.999999999999994,29.99999999999999,0.0,19.196079868303415,32.27964777590445,15.999999999999993,29.99999999999999,4380.302856985092,20.7567509815222,29.249450644194789,21.999999999999994,29.99999999999999,0.0,19.079415168031333,32.49132196814597,15.999999999999993,29.99999999999999,0.0,14.62667752171769,44.19404524819796,11.999999999999995,29.99999999999999,0.0,18.09507326182024,35.11635276851445,15.999999999999993,29.99999999999999,0.0,17.173318189439504,37.11192183903615,9.999999999999997,29.99999999999999,0.0,14.88900246323908,43.42490173952623,11.999999999999995,29.99999999999999,0.0,16.42189479446346,39.18065338025799,15.999999999999993,29.99999999999999,0.0,18.195366326308095,0.0,0.0,0.0,16.036772706512595,0.0,0.0,476.24675960950528,476.87586126265946,475.60069460977356,476.31149223554396,494.5112143697405,487.8874224697313,485.8166279690396,493.899518666929,490.511265748533,8771.208995440727,82.20529171126316,82.20529171126316,59.99999999999998,0.0,59.99999999999998,59.99999999999998,16.0,16.0,16.0,16.0,12.0,12.0,21.0,10.0,1.0,0.0,1937.1422633599887,0.0,4380.302856985092,0.0,0.0,0.0,0.0,0.0,0.0,0.0,0.0,82.20529171126316,82.20529171126316,0.3399999999999999,0.7704072771586203,0.36028137401965945,82.20529171126316,0.35426478194388735,0.0,0.002486666666666667 
 03/03  15:30:00,8.285,60.0,1.99,104.0,93.0,0.0,0.0,0.0,0.0,0.0,0.0,0.0,0.0,0.0,0.0,1044.0,0.0,561.6340962004398,38.53097492116355,98.73440911474779,16.84044221560805,448.23546215656918,0.0,38.53097492116353,52.67476393361532,0.0,0.0,19.489279457537934,-1035.6718298040124,19.78872870819111,499.69165390100627,19.906219177324425,-3060.2852594190828,18.750565773432517,932.8595162946676,14.531047365005336,46.01043990695392,18.438042486501197,-116.5874126536886,16.53108780149981,283.68480814137186,14.703238776601669,103.418159295875,15.965325336614164,30.60537973367218,828.4639915300631,326.5455405298226,0.0,0.0,0.0,0.0,0.0,0.0,0.0,0.0,0.0,0.0,0.0,0.0,0.0,0.0,0.0,0.0,0.0,0.0,0.0,0.0,0.0,0.0,1.140750273032281,0.34821436905747285,420.6909524943875,484.3810058108527,10378.155372658588,0.31730384576983935,0.04842854788916962,346.9998548051533,401.0180831950101,7841.171707907085,1.3979824137088349,0.2641690124166356,583.541479804849,670.9143345124863,14866.299572287859,0.3142386235650651,0.05937993642574925,408.02171702383307,471.6081027394386,9194.542912426057,0.0,0.0,10.300465801665294,12.118892999430866,130.48701469804855,0.0,0.0,62.125037905257908,72.21903393915685,1203.5689075728695,0.0,0.0,266.35490778980599,310.4669371985025,4746.941427560367,0.0,0.0,41.11796878056802,48.33240171078528,542.7576336508679,0.0,0.0,132.4318943587923,154.96287016288844,2067.779404037692,26.831879737339688,18.403209696392108,750.0460594009983,869.3109072589844,16309.35540254083,0.0,0.0,161.57648251841523,189.01109599860406,2556.9029138523508,1823.542281754678,20.970270741085959,28.856543216008484,22.0,30.0,0.0,19.882830510666627,30.89298185412243,16.0,30.0,4105.742317326263,21.41337937224545,28.053666166025118,22.0,30.0,0.0,19.854369703796999,30.917286455598004,16.0,30.0,0.0,14.657791548219315,43.92322603079577,12.0,30.0,0.0,18.16177932822873,34.88359913934244,16.0,30.0,0.0,17.341615160262117,36.64671315002015,10.0,30.0,0.0,14.932794714276785,43.00661658557934,12.0,30.0,0.0,16.190280920509374,39.60058349491903,16.0,30.0,0.0,19.051283267405453,0.0,0.0,0.0,16.277813651667079,0.0,0.0,475.3106060330133,476.0476226632134,474.6128588845202,475.36108592185556,491.3193280705911,486.0166441929608,484.3305679701791,488.7999933698041,487.4510609560609,11838.929644525493,80.17627591188179,87.86934612848171,60.0,0.0,60.0,60.0,16.0,16.0,16.0,16.0,12.0,12.0,21.0,10.0,1.0,0.0,1823.542281754678,0.0,4105.742317326263,0.0,0.0,0.0,0.0,0.0,11641.223031246649,6984733.81874799,9121877.292872834,80.17627591188179,88.0,0.38804076770822168,0.7658280592325932,0.36028137401965956,88.0,0.3542647819438875,9121877.292872834,0.4768309525627207 
 03/03  15:40:00,8.233333333333335,60.33333333333333,1.9933333333333332,97.33333333333334,91.66666666666666,0.0,0.0,0.0,0.0,0.0,0.0,0.0,0.0,0.0,0.0,2610.0,0.0,540.8777867570998,36.13753416759127,92.60128761526335,16.218065807796245,431.66997948757048,0.0,36.137534167591258,49.40274896536008,0.0,0.0,19.86787281010764,-1226.2188707765934,20.1283154553583,549.0417032058682,20.149484998994916,-1845.0752020205958,19.117664213889449,718.7122393212336,14.571614571522856,58.808515101146628,19.251190908805677,-338.325166895933,16.71296685507787,403.41726147754619,15.604543851330098,6.56095436258407,15.933510752599997,129.53642909539574,948.9930782153791,434.45557270310987,0.0,0.0,0.0,0.0,0.0,0.0,0.0,0.0,0.0,0.0,0.0,0.0,0.0,0.0,0.0,0.0,0.0,0.0,0.0,0.0,0.0,0.0,1.1960046086323717,0.36508077186580337,428.13138199138629,492.5693265091409,10983.66918688565,0.30918052636120027,0.04718872502460323,321.0815265893856,370.7601229819798,7613.80581773413,1.7585381905191329,0.3323012453739861,454.29709509839156,522.5161426882844,11847.002546018848,0.30953266052754427,0.05849067659250649,357.17807250984478,412.5473155818914,8419.424102178866,0.0,0.0,11.827229092340394,13.922452257212934,152.08347336545294,0.0,0.0,84.05816780927673,97.31147764543427,1850.0893325079533,0.0,0.0,311.75924076053738,363.30450318405,5759.239317092096,0.0,0.0,25.18892872866747,29.517802895341747,398.3357580139685,0.0,0.0,169.70423071388223,198.76390869983266,2652.181016869525,27.481583907324127,18.848822981703809,672.8457906204445,779.1653053478623,15491.572332810756,0.0,0.0,188.50231608586123,220.56366289620608,3064.0668579491596,1872.08590828797,21.44473573423319,27.935814876810285,22.000000000000005,30.00000000000001,0.0,20.443204670167213,29.75365872935335,16.000000000000005,30.00000000000001,2618.4429361668228,21.56161120854062,27.726582256263766,21.600000000000006,30.00000000000001,0.0,20.353640174771109,29.896656770399493,16.000000000000005,30.00000000000001,0.0,14.701964653992205,43.611696715824397,12.000000000000004,30.00000000000001,1448.6672021167822,19.440019043933085,32.10489794213492,19.900000000000007,30.00000000000001,0.0,17.624843360028998,35.845907207431448,10.000000000000004,30.00000000000001,994.9359039801844,16.426866714934559,38.929364784215398,16.800000000000006,30.00000000000001,0.0,16.139569777203456,39.52251038237514,16.000000000000005,30.00000000000001,0.0,19.5954228617134,0.0,0.0,0.0,16.450344807235049,0.0,0.0,473.0816634884583,474.03432953846939,472.66242747994519,473.555219777599,488.0943210863884,483.2749925748544,481.2367941270462,485.3517542535334,483.6367389882219,10511.21243415792,81.05460815949545,84.5616177261233,60.00000000000002,0.0,60.00000000000002,60.00000000000002,16.0,16.0,19.0,16.0,16.0,12.0,21.0,10.0,1.0,0.0,1872.08590828797,0.0,2618.4429361668228,0.0,1448.6672021167822,0.0,994.9359039801844,0.0,5307.396963077754,3184438.1778466508,4159491.360818538,81.05460815949545,84.62117839103742,0.34691323210259186,0.7670233445796575,0.3602813740196597,84.62117839103742,0.3542647819438877,4159491.360818538,0.21879355076256402 
 03/03  15:50:00,8.181666666666669,60.666666666666667,1.9966666666666667,90.66666666666667,90.33333333333334,0.0,0.0,0.0,0.0,0.0,0.0,0.0,0.0,0.0,0.0,783.0,0.0,520.0602567071088,33.71728344970791,86.39946700178627,15.593853719370815,415.0556371903666,0.0,33.71728344970789,46.094082743300749,0.0,0.0,20.11019190626103,-1195.4897543644284,20.352103435669819,486.60147980955699,20.074468481263044,-1996.4725812896946,19.296354546941147,846.4188230316843,14.627444571443079,61.759619745304338,19.245177081211837,-303.5573828645743,16.88328162090217,321.5995275656262,15.570479804238671,11.545574370114318,15.964198649421402,157.81517949277424,984.7080490141473,481.9910312670173,0.0,0.0,0.0,0.0,0.0,0.0,0.0,0.0,0.0,0.0,0.0,0.0,0.0,0.0,0.0,0.0,0.0,0.0,0.0,0.0,0.0,0.0,1.2244359905086655,0.3737594598622304,402.3185999668168,462.17565187166408,10518.12321389137,0.3160796967115045,0.048241711952305369,324.33401011047348,373.67946465473588,7942.362086010893,1.732051835047582,0.3272962651261496,486.10040940009909,558.3398833794378,12804.595084772958,0.32560484432919209,0.06152774836152537,391.999808385491,451.9573069873394,9450.484465857342,0.0,0.0,12.049588120208716,14.172745836368162,157.78511632381189,0.0,0.0,85.60712917841673,99.10528539868402,1876.1717959229569,0.0,0.0,325.1327028255105,378.380710777383,6174.243305430435,0.0,0.0,24.207377380547933,28.321304529249969,387.0231043005357,0.0,0.0,180.24847802073919,210.96868456323564,2852.0481872097936,27.758727394020519,19.038907677654696,710.8825010768634,821.7606804429099,16723.22044197314,0.0,0.0,200.56807464732897,234.4328709340636,3328.5056768271717,1837.4232564973223,21.662201350730354,27.54120302612061,22.000000000000019,30.00000000000002,0.0,20.77894788742398,29.10218795653219,16.000000000000015,30.00000000000002,2380.688529443448,21.677890521304918,27.500381959771518,21.666666666666687,30.00000000000002,0.0,20.57537445504639,29.447324291429628,16.000000000000015,30.00000000000002,0.0,14.76980071120305,43.21577717774444,12.00000000000001,30.00000000000002,0.0,19.396935416793846,32.07378097812748,19.000000000000015,30.00000000000002,0.0,17.84773008841632,35.27547357050492,10.000000000000007,30.00000000000002,0.0,16.284055210814385,39.12907915813355,16.000000000000015,30.00000000000002,0.0,16.185933407344025,39.2914844367197,16.000000000000015,30.00000000000002,0.0,19.812379998761377,0.0,0.0,0.0,16.57464820416497,0.0,0.0,472.26308309590959,472.97508136154877,471.62480438385816,472.4297427889163,484.5790878741059,481.024549602947,479.772133205278,482.927957447675,481.48753790856497,9770.696818651588,81.54404754993387,84.29194304608362,60.00000000000004,0.0,60.00000000000004,60.00000000000004,16.0,16.0,19.0,16.0,16.0,12.0,21.0,10.0,1.0,0.0,1837.4232564973223,0.0,2380.688529443448,0.0,0.0,0.0,0.0,0.0,4157.7614892222159,2494656.8935333278,3244558.2181855977,81.54404754993387,84.33861143399524,0.36525871630740738,0.7685698834341581,0.3602813740196598,84.33861143399524,0.3542647819438878,3244558.2181855977,0.17122369401231778 
 03/03  16:00:00,8.13,61.0,2.0,84.0,89.0,0.0,0.0,0.0,0.0,0.0,0.0,0.0,0.0,0.0,0.0,783.0,0.0,497.89697956101068,31.345159106985706,80.32096747515259,14.929290106556973,397.36726899419616,0.0,31.34515910698569,42.85120892477601,0.0,0.0,20.291162324795466,-1154.129208707342,20.46172546753357,308.75660175525078,20.122207011265475,-1771.8422173019338,19.41950989538408,635.8911052924607,14.674368773716843,59.026517165477589,19.42018777280871,-321.682664212225,16.922810476853145,300.01620669868648,16.285571100404967,-24.489373826161285,15.999456086653883,151.9098274891489,935.654349280619,482.8390897229481,0.0,0.0,0.0,0.0,0.0,0.0,0.0,0.0,0.0,0.0,0.0,0.0,0.0,0.0,0.0,0.0,0.0,0.0,0.0,0.0,0.0,0.0,1.1933372069722726,0.3642665466948332,328.9603205539181,377.5875859664381,8762.265038524325,0.2826239602593446,0.04313552507010758,251.54493862672889,289.59803379597977,6251.690862935453,1.931753753084613,0.3650328331603581,445.0604033010977,511.29079084828728,11681.288087370458,0.32588598150410255,0.06158087330009499,374.42914462336997,431.67888215773817,9112.926035149161,0.0,0.0,11.633834795755713,13.682673432033504,154.65546562632867,0.0,0.0,80.44732696722285,93.04165812752945,1812.3814242647553,0.0,0.0,312.3529471071268,363.5755318798364,5963.3851354083139,0.0,0.0,20.789498870572254,24.257581888499538,376.3125913766397,0.0,0.0,181.49526703012635,212.4209824567833,2906.8424267124385,27.642494136167305,18.959186650320534,619.1400255425003,715.7180962769485,14701.016890159943,0.0,0.0,193.49268757708365,226.24309810090427,3220.377132014646,1881.5541493076997,21.849291691075174,27.133173135045568,22.000000000000019,30.00000000000002,0.0,20.899604773600975,28.794455580682429,16.000000000000015,30.00000000000002,2561.568434650748,21.669377580270664,27.4260795217807,21.666666666666687,30.00000000000002,0.0,20.64272435662039,29.231785989811607,16.000000000000015,30.00000000000002,0.0,14.81774371356677,42.92808600217997,12.00000000000001,30.00000000000002,893.7339238546388,19.640335234682796,31.49226294711367,19.33333333333335,30.00000000000002,0.0,17.84468393251229,35.13746866816692,10.000000000000007,30.00000000000002,922.2013544661761,17.421301410680245,36.28178590650493,16.333333333333348,30.00000000000002,0.0,16.232173040665498,39.024707900139379,16.000000000000015,30.00000000000002,0.0,19.754693105363626,0.0,0.0,0.0,16.546419362698534,0.0,0.0,469.7694654597233,470.61979449681078,469.2273654599169,470.0842289484835,481.9235669239315,478.471487002868,476.7829168889309,480.3256080664777,478.68654595700726,11631.16883770265,80.31369209405291,85.64089393235078,60.00000000000004,0.0,60.00000000000004,60.00000000000004,16.0,16.0,19.0,16.0,16.0,12.0,21.0,10.0,1.0,0.0,1881.5541493076997,0.0,2561.568434650748,0.0,893.7339238546388,0.0,922.2013544661761,0.0,8060.830241883629,4836498.145130174,6292299.23259861,80.31369209405291,85.73136750466149,0.3820276747294544,0.7678344974206077,0.3602813740196598,85.73136750466149,0.3542647819438878,6292299.23259861,0.32971289342846107 
 03/03  16:10:00,8.041666666666668,61.333333333333339,1.9033333333333334,77.33333333333333,87.66666666666666,0.0,0.0,0.0,2.0,0.0,0.0,0.0,0.0,0.0,4.0,783.0,0.0,477.13211453841697,28.879716294408654,74.00334462168088,14.306657145485796,380.794958008456,0.0,28.879716294408639,39.480761683042867,0.0,0.0,20.08763688031354,-1134.2876385311914,20.521643653195988,283.1946405805135,20.468049716380727,-1557.998800828213,19.517415676880235,646.5153962672697,14.719403924342469,57.05864012974696,19.546755705883287,-88.86786225258757,16.90652072863681,198.52678040268803,15.965240288492913,-11.57799411158292,16.01887035186182,140.8954701135893,948.499309872756,496.5104358156341,0.0,0.0,0.0,0.0,0.0,0.0,0.0,0.0,0.0,0.0,0.0,0.0,0.0,0.0,0.0,0.0,0.0,0.0,0.0,0.0,0.0,0.0,1.2823581090180705,0.39144020421797029,307.043199329696,353.07805622518927,8022.879334400504,0.283177401796742,0.043219994169221929,229.00935987406383,263.76924710900797,5759.518353953556,1.8358783021979118,0.3469157789489631,378.38735803299348,434.5493868588566,10170.13909731623,0.3313270582336013,0.0626090435059715,387.90339248592059,447.1919180673546,9568.148284523279,0.0,0.0,11.497102320608417,13.524314468715208,155.84384905209385,0.0,0.0,16.125344074780239,18.64222943361896,371.3169073855345,0.0,0.0,246.15406895476344,286.7092170810442,4691.809316488691,0.0,0.0,19.26100145564562,22.50796881983194,333.65641067050117,0.0,0.0,177.65509606318677,207.980382447698,2882.356110289903,27.937571244301979,19.16157149814951,609.9595808444367,705.3004826941917,14672.435012699194,0.0,0.0,192.17833993716006,224.7775539702821,3222.539597016149,1401.4920644995044,21.487180823437229,27.875692879737536,21.666666666666669,30.0,0.0,20.972018605515126,28.61011642896467,16.0,30.0,1361.385599563684,21.863058601483475,27.698906157038047,21.666666666666669,30.0,0.0,20.733770236402316,29.736191771532658,16.0,30.0,0.0,14.861747199366519,42.64263934800422,12.0,30.0,0.0,19.84394167160086,32.594066008730269,19.0,30.0,0.0,17.736403415008483,35.233834620644319,10.0,30.0,0.0,16.803718115174179,37.61159994234417,16.0,30.0,0.0,16.24859839125936,38.851834939292647,16.0,30.0,0.0,19.845797860211638,0.0,0.0,0.0,16.519213633860948,0.0,0.0,479.41592717336246,470.3038752176946,508.55556242356939,510.77047927286278,479.1801667467705,571.26435421021,474.11824072283278,478.4033075677718,477.00218433796786,7579.149432904929,82.99337648512437,82.99337648512437,1744.0,0.0,1744.0,1744.0,16.0,16.0,19.0,16.0,16.0,12.0,21.0,10.0,1.0,0.0,1401.4920644995044,0.0,1361.385599563684,0.0,0.0,0.0,0.0,0.0,0.0,0.0,0.0,82.99337648512437,82.99337648512437,0.34,0.7696196836751682,0.36028137401965956,82.99337648512437,0.3542647819438875,0.0,0.07324800000000001 
 03/03  16:20:00,7.953333333333334,61.66666666666667,1.8066666666666667,70.66666666666666,86.33333333333334,0.0,0.0,0.0,2.0,0.0,0.0,0.0,0.0,0.0,4.0,1044.0,0.0,456.8251815376056,26.388870390849335,67.62062782411319,13.697755041971233,364.5881175661626,0.0,26.38887039084932,36.075586490007868,0.0,0.0,20.24931104858925,-1127.5458747520593,20.50306202014214,215.84399985280107,20.16080076749994,-815.1546234124548,19.494054367468175,354.34768879171909,14.758496091176419,53.15768250869472,19.434430364359394,-84.9003619766923,16.845096176744,230.25771592828915,15.625726468054568,12.596118147480525,16.021119476757109,105.8361452632821,928.3952196292503,471.1060563176593,0.0,0.0,0.0,0.0,0.0,0.0,0.0,0.0,0.0,0.0,0.0,0.0,0.0,0.0,0.0,0.0,0.0,0.0,0.0,0.0,0.0,0.0,1.2856613063786493,0.3924485062205889,302.2670409194729,347.6535147302954,7983.549523682412,0.2791364525669101,0.04260324367626833,223.43240949381477,257.5243047783223,5625.245455644909,2.1029701744773385,0.39738665428521138,277.27299780400156,319.2788541361025,7206.9985217530079,0.29651678577581977,0.05603113865756229,288.0244997777785,332.39188353704528,7088.7901429249909,0.0,0.0,11.385065262378762,13.397797453962712,157.06167770788955,0.0,0.0,15.939271013147839,18.442266956137414,364.89345628118635,0.0,0.0,241.01814910243423,280.989940323094,4577.127458169309,0.0,0.0,24.237985255110784,28.38978101285471,393.67693373365759,0.0,0.0,166.39326537732178,194.92062030481802,2724.3423506217875,27.92779053748409,19.15486319443354,505.6897371272902,585.0728594577803,12345.58921859007,0.0,0.0,186.3800362961254,218.1873019769399,3121.22699401924,1823.4349927423485,21.525101031311715,27.939614898461146,22.0,30.0,0.0,20.905237806913449,28.991887363885625,16.0,30.0,0.0,21.252140138933286,29.1215005595952,21.0,30.0,0.0,20.59289591475117,30.156767370190946,16.0,30.0,0.0,14.894380948997183,42.44807103669865,12.0,30.0,0.0,19.677899634876199,34.462599877209949,19.0,30.0,0.0,17.606757989691439,35.60905674924925,10.0,30.0,0.0,16.186195607545927,39.04132496598277,16.0,30.0,0.0,16.233634981496605,38.865560376806239,16.0,30.0,0.0,19.831035337726815,0.0,0.0,0.0,16.41506459680025,0.0,0.0,489.8758677507999,487.1404190284756,529.6940888621493,519.6574748644694,478.1244410875163,666.0469482982188,480.4296879177151,478.32728863698756,478.5667774695186,9629.910358027537,81.63744696915012,83.34429013348101,1744.0,0.0,1744.0,1744.0,16.0,16.0,19.0,16.0,16.0,12.0,21.0,10.0,1.0,0.0,1823.4349927423485,0.0,0.0,0.0,0.0,0.0,0.0,0.0,2583.1538372999486,1549892.302379969,2006705.3742260817,81.63744696915012,83.37327799674179,0.3411051279099983,0.7676706386404835,0.36028137401965956,83.37327799674179,0.3542647819438875,2006705.3742260817,0.1774029016819785 
 03/03  16:30:00,7.865,62.0,1.71,64.0,85.0,0.0,0.0,0.0,2.0,0.0,0.0,0.0,0.0,0.0,4.0,261.0,0.0,437.3558887016379,23.872396111949258,61.17223984766177,13.113969151175742,349.0497885945155,0.0,23.872396111949248,32.63537536487308,0.0,0.0,20.333795101413555,-1308.206754927738,20.522579938317699,282.0730090966463,20.05239054912595,-707.6029471153852,19.300956400510459,409.097690766559,14.80347745773793,52.92948319633814,19.340580199650206,-83.4984012010732,16.886366425984428,243.26246116356379,15.525123072729123,23.5270824784011,16.009444309691085,103.34534365012314,911.0527226525264,492.8543658653671,0.0,0.0,0.0,0.0,0.0,0.0,0.0,0.0,0.0,0.0,0.0,0.0,0.0,0.0,0.0,0.0,0.0,0.0,0.0,0.0,0.0,0.0,1.1880054475396678,0.3626390255005091,339.5246409607904,389.51145036931225,9040.643368933046,0.2718089064795604,0.04148487583631875,252.61049980437185,290.41799601041819,6420.370103604552,2.4350159328910436,0.46013150659316789,274.1481281160592,315.0255211546315,7065.215554194867,0.31841018401516588,0.060168213154793228,290.80031419332,335.09397101179089,6999.3015652835579,0.0,0.0,11.624094758227772,13.642402518261286,163.52041809872189,0.0,0.0,16.527676741325079,19.07474583800184,376.5623209535568,0.0,0.0,247.3089630737213,287.5494240756837,4759.92026413316,0.0,0.0,30.421543759243215,35.571401928960558,490.61545833573379,0.0,0.0,165.3311219977562,193.19126009622657,2726.9332055245988,27.995084011180049,19.20101784031554,536.7112702240187,619.4781120242259,13099.76158527744,0.0,0.0,190.09886005128048,222.00767671051885,3199.0467634643539,1783.2340986993375,21.554949459045866,28.120595368207586,22.0,30.0,0.0,20.93622566915385,29.114352719829847,16.0,30.0,0.0,21.0198337633253,29.756400778534869,21.0,30.0,0.0,20.212299434739557,31.110772960885109,16.0,30.0,0.0,14.940165174217795,42.289636651351958,12.0,30.0,0.0,19.518238045745709,35.956537854162267,19.0,30.0,0.0,17.64420922645108,35.6121519166039,10.0,30.0,157.64260174761237,16.009505096581955,39.52148980254838,16.0,30.0,0.0,16.200616243816275,39.041351262212419,16.0,30.0,0.0,19.770104518345268,0.0,0.0,0.0,16.361607914149539,0.0,0.0,504.53955684390817,498.78243813839677,544.6781181274637,533.0220915464421,480.86647136310469,742.031639460689,486.3095250483283,484.3205765407251,485.19635437972098,4204.391790002406,85.22362021886036,85.22362021886036,1744.0,0.0,1744.0,1744.0,16.0,16.0,19.0,16.0,16.0,12.0,21.0,10.0,1.0,0.0,1783.2340986993375,0.0,0.0,0.0,0.0,0.0,157.64260174761237,0.0,0.0,0.0,0.0,85.22362021886036,85.22362021886036,0.34,0.7709327821005858,0.36028137401965956,85.22362021886036,0.3542647819438875,0.0,0.07286044444444445 
 03/03  16:40:00,7.776666666666667,62.333333333333339,1.6133333333333333,55.5,70.83333333333334,0.0,0.0,0.0,2.0,0.0,0.0,0.0,0.0,0.0,4.0,1044.0,0.0,377.39118788151986,20.645842422578278,52.90428646962802,11.315945840982529,301.1924808573498,0.0,20.645842422578267,28.224431851128739,0.0,0.0,20.426212332478476,-1319.0574126257585,20.513702730419796,262.4713892047853,20.520849756247399,-1417.0357299231337,19.382166303853404,726.8754381292019,14.833984607097453,51.80886766925589,19.286013385590903,-80.99999322085844,16.906010690713225,231.5845186399115,16.183766987666674,-21.042993168794227,16.005934081872949,85.95867932869646,907.1753865341088,512.0331235450449,0.0,0.0,0.0,0.0,0.0,0.0,0.0,0.0,0.0,0.0,0.0,0.0,0.0,0.0,0.0,0.0,0.0,0.0,0.0,0.0,0.0,0.0,1.2493524368479534,0.38136521271305059,326.271135557288,375.35392124124879,8778.258134267628,0.27918216107108198,0.042610219943693839,243.50475759809553,280.7750407955824,6225.15737988168,2.0235058428448915,0.3823707186025873,361.2291413560162,415.27830222373816,9788.361196942347,0.34086620320152419,0.06441160302371957,372.7491837699801,430.4196121811766,9165.350233012654,0.0,0.0,11.53387039752285,13.57576928134135,164.69341666578687,0.0,0.0,16.391746987076585,18.984065098430827,374.50017770256809,0.0,0.0,243.25484151408285,283.6861461366359,4721.868309761985,0.0,0.0,18.159527758921866,21.243256025547944,329.82575465115868,0.0,0.0,175.6640529436421,205.87569278429056,2921.936930133181,28.249927275905717,19.375807459468949,608.7941044578422,704.650570848975,14869.583539053358,0.0,0.0,187.26246587865917,219.39272737748235,3164.1508311216268,1816.0520608739963,21.610357399739777,28.161702845785503,22.0,30.0,0.0,20.925562127890616,29.358808262079778,16.0,30.0,1136.8306624907846,21.652710164702638,28.632739343055947,21.5,30.0,0.0,20.369930864316623,30.919002567213818,19.0,30.0,0.0,14.96064675394323,42.27903713681692,12.0,30.0,0.0,19.463129522923656,36.390925777932228,19.0,30.0,0.0,17.64156959400331,35.784366800076217,10.0,30.0,675.7765231511244,17.030853730237923,37.077283975662428,16.75,30.0,0.0,16.184585409055637,39.19922011991432,16.0,30.0,0.0,19.750184811026718,0.0,0.0,0.0,16.307976509742465,0.0,0.0,514.3940318470573,513.2606627510793,546.8586587655565,542.4929005859526,484.01835390690555,763.9817804344865,496.457604622737,487.1685781692287,492.40084634523677,9075.719622687315,82.00386658677769,83.73850122057908,1744.0,0.0,1744.0,1744.0,16.0,19.0,19.0,16.0,16.0,12.0,21.0,10.0,1.0,0.0,1816.0520608739963,0.0,1136.8306624907846,0.0,0.0,0.0,675.7765231511244,0.0,2625.171345728094,1575102.8074368565,2042491.728564109,82.00386658677769,83.76796107525282,0.34250571152426986,0.7688036814189636,0.36028137401965956,83.76796107525282,0.3542647819438875,2042491.728564109,0.17887623655200034 
 03/03  16:50:00,7.688333333333333,62.666666666666667,1.5166666666666667,47.0,56.66666666666667,0.0,0.0,0.0,2.0,0.0,0.0,0.0,0.0,0.0,4.0,783.0,0.0,319.34956464255085,17.435949426432907,44.67902982049159,9.575585678717037,254.8699674027007,0.0,17.4359494264329,23.836264768150174,0.0,0.0,20.525048549523488,-1367.5019326200834,20.507689315518897,299.97057009461937,20.275234437998756,-856.2453148753806,19.5227016115104,385.6053490977547,14.869069084958637,51.404093449433997,19.215212961016829,-79.95144795073394,16.932089823412086,237.58286782911837,15.841717587480503,-6.440533986015875,15.994979977281713,80.43784879460667,925.8613530147287,541.3428250810098,0.0,0.0,0.0,0.0,0.0,0.0,0.0,0.0,0.0,0.0,0.0,0.0,0.0,0.0,0.0,0.0,0.0,0.0,0.0,0.0,0.0,0.0,1.2474753978569256,0.3807922459880728,339.0037161430456,389.84086193005387,9222.357967025559,0.28334300464288655,0.043245269328889928,255.47831260339707,294.53064993809826,6582.533177254485,2.2765889679521837,0.4301944383885461,294.5114500837934,339.2698333173172,7795.605278756658,0.3209972875524508,0.06065708381565589,309.0500453515934,356.8424676054773,7735.453302420216,0.0,0.0,11.638507485856975,13.695810238221434,168.97320395481138,0.0,0.0,16.66966186580618,19.307120633505514,381.31313050230968,0.0,0.0,247.215798983144,288.2342274187533,4849.922014057835,0.0,0.0,19.98662902471363,23.39478937400066,344.9315076375935,0.0,0.0,175.77934790899534,206.01686314098414,2946.400102374061,28.453181518730767,19.51521366168093,557.8545648076525,645.6359252126247,13878.994127150614,0.0,0.0,190.87629237649873,223.61988307693677,3241.180869228284,1836.5376440497626,21.67713246806991,28.1537590060667,22.000000000000019,30.00000000000002,0.0,20.937984898349926,29.502494134023629,16.000000000000015,30.00000000000002,0.0,21.22190216902768,29.64032186701875,21.000000000000015,30.00000000000002,0.0,20.528092783247819,30.783449081964699,19.000000000000015,30.00000000000002,0.0,14.992001676063682,42.30691540814421,12.00000000000001,30.00000000000002,0.0,19.382733343810516,36.929612905839579,19.000000000000015,30.00000000000002,0.0,17.65635991541704,35.89496578066657,10.000000000000007,30.00000000000002,0.0,16.448610858708066,38.59323928648584,16.000000000000015,30.00000000000002,0.0,16.15812888476635,39.43532993324295,16.000000000000015,30.00000000000002,0.0,19.840116162330348,0.0,0.0,0.0,16.258371893781587,0.0,0.0,522.3745420787577,524.3305059376995,560.8449914911181,551.8980258824424,490.8685092179111,790.4876199283445,504.84258960108527,494.21665057468689,501.67017654528288,9632.875918994856,81.6354749773125,83.90287868724704,1744.0000000000014,0.0,1744.0000000000014,1744.0000000000014,16.0,19.0,19.0,16.0,16.0,12.0,21.0,10.0,1.0,0.0,1836.5376440497626,0.0,0.0,0.0,0.0,0.0,0.0,0.0,3431.524418529583,2058914.651117748,2666237.0187801059,81.6354749773125,83.94138672950547,0.34105081395098627,0.7665260759169641,0.3602813740196598,83.94138672950547,0.3542647819438878,2666237.0187801059,0.21082654719878775 
 03/03  17:00:00,7.6,63.0,1.42,38.5,42.5,0.0,0.0,0.0,2.0,0.0,0.0,0.0,0.0,0.0,4.0,261.0,0.0,263.6107487177573,14.246833179365492,36.507017220006499,7.904274683657633,210.38530657088266,0.0,14.246833179365485,19.476501076345295,0.0,0.0,20.558254788983719,-1347.9430202094682,20.504717860427648,297.10400787894107,20.213043161173706,-729.1856664514835,19.381910748733817,403.42238117478339,14.907017596672567,50.95958617724773,19.135682945720274,-77.21085424462194,16.956692383196406,226.31375588494303,15.59164356768679,13.878213156621996,15.990799567040434,86.91528965927319,914.1966883306814,578.2185975590019,0.0,0.0,0.0,0.0,0.0,0.0,0.0,0.0,0.0,0.0,0.0,0.0,0.0,0.0,0.0,0.0,0.0,0.0,0.0,0.0,0.0,0.0,1.2045644919530843,0.3676936788623579,342.73757909358968,393.2903678597582,9364.657043242236,0.27506370101124397,0.04198163934848046,254.09554588137906,292.2433384986581,6607.990204456185,2.5093328055587249,0.4741747553965846,278.58989703309416,320.2182300934058,7369.854141639039,0.32855218468681809,0.06208469098390362,296.0012750313916,341.2206363418993,7303.116396444727,0.0,0.0,11.655904296449667,13.683168319419123,172.22375790817567,0.0,0.0,16.726404289904918,19.32697361883192,382.85482379585599,0.0,0.0,254.74014512502559,296.3268458977439,5049.1051487945119,0.0,0.0,26.387018838369764,30.87131661310269,439.3882004772368,0.0,0.0,174.17588552764395,203.67408274610714,2947.6329876938709,28.557777806424605,19.58695322800042,543.0854856532819,627.0950931926985,13587.44965570982,0.0,0.0,197.2066615416599,230.53964698603583,3371.560488968507,1776.9934606629902,21.64284805372135,28.302637245571718,22.0,30.0,0.0,20.967493903827763,29.50034744084077,16.0,30.0,0.0,21.09668560707416,29.947295023129933,21.0,30.0,0.0,20.250404075295319,31.45504756753614,19.0,30.0,0.0,15.030137620933174,42.38666828970891,12.0,30.0,0.0,19.290556318755458,37.41397382666714,19.0,30.0,0.0,17.66575050440435,35.97916216068464,10.0,30.0,67.86141451126804,16.004607042069364,39.938850361120248,16.0,30.0,0.0,16.14623964945566,39.632947628199428,16.0,30.0,0.0,19.791415908740679,0.0,0.0,0.0,16.222970700457137,0.0,0.0,528.5401946012822,529.6354099401801,567.818911814545,560.863814000448,500.8612745017092,812.5412795354793,511.6487465105717,507.4302525587739,510.60210093764047,4152.241044820625,85.25808056785974,85.25808056785974,1744.0,0.0,1744.0,1744.0,16.0,19.0,19.0,16.0,16.0,12.0,21.0,10.0,1.0,0.0,1776.9934606629902,0.0,0.0,0.0,0.0,0.0,67.86141451126804,0.0,0.0,0.0,0.0,85.25808056785974,85.25808056785974,0.34,0.7707308082299688,0.36028137401965956,85.25808056785974,0.3542647819438875,0.0,0.07169777777777778 
 03/03  17:10:00,7.215,65.33333333333333,1.4666666666666668,29.999999999999998,28.33333333333333,0.0,4.0,0.0,0.0,0.0,0.0,0.0,0.0,0.0,0.0,1044.0,0.0,162.7756233076594,10.624404024324644,27.22466960404327,4.880775313186243,129.9097891820278,0.0,10.624404024324639,14.52436578782921,0.0,0.0,20.62422018118968,-1388.1198133230928,20.445107725669137,304.2183436055261,20.52712215246511,-396.85553075863029,19.342776284366438,-38.88551235469373,14.930639436076909,51.088698547947078,18.900633887404518,-216.723895981581,17.043550479403643,287.78793657850977,16.249842017232383,-28.87718129403885,15.984951297834608,72.23026643819299,874.5084859355993,629.6970463472821,0.0,0.0,0.0,0.0,0.0,0.0,0.0,0.0,0.0,0.0,0.0,0.0,0.0,0.0,0.0,0.0,0.0,0.0,0.0,0.0,0.0,0.0,1.3338289751220165,0.40715170180769735,397.1108442066136,457.1316856137432,11127.441650226447,0.2964401004852333,0.04524421558077432,249.7579536487263,288.04926287813779,6666.1302499474409,2.000661621361552,0.3780539722905429,145.94233347119966,167.9732032025576,4165.022689508947,0.37887201616691215,0.07159335150546335,38.08805528526694,44.04447529283123,963.8665659846541,0.0,0.0,11.595491156435348,13.652667503302539,180.47991937798725,0.0,0.0,79.07516871237293,91.83413771163699,1823.8805041835822,0.0,0.0,319.9633188246899,373.11253784800007,6667.591320478596,0.0,0.0,18.888929734218974,22.104631277125525,365.35614891661916,0.0,0.0,188.08451832624366,220.58839753203643,3320.4306128591176,28.904344996943246,19.824653633020064,345.7242550619622,400.7641775100474,9024.308161055309,0.0,0.0,200.9448171143976,235.62940444476244,3578.1020366088916,1803.0787798329566,21.64093239512287,28.451848953019007,22.0,30.0,0.0,20.928922146846756,29.701620711910324,16.0,30.0,1313.7641760555326,21.67483855808776,28.35081392929493,21.5,30.0,0.0,20.077237524461734,33.97675513117642,19.0,30.0,0.0,15.045188005523788,42.591105974039098,12.0,30.0,0.0,18.97939929362699,34.78445277311013,16.0,30.0,0.0,17.806249198916736,36.47815671116152,10.0,30.0,685.4352802739704,17.061904189834189,37.46931937195642,16.75,30.0,0.0,16.132618553552086,40.13121016695188,16.0,30.0,0.0,19.552820308265774,0.0,0.0,0.0,16.198135623981864,0.0,0.0,539.8554316473592,537.64632181358,536.1645042905489,691.4802803703556,512.7097265508312,610.4866180276004,557.1378227257829,514.2896246018081,534.5362778415134,8975.657163516476,82.0700021402128,83.82257152989078,162.0,0.0,162.0,162.0,16.0,19.0,16.0,16.0,16.0,12.0,21.0,10.0,1.0,0.0,1803.0787798329566,0.0,1313.7641760555326,0.0,0.0,0.0,685.4352802739704,0.0,2652.285889868159,1591371.5339208954,2064133.5226644923,82.0700021402128,83.8523359762586,0.343409529662272,0.7661435065337432,0.36028137401965956,83.8523359762586,0.3542647819438875,2064133.5226644923,0.1139499431785536 
 03/03  17:20:00,6.83,67.66666666666667,1.5133333333333335,21.5,14.166666666666665,0.0,4.0,0.0,0.0,0.0,0.0,0.0,0.0,0.0,0.0,783.0,0.0,95.82844426947988,7.608748325727739,19.497149897208077,2.8733889140290627,76.47987399391502,0.0,7.608748325727736,10.401735816652327,0.0,0.0,20.580829480310635,-1413.4629129351823,20.403402871700267,219.34541400034528,20.385534722339359,-155.21577753210486,19.24831389477543,-44.672416258079227,14.955289616443821,47.58049577451099,18.639448277427144,-130.75938466875986,17.069077944767686,200.6407189054425,15.909475385623763,-12.502381570980404,15.976264161795939,72.37740870745557,868.7426016651111,685.8653117687921,0.0,0.0,0.0,0.0,0.0,0.0,0.0,0.0,0.0,0.0,0.0,0.0,0.0,0.0,0.0,0.0,0.0,0.0,0.0,0.0,0.0,0.0,1.3494520699702513,0.41192065627907528,381.15472012598857,438.9338833953783,10880.848860819302,0.28600791909326397,0.04365200230361171,212.85434815126394,245.69149742945175,5845.192228293576,2.3987747408097555,0.453283208769795,139.36261303050987,160.63596583473766,3969.7706137498696,0.37739652656229996,0.07131453638743382,35.86592681022479,41.50318250695369,923.5684245897033,0.0,0.0,10.825507687859139,12.74401769426959,177.16236581529786,0.0,0.0,66.28311651470173,77.06639740313541,1539.3758367427732,0.0,0.0,313.4976716795584,365.54659642180379,6767.530950901788,0.0,0.0,21.378247934424189,25.03513151111136,407.37134718495909,0.0,0.0,190.50438300638587,223.42248205208387,3503.478328075465,29.007009432194417,19.89506819766421,325.931597231713,377.90431057968467,8776.429457869193,0.0,0.0,207.0588470385067,242.78171634858763,3834.520146735802,1829.9036607050999,21.541296272232537,28.664997079197158,21.999999999999994,29.99999999999999,0.0,20.923230410821526,29.752522446078744,15.999999999999993,29.99999999999999,934.0758971235279,21.366865533378776,28.90028740545467,21.333333333333326,29.99999999999999,0.0,19.889094182796407,35.88999218759969,18.999999999999994,29.99999999999999,0.0,15.062397556420909,42.9079690306279,11.999999999999995,29.99999999999999,0.0,18.66365955428498,34.5559938274595,15.999999999999993,29.99999999999999,0.0,17.79841896587505,36.33513672349857,9.999999999999997,29.99999999999999,0.0,16.489800272997529,39.22735911851889,15.999999999999993,29.99999999999999,0.0,16.1175134397759,40.48369955754754,15.999999999999993,29.99999999999999,0.0,19.42127622819269,0.0,0.0,0.0,16.17083168288151,0.0,0.0,544.2652919002546,541.7899604327477,538.9416776307395,787.7226895434434,530.4401349214639,556.3608071612604,548.8981725482253,533.9641862376776,550.7742358568248,10213.854999701747,81.25128005061339,83.53875355012839,161.99999999999995,0.0,161.99999999999995,161.99999999999995,16.0,19.0,16.0,16.0,16.0,12.0,21.0,10.0,1.0,0.0,1829.9036607050999,0.0,934.0758971235279,0.0,0.0,0.0,0.0,0.0,3461.868089275999,2077120.8535656003,2690109.6038730128,81.25128005061339,83.57760244404102,0.3420622696425332,0.7657405483947957,0.36028137401965945,83.57760244404102,0.35426478194388735,2690109.6038730128,0.14650969940139664 
 03/03  17:30:00,6.445,70.0,1.56,13.0,0.0,0.0,4.0,0.0,0.0,0.0,0.0,0.0,0.0,0.0,0.0,522.0,0.0,18.33106478702118,4.48593968208944,11.495061955149897,0.5496610640357441,14.629969068278707,0.0,4.485939682089438,6.1326196458296879,0.0,0.0,20.62098100920744,-1486.7444651641154,20.2857531457077,294.541720844677,20.186380939377515,-170.6785822623268,19.17756312655459,-25.990099163399237,14.974014155624836,45.765835242337889,18.437989863885968,-100.99548617368714,17.039636798391365,222.28168701483629,15.637226838627017,4.484882037758155,15.9652766868436,61.305520094744228,851.0546105645071,696.0576252548658,0.0,0.0,0.0,0.0,0.0,0.0,0.0,0.0,0.0,0.0,0.0,0.0,0.0,0.0,0.0,0.0,0.0,0.0,0.0,0.0,0.0,0.0,1.3916563159784568,0.4248035152559392,352.6386183034841,405.81668209431026,10346.037944826956,0.30804985666710119,0.04701615638997271,253.14450164749298,291.98734237363518,7082.0398205169299,2.367453052562771,0.44736452240415189,53.27609329493258,61.3681654147344,1590.0782821717626,0.39734142716239276,0.07508341405185046,38.43560312931214,44.45967273100587,1009.4444051443545,0.0,0.0,10.671303394640951,12.555417583216569,183.0427572464987,0.0,0.0,61.51794128068213,71.54427987028268,1449.7053263640326,0.0,0.0,308.61292773956816,359.7865892991833,6854.701127084798,0.0,0.0,26.666887806194958,31.26490661327382,506.57787263039827,0.0,0.0,182.86785132551399,214.3933503565665,3496.569438297694,29.258917728152718,20.06784480668911,283.66799471841838,328.99688515422596,7794.46149939548,0.0,0.0,205.25857395754933,240.67168759268555,3914.874835893173,1826.2602553582713,21.50679837008422,28.832944202124858,22.0,30.0,0.0,20.810201732336247,30.007888333157923,16.0,30.0,106.46710869694529,21.192818163295219,29.25568630900751,21.0,30.0,0.0,19.76004405835026,36.628735206603717,19.0,30.0,0.0,15.071997968207292,43.05112177059449,12.0,30.0,0.0,18.44331802348642,34.91531122307915,16.0,30.0,0.0,17.725602635052974,36.50179815416736,10.0,30.0,40.116924118488608,16.037097585885634,40.60754780975183,16.0,30.0,0.0,16.098401752862665,40.51200968222909,16.0,30.0,0.0,19.18724124338484,0.0,0.0,0.0,16.059713016986238,0.0,0.0,552.4752884836678,546.276309925947,542.9333516318984,821.4996706944403,538.9937469127518,549.8137119509675,549.4989971491832,546.403303776877,550.1590864691389,10474.761012420124,81.07869125076843,84.72068906133703,162.0,0.0,162.0,162.0,16.0,19.0,16.0,16.0,16.0,12.0,21.0,10.0,1.0,0.0,1826.2602553582713,0.0,106.46710869694529,0.0,0.0,0.0,40.116924118488608,0.0,5511.4710169927,3306882.61019562,4326562.885810157,81.07869125076843,84.78254227476347,0.3537157005664233,0.7639624758615526,0.36028137401965956,84.78254227476347,0.3542647819438875,4326562.885810157,0.23161427006212818 
 03/03  17:40:00,6.0600000000000009,72.33333333333333,1.6066666666666667,0.0,0.0,0.0,4.0,0.0,0.0,0.0,0.0,0.0,0.0,0.0,0.0,1305.0,0.0,0.0,0.0,0.0,0.0,0.0,0.0,0.0,0.0,0.0,0.0,20.73968390857725,-997.1736976544346,20.840388352886323,-216.71680915224483,20.51595432086347,-423.5410063936619,19.15800742282102,9.276688479519516,14.994148978068957,44.72349022762069,18.296803199663264,-81.56849132798839,17.054956954835029,228.31405876850338,16.085678843426327,-32.67995359667447,15.93469815054458,17.6355112693178,890.5486186846254,720.8151258469505,0.0,0.0,0.0,0.0,0.0,0.0,0.0,0.0,0.0,0.0,0.0,0.0,0.0,0.0,0.0,0.0,0.0,0.0,0.0,0.0,0.0,0.0,1.3919230187911394,0.4248849263709219,311.73129629818529,359.214841521389,9443.024498085155,0.2682664816501338,0.04094421270606439,120.41022729403798,138.8036505557078,3641.7546045679966,2.348305961915095,0.4437464024782874,179.05895026086737,206.1896401726973,5491.332336956328,0.44073083950599176,0.0832824715619788,45.516619254732159,52.73123103452706,1226.7517871272378,0.0,0.0,10.737894523423542,12.649941535451598,192.59770490758195,0.0,0.0,54.77633216005064,63.82409392102222,1317.8885410450808,0.0,0.0,299.9259264381669,350.12269468345598,6890.830193715521,0.0,0.0,20.518587941299516,24.038508444761626,434.9000878053567,0.0,0.0,187.60496990404458,220.26524848137363,3711.002244471745,30.12663413213511,20.662986373206537,253.64795673804276,294.70220622484046,7283.02048630821,0.0,0.0,202.80794021559866,238.21958920824475,3972.7972064125845,1314.504969355441,21.64539432911186,28.804279040050799,21.800000000000009,30.00000000000001,1318.3027745527896,21.727453937403977,28.495488180140347,21.800000000000009,30.00000000000001,1238.2849065082858,21.676815107233489,28.700016934198336,21.400000000000007,30.00000000000001,0.0,19.730504374556025,36.388997376041469,19.000000000000008,30.00000000000001,0.0,15.08186440546617,43.10125129966611,12.000000000000006,30.00000000000001,0.0,18.303232853870609,35.22051261597009,16.000000000000005,30.00000000000001,0.0,17.72854147796999,36.555220505685927,10.000000000000004,30.00000000000001,553.6947133387804,16.818696944277894,38.6641300635081,16.600000000000006,30.00000000000001,0.0,16.045914402881686,40.623672517400738,16.000000000000005,30.00000000000001,0.0,19.16654536348168,0.0,0.0,0.0,15.93038371257372,0.0,0.0,567.2988924585702,555.3239464398312,564.0455456431187,807.2413497488248,543.1219470092506,550.2847141466439,553.7113398060919,548.304070901512,549.8660993839195,8138.845095778993,81.67746189518107,84.67092762903744,162.00000000000007,0.0,162.00000000000007,162.00000000000007,21.0,19.0,16.0,16.0,16.0,12.0,21.0,10.0,1.0,0.0,1314.504969355441,1318.3027745527896,1238.2849065082858,0.0,0.0,0.0,553.6947133387804,0.0,4529.909456325326,2717945.6737951927,3546342.1825846277,81.67746189518107,84.72176661482257,0.2869969818775109,0.6139125594887795,0.28822509921572778,84.72176661482257,0.28341182555511015,3546342.1825846277,0.19105179349440067 
 03/03  17:50:00,5.675,74.66666666666667,1.6533333333333334,0.0,0.0,0.0,4.0,0.0,0.0,0.0,0.0,0.0,0.0,0.0,0.0,786.0,0.0,0.0,0.0,0.0,0.0,0.0,0.0,0.0,0.0,0.0,0.0,20.65126797391237,-999.3443143882155,20.736095133798537,-473.13905834016648,20.458806508784023,-270.0459123217983,19.153701541267325,14.323083402068289,15.01807831787363,43.4742469128901,18.171949137456339,-62.12355119250944,17.104240385756328,289.55365827202629,15.806852478574605,-18.270917667341846,16.35105550339903,-169.07919878730884,738.2347501113518,681.8741690121008,0.0,0.0,0.0,0.0,0.0,0.0,0.0,0.0,0.0,0.0,0.0,0.0,0.0,0.0,0.0,0.0,0.0,0.0,0.0,0.0,0.0,0.0,1.4355261341115029,0.4381947906323273,242.64085221382457,279.3978236770201,7442.760780773784,0.28466232491127566,0.04344663078621426,185.74504027945114,213.7515865945619,5717.796669063676,2.3885458557425425,0.4513503128765202,69.80315200680639,80.36725899962267,2249.5469138546488,0.43869863402749267,0.08289845692129495,43.53015150563821,50.422342318889267,1205.9139305876116,0.0,0.0,10.754198643001182,12.664388625904,201.506311398466,0.0,0.0,51.18632176392258,59.644586981798308,1257.6395559966405,0.0,0.0,271.9429136201871,317.3893705658359,6478.173529958713,0.0,0.0,24.81910754019993,29.099260898285146,519.9322139224368,0.0,0.0,158.28173653614273,185.5230993797784,3423.954842775132,30.6355254511502,21.01202019969152,192.2898439762766,223.30253148612244,5701.305415243544,0.0,0.0,176.34464029647246,207.28630669083976,3532.132996680843,1367.4237387371809,21.422818971645826,29.29151351678305,21.666666666666687,30.00000000000002,947.6798687532184,21.37329905391234,29.56832709952605,21.33333333333335,30.00000000000002,1282.3315094434407,21.65167508676553,28.781469932588459,21.666666666666687,30.00000000000002,0.0,19.715582610221284,36.34606686069286,19.000000000000015,30.00000000000002,0.0,15.098586049303025,43.13157742443077,12.00000000000001,30.00000000000002,0.0,18.170690879126924,35.547333990338497,16.000000000000015,30.00000000000002,0.0,17.797445026226869,36.45069848139251,10.000000000000007,30.00000000000002,0.0,16.28427749704114,40.0341710282603,16.000000000000015,30.00000000000002,922.6469633145151,16.677958980810887,39.080675748465527,16.66666666666668,30.00000000000002,0.0,18.383510211905759,0.0,0.0,0.0,15.712678974147988,0.0,0.0,573.8408161653412,586.9276057153575,565.7538457484662,805.5497208683348,547.4892803873956,552.84740551697,557.0705788357313,550.818063140935,552.6741407792135,9212.36994992456,81.91328791664668,84.56377624736925,162.0000000000001,0.0,162.0000000000001,162.0000000000001,21.0,19.0,16.0,16.0,16.0,12.0,21.0,10.0,1.0,0.0,1367.4237387371809,947.6798687532184,1282.3315094434407,0.0,0.0,0.0,0.0,922.6469633145151,4010.6045174598759,2406362.7104759237,3126674.3604900587,81.91328791664668,84.60879033824233,0.3603534839153294,0.7667695376666331,0.3602813740196598,84.60879033824233,0.3542647819438878,3126674.3604900587,0.16919306674548308 
 03/03  18:00:00,5.29,77.0,1.7,0.0,0.0,0.0,4.0,0.0,0.0,0.0,0.0,0.0,0.0,0.0,0.0,1048.0,0.0,0.0,0.0,0.0,0.0,0.0,0.0,0.0,0.0,0.0,0.0,20.697346770515588,-976.1555811485289,21.041220820181516,-640.5363203039042,20.239402852455279,-12.114789423898174,19.16928905454037,17.475783611936437,15.043159363449771,45.679634546599178,18.087086834175716,-13.9446183973227,17.31339568750966,307.13655085987195,15.93119976108824,-55.95475735946397,16.513403964563698,-268.2710035546936,921.5103632740838,826.7724479997744,0.0,0.0,0.0,0.0,0.0,0.0,0.0,0.0,0.0,0.0,0.0,0.0,0.0,0.0,0.0,0.0,0.0,0.0,0.0,0.0,0.0,0.0,1.4314369348201519,0.4369465613004127,316.0035365329553,363.85154841893339,10066.432811032648,0.2527474568443826,0.038575619176493079,128.6647927034216,148.13149747190435,4138.720702392726,2.918504034052016,0.5514935816424824,231.45258941936033,267.03021851955227,7214.518090886746,0.45716470846990106,0.08638788897768347,42.858939873712959,49.673121526431028,1222.2067333308037,0.0,0.0,10.985137520636846,12.94229804393712,214.6812282901528,0.0,0.0,30.484620541197669,35.560486089116157,768.3755930238447,0.0,0.0,249.8332417420798,291.2735951572895,6319.368877016936,0.0,0.0,35.05304270656972,41.115064166082948,771.4463570499426,0.0,0.0,145.34021579563678,170.18541842164204,3325.0816271859637,31.495771503315035,21.602038068117318,255.30067981345898,296.4243584092346,7759.686170408539,0.0,0.0,172.3031743981489,202.62359606315293,3541.0907513299368,1365.9403960038183,21.699667239269045,28.93130285648989,21.75,30.0,883.4354734860222,21.83660826453011,28.84480218309973,21.5,30.0,0.0,21.14267044430241,29.927388742941738,21.0,30.0,0.0,19.734982893378356,36.42790554798963,19.0,30.0,0.0,15.118628815063533,43.14305397126456,12.0,30.0,0.0,18.103610864751884,35.73884213689714,16.0,30.0,0.0,18.151728798300647,35.75989001715765,10.0,30.0,573.92654018023,16.420623290015869,39.76148702061715,16.5,30.0,286.85679692166806,16.879961292964198,38.62365274012641,16.5,30.0,0.0,18.962318679888808,0.0,0.0,0.0,15.626701871563995,0.0,0.0,582.8120176630192,594.361440020175,583.152650621717,814.1696642789414,551.2163828414435,555.5394104344084,564.2965370966044,554.7407370511933,556.2921141111691,8990.588071100758,82.06018806567116,82.06018806567116,162.0,0.0,162.0,162.0,21.0,19.0,16.0,16.0,16.0,12.0,21.0,10.0,1.0,0.0,1365.9403960038183,883.4354734860222,0.0,0.0,0.0,0.0,573.92654018023,286.85679692166806,0.0,0.0,0.0,82.06018806567116,82.06018806567116,0.34,0.7700067328537942,0.36028137401965956,82.06018806567116,0.3542647819438875,0.0,0.0065699999999999998 
 03/03  18:10:00,5.293333333333333,77.0,1.7850000000000002,0.0,0.0,0.0,0.0,0.0,0.0,0.0,0.0,4.0,0.0,0.0,0.0,1048.0,0.0,0.0,0.0,0.0,0.0,0.0,0.0,0.0,0.0,0.0,0.0,20.7522899732865,-1068.38725376615,20.68707991877723,-85.38406955644864,20.569049385838335,-1569.683095918212,19.351238457379617,855.5338290634722,15.071396420947217,44.765542519971777,18.02378488280111,-22.856764356110177,17.254360440456247,164.38518022667678,16.016825533545377,-37.32814559187136,16.208108382497295,-163.03565273854566,902.0824126881535,890.9590932926778,0.0,0.0,0.0,0.0,0.0,0.0,0.0,0.0,0.0,0.0,0.0,0.0,0.0,0.0,0.0,0.0,0.0,0.0,0.0,0.0,0.0,0.0,1.4604606637694185,0.4458060634216784,202.8081786269132,233.98484583921045,6387.292657095875,0.27618853087860498,0.04215331667866376,17.526447039183834,20.20568499331396,555.3108433920604,2.892067181263582,0.5464979556431563,386.5537315228995,445.1576431197429,12421.489156387595,0.42281942180475076,0.0798978499253119,400.0592757645434,463.0965027594432,11656.246621093182,0.0,0.0,10.910881174179528,12.85632185944406,213.74988399149766,0.0,0.0,30.852056199967636,35.99784281746523,774.4664475405468,0.0,0.0,273.7014719890988,319.3427241570563,6834.068288697971,0.0,0.0,23.83494284559135,27.943811367692818,530.1824215810607,0.0,0.0,179.54576300383696,210.66642172074504,3935.7753212328855,31.486388978574799,21.595602865963519,403.82217089632618,469.48646748786197,11636.606799907095,0.0,0.0,199.42677102844585,234.5327823962603,4118.244926328666,1792.0232539070094,21.60961556183682,30.14026287596726,22.0,30.0,0.0,21.349989670589247,32.36795969802165,21.0,30.0,2684.612492797677,21.68018991557275,29.0906507851885,21.75,30.0,0.0,20.18251059410804,31.97794109846314,16.0,30.0,0.0,15.144869936990205,43.246781710524519,12.0,30.0,0.0,18.04951157493351,36.05458489709355,16.0,30.0,0.0,17.977729722845618,36.69577469289112,10.0,30.0,0.0,16.55565625284431,39.58769837646991,16.0,30.0,0.0,16.36605229033426,40.26759848058949,16.0,30.0,0.0,18.927843853768317,0.0,0.0,0.0,15.68442756481463,0.0,0.0,651.7256140772372,741.7265347884282,591.3257555448412,596.336678082178,560.2344207662152,567.0745523484768,594.7094635417284,564.8081357946668,575.7553658111317,8688.695678142569,82.25979161208778,82.2597916120878,240.0,0.0,240.0,240.0,21.0,16.0,16.0,16.0,16.0,12.0,21.0,10.0,1.0,0.0,1792.0232539070094,0.0,2684.612492797677,0.0,0.0,0.0,0.0,0.0,0.0,0.0,0.0,82.25979161208778,82.25979161208778,0.34,0.7688081865261884,0.36028137401965956,82.25979161208778,0.3542647819438875,0.0,0.00968 
 03/03  18:20:00,5.296666666666667,77.0,1.87,0.0,0.0,0.0,0.0,0.0,0.0,0.0,0.0,4.0,0.0,0.0,0.0,1050.0,0.0,0.0,0.0,0.0,0.0,0.0,0.0,0.0,0.0,0.0,0.0,20.80228615743531,-554.239131636018,20.582943573500875,-89.97651796356675,20.72527113643131,-1718.8323835534744,19.565982901933354,460.4950754576698,15.095228420206235,38.906285345261839,17.952297079940764,-36.281291364429197,17.100298087053895,111.99991944498106,16.1329341101945,-49.18575526083794,16.022422828287483,-113.26968270928933,849.9293985665443,883.1446200677394,0.0,0.0,0.0,0.0,0.0,0.0,0.0,0.0,0.0,0.0,0.0,0.0,0.0,0.0,0.0,0.0,0.0,0.0,0.0,0.0,0.0,0.0,1.5786413527571615,0.48188075480987838,123.64456696369618,142.42350991978405,3979.8492491320446,0.253220321891354,0.038647790276458187,16.565598255395416,19.109734324320557,519.6081232540287,2.7922029314527485,0.5276271601384636,295.86889481044877,340.6283890832414,9499.038970353744,0.3663527149641206,0.06922764833033265,282.9382884355216,327.12823714033859,8392.873620108463,0.0,0.0,10.35402409106495,12.201355137530497,203.18037426940828,0.0,0.0,36.58897743117514,42.68372485779274,913.0521072274578,0.0,0.0,280.38548791724289,327.5725999820884,6831.934917182962,0.0,0.0,26.2770257712734,30.828558444163435,585.1554603712727,0.0,0.0,180.34456855497775,211.85417873663668,3855.786969642976,31.42834568016107,21.555792647572756,295.77777024884866,343.6636174192548,8783.828125206292,0.0,0.0,202.55376078156633,238.4078826482339,4122.959892748624,1045.7965464704963,21.6134029351626,29.369038338401766,21.5,30.0,0.0,21.18169671781711,35.684233776225088,21.0,30.0,2297.078781097937,21.644442971185293,28.91229996936685,21.5,30.0,0.0,20.459976827439158,31.25866703178639,16.0,30.0,0.0,15.16325400718248,43.46508000178174,12.0,30.0,0.0,17.97613886603135,36.49996808653346,16.0,30.0,0.0,17.659437807321156,37.41739614533769,10.0,30.0,692.6705182407507,16.644061604110097,39.740821404347787,16.25,30.0,0.0,16.081789325496787,41.317463619201507,16.0,30.0,0.0,18.7640346182618,0.0,0.0,0.0,15.52759501787724,0.0,0.0,596.7482445645884,908.0312118461393,574.1284828042443,584.0476585479116,573.2390624645602,582.7504343832892,592.5527291788869,583.4163317212915,591.216409667609,7289.41632878346,81.8728634842594,83.60308847992828,240.0,0.0,240.0,240.0,21.0,16.0,16.0,16.0,16.0,12.0,21.0,10.0,1.0,0.0,1045.7965464704963,0.0,2297.078781097937,0.0,0.0,0.0,692.6705182407507,0.0,2618.5045750210717,1571102.745012643,2034817.2257426144,81.8728634842594,83.63247344430752,0.25728348583403579,0.5377621774583885,0.27021103051474468,83.63247344430752,0.2656985864579156,2034817.2257426144,0.11546382907194929 
 03/03  18:30:00,5.3,77.0,1.955,0.0,0.0,0.0,0.0,0.0,0.0,0.0,0.0,4.0,0.0,0.0,0.0,1052.0,0.0,0.0,0.0,0.0,0.0,0.0,0.0,0.0,0.0,0.0,0.0,20.79541713218861,-544.7438907937576,20.507448693434879,-81.19042354741836,20.770822820606488,-1465.429380114713,19.606167277096384,474.7875530958743,15.116222262511198,36.85903727039231,17.88101907893515,-22.616087942347975,17.142897910181437,307.6478821246426,16.261660034194195,-57.67903940853654,16.857416557071166,-274.8548178893145,949.9954444904345,718.7546280129411,0.0,0.0,0.0,0.0,0.0,0.0,0.0,0.0,0.0,0.0,0.0,0.0,0.0,0.0,0.0,0.0,0.0,0.0,0.0,0.0,0.0,0.0,1.5445901638155933,0.4714866189913289,183.84255806538153,212.3701971290599,5776.814153790105,0.2569686498479164,0.03921987940291764,16.92113913130777,19.512512150920338,526.7979567941657,2.8365527236667265,0.5360076953262901,358.1642562068906,412.89593288605297,11420.678897001631,0.37045109143662438,0.07000209588749514,281.58499151582068,325.59630993088038,8378.850328902556,0.0,0.0,10.523612832834856,12.403331074612833,206.79021072528477,0.0,0.0,34.16448283604189,39.889341318011819,848.022084490182,0.0,0.0,222.07454737780206,259.6182733718232,5431.0534584083829,0.0,0.0,19.14662630348563,22.42224240816504,438.4526038282741,0.0,0.0,142.05811861298137,166.58623286684148,3252.475814854945,31.59204377825957,21.668068435020289,352.73741073378377,409.9375343236734,10469.913625778841,0.0,0.0,145.16462227871089,171.18975221708309,2886.596833032103,937.2709076258981,21.54994602646191,29.555515019725186,21.5,30.0,0.0,21.063399308885005,38.00943960156678,21.0,30.0,2069.9361944943786,21.68039696188937,28.74889547553462,21.5,30.0,0.0,20.504994502259558,31.095085009714127,16.0,30.0,0.0,15.178667578447405,43.57224658052236,12.0,30.0,0.0,17.902891446678156,36.755751996732417,16.0,30.0,0.0,17.757701661722984,37.27706931137597,10.0,30.0,0.0,16.93667915323811,39.100538802304019,16.0,30.0,1596.0263535082857,17.16413609342141,38.631677525941707,16.5,30.0,0.0,19.147185418384696,0.0,0.0,0.0,15.115957681534038,0.0,0.0,599.2768601617864,1026.2457924763717,565.86904753487,577.499555909541,580.1730252414,587.2240830226269,595.4372601817584,588.6798774167713,590.6667969482498,10346.661627272228,81.16332589698416,86.5792396230359,240.0,0.0,240.0,240.0,21.0,16.0,16.0,16.0,16.0,12.0,21.0,10.0,1.0,0.0,937.2709076258981,0.0,2069.9361944943786,0.0,0.0,0.0,0.0,1596.0263535082857,8196.009012819562,4917605.407691738,6426064.208649866,81.16332589698416,86.67121981770393,0.3582003004273188,0.7656790659358232,0.36028137401965956,86.67121981770393,0.3542647819438875,6426064.208649866,0.34378200551645979 
 03/03  18:40:00,5.303333333333333,77.0,2.04,0.0,0.0,0.0,0.0,0.0,0.0,0.0,0.0,4.0,0.0,0.0,0.0,2104.0,0.0,0.0,0.0,0.0,0.0,0.0,0.0,0.0,0.0,0.0,0.0,20.81161738894179,-689.8695825672403,20.753435806854129,-102.55217492296618,20.67453005170784,-1245.8921654139918,19.680660069479186,496.7462703701683,15.13647968437645,40.06396430916057,18.754441434883597,-140.41778404328023,17.43325184178064,352.45465135796919,16.944748801654606,-79.29300773464759,16.76308321259092,-459.792153695713,929.0110344819083,939.3558570743556,0.0,0.0,0.0,0.0,0.0,0.0,0.0,0.0,0.0,0.0,0.0,0.0,0.0,0.0,0.0,0.0,0.0,0.0,0.0,0.0,0.0,0.0,1.553398234716549,0.47417528532251188,142.2543853338243,164.1665278674227,4542.148748100783,0.24028458261309436,0.03667347109479462,18.81633804271456,21.681716806965026,597.332320150656,2.8505325997005457,0.538649395257095,304.9104257820956,351.71406598978367,9752.11074565572,0.3812545247244862,0.07204356098346299,317.4529662397812,367.41272948826949,9489.893320787844,0.0,0.0,10.972792839570867,12.939910357682504,215.91071557789517,0.0,0.0,53.91547720645511,62.609529532601417,1495.1945298455328,0.0,0.0,243.5370153923102,284.06715143173,6215.47776645862,0.0,0.0,19.475375145089264,22.77012760456873,480.86072795744635,0.0,0.0,137.03711577083488,160.4782021002493,3187.975093336579,31.81043019247508,21.817853355607065,315.634672784523,367.25019833904676,9370.009759761637,0.0,0.0,147.53478497069657,174.02482294444676,2860.9470086582039,914.4309218945469,21.586852431463745,29.56353198326167,21.5,30.0,864.1878416181422,21.365488662778057,38.24465128302824,21.5,30.0,1755.8400211921012,21.552979091446298,29.095171285357354,21.5,30.0,0.0,20.615139319064207,30.919814609277127,16.0,30.0,0.0,15.194280962431057,43.63427753273322,12.0,30.0,1667.8016065509042,19.242669574093534,33.89807881274111,20.0,30.0,0.0,18.268137252347846,36.0878306676863,10.0,30.0,1356.7491765847659,17.96936813556118,36.689423246804299,20.7,30.0,0.0,17.151819093270527,38.63330301833594,16.0,30.0,0.0,19.032510049266823,0.0,0.0,0.0,14.994441297354092,0.0,0.0,603.0130304101747,1082.3578380426987,571.5715448456089,577.8744720601495,584.488912770395,590.3015965032248,594.0013518959875,589.5012593889088,590.425867108111,10696.720140571762,80.93175305853313,84.79926632679249,240.0,0.0,240.0,240.0,21.0,16.0,19.0,16.0,19.7,12.0,21.0,10.0,1.0,0.0,914.4309218945469,864.1878416181422,1755.8400211921012,0.0,1667.8016065509042,0.0,1356.7491765847659,0.0,5852.263217541334,3511357.9305248,4564837.370607423,80.93175305853313,84.86494954135047,0.3650754405847111,0.7677019281619949,0.36028137401965956,84.86494954135047,0.3542647819438875,4564837.370607423,0.24697154327158603 
 03/03  18:50:00,5.306666666666667,77.0,2.125,0.0,0.0,0.0,0.0,0.0,0.0,0.0,0.0,4.0,0.0,0.0,0.0,1315.0,0.0,0.0,0.0,0.0,0.0,0.0,0.0,0.0,0.0,0.0,0.0,20.750885382762058,-524.8876263530459,20.97137814439204,-160.17941008811298,20.836584011980997,-1494.65508670035,19.71846916723357,501.6345226402991,15.16569493197089,43.10008320308428,18.95215586498642,-200.23156362750263,17.37915023652124,123.80520547324596,18.024583574343845,-137.3666047982579,16.260751182361873,-297.9689200409743,959.5741194262932,1161.3556652567555,0.0,0.0,0.0,0.0,0.0,0.0,0.0,0.0,0.0,0.0,0.0,0.0,0.0,0.0,0.0,0.0,0.0,0.0,0.0,0.0,0.0,0.0,1.6015325064486992,0.48886828646175198,179.20138900145006,206.68086322623416,5703.717231069715,0.17890741937471203,0.027305772187837614,28.67727819262126,33.02845280092042,921.0223387341625,2.75134110516363,0.5199057265993257,352.2643323469896,406.22049704445808,11241.812106845868,0.3750631826819434,0.07087361728683736,319.9426598474595,370.19013650797185,9590.797582472775,0.0,0.0,11.072700668072696,13.055538312483695,218.5553584123424,0.0,0.0,74.65327712555069,86.73713545809798,2070.8076247355804,0.0,0.0,304.9227190820144,355.9649168107751,7669.436171924092,0.0,0.0,30.625951651029238,35.504499727634179,876.1205946812288,0.0,0.0,201.71316519288684,236.9037740033424,4399.136221164002,31.945628534526855,21.9105819852722,362.8484056541671,421.7226347446606,10814.350676429462,0.0,0.0,205.3804610762806,241.872799365111,4173.663240665726,825.6001182704771,21.452289490547995,30.232040689914329,21.4,30.0,0.0,21.739901585027515,36.71644758318437,21.0,30.0,1711.7989386755567,21.56576619593072,29.27846400131036,21.400000000000003,30.0,0.0,20.654021235017049,31.041403946257135,16.0,30.0,0.0,15.227349302301793,43.669100854670379,12.000000000000002,30.0,0.0,19.474482070177318,33.73446174592262,19.0,30.0,0.0,18.08957739068784,36.680550886681498,10.0,30.0,1280.71984168184,19.798826361301676,32.80222431466299,20.7,30.0,0.0,16.325311202417905,40.8317797971252,16.0,30.0,0.0,19.174008396247225,0.0,0.0,0.0,15.500104826050177,0.0,0.0,625.5483695933925,1031.7433298661504,582.4797193878153,587.3602725530059,589.2386494194643,606.8187140534999,601.7493726467343,593.6398678243802,594.6522868568245,9807.968757462118,81.5195633311667,84.46983460849092,240.0,0.0,240.0,240.0,21.0,16.0,19.0,16.0,19.7,12.0,21.0,10.0,1.0,0.0,825.6001182704771,0.0,1711.7989386755567,0.0,0.0,0.0,1280.71984168184,0.0,4464.566850253816,2678740.1101522895,3481675.0376795378,81.5195633311667,84.51994000900837,0.35281889500846055,0.7677127769889895,0.36028137401965956,84.51994000900837,0.35426478194388757,3481675.0376795378,0.190687101959336 
 03/03  19:00:00,5.31,77.0,2.21,0.0,0.0,0.0,0.0,0.0,0.0,0.0,0.0,4.0,0.0,0.0,0.0,526.0,0.0,0.0,0.0,0.0,0.0,0.0,0.0,0.0,0.0,0.0,0.0,20.80734759412331,-1121.0654709499673,20.75244111121794,-115.21336855256374,20.11883965041568,-4.788411017058934,19.609660890840538,83.99147587461607,15.195614714200876,43.18442824090491,18.94895258424971,-233.97166472643517,17.254873075093529,185.8620338642795,18.592962463001265,-265.08984905724619,16.030697769387446,-155.54692572280647,976.4140790500305,1224.7038592119389,0.0,0.0,0.0,0.0,0.0,0.0,0.0,0.0,0.0,0.0,0.0,0.0,0.0,0.0,0.0,0.0,0.0,0.0,0.0,0.0,0.0,0.0,1.4629186909634815,0.44655637697297975,274.68676204266196,316.5840923762423,8542.884687441745,0.19429918670869227,0.029654943026357185,23.281625305128384,26.820589878370993,735.2472015899784,3.219400505575159,0.6083523253165457,386.4633832993718,446.4641442523455,11741.224038304585,0.37507780601304549,0.07087638057691712,213.00930496078858,246.6195283202838,6340.519991238872,0.0,0.0,11.300389439093149,13.309680278296512,223.8102712192051,0.0,0.0,73.14005720481971,84.91401194933809,2027.3209573414939,0.0,0.0,323.9147954808485,378.0743543824151,8015.423932524532,0.0,0.0,42.121533285085238,48.684968238382968,1264.2119297118548,0.0,0.0,220.34163727514017,258.83917686582188,4678.0837346032189,32.067302575415698,21.99403468821379,393.37546613855479,456.86977157710376,11613.891484800282,0.0,0.0,224.41079153876323,263.9773420205157,4601.029681501853,1264.5367321916397,21.511948966587906,29.94261998143633,21.0,30.0,0.0,21.403374885849688,37.43025329997485,21.0,30.0,121.83626583699831,20.71045400090864,31.319358177994368,21.0,30.0,0.0,20.39751621560929,31.683542552351754,16.0,30.0,0.0,15.262070426514974,43.73372687981448,12.0,30.0,940.5352900447538,19.46163904211377,33.78946194861472,19.5,30.0,0.0,17.861994699677589,37.37168488481,10.0,30.0,1161.9535946213887,20.683388696206508,31.175813217976346,20.7,30.0,48.05231616970121,16.007800276616665,41.79113390044532,16.0,30.0,0.0,19.236482757955867,0.0,0.0,0.0,15.611718534305485,0.0,0.0,614.694011609419,1019.3034012003382,607.6236542372183,593.896214702158,595.120013962623,607.0511416939908,608.611400203905,599.6597542581524,599.186142179381,10812.827494893776,80.85511289792388,87.88068250478503,240.0,0.0,240.0,240.0,21.0,16.0,19.0,16.0,19.7,12.0,21.0,10.0,1.0,0.0,1264.5367321916397,0.0,121.83626583699831,0.0,940.5352900447538,0.0,1161.9535946213887,48.05231616970121,10632.256483140838,6379353.889884504,8342152.666806843,80.85511289792388,88.0,0.35440854943802799,0.7647909668858998,0.36028137401965956,88.0,0.3542647819438875,8342152.666806843,0.44347193867395598 
 03/03  19:10:00,5.185,77.5,2.283333333333333,0.0,0.0,0.0,0.0,1.0,2.0,0.0,0.0,4.0,0.0,0.0,0.0,1052.0,0.0,0.0,0.0,0.0,0.0,0.0,0.0,0.0,0.0,0.0,0.0,20.717023037562478,-844.4048585231867,20.658145945806223,-76.10685425647685,20.935139740826658,-1481.2247972552055,19.62791126405708,729.2333530826327,15.215868178749453,39.13113521949013,19.198005584674008,-69.3579701026156,17.271483937766729,273.67823556711417,18.37019856162931,-191.16352947696215,16.589348330847679,-454.914199887784,990.5129041611749,1037.5053166903747,0.0,0.0,0.0,0.0,0.0,0.0,0.0,0.0,0.0,0.0,0.0,0.0,0.0,0.0,0.0,0.0,0.0,0.0,0.0,0.0,0.0,0.0,1.507987810884095,0.46031373958610957,285.55526413589498,329.64695672674278,9110.024401382134,0.2440695221975437,0.03725114807654818,16.722675936129087,19.30838469442178,530.9416574602406,2.6730932976997989,0.5051196707671579,418.5155616035098,482.65535868621296,13609.224947375478,0.39618659765606525,0.07486519230084375,347.5993253922582,402.4061523957911,10462.390386175008,0.0,0.0,11.24477465695651,13.257487080390576,225.8862668511951,0.0,0.0,14.175125463394199,16.445107698578913,408.1158261066367,0.0,0.0,212.1581564645848,247.96509026555476,5310.611702721232,0.0,0.0,41.166485112851038,47.75925901546192,1196.7919922335403,0.0,0.0,167.12904530413293,196.01076113696304,3878.7251412830785,32.47614534620678,22.274448111252938,425.74617170311429,495.1310250141964,12703.241454652574,0.0,0.0,170.52507146687806,201.09766779285978,3443.5403769494198,1160.4178342667079,21.559423252112123,29.778060384783666,21.75,30.0,0.0,21.256465513495106,38.637603266780498,21.0,30.0,2206.6158986972488,21.785274108208577,29.230388204916708,21.5,30.0,0.0,20.535685422565206,31.68790414095956,16.0,30.0,0.0,15.278729200539118,43.8018743519958,12.0,30.0,233.36462489447224,19.901603305986204,34.38228272188641,19.5,30.0,0.0,17.89446845056574,37.25089654970126,10.0,30.0,623.8391151100896,20.05564862717138,33.32772828265924,20.2,30.0,1063.9864413665087,16.9195245367279,39.598339513915998,16.75,30.0,0.0,19.224534649465708,0.0,0.0,0.0,15.273173352808481,0.0,0.0,608.6691087781231,1069.9932543973762,600.4654607948671,607.7549745629223,598.9804994353618,698.6387874317743,605.227869353792,649.8964939825528,605.5368270376931,10368.134430826321,81.14918799616732,84.80372922268573,270.0,0.0,270.0,270.0,21.0,16.0,19.0,16.0,19.7,12.0,21.0,10.0,1.0,0.0,1160.4178342667079,0.0,2206.6158986972488,0.0,233.36462489447224,0.0,623.8391151100896,1063.9864413665087,5530.41935585204,3318251.6135112245,4334730.242923573,81.14918799616732,84.86579546495627,0.35434731186173476,0.7661848434501657,0.36028137401965956,84.86579546495627,0.3542647819438875,4334730.242923573,0.23634097263202578 
 03/03  19:20:00,5.06,78.0,2.3566666666666666,0.0,0.0,0.0,0.0,1.0,2.0,0.0,0.0,4.0,0.0,0.0,0.0,789.0,0.0,0.0,0.0,0.0,0.0,0.0,0.0,0.0,0.0,0.0,0.0,20.921866898195625,-767.5357162807939,20.590056552082787,-69.87874506736081,20.78803427550717,-1387.0515749510367,19.726821441088846,447.2182527818359,15.23768809604967,41.03703510209283,18.949345108316554,-61.13342242856828,17.353841426490747,136.68267133637372,18.63191024880166,-231.2339504079028,16.255954153930767,-327.8906948710809,1040.2894126899205,1239.5718600803189,0.0,0.0,0.0,0.0,0.0,0.0,0.0,0.0,0.0,0.0,0.0,0.0,0.0,0.0,0.0,0.0,0.0,0.0,0.0,0.0,0.0,0.0,1.4900243405343333,0.45483038477848988,239.79561568042005,276.5824589942116,7750.455489092614,0.24836268841611787,0.0379063932259032,15.87342814567853,18.311090745469455,505.273038252624,2.864725075041063,0.5413312689042069,463.75867997411867,534.9454824549638,14994.735287780008,0.39034749898376849,0.07376181008763572,285.76560620057196,330.62596000692948,8732.766999863297,0.0,0.0,11.31324586681977,13.337692977151275,230.6047965582556,0.0,0.0,14.458794663672937,16.79339850889954,408.7053794198845,0.0,0.0,240.16594979930898,280.45083345449316,6122.25222181412,0.0,0.0,44.73362882233987,51.794627396240127,1344.490919528338,0.0,0.0,196.21896632753613,230.4636858798359,4369.177467249049,32.838086767219369,22.522693255980358,442.1382510052832,513.8001992734294,13347.054329937155,0.0,0.0,200.5641940641055,236.2540412797265,4147.227615317896,1241.9954460425548,21.653409275907664,29.90656647520103,21.666666666666658,29.99999999999999,0.0,21.151584439216529,40.38502095007518,20.999999999999994,29.99999999999999,2213.491375465879,21.545389658666588,29.635938900625154,21.666666666666658,29.99999999999999,0.0,20.62653519488648,31.744576389954085,15.999999999999993,29.99999999999999,0.0,15.301126878080755,43.884203500986718,11.999999999999995,29.99999999999999,0.0,19.476776309365037,37.10293883565209,18.999999999999994,29.99999999999999,0.0,18.001884786365744,37.155884976351519,9.999999999999997,29.99999999999999,711.3851788914374,20.463896921172464,32.859783869775998,20.366666666666658,29.99999999999999,0.0,16.308661572170619,41.41677286030142,15.999999999999993,29.99999999999999,0.0,19.40016284113041,0.0,0.0,0.0,15.412253048508083,0.0,0.0,625.7815079886573,1159.5423322176453,597.6090449988329,620.2876958044394,603.8811307905676,806.8322253260404,612.0410559242228,670.9243579802223,615.4703742402975,9732.420636312374,81.56951107886639,84.05018870588214,269.9999999999999,0.0,269.9999999999999,269.9999999999999,21.0,16.0,19.0,16.0,19.7,12.0,21.0,10.0,1.0,0.0,1241.9954460425548,0.0,2213.491375465879,0.0,0.0,0.0,711.3851788914374,0.0,3753.9475693522847,2252368.5416113717,2954212.2994246536,81.56951107886639,84.09231884727342,0.3517982523117427,0.7653539539207191,0.36028137401965945,84.09231884727342,0.35426478194388735,2954212.2994246536,0.16461403957008198 
 03/03  19:30:00,4.935,78.5,2.4299999999999999,0.0,0.0,0.0,0.0,1.0,2.0,0.0,0.0,4.0,0.0,0.0,0.0,1052.0,0.0,0.0,0.0,0.0,0.0,0.0,0.0,0.0,0.0,0.0,0.0,20.918755637982316,-699.983428420946,20.536379978841823,-78.66476250328144,20.884944509594477,-1432.7342127379862,19.739203772715667,438.8491850750638,15.25593860254934,36.89888768138336,18.764955935977875,-54.48880784283541,17.174886279917439,159.16592386292929,18.570285967313767,-233.3957049112738,16.39457189769747,-337.70523670981665,1009.5752239614176,1124.557780423936,0.0,0.0,0.0,0.0,0.0,0.0,0.0,0.0,0.0,0.0,0.0,0.0,0.0,0.0,0.0,0.0,0.0,0.0,0.0,0.0,0.0,0.0,1.5607179589623457,0.47640963338288946,226.65550129141844,261.6349425081421,7399.3036447187409,0.23913886230166615,0.03649860535739716,18.484431013693546,21.352503334395889,588.5548878974832,2.6812114097063826,0.5066537055378653,381.67131996952267,440.4848947136203,12447.534193085121,0.37235811410574096,0.07036245542436523,306.9765451437552,355.4446303689761,9415.044274229675,0.0,0.0,10.980650771014444,12.950267516204042,226.93065302568946,0.0,0.0,14.380167756981125,16.724985120877049,402.1117450794058,0.0,0.0,230.4088334123166,269.6415885969656,5780.973589867643,0.0,0.0,44.8879829909046,52.05311392653876,1340.7552197115268,0.0,0.0,188.98215691062698,222.10728561738822,4308.081959575805,33.07645119279138,22.686180516317827,377.5459428599607,439.1830247691104,11546.335297824366,0.0,0.0,193.15636310966307,227.87706438279219,4001.599728794609,1417.2806166510637,21.649755186952448,29.9844415064142,21.75,30.0,0.0,21.066547155931994,40.80555373915824,21.0,30.0,1924.9387119537692,21.61722041900957,29.657404336468948,21.5,30.0,0.0,20.617602718464008,31.737447906734773,16.0,30.0,0.0,15.316960362643002,44.050010101513127,12.0,30.0,0.0,19.179683790015326,39.054037164422627,19.0,30.0,0.0,17.657073098719335,38.23235838330717,10.0,30.0,1016.5311581491512,20.204082097746544,33.494486380723248,20.45,30.0,922.4003811032501,16.494910777618164,41.22746566962186,16.5,30.0,0.0,19.240174029012019,0.0,0.0,0.0,15.293987991269653,0.0,0.0,629.0609792613791,1177.517641093207,607.1784624537745,618.7360359921008,611.8620151753944,883.6476736412902,623.7097933220543,678.0466007512169,627.6075879338616,10197.957790378865,81.26151477554669,85.15741014890796,270.0,0.0,270.0,270.0,21.0,16.0,19.0,16.0,19.7,12.0,21.0,10.0,1.0,0.0,1417.2806166510637,0.0,1924.9387119537692,0.0,0.0,0.0,1016.5311581491512,922.4003811032501,5895.23024128139,3537138.144768834,4597858.513718532,81.26151477554669,85.22357538583268,0.36650767470937969,0.7677853681745407,0.36028137401965956,85.22357538583268,0.3542647819438875,4597858.513718532,0.2501436427133637 
 03/03  19:40:00,4.81,79.0,2.5033333333333336,0.0,0.0,0.0,0.0,1.0,2.0,0.0,0.0,4.0,0.0,0.0,0.0,1052.0,0.0,0.0,0.0,0.0,0.0,0.0,0.0,0.0,0.0,0.0,0.0,20.77127325948137,-507.96251446950688,20.730222093835168,-92.40552766922318,20.992575463579745,-1635.7612467385628,19.733466117404349,427.68551810311376,15.272080070682354,36.616869684916228,18.996551194404867,-40.37800705626236,17.32565983277317,207.135307185201,18.685366622316665,-202.13986876977328,16.60023701883165,-516.6322504708444,1018.7927141553693,1221.5285935965272,0.0,0.0,0.0,0.0,0.0,0.0,0.0,0.0,0.0,0.0,0.0,0.0,0.0,0.0,0.0,0.0,0.0,0.0,0.0,0.0,0.0,0.0,1.605555657827528,0.4900963546482077,242.11650118914714,279.74808633366458,7864.133758016354,0.23721727610491065,0.03620532297083498,20.01515597999904,23.093412079675976,646.0488908959436,2.663454456481008,0.5032982721997372,391.62783880731106,451.9143725072997,12886.885580745537,0.3633993846712894,0.06866957382299498,265.20215136742316,306.99320730064087,8193.790776486785,0.0,0.0,10.621125022912742,12.530359555514043,222.46378300771003,0.0,0.0,12.402463662640225,14.418640023469159,355.0288691619695,0.0,0.0,210.57556915569735,246.20144594748124,5448.054161619789,0.0,0.0,44.99474809756906,52.15935979134762,1366.8514635821003,0.0,0.0,171.8517196664958,201.67982425109467,4089.79653811232,33.36262021432404,22.882455565380018,386.6188258333766,449.54897597906855,11975.212419460331,0.0,0.0,176.3307366615169,208.09210345549676,3658.144503773143,628.1785336193111,21.326903752321557,31.01281575701984,21.250000000000008,30.00000000000001,530.9838555676106,21.17264944970976,40.93620195494517,21.250000000000008,30.00000000000001,2104.164127117499,21.67092999599243,29.448704047069979,21.500000000000008,30.00000000000001,0.0,20.584693760719988,31.893936075276025,16.000000000000008,30.00000000000001,0.0,15.330991338074988,44.30419996390216,12.000000000000004,30.00000000000001,741.2450044098314,19.41817645820549,39.38023120958535,19.500000000000008,30.00000000000001,0.0,17.928367859345437,37.99171988720656,10.000000000000004,30.00000000000001,421.5549822257309,20.3429718022074,33.545285237617068,20.200000000000008,30.00000000000001,385.17678536624069,16.826805644774649,40.78861180958859,16.500000000000008,30.00000000000001,0.0,19.21285462326686,0.0,0.0,0.0,15.202148470208237,0.0,0.0,655.175135411577,1206.426740032071,601.6249554482506,624.5163565961,623.3523234818307,944.130265172023,643.5897252428267,694.0292291180392,647.2638943923205,10469.307818636684,81.08218475905119,84.89499027407274,270.0000000000001,0.0,270.0000000000001,270.0000000000001,21.0,16.0,19.0,16.0,19.7,12.0,21.0,10.0,1.0,0.0,628.1785336193111,530.9838555676106,2104.164127117499,0.0,741.2450044098314,0.0,421.5549822257309,385.17678536624069,5769.612066634854,3461767.2399809129,4499321.533583245,81.08218475905119,84.95974436936345,0.3623204022211619,0.7690649335439004,0.36028137401965967,84.95974436936345,0.35426478194388769,4499321.533583245,0.24507971974632876 
 03/03  19:50:00,4.685,79.5,2.5766666666666668,0.0,0.0,0.0,0.0,1.0,2.0,0.0,0.0,4.0,0.0,0.0,0.0,789.0,0.0,0.0,0.0,0.0,0.0,0.0,0.0,0.0,0.0,0.0,0.0,20.73545148401172,-405.4797944285365,21.091347023641484,-170.37467134040598,21.023412925857973,-1695.711979139452,19.79386538137772,481.88418956257717,15.285834434804876,35.690570426306567,19.1355353843947,-43.76067716733999,17.262508930816737,103.17043487415633,18.641015083409838,-208.3436118881159,16.185233311227799,-331.61560260266648,1089.1812208613577,1242.3788988458117,0.0,0.0,0.0,0.0,0.0,0.0,0.0,0.0,0.0,0.0,0.0,0.0,0.0,0.0,0.0,0.0,0.0,0.0,0.0,0.0,0.0,0.0,1.6420216130662602,0.501227598616075,268.09467801950748,309.702810863355,8683.305115260471,0.1757771740665962,0.026828018019932288,30.62604074534339,35.23494392037808,1032.7660530015367,2.8037608993582836,0.5298112054720875,449.34346248900826,518.3022123614998,14981.022592423327,0.39017875641225788,0.07372992373625437,317.86275669568286,367.9965954169379,9949.060778096427,0.0,0.0,10.444362984471646,12.319226728187525,221.62222240948587,0.0,0.0,13.137395002083992,15.24725152230858,386.9296451926605,0.0,0.0,233.87903921961249,273.48111052891945,6044.210473210636,0.0,0.0,42.99690901878305,49.856656119287169,1306.2628313193198,0.0,0.0,195.1570791625304,229.46372744128935,4442.966641186755,33.838553756583909,23.208884606710528,447.8255320424349,520.476455358001,13968.026346927956,0.0,0.0,199.64983748498575,235.49418965245995,4198.297243008358,460.3903355324278,21.366788423851668,31.06844370064221,21.000000000000015,30.00000000000002,478.55589931597577,21.95206742037498,37.67036663567201,21.666666666666687,30.00000000000002,2232.627123443215,21.702415587922436,29.68157709333248,22.000000000000019,30.00000000000002,0.0,20.680610120283935,31.88188724534426,16.000000000000015,30.00000000000002,0.0,15.3412701857478,44.64323589205671,12.00000000000001,30.00000000000002,0.0,19.711755770361817,39.84821230592881,19.000000000000015,30.00000000000002,0.0,17.78194920856329,38.5544841230049,10.000000000000007,30.00000000000002,1011.7032437519245,20.199816418995924,34.05382470943763,20.36666666666668,30.00000000000002,0.0,16.164915692473575,42.824643065876347,16.000000000000015,30.00000000000002,0.0,19.424960874939754,0.0,0.0,0.0,15.217106243412996,0.0,0.0,662.861638443714,1118.560485385412,618.9337782632797,634.5448305752566,638.5465714353304,1009.349659944075,653.4665543219344,709.1936835189858,659.3952139671156,9792.231420249485,81.52992733942588,84.14619099842196,270.0000000000002,0.0,270.0000000000002,270.0000000000002,21.0,16.0,19.0,16.0,19.7,12.0,21.0,10.0,1.0,0.0,460.3903355324278,478.55589931597577,2232.627123443215,0.0,0.0,0.0,1011.7032437519245,0.0,3958.892597669213,2375335.558601526,3086129.442373486,81.52992733942588,84.19062384075102,0.3586297532556406,0.768273354287504,0.3602813740196598,84.19062384075102,0.3542647819438878,3086129.442373486,0.17175873100342127 
 03/03  20:00:00,4.56,80.0,2.65,0.0,0.0,0.0,0.0,1.0,2.0,0.0,0.0,4.0,0.0,0.0,0.0,1052.0,0.0,0.0,0.0,0.0,0.0,0.0,0.0,0.0,0.0,0.0,0.0,20.942206977354279,-768.4657076812373,20.911859139967409,-143.82836707440419,20.975862096938699,-1317.5863978409375,19.79680317043495,403.6584646643146,15.298482841528485,33.03474982245933,18.908336767980836,-43.5510628556803,17.173909511174263,234.47589162221994,18.7715423093853,-262.09438901798958,16.80494557966496,-511.6110396500684,1013.9440072819045,1130.286779787271,0.0,0.0,0.0,0.0,0.0,0.0,0.0,0.0,0.0,0.0,0.0,0.0,0.0,0.0,0.0,0.0,0.0,0.0,0.0,0.0,0.0,0.0,1.6292564649532678,0.4973310332580183,213.3378689633111,246.19693695562854,7161.808602343609,0.19372067520959669,0.02956664762051231,27.95069581568321,32.26038255589693,934.9496247126156,2.8164471305861689,0.5322084524917177,358.3807975630449,413.73597225408357,11997.542422563714,0.38248189989457506,0.07227549128771256,291.6568359894085,337.849609054763,9185.719918003571,0.0,0.0,10.702016219918085,12.627188151809858,229.99179332014877,0.0,0.0,13.337536139736825,15.507302657622255,388.4324572798463,0.0,0.0,207.46881907075889,242.96656039877349,5350.808672281664,0.0,0.0,47.826965642180358,55.464502458940739,1479.5384275738746,0.0,0.0,168.69475794035587,198.12052851035589,4098.7533603457309,34.047850454658149,23.35243515408653,357.52137888868517,416.05124780469296,11311.857525284795,0.0,0.0,173.15546963745335,204.56717299550258,3643.805639121912,1505.349413049788,21.67472605661898,30.583911646294938,21.75,30.0,0.0,21.61658534089267,37.03276118845838,21.0,30.0,1752.2891067565407,21.542854896410618,30.2137661648362,21.5,30.0,0.0,20.650707892628995,32.14633234824198,16.0,30.0,0.0,15.350777783191248,45.04342814334811,12.0,30.0,0.0,19.390573981228088,41.6520883938033,19.0,30.0,0.0,17.64258614667838,39.15533068610569,10.0,30.0,476.7100051538538,20.351974812215528,33.93969071929079,20.2,30.0,1724.0398304395595,16.92032528924867,41.16557248093645,16.75,30.0,0.0,19.166228548641749,0.0,0.0,0.0,15.052081194345073,0.0,0.0,668.6895214651858,1025.8855133422276,632.9644272946164,645.8592725576921,656.6614749956411,1060.4806031265187,665.6767610537206,717.2707386308687,674.352798655129,9694.112677994142,81.59498161654349,83.33123699950036,270.0,0.0,270.0,270.0,21.0,16.0,19.0,16.0,19.7,12.0,21.0,10.0,1.0,0.0,1505.349413049788,0.0,1752.2891067565407,0.0,0.0,0.0,476.7100051538538,1724.0398304395595,2627.6216860416686,1576573.011625001,2044566.6487601428,81.59498161654349,83.36072437987528,0.3425873895347223,0.7702236487414524,0.36028137401965956,83.36072437987528,0.3542647819438875,2044566.6487601428,0.11776246573552743 
 03/03  20:10:00,4.471666666666667,80.5,2.7016666666666668,0.0,0.0,0.0,0.0,0.0,2.0,0.0,0.0,4.0,0.0,0.0,0.0,1317.0,0.0,0.0,0.0,0.0,0.0,0.0,0.0,0.0,0.0,0.0,0.0,20.87077526650527,-578.8640488843732,20.76977002841045,-122.91094030788976,21.001959348974756,-1375.1508321685947,19.795270015610237,399.4598861226401,15.308777937998342,32.4561331301272,18.844322605038756,-33.761341609800869,17.429496348773239,262.7672384975573,17.971988112739959,-73.28487846114625,16.78932403110472,-569.9227447821915,963.9273933941615,1032.9441751481355,0.0,0.0,0.0,0.0,0.0,0.0,0.0,0.0,0.0,0.0,0.0,0.0,0.0,0.0,0.0,0.0,0.0,0.0,0.0,0.0,0.0,0.0,1.6565063411716179,0.5056490662917028,151.05261054275469,174.57711273797026,5068.614509360248,0.22863727655983277,0.03489579923074371,23.379410084823147,27.00158411887797,777.5166128593619,2.7790112856102056,0.5251344077116792,302.9767817559567,349.9453241122554,10196.823514594778,0.37956852625500128,0.07172496716836757,289.2651191131196,335.2926849707877,9148.326637870447,0.0,0.0,10.777510384168327,12.722325888529142,233.67931702277063,0.0,0.0,12.538180994137111,14.589125625794744,364.13032145677269,0.0,0.0,189.20877571229037,221.19874158027745,5077.960971354198,0.0,0.0,28.943525420366535,33.747167802920049,829.6924909004792,0.0,0.0,141.9258125107079,166.51471523329853,3524.138046424345,34.17700481310282,23.44101839033116,308.2674414531788,359.1754046472044,9808.74648160705,0.0,0.0,144.70972044749224,171.13939610203264,2961.936949063072,780.3057279940898,21.4291768215754,31.073164357791734,21.4,30.0,0.0,21.380228520911837,38.12915067040262,21.0,30.0,1779.8142829403224,21.52634689725069,30.151244757808948,21.4,30.0,0.0,20.634666878593128,32.117480511374228,16.0,30.0,0.0,15.357572307486676,45.2884588587387,12.000000000000002,30.0,0.0,19.254989886137943,42.318942328060128,19.0,30.0,0.0,18.080659458990739,38.338094053172728,10.0,30.0,0.0,18.98208427900481,36.543987388661957,12.000000000000002,30.0,0.0,17.0509109991976,41.09501402289113,16.0,30.0,0.0,18.95919491858468,0.0,0.0,0.0,14.689133803623435,0.0,0.0,669.812132583709,1056.0591239217643,628.3500466740372,643.1262938470468,667.0085779715438,1082.936754716258,677.6461614670035,694.5455020291324,687.4488915633078,5588.710824194102,81.24885814857143,81.24885814857143,570.0,0.0,570.0,570.0,21.0,16.0,19.0,16.0,12.0,12.0,21.0,10.0,1.0,0.0,780.3057279940898,0.0,1779.8142829403224,0.0,0.0,0.0,0.0,0.0,0.0,0.0,0.0,81.24885814857143,81.24885814857143,0.20400000000000002,0.4325630802597335,0.21616882441179575,81.24885814857143,0.21255886916633252,0.0,0.02451 
 03/03  20:20:00,4.383333333333333,81.0,2.7533333333333336,0.0,0.0,0.0,0.0,0.0,2.0,0.0,0.0,4.0,0.0,0.0,0.0,793.0,0.0,0.0,0.0,0.0,0.0,0.0,0.0,0.0,0.0,0.0,0.0,20.86371796275862,-631.5112215103604,20.6610845149816,-115.30657741135087,20.86478732484356,-880.8330263166138,19.737106289135079,251.92225225115716,15.321011075538971,33.360018717642478,18.82550678154364,-42.07797653628823,17.357386764240986,82.76756363274457,17.41174420174854,-23.230898018145724,16.19345602345693,-417.0298621101654,915.4944737588141,1199.1773719586834,0.0,0.0,0.0,0.0,0.0,0.0,0.0,0.0,0.0,0.0,0.0,0.0,0.0,0.0,0.0,0.0,0.0,0.0,0.0,0.0,0.0,0.0,1.6712519680907177,0.5101501734098648,138.9304954239606,160.67973261964785,4624.9628522175139,0.23158555914968893,0.03534578131100258,23.151254975171505,26.731162782959335,766.6020701912989,2.893112764512373,0.5466955337324968,240.49029580089224,278.10980066366337,8042.080206567442,0.37415795880915567,0.07070256213324931,259.197518996541,300.56291524885946,8186.067647437036,0.0,0.0,10.495758319365543,12.384789443057264,229.70432245389066,0.0,0.0,12.652868935400598,14.716134606297047,368.90204559774238,0.0,0.0,236.19402109949056,276.2299054532183,6290.629622336915,0.0,0.0,20.560580830871847,24.039461688091224,555.320973155086,0.0,0.0,186.806942292175,219.75860344484384,4363.610385771721,34.23486617613787,23.480703824511573,256.23038442465539,298.9201391795348,8213.021377745341,0.0,0.0,189.17560943421877,223.49902031401678,3977.893631374414,887.6031873323071,21.43459922274486,31.166420772461977,21.333333333333326,29.99999999999999,0.0,21.202830188202947,38.95538174803676,20.999999999999994,29.99999999999999,1271.2691086489545,21.367886952643468,30.523735505179269,21.333333333333326,29.99999999999999,0.0,20.5100699099855,32.425611759229528,15.999999999999993,29.99999999999999,0.0,15.368988117224792,45.519230845929047,11.999999999999995,29.99999999999999,0.0,19.218450814283828,42.68565800563349,18.999999999999994,29.99999999999999,0.0,17.887686577573225,38.89092765810547,9.999999999999997,29.99999999999999,0.0,18.050950390575428,38.579582922932278,11.999999999999995,29.99999999999999,11.474909477424925,16.159879372660727,43.5741480944714,15.999999999999993,29.99999999999999,0.0,18.753742541715636,0.0,0.0,0.0,14.891160465566676,0.0,0.0,676.9643186525229,1084.5121108267604,632.491885398104,646.5871272687045,677.6069356199655,1103.6996317774768,681.6788588954554,686.2028149262051,690.6697284509232,7236.759624878842,81.01816451738353,83.57446832980945,569.9999999999998,0.0,569.9999999999998,569.9999999999998,21.0,16.0,19.0,16.0,12.0,12.0,21.0,10.0,1.0,0.0,887.6031873323071,0.0,1271.2691086489545,0.0,0.0,0.0,0.0,11.474909477424925,3868.263307777888,2320957.9846667337,3005236.6458352308,81.01816451738353,83.6178828548907,0.24227544359259624,0.4637500800617307,0.24018758267977295,83.6178828548907,0.2361765212959249,3005236.6458352308,0.18084563891676534 
 03/03  20:30:00,4.295,81.5,2.8049999999999999,0.0,0.0,0.0,0.0,0.0,2.0,0.0,0.0,4.0,0.0,0.0,0.0,1060.0,0.0,0.0,0.0,0.0,0.0,0.0,0.0,0.0,0.0,0.0,0.0,20.954569780555635,-527.1310958408378,20.58748774134389,-87.88440519916606,21.0583980695085,-1833.8931254732693,19.695778150006505,550.3844036703808,15.330806334983786,30.34916245077045,18.80813792224053,-41.32555581649814,17.333416503445784,326.0277435338011,17.048179651704165,-43.54884681607501,17.05228856237502,-494.7492211385001,1025.5772146382383,839.9366160887312,0.0,0.0,0.0,0.0,0.0,0.0,0.0,0.0,0.0,0.0,0.0,0.0,0.0,0.0,0.0,0.0,0.0,0.0,0.0,0.0,0.0,0.0,1.6591052492732628,0.5064423837830473,151.90740730778777,175.62697476688093,5150.871330140613,0.25856296321697877,0.03946321172420311,18.33611318952577,21.20951820702611,609.3478094001794,2.7264599812053644,0.5152040780811348,360.7004341018783,416.7148729092759,12246.84005532461,0.39367105461964149,0.07438984403243412,326.3973333173026,378.55231713654958,10347.663446111354,0.0,0.0,10.877776678303358,12.839815173754863,240.1678997181234,0.0,0.0,13.095721856483032,15.241601459050106,383.460764885911,0.0,0.0,180.39325373098087,211.28780488628014,4820.147907544043,0.0,0.0,14.976025378423423,17.549007568566418,390.2140701222113,0.0,0.0,121.10472051183315,142.21321838421165,3092.1899364643447,34.49062378440982,23.65612056543884,350.65478390566497,408.7433944270373,11124.210405152417,0.0,0.0,125.88441510273298,149.18481570955314,2574.116877519897,960.4658028653778,21.535328268907969,30.773270339422454,21.5,30.0,0.0,21.09410390018727,39.52629085751117,21.0,30.0,2220.2080514569458,21.6049235591998,30.006288122638055,21.5,30.0,0.0,20.4761279773629,32.41075294380324,16.0,30.0,0.0,15.376122093380616,45.651000788617,12.0,30.0,0.0,19.190736701708475,42.91569137850659,19.0,30.0,0.0,17.881280708433484,38.922265309655518,10.0,30.0,0.0,17.482707610825068,40.00467255810119,12.0,30.0,1706.793858968127,17.336267708213869,40.48738757777279,16.75,30.0,0.0,18.934824712784289,0.0,0.0,0.0,14.31875974990217,0.0,0.0,665.0348495570197,1108.6979321329962,629.0678234473464,642.8003213940851,683.6733903861825,1115.545450702519,681.9619253190117,686.9227448149372,692.2273502517834,9481.909417876204,81.73528280060828,83.45313105049955,570.0,0.0,570.0,570.0,21.0,16.0,19.0,16.0,12.0,12.0,21.0,10.0,1.0,0.0,960.4658028653778,0.0,2220.2080514569458,0.0,0.0,0.0,0.0,1706.793858968127,2599.7924336337889,1559875.4601802733,2030167.6531147077,81.73528280060828,83.48230581664753,0.341659747787793,0.7680383889972042,0.36028137401965956,83.48230581664753,0.3542647819438875,2030167.6531147077,0.13020538462863147 
 03/03  20:40:00,4.206666666666667,82.0,2.8566666666666666,0.0,0.0,0.0,0.0,0.0,2.0,0.0,0.0,4.0,0.0,0.0,0.0,1062.0,0.0,0.0,0.0,0.0,0.0,0.0,0.0,0.0,0.0,0.0,0.0,20.99345677829986,-574.5974742719423,20.549441633239274,-69.28930523548348,21.13179271144524,-1531.148740455548,19.77358487320873,418.47690289490938,15.34274874714702,34.987353119938777,18.799017292608867,-36.01843608063544,17.494393330885058,176.07509047844685,16.658964031970638,-133.37819494013218,16.696067937103139,-652.5933374155379,1053.1476483280067,1394.1317369817683,0.0,0.0,0.0,0.0,0.0,0.0,0.0,0.0,0.0,0.0,0.0,0.0,0.0,0.0,0.0,0.0,0.0,0.0,0.0,0.0,0.0,0.0,1.6968159831463295,0.5179535968090141,220.12006706763763,254.8026071526983,7432.438200015851,0.274673966900916,0.04192215612040844,16.729844019566455,19.35020405809024,558.6642306038318,2.8937772897125138,0.5468211053878527,374.8922707639531,433.25086663800075,12802.88318494766,0.3927015112833552,0.07420663478521451,250.34596496803938,290.02948404585757,8045.08968007978,0.0,0.0,10.90895348130437,12.879364619771906,243.0974206634086,0.0,0.0,13.352288905775343,15.543508923374953,393.09211843398779,0.0,0.0,239.66589707976039,280.36880128699326,6573.257635046034,0.0,0.0,27.55455923845151,32.37467696714552,692.1035447506824,0.0,0.0,163.22784600050296,191.78808343089484,4085.9525097619018,34.817338645129797,23.880204832050628,364.1765055813485,424.3361783967908,11750.967221726469,0.0,0.0,187.52113582904199,221.9812946337089,3931.5654572745627,904.2944532245433,21.56629845536829,30.72190069957309,21.250000000000008,30.00000000000001,0.0,21.043501920713937,40.88879756649705,21.000000000000008,30.00000000000001,2003.0245650871303,21.70188991147991,29.769122780696465,21.500000000000008,30.00000000000001,0.0,20.570133247816615,32.31416299697823,16.000000000000008,30.00000000000001,0.0,15.38960667547272,45.615373324683698,12.000000000000004,30.00000000000001,0.0,19.18001064525825,42.92554782272907,19.000000000000008,30.00000000000001,0.0,18.104690439121144,38.30401487774429,10.000000000000004,30.00000000000001,0.0,16.86171607577307,41.63220229099739,12.000000000000004,30.00000000000001,0.0,16.81457670069715,41.7208746742396,16.000000000000008,30.00000000000001,0.0,19.105517514411824,0.0,0.0,0.0,14.631068477230749,0.0,0.0,667.1543176714346,1186.8669538205205,627.0377514463879,649.0649385323987,683.6463350535141,1117.4907163034403,679.7127752917915,688.6713105975838,687.3625217179043,8138.843414486431,81.05910316539871,86.34728954768575,570.0000000000002,0.0,570.0000000000002,570.0000000000002,21.0,16.0,19.0,16.0,12.0,12.0,21.0,10.0,1.0,0.0,904.2944532245433,0.0,2003.0245650871303,0.0,0.0,0.0,0.0,0.0,8002.927143691714,4801756.286215029,6766568.258352165,81.05910316539871,86.43710050803097,0.26676423812305719,0.5357313136226068,0.27021103051474468,86.43710050803097,0.2656985864579156,6766568.258352165,0.37656154943431266 
 03/03  20:50:00,4.118333333333334,82.5,2.908333333333333,0.0,0.0,0.0,0.0,0.0,2.0,0.0,0.0,4.0,0.0,0.0,0.0,1066.0,0.0,0.0,0.0,0.0,0.0,0.0,0.0,0.0,0.0,0.0,0.0,20.849445582675409,-517.4284781048973,20.748769306097203,-94.62268651777399,21.1452747322502,-1739.1742111622819,19.791029785526125,381.47887308599538,15.35487350313532,33.24573349837347,18.782528299292176,-49.67315415448137,17.318476205655274,16.72987198486271,16.38667991842156,-78.42660819963848,16.200603018094819,-395.61480324390166,1077.4382466101916,1333.5873983300672,0.0,0.0,0.0,0.0,0.0,0.0,0.0,0.0,0.0,0.0,0.0,0.0,0.0,0.0,0.0,0.0,0.0,0.0,0.0,0.0,0.0,0.0,1.7378463449726452,0.5304781272810273,253.19773951954063,293.0091723769733,8562.442300207915,0.26335659543113396,0.04019484057251739,20.412526051700433,23.588552142010795,687.6605632362916,2.8032171421621348,0.5297084546791639,398.1561936843648,460.1563288517424,13631.84813908578,0.3851542000518728,0.07278046108312031,245.98906258111109,285.0428910920748,7947.574595562475,0.0,0.0,10.492379126958046,12.390542799339068,235.96458993592763,0.0,0.0,13.40513760879159,15.612987209717382,396.4075879618548,0.0,0.0,263.65411584073567,308.87026514782647,7100.4558029509739,0.0,0.0,25.280933360267477,29.747123520168878,620.7702916319107,0.0,0.0,190.8725027989329,224.84960419397962,4556.600780566607,34.947193731558119,23.969268677337536,392.2394578539442,456.8267981461057,12727.029700555133,0.0,0.0,213.218330316337,252.31973970390039,4563.170899099456,626.4170855394475,21.301351783794357,31.366428082014857,21.25,30.0,514.2720803851506,21.16577857630455,41.04879648819423,21.25,30.0,2088.853091997671,21.64929001905319,29.839992446818838,21.5,30.0,0.0,20.577868794330063,32.330405955355207,16.0,30.0,0.0,15.402872035144345,45.59425602250053,12.0,30.0,0.0,19.154176827109333,42.88578432557133,19.0,30.0,0.0,17.738711854580815,39.18890925469892,10.0,30.0,0.0,16.479702281420488,42.62580525923208,12.0,30.0,38.92894464898886,16.121557347636548,43.5680920630722,16.0,30.0,0.0,19.139163486695347,0.0,0.0,0.0,14.804362280248317,0.0,0.0,677.2762396242345,1218.9848826557405,627.0397869658311,652.2262766863133,684.9524563239256,1113.6143131292652,680.3493875924029,688.2542143279869,687.0999990856317,7338.327258164965,81.29928520354344,83.22002335010076,570.0,0.0,570.0,570.0,21.0,16.0,19.0,16.0,12.0,12.0,21.0,10.0,1.0,0.0,626.4170855394475,514.2720803851506,2088.853091997671,0.0,0.0,0.0,0.0,38.92894464898886,2906.5034126438906,1743902.0475863342,2257678.237783328,81.29928520354344,83.25264386024236,0.2668834470881297,0.540550211508502,0.27021103051474468,83.25264386024236,0.2656985864579156,2257678.237783328,0.1421626016980664 
 03/03  21:00:00,4.03,83.0,2.96,0.0,0.0,0.0,0.0,0.0,2.0,0.0,0.0,4.0,0.0,0.0,0.0,1068.0,0.0,0.0,0.0,0.0,0.0,0.0,0.0,0.0,0.0,0.0,0.0,21.002174662560415,-706.6677994912407,21.393760474925189,-211.88387069240316,21.10437434900968,-1187.7023539995549,19.87283430236308,432.49262467637666,15.35934231151241,27.07288858897269,18.782384232867409,-8.52983786159777,17.446891817879526,387.7881428750866,16.152964037525366,-145.02824264705689,17.155335047157715,-369.1368576533431,1162.0943142214847,854.4838936378142,0.0,0.0,0.0,0.0,0.0,0.0,0.0,0.0,0.0,0.0,0.0,0.0,0.0,0.0,0.0,0.0,0.0,0.0,0.0,0.0,0.0,0.0,1.7931025979023454,0.5473451153548063,332.6909115605646,384.84136095813366,11379.116536195535,0.15893777899340034,0.02425790277677051,36.91563099621848,42.52580710395945,1316.0923698562515,3.1174512267803768,0.5890875334052113,444.51846721685419,514.0638555200205,15309.836989575062,0.4080844705416843,0.07711346760046944,274.6226096259193,318.4535161731715,8985.232943907336,0.0,0.0,10.51853947556453,12.422886045429593,238.4468240458434,0.0,0.0,12.224557902091313,14.23866246479016,363.9186572464572,0.0,0.0,166.9572551685649,195.45659640061047,4620.565153359596,0.0,0.0,38.02753631134832,44.79127680197384,914.8619633437804,0.0,0.0,84.86864558975502,99.58211228084434,2258.0157846904528,35.428780643757978,24.2995752014801,450.28354782252509,524.4035688496089,14754.489873168826,0.0,0.0,111.75972102939127,132.62800156733494,2268.830343877833,990.4221635446331,21.508104018266378,31.058275474680824,21.5,30.0,833.3017134729644,22.270000808522654,36.42777508872893,21.5,30.0,1227.56841343239,21.568237977944596,30.45041590581069,21.5,30.0,0.0,20.723614541741186,32.24032695383751,16.0,30.0,0.0,15.402655581995328,45.715797234865167,12.0,30.0,0.0,19.164963883775437,43.37745925123014,19.0,30.0,0.0,18.061242925843258,38.49759285587099,10.0,30.0,0.0,16.13850891655214,43.64843111487309,12.0,30.0,1488.1333966567257,17.516515340733787,39.971721714402487,16.5,30.0,0.0,19.452931542148954,0.0,0.0,0.0,14.060358536512231,0.0,0.0,682.9579877389899,1093.2340978837409,654.2176708986515,664.1884689575815,691.14639390207,1143.8286422020895,685.7773310231829,693.4233582921365,692.2023764671127,9434.268121474164,81.76663639244609,85.3994585709762,570.0,0.0,570.0,570.0,21.0,16.0,19.0,16.0,12.0,12.0,21.0,10.0,1.0,0.0,990.4221635446331,833.3017134729644,1227.56841343239,0.0,0.0,0.0,0.0,1488.1333966567257,5497.578108616632,3298546.8651699789,4295713.705023893,81.76663639244609,85.46115595170962,0.3532526036205544,0.7672979342958276,0.36028137401965956,85.46115595170962,0.3542647819438875,4295713.705023893,0.24820377932790914 
 03/03  21:10:00,3.976666666666667,83.0,2.8883333333333338,0.0,0.0,0.0,0.0,0.0,2.0,0.0,0.0,4.0,0.0,0.0,0.0,1068.0,0.0,0.0,0.0,0.0,0.0,0.0,0.0,0.0,0.0,0.0,0.0,21.02923804907062,-569.9061120028945,21.140044835443037,-173.91265616006855,21.053483467232036,-1560.3431999703276,19.852227924680656,480.2297645690692,15.365382604470384,33.065882029061828,18.790519774788458,-27.704626754500397,17.506819080444747,112.86169828571201,15.933321199623009,-109.46266088597253,16.65521934674195,-591.6917394076274,1125.9943508847073,1409.1603255759713,0.0,0.0,0.0,0.0,0.0,0.0,0.0,0.0,0.0,0.0,0.0,0.0,0.0,0.0,0.0,0.0,0.0,0.0,0.0,0.0,0.0,0.0,1.7710376122800796,0.5406097717582661,227.1675746240639,262.73858962055706,7811.222243108575,0.21534599988357709,0.03286721609944705,29.600035809899855,34.165339973538689,1042.1723195829778,3.0480871046879347,0.5759801785124595,422.5623348835255,488.4928298155919,14586.204599013356,0.4162902338964298,0.07866406536213713,315.40630726078799,365.7306176963291,10318.208890977025,0.0,0.0,10.659715944047992,12.590823595528905,242.94320224306666,0.0,0.0,12.693283617028202,14.78427939310862,379.5969625188384,0.0,0.0,245.3148108070783,287.1374016093652,6823.497568696865,0.0,0.0,41.06144908021895,48.43395278637737,969.2114070993677,0.0,0.0,160.8046853769945,189.07424479437715,4076.8021608569536,35.41646838415113,24.291130578978838,411.0913187410213,478.8744732675149,13458.519891946504,0.0,0.0,193.40320614184595,229.09686640501696,4116.3323784336139,636.2488073560967,21.537996254222756,31.43996876919782,21.5,30.0,0.0,21.92334206596267,36.453347410818839,21.0,30.0,1925.8682869659702,21.536343061412695,30.74570007178622,21.5,30.0,0.0,20.66574687012297,32.79784264377796,16.0,30.0,0.0,15.408596125979328,45.88730115322805,12.0,30.0,0.0,19.17807496128424,43.69989825701461,19.0,30.0,0.0,18.068393063502826,38.76327834203189,10.0,30.0,0.0,15.833014159962359,44.63271817336785,12.0,30.0,0.0,16.747568193091568,42.12598957332237,16.0,30.0,0.0,19.254166341229934,0.0,0.0,0.0,14.57823915643152,0.0,0.0,707.8921130361515,1032.892027034664,668.9845653093838,688.447497768729,700.2547056149585,1164.1334016973092,699.8411536071047,699.7989721670006,700.3827580267098,6247.903975858823,82.51241684292497,82.51241684292497,570.0,0.0,570.0,570.0,21.0,16.0,19.0,16.0,12.0,12.0,21.0,10.0,1.0,0.0,636.2488073560967,0.0,1925.8682869659702,0.0,0.0,0.0,0.0,0.0,0.0,0.0,0.0,82.51241684292497,82.51241684292497,0.255,0.5780289935979667,0.27021103051474468,82.51241684292497,0.2656985864579156,0.0,0.024890000000000004 
 03/03  21:20:00,3.923333333333334,83.0,2.816666666666667,0.0,0.0,0.0,0.0,0.0,2.0,0.0,0.0,4.0,0.0,0.0,0.0,1072.0,0.0,0.0,0.0,0.0,0.0,0.0,0.0,0.0,0.0,0.0,0.0,21.058332632887216,-757.4153088776698,20.93960002805393,-145.6503572313021,21.05083152454724,-1480.678799217286,19.893408438707639,420.1815272736312,15.372935230157559,31.498061869261436,18.777314394784697,-49.53244955817914,17.324083110188938,75.95860010581919,15.812035248160889,-75.66396281452362,16.199221090208434,-414.8800224937786,990.7106528527008,1306.3738951963579,0.0,0.0,0.0,0.0,0.0,0.0,0.0,0.0,0.0,0.0,0.0,0.0,0.0,0.0,0.0,0.0,0.0,0.0,0.0,0.0,0.0,0.0,1.74933531549433,0.5339851390397834,136.04132051345506,157.28690348880216,4762.621681011834,0.24893410310202286,0.037993605479551727,23.527121691073178,27.207401061021604,819.242359196959,2.944658716797928,0.5564358875279534,297.46032001937058,343.94548163021877,10334.062968491427,0.41077334662590328,0.07762156965720013,313.51220671492276,363.52969899453697,10314.515372460908,0.0,0.0,10.879954746432228,12.850589488845852,249.3284885961758,0.0,0.0,14.75750032728271,17.18810111476231,442.402671905061,0.0,0.0,262.56132554076518,307.6745033923637,7170.015524402044,0.0,0.0,35.372935003444577,41.745167717667467,829.6196560462478,0.0,0.0,178.55935090114228,210.43269608412505,4321.869527058807,35.364562070268878,24.255529540650817,310.3107746748817,362.04144593143237,10206.297329090165,0.0,0.0,208.37041166634314,246.82854694383449,4459.699439245283,1322.0094763327293,21.70201575429525,30.86794070363586,21.75,30.0,0.0,21.584218405377027,37.596543248726579,21.0,30.0,1988.5535894096227,21.585105110005466,30.450156197041843,21.5,30.0,0.0,20.70276034224659,32.43021186153749,16.0,30.0,0.0,15.416350135313794,46.10672712614051,12.0,30.0,0.0,19.158657906820165,43.69810203197629,19.0,30.0,0.0,17.731862355360858,39.84168237114771,10.0,30.0,0.0,15.698247434753825,45.35440846779868,12.0,30.0,78.19296929783499,16.0920371333955,44.30104017794588,16.0,30.0,0.0,18.850300743338815,0.0,0.0,0.0,14.611420103131085,0.0,0.0,693.7160235361243,1050.6343899808113,658.0425646238413,673.5314560083921,710.934977077313,1160.0777472313117,711.5786281595276,713.6619045764984,716.7804269502904,9222.693524820746,81.90657538619814,83.83982458388278,570.0,0.0,570.0,570.0,21.0,16.0,19.0,16.0,12.0,12.0,21.0,10.0,1.0,0.0,1322.0094763327293,0.0,1988.5535894096227,0.0,0.0,0.0,0.0,78.19296929783499,2925.4141397369187,1755248.483842151,2274091.0702891855,81.90657538619814,83.87265757320637,0.35251380465789736,0.7678368918810912,0.36028137401965956,83.87265757320637,0.3542647819438875,2274091.0702891855,0.14282606898837098 
 03/03  21:30:00,3.87,83.0,2.745,0.0,0.0,0.0,0.0,0.0,2.0,0.0,0.0,4.0,0.0,0.0,0.0,1072.0,0.0,0.0,0.0,0.0,0.0,0.0,0.0,0.0,0.0,0.0,0.0,21.067031149801083,-767.6082225991949,20.812430793153625,-116.1078263089841,21.13485412361958,-1564.2225698494463,19.920939834626624,415.85773067436278,15.37816853743897,30.208297780149935,18.763257160886263,-33.79218035475746,17.43895613699504,254.27527903947067,15.699830886023765,-101.05490905731324,16.615087535340338,-460.5280691757773,1098.402527792332,1139.5434485345145,0.0,0.0,0.0,0.0,0.0,0.0,0.0,0.0,0.0,0.0,0.0,0.0,0.0,0.0,0.0,0.0,0.0,0.0,0.0,0.0,0.0,0.0,1.7794277872889282,0.5431708752408206,240.71090602514949,278.31497412499427,8387.40973136259,0.2621109380434469,0.04000472192360301,22.11590075673735,25.593863613295587,764.8192375409054,2.9401940700935005,0.5555922279088249,384.79277098909815,444.89152097860667,13453.139535829414,0.4029459521058985,0.07614247016362405,295.4677468475118,342.62494160053486,9769.441793789003,0.0,0.0,10.958984338613587,12.946180198455084,252.43938087579029,0.0,0.0,13.645755306482405,15.89673132928654,410.1322437409789,0.0,0.0,214.0110129360517,250.56866882135,5969.574270887229,0.0,0.0,42.59473945864633,50.299141582299288,992.6014016157462,0.0,0.0,126.00680521920687,148.12687441555574,3229.000540861439,35.40679787325955,24.284497855459234,382.22756002997206,445.57938532655109,12612.663226722647,0.0,0.0,157.8541260852033,187.14996330262307,3313.3472512713067,1039.8707587696325,21.65123110491364,31.13071498272545,21.5,30.0,0.0,21.380473089822169,38.889613758917608,21.0,30.0,2032.292704549777,21.615113266253098,30.62749300721323,21.5,30.0,0.0,20.73486390742199,32.54378946930586,16.0,30.0,0.0,15.420896155062989,46.171049889417158,12.0,30.0,0.0,19.140733449816698,43.652178007975567,19.0,30.0,0.0,17.979902563983076,39.23364788839879,10.0,30.0,0.0,15.562036448875438,45.86418097598526,12.0,30.0,856.5502916947006,16.811146598023183,42.34350192598129,16.5,30.0,0.0,19.12064717394233,0.0,0.0,0.0,14.324276408163988,0.0,0.0,705.2398629038446,1103.4487152514467,673.6304702160451,684.7250302095421,714.0791800557,1154.7714929173877,713.0190740207527,718.8924865558313,718.3575276556504,9967.625103743765,81.4141229928983,83.11825441827574,570.0,0.0,570.0,570.0,21.0,16.0,19.0,16.0,12.0,12.0,21.0,10.0,1.0,0.0,1039.8707587696325,0.0,2032.292704549777,0.0,0.0,0.0,0.0,856.5502916947006,2579.0539420007396,1547432.3652004437,2008471.9242021878,81.4141229928983,83.14719622720674,0.340968464733358,0.7692255029127763,0.36028137401965956,83.14719622720674,0.3542647819438875,2008471.9242021878,0.12869720672518043 
 03/03  21:40:00,3.8166666666666666,83.0,2.6733333333333335,0.0,0.0,0.0,0.0,0.0,2.0,0.0,0.0,4.0,0.0,0.0,0.0,1074.0,0.0,0.0,0.0,0.0,0.0,0.0,0.0,0.0,0.0,0.0,0.0,21.08839243629859,-731.1456240787741,20.71982726372338,-120.74294033073415,21.065907530157419,-1353.6107341514328,19.86511406171958,293.511462098161,15.384050026349481,30.89019064816931,18.75235804707021,-47.595635377303867,17.32342604541354,33.241168291721809,15.613666043780026,-64.36687337949224,16.196891121982327,-420.9565610380514,985.0700853210758,1353.2176253748936,0.0,0.0,0.0,0.0,0.0,0.0,0.0,0.0,0.0,0.0,0.0,0.0,0.0,0.0,0.0,0.0,0.0,0.0,0.0,0.0,0.0,0.0,1.7744717750324127,0.541658050986695,139.54224814130266,161.5959898598402,4865.298274662021,0.2556255812823215,0.03901489335810768,22.323065969447869,25.84908612443083,767.9884498627941,3.0202661690281937,0.570723010020445,255.38338652065347,295.2215897621985,8981.551939926914,0.39523357412539836,0.07468510471001479,264.46346097946278,306.81563924684738,8706.5258072414,0.0,0.0,10.614387069631253,12.540860752852464,245.80759270925734,0.0,0.0,13.841446901132752,16.12846827937399,417.0945483797033,0.0,0.0,263.011194666007,308.3705186270528,7223.43263296226,0.0,0.0,38.83847404990176,45.8871442407319,903.1056090445211,0.0,0.0,178.22950829463839,210.10384846118496,4368.671440652895,35.260525322452547,24.184173746538105,261.44857111334985,305.39605540230886,8656.226445329972,0.0,0.0,210.35123065496956,249.29255454632023,4546.309027170805,1165.4104476166918,21.617510210476419,31.08850062315426,21.5,30.0,0.0,21.234781686222087,39.54757066603068,21.0,30.0,1998.1135640986198,21.537329507077908,30.628380107741987,21.5,30.0,0.0,20.604734414048794,32.71725778944659,16.0,30.0,0.0,15.42780322793599,46.27151779702646,12.0,30.0,0.0,19.12393430655355,43.716096840419179,19.0,30.0,0.0,17.69884206248046,40.01380828305596,10.0,30.0,0.0,15.477461718337838,46.22272623711372,12.0,30.0,45.96525956360562,16.132534430590309,44.31730451403537,16.0,30.0,0.0,18.543893217179617,0.0,0.0,0.0,14.59792258313033,0.0,0.0,701.7363985924314,1129.0959891028788,667.0699426647882,682.3876814554906,719.957844142657,1156.629669837735,718.4225565569268,723.999024679281,723.9021421722302,7877.181329442709,81.22408610086744,84.82538909090325,570.0,0.0,570.0,570.0,21.0,16.0,19.0,16.0,12.0,12.0,21.0,10.0,1.0,0.0,1165.4104476166918,0.0,1998.1135640986198,0.0,0.0,0.0,0.0,45.96525956360562,5449.941389306534,3269964.8335839204,4256901.748304647,81.22408610086744,84.88655117117949,0.26666471297688446,0.538617079466871,0.27021103051474468,84.88655117117949,0.2656985864579156,4256901.748304647,0.24529889091184169 
 03/03  21:50:00,3.763333333333333,83.0,2.6016666666666667,0.0,0.0,0.0,0.0,0.0,2.0,0.0,0.0,4.0,0.0,0.0,0.0,1076.0,0.0,0.0,0.0,0.0,0.0,0.0,0.0,0.0,0.0,0.0,0.0,20.926223262789735,-522.2790967028307,20.658501083829536,-105.22544528874099,21.175655996392025,-1817.030411399118,19.859138894388374,387.82470335649625,15.38745391503242,28.641203264053546,18.741726232829558,-32.42674044475126,17.417167610234836,211.76561002520294,15.532111951708849,-93.1174854980793,16.60396277381632,-482.22770156428057,1090.6095844265747,1195.4619542437545,0.0,0.0,0.0,0.0,0.0,0.0,0.0,0.0,0.0,0.0,0.0,0.0,0.0,0.0,0.0,0.0,0.0,0.0,0.0,0.0,0.0,0.0,1.809184299486941,0.5522540596724485,249.89951610084649,289.41798045165185,8651.050185835897,0.26688070241809777,0.040732707939270109,22.20794383627346,25.698258583725868,763.0928057935515,2.944103232172337,0.5563309206674865,386.03943844503876,446.6091074290406,13482.98822148664,0.3941309584575874,0.07447674951957431,239.4956618771588,277.7553252308138,7927.614021393434,0.0,0.0,10.61734840287922,12.549156135639655,247.08825934587459,0.0,0.0,12.473400939936976,14.543066758396245,376.9554566347956,0.0,0.0,216.86269340471274,254.0884749225229,6072.670963369539,0.0,0.0,44.78342845133681,52.93692262211178,1038.2605664819426,0.0,0.0,128.8395263798272,151.52273701254513,3332.382672494434,35.36181570584647,24.253645888783596,378.779433496391,441.6368753284175,12599.155553608613,0.0,0.0,162.29406565212487,192.53274227057097,3429.5774727083219,613.8154678619626,21.326046564439225,31.575992226961846,21.25,30.0,0.0,21.148238190590005,40.32013842807255,21.0,30.0,2117.60715298151,21.62362366159196,30.295199133338284,21.5,30.0,0.0,20.606949570827039,32.64599752646428,16.0,30.0,0.0,15.430330174412095,46.23631598836384,12.0,30.0,0.0,19.111876770780694,43.64368590741694,19.0,30.0,0.0,17.928952846081445,39.24490559219596,10.0,30.0,0.0,15.383346252458193,46.4723161026075,12.0,30.0,880.6198260719333,16.809053842558038,42.37546079558847,16.5,30.0,0.0,19.039739328384948,0.0,0.0,0.0,14.295268169477604,0.0,0.0,700.6855049285431,1169.379492432864,661.1321254220236,681.6745348743862,719.6070049749652,1153.8293241641218,711.7822381764677,724.7173151045749,722.5590207441416,8842.545850932178,82.15811196875257,82.15811196875257,570.0,0.0,570.0,570.0,21.0,16.0,19.0,16.0,12.0,12.0,21.0,10.0,1.0,0.0,613.8154678619626,0.0,2117.60715298151,0.0,0.0,0.0,0.0,880.6198260719333,0.0,0.0,0.0,82.15811196875257,82.15811196875257,0.34,0.7699900243888458,0.36028137401965956,82.15811196875257,0.3542647819438875,0.0,0.02390833333333333 
 03/03  22:00:00,3.71,83.0,2.53,0.0,0.0,0.0,0.0,0.0,2.0,0.0,0.0,4.0,0.0,0.0,0.0,807.0,0.0,0.0,0.0,0.0,0.0,0.0,0.0,0.0,0.0,0.0,0.0,20.932489818716705,-525.3973607057413,20.61566631731239,-73.79065042722177,21.223221477409497,-1783.8988317055576,19.920554989723195,432.779664593794,15.39061341158613,32.33302926728963,18.733610422920895,-49.32923926152083,17.384193065827384,96.0475128214467,15.44896200247851,-76.24629651640058,16.60503824253599,-591.6633889577695,1141.4826644435103,1390.5427622455127,0.0,0.0,0.0,0.0,0.0,0.0,0.0,0.0,0.0,0.0,0.0,0.0,0.0,0.0,0.0,0.0,0.0,0.0,0.0,0.0,0.0,0.0,1.7763718092671157,0.5422380370168246,275.95381367855057,319.5046575046429,9499.426636119866,0.29241287329013668,0.04462955941546656,17.148740138144797,19.837438170151619,592.2369944968729,2.994193382475138,0.5657961796060358,448.9591782647474,518.9882856820675,15887.622108095427,0.41011823756289758,0.07749777731725202,308.41879353641709,357.83809941787868,10283.42278979882,0.0,0.0,11.118626343184199,13.138750634515036,260.0707431497847,0.0,0.0,14.402353692397235,16.787008433382675,436.5380005837431,0.0,0.0,259.96879923873237,304.59927621753368,7265.262141857466,0.0,0.0,43.05847912906155,50.907255466863009,995.2749493349786,0.0,0.0,170.19654784898496,200.26208058885886,4346.603201160481,35.52395711111012,24.364853985672267,434.7087965499061,506.51793611202216,14502.002415237188,0.0,0.0,204.42230369180124,242.21453812945459,4446.632849168458,559.8274142627761,21.415997793842569,31.36087433563493,21.000000000000015,30.00000000000002,0.0,21.089493523926906,41.126574245870518,21.000000000000015,30.00000000000002,2308.957910686975,21.70970074481161,30.243802890540989,22.000000000000019,30.00000000000002,0.0,20.709765230786478,32.453882099221939,16.000000000000015,30.00000000000002,0.0,15.434069733527292,46.21446426593017,12.00000000000001,30.00000000000002,0.0,19.09995568304064,43.55995876386084,19.000000000000015,30.00000000000002,0.0,17.843054999527366,39.43696324993056,10.000000000000007,30.00000000000002,0.0,15.289438834837652,46.65993078781196,12.00000000000001,30.00000000000002,1010.2236889832452,16.522562971208595,43.126077514616138,16.000000000000015,30.00000000000002,0.0,19.35314008104205,0.0,0.0,0.0,14.546082906980552,0.0,0.0,699.4341520949632,1215.8881738493145,668.2311336813134,683.7697527513144,720.2873147735393,1149.7298077113595,711.7991743006779,722.418792057661,721.7141326888808,9219.876037695774,81.90815203763052,84.62011214384003,570.0000000000005,0.0,570.0000000000005,570.0000000000005,21.0,16.0,19.0,16.0,12.0,12.0,21.0,10.0,1.0,0.0,559.8274142627761,0.0,2308.957910686975,0.0,0.0,0.0,0.0,1010.2236889832452,4103.474379955637,2462084.6279733807,3192157.7680786449,81.90815203763052,84.66617022953315,0.3634491459985214,0.7695881424265172,0.3602813740196598,84.66617022953315,0.3542647819438878,3192157.7680786449,0.1898688706067562 
 03/03  22:10:00,3.545,84.16666666666667,2.5133333333333338,0.0,0.0,0.0,0.0,0.0,2.0,0.0,0.0,4.0,0.0,0.0,0.0,2690.0,0.0,0.0,0.0,0.0,0.0,0.0,0.0,0.0,0.0,0.0,0.0,21.009732433621147,-1284.6755085206006,20.58556194319879,-90.0046804725226,20.69697488899065,-355.0194687356787,19.91077080605117,228.19329566995587,15.392790053227627,29.96988052583089,18.713575453980405,-44.233234149875148,17.266334216010855,38.882030193256529,15.378469132664759,-86.66735875408817,18.15314849969605,-640.5332843053666,966.5091277871854,1374.1781968202434,0.0,0.0,0.0,0.0,0.0,0.0,0.0,0.0,0.0,0.0,0.0,0.0,0.0,0.0,0.0,0.0,0.0,0.0,0.0,0.0,0.0,0.0,1.7754496313747095,0.541956541933672,252.16618265140859,292.0312572160151,8912.958818941159,0.2847135933842995,0.04345445564473437,18.363733990494344,21.279079806155506,637.9776861114785,3.2202987729514689,0.6085220659394314,253.54951223179484,294.2426520775976,8850.043654385536,0.40062818619472909,0.07570449474579157,241.07945139811265,280.177517442754,8091.9632273884749,0.0,0.0,12.200069957495206,14.429529154236107,289.4176818123251,0.0,0.0,13.63889844930899,15.918185196086695,417.2551276669088,0.0,0.0,210.43506716710886,246.95222121412429,5857.743423772142,0.0,0.0,53.33600165433056,63.12913973212538,1242.1327571822313,0.0,0.0,166.49028885588954,194.2431108844914,5129.782926893194,35.53730550496294,24.374009262663198,255.45995994250095,298.8734585866857,8728.655090069942,0.0,0.0,162.3991140930463,192.4231063500041,3643.0387540200365,1678.910108490468,21.515313047010776,30.815233127735956,21.9,30.0,0.0,21.05191268240131,41.50869163057534,21.000000000000005,30.0,10.940511957081052,21.150106586640637,31.330374590483538,21.000000000000005,30.0,0.0,20.666049693033587,32.499700413082589,15.999999999999999,30.0,0.0,15.435666258201099,46.185785883151918,12.0,30.0,0.0,19.07822232527385,42.245178312394759,19.0,30.0,0.0,17.653428133917474,39.78207078114549,10.0,30.0,0.0,15.21160436593929,46.91763820139053,12.0,30.0,2957.0397931988807,18.918677043270227,36.96304465490186,20.0,30.0,0.0,18.72493877549157,0.0,0.0,0.0,14.491567586819196,0.0,0.0,683.7314895599056,1239.2283712453446,672.9957203335956,684.3298857523685,720.692588512061,1119.4267527694884,708.882433772063,724.909313395577,716.4563322091883,10190.199402069715,81.26690490525232,84.08155193069533,570.0,0.0,570.0,570.0,21.0,16.0,19.0,19.0,12.0,12.0,21.0,10.0,1.0,0.0,1678.910108490468,0.0,10.940511957081052,0.0,0.0,0.0,0.0,2957.0397931988807,4259.584245730309,2555750.547438185,3327745.40054231,81.26690490525232,84.12935398117422,0.3459861415243436,0.7675052946208709,0.3602813740196596,84.12935398117422,0.3542647819438876,3327745.40054231,0.19688776082820012 
 03/03  22:20:00,3.3800000000000005,85.33333333333334,2.496666666666667,0.0,0.0,0.0,0.0,0.0,2.0,0.0,0.0,4.0,0.0,0.0,0.0,1076.0,0.0,0.0,0.0,0.0,0.0,0.0,0.0,0.0,0.0,0.0,0.0,21.196326306975526,-1137.123287707785,20.555791512023967,-50.26360596368362,21.266629982134704,-1485.5727031570628,19.96666296141303,657.158025634265,15.397832561601188,37.31366644186318,18.67822097820838,-67.24874094664843,17.06774809864998,125.38131477463958,15.37644453704657,26.80170161921194,18.470647241585476,-1306.2005722082129,1190.4003999693178,1960.4580636292263,0.0,0.0,0.0,0.0,0.0,0.0,0.0,0.0,0.0,0.0,0.0,0.0,0.0,0.0,0.0,0.0,0.0,0.0,0.0,0.0,0.0,0.0,1.7716260948885559,0.540789406254138,262.9854994239936,304.23242608424109,9516.23055101278,0.33449646948759967,0.0510525747081196,13.577632486845369,15.733729509200796,479.74459599967966,3.0583880887695558,0.5779266985581172,370.8451552550495,429.002362459661,13474.130661981802,0.432580307662477,0.0817423105938165,330.22721021531665,383.2644588887996,11301.749570841559,0.0,0.0,13.782384878965042,16.2933540377457,331.8023607594117,0.0,0.0,16.914678256597548,19.738751434326134,521.4148493307876,0.0,0.0,296.14831909568695,347.8478940634727,8171.727796465189,0.0,0.0,55.77435849880429,65.98204636349239,1323.9769758222672,0.0,0.0,261.82021969982869,304.9521376608974,8421.499965423483,36.039046426853989,24.718138838720159,368.84302548913299,430.59255549309446,12572.285131487399,0.0,0.0,248.81271668516519,293.6571623191406,6211.3043058709249,1298.749912661989,21.80938876763886,30.194908499054056,21.75,30.0,0.0,21.022186200328187,42.3836165436777,21.0,30.0,2123.1387682993656,21.865707898240165,29.917802900054097,21.5,30.0,0.0,20.829245037051924,32.0129984246732,16.0,30.0,0.0,15.444830352779409,46.00467331012648,12.0,30.0,0.0,19.02721649215492,40.05341607427795,19.0,30.0,0.0,17.30534830830102,40.59539295681902,10.0,30.0,0.0,15.26945672617215,46.5860874152576,12.0,30.0,1362.4793194981826,19.763025032224257,34.938018761428057,19.5,30.0,0.0,19.046073118257135,0.0,0.0,0.0,15.791795721888424,0.0,0.0,679.7720625334957,1297.1944556769527,669.9883163229571,677.2408227076116,716.475146056702,1050.58512107106,707.6390419889427,721.1111991712252,714.7840789221252,9816.177176329888,81.51427166031911,83.19974487919888,570.0,0.0,570.0,570.0,21.0,16.0,19.0,19.0,12.0,12.0,21.0,10.0,1.0,0.0,1298.749912661989,0.0,2123.1387682993656,0.0,0.0,0.0,0.0,1362.4793194981826,2550.844018328546,1530506.4109971277,1992295.9447439747,81.51427166031911,83.22836980984255,0.3400281339442849,0.7686205291837919,0.36028137401965956,83.22836980984255,0.3542647819438875,1992295.9447439747,0.12719105579335336 
 03/03  22:30:00,3.215,86.5,2.48,0.0,0.0,0.0,0.0,0.0,2.0,0.0,0.0,4.0,0.0,0.0,0.0,1076.0,0.0,0.0,0.0,0.0,0.0,0.0,0.0,0.0,0.0,0.0,0.0,20.99244540348879,-961.1884026032769,20.886894392932683,-147.84672587650938,21.108758382468268,-1397.2850167608468,19.951461263699295,313.41521718422748,15.402953817354323,31.956531938790989,19.245564736053436,-72.71220739724683,17.005775757397815,-47.41556674404865,15.444211111945556,23.69727234604079,18.843277419750007,-1451.2062146823169,1072.4082257930264,2050.84910113127,0.0,0.0,0.0,0.0,0.0,0.0,0.0,0.0,0.0,0.0,0.0,0.0,0.0,0.0,0.0,0.0,0.0,0.0,0.0,0.0,0.0,0.0,1.8475418887379989,0.5639627254999997,221.8462254428019,256.76777656463,7973.5326802812,0.26501768322406019,0.040448364350436537,24.74568265393951,28.610886266151114,890.481719548062,3.1757752599141444,0.6001087036874803,313.54597929690928,362.4532691436921,11442.009053761158,0.40158570295635,0.07588543139764738,234.12222342961852,271.7063732368127,8040.802203305982,0.0,0.0,12.424796061841766,14.691542792345894,303.4076380588162,0.0,0.0,16.451833658685517,19.15304712361973,536.8437794677361,0.0,0.0,299.9074248367356,352.5285474252771,8297.549747916986,0.0,0.0,52.8520768340177,62.50126079087573,1288.1088663864767,0.0,0.0,273.00730119850439,317.93631642051039,8938.046816159538,35.797013464515149,24.552135435195586,313.2406038298902,365.53896939425865,10834.005044445636,0.0,0.0,264.15143037004688,311.8175486674636,6702.643472617454,1536.2807453913775,21.496191327248217,31.354509046021858,21.75,30.0,877.9350670380769,21.414486883116316,40.96770526608833,21.5,30.0,2092.344912946319,21.515350685906385,30.84389996648055,21.5,30.0,0.0,20.714796575591718,32.51100722265727,16.0,30.0,0.0,15.452120272352069,45.88005457202448,12.0,30.0,882.970819116643,19.783161786484795,37.16629692497267,19.75,30.0,0.0,17.164432839632828,41.03046238921182,10.0,30.0,0.0,15.427541234688745,45.89254275287426,12.0,30.0,2814.337344359162,19.880522460591388,34.68562743008583,20.0,30.0,0.0,18.62723725043272,0.0,0.0,0.0,15.932302519073094,0.0,0.0,719.3181241925371,1277.9525219718728,689.7696665111369,696.2169649794799,715.1961639991055,1019.2011328295427,716.6102585928768,717.5050483523203,722.0889991935444,10505.028752240587,81.05842547669008,85.04791225482303,570.0,0.0,570.0,570.0,21.0,16.0,19.0,19.0,12.0,12.0,21.0,10.0,1.0,0.0,1536.2807453913775,877.9350670380769,2092.344912946319,0.0,882.970819116643,0.0,0.0,2814.337344359162,6036.627000676711,3621976.2004060267,4705957.687870691,81.05842547669008,85.11566698450292,0.37122090002255705,0.7684110578972894,0.36028137401965956,85.11566698450292,0.3542647819438875,4705957.687870691,0.2680481331026093 
 03/03  22:40:00,3.0500000000000004,87.66666666666667,2.4633333333333335,0.0,0.0,0.0,0.0,0.0,2.0,0.0,0.0,0.0,0.0,0.0,0.0,2152.0,0.0,0.0,0.0,0.0,0.0,0.0,0.0,0.0,0.0,0.0,0.0,20.65344387441405,-325.4184565471386,20.680149002867088,-703.5421820278101,20.6118275811677,-599.1325562939775,19.92936498422099,173.1481086125121,15.404173054840327,32.460694632488799,19.172127804640327,-78.20891649366132,16.998906302215084,58.70935788527231,15.470549284033709,10.348496506404218,18.290070743446664,-845.4031918287366,965.0047747075954,1636.3156067508585,0.0,0.0,0.0,0.0,0.0,0.0,0.0,0.0,0.0,0.0,0.0,0.0,0.0,0.0,0.0,0.0,0.0,0.0,0.0,0.0,0.0,0.0,1.8178599601193808,0.5549023077287488,253.3700947538259,294.23223471881348,8971.020684142431,0.3235024235200655,0.04937460676435676,161.38764666900634,187.26663931829527,5740.986857777842,3.1971119123489228,0.6041405730062216,200.42092807370424,232.8085822921485,7182.100877216974,0.3876446203577118,0.0732510620479425,170.71710230037659,198.61392176885796,5923.036753140245,0.0,0.0,12.586095274614977,14.893272397630409,311.5479877855212,0.0,0.0,15.256018114690129,17.779069588341103,503.8387853329292,0.0,0.0,261.76337669658599,307.9038076069586,7351.417536257884,0.0,0.0,49.945962557446609,59.092715028507218,1241.1274739895726,0.0,0.0,229.5001987106639,268.2925513351091,7226.820240282501,35.92899806581225,24.642659853094835,287.9995742374168,336.7971930753425,10251.275902938267,0.0,0.0,220.45685432475825,260.8682813834935,5489.073396664669,0.0,20.953037072695588,34.34742983592308,21.5,30.0,0.0,21.146980036553914,33.60145388395888,12.0,30.0,0.0,20.961230086185649,33.49053989889904,21.5,30.0,0.0,20.67156889495937,34.1700798393111,12.0,30.0,0.0,15.45425703318972,46.05705418076084,12.0,30.0,0.0,19.845590319633428,36.70526570362277,12.0,30.0,0.0,17.208984800204765,41.946515708990208,10.0,30.0,0.0,15.50455078837137,45.90376657716007,12.0,30.0,0.0,18.96417670224841,37.41215128239817,19.5,30.0,0.0,18.654822997992004,0.0,0.0,0.0,15.456315839293682,0.0,0.0,833.7792518314905,813.7949530447072,783.5004454135569,787.0390752346095,726.3481478121618,1017.294934050159,768.0972295275028,732.6139956360324,760.0041275135067,0.0,80.9753785495517,80.9753785495517,60.0,0.0,60.0,60.0,12.0,12.0,12.0,19.0,12.0,12.0,21.0,10.0,0.0,0.0,0.0,0.0,0.0,0.0,0.0,0.0,0.0,0.0,0.0,0.0,0.0,80.9753785495517,80.9753785495517,0.0,0.0,0.0,80.9753785495517,0.0,0.0,0.00243 
 03/03  22:50:00,2.8850000000000004,88.83333333333333,2.4466666666666669,0.0,0.0,0.0,0.0,0.0,2.0,0.0,0.0,0.0,0.0,0.0,0.0,807.0,0.0,0.0,0.0,0.0,0.0,0.0,0.0,0.0,0.0,0.0,0.0,20.063761808113818,-163.27238060071023,20.093611162283297,-447.10290962096169,20.04273906685993,-393.13485687638669,19.63338350182992,-21.905697640263523,15.397184081586346,24.304343842954134,18.887955681984204,-53.94692186391968,16.91941693941989,16.993099654509945,15.416322862842442,-42.15263765267305,17.585212164030084,-252.22189750110366,954.1221889606422,1225.8631388942777,0.0,0.0,0.0,0.0,0.0,0.0,0.0,0.0,0.0,0.0,0.0,0.0,0.0,0.0,0.0,0.0,0.0,0.0,0.0,0.0,0.0,0.0,1.8278879076399797,0.5579633417704462,253.15270301900439,294.42822999573675,8539.497451993993,0.331513555504924,0.05059730700624608,149.02837269871169,173.3128681190338,5045.088959150946,3.016733388396389,0.5700554399842013,186.1435413297387,216.57465431366888,6336.877659494896,0.35154311604925567,0.06642916025118213,122.4335175194478,142.4785873982956,4161.316033677986,0.0,0.0,11.38608325224617,13.464772058014601,285.37918925976529,0.0,0.0,13.22351966967993,15.423814712569066,429.33494662599596,0.0,0.0,198.14516275886909,233.02843689728594,5586.300959988784,0.0,0.0,45.21623349318332,53.4695190442056,1132.0949757860083,0.0,0.0,166.88150142270227,195.7620705792234,4941.216902343252,35.46701108776153,24.325796356489414,272.161577447047,318.3413831966175,9357.213590355459,0.0,0.0,158.9937222090741,188.65139068589427,3717.6899460042429,0.0,19.991010656860987,35.17700157474428,22.000000000000019,30.00000000000002,0.0,20.180749885904239,34.15522161298783,12.00000000000001,30.00000000000002,0.0,20.04883799097323,34.76897432176566,22.000000000000019,30.00000000000002,0.0,20.119582412667126,34.98396620122382,12.00000000000001,30.00000000000002,0.0,15.440729514351025,46.50313730450469,12.00000000000001,30.00000000000002,0.0,19.37233304590235,37.388879130481729,12.00000000000001,30.00000000000002,0.0,17.084378465483874,42.25607765264793,10.000000000000007,30.00000000000002,0.0,15.42494825534995,46.687717601819489,12.00000000000001,30.00000000000002,0.0,17.814669796634499,40.43000872632492,20.000000000000015,30.00000000000002,0.0,18.184916995711768,0.0,0.0,0.0,14.441202392229246,0.0,0.0,764.5564252429952,731.9713768880581,749.6277794864769,768.4528487143987,746.9149287566468,1023.1398273089591,769.1843131352468,759.2338309053216,772.6064924916511,0.0,80.97537854955178,80.97537854955178,60.00000000000004,0.0,60.00000000000004,60.00000000000004,12.0,12.0,12.0,19.0,12.0,12.0,21.0,10.0,0.0,0.0,0.0,0.0,0.0,0.0,0.0,0.0,0.0,0.0,0.0,0.0,0.0,80.97537854955178,80.97537854955178,0.0,0.0,0.0,80.97537854955178,0.0,0.0,0.0023933333333333339 
 03/03  23:00:00,2.72,90.0,2.43,0.0,0.0,0.0,0.0,0.0,2.0,0.0,0.0,0.0,0.0,0.0,0.0,807.0,0.0,0.0,0.0,0.0,0.0,0.0,0.0,0.0,0.0,0.0,0.0,19.648818499010177,-213.65246211373188,19.665356981417888,-380.28733850577705,19.523412878506777,-282.6106352777223,19.270797431509576,-206.10654233138457,15.375233241101256,9.96350675211578,18.70410642224295,-42.114236469004968,16.713788346153345,-107.65560498576005,15.278382144786758,-121.03004778306743,17.283791679093939,-170.16583667082598,916.6690192907695,902.0377092948363,0.0,0.0,0.0,0.0,0.0,0.0,0.0,0.0,0.0,0.0,0.0,0.0,0.0,0.0,0.0,0.0,0.0,0.0,0.0,0.0,0.0,0.0,1.751688047347258,0.5347033111560622,372.9377355402878,435.1944667349563,12276.62142130444,0.3085915910019156,0.047098838675506089,185.2484472748959,216.11762139503737,6117.361670907298,2.9029675274706765,0.548557733837997,334.81448338345589,391.052262115636,10978.609453316958,0.32547251467995155,0.0615027427588722,180.75212742888039,210.9394023076778,5980.537535674677,0.0,0.0,9.807907960877167,11.598743482188912,248.32768266636919,0.0,0.0,12.18627146500284,14.22771744866397,393.11782107938259,0.0,0.0,152.9101364916489,180.0044805563063,4250.832589609615,0.0,0.0,40.792575838837468,48.276620305720999,1016.4652398530611,0.0,0.0,125.59764695159244,147.5057193482597,3649.2887293713899,34.61155185905578,23.739061631725528,487.71815940164648,571.6769019475647,15941.903979901592,0.0,0.0,118.74458738393132,141.25283647819283,2617.3706284685697,0.0,19.347085872367378,35.842243179979387,22.000000000000019,30.00000000000002,0.0,19.501344854022017,34.77217065741432,12.00000000000001,30.00000000000002,0.0,19.22967783831125,35.630791234708798,22.000000000000019,30.00000000000002,0.0,19.480517163957399,35.64503782981765,12.00000000000001,30.00000000000002,0.0,15.400680474538158,46.76938590959528,12.00000000000001,30.00000000000002,0.0,19.090020116699998,37.73814198878357,12.00000000000001,30.00000000000002,0.0,16.712040095158949,42.82045826585805,10.000000000000007,30.00000000000002,0.0,15.190075047882609,47.66644838637101,12.00000000000001,30.00000000000002,0.0,17.3798213805043,41.310527269566147,20.000000000000015,30.00000000000002,0.0,18.142712265589958,0.0,0.0,0.0,13.670439661676458,0.0,0.0,725.7437949137591,688.5604578231346,702.0670753005659,730.5793374701278,756.0726884456498,1034.673557878973,753.421977036335,775.1937163401232,764.5894625604428,0.0,80.97537854955178,80.97537854955178,60.00000000000004,0.0,60.00000000000004,60.00000000000004,12.0,12.0,12.0,19.0,12.0,12.0,21.0,10.0,0.0,0.0,0.0,0.0,0.0,0.0,0.0,0.0,0.0,0.0,0.0,0.0,0.0,80.97537854955178,80.97537854955178,0.0,0.0,0.0,80.97537854955178,0.0,0.0,0.0023566666666666668 
 03/03  23:10:00,2.6500000000000005,90.16666666666667,2.416666666666667,0.0,0.0,0.0,0.0,0.0,2.0,0.0,0.0,0.0,0.0,0.0,0.0,538.0,0.0,0.0,0.0,0.0,0.0,0.0,0.0,0.0,0.0,0.0,0.0,19.442478576471946,-85.58169034322919,19.43694042470898,-245.44580057683675,19.32496496862177,-255.60011120360015,18.97355733811654,-107.04950752620926,15.352247371576949,9.012115608749099,18.548434166958765,-44.78129272459759,16.547008127084458,-69.17747055964537,15.154329117919878,-109.13605245876386,17.0578369001229,-144.09967670509605,767.6360122663909,938.8530364639967,0.0,0.0,0.0,0.0,0.0,0.0,0.0,0.0,0.0,0.0,0.0,0.0,0.0,0.0,0.0,0.0,0.0,0.0,0.0,0.0,0.0,0.0,1.7278392573172097,0.5274234607195389,152.55041746155883,178.04384661777079,5006.479993670397,0.3209268366085891,0.04898150741889334,94.58038336708046,110.40268782028213,3094.7822686457395,2.8950894536748956,0.5470690577616961,232.40571069347863,271.3591753774915,7594.515598456197,0.33070535506080486,0.062491563692517907,160.6212538809001,187.53059269682553,5186.684859439087,0.0,0.0,9.979663168449609,11.79763075027714,253.43910265654118,0.0,0.0,12.034753498167165,14.05565740782211,384.83552672889018,0.0,0.0,160.432579056362,188.95088626179899,4406.923424382199,0.0,0.0,39.94832376273337,47.28433847446075,986.7302810451656,0.0,0.0,131.01454451079185,153.97636453940783,3749.7999024182674,34.516034148231728,23.67354879851285,249.05053556042783,292.25516873877509,8376.647584364044,0.0,0.0,123.63679554034656,147.0905300419463,2710.3119696138385,0.0,19.133727318161279,35.774287499169769,22.0,30.0,0.0,19.211922282346529,35.119517753847848,12.0,30.0,0.0,19.025724254243046,35.99394296434575,22.0,30.0,0.0,19.011596323978524,36.144405042629418,12.0,30.0,0.0,15.364078685207684,46.85158109333138,12.0,30.0,0.0,18.85853870768849,37.94123272088963,12.0,30.0,0.0,16.455823044097479,43.34328610558643,10.0,30.0,0.0,14.999239372373383,48.18322740526921,12.0,30.0,0.0,17.065646476810544,41.913824725119898,20.0,30.0,0.0,17.58535551959281,0.0,0.0,0.0,13.538149066234123,0.0,0.0,698.8661305917395,674.0931326288907,697.8336257046346,702.9683198029501,757.922568687419,1038.5247930433064,747.0349531944285,775.1137047576252,755.8380861032738,0.0,80.9753785495517,80.9753785495517,60.0,0.0,60.0,60.0,12.0,12.0,12.0,19.0,12.0,12.0,21.0,10.0,0.0,0.0,0.0,0.0,0.0,0.0,0.0,0.0,0.0,0.0,0.0,0.0,0.0,80.9753785495517,80.9753785495517,0.0,0.0,0.0,80.9753785495517,0.0,0.0,0.0023199999999999997 
 03/03  23:20:00,2.58,90.33333333333334,2.4033333333333339,0.0,0.0,0.0,0.0,0.0,2.0,0.0,0.0,0.0,0.0,0.0,0.0,807.0,0.0,0.0,0.0,0.0,0.0,0.0,0.0,0.0,0.0,0.0,0.0,19.217111341333628,-234.3491600185476,19.251481472734967,-272.8896163638909,19.11817782766915,-165.28754960164523,18.81787895549943,-157.23717388195309,15.331834447818825,6.086019305910817,18.432557712091929,-45.90237230591216,16.46609294978488,-63.994635042380327,15.06346278597277,-116.45302991715187,16.898744343055428,-135.62180455268644,602.932358356431,859.2124777691345,0.0,0.0,0.0,0.0,0.0,0.0,0.0,0.0,0.0,0.0,0.0,0.0,0.0,0.0,0.0,0.0,0.0,0.0,0.0,0.0,0.0,0.0,1.7021542941700446,0.5195831178785237,141.03597663156303,164.94648669697839,4573.604794344781,0.3167801261657148,0.048348615104657318,90.16988640835256,105.4207466862881,2920.6662990957449,2.8529540751313,0.5391069680898147,143.36567090781757,167.60871617922238,4673.76138605846,0.3294989754444103,0.06226360080204272,94.1733752874485,110.00830106353436,3006.692470271565,0.0,0.0,9.673093816195772,11.446079120719413,246.48670286088686,0.0,0.0,11.967675309189634,13.99700393278172,380.96250620608989,0.0,0.0,151.19782210094358,178.29980320486269,4145.997274857213,0.0,0.0,39.05354058458052,46.284348263807277,960.8699419266569,0.0,0.0,121.8739062468859,143.46179546451436,3459.6568218043878,34.271283153247939,23.50568117506717,171.56045675897679,201.7505792020379,5905.599530405352,0.0,0.0,114.03428904038053,135.91215022046868,2458.7216579056268,0.0,18.830817986271858,35.87734710831518,21.999999999999994,29.99999999999999,0.0,18.975519701656827,35.231386270301047,11.999999999999995,29.99999999999999,0.0,18.795243251718014,36.20514511794331,21.999999999999994,29.99999999999999,0.0,18.795939282825154,36.36515667010255,11.999999999999995,29.99999999999999,0.0,15.335459780712988,46.82270818913099,11.999999999999995,29.99999999999999,0.0,18.706303627740593,38.03519138902837,11.999999999999995,29.99999999999999,0.0,16.356158605262075,43.20672006073484,9.999999999999997,29.99999999999999,0.0,14.875465689182974,48.391095858403129,11.999999999999995,29.99999999999999,0.0,16.866849875307009,42.137590591829098,19.999999999999994,29.99999999999999,0.0,16.994899209014425,0.0,0.0,0.0,13.277780494274776,0.0,0.0,671.6814714838143,655.158270189444,683.7252583453599,691.2327964382113,755.3951201508596,1038.9061504516256,731.3158892949051,770.8126734847534,743.9258779279742,0.0,80.97537854955168,80.97537854955168,59.99999999999998,0.0,59.99999999999998,59.99999999999998,12.0,12.0,12.0,19.0,12.0,12.0,21.0,10.0,0.0,0.0,0.0,0.0,0.0,0.0,0.0,0.0,0.0,0.0,0.0,0.0,0.0,80.97537854955168,80.97537854955168,0.0,0.0,0.0,80.97537854955168,0.0,0.0,0.0023100000000000006 
 03/03  23:30:00,2.51,90.5,2.39,0.0,0.0,0.0,0.0,0.0,2.0,0.0,0.0,0.0,0.0,0.0,0.0,538.0,0.0,0.0,0.0,0.0,0.0,0.0,0.0,0.0,0.0,0.0,0.0,19.05460159195793,-66.20063714474964,19.054338914153605,-355.7739999892617,18.990656877501718,-56.120194928380019,18.655441915701439,-149.23497564910043,15.308911281006095,4.588342480567661,18.323145886665665,-42.68741708586447,16.38467115869735,-67.67341005120125,14.967505096117087,-120.34654289733959,16.766037890686616,-111.48328673362221,405.82138938686355,824.0730989889739,0.0,0.0,0.0,0.0,0.0,0.0,0.0,0.0,0.0,0.0,0.0,0.0,0.0,0.0,0.0,0.0,0.0,0.0,0.0,0.0,0.0,0.0,1.6894119447546819,0.5156935118298784,104.35974687349347,122.09279252340568,3381.811806306023,0.31414016096806487,0.047945690013440917,88.78199109161932,103.87173806093532,2848.4051046442766,2.8145774180128666,0.5318551432375034,41.367987798745918,48.303010181726758,1411.0017238356782,0.3202881911343567,0.0605230897835141,34.88085689941746,40.74838783262091,1110.0751808148467,0.0,0.0,9.341694990124088,11.049404498264705,238.85516602967699,0.0,0.0,11.944748597563717,13.970171212015167,378.8099474598702,0.0,0.0,142.72062207129773,168.27850935721086,3907.031108939308,0.0,0.0,38.76838740358514,45.943431518981139,949.7022770478051,0.0,0.0,114.69721921188017,135.02106340430346,3238.015235227752,34.10616968138058,23.392434623717827,82.87672166818664,97.72701843208778,3201.948961496974,0.0,0.0,107.32767984349039,127.94737608868329,2285.661863289248,0.0,18.677693164099158,35.974628432025259,22.0,30.0,0.0,18.710133993331369,35.19736465429712,12.0,30.0,0.0,18.694147182647478,36.17417257074082,22.0,30.0,0.0,18.580214793897459,36.29009109589961,12.0,30.0,0.0,15.304572022909185,46.677436672438037,12.0,30.0,0.0,18.56411913778391,38.03377951307513,12.0,30.0,0.0,16.255272862238728,43.16345885557275,10.0,30.0,0.0,14.743354850148215,48.55050932427379,12.0,30.0,0.0,16.707403149530934,42.231865127372959,20.0,30.0,0.0,16.279205123672264,0.0,0.0,0.0,13.066109623976925,0.0,0.0,660.9554110986578,626.9209073551197,673.228421211894,665.5961825167462,748.1684375317545,1034.1701260213727,719.3697303498476,763.7774132390207,731.0173567305228,0.0,80.9753785495517,80.9753785495517,60.0,0.0,60.0,60.0,12.0,12.0,12.0,19.0,12.0,12.0,21.0,10.0,0.0,0.0,0.0,0.0,0.0,0.0,0.0,0.0,0.0,0.0,0.0,0.0,0.0,80.9753785495517,80.9753785495517,0.0,0.0,0.0,80.9753785495517,0.0,0.0,0.0023 
 03/03  23:40:00,2.44,90.66666666666667,2.376666666666667,0.0,0.0,0.0,0.0,0.0,2.0,0.0,0.0,0.0,0.0,0.0,0.0,1076.0,0.0,0.0,0.0,0.0,0.0,0.0,0.0,0.0,0.0,0.0,0.0,18.878336021525386,-225.86488396285228,18.92765958155617,-224.9616423104566,18.808938009607993,-270.43772003448216,18.533658754582043,-89.33326598854599,15.288074168286587,2.6960244304253124,18.238080092985997,-42.87635789712779,16.315682364694866,-82.10700210060057,14.884071480039223,-133.02696317497999,16.66782539432723,-109.59985258118812,522.8665821553238,792.5236245503779,0.0,0.0,0.0,0.0,0.0,0.0,0.0,0.0,0.0,0.0,0.0,0.0,0.0,0.0,0.0,0.0,0.0,0.0,0.0,0.0,0.0,0.0,1.672100339002617,0.5104091388896879,135.32852392237437,158.53602889137484,4325.132116235985,0.31205559641647126,0.047627533030596979,53.27712230477458,62.398054217283938,1704.3864527365977,2.772763144339867,0.5239537309788112,130.70780940517748,153.13854299860919,4219.2521043781439,0.31909943427135836,0.06029845696737687,69.77288827195143,81.75339683092212,2212.510416609628,0.0,0.0,9.105857330591514,10.784662021676948,233.66870245634534,0.0,0.0,11.897364895280227,13.936340864881745,376.79026995425707,0.0,0.0,136.8643296161812,161.61210358950997,3744.463478806703,0.0,0.0,38.853606536395847,46.11766442926674,949.3143760164549,0.0,0.0,109.66852572180665,129.29907243989784,3089.9814253177548,34.00894169966378,23.325748765201508,142.25967294944838,167.71327186693294,4955.386932407038,0.0,0.0,102.29166497711106,122.16792801320791,2155.0303860020455,0.0,18.445225783686248,35.87453037832986,22.000000000000008,30.00000000000001,0.0,18.595710875985348,34.967748969466679,12.000000000000004,30.00000000000001,0.0,18.45362132236789,35.85274898686555,22.000000000000008,30.00000000000001,0.0,18.443759164196256,36.185940871758017,12.000000000000004,30.00000000000001,0.0,15.280008258556725,46.49304365503312,12.000000000000004,30.00000000000001,0.0,18.46700955866356,37.96657603011936,12.000000000000004,30.00000000000001,0.0,16.173397388936484,42.87524423461301,10.000000000000004,30.00000000000001,0.0,14.637131431902127,48.52750138930329,12.000000000000004,30.00000000000001,0.0,16.605137724073573,42.101958870792007,20.000000000000008,30.00000000000001,0.0,16.570422262788254,0.0,0.0,0.0,12.876189918491765,0.0,0.0,634.3392035481732,606.2380331207662,634.2705984094432,647.6549250528329,739.810469441813,1027.2628983338425,701.0222612110722,753.0621559766507,716.0927844648563,0.0,80.97537854955174,80.97537854955174,60.00000000000002,0.0,60.00000000000002,60.00000000000002,12.0,12.0,12.0,19.0,12.0,12.0,21.0,10.0,0.0,0.0,0.0,0.0,0.0,0.0,0.0,0.0,0.0,0.0,0.0,0.0,0.0,80.97537854955174,80.97537854955174,0.0,0.0,0.0,80.97537854955174,0.0,0.0,0.00229 
 03/03  23:50:00,2.3699999999999998,90.83333333333334,2.3633333333333335,0.0,0.0,0.0,0.0,0.0,2.0,0.0,0.0,0.0,0.0,0.0,0.0,538.0,0.0,0.0,0.0,0.0,0.0,0.0,0.0,0.0,0.0,0.0,0.0,18.768084823589626,-64.48593808804799,18.797553204662699,-203.09789260557009,18.62045421722104,-347.3798297203128,18.449587481167897,-7.6448852451287199,15.263416494573847,1.9208511056050953,18.149678849059545,-42.00029840056678,16.216824361384789,-86.82462772969257,14.793326006497165,-131.77562895135777,16.56810510344603,-103.90465408734463,407.41654003706187,806.440718732091,0.0,0.0,0.0,0.0,0.0,0.0,0.0,0.0,0.0,0.0,0.0,0.0,0.0,0.0,0.0,0.0,0.0,0.0,0.0,0.0,0.0,0.0,1.6704537874879813,0.5099065285372348,108.41000853625167,126.99481075978932,3478.870501034651,0.313409274270761,0.04783413831971321,55.848271172545647,65.52168039110771,1777.7768528011573,2.7211674878613198,0.5142039848566364,82.44558518006423,96.5203018968367,2637.1268929807044,0.31627854567357385,0.05976540923536919,44.600297194526969,52.14278773330681,1419.809597871843,0.0,0.0,8.977014427299853,10.623980347887633,231.16689863636649,0.0,0.0,11.905114985280357,13.939293838943197,376.4300898055741,0.0,0.0,136.668391950299,161.32345666192209,3724.163727916527,0.0,0.0,38.691752017075959,45.90662928128013,942.2651146655999,0.0,0.0,109.90993892361709,129.52849235826057,3089.370827144492,33.94454101519883,23.281578199724856,92.55763936505346,109.1977951179955,3471.6151452437809,0.0,0.0,102.771835138822,122.69460019774786,2155.0993552968677,0.0,18.372859826305889,35.979017565978889,22.0,30.0,0.0,18.448026023269934,35.03626171902613,12.0,30.0,0.0,18.217278415788429,35.77106121687761,22.0,30.0,0.0,18.364978598052209,36.03874686992264,12.0,30.0,0.0,15.24982307064292,46.193931399455518,12.0,30.0,0.0,18.360686843757195,37.80073799352874,12.0,30.0,0.0,16.038410785096674,42.86741185800341,10.0,30.0,0.0,14.518501392772788,48.49922053872878,12.0,30.0,0.0,16.491725212997737,42.007507889544537,20.0,30.0,0.0,16.137918937628233,0.0,0.0,0.0,12.750173855750518,0.0,0.0,633.2841717498161,595.9848067011906,609.2580527918372,634.5455023136993,727.0134257310367,1014.7033446680007,687.4162878712696,740.7811336252239,701.4900663680362,0.0,80.9753785495517,80.9753785495517,60.0,0.0,60.0,60.0,12.0,12.0,12.0,19.0,12.0,12.0,21.0,10.0,0.0,0.0,0.0,0.0,0.0,0.0,0.0,0.0,0.0,0.0,0.0,0.0,0.0,80.9753785495517,80.9753785495517,0.0,0.0,0.0,80.9753785495517,0.0,0.0,0.0022833333333333336 
 03/03  24:00:00,2.3,91.0,2.35,0.0,0.0,0.0,0.0,0.0,2.0,0.0,0.0,0.0,0.0,0.0,0.0,807.0,0.0,0.0,0.0,0.0,0.0,0.0,0.0,0.0,0.0,0.0,0.0,18.62312137913075,-151.4072360576418,18.674983900972096,-360.3622201130079,18.4945912269361,-55.473549891317997,18.314745641598785,-160.4701581658729,15.240371328453153,0.434887625552487,18.07576596693373,-42.031704041226337,16.12038678481862,-115.95245616874864,14.718478192525712,-135.34397889927247,16.479485940784128,-117.62464414994877,472.64086910810047,826.8159477819529,0.0,0.0,0.0,0.0,0.0,0.0,0.0,0.0,0.0,0.0,0.0,0.0,0.0,0.0,0.0,0.0,0.0,0.0,0.0,0.0,0.0,0.0,1.6475332456860872,0.5029100261557047,140.1468736052241,164.47412849979419,4449.911843794464,0.30280237358289449,0.0462152584833478,102.06407101615769,119.68596874595164,3234.602326215033,2.7623358084368099,0.5219833349275912,92.84709484825547,109.1079254071297,2987.605999809364,0.3164202945385884,0.05979219473518302,57.71876333783054,67.77596922044522,1817.7467645714526,0.0,0.0,8.781783040788249,10.40309635378243,226.95261380409932,0.0,0.0,11.961361940294186,14.021102286342295,378.1024901533709,0.0,0.0,139.51930641220538,164.9041567560671,3786.1265427633109,0.0,0.0,38.55225491044639,45.79569275848773,937.8759331500324,0.0,0.0,112.93592525574862,133.25066968548283,3169.5266390512949,33.86225063481166,23.225137609610223,139.58117154309464,164.85894917654,4872.657974841818,0.0,0.0,105.92473822087932,126.60951477269258,2215.527036014924,0.0,18.186885485655009,35.59654601817743,22.000000000000019,30.00000000000002,0.0,18.302904124283847,34.99585868807559,12.00000000000001,30.00000000000002,0.0,18.12286676414937,36.292184017129489,22.000000000000019,30.00000000000002,0.0,18.158158628859668,35.751593646171,12.00000000000001,30.00000000000002,0.0,15.224507687767414,45.93142135165363,12.00000000000001,30.00000000000002,0.0,18.281238012147424,37.6558397855886,12.00000000000001,30.00000000000002,0.0,15.90542494114954,42.78090985975881,10.000000000000007,30.00000000000002,0.0,14.431376295652452,48.32841967684301,12.00000000000001,30.00000000000002,0.0,16.394910064081477,41.86390897696508,20.000000000000015,30.00000000000002,0.0,16.282375158769079,0.0,0.0,0.0,12.649057547190204,0.0,0.0,598.2408704364191,582.3272093239848,623.5385414756227,601.9225672390887,715.8011087356022,1003.4406906905301,672.1286801828957,726.8324629796483,687.1292014304611,0.0,80.97537854955178,80.97537854955178,60.00000000000004,0.0,60.00000000000004,60.00000000000004,12.0,12.0,12.0,19.0,12.0,12.0,21.0,10.0,0.0,0.0,0.0,0.0,0.0,0.0,0.0,0.0,0.0,0.0,0.0,0.0,0.0,80.97537854955178,80.97537854955178,0.0,0.0,0.0,80.97537854955178,0.0,0.0,0.0022766666666666666 
 03/04  00:10:00,2.2116666666666666,91.33333333333334,2.3083333333333337,0.0,0.0,0.0,0.0,0.0,2.0,2.0,0.0,0.0,0.0,0.0,0.0,807.0,0.0,0.0,0.0,0.0,0.0,0.0,0.0,0.0,0.0,0.0,0.0,18.449942161847028,-208.95213056430414,18.444393857512098,-400.17377290833158,18.26176051984447,-315.3752936077191,18.21071875134286,-159.2773893985441,15.214781660101796,-0.5376213269095919,18.00691243706446,-34.25935269054876,16.216264149342856,106.51019887967095,14.607633689683022,-183.96011105852325,16.487543984904105,-38.99013403004604,658.8969200994798,473.6324450239159,0.0,0.0,0.0,0.0,0.0,0.0,0.0,0.0,0.0,0.0,0.0,0.0,0.0,0.0,0.0,0.0,0.0,0.0,0.0,0.0,0.0,0.0,1.6490748417083537,0.5033805988120739,373.77963000620619,439.0037987697449,11712.829427506396,0.2911195681173487,0.04443216851607886,196.78811294520706,231.1619392744904,6134.940859303582,2.6739703525767886,0.5052854029812527,296.6352116584701,348.80890616873389,9200.277122455434,0.30212194092942759,0.05709031385665675,145.3148007322742,170.73104816695344,4560.259072718017,0.0,0.0,8.222242694122283,9.741691698766334,213.5088651575037,0.0,0.0,11.85875515668603,13.906010869669494,375.3792721852977,0.0,0.0,76.8485469740601,90.76830715011747,2138.314936574493,0.0,0.0,40.978194900278669,48.713583453742668,991.7420577538843,0.0,0.0,15.892626320926905,18.746776535495699,451.00288285751437,33.67109771076644,23.09403135169167,464.26742853486078,547.4705356303239,14519.065383955345,0.0,0.0,53.55666659699656,64.16409378258857,1068.3615427036144,0.0,17.954928177465065,35.601011108685749,22.0,30.0,0.0,17.96695788325396,35.48331664558464,12.0,30.0,0.0,17.76429671077812,36.168856761446409,22.0,30.0,0.0,18.041092531385613,35.321880174342677,12.0,30.0,0.0,15.195765847120626,45.40077546007785,12.0,30.0,0.0,18.210167681231103,37.27570487660882,12.0,30.0,0.0,16.166156148850339,40.646658235212218,10.0,30.0,0.0,14.272510310515932,47.96571741680471,12.0,30.0,0.0,16.46215767494989,41.34568588353556,20.0,30.0,0.0,16.818719774766053,0.0,0.0,0.0,12.058636246154802,0.0,0.0,578.2132429668534,574.7622100359105,585.3201615097238,575.567416540203,694.8188792936635,983.1410905377895,614.9099428643623,705.2007650417663,736.0624104519541,0.0,80.9753785495517,80.9753785495517,60.0,0.0,60.0,60.0,12.0,12.0,12.0,19.0,12.0,12.0,21.0,10.0,0.0,0.0,0.0,0.0,0.0,0.0,0.0,0.0,0.0,0.0,0.0,0.0,0.0,80.9753785495517,80.9753785495517,0.0,0.0,0.0,80.9753785495517,0.0,0.0,0.0022700000000000005 
 03/04  00:20:00,2.1233333333333337,91.66666666666667,2.2666666666666668,0.0,0.0,0.0,0.0,0.0,2.0,2.0,0.0,0.0,0.0,0.0,0.0,269.0,0.0,0.0,0.0,0.0,0.0,0.0,0.0,0.0,0.0,0.0,0.0,18.409734524533858,-63.51301387445437,18.348304032418385,-264.4143839437347,18.300810405127029,-54.715642661452879,18.012633758751368,-220.70197924178366,15.187307669017848,1.331464530376138,17.93100858936195,-32.969894117183688,16.36097553048355,61.94640199249534,14.47890185450261,-176.36990193039083,16.534047697802956,-45.19217229199171,472.34129717366798,520.0536741009555,0.0,0.0,0.0,0.0,0.0,0.0,0.0,0.0,0.0,0.0,0.0,0.0,0.0,0.0,0.0,0.0,0.0,0.0,0.0,0.0,0.0,0.0,1.6556689411312238,0.5053934496737558,101.42329464066681,118.78281496711245,3238.8144163187646,0.30724233590205815,0.046892908409960038,90.95535704341617,106.57644977786797,2850.484195761207,2.7195973200657255,0.5139072789239846,122.57745112164779,143.5756103723067,3929.3045596984436,0.30886737863063537,0.05836496194834377,86.49147884754967,101.40262598403851,2684.56546924597,0.0,0.0,8.530036096782652,10.084411872338535,222.60716732705735,0.0,0.0,11.476962414224359,13.430991570888733,363.5892486383777,0.0,0.0,81.07376145540323,95.43709341759736,2315.0766451580477,0.0,0.0,43.06335859994124,51.101402256267878,1035.0341354130738,0.0,0.0,16.178008886286788,19.032653821928819,465.63008405458546,33.69449425890867,23.110078366878385,139.00101789728405,163.85321422874518,4820.939130291784,0.0,0.0,55.78471558129746,66.72202869411295,1102.4912507013385,0.0,18.003510015145328,35.34121598264265,22.0,30.0,0.0,17.90403867194104,34.808981629106749,12.0,30.0,0.0,17.971039137533848,35.35062672991849,22.0,30.0,0.0,17.740718513931886,35.17844082531945,12.0,30.0,0.0,15.164661222352225,44.57738882626202,12.0,30.0,0.0,18.121987445875765,36.791148904149007,12.0,30.0,0.0,16.45979705246998,40.02481776010233,10.0,30.0,0.0,14.0877323083299,47.78898756750595,12.0,30.0,0.0,16.579225220185987,40.71922878034724,20.0,30.0,0.0,16.152020597023435,0.0,0.0,0.0,11.868245552196117,0.0,0.0,573.7538330568677,540.5676819429305,572.0840154938345,543.5467741550416,663.751308716594,958.7088127359291,621.2320461142439,686.5704029653043,805.1911811805885,0.0,80.9753785495517,80.9753785495517,60.0,0.0,60.0,60.0,12.0,12.0,12.0,19.0,12.0,12.0,21.0,10.0,0.0,0.0,0.0,0.0,0.0,0.0,0.0,0.0,0.0,0.0,0.0,0.0,0.0,80.9753785495517,80.9753785495517,0.0,0.0,0.0,80.9753785495517,0.0,0.0,0.00228 
 03/04  00:30:00,2.035,92.0,2.225,0.0,0.0,0.0,0.0,0.0,2.0,2.0,0.0,0.0,0.0,0.0,0.0,807.0,0.0,0.0,0.0,0.0,0.0,0.0,0.0,0.0,0.0,0.0,0.0,18.234824173177004,-202.1743117229913,18.306418269358177,-161.1834775049604,18.149148266777268,-260.7486589738151,17.978967270660158,-52.136163343776519,15.16566899760859,0.09571183806307693,17.879313753404987,-28.630610938612536,16.35891958805903,29.99019558408356,14.38508502933881,-204.7017491229853,16.5329237720566,-50.963016998512539,509.8297003037143,584.7818947904569,0.0,0.0,0.0,0.0,0.0,0.0,0.0,0.0,0.0,0.0,0.0,0.0,0.0,0.0,0.0,0.0,0.0,0.0,0.0,0.0,0.0,0.0,1.6572985049006249,0.50589087451179,150.1567857162902,176.58772925599417,4719.962010498721,0.30703736957704738,0.04686162539332224,93.09942346212826,109.44461351223248,2932.6003023630435,2.722969730757188,0.5145445447386977,112.09535612649644,131.82288415649439,3573.6043215440856,0.32069938851371906,0.060600791480294579,110.97030150556893,130.4808777613779,3469.945274146533,0.0,0.0,8.409551507900096,9.970168764620619,220.5837518798336,0.0,0.0,11.021130023519629,12.934591268982852,350.1227803955886,0.0,0.0,83.2069909866075,98.21607354682357,2390.548449929096,0.0,0.0,47.292244262702279,56.29691599478805,1134.212116595162,0.0,0.0,15.773855915301104,18.605071240734277,457.3061233906812,33.72011425825507,23.127650382890996,185.1256336808137,218.80182010117444,6219.747090546291,0.0,0.0,60.26812923672045,72.29676415139316,1192.182942958286,0.0,17.73955683459198,35.54524120244719,21.999999999999994,29.99999999999999,0.0,17.924301052167374,34.79678434095459,11.999999999999995,29.99999999999999,0.0,17.758954936261678,35.51467757625455,21.999999999999994,29.99999999999999,0.0,17.77990292896335,35.43391752995257,11.999999999999995,29.99999999999999,0.0,15.145979272426496,44.33231949536287,11.999999999999995,29.99999999999999,0.0,18.080745898607167,36.654124232516789,11.999999999999995,29.99999999999999,0.0,16.463370046676233,39.39131084262224,9.999999999999997,29.99999999999999,0.0,13.972599286232729,47.46740568280146,11.999999999999995,29.99999999999999,0.0,16.601377800494196,40.50540945669107,19.999999999999994,29.99999999999999,0.0,16.195971471442186,0.0,0.0,0.0,11.788821847354426,0.0,0.0,559.1509284342084,543.6339441065588,562.2036297941307,561.9624767201503,654.8049627999502,955.7605011592339,601.602560641175,669.9685814530592,826.3790661426685,0.0,80.97537854955168,80.97537854955168,59.99999999999998,0.0,59.99999999999998,59.99999999999998,12.0,12.0,12.0,19.0,12.0,12.0,21.0,10.0,0.0,0.0,0.0,0.0,0.0,0.0,0.0,0.0,0.0,0.0,0.0,0.0,0.0,80.97537854955168,80.97537854955168,0.0,0.0,0.0,80.97537854955168,0.0,0.0,0.0022900000000000005 
 03/04  00:40:00,1.9466666666666668,92.33333333333334,2.1833333333333337,0.0,0.0,0.0,0.0,0.0,2.0,2.0,0.0,0.0,0.0,0.0,0.0,538.0,0.0,0.0,0.0,0.0,0.0,0.0,0.0,0.0,0.0,0.0,0.0,18.115158769062274,-242.7497128318928,18.221819989765259,-206.89577342213389,18.109469864032165,-54.33940164053105,17.93092156512453,-130.77866741732093,15.138132535654723,0.1861216673312214,17.81779990442684,-28.446500951222114,16.32717998080048,24.93240609583973,14.270648020801353,-203.21496992417367,16.5259495867986,-56.19119593861929,450.85552219994897,607.6460039971299,0.0,0.0,0.0,0.0,0.0,0.0,0.0,0.0,0.0,0.0,0.0,0.0,0.0,0.0,0.0,0.0,0.0,0.0,0.0,0.0,0.0,0.0,1.6708230384142465,0.5100192424951915,146.08176779559524,171.6787484362162,4579.86301233624,0.31214950576559566,0.04764186595934001,104.50453386245479,122.78866723366258,3294.3932126385154,2.751240489220828,0.5198867137605499,51.51310306660747,60.41128573302673,1704.2501840006126,0.3139806683429166,0.05933119205270534,34.37789426548023,40.32724764346108,1081.1376270873782,0.0,0.0,8.509604637007089,10.084179432239685,224.27757938566635,0.0,0.0,10.96417361359433,12.864506241757827,349.01113612650229,0.0,0.0,83.89815145719806,98.99267916824403,2419.1143173218845,0.0,0.0,48.518118134403838,57.758725886345349,1158.309011847211,0.0,0.0,16.845548255839796,19.85861784833311,491.80535280980197,33.74920948842716,23.14760595914073,124.90885298130039,147.5921257876713,4421.02005031014,0.0,0.0,61.50857631157262,73.77633839154157,1215.3245610450329,0.0,17.61013031798789,35.350608209917357,22.000000000000008,30.00000000000001,0.0,17.83749219966296,34.76042829874866,12.000000000000004,30.00000000000001,0.0,17.793747189459688,35.390077622874859,22.000000000000008,30.00000000000001,0.0,17.747223041517189,35.28372785599112,12.000000000000004,30.00000000000001,0.0,15.116849214912886,43.92220156225824,12.000000000000004,30.00000000000001,0.0,18.01806882355209,36.38818724256593,12.000000000000004,30.00000000000001,0.0,16.42283405237734,39.12725255587037,10.000000000000004,30.00000000000001,0.0,13.82118967590602,47.47419036946429,12.000000000000004,30.00000000000001,0.0,16.61352798489297,40.11770242338576,20.000000000000008,30.00000000000001,0.0,15.893884274436619,0.0,0.0,0.0,11.683794134113013,0.0,0.0,540.9508707580749,535.9575903558981,567.0478160100236,560.1678106652462,640.6633998039717,946.9552510270123,590.1830446381728,661.7147674470136,840.8896838608981,0.0,80.97537854955174,80.97537854955174,60.00000000000002,0.0,60.00000000000002,60.00000000000002,12.0,12.0,12.0,19.0,12.0,12.0,21.0,10.0,0.0,0.0,0.0,0.0,0.0,0.0,0.0,0.0,0.0,0.0,0.0,0.0,0.0,80.97537854955174,80.97537854955174,0.0,0.0,0.0,80.97537854955174,0.0,0.0,0.0023 
 03/04  00:50:00,1.8583333333333335,92.66666666666666,2.1416666666666668,0.0,0.0,0.0,0.0,0.0,2.0,2.0,0.0,0.0,0.0,0.0,0.0,807.0,0.0,0.0,0.0,0.0,0.0,0.0,0.0,0.0,0.0,0.0,0.0,18.062246632732867,3.619665541549999,18.120748385068479,-329.27145986801465,17.967201638733749,-252.10254477821059,17.83769984093688,-95.58557486451332,15.11145555136967,-0.7233316114951365,17.760177931433128,-28.504101215511779,16.274861727268776,-2.9659771319996586,14.174155879001856,-208.37882324708108,16.50722210263659,-61.630421913193739,495.820145096629,625.8168972919766,0.0,0.0,0.0,0.0,0.0,0.0,0.0,0.0,0.0,0.0,0.0,0.0,0.0,0.0,0.0,0.0,0.0,0.0,0.0,0.0,0.0,0.0,1.660810350221027,0.5069628663678353,143.49630045188969,168.9260400996858,4530.4383165298809,0.30745855507162836,0.046925908893716217,104.12164327616533,122.48688233979236,3280.3876682868169,2.732918623370125,0.5164245320049373,111.8163407745829,131.5976411945676,3571.3381005054159,0.3127362585653828,0.05909604281280857,80.57972385989287,94.7531965076229,2526.9718460270139,0.0,0.0,8.365754802174907,9.922636268555621,221.54179200589284,0.0,0.0,11.3097836800231,13.282708210485744,360.8148007904656,0.0,0.0,82.00374139776119,96.85715077496573,2367.4252011384826,0.0,0.0,49.654107677668239,59.18176273255681,1183.1707057078377,0.0,0.0,18.471174171378267,21.792878047492555,542.1798635415048,33.7103956582457,23.120984676437407,171.35836696188245,202.71445898344926,5822.758378275696,0.0,0.0,62.57330960577845,75.13945742364636,1234.8090158840353,0.0,17.639499246271244,35.24400284384821,22.000000000000019,30.00000000000002,0.0,17.718794828303506,34.78285725415231,12.00000000000001,30.00000000000002,0.0,17.59479209328675,35.29229930769169,22.000000000000019,30.00000000000002,0.0,17.641735255397565,35.26583881725331,12.00000000000001,30.00000000000002,0.0,15.090466688606892,43.58881823278285,12.00000000000001,30.00000000000002,0.0,17.962646539800759,36.170081412603298,12.00000000000001,30.00000000000002,0.0,16.34912647652417,38.94710287817779,10.000000000000007,30.00000000000002,0.0,13.705277516018765,47.391524617654699,12.00000000000001,30.00000000000002,0.0,16.60423759008793,39.788617496901149,20.000000000000015,30.00000000000002,0.0,16.000291623460755,0.0,0.0,0.0,11.579669052094614,0.0,0.0,542.4706001055949,529.6394239348631,545.8529806661212,549.7115477886287,629.8999670528966,935.975264517795,582.2296376701469,658.0548032268704,840.0416065051345,0.0,80.97537854955178,80.97537854955178,60.00000000000004,0.0,60.00000000000004,60.00000000000004,12.0,12.0,12.0,19.0,12.0,12.0,21.0,10.0,0.0,0.0,0.0,0.0,0.0,0.0,0.0,0.0,0.0,0.0,0.0,0.0,0.0,80.97537854955178,80.97537854955178,0.0,0.0,0.0,80.97537854955178,0.0,0.0,0.0023000000000000006 
 03/04  01:00:00,1.77,93.0,2.1,0.0,0.0,0.0,0.0,0.0,2.0,2.0,0.0,0.0,0.0,0.0,0.0,807.0,0.0,0.0,0.0,0.0,0.0,0.0,0.0,0.0,0.0,0.0,0.0,17.945149243555588,-191.76835075493805,17.94756055198582,-369.5477972372297,17.774760457759969,-251.07053227655178,17.745770978261786,-177.76637177376095,15.081461470014279,-2.189807568380068,17.699975107299858,-30.03210427086627,16.19361186442907,-28.36191066317832,14.075428469165369,-213.76321142334946,16.48106884969439,-65.5021677444152,624.2279664310156,634.5095892400175,0.0,0.0,0.0,0.0,0.0,0.0,0.0,0.0,0.0,0.0,0.0,0.0,0.0,0.0,0.0,0.0,0.0,0.0,0.0,0.0,0.0,0.0,1.6620736147467304,0.5073484782499181,351.12338182619399,413.38432292523518,10998.120760664096,0.2956549927977609,0.0451243884001467,189.32621002184204,222.9358039194392,5897.035786417444,2.7147765765542197,0.5129963296587722,261.1870535830543,307.79862983622248,8124.463652357403,0.30423759898433297,0.05749009806960187,140.06090150609334,164.87883218401925,4382.779338139284,0.0,0.0,8.04866634821768,9.548622070845712,214.0954786194315,0.0,0.0,11.934861651679498,14.022256924058379,381.5175293287117,0.0,0.0,77.53590053100375,91.63357566303961,2233.8057019659888,0.0,0.0,50.2482569711656,59.92626626265686,1194.7047203084665,0.0,0.0,21.73795792951193,25.65557226056955,641.0403417249777,33.56171669197952,23.019010076803537,421.9785692248387,498.75509997655817,13273.129458046158,0.0,0.0,62.98047812064213,75.67220143787833,1239.888173718462,0.0,17.469894887302254,35.12111622640565,22.000000000000019,30.00000000000002,0.0,17.476167418006207,34.9906842730978,12.00000000000001,30.00000000000002,0.0,17.31684931833646,35.510351612535959,22.000000000000019,30.00000000000002,0.0,17.525977813863184,34.90454093660378,12.00000000000001,30.00000000000002,0.0,15.058616211547902,43.189266530107378,12.00000000000001,30.00000000000002,0.0,17.901544603568554,35.87594928632364,12.00000000000001,30.00000000000002,0.0,16.221163166446627,38.629332274383688,10.000000000000007,30.00000000000002,0.0,13.584705894392354,47.11570827525291,12.00000000000001,30.00000000000002,0.0,16.582183599328127,39.284477841490119,20.000000000000015,30.00000000000002,0.0,16.33900156047363,0.0,0.0,0.0,11.46326638655751,0.0,0.0,528.2875411773637,524.0732882183393,533.1963516980129,526.5405934809501,619.5702324191813,917.8373956539995,570.6438182320673,656.5651110013102,824.0975839646123,0.0,80.97537854955178,80.97537854955178,60.00000000000004,0.0,60.00000000000004,60.00000000000004,12.0,12.0,12.0,19.0,12.0,12.0,21.0,10.0,0.0,0.0,0.0,0.0,0.0,0.0,0.0,0.0,0.0,0.0,0.0,0.0,0.0,80.97537854955178,80.97537854955178,0.0,0.0,0.0,80.97537854955178,0.0,0.0,0.0023000000000000006 
 03/04  01:10:00,1.7033333333333334,93.0,2.131666666666667,0.0,0.0,0.0,0.0,0.0,2.0,2.0,0.0,0.0,0.0,0.0,0.0,1076.0,0.0,0.0,0.0,0.0,0.0,0.0,0.0,0.0,0.0,0.0,0.0,17.851394633600245,-113.90746852129746,17.898604430194938,-226.5819088746101,17.759396550725414,-136.9837123888924,17.641846756118299,-112.21034525343694,15.052064866575368,-1.7522711878186144,17.638426505786616,-33.17714816090259,16.137296137707126,-10.235793358284923,13.987648796585525,-213.99961228026093,16.450395883937924,-70.34512171120292,467.7852405471678,644.1925462588888,0.0,0.0,0.0,0.0,0.0,0.0,0.0,0.0,0.0,0.0,0.0,0.0,0.0,0.0,0.0,0.0,0.0,0.0,0.0,0.0,0.0,0.0,1.6505671960180504,0.5038361404206503,139.88415698643474,164.77981471975029,4403.054493190474,0.30554021971701947,0.04663312266743277,76.77597044302664,90.3608031965797,2409.8897755863938,2.732238502702697,0.5162960133602983,139.50884252763738,164.4070241172559,4425.53541394564,0.3126261781692428,0.05907524152857951,72.32973209149113,85.2820078897749,2260.224021160743,0.0,0.0,8.390597637493105,9.960392338095998,223.8445256835785,0.0,0.0,12.096748694876263,14.221651587637025,386.87167011082149,0.0,0.0,81.46336168091468,96.34091104495515,2347.6114246688659,0.0,0.0,50.57472384237364,60.3615292627016,1199.6399044393743,0.0,0.0,21.471297588014687,25.353681475426578,634.8458095014065,33.624258477500237,23.061905677297835,165.2230909233892,195.72138491974827,5618.283319934681,0.0,0.0,63.30540535498758,76.12514378989174,1240.9636892308589,0.0,17.39112965848325,35.01499356006211,22.0,30.0,0.0,17.490264078522999,34.68433437056824,12.0,30.0,0.0,17.390903647721776,35.13158863332657,22.0,30.0,0.0,17.406093106446315,34.86359926797856,12.0,30.0,0.0,15.029181724206689,42.80939193747031,12.0,30.0,0.0,17.838593478178539,35.63962818557007,12.0,30.0,0.0,16.156583628373796,38.58294308048747,10.0,30.0,0.0,13.485916862749488,47.03518121390843,12.0,30.0,0.0,16.55288704167052,38.91806184318487,20.0,30.0,0.0,15.768284462943053,0.0,0.0,0.0,11.351017355319343,0.0,0.0,521.5180302413422,515.5640932626715,528.3043102512652,516.4147359838028,610.7731439806751,902.185180690553,568.9665352368681,657.5693713531113,814.3061872645473,0.0,80.9753785495517,80.9753785495517,60.0,0.0,60.0,60.0,12.0,12.0,12.0,19.0,12.0,12.0,21.0,10.0,0.0,0.0,0.0,0.0,0.0,0.0,0.0,0.0,0.0,0.0,0.0,0.0,0.0,80.9753785495517,80.9753785495517,0.0,0.0,0.0,80.9753785495517,0.0,0.0,0.0023 
 03/04  01:20:00,1.6366666666666668,93.0,2.1633333333333337,0.0,0.0,0.0,0.0,0.0,2.0,2.0,0.0,0.0,0.0,0.0,0.0,538.0,0.0,0.0,0.0,0.0,0.0,0.0,0.0,0.0,0.0,0.0,0.0,17.73784602152542,-235.27814196852524,17.830679145607208,-159.90330615354629,17.741661973936954,-58.445926258653,17.612969009709518,-112.8216659504996,15.019640155948045,-1.662617006456344,17.571979419247403,-33.46222170777736,16.094118816690597,-1.2170736189752916,13.896407932475011,-213.72436264720444,16.413617301151044,-72.26024641904962,366.79439083142099,658.2026169510422,0.0,0.0,0.0,0.0,0.0,0.0,0.0,0.0,0.0,0.0,0.0,0.0,0.0,0.0,0.0,0.0,0.0,0.0,0.0,0.0,0.0,0.0,1.6582844900586072,0.5061918467822366,126.47764258189008,148.8890592096119,3959.733305811247,0.3136843412032875,0.0478761204522722,95.15699729996413,111.96726715527754,2992.0875259649817,2.7048763653911607,0.5111255414571355,33.50044445377295,39.36270343925114,1135.7655560069937,0.31267695957419947,0.05908483741009058,25.63417882278146,30.121273457343866,809.4195780554059,0.0,0.0,8.569889918824048,10.166129161602623,229.2489896204409,0.0,0.0,11.96407744278854,14.058472339209822,382.6708805271512,0.0,0.0,83.26474574142469,98.40622155532884,2404.1428484181285,0.0,0.0,51.052318780808239,60.905342415556948,1207.5525983214484,0.0,0.0,21.593393400957269,25.481655699207715,639.8339111086211,33.73459495306539,23.137582272335665,91.79459900817469,108.72338549837505,3440.964577182737,0.0,0.0,63.81982806212686,76.71178146473344,1246.4233978365542,0.0,17.248922689837344,34.99684978290563,22.0,30.0,0.0,17.443118179074156,34.644637818408998,12.0,30.0,0.0,17.445970750749767,34.96742854891265,22.0,30.0,0.0,17.416100548159326,34.61294428090587,12.0,30.0,0.0,14.994462557998502,42.451219438924209,12.0,30.0,0.0,17.766220119541957,35.426535893896879,12.0,30.0,0.0,16.112491179112074,38.51168603978985,10.0,30.0,0.0,13.379146045223369,46.980239456949039,12.0,30.0,0.0,16.513146239782974,38.621986356390298,20.0,30.0,0.0,15.309459353473259,0.0,0.0,0.0,11.242890561520918,0.0,0.0,512.7569382121101,512.366098394903,537.554667965644,513.482962375304,602.9707163825335,888.541828817157,566.789222954181,654.4789830283822,807.3167007248674,0.0,80.9753785495517,80.9753785495517,60.0,0.0,60.0,60.0,12.0,12.0,12.0,19.0,12.0,12.0,21.0,10.0,0.0,0.0,0.0,0.0,0.0,0.0,0.0,0.0,0.0,0.0,0.0,0.0,0.0,80.9753785495517,80.9753785495517,0.0,0.0,0.0,80.9753785495517,0.0,0.0,0.0023033333333333336 
 03/04  01:30:00,1.57,93.0,2.1950000000000005,0.0,0.0,0.0,0.0,0.0,2.0,2.0,0.0,0.0,0.0,0.0,0.0,807.0,0.0,0.0,0.0,0.0,0.0,0.0,0.0,0.0,0.0,0.0,0.0,17.668537338612667,-51.617174321574399,17.751919660696175,-272.9305662950932,17.598403137069775,-230.7065502839852,17.52383578870323,-119.12488722666524,14.989004628421427,-2.7074080420343584,17.51280220775216,-32.62532223754847,16.034317908623949,-25.543633793511455,13.814286852172799,-219.15971394767196,16.37878616650417,-74.2390391487021,463.1387357473369,669.9804668653178,0.0,0.0,0.0,0.0,0.0,0.0,0.0,0.0,0.0,0.0,0.0,0.0,0.0,0.0,0.0,0.0,0.0,0.0,0.0,0.0,0.0,0.0,1.6577040763151679,0.5060146753098802,143.4746273942194,169.18187603860407,4510.1153850829,0.30686002776329399,0.0468345585719313,80.90590474242177,95.39364228350755,2540.4785097312799,2.6791062562393055,0.5062559063188409,126.89079253910387,149.60453669244112,4026.0131641978048,0.30818611311257429,0.05823622696760659,80.62419254068455,94.97668620534027,2522.892895932218,0.0,0.0,8.319258042804544,9.877155056658794,223.16680724733534,0.0,0.0,12.156395681440792,14.29727959341984,389.0981482042831,0.0,0.0,80.55609791272781,95.29641922076928,2325.1286898508885,0.0,0.0,51.59238440480277,61.61363994455909,1218.3131800438396,0.0,0.0,22.76002714188151,26.88138445294929,675.913278673171,33.777044496652738,23.166697185632878,164.53131891411395,194.96981417682304,5616.990033183971,0.0,0.0,64.29844069927367,77.36976765569972,1251.7820618679005,0.0,17.234408252928629,34.965914013761729,21.999999999999994,29.99999999999999,0.0,17.35696409601016,34.45623008617045,11.999999999999995,29.99999999999999,0.0,17.2362939320097,34.91420108627221,21.999999999999994,29.99999999999999,0.0,17.308659653585889,34.73247551635509,11.999999999999995,29.99999999999999,0.0,14.96407094655455,42.21643305743807,11.999999999999995,29.99999999999999,0.0,17.70828085221741,35.27980650213095,11.999999999999995,29.99999999999999,0.0,16.037648671436679,38.41985418891543,9.999999999999997,29.99999999999999,0.0,13.289631116793874,46.893657116727599,11.999999999999995,29.99999999999999,0.0,16.478372079438075,38.395191240088738,19.999999999999994,29.99999999999999,0.0,15.57602437376174,0.0,0.0,0.0,11.142408226237628,0.0,0.0,514.7556942001204,501.18981402396738,516.1474292445729,512.0061641201611,598.1090763987913,879.5171985042197,564.1665557888821,650.6026293097013,798.7354115243702,0.0,80.97537854955168,80.97537854955168,59.99999999999998,0.0,59.99999999999998,59.99999999999998,12.0,12.0,12.0,19.0,12.0,12.0,21.0,10.0,0.0,0.0,0.0,0.0,0.0,0.0,0.0,0.0,0.0,0.0,0.0,0.0,0.0,80.97537854955168,80.97537854955168,0.0,0.0,0.0,80.97537854955168,0.0,0.0,0.002306666666666667 
 03/04  01:40:00,1.5033333333333335,93.0,2.2266666666666667,0.0,0.0,0.0,0.0,0.0,2.0,2.0,0.0,0.0,0.0,0.0,0.0,538.0,0.0,0.0,0.0,0.0,0.0,0.0,0.0,0.0,0.0,0.0,0.0,17.60094892943888,-150.42726012292133,17.691623447523143,-180.96059277881239,17.521299756725836,-222.5409291358599,17.438693868290799,-115.69399575893439,14.95511482393134,-2.642122876318937,17.44891996233976,-33.482104063249199,15.980594905265415,-13.600309597665508,13.727671070192736,-219.39412470094448,16.338815950892625,-77.25459774098411,493.2044503750341,680.0419720920696,0.0,0.0,0.0,0.0,0.0,0.0,0.0,0.0,0.0,0.0,0.0,0.0,0.0,0.0,0.0,0.0,0.0,0.0,0.0,0.0,0.0,0.0,1.6531193758554537,0.5046151940950716,103.50676793410081,121.93819409257935,3272.2673375580427,0.3095916424766856,0.04725147168447584,73.19535418341282,86.24802785195314,2303.9147549242827,2.6735809683959488,0.5052118232040723,100.4060167233672,118.24287748708719,3203.4795524024718,0.3160750232682823,0.05972695073096794,98.79682776600466,116.31582545016214,3091.303659103617,0.0,0.0,8.468233079285497,10.050349949255735,227.74803216664493,0.0,0.0,12.18168953744049,14.323613513725217,390.03425311164406,0.0,0.0,82.78999658346575,97.91309722625947,2391.1785917757608,0.0,0.0,51.95561187520167,62.038378911747717,1224.1701129084434,0.0,0.0,22.702147612213943,26.803865227611064,675.4216597507641,33.88183126296541,23.23856739572389,149.5087364820056,177.09957891379745,5141.600570751476,0.0,0.0,64.66497423727538,77.80136104112649,1254.7556664731847,0.0,17.17116121580054,34.83478504514464,22.000000000000008,30.00000000000001,0.0,17.325128833619936,34.321985014809587,12.000000000000004,30.00000000000001,0.0,17.177437595676357,34.88424933143237,22.000000000000008,30.00000000000001,0.0,17.207429698847088,34.753408989375717,12.000000000000004,30.00000000000001,0.0,14.92811780403749,41.97423224506608,12.000000000000004,30.00000000000001,0.0,17.64045881303145,35.126834647475927,12.000000000000004,30.00000000000001,0.0,15.974780227279198,38.33397294371849,10.000000000000004,30.00000000000001,0.0,13.190958008697887,46.894692778855219,12.000000000000004,30.00000000000001,0.0,16.434223468806548,38.189724724887827,20.000000000000008,30.00000000000001,0.0,15.557578610651419,0.0,0.0,0.0,11.038954745033476,0.0,0.0,507.4466058505599,496.7323368275503,514.6731558793988,508.42786869614528,593.4822926368121,869.8638776903528,559.0132711630756,648.8830765583673,792.3293828448989,0.0,80.97537854955174,80.97537854955174,60.00000000000002,0.0,60.00000000000002,60.00000000000002,12.0,12.0,12.0,19.0,12.0,12.0,21.0,10.0,0.0,0.0,0.0,0.0,0.0,0.0,0.0,0.0,0.0,0.0,0.0,0.0,0.0,80.97537854955174,80.97537854955174,0.0,0.0,0.0,80.97537854955174,0.0,0.0,0.0023100000000000006 
 03/04  01:50:00,1.4366666666666668,93.0,2.2583333333333335,0.0,0.0,0.0,0.0,0.0,2.0,2.0,0.0,0.0,0.0,0.0,0.0,538.0,0.0,0.0,0.0,0.0,0.0,0.0,0.0,0.0,0.0,0.0,0.0,17.417243304664895,-131.2335251805289,17.630887847611974,-324.3696179266353,17.366197488046788,-149.48392043777086,17.368020715076839,-222.68252114278676,14.921112547890808,-4.179462432931359,17.386898716694867,-32.707879552002939,15.918594717007899,-44.21257018427582,13.6402749859589,-227.4069223152037,16.29821196750811,-79.05134927735776,639.7941027562174,687.0543556106941,0.0,0.0,0.0,0.0,0.0,0.0,0.0,0.0,0.0,0.0,0.0,0.0,0.0,0.0,0.0,0.0,0.0,0.0,0.0,0.0,0.0,0.0,1.6461504134847363,0.5024879162041319,307.8695507105276,362.92803804378016,9525.517722622646,0.2951053587645462,0.045040500421939289,225.3453146815551,265.3187503333409,7079.0052886471589,2.648833774167742,0.5005354826469658,210.90853573107439,248.6324911214569,6590.135117648724,0.30910699225907858,0.05841024041176843,207.43660543766476,244.40553809920119,6472.17613778979,0.0,0.0,8.07763163700359,9.591415173335867,217.79868850361363,0.0,0.0,12.375717670710884,14.55570680332344,396.4170104472,0.0,0.0,79.5403921953694,94.12867402654809,2297.228523647812,0.0,0.0,52.461909989385407,62.674263743670199,1232.9991049637043,0.0,0.0,25.16713536001654,29.71892894227299,750.0315686282572,33.848940282808857,23.216008424423089,410.5429063198976,485.5463657797773,12906.476905823229,0.0,0.0,65.04247959626587,78.29486281543928,1257.874811086579,0.0,16.896436268814179,35.22715452100862,22.0,30.0,0.0,17.277632774368955,34.192324208226768,12.0,30.0,0.0,16.96916141615283,35.225249756709477,22.0,30.0,0.0,17.129957997304737,34.6550733319596,12.0,30.0,0.0,14.892635338257968,41.70197728671875,12.0,30.0,0.0,17.576281750799106,34.979881566092469,12.0,30.0,0.0,15.895401625036524,38.12889115134649,10.0,30.0,0.0,13.089955343200505,46.65900179543891,12.0,30.0,0.0,16.389837612590719,37.91513776581397,20.0,30.0,0.0,16.017640706144335,0.0,0.0,0.0,10.936324554637743,0.0,0.0,503.41006803018868,490.96795455647659,516.1821549620134,503.3208759383406,588.0550007264089,862.2480853502825,554.3477749655355,641.8689823379415,779.0714800246428,0.0,80.9753785495517,80.9753785495517,60.0,0.0,60.0,60.0,12.0,12.0,12.0,19.0,12.0,12.0,21.0,10.0,0.0,0.0,0.0,0.0,0.0,0.0,0.0,0.0,0.0,0.0,0.0,0.0,0.0,80.9753785495517,80.9753785495517,0.0,0.0,0.0,80.9753785495517,0.0,0.0,0.0023033333333333336 
 03/04  02:00:00,1.37,93.0,2.29,0.0,0.0,0.0,0.0,0.0,2.0,2.0,0.0,0.0,0.0,0.0,0.0,807.0,0.0,0.0,0.0,0.0,0.0,0.0,0.0,0.0,0.0,0.0,0.0,17.444143662624808,-141.66745384580475,17.47136632480914,-248.90593240467818,17.348591999467638,-159.32666697041683,17.251955178736627,-69.217848365748,14.887649313120239,-3.9000564002665909,17.330116859140035,-34.77599215364348,15.83821036335821,-32.127516206999519,13.563141331952313,-225.7757048465014,16.260679147905895,-82.42308671403058,543.90531244105,693.6367139095917,0.0,0.0,0.0,0.0,0.0,0.0,0.0,0.0,0.0,0.0,0.0,0.0,0.0,0.0,0.0,0.0,0.0,0.0,0.0,0.0,0.0,0.0,1.6433372185643803,0.5016291875959651,211.55300464450716,249.52999691266758,6630.22597821268,0.3003413852850275,0.045839649768777138,142.6329100004322,168.25947640986494,4452.890605205272,2.64256411358659,0.4993507395288347,108.50476513279574,128.03465352883888,3456.3073823957918,0.3118129800581562,0.05892157597470831,86.30553919221717,101.91964766699042,2684.124066841996,0.0,0.0,8.21853311336818,9.764521386105969,222.15650092255573,0.0,0.0,12.690640151483836,14.940352640270725,406.88717360222929,0.0,0.0,80.12658163770895,94.90346311382516,2307.577051036008,0.0,0.0,52.481986473962979,62.75935515092851,1232.401515431628,0.0,0.0,25.333640851932004,29.94427337552772,756.5447746132643,33.947967621895838,23.283928410079477,219.94041641884838,260.7192778980674,7246.756613228249,0.0,0.0,65.03685403988036,78.36878753169677,1254.2787284460879,0.0,17.02109415284706,34.793783452635377,22.000000000000019,30.00000000000002,0.0,17.067157331082606,34.42438923655118,12.00000000000001,30.00000000000002,0.0,17.01800187130657,34.83457874099767,22.000000000000019,30.00000000000002,0.0,16.995771049898054,34.812560899210797,12.00000000000001,30.00000000000002,0.0,14.859250186840022,41.509778633712908,12.00000000000001,30.00000000000002,0.0,17.5219243750484,34.83222037847064,12.00000000000001,30.00000000000002,0.0,15.788989902065835,38.20678474130439,10.000000000000007,30.00000000000002,0.0,13.010138854868467,46.639740741641187,12.00000000000001,30.00000000000002,0.0,16.352117627294473,37.69195202056268,20.000000000000015,30.00000000000002,0.0,15.657432337348294,0.0,0.0,0.0,10.840144658036565,0.0,0.0,500.2450436572541,486.77023682033907,507.12117388529307,500.3578455346093,583.8431155295792,850.6782324405388,551.5598522484809,639.5874420940435,766.6834184538629,0.0,80.97537854955178,80.97537854955178,60.00000000000004,0.0,60.00000000000004,60.00000000000004,12.0,12.0,12.0,19.0,12.0,12.0,21.0,10.0,0.0,0.0,0.0,0.0,0.0,0.0,0.0,0.0,0.0,0.0,0.0,0.0,0.0,80.97537854955178,80.97537854955178,0.0,0.0,0.0,80.97537854955178,0.0,0.0,0.0022966666666666666 
 03/04  02:10:00,1.271666666666667,93.0,2.2666666666666668,0.0,0.0,0.0,0.0,0.0,2.0,2.0,0.0,0.0,0.0,0.0,0.0,538.0,0.0,0.0,0.0,0.0,0.0,0.0,0.0,0.0,0.0,0.0,0.0,17.312947867064538,-228.92117606756757,17.44259804370455,-99.10421152427432,17.281009398934779,-87.84648206157272,17.19337108306695,-258.5237063465994,14.851744822984964,-3.731522282058222,17.265518352826079,-36.023505440684719,15.79345330623687,-20.591312087047528,13.481077424502585,-226.56497507023836,16.216524804074419,-84.75229396712087,403.6507204458727,704.0000311865155,0.0,0.0,0.0,0.0,0.0,0.0,0.0,0.0,0.0,0.0,0.0,0.0,0.0,0.0,0.0,0.0,0.0,0.0,0.0,0.0,0.0,0.0,1.6534219445859003,0.5047075532923994,91.05016782130019,107.38134519224559,2858.9839906915688,0.31053996157183796,0.047396209031110799,33.07397135223557,39.03770492118719,1046.9364060964957,2.6841850252535135,0.5072156132376255,116.91549608910624,137.69794072189706,3734.9807428718306,0.31047295068346217,0.058668358027865099,83.71603298094826,98.67755811071959,2602.5989861938035,0.0,0.0,8.466775964313208,10.055756551209825,229.95374321472847,0.0,0.0,12.59917885463421,14.828981624668085,404.8247405558575,0.0,0.0,82.2491935939683,97.38133666215117,2378.958575241856,0.0,0.0,52.8629735479189,63.20205362717863,1242.7202377344248,0.0,0.0,24.939609362757204,29.468769906235616,747.4195627032997,33.986989913989649,23.3106926707748,124.72651575608843,147.78232897991968,4440.528894637348,0.0,0.0,65.44771725633538,78.85006978489806,1263.0618552846837,0.0,16.842641704813894,34.722552224309939,22.0,30.0,0.0,17.096693039410846,34.22265156692547,12.0,30.0,0.0,16.968603014047795,34.799240327890107,22.0,30.0,0.0,16.930907430895379,34.5797836629541,12.0,30.0,0.0,14.821515464581387,41.297527055452558,12.0,30.0,0.0,17.452379190976687,34.72374368385985,12.0,30.0,0.0,15.749890627281307,38.13262218089439,10.0,30.0,0.0,12.919549291079559,46.64418169130174,12.0,30.0,0.0,16.30246573474863,37.54386592459096,20.0,30.0,0.0,15.090678794958974,0.0,0.0,0.0,10.74380662576048,0.0,0.0,490.22745016487058,485.30503264838367,506.627513406467,491.25286725380098,579.1309217675309,842.4669316505814,548.7125241986446,638.3240734202907,761.5372861909491,0.0,80.9753785495517,80.9753785495517,60.0,0.0,60.0,60.0,12.0,12.0,12.0,19.0,12.0,12.0,21.0,10.0,0.0,0.0,0.0,0.0,0.0,0.0,0.0,0.0,0.0,0.0,0.0,0.0,0.0,80.9753785495517,80.9753785495517,0.0,0.0,0.0,80.9753785495517,0.0,0.0,0.00229 
 03/04  02:20:00,1.1733333333333336,93.0,2.243333333333333,0.0,0.0,0.0,0.0,0.0,2.0,2.0,0.0,0.0,0.0,0.0,0.0,807.0,0.0,0.0,0.0,0.0,0.0,0.0,0.0,0.0,0.0,0.0,0.0,17.24348452418589,-68.94008334791606,17.34218002524949,-296.689227311214,17.183161824038746,-183.8804588097218,17.101176817462048,-53.60182371913283,14.817583745531554,-4.493585482083506,17.207148608335044,-35.18923988152612,15.732168016201193,-42.45785705392896,13.40416603966396,-230.75946632385019,16.175725089504604,-86.74568770222095,401.5881963489406,711.7657167928021,0.0,0.0,0.0,0.0,0.0,0.0,0.0,0.0,0.0,0.0,0.0,0.0,0.0,0.0,0.0,0.0,0.0,0.0,0.0,0.0,0.0,0.0,1.645036835285743,0.5021479961189691,136.62482384408964,161.40608509459825,4301.124601199867,0.3027277723578724,0.04620387245999273,89.87306881226673,106.17523728360034,2825.229219458792,2.67155484263618,0.5048289574142442,67.15664334607578,79.31397807314483,2174.077097172732,0.3130253247708019,0.05915066605646291,34.634540208401869,40.8989100855285,1087.9522142957486,0.0,0.0,8.187957306217707,9.732058404838405,223.45547807575606,0.0,0.0,12.781755147273716,15.056705528656665,411.80071257570708,0.0,0.0,79.99790376240257,94.80136124853246,2318.42880161064,0.0,0.0,53.136859169773689,63.58994567559603,1251.3364326775487,0.0,0.0,25.865337060995559,30.587614537627773,778.1352277492234,33.93087818012248,23.272207256599775,124.63801021098999,148.08227748019,4440.011286406282,0.0,0.0,65.65315841453098,79.17589947814324,1268.1299963707853,0.0,16.818710800977514,34.68192785163443,21.999999999999994,29.99999999999999,0.0,16.954613383489787,34.211841173964639,11.999999999999995,29.99999999999999,0.0,16.84579384897657,34.681404844829717,21.999999999999994,29.99999999999999,0.0,16.850366684263727,34.563844838319258,11.999999999999995,29.99999999999999,0.0,14.787812379527808,41.13768267301046,11.999999999999995,29.99999999999999,0.0,17.395402318165119,34.62401852233033,11.999999999999995,29.99999999999999,0.0,15.677509407606788,37.983644328210299,9.999999999999997,29.99999999999999,0.0,12.838754228037687,46.59661448587049,11.999999999999995,29.99999999999999,0.0,16.260312734754839,37.40746170676203,19.999999999999994,29.99999999999999,0.0,15.023491686840451,0.0,0.0,0.0,10.651079921539813,0.0,0.0,490.5444854606107,482.15195608928209,500.24009785798367,487.19655217369839,575.610475313797,835.7768829486686,544.3890934869764,634.4951367689499,755.6988571753165,0.0,80.97537854955168,80.97537854955168,59.99999999999998,0.0,59.99999999999998,59.99999999999998,12.0,12.0,12.0,19.0,12.0,12.0,21.0,10.0,0.0,0.0,0.0,0.0,0.0,0.0,0.0,0.0,0.0,0.0,0.0,0.0,0.0,80.97537854955168,80.97537854955168,0.0,0.0,0.0,80.97537854955168,0.0,0.0,0.00228 
 03/04  02:30:00,1.0750000000000002,93.0,2.2199999999999999,0.0,0.0,0.0,0.0,0.0,2.0,2.0,0.0,0.0,0.0,0.0,0.0,807.0,0.0,0.0,0.0,0.0,0.0,0.0,0.0,0.0,0.0,0.0,0.0,17.086699298896556,-131.13136931249358,17.274729522840468,-278.783276467299,17.08533667401837,-218.16004957747124,16.982553885393906,-214.43828156172786,14.780901101888487,-5.328906853775841,17.145574500725436,-36.664905701986139,15.658723230617346,-57.84601373019524,13.321251407796233,-235.3929632030622,16.131295654513204,-90.57536839470288,609.8964225794325,714.4783741234517,0.0,0.0,0.0,0.0,0.0,0.0,0.0,0.0,0.0,0.0,0.0,0.0,0.0,0.0,0.0,0.0,0.0,0.0,0.0,0.0,0.0,0.0,1.6560380254897434,0.5055061127868568,306.29062947097875,362.156827516699,9475.339516378055,0.2989074612494994,0.045620796894001728,179.92385566280445,212.39090733093264,5669.056056584268,2.6736352884136336,0.5052220877576783,298.85686686946885,353.09065704551179,9398.832505375949,0.3043875940804528,0.057518441814144487,162.04629965649236,191.55096260290126,5029.292448186181,0.0,0.0,7.954639983180344,9.45770171192913,218.09120993378168,0.0,0.0,13.04357392798071,15.369083912820062,421.234613600099,0.0,0.0,77.54839619147438,91.94439081235183,2248.9123602344754,0.0,0.0,53.254361024559077,63.75852401801008,1255.1636634024133,0.0,0.0,27.805474289035496,32.889692146211519,839.4170297398769,33.87396907523063,23.233174948717854,423.12232641593359,501.8019476985097,13327.676169928092,0.0,0.0,65.62800360103683,79.18243646275994,1267.7390862713108,0.0,16.577292330819789,34.8325251346708,21.999999999999994,29.99999999999999,0.0,16.90876401065724,34.004357542308408,11.999999999999995,29.99999999999999,0.0,16.73435398907113,34.56397464628256,21.999999999999994,29.99999999999999,0.0,16.664850396595086,34.65204743967519,11.999999999999995,29.99999999999999,0.0,14.749782676069099,40.89231293561664,11.999999999999995,29.99999999999999,0.0,17.331658762783375,34.46712543059108,11.999999999999995,29.99999999999999,0.0,15.580512406783847,37.83979582671356,9.999999999999997,29.99999999999999,0.0,12.745895152180708,46.374963923911568,11.999999999999995,29.99999999999999,0.0,16.21155110719602,37.144881915582789,19.999999999999994,29.99999999999999,0.0,15.606252194212832,0.0,0.0,0.0,10.549646772811592,0.0,0.0,486.75496762643305,482.5015577204846,492.2626296915439,484.7557217527491,571.2227734873169,828.4502655543549,542.0330024221757,630.2115277010656,743.6948884991925,0.0,80.97537854955168,80.97537854955168,59.99999999999998,0.0,59.99999999999998,59.99999999999998,12.0,12.0,12.0,19.0,12.0,12.0,21.0,10.0,0.0,0.0,0.0,0.0,0.0,0.0,0.0,0.0,0.0,0.0,0.0,0.0,0.0,80.97537854955168,80.97537854955168,0.0,0.0,0.0,80.97537854955168,0.0,0.0,0.0022700000000000005 
 03/04  02:40:00,0.9766666666666668,93.0,2.1966666666666665,0.0,0.0,0.0,0.0,0.0,2.0,2.0,0.0,0.0,0.0,0.0,0.0,538.0,0.0,0.0,0.0,0.0,0.0,0.0,0.0,0.0,0.0,0.0,0.0,17.0605761240649,-224.56152402027557,17.157387198666919,-186.27655950538475,16.975512296243694,-137.50750194548687,16.94965246736799,-156.38295826295917,14.742639413009135,-4.823826123967763,17.082619392465344,-37.509417265422147,15.59207731911468,-36.03257489563043,13.242319008659525,-232.31580308805395,16.085389500959363,-91.50462300466637,604.7134268941204,723.3847042611526,0.0,0.0,0.0,0.0,0.0,0.0,0.0,0.0,0.0,0.0,0.0,0.0,0.0,0.0,0.0,0.0,0.0,0.0,0.0,0.0,0.0,0.0,1.6575237415891378,0.5059596280797124,236.5911558606628,279.39998114088487,7402.986547856248,0.30415716556845076,0.04642203381691862,123.0034605499758,145.28413267365316,3865.807572629317,2.7292503009055526,0.5157313493774667,190.72716429043704,225.09436407602966,6024.513720571568,0.31310907966282078,0.05916649275563504,103.50315415054662,122.1445936781052,3237.9874698316109,0.0,0.0,8.207132542677727,9.753038842278372,226.0182313231154,0.0,0.0,13.124653646560582,15.461668796477629,424.84240692093138,0.0,0.0,80.10415305325944,94.94203493109521,2326.9786775708028,0.0,0.0,53.39148618047453,63.90833521498557,1260.3812580975842,0.0,0.0,27.461755796913957,32.4748216937752,831.9063486249586,33.975854111248398,23.30305494598656,287.84459391828366,341.12329375753498,9350.86661393506,0.0,0.0,65.79442629926472,79.36951309618387,1271.893679957922,0.0,16.59688495693917,34.653556365955399,22.0,30.0,0.0,16.76803057157281,34.13127635801105,12.0,30.0,0.0,16.609698149207089,34.6218848279984,22.0,30.0,0.0,16.681540811268755,34.48392995542387,12.0,30.0,0.0,14.70935254756526,40.6811714278132,12.0,30.0,0.0,17.2651869496676,34.315694350268419,12.0,30.0,0.0,15.503002627342945,37.822058530468,10.0,30.0,0.0,12.661192810053479,46.386399250820279,12.0,30.0,0.0,16.16079099074971,36.964847224922937,20.0,30.0,0.0,15.528195120124274,0.0,0.0,0.0,10.453945684360673,0.0,0.0,484.8997885528165,480.0918191431024,488.59137760657156,484.15445849735115,567.8644972102436,819.4442957932042,539.1410431943957,629.7529351024126,736.312550153739,0.0,80.9753785495517,80.9753785495517,60.0,0.0,60.0,60.0,12.0,12.0,12.0,19.0,12.0,12.0,21.0,10.0,0.0,0.0,0.0,0.0,0.0,0.0,0.0,0.0,0.0,0.0,0.0,0.0,0.0,80.9753785495517,80.9753785495517,0.0,0.0,0.0,80.9753785495517,0.0,0.0,0.00226 
 03/04  02:50:00,0.8783333333333333,93.0,2.1733333333333335,0.0,0.0,0.0,0.0,0.0,2.0,2.0,0.0,0.0,0.0,0.0,0.0,538.0,0.0,0.0,0.0,0.0,0.0,0.0,0.0,0.0,0.0,0.0,0.0,16.882535924166026,-95.10899612016147,17.120522363411554,-288.8710500547652,16.894279246549578,-275.14525256370146,16.814516592661677,-150.797004365852,14.7048782282712,-5.979711231533088,17.020399634127779,-36.712590126736618,15.529407795396534,-70.15028321017576,13.160419848193357,-238.82935352970879,16.03889536591351,-95.15806344961396,639.006792103477,725.8995818347686,0.0,0.0,0.0,0.0,0.0,0.0,0.0,0.0,0.0,0.0,0.0,0.0,0.0,0.0,0.0,0.0,0.0,0.0,0.0,0.0,0.0,0.0,1.6630434536132964,0.5076445218599806,360.34715188025936,425.69102663883066,11202.275931421547,0.2916557304428111,0.04451400037283443,185.250356849613,218.5413213007968,5839.755621776906,2.6570665103526167,0.5020911773153094,329.82970993217227,389.63717928280365,10354.799817905603,0.30711758462745267,0.05803431304373631,177.85631679033637,210.17431850456979,5532.374804520072,0.0,0.0,7.7077273854426509,9.164237493595934,213.23089646027359,0.0,0.0,13.388715543918782,15.776837549800693,434.3894694065701,0.0,0.0,75.60511167113451,89.65999228622224,2201.7321833651915,0.0,0.0,53.467804958868018,64.02792244756361,1263.3841613125374,0.0,0.0,29.222659670799339,34.56399991278711,888.1591271690343,33.89810949933059,23.249732166893418,491.48845338010366,582.3644079897485,15436.544492564026,0.0,0.0,65.72324543208991,79.32068386411345,1270.6528948482053,0.0,16.35729898924542,35.058029049106817,22.0,30.0,0.0,16.76625354316133,34.044441653122209,12.0,30.0,0.0,16.52587568254814,34.59871375821707,22.0,30.0,0.0,16.486620671741578,34.752503743638147,12.0,30.0,0.0,14.670362771892368,40.46833366098592,12.0,30.0,0.0,17.200359727052228,34.20592722896593,12.0,30.0,0.0,15.431095227993838,37.7097637006002,10.0,30.0,0.0,12.56961955550757,46.1859387347392,12.0,30.0,0.0,16.109349342185064,36.767815940657389,20.0,30.0,0.0,15.605724522342012,0.0,0.0,0.0,10.352874200862765,0.0,0.0,484.679825309241,482.21074875265307,485.7883609139253,483.4900135235196,564.6605851452574,813.9590818458275,539.4903757487202,626.2663003982343,728.4495698408523,0.0,80.9753785495517,80.9753785495517,60.0,0.0,60.0,60.0,12.0,12.0,12.0,19.0,12.0,12.0,21.0,10.0,0.0,0.0,0.0,0.0,0.0,0.0,0.0,0.0,0.0,0.0,0.0,0.0,0.0,80.9753785495517,80.9753785495517,0.0,0.0,0.0,80.9753785495517,0.0,0.0,0.00226 
 03/04  03:00:00,0.78,93.0,2.15,0.0,0.0,0.0,0.0,0.0,2.0,2.0,0.0,0.0,0.0,0.0,0.0,538.0,0.0,0.0,0.0,0.0,0.0,0.0,0.0,0.0,0.0,0.0,0.0,16.887114511873713,-232.495304115836,16.94954605253523,-222.71350194317416,16.721223743869673,-137.61026317377037,16.79448749556132,-204.5047191496028,14.66624168890289,-5.991643314728307,16.96120030212866,-39.5377033899166,15.444910759262818,-46.646307261247788,13.079803671151862,-241.83930830363966,15.992850463719393,-98.81493378804965,630.5347166864176,734.1461974696903,0.0,0.0,0.0,0.0,0.0,0.0,0.0,0.0,0.0,0.0,0.0,0.0,0.0,0.0,0.0,0.0,0.0,0.0,0.0,0.0,0.0,0.0,1.6568184554398645,0.505744339267358,314.9126807624781,372.1768258211062,9852.945065478401,0.299883760417125,0.045769804703468409,157.79229611522539,186.5423147301935,4945.499244181057,2.7800952123526825,0.5253392313591616,298.97093775777565,353.2937260087105,9343.874462243706,0.30935710316726819,0.0584575024881459,167.68151477090124,198.03962758163409,5248.68766717458,0.0,0.0,8.065982370171604,9.589133472720008,224.11063119895915,0.0,0.0,13.380149466423813,15.771893561390045,435.25807413896487,0.0,0.0,79.25440445602885,94.00814414669873,2306.301028671324,0.0,0.0,54.01229393565457,64.70479191237878,1277.7628335757418,0.0,0.0,29.04989036600757,34.36998472931179,885.9155690527681,33.92213783473383,23.266212506676163,432.66270499301319,512.8623859506515,13725.147392709336,0.0,0.0,66.27854528479546,80.02238465630966,1282.6175011946316,0.0,16.41818910646294,34.63526225902709,22.0,30.0,0.0,16.522845505971064,34.27057418520679,12.0,30.0,0.0,16.28717926577754,34.933566049700868,22.0,30.0,0.0,16.510174680794674,34.55868897114604,12.0,30.0,0.0,14.630412411404404,40.29882711778057,12.0,30.0,0.0,17.1410073720797,34.08286154401928,12.0,30.0,0.0,15.320324038005723,37.692610462846037,10.0,30.0,0.0,12.481197401573383,46.0897796805116,12.0,30.0,0.0,16.059592741804928,36.587401541923998,20.0,30.0,0.0,15.514089387919068,0.0,0.0,0.0,10.260113285811987,0.0,0.0,480.9581557914247,478.04606811014426,484.771328953322,483.52902237462475,562.0685069900274,806.5722063577346,535.7584403318454,623.7071762721419,722.000612088965,0.0,80.9753785495517,80.9753785495517,60.0,0.0,60.0,60.0,12.0,12.0,12.0,19.0,12.0,12.0,21.0,10.0,0.0,0.0,0.0,0.0,0.0,0.0,0.0,0.0,0.0,0.0,0.0,0.0,0.0,80.9753785495517,80.9753785495517,0.0,0.0,0.0,80.9753785495517,0.0,0.0,0.00226 
 03/04  03:10:00,0.785,92.83333333333333,2.1966666666666669,0.0,0.0,0.0,0.0,0.0,2.0,2.0,0.0,0.0,0.0,0.0,0.0,538.0,0.0,0.0,0.0,0.0,0.0,0.0,0.0,0.0,0.0,0.0,0.0,16.704842583837768,-94.67100698787954,16.929874911338638,-278.3824444603672,16.70119844013632,-262.1864499171088,16.64602669219431,-150.32765893423676,14.627755641843037,-6.390640309201217,16.89868474526559,-38.640025296470188,15.389882801504698,-75.94446874707399,13.000711241678712,-242.30456242648587,15.945139343715333,-100.51640550448838,613.6302150290621,737.0341664745532,0.0,0.0,0.0,0.0,0.0,0.0,0.0,0.0,0.0,0.0,0.0,0.0,0.0,0.0,0.0,0.0,0.0,0.0,0.0,0.0,0.0,0.0,1.6493367693135346,0.5034605522935087,336.69306320219098,398.0269819419053,10421.113790352334,0.28969562885587499,0.04421483956896749,172.85551963364629,204.0791936210857,5413.576094149683,2.6181720241761559,0.49474150116707418,309.49013549429619,365.9156541679906,9656.388165356844,0.3054744298754486,0.05772381516920796,168.5037999294417,199.27751336727699,5214.441042354363,0.0,0.0,7.620083401690584,9.063931938615685,211.09851474333238,0.0,0.0,13.665107289175579,16.11232098097648,442.7184461729772,0.0,0.0,74.8925460136353,88.87873913370157,2171.4947173172415,0.0,0.0,53.75702841303421,64.4245398025158,1262.3247139380442,0.0,0.0,30.48874448580604,36.08105486761923,926.4986435485915,33.87044436675827,23.230757453194984,457.8835665854648,542.9478510161714,14371.071810152273,0.0,0.0,65.86566232282618,79.56003808390823,1261.0699363931672,0.0,16.174107815684196,35.06835112314927,22.0,30.0,0.0,16.55871774448469,34.10592535337245,12.0,30.0,0.0,16.320451549542598,34.66532817806845,22.0,30.0,0.0,16.29910286244281,34.77150308618117,12.0,30.0,0.0,14.591269660329756,40.08819846737045,12.0,30.0,0.0,17.07507638113396,33.98274256945611,12.0,30.0,0.0,15.265694279153774,37.636207889578688,10.0,30.0,0.0,12.39546810986897,46.00552924694518,12.0,30.0,0.0,16.007038384146538,36.4186583072316,20.0,30.0,0.0,15.421656950360795,0.0,0.0,0.0,10.160232687705762,0.0,0.0,481.64959254137406,479.6373242834967,483.356571375218,480.0920146728399,559.1989104919117,802.0101099510528,536.8725279532454,621.8735055319609,715.5486897719802,0.0,80.9753785495517,80.9753785495517,60.0,0.0,60.0,60.0,12.0,12.0,12.0,19.0,12.0,12.0,21.0,10.0,0.0,0.0,0.0,0.0,0.0,0.0,0.0,0.0,0.0,0.0,0.0,0.0,0.0,80.9753785495517,80.9753785495517,0.0,0.0,0.0,80.9753785495517,0.0,0.0,0.00226 
 03/04  03:20:00,0.7900000000000002,92.66666666666667,2.243333333333333,0.0,0.0,0.0,0.0,0.0,2.0,2.0,0.0,0.0,0.0,0.0,0.0,538.0,0.0,0.0,0.0,0.0,0.0,0.0,0.0,0.0,0.0,0.0,0.0,16.713744204212739,-225.65848976174585,16.7731964332605,-216.98223438904393,16.544806277134719,-135.50105379498883,16.63328562106824,-201.92906786698678,14.588498514780526,-6.474706660767566,16.839814174757615,-41.01612148502477,15.308879229312339,-52.836837559636027,12.922324242465987,-245.50034231912026,15.898282079166123,-103.71724672086617,610.3070801483846,745.1457218271297,0.0,0.0,0.0,0.0,0.0,0.0,0.0,0.0,0.0,0.0,0.0,0.0,0.0,0.0,0.0,0.0,0.0,0.0,0.0,0.0,0.0,0.0,1.6303980787966195,0.49767951123217937,314.7627612602538,372.2812830384477,9738.803289762534,0.29475315913865648,0.04498674590028334,158.83307394622416,187.9188489185383,4920.2562416960959,2.6986648813675337,0.5099517916416354,299.2174230249614,353.86099545920049,9242.288940129167,0.30404372501677537,0.057453462777168427,168.6858434217334,199.37599309789798,5221.79274266949,0.0,0.0,7.963310210441865,9.471240931115727,219.913177388724,0.0,0.0,13.606795546606966,16.04861861868611,439.20347309685749,0.0,0.0,78.49612465091492,93.17455749165956,2259.4205791053848,0.0,0.0,54.30231697286209,65.10196463909827,1265.704686031289,0.0,0.0,30.24337483854951,35.80088908142654,915.8998809024117,33.88998700063634,23.244161180134677,434.05100426458417,514.8649623227483,13621.030432116255,0.0,0.0,66.3970070755941,80.23244863000288,1258.7882860189384,0.0,16.243850544320688,34.60738772447255,22.0,30.0,0.0,16.339863786622453,34.25680923851114,12.0,30.0,0.0,16.109603684992036,34.93401400970513,22.0,30.0,0.0,16.3347886409639,34.5694081411151,12.0,30.0,0.0,14.551174378507096,39.94788770824617,12.0,30.0,0.0,17.015772599486355,33.88598243988498,12.0,30.0,0.0,15.163056830794382,37.58356277867689,10.0,30.0,0.0,12.310695459229244,45.95412936655319,12.0,30.0,0.0,15.95653058936392,36.28860494734408,20.0,30.0,0.0,15.361449302032652,0.0,0.0,0.0,10.06963006828958,0.0,0.0,477.51692063130386,474.942626604844,482.0934829107739,480.67468386013248,557.3069525384092,796.2094441593002,532.7733458777184,620.2218935775061,711.2506549806677,0.0,80.9753785495517,80.9753785495517,60.0,0.0,60.0,60.0,12.0,12.0,12.0,19.0,12.0,12.0,21.0,10.0,0.0,0.0,0.0,0.0,0.0,0.0,0.0,0.0,0.0,0.0,0.0,0.0,0.0,80.9753785495517,80.9753785495517,0.0,0.0,0.0,80.9753785495517,0.0,0.0,0.0022533333333333335 
 03/04  03:30:00,0.795,92.5,2.29,0.0,0.0,0.0,0.0,0.0,2.0,2.0,0.0,0.0,0.0,0.0,0.0,538.0,0.0,0.0,0.0,0.0,0.0,0.0,0.0,0.0,0.0,0.0,0.0,16.540209376535036,-94.43871667258873,16.760542161436818,-269.4647595987926,16.53276976617556,-255.7734515687671,16.49259723520926,-151.04935801833654,14.549307025276378,-6.686467267642158,16.77767672377005,-40.015182206350917,15.25579410791942,-79.97515007831544,12.844633039445352,-245.9179247083232,15.84983030180853,-105.26657291739122,595.8227607452272,748.3934443580399,0.0,0.0,0.0,0.0,0.0,0.0,0.0,0.0,0.0,0.0,0.0,0.0,0.0,0.0,0.0,0.0,0.0,0.0,0.0,0.0,0.0,0.0,1.6243482981738935,0.4958328138503949,329.52179875376586,389.8251275277123,10092.730751276024,0.2856200598721232,0.04359280523078804,169.12572654851713,199.82148842954875,5240.210987754435,2.5388057286920207,0.4797440908337154,305.39231193943876,361.33054658652898,9426.531254203614,0.3005425352058724,0.05679186228380051,167.60391119615793,198.35662466573735,5132.071432659624,0.0,0.0,7.556678109778974,8.992402525697628,208.06054288903614,0.0,0.0,13.847809828614836,16.337440829230343,445.1659289125149,0.0,0.0,74.50306566226272,88.47658495560003,2137.217139648966,0.0,0.0,54.087084564105939,64.86877734808106,1251.4810141200922,0.0,0.0,31.502753768624058,37.30078078956289,950.6121323133004,33.86267828315509,23.225430921231209,449.8542278085066,533.7827050283765,13991.531414305322,0.0,0.0,66.04109988711602,79.83719840982272,1239.035974999508,0.0,16.013657515829693,35.02581291717698,22.0,30.0,0.0,16.387549781871859,34.09634659871,12.0,30.0,0.0,16.15590615810607,34.64895136735498,22.0,30.0,0.0,16.136990100029366,34.734790756212579,12.0,30.0,0.0,14.511678566471915,39.75261234567121,12.0,30.0,0.0,16.950542972607207,33.79405386012725,12.0,30.0,0.0,15.112939751634333,37.549074314259588,10.0,30.0,0.0,12.227468619338467,45.896300468263969,12.0,30.0,0.0,15.903654584991213,36.148572942277898,20.0,30.0,0.0,15.27302354641434,0.0,0.0,0.0,9.974429787880588,0.0,0.0,478.4370501877431,476.9474998564801,480.78738410991886,476.7683462998225,554.7076531018843,792.6875643087517,534.2737942893202,618.6281126641208,706.1680041651991,0.0,80.9753785495517,80.9753785495517,60.0,0.0,60.0,60.0,12.0,12.0,12.0,19.0,12.0,12.0,21.0,10.0,0.0,0.0,0.0,0.0,0.0,0.0,0.0,0.0,0.0,0.0,0.0,0.0,0.0,80.9753785495517,80.9753785495517,0.0,0.0,0.0,80.9753785495517,0.0,0.0,0.0022466666666666665 
 03/04  03:40:00,0.8,92.33333333333333,2.336666666666667,0.0,0.0,0.0,0.0,0.0,2.0,2.0,0.0,0.0,0.0,0.0,0.0,538.0,0.0,0.0,0.0,0.0,0.0,0.0,0.0,0.0,0.0,0.0,0.0,16.5517437861253,-220.43223435342498,16.614340864080196,-209.20069894995255,16.384972883716978,-133.21646095769348,16.48424379108418,-199.65004342656199,14.509370486515057,-6.82687113086709,16.71902651793897,-42.15767581460935,15.178083798734623,-57.08663140068438,12.76741639404954,-248.93347040398806,15.802160846264237,-108.16603484612847,592.8529129264716,756.3897235729012,0.0,0.0,0.0,0.0,0.0,0.0,0.0,0.0,0.0,0.0,0.0,0.0,0.0,0.0,0.0,0.0,0.0,0.0,0.0,0.0,0.0,0.0,1.6062649934283236,0.4903128795568753,304.1016389393256,359.9192344696347,9314.576094293661,0.2908846559518929,0.044396315010972669,152.42110291902334,180.45617948936499,4675.106035672329,2.6188889013075178,0.4948769654776113,292.0177533600023,345.5752527763474,8930.173366445786,0.2994252053095128,0.05658072662689204,165.5308384548759,195.77906962148558,5073.008676264869,0.0,0.0,7.901520242190068,9.401957511602014,216.86100210209015,0.0,0.0,13.767474551244657,16.247657729312448,440.9470259296237,0.0,0.0,78.21650683197339,92.90482937493938,2228.2664291424709,0.0,0.0,54.64758755961461,65.56451594891661,1255.1724310999,0.0,0.0,31.138775213874156,36.88001090266124,936.3600492338653,33.896788285301727,23.24882598443192,420.060157268887,498.5963145746283,13077.43048264155,0.0,0.0,66.60007168213119,80.54213674214407,1237.6270272987102,0.0,16.088102300924633,34.559849472954038,22.0,30.0,0.0,16.18651188069797,34.21453081940081,12.0,30.0,0.0,15.958621251905563,34.894347019051469,22.0,30.0,0.0,16.18015998567337,34.533610685835729,12.0,30.0,0.0,14.47120709508682,39.63237522105218,12.0,30.0,0.0,16.891646235457708,33.71362282589831,12.0,30.0,0.0,15.017060421205122,37.48263378140647,10.0,30.0,0.0,12.144753878071868,45.861550793888508,12.0,30.0,0.0,15.852636099955179,36.04764544518032,20.0,30.0,0.0,15.211895128676833,0.0,0.0,0.0,9.888512349638813,0.0,0.0,474.1272967064019,472.0065119723791,479.52540303746607,477.72494490629358,553.1370491979093,788.0295851480082,529.8735920157416,617.1343457406676,703.2271423299706,0.0,80.9753785495517,80.9753785495517,60.0,0.0,60.0,60.0,12.0,12.0,12.0,19.0,12.0,12.0,21.0,10.0,0.0,0.0,0.0,0.0,0.0,0.0,0.0,0.0,0.0,0.0,0.0,0.0,0.0,80.9753785495517,80.9753785495517,0.0,0.0,0.0,80.9753785495517,0.0,0.0,0.00224 
 03/04  03:50:00,0.805,92.16666666666667,2.3833333333333339,0.0,0.0,0.0,0.0,0.0,2.0,2.0,0.0,0.0,0.0,0.0,0.0,538.0,0.0,0.0,0.0,0.0,0.0,0.0,0.0,0.0,0.0,0.0,0.0,16.384681537901316,-93.49258051145807,16.603189599623776,-263.6726778226207,16.37484832127671,-250.3680806888524,16.348436794141337,-150.9720643231094,14.46938107030131,-6.9045994744105319,16.65737703789581,-41.009203777436969,15.125734052479089,-83.34918921510837,12.690848532261719,-249.05776689226719,15.753056529101308,-109.61779981921569,581.1714904860037,759.2903221112833,0.0,0.0,0.0,0.0,0.0,0.0,0.0,0.0,0.0,0.0,0.0,0.0,0.0,0.0,0.0,0.0,0.0,0.0,0.0,0.0,0.0,0.0,1.601669605185407,0.4889101358929814,323.347643166996,382.77057849126666,9807.960775477775,0.28176250500825109,0.04300404533092965,166.3928067270176,196.72452021176526,5105.0421878913989,2.46575567337267,0.4659402255050399,299.7256482450735,354.8615251086541,9160.471833875998,0.2961355382901807,0.05595909642671591,165.2250553298032,195.67095369667167,5010.320522936112,0.0,0.0,7.502476108243586,8.93176192070473,205.28102975515555,0.0,0.0,13.987230022128739,16.511548721129907,446.1720555164011,0.0,0.0,74.30641072424834,88.30034414711506,2109.8133235238944,0.0,0.0,54.44101955364569,65.34106791091875,1241.3567482984709,0.0,0.0,32.321281582215878,38.28990841804428,968.3827119349828,33.84896553786063,23.216025746132126,441.3379772392244,524.00372348811,13611.07290269533,0.0,0.0,66.25281303194677,80.15555621112003,1218.7317240940184,0.0,15.867126345921939,34.971702814521169,22.0,30.0,0.0,16.234823058419744,34.06970145756734,12.0,30.0,0.0,16.00658011825299,34.61804884462799,22.0,30.0,0.0,15.990056749409377,34.68356060675989,12.0,30.0,0.0,14.431092877483579,39.45639957835462,12.0,30.0,0.0,16.827310082674793,33.63355780715574,12.0,30.0,0.0,14.968447817971326,37.46250070630525,10.0,30.0,0.0,12.063501869975,45.81789841951861,12.0,30.0,0.0,15.799474142658653,35.92781551359189,20.0,30.0,0.0,15.133817856112131,0.0,0.0,0.0,9.798076247671668,0.0,0.0,475.3036095214094,474.3382529034357,478.2984222269471,473.5680526599224,550.7240160161621,785.276791111608,531.6129851525711,615.5924018019773,698.9207838467852,0.0,80.9753785495517,80.9753785495517,60.0,0.0,60.0,60.0,12.0,12.0,12.0,19.0,12.0,12.0,21.0,10.0,0.0,0.0,0.0,0.0,0.0,0.0,0.0,0.0,0.0,0.0,0.0,0.0,0.0,80.9753785495517,80.9753785495517,0.0,0.0,0.0,80.9753785495517,0.0,0.0,0.0022433333333333335 
 03/04  04:00:00,0.81,92.0,2.43,0.0,0.0,0.0,0.0,0.0,2.0,2.0,0.0,0.0,0.0,0.0,0.0,538.0,0.0,0.0,0.0,0.0,0.0,0.0,0.0,0.0,0.0,0.0,0.0,16.396909790660396,-215.73386476821544,16.464860541675216,-199.94064504391759,16.23388950177801,-129.56393880120596,16.342256940082114,-197.75247132000028,14.428722245117314,-7.095730822955858,16.598952006296913,-43.07082357093259,15.05021295730977,-60.64643429129046,12.614705770423442,-251.83245097939176,15.704659344466958,-112.26543992394272,574.7870022651423,766.7914283478041,0.0,0.0,0.0,0.0,0.0,0.0,0.0,0.0,0.0,0.0,0.0,0.0,0.0,0.0,0.0,0.0,0.0,0.0,0.0,0.0,0.0,0.0,1.5844045960450593,0.483639986582741,289.2341818697451,342.5441513967153,8775.311333360693,0.2876987012996486,0.04391005819591706,143.0469125267908,169.4663077747835,4347.892409526314,2.5548335562046509,0.4827727808398813,281.987322162419,333.90667140074097,8544.72299956772,0.29540815536203759,0.05582164689380906,160.86318998276057,190.37889597766606,4883.432464918411,0.0,0.0,7.84912782541092,9.34382143224045,214.06835962650764,0.0,0.0,13.884712092067936,16.395480147285867,441.2592037875357,0.0,0.0,78.07611274840693,92.79789143036797,2202.0979257642995,0.0,0.0,54.99765250618479,66.03226964424889,1244.899108147693,0.0,0.0,31.871163704206425,37.76696457620814,951.519435937832,33.83559094561011,23.206852500418465,400.1022998145644,475.2063475882644,12373.12709332271,0.0,0.0,66.804667070977,80.85123021636842,1217.494291209704,0.0,15.942436818734457,34.52133000133875,22.0,30.0,0.0,16.047327399031443,34.18061756150454,12.0,30.0,0.0,15.820082986566229,34.85402558958495,22.0,30.0,0.0,16.036433857608153,34.48889968855143,12.0,30.0,0.0,14.390094894713677,39.351662028135667,12.0,30.0,0.0,16.76877687636817,33.56639364562774,12.0,30.0,0.0,14.877316644042985,37.401418728270069,10.0,30.0,0.0,11.982642999288388,45.7970323908146,12.0,30.0,0.0,15.747984644426163,35.84591773958916,20.0,30.0,0.0,15.065652418214582,0.0,0.0,0.0,9.716410919753774,0.0,0.0,471.0512909432699,469.5125989940345,477.20203321059628,474.81883874206798,549.3056610114791,781.4261038656547,527.2292633049326,614.2675536693287,696.753729436452,0.0,80.9753785495517,80.9753785495517,60.0,0.0,60.0,60.0,12.0,12.0,12.0,19.0,12.0,12.0,21.0,10.0,0.0,0.0,0.0,0.0,0.0,0.0,0.0,0.0,0.0,0.0,0.0,0.0,0.0,80.9753785495517,80.9753785495517,0.0,0.0,0.0,80.9753785495517,0.0,0.0,0.0022466666666666665 
 03/04  04:10:00,0.7916666666666667,92.16666666666667,2.49,0.0,0.0,0.0,0.0,0.0,2.0,2.0,0.0,0.0,0.0,0.0,0.0,538.0,0.0,0.0,0.0,0.0,0.0,0.0,0.0,0.0,0.0,0.0,0.0,16.23414405936058,-92.67929080619843,16.452175298424089,-260.15354738259318,16.22276686180887,-246.10286071297925,16.209194245678114,-150.91086869268748,14.38789903847955,-7.05750324965247,16.53732541138153,-41.815140988600237,14.997602261579502,-86.29150583291767,12.539104689607722,-251.65385013008814,15.654810157854098,-113.66017930126566,570.1985580133651,769.5101731211291,0.0,0.0,0.0,0.0,0.0,0.0,0.0,0.0,0.0,0.0,0.0,0.0,0.0,0.0,0.0,0.0,0.0,0.0,0.0,0.0,0.0,0.0,1.5829661501244968,0.48320090052640315,317.6376540338008,376.2680504833568,9560.646567110443,0.2785372144791711,0.04251178487166836,164.2913044937635,194.37668132238333,5001.0399037895399,2.3979220773520915,0.4531220856674399,292.93701767974246,347.06594289531207,8882.318136536682,0.2925248064959582,0.05527679639001476,161.94817906868577,191.9230767310516,4873.252963687644,0.0,0.0,7.45797858265089,8.883200478804682,203.12698708868434,0.0,0.0,14.107201628012824,16.66380377129115,447.19940268296798,0.0,0.0,74.22874942458214,88.2693247756182,2090.0971864945188,0.0,0.0,54.79541866932029,65.81765628815693,1234.0411640292512,0.0,0.0,33.02005896079557,39.14047949280537,983.7835581269185,33.872520229696558,23.232181227501074,432.3723945792974,513.7016782024253,13248.206082872035,0.0,0.0,66.4892547440937,80.50659098111329,1203.0879499813128,0.0,15.727165459672028,34.937128093100287,22.0,30.0,0.0,16.09097666168595,34.059820035464927,12.0,30.0,0.0,15.864453108356426,34.60354704620221,22.0,30.0,0.0,15.850611660981848,34.64861993701656,12.0,30.0,0.0,14.349223831630765,39.199623181777798,12.0,30.0,0.0,16.705054756188067,33.50356858434232,12.0,30.0,0.0,14.828480071325459,37.3971690334518,10.0,30.0,0.0,11.90323944880909,45.76905202392558,13.0,30.0,0.0,15.69446432210588,35.74698557116656,20.0,30.0,0.0,14.99680041190702,0.0,0.0,0.0,9.63057952339955,0.0,0.0,472.44907725241696,472.06738913169479,476.05291834697007,470.6271766056114,547.0773034423764,779.2213015576682,529.1017319887158,612.7909819508626,692.9298726188829,0.0,80.9753785495517,80.9753785495517,60.0,0.0,60.0,60.0,12.0,12.0,12.0,19.0,12.0,12.0,21.0,10.0,0.0,0.0,0.0,0.0,0.0,0.0,0.0,0.0,0.0,0.0,0.0,0.0,0.0,80.9753785495517,80.9753785495517,0.0,0.0,0.0,80.9753785495517,0.0,0.0,0.00225 
 03/04  04:20:00,0.7733333333333334,92.33333333333334,2.5500000000000004,0.0,0.0,0.0,0.0,0.0,2.0,2.0,0.0,0.0,0.0,0.0,0.0,269.0,0.0,0.0,0.0,0.0,0.0,0.0,0.0,0.0,0.0,0.0,0.0,16.193039579267795,-185.65162568941197,16.400616136181623,-92.87701122566569,16.19618939861883,-39.024598951586089,16.146915752835498,-217.80093148645666,14.342778158118389,-6.389978437944762,16.47065819242833,-44.17582716452932,14.94554743935645,-50.30690152847137,12.463587296992916,-244.94081841843104,15.600820067392226,-113.3598857829304,520.1526871254837,779.4780617171241,0.0,0.0,0.0,0.0,0.0,0.0,0.0,0.0,0.0,0.0,0.0,0.0,0.0,0.0,0.0,0.0,0.0,0.0,0.0,0.0,0.0,0.0,1.5589193689954156,0.47586061324646386,178.48824585645105,211.29680473512458,5366.370470767816,0.29070657586929796,0.04436913551118711,43.12857837888153,50.98921333100249,1325.4156832582954,2.555639548820013,0.4829250848110382,273.56217625108595,323.58343248220748,8339.278513462488,0.29697771051560287,0.05611823705888185,139.38019727457178,164.95016116463703,4186.689633617242,0.0,0.0,8.067674664044766,9.5952711280703,219.34060187539743,0.0,0.0,14.027353864994156,16.54983152816958,443.3749123224003,0.0,0.0,80.20305914481928,95.23421262157358,2254.6216350724669,0.0,0.0,55.23444997901397,66.26437568142036,1237.8463961622934,0.0,0.0,32.19691405018421,38.11758136803102,957.0254358978328,33.99039218062924,23.313026186988517,274.86552949028359,326.45303690997738,8653.01447601944,0.0,0.0,67.00208650072728,81.02885015742993,1205.4356595559182,0.0,15.695354791862205,34.73781876549939,22.0,30.0,0.0,16.07638212405461,33.87210133893921,12.0,30.0,0.0,15.904677705798692,34.75645006004653,22.0,30.0,0.0,15.784467101845778,34.510872637860497,12.0,30.0,0.0,14.300162800117502,39.074710951369279,12.0,30.0,0.0,16.630699552111318,33.457943604711008,12.0,30.0,0.0,14.784238211434513,37.549497652639207,10.0,30.0,0.0,11.823541589075763,45.892468340133969,13.0,30.0,0.0,15.632925494515354,35.71784119292653,20.0,30.0,0.0,14.764080131194039,0.0,0.0,0.0,9.55609376289678,0.0,0.0,467.5263529991249,464.28756342757347,483.138610875086,461.55908200562006,546.0795352966841,777.3221337908449,528.4097909453702,613.0425190340956,693.6826741800286,0.0,80.9753785495517,80.9753785495517,60.0,0.0,60.0,60.0,12.0,12.0,12.0,19.0,12.0,12.0,21.0,10.0,0.0,0.0,0.0,0.0,0.0,0.0,0.0,0.0,0.0,0.0,0.0,0.0,0.0,80.9753785495517,80.9753785495517,0.0,0.0,0.0,80.9753785495517,0.0,0.0,0.0022466666666666665 
 03/04  04:30:00,0.755,92.5,2.6100000000000005,0.0,0.0,0.0,0.0,0.0,2.0,2.0,0.0,0.0,0.0,0.0,0.0,538.0,0.0,0.0,0.0,0.0,0.0,0.0,0.0,0.0,0.0,0.0,0.0,16.207732890626099,-95.87671642210671,16.302324486492087,-252.226869923021,16.0835602739269,-193.78134011181056,16.132455154891159,-127.60118411015333,14.30558624436036,-7.100362888227437,16.418481898389346,-41.44031815364394,14.886329696436736,-71.09476577706232,12.399040408545793,-251.95879969083217,15.558353452949524,-114.10914295116646,541.9716729078705,786.0820316452542,0.0,0.0,0.0,0.0,0.0,0.0,0.0,0.0,0.0,0.0,0.0,0.0,0.0,0.0,0.0,0.0,0.0,0.0,0.0,0.0,0.0,0.0,1.5570874168277747,0.4753014092880875,214.39603405843304,254.19523677553929,6502.568699179947,0.2825456172848165,0.04312356796166308,111.20261107889107,131.89748278145053,3372.1549468094547,2.4083505780626646,0.45509270182590047,221.96096228250387,263.0884645841237,6715.837711658505,0.29746924015146317,0.05621111869831124,122.83047797261017,145.55215694619575,3704.9162828005858,0.0,0.0,7.714529321564756,9.191642374600008,209.50614296816543,0.0,0.0,13.962875166593208,16.504990648395123,440.6154389558412,0.0,0.0,77.58648466036448,92.30446095534318,2173.941926948697,0.0,0.0,55.451824522031767,66.65471271651623,1238.2031456166397,0.0,0.0,32.23900525175602,38.23885395599122,956.9921051933825,34.09768894132253,23.386617929576503,291.2043563984184,346.48357281565338,9129.408164488297,0.0,0.0,67.21438845457873,81.44707997943391,1201.6970255155639,0.0,15.818162552058812,34.497558810812147,22.0,30.0,0.0,15.932498101520626,34.0619731312922,12.0,30.0,0.0,15.734543552559597,34.73022952667239,22.0,30.0,0.0,15.835340141834117,34.58384116162276,12.0,30.0,0.0,14.267241565912713,39.06083584364076,12.0,30.0,0.0,16.585990666337005,33.45908678857164,12.0,30.0,0.0,14.71865906282001,37.42582454001554,10.0,30.0,0.0,11.764220568284346,45.903791512631098,13.0,30.0,0.0,15.594588956453587,35.73085003557907,20.0,30.0,0.0,14.76457863554371,0.0,0.0,0.0,9.481477037926414,0.0,0.0,469.81553947122088,464.1634710553129,475.02499158191076,470.9719540451061,545.2678672142843,775.6300740229524,525.4113552052252,611.3078409987402,692.9185194743495,0.0,80.9753785495517,80.9753785495517,60.0,0.0,60.0,60.0,12.0,12.0,12.0,19.0,12.0,12.0,21.0,10.0,0.0,0.0,0.0,0.0,0.0,0.0,0.0,0.0,0.0,0.0,0.0,0.0,0.0,80.9753785495517,80.9753785495517,0.0,0.0,0.0,80.9753785495517,0.0,0.0,0.0022433333333333335 
 03/04  04:40:00,0.7366666666666667,92.66666666666667,2.67,0.0,0.0,0.0,0.0,0.0,2.0,2.0,0.0,0.0,0.0,0.0,0.0,269.0,0.0,0.0,0.0,0.0,0.0,0.0,0.0,0.0,0.0,0.0,0.0,16.223418982607688,-27.56731007340659,16.17708425371957,-317.39088207154239,16.01178863863354,-193.97983501194723,16.15063355275725,-12.961260594230226,14.259078812051424,-6.776891808035316,16.353400040487739,-40.05593363289455,14.819495169631662,-73.75786346533096,12.320166245482206,-247.31811180497676,15.504846789444482,-113.48820883806047,466.6556417443144,793.3399357621856,0.0,0.0,0.0,0.0,0.0,0.0,0.0,0.0,0.0,0.0,0.0,0.0,0.0,0.0,0.0,0.0,0.0,0.0,0.0,0.0,0.0,0.0,1.5547712463886987,0.47459439755454788,188.3673147956588,222.86968922594103,5756.575678149318,0.279836349333422,0.04271006552707906,147.56922207343386,174.7020410686615,4436.596297113176,2.337044496421387,0.44161838556715568,82.05277109689856,97.16937400436179,2517.2270332272216,0.2974154047644266,0.05620094572268075,47.933380117081018,56.70844497483918,1463.0163933924474,0.0,0.0,7.606132956110736,9.051430883895593,206.17487398247423,0.0,0.0,14.015206265100998,16.546626551741306,441.05112162085148,0.0,0.0,76.77102811999393,91.23233683684704,2142.9814522582448,0.0,0.0,55.56369623074962,66.71161796098274,1233.7694906808038,0.0,0.0,32.51303378024106,38.51517605833888,962.931353115679,34.16166957418868,23.430500393819405,180.96834954607244,215.21903856531558,5915.380976490459,0.0,0.0,67.31385035147568,81.46967847643131,1196.6632199997856,0.0,15.919921773624078,34.21315134475672,22.0,30.0,0.0,15.760085429795576,34.35620740445901,12.0,30.0,0.0,15.665495220936684,34.66975230442616,22.0,30.0,0.0,15.93223319416658,34.40195228019754,12.0,30.0,0.0,14.216180990780123,39.006516383809998,12.0,30.0,0.0,16.514774133179225,33.452882309404817,12.0,30.0,0.0,14.639026422025348,37.45631445756933,10.0,30.0,0.0,11.677013863708983,46.01731474562183,13.0,30.0,0.0,15.534236472497039,35.72047591492578,20.0,30.0,0.0,14.450080865989606,0.0,0.0,0.0,9.408271647534513,0.0,0.0,470.41814909609209,464.8766464655877,477.11842544613486,475.370609405254,543.1556557482293,773.0694477589203,523.608029720101,609.3155780320071,690.3832894270112,0.0,80.9753785495517,80.9753785495517,60.0,0.0,60.0,60.0,12.0,12.0,12.0,19.0,12.0,12.0,21.0,10.0,0.0,0.0,0.0,0.0,0.0,0.0,0.0,0.0,0.0,0.0,0.0,0.0,0.0,80.9753785495517,80.9753785495517,0.0,0.0,0.0,80.9753785495517,0.0,0.0,0.00224 
 03/04  04:50:00,0.7183333333333334,92.83333333333333,2.73,0.0,0.0,0.0,0.0,0.0,2.0,2.0,0.0,0.0,0.0,0.0,0.0,807.0,0.0,0.0,0.0,0.0,0.0,0.0,0.0,0.0,0.0,0.0,0.0,16.066772133367985,-154.53252351379795,16.14375218679791,-179.51163033074332,15.996554406755746,-79.05218038075319,16.051606980396266,-234.37662905192605,14.222860920228739,-7.309078464179631,16.30264106135956,-43.16220965632322,14.774877253335724,-71.83880490230897,12.257156650361847,-255.59420478544036,15.463505444916219,-117.37821390911935,505.9611428487152,795.8191923895855,0.0,0.0,0.0,0.0,0.0,0.0,0.0,0.0,0.0,0.0,0.0,0.0,0.0,0.0,0.0,0.0,0.0,0.0,0.0,0.0,0.0,0.0,1.5664868752905999,0.47817059685305299,191.92045866150876,227.90427536419313,5766.239395399759,0.2904867086458657,0.04433557824265354,111.04055757580234,131.72969514742935,3349.4829887507855,2.3038584557116206,0.43534740281776709,151.51226716234718,179.89455000679264,4609.312957550155,0.2860810676119253,0.05405915865682642,90.59242354970871,107.5313062077625,2727.1400727506068,0.0,0.0,7.829286506722786,9.339425229343341,212.0180781985204,0.0,0.0,13.96807396897863,16.530313990551414,438.8532068540584,0.0,0.0,78.09915847074675,93.03172139131144,2177.4754796167546,0.0,0.0,55.831332255079789,67.1981943456187,1235.3784336445197,0.0,0.0,33.084676370199449,39.28493320026685,978.6004275535535,34.28338394505193,23.51398075792316,234.9823785249156,280.0956743808131,7467.130110180542,0.0,0.0,67.55678600600018,81.97007849016662,1193.3169183141022,0.0,15.653767081003624,34.69342497201196,22.000000000000019,30.00000000000002,0.0,15.788495723161967,34.31867580963954,12.00000000000001,30.00000000000002,0.0,15.714563874198529,34.650554466410849,22.000000000000019,30.00000000000002,0.0,15.764125261376805,34.362845488681788,12.00000000000001,30.00000000000002,0.0,14.186015072258803,38.97382652688605,12.00000000000001,30.00000000000002,0.0,16.471781170905229,33.46584711977869,12.00000000000001,30.00000000000002,0.0,14.604788426146458,37.47133995770576,10.000000000000007,30.00000000000002,0.0,11.620469480398917,46.036186249151388,13.00000000000001,30.00000000000002,0.0,15.498189236266109,35.70404637813285,20.000000000000015,30.00000000000002,0.0,14.504861716132809,0.0,0.0,0.0,9.33390005748587,0.0,0.0,470.46844036217137,466.55427415005377,476.3558198776533,460.9398429452922,541.7883496576596,772.9358003328589,522.9440150447434,607.8692170316915,687.6951420042896,0.0,80.97537854955178,80.97537854955178,60.00000000000004,0.0,60.00000000000004,60.00000000000004,12.0,12.0,12.0,19.0,12.0,12.0,21.0,10.0,0.0,0.0,0.0,0.0,0.0,0.0,0.0,0.0,0.0,0.0,0.0,0.0,0.0,80.97537854955178,80.97537854955178,0.0,0.0,0.0,80.97537854955178,0.0,0.0,0.0022533333333333339 
 03/04  05:00:00,0.7,93.0,2.79,0.0,0.0,0.0,0.0,0.0,2.0,2.0,0.0,0.0,0.0,0.0,0.0,1076.0,0.0,0.0,0.0,0.0,0.0,0.0,0.0,0.0,0.0,0.0,0.0,16.04711690589111,-96.62693373751495,16.08045453795753,-173.57164078651673,15.95724199195077,-145.33680532801976,15.992825341983519,-97.17166928290857,14.180823160923709,-7.415390179003602,16.244051123878145,-43.388236309172288,14.71626983866253,-70.51292396459746,12.18343643476408,-257.0538054033666,15.414729406108723,-119.58990824276515,349.76236733198837,800.4637904752864,0.0,0.0,0.0,0.0,0.0,0.0,0.0,0.0,0.0,0.0,0.0,0.0,0.0,0.0,0.0,0.0,0.0,0.0,0.0,0.0,0.0,0.0,1.5519839274276999,0.47374356759087307,132.93290792740735,157.85852267008446,4027.488634017484,0.29074406224177887,0.04437485687450838,67.78572269639993,80.51852691729988,2042.1705244288347,2.2372807381574257,0.4227665793948273,70.92290676490018,84.17725960682049,2191.243374235928,0.29156553513243768,0.055095528180732728,54.69469895614905,64.9419802652529,1649.978178298353,0.0,0.0,7.879939263437116,9.404494760958228,213.06732716300463,0.0,0.0,13.983300047592304,16.558359787432609,438.3432835902893,0.0,0.0,78.9200281625096,94.06222139966738,2194.2295372969758,0.0,0.0,56.064367550627768,67.52317479923589,1234.284085085469,0.0,0.0,32.94620647270381,39.14340974581829,972.6439510915266,34.34918387885614,23.559111028022053,104.36017609461872,124.67188998927959,3696.9095090972998,0.0,0.0,67.78445280410584,82.29930586625339,1190.210121192271,0.0,15.690204313131718,34.55946702174562,22.0,30.0,0.0,15.733431408316767,34.31759091866813,12.0,30.0,0.0,15.699607339712888,34.53764484943233,22.0,30.0,0.0,15.727102187116227,34.35851652447886,12.0,30.0,0.0,14.144622775219333,38.9344061020856,12.0,30.0,0.0,16.413613299948226,33.48136047244967,12.0,30.0,0.0,14.544416519960152,37.50775236679927,10.0,30.0,0.0,11.543464335645649,46.088683343096047,13.0,30.0,0.0,15.447906239699014,35.68319422164974,20.0,30.0,0.0,13.916125614745459,0.0,0.0,0.0,9.26127553395436,0.0,0.0,474.4779830497604,461.84515365430385,476.6215241319653,462.6040574665717,540.339759693404,772.0085463511236,523.8883783731626,606.4712032073679,685.393813319376,0.0,80.9753785495517,80.9753785495517,60.0,0.0,60.0,60.0,12.0,12.0,12.0,19.0,12.0,12.0,21.0,10.0,0.0,0.0,0.0,0.0,0.0,0.0,0.0,0.0,0.0,0.0,0.0,0.0,0.0,80.9753785495517,80.9753785495517,0.0,0.0,0.0,80.9753785495517,0.0,0.0,0.0022666666666666666 
 03/04  05:10:00,0.745,92.83333333333333,2.8200000000000005,0.0,0.0,0.0,0.0,0.0,2.0,2.0,0.0,0.0,0.0,0.0,0.0,538.0,0.0,0.0,0.0,0.0,0.0,0.0,0.0,0.0,0.0,0.0,0.0,15.915027895415033,-242.7306664196667,16.05428513019816,-112.80271848402856,15.908958904743145,-53.30191728144865,15.92405217036864,-258.18215981766459,14.135358367781635,-7.255563584599244,16.182511308215099,-42.94008644080742,14.667249444706826,-60.55346081684411,12.106732517771786,-255.2279310060303,15.362493589468003,-119.22718608295856,327.8383633714219,807.8436657732182,0.0,0.0,0.0,0.0,0.0,0.0,0.0,0.0,0.0,0.0,0.0,0.0,0.0,0.0,0.0,0.0,0.0,0.0,0.0,0.0,0.0,0.0,1.5473554321502872,0.47233071799459316,98.3881104865039,116.77902230817915,2932.9455732216877,0.2918137692081748,0.044538121063518749,53.10510564176088,63.007584759523258,1599.2321876232955,2.2276320670554154,0.4209433233286879,79.05229227810493,93.654909818552,2427.5842756268759,0.28709126311979646,0.0542500497202941,57.30108174719557,67.9318504661622,1698.9449312891098,0.0,0.0,8.027783860440375,9.575530557217676,215.6402182084687,0.0,0.0,13.867343822047467,16.413184714285984,431.8000618626851,0.0,0.0,80.46749363207403,95.85099333103841,2223.7398469670608,0.0,0.0,56.400278430571109,67.89865330339856,1227.5244258061635,0.0,0.0,32.727094712586467,38.86328890590764,959.820668979489,34.36177563047886,23.567747346007459,106.33678128988889,126.70349537910733,3757.0177524912135,0.0,0.0,68.11247783127577,82.65826191866077,1180.5608777130984,0.0,15.494723175698816,34.772727004677808,22.0,30.0,0.0,15.745776610687415,34.227552900218217,12.0,30.0,0.0,15.67493673089165,34.52675958156546,22.0,30.0,0.0,15.63917330924923,34.38216619375109,12.0,30.0,0.0,14.096705055645636,38.904092746456047,12.0,30.0,0.0,16.346963102069517,33.509328198304107,12.0,30.0,0.0,14.501204923944635,37.531466139712538,10.0,30.0,0.0,11.459575294598013,46.19752580877417,13.0,30.0,0.0,15.390216849635074,35.692420064408889,20.0,30.0,0.0,13.753299931053757,0.0,0.0,0.0,9.191944648855737,0.0,0.0,465.72163589734546,461.0185298433607,481.0799828653707,456.6384442493363,539.3100050702758,772.1530148533307,524.2219573597669,605.263784981702,685.2208073392403,0.0,80.9753785495517,80.9753785495517,60.0,0.0,60.0,60.0,12.0,12.0,12.0,19.0,12.0,12.0,21.0,10.0,0.0,0.0,0.0,0.0,0.0,0.0,0.0,0.0,0.0,0.0,0.0,0.0,0.0,80.9753785495517,80.9753785495517,0.0,0.0,0.0,80.9753785495517,0.0,0.0,0.00228 
 03/04  05:20:00,0.79,92.66666666666667,2.8500000000000007,0.0,0.0,0.0,0.0,0.0,2.0,2.0,0.0,0.0,0.0,0.0,0.0,807.0,0.0,0.0,0.0,0.0,0.0,0.0,0.0,0.0,0.0,0.0,0.0,15.868732877920302,18.865222301360285,15.94812759759039,-332.59097242023668,15.796980702870937,-200.47366731255034,15.832995145264933,-61.659333780275108,14.093841201783885,-7.468757561572248,16.128132815313966,-42.355795192280279,14.600537294330279,-83.74153093221894,12.037785552784492,-256.75867063014257,15.315314603501446,-121.96317447311351,370.3584613457135,809.3265891861476,0.0,0.0,0.0,0.0,0.0,0.0,0.0,0.0,0.0,0.0,0.0,0.0,0.0,0.0,0.0,0.0,0.0,0.0,0.0,0.0,0.0,0.0,1.5169594473025728,0.46305233434144446,142.01188208129237,168.8222146484666,4219.026430256873,0.27910894926390808,0.04259904598044993,109.45071758968247,130.0354302563386,3245.615791667175,2.1536754081103908,0.4069681421221449,74.83687278490062,88.99306767644157,2263.12387453432,0.286012955021441,0.05404628779694648,44.70661388811157,53.133098256579817,1326.078230597078,0.0,0.0,7.654962260562474,9.137507821305598,204.34530726527727,0.0,0.0,14.049081111151843,16.64113414004104,434.7896535113988,0.0,0.0,77.67204997378799,92.60105694222513,2127.9480683199437,0.0,0.0,56.45675590270726,68.02419416567452,1215.98591580165,0.0,0.0,33.44060803281594,39.74085240349618,974.6855218836837,34.23800791509507,23.482858652328575,142.51459310333954,170.20953433662417,4737.784112262808,0.0,0.0,68.030915729453,82.62916208214399,1163.5494581225028,0.0,15.517554479934863,34.72790633111441,21.999999999999994,29.99999999999999,0.0,15.586043016639657,34.479768611285809,11.999999999999995,29.99999999999999,0.0,15.50949154933138,34.72139727271334,21.999999999999994,29.99999999999999,0.0,15.550973870811414,34.563078211686789,11.999999999999995,29.99999999999999,0.0,14.05692923423387,38.89141271004664,11.999999999999995,29.99999999999999,0.0,16.29418088633865,33.52726044819585,11.999999999999995,29.99999999999999,0.0,14.424059927169722,37.56900232211603,9.999999999999997,29.99999999999999,0.0,11.390655264074262,46.26171403479734,12.999999999999993,29.99999999999999,0.0,15.34249723528331,35.6944887510375,19.999999999999994,29.99999999999999,0.0,13.897228741871917,0.0,0.0,0.0,9.122889647825908,0.0,0.0,469.0958115971092,460.31788699161327,474.0033273526801,460.4821547734007,538.6790742234928,771.0383154791015,522.1132102323145,604.4879910733921,683.5091901904209,0.0,80.97537854955168,80.97537854955168,59.99999999999998,0.0,59.99999999999998,59.99999999999998,12.0,12.0,12.0,19.0,12.0,12.0,21.0,10.0,0.0,0.0,0.0,0.0,0.0,0.0,0.0,0.0,0.0,0.0,0.0,0.0,0.0,80.97537854955168,80.97537854955168,0.0,0.0,0.0,80.97537854955168,0.0,0.0,0.0022900000000000005 
 03/04  05:30:00,0.835,92.5,2.88,0.0,0.0,0.0,0.0,0.0,2.0,2.0,0.0,0.0,0.0,0.0,0.0,538.0,0.0,0.0,0.0,0.0,0.0,0.0,0.0,0.0,0.0,0.0,0.0,15.785667387107557,-205.2135582408664,15.891281706264913,-131.78398684680588,15.761344540628173,-130.15475015981066,15.816075899062512,-92.97540420565622,14.048924495635,-7.352623930294442,16.06893433306184,-43.619550893056587,14.544475475765735,-65.81379510449347,11.965169994931696,-255.5239604234797,15.26345748015673,-123.06736924008658,384.18380143331549,812.7928812317754,0.0,0.0,0.0,0.0,0.0,0.0,0.0,0.0,0.0,0.0,0.0,0.0,0.0,0.0,0.0,0.0,0.0,0.0,0.0,0.0,0.0,0.0,1.5114829957794132,0.4613806458423117,116.53294791807457,138.37908872154646,3426.6422928834579,0.28547291911435726,0.04357034785017663,79.29796306300203,94.13436418043196,2342.7169261911096,2.1260406149415,0.40174614794812937,64.37677556378353,76.42410039104908,1951.5445988553254,0.2869124092883531,0.05421625269999112,58.70488510287338,69.68062318963308,1736.775322697612,0.0,0.0,7.936535985935442,9.470829064778695,210.468535210847,0.0,0.0,13.937155377132556,16.5048278342785,428.47934600344669,0.0,0.0,80.20239256800517,95.59279546296229,2181.718815250487,0.0,0.0,56.66576749010548,68.26342375457466,1207.0075639825378,0.0,0.0,33.03823215295524,39.25307178665723,956.56126088425,34.24890894890005,23.49033535589853,114.59961146161125,136.8251969773452,3891.23479065656,0.0,0.0,68.2216443493154,82.84312284112522,1151.5950951777396,0.0,15.39787968539391,34.9120484872017,22.0,30.0,0.0,15.561374448696764,34.5105107431673,12.0,30.0,0.0,15.513772051854465,34.70972878477518,22.0,30.0,0.0,15.560106227298335,34.52329667348994,12.0,30.0,0.0,14.010638185666405,38.8741901431192,12.0,30.0,0.0,16.231236968799619,33.55720556624628,12.0,30.0,0.0,14.367680805408048,37.62967920895655,10.0,30.0,0.0,11.3140818641637,46.361792831158329,13.0,30.0,0.0,15.285829489629329,35.71291844379149,20.0,30.0,0.0,13.835246299600684,0.0,0.0,0.0,9.055682317805548,0.0,0.0,467.1675868818045,461.0029560670904,478.47353308933648,463.5470885125042,537.5314429084576,770.3059665371205,520.7435540312417,604.1905847213302,682.9057882119467,0.0,80.9753785495517,80.9753785495517,60.0,0.0,60.0,60.0,12.0,12.0,12.0,19.0,12.0,12.0,21.0,10.0,0.0,0.0,0.0,0.0,0.0,0.0,0.0,0.0,0.0,0.0,0.0,0.0,0.0,80.9753785495517,80.9753785495517,0.0,0.0,0.0,80.9753785495517,0.0,0.0,0.0023 
 03/04  05:40:00,0.8799999999999999,92.33333333333333,2.91,0.0,0.0,0.0,0.0,0.0,2.0,2.0,0.0,0.0,0.0,0.0,0.0,538.0,0.0,0.0,0.0,0.0,0.0,0.0,0.0,0.0,0.0,0.0,0.0,15.610387568963894,-97.52451631904714,15.846788231425077,-283.9070104333746,15.627767393032525,-172.44831702990374,15.763434218323227,-224.9299507116616,14.005208136782264,-7.442609305072611,16.011340407207876,-43.56619018881834,14.47344719199317,-98.33763228639876,11.893540039946725,-258.14800373484277,15.211911254261475,-126.12387434460031,549.7947326918568,807.1411383802524,0.0,0.0,0.0,0.0,0.0,0.0,0.0,0.0,0.0,0.0,0.0,0.0,0.0,0.0,0.0,0.0,0.0,0.0,0.0,0.0,0.0,0.0,1.508841170361531,0.46057422782708537,292.93643955104769,348.05026329009868,8443.011158723884,0.27281070048367858,0.041637774799096267,215.1405105700141,255.372393982692,6298.8613663584769,1.9781899132088914,0.373807617764341,193.06362414150284,229.3374942390996,5638.000558688009,0.26950779031935548,0.050927398019530518,191.78331942941504,227.69026735100028,5609.323052220763,0.0,0.0,7.437330772534201,8.879043529239742,195.95763304759996,0.0,0.0,14.200417760085888,16.820630849007416,433.71453515930087,0.0,0.0,75.09312908821036,89.55106269986126,2024.6317153390226,0.0,0.0,56.3953672582839,67.96138665965052,1187.8821314732277,0.0,0.0,34.76595989514621,41.313254663665038,999.7934810250531,34.12829025012361,23.40760648156628,383.7083552797351,457.2863319224326,11319.29830811638,0.0,0.0,67.71694246773174,82.25859205990705,1126.920906558778,0.0,15.150485736849007,35.434721630864029,22.000000000000008,30.00000000000001,0.0,15.529502206610866,34.52989096397672,12.000000000000004,30.00000000000001,0.0,15.318254484549369,35.080065901220908,22.000000000000008,30.00000000000001,0.0,15.50125883249632,34.60212809289912,12.000000000000004,30.00000000000001,0.0,13.966990383138573,38.85288922899629,12.000000000000004,30.00000000000001,0.0,16.171417062814784,33.58867357161232,12.000000000000004,30.00000000000001,0.0,14.282385151229395,37.71910467835683,10.000000000000004,30.00000000000001,0.0,11.238906934776681,46.373209396515239,13.000000000000004,30.00000000000001,0.0,15.229951447826413,35.71048517811067,20.000000000000008,30.00000000000001,0.0,14.384752737774985,0.0,0.0,0.0,8.981416207710148,0.0,0.0,467.8389221507805,459.3523730976534,473.8510815946836,462.36773202756646,536.5761479276114,769.706396778532,523.9042356046487,603.9880009888411,680.4685655813371,0.0,80.97537854955174,80.97537854955174,60.00000000000002,0.0,60.00000000000002,60.00000000000002,12.0,12.0,12.0,19.0,12.0,12.0,21.0,10.0,0.0,0.0,0.0,0.0,0.0,0.0,0.0,0.0,0.0,0.0,0.0,0.0,0.0,80.97537854955174,80.97537854955174,0.0,0.0,0.0,80.97537854955174,0.0,0.0,0.0023100000000000006 
 03/04  05:50:00,0.9249999999999999,92.16666666666667,2.94,0.0,0.0,0.0,0.0,0.0,2.0,2.0,0.0,0.0,0.0,0.0,0.0,1076.0,0.0,0.0,0.0,0.0,0.0,0.0,0.0,0.0,0.0,0.0,0.0,15.678770986897595,-101.71554575916059,15.726972647213764,-151.90557021809696,15.61563946635571,-125.47837561151886,15.647561939163122,-134.196373921135,13.96434689102298,-7.559066565497311,15.95986317406215,-45.17315754897743,14.39607783005054,-78.17019404120197,11.829437914780212,-256.82945305096089,15.165673325533906,-128.35047850782207,384.0914103142974,809.562352676596,0.0,0.0,0.0,0.0,0.0,0.0,0.0,0.0,0.0,0.0,0.0,0.0,0.0,0.0,0.0,0.0,0.0,0.0,0.0,0.0,0.0,0.0,1.482254075628986,0.45245850904425707,138.88099440889259,165.26296460983728,4054.6130397662739,0.27406565381948497,0.041829312243511138,86.44957451085084,102.89949043551816,2503.9764905923527,1.996670553070956,0.3772998021676033,89.69064839539432,106.68954332818665,2650.365941118136,0.27516358864394088,0.05199614297882479,80.96555994807855,96.33866046618854,2342.0887829626069,0.0,0.0,7.630344311243713,9.116388714134989,199.77584820481074,0.0,0.0,14.28901160724213,16.943418712535398,433.8169958570761,0.0,0.0,77.45449641657925,92.45877026358139,2066.656912064376,0.0,0.0,56.525176140854949,68.19014266315983,1178.7425267945747,0.0,0.0,34.75980252478202,41.35124624650847,993.4810663694826,34.08815695964405,23.380080219234615,151.87762419311273,181.59073493149578,4872.053416542105,0.0,0.0,67.80922128066595,82.45712843482669,1114.4800550160547,0.0,15.343395331104404,34.969615908121699,22.0,30.0,0.0,15.380454350320998,34.79428597417793,12.0,30.0,0.0,15.365547670929569,34.94118513496152,22.0,30.0,0.0,15.355082124533665,34.884310105912387,12.0,30.0,0.0,13.92928100155632,38.85449384635452,12.0,30.0,0.0,16.123299499265728,33.61235597588683,12.0,30.0,0.0,14.19013196179718,37.88267823544265,10.0,30.0,0.0,11.178841807602096,46.46114979111945,13.0,30.0,0.0,15.185021270788124,35.719903389894337,20.0,30.0,0.0,13.828471111206389,0.0,0.0,0.0,8.924500115850002,0.0,0.0,468.64861460200498,454.27281217983639,474.1291508192064,459.3537976250224,536.1275163483496,766.256159650389,522.663227887369,604.9145973559414,676.778260045594,0.0,80.9753785495517,80.9753785495517,60.0,0.0,60.0,60.0,12.0,12.0,12.0,19.0,12.0,12.0,21.0,10.0,0.0,0.0,0.0,0.0,0.0,0.0,0.0,0.0,0.0,0.0,0.0,0.0,0.0,80.9753785495517,80.9753785495517,0.0,0.0,0.0,80.9753785495517,0.0,0.0,0.0023033333333333336 
 03/04  06:00:00,0.97,92.0,2.97,0.0,0.0,0.0,0.0,0.0,2.0,2.0,0.0,0.0,0.0,0.0,0.0,269.0,0.0,0.0,0.0,0.0,0.0,0.0,0.0,0.0,0.0,0.0,0.0,15.676551056451383,-33.975461649788488,15.612571688895376,-319.668523524987,15.529492833521453,-160.07129503953878,15.678362769108542,-12.574046982424619,13.913349647954356,-7.071656736991031,15.894027201269165,-43.66236025362349,14.344328431857031,-72.46469577060452,11.754858446745358,-250.6340223894042,15.106443512207344,-126.61032461831087,319.28883707721436,814.1372302977397,0.0,0.0,0.0,0.0,0.0,0.0,0.0,0.0,0.0,0.0,0.0,0.0,0.0,0.0,0.0,0.0,0.0,0.0,0.0,0.0,0.0,0.0,1.4608517147630254,0.44592543185684538,136.33977615179755,161.70944023127715,3980.905357074175,0.27150244460555936,0.04143810204602554,94.2016098733533,111.8076990148448,2693.9838503715438,1.9597627694223228,0.370325542218882,36.11404468886168,42.85556605931724,1089.2931238318168,0.2787858605816159,0.05268062369267117,4.815222787329925,5.709924178577515,147.80975934906605,0.0,0.0,7.675830201172939,9.152162930991113,199.50659820995188,0.0,0.0,14.242440124777428,16.854382346238219,429.23455769937899,0.0,0.0,78.29677929457579,93.27151367345059,2075.840206121155,0.0,0.0,56.66986429566161,68.2293269868298,1167.9916367230763,0.0,0.0,34.40572046731027,40.84685501768622,976.0399724490974,34.0652740503405,23.364385494060707,89.20356541390317,106.49639766130088,3116.0320939111845,0.0,0.0,67.93451343977121,82.43976381740332,1102.8197052716208,0.0,15.407353382878304,34.780997540709389,22.0,30.0,0.0,15.211242753590318,35.15225389594631,12.0,30.0,0.0,15.260690614872456,35.142603472309968,22.0,30.0,0.0,15.47447979802483,34.60348729548641,12.0,30.0,0.0,13.871575391264099,38.86451589300619,12.0,30.0,0.0,16.04666104753898,33.67389386121929,12.0,30.0,0.0,14.143131596089845,37.94102245688251,10.0,30.0,0.0,11.097042985414696,46.601642517316829,13.0,30.0,0.0,15.114537396019708,35.78083270819386,20.0,30.0,0.0,13.530136750519207,0.0,0.0,0.0,8.86589576157453,0.0,0.0,465.52240199732077,458.15304950975999,483.65537550410127,459.14708540726238,535.2512953747408,764.0332511745546,523.2461646768883,605.0143120306426,677.6721706063379,0.0,80.9753785495517,80.9753785495517,60.0,0.0,60.0,60.0,12.0,12.0,12.0,19.0,12.0,12.0,21.0,10.0,0.0,0.0,0.0,0.0,0.0,0.0,0.0,0.0,0.0,0.0,0.0,0.0,0.0,80.9753785495517,80.9753785495517,0.0,0.0,0.0,80.9753785495517,0.0,0.0,0.0022966666666666666 
 03/04  06:10:00,1.0233333333333335,92.0,2.9883333333333335,0.0,0.0,0.0,0.0,0.0,2.0,2.0,0.0,0.0,0.0,0.0,0.0,2700.0,0.0,0.0,0.0,0.0,0.0,0.0,0.0,0.0,0.0,0.0,0.0,16.93160097959108,-852.04874646065,16.503843480984224,232.28616744960369,17.10190683765308,-2451.536674073337,15.961911316748314,916.2100302157876,13.877821453975493,-7.173962119188435,16.934027597461083,-116.71818783060562,14.47533204328803,223.47766266927784,12.841404535465868,-372.72755162964338,16.729780444578755,-306.4545171473659,908.279707769451,950.5025282129615,0.0,0.0,0.0,0.0,0.0,0.0,0.0,0.0,0.0,0.0,0.0,0.0,0.0,0.0,0.0,0.0,0.0,0.0,0.0,0.0,0.0,0.0,1.5045346287559718,0.45925965468741505,300.2622468550671,354.4775038886759,9864.07612678682,0.33508675804213886,0.05114266758884903,237.97936624609214,281.62553028330839,7463.843764789115,1.6193823669854837,0.30600573828145968,486.8229717488207,574.1097164411611,16254.52373315104,0.3789289350970515,0.07160410716119642,363.785314312783,431.3990259538866,11010.422178160119,0.0,0.0,11.396331304819823,13.625304409832193,294.27681766599138,0.0,0.0,18.813725118515796,22.205882112904879,618.990174298267,0.0,0.0,84.33443042713265,100.64096427585526,2277.76247540609,0.0,0.0,48.515971004496858,58.25810020592777,1148.8485181565498,0.0,0.0,49.394780622297819,58.30841338228711,1619.8306076002448,35.52886989793124,24.368223523958336,593.6502267153284,705.7150545126871,18149.402177291202,0.0,0.0,61.46814804803036,74.79013707496896,1002.9866638992373,2113.4516652729159,17.30805291479123,30.847859903576564,21.999999999999998,30.0,1320.844006918,16.610991808976445,32.20817239372987,16.7,30.0,4748.548689331794,17.608695218488476,30.26545634476682,21.999999999999998,30.0,0.0,16.071263852578015,33.330359331420378,16.999999999999998,30.0,0.0,13.844959288552218,38.86495052065081,12.0,30.0,1914.2087670953898,17.48063888464575,30.745090714089466,20.0,30.0,0.0,14.458827853351153,37.089446214946779,10.0,30.0,1507.0301981641799,12.815398159466373,41.608407686513888,16.999999999999998,30.0,3184.636058985073,17.33392468326749,31.08802987685234,20.0,30.0,0.0,15.319094437691942,0.0,0.0,0.0,8.970783875735105,0.0,0.0,467.6843153146956,466.2392735861603,466.70376620034537,465.1510528673789,533.6801496575367,753.0599079683384,508.77071614339936,609.0274956432854,665.09881603463,13960.287217521052,78.77197583479264,87.84589473375222,60.0,0.0,60.0,60.0,16.0,16.0,19.0,19.0,16.0,12.0,21.0,10.0,1.0,0.0,2113.4516652729159,1320.844006918,4748.548689331794,0.0,1914.2087670953898,0.0,1507.0301981641799,3184.636058985073,13727.154562032025,8236292.737219214,10706054.017023195,78.77197583479264,87.99999999999999,0.4575718187344009,0.7692669869265028,0.3602813740196596,87.99999999999999,0.3542647819438876,10706054.017023195,0.559004808885206 
 03/04  06:20:00,1.0766666666666667,92.0,3.006666666666667,0.0,0.0,0.0,0.0,0.0,2.0,2.0,0.0,0.0,0.0,0.0,0.0,1620.0,0.0,0.0,0.0,0.0,0.0,0.0,0.0,0.0,0.0,0.0,0.0,17.838432275925596,-1341.5669322847394,16.886148048699029,768.7761070877127,18.134172102396808,-3499.9236614054827,16.85479958608936,1031.2684653269017,13.83738330619543,2.7558973096682015,18.08779189093758,-219.96703860668789,14.840182609118548,144.32463280519316,14.190610615735164,-343.2011325378517,18.026222973027818,-525.6804563452033,1256.7565129669652,1355.3721368893665,0.0,0.0,0.0,0.0,0.0,0.0,0.0,0.0,0.0,0.0,0.0,0.0,0.0,0.0,0.0,0.0,0.0,0.0,0.0,0.0,0.0,0.0,1.6094356981162768,0.4912807381307317,422.30390530479448,496.3349753527117,14874.844758754552,0.41110557734840538,0.06274505148785187,363.7329019833226,429.4802796727811,11856.253649013326,1.451766173965187,0.27433223241972556,577.1866663701485,677.5133001781,20730.236348461603,0.4036958992569549,0.07628418353306026,403.74510951815389,476.60437114466847,13254.674265996911,0.0,0.0,14.448870197956396,17.27838403321427,370.697803155163,0.0,0.0,23.89061391626094,28.014686610422893,868.6902348329475,0.0,0.0,94.8727022325813,112.95387656756339,2663.883953969376,0.0,0.0,32.855504809158698,39.151464337559399,916.4764996523602,0.0,0.0,68.58319052131842,80.36306600197364,2520.9190296622807,36.84972563806582,25.27416024558699,752.2799009865756,891.5251550479648,24140.02528543705,0.0,0.0,68.52037180643532,83.1528304642745,1201.1649759686318,2008.124540536399,18.806520360217787,28.03739134581248,22.0,30.0,0.0,17.447768469861758,30.536312911220287,16.0,30.0,4536.1806121734639,19.217573949104766,27.323573415122988,22.0,30.0,0.0,17.600122591655958,30.243854586918155,16.333333333333333,30.0,0.0,13.811232364352458,38.819746462537548,12.0,30.0,1751.906134170238,19.464455770662196,27.075285680916815,20.0,30.0,0.0,15.073934583797163,35.612521681386699,10.0,30.0,1425.6990381224308,15.119864267794196,35.7381736835424,17.0,30.0,1630.077581253644,19.68446011247913,26.683301751796745,19.666666666666666,30.0,0.0,16.412671398850358,0.0,0.0,0.0,9.614426362541114,0.0,0.0,467.9760767523691,468.2245816648367,465.52852891851708,465.6378451953394,532.856742307141,714.8642586704145,519.7065420431643,625.0434899298455,629.1423527399252,11787.347682106129,80.2103391773393,87.86991497491064,60.0,0.0,60.0,60.0,16.0,16.0,19.0,19.0,16.0,12.0,21.0,10.0,1.0,0.0,2008.124540536399,0.0,4536.1806121734639,0.0,1751.906134170238,0.0,1425.6990381224308,1630.077581253644,11590.502472298918,6954301.483379351,9086579.560140128,80.2103391773393,88.0,0.38635008240996396,0.7652459441054463,0.36028137401965956,88.0,0.3542647819438875,9086579.560140128,0.47479880379395336 
 03/04  06:30:00,1.13,92.0,3.0250000000000005,0.0,0.0,0.0,0.0,0.0,2.0,2.0,0.0,0.0,0.0,0.0,0.0,1080.0,0.0,0.0,0.0,0.0,0.0,0.0,0.0,0.0,0.0,0.0,0.0,18.281116329484406,-1292.7568351266783,17.264741832542833,826.7648124959906,18.664227123258614,-3426.610786667399,17.43779611297091,866.9943333478454,13.80672380759196,6.007612441526177,17.9602178325501,-211.63404456132339,14.87236937690745,53.51880060124461,15.13434532679876,-132.68261896458146,18.021776267111038,-379.302869757595,1389.3646920062802,1252.688542837916,0.0,0.0,0.0,0.0,0.0,0.0,0.0,0.0,0.0,0.0,0.0,0.0,0.0,0.0,0.0,0.0,0.0,0.0,0.0,0.0,0.0,0.0,1.6793437729964825,0.5126201993273756,442.15697494670487,518.5783072778622,16023.117804861111,0.4322513887099688,0.06597243417429316,383.71059899058039,452.10661335883676,12908.012752140508,1.4801954270621254,0.279704351296698,571.3063145297119,668.9950106748466,21169.888634352585,0.39163470724914187,0.07400504672130418,376.6774764101256,443.216260379201,12959.805573835838,0.0,0.0,15.319831456479977,18.31964501419072,390.8327695049091,0.0,0.0,24.441488104619589,28.681145072497786,875.6012389068358,0.0,0.0,109.29825937797176,130.0982979681818,3060.6965519123484,0.0,0.0,21.336077547900517,25.256291337206578,663.8380087987559,0.0,0.0,61.98231515995995,72.70209435450477,2238.766694846952,37.52262250610347,25.73568073120952,745.0817769581315,880.9071070708016,24832.173292832817,0.0,0.0,63.86816544365416,77.49375925047707,1115.7626040907638,1916.014383768253,19.42297713744093,26.985931990808223,22.0,30.0,0.0,18.07779570171742,29.352893405849206,16.0,30.0,4323.606965057584,19.88979437276005,26.211195185568934,22.0,30.0,0.0,18.494810803686215,28.589561343227893,16.0,30.0,0.0,13.790111988475307,38.79503345781454,12.0,30.0,125.75073027164149,19.259698928066109,27.417344804743494,19.0,30.0,0.0,15.094255055833444,35.56580288567,10.0,30.0,1110.5382524037896,16.74905487311316,32.11365019270249,17.0,30.0,1463.1157337311095,19.42477972715295,27.09106833247484,19.5,30.0,0.0,17.093124793936476,0.0,0.0,0.0,9.641693854930935,0.0,0.0,469.12267793955996,469.79541391207189,465.27189938242239,465.33551865458255,541.4817544259353,694.0187648137555,534.8042255664248,599.2972547869952,622.1830459224613,11200.232194500646,80.59884732860097,87.87640294579345,60.0,0.0,60.0,60.0,16.0,16.0,19.0,19.0,16.0,12.0,21.0,10.0,1.0,0.0,1916.014383768253,0.0,4323.606965057584,0.0,125.75073027164149,0.0,1110.5382524037896,1463.1157337311095,11013.19163918023,6607914.983508138,8646252.230537016,80.59884732860097,88.0,0.36710638797267439,0.7643083712951279,0.36028137401965956,88.0,0.3542647819438875,8646252.230537016,0.45190844932125825 
 03/04  06:40:00,1.1833333333333334,92.0,3.0433333333333336,0.0,0.0,0.0,0.0,0.0,2.0,2.0,0.0,0.0,0.0,0.0,0.0,1080.0,0.0,0.0,0.0,0.0,0.0,0.0,0.0,0.0,0.0,0.0,0.0,18.747479984058196,-1200.8386727265816,17.625701445773666,976.8213166506107,19.190219142876633,-3240.9261433404819,17.871337935829588,949.393426189195,13.77648036560131,7.755183513466648,18.329843668933476,-255.47918674356039,14.868662411732985,144.35816667555776,15.21302462492813,-73.16630853412338,18.124621314736396,-347.6210585539273,1560.3748869395177,1311.1913052978349,0.0,0.0,0.0,0.0,0.0,0.0,0.0,0.0,0.0,0.0,0.0,0.0,0.0,0.0,0.0,0.0,0.0,0.0,0.0,0.0,0.0,0.0,1.7373019440003157,0.5303119487180451,450.6501215510146,527.3902812221941,16833.40104401267,0.4441662160345425,0.06779093651320856,388.5406558285715,456.91298013796196,13455.945954669374,1.5541739184021844,0.2936836580502995,568.0160830908225,663.6651847892265,21707.274027978438,0.3900670336334246,0.07370881210004243,363.87646144411885,427.2014379746869,12932.021654988675,0.0,0.0,16.229968626623387,19.41249193243281,411.58775911242739,0.0,0.0,25.99575978691304,30.456249392019158,953.6881455577507,0.0,0.0,123.02840539424088,146.50047649130878,3428.1301565054798,0.0,0.0,23.756653149441179,28.145202922682246,732.0775688163884,0.0,0.0,61.20703313591251,71.81641964744695,2199.4869573503199,38.22271518655163,26.215854037415395,736.9385968649809,869.2709367001148,25514.850888061163,0.0,0.0,67.40175264191953,81.76470979924857,1193.0368079087598,1901.3795596945075,20.080038363522549,25.922269745528756,22.0,30.0,0.0,18.66161974878578,28.313313493737117,16.0,30.0,4286.560507129539,20.572572003182317,25.144205991180898,22.0,30.0,0.0,19.153787732521516,27.45224459899787,16.0,30.0,0.0,13.765600130564165,38.813181262367248,12.0,30.0,1480.5670842243399,19.781418534378646,26.515691155987228,20.0,30.0,0.0,15.082710360752035,35.589760441034,10.0,30.0,593.3744987191622,16.64439203866673,32.24734072129463,16.25,30.0,799.9007452059359,19.377260771144408,27.169826919686483,19.25,30.0,0.0,17.77783508838943,0.0,0.0,0.0,9.772805221763037,0.0,0.0,471.79386766747106,473.01832831266048,466.9458551403369,466.3250915508968,550.6103065725177,688.5063985648562,536.8206302788613,557.46050976736,619.5908730358298,11598.426472551637,80.33543202347372,87.87200398833477,60.0,0.0,60.0,60.0,16.0,16.0,19.0,19.0,16.0,12.0,21.0,10.0,1.0,0.0,1901.3795596945075,0.0,4286.560507129539,0.0,1480.5670842243399,0.0,593.3744987191622,799.9007452059359,11404.73619090424,6842841.714542544,8932782.24399633,80.33543202347372,88.0,0.38015787303014139,0.7660620562202285,0.36028137401965956,88.0,0.3542647819438875,8932782.24399633,0.4668146766878091 
 03/04  06:50:00,1.2366666666666669,92.0,3.061666666666667,0.0,0.0,0.0,0.0,0.0,2.0,2.0,0.0,0.0,0.0,0.0,0.0,1080.0,0.0,0.0,0.0,0.0,0.0,0.0,0.0,0.0,0.0,0.0,0.0,19.056591699715005,-1158.5161769571105,17.938600190148656,966.9872377758215,19.571822921946294,-3257.5670210843,18.216280170611449,944.5357104990512,13.752069894803514,14.798824916237294,18.045779137060383,-217.25071979420293,15.111399269921348,262.1698371571787,15.117101479891837,-111.02442721543474,18.27058902064085,-389.5213080243033,1648.098208910189,1296.4640819783766,0.0,0.0,0.0,0.0,0.0,0.0,0.0,0.0,0.0,0.0,0.0,0.0,0.0,0.0,0.0,0.0,0.0,0.0,0.0,0.0,0.0,0.0,1.7810260126192866,0.5436587340107713,453.9875796849764,530.6160434565229,17259.990909110096,0.45028927585533076,0.06872546945288932,389.009724074075,456.80067646588949,13765.534400824276,1.676761201652739,0.316848299632037,567.2374777226708,661.7182296999495,22118.92749268755,0.3933331002722002,0.07432598266670448,359.2546058172718,421.11169741395949,13051.792262798623,0.0,0.0,16.781864357743037,20.075922606719389,423.2962702886828,0.0,0.0,26.36473542624105,30.945746266441,939.3650200809843,0.0,0.0,116.90850546137586,139.0196927761794,3340.660897391659,0.0,0.0,21.3380457803377,25.29729679258875,643.1841275899659,0.0,0.0,64.324283071651,75.38549410046399,2346.25166251567,38.64424478044835,26.50496898521836,732.3804406679676,862.7317702275043,25906.471882013764,0.0,0.0,62.39667840680451,75.72704672974894,1078.1996306290262,1860.842510374603,20.493752335939094,25.2886725512882,22.0,30.0,0.0,19.125082486208684,27.526179399080559,16.0,30.0,4186.075963072118,21.04566845527623,24.44287837739674,22.0,30.0,0.0,19.63170423541136,26.67021973266227,16.0,30.0,0.0,13.749236039664915,38.83284141345213,12.0,30.0,120.27849014217353,19.25783950534434,27.398755209575506,19.0,30.0,0.0,15.510022842369177,34.62987216746084,10.0,30.0,355.70964407782028,16.331092252385674,32.88017897130605,16.25,30.0,746.3019564943563,19.70739105953196,26.604118683517784,19.5,30.0,0.0,18.198782268536065,0.0,0.0,0.0,9.662859045877218,0.0,0.0,473.08262762094207,475.32246862358127,469.04733524864715,468.49945709794209,551.0979813949787,681.8200476744946,525.8047033727078,550.928458877967,610.9666649781802,10960.980250657198,80.75707070751055,86.22202657502933,60.0,0.0,60.0,60.0,16.0,16.0,19.0,19.0,16.0,12.0,21.0,10.0,1.0,0.0,1860.842510374603,0.0,4186.075963072118,0.0,120.27849014217353,0.0,355.70964407782028,746.3019564943563,8270.113611951365,4962068.167170819,6488928.171967563,80.75707070751055,86.31483966806822,0.3606704537317122,0.7639491061637741,0.36028137401965956,86.31483966806822,0.3542647819438875,6488928.171967563,0.33975426494231339 
 03/04  07:00:00,1.29,92.0,3.08,13.0,162.0,0.0,0.0,0.0,2.0,2.0,0.0,0.0,0.0,0.0,0.0,1080.0,0.0,25.270760102754914,6.184207347397223,15.84679984909039,0.7577474720621442,20.168498834772107,0.0,6.184207347397219,8.454280298050686,0.0,0.0,19.38470547238024,-1195.1999960178792,18.211567248915324,1023.0618294488427,19.8980434692699,-3318.192319744605,18.530346286596413,970.6468469837951,13.737778154541357,22.214980152876039,18.43497659630733,-191.50748870674824,15.528045351177158,411.93546999889329,15.4212047409106,-107.69336310338589,18.291080414733754,-245.85929478494342,1721.9267572294876,946.1842685912883,0.0,0.0,0.0,0.0,0.0,0.0,0.0,0.0,0.0,0.0,0.0,0.0,0.0,0.0,0.0,0.0,0.0,0.0,0.0,0.0,0.0,0.0,1.8270848371013538,0.5577182042433925,466.60685212861127,544.6293252221881,18058.32918667587,0.462086321047247,0.07052599527583135,397.2170843705311,465.8695655271892,14296.797116970847,1.801685039219374,0.34045446697267098,575.3774106077329,670.485367250133,22771.609367955312,0.4029760763611133,0.07614816257768578,365.760868176522,428.1911311124485,13532.450193746652,0.0,0.0,16.59800600648635,19.85751029436212,416.81187359449987,0.0,0.0,23.893557126896935,27.989845477859775,874.6228336199712,0.0,0.0,103.37765782105083,122.6057365167215,3090.547113338359,0.0,0.0,18.478522389185959,21.866987201538508,573.9932103597766,0.0,0.0,47.21465761532583,55.32095085888575,1719.0299765051846,39.02227781608056,26.764250902661574,751.1364358363933,883.8308596645841,27002.929075061533,0.0,0.0,44.663375792958557,54.28336138520156,725.7398102350804,1915.9089922589279,20.921474100673149,24.655444750617634,22.0,30.0,0.0,19.506250904478596,26.905862748793603,16.0,30.0,4315.552351194365,21.41882282164272,23.9162853954686,22.0,30.0,0.0,20.052780677562166,26.00967596028245,16.0,30.0,0.0,13.745826147149243,38.8328086530254,12.0,30.0,1386.777383552755,19.834975916489179,26.417084977133109,20.0,30.0,0.0,16.24822059257258,33.0411407932409,10.0,30.0,689.6080168801208,16.87945605623347,31.75257288971885,16.75,30.0,1386.3746742011047,19.691709048763629,26.62453418031033,19.75,30.0,0.0,18.561044597504734,0.0,0.0,0.0,9.17535436976545,0.0,0.0,473.21633799735619,475.692426350957,471.0148306147067,470.8289952004071,543.7198984949322,675.3550324890011,505.92504942172749,550.5201502187384,613.4576483286899,11658.097191993485,80.29592539084374,87.87134423928873,60.0,0.0,60.0,60.0,16.0,16.0,19.0,19.0,16.0,12.0,21.0,10.0,1.0,0.0,1915.9089922589279,0.0,4315.552351194365,0.0,1386.777383552755,0.0,689.6080168801208,1386.3746742011047,11463.410427031551,6878046.25621893,8976390.994845476,80.29592539084374,88.0,0.38211368090105166,0.766278590980586,0.36028137401965956,88.0,0.3542647819438875,8976390.994845476,0.46912233173196479 
 03/04  07:10:00,1.4300000000000002,91.66666666666667,3.1333333333333339,17.333333333333337,216.00000000000004,0.0,0.0,0.0,2.0,2.0,0.0,0.0,0.0,0.0,0.0,1080.0,0.0,35.18862493361847,41.49882448310409,106.3385985671571,1.0551409542897266,28.083962262938998,0.0,41.498824483104019,56.732039291572338,0.0,0.0,19.600313959003498,-1143.9160702552054,18.440825241426106,962.9726521322214,20.184839585274756,-3277.807692812623,18.81375073804355,911.9340353869611,13.731519514784298,31.23132365242445,18.191234345369474,-126.50655094115192,16.039410066034376,653.9176087998045,15.17939387296433,-503.6291630748748,18.06110534202218,-183.13148107491538,1756.037299255615,1005.8511470845019,0.0,0.0,0.0,0.0,0.0,0.0,0.0,0.0,0.0,0.0,0.0,0.0,0.0,0.0,0.0,0.0,0.0,0.0,0.0,0.0,0.0,0.0,1.873411916173239,0.5718595592714404,463.4842212874284,540.5805536871759,18024.71176143925,0.46485269282506316,0.07094821319063846,390.1065955619938,457.12097876497867,14145.247089946673,1.9742271511450705,0.3730587965126741,565.0377310727896,657.8035541164036,22522.534074648127,0.4057587916062829,0.07667399690216984,356.95727220872086,417.50149187542396,13297.592863441108,0.0,0.0,16.291901336045979,19.49334383153829,404.8426536031232,0.0,0.0,21.63438666305197,25.387874692649264,765.9898829173626,0.0,0.0,99.15832806313495,117.25590190262884,3102.837544495892,0.0,0.0,36.694964378879848,43.53133545182474,1083.3510736176937,0.0,0.0,41.39063726669232,48.58291961434932,1462.030377663284,39.28085617491022,26.941602314753248,736.5113028645957,865.9072722540913,26678.45947868553,0.0,0.0,52.75813252808602,64.12083688768979,849.9567167461141,1866.4534403971616,21.167993772901629,24.32252023833333,22.0,30.0,0.0,19.798437595895984,26.477119634528429,16.0,30.0,4198.516596892773,21.707781136629565,23.53512937343363,22.0,30.0,0.0,20.335683514034075,25.602545174065555,16.0,30.0,0.0,13.754459814456608,38.846452901448689,12.0,30.0,0.0,19.335265285709786,28.687545909536735,19.0,30.0,0.0,17.13380809416005,31.274670339922616,10.0,30.0,864.0879014667748,16.196757905347597,33.3201360924992,16.5,30.0,68.93057354914254,19.28626764765245,28.52784106548488,19.0,30.0,0.0,18.823136693787928,0.0,0.0,0.0,9.273429222216617,0.0,0.0,473.48763508185626,477.1551333957075,472.50138735941138,472.9121980424009,536.6232735916178,699.485536192629,490.03820131849388,590.6526174002145,641.1882061037801,11109.903017866473,80.65853963852487,87.87739978966263,60.0,0.0,60.0,60.0,16.0,16.0,19.0,19.0,16.0,12.0,21.0,10.0,1.0,0.0,1866.4534403971616,0.0,4198.516596892773,0.0,0.0,0.0,864.0879014667748,68.93057354914254,10924.37093300148,6554622.559800889,8587438.45675179,80.65853963852487,88.0,0.36414569776671609,0.7633103332550838,0.36028137401965956,88.0,0.3542647819438875,8587438.45675179,0.44891679975109308 
 03/04  07:20:00,1.57,91.33333333333334,3.186666666666667,21.666666666666669,270.0,0.0,0.0,0.0,2.0,2.0,0.0,0.0,0.0,0.0,0.0,1080.0,0.0,45.71808425353208,45.13690608862228,115.6610762584836,1.3708756246636294,36.48756349477155,0.0,45.1369060886222,61.705572666577598,0.0,0.0,19.853286372622394,-1182.8253143281582,18.63397462253152,1008.8718217778883,20.120110799655359,-3042.1882696525037,19.0470103276429,936.0310754201682,13.732337316624005,39.97862183730719,18.385601836775125,-105.13016880975784,16.48891492128773,566.6168746040273,15.632215378630964,-529.4328515040995,18.818315150667315,-197.09879935062049,1785.6918281153167,1073.9618851291719,0.0,0.0,0.0,0.0,0.0,0.0,0.0,0.0,0.0,0.0,0.0,0.0,0.0,0.0,0.0,0.0,0.0,0.0,0.0,0.0,0.0,0.0,1.886775797247728,0.575938888048757,466.05288353864276,543.0365104174796,18267.52908960151,0.4707573440214714,0.07184941148068855,397.2799514483954,465.17229588491719,14475.672107139706,1.9984709591967407,0.3776400149653706,568.3936854753024,661.7458609154803,22520.60562483159,0.41118907987636268,0.0777001284724797,360.3619660176794,421.1463597231882,13502.25026157296,0.0,0.0,16.457534787976564,19.691144421643416,404.9287704502409,0.0,0.0,20.970640122544368,24.578642729469704,748.0559928340484,0.0,0.0,94.14963057793614,111.0915291661607,3039.128042819624,0.0,0.0,34.9057545056796,41.314197423369467,1066.8026863910132,0.0,0.0,42.99423302626902,50.28814206714151,1582.42826229287,39.51608265785114,27.102937351063895,746.3793207877094,876.8748591403625,27156.20230461333,0.0,0.0,51.73147722401653,62.862159478937467,825.9333500482813,1921.456972834046,21.48195687472974,23.92837849040977,22.0,30.0,0.0,20.040757145102377,26.171437455848769,16.0,30.0,3459.14896660573,21.72170106386544,23.59809273323016,21.75,30.0,0.0,20.601346239428364,25.252024085544517,16.0,30.0,0.0,13.772111024167885,39.00257469080633,12.0,30.0,1214.6551241556504,19.61514464361509,29.502517833084327,19.75,30.0,0.0,17.812784662631658,30.083652974737498,10.0,30.0,1034.5676164029683,16.89815619621979,32.42185341183043,16.75,30.0,1765.88411665185,20.241458714791599,27.754647136479727,20.0,30.0,0.0,19.05915257124707,0.0,0.0,0.0,9.344858865424497,0.0,0.0,475.1715940866003,479.0765628308182,474.6724936313717,474.4405028900392,530.6176876691505,729.5201359214109,490.86536064011286,598.781515878596,667.9408789174246,10782.853531833292,80.8749311883602,86.21297746896092,60.0,0.0,60.0,60.0,16.0,16.0,19.0,19.0,16.0,12.0,21.0,10.0,1.0,0.0,1921.456972834046,0.0,3459.14896660573,0.0,1214.6551241556504,0.0,1034.5676164029683,1765.88411665185,8078.303474792921,4846982.084875753,6341997.783335609,80.8749311883602,86.30363521590302,0.3542767824930974,0.7642857879162394,0.36028137401965956,86.30363521590302,0.3542647819438875,6341997.783335609,0.3321638847334517 
 03/04  07:30:00,1.71,91.0,3.24,26.0,324.0,0.0,0.0,0.0,2.0,2.0,0.0,0.0,0.0,0.0,0.0,1080.0,0.0,56.81834536467443,44.85866975518863,114.9482285711317,1.703728274162489,45.3467456614495,0.0,44.85866975518853,61.32520250435462,0.0,0.0,19.84636465935834,-1207.0036787941386,18.701559346825627,745.0731464565695,20.043722208686235,-2458.300257697321,19.093104349319746,654.5891936600974,13.732192585855966,38.42436691434902,18.356347757484515,-76.83946293006824,16.64847170039618,440.6575140003158,15.382543097258843,-609.7940457633146,18.409615031467014,-147.87410130204433,1675.8254734932344,1178.4655178548299,0.0,0.0,0.0,0.0,0.0,0.0,0.0,0.0,0.0,0.0,0.0,0.0,0.0,0.0,0.0,0.0,0.0,0.0,0.0,0.0,0.0,0.0,1.9185195742372679,0.5856286856646117,419.5485840762238,489.2715571890268,16114.257502760556,0.4411824546886465,0.06733553948239415,319.05891640083197,373.4842808762223,11548.51760431408,2.1398751591269518,0.4043603853225533,491.5739487422417,572.799770977797,19133.360788461203,0.4042805197294,0.07639465603352228,330.2598686892581,386.09082425401439,12232.54793833194,0.0,0.0,15.489584078564727,18.532831602720994,377.12300725262755,0.0,0.0,18.414486614991576,21.5969940849908,644.4286642965269,0.0,0.0,101.2462244502617,119.40006474189406,3270.2280992868056,0.0,0.0,45.74535104888506,54.25556373470227,1335.5824258807925,0.0,0.0,37.3750741541425,43.810257084304328,1323.4336275534184,39.29091407501177,26.948500737319465,648.3427042905591,762.0506570181611,23357.645656116845,0.0,0.0,62.4008473861561,75.76446812093022,1010.2798468070773,1809.9838577194567,21.321821218769235,24.282916634702468,22.0,30.0,0.0,20.02672715152167,26.300144023760219,16.0,30.0,3213.5115826198418,21.49155967742904,24.033326846988396,21.75,30.0,0.0,20.510155168599995,25.509992402627757,16.0,30.0,0.0,13.783135894159173,39.33943723012656,12.0,30.0,0.0,19.428595012000537,30.836548928176208,19.0,30.0,0.0,17.9620744721897,30.084715022412547,10.0,30.0,1007.1338686206808,16.332654683094398,34.37570550637359,16.75,30.0,0.0,19.645571113457348,29.520833494569886,19.0,30.0,0.0,18.857192645457727,0.0,0.0,0.0,9.598209806511909,0.0,0.0,478.2459435210824,481.3355564026566,476.8198955848063,478.4709879401366,534.3934921879418,757.0011133687063,504.6274283424011,607.5701720742616,687.3922864385195,10544.595370349207,81.03248769765315,86.4151641518092,60.0,0.0,60.0,60.0,16.0,16.0,19.0,19.0,16.0,12.0,21.0,10.0,1.0,0.0,1809.9838577194567,0.0,3213.5115826198418,0.0,0.0,0.0,1007.1338686206808,0.0,8145.782656479392,4887469.5938876359,6375082.838558216,81.03248769765315,86.50657986726027,0.3565260885493131,0.7657754117408551,0.36028137401965956,86.50657986726027,0.3542647819438875,6375082.838558216,0.3338943076050272 
 03/04  07:40:00,1.85,90.66666666666667,3.2933333333333336,32.33333333333333,346.0,0.0,0.0,0.0,2.0,2.0,0.0,0.0,0.0,0.0,0.0,1080.0,0.0,70.88222831259725,40.39121823517331,103.50075788349332,2.1254443358867478,56.57116994847495,0.0,40.39121823517322,55.21785757775572,0.0,0.0,19.855767449792397,-714.0449588776237,18.75006363030645,670.8861693607514,20.366250775694938,-2769.4493864876997,19.19345601271375,766.6818460359282,13.72644419041094,33.73037326035168,18.442913223262424,-72.83734426214679,16.77966360726684,440.3006255380818,15.683927953487899,-509.6177866973438,18.36914265804554,-86.7412629517477,1672.8074118206278,966.6010154890353,0.0,0.0,0.0,0.0,0.0,0.0,0.0,0.0,0.0,0.0,0.0,0.0,0.0,0.0,0.0,0.0,0.0,0.0,0.0,0.0,0.0,0.0,1.9810780383405993,0.6047246759281439,443.7226837516604,517.6772190621794,16922.447894510104,0.4498313408082417,0.06865557704643495,322.73428139284217,377.9597206256104,11589.11334305636,1.8574254549771703,0.3509874253547186,562.5964167189256,655.4216158701136,21846.44093223223,0.39952878153329898,0.07549674632148505,336.0324368501797,392.7671433432965,12437.929218896412,0.0,0.0,15.090513701336139,18.05750059830312,363.1513227181571,0.0,0.0,16.767027020192928,19.65105966834276,588.827796758881,0.0,0.0,93.35824941215083,110.05890958729774,3017.2583099102419,0.0,0.0,34.134007795820597,40.40346709234193,1022.930067939823,0.0,0.0,28.579236266678906,33.502207235589917,999.074644547057,39.351467631446308,26.9900326690304,659.3097114569105,775.1018489351983,23604.795723250714,0.0,0.0,50.961258269219289,61.92085362393894,788.6742756330635,1486.2129966984913,21.29586052606002,24.457358312132649,21.75,30.0,0.0,20.031686168119174,26.44987975683931,16.0,30.0,3973.6523140278789,21.690458836348634,23.8781849241387,22.0,30.0,0.0,20.629992457224988,25.474304251341608,16.0,30.0,0.0,13.782014723543432,39.66164319523868,12.0,30.0,1079.004403507207,19.61530721609559,31.20114108031456,19.75,30.0,0.0,18.119252280996294,29.914457675373904,10.0,30.0,851.2990993535975,16.884203234846568,33.44515552502662,16.75,30.0,1058.7823139888745,19.48876718245617,30.486544226272565,19.5,30.0,0.0,18.942634273492719,0.0,0.0,0.0,9.381725850585973,0.0,0.0,481.6983845336937,485.5074185518562,480.79286585022848,482.5123925187983,534.9100358647565,784.7276727428705,499.4611948635611,596.894448059867,716.3767578178539,11124.211218096705,80.64908163348201,86.21218397617656,60.0,0.0,60.0,60.0,16.0,16.0,19.0,19.0,16.0,12.0,21.0,10.0,1.0,0.0,1486.2129966984913,0.0,3973.6523140278789,0.0,1079.004403507207,0.0,851.2990993535975,1058.7823139888745,8418.46347113379,5051078.082680273,6594276.74777687,80.64908163348201,86.30666392218785,0.3656154490377929,0.766663163256257,0.36028137401965956,86.30666392218785,0.3542647819438875,6594276.74777687,0.34530239088439726 
 03/04  07:50:00,1.9899999999999998,90.33333333333333,3.3466666666666669,38.666666666666667,368.0,0.0,0.0,0.0,2.0,2.0,0.0,0.0,0.0,0.0,0.0,2430.0,0.0,84.98530632077736,36.38838505277698,93.24385231780923,2.5483366312629567,67.82688616234351,0.0,36.38838505277691,49.74568114360695,0.0,0.0,19.923107961641628,-1339.5015553371034,18.802955065096577,823.9001953372,20.396692695870749,-2291.3659296800094,19.20482654602784,603.3756248793818,13.722388530450023,41.40943675087444,18.378622853438118,-74.56423287461004,16.85841674161238,453.4511231541975,15.602453369935184,-589.2036764635552,18.599840358765783,-115.2756235988519,1657.7963980502316,1110.3189327828514,0.0,0.0,0.0,0.0,0.0,0.0,0.0,0.0,0.0,0.0,0.0,0.0,0.0,0.0,0.0,0.0,0.0,0.0,0.0,0.0,0.0,0.0,1.8573724867270234,0.5669635185369442,438.6534524607335,511.80132288086136,16705.602020142556,0.44428005859466626,0.06780831175132289,360.50818464785859,422.41828000129245,12860.803791640252,2.121668531022709,0.40091997940716475,439.17262561568057,511.824381912603,16993.24632619772,0.39128437761133036,0.07393884686533094,299.37402324401577,350.1795691501008,10950.434648952518,0.0,0.0,15.66702031471958,18.75791645748863,372.7108973956339,0.0,0.0,18.280328973012943,21.44995489459436,632.4612275274674,0.0,0.0,102.68367320006107,121.0889508196871,3300.534603670351,0.0,0.0,42.76593887631184,50.71090434634855,1243.5163827392394,0.0,0.0,32.93456506044694,38.647515667121968,1141.6790422937993,39.35901720695499,26.995210704358788,650.2005702546021,764.624094581607,23186.238804209,0.0,0.0,59.588131486618227,72.37596636210052,937.8505856719057,1864.5555458814607,21.308670450855069,24.562713812165506,22.00000000000006,30.000000000000087,0.0,20.073340185583999,26.527924055664437,16.000000000000044,30.000000000000087,2939.768570403066,21.555466204835985,24.204788594550544,21.666666666666726,30.000000000000087,0.0,20.55406855799059,25.72276554378746,16.000000000000044,30.000000000000087,0.0,13.785147040354082,39.91898771153726,12.000000000000036,30.000000000000087,0.0,19.48345976793637,31.893413469805439,19.000000000000058,30.000000000000087,0.0,18.178746793645844,30.004319290119299,10.000000000000029,30.000000000000087,1191.1547112993972,16.56172191248857,34.4469491600026,16.777777777777826,30.000000000000087,0.0,19.516484872928076,30.687703984349,19.000000000000058,30.000000000000087,0.0,18.984917047803088,0.0,0.0,0.0,9.656015672122655,0.0,0.0,483.3051091547827,487.7982674305251,483.1809083410947,484.39837023144596,535.4505851703826,794.6679942178902,504.3847664839193,598.3304280926357,719.1357656408047,10364.768822066522,81.1514537303372,85.05767957333269,60.00000000000017,0.0,60.00000000000017,60.00000000000017,16.0,16.0,19.0,19.0,16.0,12.0,21.0,10.0,1.0,0.0,1864.5555458814607,0.0,2939.768570403066,0.0,0.0,0.0,1191.1547112993972,0.0,5911.545759748244,3546927.455848935,4639552.639657755,81.1514537303372,85.12402025592661,0.348162636436053,0.7668063923903361,0.36028137401966067,85.12402025592661,0.3542647819438885,4639552.639657755,0.24364673726220333 
 03/04  08:00:00,2.13,90.0,3.4,45.0,390.0,0.0,0.0,0.0,2.0,2.0,0.0,0.0,0.0,0.0,0.0,2700.0,0.0,99.11643896411283,33.33000054307128,85.40704979395534,2.972071073183798,79.10500273803884,0.0,33.330000543071218,45.56463764817007,0.0,0.0,19.970691328634787,-1280.8325448450383,18.865088712280867,778.9790832012745,20.454268106647406,-2391.5330717163935,19.194643635025359,679.8720495470913,13.72007248692298,42.076795518201517,18.43749731248827,-70.16917872849158,16.934629545062366,425.92959393156829,15.51906039519432,-598.5176149146702,18.405802532929984,-118.09329727991013,1641.1051541643013,1146.8405662045294,0.0,0.0,0.0,0.0,0.0,0.0,0.0,0.0,0.0,0.0,0.0,0.0,0.0,0.0,0.0,0.0,0.0,0.0,0.0,0.0,0.0,0.0,1.8461529200625262,0.5635387423878285,434.3529482007989,506.8293081258386,16418.688377444425,0.43981642846432669,0.06712704952141738,355.54710884807107,416.5804913631118,12607.686620039636,2.0535876805962687,0.388055117270648,459.1638146187218,535.106896261373,17652.337107881423,0.39675236534340599,0.07497210229467233,316.5206736809661,370.34405230340806,11451.535992334879,0.0,0.0,15.493094238603625,18.550471429843087,364.3442874551283,0.0,0.0,17.646018816769005,20.702498418161527,606.2603863185751,0.0,0.0,105.63447458801997,124.5547796416887,3378.788508233981,0.0,0.0,45.83710063757893,54.39419967144449,1299.443989002028,0.0,0.0,31.823686370768408,37.33055603057983,1095.4691749716097,39.358870603389487,26.995110153216385,662.813345816299,779.4271392925828,23453.80406108726,0.0,0.0,62.654182187765517,76.06537872368327,984.7034832024015,1865.394487359882,21.307469070216749,24.731480923212705,21.999999999999998,30.0,0.0,20.10416556853349,26.662574089903669,15.999999999999999,30.0,3065.738323709842,21.58797571386813,24.322383224412,21.699999999999997,30.0,0.0,20.488101054676549,26.01230855600366,15.999999999999999,30.0,0.0,13.788393495119428,40.21215443147885,12.0,30.0,961.2795898953847,19.494324808934498,32.26338336218538,19.599999999999999,30.0,0.0,18.240654883784644,30.116416940723665,10.0,30.0,745.8458427051992,16.321443800700288,35.21768712935749,16.499999999999998,30.0,946.254633969528,19.489752591221973,31.07984779053563,19.4,30.0,0.0,19.017073758085059,0.0,0.0,0.0,9.788017408768197,0.0,0.0,486.5594417673374,491.07989642064907,486.3648116785802,488.227459265447,537.53430327878,807.7534741063435,508.04205303653307,595.926377115177,731.4256779299881,10953.11205375257,80.76217954928929,85.3443135026762,60.0,0.0,60.0,60.0,16.0,16.0,19.0,19.0,16.0,12.0,21.0,10.0,1.0,0.0,1865.394487359882,0.0,3065.738323709842,0.0,961.2795898953847,0.0,745.8458427051992,946.254633969528,6933.71104121795,4160226.6247307697,5417937.76874903,80.76217954928929,85.42213334884549,0.3671237013739317,0.7669501420210489,0.3602813740196596,85.42213334884549,0.3542647819438876,5417937.76874903,0.2841127639749496 
 03/04  08:10:00,2.4699999999999999,89.5,3.375,51.333333333333339,412.0,0.0,0.0,0.0,2.0,2.0,0.0,0.0,0.0,0.0,0.0,2700.0,0.0,113.26514451841075,31.74643779152151,81.34940115985234,3.3963333214172048,90.39715376970018,0.0,31.746437791521474,43.39978730938114,0.0,0.0,20.053239528884164,-1278.162438304597,18.955133572287769,787.9846176567635,20.52655722276542,-2268.917943490238,19.266361550039968,686.3485592336043,13.722415729770729,44.73092890709707,18.39402627221188,-70.48007467638718,17.00526848962739,448.3406210258322,15.719086622955377,-548.6947198090287,18.558360292678949,-92.93021666201493,1618.6185121771208,1089.2774958493288,0.0,0.0,0.0,0.0,0.0,0.0,0.0,0.0,0.0,0.0,0.0,0.0,0.0,0.0,0.0,0.0,0.0,0.0,0.0,0.0,0.0,0.0,1.806123982104298,0.5513198968572338,435.37596193667539,507.9383731286031,16220.60230955106,0.4323293776547665,0.06598433724889599,354.6197336949859,415.40694299360049,12395.831911331848,1.9671542082602503,0.3717222615760112,453.55812060933786,528.5400164663812,17167.96644046264,0.39025441176580369,0.07374421991039373,315.69838638051979,369.3229658577024,11252.325665369623,0.0,0.0,15.560534942993403,18.632927167305355,355.646124179677,0.0,0.0,18.01674471205772,21.149514121281884,604.9018009187447,0.0,0.0,101.23633490637977,119.34010986454386,3182.205232868416,0.0,0.0,40.79969658320726,48.359301925990987,1157.6898973518733,0.0,0.0,33.130082422771739,38.911866444041319,1110.6986525016683,39.00763832998797,26.754210102872415,660.4115728854134,776.3766647322798,23035.265731567906,0.0,0.0,58.10137972430319,70.50944920448956,889.1574269147511,1846.156960031935,21.37511324125736,24.91314927444194,21.999999999999998,30.0,0.0,20.19266674578885,26.815375147718745,15.999999999999999,30.0,2919.7287044058327,21.622572820364604,24.548107087405446,21.699999999999997,30.0,0.0,20.55906257089703,26.18669859542622,15.999999999999999,30.0,0.0,13.799748687431676,40.54928270579845,12.0,30.0,0.0,19.42724023538758,32.65039953162984,19.0,30.0,0.0,18.303874678758687,30.304518908609066,10.0,30.0,742.7549176464894,16.69522677146785,34.80271074532533,16.599999999999999,30.0,0.0,19.377826192154314,31.40311220504729,19.0,30.0,0.0,19.12215560480194,0.0,0.0,0.0,9.92902175535215,0.0,0.0,490.1493316405804,494.94947107327678,489.92685372081578,491.81491457913895,541.0226748263991,809.3399274205169,510.1379194693162,604.261048237512,723.7177813488032,10122.948604999388,81.31136397886496,84.82812688769575,60.0,0.0,60.0,60.0,16.0,16.0,19.0,19.0,16.0,12.0,21.0,10.0,1.0,0.0,1846.156960031935,0.0,2919.7287044058327,0.0,0.0,0.0,742.7549176464894,0.0,5322.140804074815,3193284.482444888,4164249.1288147,81.31136397886496,84.88785319673933,0.3474046934691605,0.7661789935919908,0.3602813740196596,84.88785319673933,0.3542647819438876,4164249.1288147,0.21891095469836439 
 03/04  08:20:00,2.81,89.0,3.3500000000000007,57.66666666666667,434.0,0.0,0.0,0.0,2.0,2.0,0.0,0.0,0.0,0.0,0.0,2700.0,0.0,127.46517239761184,31.182261197731067,79.90387793168492,3.822135279336498,101.73027369101792,0.0,31.182261197731049,42.62851513276,0.0,0.0,20.113752659734194,-1285.4868557218693,19.030560287895697,779.1242652078956,20.57653382618565,-2229.9537988751587,19.323493435047078,685.1753242515706,13.72273599704636,46.79613365811967,18.48088432465803,-66.16466871750022,17.082318870162813,433.5920188977997,15.723518563304584,-567.169175052343,18.46862576882168,-99.19867138863717,1585.8901926789995,1112.2925638327202,0.0,0.0,0.0,0.0,0.0,0.0,0.0,0.0,0.0,0.0,0.0,0.0,0.0,0.0,0.0,0.0,0.0,0.0,0.0,0.0,0.0,0.0,1.7724280454365536,0.5410342019037099,435.2672376474125,507.7457769793695,15965.051584785386,0.42567785976194519,0.0649691483153152,352.9861666072505,413.42266610336267,12141.175899137152,1.9010414393486049,0.3592292969290638,450.4834394206159,524.883968355217,16786.454189920376,0.38525213746468597,0.07279896777488396,315.2110212865922,368.7112790144361,11048.029783947124,0.0,0.0,15.52790856087346,18.59364963111352,344.48021837283428,0.0,0.0,17.748462261942195,20.827826927669265,585.6413829386733,0.0,0.0,102.05792190008084,120.2946724747,3153.374923128754,0.0,0.0,43.40724976937343,51.46419005942563,1200.2723123846236,0.0,0.0,33.55372907205417,39.3816141738491,1109.3055693659863,38.62635238836272,26.492697111359897,658.5688978175609,774.0468654533017,22585.195575068632,0.0,0.0,60.07787130514668,72.87582319768947,897.1940783247279,1853.604533603999,21.426077170349296,25.16036732621849,21.999999999999998,30.0,0.0,20.25063204780171,27.061994392603503,15.999999999999999,30.0,2868.442939098472,21.663483423910223,24.806448620275778,21.699999999999997,30.0,0.0,20.59796527454965,26.460451279518993,15.999999999999999,30.0,0.0,13.805594230480115,40.920701344916249,12.0,30.0,954.477908248637,19.4947747850095,32.87238760124981,19.599999999999999,30.0,0.0,18.37669432471644,30.5376554613399,10.0,30.0,1182.6031858114794,16.667077454200994,35.09523151656263,16.8,30.0,939.9784489088246,19.5403478500134,31.41625742881545,19.4,30.0,0.0,19.190170600585707,0.0,0.0,0.0,10.094018219237583,0.0,0.0,494.92383083937207,499.65554693819089,494.59380528565216,496.5020256386639,543.8757611922239,819.8277947006185,515.1253313682728,601.5683713998022,733.024268682057,11183.60292814488,80.60971910873843,84.57504886317398,60.0,0.0,60.0,60.0,16.0,16.0,19.0,19.0,16.0,12.0,21.0,10.0,1.0,0.0,1853.604533603999,0.0,2868.442939098472,0.0,954.477908248637,0.0,1182.6031858114794,939.9784489088246,6000.101317712658,3600060.7906275948,4679816.936092988,80.60971910873843,84.64239332639568,0.37000337725708867,0.7685001136406858,0.3602813740196596,84.64239332639568,0.3542647819438876,4679816.936092988,0.2457238140101687 
 03/04  08:30:00,3.15,88.5,3.325,64.0,456.0,0.0,0.0,0.0,2.0,2.0,0.0,0.0,0.0,0.0,0.0,2700.0,0.0,153.48238988544567,34.64586373144285,88.77931747175774,4.602270224402428,122.49457004415571,0.0,34.64586373144284,47.363522388518038,0.0,0.0,20.125155608068345,-1295.417817693764,19.083710839872926,704.2438476910261,20.54816233530452,-2024.263104566654,19.345105732033454,622.7853612790569,13.726229022985436,46.69310806143079,18.467104555886665,-66.31384506520985,17.116206702893505,400.48348145533267,15.627678950048982,-556.3462863458022,18.57047118558457,-97.6988041287323,1526.3566365613954,1127.9732848455763,0.0,0.0,0.0,0.0,0.0,0.0,0.0,0.0,0.0,0.0,0.0,0.0,0.0,0.0,0.0,0.0,0.0,0.0,0.0,0.0,0.0,0.0,1.7356136407335512,0.5297965936305101,419.5100086672326,489.4548074266591,15060.285614794568,0.41154564148852215,0.06281221634440204,338.5190547226454,396.4523771132814,11420.085325970393,1.8566491170856355,0.3508407250728715,417.6781162135797,486.64574566085227,15225.409058474626,0.3756975313236088,0.07099348664467285,304.7669987042565,356.4895846835505,10455.142600971183,0.0,0.0,15.26380335146374,18.27814390212924,328.4788688298564,0.0,0.0,17.360262034266719,20.378255427644253,560.4357171738875,0.0,0.0,104.30444923688519,122.93810075857272,3151.6531088373087,0.0,0.0,46.03147999370625,54.6329898509055,1213.9169633994846,0.0,0.0,32.741165604416909,38.465876155181408,1050.5778327200206,38.14564154480453,26.162991457341943,633.9124776962391,745.0139414926589,21307.94768151326,0.0,0.0,62.93331705422821,76.28964502758164,919.3025000360767,1829.2833430929487,21.360027942572584,25.59449539931787,21.999999999999998,30.0,0.0,20.25350180116435,27.408125828024326,15.999999999999999,30.0,2571.9590273415039,21.553811381117439,25.302986683427389,21.599999999999999,30.0,0.0,20.555574626992397,26.87668689397747,15.999999999999999,30.0,0.0,13.815051087877535,41.35375071902358,12.0,30.0,0.0,19.456022321153335,33.291952944894067,19.0,30.0,0.0,18.371569292753326,30.9551781038036,10.0,30.0,835.6806477668393,16.353294510515455,36.25672352340781,16.599999999999999,30.0,0.0,19.32757156972722,32.101370634384227,19.0,30.0,0.0,19.176521400879826,0.0,0.0,0.0,10.27820743056136,0.0,0.0,497.62940917126186,502.5746766139468,497.62750746959628,499.7395867299522,548.4900449919682,824.4906143259429,520.4877465651072,610.3270428734533,732.9201380095232,10390.11339598384,81.13466572668846,84.07554349022337,60.0,0.0,60.0,60.0,16.0,16.0,19.0,19.0,16.0,12.0,21.0,10.0,1.0,0.0,1829.2833430929487,0.0,2571.9590273415039,0.0,0.0,0.0,835.6806477668393,0.0,4450.403803136643,2670242.2818819854,3475357.390889195,81.13466572668846,84.12548935769233,0.3523467934378881,0.7678496200436871,0.3602813740196596,84.12548935769233,0.3542647819438876,3475357.390889195,0.18309525099290478 
 03/04  08:40:00,3.4899999999999999,88.0,3.3,68.5,468.66666666666665,0.0,0.0,0.0,2.0,2.0,0.0,0.0,0.0,0.0,0.0,1080.0,0.0,191.23756781164668,37.21647588390013,95.36649365902358,5.734357967272535,152.62676142577346,0.0,37.21647588390012,50.87774409125509,0.0,0.0,20.132261800997286,-1290.9972143753553,19.11321798645751,582.0991947878843,20.57642377361033,-1800.1611783180377,19.349061271721639,549.2616914033979,13.727353149659802,43.959016728449,18.563540131442374,-58.54182749313148,17.153587837414457,389.4536940499879,16.16779154483085,-551.756984055964,18.895946564041503,-123.96346075696479,1442.2518421096566,1002.5937847734736,0.0,0.0,0.0,0.0,0.0,0.0,0.0,0.0,0.0,0.0,0.0,0.0,0.0,0.0,0.0,0.0,0.0,0.0,0.0,0.0,0.0,0.0,1.7009768361991156,0.5192236984734786,409.9955481336209,478.3081217019878,14407.02282569545,0.3915954095333434,0.059767309147335679,312.4603128389068,365.8686924537577,10308.006023333464,1.8323049677874768,0.3462405456892437,387.3943144851133,451.35069498273927,13782.309306752511,0.36258047732339246,0.06851482942618903,286.57975347166407,335.11564704885486,9616.677877193257,0.0,0.0,14.944478734298036,17.88650600071974,311.5085809506245,0.0,0.0,16.61890054863186,19.494814289832897,523.8055632177212,0.0,0.0,95.62359893940659,112.67760447208429,2828.7468334751226,0.0,0.0,39.67690274946876,46.92744729746723,1089.692581952836,0.0,0.0,32.49298037469319,38.02950033969685,1061.827240302566,37.56598835181874,25.765424109615056,589.8284208332723,693.1570213938067,19364.644278697677,0.0,0.0,55.91619814718264,67.75691154948659,779.9547979705648,1858.3797729681733,21.332800558939327,25.77284181343328,22.0,30.0,0.0,20.207102032165328,27.637082620866165,16.0,30.0,2346.982750184364,21.47203876941882,25.574117162684084,21.5,30.0,0.0,20.489071839294817,27.128053823172349,16.0,30.0,0.0,13.817733880701923,41.72708146326728,12.0,30.0,934.3835979247401,19.393098317922275,33.88295329875642,19.5,30.0,0.0,18.387856218280107,31.06330373701113,10.0,30.0,1335.3399006231962,17.295040898048755,34.285870652217578,20.7,30.0,1468.685095946838,19.95210838926012,31.328498355889857,19.75,30.0,0.0,19.08198948049726,0.0,0.0,0.0,10.294646148878455,0.0,0.0,498.8135527836057,504.19173757543299,499.1938706128467,501.37020097955357,550.8961749789557,840.4828028781359,518.5068372730286,604.130401698289,750.491596459416,11056.565791007919,80.6934608318593,86.62847450062862,60.0,0.0,60.0,60.0,16.0,16.0,19.0,19.0,19.7,12.0,21.0,10.0,1.0,0.0,1858.3797729681733,0.0,2346.982750184364,0.0,934.3835979247401,0.0,1335.3399006231962,1468.685095946838,8980.403071349469,5388241.842809681,7014502.498298889,80.6934608318593,86.72927073561753,0.3843467690449823,0.7684588564539958,0.36028137401965956,86.72927073561753,0.3542647819438875,7014502.498298889,0.3671341299115423 
 03/04  08:50:00,3.83,87.5,3.275,73.0,481.33333333333339,0.0,0.0,0.0,2.0,2.0,0.0,0.0,0.0,0.0,0.0,1080.0,0.0,240.52172990567989,39.74503995394693,101.84592562606278,7.212136468716963,191.960109791902,0.0,39.74503995394691,54.33448287747198,0.0,0.0,20.232437252287047,-1496.5987314600789,19.179313935946078,783.1354299424306,20.325676033532749,-1444.0180632302336,19.42640250037412,545.9009234386908,13.732725009870486,46.04588169671801,18.663624547886746,-63.1101930098196,17.223825251742328,470.0633442288557,16.818196377986209,-314.35346382558665,18.69495101381288,-66.27478620207282,1419.5928183600709,675.5450838833522,0.0,0.0,0.0,0.0,0.0,0.0,0.0,0.0,0.0,0.0,0.0,0.0,0.0,0.0,0.0,0.0,0.0,0.0,0.0,0.0,0.0,0.0,1.6423858324414194,0.5013387766915199,460.8066326181975,537.212238044845,15958.175468895928,0.39459062143640219,0.06022445382118471,339.43449320261046,397.3110426167105,10999.20174857264,1.7893152437730416,0.33811701507427108,360.9724660986089,420.82074215866995,12565.881888951431,0.3554361173563305,0.0671647991980972,260.4713037621648,304.53817815526238,8624.076717589747,0.0,0.0,15.304565066116485,18.317373044590185,308.84472067682597,0.0,0.0,17.37141407331907,20.370766728296926,539.7873771147122,0.0,0.0,82.27013861687193,96.90053174396302,2391.889844439026,0.0,0.0,20.232695784485594,23.841426697872828,583.6066279225709,0.0,0.0,27.66141120854769,32.41797645276389,871.8443444994649,37.26209294279185,25.556991044438868,595.0931865493122,699.0815807171136,19215.26287671261,0.0,0.0,36.00596716824538,43.66549102833194,461.3892610979385,1811.1024559387286,21.43796211784173,25.851330902438638,22.0,30.0,0.0,20.244829020753124,27.828392584550078,16.0,30.0,1580.7932296030254,21.483213837957107,25.794438201113253,21.5,30.0,0.0,20.583985160713419,27.2329345931394,16.0,30.0,0.0,13.827132677132976,42.08255621637827,12.0,30.0,0.0,19.5486657065207,33.827884668833259,19.0,30.0,0.0,18.476003889018963,31.036037338515265,10.0,30.0,1291.0228218825405,18.37965992423658,32.39377868743626,20.7,30.0,0.0,19.789724712461856,31.978329385287233,19.0,30.0,0.0,19.14943072190095,0.0,0.0,0.0,10.063200169764116,0.0,0.0,499.2846712335154,504.6500690518859,499.7322593111314,501.96946408781676,553.4891175442647,839.6278866291381,505.9401368579659,616.0425125841307,749.4659559373176,10723.658352479064,80.91407937218145,84.54693859258195,60.0,0.0,60.0,60.0,16.0,16.0,19.0,19.0,19.7,12.0,21.0,10.0,1.0,0.0,1811.1024559387286,0.0,1580.7932296030254,0.0,0.0,0.0,1291.0228218825405,0.0,5497.648630434613,3298589.178260768,4268718.695155491,80.91407937218145,84.60863660240929,0.35325495434782047,0.7694319726526444,0.36028137401965956,84.60863660240929,0.3542647819438875,4268718.695155491,0.22432337214808557 
 03/04  09:00:00,4.17,87.0,3.25,77.5,494.0,0.0,0.0,0.0,2.0,2.0,0.0,0.0,0.0,0.0,0.0,1350.0,0.0,301.5190813062663,42.280644280327027,108.34339915438147,9.041128975227432,240.6416267022359,0.0,42.280644280327,57.80084622785181,0.0,0.0,20.330936699506034,-1164.3694566036259,19.331720056902605,730.7482306711543,20.644461534863177,-2383.9809683088139,19.501037325566985,748.7120847733885,13.737186683482112,37.481817359525397,18.64311789396764,-47.168854191523688,17.33497045041519,451.04806110679899,17.540412556193606,-87.36550363777943,18.30254379494594,-45.75929292464744,1457.955263550291,419.4002680101157,0.0,0.0,0.0,0.0,0.0,0.0,0.0,0.0,0.0,0.0,0.0,0.0,0.0,0.0,0.0,0.0,0.0,0.0,0.0,0.0,0.0,0.0,1.6049071945282876,0.4898984110281708,422.61649992256187,492.60173990738738,14491.215024025814,0.40014793800127426,0.0610726401100846,356.21147692442647,416.881063926026,11393.45895712692,1.4350805355284742,0.2711792395178524,497.73828366381658,579.7699570491687,17230.9981412889,0.36445414732084288,0.06886888649297859,341.5063741192865,399.26890702958789,11110.564915043133,0.0,0.0,14.771010623629858,17.683251408591447,288.0928838794328,0.0,0.0,15.651115293346783,18.373560050307299,469.72103436935216,0.0,0.0,78.7164307574576,92.68605480580865,2258.1670469601397,0.0,0.0,15.191260553738927,17.823029689329667,462.933641359227,0.0,0.0,18.419208613852385,21.646202391440107,547.6442946383713,36.96124494584948,25.350648111007886,689.2950055220025,809.3802445854424,21865.159863949797,0.0,0.0,21.820048048370258,26.4986914668264,251.25214335419234,1885.6070649689869,21.57614082829443,25.787578413076319,22.0,30.0,0.0,20.3863494235515,27.76817169358251,16.0,30.0,3059.6726596748815,21.76561039557128,25.515863968708584,21.8,30.0,0.0,20.68004125708086,27.25980441528535,16.0,30.0,0.0,13.83118243719036,42.390860636357768,12.000000000000002,30.0,698.5129438786703,19.3290723155319,34.56319458236353,19.200000000000004,30.0,0.0,18.626993303200316,30.867011678850927,10.0,30.0,1306.6505564458376,19.53067962630108,30.093312734870567,20.7,30.0,68.49617295556229,19.152033163831047,33.89728248099956,19.0,30.0,0.0,19.407603288648685,0.0,0.0,0.0,9.735898966083609,0.0,0.0,499.7467704352966,505.9411932507153,499.5230932217589,503.32989057474159,554.4665560137312,842.5765225783653,499.7245962569021,597.8977088100066,773.480455854141,10832.365304007133,80.8421699187455,86.59825549843196,60.0,0.0,60.0,60.0,16.0,16.0,19.0,19.0,19.7,12.0,21.0,10.0,1.0,0.0,1885.6070649689869,0.0,3059.6726596748815,0.0,698.5129438786703,0.0,1306.6505564458376,68.49617295556229,8710.839675845426,5226503.805507256,6823581.038787016,80.8421699187455,86.69601294046777,0.35836132252818089,0.7664372506944934,0.36028137401965956,86.69601294046777,0.35426478194388757,6823581.038787016,0.35714621401692489 
 03/04  09:10:00,4.515000000000001,86.33333333333333,3.345,82.0,506.66666666666665,0.0,0.0,1.0,2.0,0.0,0.0,0.0,0.0,0.0,4.0,2160.0,0.0,373.0587507592812,44.7956356597209,114.78805413101876,11.186227479651102,297.7368522614744,0.0,44.79563565972088,61.23903011693596,0.0,0.0,20.202327064897298,-1552.1144686650974,19.439744982011523,514.4728733794923,20.348515567644108,-1208.0391101323349,19.590193816957958,470.2905772275907,13.742216831389574,40.906594105125467,18.8657741324706,-105.22574709240912,16.420340959632065,-726.1670431695824,18.16652995449917,-237.45277147654245,17.862346561901018,-476.78301890990408,1379.3545668938346,2370.647687388971,0.0,0.0,0.0,0.0,0.0,0.0,0.0,0.0,0.0,0.0,0.0,0.0,0.0,0.0,0.0,0.0,0.0,0.0,0.0,0.0,0.0,0.0,1.6385506500116625,0.500168086084146,368.18159514881219,429.7118652410348,12212.694991450322,0.37304822434496878,0.05693654217719303,301.02489524498687,352.4242597469081,9447.102893294634,1.4040708393669739,0.26531950857274647,289.94404441416057,338.1839635750652,9708.453094591223,0.33162130356176608,0.06266464541983484,283.30010832774669,331.29157886614197,9060.210014663076,0.0,0.0,14.648746441621047,17.541212539297648,275.700108112608,0.0,0.0,16.729643535212668,19.61450889496346,503.4194109899548,0.0,0.0,251.8724798610347,298.6255306345569,6078.885749530824,0.0,0.0,40.150143550858008,46.94650313778719,1268.9169559855855,0.0,0.0,172.81359294087845,203.65229598250546,4741.388075588981,36.70313807404624,25.173620078221025,575.747765414304,676.4827293207893,17969.52252437503,0.0,0.0,183.06849318076204,220.12292744017189,2967.5511526052148,1814.0502472767517,21.327892504631565,26.71768698951064,22.0,30.0,0.0,20.4273074338419,28.12771453790013,16.0,30.0,1297.8280218596054,21.46316741239882,27.062482673341675,21.375,30.0,0.0,20.740552780788464,27.990852476973545,19.0,30.0,0.0,13.836577509373337,42.95017557244911,12.0,30.0,196.37273576533574,19.751191258753637,34.20522362538851,19.25,30.0,0.0,16.716667545668505,36.56089442042065,10.0,30.0,1242.2926616404323,20.50192848029461,29.160036304420986,20.7,30.0,0.0,18.38563042988829,33.250889292958408,12.0,30.0,0.0,19.349557449276973,0.0,0.0,0.0,12.354827155878244,0.0,0.0,517.4169420974522,516.964706303274,547.0706383395185,536.0149281080807,570.5212009549919,865.4819371185322,597.9176030864494,627.2762255919042,623.9633783675216,9754.675812067184,81.55494129714569,83.29065778928083,220.0,0.0,220.0,220.0,16.0,19.0,19.0,12.0,19.7,12.0,21.0,10.0,1.0,0.0,1814.0502472767517,0.0,1297.8280218596054,0.0,196.37273576533574,0.0,1242.2926616404323,0.0,2626.8051301809357,1576083.0781085613,2053584.3970342333,81.55494129714569,83.32013601750059,0.3425601710060312,0.7688829979454922,0.36028137401965956,83.32013601750059,0.3542647819438875,2053584.3970342333,0.11518305531244684 
 03/04  09:20:00,4.86,85.66666666666667,3.4400000000000006,86.5,519.3333333333334,0.0,0.0,1.0,2.0,0.0,0.0,0.0,0.0,0.0,4.0,1080.0,0.0,453.89526034648699,47.28899961988895,121.17729068423646,13.610086932009413,362.25178380923355,0.0,47.288999619888929,64.64764768426093,0.0,0.0,20.107475648435427,-1408.3087384779925,19.436793269026738,460.19682527173065,20.395901021704746,-1444.3427630572765,19.59917958070062,594.422341008742,13.752640873773636,36.875780791500847,18.515990070040205,-123.36691358748308,15.681249031212559,-18.54960819938401,18.07133817193801,-369.57276294097707,17.152536026247277,-484.6747937741343,1351.0810869827329,2011.713366808909,0.0,0.0,0.0,0.0,0.0,0.0,0.0,0.0,0.0,0.0,0.0,0.0,0.0,0.0,0.0,0.0,0.0,0.0,0.0,0.0,0.0,0.0,1.6604475595118529,0.5068521243931174,354.4035310953765,413.7059786541149,11385.399136430626,0.37077758386446199,0.056589985327298839,287.76032414227827,336.8913547728275,8757.395087704539,1.1559598789889792,0.21843535128287595,324.30441455924486,377.94340658204166,10716.837800261343,0.31368236521324757,0.05927482335851236,311.59871861801329,364.2579890617447,9749.955702217572,0.0,0.0,14.514347128110737,17.372992978454727,263.4642705461439,0.0,0.0,17.644135130602419,20.724274510442848,498.1187245560569,0.0,0.0,274.578813484619,326.6057481152951,5939.020216467606,0.0,0.0,54.2040200441548,63.44256323495694,1648.005296948199,0.0,0.0,181.64509012002885,214.89311579030608,4482.503528983758,36.49307676942265,25.02954510934339,590.339597617906,693.3127035586658,17975.479323626478,0.0,0.0,203.42721094281678,243.83707639344505,3533.0281094208496,1824.721326873853,21.131459772092119,27.45970743263769,22.0,30.0,0.0,20.281324800519078,28.830209698192165,16.0,30.0,1654.3177384678932,21.592410090106204,27.26192753593235,21.5,30.0,0.0,20.728798501787869,28.500072975437115,19.0,30.0,0.0,13.848650337212885,43.63314591323205,12.0,30.0,73.50701370561862,19.10845571855863,36.043231835346919,19.0,30.0,0.0,15.644790642241535,39.33402214443716,10.0,30.0,746.7790455875957,20.27777035601375,30.186174234146415,20.2,30.0,0.0,17.22158889069565,35.52454630687847,12.0,30.0,0.0,19.362453929426,0.0,0.0,0.0,13.416292311629079,0.0,0.0,533.4573943518187,532.8537588142344,561.7150243468944,553.3687130863655,593.4338610338059,885.6337382674661,600.0521067353658,648.1767734462325,602.268335613314,9136.128997689186,81.96392016013169,81.96392016013169,220.0,0.0,220.0,220.0,16.0,19.0,19.0,12.0,19.7,12.0,21.0,10.0,1.0,0.0,1824.721326873853,0.0,1654.3177384678932,0.0,73.50701370561862,0.0,746.7790455875957,0.0,0.0,0.0,0.0,81.96392016013169,81.96392016013169,0.34,0.7704928870582044,0.36028137401965956,81.96392016013169,0.3542647819438875,0.0,0.008347777777777777 
 03/04  09:30:00,5.205,85.0,3.535,91.0,532.0,0.0,0.0,1.0,2.0,0.0,0.0,0.0,0.0,0.0,4.0,1080.0,0.0,542.6124410000427,49.759697678572198,127.50844741014946,16.270244196921575,433.05619195934278,0.0,49.75969767857217,68.02527924584644,0.0,0.0,20.1044433177866,-1428.005014971313,19.472576104566124,453.918241149569,20.63683007592465,-1856.4901872543288,19.703025919941838,701.5412668463614,13.760848918378546,33.06067618276775,19.023734299006045,-143.42241197490379,15.763380836473399,68.71183411472612,18.10734404750736,-372.345684445785,16.779108358532964,-204.1328516827366,1325.3992443460184,1466.2968414681098,0.0,0.0,0.0,0.0,0.0,0.0,0.0,0.0,0.0,0.0,0.0,0.0,0.0,0.0,0.0,0.0,0.0,0.0,0.0,0.0,0.0,0.0,1.701973941753577,0.5195280652483447,357.00403598948307,416.7690723539236,11203.036964650599,0.3794123310967657,0.057907864941508808,290.45327870910526,340.11401909105077,8599.324366565774,0.9692445934825874,0.18315279544266589,379.9995458364611,442.65929871994219,12370.087595155168,0.30872343724942166,0.0583377621408582,364.4209227265536,425.80329272327085,11238.910725267611,0.0,0.0,13.845768060635269,16.57255290745678,241.89961922281496,0.0,0.0,17.649242875705768,20.67919839583181,510.77670477995266,0.0,0.0,210.2095974548596,249.83167223857348,4496.56772010938,0.0,0.0,55.421737463762067,64.91040284106984,1632.6312003176689,0.0,0.0,118.79104100178691,140.76719384208867,2735.6558604550616,36.37725647440398,24.95010732126474,645.2924602224376,757.7288045441603,19123.65885658213,0.0,0.0,138.5068297479877,166.3387857294656,2154.733445068701,1855.326342294175,21.09387627954368,28.288841934608823,22.0,30.0,0.0,20.201713121999555,29.75541800815147,16.0,30.0,2223.8230026776125,21.76550933491888,27.622984714632538,21.75,30.0,0.0,20.86885941706848,29.137480528694579,19.0,30.0,0.0,13.854966732820117,44.04848769169197,12.0,30.0,939.4029990428315,19.84522734741474,34.64867416075017,19.75,30.0,0.0,15.875481064662296,39.21750017655437,10.0,30.0,1268.8644561540178,20.12690885151391,30.665131233133665,20.7,30.0,0.0,16.729979589285873,36.933930812911658,12.0,30.0,0.0,19.408945432015086,0.0,0.0,0.0,12.863440106161699,0.0,0.0,558.4794274020533,557.2661397688274,582.8460369864541,584.9730434040027,598.8889991794617,894.9303013179326,597.6790593009329,644.2257769886328,595.7344298330156,10948.338060856211,80.76539540205116,86.39525888760115,220.0,0.0,220.0,220.0,16.0,19.0,19.0,12.0,19.7,12.0,21.0,10.0,1.0,0.0,1855.326342294175,0.0,2223.8230026776125,0.0,939.4029990428315,0.0,1268.8644561540178,0.0,8519.425421409835,5111655.252845901,6647751.033804154,80.76539540205116,86.4908726594499,0.36898084738032779,0.7679041747514049,0.36028137401965956,86.4908726594499,0.3542647819438875,6647751.033804154,0.353981942646705 
 03/04  09:40:00,5.550000000000001,84.33333333333333,3.63,101.66666666666667,491.5,0.0,4.0,0.0,0.0,0.0,0.0,0.0,0.0,0.0,0.0,2160.0,0.0,592.6785194346392,50.45372031824898,129.28687489140257,17.77145410469758,473.0134272615289,0.0,50.453720318248958,68.9740608114403,0.0,0.0,20.26390564179485,-1325.082714348169,19.588050235597636,606.9022435697245,20.517316341752986,-913.4496828815657,19.67826735895308,-59.59625300921516,13.776045561142525,45.25920648647355,18.621427119695789,-451.2014477315585,16.35454793388327,707.6359916308785,17.550221419102006,-176.7259307394764,16.490554451587099,-642.4361540861706,1083.2987079162213,1321.2621470258815,0.0,0.0,0.0,0.0,0.0,0.0,0.0,0.0,0.0,0.0,0.0,0.0,0.0,0.0,0.0,0.0,0.0,0.0,0.0,0.0,0.0,0.0,1.4990219815712596,0.4575769174515444,416.4220529841947,485.95319978172736,12962.924120874088,0.3690713674479463,0.056329573786316599,333.79762091864708,390.9065720404278,9712.77411333041,1.1944263020600759,0.2257041387112767,180.24894213301077,210.24481268954046,5697.306380304244,0.31334072370136759,0.05921026524969151,23.05098772009955,26.947262162389685,693.2257686743665,0.0,0.0,13.761887885436203,16.4809844790814,231.45115086847668,0.0,0.0,95.69239677350449,112.56342607580405,2564.390454505472,0.0,0.0,266.3996609761555,315.3819190184134,6136.02539771525,0.0,0.0,39.59609152815507,46.56845497305723,1069.9405406458546,0.0,0.0,125.75668240340412,149.26913399193024,2679.9760891177159,36.22119275667248,24.843067734343273,356.7097044787415,419.91796471080979,10287.757657895543,0.0,0.0,133.1528054211385,159.8504430654273,2002.1230798547552,1846.5590955706758,21.341073085339589,28.361970278681107,22.0,30.0,0.0,20.293586807785134,30.150131580548917,16.0,30.0,1364.4994309738373,21.486570570265554,28.121629536660739,21.375,30.0,0.0,20.639392161750448,32.331382670659539,19.0,30.0,0.0,13.877271909499254,44.64931501580033,12.0,30.0,0.0,19.02081840122248,33.79842525602551,16.0,30.0,0.0,17.08210265017692,37.471320974691078,10.0,30.0,0.0,19.075894162849683,32.815016630612507,16.0,30.0,0.0,16.297480405673114,38.6905653330127,12.0,30.0,0.0,18.76109497685406,0.0,0.0,0.0,12.80704503072036,0.0,0.0,568.3938545812227,570.5187650419033,565.6857314804388,740.773242996305,614.0036828533991,700.2954878605679,644.1835795980717,638.2017082987692,624.0071548916006,8955.348699455513,82.0833848631021,83.88441391475573,132.0,0.0,132.0,132.0,16.0,19.0,16.0,12.0,16.0,12.0,21.0,10.0,1.0,0.0,1846.5590955706758,0.0,1364.4994309738373,0.0,0.0,0.0,0.0,0.0,2725.538484854304,1635323.0909125824,2126628.790397089,82.0833848631021,83.91500136705894,0.34585128282847679,0.7687548829656887,0.36028137401965956,83.91500136705894,0.3542647819438875,2126628.790397089,0.11553469710064865 
 03/04  09:50:00,5.895,83.66666666666667,3.7249999999999998,112.33333333333333,451.0,0.0,4.0,0.0,0.0,0.0,0.0,0.0,0.0,0.0,0.0,1080.0,0.0,651.4643656323475,53.43694068194574,136.93122994539886,19.534119780563214,519.9297920582661,0.0,53.436940681945717,73.05234922073174,0.0,0.0,20.344943329964417,-1322.187175879194,19.73898361827439,556.070790770616,20.565066355997048,-994.0830352589519,19.480497397551184,-69.92974351335264,13.808057960992788,51.99812149841375,18.215934924575934,-172.0722402658746,16.6567371047124,212.31043744132104,16.713113142415624,-44.66762277295814,15.910199822495033,-664.3119755978236,1089.5252224509277,1581.655287343071,0.0,0.0,0.0,0.0,0.0,0.0,0.0,0.0,0.0,0.0,0.0,0.0,0.0,0.0,0.0,0.0,0.0,0.0,0.0,0.0,0.0,0.0,1.4805724984561537,0.4519452070989481,421.4464753307722,491.4856197417116,12873.46683093567,0.36220964712561096,0.05528230267484905,324.35977421653208,379.473259335771,9309.35704569677,1.178785892723868,0.2227486569772994,193.1589123927098,225.02943371362739,5994.911622819457,0.3361838698242313,0.06352680835680863,28.552332987222436,33.39033215317817,816.6780484244182,0.0,0.0,12.41826957095897,14.861879607117892,201.45290683885538,0.0,0.0,71.94806137570086,84.79323432815868,1785.52763364072,0.0,0.0,316.11648106901796,373.6536080495627,7276.108150082128,0.0,0.0,25.308654625062919,29.904692492726789,595.2488870891384,0.0,0.0,204.4845768213128,243.41679038866438,3889.124609006872,36.15197926564724,24.795596204147637,361.65101517810686,425.36706897149369,10213.239811363397,0.0,0.0,207.89472937119968,248.85910164540753,3309.5663317652349,1819.6072235767056,21.416668402630543,28.519210470953646,22.0,30.0,0.0,20.43191387343796,30.143496751514328,16.0,30.0,1618.5290027560314,21.581188331699058,28.320133038510318,21.5,30.0,0.0,20.24554144563018,35.74572747235005,19.0,30.0,0.0,13.926074414566198,45.06580179817586,12.0,30.0,0.0,18.374649940319846,34.40194388008451,16.0,30.0,0.0,17.451286251423015,36.34985553976416,10.0,30.0,0.0,17.644739398897984,35.90337810836035,16.0,30.0,0.0,15.38504477986707,41.424140952635479,12.0,30.0,0.0,18.845840923509465,0.0,0.0,0.0,13.709826028919398,0.0,0.0,572.5189938708064,572.5966574398437,570.9767487062052,895.2389573938937,623.4091035052767,634.7362949881446,618.3298803044091,631.9487418988869,630.3449833614677,9258.905110219748,81.88278717041465,81.88278717041465,132.0,0.0,132.0,132.0,16.0,19.0,16.0,12.0,16.0,12.0,21.0,10.0,1.0,0.0,1819.6072235767056,0.0,1618.5290027560314,0.0,0.0,0.0,0.0,0.0,0.0,0.0,0.0,81.88278717041465,81.88278717041465,0.34,0.7711744327753443,0.36028137401965956,81.88278717041465,0.3542647819438875,0.0,0.004920666666666666 
 03/04  10:00:00,6.24,83.0,3.82,123.0,410.5,0.0,4.0,0.0,0.0,0.0,0.0,0.0,0.0,0.0,0.0,810.0,0.0,700.5418967827384,56.2377704271384,144.10820715676995,21.00568496364088,559.0980389418651,0.0,56.23777042713837,76.88129582662822,0.0,0.0,20.247416041251435,-1352.8087568474874,19.85244636593378,303.0967954023544,20.395301774217694,-509.47166482845787,19.343229775321988,-98.12581422316949,13.840925770710813,51.02618227215224,18.03132035819963,-130.4123186407934,16.49174432586106,124.0675666254575,16.204748838071589,-15.809888605273912,15.637140834100581,-439.12177540451378,1008.1252670682511,1522.8338292359456,0.0,0.0,0.0,0.0,0.0,0.0,0.0,0.0,0.0,0.0,0.0,0.0,0.0,0.0,0.0,0.0,0.0,0.0,0.0,0.0,0.0,0.0,1.38730669662714,0.4234757926212275,391.135813935537,456.60545230864758,11508.97081053447,0.30913081401422395,0.04718113767005864,245.615290791256,287.4224522864326,6917.64114178656,1.2637373597741153,0.23880146632163963,183.90664986480659,214.56137448496617,5452.690129714783,0.32213950859532727,0.06087292301499006,27.275317943815446,31.933193978418143,748.3483799038415,0.0,0.0,11.757856305070075,14.065838498420096,183.6767013725187,0.0,0.0,65.0044748429364,76.66676028041327,1529.538659728859,0.0,0.0,333.4983764955231,394.6128123253032,7239.439286414319,0.0,0.0,16.25314721159548,19.25729302625136,344.4515732558828,0.0,0.0,225.53122163524777,268.7672386775111,3999.2795640743886,35.75721884273562,24.52484145592295,329.1753690000801,387.1781781096811,9171.91851794407,0.0,0.0,228.07114409436123,272.80903098410178,3573.1148659399125,1869.7043473156128,21.272845248205447,29.061306145225058,22.000000000000019,30.00000000000002,0.0,20.493477054404104,30.34928690504674,16.000000000000015,30.00000000000002,1347.725281238683,21.24001133997212,29.164277049504635,21.33333333333335,30.00000000000002,0.0,19.971850065074635,37.06528067901368,19.000000000000015,30.00000000000002,0.0,13.973025777667737,45.180039511827597,12.00000000000001,30.00000000000002,0.0,18.063689657557373,35.01361230347058,16.000000000000015,30.00000000000002,0.0,17.110324409708566,37.26494039877626,10.000000000000007,30.00000000000002,0.0,16.80840272533704,37.8659406113003,16.000000000000015,30.00000000000002,0.0,15.053629504505962,42.37821992221633,12.00000000000001,30.00000000000002,0.0,18.75160839633303,0.0,0.0,0.0,13.981755035574404,0.0,0.0,580.77219133125,578.7628461545688,578.9983881884207,940.5802554989363,621.5067338789434,619.3309212235105,612.0275572790807,625.5913534123521,620.8006668423502,9435.750672738212,81.76581932675258,84.03069073338404,132.0000000000001,0.0,132.0000000000001,132.0000000000001,16.0,19.0,16.0,12.0,16.0,12.0,21.0,10.0,1.0,0.0,1869.7043473156128,0.0,1347.725281238683,0.0,0.0,0.0,0.0,0.0,3427.6957788132756,2056617.4672879636,2664073.5508256487,81.76581932675258,84.06915576872571,0.34092319262710937,0.7685274770876284,0.3602813740196598,84.06915576872571,0.3542647819438878,2664073.5508256487,0.14342315797626704 
 03/04  10:10:00,6.506666666666667,81.33333333333334,3.9299999999999999,133.66666666666667,370.0,0.0,0.0,1.0,2.0,0.0,0.0,0.0,0.0,0.0,0.0,2430.0,0.0,739.1252027400985,58.86640602960358,150.8439351474288,22.162584658275045,589.8909428992538,0.0,58.86640602960355,80.47483998455965,0.0,0.0,20.415074263333496,-1379.3088175150875,19.880789501788848,529.0616746951679,20.635903832055683,-2071.5093966552747,19.42947532738222,805.2221731782555,13.866876568567328,53.337195263379289,19.01474544531149,-130.4544240494273,16.36063895724479,147.23315733091779,16.962422404800078,-109.96276119945446,15.52371128180613,-361.9055666887749,1111.942917482466,1388.5131015584009,0.0,0.0,0.0,0.0,0.0,0.0,0.0,0.0,0.0,0.0,0.0,0.0,0.0,0.0,0.0,0.0,0.0,0.0,0.0,0.0,0.0,0.0,1.3222688661625158,0.40362297501908298,414.08332317058219,483.0142544326281,12210.438471193514,0.3283327264663273,0.05011183248875569,314.2232229181954,367.7732007235111,8654.697549854372,1.1817573325977702,0.2233101535521108,475.58477208406836,554.2550535716312,14161.857789750087,0.34253910287325309,0.0647277216313781,377.91276622194467,442.59059738301257,10254.22445359042,0.0,0.0,12.997254439290192,15.55851546562108,196.89826713810329,0.0,0.0,19.151538406354509,22.49877159590409,489.41659607193989,0.0,0.0,282.14855611716475,334.3888872986061,5850.312032997351,0.0,0.0,27.866986380360055,32.854562417634799,648.7309153170974,0.0,0.0,223.98768478339066,267.2306227166807,3811.6050551753776,36.01705551029541,24.70305590555241,685.4553248473845,804.8753047238309,18499.30320430223,0.0,0.0,227.30362298214065,272.0498718565102,3464.8453148472115,1855.363890454295,21.474592900599605,29.70130344950951,21.999999999999994,29.999999999999994,0.0,20.466296944138166,31.374845749439435,15.999999999999997,29.999999999999994,2261.5609989777187,21.594895958666819,29.691040139579735,21.55555555555555,29.999999999999994,0.0,20.23979550965994,32.319240055980937,15.999999999999997,29.999999999999994,0.0,14.006027115143248,45.36051637262317,11.999999999999997,29.999999999999994,1589.0117307555136,19.392535972749504,33.35506370170061,19.888888888888887,29.999999999999994,0.0,16.88220841254514,38.42121841405765,9.999999999999999,29.999999999999994,1354.4964619748799,18.014491269523789,35.89074394880121,20.7,29.999999999999994,0.0,14.961911429431302,43.00656037850918,11.999999999999997,29.999999999999994,0.0,19.473536030217756,0.0,0.0,0.0,14.039342620346185,0.0,0.0,631.4369738016952,623.7671853874551,641.5687410890954,652.1052025868428,619.0544937671062,693.918823982491,620.2091306432441,670.3653238744605,618.3036909692157,10563.232168432101,81.02014389601604,85.83570948078332,59.999999999999989,0.0,59.999999999999989,59.999999999999989,16.0,16.0,19.0,12.0,19.7,12.0,21.0,10.0,1.0,0.0,1855.363890454295,0.0,2261.5609989777187,0.0,1589.0117307555136,0.0,1354.4964619748799,0.0,7287.475509659627,4372485.305795777,5703964.882888525,81.02014389601604,85.9174937709933,0.3562491836553209,0.7657080286576775,0.36028137401965945,85.9174937709933,0.3542647819438875,5703964.882888525,0.2988161739102033 
 03/04  10:20:00,6.773333333333334,79.66666666666667,4.04,144.33333333333335,329.5,0.0,0.0,1.0,2.0,0.0,0.0,0.0,0.0,0.0,0.0,1080.0,0.0,727.4167381258036,59.98128215536018,153.7007289763889,21.811510530366037,580.5465255864715,0.0,59.98128215536015,81.99896017252813,0.0,0.0,20.418495756534829,-1379.890043586339,20.010312615177435,370.7612742776639,20.634506806322876,-1416.948489971038,19.612173280747134,415.58580428094185,13.892913776776887,52.10399163262604,19.185444775144693,-142.38652234289072,16.30972446493093,121.3448090597035,17.93362841611043,-293.4008362071867,15.462555327068309,-262.06458162492256,1147.7555963791886,1392.4727151973185,0.0,0.0,0.0,0.0,0.0,0.0,0.0,0.0,0.0,0.0,0.0,0.0,0.0,0.0,0.0,0.0,0.0,0.0,0.0,0.0,0.0,0.0,1.2842603292980384,0.3920208575390839,412.1417403071847,480.7108744607092,11905.445555671477,0.29861570768292447,0.0455762679613743,268.9389359473812,314.55650975220768,7332.586771473594,1.192371904011002,0.22531593046315244,398.44385020248049,464.3806986878869,11549.966072239318,0.3129836448084591,0.059142790024274197,298.8937602909112,349.56921925793525,8096.285440665866,0.0,0.0,12.795162528984866,15.308010614458063,187.87319821127952,0.0,0.0,18.702883274711096,21.931475880299148,480.61735833434667,0.0,0.0,278.36928630784419,329.8645583045811,5572.4059280712349,0.0,0.0,44.92085019030187,52.66496509653926,1153.1345025877172,0.0,0.0,229.15911198800678,273.2876913505769,3767.347666814917,35.93438363183803,24.646353656953396,585.7696771579836,687.6758552942717,15587.231514196865,0.0,0.0,234.33970920028498,280.0115593400516,3597.1845747131908,1849.246243043178,21.466833277333458,29.80249310296919,22.000000000000005,30.000000000000008,0.0,20.597029491315224,31.41498773442818,16.000000000000005,30.000000000000008,2188.9262447443036,21.439073873555928,29.96738847789907,21.500000000000005,30.000000000000008,0.0,20.468166325738076,31.72387826436377,16.000000000000005,30.000000000000008,0.0,14.041501611443401,45.748500916391787,12.000000000000002,30.000000000000008,0.0,19.75930870478442,34.45004616929613,19.000000000000005,30.000000000000008,0.0,16.783526699994906,39.00304700668287,10.000000000000002,30.000000000000008,1286.9430036180696,19.696208775872777,33.08867648015394,20.700000000000004,30.000000000000008,0.0,14.93899757448316,43.63458452781752,12.000000000000002,30.000000000000008,0.0,19.444089015612076,0.0,0.0,0.0,14.366742287972205,0.0,0.0,628.2168371805857,632.9952063017864,632.1565142280572,635.621447683968,621.7321807315319,795.8595983757996,627.1490536493178,688.8726775008468,630.8775848433927,9569.393132838344,81.67747057952875,81.67747057952875,60.000000000000017,0.0,60.000000000000017,60.000000000000017,16.0,16.0,19.0,12.0,19.7,12.0,21.0,10.0,1.0,0.0,1849.246243043178,0.0,2188.9262447443036,0.0,0.0,0.0,1286.9430036180696,0.0,0.0,0.0,0.0,81.67747057952875,81.67747057952875,0.3400000000000001,0.7707653387425204,0.3602813740196596,81.67747057952875,0.35426478194388757,0.0,0.0022133333333333338 
 03/04  10:30:00,7.04,78.0,4.15,155.0,289.0,0.0,0.0,1.0,2.0,0.0,0.0,0.0,0.0,0.0,0.0,1080.0,0.0,742.321275780306,62.28924836828547,159.61473919107648,22.258411822620749,592.441634512572,0.0,62.289248368285438,85.15412496348766,0.0,0.0,20.485294705978668,-1352.719333905356,20.06981215023,396.84190545768936,20.78777751963655,-1296.8763821661913,19.638400710588337,437.72256603532039,13.917371398521464,54.61958208041537,18.952228893854206,-124.6750908519827,16.305377474982156,177.52256555647637,18.388435206054873,-419.44987309855659,15.49930941148117,-153.42824797749609,1146.8896593271343,1397.1325358234879,0.0,0.0,0.0,0.0,0.0,0.0,0.0,0.0,0.0,0.0,0.0,0.0,0.0,0.0,0.0,0.0,0.0,0.0,0.0,0.0,0.0,0.0,1.2615599269455123,0.3850915527916704,430.7123573249468,502.2549409040699,12269.684694058004,0.29128287029635888,0.044457092536074317,267.0315813816425,312.24364534525548,7153.050188501639,1.1626829606234149,0.21970577487214949,391.4481019256506,455.8645619032336,11255.192877019308,0.3024460296848919,0.057151555118082359,286.9168316199521,335.43863554298687,7626.298012081713,0.0,0.0,12.880150504860663,15.40784058318637,182.99689556349305,0.0,0.0,18.708753386681978,21.966873285452999,455.7472700035444,0.0,0.0,270.7544963207372,320.83377878056987,5278.131411218254,0.0,0.0,57.40924454994489,67.18926285744426,1510.6198342199999,0.0,0.0,226.26960678211607,269.719616567584,3657.3248511943759,36.02481282136326,24.70837642068812,564.2460634414867,662.0505516569438,14845.648515955909,0.0,0.0,232.5108870121462,277.5257951930788,3589.1012704185557,1826.619725972734,21.550216803629604,29.677545295836809,22.0,30.0,0.0,20.622911235456816,31.44989445441327,16.0,30.0,1843.2759872758102,21.690334055555178,29.471477388805245,21.5,30.0,0.0,20.47829251962702,31.699623447399497,16.0,30.0,0.0,14.072321934848166,46.207714523318298,12.0,30.0,0.0,19.332548068313366,36.66586152147609,19.0,30.0,0.0,16.788574392069369,39.560377064329937,10.0,30.0,1255.005590044911,20.368255536163,32.21316613448412,20.7,30.0,0.0,15.0719340321617,44.09176245480312,12.0,30.0,0.0,19.553692546421855,0.0,0.0,0.0,14.684194479598109,0.0,0.0,616.5545266630566,623.9750167632327,614.4912867721503,619.9866041974387,628.9707929540248,854.9170787392789,637.5230711599261,685.1578755448712,648.3043697154058,10323.058995605043,81.17902912734765,83.04841416696466,60.0,0.0,60.0,60.0,16.0,16.0,19.0,12.0,19.7,12.0,21.0,10.0,1.0,0.0,1826.619725972734,0.0,1843.2759872758102,0.0,0.0,0.0,1255.005590044911,0.0,2828.879170819108,1697327.5024914649,2215205.94359454,81.17902912734765,83.08016253086979,0.349295972360637,0.7687446982373016,0.36028137401965956,83.08016253086979,0.3542647819438875,2215205.94359454,0.11740737573358273 
 03/04  10:40:00,7.306666666666667,76.33333333333334,4.26,154.5,296.0,0.0,0.0,0.0,0.0,0.0,0.0,0.0,0.0,0.0,0.0,2160.0,0.0,793.2007791297083,62.56031588929727,160.30937734250615,23.78401321977183,633.04807015143,0.0,62.560315889297239,85.52469481562821,0.0,0.0,20.536528801392753,-1431.2503667099773,20.171270871135186,410.0608939431795,20.70360110783968,-1410.8257563425123,19.706092553235658,458.7560254496507,13.947072072269212,59.13267200599619,18.665629862828309,-345.0849554139437,16.472033360373293,313.44769947408465,17.805127369505166,-240.95130746275982,15.539477030276937,-136.6557529529456,1133.9691436488179,1282.7381424025894,0.0,0.0,0.0,0.0,0.0,0.0,0.0,0.0,0.0,0.0,0.0,0.0,0.0,0.0,0.0,0.0,0.0,0.0,0.0,0.0,0.0,0.0,1.2413011554802438,0.3789075566179011,409.38356545948076,477.4932932297839,11496.654039166735,0.2966616650804484,0.045278031910935347,282.99333008774189,331.02811433014298,7468.278962731229,1.1383372695238119,0.21510530414282168,384.56136051104479,448.181525121554,10870.93709915171,0.30673228134026556,0.057961504410481,320.58595322152709,375.0971726260641,8386.44984523732,0.0,0.0,13.043004478447229,15.60903904445211,179.22455231253233,0.0,0.0,89.00534590430411,104.79449756527723,2030.3554004568394,0.0,0.0,348.52149861505355,412.722246796311,6819.800064398445,0.0,0.0,45.372054018957289,53.335707783568008,1081.8711061075576,0.0,0.0,228.9057778667122,272.8842211037614,3625.1576490455697,36.09791342406386,24.758514008274259,596.8694195941113,700.6282140026056,15417.395533356335,0.0,0.0,234.2856697569329,279.6634202767929,3542.232646137347,1804.4329792856293,21.569730247972648,29.726693635187656,22.0,30.0,0.0,20.693009695315856,31.366093037258119,16.0,30.0,1855.5308296049144,21.560844795463035,29.750830082101339,21.5,30.0,0.0,20.563353858379736,31.602746397697186,16.0,30.0,0.0,14.108635109624528,46.71647211546321,12.0,30.0,0.0,18.781772602999824,36.14689893138024,16.0,30.0,0.0,17.103211497863538,39.459983092807188,10.0,30.0,0.0,19.256147568034394,34.431407590935389,16.0,30.0,0.0,15.17803099237092,44.36714021352732,12.0,30.0,0.0,19.62468702366281,0.0,0.0,0.0,14.79653370147644,0.0,0.0,609.1536321781928,615.0485523121629,606.5825674109116,610.9546472864073,641.4959397336082,717.6144098996598,664.7456827566412,667.5981621093246,662.3495605475346,10430.189247924041,81.10817368968677,84.69148126446727,60.0,0.0,60.0,60.0,16.0,16.0,16.0,12.0,16.0,12.0,21.0,10.0,1.0,0.0,1804.4329792856293,0.0,1855.5308296049144,0.0,0.0,0.0,0.0,0.0,5422.743807088759,3253646.2842532556,4237347.773348508,81.10817368968677,84.75233772285182,0.3507581269029586,0.7674411344890502,0.36028137401965956,84.75233772285182,0.3542647819438875,4237347.773348508,0.2225620842141225 
 03/04  10:50:00,7.573333333333333,74.66666666666667,4.37,154.0,303.0,0.0,0.0,0.0,0.0,0.0,0.0,0.0,0.0,0.0,0.0,1080.0,0.0,844.2475397021356,62.81310513417866,160.957177298336,25.31462956967016,673.7879901061922,0.0,62.813105134178638,85.87027687853549,0.0,0.0,20.562194536207266,-1396.958207110738,20.272624314948474,300.8545013419316,20.777054108100328,-1288.285459537241,19.73334614325209,413.85897968039628,13.980560486810465,55.621273044940839,18.410296010628295,-208.17859313142993,16.55210864635931,208.1806480455516,16.939146596001387,-76.62089168218862,15.568793946593367,-147.8977625152595,1092.4919263677376,1151.7667649682035,0.0,0.0,0.0,0.0,0.0,0.0,0.0,0.0,0.0,0.0,0.0,0.0,0.0,0.0,0.0,0.0,0.0,0.0,0.0,0.0,0.0,0.0,1.2479344712667884,0.38093237828656548,393.05442793668427,458.2410822910024,10831.321220521859,0.2842096068674839,0.04337753462568436,257.5498555837797,301.11477778962196,6688.823551672262,1.122715785998214,0.21215339871470416,352.6665653300885,410.7670534607922,9782.299302805668,0.3002750559148216,0.056741318200079649,309.33723755619027,361.7657626955282,7938.8605908992699,0.0,0.0,12.206700969201347,14.59910955037482,162.16803784531795,0.0,0.0,75.70409552401012,89.23654932172645,1623.3332966785079,0.0,0.0,337.26563619416,399.1058080239109,6479.668754621849,0.0,0.0,30.30056540121553,35.79338925084082,619.3881619448687,0.0,0.0,223.25998533679957,265.9714171503586,3449.7924843233506,36.08783434359467,24.751601058706919,559.9426355708758,657.0441772662075,14201.315992068963,0.0,0.0,227.15839338242317,271.0393562822352,3316.093870363915,1868.7335061930335,21.583814308944786,29.734425470051023,22.0,30.0,0.0,20.746604614268948,31.29313123991517,16.0,30.0,1765.159721070957,21.57801187273452,29.755611277804485,21.5,30.0,0.0,20.567256988718535,31.637879821823494,16.0,30.0,0.0,14.148795050851982,47.12082590450641,12.0,30.0,0.0,18.350426740476178,36.477972000468138,16.0,30.0,0.0,17.19235325440413,39.17699398957362,10.0,30.0,0.0,17.77115084834388,37.77488401286278,16.0,30.0,0.0,15.254108131024543,44.34596219844626,12.0,30.0,0.0,19.621978489144387,0.0,0.0,0.0,14.802473009028823,0.0,0.0,604.618095432312,608.5414938335855,601.3842006824956,607.1048214806206,651.1954868900568,662.1765864290828,650.2737255188527,660.9005331090498,661.4654032526861,10445.270266717951,81.09815397720756,84.79710646196901,60.0,0.0,60.0,60.0,16.0,16.0,16.0,12.0,16.0,12.0,21.0,10.0,1.0,0.0,1868.7335061930335,0.0,1765.159721070957,0.0,0.0,0.0,0.0,0.0,5597.54082254587,3358524.493527522,4366597.463085109,81.09815397720756,84.85992695483979,0.3565846940848624,0.7701943642217644,0.36028137401965956,84.85992695483979,0.3542647819438875,4366597.463085109,0.2292830680804257 
 03/04  11:00:00,7.84,73.0,4.48,153.5,310.0,0.0,0.0,0.0,0.0,0.0,0.0,0.0,0.0,0.0,0.0,1080.0,0.0,895.3528931895556,63.04863507605191,161.5607499182759,26.847002600740539,714.5746702765491,0.0,63.04863507605188,86.19226416572082,0.0,0.0,20.62504332872632,-1419.2593782699792,20.34988431679849,307.474568707205,20.844530694574006,-1164.8872901434457,19.736577117101406,398.7200565525625,14.011428886662508,54.598239304858257,18.32619157272306,-148.33787562834756,16.580123669433715,221.09786027256679,16.469542473283715,-23.354388897724719,15.583764623161298,-137.92985525252358,1074.2981311192139,1064.1402842393616,0.0,0.0,0.0,0.0,0.0,0.0,0.0,0.0,0.0,0.0,0.0,0.0,0.0,0.0,0.0,0.0,0.0,0.0,0.0,0.0,0.0,0.0,1.2164560770674647,0.3713235888484324,422.3342759993417,492.322816811074,11467.885613896284,0.27492981737494429,0.04196120533805621,249.86649977118788,292.04263976232877,6372.0854967783329,1.1550029800205886,0.2182545313719934,360.2998475349975,419.61540644047019,9810.123751906838,0.29784985677761996,0.05628304171912695,276.3159822681584,323.0160715175987,6938.758176276762,0.0,0.0,11.777550389279737,14.083857518640535,150.94919067949614,0.0,0.0,65.48870859432322,77.22809228622737,1349.6005159942557,0.0,0.0,327.2549047601732,387.23388688362669,6131.9784459052129,0.0,0.0,14.237589311123891,16.85904373823244,261.0580075344309,0.0,0.0,215.98709146426519,257.27692979708709,3241.7588960180949,36.15133590248685,24.795154939977267,542.3226233237416,636.1533679003259,13523.665744887914,0.0,0.0,218.8599121125027,261.10414753132468,3100.290215277104,1848.2369147624643,21.659965239271629,29.63242400185941,22.0,30.0,0.0,20.77202947745923,31.2820426130774,16.0,30.0,1667.482912366144,21.687129627692984,29.596794466592859,21.5,30.0,0.0,20.534571276846966,31.748893411795163,16.0,30.0,0.0,14.182922827029552,47.23938979808475,12.0,30.0,0.0,18.195358940607396,36.772613070387539,16.0,30.0,0.0,17.22136280329768,39.08535450874734,10.0,30.0,0.0,17.01395731371953,39.6238934054955,16.0,30.0,0.0,15.300659605894382,44.190125107923197,12.0,30.0,0.0,19.662236881995978,0.0,0.0,0.0,14.855134458615423,0.0,0.0,595.557849549214,599.381140677396,592.013105589999,598.3428822662738,647.3832596873731,642.5157333791092,631.0584399340305,652.328635314111,641.6352525326513,8323.641813449332,82.50120121695336,82.50120121695336,60.0,0.0,60.0,60.0,16.0,16.0,16.0,12.0,16.0,12.0,21.0,10.0,1.0,0.0,1848.2369147624643,0.0,1667.482912366144,0.0,0.0,0.0,0.0,0.0,0.0,0.0,0.0,82.50120121695336,82.50120121695336,0.34,0.7686222526269346,0.36028137401965956,82.50120121695336,0.3542647819438875,0.0,0.00222 
 03/04  11:10:00,8.011666666666667,72.0,4.4350000000000009,153.0,317.0,0.0,0.0,0.0,0.0,0.0,0.0,0.0,0.0,0.0,0.0,1080.0,0.0,946.4247237994895,63.26745546113996,162.12150369519086,28.378370240035168,755.3345937500118,0.0,63.26745546113993,86.49140822194984,0.0,0.0,20.659342301948294,-1407.5343822260093,20.452535871881496,287.88129511939499,20.85696103567704,-1089.03714320088,19.76226942300884,392.141543270292,14.04517419485108,55.692863917853617,18.308296409684084,-128.7806826149578,16.62086761988116,226.69251342397866,16.125224811642864,-46.53614630306616,15.610021809885657,-96.12767912386176,1059.138781941051,1026.7821532474684,0.0,0.0,0.0,0.0,0.0,0.0,0.0,0.0,0.0,0.0,0.0,0.0,0.0,0.0,0.0,0.0,0.0,0.0,0.0,0.0,0.0,0.0,1.1988920358013898,0.3659621598905341,430.3939996162409,501.72808254299579,11549.522864544768,0.26916576993867039,0.04108146671835628,246.77300604754607,288.3780080510121,6239.3398002119579,1.1587374539752864,0.2189602142810444,366.9381169909559,427.41156363498228,9859.58026955462,0.29779293316881408,0.056272285179292138,274.521858233593,320.9123867051485,6807.615936170679,0.0,0.0,11.74653517430657,14.045204517922525,147.37879110207553,0.0,0.0,62.452155660063059,73.66532871541679,1258.712808782463,0.0,0.0,325.31904957821208,384.89009266407688,6016.533632999533,0.0,0.0,16.550857419148188,19.635332220402757,280.99381079600939,0.0,0.0,209.07304273572675,248.99492843710088,3092.7535431637395,35.89795636627934,24.621369249848664,542.7257644745804,636.554243378408,13389.848946189999,0.0,0.0,221.2347444054152,263.8064012674183,3123.767068460568,1837.685467172759,21.680607975288788,29.618334351496594,22.0,30.0,0.0,20.837399499063549,31.183304299366644,16.0,30.0,1590.5281396760502,21.68933024660278,29.6144416243203,21.5,30.0,0.0,20.546984362434605,31.75097252821073,16.0,30.0,0.0,14.221076296042489,47.23485943318903,12.0,30.0,0.0,18.135894135528454,36.896966125773939,16.0,30.0,0.0,17.272349977495446,38.95886560350415,10.0,30.0,0.0,16.48435516195402,40.96900225596812,16.0,30.0,0.0,15.36606363250434,43.99199331950516,12.0,30.0,0.0,19.724098972855587,0.0,0.0,0.0,15.007154015635509,0.0,0.0,586.0368284507753,589.390272763429,583.0578712065859,588.0060797808708,637.3038211980622,625.4776615715026,615.3264971388705,639.4340902682974,624.1235709818757,10468.001282437439,81.08318627557913,84.58229346295349,60.0,0.0,60.0,60.0,16.0,16.0,16.0,12.0,16.0,12.0,21.0,10.0,1.0,0.0,1837.685467172759,0.0,1590.5281396760502,0.0,0.0,0.0,0.0,0.0,5295.447073627215,3177268.244176329,4136319.49860658,81.08318627557913,84.6417199192338,0.34651490245424057,0.7673787914330565,0.36028137401965956,84.6417199192338,0.3542647819438875,4136319.49860658,0.21730861392754217 
 03/04  11:20:00,8.183333333333334,71.0,4.390000000000001,152.5,324.0,0.0,0.0,0.0,0.0,0.0,0.0,0.0,0.0,0.0,0.0,1080.0,0.0,997.374070624104,63.4697212009723,162.6398353815323,29.906065012348458,795.9967614945724,0.0,63.469721200972269,86.76792082302797,0.0,0.0,20.616042139207019,-1618.551485065254,20.546202099604643,221.14597776406573,20.71474088753211,-477.49599724321936,19.752062476136797,213.33926647579768,14.081808288381606,55.95682034832508,18.32945783044187,-119.11250207316852,16.65719396925627,224.86942822631409,16.057068649575116,-53.10205829430956,15.655397707026286,-61.770014599748268,1003.1663780887743,980.5967797362273,0.0,0.0,0.0,0.0,0.0,0.0,0.0,0.0,0.0,0.0,0.0,0.0,0.0,0.0,0.0,0.0,0.0,0.0,0.0,0.0,0.0,0.0,1.1912732821574855,0.36363653301510548,418.71255958656487,488.2214728546516,11014.269329507562,0.25203627017116117,0.03846707420194768,213.7023800854862,249.73650600482649,5350.113517099209,1.194560281252409,0.22572945601897388,250.96400163101797,292.7766853385373,6546.069830648083,0.2868592177881683,0.05420620139610132,237.12244271841795,277.3717848899089,5765.678304095285,0.0,0.0,11.628423273372932,13.902379508286938,142.83546377722693,0.0,0.0,60.79782320813329,71.71743323574941,1204.1645774194226,0.0,0.0,325.03981108851056,384.5177585408213,5926.041808544475,0.0,0.0,23.65765951366121,28.084871115242817,385.02309247566577,0.0,0.0,201.67368266691717,240.11549665248072,2949.7213873005659,35.54609545380769,24.380038034161659,470.9370120229976,552.61868163751,11494.919887197151,0.0,0.0,221.80249560144427,264.3561161715644,3119.8854381701105,1831.5081858722415,21.539546285218529,29.887577611818008,22.0,30.0,0.0,20.881093923639346,31.115259155896994,16.0,30.0,912.2370923356963,21.45009744843506,30.06408614751828,21.25,30.0,0.0,20.488345985887088,31.880267450154429,16.0,30.0,0.0,14.262685484213506,47.16923438457538,12.0,30.0,0.0,18.131287872586108,36.90854564443855,16.0,30.0,0.0,17.3132517657449,38.86489185571472,10.0,30.0,341.0058293577109,16.2963237329683,41.46455225975285,16.0,30.0,0.0,15.456816092985108,43.74053245279474,12.0,30.0,0.0,19.655514999401036,0.0,0.0,0.0,15.155769770773509,0.0,0.0,574.8371452269396,579.2565074641166,574.2711533465791,578.1608396146384,625.2040332860389,611.0158377957932,601.971018229927,622.2208062998909,609.5662977264303,10334.637574822325,81.17122342414817,84.92597911326945,60.0,0.0,60.0,60.0,16.0,16.0,16.0,12.0,16.0,12.0,21.0,10.0,1.0,0.0,1831.5081858722415,0.0,912.2370923356963,0.0,0.0,0.0,341.0058293577109,0.0,5681.806222692208,3409083.7336153255,4415447.78717394,81.17122342414817,84.98974732980418,0.35939354075640697,0.7691329788492718,0.36028137401965956,84.98974732980418,0.3542647819438875,4415447.78717394,0.23183661826637823 
 03/04  11:30:00,8.355,70.0,4.345000000000001,152.0,331.0,0.0,0.0,0.0,0.0,0.0,0.0,0.0,0.0,0.0,0.0,2160.0,0.0,1108.6712956079387,64.7614519642039,165.94985796696529,33.24325885584368,884.8218983711973,0.0,64.76145196420387,88.53381470861561,0.0,0.0,20.634415566832819,-1332.2546639474668,20.639839452784586,183.67530168380336,20.738189580615214,-1141.2564278829996,19.71604997007273,466.1455984219833,14.122044610865988,54.14653134730171,18.39053768888303,-124.54082963147335,16.67773744117278,223.51035037700877,16.29801281782251,-26.864754075069479,15.690394940228855,-72.97465985563645,992.960478952727,891.9296741933632,0.0,0.0,0.0,0.0,0.0,0.0,0.0,0.0,0.0,0.0,0.0,0.0,0.0,0.0,0.0,0.0,0.0,0.0,0.0,0.0,0.0,0.0,1.1391020388036489,0.3477112450560589,375.6663293104697,438.2870553822321,9746.45387844027,0.25123669490345065,0.03834503890467806,224.75550639305608,262.77812755974846,5556.048133107044,1.0881028412148016,0.20561278178662174,359.02380246535588,418.7313644612681,9325.34969208072,0.29883042576025095,0.05646833442181611,321.6305531511531,376.5827833412354,7673.666995499272,0.0,0.0,11.487552800364135,13.738940867815014,138.07366493648463,0.0,0.0,61.900776784710249,73.05273522327046,1207.6863265683392,0.0,0.0,313.451289386,370.9776090523657,5618.442368100199,0.0,0.0,12.557366708461924,14.889327291035324,213.75722211611285,0.0,0.0,203.36828225244094,242.20436332513607,2927.781026128774,35.23670834860108,24.167838373526128,538.5693975275477,632.2508254062952,12839.290891274446,0.0,0.0,208.77983943838056,248.91306275726849,2886.8238259783995,1837.8228221195373,21.531577989317208,29.904618294017764,22.0,30.0,0.0,20.899471355478288,31.085050031494015,16.0,30.0,1492.842382941923,21.455262573646743,30.053503915138788,21.375,30.0,0.0,20.438601376119665,31.981741952113564,16.0,30.0,0.0,14.304351467436585,47.07676045433003,12.0,30.0,0.0,18.155154009596946,36.85801866619828,16.0,30.0,0.0,17.331507623158069,38.82527006272741,10.0,30.0,177.7849983660803,16.858844321741974,40.0019517090259,16.375,30.0,0.0,15.515288680995433,43.5831805513234,12.0,30.0,0.0,19.670910416283044,0.0,0.0,0.0,15.210667031425757,0.0,0.0,566.8115081526166,571.3083113787566,566.5433489334967,570.0805354333761,614.3166341466906,600.0607370150611,591.7857152016806,611.7061756596917,599.3781566875326,9411.379283180548,81.78193396718724,82.67083860226725,60.0,0.0,60.0,60.0,16.0,16.0,16.0,12.0,16.0,12.0,21.0,10.0,1.0,0.0,1837.8228221195373,0.0,1492.842382941923,0.0,0.0,0.0,177.7849983660803,0.0,1345.221853357777,807133.1120146662,1045292.7094758045,81.78193396718724,82.68593515393178,0.3423407284452592,0.7701555005194961,0.36028137401965956,82.68593515393178,0.3542647819438875,1045292.7094758045,0.0566018875594085 
 03/04  11:40:00,8.526666666666666,69.0,4.300000000000001,150.83333333333335,339.0,0.0,0.0,0.0,0.0,0.0,0.0,0.0,0.0,0.0,0.0,540.0,0.0,1162.220018217977,64.7300306206891,165.86937436439136,34.848893769372228,927.5585906806157,0.0,64.73003062068908,88.49085934982945,0.0,0.0,20.655366637410955,-1591.8844129749514,20.762442047894205,201.23097991385749,20.311212470638176,-374.19988095695137,19.76083143904504,279.8430511524102,14.168252715628768,54.03006616019255,18.464282252919668,-129.66313457341495,16.72712608927725,234.05776805772258,15.969071559157996,-22.725181515078675,15.719121631218318,-65.50062879280995,971.9284062064489,852.4802920634811,0.0,0.0,0.0,0.0,0.0,0.0,0.0,0.0,0.0,0.0,0.0,0.0,0.0,0.0,0.0,0.0,0.0,0.0,0.0,0.0,0.0,0.0,1.1157613646702767,0.3405864971520991,420.0365408838238,489.2355357745621,10717.465831601157,0.24456391597607439,0.037326605002453359,231.94789549180215,270.72212070931678,5696.485882491837,1.136230170048782,0.2147071371974268,277.2341665764137,323.68980820942627,6836.049339824558,0.29045618429420108,0.0548859002823509,283.73877280390937,331.838699529996,6699.735443546648,0.0,0.0,11.54050173350713,13.779679833271043,136.02433471448513,0.0,0.0,62.27521921452069,73.37519287162081,1200.792099587845,0.0,0.0,315.68218494185745,372.9866305092237,5592.197535256301,0.0,0.0,15.357673065576833,18.20479918611086,238.81288102509314,0.0,0.0,200.8561016776298,238.8344979501193,2842.980338448333,34.94999301409847,23.971188624210208,507.904117374409,595.4866928181907,12001.308271213406,0.0,0.0,210.61988974558768,250.6245949878257,2894.3657651942596,1859.8830442433892,21.51799615167772,29.929822153726577,22.0,30.0,0.0,20.991798725692207,30.91049458728645,16.0,30.0,273.17139586818629,21.00200029973816,30.89139553752978,21.0,30.0,0.0,20.47151492206133,31.918557513997884,16.0,30.0,0.0,14.359952175154407,46.93324750523239,12.0,30.0,0.0,18.211399386547478,36.73191772412917,16.0,30.0,0.0,17.397096637080453,38.6672416326701,10.0,30.0,0.0,16.312911948813885,41.41844933121844,16.0,30.0,0.0,15.565853115242783,43.446036812870108,12.0,30.0,0.0,19.71640352694753,0.0,0.0,0.0,15.341024384226174,0.0,0.0,564.4376321209932,567.4971492402796,564.9135838383214,566.6743270597344,603.0943473361467,592.2487597349957,587.9821575093954,602.7421711161799,593.7335788910045,10073.644632542915,81.34401767472048,81.34401767472048,60.0,0.0,60.0,60.0,16.0,16.0,16.0,12.0,16.0,12.0,21.0,10.0,1.0,0.0,1859.8830442433892,0.0,273.17139586818629,0.0,0.0,0.0,0.0,0.0,0.0,0.0,0.0,81.34401767472048,81.34401767472048,0.34,0.7687118479692705,0.36028137401965956,81.34401767472048,0.3542647819438875,0.0,0.00226 
 03/04  11:50:00,8.698333333333333,68.0,4.255,149.66666666666667,347.0,0.0,0.0,0.0,0.0,0.0,0.0,0.0,0.0,0.0,0.0,1080.0,0.0,1215.275445518259,64.68589030963119,165.75629684679178,36.439737149589088,969.9015858470534,0.0,64.68589030963116,88.43051619812646,0.0,0.0,20.54144062538898,-1080.7052111866556,20.886352614278939,180.66898886059949,20.828477975658886,-1310.1916753161764,19.834704606315463,555.7772252629238,14.20964138278093,54.87586079449572,18.544086020635896,-128.51899305181429,16.761595376372193,232.96426013353449,15.96454993325081,-36.640635985991568,15.761626734099114,-17.045520946223406,977.6542038568223,829.8149931953522,0.0,0.0,0.0,0.0,0.0,0.0,0.0,0.0,0.0,0.0,0.0,0.0,0.0,0.0,0.0,0.0,0.0,0.0,0.0,0.0,0.0,0.0,1.1501615946505124,0.35108717785424678,388.13677847216419,452.69080795304009,9758.717535667036,0.2513644255597265,0.038364533815587079,218.91344588033398,255.60883704638565,5340.02902933306,1.025660572036938,0.19381341119367699,381.77881802399977,445.0076244806422,9798.30789206788,0.29754236735131525,0.056224937141216017,329.41585517908848,385.33111178014988,7767.346623377827,0.0,0.0,11.449214249614914,13.68204285532941,131.98237352022694,0.0,0.0,62.28575875386235,73.44618317292356,1186.7772965235695,0.0,0.0,319.53431138747205,377.87299296931436,5573.947932453464,0.0,0.0,23.932362279459974,28.4145834968735,361.7702106858286,0.0,0.0,194.3833415813165,231.3093281420055,2712.731166635149,34.8181764972389,23.880779490561669,548.3438589612213,643.1165009146574,12827.27358291124,0.0,0.0,215.05834893146688,256.0297225972356,2947.938791199391,1371.9076603445317,21.511179696786635,29.94584450494249,21.75,30.0,0.0,21.07253112890893,30.7546730936515,16.0,30.0,1848.8898281061229,21.662629138989489,29.67265540114398,21.5,30.0,0.0,20.626096936817178,31.61220123595075,16.0,30.0,0.0,14.404312953276007,46.810155756910678,12.0,30.0,0.0,18.27116555545443,36.59651948918038,16.0,30.0,0.0,17.43508726064251,38.57569627855695,10.0,30.0,343.3042371215537,16.21796665212314,41.68077742954462,16.25,30.0,0.0,15.641038358316703,43.24040410966728,12.0,30.0,0.0,19.817006518431044,0.0,0.0,0.0,15.500134357795226,0.0,0.0,561.5959030369373,564.7568565130612,559.8714724298442,562.2508226446871,596.7769351185393,587.5576233508998,582.2215059321256,594.4641442941928,587.8283011237392,10003.653735544016,81.39019648607172,85.06576281259668,60.0,0.0,60.0,60.0,16.0,16.0,16.0,12.0,16.0,12.0,21.0,10.0,1.0,0.0,1371.9076603445317,0.0,1848.8898281061229,0.0,0.0,0.0,343.3042371215537,0.0,5562.21592965906,3337329.557795435,4367348.179559324,81.39019648607172,85.12818613086387,0.355407197655302,0.7656096718543287,0.36028137401965956,85.12818613086387,0.3542647819438875,4367348.179559324,0.2293587720037515 
 03/04  12:00:00,8.87,67.0,4.21,148.5,355.0,0.0,0.0,0.0,0.0,0.0,0.0,0.0,0.0,0.0,0.0,1080.0,0.0,1267.6941172938383,64.62797951088366,165.60793073971596,38.0114873862671,1011.7363895242972,0.0,64.62797951088362,88.35134774574562,0.0,0.0,20.587450809317656,-1159.9940902612785,20.988502375694084,10.775092285013898,20.76352103624773,-938.5253951137925,19.823332510150637,339.0885547797975,14.255045658860429,53.20489690632037,18.63621152859689,-136.10126716392086,16.806115810873736,218.2726802358943,16.273664343091366,-22.009316910780414,15.815587505180531,-6.2541973333813989,920.6713694455139,758.176505046328,0.0,0.0,0.0,0.0,0.0,0.0,0.0,0.0,0.0,0.0,0.0,0.0,0.0,0.0,0.0,0.0,0.0,0.0,0.0,0.0,0.0,0.0,1.0594970746653994,0.3234118054534186,416.99057012143569,486.8979409897616,10229.572182412732,0.21997027425734112,0.03357299668152337,226.0046418174465,264.02582325598106,5453.159933845996,1.0674806982297536,0.20171592937070183,349.95901468007846,407.7494602058254,8786.514632182427,0.284547816228489,0.05376942861460487,296.44191713104478,346.7621682603891,6825.8190712902019,0.0,0.0,11.19473114095997,13.376798754043,126.29605155950984,0.0,0.0,63.427356375922197,74.78096666193709,1195.9010922149808,0.0,0.0,306.70131286575568,362.63828021040686,5281.144588108122,0.0,0.0,11.99596259116067,14.212926104038516,192.09406792311973,0.0,0.0,196.19983458380575,233.3987786102768,2703.8939633305947,34.33136542617326,23.546889867059855,519.7967028871383,609.8960364900263,11886.941951566485,0.0,0.0,201.50344867251074,239.81780754211099,2727.539984041887,1826.8731184834767,21.458011374987735,30.02765844314286,22.0,30.0,0.0,21.106328075166564,30.677474976372595,16.0,30.0,1841.3396773252708,21.524272935026425,29.91262681676224,21.5,30.0,0.0,20.518362069730423,31.809446858787646,16.0,30.0,0.0,14.45498897923812,46.66413143042742,12.0,30.0,0.0,18.345841056341816,36.424868686005918,16.0,30.0,0.0,17.495516163480013,38.423739296729468,10.0,30.0,233.13289019953533,16.879395076622119,39.958783515257767,16.5,30.0,0.0,15.727219676191638,43.00176468672247,12.0,30.0,0.0,19.72147984644134,0.0,0.0,0.0,15.584125188674975,0.0,0.0,553.001714028279,557.5320540635527,555.0332239531374,557.0293615873942,588.8570263204586,578.9900904487566,572.7280795445463,587.156335782345,578.2677588247663,9428.546774500643,81.77058459548349,83.48592037469624,60.0,0.0,60.0,60.0,16.0,16.0,16.0,12.0,16.0,12.0,21.0,10.0,1.0,0.0,1826.8731184834767,0.0,1841.3396773252708,0.0,0.0,0.0,233.13289019953533,0.0,2595.993831453408,1557596.2988720448,2017809.5722294357,81.77058459548349,83.51505247075127,0.3415331277151136,0.7693310931689186,0.36028137401965956,83.51505247075127,0.3542647819438875,2017809.5722294357,0.10717943108926399 
 03/04  12:10:00,8.931666666666667,66.16666666666667,4.25,147.33333333333332,363.0,0.0,0.0,0.0,0.0,0.0,0.0,0.0,0.0,0.0,0.0,1082.0,0.0,1319.3238392112292,64.55497306778955,165.4208801946114,39.559580981827689,1052.9415367694756,0.0,64.55497306778952,88.25154240307045,0.0,0.0,20.63654430101569,-621.9061980934266,21.019960639670896,-6.243732380712572,20.89716282789609,-1528.1088822480602,19.86157573381341,371.9290516630747,14.300606423997138,53.59089919672613,18.73774290373882,-141.41287107716847,16.80675303739796,232.64145565971195,15.977011588941723,-27.649230870865894,15.871450948892836,20.921211313716186,846.3510324160529,738.8960057429172,0.0,0.0,0.0,0.0,0.0,0.0,0.0,0.0,0.0,0.0,0.0,0.0,0.0,0.0,0.0,0.0,0.0,0.0,0.0,0.0,0.0,0.0,1.0817927575324289,0.33021756945434346,252.55541972502858,294.6076659610422,6229.485322629347,0.22074912900233474,0.03369186950585085,131.74708429015664,153.6865079757656,3147.984493946584,1.0295397989131146,0.19454644726249335,360.22556578117595,419.8340370831388,8986.519306158629,0.27168421794782729,0.051338665523021017,246.8009038653105,288.4322264650951,5691.500878580782,0.0,0.0,11.112630014730519,13.276017136509516,125.10105435151789,0.0,0.0,64.21225790597245,75.6727705110755,1214.4032246722123,0.0,0.0,310.3260261279576,366.9849016806432,5286.593343744369,0.0,0.0,21.767849270737768,25.841079223012529,324.82433546089137,0.0,0.0,187.7292158297705,223.28071369686018,2596.831816239176,34.465252095236568,23.638718858186956,405.16081589832916,475.2121779434118,9300.382306656873,0.0,0.0,206.1340739622799,245.24717693526802,2821.566582375849,935.3333570462951,21.425904279479505,30.063207363995049,21.5,30.0,0.0,21.039370174230663,30.786461024086337,16.0,30.0,2010.5387633710739,21.684412231497939,29.570475705267826,21.5,30.0,0.0,20.565658994267289,31.686014851652446,16.0,30.0,0.0,14.505115026986383,46.51303096172596,12.0,30.0,0.0,18.43731676064613,36.20996797718455,16.0,30.0,0.0,17.463685804068218,38.49116516750889,10.0,30.0,0.0,16.36846872099071,41.27361996832487,16.0,30.0,0.0,15.817411860662715,42.74487423752855,12.0,30.0,0.0,19.476029334657757,0.0,0.0,0.0,15.726176587769647,0.0,0.0,549.4807638690832,551.7018999033244,540.9629312561852,548.7482627674701,580.7566426944975,570.7721637608904,565.7812961923153,577.222235306468,569.2544234423723,6773.085144035171,82.17104379977012,82.17104379977013,60.0,0.0,60.0,60.0,16.0,16.0,16.0,12.0,16.0,12.0,21.0,10.0,1.0,0.0,935.3333570462951,0.0,2010.5387633710739,0.0,0.0,0.0,0.0,0.0,0.0,0.0,0.0,82.17104379977012,82.17104379977012,0.255,0.5399491152942477,0.27021103051474468,82.17104379977012,0.2656985864579156,0.0,0.00225 
 03/04  12:20:00,8.993333333333333,65.33333333333334,4.290000000000001,146.16666666666669,371.0,0.0,0.0,0.0,0.0,0.0,0.0,0.0,0.0,0.0,0.0,1084.0,0.0,1370.0086417149333,64.46530124959789,165.1911226602793,41.07934124133774,1093.3925496844129,0.0,64.46530124959786,88.1289542291556,0.0,0.0,20.739462414463597,-1426.7700207606986,21.180439915606926,129.6964763792289,20.477427060192594,-211.63677230001395,19.874977904015389,208.6380764161231,14.349973455982289,57.141562491909429,18.842725452683128,-133.6646300243965,16.906072428221394,256.5266622924896,15.95637891938976,-19.734101501487517,15.929421217864622,44.960472668409469,922.4162051707908,750.1355507348264,0.0,0.0,0.0,0.0,0.0,0.0,0.0,0.0,0.0,0.0,0.0,0.0,0.0,0.0,0.0,0.0,0.0,0.0,0.0,0.0,0.0,0.0,1.0754125684034162,0.32827001477515757,418.13106514539887,487.5797531076146,10404.602832403823,0.21884863363543009,0.03340180611041363,177.03167297183794,206.76767267372237,4261.324995041405,1.1730228842415389,0.2216596531068668,297.82119150455869,347.77718388757719,7192.723201087789,0.28484434958075446,0.05382546288374043,220.24464311822715,257.5391650165345,5033.1580793918,0.0,0.0,11.36577050657884,13.576897121669252,127.79617423637547,0.0,0.0,63.43514808740276,74.74381366011204,1203.2204565453808,0.0,0.0,320.1195648305977,378.35886898733505,5516.923812357462,0.0,0.0,28.072574739168759,33.338790939110229,407.78294430849948,0.0,0.0,188.0989121968323,223.6456506485444,2611.7063578079626,34.68715476452955,23.790915476357726,452.8302795535686,531.2731386482303,10453.556997209902,0.0,0.0,214.19216752589754,254.67249700749833,2978.222641409677,1779.7784163943814,21.67432324940115,29.54952365326989,22.0,30.0,0.0,21.221159121101729,30.397877867837253,16.0,30.0,39.938313599186589,21.244278334501268,30.338936016650569,21.0,30.0,0.0,20.5497053221493,31.674061251300956,16.0,30.0,0.0,14.561296872328473,46.3341664359607,12.0,30.0,0.0,18.530749849062088,35.979432643554677,16.0,30.0,0.0,17.629988830792006,38.057706370101858,10.0,30.0,338.67052298892158,16.228442969446289,41.6372130062728,16.25,30.0,0.0,15.906335206493374,42.48243824103537,12.0,30.0,0.0,19.830008145117359,0.0,0.0,0.0,15.90249566131045,0.0,0.0,538.8705946401908,542.1625757648512,536.5349293179666,539.9770935907285,572.4299429325888,561.9970757335436,556.671588751967,567.3898478860319,561.7658323158117,8982.308757765557,82.06557491463157,83.76433804832061,60.0,0.0,60.0,60.0,16.0,16.0,16.0,12.0,16.0,12.0,21.0,10.0,1.0,0.0,1779.7784163943814,0.0,39.938313599186589,0.0,0.0,0.0,338.67052298892158,0.0,2570.937510729601,1542562.5064377606,2002505.198740527,82.06557491463157,83.79318868583724,0.34069791702432009,0.7681095463234829,0.36028137401965956,83.79318868583724,0.3542647819438875,2002505.198740527,0.10638360366784074 
 03/04  12:30:00,9.055,64.5,4.33,145.0,379.0,0.0,0.0,0.0,0.0,0.0,0.0,0.0,0.0,0.0,0.0,1084.0,0.0,1419.5937148997905,64.35717498870855,164.91407355253487,42.5661262421526,1132.9658758835345,0.0,64.35717498870851,87.981137432954,0.0,0.0,20.702426153143393,-556.1979870896021,21.29406205438324,-9.97560405351419,20.924032303914488,-1867.0621052685979,19.9943495702153,637.2893889710208,14.400268023282433,55.52048195260866,18.957335737916318,-145.9610113556696,16.935603388311067,231.34860934442623,16.262861557530866,-26.24202110583596,15.985729097966221,44.0765189915237,967.6399981824661,684.6100082211481,0.0,0.0,0.0,0.0,0.0,0.0,0.0,0.0,0.0,0.0,0.0,0.0,0.0,0.0,0.0,0.0,0.0,0.0,0.0,0.0,0.0,0.0,1.1074020890688643,0.3380348257230965,332.6702902408031,388.0577793155274,8179.0276385435349,0.2301512205351928,0.035126865161048969,141.06785931304754,164.68428086275848,3400.431462119993,0.9382920257764147,0.17730385974611016,491.1292833769388,572.1860472856295,12371.928430049491,0.29262441734881025,0.05529561930249625,361.4058655688517,422.6185261571218,8370.22819975408,0.0,0.0,11.175211319027043,13.346903500315224,125.49363621577915,0.0,0.0,65.05722921557977,76.63145537236734,1238.9267884953973,0.0,0.0,305.86281003434638,361.48689841067826,5246.266469775101,0.0,0.0,14.966363289780333,17.73260040449052,233.84205494702577,0.0,0.0,190.98517512115485,227.01745241045348,2658.3565176508698,34.886593358974028,23.927704635784659,571.9158168045207,670.6391628780009,13090.14275082059,0.0,0.0,201.9682598102474,240.065773723848,2818.0674884176435,743.0597511377878,21.5004452594746,29.823635637998927,21.5,30.0,0.0,21.276344841240176,30.244217183550086,16.0,30.0,2828.2840048787727,21.894915858546175,29.08369330464395,22.0,30.0,0.0,20.80684670973112,31.112099603219268,16.0,30.0,0.0,14.616627684782227,46.1438694212872,12.0,30.0,0.0,18.633962447698097,35.71353890807446,16.0,30.0,0.0,17.650740485918907,37.96311909758161,10.0,30.0,230.67328098980875,16.875096829292727,39.931400578831119,16.5,30.0,0.0,15.986711573165579,42.22344468249409,12.0,30.0,0.0,19.992886840793728,0.0,0.0,0.0,15.99004162553361,0.0,0.0,532.9135422062553,535.1427738395312,529.2518862283397,532.3455647147844,563.952164819573,553.1409459790343,547.9714955307538,560.25367800664,552.8390458873794,9651.80803329097,81.62288078201593,85.17789566339926,60.0,0.0,60.0,60.0,16.0,16.0,16.0,12.0,16.0,12.0,21.0,10.0,1.0,0.0,743.0597511377878,0.0,2828.2840048787727,0.0,0.0,0.0,230.67328098980875,0.0,5379.974808351858,3227984.885011115,4210376.245371923,81.62288078201593,85.23827161792463,0.3493324936117286,0.7665460452825983,0.36028137401965956,85.23827161792463,0.3542647819438875,4210376.245371923,0.22119623142600665 
 03/04  12:40:00,9.116666666666668,63.666666666666667,4.37,141.0,378.0,0.0,0.0,0.0,0.0,0.0,0.0,0.0,0.0,0.0,0.0,1084.0,0.0,1436.8725378100972,63.02092413713433,161.48996773628697,43.08421706302964,1146.7558519673544,0.0,63.0209241371343,86.15438121132248,0.0,0.0,20.68841467023185,-751.7687997257422,21.308378680285228,-131.898893466451,20.898403553568327,-1321.7305361270492,20.007005695699005,289.24314392221455,14.447020488938336,54.47338628799913,19.051344126185293,-172.6023005078938,16.94079760935728,248.37575723578994,15.9767988205208,-16.102172630440295,16.029155359781855,39.491152389879747,831.4075636120014,626.6986345900029,0.0,0.0,0.0,0.0,0.0,0.0,0.0,0.0,0.0,0.0,0.0,0.0,0.0,0.0,0.0,0.0,0.0,0.0,0.0,0.0,0.0,0.0,1.0915168323645122,0.3331858462651136,321.83133329423256,375.04414932791129,7954.54316960805,0.21729439941957755,0.0331645908760039,161.58340292677549,188.58835323537489,3843.4346682158095,1.0241919556696438,0.19353589487332654,323.7896334593677,377.2128641268855,7967.2816504568459,0.25621402273912466,0.04841534821223065,220.1750218575296,257.2140805068626,5053.747697849782,0.0,0.0,11.260032961700392,13.44579988874427,126.1733708463978,0.0,0.0,68.84210487280741,81.07081495116012,1313.145476241023,0.0,0.0,306.2281095719047,361.9316574302886,5210.00807870851,0.0,0.0,23.276319979863226,27.630201546613447,338.7502903278953,0.0,0.0,177.09170983556965,210.45770305757544,2463.3589278042516,34.759227567754397,23.840348126031829,420.309228144563,492.643043639704,9639.991837428455,0.0,0.0,197.80726883049457,235.0806674707644,2754.9847812018299,1387.852947099804,21.601797220325574,29.58008791917747,21.75,30.0,0.0,21.176944729681055,30.331086314087604,16.0,30.0,1776.4937229365028,21.69547360768137,29.313199970923564,21.5,30.0,0.0,20.7257681669586,31.176284884619844,16.0,30.0,0.0,14.666830649317929,45.95836714222054,12.0,30.0,0.0,18.713682519618247,35.497053528398058,16.0,30.0,0.0,17.64140953637136,37.94100951225069,10.0,30.0,0.0,16.37681981631099,41.17498519538913,16.0,30.0,0.0,16.04472183558063,42.02128344164234,12.0,30.0,0.0,19.546628443155709,0.0,0.0,0.0,16.039508523906535,0.0,0.0,527.3221822886266,525.0112644866298,516.2640556276837,523.8707997782161,556.0594191728987,546.0541464386155,541.9877058147988,551.9146672511854,545.8492808963528,8644.372692726489,82.28911314776201,82.28911314776201,60.0,0.0,60.0,60.0,16.0,16.0,16.0,12.0,16.0,12.0,21.0,10.0,1.0,0.0,1387.852947099804,0.0,1776.4937229365028,0.0,0.0,0.0,0.0,0.0,0.0,0.0,0.0,82.28911314776201,82.28911314776201,0.34,0.770932357072878,0.36028137401965956,82.28911314776201,0.3542647819438875,0.0,0.00226 
 03/04  12:50:00,9.178333333333333,62.833333333333339,4.41,137.0,377.0,0.0,0.0,0.0,0.0,0.0,0.0,0.0,0.0,0.0,0.0,1086.0,0.0,1451.4245690864617,61.65837166421206,157.99846242939234,43.520546023657157,1158.3696010062493,0.0,61.658371664212037,84.29166867925719,0.0,0.0,20.675054230405864,-585.0908021952878,21.37526036225246,-119.3793077179198,20.944632170881179,-1238.0962647462228,19.98605680551043,328.0904475134537,14.494539893308364,56.08261286723585,19.14635260697348,-168.04279098825465,16.9901562570481,239.16289143324503,15.978610352907316,-3.5211883204225389,16.08127820857213,76.0696445091794,862.9469079493742,632.1142964708984,0.0,0.0,0.0,0.0,0.0,0.0,0.0,0.0,0.0,0.0,0.0,0.0,0.0,0.0,0.0,0.0,0.0,0.0,0.0,0.0,0.0,0.0,1.064223745789348,0.3248546232568218,297.8518717528417,347.6161910951988,7187.512749976469,0.20765010701034876,0.031692629275083757,141.5845144137936,165.1401919629465,3354.516270900773,1.0576386603697464,0.19985613385671703,353.8261567876035,412.5068579823849,8658.172391264285,0.2686016246586729,0.05075616490148769,236.97376715560626,276.93388047917406,5391.146667546307,0.0,0.0,11.217971809344656,13.393536578236493,125.46201360775422,0.0,0.0,68.01501659165223,80.06515656024733,1301.23493295894,0.0,0.0,311.70681914763119,368.3833468771609,5294.354779876276,0.0,0.0,29.260646677162968,34.75212884122545,416.05141453345098,0.0,0.0,177.29496201197873,210.6763609667242,2471.2969583251726,34.913206096081008,23.945957541893706,435.117936476713,510.2452292795906,9886.814523495048,0.0,0.0,203.95081328941556,242.2925513326354,2876.564228996048,937.0810726865576,21.449040741509813,29.74385646696231,21.5,30.0,0.0,21.207745108995689,30.194517013509029,16.0,30.0,1708.8085632106168,21.69173970783712,29.223563370276627,21.5,30.0,0.0,20.66958436655279,31.176863641146868,16.0,30.0,0.0,14.718686331489476,45.75067508138352,12.0,30.0,0.0,18.805695514449025,35.23227455039472,16.0,30.0,0.0,17.690271162372917,37.73980888707641,10.0,30.0,342.9697449712409,16.26303430604716,41.41517913205024,16.0,30.0,0.0,16.12359876966778,41.73690276664316,12.0,30.0,0.0,19.73289417905659,0.0,0.0,0.0,16.191801385078997,0.0,0.0,517.2287364434507,518.8136176600119,509.2206537002181,515.3169392308849,548.4202708255639,538.5954666802777,533.8380232242835,542.886446296711,538.3583841301978,6385.38713638326,82.50113571802726,82.50113571802726,60.0,0.0,60.0,60.0,16.0,16.0,16.0,12.0,16.0,12.0,21.0,10.0,1.0,0.0,937.0810726865576,0.0,1708.8085632106168,0.0,0.0,0.0,342.9697449712409,0.0,0.0,0.0,0.0,82.50113571802726,82.50113571802726,0.255,0.5393177108351626,0.27021103051474468,82.50113571802726,0.2656985864579156,0.0,0.00226 
 03/04  13:00:00,9.24,62.0,4.45,133.0,376.0,0.0,0.0,0.0,0.0,0.0,0.0,0.0,0.0,0.0,0.0,1088.0,0.0,1463.2793381867073,60.269215591313,154.43878386978427,43.87599855530981,1167.8306901986246,0.0,60.26921559131297,82.39258700907824,0.0,0.0,20.84221013751202,-1489.2611107522008,21.52546830666863,73.29184114663372,20.65115932423081,-152.6838553792195,19.982739253858008,216.4719570662785,14.543553385716184,58.86815862596107,19.241495288175174,-155.58897888576417,17.09884890032805,284.23899244798397,16.270852463173957,-23.365646576896525,16.135333516419814,84.31854594362221,887.6620159120998,649.2127534294875,0.0,0.0,0.0,0.0,0.0,0.0,0.0,0.0,0.0,0.0,0.0,0.0,0.0,0.0,0.0,0.0,0.0,0.0,0.0,0.0,0.0,0.0,1.047431985483351,0.31972893329772619,394.50160608158088,459.84500300608797,9737.553091629296,0.20461690095250785,0.031229685737562249,148.3543331127183,173.17694991988837,3551.3274752651138,1.1769443032016072,0.2224006619806515,272.587415016548,318.24773285471709,6504.573163636319,0.28505417995896867,0.05386511337093132,230.3528430024322,269.3634534422088,5188.303306056124,0.0,0.0,11.40129088974406,13.610932391873148,127.30863124282608,0.0,0.0,66.60672004299897,78.39199939406069,1278.0363899068285,0.0,0.0,313.2243981668962,369.95474930897998,5391.4595503314,0.0,0.0,19.71331107343857,23.36135286110561,301.19625155855729,0.0,0.0,189.86340426659857,225.54972273273874,2650.996104915411,35.12952996401871,24.094327821686368,423.9948966603473,497.4468990584012,9660.042801551663,0.0,0.0,205.88236336566383,244.47110583045029,2930.7978056774397,1810.693431942347,21.795876225027805,28.976043546860518,22.0,30.0,0.0,21.405818892400079,29.72224878608805,16.0,30.0,0.0,21.320365752462789,29.82213200948953,21.0,30.0,0.0,20.636303753106284,31.13611807984662,16.0,30.0,0.0,14.772624324383529,45.50954254328768,12.0,30.0,0.0,18.899279624623433,34.936709453776668,16.0,30.0,0.0,17.872474659656807,37.19425700411223,10.0,30.0,210.26501067706446,16.880510153215736,39.74087808362477,16.5,30.0,0.0,16.19821177301918,41.43336507815832,12.0,30.0,0.0,19.87152776950468,0.0,0.0,0.0,16.32385409746871,0.0,0.0,507.8801959158053,511.17334481735977,506.2265687433317,508.7784641689465,540.3518703651009,530.1541245026751,524.9737797184998,535.8102824730908,530.0015268733082,9053.335743285119,82.01868371347274,82.01868371347274,60.0,0.0,60.0,60.0,16.0,16.0,16.0,12.0,16.0,12.0,21.0,10.0,1.0,0.0,1810.693431942347,0.0,0.0,0.0,0.0,0.0,210.26501067706446,0.0,0.0,0.0,0.0,82.01868371347274,82.01868371347274,0.34,0.7712845073677539,0.36028137401965956,82.01868371347274,0.3542647819438875,0.0,0.00226 
 03/04  13:10:00,9.215,61.833333333333339,4.455,129.0,375.0,0.0,0.0,0.0,0.0,0.0,0.0,0.0,0.0,0.0,0.0,544.0,0.0,1472.4746723858487,58.852991541157397,150.80974216364064,44.15170889576962,1175.169309147761,0.0,58.852991541157368,80.45650136183757,0.0,0.0,20.89491122828749,-1394.9493291675845,21.63414064664247,-135.13455519398463,20.67352519944144,-153.19117337770059,19.884821995599137,205.92315135830178,14.59501027893596,57.79748514430676,19.343070813333108,-170.93536037317655,17.133337922983306,246.17185192186845,15.978156060065885,0.22930530661955118,16.187315756944466,79.97507271574159,804.766271521863,614.2456949708208,0.0,0.0,0.0,0.0,0.0,0.0,0.0,0.0,0.0,0.0,0.0,0.0,0.0,0.0,0.0,0.0,0.0,0.0,0.0,0.0,0.0,0.0,1.0074477016591122,0.30752371845516249,358.4234397313463,417.38400110844818,8876.34175707944,0.18326458084532278,0.027970784622302015,106.99509582565331,124.76976263897754,2587.217422675139,1.2104528253894272,0.22873258227313449,262.3980192425699,305.8933990147227,6340.329715293714,0.28856576961544636,0.054528679065655009,250.01599214531633,292.4924327521478,5557.409375945628,0.0,0.0,11.343052544591663,13.525940167439912,128.5272193726753,0.0,0.0,67.44107805880171,79.26990747972238,1311.132302919888,0.0,0.0,313.4289138861294,369.8138746230038,5423.854194707246,0.0,0.0,23.66256735241982,28.060872096038787,338.7788467553323,0.0,0.0,184.71376249151013,219.1729465650235,2614.034138015586,35.01742702625637,24.017439661355547,341.3220182679256,400.57978277476459,7709.9109487895279,0.0,0.0,205.67251991420486,243.9123291172382,2973.7670884537426,1817.4976136639389,21.805969651488689,28.914773858916705,22.0,30.0,0.0,21.482595017207925,29.528078115342049,16.0,30.0,996.4406793304708,21.46604032386137,29.555413074400158,21.5,30.0,0.0,20.46018792899138,31.448572207351238,16.0,30.0,0.0,14.829820739331265,45.253638790151317,12.0,30.0,0.0,19.004003731764735,34.6510533978542,16.0,30.0,0.0,17.892954113966675,37.10507032452183,10.0,30.0,0.0,16.363731081513884,40.989484991888968,16.0,30.0,0.0,16.268395623384664,41.19352120086824,12.0,30.0,0.0,19.528289099645997,0.0,0.0,0.0,16.411827981192056,0.0,0.0,505.04041321455648,507.88337376415896,505.90597051340316,507.56044113737507,533.0887920909086,525.3878525206666,522.2053634679944,529.654426681169,526.2869526598929,10110.582555335066,81.31951615022038,84.9536646375638,60.0,0.0,60.0,60.0,16.0,16.0,16.0,12.0,16.0,12.0,21.0,10.0,1.0,0.0,1817.4976136639389,0.0,996.4406793304708,0.0,0.0,0.0,0.0,0.0,5499.605086930006,3299763.0521580039,4278430.864661413,81.31951615022038,85.01538454342392,0.35332016956433356,0.7708330851122049,0.36028137401965956,85.01538454342392,0.3542647819438875,4278430.864661413,0.22473840496239348 
 03/04  13:20:00,9.190000000000002,61.66666666666667,4.460000000000001,125.0,374.0,0.0,0.0,0.0,0.0,0.0,0.0,0.0,0.0,0.0,0.0,817.0,0.0,1479.0541805758967,57.409110415432348,147.1098278320407,44.348984642370449,1180.420261710157,0.0,57.409110415432319,78.4826063954791,0.0,0.0,20.597978316498926,-439.3975747858341,21.579181889468719,-366.98037723983227,20.738771737485558,-817.6769790619937,19.886357105614246,342.4445030192648,14.639726071629733,55.7082667245194,19.42322261310686,-191.3585908862288,17.1069377548449,201.90222473519308,15.808922461571223,20.705106317820339,16.230939926182964,87.05379041199737,809.1523188989689,570.322781999125,0.0,0.0,0.0,0.0,0.0,0.0,0.0,0.0,0.0,0.0,0.0,0.0,0.0,0.0,0.0,0.0,0.0,0.0,0.0,0.0,0.0,0.0,1.061163387693758,0.3239204480139676,324.3392208359977,378.930388020851,7630.21950388561,0.17552040037345724,0.026788827895826804,173.71531120018327,202.7493096445787,4128.6017033911489,1.055716792014195,0.1994929690125085,328.1886712294348,383.0969781583657,7858.889661386629,0.2757354449996638,0.05210420351467566,287.0820312166345,336.0762340947411,6407.825467145814,0.0,0.0,11.105467898708853,13.249584238475363,127.32618628504808,0.0,0.0,70.04118496410958,82.3572237621846,1374.2446282297172,0.0,0.0,306.8379473686624,362.4033618922552,5272.629358798791,0.0,0.0,28.935883496616943,34.372601980107038,401.4560805262146,0.0,0.0,173.2191848373456,205.64150877498336,2478.6657235441259,34.92593736247599,23.954689549023315,446.40080067564608,524.0420429627632,9994.235693697852,0.0,0.0,199.55063021922417,236.80156187879829,2907.193340032879,774.894630516862,21.25479982131089,29.892760634042767,21.333333333333326,29.99999999999999,0.0,21.285045674574449,29.80926241724155,15.999999999999993,29.99999999999999,1223.033431788247,21.455514948098658,29.500225662678326,21.333333333333326,29.99999999999999,0.0,20.49329728322467,31.319901279296759,15.999999999999993,29.99999999999999,0.0,14.873014247781648,45.06623405938831,11.999999999999995,29.99999999999999,0.0,19.072600114958484,34.45807584550467,15.999999999999993,29.99999999999999,0.0,17.803504012535627,37.265171647389809,9.999999999999997,29.99999999999999,0.0,16.103000490363244,41.61056994147239,15.999999999999993,29.99999999999999,0.0,16.32453156899013,40.990731145139218,11.999999999999995,29.99999999999999,0.0,19.55687848830817,0.0,0.0,0.0,16.441380155253403,0.0,0.0,503.7171678467914,503.1338038021255,502.47603477017847,504.33027449413665,528.6171383645635,522.0938553413491,518.9920991433232,525.1481477243897,522.7800897112653,4945.435747122968,82.14794955404813,82.14794955404813,59.99999999999998,0.0,59.99999999999998,59.99999999999998,16.0,16.0,16.0,12.0,16.0,12.0,21.0,10.0,1.0,0.0,774.894630516862,0.0,1223.033431788247,0.0,0.0,0.0,0.0,0.0,0.0,0.0,0.0,82.14794955404813,82.14794955404813,0.2266666666666666,0.4634734426481417,0.24018758267977295,82.14794955404813,0.2361765212959249,0.0,0.0022633333333333339 
 03/04  13:30:00,9.165,61.5,4.465,121.0,373.0,0.0,0.0,0.0,0.0,0.0,0.0,0.0,0.0,0.0,0.0,2462.0,0.0,1483.0645331549127,55.936892570929447,143.33729938526467,44.46922519088367,1183.6207951049456,0.0,55.936892570929419,76.46997298620991,0.0,0.0,20.749845496990838,-567.3132587836389,21.55719838817518,-100.90179062565332,20.84187485028591,-1456.016770556617,19.93304258436959,521.8107028637248,14.682561409539265,56.38249367587097,19.484562751501174,-207.9105491753483,17.130186171719314,280.8126443436186,15.971567689450872,9.513653552098323,16.26187164526288,70.84916811942303,830.3221968571907,544.5493284568215,0.0,0.0,0.0,0.0,0.0,0.0,0.0,0.0,0.0,0.0,0.0,0.0,0.0,0.0,0.0,0.0,0.0,0.0,0.0,0.0,0.0,0.0,1.0717680984295182,0.32715753920314957,238.55267430848984,278.31630505917408,5825.601709054231,0.21715339504453513,0.03314307006174223,150.9808752966251,176.28526823189513,3586.9125357288187,1.0182128442899548,0.19240605523241775,379.57527762202985,442.73715555445485,9324.385711425739,0.28703663019425926,0.054239726038219786,323.92098085198367,379.2389023039872,7297.015031107596,0.0,0.0,11.430237087617533,13.646613952455092,132.50754034175407,0.0,0.0,73.10534099147158,86.02799735476094,1443.4387180039924,0.0,0.0,306.3945454815264,362.14305448013826,5299.370546786464,0.0,0.0,28.943733801823098,34.4036179671497,412.9971020875527,0.0,0.0,169.13585937695576,200.9256826876562,2439.0943723484499,35.09948738861584,24.073722488762578,463.1831137236381,543.5882567524603,10480.831861464478,0.0,0.0,194.29621421422849,230.75318255970667,2841.279334918876,853.2948391895612,21.47365807568541,29.383597583371789,21.444444444444437,29.99999999999999,0.0,21.211664164430958,29.857750383812545,15.999999999999993,29.99999999999999,1600.6702664696819,21.56966305505422,29.150271836665817,21.444444444444437,29.99999999999999,0.0,20.572956431651389,31.032222059856048,15.999999999999993,29.99999999999999,0.0,14.91272120329993,44.87923289036868,11.999999999999997,29.99999999999999,0.0,19.112979748475614,34.30161803364696,15.999999999999993,29.99999999999999,0.0,17.838464142247309,37.085001730455207,9.999999999999997,29.99999999999999,483.6607899265858,16.34262807858989,40.91830829916215,16.444444444444444,29.99999999999999,0.0,16.35619892690272,40.82046263446931,11.999999999999997,29.99999999999999,0.0,19.73903515298758,0.0,0.0,0.0,16.446594867263199,0.0,0.0,499.21215228488168,499.3053023855588,495.5936306789558,498.0418008161174,524.2045456583718,517.5525408277755,513.7216372943384,520.5066967619832,517.9104897456575,6582.72260958707,81.95756666014046,83.5673869418141,59.99999999999998,0.0,59.99999999999998,59.99999999999998,16.0,16.0,16.0,12.0,16.0,12.0,21.0,10.0,1.0,0.0,853.2948391895612,0.0,1600.6702664696819,0.0,0.0,0.0,483.6607899265858,0.0,2436.1665712405549,1461699.9427443334,1902391.9061681769,81.95756666014046,83.5947270344335,0.23231666348579625,0.4952223928763435,0.24018758267977298,83.5947270344335,0.2361765212959249,1902391.9061681769,0.10119104578741187 
 03/04  13:40:00,9.14,61.33333333333333,4.470000000000001,123.5,351.83333333333339,0.0,0.0,0.0,0.0,0.0,0.0,0.0,0.0,0.0,0.0,823.0,0.0,1447.009809158304,55.93713687457496,143.3378482863781,43.388131986646389,1154.8457968782578,0.0,55.93713687457494,76.47030696781516,0.0,0.0,20.650688189079216,-373.54926046787537,21.598103018741058,-418.916036027296,20.716415039667277,-661.5078248829352,19.990136058180196,158.7814837187417,14.728279846816357,55.26134638689825,19.53730128923025,-205.38374942537969,17.1777578627202,208.71964735254387,16.12074668013988,-6.137765884640587,16.29139542296725,80.51386397643947,750.337092590012,536.6664486422649,0.0,0.0,0.0,0.0,0.0,0.0,0.0,0.0,0.0,0.0,0.0,0.0,0.0,0.0,0.0,0.0,0.0,0.0,0.0,0.0,0.0,0.0,1.067558019410043,0.32587241129732716,219.70187795471819,256.45484797362846,5282.336315052614,0.18592978140120568,0.028377561263920299,168.94802854198904,197.22364707733497,4017.294943208264,1.0941730594143225,0.20675983737987975,246.8144115689495,288.3112161308951,5888.867886568741,0.2589241929484196,0.048927474102120147,217.42340997926949,254.43582770281695,4934.736442501389,0.0,0.0,11.195026429888463,13.353114919189295,131.41882501150656,0.0,0.0,71.91026677054198,84.53643051176732,1431.446601005352,0.0,0.0,303.7316157720008,358.6466061365322,5295.275729405844,0.0,0.0,24.609533748409804,29.18836044381365,368.9006909671187,0.0,0.0,172.4347844288772,204.654390139217,2507.100489025613,34.93877279326774,23.96349299949779,306.8768505837395,360.5573250865773,6996.639618387404,0.0,0.0,194.8601956898458,231.1624072279107,2891.6143863207109,673.4611924186254,21.349985331047728,29.569435600827956,21.33333333333335,30.00000000000002,0.0,21.219636746763049,29.715950615061695,16.000000000000015,30.00000000000002,1232.3954455668559,21.297307075116885,29.591543836728918,21.33333333333335,30.00000000000002,0.0,20.607577255826958,30.927368386835007,16.000000000000015,30.00000000000002,0.0,14.961004273583687,44.64454002738319,12.00000000000001,30.00000000000002,0.0,19.17021365172206,34.107825276004977,16.000000000000015,30.00000000000002,0.0,17.882749416138659,36.928423513916339,10.000000000000007,30.00000000000002,0.0,16.61335697620148,40.126703623660038,16.000000000000015,30.00000000000002,0.0,16.39039455940113,40.65696062358373,12.00000000000001,30.00000000000002,0.0,19.365695130673318,0.0,0.0,0.0,16.530635521406507,0.0,0.0,497.4519660491194,493.34877084577507,493.1200295651294,496.52012274427377,519.072839812038,513.336563113053,511.00620214942537,516.3030916159748,514.1817496772208,5389.2676858964809,82.24168792147306,84.55062297043657,60.00000000000004,0.0,60.00000000000004,60.00000000000004,16.0,16.0,16.0,12.0,16.0,12.0,21.0,10.0,1.0,0.0,673.4611924186254,0.0,1232.3954455668559,0.0,0.0,0.0,0.0,0.0,3494.3153638246828,2096589.218294808,2732785.951812393,82.24168792147306,84.58983635270629,0.2298105121274895,0.46204467668346829,0.24018758267977323,84.58983635270629,0.23617652129592518,2732785.951812393,0.14437486949424445 
 03/04  13:50:00,9.115,61.166666666666667,4.4750000000000009,126.0,330.6666666666667,0.0,0.0,0.0,0.0,0.0,0.0,0.0,0.0,0.0,0.0,825.0,0.0,1407.725061220483,55.938902241293359,143.3422949505754,42.21018823326709,1123.4929525675344,0.0,55.93890224129333,76.47272035796006,0.0,0.0,20.888064762582404,-1073.5474885435315,21.620093303162216,49.320534529015088,20.442349166166627,-260.04775535064888,19.9677148409104,340.2237732293381,14.770612082281679,58.73020037268188,19.587132803511098,-192.4544158613944,17.23364261512816,281.8282689015325,15.902888569036504,22.817721150919984,16.33483580985704,100.76936069651015,875.7575202903136,567.020936136711,0.0,0.0,0.0,0.0,0.0,0.0,0.0,0.0,0.0,0.0,0.0,0.0,0.0,0.0,0.0,0.0,0.0,0.0,0.0,0.0,0.0,0.0,1.1146042403181436,0.3402332845903982,364.2930387934338,424.4776334321454,9040.812065653443,0.21964081215493434,0.03352271247785936,119.74828496482439,139.69560796545489,2882.2728006651407,1.149240224732334,0.21716557534624629,309.8434358549979,362.1194841004665,7322.545307649125,0.28261772898424766,0.05340471069241265,265.3003472646162,310.4325287932195,6014.6796700685049,0.0,0.0,11.477018867701329,13.68702022303047,136.2868669693355,0.0,0.0,71.03386136023656,83.4859993156098,1425.9445755525008,0.0,0.0,314.90258321962639,371.7248721568732,5563.59267363203,0.0,0.0,31.547113666696835,37.46153138744379,451.81460430728239,0.0,0.0,175.6655793793238,208.46173180028618,2582.9450358065917,35.29114057687481,24.205171863425826,411.30280691282709,482.4474212038556,9510.70231091863,0.0,0.0,203.92986679051979,241.8261986104245,3088.5399328013606,1386.2949158397688,21.768524858069676,28.608475457687108,22.000000000000019,30.00000000000002,0.0,21.286689711609428,29.51208158532905,16.000000000000015,30.00000000000002,7.496928818024373,21.070249022878057,29.891626603923958,21.000000000000015,30.00000000000002,0.0,20.595988353790916,30.81597085948367,16.000000000000015,30.00000000000002,0.0,15.004049708892575,44.42055871218265,12.00000000000001,30.00000000000002,0.0,19.231990001350007,33.8786011971159,16.000000000000015,30.00000000000002,0.0,17.979098799278576,36.55475020735123,10.000000000000007,30.00000000000002,0.0,16.252034763937855,40.950761725965779,16.000000000000015,30.00000000000002,0.0,16.44964188377072,40.38247195718309,12.00000000000001,30.00000000000002,0.0,19.874497643154709,0.0,0.0,0.0,16.659288152817426,0.0,0.0,487.7855564002714,489.8659780564055,489.32163512448747,490.9848420810514,514.3760893660608,508.13291088372116,504.1127686713485,511.20142046016636,508.66060432808868,8914.38199459686,82.11060195884898,82.11060195884898,60.00000000000004,0.0,60.00000000000004,60.00000000000004,16.0,16.0,16.0,12.0,16.0,12.0,21.0,10.0,1.0,0.0,1386.2949158397688,0.0,7.496928818024373,0.0,0.0,0.0,0.0,0.0,0.0,0.0,0.0,82.11060195884898,82.11060195884898,0.3400000000000003,0.7690505138281254,0.3602813740196598,82.11060195884898,0.3542647819438878,0.0,0.0022733333333333335 
 03/04  14:00:00,9.09,61.0,4.48,128.5,309.5,0.0,0.0,0.0,0.0,0.0,0.0,0.0,0.0,0.0,0.0,1100.0,0.0,1365.5065623126534,55.94432016046061,143.35610173121069,40.94427759763606,1089.7987151924754,0.0,55.944320160460588,76.4801270642199,0.0,0.0,20.83017187748503,-871.2024709582779,21.77543957682304,-24.401921944519928,20.9718536025765,-1127.5002324203065,20.076826943449455,529.6751014408142,14.811055150483356,58.74437087279442,19.620724595948425,-200.7773508352293,17.29529379645741,266.8767946814819,15.778450987634074,41.796502695280057,16.37566233507124,102.1074200004889,925.4690803963713,539.4839399452792,0.0,0.0,0.0,0.0,0.0,0.0,0.0,0.0,0.0,0.0,0.0,0.0,0.0,0.0,0.0,0.0,0.0,0.0,0.0,0.0,0.0,0.0,1.1365792939434354,0.34694117641741009,390.49580885550656,455.6191361991608,9567.342244810681,0.22703388995597308,0.03465108210561249,156.93379915706175,183.05384875341304,3838.9657059387939,1.0766736109937503,0.20345306330191813,373.5063615478995,435.41549783960729,9369.778274164097,0.30106898971040915,0.056891343482692559,318.40624700905058,372.3982550069105,7365.314306774519,0.0,0.0,11.549374773358512,13.776172094004839,138.6056113576346,0.0,0.0,72.31469762838094,85.01352949177044,1460.3310851712795,0.0,0.0,313.696503736558,370.32363180026837,5602.525443843936,0.0,0.0,33.3702663500365,39.66169185772135,466.7749153974896,0.0,0.0,172.00801130367598,204.14807982280235,2554.4728910174137,35.438041986900518,24.305927288683493,519.9838428264473,609.7713598682279,12005.917654452143,0.0,0.0,201.06869917789994,238.4731401453036,3069.411234838285,1003.2367961742282,21.567868606131304,28.93680682412351,21.75,30.0,0.0,21.510010990870833,29.07045727920281,16.0,30.0,1788.0385632138924,21.792220657493453,28.53876173406298,21.5,30.0,0.0,20.79137585795973,30.36980212188558,16.0,30.0,0.0,15.043014968761672,44.20213307848841,12.0,30.0,0.0,19.2693488651182,33.71180136229953,16.0,30.0,0.0,18.052043078614138,36.30689279234543,10.0,30.0,0.0,16.05842827719379,41.34604879284285,16.0,30.0,0.0,16.499244222411048,40.15179605104005,12.0,30.0,0.0,20.00872546924696,0.0,0.0,0.0,16.698357354594394,0.0,0.0,486.6353534401869,488.53153868751118,486.4092767295244,487.8810994125403,509.8554866020638,503.8596008025419,500.66654610747539,506.4570815561147,504.4503308010841,6610.75522430184,81.94547073836542,81.94547073836542,60.0,0.0,60.0,60.0,16.0,16.0,16.0,12.0,16.0,12.0,21.0,10.0,1.0,0.0,1003.2367961742282,0.0,1788.0385632138924,0.0,0.0,0.0,0.0,0.0,0.0,0.0,0.0,81.94547073836542,81.94547073836542,0.255,0.5784476797088152,0.27021103051474468,81.94547073836542,0.2656985864579156,0.0,0.0022766666666666666 
 03/04  14:10:00,9.148333333333334,60.66666666666667,4.406666666666667,131.0,288.3333333333333,0.0,0.0,0.0,0.0,0.0,0.0,0.0,0.0,0.0,0.0,552.0,0.0,1238.56879180053,54.7052999795226,140.18110706054996,37.138104377874658,988.490968674203,0.0,54.70529997952257,74.78629254086744,0.0,0.0,20.73167993853974,-263.19112615063889,21.748375572170688,-395.960639340198,20.69443609894016,-639.1561523409655,20.074912487151825,129.0659109360181,14.844341145010123,56.27775753850872,19.621393801702636,-197.16538854397823,17.277864185647304,194.14282107820237,16.06584711448697,14.229711130108968,16.414607167159148,98.11951496447682,805.9142342501391,530.0386083949934,0.0,0.0,0.0,0.0,0.0,0.0,0.0,0.0,0.0,0.0,0.0,0.0,0.0,0.0,0.0,0.0,0.0,0.0,0.0,0.0,0.0,0.0,1.1095582320492459,0.3386929890260214,215.72587457008849,251.20200917262086,5335.501275039932,0.17502523183881187,0.026713252722651384,166.54182401658393,194.0618359166022,3993.8744733419055,1.13743036397761,0.21493393121270039,332.83068787803929,388.4810619354394,7954.904214510738,0.2628662139824336,0.04967237603598518,208.11858535570725,243.43441935049197,4790.728102763823,0.0,0.0,11.11531821712987,13.246232937063987,132.8283461507633,0.0,0.0,70.77852474845193,83.12943554017481,1425.0523426665455,0.0,0.0,308.8946412298116,364.44052109519819,5439.638894416637,0.0,0.0,34.92623879399473,41.41136237949764,516.3272339519026,0.0,0.0,170.5127912388924,202.16955874176518,2528.4972215338395,34.87709661049523,23.92119109087465,344.08716395395938,403.7240727985984,7888.069289698216,0.0,0.0,200.55858676365464,237.6280512061511,3057.905538033365,821.3644020883209,21.541884139184306,29.01902989120714,21.5,30.0,0.0,21.44098992467402,29.12079996026344,16.0,30.0,1344.54664301491,21.390265993584376,29.24682681497127,21.5,30.0,0.0,20.70029428897262,30.493589158137426,16.0,30.0,0.0,15.075517261272875,44.00430603453405,12.0,30.0,0.0,19.296053113158309,33.59399966196605,16.0,30.0,0.0,17.980542878858527,36.433694710431357,10.0,30.0,509.12345787139005,16.513652082149166,40.0963425205111,16.5,30.0,0.0,16.546225302629446,39.964950330672589,12.0,30.0,0.0,19.66290782047203,0.0,0.0,0.0,16.747289641056164,0.0,0.0,488.55431929523959,485.4857548628307,486.08197467669609,486.145082761558,505.5552635413493,500.88097082328786,499.06349990128487,502.63062254873798,501.70570622618768,10278.11380593993,81.2087858646472,84.59738922310663,60.0,0.0,60.0,60.0,16.0,16.0,16.0,12.0,16.0,12.0,21.0,10.0,1.0,0.0,821.3644020883209,0.0,1344.54664301491,0.0,0.0,0.0,509.12345787139005,0.0,5128.3842180838669,3077030.5308503198,4011170.4401107609,81.2087858646472,84.6549389575244,0.3409461406027956,0.7643598889563941,0.36028137401965956,84.6549389575244,0.3542647819438875,4011170.4401107609,0.21086086288575957 
 03/04  14:20:00,9.206666666666667,60.333333333333339,4.333333333333334,133.5,267.16666666666665,0.0,0.0,0.0,0.0,0.0,0.0,0.0,0.0,0.0,0.0,829.0,0.0,1192.6277770631689,54.65496473491968,140.05205237211087,35.76057648598421,951.8258372880366,0.0,54.65496473491965,74.71748044534106,0.0,0.0,20.68394862475067,-365.93187414767535,21.59353632154362,-300.9995638007719,20.809606131374506,-882.365919348617,19.971359041825744,285.0786536957502,14.873376320692334,55.111620885361869,19.617211671204239,-209.18830963952716,17.28385861364232,232.85972833537734,16.186412175009246,2.5986437042073846,16.44443012604076,89.86808004515021,780.9314629510612,486.8537814999346,0.0,0.0,0.0,0.0,0.0,0.0,0.0,0.0,0.0,0.0,0.0,0.0,0.0,0.0,0.0,0.0,0.0,0.0,0.0,0.0,0.0,0.0,1.0666582738166693,0.3255977636803019,225.79668204630213,263.7086725109205,5369.712636876887,0.18856977067523407,0.028780490029797619,113.93215331407102,132.96561356573654,2687.1556915893345,1.0660802376235906,0.2014512920679498,287.3671248662378,335.4996392718684,6883.7111066876809,0.2653992167198457,0.05015102356762009,261.39141104665739,306.01224275522477,5847.466886328283,0.0,0.0,11.11832670343157,13.25829507905857,132.02120443881155,0.0,0.0,72.75408869424713,85.5114030395014,1455.9339581441585,0.0,0.0,297.63098678581539,351.4093474616228,5204.811354227165,0.0,0.0,24.738133191889568,29.34077456966591,370.4180895658804,0.0,0.0,165.75985722854876,196.65401763153103,2448.1730255336,34.4256165096101,23.61153395720857,365.3749544912802,428.9689751790195,8249.329821483178,0.0,0.0,188.53830818375224,223.56762818526745,2843.171954076601,668.1104220311227,21.335252103759616,29.278647462181224,21.333333333333326,29.99999999999999,0.0,21.203362440056027,29.47315092350233,15.999999999999993,29.99999999999999,1263.7484909009325,21.470491695602769,28.980716113930137,21.333333333333326,29.99999999999999,0.0,20.532716904484887,30.753188530773615,15.999999999999993,29.99999999999999,0.0,15.096650462347382,43.874526884869357,11.999999999999995,29.99999999999999,0.0,19.292692379598365,33.553622496389028,15.999999999999993,29.99999999999999,0.0,17.977681420941175,36.3734014956132,9.999999999999997,29.99999999999999,0.0,16.67347352618826,39.61746820292973,15.999999999999993,29.99999999999999,0.0,16.575645435368636,39.830079610939659,11.999999999999995,29.99999999999999,0.0,19.596357639494248,0.0,0.0,0.0,16.72153311368269,0.0,0.0,483.9382488932614,482.67022486681466,481.67280101046898,484.1614769615236,502.80816140170159,498.6963721981537,496.35599216073458,500.58099451157718,499.32040107407797,6073.805333560168,81.77603197066463,81.77603197066463,59.99999999999998,0.0,59.99999999999998,59.99999999999998,16.0,16.0,16.0,12.0,16.0,12.0,21.0,10.0,1.0,0.0,668.1104220311227,0.0,1263.7484909009325,0.0,0.0,0.0,0.0,0.0,0.0,0.0,0.0,81.77603197066463,81.77603197066463,0.2266666666666666,0.46376085575761069,0.24018758267977295,81.77603197066463,0.2361765212959249,0.0,0.0023000000000000006 
 03/04  14:30:00,9.265,60.0,4.26,136.0,246.0,0.0,0.0,0.0,0.0,0.0,0.0,0.0,0.0,0.0,0.0,832.0,0.0,1145.5346687299216,54.605689941382198,139.92571723128985,34.348503996379879,914.2412362895854,0.0,54.60568994138217,74.65011806681896,0.0,0.0,20.779251126998923,-401.53591637856808,21.56533768717668,-196.2626616193992,20.48031736372083,-466.92557526668909,20.013657117076506,314.1798915490355,14.904379675162599,56.129599665791449,19.615868217567063,-187.95979138742005,17.31138777462166,232.54448648471036,15.958519049859757,29.00792508381057,16.474089643668273,97.56305525575405,821.8909364852095,521.3221692304676,0.0,0.0,0.0,0.0,0.0,0.0,0.0,0.0,0.0,0.0,0.0,0.0,0.0,0.0,0.0,0.0,0.0,0.0,0.0,0.0,0.0,0.0,1.1108304969647869,0.33908134827984939,283.17439663944978,330.5468656544236,6783.784493384286,0.202844197981897,0.030959126676113698,136.6432438283005,159.48034408383405,3212.79788049982,1.0779069465785465,0.20368611991280168,289.945484645908,339.0228007886268,6761.3892440503609,0.26230045414142769,0.04956546752483513,248.54490075967397,290.9360477644533,5568.772405113701,0.0,0.0,11.059370435371069,13.187614476936325,130.59508961546679,0.0,0.0,69.8779174032663,82.12921403254144,1391.848656831263,0.0,0.0,304.2446456001263,359.2249122061714,5300.810402958425,0.0,0.0,31.527302653263143,37.4412888172842,446.43771018603,0.0,0.0,169.34910285323563,200.92077049845373,2492.202069898131,34.26935368533907,23.504357808874535,382.3384968406029,448.6738790209886,8751.721891352448,0.0,0.0,197.04993610974783,233.62371652486744,2982.9345040841969,729.5753475500056,21.52356692542331,28.84396497651913,21.333333333333326,29.99999999999999,0.0,21.187774494061835,29.418007680350664,15.999999999999993,29.99999999999999,202.3632181877301,21.041930398152276,29.653464881082763,20.999999999999994,29.99999999999999,0.0,20.60479790977529,30.497238151899777,15.999999999999993,29.99999999999999,0.0,15.12226840888173,43.69776976474092,11.999999999999995,29.99999999999999,0.0,19.30370032901999,33.42109707664787,15.999999999999993,29.99999999999999,0.0,18.004542376458617,36.17189304054013,9.999999999999997,29.99999999999999,0.0,16.32000118582523,40.40616073472685,15.999999999999993,29.99999999999999,0.0,16.608351453731129,39.61274965652616,11.999999999999995,29.99999999999999,0.0,19.84704858487484,0.0,0.0,0.0,16.80676538271442,0.0,0.0,480.40599976409797,479.6164028274667,478.50167136133526,479.7973599390606,499.135761846911,494.1234243820039,491.2036225162064,496.54770451300535,494.51759419534496,6143.8456387305209,82.22422528216274,82.22422528216274,59.99999999999998,0.0,59.99999999999998,59.99999999999998,16.0,16.0,16.0,12.0,16.0,12.0,21.0,10.0,1.0,0.0,729.5753475500056,0.0,202.3632181877301,0.0,0.0,0.0,0.0,0.0,0.0,0.0,0.0,82.22422528216274,82.22422528216274,0.2266666666666666,0.462466714118926,0.24018758267977295,82.22422528216274,0.2361765212959249,0.0,0.00232 
 03/04  14:40:00,9.323333333333335,59.666666666666667,4.186666666666667,132.83333333333335,237.33333333333332,0.0,0.0,0.0,0.0,0.0,0.0,0.0,0.0,0.0,0.0,1112.0,0.0,1115.7207486111113,53.13619906784407,136.16015563076116,33.454538481756497,890.4469595471384,0.0,53.13619906784404,72.64121263360326,0.0,0.0,20.829977095523519,-600.8356232340279,21.605722677441024,-11.470971490512966,20.97622363164086,-1271.48758016679,20.10853130962193,490.0501824524656,14.935967737037235,55.37477647896267,19.609028881145308,-205.14085793427649,17.342604235777999,260.18363531354819,15.83670041464479,43.10575242952328,16.49795284065624,85.07356985729803,843.6167901690369,474.1495142900242,0.0,0.0,0.0,0.0,0.0,0.0,0.0,0.0,0.0,0.0,0.0,0.0,0.0,0.0,0.0,0.0,0.0,0.0,0.0,0.0,0.0,0.0,1.1326186794260816,0.345732197627009,378.3579775603991,441.5779896952762,9065.336061280643,0.22324231786903327,0.03407239283715404,122.40969285722989,142.89114281231168,2889.730784232069,0.9747570764460458,0.1841944588900314,428.6817179135258,500.0591233264964,10445.10744757852,0.2734503046195599,0.05167239316318212,295.1451403724442,345.36624780024348,6685.803232253175,0.0,0.0,11.23781716686118,13.404225514795935,131.94881664534973,0.0,0.0,72.8850089734569,85.70658641876239,1441.5422319548566,0.0,0.0,300.1152505713614,354.43128614328608,5214.40246149407,0.0,0.0,32.552045515894928,38.69421609549567,444.4802021887234,0.0,0.0,161.2342853515869,191.34480066326203,2360.7821888869518,34.019526672884257,23.333008691964517,506.0780944271575,593.6353763865677,11413.614762599913,0.0,0.0,188.82518831193102,223.97295747703948,2823.799085738784,838.7227517745024,21.493569131995817,28.809395580893996,21.5,30.0,0.0,21.27419181434029,29.22245067684952,16.0,30.0,1858.4659141225735,21.704464796725316,28.432838043948494,21.5,30.0,0.0,20.776821939931069,30.118586474197828,16.0,30.0,0.0,15.147479194004447,43.524673387402469,12.0,30.0,0.0,19.290401724768996,33.372169627363899,16.0,30.0,0.0,18.038183255737814,36.021314925860199,10.0,30.0,0.0,16.124657900857409,40.80564007028167,16.0,30.0,0.0,16.62915332080681,39.470561634083207,12.0,30.0,0.0,19.995692942142836,0.0,0.0,0.0,16.776014839014587,0.0,0.0,476.9699761127509,478.2147814867701,476.42869218144457,477.6895792049064,495.7284575684524,491.04024448699058,488.5261788699552,492.95293712562536,491.47891840377135,9732.12953945191,81.56981679233489,83.37551298950165,60.0,0.0,60.0,60.0,16.0,16.0,16.0,12.0,16.0,12.0,21.0,10.0,1.0,0.0,838.7227517745024,0.0,1858.4659141225735,0.0,0.0,0.0,0.0,0.0,2732.6020806357967,1639561.2483814778,2122161.0328763986,81.56981679233489,83.40617970542952,0.3460867360211933,0.7697998489335917,0.36028137401965956,83.40617970542952,0.3542647819438875,2122161.0328763986,0.11269237370957273 
 03/04  14:50:00,9.381666666666666,59.333333333333339,4.113333333333333,129.66666666666667,228.66666666666669,0.0,0.0,0.0,0.0,0.0,0.0,0.0,0.0,0.0,0.0,834.0,0.0,1084.8403819373103,51.6555947293166,132.36611672836279,32.528596176500688,865.8015641585766,0.0,51.655594729316579,70.61711425118253,0.0,0.0,20.958151765906434,-934.0803659219687,21.743770945074354,-7.632190604594755,20.92010648906632,-1019.4727477188725,20.15533921933531,342.38390312617306,14.970840003602126,56.17205795453853,19.604857991336045,-186.07598799432118,17.413615644775186,238.22027168110393,15.760180207987066,57.31820402861661,16.518732300037394,90.26395416632059,830.939647748189,501.1351930187333,0.0,0.0,0.0,0.0,0.0,0.0,0.0,0.0,0.0,0.0,0.0,0.0,0.0,0.0,0.0,0.0,0.0,0.0,0.0,0.0,0.0,0.0,1.0642632486577444,0.3248666815194583,297.8210001816433,347.1375142302195,7304.3479549314229,0.21117855718625445,0.03223115952171163,134.8179407615725,157.30991822646716,3219.022254676227,1.100891557632307,0.20802939486627143,380.9382120007532,444.27570367026467,9182.510650360036,0.2859970154450212,0.05404327578326179,238.08610513098336,278.3510937482644,5393.152461009684,0.0,0.0,11.236393728979051,13.398372164351497,131.32773455346587,0.0,0.0,70.56065376074244,82.9588355691092,1387.3056059211816,0.0,0.0,306.8081482491022,362.12704130146286,5353.866242998862,0.0,0.0,35.77883630133819,42.537727384929407,476.6734030939783,0.0,0.0,166.28241317515427,197.26678650118289,2421.915230539432,33.805297299995689,23.186074965703516,446.84206986144008,524.0388048348957,10067.323834434912,0.0,0.0,196.23318299223758,232.64139117577646,2938.332006588873,1355.6299373674336,21.849366418900943,28.14495226569023,22.000000000000019,30.00000000000002,0.0,21.50735434615664,28.775052955341239,16.000000000000015,30.00000000000002,1825.858927049041,21.631587670523368,28.507648377180496,21.666666666666687,30.00000000000002,0.0,20.790300567603404,30.085574063970186,16.000000000000015,30.00000000000002,0.0,15.179083874066447,43.33382908313123,12.00000000000001,30.00000000000002,0.0,19.288428146136249,33.30777854056132,16.000000000000015,30.00000000000002,0.0,18.136934595993034,35.729659303021367,10.000000000000007,30.00000000000002,5.752050210473541,16.01275782347941,41.004520444500737,16.000000000000015,30.00000000000002,0.0,16.648390927386758,39.34688034264975,12.00000000000001,30.00000000000002,0.0,19.980770284472315,0.0,0.0,0.0,16.844293671527408,0.0,0.0,475.72545704322808,477.0453211904718,474.4142862756442,477.5616792830349,492.4465963145724,488.37120303288898,486.1177420758187,489.925911102717,488.9726185101722,9702.359332998432,81.58950830106909,83.85682408496926,60.00000000000004,0.0,60.00000000000004,60.00000000000004,16.0,16.0,16.0,12.0,16.0,12.0,21.0,10.0,1.0,0.0,1355.6299373674336,0.0,1825.858927049041,0.0,0.0,0.0,5.752050210473541,0.0,3431.3914815922096,2058834.888955324,2672116.0289077477,81.58950830106909,83.89533063395173,0.34104638271974049,0.7717747833437234,0.3602813740196598,83.89533063395173,0.3542647819438878,2672116.0289077477,0.1413300335032029 
 03/04  15:00:00,9.44,59.0,4.04,126.5,220.0,0.0,0.0,0.0,0.0,0.0,0.0,0.0,0.0,0.0,0.0,1112.0,0.0,1053.12488721227,50.16341605590482,128.54241979268145,31.577613076625206,840.4896632095718,0.0,50.1634160559048,68.57719287546959,0.0,0.0,20.719287153363945,-265.8418920746417,21.707892083749309,-434.14399683491618,20.866222026202075,-590.4741352116739,20.164729101897039,160.71209111604595,15.004616594710285,53.744815183696378,19.609679366172896,-184.11781424125548,17.404867708452124,192.62169106356488,16.27302781130387,-1.6398369373789593,16.548159422358784,96.8745123654619,764.4647526417739,480.73974811724386,0.0,0.0,0.0,0.0,0.0,0.0,0.0,0.0,0.0,0.0,0.0,0.0,0.0,0.0,0.0,0.0,0.0,0.0,0.0,0.0,0.0,0.0,1.0683700785681079,0.3261202926032075,271.3525576177543,317.1888451242924,6314.473096197476,0.17638293344244278,0.026920472137124966,184.18194602796954,215.05129168896387,4331.234056368985,1.0695499930686317,0.20210695258288589,238.94391326060657,279.24413018487157,5624.9958599222759,0.25242255933751897,0.047698896322282479,222.858702052986,260.92580282970928,4991.040298586543,0.0,0.0,10.820547324185946,12.906852425053211,125.81134182265514,0.0,0.0,69.37621793631583,81.59125854780382,1357.8096034720789,0.0,0.0,294.9073336932513,348.3076875454787,5082.79623820986,0.0,0.0,25.93027363636555,30.763391548340175,386.9011745925194,0.0,0.0,166.59401469058609,197.70417550315228,2418.359850407188,33.303406818037107,22.84184281072504,368.4893096161619,432.7068648004955,8298.177185588911,0.0,0.0,189.39496217547615,224.6346087962842,2820.817284974901,484.34047316303949,21.25725933774043,29.163215116639237,21.25,30.0,0.0,21.398667189879647,28.85840948686957,16.0,30.0,956.1380062872731,21.403672513436829,28.85763277814812,21.25,30.0,0.0,20.764709042923653,30.052351674821787,16.0,30.0,0.0,15.207788365251622,43.16662987650388,12.0,30.0,0.0,19.301616009079046,33.215606552149079,16.0,30.0,0.0,18.084144957094936,35.787096748735198,10.0,30.0,542.9007123004142,16.90607600546099,38.66916563587253,16.75,30.0,0.0,16.683405311864303,39.17569104785025,12.0,30.0,0.0,19.808141146861556,0.0,0.0,0.0,16.862500229727688,0.0,0.0,474.7812563656191,473.0797594041992,472.9838308026326,474.72921835100308,489.7451002967035,485.92695748698267,484.00699368875277,487.6311941031927,486.2873875692761,8402.509972509783,82.44905945247705,82.44905945247705,60.0,0.0,60.0,60.0,16.0,16.0,16.0,12.0,16.0,12.0,21.0,10.0,1.0,0.0,484.34047316303949,0.0,956.1380062872731,0.0,0.0,0.0,542.9007123004142,0.0,0.0,0.0,0.0,82.44905945247705,82.44905945247705,0.34,0.7693103401426873,0.36028137401965956,82.44905945247705,0.3542647819438875,0.0,0.00242 
 03/04  15:10:00,9.475,58.5,3.9033333333333335,123.33333333333334,211.33333333333332,0.0,0.0,0.0,0.0,0.0,0.0,0.0,0.0,0.0,0.0,556.0,0.0,1020.8289620179653,48.65873216877147,124.68667971591796,30.609226186776334,814.7145283609974,0.0,48.65873216877145,66.52017592451957,0.0,0.0,21.106033223951138,-1336.0713973685307,21.67038396389504,118.40193138014775,20.78744524517885,-43.12984276796942,20.046829179150916,206.32272158183606,15.0398340681975,55.79587154967257,19.603015118745597,-192.54859701506144,17.497607938326877,319.01465517152249,16.090064195525814,18.019963206972308,16.572151921151325,85.48163654860173,806.8199791671241,466.99482328971137,0.0,0.0,0.0,0.0,0.0,0.0,0.0,0.0,0.0,0.0,0.0,0.0,0.0,0.0,0.0,0.0,0.0,0.0,0.0,0.0,0.0,0.0,0.9648910977703156,0.29453330212769099,456.00155491638767,531.4858768250356,10728.06270521226,0.2127038165828799,0.032463952469914517,221.91791309285456,258.5977049222503,5267.304078989045,1.2419418885457963,0.2346828965506041,308.6573546200202,360.323817660647,7177.689343372147,0.27895433764813418,0.05271245987304121,243.31387094731273,284.76610968881558,5327.599352275539,0.0,0.0,11.418900927729745,13.606986837410585,132.7480197831288,0.0,0.0,71.97368764835525,84.58219970027277,1402.9075994007029,0.0,0.0,299.7365626895902,353.4876194903288,5250.651691887924,0.0,0.0,26.2728389876142,31.165168543768489,370.58567348152476,0.0,0.0,163.32517168190868,193.66095622806066,2367.550212346718,32.97588850374683,22.617207478564365,507.4483227566824,594.3843561282636,11350.708755558913,0.0,0.0,186.40969457865033,220.9231844772263,2756.73890947359,1702.2968014385743,21.878940775077959,28.03177268347148,22.0,30.0,0.0,21.395882897507236,28.85743532738453,16.0,30.0,0.0,21.22864928488132,29.15268578095118,21.0,30.0,0.0,20.55565513759153,30.381972541530865,16.0,30.0,0.0,15.240063445679937,42.993030959521309,12.0,30.0,0.0,19.292990198518689,33.18702445082624,16.0,30.0,0.0,18.25994625962265,35.350977915343779,10.0,30.0,0.0,16.51793328153012,39.57365865621543,16.0,30.0,0.0,16.7063275541459,39.06970834133524,16.0,30.0,0.0,20.037909966652835,0.0,0.0,0.0,16.842937168912575,0.0,0.0,472.47959467560909,472.7473338371262,472.74449683146465,472.63334531738306,487.0839653731591,484.06901894068019,482.31240253894887,485.57393695899347,484.5936989155704,9674.203598063534,81.60818216932234,81.60818216932235,60.0,0.0,60.0,60.0,16.0,16.0,16.0,16.0,16.0,12.0,21.0,10.0,1.0,0.0,1702.2968014385743,0.0,0.0,0.0,0.0,0.0,0.0,0.0,0.0,0.0,0.0,81.60818216932234,81.60818216932234,0.34,0.7683726986672665,0.36028137401965956,81.60818216932234,0.3542647819438875,0.0,0.0024600000000000005 
 03/04  15:20:00,9.510000000000002,58.0,3.766666666666667,120.16666666666666,202.66666666666669,0.0,0.0,0.0,0.0,0.0,0.0,0.0,0.0,0.0,0.0,556.0,0.0,988.2386436778166,47.13998520605351,120.79490477600526,29.632012216438488,788.7044431649586,0.0,47.13998520605349,64.44393368305676,0.0,0.0,20.998786298215479,-1150.7555411722129,21.78274329088771,-172.7288356050376,20.77884313065069,-249.94507937769505,19.959356303395276,176.21162083278569,15.074877805511465,53.47126235764199,19.589372309900939,-188.81992509509178,17.53050312970946,202.91443216701556,15.937030197842873,44.84593196172466,16.598604640447254,91.19526103445014,705.8397396132823,461.4666195989048,0.0,0.0,0.0,0.0,0.0,0.0,0.0,0.0,0.0,0.0,0.0,0.0,0.0,0.0,0.0,0.0,0.0,0.0,0.0,0.0,0.0,0.0,0.980767085013591,0.2993794520798508,333.98493234040759,389.342197935493,7877.244685296547,0.17655767380400773,0.026947141911478589,149.47471840281168,174.3528996252699,3540.460797889018,1.1699745154492747,0.22108361969940949,224.33583837568404,261.506569102555,5373.057576155025,0.27100764249722728,0.05121081679841784,226.44382628110675,265.102888292146,4868.866627627598,0.0,0.0,10.994739748565609,13.10341979524293,127.72780122058993,0.0,0.0,71.16205190033335,83.66043209348337,1379.947215079159,0.0,0.0,296.03771062842807,349.2053280088593,5157.609557744389,0.0,0.0,33.56207840297616,39.86138917320727,455.0622011793682,0.0,0.0,157.60423756436433,186.86941915563762,2283.591340938531,32.32522144809154,22.170933777840575,351.74875332644936,412.61656627795346,7790.009964177219,0.0,0.0,185.3949925035325,219.73022891977514,2735.0203074917587,1567.7824301876884,21.656108071804935,28.315883590509203,22.0,30.0,0.0,21.534524261682109,28.537290969588605,16.0,30.0,867.136797408469,21.5028480467464,28.600023264341649,21.5,30.0,0.0,20.387142459352483,30.61199070229536,16.0,30.0,0.0,15.27102875726527,42.82567342861461,12.0,30.0,0.0,19.27562593041748,33.15186839885017,16.0,30.0,0.0,18.248534467076707,35.294335814219028,10.0,30.0,0.0,16.262365182638335,40.123047339364237,16.0,30.0,0.0,16.737845122673137,38.8916564579082,16.0,30.0,0.0,19.720722869343626,0.0,0.0,0.0,16.854939319125149,0.0,0.0,470.2621258868374,470.5480691819572,470.33036810594168,470.1361057384957,484.62374313096486,481.5008109523503,479.6907769678468,482.5358270460621,481.5228984150865,10027.421359399457,81.37451699260476,84.97842164068956,60.0,0.0,60.0,60.0,16.0,16.0,16.0,16.0,16.0,12.0,21.0,10.0,1.0,0.0,1567.7824301876884,0.0,867.136797408469,0.0,0.0,0.0,0.0,0.0,5453.884604390409,3272330.762634245,4269201.797887129,81.37451699260476,85.03962790575642,0.3517961534796803,0.764906336539946,0.36028137401965956,85.03962790575642,0.3542647819438875,4269201.797887129,0.22446849349013069 
 03/04  15:30:00,9.545,57.5,3.63,117.0,194.0,0.0,0.0,0.0,0.0,0.0,0.0,0.0,0.0,0.0,0.0,834.0,0.0,955.6836283588746,45.60476035122432,116.86090734661784,28.655856961639104,762.7225348026551,0.0,45.6047603512243,62.34516491381057,0.0,0.0,20.990778254558529,-1072.711118964011,21.77360391673739,-186.45894655774638,20.798467589182523,-440.7219038094758,20.036249781262258,321.8777143521989,15.108614817221815,53.965722441422787,19.597160549890384,-165.13248833629596,17.52085120273439,213.37541335063475,15.850964130011147,57.73430754965433,16.615892407556065,96.44702618648592,702.1447085352281,498.32973718443989,0.0,0.0,0.0,0.0,0.0,0.0,0.0,0.0,0.0,0.0,0.0,0.0,0.0,0.0,0.0,0.0,0.0,0.0,0.0,0.0,0.0,0.0,0.9962141572052734,0.3040946755815852,312.5596153713286,364.69319917409987,7377.702347182751,0.17795020680859809,0.027159677473839747,128.48464340831175,149.91906234061168,3024.059492775783,1.1713618649151623,0.22134577946242676,300.00263871046516,350.45321155119026,7041.281580319361,0.29521598984052269,0.055785334436984589,291.17073377678676,341.21355476972829,6334.9439131411,0.0,0.0,10.873275231174276,12.967805618270628,126.17919124727756,0.0,0.0,67.33024336069653,79.20085405673676,1304.5667035540665,0.0,0.0,303.10136039099026,357.8934950570891,5238.165184373107,0.0,0.0,35.54518944236379,42.270690512649448,470.05409859981,0.0,0.0,166.730814456575,197.87019564388656,2408.63354971584,32.082456887576089,22.004428592301843,378.6119079286033,444.6810962485464,8286.06353328567,0.0,0.0,196.21765049476626,232.6960625623858,2919.110997800939,1413.0485124324819,21.589496683894674,28.38590134373325,21.999999999999994,29.99999999999999,0.0,21.523609644835003,28.538726471083426,15.999999999999993,29.99999999999999,776.1685982358667,21.438949040439537,28.67159908295607,21.333333333333326,29.99999999999999,0.0,20.552278323095675,30.27200872696939,15.999999999999993,29.99999999999999,0.0,15.299824679073783,42.6795676144613,11.999999999999995,29.99999999999999,0.0,19.3019684144541,33.04469418034027,15.999999999999993,29.99999999999999,0.0,18.212734993429625,35.31329492142045,9.999999999999997,29.99999999999999,0.0,16.125676380239065,40.41688923681214,15.999999999999993,29.99999999999999,0.0,16.750971414801005,38.81253927480419,15.999999999999993,29.99999999999999,0.0,19.713699591806955,0.0,0.0,0.0,16.957890486400396,0.0,0.0,469.15405667083589,470.2304127061657,469.5343154009397,469.5662889487453,482.64838544513597,479.6382254376573,477.90960383332529,480.791499350688,480.0561329397789,10108.12086835982,81.32120873566542,83.60364944076011,59.99999999999998,0.0,59.99999999999998,59.99999999999998,16.0,16.0,16.0,16.0,16.0,12.0,21.0,10.0,1.0,0.0,1413.0485124324819,0.0,776.1685982358667,0.0,0.0,0.0,0.0,0.0,3454.2590110888115,2072555.4066532879,2682735.8517252255,81.32120873566542,83.64241286111575,0.34180863370296035,0.7686119230455683,0.36028137401965945,83.64241286111575,0.35426478194388735,2682735.8517252255,0.14198226428971173 
 03/04  15:40:00,9.58,57.0,3.493333333333333,108.16666666666666,177.50000000000004,0.0,0.0,0.0,0.0,0.0,0.0,0.0,0.0,0.0,0.0,834.0,0.0,880.0742490415253,42.14439969051097,107.99380195699664,26.38873110967338,702.3793272157806,0.0,42.14439969051095,57.6145895442232,0.0,0.0,20.89482819275269,-900.2235094632384,21.76323819963782,-53.06398951894087,20.730329555130319,-172.32087683854818,20.088242575728374,313.9454534501232,15.14020348708022,52.98093266824682,19.57492249569099,-172.15385016150209,17.53739348718696,221.47274747999848,15.800086322677395,65.53087879037392,16.637989522062616,83.94349453042867,771.7836872366797,476.6932581243038,0.0,0.0,0.0,0.0,0.0,0.0,0.0,0.0,0.0,0.0,0.0,0.0,0.0,0.0,0.0,0.0,0.0,0.0,0.0,0.0,0.0,0.0,1.0330502155509609,0.3153388936358246,408.7179477080754,477.07041814973038,9703.939939007074,0.19419077449227555,0.029638396595280164,112.75818184737054,131.64782249567245,2660.816142709868,1.1470586335814646,0.21675333212045837,335.95188178967256,393.1132469972183,7664.302020380871,0.2685705224324576,0.05075028768564959,254.06633044615229,297.6199353498301,5548.354283685688,0.0,0.0,10.890200443929757,12.989325063401987,126.22822403991973,0.0,0.0,68.69501744017245,80.83265460665746,1325.142605830025,0.0,0.0,299.223764756514,353.35134761910629,5157.9144233786669,0.0,0.0,36.96689921703698,43.98074256262355,480.84468347745158,0.0,0.0,160.6731756582887,190.6812270251873,2317.4275828861666,31.755303066201344,21.780043255282146,434.3598897327824,509.84022870870316,9711.365250240411,0.0,0.0,190.69217491524044,226.18054044766167,2816.107476438162,1089.8964329553326,21.626531412211905,28.232742734373006,21.666666666666676,30.00000000000001,0.0,21.549204478481966,28.41907539804543,16.000000000000008,30.00000000000001,0.0,21.13157881404183,29.10817510850985,21.000000000000008,30.00000000000001,0.0,20.630340118517226,29.999242306753076,16.000000000000008,30.00000000000001,0.0,15.327711899334478,42.50670055475364,12.000000000000006,30.00000000000001,0.0,19.292097117842965,32.967684479376689,19.000000000000008,30.00000000000001,0.0,18.223177006653189,35.19171325908404,10.000000000000004,30.00000000000001,0.0,16.049512454611774,40.50540482326899,16.000000000000008,30.00000000000001,0.0,16.773390816159126,38.6426450936384,16.000000000000008,30.00000000000001,0.0,20.089935130146338,0.0,0.0,0.0,16.935193680667934,0.0,0.0,466.82297841017006,468.43305906875579,467.22797848109817,466.4886797708353,480.1147507734484,476.6661057617898,475.20438309789929,477.93827035607,476.99656165706826,7187.550921406839,83.25217866990094,83.25217866990094,60.00000000000002,0.0,60.00000000000002,60.00000000000002,16.0,16.0,19.0,16.0,16.0,12.0,21.0,10.0,1.0,0.0,1089.8964329553326,0.0,0.0,0.0,0.0,0.0,0.0,0.0,0.0,0.0,0.0,83.25217866990094,83.25217866990094,0.3400000000000002,0.7693067295385562,0.3602813740196597,83.25217866990094,0.3542647819438876,0.0,0.00249 
 03/04  15:50:00,9.615,56.5,3.356666666666667,99.33333333333334,161.0,0.0,0.0,0.0,0.0,0.0,0.0,0.0,0.0,0.0,0.0,1112.0,0.0,746.2953576156208,37.671067385236607,96.53101761532544,22.3774236335473,595.6116834151503,0.0,37.67106738523659,51.49920513832489,0.0,0.0,21.011072887540018,-1050.601731297512,21.74943992531673,-81.60477120289159,20.914032046110319,-697.1589380359956,20.062371042506187,356.16182597348736,15.164267044038168,52.675859050649439,19.52838372369987,-159.04969415752476,17.54469896214345,205.00331972190453,15.979880415428289,57.91195920153967,16.654500877401494,91.38281229765426,631.8223088519226,488.1807465200395,0.0,0.0,0.0,0.0,0.0,0.0,0.0,0.0,0.0,0.0,0.0,0.0,0.0,0.0,0.0,0.0,0.0,0.0,0.0,0.0,0.0,0.0,0.9664183616155155,0.294999499882636,277.6836649410411,324.2739856125718,6637.577106463227,0.16987304640632795,0.02592689963466544,52.7587904542316,61.58385786703059,1247.0208843864107,1.18364812770725,0.22366744665669884,309.28909241925757,360.99112421670176,7343.022817685569,0.2932577515962217,0.055415296975854417,289.54062673892408,339.2340653225026,6278.235211441055,0.0,0.0,10.731981059186003,12.806303170010964,124.06785506612489,0.0,0.0,66.71922652487179,78.54536470951826,1281.2276471518454,0.0,0.0,300.8394686927811,355.4626589983378,5161.7124933518239,0.0,0.0,37.857058109758,45.04063070050193,501.57570253881206,0.0,0.0,163.918752430162,194.6331529106266,2358.624690003655,31.257618213454529,21.438695619653325,318.03285491593956,373.8053035795665,6902.950157789319,0.0,0.0,194.52142715456584,230.81877512096274,2876.723977646315,1647.727629927881,21.756784409383259,27.884146056289646,22.0,30.0,0.0,21.584892667525279,28.308590703074186,16.0,30.0,1511.2942875202899,21.522767934802553,28.332615145026446,21.5,30.0,0.0,20.562021157861407,30.110678906940856,16.0,30.0,0.0,15.347316043540268,42.36382658079017,12.0,30.0,0.0,19.281524541581989,32.91937098069573,19.0,30.0,0.0,18.218065042270284,35.09528691920591,10.0,30.0,336.72048495665526,16.20959775682298,40.017711363165847,16.0,30.0,0.0,16.79094552203022,38.52040861169617,16.0,30.0,0.0,19.532009668633856,0.0,0.0,0.0,16.982467963122635,0.0,0.0,464.28203337363598,467.4586736800733,464.98543470413127,466.5297621115744,477.8957729771132,474.66667181083178,472.6819589291023,475.79028624843809,475.04099738384778,10505.510745584972,81.05837731458588,86.28557911469962,60.0,0.0,60.0,60.0,16.0,16.0,19.0,16.0,16.0,12.0,21.0,10.0,1.0,0.0,1647.727629927881,0.0,1511.2942875202899,0.0,0.0,0.0,336.72048495665526,0.0,7910.7366159701,4746441.96958206,6198501.550881609,81.05837731458588,86.37435435438462,0.34869122053233667,0.7664036670258443,0.36028137401965956,86.37435435438462,0.3542647819438875,6198501.550881609,0.324825413979177 
 03/04  16:00:00,9.65,56.0,3.22,90.5,144.5,0.0,0.0,0.0,0.0,0.0,0.0,0.0,0.0,0.0,0.0,1112.0,0.0,671.7622010890756,34.31819125043604,87.93934339184257,20.142568943065414,536.1274102331706,0.0,34.31819125043602,46.91556926457318,0.0,0.0,20.61029663521106,-171.21895282622428,21.631433608233274,-390.6006318163786,20.914564323558947,-469.6989495271457,20.12941463533257,170.72323569465358,15.186893594360545,50.55133073038361,19.48315868240808,-149.1953685043062,17.541201099188635,182.7764352136369,16.321181503458015,3.714794703566781,16.675859237902388,91.6693030745123,689.4931191355986,481.6065196368181,0.0,0.0,0.0,0.0,0.0,0.0,0.0,0.0,0.0,0.0,0.0,0.0,0.0,0.0,0.0,0.0,0.0,0.0,0.0,0.0,0.0,0.0,1.014640079008293,0.30971919383647536,306.0269275549037,358.345000659359,6937.186928967916,0.16415985164740455,0.025054922412607533,165.5038356912603,193.42601864376247,3827.144015322675,1.1942929374103893,0.22567893753030794,300.6830903438782,351.6967706925593,6995.257103404632,0.25356021412283877,0.04791387266115621,200.99578155801377,235.48205482399426,4380.710988289414,0.0,0.0,10.348385999248439,12.350628861294187,119.22742214656981,0.0,0.0,64.5175431840149,75.96930022772576,1232.115926982755,0.0,0.0,287.3196266677803,339.6078175155166,4891.46931523051,0.0,0.0,23.667885711020216,28.098163057217897,343.89718388201308,0.0,0.0,165.6611568628913,196.7366293355476,2380.6565877236655,30.78481910027707,21.114416392508287,381.6901426484209,448.6273959783521,8416.505432686583,0.0,0.0,186.9147372179545,221.8570736467559,2748.065586126283,107.02305695798671,21.108418069649394,28.96862217907534,21.0,30.0,0.0,21.41183725181429,28.39522916865315,16.0,30.0,868.1323814709772,21.485303423497599,28.27808121417422,21.25,30.0,0.0,20.650112765021608,29.798689940838437,16.0,30.0,0.0,15.362170296417329,42.19934808793737,12.0,30.0,0.0,19.260970294926339,32.83431543029517,19.0,30.0,0.0,18.182277393899239,35.045846629876788,10.0,30.0,186.00614980852814,16.897907025910834,38.170181442323798,16.5,30.0,0.0,16.816363949701186,38.2835903073417,16.0,30.0,0.0,19.846537586882059,0.0,0.0,0.0,16.971197306594449,0.0,0.0,463.6670979359976,462.7797386608382,462.79273609649638,463.6153060460988,475.2276230777727,471.5609150927717,469.85716677194946,473.0766456040549,471.39294484842449,7543.788812808094,83.01664323576708,83.01664323576708,60.0,0.0,60.0,60.0,16.0,16.0,19.0,16.0,16.0,12.0,21.0,10.0,1.0,0.0,107.02305695798671,0.0,868.1323814709772,0.0,0.0,0.0,186.00614980852814,0.0,0.0,0.0,0.0,83.01664323576708,83.01664323576708,0.34,0.7695378495347472,0.36028137401965956,83.01664323576708,0.3542647819438875,0.0,0.002516666666666666 
 03/04  16:10:00,9.561666666666668,56.16666666666667,3.0100000000000004,81.66666666666666,128.0,0.0,0.0,0.0,2.0,0.0,0.0,0.0,0.0,0.0,4.0,1112.0,0.0,599.2857081247682,30.897596057600429,79.17414738003594,17.969382883728505,478.2845445829787,0.0,30.897596057600415,42.239356304383857,0.0,0.0,21.028033781309277,-985.522674920576,21.55938938163464,162.52048543567276,21.118387508843573,-1026.4207237449332,20.21761741966656,492.90282235154248,15.208623754784659,53.252182958786409,19.543575231648889,-60.64484950108525,17.53047087080606,222.03616759718217,16.10599874722302,22.344766869080105,16.675625471417676,58.831885538783357,760.7970044700755,448.89709053063987,0.0,0.0,0.0,0.0,0.0,0.0,0.0,0.0,0.0,0.0,0.0,0.0,0.0,0.0,0.0,0.0,0.0,0.0,0.0,0.0,0.0,0.0,1.1139917686605739,0.34004632742996768,284.2351433907574,332.1257252163024,6766.655221496094,0.24844366705890026,0.037918752603617249,205.55229613480979,240.35034183318943,4807.2793160084779,1.0110225304574059,0.19104734135627483,307.5528535865223,359.1692197825764,7399.794966605508,0.28309323579648107,0.05349456458739246,317.18089393545099,371.54829542542987,7071.497617624809,0.0,0.0,11.387256348744263,13.591865850606457,133.57384573867376,0.0,0.0,15.658146849552205,18.42955366235765,306.2546532638845,0.0,0.0,236.1928421654761,279.2145288289788,4055.247857970788,0.0,0.0,29.981480510510879,35.64544350790094,417.9596592965781,0.0,0.0,155.5485417070921,184.7398230669766,2258.740447784924,30.81071723357321,21.132179172546793,515.8980715305776,605.5123425152972,11598.267850249144,0.0,0.0,180.45051558627586,214.2529130064848,2655.331631169088,1308.973782486347,21.673761991265346,27.951497245926356,21.75,30.0,0.0,21.422446631666327,28.384964321942044,16.0,30.0,0.0,21.753852489476917,28.42036889829951,21.0,30.0,0.0,20.85242011722383,29.856219920770799,16.0,30.0,0.0,15.377096204264319,42.01132259886171,12.0,30.0,0.0,19.40934070917994,33.87735269719036,19.0,30.0,0.0,18.166318671552518,34.929807678844557,10.0,30.0,0.0,16.50555645874411,38.99286914619027,16.0,30.0,0.0,16.80174812908625,38.19260002745881,16.0,30.0,0.0,20.281100015963319,0.0,0.0,0.0,16.885132297341217,0.0,0.0,468.55985816040819,467.27144554095687,502.40125360724746,492.73736012135648,472.46324632875237,560.1035837916842,468.19290820902179,470.7244493360827,469.5973939988272,7316.313880483716,81.4944406968299,83.30712582424454,1744.0,0.0,1744.0,1744.0,16.0,16.0,19.0,16.0,16.0,12.0,21.0,10.0,1.0,0.0,1308.973782486347,0.0,0.0,0.0,0.0,0.0,0.0,0.0,2743.1674449448867,1645900.466966932,2132770.6301806287,81.4944406968299,83.33791123540968,0.2614389148314962,0.5765260773937619,0.27021103051474468,83.33791123540968,0.2656985864579156,2132770.6301806287,0.18444273943605933 
 03/04  16:20:00,9.473333333333335,56.333333333333339,2.8000000000000004,72.83333333333333,111.5,0.0,0.0,0.0,2.0,0.0,0.0,0.0,0.0,0.0,4.0,558.0,0.0,527.814515021205,27.489355177096784,70.44061335078273,15.826340907015837,421.2440051751819,0.0,27.489355177096774,37.58003262579147,0.0,0.0,20.769517866362816,-381.21075032981028,21.505880248467684,-282.69767823776467,21.031933032845573,-883.1985087548628,20.296075176805418,350.41843482833158,15.229121680116223,47.043323288328227,19.651710974452663,-45.86681949490108,17.448221574282479,96.95167103520316,15.9506958384774,40.181325635843339,16.67505100410271,65.54597268846419,744.7109739932785,470.0763772205132,0.0,0.0,0.0,0.0,0.0,0.0,0.0,0.0,0.0,0.0,0.0,0.0,0.0,0.0,0.0,0.0,0.0,0.0,0.0,0.0,0.0,0.0,1.2446207992383079,0.37992087888837236,261.73802629327028,305.63103006797038,6211.397240538388,0.2056370229182487,0.03138538200827972,210.21332898540084,245.55156717196548,4894.1936554333219,0.911516709286867,0.17224427613130528,291.7177601807715,340.5039418898236,7023.959776828376,0.25537185131907938,0.04825620773225231,295.57314858152327,345.8753246136887,6694.963948856635,0.0,0.0,9.990965825287772,11.917687459696815,119.25562670292068,0.0,0.0,12.856290448325984,15.107182251202179,259.1404063602364,0.0,0.0,229.86833640381964,271.73837103992238,3904.5346772183777,0.0,0.0,30.638167502595718,36.43194782977882,416.9996784489141,0.0,0.0,157.98839291619749,187.5176005801021,2321.0509631724009,30.19493952917181,20.709835068019083,482.7519652819645,566.3532101317729,10817.432693098137,0.0,0.0,183.6912186715221,217.94657706319033,2739.965105311143,782.3106939358627,21.349689870434504,28.59530732460839,21.5,30.0,0.0,21.3395939493183,28.636477441218,16.0,30.0,0.0,21.6709990237252,28.71762987299587,21.0,30.0,0.0,20.944923806460318,29.87577130152672,16.0,30.0,0.0,15.389885140849252,41.86816622952087,12.0,30.0,0.0,19.632740994362103,35.25522533580689,19.0,30.0,0.0,17.97224044511743,35.373735293916947,10.0,30.0,0.0,16.24341030865228,39.54823457130111,16.0,30.0,0.0,16.79610049072975,38.15063603548812,16.0,30.0,0.0,20.14535394101995,0.0,0.0,0.0,16.89775883431876,0.0,0.0,472.53573315867456,476.48441129002506,513.839347921924,503.5413671772752,471.57384880735369,678.6412910903274,469.74770231075,469.82527576788427,469.6333282632519,9457.608013460984,81.75139459145602,81.75139459145602,1744.0,0.0,1744.0,1744.0,16.0,16.0,19.0,16.0,16.0,12.0,21.0,10.0,1.0,0.0,782.3106939358627,0.0,0.0,0.0,0.0,0.0,0.0,0.0,0.0,0.0,0.0,81.75139459145602,81.75139459145602,0.34,0.7723960628573048,0.36028137401965956,81.75139459145602,0.3542647819438875,0.0,0.07344177777777779 
 03/04  16:30:00,9.385,56.5,2.59,64.0,95.0,0.0,0.0,0.0,2.0,0.0,0.0,0.0,0.0,0.0,4.0,558.0,0.0,457.59494207451379,24.09656193674926,61.74666802691497,13.720828833081715,365.2023778954381,0.0,24.09656193674925,32.94182704245154,0.0,0.0,20.563658353229124,-302.08990568892389,21.389915045435737,-45.83844676200806,21.082771159908974,-836.1565814671385,20.297557283635947,327.3160491850431,15.245811574174436,48.35506905811749,19.700633208979189,-59.37233811127203,17.417838578246589,172.90201837772475,15.86608846476134,49.36350431939502,16.66548636184052,49.5647068180142,762.1443380142682,488.96363107556729,0.0,0.0,0.0,0.0,0.0,0.0,0.0,0.0,0.0,0.0,0.0,0.0,0.0,0.0,0.0,0.0,0.0,0.0,0.0,0.0,0.0,0.0,1.1589529432258002,0.35377073969041519,259.11367975047559,303.21352161333047,5986.553602523129,0.22042787134754894,0.03364283750725716,200.90106932388216,234.87553955583605,4708.803785887481,1.1874932446586049,0.22439403716149004,282.8241104203262,330.0406206139652,6895.297748394616,0.26715802922401069,0.05048337664852808,290.6931745044236,340.16872620543816,6625.772209654133,0.0,0.0,10.468042211735689,12.488371739167132,127.00568849917463,0.0,0.0,13.442391741333572,15.79051882917687,276.32596112829136,0.0,0.0,238.07010948409036,281.5139651929611,4072.976648734866,0.0,0.0,35.10202565040409,41.77092804173982,475.083185754106,0.0,0.0,159.57356838673253,189.4531768988005,2365.079238045925,29.94829283992604,20.540667242747639,467.0933459157558,548.0063835688455,10648.995502663325,0.0,0.0,188.18307375994423,223.32995867208389,2836.938560620278,323.63631918561557,21.060325798712446,29.300667642988214,21.0,30.0,0.0,21.26021221679638,29.000567499292847,16.0,30.0,0.0,21.722232360229776,28.872792182598539,21.0,30.0,0.0,20.92540986186036,30.211160438275198,16.0,30.0,0.0,15.39855640567615,41.8035573200622,12.0,30.0,0.0,19.74623548345188,36.11641075243706,19.0,30.0,0.0,17.943021028305844,35.521149198182659,10.0,30.0,0.0,16.11131897271907,39.91320185486817,16.0,30.0,0.0,16.771351613490855,38.26987240204278,16.0,30.0,0.0,20.22163928540568,0.0,0.0,0.0,16.885088097115174,0.0,0.0,487.9976495850008,491.73850152895428,530.8883327651548,523.4521616428326,472.9702115633311,747.8133577593551,477.8310300380224,474.9864203266144,476.2420203325957,8926.677492436138,82.10249491475804,82.10249491475804,1744.0,0.0,1744.0,1744.0,16.0,16.0,19.0,16.0,16.0,12.0,21.0,10.0,1.0,0.0,323.63631918561557,0.0,0.0,0.0,0.0,0.0,0.0,0.0,0.0,0.0,0.0,82.10249491475804,82.10249491475804,0.34,0.7704225272378387,0.36028137401965956,82.10249491475804,0.3542647819438875,0.0,0.07334488888888889 
 03/04  16:40:00,9.296666666666667,56.66666666666667,2.38,55.5,79.16666666666667,0.0,0.0,0.0,2.0,0.0,0.0,0.0,0.0,0.0,4.0,837.0,0.0,392.20063210594096,20.83184128972439,53.38090988510126,11.760000953668279,313.0117528129799,0.0,20.83184128972438,28.478706403975836,0.0,0.0,21.070051975523456,-916.363573274381,21.348291955981318,140.17008819438446,21.095094146547447,-883.3881750751534,20.313382073382969,315.8160353662008,15.260779704728318,48.83593288323824,19.70568324970222,-73.47631245972817,17.450255150171633,243.67624362275445,15.814874553570549,50.44112007623551,16.660560912358997,33.05262790285484,763.047577735395,442.01514859595508,0.0,0.0,0.0,0.0,0.0,0.0,0.0,0.0,0.0,0.0,0.0,0.0,0.0,0.0,0.0,0.0,0.0,0.0,0.0,0.0,0.0,0.0,1.1349964031259519,0.34645799851219569,296.91016906610079,346.7309298597656,7259.116733648156,0.25083676623111486,0.038283999730023669,229.8182361559576,268.73083082297355,5444.06802642432,1.262611712960486,0.2385887590628283,278.0212931901552,324.7628377169729,6814.544614370007,0.2703279939676724,0.051082387371064349,287.10070968843578,336.21896545962007,6603.26778247435,0.0,0.0,11.183767508387444,13.348367781789238,137.81804482054936,0.0,0.0,15.327452671660982,18.003970173642885,319.1853911242252,0.0,0.0,228.97068555459598,270.8439784254826,3987.193942548687,0.0,0.0,34.77025290449197,41.41011646025116,471.6358793899793,0.0,0.0,146.8847897581051,174.50209125655747,2199.8468498201525,29.690481982738093,20.363842237817644,498.5588726254988,585.117908393725,11445.259858211013,0.0,0.0,174.34453205445838,207.13327382418786,2610.2392381480769,1210.6751407374785,21.722531259392868,28.332288170380776,21.666666666666687,30.00000000000002,0.0,21.269418328839757,29.13828322988678,16.000000000000015,30.00000000000002,0.0,21.694158090755694,29.102808449657059,21.000000000000015,30.00000000000002,0.0,20.941651500866095,30.346751185219728,19.000000000000015,30.00000000000002,0.0,15.404232858883545,41.792981018766798,12.00000000000001,30.00000000000002,0.0,19.788848662956796,36.691454137898187,19.000000000000015,30.00000000000002,0.0,18.010275329722906,35.46891586658664,10.000000000000007,30.00000000000002,0.0,16.037701217515545,40.173972779720887,16.000000000000015,30.00000000000002,0.0,16.759937000697087,38.386330781384348,16.000000000000015,30.00000000000002,0.0,20.238472024685345,0.0,0.0,0.0,16.74026735779067,0.0,0.0,500.99730547932509,502.14851428146627,543.2853944922723,534.6679428645073,475.6914393739165,788.5433039861009,484.7933232026429,480.7669202907103,482.59757899524876,6538.41561434059,81.88658123218664,84.19327538747663,1744.0000000000014,0.0,1744.0000000000014,1744.0000000000014,16.0,19.0,19.0,16.0,16.0,12.0,21.0,10.0,1.0,0.0,1210.6751407374785,0.0,0.0,0.0,0.0,0.0,0.0,0.0,3490.9274072533946,2094556.444352035,2731294.001034864,81.88658123218664,84.23245071193253,0.22969758024177992,0.5096869111575442,0.24018758267977323,84.23245071193253,0.23617652129592518,2731294.001034864,0.21527528805381294 
 03/04  16:50:00,9.208333333333333,56.83333333333333,2.17,47.0,63.33333333333334,0.0,0.0,0.0,2.0,0.0,0.0,0.0,0.0,0.0,4.0,560.0,0.0,328.66401141918018,17.588563987055268,45.070104299512838,9.854875669368545,262.3037372176326,0.0,17.58856398705526,24.04490044295631,0.0,0.0,20.782392974207956,-443.28994549964048,21.327122092718377,-184.9908801559427,21.126300952037103,-884.059411807677,20.31704319580049,334.4584781688136,15.278561807369597,44.947516372343958,19.68864057845652,-54.41016650620398,17.440312093440594,94.6709555000748,16.121112571656516,15.978465528632797,16.642456140711457,36.09641204106083,738.1184170695851,495.11529844260806,0.0,0.0,0.0,0.0,0.0,0.0,0.0,0.0,0.0,0.0,0.0,0.0,0.0,0.0,0.0,0.0,0.0,0.0,0.0,0.0,0.0,0.0,1.2740173963653115,0.38889419913471048,278.4753249964843,325.4806844516731,6711.443640290373,0.22609355248495775,0.034507562955579638,225.89447237893405,264.0896196167193,5366.138426859516,1.0685924149437596,0.20192600433555556,284.3372347087618,331.91101853263208,7026.278915389454,0.2562489963562761,0.04842195698342329,287.8872122162914,336.96038833975947,6671.592255730513,0.0,0.0,10.106552904765758,12.060165764220486,126.59384363546305,0.0,0.0,13.49347567337235,15.847555295062986,283.74479395777078,0.0,0.0,230.37689195686995,272.47712420031919,4020.6874766524695,0.0,0.0,35.067970852206297,41.681678199218918,514.3667355946942,0.0,0.0,155.17896200776188,184.29255137789063,2342.6078228652006,29.287361198273396,20.08735335958395,491.5024344175641,576.7648615078292,11313.827000736306,0.0,0.0,183.4295482330699,217.8204430474226,2784.0998247887866,915.8250242593624,21.364061326156859,29.058120048318757,21.5,30.0,0.0,21.26739581657738,29.26399201312335,16.0,30.0,0.0,21.71445250778816,29.15532130239363,21.0,30.0,0.0,20.93929654350692,30.47673149574235,19.0,30.0,0.0,15.415925265167737,41.845686238906548,12.0,30.0,0.0,19.80373397988172,37.11627487147375,19.0,30.0,0.0,17.939203415024378,35.72918465834384,10.0,30.0,488.0369038297153,16.51701813676207,39.104505271703178,16.5,30.0,0.0,16.72827830857095,38.57600382996419,16.0,30.0,0.0,20.199177378417738,0.0,0.0,0.0,16.756139349760678,0.0,0.0,506.9325018227046,511.2731626444855,549.9914873530856,543.008898066516,481.9975111952542,816.3258854719078,490.8903040925359,488.2178999111492,489.5495485026336,9470.134638855281,81.74312922386537,81.74312922386537,1744.0,0.0,1744.0,1744.0,16.0,19.0,19.0,16.0,16.0,12.0,21.0,10.0,1.0,0.0,915.8250242593624,0.0,0.0,0.0,0.0,0.0,488.0369038297153,0.0,0.0,0.0,0.0,81.74312922386537,81.74312922386537,0.34,0.7713836392376782,0.36028137401965956,81.74312922386537,0.3542647819438875,0.0,0.07392622222222223 
 03/04  17:00:00,9.12,57.0,1.96,38.5,47.5,0.0,0.0,0.0,2.0,0.0,0.0,0.0,0.0,0.0,4.0,560.0,0.0,267.22884950409675,14.370522675889589,36.82396989171936,8.012762305846114,213.27288111698403,0.0,14.370522675889582,19.645593995582485,0.0,0.0,20.572111229110676,-317.09844939754569,21.2199662719431,10.06759377129083,21.176398081478568,-844.3646887238419,20.333120384147013,336.3902755440786,15.294418116581298,46.48304896842026,19.65991963003814,-61.845008772382957,17.42654757432672,174.189975018744,16.235537796452069,0.3633987735616415,16.626139187482289,30.332098217727436,753.2719503843346,542.4794846668956,0.0,0.0,0.0,0.0,0.0,0.0,0.0,0.0,0.0,0.0,0.0,0.0,0.0,0.0,0.0,0.0,0.0,0.0,0.0,0.0,0.0,0.0,1.2128495306703878,0.37022268945982536,258.5177373998968,302.6757468912103,6105.856598512424,0.23670084309910956,0.0361265023045039,201.31261293185418,235.5240185551441,4805.684466043747,1.3067735986494976,0.24693378659287569,286.14735154114819,333.977550043939,7161.585859349578,0.27070038992893899,0.05115275697825754,293.38385194629407,343.4020811824708,6862.136549073575,0.0,0.0,10.41800138144625,12.432958101069385,132.57003306193753,0.0,0.0,13.655716581094844,16.040871594678135,289.5021860729835,0.0,0.0,236.5575190225192,279.8391613387879,4170.952056292385,0.0,0.0,23.116327287532245,27.464719004041858,350.3275532351265,0.0,0.0,167.5347166873825,199.0346994405366,2549.344593459047,29.157684112783007,19.99841159998835,471.8356197992344,553.7560552278641,11028.755009912908,0.0,0.0,188.20590148986569,223.5488103470537,2887.4859823578469,334.553279935132,21.0498878756699,29.80801752912241,21.0,30.0,0.0,21.197800538743296,29.581515671721726,16.0,30.0,0.0,21.77650788754061,29.21683119562092,21.0,30.0,0.0,20.958078639471478,30.647224758661328,19.0,30.0,0.0,15.425929535512392,41.953948212737177,12.0,30.0,0.0,19.798836280630064,37.58680784897999,19.0,30.0,0.0,17.936838725690934,35.97089151825789,10.0,30.0,0.0,16.664735243916959,38.88248777089066,16.0,30.0,0.0,16.698727108211679,38.88443323773697,16.0,30.0,0.0,20.246125952443209,0.0,0.0,0.0,16.74673630133973,0.0,0.0,522.3015305198985,525.2804651620468,563.1841167867717,557.9799777181802,490.20614580430597,844.6293097244077,505.9912155159101,497.9388119998423,503.384973324203,9962.564050400666,81.41748143922475,81.41748143922475,1744.0,0.0,1744.0,1744.0,16.0,19.0,19.0,16.0,16.0,12.0,21.0,10.0,1.0,0.0,334.553279935132,0.0,0.0,0.0,0.0,0.0,0.0,0.0,0.0,0.0,0.0,81.41748143922475,81.41748143922475,0.34,0.7715667581554562,0.36028137401965956,81.41748143922475,0.3542647819438875,0.0,0.07460444444444445 
 03/04  17:10:00,8.908333333333334,58.33333333333333,1.95,29.999999999999998,31.66666666666666,0.0,4.0,0.0,0.0,0.0,0.0,0.0,0.0,0.0,0.0,840.0,0.0,200.4459060064566,11.18236332052689,28.65441183968408,6.010299335678111,159.97402865396493,0.0,11.182363320526886,15.28713844728446,0.0,0.0,20.81712189585471,-1002.3929695937295,21.160308143522554,131.93598067907988,20.8134198843509,-117.93945328514897,20.35060423443533,-79.93975501399084,15.310638758244658,49.90711835362771,19.426431325595897,-247.66343829860655,17.543798193256828,274.6362023272911,16.041688749643038,16.948616480962227,16.622618203873075,27.082622916557435,673.4492740479833,559.4883708288804,0.0,0.0,0.0,0.0,0.0,0.0,0.0,0.0,0.0,0.0,0.0,0.0,0.0,0.0,0.0,0.0,0.0,0.0,0.0,0.0,0.0,0.0,1.1992240941269508,0.36606352079577256,373.2146857316694,436.4290131309588,9347.036773345546,0.24764658250207004,0.03779709745147589,145.49419443249125,170.2648025316598,3542.6002349721109,1.5540527248059469,0.293660756766052,180.65714803453296,211.6277105992481,4437.899563597627,0.26447009758772746,0.0499754530589054,21.206665930293576,24.846962917382109,507.94881007099516,0.0,0.0,11.338051098252528,13.539175943032337,149.3690769961432,0.0,0.0,81.28685610538654,95.71889736037834,1705.6907763126099,0.0,0.0,308.68542144007366,365.05856845158879,5709.758777486498,0.0,0.0,29.54566813887577,35.15773882763241,442.62268260283636,0.0,0.0,165.54866526074037,196.7860851557612,2588.845071536785,29.254114610398419,20.06455048724172,313.64270198783836,368.72791324855839,7541.635617072124,0.0,0.0,190.835749411493,226.85050166429057,2978.818552554232,1248.6078751208107,21.54324624737023,29.051506557051697,21.666666666666669,30.0,0.0,21.184892822736744,29.823786872480946,16.0,30.0,0.0,21.23150294046132,29.713798653869753,21.0,30.0,0.0,20.8832561061664,33.80297665697353,19.0,30.0,0.0,15.437303951643637,42.25789575544604,12.0,30.0,0.0,19.45548744259863,34.47560500535163,16.0,30.0,0.0,18.168154114757109,36.44121757751002,10.0,30.0,0.0,16.368009820834844,39.96059122357653,16.0,30.0,0.0,16.69643129077131,39.401699106689289,16.0,30.0,0.0,19.83591632917029,0.0,0.0,0.0,16.66188738984328,0.0,0.0,532.996694721592,538.4597794777114,537.3796388303639,730.7367764227421,507.0963508866395,610.7617019468727,560.8536678619812,515.7455596075166,530.0629406605409,10046.391670831481,81.36203948693947,81.36203948693947,162.0,0.0,162.0,162.0,16.0,19.0,16.0,16.0,16.0,12.0,21.0,10.0,1.0,0.0,1248.6078751208107,0.0,0.0,0.0,0.0,0.0,0.0,0.0,0.0,0.0,0.0,81.36203948693947,81.36203948693947,0.34,0.7713534392478205,0.36028137401965956,81.36203948693947,0.3542647819438875,0.0,0.006993000000000001 
 03/04  17:20:00,8.696666666666666,59.66666666666667,1.9400000000000002,21.5,15.83333333333333,0.0,4.0,0.0,0.0,0.0,0.0,0.0,0.0,0.0,0.0,1120.0,0.0,94.84261693245495,7.67808787882896,19.6748297572863,2.8438295694791506,75.69309797199318,0.0,7.678087878828957,10.496528242702855,0.0,0.0,20.97797161364818,-1063.196325454427,21.116292358401659,49.73018733808294,20.95396817697001,-304.2193162534138,20.2971119013146,-75.9865882556816,15.324010816706633,47.241142006892619,19.175069085285047,-156.99825436953337,17.566168999969987,172.28071416096965,15.922902903992071,32.44633550630675,16.613202416357376,33.696761125962897,686.3261845280804,598.0271869628091,0.0,0.0,0.0,0.0,0.0,0.0,0.0,0.0,0.0,0.0,0.0,0.0,0.0,0.0,0.0,0.0,0.0,0.0,0.0,0.0,0.0,0.0,1.2364747776550103,0.3774343033134952,324.6143882902139,379.6753854544898,8279.128285658866,0.24245917968446424,0.037005369304710659,133.3971967338108,156.19081682443918,3297.016030826685,1.7463201610130466,0.32999247184675875,180.9962885338549,211.50873514288925,4667.262345540063,0.24179321748518735,0.045690328322975679,15.16232016950799,17.758424568934684,367.5272947562658,0.0,0.0,10.621811687180929,12.688873142076109,144.665850786664,0.0,0.0,68.23729910174987,80.47574139263179,1422.8183576126936,0.0,0.0,301.2058699968445,356.46254344999707,5688.137618157281,0.0,0.0,33.64864093465086,40.09071879878865,506.4861648272419,0.0,0.0,167.08916950072905,198.73546810711785,2680.5521370902358,29.433185024827748,20.187369701527954,265.67377678585975,312.60244503203327,6499.599102012718,0.0,0.0,195.26619944087094,232.27196243497105,3126.67816211305,1651.9117867160038,21.637902985538493,28.809000316775948,22.0,30.0,0.0,21.199958934800294,29.650610448679794,16.0,30.0,1080.2960237090925,21.51505605396016,29.121983791376615,21.5,30.0,0.0,20.773508863928688,37.36572335652555,19.0,30.0,0.0,15.446296284614498,42.648294788606708,12.0,30.0,0.0,19.17208032606554,34.19533936492807,16.0,30.0,0.0,18.1513086670325,36.19380149784843,10.0,30.0,0.0,16.17797303892148,41.06046075007613,16.0,30.0,0.0,16.684983303863168,39.87963801547756,16.0,30.0,0.0,19.744623806596218,0.0,0.0,0.0,16.655721551197439,0.0,0.0,533.1997510047263,534.2479508875185,536.3759750864601,924.1320718160116,527.5212888270728,559.3736557273294,547.6096840694495,546.5640919429136,553.4542286836452,9351.504636283957,81.82139871667863,85.35842467693418,162.0,0.0,162.0,162.0,16.0,19.0,16.0,16.0,16.0,12.0,21.0,10.0,1.0,0.0,1651.9117867160038,0.0,1080.2960237090925,0.0,0.0,0.0,0.0,0.0,5352.771760660089,3211663.056396053,4167561.5848714627,81.82139871667863,85.41849511985967,0.34842572535533636,0.7666972987486475,0.36028137401965956,85.41849511985967,0.3542647819438875,4167561.5848714627,0.22365220241331602 
 03/04  17:30:00,8.485,61.0,1.93,13.0,0.0,0.0,4.0,0.0,0.0,0.0,0.0,0.0,0.0,0.0,0.0,840.0,0.0,18.470397304605656,4.520036843214536,11.582434012570847,0.553838876221202,14.741168805191336,0.0,4.520036843214533,6.179233050155575,0.0,0.0,20.652481401840008,-283.8735812529299,20.99815862347237,-57.96258877397452,20.732920410204515,-349.13907811492268,20.26710547896802,-70.40728659458169,15.332925172279117,43.927889146476299,18.97578835300371,-123.11836064296125,17.529235509856784,141.54589313412056,15.840975306363673,37.1242181205852,16.60119957949579,17.474294313024676,568.2681119743629,608.9554308284912,0.0,0.0,0.0,0.0,0.0,0.0,0.0,0.0,0.0,0.0,0.0,0.0,0.0,0.0,0.0,0.0,0.0,0.0,0.0,0.0,0.0,0.0,1.251088892413593,0.38189526630451556,216.34076766608983,253.57527927644726,5416.298912867737,0.24835101978548747,0.03790461229937231,91.98391890725195,107.86355208558843,2302.0569867042656,1.6125607563949849,0.30471669621976285,97.0208697705498,113.62136198579468,2467.357095936084,0.22974469007403307,0.043413584670074247,15.11241472460907,17.710999879777988,370.91233707927565,0.0,0.0,10.188087476955689,12.169075800493412,143.13752676790819,0.0,0.0,62.90102042072617,74.22716777935836,1311.917511042659,0.0,0.0,291.30887294019996,344.8246583712897,5570.831436107628,0.0,0.0,34.39632283340358,40.994560423843669,524.0643674110727,0.0,0.0,162.73520076408529,193.55032676102469,2674.454961475252,29.543076797972778,20.26274128804717,146.5820664984889,172.97672063086507,3725.4301592986864,0.0,0.0,191.1616719987423,227.46204095018948,3098.4426655949389,182.03683273886046,21.077929080571918,29.871116088983134,20.999999999999994,29.99999999999999,0.0,21.100547889152155,29.88498431544725,15.999999999999993,29.99999999999999,68.79348048560103,21.263800958681146,29.73725975713723,20.999999999999994,29.99999999999999,0.0,20.713493421473456,39.44398909011315,18.999999999999994,29.99999999999999,0.0,15.446651122125303,42.81387463108739,11.999999999999995,29.99999999999999,0.0,18.95485554576983,34.462958065387258,15.999999999999993,29.99999999999999,0.0,18.053185229707098,36.385186557962459,9.999999999999997,29.99999999999999,0.0,16.0523208446904,41.424866891437577,15.999999999999993,29.99999999999999,0.0,16.666358110534298,39.8197915664428,15.999999999999993,29.99999999999999,0.0,18.898251631756908,0.0,0.0,0.0,16.536412686759119,0.0,0.0,536.8071964294022,540.1429381132858,550.2056124171123,1041.3343814886028,536.8702895798242,549.78090307364,547.0426061186777,549.9111678792094,549.9094076576255,4171.950933036368,83.84413253842128,83.84413253842128,161.99999999999995,0.0,161.99999999999995,161.99999999999995,16.0,19.0,16.0,16.0,16.0,12.0,21.0,10.0,1.0,0.0,182.03683273886046,0.0,68.79348048560103,0.0,0.0,0.0,0.0,0.0,0.0,0.0,0.0,83.84413253842128,83.84413253842128,0.2266666666666666,0.4620116193585352,0.24018758267977295,83.84413253842128,0.2361765212959249,0.0,0.0068850000000000009 
 03/04  17:40:00,8.273333333333334,62.33333333333333,1.92,10.833333333333334,0.0,0.0,4.0,0.0,0.0,0.0,0.0,0.0,0.0,0.0,0.0,1124.0,0.0,14.939563727363853,3.6559786644328389,9.368317890387218,0.4479664007598616,11.923224759188488,0.0,3.655978664432837,4.998000011402736,0.0,0.0,21.0590402546029,-655.3341652605233,21.39877177113122,-149.14254738549597,21.108153791187307,-557.4831571916714,20.251668073164614,-61.61458412296895,15.344039787630436,43.419001768357208,18.832188735858855,-101.20640658097106,17.542055920523187,225.30418795211114,16.331814138733319,-23.013099344497087,16.571854644787263,-16.338205516516607,569.427039559817,628.7660520886122,0.0,0.0,0.0,0.0,0.0,0.0,0.0,0.0,0.0,0.0,0.0,0.0,0.0,0.0,0.0,0.0,0.0,0.0,0.0,0.0,0.0,0.0,1.244959776718511,0.38002435186767749,192.19416882411819,224.76912641903193,5121.833322194367,0.23969881579628833,0.036584068344976867,65.30854358788509,76.34617977959997,1761.86066267269,1.7039249518913989,0.3219812834261905,124.73639811868952,145.81291837395987,3395.9605971004077,0.27631866475653,0.05221441132965419,22.33018147818342,26.15031907742052,554.7967612835871,0.0,0.0,10.344517224917603,12.360864915644907,149.77082744711573,0.0,0.0,58.45154431579788,69.05252440317726,1226.3584252362562,0.0,0.0,286.15391124723876,338.8243070962224,5617.446185044506,0.0,0.0,25.40749601933502,30.218354655048807,440.07114702768708,0.0,0.0,166.38278860712797,197.99917122617834,2788.846564367696,30.15927587324359,20.68537439865817,125.17684342341333,147.64774962479187,3342.205457920366,0.0,0.0,187.79306152503703,223.64691748709454,3077.92998080367,983.9806522868393,21.74930811158829,29.165684961882197,21.750000000000008,30.00000000000001,966.7984980487679,21.843962076328056,28.78767564869271,21.750000000000008,30.00000000000001,1318.599621932382,21.900941290220748,28.38243939026167,21.500000000000008,30.00000000000001,0.0,20.68451230489725,40.218006964180307,19.000000000000008,30.00000000000001,0.0,15.447054096041072,42.87146095257947,12.000000000000004,30.00000000000001,0.0,18.79807631172821,34.73910627641366,16.000000000000008,30.00000000000001,0.0,18.09694413388917,36.294551857847,10.000000000000004,30.00000000000001,539.8062738120466,16.91500112394323,39.152702539297397,16.500000000000008,30.00000000000001,0.0,16.616330102960036,39.865295386074837,16.000000000000008,30.00000000000001,0.0,18.87781142222301,0.0,0.0,0.0,16.409717125436737,0.0,0.0,570.4773356160253,555.3490984371248,541.508438603483,1087.488044483514,541.0664511177927,547.700473980954,549.2215361063005,548.346264467198,547.5736586308826,6632.897497885872,82.24157367214142,84.09731150325601,162.00000000000007,0.0,162.00000000000007,162.00000000000007,21.0,19.0,16.0,16.0,16.0,12.0,21.0,10.0,1.0,0.0,983.9806522868393,966.7984980487679,1318.599621932382,0.0,0.0,0.0,539.8062738120466,0.0,2808.2495715783877,1684949.7429470304,2190454.276076626,82.24157367214142,84.12882809225515,0.26360831905261297,0.5757732481045088,0.27021103051474479,84.12882809225515,0.2656985864579158,2190454.276076626,0.12073462235598454 
 03/04  17:50:00,8.061666666666668,63.66666666666667,1.91,0.0,0.0,0.0,4.0,0.0,0.0,0.0,0.0,0.0,0.0,0.0,0.0,846.0,0.0,0.0,0.0,0.0,0.0,0.0,0.0,0.0,0.0,0.0,0.0,21.035447240845444,-1058.855834828934,21.146799768962937,-222.23195558491296,20.67516715153073,-36.688995187119449,20.235047619200264,-80.41576015184018,15.359787775858504,43.909167979630179,18.714167273558219,-76.79671157577876,17.578564427091658,169.89638341168286,16.15412530702444,-7.355398467974402,16.535900477047265,-10.000846279598902,694.1154005879615,684.58475981841,0.0,0.0,0.0,0.0,0.0,0.0,0.0,0.0,0.0,0.0,0.0,0.0,0.0,0.0,0.0,0.0,0.0,0.0,0.0,0.0,0.0,0.0,1.2367080067320083,0.3775054965604424,308.03434358730177,360.22796475880866,8142.34596285713,0.2355974846190011,0.035958102048077127,132.40609886236849,154.8866952560898,3468.5565893960067,2.101567667924703,0.3971216303712595,160.29043499354905,187.660455260827,4187.64547409041,0.2673010578779409,0.050510403982982069,16.745166656958494,19.64038054482858,423.77737870893966,0.0,0.0,10.349207537317458,12.36435958967347,154.4891524776855,0.0,0.0,53.344059874580768,63.030356945466788,1129.797626626161,0.0,0.0,289.0449630299284,342.1602198482935,5814.591121486,0.0,0.0,25.863764761577174,30.77932964243481,440.6087248051445,0.0,0.0,172.35925352888038,205.13981579366206,2945.6639839405418,30.27047415493446,20.761642081573727,246.81626623638429,290.1383938049654,6419.18034656925,0.0,0.0,195.55833750268784,232.89682577440744,3275.2537870453727,1379.5685002572482,21.54207337960102,29.513832646223233,21.666666666666687,30.00000000000002,0.0,21.34318225450686,30.181098000873378,21.000000000000015,30.00000000000002,0.0,21.134469512610669,30.29135488169084,21.000000000000015,30.00000000000002,0.0,20.652744120596706,39.98745803643991,19.000000000000015,30.00000000000002,0.0,15.457221497183785,42.882484828838318,12.00000000000001,30.00000000000002,0.0,18.68093916658643,34.99794728051667,16.000000000000015,30.00000000000002,0.0,18.12795620823349,36.312662198888229,10.000000000000007,30.00000000000002,0.0,16.546389922767426,40.055009281307139,16.000000000000015,30.00000000000002,0.0,16.564462297762426,40.00025565078334,16.000000000000015,30.00000000000002,0.0,19.403790446778254,0.0,0.0,0.0,16.374679974848474,0.0,0.0,571.067222592849,589.2858458792542,572.5010178146612,1074.9638284449489,544.5157110266413,549.3605157362215,555.0597136302323,548.5354595166848,549.2809290213993,9094.237822438334,81.99169905547953,81.99169905547953,162.0000000000001,0.0,162.0000000000001,162.0000000000001,21.0,19.0,16.0,16.0,16.0,12.0,21.0,10.0,1.0,0.0,1379.5685002572482,0.0,0.0,0.0,0.0,0.0,0.0,0.0,0.0,0.0,0.0,81.99169905547953,81.99169905547953,0.3400000000000003,0.7716648476092807,0.3602813740196598,81.99169905547953,0.3542647819438878,0.0,0.006822000000000002 
 03/04  18:00:00,7.85,65.0,1.9,0.0,0.0,0.0,4.0,0.0,0.0,0.0,0.0,0.0,0.0,0.0,0.0,1410.0,0.0,0.0,0.0,0.0,0.0,0.0,0.0,0.0,0.0,0.0,0.0,21.127569250988079,-1124.3309172697123,21.007554008828053,134.90767427260918,20.995414051803495,-322.02597096953238,20.22141357096565,-72.16166745290326,15.377379958222403,43.4352474586204,18.620832611374835,-67.61902976328357,17.559121750091238,152.36918881844324,15.979393928928169,3.033098462419753,16.51014742387938,-24.376460287956435,720.1081312366007,719.3922206527809,0.0,0.0,0.0,0.0,0.0,0.0,0.0,0.0,0.0,0.0,0.0,0.0,0.0,0.0,0.0,0.0,0.0,0.0,0.0,0.0,0.0,0.0,1.3218874362166387,0.40350654341167238,310.41217206170406,363.2235520053628,8479.798250673586,0.2775461590991173,0.04236052489302767,179.50495575368366,210.16970872818158,4753.012759571242,1.8442769856964994,0.3485028317642669,110.25769647336512,129.1405221563847,3059.984169218564,0.27349350724753077,0.05168055692508138,18.963425427437636,22.221003140967029,486.13615731090166,0.0,0.0,10.437679414655865,12.477875449954905,160.52305315380836,0.0,0.0,50.655892398622409,59.91192620707024,1085.7359972453945,0.0,0.0,290.19426333423896,343.81822660041737,5931.6680764690959,0.0,0.0,30.854088683726866,36.78294969663072,521.7590599714841,0.0,0.0,172.24648287078879,205.1712214776804,3004.8305771070638,30.55709748721334,20.958228729227267,245.7065455309878,289.41860099136877,6484.070950135669,0.0,0.0,199.03276505540743,237.27084651057192,3384.728159375783,1401.7882169311579,21.65248970008534,29.58065876688897,21.8,30.0,0.0,21.235071731038738,30.301205913564098,21.0,30.0,994.4236084797553,21.714588530618408,29.37547423814302,21.400000000000003,30.0,0.0,20.62223113846271,41.178859514103368,19.0,30.0,0.0,15.469372100439364,42.901447369278098,12.000000000000002,30.0,0.0,18.592769461744856,35.248521813781717,16.0,30.0,0.0,18.07560038761473,36.52499913316853,10.0,30.0,0.0,16.256394633378606,40.8402822442265,16.0,30.0,0.0,16.527630949125127,40.16203223476155,16.0,30.0,0.0,19.665394446366773,0.0,0.0,0.0,16.288300987472455,0.0,0.0,586.9974553321781,583.8782119314057,580.8842835264193,1142.4167643696422,548.2685728175269,553.7402032440174,561.3741650826709,552.0022280369196,554.0790764110604,7779.039432180331,81.57187465713084,84.30019331401619,162.0,0.0,162.0,162.0,21.0,19.0,16.0,16.0,16.0,12.0,21.0,10.0,1.0,0.0,1401.7882169311579,0.0,994.4236084797553,0.0,0.0,0.0,0.0,0.0,4129.069168592428,2477441.501155456,3246984.606995024,81.57187465713084,84.34652922220646,0.2736356389530809,0.6117225524695719,0.28822509921572767,84.34652922220646,0.28341182555511,3246984.606995024,0.17565619956374124 
 03/04  18:10:00,7.616666666666667,66.0,1.9049999999999999,0.0,0.0,0.0,0.0,0.0,0.0,0.0,0.0,4.0,0.0,0.0,0.0,849.0,0.0,0.0,0.0,0.0,0.0,0.0,0.0,0.0,0.0,0.0,0.0,21.117912366321709,-826.9058301591721,21.069032336811867,-71.31710768126068,20.85236859004803,-646.8701336215396,20.152173592639835,186.41841745729654,15.395871289401886,41.09387686411583,18.529065177227439,-64.27379987104799,17.52944295407944,147.148046541762,15.8507409734807,12.408145522073255,16.476361617097895,-29.502578342137896,671.4307010993613,732.6583724916418,0.0,0.0,0.0,0.0,0.0,0.0,0.0,0.0,0.0,0.0,0.0,0.0,0.0,0.0,0.0,0.0,0.0,0.0,0.0,0.0,0.0,0.0,1.2463988797229784,0.38046363849907768,170.31789455166723,199.05220280219513,4732.827287547615,0.24083966315674638,0.03675819034748876,18.227980222960583,21.342730496573485,500.84597153285088,2.1145554056061979,0.39957585139950849,240.2120530994758,281.04679856480427,6611.066873495858,0.2998056275861274,0.05665261292254861,235.48516646847578,276.31186499695675,6047.355549628261,0.0,0.0,10.270113582139212,12.273047051568707,163.08334786778108,0.0,0.0,49.845896210002738,58.948207177885219,1083.0153851474327,0.0,0.0,288.6894841707697,341.99296449572236,6000.58940687249,0.0,0.0,33.181822629159359,39.57385992613041,563.5459033009886,0.0,0.0,170.11944035543088,202.60857990552757,3032.076979201919,30.622795946923547,21.003289401182138,242.17837966072427,285.386671725172,6294.194367235226,0.0,0.0,198.10420984552474,236.17825190134273,3420.7364641232945,1236.183574119206,21.571220570432744,30.150464828773779,21.666666666666666,30.0,0.0,21.360882307594648,33.409275823745698,21.0,30.0,1131.050144320997,21.358806270997524,32.38078938970159,21.333333333333337,30.0,0.0,20.585434836684209,33.79001121863466,16.0,30.0,0.0,15.483018896661985,42.94778607358809,12.0,30.0,0.0,18.501425614742826,35.54553828490466,16.0,30.0,0.0,18.009658413792953,36.883603115884657,10.0,30.0,0.0,16.04930400941054,41.472982646714459,16.0,30.0,0.0,16.47905556930392,40.38688696887186,16.0,30.0,0.0,19.1829784632245,0.0,0.0,0.0,16.17932013380746,0.0,0.0,611.8818566550172,775.6912425997691,720.3303452343738,713.0502655466412,553.4854876464145,559.9273051575624,571.9514085361641,557.6573743452461,559.8666231187722,10068.062124923157,81.34769144872742,83.64415045410044,240.0,0.0,240.0,240.0,21.0,16.0,16.0,16.0,16.0,12.0,21.0,10.0,1.0,0.0,1236.183574119206,0.0,1131.050144320997,0.0,0.0,0.0,0.0,0.0,3475.4531489055027,2085271.8893433016,2702535.1482499006,81.34769144872742,83.68315195173239,0.3425151049635168,0.7668602231278607,0.36028137401965956,83.68315195173239,0.3542647819438875,2702535.1482499006,0.15061182770899485 
 03/04  18:20:00,7.383333333333333,67.0,1.9100000000000002,0.0,0.0,0.0,0.0,0.0,0.0,0.0,0.0,4.0,0.0,0.0,0.0,2547.0,0.0,0.0,0.0,0.0,0.0,0.0,0.0,0.0,0.0,0.0,0.0,21.2916689719439,-1456.4519615024215,21.109767104554103,-79.06296043474159,20.937811935871705,-222.41874822954066,20.14771225222845,299.59806890591076,15.413825564747996,42.31829649381454,18.450808594241275,-49.51492334960841,17.56127125913509,160.46876017693158,16.188703983030366,-23.396835223818479,16.440723057937075,-51.319966645619278,740.7816267649837,799.9255536925605,0.0,0.0,0.0,0.0,0.0,0.0,0.0,0.0,0.0,0.0,0.0,0.0,0.0,0.0,0.0,0.0,0.0,0.0,0.0,0.0,0.0,0.0,1.251336203024191,0.3819707579438922,274.9782510465013,321.6068199934306,7890.427838039099,0.2179297035567726,0.03326155426690668,12.84414927946481,15.031896312417885,362.60276163379498,2.3683051546367754,0.4475255394249387,272.28087189403626,319.20177049029999,7572.370047072161,0.34119676912638477,0.06447406824005755,291.7901023708515,342.88620934481818,7656.087612526385,0.0,0.0,10.581470391632612,12.657575399728718,173.2780038228,0.0,0.0,43.34705939498527,51.33418644773179,956.3390333178453,0.0,0.0,290.8873422517064,344.87210457377167,6210.79219348808,0.0,0.0,28.428002208784993,33.89439853293326,523.9094807701509,0.0,0.0,181.41560355544838,216.29470043317969,3300.2390420155295,31.118110127996105,21.343011061725723,290.5115448665655,342.9051203883266,7638.200022026813,0.0,0.0,205.56136022726953,245.34744551312725,3623.4802516998668,1762.2172042311157,21.881859573176276,30.499227424246614,21.99999999999999,29.99999999999999,0.0,21.446978958928395,36.34679171377034,20.999999999999994,29.99999999999999,0.0,21.343932056310114,31.56122235748368,20.999999999999994,29.99999999999999,0.0,20.62956537036049,33.32617323479155,15.999999999999993,29.99999999999999,0.0,15.496233314166613,43.110809809461,11.999999999999997,29.99999999999999,0.0,18.43181783184536,36.00340312685384,15.999999999999993,29.99999999999999,0.0,18.062034219362574,37.36969440358446,9.999999999999997,29.99999999999999,478.697048599053,16.61528677416692,40.24884150656048,16.44444444444444,29.99999999999999,0.0,16.427798158594265,40.9603771798165,15.999999999999993,29.99999999999999,0.0,19.33785727448347,0.0,0.0,0.0,16.123608530421774,0.0,0.0,669.3834726775932,951.7201934370851,671.762808326053,691.2421326685512,563.0048289401107,576.0399463225778,603.1700640766154,569.2438011931971,580.6394594003809,9796.376236011894,81.52736846732762,83.05514884801623,239.99999999999992,0.0,239.99999999999992,239.99999999999992,21.0,16.0,16.0,16.0,16.0,12.0,21.0,10.0,1.0,0.0,1762.2172042311157,0.0,0.0,0.0,0.0,0.0,478.697048599053,0.0,2312.1423400449559,1387285.4040269736,1796579.8646321935,81.52736846732762,83.08109563076312,0.34151585577927626,0.769048557959086,0.36028137401965945,83.08109563076312,0.3542647819438874,1796579.8646321935,0.10348881962754073 
 03/04  18:30:00,7.15,68.0,1.915,0.0,0.0,0.0,0.0,0.0,0.0,0.0,0.0,4.0,0.0,0.0,0.0,566.0,0.0,0.0,0.0,0.0,0.0,0.0,0.0,0.0,0.0,0.0,0.0,21.273592550282595,-1593.0641611512429,21.13080905457108,-98.76193933070198,20.537672751683503,195.41744402658606,20.107145325825159,184.31022988607766,15.435704647303574,41.658287407906389,18.375217440637259,-41.39095421778802,17.561755088941788,151.90344629258017,16.10700387939506,-19.20001283043439,16.400853478063995,-43.73501399006091,766.4297449957494,835.801996662437,0.0,0.0,0.0,0.0,0.0,0.0,0.0,0.0,0.0,0.0,0.0,0.0,0.0,0.0,0.0,0.0,0.0,0.0,0.0,0.0,0.0,0.0,1.2707991023324164,0.38791181389878406,321.40729058503976,375.64588826896456,9284.121591240302,0.1928965676838449,0.02944086808361491,17.11988802909986,19.98936524445842,490.3294082488941,2.6275518524621495,0.4965139554917139,269.67911424072647,316.03299512719289,7459.7779886213479,0.3438478965863048,0.06497503714782779,251.63735512685197,295.4102192491122,6696.034108546366,0.0,0.0,10.54637246886492,12.597662184189418,178.14950739205293,0.0,0.0,41.06344252705276,48.57239643456949,919.682162518061,0.0,0.0,291.12170350810046,344.6809918962781,6348.171844860004,0.0,0.0,27.244036544727277,32.4357977930433,509.7629645328181,0.0,0.0,183.16616801783557,218.12943312521908,3399.6284229405375,31.333184220648776,21.490524156823584,288.0203396009103,339.45867522812235,7733.444090460286,0.0,0.0,208.09446212532226,248.06487961665585,3746.584368237728,1780.9463002882727,21.74813923045862,30.763436285304825,22.0,30.0,0.0,21.496982191679828,38.65356519711919,21.0,30.0,0.0,21.008468124038836,32.09500579855755,21.0,30.0,0.0,20.563076408655108,33.11228180037615,16.0,30.0,0.0,15.516688081692,43.446875567770579,12.0,30.0,0.0,18.35915809842031,36.57508114109356,16.0,30.0,0.0,18.0516820778384,37.56508833030276,10.0,30.0,0.0,16.45145012498495,41.10038442696615,16.0,30.0,0.0,16.372408502938567,41.46713075317071,16.0,30.0,0.0,19.34024097352416,0.0,0.0,0.0,16.072709608582565,0.0,0.0,669.6831018673229,1086.2307401610613,664.206197868433,670.6212949748468,580.8049415060978,597.3267941816473,611.7171589908419,589.6700996932627,597.2047943392888,6722.465132121699,83.55955006571142,83.55955006571142,240.0,0.0,240.0,240.0,21.0,16.0,16.0,16.0,16.0,12.0,21.0,10.0,1.0,0.0,1780.9463002882727,0.0,0.0,0.0,0.0,0.0,0.0,0.0,0.0,0.0,0.0,83.55955006571142,83.55955006571142,0.34,0.7681835219422863,0.36028137401965956,83.55955006571142,0.3542647819438875,0.0,0.010053333333333335 
 03/04  18:40:00,6.916666666666666,69.0,1.92,0.0,0.0,0.0,0.0,0.0,0.0,0.0,0.0,4.0,0.0,0.0,0.0,2547.0,0.0,0.0,0.0,0.0,0.0,0.0,0.0,0.0,0.0,0.0,0.0,21.03531077672427,-773.6959990951549,21.127147074796679,-106.20339483462444,20.761783794493537,-900.7142743715652,20.144984142622158,408.08676513709056,15.454014612884,41.823638813028839,19.09637177459873,-234.69479994221539,17.56852822337988,166.0609355905492,16.996222972126178,-42.90618214499606,16.364209875700398,-72.09300121040489,781.4143354482345,870.0992572708069,0.0,0.0,0.0,0.0,0.0,0.0,0.0,0.0,0.0,0.0,0.0,0.0,0.0,0.0,0.0,0.0,0.0,0.0,0.0,0.0,0.0,0.0,1.3555977877858932,0.4137966385182835,167.58021413734037,196.48046804743866,4896.302576553939,0.1785304383158386,0.027248235396190334,21.623693375158298,25.301385858648247,627.6965486995539,2.3235956366022285,0.4390770288364011,289.9297372895381,339.7931983717582,8459.488157964672,0.3469959073760345,0.06556989935299229,303.3427156602868,356.5751690801605,8274.143050213295,0.0,0.0,10.91693641445667,13.060113230624415,189.8240107355675,0.0,0.0,70.31202682959659,82.90540732688047,1775.3833400848385,0.0,0.0,313.44948715638568,371.69086828858766,6988.137879738283,0.0,0.0,19.39509638867166,23.032824137592156,420.47014597065387,0.0,0.0,197.2730581657271,235.33563498340187,3734.0809844123839,31.636881074420509,21.698821038697255,305.2647822292819,360.48287540181448,8331.332448002755,0.0,0.0,207.46717155894585,247.78517967029274,3806.234161260497,760.3601329439372,21.57093751833426,31.154371730002955,21.444444444444497,30.000000000000076,0.0,21.503387539721048,39.16318062886553,21.00000000000005,30.000000000000076,1224.1794665104297,21.513738304009065,30.871878566510909,21.333333333333387,30.000000000000076,0.0,20.683504605215906,32.67616037167872,16.00000000000004,30.000000000000076,0.0,15.53018404028446,43.68578608998848,12.000000000000032,30.000000000000076,1380.728564448966,19.508399987026068,34.371949422369379,19.88888888888894,30.000000000000076,0.0,18.06277120171756,37.82815724258174,10.000000000000025,30.000000000000076,1334.701004181238,17.832027345151844,37.94125630938176,20.700000000000054,30.000000000000076,0.0,16.322070244273346,41.98339810198152,16.00000000000004,30.000000000000076,0.0,19.331895455461927,0.0,0.0,0.0,16.007608137354244,0.0,0.0,670.2364098993874,1114.6569953585759,649.0394397848334,659.331980320243,592.9607407286735,614.6434313837759,625.9663813463673,601.873347754392,614.5628805888448,10315.205189446446,81.18415131457124,83.74052759866696,240.0000000000006,0.0,240.0000000000006,240.0000000000006,21.0,16.0,19.0,16.0,19.7,12.0,21.0,10.0,1.0,0.0,760.3601329439372,0.0,1224.1794665104297,0.0,1380.728564448966,0.0,1334.701004181238,0.0,3868.336001297862,2321001.60077871,3020426.6504371489,81.18415131457124,83.78394335455775,0.3556112000432627,0.7692324259175204,0.36028137401966056,83.78394335455775,0.3542647819438884,3020426.6504371489,0.16710218582273179 
 03/04  18:50:00,6.683333333333333,70.0,1.925,0.0,0.0,0.0,0.0,0.0,0.0,0.0,0.0,4.0,0.0,0.0,0.0,1698.0,0.0,0.0,0.0,0.0,0.0,0.0,0.0,0.0,0.0,0.0,0.0,21.151597523678608,-557.5199938277494,21.12152228207286,-92.67711804795411,20.94686772027893,-1110.1655956488567,20.241258651405315,389.3602397548479,15.47598412378502,42.05036277238628,19.050290116894904,-231.2064863989078,17.559390924514014,123.31235401789444,18.126204438112788,-145.94420139990019,16.319257087535989,-58.86830080016375,844.2885437140926,971.037230364522,0.0,0.0,0.0,0.0,0.0,0.0,0.0,0.0,0.0,0.0,0.0,0.0,0.0,0.0,0.0,0.0,0.0,0.0,0.0,0.0,0.0,0.0,1.3840964059736878,0.4224958504193181,140.61026570060828,164.76134806966094,4181.1507493977719,0.19205504879163949,0.029312431134255073,19.630567982408598,22.971154579599874,580.147708819225,2.2579458175261606,0.42667154526193459,304.6317878708587,356.9155520683179,9080.552809352523,0.3430007559199783,0.0648149576568363,305.5905201308973,359.0162853938168,8577.321682618456,0.0,0.0,11.089887428483414,13.266483264628274,198.5343727778725,0.0,0.0,75.08319554284569,88.62818095235174,1904.660421164629,0.0,0.0,320.7406645859629,380.3734955347026,7287.8310009689,0.0,0.0,31.62029060051764,37.246311124023439,827.6141663653305,0.0,0.0,213.84195057554974,255.1485875974388,4123.860929273199,31.97497378590583,21.930709043831138,311.6465285607221,367.8935953401287,8727.51666398117,0.0,0.0,217.74603606625414,259.9883606710838,4117.271282432078,761.511854334766,21.595176501832275,31.123437203305966,21.49999999999997,29.999999999999959,0.0,21.509287678715425,39.42084555742202,20.99999999999997,29.999999999999959,1503.286827969375,21.61951903861893,30.510890177758538,21.49999999999997,29.999999999999959,0.0,20.856179330340838,32.156270305753249,15.999999999999977,29.999999999999959,0.0,15.551425338176765,43.99340489922054,11.999999999999983,29.999999999999959,0.0,19.42004280981221,34.892684369687447,18.99999999999997,29.999999999999959,0.0,18.040858540910948,38.085798505376519,9.999999999999986,29.999999999999959,1266.6070415747416,19.748455204743409,33.95349326745068,20.69999999999997,29.999999999999959,0.0,16.261380104222803,42.44123591025106,15.999999999999977,29.999999999999959,0.0,19.43949773702053,0.0,0.0,0.0,16.051942577947224,0.0,0.0,670.4826958975432,1129.1455781771879,639.3696087793093,649.3846623218469,608.857412582582,632.7331138790821,635.6971511103038,619.7742126133181,627.3763551356291,9663.610260658796,81.61514354215486,82.80647563422376,239.99999999999967,0.0,239.99999999999967,239.99999999999967,21.0,16.0,19.0,16.0,19.7,12.0,21.0,10.0,1.0,0.0,761.511854334766,0.0,1503.286827969375,0.0,0.0,0.0,1266.6070415747416,0.0,1802.8901558557232,1081734.0935134355,1409405.7987722697,81.61514354215486,82.82670840809822,0.3434296718618571,0.7694340463431063,0.360281374019659,82.82670840809822,0.354264781943887,1409405.7987722697,0.08331576820282467 
 03/04  19:00:00,6.45,71.0,1.93,0.0,0.0,0.0,0.0,0.0,0.0,0.0,0.0,4.0,0.0,0.0,0.0,566.0,0.0,0.0,0.0,0.0,0.0,0.0,0.0,0.0,0.0,0.0,0.0,21.049440602576085,-298.66694718808778,21.10969779023219,-116.14278722224214,20.948809880475879,-957.1112496538617,20.19083472751116,189.82128524129213,15.494934652626317,38.21360213290569,19.156476114225776,-227.5319052999364,17.452923299964316,85.39469090085186,18.864430250598447,-281.68305091545155,16.29368528551822,-51.008901266747219,771.2576667455605,1036.1057572150544,0.0,0.0,0.0,0.0,0.0,0.0,0.0,0.0,0.0,0.0,0.0,0.0,0.0,0.0,0.0,0.0,0.0,0.0,0.0,0.0,0.0,0.0,1.429793865974577,0.4364450140337537,79.66915566664719,93.24376617700819,2409.2604934021699,0.15175520264574564,0.023161660965467895,25.574942413622837,29.874452713022757,764.5924272125328,2.3607144888549396,0.4460911732530122,232.14393022785903,271.8404776925715,6973.437761286413,0.318049450197624,0.06010004727846256,231.26858686737598,271.5342504017876,6561.502648152635,0.0,0.0,10.500671559548918,12.546776359697688,193.32965999913808,0.0,0.0,69.9707401395836,82.47945335930709,1817.3288609161564,0.0,0.0,309.3294770241679,366.68067739476967,7055.976144378111,0.0,0.0,43.349217459006158,50.82886267430568,1243.8046316383528,0.0,0.0,215.3677938310442,256.70775735190139,4244.747005107605,31.960839497196774,21.921014744305066,234.71273008791332,277.0562484985986,6758.560858902448,0.0,0.0,220.53397581231565,263.0023328563632,4286.274465497929,801.0350303738173,21.502213099371823,32.16797588342152,21.5,30.0,0.0,21.499692938270458,39.16281327665456,21.0,30.0,1776.4196072989342,21.581255525806144,30.40826046504357,21.5,30.0,0.0,20.740979116504684,32.32460319440292,16.0,30.0,0.0,15.567879272432743,44.24385296576325,12.0,30.0,942.9793179297162,19.52702669953569,34.84223329683988,19.5,30.0,0.0,17.837347391828766,38.73147937905633,10.0,30.0,1306.0097381581139,20.909997549707364,31.818880108010306,20.7,30.0,0.0,16.23464752015845,42.62982124052488,16.0,30.0,0.0,19.15374778856976,0.0,0.0,0.0,16.08014633283108,0.0,0.0,718.6418577762192,1112.7121222666834,629.3031730092184,645.8804938508104,621.4803634735528,641.3644797455365,642.4677007944656,632.9149675376726,632.1704746689081,9458.271899598712,81.75075889266096,85.43148525759972,240.0,0.0,240.0,240.0,21.0,16.0,19.0,16.0,19.7,12.0,21.0,10.0,1.0,0.0,801.0350303738173,0.0,1776.4196072989342,0.0,942.9793179297162,0.0,1306.0097381581139,0.0,5570.016607100114,3342009.9642600684,4327983.508412617,81.75075889266096,85.49399621044933,0.35566722023667049,0.7680396144627585,0.36028137401965956,85.49399621044933,0.3542647819438875,4327983.508412617,0.23506847577078947 
 03/04  19:10:00,6.251666666666667,71.83333333333334,1.9933333333333335,0.0,0.0,0.0,0.0,1.0,2.0,0.0,0.0,4.0,0.0,0.0,0.0,1417.0,0.0,0.0,0.0,0.0,0.0,0.0,0.0,0.0,0.0,0.0,0.0,21.140842929226424,-657.8442925944227,21.088193160796107,-116.66070761187342,20.9977946648613,-1017.3651149416834,20.135090490886755,337.3192201240083,15.506342952069933,34.106513869487297,19.32577774610476,-64.82791819311643,17.35486448216671,87.05717806343128,18.5163039403552,-234.05280684447588,16.268977429318484,-70.17987278767416,800.913266668834,969.5430460708172,0.0,0.0,0.0,0.0,0.0,0.0,0.0,0.0,0.0,0.0,0.0,0.0,0.0,0.0,0.0,0.0,0.0,0.0,0.0,0.0,0.0,0.0,1.415092814562276,0.4319575136026484,132.47262839849609,155.27076060283793,4026.8789763322745,0.17547683531932493,0.026782178772790746,23.23126205109667,27.204478267022954,703.6716892104993,2.341632171178835,0.4424852931176938,265.9481151267317,311.68587339176687,8100.232092777836,0.3423126516082589,0.06468493038704816,282.65891014343677,332.2301609134324,8089.236366583612,0.0,0.0,10.243451285093713,12.2540748733234,192.7709393162875,0.0,0.0,13.503632752026237,15.915325301682075,364.0632288020644,0.0,0.0,237.51589688376709,282.1005205380655,5429.911867998926,0.0,0.0,45.54955761672961,53.6603299719916,1251.007340835174,0.0,0.0,199.29400693418646,237.90932801788524,3996.907355769259,32.31402180341249,22.16325226571502,279.92464822764989,330.68557391196387,8051.207566535167,0.0,0.0,204.33660966666126,244.18727745274553,3980.2442996141587,871.2727177388483,21.51910904866862,31.378474276588464,21.4,30.0,0.0,21.474588754318345,38.73645295854284,21.0,30.0,1333.552529257731,21.511745474514659,30.70532302086621,21.4,30.0,0.0,20.673285589698435,32.460143874484987,16.0,30.0,0.0,15.57174247590557,44.45084174341721,12.000000000000002,30.0,0.0,19.81433623196569,35.94643536833497,19.0,30.0,0.0,17.65924475702749,39.46812319318714,10.0,30.0,349.4934315660053,20.053456286751009,34.52162403173643,19.9,30.0,0.0,16.20696929503302,43.01621856173098,16.0,30.0,0.0,19.165870157220156,0.0,0.0,0.0,15.893031588005913,0.0,0.0,676.6877953932399,1085.5905060472942,638.6173535601481,646.0202452013998,630.3874634046215,742.4589418877919,656.3294707647015,684.8568624469617,645.1545989915335,5188.8576150614339,82.81908155323625,84.17582180808931,270.0,0.0,270.0,270.0,21.0,16.0,19.0,16.0,19.7,12.0,21.0,10.0,1.0,0.0,871.2727177388483,0.0,1333.552529257731,0.0,0.0,0.0,349.4934315660053,0.0,2053.3175542816436,1231990.532568986,1602179.9183703445,82.81908155323625,84.19886376168525,0.2044439184760548,0.429194496660219,0.21616882441179575,84.19886376168525,0.21255886916633252,1602179.9183703445,0.09456335575525793 
 03/04  19:20:00,6.053333333333334,72.66666666666667,2.0566666666666668,0.0,0.0,0.0,0.0,1.0,2.0,0.0,0.0,4.0,0.0,0.0,0.0,852.0,0.0,0.0,0.0,0.0,0.0,0.0,0.0,0.0,0.0,0.0,0.0,21.103876563442808,-745.0287780534345,21.068311049754408,-125.91655715304305,20.94331494179133,-653.8608056746004,20.137636799234856,173.36019069539445,15.517089927276068,31.817212867338968,19.11674079810959,-53.58652073430883,17.323480262314644,53.40424103042882,18.84247955275342,-302.98184419810709,16.21474986358291,-97.18211760879054,800.1451089574927,1031.0819183654076,0.0,0.0,0.0,0.0,0.0,0.0,0.0,0.0,0.0,0.0,0.0,0.0,0.0,0.0,0.0,0.0,0.0,0.0,0.0,0.0,0.0,0.0,1.4511215308650428,0.44295529025184446,154.91835881013277,181.3983553520959,4791.861472837423,0.16543284020602959,0.025249212485657748,25.551533203278738,29.898135882259916,782.3016926692052,2.4304160859871808,0.45926229893937656,235.68830499784043,276.46046292922588,7195.8281755993289,0.3306935807539093,0.06248933876680066,240.82470011140965,283.11649318000857,6987.823931054584,0.0,0.0,9.985734289176092,11.942009031672612,192.0495739424505,0.0,0.0,12.788049558675148,15.079017947656226,342.55147611431229,0.0,0.0,236.1440320426456,280.4191884658775,5467.291961908162,0.0,0.0,48.4141863154808,56.88331446570584,1399.0495387436504,0.0,0.0,200.3672571472136,239.1443587199666,4067.217940253473,32.49154456014951,22.285009986385125,238.80047787149497,282.35521688393268,6999.394931848519,0.0,0.0,205.73324020268354,245.83033120935679,4046.2800800252668,922.353571343511,21.447198811523124,31.51081187646925,21.333333333333326,29.99999999999999,0.0,21.45077326748695,38.73489678886893,20.999999999999994,29.99999999999999,999.1600815283587,21.42405525693762,31.13481649734168,21.333333333333326,29.99999999999999,0.0,20.667576977423545,32.45877023484384,15.999999999999993,29.99999999999999,0.0,15.57637024166157,44.74243466619729,11.999999999999995,29.99999999999999,0.0,19.50477068297979,38.83961101206356,18.999999999999994,29.99999999999999,0.0,17.601791245991426,39.745622728836668,9.999999999999997,29.99999999999999,1119.20498873216,20.615166491758794,33.68597202050225,20.69999999999999,29.99999999999999,0.0,16.124742997729269,43.606278310455177,15.999999999999993,29.99999999999999,0.0,18.967860231504397,0.0,0.0,0.0,15.785553849029736,0.0,0.0,676.5181125261639,1083.3266568338898,654.2819095084714,645.5723554743486,643.0771680665198,872.9863061873673,662.65201612437,709.3500052402351,660.7640671011629,9066.221393338292,82.01016181310807,82.01016181310809,269.9999999999999,0.0,269.9999999999999,269.9999999999999,21.0,16.0,19.0,16.0,19.7,12.0,21.0,10.0,1.0,0.0,922.353571343511,0.0,999.1600815283587,0.0,0.0,0.0,1119.20498873216,0.0,0.0,0.0,0.0,82.01016181310807,82.01016181310807,0.3399999999999999,0.7682088046143808,0.36028137401965945,82.01016181310807,0.35426478194388735,0.0,0.011310000000000003 
 03/04  19:30:00,5.855,73.5,2.12,0.0,0.0,0.0,0.0,1.0,2.0,0.0,0.0,4.0,0.0,0.0,0.0,852.0,0.0,0.0,0.0,0.0,0.0,0.0,0.0,0.0,0.0,0.0,0.0,21.129077937115868,-1218.4357446712352,21.05825397873479,-83.20226436299019,20.98600621742652,-135.25393250214555,20.132714597540639,353.0876062218721,15.531195661768255,36.09901382845503,18.97547003775226,-71.63869710961817,17.3678553310291,166.8868788321172,18.581814258685307,-236.81101499720536,16.173677802037348,-81.11880878292047,893.2891967994125,1078.5907316954068,0.0,0.0,0.0,0.0,0.0,0.0,0.0,0.0,0.0,0.0,0.0,0.0,0.0,0.0,0.0,0.0,0.0,0.0,0.0,0.0,0.0,0.0,1.407331884020557,0.42958848718576206,259.6133958765337,304.0096055474516,8103.442531449825,0.22550745291415048,0.03441810941913163,16.699686878557985,19.542529191844495,521.6514162247618,2.612916503903633,0.49374839453961319,268.10072119496,314.43456658358357,8277.084042421502,0.36488783868304378,0.06895083875340959,287.3158415867492,337.68025241200919,8461.916957704187,0.0,0.0,11.22470775825797,13.424653327242148,220.68848913797963,0.0,0.0,15.456801258958067,18.239482187032939,413.7650619661142,0.0,0.0,256.29835795464916,304.28156550304336,6091.6052496649949,0.0,0.0,46.28676124438857,54.545491774025339,1297.907472731367,0.0,0.0,210.09279336192624,250.8426765152539,4328.70967211988,33.221770431755668,22.785850776238456,284.64195863989496,336.15044951772026,8495.82167717223,0.0,0.0,215.14967858166797,257.1360241020054,4320.295412842249,1165.101414912775,21.649429284144416,30.72636514903059,21.666666666666658,29.99999999999999,0.0,21.451344164048146,39.699155915958659,20.999999999999994,29.99999999999999,0.0,21.323741971739826,31.33115401539421,20.999999999999994,29.99999999999999,0.0,20.704832831904004,32.38299787193041,15.999999999999993,29.99999999999999,0.0,15.589217181931183,44.97729002212414,11.999999999999995,29.99999999999999,0.0,19.28485559562412,40.423625165941718,18.999999999999994,29.99999999999999,0.0,17.714212019695446,39.66977287512996,9.999999999999997,29.99999999999999,503.06139905190715,19.95730015790622,35.333614072399878,20.033333333333326,29.99999999999999,0.0,16.074480145100254,44.21119341888643,15.999999999999993,29.99999999999999,0.0,19.289111523222134,0.0,0.0,0.0,15.784846074455663,0.0,0.0,656.3968703346073,1141.3599206216134,655.3766830711119,646.6807874849529,654.9060677611662,940.4658249580298,674.4701966454907,722.5193553456754,682.348721900785,9701.981179871174,81.58977185197591,83.8960703967671,269.9999999999999,0.0,269.9999999999999,269.9999999999999,21.0,16.0,19.0,16.0,19.7,12.0,21.0,10.0,1.0,0.0,1165.101414912775,0.0,0.0,0.0,0.0,0.0,503.06139905190715,0.0,3490.329320507399,2094197.5923044403,2712131.1510804628,81.58977185197591,83.93523900244338,0.34301097735024657,0.7675517373799372,0.36028137401965945,83.93523900244338,0.35426478194388735,2712131.1510804628,0.15240081985618404 
 03/04  19:40:00,5.656666666666666,74.33333333333333,2.1833333333333337,0.0,0.0,0.0,0.0,1.0,2.0,0.0,0.0,4.0,0.0,0.0,0.0,1136.0,0.0,0.0,0.0,0.0,0.0,0.0,0.0,0.0,0.0,0.0,0.0,21.189327589617294,-1116.1964930571008,21.04680308905033,-112.6096514351396,21.075542348312714,-818.2647443318047,20.09197853696491,320.6223873793706,15.544110709000006,32.370570773638849,18.864760680924399,-60.33767015810177,17.358428097961594,57.87411138629477,19.000709770924808,-313.43370627003187,16.137304806167799,-95.09816193875577,867.6577150696585,1125.2672889927024,0.0,0.0,0.0,0.0,0.0,0.0,0.0,0.0,0.0,0.0,0.0,0.0,0.0,0.0,0.0,0.0,0.0,0.0,0.0,0.0,0.0,0.0,1.4496324212786017,0.44250073909603218,243.50348412409313,285.39986033632177,7752.713897096337,0.1921578698726598,0.029328124217438916,22.129027748007624,25.92168658696007,696.242415333222,2.5715291726630555,0.48592765923338179,307.2132697324988,359.84232708684797,9779.686725241572,0.36403638856958067,0.06878994493000389,284.0890484800327,333.9817092531008,8444.6922828107,0.0,0.0,10.4988825821635,12.562116820512639,210.84297530965643,0.0,0.0,13.659755188669829,16.134067460098547,367.09085659652018,0.0,0.0,252.0331622077482,299.41468411532989,6069.269525101181,0.0,0.0,49.43860003392292,58.11937091377378,1469.175099960186,0.0,0.0,211.78858945091347,253.0230183113091,4428.847761784119,33.269181577370847,22.81836870875916,312.2915874368507,368.81773229338025,9357.260131432751,0.0,0.0,217.3217452785476,259.89422072733978,4426.124314439709,1661.394473913283,21.71546966714405,30.737502796891485,22.0,30.0,0.0,21.438985808688295,39.95905725054836,21.0,30.0,1542.5653110914003,21.527085970584137,30.850339801144736,21.5,30.0,0.0,20.615913651717674,32.92108158432117,16.0,30.0,0.0,15.598913861984626,45.17057193845993,12.0,30.0,0.0,19.130929885701609,41.4275124107798,19.0,30.0,0.0,17.66856673933874,39.80582897438153,10.0,30.0,923.6831507714971,20.63658100269935,34.04723097327028,20.45,30.0,0.0,16.02573962896295,44.44514120136064,16.0,30.0,0.0,19.19099462977774,0.0,0.0,0.0,15.730707429029732,0.0,0.0,665.3751633599953,1156.43842922468,650.5630996412782,666.4569833718954,664.742137916278,984.2467738778602,676.7453749759397,734.2502840969153,687.614782643264,9863.82758421502,81.48268866787741,85.02849181850788,270.0,0.0,270.0,270.0,21.0,16.0,19.0,16.0,19.7,12.0,21.0,10.0,1.0,0.0,1661.394473913283,0.0,1542.5653110914003,0.0,0.0,0.0,923.6831507714971,0.0,5366.048434289074,3219629.0605734449,4201475.511866451,81.48268866787741,85.08871132726419,0.34886828114296916,0.7692290071887386,0.36028137401965956,85.08871132726419,0.3542647819438875,4201475.511866451,0.22990672661705548 
 03/04  19:50:00,5.458333333333334,75.16666666666667,2.2466666666666668,0.0,0.0,0.0,0.0,1.0,2.0,0.0,0.0,4.0,0.0,0.0,0.0,1136.0,0.0,0.0,0.0,0.0,0.0,0.0,0.0,0.0,0.0,0.0,0.0,21.197197231133467,-766.9699273345302,21.032513614117897,-98.40144642436752,21.161266152303047,-1042.1745928472474,20.145815261175949,331.83600381555848,15.555254323124755,31.276486602709896,18.776464975433155,-41.99280662059229,17.392519630619753,214.91970771166008,18.75565393572178,-207.38226282816738,16.603033226015957,-350.7043249450868,905.6271777443951,953.39754956248,0.0,0.0,0.0,0.0,0.0,0.0,0.0,0.0,0.0,0.0,0.0,0.0,0.0,0.0,0.0,0.0,0.0,0.0,0.0,0.0,0.0,0.0,1.5237189344566902,0.4651156698585746,242.18359250396947,284.3698315705941,7657.046000420594,0.20100423012872199,0.0306783013016975,22.661593751937536,26.558503858837058,721.5718947980865,2.5158587808489569,0.4754079328890698,347.4653107407213,407.50062755348986,11134.001459455614,0.35668887948593777,0.06740152673581589,234.1819133930411,275.0591402500499,7114.645253747898,0.0,0.0,10.5775178825903,12.65740504683448,216.8575619776938,0.0,0.0,13.714736029994798,16.207448243976896,371.2949798901156,0.0,0.0,214.43373370682043,254.83005896171634,5273.152212353651,0.0,0.0,40.95608874670769,48.25880294973929,1189.6244279783664,0.0,0.0,170.9026852875187,203.857417599228,3855.1357557491435,33.60721788884389,23.050218030757134,349.38733656183617,412.6704217213995,10657.03641693705,0.0,0.0,175.24700509141267,209.9061213657307,3548.9210962798836,1012.4525270307117,21.510395084838654,31.438182394381628,21.5,30.0,0.0,21.4256908790113,39.88158351404946,21.0,30.0,1475.7894131449644,21.71136324023039,30.540367618389039,21.5,30.0,0.0,20.71043746918872,32.85435729568633,16.0,30.0,0.0,15.606881688193452,45.413503237261597,12.0,30.0,2.273597774807151,19.024074773499526,42.38763512578785,19.0,30.0,0.0,17.741687742372748,39.969129954044877,10.0,30.0,701.0741807257582,20.078548974052134,35.471842929931387,20.2,30.0,1026.9829359934218,16.73320828587089,42.72640465984536,16.75,30.0,0.0,19.264864582127374,0.0,0.0,0.0,15.411619335983723,0.0,0.0,684.3080408820933,1152.9750035774594,655.6970750193111,675.3350297604766,677.2803463097936,1030.3019249975169,694.907465110276,748.9072928502985,700.0875777733945,9806.456110974319,81.52038123585155,85.39200302188178,270.0,0.0,270.0,270.0,21.0,16.0,19.0,16.0,19.7,12.0,21.0,10.0,1.0,0.0,1012.4525270307117,0.0,1475.7894131449644,0.0,2.273597774807151,0.0,701.0741807257582,1026.9829359934218,5858.526398293788,3515115.8389762726,4572738.551857732,81.52038123585155,85.45775601271085,0.3652842132764596,0.7692403613343284,0.36028137401965956,85.45775601271085,0.3542647819438875,4572738.551857732,0.24936240469660204 
 03/04  20:00:00,5.26,76.0,2.31,0.0,0.0,0.0,0.0,1.0,2.0,0.0,0.0,4.0,0.0,0.0,0.0,1136.0,0.0,0.0,0.0,0.0,0.0,0.0,0.0,0.0,0.0,0.0,0.0,21.10208417637363,-451.0366247555038,21.011197712748606,-140.5965517819619,21.281026734889609,-1631.6797507949137,20.155384366757127,266.4612813916839,15.568020710799969,34.226274685854097,19.55224151252428,-48.764343681189959,17.515070533328396,77.25680600166243,18.920981020557514,-219.48860510548929,16.58998890991336,-356.9960842419737,881.6416152788552,1194.1948869269493,0.0,0.0,0.0,0.0,0.0,0.0,0.0,0.0,0.0,0.0,0.0,0.0,0.0,0.0,0.0,0.0,0.0,0.0,0.0,0.0,0.0,0.0,1.5968331839652786,0.4874338168392181,168.8059334724784,197.7376123931503,5479.178868809146,0.19116415706748159,0.029176458648883027,27.72528294339617,32.49410390315337,890.7502704901249,2.4622364302996329,0.4652752135864765,311.73620510452408,365.1260778961424,10187.634782570432,0.34674510960317508,0.06552250748359316,243.7281608286992,286.44348583379527,7494.23591154958,0.0,0.0,10.08960779415966,12.075747181236079,211.16122411821127,0.0,0.0,13.766197202649759,16.204482991797858,407.9530182790172,0.0,0.0,218.64154446618734,259.5813443888461,5546.104172173664,0.0,0.0,46.142659999792638,54.32069769876942,1385.2574975103347,0.0,0.0,185.42427362335503,221.1504590472269,4229.071238650735,33.76266134311022,23.156832196920598,313.1520042796488,369.733058240623,9697.00685261096,0.0,0.0,191.20189287628723,228.85015038818328,3986.0145701033718,610.0115624712197,21.446036423513037,32.10229468068218,21.25,30.0,0.0,21.396540219395726,39.427065320247468,21.0,30.0,1948.829039960097,21.67545993279592,30.28828035652312,21.5,30.0,0.0,20.71224460878471,32.706896212615898,16.0,30.0,0.0,15.618907795407509,45.74513862610629,12.0,30.0,1130.3380951966395,20.160321457539206,40.441843454963159,19.75,30.0,0.0,17.92084235215308,39.92633310374843,10.0,30.0,438.2439795827903,20.372782656593448,35.05119528278914,20.2,30.0,0.0,16.592314400028564,43.52965936291438,16.0,30.0,0.0,18.95089313534806,0.0,0.0,0.0,15.562324206567576,0.0,0.0,718.6817589475814,1125.474614354171,642.1708735059651,671.4335166375456,694.8121444213564,1090.1353731904515,716.6808552533564,762.190726431813,721.4682481652554,10589.476475117419,81.00274721067221,84.74570169078288,270.0,0.0,270.0,270.0,21.0,16.0,19.0,16.0,19.7,12.0,21.0,10.0,1.0,0.0,610.0115624712197,0.0,1948.829039960097,0.0,1130.3380951966395,0.0,438.2439795827903,0.0,5664.0298557826849,3398417.9134696109,4415306.439176781,81.00274721067221,84.80926948361128,0.35880099519275618,0.7691437144074506,0.36028137401965956,84.80926948361128,0.3542647819438875,4415306.439176781,0.2413259348371926 
 03/04  20:10:00,4.98,77.16666666666667,2.341666666666667,0.0,0.0,0.0,0.0,0.0,2.0,0.0,0.0,4.0,0.0,0.0,0.0,1420.0,0.0,0.0,0.0,0.0,0.0,0.0,0.0,0.0,0.0,0.0,0.0,21.031104191697936,-192.23050820579074,20.98659572353741,-98.3032515141334,21.241790918024124,-1521.1025965920265,20.24702184137707,360.4938214575707,15.580128415768776,31.85898362480247,19.561970963592726,-64.54315356671845,17.41560078376913,55.930853208634299,18.16799992491447,-112.23043385945582,16.289843434754944,-254.48525434212844,988.8410878739429,1093.4646503838054,0.0,0.0,0.0,0.0,0.0,0.0,0.0,0.0,0.0,0.0,0.0,0.0,0.0,0.0,0.0,0.0,0.0,0.0,0.0,0.0,0.0,0.0,1.640219763141736,0.5006775833765983,199.59723220883667,234.42744039606988,6446.150400262294,0.23593639670241585,0.03600982855653478,23.07611911740437,27.048953922373899,755.7295650812525,2.4281052615264295,0.45882563520907607,389.05238085127476,456.3199300136347,12873.103081240946,0.35736667151782056,0.06752960535106208,288.02819820661599,338.7589498309612,9091.913584594457,0.0,0.0,10.181616791856439,12.189713410540197,219.0691402643954,0.0,0.0,14.162493021364647,16.672735009680598,429.02146682667867,0.0,0.0,233.2234058254911,277.17086383024016,5966.020721403615,0.0,0.0,35.58737051829012,42.10499432662226,1003.8051050276861,0.0,0.0,193.44871684871499,231.10645099543758,4379.95518718136,34.26532556344891,23.50159503665907,377.6646369374454,446.04327644937379,11962.397635057989,0.0,0.0,198.31931773108037,237.59014400795324,4183.5788005173,0.0,21.232384964665707,31.98767276901111,21.0,30.0,0.0,21.370604460807998,39.232002846819309,21.0,30.0,1351.5241327581767,21.59398493971963,30.58531424879368,21.6,30.0,0.0,20.894684006784787,32.044978037366679,16.0,30.0,0.0,15.629529621086107,46.08660618103494,12.000000000000002,30.0,0.0,20.2207550921786,41.06750353192372,19.0,30.0,0.0,17.73771958969181,40.43242366754216,10.0,30.0,0.0,19.075857668165275,37.516881654971907,12.000000000000002,30.0,0.0,16.21084006233377,44.86674690179427,16.0,30.0,0.0,19.468642794975496,0.0,0.0,0.0,15.399282611422791,0.0,0.0,691.1864813847826,1112.951728451422,651.5246509191622,657.9007642584638,712.2488288984248,1126.2852145201203,720.7978883481869,737.622219358504,734.6226217126906,4941.658446056654,81.7734865240709,81.7734865240709,570.0,0.0,570.0,570.0,21.0,16.0,19.0,16.0,12.0,12.0,21.0,10.0,1.0,0.0,0.0,0.0,1351.5241327581767,0.0,0.0,0.0,0.0,0.0,0.0,0.0,0.0,81.7734865240709,81.7734865240709,0.20400000000000002,0.4614190096278349,0.21616882441179575,81.7734865240709,0.21255886916633252,0.0,0.025080000000000006 
 03/04  20:20:00,4.7,78.33333333333334,2.3733333333333337,0.0,0.0,0.0,0.0,0.0,2.0,0.0,0.0,4.0,0.0,0.0,0.0,855.0,0.0,0.0,0.0,0.0,0.0,0.0,0.0,0.0,0.0,0.0,0.0,21.199246728991356,-701.9343141094933,20.978775996834857,-91.20622942100909,21.19482246329627,-1341.827080047792,20.18751290090087,278.87087325976798,15.588461029985357,29.986462923619049,19.422270119231894,-67.31701606549169,17.414657474892594,214.1336201795271,17.612450620111738,-45.40220035570695,16.583786003842808,-401.8948904342293,1031.477005645581,952.3470557730614,0.0,0.0,0.0,0.0,0.0,0.0,0.0,0.0,0.0,0.0,0.0,0.0,0.0,0.0,0.0,0.0,0.0,0.0,0.0,0.0,0.0,0.0,1.6188428615479125,0.49415227763977778,219.30250751117917,257.0236440865762,7439.868470672649,0.24508771432311234,0.03740654980511481,20.64183923285698,24.203964769226127,688.7745167828391,2.7459818480056548,0.5188930173858002,397.29819160849129,465.7395142724088,13375.437792903096,0.3749309997317185,0.0708486394050866,239.9635599885764,281.966054297711,7687.558839479085,0.0,0.0,10.615479725330234,12.701336717068453,234.57319015611433,0.0,0.0,14.049003200507937,16.54566642689759,426.86001496844087,0.0,0.0,217.42746095220387,258.37041609483819,5685.352026190001,0.0,0.0,24.58916039428631,29.18152634657379,664.4815677388701,0.0,0.0,167.62213928962093,199.97069128228584,4027.730303348178,34.60384220938998,23.733773806165968,379.00190864953836,447.6240809055663,12133.612426826214,0.0,0.0,170.48918485831008,204.47928736133438,3592.3825151111147,1248.4889340096275,21.771799349311146,30.911918500652076,21.666666666666658,29.99999999999999,0.0,21.37156345346993,39.27183705372726,20.999999999999994,29.99999999999999,2087.7999608455468,21.58662703642699,30.601641177163566,21.666666666666658,29.99999999999999,0.0,20.769537420313627,32.663937432481237,15.999999999999993,29.99999999999999,0.0,15.63504567063596,46.32619061587302,11.999999999999995,29.99999999999999,0.0,19.966092395912868,42.26362302691226,18.999999999999994,29.99999999999999,0.0,17.767239700047658,40.218526077234788,9.999999999999997,29.99999999999999,0.0,18.155174180642,39.52678999212483,11.999999999999995,29.99999999999999,968.0823519107083,16.682929836382987,43.57267384152609,16.66666666666666,29.99999999999999,0.0,19.430556298224503,0.0,0.0,0.0,15.037793914349124,0.0,0.0,690.4564948937632,1117.7826573236549,652.6356975101398,678.6547373527369,724.6922359979853,1147.260450874725,715.7594440797894,727.6105064896855,736.290821485779,11312.95587699749,80.52413504085566,85.74697376985006,569.9999999999998,0.0,569.9999999999998,569.9999999999998,21.0,16.0,19.0,16.0,12.0,12.0,21.0,10.0,1.0,0.0,1248.4889340096275,0.0,2087.7999608455468,0.0,0.0,0.0,0.0,968.0823519107083,7903.014108334216,4741808.465000532,6159762.729622369,80.52413504085566,85.83567491010305,0.37676713694447386,0.769657302491968,0.36028137401965945,85.83567491010305,0.35426478194388735,6159762.729622369,0.3453243286070299 
 03/04  20:30:00,4.42,79.5,2.4050000000000004,0.0,0.0,0.0,0.0,0.0,2.0,0.0,0.0,4.0,0.0,0.0,0.0,1140.0,0.0,0.0,0.0,0.0,0.0,0.0,0.0,0.0,0.0,0.0,0.0,21.07412098045164,-442.21689117075359,20.96646350768129,-122.71900421703356,21.309081221626238,-1651.357221543638,20.219188480841149,323.4659453487818,15.595188518724538,29.75641109472646,19.33379524998555,-42.12688139728522,17.63269524563917,164.69393343313619,17.28428246293752,-37.292159151309579,16.72655563454952,-523.6182751278775,982.4570773279822,1042.7777990977905,0.0,0.0,0.0,0.0,0.0,0.0,0.0,0.0,0.0,0.0,0.0,0.0,0.0,0.0,0.0,0.0,0.0,0.0,0.0,0.0,0.0,0.0,1.7291767159803802,0.5278317203847314,213.7930241854688,250.8584300120281,7255.917691070477,0.24314758116075059,0.03711043668509625,24.359093930322254,28.54917263854408,824.5627222552532,2.6793020798206315,0.5062929100190159,343.2554963626174,402.55762330845189,11724.67160629587,0.37214259014731607,0.07032172905278078,262.69841459206278,308.9600604563592,8567.652270278173,0.0,0.0,10.306955278310117,12.34066156086747,233.67290028070716,0.0,0.0,13.464669730746099,15.873956119546511,412.8282930558146,0.0,0.0,206.61365511458647,245.24367074244433,5670.039712379553,0.0,0.0,13.159809920930276,15.648859115917818,349.83399018838488,0.0,0.0,153.18327913171749,182.59773908656127,3833.6634236760967,34.89916834603287,23.936329455440938,340.68899518138638,402.5309816675265,11184.045252894248,0.0,0.0,159.90964959708885,191.90435535271673,3400.326651465785,625.0161986437661,21.35710662696706,31.760600444297709,21.25,30.0,0.0,21.360880687982279,39.59554399972106,21.0,30.0,1882.1295919902353,21.60147684532813,30.55854191125689,21.5,30.0,0.0,20.833859813248784,32.45035792697642,16.0,30.0,0.0,15.639218243884282,46.34989868408651,12.0,30.0,0.0,19.816922505820004,42.83343409993379,19.0,30.0,0.0,18.12354705227984,39.34799479061264,10.0,30.0,0.0,17.656192780727467,40.77263299904624,12.0,30.0,357.0637154624013,16.867736125859758,42.96209797620192,16.5,30.0,0.0,19.131244745658536,0.0,0.0,0.0,14.894697620513182,0.0,0.0,695.462401179632,1137.1193641731898,655.5784673038975,676.3712576012766,727.3589766259689,1156.9297419194837,718.4262223527659,727.5985906121921,733.9495364336842,9411.080875406791,81.78192410999373,83.79373757840452,570.0,0.0,570.0,570.0,21.0,16.0,19.0,16.0,12.0,12.0,21.0,10.0,1.0,0.0,625.0161986437661,0.0,1882.1295919902353,0.0,0.0,0.0,0.0,357.0637154624013,3044.1328174545885,1826479.690472753,2364702.090268547,81.78192410999373,83.8279048498605,0.35647109391515299,0.7703354886618693,0.36028137401965956,83.8279048498605,0.3542647819438875,2364702.090268547,0.14791784202729783 
 03/04  20:40:00,4.140000000000001,80.66666666666666,2.4366666666666667,0.0,0.0,0.0,0.0,0.0,2.0,0.0,0.0,4.0,0.0,0.0,0.0,855.0,0.0,0.0,0.0,0.0,0.0,0.0,0.0,0.0,0.0,0.0,0.0,21.055147076762887,-444.0506720453701,20.94179170199549,-97.63780621744252,21.382733366312047,-1639.5062522004176,20.226632832545698,340.2362424287059,15.604337724334109,33.31019580575819,19.269458044700117,-53.40749307104484,17.57989238745538,78.45730901259441,16.993565247977338,-56.15297191152436,16.334111842059053,-358.5413237084945,1071.7379428497077,1193.391378948287,0.0,0.0,0.0,0.0,0.0,0.0,0.0,0.0,0.0,0.0,0.0,0.0,0.0,0.0,0.0,0.0,0.0,0.0,0.0,0.0,0.0,0.0,1.7432429897950388,0.5321254547603906,258.6226522113009,303.52013043333707,8806.032978787101,0.26815001568181259,0.040926437069873738,20.89364830531587,24.488669673691,720.0030195095744,2.814780058228558,0.5318934350394105,408.7504007363837,478.8454393935641,14363.075363883647,0.3890460960388968,0.0735158911638127,283.98583408490267,333.8435436240419,9424.931269905295,0.0,0.0,10.622875555377366,12.715001611250589,247.08858024639637,0.0,0.0,14.395852556906928,16.970858353163654,446.57602740084078,0.0,0.0,244.18726261088649,289.8789658266543,6779.283793198356,0.0,0.0,15.425959612754735,18.359912918957997,405.1955915201487,0.0,0.0,184.40639645783069,220.23642279202799,4490.336680076899,35.35764503254825,24.250785344683324,399.6524239271623,471.8278300442664,13323.88028416859,0.0,0.0,196.95594455813663,236.08815190548078,4397.067584213312,421.4123987532946,21.404230338174359,31.76810656136766,21.000000000000008,30.00000000000001,0.0,21.33251349744411,39.68305321747599,21.000000000000008,30.00000000000001,2069.8348857014827,21.75792954932312,30.375031648298067,22.000000000000008,30.00000000000001,0.0,20.844545007276105,32.471336824715269,16.000000000000008,30.00000000000001,0.0,15.649012417214735,46.389276379902458,12.000000000000006,30.00000000000001,0.0,19.71076213542787,43.28825581757589,19.000000000000008,30.00000000000001,0.0,17.996753470769265,39.658604951720807,10.000000000000004,30.00000000000001,0.0,17.22013428857391,41.94496795990143,12.000000000000006,30.00000000000001,0.0,16.22446586863306,44.683850076863198,16.000000000000008,30.00000000000001,0.0,19.441571889163705,0.0,0.0,0.0,15.140619445233755,0.0,0.0,703.0845725242439,1142.3241039587143,663.8587379543577,681.2045399025171,731.7761426154049,1168.2213197557417,719.5859673736563,730.3819738750996,732.2178487643946,9049.595328476309,82.02116272824259,82.02116272824259,570.0000000000002,0.0,570.0000000000002,570.0000000000002,21.0,16.0,19.0,16.0,12.0,12.0,21.0,10.0,1.0,0.0,421.4123987532946,0.0,2069.8348857014827,0.0,0.0,0.0,0.0,0.0,0.0,0.0,0.0,82.02116272824259,82.02116272824259,0.3400000000000002,0.7720257387360336,0.3602813740196597,82.02116272824259,0.3542647819438876,0.0,0.024890000000000004 
 03/04  20:50:00,3.86,81.83333333333334,2.4683333333333334,0.0,0.0,0.0,0.0,0.0,2.0,0.0,0.0,4.0,0.0,0.0,0.0,1140.0,0.0,0.0,0.0,0.0,0.0,0.0,0.0,0.0,0.0,0.0,0.0,21.176142717831718,-1051.5339759913196,20.92800912271101,-104.10734884715768,20.823784912413875,-386.08611737059166,20.18966548443894,131.49534714807033,15.612414474630619,30.13812743449212,19.212559078700346,-59.63520249853828,17.461250872505759,150.93898058393826,16.77441782932467,-60.771328994222418,16.511418112620615,-389.3280250351469,978.7155406709508,1095.4468642789883,0.0,0.0,0.0,0.0,0.0,0.0,0.0,0.0,0.0,0.0,0.0,0.0,0.0,0.0,0.0,0.0,0.0,0.0,0.0,0.0,0.0,0.0,1.7568864991035849,0.5362901401415094,220.58418164985577,258.76914913111878,7780.908439350492,0.2640100706207885,0.04029457732307517,21.714800075216059,25.47039354581588,759.6108705841805,3.065757631308397,0.5793192802925924,254.3909337446192,299.1610818621273,8799.359502668545,0.3861953825168655,0.0729772075806624,223.73596862385586,263.3497602205184,7516.454808442205,0.0,0.0,10.570961025977475,12.65781021346603,252.02964468449887,0.0,0.0,13.965157205188973,16.478671059710888,438.7657474454941,0.0,0.0,239.72985845423407,285.0352854275885,6694.454613862497,0.0,0.0,18.332855546713565,21.851704360107854,481.1544151965909,0.0,0.0,174.63155814385093,208.62926932664056,4423.297788582769,35.553986167849348,24.385450046535909,259.5320415771331,307.41700951913466,8887.54261911427,0.0,0.0,189.69098088523249,227.72301537808415,4288.870167618532,1452.873800290244,21.557899617915895,31.10294662282694,21.75,30.0,0.0,21.320986077178813,39.7727779505332,21.0,30.0,16.36584352543816,21.094700979194689,31.745871756641678,21.0,30.0,0.0,20.76142747645534,32.669542463555178,16.0,30.0,0.0,15.656369864692435,46.42174724125883,12.0,30.0,0.0,19.623725510993425,43.45233370069313,19.0,30.0,0.0,17.79427514121015,40.084880765155478,10.0,30.0,0.0,16.914411735649389,42.77541358066523,12.0,30.0,928.4502728311179,16.484463918602484,43.96922346330668,16.5,30.0,0.0,18.8643519500228,0.0,0.0,0.0,14.979357977268599,0.0,0.0,687.4282923515698,1149.0999510835057,672.808034672029,685.2267133907839,735.4725897571302,1167.7939680584855,718.1541132131054,732.236223011168,733.5034580522175,8448.757398029515,82.41843020304266,82.41843020304266,570.0,0.0,570.0,570.0,21.0,16.0,19.0,16.0,12.0,12.0,21.0,10.0,1.0,0.0,1452.873800290244,0.0,16.36584352543816,0.0,0.0,0.0,0.0,928.4502728311179,0.0,0.0,0.0,82.41843020304266,82.41843020304266,0.34,0.769356140143701,0.36028137401965956,82.41843020304266,0.3542647819438875,0.0,0.025048333333333333 
 03/04  21:00:00,3.58,83.0,2.5,0.0,0.0,0.0,0.0,0.0,2.0,0.0,0.0,4.0,0.0,0.0,0.0,1140.0,0.0,0.0,0.0,0.0,0.0,0.0,0.0,0.0,0.0,0.0,0.0,21.32489237659866,-551.8296172596718,20.913402651980513,-79.13879088200678,21.340845486933195,-2029.779322451623,20.226736432493607,552.91214822865,15.619051414298117,33.86154629745813,19.167608871484789,-49.15855591723437,17.675916052539578,228.27445337923519,16.544164253619848,-112.23458400526062,16.730503604416368,-503.84609220904647,1141.7804775472333,1219.6450900517514,0.0,0.0,0.0,0.0,0.0,0.0,0.0,0.0,0.0,0.0,0.0,0.0,0.0,0.0,0.0,0.0,0.0,0.0,0.0,0.0,0.0,0.0,1.8039163563388932,0.5506460184184656,211.70600886960166,248.41389471351767,7685.290929739306,0.30393053274899947,0.04638744394825999,16.11186363102107,18.907927363666059,576.210460892429,2.8908374203288478,0.5462655745141437,418.33530169337566,490.7656045899687,15174.468225167195,0.42227244523142956,0.07979449078447268,340.7466056369493,400.92508214461898,11715.764423437924,0.0,0.0,11.143034222293233,13.344831219014609,272.1457689445666,0.0,0.0,14.105778935540777,16.65068120691348,449.52382566372457,0.0,0.0,232.4138200071563,275.9307263952495,6800.337551559829,0.0,0.0,31.396086889693966,37.48407531213751,821.8060796144952,0.0,0.0,152.01416733009919,181.3087629247458,4054.5450015793187,36.172577930704289,24.809724232307475,411.7479825706765,486.975471049911,14136.378618043893,0.0,0.0,179.26197228330083,215.23381295711699,4122.017701231619,661.7436235669841,21.719301693601105,30.69743213592114,21.5,30.0,0.0,21.313191730642246,40.59130833962886,21.0,30.0,2881.447360596627,21.869355711207299,30.05556204134213,22.0,30.0,0.0,20.904922433423786,32.211946009577108,16.0,30.0,0.0,15.662972893081914,46.224182890119219,12.0,30.0,0.0,19.564155162589349,43.356400196537908,19.0,30.0,0.0,18.186493827330243,38.8406383670066,10.0,30.0,0.0,16.57147970519105,43.50914023995359,12.0,30.0,324.9234733287585,16.842146285325457,42.64853133978705,16.5,30.0,0.0,19.369238294408949,0.0,0.0,0.0,14.902124199795331,0.0,0.0,686.5987549835949,1199.328274791015,667.281065324726,683.1274153728176,730.7742279940158,1159.70697615133,710.6956072949338,728.0013930693978,724.8879147042259,9941.185717840226,81.43156662421805,84.85605759670855,570.0,0.0,570.0,570.0,21.0,16.0,19.0,16.0,12.0,12.0,21.0,10.0,1.0,0.0,661.7436235669841,0.0,2881.447360596627,0.0,0.0,0.0,0.0,324.9234733287585,5182.64321682007,3109585.9300920425,4053559.8560825798,81.43156662421805,84.91421682195127,0.3427547738940024,0.7666393436133165,0.36028137401965956,84.91421682195127,0.3542647819438875,4053559.8560825798,0.23599177918296083 
 03/04  21:10:00,3.3733333333333337,83.33333333333334,2.4766666666666667,0.0,0.0,0.0,0.0,0.0,2.0,0.0,0.0,4.0,0.0,0.0,0.0,1140.0,0.0,0.0,0.0,0.0,0.0,0.0,0.0,0.0,0.0,0.0,0.0,21.24707350649438,-684.6950437826399,20.90088791217489,-102.40248275852557,21.307099798760789,-1409.7602844117958,20.20360373864186,222.4751660996908,15.626281779777692,32.072206257952277,19.131841187544056,-56.92375186332421,17.566647225727924,47.85555403787157,16.368907654845616,-75.62667927611455,16.358876687616275,-370.53478626011477,1080.84343635987,1250.64741456545,0.0,0.0,0.0,0.0,0.0,0.0,0.0,0.0,0.0,0.0,0.0,0.0,0.0,0.0,0.0,0.0,0.0,0.0,0.0,0.0,0.0,0.0,1.8363262974757047,0.5605391628436216,224.92437014213949,263.94201234330446,8206.739178867207,0.2812462473028394,0.04292525141984729,21.435134921255469,25.17229041947167,770.7226391805433,3.1372611745802896,0.5928309097846354,348.095118986458,408.4237161017419,12676.951152786072,0.4024979995679408,0.07605782304760785,221.3862420283209,260.33395732276758,7675.206226468316,0.0,0.0,10.779922747092084,12.910163907425457,267.96228177716048,0.0,0.0,14.815164047038298,17.49134152708642,476.9602238702307,0.0,0.0,258.96391148173668,307.78303661939358,7555.73939200142,0.0,0.0,28.023621000268038,33.48811131664213,732.820683341067,0.0,0.0,180.7490904595243,216.06576275076547,4696.187825130373,36.233014820008857,24.851176145410748,336.96850750479839,398.6197450767404,11793.621032732743,0.0,0.0,207.90026959505324,249.60863609281507,4900.574238721912,941.8033465694832,21.583101494548154,31.239900482551634,21.5,30.0,0.0,21.298742121331466,40.50145008710376,21.0,30.0,1735.35160216964,21.687236703591969,30.075273568219936,21.5,30.0,0.0,20.793489550926187,32.33363089961345,16.0,30.0,0.0,15.670084745586412,46.10549688197755,12.0,30.0,0.0,19.516632791709307,43.34642705610558,19.0,30.0,0.0,17.922221832463476,39.484549097066949,10.0,30.0,0.0,16.341504842591339,43.98832245833863,12.0,30.0,0.0,16.253617737649259,44.13941176727035,16.0,30.0,0.0,19.07146919925254,0.0,0.0,0.0,14.990231986608523,0.0,0.0,707.8760342031904,1198.4583647932375,657.0804260076741,683.7175325536298,730.6714889546486,1157.9987582761799,715.1713741073762,725.5846243499926,723.8507624918658,9900.731790437036,81.4583386333385,84.91472682975605,570.0,0.0,570.0,570.0,21.0,16.0,19.0,16.0,12.0,12.0,21.0,10.0,1.0,0.0,941.8033465694832,0.0,1735.35160216964,0.0,0.0,0.0,0.0,0.0,5230.8678947267439,3138520.736836046,4093553.218534186,81.4583386333385,84.97342777575259,0.34436226315755816,0.7664303280148199,0.36028137401965956,84.97342777575259,0.3542647819438875,4093553.218534186,0.23822976736377766 
 03/04  21:20:00,3.166666666666667,83.66666666666667,2.4533333333333338,0.0,0.0,0.0,0.0,0.0,2.0,0.0,0.0,4.0,0.0,0.0,0.0,1142.0,0.0,0.0,0.0,0.0,0.0,0.0,0.0,0.0,0.0,0.0,0.0,21.06553006817338,-320.0111805199979,20.873067042500428,-141.42513747570107,21.366828378391359,-1975.5207285002214,20.15857211568889,267.46703603659099,15.628985070827607,27.019814337568805,19.09820682372693,-43.847072681999339,17.44276465986003,50.664010858303758,16.24246683442148,-70.08631303655796,16.51409811517643,-408.32426905772459,960.0401712573134,1134.943698308889,0.0,0.0,0.0,0.0,0.0,0.0,0.0,0.0,0.0,0.0,0.0,0.0,0.0,0.0,0.0,0.0,0.0,0.0,0.0,0.0,0.0,0.0,1.9101570554815457,0.5830760242617661,195.17589359107945,229.1416514828278,7107.242922523035,0.2620422214955515,0.039994234049992607,27.129133681265406,31.84886797767379,981.6110514877809,2.9895794570608,0.5649243116139079,318.63043498662287,373.9430533179435,11678.052301932186,0.39150577817900075,0.07398068370729415,217.0981665190539,255.3825039902095,7595.162060537841,0.0,0.0,10.07480904909033,12.068959099109549,254.65662643712359,0.0,0.0,13.86925888434389,16.382666861598307,451.2144936842836,0.0,0.0,237.70374669066437,282.86398007544417,6929.733716749474,0.0,0.0,27.860560713483083,33.31291995506901,731.8746176327122,0.0,0.0,164.4134707218965,196.53532405581559,4391.505436479009,36.28173427844125,24.88459141182528,309.6801870082427,366.25340576847409,11047.070613719083,0.0,0.0,189.88344537390348,228.2408991703714,4484.534080281323,635.6163991232006,21.29878025609,31.917154120910664,21.25,30.0,0.0,21.259884284279523,39.84462717201278,21.0,30.0,2185.7814287531207,21.637646552589126,29.363575538548486,21.5,30.0,0.0,20.725474927388043,32.04305050936058,16.0,30.0,0.0,15.669661923921101,46.08704339485526,12.0,30.0,0.0,19.475364094686119,43.470610265613789,19.0,30.0,0.0,17.699577506649839,40.1366171781192,10.0,30.0,0.0,16.18656568159831,44.364829013030057,12.0,30.0,940.4403653301151,16.480695472637885,43.516799211618728,16.5,30.0,0.0,18.713797944944714,0.0,0.0,0.0,14.756425322173481,0.0,0.0,722.2316119905146,1163.4868445010448,625.1314523576239,670.5307332327691,734.2598920026588,1164.5580616660994,724.9508689630525,727.8402270205493,728.5079162928233,8195.511573424708,81.19893832261417,84.87017260676517,570.0,0.0,570.0,570.0,21.0,16.0,19.0,16.0,12.0,12.0,21.0,10.0,1.0,0.0,635.6163991232006,0.0,2185.7814287531207,0.0,0.0,0.0,0.0,940.4403653301151,5555.644225279535,3333386.5351677208,4346215.160482639,81.19893832261417,84.93252235257147,0.27018814084265116,0.5379725650730336,0.27021103051474468,84.93252235257147,0.2656985864579156,4346215.160482639,0.25117818834509728 
 03/04  21:30:00,2.96,84.0,2.4299999999999999,0.0,0.0,0.0,0.0,0.0,2.0,0.0,0.0,4.0,0.0,0.0,0.0,858.0,0.0,0.0,0.0,0.0,0.0,0.0,0.0,0.0,0.0,0.0,0.0,21.10989249428704,-549.8590184457574,20.847945505334026,-96.18958032379257,21.410587473266923,-1765.268162577031,20.20285210522884,360.3263146233098,15.628238933458253,28.24935554101539,19.073675344673384,-45.745127608570637,17.624633490248244,226.67526000814414,16.108264499460448,-106.47109042435022,16.774546267078045,-529.1111299831546,1177.5894238593842,1171.901272160278,0.0,0.0,0.0,0.0,0.0,0.0,0.0,0.0,0.0,0.0,0.0,0.0,0.0,0.0,0.0,0.0,0.0,0.0,0.0,0.0,0.0,0.0,1.8788269749215605,0.5735125076073138,267.34471124463019,314.0272155414702,9747.026270586108,0.3020730711459379,0.04610394858759735,19.63134207581391,23.033331691805608,721.6281959131152,3.137460051538036,0.5928684904644813,425.3066853467194,498.7854481217413,15922.934546190168,0.42006965119250919,0.07937824096608255,282.86361370226487,332.8518971816452,10049.135402076321,0.0,0.0,10.945103607997862,13.109674440047995,281.1784831527748,0.0,0.0,14.185630172449022,16.75296715202112,466.6800450987662,0.0,0.0,220.5385066285223,261.9839885373713,6681.743756022781,0.0,0.0,35.59373344075206,42.57383938693018,937.3731194551544,0.0,0.0,137.4288609167604,163.9015764745064,3859.3298323140277,36.7519684981329,25.20711145276605,412.33195699963417,487.4619694423767,14709.749783294406,0.0,0.0,166.55548969020814,200.28366657296773,3913.1624928204557,557.1150941268111,21.43087322617457,30.975969097421598,20.999999999999994,29.99999999999999,0.0,21.233915708370309,39.87263702371128,20.999999999999994,29.99999999999999,2192.5459767347167,21.705212706245097,29.67031424427909,21.999999999999994,29.99999999999999,0.0,20.819681886246547,31.630673658260876,15.999999999999993,29.99999999999999,0.0,15.665176173417674,46.00657009501012,11.999999999999995,29.99999999999999,0.0,19.44737681422417,43.46806777368828,18.999999999999994,29.99999999999999,0.0,18.078215324691607,38.938544006816858,9.999999999999997,29.99999999999999,0.0,16.005274848139157,44.97061752490566,11.999999999999995,29.99999999999999,443.75024018234026,16.91573702376123,42.408017139020987,16.66666666666666,29.99999999999999,0.0,19.323620522847194,0.0,0.0,0.0,14.507952535708828,0.0,0.0,690.8955419720164,1170.1362133031444,650.0187517316638,664.012965235181,734.3244907949118,1166.9923040861589,717.4749330023667,735.5798875435987,735.4117780354127,8844.92131593687,82.1565117905512,82.1565117905512,569.9999999999998,0.0,569.9999999999998,569.9999999999998,21.0,16.0,19.0,16.0,12.0,12.0,21.0,10.0,1.0,0.0,557.1150941268111,0.0,2192.5459767347167,0.0,0.0,0.0,0.0,443.75024018234026,0.0,0.0,0.0,82.1565117905512,82.1565117905512,0.3399999999999999,0.7719260924547281,0.36028137401965945,82.1565117905512,0.35426478194388735,0.0,0.024984999999999995 
 03/04  21:40:00,2.7533333333333336,84.33333333333334,2.4066666666666669,0.0,0.0,0.0,0.0,0.0,2.0,0.0,0.0,4.0,0.0,0.0,0.0,1144.0,0.0,0.0,0.0,0.0,0.0,0.0,0.0,0.0,0.0,0.0,0.0,21.17797163532203,-1052.5026220947464,20.836480830259398,-104.49905504884569,20.874086196872804,-452.3586584666614,20.176515040958063,127.36050137521522,15.630849836629086,30.80938994329207,19.052046176432105,-50.8092843880375,17.606117162613729,62.96832659553053,15.984816405885,-86.58520026284592,16.39984793592979,-423.71980384257167,1051.3952985111067,1350.6933111810595,0.0,0.0,0.0,0.0,0.0,0.0,0.0,0.0,0.0,0.0,0.0,0.0,0.0,0.0,0.0,0.0,0.0,0.0,0.0,0.0,0.0,0.0,1.9162727917490117,0.5849428546242407,207.0148940614881,243.07797536690158,7756.527707794018,0.2985384543909999,0.04556447716590354,20.93783987395695,24.58160784263693,777.2726589344862,3.357129734988777,0.6343782568006008,244.610542780494,287.89977095700137,9018.37216148287,0.4126900909473825,0.07798376624100198,219.77393836920337,258.9185638021046,7869.208615252317,0.0,0.0,10.75709259949403,12.890477385173549,280.9159399225484,0.0,0.0,13.663355358666545,16.144417117930347,454.6111241422269,0.0,0.0,254.8073156215155,302.87631323348577,7788.217498410636,0.0,0.0,37.27586221855812,44.64206262659111,986.5249692341286,0.0,0.0,170.31509295615343,203.61811892045223,4648.977283639275,36.81269204810823,25.248759978126377,248.26135688558296,294.5571694125419,9085.698885402218,0.0,0.0,202.90056378811935,243.8341135772082,4963.4599740826429,1456.062702290306,21.51999696509845,30.448580340004506,21.750000000000008,30.00000000000001,0.0,21.2263350174615,39.82540054538348,21.000000000000008,30.00000000000001,72.40276807654367,21.080407742149043,30.98507942018114,21.000000000000008,30.00000000000001,0.0,20.751076562983437,31.900598127796699,16.000000000000008,30.00000000000001,0.0,15.667922840699129,45.88891169627294,12.000000000000004,30.00000000000001,0.0,19.42555958745935,43.41173805120615,19.000000000000008,30.00000000000001,0.0,18.000224827448986,39.00277995963086,10.000000000000004,30.00000000000001,0.0,15.849721107176715,45.29051288966136,12.000000000000004,30.00000000000001,0.0,16.29606279391155,43.922836921279699,16.000000000000008,30.00000000000001,0.0,18.636305178591998,0.0,0.0,0.0,14.790534102933322,0.0,0.0,680.2202289681093,1173.4472945270935,662.9488168024382,674.651571805802,733.9066751830724,1167.3173610060335,716.7146308950137,734.6847444958808,732.2501651238721,9344.89363265155,81.82585190555062,83.57425928665818,570.0000000000002,0.0,570.0000000000002,570.0000000000002,21.0,16.0,19.0,16.0,12.0,12.0,21.0,10.0,1.0,0.0,1456.062702290306,0.0,72.40276807654367,0.0,0.0,0.0,0.0,0.0,2645.993637023282,1587596.1822139694,2055366.3943621799,81.82585190555062,83.60395304830355,0.3431997879007762,0.7689272424079087,0.36028137401965967,83.60395304830355,0.35426478194388769,2055366.3943621799,0.13167405250683338 
 03/04  21:50:00,2.5466666666666666,84.66666666666667,2.3833333333333335,0.0,0.0,0.0,0.0,0.0,2.0,0.0,0.0,4.0,0.0,0.0,0.0,1144.0,0.0,0.0,0.0,0.0,0.0,0.0,0.0,0.0,0.0,0.0,0.0,21.385727718427586,-751.4344593524883,20.82179494506147,-71.08161230627863,21.331288227062197,-1981.1660638869776,20.20051321373795,550.855981909453,15.634173427701822,31.232127455196264,19.0185567421631,-67.93446540504621,17.513987427417385,164.70521794032016,15.909871889632358,-71.55170504978307,16.52528704916336,-467.88881620767497,1183.3150706390989,1274.076786069184,0.0,0.0,0.0,0.0,0.0,0.0,0.0,0.0,0.0,0.0,0.0,0.0,0.0,0.0,0.0,0.0,0.0,0.0,0.0,0.0,0.0,0.0,1.9191599047687403,0.5858241467548048,202.1817262971397,237.42999574977248,7824.013440863735,0.3379478327466526,0.051579339552297407,13.75393071172645,16.172986124269735,521.1882693318817,3.145563440004653,0.5943997430091939,396.75338748685587,466.04697424655748,15196.62945474787,0.4484833832047763,0.08474742690944372,346.6596896788536,408.23582713246449,12619.37793452244,0.0,0.0,11.467749611975425,13.742084364066657,304.40089875644716,0.0,0.0,15.8665735287816,18.75375317553188,533.2126528350768,0.0,0.0,257.3172341273905,306.1848747152551,7890.684968163674,0.0,0.0,35.160359216224197,42.118799279314057,940.3303602180608,0.0,0.0,169.9958108146825,203.2769865588282,4760.380278768628,37.29439939066635,25.579149101965954,395.21603007939407,468.2533599044373,14377.813683377331,0.0,0.0,200.6140785427949,241.33127818427537,4947.945448733721,1135.7671336599934,21.96232304487905,29.503021817834595,22.0,30.0,0.0,21.218345100216327,40.53971091380766,21.0,30.0,2825.8303254460099,21.851805420718138,29.336574375093986,22.0,30.0,0.0,20.871071426941279,31.529786257575798,16.0,30.0,0.0,15.67209940429583,45.6379803585239,12.0,30.0,0.0,19.38199808535397,43.048991190092177,19.0,30.0,0.0,17.841144040707968,38.97138636048108,10.0,30.0,0.0,15.777404607502799,45.08096887300069,12.0,30.0,981.2893922971232,16.480245919130654,42.93838399793228,16.5,30.0,0.0,19.139908638246128,0.0,0.0,0.0,14.660084834550727,0.0,0.0,679.9769429529281,1221.1226656873537,662.5225261597918,679.2374467500339,730.7217579274907,1148.5385804879578,707.4290019236273,725.9446256563531,721.4346254686286,10774.000498773577,80.88076690355475,84.61190684888037,570.0,0.0,570.0,570.0,21.0,16.0,19.0,16.0,12.0,12.0,21.0,10.0,1.0,0.0,1135.7671336599934,0.0,2825.8303254460099,0.0,0.0,0.0,0.0,981.2893922971232,5646.224365803145,3387734.6194818869,4409273.465765365,80.88076690355475,84.67527399168655,0.3582074788601049,0.7678500756287,0.36028137401965956,84.67527399168655,0.3542647819438875,4409273.465765365,0.2542355535531324 
 03/04  22:00:00,2.34,85.0,2.36,0.0,0.0,0.0,0.0,0.0,2.0,0.0,0.0,4.0,0.0,0.0,0.0,1144.0,0.0,0.0,0.0,0.0,0.0,0.0,0.0,0.0,0.0,0.0,0.0,21.329327138838289,-555.8069200994163,20.80768516243758,-118.76400805480293,21.41202329434462,-1544.4338381727537,20.18212568763869,233.50755998108378,15.636045502112733,30.015448350356196,18.99629590424051,-35.97475314708119,17.656125607922435,152.26598961076958,15.817233746388581,-101.80939035236156,16.741770756167897,-542.1449797686296,949.1400812002008,1334.6760765694936,0.0,0.0,0.0,0.0,0.0,0.0,0.0,0.0,0.0,0.0,0.0,0.0,0.0,0.0,0.0,0.0,0.0,0.0,0.0,0.0,0.0,0.0,2.0000422125282548,0.6105134958877456,114.9067700935137,134.93575568419937,4470.442263065695,0.30123430567302958,0.04597593187927801,22.931549154761077,26.953115166142934,868.5397054107327,3.34545036477324,0.6321712707432429,240.10265206735213,281.8708171814025,9301.129059795781,0.42332016351615089,0.07999247231975637,229.13078853136558,269.73839696353488,8413.40744628464,0.0,0.0,10.82712563278464,12.977286757820306,291.98525767900255,0.0,0.0,13.87967968738784,16.4087906795945,471.8140988488333,0.0,0.0,231.8504695560917,275.62440670609467,7321.282044477829,0.0,0.0,43.22474139505471,51.820229394437969,1164.626970646503,0.0,0.0,144.58652167724385,172.63004024967027,4220.201141684715,37.224789294569209,25.53140555183074,234.56911477655849,278.17174536320536,8875.924806270643,0.0,0.0,179.51922271102479,216.0554252683504,4448.989631378689,976.3317853089799,21.697923402572138,30.44901745036769,21.5,30.0,0.0,21.20198819412066,40.46057924992894,21.0,30.0,1898.3923816669549,21.690998568614277,28.970102943718815,21.5,30.0,0.0,20.771212437353527,31.31267190705797,16.0,30.0,0.0,15.673814661829809,45.33709988298148,12.0,30.0,0.0,19.3657227896779,42.967186009715657,19.0,30.0,0.0,18.087850073925588,38.38479244943167,10.0,30.0,0.0,15.660800918821753,45.02806021417513,12.0,30.0,343.2378159191604,16.835690016753767,41.699198558556648,16.5,30.0,0.0,18.372053902652575,0.0,0.0,0.0,14.524368761958489,0.0,0.0,719.8787516232158,1225.0210167390572,641.5607201920873,670.1508166929305,726.6888201898121,1150.618557176925,718.3019435994263,720.3663393207953,719.0972734125044,10239.493688381837,81.23432050965059,82.97445308918275,570.0,0.0,570.0,570.0,21.0,16.0,19.0,16.0,12.0,12.0,21.0,10.0,1.0,0.0,976.3317853089799,0.0,1898.3923816669549,0.0,0.0,0.0,0.0,343.2378159191604,2633.483425406741,1580090.0552440447,2044553.4084343513,81.23432050965059,83.00400631722693,0.3427827808468914,0.7692855688514202,0.36028137401965956,83.00400631722693,0.3542647819438875,2044553.4084343513,0.13142844390525294 
 03/04  22:10:00,2.223333333333333,85.33333333333334,2.341666666666667,0.0,0.0,0.0,0.0,0.0,2.0,0.0,0.0,4.0,0.0,0.0,0.0,2574.0,0.0,0.0,0.0,0.0,0.0,0.0,0.0,0.0,0.0,0.0,0.0,21.271064379068986,-888.9974860112063,20.787760108316847,-100.28349441876017,21.254059596935386,-1172.7793530690465,20.203534348022758,351.7757524049557,15.636222209411251,29.218915089469733,18.97671138853471,-33.4565930021562,17.73189797288851,126.90387783951523,15.715253881818097,-135.986838653017,17.91163477724513,-456.8612831305624,1073.941945792069,1188.6666050756033,0.0,0.0,0.0,0.0,0.0,0.0,0.0,0.0,0.0,0.0,0.0,0.0,0.0,0.0,0.0,0.0,0.0,0.0,0.0,0.0,0.0,0.0,1.985272003551602,0.6060048850890116,166.2281672253107,195.4198400152316,6463.7667426563589,0.3269250481926884,0.04989698537739445,17.942066544193798,21.09883582678242,686.5086743938167,3.4008591307803637,0.6426415591043773,265.1935982448112,311.700624340912,10322.036479794351,0.4383571127016611,0.0828339215233675,270.27406434786146,318.55535872575896,9999.589161995038,0.0,0.0,11.59154388306634,13.90341456249871,315.32744547739699,0.0,0.0,13.045128799221152,15.441601577307969,446.00210244586017,0.0,0.0,189.01725094071575,224.8281153278088,6053.431214400807,0.0,0.0,50.342474085580288,60.40694036551416,1354.9271017112133,0.0,0.0,123.88881350638025,147.16118442364337,4030.8578009505715,37.43814728691423,25.677741623397968,271.57426695552706,322.3002314884445,10246.301973068428,0.0,0.0,137.937581091398,166.26232437959269,3400.039219055368,897.6164184702038,21.60553524668933,29.77304802114512,21.44444444444444,29.999999999999994,0.0,21.18163700663626,40.503984283623179,20.999999999999998,29.999999999999994,1453.822958156917,21.573887016680659,29.187834409875138,21.44444444444444,29.999999999999994,0.0,20.82996590728108,30.81337430348191,15.999999999999997,29.999999999999994,0.0,15.673215231230268,45.05694161345705,11.999999999999997,29.999999999999994,0.0,19.346479689551797,41.5121311174833,18.999999999999998,29.999999999999994,0.0,18.218888541441808,37.595722713613039,9.999999999999999,29.999999999999994,0.0,15.528899182479995,45.30844487280164,11.999999999999997,29.999999999999994,2949.364052993683,18.39386534505699,37.70301963397489,19.999999999999998,29.999999999999994,0.0,18.73547963882411,0.0,0.0,0.0,14.238371900458436,0.0,0.0,683.4977809004118,1235.2384587895813,650.1269105270469,661.40292875492,723.3611150373702,1123.0044962659,708.4324163543765,724.8796816117095,720.6073206934864,10279.268703288868,81.20798135717,85.15772808034537,569.9999999999999,0.0,569.9999999999999,569.9999999999999,21.0,16.0,19.0,19.0,12.0,12.0,21.0,10.0,1.0,0.0,897.6164184702038,0.0,1453.822958156917,0.0,0.0,0.0,0.0,2949.364052993683,5977.335304028991,3586401.1824173948,4677323.740635752,81.20798135717,85.22480789196412,0.3503556212454108,0.7670590308550399,0.36028137401965945,85.22480789196412,0.3542647819438875,4677323.740635752,0.2684908345130591 
 03/04  22:20:00,2.1066666666666666,85.66666666666667,2.3233333333333334,0.0,0.0,0.0,0.0,0.0,2.0,0.0,0.0,4.0,0.0,0.0,0.0,1144.0,0.0,0.0,0.0,0.0,0.0,0.0,0.0,0.0,0.0,0.0,0.0,21.079481143420954,-510.739877965185,20.765781357089617,-128.46061798008976,21.351327972530777,-1819.2926433599617,20.21911448579251,342.72397022766429,15.633859625885169,27.733639809538596,18.956324018003945,-37.38710114634794,17.378334597075985,-134.90689479767642,15.610161759089963,-60.18044547628682,18.49461224567876,-828.9419978484493,1089.9869626630376,1744.4245475233425,0.0,0.0,0.0,0.0,0.0,0.0,0.0,0.0,0.0,0.0,0.0,0.0,0.0,0.0,0.0,0.0,0.0,0.0,0.0,0.0,0.0,0.0,2.0387374827623416,0.6223252389384438,188.6487147176985,221.66527819957146,7308.360051041588,0.3110247619622733,0.04747020176469374,23.396469780322759,27.486934321393986,895.353208667108,3.2916359098500926,0.6220022505385666,318.5038514851052,374.23897131558786,12360.459649562621,0.42199956894540766,0.07974292686043227,240.33065496703416,283.11682571877585,8967.820736910862,0.0,0.0,11.87516954950966,14.23962152294289,325.7977206413839,0.0,0.0,14.532527073032924,17.194161076410095,499.77513237726239,0.0,0.0,237.37799156338947,282.8167180765871,7304.627480722081,0.0,0.0,54.632679873851127,65.57627943961025,1469.9712997012267,0.0,0.0,212.6016837163737,251.43899543513525,7393.958035467224,37.39378180739361,25.647312625098505,308.11532933753417,365.06606703797555,11685.220604452632,0.0,0.0,203.3097322997258,243.77707613242587,5523.350957394316,674.3090864231729,21.325771416707853,30.471376287589359,21.250000000000005,30.000000000000008,0.0,21.153707128077448,39.990991311715,21.000000000000005,30.000000000000008,1956.8590435705333,21.52517218609346,29.04168599304835,21.500000000000005,30.000000000000008,0.0,20.852344082462556,30.80232193997424,16.000000000000005,30.000000000000008,0.0,15.668568895114046,44.700575926173289,12.000000000000002,30.000000000000008,0.0,19.32609876826995,39.60624685471328,19.000000000000005,30.000000000000008,0.0,17.527728491895624,39.16933333745042,10.000000000000002,30.000000000000008,0.0,15.397741083947907,45.42954465987664,12.000000000000002,30.000000000000008,991.7180119976349,19.662343078962555,34.42120674810322,19.500000000000005,30.000000000000008,0.0,18.758135732283937,0.0,0.0,0.0,15.188452820275432,0.0,0.0,699.4509195893397,1214.997987753545,645.1554822329724,668.8245997202301,718.4434256420317,1090.0049760962125,709.6022055044959,723.0271168757745,715.6369891457406,8743.92781127021,82.22331270934959,82.22331270934959,570.0000000000001,0.0,570.0000000000001,570.0000000000001,21.0,16.0,19.0,19.0,12.0,12.0,21.0,10.0,1.0,0.0,674.3090864231729,0.0,1956.8590435705333,0.0,0.0,0.0,0.0,991.7180119976349,0.0,0.0,0.0,82.22331270934959,82.22331270934959,0.3400000000000001,0.7692602914059087,0.3602813740196596,82.22331270934959,0.35426478194388757,0.0,0.025111666666666665 
 03/04  22:30:00,1.9899999999999998,86.0,2.3049999999999999,0.0,0.0,0.0,0.0,0.0,2.0,0.0,0.0,4.0,0.0,0.0,0.0,1144.0,0.0,0.0,0.0,0.0,0.0,0.0,0.0,0.0,0.0,0.0,0.0,21.223139126671719,-815.4859016490455,20.74391032984577,-81.76899225844176,21.380496393701948,-1264.406187318973,20.270538434080767,347.1658686010446,15.633074921507428,30.479146416296545,18.921982888547946,-63.66499368158895,17.1584592720148,24.600181168675137,15.660625470560893,10.269289844415824,18.82634054767802,-1415.256135157911,1265.2581085585185,2107.2331647358817,0.0,0.0,0.0,0.0,0.0,0.0,0.0,0.0,0.0,0.0,0.0,0.0,0.0,0.0,0.0,0.0,0.0,0.0,0.0,0.0,0.0,0.0,2.013219233654316,0.6145357856087657,312.5028566275877,367.50743239955627,12129.596396621053,0.3347751470906272,0.051095107919814908,18.24878228811709,21.459560371091489,705.3579195178734,3.3871032545312715,0.6400421871752215,404.1476774716467,475.09713461089918,15822.532759827382,0.4288166192658624,0.08103110719309567,241.95538852128369,285.07200578441498,9120.542515628562,0.0,0.0,12.947180033439063,15.527048369007233,358.3061751378069,0.0,0.0,16.577306609734568,19.625324859023466,572.5332660551892,0.0,0.0,301.0718912281859,359.1503595040597,9222.392373297314,0.0,0.0,52.260176708561349,62.70578015738669,1433.8431845341586,0.0,0.0,271.74552312177146,321.2285000080841,9681.05980017985,37.63181199890015,25.81057064396444,393.3459762060391,465.9424593546104,14923.720762405492,0.0,0.0,262.2179477177843,314.2095559343769,7379.925446628373,992.8685538309849,21.480247083688466,29.47389019229316,21.5,30.0,0.0,21.130650913700813,39.448206168562268,21.0,30.0,1297.2285977579516,21.591120804824365,28.87871379525763,21.5,30.0,0.0,20.943353519788415,30.4142403481922,16.0,30.0,0.0,15.668582378592176,44.425521983517139,12.0,30.0,0.0,19.279025494831506,38.34785261801744,19.0,30.0,0.0,17.212240834152973,39.65010373132594,10.0,30.0,0.0,15.546448856925546,44.65274033593351,12.0,30.0,2595.9542429902514,19.85766406810967,33.81343799378,20.0,30.0,0.0,19.25218705476122,0.0,0.0,0.0,15.891957265638699,0.0,0.0,670.1862592409036,1194.7437727019708,650.3637783880923,667.5613198974102,717.0467052385311,1054.1176140303886,707.9549489952174,722.0672978635145,718.3292248291776,11094.045283268195,80.66906618874686,86.26906110345193,570.0,0.0,570.0,570.0,21.0,16.0,19.0,19.0,12.0,12.0,21.0,10.0,1.0,0.0,992.8685538309849,0.0,1297.2285977579516,0.0,0.0,0.0,0.0,2595.9542429902514,8474.296716399509,5084578.029839706,6632726.808180674,80.66906618874686,86.36416760781091,0.367476557213317,0.7657704674527407,0.36028137401965956,86.36416760781091,0.3542647819438875,6632726.808180674,0.3698551273587284 
 03/04  22:40:00,1.8733333333333334,86.33333333333334,2.2866666666666668,0.0,0.0,0.0,0.0,0.0,2.0,0.0,0.0,0.0,0.0,0.0,0.0,1144.0,0.0,0.0,0.0,0.0,0.0,0.0,0.0,0.0,0.0,0.0,0.0,21.342068920112749,-1436.3209360067618,20.573574711784848,67.91199283459605,21.35191913353956,-1339.4231278913808,20.23706677809021,385.34929494115229,15.6346454347372,33.46981189040061,18.77485876691985,-62.308647435886587,17.24234838522714,67.29956072571327,15.693084990018502,-18.913557548773328,18.785401310724838,-970.0255368564126,1371.9636487477565,1688.8027365893086,0.0,0.0,0.0,0.0,0.0,0.0,0.0,0.0,0.0,0.0,0.0,0.0,0.0,0.0,0.0,0.0,0.0,0.0,0.0,0.0,0.0,0.0,2.0102862084848178,0.6136404787804695,451.002428062462,529.9197893950405,17660.25155875789,0.4060906954875724,0.06197965437844512,234.07543707381286,275.5389623248669,8862.966205893044,3.2589761852847927,0.6158307228429315,383.4915108446294,450.3629244897006,15207.034419203806,0.43061389941053698,0.08137072929148467,261.49500025118257,307.94622933143986,9896.065284694097,0.0,0.0,13.457420699807491,16.140120252182745,375.7726092993255,0.0,0.0,16.140986390871868,19.124440413853763,555.8940298250809,0.0,0.0,261.5881949473389,311.8665210037424,8168.646248715533,0.0,0.0,49.57780956270772,59.47368482142782,1380.8373912119369,0.0,0.0,225.60713006336224,267.03079483012109,7946.389837724133,37.70613033774861,25.861543441528548,582.6498114869063,689.1844454156275,21976.688362977493,0.0,0.0,213.14231609488383,255.88675569621078,5840.86656077423,1689.0574523670794,21.68271887525932,30.608892541342024,22.0,30.0,0.0,20.887619716264959,33.793634203757957,12.0,30.0,1769.1723094164887,21.627119004515447,29.986423907274685,21.5,30.0,0.0,20.87504907565931,31.583957735092278,16.0,30.0,0.0,15.673338109500577,44.09907741408608,12.0,30.0,0.0,19.105633829381025,37.47163118986678,12.0,30.0,0.0,17.401269369331005,39.47262805312053,10.0,30.0,0.0,15.637027809017426,43.97066192126369,12.0,30.0,1431.2713160707045,19.515149482724728,34.35263588082355,19.5,30.0,0.0,19.578601721578374,0.0,0.0,0.0,15.361764062373238,0.0,0.0,771.9612923736847,862.5543847275587,729.9165437130075,734.3164416208897,716.0059948837375,1014.1071204829377,734.3067093601155,716.8741721286069,720.5931473476663,11040.124772458366,80.70469722308215,86.30861400572393,60.0,0.0,60.0,60.0,12.0,16.0,12.0,19.0,12.0,12.0,21.0,10.0,1.0,0.0,1689.0574523670794,0.0,1769.1723094164887,0.0,0.0,0.0,0.0,1431.2713160707045,8480.185532822714,5088111.319693629,6629886.322282502,80.70469722308215,86.40378711642018,0.36767285109409056,0.7670797480219109,0.36028137401965956,86.40378711642018,0.3542647819438875,6629886.322282502,0.3473640887586902 
 03/04  22:50:00,1.7566666666666667,86.66666666666666,2.268333333333333,0.0,0.0,0.0,0.0,0.0,2.0,0.0,0.0,0.0,0.0,0.0,0.0,858.0,0.0,0.0,0.0,0.0,0.0,0.0,0.0,0.0,0.0,0.0,0.0,21.291704609247114,-1703.6558755792656,20.57533056851205,212.6538933690419,21.085327928114674,-273.9954814721825,20.203890465383539,81.560588399366,15.63560827232035,33.14127455799764,18.621365947735109,-57.64236280775569,17.256060626383986,77.65823468689335,15.665375327771987,-22.042957089703063,18.725341294495853,-895.071544268565,1300.1620798085876,1707.6886289472739,0.0,0.0,0.0,0.0,0.0,0.0,0.0,0.0,0.0,0.0,0.0,0.0,0.0,0.0,0.0,0.0,0.0,0.0,0.0,0.0,0.0,0.0,2.029130704678936,0.6193927669960128,407.05703909700699,478.44636282704888,16031.242894495814,0.40242253174578399,0.06141980032750066,198.93436278567814,234.36138180811077,7600.882959940429,3.5311349260471376,0.6672590563203216,246.5753460684505,290.3591113005265,9625.962818111144,0.4193074339331698,0.0792342089820805,169.0532062929459,199.304186674139,6420.284804024165,0.0,0.0,13.614447287810755,16.32779051727998,383.50420482606577,0.0,0.0,16.452749271694694,19.51138882583853,564.3729179077949,0.0,0.0,263.3751026066741,313.979234745809,8304.162792488489,0.0,0.0,50.452874602199489,60.52002759663725,1415.4465766487322,0.0,0.0,225.8920851350378,267.56215204710818,7925.787945829484,37.69779330000224,25.85582530864354,438.53777729549099,519.4344050395762,16754.40795432215,0.0,0.0,213.14212713288686,255.98271819450867,5854.03207971261,1856.4717586649995,21.571851030761925,30.02849637156939,22.000000000000019,30.00000000000002,0.0,20.966468555558046,31.6582594346736,12.00000000000001,30.00000000000002,849.8034860653547,21.3021689905188,30.392959678588836,21.33333333333335,30.00000000000002,0.0,20.77939447335032,31.6362430438739,16.000000000000015,30.00000000000002,0.0,15.676512223808683,43.966136248856319,12.00000000000001,30.00000000000002,0.0,18.89927622268638,37.05010403567448,12.00000000000001,30.00000000000002,0.0,17.437013917920966,39.26688803148479,10.000000000000007,30.00000000000002,0.0,15.61714115249458,44.00782894761811,12.00000000000001,30.00000000000002,1186.2051232822806,19.33763590494537,34.85764581273412,19.33333333333335,30.00000000000002,0.0,19.332904925499738,0.0,0.0,0.0,15.28181534994511,0.0,0.0,727.9366937521988,757.2379981044875,718.7906417955325,731.6991797962021,721.3404572850668,984.2281479212919,733.3971329267066,723.2386889384038,731.5811187774028,9803.789314775986,81.52237916773962,86.15915031801609,60.00000000000004,0.0,60.00000000000004,60.00000000000004,12.0,16.0,12.0,19.0,12.0,12.0,21.0,10.0,1.0,0.0,1856.4717586649995,0.0,849.8034860653547,0.0,0.0,0.0,0.0,1186.2051232822806,7017.199778203575,4210319.866922142,5499433.351801299,81.52237916773962,86.23789808517162,0.34723999260678597,0.7652619754395247,0.3602813740196598,86.23789808517162,0.3542647819438878,5499433.351801299,0.2885072009603342 
 03/04  23:00:00,1.64,87.0,2.25,0.0,0.0,0.0,0.0,0.0,2.0,0.0,0.0,0.0,0.0,0.0,0.0,1144.0,0.0,0.0,0.0,0.0,0.0,0.0,0.0,0.0,0.0,0.0,0.0,21.339879933392838,-1434.6761466353815,20.521087843762197,234.0518976094222,21.338019635974626,-1327.2366168835588,20.132706452179997,434.05338568913887,15.634877088752289,33.67235561377527,18.503495206570667,-57.51469548862934,17.22060716255023,39.353158036652079,15.6470510285172,-2.1376187841173648,18.7155685542808,-1196.4031055466049,1346.34281067735,2033.498829723505,0.0,0.0,0.0,0.0,0.0,0.0,0.0,0.0,0.0,0.0,0.0,0.0,0.0,0.0,0.0,0.0,0.0,0.0,0.0,0.0,0.0,0.0,2.036602787410893,0.6216736225307977,376.13469531136368,442.21382848516387,14965.429776093173,0.41513702525018578,0.06336035183916145,225.22365801228848,265.40558769297408,8631.90254148347,3.3379899135431247,0.6307615104956776,346.1958209546344,406.74032226728357,13852.620334088806,0.43590116069745668,0.08236983384305678,266.91965032836625,314.68788334328999,10140.902381793447,0.0,0.0,13.713350023030353,16.453130266104318,389.56711771565377,0.0,0.0,17.157248494192907,20.36594164323099,587.771511760748,0.0,0.0,291.9765337853644,348.28111867677458,9234.369761438693,0.0,0.0,51.56639784097727,61.88339054957443,1458.7298155039947,0.0,0.0,257.6013632298425,304.897531644487,9246.529123713392,37.81667659543746,25.937363920053135,498.8330889585694,590.7604374412472,19048.355662996357,0.0,0.0,244.90092265587948,293.86042897719849,6947.43315628987,1777.6695260869038,21.66418800734685,29.58478524850721,22.0,30.0,0.0,20.911453876709055,31.169811104361579,12.0,30.0,1634.569118854531,21.648067514679814,29.579424287603506,21.5,30.0,0.0,20.71120177919573,31.45754212146966,16.0,30.0,0.0,15.676948463213983,43.90785628991396,12.0,30.0,0.0,18.752344333499069,36.881779671438298,12.0,30.0,0.0,17.366271899633849,39.24366908955861,10.0,30.0,0.0,15.615398294438347,44.1146829583666,12.0,30.0,1148.2448664653235,19.623050477338617,34.17563578076252,19.5,30.0,0.0,19.42927332292694,0.0,0.0,0.0,15.608126530441771,0.0,0.0,716.3582364971362,729.5845299394769,715.2561075195515,719.403920977343,725.9556559752828,970.1718896156099,729.4431964088203,732.6217775960448,733.963075948771,9378.538532662209,81.803555887127,83.67557259450956,60.0,0.0,60.0,60.0,12.0,16.0,12.0,19.0,12.0,12.0,21.0,10.0,1.0,0.0,1777.6695260869038,0.0,1634.569118854531,0.0,0.0,0.0,0.0,1148.2448664653235,2832.8572536467765,1699714.3521880659,2200005.737204521,81.803555887127,83.7073656528699,0.3494285751215592,0.7681204281782046,0.36028137401965956,83.7073656528699,0.3542647819438875,2200005.737204521,0.11686363166796841 
 03/04  23:10:00,1.6083333333333335,87.16666666666667,2.25,0.0,0.0,0.0,0.0,0.0,2.0,0.0,0.0,0.0,0.0,0.0,0.0,2288.0,0.0,0.0,0.0,0.0,0.0,0.0,0.0,0.0,0.0,0.0,0.0,20.814801194608717,-543.2324559891401,20.408002138309138,-159.3640777456132,20.780268468776734,-753.2700220171975,20.16250091506972,20.899554533176358,15.630814342015297,25.250996973673887,18.407519648642287,-40.73471578406079,17.225460013689216,-5.127659691841245,15.617516053159024,-75.55425259172995,18.051567691164818,-395.72289559536559,1003.987280693437,1347.4385531681426,0.0,0.0,0.0,0.0,0.0,0.0,0.0,0.0,0.0,0.0,0.0,0.0,0.0,0.0,0.0,0.0,0.0,0.0,0.0,0.0,0.0,0.0,2.022308376277071,0.6173102491688252,205.11066782441135,242.06640998897047,7926.018892426249,0.3929392191513982,0.05997240829539045,122.36697614290347,144.5318435014651,4674.126017114269,3.304277677558672,0.6243910955326291,188.13717622248348,221.99726945610014,7394.35182719622,0.3927129298166293,0.07420879248235622,134.7660070925793,159.21816667059896,5149.557661128717,0.0,0.0,12.329593660351263,14.805258747901574,350.94748517720645,0.0,0.0,13.797447231988626,16.399457911659817,470.75876133410829,0.0,0.0,212.62029962408148,253.8533648359545,6750.247084070764,0.0,0.0,46.59296000082188,55.96244859825226,1318.4273437043394,0.0,0.0,177.62471047852888,211.33202356288084,5982.755272692911,37.3634326430704,25.6264970117081,255.5651614842603,303.9436629730041,10011.149179854687,0.0,0.0,166.26882764615324,200.40058370050398,4411.500803858638,0.0,20.782849303263278,30.65517956057032,21.625,30.0,0.0,20.725188771391467,30.87528101784031,12.0,30.0,0.0,20.89828150095474,30.238593687997534,21.5,30.0,0.0,20.72650069036176,30.94317217031884,12.0,30.0,0.0,15.67103790104699,43.79866134788169,12.0,30.0,0.0,18.640989158509613,36.785044543599919,12.0,30.0,0.0,17.383435161200759,38.79748256667035,10.0,30.0,0.0,15.582549223662705,44.07259179254173,12.0,30.0,0.0,18.37660148216285,36.63024176042073,20.0,30.0,0.0,17.93243220075865,0.0,0.0,0.0,14.58423634144775,0.0,0.0,692.7864190928935,703.407469294239,684.0672186552076,700.3071704480275,727.2360672019834,968.4902495806091,719.8769883175888,733.4670882053429,725.5535047497455,0.0,82.05596449735579,82.05596449735579,60.0,0.0,60.0,60.0,12.0,12.0,12.0,19.0,12.0,12.0,21.0,10.0,0.0,0.0,0.0,0.0,0.0,0.0,0.0,0.0,0.0,0.0,0.0,0.0,0.0,82.05596449735579,82.05596449735579,0.0,0.0,0.0,82.05596449735579,0.0,0.0,0.0023899999999999999 
 03/04  23:20:00,1.5766666666666667,87.33333333333334,2.25,0.0,0.0,0.0,0.0,0.0,2.0,0.0,0.0,0.0,0.0,0.0,0.0,1144.0,0.0,0.0,0.0,0.0,0.0,0.0,0.0,0.0,0.0,0.0,0.0,20.28583026908975,-151.79785950030044,20.04943053623547,-361.5498323717202,20.22234761913399,-301.7538878387679,19.781123810388736,-199.15008235826475,15.613288383441294,16.45178058075038,18.331917794729038,-35.90611435177597,17.077582166207855,-40.654231962244697,15.496086206690393,-114.97033625994027,17.664247949656749,-191.02063778360344,797.1806867011065,1108.6906771892678,0.0,0.0,0.0,0.0,0.0,0.0,0.0,0.0,0.0,0.0,0.0,0.0,0.0,0.0,0.0,0.0,0.0,0.0,0.0,0.0,0.0,0.0,1.966179826918506,0.6001769923438663,142.80880157371193,168.92599893495697,5315.861122600367,0.36426708263289367,0.05559631908316449,92.82137713613955,109.76491361293046,3431.3078599918219,3.2795632329174499,0.6197209434840232,137.03097346496399,162.19840424346377,5160.163920999728,0.37019022094028505,0.06995280063119519,103.54784575914411,122.52255164756889,3823.8905684541907,0.0,0.0,11.148699393672512,13.38434615580984,317.4992862124046,0.0,0.0,12.136906251899095,14.424452946868044,412.84815199072428,0.0,0.0,174.242710945929,208.1333398498203,5462.611036457575,0.0,0.0,43.94304011209195,52.80010269224262,1229.590897765042,0.0,0.0,142.2665747745289,169.55807231259309,4634.589252868063,36.76164588548636,25.213748892651834,170.32493847623565,203.04715139284316,6752.647434002083,0.0,0.0,132.1480425323935,159.64412911309439,3314.8688921709065,0.0,19.998050052395109,31.623145308552084,22.0,30.0,0.0,20.10711673266453,31.0526104434026,12.0,30.0,0.0,20.01109978018171,31.324753961354923,22.0,30.0,0.0,20.026903945908509,31.386793044079295,12.0,30.0,0.0,15.641511752531223,43.619924044601727,12.0,30.0,0.0,18.549499354286149,36.66167136427717,12.0,30.0,0.0,17.138206686482474,38.929821695454027,10.0,30.0,0.0,15.382242159052203,44.37497458992027,12.0,30.0,0.0,17.780393178468509,37.66042442910141,20.0,30.0,0.0,17.677900289795717,0.0,0.0,0.0,13.855948598307867,0.0,0.0,672.9195378880103,661.7652371854281,658.0164489642614,662.4713700575687,723.6316241660456,982.7093263488911,706.6438747391342,729.45147090139,714.7216434921861,0.0,82.05596449735579,82.05596449735579,60.0,0.0,60.0,60.0,12.0,12.0,12.0,19.0,12.0,12.0,21.0,10.0,0.0,0.0,0.0,0.0,0.0,0.0,0.0,0.0,0.0,0.0,0.0,0.0,0.0,82.05596449735579,82.05596449735579,0.0,0.0,0.0,82.05596449735579,0.0,0.0,0.00237 
 03/04  23:30:00,1.545,87.5,2.25,0.0,0.0,0.0,0.0,0.0,2.0,0.0,0.0,0.0,0.0,0.0,0.0,858.0,0.0,0.0,0.0,0.0,0.0,0.0,0.0,0.0,0.0,0.0,0.0,19.92472863509743,-246.73066342859623,19.72347915891912,-347.55733245929778,19.886347143035104,-357.94368720511587,19.5028666386282,-209.6199037401725,15.590588039351669,10.723924899849651,18.264209054825888,-32.04841381531405,16.94945009376171,-64.7333994189151,15.369118632387945,-134.78245792452749,17.434617479071855,-137.54927134722733,731.0299362367698,982.1219643298421,0.0,0.0,0.0,0.0,0.0,0.0,0.0,0.0,0.0,0.0,0.0,0.0,0.0,0.0,0.0,0.0,0.0,0.0,0.0,0.0,0.0,0.0,1.9236382455611579,0.5871911616487049,194.35284388509289,230.2086515572857,6999.369647603988,0.35382041066991767,0.05400189418039035,152.59093917100726,180.64893284815597,5493.4215352388769,3.2017659616027345,0.6050200229785968,139.9921701798997,165.73413233483098,5102.438222363291,0.35226643416480526,0.06656584167891251,112.24706777687357,132.8160484128026,4023.0760190002649,0.0,0.0,10.359717873749407,12.438033182009715,295.05456434714668,0.0,0.0,11.969153982665418,14.227924903718016,406.2461329199641,0.0,0.0,153.93151035297996,183.98611510362967,4776.3923153036589,0.0,0.0,42.68160952513623,51.31359862158135,1180.7383589194822,0.0,0.0,124.75105594054868,148.82670889925735,3996.9233667693417,36.28293734137489,24.885416557870295,233.96785264688573,278.4628897602746,8837.416299782286,0.0,0.0,115.91213385051812,140.20458902201853,2823.46677593836,0.0,19.472848091390838,31.926527490880646,21.999999999999994,29.99999999999999,0.0,19.589624162571267,31.43935435285496,11.999999999999995,29.99999999999999,0.0,19.534855031249664,31.509256454618844,21.999999999999994,29.99999999999999,0.0,19.58182695348765,31.661853181255215,11.999999999999995,29.99999999999999,0.0,15.60589826460614,43.40618823687038,11.999999999999995,29.99999999999999,0.0,18.47227558378991,36.50192921104288,11.999999999999995,29.99999999999999,0.0,16.93273511306857,38.86795773057813,9.999999999999997,29.99999999999999,0.0,15.18171620784255,44.6312969948879,11.999999999999995,29.99999999999999,0.0,17.464584877812876,38.04406678531075,19.999999999999994,29.99999999999999,0.0,17.424284305712864,0.0,0.0,0.0,13.46152257507918,0.0,0.0,643.9956003856856,635.023448053555,628.1103039556962,638.4929016329941,717.5121420614763,991.5220997495325,689.6392599837138,723.461164402234,704.4590136850558,0.0,82.05596449735575,82.05596449735575,59.99999999999998,0.0,59.99999999999998,59.99999999999998,12.0,12.0,12.0,19.0,12.0,12.0,21.0,10.0,0.0,0.0,0.0,0.0,0.0,0.0,0.0,0.0,0.0,0.0,0.0,0.0,0.0,82.05596449735575,82.05596449735575,0.0,0.0,0.0,82.05596449735575,0.0,0.0,0.00235 
 03/04  23:40:00,1.5133333333333333,87.66666666666667,2.25,0.0,0.0,0.0,0.0,0.0,2.0,0.0,0.0,0.0,0.0,0.0,0.0,858.0,0.0,0.0,0.0,0.0,0.0,0.0,0.0,0.0,0.0,0.0,0.0,19.639559477569873,-231.08733165402814,19.41659892565594,-363.74348506263268,19.621624711786706,-270.12841212475805,19.156077930779586,-216.2845762801898,15.564187349839897,4.890645790412465,18.20404943596122,-35.16617150733945,16.753182646443795,-138.71938821284318,15.253419167107614,-144.47979204057985,17.25055329727919,-169.53143494683389,790.0145113732633,959.5184443009508,0.0,0.0,0.0,0.0,0.0,0.0,0.0,0.0,0.0,0.0,0.0,0.0,0.0,0.0,0.0,0.0,0.0,0.0,0.0,0.0,0.0,0.0,1.8639255335150514,0.5689638380693077,240.42190615888445,285.29602798598526,8512.495833524408,0.34179102945128517,0.052165908035910469,179.62507853879428,213.2123386975495,6332.495420275062,3.0671039888117348,0.5795736940309405,190.87641326068269,226.6100037471591,6864.858955080355,0.35403561630194849,0.06690015425206888,158.51020167696374,188.27766203182433,5560.585959423588,0.0,0.0,9.73572865094284,11.69189072443562,277.2207104792434,0.0,0.0,11.808937489523168,14.042651560964693,400.1678234431283,0.0,0.0,153.33260829794083,183.5097770034045,4670.550282489952,0.0,0.0,40.82313853857162,49.1214152992216,1118.5815833250647,0.0,0.0,125.29034460346884,149.62080959246479,3962.601797193974,35.767541729982308,24.531921625502286,308.2041350091783,367.6890901853317,11189.018740726984,0.0,0.0,117.11365890886101,141.7870637174346,2811.288445268431,0.0,19.100215005994494,32.01700438778604,22.000000000000008,30.00000000000001,0.0,19.119733194525034,31.598220069350206,12.000000000000006,30.00000000000001,0.0,19.19965035655881,31.739550452061964,22.000000000000008,30.00000000000001,0.0,19.013234189757,31.981133697238655,12.000000000000006,30.00000000000001,0.0,15.566956710039812,43.05034398718064,12.000000000000006,30.00000000000001,0.0,18.40725082375261,36.20323112997865,12.000000000000006,30.00000000000001,0.0,16.602870592620599,38.88992277990542,10.000000000000004,30.00000000000001,0.0,15.00983340934223,44.426008612194618,12.000000000000006,30.00000000000001,0.0,17.21573503435739,37.905510465058849,20.000000000000008,30.00000000000001,0.0,17.661324414548603,0.0,0.0,0.0,13.248310260080669,0.0,0.0,619.3281898431467,604.3077746581644,611.4030877579783,607.0826680390554,706.830102383036,992.8697217430297,667.0573727575649,708.8062485808382,683.5550944110985,0.0,82.05596449735582,82.05596449735582,60.00000000000002,0.0,60.00000000000002,60.00000000000002,12.0,12.0,12.0,19.0,12.0,12.0,21.0,10.0,0.0,0.0,0.0,0.0,0.0,0.0,0.0,0.0,0.0,0.0,0.0,0.0,0.0,82.05596449735582,82.05596449735582,0.0,0.0,0.0,82.05596449735582,0.0,0.0,0.0023300000000000006 
 03/04  23:50:00,1.4816666666666665,87.83333333333334,2.25,0.0,0.0,0.0,0.0,0.0,2.0,0.0,0.0,0.0,0.0,0.0,0.0,572.0,0.0,0.0,0.0,0.0,0.0,0.0,0.0,0.0,0.0,0.0,0.0,19.367814439419595,-323.1871970553466,19.35898745368218,-28.382678690134158,19.383447785913878,-247.60344153581856,19.01758846122992,-230.2312158331397,15.537545828388632,4.209317695322881,18.139418712963626,-39.29495173667925,16.595063598819324,-113.34522208109775,15.158933661040944,-135.98730243160004,17.08745063098845,-156.72630197058789,675.2166266096979,999.0314483286645,0.0,0.0,0.0,0.0,0.0,0.0,0.0,0.0,0.0,0.0,0.0,0.0,0.0,0.0,0.0,0.0,0.0,0.0,0.0,0.0,0.0,0.0,1.8465481685945884,0.5636593921228902,137.06935835172187,162.780040846168,4769.85300066417,0.34354675008403348,0.052433875165450779,6.424418407615118,7.615270427293228,239.04768086578418,3.0987397580547757,0.5855517305470099,228.52157535361395,271.2319158202829,8074.527208000105,0.35175777683118217,0.06646972351307296,136.02734664662803,161.51382448280209,4737.559967429697,0.0,0.0,9.806515595192352,11.773881575820493,279.2686343087197,0.0,0.0,11.236336113042693,13.359968735967234,380.0177051998367,0.0,0.0,159.8214637108111,191.3540300829634,4808.275288723895,0.0,0.0,40.151924888059948,48.31630614322886,1093.241312121445,0.0,0.0,130.4620491009477,155.85575330934544,4083.5392896173036,35.643329933090047,24.446728349170138,207.4888285488089,247.62104814242918,7718.1520391797889,0.0,0.0,122.1684704940422,147.89671472851195,2921.116569481884,0.0,18.73821630047672,32.373922161762809,22.0,30.0,0.0,19.14188458877271,31.213609630417737,12.0,30.0,0.0,18.893917667906867,31.91307371028762,22.0,30.0,0.0,18.850634073918067,31.985591990164495,12.0,30.0,0.0,15.53139184445871,42.61112015992681,12.0,30.0,0.0,18.33343161839406,35.911530946468648,12.0,30.0,0.0,16.36938894898989,39.33105129417062,10.0,30.0,0.0,14.883381932021824,44.312046222639498,12.0,30.0,0.0,17.005602035984074,37.96165098130147,20.0,30.0,0.0,17.203465020390074,0.0,0.0,0.0,13.164716510044464,0.0,0.0,601.6365716300472,589.1083421476916,595.2124548442409,594.4877749908633,693.49222014526,992.2529220956814,663.8113771212054,698.097308765349,669.4536030593316,0.0,82.05596449735579,82.05596449735579,60.0,0.0,60.0,60.0,12.0,12.0,12.0,19.0,12.0,12.0,21.0,10.0,0.0,0.0,0.0,0.0,0.0,0.0,0.0,0.0,0.0,0.0,0.0,0.0,0.0,82.05596449735579,82.05596449735579,0.0,0.0,0.0,82.05596449735579,0.0,0.0,0.0023300000000000006 
 03/04  24:00:00,1.45,88.0,2.25,0.0,0.0,0.0,0.0,0.0,2.0,0.0,0.0,0.0,0.0,0.0,0.0,858.0,0.0,0.0,0.0,0.0,0.0,0.0,0.0,0.0,0.0,0.0,0.0,19.24906261607123,-58.402024718455667,19.166897014728045,-423.0597806130809,19.231117580505605,-288.24590710936379,18.88023661927877,-68.02519410914228,15.51197682181771,1.1955942269695668,18.082362770589989,-37.7704102833472,16.445741111093814,-163.52375669467208,15.086953063870519,-133.83137480449586,16.949808591992345,-178.7411364956174,654.2367363549158,999.6447167951387,0.0,0.0,0.0,0.0,0.0,0.0,0.0,0.0,0.0,0.0,0.0,0.0,0.0,0.0,0.0,0.0,0.0,0.0,0.0,0.0,0.0,0.0,1.8116247606474612,0.5529990111866492,195.30806795245835,232.32684583933986,6810.055352530385,0.33084353851478889,0.05049504556086526,129.19864418544629,153.644834865274,4510.825436148718,3.00476189553165,0.5677932531238952,135.61520204109827,161.18967330771464,4795.984410693074,0.3460260009310223,0.06538662149112291,77.11594063428831,91.67198026226336,2676.394585296836,0.0,0.0,9.304554511318319,11.181621246005865,265.037729469874,0.0,0.0,11.796423781108656,14.041388271620221,398.4505420990971,0.0,0.0,160.3771262515806,192.3253019125567,4767.561754441263,0.0,0.0,38.41853774436544,46.284365695532247,1042.4774561437433,0.0,0.0,132.31751058885807,158.29264855217299,4107.791872586325,35.40277939082993,24.28174169467076,207.67888729987659,248.34821908043745,7673.246413687029,0.0,0.0,125.0907769279834,151.6243072999249,2969.81892166598,0.0,18.7045484125222,32.03818697312461,22.000000000000019,30.00000000000002,0.0,18.834105031890958,31.421746393633158,12.00000000000001,30.00000000000002,0.0,18.742202076090807,31.898403280519827,22.000000000000019,30.00000000000002,0.0,18.701645442226128,32.00272964860015,12.00000000000001,30.00000000000002,0.0,15.500482249710473,42.29796464484727,12.00000000000001,30.00000000000002,0.0,18.275323658848707,35.61190048960446,12.00000000000001,30.00000000000002,0.0,16.148941799179256,39.330515058387877,10.000000000000007,30.00000000000002,0.0,14.80082761025077,44.1035506613683,12.00000000000001,30.00000000000002,0.0,16.83730941009515,38.0273629654823,20.000000000000015,30.00000000000002,0.0,17.109294239613467,0.0,0.0,0.0,13.044078024308086,0.0,0.0,586.783684471532,572.0714850384394,583.6184575118208,584.2666137956007,683.3957309928469,983.964912691842,647.6404572922027,688.0664937319491,659.9960365479144,0.0,82.05596449735585,82.05596449735585,60.00000000000004,0.0,60.00000000000004,60.00000000000004,12.0,12.0,12.0,19.0,12.0,12.0,21.0,10.0,0.0,0.0,0.0,0.0,0.0,0.0,0.0,0.0,0.0,0.0,0.0,0.0,0.0,82.05596449735585,82.05596449735585,0.0,0.0,0.0,82.05596449735585,0.0,0.0,0.0023300000000000006 
 03/05  00:10:00,1.435,88.00000000000002,2.25,0.0,0.0,0.0,0.0,0.0,2.0,2.0,0.0,0.0,0.0,0.0,0.0,1144.0,0.0,0.0,0.0,0.0,0.0,0.0,0.0,0.0,0.0,0.0,0.0,19.11989038843971,-258.682294661127,19.019710204471367,-266.14350832682916,19.099521575326965,-241.1670126108342,18.81453907682647,-138.43369233868033,15.485805533741605,1.7463718440265695,18.02366296499937,-37.752500815580237,16.62967484103102,197.28084828893385,14.994335583164722,-181.51653567992475,16.932871556537579,-43.10810256807247,478.56182458061746,479.37551296490377,0.0,0.0,0.0,0.0,0.0,0.0,0.0,0.0,0.0,0.0,0.0,0.0,0.0,0.0,0.0,0.0,0.0,0.0,0.0,0.0,0.0,0.0,1.8037767799014167,0.5506034126683201,149.85404981050614,178.27878223042263,5197.796600347056,0.3385028568503105,0.05166405019082883,72.41741539032549,86.16003567662465,2508.324209126783,2.962676218918863,0.5598405553512593,100.1623261671308,119.06310361902888,3544.495665082101,0.33744246573787287,0.06376463827246273,61.31584841653073,72.89111046592788,2118.0679311038695,0.0,0.0,9.469611307906718,11.387826671917044,269.52002737783359,0.0,0.0,11.856440680950959,14.125458235545875,399.49653341022397,0.0,0.0,85.42764111657424,102.34750639639174,2616.5730338223149,0.0,0.0,39.675234410872878,47.83764517000894,1068.0231241700668,0.0,0.0,18.020244592761175,21.571346539055467,561.3614639111133,35.21843979854185,24.155308503801004,146.8860944422256,175.63900110870476,5663.2343254798329,0.0,0.0,52.9546199513528,64.39783348402753,1175.510985473534,0.0,18.565135639916944,31.924991891629959,22.0,30.0,0.0,18.674197246411184,31.245559655614924,12.0,30.0,0.0,18.628492340426655,31.672582207386417,22.0,30.0,0.0,18.64797633854611,31.90269973930336,12.0,30.0,0.0,15.470971569904828,41.81527745766025,12.0,30.0,0.0,18.213055769383734,35.25383415202448,12.0,30.0,0.0,16.598105471473468,37.11748724422666,10.0,30.0,0.0,14.675972886846563,43.92222789633109,12.0,30.0,0.0,16.8797552638002,37.69237760564173,20.0,30.0,0.0,16.4623686361828,0.0,0.0,0.0,12.241535515056026,0.0,0.0,572.1986637289075,553.7872639182724,567.8522928336562,578.0362092131139,667.8792128456505,968.8479611834001,607.7403206100535,677.6364141921682,711.4423288161727,0.0,82.05596449735579,82.05596449735579,60.0,0.0,60.0,60.0,12.0,12.0,12.0,19.0,12.0,12.0,21.0,10.0,0.0,0.0,0.0,0.0,0.0,0.0,0.0,0.0,0.0,0.0,0.0,0.0,0.0,82.05596449735579,82.05596449735579,0.0,0.0,0.0,82.05596449735579,0.0,0.0,0.0023300000000000006 
 03/05  00:20:00,1.4200000000000002,88.0,2.25,0.0,0.0,0.0,0.0,0.0,2.0,2.0,0.0,0.0,0.0,0.0,0.0,572.0,0.0,0.0,0.0,0.0,0.0,0.0,0.0,0.0,0.0,0.0,0.0,19.026463300595617,-37.910497229758679,18.919091763688088,-167.20583295805967,18.875761803610517,-471.1368726408159,18.66999619844556,-96.91398423995565,15.458458323899468,1.9098171523669124,17.96946024865414,-26.891673143910596,16.817221287783914,87.12316689711179,14.84691420642572,-208.36934199997473,16.973944363903227,-46.49297014187243,534.4785980669246,569.3123718028301,0.0,0.0,0.0,0.0,0.0,0.0,0.0,0.0,0.0,0.0,0.0,0.0,0.0,0.0,0.0,0.0,0.0,0.0,0.0,0.0,0.0,0.0,1.8018176962272783,0.5500054017787786,129.4604719755832,154.02822994037758,4499.338625354689,0.3408266705929106,0.0520187226179656,40.44177084429632,48.1829206449768,1399.0085633905147,2.9122456117703194,0.5503109621637038,159.57052446060346,189.89484289658246,5449.9025813814009,0.34395358766047237,0.0649950090061361,110.26655661202645,131.0942426009492,3782.0182362150396,0.0,0.0,9.093477574235133,10.92942215973509,258.63372452894626,0.0,0.0,10.808489931709382,12.86960313453995,363.506020938013,0.0,0.0,86.66340679698365,103.6340758617343,2716.484403905798,0.0,0.0,44.05768526357948,53.12914805190658,1168.6010292621534,0.0,0.0,15.403984458003468,18.41679942308133,484.0523286504879,35.13997950527282,24.10149485958356,153.66977431600368,183.83703929001335,5822.494584784376,0.0,0.0,57.61752236979308,70.06989085460072,1260.8261670705857,0.0,18.527259533747864,31.981754591835768,22.0,30.0,0.0,18.581226242918079,30.931183328398434,12.0,30.0,0.0,18.318294841444698,31.970580320590388,22.0,30.0,0.0,18.450336601585226,31.80106143752826,12.0,30.0,0.0,15.440634916692446,41.19230610228013,12.0,30.0,0.0,18.159221702505048,34.80404787448974,12.0,30.0,0.0,16.95563831629132,35.92671156902237,10.0,30.0,0.0,14.451894087462533,43.84812775721868,12.0,30.0,0.0,16.998206252192547,37.25696467360328,20.0,30.0,0.0,16.619766925787123,0.0,0.0,0.0,12.060607171903314,0.0,0.0,572.3580294281439,535.4223840537432,556.7866057633262,562.1398222888568,647.9450212444915,960.7690236403691,597.2245481165031,664.5586297051286,777.9394659823197,0.0,82.05596449735579,82.05596449735579,60.0,0.0,60.0,60.0,12.0,12.0,12.0,19.0,12.0,12.0,21.0,10.0,0.0,0.0,0.0,0.0,0.0,0.0,0.0,0.0,0.0,0.0,0.0,0.0,0.0,82.05596449735579,82.05596449735579,0.0,0.0,0.0,82.05596449735579,0.0,0.0,0.0023199999999999997 
 03/05  00:30:00,1.405,88.0,2.25,0.0,0.0,0.0,0.0,0.0,2.0,2.0,0.0,0.0,0.0,0.0,0.0,858.0,0.0,0.0,0.0,0.0,0.0,0.0,0.0,0.0,0.0,0.0,0.0,18.85588256074191,-266.8819247698019,18.846476343481159,-248.36923477476527,18.747338695610304,0.4752926491916405,18.55710614990394,-227.98035358597969,15.432767719488396,1.2677489027475604,17.92552999363902,-19.33426095454378,16.81721280680526,34.51831197419262,14.716988344584859,-224.7802144353314,16.977888873307586,-54.582862280248459,573.3305946498059,647.2901482433086,0.0,0.0,0.0,0.0,0.0,0.0,0.0,0.0,0.0,0.0,0.0,0.0,0.0,0.0,0.0,0.0,0.0,0.0,0.0,0.0,0.0,0.0,1.7966956416429576,0.5484418930534056,177.9585075478042,212.05780524808015,6088.2192885080689,0.3222733277637937,0.04918701583696483,77.09359973932738,91.81369272496625,2643.014145336879,3.0657612015501849,0.5793199549414558,146.57999669300498,174.779395176273,5048.852112831819,0.3431417828522134,0.06484160673700174,96.03516881191523,114.44878790687406,3263.99539269167,0.0,0.0,8.730727989553828,10.50291177202191,248.16720264258519,0.0,0.0,10.419747657970638,12.417919128471003,350.06275769155,0.0,0.0,87.52705479150623,104.75348644649418,2746.312161238677,0.0,0.0,49.03870095375228,59.227415545880969,1285.1400544888402,0.0,0.0,15.437480749391906,18.464648364864919,486.8742883170225,34.95623756434274,23.97547158048199,203.24278235192424,243.47699886518718,7397.355564362805,0.0,0.0,62.76148211972334,76.41041255882863,1367.1029016463404,0.0,18.273950373613454,31.619854548931558,21.999999999999994,29.99999999999999,0.0,18.52149068669745,31.066567422180968,11.999999999999995,29.99999999999999,0.0,18.239044685330204,32.09887489460138,21.999999999999994,29.99999999999999,0.0,18.29406412381721,31.772201194295119,11.999999999999995,29.99999999999999,0.0,15.415000942947433,40.77251727469384,11.999999999999995,29.99999999999999,0.0,18.123509686659255,34.47088134728215,11.999999999999995,29.99999999999999,0.0,16.95506658300857,35.44272148565342,9.999999999999997,29.99999999999999,0.0,14.269630661780944,43.57776185668945,11.999999999999995,29.99999999999999,0.0,17.039200926321255,36.95840870407161,19.999999999999994,29.99999999999999,0.0,16.697315013665425,0.0,0.0,0.0,11.995600941978847,0.0,0.0,540.1882914294238,537.0879571816945,558.0776151504031,552.2740790952685,635.1304027129495,959.5777211155939,584.0749512072147,646.8327013699473,811.8140088612282,0.0,82.05596449735575,82.05596449735575,59.99999999999998,0.0,59.99999999999998,59.99999999999998,12.0,12.0,12.0,19.0,12.0,12.0,21.0,10.0,0.0,0.0,0.0,0.0,0.0,0.0,0.0,0.0,0.0,0.0,0.0,0.0,0.0,82.05596449735575,82.05596449735575,0.0,0.0,0.0,82.05596449735575,0.0,0.0,0.0023100000000000006 
 03/05  00:40:00,1.3900000000000002,88.0,2.25,0.0,0.0,0.0,0.0,0.0,2.0,2.0,0.0,0.0,0.0,0.0,0.0,572.0,0.0,0.0,0.0,0.0,0.0,0.0,0.0,0.0,0.0,0.0,0.0,18.740539181826678,-210.79365574241229,18.69708408130048,-246.58134023641646,18.708024006667757,-227.85006023207465,18.49431425303819,-80.20139447493699,15.404089873550344,1.4745635418547072,17.87735470897981,-20.999701003959197,16.774925564587489,26.911786337391285,14.593922747946757,-221.82676902342036,16.965808029705337,-61.21760728753303,592.4410889807098,671.3068699248477,0.0,0.0,0.0,0.0,0.0,0.0,0.0,0.0,0.0,0.0,0.0,0.0,0.0,0.0,0.0,0.0,0.0,0.0,0.0,0.0,0.0,0.0,1.791993183040514,0.5470064661295833,157.03603860448005,187.1180458576961,5354.143512754723,0.33295396005008329,0.05081714896979295,123.4383495614916,147.07822757352478,4200.951353829083,2.9740401936819125,0.5619879428726218,88.50309737352485,105.38555569633323,3092.1737717113035,0.3439830802525611,0.06500058205830708,85.78945568607839,102.12148873636372,2919.6142076463095,0.0,0.0,8.884496196038669,10.684516575168298,252.35081248782775,0.0,0.0,10.33971397237276,12.32018159118085,346.8746546666297,0.0,0.0,88.39094314646718,105.76972375783756,2766.3097599910895,0.0,0.0,50.32220898442071,60.79187648662936,1304.5223786067218,0.0,0.0,16.892021398462107,20.19670622636569,533.6807939411217,34.907039945405397,23.94172835761688,185.74078233985868,222.4484266854787,6798.143924525861,0.0,0.0,64.00706836845123,77.93090887368526,1382.4856141463188,0.0,18.177856594379436,31.66437689889221,22.000000000000008,30.00000000000001,0.0,18.322091802651415,31.3713446053126,12.000000000000004,30.00000000000001,0.0,18.257555687575583,31.646097920426024,22.000000000000008,30.00000000000001,0.0,18.26675194576193,31.754621996011644,12.000000000000004,30.00000000000001,0.0,15.384838858313835,40.27892964332092,12.000000000000004,30.00000000000001,0.0,18.077730981391395,34.08913084277317,12.000000000000004,30.00000000000001,0.0,16.893482285360965,35.186606834737307,10.000000000000004,30.00000000000001,0.0,14.104549518411514,43.45757519691509,12.000000000000004,30.00000000000001,0.0,17.0486815434437,36.533283315413758,20.000000000000008,30.00000000000001,0.0,16.663024236026027,0.0,0.0,0.0,11.884491644169966,0.0,0.0,535.6666769185599,535.088009703064,544.7583763685818,553.9805302577955,620.6282830383764,954.5193363328299,572.4287262332327,636.5083938442494,824.2305050244873,0.0,82.05596449735582,82.05596449735582,60.00000000000002,0.0,60.00000000000002,60.00000000000002,12.0,12.0,12.0,19.0,12.0,12.0,21.0,10.0,0.0,0.0,0.0,0.0,0.0,0.0,0.0,0.0,0.0,0.0,0.0,0.0,0.0,82.05596449735582,82.05596449735582,0.0,0.0,0.0,82.05596449735582,0.0,0.0,0.0023 
 03/05  00:50:00,1.3750000000000003,88.0,2.25,0.0,0.0,0.0,0.0,0.0,2.0,2.0,0.0,0.0,0.0,0.0,0.0,572.0,0.0,0.0,0.0,0.0,0.0,0.0,0.0,0.0,0.0,0.0,0.0,18.535682128581933,-146.90394071440734,18.627041349925926,-329.4829228716794,18.52393301849393,-209.10114913939925,18.41482199817631,-240.13690045596787,15.374653961227978,-0.7154615974853158,17.825554484615865,-21.8104038812441,16.706526112214289,-22.00454310800501,14.482109791499083,-230.52437598950133,16.93955479123533,-66.99934718565334,697.0306561209818,685.0922097283299,0.0,0.0,0.0,0.0,0.0,0.0,0.0,0.0,0.0,0.0,0.0,0.0,0.0,0.0,0.0,0.0,0.0,0.0,0.0,0.0,0.0,0.0,1.7862605579282392,0.5452565805641756,296.1333861212103,353.081045383913,9922.536325588902,0.32206657354592146,0.04915545994290621,222.54440918850669,265.0685498803599,7544.70748899813,2.8925411198180219,0.5465875131931259,214.41309373309219,255.64534756856905,7263.731095881552,0.32801806575742767,0.061983761480995377,214.32682839689569,255.4094674712463,7235.73316336589,0.0,0.0,8.608076790349799,10.358417638797885,244.30242008007526,0.0,0.0,11.06854440368512,13.193737116698639,370.61664039897689,0.0,0.0,83.70489286774228,100.24256000028419,2606.935457818363,0.0,0.0,51.621638829052127,62.410109824005818,1325.6263409895055,0.0,0.0,20.66036627612182,24.709931196089796,652.7730849898578,34.704988752827279,23.803147292748485,415.11198216050448,496.6840510825143,14154.947173725639,0.0,0.0,65.09450665809062,79.30686274747933,1393.4086217313894,0.0,17.90004595877052,31.993899082351815,22.0,30.0,0.0,18.275904231694079,31.187223213283525,12.0,30.0,0.0,18.008043668469143,31.96498691173564,22.0,30.0,0.0,18.172376467383765,31.55350798128036,12.0,30.0,0.0,15.354309579502474,39.77613666480104,12.0,30.0,0.0,18.025322212025729,33.75694167630284,12.0,30.0,0.0,16.786520192480525,34.992186512147117,10.0,30.0,0.0,13.961341960659765,43.077467209875788,12.0,30.0,0.0,17.03125284535424,35.989347311692558,20.0,30.0,0.0,16.9954616917788,0.0,0.0,0.0,11.769622327022042,0.0,0.0,529.791802254403,528.0014075850438,543.002477868954,540.0303045482735,607.9642643474697,942.8440274714253,566.6738712812012,633.4830845497111,810.9060557846542,0.0,82.05596449735579,82.05596449735579,60.0,0.0,60.0,60.0,12.0,12.0,12.0,19.0,12.0,12.0,21.0,10.0,0.0,0.0,0.0,0.0,0.0,0.0,0.0,0.0,0.0,0.0,0.0,0.0,0.0,82.05596449735579,82.05596449735579,0.0,0.0,0.0,82.05596449735579,0.0,0.0,0.0022966666666666666 
 03/05  01:00:00,1.36,88.0,2.25,0.0,0.0,0.0,0.0,0.0,2.0,2.0,0.0,0.0,0.0,0.0,0.0,572.0,0.0,0.0,0.0,0.0,0.0,0.0,0.0,0.0,0.0,0.0,0.0,18.542616206629398,-227.09840262294393,18.410549464878629,-257.74490050807619,18.47308612615737,-274.7490102271181,18.204503481420486,-173.9772150429676,15.342837058108846,-0.34258245784945987,17.77575816713586,-26.568030048566699,16.621436756743905,8.747342152849797,14.379150707485339,-231.90659558636447,16.90703525569416,-75.60489528216317,683.8748546530742,693.368819424491,0.0,0.0,0.0,0.0,0.0,0.0,0.0,0.0,0.0,0.0,0.0,0.0,0.0,0.0,0.0,0.0,0.0,0.0,0.0,0.0,0.0,0.0,1.7617701891825506,0.5377808880288617,241.64266831172194,288.1906817391747,8130.183708047896,0.3302108326282588,0.05039847872836673,197.98173024055246,236.2033033674091,6613.851142503601,2.895831033616161,0.5472091900257298,206.98768468988363,246.82407520146689,7014.983290617382,0.34047179363479437,0.06433707362713422,190.9041300938252,227.74941363381377,6349.053007089249,0.0,0.0,9.020111626556029,10.85435620441222,255.71262269183394,0.0,0.0,11.203801448510119,13.36058019776289,374.516552711876,0.0,0.0,87.96259935437021,105.37894514189327,2720.6460571702875,0.0,0.0,52.234139261230939,63.193378568424019,1330.4580824577452,0.0,0.0,20.875811356177147,24.978294131492136,659.1677483012076,34.65381578782346,23.768049237190309,367.1550439837067,439.51225384158308,12603.755228664664,0.0,0.0,65.63491504462528,80.01510150746657,1392.2963166182724,0.0,18.003109765405286,31.603130142401054,22.0,30.0,0.0,17.96066928965717,31.45371740668798,12.0,30.0,0.0,18.0117392129148,31.779839611195287,22.0,30.0,0.0,17.86128503912233,31.892795173829826,12.0,30.0,0.0,15.320677735146767,39.38055530084704,12.0,30.0,0.0,17.97700328977367,33.413272992535997,12.0,30.0,0.0,16.66229568504442,34.95303061117108,10.0,30.0,0.0,13.83642933452662,42.89797950693031,12.0,30.0,0.0,17.002590061238224,35.520535143411979,20.0,30.0,0.0,16.921017757149298,0.0,0.0,0.0,11.654688789265954,0.0,0.0,526.3353891076188,516.8037893061136,540.7250525018865,533.2269426731688,599.7599958697847,926.7168216797168,562.9053795006133,634.6295670286082,799.9825143077694,0.0,82.05596449735579,82.05596449735579,60.0,0.0,60.0,60.0,12.0,12.0,12.0,19.0,12.0,12.0,21.0,10.0,0.0,0.0,0.0,0.0,0.0,0.0,0.0,0.0,0.0,0.0,0.0,0.0,0.0,82.05596449735579,82.05596449735579,0.0,0.0,0.0,82.05596449735579,0.0,0.0,0.0022933333333333336 
 03/05  01:10:00,1.3216666666666668,88.16666666666667,2.236666666666667,0.0,0.0,0.0,0.0,0.0,2.0,2.0,0.0,0.0,0.0,0.0,0.0,572.0,0.0,0.0,0.0,0.0,0.0,0.0,0.0,0.0,0.0,0.0,0.0,18.33292275155059,-142.11928616127899,18.389960440108618,-302.4169025266565,18.29607205081517,-191.1976975652933,18.183008815925367,-220.0642175808639,15.311193502126958,-2.0579111013289266,17.720178601730767,-23.978004244330806,16.56806858049093,-33.492311096791357,14.28385372749488,-234.11325684736927,16.86771321818586,-76.0252628104517,646.3992477965367,704.8518251317653,0.0,0.0,0.0,0.0,0.0,0.0,0.0,0.0,0.0,0.0,0.0,0.0,0.0,0.0,0.0,0.0,0.0,0.0,0.0,0.0,0.0,0.0,1.761610275928449,0.5377320744592335,249.36058232289828,297.60708922832387,8305.74194407746,0.3165151892262645,0.048308179063837688,186.89761070902436,222.88393859192736,6262.086552282725,2.8888509283547516,0.5458901981018052,185.36797451059148,221.25420337454785,6235.042760624752,0.3246455480333298,0.06134647544091641,184.83207141069028,220.54834180197487,6163.655505980278,0.0,0.0,8.507780352890532,10.24454300514255,241.3715349395399,0.0,0.0,11.341447201966073,13.530263175598176,378.8109387919583,0.0,0.0,82.90954840929678,99.39606136410098,2561.2660056136417,0.0,0.0,52.58380848612363,63.655702759362757,1332.3913099866814,0.0,0.0,22.721979563544119,27.196058029705787,717.6211131623501,34.478511488498977,23.64781309224896,349.73601244704016,418.92865052645836,11968.796014961275,0.0,0.0,65.83611939592417,80.31195049678148,1387.311699338068,0.0,17.714246135841429,31.92552313570625,22.0,30.0,0.0,18.009255149640205,31.157961109038099,12.0,30.0,0.0,17.778546278883668,32.0591019274169,22.0,30.0,0.0,17.894664115882948,31.640968288724,12.0,30.0,0.0,15.288254742796799,38.98635390838892,12.0,30.0,0.0,17.91896025510421,33.13732344178287,12.0,30.0,0.0,16.595796061341298,34.82827580059498,10.0,30.0,0.0,13.726054580044722,42.773320805594867,12.0,30.0,0.0,16.962839889798525,35.13088007271736,20.0,30.0,0.0,16.759883546470186,0.0,0.0,0.0,11.54197553121665,0.0,0.0,519.9328199997067,510.2697502981679,539.0458319443623,529.425513414822,592.8752831830149,914.6418315859366,561.2024213161776,633.4802091310969,788.6528641697055,0.0,82.05596449735579,82.05596449735579,60.0,0.0,60.0,60.0,12.0,12.0,12.0,19.0,12.0,12.0,21.0,10.0,0.0,0.0,0.0,0.0,0.0,0.0,0.0,0.0,0.0,0.0,0.0,0.0,0.0,82.05596449735579,82.05596449735579,0.0,0.0,0.0,82.05596449735579,0.0,0.0,0.00229 
 03/05  01:20:00,1.2833333333333335,88.33333333333334,2.2233333333333338,0.0,0.0,0.0,0.0,0.0,2.0,2.0,0.0,0.0,0.0,0.0,0.0,572.0,0.0,0.0,0.0,0.0,0.0,0.0,0.0,0.0,0.0,0.0,0.0,18.329481957770385,-220.77048966774238,18.209230403664244,-235.90058502600278,18.25237450536414,-261.1984000789889,18.010492202737085,-162.29009772952487,15.277231270364265,-1.8224150070541044,17.667921868607647,-28.519913485799294,16.48411106006788,-7.5043056439608339,14.191518267951182,-235.728217143027,16.82779800993653,-81.82873568910367,659.1374764072707,710.1079681518271,0.0,0.0,0.0,0.0,0.0,0.0,0.0,0.0,0.0,0.0,0.0,0.0,0.0,0.0,0.0,0.0,0.0,0.0,0.0,0.0,0.0,0.0,1.7450525140195179,0.5326778125822704,246.41555278941986,294.23709119995785,8235.370630909109,0.3254390798327429,0.049670189229661629,199.9512720372885,238.84706736121357,6633.561742365902,2.8732864673527716,0.5429490679049078,210.75484175511026,251.62589024924547,7088.061087187446,0.33575484308761729,0.0634457375449012,196.54344770403186,234.77542007518293,6487.9451372300459,0.0,0.0,8.873463822568676,10.685670377597369,251.86047217704215,0.0,0.0,11.4916661975625,13.716285724000175,383.6567693709004,0.0,0.0,86.34249085974227,103.5508987648856,2654.7348140633387,0.0,0.0,52.89659328181712,64.07415781789017,1333.8532491694969,0.0,0.0,23.036834936398259,27.586451456743583,727.7009174952532,34.41447036887621,23.603889141890414,374.96011110929399,449.3629955934748,12770.618790589753,0.0,0.0,66.08185998271435,80.66179765700247,1383.5558829985606,0.0,17.791997149026977,31.601207769718895,22.0,30.0,0.0,17.755111111762568,31.352673717952557,12.0,30.0,0.0,17.789926357502944,31.870507994304505,22.0,30.0,0.0,17.648464021097376,31.877645710028415,12.0,30.0,0.0,15.252573455310602,38.704533675056989,12.0,30.0,0.0,17.866887335191096,32.89087481709673,12.0,30.0,0.0,16.479416495444619,34.8013448184292,10.0,30.0,0.0,13.620885538147386,42.655520337074538,12.0,30.0,0.0,16.92213459058238,34.83079297557844,20.0,30.0,0.0,16.745332266181579,0.0,0.0,0.0,11.431998331653994,0.0,0.0,517.2982014595193,500.899536302195,536.9709671495862,522.9208869013619,588.4020204471547,901.253487386658,556.8007082682955,633.2545021889907,779.8551886196101,0.0,82.05596449735579,82.05596449735579,60.0,0.0,60.0,60.0,12.0,12.0,12.0,19.0,12.0,12.0,21.0,10.0,0.0,0.0,0.0,0.0,0.0,0.0,0.0,0.0,0.0,0.0,0.0,0.0,0.0,82.05596449735579,82.05596449735579,0.0,0.0,0.0,82.05596449735579,0.0,0.0,0.0022833333333333336 
 03/05  01:30:00,1.245,88.5,2.21,0.0,0.0,0.0,0.0,0.0,2.0,2.0,0.0,0.0,0.0,0.0,0.0,572.0,0.0,0.0,0.0,0.0,0.0,0.0,0.0,0.0,0.0,0.0,0.0,18.134339825577734,-138.08864356952109,18.197717006196805,-292.02285914549796,18.08985752097507,-186.94958258977159,18.00084269285476,-215.08943611519318,15.243541768981033,-3.1552957855293188,17.611074269517663,-26.078546149152119,16.43377814009727,-41.48241925292177,14.103179390490839,-238.43163796425336,16.783531950842144,-82.3636547599927,626.593257671464,720.7662033420561,0.0,0.0,0.0,0.0,0.0,0.0,0.0,0.0,0.0,0.0,0.0,0.0,0.0,0.0,0.0,0.0,0.0,0.0,0.0,0.0,0.0,0.0,1.746681405592085,0.5331750322320161,244.00668791999517,291.54757513032299,8079.279594174628,0.3142041220279196,0.04795545207996331,184.75546980427357,220.57869231995907,6153.919306840647,2.872406921848338,0.5427828650507066,185.38641468377007,221.52796041535385,6194.873696327286,0.32230755065603269,0.06090467699471515,184.5001599279961,220.398726081485,6114.986541219134,0.0,0.0,8.430080341090417,10.158338224437664,239.4268961846564,0.0,0.0,11.711705588222227,13.984375095265765,390.64361134757737,0.0,0.0,82.34396054058075,98.821503627111,2530.4210843940729,0.0,0.0,53.1775549875062,64.4508268763103,1335.149917043003,0.0,0.0,24.255288408646437,29.054436054174397,765.9811150764535,34.264588859822477,23.501089752964668,347.2988872201471,416.4414472716096,11828.43665510976,0.0,0.0,66.23611554469756,80.8996619185582,1378.3034068179,0.0,17.525275309313046,31.89282040678454,22.0,30.0,0.0,17.814158577135168,31.088432941018444,12.0,30.0,0.0,17.578335243597864,32.09482695403902,22.0,30.0,0.0,17.69878800270715,31.631026663367004,12.0,30.0,0.0,15.218175831396284,38.400319749754149,12.0,30.0,0.0,17.807096706361898,32.673281236617899,12.0,30.0,0.0,16.424522350700497,34.69583788501708,10.0,30.0,0.0,13.522781786719403,42.584961885183478,12.0,30.0,0.0,16.874352990983689,34.57004398283142,20.0,30.0,0.0,16.59407518064742,0.0,0.0,0.0,11.325727941098553,0.0,0.0,511.5227444197956,497.0176995399097,534.4222521816062,520.7969158868294,583.8361659685966,891.343991344846,555.4218346255675,631.3906603866681,772.2185062265885,0.0,82.05596449735579,82.05596449735579,60.0,0.0,60.0,60.0,12.0,12.0,12.0,19.0,12.0,12.0,21.0,10.0,0.0,0.0,0.0,0.0,0.0,0.0,0.0,0.0,0.0,0.0,0.0,0.0,0.0,82.05596449735579,82.05596449735579,0.0,0.0,0.0,82.05596449735579,0.0,0.0,0.0022766666666666666 
 03/05  01:40:00,1.2066666666666666,88.66666666666666,2.1966666666666669,0.0,0.0,0.0,0.0,0.0,2.0,2.0,0.0,0.0,0.0,0.0,0.0,572.0,0.0,0.0,0.0,0.0,0.0,0.0,0.0,0.0,0.0,0.0,0.0,18.135727773624184,-214.16185168895573,18.027138997782396,-232.50464689086449,18.055018653191206,-247.700004113281,17.837794058190278,-164.65973101861074,15.207894840823235,-2.936822700525383,17.557935585456375,-29.800177754134269,16.353317658398596,-16.31308713990893,14.01568682902775,-240.113530026204,16.740335238978319,-87.3178963553479,640.5849884463059,725.7248679211423,0.0,0.0,0.0,0.0,0.0,0.0,0.0,0.0,0.0,0.0,0.0,0.0,0.0,0.0,0.0,0.0,0.0,0.0,0.0,0.0,0.0,0.0,1.7336949007449616,0.5292108976632972,241.59300402845467,288.78711191259267,8029.1272057490809,0.32302826344448989,0.049302238010453278,197.09895033234035,235.69412300099337,6504.101298353631,2.8610809939384258,0.5406426670329605,209.8389935515791,250.80952948557573,7018.1495565922509,0.33316229434350105,0.0629558379333902,195.7353181076104,234.06714590695737,6425.541449789053,0.0,0.0,8.76840225298199,10.566926285949937,249.12292736895567,0.0,0.0,11.663890694674203,13.934221644197132,388.85372834502689,0.0,0.0,85.63600026222437,102.80844173616932,2620.756471322605,0.0,0.0,53.46341626893972,64.83522427025248,1336.6419260429312,0.0,0.0,24.40373849307129,29.247119370271748,770.5961593549506,34.20821779966511,23.462426474393089,371.3847645445957,445.53174080325996,12593.592566712672,0.0,0.0,66.46620939034929,81.22870101741433,1374.9691575006146,0.0,17.60826064299829,31.571008876755778,22.0,30.0,0.0,17.574468747515426,31.279628792656817,12.0,30.0,0.0,17.60229397766981,31.893555558883116,22.0,30.0,0.0,17.46603409662028,31.842939680032108,12.0,30.0,0.0,15.1810027859648,38.18986637178483,12.0,30.0,0.0,17.75396686575652,32.49006434138933,12.0,30.0,0.0,16.31793267603816,34.67045661372151,10.0,30.0,0.0,13.42585950739884,42.495659521590287,12.0,30.0,0.0,16.828811319682239,34.37121516414598,20.0,30.0,0.0,16.582449061649038,0.0,0.0,0.0,11.222448237718059,0.0,0.0,509.3170261841716,488.4655415302218,532.4661815396037,513.7511218257297,580.5532200154266,880.6143909654302,551.0700402294365,630.1200253220875,765.0416593666951,0.0,82.05596449735579,82.05596449735579,60.0,0.0,60.0,60.0,12.0,12.0,12.0,19.0,12.0,12.0,21.0,10.0,0.0,0.0,0.0,0.0,0.0,0.0,0.0,0.0,0.0,0.0,0.0,0.0,0.0,82.05596449735579,82.05596449735579,0.0,0.0,0.0,82.05596449735579,0.0,0.0,0.00227 
 03/05  01:50:00,1.1683333333333333,88.83333333333334,2.183333333333333,0.0,0.0,0.0,0.0,0.0,2.0,2.0,0.0,0.0,0.0,0.0,0.0,572.0,0.0,0.0,0.0,0.0,0.0,0.0,0.0,0.0,0.0,0.0,0.0,17.94855853586429,-133.4509171529462,18.019145539820163,-286.3260744380741,17.90226215176392,-182.56948838567679,17.83348587461723,-212.44955905542293,15.172531970110024,-4.059585039616948,17.500768899265098,-27.64434988489168,16.30323618644222,-48.6788158382185,13.930977183600274,-242.61375565761103,16.69370400925808,-87.75085523559705,608.3821225329102,735.4976935090433,0.0,0.0,0.0,0.0,0.0,0.0,0.0,0.0,0.0,0.0,0.0,0.0,0.0,0.0,0.0,0.0,0.0,0.0,0.0,0.0,0.0,0.0,1.7348495818449313,0.5295633644215296,239.38639521370346,286.3233131138327,7887.777581688088,0.3123444309028576,0.047671616438165077,180.96342752250724,216.27884088795845,5997.236198446362,2.858735158197177,0.5401993874144327,181.81144356749827,217.48005050580884,6046.41737455037,0.3199503961036007,0.06045925852297819,180.81405861223613,216.2190107124457,5962.9715897006849,0.0,0.0,8.349904733556418,10.068947130058497,237.35799678014227,0.0,0.0,11.982093341077725,14.319704312411649,399.0864833733905,0.0,0.0,81.84117868369919,98.31589642536545,2503.705624273645,0.0,0.0,53.6901601516732,65.14527990465158,1337.0890281824514,0.0,0.0,25.415420630644204,30.46858506125232,802.157308444017,34.06870574423216,23.366739193574877,339.890774178471,407.9629857786661,11538.605774734642,0.0,0.0,66.57476800712185,81.40916321969414,1369.4076625222263,0.0,17.352363887100606,31.867699549638148,22.0,30.0,0.0,17.637062992261428,31.04588979817779,12.0,30.0,0.0,17.403873830961929,32.09172683224392,22.0,30.0,0.0,17.524410202622833,31.610881996683376,12.0,30.0,0.0,15.145012192847056,37.94978083031251,12.0,30.0,0.0,17.693935068596507,32.31901132645324,12.0,30.0,0.0,16.26618198916902,34.58488584782137,10.0,30.0,0.0,13.33377524186161,42.45381057619848,12.0,30.0,0.0,16.777715579271637,34.183708204868398,20.0,30.0,0.0,16.430373397629393,0.0,0.0,0.0,11.121741196900992,0.0,0.0,504.6095791109487,486.5468655755923,529.5093663574389,512.9441641406706,576.973829278033,872.7851105701491,549.7504290131393,627.6247924745378,759.5647685405724,0.0,82.05596449735579,82.05596449735579,60.0,0.0,60.0,60.0,12.0,12.0,12.0,19.0,12.0,12.0,21.0,10.0,0.0,0.0,0.0,0.0,0.0,0.0,0.0,0.0,0.0,0.0,0.0,0.0,0.0,82.05596449735579,82.05596449735579,0.0,0.0,0.0,82.05596449735579,0.0,0.0,0.0022433333333333335 
 03/05  02:00:00,1.13,89.0,2.17,0.0,0.0,0.0,0.0,0.0,2.0,2.0,0.0,0.0,0.0,0.0,0.0,572.0,0.0,0.0,0.0,0.0,0.0,0.0,0.0,0.0,0.0,0.0,0.0,17.95461082259112,-205.9861088633711,17.854863028570379,-228.69011457449097,17.870604539304745,-239.9705367979659,17.675475741734738,-166.55458580968753,15.135532105736403,-3.8292715289792627,17.447133874862304,-31.045820388552757,16.22503212626451,-23.338027362658069,13.846356523907354,-244.19166612650634,16.648764999727477,-92.26476213131633,625.2334427190353,740.0442541501999,0.0,0.0,0.0,0.0,0.0,0.0,0.0,0.0,0.0,0.0,0.0,0.0,0.0,0.0,0.0,0.0,0.0,0.0,0.0,0.0,0.0,0.0,1.7220198708125949,0.5256470912126358,232.25672285103119,277.9035705911236,7682.849026731556,0.32129234530074426,0.049037293238819338,193.59498001109558,231.73738802644253,6359.168615666353,2.8521289930478534,0.5389510568873497,203.66545464864863,243.6746961400947,6779.9675859156109,0.33115107490147258,0.06257578890806358,194.69092222005737,233.05665934911168,6361.335577251561,0.0,0.0,8.687463079050453,10.477026134985746,247.02080933716705,0.0,0.0,11.920978205596512,14.253548881645824,396.8371074367868,0.0,0.0,85.21270472389021,102.40043459930871,2597.122125268066,0.0,0.0,53.96638141676782,65.51725100784799,1338.7069219733976,0.0,0.0,25.459872179035345,30.5377341115481,803.3825500135639,34.02256685623827,23.335093865732703,366.82288420529678,440.48559128057885,12393.722775062422,0.0,0.0,66.80546674289958,81.7376817094767,1366.6970284673394,0.0,17.441023935802613,31.554574654671307,22.0,30.0,0.0,17.406273014939634,31.252891150695978,12.0,30.0,0.0,17.430012337026534,31.923596313770987,22.0,30.0,0.0,17.298091696896479,31.84955309680249,12.0,30.0,0.0,15.10671293122152,37.78576049746395,12.0,30.0,0.0,17.640209351142397,32.17873675740783,12.0,30.0,0.0,16.165858698453968,34.575676898735029,10.0,30.0,0.0,13.24148816374758,42.396184123576578,12.0,30.0,0.0,16.72997030767418,34.04052396794141,20.0,30.0,0.0,16.427021237805179,0.0,0.0,0.0,11.023922825095749,0.0,0.0,502.80104194753229,479.1062222670538,529.0473353380331,507.31787329961238,574.1032141291997,863.399998457523,545.8941921960309,626.4272208532448,753.0767725932094,0.0,82.05596449735579,82.05596449735579,60.0,0.0,60.0,60.0,12.0,12.0,12.0,19.0,12.0,12.0,21.0,10.0,0.0,0.0,0.0,0.0,0.0,0.0,0.0,0.0,0.0,0.0,0.0,0.0,0.0,82.05596449735579,82.05596449735579,0.0,0.0,0.0,82.05596449735579,0.0,0.0,0.0022166666666666669 
 03/05  02:10:00,1.0933333333333333,89.0,2.175,0.0,0.0,0.0,0.0,0.0,2.0,2.0,0.0,0.0,0.0,0.0,0.0,572.0,0.0,0.0,0.0,0.0,0.0,0.0,0.0,0.0,0.0,0.0,0.0,17.773530148476575,-129.03517095530334,17.84843654757521,-282.20512562432216,17.723344166642556,-177.00174136494207,17.67369011113211,-212.54180934550096,15.098766908443455,-4.795021224268282,17.38958003094372,-28.950515953298834,16.174760425706883,-54.64963432903369,13.763898782908689,-246.4375135388923,16.600738731533029,-92.60202822081999,594.2753380342674,749.5319908499757,0.0,0.0,0.0,0.0,0.0,0.0,0.0,0.0,0.0,0.0,0.0,0.0,0.0,0.0,0.0,0.0,0.0,0.0,0.0,0.0,0.0,0.0,1.7232665276993316,0.5260276336078545,233.38655243019137,279.389994368758,7656.647489567591,0.3104298962421328,0.047379410293365818,176.7109052855998,211.38436289338496,5828.335098456468,2.8387280222419335,0.5364187494788236,178.64866896979727,213.88231558581618,5914.244044706846,0.3178410903279496,0.060060674665145408,177.4583020933773,212.391549231531,5824.802238736885,0.0,0.0,8.286255754142668,9.998142613329215,235.66069819235197,0.0,0.0,12.199329363801839,14.590121658067794,405.63126199520357,0.0,0.0,81.55101830314826,98.04991907217797,2484.1888150753677,0.0,0.0,54.18763183544818,65.81252732428576,1338.9605816792599,0.0,0.0,26.35471179295466,31.616283433667645,830.9507744750333,33.9706892026961,23.299512484702409,332.2917249612176,399.1789079119673,11248.699139837317,0.0,0.0,66.93521796993157,81.93283076155646,1361.8210708725015,0.0,17.192506723950495,31.858992848291537,22.0,30.0,0.0,17.46974650639836,31.040377616486738,12.0,30.0,0.0,17.238461337778604,32.107611369204459,22.0,30.0,0.0,17.359825241817768,31.623772320748836,12.0,30.0,0.0,15.069400624425388,37.59151208609093,12.0,30.0,0.0,17.580118904450779,32.043605580893949,12.0,30.0,0.0,16.11530433196728,34.506962899501697,10.0,30.0,0.0,13.153052377765065,42.373910848506088,12.0,30.0,0.0,16.677321096542327,33.89837565929005,20.0,30.0,0.0,16.270388696318685,0.0,0.0,0.0,10.928664116546888,0.0,0.0,499.3057459651259,478.6299073542479,525.8228134750018,507.2659541557926,571.1886725040276,856.9583693409472,544.8903658118677,623.5479697190327,749.1492230986228,0.0,82.05596449735579,82.05596449735579,60.0,0.0,60.0,60.0,12.0,12.0,12.0,19.0,12.0,12.0,21.0,10.0,0.0,0.0,0.0,0.0,0.0,0.0,0.0,0.0,0.0,0.0,0.0,0.0,0.0,82.05596449735579,82.05596449735579,0.0,0.0,0.0,82.05596449735579,0.0,0.0,0.00219 
 03/05  02:20:00,1.0566666666666667,89.0,2.18,0.0,0.0,0.0,0.0,0.0,2.0,2.0,0.0,0.0,0.0,0.0,0.0,572.0,0.0,0.0,0.0,0.0,0.0,0.0,0.0,0.0,0.0,0.0,0.0,17.778770680365406,-201.41275142646556,17.687123009231429,-226.86129905995314,17.693106737425337,-234.7878602471519,17.517753587086604,-168.80502113082685,15.060595992527269,-4.564061819271316,17.33527765194321,-32.15191388361572,16.097638250611685,-29.824485122820989,13.681283938311794,-247.76580993116409,16.554604717406883,-96.81108901569371,614.5117398564989,753.6118385191838,0.0,0.0,0.0,0.0,0.0,0.0,0.0,0.0,0.0,0.0,0.0,0.0,0.0,0.0,0.0,0.0,0.0,0.0,0.0,0.0,0.0,0.0,1.7100003861340128,0.5219781398455472,228.55374827988693,273.6820083846841,7524.057661708013,0.3192217668827291,0.048721270891747419,190.1992205307991,227.84477007593839,6217.573602795284,2.8193819805574584,0.5327630348748034,201.8343986410581,241.67156981811804,6685.671983476936,0.32882025857898158,0.06213534742611139,192.93863475039439,231.13592881191605,6273.648516703997,0.0,0.0,8.622856641154478,10.404201307478726,245.22561901507596,0.0,0.0,12.147138334119014,14.532851807015309,403.57564747480498,0.0,0.0,84.91651965804718,102.11793440933778,2577.0148458588284,0.0,0.0,54.44682537593374,66.15552795126198,1340.050040196812,0.0,0.0,26.355979141275826,31.630718773770647,830.5626936802689,34.01067647799206,23.32693859944586,361.5882927968551,434.52019491053218,12172.840484894086,0.0,0.0,67.17278011157186,82.25902405790842,1359.3736985604524,0.0,17.27691637117765,31.552813955531727,22.0,30.0,0.0,17.242752587012455,31.253865393619017,12.0,30.0,0.0,17.264104074804665,31.937959093835479,22.0,30.0,0.0,17.13579389784615,31.85699039984791,12.0,30.0,0.0,15.030113441860188,37.458414613180838,12.0,30.0,0.0,17.525821757517748,31.935994402878899,12.0,30.0,0.0,16.018484058686459,34.50909142154641,10.0,30.0,0.0,13.06401577509991,42.34309630726605,12.0,30.0,0.0,16.62836075128709,33.7893152637636,20.0,30.0,0.0,16.270053126759885,0.0,0.0,0.0,10.835499334916275,0.0,0.0,497.50753389547409,472.0061852622937,525.2237599037317,501.456036160249,568.5809789356008,848.8571315341196,541.5736467626523,622.8090866228866,743.1126644793526,0.0,82.05596449735579,82.05596449735579,60.0,0.0,60.0,60.0,12.0,12.0,12.0,19.0,12.0,12.0,21.0,10.0,0.0,0.0,0.0,0.0,0.0,0.0,0.0,0.0,0.0,0.0,0.0,0.0,0.0,82.05596449735579,82.05596449735579,0.0,0.0,0.0,82.05596449735579,0.0,0.0,0.00218 
 03/05  02:30:00,1.02,89.0,2.185,0.0,0.0,0.0,0.0,0.0,2.0,2.0,0.0,0.0,0.0,0.0,0.0,286.0,0.0,0.0,0.0,0.0,0.0,0.0,0.0,0.0,0.0,0.0,0.0,17.75173799903876,-50.97730909584243,17.62621252251821,-294.19037567712805,17.646660783287609,-72.77213990891505,17.479564504763819,-203.34340724149298,15.018714569316016,-4.669090592956479,17.273809682790256,-27.364596542778885,16.019665817164147,-59.87826090947419,13.599696132221102,-240.13106395701767,16.503310606890197,-92.35493944842949,544.6646152354388,770.5006961004797,0.0,0.0,0.0,0.0,0.0,0.0,0.0,0.0,0.0,0.0,0.0,0.0,0.0,0.0,0.0,0.0,0.0,0.0,0.0,0.0,0.0,0.0,1.7110921488666369,0.5223114007529417,206.82150203504845,247.2635241996405,6861.93471097225,0.30706667445174348,0.0468660980542954,158.81884450760118,189.996951254352,5194.02618889604,2.8342433492990017,0.5355713056120565,125.9242980477282,150.5587035652784,4221.469894313554,0.31345395662551658,0.059231662249719669,120.38384509261206,144.0519154775082,3923.113939644924,0.0,0.0,8.062648008185685,9.716541921583332,229.24855806977153,0.0,0.0,12.37093486472317,14.781743719868804,410.454328467387,0.0,0.0,79.03033461260013,94.94444708901517,2388.939230757589,0.0,0.0,54.58806776532179,66.2481244006722,1338.6688732953419,0.0,0.0,27.180132305450014,32.576251119710558,855.7690933886679,33.92202996968457,23.266138525160895,242.98610611868615,291.8761381817693,8392.302466568226,0.0,0.0,67.26995553788989,82.2790689047461,1356.0484671596055,0.0,17.334214988248286,31.449119240743728,22.0,30.0,0.0,17.195570575711029,30.873453707672529,12.0,30.0,0.0,17.270875534533969,32.30575206557155,22.0,30.0,0.0,17.123540647795495,31.03255493665088,12.0,30.0,0.0,14.983855478949419,37.3279927037516,12.0,30.0,0.0,17.458149114519384,31.84753641076884,12.0,30.0,0.0,15.914871916059067,34.62058401949954,10.0,30.0,0.0,12.976518132371292,42.436985252478077,12.0,30.0,0.0,16.57012078078624,33.72527411548358,20.0,30.0,0.0,15.985738764091988,0.0,0.0,0.0,10.754908221941948,0.0,0.0,495.81406811030299,449.9464192261649,551.3194656422049,451.13573508445628,564.7640478379325,840.604426276692,545.8307229326604,619.5435230489708,738.2552377303888,0.0,82.05596449735579,82.05596449735579,60.0,0.0,60.0,60.0,12.0,12.0,12.0,19.0,12.0,12.0,21.0,10.0,0.0,0.0,0.0,0.0,0.0,0.0,0.0,0.0,0.0,0.0,0.0,0.0,0.0,82.05596449735579,82.05596449735579,0.0,0.0,0.0,82.05596449735579,0.0,0.0,0.0021699999999999998 
 03/05  02:40:00,0.9833333333333334,89.0,2.1900000000000006,0.0,0.0,0.0,0.0,0.0,2.0,2.0,0.0,0.0,0.0,0.0,0.0,572.0,0.0,0.0,0.0,0.0,0.0,0.0,0.0,0.0,0.0,0.0,0.0,17.600011733790035,-174.6779416373688,17.601567301276586,-197.64903585554408,17.533292173809465,-205.35875548979949,17.457350415136199,-149.2462715368324,14.984681218454832,-4.84661830913943,17.223716962995178,-31.474777183976017,15.984705105600775,-39.526669965500108,13.531557157525965,-247.12262319596756,16.46141712927487,-98.0014170267088,578.7024908181975,769.3238914336231,0.0,0.0,0.0,0.0,0.0,0.0,0.0,0.0,0.0,0.0,0.0,0.0,0.0,0.0,0.0,0.0,0.0,0.0,0.0,0.0,0.0,0.0,1.7104082151346174,0.5221026297724718,195.69636613856455,234.4927184600408,6422.3578030499379,0.3178354626756864,0.04850968600056264,142.80541011817875,171.03214732791759,4689.218647214519,2.797360536077548,0.5286017641869896,148.2761743948252,177.68988607904076,4918.870341419235,0.32265811385791595,0.06097092098600072,146.94172341652075,176.06847730978604,4806.803921233435,0.0,0.0,8.47414222163887,10.23151707042716,241.05378376624965,0.0,0.0,12.35839141844436,14.793651431270164,409.79932504611068,0.0,0.0,83.39440306845191,100.36489327460655,2524.7308414383376,0.0,0.0,54.66224823083071,66.46362481690568,1337.653309722627,0.0,0.0,26.898477915341198,32.295245324489297,846.6663185000878,33.99745357818372,23.317869395187747,267.93063953166077,322.3215017346581,9189.629324913152,0.0,0.0,67.30979114681296,82.49301314392685,1348.9878987593407,0.0,17.088596005919958,31.685049431344127,22.0,30.0,0.0,17.23794596453127,31.102713539489245,12.0,30.0,0.0,17.115640406068374,31.990719225690364,22.0,30.0,0.0,17.157785099614963,31.67996916438532,12.0,30.0,0.0,14.95386590704313,37.266479393984159,12.0,30.0,0.0,17.412103685523666,31.80699265625217,12.0,30.0,0.0,15.90125481088394,34.581244939971139,10.0,30.0,0.0,12.913912692037023,42.47786271752247,12.0,30.0,0.0,16.529803088114386,33.69737468029206,20.0,30.0,0.0,16.017218707737077,0.0,0.0,0.0,10.659964187135323,0.0,0.0,492.14961631917358,468.58055935144389,519.5419928096078,499.7177349057143,563.7797198947612,837.4825575923933,539.6105725905934,619.3791404607292,737.6560993622909,0.0,82.05596449735579,82.05596449735579,60.0,0.0,60.0,60.0,12.0,12.0,12.0,19.0,12.0,12.0,21.0,10.0,0.0,0.0,0.0,0.0,0.0,0.0,0.0,0.0,0.0,0.0,0.0,0.0,0.0,82.05596449735579,82.05596449735579,0.0,0.0,0.0,82.05596449735579,0.0,0.0,0.0021599999999999998 
 03/05  02:50:00,0.9466666666666667,89.0,2.1950000000000005,0.0,0.0,0.0,0.0,0.0,2.0,2.0,0.0,0.0,0.0,0.0,0.0,572.0,0.0,0.0,0.0,0.0,0.0,0.0,0.0,0.0,0.0,0.0,0.0,17.55586429704912,-192.73923708643543,17.460564681231028,-236.8971555565072,17.468215707399417,-245.35084402489066,17.314270014593803,-183.52921647087897,14.94496912830605,-5.42970216023366,17.16829397967311,-32.99415323451365,15.91760457202986,-37.50526895220378,13.447570351653173,-253.30379372142648,16.413477323329013,-102.13219729251597,613.3745079761884,773.3566959106462,0.0,0.0,0.0,0.0,0.0,0.0,0.0,0.0,0.0,0.0,0.0,0.0,0.0,0.0,0.0,0.0,0.0,0.0,0.0,0.0,0.0,0.0,1.7004395439212093,0.519059689841639,229.32636634109225,274.8752169550113,7521.1233684153389,0.3174057469116757,0.04844410056649508,191.09877695397888,229.15025270627479,6214.240641066166,2.7858390689744807,0.5264246162083299,211.05758796624174,252.9687139090046,6957.437733592989,0.3252264156676511,0.06145623878829383,195.0370930491194,233.88102715727758,6312.889867615679,0.0,0.0,8.54596518327606,10.318696892646298,243.0656328725658,0.0,0.0,12.33830023656885,14.774694345508533,408.7676803091003,0.0,0.0,84.6394887547366,101.88316210308419,2555.870020159796,0.0,0.0,55.098356032009359,67.02354192166033,1342.415613585365,0.0,0.0,27.39923070316338,32.90979460296884,861.856349367011,33.96475845988283,23.29544475986478,364.6718864110293,438.64529190004898,12209.163878898169,0.0,0.0,67.6824352788469,82.98453301603434,1349.595268138903,0.0,17.085131705628358,31.554464694758857,22.0,30.0,0.0,17.033250626852529,31.332505614620968,12.0,30.0,0.0,17.07129013573981,31.885039933432965,22.0,30.0,0.0,16.940550912192177,31.859512273291629,12.0,30.0,0.0,14.913027689370426,37.180049337694168,12.0,30.0,0.0,17.356101071018267,31.748193272141046,12.0,30.0,0.0,15.82085500728384,34.519826891998928,10.0,30.0,0.0,12.8200500811224,42.46486518644825,12.0,30.0,0.0,16.478328950575848,33.624267274667037,20.0,30.0,0.0,16.07614169721274,0.0,0.0,0.0,10.570442469092548,0.0,0.0,490.9055027154464,466.1763303933908,514.993416125434,492.2538337525767,561.5483462396098,832.0181916218999,536.1147299402144,618.0596176370972,731.8583601698223,0.0,82.05596449735579,82.05596449735579,60.0,0.0,60.0,60.0,12.0,12.0,12.0,19.0,12.0,12.0,21.0,10.0,0.0,0.0,0.0,0.0,0.0,0.0,0.0,0.0,0.0,0.0,0.0,0.0,0.0,82.05596449735579,82.05596449735579,0.0,0.0,0.0,82.05596449735579,0.0,0.0,0.0021666666666666667 
 03/05  03:00:00,0.91,89.0,2.2,0.0,0.0,0.0,0.0,0.0,2.0,2.0,0.0,0.0,0.0,0.0,0.0,572.0,0.0,0.0,0.0,0.0,0.0,0.0,0.0,0.0,0.0,0.0,0.0,17.381744697758618,-118.0979516104594,17.451847541012496,-275.1939175017267,17.318708962524693,-164.27110903214999,17.308976663309136,-218.1380282315581,14.905274377582526,-6.096835573648008,17.11050263265853,-31.364871070542166,15.864591408918014,-65.27428166018717,13.366394730564359,-254.69988555098099,16.363260825634563,-102.96987910485314,569.9056769829067,781.6002068514002,0.0,0.0,0.0,0.0,0.0,0.0,0.0,0.0,0.0,0.0,0.0,0.0,0.0,0.0,0.0,0.0,0.0,0.0,0.0,0.0,0.0,0.0,1.6980862336776504,0.5183413411714439,219.11143806730366,262.76041834665508,7124.656719025674,0.3068585217101402,0.046834328710338869,165.10402454147613,197.85044291012543,5389.185257529936,2.7938675858737866,0.5279417206866568,173.7456800318584,208.37421137219645,5696.767433561034,0.3136913676433474,0.05927652449798702,165.17266012914718,198.0233891414867,5368.450503095211,0.0,0.0,8.189211419610196,9.892598716720059,232.92010593399685,0.0,0.0,12.579141240024324,15.066901447829896,416.2573906041972,0.0,0.0,81.47265161608702,98.1197132614889,2458.371392609638,0.0,0.0,55.34110875524969,67.34593163123988,1343.0572396724447,0.0,0.0,28.07376073430293,33.7249744176511,882.2226026198861,33.88289433180214,23.23929652386979,308.3928349254279,371.1013313583265,10395.960594480786,0.0,0.0,67.83673680738107,83.20709081347676,1346.3816111083832,0.0,16.845061846446286,31.92221994635048,22.0,30.0,0.0,17.09030344945139,31.14718297457631,12.0,30.0,0.0,16.871731329334084,32.120240033514637,22.0,30.0,0.0,16.995526100297526,31.649411317978978,12.0,30.0,0.0,14.872740289532795,37.07186452032293,12.0,30.0,0.0,17.295891902337428,31.69172531859768,12.0,30.0,0.0,15.767511502474758,34.49137419134272,10.0,30.0,0.0,12.732452588119248,42.46522816570947,12.0,30.0,0.0,16.42326623379227,33.54611507661339,20.0,30.0,0.0,15.885983386183746,0.0,0.0,0.0,10.48530350484667,0.0,0.0,491.5507365051468,467.2088591710652,513.1185385061782,492.863486220189,559.9611105117078,829.0765158209727,536.4448326903035,614.7271990112963,730.0721782336891,0.0,82.05596449735579,82.05596449735579,60.0,0.0,60.0,60.0,12.0,12.0,12.0,19.0,12.0,12.0,21.0,10.0,0.0,0.0,0.0,0.0,0.0,0.0,0.0,0.0,0.0,0.0,0.0,0.0,0.0,82.05596449735579,82.05596449735579,0.0,0.0,0.0,82.05596449735579,0.0,0.0,0.002173333333333333 
 03/05  03:10:00,0.9400000000000001,89.16666666666667,2.166666666666667,0.0,0.0,0.0,0.0,0.0,2.0,2.0,0.0,0.0,0.0,0.0,0.0,572.0,0.0,0.0,0.0,0.0,0.0,0.0,0.0,0.0,0.0,0.0,0.0,17.371361942469677,-196.47972402511415,17.293893659225576,-223.36999604174754,17.287495065973937,-222.9005322609878,17.156805645523926,-167.30495691778288,14.864720759870746,-5.996405877474075,17.05697651080107,-34.27053546592424,15.785145006847133,-45.152444116176187,13.286915465667104,-254.89292804231003,16.315453491487856,-106.78137844567476,585.6567110492852,782.2120146840723,0.0,0.0,0.0,0.0,0.0,0.0,0.0,0.0,0.0,0.0,0.0,0.0,0.0,0.0,0.0,0.0,0.0,0.0,0.0,0.0,0.0,0.0,1.6788789970544063,0.5124783263291839,231.14139948066214,277.2730063271623,7500.884940780841,0.31360011073868668,0.047863264764756819,183.0731789342114,219.68679192097177,5897.188376856466,2.7463912346950876,0.5189703769265095,193.03099906034533,231.53482880561,6305.088925197708,0.3217162239921884,0.06079293726231827,181.43975462491677,217.72369974413236,5819.737242641402,0.0,0.0,8.43818931368469,10.193079500192244,238.80332688575255,0.0,0.0,12.563739214948708,15.052811916659124,413.70047372064905,0.0,0.0,83.90778836100155,101.07132253938033,2510.3777057211898,0.0,0.0,55.43191221327985,67.48023483242513,1332.621743420874,0.0,0.0,28.254714963614704,33.95504832173756,883.4910210466378,33.748545647497298,23.14715064986098,343.02753685997097,412.9056787075648,11421.903994818085,0.0,0.0,67.83116482430572,83.22989097795707,1330.3208449093546,0.0,16.896259459508295,31.687629427151248,22.0,30.0,0.0,16.863609194725578,31.4142634238968,12.0,30.0,0.0,16.890157344412754,31.989047264277845,22.0,30.0,0.0,16.775931090361249,31.8994500878165,12.0,30.0,0.0,14.831342292687563,36.99343365010967,12.0,30.0,0.0,17.241381136220036,31.64046162971314,12.0,30.0,0.0,15.667726961690196,34.55271204923335,10.0,30.0,0.0,12.647376791782954,42.48823259533034,12.0,30.0,0.0,16.372232729204158,33.477660357341559,20.0,30.0,0.0,15.904691327677906,0.0,0.0,0.0,10.398311463821543,0.0,0.0,489.6386216026356,462.95655311822466,512.7398771761817,487.0893950787026,558.1086204472872,823.4162923437668,535.8558765104534,616.2581036784393,724.1878970399175,0.0,82.05596449735579,82.05596449735579,60.0,0.0,60.0,60.0,12.0,12.0,12.0,19.0,12.0,12.0,21.0,10.0,0.0,0.0,0.0,0.0,0.0,0.0,0.0,0.0,0.0,0.0,0.0,0.0,0.0,82.05596449735579,82.05596449735579,0.0,0.0,0.0,82.05596449735579,0.0,0.0,0.00218 
 03/05  03:20:00,0.9700000000000002,89.33333333333334,2.1333333333333339,0.0,0.0,0.0,0.0,0.0,2.0,2.0,0.0,0.0,0.0,0.0,0.0,286.0,0.0,0.0,0.0,0.0,0.0,0.0,0.0,0.0,0.0,0.0,0.0,17.34303415549924,-47.74988140204732,17.23999968001087,-279.3113211040809,17.241595709377046,-70.43071604826491,17.125350525641918,-196.41849576530468,14.820376413458132,-5.845898492344162,16.99706425549224,-30.115593068055604,15.705175095447065,-70.98846876555172,13.20858111699922,-247.32439867870199,16.262828005205145,-102.29397595661578,509.00497467526295,796.5054341546509,0.0,0.0,0.0,0.0,0.0,0.0,0.0,0.0,0.0,0.0,0.0,0.0,0.0,0.0,0.0,0.0,0.0,0.0,0.0,0.0,0.0,0.0,1.668948296856567,0.5094469770624441,202.12157728326077,242.06559273332187,6577.988841229015,0.30101797158383189,0.045942913855896199,150.90592562372965,180.8279035338714,4845.39283408419,2.7488458196781506,0.5194342062883884,118.1719720294116,141.5372993084515,3890.3409410661495,0.3064112041762059,0.05790083223284312,113.60257596059404,136.15210986339447,3638.778519380242,0.0,0.0,7.918723509579835,9.553877791409143,222.9351048266609,0.0,0.0,12.737037989918122,15.24076558300308,417.11647133951399,0.0,0.0,78.44318434551741,94.39174734805778,2326.6910436206355,0.0,0.0,55.510162050925369,67.49308974464991,1322.327147644729,0.0,0.0,29.3110677069039,35.1768110856713,911.5909595252241,33.52368707841777,22.99292666558147,228.83868576880014,275.3281765351533,7798.065459324418,0.0,0.0,67.81123315595039,83.10221341682888,1316.1201777384193,0.0,16.947558945886578,31.559659336227705,22.0,30.0,0.0,16.825637614456285,31.13143385723008,12.0,30.0,0.0,16.89198861568114,32.23368928983367,22.0,30.0,0.0,16.773199489571615,31.25330899113752,12.0,30.0,0.0,14.782700269962306,36.91570136605182,12.0,30.0,0.0,17.174565626094855,31.604900083672168,12.0,30.0,0.0,15.563358036761782,34.71595526184546,10.0,30.0,0.0,12.564015249449869,42.60475318577956,12.0,30.0,0.0,16.312359001218348,33.44873596559738,20.0,30.0,0.0,15.624991085999787,0.0,0.0,0.0,10.324914245717807,0.0,0.0,486.52593884650636,443.895594998638,531.2963755636945,445.11867942386376,555.2853550867914,817.9625303479488,541.5636576749116,613.8416248312228,719.4391660687478,0.0,82.05596449735579,82.05596449735579,60.0,0.0,60.0,60.0,12.0,12.0,12.0,19.0,12.0,12.0,21.0,10.0,0.0,0.0,0.0,0.0,0.0,0.0,0.0,0.0,0.0,0.0,0.0,0.0,0.0,82.05596449735579,82.05596449735579,0.0,0.0,0.0,82.05596449735579,0.0,0.0,0.00219 
 03/05  03:30:00,1.0,89.5,2.1,0.0,0.0,0.0,0.0,0.0,2.0,2.0,0.0,0.0,0.0,0.0,0.0,572.0,0.0,0.0,0.0,0.0,0.0,0.0,0.0,0.0,0.0,0.0,0.0,17.20324132768909,-162.9652225387831,17.217937076810128,-191.7748104678942,17.140223001303796,-188.1859251821577,17.104850207629089,-149.66998862086713,14.784427177106004,-6.119066975696498,16.948909639477664,-33.81293724261599,15.666982585968121,-52.04467019286494,13.143408975742336,-253.34874723856968,16.220104915917135,-107.86515630852546,533.0854239036016,793.4875582533178,0.0,0.0,0.0,0.0,0.0,0.0,0.0,0.0,0.0,0.0,0.0,0.0,0.0,0.0,0.0,0.0,0.0,0.0,0.0,0.0,0.0,0.0,1.6607580693868594,0.5069469076272464,186.36690480144154,223.65489824588082,5981.9070452688979,0.3087883935963608,0.047128875701520269,133.21541174160564,159.79768834532977,4276.185821342309,2.7113365016388064,0.5123462777095252,135.33860475758196,162.42846746677123,4397.016638019928,0.3123537062152737,0.059023754008933029,133.83655125652238,160.60630644050566,4284.038577340187,0.0,0.0,8.284462258978934,10.012849624554143,232.17689144057818,0.0,0.0,12.723391033417025,15.250695977341638,414.7307895070693,0.0,0.0,82.16867293543399,99.04271006412404,2429.0443960838867,0.0,0.0,55.53013523720364,67.63850039233252,1312.6688816967922,0.0,0.0,28.728487878433307,34.534878672519329,889.2644009003315,33.462697984373537,22.951096011230143,245.53042062577084,295.81736508144436,8288.923696735026,0.0,0.0,67.74570351545597,83.17881831988278,1298.593055284957,0.0,16.72427190378377,31.865661977448988,22.0,30.0,0.0,16.86564240077209,31.310927201642448,12.0,30.0,0.0,16.75684661564866,32.071455208096839,22.0,30.0,0.0,16.804842208453107,31.749788978001307,12.0,30.0,0.0,14.751214259978651,36.89059816971178,12.0,30.0,0.0,17.130009421169505,31.5966837615815,12.0,30.0,0.0,15.545354172064699,34.67629467744844,10.0,30.0,0.0,12.505061640726876,42.646687718470328,12.0,30.0,0.0,16.27130512441293,33.451548341564,20.0,30.0,0.0,15.652204516044405,0.0,0.0,0.0,10.237895794371326,0.0,0.0,486.298453322565,460.7872467610363,508.1240652185075,485.2056135351413,555.2262779524713,816.444415011991,534.5973890433529,614.2085072463463,720.7274207714702,0.0,82.05596449735579,82.05596449735579,60.0,0.0,60.0,60.0,12.0,12.0,12.0,19.0,12.0,12.0,21.0,10.0,0.0,0.0,0.0,0.0,0.0,0.0,0.0,0.0,0.0,0.0,0.0,0.0,0.0,82.05596449735579,82.05596449735579,0.0,0.0,0.0,82.05596449735579,0.0,0.0,0.0022 
 03/05  03:40:00,1.03,89.66666666666667,2.066666666666667,0.0,0.0,0.0,0.0,0.0,2.0,2.0,0.0,0.0,0.0,0.0,0.0,572.0,0.0,0.0,0.0,0.0,0.0,0.0,0.0,0.0,0.0,0.0,0.0,17.161817309589567,-179.21849504634703,17.084057465335236,-231.2688044706333,17.079130432986795,-229.63602494079897,16.96657665741803,-185.121244146972,14.742974162142954,-6.629642108294902,16.89568705426861,-35.25526309748159,15.601794592879936,-48.62108575688785,13.063698096118394,-258.68555603706786,16.171332933670276,-111.75225604897156,569.1964977078742,795.0078213366109,0.0,0.0,0.0,0.0,0.0,0.0,0.0,0.0,0.0,0.0,0.0,0.0,0.0,0.0,0.0,0.0,0.0,0.0,0.0,0.0,0.0,0.0,1.6431980588685132,0.5015867090563227,218.5686417575393,262.37604038271788,6981.391575336856,0.3073225714187978,0.04690515436794839,180.35572574501965,216.58902232592289,5710.448955443746,2.6894669700757567,0.5082137131662429,198.67565598259587,238.48571511464605,6381.671562536611,0.31389517040818667,0.05931503598038295,183.38479267775205,220.2288425096388,5783.872122244769,0.0,0.0,8.352914563889867,10.095785823306987,232.8991462768614,0.0,0.0,12.681706574871179,15.204934484771059,411.30712265426856,0.0,0.0,83.61181493732389,100.79635301696527,2454.71980838959,0.0,0.0,55.88736553222232,68.09827768445632,1308.0576285883618,0.0,0.0,29.099058548735738,34.99312054954356,896.109710610416,33.30711175803354,22.844383921833719,342.5742356848127,412.63278479050526,11210.972712794963,0.0,0.0,67.99640451102273,83.51494624339913,1288.019056095232,0.0,16.722638931807148,31.790001774288656,22.0,30.0,0.0,16.66938651378962,31.626903205046916,12.0,30.0,0.0,16.714589902099353,32.04026249464973,22.0,30.0,0.0,16.593159633930037,32.03548695787282,12.0,30.0,0.0,14.709107759875537,36.84938980183679,12.0,30.0,0.0,17.075676653420236,31.58015237589414,12.0,30.0,0.0,15.470964108066325,34.66930168606292,10.0,30.0,0.0,12.417338662269,42.68175891882803,12.0,30.0,0.0,16.218957170950277,33.41851842476749,20.0,30.0,0.0,15.744443268761917,0.0,0.0,0.0,10.155604289256465,0.0,0.0,484.6187772901003,459.03628385009156,504.3828862851206,479.9472194694996,554.015510362966,813.0714224533672,532.2284120030238,614.7260978286279,716.6194062995597,0.0,82.05596449735579,82.05596449735579,60.0,0.0,60.0,60.0,12.0,12.0,12.0,19.0,12.0,12.0,21.0,10.0,0.0,0.0,0.0,0.0,0.0,0.0,0.0,0.0,0.0,0.0,0.0,0.0,0.0,82.05596449735579,82.05596449735579,0.0,0.0,0.0,82.05596449735579,0.0,0.0,0.00221 
 03/05  03:50:00,1.06,89.83333333333333,2.033333333333333,0.0,0.0,0.0,0.0,0.0,2.0,2.0,0.0,0.0,0.0,0.0,0.0,572.0,0.0,0.0,0.0,0.0,0.0,0.0,0.0,0.0,0.0,0.0,0.0,17.000578043136799,-111.57918801458846,17.078125331943487,-265.2605100069925,16.950037205516183,-142.31728574712657,16.965292209569797,-211.431638568813,14.70150868466451,-7.118191505405278,16.840892445433889,-33.71940656796713,15.546419573785015,-74.74495503314006,12.986597172066088,-259.3666125476823,16.120859227044485,-112.26016642498786,508.4047508350218,801.5582163857171,0.0,0.0,0.0,0.0,0.0,0.0,0.0,0.0,0.0,0.0,0.0,0.0,0.0,0.0,0.0,0.0,0.0,0.0,0.0,0.0,0.0,0.0,1.6327093314654984,0.4983850218148652,208.20915269113409,250.0112548649194,6571.508901210384,0.29574649257790039,0.04513835356805561,148.46912920080838,178.16326546730705,4697.883886854309,2.6842102507583598,0.5072203799618973,150.96738414313388,181.27939920244243,4817.8924175755369,0.3011080313158595,0.0568987209591571,144.55248200718069,173.53322163213103,4559.620668080854,0.0,0.0,8.000595441577927,9.673718198233054,221.95685945239257,0.0,0.0,12.866489563860938,15.429463690064639,415.11937417038078,0.0,0.0,80.14314782265332,96.65523649298084,2339.513255352109,0.0,0.0,56.06971513456577,68.34310345682832,1299.8471238245107,0.0,0.0,29.956633275201438,36.02802472276228,917.521921864448,33.094889830478567,22.69882704422399,271.2975935285155,326.8790239102206,8950.44841649002,0.0,0.0,68.04560155530695,83.60145081624188,1274.4208839039075,0.0,16.502243105849816,32.20902974145573,22.0,30.0,0.0,16.726559927704125,31.524619564426489,12.0,30.0,0.0,16.549457096718009,32.2967472002787,22.0,30.0,0.0,16.652815636168947,31.907962131502097,12.0,30.0,0.0,14.667369856711524,36.80664875787123,12.0,30.0,0.0,17.018434903466898,31.57704835132455,12.0,30.0,0.0,15.414498843819065,34.71358449684934,10.0,30.0,0.0,12.335375042462602,42.72661289324111,12.0,30.0,0.0,16.16400519689386,33.392950144036607,20.0,30.0,0.0,15.524042396658447,0.0,0.0,0.0,10.079706267987362,0.0,0.0,486.1324900029027,461.05342668617336,503.84461333747108,481.631897718345,553.599737794819,811.9857219194935,532.8655542940628,612.1399563651005,715.7800244257346,0.0,82.05596449735579,82.05596449735579,60.0,0.0,60.0,60.0,12.0,12.0,12.0,19.0,12.0,12.0,21.0,10.0,0.0,0.0,0.0,0.0,0.0,0.0,0.0,0.0,0.0,0.0,0.0,0.0,0.0,82.05596449735579,82.05596449735579,0.0,0.0,0.0,82.05596449735579,0.0,0.0,0.0022299999999999999 
 03/05  04:00:00,1.09,90.0,2.0,0.0,0.0,0.0,0.0,0.0,2.0,2.0,0.0,0.0,0.0,0.0,0.0,572.0,0.0,0.0,0.0,0.0,0.0,0.0,0.0,0.0,0.0,0.0,0.0,16.992136330378508,-177.96558732762015,16.93093950604625,-211.47371258633803,16.915055418516098,-209.52121623956283,16.82014224001675,-166.35192182166885,14.65952052392376,-7.011016995677792,16.78870857608424,-36.453042838639849,15.472034433403256,-53.67639895135517,12.910848272725375,-259.26773263535827,16.072100460490235,-115.8878889525422,539.153159300774,800.9812692005502,0.0,0.0,0.0,0.0,0.0,0.0,0.0,0.0,0.0,0.0,0.0,0.0,0.0,0.0,0.0,0.0,0.0,0.0,0.0,0.0,0.0,0.0,1.6166865809705518,0.4934940723353333,207.49640686728544,249.2362401829269,6534.378724727392,0.302300777955094,0.0461387023740986,171.19073055711909,205.7034763864628,5350.025253760057,2.6484579082481387,0.5004644573409183,180.53865203037527,216.84363047071248,5727.225165746384,0.3092393524185011,0.058435251779762099,171.71415232443855,206.33000563514683,5346.339000044305,0.0,0.0,8.2598882437559,9.98723105535397,227.96113827915526,0.0,0.0,12.829285214785403,15.388990723584984,411.8648111230116,0.0,0.0,83.07260425831143,100.20520788628147,2405.596487058707,0.0,0.0,56.1684323874573,68.4854230482978,1289.9113460591862,0.0,0.0,29.72180035528489,35.75838470489579,905.6367632718338,32.970853579244167,22.61375416957762,321.81816991255246,387.85504787237826,10435.551062766934,0.0,0.0,68.06233768626515,83.64847780493037,1259.9373116120619,0.0,16.554908950856818,32.04338335828591,22.0,30.0,0.0,16.516890694791348,31.89235667505629,12.0,30.0,0.0,16.55460582275544,32.25057646238487,22.0,30.0,0.0,16.442772237133228,32.25841290714709,12.0,30.0,0.0,14.625025423124797,36.78318175474583,12.0,30.0,0.0,16.965609252289128,31.579130071479889,12.0,30.0,0.0,15.325918276329422,34.8287186397602,10.0,30.0,0.0,12.255916136376648,42.81572176283915,12.0,30.0,0.0,16.11232059225385,33.383497327478,20.0,30.0,0.0,15.592593834600342,0.0,0.0,0.0,10.001923931359489,0.0,0.0,483.6564704376101,456.7702928456192,503.9890602631458,477.5141960824034,552.455364390908,808.4076232808229,532.141358964875,614.2429209871334,712.059852873341,0.0,82.05596449735579,82.05596449735579,60.0,0.0,60.0,60.0,12.0,12.0,12.0,19.0,12.0,12.0,21.0,10.0,0.0,0.0,0.0,0.0,0.0,0.0,0.0,0.0,0.0,0.0,0.0,0.0,0.0,82.05596449735579,82.05596449735579,0.0,0.0,0.0,82.05596449735579,0.0,0.0,0.00225 
 03/05  04:10:00,1.1133333333333336,90.16666666666667,2.0083333333333335,0.0,0.0,0.0,0.0,0.0,2.0,2.0,0.0,0.0,0.0,0.0,0.0,572.0,0.0,0.0,0.0,0.0,0.0,0.0,0.0,0.0,0.0,0.0,0.0,16.8444166349436,-102.27127859427492,16.926219739672509,-262.6797821386722,16.796671336420027,-142.42781062576774,16.82221137024751,-208.108695802993,14.617500164166137,-7.429331805853337,16.73370160748963,-34.98274148774166,15.416067009634647,-78.11215921720054,12.836727321409607,-259.92706478219636,16.021324772691164,-115.97498079684897,484.38565848867668,806.7716838548071,0.0,0.0,0.0,0.0,0.0,0.0,0.0,0.0,0.0,0.0,0.0,0.0,0.0,0.0,0.0,0.0,0.0,0.0,0.0,0.0,0.0,0.0,1.6063788765744423,0.4903476424219909,200.73031209316813,241.19456645821746,6261.043301217232,0.29141732024391278,0.04447761297984017,144.38417752606837,173.38789865265253,4512.043708218407,2.6343940651601547,0.49780689061983288,143.9914882779712,173.0203638195182,4542.793978768024,0.29580540764468357,0.05589671346271419,136.13243834149257,163.5373928380404,4241.189261181791,0.0,0.0,7.9277134403478499,9.59065415715268,217.8191810401608,0.0,0.0,13.008123412845809,15.608971362259567,415.64838753746178,0.0,0.0,79.61346331113526,96.08588696476255,2293.547732105069,0.0,0.0,56.28055193263377,68.65386385574543,1281.5398633189857,0.0,0.0,30.83500308894468,37.1075014957548,934.9922493734023,32.83234869662731,22.518757679442606,258.74125905493198,311.95419855851426,8464.319252373141,0.0,0.0,68.05999925418162,83.68335161603494,1246.9028410545753,0.0,16.35979264342484,32.44834042089455,22.0,30.0,0.0,16.574327855854344,31.816821965392444,12.0,30.0,0.0,16.406529773176734,32.49880121871463,22.0,30.0,0.0,16.50548591004093,32.15458761885266,12.0,30.0,0.0,14.582879117028775,36.77899725386129,12.0,30.0,0.0,16.908682817137536,31.609658812232863,12.0,30.0,0.0,15.26940363556875,34.91409711797491,10.0,30.0,0.0,12.179553283410641,42.908173585514507,12.0,30.0,0.0,16.05765995539637,33.40069866385304,20.0,30.0,0.0,15.375450071463053,0.0,0.0,0.0,9.929129074611798,0.0,0.0,485.8892353684819,459.5732115609002,503.1800996340121,480.0886834315935,552.3397843309499,807.2120534567215,533.3059596209577,612.6000269666771,711.0426488596265,0.0,82.05596449735579,82.05596449735579,60.0,0.0,60.0,60.0,12.0,12.0,12.0,19.0,12.0,12.0,21.0,10.0,0.0,0.0,0.0,0.0,0.0,0.0,0.0,0.0,0.0,0.0,0.0,0.0,0.0,82.05596449735579,82.05596449735579,0.0,0.0,0.0,82.05596449735579,0.0,0.0,0.00227 
 03/05  04:20:00,1.1366666666666668,90.33333333333334,2.0166666666666668,0.0,0.0,0.0,0.0,0.0,2.0,2.0,0.0,0.0,0.0,0.0,0.0,572.0,0.0,0.0,0.0,0.0,0.0,0.0,0.0,0.0,0.0,0.0,0.0,16.835834237919096,-173.51279793187133,16.78175938946422,-209.17852448168015,16.76294033434646,-203.422266707988,16.68134075726072,-165.35468025792035,14.574984348546004,-7.326134574461662,16.68078433941674,-37.43036264118777,15.344069918104122,-57.155374898396079,12.763046404231233,-259.9354150581885,15.972079991009565,-119.35879736260199,521.8414107958706,806.6027742803882,0.0,0.0,0.0,0.0,0.0,0.0,0.0,0.0,0.0,0.0,0.0,0.0,0.0,0.0,0.0,0.0,0.0,0.0,0.0,0.0,0.0,0.0,1.5922851005524519,0.486045512989149,203.14803955875045,244.2256437734417,6323.637883993879,0.29785886466477926,0.04546075468021661,166.9881013242278,200.82726901279956,5157.943427767477,2.5938773510903707,0.4901506710299266,174.94538102092253,210.30798197836465,5487.82516216706,0.3043448206571093,0.0575103591566722,166.22674998093397,199.90609431809146,5117.186268709079,0.0,0.0,8.190376938730326,9.910030206306253,223.99618531213964,0.0,0.0,12.948813143777038,15.544290775911369,411.9104995761728,0.0,0.0,82.65077381544396,99.78307076853369,2364.052588287518,0.0,0.0,56.40152513355393,68.8330714230226,1273.3802165130306,0.0,0.0,30.27292327616958,36.4491553536312,913.7098867224107,32.775550985550797,22.47980177335446,312.2211877281733,376.60074465135247,10028.739001211776,0.0,0.0,68.12723137038901,83.80404857629259,1234.9932534027412,0.0,16.409314417504175,32.31331810365802,22.0,30.0,0.0,16.370326910733817,32.21743773286794,12.0,30.0,0.0,16.412914460552586,32.47232656693786,22.0,30.0,0.0,16.303235149307878,32.52663704867231,12.0,30.0,0.0,14.540138859894214,36.79342318930692,12.0,30.0,0.0,16.85562011050509,31.64717118255365,12.0,30.0,0.0,15.186048108872008,35.05422018839613,10.0,30.0,0.0,12.103727754479263,43.04114243111243,12.0,30.0,0.0,16.00589814331979,33.43636187471671,20.0,30.0,0.0,15.45772345536384,0.0,0.0,0.0,9.855410630036204,0.0,0.0,482.8166128197398,454.796368178286,503.4873461859238,475.54768141924026,551.5557191455196,804.2164669652286,532.2038402256505,614.6408971326196,708.8373970511373,0.0,82.05596449735579,82.05596449735579,60.0,0.0,60.0,60.0,12.0,12.0,12.0,19.0,12.0,12.0,21.0,10.0,0.0,0.0,0.0,0.0,0.0,0.0,0.0,0.0,0.0,0.0,0.0,0.0,0.0,82.05596449735579,82.05596449735579,0.0,0.0,0.0,82.05596449735579,0.0,0.0,0.00228 
 03/05  04:30:00,1.1600000000000002,90.5,2.025,0.0,0.0,0.0,0.0,0.0,2.0,2.0,0.0,0.0,0.0,0.0,0.0,572.0,0.0,0.0,0.0,0.0,0.0,0.0,0.0,0.0,0.0,0.0,0.0,16.69436802335578,-98.50466311396122,16.777093568242387,-262.1398500109267,16.652980417256118,-134.22694931398656,16.68434562537557,-207.12856002421177,14.532373402650926,-7.675951738390836,16.625809254656767,-35.96764374297956,15.288307353691785,-80.6698541435037,12.690719489208547,-260.4217858842219,15.921130257409575,-119.26031867242972,460.2338118746138,811.8647854343464,0.0,0.0,0.0,0.0,0.0,0.0,0.0,0.0,0.0,0.0,0.0,0.0,0.0,0.0,0.0,0.0,0.0,0.0,0.0,0.0,0.0,0.0,1.5818036905700113,0.4828460593925553,195.98208912141798,235.6771784557583,6045.995453082917,0.2873479511846435,0.04385652490608112,137.87074983420059,165.70629176317386,4257.535246805157,2.5783979060524655,0.48722560583002008,134.01425240797728,161.15388158468785,4187.508216973903,0.2910194759613868,0.05499234239633158,126.61301836289779,152.2243687988909,3899.8445835829404,0.0,0.0,7.866848564658829,9.523480420224385,214.17152176942478,0.0,0.0,13.115750683362404,15.75016792170613,415.2468710025721,0.0,0.0,79.26129125460509,95.74248880703758,2255.3599476096908,0.0,0.0,56.48953282694502,68.97142764094127,1264.6700138513157,0.0,0.0,31.50250508439811,37.9396389439312,946.1663332310795,32.64137981485999,22.387777650795607,242.69230895251384,292.84077943420996,7891.46030860935,0.0,0.0,68.10505762086737,83.81330624009442,1221.9836518745615,0.0,16.22441176226876,32.72054896097118,22.0,30.0,0.0,16.426791568948436,32.15508996693108,12.0,30.0,0.0,16.27959817273002,32.71629835073656,22.0,30.0,0.0,16.366871980010467,32.434493284155269,12.0,30.0,0.0,14.497455764817169,36.825500569962219,12.0,30.0,0.0,16.79878639936765,31.709199252373428,12.0,30.0,0.0,15.130335220894399,35.16320255430245,10.0,30.0,0.0,12.03012697565525,43.16893079277366,12.0,30.0,0.0,15.951453085578315,33.49021572923019,20.0,30.0,0.0,15.216379694215825,0.0,0.0,0.0,9.785646562534526,0.0,0.0,485.55389504071516,458.1089092593117,502.82910135734337,478.71151299768476,551.7233267171496,803.3235116887015,533.5503506607507,613.1822721029289,707.9283347320115,0.0,82.05596449735579,82.05596449735579,60.0,0.0,60.0,60.0,12.0,12.0,12.0,19.0,12.0,12.0,21.0,10.0,0.0,0.0,0.0,0.0,0.0,0.0,0.0,0.0,0.0,0.0,0.0,0.0,0.0,82.05596449735579,82.05596449735579,0.0,0.0,0.0,82.05596449735579,0.0,0.0,0.00229 
 03/05  04:40:00,1.1833333333333334,90.66666666666667,2.033333333333333,0.0,0.0,0.0,0.0,0.0,2.0,2.0,0.0,0.0,0.0,0.0,0.0,572.0,0.0,0.0,0.0,0.0,0.0,0.0,0.0,0.0,0.0,0.0,0.0,16.684422911715239,-168.2487533227818,16.636068124743095,-204.18450792076193,16.61537235484864,-203.7316451667548,16.546855158418425,-162.87749102000044,14.489352441221986,-7.591381982692596,16.572873198065286,-38.26664158367885,15.21699786843634,-61.14816549777447,12.618641946283882,-260.33239150218687,15.871621580976413,-122.4945098134412,506.2529356005998,811.4533435368568,0.0,0.0,0.0,0.0,0.0,0.0,0.0,0.0,0.0,0.0,0.0,0.0,0.0,0.0,0.0,0.0,0.0,0.0,0.0,0.0,0.0,0.0,1.5675351310307802,0.4784905772377229,203.8729253532722,245.31363694519093,6276.528865573829,0.293366355290383,0.04477508475127946,163.10645472040467,196.32547138569687,4980.192818570495,2.540460814060328,0.4800568431708861,175.00880951365196,210.56830507334804,5427.572212968844,0.2991616276381024,0.05653091981067693,162.14098312179258,195.15563873270228,4936.195853627326,0.0,0.0,8.112833176006897,9.822929911026286,219.83076798460037,0.0,0.0,13.058591160714803,15.687968529704824,411.57450759644157,0.0,0.0,82.07688199007635,99.17484839928568,2318.8185678650545,0.0,0.0,56.59547954657517,69.1316672196002,1256.3391766522437,0.0,0.0,30.798532493723604,37.109862824278398,920.7009771569034,32.58516726465748,22.349223089614193,304.35388905034508,367.4120789566616,9681.240604396313,0.0,0.0,68.15874158227304,83.9162965113806,1210.163482503586,0.0,16.269916398501246,32.62228821492441,22.0,30.0,0.0,16.229191596583939,32.58773449451026,12.0,30.0,0.0,16.276264408358807,32.722836546585607,22.0,30.0,0.0,16.17039350792423,32.826157142938829,12.0,30.0,0.0,14.454301858501612,36.87051781621781,12.0,30.0,0.0,16.74567182876946,31.774302905870635,12.0,30.0,0.0,15.048417610111468,35.33527279710117,10.0,30.0,0.0,11.956699241881893,43.334774632127388,12.5,30.0,0.0,15.899646504482345,33.556556703761817,20.0,30.0,0.0,15.327418778547532,0.0,0.0,0.0,9.71474926992411,0.0,0.0,483.19362780990948,454.25657600928869,502.52479428264726,473.5142635030924,551.1095216293402,800.7579573630184,533.1337539852273,615.2763558038364,706.4582350718558,0.0,82.05596449735579,82.05596449735579,60.0,0.0,60.0,60.0,12.0,12.0,12.0,19.0,12.0,12.0,21.0,10.0,0.0,0.0,0.0,0.0,0.0,0.0,0.0,0.0,0.0,0.0,0.0,0.0,0.0,82.05596449735579,82.05596449735579,0.0,0.0,0.0,82.05596449735579,0.0,0.0,0.0023 
 03/05  04:50:00,1.2066666666666668,90.83333333333334,2.0416666666666667,0.0,0.0,0.0,0.0,0.0,2.0,2.0,0.0,0.0,0.0,0.0,0.0,572.0,0.0,0.0,0.0,0.0,0.0,0.0,0.0,0.0,0.0,0.0,0.0,16.547556006318179,-97.8152550378627,16.630308870738739,-262.78964109936899,16.51484196015072,-120.80727557698151,16.550139643673555,-206.20314691798854,14.446215438724482,-7.8738261808204019,16.51806814899426,-36.836127215787687,15.161456787267366,-82.74867476339478,12.547691030885238,-260.66549436798916,15.820525032017036,-122.30616943472859,435.5413804890245,816.2071250454824,0.0,0.0,0.0,0.0,0.0,0.0,0.0,0.0,0.0,0.0,0.0,0.0,0.0,0.0,0.0,0.0,0.0,0.0,0.0,0.0,0.0,0.0,1.5581113632510482,0.4756139692463517,194.36358679036375,233.91428176251834,5929.778758067768,0.28334715094973075,0.04324590215960482,131.12116022466774,157.72346564489005,4000.989317630314,2.5218304140795038,0.4765363594254544,123.28111802109554,148.3532335593345,3817.661703481729,0.286540620815139,0.0541459978864586,117.2276703131495,141.05128403566367,3570.606353133203,0.0,0.0,7.80755850161859,9.458085662323978,210.58093978933636,0.0,0.0,13.20958752475325,15.874846289122326,414.3496870499367,0.0,0.0,78.93942629989403,95.43382104905835,2218.5859546999129,0.0,0.0,56.67401705154863,69.25797625937277,1247.5526366950617,0.0,0.0,32.084009771162509,38.66890467698041,954.390127300388,32.456297206951088,22.260834847017216,226.56947775714057,273.60408098769,7328.370159392413,0.0,0.0,68.13337761654856,83.920593199445,1197.4362110815585,0.0,16.091451100130926,33.03183801131836,22.0,30.0,0.0,16.28231203278777,32.53674795177616,12.0,30.0,0.0,16.160812823224668,32.95421506930582,22.0,30.0,0.0,16.233599680836677,32.74415187372742,12.0,30.0,0.0,14.411138862202808,36.93586333622305,12.0,30.0,0.0,16.689105317277396,31.86510950104767,12.0,30.0,0.0,14.993536807322434,35.4627677629432,10.0,30.0,0.0,11.885058048592495,43.49666860486069,13.0,30.0,0.0,15.845336137178041,33.6426292650721,20.0,30.0,0.0,15.054552667749075,0.0,0.0,0.0,9.64759468190521,0.0,0.0,485.64668128440197,457.6270217784569,502.32454124774747,477.12197035685349,551.5467722395765,800.237092574334,534.286329856292,614.2556024789483,705.749795604435,0.0,82.05596449735579,82.05596449735579,60.0,0.0,60.0,60.0,12.0,12.0,12.0,19.0,12.0,12.0,21.0,10.0,0.0,0.0,0.0,0.0,0.0,0.0,0.0,0.0,0.0,0.0,0.0,0.0,0.0,82.05596449735579,82.05596449735579,0.0,0.0,0.0,82.05596449735579,0.0,0.0,0.0022966666666666666 
 03/05  05:00:00,1.23,91.0,2.05,0.0,0.0,0.0,0.0,0.0,2.0,2.0,0.0,0.0,0.0,0.0,0.0,572.0,0.0,0.0,0.0,0.0,0.0,0.0,0.0,0.0,0.0,0.0,0.0,16.537977300859845,-161.0665408538407,16.492811254120505,-197.4643890336938,16.47197847709017,-206.0103534588552,16.415849459495428,-159.5488183196403,14.402741380801127,-7.81085365698479,16.465181517740498,-39.06519511084994,15.090262799335889,-65.13346211678595,12.47699400122384,-260.4479392169392,15.77079396833985,-125.37273219436918,492.5498284202167,815.6733216058394,0.0,0.0,0.0,0.0,0.0,0.0,0.0,0.0,0.0,0.0,0.0,0.0,0.0,0.0,0.0,0.0,0.0,0.0,0.0,0.0,0.0,0.0,1.543036337551583,0.47101231304993387,202.1566548201655,243.45462730382617,6156.561734376826,0.2890876159401563,0.044122041504907869,160.58735697434595,193.4535156879166,4847.252483764654,2.486570319376378,0.46987345415275497,172.63875824983826,207.88664568819989,5294.335052210621,0.29392894100293778,0.055542127929504487,159.32995500894107,191.92900275270635,4797.714929555684,0.0,0.0,8.036513349012307,9.737121618221242,215.72113654446094,0.0,0.0,13.15962935570112,15.821215689742628,410.903493122041,0.0,0.0,81.33935372647543,98.36674883068577,2269.5360517098235,0.0,0.0,56.75585495356138,69.38822994316641,1238.823171818878,0.0,0.0,31.446438923761084,37.91846377735253,931.0009404610519,32.40020133455586,22.222360311766719,299.0149096859189,361.2550540120204,9414.41462149793,0.0,0.0,68.16176601325765,83.99140990000407,1185.4889843054178,0.0,16.13713828581342,32.95617704886729,22.0,30.0,0.0,16.0914359259977,32.99056058288575,12.0,30.0,0.0,16.144626350635794,33.007073879189068,22.0,30.0,0.0,16.042621786752006,33.159238640514768,12.0,30.0,0.0,14.36760153464632,37.009790959947988,12.0,30.0,0.0,16.636025631560746,31.95577430704948,12.0,30.0,0.0,14.911798158326196,35.662772607706347,10.0,30.0,0.0,11.813598450166808,43.69040872433845,13.0,30.0,0.0,15.793494299218679,33.73497308758425,20.0,30.0,0.0,15.202469790982104,0.0,0.0,0.0,9.579314319193056,0.0,0.0,484.0485945096668,454.47367954477786,501.8064654366259,472.129445947173,551.1650330344617,798.1911647603245,534.5104853553371,616.3807971169933,704.3536361931883,0.0,82.05596449735579,82.05596449735579,60.0,0.0,60.0,60.0,12.0,12.0,12.0,19.0,12.0,12.0,21.0,10.0,0.0,0.0,0.0,0.0,0.0,0.0,0.0,0.0,0.0,0.0,0.0,0.0,0.0,82.05596449735579,82.05596449735579,0.0,0.0,0.0,82.05596449735579,0.0,0.0,0.0022933333333333336 
 03/05  05:10:00,1.2483333333333336,91.00000000000002,2.0316666666666669,0.0,0.0,0.0,0.0,0.0,2.0,2.0,0.0,0.0,0.0,0.0,0.0,286.0,0.0,0.0,0.0,0.0,0.0,0.0,0.0,0.0,0.0,0.0,0.0,16.506346778651417,-41.75358489623068,16.46307260353107,-228.9175859377542,16.42089252013206,-68.77491419380658,16.406402861638754,-166.325325794131,14.355019416388185,-7.268636953020177,16.406500571306944,-35.82019169250384,15.019330538442923,-81.84486834030077,12.406050932584222,-253.44309490265096,15.716408945664583,-121.06099712865455,412.9925235822311,826.1196033998124,0.0,0.0,0.0,0.0,0.0,0.0,0.0,0.0,0.0,0.0,0.0,0.0,0.0,0.0,0.0,0.0,0.0,0.0,0.0,0.0,0.0,0.0,1.534086655948275,0.468280420008631,169.8864880343908,204.28187451040945,5186.784016907392,0.2803011382901589,0.042781004012539518,125.29878369538119,150.70465233698298,3782.393771567434,2.4872143952253089,0.4699951616072014,97.80423290755793,117.61950697034654,3027.0891271613875,0.28421112655873156,0.053705806228029378,93.40380257472232,112.34851945666498,2819.027547287058,0.0,0.0,7.663636948526397,9.274424540194835,204.7174928445736,0.0,0.0,13.248685200400742,15.90865461186644,411.6603344847316,0.0,0.0,77.78030639819723,93.96165005054421,2154.9945095890768,0.0,0.0,56.819632519409449,69.38391211277737,1230.2545340519405,0.0,0.0,32.500595925046827,39.138955037097989,957.4548908872072,32.21870187314907,22.09787508446439,184.59423193617543,222.93629955350844,6026.987908570625,0.0,0.0,68.15836110611049,83.88333320000389,1175.417663717813,0.0,16.166342364534136,32.870123606707597,22.0,30.0,0.0,16.09459342465817,33.00729061256178,12.0,30.0,0.0,16.127451003085939,33.04808083844879,22.0,30.0,0.0,16.078951956926976,33.04648619154945,12.0,30.0,0.0,14.315766378514992,37.10380775394505,12.0,30.0,0.0,16.571042004302215,32.07300332464751,12.0,30.0,0.0,14.826609297091283,35.89875670135861,10.0,30.0,0.0,11.740975994468993,43.89531814257215,13.0,30.0,0.0,15.732804858615867,33.849998386641598,20.0,30.0,0.0,14.903304937746923,0.0,0.0,0.0,9.52271726911639,0.0,0.0,479.8346063609132,437.7787908187986,512.2015007911992,439.56748451658657,549.599656086059,796.3471497460342,541.0797894643197,615.0427362421704,701.9707224661399,0.0,82.05596449735579,82.05596449735579,60.0,0.0,60.0,60.0,12.0,12.0,12.0,19.0,12.0,12.0,21.0,10.0,0.0,0.0,0.0,0.0,0.0,0.0,0.0,0.0,0.0,0.0,0.0,0.0,0.0,82.05596449735579,82.05596449735579,0.0,0.0,0.0,82.05596449735579,0.0,0.0,0.00229 
 03/05  05:20:00,1.2666666666666667,91.0,2.013333333333333,0.0,0.0,0.0,0.0,0.0,2.0,2.0,0.0,0.0,0.0,0.0,0.0,572.0,0.0,0.0,0.0,0.0,0.0,0.0,0.0,0.0,0.0,0.0,0.0,16.401466322227394,-126.1717099041964,16.434548858460777,-200.53487391480395,16.364380873509334,-121.76379831222198,16.383739381834727,-152.2130222398323,14.316268759201638,-7.6188422060947549,16.35960678247755,-38.043498681455449,14.977781727685955,-68.61769544278173,12.346476031849474,-257.54230927579979,15.672715720030415,-124.74623634790368,396.80606635733946,823.3345979061605,0.0,0.0,0.0,0.0,0.0,0.0,0.0,0.0,0.0,0.0,0.0,0.0,0.0,0.0,0.0,0.0,0.0,0.0,0.0,0.0,0.0,0.0,1.531367394482123,0.4674503646160327,166.3609992526022,200.37262782691438,5029.183390221051,0.28460759212452227,0.04343827718628239,99.93838415949911,120.32650603969634,3011.5024331153588,2.462828492856743,0.46538709237655775,91.94559119855549,110.73343144810211,2837.3254054488045,0.286076896885446,0.054058370537688197,86.96705176926889,104.7350690834586,2621.9142394849748,0.0,0.0,7.917697117894836,9.598629525766726,210.65697587033925,0.0,0.0,13.243912852414372,15.930213353806235,409.8799216090307,0.0,0.0,80.06302404796645,96.88461971692091,2211.2543340524368,0.0,0.0,56.83922881430064,69.53023920608169,1222.5390249399798,0.0,0.0,32.35424191355075,39.028571785649678,949.268672615691,32.19606152207885,22.082346722962187,165.2461730542665,199.85070823161855,5450.477150495892,0.0,0.0,68.12296293854149,83.99225596798095,1162.781543828157,0.0,16.0119117539515,33.263173718437567,22.0,30.0,0.0,16.10916154326359,33.01319234343339,12.0,30.0,0.0,16.077386917628524,33.139632415988568,22.0,30.0,0.0,16.095401330322916,33.08070786352006,12.0,30.0,0.0,14.281978087595702,37.18253536615916,12.0,30.0,0.0,16.52872360908441,32.162153577719838,12.0,30.0,0.0,14.802585730646304,35.93340123581633,10.0,30.0,0.0,11.689519239959992,44.033185356706287,13.0,30.0,0.0,15.692560619835218,33.93881868561998,20.0,30.0,0.0,14.788430996005994,0.0,0.0,0.0,9.455320299078377,0.0,0.0,482.5759975168596,450.19550188346758,497.07077372313219,465.70113278210899,550.3586171548673,795.9457876679521,534.8776960648888,615.5879617872298,701.3904662477241,0.0,82.05596449735579,82.05596449735579,60.0,0.0,60.0,60.0,12.0,12.0,12.0,19.0,12.0,12.0,21.0,10.0,0.0,0.0,0.0,0.0,0.0,0.0,0.0,0.0,0.0,0.0,0.0,0.0,0.0,82.05596449735579,82.05596449735579,0.0,0.0,0.0,82.05596449735579,0.0,0.0,0.0022833333333333336 
 03/05  05:30:00,1.2850000000000002,91.0,1.9949999999999999,0.0,0.0,0.0,0.0,0.0,2.0,2.0,0.0,0.0,0.0,0.0,0.0,572.0,0.0,0.0,0.0,0.0,0.0,0.0,0.0,0.0,0.0,0.0,0.0,16.343251547397963,-167.3726094421554,16.30655608827888,-209.81670610341826,16.29981878859534,-200.14262654624009,16.253730353371858,-175.49868260729137,14.272084128727986,-8.05154792233516,16.30742444558872,-39.29554486445346,14.912558229963262,-69.16681018726513,12.275050215890673,-260.85697728072389,15.622614521282629,-128.26299235589114,489.9007546177736,821.9334556893603,0.0,0.0,0.0,0.0,0.0,0.0,0.0,0.0,0.0,0.0,0.0,0.0,0.0,0.0,0.0,0.0,0.0,0.0,0.0,0.0,0.0,0.0,1.5237298857598654,0.4651190127472117,214.10340743471415,258.06761271494698,6429.952532914076,0.28452343279343858,0.043425432355530927,163.30342768037179,196.8862853672553,4858.274842834824,2.4212437911015165,0.4575290610547085,168.77726002563368,203.38232432974486,5116.790708720588,0.2865092215784256,0.054140064546187739,166.1048074734819,200.23707867992273,4936.585466087498,0.0,0.0,7.934307510204241,9.619617078642574,210.12035063152764,0.0,0.0,13.216586533386233,15.90182214773349,407.2391241807997,0.0,0.0,80.61712485305144,97.57482336363653,2212.191525353527,0.0,0.0,57.01042354103838,69.76300446328949,1215.6696102187846,0.0,0.0,32.21222804599482,38.870573426382879,940.7301285650425,32.08162633655957,22.00385894139889,308.7108832314708,373.23447166992198,9554.32383513724,0.0,0.0,68.20732234716036,84.12221840624319,1152.446141119989,0.0,15.967186726094362,33.39307189780234,22.0,30.0,0.0,15.92357323769892,33.47364291766743,12.0,30.0,0.0,16.01570426217843,33.29651288949821,22.0,30.0,0.0,15.897747156989418,33.536781309097509,12.0,30.0,0.0,14.237543237072462,37.28610086110699,12.0,30.0,0.0,16.475974425079927,32.27493674627431,12.0,30.0,0.0,14.728761565767256,36.131382410963897,10.0,30.0,0.0,11.614511165124492,44.25911018764389,13.0,30.0,0.0,15.639924718745608,34.05497209260908,20.0,30.0,0.0,15.065563529620072,0.0,0.0,0.0,9.387969819905319,0.0,0.0,481.59683082829329,454.1880018305603,492.8522977453638,465.0623231721953,549.9858361330078,794.4802441843808,534.2628664007636,616.1611137484033,699.9315711682646,0.0,82.05596449735579,82.05596449735579,60.0,0.0,60.0,60.0,12.0,12.0,12.0,19.0,12.0,12.0,21.0,10.0,0.0,0.0,0.0,0.0,0.0,0.0,0.0,0.0,0.0,0.0,0.0,0.0,0.0,82.05596449735579,82.05596449735579,0.0,0.0,0.0,82.05596449735579,0.0,0.0,0.0022766666666666666 
 03/05  05:40:00,1.3033333333333333,91.0,1.9766666666666666,0.0,0.0,0.0,0.0,0.0,2.0,2.0,0.0,0.0,0.0,0.0,0.0,572.0,0.0,0.0,0.0,0.0,0.0,0.0,0.0,0.0,0.0,0.0,0.0,16.21029506669113,-87.44991853513375,16.291686533519806,-270.88691179130447,16.202570208688564,-100.4488146860532,16.24836340062876,-212.42368287018918,14.227847871741556,-8.186399916697696,16.253747116299107,-38.418504655510108,14.856573060153963,-86.22953112338496,12.20551801417904,-260.5425879918239,15.571123769480398,-128.53831546840537,379.3440766433355,824.402177421209,0.0,0.0,0.0,0.0,0.0,0.0,0.0,0.0,0.0,0.0,0.0,0.0,0.0,0.0,0.0,0.0,0.0,0.0,0.0,0.0,0.0,0.0,1.512570363740354,0.46171256524430839,184.87212386769009,222.77378688454795,5504.5144981752969,0.27610635637346978,0.042140774782275607,117.18758451051244,141.17248867301377,3478.9009814342209,2.4144355586020236,0.4562425469769509,98.22076964007073,118.32035258097,2986.441527189254,0.2761014294920943,0.052173361582028388,97.06339307466493,116.94213080935858,2882.4268194673165,0.0,0.0,7.683736108719856,9.31945311203005,202.55859718800543,0.0,0.0,13.373043079998066,16.093724789535214,410.1616068363683,0.0,0.0,78.25741272585953,94.75652779811317,2136.437000297972,0.0,0.0,57.048736371042107,69.83197295654355,1206.3817691109753,0.0,0.0,33.31721424156302,40.21053086481696,968.270011889754,31.915343786298267,21.889810553016653,192.60141269930268,232.9012431706969,6167.199973103539,0.0,0.0,68.13801055346323,84.06101794596306,1140.1479019926554,0.0,15.7967333981976,33.797012113564459,22.0,30.0,0.0,15.957951129003805,33.446701476255537,12.0,30.0,0.0,15.90414355291093,33.55392042487476,22.0,30.0,0.0,15.945491095134348,33.47576367700215,12.0,30.0,0.0,14.193241741292404,37.40446175865053,12.0,30.0,0.0,16.420440053199795,32.40707099396025,12.0,30.0,0.0,14.673993539448756,36.285024071179787,10.0,30.0,0.0,11.543606954099318,44.47981808711455,13.0,30.0,0.0,15.585173024850793,34.19010156877417,20.0,30.0,0.0,14.670085545546643,0.0,0.0,0.0,9.32530700292022,0.0,0.0,484.7253173144438,457.1152077547101,497.0571273280906,468.4508786475033,550.6645881281022,794.7660223570981,535.1106445723174,615.5198684995344,699.4282186772007,0.0,82.05596449735579,82.05596449735579,60.0,0.0,60.0,60.0,12.0,12.0,12.0,19.0,12.0,12.0,21.0,10.0,0.0,0.0,0.0,0.0,0.0,0.0,0.0,0.0,0.0,0.0,0.0,0.0,0.0,82.05596449735579,82.05596449735579,0.0,0.0,0.0,82.05596449735579,0.0,0.0,0.00227 
 03/05  05:50:00,1.3216666666666668,91.0,1.9583333333333333,0.0,0.0,0.0,0.0,0.0,2.0,2.0,0.0,0.0,0.0,0.0,0.0,572.0,0.0,0.0,0.0,0.0,0.0,0.0,0.0,0.0,0.0,0.0,0.0,16.19682566030805,-145.81423127968584,16.16960866401202,-161.47699691616118,16.138584210896587,-213.37054640763064,16.109187439721216,-155.73732851436126,14.183517479663998,-8.1169876271518,16.201965209468676,-40.54541322273781,14.790440395790942,-67.7593298944621,12.1365389196684,-260.2968834019582,15.520902337135905,-131.46490141705903,463.4974199997823,824.5714012516145,0.0,0.0,0.0,0.0,0.0,0.0,0.0,0.0,0.0,0.0,0.0,0.0,0.0,0.0,0.0,0.0,0.0,0.0,0.0,0.0,0.0,0.0,1.4997039331318663,0.4577850833735856,176.546397915645,212.8946134545127,5243.515481880517,0.28023332141625587,0.0427706534518095,147.47573319919594,177.89415584480288,4342.698194334503,2.4345543897977919,0.4600442913450099,209.55657000364409,252.7544417637901,6256.717974153373,0.28450192779163499,0.05376075733024091,164.70204476036413,198.69470444503549,4833.388988121855,0.0,0.0,7.932117054089849,9.621500069672523,208.12897094527114,0.0,0.0,13.285801907528768,15.993161035310277,405.6903761267911,0.0,0.0,81.03590254973605,98.14065503873224,2197.862448074612,0.0,0.0,57.261733117902057,70.11477164744545,1200.8347668526683,0.0,0.0,32.51915912203279,39.26042041482556,940.6689610487747,31.81536975488494,21.82124125849448,291.21977919129827,352.3242663596261,8938.556551019108,0.0,0.0,68.31071958111358,84.29792826684958,1132.1685835905858,0.0,15.833331331512053,33.73696648688614,22.0,30.0,0.0,15.797880400030062,33.837910436567458,12.0,30.0,0.0,15.842203046196298,33.7192581445409,22.0,30.0,0.0,15.745534509020029,33.94763060004971,12.0,30.0,0.0,14.148939455899559,37.52195053527942,12.0,30.0,0.0,16.368141734845098,32.53034615422736,12.0,30.0,0.0,14.601742303243338,36.47185453295988,10.0,30.0,0.0,11.473528903436947,44.714999553019378,13.0,30.0,0.0,15.532774302354106,34.31855555408927,20.0,30.0,0.0,14.913748252933832,0.0,0.0,0.0,9.264754365564605,0.0,0.0,484.9878259683546,455.7689271815291,493.9414272144073,465.56485855855086,550.8123102211864,794.547704335235,537.7426341886983,617.1564007032423,699.5181547641862,0.0,82.05596449735579,82.05596449735579,60.0,0.0,60.0,60.0,12.0,12.0,12.0,19.0,12.0,12.0,21.0,10.0,0.0,0.0,0.0,0.0,0.0,0.0,0.0,0.0,0.0,0.0,0.0,0.0,0.0,82.05596449735579,82.05596449735579,0.0,0.0,0.0,82.05596449735579,0.0,0.0,0.00226 
 03/05  06:00:00,1.34,91.0,1.94,0.0,0.0,0.0,0.0,0.0,2.0,2.0,0.0,0.0,0.0,0.0,0.0,286.0,0.0,0.0,0.0,0.0,0.0,0.0,0.0,0.0,0.0,0.0,0.0,16.163144479275155,-36.57426284883786,16.136329475111468,-221.0567716519531,16.08009789829973,-67.32854054772906,16.098843666835746,-162.6238966332985,14.134888168438632,-7.511243752894785,16.14447241018906,-37.282782155240798,14.719763230191284,-84.29099442160077,12.067830968327787,-253.0068286989772,15.466104458215077,-127.20111738944616,394.2412983092454,832.9930685126378,0.0,0.0,0.0,0.0,0.0,0.0,0.0,0.0,0.0,0.0,0.0,0.0,0.0,0.0,0.0,0.0,0.0,0.0,0.0,0.0,0.0,0.0,1.4877900063121186,0.4541483535751278,157.81240044113805,190.0295427538082,4696.30033656853,0.27143572408394359,0.0414279188162307,123.1463310527636,148.31816442321114,3622.6420704675595,2.41654465028874,0.4566410903795807,97.88175260231076,117.88230192836133,2948.4026213858558,0.2760977108542387,0.052172658891579477,92.21004547952775,111.061475063561,2713.2625424023206,0.0,0.0,7.54723264853596,9.143698955000444,197.03274549497963,0.0,0.0,13.38494182271854,16.092516229360166,406.70930139282248,0.0,0.0,77.4812614326312,93.73285265103329,2086.247273920165,0.0,0.0,57.24897499600077,70.01516673261682,1190.7942780327476,0.0,0.0,33.4483078337609,40.330472566396839,962.6219489474452,31.645442756941685,21.704693248931205,181.83339931722129,219.8683783000795,5790.771060263754,0.0,0.0,68.22683539932531,84.08827385985312,1121.389236317121,0.0,15.85411878950279,33.687484948142678,22.0,30.0,0.0,15.787658504246548,33.92099775035713,12.0,30.0,0.0,15.810328440824583,33.76839239390782,22.0,30.0,0.0,15.779514570193586,33.937464087805519,12.0,30.0,0.0,14.096167449902304,37.6638181802549,12.0,30.0,0.0,16.30481235894165,32.67947803632622,12.0,30.0,0.0,14.516380712097123,36.71069585652867,10.0,30.0,0.0,11.403600748063118,44.93350439778641,13.0,30.0,0.0,15.47178302662797,34.467478978049317,20.0,30.0,0.0,14.648386549616547,0.0,0.0,0.0,9.21305741103897,0.0,0.0,481.11463999823016,437.68159488056747,501.50045997718515,438.74912805699588,550.3500479259527,794.1545642259222,540.4555415731735,616.8835995924293,698.52175582704,0.0,82.05596449735579,82.05596449735579,60.0,0.0,60.0,60.0,12.0,12.0,12.0,19.0,12.0,12.0,21.0,10.0,0.0,0.0,0.0,0.0,0.0,0.0,0.0,0.0,0.0,0.0,0.0,0.0,0.0,82.05596449735579,82.05596449735579,0.0,0.0,0.0,82.05596449735579,0.0,0.0,0.00225 
 03/05  06:10:00,1.385,91.16666666666667,2.001666666666667,0.0,0.0,0.0,0.0,0.0,2.0,2.0,0.0,0.0,0.0,0.0,0.0,2870.0,0.0,0.0,0.0,0.0,0.0,0.0,0.0,0.0,0.0,0.0,0.0,17.399088387010438,-851.2074434703654,16.89726853856789,352.6388633368697,17.58792281577413,-2451.66053101216,16.424153982235319,979.8142566531842,14.100002891880973,-5.9923575415166889,17.159816804909135,-113.44267000873566,14.854051047795349,235.34741626520703,13.124367951522615,-378.61872508983626,17.048531088045914,-301.3022898033603,780.1400429673263,952.6639355068503,0.0,0.0,0.0,0.0,0.0,0.0,0.0,0.0,0.0,0.0,0.0,0.0,0.0,0.0,0.0,0.0,0.0,0.0,0.0,0.0,0.0,0.0,1.4925526149608202,0.45560214131893175,307.448648042948,368.4075971063937,10335.321519153453,0.3409448391542425,0.052036758112674389,246.06588501357943,295.74232093663377,7814.220140359015,2.0685131248537886,0.3908754960041174,473.66965912930069,567.0434112760688,16187.845924354262,0.3777522585911673,0.07138175710339516,352.47802122194687,424.40133156106188,10884.203369693802,0.0,0.0,11.484295152125839,13.952446837821903,298.1222127386175,0.0,0.0,18.45872116540007,22.13789965997055,612.1760117190497,0.0,0.0,86.0398786173177,104.2774483689566,2363.475204514183,0.0,0.0,49.40226740378055,60.27194426291676,1178.4386755787855,0.0,0.0,47.42715831621463,56.876341176181529,1573.7880124263473,33.14245281308779,22.731449117344178,589.1720968413372,710.8353481046943,18427.69016661101,0.0,0.0,61.56789177116425,76.09459878326878,1015.6661199254064,2081.5153939825806,17.731519382631395,30.024188702971803,21.999999999999998,30.0,901.5852107605068,16.91471986525508,31.581215536088636,16.5,30.0,4681.821227917005,18.03804061053712,29.461859916463046,21.999999999999998,30.0,0.0,16.49087460523149,32.458467753493227,16.999999999999998,30.0,0.0,14.070904691352628,37.75291174599142,12.0,30.0,1893.2503448110556,17.696716204557946,29.971821587248205,20.0,30.0,0.0,14.843502791104756,35.99553113072263,10.0,30.0,1490.942541759883,13.069804295141167,40.34897551565432,16.999999999999998,30.0,3146.157861575661,17.626013287809614,30.15132274445214,20.0,30.0,0.0,15.761792495229275,0.0,0.0,0.0,9.296231574867282,0.0,0.0,470.30037733775347,464.14904300963408,467.2518221269702,463.7743789038247,548.3903119430044,780.5971241845315,516.9571345282159,622.2699171025759,685.4847435486948,14035.759028762446,78.7219206159362,87.84505882644521,60.0,0.0,60.0,60.0,16.0,16.0,19.0,19.0,16.0,12.0,21.0,10.0,1.0,0.0,2081.5153939825806,901.5852107605068,4681.821227917005,0.0,1893.2503448110556,0.0,1490.942541759883,3146.157861575661,13801.366016412909,8280819.609847744,10763550.604807852,78.7219206159362,87.99999999999999,0.46004553388043037,0.7692412580745838,0.3602813740196596,87.99999999999999,0.3542647819438876,10763550.604807852,0.5619446314500082 
 03/05  06:20:00,1.4300000000000002,91.33333333333334,2.0633333333333336,0.0,0.0,0.0,0.0,0.0,2.0,2.0,0.0,0.0,0.0,0.0,0.0,1722.0,0.0,0.0,0.0,0.0,0.0,0.0,0.0,0.0,0.0,0.0,0.0,18.289259829759297,-1379.34619211697,17.252669114345929,855.4985729558537,18.597432415420703,-3437.1715004905838,17.324597505574624,1013.0240353935164,14.061999996390338,5.3289820793058049,18.227941097897785,-207.6235734863909,15.263569008399838,222.2275054058958,14.436646257752717,-385.2140666877069,18.148199527426816,-455.65694258546599,1118.3810657002894,1262.421623986489,0.0,0.0,0.0,0.0,0.0,0.0,0.0,0.0,0.0,0.0,0.0,0.0,0.0,0.0,0.0,0.0,0.0,0.0,0.0,0.0,0.0,0.0,1.581360221386677,0.4827106902889735,433.05564286602677,516.9998414953946,15519.711013326147,0.4130727779327912,0.06304529577728804,374.4782162059696,449.24806078038957,12374.973538461312,1.9618301609472924,0.37071620577235328,570.6928746409828,680.4140088257108,20886.26632058468,0.3950286791255023,0.07464638683399513,396.11770790243807,474.9099667899647,13257.697812802919,0.0,0.0,14.39825577097786,17.499041068388637,371.76340516681787,0.0,0.0,23.17110413642253,27.623871344136455,846.5758150934265,0.0,0.0,90.55452914645717,109.48719701985725,2603.55458782118,0.0,0.0,34.83557055255516,42.19389143697291,975.6086728486805,0.0,0.0,63.51894487469467,75.71753219355904,2325.3347653648554,34.52775442663781,23.68158739824268,757.3187227951908,911.3629866904483,24785.596547794143,0.0,0.0,63.90163701322095,78.83363911493093,1115.2517449096209,2045.4266732987547,19.201861785622719,27.380879148890025,22.0,30.0,0.0,17.770249963872378,29.943812834688936,16.0,30.0,4472.620400960219,19.61397053723068,26.693154200605347,22.0,30.0,0.0,18.01889478394086,29.489431959554019,16.0,30.0,0.0,14.041547890512464,37.87861522317606,12.0,30.0,1613.7641856429805,19.61439805782385,26.599176448021227,20.0,30.0,0.0,15.547729857240438,34.44347677856813,10.0,30.0,1411.5420905815993,15.28741278453306,34.93943130944746,17.0,30.0,1190.814308614571,19.653753628532635,26.542613747829415,19.5,30.0,0.0,16.889170171704515,0.0,0.0,0.0,9.8002459439629,0.0,0.0,467.50350419994558,469.10250661078148,465.1558733042938,465.1219930795373,543.6784384470524,733.4161314918296,516.8431231012025,640.9477205924331,642.7923604861417,11624.883547952842,80.31784176290619,87.8717102362011,60.0,0.0,60.0,60.0,16.0,16.0,19.0,19.0,16.0,12.0,21.0,10.0,1.0,0.0,2045.4266732987547,0.0,4472.620400960219,0.0,1613.7641856429805,0.0,1411.5420905815993,1190.814308614571,11430.751440994214,6858450.86459653,8969861.672628839,80.31784176290619,88.0,0.3810250480331405,0.7645490597914852,0.36028137401965956,88.0,0.3542647819438875,8969861.672628839,0.4687061403100329 
 03/05  06:30:00,1.475,91.5,2.125,0.0,0.0,0.0,0.0,0.0,2.0,2.0,0.0,0.0,0.0,0.0,0.0,1148.0,0.0,0.0,0.0,0.0,0.0,0.0,0.0,0.0,0.0,0.0,0.0,18.73803680440657,-1290.256552845422,17.676795036965097,853.8314589100146,19.132336459400834,-3386.5726083062747,17.90368700554413,856.759891368999,14.03452426003198,10.373758831322832,18.052930021245034,-183.51316997561356,15.41436500031544,127.6015896754551,15.286531814128038,-174.14623455020598,18.221253294100117,-344.14884897429519,1309.8691501921385,1156.8915284474272,0.0,0.0,0.0,0.0,0.0,0.0,0.0,0.0,0.0,0.0,0.0,0.0,0.0,0.0,0.0,0.0,0.0,0.0,0.0,0.0,0.0,0.0,1.6555724981704874,0.5053640104305517,444.12839250533968,529.1460251901547,16404.862789891893,0.4304194506065371,0.06569283434165707,385.8479332972837,461.85401253203818,13222.914360737926,2.001923714938271,0.378292463140263,563.9630295330605,670.8511243145332,21327.39858285299,0.3851998094124344,0.07278907963197928,370.50707236706747,442.84425902756638,13004.305132659536,0.0,0.0,15.144999629666197,18.408619475045567,389.31023659750368,0.0,0.0,23.619927228259216,28.193802368188384,845.4932664006799,0.0,0.0,99.99890896087246,120.80002835208208,2910.2673599124798,0.0,0.0,21.252526798574146,25.602987435802104,656.689258527574,0.0,0.0,58.18305700143479,69.36566860005857,2122.9942593353687,35.29689662414809,24.209119769648905,742.2430767992221,891.2974859158694,25234.219539244637,0.0,0.0,56.47419717127483,69.69052713772095,971.842397562153,1904.0844229839937,19.83480398648633,26.34789946145485,22.0,30.0,0.0,18.473144146781796,28.673340973887485,16.0,30.0,4295.72098458864,20.307327746899515,25.593393877282368,22.0,30.0,0.0,18.91708846091893,27.89478922106626,16.0,30.0,0.0,14.025976618173713,37.96351388301721,12.0,30.0,83.80594033819776,19.28587506746805,27.21770210809143,19.0,30.0,0.0,15.776030708518672,33.97123951937601,10.0,30.0,1081.9810181072253,16.776355251391267,31.79585081385425,17.0,30.0,1538.1844139191213,19.665952403626585,26.561609445134005,19.75,30.0,0.0,17.553677736292746,0.0,0.0,0.0,9.719091829778355,0.0,0.0,468.95178951896647,470.3773122949601,465.9571399713063,465.63275060483866,546.7158576806293,704.9799313283528,526.5732038038373,624.1221983664875,631.7151842179892,11174.221995242036,80.61605507739871,87.87669031009404,60.0,0.0,60.0,60.0,16.0,16.0,19.0,19.0,16.0,12.0,21.0,10.0,1.0,0.0,1904.0844229839937,0.0,4295.72098458864,0.0,83.80594033819776,0.0,1081.9810181072253,1538.1844139191213,10987.61580253383,6592569.481520298,8632455.167217702,80.61605507739871,88.0,0.366253860084461,0.7637036447265716,0.36028137401965956,88.0,0.3542647819438875,8632455.167217702,0.4511943353619872 
 03/05  06:40:00,1.52,91.66666666666666,2.1866666666666667,0.0,0.0,0.0,0.0,0.0,2.0,2.0,0.0,0.0,0.0,0.0,0.0,1148.0,0.0,0.0,0.0,0.0,0.0,0.0,0.0,0.0,0.0,0.0,0.0,19.198330907468955,-1173.045649458667,18.0554861146664,997.1759473435332,19.641044010555594,-3187.784217290169,18.340343625030408,953.1213373128626,14.009273369810263,14.609222106707648,18.42102545818059,-197.2505108860495,15.63024392237243,418.10372546056046,15.149328539511999,-227.89686068081029,17.991324361245096,-249.42385347772734,1493.7458378217353,991.2967219676763,0.0,0.0,0.0,0.0,0.0,0.0,0.0,0.0,0.0,0.0,0.0,0.0,0.0,0.0,0.0,0.0,0.0,0.0,0.0,0.0,0.0,0.0,1.7424579140747479,0.531885810157127,454.0615869884165,539.8783023197682,17305.95065509379,0.44531324890305237,0.06796600257983095,388.09995020066267,463.67949088767878,13721.476857432155,2.1375740153397619,0.4039255508956467,561.4964026730532,666.5320909119482,21910.075840868623,0.39008174785854379,0.07371159256586237,359.6903675609062,429.00682846322789,13055.985214156071,0.0,0.0,15.690517359519298,19.078436360460225,401.5102288967363,0.0,0.0,23.408426151208734,27.900231251590954,859.1767125667279,0.0,0.0,94.96349750604483,114.61766846091084,2827.341818684693,0.0,0.0,22.09074790846072,26.646269205084477,662.2843053539872,0.0,0.0,49.93427653557834,59.63401705197757,1780.315484309947,36.13448526987338,24.78359757878833,736.3143362305916,882.1956191367203,26056.538392596198,0.0,0.0,48.66279812048882,60.1168399591244,812.2714828122462,1864.4183794372144,20.498416586127239,25.3342120417183,22.0,30.0,0.0,19.085798452068795,27.64427982463493,16.0,30.0,4198.830848424301,20.984202948053765,24.59398586699012,22.0,30.0,0.0,19.587116005509399,26.802897929141289,16.0,30.0,0.0,14.010113333331115,38.05418063646006,12.0,30.0,1395.4277303192517,19.807585755801008,26.380527637185307,20.0,30.0,0.0,16.179192041660014,33.18205566004853,10.0,30.0,405.06482785522749,16.267708164729809,32.89464297667372,16.25,30.0,155.20147863140705,19.238305349985198,27.341379579428734,19.0,30.0,0.0,18.26399668028929,0.0,0.0,0.0,9.51089586405812,0.0,0.0,471.30936305429557,473.6296634085166,468.44522069424837,467.67007252259176,549.3101907067188,693.9162576160775,507.8102407177461,601.5236250469839,628.825514151426,10999.812070915907,80.73142582266442,87.87861696731753,60.0,0.0,60.0,60.0,16.0,16.0,19.0,19.0,16.0,12.0,21.0,10.0,1.0,0.0,1864.4183794372144,0.0,4198.830848424301,0.0,1395.4277303192517,0.0,405.06482785522749,155.20147863140705,10816.118472208684,6489671.083325211,8504126.377880473,80.73142582266442,88.0,0.36053728240695617,0.7631300945521223,0.36028137401965956,88.0,0.3542647819438875,8504126.377880473,0.4445545716497846 
 03/05  06:50:00,1.5650000000000002,91.83333333333333,2.248333333333333,0.0,0.0,0.0,0.0,0.0,2.0,2.0,0.0,0.0,0.0,0.0,0.0,1148.0,0.0,0.0,0.0,0.0,0.0,0.0,0.0,0.0,0.0,0.0,0.0,19.560986327653525,-1153.3996034405128,18.383198667253635,1002.2568745911685,20.04762130770072,-3219.753334034588,18.699130269916205,948.2882075411276,13.99266109218574,25.56122401231714,18.1938690422988,-121.59796833928775,16.182922505971228,556.957846908397,15.524491222021659,-402.99781167516837,18.449239937039157,-222.4072900066035,1590.6007947494073,951.0578669693503,0.0,0.0,0.0,0.0,0.0,0.0,0.0,0.0,0.0,0.0,0.0,0.0,0.0,0.0,0.0,0.0,0.0,0.0,0.0,0.0,0.0,0.0,1.8050136257099304,0.5509809602289165,455.6707423624142,541.0313564413478,17754.38918906932,0.4561032750214591,0.06961283196298217,391.2595709455744,466.80501784095869,14161.40231931447,2.276276278242337,0.43013535114178727,560.1994389071213,664.014290952025,22351.87473037513,0.3997137383736291,0.07553169659365627,357.7279323090853,426.04227373511477,13296.355129338932,0.0,0.0,15.852731155721937,19.280728990524567,404.223140222109,0.0,0.0,21.763153330347096,25.98641219440512,777.8438507203459,0.0,0.0,83.47791111080338,100.43328855810604,2634.698291396455,0.0,0.0,26.018528463548415,31.330186358242153,809.6145709380918,0.0,0.0,46.254891109262079,55.116236065662999,1706.902171256861,36.67738124794725,25.15595421669908,737.4908868280487,882.5197702596665,26693.285584175206,0.0,0.0,43.29796626551244,53.53983801222505,699.9445909624817,1875.469330418532,20.992361103107006,24.62860645285792,22.0,30.0,0.0,19.574203827245939,26.873182525778164,16.0,30.0,4220.240373691529,21.49173537625786,23.890741538125114,22.0,30.0,0.0,20.092097469714248,26.03099564094188,16.0,30.0,0.0,14.007275276888919,38.132388137215638,12.0,30.0,0.0,19.341513810077424,27.22712222958308,19.0,30.0,0.0,17.138345334336614,31.29640998394739,10.0,30.0,1151.8765229855126,16.91269390322957,31.61526089171479,17.0,30.0,1560.1268625646165,19.954522583475876,26.186537200684719,20.0,30.0,0.0,18.700979019055706,0.0,0.0,0.0,9.302349182127744,0.0,0.0,471.0446094301869,474.32768710961298,470.4443181630344,470.1015684577404,540.0793288662983,680.9634457512068,484.38050432890358,622.7994445910274,625.1699396944562,11113.651939200296,80.65612586544508,87.8773594803682,60.0,0.0,60.0,60.0,16.0,16.0,19.0,19.0,16.0,12.0,21.0,10.0,1.0,0.0,1875.469330418532,0.0,4220.240373691529,0.0,0.0,0.0,1151.8765229855126,1560.1268625646165,10928.057248461073,6556834.349076644,8574996.143129413,80.65612586544508,88.0,0.3642685749487024,0.7646481783869075,0.36028137401965956,88.0,0.3542647819438875,8574996.143129413,0.4482864661093961 
 03/05  07:00:00,1.61,92.0,2.31,18.0,126.5,0.0,0.0,0.0,2.0,2.0,0.0,0.0,0.0,0.0,0.0,1148.0,0.0,30.290728491143743,7.412683470194639,18.99473741509989,0.9082739388354931,24.17493826276604,0.0,7.412683470194635,10.133700294529789,0.0,0.0,19.882371178384429,-1187.5474190975129,18.661957635475969,1013.7343075393123,20.403662985441828,-3306.175001131358,19.002338953487106,952.3967177357322,13.984136887758187,30.964484645691259,18.514481153366299,-94.93279967902132,16.610302064187679,545.6957795913331,15.298779231663831,-604.2341330916734,18.457686405817755,-143.23755650636606,1666.7130477064894,1105.7565253239205,0.0,0.0,0.0,0.0,0.0,0.0,0.0,0.0,0.0,0.0,0.0,0.0,0.0,0.0,0.0,0.0,0.0,0.0,0.0,0.0,0.0,0.0,1.882162287567503,0.5745306128105931,466.35187444552829,553.0876990316386,18490.05706685584,0.46926099550676805,0.07162103106025154,393.4260434750254,468.89633777983075,14491.274276664346,2.438016169237802,0.46069844467834528,564.666232169254,668.5606017621742,22918.5002676104,0.4119482347627948,0.07784358177679415,363.0708399051473,431.9313445647816,13735.937154952238,0.0,0.0,15.392631302089658,18.725577549802787,391.3153976499081,0.0,0.0,18.539707588175089,22.115488824869776,673.73238513003,0.0,0.0,106.35281009313725,127.69334847257075,3484.2415475058016,0.0,0.0,43.50992829876698,52.51964860099502,1297.0387312267974,0.0,0.0,32.20234864238271,38.433264655801767,1161.5462214915536,37.147547188384709,25.478427426875667,746.9823809859564,893.0019129942654,27507.079406137334,0.0,0.0,59.338153452786837,73.34544537743268,975.3799973612665,1928.1995714348369,21.399731660864494,24.077755727103449,22.0,30.0,0.0,19.95557013395988,26.305598793501397,16.0,30.0,4326.232554754279,21.89712294042765,23.362140279927109,22.0,30.0,0.0,20.488613089325257,25.460018435139486,16.0,30.0,0.0,14.011765427166154,38.19374673519703,12.0,30.0,1451.5424987547495,19.686222083281807,26.701650505999937,19.75,30.0,0.0,17.810192107304606,30.04963928621399,10.0,30.0,795.0778612193732,16.267473606146404,33.011738906029787,16.5,30.0,732.6520585380988,19.585151108062897,26.860573398130847,19.0,30.0,0.0,19.0603298595736,0.0,0.0,0.0,9.480886848745405,0.0,0.0,473.23351951592476,476.335211654065,472.69331251946849,473.8984049473545,534.632538845869,683.5334109847925,498.9506860248821,610.1043121655509,641.4652332262781,11179.46832169119,80.61255062970202,86.25309288047771,60.0,0.0,60.0,60.0,16.0,16.0,19.0,19.0,16.0,12.0,21.0,10.0,1.0,0.0,1928.1995714348369,0.0,4326.232554754279,0.0,1451.5424987547495,0.0,795.0778612193732,732.6520585380988,8535.575255855165,5121345.153513099,6681512.684187889,80.61255062970202,86.34888801321108,0.3695191751951722,0.7674649104936341,0.36028137401965956,86.34888801321108,0.3542647819438875,6681512.684187889,0.3498719929111036 
 03/05  07:10:00,1.7833333333333335,92.0,2.381666666666667,23.666666666666669,168.66666666666669,0.0,0.0,0.0,2.0,2.0,0.0,0.0,0.0,0.0,0.0,2583.0,0.0,41.31574772394699,39.85538326405488,102.12741054573979,1.238865017483164,32.97401102232471,0.0,39.855383264054818,54.485330548040369,0.0,0.0,19.89340794208254,-1293.6774660955414,18.815944060334095,783.5083139312708,20.329692297769126,-2281.763064742069,19.14149494509354,652.76631916328,13.977379189412739,32.477549642229799,18.70280025168623,-88.49333830642257,16.849520817200565,472.13641375992276,15.620375719698835,-581.541316109226,18.560603905467738,-110.36432486210943,1598.7806896889907,1070.1896206080613,0.0,0.0,0.0,0.0,0.0,0.0,0.0,0.0,0.0,0.0,0.0,0.0,0.0,0.0,0.0,0.0,0.0,0.0,0.0,0.0,0.0,0.0,1.8598000036463547,0.5677045188175686,428.66894017119446,508.8732152182011,16763.30968607641,0.4419705002537825,0.0674558150570486,351.37876344188376,418.80814871197,12914.029706099182,2.5864983629198559,0.4887563044066244,443.31855922786346,525.5504991208151,17622.232086600634,0.39749946021733997,0.07511327668506042,307.2015044612195,365.59058675690758,11523.749273287509,0.0,0.0,15.217744135229794,18.522904950075274,381.6325200356534,0.0,0.0,18.04606319432586,21.527643611860129,654.0858690116388,0.0,0.0,99.01553092742422,118.82016229706794,3268.153912881571,0.0,0.0,39.50077011254576,47.626314778765337,1201.7526219606469,0.0,0.0,31.630844209622948,37.774446777940259,1129.5741640274319,37.01199294557816,25.385454695183929,649.5952572809266,776.986965068817,23820.71897696193,0.0,0.0,55.542198838018467,68.68602776488359,895.8440354256721,1852.0770700359017,21.280513222037805,24.33728883787697,21.999999999999994,29.999999999999994,0.0,20.09632183467275,26.165976620689184,15.999999999999997,29.999999999999994,2931.4068747789644,21.52143773478798,23.989674536757549,21.66666666666666,29.999999999999994,0.0,20.495777561837575,25.530030321935699,15.999999999999997,29.999999999999994,0.0,14.016711062472562,38.25685320375617,11.999999999999997,29.999999999999994,0.0,19.822706958282784,27.86230530218347,18.999999999999998,29.999999999999994,0.0,18.121778487969494,29.54670853247861,9.999999999999999,29.999999999999994,989.5009593703895,16.778214876769185,32.068538402550419,16.777777777777776,29.999999999999994,0.0,19.528604991552606,28.132623908171298,18.999999999999998,29.999999999999994,0.0,19.024669821569675,0.0,0.0,0.0,9.504636533289876,0.0,0.0,475.20706457652667,478.40864906605426,474.84984005873477,476.18239879721258,530.845190160631,717.380872852586,495.6176613685324,586.7888043721027,674.510372982299,10422.164971701595,81.11349874894305,85.01334778296403,59.999999999999989,0.0,59.999999999999989,59.999999999999989,16.0,16.0,19.0,19.0,16.0,12.0,21.0,10.0,1.0,0.0,1852.0770700359017,0.0,2931.4068747789644,0.0,0.0,0.0,989.5009593703895,0.0,5901.90461841599,3541142.771049594,4618643.991691096,81.11349874894305,85.079580166172,0.34784126505831089,0.7672942286613613,0.36028137401965945,85.079580166172,0.3542647819438875,4618643.991691096,0.24264948756793698 
 03/05  07:20:00,1.9566666666666668,92.0,2.4533333333333338,29.333333333333337,210.83333333333335,0.0,0.0,0.0,2.0,2.0,0.0,0.0,0.0,0.0,0.0,2870.0,0.0,52.81000252548663,43.682260514127069,111.93366325339665,1.5835281036067815,42.147599722409797,0.0,43.682260514126998,59.71696188264629,0.0,0.0,19.99841176267863,-1284.9164133334869,18.892719790199445,773.8900459288886,20.44980553953674,-2336.2215373093788,19.222379469039198,669.0037930142958,13.96841791206555,33.57638273694353,18.314177556754474,-57.97334957416416,16.97771066419596,429.73719581498758,15.443274978291158,-624.2464878272297,18.378656906676825,-119.5363961571169,1582.9613968191157,1174.6011981071789,0.0,0.0,0.0,0.0,0.0,0.0,0.0,0.0,0.0,0.0,0.0,0.0,0.0,0.0,0.0,0.0,0.0,0.0,0.0,0.0,0.0,0.0,1.8537536778448865,0.5658588760210277,430.472485070763,510.9802615967854,16735.220058436476,0.44005865629772358,0.06716401958145965,351.1536994977205,418.54096804583187,12816.0997620735,2.558065210684264,0.4833834487309646,449.81596429392098,533.29197313787,17794.26545179641,0.39811246409269987,0.07522911264034388,312.0495229076241,371.4246557145947,11616.820561818635,0.0,0.0,14.976326422681316,18.231032544932086,370.2516516293176,0.0,0.0,16.97182234594737,20.285580112577056,589.1998633162809,0.0,0.0,105.93590157343783,127.08216672698048,3487.875715443655,0.0,0.0,46.2892333020385,55.905488880185647,1348.6398059538342,0.0,0.0,30.753017236885677,36.711190341899499,1087.2916416098345,37.023301543568027,25.393210935231854,654.3846752762229,782.6907808313167,23845.33671347225,0.0,0.0,62.44775481197821,77.18440265021855,1004.5442345689968,1856.6429483208843,21.346551368341929,24.37761579674061,22.0,30.000000000000008,0.0,20.144126329831708,26.255113671669123,16.000000000000005,30.000000000000008,3029.22443615165,21.614421187026374,23.995374302916717,21.7,30.000000000000008,0.0,20.52747233083574,25.633413773513096,16.000000000000005,30.000000000000008,0.0,14.014870554634456,38.43839141881195,12.0,30.000000000000008,358.81488403810536,19.201323228710146,30.66822572555507,19.200000000000004,30.000000000000008,0.0,18.259962108002097,29.466071523830239,10.000000000000002,30.000000000000008,1033.3576547495332,16.287174157189509,33.47408302455405,16.700000000000004,30.000000000000008,964.8778760567947,19.48685783459481,29.426131139054477,19.400000000000003,30.000000000000008,0.0,19.10111739066586,0.0,0.0,0.0,9.660730662742248,0.0,0.0,478.4613991854194,482.7299664802827,478.28801668388805,480.19561730532578,527.0952638655749,760.9939973178454,497.81161443644296,573.5834457105488,706.1979148741668,10775.001651415325,80.88010934039252,85.91684724113921,60.000000000000017,0.0,60.000000000000017,60.000000000000017,16.0,16.0,19.0,19.0,16.0,12.0,21.0,10.0,1.0,0.0,1856.6429483208843,0.0,3029.22443615165,0.0,358.81488403810536,0.0,1033.3576547495332,964.8778760567947,7622.221833236793,4573333.099942074,5970196.309675208,80.88010934039252,86.0023877715162,0.3560740611078931,0.7662307821038346,0.36028137401965967,86.0023877715162,0.35426478194388769,5970196.309675208,0.3129468747697775 
 03/05  07:30:00,2.13,92.0,2.5250000000000005,35.0,253.0,0.0,0.0,0.0,2.0,2.0,0.0,0.0,0.0,0.0,0.0,2583.0,0.0,64.72227522593292,43.19241416414778,110.67856943032317,1.9407274141797076,51.65482758439597,0.0,43.1924141641477,59.04730478464408,0.0,0.0,20.053923410938127,-1304.261461151924,18.96302757194202,750.3325569831227,20.487751529693658,-2173.2258216445359,19.2845918113739,635.1523415815909,13.961612250587106,34.637352590980388,18.578310545677618,-73.13040474495725,17.066456957108018,431.68902062137479,15.5599507503619,-596.0058962170307,18.535235515303396,-89.10923529702548,1555.6781580944594,1097.2870811373878,0.0,0.0,0.0,0.0,0.0,0.0,0.0,0.0,0.0,0.0,0.0,0.0,0.0,0.0,0.0,0.0,0.0,0.0,0.0,0.0,0.0,0.0,1.8334376103843742,0.5596573902272204,426.80371165566819,506.6471855539183,16453.540069233386,0.4330656325795872,0.06609670826916775,343.9281637532729,409.90655994794909,12462.749715085534,2.5171418261509195,0.4756503828705443,433.003885113808,513.4677782985358,16961.97058030235,0.3935332343620165,0.0743638008998519,306.0215945429209,364.26778035546666,11296.772939059125,0.0,0.0,14.995541012270369,18.255846588627749,365.4590999710648,0.0,0.0,16.942559542419216,20.212648526078178,600.5342701190385,0.0,0.0,102.0292049446497,122.36304202366157,3340.042813758797,0.0,0.0,42.24225188999352,50.95599528647616,1244.9105053410024,0.0,0.0,28.464925033201138,34.010108554796818,988.161892362459,36.98561139787154,25.3673603551931,641.2641014005225,766.9943313110855,23196.67945917802,0.0,0.0,58.37926040240899,72.14865565957379,921.7610194741174,1835.0957241872698,21.35443904807125,24.531890566543738,21.99999999999999,29.99999999999999,0.0,20.188213364962928,26.36105588495863,15.999999999999993,29.99999999999999,2787.529721384299,21.58126242169584,24.210073518177045,21.666666666666658,29.99999999999999,0.0,20.543222783824576,25.786331874958916,15.999999999999993,29.99999999999999,0.0,14.01525895660676,38.75015518325014,11.999999999999997,29.99999999999999,636.2634953145978,19.76608398813704,30.553514954895737,19.44444444444444,29.99999999999999,0.0,18.34351771474619,29.552562349733685,9.999999999999997,29.99999999999999,713.6752058337918,16.65431867367049,33.26641536729912,16.55555555555555,29.99999999999999,0.0,19.371536351381374,30.33231584429779,18.999999999999994,29.99999999999999,0.0,19.129688672196168,0.0,0.0,0.0,9.691287450366956,0.0,0.0,481.16719763778169,485.3785034761163,481.0895320890401,483.4157979932145,526.2407969388567,786.1939599577368,498.3404767013558,574.1384818774072,716.2694695759612,10532.694909492997,81.04039068764051,84.97682720766693,59.99999999999998,0.0,59.99999999999998,59.99999999999998,16.0,16.0,19.0,19.0,16.0,12.0,21.0,10.0,1.0,0.0,1835.0957241872698,0.0,2787.529721384299,0.0,636.2634953145978,0.0,713.6752058337918,0.0,5957.2128352957529,3574327.7011774529,4647099.493497231,81.04039068764051,85.04368096784939,0.3496848722876362,0.7672940128886633,0.36028137401965945,85.04368096784939,0.3542647819438874,4647099.493497231,0.2441625069951893 
 03/05  07:40:00,2.3033333333333334,92.0,2.5966666666666669,40.666666666666667,289.5,0.0,0.0,0.0,2.0,2.0,0.0,0.0,0.0,0.0,0.0,2870.0,0.0,76.83615544938286,39.988241630408747,102.4681767797849,2.3039731869483779,61.32297105629179,0.0,39.988241630408669,54.66695800747043,0.0,0.0,20.124130379513724,-1290.8895487227558,19.01739900432356,753.4762264220465,20.563327524931944,-2248.1102837639084,19.3299918139817,674.5631022114152,13.954488119051693,37.04829914968539,18.348217170153199,-54.43528581175994,17.128151582801828,417.8717156225714,15.671699243037047,-612.9735249052616,18.52031551705461,-120.96266307578122,1539.8028410540028,1147.4554776084615,0.0,0.0,0.0,0.0,0.0,0.0,0.0,0.0,0.0,0.0,0.0,0.0,0.0,0.0,0.0,0.0,0.0,0.0,0.0,0.0,0.0,0.0,1.811948216803452,0.5530977462770002,428.5926600485625,508.74742021246956,16404.6883605898,0.43059893299690968,0.06572022786888122,347.0438699708813,413.61500180595137,12470.500342352789,2.4363817474637199,0.46038959702640239,445.3604350597983,528.0473393304297,17330.479412623106,0.3927448431127003,0.07421482296158359,312.71686101277188,372.2493477489133,11441.369789875826,0.0,0.0,15.03652929019251,18.30738777881188,361.1056380262748,0.0,0.0,17.078563879070189,20.413574741970988,581.1984082833566,0.0,0.0,103.34021430604989,123.93743292382695,3354.799133893746,0.0,0.0,44.89053125598668,54.173386069184868,1301.1927556917122,0.0,0.0,32.030736449073149,38.22347503188486,1119.5440995004292,36.976668197140927,25.361226472661835,651.1807911403477,778.7825086042947,23357.558244185388,0.0,0.0,61.08379167405573,75.46196521200348,961.5734675178969,1859.8583649753087,21.395008229559328,24.67710352562772,22.000000000000005,30.00000000000001,0.0,20.210343176511036,26.555582917479293,16.000000000000005,30.00000000000001,2939.411711202768,21.63917207750024,24.327969612013445,21.700000000000004,30.00000000000001,0.0,20.55269372962237,25.97871075451416,16.000000000000005,30.00000000000001,0.0,14.013343766866136,39.14044386431186,12.000000000000004,30.00000000000001,169.26384404902113,19.206146810839017,32.35816310043933,19.10000000000001,30.00000000000001,0.0,18.381787395964247,29.775011246633569,10.000000000000004,30.00000000000001,1355.7889877881108,16.578015181532053,33.94095193700697,17.000000000000005,30.00000000000001,897.5515614443314,19.667442387015247,30.265498764649334,19.300000000000009,30.00000000000001,0.0,19.177259053979815,0.0,0.0,0.0,9.845360382452805,0.0,0.0,484.29494966223009,489.28275959303746,484.1348241041758,485.8453452856165,527.7741233145162,804.6083184319617,502.71184824692809,577.5418844191894,726.0087327360718,10663.367664124835,80.95395326514073,85.93207692496819,60.00000000000002,0.0,60.00000000000002,60.00000000000002,16.0,16.0,19.0,19.0,16.0,12.0,21.0,10.0,1.0,0.0,1859.8583649753087,0.0,2939.411711202768,0.0,169.26384404902113,0.0,1355.7889877881108,897.5515614443314,7533.616443216895,4520169.865930136,5890049.801575527,80.95395326514073,86.01662199094844,0.35312054810723,0.7658184591131496,0.3602813740196597,86.01662199094844,0.3542647819438877,5890049.801575527,0.3088125896819275 
 03/05  07:50:00,2.4766666666666667,92.0,2.6683333333333336,46.33333333333333,326.0,0.0,0.0,0.0,2.0,2.0,0.0,0.0,0.0,0.0,0.0,2870.0,0.0,89.25844579041618,36.68948632920756,94.01543316948085,2.6764682401537329,71.23727244516286,0.0,36.68948632920749,50.157309416406778,0.0,0.0,20.183594706967676,-1351.8183051929864,19.10042730396075,734.5120019087211,20.588968477423266,-1930.380220198357,19.396025956115439,594.9850006331992,13.951045949368022,38.445662653722127,18.632545032051458,-69.25460883439405,17.186991249149384,397.3034977651221,15.609880006811263,-592.7551575221859,18.450826388048687,-81.7253908988456,1521.293890756412,1177.4829059732172,0.0,0.0,0.0,0.0,0.0,0.0,0.0,0.0,0.0,0.0,0.0,0.0,0.0,0.0,0.0,0.0,0.0,0.0,0.0,0.0,0.0,0.0,1.802089497904507,0.5500883693237202,423.8230566136144,503.11553397892467,16088.957520683467,0.4239041330411582,0.06469843300383979,336.80032473868979,401.35918058936019,12037.559408184079,2.4565577275836887,0.4642021405109013,405.2637984127074,480.6496973799485,15603.987459480875,0.3874030335707915,0.07320541072766278,295.5269478892004,351.7704440178104,10738.426917678462,0.0,0.0,14.987726859168502,18.250129868171116,354.7551046340439,0.0,0.0,16.773725414981699,20.015722403498669,583.0702567391359,0.0,0.0,104.71878223570215,125.56873524668903,3371.5084634568577,0.0,0.0,45.8423207706101,55.362424860493039,1291.39357910168,0.0,0.0,29.625469639456143,35.429691533804717,1001.0832402462818,36.99751887634065,25.37552735002789,623.1600673707569,745.2427968966287,22241.566134594264,0.0,0.0,62.61171293757607,77.31360451346947,978.5788788622965,1864.3195632397779,21.406035426616307,25.020896113972868,21.999999999999998,30.0,0.0,20.289795077314648,26.793134812778,15.999999999999999,30.0,2507.813523543627,21.56150395906893,24.79631759871352,21.599999999999999,30.0,0.0,20.599461168446845,26.2812541119291,15.999999999999999,30.0,0.0,14.016811124963242,39.644702372105289,12.0,30.0,829.8477730451384,19.791600933322763,31.676499374694165,19.599999999999999,30.0,0.0,18.421526893568165,30.15849286073559,10.0,30.0,723.7019136053539,16.342834666359378,35.100238521214539,16.499999999999998,30.0,294.2028994754352,19.229393323732308,31.46709832343048,19.1,30.0,0.0,19.217463983117236,0.0,0.0,0.0,9.967957738069144,0.0,0.0,488.94131995465639,493.1454676812211,489.06525769213456,491.6749593921933,532.525303546187,813.6844973126362,509.21099437848286,589.0839046490506,724.9932582786089,10507.886205063156,81.05680231108308,85.26995362086467,60.0,0.0,60.0,60.0,16.0,16.0,19.0,19.0,16.0,12.0,21.0,10.0,1.0,0.0,1864.3195632397779,0.0,2507.813523543627,0.0,829.8477730451384,0.0,723.7019136053539,294.2028994754352,6376.0392426554139,3825623.5455932475,4993463.20597589,81.05680231108308,85.34150691680722,0.3485346414218471,0.7668569063033687,0.3602813740196596,85.34150691680722,0.3542647819438876,4993463.20597589,0.26215675337741309 
 03/05  08:00:00,2.65,92.0,2.74,52.0,362.5,0.0,0.0,0.0,2.0,2.0,0.0,0.0,0.0,0.0,0.0,2870.0,0.0,110.14502204150797,36.06331848642306,92.41105620759793,3.3027621508367686,87.90684505681949,0.0,36.06331848642299,49.30129050255941,0.0,0.0,20.220999654386778,-1345.8881538342626,19.15581411846995,711.6285805304694,20.611007276695358,-1887.0006970528219,19.4239341652933,606.1764169000966,13.947945688488755,41.22426278943006,18.514524063869,-57.13473750819582,17.238988585256075,405.6164020190955,15.666950388753266,-584.1526236905734,18.604475789960924,-114.6983168847553,1502.4808453382396,1160.8566725859376,0.0,0.0,0.0,0.0,0.0,0.0,0.0,0.0,0.0,0.0,0.0,0.0,0.0,0.0,0.0,0.0,0.0,0.0,0.0,0.0,0.0,0.0,1.7722035193973116,0.5409656652616947,420.6567110212068,499.3785576842796,15828.41473919639,0.41706577005092518,0.06365472680874924,334.0278241229491,398.04326058356198,11840.50586335307,2.3680268423785595,0.44747294829526848,403.5349898542755,478.64057780914507,15391.491797869101,0.38358669449039986,0.07248425821814055,295.3083379848036,351.5413890450851,10626.745888530062,0.0,0.0,15.207090533818029,18.51812003378102,354.65655456280458,0.0,0.0,17.586700650923967,21.018404813854386,590.4924142063877,0.0,0.0,100.4676631623116,120.46024424438045,3207.4547315197107,0.0,0.0,44.012786355923427,53.10613040856376,1247.0630136222119,0.0,0.0,35.374747670200338,42.23357804318249,1214.2808867661905,36.97483212104275,25.359967161209025,620.3422854675481,741.868056546871,21946.524189252075,0.0,0.0,60.505567542163849,74.68970904045846,935.578535840993,1846.765886540531,21.41169487016544,25.368278390423308,21.999999999999998,30.0,0.0,20.316524473948499,27.138704456311236,15.999999999999999,30.0,2441.7373116637256,21.558333586510533,25.15213733450733,21.599999999999999,30.0,0.0,20.59601959924415,26.64793258363052,15.999999999999999,30.0,0.0,14.019038520042852,40.203234615008437,12.0,30.0,0.0,19.31346799678914,33.14361252538878,19.0,30.0,0.0,18.46160055646777,30.510466973912636,10.0,30.0,688.4308084060616,16.609728213667933,35.05480400577785,16.5,30.0,611.7020299343815,19.716990608503996,30.940299040676217,19.3,30.0,0.0,19.239891102730359,0.0,0.0,0.0,10.062013255147632,0.0,0.0,493.1186852491951,498.14041071251929,493.04028973167956,494.67157769030657,537.9690050450537,822.1433629685121,512.8011407584356,595.7750188528403,728.4755454076881,10274.096575178733,81.21141843632371,84.0356160652389,60.0,0.0,60.0,60.0,16.0,16.0,19.0,19.0,16.0,12.0,21.0,10.0,1.0,0.0,1846.765886540531,0.0,2441.7373116637256,0.0,0.0,0.0,688.4308084060616,611.7020299343815,4274.019348077244,2564411.608846347,3346752.3053268615,81.21141843632371,84.08358031667058,0.3464673116025748,0.7676668418730528,0.3602813740196596,84.08358031667058,0.3542647819438876,3346752.3053268615,0.17649445321033015 
 03/05  08:10:00,2.95,91.66666666666667,2.666666666666667,57.66666666666667,399.0,0.0,0.0,0.0,2.0,2.0,0.0,0.0,0.0,0.0,0.0,2870.0,0.0,123.69739396089271,34.52110722467883,88.45938064218125,3.7091454349718377,98.72308827523232,0.0,34.5211072246788,47.192970785387689,0.0,0.0,20.27781823805402,-1341.6284608801248,19.208129484180647,708.1717012701824,20.663235279494836,-1883.0834733066145,19.460911052835216,603.5241459236039,13.94499484094857,39.96204853475027,18.612775792787035,-60.35487539230473,17.288440852816739,409.1297863381619,15.813630754104129,-574.0336868374616,18.515443924113879,-72.56286308268585,1469.47212123454,1105.7569502956804,0.0,0.0,0.0,0.0,0.0,0.0,0.0,0.0,0.0,0.0,0.0,0.0,0.0,0.0,0.0,0.0,0.0,0.0,0.0,0.0,0.0,0.0,1.7478012162759927,0.5335168547851016,423.01616151382799,502.1780484496563,15681.209568852286,0.41242631167067608,0.06294662876536569,333.2580926240473,397.12371177636779,11628.529408465005,2.3355485986907644,0.44133571403831547,405.0615060631784,480.43808344509906,15228.81815457619,0.3795449990070652,0.0717205213543207,298.36082174013787,355.18270626405418,10565.33724709001,0.0,0.0,14.791798518124875,18.01366732466832,335.9719259210267,0.0,0.0,16.20229655551879,19.34519510366109,543.5244377212279,0.0,0.0,103.06093114820274,123.5729772803633,3235.473756659022,0.0,0.0,44.106972066673538,53.22961787405493,1226.0251557215127,0.0,0.0,27.6927199837731,33.12672720536508,908.879948723873,36.555937442469417,25.072659425562017,622.7657008040106,744.6988164000749,21676.660151673732,0.0,0.0,60.14561117193494,74.2304003354477,907.7841569163484,1861.050816040758,21.436258860998348,25.70377294125638,21.999999999999998,30.0,0.0,20.339782518657239,27.492576547720817,15.999999999999999,30.0,2482.6654905307307,21.58378973373244,25.48507962241024,21.599999999999999,30.0,0.0,20.608334763823476,27.034538983024239,15.999999999999999,30.0,0.0,14.020354497630159,40.78230374146774,12.0,30.0,898.0749951985195,19.668233762152597,32.90582743536601,19.5,30.0,0.0,18.498022959386519,30.89770644819177,10.0,30.0,1338.7770468474524,16.648625441881383,35.46867980387748,16.999999999999998,30.0,605.7206162230922,19.224929623994304,32.39697911504319,19.200000000000004,30.0,0.0,19.287031662642943,0.0,0.0,0.0,10.18107942174759,0.0,0.0,497.5517831471747,502.2596882967188,497.5839310742301,500.564116003492,543.6207635541234,833.6693502009603,518.3497514765189,600.5417068519462,739.007187956626,10479.47925701318,81.07559308857782,85.93925246839831,60.0,0.0,60.0,60.0,16.0,16.0,19.0,19.0,16.0,12.0,21.0,10.0,1.0,0.0,1861.050816040758,0.0,2482.6654905307307,0.0,898.0749951985195,0.0,1338.7770468474524,605.7206162230922,7360.576190692684,4416345.71441561,5779533.752143056,81.07559308857782,86.0218535509087,0.3473525396897561,0.765705098651092,0.3602813740196596,86.0218535509087,0.3542647819438876,5779533.752143056,0.3029657551114389 
 03/05  08:20:00,3.25,91.33333333333334,2.5933333333333339,63.33333333333333,435.5,0.0,0.0,0.0,2.0,2.0,0.0,0.0,0.0,0.0,0.0,2583.0,0.0,137.50873542784476,33.640063704531929,86.20192082049523,4.123295335640768,109.74602910513157,0.0,33.640063704531907,45.98851749724919,0.0,0.0,20.33372508102277,-1319.73425862751,19.238722887969574,699.1333857221318,20.663067530411064,-2011.8259617503593,19.483541433592906,653.040095728035,13.940521942945575,41.842727739580059,18.443540721427959,-53.832954223915688,17.32211906038718,380.91433663564836,15.71027599509053,-587.4212833707887,18.641557910851199,-121.49058962097087,1430.2453471138543,1140.0969592959589,0.0,0.0,0.0,0.0,0.0,0.0,0.0,0.0,0.0,0.0,0.0,0.0,0.0,0.0,0.0,0.0,0.0,0.0,0.0,0.0,0.0,0.0,1.7074654380944512,0.5212043461826773,417.6587548362725,495.72809022060258,15257.890450484048,0.4070003190183392,0.06211848580865983,336.45355882363335,400.89513609684368,11526.397076531503,2.224931087507193,0.4204329341472397,425.6739305945228,504.7295937361751,15731.126302538269,0.3763541262069171,0.07111755975187392,312.5437128548268,372.0154453340633,10872.124415847513,0.0,0.0,14.879461179842972,18.12022218646004,328.8097136712638,0.0,0.0,16.726565892583186,19.986441051526506,542.4793209936371,0.0,0.0,104.54630723738488,125.35124856336114,3220.1099874772319,0.0,0.0,47.75107423662019,57.67335486596718,1273.326713052166,0.0,0.0,31.763359302366525,37.91674102099001,1050.5678116690975,36.08372779970004,24.748784499108397,640.9861697848392,766.2936366064504,21885.973574425203,0.0,0.0,63.59859240002913,78.45096138396784,936.3629417052621,1853.5686068074686,21.468125115394167,25.884372191032129,21.99999999999999,29.99999999999999,0.0,20.318727156174814,27.790495611429564,15.999999999999993,29.99999999999999,2248.6446921921967,21.6017816594702,25.689724494517777,21.555555555555548,29.99999999999999,0.0,20.590342780356616,27.306907462388997,15.999999999999993,29.99999999999999,0.0,14.018250682000089,41.27560264309408,11.999999999999997,29.99999999999999,0.0,19.3565290748555,34.07538784523358,18.999999999999994,29.99999999999999,0.0,18.50247144618853,31.181456324643479,9.999999999999997,29.99999999999999,635.5445889899214,16.367655373231317,36.42661380139018,16.444444444444444,29.99999999999999,330.70519263202916,19.692664738942569,31.986129252074954,19.222222222222219,29.99999999999999,0.0,19.317340218293248,0.0,0.0,0.0,10.307645580893765,0.0,0.0,499.72562446034677,505.16696356981807,499.5572608747292,501.7937883895974,546.4383210429497,845.7995417695018,520.7572797081518,597.7584890205949,751.9516719705628,10142.110692974362,81.29870676643037,85.17008118311263,59.99999999999998,0.0,59.99999999999998,59.99999999999998,16.0,16.0,19.0,19.0,16.0,12.0,21.0,10.0,1.0,0.0,1853.5686068074686,0.0,2248.6446921921967,0.0,0.0,0.0,635.5445889899214,330.70519263202916,5858.856359690378,3515313.815814227,4599201.397593434,81.29870676643037,85.23582997278894,0.34640632310079047,0.7662166977982324,0.36028137401965945,85.23582997278894,0.3542647819438874,4599201.397593434,0.24158847267485859 
 03/05  08:30:00,3.55,91.0,2.52,69.0,472.0,0.0,0.0,0.0,2.0,2.0,0.0,0.0,0.0,0.0,0.0,861.0,0.0,162.96135501143409,37.05791624193155,94.96015035328186,4.88650429839258,130.0597608519026,0.0,37.05791624193153,50.66098103952378,0.0,0.0,20.37831741083969,-1227.9658201215003,19.30067361205336,552.8321872095886,20.70769959827549,-1739.9159046570899,19.54264319084627,505.0293179630256,13.93951144850495,38.0118700834588,18.63947526434395,-50.67132435459509,17.36909163385056,380.98626855738896,16.023495170649086,-557.4442863782307,18.590896695427899,-70.58267402670058,1372.9498137300732,996.3579171208575,0.0,0.0,0.0,0.0,0.0,0.0,0.0,0.0,0.0,0.0,0.0,0.0,0.0,0.0,0.0,0.0,0.0,0.0,0.0,0.0,0.0,0.0,1.697980516800472,0.518309071062415,434.57601289701997,515.6391400898615,15593.401643115172,0.386389591702724,0.058972770406398648,301.5172632449295,359.1108102241886,10168.788412438167,2.1916993743739336,0.4141533209323382,430.5420603084882,510.3471906680843,15571.731694790677,0.36220338411718619,0.0684435722065733,235.39712793406418,279.8994078460742,8099.213537873292,0.0,0.0,14.24095544231977,17.332568688041169,306.08200493876157,0.0,0.0,14.909248161387385,17.79414702319935,479.4900507898192,0.0,0.0,99.94609033252397,119.76157264424065,3026.973978055831,0.0,0.0,41.490233401434718,49.97953277058011,1134.4692668316275,0.0,0.0,24.400649915870916,29.156382420146679,775.0609891631966,35.532845966246089,24.370950594133125,595.6587037602344,711.821979054348,19998.66992334752,0.0,0.0,57.14395036175307,70.44315309557615,812.8833974948175,1862.5791031282238,21.551061589661637,25.86347459893033,21.999999999999994,29.99999999999999,0.0,20.345337463120378,27.87600976032632,15.999999999999993,29.99999999999999,2614.2020167258535,21.575401186994808,25.865625505571928,21.666666666666658,29.99999999999999,0.0,20.614413583865507,27.426882461086117,15.999999999999993,29.99999999999999,0.0,14.020275388297045,41.70564703850408,11.999999999999995,29.99999999999999,983.5203285787088,19.568153280456028,34.063874613816739,19.66666666666666,29.99999999999999,0.0,18.544420656176034,31.252617250686805,9.999999999999997,29.99999999999999,1089.8781998462965,17.02191196409447,35.25331946271744,16.999999999999994,29.99999999999999,914.5531100473414,19.387480083733537,33.00846773119626,19.33333333333333,29.99999999999999,0.0,19.299760174263427,0.0,0.0,0.0,10.359788320185407,0.0,0.0,501.491696534431,506.5426461386587,500.59983913004649,508.16148785253918,549.369245662459,857.2322427930867,520.1853534405866,599.7467223941777,762.1119258172898,9436.511660115833,81.76511320300922,84.37026629463853,59.99999999999998,0.0,59.99999999999998,59.99999999999998,16.0,16.0,19.0,19.0,16.0,12.0,21.0,10.0,1.0,0.0,1862.5791031282238,0.0,2614.2020167258535,0.0,983.5203285787088,0.0,1089.8781998462965,914.5531100473414,3942.0993343598904,2365259.600615935,3066110.571560441,81.76511320300922,84.41451044264913,0.3580699778119963,0.7681327704313636,0.36028137401965945,84.41451044264913,0.35426478194388735,3066110.571560441,0.16186774972114296 
 03/05  08:40:00,3.85,90.66666666666667,2.4466666666666669,80.0,458.0,0.0,0.0,0.0,2.0,2.0,0.0,0.0,0.0,0.0,0.0,1148.0,0.0,197.216391512116,38.955079244152809,99.82165011374434,5.9136420173463259,157.398526810917,0.0,38.95507924415279,53.254546696506547,0.0,0.0,20.232177987729647,-880.5588141360772,19.27345977050146,503.3138143682231,20.716062141380236,-1892.6260048983725,19.55789961798489,495.65192155895968,13.93620218064588,38.03270795846743,18.68993342196727,-56.67474193043353,17.372665419362673,349.68657499608517,16.44342763034062,-505.86211565672269,18.645406779129716,-72.66886098078217,1299.435510357398,904.7919766318178,0.0,0.0,0.0,0.0,0.0,0.0,0.0,0.0,0.0,0.0,0.0,0.0,0.0,0.0,0.0,0.0,0.0,0.0,0.0,0.0,0.0,0.0,1.6451864208716157,0.5021936571647178,356.2002651581781,423.13124898641828,12402.559114687203,0.37845394073447216,0.05776159046618928,293.664276038967,349.98917649287497,9656.358284676699,1.9853976494493529,0.37516962385664279,392.67232809527027,465.6810601094113,13951.949764879917,0.3418460386071847,0.06459675710642188,269.96062688906508,321.23552509146,9075.251558448965,0.0,0.0,14.268009160172689,17.371377638312276,297.8348954712187,0.0,0.0,15.747529688261157,18.79581453681703,498.1742020807359,0.0,0.0,87.84927377717615,105.3231335557935,2600.497945272282,0.0,0.0,34.86322719092942,41.93370530509948,969.0859251344956,0.0,0.0,28.618735726024207,34.16564985265196,905.402507803984,34.96240495511222,23.97970161530332,555.1077768799216,663.718506581663,18259.308555606887,0.0,0.0,50.369561467160739,62.116311225625789,684.6459087313149,1204.1687135351668,21.17680207520092,26.670182899664533,21.5,30.0,0.0,20.217461233515086,28.26646412494137,16.0,30.0,2402.9971290004898,21.515283870946143,26.147262419772589,21.5,30.0,0.0,20.58538270293938,27.61879674474782,16.0,30.0,0.0,14.017179066172384,41.99515122309037,12.0,30.0,0.0,19.565156890784047,34.52429970437069,19.0,30.0,0.0,18.499539735611099,31.515272296374666,10.0,30.0,1324.100749832203,17.598754801940694,34.182536474597529,20.7,30.0,0.0,19.567066547318963,33.03809322713642,19.0,30.0,0.0,19.197527756883603,0.0,0.0,0.0,10.35815852422038,0.0,0.0,502.60925367322207,507.61342938789798,502.0126560352307,504.0912543800149,550.1501717346813,868.6186982644797,519.198565999455,598.1527785931972,770.6932640501659,9074.316747422961,82.00480709157478,83.6992213009167,60.0,0.0,60.0,60.0,16.0,16.0,19.0,19.0,19.7,12.0,21.0,10.0,1.0,0.0,1204.1687135351668,0.0,2402.9971290004898,0.0,0.0,0.0,1324.100749832203,0.0,2564.362244137236,1538617.3464823415,1994338.9994622563,82.00480709157478,83.72799807926048,0.3404787414712412,0.7702924759069121,0.36028137401965956,83.72799807926048,0.3542647819438875,1994338.9994622563,0.10613562797203732 
 03/05  08:50:00,4.15,90.33333333333333,2.373333333333333,91.0,444.0,0.0,0.0,0.0,2.0,2.0,0.0,0.0,0.0,0.0,0.0,1148.0,0.0,251.0541542502168,43.1222754255499,110.4999756966556,7.52795651996361,200.36603900796377,0.0,43.12227542554988,58.951419811429698,0.0,0.0,20.432398164435378,-1523.7393772810329,19.36544165158075,765.594618926948,20.455280641665916,-1246.267172301784,19.62140555463516,481.78082065475828,13.934193050956266,33.05148319351585,18.566320906888117,-37.15865175439714,17.46328466743758,471.5611450010846,17.186378701539576,-173.69286093341976,18.610478316753267,-23.20204417696293,1300.9988967634409,480.0766600680602,0.0,0.0,0.0,0.0,0.0,0.0,0.0,0.0,0.0,0.0,0.0,0.0,0.0,0.0,0.0,0.0,0.0,0.0,0.0,0.0,0.0,0.0,1.5875350194492993,0.48459554928244788,472.4621446519586,560.5618037635146,16415.37587721304,0.38277667728366729,0.0584213487917685,335.8151359622169,400.03424443388936,10904.412668061825,2.1102156275274215,0.39875578751463006,351.2027172425426,416.7429151796445,12230.603362934418,0.3425728338370677,0.06473409558523576,241.04276809168207,286.78912284060399,8005.135690434132,0.0,0.0,14.076573852084304,17.139314727498843,285.12256481249349,0.0,0.0,14.418842599641053,17.23061026973766,437.6752065476891,0.0,0.0,80.95142939510876,96.99743290908256,2370.822587342716,0.0,0.0,12.88531689776023,15.431766766331258,381.30291779087028,0.0,0.0,14.42028833872526,17.233797224918125,439.06225664240358,34.686950120516737,23.7907751169525,588.1566794068223,702.8655396085203,19076.405728779562,0.0,0.0,26.315126612488795,32.50513595096003,319.19891330230777,1837.521571603785,21.506164989828599,26.454313051362776,22.0,30.0,0.0,20.31304924149461,28.484053134212048,16.0,30.0,1304.0314292826893,21.49136069843834,26.500781513818749,21.5,30.0,0.0,20.65494114201678,27.90096367116291,16.0,30.0,0.0,14.013409518806878,42.36463333169689,12.0,30.0,444.42097409955559,19.211305210827047,35.74312767701144,19.25,30.0,0.0,18.649959519688769,31.46747825780308,10.0,30.0,1301.6355310423365,18.835786858526807,31.846416326590004,20.7,30.0,750.9868037237064,19.288608680573778,34.35260280118095,19.25,30.0,0.0,19.336628185091,0.0,0.0,0.0,9.936256293788949,0.0,0.0,503.50071006034599,510.5415486609811,504.24388774558346,510.0644402795578,550.1386557988586,879.9906802971165,505.059516921054,599.7299732771442,802.7536142286479,9001.78042301501,82.05277167066389,82.05277167066389,60.0,0.0,60.0,60.0,16.0,16.0,19.0,19.0,19.7,12.0,21.0,10.0,1.0,0.0,1837.521571603785,0.0,1304.0314292826893,0.0,444.42097409955559,0.0,1301.6355310423365,750.9868037237064,0.0,0.0,0.0,82.05277167066389,82.05277167066389,0.34,0.7696881194657229,0.36028137401965956,82.05277167066389,0.3542647819438875,0.0,0.0024066666666666665 
 03/05  09:00:00,4.45,90.0,2.3,102.0,430.0,0.0,0.0,0.0,2.0,2.0,0.0,0.0,0.0,0.0,0.0,1435.0,0.0,312.2175528128886,47.14981373985569,120.82042942027059,9.361925414823379,249.18004965755416,0.0,47.14981373985566,64.4573700339122,0.0,0.0,20.478463631308256,-1321.155731676233,19.54224662572333,687.9236156448468,20.694066176648847,-1670.9309790345845,19.69098199671631,604.2168169328934,13.938065668461736,40.31918400757569,19.13568591719452,-82.41496331272063,17.41690367814074,172.11388719507654,17.948712591399209,-74.2742789046551,19.251302423529738,-77.49467855358808,1314.1255645734696,677.8469256792789,0.0,0.0,0.0,0.0,0.0,0.0,0.0,0.0,0.0,0.0,0.0,0.0,0.0,0.0,0.0,0.0,0.0,0.0,0.0,0.0,0.0,0.0,1.522044371912985,0.46460450913094789,421.6903722237174,500.331098020029,14465.018029847919,0.3746204799506757,0.05717650792897981,335.6133790417844,399.704460639639,10810.826536786899,1.8519289790452045,0.3499487866676503,404.1394298875277,479.46185175011439,13981.984866381732,0.34126132687091967,0.06448626736034007,300.9954893306756,358.2546482937914,9835.113799206649,0.0,0.0,15.055713283181229,18.335281655902635,295.95815417307139,0.0,0.0,17.763771531731846,21.16772113876987,558.1496684176698,0.0,0.0,86.08143275663422,103.2226957652015,2437.73187144405,0.0,0.0,17.576439142158873,20.949309473868028,554.2100227915224,0.0,0.0,27.41460697207324,32.63855269872711,875.2952656221208,34.257068932989088,23.49593205280459,628.7451538917203,751.3670689819786,20094.77022812357,0.0,0.0,33.101442815343009,40.827201433961807,401.07585314065036,1850.8136619165705,21.571813053466778,26.56117404361723,22.0,30.0,0.0,20.499264702290028,28.362290202599025,16.0,30.0,2242.910215883262,21.628076961638798,26.490968526781054,21.6,30.0,0.0,20.74250902017458,27.920522073597899,16.0,30.0,0.0,14.020663294132728,42.65725603660561,12.000000000000002,30.0,697.2030369205472,20.08666268823563,33.978786154116139,19.6,30.0,0.0,18.482731558184584,32.22326309834759,10.0,30.0,1274.7759236552184,20.06857224822788,29.33783233370125,20.7,30.0,760.7668229645311,20.328251251495926,32.55253993336781,19.400000000000003,30.0,0.0,19.52110470321046,0.0,0.0,0.0,10.19374068085745,0.0,0.0,505.1936944693032,510.5939192685491,504.6638829000235,506.6617397839822,548.4024845942668,871.8327677877642,522.2087313771165,567.175948491532,806.1871480352697,11121.247864577299,80.65084534564392,85.51754900870334,60.0,0.0,60.0,60.0,16.0,16.0,19.0,19.0,19.7,12.0,21.0,10.0,1.0,0.0,1850.8136619165705,0.0,2242.910215883262,0.0,697.2030369205472,0.0,1274.7759236552184,760.7668229645311,7363.841993157891,4418305.195894734,5753455.478225327,80.65084534564392,85.6002017932495,0.38146139977192969,0.7683067155347017,0.36028137401965956,85.6002017932495,0.35426478194388757,5753455.478225327,0.30156301820105038 
 03/05  09:10:00,4.6850000000000009,89.16666666666667,2.373333333333333,113.00000000000002,416.0,0.0,0.0,1.0,2.0,0.0,0.0,0.0,0.0,0.0,4.0,2870.0,0.0,378.47772336782279,51.04191215137103,130.79381968042348,11.348717407915956,302.06172741469717,0.0,51.041912151371,69.77816364093725,0.0,0.0,20.343668474256544,-1444.634193676281,19.626495975745919,435.28127056275886,20.627543005186277,-1212.1343946082873,19.739633572166363,487.825067900964,13.95406153107702,43.13743000597683,18.772343593223668,-123.41082182744212,16.33344944867934,-663.4551574987548,18.1185994407777,-227.66718689320329,18.34933946637672,-1077.8758094275507,1268.2208934960536,2921.2568732882989,0.0,0.0,0.0,0.0,0.0,0.0,0.0,0.0,0.0,0.0,0.0,0.0,0.0,0.0,0.0,0.0,0.0,0.0,0.0,0.0,0.0,0.0,1.5847930451237567,0.4837585607825876,345.690585164394,410.7144865138573,11558.054627129399,0.35708733873638956,0.05450050957515104,282.22137585656176,336.26396785113436,8962.272286810958,1.588519537572215,0.30017375993428116,290.8925335105892,345.3332106125271,9868.59090512487,0.3220959974934326,0.060864700962477816,282.15493112024566,335.9030659080439,9096.807557340724,0.0,0.0,14.67783280555658,17.88150930105311,282.23447424281388,0.0,0.0,18.228208663830416,21.777353116730017,544.4319011162328,0.0,0.0,314.5787481421204,380.15110036704348,7464.324369505151,0.0,0.0,39.173590898991239,46.70326632213419,1221.5551649721652,0.0,0.0,235.22439533146108,281.7440429820257,6758.7211793388319,34.0760957682822,23.371807797175728,556.51875349171,665.3740540080248,17589.61646540138,0.0,0.0,250.13615719118935,305.11846343041517,4608.441758276332,1801.6821876231323,21.335580906026693,27.5863223823932,21.999999999999998,30.0,0.0,20.506627916577597,28.892686509563779,15.999999999999999,30.0,1327.0005216972714,21.524854139217575,27.790985794492508,21.400000000000007,30.0,0.0,20.757714388143339,28.819613245668014,19.0,30.0,0.0,14.047056150182007,43.445922770691769,12.0,30.0,0.0,19.52040995456598,35.439496692412827,19.0,30.0,0.0,16.347974504848556,38.695482770132269,10.0,30.0,665.3981389140329,20.238359208733379,30.382858573926457,20.2,30.0,0.0,18.91371769161556,33.0896289199072,12.0,30.0,0.0,19.48735506558526,0.0,0.0,0.0,13.599578949249203,0.0,0.0,526.0988198703689,525.0591229495545,552.0582855654408,540.3707766391614,577.1792738851672,871.8479033081961,623.4359672555736,627.8021538248777,636.6946672937195,10143.725283543885,81.29763942653419,84.13214402747727,220.0,0.0,220.0,220.0,16.0,19.0,19.0,12.0,19.7,12.0,21.0,10.0,1.0,0.0,1801.6821876231323,0.0,1327.0005216972714,0.0,0.0,0.0,665.3981389140329,0.0,4289.602174834625,2573761.304900775,3343158.6539961847,81.29763942653419,84.18028332551077,0.3469867391611542,0.7693377880253678,0.3602813740196596,84.18028332551077,0.3542647819438876,3343158.6539961847,0.18249758334113493 
 03/05  09:20:00,4.920000000000001,88.33333333333334,2.4466666666666669,124.0,402.0,0.0,0.0,1.0,2.0,0.0,0.0,0.0,0.0,0.0,4.0,1148.0,0.0,447.66936442464347,54.80252976611223,140.43029158283876,13.423407091471589,357.28296936588176,0.0,54.8025297661122,74.9192130305878,0.0,0.0,20.321939672804253,-1454.7060600078863,19.62897499554459,437.8297983033485,20.68461233340969,-1366.3975156625104,19.739630436323887,572.3263810767578,13.966687006221499,38.273533719992787,18.940287238288194,-139.1380886962128,15.946136902020279,19.640408285695686,18.21698616954813,-334.42202686884317,17.389811964564374,-528.7736233073599,1239.2872875761723,2000.6223011388243,0.0,0.0,0.0,0.0,0.0,0.0,0.0,0.0,0.0,0.0,0.0,0.0,0.0,0.0,0.0,0.0,0.0,0.0,0.0,0.0,0.0,0.0,1.5972388095357253,0.48755763416841438,345.8626551170557,410.82797482210835,11348.627158125224,0.35788821384123628,0.05462274326026194,279.5359907434813,333.01562555620157,8687.447852395057,1.3832977281188597,0.2613941285183031,314.9025358209335,373.4708413332254,10528.485094940153,0.31862708478291348,0.06020919969442807,306.029754650546,364.01282381095418,9705.585494769686,0.0,0.0,14.155531704073578,17.235998495823794,265.90109798835507,0.0,0.0,17.551414720459375,20.948207563900838,521.5479023661374,0.0,0.0,277.3181620127595,335.5379396010656,6220.32097290638,0.0,0.0,49.10546361208549,58.49972922885368,1515.46132106068,0.0,0.0,188.33037542249543,226.70212640678,4782.799539676433,33.922476428041637,23.266444738025819,577.6275627878015,690.1283756075245,17915.281752712086,0.0,0.0,208.49085767319003,254.12838209417795,3813.8059776985867,1859.4321888025036,21.25277159039167,28.120256569395424,22.0,30.0,0.0,20.395197246938659,29.540673340598969,16.0,30.0,1708.1547005000749,21.59464665112901,28.134314332592206,21.5,30.0,0.0,20.70807940639984,29.539145247089555,19.0,30.0,0.0,14.064085277894004,44.26488340094224,12.0,30.0,899.7002738223246,19.693088504948013,35.51774224663417,19.5,30.0,0.0,15.923485244170479,39.831555344203369,10.0,30.0,1272.351077512358,20.267085822881009,31.152541492353615,20.7,30.0,0.0,17.40003945821466,36.24340651723581,12.0,30.0,0.0,19.475463249075955,0.0,0.0,0.0,13.746046274901595,0.0,0.0,540.0589356724104,539.6007297718973,569.3147207169409,564.7687015561263,605.782585951041,893.78812841075,614.1844664566102,669.9916633785043,619.7902925582206,10419.832702907803,81.11486553269893,86.62824102944149,220.0,0.0,220.0,220.0,16.0,19.0,19.0,12.0,19.7,12.0,21.0,10.0,1.0,0.0,1859.4321888025036,0.0,1708.1547005000749,0.0,899.7002738223246,0.0,1272.351077512358,0.0,8343.30464201375,5005982.785208251,6561832.465188777,81.11486553269893,86.72187644852673,0.36311015473379179,0.7637064021485143,0.36028137401965956,86.72187644852673,0.3542647819438875,6561832.465188777,0.3498930659675942 
 03/05  09:30:00,5.155,87.5,2.52,135.0,388.0,0.0,0.0,1.0,2.0,0.0,0.0,0.0,0.0,0.0,4.0,861.0,0.0,517.8420866616549,58.43552969397838,149.7397442677518,15.5275130887586,413.2871916463157,0.0,58.43552969397835,79.88579936697663,0.0,0.0,20.33538296201404,-1517.7792285559609,19.681024273706858,449.6324595448633,20.74636978580049,-1300.056272180916,19.7931958441985,437.7494637701916,13.975461933389698,35.45447500960681,18.919064358133974,-128.04119818102917,16.02324617246177,86.09058609633056,18.507221627830015,-426.6491346841209,17.00866664709004,-247.08269585592269,1174.7427702740213,1572.98555902762,0.0,0.0,0.0,0.0,0.0,0.0,0.0,0.0,0.0,0.0,0.0,0.0,0.0,0.0,0.0,0.0,0.0,0.0,0.0,0.0,0.0,0.0,1.5495597608090442,0.47300358999055056,352.4462013858031,418.57849606174985,11377.413339363564,0.3515356088590198,0.053653175955283839,284.77546173590198,339.1971007098073,8702.426196855324,1.3662611005199983,0.2581748111337865,277.56874187884929,329.08647571402039,9165.929920810442,0.30708526895422785,0.05802820652952147,271.5496865703173,322.8669309386601,8509.152106454942,0.0,0.0,13.687257937163935,16.66083537071047,250.79833439524718,0.0,0.0,17.20778976518668,20.538254683469409,499.0995938453051,0.0,0.0,227.08143419333903,274.4994838782351,5075.862216034461,0.0,0.0,55.21608321086494,65.68880694058088,1717.0306460043763,0.0,0.0,134.9923890388908,162.7553831170095,3227.632398688488,33.736919188441557,23.139176398108068,548.1901242805404,654.908015596638,16718.443505579657,0.0,0.0,155.74195683692472,190.0640722353612,2646.009293502213,1876.3913408408592,21.222480737083758,28.498478882846677,21.999999999999994,29.99999999999999,0.0,20.36855197227854,29.94287886564729,15.999999999999993,29.99999999999999,1882.6297642647949,21.648593007490616,28.55314505693206,21.666666666666658,29.99999999999999,0.0,20.726314990227129,30.06922320591498,18.999999999999994,29.99999999999999,0.0,14.073151040321072,44.644910015331898,11.999999999999995,29.99999999999999,0.0,19.554397746609543,36.29476168668325,18.999999999999994,29.99999999999999,0.0,16.125152827376245,39.47720693097836,9.999999999999997,29.99999999999999,1227.2801518520624,20.649420759739859,30.50567219362427,20.69999999999999,29.99999999999999,0.0,16.90478242995215,37.46068418854332,11.999999999999995,29.99999999999999,0.0,19.394690681478566,0.0,0.0,0.0,13.358878298617217,0.0,0.0,549.6636961370792,551.9717813891404,589.6016906752199,589.5058583576932,613.3269845345089,910.3933383658741,608.0538757825575,660.6006005577776,611.2523201321632,10178.75994387646,81.27421861404275,84.01552469181869,219.9999999999999,0.0,219.9999999999999,219.9999999999999,16.0,19.0,19.0,12.0,19.7,12.0,21.0,10.0,1.0,0.0,1876.3913408408592,0.0,1882.6297642647949,0.0,0.0,0.0,1227.2801518520624,0.0,4147.807095617939,2488684.2573707646,3222392.6225733479,81.27421861404275,84.06208116953096,0.36492690318726458,0.768927529725747,0.36028137401965945,84.06208116953096,0.35426478194388735,3222392.6225733479,0.17626663859603629 
 03/05  09:40:00,5.390000000000001,86.66666666666667,2.5933333333333334,137.66666666666667,407.1666666666667,0.0,4.0,0.0,0.0,0.0,0.0,0.0,0.0,0.0,0.0,2296.0,0.0,597.3011281067431,60.20697313498345,154.27908764802349,17.91006806170557,476.70276130500107,0.0,60.20697313498342,82.30749685237923,0.0,0.0,20.3746657810508,-1354.0310957444397,19.782920650129605,433.31401654915819,20.66360350635391,-594.47007021079,19.807029456232664,-61.95214054030993,13.990175915586207,41.001411967134,18.51579702070103,-344.3312128269009,16.557633527570198,616.6066203559863,17.865026392838325,-200.96411125106469,16.760359270222943,-589.2266295367949,974.2690318950507,1248.053503444044,0.0,0.0,0.0,0.0,0.0,0.0,0.0,0.0,0.0,0.0,0.0,0.0,0.0,0.0,0.0,0.0,0.0,0.0,0.0,0.0,0.0,0.0,1.4531651649768985,0.44357911018830867,370.41077194363489,440.20039154013485,11824.045382845661,0.34177370056929637,0.052163263212652088,292.71367336699708,348.9242733384005,8832.445153353661,1.538480597271739,0.2907181778669199,119.42661091300559,141.84386788186917,3908.632080004242,0.3004176463516259,0.056768262727064627,19.62198090337776,23.36419808273743,608.64558990205,0.0,0.0,12.913030447217487,15.732026502716395,230.85127111438787,0.0,0.0,86.22165507069788,103.33658161455198,2341.350644383986,0.0,0.0,246.24890143653028,296.69245837643288,5907.310713641778,0.0,0.0,41.19807765494025,49.26738729464796,1174.2730716670674,0.0,0.0,113.71110615493194,137.2773967653007,2566.373395928914,33.58124752884567,23.032405712514195,304.7850852306088,365.26899577937845,9170.27708170056,0.0,0.0,121.84570059443293,148.82299248338803,1950.9269476799182,1816.0065073938488,21.28416170430112,28.990514130896306,22.000000000000008,30.00000000000001,0.0,20.41576148317599,30.48138795394681,16.000000000000008,30.00000000000001,1025.8782624412186,21.37643512640037,28.66975901679483,21.250000000000008,30.00000000000001,0.0,20.623428067330666,33.48948750346045,19.000000000000008,30.00000000000001,0.0,14.091824400209984,45.12941730808009,12.000000000000004,30.00000000000001,0.0,18.79853697583704,35.21868854906983,16.000000000000008,30.00000000000001,0.0,17.20246391509296,38.024842812992599,10.000000000000004,30.00000000000001,0.0,19.425688161781154,32.857862356467098,16.000000000000008,30.00000000000001,0.0,16.56542729976457,38.90749344074761,12.000000000000004,30.00000000000001,0.0,18.82906336615579,0.0,0.0,0.0,13.018240052847947,0.0,0.0,564.8720803732385,567.7466915811714,554.4171743496863,773.2681696440451,625.3436217907802,715.8129702505673,649.5268896781796,646.1375936388538,633.3964899808365,9323.423791116056,81.84010343450173,82.70099279330528,132.00000000000007,0.0,132.00000000000007,132.00000000000007,16.0,19.0,16.0,12.0,16.0,12.0,21.0,10.0,1.0,0.0,1816.0065073938488,0.0,1025.8782624412186,0.0,0.0,0.0,0.0,0.0,1302.8674294114126,781720.4576468476,1012623.9508728582,81.84010343450173,82.7156135525743,0.3409289143137139,0.7704755606033353,0.36028137401965967,82.7156135525743,0.35426478194388769,1012623.9508728582,0.05789244544538863 
 03/05  09:50:00,5.625,85.83333333333334,2.666666666666667,140.33333333333335,426.3333333333333,0.0,4.0,0.0,0.0,0.0,0.0,0.0,0.0,0.0,0.0,1148.0,0.0,682.7989285615938,61.975763981728658,158.81163588001744,20.473692333457728,544.9378007000851,0.0,61.975763981728629,84.72556804032284,0.0,0.0,20.37555542010444,-1517.4747223867094,19.87610361860129,414.90210271709295,20.615385813602033,-404.6836248866795,19.662177796510606,-86.61727423581485,14.019244518612288,48.62908028561144,18.236785706178219,-129.95291754813833,16.845608535191876,191.10455185478168,17.00761309162568,-52.073362809396659,16.19974156936027,-691.0631931573513,993.652919904675,1523.3023403857777,0.0,0.0,0.0,0.0,0.0,0.0,0.0,0.0,0.0,0.0,0.0,0.0,0.0,0.0,0.0,0.0,0.0,0.0,0.0,0.0,0.0,0.0,1.4301168082751628,0.43654359226958569,380.61183279867069,452.15827922235686,11955.283726829644,0.333350716639968,0.05087770400487912,287.8722212290474,342.9778458500169,8573.534668684351,1.6601668413277633,0.3137125550505978,98.03877352429682,116.55057614382581,3125.7809594346724,0.30367856652258909,0.05738446079414002,21.666021464292194,25.80036951390311,648.3973242603125,0.0,0.0,11.844992312543785,14.421776099921262,207.07861006520333,0.0,0.0,63.929067975521309,76.71724393240344,1645.2488175115923,0.0,0.0,295.4492531881523,355.3684570433248,7158.999914105126,0.0,0.0,26.70792559331148,32.09402479713517,670.5328864100279,0.0,0.0,193.1822906137032,233.86972029551644,3956.9977371814795,33.46167261085844,22.9503927372143,313.9451588024363,376.0037213796269,9290.416673715603,0.0,0.0,197.40640870299138,240.40625721414794,3381.253562856361,1815.2038852862903,21.26828842076319,29.337639880923648,22.0,30.0,0.0,20.454541399638427,30.73251001708171,16.0,30.0,874.82946037758,21.384146921313286,29.072568705148954,21.25,30.0,0.0,20.3263863767444,36.972500050387399,19.0,30.0,0.0,14.133699660870028,45.50575410049201,12.0,30.0,0.0,18.336625942906197,35.300851305549198,16.0,30.0,0.0,17.578912903439567,36.87960117670011,10.0,30.0,0.0,17.957932138682958,36.00057632540239,16.0,30.0,0.0,15.67978839218724,41.58129438322347,12.0,30.0,0.0,18.878629368328306,0.0,0.0,0.0,13.88813846247361,0.0,0.0,570.8576471210652,572.1981042733949,564.3586911604177,945.4196042218223,632.2285670777758,643.0278849000688,623.8084696128854,637.6902083113366,637.9409589136833,8863.386970161353,82.14429439625232,82.14429439625232,132.0,0.0,132.0,132.0,16.0,19.0,16.0,12.0,16.0,12.0,21.0,10.0,1.0,0.0,1815.2038852862903,0.0,874.82946037758,0.0,0.0,0.0,0.0,0.0,0.0,0.0,0.0,82.14429439625232,82.14429439625232,0.34,0.7691297884378374,0.36028137401965956,82.14429439625232,0.3542647819438875,0.0,0.005199333333333333 
 03/05  10:00:00,5.86,85.0,2.74,143.0,445.5,0.0,4.0,0.0,0.0,0.0,0.0,0.0,0.0,0.0,0.0,861.0,0.0,773.4954355742049,63.74158020325596,163.33656331073275,23.19319730518123,617.3218725429308,0.0,63.74158020325592,87.1395726900731,0.0,0.0,20.36322591370107,-1511.0979462151093,19.981113260807399,386.53150858497767,20.59747521848223,-482.61429752574676,19.554295208548944,-95.45559205553278,14.055431539940649,49.42843293935857,18.130301663030364,-116.6234297889718,16.689656229109546,156.06088221114517,16.48900163208858,-18.952085317253475,15.901546350436782,-460.55506535660887,995.508683602102,1446.3455032729567,0.0,0.0,0.0,0.0,0.0,0.0,0.0,0.0,0.0,0.0,0.0,0.0,0.0,0.0,0.0,0.0,0.0,0.0,0.0,0.0,0.0,0.0,1.404597247234191,0.4287537384719757,390.8680976453931,464.2536479023769,12038.766780366526,0.327376793746619,0.04996593311151089,285.89690405914919,340.45768234008656,8404.39827523496,1.554609325180151,0.29376593446336976,115.88913832745392,137.64129159347343,3645.849056512774,0.3171206714341582,0.0599245410873315,25.337680539279448,30.17953239972677,734.5906815436846,0.0,0.0,11.525619052132902,14.02619157652579,197.13470392151005,0.0,0.0,61.376304147641338,73.67730037268128,1524.138923738154,0.0,0.0,318.83092369665266,383.8590256265916,7390.0603803074959,0.0,0.0,18.23987436289338,21.978125397520296,417.91802335774448,0.0,0.0,215.52072362642407,261.2486690482185,4166.485514087497,33.36457165373584,22.883794001190588,327.5795884112595,392.0162952183721,9544.710804087044,0.0,0.0,219.0570712126673,266.5703833772021,3754.950895990149,1809.5824705071764,21.206127537276083,29.797668905455909,22.000000000000019,30.00000000000002,0.0,20.498394812280528,30.912163114220506,16.000000000000015,30.00000000000002,944.710557811662,21.441365886455644,29.326238867881679,21.33333333333335,30.00000000000002,0.0,20.112279480375894,38.39439950672044,19.000000000000015,30.00000000000002,0.0,14.183737784762013,45.58010245025498,12.00000000000001,30.00000000000002,0.0,18.121483002073658,35.66627258015734,16.000000000000015,30.00000000000002,0.0,17.26949005050772,37.674468564687909,10.000000000000007,30.00000000000002,0.0,17.103987787339457,38.00033542893191,16.000000000000015,30.00000000000002,0.0,15.307738698953257,42.62353745575865,12.00000000000001,30.00000000000002,0.0,18.980054336711569,0.0,0.0,0.0,14.188793682208324,0.0,0.0,581.7614996787743,577.5486084193464,577.4767613189926,1003.2612358145159,628.746772661177,625.0910283078956,615.5257742558154,630.5725065936522,626.2896199682651,10489.909227393648,81.06862760292347,85.91526302866059,132.0000000000001,0.0,132.0000000000001,132.0000000000001,16.0,19.0,16.0,12.0,16.0,12.0,21.0,10.0,1.0,0.0,1809.5824705071764,0.0,944.710557811662,0.0,0.0,0.0,0.0,0.0,7334.450311911009,4400670.187146601,5731455.414874451,81.06862760292347,85.99757498791502,0.3578150103970337,0.7657143481161073,0.3602813740196598,85.99757498791502,0.3542647819438878,5731455.414874451,0.3031983482401381 
 03/05  10:10:00,6.2283333333333339,83.83333333333334,2.8550000000000006,145.66666666666667,464.6666666666667,0.0,0.0,1.0,2.0,0.0,0.0,0.0,0.0,0.0,0.0,2583.0,0.0,868.6135187813353,65.50345683224994,167.85139678779934,26.04528106212018,693.2347569483367,0.0,65.50345683224991,89.54819161815107,0.0,0.0,20.521047878737485,-1239.2034534334319,20.110523040447189,436.0836675277475,20.728714626169706,-1851.6559404800867,19.630915937071096,681.3621126806755,14.089764149917429,51.50593623595087,19.12378003270349,-120.79040877611185,16.586570026115866,111.27723019463173,17.230945224812538,-116.68704115431668,15.783578014053373,-359.9389427524563,1108.3931925524387,1349.4740381955904,0.0,0.0,0.0,0.0,0.0,0.0,0.0,0.0,0.0,0.0,0.0,0.0,0.0,0.0,0.0,0.0,0.0,0.0,0.0,0.0,0.0,0.0,1.358609894037494,0.41471608487103009,390.01902242898856,463.1359034365654,11925.511036393187,0.3256116006380742,0.04969652024390632,292.69412913319516,348.6269944626223,8431.90790724406,1.2865686741731633,0.24311577365328114,445.44409825993798,528.7620313780236,13703.216823679648,0.3354814675464666,0.06339407927937764,350.609231294944,417.89367960501877,9949.157557406024,0.0,0.0,12.500126682965013,15.2217136970429,205.43227615699775,0.0,0.0,18.28990384859196,21.870412067299286,487.8269076106433,0.0,0.0,274.28141925795839,330.7206627333878,6047.291608810052,0.0,0.0,28.51983678381719,34.20389420256887,705.8514987702073,0.0,0.0,219.13626615199986,265.9350857195365,4030.52241279161,33.399332713167499,22.90763560573903,636.9762434362216,761.2878758823729,17956.017705064416,0.0,0.0,223.42884869932375,271.9817974647837,3719.294022320134,1876.8994896976847,21.45931101520061,30.26066047051577,21.999999999999994,29.999999999999994,0.0,20.5729249428799,31.71127705129359,15.999999999999997,29.999999999999994,1857.9468032447304,21.53277724673372,30.438080855007806,21.44444444444444,29.999999999999994,0.0,20.34350432455287,32.85616869750931,15.999999999999997,29.999999999999994,0.0,14.226761243752474,45.682837422800279,11.999999999999997,29.999999999999994,1401.7261140693445,19.435571277020036,33.968195118884448,19.888888888888887,29.999999999999994,0.0,17.073047485906316,38.70292968818557,9.999999999999999,29.999999999999994,1355.15874142469,18.28754952285337,36.043968209156769,20.7,29.999999999999994,0.0,15.213887316462849,43.179508159561468,11.999999999999997,29.999999999999994,0.0,19.536600743104736,0.0,0.0,0.0,14.319013526946643,0.0,0.0,633.2684964307412,623.6311005779892,650.469447489898,664.3623810005641,624.6656550356285,698.9151448621186,622.9519603837066,673.5822559853855,621.6605034729589,10451.51400082221,81.09404167696684,85.16095514032165,59.999999999999989,0.0,59.999999999999989,59.999999999999989,16.0,16.0,19.0,12.0,19.7,12.0,21.0,10.0,1.0,0.0,1876.8994896976847,0.0,1857.9468032447304,0.0,1401.7261140693445,0.0,1355.15874142469,0.0,6154.458444671818,3692675.0668030909,4820793.2521999259,81.09404167696684,85.23002483215552,0.3562597259335051,0.7666359598979937,0.36028137401965945,85.23002483215552,0.3542647819438875,4820793.2521999259,0.2530112491143961 
 03/05  10:20:00,6.596666666666668,82.66666666666667,2.9700000000000008,148.33333333333335,483.83333333333339,0.0,0.0,1.0,2.0,0.0,0.0,0.0,0.0,0.0,0.0,1148.0,0.0,967.4720986773532,67.25992345950671,172.3523679827208,29.009521722494207,772.1328911397471,0.0,67.25992345950667,91.9494146636963,0.0,0.0,20.65639891861497,-1360.611654208667,20.32240977098297,404.08717977826429,20.73033458548661,-1412.324444534127,19.82597690350284,496.86206508298405,14.132009764270342,51.57646076463528,19.279991162036656,-133.12090106155268,16.54584969762967,141.37517458295816,18.174840111646156,-297.5035007141009,15.731014447003642,-251.83035886619863,1094.0027342558918,1333.9017175836225,0.0,0.0,0.0,0.0,0.0,0.0,0.0,0.0,0.0,0.0,0.0,0.0,0.0,0.0,0.0,0.0,0.0,0.0,0.0,0.0,0.0,0.0,1.3023637261297958,0.3975469249480452,415.69406845186009,493.23827694474758,12504.250022320426,0.3092652122469693,0.04720165022084392,281.3320136094381,334.68851162646697,8006.497141140166,1.3572563590025298,0.2564732348833202,434.79129831697596,515.975554602008,12961.19046226011,0.322849514783758,0.06100708896140551,309.9901314386772,368.8631141394916,8752.133148704726,0.0,0.0,12.585993202739078,15.315824152148228,198.7426859025468,0.0,0.0,18.517332951988487,22.108114021201147,488.9466418699555,0.0,0.0,271.87604431838437,327.7386935963102,5752.2597789256019,0.0,0.0,44.89296852893936,53.5443651444203,1207.7045534185166,0.0,0.0,223.60214409739033,271.2226999769877,3942.159947366043,33.33450224920849,22.86317026694685,617.408044439193,737.1576405453011,17152.451011209592,0.0,0.0,229.45837503181574,278.83194116176329,3809.1644209328048,1843.6260169334187,21.6503469916451,30.096484998236627,22.000000000000005,30.000000000000008,0.0,20.77348565923309,31.704090860194016,16.000000000000005,30.000000000000008,1824.990746355293,21.468626671018,30.541451834362275,21.500000000000005,30.000000000000008,0.0,20.619634037779325,32.09315474525358,16.000000000000005,30.000000000000008,0.0,14.281714971674337,45.96151207578773,12.000000000000002,30.000000000000008,0.0,19.706466836886717,35.22585481083944,19.000000000000005,30.000000000000008,0.0,16.998399380094427,39.24794990563379,10.000000000000002,30.000000000000008,1278.6825238170555,19.915454522297006,33.30748895182841,20.700000000000004,30.000000000000008,0.0,15.207391078786428,43.73830062059713,12.000000000000002,30.000000000000008,0.0,19.69738084638768,0.0,0.0,0.0,14.674011807007455,0.0,0.0,639.2513080561191,641.2645474448736,640.2054415092664,642.6675456823016,626.0848470613295,801.7280558762341,632.1262114618694,692.0870542491128,634.1920162169731,10854.360092403214,80.82762612732577,86.20441833065051,60.000000000000017,0.0,60.000000000000017,60.000000000000017,16.0,16.0,19.0,12.0,19.7,12.0,21.0,10.0,1.0,0.0,1843.6260169334187,0.0,1824.990746355293,0.0,0.0,0.0,1278.6825238170555,0.0,8136.869150429871,4882121.490257923,6403105.272810404,80.82762612732577,86.2957341119881,0.3562289716809958,0.7630856364795658,0.3602813740196596,86.2957341119881,0.35426478194388757,6403105.272810404,0.33528814085280769 
 03/05  10:30:00,6.965,81.5,3.085,151.0,503.0,0.0,0.0,1.0,2.0,0.0,0.0,0.0,0.0,0.0,0.0,861.0,0.0,1069.4979744831788,69.00910315688422,176.83466687680466,32.06873209013148,853.5588091425561,0.0,69.0091031568842,94.34067592363982,0.0,0.0,20.646271302527848,-1344.1262500169399,20.502113553825866,253.3396692989062,20.82477462960172,-1226.5564293778107,19.875294420115325,359.5206380535863,14.176197399098099,51.268877951160508,19.184008757274769,-117.54149396192514,16.544575228522129,134.968028450073,18.654830032321308,-422.2112524572153,15.757522516365342,-170.75998153174587,1042.9963576580972,1307.7868448913565,0.0,0.0,0.0,0.0,0.0,0.0,0.0,0.0,0.0,0.0,0.0,0.0,0.0,0.0,0.0,0.0,0.0,0.0,0.0,0.0,0.0,0.0,1.2560007903855195,0.38339462465980436,388.8465535456861,461.294784941592,11422.396643475155,0.2794050754564069,0.04264424228577638,237.84240723452639,282.83319214376538,6647.433426915644,1.295312320282168,0.24476801214704609,362.18583917730839,429.16992296434878,10702.521342364003,0.3040551416439792,0.05745562011413058,285.203055036975,339.25619394491619,7852.529384120366,0.0,0.0,12.353026504747444,15.025581906911022,187.11632059746015,0.0,0.0,17.865448148527855,21.341764287113518,448.99895010512236,0.0,0.0,265.60054168981579,320.0850064612203,5417.817106483475,0.0,0.0,54.91901988451467,65.34185314442367,1509.5571521775588,0.0,0.0,222.82099237906233,270.0881595220352,3809.7413546557766,33.16070862753971,22.74397025208485,532.3173564497824,635.3821291771201,14507.995597213732,0.0,0.0,229.51170666291757,278.4909950384876,3788.412597852251,1816.465813633408,21.658017128791614,30.07212991131638,21.999999999999994,29.99999999999999,0.0,20.89766837713766,31.5446273412454,15.999999999999993,29.99999999999999,2150.891908551078,21.643101105529728,30.170754875826327,21.666666666666658,29.99999999999999,0.0,20.641442930015484,32.01269971202088,15.999999999999993,29.99999999999999,0.0,14.337235025699164,46.20846960866615,11.999999999999995,29.99999999999999,0.0,19.42561805388277,37.08224758714371,18.999999999999994,29.99999999999999,0.0,16.991592015270457,39.55237460784382,9.999999999999997,29.99999999999999,1269.8035276131284,20.646916694099333,32.12978651579526,20.69999999999999,29.99999999999999,0.0,15.317759110580055,43.88512942759969,11.999999999999995,29.99999999999999,0.0,19.714577416453417,0.0,0.0,0.0,15.0060321662128,0.0,0.0,630.2382310902301,638.5089061747091,628.938385513008,635.0154959255498,631.3055424372972,861.5972920928887,638.553101435966,687.3151082085435,646.1966277460172,9426.646858908987,81.77175921874385,84.20194396222627,59.99999999999998,0.0,59.99999999999998,59.99999999999998,16.0,16.0,19.0,12.0,19.7,12.0,21.0,10.0,1.0,0.0,1816.465813633408,0.0,2150.891908551078,0.0,0.0,0.0,1269.8035276131284,0.0,3677.6188843080647,2206571.3305848396,2855282.355546728,81.77175921874385,84.24321656683029,0.34925396281026879,0.7686932963148248,0.36028137401965945,84.24321656683029,0.35426478194388735,2855282.355546728,0.15079801582176317 
 03/05  10:40:00,7.333333333333334,80.33333333333334,3.2,159.5,481.1666666666667,0.0,0.0,0.0,0.0,0.0,0.0,0.0,0.0,0.0,0.0,2301.0,0.0,1124.9076361870867,71.26923680197563,182.6261618501667,33.730165963190277,897.7806928241782,0.0,71.2692368019756,97.43044996795607,0.0,0.0,20.577612978322429,-879.855177553646,20.57091874154327,193.33105951934813,20.79028721202408,-1432.8051111870239,19.907417063035664,385.5805194276288,14.217823234016216,55.488940319890939,19.00028925817562,-358.3302009180913,16.66862796362532,296.87167445461787,18.05619910693976,-248.37346804714876,15.814557949847192,-112.91402632265889,993.5035198237255,1183.063111725789,0.0,0.0,0.0,0.0,0.0,0.0,0.0,0.0,0.0,0.0,0.0,0.0,0.0,0.0,0.0,0.0,0.0,0.0,0.0,0.0,0.0,0.0,1.2449136479522456,0.3800102710476942,300.24569882791288,356.54125785053898,8508.26424459328,0.2761310437567616,0.04214454269791847,213.96733626212578,254.57594548995389,5810.149419630496,1.1336272614945118,0.21421527994983229,375.3156532973429,445.3193843086302,10770.595166988967,0.2931613573612386,0.0553970818898788,292.7002539995353,348.49727599462417,7838.1160859401429,0.0,0.0,12.4846176428555,15.195080203541803,180.95231748614138,0.0,0.0,88.02066878031131,105.4223113486332,2076.1711082250519,0.0,0.0,334.65702321090375,403.26283228951476,6736.269351043217,0.0,0.0,46.18295771629606,55.22371968751936,1139.700881399769,0.0,0.0,219.79207721712903,266.4926771708091,3653.8304119834067,33.054743335265808,22.671291725148028,500.1380368840749,597.3377222032809,13302.48242299856,0.0,0.0,225.80364789527997,274.0748569505552,3619.2347805449628,1182.5369496857657,21.40444009329201,30.698122930881753,21.625000000000008,30.00000000000001,0.0,20.86361519521976,31.69379997839481,16.000000000000008,30.00000000000001,1836.6759293646342,21.576667477710055,30.403116513008084,21.500000000000008,30.00000000000001,0.0,20.66719969468556,32.084563899335659,16.000000000000008,30.00000000000001,0.0,14.388620808503007,46.55743756388776,12.000000000000004,30.00000000000001,0.0,19.00237336661732,36.21266646183267,16.000000000000008,30.00000000000001,0.0,17.237287784833045,39.75231509881156,10.000000000000004,30.00000000000001,0.0,19.49435182597407,34.40109907662081,16.000000000000008,30.00000000000001,0.0,15.458600541033153,44.16456946031438,12.000000000000004,30.00000000000001,0.0,19.6931762253887,0.0,0.0,0.0,15.143688039423703,0.0,0.0,621.2805033459479,628.2546791328235,617.2138301642266,622.3491940920178,643.4745709923229,724.3680396415521,671.4776703163867,670.4555908013301,665.4005261804668,7503.686579179214,81.30046484651895,82.19920194940292,60.00000000000002,0.0,60.00000000000002,60.00000000000002,16.0,16.0,16.0,12.0,16.0,12.0,21.0,10.0,1.0,0.0,1182.5369496857657,0.0,1836.6759293646342,0.0,0.0,0.0,0.0,0.0,1360.0862690092716,816051.7614055629,1056521.7852408498,81.30046484651895,82.21446548901231,0.25783620896697576,0.5589118441946275,0.27021103051474468,82.21446548901231,0.2656985864579156,1056521.7852408498,0.057259132832524189 
 03/05  10:50:00,7.701666666666667,79.16666666666666,3.315,168.0,459.33333333333339,0.0,0.0,0.0,0.0,0.0,0.0,0.0,0.0,0.0,0.0,1152.0,0.0,1173.4619524861515,73.43019577060054,188.1635202847006,35.18604488753106,936.5313902022318,0.0,73.43019577060049,100.3846447106389,0.0,0.0,20.613961124317613,-1167.4808651910926,20.70178082135532,175.37477394167773,20.730412785403496,-571.2344874788616,19.88429196242838,190.45975946648196,14.263603160234109,53.49541255488715,18.816875854570186,-227.56500832757059,16.78311459714208,197.26238021755035,17.203127090138368,-78.55995289839129,15.859862038647499,-124.14478717767043,904.9443321405493,1060.6092678844598,0.0,0.0,0.0,0.0,0.0,0.0,0.0,0.0,0.0,0.0,0.0,0.0,0.0,0.0,0.0,0.0,0.0,0.0,0.0,0.0,0.0,0.0,1.1924004327716205,0.36398059608413327,327.3526669120783,388.84123359711517,9051.019649864522,0.2525168851299624,0.03854042813338865,174.67515883121554,207.93790641524084,4650.4381108571019,1.184278475578438,0.2237865600110428,267.4802786708015,317.8608770649397,7317.603262328036,0.28476050718802978,0.0538096196500434,254.90681128095478,303.5812974263201,6596.270019619869,0.0,0.0,11.80286299460608,14.355861265330447,163.5353738017474,0.0,0.0,75.66165647461594,90.69917479452079,1676.7704416593543,0.0,0.0,327.9610536374182,394.8022056116016,6460.980887277115,0.0,0.0,30.429598839645938,36.56140235918481,640.8764621426847,0.0,0.0,216.47729442744532,262.25629132307179,3479.2442656497057,32.87039324678385,22.544851335242706,422.1002347192321,504.43037513781897,10953.779178802564,0.0,0.0,220.9649483409605,268.03411884920788,3395.797192526992,1561.8114750486209,21.53843627295313,30.53726424579449,21.75,30.0,0.0,20.963290987012944,31.57525025889581,16.0,30.0,989.4255039210971,21.35183282666246,30.89640011150577,21.25,30.0,0.0,20.577420606624338,32.346271627282089,16.0,30.0,0.0,14.445929962496104,46.924112465868088,12.0,30.0,0.0,18.65601090551894,36.37007540925153,16.0,30.0,0.0,17.397313356249229,39.34830160180044,10.0,30.0,0.0,18.03090760743573,37.74567869046612,16.0,30.0,0.0,15.558146179459385,44.172899364781468,12.0,30.0,0.0,19.5730923218002,0.0,0.0,0.0,15.189386317121006,0.0,0.0,615.778196191841,620.881983286007,612.7635075530114,618.1261195366469,655.1939257492693,668.9151600305333,657.9577153388466,666.3212836911986,667.6015005280681,9363.086918893236,81.8138662991926,83.59786561897943,60.0,0.0,60.0,60.0,16.0,16.0,16.0,12.0,16.0,12.0,21.0,10.0,1.0,0.0,1561.8114750486209,0.0,989.4255039210971,0.0,0.0,0.0,0.0,0.0,2699.801716873352,1619881.030124011,2096037.7041578552,81.8138662991926,83.6281638499007,0.3449933905624451,0.7694278844398923,0.36028137401965956,83.6281638499007,0.3542647819438875,2096037.7041578552,0.11131729394954182 
 03/05  11:00:00,8.07,78.0,3.43,176.5,437.5,0.0,0.0,0.0,0.0,0.0,0.0,0.0,0.0,0.0,0.0,1152.0,0.0,1215.3171815812303,75.49786906163458,193.4618328408663,36.44105424628659,969.9356099023635,0.0,75.49786906163453,103.21131085962434,0.0,0.0,20.699879656931569,-1484.8788979898623,20.835542613532384,237.28236071918946,20.40560139411607,-346.4137990316872,19.847653517773126,345.02978036952529,14.304720274019085,52.98682039501698,18.787204295597534,-172.99850201054483,16.835359741413489,246.72436880310625,16.747272801759885,-19.35779890005709,15.89299414715676,-108.29275262510055,963.6765008909119,962.8874802411085,0.0,0.0,0.0,0.0,0.0,0.0,0.0,0.0,0.0,0.0,0.0,0.0,0.0,0.0,0.0,0.0,0.0,0.0,0.0,0.0,0.0,0.0,1.1731718934070617,0.35811107857358417,417.06482386365527,494.8309435444974,11337.461495857902,0.254086302110396,0.03877996063955983,219.7432576601102,261.3521662730884,5729.770964905016,1.1835504654351577,0.22364899195675704,287.59782477785589,341.93773141130847,7560.522425616632,0.2974559675841828,0.05620861065460747,281.62370763667647,335.45464419553118,7051.192844378362,0.0,0.0,11.458889590269579,13.934452204816694,151.24267310917356,0.0,0.0,67.7136884114606,81.18850381533855,1437.83877230354,0.0,0.0,321.54226623562479,386.9617789232858,6148.117158222592,0.0,0.0,13.836148905007966,16.661376678717127,259.3672752419329,0.0,0.0,209.36684590047026,253.58001103272219,3238.285940497086,32.98335917385965,22.62233139496547,494.1915652436902,590.0123925468824,12527.698859650514,0.0,0.0,212.11079587927279,257.2136635025227,3139.3131986940377,1813.3666669385562,21.633834335398804,30.529606694237076,22.0,30.0,0.0,21.078526763062059,31.532126392935646,16.0,30.0,51.51800511647516,21.119051113871178,31.48388027465174,21.0,30.0,0.0,20.530292202768764,32.623007565276527,16.0,30.0,0.0,14.493936756622612,47.06995567471991,12.0,30.0,0.0,18.564280285251689,36.611013372393198,16.0,30.0,0.0,17.482552721238468,39.2585990213004,10.0,30.0,0.0,17.296815503504619,39.58798108578462,16.0,30.0,0.0,15.631305321334372,44.080480617783759,12.0,30.0,0.0,19.861557084015226,0.0,0.0,0.0,15.28238940468189,0.0,0.0,602.1266204483118,606.7648328315836,604.293349680072,606.0057267905268,653.2291541404475,650.2297838056197,638.7051258548183,659.1091858330159,650.0214419260296,9919.02308499803,81.44624452778915,84.88411328207558,60.0,0.0,60.0,60.0,16.0,16.0,16.0,12.0,16.0,12.0,21.0,10.0,1.0,0.0,1813.3666669385562,0.0,51.51800511647516,0.0,0.0,0.0,0.0,0.0,5202.867471648851,3121720.482989311,4052046.0571491525,81.44624452778915,84.94249970646439,0.34342891572162839,0.7683437306559285,0.36028137401965956,84.94249970646439,0.3542647819438875,4052046.0571491525,0.21303306163842257 
 03/05  11:10:00,8.271666666666667,77.16666666666667,3.58,185.0,415.66666666666665,0.0,0.0,0.0,0.0,0.0,0.0,0.0,0.0,0.0,0.0,1152.0,0.0,1250.669731663194,77.47814446299405,198.53618709443698,37.501083301584717,998.1501038411479,0.0,77.47814446299401,105.91849746737513,0.0,0.0,20.657339021845418,-558.1256707837315,20.93377454386612,119.20809641168407,20.93421548781697,-2037.200823375034,19.99194197332944,660.4327024611926,14.344546333296997,51.92482812480145,18.80413455353685,-162.4601799895047,16.867966384566267,203.71030659131976,16.416786118774487,-35.57087450424905,15.936510493258878,-70.43035918473447,989.5072109954344,898.7974718237731,0.0,0.0,0.0,0.0,0.0,0.0,0.0,0.0,0.0,0.0,0.0,0.0,0.0,0.0,0.0,0.0,0.0,0.0,0.0,0.0,0.0,0.0,1.2052015167723594,0.36788813088289359,315.8722633103194,375.0066373985152,8372.481900055525,0.26339249647020249,0.04020031997408463,170.7142090334461,203.04576840888,4399.34613477531,0.9969040620565431,0.1883794523916371,501.28612559429697,594.2530064388163,13664.959190531055,0.30438554190007996,0.057518054024958398,362.6878841425844,431.62932457679889,9109.18989091453,0.0,0.0,11.179962832379717,13.593163679877606,143.9533208397632,0.0,0.0,66.22090766360117,79.40788996052672,1376.6438763413167,0.0,0.0,314.6106715394947,378.59354853477796,5901.316297545363,0.0,0.0,14.324043912734315,17.279052162150426,248.36685610652544,0.0,0.0,199.59965971297317,241.67702562411288,3040.3437671493818,33.34402839389867,22.869703973867407,571.9034967625662,682.5669168418712,14172.802850476179,0.0,0.0,210.3161843010501,254.9014020942118,3090.143139340208,790.2469678701308,21.46750340004941,30.952075621050875,21.5,30.0,0.0,21.112026490524849,31.587236367668756,16.0,30.0,3016.1224088207256,21.914847308083695,30.160237781509534,22.0,30.0,0.0,20.79559206179484,32.24992389279669,16.0,30.0,0.0,14.53871004760056,47.15823562924778,12.0,30.0,0.0,18.544411568385266,36.76613890306153,16.0,30.0,0.0,17.505126089389589,39.3289205654672,10.0,30.0,0.0,16.788096407173034,40.9670296467426,16.0,30.0,0.0,15.719767574429028,43.97867485461495,12.0,30.0,0.0,19.93043109382362,0.0,0.0,0.0,15.434545007334869,0.0,0.0,596.4994698424558,599.577817262781,590.998527929115,595.6645085182929,644.5995894181045,633.8392986119793,624.7294213420316,647.8510149510801,632.4278205956414,10202.71017246306,81.25865002610357,84.67519850408252,60.0,0.0,60.0,60.0,16.0,16.0,16.0,12.0,16.0,12.0,21.0,10.0,1.0,0.0,790.2469678701308,0.0,3016.1224088207256,0.0,0.0,0.0,0.0,0.0,5170.634304720059,3102380.582832035,4019707.0580040605,81.25865002610357,84.73322283940115,0.342354476824002,0.766808326557097,0.36028137401965956,84.73322283940115,0.3542647819438875,4019707.0580040605,0.21135476701621118 
 03/05  11:20:00,8.473333333333333,76.33333333333334,3.7300000000000006,193.5,393.8333333333333,0.0,0.0,0.0,0.0,0.0,0.0,0.0,0.0,0.0,0.0,1152.0,0.0,1229.8653278750722,78.13282630076935,200.21377674666244,36.877274831687817,981.5463467277946,0.0,78.13282630076931,106.81349717415644,0.0,0.0,20.656512867608094,-806.3304324805032,20.974894679513743,65.42019133751671,20.906688551584254,-1723.837482908913,20.016999100254826,281.9047414086416,14.378662276315385,50.860659807468909,18.822616109461099,-170.27616007536325,16.87239243125868,227.37095055149485,16.159416106570747,-35.71239231843265,15.984259847029853,-58.54803592068288,766.5498651237124,807.4091084444749,0.0,0.0,0.0,0.0,0.0,0.0,0.0,0.0,0.0,0.0,0.0,0.0,0.0,0.0,0.0,0.0,0.0,0.0,0.0,0.0,0.0,0.0,1.1682974771699422,0.3566231615292864,289.2465275981741,342.88939059733368,7661.209500356592,0.23958297606091773,0.03656638828768585,121.15391970601783,143.77018082397459,3073.390674017459,1.055130522335084,0.1993821848705753,321.2916019201362,380.87037473869875,8456.166283873514,0.26226468512688597,0.0495587084517925,222.99723766910143,265.1014525768305,5493.655038154643,0.0,0.0,11.121706051551817,13.520173761918342,139.4611342861746,0.0,0.0,67.31938849463552,80.72616952879277,1372.2836187750823,0.0,0.0,309.4686485543857,372.40712236081728,5674.590701255745,0.0,0.0,20.63308345567659,24.92260033831628,333.9291184749983,0.0,0.0,185.5899534605594,224.64230081438826,2782.51888318514,33.394286633826478,22.904174645971528,382.6114645295381,456.21896646417869,9465.87091049728,0.0,0.0,203.71664928363965,246.8133772664101,2949.93515681019,1487.5253928445409,21.596307574418046,30.828992182957145,21.75,30.0,0.0,21.0873748279362,31.703112327649099,16.0,30.0,2173.830876339134,21.69659345043054,30.925636023482768,21.5,30.0,0.0,20.72346495308693,32.68341810683566,16.0,30.0,0.0,14.576431687630747,47.231920476248877,12.0,30.0,0.0,18.5457788389263,36.87809853040886,16.0,30.0,0.0,17.49782806761836,39.46966009764383,10.0,30.0,0.0,16.40946772284064,42.09418757266032,16.0,30.0,0.0,15.805665321436699,43.86860866702853,12.0,30.0,0.0,19.147120396760159,0.0,0.0,0.0,15.533770027171796,0.0,0.0,588.0584999585879,595.5440163005562,563.6394945526506,573.9607505649333,634.1939970704982,620.9130285105755,613.6575858551676,633.1410888006765,620.3977780467113,9306.477473530518,81.85127149521409,83.66851927324956,60.0,0.0,60.0,60.0,16.0,16.0,16.0,12.0,16.0,12.0,21.0,10.0,1.0,0.0,1487.5253928445409,0.0,2173.830876339134,0.0,0.0,0.0,0.0,0.0,2750.064878016569,1650038.9268099415,2142492.2346851935,81.85127149521409,83.6993821733692,0.346668829267219,0.7689874294770347,0.36028137401965956,83.6993821733692,0.3542647819438875,2142492.2346851935,0.11373292953696339 
 03/05  11:30:00,8.675,75.5,3.88,202.0,372.0,0.0,0.0,0.0,0.0,0.0,0.0,0.0,0.0,0.0,0.0,1154.0,0.0,1252.7044508119917,79.9711268310843,204.9243175434452,37.562093775965227,999.7739959824021,0.0,79.97112683108426,109.32659336939945,0.0,0.0,20.61086094086201,-587.9953503652612,21.02334356796185,-22.08664369866034,20.98296286433764,-1354.130062870539,19.99992690854951,320.4701166086563,14.41549681556032,53.08635118797977,18.869226524228698,-154.09595840582973,16.919440464808845,216.16126983573805,15.972370409737465,-20.037305579186154,16.045441378472178,-6.65186552290902,875.4240039639219,786.0710545519467,0.0,0.0,0.0,0.0,0.0,0.0,0.0,0.0,0.0,0.0,0.0,0.0,0.0,0.0,0.0,0.0,0.0,0.0,0.0,0.0,0.0,0.0,1.126311177525237,0.34380683074640935,287.31112924904189,341.28110214283216,7319.2163164196049,0.22650024044059553,0.03456963376687966,131.80612679929465,156.5209159737222,3279.014448107538,1.0561024975629055,0.19956585365890135,358.91391639425106,425.7171818582832,9299.30201648741,0.2693549127691678,0.05089850959356912,230.1322408478963,273.62733341233357,5559.7387200402849,0.0,0.0,11.042964681827949,13.422691388864978,134.8142471443653,0.0,0.0,64.84216340512939,77.73573609780184,1300.4781133996044,0.0,0.0,311.3728435415414,374.66574085722638,5610.304447487097,0.0,0.0,25.300250653344066,30.592209249517624,386.3513222082477,0.0,0.0,183.81809544177004,222.44598855339556,2719.2771223890265,33.79589115499539,23.17962356309698,422.7251342507255,504.49005463685605,10191.838769811224,0.0,0.0,208.02828212239988,251.8885178579904,3014.062560523895,934.2629423782139,21.395606012795768,31.460137245058275,21.5,30.0,0.0,21.071910016589656,32.024753744051348,16.0,30.0,1815.6253439890689,21.69266297697736,31.054119493447904,21.5,30.0,0.0,20.663659656465286,32.92859404196863,16.0,30.0,0.0,14.61687453446451,47.29976701590816,12.0,30.0,0.0,18.58518893373099,36.94269805034364,16.0,30.0,0.0,17.5438149431057,39.56581178717814,10.0,30.0,0.0,16.150381516867645,42.97652003675919,16.0,30.0,0.0,15.913420037794847,43.755128595519128,12.0,30.0,0.0,19.66531514959815,0.0,0.0,0.0,15.74294304832369,0.0,0.0,568.2684837122993,572.6717412064509,554.4887266446397,565.5148577622476,622.5527122860987,607.3701657025085,598.0332433176329,616.8322895991227,606.6573485109555,6454.478995320527,81.64679613671108,81.64679613671108,60.0,0.0,60.0,60.0,16.0,16.0,16.0,12.0,16.0,12.0,21.0,10.0,1.0,0.0,934.2629423782139,0.0,1815.6253439890689,0.0,0.0,0.0,0.0,0.0,0.0,0.0,0.0,81.64679613671108,81.64679613671108,0.255,0.540746611107584,0.27021103051474468,81.64679613671108,0.2656985864579156,0.0,0.0023166666666666667 
 03/05  11:40:00,8.876666666666666,74.66666666666667,4.03,209.66666666666667,328.1666666666667,0.0,0.0,0.0,0.0,0.0,0.0,0.0,0.0,0.0,0.0,1156.0,0.0,1221.4037192618935,80.74964217322136,206.9191274113174,36.62354436737979,974.7930828257345,0.0,80.74964217322132,110.39088286504995,0.0,0.0,20.55687579366362,-1337.7807690221376,21.121958302908923,154.0125998794863,20.650569451538403,-213.12070637101943,19.99940888497097,189.89840814813568,14.451768486056235,56.980285114422958,18.90708073877306,-135.9332077314872,17.019581377138939,258.43390624167116,16.156558345850585,-26.99403779026227,16.112190034518635,11.589653425562347,922.5921522019276,782.2114546154155,0.0,0.0,0.0,0.0,0.0,0.0,0.0,0.0,0.0,0.0,0.0,0.0,0.0,0.0,0.0,0.0,0.0,0.0,0.0,0.0,0.0,0.0,1.08383361046106,0.33084054043377905,421.4052787870428,500.25260746212748,10690.893199626145,0.2238252987240596,0.03416137037912998,186.4441327041669,221.60094732955279,4607.830559539268,1.1744785978404376,0.22193473126236547,289.02014561708139,343.4400835430602,7194.870493179327,0.2804974292746202,0.05300404937162134,217.7008222597031,259.02645077691968,5144.290671493783,0.0,0.0,11.283275512046709,13.71350480167811,134.04799061992163,0.0,0.0,62.615279345711858,75.0615611189178,1236.020864932846,0.0,0.0,316.2448560099647,380.30964353973817,5674.047072987467,0.0,0.0,27.6544534947042,33.41602057777924,424.4579774115077,0.0,0.0,186.73773093653365,225.8793762332058,2725.4577961015454,34.271209959730978,23.505630973752397,454.38639517194425,542.3827818878586,10843.525398192005,0.0,0.0,212.80427015671163,257.4938932812725,3075.3902617854339,1453.764058472928,21.53593894043949,31.33986506745117,21.75,30.0,0.0,21.208988756934155,31.91650541627036,16.0,30.0,0.0,21.270513659029687,31.894032038882679,21.0,30.0,0.0,20.62388180615107,33.12593479331899,16.0,30.0,0.0,14.65924183941827,47.388947232290679,12.0,30.0,0.0,18.631921075300548,37.02275330141214,16.0,30.0,0.0,17.713623787043006,39.34348036442163,10.0,30.0,482.9647290407082,16.441555936406944,42.4232623373424,16.5,30.0,0.0,16.019190919582735,43.68375615871244,12.0,30.0,0.0,19.903848607588168,0.0,0.0,0.0,15.933177317542244,0.0,0.0,556.9702484051898,560.7227232783444,553.2501644300978,557.4882107206463,609.2948412922908,592.7258647144872,583.9976320587625,600.3752874269727,592.0227451284131,8907.62759409597,82.11502489285873,83.81175820742371,60.0,0.0,60.0,60.0,16.0,16.0,16.0,12.0,16.0,12.0,21.0,10.0,1.0,0.0,1453.764058472928,0.0,0.0,0.0,0.0,0.0,482.9647290407082,0.0,2567.8685850576387,1540721.151034583,1997060.2631248499,82.11502489285873,83.84057437187308,0.3405956195019213,0.7684856478924198,0.36028137401965956,83.84057437187308,0.3542647819438875,1997060.2631248499,0.10615713368249218 
 03/05  11:50:00,9.078333333333334,73.83333333333333,4.18,217.33333333333332,284.33333333333339,0.0,0.0,0.0,0.0,0.0,0.0,0.0,0.0,0.0,0.0,1156.0,0.0,1181.124292534596,81.45536870517066,208.72741472746785,35.415772732238988,942.6463641545247,0.0,81.45536870517062,111.35566453870804,0.0,0.0,20.70915013586411,-1183.5746361535362,21.167826771591224,48.165870217325849,20.864754137966359,-1155.4278709797755,19.9935826437969,481.40667909691049,14.484176824210693,55.51521772232911,18.93817033858012,-145.4940008520437,17.06822286450204,253.5740556232481,16.28283903751807,-24.561527361378297,16.170950185736815,9.859709561979571,913.8794748969995,695.469206995024,0.0,0.0,0.0,0.0,0.0,0.0,0.0,0.0,0.0,0.0,0.0,0.0,0.0,0.0,0.0,0.0,0.0,0.0,0.0,0.0,0.0,0.0,1.039148951603119,0.3172005346773868,401.120032805619,476.49355442339336,9933.93557897176,0.22785434770839575,0.0347763045952985,264.25964799359539,314.00349343477157,6435.745693815656,1.0133267385415557,0.1914827548264467,362.1708452252468,429.53002257705875,9125.961482646839,0.2918649636868099,0.0551521095402135,325.05941926225196,386.8354256704169,7555.598704332404,0.0,0.0,11.16649431285467,13.569632465055447,128.83650220370755,0.0,0.0,64.03692306606229,76.7584954462447,1243.0439636638067,0.0,0.0,302.956954654231,364.2352278448271,5349.059948518581,0.0,0.0,18.856743337793757,22.751865023037135,291.74524827375856,0.0,0.0,183.4606149091291,221.848033300418,2633.661987206716,34.46726938221371,23.640102456936707,578.391277395567,690.1840592316562,13334.82113943733,0.0,0.0,199.73849296830546,241.59605793525913,2838.0327240994727,1821.5524289871297,21.575010320911887,31.377526721073229,22.0,30.0,0.0,21.223223036986846,31.979883639745393,16.0,30.0,1738.4161113370847,21.59066842243478,31.371531127208735,21.5,30.0,0.0,20.62221412958757,33.278266762020148,16.0,30.0,0.0,14.693882850721288,47.49842957741089,12.0,30.0,0.0,18.67237285735598,37.093859965342108,16.0,30.0,0.0,17.775403459203394,39.34921867366706,10.0,30.0,0.0,16.6845395663093,41.92130740149157,16.0,30.0,0.0,16.104989776885046,43.64311582435732,12.0,30.0,0.0,19.885665090046456,0.0,0.0,0.0,16.014233100775557,0.0,0.0,549.7266768341085,554.5981383616078,547.2010314348694,547.432642907743,596.5473685217497,580.5781882200976,573.4423024862879,589.2003641745675,579.6897500971583,9105.482962269154,81.98418273283909,83.69002079667406,60.0,0.0,60.0,60.0,16.0,16.0,16.0,12.0,16.0,12.0,21.0,10.0,1.0,0.0,1821.5524289871297,0.0,1738.4161113370847,0.0,0.0,0.0,0.0,0.0,2581.6342247220998,1548980.5348332597,2011981.4685370404,81.98418273283909,83.71899158999172,0.34105447415740339,0.7679265050068708,0.36028137401965956,83.71899158999172,0.3542647819438875,2011981.4685370404,0.10692970303059278 
 03/05  12:00:00,9.28,73.0,4.33,225.0,240.5,0.0,0.0,0.0,0.0,0.0,0.0,0.0,0.0,0.0,0.0,867.0,0.0,1073.17115393735,81.3601952534838,208.48343662626503,32.17883985131441,856.4899998368649,0.0,81.36019525348375,111.22555521470027,0.0,0.0,20.770683122648458,-1013.6087518142506,21.186243774094554,28.0875101135768,20.903018951813175,-1194.3758286635624,20.113500804971033,324.13123442999486,14.509384271195407,56.15575946810671,18.940339028644944,-135.21467433628576,17.10019297034632,217.4169497604897,16.031519692700959,-8.94559212564556,16.223617662162476,21.440245922244704,875.9095183666311,680.0010720591243,0.0,0.0,0.0,0.0,0.0,0.0,0.0,0.0,0.0,0.0,0.0,0.0,0.0,0.0,0.0,0.0,0.0,0.0,0.0,0.0,0.0,0.0,1.0333244365098982,0.3154225996672464,300.93839983995488,356.84700502119088,7495.535133148844,0.21066308358781828,0.03215248528507608,148.48130733472659,176.3184981073412,3564.743728659037,1.0208546918114128,0.19290527056149166,356.4045675609634,422.47343807039797,8847.74974743237,0.27198475751627995,0.05139545682469389,248.16980658951895,295.0977947724418,5758.517292216963,0.0,0.0,11.03386748433968,13.403043763735854,123.36148275263963,0.0,0.0,62.2545116520782,74.58708003788789,1187.0723002495864,0.0,0.0,306.1318492069734,367.93535557744198,5286.543772525223,0.0,0.0,24.322660452703187,29.37843633165594,348.9282169446809,0.0,0.0,181.58022902570648,219.46061732024067,2559.616985335884,34.738292351088137,23.825989266864317,450.8509281638812,537.8800200025694,10337.007112200827,0.0,0.0,204.77384689202024,247.49727888281186,2885.622576654849,1416.4970960029578,21.70598105073131,31.180701252388717,22.000000000000019,30.00000000000002,0.0,21.253253924157375,32.00176662980935,16.000000000000015,30.00000000000002,1953.45172440907,21.61256739296651,31.419511649725299,21.666666666666687,30.00000000000002,0.0,20.774093737648408,32.957970749418787,16.000000000000015,30.00000000000002,0.0,14.721012993010657,47.59268849530041,12.00000000000001,30.00000000000002,0.0,18.703649481971039,37.11759651387458,16.000000000000015,30.00000000000002,0.0,17.785575424761296,39.40495206189956,10.000000000000007,30.00000000000002,0.0,16.311571025858325,43.07448803137926,16.000000000000015,30.00000000000002,0.0,16.18120035273111,43.518292190131088,12.00000000000001,30.00000000000002,0.0,19.831254793165259,0.0,0.0,0.0,16.164743639738373,0.0,0.0,544.9112870699121,548.8220448907719,541.5978165706756,548.7362856016582,586.2899154849141,573.7914020067668,568.3024323771897,579.8557506277332,574.5294817005281,8027.8835956970419,82.69645659162915,85.0819485737936,60.00000000000004,0.0,60.00000000000004,60.00000000000004,16.0,16.0,16.0,12.0,16.0,12.0,21.0,10.0,1.0,0.0,1416.4970960029578,0.0,1953.45172440907,0.0,0.0,0.0,0.0,0.0,3610.055256782969,2166033.1540697796,2817280.3889209979,82.69645659162915,85.12246214694065,0.3470018418927658,0.768693832350785,0.3602813740196598,85.12246214694065,0.3542647819438878,2817280.3889209979,0.14880191355722523 
 03/05  12:10:00,9.385,72.5,4.405,232.66666666666667,196.66666666666664,0.0,0.0,0.0,0.0,0.0,0.0,0.0,0.0,0.0,0.0,1156.0,0.0,1015.2790784561387,81.83545642874478,209.7011619818109,30.442961125694816,810.2868096717959,0.0,81.83545642874474,111.87527327309113,0.0,0.0,20.69508245699426,-633.3538132866686,21.141276825106887,-67.58597720350486,20.95442617470389,-1284.7065758124555,20.138471027048497,313.60479569018187,14.531883077735657,55.65956621971898,18.936663744878954,-139.62954643963634,17.102900602105309,222.13868808745429,15.889440371685297,7.321570256236527,16.278106179309977,31.64571196930865,851.3373282337648,625.1746869621866,0.0,0.0,0.0,0.0,0.0,0.0,0.0,0.0,0.0,0.0,0.0,0.0,0.0,0.0,0.0,0.0,0.0,0.0,0.0,0.0,0.0,0.0,1.0283213936261573,0.3138954192998038,259.17254758305918,307.7117880436362,6278.603778133613,0.2113130778762306,0.03225169076255046,171.39293684638495,203.6217469110125,4048.2542547032255,0.9674068417427686,0.18280552565056105,318.8411915203842,378.25305686564618,7812.509237473883,0.25487782044792359,0.04816285344820927,265.9348145866185,316.4077465010213,6095.125332154377,0.0,0.0,10.948167021444755,13.302973241768152,120.48029056590565,0.0,0.0,63.06415317542417,75.5811922124474,1190.4053597238404,0.0,0.0,300.5659561238358,361.41727232087029,5114.527451112253,0.0,0.0,28.521897421548937,34.490262929007148,391.39128282252917,0.0,0.0,171.84345005893378,207.72216071666336,2411.83493301163,34.82882802276971,23.88808506362807,429.30533883901139,512.3265758377581,9803.547004714135,0.0,0.0,198.76036862117148,240.2760948468279,2784.7168935607785,959.5120602799278,21.440470352163467,31.751318686768387,21.5,30.0,0.0,21.15981765655397,32.26202755828635,16.0,30.0,1692.7518432001376,21.6124275660623,31.496505424246764,21.5,30.0,0.0,20.781922685635587,33.05376001332501,16.0,30.0,0.0,14.740433522899388,47.67174947450174,12.0,30.0,0.0,18.71377394035798,37.18178780269585,16.0,30.0,0.0,17.764617477890604,39.53937397602633,10.0,30.0,0.0,16.102066406939494,43.77865371774823,16.0,30.0,0.0,16.257934133894197,43.410750491898188,12.0,30.0,0.0,19.790116519239008,0.0,0.0,0.0,16.230665290105898,0.0,0.0,541.5907001580101,543.7444912434758,535.804114420721,541.2506406030266,578.6204322585803,567.9682320338475,563.2847040456403,572.4857755835349,568.5436035357691,9180.696715820433,81.93422404115289,85.61234038783099,60.0,0.0,60.0,60.0,16.0,16.0,16.0,12.0,16.0,12.0,21.0,10.0,1.0,0.0,959.5120602799278,0.0,1692.7518432001376,0.0,0.0,0.0,0.0,0.0,5566.061789898461,3339637.0739390768,4363425.76364995,81.93422404115289,85.67480701390588,0.3555353929966154,0.7666555884484687,0.36028137401965956,85.67480701390588,0.3542647819438875,4363425.76364995,0.2291981397097974 
 03/05  12:20:00,9.49,72.0,4.48,240.33333333333335,152.83333333333332,0.0,0.0,0.0,0.0,0.0,0.0,0.0,0.0,0.0,0.0,1156.0,0.0,950.6778688273957,82.24004361597757,210.73778711081787,28.50591223632624,758.729130597297,0.0,82.24004361597754,112.42837463171643,0.0,0.0,20.655646904683125,-1401.2641358287329,21.175011190818908,161.9722710893268,20.69206642237386,-182.18746515043314,20.10917465201377,172.597581860974,14.556805538658722,61.26633397432903,18.926952784837469,-114.12546434287299,17.193569438346544,269.2888327756955,16.12014520972119,-1.87816603434365,16.335726572150628,55.85853975273585,895.1039027827146,646.3040692671234,0.0,0.0,0.0,0.0,0.0,0.0,0.0,0.0,0.0,0.0,0.0,0.0,0.0,0.0,0.0,0.0,0.0,0.0,0.0,0.0,0.0,0.0,1.0162298684182559,0.31020447753915017,428.53674301527266,508.62090163937628,10406.256755730312,0.21194000614956913,0.03234737578595377,192.7315672633008,229.0426328793474,4545.054563214035,1.1189904284201027,0.2114494384769658,277.7147002485929,329.9998288009089,6605.177930773308,0.26888626584265037,0.05080995197328992,213.91146658929658,254.49497480225603,4817.923535675371,0.0,0.0,11.31390958194094,13.74719651805907,122.65869621368666,0.0,0.0,59.29267553579426,71.06449798825084,1108.0370838165246,0.0,0.0,305.78465275855418,367.51777551725328,5230.513931214488,0.0,0.0,31.19976228650227,37.70470219173644,440.2105167883659,0.0,0.0,176.97310041516219,213.8570759614678,2475.3651467635197,35.082219980513219,24.061879273328697,458.55972647146117,547.2649121934063,10433.518061370987,0.0,0.0,205.3833091346494,248.1540454114189,2898.104830264195,1486.416259877237,21.60672584375444,31.563312844678678,21.75,30.0,0.0,21.25760107959738,32.18380467070358,16.0,30.0,0.0,21.31160665806785,32.15002717713118,21.0,30.0,0.0,20.688381046798598,33.35672982544464,16.0,30.0,0.0,14.765901261942944,47.7592731926361,12.0,30.0,0.0,18.72514547131715,37.29854716016415,16.0,30.0,0.0,17.918170039030355,39.33921739566407,10.0,30.0,490.7578952540012,16.447802410654686,43.01171773024471,16.5,30.0,0.0,16.340336136953469,43.36416126714863,12.0,30.0,0.0,19.99956609914281,0.0,0.0,0.0,16.388766158590184,0.0,0.0,532.2216529722807,535.9413550472796,531.05198256825,534.0575935592275,569.8485454189502,558.7273054465551,552.3755815915737,562.756336302954,558.4483797202319,8732.14594314856,82.23105302036488,83.9349097101218,60.0,0.0,60.0,60.0,16.0,16.0,16.0,12.0,16.0,12.0,21.0,10.0,1.0,0.0,1486.416259877237,0.0,0.0,0.0,0.0,0.0,490.7578952540012,0.0,2578.6385566459646,1547183.1339875786,2007736.6888307438,82.23105302036488,83.9638468531299,0.34095461855486555,0.7687726428412804,0.36028137401965956,83.9638468531299,0.3542647819438875,2007736.6888307438,0.10670564115253199 
 03/05  12:30:00,9.594999999999999,71.5,4.555,248.0,109.0,0.0,0.0,0.0,0.0,0.0,0.0,0.0,0.0,0.0,0.0,1156.0,0.0,818.4632025795895,82.23865888086005,210.73413100228556,24.541509297006614,653.2099000833368,0.0,82.23865888086,112.4264815938274,0.0,0.0,20.710325310659518,-1129.4115534595299,21.136256913047548,-19.33043036540448,20.86602607580735,-813.681289976385,20.04296425839688,327.6973800755163,14.574491215274748,58.58651401698168,18.88826820501952,-115.94336810694768,17.22623632811286,229.44332677398053,16.260022714221173,-10.873644134981447,16.38834470117017,49.000779729710988,845.6824758924727,581.593306001058,0.0,0.0,0.0,0.0,0.0,0.0,0.0,0.0,0.0,0.0,0.0,0.0,0.0,0.0,0.0,0.0,0.0,0.0,0.0,0.0,0.0,0.0,0.9664375504372622,0.2950053572763316,405.4955943709723,481.87729241396968,9585.519661943357,0.19938861527835587,0.0304317178385769,222.89341823853594,264.9839889440199,5198.1754280218669,1.0033363784502745,0.18959493167994613,325.4373545906686,385.95193255528548,7852.689592790741,0.26984070811637847,0.050990307656156159,284.8830235600968,339.1518171413936,6291.584066614243,0.0,0.0,10.99220267166368,13.356202847099173,117.166858443398,0.0,0.0,59.31675776575826,71.10263475174784,1095.1770113616495,0.0,0.0,291.15410497379147,349.8980059233324,4935.8372515256619,0.0,0.0,21.916339172287743,26.449494626579637,316.56240461869256,0.0,0.0,172.7365239709441,208.69294634793429,2402.5738389297159,35.00366095429865,24.007997911041607,495.1979591636393,591.2410382813994,10910.06805302334,0.0,0.0,193.0473353156966,233.2016485868187,2701.0388164128946,1773.7700713525765,21.5153860292996,31.829753175603775,22.0,30.0,0.0,21.212949073438318,32.36791872802713,16.0,30.0,1696.729390659366,21.52575937637873,31.784902715703269,21.5,30.0,0.0,20.565463754778177,33.68225532158178,16.0,30.0,0.0,14.781697084953418,47.884249842948189,12.0,30.0,0.0,18.718459145253055,37.45449836702191,16.0,30.0,0.0,17.948245597028408,39.40751328721868,10.0,30.0,0.0,16.688210528741533,42.48483896613236,16.0,30.0,0.0,16.407902810907076,43.349419542187209,12.0,30.0,0.0,19.817542835448454,0.0,0.0,0.0,16.43233644727224,0.0,0.0,526.3045160480463,529.4984266920022,528.2697394366828,529.5559045029179,560.9775899829881,549.8917760161305,543.9998771103514,554.7894692250001,549.1330679477958,8927.721752762609,82.10177277885839,82.10177277885839,60.0,0.0,60.0,60.0,16.0,16.0,16.0,12.0,16.0,12.0,21.0,10.0,1.0,0.0,1773.7700713525765,0.0,1696.729390659366,0.0,0.0,0.0,0.0,0.0,0.0,0.0,0.0,82.10177277885839,82.10177277885839,0.34,0.7699043386867639,0.36028137401965956,82.10177277885839,0.3542647819438875,0.0,0.0023066666666666667 
 03/05  12:40:00,9.7,71.0,4.63,242.66666666666669,131.16666666666667,0.0,0.0,0.0,0.0,0.0,0.0,0.0,0.0,0.0,0.0,1158.0,0.0,937.1665081223921,81.98265684671418,210.07818168066437,28.100771492966858,747.9457577939074,0.0,81.98265684671414,112.07650740441876,0.0,0.0,20.645681132448904,-773.6466326232214,21.117584639110217,-52.52100729958386,20.819116091336185,-498.2853141471851,20.08633324883143,149.17694257385166,14.605793852703048,58.340151985641117,18.92811612158247,-111.30417982554633,17.21666103802624,224.04660386987508,16.036713208880238,10.658598523010653,16.439574089961938,59.66752501642941,816.6579835481516,561.6651736556603,0.0,0.0,0.0,0.0,0.0,0.0,0.0,0.0,0.0,0.0,0.0,0.0,0.0,0.0,0.0,0.0,0.0,0.0,0.0,0.0,0.0,0.0,0.9878802449185113,0.30155074631212189,326.4414449515964,387.92905468496579,7543.018646308425,0.18780326755174304,0.02866350237358716,124.16788789137411,147.51504728172129,2840.4032888011536,1.0076993828964987,0.19041938452314795,294.7572964498554,350.3006843861151,6898.858808146018,0.23927361345431467,0.04521421267088333,197.7112764047681,235.34841152920246,4340.913412560372,0.0,0.0,10.827847866411077,13.15573157817347,113.62832134768645,0.0,0.0,58.38790398560648,69.97670006509986,1067.5863467357904,0.0,0.0,290.3917755908292,349.08308475404535,4829.56301683915,0.0,0.0,29.079678898453463,35.144585298533538,395.0587023305629,0.0,0.0,166.33497648323127,200.94454611515247,2300.573621113206,35.115221477235838,24.08451404474338,384.857463672433,459.61524604910076,8527.746741120478,0.0,0.0,193.5585483020023,233.7966374282094,2699.1639959431665,880.7825848920031,21.25849573122597,32.39330918526478,21.5,30.0,0.0,21.10813775231154,32.662206549758199,16.0,30.0,899.2506651849155,21.440958801717366,32.04827958384953,21.25,30.0,0.0,20.60537919279338,33.68172284609998,16.0,30.0,0.0,14.806150529788754,47.97352808543281,12.0,30.0,0.0,18.734288910336777,37.535979968114947,16.0,30.0,0.0,17.89104652675252,39.662355889079019,10.0,30.0,0.0,16.350090762707969,43.583720883228938,16.0,30.0,0.0,16.476514556134469,43.31114575050755,12.0,30.0,0.0,19.752357283917726,0.0,0.0,0.0,16.517148142025119,0.0,0.0,521.8238074541349,523.6459557432387,521.3450249707013,524.1087225161275,552.7671958602535,542.5754320112289,537.4683055830952,545.350590330971,541.092549747768,5826.799670681277,82.82807020441986,82.82807020441988,60.0,0.0,60.0,60.0,16.0,16.0,16.0,12.0,16.0,12.0,21.0,10.0,1.0,0.0,880.7825848920031,0.0,899.2506651849155,0.0,0.0,0.0,0.0,0.0,0.0,0.0,0.0,82.82807020441986,82.82807020441986,0.255,0.5389934100793501,0.27021103051474468,82.82807020441986,0.2656985864579156,0.0,0.0023100000000000006 
 03/05  12:50:00,9.805000000000002,70.5,4.705,237.33333333333332,153.33333333333332,0.0,0.0,0.0,0.0,0.0,0.0,0.0,0.0,0.0,0.0,870.0,0.0,995.95066855388,81.3355793910876,208.42012165999328,29.863389385951213,794.8608072942292,0.0,81.33557939108757,111.19190346455913,0.0,0.0,20.62202864425197,-1133.5742274713476,21.189027512037375,90.60554512079769,20.487963805966893,-349.31802598395157,20.05552852806754,257.9033297045992,14.643113601678199,59.111188265430687,18.97475145023171,-111.23831163233059,17.268015505300668,236.6290833469122,15.905335302042389,25.798303328329874,16.477793485133785,47.47622716683785,812.527573776729,545.2766493582113,0.0,0.0,0.0,0.0,0.0,0.0,0.0,0.0,0.0,0.0,0.0,0.0,0.0,0.0,0.0,0.0,0.0,0.0,0.0,0.0,0.0,0.0,0.95624422401324,0.29189384127388309,344.6750075506404,409.1439772817989,8033.9657305362129,0.1960331134189942,0.029919583855157876,149.9536594100644,178.22271352535186,3425.768630736978,1.0088136627051843,0.1906299438218415,286.19958227693436,340.31682890174957,6493.581002022998,0.2609571625712298,0.049311633138932348,269.70064581696877,321.1872933266194,5827.078176382447,0.0,0.0,11.008087128541968,13.369125233298263,113.97213322895135,0.0,0.0,58.57438177484801,70.18742075734459,1061.2378558412195,0.0,0.0,292.8726467765995,351.8466089028875,4857.186970816763,0.0,0.0,31.526772879184916,38.11125812341099,408.28415078611547,0.0,0.0,165.75009090708583,200.12594714208314,2271.5419721262157,35.287660212107258,24.2027847819666,409.64328102331998,489.1637837518428,8926.05694511507,0.0,0.0,194.3869303368556,234.64521438093414,2694.490745057247,1416.314260797299,21.476595623665227,32.020586935542898,21.666666666666687,30.00000000000002,0.0,21.183744952319388,32.537587547016538,16.000000000000015,30.00000000000002,52.927453831646257,21.082562678606544,32.79608179585939,21.000000000000015,30.00000000000002,0.0,20.556330360200833,33.84210088614553,16.000000000000015,30.00000000000002,0.0,14.842429746760346,47.99971559449914,12.00000000000001,30.00000000000002,0.0,18.75710999862425,37.5646150150904,16.000000000000015,30.00000000000002,0.0,17.974581461160239,39.520496471180269,10.000000000000007,30.00000000000002,0.0,16.142350368970534,44.26555607444834,16.000000000000015,30.00000000000002,0.0,16.51867581962323,43.251984324688368,12.00000000000001,30.00000000000002,0.0,19.754347957936518,0.0,0.0,0.0,16.583102465944003,0.0,0.0,518.3637099265244,521.9401953377535,517.9911793320732,520.2727775972608,545.9763318404123,537.5952367809068,533.7199355771865,540.1047389448662,538.1575059024627,9177.350986051515,81.93660914347105,84.19721463238389,60.00000000000004,0.0,60.00000000000004,60.00000000000004,16.0,16.0,16.0,12.0,16.0,12.0,21.0,10.0,1.0,0.0,1416.314260797299,0.0,52.927453831646257,0.0,0.0,0.0,0.0,0.0,3421.24603475945,2052747.6208556684,2657758.8442853789,81.93660914347105,84.23560721828082,0.3407082011586485,0.7656466306759534,0.3602813740196598,84.23560721828082,0.3542647819438878,2657758.8442853789,0.14051679323617306 
 03/05  13:00:00,9.91,70.0,4.78,232.0,175.5,0.0,0.0,0.0,0.0,0.0,0.0,0.0,0.0,0.0,0.0,1160.0,0.0,1056.1498581040092,80.6348131090102,206.62448457352046,31.66843582084981,842.9051719063783,0.0,80.63481310901016,110.23390282853603,0.0,0.0,20.796126008847027,-885.9680372303765,21.294078701317216,97.30587851382939,20.981490450938276,-1231.5658564920187,20.179554611285057,485.8195919166528,14.685429259756923,59.84424664487926,19.042682454305468,-114.52997449317104,17.294270132285847,255.0890833567846,15.833328865411048,42.04898515923696,16.517364262595558,62.92140247688553,864.5915545304065,515.365749598905,0.0,0.0,0.0,0.0,0.0,0.0,0.0,0.0,0.0,0.0,0.0,0.0,0.0,0.0,0.0,0.0,0.0,0.0,0.0,0.0,0.0,0.0,1.0031108870890549,0.30619990448383846,351.26219990155706,416.98934640695566,8169.481933765823,0.2120732190397571,0.03236770742365035,171.41934013965799,203.5665488838545,3913.3088510358759,0.893393891685857,0.1688197074236314,363.37711084026747,431.1824701196494,8650.728628519837,0.26727608117565818,0.05050568427355595,311.23167049057579,370.4816319792372,6810.430353225254,0.0,0.0,11.072688477145837,13.45031185064824,113.22567475048754,0.0,0.0,59.284458294853589,71.04819526914989,1067.347993693779,0.0,0.0,293.26437931082099,352.4258255028032,4816.683038588768,0.0,0.0,33.94504980550219,41.067717443087,425.60995581196718,0.0,0.0,163.6531941178159,197.6472891005213,2223.7854380495775,35.62244946749418,24.432407042177084,497.44622090795527,593.5750322380052,10843.060150340738,0.0,0.0,193.65512470335279,233.78723515502834,2679.9552759257319,1237.1868113515878,21.55612830544119,31.90669890115123,21.75,30.0,0.0,21.277863593171494,32.401923526402658,16.0,30.0,1812.351405651747,21.729740259570808,31.583661143980579,21.5,30.0,0.0,20.79029624592698,33.422118122630127,16.0,30.0,0.0,14.885428721393329,47.974707851823037,12.0,30.0,0.0,18.80646822998075,37.515980541864227,16.0,30.0,0.0,18.001136672699699,39.52348887443719,10.0,30.0,0.0,16.040946834471279,44.638178799394228,16.0,30.0,0.0,16.56789535601179,43.19696215883898,12.0,30.0,0.0,19.996600547487593,0.0,0.0,0.0,16.679974692654704,0.0,0.0,515.4269935703295,518.3785085052693,514.316347956233,516.056762162412,540.7630435666124,533.5651951506478,529.7925354919391,535.7832718654588,533.9715765439785,6820.333522865736,81.7302728469203,81.7302728469203,60.0,0.0,60.0,60.0,16.0,16.0,16.0,12.0,16.0,12.0,21.0,10.0,1.0,0.0,1237.1868113515878,0.0,1812.351405651747,0.0,0.0,0.0,0.0,0.0,0.0,0.0,0.0,81.7302728469203,81.7302728469203,0.255,0.5770650261040546,0.27021103051474468,81.7302728469203,0.2656985864579156,0.0,0.0023166666666666667 
 03/05  13:10:00,10.021666666666669,69.33333333333334,4.595000000000001,226.66666666666669,197.66666666666669,0.0,0.0,0.0,0.0,0.0,0.0,0.0,0.0,0.0,0.0,582.0,0.0,1117.4382104278766,79.87715676944777,204.68306691524894,33.50613978906891,891.8187804676261,0.0,79.87715676944772,109.1981291708252,0.0,0.0,20.716616670839579,-425.3767472339132,21.342520537567613,-214.58761588645667,20.73192896778089,-630.2443033556747,20.196571480868955,114.98830655052712,14.734138976294183,56.599239465305377,19.12746388702624,-117.54110534193706,17.292828966300115,183.04989732622563,16.131929862244,14.499626923203096,16.562054509636199,65.30536285320659,761.2637037472769,493.23392129312927,0.0,0.0,0.0,0.0,0.0,0.0,0.0,0.0,0.0,0.0,0.0,0.0,0.0,0.0,0.0,0.0,0.0,0.0,0.0,0.0,0.0,0.0,0.9502138979847246,0.2900530824129196,233.89134497434874,277.4712765723621,5400.353338998926,0.1705494940162295,0.026030142554369585,176.81156096007659,209.90874652593474,3973.7659725887945,0.9621475740870904,0.18181171090081078,314.65769098679518,373.7767532886876,7095.909908526866,0.22830291517877389,0.04314114043438659,197.56014580527106,235.15820732709589,4291.419432709376,0.0,0.0,10.60178806841077,12.864431159710876,107.12158863496113,0.0,0.0,58.515606685795948,70.04235549145987,1048.5034591722247,0.0,0.0,289.5093913873159,347.6332766887334,4665.674748801621,0.0,0.0,35.02901141806474,42.26885299068163,464.8064058542633,0.0,0.0,162.43786728199536,195.9490476471508,2189.3704756462186,34.69492172748765,23.796242611445586,351.32969774751447,419.4349885101053,7598.25647282309,0.0,0.0,193.06977995741398,232.78348422665528,2661.9061496641268,1015.3348379846905,21.532985706606718,31.952031712969356,21.5,30.0,0.0,21.239344149672634,32.54269025105515,16.0,30.0,1347.705419397773,21.39780245738412,32.261285677763208,21.5,30.0,0.0,20.738113185803038,33.557305538505968,16.0,30.0,0.0,14.938231042332433,47.913097619829148,12.0,30.0,0.0,18.876447061405999,37.40753331293747,16.0,30.0,0.0,17.95780985273384,39.669086754424238,10.0,30.0,487.85227643465,16.51201296715103,43.41647959632063,16.5,30.0,0.0,16.62557240264895,43.095434813533639,12.0,30.0,0.0,19.7097988157866,0.0,0.0,0.0,16.767416987194986,0.0,0.0,515.7158202227054,513.7679715356694,513.3288493547082,514.13046312293,535.8194588956376,530.1871706212075,527.652468229388,531.9232611315997,530.9758818863834,5533.170396094739,84.34559060989668,84.34559060989668,60.0,0.0,60.0,60.0,16.0,16.0,16.0,12.0,16.0,12.0,21.0,10.0,1.0,0.0,1015.3348379846905,0.0,1347.705419397773,0.0,0.0,0.0,487.85227643465,0.0,0.0,0.0,0.0,84.34559060989668,84.34559060989668,0.34,0.7677403310169486,0.36028137401965956,84.34559060989668,0.3542647819438875,0.0,0.0023199999999999997 
 03/05  13:20:00,10.133333333333333,68.66666666666667,4.41,221.33333333333332,219.83333333333335,0.0,0.0,0.0,0.0,0.0,0.0,0.0,0.0,0.0,0.0,2040.0,0.0,1179.4937933631996,79.05903200317755,202.58669879249755,35.36684824768439,941.3447016566366,0.0,79.0590320031775,108.07969058940592,0.0,0.0,20.732169088209817,-551.1746004314217,21.323885420723888,-64.8017618576966,20.89098514150065,-1239.2999440917227,20.13372011291888,388.4178667607532,14.776851920150085,56.31538560773705,19.209488334288069,-135.1748958517052,17.312178001561614,263.0358359117858,16.3952376523824,-0.397913466120829,16.599774775372294,70.28312941274152,747.9758142137471,438.7133649954092,0.0,0.0,0.0,0.0,0.0,0.0,0.0,0.0,0.0,0.0,0.0,0.0,0.0,0.0,0.0,0.0,0.0,0.0,0.0,0.0,0.0,0.0,0.9164739362917586,0.279753948807008,222.3405323360925,264.11863407406107,5070.723730385089,0.18863911353080554,0.028791073493712683,151.18581968143296,179.74648156656458,3337.3429862430759,0.8653146800220696,0.16351373394219005,334.88863626295736,397.6070481406714,7701.2510400209089,0.24411722980029774,0.04612948408924746,284.53696973329456,338.9634383287159,6013.1146982841269,0.0,0.0,10.72141650531911,13.026168167111074,106.71688001632542,0.0,0.0,62.301899121809459,74.66946094303725,1108.4713369339989,0.0,0.0,279.84880892733067,336.49188268538128,4460.291663002467,0.0,0.0,23.550535279643076,28.434008600244885,319.71109754617108,0.0,0.0,157.8518273350799,190.66732192930915,2105.106904211973,34.00064167772533,23.320056020387747,411.91833956997149,491.93979493343695,8734.361020468144,0.0,0.0,180.07441589087453,217.4173142839656,2449.3603316001897,814.0230040195501,21.400246743333878,32.2948109451924,21.42857142857142,29.99999999999999,0.0,21.135629236080157,32.80345998829788,15.999999999999993,29.99999999999999,1550.9308314968183,21.541041457778346,32.06213999812294,21.42857142857142,29.99999999999999,0.0,20.644404576932528,33.82792446280838,15.999999999999993,29.99999999999999,0.0,14.977609779748104,47.86083214571798,11.999999999999993,29.99999999999999,0.0,18.928508632640165,37.341629579111927,15.999999999999993,29.99999999999999,0.0,17.98434375562122,39.68348876929949,9.999999999999997,29.99999999999999,0.0,16.790118425460784,42.681339318466729,15.999999999999993,29.99999999999999,0.0,16.66945186254866,43.049841405845139,11.999999999999993,29.99999999999999,0.0,19.795721544690797,0.0,0.0,0.0,16.78962952737873,0.0,0.0,508.38243099603099,509.4852061648005,505.00427639840708,508.0869765378213,532.4695519777555,526.7245749988433,522.7639463878509,529.2341533762376,526.9596489860384,5268.860274546562,82.55843147694475,83.5231931926489,59.99999999999998,0.0,59.99999999999998,59.99999999999998,16.0,16.0,16.0,12.0,16.0,12.0,21.0,10.0,1.0,0.0,814.0230040195501,0.0,1550.9308314968183,0.0,0.0,0.0,0.0,0.0,1460.0959195855692,876057.5517513423,1135633.9313124922,82.55843147694475,83.53957804937068,0.19438414970047128,0.4168041062878166,0.20587507086837673,83.53957804937068,0.20243701825364986,1135633.9313124922,0.06137629776158293 
 03/05  13:30:00,10.245000000000001,68.0,4.225,216.0,242.0,0.0,0.0,0.0,0.0,0.0,0.0,0.0,0.0,0.0,0.0,1168.0,0.0,1241.9993081863293,78.17654869274979,200.32541148567555,37.24104708651039,991.2297020646136,0.0,78.17654869274975,106.87326899879608,0.0,0.0,20.830111056814297,-1016.0161430765143,21.472982985921953,-51.82945837781131,20.587663096889825,-386.9938383595845,20.201627573356548,199.45356473904259,14.830387790404732,57.65809903674722,19.309943897015239,-126.92562953391576,17.39900634467274,230.7394950324392,16.103236885691808,26.335724780509936,16.642230936052884,87.87700288238102,773.8328130110513,454.44023595818046,0.0,0.0,0.0,0.0,0.0,0.0,0.0,0.0,0.0,0.0,0.0,0.0,0.0,0.0,0.0,0.0,0.0,0.0,0.0,0.0,0.0,0.0,0.9171178877766625,0.27995051519434147,343.82414847456257,408.20588576070119,7839.376844330252,0.1795053615025453,0.027397033196359178,181.57253931937113,215.77818496053744,4025.7436465459356,0.963712769730301,0.18210747727329958,269.82706532700379,320.88871264765199,5938.657937993483,0.24575360422860996,0.046438700723471258,252.87382799150113,301.16868709423297,5323.6874853874419,0.0,0.0,10.719511875034767,13.016678121397069,105.51095095450833,0.0,0.0,60.527354595599877,72.49848004348724,1072.9786466979438,0.0,0.0,287.6916209933711,345.6203860990213,4595.211868771481,0.0,0.0,28.666097342530177,34.63049116469554,362.89236151096545,0.0,0.0,162.60597772971603,196.2821691844517,2149.509876439913,33.38033864437166,22.894608123711707,419.5040145286696,500.8824449097778,8857.3893268388,0.0,0.0,188.88473452772639,227.83362168890666,2580.528377812163,1335.4199871242516,21.655993724509974,31.84390352203149,21.75,30.0,0.0,21.306648978240039,32.511097560134647,16.0,30.0,121.91472912924414,21.17874267699761,32.79678191339106,21.0,30.0,0.0,20.720899287455447,33.70492098992092,16.0,30.0,0.0,15.036068135772064,47.77222986992493,12.0,30.0,0.0,19.01071092250813,37.22060360778332,16.0,30.0,0.0,18.11475269166271,39.425047510512928,10.0,30.0,0.0,16.449305244480276,43.695262440130218,16.0,30.0,0.0,16.723828869948219,42.976902786413749,12.0,30.0,0.0,19.958487009469655,0.0,0.0,0.0,16.93195678717587,0.0,0.0,504.5037886724424,505.2034155082547,502.85967037261397,505.13126650475638,527.9610196660968,522.1936551532115,518.6384636619416,524.9329849996713,522.7562208110986,8550.562611176956,82.35112941224674,82.35112941224674,60.0,0.0,60.0,60.0,16.0,16.0,16.0,12.0,16.0,12.0,21.0,10.0,1.0,0.0,1335.4199871242516,0.0,121.91472912924414,0.0,0.0,0.0,0.0,0.0,0.0,0.0,0.0,82.35112941224674,82.35112941224674,0.34,0.7702016062509496,0.36028137401965956,82.35112941224674,0.3542647819438875,0.0,0.0023266666666666667 
 03/05  13:40:00,10.356666666666666,67.33333333333334,4.04,207.5,239.16666666666669,0.0,0.0,0.0,0.0,0.0,0.0,0.0,0.0,0.0,0.0,1168.0,0.0,1293.8431716993537,76.56703712847704,196.20104222673047,38.79554539202742,1032.6055768072839,0.0,76.567037128477,104.67294466571194,0.0,0.0,20.89773645239852,-538.9329496899954,21.58184544901768,33.324924392234837,21.06829604863823,-1633.218857329857,20.332520972173286,559.8002038182847,14.886135384211114,58.526255755228799,19.418649279569264,-132.86137161201106,17.428808885124647,255.35952252495336,15.99421335915295,51.5278896586661,16.697928423280865,103.41320488060345,827.1999546925383,437.3612872498704,0.0,0.0,0.0,0.0,0.0,0.0,0.0,0.0,0.0,0.0,0.0,0.0,0.0,0.0,0.0,0.0,0.0,0.0,0.0,0.0,0.0,0.0,0.9527897400546358,0.2908393589910367,291.5805290419046,346.0578473313529,6575.60723888366,0.20595273968318687,0.03143356832771474,163.43575885344343,194.1242741138098,3625.3590083771484,0.8258045243993721,0.15604771814047103,434.7804386958112,515.574527083193,10100.69864508401,0.26591856131655636,0.05024916124651481,342.2598305097567,407.2733275336342,7292.264383451043,0.0,0.0,10.751734072759417,13.052812330550243,104.69716032045219,0.0,0.0,62.03380154876171,74.27537061762058,1097.8276181423592,0.0,0.0,289.94877879483377,348.3030288529386,4585.579524717137,0.0,0.0,33.539726485681409,40.551506391759847,405.7382769993361,0.0,0.0,160.33591773071428,193.50073560735224,2107.5908641093435,32.9897298409136,22.626700851106734,544.7716697923696,649.6909189819285,11472.919068644795,0.0,0.0,189.31729936567576,228.27706244703902,2588.6797904300767,683.207818692008,21.621859545230845,31.932366913910355,21.500000000000008,30.00000000000001,0.0,21.402732110729063,32.3569139533576,16.000000000000008,30.00000000000001,2547.839743831999,21.968214639319194,31.298078999225909,22.000000000000008,30.00000000000001,0.0,20.98376295533326,33.20886247740019,16.000000000000008,30.00000000000001,0.0,15.096873610152433,47.68101178989559,12.000000000000004,30.00000000000001,0.0,19.109557736040928,37.07509699028877,16.000000000000008,30.00000000000001,0.0,18.15027641706249,39.42649284737722,10.000000000000004,30.00000000000001,0.0,16.274601693779635,44.29312050780656,16.000000000000008,30.00000000000001,0.0,16.80082793071979,42.874453609558027,12.000000000000004,30.00000000000001,0.0,20.241051466991647,0.0,0.0,0.0,17.052992679061537,0.0,0.0,501.62586858466627,501.56513638293998,497.63054284809638,500.6846498931027,523.0817474370094,516.5121822751237,512.7247351566466,518.8336798471158,516.4583899837718,10015.854377559996,81.38220466724346,83.17871897907492,60.00000000000002,0.0,60.00000000000002,60.00000000000002,16.0,16.0,16.0,12.0,16.0,12.0,21.0,10.0,1.0,0.0,683.207818692008,0.0,2547.839743831999,0.0,0.0,0.0,0.0,0.0,2718.721423537397,1631232.8541224383,2114315.2624235127,81.38220466724346,83.20922975610803,0.3456240474512467,0.7697735726456669,0.36028137401965967,83.20922975610803,0.35426478194388769,2114315.2624235127,0.11227439364602267 
 03/05  13:50:00,10.468333333333334,66.66666666666666,3.855,199.0,236.33333333333332,0.0,0.0,0.0,0.0,0.0,0.0,0.0,0.0,0.0,0.0,1168.0,0.0,1273.834808439568,73.91633579824566,189.40868129456369,38.19559229136695,1016.6369839590104,0.0,73.91633579824561,101.04923498501639,0.0,0.0,20.86001521031808,-725.4782533956818,21.61502292841399,-162.0624086592677,20.992602767633618,-882.0901334557439,20.33023447767448,196.20143562486397,14.936482895187295,56.56563986695693,19.494226300075917,-159.0743050033658,17.439537493008559,246.90276437343756,15.933656184443656,62.79467427096108,16.742042502922936,90.821717153686,741.779776406579,377.82406542842,0.0,0.0,0.0,0.0,0.0,0.0,0.0,0.0,0.0,0.0,0.0,0.0,0.0,0.0,0.0,0.0,0.0,0.0,0.0,0.0,0.0,0.0,0.9260826525383182,0.282687012374334,327.80012447161666,388.8346889760559,7414.19315924931,0.17717445601030924,0.02704127838985184,174.957096727048,207.8236392165478,3820.229204078755,0.9090413491367297,0.1717765210008938,334.57075020548418,396.9935333861374,7484.177956952419,0.22396479891270838,0.04232139057307414,216.39545047576676,257.3344309416631,4530.86595984365,0.0,0.0,10.709622827064452,12.998739920454554,103.01531802299056,0.0,0.0,65.68351175348269,78.62852546932828,1156.4866541278119,0.0,0.0,282.33024972644747,339.152488825353,4396.258756649527,0.0,0.0,34.60667090240122,41.85372938933824,404.4982837969003,0.0,0.0,149.8592839478261,180.818336570476,1951.723469209536,32.05765527357812,21.98741788311257,439.5437372420647,524.1119979160493,9174.314135576109,0.0,0.0,178.87872837471498,215.66531553299303,2414.650079882671,1272.0171339104143,21.664147733049487,31.90288262460879,21.75,30.0,0.0,21.355876531279283,32.511641839956677,16.0,30.0,1271.5017964661775,21.678876273102696,31.914830701712753,21.5,30.0,0.0,20.87398027804246,33.472549100271539,16.0,30.0,0.0,15.15081016934391,47.60965354781514,12.0,30.0,0.0,19.1781627570756,36.98871080499236,16.0,30.0,0.0,18.139971930290437,39.5186383399139,10.0,30.0,0.0,16.183912766749957,44.64527999073818,16.0,30.0,0.0,16.853547670840518,42.81252821673355,12.0,30.0,0.0,20.078733370468205,0.0,0.0,0.0,17.07872807636817,0.0,0.0,496.0905574853242,495.07166392669856,492.2465622993592,496.6412872611561,518.0920761515631,511.33413392857679,508.01681173418299,513.2793321829479,511.39679499016378,7311.514023082037,83.17029295796556,83.17029295796556,60.0,0.0,60.0,60.0,16.0,16.0,16.0,12.0,16.0,12.0,21.0,10.0,1.0,0.0,1272.0171339104143,0.0,1271.5017964661775,0.0,0.0,0.0,0.0,0.0,0.0,0.0,0.0,83.17029295796556,83.17029295796556,0.34,0.7690371910324931,0.36028137401965956,83.17029295796556,0.3542647819438875,0.0,0.002336666666666666 
 03/05  14:00:00,10.58,66.0,3.67,190.5,233.5,0.0,0.0,0.0,0.0,0.0,0.0,0.0,0.0,0.0,0.0,1169.0,0.0,1251.8971413972404,71.22264714707394,182.50616640297245,37.53778983234165,999.1286329807896,0.0,71.2226471470739,97.36675837752223,0.0,0.0,20.69990063239957,-244.91111909202983,21.654644446970698,-319.0903013312942,20.94759216935489,-491.5859729093381,20.284722586819265,104.25713587853636,14.985033203107499,56.49450548752601,19.564318513273784,-149.2722439659401,17.477414443359586,193.55554764929503,15.905867453470343,78.81370310168677,16.789044098337997,115.72246856315133,694.6906213445691,388.69864435555749,0.0,0.0,0.0,0.0,0.0,0.0,0.0,0.0,0.0,0.0,0.0,0.0,0.0,0.0,0.0,0.0,0.0,0.0,0.0,0.0,0.0,0.0,0.8942431801470321,0.27296800370788529,294.4904561952966,350.3120289686299,6300.682226240318,0.1454150549647436,0.022193994957988955,152.12757461946794,180.66982892369476,3283.5122735668176,0.9494633541287452,0.17941484393967228,283.0823701131658,336.5519313141556,6169.5583781248619,0.21917667405349995,0.0414166050743575,180.79465917373296,215.20769429615346,3709.398601316697,0.0,0.0,10.418094404720808,12.643943665122567,98.90315204898268,0.0,0.0,63.64013966345087,76.15945529617616,1115.5361651612685,0.0,0.0,284.090482658148,341.2796049063468,4374.6387843207189,0.0,0.0,36.17048130520818,43.7556141054089,412.1031380279533,0.0,0.0,154.11522225747107,185.94479621451073,1991.5093482249777,31.237015273433224,21.42456465941923,387.9507879609823,463.1706413259419,8006.230534341279,0.0,0.0,184.35690338217445,222.21012254416619,2493.0315584705087,482.64413462781337,21.269412534977627,32.71101340191898,21.25,30.0,0.0,21.369699700046107,32.52180708623143,16.0,30.0,881.8143378960444,21.492766214504383,32.30405190877128,21.25,30.0,0.0,20.773833609488635,33.72377393668434,16.0,30.0,0.0,15.202268844847519,47.543065398787089,12.0,30.0,0.0,19.25247295020236,36.88468263162568,16.0,30.0,0.0,18.16612101378993,39.52004336448766,10.0,30.0,0.0,16.149563929908937,44.83234832214396,16.0,30.0,0.0,16.917470470069746,42.72059025653876,12.0,30.0,0.0,20.022464543135287,0.0,0.0,0.0,17.204077234953986,0.0,0.0,492.4038628443428,490.45319791278919,488.8093634722896,491.61781415322107,512.9764486624316,506.07468812003119,502.9023079996835,507.6715428865176,505.86307040234086,4572.773976404089,82.56027863333756,84.30676977590369,60.0,0.0,60.0,60.0,16.0,16.0,16.0,12.0,16.0,12.0,21.0,10.0,1.0,0.0,482.64413462781337,0.0,881.8143378960444,0.0,0.0,0.0,0.0,0.0,2643.096604565867,1585857.9627395203,2060894.8883404586,82.56027863333756,84.33643099345716,0.1731032201521956,0.34640120538262506,0.18014068700982978,84.33643099345716,0.17713239097194376,2060894.8883404586,0.10950986752703716 
 03/05  14:10:00,10.59,65.66666666666667,3.745,182.0,230.66666666666669,0.0,0.0,0.0,0.0,0.0,0.0,0.0,0.0,0.0,0.0,586.0,0.0,1228.1119863895884,68.48625160040747,175.4942162254131,36.824591233651478,980.1458203267237,0.0,68.48625160040743,93.62589820607396,0.0,0.0,21.081284391226349,-1249.2564906701219,21.697706621343565,117.91938258972368,20.80890291112872,-70.51679785716806,20.211686865297609,182.26300981369924,15.033160419717106,58.14978311431264,19.616560377979398,-173.3978906838347,17.558827120624437,320.74358524667698,15.890298198319716,81.48682497229084,16.8282568109212,95.8094435045241,737.8804473279652,344.07585757143036,0.0,0.0,0.0,0.0,0.0,0.0,0.0,0.0,0.0,0.0,0.0,0.0,0.0,0.0,0.0,0.0,0.0,0.0,0.0,0.0,0.0,0.0,0.8316159550019024,0.2538510241153549,441.577170741287,523.2298201200006,9677.320949540805,0.18539663468579305,0.028296189665108833,193.87511997589798,229.67882611158664,4268.863016473083,1.0444063141207448,0.197355690499007,329.2466823984306,391.03457726891136,7022.217192184292,0.25183183506403009,0.04758727042026266,230.86464759989713,274.7619315337622,4677.3952573977899,0.0,0.0,11.0724094615858,13.419893694458061,106.06579436217578,0.0,0.0,67.78453239125278,81.02036551572133,1193.3473432245565,0.0,0.0,286.6531812347165,343.7866407694667,4496.009462192248,0.0,0.0,36.89542430009613,44.58287618961578,418.2651926377109,0.0,0.0,147.6265344946512,177.89452761803123,1917.9945798915333,31.583587920419153,21.662268806871855,503.1049918162102,599.0899305611606,10376.061347534747,0.0,0.0,177.77988203176916,214.04158790526777,2403.149055840789,1623.954582305087,21.90963830813385,31.497682768445146,22.0,30.0,0.0,21.449150742850315,32.371382729766008,16.0,30.0,0.0,21.20568241848823,32.86135101865362,21.0,30.0,0.0,20.65904226311308,33.987991847186027,16.0,30.0,0.0,15.25349612008661,47.46216137621367,12.0,30.0,0.0,19.30048551084564,36.80744150711671,16.0,30.0,0.0,18.318290096383,39.16821823898415,10.0,30.0,0.0,16.13050354743814,44.93436566266045,16.0,30.0,0.0,16.961373631212394,42.6293899457351,12.0,30.0,0.0,20.201290510426639,0.0,0.0,0.0,17.212112433158795,0.0,0.0,489.12916762999387,489.5449627714081,489.08109119384269,488.65007728165906,508.4724731104558,503.29615341191336,501.0968865009188,504.4812279597375,503.8435538949234,9595.310049126329,81.66028519913535,85.12168211560516,60.0,0.0,60.0,60.0,16.0,16.0,16.0,12.0,16.0,12.0,21.0,10.0,1.0,0.0,1623.954582305087,0.0,0.0,0.0,0.0,0.0,0.0,0.0,5238.4407330885119,3143064.439853107,4078387.297291415,81.66028519913535,85.18046812629598,0.3446146911029504,0.7663153836996828,0.36028137401965956,85.18046812629598,0.3542647819438875,4078387.297291415,0.21442613945915363 
 03/05  14:20:00,10.600000000000002,65.33333333333334,3.8200000000000005,173.5,227.83333333333332,0.0,0.0,0.0,0.0,0.0,0.0,0.0,0.0,0.0,0.0,586.0,0.0,1202.5601618021438,65.70731672007489,168.3732602301981,36.05841980675573,959.753046414179,0.0,65.70731672007486,89.82688354039502,0.0,0.0,20.984872780274047,-1097.8950757755866,21.792599422136165,-216.45661824382706,20.818694885594618,-250.40075024808994,20.115076786306515,134.16992575043833,15.07870020214449,56.977726395021139,19.653493643603406,-171.01009952304413,17.614758258441094,217.2740268266498,15.891171721159317,91.15557126354872,16.86890238683101,111.04123485407627,663.4124600471669,336.48756620199586,0.0,0.0,0.0,0.0,0.0,0.0,0.0,0.0,0.0,0.0,0.0,0.0,0.0,0.0,0.0,0.0,0.0,0.0,0.0,0.0,0.0,0.0,0.8374816425263831,0.2556415270227055,350.4190557232108,415.2805508028386,7700.506784337074,0.14374406965037032,0.02193896056934834,170.94356286703795,202.811298967781,3736.1736357379215,1.03731211497926,0.1960151388849698,216.14477609820194,256.1770999705684,4796.153826102103,0.2411181579070884,0.045562766044423348,209.60770521480988,249.45501499198634,4161.4298558585519,0.0,0.0,10.728742237908824,13.001956939697044,103.52799053581004,0.0,0.0,67.63274637736584,80.8422836045236,1193.2908802468219,0.0,0.0,281.77635579369339,337.890880534002,4430.726695700572,0.0,0.0,37.31600377054686,45.089134580339237,423.00348911555508,0.0,0.0,145.36219960407397,175.10819475455865,1901.1629254652276,31.563613119970844,21.64856866939016,365.09688055416248,435.238105228799,7457.055180210677,0.0,0.0,175.77049575422729,211.54553260474683,2396.39193292069,1500.8318527983129,21.697524140414826,31.894471655214806,22.0,30.0,0.0,21.5130228901416,32.25915781105931,16.0,30.0,866.8491671124943,21.504786891377994,32.291427250708867,21.5,30.0,0.0,20.474291783575788,34.385653788292518,16.0,30.0,0.0,15.299093233138346,47.37992856880766,12.0,30.0,0.0,19.33163034517331,36.769913865498427,16.0,30.0,0.0,18.350630377214743,39.12294404867417,10.0,30.0,0.0,16.14038258543902,44.95356783483966,16.0,30.0,0.0,17.014822202180537,42.53231379178813,12.0,30.0,0.0,19.919827982832666,0.0,0.0,0.0,17.27845153731634,0.0,0.0,486.1536865191137,485.6153087364704,485.7732448953502,485.76811735956508,504.83035310110679,500.119307683824,497.71844155392196,500.9673080427982,500.08002738723106,9752.00791164169,81.5566931713594,84.97204604536998,60.0,0.0,60.0,60.0,16.0,16.0,16.0,12.0,16.0,12.0,21.0,10.0,1.0,0.0,1500.8318527983129,0.0,866.8491671124943,0.0,0.0,0.0,0.0,0.0,5168.827369580696,3101296.4217484176,4021376.935351368,81.5566931713594,85.0300500753641,0.34229424565268987,0.7694238719130957,0.36028137401965956,85.0300500753641,0.3542647819438875,4021376.935351368,0.21146826730493785 
 03/05  14:30:00,10.61,65.0,3.895,165.0,225.0,0.0,0.0,0.0,0.0,0.0,0.0,0.0,0.0,0.0,0.0,879.0,0.0,1175.3222589903404,62.88593455690152,161.1435343941955,35.24169205591929,938.01463047232,0.0,62.88593455690149,85.9698402209424,0.0,0.0,21.024436993715108,-1012.3450321318835,21.835886789884176,-161.40078338140146,20.848921501935189,-490.42291811623769,20.183076417501274,290.3029459842175,15.121205105056559,57.98813922647851,19.703103808486526,-153.21683007645434,17.629493128932503,231.19353257242427,15.89254805494711,95.65049646761097,16.90218680690909,118.2055361474549,680.5635285845683,358.5334473503837,0.0,0.0,0.0,0.0,0.0,0.0,0.0,0.0,0.0,0.0,0.0,0.0,0.0,0.0,0.0,0.0,0.0,0.0,0.0,0.0,0.0,0.0,0.8490652417743432,0.25917742422904246,303.81479801138848,360.2504443047152,6738.608289954653,0.15132276151155239,0.02309565957136025,122.3425699626178,145.14928271195138,2684.0889263403335,1.0129672395592216,0.19141482229010232,291.5973325706534,346.28988677844367,6355.03876027478,0.2676978182239651,0.05058537759334183,274.8693165309304,327.4472343646203,5536.769592313072,0.0,0.0,10.704273124868614,12.97941348789343,103.92260187001597,0.0,0.0,64.37602299586891,76.97477552910891,1142.3166307481502,0.0,0.0,288.7419791456861,346.49783645420237,4535.226032669348,0.0,0.0,38.35088986429669,46.37265916682171,434.36621336352246,0.0,0.0,154.0973607313127,185.7596948702331,2023.1398497925755,31.972418615212879,21.928956526209107,397.92161411236409,474.8694075081511,8086.202599669324,0.0,0.0,185.73591066810793,223.62393359203569,2573.9438935659757,1425.6462671450125,21.702383002787358,31.880457113546897,21.999999999999994,29.99999999999999,0.0,21.572643660254355,32.12995607109071,15.999999999999993,29.99999999999999,804.363640316371,21.464794312809106,32.35864066843919,21.333333333333326,29.99999999999999,0.0,20.629510950399344,34.052059782479307,15.999999999999993,29.99999999999999,0.0,15.339149267768678,47.29889232573774,11.999999999999995,29.99999999999999,0.0,19.393292738116739,36.65208658851084,15.999999999999993,29.99999999999999,0.0,18.3547203608137,39.130640146898567,9.999999999999997,29.99999999999999,0.0,16.146299162974029,44.96089226510979,15.999999999999993,29.99999999999999,0.0,17.0515374049746,42.45382350390976,11.999999999999995,29.99999999999999,0.0,19.965114507901327,0.0,0.0,0.0,17.404968799804157,0.0,0.0,484.63053019505437,485.7879023475315,484.691361014533,484.779516834819,502.03804339633725,497.72574686810057,495.45490005414185,499.01459291145786,498.2791042382339,7843.558072546693,82.81858411808205,82.81858411808205,59.99999999999998,0.0,59.99999999999998,59.99999999999998,16.0,16.0,16.0,12.0,16.0,12.0,21.0,10.0,1.0,0.0,1425.6462671450125,0.0,804.363640316371,0.0,0.0,0.0,0.0,0.0,0.0,0.0,0.0,82.81858411808205,82.81858411808205,0.3399999999999999,0.7679048945876283,0.36028137401965945,82.81858411808205,0.35426478194388735,0.0,0.0023633333333333338 
 03/05  14:40:00,10.620000000000001,64.66666666666667,3.9699999999999999,161.0,195.83333333333335,0.0,0.0,0.0,0.0,0.0,0.0,0.0,0.0,0.0,0.0,879.0,0.0,1015.1363105912869,59.61951999986197,152.7733936454349,30.438580647152749,810.1717830877146,0.0,59.61951999986194,81.50440387905326,0.0,0.0,20.86463680638297,-859.70904440785,21.768842752308158,-153.88032064614638,20.744789101113136,-193.35314684364347,20.23125554214991,270.14816278390358,15.153640395473847,57.79428050822652,19.69143663033111,-157.76360898820173,17.652840883732183,236.61563535030306,15.90162115275461,98.70302489186304,16.942781983892844,115.90718911530078,741.4499921768598,340.2213134936451,0.0,0.0,0.0,0.0,0.0,0.0,0.0,0.0,0.0,0.0,0.0,0.0,0.0,0.0,0.0,0.0,0.0,0.0,0.0,0.0,0.0,0.0,0.9078561858606724,0.2771233778573482,457.66317765861359,543.1163377501241,10122.204926914925,0.16222265987025626,0.024759258221956096,167.4834291028841,198.96339406544903,3643.0366274508135,0.9706919522742032,0.18342629483639534,327.980057095524,390.18657822536229,6916.941359105858,0.2391275159695739,0.04518660543642743,233.97963992760013,278.5726259958901,4742.733300123265,0.0,0.0,10.689142285173534,12.959260701484507,104.2279403154389,0.0,0.0,65.40643202320072,78.2040520683801,1162.2857688671077,0.0,0.0,283.63642984451408,340.3366843559882,4457.057866848823,0.0,0.0,38.19881472463848,46.18344254006145,433.23146955939128,0.0,0.0,148.89766515974575,179.44525350473075,1966.950756493466,32.24105313623754,22.11320516888722,483.36391560623818,576.5919949977098,9997.085187899875,0.0,0.0,180.28952518309112,217.02882394936504,2504.8036433278386,961.2269157457139,21.621730084497665,32.04350250796911,21.666666666666676,30.00000000000001,0.0,21.497043390155473,32.27532567614106,16.000000000000008,30.00000000000001,0.0,21.125822691561905,33.01667305338428,21.000000000000008,30.00000000000001,0.0,20.703027058248546,33.89595646025074,16.000000000000008,30.00000000000001,0.0,15.37032603779529,47.24612023291179,12.000000000000006,30.00000000000001,0.0,19.417275197232997,36.62574893948507,16.000000000000008,30.00000000000001,0.0,18.36716289731516,39.1239265988603,10.000000000000004,30.00000000000001,0.0,16.16410936434753,44.94720020267066,16.000000000000008,30.00000000000001,0.0,17.102158968288557,42.35436818647227,12.000000000000006,30.00000000000001,0.0,20.22261915319437,0.0,0.0,0.0,17.432390430749924,0.0,0.0,481.23084903681447,482.37156991020188,482.18439964628649,481.04974405592079,498.63741427203197,493.9336486122088,491.9860894663094,495.4114024311639,494.3344098193842,6730.931142553501,83.55399673323837,83.55399673323837,60.00000000000002,0.0,60.00000000000002,60.00000000000002,16.0,16.0,16.0,12.0,16.0,12.0,21.0,10.0,1.0,0.0,961.2269157457139,0.0,0.0,0.0,0.0,0.0,0.0,0.0,0.0,0.0,0.0,83.55399673323837,83.55399673323837,0.3400000000000002,0.7691194098109879,0.3602813740196597,83.55399673323837,0.3542647819438876,0.0,0.0023700000000000007 
 03/05  14:50:00,10.63,64.33333333333333,4.045,157.0,166.66666666666669,0.0,0.0,0.0,0.0,0.0,0.0,0.0,0.0,0.0,0.0,1172.0,0.0,924.6615614398977,57.30823233846958,146.85071699130857,27.725723600855713,737.9646788466466,0.0,57.30823233846955,78.3446984162244,0.0,0.0,21.038914371230438,-1221.5229108203558,21.759848896678933,-190.6000956705201,20.534395847120373,156.38584917719164,20.166916965125759,151.2301531574508,15.183220886826705,58.20164003789948,19.672328190782407,-148.0208389792673,17.685921254154729,225.47429928852717,15.910874528933885,102.99029542066984,16.974823629787815,119.7901105798378,585.7795398092289,344.24013487983418,0.0,0.0,0.0,0.0,0.0,0.0,0.0,0.0,0.0,0.0,0.0,0.0,0.0,0.0,0.0,0.0,0.0,0.0,0.0,0.0,0.0,0.0,0.8189775471557483,0.24999314626243844,331.7907050372763,393.6806463482179,7383.862018867638,0.14144630533947329,0.021588263940701049,88.91931213813814,105.55133184327292,1940.4343852725452,1.0747248368086764,0.20308481421176814,230.81964298028823,274.52546434679558,4836.886574414523,0.25909135509792949,0.048959061809888407,235.844562830204,280.969777509888,4706.517282481,0.0,0.0,10.662435990245456,12.930870691168037,104.25307934117692,0.0,0.0,64.07378779875333,76.63591681520987,1138.1315970513966,0.0,0.0,286.13683926929977,343.42113149176597,4512.8776381817929,0.0,0.0,39.06127847903957,47.242079773519737,443.40823585186515,0.0,0.0,151.43627149889105,182.54901628091006,2008.0006293594248,32.28383947968002,22.142551083456813,272.33471749076588,325.4145751658606,5518.943973097226,0.0,0.0,183.5545208618853,220.9953993751872,2567.990728340899,1819.5521658587787,21.753254416674979,31.75931433935063,22.0,30.0,0.0,21.529584553822219,32.19609071853577,16.0,30.0,0.0,21.036024331238445,33.18648373058899,21.0,30.0,0.0,20.558951097449737,34.17963314677796,16.0,30.0,0.0,15.394318383740421,47.20457519387237,12.0,30.0,0.0,19.424239474384089,36.62406276158834,16.0,30.0,0.0,18.408809164913259,39.0310824501475,10.0,30.0,0.0,16.179807919102765,44.923871389003419,16.0,30.0,0.0,17.137852063163284,42.275018508326819,12.0,30.0,0.0,19.584638165287516,0.0,0.0,0.0,17.492756896222706,0.0,0.0,478.32071582691199,480.20963188459066,479.80075022978908,481.69890594052,495.66655295399087,491.36040991201278,488.7390299129162,492.67067260351788,491.8133711405968,9602.459929535364,81.65555058612927,83.44455197014743,60.0,0.0,60.0,60.0,16.0,16.0,16.0,12.0,16.0,12.0,21.0,10.0,1.0,0.0,1819.5521658587787,0.0,0.0,0.0,0.0,0.0,0.0,0.0,2707.363681297805,1624418.208778683,2102192.0979301386,81.65555058612927,83.47493515272507,0.34524545604326026,0.7697157385562692,0.36028137401965956,83.47493515272507,0.3542647819438875,2102192.0979301386,0.1117039890923672 
 03/05  15:00:00,10.64,64.0,4.12,153.0,137.5,0.0,0.0,0.0,0.0,0.0,0.0,0.0,0.0,0.0,0.0,879.0,0.0,834.4421107797687,55.022000770899989,140.99225093428229,25.020522389382046,665.9613346893937,0.0,55.02200077089996,75.2192465332729,0.0,0.0,21.077839400798135,-1008.2640414565797,21.666524872059033,-160.39286660513256,20.97992437012829,-977.0007428894503,20.207579808201279,416.7373802692579,15.210813822446762,57.84428485681511,19.638691993832354,-148.3432342516495,17.701402133886206,238.44423307590069,15.92177349601717,102.90651780327593,17.008002289720907,114.69960117576747,671.9427099472905,329.61051533986235,0.0,0.0,0.0,0.0,0.0,0.0,0.0,0.0,0.0,0.0,0.0,0.0,0.0,0.0,0.0,0.0,0.0,0.0,0.0,0.0,0.0,0.0,0.868648180389012,0.26515512221886836,310.14143007841656,368.05348725990856,6848.018915607837,0.16310304281175176,0.024893626802770444,170.85380891656286,202.7006584896916,3683.366967792769,0.934278782155028,0.17654549927343708,305.33459968941988,361.94624678028779,6841.63308529315,0.27085098359294776,0.05118121383086695,307.6097610563402,366.021156970133,6213.255175511897,0.0,0.0,10.665119517843646,12.928225411453184,104.52981763678747,0.0,0.0,64.34497063339306,76.93181717115479,1140.3501311789729,0.0,0.0,281.9921393901435,338.3420798796202,4439.076620891449,0.0,0.0,38.49864877826559,46.54466808568004,437.5442216285687,0.0,0.0,147.9464553262977,178.26770494499275,1969.8773550391894,32.60164650099101,22.360525720844337,446.96541903431486,532.9283999561097,9035.544613780985,0.0,0.0,179.4023602355301,215.92854331840437,2509.0291523204939,1310.598870667669,21.701464409449956,31.85671216648604,22.000000000000019,30.00000000000002,0.0,21.42249992881469,32.395628189435218,16.000000000000015,30.00000000000002,1886.1342873795925,21.76048098075662,31.736029752619048,21.666666666666687,30.00000000000002,0.0,20.65727652502286,33.959581214898957,16.000000000000015,30.00000000000002,0.0,15.415831888993719,47.162873253102748,12.00000000000001,30.00000000000002,0.0,19.413535226630399,36.655878117285379,16.000000000000015,30.00000000000002,0.0,18.40308163949732,39.04922877888316,10.000000000000007,30.00000000000002,0.0,16.196630507620847,44.88882210131614,16.000000000000015,30.00000000000002,0.0,17.17576414658044,42.18292267149128,12.00000000000001,30.00000000000002,0.0,19.93366685328361,0.0,0.0,0.0,17.499761979914849,0.0,0.0,477.14163539118808,478.2909098038407,476.4332763361688,478.51686084847008,492.6743976495669,488.68919658488098,486.77767068691028,490.02453945230107,489.29123561343996,9266.647903257573,81.87762768401953,84.14528654028902,60.00000000000004,0.0,60.00000000000004,60.00000000000004,16.0,16.0,16.0,12.0,16.0,12.0,21.0,10.0,1.0,0.0,1310.598870667669,0.0,1886.1342873795925,0.0,0.0,0.0,0.0,0.0,3431.9102015574078,2059146.120934443,2674233.24140949,81.87762768401953,84.18379891577925,0.3410636733852471,0.7690893775655714,0.3602813740196598,84.18379891577925,0.3542647819438878,2674233.24140949,0.14147012855329348 
 03/05  15:10:00,10.610000000000002,64.16666666666667,4.175000000000001,149.0,108.33333333333332,0.0,0.0,0.0,0.0,0.0,0.0,0.0,0.0,0.0,0.0,1172.0,0.0,745.1490468636869,52.76272259718943,135.20285779071433,22.34309932729554,594.697339650364,0.0,52.76272259718941,72.13064198319164,0.0,0.0,21.16300331325833,-1241.7104965241043,21.676833937535066,7.471777530478562,20.67810280051797,-192.29129009871736,20.342186812312919,174.46468627116884,15.236263258107752,58.19718822265256,19.59008990337844,-132.1547513590442,17.748645216819303,232.4376065411675,15.929931664871376,104.22720650312533,17.032632011681799,111.325887336596,690.3953293764639,347.6515096279229,0.0,0.0,0.0,0.0,0.0,0.0,0.0,0.0,0.0,0.0,0.0,0.0,0.0,0.0,0.0,0.0,0.0,0.0,0.0,0.0,0.0,0.0,0.901901479855522,0.27530570203160018,325.172687384317,385.60087519585337,7320.288537777072,0.17145594069784993,0.026168489117498463,108.5718728105408,128.99835835134054,2374.072245848629,1.013592367649267,0.19153294929124482,248.40363003741539,295.410926410702,5308.422305875163,0.2522750178082102,0.047671016214703359,240.04714328698223,285.821230000489,4942.743366273177,0.0,0.0,10.650024710040049,12.914236020967959,105.42322603401613,0.0,0.0,62.23531786685111,74.44883636987467,1103.5273906392745,0.0,0.0,283.3440161012738,340.0087952839934,4510.656469794213,0.0,0.0,39.22549850095613,47.436024415613157,449.04169045735878,0.0,0.0,149.72518986441757,180.4483182029881,2009.7568174506928,32.94048356875595,22.592924258406009,347.8893467031527,415.4273076792498,7197.563061962485,0.0,0.0,181.98945222482076,219.08952516692257,2563.878794183412,1511.0271425520408,21.837251008286228,31.564218946103837,22.0,30.0,0.0,21.525159463737429,32.183926597920329,16.0,30.0,0.0,21.2173332818672,32.78874245379393,21.0,30.0,0.0,20.849791788836556,33.54394794589163,16.0,30.0,0.0,15.434299814171231,47.121815573477558,12.0,30.0,0.0,19.387423043026094,36.718900599916107,16.0,30.0,0.0,18.463185218491974,38.8998407103225,10.0,30.0,0.0,16.207404735985745,44.8646604982817,16.0,30.0,0.0,17.19953288305036,42.12443845079392,16.0,30.0,0.0,19.982217179039908,0.0,0.0,0.0,17.52145146244096,0.0,0.0,474.2705797355841,477.30065847613306,475.15281599109439,476.518788245443,490.1086979002388,486.3859421156883,483.9732421561526,487.58279160451709,486.81508840981356,7961.672125278008,82.74049676229117,82.74049676229117,60.0,0.0,60.0,60.0,16.0,16.0,16.0,16.0,16.0,12.0,21.0,10.0,1.0,0.0,1511.0271425520408,0.0,0.0,0.0,0.0,0.0,0.0,0.0,0.0,0.0,0.0,82.74049676229117,82.74049676229117,0.34,0.7697853882575467,0.36028137401965956,82.74049676229117,0.3542647819438875,0.0,0.00243 
 03/05  15:20:00,10.580000000000002,64.33333333333334,4.23,145.0,79.16666666666666,0.0,0.0,0.0,0.0,0.0,0.0,0.0,0.0,0.0,0.0,586.0,0.0,598.1105514831027,49.48375439746961,126.80057323668363,17.934210917361349,477.3473672628953,0.0,49.48375439746959,67.64804386000724,0.0,0.0,21.061861792190926,-902.4151613656113,21.589999253467377,-218.0268513725564,20.849363974680494,-144.21450792907309,20.224740743151398,147.1966011167242,15.25618771566564,57.167120891949057,19.51476779178717,-120.03240542470144,17.750099776111754,206.4565802833904,15.940354457089658,104.92927266249285,17.057275840753705,109.0873080257652,636.874884197412,351.2388550423775,0.0,0.0,0.0,0.0,0.0,0.0,0.0,0.0,0.0,0.0,0.0,0.0,0.0,0.0,0.0,0.0,0.0,0.0,0.0,0.0,0.0,0.0,0.8734802256074258,0.26663010549677226,311.99164553114647,370.1366278874619,6922.237272026887,0.1478754384360545,0.022569511360814179,125.417568344952,148.77614559356443,2725.6004778814337,1.0515146894223695,0.198698920903698,212.5197993031465,252.06868133783287,4698.794954756444,0.24804219780045656,0.04687116360552843,219.35721068847455,260.9970689457442,4431.262629763438,0.0,0.0,10.442243201671286,12.649289309816096,104.308994219373,0.0,0.0,60.281734016702717,72.04892273198846,1068.1472037552736,0.0,0.0,281.0431429885244,336.9455491122575,4477.868469129867,0.0,0.0,39.373010369201129,47.56572810285681,454.35270512820309,0.0,0.0,150.1110163268959,180.7170006310796,2032.3419567899944,33.07162678398695,22.68287159395539,267.9173085440776,319.9090073043195,5525.204800156879,0.0,0.0,182.59975941375604,219.5912872331989,2591.451145441058,1194.739022272241,21.69986538685881,31.831261521448857,22.0,30.0,0.0,21.447175461715305,32.32345632232321,16.0,30.0,941.8363971663896,21.5675142464695,32.099211818523247,21.5,30.0,0.0,20.631819778996367,33.98904762228536,16.0,30.0,0.0,15.447913268665689,47.089927381909507,12.0,30.0,0.0,19.34858310124057,36.80711373802566,16.0,30.0,0.0,18.4374737475464,38.96067450539239,10.0,30.0,0.0,16.22197442346083,44.824782738050057,16.0,30.0,0.0,17.22618556521774,42.05366753250499,16.0,30.0,0.0,19.667018176072959,0.0,0.0,0.0,17.542145201343354,0.0,0.0,473.79589060839927,473.77268090313228,473.84757243364177,475.4541447779725,487.43885173650178,484.19070374124979,482.37388918968818,485.34935570075739,484.8582382411529,7821.367716662845,82.83283983367392,86.225230634518,60.0,0.0,60.0,60.0,16.0,16.0,16.0,16.0,16.0,12.0,21.0,10.0,1.0,0.0,1194.739022272241,0.0,941.8363971663896,0.0,0.0,0.0,0.0,0.0,5134.110606380766,3080466.3638284595,4005120.2350246345,82.83283983367392,86.2828446922809,0.3411370202126922,0.765383873779628,0.36028137401965956,86.2828446922809,0.3542647819438875,4005120.2350246345,0.21072291888794768 
 03/05  15:30:00,10.55,64.5,4.285,141.0,50.0,0.0,0.0,0.0,0.0,0.0,0.0,0.0,0.0,0.0,0.0,880.0,0.0,515.3929262619483,47.26646408721634,121.11878601714705,15.453951028385312,411.33117984329507,0.0,47.26646408721632,64.61683990257161,0.0,0.0,20.932162644603137,-559.7065963742186,21.419524596490388,-144.0492153112172,20.853081804072987,-645.0888066221678,20.243001904954367,237.0269638731154,15.27352160318387,54.92307054624736,19.438512236572409,-123.12380165538187,17.71601186359531,190.82966258738203,15.946050669201519,100.3438822723582,17.073717258427494,95.45198543794652,655.2599876872835,325.4453963940076,0.0,0.0,0.0,0.0,0.0,0.0,0.0,0.0,0.0,0.0,0.0,0.0,0.0,0.0,0.0,0.0,0.0,0.0,0.0,0.0,0.0,0.0,0.9141931001192776,0.2790577228691323,252.95192166294854,300.59081268913186,5473.66243840082,0.15919778402443339,0.024297586084315226,99.79981903620399,118.70296417060243,2143.161702214017,0.9073572448336875,0.17145828511596515,269.3087323103035,320.1050647360056,5825.685974747391,0.23388915443853965,0.044196741201538079,244.23627183646549,290.9264363677006,4981.052688548615,0.0,0.0,10.268833660681786,12.447479713265566,103.32687280686293,0.0,0.0,60.65154500016751,72.55110201656943,1071.7808354521793,0.0,0.0,270.3868710867496,324.49636854775818,4280.302252511312,0.0,0.0,38.1011607062393,46.06154063794976,442.2717197032173,0.0,0.0,142.05768701563995,171.14690441532788,1934.9360721092126,33.2349701461412,22.794904078286146,354.40512128398577,423.3492121341852,7279.261037693081,0.0,0.0,173.24078216208117,208.53496789984536,2449.9254541415405,798.8992870994714,21.3908933291399,32.438915089302088,21.333333333333326,29.99999999999999,0.0,21.2508120984078,32.708868770026217,15.999999999999993,29.99999999999999,988.1400160540243,21.443950123771619,32.33324414962091,21.333333333333326,29.99999999999999,0.0,20.691077904402304,33.85417041887854,15.999999999999993,29.99999999999999,0.0,15.45416682269245,47.074161604265558,11.999999999999995,29.99999999999999,0.0,19.294059193820809,36.930255991163459,15.999999999999993,29.99999999999999,0.0,18.354585193692484,39.16092831432455,9.999999999999997,29.99999999999999,0.0,16.22596265274805,44.81155742341652,15.999999999999993,29.99999999999999,0.0,17.237349524885184,42.02158082561699,15.999999999999993,29.99999999999999,0.0,19.733281738469338,0.0,0.0,0.0,17.485837871447019,0.0,0.0,471.64577119294577,472.5490251064939,471.63944010548109,472.67383389416838,485.5023594114163,482.40910744971679,480.53898657245267,483.46643635599869,482.85655108190118,5080.436325223413,83.79164963228367,83.79164963228367,59.99999999999998,0.0,59.99999999999998,59.99999999999998,16.0,16.0,16.0,16.0,16.0,12.0,21.0,10.0,1.0,0.0,798.8992870994714,0.0,988.1400160540243,0.0,0.0,0.0,0.0,0.0,0.0,0.0,0.0,83.79164963228367,83.79164963228367,0.2266666666666666,0.4597466283370488,0.24018758267977295,83.79164963228367,0.2361765212959249,0.0,0.002483333333333333 
 03/05  15:40:00,10.520000000000002,64.66666666666666,4.34,128.16666666666667,52.5,0.0,0.0,0.0,0.0,0.0,0.0,0.0,0.0,0.0,0.0,1178.0,0.0,487.49016089245898,43.356208640592878,111.09888180021814,14.61728745430808,389.06214153409658,0.0,43.356208640592857,59.271224251982598,0.0,0.0,20.989864875586166,-896.0721447752139,21.350986239435266,-57.20156798324683,20.854353704896839,-587.0465897475016,20.222197455656017,201.05241278329289,15.293762409771262,54.13709537952133,19.371959635948686,-119.41983236284686,17.724099684021096,230.3163561401653,15.945517445789378,95.22447505219052,17.076445695038438,77.31549102495186,761.9566341699631,321.8651018497877,0.0,0.0,0.0,0.0,0.0,0.0,0.0,0.0,0.0,0.0,0.0,0.0,0.0,0.0,0.0,0.0,0.0,0.0,0.0,0.0,0.0,0.0,0.9052031818998505,0.27631354758847706,274.80797487386567,326.18380964496699,6015.259010323462,0.17310832825312995,0.02642068502031899,149.00668514071769,177.04687525101319,3191.129678015198,0.9443916455581987,0.1784564711939152,248.4714357373785,295.32190740990708,5419.508900998962,0.23643041934556248,0.04467694998971324,237.09066806050408,282.4992961889484,4828.793690956472,0.0,0.0,10.368156949385222,12.57155807532633,105.1474560142119,0.0,0.0,60.50589682008262,72.42102262172418,1064.9774502557944,0.0,0.0,268.4080239834011,322.2170698005308,4267.563915137484,0.0,0.0,38.14447614059379,46.129525314634808,444.5921886564683,0.0,0.0,138.6772920908884,167.1299059638755,1894.6590514593327,33.52013724069121,22.990491934630478,374.042397503861,446.74280719129629,7630.808021864852,0.0,0.0,169.66999971146556,204.34119321609126,2389.302296283149,927.4984834393974,21.426562352057894,32.35175894876084,21.500000000000008,30.00000000000001,0.0,21.20022686883801,32.80388547929336,16.000000000000008,30.00000000000001,853.1383583906664,21.361985615426297,32.48665985568116,21.250000000000008,30.00000000000001,0.0,20.65057604315927,33.92899494912347,16.000000000000008,30.00000000000001,0.0,15.463214505890072,47.046874728729118,12.000000000000004,30.00000000000001,0.0,19.227529706062044,37.079781161407868,19.000000000000008,30.00000000000001,0.0,18.35989197265676,39.142324291088858,10.000000000000004,30.00000000000001,0.0,16.21941241587505,44.82646567566643,16.000000000000008,30.00000000000001,0.0,17.22781167150044,42.04272021256742,16.000000000000008,30.00000000000001,0.0,19.807843228734087,0.0,0.0,0.0,17.42596068510823,0.0,0.0,469.0945260335799,471.14854896549948,469.3731871658452,470.01677558091316,483.40570905679626,480.2057565442385,478.22683319475746,481.3389225411498,480.6359503369955,7797.635457704888,80.86021486429613,84.479190298455,60.00000000000002,0.0,60.00000000000002,60.00000000000002,16.0,16.0,19.0,16.0,16.0,12.0,21.0,10.0,1.0,0.0,927.4984834393974,0.0,853.1383583906664,0.0,0.0,0.0,0.0,0.0,5476.658043992067,3285994.82639524,4754513.152135247,80.86021486429613,84.54065251550095,0.2675552681330689,0.5386502622265939,0.27021103051474468,84.54065251550095,0.2656985864579156,4754513.152135247,0.24974468391103289 
 03/05  15:50:00,10.490000000000002,64.83333333333334,4.395,115.33333333333334,55.0,0.0,0.0,0.0,0.0,0.0,0.0,0.0,0.0,0.0,0.0,885.0,0.0,458.8132372428027,39.388311115370459,100.93127199184579,13.757411004320446,366.1752544823729,0.0,39.38831111537044,53.846807509828817,0.0,0.0,20.91864991009266,-1197.7212191420329,21.378150945407826,85.07535449305706,20.838448162173895,-291.1183427219084,20.222490733508445,266.0808011435822,15.318698387912779,55.698800660074059,19.315205903392287,-98.61951144680029,17.783938512867374,223.0162533366173,15.9452242297973,95.96176328337106,17.076588983629379,79.3675826473261,722.5649531878698,358.39100096060397,0.0,0.0,0.0,0.0,0.0,0.0,0.0,0.0,0.0,0.0,0.0,0.0,0.0,0.0,0.0,0.0,0.0,0.0,0.0,0.0,0.0,0.0,0.9215947855301099,0.2813170896001559,353.65216788585647,419.7509988820255,7823.068036904337,0.18667941666126765,0.02849197445990046,152.7126947541334,181.43714922300564,3316.4492247310424,0.9742762068009598,0.18410359161015894,259.2670265838808,308.1480019833615,5598.295798723563,0.2576014887206219,0.04867752999255896,272.1644283262413,324.09705916383686,5561.305333428252,0.0,0.0,10.50973705326508,12.738332715009245,107.62238179752322,0.0,0.0,57.143925297604557,68.3926441659892,1003.5109494250846,0.0,0.0,274.1771421309737,328.9229311462737,4426.669663373765,0.0,0.0,39.04973253406218,47.20892642680873,457.1891305647483,0.0,0.0,145.37983709891416,175.14176174647629,1992.763362789658,33.924086447683929,23.267549003898468,416.29375556693449,496.8376710725973,8605.531690691532,0.0,0.0,177.36696420693665,213.51542875083667,2513.799493835555,1327.0847419475636,21.549309524561975,32.11185242018966,21.666666666666687,30.00000000000002,0.0,21.311642741535658,32.57385307530325,16.000000000000015,30.00000000000002,0.0,21.222203746017536,32.750229763479527,21.000000000000015,30.00000000000002,0.0,20.659414015509044,33.90579074678167,16.000000000000015,30.00000000000002,0.0,15.481599671480412,46.98882580428495,12.00000000000001,30.00000000000002,0.0,19.175419779061998,37.195762880833409,19.000000000000015,30.00000000000002,0.0,18.45330094278407,38.907768318873539,10.000000000000007,30.00000000000002,0.0,16.21461071934951,44.83487902677121,16.000000000000015,30.00000000000002,0.0,17.21920710998804,42.06062259900498,16.000000000000015,30.00000000000002,0.0,19.980691341813995,0.0,0.0,0.0,17.439633853145609,0.0,0.0,467.35579261932767,468.92299666110929,467.4545548041976,468.63221382717736,481.1093940956936,478.00927650308986,475.83676553977497,479.1113630415788,478.5105221417126,7932.829269283435,82.75936779660023,82.75936779660023,60.00000000000004,0.0,60.00000000000004,60.00000000000004,16.0,16.0,19.0,16.0,16.0,12.0,21.0,10.0,1.0,0.0,1327.0847419475636,0.0,0.0,0.0,0.0,0.0,0.0,0.0,0.0,0.0,0.0,82.75936779660023,82.75936779660023,0.3400000000000003,0.7714465624168745,0.3602813740196598,82.75936779660023,0.3542647819438878,0.0,0.0025466666666666669 
 03/05  16:00:00,10.46,65.0,4.45,102.5,57.5,0.0,0.0,0.0,0.0,0.0,0.0,0.0,0.0,0.0,0.0,1180.0,0.0,426.51815076542837,35.4514079246855,90.84308239212193,12.789045696011291,340.4007501659786,0.0,35.45140792468548,48.46476237281558,0.0,0.0,21.067209439893867,-1113.0745010201604,21.380407135769887,-1.6002133853089618,20.94003364272674,-650.26169966931,20.221991236954286,301.1671129556619,15.34484273485027,54.53635854423193,19.272113304383873,-90.30780871016765,17.781921320633388,197.97016239486903,15.948938981258364,96.76768584778279,17.083601766471547,81.92157839653396,684.094748272068,366.62198032941776,0.0,0.0,0.0,0.0,0.0,0.0,0.0,0.0,0.0,0.0,0.0,0.0,0.0,0.0,0.0,0.0,0.0,0.0,0.0,0.0,0.0,0.0,0.8993696309130459,0.27453285436906169,315.0730813055758,374.0596698942343,7077.017484044452,0.17105537395628762,0.026107352557430957,101.61100747829296,120.6726310747797,2218.9631259344639,0.9806165582465997,0.18530169279036286,306.57744615948539,363.69339854317777,6871.284721968759,0.25815702484650396,0.04878250658475129,263.32061270752527,313.4966797512235,5405.1275648861469,0.0,0.0,10.32451056777949,12.517403155210364,106.77705340634415,0.0,0.0,55.236167011737077,66.13430361709372,970.1171110578409,0.0,0.0,272.42021812484986,326.9718259676759,4400.763527352823,0.0,0.0,39.02305084845597,47.19549774347203,459.46793162094266,0.0,0.0,146.21738012034778,176.22405817950529,2014.5537309563286,34.06837017389017,23.366509035589976,362.56963997496407,432.8399821286825,7485.872221965103,0.0,0.0,178.26092249520898,214.68947569766974,2534.7917154496046,1673.7866669707417,21.69207993773935,31.817918550851816,22.0,30.0,0.0,21.34290445660873,32.50685291961284,16.0,30.0,1472.542769852803,21.491114595412129,32.22950564717407,21.5,30.0,0.0,20.647378103100857,33.92857001581646,16.0,30.0,0.0,15.501987504007668,46.92338775948785,12.0,30.0,0.0,19.145928734116759,37.25916090468402,19.0,30.0,0.0,18.427795582244685,38.96395365591404,10.0,30.0,0.0,16.217499409062638,44.820457741172919,16.0,30.0,0.0,17.22438533917066,42.04057378663223,16.0,30.0,0.0,19.782035239225089,0.0,0.0,0.0,17.433684236612373,0.0,0.0,465.06975271828227,466.8790356162048,465.9452736609075,467.3187857546371,478.96856318572136,475.79173566816606,473.3955972921891,476.83911885327128,476.10685171863158,8745.083987657647,82.22240728337597,83.98439687707077,60.0,0.0,60.0,60.0,16.0,16.0,19.0,16.0,16.0,12.0,21.0,10.0,1.0,0.0,1673.7866669707417,0.0,1472.542769852803,0.0,0.0,0.0,0.0,0.0,2666.5275712470668,1599916.54274824,2075622.473555755,82.22240728337597,84.01432130977573,0.3438842523749022,0.7705357498826035,0.36028137401965956,84.01432130977573,0.3542647819438875,2075622.473555755,0.1105157019582326 
 03/05  16:10:00,10.363333333333335,65.5,4.33,89.66666666666666,60.0,0.0,0.0,0.0,2.0,0.0,0.0,0.0,0.0,0.0,4.0,590.0,0.0,395.5809499466071,31.368285736182107,80.38021378574334,11.861395720668187,315.70995766034067,0.0,31.36828573618209,42.882824780227199,0.0,0.0,20.593074629147535,-287.1135199428718,21.29083750721717,-198.46735099040735,21.037230979482258,-1068.5413051147035,20.362250801928206,335.8499093367027,15.373405790777462,53.617102847647689,19.34385325868792,-36.77862437978908,17.717010317943318,123.94960785174954,15.9493247852674,92.38498526149954,17.08731533624732,74.06105378896427,744.9816579694125,369.57001909219437,0.0,0.0,0.0,0.0,0.0,0.0,0.0,0.0,0.0,0.0,0.0,0.0,0.0,0.0,0.0,0.0,0.0,0.0,0.0,0.0,0.0,0.0,1.0143219193402955,0.3096220755007007,247.6642260956242,294.4568421146306,5262.727811391696,0.17825500070536727,0.027206196688853373,192.75788899556489,228.89586395836575,4185.875988039004,0.7884635617809581,0.14899160275528315,298.0691294465288,353.44255192679767,6745.119335446447,0.24157121712512887,0.045648378141558729,303.57233685637928,360.9332474104709,6420.255333696996,0.0,0.0,10.393598400808607,12.590021531564505,110.09084497627491,0.0,0.0,12.555718372015268,15.01215179942394,226.46260191619994,0.0,0.0,223.48726295617224,268.14354000841976,3586.8524330990765,0.0,0.0,37.80102619888699,45.676349486664978,452.38699730671217,0.0,0.0,143.71520641793894,173.04707676863624,2008.6239396539903,33.79965347236454,23.182204027684877,470.1565719502611,560.558111183909,9838.232675660696,0.0,0.0,174.718072042267,210.26497096843975,2500.6545639466587,170.3745989378391,20.912566283792864,33.39109386492599,21.0,30.0,0.0,21.211970424962467,32.773037488789757,16.0,30.0,0.0,21.64405453979803,32.59109618845709,21.0,30.0,0.0,20.896966051295725,33.758277488219018,16.0,30.0,0.0,15.527308783426085,46.84387321130998,12.0,30.0,0.0,19.293592013774679,38.62053474920825,19.0,30.0,0.0,18.268974551081486,39.35369593222883,10.0,30.0,0.0,16.214280495610564,44.82603537363728,16.0,30.0,0.0,17.22398886503081,42.03887802055377,16.0,30.0,0.0,20.076984584516475,0.0,0.0,0.0,17.379863160483564,0.0,0.0,465.907641484651,465.0380490216595,500.59130385328566,483.2602480288949,476.5209226064452,584.5716802914549,471.80323040390206,474.70785948164566,474.20345876595209,7718.392472434717,82.90133711289639,82.90133711289639,1744.0,0.0,1744.0,1744.0,16.0,16.0,19.0,16.0,16.0,12.0,21.0,10.0,1.0,0.0,170.3745989378391,0.0,0.0,0.0,0.0,0.0,0.0,0.0,0.0,0.0,0.0,82.90133711289639,82.90133711289639,0.34,0.7711230746925905,0.36028137401965956,82.90133711289639,0.3542647819438875,0.0,0.07615466666666668 
 03/05  16:20:00,10.266666666666668,66.0,4.210000000000001,76.83333333333333,62.5,0.0,0.0,0.0,2.0,0.0,0.0,0.0,0.0,0.0,4.0,1180.0,0.0,363.31567499874066,27.22460626112972,69.7621694734882,10.893923985810395,289.9592422243044,0.0,27.224606261129705,37.218100785790557,0.0,0.0,21.232928178993438,-1126.9085057307767,21.203475291475173,157.6536568741842,21.052325571103859,-852.0773071090516,20.401606596008059,276.1324138375944,15.397115800088854,55.10104606167167,19.41567035754355,-51.89834885419373,17.702164802973138,247.55217965642738,15.941339716574067,82.29139585114507,17.07556532303468,41.55559231475877,773.1632448552769,336.66566349383677,0.0,0.0,0.0,0.0,0.0,0.0,0.0,0.0,0.0,0.0,0.0,0.0,0.0,0.0,0.0,0.0,0.0,0.0,0.0,0.0,0.0,0.0,1.0080459963074869,0.3077063480792085,310.0903304448079,367.66347536257856,7255.801194736007,0.22872003619537097,0.034908430432748927,242.04790304849088,287.76571523359987,5289.733411559844,0.8776631358523064,0.16584715341124463,264.4445558413935,313.95899310683446,6034.290521242545,0.2394375559844476,0.04524519198496741,271.2059166243551,322.7316779257512,5813.562767000545,0.0,0.0,11.317351446674131,13.71932854784955,122.49178427572397,0.0,0.0,15.001875328187975,17.934814143845949,277.67294677708096,0.0,0.0,217.8166096282395,261.57406093460716,3540.430771648978,0.0,0.0,37.49638157711278,45.354946713491148,454.67939203194836,0.0,0.0,133.4098872132958,160.81116527563604,1883.1276199757575,33.65657440178167,23.08407023441816,497.60756752260206,593.5277350714767,10621.856715440412,0.0,0.0,163.46400976762539,196.9962686147288,2331.6784509851624,1736.8281674791215,21.92408474853748,31.57983206932908,22.0,30.0,0.0,21.143479840039505,33.07298056197896,16.0,30.0,0.0,21.633751074996697,32.86624586297529,21.0,30.0,0.0,20.945124478376934,34.13719403259739,16.0,30.0,0.0,15.54382842705947,46.8003534836107,12.0,30.0,0.0,19.42534502016254,39.720620072731978,19.0,30.0,0.0,18.274389148161775,39.40891824494643,10.0,30.0,0.0,16.1956698418502,44.9022594025593,16.0,30.0,0.0,17.19604807756605,42.14210072575245,16.0,30.0,0.0,20.208253009699694,0.0,0.0,0.0,17.255118147343287,0.0,0.0,474.73728863984948,473.30747034102566,514.5855053186073,507.08183921020847,474.9961749687291,673.4871920088148,472.75370525471666,474.1509886490986,473.85785750659826,9695.186884279321,81.59427044847101,83.32115068460587,1744.0,0.0,1744.0,1744.0,16.0,16.0,19.0,16.0,16.0,12.0,21.0,10.0,1.0,0.0,1736.8281674791215,0.0,0.0,0.0,0.0,0.0,0.0,0.0,2613.447724659609,1568068.6347957655,2029649.4599674866,81.59427044847101,83.35047884386438,0.34211492415532038,0.7696691937584572,0.36028137401965956,83.35047884386438,0.3542647819438875,2029649.4599674866,0.18198710525164267 
 03/05  16:30:00,10.170000000000002,66.5,4.09,64.0,65.0,0.0,0.0,0.0,2.0,0.0,0.0,0.0,0.0,0.0,4.0,1181.0,0.0,375.3791533749322,23.829040727508465,61.061123977049607,11.255626423890729,299.586811437341,0.0,23.829040727508454,32.5761052673647,0.0,0.0,21.010765565038775,-328.71028298440697,21.224521102758169,-123.54074690765794,21.12014014721504,-904.8315560751876,20.42909877581109,323.7722178700383,15.426892954159048,50.10309538771979,19.480566544607869,-46.222526898371359,17.70839568729357,110.98542115299574,15.933428953697164,81.68324796102559,17.06042420547411,46.818272234493637,718.2579312338344,377.2612879411986,0.0,0.0,0.0,0.0,0.0,0.0,0.0,0.0,0.0,0.0,0.0,0.0,0.0,0.0,0.0,0.0,0.0,0.0,0.0,0.0,0.0,0.0,1.1377091324654672,0.34728605997114389,181.05125897836417,215.35490196989142,4084.7733123086138,0.20783044243738536,0.03172015299715894,130.36267369350368,155.23641901048524,2880.8033799623656,0.7452136618911864,0.14081890814270349,278.84022300615347,330.9682135680124,6447.921518410989,0.22115655137164956,0.04179073155171003,278.1722822184001,330.9813549245865,6041.317321186797,0.0,0.0,10.371729409122171,12.573859064678914,114.80945962863557,0.0,0.0,12.823294984820742,15.325608879156127,242.47902268969745,0.0,0.0,217.97241378949287,261.8552304486277,3564.008124780526,0.0,0.0,36.983237140009958,44.74319163426574,454.5833592129836,0.0,0.0,139.90590318006069,168.69250295369046,1995.383212174919,33.25180287665865,22.806449160945584,382.7433213875,457.0360305791257,8282.509467370268,0.0,0.0,170.21508237742547,205.1846973522591,2455.906077833422,595.341340327947,21.465965796551488,32.873914138504719,21.25,30.0,0.0,21.167483008881776,33.50682253999075,16.0,30.0,0.0,21.6977530575567,33.28965804409707,21.0,30.0,0.0,20.991153752063178,34.584708002859319,16.0,30.0,0.0,15.568138611256286,46.81692750651576,12.0,30.0,0.0,19.53207963720813,40.63626567143175,19.0,30.0,0.0,18.227062193369254,39.79661625806509,10.0,30.0,0.0,16.17935332276133,45.128000367198968,16.0,30.0,0.0,17.170138709782763,42.42746937846239,16.0,30.0,0.0,20.0445226230678,0.0,0.0,0.0,17.238490903214694,0.0,0.0,495.51814914015508,497.84777456082107,541.8578260039726,533.5780685656779,476.1626309251853,744.2366783564627,483.1099537588585,479.01726779296976,480.5329132131352,4279.489059561474,82.64933902907953,82.64933902907953,1744.0,0.0,1744.0,1744.0,16.0,16.0,19.0,16.0,16.0,12.0,21.0,10.0,1.0,0.0,595.341340327947,0.0,0.0,0.0,0.0,0.0,0.0,0.0,0.0,0.0,0.0,82.64933902907953,82.64933902907953,0.17,0.3465571394693676,0.18014068700982978,82.64933902907953,0.17713239097194376,0.0,0.07673600000000001 
 03/05  16:40:00,10.073333333333335,67.0,3.9699999999999999,55.333333333333339,54.16666666666667,0.0,0.0,0.0,2.0,0.0,0.0,0.0,0.0,0.0,4.0,592.0,0.0,323.1516936615422,20.608607383370314,52.8088586117344,9.689600942651257,257.9045179362911,0.0,20.608607383370307,28.17352872956612,0.0,0.0,20.64249961661349,-299.2131028733743,21.14138078286375,-92.78169922257348,21.13608855590042,-905.1839994847542,20.43975004393289,281.7934223153152,15.451528846874158,48.867606249811817,19.51109208264912,-50.531239397584219,17.66931608469745,146.45245503516299,15.923816963047335,76.62226361116189,17.043541514408724,34.31145482905231,733.8902050394963,378.99296929770437,0.0,0.0,0.0,0.0,0.0,0.0,0.0,0.0,0.0,0.0,0.0,0.0,0.0,0.0,0.0,0.0,0.0,0.0,0.0,0.0,0.0,0.0,1.1510320033102637,0.35135287036332837,193.28669312023465,229.84777885555384,4251.226956670151,0.2181815772643067,0.03329999652996134,141.31912250129228,167.95246382745996,3127.4434564003197,0.7650178082988306,0.14456118826508519,267.832031047846,317.5822588359962,6237.970670285887,0.21858992024187713,0.04130572944857843,266.66635318210617,316.9511315807541,5847.776362844312,0.0,0.0,10.475639570762635,12.688027955124668,118.48206639176172,0.0,0.0,13.191939539227939,15.747320136008217,253.86264765782165,0.0,0.0,214.02793459520596,256.90982620548336,3515.7624785820837,0.0,0.0,36.58324736665166,44.218250520518839,455.496600388841,0.0,0.0,135.76207094891749,163.53617446156839,1955.0040794408247,32.91515649691111,22.575553152888284,383.7266667851601,457.6244813134484,8375.582448559131,0.0,0.0,165.48902862524165,199.34533032463629,2385.7732651530516,181.44831933662037,20.976451008945305,34.07809226951736,21.0,30.0,0.0,21.0877729956845,33.87829953829269,16.0,30.0,0.0,21.67884578547524,33.53497140333399,21.0,30.0,0.0,20.99688947866045,34.79682880717855,19.0,30.0,0.0,15.588834872698844,46.90374520950664,12.0,30.0,0.0,19.603598928498756,41.427715728596677,19.0,30.0,0.0,18.16424060965294,40.113274730545047,10.0,30.0,0.0,16.15905529175236,45.372536718217549,16.0,30.0,0.0,17.13918364300158,42.66104879043008,16.0,30.0,0.0,20.066115553685166,0.0,0.0,0.0,17.133762702266496,0.0,0.0,505.6139328328623,508.19864120133345,552.2993953269051,543.9410825415542,480.0210162238461,800.0128774989587,489.1737103020187,485.36791499919459,486.2585469411662,9773.656553034776,81.54240940092159,81.5424094009216,1744.0,0.0,1744.0,1744.0,16.0,19.0,19.0,16.0,16.0,12.0,21.0,10.0,1.0,0.0,181.44831933662037,0.0,0.0,0.0,0.0,0.0,0.0,0.0,0.0,0.0,0.0,81.54240940092159,81.54240940092159,0.34,0.7710477911062523,0.36028137401965956,81.54240940092159,0.3542647819438875,0.0,0.07702666666666668 
 03/05  16:50:00,9.976666666666667,67.5,3.85,46.66666666666667,43.333333333333339,0.0,0.0,0.0,2.0,0.0,0.0,0.0,0.0,0.0,4.0,1184.0,0.0,230.387264653099,16.73419753067315,42.88081878682014,6.908096299273957,183.87012451605268,0.0,16.73419753067314,22.876916723499244,0.0,0.0,21.24891259356408,-1138.1783950775874,21.09704556166095,214.43437259588928,21.171548987488575,-900.5624032860415,20.43665290302964,282.1199300644507,15.4698884155317,51.63202268663018,19.493682657703077,-60.99855466834272,17.696524358986726,234.672101441186,15.912272798572705,70.9019396681694,17.021109598637577,16.816829398136635,762.0602329750977,395.54398311800176,0.0,0.0,0.0,0.0,0.0,0.0,0.0,0.0,0.0,0.0,0.0,0.0,0.0,0.0,0.0,0.0,0.0,0.0,0.0,0.0,0.0,0.0,1.085490901004383,0.3313464288780168,298.4944119211688,353.8406428964514,7172.112595343113,0.24875110091648595,0.037965674743053418,230.71880015094446,274.24621924335397,5172.364813036513,0.9091327299056984,0.1717937887198977,265.84748855771405,315.55373029477098,6257.65122293483,0.24464948522577247,0.04623006145611723,271.16430710700959,322.63568391893446,5994.481219445513,0.0,0.0,11.323577845330254,13.726388764006334,130.62542151025336,0.0,0.0,15.37271322011077,18.362881876411167,299.2876926629982,0.0,0.0,221.5544760035876,266.1250837032164,3714.4181876321347,0.0,0.0,37.3781942795424,45.22706727845694,471.01857650415885,0.0,0.0,137.5045880050232,165.8181182478841,1996.5346607422308,32.78805702387937,22.48837930307228,486.8685365121431,580.6134822066168,10715.718421148256,0.0,0.0,167.58642035669028,202.11484666915443,2426.7533155757985,1753.6555080815159,21.93336046164414,32.43474219262284,22.0,30.0,0.0,21.116501573681526,34.11277203700249,16.0,30.0,0.0,21.70086763726174,33.717398566701259,21.0,30.0,0.0,20.98832269710647,35.08498768277794,19.0,30.0,0.0,15.602699628637155,47.02001541996684,12.0,30.0,0.0,19.618492258698866,41.862482212448387,19.0,30.0,0.0,18.233453746184354,40.2063762841212,10.0,30.0,0.0,16.136430678382689,45.64271659532642,16.0,30.0,0.0,17.101431354040579,42.98445913972492,16.0,30.0,0.0,20.20999390497062,0.0,0.0,0.0,17.065458766670774,0.0,0.0,519.6254962528722,522.0684675987151,563.6629520880621,556.7834424641239,484.8852151657773,824.9626295230155,500.04438260600969,492.9141787349661,494.9552129931619,9875.956715072502,81.47472407690515,83.23461661508999,1744.0,0.0,1744.0,1744.0,16.0,19.0,19.0,16.0,16.0,12.0,21.0,10.0,1.0,0.0,1753.6555080815159,0.0,0.0,0.0,0.0,0.0,0.0,0.0,2663.3571969961856,1598014.3181977112,2067895.3053853936,81.47472407690515,83.26450543283063,0.3437785732332062,0.7687960857165268,0.36028137401965956,83.26450543283063,0.3542647819438875,2067895.3053853936,0.1848478892133738 
 03/05  17:00:00,9.88,68.0,3.73,38.0,32.5,0.0,0.0,0.0,2.0,0.0,0.0,0.0,0.0,0.0,4.0,1185.0,0.0,182.08857488251059,13.618799331779173,34.89770730859827,5.459873975454853,145.32335026294389,0.0,13.618799331779166,18.617931192463144,0.0,0.0,21.027339155730489,-336.9198436048591,21.084916473406204,-93.3532169992392,21.21933396918645,-931.8951202821318,20.46241459110169,327.4778967606735,15.491051499947235,46.8033384117975,19.46737365646161,-50.65957624762022,17.69739728313867,97.26595165532263,15.904737207881304,71.47200472344469,17.00357930950026,24.911562327307594,715.3228189090523,436.0263997963734,0.0,0.0,0.0,0.0,0.0,0.0,0.0,0.0,0.0,0.0,0.0,0.0,0.0,0.0,0.0,0.0,0.0,0.0,0.0,0.0,0.0,0.0,1.212804661675774,0.3702089931855232,175.2004086456353,208.4190731070664,4055.854130652724,0.22635938010605814,0.034548134936822069,124.17109997234806,147.90000600043764,2807.5942203525457,0.7784510304485599,0.1470995900318519,280.99904019747307,333.4939566208521,6690.933226676467,0.2273919635154369,0.04296900293186637,279.3148667499298,332.3105252270951,6253.692572909873,0.0,0.0,10.308783912133077,12.497041005812428,121.29478861641552,0.0,0.0,12.97917413255346,15.506336739392968,255.12087663377896,0.0,0.0,221.16250402700599,265.7571927382405,3724.4506310791186,0.0,0.0,36.78614228283691,44.51815807910083,469.83239481722299,0.0,0.0,143.51793293990958,173.11920038101665,2105.427728842466,32.40468256109064,22.225433855343384,379.041577906476,452.60907205704708,8451.722627718262,0.0,0.0,173.71044188171366,209.55354230744303,2543.7372213768665,598.3662605512616,21.460920126524746,33.719952180766359,21.25,30.0,0.0,21.118337539075715,34.50905994816598,16.0,30.0,0.0,21.7486860546264,34.02595460968992,21.0,30.0,0.0,21.03481150931051,35.39275636465928,19.0,30.0,0.0,15.61911635009903,47.287936189868918,12.0,30.0,0.0,19.614176435205473,42.38286593172275,19.0,30.0,0.0,18.17567730809084,40.79917622391101,10.0,30.0,0.0,16.122500184811075,46.14750081250598,16.0,30.0,0.0,17.077069907176609,43.55703117138765,16.0,30.0,0.0,20.068120250052698,0.0,0.0,0.0,17.048337989771846,0.0,0.0,536.820814853289,542.1436034388942,583.6224196974578,576.5185411056418,495.3938444770605,850.6874733596758,518.4800498861678,509.37076278225438,513.9412309422561,5029.492514331441,81.3193054216911,81.3193054216911,1744.0,0.0,1744.0,1744.0,16.0,19.0,19.0,16.0,16.0,12.0,21.0,10.0,1.0,0.0,598.3662605512616,0.0,0.0,0.0,0.0,0.0,0.0,0.0,0.0,0.0,0.0,81.3193054216911,81.3193054216911,0.17,0.34784091830247096,0.18014068700982978,81.3193054216911,0.17713239097194376,0.0,0.07760800000000001 
 03/05  17:10:00,9.786666666666667,68.33333333333334,3.6733333333333335,29.33333333333333,21.66666666666666,0.0,4.0,0.0,0.0,0.0,0.0,0.0,0.0,0.0,0.0,594.0,0.0,132.89579222744733,10.523849501994667,26.966997410591138,3.9848433011500328,106.06301642691864,0.0,10.523849501994662,14.386900132287759,0.0,0.0,21.053966948097427,-1030.179741354419,21.05205300127345,187.29413680550079,20.78340654394838,-131.14432895769279,20.488029506015694,-73.89459075739197,15.51162253254973,50.32451328667682,19.264207523878477,-176.11558164514714,17.799985292246566,251.91953017749257,15.896122002352286,69.24926493669784,16.983228665139664,13.171756141071,706.0727083917082,479.56920695981219,0.0,0.0,0.0,0.0,0.0,0.0,0.0,0.0,0.0,0.0,0.0,0.0,0.0,0.0,0.0,0.0,0.0,0.0,0.0,0.0,0.0,0.0,1.0983026777804066,0.3352572276496968,392.07995292175897,465.20400882709228,9090.387141091891,0.24177790475160533,0.03690138961410337,216.2236372269366,256.804406178128,4940.954209695703,1.0225570744977113,0.19322696041151014,205.51836793732427,244.171251369223,4690.930408053698,0.24264803908036598,0.045851859236652667,17.77071650501384,21.12924019257034,404.713384558994,0.0,0.0,11.128001543890614,13.476194260576558,133.4735579061013,0.0,0.0,73.9390357654743,88.40651780888773,1424.994613080249,0.0,0.0,293.219714162935,351.6222936405673,5123.283964248003,0.0,0.0,38.54753529048082,46.59780253760709,498.4905391363783,0.0,0.0,149.22548968408746,179.7952585489433,2208.2136960295895,32.29327923727628,22.149025539970024,334.4644035517442,398.5584699222719,7561.06733616577,0.0,0.0,180.78576695893148,217.84352957836175,2662.2925072337586,1051.659615231219,21.470113039415496,34.01126276533527,21.0,30.0,0.0,21.162845073943026,34.69587761457143,16.0,30.0,0.0,21.110812223982764,34.932257920611878,21.0,30.0,0.0,20.975682676964845,39.03692942219622,19.0,30.0,0.0,15.636885468852326,47.701969611165349,12.0,30.0,0.0,19.312825906161007,39.38898409680975,16.0,30.0,0.0,18.399269352521878,41.22949243481452,10.0,30.0,0.0,16.10597875672242,46.517387737399108,16.0,30.0,0.0,17.044941257337535,43.92559690257289,16.0,30.0,0.0,19.925681451795698,0.0,0.0,0.0,16.990540638892328,0.0,0.0,550.5774574892535,556.3433483010335,559.4924226507745,779.5679800096177,513.4347236745582,606.9560161153952,574.598933299615,521.0183734413507,525.8559426090592,8387.354069373732,82.4590155507859,82.4590155507859,162.0,0.0,162.0,162.0,16.0,19.0,16.0,16.0,16.0,12.0,21.0,10.0,1.0,0.0,1051.659615231219,0.0,0.0,0.0,0.0,0.0,0.0,0.0,0.0,0.0,0.0,82.4590155507859,82.4590155507859,0.34,0.7699529186294181,0.36028137401965956,82.4590155507859,0.3542647819438875,0.0,0.007235999999999999 
 03/05  17:20:00,9.693333333333336,68.66666666666667,3.6166666666666669,20.666666666666666,10.83333333333333,0.0,4.0,0.0,0.0,0.0,0.0,0.0,0.0,0.0,0.0,1188.0,0.0,75.00871463486675,7.450543367954599,19.091752141922428,2.2491193378122928,59.86386840981787,0.0,7.450543367954595,10.185457645106489,0.0,0.0,21.149693133907815,-1137.74486535109,21.03120916785626,79.35107748362373,21.002996824113195,-270.27751419661788,20.46610304794403,-71.71204613251949,15.5282408127318,47.011957965906209,19.086151353236816,-103.87347843722864,17.799992407028033,152.15957788672996,15.892394548614224,71.18321426790283,16.96826068415003,22.700951178987454,680.5071521378541,529.4677590095705,0.0,0.0,0.0,0.0,0.0,0.0,0.0,0.0,0.0,0.0,0.0,0.0,0.0,0.0,0.0,0.0,0.0,0.0,0.0,0.0,0.0,0.0,1.13730202386447,0.3471617899464195,337.9625869499551,401.1983902521723,8146.507560224416,0.22941284288927317,0.03501417016014548,155.18465161716984,184.42561319003077,3580.5395724916127,1.0960119111704765,0.20710731503599337,175.0315874862585,207.75325373075868,4203.15122279098,0.20662764303175819,0.039045284019606597,13.335425955508326,15.843061920785364,304.83939563915888,0.0,0.0,10.236042316005986,12.407902128902148,124.92999696802637,0.0,0.0,59.11811613932336,70.80764533479639,1127.3079390562789,0.0,0.0,284.87692130137818,342.1044285769103,5004.334710395924,0.0,0.0,38.95269064275155,47.142721397540729,510.6291340915918,0.0,0.0,155.40709993052929,187.47788823499006,2323.5924406567376,32.1055934799781,22.020297311370446,279.30340450250369,333.58212398545717,6393.063053279875,0.0,0.0,187.77057974841805,226.54031796549004,2800.4160132139747,1659.2965472316017,21.707879957427907,33.420965402025149,22.0,30.0,0.0,21.18299438511395,34.635159426869368,16.0,30.0,1015.8764424340889,21.51708833344516,34.0002669778647,21.5,30.0,0.0,20.911916746928509,42.40469949363028,19.0,30.0,0.0,15.64731113958894,48.12873833568956,12.0,30.0,0.0,19.118332637088064,39.37545630382145,16.0,30.0,0.0,18.3527143097498,41.04693756631078,10.0,30.0,0.0,16.099942687177994,47.17721399882025,16.0,30.0,0.0,17.026993047421774,44.65143511933326,16.0,30.0,0.0,19.869279036485499,0.0,0.0,0.0,16.994075232666274,0.0,0.0,544.8714848842487,552.6540530581807,555.6983100649256,968.5075798506189,532.8483417364861,572.6766074832626,553.3271400139117,550.6366050145055,559.0662441903804,8798.907702330818,82.18690847397721,83.88551861408829,162.0,0.0,162.0,162.0,16.0,19.0,16.0,16.0,16.0,12.0,21.0,10.0,1.0,0.0,1659.2965472316017,0.0,1015.8764424340889,0.0,0.0,0.0,0.0,0.0,2570.706200758213,1542423.7204549278,2001353.7249670043,82.18690847397721,83.91436665326605,0.34069020669194047,0.7697367374184962,0.36028137401965956,83.91436665326605,0.3542647819438875,2001353.7249670043,0.11127939369828423 
 03/05  17:30:00,9.600000000000002,69.0,3.56,12.0,0.0,0.0,4.0,0.0,0.0,0.0,0.0,0.0,0.0,0.0,0.0,891.0,0.0,17.252298588740364,4.221946283299479,10.818586500855947,0.517313770814474,13.76900622443701,0.0,4.221946283299477,5.771720655089227,0.0,0.0,20.78328566785394,-308.86755412581098,20.95661377230819,23.205959952436119,20.81063913295263,-345.7554393223606,20.45301498786579,-70.05475894396507,15.542542497450575,44.21515862204387,18.931227356274265,-82.262003278486,17.76345961041673,129.2071633213381,15.886248427911007,65.69748820265308,16.954354550719406,11.206697378066865,509.6859412531035,534.9140246493048,0.0,0.0,0.0,0.0,0.0,0.0,0.0,0.0,0.0,0.0,0.0,0.0,0.0,0.0,0.0,0.0,0.0,0.0,0.0,0.0,0.0,0.0,1.1742651532752738,0.3584447964820737,211.92001704142809,252.21817999607877,4936.6428847136589,0.2380491607460068,0.036332289491148767,76.82373110778618,91.55760110469044,1789.6956843816534,1.0301030433697412,0.19465288045535548,107.8887348461442,128.21173950258169,2538.635615618625,0.19369661735190189,0.036601779544954988,13.56106649360858,16.115308496594638,311.3886476828206,0.0,0.0,9.88659267549794,11.980564390718922,122.7187781129907,0.0,0.0,54.69628523340195,65.53083271385066,1034.9747335695439,0.0,0.0,274.6360460200116,329.8041189861795,4828.884237851559,0.0,0.0,37.90547560250416,45.861611970620909,503.3365865522885,0.0,0.0,151.56161266951794,182.79380970299156,2289.376712221252,31.85827829195451,21.85067098213615,142.58347086580705,170.77149262540224,3408.979655211756,0.0,0.0,182.97154890613713,220.7660914354792,2726.1292585005169,160.80100105612034,21.116481334768119,34.697707559338898,20.999999999999994,29.99999999999999,0.0,21.13116679355036,34.79877336812469,15.999999999999993,29.99999999999999,23.702668782468196,21.311101346876997,34.55680281766135,20.999999999999994,29.99999999999999,0.0,20.877317022251753,44.64223434015325,18.999999999999994,29.99999999999999,0.0,15.6552745203422,48.38519581825376,11.999999999999995,29.99999999999999,0.0,18.94654251717172,39.627830391836017,15.999999999999993,29.99999999999999,0.0,18.262628480270373,41.35991339638665,9.999999999999997,29.99999999999999,0.0,16.088873293277027,47.422687542305578,15.999999999999993,29.99999999999999,0.0,17.00785157321215,44.750248067014577,15.999999999999993,29.99999999999999,0.0,18.733610157435146,0.0,0.0,0.0,16.889886339677167,0.0,0.0,548.551989889407,556.3947654351753,562.3445004006688,1096.601306348963,542.9156138961996,558.3442550062647,555.7388977119337,557.7059675347754,557.8367546397187,5150.671455780636,83.1134824173731,83.11348241737312,161.99999999999995,0.0,161.99999999999995,161.99999999999995,16.0,19.0,16.0,16.0,16.0,12.0,21.0,10.0,1.0,0.0,160.80100105612034,0.0,23.702668782468196,0.0,0.0,0.0,0.0,0.0,0.0,0.0,0.0,83.1134824173731,83.1134824173731,0.2266666666666666,0.46267849394346208,0.24018758267977295,83.1134824173731,0.2361765212959249,0.0,0.007181999999999999 
 03/05  17:40:00,9.506666666666668,69.33333333333333,3.503333333333333,10.0,0.0,0.0,4.0,0.0,0.0,0.0,0.0,0.0,0.0,0.0,0.0,1490.0,0.0,14.055336142910399,3.4395923467156988,8.813834106698291,0.4214524215727794,11.217522943009268,0.0,3.439592346715697,4.702183509807961,0.0,0.0,21.15362881602349,-798.9315038305933,20.97059042384694,192.57372357193723,21.092987283537839,-668.6265812410088,20.444781503242788,-67.96889154468009,15.557667672935722,44.43279932642051,18.81737369186129,-70.17698501740427,17.751095099481398,174.81170490176747,15.873155661841988,56.381371944775569,16.928353689114169,-15.165627542419687,681.8300623211984,553.4371491093159,0.0,0.0,0.0,0.0,0.0,0.0,0.0,0.0,0.0,0.0,0.0,0.0,0.0,0.0,0.0,0.0,0.0,0.0,0.0,0.0,0.0,0.0,1.1953215417900519,0.36487226550367887,301.20264734346508,357.6985424457421,7334.506421665911,0.2660405376023442,0.040604477656035458,177.07855498840244,210.65790730139617,4144.001356971283,1.0217415051492043,0.1930728467780055,135.70812206962189,161.1446377316732,3347.242785230614,0.21283128767218663,0.040217552470178889,14.895112083380852,17.717774403703474,344.28162736120069,0.0,0.0,10.186970983920899,12.350762401907684,128.5272233207732,0.0,0.0,51.269533944609829,61.49491954820242,967.2235712998257,0.0,0.0,272.7359406120207,327.70469982294568,4845.484325967609,0.0,0.0,37.82663022933264,45.79570392894697,507.6356624281185,0.0,0.0,151.27428139297829,182.56599611714857,2300.9447733854947,31.988912141611168,21.940268958581066,229.92423525571776,274.89313605244157,5336.269810155385,0.0,0.0,182.440856838014,220.31747556525148,2714.496587251578,1073.524028069558,21.607877573885597,33.9170915906332,21.60000000000001,30.00000000000001,0.0,21.140636479391075,34.95382072000171,21.000000000000008,30.00000000000001,1170.5103145640467,21.73279290285278,33.617280507131287,21.400000000000007,30.00000000000001,0.0,20.858046032420405,45.78631310395372,19.000000000000008,30.00000000000001,0.0,15.66215934483211,48.531144198934857,12.000000000000006,30.00000000000001,0.0,18.820870457423518,39.962105934347068,16.000000000000005,30.00000000000001,0.0,18.26066119429455,41.457902548921527,10.000000000000004,30.00000000000001,0.0,16.064659233418398,47.530542106694728,16.000000000000005,30.00000000000001,0.0,16.965936538373695,44.89741065567825,16.000000000000005,30.00000000000001,0.0,19.425097530384386,0.0,0.0,0.0,16.78356308768179,0.0,0.0,561.519460166531,566.0408429108013,557.5043562703882,1161.32517246024,547.9488918126989,556.6329234001378,557.2806566197481,556.1722403006286,555.9454733373275,6079.648586778354,81.18260205185959,82.54236807053319,162.00000000000007,0.0,162.00000000000007,162.00000000000007,21.0,19.0,16.0,16.0,16.0,12.0,21.0,10.0,1.0,0.0,1073.524028069558,0.0,1170.5103145640467,0.0,0.0,0.0,0.0,0.0,2057.892281954618,1234735.3691727706,1601772.0125656613,81.18260205185959,82.56546141164366,0.2045964093984874,0.4609749278427989,0.21616882441179587,82.56546141164366,0.21255886916633263,1601772.0125656613,0.0904471446534144 
 03/05  17:50:00,9.413333333333334,69.66666666666667,3.4466666666666669,0.0,0.0,0.0,4.0,0.0,0.0,0.0,0.0,0.0,0.0,0.0,0.0,598.0,0.0,0.0,0.0,0.0,0.0,0.0,0.0,0.0,0.0,0.0,0.0,20.945553834655266,-403.2346545659857,20.904952430423934,-215.50457547474117,20.918304371799296,-311.1225230573915,20.437238863392318,-77.29219171504184,15.575182572712518,41.2947151465915,18.71191818969239,-55.37952510456864,17.70304754535895,105.67604141982793,15.856175725812804,54.826726554539508,16.894986361348708,-14.499534329957897,627.8117026326249,577.8918949051558,0.0,0.0,0.0,0.0,0.0,0.0,0.0,0.0,0.0,0.0,0.0,0.0,0.0,0.0,0.0,0.0,0.0,0.0,0.0,0.0,0.0,0.0,1.189176886028513,0.36299660745681108,255.2455161724082,303.22337585602556,6113.056586545568,0.22693467581747576,0.034635939532581778,206.18127122103423,245.06683553826412,4835.174581056891,1.099870399506498,0.2078364322574638,88.74407713969295,105.5574563800381,2113.417219425275,0.15521085556116533,0.029329337785556549,17.005913851922239,20.17395039987972,393.7872388798756,0.0,0.0,9.690244328459608,11.734617169979029,124.38260620331927,0.0,0.0,47.668617698749468,57.12491573872954,897.7087783997611,0.0,0.0,267.56969300489785,321.2324619660544,4747.4673665721479,0.0,0.0,37.61446172982411,45.48767653001316,510.00764655524906,0.0,0.0,152.2036975766248,183.49973567160294,2330.1487977310964,31.563486765308129,21.64848200638418,196.22438973821228,234.6282887788269,4584.312605542343,0.0,0.0,183.48769265589648,221.36706074574807,2741.4413341276615,846.0195170646663,21.390328114284075,34.372647176481688,21.5,30.0,220.3267539103387,21.086319243561186,35.19542548179747,21.0,30.0,979.5612849682252,21.427888795396414,35.17768844354414,21.5,30.0,0.0,20.83979606907105,46.613567124638397,19.0,30.0,0.0,15.674971258267457,48.64567687337049,12.0,30.0,0.0,18.705799882418348,40.307615370924469,16.0,30.0,0.0,18.14929557407695,41.772373487612579,10.0,30.0,0.0,16.037019571895038,47.68035711316634,16.0,30.0,0.0,16.917874431639384,45.096855537336107,16.0,30.0,0.0,19.369898127997666,0.0,0.0,0.0,16.718299101307517,0.0,0.0,560.8371470841905,572.2888216958854,615.5432280554317,1207.5681972552075,551.9795684276617,557.1204339846726,557.0685210498682,556.3896904483762,556.6654788826736,11080.537972768645,80.67797369941792,84.59838014702392,162.0,0.0,162.0,162.0,21.0,19.0,16.0,16.0,16.0,12.0,21.0,10.0,1.0,0.0,846.0195170646663,220.3267539103387,979.5612849682252,0.0,0.0,0.0,0.0,0.0,5932.309641895465,3559385.785137279,4607434.155896953,80.67797369941792,84.66496166336049,0.3677436547298488,0.7706660428713108,0.36028137401965956,84.66496166336049,0.3542647819438875,4607434.155896953,0.24675057610664156 
 03/05  18:00:00,9.32,70.0,3.39,0.0,0.0,0.0,4.0,0.0,0.0,0.0,0.0,0.0,0.0,0.0,0.0,1196.0,0.0,0.0,0.0,0.0,0.0,0.0,0.0,0.0,0.0,0.0,0.0,21.038491704224059,-64.81203295801743,21.37222535032557,-769.9050978852929,20.901255118058754,-331.70391351525145,20.434970623199456,-69.76029928045218,15.589347107086298,38.831558831647729,18.629420718803105,-59.728284935870707,17.67386706601682,150.59722981623328,15.839585989249797,45.2948407859173,16.86304999803444,-38.81355261482122,692.4713293935477,562.2221072764844,0.0,0.0,0.0,0.0,0.0,0.0,0.0,0.0,0.0,0.0,0.0,0.0,0.0,0.0,0.0,0.0,0.0,0.0,0.0,0.0,0.0,0.0,1.177626060103527,0.359470714317316,270.90715470168086,322.00949104294207,6543.774177704841,0.1905575397272708,0.029083873584748296,204.57616331060707,242.70025884393179,5099.948410591733,1.133431786935808,0.21417834220253374,95.73395214657919,113.83807000489836,2333.5563601614919,0.18890158361589194,0.035695688513962948,11.096584988609724,13.188226486233237,260.8556041714314,0.0,0.0,9.696964245219427,11.754775906623042,126.42624626327435,0.0,0.0,47.85182854596829,57.423230748311947,902.219962733213,0.0,0.0,263.91267303774876,317.2342185311212,4707.964601304205,0.0,0.0,37.02923450587918,44.83337697950421,507.0759216565134,0.0,0.0,147.31409641652329,177.83043827475644,2268.9830406169678,31.6478148844638,21.706320222540339,206.20434051183725,246.52917329715369,4917.050960478183,0.0,0.0,177.66524127595279,214.687676692788,2636.6153133909758,0.0,21.322063544705978,34.79004444443517,21.0,30.0,1407.4713547980855,21.78839385399236,33.704249328961768,21.75,30.0,0.0,21.310492439402656,35.30624792254631,21.0,30.0,0.0,20.830628944210245,47.50127921679598,19.0,30.0,0.0,15.681269842639989,48.723019283746427,12.0,30.0,0.0,18.6220181727657,40.58586125559715,16.0,30.0,0.0,18.105008807004944,42.033201436370458,10.0,30.0,2.278000648461569,16.010093702444317,47.832444654602117,16.0,30.0,0.0,16.86994182247003,45.31328442682438,16.0,30.0,0.0,19.56703460685111,0.0,0.0,0.0,16.572753677435924,0.0,0.0,578.1667743602799,570.7372376795668,607.1162690405533,1258.2995842449807,554.3776161206863,558.893105034806,562.4313998952957,557.6150138416838,558.3381552521526,9318.31466406581,81.84351953657144,81.84351953657144,162.0,0.0,162.0,162.0,21.0,19.0,16.0,16.0,16.0,12.0,21.0,10.0,1.0,0.0,0.0,1407.4713547980855,0.0,0.0,0.0,0.0,2.278000648461569,0.0,0.0,0.0,0.0,81.84351953657144,81.84351953657144,0.34,0.7718229467174653,0.36028137401965956,81.84351953657144,0.3542647819438875,0.0,0.0071730000000000009 
 03/05  18:10:00,9.276666666666668,70.33333333333334,3.481666666666667,0.0,0.0,0.0,0.0,0.0,0.0,0.0,0.0,4.0,0.0,0.0,0.0,1196.0,0.0,0.0,0.0,0.0,0.0,0.0,0.0,0.0,0.0,0.0,0.0,21.09152965138622,-590.0380179691119,21.197670580579599,-79.43837417128923,21.172243634373815,-1360.8724040877924,20.36525878139748,270.3122541999319,15.60382877792652,38.18797126067521,18.54790911521152,-53.358245530487298,17.673396067872984,171.97218558101305,16.57834494764092,-27.810501066135659,16.8149718500293,-60.68541642800801,728.7045300324344,579.5328230527739,0.0,0.0,0.0,0.0,0.0,0.0,0.0,0.0,0.0,0.0,0.0,0.0,0.0,0.0,0.0,0.0,0.0,0.0,0.0,0.0,0.0,0.0,1.1565973146397255,0.35305168334545958,286.03254683724267,339.4274537041378,7081.8538445406,0.1774733415667078,0.027086895843514624,18.958135027957697,22.513734727462553,471.2246745439987,1.015573398965012,0.19190729383314668,484.88495754751446,575.7628776103692,12063.58915983159,0.28221416906231958,0.053328452203764076,320.02933882842697,380.86098840484058,7419.036831112429,0.0,0.0,9.88220511175982,11.977657809633616,129.89588774008633,0.0,0.0,44.08696581291296,52.91373235365427,827.7532278940319,0.0,0.0,258.4121227783703,310.58243285277458,4633.377700807581,0.0,0.0,19.966840514373254,24.084141968682869,321.927941606771,0.0,0.0,159.37953544454025,192.4509185410622,2445.386704695287,32.00236446380343,21.94949551701196,479.93974675554838,573.4040138540212,10984.251017242179,0.0,0.0,176.6156102118078,213.5028463302683,2599.871308628288,993.4628748903476,21.522945671017909,38.08306924404347,21.5,30.0,0.0,21.57349269331558,36.95880111216331,21.0,30.0,2006.3365913085468,21.702488664808056,36.97438214051239,21.5,30.0,0.0,20.784584675482877,40.80642724498219,16.0,30.0,0.0,15.68934936021163,48.95966165270875,12.0,30.0,0.0,18.5376092524934,41.19142037531651,16.0,30.0,0.0,18.103879696971956,43.63796151247263,10.0,30.0,682.2880572161015,17.174855651272354,44.62395541238054,16.75,30.0,0.0,16.795108534539965,46.03310835556312,16.0,30.0,0.0,19.902481435791839,0.0,0.0,0.0,16.466900256165674,0.0,0.0,802.985832909116,729.5489679283888,762.0305362568628,859.4223193945111,563.1591060112892,576.1903329516673,638.9405425205923,564.7318033131985,578.2265835001118,9103.778954420495,81.9852978325381,83.72448115215977,240.0,0.0,240.0,240.0,21.0,16.0,16.0,16.0,16.0,12.0,21.0,10.0,1.0,0.0,993.4628748903476,0.0,2006.3365913085468,0.0,0.0,0.0,682.2880572161015,0.0,2632.048309324252,1579228.985594551,2052370.5115410388,81.9852978325381,83.75401825861934,0.34273494364414178,0.7679252336229689,0.36028137401965956,83.75401825861934,0.3542647819438875,2052370.5115410388,0.117363266600134 
 03/05  18:20:00,9.233333333333335,70.66666666666667,3.5733333333333334,0.0,0.0,0.0,0.0,0.0,0.0,0.0,0.0,4.0,0.0,0.0,0.0,1198.0,0.0,0.0,0.0,0.0,0.0,0.0,0.0,0.0,0.0,0.0,0.0,21.1605472351919,-705.9535704571055,21.205609808081744,-91.77644204279632,21.140264759318023,-1014.734724472672,20.391018672261909,216.24774681325608,15.622072204619334,38.91759519611347,18.479457276832883,-37.32950579008542,17.7004910347191,124.76555521686169,16.36083678228293,-17.09974927168753,16.779361876962378,-42.380867896920339,580.7513109489044,655.4158816907104,0.0,0.0,0.0,0.0,0.0,0.0,0.0,0.0,0.0,0.0,0.0,0.0,0.0,0.0,0.0,0.0,0.0,0.0,0.0,0.0,0.0,0.0,1.168188378861077,0.356589859237203,131.43264601344985,156.13674022229328,3262.9872347435486,0.1492479552701753,0.022778991952102459,17.1158436075238,20.324792378161868,427.3821407287998,1.1507315019293574,0.21744737375838206,212.02611842106698,251.5380217719145,5285.724713403993,0.2746908563357866,0.05190681336655074,203.08249606895493,241.46490892477534,4753.974498484495,0.0,0.0,9.903181837121739,12.003360260142783,131.37277439658107,0.0,0.0,36.634682156371557,43.97380134856421,686.464166549426,0.0,0.0,263.6319320370262,316.82244554186817,4760.257353107436,0.0,0.0,25.987831649621069,31.37972326127081,401.8469438386688,0.0,0.0,164.86957362345934,199.09770053215977,2529.7794285903739,32.26579381176471,22.13017408214316,210.7626111950909,251.89079219801833,4971.489750178898,0.0,0.0,188.97217883160824,228.44154467448298,2796.0721451603028,943.0128097106473,21.636336612428598,36.68858739523043,21.5,30.0,0.0,21.59481731274164,40.300896690199717,21.0,30.0,1435.742011095961,21.63852343742569,36.292523613045947,21.5,30.0,0.0,20.841798154643379,37.90347069622378,16.0,30.0,0.0,15.705311186856209,49.72184623823762,12.0,30.0,0.0,18.473004888710795,42.31257843191179,16.0,30.0,0.0,18.124031646069306,44.51569161568881,10.0,30.0,0.0,16.806532655663714,47.11945813200342,16.0,30.0,0.0,16.74966875582228,48.09066224586544,16.0,30.0,0.0,18.947054088064456,0.0,0.0,0.0,16.457911380244299,0.0,0.0,728.1970843811209,921.8792807452746,704.7671604562096,695.3659498941164,595.0747991750207,621.9469231561852,681.6299007164006,627.7575521570769,662.6519904395176,7148.472264682789,81.57248865976868,83.33283588244123,240.0,0.0,240.0,240.0,21.0,16.0,16.0,16.0,16.0,12.0,21.0,10.0,1.0,0.0,943.0128097106473,0.0,1435.742011095961,0.0,0.0,0.0,0.0,0.0,2664.044591914815,1598426.755148889,2073813.0271563389,81.57248865976868,83.36273242223393,0.2588014863971605,0.5403616674765517,0.27021103051474468,83.36273242223393,0.2656985864579156,2073813.0271563389,0.1185049440787963 
 03/05  18:30:00,9.190000000000002,71.0,3.665,0.0,0.0,0.0,0.0,0.0,0.0,0.0,0.0,4.0,0.0,0.0,0.0,1201.0,0.0,0.0,0.0,0.0,0.0,0.0,0.0,0.0,0.0,0.0,0.0,21.01119495767376,-515.8089179138954,21.203262672613634,-113.2089641628776,21.091985078253385,-503.27354218753,20.3548952278203,80.57544942785353,15.640078230894732,36.98694646688732,18.420453743461779,-32.2547996631088,17.681557867580268,86.28204166235992,16.155715570175606,-1.6328451401818427,16.750885103965403,-46.56858304162415,668.6621136928816,684.7144504848491,0.0,0.0,0.0,0.0,0.0,0.0,0.0,0.0,0.0,0.0,0.0,0.0,0.0,0.0,0.0,0.0,0.0,0.0,0.0,0.0,0.0,0.0,1.181480088065444,0.36064715752913426,225.700222676927,268.62941959472428,5478.815452806342,0.08880706557208182,0.013554191937130925,24.294123046091856,28.815955824627094,605.9533751291039,1.3028630358995,0.24619482915712405,280.6018472343511,333.8241649625796,6900.192972152232,0.26250909084195575,0.04960489244934914,169.46704145044016,201.7767159497982,3961.334715274614,0.0,0.0,9.609540902753669,11.648518519323464,128.62887168818782,0.0,0.0,33.83964658903923,40.61794191100256,633.519299185531,0.0,0.0,262.70488666068516,315.7959892398037,4746.82850227393,0.0,0.0,30.811982237705278,37.25203201975697,457.29898812067759,0.0,0.0,164.24148961372425,198.38361162631203,2522.9437891699365,32.4374710107318,22.247922503931286,280.0458170469336,335.05326377941767,6612.30562625192,0.0,0.0,191.4610563986985,231.5039441274738,2830.9175222606907,668.7719295003236,21.28716190756715,36.921267383974569,21.25,30.0,0.0,21.59618479949793,42.171746096704008,21.0,30.0,831.0538059778808,21.47657041451647,36.3607973375437,21.25,30.0,0.0,20.785915808645997,38.001273530004848,16.0,30.0,0.0,15.720668747118176,50.45625909133867,12.0,30.0,0.0,18.419364099143118,43.1796543901783,16.0,30.0,0.0,18.0835892428458,44.59371504365711,10.0,30.0,0.0,16.44822485813753,49.04411893960646,16.0,30.0,0.0,16.712983757520946,48.50650958531152,16.0,30.0,0.0,19.445988924975283,0.0,0.0,0.0,16.406858310053985,0.0,0.0,692.1518330637093,1026.5617510592609,685.2582004499259,690.3262082050316,625.5610599489447,655.673990206091,677.0453927119137,661.7298187586353,673.1129153689494,3845.5443467983716,81.55109541051319,81.55109541051319,240.0,0.0,240.0,240.0,21.0,16.0,16.0,16.0,16.0,12.0,21.0,10.0,1.0,0.0,668.7719295003236,0.0,831.0538059778808,0.0,0.0,0.0,0.0,0.0,0.0,0.0,0.0,81.55109541051319,81.55109541051319,0.17,0.3476206341997602,0.18014068700982978,81.55109541051319,0.17713239097194376,0.0,0.01069333333333333 
 03/05  18:40:00,9.146666666666667,71.33333333333334,3.756666666666667,0.0,0.0,0.0,0.0,0.0,0.0,0.0,0.0,4.0,0.0,0.0,0.0,2709.0,0.0,0.0,0.0,0.0,0.0,0.0,0.0,0.0,0.0,0.0,0.0,21.161672443986327,-617.4796787064512,21.186735500021915,-118.48633296157944,21.168239536030734,-774.3059474269417,20.30412492513379,245.65996347190549,15.656284487897042,39.39315509993635,19.122298596923068,-212.33079738442678,17.70614595434743,205.04354707430927,17.06749730485833,-35.250361864579648,16.715516897804695,-74.62516943781367,681.6527808352638,707.0243108315659,0.0,0.0,0.0,0.0,0.0,0.0,0.0,0.0,0.0,0.0,0.0,0.0,0.0,0.0,0.0,0.0,0.0,0.0,0.0,0.0,0.0,0.0,1.1538576612897374,0.35221540332409648,152.66429250051943,181.5725363121804,3829.3912373121886,0.10714229123658348,0.016352608552592145,23.752658215453019,28.191044727855006,594.1116761598528,1.1839954546545315,0.22373307911083419,254.02530559830309,302.1256332907589,6314.795295745807,0.2870212593777912,0.05423682149996064,257.4648827827821,306.96803287961736,6007.141986373578,0.0,0.0,10.453298173998596,12.676864125706036,141.12592481634173,0.0,0.0,67.68172569065341,80.94346715461157,1432.8835173047904,0.0,0.0,289.6164459360472,348.2554044747827,5299.719714030791,0.0,0.0,19.293594254491727,23.25334745915008,335.06327486370898,0.0,0.0,176.38328629789366,213.17877870416087,2707.0238548055056,32.79593835961125,22.493784883135338,259.1072201638914,310.3300448697516,6062.170729130071,0.0,0.0,188.29537363092494,227.86624911355887,2770.7119710740437,858.8349909174157,21.529838076891644,36.5215300910009,21.444444444444487,30.000000000000065,0.0,21.576824955792007,42.9375106338342,21.000000000000044,30.000000000000065,950.431453184123,21.443105249922629,36.190505901097207,21.222222222222265,30.000000000000065,0.0,20.745972767567495,37.98187470937036,16.000000000000033,30.000000000000065,0.0,15.733529923105602,50.92253677618993,12.000000000000029,30.000000000000065,1343.4847467003606,19.531952236898666,40.72742385982496,19.888888888888933,30.000000000000065,0.0,18.15510751094229,44.50791690676384,10.000000000000022,30.000000000000065,1336.9967222465082,17.834526113660976,45.203896556524117,20.700000000000047,30.000000000000065,0.0,16.662923901111275,48.77851424874726,16.000000000000033,30.000000000000065,0.0,19.4122457221871,0.0,0.0,0.0,16.32902742855481,0.0,0.0,697.1572291495459,1065.1736323122466,667.2846014826677,680.4626704323772,644.5659995174034,675.3508939115441,680.0392045765557,671.0665041471764,676.1299851805694,10116.730656996788,81.31549861749524,84.39613370768288,240.0000000000005,0.0,240.0000000000005,240.0000000000005,21.0,16.0,19.0,16.0,19.7,12.0,21.0,10.0,1.0,0.0,858.8349909174157,0.0,950.431453184123,0.0,1343.4847467003606,0.0,1336.9967222465082,0.0,4662.191756178869,2797315.0537073158,3638298.0620515358,81.31549861749524,84.4484531185209,0.34429528076151835,0.7684126304447215,0.36028137401966039,84.4484531185209,0.3542647819438883,3638298.0620515358,0.19991149922667987 
 03/05  18:50:00,9.103333333333334,71.66666666666666,3.848333333333333,0.0,0.0,0.0,0.0,0.0,0.0,0.0,0.0,4.0,0.0,0.0,0.0,1505.0,0.0,0.0,0.0,0.0,0.0,0.0,0.0,0.0,0.0,0.0,0.0,21.147805563137106,-684.3019287059218,21.169161163371226,-115.3973794866327,21.077538813396055,-602.9925662808443,20.284588194380264,168.31066686954765,15.677604451162117,39.864343839688199,19.087578534932235,-202.1425580879139,17.736684723799145,127.75644504881349,18.242309402036015,-130.9340021632519,16.675685333289999,-55.27169969608877,684.4458443367947,799.9542220964443,0.0,0.0,0.0,0.0,0.0,0.0,0.0,0.0,0.0,0.0,0.0,0.0,0.0,0.0,0.0,0.0,0.0,0.0,0.0,0.0,0.0,0.0,1.1192649710677046,0.34165597407439088,177.04126778130004,210.29322008624974,4415.150417224441,0.09042422170141526,0.013801010638189143,24.434022372350929,28.999717995173289,611.8219410823801,1.2021820973139599,0.22716970848714294,255.52518209919573,303.8635898079521,6328.34652792263,0.2786032781188399,0.05264612209350716,233.3554831643812,278.2155279331435,5457.278304529087,0.0,0.0,10.531272615387886,12.767042254492456,143.60100477965296,0.0,0.0,71.75913757947623,85.88715791597955,1502.1959880176819,0.0,0.0,297.4544443639262,357.5704277495026,5482.467569040579,0.0,0.0,28.797261172329173,34.37985682932876,630.5735384669329,0.0,0.0,195.57428510984085,236.36257566016895,2999.205256645944,32.996142723351557,22.631099261558,257.90640844604709,308.73612847413519,6071.851139797709,0.0,0.0,199.8246047324502,241.6591455090475,2992.264513826226,761.187135264173,21.444565533376108,36.717439043829958,21.4,30.0,0.0,21.553955169124465,43.22367928975588,21.0,30.0,805.4825390486184,21.38205785184914,36.47929687460258,21.200000000000004,30.0,0.0,20.720573582184028,37.98191259583544,16.0,30.0,0.0,15.75612606411094,51.29150643599293,12.000000000000002,30.0,0.0,19.45683831458603,41.192829555226747,19.0,30.0,0.0,18.17848217034737,44.61559164166228,10.0,30.0,1273.3965011504434,19.828951019788339,40.042704613180699,20.7,30.0,0.0,16.610325426122107,49.08752366132778,16.0,30.0,0.0,19.430236062865697,0.0,0.0,0.0,16.412248280400278,0.0,0.0,695.059455414394,1075.3904035972362,673.5000515870803,674.111659716273,660.456468141817,687.3190133163646,686.2510096832147,677.5417473366603,680.3909509596298,8569.210391000606,82.33882946628157,82.33882946628157,240.0,0.0,240.0,240.0,21.0,16.0,19.0,16.0,19.7,12.0,21.0,10.0,1.0,0.0,761.187135264173,0.0,805.4825390486184,0.0,0.0,0.0,1273.3965011504434,0.0,0.0,0.0,0.0,82.33882946628157,82.33882946628157,0.34,0.7699841219152536,0.36028137401965956,82.33882946628157,0.35426478194388757,0.0,0.010786666666666669 
 03/05  19:00:00,9.06,72.0,3.94,0.0,0.0,0.0,0.0,0.0,0.0,0.0,0.0,4.0,0.0,0.0,0.0,1806.0,0.0,0.0,0.0,0.0,0.0,0.0,0.0,0.0,0.0,0.0,0.0,21.054942851518228,-913.3039159411385,21.161382765464038,-100.43835083935544,21.082523261744116,-411.53193606881259,20.26853002186536,278.20391672989737,15.696393031258174,38.5511286129482,18.960072916334654,-136.08942558948136,17.723086797930514,114.21277500253669,18.68787494461158,-223.13558542851306,16.66527522803612,-24.150937450362379,696.3365316435418,888.058571897668,0.0,0.0,0.0,0.0,0.0,0.0,0.0,0.0,0.0,0.0,0.0,0.0,0.0,0.0,0.0,0.0,0.0,0.0,0.0,0.0,0.0,0.0,1.0980074516319532,0.335167109777763,200.97411015043526,238.85550192097868,5099.89110426564,0.11594710231992453,0.017696444188022646,20.915461793049304,24.823711805797715,526.3816119465037,1.195488979149679,0.2259049469292664,260.68334849839706,310.1361853959416,6466.703491567156,0.29751046372908188,0.05621890849000026,276.49934705186339,329.6745658842914,6486.999500271342,0.0,0.0,10.18589945430369,12.350975463041632,140.16651905742678,0.0,0.0,61.66150669260574,73.91834617156704,1253.8955321116815,0.0,0.0,291.4987943205148,350.54298102499708,5383.75506421018,0.0,0.0,42.38301260790237,50.55492414959177,974.8960210040863,0.0,0.0,202.30334679319282,244.56425387820816,3120.491726198276,33.41342352295188,22.917300084329115,273.87063137954888,327.9711477987279,6441.904876743059,0.0,0.0,207.7046450309428,251.1887684977665,3163.698452958264,878.1607747680087,21.59963632434635,36.204062878131328,21.49999999999997,29.999999999999959,0.0,21.549439381344546,43.8504955668206,20.99999999999997,29.999999999999959,0.0,21.35611126366902,36.45673457819332,20.99999999999997,29.999999999999959,0.0,20.722929790029139,38.055154204357439,15.999999999999977,29.999999999999959,0.0,15.774182208797154,51.513833145970959,11.999999999999983,29.999999999999959,289.5531384792269,19.10657841240752,42.09659215613151,19.16666666666664,29.999999999999959,0.0,18.152114577770879,44.66720032770542,9.999999999999986,29.999999999999959,738.9250641749311,20.47914440889306,38.58948465485455,20.36666666666664,29.999999999999959,0.0,16.610236947640769,49.195342959276057,15.999999999999977,29.999999999999959,0.0,19.439677987079308,0.0,0.0,0.0,16.498826093110727,0.0,0.0,681.7621291805688,1108.6526569228102,666.0878221302716,675.6785523653695,669.9530371989993,685.3638116927739,682.8185064838975,681.6639993886348,682.9805124558151,9612.435662479927,81.6489831675817,82.83435752867809,239.99999999999967,0.0,239.99999999999967,239.99999999999967,21.0,16.0,19.0,16.0,19.7,12.0,21.0,10.0,1.0,0.0,878.1607747680087,0.0,0.0,0.0,289.5531384792269,0.0,738.9250641749311,0.0,1793.8833886578664,1076330.0331947215,1398558.3149400003,81.6489831675817,82.85448912050231,0.34312944628859518,0.7696829378077307,0.360281374019659,82.85448912050231,0.354264781943887,1398558.3149400003,0.08357836571021334 
 03/05  19:10:00,9.026666666666668,72.0,4.015,0.0,0.0,0.0,0.0,1.0,2.0,0.0,0.0,4.0,0.0,0.0,0.0,1204.0,0.0,0.0,0.0,0.0,0.0,0.0,0.0,0.0,0.0,0.0,0.0,21.21211848601397,-1041.6909453605952,21.15388861645767,-105.34859379101701,21.09941924779103,-620.2415808312585,20.244120290619749,281.2050389949229,15.712362119064617,36.23048866861242,19.636000507631857,-69.48268169885356,17.65136836575322,103.0925424617435,18.6541783257283,-200.14871544374979,16.658235685893354,-54.95326158349508,717.7533201513043,847.3151016719712,0.0,0.0,0.0,0.0,0.0,0.0,0.0,0.0,0.0,0.0,0.0,0.0,0.0,0.0,0.0,0.0,0.0,0.0,0.0,0.0,0.0,0.0,1.0746684378423346,0.3280428686942414,236.16394283722478,280.5320871689512,6039.639764450872,0.10530552663783732,0.016072272075372,22.045936782505568,26.170161790942094,555.548381569209,1.2266610694089684,0.23179536458975226,296.21468454403216,351.7299597877134,7478.342676443723,0.3003257981090581,0.0567509066721576,261.17441427689956,311.06969146679736,6136.430414597016,0.0,0.0,10.107158596867242,12.248919853232668,140.06433991838913,0.0,0.0,12.43668543371462,14.841586292818843,280.59925874935109,0.0,0.0,234.2270290617358,281.6901309914995,4281.615814753826,0.0,0.0,40.0689204650497,47.81700733267194,905.0601857164068,0.0,0.0,193.34930593902699,233.6632426068984,2994.6219476006478,33.61289574897811,23.054112310684585,300.61868094148346,359.5306485447762,7068.033416245855,0.0,0.0,198.42150360874963,239.97754151451799,2989.750508271841,1550.2904609701673,21.76692205720334,35.784467378814699,22.0,30.0,0.0,21.541106118627189,44.07790335094685,21.0,30.0,1397.9290834116119,21.48378636364351,36.27014980741741,21.5,30.0,0.0,20.674975873146395,38.307438139714587,16.0,30.0,0.0,15.787787973122331,51.645555070553729,12.0,30.0,951.4192094684205,20.213384570122689,40.68828706678481,19.75,30.0,0.0,18.021187957496318,45.032889741261147,10.0,30.0,973.755716706341,20.224467926740105,39.99569718243628,20.45,30.0,0.0,16.607181479418789,49.27370363812648,16.0,30.0,0.0,19.484240394562826,0.0,0.0,0.0,16.380017756282706,0.0,0.0,678.1633506351743,1118.4419950618893,668.7644611529188,681.5520007643609,675.1634908562867,776.8374299528279,680.3693704940919,727.8940095213555,684.2035372895562,11521.611732849551,80.38622571137276,87.87285222785575,270.0,0.0,270.0,270.0,21.0,16.0,19.0,16.0,19.7,12.0,21.0,10.0,1.0,0.0,1550.2904609701673,0.0,1397.9290834116119,0.0,951.4192094684205,0.0,973.755716706341,0.0,11329.204234569605,6797522.540741762,8898381.740983174,80.38622571137276,88.0,0.37764014115232016,0.7639963606557838,0.36028137401965956,88.0,0.3542647819438875,8898381.740983174,0.47500085053112497 
 03/05  19:20:00,8.993333333333334,72.0,4.09,0.0,0.0,0.0,0.0,1.0,2.0,0.0,0.0,4.0,0.0,0.0,0.0,1205.0,0.0,0.0,0.0,0.0,0.0,0.0,0.0,0.0,0.0,0.0,0.0,21.060493958546567,-532.0382117095746,21.14972389459222,-118.55633619593778,21.127548508676627,-521.6483486483319,20.26853154986418,118.6169379990821,15.727388908022899,35.238703500894278,19.541714748573264,-50.54314471614873,17.59862077230906,46.49697254351031,18.573878415572908,-182.40151151090874,16.63122509587258,-54.771227145046399,703.080248495655,845.4956940913337,0.0,0.0,0.0,0.0,0.0,0.0,0.0,0.0,0.0,0.0,0.0,0.0,0.0,0.0,0.0,0.0,0.0,0.0,0.0,0.0,0.0,0.0,1.160083484770992,0.35411583784218317,228.00528066483478,271.4496323483138,5620.765752135168,0.07112513498891529,0.01085548458316778,28.652400839042948,33.99023476508115,722.149758526703,1.1930687636153124,0.22544761217220575,300.4935418715297,357.5353075918073,7515.307415042408,0.267893472020763,0.050622349210272667,187.9226024927346,223.85072107749455,4441.159485510197,0.0,0.0,9.69794974495254,11.754270512570344,135.30202425379307,0.0,0.0,13.383620970721913,15.97272574558335,300.69803904989205,0.0,0.0,224.4598884602769,270.07006315507388,4069.6275975933215,0.0,0.0,41.09731713392126,49.101062864807719,909.0187856476695,0.0,0.0,189.66876416833729,229.2605759732649,2937.772192986124,33.74713851105422,23.146185535702494,302.3425746364489,361.83852287431929,7232.268149817237,0.0,0.0,195.1164327591727,236.05226937187963,2927.184818724226,670.9838345990503,21.28242545954342,37.340062557451108,21.25,30.0,0.0,21.537392297964709,43.94798514846316,21.0,30.0,835.0001512203893,21.48678494893627,36.39767995539029,21.25,30.0,0.0,20.707971744147558,38.34038688563347,16.0,30.0,0.0,15.80065919027814,51.84057479482115,12.0,30.0,0.0,20.13090445941247,43.14983865591546,19.0,30.0,0.0,17.90635663083774,45.74392297942933,10.0,30.0,396.33010611865168,19.947711732344155,41.19517350173096,19.95,30.0,0.0,16.57280561439973,49.764801024311669,16.0,30.0,0.0,19.473213299961154,0.0,0.0,0.0,16.309977840726007,0.0,0.0,703.3545053667494,1109.102244915362,675.5677538574466,685.7786828228852,683.2520063725165,906.3240256468234,696.805397865131,751.7395356895953,699.235450139728,3836.648114052824,82.02226862179036,82.02226862179036,270.0,0.0,270.0,270.0,21.0,16.0,19.0,16.0,19.7,12.0,21.0,10.0,1.0,0.0,670.9838345990503,0.0,835.0001512203893,0.0,0.0,0.0,396.33010611865168,0.0,0.0,0.0,0.0,82.02226862179036,82.02226862179036,0.17,0.3469971457058135,0.18014068700982978,82.02226862179036,0.17713239097194376,0.0,0.012270000000000002 
 03/05  19:30:00,8.96,72.0,4.165,0.0,0.0,0.0,0.0,1.0,2.0,0.0,0.0,4.0,0.0,0.0,0.0,906.0,0.0,0.0,0.0,0.0,0.0,0.0,0.0,0.0,0.0,0.0,0.0,21.33751242640695,-1010.965003217369,21.140983796356758,-86.60076104103672,21.034220301891638,-278.55031629286278,20.237065400896648,263.8201694400103,15.741625241626413,35.79630657919391,19.336793137970518,-64.15370674756152,17.616140957879929,159.45416446338755,18.966294689769556,-261.8474239067655,16.59318564019717,-85.19470221120989,765.3730169398117,889.7578635668349,0.0,0.0,0.0,0.0,0.0,0.0,0.0,0.0,0.0,0.0,0.0,0.0,0.0,0.0,0.0,0.0,0.0,0.0,0.0,0.0,0.0,0.0,1.0305586523344675,0.3145783432034393,249.26843418865935,295.8050322346896,6361.116332046457,0.12877078233437273,0.019653660307443936,19.119449831998936,22.692269758421899,484.8333245874022,1.2517865605446544,0.2365431898232529,319.23846380517366,379.5858238117018,7913.971054342132,0.3075777206737379,0.058121262410003347,279.72481943308397,333.17897288361379,6600.70091067204,0.0,0.0,10.622744167250924,12.867084672555779,149.20817365620042,0.0,0.0,14.362507161725537,17.148537671514757,313.87634174581248,0.0,0.0,233.62384055260356,280.8601081967848,4280.935494585612,0.0,0.0,43.70634663291891,52.055111994830159,1028.4013582141343,0.0,0.0,191.98911453984204,231.96851054855123,2964.6483359997648,34.178847999003647,23.442282578191795,324.5879612376759,388.15310319839178,7687.077176379538,0.0,0.0,197.28016510034369,238.5667969362266,2951.0647424022865,976.2642019746404,21.727089896469495,36.155442634979518,21.666666666666658,29.99999999999999,0.0,21.52931171340829,44.22182300569804,20.999999999999994,29.99999999999999,0.0,21.26979111980304,36.98173081888337,20.999999999999994,29.99999999999999,0.0,20.684242456875283,38.565388189080348,15.999999999999993,29.99999999999999,0.0,15.812725260752936,52.10489135253505,11.999999999999995,29.99999999999999,0.0,19.781283515619287,45.77152951361067,18.999999999999994,29.99999999999999,0.0,17.96951767786621,45.74189885880479,9.999999999999997,29.99999999999999,1027.7368167410396,20.642150479616846,39.68773938240572,20.69999999999999,29.99999999999999,0.0,16.515094037090038,50.24379191558287,15.999999999999993,29.99999999999999,0.0,19.587831094042615,0.0,0.0,0.0,16.252791880452784,0.0,0.0,692.0931269849696,1123.3909458281733,681.3046069635635,694.1674474751989,694.3658702236401,998.3272618208616,704.240174656707,765.0628183552199,711.1813930008108,8402.0937907712,82.44926134184456,82.44926134184456,269.9999999999999,0.0,269.9999999999999,269.9999999999999,21.0,16.0,19.0,16.0,19.7,12.0,21.0,10.0,1.0,0.0,976.2642019746404,0.0,0.0,0.0,0.0,0.0,1027.7368167410396,0.0,0.0,0.0,0.0,82.44926134184456,82.44926134184456,0.3399999999999999,0.7688389250283285,0.36028137401965945,82.44926134184456,0.35426478194388735,0.0,0.012255000000000002 
 03/05  19:40:00,8.926666666666666,72.0,4.24,0.0,0.0,0.0,0.0,1.0,2.0,0.0,0.0,4.0,0.0,0.0,0.0,1208.0,0.0,0.0,0.0,0.0,0.0,0.0,0.0,0.0,0.0,0.0,0.0,21.23743269749209,-681.7149315800513,21.14357887452308,-95.40883337150726,21.115814545787246,-1007.8970673116537,20.2934787282454,404.81454776007157,15.756234868383022,34.95382320804781,19.18818116431185,-55.25280231271335,17.618455306860356,105.78082860575435,18.701575212240287,-192.6117282287407,16.562668302432898,-64.34438665037536,757.0391398911872,872.1963255081865,0.0,0.0,0.0,0.0,0.0,0.0,0.0,0.0,0.0,0.0,0.0,0.0,0.0,0.0,0.0,0.0,0.0,0.0,0.0,0.0,0.0,0.0,1.1271086883647606,0.3440502711736144,178.09295735525729,211.7867640877379,4534.07048573317,0.12277963231497755,0.018739260121333577,20.511891334591046,24.361945318350416,521.3285638211557,1.1792683117889138,0.22283981704250087,316.60229512179787,375.95361150402069,8110.7668949859,0.3082266515496216,0.05824388729206758,303.15870797305686,360.95912766702807,7253.596453651477,0.0,0.0,10.40906963900764,12.612067215249283,147.18626082008934,0.0,0.0,14.072307178253397,16.819115065421444,301.89898379581975,0.0,0.0,234.62975927107673,282.22329494040027,4306.039596408336,0.0,0.0,41.07043314253478,49.06894317800334,915.7820805427382,0.0,0.0,193.99580648850185,234.5436853900951,2995.256064356836,34.479028332267308,23.64816758043027,325.709257448421,389.53197095443587,7735.194927320532,0.0,0.0,199.2310809969841,241.07614315551673,2984.100644275337,1061.682307891339,21.637769836713884,36.47979383857016,21.500000000000008,30.00000000000001,0.0,21.53520782471283,44.853873724773247,21.000000000000008,30.00000000000001,1354.6711741123632,21.630029039903094,36.113102367122468,21.500000000000008,30.00000000000001,0.0,20.79437169439509,38.230832576706578,16.000000000000008,30.00000000000001,0.0,15.825841456825497,52.32320245493712,12.000000000000004,30.00000000000001,0.0,19.542946965305086,47.21275475919509,19.000000000000008,30.00000000000001,0.0,17.952020708833417,45.97586898844395,10.000000000000004,30.00000000000001,396.5661535520724,19.969876940417256,41.58489862060902,19.950000000000008,30.00000000000001,0.0,16.479351464246969,50.656183167241987,16.000000000000008,30.00000000000001,0.0,19.56454257993711,0.0,0.0,0.0,16.231644278549035,0.0,0.0,699.3238983806215,1160.7685421823085,676.4769879350915,689.4153394410134,703.8156666082588,1045.084817663615,712.2101699299178,773.360196271448,723.1046876873809,9378.273356185415,81.8038314265055,83.57058681537134,270.0000000000001,0.0,270.0000000000001,270.0000000000001,21.0,16.0,19.0,16.0,19.7,12.0,21.0,10.0,1.0,0.0,1061.682307891339,0.0,1354.6711741123632,0.0,0.0,0.0,396.5661535520724,0.0,2673.732541856033,1604239.5251136199,2079939.877779438,81.8038314265055,83.60059218709965,0.34412441806186797,0.7681515737017368,0.36028137401965967,83.60059218709965,0.35426478194388769,2079939.877779438,0.12039687364453078 
 03/05  19:50:00,8.893333333333333,72.0,4.3149999999999999,0.0,0.0,0.0,0.0,1.0,2.0,0.0,0.0,4.0,0.0,0.0,0.0,906.0,0.0,0.0,0.0,0.0,0.0,0.0,0.0,0.0,0.0,0.0,0.0,21.053289760777575,-348.5333828087711,21.134206870949698,-146.71446017695309,21.276804773413799,-1729.6146581716803,20.379240832721526,259.38640735896896,15.769205189209114,31.686373784342288,19.073351348943129,-35.98714754356234,17.561639838948268,10.172646627686249,19.07942032554473,-268.9125963236816,16.537535385677829,-67.1396120183154,661.4278222525834,922.9437131751106,0.0,0.0,0.0,0.0,0.0,0.0,0.0,0.0,0.0,0.0,0.0,0.0,0.0,0.0,0.0,0.0,0.0,0.0,0.0,0.0,0.0,0.0,1.2271987067294732,0.37460277983195186,178.38592854795074,211.7117951612061,4550.046495516253,0.08434624845910417,0.012873359044429829,27.268922771211274,32.3383079704857,692.2779970365416,1.1047735851416334,0.20876296015525976,303.12938361597807,359.79074919333046,7703.575874928717,0.27258803985316279,0.05150945575456593,220.1902991995294,262.01040053450228,5348.225307369845,0.0,0.0,9.57850173145222,11.60307729911942,136.30282446489796,0.0,0.0,12.518432001984925,14.966178478113319,265.29611963156449,0.0,0.0,227.20966094350278,273.3419754740851,4128.36054642728,0.0,0.0,46.397713967921749,55.25079304156162,1100.3722445055267,0.0,0.0,194.61235294930175,235.22488688957297,3005.7738830772416,34.53559964387885,23.686968205678249,305.6749626166165,365.0144327138308,7419.128862274501,0.0,0.0,200.53240403436923,242.5713448318894,3009.2320415927667,599.9610322744892,21.332910540460774,37.71891146997222,21.33333333333335,30.00000000000002,0.0,21.518349371306134,44.77231498667686,21.000000000000015,30.00000000000002,2250.1296636459849,21.588110089072548,35.76295878385038,21.666666666666687,30.00000000000002,0.0,20.915180976350638,38.14491696860169,16.000000000000015,30.00000000000002,0.0,15.836550723872199,52.58058546596452,12.00000000000001,30.00000000000002,0.0,19.36908045064898,48.50476874097418,19.000000000000015,30.00000000000002,0.0,17.822697834243447,46.65409418213676,10.000000000000007,30.00000000000002,987.084331256119,20.668375369470238,39.91384142296967,20.700000000000015,30.00000000000002,0.0,16.44695184648165,50.97060316286466,16.000000000000015,30.00000000000002,0.0,19.152068207242779,0.0,0.0,0.0,16.21205136753464,0.0,0.0,729.7699123599705,1152.9598189114523,650.1270227509746,700.3639528236217,715.1336621637184,1094.1466490252197,725.7468500890915,779.12296280437,731.3300894447391,10310.611997631026,81.18721073959,85.99524244429834,270.0000000000002,0.0,270.0000000000002,270.0000000000002,21.0,16.0,19.0,16.0,19.7,12.0,21.0,10.0,1.0,0.0,599.9610322744892,0.0,2250.1296636459849,0.0,0.0,0.0,987.084331256119,0.0,7276.110455653988,4365666.2733923899,5687328.931146832,81.18721073959,86.07689878421414,0.35587034852179968,0.7657759360564225,0.3602813740196598,86.07689878421414,0.3542647819438878,5687328.931146832,0.3079211044196354 
 03/05  20:00:00,8.86,72.0,4.39,0.0,0.0,0.0,0.0,1.0,2.0,0.0,0.0,4.0,0.0,0.0,0.0,1208.0,0.0,0.0,0.0,0.0,0.0,0.0,0.0,0.0,0.0,0.0,0.0,21.082075135877273,-152.51455177553954,21.113430382467074,-97.49250713375773,21.32091798098103,-1464.253792594824,20.415748628378286,332.9016892034856,15.778920041542684,30.29622061552476,18.994557729799923,-42.373461371222038,17.511933835787283,82.13269784190652,18.950232748399406,-231.43110712740254,16.515564787324359,-84.27940404273295,796.4601421621501,880.6112984192289,0.0,0.0,0.0,0.0,0.0,0.0,0.0,0.0,0.0,0.0,0.0,0.0,0.0,0.0,0.0,0.0,0.0,0.0,0.0,0.0,0.0,0.0,1.2209027370692889,0.3726809331713337,220.37189025103988,261.99200129072559,5491.014008370803,0.12885086611830427,0.019665883107189295,22.972854236911365,27.269305071509863,584.9128581813197,1.0879442222841647,0.20558280844371977,397.2701243301098,471.56488131013716,10246.4584349702,0.27513911793382619,0.05199151888394295,278.79168229777107,331.8684457562377,6794.226385719518,0.0,0.0,9.826568282854037,11.907608450022537,140.6174188828934,0.0,0.0,12.610299029257366,15.087719815442139,265.3961471862486,0.0,0.0,223.38488052045569,268.89478970051388,4044.980480595464,0.0,0.0,45.417793947638589,54.201441794185658,1043.1549945186658,0.0,0.0,187.9281638655674,227.25409286290373,2905.1944540251986,34.93414152370209,23.960316545749039,386.92140197079007,461.99837362908655,9428.760074196705,0.0,0.0,193.5697734448221,234.32264952026427,2878.4713334841137,0.0,21.28065453017108,37.4307693524665,21.0,30.0,0.0,21.488946297440536,44.373426272426119,21.0,30.0,1512.5718566811402,21.70555938223566,35.70988146793438,21.75,30.0,0.0,20.977848857934864,37.51188837094591,16.0,30.0,0.0,15.842534135243687,52.86437846151857,12.0,30.0,0.0,19.259564497995155,49.49013343518243,19.0,30.0,0.0,17.759708703312496,47.02334805555052,10.0,30.0,623.110284656753,20.246587736960398,41.116157391907957,19.95,30.0,0.0,16.41993371638353,51.357324866718069,16.0,30.0,0.0,19.86990255965914,0.0,0.0,0.0,16.109654473876789,0.0,0.0,707.825654968562,1125.4447018939137,662.9838773278734,672.9746688953264,727.4108556908134,1135.6491219473606,734.0352146279473,784.3374124596005,743.9098941157289,8164.32769997778,82.60651987301776,82.60651987301776,270.0,0.0,270.0,270.0,21.0,16.0,19.0,16.0,19.7,12.0,21.0,10.0,1.0,0.0,0.0,0.0,1512.5718566811402,0.0,0.0,0.0,623.110284656753,0.0,0.0,0.0,0.0,82.60651987301776,82.60651987301776,0.34,0.7698740449003555,0.36028137401965956,82.60651987301776,0.3542647819438875,0.0,0.012119999999999999 
 03/05  20:10:00,8.773333333333334,72.5,4.458333333333333,0.0,0.0,0.0,0.0,0.0,2.0,0.0,0.0,4.0,0.0,0.0,0.0,1812.0,0.0,0.0,0.0,0.0,0.0,0.0,0.0,0.0,0.0,0.0,0.0,21.250680966384939,-1117.0864403574383,21.11819320985338,-101.77026253049755,20.82114622872048,6.75244661350262,20.358118213750548,19.699223211310284,15.787768650062754,29.96307538491089,19.016053127549257,-50.611938336344667,17.527027713257369,132.49126710894854,18.59361959206761,-176.9488282222808,16.47901516255952,-101.02377106448539,674.1765315912306,856.1737386340394,0.0,0.0,0.0,0.0,0.0,0.0,0.0,0.0,0.0,0.0,0.0,0.0,0.0,0.0,0.0,0.0,0.0,0.0,0.0,0.0,0.0,0.0,1.1459389980890702,0.34979822896491766,255.45846156682783,303.38880477969499,6633.182223326592,0.10934715479386545,0.016689126189539904,23.15116928960095,27.500814737469246,593.4331240310609,1.2825468375635117,0.24235578941109446,231.12872877914612,275.2746807396944,5737.57622096507,0.27498652096567069,0.05196268347801787,156.8031539898332,186.82376651014048,3805.5224719672835,0.0,0.0,10.075192714859142,12.211551570217772,146.0703350675738,0.0,0.0,12.935182027666955,15.479096697524185,274.91656901895967,0.0,0.0,230.30725193793064,277.26870418489639,4229.43663999508,0.0,0.0,39.26092636872125,46.975809824426459,867.1841569502103,0.0,0.0,187.9289143417073,227.37367600938806,2918.690377877201,35.056725249597757,24.0443931753071,239.57118875145188,286.8073124459108,5958.382263833714,0.0,0.0,192.84272100701686,233.61027934786589,2862.51238576606,1529.5062648615222,21.636308892910276,36.22588246611021,21.833333333333326,30.0,0.0,21.50028878489146,44.37265235900831,20.999999999999998,30.0,0.0,21.069904960504187,37.43513009385502,20.999999999999998,30.0,0.0,20.8381626467311,38.15684574679657,15.999999999999999,30.0,0.0,15.848143771013835,53.062863028600158,11.999999999999997,30.0,0.0,19.275756514974274,49.75705700275662,18.999999999999998,30.0,0.0,17.799310529485298,46.81984008043186,9.999999999999999,30.0,0.0,19.65921908227195,42.09719499334828,11.999999999999997,30.0,0.0,16.36758975862926,51.68889047921277,15.999999999999999,30.0,0.0,19.4470366529032,0.0,0.0,0.0,16.00837212616815,0.0,0.0,684.4113708722442,1127.7719376201483,680.7544870479405,691.0368072927586,735.9185786234477,1159.2964626936792,729.6737095576086,752.9475266000844,750.2147248917064,9567.189425773044,81.67892454077152,82.82424435770789,569.9999999999999,0.0,569.9999999999999,569.9999999999999,21.0,16.0,19.0,16.0,12.0,12.0,21.0,10.0,1.0,0.0,1529.5062648615222,0.0,0.0,0.0,0.0,0.0,0.0,0.0,1733.327468482355,1039996.4810894135,1347891.8674953294,81.67892454077152,82.84369569040033,0.3411109156160785,0.768464349024303,0.3602813740196595,82.84369569040033,0.3542647819438874,1347891.8674953294,0.09555037710975713 
 03/05  20:20:00,8.686666666666668,73.0,4.526666666666666,0.0,0.0,0.0,0.0,0.0,2.0,0.0,0.0,4.0,0.0,0.0,0.0,906.0,0.0,0.0,0.0,0.0,0.0,0.0,0.0,0.0,0.0,0.0,0.0,21.446229281162723,-1624.2244672290433,21.11397563763105,-101.60884105882525,20.79158676687446,211.95920197610634,20.190804084857349,150.1257697529981,15.799585629796966,32.09007657520888,19.054822329206134,-60.10108683401202,17.6242402336959,126.17667179900366,17.935343725814119,-69.33441550645867,16.438750128837968,-103.90203203857496,712.6418311350182,862.2835527567281,0.0,0.0,0.0,0.0,0.0,0.0,0.0,0.0,0.0,0.0,0.0,0.0,0.0,0.0,0.0,0.0,0.0,0.0,0.0,0.0,0.0,0.0,1.1011002990327104,0.33611120239093719,310.0987643151286,367.904945220283,8238.04229892161,0.12498552772097799,0.019075935244349509,21.242536395192869,25.204227652146089,548.9475158129444,1.355602324475501,0.25616068111781967,244.1604840923277,290.347303018715,6157.359865099388,0.3099713643917539,0.058573576037746367,234.59171825514435,279.4529940651902,5615.8701927494,0.0,0.0,10.50405865258903,12.72158332297447,154.4223475182048,0.0,0.0,13.837954923305699,16.542399054689349,298.1235453096362,0.0,0.0,245.48684384469596,295.16175075318048,4628.038099005015,0.0,0.0,28.65288277502484,34.39572675969301,574.8156795451696,0.0,0.0,194.640313338569,235.35175956416419,3035.606419044734,35.38468812205383,24.269333417046526,260.3934524623171,311.63699044937638,6352.0303228702509,0.0,0.0,198.50890731985948,240.34263158076363,2954.5803402704698,1854.6123916360437,21.914283300167804,35.535125534438368,21.999999999999994,29.999999999999998,0.0,21.500328664727506,44.96536950692325,20.999999999999998,29.999999999999998,0.0,21.181231450124046,37.18596795037781,20.999999999999998,29.999999999999998,0.0,20.575658778023056,38.888156517662569,15.999999999999997,29.999999999999998,0.0,15.86037729343469,53.027465962021377,11.999999999999997,29.999999999999998,0.0,19.334165254028517,49.38118957623819,18.999999999999998,29.999999999999998,0.0,17.958170454820395,46.23519443474905,9.999999999999999,29.999999999999998,0.0,18.540929343369265,44.83293829201914,11.999999999999997,29.999999999999998,0.0,16.310498654253377,51.74160717257293,15.999999999999997,29.999999999999998,0.0,19.330885582499428,0.0,0.0,0.0,15.938437751631131,0.0,0.0,680.0063994650845,1164.1397131833842,681.1959690889678,697.2572587891712,734.9100965283533,1153.4150393266696,723.7550200018251,737.4341703985558,743.8862866903818,9941.801489686623,81.43120278149383,81.43120278149383,569.9999999999999,0.0,569.9999999999999,569.9999999999999,21.0,16.0,19.0,16.0,12.0,12.0,21.0,10.0,1.0,0.0,1854.6123916360437,0.0,0.0,0.0,0.0,0.0,0.0,0.0,0.0,0.0,0.0,81.43120278149383,81.43120278149383,0.33999999999999999,0.7690092109220309,0.3602813740196595,81.43120278149383,0.35426478194388746,0.0,0.025459999999999998 
 03/05  20:30:00,8.6,73.5,4.595,0.0,0.0,0.0,0.0,0.0,2.0,0.0,0.0,4.0,0.0,0.0,0.0,604.0,0.0,0.0,0.0,0.0,0.0,0.0,0.0,0.0,0.0,0.0,0.0,21.472019397459449,-1609.411668517043,21.108417338207955,-106.59606023370213,20.74084208813572,153.36450703669835,20.175424965448366,216.77329274196837,15.813438644009946,32.63511409391688,19.07934975500509,-60.92687785690464,17.64569130413072,101.13810684599776,17.55740309095946,-24.36857246346392,16.40552603301333,-97.58380250899336,710.9605572167566,875.9487783473883,0.0,0.0,0.0,0.0,0.0,0.0,0.0,0.0,0.0,0.0,0.0,0.0,0.0,0.0,0.0,0.0,0.0,0.0,0.0,0.0,0.0,0.0,1.1252127704463906,0.34347154165030249,305.4634571100545,362.2550817121473,8142.049896541406,0.12891098734934679,0.01967505911925317,21.7350287485774,25.75662711789535,565.4002895061603,1.361376726744942,0.25725183800924836,254.5698854822612,302.5686054033182,6448.1546558740369,0.3254708237162165,0.06150242322679826,274.1523894851875,326.47031633013855,6611.515578356086,0.0,0.0,10.474518934216967,12.676344377827025,156.18303717260276,0.0,0.0,13.862623097405761,16.558532280539965,302.1158898598533,0.0,0.0,253.07269108652964,304.0499609712952,4825.5686681100009,0.0,0.0,20.147346230289295,24.216659445074634,383.2400802023163,0.0,0.0,199.0215809306047,240.51242727620903,3122.5520771141439,35.6772752038256,24.470010427863934,271.469080007849,324.74791151845866,6617.16248647057,0.0,0.0,202.21724818800596,244.67547903455506,3036.5097115599867,1809.0599266428913,21.870254664336298,35.760583466243719,22.0,30.0,0.0,21.495401060834785,45.47056622869324,21.0,30.0,0.0,21.154285805638975,37.270268754325929,21.0,30.0,0.0,20.57670946688868,38.84398808781674,16.0,30.0,0.0,15.875915423196869,52.921089543233978,12.0,30.0,0.0,19.3718608062522,49.031430020703449,19.0,30.0,0.0,17.97831330537005,46.12709833724049,10.0,30.0,0.0,17.93848804682066,46.461218482746478,12.0,30.0,0.0,16.267337395798614,51.73223517777893,16.0,30.0,0.0,19.273905142991578,0.0,0.0,0.0,15.915046068457091,0.0,0.0,687.6131852518224,1194.3881654821267,682.4984776601725,695.0072747057914,731.788037278083,1142.1343492344036,721.147971509874,732.5164352070548,736.9903395582865,9204.538151244908,81.91876295350254,81.91876295350255,570.0,0.0,570.0,570.0,21.0,16.0,19.0,16.0,12.0,12.0,21.0,10.0,1.0,0.0,1809.0599266428913,0.0,0.0,0.0,0.0,0.0,0.0,0.0,0.0,0.0,0.0,81.91876295350254,81.91876295350254,0.34,0.7711352398566814,0.36028137401965956,81.91876295350254,0.3542647819438875,0.0,0.025459999999999998 
 03/05  20:40:00,8.513333333333334,74.0,4.663333333333333,0.0,0.0,0.0,0.0,0.0,2.0,0.0,0.0,4.0,0.0,0.0,0.0,604.0,0.0,0.0,0.0,0.0,0.0,0.0,0.0,0.0,0.0,0.0,0.0,21.51465687968618,-1646.613843588489,21.10082177576642,-104.72562519981628,20.9609161154099,-100.20932985208222,20.162883538313584,172.8651973424695,15.82561379366469,32.40827889702591,19.09617220553016,-63.09992741575975,17.63941950252847,113.03140363205242,17.30661766425883,-18.76400339374738,16.380383817349818,-93.76463138918465,757.6449068101558,877.9383763987878,0.0,0.0,0.0,0.0,0.0,0.0,0.0,0.0,0.0,0.0,0.0,0.0,0.0,0.0,0.0,0.0,0.0,0.0,0.0,0.0,0.0,0.0,1.1244662188911479,0.3432436565601795,320.2747377876485,379.65327122555996,8575.434536926714,0.12801091633018769,0.019537685642580548,21.973873532008889,26.049715725256193,575.0202353186279,1.404847605893322,0.26546628985134598,289.1164149462453,343.2171803743143,7573.02413910366,0.3285008822153216,0.062074996639327587,259.32135992385067,308.9512814238253,6297.988840152003,0.0,0.0,10.498512948915037,12.70345287238695,158.65744888203427,0.0,0.0,14.00136772165893,16.718785913508108,308.3052776181245,0.0,0.0,255.06657368785697,306.4766601774377,4899.425441462168,0.0,0.0,11.225684429252757,13.504701332137348,207.03056068715746,0.0,0.0,197.2998032805754,238.47516933607327,3118.799420364221,35.950143852838298,24.65716313637745,305.94583227333336,365.8576026344401,7501.76406922995,0.0,0.0,201.3973016779806,243.73790530662795,3044.5380163195325,1764.3453199779684,21.857745730005108,35.831998063180169,22.000000000000008,30.00000000000001,0.0,21.486961448394437,45.46932410790821,21.000000000000008,30.00000000000001,813.5403306115217,21.510426971656999,36.58301888774428,21.500000000000008,30.00000000000001,0.0,20.564121711768086,38.98866798862102,16.000000000000008,30.00000000000001,0.0,15.887843239774579,52.80929443720798,12.000000000000004,30.00000000000001,0.0,19.397144770961416,48.84913417798847,19.000000000000008,30.00000000000001,0.0,17.960231838428518,46.098952548139397,10.000000000000004,30.00000000000001,0.0,17.572519394205068,47.49618592239753,12.000000000000004,30.00000000000001,0.0,16.237596555755375,51.678363816420617,16.000000000000008,30.00000000000001,0.0,19.387675759678204,0.0,0.0,0.0,15.87589679964361,0.0,0.0,690.0438422903062,1193.1897819359484,688.3178056351869,701.1742288243675,728.1853504187627,1137.113812346663,716.7663395890488,730.2156154847912,729.9176780509902,9444.47539326604,81.7600491161385,81.7600491161385,570.0000000000002,0.0,570.0000000000002,570.0000000000002,21.0,16.0,19.0,16.0,12.0,12.0,21.0,10.0,1.0,0.0,1764.3453199779684,0.0,813.5403306115217,0.0,0.0,0.0,0.0,0.0,0.0,0.0,0.0,81.7600491161385,81.7600491161385,0.34000000000000016,0.7703008594076705,0.36028137401965967,81.7600491161385,0.3542647819438876,0.0,0.025459999999999998 
 03/05  20:50:00,8.426666666666666,74.5,4.7316666666666669,0.0,0.0,0.0,0.0,0.0,2.0,0.0,0.0,4.0,0.0,0.0,0.0,906.0,0.0,0.0,0.0,0.0,0.0,0.0,0.0,0.0,0.0,0.0,0.0,21.437757935524148,-1042.6587575448266,21.096074124955245,-103.31282909463592,21.013468758800948,-598.2862286521096,20.18570072208084,270.5355658833313,15.837292530612292,31.99515202444012,19.10765316397515,-59.343727050266497,17.63286274011512,88.75764047436442,17.125389312606364,-25.372914911586294,16.362619773709825,-95.52225452425023,796.7769651944382,880.6818453128417,0.0,0.0,0.0,0.0,0.0,0.0,0.0,0.0,0.0,0.0,0.0,0.0,0.0,0.0,0.0,0.0,0.0,0.0,0.0,0.0,0.0,0.0,1.1812045938823777,0.360563062845659,251.22504421523477,298.17409062032587,6679.302628782328,0.13774168406905913,0.021022845553885725,22.41812717413498,26.598007945529177,590.4912970538037,1.3518530393908309,0.2554521994313742,322.947659922045,383.7465977152309,8483.70992359768,0.3247715566311021,0.06137028658939951,274.3155232574597,327.0332696901956,6745.094147208543,0.0,0.0,10.464787326965429,12.672808831104453,160.2114141810393,0.0,0.0,14.198700496936397,16.97054024571941,315.5728564598508,0.0,0.0,251.38167527871759,302.31395023262896,4860.148238999979,0.0,0.0,11.756704749816456,14.165519813397218,213.10515483097525,0.0,0.0,193.95273893341483,234.6363642682316,3093.2050086295187,36.257880817657277,24.86823101348238,327.1721104361832,391.42493345319817,8109.032304121143,0.0,0.0,201.07029134890019,243.57126406605773,3054.4324377774066,1234.1597040197904,21.676870464843124,36.57236345525066,22.000000000000019,30.00000000000002,0.0,21.48302210350494,45.58420554735554,21.000000000000015,30.00000000000002,872.6383732365767,21.499504201520926,36.82659839517477,21.33333333333335,30.00000000000002,0.0,20.63669619665023,38.70947824041872,16.000000000000015,30.00000000000002,0.0,15.898866397514589,52.75511688522905,12.00000000000001,30.00000000000002,0.0,19.414828970787359,48.766558135855159,19.000000000000015,30.00000000000002,0.0,17.934671376358819,46.31288533120022,10.000000000000007,30.00000000000002,0.0,17.32629669414001,48.19873139134554,12.00000000000001,30.00000000000002,0.0,16.22024669520671,51.67319660342669,16.000000000000015,30.00000000000002,0.0,19.49105372858476,0.0,0.0,0.0,15.82528294256334,0.0,0.0,709.9425692095637,1199.7259009557566,701.632701462181,695.1418221669767,727.4107491320813,1134.2636556850344,722.9610575324567,728.1988140877195,727.0006790460067,10068.036088442987,81.34767255226451,85.99408215638097,570.0000000000005,0.0,570.0000000000005,570.0000000000005,21.0,16.0,19.0,16.0,12.0,12.0,21.0,10.0,1.0,0.0,1234.1597040197904,0.0,872.6383732365767,0.0,0.0,0.0,0.0,0.0,7031.777899657363,4219066.7397944149,5504213.256936415,81.34767255226451,86.07299361648018,0.3477259299885789,0.7650580432431522,0.3602813740196598,86.07299361648018,0.3542647819438878,5504213.256936415,0.3119640893606936 
 03/05  21:00:00,8.34,75.0,4.8,0.0,0.0,0.0,0.0,0.0,2.0,0.0,0.0,4.0,0.0,0.0,0.0,604.0,0.0,0.0,0.0,0.0,0.0,0.0,0.0,0.0,0.0,0.0,0.0,21.308511821732645,-558.0586638478785,21.090134928978473,-110.62770647848254,20.856758139390487,-918.5761132632915,20.227787217428415,325.60269302246527,15.847765435110864,30.20361491747667,19.119882904669809,-51.9811707278333,17.587553804603198,41.10918814867273,16.944442953088854,-35.182951280197617,16.341241779260515,-97.7535345088977,802.1009437516032,902.6862510702563,0.0,0.0,0.0,0.0,0.0,0.0,0.0,0.0,0.0,0.0,0.0,0.0,0.0,0.0,0.0,0.0,0.0,0.0,0.0,0.0,0.0,0.0,1.28046302832615,0.3908617302582875,169.90786019739029,201.78373878339446,4526.992805350689,0.13535487656961768,0.020658558694996593,24.756469877176003,29.33342697546441,655.7743356805138,1.2710292859974053,0.24017938132981968,324.18506115854827,385.18783394770869,8412.92328385236,0.31686419881496677,0.05987607687357646,296.5165742877375,353.00877278995167,7385.841197658053,0.0,0.0,9.96978294490198,12.064966772004372,154.59753790705345,0.0,0.0,13.24661485085007,15.819153770014623,297.28063656777058,0.0,0.0,251.11167156681968,301.853436279638,4854.200781075663,0.0,0.0,15.222897057492212,18.34329770432786,270.90766054678917,0.0,0.0,192.71160489487807,232.9651841572826,3098.456093513536,36.50018832705094,25.03442272088543,321.61673488753618,384.4702119189088,8047.802718465071,0.0,0.0,204.9953323536157,248.13460155302028,3145.544262089562,800.9487492847782,21.616763533019243,37.020589666910378,22.0,30.0,0.0,21.47636197646009,45.31599048626947,21.0,30.0,670.9544581910616,21.238855085397974,37.022354819068947,21.0,30.0,0.0,20.718895912229308,38.69770889238205,16.0,30.0,0.0,15.90813815766689,52.773170974250039,12.0,30.0,0.0,19.434809489300418,48.86671639835254,19.0,30.0,0.0,17.84234642930209,46.53432416793754,10.0,30.0,0.0,17.068073594859646,48.994947132373258,12.0,30.0,0.0,16.195577815527604,51.81429966365754,16.0,30.0,0.0,19.480142016473424,0.0,0.0,0.0,15.81289164694364,0.0,0.0,727.951573667852,1182.1872142269972,678.4907805445178,705.122530094947,729.4733236981497,1142.1280049349617,720.6126844807527,728.3341836394289,729.2679081601975,9530.453567889283,81.7031427552504,85.21440942198876,570.0,0.0,570.0,570.0,21.0,16.0,19.0,16.0,12.0,12.0,21.0,10.0,1.0,0.0,800.9487492847782,0.0,670.9544581910616,0.0,0.0,0.0,0.0,0.0,5313.836115999221,3188301.6695995328,4138874.344666743,81.7031427552504,85.27404238659534,0.3471278705333074,0.7682205608107234,0.36028137401965956,85.27404238659534,0.3542647819438875,4138874.344666743,0.24125146592267064 
 03/05  21:10:00,8.353333333333334,75.33333333333333,4.886666666666667,0.0,0.0,0.0,0.0,0.0,2.0,0.0,0.0,4.0,0.0,0.0,0.0,1208.0,0.0,0.0,0.0,0.0,0.0,0.0,0.0,0.0,0.0,0.0,0.0,21.222192812156317,-236.92493692823678,21.085545785944526,-91.12233063553512,21.27953210519636,-1483.3489168340164,20.346276796602824,406.72878530984078,15.85512739191335,28.069530283595655,19.132308876641383,-54.19855856751255,17.53675871518432,70.49464649104812,16.812052162147148,-38.463128935741227,16.320406839741275,-107.1162351622911,849.1222547519158,858.2808965349373,0.0,0.0,0.0,0.0,0.0,0.0,0.0,0.0,0.0,0.0,0.0,0.0,0.0,0.0,0.0,0.0,0.0,0.0,0.0,0.0,0.0,0.0,1.3218566430042858,0.403497143774202,229.9209273210889,273.64935723538187,6001.774587687065,0.15734977139137538,0.02401553287414154,22.549766608033104,26.768685736525144,597.3287122006788,1.19412554300791,0.22564730593497929,382.63917778909788,454.5119995317722,10325.179967419757,0.3033670204039387,0.05732558964549105,285.89616889036997,340.551614340275,7241.9391974674149,0.0,0.0,9.922728513833619,12.02141846888854,153.66267239168983,0.0,0.0,13.048382756792196,15.60178216147324,292.88341922710387,0.0,0.0,245.59402067625937,295.6418092876166,4704.389604410118,0.0,0.0,17.776287073856709,21.460809743248015,309.86362747917357,0.0,0.0,183.67352534734415,222.32326690713189,2938.982185301357,36.83553411331961,25.264426689519629,375.78333583629139,449.37891859268327,9520.575046267993,0.0,0.0,198.83463769552967,241.04178394435497,3010.4956091724027,0.0,21.26138059935225,37.718732608007069,21.0,30.0,0.0,21.472592412782178,45.03455846495728,21.0,30.0,1889.1866408994025,21.743607200025797,36.11743483829567,21.5,30.0,0.0,20.932464053634264,38.04206478751783,16.0,30.0,0.0,15.912656125453387,52.85565414570881,12.0,30.0,0.0,19.452735688658746,49.10828136499626,19.0,30.0,0.0,17.76871962652987,46.89353972967344,10.0,30.0,0.0,16.89544394753283,49.59001081451971,12.0,30.0,0.0,16.171752332019254,51.9975048919109,16.0,30.0,0.0,19.61798777110651,0.0,0.0,0.0,15.725358219156066,0.0,0.0,720.3817142517171,1163.423789412771,689.6687549138708,695.675096281078,733.8023066027133,1157.5956356137709,726.8022017019983,730.6879588901543,733.4279207673857,4426.536758307517,81.38147070204268,81.38147070204268,570.0,0.0,570.0,570.0,21.0,16.0,19.0,16.0,12.0,12.0,21.0,10.0,1.0,0.0,0.0,0.0,1889.1866408994025,0.0,0.0,0.0,0.0,0.0,0.0,0.0,0.0,81.38147070204268,81.38147070204268,0.17,0.3840166899764269,0.18014068700982978,81.38147070204268,0.17713239097194376,0.0,0.026314999999999996 
 03/05  21:20:00,8.366666666666668,75.66666666666667,4.973333333333334,0.0,0.0,0.0,0.0,0.0,2.0,0.0,0.0,4.0,0.0,0.0,0.0,606.0,0.0,0.0,0.0,0.0,0.0,0.0,0.0,0.0,0.0,0.0,0.0,21.416904146387794,-933.5643631301909,21.088846905313898,-93.50621374306354,20.922345213789535,-716.3426503937517,20.260074727741406,6.5971929173852,15.861842226263637,27.932735769548999,19.14091854140006,-59.247851417224527,17.541649731859935,103.17931602679892,16.681563505933079,-38.83708744563114,16.291901055799479,-107.29504486517863,901.3407952682046,860.9661440771256,0.0,0.0,0.0,0.0,0.0,0.0,0.0,0.0,0.0,0.0,0.0,0.0,0.0,0.0,0.0,0.0,0.0,0.0,0.0,0.0,0.0,0.0,1.227875398599727,0.37480934023190695,293.4934363995116,347.799511178176,7924.555958381092,0.1333525707599475,0.02035295646519345,23.253937791482256,27.56955702529264,615.1174246363228,1.3667196909282529,0.25826146842937516,454.26471964071836,539.5493945461426,11844.604667066558,0.28804496055393327,0.054430264654938238,228.05121120224823,271.55932087137776,5693.865864138934,0.0,0.0,10.194834303369209,12.334607670736798,157.73845495692849,0.0,0.0,13.692368454683564,16.34589580735316,307.37180229221397,0.0,0.0,248.0647640256924,298.21107286404159,4759.894560060702,0.0,0.0,20.130836616444019,24.28634319689879,343.2784921002173,0.0,0.0,181.25241467602417,219.15514473236216,2882.3618775140287,36.994767053898687,25.373639954663028,440.8855428319338,526.4892680367697,10952.109140289333,0.0,0.0,198.76015434371494,240.7003866511366,2983.6637858295418,1318.2851005766439,21.786276924854705,36.397967128620489,21.5,30.0,0.0,21.481733602994525,44.97230599804823,21.0,30.0,1206.6829686374336,21.26855004672835,37.28970461206478,21.5,30.0,0.0,20.718648230452744,38.596168615969279,16.0,30.0,0.0,15.91789330932442,52.9526136480105,12.0,30.0,0.0,19.46522612120836,49.27158428533005,19.0,30.0,0.0,17.796187097145649,46.90729379545101,10.0,30.0,0.0,16.71748298220792,50.24808203544213,12.0,30.0,0.0,16.134360285226575,52.211213444526567,16.0,30.0,0.0,19.748591817502029,0.0,0.0,0.0,15.672931444002428,0.0,0.0,711.833664415469,1159.556546043886,694.7323075256074,697.1688436151067,738.561281054943,1167.1343648630005,730.8307951678958,734.651668190859,737.0130555810617,7829.0779905348749,82.82765232834257,86.30802778129147,570.0,0.0,570.0,570.0,21.0,16.0,19.0,16.0,12.0,12.0,21.0,10.0,1.0,0.0,1318.2851005766439,0.0,1206.6829686374336,0.0,0.0,0.0,0.0,0.0,5267.133627714533,3160280.1766287197,4122574.005027979,82.82765232834257,86.36713611053612,0.3455711209238178,0.7677876406110271,0.36028137401965956,86.36713611053612,0.3542647819438875,4122574.005027979,0.24049884826145494 
 03/05  21:30:00,8.379999999999999,76.0,5.0600000000000009,0.0,0.0,0.0,0.0,0.0,2.0,0.0,0.0,4.0,0.0,0.0,0.0,909.0,0.0,0.0,0.0,0.0,0.0,0.0,0.0,0.0,0.0,0.0,0.0,21.489581395792336,-1235.990696014037,21.09145049269192,-92.32457153322707,21.110628704758406,-531.139144749777,20.163351134894449,281.30393074367648,15.869579535062032,30.34853112382818,19.136522510840469,-70.60977331414917,17.60741152739518,107.34185157403343,16.58214676291662,-40.46805479797689,16.27211094447058,-97.01441346041183,812.1551350604741,931.0906810145929,0.0,0.0,0.0,0.0,0.0,0.0,0.0,0.0,0.0,0.0,0.0,0.0,0.0,0.0,0.0,0.0,0.0,0.0,0.0,0.0,0.0,0.0,1.1693281442053266,0.3569377729564488,255.67478893231414,303.35232143764997,6901.585013225806,0.15523151884641199,0.023692234256167879,19.872214428214883,23.57710634642703,526.4149127509628,1.3919172379200858,0.26302290965988009,297.95102119022189,353.8905583634231,7891.3119355864869,0.3315728830218395,0.06265549565794393,264.73952301560777,315.58446095281047,6527.258474145661,0.0,0.0,10.71762557635882,12.977971013195571,165.693219715714,0.0,0.0,14.64147935423994,17.497259816520914,327.9399453394892,0.0,0.0,264.63999358754378,318.27879951963396,5124.97112069901,0.0,0.0,23.799059034290953,28.749215131035869,399.3702953534744,0.0,0.0,190.08896298830255,230.0280890894015,3009.6551422671179,37.35123447069128,25.618130638334209,313.88962782055577,375.5709714674201,7807.110842203423,0.0,0.0,211.6340699130776,256.42179170247189,3201.9463213631299,1430.553138451115,21.843301773467517,36.15058147621582,21.999999999999994,29.99999999999999,0.0,21.488227916517496,45.56966302651781,20.999999999999994,29.99999999999999,774.9272516680121,21.574216371819867,36.688543891186338,21.333333333333326,29.99999999999999,0.0,20.60817186000782,39.01918484238703,15.999999999999993,29.99999999999999,0.0,15.926248563250422,52.88561093003663,11.999999999999995,29.99999999999999,0.0,19.454727443107048,48.990224897361468,18.999999999999994,29.99999999999999,0.0,17.902993474139284,46.56167143993075,9.999999999999997,29.99999999999999,0.0,16.593303843253307,50.73538933285478,11.999999999999995,29.99999999999999,0.0,16.11392994478016,52.35409901156481,15.999999999999993,29.99999999999999,0.0,19.385483814535307,0.0,0.0,0.0,15.746119221596555,0.0,0.0,702.7803677903241,1195.5042563316688,698.845728941636,705.2035122215208,735.7890948831894,1149.0414833746782,728.4844163598302,738.1668466855501,739.5912704440411,8764.362133116614,82.20978334892419,82.20978334892419,569.9999999999998,0.0,569.9999999999998,569.9999999999998,21.0,16.0,19.0,16.0,12.0,12.0,21.0,10.0,1.0,0.0,1430.553138451115,0.0,774.9272516680121,0.0,0.0,0.0,0.0,0.0,0.0,0.0,0.0,82.20978334892419,82.20978334892419,0.3399999999999999,0.7698275924552577,0.36028137401965945,82.20978334892419,0.35426478194388735,0.0,0.025935000000000008 
 03/05  21:40:00,8.393333333333335,76.33333333333333,5.1466666666666669,0.0,0.0,0.0,0.0,0.0,2.0,0.0,0.0,4.0,0.0,0.0,0.0,909.0,0.0,0.0,0.0,0.0,0.0,0.0,0.0,0.0,0.0,0.0,0.0,21.285732119323329,-958.8408432867745,21.090935177372136,-89.42930430387604,21.007648154230635,-361.759347993645,20.197608256016538,244.42431996072595,15.878596742965958,30.31583652653191,19.135820202864296,-63.89733967408009,17.593378933058703,88.0194570211674,16.496604901859358,-37.05615334234265,16.268142829413216,-87.1307329670208,873.8068613025228,921.7525677117626,0.0,0.0,0.0,0.0,0.0,0.0,0.0,0.0,0.0,0.0,0.0,0.0,0.0,0.0,0.0,0.0,0.0,0.0,0.0,0.0,0.0,0.0,1.2212984165729218,0.372801714460599,330.8990316463693,392.8490930829779,8813.43182390125,0.14893033077420837,0.02273051446492803,21.931863110696836,26.02939415342266,579.7861950551479,1.370220537252126,0.258923004015897,350.368377752563,416.83767218932658,9106.81508151782,0.31158805093239397,0.05887907236061867,237.85304795503789,283.41888857307938,5879.838073508588,0.0,0.0,10.585335384179274,12.816072904387753,163.5839337841865,0.0,0.0,14.662531326339494,17.520860816357783,328.03597830111718,0.0,0.0,262.34983681728206,315.54962946661729,5054.16389619385,0.0,0.0,25.239911970802024,30.501160084066073,417.71109761661099,0.0,0.0,187.20589499071117,226.5340271962042,2961.6314943546597,37.65625756209276,25.82733714821179,353.76332344779498,423.0933052595998,8930.177484239606,0.0,0.0,210.83552771934337,255.46426377171913,3180.785468232776,911.8639008847536,21.65754723231045,36.612570327521797,21.666666666666676,30.00000000000001,0.0,21.48908705973408,45.74920982734845,21.000000000000008,30.00000000000001,573.1901753993832,21.384379562398285,37.23366208380072,21.333333333333344,30.00000000000001,0.0,20.667540779598338,38.76002349369221,16.000000000000008,30.00000000000001,0.0,15.93663717440976,52.92069341188824,12.000000000000006,30.00000000000001,0.0,19.45534269369785,48.98858223787095,19.000000000000008,30.00000000000001,0.0,17.863430635913216,46.854245985710139,10.000000000000004,30.00000000000001,0.0,16.48973774561958,51.14826201608406,12.000000000000006,30.00000000000001,0.0,16.12122680737835,52.40762043112825,16.000000000000008,30.00000000000001,0.0,19.65653211303612,0.0,0.0,0.0,15.738089140202647,0.0,0.0,701.0519649380265,1204.7552720935015,702.4357818593886,694.5840413692098,737.9506328283544,1146.680438841781,734.7070022957672,740.290886582769,741.2004003411911,7523.456168625084,83.03014419286623,83.03014419286625,570.0000000000002,0.0,570.0000000000002,570.0000000000002,21.0,16.0,19.0,16.0,12.0,12.0,21.0,10.0,1.0,0.0,911.8639008847536,0.0,573.1901753993832,0.0,0.0,0.0,0.0,0.0,0.0,0.0,0.0,83.03014419286623,83.03014419286623,0.3400000000000002,0.7694929719941868,0.3602813740196597,83.03014419286623,0.3542647819438876,0.0,0.025745000000000005 
 03/05  21:50:00,8.406666666666667,76.66666666666667,5.233333333333333,0.0,0.0,0.0,0.0,0.0,2.0,0.0,0.0,4.0,0.0,0.0,0.0,606.0,0.0,0.0,0.0,0.0,0.0,0.0,0.0,0.0,0.0,0.0,0.0,21.27546857985442,-567.728156207912,21.08573642273954,-111.04548355895241,20.909195320939994,-881.0459418340615,20.203185666442047,311.8069771133005,15.8860418315614,28.895809051336444,19.13625825765793,-54.97424198677459,17.55245234368718,30.160502689547685,16.421757122202615,-32.70377820631114,16.257311424006337,-85.5462885144616,808.5021140828194,936.1313396898968,0.0,0.0,0.0,0.0,0.0,0.0,0.0,0.0,0.0,0.0,0.0,0.0,0.0,0.0,0.0,0.0,0.0,0.0,0.0,0.0,0.0,0.0,1.271458469873958,0.3881130860421117,178.60500197379776,212.1492945693614,4729.600925971226,0.13010858653713648,0.019857842878073335,25.197017767343703,29.85694925594295,664.0780047570825,1.2784469940132087,0.2415810646283464,318.2762779525318,378.1095501626977,8218.408688733949,0.31629905863720489,0.059769285456765828,292.95080462458079,348.7425858229628,7239.202624164856,0.0,0.0,10.006753535022348,12.107816703505254,154.53513469089564,0.0,0.0,13.333875219783178,15.921188220220487,298.0402610547168,0.0,0.0,260.4750858384618,313.167323911651,4971.7095388030179,0.0,0.0,25.288876829151069,30.54868986378091,413.4557318242163,0.0,0.0,188.61069794824835,228.06653627535315,2975.9351387593135,37.8146785899241,25.935993545901309,314.16232120327688,375.57518344444306,7826.335229843404,0.0,0.0,212.68430166482069,257.49605288842806,3208.3734473395245,1018.2247452058683,21.62627117757735,37.25034658050227,22.0,30.0,0.0,21.480660179193053,45.50410609098644,21.0,30.0,633.5299018758623,21.25532452902027,37.18011246463455,21.0,30.0,0.0,20.684075842926747,38.98567723269065,16.0,30.0,0.0,15.944321896084066,52.9733459843859,12.0,30.0,0.0,19.45711393384807,49.04539496582715,19.0,30.0,0.0,17.786650074841356,46.99716177502462,10.0,30.0,0.0,16.4004033381159,51.51057281849599,12.0,30.0,0.0,16.112754923422125,52.482425266833917,16.0,30.0,0.0,19.421576773608395,0.0,0.0,0.0,15.750810557482052,0.0,0.0,733.9368980069073,1185.6585773891107,679.1088475713956,708.5099944001488,740.0901955597167,1149.2716711895365,729.6785402718283,742.1717360605276,742.1384119959803,10036.523579153516,81.36856498046497,81.36856498046497,570.0,0.0,570.0,570.0,21.0,16.0,19.0,16.0,12.0,12.0,21.0,10.0,1.0,0.0,1018.2247452058683,0.0,633.5299018758623,0.0,0.0,0.0,0.0,0.0,0.0,0.0,0.0,81.36856498046497,81.36856498046497,0.34,0.7674546643523268,0.36028137401965956,81.36856498046497,0.3542647819438875,0.0,0.025745 
 03/05  22:00:00,8.42,77.0,5.32,0.0,0.0,0.0,0.0,0.0,2.0,0.0,0.0,4.0,0.0,0.0,0.0,1212.0,0.0,0.0,0.0,0.0,0.0,0.0,0.0,0.0,0.0,0.0,0.0,21.199330913760919,-236.5091543691276,21.077034726286955,-92.84276578198669,21.309821155987526,-1530.6183205511769,20.336056882424729,412.7277645167153,15.890567024616484,27.054894991332988,19.141991517827984,-56.27039127559098,17.505096697449227,63.32407663682261,16.365741896532179,-32.38046474712425,16.246195794280543,-99.03347686347706,864.5981085652359,889.378787602385,0.0,0.0,0.0,0.0,0.0,0.0,0.0,0.0,0.0,0.0,0.0,0.0,0.0,0.0,0.0,0.0,0.0,0.0,0.0,0.0,0.0,0.0,1.3159893136037236,0.4017061396836763,233.37064055785278,277.7690061518503,6052.476216126362,0.1552420395660306,0.023693839982605406,22.82582994382858,27.09682512816548,601.3437905935479,1.1809369768482479,0.22315513545885269,387.9788082929173,460.8621674900527,10419.115051822493,0.30241827462920747,0.057146310398565259,288.70129917716897,343.91490450513529,7271.22759515728,0.0,0.0,10.000190332821859,12.113778362965287,154.19475427521543,0.0,0.0,13.36504858455346,15.979607845635444,298.5688854364993,0.0,0.0,252.56714303337643,304.0915069942805,4777.85407853007,0.0,0.0,24.865201988500674,30.07897196772439,402.92627064894926,0.0,0.0,180.65696288091136,218.72318079235266,2841.4814009846147,38.18184910100973,26.187825172160325,380.1017078339116,454.58814142388976,9577.514839650603,0.0,0.0,204.53237599080536,248.00768611044775,3041.7272154493468,0.0,21.244432071262076,37.9951925273024,21.0,30.0,0.0,21.46940024996129,45.22443580956273,21.0,30.0,1911.5995964602067,21.741031900154295,36.36870877892169,21.5,30.0,0.0,20.928751139119706,38.29186414476552,16.0,30.0,0.0,15.947257905864835,53.06597400584518,12.0,30.0,0.0,19.46676633489299,49.292454397671317,19.0,30.0,0.0,17.716008529455445,47.36142899333768,10.0,30.0,0.0,16.342442595099226,51.745543842270318,12.0,30.0,0.0,16.102788282082075,52.56297293280156,16.0,30.0,0.0,19.59500822935241,0.0,0.0,0.0,15.658319073368612,0.0,0.0,722.7932792041262,1164.0171836017854,692.0496530660174,698.0686963271312,743.785253966729,1163.0849379372413,734.959161496009,742.8436268798248,742.6102475034378,4816.848482132702,81.06770140357318,82.75377099950906,570.0,0.0,570.0,570.0,21.0,16.0,19.0,16.0,12.0,12.0,21.0,10.0,1.0,0.0,0.0,0.0,1911.5995964602067,0.0,0.0,0.0,0.0,0.0,2551.7457123598089,1531047.4274158853,1985590.1262115723,81.06770140357318,82.78240605861497,0.17005819041199364,0.38585581732551335,0.18014068700982978,82.78240605861497,0.17713239097194376,1985590.1262115723,0.12899568656300176 
 03/05  22:10:00,8.39,77.33333333333334,5.3133333333333339,0.0,0.0,0.0,0.0,0.0,2.0,0.0,0.0,4.0,0.0,0.0,0.0,3040.0,0.0,0.0,0.0,0.0,0.0,0.0,0.0,0.0,0.0,0.0,0.0,21.20929451642208,-676.2557731688037,21.077286293424196,-96.98927439835984,21.081919276549664,-827.0264100277419,20.35141630715768,274.472813986813,15.894309179789416,28.30951459814152,19.143408924483646,-38.20964025822386,17.666621512825519,256.7396617477039,16.29274537921804,-74.40583709790269,17.749696033093185,-275.5813672405955,807.1834875444732,738.0328210425794,0.0,0.0,0.0,0.0,0.0,0.0,0.0,0.0,0.0,0.0,0.0,0.0,0.0,0.0,0.0,0.0,0.0,0.0,0.0,0.0,0.0,0.0,1.2806572503196519,0.39092101658109038,161.09910772031797,191.6984977977176,4292.184884785038,0.15952781976330406,0.02434795783933212,21.124911333911017,25.10025604846917,558.325294694346,1.2942397108790114,0.24456532707464324,261.82358842574987,311.53523489572145,6909.164105355847,0.30462045866713696,0.05756244494843856,233.55834273487714,278.2800038370022,5887.8321555800889,0.0,0.0,10.901465252230662,13.212964051287884,168.80537110037978,0.0,0.0,12.724161281784007,15.22930427855713,285.11211187325707,0.0,0.0,174.79615403854104,210.45340226262605,3418.1637183619225,0.0,0.0,38.83264900442461,46.99775516091728,623.4715379623132,0.0,0.0,115.70885733014238,139.2148021126444,2289.413064853609,38.24612832224109,26.23191242952065,268.0405536854396,321.16740140572508,6820.193364868785,0.0,0.0,126.03319899131009,153.09573333738943,1826.3026997857992,866.2653331943018,21.560458666923684,37.235722413280409,21.400000000000007,30.0,0.0,21.47414740315537,45.46517590111509,21.000000000000005,30.0,1005.991399790264,21.463054843486728,37.02796905851369,21.300000000000006,30.0,0.0,20.91701882535558,38.47786775601134,15.999999999999999,30.0,0.0,15.950109246560246,53.12622601303184,12.0,30.0,0.0,19.472721953266708,48.16173664552116,19.0,30.0,0.0,18.05952271644361,46.3324799998322,10.0,30.0,0.0,16.246783284082896,52.19158700710101,12.0,30.0,2954.733499969904,18.167859461683244,46.258168626094199,20.0,30.0,0.0,19.36885060396248,0.0,0.0,0.0,15.34999277048857,0.0,0.0,713.4859957474521,1175.8425573889893,688.7885123804078,702.2185601817537,744.6506533717879,1144.7504558436909,727.3560769576798,746.5079692872972,740.102828076147,10159.260361731338,81.28729936030055,82.89003035179343,570.0,0.0,570.0,570.0,21.0,16.0,19.0,19.0,12.0,12.0,21.0,10.0,1.0,0.0,866.2653331943018,0.0,1005.991399790264,0.0,0.0,0.0,0.0,2954.733499969904,2425.153990366807,1455092.394220084,1890929.21024244,81.28729936030055,82.91725004473072,0.35283846634556029,0.7703794359504951,0.3602813740196596,82.91725004473072,0.3542647819438876,1890929.21024244,0.12407331893260693 
 03/05  22:20:00,8.360000000000002,77.66666666666667,5.3066666666666679,0.0,0.0,0.0,0.0,0.0,2.0,0.0,0.0,4.0,0.0,0.0,0.0,608.0,0.0,0.0,0.0,0.0,0.0,0.0,0.0,0.0,0.0,0.0,0.0,21.145288717936226,-467.7981117966601,21.06386905468485,-121.9633965849419,21.138138524248036,-859.1972035880408,20.295300476718155,178.0393329499052,15.898332120310453,26.03538654725918,19.15668658786225,-21.323883825077617,17.634947214171267,-34.837908873022119,16.16739709455799,-98.56813271965734,18.926757368375897,-566.5622653152695,762.3756744128009,1047.202901908189,0.0,0.0,0.0,0.0,0.0,0.0,0.0,0.0,0.0,0.0,0.0,0.0,0.0,0.0,0.0,0.0,0.0,0.0,0.0,0.0,0.0,0.0,1.3281372181126603,0.4054142912431808,150.2881781788102,178.54190121913298,3960.689489771941,0.12339687165110613,0.018833466369216443,26.692006624324106,31.62372057275976,704.1087965116242,1.300192271719152,0.24569014960679376,228.11829924885553,270.760081849521,6074.9468766313279,0.2858247124363992,0.05401071663575191,195.17325076733239,232.3675296960951,4892.720295363741,0.0,0.0,10.742142923500243,12.996377975068523,167.12025402400219,0.0,0.0,12.291836193890559,14.676992390154135,276.9302168591066,0.0,0.0,177.33849859670543,213.0577023586402,3364.6777479929717,0.0,0.0,48.68093406695466,58.85445923973681,766.4664389141832,0.0,0.0,154.31267002960039,183.77979987147283,3667.379235317859,38.11651300126824,26.143013032419927,223.1809249708803,267.0895147648548,5725.408395799723,0.0,0.0,145.25098616146907,175.08828064234644,2443.623288260706,898.5278091847868,21.479713516363675,37.83910427459439,21.5,30.0,0.0,21.45324537891857,45.22265257582568,21.0,30.0,1525.9969143140816,21.57649457886258,36.67813314346688,21.5,30.0,0.0,20.801583382377609,38.80465540082097,16.0,30.0,0.0,15.953995994918401,53.08151657107056,12.0,30.0,0.0,19.499530168351538,46.36340507299898,19.0,30.0,0.0,17.93249979336224,46.857173202130528,10.0,30.0,0.0,16.05597913603222,52.95206475258987,12.0,30.0,1596.5760701830628,20.293543821960236,40.372951087986248,20.0,30.0,0.0,19.20833164714464,0.0,0.0,0.0,15.91567497419619,0.0,0.0,735.9431425499645,1152.9651088945157,679.2437437476509,701.937083018224,739.1411313500892,1121.7394458405407,732.0698591055091,750.9383573765721,730.6410164297541,11125.172464831441,80.64849784824733,87.8772320947437,570.0,0.0,570.0,570.0,21.0,16.0,19.0,19.0,12.0,12.0,21.0,10.0,1.0,0.0,898.5278091847868,0.0,1525.9969143140816,0.0,0.0,0.0,0.0,1596.5760701830628,10939.385384731515,6563631.230838909,8542311.596000612,80.64849784824733,88.0,0.3646461794910505,0.7682400602565965,0.36028137401965956,88.0,0.3542647819438875,8542311.596000612,0.4696285363253652 
 03/05  22:30:00,8.33,78.0,5.300000000000001,0.0,0.0,0.0,0.0,0.0,2.0,0.0,0.0,4.0,0.0,0.0,0.0,1218.0,0.0,0.0,0.0,0.0,0.0,0.0,0.0,0.0,0.0,0.0,0.0,21.294916988265734,-861.9564947011486,21.049308399115163,-104.56829372669199,21.0907620002803,-706.2497555388663,20.265599385125797,235.29817283361013,15.90397554224931,32.96894747781231,19.158600496381724,-50.57481591596343,17.434253305403723,181.16986248229615,16.15615718349182,36.954688418600259,18.72484655067764,-864.3413388121189,817.3944522117467,1302.0317455843827,0.0,0.0,0.0,0.0,0.0,0.0,0.0,0.0,0.0,0.0,0.0,0.0,0.0,0.0,0.0,0.0,0.0,0.0,0.0,0.0,0.0,0.0,1.251994337567861,0.3821716537142433,209.5082627098053,248.65672527680574,5586.457338600869,0.151138942280395,0.02306760413314942,22.139390904810257,26.285479487224728,585.758603374368,1.3490406776230258,0.2549207629673141,278.7684524980041,331.3831991573663,7343.071247886878,0.3052223036578081,0.057676172270938779,219.80683714649744,262.03804248183578,5505.456242848446,0.0,0.0,11.927481749495799,14.446323906137046,186.45979816050059,0.0,0.0,14.289157387382897,17.08946038661479,322.6635594894467,0.0,0.0,258.4334268230592,311.25670890794916,4890.8416664416749,0.0,0.0,47.58114305782605,57.606982885343438,756.3964959615813,0.0,0.0,228.01111262722837,272.8734523582773,5148.6088030695759,38.25038198904207,26.23482989646233,277.8731267162134,332.6308304814231,7047.463175354344,0.0,0.0,218.64156268837545,264.18491184211288,3748.271763567438,951.4026461267808,21.560404755118158,37.461448319358648,21.5,30.0,0.0,21.434922043416269,45.01160639654825,21.0,30.0,875.3106060307518,21.40310721471461,37.44407244132012,21.25,30.0,0.0,20.768142424391816,38.842979565976069,16.0,30.0,0.0,15.962510760911354,53.08544178347321,12.0,30.0,0.0,19.499117621375836,45.5185865348908,19.0,30.0,0.0,17.637490859995908,47.89299193391132,10.0,30.0,0.0,16.097943872014626,52.73003172859374,12.0,30.0,1363.893152796798,19.512103156344126,42.55554115064571,19.5,30.0,0.0,19.375050090713537,0.0,0.0,0.0,16.67401477262653,0.0,0.0,721.397984846703,1135.6849577408714,699.2380567266956,695.0577534487323,738.470818229673,1100.6105967458048,741.1523694870513,744.7375368368928,742.135069656545,6965.569664357342,81.68456608376461,83.53366454466183,570.0,0.0,570.0,570.0,21.0,16.0,19.0,19.0,12.0,12.0,21.0,10.0,1.0,0.0,951.4026461267808,0.0,875.3106060307518,0.0,0.0,0.0,0.0,1363.893152796798,2798.2131448696966,1678927.886921818,2173554.5804805529,81.68456608376461,83.56506837511349,0.26327377149565658,0.5400174095259436,0.27021103051474468,83.56506837511349,0.2656985864579156,2173554.5804805529,0.1381365048516554 
 03/05  22:40:00,8.3,78.33333333333333,5.293333333333334,0.0,0.0,0.0,0.0,0.0,2.0,0.0,0.0,0.0,0.0,0.0,0.0,915.0,0.0,0.0,0.0,0.0,0.0,0.0,0.0,0.0,0.0,0.0,0.0,21.342518806346605,-1063.5588489809866,20.85816491983021,-100.87571204743299,20.975316509407795,-385.45288417674206,20.29660557062649,407.1735419278324,15.917141009733282,38.01788761002612,19.03850503821559,-44.65799258499693,17.695395140170768,219.56426750107026,16.206916396980966,30.4051297730912,18.738390354493914,-580.317168430342,983.9706030290668,1058.0213275115014,0.0,0.0,0.0,0.0,0.0,0.0,0.0,0.0,0.0,0.0,0.0,0.0,0.0,0.0,0.0,0.0,0.0,0.0,0.0,0.0,0.0,0.0,1.238415878002066,0.3780268247869558,516.7782812511267,613.6077893634237,13487.835927435783,0.23840747100346966,0.036386976648881238,295.6757406279886,351.4138773415284,7651.8083025303299,1.2797786114205916,0.2418326930122058,383.74994256149429,455.61693704024835,10034.759528295162,0.3291389463401499,0.06219556809148716,307.9124354201939,366.437133403511,7769.580436101308,0.0,0.0,12.393815091028613,15.006241282691896,195.03087897512516,0.0,0.0,13.861065318424794,16.587254974242346,310.0662174882015,0.0,0.0,217.90517142049934,261.998575402923,4334.236956413084,0.0,0.0,47.40897654414488,57.34662947300501,767.9790845838319,0.0,0.0,183.53133085316365,219.75813585843089,4097.5366638594509,38.53374413148002,26.429179788395105,596.8316884431051,711.8822223527568,15032.665793312664,0.0,0.0,171.16578619234356,207.11464395428613,2805.9146223613226,1206.6463084700113,21.573448023223308,41.012250455190599,21.666666666666687,30.00000000000002,0.0,21.141802582891275,40.688300187185,12.00000000000001,30.00000000000002,74.9487000278271,21.400686509213405,39.53572403091892,21.000000000000015,30.00000000000002,0.0,20.836055992142847,40.828299608156729,16.000000000000015,30.00000000000002,0.0,15.983577881284571,53.198601122834478,12.00000000000001,30.00000000000002,0.0,19.35501808978158,44.99012595402643,12.00000000000001,30.00000000000002,0.0,18.105028993807129,47.423147921250698,10.000000000000007,30.00000000000002,0.0,16.21635904908625,52.38208513105063,12.00000000000001,30.00000000000002,1015.2838176519214,19.423044021048907,43.41661430185802,19.33333333333335,30.00000000000002,0.0,19.91106457566741,0.0,0.0,0.0,16.2074704724401,0.0,0.0,930.07477193549,848.6401367581187,818.354317609097,813.9318040543514,744.2348366209719,1068.2540260715098,780.5758782338269,745.812022661877,771.922104754146,8800.246834919177,82.18601548604632,82.18601548604632,60.00000000000004,0.0,60.00000000000004,60.00000000000004,12.0,16.0,12.0,19.0,12.0,12.0,21.0,10.0,1.0,0.0,1206.6463084700113,0.0,74.9487000278271,0.0,0.0,0.0,0.0,1015.2838176519214,0.0,0.0,0.0,82.18601548604632,82.18601548604632,0.3400000000000003,0.7697658090935663,0.3602813740196598,82.18601548604632,0.3542647819438878,0.0,0.00261 
 03/05  22:50:00,8.27,78.66666666666667,5.286666666666667,0.0,0.0,0.0,0.0,0.0,2.0,0.0,0.0,0.0,0.0,0.0,0.0,1220.0,0.0,0.0,0.0,0.0,0.0,0.0,0.0,0.0,0.0,0.0,0.0,21.27578052586486,-849.6119408785366,20.73000639102377,158.28606147878896,21.261600824599048,-1179.7942164735924,20.438063517720467,377.93977288324006,15.928583662609406,38.8931310801874,18.928055620789615,-45.19643132990966,17.648444208135755,57.88994353127555,16.208689464678188,21.656370652097338,18.866623158186834,-795.7255599719276,956.8511487033038,1409.537363632312,0.0,0.0,0.0,0.0,0.0,0.0,0.0,0.0,0.0,0.0,0.0,0.0,0.0,0.0,0.0,0.0,0.0,0.0,0.0,0.0,0.0,0.0,1.3383226588965256,0.40852340015156465,438.37237966205529,520.7983746608754,11688.633513667643,0.28492563287339398,0.04348681820411996,232.9582135313032,277.11500686984456,5960.354382100251,1.1472002332378065,0.21678008942513356,365.8144486962547,434.40131615312978,9942.787827905498,0.2829810152486603,0.05347335889052537,248.56424048442234,295.89101347942548,6394.5923584164,0.0,0.0,12.656996787826142,15.325097842519594,200.35402737675074,0.0,0.0,14.828793587377355,17.752771267281458,328.2142328092618,0.0,0.0,251.64695920270925,302.62858557477099,4948.469302480806,0.0,0.0,48.44201069628785,58.61396463517435,789.5840252262315,0.0,0.0,221.6528119873696,264.98138689472509,5109.121976413641,38.54746467886261,26.438590314720594,554.1691506910115,661.8136259707017,14057.17397664247,0.0,0.0,210.76304570661388,254.7205933620674,3559.8093544313317,1082.7568636285994,21.492440668102373,38.32141761046334,21.75,30.0,0.0,20.990304764390755,40.55842113861261,12.0,30.0,1666.2711101157823,21.745926870948204,37.868286679183288,21.5,30.0,0.0,21.062193956172668,40.0104929158529,16.0,30.0,0.0,15.999726557647997,53.615842429390379,12.0,30.0,0.0,19.20947772444294,45.082445698115339,12.0,30.0,0.0,17.95032042455889,47.947047499350919,10.0,30.0,0.0,16.23715955054712,52.78622196268402,12.0,30.0,736.3222362047758,19.68871802662114,43.031273906669877,19.5,30.0,0.0,20.02714316782926,0.0,0.0,0.0,16.484653569976538,0.0,0.0,757.523677993241,820.9172409163497,764.5290074385656,795.00591012886,761.7557323700722,1064.9962705854555,782.8083570286409,763.1274256988434,786.8866149665757,9555.387344963567,81.68667773270316,83.53507409487574,60.0,0.0,60.0,60.0,12.0,16.0,12.0,19.0,12.0,12.0,21.0,10.0,1.0,0.0,1082.7568636285994,0.0,1666.2711101157823,0.0,0.0,0.0,0.0,736.3222362047758,2797.151822493289,1678291.0934959735,2196152.8447609448,81.68667773270316,83.56646600136024,0.3482383940831097,0.7674422894580495,0.36028137401965956,83.56646600136024,0.3542647819438875,2196152.8447609448,0.11678328126090244 
 03/05  23:00:00,8.24,79.0,5.28,0.0,0.0,0.0,0.0,0.0,2.0,0.0,0.0,0.0,0.0,0.0,0.0,610.0,0.0,0.0,0.0,0.0,0.0,0.0,0.0,0.0,0.0,0.0,0.0,21.564106347116046,-1613.1385548164527,20.81924663750715,430.91547201966207,20.7127018200881,74.85526350801593,20.349621014479668,46.54628047252072,15.942065049845372,41.180454588520948,18.821836567587256,-42.80378187321037,17.781404023228256,235.55662217972486,16.220152629612469,22.963550259682849,18.80941578122927,-589.4097615304477,977.6658729821611,1122.8599942664183,0.0,0.0,0.0,0.0,0.0,0.0,0.0,0.0,0.0,0.0,0.0,0.0,0.0,0.0,0.0,0.0,0.0,0.0,0.0,0.0,0.0,0.0,1.2533578219245403,0.38258785773032369,516.3499811995179,611.7975054060166,13897.008511965292,0.28811279786955826,0.043973259748101078,271.2551532935762,322.00363199403878,7091.2952976491819,1.385882407188975,0.2618825410410006,432.77739582099,514.2810404755243,11131.449817096702,0.29002574550488938,0.054804562642647259,195.18505503730598,232.23595110473506,4969.620475498086,0.0,0.0,13.183235855817277,15.940908620326784,210.05567276242608,0.0,0.0,15.833051331877773,18.94247508880152,347.0176490790079,0.0,0.0,229.92161153819417,276.01820261042408,4649.190156676605,0.0,0.0,47.239715298501838,57.075320796345049,776.8458716672913,0.0,0.0,191.54149508997404,229.02780565136659,4319.548705282199,38.59173992519992,26.468957424691309,630.6171921846968,751.3626460765427,15990.284705431566,0.0,0.0,177.60044124074376,214.66751577647745,2919.9777006255219,1890.7778248161413,21.9378277526674,37.57316829531085,22.0,30.0,0.0,21.21194344756693,39.079437727133598,12.0,30.0,0.0,20.96376898288495,39.7735013511174,21.0,30.0,0.0,20.848236215303428,40.105318821939579,16.0,30.0,0.0,16.019924179888905,53.83969383168518,12.0,30.0,0.0,19.064041693910853,45.10742539912128,12.0,30.0,0.0,18.217702664237039,47.04246649292202,10.0,30.0,0.0,16.277764330172496,53.20542318872198,12.0,30.0,1512.226207060499,19.46647239005307,43.54759486277554,19.5,30.0,0.0,20.07688703669448,0.0,0.0,0.0,16.205278846402409,0.0,0.0,770.8844400533332,769.2695721632638,766.8585964469472,769.4746480810377,771.6418203590242,1042.7626406267419,774.3906495125075,783.8812310647429,779.2766385369146,8549.920106444952,82.35147626736446,82.35147626736446,60.0,0.0,60.0,60.0,12.0,16.0,12.0,19.0,12.0,12.0,21.0,10.0,1.0,0.0,1890.7778248161413,0.0,0.0,0.0,0.0,0.0,0.0,1512.226207060499,0.0,0.0,0.0,82.35147626736446,82.35147626736446,0.34,0.772106416746893,0.36028137401965956,82.35147626736446,0.3542647819438875,0.0,0.0025566666666666669 
 03/05  23:10:00,8.233333333333335,79.50000000000002,5.2700000000000009,0.0,0.0,0.0,0.0,0.0,2.0,0.0,0.0,0.0,0.0,0.0,0.0,1220.0,0.0,0.0,0.0,0.0,0.0,0.0,0.0,0.0,0.0,0.0,0.0,20.769254270304907,-145.47163420429775,20.74525191765256,-282.22151610672497,20.6098676707215,-218.03393298089328,20.177468890809135,125.10142083491769,15.949285164732232,34.63673010282429,18.75388408309867,-27.236300816596115,17.753033679671196,-50.37459415489229,16.194992414407645,-7.582171946550488,18.623319801176227,-419.2515616199439,757.2954777870602,1133.1752510062864,0.0,0.0,0.0,0.0,0.0,0.0,0.0,0.0,0.0,0.0,0.0,0.0,0.0,0.0,0.0,0.0,0.0,0.0,0.0,0.0,0.0,0.0,1.2455295765162316,0.3801982834298631,318.84958698394419,380.3455082947948,8028.769792342949,0.2193525609533413,0.033478718094221818,182.94667771358025,217.8082941653154,4721.108843966289,1.2806847070725232,0.24200391290108154,223.83261994738047,266.73605742802718,5733.906451787442,0.2728875150735982,0.051566045932274779,156.27077183229023,186.3114999798833,3885.6856853164774,0.0,0.0,11.415384411361784,13.822076126846227,182.16203056403917,0.0,0.0,11.88572928202838,14.245365209902169,258.8823046469432,0.0,0.0,208.1051218959205,250.18543487085865,4167.5550820970979,0.0,0.0,47.35462007003269,57.29396294243756,776.0947517434125,0.0,0.0,180.57334368951335,216.24995939841728,4012.9598734019207,38.05034989524685,26.097633673008823,348.4833454583103,417.16363208107296,8893.351936291994,0.0,0.0,169.77988540886458,205.50939536942082,2739.2863255370359,0.0,20.724600633171794,40.194811535074929,22.0,30.0,0.0,21.034423506601276,39.330877347687628,12.0,30.0,0.0,20.86295425125987,39.752168718005808,21.5,30.0,0.0,20.5661422098315,40.62647336920455,12.0,30.0,0.0,16.027041867268488,53.9241320239658,12.0,30.0,0.0,18.987354164274337,45.16575030334175,12.0,30.0,0.0,18.082595966961727,47.49841185706231,10.0,30.0,0.0,16.24383264149649,53.35838636429963,12.0,30.0,0.0,19.207019510765368,44.273914912605437,19.0,30.0,0.0,19.374811853120254,0.0,0.0,0.0,16.099515672356988,0.0,0.0,759.3962752448343,753.1758431606584,750.6387982737965,759.3643088912414,774.3040577304182,1045.152438822503,776.0880208364886,783.1504127158764,779.2152339605827,0.0,83.76872771986005,83.76872771986005,60.0,0.0,60.0,60.0,12.0,12.0,12.0,19.0,12.0,12.0,21.0,10.0,0.0,0.0,0.0,0.0,0.0,0.0,0.0,0.0,0.0,0.0,0.0,0.0,0.0,83.76872771986005,83.76872771986005,0.0,0.0,0.0,83.76872771986005,0.0,0.0,0.00253 
 03/05  23:20:00,8.226666666666667,80.0,5.26,0.0,0.0,0.0,0.0,0.0,2.0,0.0,0.0,0.0,0.0,0.0,0.0,610.0,0.0,0.0,0.0,0.0,0.0,0.0,0.0,0.0,0.0,0.0,0.0,20.455414959388088,-207.17436146437468,20.394147286268376,-176.66466510476313,20.260416553712813,-158.92708148272414,20.03064510042517,-41.00227730277402,15.947300638598314,29.804251694563449,18.694338042570128,-28.95513726009071,17.576421385272476,51.01319602917238,16.15320451028335,-11.652534555858097,18.127226707911356,-173.91607237198606,778.0863180199731,932.5499232261541,0.0,0.0,0.0,0.0,0.0,0.0,0.0,0.0,0.0,0.0,0.0,0.0,0.0,0.0,0.0,0.0,0.0,0.0,0.0,0.0,0.0,0.0,1.2333464838307414,0.3764793906687245,252.84974544418339,301.2813799792725,6142.613384421891,0.22115510227832053,0.03375383123905991,125.94467479366313,150.12705622591603,3099.4884045655965,1.228335368597315,0.23211174765633325,227.03410964211668,270.47995462517147,5539.454614638105,0.2464634685381167,0.046572839859810397,142.32949801955247,169.655684029921,3469.437080203951,0.0,0.0,11.03865577163683,13.34836216757014,176.16001502779563,0.0,0.0,11.779807576598074,14.101738744708677,254.97745174789623,0.0,0.0,186.1024543012747,223.7184608311154,3617.640712080741,0.0,0.0,43.68159683615977,52.797145602823608,711.3163408125668,0.0,0.0,156.79859898542379,188.11218187420043,3234.0855322167728,37.66083275438041,25.830475140178615,319.4618085925793,382.0201814378066,7949.719062897504,0.0,0.0,147.04663142733637,178.00075086689265,2284.3150915940984,0.0,20.280044101360557,41.02074050394657,22.0,30.0,0.0,20.435378000409153,40.53835283847416,12.0,30.0,0.0,20.277783596469214,40.99232277485892,22.0,30.0,0.0,20.29469027337685,40.998959143460428,12.0,30.0,0.0,16.019160569946537,54.03178485841054,12.0,30.0,0.0,18.90997578571936,45.2802114979319,12.0,30.0,0.0,17.783506703791617,48.31589654891623,10.0,30.0,0.0,16.182596053999555,53.56052959020664,12.0,30.0,0.0,18.374445707583896,46.6156849581276,20.0,30.0,0.0,19.25808151829016,0.0,0.0,0.0,15.765834862426175,0.0,0.0,738.7140241224829,738.3467735417488,736.8157741825196,738.6164595442613,775.6983459736464,1060.7395473050377,770.9637265360532,780.780843597755,776.6716919567806,0.0,83.76872771986005,83.76872771986005,60.0,0.0,60.0,60.0,12.0,12.0,12.0,19.0,12.0,12.0,21.0,10.0,0.0,0.0,0.0,0.0,0.0,0.0,0.0,0.0,0.0,0.0,0.0,0.0,0.0,83.76872771986005,83.76872771986005,0.0,0.0,0.0,83.76872771986005,0.0,0.0,0.002523333333333333 
 03/05  23:30:00,8.219999999999999,80.5,5.25,0.0,0.0,0.0,0.0,0.0,2.0,0.0,0.0,0.0,0.0,0.0,0.0,610.0,0.0,0.0,0.0,0.0,0.0,0.0,0.0,0.0,0.0,0.0,0.0,20.092631417536297,-95.02968509626953,20.209493241049299,-296.7849681942316,20.033672187185944,-312.63213057210126,19.780424644286386,-85.84008785034576,15.935312685092061,17.166849081021725,18.64615432743794,-18.551874608385164,17.551909538146388,40.69144818340919,16.06902967862039,-73.92628520315077,17.89065848467674,-81.55264781051074,678.6575523092151,518.7522516421591,0.0,0.0,0.0,0.0,0.0,0.0,0.0,0.0,0.0,0.0,0.0,0.0,0.0,0.0,0.0,0.0,0.0,0.0,0.0,0.0,0.0,0.0,1.1720029993785082,0.357754273314563,388.4974614697272,463.5737201631317,9098.644740764723,0.19264479292357046,0.029402440922400864,191.77909294112329,228.49195966630266,4586.348193675432,1.110125406566799,0.20977426427944052,327.4078200096254,390.62959597863348,7749.997323894842,0.21763249593796353,0.04112481026794472,167.13910893399678,199.4744048423796,3926.7623510028417,0.0,0.0,9.42257327892235,11.397981707075056,150.03189082338037,0.0,0.0,10.82072559533023,12.961449672164623,233.2082606370878,0.0,0.0,116.28719647365435,139.8151360006425,2259.6136358844457,0.0,0.0,39.48173074253515,47.739048076231089,632.129040062496,0.0,0.0,91.72991965906539,110.18116058808264,1828.8916295742648,36.9541570305455,25.345786715051795,493.9799524653393,591.1547078859328,11560.639596667568,0.0,0.0,83.43546886272877,101.26057179375005,1167.564673564472,0.0,19.7522700800333,42.17224909385219,22.0,30.0,0.0,20.158791020940968,40.92368910097709,12.0,30.0,0.0,19.93492208235025,41.499955585058689,22.0,30.0,0.0,19.857852184457117,41.89029995691051,12.0,30.0,0.0,15.993745998620942,54.0820939714748,12.0,30.0,0.0,18.854867861531976,45.31977840440639,12.0,30.0,0.0,17.763781040886319,48.06871083639146,10.0,30.0,0.0,16.038530066116967,54.02844665573039,12.0,30.0,0.0,18.02508749637372,47.44960509259204,20.0,30.0,0.0,18.997305080435344,0.0,0.0,0.0,15.01116919354256,0.0,0.0,727.7304677725075,716.4848700177325,711.8703220825382,724.243248872769,772.2259629750004,1067.5946189206882,751.504115052044,780.6410559642495,762.6277383924426,0.0,83.76872771986005,83.76872771986005,60.0,0.0,60.0,60.0,12.0,12.0,12.0,19.0,12.0,12.0,21.0,10.0,0.0,0.0,0.0,0.0,0.0,0.0,0.0,0.0,0.0,0.0,0.0,0.0,0.0,83.76872771986005,83.76872771986005,0.0,0.0,0.0,83.76872771986005,0.0,0.0,0.002516666666666666 
 03/05  23:40:00,8.213333333333333,81.0,5.24,0.0,0.0,0.0,0.0,0.0,2.0,0.0,0.0,0.0,0.0,0.0,0.0,915.0,0.0,0.0,0.0,0.0,0.0,0.0,0.0,0.0,0.0,0.0,0.0,20.022028468060193,-184.61209807118957,19.98072010971329,-215.7343051845737,19.822563081214019,-140.28223561514955,19.677468998953928,-94.42833061524992,15.922272706222039,16.448836242498616,18.609541462931447,-21.646971830542858,17.529331532546835,96.36313616940069,15.982938846542343,-81.85110289091334,17.75705786329311,-47.9820721416706,575.9200464856936,455.92839701101766,0.0,0.0,0.0,0.0,0.0,0.0,0.0,0.0,0.0,0.0,0.0,0.0,0.0,0.0,0.0,0.0,0.0,0.0,0.0,0.0,0.0,0.0,1.1379372373586736,0.34735568905942457,260.1300880520523,310.86713677552896,6065.158665110527,0.19792430461352956,0.03020822719986718,140.41611720126338,167.78511661719458,3288.4029680785126,1.117356879987271,0.2111407558554937,176.2884747655984,210.69432909028323,4099.476103776892,0.2157380501078473,0.04076682730684948,88.1441138416608,105.34357170218809,2048.0118078571038,0.0,0.0,9.398638562363339,11.376668001624236,149.32401440624074,0.0,0.0,10.13024902862135,12.141936534806869,217.70814306729288,0.0,0.0,103.61332086902397,124.69394811508482,2008.072588474736,0.0,0.0,40.33168389027038,48.82837497515746,635.3822858020299,0.0,0.0,79.25394562253786,95.34209060627274,1554.7404563842777,36.70330723432192,25.173736100357997,281.99222610991367,338.2362320097808,6735.581755931584,0.0,0.0,70.44345432279963,85.6419567254437,958.3125612064487,0.0,19.726860215544794,41.936752962833349,22.000000000000019,30.00000000000002,0.0,19.822460007462334,41.371586024893037,12.00000000000001,30.00000000000002,0.0,19.654282434808438,41.952419724953767,22.000000000000019,30.00000000000002,0.0,19.71861226867978,42.08994554128834,12.00000000000001,30.00000000000002,0.0,15.970986831091887,54.08809839614065,12.00000000000001,30.00000000000002,0.0,18.818270406686844,45.317311632187287,12.00000000000001,30.00000000000002,0.0,17.744405167194136,47.88891933611642,10.000000000000007,30.00000000000002,0.0,15.903855188061265,54.39483451206276,12.00000000000001,30.00000000000002,0.0,17.855259058937546,47.81752308465491,20.000000000000015,30.00000000000002,0.0,18.655505041230965,0.0,0.0,0.0,14.799633683475732,0.0,0.0,706.3000537239288,681.976211135891,691.4552787787609,713.6654810024256,767.8994893351799,1080.8441065814432,736.3477927640998,776.409687961457,754.3249917081535,0.0,83.76872771986013,83.76872771986013,60.00000000000004,0.0,60.00000000000004,60.00000000000004,12.0,12.0,12.0,19.0,12.0,12.0,21.0,10.0,0.0,0.0,0.0,0.0,0.0,0.0,0.0,0.0,0.0,0.0,0.0,0.0,0.0,83.76872771986013,83.76872771986013,0.0,0.0,0.0,83.76872771986013,0.0,0.0,0.00251 
 03/05  23:50:00,8.206666666666667,81.5,5.2299999999999999,0.0,0.0,0.0,0.0,0.0,2.0,0.0,0.0,0.0,0.0,0.0,0.0,610.0,0.0,0.0,0.0,0.0,0.0,0.0,0.0,0.0,0.0,0.0,0.0,19.899809439126348,-79.21882410129251,19.841902932300309,-190.37286671379776,19.708282375504706,-192.02818904437164,19.549770128757076,-64.69885577876562,15.91028966004695,16.34600529456648,18.566777304808789,-23.04339967394435,17.603981156259175,127.93479329577554,15.893077161380177,-91.31554769335048,17.648450048692525,-30.40371951901659,425.7381248553056,392.9258617829654,0.0,0.0,0.0,0.0,0.0,0.0,0.0,0.0,0.0,0.0,0.0,0.0,0.0,0.0,0.0,0.0,0.0,0.0,0.0,0.0,0.0,0.0,1.1168006422247315,0.34090373694283629,117.40893122098692,140.2926348340561,2729.6020246829968,0.20559407349011656,0.031378826845255888,77.15847656732383,92.20733914338004,1786.114979443235,1.092995406225577,0.20653730276371452,137.43622354262903,164.24306651846093,3167.985056329331,0.21691183575732599,0.04098863109548865,90.27651026034802,107.82155636084909,2068.8140082928227,0.0,0.0,9.407879045182338,11.379357780929795,149.26599234786003,0.0,0.0,10.334258866167668,12.378803608076098,221.27327088672525,0.0,0.0,99.0405683586709,118.97805335630608,1953.0855399957114,0.0,0.0,41.42045216051208,50.129213099896578,641.7089110339883,0.0,0.0,48.69612291140859,58.595416685705789,943.3188300826976,36.43941064553598,24.992737068268857,142.9202050186635,171.62006171453857,3607.5738168335039,0.0,0.0,57.41251461103023,69.77642275750192,754.3552996798508,0.0,19.62188702440036,41.961653908869958,22.0,30.0,0.0,19.645567092304988,41.6046528923537,12.0,30.0,0.0,19.531452197627745,42.13818020078328,22.0,30.0,0.0,19.5326810387988,42.310226669270438,12.0,30.0,0.0,15.952345016709029,54.000579965957687,12.0,30.0,0.0,18.769231680014486,45.308602457789579,12.0,30.0,0.0,17.902739890835073,47.17332712481114,10.0,30.0,0.0,15.76502301844301,54.75482935923493,12.0,30.0,0.0,17.718075071193377,48.058075716790259,20.0,30.0,0.0,18.134066813969587,0.0,0.0,0.0,14.573509725113919,0.0,0.0,687.007377606346,664.6458739931677,679.5772426124361,693.9722291037513,759.2887769924365,1085.5971580099718,720.2589403662032,771.9067423285446,743.5579210937877,0.0,83.76872771986005,83.76872771986005,60.0,0.0,60.0,60.0,12.0,12.0,12.0,19.0,12.0,12.0,21.0,10.0,0.0,0.0,0.0,0.0,0.0,0.0,0.0,0.0,0.0,0.0,0.0,0.0,0.0,83.76872771986005,83.76872771986005,0.0,0.0,0.0,83.76872771986005,0.0,0.0,0.002523333333333333 
 03/05  24:00:00,8.2,82.0,5.22,0.0,0.0,0.0,0.0,0.0,2.0,0.0,0.0,0.0,0.0,0.0,0.0,610.0,0.0,0.0,0.0,0.0,0.0,0.0,0.0,0.0,0.0,0.0,0.0,19.706525512066436,-229.74217566492099,19.68656948528845,-218.04840602045625,19.48257180910285,-203.27016389205529,19.44267490723214,-162.57938195143607,15.898888904222837,15.185180631954723,18.53124462864305,-17.935078559457368,17.555174624913975,58.67993721042512,15.823546110168096,-80.7315530738972,17.464114872907524,-223.2035885255309,554.2727305135104,595.5869644130994,0.0,0.0,0.0,0.0,0.0,0.0,0.0,0.0,0.0,0.0,0.0,0.0,0.0,0.0,0.0,0.0,0.0,0.0,0.0,0.0,0.0,0.0,1.0962067999405348,0.33461746029930858,331.4610658796505,396.38460738745166,7491.087072353248,0.19066854047299618,0.029100815090506134,145.0325893218546,173.5508562665001,3286.0264196115347,1.0734728782296633,0.2028482385165653,345.26476465892429,412.9845644666601,7696.640381545209,0.20495749909075879,0.03872968614715773,193.05956905160114,230.7812120151446,4359.710559923793,0.0,0.0,8.66313270472685,10.47689035688523,137.29203540817125,0.0,0.0,10.348548789207918,12.394918840133363,220.99821317384355,0.0,0.0,135.71261341302697,163.1323565392438,2650.5671664130879,0.0,0.0,41.9895672728298,50.83980892531548,643.1381342519547,0.0,0.0,63.409354197763509,76.33473961629308,1191.457757778831,36.101811401958787,24.761187518490254,463.7263139434075,556.1313860588942,10437.166706186137,0.0,0.0,93.05817921085392,113.05281604069602,1260.2136926984718,0.0,19.339411421057706,42.28140615821474,22.0,30.0,0.0,19.426322406269777,41.9349577798512,12.0,30.0,0.0,19.18712115159833,42.73157876895548,22.0,30.0,0.0,19.380201270387354,42.34027945486618,12.0,30.0,0.0,15.936303463010184,53.84067154625258,12.0,30.0,0.0,18.734359115657108,45.21654884302882,12.0,30.0,0.0,17.801844333095859,47.23554367093935,10.0,30.0,0.0,15.669475557987486,54.59004440042565,12.0,30.0,0.0,17.418254130271973,48.754578285274849,20.0,30.0,0.0,18.52015283501864,0.0,0.0,0.0,14.76078943405505,0.0,0.0,652.5184707480325,643.2041653597335,654.28893345041,663.9828572454046,747.586436627548,1083.7948692187438,706.2910119347334,743.996454533238,734.1776308487945,0.0,83.76872771986005,83.76872771986005,60.0,0.0,60.0,60.0,12.0,12.0,12.0,19.0,12.0,12.0,21.0,10.0,0.0,0.0,0.0,0.0,0.0,0.0,0.0,0.0,0.0,0.0,0.0,0.0,0.0,83.76872771986005,83.76872771986005,0.0,0.0,0.0,83.76872771986005,0.0,0.0,0.0025366666666666668 
 03/06  00:10:00,8.133333333333333,82.50000000000002,5.266666666666667,0.0,0.0,0.0,0.0,0.0,2.0,2.0,0.0,0.0,0.0,0.0,0.0,305.0,0.0,0.0,0.0,0.0,0.0,0.0,0.0,0.0,0.0,0.0,0.0,19.650730663896885,-34.03027583554649,19.551427762490776,-271.5855046517672,19.38374171819723,-245.5752750712445,19.34614047592769,-9.951706252739769,15.88521655757615,12.648915054464169,18.492065283276508,-12.720004050548539,17.509182992559248,52.8013343569055,15.769041474509198,-77.67996605382564,17.42690224059244,-93.99312327481766,508.26981746108688,456.9774372320851,0.0,0.0,0.0,0.0,0.0,0.0,0.0,0.0,0.0,0.0,0.0,0.0,0.0,0.0,0.0,0.0,0.0,0.0,0.0,0.0,0.0,0.0,1.0905413592915743,0.33288808281183587,285.7834595820466,340.85518511709429,6516.336876641989,0.1812376849689209,0.027661429329810886,179.39509022232074,214.09388675463226,4033.487814658637,1.033869824510003,0.19536466827475502,181.30731954793579,216.49474655452165,4037.906017389725,0.20642348041520476,0.03900670453802054,88.74741364746987,105.88133921424688,2003.3683583834998,0.0,0.0,7.988841797596172,9.640828606885899,127.42598183299543,0.0,0.0,9.560152620445408,11.427073904658866,204.76132005575719,0.0,0.0,87.61265639778748,105.08861433369093,1711.5084585258492,0.0,0.0,41.41295612051964,50.03296710030103,634.564416681784,0.0,0.0,19.396940688442457,23.287410893659869,367.00835129691617,36.19544776697616,24.825409991067333,315.1267363702231,377.25545316659358,7259.270797261128,0.0,0.0,66.73639791938298,80.92933713681699,881.7179522683246,0.0,19.378696525663729,42.39264422906699,22.0,30.0,0.0,19.248288419242419,42.04361195419163,12.0,30.0,0.0,19.08558327835026,42.507951801342219,22.0,30.0,0.0,19.27898683263733,42.83349158016061,12.0,30.0,0.0,15.917012803007659,53.65978577960805,12.0,30.0,0.0,18.69317425801077,45.11756067584524,12.0,30.0,0.0,17.7312524211069,46.964221349308939,10.0,30.0,0.0,15.601745585935824,54.55136736869738,12.0,30.0,0.0,17.41867642194162,48.68534496113046,20.0,30.0,0.0,18.335909636063044,0.0,0.0,0.0,14.532790107741376,0.0,0.0,674.0503569781256,607.3241253362097,610.5351713779377,685.5365089917859,735.4484386435348,1082.4481180386425,668.1491053166346,728.3051893335799,812.8898547944159,0.0,83.76872771986005,83.76872771986005,60.0,0.0,60.0,60.0,12.0,12.0,12.0,19.0,12.0,12.0,21.0,10.0,0.0,0.0,0.0,0.0,0.0,0.0,0.0,0.0,0.0,0.0,0.0,0.0,0.0,83.76872771986005,83.76872771986005,0.0,0.0,0.0,83.76872771986005,0.0,0.0,0.00255 
 03/06  00:20:00,8.066666666666667,83.0,5.3133333333333339,0.0,0.0,0.0,0.0,0.0,2.0,2.0,0.0,0.0,0.0,0.0,0.0,610.0,0.0,0.0,0.0,0.0,0.0,0.0,0.0,0.0,0.0,0.0,0.0,19.46096165418125,-168.80322745047489,19.50420651786782,-155.4837167582707,19.346848004738804,-150.3282359668774,19.249061733113448,-114.37870456633709,15.875160028870276,12.875423987286183,18.458076344251457,-18.435410559765076,17.505503471910758,71.69014790747429,15.71920875380086,-91.15923119199033,17.416671036605647,-86.09496122645564,508.96541998503019,446.72514655514626,0.0,0.0,0.0,0.0,0.0,0.0,0.0,0.0,0.0,0.0,0.0,0.0,0.0,0.0,0.0,0.0,0.0,0.0,0.0,0.0,0.0,0.0,1.0960501349656156,0.33456963826789246,264.31443800270417,316.2881821544469,5907.561852261546,0.19507682082651435,0.029773629552276305,123.23963686972235,147.2800196803606,2784.5572878807108,1.0655916533038644,0.20135896698863657,222.5686006802352,266.40545205081517,4999.140730510239,0.20406175134759264,0.038560421645425658,115.41863280897403,138.16865389510279,2584.6482421012517,0.0,0.0,8.559597293043455,10.356593199362134,137.4656665978969,0.0,0.0,10.106010328214092,12.111900727771112,217.09743751973662,0.0,0.0,89.45345824709108,107.55183198400843,1761.4852807513642,0.0,0.0,42.32276713447445,51.26475969704459,648.9926277523462,0.0,0.0,17.127174198767933,20.61128756018349,326.86604280150189,36.34104624129872,24.925271770438088,319.3637858109691,383.29950997974347,7355.077634793708,0.0,0.0,64.98778743310791,79.02336273539727,855.6970462557656,0.0,19.072232485724098,42.82283703884234,22.0,30.0,0.0,19.257731999912168,42.185050773698588,12.0,30.0,0.0,19.116662958623395,42.73446074773977,22.0,30.0,0.0,19.132407917516959,42.74662411142122,12.0,30.0,0.0,15.906571972095819,53.48127670463664,12.0,30.0,0.0,18.66096262323359,45.066038064769418,12.0,30.0,0.0,17.744506299207118,46.9353106464758,10.0,30.0,0.0,15.54217594685855,54.54292742556257,12.0,30.0,0.0,17.43707577834317,48.55490716398413,20.0,30.0,0.0,18.27819092302454,0.0,0.0,0.0,14.444864916711495,0.0,0.0,638.1837853123825,625.6648495642772,639.1486066173923,647.464134821425,722.2704438405012,1079.8612953390698,676.8770010497866,718.4020691049193,850.0409537422836,0.0,83.76872771986005,83.76872771986005,60.0,0.0,60.0,60.0,12.0,12.0,12.0,19.0,12.0,12.0,21.0,10.0,0.0,0.0,0.0,0.0,0.0,0.0,0.0,0.0,0.0,0.0,0.0,0.0,0.0,83.76872771986005,83.76872771986005,0.0,0.0,0.0,83.76872771986005,0.0,0.0,0.00255 
 03/06  00:30:00,8.0,83.5,5.359999999999999,0.0,0.0,0.0,0.0,0.0,2.0,2.0,0.0,0.0,0.0,0.0,0.0,305.0,0.0,0.0,0.0,0.0,0.0,0.0,0.0,0.0,0.0,0.0,0.0,19.33087783940087,-181.05539335744744,19.458218575693424,-69.54185113612357,19.320186321091876,-48.21584475367126,19.12605493294992,-162.79363338190889,15.861692531458918,13.755014397301523,18.4151552512578,-21.628074104204815,17.48319780551727,78.89013594338303,15.657284199701012,-89.21668660707906,17.40891775996528,-79.48478680426917,437.01795045093697,444.17159261829809,0.0,0.0,0.0,0.0,0.0,0.0,0.0,0.0,0.0,0.0,0.0,0.0,0.0,0.0,0.0,0.0,0.0,0.0,0.0,0.0,0.0,0.0,1.0894987068742049,0.3325698128431639,154.98485732355094,185.16462294776265,3445.134993352821,0.20213177990050255,0.03085039375770796,32.78602359538367,39.125532085553647,749.6746023539209,1.087562536666055,0.20551068342140128,206.27202802082119,246.19984002759726,4673.967953026734,0.20477697966812515,0.03869557438929045,107.89541734892849,128.887091203597,2394.865709039178,0.0,0.0,8.885156183622837,10.723749114122662,143.65686220992783,0.0,0.0,9.877151237013877,11.809304720923727,212.63308301342074,0.0,0.0,90.22555036647236,108.21776004997766,1784.7980467343594,0.0,0.0,42.89966305603644,51.854898362682039,656.8974927646974,0.0,0.0,15.738300147666977,18.892102434275694,303.1387344609057,36.45329996868763,25.002263353009359,205.21976759926904,245.97927789106317,4892.044136781454,0.0,0.0,63.96449999438676,77.61602109527937,841.2567386386652,0.0,18.911389904121206,42.871682375838577,22.0,30.0,0.0,19.246628844542973,41.97426590652897,12.0,30.0,0.0,19.151064209561964,42.91143050322624,22.0,30.0,0.0,18.952717362925318,42.77036719260896,12.0,30.0,0.0,15.890156838024206,53.209460054149108,12.0,30.0,0.0,18.611900999949623,44.99017458395067,12.0,30.0,0.0,17.719633000272773,47.059555289849509,10.0,30.0,0.0,15.4602777635045,54.59102579306556,12.0,30.0,0.0,17.454639588662169,48.342990513863309,20.0,30.0,0.0,17.983958192098876,0.0,0.0,0.0,14.36711481961313,0.0,0.0,602.5679388117366,604.1041495117469,668.1381840002242,608.3504626802177,703.4600152980037,1083.4054211595126,684.2544588627648,707.2015031920668,889.9632012175729,0.0,83.76872771986005,83.76872771986005,60.0,0.0,60.0,60.0,12.0,12.0,12.0,19.0,12.0,12.0,21.0,10.0,0.0,0.0,0.0,0.0,0.0,0.0,0.0,0.0,0.0,0.0,0.0,0.0,0.0,83.76872771986005,83.76872771986005,0.0,0.0,0.0,83.76872771986005,0.0,0.0,0.00255 
 03/06  00:40:00,7.933333333333333,84.0,5.406666666666666,0.0,0.0,0.0,0.0,0.0,2.0,2.0,0.0,0.0,0.0,0.0,0.0,610.0,0.0,0.0,0.0,0.0,0.0,0.0,0.0,0.0,0.0,0.0,0.0,19.311395941702228,-111.03781118321558,19.356172743723634,-203.15096027934363,19.16683416605208,-226.16604071814346,19.08910295633773,-81.48038098046482,15.849708301359854,11.616507966735725,18.383183117723904,-16.881740685016923,17.441995830071613,53.22498742459811,15.611243551671129,-95.61308387244026,17.39527558282837,-74.01635341234649,485.6586117325305,444.2387068006316,0.0,0.0,0.0,0.0,0.0,0.0,0.0,0.0,0.0,0.0,0.0,0.0,0.0,0.0,0.0,0.0,0.0,0.0,0.0,0.0,0.0,0.0,1.0769500817421443,0.3287393411911307,226.04586656533059,270.7054666703547,5081.5984769926349,0.19158292425194418,0.029240373054326035,95.29822042824168,114.2331401467551,2151.5371963277509,1.0603008361146796,0.20035919049786095,242.01690436336777,289.78875794168359,5395.665715167408,0.20928223205532404,0.039546907039932719,133.7257984347758,160.11352469517318,2986.4703479043366,0.0,0.0,8.4811437398018,10.259730049421716,138.0060813286804,0.0,0.0,9.562256680975285,11.460609350207456,206.57282204931046,0.0,0.0,86.88286012416714,104.4764607066119,1718.759247865045,0.0,0.0,43.555918105367229,52.78212690333824,668.2116579248827,0.0,0.0,14.505972786180456,17.45602971121644,281.3000635737551,36.584121339840539,25.09198994502095,298.6808093701154,358.81903951518646,6899.172050307965,0.0,0.0,63.110044994953799,76.77773989174662,829.4849009130562,0.0,18.981876455551587,42.75620534752787,22.0,30.0,0.0,19.10208317700514,42.141850459474458,12.0,30.0,0.0,18.908102949402399,42.97271197439852,22.0,30.0,0.0,18.9588181588757,43.03690703874494,12.0,30.0,0.0,15.87712262785181,53.11200156238881,12.0,30.0,0.0,18.585721769828589,44.943629294554877,12.0,30.0,0.0,17.655047628855237,46.83415356506807,10.0,30.0,0.0,15.40953597050559,54.49928104548772,12.0,30.0,0.0,17.456415468944404,48.21553084699728,20.0,30.0,0.0,18.07358928068203,0.0,0.0,0.0,14.29721179689024,0.0,0.0,611.1863520936015,581.5708899933741,613.1915168726788,636.5843854137772,696.1703149800922,1086.4525622302522,651.8405370115731,693.1535770084843,904.8627906140353,0.0,83.76872771986005,83.76872771986005,60.0,0.0,60.0,60.0,12.0,12.0,12.0,19.0,12.0,12.0,21.0,10.0,0.0,0.0,0.0,0.0,0.0,0.0,0.0,0.0,0.0,0.0,0.0,0.0,0.0,83.76872771986005,83.76872771986005,0.0,0.0,0.0,83.76872771986005,0.0,0.0,0.00255 
 03/06  00:50:00,7.866666666666666,84.5,5.453333333333334,0.0,0.0,0.0,0.0,0.0,2.0,2.0,0.0,0.0,0.0,0.0,0.0,305.0,0.0,0.0,0.0,0.0,0.0,0.0,0.0,0.0,0.0,0.0,0.0,19.300796030114456,-36.238667192891629,19.219432443508436,-281.90377160263417,19.047637568676615,-244.97283394848183,19.0608320017395,-10.414576977915204,15.83373852380792,10.651244186882196,18.34394634826627,-13.531213815456113,17.389177679018397,42.538839970958637,15.554365152046369,-93.96402768382109,17.383922863258765,-66.38217132957772,454.7576482252589,441.03183565918746,0.0,0.0,0.0,0.0,0.0,0.0,0.0,0.0,0.0,0.0,0.0,0.0,0.0,0.0,0.0,0.0,0.0,0.0,0.0,0.0,0.0,0.0,1.074058181864282,0.32785658787065999,205.85580055768566,245.80602760739672,4679.007720148139,0.1862257913899699,0.02842273983363399,144.9253369822128,173.15320797252958,3240.617524178601,1.044009133621015,0.19728063749452297,133.87613978046509,160.03390763557946,2972.755275735621,0.20922021249597276,0.0395351875464801,85.94319065137926,102.64344237868906,1933.5200602847736,0.0,0.0,8.22503468249365,9.928129164952031,134.6741122293456,0.0,0.0,9.454497118631134,11.30657763215748,204.8201288949288,0.0,0.0,83.9851347751758,100.79064637435981,1659.5740634472984,0.0,0.0,43.7205168148495,52.87018089962829,670.6548804029778,0.0,0.0,13.125514408782035,15.755219825133171,256.4917291241143,36.6895641077485,25.164310087619009,231.04400793459628,276.98041350752097,5454.654565934717,0.0,0.0,61.731295942938569,74.94200679463299,810.6306896295996,0.0,19.05013927742451,42.51500710066748,22.0,30.0,0.0,18.906515491501577,42.441181326845917,12.0,30.0,0.0,18.753185732811976,42.90807548480301,22.0,30.0,0.0,18.963306292805127,43.1536454286118,12.0,30.0,0.0,15.857127672816482,52.934569613187239,12.0,30.0,0.0,18.544149196767699,44.846287319417907,12.0,30.0,0.0,17.571828002282297,46.81342462343388,10.0,30.0,0.0,15.33767634516754,54.53452024677448,12.0,30.0,0.0,17.460146166234943,48.02916535941454,20.0,30.0,0.0,17.913516730962639,0.0,0.0,0.0,14.221143830567636,0.0,0.0,606.4818084934232,559.0048265728794,565.8102595360699,655.12560419484,682.3833455703762,1085.4334986147,630.4147389355884,682.3284765569905,928.3357704884041,0.0,83.76872771986005,83.76872771986005,60.0,0.0,60.0,60.0,12.0,12.0,12.0,19.0,12.0,12.0,21.0,10.0,0.0,0.0,0.0,0.0,0.0,0.0,0.0,0.0,0.0,0.0,0.0,0.0,0.0,83.76872771986005,83.76872771986005,0.0,0.0,0.0,83.76872771986005,0.0,0.0,0.0025533333333333334 
 03/06  01:00:00,7.8,85.0,5.5,0.0,0.0,0.0,0.0,0.0,2.0,2.0,0.0,0.0,0.0,0.0,0.0,915.0,0.0,0.0,0.0,0.0,0.0,0.0,0.0,0.0,0.0,0.0,0.0,19.148704838774884,-151.75454786935067,19.176898774153285,-148.41829316260584,19.04444645856909,-59.25818478143012,18.97898194635775,-142.60069878745149,15.822027414016525,10.672869724191863,18.311859931465724,-18.237575744662306,17.366444679806336,47.71046766173507,15.511275964345924,-102.75752026078612,17.379573884600384,-39.93061244711604,391.1629802837836,414.14163569654508,0.0,0.0,0.0,0.0,0.0,0.0,0.0,0.0,0.0,0.0,0.0,0.0,0.0,0.0,0.0,0.0,0.0,0.0,0.0,0.0,0.0,0.0,1.0837715985218746,0.33082161127041379,182.92410946725568,219.49215786260766,4088.370686727775,0.1981898925959443,0.030248762606218638,96.02956148879125,115.07593523868968,2162.383316903124,1.055300624255509,0.19941432809061039,133.26998679838096,159.9697059523904,2998.0518787299049,0.20076935938516489,0.037938276527808959,69.45243904805531,83.34975727880301,1553.7333751700949,0.0,0.0,8.60435809164611,10.419669480182878,141.80402520046094,0.0,0.0,9.72180858688066,11.665007646797858,211.28551334663053,0.0,0.0,83.34509175986706,100.34403518369011,1654.2471089078827,0.0,0.0,44.18034885152932,53.601966524033958,679.428509605424,0.0,0.0,10.544766722732787,12.69657863039857,207.69974933930099,36.794380255237808,25.23620044940867,195.5591440218238,235.54436319682058,4694.6968790758169,0.0,0.0,57.73033444329363,70.33100582833255,753.7570831459103,0.0,18.805096715404397,42.94212342366745,22.000000000000019,30.00000000000002,0.0,18.917039959355205,42.478461699768008,12.00000000000001,30.00000000000002,0.0,18.8374737946727,43.046603067617088,22.000000000000019,30.00000000000002,0.0,18.838966851936044,42.89234075178724,12.00000000000001,30.00000000000002,0.0,15.846494585399736,52.80477136356939,12.00000000000001,30.00000000000002,0.0,18.516067202220677,44.79961015505846,12.00000000000001,30.00000000000002,0.0,17.55201842866501,46.788406015465778,10.000000000000007,30.00000000000002,0.0,15.292665154757057,54.52338771866187,12.00000000000001,30.00000000000002,0.0,17.475448307304118,47.88845366281173,20.000000000000015,30.00000000000002,0.0,17.649341107404675,0.0,0.0,0.0,14.118830145826216,0.0,0.0,584.9647952457614,566.9597056444584,608.0176758944512,598.854942337819,671.7035590763165,1079.8566101130205,620.0839893943553,672.7660356204124,944.8680925318923,0.0,83.76872771986013,83.76872771986013,60.00000000000004,0.0,60.00000000000004,60.00000000000004,12.0,12.0,12.0,19.0,12.0,12.0,21.0,10.0,0.0,0.0,0.0,0.0,0.0,0.0,0.0,0.0,0.0,0.0,0.0,0.0,0.0,83.76872771986013,83.76872771986013,0.0,0.0,0.0,83.76872771986013,0.0,0.0,0.002556666666666667 
 03/06  01:10:00,7.753333333333333,85.33333333333334,5.545000000000001,0.0,0.0,0.0,0.0,0.0,2.0,2.0,0.0,0.0,0.0,0.0,0.0,305.0,0.0,0.0,0.0,0.0,0.0,0.0,0.0,0.0,0.0,0.0,0.0,19.04316882283549,-161.2247518432414,19.17804242226211,-18.919654015479268,18.94935576495959,-197.9651474333109,18.959757762815167,-11.621072431567882,15.80515353214664,10.79643391431938,18.26827129312887,-18.566864372151259,17.331942249268147,54.065111402519509,15.451532876677352,-100.75626336638038,17.379733508126976,-38.504340230374399,227.6759343349372,417.6431838927426,0.0,0.0,0.0,0.0,0.0,0.0,0.0,0.0,0.0,0.0,0.0,0.0,0.0,0.0,0.0,0.0,0.0,0.0,0.0,0.0,0.0,0.0,1.07644196225744,0.3285842375633211,59.0155763001245,70.56381830802934,1328.839223845295,0.2019236015050331,0.030818620498326178,4.771691152467098,5.699381749806796,113.01601209350332,1.0430942310772343,0.19710775341595514,61.42263835341172,73.43403915692484,1385.2805306447154,0.20735902558968023,0.03918348934045354,64.99255380850828,77.65445912271812,1465.9973621815962,0.0,0.0,8.715837848634522,10.522304679340867,144.1867248585209,0.0,0.0,9.448128452542102,11.302588278719126,205.39934431224379,0.0,0.0,84.09768059428063,100.95088709956693,1670.800434171642,0.0,0.0,44.47147673036844,53.804053891053829,681.6206300701765,0.0,0.0,11.558175179239687,13.872827519941789,229.28178233957005,36.9488749905345,25.342163916690337,62.5334568092913,75.2018723533513,1876.2556500166937,0.0,0.0,57.561290752136439,69.92677665132988,748.5929144535926,0.0,18.676732929410247,43.09770338229399,22.0,30.0,0.0,18.990079918999468,42.198061439980829,12.0,30.0,0.0,18.70920790251005,42.99039033219688,22.0,30.0,0.0,18.86731711840686,42.89484048220163,12.0,30.0,0.0,15.82606298645357,52.60347743599972,12.0,30.0,0.0,18.465745398344283,44.72758569371979,12.0,30.0,0.0,17.509357674385809,46.72589030865463,10.0,30.0,0.0,15.215317702178094,54.53340733519965,12.0,30.0,0.0,17.49373173565781,47.622487630429869,20.0,30.0,0.0,17.02642706575984,0.0,0.0,0.0,14.042544804135377,0.0,0.0,564.7261469922025,557.1274201657162,565.400372469063,616.5719825579736,653.502448409678,1073.2931773601184,603.0432111222781,656.4678430018209,957.1862281369314,0.0,83.76872771986005,83.76872771986005,60.0,0.0,60.0,60.0,12.0,12.0,12.0,19.0,12.0,12.0,21.0,10.0,0.0,0.0,0.0,0.0,0.0,0.0,0.0,0.0,0.0,0.0,0.0,0.0,0.0,83.76872771986005,83.76872771986005,0.0,0.0,0.0,83.76872771986005,0.0,0.0,0.0025599999999999999 
 03/06  01:20:00,7.706666666666667,85.66666666666667,5.59,0.0,0.0,0.0,0.0,0.0,2.0,2.0,0.0,0.0,0.0,0.0,0.0,915.0,0.0,0.0,0.0,0.0,0.0,0.0,0.0,0.0,0.0,0.0,0.0,19.03077098176985,-61.05518003867486,19.049660703903038,-305.7629455732199,18.918773594584253,-96.87888974468416,18.8582669503528,-140.04408421482274,15.791996723872446,9.327499321286606,18.23752750979454,-16.112387015847156,17.29335364577358,33.69214613153947,15.409291247931194,-107.66903682285127,17.370174277441206,-41.31798850190033,351.5977310437802,422.8091058417084,0.0,0.0,0.0,0.0,0.0,0.0,0.0,0.0,0.0,0.0,0.0,0.0,0.0,0.0,0.0,0.0,0.0,0.0,0.0,0.0,0.0,0.0,1.0710180299619912,0.32692858057447829,130.4429228732302,156.5072135181823,2938.553848306549,0.19039622968658513,0.029059253615168667,101.09638259004479,121.30209117713375,2265.855620862549,1.0449438621966627,0.19745726798878736,83.11014945941936,99.81990465708707,1876.3637042815304,0.2016533385999346,0.038105317195754818,77.42638572370902,93.01286720674635,1724.1073082050064,0.0,0.0,8.494272849239131,10.287395783100273,141.05483271226107,0.0,0.0,9.498823920960018,11.400430940308909,206.8534399772804,0.0,0.0,81.98689538136947,98.7408845598693,1627.504689780666,0.0,0.0,44.95268642081049,54.56587535854068,689.1282649737837,0.0,0.0,12.881032781347559,15.508749918074426,256.583082942965,37.159593861503939,25.486689891292138,147.50179037810515,177.85499017821813,3663.7571653293546,0.0,0.0,58.02136586992212,70.72275270809475,752.6187991071317,0.0,18.741928533015935,42.82224525595623,21.999999999999994,29.99999999999999,0.0,18.779569000973859,42.50838504641247,11.999999999999995,29.99999999999999,0.0,18.725309428317716,43.05186729835447,21.999999999999994,29.99999999999999,0.0,18.703228119943249,43.033398427140777,11.999999999999995,29.99999999999999,0.0,15.81346921889703,52.506930927574618,11.999999999999995,29.99999999999999,0.0,18.44136556589155,44.66781287463558,11.999999999999995,29.99999999999999,0.0,17.457192596949708,46.72473941588459,9.999999999999997,29.99999999999999,0.0,15.172371048724124,54.54526312801279,11.999999999999995,29.99999999999999,0.0,17.491863509893084,47.49520958998657,19.999999999999994,29.99999999999999,0.0,17.343458317478306,0.0,0.0,0.0,13.980964752099041,0.0,0.0,555.0077525541884,534.8771041782032,583.449883563496,584.8491281485744,643.8843907118435,1064.0960879671912,590.0659823960017,651.5938384225145,950.3778889800801,0.0,83.76872771986003,83.76872771986003,59.99999999999998,0.0,59.99999999999998,59.99999999999998,12.0,12.0,12.0,19.0,12.0,12.0,21.0,10.0,0.0,0.0,0.0,0.0,0.0,0.0,0.0,0.0,0.0,0.0,0.0,0.0,0.0,83.76872771986003,83.76872771986003,0.0,0.0,0.0,83.76872771986003,0.0,0.0,0.0025533333333333338 
 03/06  01:30:00,7.66,86.0,5.635,0.0,0.0,0.0,0.0,0.0,2.0,2.0,0.0,0.0,0.0,0.0,0.0,915.0,0.0,0.0,0.0,0.0,0.0,0.0,0.0,0.0,0.0,0.0,0.0,18.907785948033039,-168.19678486082069,18.895565392407499,-284.9826874726288,18.800753212711308,-232.9531290701979,18.80468662915571,-117.81107150060559,15.775748121451615,8.657486481051834,18.200285395935727,-17.710680068272624,17.242416923737019,20.47398492601329,15.357082244654162,-110.22512015231492,17.35657282245011,-44.24206248959449,449.2996432337451,423.4475147935765,0.0,0.0,0.0,0.0,0.0,0.0,0.0,0.0,0.0,0.0,0.0,0.0,0.0,0.0,0.0,0.0,0.0,0.0,0.0,0.0,0.0,0.0,1.0770494030418912,0.3287696590481962,267.6575454891754,321.21811925234337,5931.399014133865,0.19886904035377996,0.030352417636413294,139.5486825958294,167.50214377209799,3083.1274471752687,1.0042599138168907,0.18976944705534594,158.28900124746003,189.94352430512897,3516.2086580640695,0.18736134626698787,0.035404638372446669,54.90321767835447,65.8696158063909,1220.1162052262053,0.0,0.0,8.514247577861477,10.313119228462379,141.89561650253874,0.0,0.0,9.851933948713228,11.82624526356852,214.74754026013955,0.0,0.0,80.25091047628206,96.68371273642095,1589.1166707461535,0.0,0.0,45.06561578729816,54.71794485481132,689.5821995981282,0.0,0.0,14.10314959938577,16.98264632630238,282.00465545766277,37.33193890661501,25.604896369420446,265.849465668239,320.06918451949948,6137.19417429556,0.0,0.0,58.09409067570264,70.83188668868334,751.2435782043732,0.0,18.561300379014499,43.15263412145373,21.999999999999994,29.99999999999999,0.0,18.562498459694444,42.79998567272736,11.999999999999995,29.99999999999999,0.0,18.55245922390418,43.03774251601442,21.999999999999994,29.99999999999999,0.0,18.659475737119555,42.95440785347198,11.999999999999995,29.99999999999999,0.0,15.795419084201786,52.32659541351555,11.999999999999995,29.99999999999999,0.0,18.40350530176937,44.5619188148422,11.999999999999995,29.99999999999999,0.0,17.382923648581099,46.68224720584836,9.999999999999997,29.99999999999999,0.0,15.110128043946148,54.475043638324127,11.999999999999995,29.99999999999999,0.0,17.48246896049583,47.28538885281757,19.999999999999994,29.99999999999999,0.0,17.587407593323588,0.0,0.0,0.0,13.913329786929893,0.0,0.0,544.1100638299954,500.99703155048248,531.2063826353194,560.7903095743743,628.0721421262745,1044.5979779178543,571.0224484257908,641.8820840911826,930.1499339597374,0.0,83.76872771986003,83.76872771986003,59.99999999999998,0.0,59.99999999999998,59.99999999999998,12.0,12.0,12.0,19.0,12.0,12.0,21.0,10.0,0.0,0.0,0.0,0.0,0.0,0.0,0.0,0.0,0.0,0.0,0.0,0.0,0.0,83.76872771986003,83.76872771986003,0.0,0.0,0.0,83.76872771986003,0.0,0.0,0.0025466666666666669 
 03/06  01:40:00,7.613333333333333,86.33333333333334,5.68,0.0,0.0,0.0,0.0,0.0,2.0,2.0,0.0,0.0,0.0,0.0,0.0,305.0,0.0,0.0,0.0,0.0,0.0,0.0,0.0,0.0,0.0,0.0,0.0,18.892488210805135,-51.76175192771734,18.86102999969652,-148.11696283806033,18.81159632239823,-51.12306865390201,18.66365115310705,-188.86823802302389,15.756816177874289,8.817277424094528,18.15699425913798,-17.65093699562368,17.18410247054939,27.492067902300734,15.305075645788922,-104.7751761647462,17.337863750425329,-45.00056051212471,310.5254858170101,425.8289646792871,0.0,0.0,0.0,0.0,0.0,0.0,0.0,0.0,0.0,0.0,0.0,0.0,0.0,0.0,0.0,0.0,0.0,0.0,0.0,0.0,0.0,0.0,1.060830658583465,0.3238188823514851,112.38332604677609,134.4220207389784,2528.2986256649039,0.19884105506275519,0.03034814637709939,59.964239801984067,71.73395685158777,1336.2397703422233,1.0172155044994796,0.19221759344283446,92.56050809792896,110.69537945419352,2091.223214853706,0.19171616781876789,0.03622754493929853,87.7352121516912,105.00573218656878,1928.7136909691754,0.0,0.0,8.531283412218365,10.30313801565314,142.6731942113508,0.0,0.0,9.608948104808212,11.50143790085829,209.5294308541901,0.0,0.0,80.19847193438408,96.35186100691007,1583.3336893794108,0.0,0.0,44.91440577550091,54.37967442403767,686.3474697446171,0.0,0.0,14.87625064036191,17.860490094370783,298.4642616774544,37.45011702227947,25.68595131843586,106.16586591881067,127.6530613338942,2769.725151816804,0.0,0.0,57.94841705325086,70.45654188664624,747.4544155395498,0.0,18.619859222699565,42.748660276474669,22.0,30.0,0.0,18.5806491389094,42.79397680016657,12.0,30.0,0.0,18.650963523530579,42.863689170820567,22.0,30.0,0.0,18.43962481611396,43.21043824777567,12.0,30.0,0.0,15.772584732308076,52.12316672070001,12.0,30.0,0.0,18.353862405084656,44.43266934386356,12.0,30.0,0.0,17.300652646567298,46.946422500238799,10.0,30.0,0.0,15.048326759733467,54.52617974386342,12.0,30.0,0.0,17.46360076634243,47.049407957861507,20.0,30.0,0.0,17.097355905400844,0.0,0.0,0.0,13.846251123285816,0.0,0.0,514.9713212653113,502.97809449123658,545.7763428256876,512.4731754110795,610.3714990324968,1018.1964213198096,582.2768749605016,639.5928697641317,899.8507456916509,0.0,83.76872771986005,83.76872771986005,60.0,0.0,60.0,60.0,12.0,12.0,12.0,19.0,12.0,12.0,21.0,10.0,0.0,0.0,0.0,0.0,0.0,0.0,0.0,0.0,0.0,0.0,0.0,0.0,0.0,83.76872771986005,83.76872771986005,0.0,0.0,0.0,83.76872771986005,0.0,0.0,0.0025399999999999999 
 03/06  01:50:00,7.566666666666666,86.66666666666666,5.725,0.0,0.0,0.0,0.0,0.0,2.0,2.0,0.0,0.0,0.0,0.0,0.0,610.0,0.0,0.0,0.0,0.0,0.0,0.0,0.0,0.0,0.0,0.0,0.0,18.813111166799609,-103.62819274790673,18.829184745900009,-164.74893337363563,18.655263170756237,-248.30076895927778,18.631220764748166,-110.00159996208731,15.742250644582157,8.30406868370028,18.123378023556869,-17.997146079578898,17.163937814494529,34.556576190579338,15.264152181119579,-110.70742554763354,17.32112491122994,-46.74771426397365,422.0977622611699,430.69736678854658,0.0,0.0,0.0,0.0,0.0,0.0,0.0,0.0,0.0,0.0,0.0,0.0,0.0,0.0,0.0,0.0,0.0,0.0,0.0,0.0,0.0,0.0,1.0506923860138989,0.3207241715549142,128.63844727087548,154.2147462809707,2877.930537528996,0.19011749065614093,0.029016711028104534,94.72731911164472,113.4763328889129,2111.598566966523,1.0364094477702457,0.1958445668500087,199.7419859528357,239.58375447345024,4405.234434196704,0.20574416587196066,0.03887833822221477,131.8984970823092,158.23724124838723,2913.912462144747,0.0,0.0,8.618496240015635,10.43397032362291,144.67151812873176,0.0,0.0,9.612834266254457,11.534409363851815,209.88618164587798,0.0,0.0,82.13480811629039,98.91827148000046,1627.1792184189672,0.0,0.0,45.33605255357859,55.026680913216,693.1811097016646,0.0,0.0,15.223158621506745,18.321260435901423,306.33178291640987,37.73478014569939,25.88119351556886,203.3404062762088,244.77587055374699,4804.248942695613,0.0,0.0,58.424603284469579,71.21581959562499,751.8969981975984,0.0,18.51903265709747,43.07110569473333,22.0,30.0,0.0,18.582373575976655,42.77892035416521,12.0,30.0,0.0,18.39128946095221,43.43466135607476,22.0,30.0,0.0,18.452657151222657,43.25416994921508,12.0,30.0,0.0,15.758860480567293,52.0539984976221,12.0,30.0,0.0,18.323645585029035,44.40548792446664,12.0,30.0,0.0,17.290316353292256,46.742978015440829,10.0,30.0,0.0,15.007318867968288,54.520951214503508,12.0,30.0,0.0,17.449075853903229,46.96202492991163,20.0,30.0,0.0,17.37841661367507,0.0,0.0,0.0,13.786189932063774,0.0,0.0,522.2715578077615,503.83076758325685,528.7856178652669,528.6000172118281,604.9901087715416,1008.4829993790379,557.8865611160466,635.3651359027992,886.8276927291312,0.0,83.76872771986005,83.76872771986005,60.0,0.0,60.0,60.0,12.0,12.0,12.0,19.0,12.0,12.0,21.0,10.0,0.0,0.0,0.0,0.0,0.0,0.0,0.0,0.0,0.0,0.0,0.0,0.0,0.0,83.76872771986005,83.76872771986005,0.0,0.0,0.0,83.76872771986005,0.0,0.0,0.002523333333333333 
 03/06  02:00:00,7.52,87.0,5.77,0.0,0.0,0.0,0.0,0.0,2.0,2.0,0.0,0.0,0.0,0.0,0.0,610.0,0.0,0.0,0.0,0.0,0.0,0.0,0.0,0.0,0.0,0.0,0.0,18.681411298079888,-228.49882434356187,18.669643361495525,-241.6297419508296,18.574253309176926,-187.68257738735793,18.562384302305366,-115.62355710452636,15.724239655792865,7.420996966505854,18.086636561680487,-19.08447987371642,17.109311907617884,20.37952761244651,15.215008763930971,-113.80237531149408,17.300860231927606,-49.00932752108645,471.42915456830908,431.4018285458179,0.0,0.0,0.0,0.0,0.0,0.0,0.0,0.0,0.0,0.0,0.0,0.0,0.0,0.0,0.0,0.0,0.0,0.0,0.0,0.0,0.0,0.0,1.0638337528297044,0.3247355777868451,315.58127573533559,378.74826076829268,6935.3116770902129,0.1919291014747829,0.029293208405797148,166.96269039007428,200.44833185821143,3658.1132163365584,1.0061811254732627,0.19013248780673909,192.49505856513972,230.88993062512703,4235.89816876979,0.1901327656216375,0.035928338174912598,72.54246195794357,86.90927608347747,1593.1969930724975,0.0,0.0,8.582654926569968,10.38933717026153,144.54636939221113,0.0,0.0,10.01951665069212,12.023609281245367,218.99896684159143,0.0,0.0,79.743041783744,96.04621695862451,1574.9286988245422,0.0,0.0,45.40906400509034,55.1288616280047,693.4881239919387,0.0,0.0,16.054439176381707,19.32252064615299,323.9218274241859,37.89664315467819,25.992210668503568,330.20393677104655,397.27690574993678,7461.140675784533,0.0,0.0,58.46154328523336,71.27995633795044,750.3881767404089,0.0,18.32059380608549,43.49657922950948,22.0,30.0,0.0,18.332474836532478,43.388095791350739,12.0,30.0,0.0,18.304802687146898,43.508765554219809,22.0,30.0,0.0,18.376008636025277,43.32325003906018,12.0,30.0,0.0,15.738724215395962,51.93937521925085,12.0,30.0,0.0,18.287227789422646,44.328132507403967,12.0,30.0,0.0,17.208956716237034,46.85489036890616,10.0,30.0,0.0,14.950365419593318,54.50625310767175,12.0,30.0,0.0,17.428063953850744,46.82324254628308,20.0,30.0,0.0,17.49259542028789,0.0,0.0,0.0,13.721559681911094,0.0,0.0,507.524383732723,498.4587153261165,506.65993243880379,508.7871322484975,594.1342677470318,986.9690671823825,548.0376065625494,626.4418172088408,866.3584869201964,0.0,83.76872771986005,83.76872771986005,60.0,0.0,60.0,60.0,12.0,12.0,12.0,19.0,12.0,12.0,21.0,10.0,0.0,0.0,0.0,0.0,0.0,0.0,0.0,0.0,0.0,0.0,0.0,0.0,0.0,83.76872771986005,83.76872771986005,0.0,0.0,0.0,83.76872771986005,0.0,0.0,0.0025066666666666668 
 03/06  02:10:00,7.5,87.16666666666667,5.7683333333333339,0.0,0.0,0.0,0.0,0.0,2.0,2.0,0.0,0.0,0.0,0.0,0.0,610.0,0.0,0.0,0.0,0.0,0.0,0.0,0.0,0.0,0.0,0.0,0.0,18.52118800726474,-77.15284966964146,18.66317394690288,-199.13362667744878,18.52846558415508,-248.54956450731334,18.46800341409844,-104.09898719443072,15.706317156455139,5.885563766044356,18.04806209472187,-18.12012794177997,17.064261504373144,-5.568691986156182,15.16834730152571,-114.80665650453807,17.279398055790428,-50.148549330460529,460.31624336997177,428.8136960424497,0.0,0.0,0.0,0.0,0.0,0.0,0.0,0.0,0.0,0.0,0.0,0.0,0.0,0.0,0.0,0.0,0.0,0.0,0.0,0.0,0.0,0.0,1.0426731938371648,0.3182763106951053,276.5741136584859,331.8468970487331,6006.94352516411,0.18012741844285008,0.027491974731814724,133.33618030198157,159.79304462227413,2933.707540061723,0.9742078523773547,0.18409067505241029,254.99319670741853,305.99547424831209,5585.0481987975149,0.188347413938584,0.03559097013200754,137.70974629080355,165.3204250271417,3002.443228498004,0.0,0.0,8.252558157034639,9.993490571623959,138.99915444208393,0.0,0.0,10.076119882335095,12.093390084059916,219.81578021478266,0.0,0.0,75.58666810409648,91.08425132892164,1487.8641154889702,0.0,0.0,45.00609020878357,54.64780221059195,684.4088625207853,0.0,0.0,17.419366501346027,20.968485747525678,351.34546757269336,37.75999584009334,25.898488230516706,361.1912111115536,434.53739365871265,8057.849967975161,0.0,0.0,57.90809413854042,70.62016520656452,737.3761562249356,0.0,18.115281998152093,44.02709981554282,22.0,30.0,0.0,18.391686984495047,43.222886701181398,12.0,30.0,0.0,18.27971271789989,43.527797528810868,22.0,30.0,0.0,18.24564873983644,43.65149268816546,12.0,30.0,0.0,15.719234002645159,51.83213192883747,12.0,30.0,0.0,18.245590445172579,44.28459457557289,12.0,30.0,0.0,17.153676886147136,46.936081606592299,10.0,30.0,0.0,14.897753084446423,54.521759801799479,12.0,30.0,0.0,17.404598730062604,46.694216873848478,20.0,30.0,0.0,17.4400019797417,0.0,0.0,0.0,13.650878015944436,0.0,0.0,506.24833425557719,499.17235608560909,501.0095403233297,505.564691150022,585.2068549706858,966.656621515757,545.1373415728642,625.4418150081718,842.9612654122843,0.0,83.76872771986005,83.76872771986005,60.0,0.0,60.0,60.0,12.0,12.0,12.0,19.0,12.0,12.0,21.0,10.0,0.0,0.0,0.0,0.0,0.0,0.0,0.0,0.0,0.0,0.0,0.0,0.0,0.0,83.76872771986005,83.76872771986005,0.0,0.0,0.0,83.76872771986005,0.0,0.0,0.00249 
 03/06  02:20:00,7.48,87.33333333333334,5.766666666666667,0.0,0.0,0.0,0.0,0.0,2.0,2.0,0.0,0.0,0.0,0.0,0.0,305.0,0.0,0.0,0.0,0.0,0.0,0.0,0.0,0.0,0.0,0.0,0.0,18.468299747037578,-179.70664422953269,18.650218078445456,-18.02564476876114,18.499104304964264,-47.533672356713399,18.408237457403687,-162.29312288320535,15.686232197345995,7.142499137954417,18.00777286150392,-20.67605359707329,17.02045600892332,27.683155369025827,15.122395773335,-110.44794099152432,17.25579940646182,-51.35244791849186,394.96452518194749,433.39651566743376,0.0,0.0,0.0,0.0,0.0,0.0,0.0,0.0,0.0,0.0,0.0,0.0,0.0,0.0,0.0,0.0,0.0,0.0,0.0,0.0,0.0,0.0,1.0402150474725516,0.31752596076695718,141.13451839096434,169.12726422284963,3051.199485419818,0.18858262038210656,0.028782451218270234,7.5988937293859319,9.094337071365484,172.88019185125618,1.030887090783136,0.19480103756295095,206.80830455612438,247.6105193079349,4559.922610747991,0.1919396485131568,0.03626977485131458,114.87274805721677,137.6031404668212,2495.0308685157094,0.0,0.0,8.642610413726795,10.440540615283414,145.56324290367929,0.0,0.0,10.03126324147918,12.013716453627579,218.4081510088861,0.0,0.0,80.28158497642629,96.51632996216321,1575.5213692866913,0.0,0.0,45.27767215302518,54.85852872891565,685.932786682956,0.0,0.0,17.451928442642175,20.960082760119627,351.86686849354387,37.70194174919364,25.85867060987219,205.51041621284856,247.01495521834537,4800.671143862637,0.0,0.0,58.19100904254403,70.81351262797544,736.8891295897602,0.0,18.05923666400936,44.089629302295929,22.0,30.0,0.0,18.437820064114506,43.004675090799029,12.0,30.0,0.0,18.304368294048908,43.56752254841409,22.0,30.0,0.0,18.17329776777443,43.763305483605588,12.0,30.0,0.0,15.696169183493295,51.751763853220428,12.0,30.0,0.0,18.199805337264153,44.24283563449276,12.0,30.0,0.0,17.10388771682393,47.09733486061138,10.0,30.0,0.0,14.846314847454379,54.62502816938931,12.0,30.0,0.0,17.377111139452155,46.59985918627026,20.0,30.0,0.0,17.190715419177076,0.0,0.0,0.0,13.593801215662852,0.0,0.0,495.3608570302483,486.83172445548356,518.7611566146613,495.304220268509,577.8831100659107,945.3951070221636,548.850997305306,625.5626352608024,825.6506776379059,0.0,83.76872771986005,83.76872771986005,60.0,0.0,60.0,60.0,12.0,12.0,12.0,19.0,12.0,12.0,21.0,10.0,0.0,0.0,0.0,0.0,0.0,0.0,0.0,0.0,0.0,0.0,0.0,0.0,0.0,83.76872771986005,83.76872771986005,0.0,0.0,0.0,83.76872771986005,0.0,0.0,0.0024699999999999997 
 03/06  02:30:00,7.46,87.5,5.765,0.0,0.0,0.0,0.0,0.0,2.0,2.0,0.0,0.0,0.0,0.0,0.0,610.0,0.0,0.0,0.0,0.0,0.0,0.0,0.0,0.0,0.0,0.0,0.0,18.484157311215797,-94.40042221980684,18.56119020758564,-198.18074532915854,18.393853952342608,-195.79592215518688,18.393173941548278,-85.92602713698762,15.669739858746777,5.877777523913352,17.976714991097397,-18.470619621904946,16.978699051259427,10.505188715010945,15.08432919078063,-115.42202489544411,17.236875776844703,-52.045324884256107,430.64547309626507,436.96713730613,0.0,0.0,0.0,0.0,0.0,0.0,0.0,0.0,0.0,0.0,0.0,0.0,0.0,0.0,0.0,0.0,0.0,0.0,0.0,0.0,0.0,0.0,1.0250997959081965,0.3129120256130026,205.66438134075578,247.04790294442769,4500.28703044177,0.17802945298275656,0.027171772433265658,90.79768757762195,109.19861608834346,1990.7359102498718,0.9983334173708889,0.18864954976774174,197.30862231730587,236.87417428192664,4294.744692677843,0.19424983245144226,0.03670631754562399,106.52641911278443,127.85408578724952,2324.0724456116615,0.0,0.0,8.350109266062912,10.109514006947512,140.65790608213298,0.0,0.0,10.167025031102974,12.205140979333909,221.15481482890363,0.0,0.0,77.77866874606937,93.72601549530461,1520.8967820903259,0.0,0.0,45.331243178307428,55.053037742284377,684.9782329039906,0.0,0.0,17.489937985362017,21.053587452247059,352.59137441007638,37.683950321464319,25.846330810332188,260.5427654373385,313.9043521414366,5945.623492631208,0.0,0.0,58.18837904141123,70.98132887753866,732.4935483274669,0.0,18.175518171919234,43.76905465660484,22.0,30.0,0.0,18.29618351398628,43.32210225597398,12.0,30.0,0.0,18.140788051585866,43.85162696425445,22.0,30.0,0.0,18.207130378236614,43.73143107483799,12.0,30.0,0.0,15.680338713338515,51.73759651499785,12.0,30.0,0.0,18.172970970589377,44.23414395181307,12.0,30.0,0.0,17.051010750015256,47.13822567063889,10.0,30.0,0.0,14.809398997447634,54.668984838567,12.0,30.0,0.0,17.359389029918018,46.57853301720145,20.0,30.0,0.0,17.254176888408688,0.0,0.0,0.0,13.538700043491139,0.0,0.0,496.3751150459908,477.18428555626817,496.2100349013448,505.73079180551846,575.2319142793097,934.0771104699469,538.3037632228288,621.8993700360175,820.9661816790404,0.0,83.76872771986005,83.76872771986005,60.0,0.0,60.0,60.0,12.0,12.0,12.0,19.0,12.0,12.0,21.0,10.0,0.0,0.0,0.0,0.0,0.0,0.0,0.0,0.0,0.0,0.0,0.0,0.0,0.0,83.76872771986005,83.76872771986005,0.0,0.0,0.0,83.76872771986005,0.0,0.0,0.00245 
 03/06  02:40:00,7.44,87.66666666666667,5.763333333333334,0.0,0.0,0.0,0.0,0.0,2.0,2.0,0.0,0.0,0.0,0.0,0.0,305.0,0.0,0.0,0.0,0.0,0.0,0.0,0.0,0.0,0.0,0.0,0.0,18.500517141769366,-28.921374612549699,18.44058552263214,-286.7061688126878,18.32325595982361,-202.72032741249314,18.398251032720446,-7.571564374434956,15.648924180063212,5.65144581926063,17.937812482716319,-17.438495142695616,16.93199142312089,5.5889228015366829,15.037353323956573,-113.42936984505559,17.21261249032652,-52.188607030352049,391.7038709813178,441.28298626444578,0.0,0.0,0.0,0.0,0.0,0.0,0.0,0.0,0.0,0.0,0.0,0.0,0.0,0.0,0.0,0.0,0.0,0.0,0.0,0.0,0.0,0.0,1.0151432534152228,0.3098727879777847,201.77356534865096,241.58870348562898,4452.255321621455,0.1754217313981033,0.026773768528404047,143.54274643451647,171.96230037502569,3111.9790232654129,0.9852370441315713,0.18617480047837713,93.95312351011362,112.57469899775312,2045.6407475075135,0.19347790986115316,0.036560451598857349,43.28252014511937,51.82354810926686,953.8728751053179,0.0,0.0,8.226144894923646,9.937857232057706,138.55356249706029,0.0,0.0,10.274859756666685,12.30738403509161,223.11158968670655,0.0,0.0,76.59838359203582,92.11603493091505,1492.0480141925874,0.0,0.0,45.37935788643838,54.993755910057817,682.829335052925,0.0,0.0,17.67453812810287,21.228885813931325,356.1521618267431,37.61300727330705,25.797673026959577,190.1035421871387,228.5471487990603,4466.438392275729,0.0,0.0,58.19279743926966,70.83478078584116,729.0821414072274,0.0,18.272236235297,43.45468241770269,22.0,30.0,0.0,18.117654862729866,43.776546809699969,12.0,30.0,0.0,18.063219173683799,43.96663934722253,22.0,30.0,0.0,18.26454996349718,43.57679215516388,12.0,30.0,0.0,15.656379544426436,51.709483709934307,12.0,30.0,0.0,18.129817374729485,44.23069366343765,12.0,30.0,0.0,16.989558648307786,47.26599906144464,10.0,30.0,0.0,14.755033151378913,54.779618651719889,12.0,30.0,0.0,17.331189261767379,46.55079579351026,20.0,30.0,0.0,17.087228345406925,0.0,0.0,0.0,13.48699020690936,0.0,0.0,490.4416866264215,472.41063663367569,483.37033320375408,511.5425879385,569.5315472967216,917.590985585755,534.0912188817029,617.5897267350305,812.4336704175007,0.0,83.76872771986005,83.76872771986005,60.0,0.0,60.0,60.0,12.0,12.0,12.0,19.0,12.0,12.0,21.0,10.0,0.0,0.0,0.0,0.0,0.0,0.0,0.0,0.0,0.0,0.0,0.0,0.0,0.0,83.76872771986005,83.76872771986005,0.0,0.0,0.0,83.76872771986005,0.0,0.0,0.00243 
 03/06  02:50:00,7.42,87.83333333333334,5.761666666666666,0.0,0.0,0.0,0.0,0.0,2.0,2.0,0.0,0.0,0.0,0.0,0.0,610.0,0.0,0.0,0.0,0.0,0.0,0.0,0.0,0.0,0.0,0.0,0.0,18.33696134392455,-160.10671143390483,18.420590113487138,-131.70117040683,18.302773904284096,-143.85790734152443,18.318612358059604,-133.27538449716588,15.632495146375632,5.458180347558425,17.90580125260942,-20.05238153170191,16.906658426586444,7.255719041075508,14.999640158635963,-117.31403400200975,17.193165657880735,-53.42437381651888,443.9156779302248,442.52424788559088,0.0,0.0,0.0,0.0,0.0,0.0,0.0,0.0,0.0,0.0,0.0,0.0,0.0,0.0,0.0,0.0,0.0,0.0,0.0,0.0,0.0,0.0,1.0314992024740242,0.3148654464206423,239.49717567401837,287.5691639510618,5160.957099797925,0.18732826892588459,0.028591005635818773,119.38365684037058,143.2200374989243,2599.9755830961419,0.9751286084948262,0.1842646652484555,185.49492194143606,222.77307195416138,4036.4055219642229,0.18412415223638468,0.03479292370302052,92.44428920655344,111.09171518754352,2008.4498745279016,0.0,0.0,8.40271193948455,10.175506047992727,141.56814607737838,0.0,0.0,10.12800458247131,12.159051495917236,219.65188104513238,0.0,0.0,77.02380534240106,92.85086199671096,1500.4041172962685,0.0,0.0,45.537053190590089,55.315498020818058,683.4717469537184,0.0,0.0,18.437950105586368,22.19531843951975,371.46433332742859,37.583650512034719,25.777538074097895,278.95847207879089,335.9707199359668,6299.110754821642,0.0,0.0,58.31470177291196,71.15447158068645,726.7666611042533,0.0,17.985355675782825,44.23718561526488,22.0,30.0,0.0,18.161025794890994,43.69461463737255,12.0,30.0,0.0,18.09074007094874,43.945578810775817,22.0,30.0,0.0,18.131651715770489,43.84334736497223,12.0,30.0,0.0,15.641552564810754,51.69501728634423,12.0,30.0,0.0,18.099953240165669,44.25546421700545,12.0,30.0,0.0,16.971479283670605,47.27240330053726,10.0,30.0,0.0,14.71850702959863,54.83360757988122,12.0,30.0,0.0,17.312715586981953,46.539830858720709,20.0,30.0,0.0,17.21547161604822,0.0,0.0,0.0,13.436384886370198,0.0,0.0,490.29666668948559,479.9702466281335,493.45338258309746,493.33262577384587,565.6713767371513,912.3702466594698,529.295488580198,613.6261627684596,803.8929846420448,0.0,83.76872771986005,83.76872771986005,60.0,0.0,60.0,60.0,12.0,12.0,12.0,19.0,12.0,12.0,21.0,10.0,0.0,0.0,0.0,0.0,0.0,0.0,0.0,0.0,0.0,0.0,0.0,0.0,0.0,83.76872771986005,83.76872771986005,0.0,0.0,0.0,83.76872771986005,0.0,0.0,0.0024233333333333339 
 03/06  03:00:00,7.4,88.0,5.76,0.0,0.0,0.0,0.0,0.0,2.0,2.0,0.0,0.0,0.0,0.0,0.0,305.0,0.0,0.0,0.0,0.0,0.0,0.0,0.0,0.0,0.0,0.0,0.0,18.27464186391033,-145.95028131789833,18.427981812896918,-17.449538693391703,18.296270400637299,-44.62192033000974,18.22003192740763,-185.0547930986936,15.611340447756043,5.630036274034524,17.865820339003045,-21.303958317965966,16.867068495713416,17.544067594433274,14.954068690183228,-115.00309425271849,17.16806347961062,-55.13991487984731,349.74404322261128,442.9482870144798,0.0,0.0,0.0,0.0,0.0,0.0,0.0,0.0,0.0,0.0,0.0,0.0,0.0,0.0,0.0,0.0,0.0,0.0,0.0,0.0,0.0,0.0,1.0293500986135565,0.3142094318112199,91.33846524898719,109.47829621297204,1973.1273260485248,0.1880181928534115,0.028696305380557314,7.086433275948506,8.484981827299592,159.72747996664254,0.9922939271989362,0.18750830068007116,154.02418307183917,184.47668704480925,3375.431538804184,0.1839323943733934,0.03475668827917486,110.57056275898082,132.50418253695737,2378.36372484882,0.0,0.0,8.524125057722469,10.298201542360129,143.59415148905283,0.0,0.0,10.332477653282897,12.378415835430836,223.64977169922589,0.0,0.0,78.41196782163425,94.30639791098077,1523.9232991304205,0.0,0.0,45.549556235101579,55.211405149061118,680.9787180949891,0.0,0.0,18.681288291223443,22.439661858422814,376.1466460972734,37.49511136345554,25.71681163474318,150.59241760930844,181.1559385426788,3627.080800685975,0.0,0.0,58.281088133372019,70.96002011968669,722.9933376488583,0.0,17.92820816229262,44.360855438374709,22.0,30.0,0.0,18.233246757768084,43.47659004629049,12.0,30.0,0.0,18.13960828413077,43.84628637792436,22.0,30.0,0.0,17.985803747087475,44.181657000964019,12.0,30.0,0.0,15.61758166523988,51.68529547004061,12.0,30.0,0.0,18.05440076295952,44.293709324157209,12.0,30.0,0.0,16.92708619994079,47.39880129785353,10.0,30.0,0.0,14.666509310077544,54.94161588667128,12.0,30.0,0.0,17.283144428950285,46.53517745530082,20.0,30.0,0.0,16.879440590098633,0.0,0.0,0.0,13.385710625183775,0.0,0.0,485.5771691174834,477.3140266365062,502.2691635454615,480.1613054230195,560.4121935909446,900.371959995308,531.9621761902312,612.3721635978089,793.0836141576917,0.0,83.76872771986005,83.76872771986005,60.0,0.0,60.0,60.0,12.0,12.0,12.0,19.0,12.0,12.0,21.0,10.0,0.0,0.0,0.0,0.0,0.0,0.0,0.0,0.0,0.0,0.0,0.0,0.0,0.0,83.76872771986005,83.76872771986005,0.0,0.0,0.0,83.76872771986005,0.0,0.0,0.002416666666666667 
 03/06  03:10:00,7.376666666666667,88.16666666666667,5.743333333333333,0.0,0.0,0.0,0.0,0.0,2.0,2.0,0.0,0.0,0.0,0.0,0.0,610.0,0.0,0.0,0.0,0.0,0.0,0.0,0.0,0.0,0.0,0.0,0.0,18.271286955398748,-92.27609985163963,18.33451678701563,-209.85291234648424,18.172736864797274,-209.26818544902199,18.202320438391618,-86.85772528740631,15.594012878238253,4.840306916601776,17.83441971267485,-20.124786153558376,16.832343183375884,9.29895315433032,14.916849508372227,-118.8968293235863,17.14781558651824,-56.14609979013602,431.3160237250795,445.534744512017,0.0,0.0,0.0,0.0,0.0,0.0,0.0,0.0,0.0,0.0,0.0,0.0,0.0,0.0,0.0,0.0,0.0,0.0,0.0,0.0,0.0,0.0,1.0030031257571755,0.30616701030438817,199.78445665964285,240.05027743711993,4330.651564292709,0.17829606611942967,0.02721246430394226,92.42416984167358,111.15327836911729,2005.875473603753,0.986697496041398,0.1864507740063111,205.5941128094023,246.93283964993536,4426.215811792796,0.1925851633019142,0.03639175421426949,114.01166460111826,136.91201361477679,2464.18849038269,0.0,0.0,8.369297734434099,10.134381835339167,141.07114384569514,0.0,0.0,10.418050620966149,12.511288582400859,225.36902791909899,0.0,0.0,77.85365632966188,93.85672180356761,1510.4509030242578,0.0,0.0,45.744923635380008,55.5824759465619,682.6166266854101,0.0,0.0,18.821069042448355,22.661071340787986,379.02790525518005,37.514016773130737,25.72977830804578,259.49388294976168,312.73351179649947,5868.418565177306,0.0,0.0,58.444568917427108,71.33353916974787,722.2802176664234,0.0,17.995269500977487,44.16403344331237,22.0,30.0,0.0,18.081109367040797,43.869543933772877,12.0,30.0,0.0,17.935409471617598,44.32609802100437,22.0,30.0,0.0,18.019372686001537,44.1273094860215,12.0,30.0,0.0,15.601434213325032,51.70041893748147,12.0,30.0,0.0,18.027116254791637,44.32885544908813,12.0,30.0,0.0,16.888805259332686,47.4632638892071,10.0,30.0,0.0,14.630971258060944,55.01369592329465,12.0,30.0,0.0,17.264083505087684,46.54994502438352,20.0,30.0,0.0,17.08774304648257,0.0,0.0,0.0,13.340579074863927,0.0,0.0,484.2618969304739,471.5383001773152,485.7654298445781,491.2828411660284,558.4520717263881,893.9763208347881,526.7608925747587,609.7088315975553,789.9036377244461,0.0,83.76872771986005,83.76872771986005,60.0,0.0,60.0,60.0,12.0,12.0,12.0,19.0,12.0,12.0,21.0,10.0,0.0,0.0,0.0,0.0,0.0,0.0,0.0,0.0,0.0,0.0,0.0,0.0,0.0,83.76872771986005,83.76872771986005,0.0,0.0,0.0,83.76872771986005,0.0,0.0,0.00241 
 03/06  03:20:00,7.353333333333334,88.33333333333334,5.726666666666667,0.0,0.0,0.0,0.0,0.0,2.0,2.0,0.0,0.0,0.0,0.0,0.0,305.0,0.0,0.0,0.0,0.0,0.0,0.0,0.0,0.0,0.0,0.0,0.0,18.270774068570924,-29.322708949814115,18.22932536570795,-249.33707965805753,18.15426199795578,-126.9563893712666,18.206824638945478,-1.03868503207255,15.572083824785594,4.61749829980937,17.795266253476315,-18.878335383960804,16.786508563292928,0.7869566298099926,14.87142043027768,-116.54057747372872,17.122050779704453,-56.086757447733138,323.3990414666023,449.6647503647787,0.0,0.0,0.0,0.0,0.0,0.0,0.0,0.0,0.0,0.0,0.0,0.0,0.0,0.0,0.0,0.0,0.0,0.0,0.0,0.0,0.0,0.0,0.999127954494182,0.3049841130934622,183.569011433056,219.93905487729547,4006.771354765504,0.17592288816709676,0.0268502576567608,129.14385161580703,154.7978201720097,2776.499919869372,0.9675963264621368,0.1828413315310161,49.782018233957497,59.665017271399538,1092.2009634129875,0.1912551399935248,0.03614042705848918,2.411810926261767,2.8894606514565539,56.60671686835485,0.0,0.0,8.205370957655467,9.915122633778005,138.3427427216942,0.0,0.0,10.49023208488369,12.571256888477718,226.62249274599527,0.0,0.0,76.14355470116128,91.61492777183149,1472.283120482889,0.0,0.0,45.80103983594042,55.536431739121628,681.1656795509838,0.0,0.0,18.854691446182597,22.65320866156645,379.6314691679022,37.424167116951789,25.668153029459398,132.53179076463136,159.53186901742127,3235.556793053225,0.0,0.0,58.46648171138246,71.21174854872339,720.5649077947602,0.0,18.05703308721176,43.98008303558955,22.0,30.0,0.0,17.93479896262748,44.254695737429809,12.0,30.0,0.0,17.961044721259698,44.23403669703183,22.0,30.0,0.0,18.07611364986371,43.938509964480157,12.0,30.0,0.0,15.576454604976185,51.7221744176592,12.0,30.0,0.0,17.983955908686779,44.388195228256467,12.0,30.0,0.0,16.828051687333017,47.61104366689629,10.0,30.0,0.0,14.579328474967288,55.1460438151535,12.0,30.0,0.0,17.234243002833304,46.57525614479695,20.0,30.0,0.0,16.70573644729094,0.0,0.0,0.0,13.297716285992479,0.0,0.0,483.22701916847117,467.1555282740456,486.7695240671228,487.7368785625842,554.6439259431728,884.953600759846,522.2190126856312,605.6985173854939,784.9688410967979,0.0,83.76872771986005,83.76872771986005,60.0,0.0,60.0,60.0,12.0,12.0,12.0,19.0,12.0,12.0,21.0,10.0,0.0,0.0,0.0,0.0,0.0,0.0,0.0,0.0,0.0,0.0,0.0,0.0,0.0,83.76872771986005,83.76872771986005,0.0,0.0,0.0,83.76872771986005,0.0,0.0,0.0024000000000000004 
 03/06  03:30:00,7.33,88.5,5.71,0.0,0.0,0.0,0.0,0.0,2.0,2.0,0.0,0.0,0.0,0.0,0.0,610.0,0.0,0.0,0.0,0.0,0.0,0.0,0.0,0.0,0.0,0.0,0.0,18.128801154574704,-143.42033702404798,18.203223746594099,-144.14743737685559,18.09984672833729,-190.6713678987594,18.137257421962994,-120.42874569289188,15.554594141341923,4.368514640931508,17.76316046858422,-21.031152414530653,16.758798002303764,1.0724726328560337,14.835213389419799,-119.440056717738,17.10156337593503,-57.01627787899031,421.69565170955777,449.49928854998327,0.0,0.0,0.0,0.0,0.0,0.0,0.0,0.0,0.0,0.0,0.0,0.0,0.0,0.0,0.0,0.0,0.0,0.0,0.0,0.0,0.0,0.0,1.0150249448153477,0.30983667424155916,215.2123771767155,258.4969045849843,4610.444844845677,0.1869683194832757,0.028536068297203254,115.1505375663188,138.25127786711063,2483.074989743751,0.9476529210835943,0.17907273641035427,155.14372326486515,186.34480092843965,3344.2863306600854,0.18208811827551178,0.034408185615176067,81.52909741455354,97.98571963629317,1760.8582765242236,0.0,0.0,8.343496675701143,10.106813874121596,140.76473101608372,0.0,0.0,10.431364633392765,12.530127727471769,225.1698846174482,0.0,0.0,76.10392079216033,91.79500274018028,1471.464320780553,0.0,0.0,45.814939936050098,55.688146081904708,680.2480158004407,0.0,0.0,19.882468271352026,23.94269014841548,400.38852506114815,37.460759241388888,25.693250508497188,239.2379062142291,288.2556111258699,5424.290860797664,0.0,0.0,58.446938055565997,71.36382696979048,717.3981288789404,0.0,17.813620632844605,44.642117772735897,22.0,30.0,0.0,17.958306385699367,44.218129556804289,12.0,30.0,0.0,17.907503234048069,44.37977911665564,22.0,30.0,0.0,17.962298123122733,44.22433698274432,12.0,30.0,0.0,15.560660027508579,51.739881938997289,12.0,30.0,0.0,17.954459700516549,44.44139849944411,12.0,30.0,0.0,16.80521863265833,47.65763185291213,10.0,30.0,0.0,14.54546446646545,55.222799902088187,12.0,30.0,0.0,17.215025617957978,46.59505755870585,20.0,30.0,0.0,16.96585919838327,0.0,0.0,0.0,13.251025096840245,0.0,0.0,479.6261526434673,474.6502984738729,483.32422484585717,479.30631479004139,551.8862863903389,881.8290084415849,519.9740308883115,603.3796042035306,777.6151494090934,0.0,83.76872771986005,83.76872771986005,60.0,0.0,60.0,60.0,12.0,12.0,12.0,19.0,12.0,12.0,21.0,10.0,0.0,0.0,0.0,0.0,0.0,0.0,0.0,0.0,0.0,0.0,0.0,0.0,0.0,83.76872771986005,83.76872771986005,0.0,0.0,0.0,83.76872771986005,0.0,0.0,0.0023899999999999999 
 03/06  03:40:00,7.306666666666667,88.66666666666666,5.693333333333333,0.0,0.0,0.0,0.0,0.0,2.0,2.0,0.0,0.0,0.0,0.0,0.0,305.0,0.0,0.0,0.0,0.0,0.0,0.0,0.0,0.0,0.0,0.0,0.0,18.03929609995774,-155.51990982624103,18.202872990284477,-14.666451343733599,18.08171878489845,-35.27524550574435,18.02396815379739,-199.254520994391,15.532265638710932,4.610087122173184,17.722774726916687,-22.434501669359123,16.72044628022175,11.923298514272574,14.791175283265359,-117.40916840450177,17.075316108507189,-58.55832081912854,375.1318287365302,450.82783901861697,0.0,0.0,0.0,0.0,0.0,0.0,0.0,0.0,0.0,0.0,0.0,0.0,0.0,0.0,0.0,0.0,0.0,0.0,0.0,0.0,0.0,0.0,1.015165585711073,0.30987960491791,104.97042002152388,125.93014206138196,2236.3185394435729,0.1877545575319633,0.0286560679993839,6.44164742412897,7.719378433344241,144.0346516854622,0.9831676252328038,0.18578375382328123,183.69019128771903,220.18322411402967,3983.9561324242324,0.1790366009755157,0.033831557251609158,125.88101286689873,150.97116098276909,2681.397880387651,0.0,0.0,8.490206636923463,10.261365948523399,143.2698408881938,0.0,0.0,10.559871133314387,12.658727430757285,227.58182431872508,0.0,0.0,77.36138254436455,93.10552169476225,1493.3627746877124,0.0,0.0,45.911998282572778,55.690282237450947,679.5926473052957,0.0,0.0,20.046767350294325,24.091044913554879,403.59122568038216,37.39206358041333,25.64613414294468,182.11454823118707,219.16139382974448,4237.082689570445,0.0,0.0,58.51154167162202,71.29388746213971,715.7547304783121,0.0,17.696854735818059,44.949247741536058,22.0,30.0,0.0,18.017208472635958,44.04344988890111,12.0,30.0,0.0,17.93854808180894,44.31204331730358,22.0,30.0,0.0,17.784024614716399,44.689893621662609,12.0,30.0,0.0,15.535467677822437,51.77213757132498,12.0,30.0,0.0,17.90865782848452,44.523876242455198,12.0,30.0,0.0,16.763199266550534,47.781121961823277,10.0,30.0,0.0,14.496069230759487,55.3583375684676,12.0,30.0,0.0,17.18444528670785,46.631594796757429,20.0,30.0,0.0,16.791639111148855,0.0,0.0,0.0,13.204386038795029,0.0,0.0,473.9720898845669,472.2903307138583,489.37168655850476,467.3230025255789,548.0873255973775,874.3167944480464,522.9487771855635,604.229552989488,767.7673177706463,0.0,83.76872771986005,83.76872771986005,60.0,0.0,60.0,60.0,12.0,12.0,12.0,19.0,12.0,12.0,21.0,10.0,0.0,0.0,0.0,0.0,0.0,0.0,0.0,0.0,0.0,0.0,0.0,0.0,0.0,83.76872771986005,83.76872771986005,0.0,0.0,0.0,83.76872771986005,0.0,0.0,0.00238 
 03/06  03:50:00,7.283333333333333,88.83333333333334,5.676666666666667,0.0,0.0,0.0,0.0,0.0,2.0,2.0,0.0,0.0,0.0,0.0,0.0,610.0,0.0,0.0,0.0,0.0,0.0,0.0,0.0,0.0,0.0,0.0,0.0,18.04211131833749,-86.54425607499207,18.120760144407727,-179.64411479812379,17.96412887957622,-201.15626047302158,18.00772510310083,-81.93505124202898,15.513866352998921,3.6669666895901686,17.69165232582605,-20.927966324114096,16.68016749292235,-0.794545673201128,14.755384802559285,-120.66117654873563,17.054343706099507,-59.61055458350404,418.07053974136945,451.81850518952685,0.0,0.0,0.0,0.0,0.0,0.0,0.0,0.0,0.0,0.0,0.0,0.0,0.0,0.0,0.0,0.0,0.0,0.0,0.0,0.0,0.0,0.0,0.9920851677597079,0.3028343002929511,194.4891951981894,233.9261132296753,4173.654146586218,0.17436614875580115,0.026612660066514215,82.94015215957248,99.87803051940505,1782.6264294670644,0.9639918208458831,0.18216020802076406,199.477126958976,239.80541469181765,4256.028931862264,0.18816380175831483,0.035556273952818368,110.30968195715832,132.57073828681349,2363.177477766479,0.0,0.0,8.239286917624197,9.980893240947364,139.10224481383907,0.0,0.0,10.754702541988685,12.923334620340315,231.6505252316329,0.0,0.0,75.82929514859326,91.47937832049269,1459.716199913037,0.0,0.0,45.923723778698107,55.83853813921738,678.6720583934502,0.0,0.0,20.322016303478806,24.47993033905474,409.1841618163603,37.37903642815694,25.637199196266768,255.00789149670738,307.6047999680266,5720.425797566427,0.0,0.0,58.46844746247507,71.41581874611848,712.3728933573784,0.0,17.778433651986395,44.722817150020869,22.0,30.0,0.0,17.88641065987349,44.38947815290209,12.0,30.0,0.0,17.743095439965474,44.82077293402167,22.0,30.0,0.0,17.823686545385919,44.603135127189649,12.0,30.0,0.0,15.518267205029929,51.80662153387254,12.0,30.0,0.0,17.881706047874688,44.57679498706595,12.0,30.0,0.0,16.714763603198599,47.898097212211897,10.0,30.0,0.0,14.462610693295883,55.443264172489978,12.0,30.0,0.0,17.16482147628901,46.66504596198583,20.0,30.0,0.0,16.882911288297117,0.0,0.0,0.0,13.158299848909089,0.0,0.0,476.2009327919026,466.98443814038446,478.41776085443828,477.6821347699048,547.1203791754488,869.2017188671299,518.8650849809747,603.1364633400453,765.276514939239,0.0,83.76872771986005,83.76872771986005,60.0,0.0,60.0,60.0,12.0,12.0,12.0,19.0,12.0,12.0,21.0,10.0,0.0,0.0,0.0,0.0,0.0,0.0,0.0,0.0,0.0,0.0,0.0,0.0,0.0,83.76872771986005,83.76872771986005,0.0,0.0,0.0,83.76872771986005,0.0,0.0,0.0023866666666666669 
 03/06  04:00:00,7.26,89.0,5.66,0.0,0.0,0.0,0.0,0.0,2.0,2.0,0.0,0.0,0.0,0.0,0.0,305.0,0.0,0.0,0.0,0.0,0.0,0.0,0.0,0.0,0.0,0.0,0.0,18.049574867078534,-22.512047364625688,18.004670302089705,-265.9046961182239,17.93423499947812,-135.7223836228129,18.013764531559454,-3.4082061285494236,15.490638148631156,3.4752480776000427,17.652796092378496,-19.801669528001356,16.63172815519011,-7.226967407335906,14.711440399457575,-118.56733876240833,17.02787745453629,-58.9728757763354,334.37319823765758,455.47840911772325,0.0,0.0,0.0,0.0,0.0,0.0,0.0,0.0,0.0,0.0,0.0,0.0,0.0,0.0,0.0,0.0,0.0,0.0,0.0,0.0,0.0,0.0,0.9831510068851322,0.3001071449588316,196.0542689593901,235.0847805860311,4236.733232102257,0.1710306156520035,0.026103573817460855,137.40460706918888,164.8401322259806,2920.222836758178,0.951477034842183,0.1797953580578578,54.093569277852058,64.88704105876183,1171.7910480768638,0.18681958360355936,0.03530226447535134,2.8022385418624289,3.359788285230325,64.43523836532248,0.0,0.0,8.08967839627704,9.779285786944236,136.58673303325475,0.0,0.0,10.84901681981158,13.009176298435169,233.37034781474658,0.0,0.0,73.99970707656832,89.09916063526443,1419.0732284362826,0.0,0.0,45.93568245826295,55.738110653723257,676.7438301076836,0.0,0.0,20.89444364105318,25.115449823343455,420.60549052514497,37.30620528650152,25.587246424212304,147.01437210416098,177.06254084165074,3495.846780841535,0.0,0.0,58.443101530735827,71.23656288148182,709.947680487628,0.0,17.853433996272888,44.503344458334677,22.0,30.0,0.0,17.712422658937407,44.86699169627244,12.0,30.0,0.0,17.743865332724629,44.805190027688308,22.0,30.0,0.0,17.881497219640467,44.41937773080335,12.0,30.0,0.0,15.491785755311782,51.85907154357654,12.0,30.0,0.0,17.838884936743538,44.66271495296319,12.0,30.0,0.0,16.650123036334937,48.07484266319532,10.0,30.0,0.0,14.413107333156665,55.58908974405765,12.0,30.0,0.0,17.134455075382019,46.71709601546682,20.0,30.0,0.0,16.572224623259705,0.0,0.0,0.0,13.114382812945239,0.0,0.0,475.73325086267217,463.1481949375143,479.75101850944119,469.8782856920952,545.0867067253307,861.6718414593253,515.9080247838678,600.8729048819827,759.5236064283249,0.0,83.76872771986005,83.76872771986005,60.0,0.0,60.0,60.0,12.0,12.0,12.0,19.0,12.0,12.0,21.0,10.0,0.0,0.0,0.0,0.0,0.0,0.0,0.0,0.0,0.0,0.0,0.0,0.0,0.0,83.76872771986005,83.76872771986005,0.0,0.0,0.0,83.76872771986005,0.0,0.0,0.0023933333333333334 
 03/06  04:10:00,7.258333333333333,89.0,5.63,0.0,0.0,0.0,0.0,0.0,2.0,2.0,0.0,0.0,0.0,0.0,0.0,610.0,0.0,0.0,0.0,0.0,0.0,0.0,0.0,0.0,0.0,0.0,0.0,17.905073252778395,-141.1846696500802,17.9830537987462,-128.38304016016265,17.888669024774218,-172.0515823580149,17.941366679536239,-125.81710422445076,15.4722851674817,3.289800877254791,17.621552274693128,-22.42177586243392,16.60478697481632,-4.66349536464304,14.67639556015338,-121.5103634509129,17.006861035561515,-60.68866779794013,415.4696064478221,454.6536999564853,0.0,0.0,0.0,0.0,0.0,0.0,0.0,0.0,0.0,0.0,0.0,0.0,0.0,0.0,0.0,0.0,0.0,0.0,0.0,0.0,0.0,0.0,0.9966184169043586,0.30421807597813146,217.46555489832626,261.4375457941109,4598.058103185533,0.18446769633732519,0.028154410307894566,116.60159613173187,140.12088227277259,2483.9452260418,0.9283205912624937,0.17541961286139344,157.61935793254657,189.48726208768194,3360.6973356645955,0.17700359055377719,0.033447390505248888,82.26273439986928,98.96785174380989,1755.6107112336418,0.0,0.0,8.264806011250793,10.015416637321483,139.25775058485363,0.0,0.0,10.76139548297848,12.934290216205174,230.82735802554039,0.0,0.0,74.6389003569449,90.08983169849722,1428.3549765665312,0.0,0.0,45.91934430734216,55.85234789514317,673.4214487637521,0.0,0.0,21.521813951845667,25.927907313180606,432.3142882636955,37.25678165522929,25.55334818602833,243.51227231746084,293.65586613842756,5446.244936417331,0.0,0.0,58.37141802615899,71.32392115550714,703.4863860030132,0.0,17.60207537730564,45.20437813148998,22.0,30.0,0.0,17.745903848024797,44.78721515289173,12.0,30.0,0.0,17.707719740678827,44.90194935983803,22.0,30.0,0.0,17.760863027254105,44.74794462269933,12.0,30.0,0.0,15.475329718638344,51.89297482553435,12.0,30.0,0.0,17.809538676910259,44.728806549362108,12.0,30.0,0.0,16.629991257159536,48.12340496154028,10.0,30.0,0.0,14.380253368111707,55.68250841748124,12.0,30.0,0.0,17.11438739862886,46.75500624049106,20.0,30.0,0.0,16.7921625465288,0.0,0.0,0.0,13.067238107074023,0.0,0.0,471.65578516823487,469.4536832754395,473.8639910853589,467.05065277320628,543.4167354274875,859.6999390224808,514.78906497508,601.0584761176829,754.3148254924154,0.0,83.76872771986005,83.76872771986005,60.0,0.0,60.0,60.0,12.0,12.0,12.0,19.0,12.0,12.0,21.0,10.0,0.0,0.0,0.0,0.0,0.0,0.0,0.0,0.0,0.0,0.0,0.0,0.0,0.0,83.76872771986005,83.76872771986005,0.0,0.0,0.0,83.76872771986005,0.0,0.0,0.0024000000000000004 
 03/06  04:20:00,7.256666666666668,89.0,5.6000000000000009,0.0,0.0,0.0,0.0,0.0,2.0,2.0,0.0,0.0,0.0,0.0,0.0,305.0,0.0,0.0,0.0,0.0,0.0,0.0,0.0,0.0,0.0,0.0,0.0,17.83632082332019,-136.2695035593997,17.986786751501208,-14.68051717102054,17.872599698305593,-35.35683880709439,17.8318361201027,-198.43037054011166,15.448960328646529,3.449872203756968,17.58265504955224,-23.42567184916004,16.56539382576026,4.322187958868653,14.633732356594429,-119.56552607665572,16.980487168097164,-61.41422820297578,349.4453678278778,455.82357369598278,0.0,0.0,0.0,0.0,0.0,0.0,0.0,0.0,0.0,0.0,0.0,0.0,0.0,0.0,0.0,0.0,0.0,0.0,0.0,0.0,0.0,0.0,0.9923599454094298,0.30291817625440478,89.6785865709679,107.65599044575416,1892.1353769295952,0.18339112508691619,0.027990098456489044,6.616009713108272,7.93460107338736,145.64229455007729,0.956131072994904,0.1806748059325216,166.11522325946297,199.26902761376275,3556.0113222807869,0.17416380903413265,0.03291077268218681,122.80002668824646,147.3852931792248,2581.5015103661064,0.0,0.0,8.366352208848083,10.115566431862446,140.60932143139685,0.0,0.0,10.881083669930698,13.051359591362994,232.56602578686083,0.0,0.0,75.54079478020209,90.97711331513588,1439.684782689752,0.0,0.0,45.979919327198789,55.80923191461126,670.2838210533953,0.0,0.0,22.049746917691299,26.509660317929194,441.8260585887634,37.115984109362639,25.456779224528565,162.61272706730777,195.86178279866844,3785.1748459780835,0.0,0.0,58.3754527760705,71.17918248438898,698.7069382981188,0.0,17.52583559467997,45.410085526116507,22.0,30.0,0.0,17.807643616311773,44.606008101694367,12.0,30.0,0.0,17.7383823050447,44.82373612182711,22.0,30.0,0.0,17.589162202072438,45.219196472931979,12.0,30.0,0.0,15.449153886213042,51.94972212947876,12.0,30.0,0.0,17.764980978618028,44.828594485424968,12.0,30.0,0.0,16.586431017992817,48.25270265611667,10.0,30.0,0.0,14.332301183543013,55.82981064885949,12.0,30.0,0.0,17.08380501905679,46.81396019407889,20.0,30.0,0.0,16.56119284984664,0.0,0.0,0.0,13.022534394899898,0.0,0.0,468.99299205032909,467.42051645005327,477.38032381653007,460.7204773208837,541.2532170325409,854.2368997351748,516.7120600954856,601.9003277383731,744.9136744239173,0.0,83.76872771986005,83.76872771986005,60.0,0.0,60.0,60.0,12.0,12.0,12.0,19.0,12.0,12.0,21.0,10.0,0.0,0.0,0.0,0.0,0.0,0.0,0.0,0.0,0.0,0.0,0.0,0.0,0.0,83.76872771986005,83.76872771986005,0.0,0.0,0.0,83.76872771986005,0.0,0.0,0.0023833333333333334 
 03/06  04:30:00,7.255,89.0,5.57,0.0,0.0,0.0,0.0,0.0,2.0,2.0,0.0,0.0,0.0,0.0,0.0,610.0,0.0,0.0,0.0,0.0,0.0,0.0,0.0,0.0,0.0,0.0,0.0,17.828838704008306,-87.75369107969255,17.90879847518137,-172.93297555379349,17.756887612802559,-197.405714457846,17.817037244463728,-83.67451254568369,15.429963534518244,2.6959328046777815,17.552915730458034,-22.26397714240551,16.52855153031313,-4.805589289225281,14.599120938870382,-122.67613624275623,16.959247649019319,-63.091728286583819,404.3016704693482,456.49179835837779,0.0,0.0,0.0,0.0,0.0,0.0,0.0,0.0,0.0,0.0,0.0,0.0,0.0,0.0,0.0,0.0,0.0,0.0,0.0,0.0,0.0,0.0,0.965961423381775,0.2948600193473062,184.4885607823802,222.0506680588457,3897.84673163762,0.1709095004509374,0.02608508859141291,77.9345307915254,93.92001923360663,1648.8800253203497,0.9413823494058531,0.17788782112733438,194.54547507569419,234.0358180126569,4087.088679199601,0.18363493912245336,0.03470047980394053,109.84170296150016,132.1017209206606,2317.5366947343288,0.0,0.0,8.168817576304809,9.899272528372379,136.98904274070203,0.0,0.0,11.01288020294342,13.24100124858525,234.7800860783717,0.0,0.0,74.57479203495237,90.0256976416756,1415.0404351490739,0.0,0.0,46.03551839925346,56.010020840840677,668.044548536384,0.0,0.0,21.97069349924312,26.47715918679926,439.30448362673169,37.044164089190477,25.407519951433807,245.30334973176617,296.08971053843018,5435.3911294802369,0.0,0.0,58.36512820465953,71.33872110248982,693.6207115287,0.0,17.58061960649694,45.2528624386509,22.0,30.0,0.0,17.682846483633598,44.94346735633957,12.0,30.0,0.0,17.54522492559448,45.3520613261109,22.0,30.0,0.0,17.629052331585635,45.11651972736465,12.0,30.0,0.0,15.431744952585623,51.99379714477783,12.0,30.0,0.0,17.73879306573864,44.889681619138247,12.0,30.0,0.0,16.54536688375516,48.361888025813808,10.0,30.0,0.0,14.29992486336765,55.925457747054938,12.0,30.0,0.0,17.063674948741288,46.85959668349359,20.0,30.0,0.0,16.698621578803328,0.0,0.0,0.0,12.980698566701648,0.0,0.0,469.92464942431845,462.5479293880158,471.7344529794548,468.4946213391769,540.7236845477996,850.601753008598,514.5898180096168,600.9974925981287,743.8396564818206,0.0,83.76872771986005,83.76872771986005,60.0,0.0,60.0,60.0,12.0,12.0,12.0,19.0,12.0,12.0,21.0,10.0,0.0,0.0,0.0,0.0,0.0,0.0,0.0,0.0,0.0,0.0,0.0,0.0,0.0,83.76872771986005,83.76872771986005,0.0,0.0,0.0,83.76872771986005,0.0,0.0,0.002366666666666667 
 03/06  04:40:00,7.253333333333334,89.0,5.54,0.0,0.0,0.0,0.0,0.0,2.0,2.0,0.0,0.0,0.0,0.0,0.0,305.0,0.0,0.0,0.0,0.0,0.0,0.0,0.0,0.0,0.0,0.0,0.0,17.832943878427217,-20.18431989733199,17.798991674014773,-255.3337014294857,17.729021724542009,-130.85825080255246,17.8237822745514,-6.109190325161606,15.406037631346786,2.4845510360468099,17.51612766713746,-20.984756989628523,16.480109308773249,-12.656619400216187,14.55695216471519,-120.39044670453382,16.93262665914783,-62.26691826861634,321.9920880265172,459.12333238045019,0.0,0.0,0.0,0.0,0.0,0.0,0.0,0.0,0.0,0.0,0.0,0.0,0.0,0.0,0.0,0.0,0.0,0.0,0.0,0.0,0.0,0.0,0.954489487435543,0.2913582073979069,193.0313171672266,231.63521752431337,4096.16159241513,0.1660513716186306,0.025343615936909433,135.15337950946467,162.25640557982394,2822.594664642703,0.9237936438571509,0.17456418062304447,53.1523472823955,63.80430145890416,1131.2164162231105,0.1807117666786602,0.034148104058703738,3.530427649583745,4.2359225998833829,78.6394556720787,0.0,0.0,7.978338783355354,9.648196958901405,133.44152319519407,0.0,0.0,11.102771169919317,13.32072955025019,235.9297185827831,0.0,0.0,72.56457492795221,87.42709709993149,1368.388979979331,0.0,0.0,46.01314078404409,55.86670836409036,663.7555829458214,0.0,0.0,22.661594145326839,27.250852565959698,451.9898787006428,36.896265172328849,25.306080365108959,145.42702432964209,175.26118382590787,3400.316681997353,0.0,0.0,58.279012548722878,71.08343138524974,688.5715378691397,0.0,17.648546617787696,45.053437303001199,22.0,30.0,0.0,17.517347239408623,45.403407498786268,12.0,30.0,0.0,17.548063258397876,45.33313700346279,22.0,30.0,0.0,17.686515485662555,44.93899604372956,12.0,30.0,0.0,15.404770881901799,52.062214064920897,12.0,30.0,0.0,17.698015860684295,44.985039687335788,12.0,30.0,0.0,16.480980475818673,48.54573143818699,10.0,30.0,0.0,14.252671435492417,56.076832174718727,12.0,30.0,0.0,17.033078796586609,46.92844647836749,20.0,30.0,0.0,16.404712920522365,0.0,0.0,0.0,12.94279488368371,0.0,0.0,470.04467592132166,459.46575759980245,475.5248161109186,462.3953963479497,539.5388824460912,845.0614342446197,512.4778239340316,599.0714097041137,739.2626089309092,0.0,83.76872771986005,83.76872771986005,60.0,0.0,60.0,60.0,12.0,12.0,12.0,19.0,12.0,12.0,21.0,10.0,0.0,0.0,0.0,0.0,0.0,0.0,0.0,0.0,0.0,0.0,0.0,0.0,0.0,83.76872771986005,83.76872771986005,0.0,0.0,0.0,83.76872771986005,0.0,0.0,0.00235 
 03/06  04:50:00,7.251666666666667,89.0,5.510000000000001,0.0,0.0,0.0,0.0,0.0,2.0,2.0,0.0,0.0,0.0,0.0,0.0,610.0,0.0,0.0,0.0,0.0,0.0,0.0,0.0,0.0,0.0,0.0,0.0,17.697593650195054,-132.06112172131317,17.77883789829898,-122.578094102558,17.685927431856265,-164.65193873047157,17.753437009741846,-125.40007345370475,15.387055670088733,2.3361511319968999,17.48595420940812,-23.54597640747528,16.452923840686155,-9.486464987687441,14.523339419272994,-122.61956879657146,16.91129595704799,-64.01008658778125,397.85170520040449,457.4578380179296,0.0,0.0,0.0,0.0,0.0,0.0,0.0,0.0,0.0,0.0,0.0,0.0,0.0,0.0,0.0,0.0,0.0,0.0,0.0,0.0,0.0,0.0,0.967661324268944,0.2953789146120098,208.85254064701986,251.25617009988748,4341.652581421034,0.17940760149888275,0.027382112560879539,112.39707553123712,135.16623705644268,2353.068298397192,0.9019053979414216,0.17042807973193914,152.8910271009645,183.93856154350613,3204.6079931793394,0.17155062095085367,0.0324169729687932,81.42250309288986,98.0340467997372,1707.9937448540846,0.0,0.0,8.156486710830326,9.887648907315445,136.13283330528203,0.0,0.0,11.03230890967901,13.267107817425178,233.78492169067824,0.0,0.0,73.234479890998,88.4499939699926,1378.0681664346194,0.0,0.0,45.97449814753166,55.95341462327849,660.3075749299896,0.0,0.0,23.242300657179088,28.012845001794866,462.575872051387,36.845546555313408,25.27129393368547,234.3400067388096,282.79271151199665,5166.490874619907,0.0,0.0,58.18788001867155,71.14441386467112,682.7960280315972,0.0,17.41466487742002,45.71329689482717,22.0,30.0,0.0,17.550192091337594,45.31802710247836,12.0,30.0,0.0,17.515095773291749,45.42211015053486,22.0,30.0,0.0,17.569335695582859,45.26315329521398,12.0,30.0,0.0,15.387915211908265,52.10573439608207,12.0,30.0,0.0,17.669896873324647,45.054943340143939,12.0,30.0,0.0,16.460844824940403,48.59837286505678,10.0,30.0,0.0,14.22191548824711,56.17311597177513,12.0,30.0,0.0,17.012919488403456,46.97556224566223,20.0,30.0,0.0,16.609266147658983,0.0,0.0,0.0,12.90307503256822,0.0,0.0,466.87323775248447,464.99802427235155,468.8340821280103,461.58059522051476,538.410361771961,843.8469066988328,511.67741640688976,599.3610537582301,734.8031579313844,0.0,83.76872771986005,83.76872771986005,60.0,0.0,60.0,60.0,12.0,12.0,12.0,19.0,12.0,12.0,21.0,10.0,0.0,0.0,0.0,0.0,0.0,0.0,0.0,0.0,0.0,0.0,0.0,0.0,0.0,83.76872771986005,83.76872771986005,0.0,0.0,0.0,83.76872771986005,0.0,0.0,0.0023733333333333338 
 03/06  05:00:00,7.25,89.0,5.48,0.0,0.0,0.0,0.0,0.0,2.0,2.0,0.0,0.0,0.0,0.0,0.0,305.0,0.0,0.0,0.0,0.0,0.0,0.0,0.0,0.0,0.0,0.0,0.0,17.63243685812472,-126.58403351594461,17.782829989455199,-14.444074525717156,17.670740587822004,-34.02412115111474,17.647135553909068,-197.23526548468545,15.363041262793783,2.5032426929016085,17.448304174884965,-24.385418199292759,16.414138827386276,-1.1851994489743448,14.482674447778157,-120.60675025575097,16.88433742472686,-64.66380145649112,334.05919044270106,457.91915271073597,0.0,0.0,0.0,0.0,0.0,0.0,0.0,0.0,0.0,0.0,0.0,0.0,0.0,0.0,0.0,0.0,0.0,0.0,0.0,0.0,0.0,0.0,0.9644878863235082,0.2944102217104726,84.37338181176418,101.3561200582304,1751.5963326843124,0.1781639065900969,0.027192293435606978,6.705855864598136,8.048233111533829,144.89386824660688,0.9280018880266283,0.1753593892718497,161.2626357215852,193.58676571737713,3393.11236678085,0.16860007092427588,0.03185942383300752,122.38850186495579,146.99321502781394,2529.7730558196615,0.0,0.0,8.244477437768092,9.971834196935797,137.237319682533,0.0,0.0,11.131311171270952,13.358613756150318,235.0699818052275,0.0,0.0,74.06818586317618,89.26011964271848,1388.1815506249025,0.0,0.0,46.018519235935617,55.889523116734569,657.1915833740179,0.0,0.0,23.65229911183851,28.44805934944415,469.53350008168447,36.7049297064046,25.174848906999047,157.0006515288598,189.2273422138154,3606.297482930281,0.0,0.0,58.17846671318571,70.98178981389344,678.806803402513,0.0,17.343671985321806,45.90571500749546,22.0,30.0,0.0,17.610165389323759,45.13892308050691,12.0,30.0,0.0,17.545158932009359,45.34210284995834,22.0,30.0,0.0,17.402885010966945,45.72647641202919,12.0,30.0,0.0,15.361176761113179,52.1752181740641,12.0,30.0,0.0,17.627037035263976,45.16023966450322,12.0,30.0,0.0,16.41876813091226,48.72681788897397,10.0,30.0,0.0,14.177113670528517,56.31998554292379,12.0,30.0,0.0,16.981760544430178,47.04901343907343,20.0,30.0,0.0,16.38459660966166,0.0,0.0,0.0,12.866403557198617,0.0,0.0,465.87740992614689,463.6164488922234,471.55469814071838,456.99116312391279,537.0201381021265,839.9569331590411,513.1993481142296,600.0787639878903,727.9265738016186,0.0,83.76872771986005,83.76872771986005,60.0,0.0,60.0,60.0,12.0,12.0,12.0,19.0,12.0,12.0,21.0,10.0,0.0,0.0,0.0,0.0,0.0,0.0,0.0,0.0,0.0,0.0,0.0,0.0,0.0,83.76872771986005,83.76872771986005,0.0,0.0,0.0,83.76872771986005,0.0,0.0,0.0023966666666666669 
 03/06  05:10:00,7.281666666666667,89.16666666666667,5.461666666666668,0.0,0.0,0.0,0.0,0.0,2.0,2.0,0.0,0.0,0.0,0.0,0.0,610.0,0.0,0.0,0.0,0.0,0.0,0.0,0.0,0.0,0.0,0.0,0.0,17.62310921757379,-83.1581878297061,17.709365425941504,-166.07884896486906,17.559281782408794,-190.8453676220147,17.634161249729695,-83.43987033572512,15.343572280646839,1.85117161331803,17.42037544612588,-23.337526504350707,16.378384457159507,-9.360636072428406,14.450285171919355,-122.7684943882175,16.86307379919666,-66.34113212666392,386.96991365424858,457.1728187109243,0.0,0.0,0.0,0.0,0.0,0.0,0.0,0.0,0.0,0.0,0.0,0.0,0.0,0.0,0.0,0.0,0.0,0.0,0.0,0.0,0.0,0.0,0.9318030289021124,0.2844331590055288,178.44298890779613,214.9306315797002,3693.7195776005639,0.1648270766086234,0.025156757724148869,75.83902332212975,91.45991225472409,1572.1918288046198,0.9078540387853809,0.17155216152407053,189.8301358940309,228.5230815897554,3908.031353086021,0.17685844179054673,0.033419962545454779,108.47578448634804,130.54753514824353,2243.379079329434,0.0,0.0,8.049334156516384,9.758203988374959,133.14413774010405,0.0,0.0,11.235907620640809,13.516462309663261,235.9354982856574,0.0,0.0,73.10806725789388,88.31224803964565,1359.4364676616679,0.0,0.0,46.035338091992837,56.043606185006229,651.5134484146331,0.0,0.0,23.54721920362045,28.38900038910711,464.8480457022666,36.54577750682702,25.065691019771628,238.74618746211849,288.3591561646706,5192.763341257548,0.0,0.0,58.098718414188,71.05517074256271,669.8329741752978,0.0,17.39134719475223,45.778847255859108,22.0,30.0,0.0,17.49142354234874,45.465862502621877,12.0,30.0,0.0,17.358686146601614,45.862668313498939,22.0,30.0,0.0,17.443862305635954,45.62745290327712,12.0,30.0,0.0,15.343610150616375,52.22598154147913,12.0,30.0,0.0,17.602100591481656,45.22385533855552,12.0,30.0,0.0,16.379834975819038,48.83404100765975,10.0,30.0,0.0,14.147667989710522,56.41350781195629,12.0,30.0,0.0,16.96148568034289,47.1017863043315,20.0,30.0,0.0,16.530078724213899,0.0,0.0,0.0,12.83206428506527,0.0,0.0,466.26544987197476,459.5066149583963,467.85663554395117,464.01776324232528,536.7691634660112,837.2668274468342,512.2376129990433,599.4764217132349,727.602262209685,0.0,83.76872771986005,83.76872771986005,60.0,0.0,60.0,60.0,12.0,12.0,12.0,19.0,12.0,12.0,21.0,10.0,0.0,0.0,0.0,0.0,0.0,0.0,0.0,0.0,0.0,0.0,0.0,0.0,0.0,83.76872771986005,83.76872771986005,0.0,0.0,0.0,83.76872771986005,0.0,0.0,0.00242 
 03/06  05:20:00,7.313333333333334,89.33333333333334,5.443333333333334,0.0,0.0,0.0,0.0,0.0,2.0,2.0,0.0,0.0,0.0,0.0,0.0,305.0,0.0,0.0,0.0,0.0,0.0,0.0,0.0,0.0,0.0,0.0,0.0,17.62570465611186,-17.8890833946125,17.605805964373709,-245.0920188598393,17.534485472258436,-123.45397311147667,17.64292227037955,-8.095419016502916,15.319207229303196,1.677873042284773,17.386046505965468,-22.13176485089207,16.330993848094509,-16.591145361175678,14.411251259854911,-120.41218465499037,16.83653395326185,-65.58653392426777,305.0007229349503,458.1670635757466,0.0,0.0,0.0,0.0,0.0,0.0,0.0,0.0,0.0,0.0,0.0,0.0,0.0,0.0,0.0,0.0,0.0,0.0,0.0,0.0,0.0,0.0,0.9136305370652492,0.27888600032516766,188.12175006575766,225.9144156155158,3897.0041111397215,0.1586807718708609,0.024218677025467176,132.50247937770468,159.18715107965483,2703.606513946441,0.8849323167799574,0.1672207703665831,51.10948142065293,61.39571588745529,1062.802194751118,0.17226890827098968,0.032552703754911118,4.423016953578474,5.310689756523257,95.16533125836144,0.0,0.0,7.852500699620429,9.499808859555682,129.00357684544432,0.0,0.0,11.306536701508879,13.572726231002559,235.92648925407719,0.0,0.0,71.14364058232887,85.77097375628849,1310.0668385035997,0.0,0.0,45.96979213629809,55.84796666313891,643.8895302057812,0.0,0.0,24.151347065973157,29.05524796618335,473.93563263938287,36.312001242626539,24.905350646520266,141.6949757369655,170.8663055513058,3244.14694306709,0.0,0.0,57.93660667842969,70.70685538317115,661.00343828867,0.0,17.454436206804329,45.58592060091263,22.0,30.0,0.0,17.33444848763407,45.93624807347361,12.0,30.0,0.0,17.36547937709959,45.85808270125231,22.0,30.0,0.0,17.50243513554948,45.458063984968848,12.0,30.0,0.0,15.316470757010205,52.303394740987808,12.0,30.0,0.0,17.56367694622423,45.32093878785702,12.0,30.0,0.0,16.31780547696038,49.02847267756466,10.0,30.0,0.0,14.104906906529572,56.557200864849168,12.0,30.0,0.0,16.930854534838564,47.180612775885567,20.0,30.0,0.0,16.250763245011329,0.0,0.0,0.0,12.802943909975442,0.0,0.0,466.5164561713158,456.9794586146291,473.2648839647723,458.99073999823829,536.1291029859028,833.1871299019748,510.85727437832716,598.266649919429,724.4456339507682,0.0,83.76872771986005,83.76872771986005,60.0,0.0,60.0,60.0,12.0,12.0,12.0,19.0,12.0,12.0,21.0,10.0,0.0,0.0,0.0,0.0,0.0,0.0,0.0,0.0,0.0,0.0,0.0,0.0,0.0,83.76872771986005,83.76872771986005,0.0,0.0,0.0,83.76872771986005,0.0,0.0,0.00242 
 03/06  05:30:00,7.345000000000001,89.5,5.425000000000001,0.0,0.0,1.0,0.0,0.0,2.0,2.0,0.0,0.0,0.0,0.0,0.0,610.0,0.0,0.0,0.0,0.0,0.0,0.0,0.0,0.0,0.0,0.0,0.0,17.49862795095353,-124.67092076851714,17.485241859879865,-97.93699347218149,17.46226183952021,-156.75258548547073,17.491266935660258,-118.80368179657376,15.297463922037869,1.6439362846979578,17.2632062472195,-23.783147732104398,16.30413579827106,-12.953342677917818,14.349064778860927,-120.61697492956489,16.777012346088968,-66.66744144599989,371.8908284631566,455.38865272972466,0.0,0.0,0.0,0.0,0.0,0.0,0.0,0.0,0.0,0.0,0.0,0.0,0.0,0.0,0.0,0.0,0.0,0.0,0.0,0.0,0.0,0.0,0.9187629793125469,0.28045267988783487,191.22429145528754,230.2264425694667,3870.786241001784,0.17188938732489277,0.026234643975105735,101.38960504440684,122.04445489332182,2060.8548730163195,0.8569613707082719,0.1619352552358791,149.50248527408619,179.9968526421913,3047.001532984137,0.16291572071546674,0.0307852835819098,84.1973326922403,101.44862960265925,1715.536268783123,0.0,0.0,8.034376322118723,9.74369389462083,131.08719217563988,0.0,0.0,11.159853803177118,13.4301624942588,230.61616300853366,0.0,0.0,72.00793653375482,87.02490534154,1318.2581755616243,0.0,0.0,45.93405541441503,55.94080951242874,636.435109831747,0.0,0.0,24.486680497054534,29.52879960467797,477.0474188644823,36.17055415226511,24.808336181251805,219.51592222218239,265.0902053815548,4737.706295533633,0.0,0.0,57.823505501392009,70.73955734979173,651.7088962632042,0.0,17.236330394319855,46.25600365723119,22.0,30.0,0.0,17.332774977066284,45.97142073962037,12.0,30.0,0.0,17.319762244515265,46.02193823276893,22.0,30.0,0.0,17.356032132225754,45.914779946840898,12.0,30.0,0.0,15.294877595972395,52.3698277819414,12.0,30.0,0.0,17.497044299771607,45.5081016792317,12.0,30.0,0.0,16.298289124979804,49.09634754985193,10.0,30.0,0.0,14.064030675974144,56.69899206571586,12.0,30.0,0.0,16.89480731419982,47.28328765682572,20.0,30.0,0.0,16.44028750079255,0.0,0.0,0.0,12.768610565242114,0.0,0.0,464.50184649643367,462.24360470733566,466.20503695758387,459.0618970798082,535.4240218001565,833.0860608373753,510.2370436001271,598.8798425896991,721.4487956894918,0.0,83.76872771986005,83.76872771986005,60.0,0.0,60.0,60.0,12.0,12.0,12.0,19.0,12.0,12.0,21.0,10.0,0.0,0.0,0.0,0.0,0.0,0.0,0.0,0.0,0.0,0.0,0.0,0.0,0.0,83.76872771986005,83.76872771986005,0.0,0.0,0.0,83.76872771986005,0.0,0.0,0.00242 
 03/06  05:40:00,7.376666666666667,89.66666666666667,5.406666666666667,0.0,0.0,1.0,0.0,0.0,2.0,2.0,0.0,0.0,0.0,0.0,0.0,305.0,0.0,0.0,0.0,0.0,0.0,0.0,0.0,0.0,0.0,0.0,0.0,17.426208659278744,-124.23871439974528,17.45597860909071,-11.06356767571188,17.434138498677144,-33.73935835626435,17.376071848753527,-166.4921828061656,15.269932885080241,1.8214277275915834,17.193900064621855,-23.259248139024807,16.264741434088305,-6.841244261324846,14.301710866207637,-117.61236543459654,16.73635312809654,-66.6433197658414,303.1920097394168,455.1149222550773,0.0,0.0,0.0,0.0,0.0,0.0,0.0,0.0,0.0,0.0,0.0,0.0,0.0,0.0,0.0,0.0,0.0,0.0,0.0,0.0,0.0,0.0,0.9049338232387103,0.27623132577494216,83.96961184254853,100.94856650052377,1688.0311620592334,0.16972175216689079,0.025903808328280037,5.635793587031101,6.770992155302224,117.62821891293204,0.8714347444137072,0.16467020869495606,149.0952993868031,179.13611721877192,3034.8451030057819,0.16031884008907333,0.030294565398539924,109.6595535868276,131.8167505445237,2191.8821861232265,0.0,0.0,8.083677232954882,9.781914969823675,130.89017310463249,0.0,0.0,11.072406724802791,13.299642756676084,226.2249562290708,0.0,0.0,72.91037422079356,87.9254942836106,1324.149499817892,0.0,0.0,46.043928561591219,55.96022136072667,630.1029183788739,0.0,0.0,24.42002163957738,29.389109112973857,471.8932457055622,35.93118870592486,24.64416234974271,145.49404700130357,175.477699841703,3269.001162739613,0.0,0.0,57.85215904422068,70.62578400257863,644.073548967719,0.0,17.149304662340684,46.58257202103873,22.0,30.0,0.0,17.33912828110354,45.990128280853017,12.0,30.0,0.0,17.326574144791015,45.989307983346758,22.0,30.0,0.0,17.18508745659482,46.48130964855148,12.0,30.0,0.0,15.262365126132135,52.47818181153201,12.0,30.0,0.0,17.40687271410849,45.77059552726611,12.0,30.0,0.0,16.254631132520684,49.22100973239104,10.0,30.0,0.0,14.009014788994078,56.892739602537357,12.0,30.0,0.0,16.843641922827247,47.435918410340239,20.0,30.0,0.0,16.211197723834368,0.0,0.0,0.0,12.730966894903954,0.0,0.0,463.54416663183698,461.584834806035,469.615437692432,454.87943256880427,534.6155662646115,833.0171832807916,511.97318122528545,599.165199014461,718.7311575746614,0.0,83.76872771986005,83.76872771986005,60.0,0.0,60.0,60.0,12.0,12.0,12.0,19.0,12.0,12.0,21.0,10.0,0.0,0.0,0.0,0.0,0.0,0.0,0.0,0.0,0.0,0.0,0.0,0.0,0.0,83.76872771986005,83.76872771986005,0.0,0.0,0.0,83.76872771986005,0.0,0.0,0.00242 
 03/06  05:50:00,7.408333333333333,89.83333333333333,5.388333333333334,0.0,0.0,1.0,0.0,0.0,2.0,2.0,0.0,0.0,0.0,0.0,0.0,610.0,0.0,0.0,0.0,0.0,0.0,0.0,0.0,0.0,0.0,0.0,0.0,17.40874829937875,-82.8105150226329,17.377879526024615,-129.29640389346788,17.322274323416879,-182.25739469906604,17.350397385748374,-66.32187681666119,15.248511303300685,1.1953390734843624,17.147244146592784,-22.072279718494458,16.226765304386153,-16.247612941258468,14.26582011060146,-119.49783665563644,16.706819468107125,-68.13196902499414,345.16632043187885,452.7422034372396,0.0,0.0,0.0,0.0,0.0,0.0,0.0,0.0,0.0,0.0,0.0,0.0,0.0,0.0,0.0,0.0,0.0,0.0,0.0,0.0,0.0,0.0,0.8726749260699496,0.2663842875671397,165.25876328414203,199.1876047219912,3306.861644296446,0.15867821259595583,0.024218286415744178,69.18359779601556,83.47448361509899,1383.2215770841208,0.8482861120439925,0.1602959395396812,175.4304234072733,211.38815563522696,3491.5554264070435,0.16666782691288085,0.031494298358443088,98.90141968774373,119.15143037114528,1974.5681668280584,0.0,0.0,7.892163359007222,9.572303477861102,126.92153109943178,0.0,0.0,11.01855948513056,13.267698767495397,223.32882374966716,0.0,0.0,72.0689832643956,87.11809544692736,1297.771010092929,0.0,0.0,46.06315552158736,56.11802293066441,624.0714531896429,0.0,0.0,24.117036012127288,29.094410675853284,462.9329041680528,35.753001405205939,24.52194883758981,211.4124564189991,255.552960217882,4496.900099466326,0.0,0.0,57.77041547776152,70.69610426343189,635.0024737789076,0.0,17.179982742060557,46.507904571683237,22.0,30.0,0.0,17.228030643825336,46.40340990513707,12.0,30.0,0.0,17.143520487200257,46.61515888061275,22.0,30.0,0.0,17.206718344909587,46.41792602673271,12.0,30.0,0.0,15.242268192046215,52.54588135120407,12.0,30.0,0.0,17.35971332418285,45.91076577637792,12.0,30.0,0.0,16.212253572709359,49.40009433737201,10.0,30.0,0.0,13.975521123626003,57.02201331041619,12.0,30.0,0.0,16.813983900247949,47.525616532156529,20.0,30.0,0.0,16.32133846783509,0.0,0.0,0.0,12.695225032039808,0.0,0.0,464.30315376526087,458.36503601570669,466.23794493966786,461.966363457341,534.526267159057,833.2549097126107,511.3727544196495,597.9340666063167,719.856577498366,0.0,83.76872771986005,83.76872771986005,60.0,0.0,60.0,60.0,12.0,12.0,12.0,19.0,12.0,12.0,21.0,10.0,0.0,0.0,0.0,0.0,0.0,0.0,0.0,0.0,0.0,0.0,0.0,0.0,0.0,83.76872771986005,83.76872771986005,0.0,0.0,0.0,83.76872771986005,0.0,0.0,0.0024233333333333339 
 03/06  06:00:00,7.44,90.0,5.37,0.0,0.0,1.0,0.0,0.0,2.0,2.0,0.0,0.0,0.0,0.0,0.0,305.0,0.0,0.0,0.0,0.0,0.0,0.0,0.0,0.0,0.0,0.0,0.0,17.400079316210659,-26.55149379795057,17.2753177336971,-182.16852734440364,17.294105552308616,-111.61752327520935,17.337657914692998,-6.189379688650504,15.221845282201987,1.1071112052228785,17.09121073682917,-20.628180914712688,16.178159819050273,-21.205480588178035,14.223063990034476,-116.821523456445,16.67060127771252,-67.22027022723114,246.09799075263664,452.6327747609221,0.0,0.0,0.0,0.0,0.0,0.0,0.0,0.0,0.0,0.0,0.0,0.0,0.0,0.0,0.0,0.0,0.0,0.0,0.0,0.0,0.0,0.0,0.8558852999113599,0.26125924905719169,152.70511578181886,183.54794853136554,3055.9414504325879,0.15377057635355419,0.023469257685218894,103.31985605702238,124.24296196814258,2031.302898896173,0.8278724169326591,0.15643847636671569,44.64289342712418,53.672447744577528,898.2676584080155,0.16222635155408178,0.03065501730046896,3.7505338810466699,4.507833855739418,77.94984985255526,0.0,0.0,7.7325070192277149,9.359159628873677,123.43108691199869,0.0,0.0,11.018264659356387,13.240596808647725,221.2277458351669,0.0,0.0,70.60571648521497,85.18045287988164,1258.5356224646867,0.0,0.0,45.998428445166059,55.92392563320684,616.02899447302,0.0,0.0,24.505342368507539,29.500936796417908,466.8848939556385,35.50984204765279,24.35517287218985,107.14178367277266,129.32682772679309,2487.2422360546827,0.0,0.0,57.60973437173902,70.35020736934379,626.1507316471716,0.0,17.220323858449175,46.39522676173157,22.0,30.0,0.0,17.083288769948579,46.952919635988539,12.0,30.0,0.0,17.14620612454861,46.704837245746698,22.0,30.0,0.0,17.231222687316966,46.419997472902149,12.0,30.0,0.0,15.211901163212517,52.65399589467231,12.0,30.0,0.0,17.29197450391193,46.12034323112269,12.0,30.0,0.0,16.149353673385734,49.671299845078127,10.0,30.0,0.0,13.92793743265321,57.20821644927163,12.0,30.0,0.0,16.770675862060469,47.66401313513199,20.0,30.0,0.0,15.98172407940542,0.0,0.0,0.0,12.664855217838298,0.0,0.0,466.567548556718,455.23488558528705,473.26827410648846,457.16296095588566,534.2217078195021,833.7595889123232,509.10133793571927,596.565506963043,719.1164622047311,0.0,83.76872771986005,83.76872771986005,60.0,0.0,60.0,60.0,12.0,12.0,12.0,19.0,12.0,12.0,21.0,10.0,0.0,0.0,0.0,0.0,0.0,0.0,0.0,0.0,0.0,0.0,0.0,0.0,0.0,83.76872771986005,83.76872771986005,0.0,0.0,0.0,83.76872771986005,0.0,0.0,0.0024266666666666665 
 03/06  06:10:00,7.458333333333334,90.0,5.370000000000001,0.0,0.0,1.0,0.0,0.0,2.0,2.0,0.0,0.0,0.0,0.0,0.0,3060.0,0.0,0.0,0.0,0.0,0.0,0.0,0.0,0.0,0.0,0.0,0.0,18.51479316885466,-962.2701439621189,17.463272619097365,835.4095300305511,18.747542878979656,-2493.2312243411749,17.605162881024467,889.0856157340139,15.2065736356465,9.215587542616888,18.07798651671331,-94.3220878720885,16.291931504874854,218.17646536307408,15.27560973126964,-198.89028592416455,18.030177905583295,-211.8408329660037,607.2680512885193,563.5434778098971,0.0,0.0,0.0,0.0,0.0,0.0,0.0,0.0,0.0,0.0,0.0,0.0,0.0,0.0,0.0,0.0,0.0,0.0,0.0,0.0,0.0,0.0,0.873751542271674,0.2667129249913535,397.67873781392316,476.674507277336,9331.057177868508,0.2861627635469008,0.0436756354619812,342.33516637272705,412.315002687428,7066.3433739435299,0.6461786380154353,0.12210480688122366,504.24274473246956,603.4815241055584,12245.817296081508,0.2517172713319353,0.047565621944810138,340.6238716465716,409.87509572756997,7220.971726811895,0.0,0.0,11.820041715531243,14.35967104324204,187.95110741775779,0.0,0.0,17.93868050962592,21.522627835793107,411.7253677762104,0.0,0.0,78.26243695752706,94.71369458095924,1432.1365614720792,0.0,0.0,35.82133438759655,43.521221283572177,585.673653299121,0.0,0.0,40.557047624232868,48.60794518314426,953.0675979401417,36.50880309408556,25.04033134025073,674.7907871835062,813.9713603249011,14039.610602775629,0.0,0.0,50.85751276144171,62.344361493940528,560.41745185678,2039.8045292825469,18.881187209252283,41.99811166362879,21.999999999999998,30.0,0.0,17.53185137202949,45.66142308676661,15.999999999999999,30.0,4604.080595449141,19.2774215007944,40.98375146407971,21.999999999999998,30.0,0.0,17.800675777855159,44.9069626404471,15.999999999999999,30.0,0.0,15.20445288722224,52.710395180758428,12.0,30.0,1860.7627593715343,18.65243834820903,42.40021195170023,20.0,30.0,0.0,16.412038107500128,48.93599065066821,10.0,30.0,1438.521080865593,15.576245813130708,51.52159481209779,16.999999999999998,30.0,2786.9017734981309,18.838114581566737,41.95825310125307,20.0,30.0,0.0,17.0622499390884,0.0,0.0,0.0,12.764611638142839,0.0,0.0,462.993250213061,464.7342567494051,462.7663176689949,461.3925262532291,531.5716231044291,810.2149834328051,496.62939221950446,602.363081269049,697.7729572786375,12727.259929242267,79.58829457661551,87.85952701459583,60.0,0.0,60.0,60.0,16.0,16.0,19.0,19.0,16.0,12.0,21.0,10.0,1.0,0.0,2039.8045292825469,0.0,4604.080595449141,0.0,1860.7627593715343,0.0,1438.521080865593,2786.9017734981309,12514.718463714295,7508831.078228576,9788914.211736897,79.58829457661551,87.99999999999999,0.41715728212380989,0.7670700985321847,0.3602813740196596,87.99999999999999,0.3542647819438876,9788914.211736897,0.5114535390103187 
 03/06  06:20:00,7.4766666666666679,90.0,5.370000000000001,0.0,0.0,1.0,0.0,0.0,2.0,2.0,0.0,0.0,0.0,0.0,0.0,1224.0,0.0,0.0,0.0,0.0,0.0,0.0,0.0,0.0,0.0,0.0,0.0,19.278860474326327,-1436.3723430360356,18.077179446702468,891.5867405444019,19.578560378505196,-3405.4512310921265,18.349973678259816,837.4931955528982,15.197652234596984,18.667550380007968,18.690572153147487,-134.37788595722004,16.653009694587469,291.9568226670133,15.943981119638316,-176.63248144240905,18.331872426579645,-180.92641514057295,867.1763937997748,554.4510072978355,0.0,0.0,0.0,0.0,0.0,0.0,0.0,0.0,0.0,0.0,0.0,0.0,0.0,0.0,0.0,0.0,0.0,0.0,0.0,0.0,0.0,0.0,0.9719201974017842,0.2966789369358316,456.8736242924968,545.5205800851771,11667.103561482723,0.32994642075330068,0.05035812282559533,399.2602923387476,479.2014190579815,9015.204724304383,0.7072545222980791,0.13364597927023418,567.916602441079,677.1288788517979,14959.054635619239,0.27804179880083848,0.05254002244913802,378.73089239672665,453.88981327907058,8877.248561571121,0.0,0.0,13.462435834058447,16.348638148892748,213.67162949021475,0.0,0.0,20.190031319462649,24.13346701855324,503.42737747863188,0.0,0.0,79.35932745462516,95.77088392247515,1546.6277986112914,0.0,0.0,23.976444782688586,28.961781994714348,458.7717444756653,0.0,0.0,41.72637112760775,49.96424167198924,1002.7291549263927,37.36784615507729,25.629524111849997,767.8903497545026,923.9473840857131,17013.712574056764,0.0,0.0,42.712513923828428,52.30557036497302,478.55751094135288,1967.9077458466398,20.13404500709794,38.837561212017579,22.0,30.0,0.0,18.621982717123843,42.66095989848164,16.0,30.0,4211.061531252159,20.56241691443741,37.830853234117927,22.0,30.0,0.0,19.070364033544828,41.491433130601468,16.0,30.0,0.0,15.207784592839163,52.775433054469107,12.0,30.0,559.5303779406619,19.827530441103755,39.42750595572751,19.5,30.0,0.0,17.034733677924483,47.10242070545236,10.0,30.0,365.585702575722,16.8310926755856,47.52599232586783,16.5,30.0,0.0,19.347246661776148,40.6683978486983,19.0,30.0,0.0,17.898054792794853,0.0,0.0,0.0,12.869257491790697,0.0,0.0,463.83889510022007,466.6108506797504,462.52251121168686,462.61082128160936,528.818175050129,747.294728200189,492.5191315191271,615.4440065182106,654.0389425165727,10436.983989294868,81.10362823613665,84.79308568812989,60.0,0.0,60.0,60.0,16.0,16.0,19.0,19.0,16.0,12.0,21.0,10.0,1.0,0.0,1967.9077458466398,0.0,4211.061531252159,0.0,559.5303779406619,0.0,365.585702575722,0.0,5583.192997867828,3349915.798720697,4383239.810974652,81.10362823613665,84.85574492382291,0.356106433262261,0.7654726420810917,0.36028137401965956,84.85574492382291,0.3542647819438875,4383239.810974652,0.23034513683734854 
 03/06  06:30:00,7.495,90.0,5.37,0.0,0.0,1.0,0.0,0.0,2.0,2.0,0.0,0.0,0.0,0.0,0.0,918.0,0.0,0.0,0.0,0.0,0.0,0.0,0.0,0.0,0.0,0.0,0.0,19.761157650464598,-1358.9723045674528,18.518613334506758,872.7805156697878,20.146393014374689,-3445.2989671070706,18.836354719525269,811.4583162011395,15.196658793165249,26.97819985771149,18.267323205443299,-81.10214644625725,17.03791920924126,384.7147802415899,15.923833138942854,-261.9665253437362,18.558391905854294,-163.33932472015108,1027.2688107978618,587.4995004499406,0.0,0.0,0.0,0.0,0.0,0.0,0.0,0.0,0.0,0.0,0.0,0.0,0.0,0.0,0.0,0.0,0.0,0.0,0.0,0.0,0.0,0.0,1.098920654803612,0.33544586532466777,460.1133418466678,547.9461780112108,12327.826572602487,0.346269696973212,0.05284946535000182,397.4405678699724,475.6564358090658,9521.90230693488,0.8196962083423666,0.15489346340558703,564.9080343866069,671.6405346685893,15655.227280127716,0.2864756538450869,0.05413372143709122,368.2184301111746,439.9669032522252,9168.399370165182,0.0,0.0,13.834436108081214,16.793824007294697,219.4381090889681,0.0,0.0,19.111762119873775,22.891586910544946,449.80459295257688,0.0,0.0,86.09591327513066,103.60391018683548,1789.7489179113596,0.0,0.0,33.06931951890824,39.92552188434474,621.6509171505159,0.0,0.0,36.75855946806282,43.94429322832942,902.7571795167035,37.98331593042276,26.051657016750867,756.431809612711,907.6753547384543,17825.68570069055,0.0,0.0,47.052793181686599,57.57673877734632,524.2517517151564,1928.9010561986495,20.800926696397679,37.29091934456366,21.999999999999994,29.99999999999999,0.0,19.351760413522177,40.776438927880267,15.999999999999993,29.99999999999999,4352.59723078781,21.297168872331694,36.176793727176669,21.999999999999994,29.99999999999999,0.0,19.842587301741636,39.560058961785639,15.999999999999993,29.99999999999999,0.0,15.221227009065008,52.79029131796317,11.999999999999995,29.99999999999999,72.8288587804655,19.122409120169097,41.24113982628607,18.999999999999994,29.99999999999999,0.0,17.705565807780095,45.176018332946757,9.999999999999997,29.99999999999999,739.9157478359377,16.633663354075926,48.17323679918381,16.66666666666666,29.99999999999999,1263.6493676141304,19.669265780255026,39.90314296454466,19.66666666666666,29.99999999999999,0.0,18.593009081934637,0.0,0.0,0.0,12.84886528931306,0.0,0.0,464.3695865439962,467.8397775076561,463.9265942806959,463.94422198442808,530.1673847001403,718.2845333374676,487.48799727179036,637.7845179136933,653.4633434967432,10507.630372353287,81.05690899500763,83.66617640800533,59.99999999999998,0.0,59.99999999999998,59.99999999999998,16.0,16.0,19.0,19.0,16.0,12.0,21.0,10.0,1.0,0.0,1928.9010561986495,0.0,4352.59723078781,0.0,72.8288587804655,0.0,739.9157478359377,1263.6493676141304,3948.3180459252664,2368990.8275551607,3067243.8301960167,81.05690899500763,83.71049043085137,0.35827726819750879,0.769491157600094,0.36028137401965945,83.71049043085137,0.35426478194388735,3067243.8301960167,0.1619000125035262 
 03/06  06:40:00,7.513333333333334,90.0,5.37,0.0,0.0,0.0,0.0,0.0,2.0,2.0,0.0,0.0,0.0,0.0,0.0,1224.0,0.0,0.0,0.0,0.0,0.0,0.0,0.0,0.0,0.0,0.0,0.0,20.201618773920165,-1261.50988290528,18.984664153500107,977.3892455750859,20.612507789540147,-3342.6655410839205,19.31614472905216,916.4615478924541,15.206016919537774,38.564022288789377,19.02094370793568,-98.3809165917381,17.350850463273518,397.68472911264066,15.906670119136458,-303.79471827090728,19.18078090894248,-201.97663659629564,1177.7304570065304,744.0470663356521,0.0,0.0,0.0,0.0,0.0,0.0,0.0,0.0,0.0,0.0,0.0,0.0,0.0,0.0,0.0,0.0,0.0,0.0,0.0,0.0,0.0,0.0,1.204929061325371,0.36780496377453339,466.9056295504216,555.0534030526567,13054.8537014389,0.3645396598945534,0.05563792122932746,401.4255125992823,479.6238601593428,10063.131117957495,0.915384566642759,0.1729751637646938,573.8321921702938,681.1499303529512,16520.591061025985,0.3023075093825527,0.05712537970191849,370.63650760023577,442.06782870889335,9659.733210913517,0.0,0.0,14.486665309678692,17.589799946846737,230.06045968240907,0.0,0.0,19.401597815448008,23.169830286076484,491.3612158769429,0.0,0.0,97.22226930544739,116.84579438403188,2110.6700980930957,0.0,0.0,43.95546313589501,53.14725928234123,797.2959537434023,0.0,0.0,39.37958918221582,46.980493202129277,1016.5980665038819,38.54837308243026,26.43921336243504,762.5350990537618,913.3632951387318,18916.510700580115,0.0,0.0,58.6651837671137,71.74790531057605,682.4057515494933,1904.2725416257443,21.425147838583404,35.91048536511222,22.000000000000008,30.00000000000001,0.0,19.94391762065635,39.32961684105718,16.000000000000008,30.00000000000001,4150.176957123196,21.87605133147604,34.93767478350521,22.000000000000008,30.00000000000001,0.0,20.462899175225794,38.09528651706481,16.000000000000008,30.00000000000001,0.0,15.249852644669176,52.74030263119602,12.000000000000004,30.00000000000001,1309.6552489483636,20.06540096007386,38.93590854594348,19.750000000000008,30.00000000000001,0.0,18.201797657468697,43.80612052343776,10.000000000000004,30.00000000000001,330.0990973574532,16.393863273707387,48.97542086143047,16.000000000000008,30.00000000000001,1095.2419644323803,20.313993557394278,38.37206664035956,19.750000000000008,30.00000000000001,0.0,19.214333864126666,0.0,0.0,0.0,13.104586305088266,0.0,0.0,466.475765494276,469.5930267320798,466.0347858189859,466.0125739032959,529.6154482367748,706.2099247769563,497.817566451827,621.5782800715574,654.4474220404557,10776.118669788226,80.87936988289849,86.28491615580868,60.00000000000002,0.0,60.00000000000002,60.00000000000002,16.0,16.0,19.0,19.0,16.0,12.0,21.0,10.0,1.0,0.0,1904.2725416257443,0.0,4150.176957123196,0.0,1309.6552489483636,0.0,330.0990973574532,1095.2419644323803,8180.343232801449,4908205.939680867,6410082.749523874,80.87936988289849,86.37672027670476,0.35767810776004829,0.7652183931294756,0.36028137401965967,86.37672027670476,0.35426478194388769,6410082.749523874,0.3357143029752414 
 03/06  06:50:00,7.531666666666666,90.0,5.37,5.333333333333332,0.0,0.0,0.0,0.0,2.0,2.0,0.0,0.0,0.0,0.0,0.0,1224.0,0.0,7.610424850925751,1.8624071887247536,4.772352164870149,0.22820021824959753,6.0738570289858029,0.0,1.8624071887247527,2.5460518249295855,0.0,0.0,20.29927924111174,-1266.3890124843647,19.248558242016288,664.7860739053926,20.66512036220649,-1447.2475188156089,19.476845919719083,511.57443808260316,15.223039492723054,42.07979365143362,18.82510015879506,-56.28312046687273,17.59649350798874,380.6289831268399,16.084804472549636,-303.91404714770979,18.858962948439176,-107.81035374807647,1190.0725836072334,704.0662366232217,0.0,0.0,0.0,0.0,0.0,0.0,0.0,0.0,0.0,0.0,0.0,0.0,0.0,0.0,0.0,0.0,0.0,0.0,0.0,0.0,0.0,0.0,1.2954390702912604,0.3954331716395789,451.88076862398307,537.3526513432722,12600.048909878777,0.32159423016384239,0.04908336846212491,314.076618689871,374.8308874638755,8065.094754996343,1.1225797347077389,0.21212768985407016,381.3917492614353,452.70117758709537,10805.47000601188,0.28681807769494518,0.054198427379997197,252.84789303161188,301.19178669970236,6644.9796014545859,0.0,0.0,13.726166152232178,16.66558168979551,218.43897939670854,0.0,0.0,16.142379631681615,19.298092804674199,398.9854754517362,0.0,0.0,97.86762746192888,117.48999219050214,2189.7832258773507,0.0,0.0,42.68057451922007,51.5575592121808,801.6209181930681,0.0,0.0,29.81837743934076,35.62830517499683,744.2768053901302,38.58653777504136,26.465389420467333,576.7799475522373,690.1658184351103,14766.014338188175,0.0,0.0,57.795133386585877,70.67606127232125,680.5712684536615,1814.3810415365343,21.44954218652129,35.910603042623737,22.0,30.0,0.0,20.278326646943645,38.574694164817227,16.0,30.0,2067.8371275364127,21.680410308238256,35.41846769325737,21.5,30.0,0.0,20.559834597692246,37.91124514979359,16.0,30.0,0.0,15.285786736310126,52.676105894382228,12.0,30.0,0.0,19.77660248617996,39.740932514729369,19.0,30.0,0.0,18.56704355464459,42.87575041618579,10.0,30.0,464.26476018383269,16.741630172413367,47.996519373237727,16.5,30.0,0.0,19.91333240289235,39.446680599015049,19.0,30.0,0.0,19.4234215019209,0.0,0.0,0.0,13.208829929437263,0.0,0.0,471.16017581530925,473.99516454156159,471.20634348080469,473.061472620806,528.5033580062475,709.1830050965638,496.2547147364926,592.9960690711513,659.6002959779772,9401.401533169244,81.78839514584603,85.39959788021037,60.0,0.0,60.0,60.0,16.0,16.0,19.0,19.0,16.0,12.0,21.0,10.0,1.0,0.0,1814.3810415365343,0.0,2067.8371275364127,0.0,0.0,0.0,464.26476018383269,0.0,5464.915821037201,3278949.4926223207,4277540.863823375,81.78839514584603,85.46092809101022,0.35216386070124,0.767255142778855,0.36028137401965956,85.46092809101022,0.3542647819438875,4277540.863823375,0.22478879158548216 
 03/06  07:00:00,7.55,90.0,5.37,8.0,0.0,0.0,0.0,0.0,2.0,2.0,0.0,0.0,0.0,0.0,0.0,1224.0,0.0,11.4154223765491,2.7935581932496604,7.158393488804879,0.34229388371584637,9.110614034300287,0.0,2.793558193249659,3.8190058430994706,0.0,0.0,20.427981126770164,-1395.7287555986655,19.328079998989588,636.6963723123572,20.70813667880668,-1420.7904468043708,19.521383122390458,505.46365788126277,15.231864205099395,39.02818578556372,18.497888993312878,-31.585826732695453,17.702345590532809,333.6951636972401,15.997346320973959,-318.130764078854,18.4617687133223,-78.03898752753637,1171.7081743323479,754.0075434498053,0.0,0.0,0.0,0.0,0.0,0.0,0.0,0.0,0.0,0.0,0.0,0.0,0.0,0.0,0.0,0.0,0.0,0.0,0.0,0.0,0.0,0.0,1.312857381783516,0.4007501165395348,445.4912060960791,529.4959542557531,12501.365150578493,0.32144457360771119,0.04906052710740403,308.01477670431498,367.4826197069717,7932.169579679743,1.169977786029048,0.22108423772279826,362.9121048384658,430.70305927965117,10282.0470371152,0.2965731711419829,0.056041793488658887,254.67057193735739,303.34853465338537,6681.628095347234,0.0,0.0,12.90216390543433,15.663816809194559,205.28393554502117,0.0,0.0,14.019660417641756,16.79288054687494,330.96718765524806,0.0,0.0,110.08173604549792,132.10929816228683,2481.8299083909048,0.0,0.0,50.803949607187899,61.456584513523768,917.2970532861199,0.0,0.0,20.730199206586133,24.82776867045623,489.51172978869087,38.532305924524489,26.428193363871399,573.5217705052182,686.1158047676296,14708.628629148494,0.0,0.0,66.44390519899834,81.23845201402718,792.4016988506678,1854.957336549955,21.538245063564366,35.767889760698569,22.0,30.0,0.0,20.332786433641929,38.502969195892088,16.0,30.0,2000.437052807406,21.680160017852729,35.47467091090529,21.5,30.0,0.0,20.549271326598146,37.993284391352649,16.0,30.0,0.0,15.302914634922976,52.68505391949507,12.0,30.0,0.0,19.21885332985814,41.19446514681284,19.0,30.0,0.0,18.673918404378005,42.65526556875932,10.0,30.0,775.5753350148489,16.40915801944496,49.1316675008483,16.5,30.0,0.0,19.229431852908389,41.1860540586068,19.0,30.0,0.0,19.452534094922325,0.0,0.0,0.0,13.29976695028628,0.0,0.0,476.0707187685831,479.917443797753,475.77132212737248,480.15104398029049,523.612300311124,726.9327430669439,496.32479286803086,557.1550330734517,677.555364033609,9136.42719520714,81.96374505061803,83.65459655656309,60.0,0.0,60.0,60.0,16.0,16.0,19.0,19.0,16.0,12.0,21.0,10.0,1.0,0.0,1854.957336549955,0.0,2000.437052807406,0.0,0.0,0.0,775.5753350148489,0.0,2558.9756862250558,1535385.4117350334,1988841.6403076358,81.96374505061803,83.68331282837582,0.3402991895408352,0.7676855370622566,0.36028137401965956,83.68331282837582,0.3542647819438875,1988841.6403076358,0.1057430986293304 
 03/06  07:10:00,7.546666666666667,90.16666666666667,5.373333333333334,10.666666666666668,0.0,0.0,0.0,0.0,2.0,2.0,0.0,0.0,0.0,0.0,0.0,1530.0,0.0,15.21742613664845,3.723976569762009,9.542557494667685,0.45629778269898388,12.14498174855466,0.0,3.7239765697620075,5.090958303232177,0.0,0.0,20.467968795836425,-1465.8555217283786,19.405344720784293,602.545935628811,20.631181917695096,-1245.1475154060948,19.5767958589581,457.64672764685317,15.237243533438472,40.018454431725917,18.947381676514703,-48.159088744129508,17.81771717503989,371.7863292185599,16.921732104505734,-337.22113844366808,18.772176861391146,-61.249603941232347,1151.816928426904,616.1144383840467,0.0,0.0,0.0,0.0,0.0,0.0,0.0,0.0,0.0,0.0,0.0,0.0,0.0,0.0,0.0,0.0,0.0,0.0,0.0,0.0,0.0,0.0,1.2809165801542495,0.3910001770922618,433.7831465772454,515.8500468161536,12139.180971609421,0.3163119398030785,0.048277158089602947,308.8411411542227,368.61045224614397,7993.403269827812,1.1538734771227653,0.21804109545025808,342.46362066897447,406.95840140737666,9629.386094845926,0.29460283587275118,0.05566947011956748,273.60395900601648,326.2481629108162,7180.506210190008,0.0,0.0,13.229046502098522,16.064158121840593,210.8437157220509,0.0,0.0,14.952486305003731,17.878887192311394,368.53590097313568,0.0,0.0,94.6975687509458,113.64519145560402,2162.8478908479385,0.0,0.0,35.38447056243998,42.606103461771,745.3537085294072,0.0,0.0,22.21530958409804,26.555809407974107,547.0573792131147,38.44283338511084,26.36682673875915,575.0581529889835,688.426415928194,14750.271956852786,0.0,0.0,51.03847712061352,62.465666650524607,594.2691718029765,1846.9434745438728,21.481372096659518,35.93882175848243,22.0,30.0,0.0,20.399500719892388,38.40059919823534,16.0,30.0,1730.1135803293628,21.430028245354614,36.061542729745777,21.4,30.0,0.0,20.572369790638949,37.99072839796597,16.0,30.0,0.0,15.312952121976546,52.71943559884558,12.000000000000002,30.0,1222.5847686995065,19.749309244056329,41.17558947636155,19.8,30.0,0.0,18.826322820349369,42.30496276781027,10.0,30.0,1325.1808463786413,17.994282598476784,44.49671982785015,20.7,30.0,994.1888972559029,19.716040607597564,41.10822131283403,19.6,30.0,0.0,19.457596910872103,0.0,0.0,0.0,13.148996566741044,0.0,0.0,478.06752394882917,482.7946640842271,478.3154338161501,481.70719495337479,516.7050439649955,767.7254809530296,489.382522215785,538.8869123583784,713.3542571589322,10913.932143479162,80.78817908163008,85.34451361070384,60.0,0.0,60.0,60.0,16.0,16.0,19.0,19.0,19.7,12.0,21.0,10.0,1.0,0.0,1846.9434745438728,0.0,1730.1135803293628,0.0,1222.5847686995065,0.0,1325.1808463786413,994.1888972559029,6894.832313542391,4136899.388125434,5373166.204359912,80.78817908163008,85.42189529700008,0.36582774378474638,0.7683511301538683,0.36028137401965956,85.42189529700008,0.35426478194388757,5373166.204359912,0.28169464262671548 
 03/06  07:20:00,7.543333333333334,90.33333333333334,5.376666666666667,13.333333333333334,0.0,0.0,0.0,0.0,2.0,2.0,0.0,0.0,0.0,0.0,0.0,1224.0,0.0,19.02516400423051,4.655798185016729,11.930317220875775,0.5704736158761584,15.183925790392579,0.0,4.655798185016726,6.364829097111905,0.0,0.0,20.54628998001771,-1403.3189708462288,19.445970271695907,598.8290114303791,20.725884888923884,-1429.0055890121226,19.598135541335503,520.2338229453767,15.242616330679216,38.58826727001377,19.00218959898546,-45.655839279842528,17.930238552125954,367.9291857919645,17.791425074735668,-162.35270049615554,18.660226390335767,-25.92894527666607,1145.4986867711605,373.0681312203478,0.0,0.0,0.0,0.0,0.0,0.0,0.0,0.0,0.0,0.0,0.0,0.0,0.0,0.0,0.0,0.0,0.0,0.0,0.0,0.0,0.0,0.0,1.2611061096762355,0.38495302493169589,416.67878992854608,495.27844974308035,11701.617044593198,0.31401778476503119,0.0479270123267752,308.18533203074517,367.6951493678204,7985.346839261922,1.1286409839934782,0.2132730506412469,358.8428709727458,426.06512834593107,10163.350341639063,0.296859456871917,0.05609589132122391,288.6806032284924,344.1153514539127,7571.918094900956,0.0,0.0,13.307782371062041,16.157430448982596,212.43914739243906,0.0,0.0,14.403167508868873,17.204356891048197,360.90060160897948,0.0,0.0,78.02727747459589,93.571708655373,1804.4329646614493,0.0,0.0,17.259558566563379,20.69318320443707,408.8575348743119,0.0,0.0,16.61273086726273,19.88547606497687,402.2275156239533,38.4052115081375,26.341022982261668,589.6747288928242,705.6134356434966,15140.011490715857,0.0,0.0,28.753774139929033,35.24044719789099,318.31066777728236,1839.0103114272397,21.531436838422964,35.87498306620569,22.0,30.0,0.0,20.409990220993366,38.44706895516168,16.0,30.0,1924.1948126026096,21.561001877095959,35.82855104107487,21.5,30.0,0.0,20.55550877625216,38.102030012958319,16.0,30.0,0.0,15.32178898942111,52.794079037894849,12.0,30.0,0.0,19.954091881290034,42.50428769099113,19.0,30.0,0.0,18.967414773616068,42.000387920501257,10.0,30.0,1286.9351285921403,19.418539863746387,40.80360681434524,20.7,30.0,0.0,19.490865818757589,43.24971923810706,19.0,30.0,0.0,19.48598012701836,0.0,0.0,0.0,12.8067258173696,0.0,0.0,479.164665724086,483.94688140971297,479.2385734275087,483.5506291308126,511.2591478474616,804.3629662388023,481.82572950238207,533.2989431684274,747.7928786473137,10631.236940084036,80.9751590352869,86.39176730096678,60.0,0.0,60.0,60.0,16.0,16.0,19.0,19.0,19.7,12.0,21.0,10.0,1.0,0.0,1839.0103114272397,0.0,1924.1948126026096,0.0,0.0,0.0,1286.9351285921403,0.0,8197.041931807817,4918225.15908469,6428985.691794546,80.9751590352869,86.48375929122341,0.3582347310602606,0.7658805920167582,0.36028137401965956,86.48375929122341,0.3542647819438875,6428985.691794546,0.3366105893066498 
 03/06  07:30:00,7.54,90.5,5.38,16.0,0.0,0.0,0.0,0.0,2.0,2.0,0.0,0.0,0.0,0.0,0.0,1224.0,0.0,22.84067540244432,5.589522122364357,14.3229515404415,0.6848825342767994,18.229073800809535,0.0,5.589522122364355,7.64130050951672,0.0,0.0,20.65361146412794,-1408.658834301918,19.50691859974681,616.6074547822741,20.823353291887018,-1195.096165911368,19.648455831221889,475.2188427653922,15.241697087658637,35.12047181305033,18.68686480053994,-26.74894689670512,18.02260689638295,344.12755604654856,18.642518983270369,-78.90172337921087,18.722186098698246,-175.52214107689214,1153.7663181351036,467.19265801060888,0.0,0.0,0.0,0.0,0.0,0.0,0.0,0.0,0.0,0.0,0.0,0.0,0.0,0.0,0.0,0.0,0.0,0.0,0.0,0.0,0.0,0.0,1.2571086326306578,0.3837327938433021,451.74968945980859,536.912175522108,12746.63525875642,0.3092512806192083,0.04719952390403058,304.54841953683509,363.2439852822882,7926.457322774721,1.1557133534915727,0.21838876672176364,366.0747288400106,434.5770455301702,10375.212268150633,0.2939556894897308,0.05554718244325976,235.94543778780526,280.950595114742,6217.817887489947,0.0,0.0,12.85583876978062,15.608129942150104,205.23505091390866,0.0,0.0,14.180302308378652,16.96439796221618,340.55529562346336,0.0,0.0,75.22398166375229,90.15861971680266,1756.1208098147513,0.0,0.0,26.23658087360861,31.25694723224293,698.8658654791243,0.0,0.0,19.512003274678027,23.34912219433352,470.29004446453726,38.439902855383028,26.364816773239398,575.09487442896,687.9020200188257,14875.91031097851,0.0,0.0,30.850794492939515,37.794290169627249,338.0394729888271,1861.0195381226909,21.62618217178479,35.803689268824708,22.0,30.0,0.0,20.46518482484286,38.494209756031668,16.0,30.0,1738.0507707216576,21.696561714941475,35.652869837767578,21.5,30.0,0.0,20.57885234821887,38.232542380890169,16.0,30.0,0.0,15.318249679773288,52.943647989782537,12.0,30.0,0.0,19.419459366540037,45.3434605764498,19.0,30.0,0.0,19.071950672561966,41.869465708230929,10.0,30.0,1280.7934385406359,20.762741015251316,37.9832764145564,20.7,30.0,935.4977053452413,19.487801842471723,44.25619152016604,19.5,30.0,0.0,19.559225022103516,0.0,0.0,0.0,12.806658346004099,0.0,0.0,483.1669586793742,489.65323373024025,480.9916388464879,490.32400363562848,508.0247042169478,841.852648668875,482.82365755568847,536.3156479418967,778.5116676630997,9746.234970529924,81.56035075217719,85.28518970700996,60.0,0.0,60.0,60.0,16.0,16.0,19.0,19.0,19.7,12.0,21.0,10.0,1.0,0.0,1861.0195381226909,0.0,1738.0507707216576,0.0,0.0,0.0,1280.7934385406359,935.4977053452413,5636.6996487557939,3382019.789253476,4406634.125948008,81.56035075217719,85.34844983807973,0.35788998829185977,0.766749916606063,0.36028137401965956,85.34844983807973,0.3542647819438875,4406634.125948008,0.23146164121596309 
 03/06  07:40:00,7.536666666666667,90.66666666666667,5.383333333333333,18.833333333333333,0.16666666666666664,0.0,0.0,1.0,2.0,0.0,0.0,0.0,0.0,0.0,4.0,2448.0,0.0,26.91194410837228,6.592628122668355,16.893374855727754,0.8069604002729335,21.478341052697826,0.0,6.592628122668351,9.012622462166926,0.0,0.0,20.66750403672522,-1615.7934431627182,19.575923468358277,606.8114903150763,20.69724889014591,-1133.0720204405446,19.727000229316219,466.47242200151416,15.244782879055454,38.62906720773202,18.680637440073768,-53.76788502627865,17.378784296970776,-434.711800634983,18.481513101831469,-113.73771244612263,18.595988381605517,-462.6366964727755,1154.2258682149755,1749.8933919502129,0.0,0.0,0.0,0.0,0.0,0.0,0.0,0.0,0.0,0.0,0.0,0.0,0.0,0.0,0.0,0.0,0.0,0.0,0.0,0.0,0.0,0.0,1.2549636315059103,0.3830780315952107,380.83158563641276,452.87396824717589,10749.033269484044,0.3138948455684737,0.04790824871313701,313.2134336035166,373.80115163417346,8195.375222029628,1.1184105055659333,0.21133985365947345,284.77053641170809,338.54786214205316,8039.197022996601,0.293219892380271,0.055408142929000567,282.53882769834447,336.93576247304147,7469.979628840177,0.0,0.0,13.530499815708194,16.437028442921279,216.22954798243374,0.0,0.0,15.526450019999226,18.599699645069575,365.7812096707686,0.0,0.0,240.26240994765969,289.43426385266818,4952.946923680076,0.0,0.0,30.206019395687176,36.0683414755256,774.0949805150149,0.0,0.0,170.9775308547323,204.84052560278563,4047.142036096555,38.44433296317367,26.36785525594903,588.3490863858374,704.2924437975569,15253.900061001568,0.0,0.0,173.89717677971397,211.70743780620684,2527.4458561087997,1818.5953715145252,21.57198329040347,36.250076118053687,22.0,30.0,0.0,20.536080019332027,38.5835941150452,16.0,30.0,1237.3805048154807,21.504734749191536,37.08288731035293,21.375,30.0,0.0,20.668891714635259,38.78109481407137,19.0,30.0,0.0,15.323373032491688,53.288983615219269,12.0,30.0,448.2050615317519,19.177230145368744,46.72392376784812,19.25,30.0,0.0,17.719038179051215,46.50770600460608,10.0,30.0,315.3577398599518,20.26009425799812,40.396424302778758,19.825,30.0,0.0,19.273535093342497,42.61097441080426,12.0,30.0,0.0,19.601666234720644,0.0,0.0,0.0,14.529571389765442,0.0,0.0,498.7757214944495,500.3860224953674,532.6877793031749,522.3304262167086,521.8050031445052,861.8783365016615,557.1231520330739,594.0986295137926,592.2887369942245,9663.327601487172,81.61528934759643,83.46421435394322,220.0,0.0,220.0,220.0,16.0,19.0,19.0,12.0,19.7,12.0,21.0,10.0,1.0,0.0,1818.5953715145252,0.0,1237.3805048154807,0.0,448.2050615317519,0.0,315.3577398599518,0.0,2797.9460431319087,1678767.625879145,2183996.70896709,81.61528934759643,83.49561523856078,0.34826486810439696,0.7693912616504318,0.36028137401965956,83.49561523856078,0.3542647819438875,2183996.70896709,0.12211116219962204 
 03/06  07:50:00,7.533333333333333,90.83333333333334,5.386666666666666,21.666666666666666,0.33333333333333328,0.0,0.0,1.0,2.0,0.0,0.0,0.0,0.0,0.0,4.0,1224.0,0.0,30.994094238131049,7.592527913444335,19.455582497934374,0.9293645485945096,24.736292741468689,0.0,7.592527913444331,10.379561283314346,0.0,0.0,20.63480825555625,-1518.005721135111,19.593864440590069,527.228132566895,20.706010878112875,-894.9778324902613,19.711096783899266,302.9297446970468,15.24549868286942,33.753059139512249,18.990721774807889,-95.23379129659841,16.926259144617398,26.436494602990707,18.649032830748433,-233.22318926301205,17.947590057192295,-322.72737894253876,1118.9624950167536,1424.7672523844797,0.0,0.0,0.0,0.0,0.0,0.0,0.0,0.0,0.0,0.0,0.0,0.0,0.0,0.0,0.0,0.0,0.0,0.0,0.0,0.0,0.0,0.0,1.2139332026066714,0.3705534806491671,365.9103062742792,435.03477301605099,10238.643137841218,0.2986851921125827,0.045586873033055978,295.400590551463,352.3352598561204,7718.8588812540679,1.1473293760241493,0.21680449282391338,248.0582340303894,295.0597271039737,6915.22415824985,0.27840916291081388,0.052609441215195337,247.22875334871936,294.8451102573032,6501.714449658442,0.0,0.0,13.407758154658959,16.279199772453038,214.36986019830094,0.0,0.0,16.272448231581593,19.43542735797224,405.42893029761629,0.0,0.0,239.74417853878829,289.36756454689955,4652.160580306967,0.0,0.0,41.74964517326539,49.765788818858549,1091.3000804191225,0.0,0.0,159.01985733104466,191.18523074024155,3453.3003782794696,38.303059699307059,26.27096001324216,535.2989584537104,640.6509527862364,13889.314567460398,0.0,0.0,171.19727383592318,208.12582161413293,2623.7903843762949,1840.247282109656,21.44360786813248,36.829855650423109,22.0,30.0,0.0,20.51144958094217,38.95298217675415,16.0,30.0,1007.4103072756226,21.379378032413795,37.79975911532123,21.25,30.0,0.0,20.58527621011482,39.463524539540767,19.0,30.0,0.0,15.322635457641028,53.87855918434133,12.0,30.0,492.50110292749147,19.87591780857347,45.237614443521348,19.5,30.0,0.0,17.05037611867069,48.769593672393877,10.0,30.0,845.0852953475946,20.511839634070286,40.330075089773348,20.45,30.0,0.0,18.207256280117137,45.24522910852911,12.0,30.0,0.0,19.535983252806767,0.0,0.0,0.0,14.962908054046645,0.0,0.0,512.5624546524756,513.6360859582708,552.841080580244,544.171574628294,547.7124612237478,877.2797170623263,563.0660094423596,628.3188612894236,562.8112107255674,9868.302293675604,81.4797376782477,84.980939667084,220.0,0.0,220.0,220.0,16.0,19.0,19.0,12.0,19.7,12.0,21.0,10.0,1.0,0.0,1840.247282109656,0.0,1007.4103072756226,0.0,492.50110292749147,0.0,845.0852953475946,0.0,5298.618927334883,3179171.3564009305,4127803.5271740027,81.4797376782477,85.04040170004737,0.3466206309111628,0.7663360038365548,0.36028137401965956,85.04040170004737,0.3542647819438875,4127803.5271740027,0.22314022785749264 
 03/06  08:00:00,7.53,91.0,5.39,24.5,0.5,0.0,0.0,1.0,2.0,0.0,0.0,0.0,0.0,0.0,4.0,918.0,0.0,35.087115324476538,8.591502721818602,22.015419981613698,1.0520946651466792,28.002920510716984,0.0,8.591502721818598,11.74523558339131,0.0,0.0,20.668333271058665,-1554.1847876956322,19.59911363595705,520.0687897020517,20.72017408244085,-997.4970190957122,19.639970328133175,373.0102451503484,15.241618792831181,31.155666906471788,18.67655270104121,-78.2607593315852,17.01023118797039,150.70795036047196,18.552299325207107,-210.63554621436902,17.607431600103884,-138.075876932973,1111.2699097808264,1033.2102716326515,0.0,0.0,0.0,0.0,0.0,0.0,0.0,0.0,0.0,0.0,0.0,0.0,0.0,0.0,0.0,0.0,0.0,0.0,0.0,0.0,0.0,0.0,1.2076377308364666,0.3686317859696177,367.831462992007,437.10697394221929,10300.0366546129,0.297059510260665,0.04533875309228713,294.58425157258849,351.23013809072315,7683.079113833858,1.1395380916123728,0.21533221685796939,267.8710664669215,318.44953426471536,7477.186502964181,0.2854500643034297,0.05393992144811599,268.77799653890068,320.54096071327856,6995.708161692418,0.0,0.0,13.06510954781118,15.85737068344631,208.7877026352847,0.0,0.0,16.71475245529306,19.992657972926293,398.81177912704359,0.0,0.0,193.20139500172506,233.00671701537454,3821.957970270718,0.0,0.0,40.54827126044211,48.3966716427486,1031.8258675163332,0.0,0.0,113.6225863020027,136.83479201477304,2355.43895359835,38.23756269661526,26.226037514825316,556.5000779863694,665.7621244548709,14375.334209880799,0.0,0.0,121.89934433634656,148.4344040563878,1756.005632047297,1888.8281730118895,21.44926350536203,37.08430302927468,22.000000000000019,30.00000000000002,0.0,20.48117192777326,39.28937783815187,16.000000000000015,30.00000000000002,1091.854544887532,21.442361075513998,37.87695263653745,21.33333333333335,30.00000000000002,0.0,20.44717996175214,40.05426151951154,19.000000000000015,30.00000000000002,0.0,15.314297810856442,54.26941044862723,12.00000000000001,30.00000000000002,0.0,19.32498363972172,47.17744362920133,19.000000000000015,30.00000000000002,0.0,17.251828090876768,48.29630895817224,10.000000000000007,30.00000000000002,911.3295267376944,20.160466906158868,41.30061269911075,20.36666666666668,30.00000000000002,0.0,17.705352724726017,46.83803882052941,12.00000000000001,30.00000000000002,0.0,19.512629747555509,0.0,0.0,0.0,14.443859061160492,0.0,0.0,524.4576475102656,524.7691660779918,562.4496145860389,554.6043949952909,558.6575977668279,883.4397387901083,558.7151934734179,627.5517371953185,561.5886504380802,9033.060508432267,82.03205133567333,84.3646927276702,220.00000000000018,0.0,220.00000000000018,220.00000000000018,16.0,19.0,19.0,12.0,19.7,12.0,21.0,10.0,1.0,0.0,1888.8281730118895,0.0,1091.854544887532,0.0,0.0,0.0,911.3295267376944,0.0,3530.155792488872,2118093.4754933218,2748329.9716509438,82.03205133567333,84.4043087223443,0.3443385264162959,0.7658841231546862,0.3602813740196598,84.4043087223443,0.3542647819438878,2748329.9716509438,0.15135871408140467 
 03/06  08:10:00,7.566666666666666,91.00000000000002,5.4366666666666669,27.333333333333337,0.6666666666666667,0.0,4.0,0.0,0.0,0.0,0.0,0.0,0.0,0.0,0.0,1836.0,0.0,39.19088464781357,9.592237811620658,24.579768142424468,1.1751470699749627,31.27812641633298,0.0,9.592237811620653,13.113316321635363,0.0,0.0,20.651064263386979,-1555.2300133383774,19.629363307761623,501.3058089275672,20.44893278419562,-313.439557905423,19.609093089860037,-26.657536142039107,15.239309529864288,32.61895579794988,18.332888614479495,-141.27107426688409,17.41577879983693,442.22771518559457,18.23250601731806,-122.9017909243866,17.32467486560168,-533.5268369937863,957.1535712861328,1013.3417805041354,0.0,0.0,0.0,0.0,0.0,0.0,0.0,0.0,0.0,0.0,0.0,0.0,0.0,0.0,0.0,0.0,0.0,0.0,0.0,0.0,0.0,0.0,1.226444578518178,0.37437258196525577,389.63862441595878,463.5135760728696,10846.022856622314,0.3037771975956299,0.04636404114707415,297.5631871442741,355.12526401102698,7751.308913122835,1.090798520668304,0.20612216943845503,90.75130428289387,108.11026591010314,2539.950773872409,0.31775001768723878,0.06004346517143588,26.889940254044008,32.10494015145037,696.8511075764,0.0,0.0,11.673075849179157,14.181159068351459,185.5439958828269,0.0,0.0,65.79430039646306,78.99363950289954,1497.5948121598418,0.0,0.0,222.0260094033887,267.0754717042655,4725.819081919267,0.0,0.0,33.69984590301404,40.340787774874929,823.4556485648474,0.0,0.0,114.78444357052256,138.4039964595649,2248.879103467762,38.2887256734983,26.261128719820513,322.64974729473337,386.990206039689,8359.217605974975,0.0,0.0,119.70426330604913,145.73843780128818,1685.2039831799939,1787.8962211230606,21.401062478136415,37.54728430678127,21.999999999999994,30.0,0.0,20.50233729024374,39.62731066477819,15.999999999999999,30.0,25.917971344844223,21.244192747583968,37.871248917039078,20.999999999999998,30.0,0.0,20.286221661845386,42.97882745814003,18.999999999999998,30.0,0.0,15.309628234412348,54.73715335933166,11.999999999999997,30.0,0.0,18.762641757396194,45.988596119343728,15.999999999999999,30.0,0.0,18.033278717417283,46.951436450075878,9.999999999999999,30.0,0.0,19.58823158228564,42.54151744064404,15.999999999999999,30.0,0.0,17.263196528058307,48.69757765453561,11.999999999999997,30.0,0.0,19.024644455356034,0.0,0.0,0.0,14.281285942583887,0.0,0.0,538.4053735004126,539.7896017622129,535.3617406538018,707.713159558316,572.9960683578704,687.7724658521336,605.8080297297304,606.8652837499523,584.022410770416,9040.412238451047,82.0272455813759,83.16218522093914,132.0,0.0,132.0,132.0,16.0,19.0,16.0,12.0,16.0,12.0,21.0,10.0,1.0,0.0,1787.8962211230606,0.0,25.917971344844223,0.0,0.0,0.0,0.0,0.0,1717.6336438653055,1030580.1863191831,1334883.8265332645,82.0272455813759,83.18146026375996,0.34058778812884346,0.7688713288896438,0.3602813740196595,83.18146026375996,0.3542647819438874,1334883.8265332645,0.07445195897972977 
 03/06  08:20:00,7.6033333333333339,91.0,5.483333333333333,30.166666666666666,0.8333333333333334,0.0,4.0,0.0,0.0,0.0,0.0,0.0,0.0,0.0,0.0,1224.0,0.0,43.30529498215261,10.597560215426979,27.1558710902523,1.2985185476613437,34.56182487914263,0.0,10.597560215426974,14.487668265909333,0.0,0.0,20.536725177320649,-1088.5392454173944,19.647073913303204,576.242237997333,20.829278397474469,-898.5017624806255,19.561874167158029,-13.046541958775098,15.245311195684107,40.25356918371663,18.058973770369943,-33.8152319985602,17.543877065169047,150.9510046501869,17.545108955283298,-32.36840754311371,16.820477453907054,-552.539529469091,992.5080740074689,1255.838404488764,0.0,0.0,0.0,0.0,0.0,0.0,0.0,0.0,0.0,0.0,0.0,0.0,0.0,0.0,0.0,0.0,0.0,0.0,0.0,0.0,0.0,0.0,1.3158607355604695,0.40166689119672457,396.7853138431185,471.7905589492865,11014.371703161214,0.33266469925952915,0.050773000497486137,319.7635608505127,381.3490770844067,8315.084302327967,0.9389113909301936,0.17742089775702836,165.5154429880451,196.53349300101523,4717.1053247155709,0.3437740369827827,0.06496108030664828,33.43572067963109,39.88905907039343,855.1557040576813,0.0,0.0,11.312624144067839,13.735151952514248,179.23759495188703,0.0,0.0,42.26389724538896,50.79813545255153,923.5940945215666,0.0,0.0,263.2423757858084,316.44320091380907,5643.874421458117,0.0,0.0,22.911043441427866,27.532293266997294,504.0555848295092,0.0,0.0,182.33272190339427,220.43103532027579,3299.967230708864,38.50147103911579,26.40704460844706,346.89295186980078,415.759404534739,8911.608453808203,0.0,0.0,186.53105916548254,226.67738573179933,2827.851350551356,1346.6117600776698,21.397289385975733,37.737046700579828,21.750000000000005,30.000000000000008,0.0,20.510622519054146,39.77990485639374,16.000000000000005,30.000000000000008,1532.1888025613255,21.81527177487459,36.76600921135799,21.500000000000005,30.000000000000008,0.0,20.171948043324276,45.35222525508435,19.000000000000005,30.000000000000008,0.0,15.320480503795503,55.12225805988146,12.000000000000002,30.000000000000008,0.0,18.353941633460054,46.090837040286299,16.000000000000005,30.000000000000008,0.0,18.162600978793308,46.29308313963037,10.000000000000002,30.000000000000008,0.0,18.398858979016738,45.692185149565947,16.000000000000005,30.000000000000008,0.0,16.475609739728858,51.57860656647548,12.000000000000002,30.000000000000008,0.0,19.04008287849952,0.0,0.0,0.0,14.939420864349934,0.0,0.0,545.786296591631,544.9907333129406,542.0792334085137,836.2827650714833,584.9991470210553,612.2251767188593,583.0587614117543,596.3535817827692,595.9578243758447,9067.713570572709,82.0091873181357,83.72506152265595,132.00000000000004,0.0,132.00000000000004,132.00000000000004,16.0,19.0,16.0,12.0,16.0,12.0,21.0,10.0,1.0,0.0,1346.6117600776698,0.0,1532.1888025613255,0.0,0.0,0.0,0.0,0.0,2596.8078880384848,1558084.7328230909,2021785.7874032774,82.0091873181357,83.75420276296014,0.3415602629346163,0.7688349377280831,0.3602813740196596,83.75420276296014,0.35426478194388757,2021785.7874032774,0.11012686094497043 
 03/06  08:30:00,7.640000000000001,91.0,5.529999999999999,33.0,1.0,0.0,4.0,0.0,0.0,0.0,0.0,0.0,0.0,0.0,0.0,1224.0,0.0,47.44366718391478,11.606933758263877,29.74235490460917,1.422608516739193,37.864647123280629,0.0,11.60693375826387,15.867558424374208,0.0,0.0,20.51996964346927,-1253.1354057258828,19.656656587455083,353.4415749252919,20.72083632245493,-625.9499762605486,19.521854598666253,-54.38388341213266,15.25347767026399,37.04197452341458,17.866693529894527,-40.34045976030171,17.366562426870816,64.53817037996487,17.11499426717164,-16.890120148458978,16.55079553616928,-391.53666034465757,994.6915906868271,1157.6418877634599,0.0,0.0,0.0,0.0,0.0,0.0,0.0,0.0,0.0,0.0,0.0,0.0,0.0,0.0,0.0,0.0,0.0,0.0,0.0,0.0,0.0,0.0,1.2958178861719625,0.3955488053027969,463.833999892654,552.6150245228103,12484.831580533511,0.3003862638559417,0.045846499367512467,274.1387875019387,327.0465858667415,7105.6778980381509,1.0472782829567087,0.1978983905813887,213.18696607124364,253.34973095378389,5954.696661344784,0.3076248160421496,0.05813016176155508,27.702089953227924,33.05462651198399,701.5670714900011,0.0,0.0,10.924511282350539,13.264761000583342,172.54695819808326,0.0,0.0,39.51991457144209,47.529386792990887,837.6759654907742,0.0,0.0,276.37154109338499,332.69684966266,5719.132617958312,0.0,0.0,13.928491266880887,16.773287891861654,284.5679758249844,0.0,0.0,194.98975547906833,236.0933327474071,3387.9776460846685,38.29802217696418,26.267504922472008,401.7952710762361,481.69374216691429,10257.250976392377,0.0,0.0,198.1204798878682,240.8535965094293,2988.6095980558136,1847.7853525136118,21.157700538488734,38.69684308430675,22.0,30.0,0.0,20.48158231083251,40.21852962225995,16.0,30.0,1553.3451620275096,21.5395479532254,37.70797092511317,21.5,30.0,0.0,20.070405158803003,46.67545912335225,19.0,30.0,0.0,15.332912705309952,55.25233874952865,12.0,30.0,0.0,18.07011731576307,46.69366717360028,16.0,30.0,0.0,17.809734507411315,47.43795920984254,10.0,30.0,0.0,17.68345462551143,47.76523770137136,16.0,30.0,0.0,16.128308063104329,52.71086476782904,12.0,30.0,0.0,19.112913446445114,0.0,0.0,0.0,14.961881153789467,0.0,0.0,561.0459558899167,559.3067073975403,558.5863426549772,898.5705060293046,583.8184540896905,589.2687194731665,575.2793632312247,588.4784593681073,580.2691916291158,10026.677686205905,81.37498545482066,84.95303296604755,132.0,0.0,132.0,132.0,16.0,19.0,16.0,12.0,16.0,12.0,21.0,10.0,1.0,0.0,1847.7853525136118,0.0,1553.3451620275096,0.0,0.0,0.0,0.0,0.0,5414.794938630872,3248876.963178524,4238434.3816723939,81.37498545482066,85.01380009109075,0.3504931646210291,0.769281699423919,0.36028137401965956,85.01380009109075,0.3542647819438875,4238434.3816723939,0.2253485878469645 
 03/06  08:40:00,7.676666666666666,91.0,5.576666666666666,37.166666666666667,0.8333333333333334,0.0,0.0,1.0,2.0,0.0,0.0,0.0,0.0,0.0,0.0,2448.0,0.0,53.533667627356148,13.090297054007044,33.54341982293831,1.6052183519998585,42.725056602882798,0.0,13.090297054007037,17.895428510478469,0.0,0.0,20.818688863853994,-1532.2776021959244,19.650288414946986,636.7749931189894,20.813901745605674,-1790.3954759118443,19.63472415271674,732.4499783635818,15.259136842956617,40.931433427813,18.647722456992999,-89.50508027960622,17.291057375272595,112.0387699264179,17.88213036340515,-107.26336653068438,16.39579979411885,-332.5472055179107,1113.127803385787,1206.1254096478256,0.0,0.0,0.0,0.0,0.0,0.0,0.0,0.0,0.0,0.0,0.0,0.0,0.0,0.0,0.0,0.0,0.0,0.0,0.0,0.0,0.0,0.0,1.2309581484643304,0.3757503505690874,437.7138920613913,520.4413773005374,12251.045835658897,0.3163666309008373,0.04828550532674562,320.67674686388588,382.6791674685448,8266.187012684195,1.100006460091942,0.2078621428745167,444.4780022744045,528.2100005810238,12463.015716766471,0.32084315870629528,0.06062795893920921,357.31346207169988,426.5088164600663,9144.342028284727,0.0,0.0,12.25188758223049,14.884107063089738,192.7971017875786,0.0,0.0,18.12773273124416,21.71734517997188,427.7279434301926,0.0,0.0,263.5636856268993,317.604530241376,5366.576734334322,0.0,0.0,27.876336229539544,33.40197340002646,643.9217465451412,0.0,0.0,207.67228189026157,251.742958858016,3519.577300193149,38.533490647285599,26.429005930922917,671.2667924442242,803.5135850075709,17000.84260063017,0.0,0.0,212.22149235727867,258.03231799187679,3232.9086367158486,1828.80404441837,21.61705885471936,38.3435403855097,22.0,30.0,0.0,20.47038063755833,41.02250313129825,16.0,30.0,1914.2585744949229,21.577062356068976,38.472514200017368,21.5,30.0,0.0,20.368206146353879,41.50908865109347,16.0,30.0,0.0,15.341370449962037,55.413298462093937,12.0,30.0,1590.5171143754233,19.316874223886179,44.278820898097738,20.0,30.0,0.0,17.681263290519284,48.23458294210788,10.0,30.0,1334.5013786827622,18.887345748541369,45.074024167315119,20.7,30.0,0.0,15.951864870720632,53.55057729769309,12.0,30.0,0.0,19.540981636030457,0.0,0.0,0.0,15.073191644021536,0.0,0.0,609.0017426599761,603.6151410169456,609.3842550111763,616.9993102375303,582.7966942341407,662.8628730843021,589.1892871345224,634.8918506838053,583.4190483275081,10210.854654000153,81.25320598990084,84.02602023468345,60.0,0.0,60.0,60.0,16.0,16.0,19.0,12.0,19.7,12.0,21.0,10.0,1.0,0.0,1828.80404441837,0.0,1914.2585744949229,0.0,1590.5171143754233,0.0,1334.5013786827622,0.0,4196.043294043115,2517625.9764258686,3280441.359914559,81.25320598990084,84.07311182567142,0.35236810980143709,0.7677125354344062,0.36028137401965956,84.07311182567142,0.3542647819438875,3280441.359914559,0.17281295071555706 
 03/06  08:50:00,7.713333333333334,91.0,5.623333333333334,41.33333333333333,0.6666666666666667,0.0,0.0,1.0,2.0,0.0,0.0,0.0,0.0,0.0,0.0,1224.0,0.0,59.62743617474414,14.574000156789428,37.34535542251032,1.7879411637968457,47.58847327650873,0.0,14.57400015678942,19.923763138567723,0.0,0.0,20.797873037026059,-1479.415987874686,19.738109638050763,470.1074872083391,20.821845143479267,-1237.0653191164348,19.79757277229298,380.08277127019326,15.26738984642838,40.16209978100332,18.834060402624098,-100.71563422681925,17.231746694985796,72.60381242375752,18.831636162696357,-295.2651133561471,16.30741556316743,-239.40698553079597,1091.8462119519382,1262.871195649571,0.0,0.0,0.0,0.0,0.0,0.0,0.0,0.0,0.0,0.0,0.0,0.0,0.0,0.0,0.0,0.0,0.0,0.0,0.0,0.0,0.0,0.0,1.2223384846013177,0.3731191955437478,424.2364168721682,504.3579349063756,11777.276427738834,0.2942536435618364,0.04491050725913255,282.78126589258695,337.24244831974149,7326.1142957644919,1.1379169937326129,0.21502588694871753,356.97329619299787,424.0239873340945,9932.84074336868,0.29679659006657357,0.05608401172837745,283.0755997481205,337.43284614001808,7347.068475604658,0.0,0.0,12.105474503420968,14.69840968756116,189.89911860716865,0.0,0.0,17.975944687646164,21.503118613707913,431.56610411428547,0.0,0.0,262.7276584846705,316.55519723806028,5273.020971123073,0.0,0.0,45.10179344553822,53.75201121952564,1168.1538127287038,0.0,0.0,215.75113923816662,261.46442955413479,3609.854832710308,38.48871505612248,26.398295648918034,573.7282921304122,686.4778223780184,14638.256320545235,0.0,0.0,222.21685037810699,269.8026827234089,3482.1868764956627,1825.1208065531,21.54335825311227,38.457643415499088,22.0,30.0,0.0,20.576205266325407,40.85626181197736,16.0,30.0,1924.0097404741403,21.470550386489387,38.73124434038388,21.5,30.0,0.0,20.570684437675746,40.8824709203373,16.0,30.0,0.0,15.353413211921705,55.68728167301503,12.0,30.0,0.0,19.585614763154405,45.31882680101373,19.0,30.0,0.0,17.56834762814919,48.78683463986066,10.0,30.0,1256.0096159559049,20.518607053208286,41.350880704239688,20.7,30.0,0.0,15.878382806814628,54.219961677794078,12.0,30.0,0.0,19.549967205886597,0.0,0.0,0.0,15.329742534468468,0.0,0.0,601.1063465161564,606.9598850600303,605.680718604961,607.1592411547156,587.6531799256541,766.3582518345205,596.455215791663,656.6120711332475,598.7312845689661,10293.188910114595,81.19865107884232,86.65138660563369,60.0,0.0,60.0,60.0,16.0,16.0,19.0,12.0,19.7,12.0,21.0,10.0,1.0,0.0,1825.1208065531,0.0,1924.0097404741403,0.0,0.0,0.0,1256.0096159559049,0.0,8251.671939192624,4951003.163515573,6473610.573005285,81.19865107884232,86.74399215671827,0.36005573130642079,0.7640727185175066,0.36028137401965956,86.74399215671827,0.3542647819438875,6473610.573005285,0.33883774979627487 
 03/06  09:00:00,7.75,91.0,5.67,45.5,0.5,0.0,0.0,1.0,2.0,0.0,0.0,0.0,0.0,0.0,0.0,1224.0,0.0,65.7223696532661,16.060404425739845,41.15421255554488,1.9706988976973279,52.45281958444008,0.0,16.060404425739838,21.955790465596924,0.0,0.0,20.889463907070068,-1470.542209986013,19.75833838851532,522.2450330635979,20.96883435725521,-1132.2503728460275,19.817230466205616,395.4844750596502,15.274246007755807,41.09430606694741,18.76521194921837,-89.48342788249633,17.21809085813572,125.90641230106894,18.772789913138764,-279.67030764649396,16.295843791210005,-183.57708589732284,1112.0282153066146,1223.6322551630713,0.0,0.0,0.0,0.0,0.0,0.0,0.0,0.0,0.0,0.0,0.0,0.0,0.0,0.0,0.0,0.0,0.0,0.0,0.0,0.0,0.0,0.0,1.2283970869611936,0.3749685857634902,454.78377384040916,540.5458677405417,12669.167920935046,0.29524975519915178,0.04506253894980949,287.50311297644216,342.8092213153101,7431.907892044329,1.1493229822493739,0.21718121357697929,369.08059710088687,438.203374382859,10309.201512168982,0.2926960560527874,0.05530915647255997,259.20173368647,308.7721946345759,6718.4904058505,0.0,0.0,12.210166297480356,14.82505356873808,190.86599075225858,0.0,0.0,18.070000673729099,21.636089516785494,421.2434892914556,0.0,0.0,259.4318031674844,312.59599979763586,5182.744040384103,0.0,0.0,48.08649201175627,57.408600343658147,1211.212568762847,0.0,0.0,212.4651472261108,257.4521312950652,3558.246655464718,38.5868050811751,26.46557275800762,568.9846286740644,680.4741819594365,14586.209233957466,0.0,0.0,219.11114223878134,265.9752952791704,3451.5241636991097,1845.639754322523,21.653691235709038,38.118443563270499,22.0,30.0,0.0,20.585512820630343,40.77878082116028,16.0,30.0,1602.504797152179,21.702074154942375,38.020056322623847,21.5,30.0,0.0,20.57913071460067,40.74470892581643,16.0,30.0,0.0,15.362787152050896,56.00274849228088,12.0,30.0,444.92996976355598,19.271444385123436,47.39913309241649,19.0,30.0,0.0,17.559361237309113,49.16655239074176,10.0,30.0,642.4879973122852,20.237174262268299,42.45582015600618,19.95,30.0,0.0,15.92369318627047,54.622359324873119,12.0,30.0,0.0,19.649294932600666,0.0,0.0,0.0,15.408119858800541,0.0,0.0,590.0057144991325,597.6851518866974,588.6083185587702,593.8125959090262,596.0149432709796,827.762295433119,607.2580775375741,661.293692019924,616.3585899917415,10646.16228650967,80.96522667676794,84.72449557379898,60.0,0.0,60.0,60.0,16.0,16.0,19.0,12.0,19.7,12.0,21.0,10.0,1.0,0.0,1845.639754322523,0.0,1602.504797152179,0.0,444.92996976355598,0.0,642.4879973122852,0.0,5688.633353531934,3413180.01211916,4433615.813997928,80.96522667676794,84.78834043958683,0.3596211117843978,0.7697282823903701,0.36028137401965956,84.78834043958683,0.3542647819438875,4433615.813997928,0.2327380223278923 
 03/06  09:10:00,7.82,91.00000000000002,5.861666666666667,49.66666666666667,0.33333333333333328,0.0,0.0,0.0,0.0,0.0,0.0,0.0,0.0,0.0,0.0,2448.0,0.0,71.80730241008577,17.549435643745068,44.969801047337259,2.1531567578413806,57.30918434693084,0.0,17.549435643745058,23.991409031145545,0.0,0.0,20.293863276903985,-444.42451615258377,19.70715438409209,165.60846943563736,20.33769663803738,-806.2240656684849,19.81035253604697,96.58297837664323,15.279615147340746,38.18155769673769,18.57542093317347,-267.38082658255049,17.25186166342847,106.03323474055856,18.36406541309914,-190.19572807697228,16.27455550968452,-185.78171329336034,812.598772505364,1159.1073058613293,0.0,0.0,0.0,0.0,0.0,0.0,0.0,0.0,0.0,0.0,0.0,0.0,0.0,0.0,0.0,0.0,0.0,0.0,0.0,0.0,0.0,0.0,1.2038975758598514,0.36749010252132216,230.098151710192,274.6417492305362,6056.17504822451,0.25863343034814958,0.03947396678085311,159.05017424131322,190.1582411351327,4071.43002426049,1.1116077994176168,0.21005438386576284,248.01228667501216,295.91013173527036,6585.0732504570719,0.24629343891764983,0.04654071030189904,162.38232220767163,194.0747024986717,4189.246549817282,0.0,0.0,11.445993843797801,13.906224110643242,177.38571424049639,0.0,0.0,79.799173000631,95.69417884270385,1823.8316263543648,0.0,0.0,316.84201774507286,381.9095606726394,6319.975797075994,0.0,0.0,42.07405852695585,50.38188524833627,1001.1115189310264,0.0,0.0,211.0049701664576,255.82124794100498,3505.6656124702869,38.6464931142916,26.506511052326205,316.5829835936662,380.06422968285366,8201.930444023037,0.0,0.0,217.54663031726,264.22907301056429,3392.859063527198,0.0,20.676089881699978,40.484222403616417,21.625,30.0,0.0,20.440545543749694,41.1119009253815,16.0,30.0,0.0,20.786567370404958,40.15300911592326,21.625,30.0,0.0,20.527737355908206,40.845886451262007,16.0,30.0,0.0,15.368578200767008,56.37964273621173,12.0,30.0,0.0,19.089672756011855,46.045568364469918,16.0,30.0,0.0,17.61537442051908,49.57926593830026,10.0,30.0,0.0,19.546112457376567,44.02071759996376,12.0,30.0,0.0,15.929556637949912,55.020361011311099,12.0,30.0,0.0,18.74027661667846,0.0,0.0,0.0,15.401886510347494,0.0,0.0,583.9116646476803,591.2176771125066,575.3902936222355,586.0246593037598,608.6321259354857,696.6176011219131,636.8844550365043,640.8565531125004,631.734957723432,0.0,81.99090118507327,81.99090118507327,60.0,0.0,60.0,60.0,16.0,16.0,16.0,12.0,12.0,12.0,21.0,10.0,0.0,0.0,0.0,0.0,0.0,0.0,0.0,0.0,0.0,0.0,0.0,0.0,0.0,81.99090118507327,81.99090118507327,0.0,0.0,0.0,81.99090118507327,0.0,0.0,0.0021699999999999998 
 03/06  09:20:00,7.890000000000001,91.0,6.053333333333334,53.833333333333339,0.16666666666666664,0.0,0.0,0.0,0.0,0.0,0.0,0.0,0.0,0.0,0.0,918.0,0.0,77.87318202779528,19.041022504582164,48.791938182362219,2.3350433126481926,62.15034293428978,0.0,19.041022504582153,26.030521354200766,0.0,0.0,19.724089553279364,-107.14410456017257,19.425542208934876,-66.1991392037708,19.74281792201546,-294.09961006451,19.46575144078351,-105.93223039700823,15.278325677540792,31.885139617948,18.17299700913373,-149.3684861818981,17.134719723830214,42.957707941164688,17.684372546171028,-79.21664311204026,16.249162634372426,-197.48431031970228,772.3428707534854,1028.8862978367318,0.0,0.0,0.0,0.0,0.0,0.0,0.0,0.0,0.0,0.0,0.0,0.0,0.0,0.0,0.0,0.0,0.0,0.0,0.0,0.0,0.0,0.0,1.152081114385387,0.3516731118392512,154.56424231787293,184.8636725730619,3750.3352518782528,0.2171559000456663,0.0331434523879222,98.80821368086318,118.19710642313388,2412.938202517758,1.0969119693075749,0.20727739404905039,176.9088978462055,211.52050944470254,4286.854255919407,0.21325349638428849,0.04029733491766597,130.31424936650508,155.76092222975744,3163.4161342686868,0.0,0.0,10.357203862313377,12.569501429679342,158.92791620374798,0.0,0.0,68.82824389002545,82.65438767279801,1471.5416364965718,0.0,0.0,293.3828495370287,353.5259698396859,5688.836563839393,0.0,0.0,32.11554654440071,38.586280632528318,682.3071322837969,0.0,0.0,196.98162119929479,238.58487336522547,3239.937244909702,38.60378214692,26.477216836021947,212.3855986199553,255.32961997431063,5301.115041086246,0.0,0.0,202.51635747419423,245.8721289325372,3060.219639889223,0.0,19.803271339799499,42.738796444434488,21.999999999999994,29.99999999999999,0.0,19.89764059576029,42.462821068497458,15.999999999999993,29.99999999999999,0.0,19.81597691111563,42.56907546409443,21.999999999999994,29.99999999999999,0.0,19.88026242677627,42.49329309511219,15.999999999999993,29.99999999999999,0.0,15.362593212979478,56.76428045379387,11.999999999999995,29.99999999999999,0.0,18.411581876882165,47.175721574362459,15.999999999999993,29.99999999999999,0.0,17.401449717107189,50.142356299267039,9.999999999999997,29.99999999999999,0.0,18.315653990204358,47.38556773559493,11.999999999999995,29.99999999999999,0.0,15.916588644120532,55.203521208214159,11.999999999999995,29.99999999999999,0.0,18.113203966598165,0.0,0.0,0.0,15.225245927039556,0.0,0.0,583.9625475775162,579.8891628675239,563.7439695658047,577.7307912961996,620.6710012193283,637.5375435980052,627.1118765860946,632.1001966298305,635.8322629383324,0.0,81.99090118507324,81.99090118507324,59.99999999999998,0.0,59.99999999999998,59.99999999999998,16.0,16.0,16.0,12.0,12.0,12.0,21.0,10.0,0.0,0.0,0.0,0.0,0.0,0.0,0.0,0.0,0.0,0.0,0.0,0.0,0.0,81.99090118507324,81.99090118507324,0.0,0.0,0.0,81.99090118507324,0.0,0.0,0.0021466666666666667 
 03/06  09:30:00,7.96,91.0,6.245,58.0,0.0,0.0,0.0,0.0,0.0,0.0,0.0,0.0,0.0,0.0,0.0,612.0,0.0,83.91333254719763,20.53509453506282,52.62044337987711,2.5161583874113697,66.97096734204999,0.0,20.53509453506281,28.073031092571268,0.0,0.0,19.385437358698753,-153.9098064139248,19.13277754557945,-115.2124157598746,19.413550103240728,-347.4478594390746,19.150087959163746,-98.71676822520363,15.270577601902023,26.500228159955669,17.931503067448465,-104.35290688435953,17.03012242098856,38.32178525564814,17.29543140832596,-39.42124146674308,16.20265922665784,-218.9276615582612,650.5565614181828,908.269176327588,0.0,0.0,0.0,0.0,0.0,0.0,0.0,0.0,0.0,0.0,0.0,0.0,0.0,0.0,0.0,0.0,0.0,0.0,0.0,0.0,0.0,0.0,1.0865039810887936,0.33165567188302616,143.20948618719133,171.2125773660286,3300.9655563188,0.20666655556403738,0.031542514585475796,101.0179032844475,120.77552114368794,2334.1316691280869,1.0336217566434794,0.19531779226067268,151.09969963205158,180.5943961305258,3450.1282365088175,0.20912390636077808,0.039516989108234697,116.7293262652735,139.48961880208629,2686.8697440783255,0.0,0.0,9.633519499604028,11.680616653061336,146.13764408696404,0.0,0.0,61.17454165844646,73.4890005065742,1253.5701579605553,0.0,0.0,274.15659124899107,330.25924756387607,5178.768820503481,0.0,0.0,23.83733596808804,28.676500731800574,471.4648924194672,0.0,0.0,182.25336894183756,220.5816351719147,2952.3137114775056,38.725496662621889,26.560697299466324,188.13712660714439,225.97472317112477,4531.09061981042,0.0,0.0,186.639990944155,226.5350492515542,2723.8970700180504,0.0,19.325456847364003,44.00005909490508,22.0,30.0,0.0,19.377020659519745,43.821906870547319,16.0,30.0,0.0,19.328071248301329,43.88052813780564,22.0,30.0,0.0,19.34036125650336,43.91113688263508,16.0,30.0,0.0,15.346115653523715,56.966944333014968,12.0,30.0,0.0,18.035924813289549,48.179314445946477,16.0,30.0,0.0,17.2219437707041,50.65369469412318,10.0,30.0,0.0,17.66320342533882,49.341902862353759,12.0,30.0,0.0,15.862540935487642,55.33572112332567,12.0,30.0,0.0,17.716036207765705,0.0,0.0,0.0,15.042548686567919,0.0,0.0,573.2137763576204,570.6310037480089,552.9038979828064,568.9026893992693,623.6556542875892,627.5750208932275,621.4628382900432,629.4809590280756,630.3623419291957,0.0,81.99090118507327,81.99090118507327,60.0,0.0,60.0,60.0,16.0,16.0,16.0,12.0,12.0,12.0,21.0,10.0,0.0,0.0,0.0,0.0,0.0,0.0,0.0,0.0,0.0,0.0,0.0,0.0,0.0,81.99090118507327,81.99090118507327,0.0,0.0,0.0,81.99090118507327,0.0,0.0,0.0021233333333333336 
 03/06  09:40:00,8.03,91.0,6.436666666666667,59.333333333333339,0.33333333333333328,0.0,0.0,0.0,0.0,0.0,0.0,0.0,0.0,0.0,0.0,612.0,0.0,86.12387100064533,21.024616914611973,53.87482749257827,2.582441763440637,68.73519037896581,0.0,21.02461691461196,28.742245298433735,0.0,0.0,19.030554419556226,-103.11159339814012,18.91239882069955,-253.1398196995597,19.038101768545546,-194.7055981858568,18.91425365682796,-244.30575058123945,15.258342373746502,19.700573309910319,17.764304369106694,-97.16169525520914,16.899492770090079,-18.722631283840206,17.05005533640025,-24.552726013848948,16.136653868890997,-258.8922742668475,674.9324615831395,769.4558817595259,0.0,0.0,0.0,0.0,0.0,0.0,0.0,0.0,0.0,0.0,0.0,0.0,0.0,0.0,0.0,0.0,0.0,0.0,0.0,0.0,0.0,0.0,1.004291484572957,0.3065602822261775,228.4837601162976,273.71592071046748,5010.976726484136,0.1749809170131985,0.0267064891656286,190.351563354985,227.82628533658056,4221.055440671691,0.96370571897953,0.1821061449318841,278.0871640846194,333.20813596328937,6065.491876231323,0.18364108941822855,0.034701641991350829,213.74464164520783,255.94074771052335,4726.9132819319479,0.0,0.0,8.823039573641449,10.69826677411212,132.17865654561525,0.0,0.0,56.01644700905419,67.3392168108497,1113.8437546105034,0.0,0.0,251.29020188338996,302.9341694843298,4597.719747483774,0.0,0.0,17.246875750951874,20.766803392829514,325.77412369869,0.0,0.0,165.04990061733225,199.80465000874205,2619.96484525621,38.69013215287943,26.536441805815814,376.6821734392207,452.7664023996851,8262.257256235454,0.0,0.0,168.33115476046096,204.43972026121583,2362.03476772167,0.0,18.816539025461617,45.40901063069812,22.000000000000008,30.00000000000001,0.0,19.01132705229257,44.83552766053241,16.000000000000008,30.00000000000001,0.0,18.765905174410685,45.44750106084146,22.000000000000008,30.00000000000001,0.0,18.95630839781075,44.94966506459744,16.000000000000008,30.00000000000001,0.0,15.323717481685798,57.07277601155546,12.000000000000004,30.00000000000001,0.0,17.801322456417269,48.79012482860005,16.000000000000008,30.00000000000001,0.0,16.993864368184075,51.27243802253413,10.000000000000004,30.00000000000001,0.0,17.297792007367045,50.425805861066979,12.000000000000004,30.00000000000001,0.0,15.771718955674022,55.5173047851689,12.000000000000004,30.00000000000001,0.0,17.83392834881755,0.0,0.0,0.0,14.835510724767389,0.0,0.0,565.9450239231239,561.6592487241079,545.1068755382885,555.0688517148176,620.6718310318884,616.080329309914,607.317461652702,622.493632147322,617.4732107037326,0.0,81.9909011850733,81.9909011850733,60.00000000000002,0.0,60.00000000000002,60.00000000000002,16.0,16.0,16.0,12.0,12.0,12.0,21.0,10.0,0.0,0.0,0.0,0.0,0.0,0.0,0.0,0.0,0.0,0.0,0.0,0.0,0.0,81.9909011850733,81.9909011850733,0.0,0.0,0.0,81.9909011850733,0.0,0.0,0.0021 
 03/06  09:50:00,8.1,91.0,6.628333333333333,60.66666666666667,0.6666666666666665,0.0,0.0,0.0,0.0,0.0,0.0,0.0,0.0,0.0,0.0,612.0,0.0,88.42556088109521,21.51588640299146,55.133688550895538,2.6514582783655546,70.57216048232312,0.0,21.51588640299145,29.413847934523898,0.0,0.0,18.80095836792791,-240.86929027683073,18.63562442631291,-187.2083840795358,18.941194968042738,-174.1811086096195,18.698411802963933,-102.23132779719492,15.244672706054402,17.24250609723208,17.632411102807155,-97.7823533007612,16.7900660898508,-6.685302600019895,16.867508983274918,-19.099000643153887,16.071026928538907,-248.35838182529188,515.8937248667994,703.0048899576809,0.0,0.0,0.0,0.0,0.0,0.0,0.0,0.0,0.0,0.0,0.0,0.0,0.0,0.0,0.0,0.0,0.0,0.0,0.0,0.0,0.0,0.0,0.9589862778202705,0.2927308540354916,258.22780303038868,309.7395272327135,5489.442424630126,0.17722822778611234,0.02704948531534071,149.88481842741067,179.7647338016804,3178.091824989453,0.8838642548204874,0.16701894459948747,99.38056963738777,119.16438844800769,2152.6730754363568,0.16868678345480643,0.0318758094207873,30.80954218373273,36.866177376778697,659.1395640088349,0.0,0.0,8.604038792619804,10.431358737793368,127.27425591990559,0.0,0.0,55.30879232615986,66.51458776464857,1072.629593471801,0.0,0.0,243.07342621857578,293.180536284473,4330.719855678819,0.0,0.0,15.57495856785301,18.767405027546237,284.1348850826414,0.0,0.0,157.44821206168087,190.66515397858132,2450.769718128483,38.972225072508837,26.729921174560255,215.35976099535226,259.40941102997928,4759.008151146676,0.0,0.0,160.4649576835239,194.95389521093188,2200.4891654406026,0.0,18.517181597375786,46.227296620181537,22.0,30.0,0.0,18.55708994143007,46.074687103879508,16.0,30.0,0.0,18.712625178723877,45.618121621524938,22.0,30.0,0.0,18.649823648703298,45.806515111503788,16.0,30.0,0.0,15.30147050838266,57.13102597382527,12.0,30.0,0.0,17.627159630387344,49.24161181488438,16.0,30.0,0.0,16.823726886378254,51.72942395683748,10.0,30.0,0.0,17.04427859999069,51.162249616014367,12.0,30.0,0.0,15.688918330703851,55.70529234438082,12.0,30.0,0.0,17.304567708741496,0.0,0.0,0.0,14.747243815812105,0.0,0.0,542.8038345335353,537.4437342771166,535.2561862996736,540.9901091861884,614.9134314223502,605.2314565618574,592.7714696242185,613.679476535453,605.8853805960971,0.0,81.99090118507327,81.99090118507327,60.0,0.0,60.0,60.0,16.0,16.0,16.0,12.0,12.0,12.0,21.0,10.0,0.0,0.0,0.0,0.0,0.0,0.0,0.0,0.0,0.0,0.0,0.0,0.0,0.0,81.99090118507327,81.99090118507327,0.0,0.0,0.0,81.99090118507327,0.0,0.0,0.00208 
 03/06  10:00:00,8.17,91.0,6.82,62.0,1.0,0.0,0.0,0.0,0.0,0.0,0.0,0.0,0.0,0.0,0.0,918.0,0.0,90.81824479362887,22.008658466228004,56.39639994364404,2.7232032118114408,72.48175202641149,0.0,22.008658466227993,30.087504704361,0.0,0.0,18.647735940214468,-10.241295785130971,18.548585496364795,-132.48829402890147,18.787305740851708,-243.07154365840558,18.592975962141425,-119.00111062238672,15.2331499609835,16.33903538177139,17.525668052688216,-88.35236628141675,16.74224664896507,-19.219748601787324,16.730488419688663,-14.559852722967144,16.023231202767048,-245.5179920134532,369.2271821650916,682.7675915424287,0.0,0.0,0.0,0.0,0.0,0.0,0.0,0.0,0.0,0.0,0.0,0.0,0.0,0.0,0.0,0.0,0.0,0.0,0.0,0.0,0.0,0.0,0.928222428397206,0.28334017960842708,156.6713847687191,188.18871143961554,3267.9185660368327,0.1741143100704034,0.02657422314871849,48.79588823830865,58.60649845255407,1019.6020115753985,0.8454995099382523,0.1597693707366314,120.45152162982275,144.63238432660908,2546.4422513799506,0.15994971152420907,0.030224813213191448,52.56422698639585,63.03630623706532,1101.7236841186023,0.0,0.0,8.469544307075353,10.27829786525995,123.779110524214,0.0,0.0,54.70633050441149,65.8855662540727,1039.351203831313,0.0,0.0,240.09051281632413,289.8694135632137,4218.195775655295,0.0,0.0,14.815783852462678,17.883262512875687,263.2224584421141,0.0,0.0,155.21071657017402,188.12533499139009,2377.571826082788,39.37873408313466,27.00873393904987,118.12646473307734,142.66231157946403,2792.532147489684,0.0,0.0,158.21325619917622,192.3791289707326,2136.7684825290605,0.0,18.40281201093728,46.560258009311748,22.000000000000019,30.00000000000002,0.0,18.467910293868557,46.383089638348028,16.000000000000015,30.00000000000002,0.0,18.52872465264414,46.165883509065327,22.000000000000019,30.00000000000002,0.0,18.52222009655153,46.21298774444404,16.000000000000015,30.00000000000002,0.0,15.285373089067113,57.149858484376078,12.00000000000001,30.00000000000002,0.0,17.497041031569994,49.58047054848939,16.000000000000015,30.00000000000002,0.0,16.772309854277077,51.85709274757531,10.000000000000007,30.00000000000002,0.0,16.87027980996901,51.65922675627268,12.00000000000001,30.00000000000002,0.0,15.6381671619428,55.823664830294109,12.00000000000001,30.00000000000002,0.0,16.779835579157195,0.0,0.0,0.0,14.717494859975642,0.0,0.0,536.6096468493547,536.1956944768233,523.474423133142,537.7907408495993,607.6552610046856,594.21628031679,585.0852127392974,604.2052233338179,597.3922734001608,0.0,81.99090118507334,81.99090118507334,60.00000000000004,0.0,60.00000000000004,60.00000000000004,16.0,16.0,16.0,12.0,12.0,12.0,21.0,10.0,0.0,0.0,0.0,0.0,0.0,0.0,0.0,0.0,0.0,0.0,0.0,0.0,0.0,81.99090118507334,81.99090118507334,0.0,0.0,0.0,81.99090118507334,0.0,0.0,0.00206 
 03/06  10:10:00,8.241666666666668,90.83333333333334,6.841666666666667,63.333333333333339,1.3333333333333335,0.0,0.0,0.0,0.0,0.0,0.0,0.0,0.0,0.0,0.0,918.0,0.0,93.29946673833797,22.502706440323118,57.66238085016586,2.7976029209024104,74.46200489392898,0.0,22.502706440323107,30.76290574107464,0.0,0.0,18.458499530125445,-156.11153151200066,18.434908142052124,-183.5498115698349,18.62892095245055,-269.32855028400265,18.38708178515591,-182.53413736175663,15.220608282965138,14.80537145981836,17.43538134336969,-84.3541721761936,16.667487366118679,-26.467983632866586,16.61279386741908,-11.825578934951978,15.978857542679755,-237.6176876808634,416.57157897585179,638.6298873951175,0.0,0.0,0.0,0.0,0.0,0.0,0.0,0.0,0.0,0.0,0.0,0.0,0.0,0.0,0.0,0.0,0.0,0.0,0.0,0.0,0.0,0.0,0.867646810342745,0.26484945370657667,224.95952782043825,270.53245605452426,4528.405289562177,0.14424266663551134,0.02201505901030393,87.54107276821196,105.06611021067762,1782.5943761456622,0.8565626599805117,0.1618599130726591,248.1562845304133,298.465007288401,5112.553090393423,0.16122049379552906,0.03046494591752249,137.35440887088383,165.31484245083153,2767.147590460929,0.0,0.0,8.22614326419599,9.98317821330091,118.73450584651352,0.0,0.0,53.0839900214028,63.947881232529187,989.4964609487993,0.0,0.0,233.45958381993729,281.9675992732321,4017.2953846301945,0.0,0.0,12.848711040544174,15.512955187830752,222.621012724245,0.0,0.0,150.750949022716,182.75146438695098,2273.3204454970448,39.30280628344558,26.95665725887901,300.7256635090204,362.9169288523593,6210.374383867301,0.0,0.0,153.32140555902783,186.46325917334037,2033.4068104296658,0.0,18.137693704522705,47.40568904829618,22.0,30.0,0.0,18.31255898976213,46.87295403098794,16.0,30.0,0.0,18.334539885619756,46.812397956259719,22.0,30.0,0.0,18.191808648663874,47.23807753190912,16.0,30.0,0.0,15.268504203192827,57.159968621954,12.0,30.0,0.0,17.39003538178482,49.85462014356217,16.0,30.0,0.0,16.66331303772675,52.164321436115958,10.0,30.0,0.0,16.724928928637174,52.07378150177375,12.0,30.0,0.0,15.592249216332754,55.89603059247868,12.0,30.0,0.0,16.867461129305178,0.0,0.0,0.0,14.669523586625889,0.0,0.0,519.6687196746092,505.8451610397051,501.6131260294652,528.6503383768853,597.7945489285987,580.2066488150949,569.9824819560259,593.445172191688,580.9348187766232,0.0,81.99090118507327,81.99090118507327,60.0,0.0,60.0,60.0,16.0,16.0,16.0,12.0,12.0,12.0,21.0,10.0,0.0,0.0,0.0,0.0,0.0,0.0,0.0,0.0,0.0,0.0,0.0,0.0,0.0,81.99090118507327,81.99090118507327,0.0,0.0,0.0,81.99090118507327,0.0,0.0,0.00204 
 03/06  10:20:00,8.313333333333333,90.66666666666667,6.863333333333334,64.66666666666666,1.6666666666666668,0.0,0.0,0.0,0.0,0.0,0.0,0.0,0.0,0.0,0.0,612.0,0.0,95.86527427296595,22.99781705456815,58.93108476909834,2.8745388926890484,76.50976467312411,0.0,22.997817054568136,31.439759487437017,0.0,0.0,18.356839724915063,-185.2890627452157,18.306117202248048,-135.72656076124395,18.454309607665509,-213.90348747152485,18.33392032883346,-153.0822552491934,15.207856534863748,14.68186915413763,17.353068776010937,-79.93093469960275,16.625953536673874,-5.861327407062163,16.508967836499879,-9.135926887535192,15.940954982427467,-228.97513954470106,521.1694433525736,620.1059000219493,0.0,0.0,0.0,0.0,0.0,0.0,0.0,0.0,0.0,0.0,0.0,0.0,0.0,0.0,0.0,0.0,0.0,0.0,0.0,0.0,0.0,0.0,0.8594857190402018,0.26235827809529968,211.94637613421845,254.5344997920312,4207.219422429144,0.15812626973766098,0.024134046052756564,93.20750885088157,111.95905344880528,1858.8694487539916,0.8198585670671856,0.15492414343673203,201.36190517955539,241.7373565023156,4021.480735813,0.15561727074079724,0.02940613581647717,121.29055577099212,145.56905458958159,2425.22874805435,0.0,0.0,8.26735132242381,10.02497660897854,117.86063357887787,0.0,0.0,53.15780353847806,64.00889882596575,973.1046651639788,0.0,0.0,232.46310287382208,280.55979391039218,3948.126842422964,0.0,0.0,12.515426321655602,15.107645044415993,211.94742500154497,0.0,0.0,148.28375170802759,179.62757857461106,2203.994482113058,39.435515253742398,27.047678500509197,268.77639445893956,323.7494521038532,5535.923754978449,0.0,0.0,150.73115593552348,183.16749048920378,1971.4366833980858,0.0,18.059658030867668,47.66495923899198,22.0,30.0,0.0,18.13302404808485,47.4395127660741,16.0,30.0,0.0,18.111546612362156,47.501549536260949,22.0,30.0,0.0,18.170269955381757,47.326746831004609,16.0,30.0,0.0,15.252362860901194,57.17171416107952,12.0,30.0,0.0,17.29284961451492,50.12992534453166,16.0,30.0,0.0,16.62359151131961,52.2812362104762,10.0,30.0,0.0,16.597919917322878,52.44386442558327,12.0,30.0,0.0,15.556466466260718,56.00069048364361,12.0,30.0,0.0,17.146319656817817,0.0,0.0,0.0,14.651073042151701,0.0,0.0,511.0838676877562,495.5984002086626,498.0176905100759,512.7075997326285,587.5875917290091,570.715416627093,560.6480481581475,582.948067084743,573.8505482201503,0.0,81.99090118507327,81.99090118507327,60.0,0.0,60.0,60.0,16.0,16.0,16.0,12.0,12.0,12.0,21.0,10.0,0.0,0.0,0.0,0.0,0.0,0.0,0.0,0.0,0.0,0.0,0.0,0.0,0.0,81.99090118507327,81.99090118507327,0.0,0.0,0.0,81.99090118507327,0.0,0.0,0.0019966666666666667 
 03/06  10:30:00,8.385,90.5,6.885,66.0,2.0,0.0,0.0,0.0,0.0,0.0,0.0,0.0,0.0,0.0,0.0,306.0,0.0,98.51088427371019,23.493787500315958,60.201992007288847,2.953867706638844,78.62121399414362,0.0,23.493787500315944,32.1177886886516,0.0,0.0,18.313547269719217,-15.74407319250713,18.18120464075032,-232.85553855851868,18.29398329025231,-310.9018442919705,18.282216106634576,-24.077715651678319,15.194064196891594,13.501868470227038,17.281774956648989,-67.69386442191422,16.546974328696217,-30.140298294667447,16.41379438833566,-6.494897089401093,15.90308200430903,-226.0831413918113,496.8277038878623,612.3475714849292,0.0,0.0,0.0,0.0,0.0,0.0,0.0,0.0,0.0,0.0,0.0,0.0,0.0,0.0,0.0,0.0,0.0,0.0,0.0,0.0,0.0,0.0,0.8239095977714049,0.2514986562183776,278.4617328250502,333.5353684126788,5514.286175249358,0.14089219695422978,0.021503693063832386,142.86613822835495,171.21874102549098,2776.5022111974446,0.7272720094326791,0.13742857321101274,203.62404282784056,244.07548845517079,3947.7868141236629,0.14519186481120836,0.027436104461679577,83.67749388631543,100.21541458163057,1660.5939666821578,0.0,0.0,7.815713980245624,9.454686466265184,110.0375954361967,0.0,0.0,50.35184885030568,60.49639991561199,906.777239124167,0.0,0.0,225.85833841585487,272.0270673194865,3750.648024076933,0.0,0.0,11.042594848417306,13.30081778848208,182.8708694157568,0.0,0.0,148.26965201687839,179.1873845840064,2171.5094969881486,39.4293780840481,27.04346919344864,302.6928559644417,363.8072129998399,6072.20119815251,0.0,0.0,150.80277655822906,182.7938541471893,1953.04020988092,0.0,18.11411622840728,47.489038201379447,22.0,30.0,0.0,17.94636525955465,48.0440585555107,16.0,30.0,0.0,17.897209133619144,48.19549584317866,22.0,30.0,0.0,18.148054265142407,47.38684397338734,16.0,30.0,0.0,15.234766751157574,57.19453265428783,12.0,30.0,0.0,17.21299506622662,50.36013298144448,16.0,30.0,0.0,16.50382377276493,52.68028689852889,10.0,30.0,0.0,16.48076687257013,52.79893487633015,12.0,30.0,0.0,15.518359540630252,56.115924505066619,12.0,30.0,0.0,17.10999989081052,0.0,0.0,0.0,14.658334588988496,0.0,0.0,509.59576702832205,478.8248544330888,478.527381495717,515.3720629912823,576.6807558484967,559.7065062999336,556.3711456013879,573.1013600197798,566.0459264321117,0.0,81.99090118507327,81.99090118507327,60.0,0.0,60.0,60.0,16.0,16.0,16.0,12.0,12.0,12.0,21.0,10.0,0.0,0.0,0.0,0.0,0.0,0.0,0.0,0.0,0.0,0.0,0.0,0.0,0.0,81.99090118507327,81.99090118507327,0.0,0.0,0.0,81.99090118507327,0.0,0.0,0.0019533333333333336 
 03/06  10:40:00,8.456666666666667,90.33333333333334,6.906666666666666,74.0,2.6666666666666667,0.0,0.0,0.0,0.0,0.0,0.0,0.0,0.0,0.0,0.0,612.0,0.0,111.56223365049853,26.406812058578976,67.66651374425085,3.3452143526134234,89.03744706019245,0.0,26.40681205857896,36.10011411003741,0.0,0.0,18.135514512307908,-144.34903651257538,18.153849974203358,-107.11683382895945,18.278943162752129,-142.44637410228644,18.187882630175144,-149.99079618424549,15.184203925545642,13.17529275021215,17.230682688006178,-75.10222113696887,16.52828266278579,-14.125435730415575,16.34935873871169,-6.414126051454531,15.880477752919433,-215.0390673970146,470.84407881586596,568.2453228008376,0.0,0.0,0.0,0.0,0.0,0.0,0.0,0.0,0.0,0.0,0.0,0.0,0.0,0.0,0.0,0.0,0.0,0.0,0.0,0.0,0.0,0.0,0.8157929636660762,0.24902105118012098,236.7262371005591,284.42686025916376,4527.224573336145,0.1490390213763304,0.02274710338466581,107.75704114719494,129.38947685703779,2080.501703591906,0.7507058732804601,0.1418567409827023,195.48476340161688,234.86523853515298,3797.0041864917727,0.1368998709096318,0.025869212190028677,103.36010299792764,124.27895365107679,2001.413312950667,0.0,0.0,7.990216515060069,9.690416429493699,111.11904465604971,0.0,0.0,51.4786773705152,62.01773290854344,913.855240009367,0.0,0.0,224.1683654231921,270.6538522160473,3690.4673966493176,0.0,0.0,10.329441538677191,12.476813011535637,168.1992588557091,0.0,0.0,142.3290876736878,172.4300713804572,2059.7803636494847,39.505681771632627,27.09580368424735,277.60987047078836,334.6112573289771,5526.041238436482,0.0,0.0,144.480163072401,175.57783074966569,1837.124978740978,0.0,17.83368701044131,48.38494490506455,22.0,30.0,0.0,17.963847464678368,47.99941351766972,16.0,30.0,0.0,17.985026362917269,47.934929322950647,22.0,30.0,0.0,17.996132593464773,47.89564130445914,16.0,30.0,0.0,15.22481956052912,57.212091373504787,12.0,30.0,0.0,17.16000814850443,50.524049075584859,16.0,30.0,0.0,16.508163065600848,52.65143998907945,10.0,30.0,0.0,16.417096273656904,52.998279598886728,12.0,30.0,0.0,15.507690030092663,56.13894292272562,12.0,30.0,0.0,17.021188141894947,0.0,0.0,0.0,14.61667136565088,0.0,0.0,507.59170642207308,489.34529065957715,494.1060623314895,509.5855018544403,570.8693354170755,555.880547422485,547.0496845784737,568.1526560992817,557.8983446188504,0.0,81.99090118507327,81.99090118507327,60.0,0.0,60.0,60.0,16.0,16.0,16.0,12.0,12.0,12.0,21.0,10.0,0.0,0.0,0.0,0.0,0.0,0.0,0.0,0.0,0.0,0.0,0.0,0.0,0.0,81.99090118507327,81.99090118507327,0.0,0.0,0.0,81.99090118507327,0.0,0.0,0.00191 
 03/06  10:50:00,8.528333333333333,90.16666666666666,6.928333333333334,82.0,3.333333333333333,0.0,0.0,0.0,0.0,0.0,0.0,0.0,0.0,0.0,0.0,612.0,0.0,124.79530826061928,29.329331197459859,75.15536489303068,3.7420099461931128,99.59871315176869,0.0,29.329331197459845,40.09541934295713,0.0,0.0,18.061996573353384,-161.70181588977904,18.056945776620564,-161.72631284315436,18.094039975614938,-241.53603941121856,18.131142941338397,-180.79852516771462,15.172932657590316,12.809414753308858,17.17996593999205,-73.86427679135443,16.48763465945133,-8.068040538023525,16.283034826972494,-5.483628479083109,15.855376210148562,-210.41575342921807,481.69327507048549,542.9691299153501,0.0,0.0,0.0,0.0,0.0,0.0,0.0,0.0,0.0,0.0,0.0,0.0,0.0,0.0,0.0,0.0,0.0,0.0,0.0,0.0,0.0,0.0,0.7834432675150053,0.23914629655525194,253.97775950686913,305.2602979744861,4785.988439032137,0.14201057110436506,0.021674385089188808,99.7169867831256,119.90546097208213,1881.370607239464,0.7533531284936058,0.14235697817339497,288.9285292358606,347.23664773329349,5411.115258635352,0.1337943919912287,0.02528238699758667,171.85861932683305,206.3810035373147,3278.323371594147,0.0,0.0,7.978743767693645,9.675579248206855,109.58529720289266,0.0,0.0,50.54053698442195,60.88807243401128,884.2196310227345,0.0,0.0,221.0959929096594,266.9652383838416,3588.0848341902058,0.0,0.0,8.973979286098438,10.838770751873245,143.4749599739788,0.0,0.0,139.18622110486917,168.63804317815136,1988.4331082963755,39.57839541270262,27.145675866051186,361.7857812388115,435.8573775916844,6945.663037615233,0.0,0.0,141.04527037584519,171.4183708428418,1767.8056775600467,0.0,17.78526400543662,48.6239527872266,22.0,30.0,0.0,17.814681752807517,48.59283407597584,16.0,30.0,0.0,17.70218319658329,48.92281700184655,22.0,30.0,0.0,17.939706655286387,48.13398797916598,16.0,30.0,0.0,15.21228296667018,57.23768641943699,12.0,30.0,0.0,17.104610990076279,50.694109197610419,16.0,30.0,0.0,16.464112446615816,52.80774896433016,10.0,30.0,0.0,16.343770617519995,53.230384614205608,12.0,30.0,0.0,15.488207999872504,56.19741581002771,12.0,30.0,0.0,17.038764176254256,0.0,0.0,0.0,14.59956883679365,0.0,0.0,498.6156560295534,476.32488608106396,484.25905549540075,505.08645826093388,561.9740612697134,545.6542153631423,536.1310348331308,560.3686557828978,546.1396132276842,0.0,81.99090118507327,81.99090118507327,60.0,0.0,60.0,60.0,16.0,16.0,16.0,12.0,12.0,12.0,21.0,10.0,0.0,0.0,0.0,0.0,0.0,0.0,0.0,0.0,0.0,0.0,0.0,0.0,0.0,81.99090118507327,81.99090118507327,0.0,0.0,0.0,81.99090118507327,0.0,0.0,0.00192 
 03/06  11:00:00,8.6,90.0,6.95,90.0,4.0,0.0,0.0,0.0,0.0,0.0,0.0,0.0,0.0,0.0,0.0,612.0,0.0,139.02782154925033,32.09490220917587,82.24204536167527,4.168773192240298,110.95762027506997,0.0,32.09490220917586,43.87616458705882,0.0,0.0,17.92068142692019,-64.2850053083007,18.032543388856135,-202.75494355336287,18.087381870625589,-274.64505882963706,18.015740471866143,-110.4671182956813,15.16192114060101,11.757078466947334,17.13375970799607,-70.27037858405277,16.448660764535796,-31.789184656952786,16.22310422487257,-4.770699214918324,15.835812956311424,-206.48781942881647,406.65791283189358,522.3431785177288,0.0,0.0,0.0,0.0,0.0,0.0,0.0,0.0,0.0,0.0,0.0,0.0,0.0,0.0,0.0,0.0,0.0,0.0,0.0,0.0,0.0,0.0,0.7629152267252461,0.23288010583798725,220.86439581832185,265.2421261062511,4092.18649503642,0.13276187911669863,0.020262802062988196,114.98347812787235,138.04468383229659,2142.251259550496,0.6557223242229462,0.12390822453192485,181.35598856607946,217.8021750012314,3363.4839759105136,0.12856014968089803,0.024293301149073695,109.81558881641989,131.95946236386653,2050.4502370785287,0.0,0.0,7.697958848677414,9.336443822854422,104.41109117245687,0.0,0.0,50.34902989482515,60.67483737019191,868.3692337040919,0.0,0.0,215.21099367326867,259.90405571501688,3442.2318267502316,0.0,0.0,8.25010541120369,9.968994881151735,129.63883859248876,0.0,0.0,136.42008339611906,165.2784808853851,1925.9437686671695,39.604892740962487,27.16384961657236,270.7652608853689,326.09431526174896,5220.88929903423,0.0,0.0,138.31464644674839,168.0895861751433,1710.7120079771567,0.0,17.61753783376398,49.214415774450618,22.0,30.0,0.0,17.808691467385253,48.678242624853208,16.0,30.0,0.0,17.77306803083134,48.82055387776686,22.0,30.0,0.0,17.777857414234427,48.72898375444041,16.0,30.0,0.0,15.200240157811546,57.27531373630051,12.0,30.0,0.0,17.052550296259338,50.877439663194127,16.0,30.0,0.0,16.41982181381041,52.98458470394066,10.0,30.0,0.0,16.278204285952456,53.448829860106418,12.0,30.0,0.0,15.477546178617338,56.247160098760719,12.0,30.0,0.0,16.794486584996205,0.0,0.0,0.0,14.590374741215364,0.0,0.0,495.7935966817747,476.19998119412198,479.3974832465901,496.81092941188867,552.4814927338572,534.7921042830353,526.4109171720154,551.7934927709871,535.156194086296,0.0,81.99090118507327,81.99090118507327,60.0,0.0,60.0,60.0,16.0,16.0,16.0,12.0,12.0,12.0,21.0,10.0,0.0,0.0,0.0,0.0,0.0,0.0,0.0,0.0,0.0,0.0,0.0,0.0,0.0,81.99090118507327,81.99090118507327,0.0,0.0,0.0,81.99090118507327,0.0,0.0,0.00193 
 03/06  11:10:00,8.728333333333334,89.5,6.928333333333334,98.00000000000002,4.666666666666666,0.0,0.0,0.0,0.0,0.0,0.0,0.0,0.0,0.0,0.0,306.0,0.0,153.8364627617593,34.81287314516409,89.20675336522263,4.61281133830267,122.77632878644596,0.0,34.812873145164079,47.591836918852589,0.0,0.0,17.840510881927508,-149.16502075949485,18.01339414100761,-25.68470415625484,18.07508107918183,-30.978132163671945,17.93674118240631,-199.81879956721788,15.150411462329935,12.026626127972748,17.091451383199524,-71.77539227830744,16.426829993915619,-1.66413764520712,16.163165715598664,-3.7836948477954595,15.81684326834204,-195.55013318595094,366.3315241775563,499.80651421566838,0.0,0.0,0.0,0.0,0.0,0.0,0.0,0.0,0.0,0.0,0.0,0.0,0.0,0.0,0.0,0.0,0.0,0.0,0.0,0.0,0.0,0.0,0.725224463890356,0.22137498897752018,136.85982409278516,164.23235135960969,2460.9752722343516,0.13327348109720356,0.020340885393346089,21.442163554670605,25.704562701268285,398.45984134070945,0.7117330288847782,0.13449225791473516,199.4359096076675,239.06797809879297,3706.5692935327426,0.12271496769143589,0.02318876940503323,130.26302459565819,156.24415447117773,2366.6637361659675,0.0,0.0,7.848167939610412,9.494612085939594,104.21681997173836,0.0,0.0,51.16394217788621,61.51043956713478,864.1028256149937,0.0,0.0,216.2961756667753,260.56366504329108,3401.535747909469,0.0,0.0,8.482161244378057,10.225435182901386,129.91062858099986,0.0,0.0,133.69674675906834,161.58879378548324,1849.9639004458589,39.268676753684598,26.933248802252817,197.2860455178262,237.41556411064634,3836.276157858086,0.0,0.0,135.30059147882896,164.02157078174927,1639.3017804529173,0.0,17.52489941399243,49.6185708191232,22.0,30.0,0.0,17.820096384989318,48.70656797287808,16.0,30.0,0.0,17.84605309577582,48.45588585646765,22.0,30.0,0.0,17.659053159893064,49.19706241710949,16.0,30.0,0.0,15.18730595465323,57.32811715178007,12.0,30.0,0.0,17.000766817804494,51.07415839554579,16.0,30.0,0.0,16.414215417745507,52.99716843020526,10.0,30.0,0.0,16.207659017076375,53.69516193614569,12.0,30.0,0.0,15.466095827793387,56.29519261743633,12.0,30.0,0.0,16.690273987265383,0.0,0.0,0.0,14.594254696626987,0.0,0.0,484.488911747258,474.0331298789865,503.70883520497,486.0700019154243,542.2300374430778,526.9912943256226,524.5758023987844,542.5680831373434,529.551676566494,0.0,81.99090118507327,81.99090118507327,60.0,0.0,60.0,60.0,16.0,16.0,16.0,12.0,12.0,12.0,21.0,10.0,0.0,0.0,0.0,0.0,0.0,0.0,0.0,0.0,0.0,0.0,0.0,0.0,0.0,81.99090118507327,81.99090118507327,0.0,0.0,0.0,81.99090118507327,0.0,0.0,0.00194 
 03/06  11:20:00,8.856666666666666,89.0,6.906666666666667,106.0,5.333333333333333,0.0,0.0,0.0,0.0,0.0,0.0,0.0,0.0,0.0,0.0,612.0,0.0,169.1271885518357,37.50738525646744,96.11134948531998,5.071304541779849,134.97978370843476,0.0,37.507385256467419,51.275439258777108,0.0,0.0,17.848038583671185,-58.96001322344023,17.961608071756069,-154.15709139244803,17.957645482151344,-214.14648821692436,17.933865959884728,-89.16043373989237,15.14178421763798,11.705194540218557,17.066055028210099,-65.42738641918811,16.388071075560327,-17.4983416101727,16.11963630686282,-4.915572647461673,15.801538715496863,-192.45775940078853,370.61497657693647,495.0460709085055,0.0,0.0,0.0,0.0,0.0,0.0,0.0,0.0,0.0,0.0,0.0,0.0,0.0,0.0,0.0,0.0,0.0,0.0,0.0,0.0,0.0,0.0,0.6868580520765582,0.20966363005999945,183.50972592554383,220.89637433260629,3294.2134974346038,0.11653733849426187,0.017786529074215793,74.82164493844944,90.15567693696066,1345.253566294947,0.635677053959977,0.12012038056688912,183.20810479124644,220.4134123079345,3282.942658042306,0.12453037239436765,0.023531816401052079,107.83955590706697,129.66195414149616,1942.6887054723302,0.0,0.0,7.617663742651249,9.237985297422373,98.99962068262795,0.0,0.0,48.91050757686407,58.94592042235152,810.8122670762311,0.0,0.0,212.46552676580218,256.6093679182034,3263.7656140256306,0.0,0.0,7.3281865968534529,8.855828774603815,109.65601203559226,0.0,0.0,134.1085758820607,162.48914720950214,1817.7161462311966,38.997742792817849,26.74742304034147,231.5195153836616,279.4761276180483,4362.876954711036,0.0,0.0,136.04557319054897,165.31334951164178,1620.0228415037096,0.0,17.633517075495904,49.26532871337125,22.0,30.0,0.0,17.72774097633856,49.15629102101913,16.0,30.0,0.0,17.66068514563195,49.24977649742185,22.0,30.0,0.0,17.7133494976474,48.97525138254782,16.0,30.0,0.0,15.179850741825412,57.358966680126417,12.0,30.0,0.0,16.978878735495987,51.148288686211817,16.0,30.0,0.0,16.365394781789744,53.21781662388864,10.0,30.0,0.0,16.16592591233691,53.84004269260504,12.0,30.0,0.0,15.45873159379293,56.34923059392308,12.0,30.0,0.0,16.711624513557238,0.0,0.0,0.0,14.624023329862194,0.0,0.0,486.22724136589269,453.8721801192123,471.83202035167417,493.3895060458624,537.3541807937302,523.5506341599539,516.4557863021607,538.4912312802002,525.2680828874596,0.0,81.99090118507327,81.99090118507327,60.0,0.0,60.0,60.0,16.0,16.0,16.0,12.0,12.0,12.0,21.0,10.0,0.0,0.0,0.0,0.0,0.0,0.0,0.0,0.0,0.0,0.0,0.0,0.0,0.0,81.99090118507327,81.99090118507327,0.0,0.0,0.0,81.99090118507327,0.0,0.0,0.0019266666666666666 
 03/06  11:30:00,8.985,88.5,6.885,114.0,6.0,0.0,0.0,0.0,0.0,0.0,0.0,0.0,0.0,0.0,0.0,306.0,0.0,184.92585926282355,40.17724957372309,102.95278703844272,5.545028209050165,147.58862386807983,0.0,40.177249573723077,54.925346195572,0.0,0.0,17.84253299387592,-21.121348963535639,17.87258246518973,-261.24391633556709,17.878864315883477,-232.3588127344483,17.95061475161411,-30.93964140804428,15.131613768723652,11.546022142494479,17.037801082712478,-63.34044088087103,16.359629740983196,-12.238190402120381,16.065369405599463,-6.804588535092506,15.787214994967263,-189.72579053237178,349.46889622399069,481.22509895235455,0.0,0.0,0.0,0.0,0.0,0.0,0.0,0.0,0.0,0.0,0.0,0.0,0.0,0.0,0.0,0.0,0.0,0.0,0.0,0.0,0.0,0.0,0.6465243293005006,0.1973517488707267,202.4890709083056,242.83163010313613,3593.5581774308805,0.10916367896309516,0.01666112316286556,119.79513793569113,143.71092676150583,2094.011229799342,0.6096810378988045,0.11520805704814903,107.24880920017245,128.66165699942833,1882.9791545662404,0.11896682630872516,0.022480503837627575,39.941870515462877,47.88620630444892,715.6583917583602,0.0,0.0,7.543451989872081,9.125939076898515,95.92095408149487,0.0,0.0,48.218281440569629,57.9762771284523,783.7778199644708,0.0,0.0,210.55779717886336,253.69652978017315,3169.285526616759,0.0,0.0,7.329650471820787,8.838781198519762,106.83203798989011,0.0,0.0,132.67167834925426,160.3461126487789,1762.1399244196774,38.70755351382925,26.54839061305162,181.7059561139222,218.68118652213426,3442.1887467022195,0.0,0.0,135.264482148839,163.93484738077607,1582.6570486285132,0.0,17.690381603986258,49.1533827786651,22.0,30.0,0.0,17.575449731028468,49.79464055568588,16.0,30.0,0.0,17.572333478793145,49.788283296628737,22.0,30.0,0.0,17.77866381979994,48.76541029021252,16.0,30.0,0.0,15.169047361575224,57.415936144770068,12.0,30.0,0.0,16.94498675339626,51.282102930979338,16.0,30.0,0.0,16.338871647652487,53.343448188451109,10.0,30.0,0.0,16.099484989420629,54.0806461322748,12.0,30.0,0.0,15.4516972961448,56.40471941198781,12.0,30.0,0.0,16.651910880985285,0.0,0.0,0.0,14.65000699028084,0.0,0.0,473.2358993895946,445.07729235175307,448.07147152663398,493.8450996862615,529.4130948211642,517.4246474886064,512.7343494026163,531.7550281418259,519.2547444508014,0.0,81.99090118507327,81.99090118507327,60.0,0.0,60.0,60.0,16.0,16.0,16.0,12.0,12.0,12.0,21.0,10.0,0.0,0.0,0.0,0.0,0.0,0.0,0.0,0.0,0.0,0.0,0.0,0.0,0.0,81.99090118507327,81.99090118507327,0.0,0.0,0.0,81.99090118507327,0.0,0.0,0.0019133333333333334 
 03/06  11:40:00,9.113333333333334,88.0,6.863333333333333,113.66666666666666,5.333333333333333,0.0,0.0,0.0,0.0,0.0,0.0,0.0,0.0,0.0,0.0,612.0,0.0,183.66110634756775,40.06952364176865,102.67674073383687,5.507104576146318,146.5792311617171,0.0,40.069523641768629,54.77807667937524,0.0,0.0,17.71773246557637,-111.16397784830133,17.87039093277034,-111.53398948067979,17.873108006419064,-130.2110788857226,17.883144745078377,-146.01630486897649,15.122695067749938,11.621967742164643,17.01313200157457,-63.31093302420527,16.340940552007333,-11.191064185135474,16.021821594529713,-12.328588874004908,15.778000660002999,-173.90166863663104,361.4636995994415,462.9931033592338,0.0,0.0,0.0,0.0,0.0,0.0,0.0,0.0,0.0,0.0,0.0,0.0,0.0,0.0,0.0,0.0,0.0,0.0,0.0,0.0,0.0,0.0,0.6405211223929068,0.19551926812970295,200.25798636650979,240.75524083689613,3428.244226454848,0.11589248618810419,0.0176881083925678,96.68860163227402,116.18091004729632,1672.7674133350243,0.5753777754542868,0.1087259590805531,156.18165414286606,187.79379022005646,2714.48416253496,0.10293594907164622,0.019451237541883254,86.90902912265804,104.61427162932643,1508.3111607257397,0.0,0.0,7.544187706269053,9.149767079897084,93.80232851583503,0.0,0.0,48.22612742231554,58.13366441145649,768.9949898030473,0.0,0.0,208.37909195103306,251.69595213201934,3077.195280696975,0.0,0.0,7.44254967474241,8.999241574653683,105.81363304215462,0.0,0.0,130.25703561298543,157.80718292309457,1696.406275828664,38.419498523665769,26.350822032692578,222.81461109252536,268.71314647652346,4043.530896206885,0.0,0.0,134.45444570043447,163.33091587232964,1544.6031714064198,0.0,17.491889693905656,49.85349315982392,22.0,30.0,0.0,17.62564626558826,49.578772493576689,16.0,30.0,0.0,17.63580100601592,49.46677850442646,22.0,30.0,0.0,17.662087300167728,49.305491220671409,16.0,30.0,0.0,15.161992143941287,57.45885057983837,12.0,30.0,0.0,16.92402018231635,51.381979290542648,16.0,30.0,0.0,16.33019811169219,53.41838905588831,10.0,30.0,0.0,16.053647469234194,54.250719861874049,12.0,30.0,0.0,15.456421092582282,56.41132706662571,12.0,30.0,0.0,16.717426392766727,0.0,0.0,0.0,14.677538988424879,0.0,0.0,475.4854484094352,455.31657959456529,467.7867339552421,480.51363998502645,524.9198803482416,512.8772301927002,505.3871069185441,527.8260273851142,514.8180586046703,0.0,81.99090118507327,81.99090118507327,60.0,0.0,60.0,60.0,16.0,16.0,16.0,12.0,12.0,12.0,21.0,10.0,0.0,0.0,0.0,0.0,0.0,0.0,0.0,0.0,0.0,0.0,0.0,0.0,0.0,81.99090118507327,81.99090118507327,0.0,0.0,0.0,81.99090118507327,0.0,0.0,0.0018999999999999998 
 03/06  11:50:00,9.241666666666666,87.5,6.841666666666667,113.33333333333334,4.666666666666666,0.0,0.0,0.0,0.0,0.0,0.0,0.0,0.0,0.0,0.0,306.0,0.0,182.26511275867797,39.95510140057681,102.38353542995174,5.465245748512328,145.46509659623417,0.0,39.95510140057679,54.621652800771929,0.0,0.0,17.72695575251565,-39.88213696441744,17.84973328981615,-108.91339549261352,17.89386587640449,-22.068397404052577,17.81004368594138,-181.8616619476611,15.111150636053252,11.43788241213639,16.982498983795297,-64.35077140042358,16.322679692559036,0.9067481769498045,15.965562107367888,-14.445387063737258,15.773585633533522,-165.68958975641545,256.83887332874886,438.09402133043707,0.0,0.0,0.0,0.0,0.0,0.0,0.0,0.0,0.0,0.0,0.0,0.0,0.0,0.0,0.0,0.0,0.0,0.0,0.0,0.0,0.0,0.0,0.6003369057385176,0.18325302372970626,117.54491808028127,141.00172262923207,2001.8641906782014,0.11110429534235808,0.016957310033937437,58.45812033569406,70.11487813418138,996.7676305456362,0.5651666535993358,0.10679641980335149,98.13411576286529,117.65841979335818,1703.7191366628359,0.09876498999227267,0.018663074450542828,97.07898251863868,116.46100088045842,1642.6776116683009,0.0,0.0,7.522128427360111,9.10008776773158,91.39565252650158,0.0,0.0,48.86849941706653,58.764376536460897,763.4846350802815,0.0,0.0,205.75426092426296,247.90413792907175,2982.5889615276284,0.0,0.0,7.583296883187235,9.147740275767215,104.76326948068555,0.0,0.0,126.21232149029295,152.51946936145243,1613.9576195743987,38.087676081981857,26.123234624130224,108.31043417531517,130.4446798173178,2138.4070142921079,0.0,0.0,131.21655387653929,158.99237181834665,1477.3155483940546,0.0,17.576829916940356,49.79598365389071,22.0,30.0,0.0,17.6145992197048,49.66379009595075,16.0,30.0,0.0,17.73791081688126,49.03155388768312,22.0,30.0,0.0,17.55645269590229,49.810707397938049,16.0,30.0,0.0,15.149679947558504,57.54499388916745,12.0,30.0,0.0,16.890576280440834,51.54871574896512,16.0,30.0,0.0,16.32316155936543,53.45091983816598,10.0,30.0,0.0,15.98156419702955,54.52716433848007,12.0,30.0,0.0,15.46761566655539,56.41599615904982,12.0,30.0,0.0,16.407413602307618,0.0,0.0,0.0,14.692568364874774,0.0,0.0,455.1161012390929,464.42921291005498,483.33542364611909,470.55674010672979,517.6485154135542,506.7609008581565,502.4219351413601,521.3106298381508,507.8062922006141,0.0,81.99090118507327,81.99090118507327,60.0,0.0,60.0,60.0,16.0,16.0,16.0,12.0,12.0,12.0,21.0,10.0,0.0,0.0,0.0,0.0,0.0,0.0,0.0,0.0,0.0,0.0,0.0,0.0,0.0,81.99090118507327,81.99090118507327,0.0,0.0,0.0,81.99090118507327,0.0,0.0,0.0019133333333333334 
 03/06  12:00:00,9.37,87.0,6.82,113.0,4.0,0.0,0.0,0.0,0.0,0.0,0.0,0.0,0.0,0.0,0.0,612.0,0.0,180.75024868866113,39.834477893153628,102.07443966276678,5.419822642217809,144.2560927107648,0.0,39.834477893153607,54.45675132108289,0.0,0.0,17.68943888637134,-57.16396125138135,17.8381559872889,-119.50983374317457,17.768927594645079,-213.2385694138984,17.802212936164027,-101.95335078996755,15.102212302069914,11.931580948214105,16.96014913502747,-59.345758790033759,16.310993590523844,2.955574550559504,15.919927291736983,-22.87285439379096,15.768071635940391,-156.2114084350319,326.86839915501607,436.9959171691812,0.0,0.0,0.0,0.0,0.0,0.0,0.0,0.0,0.0,0.0,0.0,0.0,0.0,0.0,0.0,0.0,0.0,0.0,0.0,0.0,0.0,0.0,0.5676872903387013,0.17328671866260723,131.9912272869197,158.73463439901225,2205.057487580134,0.10321476896715351,0.01575316986678167,57.27979217765881,68.80924937326788,961.2176722856046,0.5448812716020863,0.10296320325058325,187.71395976886573,225.78945311743287,3119.8346024996319,0.10752853412363675,0.020319072963650175,110.4340211916884,132.80907752318348,1847.40192774787,0.0,0.0,7.542890323694134,9.147596255044768,89.52077455078367,0.0,0.0,47.24521204851591,56.95482849725626,723.9057197713121,0.0,0.0,206.7229586685204,249.6744979035023,2941.116262350863,0.0,0.0,10.760597280091569,13.012408290307562,144.63901554200533,0.0,0.0,125.1884860595561,151.64678859946774,1569.1975473332885,37.87620433935138,25.978192276647048,182.0781174464442,219.66544004216505,3253.711457766801,0.0,0.0,133.44031853097506,162.05513844516805,1478.167687027776,0.0,17.555536390925057,49.776535481487659,22.0,30.0,0.0,17.61744479079956,49.73981814162456,16.0,30.0,0.0,17.526388696386279,49.92304816359915,22.0,30.0,0.0,17.592849717061399,49.659375709037849,16.0,30.0,0.0,15.142552919063287,57.596754334129688,12.0,30.0,0.0,16.873710527668665,51.631371113348269,16.0,30.0,0.0,16.32265987250178,53.53921681300426,10.0,30.0,0.0,15.929370342130304,54.73974011528274,12.0,30.0,0.0,15.474977800367438,56.43314459391103,12.0,30.0,0.0,16.634860936394519,0.0,0.0,0.0,14.73554690573567,0.0,0.0,471.9267075431608,460.61972357840548,467.5200392345387,473.14537843629526,513.3763445680651,501.8922945581466,495.50328374549897,516.1117011401335,504.1677180961749,0.0,81.99090118507327,81.99090118507327,60.0,0.0,60.0,60.0,16.0,16.0,16.0,12.0,12.0,12.0,21.0,10.0,0.0,0.0,0.0,0.0,0.0,0.0,0.0,0.0,0.0,0.0,0.0,0.0,0.0,81.99090118507327,81.99090118507327,0.0,0.0,0.0,81.99090118507327,0.0,0.0,0.0019266666666666666 
 03/06  12:10:00,9.463333333333333,86.66666666666667,6.851666666666667,112.66666666666666,3.333333333333333,0.0,0.0,0.0,0.0,0.0,0.0,0.0,0.0,0.0,0.0,306.0,0.0,179.12943497584298,39.70806563050643,101.75051048484073,5.371222684184233,142.96253150905606,0.0,39.70806563050641,54.283936174129589,0.0,0.0,17.653798194484169,-25.048371302955276,17.78569435283686,-165.97127566128075,17.773326611193356,-103.07846422082798,17.81182358525993,-25.392464573587604,15.091278723368323,11.973467902856158,16.9345130821048,-55.95738515870403,16.289900315033294,0.7298430661949169,15.86222281036174,-23.717559529422659,15.766021910350503,-151.2294848903898,220.64735027150528,426.561132638873,0.0,0.0,0.0,0.0,0.0,0.0,0.0,0.0,0.0,0.0,0.0,0.0,0.0,0.0,0.0,0.0,0.0,0.0,0.0,0.0,0.0,0.0,0.5406955521644475,0.16504748234567996,142.1002250932637,170.46036896277639,2342.540558372437,0.09518569156887145,0.01452773070342971,85.67783209903466,102.77098423006751,1408.5483806858816,0.5173351511941909,0.09775796507826741,48.29528538928487,57.9209860661303,806.8121818377746,0.10337145304815437,0.01953353232202463,7.129862665195395,8.5496871540617,120.29995607661144,0.0,0.0,7.449455598411102,9.011648987765787,86.84293943672788,0.0,0.0,46.48780817054951,55.902707442009809,701.4460195099318,0.0,0.0,205.1396449067966,247.14695499330535,2872.2895322770066,0.0,0.0,11.854415622332328,14.304526281692338,155.34613765501789,0.0,0.0,123.56233450482573,149.28724651090963,1528.848768757766,37.78660762355798,25.91674048255006,89.13181337517938,107.36903620527022,1769.633574233997,0.0,0.0,133.00286954083263,161.09426230755506,1457.44050633596,0.0,17.541796764330564,49.866093571672738,22.0,30.0,0.0,17.541299466987487,50.181971101109059,16.0,30.0,0.0,17.59547374674759,49.89509173099715,22.0,30.0,0.0,17.64758091147792,49.55239980475786,16.0,30.0,0.0,15.13118707518893,57.68366290016594,12.0,30.0,0.0,16.849605902330656,51.74273386238914,16.0,30.0,0.0,16.302884246004209,53.66882538296065,10.0,30.0,0.0,15.853329761798453,55.07036150157706,12.0,30.0,0.0,15.487819746817144,56.45813975296229,12.0,30.0,0.0,16.301979493219596,0.0,0.0,0.0,14.769754160919693,0.0,0.0,470.0628127490904,451.2766070051541,459.318489696797,470.55931056773087,507.12750862656966,498.6615540620803,491.5213631940326,506.58168140969948,496.1687370154061,0.0,81.99090118507327,81.99090118507327,60.0,0.0,60.0,60.0,16.0,16.0,16.0,12.0,12.0,12.0,21.0,10.0,0.0,0.0,0.0,0.0,0.0,0.0,0.0,0.0,0.0,0.0,0.0,0.0,0.0,81.99090118507327,81.99090118507327,0.0,0.0,0.0,81.99090118507327,0.0,0.0,0.00194 
 03/06  12:20:00,9.556666666666667,86.33333333333334,6.883333333333335,112.33333333333334,2.6666666666666667,0.0,0.0,0.0,0.0,0.0,0.0,0.0,0.0,0.0,0.0,612.0,0.0,177.41644455667226,39.576200447739449,101.41260847117546,5.3198588510659789,141.59540504512607,0.0,39.576200447739427,54.10366647196073,0.0,0.0,17.627363690307577,-24.989632838281524,17.77875055355745,-121.16434057300909,17.7152592105239,-206.92488626713885,17.778116823873739,-101.0246627591514,15.08250882201692,12.161481762082858,16.913048576033029,-55.68621378726641,16.279198667755396,7.568417935302023,15.822075688759334,-25.0344749522707,15.763521121201265,-139.03479125334889,206.92103871800533,409.5195139458715,0.0,0.0,0.0,0.0,0.0,0.0,0.0,0.0,0.0,0.0,0.0,0.0,0.0,0.0,0.0,0.0,0.0,0.0,0.0,0.0,0.0,0.0,0.5378858098045627,0.1641898076326504,120.25999362732822,144.52081780098247,1959.0053257315304,0.09927363200777528,0.015151653236839941,38.2485362115262,45.88770504165343,621.3433161309127,0.485190798138076,0.09168382428913004,100.26725762288686,120.51170168682687,1627.2482076974439,0.09291220773890974,0.01755710652662693,63.82234107567254,76.73495683726738,1043.7020057690157,0.0,0.0,7.49843568641152,9.092784801186277,85.8327929485061,0.0,0.0,46.30808531327088,55.823405443851118,688.0854928161923,0.0,0.0,203.4616607470138,245.71138521795155,2809.2751601433776,0.0,0.0,13.12218245819001,15.873528903716517,168.2661599079933,0.0,0.0,120.05847092370327,145.39605325592459,1464.6043429712868,37.82049606638663,25.939983584627329,91.6623920370175,110.45349971898664,1800.518477078099,0.0,0.0,130.92569601983184,158.94652469065358,1413.6246955122393,0.0,17.535764886034479,50.02151730694692,22.0,30.0,0.0,17.563952818150228,50.21591311381421,16.0,30.0,0.0,17.527391052532275,50.283625333638259,22.0,30.0,0.0,17.595341856429756,49.888792193094818,16.0,30.0,0.0,15.1239555876429,57.743946269755848,12.0,30.0,0.0,16.83285602472754,51.85278107860529,16.0,30.0,0.0,16.30408380740107,53.70134927008054,10.0,30.0,0.0,15.811047916382052,55.25123246469376,12.0,30.0,0.0,15.499032256180526,56.43824811913478,12.0,30.0,0.0,16.23949527655818,0.0,0.0,0.0,14.787364990623877,0.0,0.0,463.7126280688455,450.7574143930835,457.3759088164869,463.0392367192404,503.4494551856204,493.84487354628689,488.58468201981438,502.67617921960086,495.4366125753744,0.0,81.99090118507327,81.99090118507327,60.0,0.0,60.0,60.0,16.0,16.0,16.0,12.0,12.0,12.0,21.0,10.0,0.0,0.0,0.0,0.0,0.0,0.0,0.0,0.0,0.0,0.0,0.0,0.0,0.0,81.99090118507327,81.99090118507327,0.0,0.0,0.0,81.99090118507327,0.0,0.0,0.0019266666666666666 
 03/06  12:30:00,9.649999999999999,86.0,6.915,112.0,2.0,0.0,0.0,0.0,0.0,0.0,0.0,0.0,0.0,0.0,0.0,612.0,0.0,175.6261450488916,39.439145249983187,101.06140731789701,5.266176942971356,140.16657902611906,0.0,39.43914524998316,53.916301625821819,0.0,0.0,17.54168672096381,-114.63055147978094,17.702754609810638,-155.71034670134305,17.59487363054802,-129.82964225094885,17.751146842898359,-151.9014495423346,15.072334100162955,11.686066595187939,16.890856902696564,-53.67681347831274,16.255101698283754,4.614823128414173,15.778318873329678,-25.718560809208698,15.765255409204582,-129.05663666326655,363.9105241712341,389.7906367986491,0.0,0.0,0.0,0.0,0.0,0.0,0.0,0.0,0.0,0.0,0.0,0.0,0.0,0.0,0.0,0.0,0.0,0.0,0.0,0.0,0.0,0.0,0.5168762424689307,0.1577766307902719,257.0249193545151,309.2664967245492,4074.7211504028434,0.07880363173447216,0.012027416320890137,119.48077304783989,143.87483198793624,1888.5381114790026,0.4813799957227318,0.09096371801260997,249.6859102786609,300.3027343489707,3922.0015536783478,0.08055748677536919,0.01522250316994882,144.48605324409597,173.61710477169704,2321.2234075351959,0.0,0.0,7.315297385570071,8.86944858028418,82.18028696855066,0.0,0.0,46.08805444275913,55.55169781269889,674.2787540754337,0.0,0.0,198.3421285262782,239.5220090185822,2689.4620848210495,0.0,0.0,14.246503450107536,17.23573429715651,178.50488899077903,0.0,0.0,115.08034060176243,139.35088478041949,1385.8246752943429,37.78194950096305,25.913545611085774,343.0182219945564,413.55901070242899,5507.3529366606239,0.0,0.0,127.33613233351879,154.57633100322364,1352.37747768611,0.0,17.40939722273725,50.67133500991346,22.0,30.0,0.0,17.443197003135347,50.82649023653652,16.0,30.0,0.0,17.350604314438568,50.97398257736816,22.0,30.0,0.0,17.5700159136167,50.05392396243205,16.0,30.0,0.0,15.11364701275993,57.8488450000126,12.0,30.0,0.0,16.814098703085337,52.02362177564707,16.0,30.0,0.0,16.275600292584615,53.95404108320065,10.0,30.0,0.0,15.760065018070922,55.514033548775319,12.0,30.0,0.0,15.516582737715487,56.49439097162656,12.0,30.0,0.0,16.757440613601056,0.0,0.0,0.0,14.794886766251406,0.0,0.0,457.4583585439972,448.34064049399987,453.81309062965479,461.2963337330442,498.00922218665877,486.8370738198582,481.0673163498059,495.7096260809974,487.64619626683466,0.0,81.99090118507327,81.99090118507327,60.0,0.0,60.0,60.0,16.0,16.0,16.0,12.0,12.0,12.0,21.0,10.0,0.0,0.0,0.0,0.0,0.0,0.0,0.0,0.0,0.0,0.0,0.0,0.0,0.0,81.99090118507327,81.99090118507327,0.0,0.0,0.0,81.99090118507327,0.0,0.0,0.0019133333333333334 
 03/06  12:40:00,9.743333333333333,85.66666666666667,6.946666666666667,110.83333333333334,3.0,0.0,0.0,0.0,0.0,0.0,0.0,0.0,0.0,0.0,0.0,306.0,0.0,176.57099877959034,39.08215518354864,100.14663562425544,5.294507192466807,140.92064877218494,0.0,39.08215518354862,53.42826913989173,0.0,0.0,17.504083261042003,-4.150089424416365,17.67354554819301,-177.4167155610403,17.662481049438179,-52.274661542008747,17.670976330527574,-118.40118962883253,15.061329791881227,11.531027963600792,16.868440441029063,-48.963489474673,16.225070918020948,-4.5360422377170839,15.733040016243589,-25.37456284464224,15.760161631220044,-136.8755408621464,276.7351786013851,389.8420480323921,0.0,0.0,0.0,0.0,0.0,0.0,0.0,0.0,0.0,0.0,0.0,0.0,0.0,0.0,0.0,0.0,0.0,0.0,0.0,0.0,0.0,0.0,0.48328080369627909,0.14752161284990204,229.8320596402414,275.7454532545507,3589.1512410908478,0.07545010157357982,0.011515583268250888,127.30206097090114,152.7136314827375,1987.074478069768,0.4161649993281898,0.07864040047773809,95.0381232044083,113.97164649897457,1511.1249333691397,0.07337320907535312,0.013864929908418953,73.15288053895,87.74449861225526,1148.2448932739447,0.0,0.0,7.152036818558764,8.650436411095092,78.82434657315473,0.0,0.0,44.24712436028852,53.203599781360768,637.2115701689006,0.0,0.0,196.41451486226289,236.62178624455394,2611.7645233642494,0.0,0.0,14.399977812170013,17.380401781433478,176.13752064012048,0.0,0.0,115.66835341723108,139.69622531407365,1371.8022171108469,37.69632676164681,25.85481945243266,176.90295917831384,212.89974685141378,2950.3728368801714,0.0,0.0,128.28317222913868,155.30304862103876,1346.0831293492452,0.0,17.407063517104239,50.642832474861759,22.0,30.0,0.0,17.415155766073437,51.1181228984553,16.0,30.0,0.0,17.53201812471889,50.38316396994226,22.0,30.0,0.0,17.45606195379151,50.90265899283794,16.0,30.0,0.0,15.101277729030317,57.98984351441441,12.0,30.0,0.0,16.792214536229844,52.193959217931368,16.0,30.0,0.0,16.237706668962724,54.14607423662429,10.0,30.0,0.0,15.704629375345231,55.81491592419984,12.0,30.0,0.0,15.51893418896168,56.57667725031945,12.0,30.0,0.0,16.492487803697246,0.0,0.0,0.0,14.825285385480417,0.0,0.0,458.8618513133559,442.15149790920835,454.6904830380926,445.4434932514725,491.7460544837738,481.51207823231007,478.45932120890856,488.7567626190974,483.23314314664159,0.0,81.99090118507327,81.99090118507327,60.0,0.0,60.0,60.0,16.0,16.0,16.0,12.0,12.0,12.0,21.0,10.0,0.0,0.0,0.0,0.0,0.0,0.0,0.0,0.0,0.0,0.0,0.0,0.0,0.0,81.99090118507327,81.99090118507327,0.0,0.0,0.0,81.99090118507327,0.0,0.0,0.0018999999999999998 
 03/06  12:50:00,9.836666666666666,85.33333333333334,6.9783333333333339,109.66666666666666,3.9999999999999997,0.0,0.0,0.0,0.0,0.0,0.0,0.0,0.0,0.0,0.0,306.0,0.0,177.64549641589037,38.71947907230396,99.21729369713906,5.326724736925488,141.77818578021593,0.0,38.71947907230394,52.9324633996201,0.0,0.0,17.490894369777175,-17.800430393512217,17.68783155981059,-68.089140345126,17.526653958163505,-236.7835106195107,17.702196102428809,-23.786011401955194,15.052016294386132,11.782647524260966,16.845519801685144,-55.02204324364993,16.228475682304969,16.341947087524205,15.69761447100382,-23.750294363791399,15.758681947405833,-123.07561189491844,262.29071487185777,361.22471573242049,0.0,0.0,0.0,0.0,0.0,0.0,0.0,0.0,0.0,0.0,0.0,0.0,0.0,0.0,0.0,0.0,0.0,0.0,0.0,0.0,0.0,0.0,0.4696106429272055,0.1433487921023216,133.60306619779278,160.26939697964,2066.361868137867,0.08982585246535334,0.013709684442208997,35.24754008442611,42.2722454493509,548.9704908584794,0.399363269912594,0.07546547050502535,141.3277494420807,169.60273116395212,2150.3792394740046,0.079027047203929,0.01493330446030404,57.41820265330973,68.84672929289408,901.6601432310953,0.0,0.0,7.373547618328525,8.91783859175723,79.71247809005055,0.0,0.0,46.5873745984917,56.017519074472428,659.6833345614649,0.0,0.0,195.9327666248486,235.99642050893017,2579.8007732493,0.0,0.0,14.620094447881714,17.646744510833544,174.93468797671006,0.0,0.0,110.3315803332808,133.23363375342209,1289.9161653761799,37.735883444416447,25.88195023622528,129.5283452300806,155.89930931486095,2248.3231158804449,0.0,0.0,123.05963490068376,148.97113545741818,1265.3708330509263,0.0,17.416880423074333,50.783869859628399,22.0,30.0,0.0,17.47893363768281,50.757370021105398,16.0,30.0,0.0,17.295863978607764,51.28701342533536,22.0,30.0,0.0,17.553136610054137,50.312535011864429,16.0,30.0,0.0,15.092027053725446,58.09279896776793,12.0,30.0,0.0,16.767122461556118,52.324468125009527,16.0,30.0,0.0,16.26829664397617,54.07663437172607,10.0,30.0,0.0,15.667333187567805,56.02150094954674,12.0,30.0,0.0,15.53055875023099,56.594489044670897,12.0,30.0,0.0,16.434644692118334,0.0,0.0,0.0,14.816208570286783,0.0,0.0,454.17403875465205,448.39114186517159,450.9615673667537,455.30403148468317,487.6832936416571,479.4341742101086,476.02116066413586,484.450841745317,480.20591409350427,0.0,81.99090118507327,81.99090118507327,60.0,0.0,60.0,60.0,16.0,16.0,16.0,12.0,12.0,12.0,21.0,10.0,0.0,0.0,0.0,0.0,0.0,0.0,0.0,0.0,0.0,0.0,0.0,0.0,0.0,81.99090118507327,81.99090118507327,0.0,0.0,0.0,81.99090118507327,0.0,0.0,0.0019066666666666666 
 03/06  13:00:00,9.93,85.0,7.01,108.5,5.0,0.0,0.0,0.0,0.0,0.0,0.0,0.0,0.0,0.0,0.0,306.0,0.0,178.83859783300898,38.351024753119038,98.27314534927257,5.362498540441049,142.73037901012342,0.0,38.35102475311901,52.42875841102074,0.0,0.0,17.42398065899976,-51.905609983477919,17.63811511819166,-178.1629312614582,17.59024323697131,-7.1733047881562019,17.55497442312926,-254.22945192781209,15.043504018103246,12.212730044617559,16.827343949248016,-48.657302671857909,16.219436125485445,14.19595178164218,15.662327836567784,-25.43100964043174,15.752932715352126,-125.00356513870656,310.077713776629,366.4530947300368,0.0,0.0,0.0,0.0,0.0,0.0,0.0,0.0,0.0,0.0,0.0,0.0,0.0,0.0,0.0,0.0,0.0,0.0,0.0,0.0,0.0,0.0,0.4492995347005012,0.13714882011614813,126.9510260704075,152.3239952145284,1915.1889915716204,0.07167397415873792,0.01093925124522862,91.01018269087135,109.16928101811279,1382.4862037696738,0.4596194478667474,0.08685174751828186,216.45270796814183,259.5756884749311,3331.146135132082,0.06375281422082849,0.012047017048531457,144.03073056071015,172.8427418784699,2151.7260326814055,0.0,0.0,7.376087582482546,8.920369860402266,78.20437615338757,0.0,0.0,44.45945461055194,53.45709975481092,619.7081870346426,0.0,0.0,196.27524157914247,236.3884930129497,2545.7046422698347,0.0,0.0,15.929526292243209,19.228121246273049,186.30738228893243,0.0,0.0,111.11447478471465,134.16713473593769,1277.914751206901,37.737484754860357,25.883048528710814,214.07686872198688,257.5066028993116,3412.152966006687,0.0,0.0,125.33660688070923,151.69644363576564,1273.416696728613,0.0,17.321650294735386,51.21189632735058,22.0,30.0,0.0,17.395162597238707,51.11056278895497,16.0,30.0,0.0,17.485457947380885,50.52617276707415,22.0,30.0,0.0,17.271102590783224,51.51265356049319,16.0,30.0,0.0,15.083992796227003,58.182267384649069,12.0,30.0,0.0,16.751920974381187,52.41293064438044,16.0,30.0,0.0,16.265648953170968,54.17919259509476,10.0,30.0,0.0,15.62845527095783,56.22466506157912,12.0,30.0,0.0,15.531263980790892,56.63711183374824,12.0,30.0,0.0,16.585162695717938,0.0,0.0,0.0,14.850724986012937,0.0,0.0,450.94041150986097,446.85621611942,455.4558310094279,447.01913264979086,484.22808348498327,477.1076546960526,472.643657801186,481.3013341139951,478.440988034864,0.0,81.99090118507327,81.99090118507327,60.0,0.0,60.0,60.0,16.0,16.0,16.0,12.0,12.0,12.0,21.0,10.0,0.0,0.0,0.0,0.0,0.0,0.0,0.0,0.0,0.0,0.0,0.0,0.0,0.0,81.99090118507327,81.99090118507327,0.0,0.0,0.0,81.99090118507327,0.0,0.0,0.0019133333333333334 
 03/06  13:10:00,9.963333333333335,84.83333333333334,7.011666666666667,107.33333333333334,6.0,0.0,0.0,0.0,0.0,0.0,0.0,0.0,0.0,0.0,0.0,306.0,0.0,180.14033523109897,37.976636167565938,97.31379066554672,5.401529720245684,143.76927323289093,0.0,37.976636167565917,51.91694083039114,0.0,0.0,17.418217500983034,-9.179342926146092,17.622857873558837,-115.77734224634969,17.42858890299886,-254.9446574579688,17.602693697865658,-8.895301924456362,15.035213920668854,12.204247621999543,16.809825321203378,-46.85208439280382,16.19692966203907,9.23133415391294,15.630249952781015,-23.873076088912,15.748126798276605,-118.55193411674554,316.288108898023,360.46616787920768,0.0,0.0,0.0,0.0,0.0,0.0,0.0,0.0,0.0,0.0,0.0,0.0,0.0,0.0,0.0,0.0,0.0,0.0,0.0,0.0,0.0,0.0,0.41231436531839896,0.12585908587252715,156.38762338211749,187.5998272250822,2357.4665506541284,0.07516393553118812,0.011471907132354721,68.80206692557433,82.51840007537271,1041.191973622886,0.37219653746993205,0.0703319231802593,201.69520795599554,242.079326098125,2970.4791572225055,0.09066226131935817,0.01713194658340101,128.2587554811439,153.8188286675525,1949.5588169213439,0.0,0.0,7.283046323647461,8.806899250545492,76.59325942930366,0.0,0.0,43.775263482696498,52.62980394697134,605.8516189131966,0.0,0.0,194.92084403106225,234.74768063978068,2503.8083879418029,0.0,0.0,16.066360644291753,19.3929179752797,185.72717503990243,0.0,0.0,110.93930862022151,133.93598599974946,1269.085291331473,37.59259649150746,25.783673862487978,225.82928241649516,271.5861980052505,3562.139426382403,0.0,0.0,125.45376865430853,151.80561082692445,1271.2814154555884,0.0,17.35783181128527,51.02148490275048,22.0,30.0,0.0,17.3990710840094,51.10988605836889,16.0,30.0,0.0,17.189024491587515,51.808434895205568,22.0,30.0,0.0,17.4359311247511,50.66431626293375,16.0,30.0,0.0,15.075941925203957,58.275650397935958,12.0,30.0,0.0,16.737288103257407,52.533363555291149,16.0,30.0,0.0,16.23796923998272,54.33795378170606,10.0,30.0,0.0,15.595456876422878,56.39184479165832,12.0,30.0,0.0,15.535328392011149,56.6654151676278,12.0,30.0,0.0,16.606190106796697,0.0,0.0,0.0,14.87209460279679,0.0,0.0,453.35990724233877,447.28819537416879,446.97616646998275,456.20339103802339,480.9342729857218,474.10665330791718,470.4136163852211,478.5580379224161,475.9799837208795,0.0,81.99090118507327,81.99090118507327,60.0,0.0,60.0,60.0,16.0,16.0,16.0,12.0,12.0,12.0,21.0,10.0,0.0,0.0,0.0,0.0,0.0,0.0,0.0,0.0,0.0,0.0,0.0,0.0,0.0,81.99090118507327,81.99090118507327,0.0,0.0,0.0,81.99090118507327,0.0,0.0,0.00192 
 03/06  13:20:00,9.996666666666667,84.66666666666667,7.013333333333334,106.16666666666666,7.0,0.0,0.0,0.0,0.0,0.0,0.0,0.0,0.0,0.0,0.0,306.0,0.0,181.5421419279936,37.59609444133273,96.33866876903228,5.443561405398752,144.88803143653949,0.0,37.59609444133271,51.39671143995299,0.0,0.0,17.33189959930251,-64.25771012183941,17.598224416707884,-134.76571645091372,17.494323970423815,-8.57068528048967,17.51413259543218,-190.83313042841565,15.02711504252446,12.174111711217194,16.79135263674203,-47.95731901686531,16.189723954435445,17.077036409017638,15.599880645475839,-23.502161460943286,15.745315833297191,-111.56767064639189,295.9629556719119,345.2057982773722,0.0,0.0,0.0,0.0,0.0,0.0,0.0,0.0,0.0,0.0,0.0,0.0,0.0,0.0,0.0,0.0,0.0,0.0,0.0,0.0,0.0,0.0,0.41493275685208538,0.12665835068744975,145.0037560006104,173.99788871107934,2136.6630878674347,0.06552439915040785,0.01000067142100242,85.04077991324444,101.98954073975875,1276.2340575682543,0.45151458221526477,0.0853202158381075,225.32433797977306,270.2393677345302,3391.3352889145687,0.06703977790356718,0.012668136414128336,133.9902314170257,160.75377292661663,1982.043772277188,0.0,0.0,7.301694400659858,8.82849083342045,76.16316055246212,0.0,0.0,44.294644770969679,53.25018725250714,608.4033065263218,0.0,0.0,193.604731942485,233.12961077502463,2474.969840455035,0.0,0.0,16.720569358610534,20.181973303531238,191.08335760799887,0.0,0.0,107.48502445214742,129.7442505025971,1223.6521989080594,37.449716589527309,25.68567667320118,222.97590417005729,268.1803899045507,3467.9864178041459,0.0,0.0,122.81636729780789,148.5922908424487,1236.771033739548,0.0,17.220474830367825,51.65934040303372,22.0,30.0,0.0,17.373163109903059,51.255803945720717,16.0,30.0,0.0,17.385889566419516,50.85357706785367,22.0,30.0,0.0,17.266805071878669,51.59455770087692,16.0,30.0,0.0,15.067885317462903,58.37314104215847,12.0,30.0,0.0,16.71963657655802,52.65566119834734,16.0,30.0,0.0,16.241950064178597,54.34042746147756,10.0,30.0,0.0,15.564329874760644,56.577787286970949,12.0,30.0,0.0,15.54255500878632,56.724123050370568,12.0,30.0,0.0,16.537696030069996,0.0,0.0,0.0,14.875158334742857,0.0,0.0,448.6112549826725,445.7022151350162,455.452945503442,445.9859375740902,477.8662401796735,471.64308802229609,469.1133667090032,475.4182936691777,472.8514810882655,0.0,81.99090118507327,81.99090118507327,60.0,0.0,60.0,60.0,16.0,16.0,16.0,12.0,12.0,12.0,21.0,10.0,0.0,0.0,0.0,0.0,0.0,0.0,0.0,0.0,0.0,0.0,0.0,0.0,0.0,81.99090118507327,81.99090118507327,0.0,0.0,0.0,81.99090118507327,0.0,0.0,0.0019333333333333336 
 03/06  13:30:00,10.030000000000002,84.5,7.015,105.0,8.0,0.0,0.0,0.0,0.0,0.0,0.0,0.0,0.0,0.0,0.0,306.0,0.0,183.03719507466105,37.20911711173122,95.34705584158833,5.488389012940373,146.08120834365219,0.0,37.2091171117312,50.86768409179668,0.0,0.0,17.34206335144865,-0.8513887817543946,17.553426861159854,-167.52515175935197,17.379527762138666,-208.0961921391272,17.550108231626376,-19.49122315445038,15.019046872445342,11.90117858496643,16.77476852411631,-45.12243005316304,16.163542973878149,8.702963219443518,15.57115795791745,-22.976026155005344,15.740620411797459,-110.00321518721239,302.2161119230932,340.519076378574,0.0,0.0,0.0,0.0,0.0,0.0,0.0,0.0,0.0,0.0,0.0,0.0,0.0,0.0,0.0,0.0,0.0,0.0,0.0,0.0,0.0,0.0,0.39329007827426645,0.12005191644513629,187.38737255615957,224.7779692295407,2772.2722023720295,0.06266038842810487,0.009563551347390854,105.54767151085467,126.59324376591394,1562.994511538093,0.3626836003490316,0.06853431601455626,153.5606061259265,184.26089424859729,2239.0551320766519,0.07709239161750203,0.014567723283730539,84.75339104295198,101.63348747658734,1269.0568072894019,0.0,0.0,7.129441912590618,8.6193114269421,73.75058315803004,0.0,0.0,43.129853065584558,51.84566593427366,588.1801021359129,0.0,0.0,190.4347218452761,229.30750872654398,2407.6457784469005,0.0,0.0,17.0246910436852,20.54829825763949,192.38074008505309,0.0,0.0,106.68345044131148,128.75805443989428,1207.6426790007109,37.320245769840727,25.5968763853503,215.3496569518879,258.96542836956987,3353.022072106948,0.0,0.0,122.10347992669628,147.70356073231177,1224.5456928992117,0.0,17.29100583464187,51.33060117250478,22.0,30.0,0.0,17.309255960740367,51.55401425444134,16.0,30.0,0.0,17.18158122589303,51.96584250792744,22.0,30.0,0.0,17.390276549773046,50.838580525462997,16.0,30.0,0.0,15.05951641191627,58.459862592785409,12.0,30.0,0.0,16.705368345103069,52.7340755827985,16.0,30.0,0.0,16.206279008177316,54.57146050775968,10.0,30.0,0.0,15.535206790908589,56.754929707624238,12.0,30.0,0.0,15.545054978792044,56.77716130681255,12.0,30.0,0.0,16.549405939421239,0.0,0.0,0.0,14.889166652006735,0.0,0.0,451.0818415973712,443.68880585722607,443.97552729108119,455.663413314989,475.3117656259108,469.97501496311517,465.8692061195777,472.7037285609362,470.6309661865531,0.0,81.99090118507327,81.99090118507327,60.0,0.0,60.0,60.0,16.0,16.0,16.0,12.0,12.0,12.0,21.0,10.0,0.0,0.0,0.0,0.0,0.0,0.0,0.0,0.0,0.0,0.0,0.0,0.0,0.0,81.99090118507327,81.99090118507327,0.0,0.0,0.0,81.99090118507327,0.0,0.0,0.0019466666666666667 
 03/06  13:40:00,10.063333333333335,84.33333333333334,7.016666666666667,98.66666666666666,6.833333333333334,0.0,0.0,0.0,0.0,0.0,0.0,0.0,0.0,0.0,0.0,306.0,0.0,168.69535635770465,35.04462617629188,89.80061930033375,5.058349171400358,134.63506581369587,0.0,35.044626176291867,47.908660882703319,0.0,0.0,17.26418766537592,-58.90061392119742,17.539091881196336,-107.98084695496346,17.43133591440759,-10.497756588865741,17.465229190273886,-179.1852347723502,15.010183171716637,11.971082456329356,16.750629809277727,-47.03202917232443,16.160189005428309,19.91388708447539,15.54321497723755,-22.35339094802839,15.736172179426744,-103.8942854008692,271.98730811014868,324.55581423235119,0.0,0.0,0.0,0.0,0.0,0.0,0.0,0.0,0.0,0.0,0.0,0.0,0.0,0.0,0.0,0.0,0.0,0.0,0.0,0.0,0.0,0.0,0.40233320031762889,0.12281233220928843,115.69015461632371,138.81112381869046,1677.1701821094978,0.06800783917307794,0.010379706833497855,67.87127159221994,81.39103598465128,1002.3838153847185,0.4050323953784316,0.07653673382056534,183.9492294443551,220.59402580293375,2726.9885126287729,0.06069359075514353,0.011468932493413362,121.65232622103689,145.92936951657135,1774.7067106926182,0.0,0.0,7.226009201662816,8.73513551342817,74.11870074616464,0.0,0.0,44.14486399902191,53.06223139970541,597.0751006239616,0.0,0.0,189.36178560860348,227.97733449996376,2385.2802131847108,0.0,0.0,17.679422183032849,21.33774847714904,197.56979006244613,0.0,0.0,103.17866665800112,124.50970504205094,1161.7727619641894,37.18476048570991,25.50395095041833,181.6384678530533,218.47013605103866,2843.942625332619,0.0,0.0,118.87168349467842,143.77695221366006,1182.2757594050427,0.0,17.166387713235129,51.944358753090558,22.0,30.0,0.0,17.321392048844513,51.50091564858236,16.0,30.0,0.0,17.340660138319416,51.043050623311618,22.0,30.0,0.0,17.234076273397674,51.7729863483369,16.0,30.0,0.0,15.05068075687847,58.559408609719088,12.0,30.0,0.0,16.683985473436043,52.889440920051317,16.0,30.0,0.0,16.21783709465764,54.545843462565247,10.0,30.0,0.0,15.507563212662865,56.900018102146379,12.0,30.0,0.0,15.549782243180604,56.7945841454823,12.0,30.0,0.0,16.446846277505999,0.0,0.0,0.0,14.882501743472229,0.0,0.0,446.2640480559522,444.38272228001559,454.45978849230718,444.83920577671599,472.68055263440848,467.1565734652787,464.8294485445154,470.6950725718863,468.9722065314151,0.0,81.99090118507327,81.99090118507327,60.0,0.0,60.0,60.0,16.0,16.0,16.0,12.0,12.0,12.0,21.0,10.0,0.0,0.0,0.0,0.0,0.0,0.0,0.0,0.0,0.0,0.0,0.0,0.0,0.0,81.99090118507327,81.99090118507327,0.0,0.0,0.0,81.99090118507327,0.0,0.0,0.00196 
 03/06  13:50:00,10.096666666666668,84.16666666666666,7.018333333333333,92.33333333333334,5.666666666666667,0.0,0.0,0.0,0.0,0.0,0.0,0.0,0.0,0.0,0.0,306.0,0.0,154.31723946312156,32.86706949792949,84.22070263253909,4.627221563136124,123.15997023949352,0.0,32.86706949792948,44.931775812458059,0.0,0.0,17.276341769919634,2.774644072163028,17.48403196909681,-171.66859447730622,17.30936989129205,-210.6970469232101,17.495371881860345,-18.44230574653284,15.000833858755496,11.783349177168219,16.72600015065784,-42.82807132019798,16.13546295219833,10.4930772691514,15.515912920146399,-21.980051640370904,15.728035826485432,-104.71452031181252,293.3099920716468,325.9281286095729,0.0,0.0,0.0,0.0,0.0,0.0,0.0,0.0,0.0,0.0,0.0,0.0,0.0,0.0,0.0,0.0,0.0,0.0,0.0,0.0,0.0,0.0,0.375308594278086,0.11456306296644872,189.98133925500506,227.87202051003534,2763.4936843048965,0.05949270235782577,0.009080082777445936,104.71817483919992,125.59126076937908,1522.7563244030735,0.3394230681022332,0.06413890175779164,148.59811243312093,178.29332342732227,2128.215069372227,0.0707920202871282,0.013377176925005324,75.98088947395255,91.10367114821675,1120.5881931248139,0.0,0.0,7.0601000763540189,8.533717527951689,71.78637502917134,0.0,0.0,42.55499597314629,51.147875603483729,570.9938421613085,0.0,0.0,187.0699179766614,225.21308874184346,2330.501717799019,0.0,0.0,17.974873342966818,21.69334773796074,198.6496421752094,0.0,0.0,103.63402212959686,125.04285596235704,1159.1084960966703,37.064987982239149,25.421802456954155,209.91611438042274,252.40339505304707,3220.972905448199,0.0,0.0,119.40240512319699,144.39472943439746,1181.8707259395774,0.0,17.23710499100738,51.568782495657277,22.0,30.0,0.0,17.244978965773585,51.904739169720929,16.0,30.0,0.0,17.12198178797306,52.305251573945799,22.0,30.0,0.0,17.34671388104312,51.03417505546569,16.0,30.0,0.0,15.040837507547846,58.65397427029587,12.0,30.0,0.0,16.664865603938109,52.985692929028719,16.0,30.0,0.0,16.18327486131316,54.75679961073434,10.0,30.0,0.0,15.480592073850938,57.07798993143729,12.0,30.0,0.0,15.546948826243938,56.89257162290483,12.0,30.0,0.0,16.50425505357779,0.0,0.0,0.0,14.893381434993652,0.0,0.0,449.77475916238856,440.5950982974327,440.8167580679008,454.3330062293302,470.4099883697171,465.66523627794268,462.25620909173849,468.05457443935299,466.2567707888716,0.0,81.99090118507327,81.99090118507327,60.0,0.0,60.0,60.0,16.0,16.0,16.0,12.0,12.0,12.0,21.0,10.0,0.0,0.0,0.0,0.0,0.0,0.0,0.0,0.0,0.0,0.0,0.0,0.0,0.0,81.99090118507327,81.99090118507327,0.0,0.0,0.0,81.99090118507327,0.0,0.0,0.0019666666666666666 
 03/06  14:00:00,10.13,84.0,7.02,86.0,4.5,0.0,0.0,0.0,0.0,0.0,0.0,0.0,0.0,0.0,0.0,306.0,0.0,139.92962230651859,30.67737813359605,78.60969164690825,4.195809113894456,111.67729282253497,0.0,30.677378133596038,41.93830170650214,0.0,0.0,17.194188518694828,-60.028430993119858,17.468588418874356,-99.31873805438772,17.36216174186899,-5.769533861162927,17.4029625175938,-181.70282641465838,14.991442193427961,11.881885428824205,16.697528201248983,-44.14052427256138,16.13125858275356,20.671074739148027,15.48958848950816,-21.2485687477714,15.720894187367304,-99.01524861027701,266.62278207409238,313.49167415097966,0.0,0.0,0.0,0.0,0.0,0.0,0.0,0.0,0.0,0.0,0.0,0.0,0.0,0.0,0.0,0.0,0.0,0.0,0.0,0.0,0.0,0.0,0.38285886674684196,0.11686778594225945,114.0180066972745,136.79814225546685,1622.0419901449357,0.06494547321180037,0.009912312761263795,63.75753206302025,76.4531630364304,925.152347033374,0.3843108678119497,0.07262110124942363,187.32562088033758,224.6291303395876,2728.977708077438,0.05427513021740901,0.010256071469654006,126.153965993744,151.3184085451283,1808.520795535784,0.0,0.0,7.158507125160092,8.651785481402462,72.14683543576862,0.0,0.0,43.41240275529305,52.17573677507961,577.2853876820385,0.0,0.0,186.15495144913596,224.07611191105725,2309.4699000370349,0.0,0.0,18.505966792677986,22.333308979938474,202.28246040680586,0.0,0.0,100.49829498109038,121.24326016294815,1117.1199090662422,36.923288328446009,25.32461476573801,185.01112902045015,222.49047578288114,2839.3392554349527,0.0,0.0,116.49737447009992,140.869370142691,1141.4269053777753,0.0,17.101232161683634,52.27687452436888,22.0,30.0,0.0,17.261150127821997,51.79206561447407,16.0,30.0,0.0,17.28271806466419,51.28765400281334,22.0,30.0,0.0,17.1773913931664,52.048322985419897,16.0,30.0,0.0,15.030931413597314,58.75536758449961,12.0,30.0,0.0,16.63944704086131,53.14510483055255,16.0,30.0,0.0,16.192173006994254,54.738728657052849,10.0,30.0,0.0,15.454993508343348,57.21976418777468,12.0,30.0,0.0,15.547285851067344,56.927906768641559,12.0,30.0,0.0,16.414773994273305,0.0,0.0,0.0,14.878064340189603,0.0,0.0,443.606963507987,442.4297012010759,453.10889273186469,443.0111589537942,468.1397630855947,463.3430755533267,461.3410274114476,466.20382862852957,464.7592481841564,0.0,81.99090118507327,81.99090118507327,60.0,0.0,60.0,60.0,16.0,16.0,16.0,12.0,12.0,12.0,21.0,10.0,0.0,0.0,0.0,0.0,0.0,0.0,0.0,0.0,0.0,0.0,0.0,0.0,0.0,81.99090118507327,81.99090118507327,0.0,0.0,0.0,81.99090118507327,0.0,0.0,0.0019733333333333336 
 03/06  14:10:00,10.153333333333335,83.83333333333333,7.135,79.66666666666666,3.333333333333333,0.0,0.0,0.0,0.0,0.0,0.0,0.0,0.0,0.0,0.0,306.0,0.0,125.65249510855793,28.468878581278564,72.95048589696725,3.767709671230037,100.28279647020027,0.0,28.46887858127855,38.91911538163388,0.0,0.0,17.2087098113846,5.408602949386477,17.410267941208966,-166.75772789395888,17.24299872000082,-203.66069372023868,17.430072485077305,-17.057867198044279,14.981850269804437,11.769838385306287,16.668937321715434,-39.883818075142247,16.10508517132147,10.646892769542319,15.46353092698116,-21.081121533234297,15.710050656584747,-100.73937370990007,289.2818955749417,317.34792136701346,0.0,0.0,0.0,0.0,0.0,0.0,0.0,0.0,0.0,0.0,0.0,0.0,0.0,0.0,0.0,0.0,0.0,0.0,0.0,0.0,0.0,0.0,0.3566474211318903,0.10886673416724369,192.31522138460688,230.67438716429076,2751.1901606752928,0.05544558808287923,0.008462391343540786,105.79610933665086,126.88571039517469,1512.679008945745,0.31885915660416588,0.060253053024218818,148.1183414745001,177.71424081304375,2087.816461026629,0.06640637866119811,0.012548446459032142,73.72912671444924,88.40478059371444,1069.9242022811255,0.0,0.0,7.039345602304634,8.507519222312414,70.45903971795153,0.0,0.0,41.738557174396259,50.16493109793988,551.097245153958,0.0,0.0,184.01976268123299,221.51793592051224,2260.3291426809157,0.0,0.0,18.70366461977605,22.572357313739979,202.57764603569187,0.0,0.0,101.10107109187794,121.96512659248504,1117.4717347007043,37.34934396239474,25.61683399341204,210.35519003607278,252.9267696441041,3175.4654615465044,0.0,0.0,117.25397125408932,141.77559339480468,1143.2750171307792,0.0,17.176268981430846,51.85144999597233,22.0,30.0,0.0,17.181943957168668,52.23437033498194,16.0,30.0,0.0,17.06840058856788,52.60555729632933,22.0,30.0,0.0,17.286961218121048,51.297111288221099,16.0,30.0,0.0,15.020570311428792,58.85318206232313,12.0,30.0,0.0,16.616369110732604,53.25563635615737,16.0,30.0,0.0,16.15467447747849,54.98176947260802,10.0,30.0,0.0,15.42934111229498,57.39009718917607,12.0,30.0,0.0,15.540042846886255,57.03252756225373,12.0,30.0,0.0,16.45202164383157,0.0,0.0,0.0,14.878492872323112,0.0,0.0,447.9467460818475,438.0343107001233,438.2405435844175,452.6999421849831,466.18138636562409,462.0626328888351,458.49454585720499,463.9954565834268,462.5842152971598,0.0,81.99090118507327,81.99090118507327,60.0,0.0,60.0,60.0,16.0,16.0,16.0,12.0,12.0,12.0,21.0,10.0,0.0,0.0,0.0,0.0,0.0,0.0,0.0,0.0,0.0,0.0,0.0,0.0,0.0,81.99090118507327,81.99090118507327,0.0,0.0,0.0,81.99090118507327,0.0,0.0,0.00198 
 03/06  14:20:00,10.176666666666668,83.66666666666667,7.25,73.33333333333333,2.1666666666666667,0.0,0.0,0.0,0.0,0.0,0.0,0.0,0.0,0.0,0.0,306.0,0.0,112.88873071044528,26.136309989193085,66.9733603973125,3.3849876425778868,90.09609847948657,0.0,26.136309989193074,35.73031727313905,0.0,0.0,17.130702945920136,-55.84073050845427,17.391181539654533,-95.82754025266695,17.292651965657649,-4.923222144798274,17.338764230772264,-176.36005902047328,14.97256885639149,11.972202743986174,16.637136258264826,-41.12592517826215,16.100769939266529,21.10098113985623,15.438002083307332,-20.642295723486315,15.699808813339704,-96.31006595770941,263.4301421553728,307.4790856537079,0.0,0.0,0.0,0.0,0.0,0.0,0.0,0.0,0.0,0.0,0.0,0.0,0.0,0.0,0.0,0.0,0.0,0.0,0.0,0.0,0.0,0.0,0.3673934001183926,0.11214694753308689,109.42872495015146,131.2992911089502,1534.2735964451068,0.06223509203708637,0.009498640420800729,62.80294227485531,75.31614161114062,896.8281260337432,0.3654406308782825,0.06905529684018946,179.65177402066989,215.44580134316599,2577.857443307422,0.05101531018852729,0.00964008129034907,123.38436270090074,148.00573723273127,1743.2174208803113,0.0,0.0,7.2031819263257319,8.705241587256657,71.60774324458039,0.0,0.0,42.61086687894467,51.214807392030667,558.1020963635638,0.0,0.0,183.61477879305657,221.01188268210258,2249.584691616447,0.0,0.0,19.19908868741325,23.170799294486849,206.05341853255715,0.0,0.0,98.21490499124072,118.47788750480872,1079.9145457049322,37.763432773308597,25.90084552353128,177.242353599741,213.17576548176732,2697.5363921753175,0.0,0.0,114.7122523280512,138.70381604155666,1107.327095517328,0.0,17.046618497605633,52.57218118870295,22.0,30.0,0.0,17.19382192626443,52.116247309549837,16.0,30.0,0.0,17.221237405271073,51.56388046945138,22.0,30.0,0.0,17.121534966793257,52.32925715664576,16.0,30.0,0.0,15.010687578300454,58.96081566650216,12.0,30.0,0.0,16.587380930273388,53.44124793106293,16.0,30.0,0.0,16.1631013713483,54.95083469776707,10.0,30.0,0.0,15.404347321100666,57.52862373123314,12.0,30.0,0.0,15.535397413781763,57.0899820508885,12.0,30.0,0.0,16.339147837051525,0.0,0.0,0.0,14.854156902988145,0.0,0.0,441.13018688716076,440.2417090961922,451.4184443658273,440.9537253148586,464.0752567961311,459.6465720651055,458.14007450398568,462.4457120291657,461.20683833812577,0.0,81.99090118507327,81.99090118507327,60.0,0.0,60.0,60.0,16.0,16.0,16.0,12.0,12.0,12.0,21.0,10.0,0.0,0.0,0.0,0.0,0.0,0.0,0.0,0.0,0.0,0.0,0.0,0.0,0.0,81.99090118507327,81.99090118507327,0.0,0.0,0.0,81.99090118507327,0.0,0.0,0.0019933333333333337 
 03/06  14:30:00,10.2,83.5,7.365,67.0,1.0,0.0,0.0,0.0,0.0,0.0,0.0,0.0,0.0,0.0,0.0,306.0,0.0,100.11850977139918,23.81120124958281,61.01535056145557,3.0020720488939598,79.90424793205088,0.0,23.811201249582799,32.551717348544709,0.0,0.0,17.14118183412581,5.860577323349389,17.331924826786265,-160.7011165290669,17.174205842885564,-200.82720746670476,17.363008468612639,-16.277027369041208,14.963192175536424,11.857851754046976,16.606161417789019,-36.811948041576219,16.074575805432415,10.846665196048889,15.412433625375375,-20.75743650487607,15.685698724104436,-99.09631776663309,284.8276973989359,314.0882744252085,0.0,0.0,0.0,0.0,0.0,0.0,0.0,0.0,0.0,0.0,0.0,0.0,0.0,0.0,0.0,0.0,0.0,0.0,0.0,0.0,0.0,0.0,0.3420692775905606,0.10441675140127004,185.7289050332436,222.79618901184,2614.8528661423308,0.05380054894776667,0.008211316994469883,100.94932608894786,121.08519442839236,1420.1319461025087,0.3043014355175215,0.05750216090656115,142.82688357438685,171.37895273450273,1982.194195789833,0.06295360159608889,0.011895994254740904,69.74534558322782,83.63501596480622,996.9409155058665,0.0,0.0,7.0976381986663858,8.577435588059768,70.07040930427263,0.0,0.0,40.90865110537092,49.17036520787266,531.7191362476444,0.0,0.0,181.88841083930155,218.94566850058289,2205.8538945873349,0.0,0.0,19.349465161788236,23.352721559209664,205.74159462726463,0.0,0.0,99.18890117338647,119.64952539690542,1083.3741757705653,38.197748197544807,26.19872990229411,199.28734437669776,239.6557372782097,2982.9499015967896,0.0,0.0,115.83207061703298,140.05360142170663,1110.743404421301,0.0,17.110826231332085,52.15594389659902,22.0,30.0,0.0,17.114415136798987,52.55982153443033,16.0,30.0,0.0,17.007864907098236,52.9105291181929,22.0,30.0,0.0,17.225895564802096,51.58079037519144,16.0,30.0,0.0,15.000516752120478,59.05701203716022,12.0,30.0,0.0,16.561410945114728,53.55315507108801,16.0,30.0,0.0,16.12508081087818,55.20785982603741,10.0,30.0,0.0,15.378815954629749,57.70719585188816,12.0,30.0,0.0,15.52301542675827,57.2231185366354,12.0,30.0,0.0,16.370486190686639,0.0,0.0,0.0,14.846460206774573,0.0,0.0,445.97727401922216,435.78768115415439,435.95440314811278,450.74663054357168,462.3227995561977,458.7163393215506,455.1067545010813,460.21333592407447,458.9449106595254,0.0,81.99090118507327,81.99090118507327,60.0,0.0,60.0,60.0,16.0,16.0,16.0,12.0,12.0,12.0,21.0,10.0,0.0,0.0,0.0,0.0,0.0,0.0,0.0,0.0,0.0,0.0,0.0,0.0,0.0,81.99090118507327,81.99090118507327,0.0,0.0,0.0,81.99090118507327,0.0,0.0,0.0020066666666666667 
 03/06  14:40:00,10.223333333333333,83.33333333333333,7.48,65.0,0.8333333333333334,0.0,0.0,0.0,0.0,0.0,0.0,0.0,0.0,0.0,0.0,306.0,0.0,96.67191163677377,23.08198965015588,59.14677182216217,2.898725417882508,77.1535322281447,0.0,23.08198965015587,31.554829807130074,0.0,0.0,17.06446544523988,-54.76386202951926,17.312653652834233,-94.3385122377424,17.223064114815779,-3.777676590503688,17.26866586730593,-178.88005533897559,14.95483446581488,11.971862322375046,16.575847887962654,-37.90027226627649,16.067689890252589,19.77455992132127,15.387980643491627,-20.51548718469951,15.673019009819543,-95.79213003651603,261.88015229058785,306.53118891467195,0.0,0.0,0.0,0.0,0.0,0.0,0.0,0.0,0.0,0.0,0.0,0.0,0.0,0.0,0.0,0.0,0.0,0.0,0.0,0.0,0.0,0.0,0.35305387998336826,0.1077698046347278,105.9658015314057,127.1555174657571,1462.0910274379288,0.05981059544751605,0.009128601258778397,61.19334868751581,73.3945064926748,859.2256758577829,0.3483901077029782,0.06583335368537005,175.87411313857826,210.93516689006985,2484.2246559523448,0.04699876430406838,0.008881096807269154,123.40837035771628,148.05043728472718,1714.8222610704746,0.0,0.0,7.245363936868877,8.755647557303137,71.04756297327413,0.0,0.0,41.60129687342729,50.004339612489307,536.2854756675791,0.0,0.0,181.5733388600277,218.5523691799869,2194.39629600116,0.0,0.0,19.76161027780706,23.85069700674995,208.1920230634981,0.0,0.0,96.73952115150337,116.69165096332671,1050.1132303354935,38.617029142296,26.48630256673252,173.36357109018176,208.53651472988214,2608.533003613188,0.0,0.0,113.69501358094112,137.47368010607,1077.8688365994345,0.0,16.98338486916907,52.88313388897758,22.0,30.0,0.0,17.122174990327346,52.44880908265907,16.0,30.0,0.0,17.157378192478839,51.85708950386449,22.0,30.0,0.0,17.05302908505163,52.652159151205228,16.0,30.0,0.0,14.991510080918922,59.16168834957087,12.0,30.0,0.0,16.532061326567847,53.745552742954689,16.0,30.0,0.0,16.128179032891639,55.188616559605389,10.0,30.0,0.0,15.35417288616243,57.83794768449629,12.0,30.0,0.0,15.513541080609418,57.289269343751929,12.0,30.0,0.0,16.266789281862559,0.0,0.0,0.0,14.816384850048199,0.0,0.0,438.79161388498229,437.99681238542396,449.4844526659966,438.6926507794437,460.3729518965295,456.2856703874227,454.9964016883242,458.96718332736807,457.90112909989156,0.0,81.99090118507327,81.99090118507327,60.0,0.0,60.0,60.0,16.0,16.0,16.0,12.0,12.0,12.0,21.0,10.0,0.0,0.0,0.0,0.0,0.0,0.0,0.0,0.0,0.0,0.0,0.0,0.0,0.0,81.99090118507327,81.99090118507327,0.0,0.0,0.0,81.99090118507327,0.0,0.0,0.00202 
 03/06  14:50:00,10.246666666666667,83.16666666666667,7.595,63.0,0.6666666666666667,0.0,0.0,0.0,0.0,0.0,0.0,0.0,0.0,0.0,0.0,306.0,0.0,93.22620223721681,22.35411026934653,57.28160684955948,2.7954054397231244,74.40352586391471,0.0,22.35411026934652,30.5597635095675,0.0,0.0,17.074349089797907,5.74967275097697,17.257266113260223,-155.83174366263985,17.101100831817065,-204.37741065609954,17.29464180431917,-15.1914891359811,14.946509545398705,11.786825368710396,16.54763052948783,-34.40319279055552,16.04076339572059,9.941242969125597,15.36386043874428,-20.787699760496254,15.657263420882448,-99.02132957682443,284.46297754072477,312.89278037621627,0.0,0.0,0.0,0.0,0.0,0.0,0.0,0.0,0.0,0.0,0.0,0.0,0.0,0.0,0.0,0.0,0.0,0.0,0.0,0.0,0.0,0.0,0.3271956364524877,0.09987656790368979,182.18131946711834,218.56218219243656,2523.451651797082,0.05178835865605355,0.007904206144086318,97.47052090135569,116.92541981785836,1348.5223897149554,0.28835616133803818,0.05448907054762628,145.60329924333508,174.73200626700607,1985.3638397159323,0.06038679250036344,0.011410958522366483,72.14794472608311,86.52510947851981,1014.66932417493,0.0,0.0,7.143982561510163,8.63285125645048,69.57543068715639,0.0,0.0,40.12455305560373,48.23069493204425,513.2839371527258,0.0,0.0,180.08636153574703,216.77497324526289,2153.678936875589,0.0,0.0,19.817736652771914,23.9188121197345,206.8393226443014,0.0,0.0,97.73539457317232,117.89103299627793,1053.07341521929,39.058213053865419,26.788897842157359,197.73809478396422,237.81915847629004,2919.1069007397429,0.0,0.0,114.76969434253329,138.77131577079863,1079.64505510697,0.0,17.045240874832826,52.4609529876281,22.0,30.0,0.0,17.045837046708149,52.86890497999753,16.0,30.0,0.0,16.935381377456325,53.23736072453084,22.0,30.0,0.0,17.158913701858805,51.88349268278697,16.0,30.0,0.0,14.982261735195174,59.25409071138772,12.0,30.0,0.0,16.506661002661966,53.85325539823007,16.0,30.0,0.0,16.089081099805584,55.451356962870118,10.0,30.0,0.0,15.329359818096267,58.01792576451646,12.0,30.0,0.0,15.497553923102809,57.44081243627649,12.0,30.0,0.0,16.301986290343238,0.0,0.0,0.0,14.803990883503659,0.0,0.0,443.90229014283167,433.8099881360161,433.8989959000538,448.7696416822542,458.76463022057757,455.5106016107393,451.9812821852892,456.772645404093,455.61656360144857,0.0,81.99090118507327,81.99090118507327,60.0,0.0,60.0,60.0,16.0,16.0,16.0,12.0,12.0,12.0,21.0,10.0,0.0,0.0,0.0,0.0,0.0,0.0,0.0,0.0,0.0,0.0,0.0,0.0,0.0,81.99090118507327,81.99090118507327,0.0,0.0,0.0,81.99090118507327,0.0,0.0,0.0020433333333333338 
 03/06  15:00:00,10.27,83.0,7.71,61.0,0.5,0.0,0.0,0.0,0.0,0.0,0.0,0.0,0.0,0.0,0.0,306.0,0.0,89.78466925668683,21.627741027652303,55.4203115583712,2.6922106943943979,71.6568527089728,0.0,21.62774102765229,29.56676168666612,0.0,0.0,16.945648407507556,-100.95946889551351,17.281449340109004,-10.597087488490559,17.151969662207365,-1.1157716443385653,17.19731735123547,-182.39519889660279,14.938755673630187,11.821155106065192,16.518269959822005,-35.61656415597872,16.032509564772917,18.31961520297955,15.340493699467201,-20.677319927502368,15.642636639055859,-96.21256360291773,253.63530586729213,305.62879914823318,0.0,0.0,0.0,0.0,0.0,0.0,0.0,0.0,0.0,0.0,0.0,0.0,0.0,0.0,0.0,0.0,0.0,0.0,0.0,0.0,0.0,0.0,0.3557072211161797,0.10857973782545169,94.9547137991421,113.99609037517743,1269.2601859436894,0.05238557386217108,0.007995356206070068,5.747235238463063,6.891859396350565,80.98679423914015,0.33467083319454679,0.0632408981849106,168.69303815684575,202.34527430031464,2343.4260547740784,0.041344979312348147,0.00781273229636208,127.29258628993533,152.7297093592541,1737.8372028277825,0.0,0.0,7.276882167541877,8.793109609958063,70.39848721015682,0.0,0.0,40.810591282967269,49.05664190822739,517.7606034017092,0.0,0.0,179.89104975522239,216.52802098778697,2142.8669158130248,0.0,0.0,20.164854843059577,24.338286019137894,208.52010183132533,0.0,0.0,95.48759774525424,115.1778371135714,1021.8110758412163,39.47345014685034,27.073696945713548,163.48331157919996,196.69031686709779,2440.489278036314,0.0,0.0,112.81296658605526,136.40948735817404,1048.8894417263894,0.0,16.813061111794306,53.497048995194457,22.0,30.0,0.0,17.13881667040541,52.501662408140898,16.0,30.0,0.0,17.08852343942694,52.15898185389336,22.0,30.0,0.0,16.979491887698769,52.980354222174209,16.0,30.0,0.0,14.974077083746766,59.355077399424327,12.0,30.0,0.0,16.47797065577183,54.04370228532317,16.0,30.0,0.0,16.08964198171526,55.437041179498539,10.0,30.0,0.0,15.305443785578105,58.14372052367403,12.0,30.0,0.0,15.484846494873033,57.51599282935413,12.0,30.0,0.0,16.174421296930246,0.0,0.0,0.0,14.773646265379377,0.0,0.0,437.7780183831095,435.2221183358916,447.6929150971321,436.5598477606937,456.9429523156136,453.1504973984798,452.0293117865244,455.6850852699213,454.72077455078837,0.0,81.99090118507327,81.99090118507327,60.0,0.0,60.0,60.0,16.0,16.0,16.0,12.0,12.0,12.0,21.0,10.0,0.0,0.0,0.0,0.0,0.0,0.0,0.0,0.0,0.0,0.0,0.0,0.0,0.0,81.99090118507327,81.99090118507327,0.0,0.0,0.0,81.99090118507327,0.0,0.0,0.0020666666666666665 
 03/06  15:10:00,10.273333333333334,82.83333333333334,7.734999999999999,59.0,0.33333333333333328,0.0,0.0,0.0,0.0,0.0,0.0,0.0,0.0,0.0,0.0,3070.0,0.0,86.3506499727685,20.9030718305213,53.563372573941709,2.5892412488930498,68.91617621282906,0.0,20.90307183052129,28.576083953571137,0.0,0.0,18.23440909532009,-972.1563412212763,17.453942482462496,727.061591192557,18.575382837702038,-2439.660704261841,17.503905047823218,922.7547269730242,14.935073165257318,17.635290312647045,16.498864220994365,-20.0863209996496,16.116628312133309,195.7861438100884,15.318816463326876,-25.69926566264945,16.4043537066767,-157.46685148149215,546.203734802613,379.4022672883297,0.0,0.0,0.0,0.0,0.0,0.0,0.0,0.0,0.0,0.0,0.0,0.0,0.0,0.0,0.0,0.0,0.0,0.0,0.0,0.0,0.0,0.0,0.4355691073279132,0.1329576029694485,408.9344615681275,489.2390421742358,7175.243628291873,0.20872534831190923,0.03185673814284329,337.6632630979932,405.815123213221,5010.609134383859,0.13021714460198398,0.02460641432388209,512.884273469254,612.8986960635616,9349.922795848242,0.19087032173370889,0.036067710078176277,351.2589097983895,421.96206600176557,5326.462774659268,0.0,0.0,9.370184620108678,11.368697807424429,90.52256847560337,0.0,0.0,34.25702316367684,41.386385715157,433.4551680043447,0.0,0.0,166.91026513234562,201.67393103386935,2045.6649929942835,0.0,0.0,30.27299590482783,36.689195005344689,311.25917850506189,0.0,0.0,108.95251839633233,131.37469400559355,1444.5749165223577,40.72028812847805,27.92886702913448,687.7824135025867,827.9689447669408,10126.423099835038,0.0,0.0,101.12082606235943,122.76093724296917,961.8034951304584,2247.4462434228355,18.79166215714553,47.25946507969107,21.999999999999998,30.0,0.0,17.504486241200003,51.22109263814874,15.999999999999999,30.0,4477.675880020792,19.156967823512845,46.21346475165156,21.999999999999998,30.0,0.0,17.64780780253031,50.75340461919338,15.999999999999999,30.0,0.0,14.973795398385116,59.41676098406109,12.0,30.0,0.0,16.469599078833615,54.14976327421441,15.999999999999999,30.0,0.0,16.2742072318176,55.009874703699747,10.0,30.0,0.0,15.28447049744716,58.29463166981245,12.0,30.0,1157.2714678029775,16.71928688911162,53.3416733509689,16.5,30.0,0.0,17.03281330757414,0.0,0.0,0.0,14.861840100338965,0.0,0.0,437.9558648513354,437.3435397049001,437.3161706855308,437.7679361062596,455.36187766938209,451.02632065126979,446.4142359433481,453.8672514682563,450.1019836716122,10669.170488168214,80.95011124627088,85.2670638815257,60.0,0.0,60.0,60.0,16.0,16.0,16.0,16.0,12.0,12.0,21.0,10.0,1.0,0.0,2247.4462434228355,0.0,4477.675880020792,0.0,0.0,0.0,0.0,1157.2714678029775,6532.954356686908,3919772.614012144,5100233.437663774,80.95011124627088,85.34038006857155,0.3537651452228969,0.767107089950237,0.3602813740196596,85.34038006857155,0.3542647819438876,5100233.437663774,0.2673021387585162 
 03/06  15:20:00,10.276666666666668,82.66666666666667,7.760000000000001,57.0,0.16666666666666664,0.0,0.0,0.0,0.0,0.0,0.0,0.0,0.0,0.0,0.0,921.0,0.0,82.92754544640303,20.180309516706129,51.711319912104269,2.4865990827040136,66.18421072954183,0.0,20.180309516706119,27.58801307453878,0.0,0.0,18.914381035881019,-1423.7971744771308,18.01142313253847,709.1848337398494,19.396650583882875,-3523.6674487693028,18.266516903436867,711.3341046668281,14.93878368400343,23.2414396441555,16.489595141601649,11.363995168386353,16.483915751836926,290.28372316456378,15.287228013553504,-33.15599571612823,16.322661442458896,-94.3653517495924,730.0978978353558,330.8753065597297,0.0,0.0,0.0,0.0,0.0,0.0,0.0,0.0,0.0,0.0,0.0,0.0,0.0,0.0,0.0,0.0,0.0,0.0,0.0,0.0,0.0,0.0,0.5870570662957702,0.17919934868613253,465.7310529661844,554.993862617127,9026.30062383266,0.2665860613360742,0.04068773829915662,393.4850316463013,471.1845306131666,6529.355737150819,0.21296007852357824,0.04024188936575552,573.7278394612004,682.6165283064337,11668.788010349348,0.2157852993275031,0.040775755730820668,386.466555564406,462.17844770664456,6736.38105872394,0.0,0.0,10.305463971236542,12.49036413852782,99.73921671988568,0.0,0.0,37.84053368150786,45.61051284656304,479.60220477441637,0.0,0.0,157.4626116860006,189.5442218414871,2133.226402603183,0.0,0.0,34.62786341233959,41.92982280387855,353.12840215724858,0.0,0.0,64.65583025091112,78.00062382890816,827.1345383409364,41.65507771059087,28.570012147181666,771.0294580037996,925.6535091259982,12300.955604731982,0.0,0.0,82.34785995129599,99.86852049022692,772.2682508321833,1890.67266591143,19.888499541575585,44.10930036096205,21.999999999999994,29.99999999999999,0.0,18.46897354672186,48.17343156263854,15.999999999999993,29.99999999999999,4273.4930076985779,20.405643865747704,42.729287419892909,21.999999999999994,29.99999999999999,0.0,18.910250318097554,46.88434785535004,15.999999999999993,29.99999999999999,0.0,14.985632695327528,59.51798823681963,11.999999999999995,29.99999999999999,0.0,16.479820353253968,54.266563497865849,15.999999999999993,29.99999999999999,0.0,16.906662276804427,52.97117516561248,9.999999999999997,29.99999999999999,0.0,15.245126707571418,58.56120521298732,11.999999999999995,29.99999999999999,0.0,16.529384603545159,54.09846534231835,15.999999999999993,29.99999999999999,0.0,17.749371109970796,0.0,0.0,0.0,14.794617349284082,0.0,0.0,437.2426961321423,437.8454632583497,436.91325580353966,437.1814555737019,451.72130609714227,446.96834475758637,442.90791170766,450.92345216539186,446.9132398723566,10092.52915867773,81.3313756770498,83.96130833514227,59.99999999999998,0.0,59.99999999999998,59.99999999999998,16.0,16.0,16.0,16.0,12.0,12.0,21.0,10.0,1.0,0.0,1890.67266591143,0.0,4273.4930076985779,0.0,0.0,0.0,0.0,0.0,3979.548118983657,2387728.871390195,3106294.2181542424,81.3313756770498,84.00597332245394,0.3593182706327885,0.7683090526648655,0.36028137401965945,84.00597332245394,0.35426478194388735,3106294.2181542424,0.16364396601068724 
 03/06  15:30:00,10.28,82.5,7.785,55.0,0.0,0.0,0.0,0.0,0.0,0.0,0.0,0.0,0.0,0.0,0.0,921.0,0.0,79.51884754909213,19.459685394110698,49.86474628935472,2.384388898195464,63.463743087813558,0.0,19.459685394110687,26.602865265010249,0.0,0.0,19.575477087293934,-1204.7293481121495,18.548397618617089,1027.2885979790636,20.130622545230158,-3308.360791217972,18.856239629121455,970.6071062939182,14.954132286032918,37.269596408572727,16.522406918164678,81.29989762603475,16.756951588151077,242.81763849290889,15.278763685308354,3.1528047269402266,16.115513476393759,-183.91372627809529,1043.185059617991,688.0483107241956,0.0,0.0,0.0,0.0,0.0,0.0,0.0,0.0,0.0,0.0,0.0,0.0,0.0,0.0,0.0,0.0,0.0,0.0,0.0,0.0,0.0,0.0,0.8057204887777087,0.24594642514582069,494.14867087706787,586.9235232017852,10509.56729124368,0.3079555893673844,0.047001768828965857,413.1169334116547,493.1510591250445,7595.604975632847,0.4385838431220254,0.08287676551814539,590.0201774989439,699.4435034188914,13164.428104062852,0.23909045064691993,0.045179601407203288,389.2486124648259,463.84158837390768,7535.8998943528199,0.0,0.0,11.495373562009185,13.931396867720978,111.87538253196769,0.0,0.0,59.513803650416679,71.73833025471289,763.5160435015985,0.0,0.0,277.8580829004579,334.03940751538115,3995.355694127907,0.0,0.0,37.98768287450035,46.0002868472918,387.551937377226,0.0,0.0,140.96680073472545,170.17103312182344,1694.4014689490646,42.93691658223601,29.449188328008238,793.0241292382084,948.4029046817916,14449.572344064596,0.0,0.0,173.03392189745046,209.452722144243,1810.2499622681624,1927.1400416246364,20.87095763738549,41.51241111195369,21.999999999999994,29.99999999999999,0.0,19.394753941027277,45.47187876731744,15.999999999999993,29.99999999999999,4328.951418804689,21.414105226575964,40.15637719479841,21.999999999999994,29.99999999999999,0.0,19.89266217721938,44.09882236475417,15.999999999999993,29.99999999999999,0.0,15.016419128926345,59.54622289594351,11.999999999999995,29.99999999999999,0.0,16.56406457344971,54.10886134778424,15.999999999999993,29.99999999999999,0.0,17.34519986632835,51.551516842704248,9.999999999999997,29.99999999999999,0.0,15.250179160002006,58.77261298741941,11.999999999999995,29.99999999999999,0.0,16.15694899329702,55.525400396988079,15.999999999999993,29.99999999999999,0.0,18.847529573731799,0.0,0.0,0.0,15.364814666662042,0.0,0.0,436.8132177194527,437.20930788538638,436.5162952323967,436.81881553595908,448.09877031041926,443.3481150386733,441.68362744615379,445.2625156747251,443.51522297797296,9134.629595749397,81.96498463593182,81.96498463593182,59.99999999999998,0.0,59.99999999999998,59.99999999999998,16.0,16.0,16.0,16.0,12.0,12.0,21.0,10.0,1.0,0.0,1927.1400416246364,0.0,4328.951418804689,0.0,0.0,0.0,0.0,0.0,0.0,0.0,0.0,81.96498463593182,81.96498463593182,0.3399999999999999,0.7709300433284356,0.36028137401965945,81.96498463593182,0.35426478194388735,0.0,0.002143333333333334 
 03/06  15:40:00,10.283333333333334,82.33333333333334,7.8100000000000009,49.66666666666667,0.0,0.0,0.0,0.0,0.0,0.0,0.0,0.0,0.0,0.0,0.0,2456.0,0.0,71.6986648368818,17.545946702033619,44.96086003453648,2.149899200906353,57.22248063621306,0.0,17.54594670203361,23.986639383312736,0.0,0.0,19.97728741001987,-1248.4298101593795,18.92389982835573,1011.6454851189724,20.42999192823053,-2786.720176086937,19.261917602876829,850.3974712187066,14.974462272084942,46.085106958833609,17.575224210124018,-61.70878884969531,16.940597006688159,376.3213314203965,16.182626306061417,-46.10515309537938,16.320013432806794,-203.45311099446509,1148.7705973390617,693.9381875651931,0.0,0.0,0.0,0.0,0.0,0.0,0.0,0.0,0.0,0.0,0.0,0.0,0.0,0.0,0.0,0.0,0.0,0.0,0.0,0.0,0.0,0.0,0.8706021590271007,0.2657515747945973,488.27713588360577,579.4825682952542,10879.47201593891,0.3100225228502316,0.047317234867251468,403.17950292574178,480.88502593345307,7836.1658992156649,0.5436853797517447,0.10273722217531081,549.9716531460759,652.1132259940241,12621.166123771303,0.2413982152732578,0.04561568693750147,370.15717699701409,440.7972036774705,7557.370020713082,0.0,0.0,11.877712044189238,14.406696733354309,116.3048264472069,0.0,0.0,50.647296930052117,60.78450370552286,799.3637244650349,0.0,0.0,264.28641152869047,317.78950043172588,3937.205482574196,0.0,0.0,23.163204563764134,27.977762645294328,293.8337841984278,0.0,0.0,149.03808947853043,179.98447228800826,1858.6700237905987,43.536531255918138,29.860446677584468,763.7857138415604,912.9248912679276,14716.722906753246,0.0,0.0,170.1495428074375,206.09810925633813,1836.292597632108,1893.3187786138197,21.39659664063015,40.191625311919768,22.0,30.0,0.0,19.94102056385412,43.95699798670299,16.0,30.0,3109.45391119686,21.711386194463925,39.43612049672531,21.75,30.0,0.0,20.450939938345138,42.59892622196884,16.0,30.0,0.0,15.05043889207866,59.52306635445802,12.0,30.0,1852.8267260927024,18.019216910787678,49.450723707961468,20.0,30.0,0.0,17.622992770547417,50.70689350861951,10.0,30.0,873.6866926703398,16.66937894931563,53.79132798926434,16.75,30.0,824.8967819208207,16.436375333875604,54.63486803337446,16.375,30.0,0.0,19.339924736510164,0.0,0.0,0.0,15.527849876086226,0.0,0.0,436.19958344603318,436.59134099592338,435.93393797683606,436.27397315675037,445.3673562052625,441.61247213282936,439.96130479346336,442.860678277014,441.54378979020978,10855.456903908907,80.82687977567997,86.31709614918668,60.0,0.0,60.0,60.0,16.0,16.0,19.0,16.0,16.0,12.0,21.0,10.0,1.0,0.0,1893.3187786138197,0.0,3109.45391119686,0.0,1852.8267260927024,0.0,873.6866926703398,824.8967819208207,8308.342803962603,4985005.682377562,6522159.466455691,80.82687977567997,86.41033824947637,0.3619447601320867,0.7652158548919276,0.36028137401965956,86.41033824947637,0.3542647819438875,6522159.466455691,0.34132229225569596 
 03/06  15:50:00,10.286666666666666,82.16666666666667,7.835000000000001,44.333333333333339,0.0,0.0,0.0,0.0,0.0,0.0,0.0,0.0,0.0,0.0,0.0,1228.0,0.0,63.89711925093866,15.636768848361369,40.06866067158388,1.9159683280364855,50.99609226837739,0.0,15.636768848361362,21.376648513493469,0.0,0.0,20.12961138785457,-1273.7104299568437,19.177192900762493,753.51705821119,20.166534028713238,-1778.3065633373283,19.416639640555638,634.3693706951374,15.004546464862497,55.06603762939878,18.5807088398971,-294.71342350760968,17.234199223676634,318.65719310403667,16.084075184397365,-42.631939350709249,16.384028056744748,-208.697165963835,1140.1215421150119,834.5996802979239,0.0,0.0,0.0,0.0,0.0,0.0,0.0,0.0,0.0,0.0,0.0,0.0,0.0,0.0,0.0,0.0,0.0,0.0,0.0,0.0,0.0,0.0,0.9138930954165199,0.27896614634203906,469.46048201827287,556.7025439674918,10501.87890678743,0.28433380992511478,0.04339649113631178,352.3356653034122,419.43768581303359,7074.7890379958639,0.6644036054556828,0.12554867827960754,462.79028636310968,548.6937442901905,10281.712571053313,0.23676832008417784,0.04474080122527925,317.46169516848388,377.37157829028407,6582.517839627143,0.0,0.0,12.429331096531112,15.061283358045586,122.84984208787168,0.0,0.0,73.41853510938697,87.48373604241263,1413.4856843576764,0.0,0.0,300.62263960673456,360.48743732330999,4756.791067437526,0.0,0.0,25.717012662762764,31.003394264356776,327.6800169651873,0.0,0.0,162.5299651035733,195.9505611807375,2073.1882690369404,43.75413292088774,30.009693361377069,665.920189977358,794.8248035496259,13106.300044958798,0.0,0.0,188.1063124351069,227.35657343964159,2129.8381127957538,1873.2189208496648,21.46890762977703,40.015948242553957,22.0,30.0,0.0,20.266770278007195,43.076954917660348,16.0,30.0,2383.637075850807,21.44206882708703,40.108538159713479,21.5,30.0,0.0,20.575890733924063,42.26833100422145,16.0,30.0,0.0,15.09900476893512,59.43757161498945,12.0,30.0,1529.8331501169346,19.776596958040419,44.31618979714682,20.0,30.0,0.0,18.07817972246038,49.29013273511758,10.0,30.0,0.0,16.54291452709272,54.255752475364719,16.0,30.0,0.0,16.543197061595284,54.289088525059359,16.0,30.0,0.0,19.43839113957726,0.0,0.0,0.0,15.793311554532,0.0,0.0,435.7744526374613,436.13780642679606,435.50196365940885,435.87770822523427,442.70602144270398,439.90267203318617,439.1188620932474,441.0707677575215,440.0320203888048,11264.501497986415,80.55615641219959,86.4046061980658,60.0,0.0,60.0,60.0,16.0,16.0,19.0,16.0,16.0,12.0,21.0,10.0,1.0,0.0,1873.2189208496648,0.0,2383.637075850807,0.0,1529.8331501169346,0.0,0.0,0.0,8849.729442856062,5309837.665713636,6923221.296834707,80.55615641219959,86.50393229095067,0.3799909814285354,0.7659237917415237,0.36028137401965956,86.50393229095067,0.3542647819438875,6923221.296834707,0.36220417410207147 
 03/06  16:00:00,10.29,82.0,7.86,39.0,0.0,0.0,0.0,0.0,0.0,0.0,0.0,0.0,0.0,0.0,0.0,1228.0,0.0,56.10199056131403,13.72916132408163,35.1804851893687,1.6822298624244288,44.774825154322147,0.0,13.729161324081624,18.7688044030079,0.0,0.0,20.302825517697266,-1269.5921565912086,19.28077269028101,695.345457470763,20.532772326025517,-2163.475759585474,19.513530106137894,602.9582191193968,15.035459305541864,56.27716413060179,18.31811290386063,-205.3178743170905,17.24082271610979,196.29959328698488,15.870044723866436,-5.746404956568142,16.22874020891042,-35.491446650353967,1141.710331306219,890.7517458703292,0.0,0.0,0.0,0.0,0.0,0.0,0.0,0.0,0.0,0.0,0.0,0.0,0.0,0.0,0.0,0.0,0.0,0.0,0.0,0.0,0.0,0.0,0.9109770762410063,0.27807603059859778,409.13464942896226,484.5877556997914,9297.195174364268,0.27308152259378817,0.04167910906498599,324.72620148765147,386.21339142453305,6584.069900835749,0.7208388243462511,0.13621292977064462,475.3930548899056,563.0130050626098,10848.397534704081,0.25280140789855146,0.047770485241600778,348.18304618476176,413.8688024803497,7244.179700873738,0.0,0.0,12.030337307712238,14.575031161123038,119.9120747809379,0.0,0.0,72.42255074677795,86.50238222490683,1313.276566967942,0.0,0.0,326.65680366530548,391.89962756751319,5107.200706718806,0.0,0.0,32.20978231849628,38.89027491004787,386.01187719465318,0.0,0.0,184.55508213760133,222.71346722267379,2271.0942896546646,43.9840550362799,30.167390285514345,664.1387634456529,792.2305311288446,13208.037139831267,0.0,0.0,216.06591223079944,260.9852525522023,2546.825603858042,1806.937716409784,21.652274560219629,39.56297319232432,22.0,30.0,0.0,20.356208900420197,42.83914278603861,16.0,30.0,2795.4427028714828,21.688450354809598,39.48924662248511,21.75,30.0,0.0,20.646750974411554,42.08052066548757,16.0,30.0,0.0,15.144683914614028,59.32991887435928,12.0,30.0,80.96583696404675,19.278652902200027,45.73823862088077,19.0,30.0,0.0,17.992940586793528,49.582610180409009,10.0,30.0,0.0,16.151244059773899,55.679033247239249,16.0,30.0,0.0,16.312809396738659,55.129849492633059,16.0,30.0,0.0,19.531128868283085,0.0,0.0,0.0,16.037018925556546,0.0,0.0,434.7347555864207,435.1275513283515,434.4706986475785,434.9304854108789,440.7561540952133,438.5026393902047,437.68629739275095,439.2590134555497,438.5142441862365,9109.931053244094,81.98124884888397,81.98124884888398,60.0,0.0,60.0,60.0,16.0,16.0,19.0,16.0,16.0,12.0,21.0,10.0,1.0,0.0,1806.937716409784,0.0,2795.4427028714828,0.0,80.96583696404675,0.0,0.0,0.0,0.0,0.0,0.0,81.98124884888397,81.98124884888397,0.34,0.7706245188274111,0.36028137401965956,81.98124884888397,0.3542647819438875,0.0,0.0022233333333333338 
 03/06  16:10:00,10.251666666666666,82.00000000000002,7.778333333333334,33.666666666666667,0.0,0.0,0.0,0.0,2.0,0.0,0.0,0.0,0.0,0.0,4.0,1228.0,0.0,48.34032340986686,11.829742437160278,30.31329262977431,1.4494947234181455,38.58026332275609,0.0,11.829742437160272,16.172154780610769,0.0,0.0,20.214060743360354,-1476.9652008133099,19.337554938564489,524.846946023818,20.603041974496656,-1449.9440748181247,19.5663627782599,542.2974151360404,15.059188142485798,54.12591821352136,18.70521851618512,-99.51085500343919,17.15555648150865,128.3880804129176,16.196778740453774,-31.391052113450827,16.15886410996201,-31.653873662006619,1112.809115531708,802.6427518092701,0.0,0.0,0.0,0.0,0.0,0.0,0.0,0.0,0.0,0.0,0.0,0.0,0.0,0.0,0.0,0.0,0.0,0.0,0.0,0.0,0.0,0.0,1.0232649432863775,0.31235193629010307,371.43392924308048,440.44446196997697,8281.570341147964,0.26238405303464809,0.0400464061408193,288.1328621479527,342.79887405446427,5861.567313881202,0.591882815358887,0.11184482527567785,331.3953631450246,392.52781526722438,7540.196868888626,0.23834403015308243,0.045038554450695839,331.40798222368809,393.79314314733809,6937.777719211004,0.0,0.0,12.519318710935622,15.16552481352556,126.51235941663268,0.0,0.0,17.90909390851553,21.346556311335108,345.50701600525886,0.0,0.0,258.7687261801923,310.6762074419149,3959.1182615230015,0.0,0.0,25.60843935887902,30.891279811422156,332.0721499834966,0.0,0.0,179.7978679456668,217.0245132879048,2187.919210483718,43.709042216741149,29.97876695249737,610.7155288122315,728.6093443376376,12224.671331319369,0.0,0.0,204.29677631968134,246.84617483457095,2382.429092302135,1815.6623624119396,21.36944272966733,40.420810048259877,22.0,30.0,0.0,20.371946601419834,42.899967906175969,16.0,30.0,1121.7113918773715,21.65369407881894,40.316961780890249,21.5,30.0,0.0,20.652785260684515,42.93684372682513,16.0,30.0,0.0,15.174843879561522,59.26903116628597,12.0,30.0,1002.4831920324374,19.81651340129708,45.52916245748907,19.75,30.0,0.0,17.783354450767285,50.30869968622692,10.0,30.0,575.8129434212954,16.687846206170837,53.87283903130698,16.75,30.0,0.0,16.206012072784224,55.55588798351215,16.0,30.0,0.0,19.524610333593217,0.0,0.0,0.0,15.937463529309455,0.0,0.0,443.9315679723826,440.1322369279368,478.6333650729611,483.1996693716303,439.15278494114946,525.2184992748445,438.3816728442227,438.47285293124755,438.1471781873129,8992.217597699842,82.05909486885534,82.05909486885534,1744.0,0.0,1744.0,1744.0,16.0,16.0,19.0,16.0,16.0,12.0,21.0,10.0,1.0,0.0,1815.6623624119396,0.0,1121.7113918773715,0.0,1002.4831920324374,0.0,575.8129434212954,0.0,0.0,0.0,0.0,82.05909486885534,82.05909486885534,0.34,0.7708512086948796,0.36028137401965956,82.05909486885534,0.3542647819438875,0.0,0.0654 
 03/06  16:20:00,10.213333333333335,82.0,7.696666666666667,28.333333333333333,0.0,0.0,0.0,0.0,2.0,0.0,0.0,0.0,0.0,0.0,4.0,921.0,0.0,40.60025135772413,9.935608257594116,25.459641835513304,1.2174071020953464,32.40293630042831,0.0,9.93560825759411,13.582729753826972,0.0,0.0,20.23835922219162,-1442.0339736221577,19.337773889907696,566.2120175284815,20.363422730266458,-987.8253131489063,19.567232988553216,343.6332938534723,15.078251232100648,52.022882642051119,18.45749319564459,-84.54006397847847,17.115944529587755,179.01369723804596,16.187513962332134,-30.185321116218945,16.10384042301317,-31.31573018910754,1095.0800728873906,776.9044980247212,0.0,0.0,0.0,0.0,0.0,0.0,0.0,0.0,0.0,0.0,0.0,0.0,0.0,0.0,0.0,0.0,0.0,0.0,0.0,0.0,0.0,0.0,0.9922633713981427,0.30288869700798,385.00226735125946,456.43422377241316,8564.637018773918,0.26346455067613569,0.040211317258262459,303.287168617887,360.754678335899,6165.301340272857,0.697395129242361,0.13178290424080897,279.58082425337877,331.56951999774528,6182.973560191102,0.21492838154621733,0.040613828712437117,280.82712016555777,333.78038675896956,5850.658899057857,0.0,0.0,12.568238127656688,15.216610578848652,128.52166572159099,0.0,0.0,18.150545952752123,21.657043565169969,333.37050843703926,0.0,0.0,255.78002029915735,307.0016510617909,3890.92626637868,0.0,0.0,21.40172780462463,25.783136457826335,279.85104374171609,0.0,0.0,179.85534883330554,217.05393372888546,2172.778541988488,43.43256625649203,29.789140093615936,575.3432254209065,686.2440171913927,11612.76114445579,0.0,0.0,200.40703880373668,242.06291187617195,2326.6851947235866,1838.2895621520077,21.297831886363519,40.78712890754746,21.999999999999994,29.99999999999999,0.0,20.325738866690874,43.25843548647099,15.999999999999993,29.99999999999999,0.0,21.22728546944834,41.68441367568572,20.999999999999994,29.99999999999999,0.0,20.578221777134215,43.206034360837289,15.999999999999993,29.99999999999999,0.0,15.195899699020022,59.25543770950107,11.999999999999995,29.99999999999999,0.0,19.307498887346154,48.61542992884779,18.999999999999994,29.99999999999999,0.0,17.70046392821968,50.6872196957769,9.999999999999997,29.99999999999999,0.0,16.623125899686238,54.12215536074312,15.999999999999993,29.99999999999999,0.0,16.122522050659837,55.92333677261712,15.999999999999993,29.99999999999999,0.0,19.539404744560288,0.0,0.0,0.0,15.873136685691414,0.0,0.0,455.116504273498,453.3923642924567,494.5376706652589,485.7126422245519,439.1346939803892,621.5433540433985,443.237131058231,439.2181596050442,440.344422869243,10011.008907829759,81.38539378862459,83.75738195653452,1743.9999999999996,0.0,1743.9999999999996,1743.9999999999996,16.0,16.0,19.0,16.0,16.0,12.0,21.0,10.0,1.0,0.0,1838.2895621520077,0.0,0.0,0.0,0.0,0.0,0.0,0.0,3589.6405739710305,2153784.344382619,2793902.5170011345,81.38539378862459,83.79766619008595,0.34632135246570097,0.7682874872878776,0.36028137401965945,83.79766619008595,0.35426478194388735,2793902.5170011345,0.21087670866183678 
 03/06  16:30:00,10.175,82.0,7.615,23.0,0.0,0.0,0.0,0.0,2.0,0.0,0.0,0.0,0.0,0.0,4.0,614.0,0.0,32.88357185628956,8.047198653916274,20.620659944959255,0.9860208940900683,26.244278613368118,0.0,8.04719865391627,11.001130656289823,0.0,0.0,20.305659392684619,-1501.1235910064416,19.349935893753924,557.9925915612066,20.27235934930365,-875.8098623865817,19.4247152944788,350.1404076964436,15.094501637977658,50.460108691428477,18.669777206676913,-93.97076026054111,17.11504933239869,173.84054173820369,15.96046079025099,-16.164000148135928,16.065205439926215,-21.990127140684309,1058.79093400272,769.6681828529795,0.0,0.0,0.0,0.0,0.0,0.0,0.0,0.0,0.0,0.0,0.0,0.0,0.0,0.0,0.0,0.0,0.0,0.0,0.0,0.0,0.0,0.0,0.9273258344452691,0.28306649403091246,386.5972844397834,457.86281228660757,8639.133727819153,0.2525330841868402,0.03854290051691699,302.5969896657864,359.6115164376057,6161.594947942485,0.792221962602444,0.14970180699214748,268.0086212060236,317.6442313093568,5854.49871134808,0.22494271358076974,0.042506181704604999,273.08374197155765,324.4900056301101,5555.285091919701,0.0,0.0,12.500791935930528,15.120098799023314,129.2201600469857,0.0,0.0,18.131910330054418,21.59436837181999,342.1011688613979,0.0,0.0,259.49145976056936,311.1946131674805,3952.430026790751,0.0,0.0,24.123519642339738,29.07135930301691,297.5283509107794,0.0,0.0,179.32654513417129,216.25876773508026,2160.904726006307,43.10602668078715,29.565176049922614,567.848473644942,676.7612088249989,11408.846295727846,0.0,0.0,202.98287372598456,244.95347685646176,2366.717139444787,1903.8729943552538,21.311476593130963,40.85976277064604,22.0,30.0,0.0,20.303080071726116,43.453272173710818,16.0,30.0,0.0,21.045955822002097,42.2550279658754,21.0,30.0,0.0,20.294508099854665,44.14057679292947,16.0,30.0,0.0,15.211802138949139,59.2932360299298,12.0,30.0,978.8456747497876,19.520680198185688,48.877703072570657,19.5,30.0,0.0,17.670402046476157,50.87404872837077,10.0,30.0,0.0,16.215303831542827,55.642841746747809,16.0,30.0,0.0,16.06759409416746,56.23408544667728,16.0,30.0,0.0,19.454204836754916,0.0,0.0,0.0,15.858564376791034,0.0,0.0,461.3482927743489,461.0203255770764,502.4873984201943,495.35921806735419,441.43352253049087,678.3684244027609,447.16140362487308,442.58030206724939,444.7663728398793,10945.380352615359,80.76741643896232,84.51567557197744,1744.0,0.0,1744.0,1744.0,16.0,16.0,19.0,16.0,16.0,12.0,21.0,10.0,1.0,0.0,1903.8729943552538,0.0,0.0,0.0,978.8456747497876,0.0,0.0,0.0,5672.102204040931,3403261.3224245586,4403540.073548427,80.76741643896232,84.5793334554224,0.35907007346803107,0.7721266448898289,0.36028137401965956,84.5793334554224,0.3542647819438875,4403540.073548427,0.2947716393800738 
 03/06  16:40:00,10.136666666666667,82.0,7.533333333333333,19.833333333333337,0.0,0.0,0.0,0.0,2.0,0.0,0.0,0.0,0.0,0.0,4.0,307.0,0.0,28.319929734300009,6.930393736812789,17.75888730330778,0.8491791414533468,22.602050017080577,0.0,6.930393736812786,9.47437366431931,0.0,0.0,20.295875399515574,-1483.657854492804,19.370779795731595,547.744806631041,20.26839004763597,-924.9464065351299,19.348347206902639,367.87205410323096,15.111023247286703,49.469268620582138,18.95835419669413,-113.29976138258025,17.103143490109056,161.93406984668955,15.833514512949347,-8.167752284708289,16.042424854901527,-12.990931036844819,1028.7327779563353,781.9098514851634,0.0,0.0,0.0,0.0,0.0,0.0,0.0,0.0,0.0,0.0,0.0,0.0,0.0,0.0,0.0,0.0,0.0,0.0,0.0,0.0,0.0,0.0,0.8839269022218124,0.26981895672216507,382.46988061192857,451.94042642324959,8502.748528485898,0.24339011576792628,0.03714745356653333,295.9441524636176,350.78469736837419,6049.847584583609,0.8569100386366699,0.16192555529793477,273.9555169074444,323.88586001938577,5986.1398912634199,0.24089516839664308,0.04552062894872319,283.4239866178468,336.078836086222,5704.96220253131,0.0,0.0,12.441319916654042,15.007838535106386,130.03313865767377,0.0,0.0,18.145162548747125,21.508693971792039,361.662401433437,0.0,0.0,262.2752604455211,313.7664168141793,3990.1975274302096,0.0,0.0,27.93005053455756,33.601157603897629,335.20194432126069,0.0,0.0,178.76561543375616,215.03537436934657,2158.2182284599127,42.79460239346385,29.351579145036959,572.7117342242036,680.9309141545974,11466.216536365257,0.0,0.0,207.1763965414069,249.3385419023542,2442.418663941399,1834.258742947719,21.208754865778635,41.2550724009205,22.00000000000001,30.000000000000015,0.0,20.301409927981625,43.56645702622844,16.000000000000008,30.000000000000015,94.04864931439464,21.002479832347029,42.48733716461942,21.00000000000001,30.000000000000015,0.0,20.139288441367549,44.65151230699044,19.000000000000008,30.000000000000015,0.0,15.228248638480763,59.35724081498432,12.000000000000006,30.000000000000015,536.4737991376144,20.02664049071986,48.084730880214028,20.000000000000008,30.000000000000015,0.0,17.619548104787694,51.155833197713679,10.000000000000004,30.000000000000015,27.871718269893987,16.002146599607955,56.55124565851743,16.000000000000008,30.000000000000015,0.0,16.03790250179859,56.458733625555947,16.000000000000008,30.000000000000015,0.0,19.387769478760978,0.0,0.0,0.0,15.88227459719748,0.0,0.0,469.1811235099267,467.04182684695379,509.8614610787864,501.1198921984185,445.3990540861303,714.7659727427077,452.4998681228871,448.20529819961618,449.4976962471154,4293.969137225486,85.16442767569224,85.16442767569224,1744.0000000000007,0.0,1744.0000000000007,1744.0000000000007,16.0,19.0,19.0,16.0,16.0,12.0,21.0,10.0,1.0,0.0,1834.258742947719,0.0,94.04864931439464,0.0,536.4737991376144,0.0,27.871718269893987,0.0,0.0,0.0,0.0,85.16442767569224,85.16442767569224,0.3400000000000002,0.7643858290423528,0.3602813740196597,85.16442767569224,0.35426478194388769,0.0,0.06598133333333334 
 03/06  16:50:00,10.098333333333335,82.0,7.451666666666666,16.666666666666669,0.0,0.0,0.0,0.0,2.0,0.0,0.0,0.0,0.0,0.0,4.0,1228.0,0.0,23.766110641816714,5.815992690863132,14.903274446270454,0.7126319271848456,18.96766107169232,0.0,5.815992690863129,7.950902946464981,0.0,0.0,20.366894438907218,-1428.1751597170128,19.382004530510458,525.7131915222867,20.824596983828529,-1775.0576040256343,19.550351700762719,766.6009135558679,15.12298513059914,47.7472417365385,18.725119812918999,-98.052172824888,17.10080242332457,154.90877944591058,16.34038240536031,-37.43674381467787,16.030679985706138,-20.174629912185993,1066.3873753005328,743.7593106274205,0.0,0.0,0.0,0.0,0.0,0.0,0.0,0.0,0.0,0.0,0.0,0.0,0.0,0.0,0.0,0.0,0.0,0.0,0.0,0.0,0.0,0.0,1.0727131125710674,0.32744600505832335,376.22591250441806,446.1398481750377,8439.140717375774,0.27374296903175379,0.04178006242853385,295.5682659271127,351.6643407805266,6052.439231471819,0.47774857757269859,0.09027750898955002,369.3360030957425,437.17977680334089,8655.987065549783,0.2432016332606879,0.045956468870122408,366.55445433991965,435.76559548947469,7694.401863316888,0.0,0.0,12.35994961460409,14.965458832216872,130.2539713008301,0.0,0.0,18.041180932635599,21.506140320652226,344.9673672242223,0.0,0.0,252.71153359113584,303.50486948323148,3850.248518319675,0.0,0.0,18.743155818969635,22.58608352017977,258.5193179829271,0.0,0.0,181.5952768523387,219.26430775673553,2200.7124173912495,42.74496754167436,29.3175360368137,653.8637932480318,780.0340918817262,13212.909602583784,0.0,0.0,199.00497609661648,240.46816439332668,2338.5773875965126,1826.149154316579,21.273020216211717,41.29948585880065,22.0,30.0,0.0,20.28501022372945,43.84742751211729,16.0,30.0,1303.4921365308338,21.806668569645276,40.50504206718851,21.5,30.0,0.0,20.536196053001647,43.67718751863934,19.0,30.0,0.0,15.235664759755539,59.43052733380262,12.0,30.0,0.0,19.578484475777296,49.731770213320327,19.0,30.0,0.0,17.596165227895633,51.45312465374584,10.0,30.0,558.6735362652278,16.895541130687563,53.5223174574388,16.75,30.0,0.0,16.02562906524772,56.72229541466011,16.0,30.0,0.0,19.524917864088516,0.0,0.0,0.0,15.827527229550182,0.0,0.0,482.7834741602078,480.6519171066568,514.2204677803657,507.92772282996466,449.23268213602639,727.8652899315144,462.9662572334294,452.5883381741451,458.7854844060628,9802.57924304805,81.52327167383817,83.21400761624699,1744.0,0.0,1744.0,1744.0,16.0,19.0,19.0,16.0,16.0,12.0,21.0,10.0,1.0,0.0,1826.149154316579,0.0,1303.4921365308338,0.0,0.0,0.0,558.6735362652278,0.0,2558.800969567645,1535280.581740587,1989200.776853638,81.52327167383817,83.24272192540723,0.3402933656522549,0.7681826078275594,0.36028137401965956,83.24272192540723,0.3542647819438875,1989200.776853638,0.16922599595194477 
 03/06  17:00:00,10.06,82.0,7.37,13.5,0.0,0.0,0.0,0.0,2.0,0.0,0.0,0.0,0.0,0.0,4.0,614.0,0.0,19.222224645645917,4.704022451385001,12.053890394083777,0.576382551579803,15.34119962030063,0.0,4.704022451384998,6.430755325348223,0.0,0.0,20.460781891965625,-1485.3385833071234,19.413886807230829,553.2811555898179,20.46065133197684,-887.8609553002089,19.651940939704024,357.1700478571561,15.137680819728339,47.501495463196508,18.403903279801285,-79.75075437002949,17.121097895686569,165.25025204056875,16.155602174773386,-24.23498723372174,16.012819013711604,-21.68799656521969,1041.5406965288167,746.5484119277103,0.0,0.0,0.0,0.0,0.0,0.0,0.0,0.0,0.0,0.0,0.0,0.0,0.0,0.0,0.0,0.0,0.0,0.0,0.0,0.0,0.0,0.0,1.0286875719973057,0.31400719535937296,386.1455327157505,457.1357231811785,8759.07357219342,0.27034882219796377,0.04126203024999446,305.27388665790138,362.6916979229994,6292.301568589508,0.6716117349555867,0.12691075868397334,268.238478843213,318.10605488143946,5958.425743236179,0.21533701231100736,0.04069104541024325,269.5781838198136,320.18024317100267,5742.885608499985,0.0,0.0,12.41838920521456,15.015107200871754,132.19247815655315,0.0,0.0,18.19286324586602,21.69403892650746,330.3652918463647,0.0,0.0,254.94466109262536,305.7227606963893,3914.3461959039589,0.0,0.0,18.659385360088654,22.455847496993333,244.74301100016698,0.0,0.0,182.60793782815427,220.21393355579154,2218.6459122505386,42.48656293291654,29.14030379486732,565.9361066618869,674.4946022731122,11587.08230717554,0.0,0.0,199.76689157799962,241.05223471048638,2356.3281691691229,1857.2914158844438,21.364546440453468,41.13624107545395,22.0,30.0,0.0,20.313685283272706,43.90598335100744,16.0,30.0,0.0,21.16609086511759,42.47941704944388,21.0,30.0,0.0,20.609624040008457,43.55200891993055,19.0,30.0,0.0,15.248993815517814,59.580463168330357,12.0,30.0,83.16234917693513,19.043032850412737,51.65929347072755,19.0,30.0,0.0,17.61529101857952,51.52189977634155,10.0,30.0,0.0,16.50090604841723,55.051295004206107,16.0,30.0,5.549578221325686,16.00109702703519,56.99491874861397,16.0,30.0,0.0,19.510414004736135,0.0,0.0,0.0,15.809963606578187,0.0,0.0,487.52483575121689,489.0802887821956,534.3407726811236,512.357255793442,457.0249962547118,744.9920536812205,469.36648779078157,459.9008075956381,466.52180722108337,10239.968204402314,81.23401612031214,81.23401612031214,1744.0,0.0,1744.0,1744.0,16.0,19.0,19.0,16.0,16.0,12.0,21.0,10.0,1.0,0.0,1857.2914158844438,0.0,0.0,0.0,83.16234917693513,0.0,0.0,5.549578221325686,0.0,0.0,0.0,81.23401612031214,81.23401612031214,0.34,0.7692453284740179,0.36028137401965956,81.23401612031214,0.3542647819438875,0.0,0.06559377777777778 
 03/06  17:10:00,10.006666666666668,82.16666666666667,7.371666666666666,10.333333333333333,0.0,0.0,4.0,0.0,0.0,0.0,0.0,0.0,0.0,0.0,0.0,1228.0,0.0,14.688464433273602,3.59453017245535,9.210855976417533,0.44043679227104218,11.722819444650929,0.0,3.594530172455348,4.913995264167206,0.0,0.0,20.507122679176228,-1348.9304305601323,19.441080835211169,525.8409326965125,20.670197751489597,-712.9579165339934,19.528803734863766,-44.70612920706347,15.150945290975543,46.59759590931513,18.116858193216176,-115.79892622714857,17.311509000825504,332.3161689184544,15.980561969243159,-27.63419220384577,16.60392166864954,-270.349732786505,895.5696373293722,720.9964168060119,0.0,0.0,0.0,0.0,0.0,0.0,0.0,0.0,0.0,0.0,0.0,0.0,0.0,0.0,0.0,0.0,0.0,0.0,0.0,0.0,0.0,0.0,0.9694354436535544,0.2959204650957126,404.26369269868658,479.2123485169216,9229.701121523196,0.26577047922893379,0.04056325995557597,305.94460552978139,363.9452049157639,6349.174198557621,0.7354962367463276,0.13898266000497504,138.31575299098746,163.51265527976387,3253.8782962168909,0.25409199496355408,0.0480143603483662,25.688917219564908,30.544808651242243,534.3819484449148,0.0,0.0,11.657133678142948,14.113609195656475,125.5792145530848,0.0,0.0,64.72657964609636,77.48620686094985,1126.262680117119,0.0,0.0,275.886503430674,330.95036028745946,4450.158109103826,0.0,0.0,31.545878713077788,38.05069968474361,398.80331005348048,0.0,0.0,142.6718316870737,171.76893348176737,2015.2206478692727,42.54479009921446,29.180240122918023,336.2336574502232,401.7743556393368,6885.118745110121,0.0,0.0,169.72505739974114,205.14001180354328,2006.791714133585,1815.9988567537978,21.392795313965846,41.15052366936355,22.0,30.0,0.0,20.331586521930036,43.93419480630367,16.0,30.0,1569.2967571711438,21.504892510840447,41.10486999212089,21.5,30.0,0.0,20.266356972389496,47.15490908229897,19.0,30.0,0.0,15.259363023739505,59.833808826422188,12.0,30.0,0.0,18.575057245136454,50.20119372268895,16.0,30.0,0.0,17.970469139325219,51.07814836196193,10.0,30.0,0.0,16.206031626457177,56.44500970590194,16.0,30.0,990.0673268284871,16.94219355322201,54.05833717008434,16.75,30.0,0.0,19.017840727547516,0.0,0.0,0.0,15.764798917938388,0.0,0.0,494.06785368529736,494.5964952530496,505.89567305760866,670.3393050815273,469.59411316847015,569.1331214222646,507.45557835076638,475.56217022619276,484.97521671529617,11419.471566923901,80.45372205616475,86.20050997845111,162.0,0.0,162.0,162.0,16.0,19.0,16.0,16.0,16.0,12.0,21.0,10.0,1.0,0.0,1815.9988567537978,0.0,1569.2967571711438,0.0,0.0,0.0,0.0,990.0673268284871,8696.074994097955,5217644.9964587739,6802252.68924654,80.45372205616475,86.29810951539815,0.37486916646993187,0.7671544583451208,0.36028137401965956,86.29810951539815,0.3542647819438875,6802252.68924654,0.35979213984082017 
 03/06  17:20:00,9.953333333333335,82.33333333333334,7.373333333333334,7.166666666666666,0.0,0.0,4.0,0.0,0.0,0.0,0.0,0.0,0.0,0.0,0.0,1228.0,0.0,10.165428785067025,2.4876623863483009,6.374546673981737,0.3048126033726357,8.112998424713102,0.0,2.4876623863482996,3.400823083649964,0.0,0.0,20.50967539440829,-1636.597212061285,19.47320047547229,537.7854518838199,20.395238920061958,-268.3937322755316,19.449260116430574,-47.77215581001647,15.169334309700919,51.08337705139023,17.847941662330116,-20.98424430700888,17.381319228260958,164.803268639399,16.06525434372958,-17.419438657997377,16.42396766722338,-144.63838654399116,953.955886774198,861.781599018705,0.0,0.0,0.0,0.0,0.0,0.0,0.0,0.0,0.0,0.0,0.0,0.0,0.0,0.0,0.0,0.0,0.0,0.0,0.0,0.0,0.0,0.0,1.004772120480976,0.3067069964838145,434.67775538610376,515.5492489745656,9904.486462118377,0.258317428617382,0.0394257369684649,290.2036731397466,345.2195439657156,6077.509433344589,0.8368912291786125,0.15814271148499865,129.29026210399034,153.5053716798032,2955.153812184576,0.27236007396510505,0.05146637830028439,27.864979210824055,33.15880178703321,573.5321053576129,0.0,0.0,11.548761981995476,13.980723074488392,126.15541739661606,0.0,0.0,35.88668534191504,43.01734401789129,599.2344756764237,0.0,0.0,277.66498669095076,332.98954590728058,4540.966577386524,0.0,0.0,36.42092241450676,43.94802650783582,465.38012067372059,0.0,0.0,167.84241465328157,202.27549493554884,2271.209559936636,42.714106770919418,29.296369527379583,366.6702792512708,438.0126256153946,7639.99461216268,0.0,0.0,200.61538549234246,242.2641465600738,2484.094942183447,1843.8832169961627,21.33243841361042,41.444546707977028,22.0,30.0,0.0,20.370598033495285,43.91723816642157,16.0,30.0,81.53623086348815,21.23331651531251,41.624994636686867,21.0,30.0,0.0,20.092736089847614,49.67372193276799,19.0,30.0,0.0,15.280051256697844,60.10745361769863,12.0,30.0,0.0,18.181462545275875,50.57311131013324,16.0,30.0,0.0,18.014100491079856,50.84364542616169,10.0,30.0,347.9481322113807,16.210817131822276,56.89866000299994,16.25,30.0,0.0,16.58375865331601,55.63608201933975,16.0,30.0,0.0,19.16979210009699,0.0,0.0,0.0,15.989924030973869,0.0,0.0,506.6892130855448,503.04047543683057,501.5365270607679,795.0923510544791,485.0826033503833,517.366402998694,502.091593052598,496.83379394520196,500.7741419663896,8587.528178618888,82.32667201918236,82.32667201918236,162.0,0.0,162.0,162.0,16.0,19.0,16.0,16.0,16.0,12.0,21.0,10.0,1.0,0.0,1843.8832169961627,0.0,81.53623086348815,0.0,0.0,0.0,347.9481322113807,0.0,0.0,0.0,0.0,82.32667201918236,82.32667201918236,0.34,0.7711977360451241,0.36028137401965956,82.32667201918236,0.3542647819438875,0.0,0.006084000000000001 
 03/06  17:30:00,9.9,82.5,7.375,4.0,0.0,0.0,4.0,0.0,0.0,0.0,0.0,0.0,0.0,0.0,0.0,1228.0,0.0,5.655566152543486,1.384018272977773,3.546497851601985,0.1695834004142949,4.513690642486715,0.0,1.3840182729777724,1.8920579081655027,0.0,0.0,20.652101477629829,-690.8800762919377,19.498694844460539,543.9573573985144,20.87063503744993,-1594.4879312189926,19.410295143797549,-0.9056833651485476,15.18576845953035,47.628481072394908,17.65440701284367,-14.953680234907523,17.323752923729168,151.10296486369453,16.39898008619702,-35.19676738235907,16.259964623616818,-93.40299759032814,928.9466649250458,800.7493115838756,0.0,0.0,0.0,0.0,0.0,0.0,0.0,0.0,0.0,0.0,0.0,0.0,0.0,0.0,0.0,0.0,0.0,0.0,0.0,0.0,0.0,0.0,1.0493084717835866,0.3203017313136711,405.4565470440051,480.42070120919109,9471.098515615367,0.2917198229536163,0.044523782502078199,314.19373726963627,373.7322119161702,6638.5434948964789,0.4562309301601849,0.08621143804992158,272.3615036138526,322.2167574641441,6565.460429504705,0.30478217123006026,0.057593002877940318,36.228786180169468,43.11157725727791,742.511809426255,0.0,0.0,11.503239436703709,13.924684345156767,127.27137241486965,0.0,0.0,29.99182226930303,35.98439250910255,487.3277951133357,0.0,0.0,266.8296722622498,320.1007682101197,4327.856296458754,0.0,0.0,19.124405345027978,23.018453820682866,272.26910053940517,0.0,0.0,179.95265919261437,217.04697518380417,2359.9319879025908,42.9332916671769,29.446702103687874,353.5262482789991,422.4818984151369,7301.665297054595,0.0,0.0,197.78983123344728,238.87860979762147,2445.3248218351138,1288.9523245308956,21.59166086501401,40.96225604382667,21.75,30.0,0.0,20.39877078356377,44.00681825558233,16.0,30.0,2644.987355075626,21.958905834635073,40.05826008736149,22.0,30.0,0.0,20.008867889864008,50.23827923645659,19.0,30.0,0.0,15.29535460819634,60.25113802654488,12.0,30.0,0.0,17.90214317773929,51.32543738195467,16.0,30.0,0.0,17.890480288092858,51.33849707911245,10.0,30.0,203.98671055808689,16.892770448276055,54.56390572940499,16.5,30.0,0.0,16.32239897187023,56.62968780672171,16.0,30.0,0.0,19.020943440125519,0.0,0.0,0.0,15.929956888172765,0.0,0.0,520.3122611474187,516.3546965427306,522.2815448047807,821.5840295792268,494.08811985084136,509.1655144397587,508.3839512384481,501.39512213625769,504.18821214429098,10293.24329507876,81.1987056023471,84.88107724115868,162.0,0.0,162.0,162.0,16.0,19.0,16.0,16.0,16.0,12.0,21.0,10.0,1.0,0.0,1288.9523245308956,0.0,2644.987355075626,0.0,0.0,0.0,203.98671055808689,0.0,5572.501767614816,3343501.06056889,4333619.7759757549,81.1987056023471,84.94361613622059,0.35575005892049396,0.7697251042195551,0.36028137401965956,84.94361613622059,0.3542647819438875,4333619.7759757549,0.23144122835073928 
 03/06  17:40:00,9.846666666666668,82.66666666666666,7.376666666666667,3.3333333333333337,0.0,0.0,4.0,0.0,0.0,0.0,0.0,0.0,0.0,0.0,0.0,1842.0,0.0,4.718396548139374,1.154676095308909,2.958816608802424,0.14148215874855717,3.7657383050208699,0.0,1.1546760953089086,1.5785297637713856,0.0,0.0,20.713403110308876,-1376.3927525449099,20.301524736010074,-119.14473172402957,20.47212629751079,-210.95705905655945,19.394915434183589,-35.496554507529939,15.200784378999103,47.20325159480777,17.506154191340138,-6.687584270544602,17.316540216040964,189.61602461930418,16.175904695129696,-26.652722499580088,16.1782312089068,-43.54865848236748,904.3705196459673,806.8838277715381,0.0,0.0,0.0,0.0,0.0,0.0,0.0,0.0,0.0,0.0,0.0,0.0,0.0,0.0,0.0,0.0,0.0,0.0,0.0,0.0,0.0,0.0,0.9523255110248723,0.29069765293799507,320.1612827320994,379.5847141479927,7529.077007687539,0.19864821529118976,0.030318714177532008,167.1648501516766,198.72544030747799,3810.469498015608,0.914488455549619,0.17280583060272459,148.10146115884846,175.64914863595309,3389.5008993738758,0.3201529691547011,0.0604975376331634,36.248344756678608,43.17070331989589,743.5088181721066,0.0,0.0,11.646690363599456,14.104968480624525,130.43664455832897,0.0,0.0,30.08906814544144,36.11867355813321,479.45206254984,0.0,0.0,277.750295410473,333.36025638650838,4518.485321582253,0.0,0.0,24.82329164737612,29.931002559548145,336.0370807834032,0.0,0.0,181.2014791240184,218.747323977569,2352.9448891135086,43.07730123672185,29.54547409926052,250.65830253005152,299.8845522078695,5395.86865507505,0.0,0.0,205.24847538487576,247.99734757457606,2560.922923046064,1634.4279451907638,21.581169522329007,41.13911673534362,21.999999999999984,29.99999999999998,2024.2731565883185,21.478801827403044,41.328641075287048,21.999999999999984,29.99999999999998,0.0,21.222348350797995,42.0057666313333,20.999999999999987,29.99999999999998,0.0,19.957679497327704,50.24147654974281,18.999999999999987,29.99999999999998,0.0,15.308906680936908,60.34453503269698,11.999999999999993,29.99999999999998,0.0,17.700244680878247,51.98982813394533,15.999999999999988,29.99999999999998,0.0,17.860949762277636,51.54697888731012,9.999999999999993,29.99999999999998,0.0,16.489014123586104,56.06098645597599,15.999999999999988,29.99999999999998,0.0,16.20294715991668,57.160490938451648,15.999999999999988,29.99999999999998,0.0,18.926981395719513,0.0,0.0,0.0,15.934201745127787,0.0,0.0,534.6938305127558,527.6520303800435,530.3086153930644,818.1594524072152,500.9745576791151,509.9856489244547,515.7949034910457,505.82869493985199,509.8157489165257,9194.334424102937,81.92545229974127,83.10045502339107,161.9999999999999,0.0,161.9999999999999,161.9999999999999,21.0,19.0,16.0,16.0,16.0,12.0,21.0,10.0,1.0,0.0,1634.4279451907638,2024.2731565883185,0.0,0.0,0.0,0.0,0.0,0.0,1778.2035776945559,1066922.146616735,1384055.7931304996,81.92545229974127,83.12041047037998,0.3426067859231517,0.7682117364531648,0.3602813740196593,83.12041047037998,0.3542647819438872,1384055.7931304996,0.07807290124278599 
 03/06  17:50:00,9.793333333333333,82.83333333333334,7.378333333333334,0.0,0.0,0.0,4.0,0.0,0.0,0.0,0.0,0.0,0.0,0.0,0.0,614.0,0.0,0.0,0.0,0.0,0.0,0.0,0.0,0.0,0.0,0.0,0.0,20.60545826560017,-1656.6621100795165,20.32150065451131,-42.25425109870935,20.190176217738789,197.51369651960568,19.362014066422469,-50.6763174442475,15.215259453979354,46.10419422601785,17.375802786715079,10.46463502795109,17.333234523651116,175.39832082162503,15.987653326589064,-12.957326965709115,16.13463216538755,-20.062905579873588,908.6585819972406,822.3173413335389,0.0,0.0,0.0,0.0,0.0,0.0,0.0,0.0,0.0,0.0,0.0,0.0,0.0,0.0,0.0,0.0,0.0,0.0,0.0,0.0,0.0,0.0,0.9234650527614647,0.2818879892434264,338.24700362764886,400.39431131773287,7785.632787807526,0.16275101043013766,0.024839897806797567,52.50338751886112,62.13571784246635,1205.6113316693694,1.1124937981934449,0.21022180615900325,206.71704528868606,244.94096024594138,4643.64970732582,0.32267415779252225,0.06097395271967539,34.857377582914327,41.44807473822332,714.0819109274171,0.0,0.0,11.543616268667485,13.954176903274835,130.89406066832954,0.0,0.0,38.04515348620532,45.627908889330459,598.0301099465635,0.0,0.0,291.85791908232758,349.68359621367349,4787.137638476992,0.0,0.0,28.09224578274911,33.85334453297561,365.8989550345406,0.0,0.0,182.793106263431,220.33585640466237,2371.823324702382,43.161017674923737,29.602892781154837,243.67543585655364,290.5708352253141,5335.24699518433,0.0,0.0,210.60066263937464,254.01763379490607,2656.5731591116448,1821.0975351078219,21.340145875379805,41.87600808439423,22.0,30.0,0.0,21.29046574417925,41.85953457797696,21.0,30.0,127.12584474704097,20.91959501332854,42.8400186730703,21.0,30.0,0.0,19.881162591007429,50.54881536018422,19.0,30.0,0.0,15.322376260574873,60.43190154316204,12.0,30.0,0.0,17.527811450594393,52.6247997831634,16.0,30.0,0.0,17.871553858109928,51.57721622717365,10.0,30.0,0.0,16.16966229738995,57.322048795106159,16.0,30.0,0.0,16.141460512252036,57.46433680356053,16.0,30.0,0.0,18.94356609547087,0.0,0.0,0.0,15.946465608054382,0.0,0.0,544.6620325170788,533.010403701667,534.9249082422196,827.01400279295,507.9860325743638,514.49127996485,520.1142660398662,512.1065881475923,514.4388803388112,8879.499764481774,82.1336895070811,82.1336895070811,162.0,0.0,162.0,162.0,21.0,19.0,16.0,16.0,16.0,12.0,21.0,10.0,1.0,0.0,1821.0975351078219,0.0,127.12584474704097,0.0,0.0,0.0,0.0,0.0,0.0,0.0,0.0,82.1336895070811,82.1336895070811,0.34,0.771929283690021,0.36028137401965956,82.1336895070811,0.3542647819438875,0.0,0.006102 
 03/06  18:00:00,9.74,83.0,7.38,0.0,0.0,0.0,4.0,0.0,0.0,0.0,0.0,0.0,0.0,0.0,0.0,1535.0,0.0,0.0,0.0,0.0,0.0,0.0,0.0,0.0,0.0,0.0,0.0,20.684277502797323,-722.076845964485,20.353875443630615,-325.7699055565097,20.70975022838565,-756.1574853101763,19.362660760531378,-9.41518863774527,15.227639574156177,44.23567983179981,17.294452704903585,19.11785000357172,17.3010927667041,125.16105794693505,16.05648977988681,-13.91269861324879,16.11622411100383,-13.046398440696795,900.257987272938,814.5210666397755,0.0,0.0,0.0,0.0,0.0,0.0,0.0,0.0,0.0,0.0,0.0,0.0,0.0,0.0,0.0,0.0,0.0,0.0,0.0,0.0,0.0,0.0,1.00501361478376,0.3067807126934555,296.65523257532495,351.7006636779407,6975.754008084769,0.20318475380471427,0.031011104060548579,183.6399146864553,217.6089748716371,4294.589659304408,0.8168125900618023,0.1543485619920262,151.1727886439694,179.1990041112644,3656.882286209977,0.3414487341156198,0.06452168067188582,40.34072480698295,48.04346282481186,829.2361031115204,0.0,0.0,11.423161209771754,13.83060875959917,130.96062903232667,0.0,0.0,44.333076652669749,53.282811822252899,693.7952739413556,0.0,0.0,298.47046511618739,358.2956480498094,4881.962702416933,0.0,0.0,30.705998532080814,37.06809909595427,402.5572886478091,0.0,0.0,181.95576914147129,219.69746703345255,2372.8280933413345,43.33520215897316,29.72236087721069,236.74247285754726,283.03127026688778,5213.399075338104,0.0,0.0,211.81018804314363,255.9093843649642,2687.8534122842745,1094.167581508586,21.427512327142936,41.657113512465098,21.6,30.0,1382.6546334822402,21.3557527951127,41.814245961831748,21.6,30.0,1277.0236319104693,21.659040713178116,41.095489913392828,21.4,30.0,0.0,19.871688652200839,50.39354907089318,19.0,30.0,0.0,15.331748195172601,60.487508348325679,12.000000000000002,30.0,0.0,17.437237052386914,53.004608186773157,16.0,30.0,0.0,17.79521465929701,51.929724142133768,10.0,30.0,260.6310521472126,16.152853377040484,57.47796510345982,16.200000000000004,30.0,0.0,16.12093982314142,57.64161448423276,16.0,30.0,0.0,18.918110184942735,0.0,0.0,0.0,15.931142784089877,0.0,0.0,546.3879683158881,543.8175252075557,549.2610890765967,819.8079671068182,512.8860535352976,519.7051324849236,527.4855887312916,517.4031405697398,520.675378444379,9192.987325107759,81.92635166525702,83.28137523940035,162.0,0.0,162.0,162.0,21.0,19.0,16.0,16.0,16.0,12.0,21.0,10.0,1.0,0.0,1094.167581508586,1382.6546334822402,1277.0236319104693,0.0,0.0,0.0,260.6310521472126,0.0,2050.7220499938209,1230433.2299962925,1611673.5445259528,81.92635166525702,83.30438803805885,0.3403574016664607,0.767455751582927,0.36028137401965956,83.30438803805885,0.35426478194388757,1611673.5445259528,0.08990902431534953 
 03/06  18:10:00,9.708333333333334,83.16666666666667,7.41,0.0,0.0,0.0,0.0,0.0,0.0,0.0,0.0,4.0,0.0,0.0,0.0,614.0,0.0,0.0,0.0,0.0,0.0,0.0,0.0,0.0,0.0,0.0,0.0,20.58639509685979,-807.5113340352259,20.72356639630123,-165.8363792363568,20.50566681200565,-1028.974875051017,19.52851698681336,481.8537389544049,15.238642372472217,41.52465227243792,17.215190971613209,23.219920546655545,17.260128116792378,136.2107378651881,16.46352452697822,-50.564303253407789,16.09896583143186,-14.919451915251557,848.5205007911445,790.9113782931531,0.0,0.0,0.0,0.0,0.0,0.0,0.0,0.0,0.0,0.0,0.0,0.0,0.0,0.0,0.0,0.0,0.0,0.0,0.0,0.0,0.0,0.0,1.0181568142574547,0.3107926783447664,197.51306937163535,233.5095539406353,4625.250099952023,0.09729228950328266,0.014849250534689052,22.836943230542418,26.93056946491791,564.2566609074099,1.1040577300075428,0.20862768896590007,334.0429494609334,396.2248179964727,7654.6679171814689,0.29710897289813156,0.056143040986041479,296.8631848469471,353.0449371643756,6337.748664184191,0.0,0.0,11.063567600292434,13.374583183074535,127.7578221878106,0.0,0.0,43.65153645825491,52.40343846060313,677.771996967379,0.0,0.0,290.01453488535278,347.71509785076605,4718.211034916789,0.0,0.0,23.7683238489808,28.58521140061951,352.27340045104168,0.0,0.0,182.50422510581144,220.02309187185115,2384.0083975697837,43.340538006481967,29.726020580577484,314.15417175344376,375.39608222011148,6524.893784204098,0.0,0.0,205.11379521289633,247.49003032868746,2594.022134154735,1181.238735793629,21.31393210154922,43.4203999592102,21.5,30.0,822.6109574962902,22.037405595734407,43.521188061090658,22.0,30.0,1901.5187879462383,21.34718836508806,41.9362020834741,21.5,30.0,0.0,20.284983007635206,44.787808216721057,16.0,30.0,0.0,15.339594803150734,60.56861778556696,12.0,30.0,0.0,17.339893196054726,53.422075823392507,16.0,30.0,0.0,17.715726363336068,52.21499533710694,10.0,30.0,395.99478642051965,16.988870758470779,54.580601284637499,17.0,30.0,0.0,16.0980524377115,57.80553234547426,16.0,30.0,0.0,18.734560389796575,0.0,0.0,0.0,15.875200668143473,0.0,0.0,644.3412841015761,747.8523534617651,550.9429483372292,554.5083433960676,519.2284934559705,525.9290903241054,529.4477035795944,523.0652423059531,525.7262173424568,11274.260406161546,80.54988638156262,87.87558531250122,240.0,0.0,240.0,240.0,21.0,16.0,16.0,16.0,16.0,12.0,21.0,10.0,1.0,0.0,1181.238735793629,822.6109574962902,1901.5187879462383,0.0,0.0,0.0,395.99478642051965,0.0,11085.9836016654,6651590.16099924,8701196.249068967,80.54988638156262,88.0,0.36953278672218006,0.7644415299851957,0.36028137401965956,88.0,0.3542647819438875,8701196.249068967,0.4615022049515862 
 03/06  18:20:00,9.676666666666668,83.33333333333334,7.44,0.0,0.0,0.0,0.0,0.0,0.0,0.0,0.0,4.0,0.0,0.0,0.0,921.0,0.0,0.0,0.0,0.0,0.0,0.0,0.0,0.0,0.0,0.0,0.0,20.763454914848077,-1437.66599153503,20.492908361115448,-168.08444050681127,20.614257579054198,-579.195857318389,19.5455306396599,413.5920767068078,15.24714007096243,41.02223723288292,17.156648175544249,30.243278419498578,17.279626424465989,164.2014646312048,16.34194530244456,-33.47373613848298,16.076279489919615,-33.78746527280993,894.045773470435,793.5826983382719,0.0,0.0,0.0,0.0,0.0,0.0,0.0,0.0,0.0,0.0,0.0,0.0,0.0,0.0,0.0,0.0,0.0,0.0,0.0,0.0,0.0,0.0,1.0254592303351598,0.3130217430815505,267.0797579729383,316.0944280398465,6385.3220932214849,0.06497538405899793,0.009916877908882465,25.184330476693377,29.801455172803434,600.5436150690754,1.1851548831675203,0.2239521699107181,298.9511060125964,354.3741397373977,6989.589965003611,0.3143225987447784,0.0593958047514698,317.09349873442218,377.2122673272279,6765.186976373365,0.0,0.0,11.26120956252209,13.62390297031717,130.8598720670434,0.0,0.0,47.33096339877795,56.86888332592234,731.8203780958736,0.0,0.0,295.55722424744917,354.551148049077,4847.508169706911,0.0,0.0,20.480589751634076,24.6552763600071,292.4113331444207,0.0,0.0,186.97956507873207,225.63587551340442,2441.4776355554956,43.63026340203612,29.92473484364617,313.56491496379865,374.8504760189776,6631.402023232402,0.0,0.0,205.59506800139833,248.27017258903036,2601.482816680734,1847.5143433587514,21.617770507769586,41.71723327516134,21.999999999999994,29.99999999999999,0.0,21.556371957782546,47.252340230584469,20.999999999999994,29.99999999999999,991.4384961397923,21.354597899606,42.75523425480193,21.333333333333326,29.99999999999999,0.0,20.284237291471564,45.64260097094828,15.999999999999993,29.99999999999999,0.0,15.344237771382284,60.70024498951289,11.999999999999995,29.99999999999999,0.0,17.276256633121688,53.889652746618398,15.999999999999993,29.99999999999999,0.0,17.750933496742986,52.60505119047951,9.999999999999997,29.99999999999999,0.0,16.691408488274278,55.71759772348992,15.999999999999993,29.99999999999999,0.0,16.063879733224657,58.153320531516289,15.999999999999993,29.99999999999999,0.0,18.875383297612989,0.0,0.0,0.0,15.846284674152999,0.0,0.0,584.8594521249202,880.672846728376,606.8558580844535,606.2184458394658,526.9627097799407,539.7572538920206,557.3941561676385,528.5468860314815,537.2859458688488,8959.572236702385,82.08071944183053,82.08071944183053,239.99999999999992,0.0,239.99999999999992,239.99999999999992,21.0,16.0,16.0,16.0,16.0,12.0,21.0,10.0,1.0,0.0,1847.5143433587514,0.0,991.4384961397923,0.0,0.0,0.0,0.0,0.0,0.0,0.0,0.0,82.08071944183053,82.08071944183053,0.3399999999999999,0.7693851435588586,0.36028137401965945,82.08071944183053,0.35426478194388735,0.0,0.009026666666666668 
 03/06  18:30:00,9.645,83.5,7.47,0.0,0.0,0.0,0.0,0.0,0.0,0.0,0.0,4.0,0.0,0.0,0.0,2149.0,0.0,0.0,0.0,0.0,0.0,0.0,0.0,0.0,0.0,0.0,0.0,20.84286441911115,-1321.6291606722153,20.42112980562697,-114.5901132284446,20.767850576928518,-929.8078396684274,19.593173777458053,504.3091715582151,15.257871569732478,42.304577108739668,17.11313481693021,40.80115768283903,17.30210495143649,155.90706665774253,16.13204498706161,-24.960624106718428,16.06127328623224,-8.951426077709705,922.1015958841774,813.1270882850656,0.0,0.0,0.0,0.0,0.0,0.0,0.0,0.0,0.0,0.0,0.0,0.0,0.0,0.0,0.0,0.0,0.0,0.0,0.0,0.0,0.0,0.0,1.0007207841465325,0.3054703248310536,247.39310241022967,293.15263606706278,5962.142987270867,0.14671517735684007,0.02239242633651403,16.394675054750527,19.44395282738632,382.17582260613036,1.1450438804732719,0.21637261535776099,326.71763384501988,387.38817487966358,7739.546561834739,0.3146335448631736,0.0594545625213857,329.16372186164298,391.78849990109458,7093.176893448739,0.0,0.0,11.499740711756849,13.92617297700637,134.57452210443194,0.0,0.0,51.134237770719717,61.51646238721116,789.6804593382622,0.0,0.0,306.3755035471838,367.90466502768848,5058.362699841284,0.0,0.0,25.868591097363614,31.211569037413534,355.04138165488458,0.0,0.0,186.36561616861199,225.1366702163741,2439.69460797807,43.8205794164622,30.055267089480226,330.4958006502435,395.245178865674,7033.045357443053,0.0,0.0,211.52162127719323,255.66071445629079,2706.4504773389046,1816.2434039182788,21.69813170451459,41.408003108305127,21.999999999999976,29.999999999999969,0.0,21.176792676714745,49.94521931834948,20.99999999999998,29.999999999999969,1235.036483932881,21.399120035554494,42.121035563855567,21.285714285714265,29.999999999999969,0.0,20.36229182619799,45.104473501792529,15.999999999999983,29.999999999999969,0.0,15.353731779749177,60.90990935000217,11.999999999999986,29.999999999999969,0.0,17.234873750155275,54.306579238007788,15.999999999999983,29.999999999999969,0.0,17.775584895291759,52.57210242052747,9.99999999999999,29.999999999999969,0.0,16.371830233155188,57.187573894771897,15.999999999999983,29.999999999999969,0.0,16.049033074289868,58.611891172342939,15.999999999999983,29.999999999999969,0.0,18.945005461404578,0.0,0.0,0.0,15.886924666432533,0.0,0.0,577.9854285767649,967.1692432081395,575.0480284666352,586.9967574799114,539.259137304783,555.2202364041141,561.3508339584904,545.6425810896159,557.8900772911217,9814.260697487352,81.51553279162283,83.46003803450559,239.99999999999975,0.0,239.99999999999975,239.99999999999975,21.0,16.0,16.0,16.0,16.0,12.0,21.0,10.0,1.0,0.0,1816.2434039182788,0.0,1235.036483932881,0.0,0.0,0.0,0.0,0.0,2942.843042267681,1765705.8253606104,2302729.1209871617,81.51553279162283,83.49306218884414,0.340951910932732,0.7687171328340516,0.3602813740196592,83.49306218884414,0.3542647819438872,2302729.1209871617,0.12875524762466573 
 03/06  18:40:00,9.613333333333334,83.66666666666667,7.5,0.0,0.0,0.0,0.0,0.0,0.0,0.0,0.0,4.0,0.0,0.0,0.0,2763.0,0.0,0.0,0.0,0.0,0.0,0.0,0.0,0.0,0.0,0.0,0.0,20.778866731685385,-705.5079204129994,20.58326603784926,-157.66399310238703,20.867929767888229,-1346.5387817541205,19.725844788428647,473.4478413298739,15.270908454479738,43.40694699808671,18.07009230116106,-106.15425626850029,17.317173538272394,149.3926144878926,17.05838278734942,-50.459311983646319,16.05665517837364,-18.17373715062871,944.7462660226571,822.215993079001,0.0,0.0,0.0,0.0,0.0,0.0,0.0,0.0,0.0,0.0,0.0,0.0,0.0,0.0,0.0,0.0,0.0,0.0,0.0,0.0,0.0,0.0,1.078585634022517,0.3292385940239681,163.3895238430539,193.83051851479378,3911.881546999339,0.09771674975474798,0.014914033845352282,25.725438618102804,30.407528391330094,625.6973303248194,1.1065809462964325,0.2091044872064315,317.084647391245,376.0340030311328,7636.638711257521,0.29985089172038267,0.05666116623590007,313.2094898234051,372.74664531139697,6898.24473987832,0.0,0.0,11.3435795218563,13.739755529579379,133.78661335538693,0.0,0.0,51.62800631781641,61.76422715618068,948.8899424822849,0.0,0.0,298.87469796211937,358.9248532281391,4959.777744801805,0.0,0.0,20.305537165898433,24.385460729019845,337.3505979341749,0.0,0.0,197.95722171902529,239.15708908893769,2603.035038409458,44.0159528015969,30.189268039504126,319.91018022831698,382.6351582621611,6957.450416158309,0.0,0.0,209.27429324619969,252.99358480176563,2691.8975052498719,912.710995500249,21.497471663299714,42.29216493884365,21.555555555555597,30.000000000000065,1079.9763253370837,21.598820605361646,49.579660636323769,21.66666666666671,30.000000000000065,1650.660965265027,21.534540403384285,41.668843999027419,21.444444444444487,30.000000000000065,0.0,20.57569017547838,44.36722036345372,16.000000000000033,30.000000000000065,0.0,15.367469568909556,61.06053399300724,12.000000000000029,30.000000000000065,1818.1761284813416,18.540849767681985,50.2283477877927,20.000000000000044,30.000000000000065,0.0,17.787506205044694,52.70480058857714,10.000000000000022,30.000000000000065,1367.236352272059,17.79103413181137,52.525032089218729,20.700000000000047,30.000000000000065,0.0,16.04617542784355,58.71938825595242,16.000000000000033,30.000000000000065,0.0,19.05239777162791,0.0,0.0,0.0,15.888851674838147,0.0,0.0,597.9646509011301,1026.9179103399827,569.0559662292302,578.5119284402344,549.9378668408093,565.5915412887706,570.8402425140454,557.5486136156987,564.1072425409442,10758.337014546527,80.89114134890252,86.44350006404248,240.0000000000005,0.0,240.0000000000005,240.0000000000005,21.0,16.0,19.0,16.0,19.7,12.0,21.0,10.0,1.0,0.0,912.710995500249,1079.9763253370837,1650.660965265027,0.0,1818.1761284813416,0.0,1367.236352272059,0.0,8402.606551791005,5041563.931074591,6572712.0629354719,80.89114134890252,86.5377975475915,0.35564244061525598,0.765984048319434,0.36028137401966039,86.5377975475915,0.3542647819438883,6572712.0629354719,0.3507810272726446 
 03/06  18:50:00,9.581666666666667,83.83333333333333,7.529999999999999,0.0,0.0,0.0,0.0,0.0,0.0,0.0,0.0,4.0,0.0,0.0,0.0,1535.0,0.0,0.0,0.0,0.0,0.0,0.0,0.0,0.0,0.0,0.0,0.0,20.683107744949987,-652.4928333261756,20.586004587587245,-110.35339054979339,20.870300386507269,-1376.429580442836,19.81408917721938,557.7019857619777,15.287055928535385,49.668218328123348,18.77066181910253,-334.9946534484668,17.387108299196578,214.99828212890356,18.224480033294197,-167.9360365910739,16.052477051801497,20.044321165833936,991.5552307053827,940.2035553478334,0.0,0.0,0.0,0.0,0.0,0.0,0.0,0.0,0.0,0.0,0.0,0.0,0.0,0.0,0.0,0.0,0.0,0.0,0.0,0.0,0.0,0.0,1.0539018963188478,0.32170387555520377,164.1485408267131,194.4297045832484,3965.5479799514725,0.11450492849509493,0.01747633218789605,21.646448891738559,25.614250431600746,522.6071628677307,1.0930573459311779,0.20654900716764519,343.0917103827504,406.511631865783,8317.342103565505,0.30688193618555018,0.05798978385970334,332.2762378655291,395.0401736452962,7428.784523506058,0.0,0.0,12.254643931677528,14.832998744856637,145.83473006605079,0.0,0.0,81.04817369697943,96.59990421145567,1667.9421729309373,0.0,0.0,334.7076069759276,401.56166171385396,5667.752834704407,0.0,0.0,33.62385078229063,40.045145503999759,698.0854629257167,0.0,0.0,218.46424447749789,263.7958170967285,2887.4474474220089,44.29507885186835,30.380712518428234,347.49974341890228,415.10231480067957,7662.927265126178,0.0,0.0,225.17971434504737,271.86923529793588,2996.650568994683,732.8305195882075,21.611521452899554,42.03375328124902,21.4,30.0,0.0,21.595739806749074,49.33805287687103,21.0,30.0,1364.441327335221,21.644953923075105,41.406009616494589,21.6,30.0,0.0,20.71563602810199,43.94293964054207,16.0,30.0,0.0,15.387420932899032,61.2065963655009,12.000000000000002,30.0,890.1048809017659,19.78206254048106,46.69136000668397,19.6,30.0,0.0,17.92071099404315,52.43086803995274,10.0,30.0,1276.0459102378014,19.79049874625288,46.48971792074622,20.7,30.0,0.0,16.04645946253295,58.905041071398759,16.0,30.0,0.0,19.234738616584467,0.0,0.0,0.0,16.07221495894481,0.0,0.0,599.9835455963985,1010.4740009485589,570.0154922960896,576.2696265369293,560.9131078318926,579.1698469527347,578.9989446220004,568.8915335609125,572.601635481863,9726.960591623867,81.57310480782138,84.56222911089921,240.0,0.0,240.0,240.0,21.0,16.0,19.0,16.0,19.7,12.0,21.0,10.0,1.0,0.0,732.8305195882075,0.0,1364.441327335221,0.0,890.1048809017659,0.0,1276.0459102378014,0.0,4523.342695473685,2714005.6172842115,3542167.2709843649,81.57310480782138,84.61299436477715,0.3547780898491229,0.7676072114630945,0.36028137401965956,84.61299436477715,0.35426478194388757,3542167.2709843649,0.1932060314245203 
 03/06  19:00:00,9.55,84.0,7.56,0.0,0.0,0.0,0.0,0.0,0.0,0.0,0.0,4.0,0.0,0.0,0.0,1228.0,0.0,0.0,0.0,0.0,0.0,0.0,0.0,0.0,0.0,0.0,0.0,20.908294403683745,-986.2842317646645,20.35208149598567,-89.51415077339274,20.829096652061076,-1102.2822363502979,19.768097285135175,354.14349186027337,15.30589895084843,48.24934334914026,18.637336019469467,-251.46794236311303,17.39021504930933,157.66374392844274,18.859232936218406,-298.05343121873889,16.09226064218408,62.15107330067508,962.8774140808082,990.4252760928796,0.0,0.0,0.0,0.0,0.0,0.0,0.0,0.0,0.0,0.0,0.0,0.0,0.0,0.0,0.0,0.0,0.0,0.0,0.0,0.0,0.0,0.0,0.9980483024207981,0.30465454896849766,218.87373639607999,259.1482814765229,5341.286445557813,0.11888580231114156,0.018144963722701705,18.861021570457525,22.357124586662964,443.0064051119635,1.1393903954815046,0.21530430753618763,349.19822519795926,413.63332393257579,8351.622487361203,0.2920063082464127,0.05517881864066754,256.033002439617,304.12331255336246,5686.529205283456,0.0,0.0,11.839872902948632,14.326841322277505,142.23108591578063,0.0,0.0,75.72644305121648,90.39577568678367,1500.6913526743502,0.0,0.0,327.39183984622727,392.7753266424155,5546.674496009293,0.0,0.0,46.10804984341705,54.75784874548152,1038.6411694316938,0.0,0.0,221.01021372522093,266.7709512040153,2968.213764335723,44.259832658319279,30.35653817443024,339.6612111966084,405.53403341893866,7456.098777049269,0.0,0.0,228.9759811378833,276.26039102741978,3140.091042243661,1840.5436645290438,21.80356806517591,41.289399542126059,22.0,30.0,0.0,21.19066625016102,51.13316969718856,21.0,30.0,1954.335603630625,21.411921034520387,42.158068946557268,21.5,30.0,0.0,20.56652639349436,44.604546178325147,16.0,30.0,0.0,15.411253458986839,61.297950995309808,12.0,30.0,875.3160991916477,19.362059404922215,47.95816504284531,19.5,30.0,0.0,17.89570585765835,52.53796829707326,10.0,30.0,1248.323017434729,20.744777603656666,43.95591849577605,20.7,30.0,0.0,16.121685997212866,58.752797111069288,16.0,30.0,0.0,19.14129409618556,0.0,0.0,0.0,16.25046714924198,0.0,0.0,585.873743486052,1040.402097605733,577.2207313850123,589.3140035962132,569.5686325877564,581.0996253924805,580.6475440887541,577.6907853484954,578.385210867189,9116.547635585364,81.97677616707296,83.84658617045528,240.0,0.0,240.0,240.0,21.0,16.0,19.0,16.0,19.7,12.0,21.0,10.0,1.0,0.0,1840.5436645290438,0.0,1954.335603630625,0.0,875.3160991916477,0.0,1248.323017434729,0.0,2829.5215400331087,1697712.9240198653,2198606.9889861836,81.97677616707296,83.87834175165593,0.3493173846677703,0.7686399807122911,0.36028137401965956,83.87834175165593,0.3542647819438875,2198606.9889861836,0.12335423009394822 
 03/06  19:10:00,9.531666666666667,84.16666666666667,7.558333333333334,0.0,0.0,0.0,0.0,1.0,2.0,0.0,0.0,4.0,0.0,0.0,0.0,1535.0,0.0,0.0,0.0,0.0,0.0,0.0,0.0,0.0,0.0,0.0,0.0,20.767020231985066,-618.467670454065,20.596736117649628,-131.14138495319274,20.898056270730913,-1222.921797615768,19.78659310483137,375.20243945088989,15.318754648013636,44.63460274600014,18.88803569476507,-72.3539941912126,17.321155770619244,71.4030334935538,18.57873300786682,-228.12106543461852,16.128778323608047,38.43215757121653,904.9835455729707,910.5884932973905,0.0,0.0,0.0,0.0,0.0,0.0,0.0,0.0,0.0,0.0,0.0,0.0,0.0,0.0,0.0,0.0,0.0,0.0,0.0,0.0,0.0,0.0,1.0473141993423763,0.3196929790422394,149.71884554391967,177.69886670271485,3574.3935956766147,0.0983571246206792,0.015011771157002323,22.394114586966987,26.46965924038885,542.458589008485,1.0903003963219158,0.2060280416330152,296.2005960115592,351.01772743373786,7134.9108751574099,0.2857224047843645,0.05399138412402957,290.13979315324777,344.91888685951906,6447.088438017418,0.0,0.0,11.27146780537344,13.642185233345004,136.1021110626669,0.0,0.0,14.714528978740324,17.538574296992225,305.79586106857428,0.0,0.0,249.35407097360889,299.4130296831635,4149.569967278816,0.0,0.0,44.77634278459887,53.340353884872,948.4814212671568,0.0,0.0,206.0426431561918,248.73355211681685,2798.225433367802,44.21710442156807,30.327232113558354,289.2511761493966,345.74340051749189,6371.432048906633,0.0,0.0,213.72437644643186,258.01721113075146,2902.8092049023837,786.9097981139564,21.46084382131287,42.62828556453502,21.4,30.0,1018.0071468646238,21.462161432906798,50.903486166568217,21.6,30.0,1587.5527739096534,21.505942956454786,41.77622503772703,21.4,30.0,0.0,20.582484359272074,44.435516907986308,16.0,30.0,0.0,15.424173873750418,61.36008175156056,12.000000000000002,30.0,320.44798757732635,19.837467966678063,48.093649044110978,19.400000000000003,30.0,0.0,17.722250407203153,53.247903283306538,10.0,30.0,348.31905783095149,20.03423966453824,46.74518364838424,19.9,30.0,0.0,16.179181790861699,58.627758773870898,16.0,30.0,0.0,18.960115763586189,0.0,0.0,0.0,16.16129607933201,0.0,0.0,612.8010952486079,1081.723213732862,570.6286204088101,583.2036727393862,575.1553445651895,674.841216220547,587.3722989996071,622.6656027838831,583.0335044889837,10257.084066180238,81.22251417870598,84.35962684640356,270.0,0.0,270.0,270.0,21.0,16.0,19.0,16.0,19.7,12.0,21.0,10.0,1.0,0.0,786.9097981139564,1018.0071468646238,1587.5527739096534,0.0,320.44798757732635,0.0,348.31905783095149,0.0,4747.0276882864659,2848216.612971879,3701776.97898461,81.22251417870598,84.41290543400041,0.3622342562762155,0.7700650137617653,0.36028137401965956,84.41290543400041,0.35426478194388757,3701776.97898461,0.20266240290719973 
 03/06  19:20:00,9.513333333333336,84.33333333333334,7.556666666666667,0.0,0.0,0.0,0.0,1.0,2.0,0.0,0.0,4.0,0.0,0.0,0.0,921.0,0.0,0.0,0.0,0.0,0.0,0.0,0.0,0.0,0.0,0.0,0.0,20.73943167714023,-661.0328140675448,20.70658208471432,-174.11218235750835,20.8180392892286,-892.1741524519084,19.748984698037675,252.70771501730685,15.326596076956898,41.52278516075063,18.557009746371777,-42.85755077777953,17.25619742793682,84.29080610206253,19.00438730923891,-315.2387190459445,16.12185977691485,5.503237150513388,872.6154449129853,921.7722131789127,0.0,0.0,0.0,0.0,0.0,0.0,0.0,0.0,0.0,0.0,0.0,0.0,0.0,0.0,0.0,0.0,0.0,0.0,0.0,0.0,0.0,0.0,1.0814926143395354,0.33012595065309377,146.0484147331279,173.05890443838664,3460.848979108596,0.030829449870621526,0.004705349491853101,30.694375421356445,36.27226380537832,743.3881958660844,1.1419275589919927,0.21578374130612106,248.83989813917487,294.9545200683247,5917.210742762061,0.27965350597357166,0.0528445778483695,262.28644986970076,311.775453590946,5791.4576000723759,0.0,0.0,10.844087442781975,13.113973850089927,131.44868865216487,0.0,0.0,13.785564908667,16.442380417779725,271.45187482087746,0.0,0.0,241.1606061419268,289.43019948239347,3969.2576440963678,0.0,0.0,48.13103624565355,57.12750564289613,1085.8280894154073,0.0,0.0,201.48710241225192,243.02571186652126,2735.9985734041536,44.15010891208748,30.281281832707465,258.6238857528254,309.15068364774569,5720.314339411854,0.0,0.0,209.29940936078158,252.4880662181025,2825.159554642205,911.572915092975,21.402681983685555,43.09704720891802,21.333333333333326,29.99999999999999,0.0,21.63006770207416,49.18186690847998,20.999999999999994,29.99999999999999,1228.3802042764428,21.35070711224967,42.47955529155695,21.333333333333326,29.99999999999999,0.0,20.49126817180686,44.952205043272417,15.999999999999993,29.99999999999999,0.0,15.428406172649325,61.55133548001865,11.999999999999995,29.99999999999999,0.0,19.262572870078026,52.178165908565429,18.999999999999994,29.99999999999999,0.0,17.61262343587724,53.8502200543751,9.999999999999997,29.99999999999999,1229.0029565409289,20.72829979824275,45.124869643730139,20.69999999999999,29.99999999999999,0.0,16.158839186355978,58.957710030723209,15.999999999999993,29.99999999999999,0.0,18.863451114162296,0.0,0.0,0.0,16.10465757208182,0.0,0.0,630.2423092194041,1008.0879819817176,587.2341392274338,597.4008566800089,584.6906841102267,812.2259024064063,598.4837860140101,647.2231016984842,594.6861519651892,10182.840968213384,81.27150082768574,84.03871057046095,269.9999999999999,0.0,269.9999999999999,269.9999999999999,21.0,16.0,19.0,16.0,19.7,12.0,21.0,10.0,1.0,0.0,911.572915092975,0.0,1228.3802042764428,0.0,0.0,0.0,1229.0029565409289,0.0,4186.938315999909,2512162.989599946,3253788.3077046826,81.27150082768574,84.08570697839918,0.3662312771999969,0.7689724698840936,0.36028137401965945,84.08570697839918,0.35426478194388735,3253788.3077046826,0.1794719920006435 
 03/06  19:30:00,9.495000000000001,84.5,7.555,0.0,0.0,0.0,0.0,1.0,2.0,0.0,0.0,4.0,0.0,0.0,0.0,1535.0,0.0,0.0,0.0,0.0,0.0,0.0,0.0,0.0,0.0,0.0,0.0,20.911355802832,-1473.0194576171019,20.44925129189642,-100.87617132145354,20.75559958224478,-352.65695905496838,19.706609898667915,376.3910516960034,15.33475297195697,43.24828916263837,18.75722082906274,-75.4743153935267,17.290692096636847,187.0949816065608,18.708664049982735,-244.77691124397917,16.112990568668246,6.715336266374289,913.4471011026377,888.1663145407775,0.0,0.0,0.0,0.0,0.0,0.0,0.0,0.0,0.0,0.0,0.0,0.0,0.0,0.0,0.0,0.0,0.0,0.0,0.0,0.0,0.0,0.0,0.9917002398887671,0.3027168009428471,262.1741419351379,310.36609673669599,6410.828054508311,0.11861823640680677,0.01810412643571532,19.372368381570117,22.958013832666738,459.1207090616464,1.1560871106301956,0.218459393543121,289.6735931886803,343.71979740267548,6815.560351480449,0.3040734971203837,0.05745908864708685,305.1778400974103,363.0383292407215,6710.1262770696789,0.0,0.0,11.749794121513066,14.216591111395614,142.9893606470646,0.0,0.0,15.25258500263103,18.187889644692164,306.99698931852626,0.0,0.0,249.20219335850255,299.16045864881178,4150.199268759929,0.0,0.0,44.78245059633965,53.33982993537913,953.6499923349222,0.0,0.0,200.9738255578947,242.56107515824594,2729.7376880226208,44.261483012824,30.357670104817573,301.54351617789896,360.5599988537121,6591.081229777943,0.0,0.0,208.22917896602099,251.3649433687674,2810.2574061809725,1672.7383879045906,21.693352318248196,41.670552792152609,22.0,30.0,0.0,21.253291849589638,50.51665866206632,21.0,30.0,0.0,21.191875367353974,42.85888075803746,21.0,30.0,0.0,20.435400076910569,45.08546875348289,16.0,30.0,0.0,15.434405495806678,61.76949227286297,12.000000000000002,30.0,892.4083773938321,19.464916956960054,52.55060637559365,19.6,30.0,0.0,17.69342557798371,53.70527568399466,10.0,30.0,303.9509950783424,20.044038611077878,47.36126592749308,19.9,30.0,0.0,16.14291678398951,59.42946416858618,16.0,30.0,0.0,18.944374577865294,0.0,0.0,0.0,16.08595023347068,0.0,0.0,592.6800566047054,1018.2699586516238,586.4489446277456,596.347431067345,595.3017412729843,879.6604875673565,605.6707821000729,660.2317655500674,613.3599061300816,9186.991109227347,81.93031413495538,83.34364126139201,270.0,0.0,270.0,270.0,21.0,16.0,19.0,16.0,19.7,12.0,21.0,10.0,1.0,0.0,1672.7383879045906,0.0,0.0,0.0,892.4083773938321,0.0,303.9509950783424,0.0,2138.8693212714608,1283321.5927628764,1665739.3748417665,81.93031413495538,83.36764424792298,0.34329564404238208,0.7710500242842371,0.36028137401965956,83.36764424792298,0.35426478194388757,1665739.3748417665,0.09699844749177186 
 03/06  19:40:00,9.476666666666667,84.66666666666667,7.553333333333333,0.0,0.0,0.0,0.0,1.0,2.0,0.0,0.0,4.0,0.0,0.0,0.0,921.0,0.0,0.0,0.0,0.0,0.0,0.0,0.0,0.0,0.0,0.0,0.0,21.090755832222209,-1209.5621526334904,20.58369157463693,-75.05158005581498,21.028832061073236,-1384.0226628110605,19.734254646568919,527.9711646194164,15.34674516302076,44.49119365690988,18.845642141126328,-81.90361647551498,17.335647431580488,125.87086165492173,19.130702350084748,-312.9184771901549,16.10849123830155,16.978059562346677,943.0526208479614,938.7727842839247,0.0,0.0,0.0,0.0,0.0,0.0,0.0,0.0,0.0,0.0,0.0,0.0,0.0,0.0,0.0,0.0,0.0,0.0,0.0,0.0,0.0,0.0,0.9778724363881388,0.29849585970333927,240.48308586010433,284.639197021234,5962.484281988121,0.15075951821101037,0.023009694476649944,14.65693832246787,17.363790368721156,347.2995662665924,1.0906375305114887,0.20609174801804409,363.4079798057064,429.58982739096578,8963.602592919242,0.3097497934228672,0.058531706996006658,336.4172394539195,399.54603952213815,7455.484884270914,0.0,0.0,11.872935009981522,14.353878087909685,145.2475676194607,0.0,0.0,15.793021573079029,18.808330124818597,321.9951494255949,0.0,0.0,253.63414140552269,304.20633083424669,4258.658125360183,0.0,0.0,47.680818481503809,56.579124075081129,1081.247572741606,0.0,0.0,207.4567206829837,250.1900117095031,2822.2446130627006,44.2878419286287,30.37574892224193,354.7750324858015,423.2593412591361,7766.219923825278,0.0,0.0,215.18401831308842,259.48858709268958,2941.4275320920926,1898.249351369782,21.96364906119779,40.97097567566102,22.000000000000008,30.00000000000001,693.8851777302093,21.284379276033208,51.932133028544658,21.333333333333344,30.00000000000001,2291.8300834493259,21.71449894293572,41.448590833524487,21.666666666666676,30.00000000000001,0.0,20.480372715507177,44.93999021264945,16.000000000000008,30.00000000000001,0.0,15.44736866352795,61.875727286717637,12.000000000000006,30.00000000000001,0.0,19.585616948725595,52.69114210569217,19.000000000000008,30.00000000000001,0.0,17.745039752610667,53.57004618311975,10.000000000000004,30.00000000000001,1218.575164512431,20.751453534954018,45.39604570758786,20.700000000000008,30.00000000000001,0.0,16.134449410435268,59.61370000958773,16.000000000000008,30.00000000000001,0.0,19.075004078688666,0.0,0.0,0.0,16.152605446873058,0.0,0.0,590.8291795050776,1113.1593969091123,582.1287557617413,595.2485773418428,602.4227245238387,912.6508781510995,608.3370762948499,668.0667651310304,620.8300068152323,9651.287710540364,81.62329552638954,83.88650254842324,270.0000000000001,0.0,270.0000000000001,270.0000000000001,21.0,16.0,19.0,16.0,19.7,12.0,21.0,10.0,1.0,0.0,1898.249351369782,693.8851777302093,2291.8300834493259,0.0,0.0,0.0,1218.575164512431,0.0,3425.179355157622,2055107.6130945716,2666691.0222173316,81.62329552638954,83.92493931698907,0.34083931183858748,0.7717962994266154,0.3602813740196597,83.92493931698907,0.3542647819438876,2666691.0222173316,0.14915293315530124 
 03/06  19:50:00,9.458333333333333,84.83333333333334,7.551666666666667,0.0,0.0,0.0,0.0,1.0,2.0,0.0,0.0,4.0,0.0,0.0,0.0,1535.0,0.0,0.0,0.0,0.0,0.0,0.0,0.0,0.0,0.0,0.0,0.0,20.890882239576045,-686.8874293219411,20.860812109753434,-182.8583808551267,21.03239637763312,-1354.332582123769,19.87128839687044,409.49325184293346,15.358087321107597,42.25658717275135,18.551467056289387,-41.52421308572475,17.31277014749739,89.56097227613245,18.968863506673416,-266.1380763612643,16.122164038637565,26.865800642827165,936.0822770569605,904.7308698910847,0.0,0.0,0.0,0.0,0.0,0.0,0.0,0.0,0.0,0.0,0.0,0.0,0.0,0.0,0.0,0.0,0.0,0.0,0.0,0.0,0.0,0.0,1.1205946974326635,0.34206187345319397,176.4644486989494,209.08221537762493,4296.351461844562,0.0499069481024029,0.007617055571184814,30.61354150511479,36.16515283624118,758.9930057922505,1.125389768843633,0.21265868647838885,319.0264235981098,377.7431326570375,7787.150393814878,0.29750759804736767,0.05621836697796062,300.2523380544023,356.7899355082676,6772.0458335846819,0.0,0.0,11.0599720433277,13.381011350192005,135.92858839160309,0.0,0.0,14.311088558318169,17.083943227394849,280.58025674548278,0.0,0.0,244.40503155358173,293.42306012049087,4078.619651888443,0.0,0.0,47.5177749932562,56.53120086615043,1037.060537182633,0.0,0.0,203.26596550585948,245.30858947695067,2781.7571055326036,44.37384016596471,30.434732624118469,321.7957585919428,384.1980400757993,7194.519482887026,0.0,0.0,211.05077419883657,254.70777529745238,2890.6426278215869,765.9564989953348,21.471471901879803,43.17286914995859,21.4,30.0,331.2125863193462,21.858618988349613,49.83449659196465,21.4,30.0,1699.8001479306682,21.559651950350355,41.923981643094439,21.4,30.0,0.0,20.677005758350025,44.529172431612767,16.0,30.0,0.0,15.458147241614264,62.05330598586586,12.000000000000002,30.0,0.0,19.15760735236806,54.84225505829556,19.0,30.0,0.0,17.673277966641053,54.204108311686507,10.0,30.0,506.4748765388239,20.301923992378027,46.79002410046303,19.9,30.0,0.0,16.15786627085795,59.66547132369709,16.0,30.0,0.0,19.10280297348409,0.0,0.0,0.0,16.147919028543894,0.0,0.0,645.0464053050076,1092.5528191671515,587.2269376130237,602.6609493604615,612.708237943084,954.0724223178684,627.1351440278804,672.0663195628818,628.0994115030762,8701.853755994523,82.25105298106118,83.64225862050911,270.0,0.0,270.0,270.0,21.0,16.0,19.0,16.0,19.7,12.0,21.0,10.0,1.0,0.0,765.9564989953348,331.2125863193462,1699.8001479306682,0.0,0.0,0.0,506.4748765388239,0.0,2105.425440219726,1263255.2641318357,1636862.5257760508,82.25105298106118,83.6658859107527,0.34218084800732426,0.7694244683705885,0.36028137401965956,83.6658859107527,0.35426478194388757,1636862.5257760508,0.09564685134035464 
 03/06  20:00:00,9.44,85.0,7.55,0.0,0.0,0.0,0.0,1.0,2.0,0.0,0.0,4.0,0.0,0.0,0.0,1228.0,0.0,0.0,0.0,0.0,0.0,0.0,0.0,0.0,0.0,0.0,0.0,20.950339952191777,-951.7913559474171,20.601913346875674,-125.79238805396014,20.849265988553158,-687.8741401014881,19.8400534618705,229.00692586984406,15.366820354023935,42.007436066447628,18.86195350946967,-69.10801692394013,17.30256705644996,143.75784408483606,19.00962444000696,-287.39996189041309,16.124125895034994,19.357309058314969,923.6470943368113,909.048512525535,0.0,0.0,0.0,0.0,0.0,0.0,0.0,0.0,0.0,0.0,0.0,0.0,0.0,0.0,0.0,0.0,0.0,0.0,0.0,0.0,0.0,0.0,1.0428720882074516,0.31833702326234789,219.4985192958112,259.7036668396487,5311.514670883001,0.07610624835971132,0.011615727771628714,24.821697268583877,29.389050045335624,596.7792188768075,1.1928985566557345,0.22541544910350248,290.0670311709422,343.73012792191119,6945.3499669586,0.2868566927681226,0.05420572425701484,258.6049027285703,307.3819260241338,5792.532205202486,0.0,0.0,11.396521198405603,13.780163002025596,140.63844154915354,0.0,0.0,14.899418404832377,17.740442213145898,306.98341437679019,0.0,0.0,244.30661735954079,293.1819558630325,4079.217392191058,0.0,0.0,48.442392776404037,57.59211961939505,1065.5348491669709,0.0,0.0,200.6633411424698,242.06764806153493,2752.737830079311,44.32645463128016,30.402232257393807,293.52304275835749,350.5146055348339,6594.168756316894,0.0,0.0,208.37775741687308,251.39518672367985,2851.175451928291,1096.5064985867742,21.550524257122853,42.82559886585675,21.5,30.0,0.0,21.409361134415005,50.18546194854499,21.0,30.0,980.8231782338887,21.36925258088716,42.99521581171251,21.25,30.0,0.0,20.58224380588122,44.969585024128637,16.0,30.0,0.0,15.46429917382791,62.38721626000184,12.0,30.0,951.4598020014689,19.63848372633926,53.877654136318529,19.75,30.0,0.0,17.660424002772499,54.6033045696456,10.0,30.0,472.3428665254754,20.36730252484881,46.89377188962578,20.2,30.0,0.0,16.155549528330714,60.07680305720275,16.0,30.0,0.0,19.124300948414385,0.0,0.0,0.0,16.1231877236211,0.0,0.0,637.9656526953168,1027.9448483512893,620.4886310455878,612.2072486996872,628.4693900497332,997.7726661046673,643.7814529370631,688.9897067165309,645.4983638627145,10424.556153634978,81.11180381340863,84.81264719565553,270.0,0.0,270.0,270.0,21.0,16.0,19.0,16.0,19.7,12.0,21.0,10.0,1.0,0.0,1096.5064985867742,0.0,980.8231782338887,0.0,951.4598020014689,0.0,472.3428665254754,0.0,5600.361911980584,3360217.1471883507,4365200.2157291439,81.11180381340863,84.87549980224296,0.35667873039935285,0.7690235825333485,0.36028137401965956,84.87549980224296,0.3542647819438875,4365200.2157291439,0.23756541121791545 
 03/06  20:10:00,9.434999999999999,85.16666666666667,7.541666666666667,0.0,0.0,0.0,0.0,0.0,2.0,0.0,0.0,4.0,0.0,0.0,0.0,2149.0,0.0,0.0,0.0,0.0,0.0,0.0,0.0,0.0,0.0,0.0,0.0,21.051866425605206,-1523.7971840589192,20.451431851972708,-77.73631411103786,20.905691575842604,-331.3494786845152,19.78547488987141,371.7586054248727,15.378423857401252,44.2628578678527,18.966754833015508,-85.6411078554913,17.384175968775105,163.7111975605408,18.27627211116139,-129.68381522703889,16.122357355741785,-6.133423781415202,911.7455523698662,857.072523233564,0.0,0.0,0.0,0.0,0.0,0.0,0.0,0.0,0.0,0.0,0.0,0.0,0.0,0.0,0.0,0.0,0.0,0.0,0.0,0.0,0.0,0.0,1.0138450603544054,0.30947651414969637,268.5854854197837,317.8978911381798,6642.752773326342,0.1509629051199811,0.023040736434673554,16.095256349666618,19.072638745201414,381.50033382276299,1.1815212170007373,0.22326553609235406,288.9752094043191,342.7885205453793,6887.8347750112429,0.3089164756457877,0.05837423954002035,305.3526812114735,363.17610330242186,6789.835177703062,0.0,0.0,11.895210442692662,14.390801944856884,147.17476142790964,0.0,0.0,15.764235713675298,18.778807291376258,327.4654165320805,0.0,0.0,256.04439660955969,307.2678346689531,4347.603620512397,0.0,0.0,34.84317461324617,41.63892548101436,684.5149076339662,0.0,0.0,202.91726981124584,244.90464095447477,2781.7535468916537,44.32122841675916,30.398647748120156,301.7233215358517,360.7071138406914,6682.563472106208,0.0,0.0,209.35368082225856,252.77042152331289,2829.9271767060874,1811.581438370723,21.779794841107564,41.73923115633037,21.999999999999998,29.999999999999994,0.0,21.163481578026898,52.173675343200027,21.0,29.999999999999994,0.0,21.29019235008433,43.00529943932716,21.0,29.999999999999994,0.0,20.50451685796664,45.329168651926789,16.0,29.999999999999994,0.0,15.47630725879195,62.53161489954715,12.0,29.999999999999994,0.0,19.74290647722822,53.59531485751274,19.0,29.999999999999994,0.0,17.8001239058763,54.034416293324067,10.0,29.999999999999994,0.0,19.114674749275584,50.206509032864129,12.0,29.999999999999994,0.0,16.146670665356195,60.32830029554601,16.0,29.999999999999994,0.0,19.013041553621865,0.0,0.0,0.0,16.036906897219408,0.0,0.0,609.1500071931251,1101.0162956673026,608.8901149703664,619.7473753479319,636.4816776697538,1000.5732780039243,640.2144785705095,664.0549130848319,655.3187861791548,8837.709766190306,82.16125205354649,83.14016613969045,570.0,0.0,570.0,570.0,21.0,16.0,19.0,16.0,12.0,12.0,21.0,10.0,1.0,0.0,1811.581438370723,0.0,0.0,0.0,0.0,0.0,0.0,0.0,1481.4931642076938,888895.898524616,1151277.7404720393,82.16125205354649,83.15679135064491,0.34081167690216127,0.76919650294363,0.3602813740196596,83.15679135064491,0.35426478194388746,1151277.7404720393,0.08228644250454605 
 03/06  20:20:00,9.43,85.33333333333334,7.533333333333334,0.0,0.0,0.0,0.0,0.0,2.0,0.0,0.0,4.0,0.0,0.0,0.0,921.0,0.0,0.0,0.0,0.0,0.0,0.0,0.0,0.0,0.0,0.0,0.0,21.184547739801724,-1198.8078621187336,20.63582967152989,-76.64614830288639,21.078634207437938,-1303.9687072208497,19.800088379738335,495.64343968196149,15.391792929368414,43.89513754418166,18.776103398464814,-74.19305467611618,17.41304300522004,129.63783968531966,17.74157022964284,-52.51684530453764,16.107446150275388,-10.115826483658563,934.950285845568,830.2529528061338,0.0,0.0,0.0,0.0,0.0,0.0,0.0,0.0,0.0,0.0,0.0,0.0,0.0,0.0,0.0,0.0,0.0,0.0,0.0,0.0,0.0,0.0,1.026828905770036,0.31343983692614038,244.55379079085945,289.36393598335266,6085.984966143053,0.15927455886138554,0.024309303855522818,15.04186052995587,17.80341455171117,358.4367614294269,1.133667509820265,0.21422288545356484,352.05799559247307,416.0900098535993,8699.594191044114,0.31276967454018736,0.05910235724493332,327.5393969387701,388.83292073368696,7316.836298773202,0.0,0.0,11.787790740775563,14.244376823622482,146.3305239737693,0.0,0.0,15.717755070615795,18.723050988363146,316.04757899763697,0.0,0.0,258.7348379683631,310.1439664048073,4408.804582277938,0.0,0.0,25.81290919913575,30.910565695472486,461.51730437006497,0.0,0.0,202.37964093152002,244.01736274570824,2765.423004994812,44.25796317816877,30.35525595210478,344.48881806363627,410.84568709734568,7616.2616784256429,0.0,0.0,207.91970318156189,250.82556304678907,2786.8670767794935,1841.558036987114,21.968350386143699,41.399239462426297,21.999999999999994,29.99999999999999,713.8161549614877,21.2768357776314,53.15291362401,21.333333333333326,29.99999999999999,2143.485472374907,21.69686282436968,41.853450510490798,21.666666666666658,29.99999999999999,0.0,20.52443134327508,45.24773529822562,15.999999999999993,29.99999999999999,0.0,15.491219587846599,62.55542439738577,11.999999999999995,29.99999999999999,0.0,19.393178237307585,54.7629445066399,18.999999999999994,29.99999999999999,0.0,17.825512901467204,53.916018677688629,9.999999999999997,29.99999999999999,0.0,18.227936918759949,52.75331446111487,11.999999999999995,29.99999999999999,0.0,16.11858430391696,60.35096458509902,15.999999999999993,29.99999999999999,0.0,19.090332631482676,0.0,0.0,0.0,15.973793885966352,0.0,0.0,616.3694395711405,1187.111733594177,602.06292674339,618.2760666908919,639.9832057360973,998.2548714944975,638.8725645838973,648.3897647443791,651.8353286787718,8791.686156818389,82.19171996853778,82.1917199685378,569.9999999999998,0.0,569.9999999999998,569.9999999999998,21.0,16.0,19.0,16.0,12.0,12.0,21.0,10.0,1.0,0.0,1841.558036987114,713.8161549614877,2143.485472374907,0.0,0.0,0.0,0.0,0.0,0.0,0.0,0.0,82.19171996853778,82.19171996853778,0.3399999999999999,0.7705368869566786,0.36028137401965945,82.19171996853778,0.35426478194388735,0.0,0.022293333333333336 
 03/06  20:30:00,9.425,85.5,7.525,0.0,0.0,0.0,0.0,0.0,2.0,0.0,0.0,4.0,0.0,0.0,0.0,921.0,0.0,0.0,0.0,0.0,0.0,0.0,0.0,0.0,0.0,0.0,0.0,20.668458806072438,-525.6004521681211,20.95770719630684,-195.66974645970005,20.962439501591985,-741.2565814318621,19.87733625785602,263.6240898958024,15.403638873043514,42.25737770759689,18.672617152519757,-31.517803929822798,17.361222995389583,66.88101801859615,17.431493914664587,-25.117929236738854,16.099791582474006,-4.7145489288908088,904.2181587957056,833.1402914162769,0.0,0.0,0.0,0.0,0.0,0.0,0.0,0.0,0.0,0.0,0.0,0.0,0.0,0.0,0.0,0.0,0.0,0.0,0.0,0.0,0.0,0.0,1.2156010643636673,0.3710625959596053,233.2403692022701,276.54269598081489,5490.414786499358,0.0,0.0,36.84704630671,43.47887320044601,920.4855753818043,1.249276451306712,0.23606886834971886,282.6996318767024,334.87990085074588,6789.501713708172,0.29013849430594459,0.0548258681606093,234.48771493769909,278.407065716364,5278.592362329391,0.0,0.0,10.703922188494758,12.934024715127677,133.2265821350963,0.0,0.0,13.897836679391738,16.561726911873529,274.6822251314879,0.0,0.0,254.85068647125434,305.6568139271676,4280.783758778742,0.0,0.0,15.278190673288961,18.311127547644838,258.11241497443685,0.0,0.0,202.1356941933562,243.76929204944885,2758.431434816547,44.2507055936166,30.35027818492222,286.34836606733816,341.65359731564657,6538.810420980724,0.0,0.0,208.0028365617313,250.9619817676289,2789.5424165790248,201.87271478782567,21.105957467779637,44.48521526499287,20.999999999999994,29.99999999999999,437.3105663477378,21.938480463549469,49.39264728962097,21.666666666666658,29.99999999999999,1139.254290970026,21.591019724080515,42.353966371661417,21.333333333333326,29.99999999999999,0.0,20.611646884535149,45.142600442406557,15.999999999999993,29.99999999999999,0.0,15.502957383547765,62.70402310135572,11.999999999999995,29.99999999999999,0.0,19.21281488497034,55.966785507779629,18.999999999999994,29.99999999999999,0.0,17.694023790713329,54.534409226765038,9.999999999999997,29.99999999999999,0.0,17.758085627523895,54.277852571389249,11.999999999999995,29.99999999999999,0.0,16.105369061028683,60.290511753389129,15.999999999999993,29.99999999999999,0.0,19.09580925473324,0.0,0.0,0.0,15.962030059261899,0.0,0.0,664.2066590533434,1082.0571071502246,615.8052379947876,625.4139801038806,649.261218039815,1032.8747566615176,646.3831707745239,645.7862897801849,646.849366713436,6171.927103988586,83.92349602490218,83.92349602490218,569.9999999999998,0.0,569.9999999999998,569.9999999999998,21.0,16.0,19.0,16.0,12.0,12.0,21.0,10.0,1.0,0.0,201.87271478782567,437.3105663477378,1139.254290970026,0.0,0.0,0.0,0.0,0.0,0.0,0.0,0.0,83.92349602490218,83.92349602490218,0.3399999999999999,0.7690910564013296,0.36028137401965945,83.92349602490218,0.35426478194388735,0.0,0.022166666666666669 
 03/06  20:40:00,9.42,85.66666666666666,7.5166666666666679,0.0,0.0,0.0,0.0,0.0,2.0,0.0,0.0,4.0,0.0,0.0,0.0,1535.0,0.0,0.0,0.0,0.0,0.0,0.0,0.0,0.0,0.0,0.0,0.0,21.028358273070645,-1325.5565069909588,20.745422299184655,-139.0110063869398,20.874750916440964,-366.13894288413908,19.813776723380497,293.1127694767169,15.410165602576554,39.45022208845903,18.60963726074734,-55.0860584115224,17.36603033844176,162.75584681798319,17.22257845982054,-15.215170007971587,16.080443957853526,-45.79819252741018,906.9729168638656,777.8927482987274,0.0,0.0,0.0,0.0,0.0,0.0,0.0,0.0,0.0,0.0,0.0,0.0,0.0,0.0,0.0,0.0,0.0,0.0,0.0,0.0,0.0,0.0,1.092369174293164,0.3334460238990123,279.1043357703335,330.25632074301816,6871.955578618088,0.08012275063134983,0.012228747043856813,25.937212390873737,30.69797572252064,632.4269690947383,1.236200820203243,0.23359803858715864,294.6349687618462,349.61139755823987,6947.669279800277,0.3058855033410472,0.05780149345068918,283.6309132242774,337.14249405859047,6315.975320485852,0.0,0.0,11.258112594695783,13.610408924790072,140.26556877089539,0.0,0.0,14.665637073573232,17.496916424197577,286.72410763708725,0.0,0.0,252.83083305117317,303.30635951443017,4270.0337731017439,0.0,0.0,13.34125078502861,16.02673808250084,218.38280470416397,0.0,0.0,192.99022493173329,232.8648774248208,2620.281277774421,44.15271556480123,30.28306966035751,302.54023609956377,361.48805937401269,6752.669219901978,0.0,0.0,197.41924364032765,238.40668117779473,2589.3745895176718,1823.057532127808,21.69715713177677,42.41607682986497,22.0,30.0,0.0,21.56521415981414,49.67277149500104,21.0,30.0,0.0,21.14042548345519,43.69314313337407,21.0,30.0,0.0,20.505861901435268,45.58928445025444,16.0,30.0,0.0,15.505001599296664,62.85258166151567,12.000000000000002,30.0,0.0,19.099222530694428,56.705510662970038,19.0,30.0,0.0,17.738370562176884,54.445591273519287,10.0,30.0,0.0,17.467804130611943,55.31627116340073,12.000000000000002,30.0,0.0,16.066344626661608,60.6592015734703,16.0,30.0,0.0,19.04692695183448,0.0,0.0,0.0,15.819940730397145,0.0,0.0,634.2855866075815,1023.9945167380823,623.5908007649433,632.5788903545443,655.9381372204707,1054.7724165433636,648.6712916788158,647.2532809074372,655.8809741921766,9208.449664408796,81.9161014149644,83.29545781974767,570.0,0.0,570.0,570.0,21.0,16.0,19.0,16.0,12.0,12.0,21.0,10.0,1.0,0.0,1823.057532127808,0.0,0.0,0.0,0.0,0.0,0.0,0.0,2087.5109950071716,1252506.5970043028,1621655.5522543695,81.9161014149644,83.3188838706499,0.3415836998335724,0.7681953503659613,0.36028137401965956,83.3188838706499,0.35426478194388757,1621655.5522543695,0.1063660887172272 
 03/06  20:50:00,9.415,85.83333333333334,7.508333333333333,0.0,0.0,0.0,0.0,0.0,2.0,0.0,0.0,4.0,0.0,0.0,0.0,307.0,0.0,0.0,0.0,0.0,0.0,0.0,0.0,0.0,0.0,0.0,0.0,20.935481771722633,-1591.4390826800846,20.51975224446865,-114.88581719677586,20.50300324504124,29.567518267122069,19.71613151910638,276.53842716428519,15.420352908891648,40.55452512268124,18.55616319768784,-59.53315995812267,17.41827417115274,123.8965800287333,17.0126071439593,-15.912801521019788,16.060268141420637,-21.02095394141452,871.6140827230556,811.7742349201108,0.0,0.0,0.0,0.0,0.0,0.0,0.0,0.0,0.0,0.0,0.0,0.0,0.0,0.0,0.0,0.0,0.0,0.0,0.0,0.0,0.0,0.0,1.0470589512113525,0.3196150644723298,302.1319380205167,356.3403912623502,7299.7022269843359,0.10362884204678548,0.01581636783375847,22.587631455737623,26.61066308304289,534.409550635469,1.2642355208963008,0.23889560107639858,256.39881090233919,302.85625033291896,5983.973083577163,0.307891355417025,0.05818052823450962,274.3603373935858,324.8356626091254,6017.165044494564,0.0,0.0,11.359037878504929,13.671668396929235,141.9629840493719,0.0,0.0,14.73913829533934,17.503892040432807,285.71591057609819,0.0,0.0,259.8937100865606,310.34628519255576,4425.988607258418,0.0,0.0,11.944557751166223,14.29521139167819,188.18935681297513,0.0,0.0,197.7996530987454,237.63775035269956,2677.440139400329,43.97975466701437,30.164440786703968,270.91562059516448,322.42578640244917,5980.991009597415,0.0,0.0,204.52772122106539,245.85514335283919,2710.8726077969879,1786.5806119856682,21.448573409283946,43.03595946065633,22.0,30.0,0.0,21.17099348378514,51.920995006915038,21.0,30.0,186.93850880109395,21.004535994659205,44.252084289572668,21.0,30.0,0.0,20.321794519727207,46.031939770258627,16.0,30.0,0.0,15.515648720061473,62.735540242406568,12.0,30.0,38.268514352483858,19.001994904710853,56.61720210343289,19.0,30.0,0.0,17.8018224894439,54.28534413403852,10.0,30.0,0.0,17.1551526291347,56.5089938363266,12.0,30.0,0.0,16.036215055401436,60.774955701929339,16.0,30.0,0.0,18.832749592480064,0.0,0.0,0.0,15.88117844873119,0.0,0.0,631.4203813693313,1086.0999963004898,633.4145288368288,627.1195919798856,651.331602204267,1039.8489829018545,650.7185204665447,651.0627346822209,655.2292195937374,4269.068479548208,85.18088216637843,85.18088216637843,570.0,0.0,570.0,570.0,21.0,16.0,19.0,16.0,12.0,12.0,21.0,10.0,1.0,0.0,1786.5806119856682,0.0,186.93850880109395,0.0,38.268514352483858,0.0,0.0,0.0,0.0,0.0,0.0,85.18088216637843,85.18088216637843,0.34,0.7711730109127793,0.36028137401965956,85.18088216637843,0.3542647819438875,0.0,0.02185 
 03/06  21:00:00,9.41,86.0,7.5,0.0,0.0,0.0,0.0,0.0,2.0,0.0,0.0,4.0,0.0,0.0,0.0,1228.0,0.0,0.0,0.0,0.0,0.0,0.0,0.0,0.0,0.0,0.0,0.0,20.992720844112847,-872.5271543367171,20.450349931029046,-59.500016122370059,21.136700313479645,-1557.359311171489,19.873164396827158,610.0579165466184,15.42870842077107,41.96477563657365,19.244508405399747,-94.80542903618192,17.419580009792207,138.26178651645433,16.896164192707614,-36.142586301068678,16.060564441317898,-13.285636574860519,968.3987420289805,825.0867445854788,0.0,0.0,0.0,0.0,0.0,0.0,0.0,0.0,0.0,0.0,0.0,0.0,0.0,0.0,0.0,0.0,0.0,0.0,0.0,0.0,0.0,0.0,1.0786318779688924,0.32925271000271447,258.7298328284614,306.330113685028,6287.0599104476809,0.17874546489276078,0.027281053860311476,14.334251408026715,16.99505454324207,339.28629877196866,1.0820038330829745,0.20446028591892946,393.34911199138238,465.38611587922619,9771.211879022776,0.315565899532942,0.05963074443177285,347.14159965317068,412.22323423647819,7842.612309969179,0.0,0.0,11.729992475911573,14.173353206263297,146.78260764073475,0.0,0.0,15.896857417280597,18.896588481699646,338.6817187948081,0.0,0.0,261.8606989338455,313.9697504912295,4455.543441427449,0.0,0.0,16.325063743956819,19.621420161266575,252.61255639762937,0.0,0.0,194.59334264514437,234.74021577516465,2635.4198697151016,44.14650334206805,30.278808876589897,393.88087114591198,469.8581778238079,8788.28916953456,0.0,0.0,209.1458251572775,252.41313872312774,2778.1670792614324,982.4789760603351,21.566209039776255,42.69114352538676,21.75,30.0,0.0,21.07812738737499,53.08409198764245,21.0,30.0,2099.5184554427416,21.76890513462903,42.01642374683948,21.5,30.0,0.0,20.6508807843842,45.14263057469391,16.0,30.0,0.0,15.522283973625746,62.72246355794101,12.0,30.0,872.4375175305304,19.988935932526915,53.1037947397801,19.75,30.0,0.0,17.79366453251245,54.237374494115829,10.0,30.0,0.0,17.01777935391986,57.03790420820145,12.0,30.0,0.0,16.03929759355782,60.77429109336408,16.0,30.0,0.0,19.27844605135531,0.0,0.0,0.0,15.894746064957613,0.0,0.0,628.0780626527941,1140.518497327368,619.1134170921762,627.869066213803,651.5224703200129,1033.271388934315,646.6678156396745,652.6215067601197,655.284461341531,7548.332327418583,81.91650425300165,85.5240775406702,570.0,0.0,570.0,570.0,21.0,16.0,19.0,16.0,12.0,12.0,21.0,10.0,1.0,0.0,982.4789760603351,0.0,2099.5184554427416,0.0,872.4375175305304,0.0,0.0,0.0,5459.41175933753,3275647.0556025186,4284437.696401695,81.91650425300165,85.58534611141623,0.2669803919779177,0.5735801754538885,0.27021103051474468,85.58534611141623,0.2656985864579156,4284437.696401695,0.24445076021288815 
 03/06  21:10:00,9.376666666666667,86.5,7.461666666666666,0.0,0.0,0.0,0.0,0.0,2.0,0.0,0.0,4.0,0.0,0.0,0.0,616.0,0.0,0.0,0.0,0.0,0.0,0.0,0.0,0.0,0.0,0.0,0.0,20.985044308174808,-951.9637447723567,20.795068634967728,-92.84730492628498,20.735505042405025,-855.9667231280773,19.853657087234216,62.93662773258393,15.43972050322704,40.142153756267649,19.046227740206008,-80.06527517008795,17.423280223891529,97.33691750732578,16.75171186967058,-34.49809444536896,16.064813273752365,-6.645454575885651,979.4304354855594,834.5725221469375,0.0,0.0,0.0,0.0,0.0,0.0,0.0,0.0,0.0,0.0,0.0,0.0,0.0,0.0,0.0,0.0,0.0,0.0,0.0,0.0,0.0,0.0,1.0710600777238147,0.32694141566661008,233.74061289275088,275.88503378004676,5701.037120220228,0.1456476416207731,0.022229493531864026,17.190942659744857,20.259147059328457,425.0591744262918,1.2374720084342293,0.23383824800344478,420.1614857015087,497.04330484796886,10043.440651727498,0.28286774598419486,0.0534519550234684,251.19953527888743,298.16651906565769,5677.129950868931,0.0,0.0,11.301386205151843,13.63760849121043,142.45942284168508,0.0,0.0,14.59059409769392,17.338321008929314,304.4173016134125,0.0,0.0,262.6267101231473,314.44828352904747,4481.762484634082,0.0,0.0,19.290835913745423,23.16806406726071,292.2499608344768,0.0,0.0,193.58892589419856,233.1828454704322,2638.3918042314605,43.938220925932217,30.135953995838294,395.34587873493816,470.7793011143742,8794.758056680115,0.0,0.0,211.39679837433358,254.74014652702489,2831.9320931996355,1351.889153328067,21.52675567999554,42.984051250385238,21.5,30.0,927.1845654456032,21.528133916098335,53.060818137689199,21.5,30.0,1361.6408023322552,21.23940523066816,43.53239978883605,21.5,30.0,0.0,20.522175950949639,45.49337187545554,16.0,30.0,0.0,15.533890625652209,62.67371421315087,12.0,30.0,0.0,19.72617071549425,53.943293373013677,19.0,30.0,0.0,17.78500595279609,54.346103527308489,10.0,30.0,0.0,16.817446770906018,57.83562668629574,12.0,30.0,0.0,16.047340400537068,60.78536059909598,16.0,30.0,0.0,19.32085201157134,0.0,0.0,0.0,15.916863045128626,0.0,0.0,639.486071353099,1228.6088067552274,625.0877287868634,626.3281939011288,650.7343707819025,1023.107115458593,650.4266603614692,655.5665401785541,657.0333248980203,8052.525542237629,82.68045076234876,82.68045076234876,570.0,0.0,570.0,570.0,21.0,16.0,19.0,16.0,12.0,12.0,21.0,10.0,1.0,0.0,1351.889153328067,927.1845654456032,1361.6408023322552,0.0,0.0,0.0,0.0,0.0,0.0,0.0,0.0,82.68045076234876,82.68045076234876,0.34,0.7676908598759082,0.36028137401965956,82.68045076234876,0.3542647819438875,0.0,0.02147 
 03/06  21:20:00,9.343333333333334,87.0,7.423333333333334,0.0,0.0,0.0,0.0,0.0,2.0,0.0,0.0,4.0,0.0,0.0,0.0,924.0,0.0,0.0,0.0,0.0,0.0,0.0,0.0,0.0,0.0,0.0,0.0,21.148219868283765,-1538.148725119965,20.918004367501007,-158.98068874709754,20.884515745153125,-256.8446814107276,19.745567034097215,417.30806889327246,15.448005030653747,40.481491760986298,18.910720009373095,-61.80388022449618,17.43517089523545,139.43102850911112,16.646974559911173,-34.5874542780336,16.07057536191391,-8.72881925618397,888.4237982834393,832.1841360938851,0.0,0.0,0.0,0.0,0.0,0.0,0.0,0.0,0.0,0.0,0.0,0.0,0.0,0.0,0.0,0.0,0.0,0.0,0.0,0.0,0.0,0.0,1.098577008844568,0.3353409672907716,287.61934412730059,339.82989935941665,7169.374527950269,0.06373907196465315,0.009728185586790769,28.62210725331122,33.795103286292718,710.5729324709251,1.2955047817078862,0.24480438051925286,301.7523188007941,357.4045254738878,7196.935942510907,0.3314673869115598,0.06263556064088427,311.1165784054471,369.5539454397933,6905.8136988693399,0.0,0.0,11.168021954611217,13.486316198558484,141.6729767186204,0.0,0.0,14.399448244213696,17.13834545283673,294.78577902809277,0.0,0.0,263.6615688730799,315.9158563984459,4527.917914715661,0.0,0.0,22.274005750878467,26.788265884095695,333.19264008034687,0.0,0.0,191.04073988169245,230.29542351532474,2619.3909376611575,43.92945627757442,30.12994257721153,317.71017873557767,379.11314791479796,7066.425992928007,0.0,0.0,211.91374761225405,255.58670101328029,2846.517896978206,1853.466678116437,21.794142938648933,42.338996194789448,21.999999999999994,29.99999999999999,0.0,21.737356866299846,50.872576436250117,20.999999999999994,29.99999999999999,0.0,21.228502221961294,43.65319446521039,20.999999999999994,29.99999999999999,0.0,20.386317815383366,46.09587064397191,15.999999999999993,29.99999999999999,0.0,15.541161589956248,62.751214016602848,11.999999999999995,29.99999999999999,0.0,19.49450370317665,55.159694375459938,18.999999999999994,29.99999999999999,0.0,17.806770747482813,54.3191807181347,9.999999999999997,29.99999999999999,0.0,16.68648004533443,58.366044211066569,11.999999999999995,29.99999999999999,0.0,16.056028998407294,60.798097894009078,15.999999999999993,29.99999999999999,0.0,19.042685317762254,0.0,0.0,0.0,15.902166518375389,0.0,0.0,640.0613929082261,1126.3195823730212,630.0806012088997,638.2625437195088,655.4047831892093,1042.5684986706143,651.6195626933313,657.4787303701173,658.6658960293623,9932.097532914604,81.43761946385074,81.43761946385074,569.9999999999998,0.0,569.9999999999998,569.9999999999998,21.0,16.0,19.0,16.0,12.0,12.0,21.0,10.0,1.0,0.0,1853.466678116437,0.0,0.0,0.0,0.0,0.0,0.0,0.0,0.0,0.0,0.0,81.43761946385074,81.43761946385074,0.3399999999999999,0.7694874094679898,0.36028137401965945,81.43761946385074,0.35426478194388735,0.0,0.02134333333333333 
 03/06  21:30:00,9.31,87.5,7.385,0.0,0.0,0.0,0.0,0.0,2.0,0.0,0.0,4.0,0.0,0.0,0.0,308.0,0.0,0.0,0.0,0.0,0.0,0.0,0.0,0.0,0.0,0.0,0.0,21.203930757839588,-1617.2528209389876,20.64658261719803,-132.31576546389284,20.514003687523976,-142.8114789608444,19.765205857160063,320.20341232039029,15.458905712041443,40.87543185530774,18.78281115168688,-57.25333768908183,17.43446844650478,103.56771239635964,16.53974075290774,-29.75888031452314,16.076818346368439,-3.8888581686660474,883.7139418844836,864.7372710024993,0.0,0.0,0.0,0.0,0.0,0.0,0.0,0.0,0.0,0.0,0.0,0.0,0.0,0.0,0.0,0.0,0.0,0.0,0.0,0.0,0.0,0.0,1.103201910706151,0.3367527199957726,285.3930662217674,336.0228831960179,7177.436590496163,0.07730035720477516,0.011797978816357625,26.77535319542505,31.52213942305146,644.999490346701,1.2805055773133088,0.24197006374023229,282.3329049992637,333.3835009548408,6646.231284081285,0.3228936406153462,0.06101542717599133,301.32018910708629,356.52227583670688,6710.777265543326,0.0,0.0,11.05269142642777,13.296726284826159,141.29754693931293,0.0,0.0,13.70641872120826,16.256316303638657,275.60992878352928,0.0,0.0,268.67097259470099,320.7507611613348,4620.423495890694,0.0,0.0,24.143584655093755,28.946251772949844,356.15065099914309,0.0,0.0,194.57824590626113,233.66644640032596,2686.5412134890509,43.73146226818366,29.994144216861235,297.82363611182697,354.2107445990826,6619.557561160208,0.0,0.0,217.7490684376829,261.5948489529927,2962.7029905169595,1912.454184847864,21.851802205014339,42.17943534416108,22.0,30.0,0.0,21.30917982701287,51.24197372389939,21.0,30.0,334.6880569935548,21.0079000771137,44.29750396791199,21.0,30.0,0.0,20.391958203152389,46.341280517137118,16.0,30.0,0.0,15.553429683737225,62.835643105568,12.0,30.0,0.0,19.267269994065388,56.12930053377136,19.0,30.0,0.0,17.781272942178366,54.43974775275176,10.0,30.0,0.0,16.542307084529285,59.00248780836414,12.0,30.0,0.0,16.066782674706116,60.843432321500937,16.0,30.0,0.0,18.925261202937369,0.0,0.0,0.0,15.952218631234091,0.0,0.0,637.3043423297813,1061.8029117079946,632.1227051470277,650.2441381898219,660.3169693545215,1054.3049885176795,652.6457593980438,660.8838697836833,661.3024237902297,9162.794351363471,81.9463668639485,81.9463668639485,570.0,0.0,570.0,570.0,21.0,16.0,19.0,16.0,12.0,12.0,21.0,10.0,1.0,0.0,1912.454184847864,0.0,334.6880569935548,0.0,0.0,0.0,0.0,0.0,0.0,0.0,0.0,81.9463668639485,81.9463668639485,0.34,0.772863906365947,0.36028137401965956,81.9463668639485,0.3542647819438875,0.0,0.02121666666666667 
 03/06  21:40:00,9.276666666666668,88.0,7.346666666666666,0.0,0.0,0.0,0.0,0.0,2.0,0.0,0.0,4.0,0.0,0.0,0.0,1232.0,0.0,0.0,0.0,0.0,0.0,0.0,0.0,0.0,0.0,0.0,0.0,21.031628898250568,-846.6979514643256,20.570269252866724,-73.56853023884917,21.191521014235894,-1529.7758039148592,19.93648230523423,607.2809104704325,15.467538069662567,41.88432602063146,18.731089695467504,-67.0369330312391,17.45280360677937,146.288948103922,16.481249014147907,-28.474076121192679,16.080176791643006,-9.387634516447177,974.0797173826734,831.6001660400002,0.0,0.0,0.0,0.0,0.0,0.0,0.0,0.0,0.0,0.0,0.0,0.0,0.0,0.0,0.0,0.0,0.0,0.0,0.0,0.0,0.0,0.0,1.116811351724268,0.34090700602083898,294.674254532492,348.96340516812458,7204.842009755882,0.17815419546633946,0.02719081127386134,15.630528964224166,18.51091233148123,377.46843016733126,1.1032734609752564,0.20847948998020733,406.85884638075387,481.14430521125316,10265.59172546967,0.31712789810483746,0.059925906671360069,339.03789859884616,402.3585129889477,7805.116668812694,0.0,0.0,11.754140092823257,14.196706789521489,151.13378192109276,0.0,0.0,16.10330003984847,19.190011035916564,322.09267291076369,0.0,0.0,266.95124608264458,319.94290958260026,4626.062717157699,0.0,0.0,24.63135580540665,29.655174410050138,362.10609349358546,0.0,0.0,188.33248641003747,227.0874735759606,2612.517289156909,43.84953043399881,30.075123754457367,409.10209358385847,487.7478246350055,9286.554991564093,0.0,0.0,212.22425111508179,256.04292552895688,2877.9774463618516,828.0353054808709,21.522355303261567,43.03987611305946,21.750000000000008,30.00000000000001,0.0,21.203807408504504,52.58217584888315,21.000000000000008,30.00000000000001,2134.382777806918,21.845530541419817,42.10536842169685,21.500000000000008,30.00000000000001,0.0,20.728681355915709,45.20401399118762,16.000000000000008,30.00000000000001,0.0,15.560659204310375,62.82166630270376,12.000000000000004,30.00000000000001,0.0,19.187545662883747,56.22945000176038,19.000000000000008,30.00000000000001,0.0,17.818636228897483,54.35238686240051,10.000000000000004,30.00000000000001,0.0,16.488273413357616,59.227767616706717,12.000000000000004,30.00000000000001,0.0,16.070126513422207,60.84568718613005,16.000000000000008,30.00000000000001,0.0,19.335466333373846,0.0,0.0,0.0,15.899684432622735,0.0,0.0,635.0465142400004,1124.2487752478369,629.394201196992,637.3521583320974,660.3049684844922,1045.2900185053289,652.5441145883012,661.0236445528244,660.593436822093,6610.399782172452,81.97270295160193,81.97270295160195,570.0000000000002,0.0,570.0000000000002,570.0000000000002,21.0,16.0,19.0,16.0,12.0,12.0,21.0,10.0,1.0,0.0,828.0353054808709,0.0,2134.382777806918,0.0,0.0,0.0,0.0,0.0,0.0,0.0,0.0,81.97270295160193,81.97270295160193,0.2550000000000001,0.5783055323621922,0.27021103051474479,81.97270295160193,0.2656985864579158,0.0,0.02109 
 03/06  21:50:00,9.243333333333334,88.5,7.308333333333334,0.0,0.0,0.0,0.0,0.0,2.0,0.0,0.0,4.0,0.0,0.0,0.0,618.0,0.0,0.0,0.0,0.0,0.0,0.0,0.0,0.0,0.0,0.0,0.0,21.044182109019574,-879.2081039110012,20.49083242960052,-73.85863613443877,20.732761079441365,-894.4064947662446,19.909165830062827,75.38071608661767,15.477760377662829,39.81833812816981,18.664580919956309,-62.038637398544498,17.45144721128249,95.35975178902572,16.412009491066145,-25.7327706909619,16.07890489802374,-8.441358210027375,1002.5717236505789,842.7547470003538,0.0,0.0,0.0,0.0,0.0,0.0,0.0,0.0,0.0,0.0,0.0,0.0,0.0,0.0,0.0,0.0,0.0,0.0,0.0,0.0,0.0,0.0,1.107617492251336,0.3381005776102979,263.94359755400827,311.49583600596767,6526.0547086467199,0.14090500350535213,0.021505647665652037,18.644965561989009,22.014277454110468,444.8887615647845,1.2563644738368032,0.23740825280362883,460.7908679630034,544.995323009005,11100.77271913143,0.2807073317170476,0.05304371347638842,263.4692185879437,312.5128031888264,6041.701303946091,0.0,0.0,11.333725691379684,13.669737113793245,146.74263466066163,0.0,0.0,14.952162756378464,17.799981124774093,296.95268441404229,0.0,0.0,267.59030325873769,320.26371084840675,4646.524979909033,0.0,0.0,25.833125205975479,31.06357110629144,377.3686566421701,0.0,0.0,188.58320088265226,227.06185959318695,2627.818947886006,43.622138587485867,29.91916226850883,436.99117952437299,519.9521158189654,9883.329806154155,0.0,0.0,213.92574930272824,257.7131934982921,2918.6196183380168,1261.547243238016,21.564025745320927,43.14660611353331,21.5,30.0,0.0,21.074016634955976,54.40195928933892,21.0,30.0,1368.1985620790934,21.213852701955014,43.890251022427467,21.5,30.0,0.0,20.58357364679325,45.60223819630632,16.0,30.0,0.0,15.570826348349904,62.76981848712706,12.0,30.0,0.0,19.077271652589674,56.31757387462504,19.0,30.0,0.0,17.802505297903378,54.49380781323332,10.0,30.0,0.0,16.406320421445547,59.57704671579905,12.0,30.0,0.0,16.0665990708102,60.8938917790849,16.0,30.0,0.0,19.476666651883805,0.0,0.0,0.0,15.906472659877564,0.0,0.0,647.3063279753324,1211.858853068189,633.7167822398235,634.4903482106196,658.1826216319394,1031.9202462543588,655.9069376911309,661.3827106605353,661.0465217581216,7775.837287713972,82.86273253473488,86.42525650346275,570.0,0.0,570.0,570.0,21.0,16.0,19.0,16.0,12.0,12.0,21.0,10.0,1.0,0.0,1261.547243238016,0.0,1368.1985620790934,0.0,0.0,0.0,0.0,0.0,5391.326939220517,3234796.16353231,4221937.783226031,82.86273253473488,86.4857599872197,0.3497108979740172,0.7682695044636247,0.36028137401965956,86.4857599872197,0.3542647819438875,4221937.783226031,0.2405674313944203 
 03/06  22:00:00,9.21,89.0,7.27,0.0,0.0,0.0,0.0,0.0,2.0,0.0,0.0,4.0,0.0,0.0,0.0,2165.0,0.0,0.0,0.0,0.0,0.0,0.0,0.0,0.0,0.0,0.0,0.0,20.9928302732624,-933.7982615734389,20.60304418778292,-86.47167986701301,21.037110543396844,-1112.591985831929,19.795319872427404,459.0555221545782,15.485847446009022,40.020770416586668,18.792595304203567,-59.047387657837528,17.44829281138633,78.65912724869757,16.361791955391824,-23.574874020748959,16.081470412319058,-6.494893888930562,890.8876533454734,846.0361814741848,0.0,0.0,0.0,0.0,0.0,0.0,0.0,0.0,0.0,0.0,0.0,0.0,0.0,0.0,0.0,0.0,0.0,0.0,0.0,0.0,0.0,0.0,1.1046873638070556,0.33720615500825926,216.04924793261143,255.8647968077334,5341.876499974744,0.14366161288252128,0.021926375592570436,18.852971873921289,22.309197806511265,449.7624789918791,1.1668118560355832,0.22048598942471377,325.6191171153902,385.48118979545617,8011.064574941307,0.3096654253427219,0.058515764426062408,313.47130504345457,372.5533776458645,7065.42793842305,0.0,0.0,11.278855463665734,13.630927923417032,146.90240871810597,0.0,0.0,14.906973804729685,17.788759762550389,296.98812798432928,0.0,0.0,267.59701774639657,320.90559885004969,4660.400680440992,0.0,0.0,26.529410363287338,31.9720325367948,386.59534625105439,0.0,0.0,188.44268723738299,227.32308805038464,2638.970099138332,43.47487547727553,29.818158763563518,331.16901517119279,395.2457784031351,7476.751707736215,0.0,0.0,214.74677923615895,259.20003831384119,2943.037316276688,1162.2345490897099,21.479030402689565,43.49942495609233,21.571428571428606,30.000000000000044,0.0,21.03881441296943,54.737586797914349,21.00000000000003,30.000000000000044,1275.1639971320606,21.445807142016279,43.166143528548577,21.285714285714314,30.000000000000044,0.0,20.433588858369946,46.14927869682725,16.00000000000002,30.000000000000044,0.0,15.578051005561278,62.76882237041662,12.000000000000018,30.000000000000044,0.0,19.080587483833189,56.20785155482278,19.00000000000003,30.000000000000044,0.0,17.796143754973217,54.58450396972406,10.000000000000015,30.000000000000044,0.0,16.356266422205058,59.80270978597802,12.000000000000018,30.000000000000044,0.0,16.070088985824137,60.92581801941853,16.00000000000002,30.000000000000044,0.0,19.07582563533645,0.0,0.0,0.0,15.905516706557176,0.0,0.0,648.9175247459625,1229.5601993825019,623.7135168667406,638.3434519527606,658.082282923172,1028.6847388789059,655.6935660060848,661.4547466218676,660.7753237264556,8747.659374552295,81.23247537728219,83.34260822387896,570.0000000000008,0.0,570.0000000000008,570.0000000000008,21.0,16.0,19.0,16.0,12.0,12.0,21.0,10.0,1.0,0.0,1162.2345490897099,0.0,1275.1639971320606,0.0,0.0,0.0,0.0,0.0,3193.2376583529378,1915942.5950117598,2494224.761852644,81.23247537728219,83.37844528477447,0.30072696956414587,0.6382042924631423,0.3088126063025658,83.37844528477447,0.30365552738047549,2494224.761852644,0.15066302094967083 
 03/06  22:10:00,9.238333333333334,89.0,7.258333333333334,0.0,0.0,0.0,0.0,0.0,2.0,0.0,0.0,4.0,0.0,0.0,0.0,3100.0,0.0,0.0,0.0,0.0,0.0,0.0,0.0,0.0,0.0,0.0,0.0,21.0183320255705,-649.6369696704473,20.74290962461462,-118.55054923267432,21.097372090102206,-1263.70798481998,19.938120445203006,451.0754237779671,15.493548877817556,39.29923568055593,18.65653441426356,-29.425103326299653,17.58274503422638,286.61075009429978,16.299621201085065,-56.343356243971317,17.627862494268685,-259.5929030796556,889.0845137652736,688.5402057843355,0.0,0.0,0.0,0.0,0.0,0.0,0.0,0.0,0.0,0.0,0.0,0.0,0.0,0.0,0.0,0.0,0.0,0.0,0.0,0.0,0.0,0.0,1.1570819679403699,0.35319962391342188,147.61117970517908,174.85462679185157,3650.067624921005,0.12097753335915043,0.01846421449315483,21.947627048811456,25.911357309233613,541.6896164312358,1.1638380860980607,0.2199240525506541,295.10377836050795,349.54707386792958,7320.673010842757,0.3023383128919491,0.05713120047088985,292.9490127422982,348.12758651548787,6715.851262858626,0.0,0.0,11.590383916929268,14.009278068136624,150.4350726745654,0.0,0.0,13.526546527783419,16.15096588129952,268.31944977371418,0.0,0.0,181.3859733612969,217.48769810252439,3230.217299250016,0.0,0.0,39.106517729819568,47.121370671265257,560.862550250864,0.0,0.0,117.48959766795329,140.80563700189993,2100.778320573855,43.54335002461149,29.865123473670445,295.5074825448422,352.9725305638784,6758.047019012099,0.0,0.0,130.1748074040504,157.3499245533527,1717.33560861336,890.8165998970434,21.486722165143214,43.759654904857757,21.5,30.0,909.4895123541928,21.342317636169896,53.71409970851288,21.499999999999998,30.0,1498.7406860804702,21.528339480321919,42.94917390216682,21.4,30.0,0.0,20.669133011937924,45.46890324337869,15.999999999999999,30.0,0.0,15.584912712629914,62.83428970597137,12.0,30.0,0.0,19.064800513396649,55.21667547812238,19.0,30.0,0.0,18.07887242980118,53.766278963265069,10.0,30.0,0.0,16.27666948777735,60.21728259081195,12.0,30.0,3038.0353589606654,18.13337722286961,53.67445341866887,20.0,30.0,0.0,19.086548289923166,0.0,0.0,0.0,15.603623645268576,0.0,0.0,660.615616627656,1229.9418360627629,617.1469977621746,631.0962057954166,659.3561967823609,1014.6324520003065,656.3490155499285,663.0722919335746,661.1829491257884,10649.363264874286,80.96318630811698,85.3224565476322,570.0,0.0,570.0,570.0,21.0,16.0,19.0,19.0,12.0,12.0,21.0,10.0,1.0,0.0,890.8165998970434,909.4895123541928,1498.7406860804702,0.0,0.0,0.0,0.0,3038.0353589606654,6596.9132575925109,3958147.954555507,5156554.582143574,80.96318630811698,85.3964914280832,0.355897108586417,0.7673927958093697,0.3602813740196596,85.3964914280832,0.3542647819438876,5156554.582143574,0.28904083827146589 
 03/06  22:20:00,9.26666666666667,89.0,7.246666666666666,0.0,0.0,0.0,0.0,0.0,2.0,0.0,0.0,4.0,0.0,0.0,0.0,620.0,0.0,0.0,0.0,0.0,0.0,0.0,0.0,0.0,0.0,0.0,0.0,21.38806121891031,-1248.2950270025957,20.95261321754842,-113.37656852893696,21.10259379939665,-923.2755906901239,20.02656202388296,507.6252438977226,15.504629664282199,45.37709438294135,18.632798804174365,-33.8121476568906,17.693671900112414,170.63343955238794,16.193532276073399,-78.8798197842965,18.788903141017408,-544.9480129464853,934.470469061227,951.8863935358088,0.0,0.0,0.0,0.0,0.0,0.0,0.0,0.0,0.0,0.0,0.0,0.0,0.0,0.0,0.0,0.0,0.0,0.0,0.0,0.0,0.0,0.0,1.0946291281629118,0.3341358755076044,219.36794582704887,258.3683426130117,5574.177995039636,0.14606218507330494,0.022292763289576454,19.356000115976714,22.8225975993863,485.5711362760245,1.2823504936659669,0.24231868738963859,312.50783333774089,368.6967325421242,7902.517262827692,0.3367638581273691,0.06363640554183087,324.6392924658535,384.4240945071142,7515.237714300755,0.0,0.0,12.849256452628654,15.48855834736925,166.46711312251484,0.0,0.0,14.154589619436559,16.84936223216346,279.02409010567455,0.0,0.0,189.94524440961144,226.75496381757109,3404.4337785166114,0.0,0.0,49.74747804779947,59.84945615166791,694.8180288210378,0.0,0.0,148.46269852018464,175.9404392292708,3238.4276502346108,43.75713780135783,30.01175432191896,320.9917345826691,382.16138587791115,7322.269372298746,0.0,0.0,141.24387279027656,169.38131420025048,2137.935591640725,1669.1190271546844,22.132248966940325,42.08853762346328,22.0,30.0,0.0,21.72380687813211,51.860025795921327,21.0,30.0,1356.9177371994527,21.876641798404795,42.49879683224731,22.0,30.0,0.0,20.804457669095386,45.02763654363625,16.0,30.0,0.0,15.599017522784962,62.89374681469219,12.0,30.0,0.0,19.029571438467344,53.78577971785698,19.0,30.0,0.0,18.23125276970422,53.60289420398544,10.0,30.0,0.0,16.11575509319554,60.95417572819361,12.0,30.0,1652.0825496964272,20.250606530365418,47.0979093515416,20.0,30.0,0.0,19.238880237953475,0.0,0.0,0.0,16.10694885744852,0.0,0.0,660.296682658352,1177.5151513083177,644.9576099052565,624.2065260174281,659.9522798788007,997.2427981135199,671.0194848136883,666.4749223257554,663.5160008747931,8976.693309218555,82.06894075841407,85.88846251808508,570.0,0.0,570.0,570.0,21.0,16.0,19.0,19.0,12.0,12.0,21.0,10.0,1.0,0.0,1669.1190271546844,0.0,1356.9177371994527,0.0,0.0,0.0,0.0,1652.0825496964272,5779.821630780023,3467892.978468014,4509152.909320309,82.06894075841407,85.95333067750635,0.3626607210260008,0.76698498251001,0.36028137401965956,85.95333067750635,0.3542647819438875,4509152.909320309,0.2551542846179894 
 03/06  22:30:00,9.295000000000002,89.0,7.234999999999999,0.0,0.0,0.0,0.0,0.0,2.0,0.0,0.0,4.0,0.0,0.0,0.0,2483.0,0.0,0.0,0.0,0.0,0.0,0.0,0.0,0.0,0.0,0.0,0.0,21.071679574281807,-958.7569615105847,20.790675530319019,-130.02157749775359,21.02665462692348,-525.8297332993261,20.08087974112146,255.87375240254449,15.522337115804845,49.50970054880633,18.78003222725571,-28.582047650325835,17.60462274105829,159.56231169252886,16.186441919587808,41.83116431889684,18.59032519614921,-586.1860415016686,860.8401979566689,1066.848694404894,0.0,0.0,0.0,0.0,0.0,0.0,0.0,0.0,0.0,0.0,0.0,0.0,0.0,0.0,0.0,0.0,0.0,0.0,0.0,0.0,0.0,0.0,1.177665940122349,0.3594828877052348,194.25865688537287,229.9838305706136,4782.901365644634,0.10958949727295561,0.016726113747398596,24.22622082461963,28.632200687673789,592.8095071535237,1.2610569651724613,0.2382949669638061,233.99845465609148,277.2938961684028,5696.7740861151119,0.2939230312304957,0.05554101119245947,230.90461950804409,274.1823629100857,5353.434788511362,0.0,0.0,12.39996076511489,14.981701955543495,160.44974914104987,0.0,0.0,12.649510559401462,15.100712709659299,249.23080198483258,0.0,0.0,226.6092933172188,271.5346838943088,4017.9884690568258,0.0,0.0,49.77238198723705,60.02092992027794,696.6665621736114,0.0,0.0,196.34433087655507,234.13058353262296,4024.618035001761,43.57796808498265,29.888866999302239,235.9298434096229,281.8541787438991,5486.1186571659359,0.0,0.0,184.0556950133604,221.58908909395687,2772.3794401313955,1059.0943474886206,21.519447549522146,43.82561054997545,21.625,30.0,0.0,21.494237020822504,52.67439196586228,21.0,30.0,620.2385146217215,21.37145277216885,43.85890748579695,21.125,30.0,0.0,20.840677377109434,45.42756569341836,16.0,30.0,0.0,15.62384706929063,62.90345543849624,12.0,30.0,0.0,19.058877921024505,52.855753650558387,19.0,30.0,0.0,18.05507992480613,54.12091748857662,10.0,30.0,0.0,16.15663969512046,60.89217623368928,12.0,30.0,1064.202449090196,19.441205802142095,49.6074578793065,19.375,30.0,0.0,18.995551024118659,0.0,0.0,0.0,16.638126459019575,0.0,0.0,660.5584987078191,1177.984487624252,640.619851871122,649.3841086567752,661.8371747962648,978.4001387318274,664.779080748293,667.0593525901538,666.9324549097021,7613.987322442276,82.25011278714841,83.97894710910346,570.0,0.0,570.0,570.0,21.0,16.0,19.0,19.0,12.0,12.0,21.0,10.0,1.0,0.0,1059.0943474886206,0.0,620.2385146217215,0.0,0.0,0.0,0.0,1064.202449090196,2616.4020246030297,1569841.2147618179,2046159.3121925849,82.25011278714841,84.00830845522632,0.299713400820101,0.6535441337082575,0.3152462022672021,84.00830845522632,0.30998168420090158,2046159.3121925849,0.12685695090068109 
 03/06  22:40:00,9.323333333333335,89.0,7.223333333333333,0.0,0.0,0.0,0.0,0.0,2.0,0.0,0.0,0.0,0.0,0.0,0.0,2177.0,0.0,0.0,0.0,0.0,0.0,0.0,0.0,0.0,0.0,0.0,0.0,20.511158230380379,-245.54917191630393,20.381042747771788,-418.94803275903998,20.581488068677858,-635.4199230199592,19.95903636539254,193.80106918751432,15.536498251759785,46.29929339698663,18.55857022601185,-32.535078041160968,17.559006366009429,88.6610176070013,16.22152000257781,22.487101049863285,18.25835274922951,-430.56398397058777,842.6808783506716,949.6673626881199,0.0,0.0,0.0,0.0,0.0,0.0,0.0,0.0,0.0,0.0,0.0,0.0,0.0,0.0,0.0,0.0,0.0,0.0,0.0,0.0,0.0,0.0,1.105463251343283,0.3374429949155323,223.1400804995033,264.96963122066406,5156.8206935233079,0.19258750567964365,0.029393697448053078,145.62023627774605,172.9225856842151,3376.5281592746316,1.089939332016934,0.20595981330629915,214.31306139125207,254.32367816778629,5046.053370366145,0.2485387506982719,0.04696499446301436,187.760285420689,223.15023346245426,4263.753620091232,0.0,0.0,12.287130885072927,14.840973469156982,158.6877495653629,0.0,0.0,12.528975013896308,14.958993352502639,243.64645731433289,0.0,0.0,208.45485432312155,249.7998472881172,3645.3274786310255,0.0,0.0,46.64267937287124,56.22257549036271,657.9895568959254,0.0,0.0,178.01054429087135,212.51211612658683,3507.130821550492,43.21429348954271,29.639433120399695,284.2136484136614,339.3969221686195,6523.822674871999,0.0,0.0,167.06549123793995,201.29893352224912,2417.7945667165438,0.0,20.736956654002485,48.3531122179236,22.000000000000015,30.00000000000002,0.0,20.80171669446676,47.95144839546127,12.00000000000001,30.00000000000002,0.0,20.933033367235429,45.867063675896499,22.000000000000015,30.00000000000002,0.0,20.610947420719108,46.749219029857098,12.00000000000001,30.00000000000002,0.0,15.640518168895533,63.16401325763242,12.00000000000001,30.00000000000002,0.0,18.952671725477964,52.77489857163304,12.00000000000001,30.00000000000002,0.0,17.948101250482293,55.734342936126278,10.000000000000007,30.00000000000002,0.0,16.240380836193088,60.81538655088528,12.00000000000001,30.00000000000002,0.0,19.049373678729695,51.67243598486243,20.000000000000015,30.00000000000002,0.0,18.85060056423996,0.0,0.0,0.0,16.384776691010616,0.0,0.0,795.2301767312266,781.7273447730925,680.2419648319378,681.4556639624946,672.215590596845,983.3799216486187,720.8724465381474,674.0060810573293,705.3832615075532,0.0,80.99088721140744,80.99088721140744,60.00000000000004,0.0,60.00000000000004,60.00000000000004,12.0,12.0,12.0,19.0,12.0,12.0,21.0,10.0,0.0,0.0,0.0,0.0,0.0,0.0,0.0,0.0,0.0,0.0,0.0,0.0,0.0,80.99088721140744,80.99088721140744,0.0,0.0,0.0,80.99088721140744,0.0,0.0,0.0021299999999999997 
 03/06  22:50:00,9.351666666666667,89.0,7.211666666666666,0.0,0.0,0.0,0.0,0.0,2.0,0.0,0.0,0.0,0.0,0.0,0.0,1244.0,0.0,0.0,0.0,0.0,0.0,0.0,0.0,0.0,0.0,0.0,0.0,20.067402797864938,-167.25320831649288,19.99532514723284,-243.07887759096733,20.05833101685687,-263.59403248538049,19.70135790518053,-118.7260160677854,15.54083974922806,36.80471349079896,18.427890853089058,-25.030348002240843,17.5000003167686,98.48335693292984,16.20268719856692,-21.077959906582124,17.758667348560935,-111.15602409626297,747.8715688810371,631.1449243764669,0.0,0.0,0.0,0.0,0.0,0.0,0.0,0.0,0.0,0.0,0.0,0.0,0.0,0.0,0.0,0.0,0.0,0.0,0.0,0.0,0.0,0.0,1.0433118834298843,0.31847127088824309,180.0981203423793,214.03383059606524,3878.409273755002,0.1876673870131444,0.028642763585644754,85.58213954066767,101.62903125199662,1856.237448499235,1.0166529522557562,0.1921112910536199,193.5828913569282,230.15603220352649,4194.786180296809,0.20135322507744675,0.03804860640163392,122.44243889132875,145.61532484989213,2660.8503973946756,0.0,0.0,11.226014361846412,13.550217361842443,144.34021096077104,0.0,0.0,11.437052597175303,13.655711245631377,217.43715596431688,0.0,0.0,151.13668825138769,181.10675868137674,2602.7963645867177,0.0,0.0,42.07681699437686,50.685434581080169,589.6109871379669,0.0,0.0,122.66163124686908,146.80892130042748,2202.991443434543,42.64794717375891,29.2509925745946,222.65810517307285,266.11918470037537,4897.828689495873,0.0,0.0,112.62100315459269,135.93533647465615,1485.7196919645454,0.0,20.04456465952293,48.553416829629899,22.0,30.0,0.0,20.181306169462695,47.76651927412287,12.0,30.0,0.0,20.07574861838657,48.11652663329606,22.0,30.0,0.0,20.112965994266568,48.058471414729627,12.0,30.0,0.0,15.64028462728029,63.72051447577137,12.0,30.0,0.0,18.759077041657297,53.23841081033082,12.0,30.0,0.0,17.845050061296229,55.942215836518609,10.0,30.0,0.0,16.22000974732443,61.56168408671452,12.0,30.0,0.0,18.192722241809549,54.83003018933114,20.0,30.0,0.0,18.46355917249017,0.0,0.0,0.0,15.723516890987526,0.0,0.0,688.1122210385033,667.0962360494905,665.2483263566667,668.0790860799647,692.1595042018167,997.1175460940226,709.927753021952,700.1130717731403,717.6256776130429,0.0,80.99088721140739,80.99088721140739,60.0,0.0,60.0,60.0,12.0,12.0,12.0,19.0,12.0,12.0,21.0,10.0,0.0,0.0,0.0,0.0,0.0,0.0,0.0,0.0,0.0,0.0,0.0,0.0,0.0,80.99088721140739,80.99088721140739,0.0,0.0,0.0,80.99088721140739,0.0,0.0,0.0021 
 03/06  23:00:00,9.38,89.0,7.2,0.0,0.0,0.0,0.0,0.0,2.0,0.0,0.0,0.0,0.0,0.0,0.0,933.0,0.0,0.0,0.0,0.0,0.0,0.0,0.0,0.0,0.0,0.0,0.0,19.80881263165113,-115.60505608277475,19.716959026161889,-226.1976320674538,19.781808523374744,-274.0736128363091,19.4123193604284,-138.56605823212306,15.535703722740177,30.192791500650047,18.33188022714053,-20.714141364062376,17.520979649991827,156.6031139999883,16.132169416767604,-56.7606030698651,17.520470456832265,-23.179657395374325,604.9423189546751,384.2239041117536,0.0,0.0,0.0,0.0,0.0,0.0,0.0,0.0,0.0,0.0,0.0,0.0,0.0,0.0,0.0,0.0,0.0,0.0,0.0,0.0,0.0,0.0,0.9771704151087224,0.29828156749350528,142.22650478094824,169.11217548464124,2965.0844841230334,0.176579168525979,0.026950422546700115,99.26936648639341,118.0361978758958,2069.7202268663297,0.9565531233722173,0.1807545584603587,171.94258106521856,204.34976011530766,3548.4353148954198,0.18798015302616789,0.03552157086662282,110.40147759867236,131.2650387172028,2271.859828500149,0.0,0.0,10.502264995661367,12.669201046649976,134.0954873217947,0.0,0.0,11.053781459980705,13.196212458718133,206.54854575723943,0.0,0.0,108.16774768479934,129.49681495135546,1865.755574575769,0.0,0.0,39.873559470525368,48.015625561584659,547.2697012537884,0.0,0.0,62.672675651478687,75.12879203611384,1074.3120744518872,42.212533617199529,28.952355018655405,183.6578894326032,219.516709380905,3962.264015904694,0.0,0.0,66.66494838738822,80.57499715024668,799.7963467793315,0.0,19.695090140818487,49.066816799624927,22.000000000000019,30.00000000000002,0.0,19.75254407956715,48.58328536769231,12.00000000000001,30.00000000000002,0.0,19.669780833408468,49.04443414450978,22.000000000000019,30.00000000000002,0.0,19.61541880659867,49.15783721076309,12.00000000000001,30.00000000000002,0.0,15.624316863989627,64.018374161627,12.00000000000001,30.00000000000002,0.0,18.62282636263265,53.5280022092912,12.00000000000001,30.00000000000002,0.0,17.896455252364079,55.3388045533445,10.000000000000007,30.00000000000002,0.0,16.10488883732026,62.42837906116775,12.00000000000001,30.00000000000002,0.0,17.80199387744331,55.976378503757079,20.000000000000015,30.00000000000002,0.0,18.017519279377035,0.0,0.0,0.0,15.18880962406544,0.0,0.0,656.8212827634101,638.035469421445,646.1252368485895,642.7933855687436,699.0801427486154,1008.3487208066551,684.835228974457,716.9591362729285,704.5281781032206,0.0,80.99088721140744,80.99088721140744,60.00000000000004,0.0,60.00000000000004,60.00000000000004,12.0,12.0,12.0,19.0,12.0,12.0,21.0,10.0,0.0,0.0,0.0,0.0,0.0,0.0,0.0,0.0,0.0,0.0,0.0,0.0,0.0,80.99088721140744,80.99088721140744,0.0,0.0,0.0,80.99088721140744,0.0,0.0,0.0020700000000000004 
 03/06  23:10:00,9.381666666666668,89.0,7.195,0.0,0.0,0.0,0.0,0.0,2.0,0.0,0.0,0.0,0.0,0.0,0.0,933.0,0.0,0.0,0.0,0.0,0.0,0.0,0.0,0.0,0.0,0.0,0.0,19.556720659657019,-152.84505012685046,19.438006558797939,-289.60291379861067,19.549749039039214,-249.82954952327979,19.1526542452292,-146.41232640339468,15.527915682290537,26.25259651210481,18.256874545380208,-16.61829033820207,17.49658245628121,73.34651133956777,16.056416869105776,-60.213323445749598,17.27996842828216,-213.95352049744776,582.5046859191267,539.6741881014774,0.0,0.0,0.0,0.0,0.0,0.0,0.0,0.0,0.0,0.0,0.0,0.0,0.0,0.0,0.0,0.0,0.0,0.0,0.0,0.0,0.0,0.0,0.9083768370765288,0.2772823067999173,179.04468101106787,213.3330667590656,3607.2585702994467,0.1621493833466012,0.02474807438134939,150.32360941834606,179.1531992518299,3009.553290167311,0.8875588984445169,0.16771710099102744,150.95207025487108,179.88325585066583,3040.4429832653274,0.17964005438417567,0.03394558850796969,131.3013869761161,156.5538835016692,2598.307226140739,0.0,0.0,9.540461384022496,11.507656581395893,121.43272660200012,0.0,0.0,10.375330525450572,12.388961251358943,191.84265811517546,0.0,0.0,145.0883235365058,173.6901343807547,2487.239095511092,0.0,0.0,38.485305639084298,46.362686913372,519.061224887661,0.0,0.0,71.98507035369474,86.30727986381766,1171.4860668009069,41.792915981837868,28.664551427872348,246.32305497452863,294.8738394842116,5042.683615784044,0.0,0.0,100.89194435886818,121.85109135163069,1221.7293656002308,0.0,19.339540704347465,49.570980212915049,22.0,30.0,0.0,19.315940593356765,49.315964862168659,12.0,30.0,0.0,19.350582404914606,49.61000429889434,22.0,30.0,0.0,19.18438592809485,50.06285723058009,12.0,30.0,0.0,15.606272833636354,64.01612881155819,12.0,30.0,0.0,18.525861827955123,53.637410377738337,12.0,30.0,0.0,17.838403064931339,55.10525581434051,10.0,30.0,0.0,15.987308887958136,62.59354795733246,12.0,30.0,0.0,17.392607459410575,57.135817212682557,20.0,30.0,0.0,17.96359848712559,0.0,0.0,0.0,15.276840229135335,0.0,0.0,623.140202675397,598.7738534862501,619.7355954736311,615.4278511755688,692.889571799288,1014.3857628301864,661.4651482438552,699.5246081459446,690.346385377142,0.0,80.99088721140739,80.99088721140739,60.0,0.0,60.0,60.0,12.0,12.0,12.0,19.0,12.0,12.0,21.0,10.0,0.0,0.0,0.0,0.0,0.0,0.0,0.0,0.0,0.0,0.0,0.0,0.0,0.0,80.99088721140739,80.99088721140739,0.0,0.0,0.0,80.99088721140739,0.0,0.0,0.00204 
 03/06  23:20:00,9.383333333333335,89.0,7.19,0.0,0.0,0.0,0.0,0.0,2.0,0.0,0.0,0.0,0.0,0.0,0.0,622.0,0.0,0.0,0.0,0.0,0.0,0.0,0.0,0.0,0.0,0.0,0.0,19.35293796527376,-121.00884628652898,19.293319610457595,-215.8543423978001,19.37807263660479,-177.12648979794245,19.04209248672379,-99.08821710331904,15.52154694146893,25.43189719595526,18.189308179527047,-16.460642202082285,17.423483280504074,54.837830638288327,16.00601200757508,-49.08942381516647,17.047590851326797,-203.77842657405177,507.5277975346785,572.4242087616672,0.0,0.0,0.0,0.0,0.0,0.0,0.0,0.0,0.0,0.0,0.0,0.0,0.0,0.0,0.0,0.0,0.0,0.0,0.0,0.0,0.0,0.0,0.8961844875221203,0.2735605883767156,154.53438383407053,183.87522689249324,3041.0259903329836,0.1584534523740575,0.024183982352572878,96.45226046605339,114.69078256260701,1886.9658594947969,0.8592878799855759,0.16237488283930014,108.4752573234828,129.22086048501934,2147.6348714548205,0.17152010543132877,0.03241120661967663,107.35302666846748,127.9226716022597,2097.058319405844,0.0,0.0,9.298823745868333,11.207925835012919,118.10064054614134,0.0,0.0,10.419278895830953,12.435062438956124,190.88132214091389,0.0,0.0,154.99974527805933,185.4218884571328,2616.3969362801506,0.0,0.0,37.01612901619792,44.5610153971395,494.35018173142819,0.0,0.0,84.07946188363863,100.79027040107715,1305.9844667178759,41.656413344679958,28.57092821994511,175.23705283710525,209.66598232866273,3642.1709344181119,0.0,0.0,112.74315976793432,135.9592044104807,1375.925550289208,0.0,19.07754187570694,50.001047259192109,22.0,30.0,0.0,19.15134592363539,49.73490813565516,12.0,30.0,0.0,19.14204624120164,49.87856432568793,22.0,30.0,0.0,19.047082134828409,50.32098960692584,12.0,30.0,0.0,15.593548451285518,63.89568806228826,12.0,30.0,0.0,18.438804304188858,53.70184903970376,12.0,30.0,0.0,17.708720587454253,55.40688954752502,10.0,30.0,0.0,15.922008443436983,62.54789697730227,12.0,30.0,0.0,17.032230295630158,58.20693006407917,20.0,30.0,0.0,17.68718000604005,0.0,0.0,0.0,15.324754343770632,0.0,0.0,594.1025354366659,593.0223891341932,595.0715063493303,604.873518203239,683.2173023998637,1015.6106215932844,653.6151935712751,684.377647412055,678.9803373696175,0.0,80.99088721140739,80.99088721140739,60.0,0.0,60.0,60.0,12.0,12.0,12.0,19.0,12.0,12.0,21.0,10.0,0.0,0.0,0.0,0.0,0.0,0.0,0.0,0.0,0.0,0.0,0.0,0.0,0.0,80.99088721140739,80.99088721140739,0.0,0.0,0.0,80.99088721140739,0.0,0.0,0.0020366666666666668 
 03/06  23:30:00,9.385000000000002,89.0,7.1850000000000009,0.0,0.0,0.0,0.0,0.0,2.0,0.0,0.0,0.0,0.0,0.0,0.0,622.0,0.0,0.0,0.0,0.0,0.0,0.0,0.0,0.0,0.0,0.0,0.0,19.191016734970959,-221.3613027840329,19.095522902396604,-167.95738821958913,19.238416183265409,-304.3013735560371,18.856952174776248,-109.59172288886612,15.513549742276892,23.33284761104727,18.130803649833696,-24.023963932607644,17.279110723729816,13.817945037589198,15.978035515017254,-34.7244609626818,16.847138556777325,-220.0232097088981,574.1097161662065,583.1779287230099,0.0,0.0,0.0,0.0,0.0,0.0,0.0,0.0,0.0,0.0,0.0,0.0,0.0,0.0,0.0,0.0,0.0,0.0,0.0,0.0,0.0,0.0,0.861728492011689,0.2630428852294533,212.74563040896255,253.52276235621017,4081.1829016453978,0.15139288115639833,0.023106361592856889,176.2366768958164,210.10687142504856,3371.0818720006375,0.8161608887995966,0.154225413605366,245.87903067486332,293.0112372456348,4775.617990211695,0.16660393733199153,0.03148222549735289,201.7285777061725,240.46268776782314,3815.86772350644,0.0,0.0,9.112978145321958,10.980468201283069,115.44250932765445,0.0,0.0,11.43584953532077,13.646597582448383,207.81310382469395,0.0,0.0,173.16152884012076,207.37654770842625,2834.147133436866,0.0,0.0,32.62972041548543,39.28243038171344,434.1419507501322,0.0,0.0,105.48047025449321,126.6440384744349,1578.137248410088,41.44195307228355,28.423836126394766,349.9171763522302,418.40238207819007,6729.270474978015,0.0,0.0,132.03783896085785,159.29262428364889,1614.070264123914,0.0,18.87566133551109,50.42750615625232,22.0,30.0,0.0,18.871891682662544,50.4815059909085,12.0,30.0,0.0,18.97617295939137,50.12494514617343,22.0,30.0,0.0,18.751801859923064,50.94075803151715,12.0,30.0,0.0,15.57919840568491,63.72912169391212,12.0,30.0,0.0,18.367222997000213,53.688422508100327,12.0,30.0,0.0,17.446701332349869,56.04235161981772,10.0,30.0,0.0,15.899191256322393,62.22443543926305,12.0,30.0,0.0,16.731166740934193,58.90763497798513,20.0,30.0,0.0,17.89306483162602,0.0,0.0,0.0,15.340456578224253,0.0,0.0,582.369078809972,586.1831692728249,578.1664239127488,585.3853471361167,673.0523053391107,1007.5637250931582,639.3625320574595,663.8452463497581,657.5896521342044,0.0,80.99088721140739,80.99088721140739,60.0,0.0,60.0,60.0,12.0,12.0,12.0,19.0,12.0,12.0,21.0,10.0,0.0,0.0,0.0,0.0,0.0,0.0,0.0,0.0,0.0,0.0,0.0,0.0,0.0,80.99088721140739,80.99088721140739,0.0,0.0,0.0,80.99088721140739,0.0,0.0,0.002033333333333333 
 03/06  23:40:00,9.386666666666667,89.0,7.18,0.0,0.0,0.0,0.0,0.0,2.0,0.0,0.0,0.0,0.0,0.0,0.0,622.0,0.0,0.0,0.0,0.0,0.0,0.0,0.0,0.0,0.0,0.0,0.0,18.988480377823426,-89.31219001652562,19.026763707336529,-225.41692477876678,19.008179388996518,-238.54701381131737,18.799898073985806,-153.3764302985105,15.505736570021523,20.44148408696438,18.072419514023538,-24.7076082321081,17.183044387658528,-14.881617935521718,15.953766203846945,-36.115537543868587,16.699946155125283,-209.6055642175104,528.6850720166194,563.2388086127053,0.0,0.0,0.0,0.0,0.0,0.0,0.0,0.0,0.0,0.0,0.0,0.0,0.0,0.0,0.0,0.0,0.0,0.0,0.0,0.0,0.0,0.0,0.8233126726640386,0.2513164446471424,212.45917402077147,253.35474744612658,3978.512226259155,0.13875858769149697,0.021178050624465346,172.11219804380876,205.03649920306817,3269.1308976341117,0.7864544870049319,0.148611958995641,202.33197769516284,241.38482922970338,3790.7711127700069,0.14779267197446883,0.027927564621025845,162.82665797805093,194.13277846750035,3060.582400118675,0.0,0.0,8.749380596444333,10.54676783454785,110.58170442607494,0.0,0.0,11.37338616112356,13.58002860042577,205.06089064663997,0.0,0.0,172.91843133102015,207.19156639037056,2778.1851106498399,0.0,0.0,29.996395249782358,36.1127186342473,397.8331943150607,0.0,0.0,108.93530905518802,130.85953147451159,1585.4425922564483,41.28274073144543,28.314636990017449,307.5320046305544,367.8517203430714,5898.473931044038,0.0,0.0,133.9717326424195,161.63796917659466,1618.4441034978914,0.0,18.622827899834449,51.15254286080521,22.0,30.0,0.0,18.827976186427358,50.389494716182088,12.0,30.0,0.0,18.64423153862213,50.922705748091249,22.0,30.0,0.0,18.705703658161779,50.85192405033094,12.0,30.0,0.0,15.566624907722535,63.4871268334354,12.0,30.0,0.0,18.2952368019997,53.65159390941737,12.0,30.0,0.0,17.29471294345029,56.27354944162873,10.0,30.0,0.0,15.879988285762846,61.97788784890303,12.0,30.0,0.0,16.530277373107134,59.33615371054539,20.0,30.0,0.0,17.75269356289734,0.0,0.0,0.0,15.27353332165979,0.0,0.0,578.3036899079614,571.2995178342385,562.7283623816595,570.8769390262503,658.9913134834015,989.2555009845338,623.0780343612617,649.6829882690934,642.4804644112488,0.0,80.99088721140739,80.99088721140739,60.0,0.0,60.0,60.0,12.0,12.0,12.0,19.0,12.0,12.0,21.0,10.0,0.0,0.0,0.0,0.0,0.0,0.0,0.0,0.0,0.0,0.0,0.0,0.0,0.0,80.99088721140739,80.99088721140739,0.0,0.0,0.0,80.99088721140739,0.0,0.0,0.00203 
 03/06  23:50:00,9.388333333333334,89.0,7.175000000000001,0.0,0.0,0.0,0.0,0.0,2.0,0.0,0.0,0.0,0.0,0.0,0.0,622.0,0.0,0.0,0.0,0.0,0.0,0.0,0.0,0.0,0.0,0.0,0.0,18.936320128418069,-171.6473659716048,18.84879064797579,-182.69120246610283,18.949665606843909,-282.5884526197581,18.660790051566637,-81.56892989820108,15.495658357546237,19.176409458760589,18.022671241251915,-28.13019618591511,17.08387855038164,1.6165067533775073,15.927175759377644,-35.18547099830687,16.5777960978289,-194.21101183484394,493.6828591389267,542.8746159521945,0.0,0.0,0.0,0.0,0.0,0.0,0.0,0.0,0.0,0.0,0.0,0.0,0.0,0.0,0.0,0.0,0.0,0.0,0.0,0.0,0.0,0.0,0.784028035678392,0.23932479721562639,237.20899185917976,282.98198951807799,4433.601081407369,0.14442858501243828,0.02204343483095822,170.8586306120153,203.88218109524957,3168.4995423711536,0.7424010132106502,0.14028741746233004,178.64621468764498,212.88712352044667,3323.8225580357905,0.15675926722746087,0.029621932582664557,147.03447625058718,175.29612296347626,2714.803677986257,0.0,0.0,8.750029211018502,10.543969156318804,110.28231193895772,0.0,0.0,11.554318463377328,13.794809391102483,206.9597033699952,0.0,0.0,174.23332177982867,208.87066070776894,2745.9444510853898,0.0,0.0,28.166340552782118,33.913803845392468,372.0755039821645,0.0,0.0,111.08011887243207,133.52467874520714,1581.3493765148447,41.18466475197394,28.24736951438543,290.1988731553329,347.1729628404968,5527.467916708539,0.0,0.0,134.80874075672714,162.6942973079912,1613.9836727541752,0.0,18.614706877838779,50.97175535310873,22.0,30.0,0.0,18.576461048942627,50.876116792325777,12.0,30.0,0.0,18.63388236423657,50.90767519061771,22.0,30.0,0.0,18.51141378028575,51.31269415978511,12.0,30.0,0.0,15.551124926077407,63.28743355101388,12.0,30.0,0.0,18.238233854108466,53.571752458323917,12.0,30.0,0.0,17.143006341245859,56.51793500233523,10.0,30.0,0.0,15.855508169471112,61.76606261202067,12.0,30.0,0.0,16.371120768155835,59.65667607517348,20.0,30.0,0.0,17.620999602374178,0.0,0.0,0.0,15.219969391177571,0.0,0.0,564.2052350802221,549.9396036162357,560.8615188060239,561.6324152578966,648.457669735144,976.4329955448388,607.2358072634913,635.3119270304101,629.3013451924736,0.0,80.99088721140739,80.99088721140739,60.0,0.0,60.0,60.0,12.0,12.0,12.0,19.0,12.0,12.0,21.0,10.0,0.0,0.0,0.0,0.0,0.0,0.0,0.0,0.0,0.0,0.0,0.0,0.0,0.0,80.99088721140739,80.99088721140739,0.0,0.0,0.0,80.99088721140739,0.0,0.0,0.00203 
 03/06  24:00:00,9.39,89.0,7.17,0.0,0.0,0.0,0.0,0.0,2.0,0.0,0.0,0.0,0.0,0.0,0.0,622.0,0.0,0.0,0.0,0.0,0.0,0.0,0.0,0.0,0.0,0.0,0.0,18.78565247250841,-95.95218485854275,18.81209679055302,-193.14386552518136,18.758228948771298,-214.38235903114038,18.61782403894607,-155.368041905665,15.486540774985052,17.767415457735923,17.97141637208474,-27.90526226834021,17.025138854583895,-20.557238018773206,15.90134796724445,-35.72723119896102,16.48203883115733,-191.43671974449809,485.95934356064665,544.199795320023,0.0,0.0,0.0,0.0,0.0,0.0,0.0,0.0,0.0,0.0,0.0,0.0,0.0,0.0,0.0,0.0,0.0,0.0,0.0,0.0,0.0,0.0,0.7786545424928966,0.23768453678049349,192.80360258330493,230.0744259502676,3534.947563353353,0.13090798028636509,0.01997985047105694,157.54274473634897,187.8203371889358,2918.9677241592728,0.7521818571671524,0.14213564950248537,246.12279719642334,293.7933533297509,4475.79948127846,0.14416518680800259,0.027242098792139556,181.94307858817224,217.10271732859256,3339.9419454273067,0.0,0.0,8.533306013169721,10.28674227332547,107.30221970716109,0.0,0.0,11.343747378799698,13.549190261763027,201.8071172332537,0.0,0.0,176.53775232362995,211.68686426956766,2754.851457929045,0.0,0.0,27.08190411854335,32.60902955236254,356.36257680380006,0.0,0.0,114.85368246411494,138.09784809643606,1607.9659715558024,41.072455879605907,28.170408696574705,311.8803613356045,373.2962583781822,5845.194677708707,0.0,0.0,138.07691542944799,166.64286976001689,1640.13354142052,0.0,18.431190513040037,51.542435165062148,22.0,30.0,0.0,18.587657424477628,50.781221747067899,12.0,30.0,0.0,18.365945221832559,51.5832888783506,22.0,30.0,0.0,18.480758061412446,51.280037399836107,12.0,30.0,0.0,15.538540191510352,63.05210912662678,12.0,30.0,0.0,18.177421745695498,53.520604375489728,12.0,30.0,0.0,17.065452056112357,56.63795430376031,10.0,30.0,0.0,15.831863819886504,61.59400318699838,12.0,30.0,0.0,16.255153543737273,59.82983621114905,20.0,30.0,0.0,17.580765895815586,0.0,0.0,0.0,15.17652277155412,0.0,0.0,565.7149162283631,548.1597324828363,549.7388442422127,554.0810821128223,634.5267539895056,960.8975719878681,600.4057476435203,623.3655287766212,616.4065417147778,0.0,80.99088721140739,80.99088721140739,60.0,0.0,60.0,60.0,12.0,12.0,12.0,19.0,12.0,12.0,21.0,10.0,0.0,0.0,0.0,0.0,0.0,0.0,0.0,0.0,0.0,0.0,0.0,0.0,0.0,80.99088721140739,80.99088721140739,0.0,0.0,0.0,80.99088721140739,0.0,0.0,0.00203 
 03/07  00:10:00,9.383333333333335,89.0,7.176666666666668,0.0,0.0,0.0,0.0,0.0,2.0,2.0,0.0,0.0,0.0,0.0,0.0,622.0,0.0,0.0,0.0,0.0,0.0,0.0,0.0,0.0,0.0,0.0,0.0,18.689436742415724,-227.4918398779064,18.658508704971923,-186.80552055177487,18.754671888775606,-139.62685997551353,18.547092386406598,-23.253861413357386,15.475341018384527,15.905481131448767,17.929832778700019,-25.460912319393203,17.051484368187248,87.14583503338463,15.854962152567066,-58.525893067662938,16.520158209546019,-76.50780109031308,418.58501625102556,328.95345323623999,0.0,0.0,0.0,0.0,0.0,0.0,0.0,0.0,0.0,0.0,0.0,0.0,0.0,0.0,0.0,0.0,0.0,0.0,0.0,0.0,0.0,0.0,0.7846563492740593,0.23951659013249675,282.1419503293647,336.9035916541735,5114.480275031746,0.13817462919538874,0.021088923869870076,162.99570428146473,194.67773469236975,2956.1473568048565,0.7347535118551054,0.1388423113860744,89.65860650565387,107.06584168880552,1651.9468069893965,0.13971467022650009,0.02640110926426683,6.0513869132512358,7.221796662779186,112.90240410526809,0.0,0.0,8.438163872741143,10.169164544604023,105.94838520913112,0.0,0.0,11.048335778747632,13.195388299904457,195.73405386823743,0.0,0.0,89.06371355902522,106.7434411879625,1408.5484169875368,0.0,0.0,30.673289632598605,36.94373385386318,400.0668138943996,0.0,0.0,26.34508551430644,31.660988592616037,375.38485504863936,40.98325864740543,28.10923089671155,224.8287697498384,269.42811843544589,4280.1404380368,0.0,0.0,67.4854593355311,81.54199706498794,756.561412578396,0.0,18.322632034044284,51.45580417235879,22.0,30.0,0.0,18.36903749748498,51.152742204408969,12.0,30.0,0.0,18.449737304164608,51.02054553255464,22.0,30.0,0.0,18.41731983676137,51.080481116456777,12.0,30.0,0.0,15.522780456977856,62.846004033004678,12.0,30.0,0.0,18.133883881549495,53.419372633502529,12.0,30.0,0.0,17.16276292388048,55.777590166518169,10.0,30.0,0.0,15.766952528801138,61.60876359511849,12.0,30.0,0.0,16.3733327885419,59.275662598109239,20.0,30.0,0.0,17.340783342206625,0.0,0.0,0.0,14.836456257022324,0.0,0.0,535.7842189184679,525.743115320485,533.4463926729136,536.1943792587647,625.4281087636964,957.5693573854912,573.2951729713113,614.8046713106157,672.2512719009774,0.0,80.99088721140739,80.99088721140739,60.0,0.0,60.0,60.0,12.0,12.0,12.0,19.0,12.0,12.0,21.0,10.0,0.0,0.0,0.0,0.0,0.0,0.0,0.0,0.0,0.0,0.0,0.0,0.0,0.0,80.99088721140739,80.99088721140739,0.0,0.0,0.0,80.99088721140739,0.0,0.0,0.00203 
 03/07  00:20:00,9.376666666666667,89.0,7.183333333333334,0.0,0.0,0.0,0.0,0.0,2.0,2.0,0.0,0.0,0.0,0.0,0.0,622.0,0.0,0.0,0.0,0.0,0.0,0.0,0.0,0.0,0.0,0.0,0.0,18.524412137135895,-84.40109498198217,18.637025959388575,-179.67602613280043,18.684840670932084,-285.32579341172097,18.459787243859567,-122.12492910019683,15.464992043048572,15.16432135589855,17.88873490508895,-20.706480338765006,17.081593648795633,39.15639807177308,15.80474552045516,-62.95108679854155,16.583025218487557,-77.59599616366364,491.3511747985358,338.2928872748564,0.0,0.0,0.0,0.0,0.0,0.0,0.0,0.0,0.0,0.0,0.0,0.0,0.0,0.0,0.0,0.0,0.0,0.0,0.0,0.0,0.0,0.0,0.7875721163435128,0.2404066289204862,343.8096441609596,410.5241001231277,6114.940984637842,0.1318254015589399,0.020119872032805239,170.91474919258475,203.8691073966807,3108.96972241262,0.6807066012156184,0.12862936530907383,315.30008512679367,376.28776435746217,5736.097952648803,0.12879640068731214,0.024337944196393063,172.66567075891849,206.20899615748128,3107.0868815195219,0.0,0.0,8.199405902344547,9.885676738578379,102.84307665595537,0.0,0.0,10.754873793933595,12.849376447510468,189.74844108604004,0.0,0.0,84.91417849827201,101.77579370199169,1356.0996756027399,0.0,0.0,32.453675337021049,39.09691913960465,419.3088972848408,0.0,0.0,23.833736561891393,28.629709857025057,346.3101751074812,40.9050269455485,28.05557403672737,459.93343199265328,550.4750969652255,8263.478114569647,0.0,0.0,65.88138114984425,79.62989057288266,727.865607167575,0.0,18.11758848777683,52.02357291993113,22.0,30.0,0.0,18.403042161696179,50.976452946258998,12.0,30.0,0.0,18.3856570027393,51.011201423932387,22.0,30.0,0.0,18.2841504293596,51.47487764776596,12.0,30.0,0.0,15.509619734452415,62.54445372792226,12.0,30.0,0.0,18.089630980698599,53.30927244958001,12.0,30.0,0.0,17.23562238706522,55.32396187059375,10.0,30.0,0.0,15.698967350758448,61.490766573593159,12.0,30.0,0.0,16.50947438156394,58.561238317094737,20.0,30.0,0.0,17.537230383209804,0.0,0.0,0.0,14.748891541938825,0.0,0.0,532.7179493779596,523.2418896678837,521.9621557410696,535.1272527801887,609.7293475269808,954.8410339153588,569.3280594585003,598.6743797407205,710.7725064098545,0.0,80.99088721140739,80.99088721140739,60.0,0.0,60.0,60.0,12.0,12.0,12.0,19.0,12.0,12.0,21.0,10.0,0.0,0.0,0.0,0.0,0.0,0.0,0.0,0.0,0.0,0.0,0.0,0.0,0.0,80.99088721140739,80.99088721140739,0.0,0.0,0.0,80.99088721140739,0.0,0.0,0.0020466666666666669 
 03/07  00:30:00,9.370000000000001,89.0,7.1899999999999999,0.0,0.0,0.0,0.0,0.0,2.0,2.0,0.0,0.0,0.0,0.0,0.0,622.0,0.0,0.0,0.0,0.0,0.0,0.0,0.0,0.0,0.0,0.0,0.0,18.545411878547058,-182.5753582242587,18.518335990770365,-148.97562156350706,18.513839867632386,-183.21736334350045,18.431836069692865,-138.64454180960775,15.454058820149474,15.19255307846987,17.854728390707125,-20.111247025240489,17.051825404859767,55.638369927143688,15.756894044866613,-65.03829319542808,16.624928020501373,-78.66151483891218,484.4418658898567,341.6343739006976,0.0,0.0,0.0,0.0,0.0,0.0,0.0,0.0,0.0,0.0,0.0,0.0,0.0,0.0,0.0,0.0,0.0,0.0,0.0,0.0,0.0,0.0,0.7636450485800619,0.23310288418194809,303.769439995224,362.80701750487369,5443.993276800834,0.13270145901530279,0.02025358043579103,142.650143460734,170.4740138055986,2555.6751191464766,0.729804730159004,0.13790716745257074,295.77613613465476,353.27295977594209,5261.350126827803,0.13504692460961549,0.02551907116583814,166.97220849523718,199.31291984205365,3004.6660888876988,0.0,0.0,8.347583299007863,10.060764832964854,104.58069997623469,0.0,0.0,10.488209683864945,12.530051339974392,184.4983717193424,0.0,0.0,86.43949096334053,103.5834017301656,1374.685159486703,0.0,0.0,33.94817210531731,40.904469027755869,434.8647229912706,0.0,0.0,22.616612222566788,27.159066291849404,332.9623963508516,40.882073536214267,28.03983095762296,411.7998312292512,493.03295885308219,7442.543544651708,0.0,0.0,65.60824568434768,79.31129979989869,718.2903658264042,0.0,18.219095903987236,51.541483280464579,22.0,30.0,0.0,18.245553891061826,51.21970249214019,12.0,30.0,0.0,18.144001498996816,51.67993990524482,22.0,30.0,0.0,18.285295954680679,51.41968270204676,12.0,30.0,0.0,15.495941380440579,62.34134620057026,12.0,30.0,0.0,18.056975803772877,53.19613342910567,12.0,30.0,0.0,17.196450162135777,55.247063964414689,10.0,30.0,0.0,15.637182787064259,61.40698157164647,12.0,30.0,0.0,16.600002150592649,57.977296556176,20.0,30.0,0.0,17.499950887689239,0.0,0.0,0.0,14.692503109939853,0.0,0.0,524.958542674912,506.33053765227836,517.2919391437129,536.048159742811,602.9238119751394,958.991089277723,561.1092376392032,588.0078425786371,728.2247507084052,0.0,80.99088721140739,80.99088721140739,60.0,0.0,60.0,60.0,12.0,12.0,12.0,19.0,12.0,12.0,21.0,10.0,0.0,0.0,0.0,0.0,0.0,0.0,0.0,0.0,0.0,0.0,0.0,0.0,0.0,80.99088721140739,80.99088721140739,0.0,0.0,0.0,80.99088721140739,0.0,0.0,0.0020633333333333334 
 03/07  00:40:00,9.363333333333334,89.0,7.196666666666667,0.0,0.0,0.0,0.0,0.0,2.0,2.0,0.0,0.0,0.0,0.0,0.0,311.0,0.0,0.0,0.0,0.0,0.0,0.0,0.0,0.0,0.0,0.0,0.0,18.528288917785134,-33.72279124270244,18.45036018743339,-206.62006708114678,18.459496576343974,-250.74632652885794,18.39201468464838,-14.990340548829863,15.442272785523965,14.042214558568759,17.81753929337091,-14.949528471057875,17.017936937520916,24.718696881422149,15.710345980399464,-61.7234066751098,16.657153277759475,-78.6523896015949,435.96026713143149,345.75437435615279,0.0,0.0,0.0,0.0,0.0,0.0,0.0,0.0,0.0,0.0,0.0,0.0,0.0,0.0,0.0,0.0,0.0,0.0,0.0,0.0,0.0,0.0,0.7418037848786677,0.22643583177004512,266.2349224283641,317.01630380423918,4812.827222714476,0.12240925810867047,0.018682731701567535,149.97283945030524,178.678954988354,2672.2653619764957,0.6682581470863422,0.1262770497139725,190.46923295547564,226.97801216967188,3378.0658789429264,0.13421136659486083,0.0253611803845164,82.46205154091848,98.19345597015458,1486.5356239494086,0.0,0.0,7.823121509777281,9.404943571040594,97.91449105757806,0.0,0.0,10.091755057907096,12.026108681425989,176.93814022348406,0.0,0.0,81.48355853385228,97.41044632086906,1289.096555369252,0.0,0.0,33.946381562544029,40.798628112432059,431.48717036993369,0.0,0.0,21.74790284979717,26.038483717654555,323.5602554190897,40.789451311636387,27.9763040546203,292.4766604156384,349.4615467740787,5371.818387924682,0.0,0.0,64.55021937356595,77.8326756050568,701.5116989714222,0.0,18.288300300694059,51.518374024111249,22.0,30.0,0.0,18.174466666675007,51.06875674628195,12.0,30.0,0.0,18.10795112177645,51.29375635713765,22.0,30.0,0.0,18.273181064652218,51.684102055996877,12.0,30.0,0.0,15.480835733437852,62.144055458186787,12.0,30.0,0.0,18.017072603961119,53.09767784916756,12.0,30.0,0.0,17.14648204388771,55.19853626561028,10.0,30.0,0.0,15.578544924011695,61.45853646327596,12.0,30.0,0.0,16.669297405397626,57.52025321512602,20.0,30.0,0.0,17.3266811904847,0.0,0.0,0.0,14.643668323389952,0.0,0.0,542.3812038557151,477.4742752407567,479.0400622784925,558.3663577499864,594.6323746950221,963.7950199780105,550.6060039894938,582.9913688306258,741.3487895129758,0.0,80.99088721140739,80.99088721140739,60.0,0.0,60.0,60.0,12.0,12.0,12.0,19.0,12.0,12.0,21.0,10.0,0.0,0.0,0.0,0.0,0.0,0.0,0.0,0.0,0.0,0.0,0.0,0.0,0.0,80.99088721140739,80.99088721140739,0.0,0.0,0.0,80.99088721140739,0.0,0.0,0.00208 
 03/07  00:50:00,9.356666666666668,89.0,7.203333333333333,0.0,0.0,0.0,0.0,0.0,2.0,2.0,0.0,0.0,0.0,0.0,0.0,622.0,0.0,0.0,0.0,0.0,0.0,0.0,0.0,0.0,0.0,0.0,0.0,18.394044635847725,-140.7282210295284,18.425947559591518,-120.02199434151089,18.443274896180485,-169.69791113558905,18.31992867622161,-113.98393773211638,15.433576343991036,14.243865153315284,17.787417295316599,-17.85123956901174,17.012084049150489,44.345918629476049,15.67505361097357,-65.50751454588306,16.668187099100295,-74.99254982156504,446.67975913312787,337.68247798449058,0.0,0.0,0.0,0.0,0.0,0.0,0.0,0.0,0.0,0.0,0.0,0.0,0.0,0.0,0.0,0.0,0.0,0.0,0.0,0.0,0.0,0.0,0.7512671634608255,0.22932453097094797,240.13041198765468,286.836741681868,4244.561812754257,0.13404687339032518,0.02045892451012289,113.15185494790703,135.04528532022909,2020.9846601687212,0.6989191309806594,0.13207088642869609,210.48535674421607,251.4283217901783,3755.4101976336758,0.13122089226539966,0.02479608697380945,114.81699333452954,137.21286534465265,2043.0738290186928,0.0,0.0,8.232529571533285,9.925556464132669,102.96698581799316,0.0,0.0,9.979471341895888,11.92587496512676,174.48018409302945,0.0,0.0,83.8202874785132,100.47473094955106,1328.7991443405109,0.0,0.0,34.73591697057847,41.8646296682185,439.2389557063476,0.0,0.0,20.097388265318427,24.1262237439584,300.20494420716548,40.80235269885543,27.985152742699208,296.7138656744646,355.4396587764636,5442.854669727363,0.0,0.0,63.283912083059487,76.52767781428877,681.1447508284066,0.0,18.06732703461129,51.87498083078111,22.0,30.0,0.0,18.20160543271735,51.242754704594727,12.0,30.0,0.0,18.159697316605859,51.52082929702554,22.0,30.0,0.0,18.161755982490289,51.64010627956443,12.0,30.0,0.0,15.472485382193448,62.0135168605094,12.0,30.0,0.0,17.989273678665137,53.05861761613096,12.0,30.0,0.0,17.158900233032108,55.21124887544415,10.0,30.0,0.0,15.541642989638838,61.51631101266595,12.0,30.0,0.0,16.696321259019688,57.323633512335607,20.0,30.0,0.0,17.32776265671378,0.0,0.0,0.0,14.587331867257316,0.0,0.0,518.0089588183488,500.1127304152332,513.9119051218254,529.5854067686488,587.0286417611678,967.2969737469531,556.1830533721706,580.97311995105,748.7877382943045,0.0,80.99088721140739,80.99088721140739,60.0,0.0,60.0,60.0,12.0,12.0,12.0,19.0,12.0,12.0,21.0,10.0,0.0,0.0,0.0,0.0,0.0,0.0,0.0,0.0,0.0,0.0,0.0,0.0,0.0,80.99088721140739,80.99088721140739,0.0,0.0,0.0,80.99088721140739,0.0,0.0,0.0020766666666666669 
 03/07  01:00:00,9.35,89.0,7.21,0.0,0.0,0.0,0.0,0.0,2.0,2.0,0.0,0.0,0.0,0.0,0.0,311.0,0.0,0.0,0.0,0.0,0.0,0.0,0.0,0.0,0.0,0.0,0.0,18.28721937407623,-169.41025744684885,18.425771668253604,-10.459217262213315,18.452015417516237,-53.86253210001905,18.225734542893855,-165.5182530698048,15.421972969464968,14.352423340274982,17.751239215156717,-17.823535803520885,16.996673581288968,51.99248149538744,15.631110097613542,-64.69471394584275,16.681156568324029,-73.29757608046089,373.74837524233319,336.98930608262506,0.0,0.0,0.0,0.0,0.0,0.0,0.0,0.0,0.0,0.0,0.0,0.0,0.0,0.0,0.0,0.0,0.0,0.0,0.0,0.0,0.0,0.0,0.7480981678214992,0.22835719408470674,138.68454891090918,165.3506904605453,2417.546175033088,0.13856506978139275,0.02114851492389999,26.500363902531409,31.558053956605808,479.4903326046805,0.7235213950628527,0.13671984033689589,170.10785000169217,202.5662471944727,3070.670565824813,0.13043735154960796,0.024648025614060454,110.66839962148959,131.90162870629917,1942.9018876044898,0.0,0.0,8.353373792154948,10.042924702052947,104.39598075477743,0.0,0.0,9.703697150745143,11.566065180926348,169.0843245391175,0.0,0.0,84.62060297909624,101.14748247110413,1341.4304523839624,0.0,0.0,35.20795546509579,42.32554240603282,442.0524768980657,0.0,0.0,19.20441195133508,22.987406994969367,288.41071071366766,40.73569355671218,27.939433166469269,181.20159493027229,216.69363824147954,3471.57138590009,0.0,0.0,62.641517758880798,75.556703996351,669.3303132683342,0.0,17.92415330996814,52.03559608650119,22.0,30.0,0.0,18.261500818922806,51.12411744574785,12.0,30.0,0.0,18.24874919021479,51.5440673114251,22.0,30.0,0.0,18.02457243173398,51.725602146336928,12.0,30.0,0.0,15.458570835811227,61.83046467721185,12.0,30.0,0.0,17.94910303721538,52.98265627234593,12.0,30.0,0.0,17.149729059055074,55.29940089855801,10.0,30.0,0.0,15.487659883750093,61.62127535420752,12.0,30.0,0.0,16.727237583563374,57.0724363140051,20.0,30.0,0.0,17.07216233119516,0.0,0.0,0.0,14.53970185033133,0.0,0.0,498.2232275516744,507.7322282884278,544.2242408985444,505.011046328575,575.8524312387742,972.2140479412653,561.9335585167413,578.8392936239663,758.9454892342074,0.0,80.99088721140739,80.99088721140739,60.0,0.0,60.0,60.0,12.0,12.0,12.0,19.0,12.0,12.0,21.0,10.0,0.0,0.0,0.0,0.0,0.0,0.0,0.0,0.0,0.0,0.0,0.0,0.0,0.0,80.99088721140739,80.99088721140739,0.0,0.0,0.0,80.99088721140739,0.0,0.0,0.0020733333333333334 
 03/07  01:10:00,9.333333333333334,89.0,7.248333333333334,0.0,0.0,0.0,0.0,0.0,2.0,2.0,0.0,0.0,0.0,0.0,0.0,622.0,0.0,0.0,0.0,0.0,0.0,0.0,0.0,0.0,0.0,0.0,0.0,18.297666165892733,-91.1829892407136,18.338607452585486,-170.2038892041703,18.30964742227971,-243.47572025694536,18.20929718444905,-75.70839896083635,15.412217181169936,13.252725701491685,17.72352216681795,-14.980567592364281,16.964651250174819,35.65454553539098,15.596998839280442,-67.9330783038381,16.683964782673873,-71.3137561103407,439.73658404141409,336.81863643289366,0.0,0.0,0.0,0.0,0.0,0.0,0.0,0.0,0.0,0.0,0.0,0.0,0.0,0.0,0.0,0.0,0.0,0.0,0.0,0.0,0.0,0.0,0.7279047738279586,0.22219315440413879,236.51866458376524,282.73915041673578,4179.061025222789,0.12473408714103071,0.019037559087458898,97.24990403385638,116.37809660677087,1724.7976284860084,0.6917405436978356,0.13071438845386164,245.38684823185774,293.2881164929868,4312.429364211628,0.13689180867185919,0.025867688713503244,136.30754194446159,162.8679348128888,2405.776490943183,0.0,0.0,8.098904434331308,9.761647746066199,101.2755267565959,0.0,0.0,9.737368900536996,11.637855231957689,169.47774163463897,0.0,0.0,81.80781132622347,98.04907702535756,1291.8436050375249,0.0,0.0,35.72204510098392,43.059955299072139,447.0336236896188,0.0,0.0,18.250678837493326,21.90281883240864,274.9668972784299,40.8155454292648,27.99420125463979,310.089655142133,371.7218712735761,5624.379433994685,0.0,0.0,61.92597017620844,74.89733881534494,658.0984995234765,0.0,18.03108513682549,51.8180519415568,22.0,30.0,0.0,18.12574887597897,51.19877256312458,12.0,30.0,0.0,18.011224414133904,51.79022285313371,22.0,30.0,0.0,18.05894696474264,51.84395430701697,12.0,30.0,0.0,15.448497712107379,61.76789368463206,12.0,30.0,0.0,17.926405608796359,52.95069369614047,12.0,30.0,0.0,17.105522044837885,55.17600868271084,10.0,30.0,0.0,15.453305437516413,61.58077130056434,12.0,30.0,0.0,16.738557953657698,56.92464986118239,20.0,30.0,0.0,17.23720452082914,0.0,0.0,0.0,14.496629204762936,0.0,0.0,510.2588340314261,481.9677474031232,502.8526715999932,525.814984445174,572.9676367288946,973.4359105197287,546.9232891859057,572.3545185881517,763.0685869788481,0.0,80.99088721140739,80.99088721140739,60.0,0.0,60.0,60.0,12.0,12.0,12.0,19.0,12.0,12.0,21.0,10.0,0.0,0.0,0.0,0.0,0.0,0.0,0.0,0.0,0.0,0.0,0.0,0.0,0.0,80.99088721140739,80.99088721140739,0.0,0.0,0.0,80.99088721140739,0.0,0.0,0.00207 
 03/07  01:20:00,9.316666666666667,89.0,7.286666666666667,0.0,0.0,0.0,0.0,0.0,2.0,2.0,0.0,0.0,0.0,0.0,0.0,311.0,0.0,0.0,0.0,0.0,0.0,0.0,0.0,0.0,0.0,0.0,0.0,18.30676394108319,-25.38234273008402,18.233693797778508,-230.06262820558187,18.2127684648274,-258.5348780042341,18.202276025631425,-11.267327454188944,15.399217585257493,12.282279027408493,17.689771678353467,-12.562571528012427,16.92518096067682,26.960519132117953,15.554910228216676,-66.66056571250965,16.687582349082257,-68.94052137636618,412.439875412274,336.69290276602899,0.0,0.0,0.0,0.0,0.0,0.0,0.0,0.0,0.0,0.0,0.0,0.0,0.0,0.0,0.0,0.0,0.0,0.0,0.0,0.0,0.0,0.0,0.7122309333120779,0.2174087098022216,220.02529090665113,262.0903046991023,3924.2491926640598,0.11967364397085785,0.018265208176260356,133.802189576393,159.47742647502245,2344.4958553872477,0.6724558315319439,0.12707026295010283,159.52206639677909,190.19080848032355,2776.107957722281,0.13583796136385568,0.02566854901055473,81.43704320508356,97.00922019613538,1446.3646970209227,0.0,0.0,7.821191329316473,9.402180869469614,97.84363161786389,0.0,0.0,9.683895612054478,11.542737387187853,168.2393643120194,0.0,0.0,79.61964332702826,95.19039701523418,1251.267977908078,0.0,0.0,35.9175717544337,43.18362600310573,447.2352227029633,0.0,0.0,17.44331299222073,20.873718602767807,263.9343386811081,40.8298055734556,28.00398187479809,244.99099284267263,292.85059149936867,4517.175227379528,0.0,0.0,61.15135585863839,73.76538229600487,646.7774127869453,0.0,18.116015071647966,51.539925757493509,22.0,30.0,0.0,17.977641616043934,51.42005047088851,12.0,30.0,0.0,17.88745858964826,51.73283163651753,22.0,30.0,0.0,18.09197476997111,51.873863974716588,12.0,30.0,0.0,15.43232343723472,61.677514534419149,12.0,30.0,0.0,17.89056297739831,52.90158463999799,12.0,30.0,0.0,17.048136401962464,55.14102136306802,10.0,30.0,0.0,15.403102848538666,61.62997560930034,12.0,30.0,0.0,16.752007268322897,56.73322592564992,20.0,30.0,0.0,17.12189218651532,0.0,0.0,0.0,14.453004285922598,0.0,0.0,510.5134883424966,464.8684355434427,467.76405446948209,541.9097634580124,566.5111779586106,974.0746571296121,535.1120607376591,567.5821452072671,770.3055722001295,0.0,80.99088721140739,80.99088721140739,60.0,0.0,60.0,60.0,12.0,12.0,12.0,19.0,12.0,12.0,21.0,10.0,0.0,0.0,0.0,0.0,0.0,0.0,0.0,0.0,0.0,0.0,0.0,0.0,0.0,80.99088721140739,80.99088721140739,0.0,0.0,0.0,80.99088721140739,0.0,0.0,0.00207 
 03/07  01:30:00,9.3,89.0,7.325,0.0,0.0,0.0,0.0,0.0,2.0,2.0,0.0,0.0,0.0,0.0,0.0,622.0,0.0,0.0,0.0,0.0,0.0,0.0,0.0,0.0,0.0,0.0,0.0,18.15758554276733,-141.27253884800667,18.20876045351227,-111.04251649954176,18.209637512076794,-143.2557498396336,18.12610845446669,-121.22875781483549,15.389760728057294,12.65254162683381,17.661305980859305,-15.436912427102442,16.90930274954404,32.9159658944734,15.52202526654395,-69.5918769263609,16.6877671156223,-64.0217563283835,431.3443486209144,329.2490937954336,0.0,0.0,0.0,0.0,0.0,0.0,0.0,0.0,0.0,0.0,0.0,0.0,0.0,0.0,0.0,0.0,0.0,0.0,0.0,0.0,0.0,0.0,0.7288914808558092,0.2224943470255828,243.48698845879646,290.9804543423073,4227.898300618348,0.12940569791478216,0.019750564394808026,113.58099718472553,135.60484030007059,1996.7890742938744,0.6822670305944775,0.12892423102692325,213.76557524475033,255.48502709398489,3754.153139117554,0.12558771421619192,0.023731616442968986,113.50929482428194,135.7305537460391,1987.8379290811054,0.0,0.0,8.142817259598047,9.816133846773145,101.95133565930087,0.0,0.0,9.631546610561422,11.51118518382317,167.06915097542828,0.0,0.0,80.1579714663244,96.09370813391414,1260.7603058867204,0.0,0.0,36.279177045742887,43.73655913548262,450.39199206278036,0.0,0.0,16.006858170815,19.20574632728657,242.82923019600453,40.88110829029734,28.039168923386389,300.5122283669883,360.13267407549037,5424.572483285664,0.0,0.0,59.87024576680288,72.42311539502323,628.7788450470482,0.0,17.85792421594101,52.18424893472422,22.0,30.0,0.0,18.003736886031868,51.51028391608275,12.0,30.0,0.0,17.959049584087766,51.81731943515669,22.0,30.0,0.0,17.966978854869816,51.894695325913037,12.0,30.0,0.0,15.423670727848809,61.58811177191804,12.0,30.0,0.0,17.864206242296917,52.888947367257269,12.0,30.0,0.0,17.040407067750189,55.15895411907858,10.0,30.0,0.0,15.370678055436555,61.68689775558185,12.0,30.0,0.0,16.758988694500404,56.63271156443626,20.0,30.0,0.0,17.151131635743626,0.0,0.0,0.0,14.40174186294415,0.0,0.0,500.97802703054608,481.04800726950307,498.42859941829,513.5498880554922,560.9714828423623,974.6314861829212,534.5298636264881,565.6833396709105,777.014834558086,0.0,80.99088721140739,80.99088721140739,60.0,0.0,60.0,60.0,12.0,12.0,12.0,19.0,12.0,12.0,21.0,10.0,0.0,0.0,0.0,0.0,0.0,0.0,0.0,0.0,0.0,0.0,0.0,0.0,0.0,80.99088721140739,80.99088721140739,0.0,0.0,0.0,80.99088721140739,0.0,0.0,0.00207 
 03/07  01:40:00,9.283333333333334,89.0,7.363333333333333,0.0,0.0,0.0,0.0,0.0,2.0,2.0,0.0,0.0,0.0,0.0,0.0,311.0,0.0,0.0,0.0,0.0,0.0,0.0,0.0,0.0,0.0,0.0,0.0,18.086658963848686,-139.0626277325009,18.20202954982542,-18.88839983187438,18.220986944568847,-48.749501030205468,18.03894611221765,-159.52718140444223,15.377555049313895,12.852765413371003,17.626606546232908,-15.896443505085415,16.881315744495475,40.81730244468599,15.481348934313936,-68.6953366369853,16.690371311007348,-60.03085283647363,335.0048955576767,324.5508550666325,0.0,0.0,0.0,0.0,0.0,0.0,0.0,0.0,0.0,0.0,0.0,0.0,0.0,0.0,0.0,0.0,0.0,0.0,0.0,0.0,0.0,0.0,0.7226990182527739,0.2206040959257552,113.02867599088735,134.7737020205185,1954.6514381996145,0.13398658690803243,0.020449723276561726,17.852841184035044,21.26806165934819,318.44248934403915,0.6980406444449809,0.13190488368196924,156.1479726282496,186.00398157757418,2775.9055163693176,0.12629349651362094,0.02386498422404023,105.60292249633852,125.89231428790312,1829.5697929559963,0.0,0.0,8.296879146779805,9.973013353680726,103.95827906054956,0.0,0.0,9.638721053563132,11.489407579070648,166.83238720600697,0.0,0.0,80.354805615738,96.05909028018154,1261.801492959519,0.0,0.0,36.435922870546409,43.810405560364639,450.21143974177587,0.0,0.0,14.932930851902905,17.864996871359187,227.44733424760057,40.883933285483937,28.041106505818897,153.21681042809997,183.3144280829753,2962.7641370930516,0.0,0.0,58.81956005027472,70.96615058445673,613.7942205190905,0.0,17.78067748250614,52.192814904511369,22.0,30.0,0.0,18.046242263902596,51.32417145991464,12.0,30.0,0.0,18.043098311177795,51.77030535054996,22.0,30.0,0.0,17.84222166613217,52.006254686128389,12.0,30.0,0.0,15.409662920568888,61.45794987900965,12.0,30.0,0.0,17.825431200993724,52.84848914607957,12.0,30.0,0.0,17.00929026743302,55.3083509505086,10.0,30.0,0.0,15.32269158566328,61.73702685019728,12.0,30.0,0.0,16.770350032307353,56.4714484604395,20.0,30.0,0.0,16.815908461992863,0.0,0.0,0.0,14.34991272165629,0.0,0.0,487.32829645152938,480.6751852417259,523.3010435553584,494.6134449389851,552.7566184255991,971.3772194290363,537.2986995984197,559.6221433485631,788.9685181058534,0.0,80.99088721140739,80.99088721140739,60.0,0.0,60.0,60.0,12.0,12.0,12.0,19.0,12.0,12.0,21.0,10.0,0.0,0.0,0.0,0.0,0.0,0.0,0.0,0.0,0.0,0.0,0.0,0.0,0.0,80.99088721140739,80.99088721140739,0.0,0.0,0.0,80.99088721140739,0.0,0.0,0.00207 
 03/07  01:50:00,9.266666666666668,89.0,7.401666666666666,0.0,0.0,0.0,0.0,0.0,2.0,2.0,0.0,0.0,0.0,0.0,0.0,622.0,0.0,0.0,0.0,0.0,0.0,0.0,0.0,0.0,0.0,0.0,0.0,18.07856218897116,-93.71494397725246,18.12426381037627,-155.07822556371696,18.0849506479163,-234.3561637329317,18.022374870270256,-79.89123570762331,15.36690148219337,11.784774445129372,17.600030001160009,-14.116957947293514,16.851673306353356,30.446682985038707,15.448828597096507,-72.11589257797937,16.689585368146113,-57.29723853270224,420.18670868816846,323.19193247559476,0.0,0.0,0.0,0.0,0.0,0.0,0.0,0.0,0.0,0.0,0.0,0.0,0.0,0.0,0.0,0.0,0.0,0.0,0.0,0.0,0.0,0.0,0.7053246944408376,0.21530057827864394,214.53848548670329,256.5056139534763,3734.7655694037287,0.12348174740365295,0.018846420543903079,83.7825231804591,100.28711271550705,1464.3955037128547,0.6770867150782751,0.1279453354267338,233.57467242319764,279.2093910017845,4044.680246370269,0.1327273455412168,0.025080753125702336,131.97846249918815,157.71813684645515,2297.0119022637247,0.0,0.0,8.098343836129973,9.758957339110659,101.51529501076257,0.0,0.0,9.612597100061372,11.488925828904453,166.19023185712178,0.0,0.0,78.39528303395307,93.9663962899049,1227.3667190328668,0.0,0.0,36.80513466289626,44.37289701032371,453.420387227687,0.0,0.0,14.071843620902865,16.87932052975775,214.81920052059486,40.974464131445589,28.10319899276104,283.8279985542743,340.29566710887368,5115.856224699218,0.0,0.0,58.1242982504518,70.31850406770471,602.8909206942602,0.0,17.836905662886765,52.05536873347077,22.0,30.0,0.0,17.927045110088998,51.50080377340341,12.0,30.0,0.0,17.811674575573059,52.075241877800078,22.0,30.0,0.0,17.871143355480567,52.06789779504145,12.0,30.0,0.0,15.398650402730926,61.415878390546399,12.0,30.0,0.0,17.80274970945269,52.835039797228869,12.0,30.0,0.0,16.972447319062306,55.19639828699644,10.0,30.0,0.0,15.290507340958646,61.724299961752318,12.0,30.0,0.0,16.774902053443435,56.37047038863794,20.0,30.0,0.0,17.03714998484183,0.0,0.0,0.0,14.304366379245135,0.0,0.0,492.6956096908197,468.235141811307,487.8944829445577,509.737301800998,549.1245911346946,969.0557627009848,524.3961503647901,554.7653655765048,795.4576150043524,0.0,80.99088721140739,80.99088721140739,60.0,0.0,60.0,60.0,12.0,12.0,12.0,19.0,12.0,12.0,21.0,10.0,0.0,0.0,0.0,0.0,0.0,0.0,0.0,0.0,0.0,0.0,0.0,0.0,0.0,80.99088721140739,80.99088721140739,0.0,0.0,0.0,80.99088721140739,0.0,0.0,0.00208 
 03/07  02:00:00,9.25,89.0,7.44,0.0,0.0,0.0,0.0,0.0,2.0,2.0,0.0,0.0,0.0,0.0,0.0,311.0,0.0,0.0,0.0,0.0,0.0,0.0,0.0,0.0,0.0,0.0,0.0,18.084821675078027,-21.246906278169264,18.022801901262285,-222.7362093740021,18.000549068975248,-239.31396726835284,18.017544816566376,-9.78382427388533,15.353033282548413,11.059279016145809,17.567592568240394,-12.050375125176118,16.809114547413964,19.605231664766508,15.408545666024633,-70.87153728687258,16.69084032795173,-53.1509185025493,389.73519299671627,321.47678654394988,0.0,0.0,0.0,0.0,0.0,0.0,0.0,0.0,0.0,0.0,0.0,0.0,0.0,0.0,0.0,0.0,0.0,0.0,0.0,0.0,0.0,0.0,0.6906024306780386,0.21080660277107408,211.8983298561799,252.48925314032048,3721.4269771720789,0.11612812417831019,0.01772407267678727,130.67436066780295,155.7914102926066,2255.538774211095,0.6542048067578715,0.12362146764132119,145.20441708713009,173.15747763817439,2494.247941350845,0.1309101349389806,0.0247373648788701,70.63206414117238,84.16010306831449,1237.90383069948,0.0,0.0,7.8493084726950139,9.4341011782525,98.42181232747216,0.0,0.0,9.6245548169392,11.472660915053197,166.1043564515872,0.0,0.0,75.64926229554603,90.45103253701922,1177.9736340056807,0.0,0.0,36.881348424561398,44.349943672398747,452.24388926873987,0.0,0.0,13.070175514018282,15.632728968987952,200.24953234018472,40.977183902257348,28.105064404840438,227.526467449351,272.0596882378273,4167.879552996339,0.0,0.0,57.056727753744549,68.84710240813542,588.4932140532312,0.0,17.91242179083835,51.79207952209356,22.0,30.0,0.0,17.780028297406369,51.77353178866137,12.0,30.0,0.0,17.706132569154187,52.0381778094397,22.0,30.0,0.0,17.906439518722949,52.034165109146027,12.0,30.0,0.0,15.38166313515906,61.34351540544686,12.0,30.0,0.0,17.76761865100688,52.80707384665576,12.0,30.0,0.0,16.910402007543686,55.22833436255168,10.0,30.0,0.0,15.242963401292082,61.78238351909977,12.0,30.0,0.0,16.783441584314344,56.22178952951956,20.0,30.0,0.0,16.914412743929078,0.0,0.0,0.0,14.256969872926194,0.0,0.0,491.51352034985998,456.5221674427586,459.82951683504339,521.609521803659,542.5809156084616,963.4139441221847,516.1584522650486,549.4692915809418,808.6996049898903,0.0,80.99088721140739,80.99088721140739,60.0,0.0,60.0,60.0,12.0,12.0,12.0,19.0,12.0,12.0,21.0,10.0,0.0,0.0,0.0,0.0,0.0,0.0,0.0,0.0,0.0,0.0,0.0,0.0,0.0,80.99088721140739,80.99088721140739,0.0,0.0,0.0,80.99088721140739,0.0,0.0,0.00209 
 03/07  02:10:00,9.246666666666668,89.0,7.466666666666667,0.0,0.0,0.0,0.0,0.0,2.0,2.0,0.0,0.0,0.0,0.0,0.0,622.0,0.0,0.0,0.0,0.0,0.0,0.0,0.0,0.0,0.0,0.0,0.0,17.94319981176397,-134.39562447536083,17.99977767272722,-106.7604377122816,17.996772731101424,-138.09822342161625,17.944570214504375,-120.21379295109432,15.342691084514396,11.174005363870237,17.541154495744757,-14.51443092883494,16.79024719291087,24.61355429833634,15.376614207522977,-74.34005559675416,16.69319282479542,-42.797596416157208,412.9741640209277,309.4300260471774,0.0,0.0,0.0,0.0,0.0,0.0,0.0,0.0,0.0,0.0,0.0,0.0,0.0,0.0,0.0,0.0,0.0,0.0,0.0,0.0,0.0,0.0,0.7048499742900269,0.21515566980770055,233.5277946504201,279.12718502806458,3990.4339060564227,0.12560397567344357,0.01917032595748528,110.1486149264154,131.5403388233481,1904.4919289600089,0.6554084780371869,0.12384891875230295,202.912483052249,242.56478353487177,3507.5768058044047,0.12002465251122926,0.022680395410285188,107.54323236887854,128.63454103842958,1855.22006997669,0.0,0.0,8.11758478793771,9.783121739357722,101.63175370824745,0.0,0.0,9.585367929610105,11.456065825244885,164.93724348077425,0.0,0.0,75.07446064043305,90.00510993691927,1167.2595496954467,0.0,0.0,37.169489467326119,44.815693218865209,453.43151675175798,0.0,0.0,10.807441979793247,12.960624058368922,165.77967847073857,41.02857100612637,28.140309332048277,285.9488633870465,342.75123893655839,5104.699612787754,0.0,0.0,54.892965579598619,66.42128730986329,559.7296087107272,0.0,17.665169318254564,52.45223451944,22.0,30.0,0.0,17.804772713608846,51.82459354784866,12.0,30.0,0.0,17.768337746491889,52.08338636829046,22.0,30.0,0.0,17.784417187060016,52.11044706218344,12.0,30.0,0.0,15.372063619016185,61.273046414634887,12.0,30.0,0.0,17.74281954646048,52.800993965493457,12.0,30.0,0.0,16.898130170065,55.22873137652539,10.0,30.0,0.0,15.21120023648561,61.817448926214527,12.0,30.0,0.0,16.79381249851633,56.11953947884062,20.0,30.0,0.0,16.959504662487349,0.0,0.0,0.0,14.197853070578536,0.0,0.0,486.6833155667433,468.94998431544567,485.0003072264626,498.2043299138145,537.5061364698036,960.8338937756114,509.17476382067749,545.2453007774847,823.9141632674389,0.0,80.99088721140739,80.99088721140739,60.0,0.0,60.0,60.0,12.0,12.0,12.0,19.0,12.0,12.0,21.0,10.0,0.0,0.0,0.0,0.0,0.0,0.0,0.0,0.0,0.0,0.0,0.0,0.0,0.0,80.99088721140739,80.99088721140739,0.0,0.0,0.0,80.99088721140739,0.0,0.0,0.0021 
 03/07  02:20:00,9.243333333333334,89.0,7.493333333333334,0.0,0.0,0.0,0.0,0.0,2.0,2.0,0.0,0.0,0.0,0.0,0.0,311.0,0.0,0.0,0.0,0.0,0.0,0.0,0.0,0.0,0.0,0.0,0.0,17.879782736085465,-130.2768421972196,17.99748165451833,-12.148189164870729,18.00878383654775,-43.8897017968975,17.859374569027638,-161.27030235333087,15.329167322674558,11.358052740725384,17.508592032495689,-15.218131137863339,16.75956342245126,32.04741508372126,15.336440351302994,-73.87468078576944,16.706115368627338,-27.10019957089628,315.49830254214887,294.90296827163845,0.0,0.0,0.0,0.0,0.0,0.0,0.0,0.0,0.0,0.0,0.0,0.0,0.0,0.0,0.0,0.0,0.0,0.0,0.0,0.0,0.0,0.0,0.6963811231863206,0.2125705504231748,92.66379709732363,110.51067244223863,1577.5547368655016,0.12888086817046255,0.01967046217497902,5.499867452775683,6.553567252098822,97.90719867985932,0.6686926803597837,0.12635916106571883,148.47764598769909,176.9097746142101,2593.387706333601,0.1198385140676036,0.022645221857067946,106.67735304947395,127.19647497207608,1817.5415900659287,0.0,0.0,8.27488946949667,9.944198961322473,103.42159348743263,0.0,0.0,9.601823758832746,11.445368169933382,164.63104457849188,0.0,0.0,74.86521631751829,89.5036189279693,1159.4853935851352,0.0,0.0,37.35946361566919,44.9265532783133,452.53276535702846,0.0,0.0,9.283091847973111,11.09887856717528,143.05105336960879,41.02577156520439,28.138389276546229,144.01490075154713,172.339532041891,2768.1854004119797,0.0,0.0,51.82885596533004,62.55255391896436,521.929484219342,0.0,17.598247879322576,52.48111695985177,22.0,30.0,0.0,17.85141548726586,51.544736391188099,12.0,30.0,0.0,17.84827312005782,51.99728111236116,22.0,30.0,0.0,17.659944944555634,52.26743057438512,12.0,30.0,0.0,15.356226264431023,61.169077080964758,12.0,30.0,0.0,17.70583701686604,52.7753337706322,12.0,30.0,0.0,16.863216459260454,55.37299113309325,10.0,30.0,0.0,15.163139549018459,61.878267798107817,12.0,30.0,0.0,16.823714970774338,55.909151439220838,20.0,30.0,0.0,16.624862493545526,0.0,0.0,0.0,14.130290359614732,0.0,0.0,477.8262482885285,462.2461379423692,505.69116088700386,482.56883221024335,529.1348111031493,953.3634157144015,507.17699197066909,538.0639122675798,853.5751646474382,0.0,80.99088721140739,80.99088721140739,60.0,0.0,60.0,60.0,12.0,12.0,12.0,19.0,12.0,12.0,21.0,10.0,0.0,0.0,0.0,0.0,0.0,0.0,0.0,0.0,0.0,0.0,0.0,0.0,0.0,80.99088721140739,80.99088721140739,0.0,0.0,0.0,80.99088721140739,0.0,0.0,0.00211 
 03/07  02:30:00,9.24,89.0,7.52,0.0,0.0,0.0,0.0,0.0,2.0,2.0,0.0,0.0,0.0,0.0,0.0,622.0,0.0,0.0,0.0,0.0,0.0,0.0,0.0,0.0,0.0,0.0,0.0,17.87343165833443,-86.31623721285041,17.924001280996508,-149.17435707691915,17.878514564213377,-225.93069070426965,17.845052272904178,-79.48776910300012,15.318034241355916,10.378761691417524,17.483747589158886,-13.860353254329994,16.729724519720123,22.631888887053948,15.30340178926574,-78.75858607545547,16.713182516604634,-23.808979717392647,400.80286437830366,293.8038780618201,0.0,0.0,0.0,0.0,0.0,0.0,0.0,0.0,0.0,0.0,0.0,0.0,0.0,0.0,0.0,0.0,0.0,0.0,0.0,0.0,0.0,0.0,0.673955787341756,0.20572520981128085,204.24753694742973,244.24861977694423,3490.261045570298,0.11811351896451147,0.01802709385905242,78.35148088675511,93.81299297717182,1343.6029399320703,0.6474264166740971,0.12234059271997305,226.2964344723369,270.5457941479997,3845.3914790060418,0.1263380959345456,0.023873411930186235,127.98222289429273,152.9573015056671,2187.6355472790585,0.0,0.0,8.137945376403277,9.804044548789012,101.53165845225883,0.0,0.0,9.57020613959278,11.43764874298273,163.6595958200304,0.0,0.0,73.49799907212352,88.09755411886248,1132.9696059652952,0.0,0.0,37.795799022325088,45.57131189837701,455.247088089375,0.0,0.0,9.823496268161506,11.771969906819667,151.67589352322916,41.116145500420888,28.200374142949859,270.1245695271803,323.9195572146465,4801.578667853948,0.0,0.0,51.277191971838018,62.05233147126414,511.48037340079,0.0,17.6516468867626,52.30318086477442,22.0,30.0,0.0,17.73646342914336,51.803570214840998,12.0,30.0,0.0,17.623994049632587,52.35399301696951,22.0,30.0,0.0,17.690890917494966,52.29532215539882,12.0,30.0,0.0,15.345190015672327,61.13327750932466,12.0,30.0,0.0,17.684212607168733,52.76468676791687,12.0,30.0,0.0,16.82703147060368,55.2868875002097,10.0,30.0,0.0,15.128978004005785,61.88973886323322,12.0,30.0,0.0,16.83928953520851,55.78185711217824,20.0,30.0,0.0,16.84925753763806,0.0,0.0,0.0,14.08209096769247,0.0,0.0,477.9994327778738,457.3366642135692,475.6031558318434,495.2534106832956,524.643381276253,947.7880908764234,496.4541173106037,533.1997251460748,863.8276522611232,0.0,80.99088721140739,80.99088721140739,60.0,0.0,60.0,60.0,12.0,12.0,12.0,19.0,12.0,12.0,21.0,10.0,0.0,0.0,0.0,0.0,0.0,0.0,0.0,0.0,0.0,0.0,0.0,0.0,0.0,80.99088721140739,80.99088721140739,0.0,0.0,0.0,80.99088721140739,0.0,0.0,0.00212 
 03/07  02:40:00,9.236666666666667,89.0,7.546666666666667,0.0,0.0,0.0,0.0,0.0,2.0,2.0,0.0,0.0,0.0,0.0,0.0,311.0,0.0,0.0,0.0,0.0,0.0,0.0,0.0,0.0,0.0,0.0,0.0,17.878984385160437,-19.03527371724158,17.827209978134193,-215.48107971566606,17.805876106159667,-221.47275758283014,17.844827854333169,-7.89059445251678,15.303757696196849,9.861071637693613,17.453271169414959,-12.301569621110787,16.687265543971408,12.935241202525504,15.262576545309939,-77.2015443035159,16.720002367099384,-25.190096018945725,364.8627231118144,297.1498973377993,0.0,0.0,0.0,0.0,0.0,0.0,0.0,0.0,0.0,0.0,0.0,0.0,0.0,0.0,0.0,0.0,0.0,0.0,0.0,0.0,0.0,0.0,0.6573045688189417,0.20064242027440225,201.21217266624104,239.79917785581243,3461.341393541744,0.11071994606681561,0.0168986486670964,125.7537084265087,149.94506918154904,2126.93174519425,0.6249400417617664,0.11809146669723482,130.0246107080238,155.06724886439518,2193.1313299340388,0.12409225719270578,0.023449028192121268,59.66070120460853,71.0964133006514,1026.4691412888683,0.0,0.0,7.94206118818669,9.542857780179274,98.89736198523313,0.0,0.0,9.576432064165294,11.414595474847955,163.24313633034454,0.0,0.0,71.21457333211916,85.14982562284837,1089.9830161485543,0.0,0.0,37.9250088625041,45.60898787124823,453.4562687966852,0.0,0.0,10.584911028750803,12.65097523675057,163.8476675821075,41.11755872666318,28.20134343392537,207.40208035300118,248.04578450666254,3763.077889958627,0.0,0.0,51.3730692031703,62.00571528050606,508.81151231173438,0.0,17.720615770520739,52.045848137851297,22.0,30.0,0.0,17.59439389908093,52.1266277628893,12.0,30.0,0.0,17.537228077730128,52.34097447689543,22.0,30.0,0.0,17.732277238611315,52.19595406642634,12.0,30.0,0.0,15.328153994174756,61.067367953001419,12.0,30.0,0.0,17.650726682221774,52.740948333503869,12.0,30.0,0.0,16.766374013699225,55.3534994788216,10.0,30.0,0.0,15.079769394238033,61.97801749074841,12.0,30.0,0.0,16.854286520907615,55.59914479866378,20.0,30.0,0.0,16.712252780181573,0.0,0.0,0.0,14.042357837592398,0.0,0.0,475.8200403429922,449.95239368297629,453.3891608481309,502.96246922707078,517.5979739144872,937.0934285017673,490.2543146273342,530.8001238349431,864.9867433576854,0.0,80.99088721140739,80.99088721140739,60.0,0.0,60.0,60.0,12.0,12.0,12.0,19.0,12.0,12.0,21.0,10.0,0.0,0.0,0.0,0.0,0.0,0.0,0.0,0.0,0.0,0.0,0.0,0.0,0.0,80.99088721140739,80.99088721140739,0.0,0.0,0.0,80.99088721140739,0.0,0.0,0.00213 
 03/07  02:50:00,9.233333333333335,89.0,7.573333333333332,0.0,0.0,0.0,0.0,0.0,2.0,2.0,0.0,0.0,0.0,0.0,0.0,622.0,0.0,0.0,0.0,0.0,0.0,0.0,0.0,0.0,0.0,0.0,0.0,17.744393265284175,-128.19089598097254,17.80561753108484,-103.0275161887705,17.800570600554545,-134.84047586886028,17.774129907199638,-119.48258600613463,15.292879167837718,9.888351505055454,17.428154965294114,-14.552181771580053,16.665952403246615,16.015333347109846,15.231146321447414,-79.83570914323116,16.72027014606765,-27.212890152795496,395.2462062346058,297.33634949596287,0.0,0.0,0.0,0.0,0.0,0.0,0.0,0.0,0.0,0.0,0.0,0.0,0.0,0.0,0.0,0.0,0.0,0.0,0.0,0.0,0.0,0.0,0.6724505058887829,0.20526572218827317,223.56632014470177,267.2352666088189,3745.379031709688,0.12024652136414176,0.01835264367584581,106.81728722350815,127.58048327981868,1809.759536006201,0.6205811461327825,0.11726779027452432,192.40578924481117,230.02388119001814,3261.6026183780516,0.1130185092627961,0.021356483231820875,101.754727006287,121.73334232451666,1722.4523424094246,0.0,0.0,8.17218576462897,9.845735418046623,101.60233655775972,0.0,0.0,9.54028225578665,11.401176347550467,162.16488367366754,0.0,0.0,71.90170804031937,86.20356369180672,1098.2413139834876,0.0,0.0,38.19322992900568,46.05312056847796,454.317141047286,0.0,0.0,11.995525300133235,14.373551611106283,185.7318292508145,41.17578613483042,28.241279927867234,271.49131530973576,325.4507504210177,4775.099503690546,0.0,0.0,51.624578087291229,62.476012251524547,507.2604408811482,0.0,17.48479675153916,52.72427746439489,22.0,30.0,0.0,17.618366616613835,52.145033692060028,12.0,30.0,0.0,17.590247182671346,52.3534081893217,22.0,30.0,0.0,17.61241783221393,52.33588715470339,12.0,30.0,0.0,15.31817605019777,61.012387658840868,12.0,30.0,0.0,17.627260190369144,52.73819316158985,12.0,30.0,0.0,16.749911055400998,55.37274246411283,10.0,30.0,0.0,15.048767586902688,62.01674876969389,12.0,30.0,0.0,16.857166796502776,55.49424575330252,20.0,30.0,0.0,16.77827590087227,0.0,0.0,0.0,14.002664595623223,0.0,0.0,473.7493178139282,459.1371957840106,473.2449548976625,481.8516886572012,513.9438261816324,931.1828925937707,489.3301319533516,534.1699301517597,854.9199245651719,0.0,80.99088721140739,80.99088721140739,60.0,0.0,60.0,60.0,12.0,12.0,12.0,19.0,12.0,12.0,21.0,10.0,0.0,0.0,0.0,0.0,0.0,0.0,0.0,0.0,0.0,0.0,0.0,0.0,0.0,80.99088721140739,80.99088721140739,0.0,0.0,0.0,80.99088721140739,0.0,0.0,0.0021566666666666667 
 03/07  03:00:00,9.23,89.0,7.6,0.0,0.0,0.0,0.0,0.0,2.0,2.0,0.0,0.0,0.0,0.0,0.0,311.0,0.0,0.0,0.0,0.0,0.0,0.0,0.0,0.0,0.0,0.0,0.0,17.69390053747329,-116.13441558415116,17.803997654638935,-12.096433467720573,17.81244229122979,-39.733997738195288,17.690376728275763,-162.60336239934714,15.278848950454677,10.101982600065185,17.39693387360785,-15.40256337651391,16.633716664840699,23.49763999757397,15.19316568222348,-78.28543094717429,16.718491664895646,-28.686485700646587,296.75568725476207,297.8650265007075,0.0,0.0,0.0,0.0,0.0,0.0,0.0,0.0,0.0,0.0,0.0,0.0,0.0,0.0,0.0,0.0,0.0,0.0,0.0,0.0,0.0,0.0,0.664142220395852,0.20272961550544936,82.89492641582523,98.86477634653227,1387.3737888645188,0.12286029460809371,0.01875157121613152,5.740105617249882,6.840798522830312,99.92214607387217,0.6348861296052009,0.11997092396167822,140.80545468828098,167.7926679664985,2411.39237648182,0.11264779260359027,0.02128643095305938,107.0347680302873,127.63412910186,1789.342665825281,0.0,0.0,8.316796703210507,9.99165551223996,103.21420753978122,0.0,0.0,9.564181320158005,11.399626697549565,162.00926864229937,0.0,0.0,73.11411378303747,87.41327961674232,1111.9960367805073,0.0,0.0,38.2827410842897,46.03983048483659,452.3840070847493,0.0,0.0,12.862300393540507,15.369178058376292,199.29085245020392,41.1719342653107,28.238638042051247,134.65910087625489,161.16278638739738,2569.9211238853765,0.0,0.0,51.696771009870818,62.39850488014217,504.39669963891699,0.0,17.43958673204536,52.7337812453585,22.0,30.0,0.0,17.663463314400738,51.905994726716759,12.0,30.0,0.0,17.666382415308744,52.22565859248035,22.0,30.0,0.0,17.488625216047195,52.55241961894031,12.0,30.0,0.0,15.302016945450488,60.93831716946818,12.0,30.0,0.0,17.591678398616787,52.725625958440669,12.0,30.0,0.0,16.712741844547347,55.52137209460444,10.0,30.0,0.0,15.004672774686988,62.09616300843912,12.0,30.0,0.0,16.85716516364774,55.34676052389883,20.0,30.0,0.0,16.441371688584125,0.0,0.0,0.0,13.963677327677012,0.0,0.0,466.50518288243299,454.5226281639538,487.8073749499179,468.2542611546801,510.15926783270199,919.013746619746,494.68261835240767,541.7561533494516,836.2233217689835,0.0,80.99088721140739,80.99088721140739,60.0,0.0,60.0,60.0,12.0,12.0,12.0,19.0,12.0,12.0,21.0,10.0,0.0,0.0,0.0,0.0,0.0,0.0,0.0,0.0,0.0,0.0,0.0,0.0,0.0,80.99088721140739,80.99088721140739,0.0,0.0,0.0,80.99088721140739,0.0,0.0,0.002183333333333333 
 03/07  03:10:00,9.226666666666667,88.83333333333334,7.64,0.0,0.0,0.0,0.0,0.0,2.0,2.0,0.0,0.0,0.0,0.0,0.0,622.0,0.0,0.0,0.0,0.0,0.0,0.0,0.0,0.0,0.0,0.0,0.0,17.68222625430759,-84.36559489941829,17.735749366220916,-140.61077835569768,17.68794572762571,-217.38175783012503,17.677443992685406,-79.13162571217663,15.267455453862649,9.434270521102605,17.372824011734595,-14.564977513457933,16.60577591673737,16.966020222693943,15.163105903702088,-80.82632474805394,16.71472270798005,-30.136399867945586,385.23369397395165,300.4532328765275,0.0,0.0,0.0,0.0,0.0,0.0,0.0,0.0,0.0,0.0,0.0,0.0,0.0,0.0,0.0,0.0,0.0,0.0,0.0,0.0,0.0,0.0,0.6445886667251621,0.19676088727874306,192.8497419217692,230.64233681778434,3232.1233394383118,0.11346344775016448,0.017317376030244887,72.98262938917859,87.39827596901668,1227.2607250045408,0.6210826205846547,0.11736255113088719,216.83071737366584,259.25032209057397,3614.8461847262835,0.12104264946605423,0.02287276067007827,123.31210323150538,147.38877633040856,2068.746808318508,0.0,0.0,8.215167096887577,9.894472444336668,101.77944005167459,0.0,0.0,9.56717366496678,11.433232641155908,161.64435113775336,0.0,0.0,72.40174819498293,86.7863746082435,1096.6637487639655,0.0,0.0,38.54563467914707,46.47825909874818,453.30198724057808,0.0,0.0,13.247015184017308,15.868596720066133,205.16308163092817,41.386134621881719,28.3855518668599,254.7731047660327,305.5460815026189,4468.635097524366,0.0,0.0,51.982082848592877,62.908959360034987,503.7374608122291,0.0,17.476594949412758,52.596461751411698,22.0,30.0,0.0,17.557080171846523,52.166025206300279,12.0,30.0,0.0,17.450709867246375,52.65552510655628,22.0,30.0,0.0,17.520867363558965,52.53483221211283,12.0,30.0,0.0,15.291143507351422,60.919141406883017,12.0,30.0,0.0,17.57042926852607,52.72816537725477,12.0,30.0,0.0,16.681594228540697,55.47789072901652,10.0,30.0,0.0,14.975849931208132,62.1232013663799,12.0,30.0,0.0,16.854255014433563,55.2814976758543,20.0,30.0,0.0,16.66910275101916,0.0,0.0,0.0,13.92977768862674,0.0,0.0,466.4729841636928,450.3727676906235,464.99757252815348,478.00821633228409,510.0238619139162,912.0431393554527,489.94066090694158,546.4572882158386,827.419510857681,0.0,80.99088721140739,80.99088721140739,60.0,0.0,60.0,60.0,12.0,12.0,12.0,19.0,12.0,12.0,21.0,10.0,0.0,0.0,0.0,0.0,0.0,0.0,0.0,0.0,0.0,0.0,0.0,0.0,0.0,80.99088721140739,80.99088721140739,0.0,0.0,0.0,80.99088721140739,0.0,0.0,0.00221 
 03/07  03:20:00,9.223333333333335,88.66666666666667,7.680000000000001,0.0,0.0,0.0,0.0,0.0,2.0,2.0,0.0,0.0,0.0,0.0,0.0,311.0,0.0,0.0,0.0,0.0,0.0,0.0,0.0,0.0,0.0,0.0,0.0,17.686395397909175,-16.73444461238705,17.640626651000369,-211.11169642358255,17.621530532114094,-208.8880752054929,17.680333547207156,-6.29094491316323,15.252897318216041,9.01570284601442,17.34316696916866,-13.196342984445665,16.56449602859174,7.1819321065027,15.12664514798881,-79.0203346616056,16.70864092956657,-30.844300696236077,348.6958453010593,303.2940616877722,0.0,0.0,0.0,0.0,0.0,0.0,0.0,0.0,0.0,0.0,0.0,0.0,0.0,0.0,0.0,0.0,0.0,0.0,0.0,0.0,0.0,0.0,0.6314948510217118,0.19276399603837358,196.0258990447328,233.66147076091324,3305.958117464891,0.10621098730146025,0.01621046814735352,123.44061512162205,147.21107804758428,2046.7020823891633,0.6009710436790338,0.11356217756595502,120.11144390574924,143.26112114528443,1989.6401031121378,0.11866579763470951,0.022423620112378963,51.07435362671868,60.873118136567168,863.2728460967402,0.0,0.0,8.022243016275619,9.63692450951021,99.20031196851525,0.0,0.0,9.592903380555374,11.433943419852155,161.57348975119064,0.0,0.0,70.01112308629286,83.7155096996055,1053.2099778440475,0.0,0.0,38.5670541486043,46.384505238069909,450.7426376104533,0.0,0.0,13.42600416261571,16.040427659227139,207.91065352082596,41.5038562628452,28.466293733089996,194.94102747385316,233.19154003846934,3497.3274864148368,0.0,0.0,52.00610738505961,62.77427501779264,501.0562867502233,0.0,17.540078182891777,52.36208244187036,22.0,30.0,0.0,17.415601278323103,52.51354045621217,12.0,30.0,0.0,17.372979718814578,52.68021683883456,22.0,30.0,0.0,17.566719067022,52.40156327269047,12.0,30.0,0.0,15.274141219472938,60.88308515660512,12.0,30.0,0.0,17.537693427098888,52.72679968723666,12.0,30.0,0.0,16.623727317821574,55.56463646493969,10.0,30.0,0.0,14.934241350910936,62.206343413960819,12.0,30.0,0.0,16.847708109409955,55.18701587592083,20.0,30.0,0.0,16.524834689499479,0.0,0.0,0.0,13.89717860834037,0.0,0.0,465.0234329228222,444.9126774334998,449.31712694689289,481.61926290707057,509.53988583469859,900.447359741532,487.59842641385856,549.7041678368929,815.0011835296809,0.0,80.99088721140739,80.99088721140739,60.0,0.0,60.0,60.0,12.0,12.0,12.0,19.0,12.0,12.0,21.0,10.0,0.0,0.0,0.0,0.0,0.0,0.0,0.0,0.0,0.0,0.0,0.0,0.0,0.0,80.99088721140739,80.99088721140739,0.0,0.0,0.0,80.99088721140739,0.0,0.0,0.0022133333333333338 
 03/07  03:30:00,9.22,88.5,7.72,0.0,0.0,0.0,0.0,0.0,2.0,2.0,0.0,0.0,0.0,0.0,0.0,622.0,0.0,0.0,0.0,0.0,0.0,0.0,0.0,0.0,0.0,0.0,0.0,17.556372733064586,-123.22217834522007,17.619963064629908,-100.19876034245772,17.614576500392294,-132.7889257412271,17.610281743124923,-120.51188807868084,15.241646062681938,9.028897618572686,17.318707424065808,-15.515258363903456,16.54289120093793,9.891922294227925,15.097883823341596,-80.9813474963529,16.70262976586472,-31.835657812169644,384.98831035970309,303.21761083789149,0.0,0.0,0.0,0.0,0.0,0.0,0.0,0.0,0.0,0.0,0.0,0.0,0.0,0.0,0.0,0.0,0.0,0.0,0.0,0.0,0.0,0.0,0.6495910467126147,0.1982878652968909,217.7297776887611,260.29532297960557,3577.74861244815,0.1166010575990992,0.017796254212316729,105.63159893234261,126.19355158602594,1754.5707279592849,0.5952525888858677,0.11248159275999018,185.43783341164778,221.72540075115178,3084.06690280982,0.10786557246768713,0.02038276123728025,98.34359623008018,117.67802914278552,1634.339458106926,0.0,0.0,8.237140955019612,9.921656078593618,101.69610111629479,0.0,0.0,9.67085423489851,11.55678385078457,162.43448718867729,0.0,0.0,70.44776239136324,84.4674607512896,1057.5887569660577,0.0,0.0,38.691325504575569,46.65726872480736,450.1548040917115,0.0,0.0,14.82784876363031,17.759159436822715,229.44037687459335,41.68456397256743,28.59023592082815,262.293383712803,314.4779416665166,4542.980094374171,0.0,0.0,52.14944015430474,63.11565979738785,498.91880218476049,0.0,17.311465324354857,53.0258709296116,22.0,30.0,0.0,17.438906267097488,52.498974321990669,12.0,30.0,0.0,17.418568063161588,52.64987385538135,22.0,30.0,0.0,17.446448829947167,52.58862794482303,12.0,30.0,0.0,15.26395564604669,60.84900978479042,12.0,30.0,0.0,17.514768003489949,52.73769277711524,12.0,30.0,0.0,16.60708997272775,55.582935820005797,10.0,30.0,0.0,14.907343257432693,62.242068599638788,12.0,30.0,0.0,16.84204660506018,55.126540305320599,20.0,30.0,0.0,16.60263318201288,0.0,0.0,0.0,13.862655485423997,0.0,0.0,462.9502305514999,452.47318682365747,463.1882663998638,466.11692296775848,509.0115312759533,894.710032780839,487.8628033370928,553.2849344713618,803.4861567490599,0.0,80.99088721140739,80.99088721140739,60.0,0.0,60.0,60.0,12.0,12.0,12.0,19.0,12.0,12.0,21.0,10.0,0.0,0.0,0.0,0.0,0.0,0.0,0.0,0.0,0.0,0.0,0.0,0.0,0.0,80.99088721140739,80.99088721140739,0.0,0.0,0.0,80.99088721140739,0.0,0.0,0.0022166666666666669 
 03/07  03:40:00,9.216666666666669,88.33333333333334,7.76,0.0,0.0,0.0,0.0,0.0,2.0,2.0,0.0,0.0,0.0,0.0,0.0,311.0,0.0,0.0,0.0,0.0,0.0,0.0,0.0,0.0,0.0,0.0,0.0,17.512500762490043,-106.98226208376082,17.618324595611953,-11.782075604381305,17.62579050757039,-36.30466865877679,17.52512070239509,-166.16408458368006,15.227281181203152,9.272138366207856,17.28804902323181,-16.45957372643238,16.510463024759468,17.15150225578418,15.063176494300408,-79.48014855047245,16.693812817493546,-33.572945969232367,288.23536965481255,303.6998160360056,0.0,0.0,0.0,0.0,0.0,0.0,0.0,0.0,0.0,0.0,0.0,0.0,0.0,0.0,0.0,0.0,0.0,0.0,0.0,0.0,0.0,0.0,0.6430483310508226,0.19629069934396296,77.19200667116283,92.08035444464294,1269.0336290302087,0.11940375194796445,0.01822401586507394,5.823058109246773,6.941334771361657,99.2813455891051,0.613218948328119,0.11587659643388496,137.83497063732239,164.2913461868484,2315.4980605478,0.10776100568930319,0.02036300183093408,108.55426958222522,129.473820537672,1780.5592755263386,0.0,0.0,8.395629014278985,10.084557544767814,103.46535745056286,0.0,0.0,9.71489353949949,11.579582943384685,162.61615524902005,0.0,0.0,71.5857556291357,85.59619738703336,1070.0607402628066,0.0,0.0,38.728847589617178,46.5809676347469,447.9703733043757,0.0,0.0,14.97777833533187,17.89222975495447,231.6130792127033,41.79815502289469,28.66814473449568,130.52515325692716,156.2510453274777,2462.8572401467229,0.0,0.0,52.2056601778217,63.018831162699409,496.3431293363193,0.0,17.277148874150453,52.99364977605365,22.0,30.0,0.0,17.48229674847987,52.26640171890817,12.0,30.0,0.0,17.49116777525855,52.504416838420869,22.0,30.0,0.0,17.31891455633374,52.82079676670845,12.0,30.0,0.0,15.247635423784072,60.79883463404614,12.0,30.0,0.0,17.479615058244126,52.7451375798501,12.0,30.0,0.0,16.570143790170265,55.732001955082989,10.0,30.0,0.0,14.868446973545368,62.31563471090376,12.0,30.0,0.0,16.83146930833355,55.043752853716878,20.0,30.0,0.0,16.267238310208133,0.0,0.0,0.0,13.828284713279278,0.0,0.0,458.4690548524331,449.1719405377064,473.2689253395912,454.02635306602397,508.94415654301738,883.1235698439467,492.04960108176308,559.588278885145,788.5500911645984,0.0,80.99088721140739,80.99088721140739,60.0,0.0,60.0,60.0,12.0,12.0,12.0,19.0,12.0,12.0,21.0,10.0,0.0,0.0,0.0,0.0,0.0,0.0,0.0,0.0,0.0,0.0,0.0,0.0,0.0,80.99088721140739,80.99088721140739,0.0,0.0,0.0,80.99088721140739,0.0,0.0,0.00222 
 03/07  03:50:00,9.213333333333335,88.16666666666667,7.8,0.0,0.0,0.0,0.0,0.0,2.0,2.0,0.0,0.0,0.0,0.0,0.0,622.0,0.0,0.0,0.0,0.0,0.0,0.0,0.0,0.0,0.0,0.0,0.0,17.496475672172396,-84.51742126733825,17.553692284414468,-134.8008116238878,17.50387062849847,-212.34129455159838,17.512811201738164,-80.66819792977049,15.215619307990608,8.711482260859527,17.26431609196824,-16.03121757153494,16.484267169576577,12.343641841756153,15.035198340097012,-81.65337501084446,16.686065849400518,-34.57035532042423,379.37144816536377,305.45043150422,0.0,0.0,0.0,0.0,0.0,0.0,0.0,0.0,0.0,0.0,0.0,0.0,0.0,0.0,0.0,0.0,0.0,0.0,0.0,0.0,0.0,0.0,0.6242157086208369,0.1905420355985461,188.04759155330147,224.93884657109613,3089.9728045441654,0.11017688503188082,0.016815763893754708,71.16761531150144,85.23647492754356,1173.7692198947412,0.6020845111339694,0.11377258335864885,214.02872932220419,255.9463665949329,3499.883146690155,0.11704570257327257,0.02211747970016488,122.31410326678653,146.22055327687048,2013.6251687560787,0.0,0.0,8.309401097442816,10.006104473408378,102.22696707195124,0.0,0.0,9.90487711553617,11.837110547088632,165.3678026553285,0.0,0.0,71.38685005092353,85.57807817132343,1063.175380068836,0.0,0.0,38.91481544949985,46.92705991564367,448.13631955633346,0.0,0.0,15.30660758104792,18.331625477757599,236.45324033841835,42.01830309982852,28.819137928551809,250.11459213623949,300.004678973683,4316.075844163877,0.0,0.0,52.417748597153437,63.44104134312582,495.1884005526948,0.0,17.301490776427543,52.892859038806268,22.0,30.0,0.0,17.381510341375269,52.476343816733379,12.0,30.0,0.0,17.278511222751754,52.94238082297595,22.0,30.0,0.0,17.351889145041456,52.786760622348669,12.0,30.0,0.0,15.236712944593446,60.78804617386528,12.0,30.0,0.0,17.45837088594572,52.758563607970518,12.0,30.0,0.0,16.542646915224336,55.68054545406861,10.0,30.0,0.0,14.842442263180118,62.33664243580585,12.0,30.0,0.0,16.82385131841763,55.01252253108867,20.0,30.0,0.0,16.502091345552864,0.0,0.0,0.0,13.797181409361425,0.0,0.0,457.8225147284109,446.28726330319099,457.2372461498169,463.2308245683717,509.78029528146228,876.6082825469732,489.003316041748,561.9568225973833,784.58562909379,0.0,80.99088721140739,80.99088721140739,60.0,0.0,60.0,60.0,12.0,12.0,12.0,19.0,12.0,12.0,21.0,10.0,0.0,0.0,0.0,0.0,0.0,0.0,0.0,0.0,0.0,0.0,0.0,0.0,0.0,80.99088721140739,80.99088721140739,0.0,0.0,0.0,80.99088721140739,0.0,0.0,0.00222 
 03/07  04:00:00,9.21,88.0,7.84,0.0,0.0,0.0,0.0,0.0,2.0,2.0,0.0,0.0,0.0,0.0,0.0,311.0,0.0,0.0,0.0,0.0,0.0,0.0,0.0,0.0,0.0,0.0,0.0,17.50050285582162,-14.241855292281798,17.46027771941228,-207.4291988729583,17.438654762833669,-204.06996842974923,17.517538301936079,-5.860474910586845,15.200691192736724,8.286726353872553,17.235084128361998,-14.882227375446007,16.442502452142834,1.2302681968885736,15.00123647866629,-79.91287810787299,16.676118577757128,-33.96917881849413,342.94449562225238,308.31761266457945,0.0,0.0,0.0,0.0,0.0,0.0,0.0,0.0,0.0,0.0,0.0,0.0,0.0,0.0,0.0,0.0,0.0,0.0,0.0,0.0,0.0,0.0,0.6113406453828385,0.18661191861503008,197.25366043023809,235.18004292965129,3261.5136454046426,0.10233354122883347,0.015618672348723058,123.80590034973244,147.6812694531025,2012.6044928521984,0.5802128732954461,0.10963962080412819,119.38395788500263,142.42547567653578,1939.1144109794626,0.1143622471953848,0.02161040196435842,48.059832263660748,57.2918806608626,797.6083764375002,0.0,0.0,8.091815641443182,9.718736575067363,99.35448940150683,0.0,0.0,10.123784916791033,12.066972633765677,168.491083266677,0.0,0.0,68.25879237959433,81.62931762380342,1009.3958641197265,0.0,0.0,38.89662717413526,46.78445060558099,445.3689686161775,0.0,0.0,16.35122370779542,19.530620445451786,252.40439222359957,42.13713178064653,28.90063908137623,194.10575225587588,232.2408191151079,3421.994148349679,0.0,0.0,52.403209922311919,63.25831929579722,492.47551975047329,0.0,17.363362330384378,52.67275143982929,22.0,30.0,0.0,17.240873918238429,52.785448311575638,12.0,30.0,0.0,17.20089489793561,52.94441402174065,22.0,30.0,0.0,17.40062295293598,52.650952664964218,12.0,30.0,0.0,15.219420100450018,60.76457664470911,12.0,30.0,0.0,17.42581436909928,52.77134454531988,12.0,30.0,0.0,16.4838826117074,55.75102131277515,10.0,30.0,0.0,14.804473072811867,62.4049552678118,12.0,30.0,0.0,16.812443715159849,54.94991297492573,20.0,30.0,0.0,16.359489524155465,0.0,0.0,0.0,13.768057632675774,0.0,0.0,457.8928691423032,442.2052877370645,447.0652679879572,465.55993066663839,510.21891195621887,865.9905788459154,486.831438316001,561.9878550940248,773.6580484605504,0.0,80.99088721140739,80.99088721140739,60.0,0.0,60.0,60.0,12.0,12.0,12.0,19.0,12.0,12.0,21.0,10.0,0.0,0.0,0.0,0.0,0.0,0.0,0.0,0.0,0.0,0.0,0.0,0.0,0.0,80.99088721140739,80.99088721140739,0.0,0.0,0.0,80.99088721140739,0.0,0.0,0.00222 
 03/07  04:10:00,9.225000000000002,88.00000000000002,7.866666666666666,0.0,0.0,0.0,0.0,0.0,2.0,2.0,0.0,0.0,0.0,0.0,0.0,622.0,0.0,0.0,0.0,0.0,0.0,0.0,0.0,0.0,0.0,0.0,0.0,17.373608459594935,-119.42929731629966,17.440879389013007,-97.21645132943559,17.432958354550278,-128.61965216748468,17.44716089532784,-123.3665168105349,15.189050024786816,8.23070434579796,17.21139569701149,-17.12928589907756,16.420926385723207,4.828004961040506,14.974358304389007,-81.50956922804937,16.667656311215127,-35.40716617628101,378.47849575215425,307.4248480936724,0.0,0.0,0.0,0.0,0.0,0.0,0.0,0.0,0.0,0.0,0.0,0.0,0.0,0.0,0.0,0.0,0.0,0.0,0.0,0.0,0.0,0.0,0.6244489049656804,0.1906132188539928,216.20256911763637,258.54503178331415,3475.5097758875606,0.11204755849158227,0.01710127571605346,105.74908508247609,126.37519279671224,1718.6112039204978,0.5695382435567654,0.10762249500316812,185.66210983897677,222.06078422659969,3021.5985239468639,0.10217739208481225,0.01930789721935227,99.36730853761925,118.94167099266102,1616.6359270611768,0.0,0.0,8.280546749988123,9.972868756513276,101.20393980598473,0.0,0.0,10.185950528359435,12.173072986421929,168.69716586946448,0.0,0.0,69.01427184929963,82.76278265093635,1015.9905547523142,0.0,0.0,38.926307598258237,46.947260481061608,442.42202576648529,0.0,0.0,17.43720364800592,20.8806156890697,268.2404668791548,42.24424092761204,28.974102145138589,262.0840705421484,314.31220120042806,4447.483188784318,0.0,0.0,52.4197965217718,63.45178570665887,487.42216144875746,0.0,17.139233213410379,53.29601566870845,22.0,30.0,0.0,17.264363416348698,52.78904444500674,12.0,30.0,0.0,17.24662308879997,52.92833121599259,22.0,30.0,0.0,17.278137477484536,52.829729091263157,12.0,30.0,0.0,15.208887583789038,60.73806703039265,12.0,30.0,0.0,17.403368803071197,52.788008482516158,12.0,30.0,0.0,16.46767490718166,55.774684963251107,10.0,30.0,0.0,14.779866890002623,62.43934929947433,12.0,30.0,0.0,16.80406295774011,54.91001430260024,20.0,30.0,0.0,16.442539675407276,0.0,0.0,0.0,13.73586888617541,0.0,0.0,455.18143843756669,448.4301663791725,455.9450635363187,454.82583895369307,510.0286313779643,861.2731346665139,486.8409942615446,565.0398306950262,764.6027758516708,0.0,80.99088721140739,80.99088721140739,60.0,0.0,60.0,60.0,12.0,12.0,12.0,19.0,12.0,12.0,21.0,10.0,0.0,0.0,0.0,0.0,0.0,0.0,0.0,0.0,0.0,0.0,0.0,0.0,0.0,80.99088721140739,80.99088721140739,0.0,0.0,0.0,80.99088721140739,0.0,0.0,0.00222 
 03/07  04:20:00,9.240000000000002,88.0,7.893333333333334,0.0,0.0,0.0,0.0,0.0,2.0,2.0,0.0,0.0,0.0,0.0,0.0,311.0,0.0,0.0,0.0,0.0,0.0,0.0,0.0,0.0,0.0,0.0,0.0,17.33396327343595,-101.33790393210075,17.440325871218826,-11.56663433913397,17.444909068237263,-34.161643013107099,17.362624017739657,-168.66762086983136,15.174208078117232,8.426798644676467,17.181745959167644,-18.121023456060358,16.389142392765679,11.747977336209715,14.941950603253133,-80.10774814517959,16.656411926814657,-36.404871001697078,281.9265262328954,307.66416483980268,0.0,0.0,0.0,0.0,0.0,0.0,0.0,0.0,0.0,0.0,0.0,0.0,0.0,0.0,0.0,0.0,0.0,0.0,0.0,0.0,0.0,0.0,0.6122793735408194,0.1868984656718008,74.5777661985225,88.99523668977573,1197.521760955735,0.11384166665071619,0.017375101747667308,5.947729417040625,7.092806491326703,98.87595213992793,0.5829140386006319,0.1101500450870431,137.888443422821,164.42011309047474,2261.773673908329,0.10114110056030899,0.01911207493581046,111.02509074162653,132.47172592691258,1778.470533675561,0.0,0.0,8.415949718483195,10.108876065921566,102.35620227751308,0.0,0.0,10.342143496846184,12.329513365230906,170.33587990543408,0.0,0.0,70.06859932485634,83.80501935125135,1024.6821192360315,0.0,0.0,38.927445832333358,46.83046719365647,438.6151060220717,0.0,0.0,17.97732778142367,21.47433749513038,275.6264013760622,42.28342024982165,29.000974108245314,130.13970227309458,155.8380515800111,2404.250182339689,0.0,0.0,52.41200081475431,63.2823232151176,482.6391376343408,0.0,17.111341529380256,53.23794416729611,22.0,30.0,0.0,17.307315360178696,52.551043058632419,12.0,30.0,0.0,17.318414427322386,52.783178148044687,22.0,30.0,0.0,17.15072194768974,53.063388767566227,12.0,30.0,0.0,15.192051863537474,60.69103238286287,12.0,30.0,0.0,17.36897760470299,52.80048959259821,12.0,30.0,0.0,16.43209915976757,55.93138511171188,10.0,30.0,0.0,14.744029233154877,62.50207333168376,12.0,30.0,0.0,16.790611171130857,54.84555491084093,20.0,30.0,0.0,16.117209038218836,0.0,0.0,0.0,13.704794521735867,0.0,0.0,452.74019536054768,445.9667647743289,463.0675825841545,446.77183900385088,509.9943746994972,852.1178225817106,490.0253669217544,568.518541596836,751.4916166530561,0.0,80.99088721140739,80.99088721140739,60.0,0.0,60.0,60.0,12.0,12.0,12.0,19.0,12.0,12.0,21.0,10.0,0.0,0.0,0.0,0.0,0.0,0.0,0.0,0.0,0.0,0.0,0.0,0.0,0.0,80.99088721140739,80.99088721140739,0.0,0.0,0.0,80.99088721140739,0.0,0.0,0.00226 
 03/07  04:30:00,9.255,88.0,7.92,0.0,0.0,0.0,0.0,0.0,2.0,2.0,0.0,0.0,0.0,0.0,0.0,622.0,0.0,0.0,0.0,0.0,0.0,0.0,0.0,0.0,0.0,0.0,0.0,17.31910657519103,-80.05395097912788,17.37940003050918,-129.28320530472,17.32682988942182,-206.5870083756813,17.352248919517053,-80.31332543989652,15.162198505142971,7.876092998556487,17.159108051268797,-17.60025325062827,16.36337314473218,7.3108046800218748,14.915716253888931,-81.96456339189695,16.64694130124178,-37.76331175355085,367.1216294137125,308.80648803223519,0.0,0.0,0.0,0.0,0.0,0.0,0.0,0.0,0.0,0.0,0.0,0.0,0.0,0.0,0.0,0.0,0.0,0.0,0.0,0.0,0.0,0.0,0.5878508013011932,0.17944163653882579,182.84276376211208,218.81310692191324,2928.183001193838,0.10353334835022957,0.01580179309374688,68.71559789139039,82.34013673140486,1104.3895611563458,0.5670012413712202,0.10714309171791771,211.1015247332595,252.55947556539818,3363.62849415034,0.11027639473230217,0.02083832100005709,121.30970653676138,145.08278526378303,1946.9721218958344,0.0,0.0,8.314445261813919,10.01283488984851,100.64073196804702,0.0,0.0,10.453540594743935,12.495877591736095,171.36443408166717,0.0,0.0,69.67278162505342,83.55217224252209,1012.7182533620178,0.0,0.0,39.07737982899168,47.13697332529813,437.0490928974488,0.0,0.0,17.980574730515465,21.534829589507305,274.6819561070289,42.4287427926367,29.100646634181556,244.1911539742934,293.02520381149426,4119.10550736262,0.0,0.0,52.5635352143031,63.635809436386058,479.2955027734296,0.0,17.13532010310987,53.171216142211779,22.0,30.0,0.0,17.212157603865223,52.77615645016339,12.0,30.0,0.0,17.111625075558146,53.23035854689155,22.0,30.0,0.0,17.186592959366459,53.05494461318333,12.0,30.0,0.0,15.180876116332449,60.68669214011348,12.0,30.0,0.0,17.34857451893282,52.819647043428648,12.0,30.0,0.0,16.405601700171176,55.86604315001511,10.0,30.0,0.0,14.720017311993854,62.50998779043245,12.0,30.0,0.0,16.781175636923565,54.82879157228915,20.0,30.0,0.0,16.341722690090977,0.0,0.0,0.0,13.677141677629973,0.0,0.0,452.31032830232746,443.56825468346735,452.22449361731506,454.29460937596778,510.55970116763936,847.4477711962363,487.8447000601524,569.2125260695184,748.9056360406662,0.0,80.99088721140739,80.99088721140739,60.0,0.0,60.0,60.0,12.0,12.0,12.0,19.0,12.0,12.0,21.0,10.0,0.0,0.0,0.0,0.0,0.0,0.0,0.0,0.0,0.0,0.0,0.0,0.0,0.0,80.99088721140739,80.99088721140739,0.0,0.0,0.0,80.99088721140739,0.0,0.0,0.0023 
 03/07  04:40:00,9.270000000000002,88.0,7.946666666666667,0.0,0.0,0.0,0.0,0.0,2.0,2.0,0.0,0.0,0.0,0.0,0.0,311.0,0.0,0.0,0.0,0.0,0.0,0.0,0.0,0.0,0.0,0.0,0.0,17.322943566380304,-12.99937284848238,17.289718168291889,-201.9026462670863,17.268068916053083,-193.68602861709725,17.35979079992783,-5.9426539604578469,15.146924374358502,7.506802609567842,17.131327715541823,-16.50499841083655,16.323795435678219,-2.1963658947702244,14.88396394324893,-80.24152253729995,16.634790465050988,-37.44985027753523,326.34789098104468,310.7916853386737,0.0,0.0,0.0,0.0,0.0,0.0,0.0,0.0,0.0,0.0,0.0,0.0,0.0,0.0,0.0,0.0,0.0,0.0,0.0,0.0,0.0,0.0,0.5702251165326223,0.17406139088297385,191.42796865371217,228.35958582408697,3077.4515538782427,0.09484183487191925,0.014475249522576199,121.01903494381709,144.4320855407613,1913.1141723028132,0.5415684044166145,0.10233718904320005,112.34938060272664,134.09902736454613,1776.1947623422307,0.10647284197801059,0.020119584651929435,43.50817741496314,51.89314898958464,702.9333523433664,0.0,0.0,8.096465611314134,9.725900302919444,97.50758523584415,0.0,0.0,10.621173233073766,12.664195783871222,173.20495794216564,0.0,0.0,67.16059534942792,80.34994210729298,967.3004351581691,0.0,0.0,39.02668094408418,46.958805289158707,432.71279818940959,0.0,0.0,18.839539556823604,22.505749162510609,286.80603870518078,42.47357776133662,29.131397641520328,184.04880277599126,220.32301772620915,3178.978884940384,0.0,0.0,52.48935599081182,63.38597001281225,474.48459429489176,0.0,17.194352768279864,52.963699057406277,22.0,30.0,0.0,17.076208343547589,53.133638484967487,12.0,30.0,0.0,17.04456629325281,53.268598026861287,22.0,30.0,0.0,17.239269930716597,52.901042935606017,12.0,30.0,0.0,15.163319877860556,60.66712039163684,12.0,30.0,0.0,17.317482894796613,52.83733791436758,12.0,30.0,0.0,16.351374130752757,55.9454642369955,10.0,30.0,0.0,14.684955765656982,62.567596306050557,12.0,30.0,0.0,16.766879896766836,54.78519350540951,20.0,30.0,0.0,16.193645529547017,0.0,0.0,0.0,13.651637882192907,0.0,0.0,452.9551655568595,440.4596295634772,445.94350614026475,457.2429096988813,510.71216550303356,839.7864590613691,485.8448707982032,568.3802485628631,741.3137614225091,0.0,80.99088721140739,80.99088721140739,60.0,0.0,60.0,60.0,12.0,12.0,12.0,19.0,12.0,12.0,21.0,10.0,0.0,0.0,0.0,0.0,0.0,0.0,0.0,0.0,0.0,0.0,0.0,0.0,0.0,80.99088721140739,80.99088721140739,0.0,0.0,0.0,80.99088721140739,0.0,0.0,0.00234 
 03/07  04:50:00,9.285,88.0,7.973333333333334,0.0,0.0,0.0,0.0,0.0,2.0,2.0,0.0,0.0,0.0,0.0,0.0,622.0,0.0,0.0,0.0,0.0,0.0,0.0,0.0,0.0,0.0,0.0,0.0,17.201766518421853,-114.30072383641937,17.27189972952563,-93.70940123939909,17.262392026890035,-124.56888035305201,17.291535280413535,-122.77592957024501,15.134992581157368,7.4470645682824,17.108711023761793,-18.546718683238767,16.302640619263646,1.0963259470256617,14.858682134969652,-81.5003999148629,16.62473803834894,-38.93071490030616,363.46414967706189,309.8214232206499,0.0,0.0,0.0,0.0,0.0,0.0,0.0,0.0,0.0,0.0,0.0,0.0,0.0,0.0,0.0,0.0,0.0,0.0,0.0,0.0,0.0,0.0,0.5845448519973511,0.1784324945046859,208.44286915999747,249.38334240084408,3259.570784512245,0.1050439894034908,0.0160323549150627,102.67086724784878,122.76175697020764,1622.8410026902635,0.5294613469725426,0.10004938529337543,177.75364596648115,212.70716482273773,2814.81580070383,0.09411867814004704,0.017785086572193313,95.75590426969394,114.68395577352094,1516.0177973375317,0.0,0.0,8.272402412259899,9.964487441554489,99.15690835541614,0.0,0.0,10.65129774949241,12.733496833757436,172.85508611349514,0.0,0.0,67.92515980481537,81.48897691319505,973.8730866016426,0.0,0.0,39.046460722945258,47.10921860604982,429.7883254033511,0.0,0.0,19.653229213390234,23.537850549926298,298.0884095385701,42.58858129632386,29.210275237533524,250.30937176464475,300.34042351942755,4150.896753862918,0.0,0.0,52.50294354880306,63.574167361231378,469.90624212333275,0.0,16.980479264777139,53.60655975814454,22.0,30.0,0.0,17.100019935974666,53.13276851552534,12.0,30.0,0.0,17.087260139170679,53.24600055754715,22.0,30.0,0.0,17.11986490878101,53.13685936642025,12.0,30.0,0.0,15.152606127740138,60.6436350956638,12.0,30.0,0.0,17.29616586787348,52.8557490482312,12.0,30.0,0.0,16.335748155480166,55.98436671058153,10.0,30.0,0.0,14.662256265796989,62.59258557373304,12.0,30.0,0.0,16.756938486889383,54.75691990573363,20.0,30.0,0.0,16.280941555985977,0.0,0.0,0.0,13.624280772755565,0.0,0.0,450.5225605810605,445.6695481745976,451.98021592886837,449.02371228084157,510.24899156445067,836.6695936859424,485.62340439135769,569.2911684898746,735.0678704213665,0.0,80.99088721140739,80.99088721140739,60.0,0.0,60.0,60.0,12.0,12.0,12.0,19.0,12.0,12.0,21.0,10.0,0.0,0.0,0.0,0.0,0.0,0.0,0.0,0.0,0.0,0.0,0.0,0.0,0.0,80.99088721140739,80.99088721140739,0.0,0.0,0.0,80.99088721140739,0.0,0.0,0.0023533333333333337 
 03/07  05:00:00,9.3,88.0,8.0,0.0,0.0,0.0,0.0,0.0,2.0,2.0,0.0,0.0,0.0,0.0,0.0,311.0,0.0,0.0,0.0,0.0,0.0,0.0,0.0,0.0,0.0,0.0,0.0,17.173671533037557,-88.08813459113208,17.271920457375967,-11.659579554194778,17.274572671424239,-31.42178020526717,17.209072430572165,-168.31735076462838,15.119822865093529,7.597859180104422,17.080387001018424,-19.34086218586566,16.271690638447998,7.478475466583404,14.828244721257033,-80.12554756680516,16.61150026034065,-39.81800322222762,262.06091704043458,309.87028907161359,0.0,0.0,0.0,0.0,0.0,0.0,0.0,0.0,0.0,0.0,0.0,0.0,0.0,0.0,0.0,0.0,0.0,0.0,0.0,0.0,0.0,0.0,0.5726849194303694,0.17481224646836675,66.37574238583332,79.2405884525186,1039.8824743354065,0.1062448427503307,0.016215635340404566,6.148258154827526,7.335707206901881,99.22586321941256,0.5431106154919074,0.10262861214888655,128.87740223434254,153.75467656006749,2057.096117269186,0.0931628148476476,0.017604462367280344,109.83926787010795,131.119164586919,1712.2488963651368,0.0,0.0,8.38730026130868,10.076083069304387,100.02756745355123,0.0,0.0,10.764419214083225,12.837166522058175,173.73856068619845,0.0,0.0,68.90007955706662,82.4417013537529,981.3261952652506,0.0,0.0,39.052624137687867,46.99825125659939,426.2261598523565,0.0,0.0,20.065791093033007,23.9724424165857,303.2190835946669,42.62872579746384,29.237809188932684,118.81596297296899,142.35427316128105,2175.0493158573797,0.0,0.0,52.50594605521501,63.41693425034156,465.71675127076409,0.0,16.973580826332645,53.555723752159547,22.0,30.0,0.0,17.142297609602215,52.93841116618737,12.0,30.0,0.0,17.157482946292484,53.070132001284779,22.0,30.0,0.0,16.995357433711584,53.44826552967742,12.0,30.0,0.0,15.135493754844058,60.61315280604481,12.0,30.0,0.0,17.263526864095455,52.88208490312392,12.0,30.0,0.0,16.301537174206886,56.119073691704958,10.0,30.0,0.0,14.629115238043408,62.64617618807775,12.0,30.0,0.0,16.74107171182181,54.71806053308861,20.0,30.0,0.0,15.941441133000744,0.0,0.0,0.0,13.598055834685566,0.0,0.0,450.1029573227404,443.9482160531174,457.4842106916612,442.65133691648216,509.7174698934671,830.3655370444716,488.0938247773183,570.7724851265783,725.977830503348,0.0,80.99088721140739,80.99088721140739,60.0,0.0,60.0,60.0,12.0,12.0,12.0,19.0,12.0,12.0,21.0,10.0,0.0,0.0,0.0,0.0,0.0,0.0,0.0,0.0,0.0,0.0,0.0,0.0,0.0,80.99088721140739,80.99088721140739,0.0,0.0,0.0,80.99088721140739,0.0,0.0,0.002366666666666667 
 03/07  05:10:00,9.31,88.00000000000002,8.051666666666668,0.0,0.0,0.0,0.0,0.0,2.0,2.0,0.0,0.0,0.0,0.0,0.0,622.0,0.0,0.0,0.0,0.0,0.0,0.0,0.0,0.0,0.0,0.0,0.0,17.153388587834333,-79.37986160256424,17.21441591604095,-124.83824840372944,17.161773825733964,-201.28808745826565,17.19953977983765,-79.77561406950827,15.107655324128063,7.21603725285928,17.05843659121858,-18.917291872853128,16.24840823969,4.995747341830565,14.8034342919095,-81.62218891283044,16.60054549904952,-41.22724159171713,353.48623113911347,310.83032075781196,0.0,0.0,0.0,0.0,0.0,0.0,0.0,0.0,0.0,0.0,0.0,0.0,0.0,0.0,0.0,0.0,0.0,0.0,0.0,0.0,0.0,0.0,0.5513240407018096,0.16829183171605914,171.02573483370007,204.75121654411698,2667.2467694635158,0.0973950989453709,0.014864941841479077,64.6083489960267,77.44559345381055,1011.1986749728502,0.5344777743972653,0.10099731186645228,201.29338375427518,240.92119229444308,3124.2055643121868,0.10427028089540708,0.01970337885400738,116.9697559770608,139.95527532892249,1828.4826872183226,0.0,0.0,8.3334806769513,10.036984473070316,98.98694698233952,0.0,0.0,10.844030837649193,12.96625477590376,174.30850453584007,0.0,0.0,69.02339327338933,82.80272451427106,978.2745504901567,0.0,0.0,39.227874663239308,47.333173312928199,425.40041579919019,0.0,0.0,19.85035314105741,23.776618057880684,299.0038941879003,42.89481576220512,29.42031259410503,229.33703663077336,275.3163532279099,3792.143268891164,0.0,0.0,52.7253088457784,63.849043625618218,463.9076256979765,0.0,16.982286259456719,53.52889047474325,22.0,30.0,0.0,17.053181031783468,53.2036300393202,12.0,30.0,0.0,16.959590954481983,53.59406753570026,22.0,30.0,0.0,17.03199853998337,53.39691364983868,12.0,30.0,0.0,15.124380563120602,60.61211265386963,12.0,30.0,0.0,17.24389545004757,52.90766392155127,12.0,30.0,0.0,16.27971199600107,56.096246170686047,10.0,30.0,0.0,14.606879443592377,62.662637459132977,12.0,30.0,0.0,16.730237166819895,54.71233204596485,20.0,30.0,0.0,16.177761312020907,0.0,0.0,0.0,13.574827258481414,0.0,0.0,449.1978491426357,441.7752005426114,449.4207820552624,449.871149363906,509.8878576265673,827.248706907918,486.4473776449977,570.4381798508607,725.181134097012,0.0,80.99088721140739,80.99088721140739,60.0,0.0,60.0,60.0,12.0,12.0,12.0,19.0,12.0,12.0,21.0,10.0,0.0,0.0,0.0,0.0,0.0,0.0,0.0,0.0,0.0,0.0,0.0,0.0,0.0,80.99088721140739,80.99088721140739,0.0,0.0,0.0,80.99088721140739,0.0,0.0,0.00238 
 03/07  05:20:00,9.32,88.0,8.103333333333334,0.0,0.0,0.0,0.0,0.0,2.0,2.0,0.0,0.0,0.0,0.0,0.0,311.0,0.0,0.0,0.0,0.0,0.0,0.0,0.0,0.0,0.0,0.0,0.0,17.154664895657434,-11.623871435731417,17.126756212968698,-195.62785597592529,17.107719272989919,-183.47026203317183,17.20877400671683,-5.31940031571412,15.092219454297208,6.916589738202163,17.031448361651309,-17.846856837507575,16.210378657631247,-4.714109970203026,14.77348031321273,-79.89250067466469,16.586609650281603,-40.948107449706757,311.5677799807363,312.69078638368208,0.0,0.0,0.0,0.0,0.0,0.0,0.0,0.0,0.0,0.0,0.0,0.0,0.0,0.0,0.0,0.0,0.0,0.0,0.0,0.0,0.0,0.0,0.5381450077966041,0.16426892789884132,184.86472024184233,220.62360695718565,2894.318682290446,0.08942758479040852,0.013648898777534878,117.13834081111452,139.85499342059758,1803.516936840682,0.5110239738418122,0.09656537676527068,104.5348468920663,124.81539406665159,1611.9631175871946,0.10012505240771949,0.01892007793040806,37.90081096558311,45.22346585381083,597.148734311771,0.0,0.0,8.123078611104246,9.758717648280769,96.0699598786443,0.0,0.0,11.001249730543123,13.12061855551676,176.02377270528869,0.0,0.0,66.65143886576844,79.76467365292754,936.7993126203339,0.0,0.0,39.17935725394266,47.15547935871378,421.6664291248409,0.0,0.0,20.59196796277208,24.601117797772355,309.1963112898693,43.04986670275488,29.526657546471126,171.8553380170069,205.81884764000623,2920.3824401706049,0.0,0.0,52.68878752515549,63.641559003841368,460.37254419981306,0.0,17.034819970504186,53.33851254204467,22.0,30.0,0.0,16.919977262356264,53.620872950067269,12.0,30.0,0.0,16.899978631938983,53.71019842918594,22.0,30.0,0.0,17.087174427766667,53.21180775235894,12.0,30.0,0.0,15.106830218184845,60.606615071365428,12.0,30.0,0.0,17.213961650721349,52.94212009790168,12.0,30.0,0.0,16.228114745814695,56.218919600561857,10.0,30.0,0.0,14.574362161928809,62.72660000644278,12.0,30.0,0.0,16.713897192180533,54.69480317010162,20.0,30.0,0.0,16.02154048084612,0.0,0.0,0.0,13.553298963458888,0.0,0.0,450.06151571792585,439.26149085484,445.2496973793599,452.5724923943501,509.62034750156519,821.6743955672026,484.31951125483348,568.9329932839067,720.2521825988988,0.0,80.99088721140739,80.99088721140739,60.0,0.0,60.0,60.0,12.0,12.0,12.0,19.0,12.0,12.0,21.0,10.0,0.0,0.0,0.0,0.0,0.0,0.0,0.0,0.0,0.0,0.0,0.0,0.0,0.0,80.99088721140739,80.99088721140739,0.0,0.0,0.0,80.99088721140739,0.0,0.0,0.002413333333333333 
 03/07  05:30:00,9.33,88.0,8.155000000000002,0.0,0.0,0.0,0.0,0.0,2.0,2.0,0.0,0.0,0.0,0.0,0.0,622.0,0.0,0.0,0.0,0.0,0.0,0.0,0.0,0.0,0.0,0.0,0.0,17.038389939509643,-109.3971854574338,17.108782626620277,-91.9865948406823,17.099843359898239,-123.22725792078018,17.141816919862444,-121.89709172354083,15.080076147313563,6.850339244253391,17.00934064588541,-19.735540345104285,16.18935586804541,-1.7823212170180796,14.74951691449047,-80.84267043358966,16.575249630287276,-42.366096349959267,352.17854814046998,311.7384981668307,0.0,0.0,0.0,0.0,0.0,0.0,0.0,0.0,0.0,0.0,0.0,0.0,0.0,0.0,0.0,0.0,0.0,0.0,0.0,0.0,0.0,0.0,0.5553811594310424,0.16953026844659414,199.99031464168875,239.34323414148757,3049.229746715865,0.100134982835763,0.015283117038425368,99.4102720299037,118.9082675231691,1531.0394833061887,0.4994796046469944,0.09438390110487427,167.94058085657458,201.02914723420646,2593.106536077871,0.08841659672541595,0.016707595753102025,90.89445009541226,108.90643538618345,1403.4549932685939,0.0,0.0,8.29421087109662,9.9910726847993,97.70285547684341,0.0,0.0,11.029706499518355,13.188531199323844,175.73015812931039,0.0,0.0,67.39188664535598,80.86940235473986,943.4294657213135,0.0,0.0,39.19399554547002,47.2976733925551,419.18615768297289,0.0,0.0,21.276473203326089,25.48317178461582,318.4367346210163,43.281545814707857,29.68555954369538,235.9517811766308,283.21969234082766,3837.81857712761,0.0,0.0,52.735390537552067,63.866535439545767,456.9366845262713,0.0,16.830054427626835,54.00795136965368,22.0,30.0,0.0,16.942085271955429,53.587026890634778,12.0,30.0,0.0,16.935712961155909,53.648976863228458,22.0,30.0,0.0,16.96977527251662,53.53235857053231,12.0,30.0,0.0,15.09598888172621,60.600740351892017,12.0,30.0,0.0,17.19334973168874,52.97415381919784,12.0,30.0,0.0,16.212377345382909,56.25837007058389,10.0,30.0,0.0,14.55330161637984,62.75807183157021,12.0,30.0,0.0,16.7028236929551,54.68768552442279,20.0,30.0,0.0,16.112612119847868,0.0,0.0,0.0,13.529232971762234,0.0,0.0,447.8550650390876,443.8841126852926,449.63206077784209,445.69924347982319,508.9363056862047,819.3990812703951,484.0252822014025,569.2522314388118,715.518080205584,0.0,80.99088721140739,80.99088721140739,60.0,0.0,60.0,60.0,12.0,12.0,12.0,19.0,12.0,12.0,21.0,10.0,0.0,0.0,0.0,0.0,0.0,0.0,0.0,0.0,0.0,0.0,0.0,0.0,0.0,80.99088721140739,80.99088721140739,0.0,0.0,0.0,80.99088721140739,0.0,0.0,0.0024466666666666666 
 03/07  05:40:00,9.34,88.0,8.206666666666667,0.0,0.0,0.0,0.0,0.0,2.0,2.0,0.0,0.0,0.0,0.0,0.0,622.0,0.0,0.0,0.0,0.0,0.0,0.0,0.0,0.0,0.0,0.0,0.0,17.007829822027728,-123.69631985486694,17.046487722447766,-105.31098819383647,16.994426998634187,-153.66293239890775,17.112506565822558,-143.52063281101278,15.06587620380398,6.656174341313559,16.984551490321019,-20.781668395581535,16.157985035179423,3.6340525362168138,14.721834462812902,-81.86690024739653,16.561472871354249,-44.36415090698688,365.23988513471388,310.8527324068067,0.0,0.0,0.0,0.0,0.0,0.0,0.0,0.0,0.0,0.0,0.0,0.0,0.0,0.0,0.0,0.0,0.0,0.0,0.0,0.0,0.0,0.0,0.5389412472583544,0.16451198023759293,193.93837387484769,232.16558399025323,2938.9575372694937,0.0967788045562259,0.014770879816273796,81.86154373807845,98.05709985339034,1245.7929314425915,0.5239383364735211,0.09900573251578256,234.0640536188332,280.13516120380498,3536.7586649910115,0.09024822496836446,0.017053708421837574,146.33162393603599,175.02596365646424,2248.5064924323307,0.0,0.0,8.405997863281286,10.124287744505125,98.59225611015407,0.0,0.0,11.140791054320874,13.3226953163691,176.70027003927306,0.0,0.0,68.78009733828823,82.52780119684114,956.4973544390513,0.0,0.0,39.35558167500953,47.49400028372574,417.8283548665734,0.0,0.0,21.44967692696976,25.691839862408579,319.9192573596084,43.485434899378208,29.825401165554337,285.14574143196946,342.07573784612216,4519.506803193431,0.0,0.0,52.92490451371197,64.09698641919812,454.8411079112917,0.0,16.81653142743805,54.0332206130578,22.0,30.0,0.0,16.85873429575672,53.85971054227943,12.0,30.0,0.0,16.769520417882619,54.19297371508861,22.0,30.0,0.0,16.95093023234572,53.59084909599582,12.0,30.0,0.0,15.081097810697277,60.60164443616934,12.0,30.0,0.0,17.16751720690643,53.01619504234846,12.0,30.0,0.0,16.176952564117359,56.34312284382238,10.0,30.0,0.0,14.524673168614994,62.791273355871,12.0,30.0,0.0,16.68729265414418,54.68234847148361,20.0,30.0,0.0,16.12431241772556,0.0,0.0,0.0,13.504591022237351,0.0,0.0,446.7711076041939,442.22804248313227,447.61121810386126,447.50427589440417,508.59218200320336,815.2008683499536,484.735052535738,569.2641007219954,711.1821588061316,0.0,80.99088721140739,80.99088721140739,60.0,0.0,60.0,60.0,12.0,12.0,12.0,19.0,12.0,12.0,21.0,10.0,0.0,0.0,0.0,0.0,0.0,0.0,0.0,0.0,0.0,0.0,0.0,0.0,0.0,80.99088721140739,80.99088721140739,0.0,0.0,0.0,80.99088721140739,0.0,0.0,0.00248 
 03/07  05:50:00,9.35,88.0,8.258333333333333,0.0,0.0,0.0,0.0,0.0,2.0,2.0,0.0,0.0,0.0,0.0,0.0,311.0,0.0,0.0,0.0,0.0,0.0,0.0,0.0,0.0,0.0,0.0,0.0,17.00178183477629,-10.44275204366295,16.992087603938569,-163.22185951699476,16.996089095642128,-141.76281116177234,17.08793953593438,-10.896284443677587,15.050054938769744,6.179523272378333,16.95763190836986,-19.045058711150945,16.110811669279188,-15.444377611280743,14.693945053714384,-78.85249640554435,16.54660821411838,-43.454574377627867,289.0550151754751,312.7640986529384,0.0,0.0,0.0,0.0,0.0,0.0,0.0,0.0,0.0,0.0,0.0,0.0,0.0,0.0,0.0,0.0,0.0,0.0,0.0,0.0,0.0,0.0,0.5218622246112572,0.15929860336118963,219.48729583663789,262.05116785364666,3348.379828717637,0.08579842664901318,0.013094997962303599,124.83755338262314,149.0888446542492,1881.6873690828684,0.46168575245531287,0.08724220567938644,95.29833248578719,113.80095896340605,1447.2287953192773,0.086721275857357,0.01638724033585733,6.740702428038072,8.045544748871933,105.06664609980483,0.0,0.0,7.98610320949417,9.594249564339677,93.24764672635466,0.0,0.0,11.38928386919773,13.585004744207069,179.79828053594259,0.0,0.0,63.991056315272377,76.60050046946286,880.2202478872562,0.0,0.0,39.04325525922915,46.9978650256614,411.58482669357087,0.0,0.0,22.47747032031563,26.854020753647018,334.1405377063783,43.60850097786735,29.909808626795177,175.619866908201,210.40621696659529,2896.8199306190506,0.0,0.0,52.601259405861977,63.54193351891556,448.98382832115069,0.0,16.86812322109683,53.863734915010919,22.0,30.0,0.0,16.788734532199834,54.084565224576468,12.0,30.0,0.0,16.814262837189714,54.009430939617747,22.0,30.0,0.0,16.954224096110097,53.54065605929187,12.0,30.0,0.0,15.063013349049424,60.61386048213151,12.0,30.0,0.0,17.13752496211496,53.069743769291658,12.0,30.0,0.0,16.108648468357449,56.571400667531118,10.0,30.0,0.0,14.495656673611722,62.87010455416008,12.0,30.0,0.0,16.670079352675214,54.68413134864608,20.0,30.0,0.0,15.864119793735214,0.0,0.0,0.0,13.484361575060554,0.0,0.0,450.7119593044686,438.9298269834455,445.1985824799345,441.15290595109379,508.1718661580284,809.3813847707222,483.5137434164404,569.0440117123939,703.3202652800943,0.0,80.99088721140739,80.99088721140739,60.0,0.0,60.0,60.0,12.0,12.0,12.0,19.0,12.0,12.0,21.0,10.0,0.0,0.0,0.0,0.0,0.0,0.0,0.0,0.0,0.0,0.0,0.0,0.0,0.0,80.99088721140739,80.99088721140739,0.0,0.0,0.0,80.99088721140739,0.0,0.0,0.002543333333333333 
 03/07  06:00:00,9.36,88.0,8.31,0.0,0.0,0.0,0.0,0.0,2.0,2.0,0.0,0.0,0.0,0.0,0.0,311.0,0.0,0.0,0.0,0.0,0.0,0.0,0.0,0.0,0.0,0.0,0.0,16.849075462915424,-149.3430429189275,17.015049997733749,-5.035168585443898,17.037362953588155,-24.1516066241893,16.969510693812738,-203.9417509232244,15.03648783200623,6.792731204623749,16.93224728931257,-22.09964089965763,16.10264678469132,8.660500758870512,14.669102515341363,-78.78758290040264,16.53256760715739,-45.28386100219063,313.30832111417205,310.5150440895418,0.0,0.0,0.0,0.0,0.0,0.0,0.0,0.0,0.0,0.0,0.0,0.0,0.0,0.0,0.0,0.0,0.0,0.0,0.0,0.0,0.0,0.0,0.5444690746430044,0.16619935123412836,127.0983219640354,151.88409824342279,1869.583727511755,0.10654092600902901,0.016260825092953146,70.29005208869558,83.91142415695356,1072.2736085718275,0.5002513203086306,0.09452972794947673,125.6901022671621,150.01931691464899,1935.7675990113158,0.08222520927479983,0.015537643475963682,115.5773455431085,138.04644867391148,1727.6386607367036,0.0,0.0,8.550979702501522,10.272835525040298,99.43463649768278,0.0,0.0,11.324614928337365,13.508453979843459,177.9262485093431,0.0,0.0,68.93279179327836,82.507920013108,948.360590219408,0.0,0.0,39.10037533499914,47.068079477724037,409.51276345233569,0.0,0.0,22.48163069151258,26.859076103062955,333.03527691993789,43.882207762419209,30.0975361882162,169.14317405948627,202.61593734681484,2822.1837910809356,0.0,0.0,52.73219757375802,63.70239687667503,446.3220553323576,0.0,16.588743206540923,54.80444766361609,22.0,30.0,0.0,16.885231393354095,53.79459633880847,12.0,30.0,0.0,16.9401300384757,53.59482395206005,22.0,30.0,0.0,16.735812196048,54.28939845413561,12.0,30.0,0.0,15.0496049252053,60.627049967568897,12.0,30.0,0.0,17.11005693868091,53.13288915484014,12.0,30.0,0.0,16.12048777787867,56.528861989802987,10.0,30.0,0.0,14.472004762492843,62.93168224383447,12.0,30.0,0.0,16.654466122404135,54.70534567802563,20.0,30.0,0.0,15.892062657212474,0.0,0.0,0.0,13.45922842991412,0.0,0.0,443.7432420719135,449.12364334404546,447.0880358869779,438.9322601572848,507.35295809586958,806.8511887575777,484.890874132767,570.9955743672554,699.3704680603202,0.0,80.99088721140739,80.99088721140739,60.0,0.0,60.0,60.0,12.0,12.0,12.0,19.0,12.0,12.0,21.0,10.0,0.0,0.0,0.0,0.0,0.0,0.0,0.0,0.0,0.0,0.0,0.0,0.0,0.0,80.99088721140739,80.99088721140739,0.0,0.0,0.0,80.99088721140739,0.0,0.0,0.002606666666666667 
 03/07  06:10:00,9.365,88.16666666666667,8.355,0.0,0.0,0.0,0.0,0.0,2.0,2.0,0.0,0.0,0.0,0.0,0.0,3120.0,0.0,0.0,0.0,0.0,0.0,0.0,0.0,0.0,0.0,0.0,0.0,18.10561597590248,-825.6234478258477,17.19188729028181,748.653750949288,18.463439900479189,-2652.180157626531,17.293783359668998,970.7941672398208,15.0296187912881,16.351349118750205,17.968792710312635,-92.87152152635136,16.198831292067987,184.39938778917185,15.639389185052913,-116.21004495599667,17.950034689854364,-192.7690834961238,618.3243586249338,436.9969409701908,0.0,0.0,0.0,0.0,0.0,0.0,0.0,0.0,0.0,0.0,0.0,0.0,0.0,0.0,0.0,0.0,0.0,0.0,0.0,0.0,0.0,0.0,0.5597447288418977,0.17086224934123865,400.3476017235203,476.967956995721,7506.852815546661,0.23191653697220028,0.03539629685167892,336.77833163068808,403.00249639104438,5428.110925871795,0.25423030484922817,0.04804049600325554,541.1322358152697,643.7718782172087,10603.614715230811,0.2083192224551328,0.03936493243672198,355.78656379616975,425.53901777695429,5871.721622536357,0.0,0.0,12.27889331682236,14.814146083943943,142.58550901660733,0.0,0.0,18.256193812149048,21.751013892565454,341.77879998545589,0.0,0.0,76.40237683413214,91.78212222645482,1084.6544403650947,0.0,0.0,26.5698810594612,32.00166370599743,354.0140935538384,0.0,0.0,39.71478974808372,47.246589205102917,773.2245320749528,45.14689889545027,30.964951231447388,691.005071687482,828.4254929571915,11119.955520105119,0.0,0.0,46.47943608445006,56.39195086654554,404.30374362756199,2020.0725821758456,18.539378349512814,48.52490139818156,21.999999999999998,30.0,0.0,17.261682041568258,52.54248892375191,15.999999999999999,30.0,4665.033139517004,18.991191943481306,47.1755212815861,21.999999999999998,30.0,0.0,17.446892727511995,51.94448298826398,15.999999999999999,30.0,0.0,15.049502665305346,60.60773182959014,12.0,30.0,1885.8674518962728,18.52382862484935,48.64480299159343,20.0,30.0,0.0,16.337152500356515,55.73528531288349,10.0,30.0,1261.6500752328976,16.122066594385289,56.658263608518819,16.999999999999998,30.0,2852.320964927976,18.792030190553406,47.893340668394227,20.0,30.0,0.0,16.762668596124457,0.0,0.0,0.0,13.581057591176588,0.0,0.0,445.4383666468582,447.5958650332845,443.75276258573157,443.25841451280078,505.2307339337139,781.9767816248244,474.27271262236936,572.4070790763832,676.0094364553078,12317.201408366915,79.85977596054355,87.86406067317785,60.0,0.0,60.0,60.0,16.0,16.0,19.0,19.0,16.0,12.0,21.0,10.0,1.0,0.0,2020.0725821758456,0.0,4665.033139517004,0.0,1885.8674518962728,0.0,1261.6500752328976,2852.320964927976,12111.507798501796,7266904.679101078,9480920.63258074,79.85977596054355,87.99999999999999,0.4037169266167266,0.7664653703304397,0.3602813740196596,87.99999999999999,0.3542647819438876,9480920.63258074,0.4956778728941985 
 03/07  06:20:00,9.370000000000001,88.33333333333334,8.4,0.0,0.0,0.0,0.0,0.0,2.0,2.0,0.0,0.0,0.0,0.0,0.0,1248.0,0.0,0.0,0.0,0.0,0.0,0.0,0.0,0.0,0.0,0.0,0.0,18.898259990855896,-1345.3388859389953,17.792930406298017,860.4665737409141,19.31066674091523,-3495.485981837889,18.1021903301004,826.8182057911968,15.034541888215582,27.829810370898828,18.662712296703753,-140.3484451544984,16.54540167714616,312.24094876183156,15.852395996356256,-135.3545724041438,18.213196012023553,-193.64406978558578,859.7479200042189,490.9447639407373,0.0,0.0,0.0,0.0,0.0,0.0,0.0,0.0,0.0,0.0,0.0,0.0,0.0,0.0,0.0,0.0,0.0,0.0,0.0,0.0,0.0,0.0,0.707403230200361,0.21593505195371216,456.83002867844518,542.0230306248622,9575.83290363535,0.28971944705812716,0.04421847482572148,395.7616520789728,471.99389661961455,7134.0471287914319,0.3723274941359841,0.0703566693378655,580.9105531119247,688.2421062296774,12672.104608378802,0.23388845737217119,0.04419660948075795,380.2076411965181,452.76856404988436,7199.563453880961,0.0,0.0,14.123194733858642,17.032444579172684,164.43580872776739,0.0,0.0,20.651770549774914,24.503656768819174,433.0841396182832,0.0,0.0,78.45440624033702,93.99458997626536,1205.810891196033,0.0,0.0,26.10680600640282,31.332049781035065,371.57618662716609,0.0,0.0,43.84987734645268,52.12430698793497,877.7689663558679,46.31246067289732,31.764376318859627,763.8177568091377,913.2463992307006,13438.306892883302,0.0,0.0,44.909888858746857,54.396330088127339,409.9889138047355,1905.4639865048803,19.817473890519368,44.77582990314731,22.0,30.0,0.0,18.313773432544119,49.17928665765729,16.0,30.0,4298.642202393368,20.278658687558158,43.516382741698908,22.0,30.0,0.0,18.79313783956141,47.72560071030931,16.0,30.0,0.0,15.069550308153554,60.493800822350568,12.0,30.0,628.1204366738531,19.820918847220406,44.802867775989778,19.5,30.0,0.0,16.938926945339245,53.64148879937313,10.0,30.0,0.0,16.408081096044009,55.555212992504809,16.0,30.0,3.9679883035766858,19.318560581312008,46.25295003357553,19.0,30.0,0.0,17.598526121584695,0.0,0.0,0.0,13.798688214316002,0.0,0.0,445.7146907246776,447.96511419875568,444.936463133855,444.49736402954349,503.5812334741778,718.4738154420569,467.50434874427978,591.9872461751481,625.8046263338792,12015.31701981581,80.05952237076363,87.86739637897766,60.0,0.0,60.0,60.0,16.0,16.0,19.0,19.0,16.0,12.0,21.0,10.0,1.0,0.0,1905.4639865048803,0.0,4298.642202393368,0.0,628.1204366738531,0.0,0.0,3.9679883035766858,11814.664789691451,7088798.873814871,9252900.633218274,80.05952237076363,88.0,0.3938221596563817,0.7662529785975618,0.36028137401965956,88.0,0.3542647819438875,9252900.633218274,0.4838508329273503 
 03/07  06:30:00,9.375,88.5,8.445,0.0,0.0,0.0,0.0,0.0,2.0,2.0,0.0,0.0,0.0,0.0,0.0,1248.0,0.0,0.0,0.0,0.0,0.0,0.0,0.0,0.0,0.0,0.0,0.0,19.580759111085933,-1180.5389580847223,18.37054927235625,1142.073898199841,20.023128589120977,-3196.9861509718168,18.739611711047595,1035.9321173114013,15.05558827425234,47.148652801427079,18.263938232645388,-78.90137169910509,16.988495776531829,447.2104112832425,16.02093878437854,-221.80304629454688,18.66819799061632,-203.93490548040433,1185.6421904320487,604.2535362464309,0.0,0.0,0.0,0.0,0.0,0.0,0.0,0.0,0.0,0.0,0.0,0.0,0.0,0.0,0.0,0.0,0.0,0.0,0.0,0.0,0.0,0.0,0.9323787700552612,0.2846089041682726,478.9040418090996,566.2746809012708,10984.081261289566,0.32786523458543329,0.05004048146908322,410.1516657344042,487.5493966546579,8170.806824123154,0.6086120808709526,0.11500606214492687,579.0228858603867,683.7138579464643,13747.555063275628,0.25925586441591588,0.04899014822674146,374.18396014402449,443.9932891838089,7848.235578626653,0.0,0.0,15.178566950663182,18.304647083865779,177.95945915286613,0.0,0.0,20.320629084237465,24.168966502059527,398.9347954292894,0.0,0.0,97.2471964753084,116.23954086959185,1638.3054257861468,0.0,0.0,40.908628615175768,49.09762588182494,600.3571590646996,0.0,0.0,41.917541403919688,49.72258019167465,889.7706635075654,47.682814899809248,32.70426261989661,773.5065948570905,921.3837294571268,15374.00935396961,0.0,0.0,57.71266318778921,69.89492095412129,544.9952719919897,1892.9301205719485,20.846624059552615,42.03838578512537,22.0,30.0,0.0,19.293409980596676,46.27934849557493,16.0,30.0,4262.178233331306,21.287443122952206,40.92010521493309,22.0,30.0,0.0,19.843424911493366,44.72523564596897,16.0,30.0,0.0,15.11543579858366,60.30409738927307,12.0,30.0,76.38370696413748,19.136987089850356,46.74031892644717,19.0,30.0,0.0,17.711646758377645,51.106414951579299,10.0,30.0,786.446538647995,16.647201203283687,54.72017318501126,16.75,30.0,1421.4841229780375,19.962899658062729,44.42070818495975,20.0,30.0,0.0,18.69775823460286,0.0,0.0,0.0,13.959540772385328,0.0,0.0,448.6455434668566,451.7915561373213,448.20788959831136,447.5133067351396,505.45322040398119,689.9830355500864,474.5822693974632,598.332492071587,622.5141275764208,10756.168595925272,80.89259077987752,87.88130837429657,60.0,0.0,60.0,60.0,16.0,16.0,19.0,19.0,16.0,12.0,21.0,10.0,1.0,0.0,1892.9301205719485,0.0,4262.178233331306,0.0,76.38370696413748,0.0,786.446538647995,1421.4841229780375,10576.543770978367,6345926.26258702,8312365.283831599,80.89259077987752,88.0,0.35255145903261228,0.7634469568888203,0.36028137401965956,88.0,0.3542647819438875,8312365.283831599,0.4349729947592432 
 03/07  06:40:00,9.379999999999999,88.66666666666666,8.49,0.0,0.0,0.0,0.0,0.0,2.0,2.0,0.0,0.0,0.0,0.0,0.0,1248.0,0.0,0.0,0.0,0.0,0.0,0.0,0.0,0.0,0.0,0.0,0.0,20.060759694152705,-1210.965606568946,18.842535334470037,1106.1134881147919,20.202097352280963,-2883.1835039249747,19.220683338942857,985.8380367037262,15.084513223567268,56.244651630328068,18.969818666353754,-82.68651788701215,17.390664021940144,460.2354699329651,15.843934011024823,-220.66910309069022,18.444654485468939,-103.83943733229279,1342.7616339248307,615.847763461816,0.0,0.0,0.0,0.0,0.0,0.0,0.0,0.0,0.0,0.0,0.0,0.0,0.0,0.0,0.0,0.0,0.0,0.0,0.0,0.0,0.0,0.0,1.0765814400963654,0.3286268132162287,481.8340870644332,568.4659835582248,11669.120915349306,0.3450848284873479,0.05266862461650609,404.536777803195,479.7177733637375,8616.499834649212,0.7730764353245849,0.14608398248763894,570.2777012527727,672.3602104108495,14023.290604750386,0.27729502184213108,0.05239890813343367,370.3328938350196,438.3633582932133,8266.148361343883,0.0,0.0,15.070699159452623,18.171859081473867,178.13609170289616,0.0,0.0,18.095754211657657,21.45012539824007,390.02466779811916,0.0,0.0,111.76796569958003,133.2941304793585,2023.409891140781,0.0,0.0,46.95544857147059,56.395595796708878,661.0531537159517,0.0,0.0,27.466953913424935,32.63443794958006,555.8951740911451,48.574534436348738,33.31586724029407,764.4567994272572,908.6702020242419,16199.105854942662,0.0,0.0,64.45727860954128,78.03441404093383,614.5703105280152,1932.8733102830152,21.513194588291947,40.38206182944153,22.0,30.0,0.0,20.010631192887798,44.29090092342102,16.0,30.0,3269.3438112902938,21.710173951003396,39.91541886565635,21.75,30.0,0.0,20.541032941272375,42.86589771709373,16.0,30.0,0.0,15.168095617421156,60.10599685963298,12.0,30.0,1362.3452179156687,20.12716486874703,43.9664035753388,19.75,30.0,0.0,18.354138003694975,49.10697503825675,10.0,30.0,14.327670751993584,16.306191460679558,55.901336697795837,16.0,30.0,0.0,19.455766426356506,45.875616204759428,19.0,30.0,0.0,19.321298250966213,0.0,0.0,0.0,14.011843888097229,0.0,0.0,452.29167824827825,455.207692829793,452.0675633325062,453.57941105044156,504.19413587579688,684.5877992104878,476.53827918052346,569.9863098080914,636.4497538162177,10003.898781999178,81.39009848919159,86.5067125543431,60.0,0.0,60.0,60.0,16.0,16.0,19.0,19.0,16.0,12.0,21.0,10.0,1.0,0.0,1932.8733102830152,0.0,3269.3438112902938,0.0,1362.3452179156687,0.0,14.327670751993584,0.0,7743.541632173177,4646124.979303907,6076866.042110167,81.39009848919159,86.59360964716237,0.3431180544057726,0.7638727380232656,0.36028137401965956,86.59360964716237,0.3542647819438875,6076866.042110167,0.3187570341897287 
 03/07  06:50:00,9.385000000000002,88.83333333333334,8.535,3.666666666666666,0.0,0.0,0.0,0.0,2.0,2.0,0.0,0.0,0.0,0.0,0.0,1248.0,0.0,5.19673178900756,1.2717332910192026,3.2587714948533117,0.15582514135152193,4.147496190708695,0.0,1.2717332910192019,1.7385558249698526,0.0,0.0,20.234218241379656,-1264.416306871396,19.06401329200438,779.5974986811057,20.234113055386076,-2279.3497656281735,19.401048107393487,666.7163376950562,15.109780414019845,54.93503520390665,18.75253159475509,-49.10668640602509,17.636047496874526,418.1933239221978,16.448343341316354,-251.69358309092255,18.528575869552648,-56.10738499064013,1303.6521306113073,558.94739060238,0.0,0.0,0.0,0.0,0.0,0.0,0.0,0.0,0.0,0.0,0.0,0.0,0.0,0.0,0.0,0.0,0.0,0.0,0.0,0.0,0.0,0.0,1.1092769719057767,0.3386071342813727,412.313131637996,486.20956963240567,10015.551744183413,0.3088471425905901,0.0471378422757311,327.4653388930998,387.775151339075,7140.681995087122,0.8789033307554396,0.16608150618961449,483.36176870780897,569.863389261625,11830.29684224651,0.27488872383208348,0.051944203294044487,338.0551268117479,399.93176979168666,7627.099791202984,0.0,0.0,14.192830524099126,17.109902898260978,168.761727673795,0.0,0.0,16.047736214738593,19.04282838331753,334.64121321993698,0.0,0.0,105.84252471852705,126.0896800240305,1984.8489512865968,0.0,0.0,39.4315098555496,47.22598958049047,623.8929017907221,0.0,0.0,18.587200863511656,22.069652159700089,378.43555466828357,48.864694552504889,33.51487966564122,655.6510382894643,778.9504041251377,14100.131317993193,0.0,0.0,57.212639461695449,69.28085645185436,542.8225516007739,1853.303790689544,21.630084049892014,40.140975065584019,22.0,30.0,0.0,20.242545439295875,43.69864063758264,16.0,30.0,2924.9841725453536,21.661667223645634,40.07433788218682,21.75,30.0,0.0,20.666987783805796,42.57067615409278,16.0,30.0,0.0,15.207767131667114,59.97130331748446,12.0,30.0,0.0,19.791870729071218,44.97350394770882,19.0,30.0,0.0,18.689971983783758,48.12165391160337,10.0,30.0,1024.1438349001538,17.20697394084405,52.81136984036891,16.75,30.0,1007.3474371519027,19.47607806380697,45.84468640465141,19.5,30.0,0.0,19.33152946438409,0.0,0.0,0.0,13.99338514139713,0.0,0.0,458.2015299911358,461.10720367140825,457.0509506998174,460.7371331228926,497.8958005854116,696.8596293384912,471.61928477890435,530.4614062915449,660.9876575472374,9820.118098749383,81.51147429167156,83.51603189979554,60.0,0.0,60.0,60.0,16.0,16.0,19.0,19.0,16.0,12.0,21.0,10.0,1.0,0.0,1853.303790689544,0.0,2924.9841725453536,0.0,0.0,0.0,1024.1438349001538,1007.3474371519027,3033.1708257490879,1819902.4954494527,2355333.4593001927,81.51147429167156,83.55007594265604,0.3561056941916363,0.7706781000860192,0.36028137401965956,83.55007594265604,0.3542647819438875,2355333.4593001927,0.12524733988361004 
 03/07  07:00:00,9.39,89.0,8.58,5.5,0.0,0.0,0.0,0.0,2.0,2.0,0.0,0.0,0.0,0.0,0.0,1248.0,0.0,7.800036679368937,1.9088085972238962,4.891254367324093,0.2338858052178426,6.225186043877362,0.0,1.9088085972238953,2.6094860682592837,0.0,0.0,20.3313341150592,-1271.3268948700084,19.17572998903951,715.2773124756357,20.511390518138243,-2204.346464092619,19.490707715568683,630.8714867533545,15.133624554948712,57.984954870982949,18.366507540908537,-40.50484959249252,17.76491656161417,351.130558822519,16.086737838833284,-240.34050132494856,18.603972309961035,-84.5898434198759,1303.5042185425874,686.285994389096,0.0,0.0,0.0,0.0,0.0,0.0,0.0,0.0,0.0,0.0,0.0,0.0,0.0,0.0,0.0,0.0,0.0,0.0,0.0,0.0,0.0,0.0,1.1194378852666967,0.3417087561864154,406.4998789298259,479.25978887770295,9929.820993775382,0.30865531047260488,0.04710856386944518,329.834806695845,390.5296214738621,7237.00722562474,0.9315472711626373,0.17602934073368058,466.36234769392277,549.790588685302,11425.375062637584,0.27942626669881057,0.052801637698187919,329.9962937315819,390.34566137790139,7473.171631011791,0.0,0.0,14.248021843343328,17.176632732956429,170.2786570719802,0.0,0.0,16.338014791281347,19.431245802345715,321.38695421062837,0.0,0.0,112.58812849411747,134.0569671848869,2139.6951248693737,0.0,0.0,49.47117209957797,59.37778014116465,719.6976314082416,0.0,0.0,25.192515857888816,29.93742024434288,513.2622633953395,49.227365851746508,33.763625412720518,650.1037125373229,772.2397343909529,14081.720480004558,0.0,0.0,69.12077400219015,83.64679588436072,680.445830714269,1810.468598352793,21.651373485245999,40.129050597174977,22.0,30.0,0.0,20.335033817702376,43.4983394363571,16.0,30.0,2833.150341236684,21.677428335622588,40.08065190405217,21.75,30.0,0.0,20.71515867490111,42.49052144388271,16.0,30.0,0.0,15.243312402062159,59.86805941815855,12.0,30.0,7.642813269438049,19.17341935915394,46.765757931084639,19.0,30.0,0.0,18.824422510268243,47.76423891397286,10.0,30.0,0.0,16.54480911023473,55.10461913651078,16.0,30.0,0.0,19.511217277464959,45.76469082012797,19.0,30.0,0.0,19.406954542544097,0.0,0.0,0.0,14.173815128916047,0.0,0.0,461.065750588554,465.2722755397666,460.7956837569427,463.44522019175408,491.69155342922138,700.3632076437624,472.30634026175655,516.2729704742097,655.2152874830169,9623.85746003392,81.6414328410535,83.34314293364767,60.0,0.0,60.0,60.0,16.0,16.0,19.0,19.0,16.0,12.0,21.0,10.0,1.0,0.0,1810.468598352793,0.0,2833.150341236684,0.0,7.642813269438049,0.0,0.0,0.0,2575.393077927324,1545235.8467563946,1999610.6153738262,81.6414328410535,83.37204362030974,0.34084643593091087,0.7672628276985347,0.36028137401965956,83.37204362030974,0.3542647819438875,1999610.6153738262,0.10675975199943896 
 03/07  07:10:00,9.39,89.33333333333334,8.548333333333334,7.333333333333334,0.0,0.0,0.0,0.0,2.0,2.0,0.0,0.0,0.0,0.0,0.0,2184.0,0.0,10.405281986827643,2.5463587582260529,6.524954028502834,0.3120046514692564,8.304424522409759,0.0,2.5463587582260516,3.481065474057846,0.0,0.0,20.351438021627215,-1484.0283154784398,19.289598820977795,718.4001803359328,20.233256881009724,-1376.4927119660202,19.556490921426858,486.4428270542214,15.154459274391062,58.848453929410769,18.914971205084059,-46.54513850025821,17.88890339522706,394.84734667620526,16.689656045688616,-271.630968453175,18.55210492937067,-60.1187959493504,1303.8259011645674,610.0129389356578,0.0,0.0,0.0,0.0,0.0,0.0,0.0,0.0,0.0,0.0,0.0,0.0,0.0,0.0,0.0,0.0,0.0,0.0,0.0,0.0,0.0,0.0,1.1499734199570358,0.3510297374716227,456.7343529004695,539.194392675358,11095.556925822082,0.30817036297567959,0.047034548683711787,334.8531153583319,396.8154738078123,7414.593217630201,1.0102084603732027,0.19089351103046166,369.82898136577628,436.7211268219547,8976.01511157086,0.26997932516578318,0.051016501354078428,276.7895077261156,327.6824015926242,6283.563618763413,0.0,0.0,14.276808974737115,17.221495057456129,171.40545726950055,0.0,0.0,16.10905564570688,19.123913844121267,338.96996177631646,0.0,0.0,109.43202795668842,130.35191973139593,2112.176102559072,0.0,0.0,41.92135331742783,50.222271477952137,678.1496446281875,0.0,0.0,18.88097079148279,22.446326340595964,381.41569438665325,49.38154207045411,33.86937041869281,604.8382962924908,719.115824423769,13246.802083748447,0.0,0.0,61.535035319224359,74.53630284703753,603.6038312197582,1855.3726052254058,21.567062863242449,40.389742433462057,21.999999999999998,29.999999999999994,0.0,20.45804693777863,43.230446472367479,16.0,29.999999999999994,1916.66222513041,21.48016903888354,40.61784213302983,21.428571428571428,29.999999999999994,0.0,20.736943782308587,42.49853719950495,16.0,29.999999999999994,0.0,15.270742196865383,59.80673163959143,12.0,29.999999999999994,994.0228779073584,19.875519117992967,45.99173866975,19.714285714285717,29.999999999999994,0.0,18.982285762428114,47.345428671919908,10.0,29.999999999999994,1364.5894959692506,17.453671099113465,52.08625685534211,20.699999999999997,29.999999999999994,889.9772962982739,19.409756483702095,47.26358480502783,19.428571428571428,29.999999999999994,0.0,19.478691374463279,0.0,0.0,0.0,14.155213039735937,0.0,0.0,463.2961407916072,467.5669597609779,463.6710378100038,467.5894977933208,487.42822831310095,734.8295042420127,471.4273648698522,504.67505010449619,689.7019268112443,10314.116801892198,81.18492652596692,85.24582547896249,59.999999999999989,0.0,59.999999999999989,59.999999999999989,16.0,16.0,19.0,19.0,19.7,12.0,21.0,10.0,1.0,0.0,1855.3726052254058,0.0,1916.66222513041,0.0,994.0228779073584,0.0,1364.5894959692506,889.9772962982739,6145.538895895453,3687323.3375372716,4806721.177057751,81.18492652596692,85.31479302444369,0.35056558224413417,0.7662378325141067,0.3602813740196596,85.31479302444369,0.35426478194388746,4806721.177057751,0.25273950120700308 
 03/07  07:20:00,9.39,89.66666666666667,8.516666666666668,9.166666666666668,0.0,0.0,0.0,0.0,2.0,2.0,0.0,0.0,0.0,0.0,0.0,1560.0,0.0,13.015110601911447,3.1850305366459388,8.161527771223632,0.3902609257868373,10.387320887923146,0.0,3.185030536645937,4.354178215901593,0.0,0.0,20.450478168675518,-1371.106552207161,19.35489866282836,729.7681516455531,20.536360703500763,-1629.377471045372,19.572387072384094,599.3551639654852,15.175362002942624,58.51624675026779,18.66081135112053,-32.833000477401018,18.022960714200499,415.7541733303785,17.68797555709797,-205.270380789352,18.66133856286129,-31.667358206573569,1318.2054706552038,432.03354207020507,0.0,0.0,0.0,0.0,0.0,0.0,0.0,0.0,0.0,0.0,0.0,0.0,0.0,0.0,0.0,0.0,0.0,0.0,0.0,0.0,0.0,0.0,1.11984924589987,0.34183432414525946,441.55609295314846,520.9283538090988,10776.003368898833,0.3077746890275473,0.04697415888698829,339.89462525172515,402.6076571994204,7555.837634225235,0.9803994884918342,0.18526067431818495,406.76949707195748,480.0415096976452,9979.124672732833,0.27609227996709398,0.052171632646843147,303.2162310252701,358.9695649012413,6869.785180126009,0.0,0.0,14.365792650459668,17.32479538700293,173.25817156891328,0.0,0.0,15.510578707634938,18.426895396207475,316.09022122642957,0.0,0.0,92.72604739970126,110.3689154803302,1821.605553066965,0.0,0.0,22.546951486949319,26.8854752274548,433.6290547240733,0.0,0.0,16.693047133166507,19.834857382022848,342.6305777291681,49.499403214997688,33.950207966390738,633.8413332178673,753.3010346526675,13911.43255421835,0.0,0.0,40.625078829414359,49.25787562216605,381.0363732838922,1851.229278244737,21.62267689693854,40.31618125108054,22.0,30.0,0.0,20.500630419199628,43.20713240079306,16.0,30.0,2226.122990817276,21.61433951404411,40.35165324451666,21.6,30.0,0.0,20.71605521847043,42.64347486618153,16.0,30.0,0.0,15.297311243357879,59.780164311532079,12.000000000000002,30.0,0.0,19.53448423297856,48.7687540910769,19.0,30.0,0.0,19.15886993514124,46.899732790497449,10.0,30.0,1298.4006011459024,19.12896815510722,46.95499454766998,20.7,30.0,0.0,19.59081351382811,48.34062066850959,19.0,30.0,0.0,19.543051302703767,0.0,0.0,0.0,13.912812657351154,0.0,0.0,464.88503037848457,469.9154751945095,465.01982101350816,469.31132475491889,483.1155290439066,775.7645025011249,467.3862547503104,497.37824536474758,731.0527751859031,10539.712923031402,81.03564950770205,85.54609506902601,60.0,0.0,60.0,60.0,16.0,16.0,19.0,19.0,19.7,12.0,21.0,10.0,1.0,0.0,1851.229278244737,0.0,2226.122990817276,0.0,0.0,0.0,1298.4006011459024,0.0,6825.469092462883,4095281.4554777296,5354005.226330859,81.03564950770205,85.62269740830895,0.3635156364154295,0.7661876083466367,0.36028137401965956,85.62269740830895,0.35426478194388757,5354005.226330859,0.2811949384358714 
 03/07  07:30:00,9.39,90.0,8.485,11.0,0.0,0.0,0.0,0.0,2.0,2.0,0.0,0.0,0.0,0.0,0.0,1248.0,0.0,15.630253700841117,3.825002864392936,9.801434098439375,0.4686765521046231,12.474458684049657,0.0,3.8250028643929339,5.229068907276328,0.0,0.0,20.48669243543317,-1305.6541305878073,19.391908326144006,625.0111213499376,20.57958933003986,-1554.4932784111773,19.598665818927814,608.3088323059153,15.189739571382413,53.92188108287695,18.387942077953228,-25.382843851695414,18.129048840314405,369.8372817789192,18.484770850598303,-76.0097633600132,18.698119634433526,-92.69053485030787,1283.2751379189568,369.6605075510705,0.0,0.0,0.0,0.0,0.0,0.0,0.0,0.0,0.0,0.0,0.0,0.0,0.0,0.0,0.0,0.0,0.0,0.0,0.0,0.0,0.0,0.0,1.119373840265919,0.3416892064303782,413.277228614452,487.64705499092977,10058.342582874233,0.29660855450157039,0.04526992590072808,318.04724561513106,376.6065140433569,7065.636693323684,0.9361845086863109,0.1769056138863022,390.5492924170152,460.6020451456811,9455.141534174021,0.2710870556255919,0.051225823058501849,301.5977848980279,356.8062280058178,6829.265702467262,0.0,0.0,13.899296273109421,16.758036483718308,168.0335316080208,0.0,0.0,15.5161999104216,18.453061408854056,302.45593157274427,0.0,0.0,81.08399279174836,96.44339613951105,1611.6421757316674,0.0,0.0,19.10962179787097,22.616438772369354,426.05952987506557,0.0,0.0,16.562514566917053,19.665225966218228,339.42486466832056,49.517629589991958,33.96270890945952,610.580234210003,725.3668864642777,13386.189613499642,0.0,0.0,30.654043341939933,37.17215512438785,274.8693810729413,1844.085554280493,21.57669483326522,40.514341555328659,22.0,30.0,0.0,20.48726839317497,43.34629306931663,16.0,30.0,2122.0884074806,21.513705081005587,40.70000985301671,21.5,30.0,0.0,20.688257366023945,42.817084985247777,16.0,30.0,0.0,15.31068960780751,59.8230766531633,12.0,30.0,58.69805260327949,19.07752174042013,51.40491710558469,19.0,30.0,0.0,19.271861904208778,46.65764860457199,10.0,30.0,1140.5448405586736,20.459260955722969,43.461647065372158,20.7,30.0,854.8668456944091,19.570131483347099,49.50032945693172,19.25,30.0,0.0,19.476230598335698,0.0,0.0,0.0,13.729449461868758,0.0,0.0,466.32997304383107,472.35098205227185,466.6314122272497,471.3447687461112,479.79445066518948,806.10935174665,465.45065897108869,502.4134545701389,765.9670564698834,9163.772068003724,81.94556143925745,83.85980216219368,60.0,0.0,60.0,60.0,16.0,16.0,19.0,19.0,19.7,12.0,21.0,10.0,1.0,0.0,1844.085554280493,0.0,2122.0884074806,0.0,58.69805260327949,0.0,1140.5448405586736,854.8668456944091,2896.682300323667,1738009.3801942003,2253342.525889814,81.94556143925745,83.8923123245122,0.3515560766774556,0.7670612059728043,0.36028137401965956,83.8923123245122,0.3542647819438875,2253342.525889814,0.11995714467960368 
 03/07  07:40:00,9.39,90.33333333333334,8.453333333333334,10.833333333333334,0.0,0.0,0.0,1.0,2.0,0.0,0.0,0.0,0.0,0.0,4.0,1872.0,0.0,15.384733533857439,3.7649196846856056,9.647473126862794,0.46131458303927305,12.27850984426219,0.0,3.7649196846856038,5.146930645424919,0.0,0.0,20.47004054352831,-1532.3694822908727,19.426360494407335,581.3830826510917,20.593294860613719,-1277.5179725211534,19.693955125276664,541.6183911844925,15.203055771279864,53.50944642999718,18.82740325866392,-59.73688959989149,17.62261678941457,-278.98984832115039,18.40899767323195,-60.493256289699889,18.584509708071598,-276.3873085611349,1284.2644673460087,1324.6874918332795,0.0,0.0,0.0,0.0,0.0,0.0,0.0,0.0,0.0,0.0,0.0,0.0,0.0,0.0,0.0,0.0,0.0,0.0,0.0,0.0,0.0,0.0,1.1841810788851848,0.36147163580133825,379.53048995156896,448.2582119275759,9179.846754800403,0.29849451611905677,0.04555777108044208,308.2158853161973,365.2694343845444,6848.781760809223,0.8620547019535189,0.162897713899002,304.6433246185167,359.5053532488689,7450.214355766811,0.2584462706908024,0.04883716377377213,296.48872280920997,350.9022571131664,6762.01570008894,0.0,0.0,14.250029691179872,17.189310728827889,172.64341705176279,0.0,0.0,15.836551570230427,18.799801528637283,330.59353596457086,0.0,0.0,210.58411455880398,251.48865928801593,3717.7169888971254,0.0,0.0,23.637629035621328,28.03954330952618,505.3821166125156,0.0,0.0,147.33367590676563,175.2133369139305,2942.6251197269959,49.627986408932219,34.03839945742949,595.0843812861499,707.4198624772703,13124.344292199517,0.0,0.0,144.2882516675392,174.1436456834549,1664.2949106047939,1821.8329770761787,21.491018497763564,41.01639389972428,21.999999999999984,29.99999999999998,0.0,20.49348627787694,43.55674605610636,15.999999999999988,29.99999999999998,1587.3468653701785,21.623320371759726,41.26865240887351,21.49999999999999,29.99999999999998,0.0,20.78786398201953,43.18353734039408,18.999999999999987,29.99999999999998,0.0,15.323433250364321,60.093589762606139,11.999999999999993,29.99999999999998,885.3398799503591,19.786890948021509,49.78949861470303,19.66666666666665,29.99999999999998,0.0,18.17778027086503,50.77783508332939,9.999999999999993,29.99999999999998,421.67288480292816,20.055715350573693,45.88175686459904,20.03333333333332,29.99999999999998,0.0,19.354756682826346,47.63286983481436,11.999999999999993,29.99999999999998,0.0,19.537846356200235,0.0,0.0,0.0,14.97442634019645,0.0,0.0,478.75416095447477,479.70961230525827,511.53054991604099,500.53465541060316,491.6588725503444,822.6840900411428,523.9707071979958,568.2471602065417,561.7162070259706,9591.987284235664,81.66250102623343,82.87247651211779,219.9999999999999,0.0,219.9999999999999,219.9999999999999,16.0,19.0,19.0,12.0,19.7,12.0,21.0,10.0,1.0,0.0,1821.8329770761787,0.0,1587.3468653701785,0.0,885.3398799503591,0.0,421.67288480292816,0.0,1831.0741937134204,1098644.5162280515,1425359.3887980805,81.66250102623343,82.89302591271106,0.3443691397904471,0.7695991002980154,0.3602813740196593,82.89302591271106,0.3542647819438872,1425359.3887980805,0.0843120215508335 
 03/07  07:50:00,9.39,90.66666666666667,8.421666666666667,10.666666666666666,0.0,0.0,0.0,1.0,2.0,0.0,0.0,0.0,0.0,0.0,4.0,936.0,0.0,15.146258978479582,3.706560692255684,9.4979302881992,0.4541638729286243,12.088184028952704,0.0,3.706560692255682,5.067149478300562,0.0,0.0,20.449008537869337,-1552.2988397574769,19.418923687332698,574.2282508977676,20.67986771001831,-1282.8345069512225,19.68504206589828,491.81551605402435,15.213223066155454,48.78497364275523,18.608653089539567,-63.04838381933398,17.204765166837296,73.42833651106447,18.6846066175477,-168.21776708360188,18.02569673428398,-201.6318407641167,1245.4297220983872,1162.6800977901278,0.0,0.0,0.0,0.0,0.0,0.0,0.0,0.0,0.0,0.0,0.0,0.0,0.0,0.0,0.0,0.0,0.0,0.0,0.0,0.0,0.0,0.0,1.1416495732089567,0.34848888071091507,378.59310883304115,446.9426311766863,9074.266205473115,0.28958243285208309,0.04419756301161223,304.5660431807387,360.7068153430506,6734.223679121695,0.8476428163123893,0.1601743794996958,283.9172668631011,334.6779061912051,6948.084428708654,0.2515312061881684,0.04753046224266223,276.14479536727256,326.5080179862253,6275.839124631231,0.0,0.0,14.308568870183159,17.246306784146648,173.58369453396996,0.0,0.0,16.805820194192568,19.9604013377178,337.15047190843259,0.0,0.0,220.43522996543738,263.69681517726078,3627.3513442507785,0.0,0.0,37.47133947347046,44.33875266258646,830.4674809642838,0.0,0.0,144.32169537244017,172.1287843553106,2634.5364607637304,49.62798492190106,34.03839843751791,571.140982990877,678.4867189226583,12542.819097822652,0.0,0.0,150.41156060943929,181.2466606817411,1853.004860782914,1874.1419329938217,21.375934114905826,41.5198845587788,22.000000000000019,30.00000000000002,0.0,20.434001311191424,43.95847790990379,16.000000000000015,30.00000000000002,1899.5681854268333,21.662004518756264,41.54602788134552,21.666666666666687,30.00000000000002,0.0,20.70888184966244,43.94982650532168,19.000000000000015,30.00000000000002,0.0,15.330068780464725,60.64826736988726,12.00000000000001,30.00000000000002,0.0,19.368256212529347,51.71114297627438,19.000000000000015,30.00000000000002,0.0,17.517180660876304,53.1475496817079,10.000000000000007,30.00000000000002,705.2400151707841,20.493116163935633,45.32862580922451,20.36666666666668,30.00000000000002,0.0,18.42185332310744,50.12409991468721,12.00000000000001,30.00000000000002,0.0,19.43867177304399,0.0,0.0,0.0,15.404361285215185,0.0,0.0,487.2937955243557,489.59341581571,528.0200569183651,527.2256466051828,518.9076886278562,838.8790798724647,531.77769964397,605.7639085424285,530.7994353845304,8399.710219686014,82.4507402679456,84.78567755525822,220.00000000000018,0.0,220.00000000000018,220.00000000000018,16.0,19.0,19.0,12.0,19.7,12.0,21.0,10.0,1.0,0.0,1874.1419329938217,0.0,1899.5681854268333,0.0,0.0,0.0,705.2400151707841,0.0,3533.626823097432,2120176.0938584578,2743507.522758898,82.4507402679456,84.82533254185661,0.3444542274365813,0.7681764243973662,0.3602813740196598,84.82533254185661,0.3542647819438878,2743507.522758898,0.15289239118346269 
 03/07  08:00:00,9.39,91.0,8.39,10.5,0.0,1.0,0.0,1.0,2.0,0.0,0.0,0.0,0.0,0.0,4.0,1248.0,0.0,14.911995833990727,3.6492323074551646,9.351028323614367,0.4471394397563031,11.901219293963927,0.0,3.6492323074551629,4.988777229940861,0.0,0.0,20.44449653103421,-1486.256045968738,19.31560149801075,523.1305638549447,20.582896118679256,-961.284080598366,19.588574394085595,286.6108062132528,15.216401951499878,44.02291484313332,18.694631260037498,-67.44428853187429,17.29486641293684,236.31788077191824,18.62496348607251,-171.50349587301464,17.689586764589444,-68.85853817899084,1206.7621966941225,748.4335937678536,0.0,0.0,0.0,0.0,0.0,0.0,0.0,0.0,0.0,0.0,0.0,0.0,0.0,0.0,0.0,0.0,0.0,0.0,0.0,0.0,0.0,0.0,1.1099576070829618,0.33881489837697245,369.2159706709327,436.2206298547357,8788.151050237226,0.279015836677389,0.04258483465772116,294.6129944385118,349.2134857698924,6459.858412329432,0.9103776656709692,0.17202903735279094,246.05098760882275,290.74787681289765,5891.808105770662,0.23444384190226315,0.044301557426731499,242.279722451284,287.00640457378486,5441.182063748548,0.0,0.0,13.863020359717574,16.718550533913694,168.03230483935648,0.0,0.0,17.175525644965196,20.40946761077396,346.0682459937441,0.0,0.0,162.82945390238053,194.8648734593884,2737.0987509372187,0.0,0.0,38.147085770571028,45.221829279187719,830.4216774324738,0.0,0.0,87.41262054036493,104.55631908331225,1518.1640566394545,49.605240112203727,34.022798430866767,527.2645648260764,627.1590182510088,11542.738121159317,0.0,0.0,91.70015062553832,110.84895157421757,1036.573105415262,1840.969738826659,21.28938795128359,42.07206100006197,22.0,30.0,0.0,20.337595838084164,44.567732355027228,16.0,30.0,1102.973184924474,21.346015425932074,42.770022858586099,21.25,30.0,0.0,20.593356495623288,44.57551900452556,19.0,30.0,0.0,15.324422285556352,60.97760161272264,12.0,30.0,881.4494387099719,19.40543900794443,51.8827242887849,19.5,30.0,0.0,17.72099332762869,52.6217995198212,10.0,30.0,965.7748519181062,20.247660995353514,46.05719649527493,20.45,30.0,0.0,17.954422878892954,51.74894062139525,12.0,30.0,0.0,19.35911553666924,0.0,0.0,0.0,14.806926730830219,0.0,0.0,501.04385417981856,503.3666574720151,543.3045803113589,536.4074129023431,528.5994932639505,843.2957703381975,525.7091553671044,601.6932233353906,529.8036494480044,9825.56244357436,81.50797236936637,85.09696374644332,220.0,0.0,220.0,220.0,16.0,19.0,19.0,12.0,19.7,12.0,21.0,10.0,1.0,0.0,1840.969738826659,0.0,1102.973184924474,0.0,881.4494387099719,0.0,965.7748519181062,0.0,5431.33210023218,3258799.260139308,4247982.19023601,81.50797236936637,85.15791673465979,0.3510444033410727,0.7693496881852069,0.36028137401965956,85.15791673465979,0.3542647819438875,4247982.19023601,0.23116174055893919 
 03/07  08:10:00,9.421666666666667,91.33333333333334,8.303333333333335,10.333333333333334,0.0,1.0,4.0,0.0,0.0,0.0,0.0,0.0,0.0,0.0,0.0,1872.0,0.0,14.68031205851512,3.5925351404232646,9.20574381905568,0.44019234760588529,11.716313124776196,0.0,3.5925351404232628,4.9112679041264839,0.0,0.0,20.4985953127956,-1364.676898086406,19.307069886219915,576.3620090790854,20.643378446845973,-731.3248782071728,19.43806155281553,-15.250577279649193,15.220261872731104,46.7276339918089,18.605462530504349,-186.27755615186954,17.65015119483877,379.13594104983806,18.341034079223087,-103.28526963071177,17.359962529962315,-512.9649112352764,1021.6245940798967,1029.130506169739,0.0,0.0,0.0,0.0,0.0,0.0,0.0,0.0,0.0,0.0,0.0,0.0,0.0,0.0,0.0,0.0,0.0,0.0,0.0,0.0,0.0,0.0,1.0892583490536474,0.33249644354506938,399.3676835876225,472.05224130113757,9533.233118256723,0.29091506209184056,0.04440095575272291,313.49422799581296,371.897844152334,6840.443964571104,0.8485679448311851,0.16034919592426029,141.79830317071595,167.40230102338644,3464.8973098868566,0.2818714886117536,0.05326369777244019,25.71867139979526,30.496444100310116,563.6176514058086,0.0,0.0,12.649367975777662,15.265525842831004,152.46728172465297,0.0,0.0,72.40247067535626,86.15521534961916,1457.9338537774477,0.0,0.0,243.74461366601634,290.8991799784799,4412.838433255777,0.0,0.0,32.781178980062438,38.964568846774898,683.0641157414918,0.0,0.0,130.0001306535612,155.63556677805233,2079.7196789789725,49.4974161179631,33.94884507404877,331.4921125018013,395.28996946568545,7173.592405136695,0.0,0.0,136.26183354181536,164.43394288618999,1561.210491041954,1817.7476640520536,21.359773976889707,42.28959623865269,21.999999999999994,30.0,0.0,20.313255035757526,45.04850437306637,15.999999999999999,30.0,1166.2235915793022,21.498070466486987,41.908240741819728,21.33333333333333,30.0,0.0,20.25186381998063,48.299818176178657,18.999999999999998,30.0,0.0,15.32234456749908,61.454365933794878,11.999999999999997,30.0,0.0,19.396222967683906,49.249999667076369,15.999999999999999,30.0,0.0,18.375533434835348,51.46004419463228,9.999999999999999,30.0,0.0,19.73580367911685,47.24525381290982,15.999999999999999,30.0,0.0,17.400913904877098,54.252197659091809,11.999999999999997,30.0,0.0,18.784960840717458,0.0,0.0,0.0,14.912896746931406,0.0,0.0,514.2239369904825,515.6799778479027,510.7385614985186,698.0447402334212,543.6509947195928,651.1689932299971,577.0887103740336,577.5747343699707,559.616436655116,8634.844740462227,82.29538733018342,82.29538733018342,132.0,0.0,132.0,132.0,16.0,19.0,16.0,12.0,16.0,12.0,21.0,10.0,1.0,0.0,1817.7476640520536,0.0,1166.2235915793022,0.0,0.0,0.0,0.0,0.0,0.0,0.0,0.0,82.29538733018342,82.29538733018342,0.33999999999999999,0.7695296907817543,0.3602813740196595,82.29538733018342,0.3542647819438874,0.0,0.006182000000000001 
 03/07  08:20:00,9.453333333333334,91.66666666666667,8.216666666666669,10.166666666666668,0.0,0.0,4.0,0.0,0.0,0.0,0.0,0.0,0.0,0.0,0.0,1248.0,0.0,14.450206228663129,3.5362241249309176,9.06144880609611,0.43329256932425139,11.532666296489289,0.0,3.5362241249309158,4.834286476742658,0.0,0.0,20.491718127488157,-1634.6047193866073,19.400808443031545,570.2414375873877,20.605704936893376,-456.3802177281447,19.40898935386887,-37.2411826359593,15.235453280086,51.838449224371739,18.24210031878679,-53.72835073571094,17.67609359294725,145.81929329750393,17.6916973110154,-29.882187910710177,16.906653569134698,-430.5557563383093,1031.6529222366783,1168.0033985932049,0.0,0.0,0.0,0.0,0.0,0.0,0.0,0.0,0.0,0.0,0.0,0.0,0.0,0.0,0.0,0.0,0.0,0.0,0.0,0.0,0.0,0.0,1.0856568466420816,0.33139708383457935,400.730713026012,473.67640337041669,9479.807265836764,0.28714219829775647,0.04382512184031692,311.5360515043211,369.4762185105389,6792.5130898071179,0.9387273510126367,0.1773861207506873,95.28558046535732,112.74959979889785,2283.0182442566544,0.28657528726799966,0.05415254861451239,26.676394757756087,31.642159459264599,573.5323655121904,0.0,0.0,12.235795064366429,14.75927651792991,147.20265471318684,0.0,0.0,52.44384319530892,62.5422374494121,982.4944777516296,0.0,0.0,280.2985909068564,334.58874760096355,5024.102451659042,0.0,0.0,22.389946571853466,26.719416699501143,413.03955435946127,0.0,0.0,185.424711401541,222.57949396014778,2715.692999540498,49.40511539443647,33.88553867931172,330.7741383505003,394.3842701365357,7119.609478186896,0.0,0.0,191.5348263798674,230.87920492820636,2351.440117694568,1801.0606283474809,21.271638986801798,42.74944162200261,22.000000000000005,30.000000000000008,0.0,20.334009794039269,45.1925775645717,16.000000000000005,30.000000000000008,896.2660616906072,21.37589261804645,42.427397028956317,21.250000000000005,30.000000000000008,0.0,20.06609162160295,51.120394820862859,19.000000000000005,30.000000000000008,0.0,15.341533889316889,61.82148676390367,12.000000000000002,30.000000000000008,0.0,18.724578539065719,50.37822435099871,16.000000000000005,30.000000000000008,0.0,18.331239784310755,51.42086173346213,10.000000000000002,30.000000000000008,0.0,18.550113085756228,50.768906633973049,16.000000000000005,30.000000000000008,0.0,16.668639558352177,57.17499471460353,12.000000000000002,30.000000000000008,0.0,18.758927596636789,0.0,0.0,0.0,15.442314317030727,0.0,0.0,519.7221087743949,519.1145681033175,515.8528508481475,838.2431491723087,557.1372877185693,578.5959443073793,557.1832948927602,569.1770058176078,570.1642371702968,8745.059975564127,82.22252726867947,82.22252726867947,132.00000000000004,0.0,132.00000000000004,132.00000000000004,16.0,19.0,16.0,12.0,16.0,12.0,21.0,10.0,1.0,0.0,1801.0606283474809,0.0,896.2660616906072,0.0,0.0,0.0,0.0,0.0,0.0,0.0,0.0,82.22252726867947,82.22252726867947,0.3400000000000001,0.769124937746801,0.3602813740196596,82.22252726867947,0.35426478194388757,0.0,0.006108666666666666 
 03/07  08:30:00,9.485,92.0,8.13,10.0,0.0,0.0,4.0,0.0,0.0,0.0,0.0,0.0,0.0,0.0,0.0,1248.0,0.0,14.221031260638642,3.4801409079903218,8.917737514111757,0.4264207024444449,11.349762378702499,0.0,3.48014090799032,4.757616467249568,0.0,0.0,20.54682099052079,-1243.117712482429,19.466941188913837,568.803905279548,20.723551343208599,-988.6672066984459,19.358623370313404,-19.973405963363918,15.251842580898395,49.192654821848709,17.976124437400693,-37.78439847910312,17.53547597086941,110.62215318492963,17.27061477984591,-15.26560616835367,16.67497506437449,-312.5280618204338,1078.2370153325533,1084.142650482513,0.0,0.0,0.0,0.0,0.0,0.0,0.0,0.0,0.0,0.0,0.0,0.0,0.0,0.0,0.0,0.0,0.0,0.0,0.0,0.0,0.0,0.0,1.1299182192651394,0.3449078813385651,438.08039067572869,517.9204306234926,10346.671669759799,0.2964558915353228,0.04524662569220435,306.0463207431792,363.0148294384337,6721.051963921517,0.7788987822397926,0.14718419921386864,220.60199321292715,260.23656536070237,5367.123457855627,0.3169437314559166,0.05989110571729337,33.964967679874508,40.30243342403301,719.9997454844562,0.0,0.0,12.247314282966777,14.775521536687976,147.0435025682628,0.0,0.0,39.807954928698247,47.53821927689859,710.1609894555312,0.0,0.0,282.4974837171752,337.62157950295707,4899.52227346099,0.0,0.0,12.579826440852365,15.046569677771818,212.7510033926682,0.0,0.0,195.61743101669433,235.14391922715729,2740.693558609342,49.43831810969866,33.908311460698687,375.3807704177946,447.3092641238438,8100.403144967363,0.0,0.0,200.6949456157024,242.0411588869747,2438.5561484461038,1841.225478006682,21.370770008782416,42.96998304100855,22.0,30.0,0.0,20.430160791332484,45.383994810454037,16.0,30.0,1429.521781702988,21.602215280433847,42.396943711722219,21.5,30.0,0.0,19.958764035414516,51.988393240782468,19.0,30.0,0.0,15.360633253159764,61.94763755514692,12.0,30.0,0.0,18.311913459899644,51.58111669099255,16.0,30.0,0.0,18.060120047436738,52.444821986177959,10.0,30.0,0.0,17.838450186458887,53.091129528244419,16.0,30.0,0.0,16.369306334938846,58.269900371920979,12.0,30.0,0.0,18.934608911930277,0.0,0.0,0.0,15.418889426018092,0.0,0.0,537.6849602459306,533.8239659243798,538.5291147389147,867.2066422420667,555.9607103516058,559.1410421580632,547.7312481080365,562.1975234139009,552.7068939265035,8631.119320319363,82.29785688656944,82.29785688656944,132.0,0.0,132.0,132.0,16.0,19.0,16.0,12.0,16.0,12.0,21.0,10.0,1.0,0.0,1841.225478006682,0.0,1429.521781702988,0.0,0.0,0.0,0.0,0.0,0.0,0.0,0.0,82.29785688656944,82.29785688656944,0.34,0.7692739274835634,0.36028137401965956,82.29785688656944,0.3542647819438875,0.0,0.006035333333333332 
 03/07  08:40:00,9.516666666666668,92.33333333333334,8.043333333333333,13.333333333333333,0.0,0.0,0.0,1.0,2.0,0.0,0.0,0.0,0.0,0.0,0.0,2808.0,0.0,18.998273618135497,4.649217626197487,11.913454909057278,0.5696673218060658,15.162464871498092,0.0,4.649217626197484,6.355832974302552,0.0,0.0,20.71554015544665,-1619.6683212560752,19.477543245178486,688.5099134995261,20.764899452340314,-1845.7166290600447,19.503616938593077,780.8140430570728,15.265647531956427,51.373308071836067,18.659921098789377,-87.74754566050142,17.45672682564885,137.45683396959695,18.050181642404234,-100.84398558223441,16.54020152693729,-252.77033914951543,1208.1147857081588,1100.9960023189188,0.0,0.0,0.0,0.0,0.0,0.0,0.0,0.0,0.0,0.0,0.0,0.0,0.0,0.0,0.0,0.0,0.0,0.0,0.0,0.0,0.0,0.0,1.0561931182814662,0.3224032717586901,449.6778253497731,531.4724145583923,10822.2140515514,0.2913954634045823,0.04447427707640155,330.33770335338826,391.90258997829428,7213.929467789638,0.923231123407692,0.17445788424181678,445.71509504080088,526.6239335589437,10744.391572117926,0.2958796273136181,0.05591073834346534,364.20027240101379,432.22344079043367,7884.775173686432,0.0,0.0,13.345565302516471,16.112201408399387,159.77673869201858,0.0,0.0,19.132174964496266,22.77424821394201,381.6713054711793,0.0,0.0,266.02576712023866,318.36773588778189,4518.206919517533,0.0,0.0,27.297118167130394,32.483747442594339,535.4915940574736,0.0,0.0,204.8684376364347,246.6031509150967,2795.5293409263319,49.426827315462258,33.90043025751877,686.302573020431,816.8832763571459,14656.515396931398,0.0,0.0,211.17117708749906,254.81045589527359,2587.9121548576429,1849.2492204294136,21.563836357838978,43.22997891188055,22.000000000000047,30.000000000000065,0.0,20.414468236385063,46.24952673268462,16.000000000000033,30.000000000000065,1821.0087041011075,21.52472765046707,43.38396056124295,21.44444444444449,30.000000000000065,0.0,20.316141229754839,46.78107917283877,16.000000000000033,30.000000000000065,0.0,15.375240862913609,62.1414936554809,12.000000000000029,30.000000000000065,1420.5851829503054,19.41501949646905,49.29579209281917,19.888888888888933,30.000000000000065,0.0,17.910008503520598,53.452512641942,10.000000000000022,30.000000000000065,1334.919384463773,19.045686215080335,50.06804598334334,20.700000000000047,30.000000000000065,0.0,16.217474751952698,59.17414159227857,12.000000000000029,30.000000000000065,0.0,19.4388976759379,0.0,0.0,0.0,15.501688927963493,0.0,0.0,582.4340409251166,576.9869349217695,583.727946187935,591.0282771422712,555.5185240148929,633.1752909389926,563.1328998906861,608.7615105188528,556.8693833352193,10620.85966565123,80.98205952694411,85.02603095818465,60.00000000000013,0.0,60.00000000000013,60.00000000000013,16.0,16.0,19.0,12.0,19.7,12.0,21.0,10.0,1.0,0.0,1849.2492204294136,0.0,1821.0087041011075,0.0,1420.5851829503054,0.0,1334.919384463773,0.0,6119.778847094014,3671867.3082564005,4785730.83614081,80.98205952694411,85.09471101815093,0.35510373934757868,0.7672384974069939,0.36028137401966039,85.09471101815093,0.3542647819438883,4785730.83614081,0.25156800347932209 
 03/07  08:50:00,9.548333333333334,92.66666666666666,7.956666666666667,16.666666666666666,0.0,0.0,0.0,1.0,2.0,0.0,0.0,0.0,0.0,0.0,0.0,936.0,0.0,23.789103788206409,5.821619525365329,14.917692893173424,0.7133213645741519,18.98601164680324,0.0,5.8216195253653268,7.958595255826559,0.0,0.0,20.71365513904762,-1367.830837109808,19.54869332942247,486.15349661707156,20.846487633241439,-1597.8666056288499,19.685160370174,468.3190829913929,15.281782199928444,49.47986030220328,18.72944910758894,-90.3906240433968,17.398754942667808,85.90307518695416,19.051327461208574,-284.3739662744105,16.45831839078484,-185.0687427379424,1189.5348692224214,1155.7763719851508,0.0,0.0,0.0,0.0,0.0,0.0,0.0,0.0,0.0,0.0,0.0,0.0,0.0,0.0,0.0,0.0,0.0,0.0,0.0,0.0,0.0,0.0,1.0484758363135077,0.32004756908226758,434.32927567134706,512.9724194712641,10381.329132427469,0.2673552757826462,0.04080513977146619,288.0917631615027,341.45232410295616,6313.697570880059,0.9157827250600011,0.17305040156084695,419.38356987176646,494.7159551349938,10091.252307986997,0.2680747637559256,0.05065660690777131,290.1623281666908,343.59041030287508,6431.5102693375779,0.0,0.0,13.044223100795954,15.732125104866187,155.85640046876018,0.0,0.0,18.687691439463295,22.215130014495789,373.84002655731299,0.0,0.0,264.88711192861589,316.8059950429064,4423.645641658142,0.0,0.0,43.65679671139125,51.62976195932582,987.5263718151322,0.0,0.0,212.94508522531846,256.12287519082215,2861.627457923261,48.976746616607957,33.59173293320165,602.0228024562646,715.8774981294398,12940.855547087303,0.0,0.0,221.0595299484146,266.2533593420934,2794.840509957616,1832.0513380623098,21.560923927698054,43.248586418616209,22.000000000000019,30.00000000000002,0.0,20.4814598203761,46.21494166339387,16.000000000000015,30.00000000000002,2442.698522205774,21.574910633412313,43.29228778158742,21.666666666666687,30.00000000000002,0.0,20.551081289803255,46.030541501111688,16.000000000000015,30.00000000000002,0.0,15.393551621415215,62.45912713168039,12.00000000000001,30.00000000000002,0.0,19.483580545228834,50.94056675944725,19.000000000000015,30.00000000000002,0.0,17.793795818811494,54.04074572076236,10.000000000000007,30.00000000000002,1254.3878601522129,20.78283146769678,45.65532318657456,20.700000000000015,30.00000000000002,0.0,16.142154488903267,59.85562145762518,12.00000000000001,30.00000000000002,0.0,19.438844575034197,0.0,0.0,0.0,15.725997227767707,0.0,0.0,578.6807698761844,581.9414468295307,579.3339245060362,582.9560786049309,560.9987388382477,738.6823337114186,568.8348248675708,631.5124092477804,569.7964664455515,9830.140584652754,81.50492450008147,86.20768069960615,60.00000000000004,0.0,60.00000000000004,60.00000000000004,16.0,16.0,19.0,12.0,19.7,12.0,21.0,10.0,1.0,0.0,1832.0513380623098,0.0,2442.698522205774,0.0,0.0,0.0,1254.3878601522129,0.0,7116.961781777839,4270177.0690667,5571568.247509883,81.50492450008147,86.28754911195326,0.35056539272592809,0.765425193282576,0.3602813740196598,86.28754911195326,0.3542647819438878,5571568.247509883,0.29239488220384726 
 03/07  09:00:00,9.58,93.0,7.87,20.0,0.0,0.0,0.0,1.0,2.0,0.0,0.0,0.0,0.0,0.0,0.0,1563.0,0.0,28.593108041920997,6.997245358618779,17.930192027037945,0.8573704253045409,22.820072512147378,0.0,6.997245358618775,9.565764899667359,0.0,0.0,20.671224904724164,-1010.2855577830364,19.510048975024593,514.930146731927,20.89619910812555,-1903.257294961399,19.76003841200524,479.2598540298314,15.292830902568675,46.84909350819288,18.790413930731277,-88.75036924134955,17.33733725915834,127.0657270877222,18.886191174683977,-262.3588917300676,16.439177437457177,-139.69314343352873,1175.2823211464159,1077.938315641871,0.0,0.0,0.0,0.0,0.0,0.0,0.0,0.0,0.0,0.0,0.0,0.0,0.0,0.0,0.0,0.0,0.0,0.0,0.0,0.0,0.0,0.0,1.0475242160182217,0.31975708669664895,373.8090388884965,441.9045000837093,8821.872870236584,0.2772147390521533,0.04230994185777676,296.8303145560865,352.0616380617986,6427.8160942734289,0.8101841408536538,0.15309602056947359,417.0378158590888,492.285602880821,10090.833881286206,0.24465246768868285,0.046230625035654348,304.32707210124968,360.6174900503772,6753.002551275499,0.0,0.0,12.934773182318868,15.611738903214765,153.96014644769907,0.0,0.0,18.583772657703308,22.114310475405675,366.4453522145099,0.0,0.0,252.07745185260098,301.86692592462529,4140.076400832613,0.0,0.0,48.365225876940247,57.403151466971618,1040.0735719004316,0.0,0.0,202.9835775022591,244.36501677612154,2723.970316260686,48.46209408103856,33.238747655033318,592.0788042301716,704.3630148317025,12752.912531222806,0.0,0.0,211.24220875850978,254.67655123663924,2662.3579042609464,1223.9361140969418,21.333510365222943,43.82771418854229,21.6,30.0,0.0,20.375804076999086,46.525478653300627,16.0,30.0,2304.0582655600985,21.662917147826794,42.980761951219708,21.6,30.0,0.0,20.644800562112999,45.73981649039342,16.0,30.0,0.0,15.402421708871158,62.72469292454239,12.000000000000002,30.0,701.2976519494868,19.35588995143581,52.3928373111071,19.200000000000004,30.0,0.0,17.685352350384535,54.70223800404269,10.0,30.0,511.6293003081141,20.289776348928464,47.34302843641718,19.9,30.0,0.0,16.164875684047236,60.21142360533646,12.000000000000002,30.0,0.0,19.4707717585948,0.0,0.0,0.0,15.738054656419723,0.0,0.0,566.7233359421002,574.5758834712426,565.8359935646458,570.2432053125343,567.2137827971156,793.713788597024,576.4802912833743,629.6294738679051,583.8145923306834,8326.459675676557,80.89562978815971,83.97942916385324,60.0,0.0,60.0,60.0,16.0,16.0,19.0,12.0,19.7,12.0,21.0,10.0,1.0,0.0,1223.9361140969418,0.0,2304.0582655600985,0.0,701.2976519494868,0.0,511.6293003081141,0.0,4666.455249423765,2799873.149654259,3644423.4913645836,80.89562978815971,84.03180231476387,0.2915485083141255,0.5857284979507969,0.28822509921572767,84.03180231476387,0.28341182555511,3644423.4913645836,0.192146688217625 
 03/07  09:10:00,9.678333333333333,92.5,7.555000000000001,23.333333333333337,0.0,0.0,0.0,0.0,0.0,0.0,0.0,0.0,0.0,0.0,0.0,2191.0,0.0,33.40928114867861,8.175849128036083,20.95032195481371,1.0017843626868959,26.663845204137379,0.0,8.175849128036078,11.177005608015647,0.0,0.0,20.12944517773496,-401.22959491829706,19.48149048343604,195.3222644987325,20.2767430112321,-853.9448292718264,19.717438917682409,76.63700654169767,15.302779546319752,44.06465228432564,18.67420030214295,-275.5763330728357,17.39717455630861,114.80600142795757,18.447174595795138,-167.65723825757383,16.41718367534517,-140.05806461636502,859.4187530011996,1048.5271973160273,0.0,0.0,0.0,0.0,0.0,0.0,0.0,0.0,0.0,0.0,0.0,0.0,0.0,0.0,0.0,0.0,0.0,0.0,0.0,0.0,0.0,0.0,0.9839402761545716,0.30034806964425267,258.9377601802714,307.36284779390476,5728.0885101702829,0.22554351377659669,0.03442361321376629,187.68266159362029,223.1398814643502,4009.7976768935466,0.8507460684518059,0.1607607839100163,258.2552846917348,306.46717102937927,5805.340122683171,0.19135948598873324,0.03616014474465857,142.79859989431965,169.7474732185419,3135.347489582251,0.0,0.0,12.008221671216374,14.502267311302838,140.71925969613745,0.0,0.0,81.07388729182773,96.58761433720761,1575.0206892981515,0.0,0.0,315.2288201652201,377.5139352797758,5184.431713023629,0.0,0.0,40.67895606547783,48.42874373402849,811.9539979875183,0.0,0.0,205.71014606008328,247.74539498337166,2719.2579417802205,46.528168775778038,31.912324263222258,320.6322003492799,382.90936532329587,6949.204167331298,0.0,0.0,213.36805783973095,257.3498275035706,2642.1288775288005,0.0,20.55933507895602,46.016816250685717,21.999999999999998,29.999999999999994,0.0,20.27274725708751,46.83687828008584,16.0,29.999999999999994,0.0,20.694987870020314,45.62353486267897,21.57142857142857,29.999999999999994,0.0,20.505410391730544,46.14823222998179,16.0,29.999999999999994,0.0,15.410048454701581,63.13003534015788,12.0,29.999999999999994,0.0,19.30483102640041,50.74860643890213,16.0,29.999999999999994,0.0,17.795634244413209,54.97809982747043,10.0,29.999999999999994,0.0,19.554615845968084,49.30844224814717,12.0,29.999999999999994,0.0,16.16333776964928,60.74828094743246,12.0,29.999999999999994,0.0,18.69743645618812,0.0,0.0,0.0,15.727724951373535,0.0,0.0,559.1530585390302,566.0577976907679,552.6861591626055,563.4544647750195,579.9200634970327,662.7056379216419,607.4096109105716,610.664276943364,601.2288404203872,0.0,80.28878138391318,80.28878138391318,59.999999999999989,0.0,59.999999999999989,59.999999999999989,16.0,16.0,16.0,12.0,12.0,12.0,21.0,10.0,0.0,0.0,0.0,0.0,0.0,0.0,0.0,0.0,0.0,0.0,0.0,0.0,0.0,80.28878138391318,80.28878138391318,0.0,0.0,0.0,80.28878138391318,0.0,0.0,0.0026 
 03/07  09:20:00,9.776666666666668,92.0,7.24,26.666666666666669,0.0,0.0,0.0,0.0,0.0,0.0,0.0,0.0,0.0,0.0,0.0,1252.0,0.0,38.23678591364986,9.35722595705658,23.977557691838319,1.1465380738750149,30.51666156686545,0.0,9.357225957056576,12.79203729908033,0.0,0.0,19.572860437640999,-152.36653710502049,19.221017346213459,-22.26127040799321,19.708175270269878,-252.59088934647753,19.342735805042087,-178.08509863411133,15.305311841536366,35.43259051911238,18.245131870016075,-148.81990909256809,17.270550628488956,36.96712192392624,17.83907760857677,-72.31735235662717,16.390954070116345,-162.86171196391457,640.0590300052325,905.8198595581132,0.0,0.0,0.0,0.0,0.0,0.0,0.0,0.0,0.0,0.0,0.0,0.0,0.0,0.0,0.0,0.0,0.0,0.0,0.0,0.0,0.0,0.0,0.8779786111755554,0.2680032390645774,143.2037302733182,170.48953029580955,2886.7456132563268,0.17009077042411042,0.02596012979610965,68.0178369226587,81.07111008004964,1385.4244122702626,0.8099750027167652,0.1530565008913011,144.74485268373727,172.25999085760919,2933.7245950177536,0.15425203795323254,0.029148155319960787,98.49700521180638,117.1761063395569,1994.9163384967458,0.0,0.0,10.630227380099497,12.831915911416776,122.3749031417102,0.0,0.0,68.34431326854585,81.60185336350068,1216.3591332723768,0.0,0.0,287.0574093369081,343.92206092894886,4532.990918256745,0.0,0.0,30.25340633875546,36.14348407782148,532.5593780546872,0.0,0.0,189.54927623652947,228.21557809549354,2460.656733981148,44.379504683442707,30.438617752704198,155.57106797954655,186.373373582221,3297.9183805791346,0.0,0.0,195.63983677994293,236.0352232785105,2312.8395692510105,0.0,19.696380673408386,48.559736798951508,22.0,30.0,0.0,19.764349524282019,48.34474259288285,16.0,30.0,0.0,19.78678339659932,48.26006110099201,22.0,30.0,0.0,19.800131265700548,48.23999472531381,16.0,30.0,0.0,15.40517991897872,63.536220082885929,12.0,30.0,0.0,18.575766016092538,52.381895640669338,16.0,30.0,0.0,17.559275690806336,55.73959339726565,10.0,30.0,0.0,18.45503931031995,52.70851931779942,12.0,30.0,0.0,16.142259348139424,61.02538150235812,12.0,30.0,0.0,17.65529412721619,0.0,0.0,0.0,15.540698731068649,0.0,0.0,553.6493364383694,557.1635983475502,541.9143843894302,551.9855698559554,591.1539939546406,607.4200511823616,596.512389628454,602.1816866692419,604.7978990489716,0.0,80.28878138391318,80.28878138391318,60.0,0.0,60.0,60.0,16.0,16.0,16.0,12.0,12.0,12.0,21.0,10.0,0.0,0.0,0.0,0.0,0.0,0.0,0.0,0.0,0.0,0.0,0.0,0.0,0.0,80.28878138391318,80.28878138391318,0.0,0.0,0.0,80.28878138391318,0.0,0.0,0.00259 
 03/07  09:30:00,9.875,91.5,6.925000000000001,30.0,0.0,0.0,0.0,0.0,0.0,0.0,0.0,0.0,0.0,0.0,0.0,1252.0,0.0,43.07489445164925,10.54119771914613,27.01144279888764,1.2916097336148205,34.37794068323821,0.0,10.541197719146125,14.410616460384624,0.0,0.0,19.12341324839909,-138.52021937501764,18.9139837373044,-248.98666228098245,19.339061037459368,-407.24615712227958,18.95273917672291,-165.14519921549175,15.297888169662463,25.017215937857814,17.98332927830303,-114.4710837993805,17.106894582179146,-16.577531305206777,17.487976870080816,-39.976457505316719,16.32811847787113,-216.60708716008527,604.7321537714081,729.1613708102848,0.0,0.0,0.0,0.0,0.0,0.0,0.0,0.0,0.0,0.0,0.0,0.0,0.0,0.0,0.0,0.0,0.0,0.0,0.0,0.0,0.0,0.0,0.7323688285549596,0.22355580847220989,289.2993646328986,345.4078607666513,5313.983590636421,0.12767149449012178,0.01948588133243617,134.59094234412297,160.51311717211136,2542.271939731127,0.6968340922115359,0.13167688817300383,249.7811532709416,298.0297623003124,4760.738174511065,0.12383512819909426,0.02340043994691879,124.46128205343178,148.6502450886542,2325.649443500545,0.0,0.0,9.372268123780533,11.31424737411582,105.6242757135028,0.0,0.0,59.37120824963545,70.98464408910556,994.9439428225751,0.0,0.0,253.81425098968976,304.4194020038435,3808.065246385666,0.0,0.0,21.84620869699299,26.145933080470838,353.5566178710625,0.0,0.0,165.8892413283825,199.7997854588955,2090.6248187755747,42.2184065645118,28.956383103231706,346.47654029758248,415.40913861378098,6294.2967830998309,0.0,0.0,170.14101855551054,205.48550042061704,1878.9567481768814,0.0,18.99804513533722,50.72596371588821,22.0,30.0,0.0,19.202759583597734,50.07258882234128,16.0,30.0,0.0,19.221985459777966,50.00990624929719,22.0,30.0,0.0,19.12452498968244,50.33923121421651,16.0,30.0,0.0,15.383457676576916,63.78192504005533,12.0,30.0,0.0,18.157042709667555,53.67229773092608,16.0,30.0,0.0,17.26284978918911,56.73534449635385,10.0,30.0,0.0,17.865224205805739,54.67284846050979,12.0,30.0,0.0,16.051410984146047,61.3259427178409,12.0,30.0,0.0,17.62454758084296,0.0,0.0,0.0,15.256194693772049,0.0,0.0,526.8218721890901,521.4017997035423,513.4318153381294,539.4738798051965,590.8987942851657,590.4746499323863,578.9606032124243,593.7266634449536,590.9377260636942,0.0,80.28878138391318,80.28878138391318,60.0,0.0,60.0,60.0,16.0,16.0,16.0,12.0,12.0,12.0,21.0,10.0,0.0,0.0,0.0,0.0,0.0,0.0,0.0,0.0,0.0,0.0,0.0,0.0,0.0,80.28878138391318,80.28878138391318,0.0,0.0,0.0,80.28878138391318,0.0,0.0,0.00258 
 03/07  09:40:00,9.973333333333333,91.0,6.61,54.66666666666666,30.66666666666666,0.0,0.0,0.0,0.0,0.0,0.0,0.0,0.0,0.0,0.0,626.0,0.0,107.19615725808728,20.91347274423959,53.590078605977698,3.2142907545423147,85.55283087477523,0.0,20.91347274423958,28.590302791166758,0.0,0.0,18.900112113058527,-187.19323386935049,18.66150431544682,-109.23760655839351,19.05052753324958,-181.4993252281065,18.771004563727514,-146.93857571927129,15.29336385667923,23.30245678883867,17.80448635319977,-88.57309831444013,17.019480589557497,19.22630489875155,17.230623942758855,-25.130078085982349,16.269707536163936,-198.52019316499173,627.7325391554477,695.3162000033781,0.0,0.0,0.0,0.0,0.0,0.0,0.0,0.0,0.0,0.0,0.0,0.0,0.0,0.0,0.0,0.0,0.0,0.0,0.0,0.0,0.0,0.0,0.6921691451078342,0.21128484282900929,245.89224013815002,293.03879704160149,4343.678892166228,0.1293645398782387,0.01974428264319883,120.99299348209382,144.18749716052163,2142.7893577951956,0.6442909659451974,0.12174810392010539,192.88161951872366,229.74322841077834,3454.548627914788,0.1179892803196326,0.02229578237332437,108.66940727672025,129.3902684111898,1936.7704473285936,0.0,0.0,9.108007874633337,10.98235692529262,100.54169783197864,0.0,0.0,57.53556402743683,68.7830029359076,920.1701245963861,0.0,0.0,249.18749049144203,298.63425435642525,3626.2096250628594,0.0,0.0,20.140180254910285,24.11456271278215,306.251448506943,0.0,0.0,162.18393516773518,195.15307539030636,1985.2911721055012,40.63657041492873,27.871447472516285,287.1053556480998,343.15065007813197,5177.731758969048,0.0,0.0,165.8227774054335,200.0591884808096,1782.5675342935916,0.0,18.729479776233803,51.60762272525553,22.0,30.0,0.0,18.748883232846035,51.52471409741732,16.0,30.0,0.0,18.82277095804423,51.29030884793502,22.0,30.0,0.0,18.843035310619663,51.23989157328205,16.0,30.0,0.0,15.366126441901678,63.938879037733858,12.0,30.0,0.0,17.862711662049948,54.64261850792943,16.0,30.0,0.0,17.13291620793852,57.1943731364306,10.0,30.0,0.0,17.458429108935265,56.06992079420087,12.0,30.0,0.0,15.968147964928435,61.633331421603518,12.0,30.0,0.0,17.79066604679771,0.0,0.0,0.0,15.207581470728507,0.0,0.0,520.5618053777133,515.0109143501313,515.2672221718457,522.2927430935099,586.7200488968047,580.5325508899525,571.4939978785599,584.9687646276473,584.0382175577889,0.0,80.28878138391318,80.28878138391318,60.0,0.0,60.0,60.0,16.0,16.0,16.0,12.0,12.0,12.0,21.0,10.0,0.0,0.0,0.0,0.0,0.0,0.0,0.0,0.0,0.0,0.0,0.0,0.0,0.0,80.28878138391318,80.28878138391318,0.0,0.0,0.0,80.28878138391318,0.0,0.0,0.00257 
 03/07  09:50:00,10.071666666666666,90.5,6.295000000000001,79.33333333333333,61.33333333333332,0.0,0.0,0.0,0.0,0.0,0.0,0.0,0.0,0.0,0.0,626.0,0.0,196.70194653862138,30.935221965579165,79.27051888475624,5.898114480747998,156.98684145726905,0.0,30.93522196557915,42.29079377318974,0.0,0.0,18.61939088023224,-65.77459805657418,18.577783096172284,-169.089400862375,18.895582348668598,-333.27176244248769,18.575562997291227,-85.83691576423826,15.293288424222212,17.990731159086225,17.710628488151099,-86.43668445115043,16.915611586579474,-31.10102706821317,17.06726779314574,-17.264224224462966,16.231900840274844,-205.08150627841406,548.1253455229507,590.3150152771336,0.0,0.0,0.0,0.0,0.0,0.0,0.0,0.0,0.0,0.0,0.0,0.0,0.0,0.0,0.0,0.0,0.0,0.0,0.0,0.0,0.0,0.0,0.619690716857497,0.18916078048153146,319.81658458183258,381.4389800133227,5388.65264311558,0.10453105832958706,0.01595406873162196,153.59707918914627,183.08438745979169,2629.1909296748369,0.4883140341474387,0.09227400494093705,288.78090066376628,344.1783086282053,4971.466810564122,0.09928672930104843,0.018761664644944898,157.51305939080386,187.84672788875475,2689.501860821576,0.0,0.0,8.32092215865656,10.036030378328445,90.03259858984016,0.0,0.0,54.29039283990303,64.9508269840597,840.0180840372625,0.0,0.0,229.22632012584513,274.92245806708515,3214.2197292961866,0.0,0.0,16.474980799008127,19.738657813120918,239.43154285316724,0.0,0.0,149.14440485915953,179.50301669471288,1781.325060925899,38.76532590838047,26.58801502632406,417.7590330762747,499.4771870921877,7027.36225975231,0.0,0.0,151.83484243575885,183.2590858409004,1569.0605958056625,0.0,18.358039203397035,52.84158981188568,22.0,30.0,0.0,18.578144286208745,52.10010767695624,16.0,30.0,0.0,18.64379179655945,51.89244980921664,22.0,30.0,0.0,18.5245627243969,52.28902074372721,16.0,30.0,0.0,15.356127076377643,64.01491034271871,12.0,30.0,0.0,17.698665961627435,55.18762833348575,16.0,30.0,0.0,16.963579746947685,57.791639648117818,10.0,30.0,0.0,17.224485019056723,56.88745611203518,12.0,30.0,0.0,15.918957940485547,61.79357382590011,12.0,30.0,0.0,17.678262509012887,0.0,0.0,0.0,15.099072881093763,0.0,0.0,520.2364125301772,509.45840674717246,508.5289231651958,520.2102510639787,580.1497033145186,568.745208788536,559.6618595036775,575.9460020627887,569.954895149815,0.0,80.28878138391318,80.28878138391318,60.0,0.0,60.0,60.0,16.0,16.0,16.0,12.0,12.0,12.0,21.0,10.0,0.0,0.0,0.0,0.0,0.0,0.0,0.0,0.0,0.0,0.0,0.0,0.0,0.0,80.28878138391318,80.28878138391318,0.0,0.0,0.0,80.28878138391318,0.0,0.0,0.0025566666666666669 
 03/07  10:00:00,10.17,90.0,5.98,104.0,92.0,0.0,0.0,0.0,0.0,0.0,0.0,0.0,0.0,0.0,0.0,626.0,0.0,283.71772603531556,40.051326401159929,102.63030185808339,8.507277528177049,226.43361323267173,0.0,40.051326401159908,54.753199671843798,0.0,0.0,18.54132824078183,-174.23835939567653,18.45652715142693,-125.90217541823586,18.64086097484263,-191.75428918870967,18.507679631731074,-150.42894481621489,15.295948581977687,16.625330825728356,17.66288742853144,-88.02897106047112,16.83481577370868,0.9445947077206256,16.94515131286585,-15.672993405026262,16.200359678848437,-186.84233931123846,489.1917907483812,532.0028639111247,0.0,0.0,0.0,0.0,0.0,0.0,0.0,0.0,0.0,0.0,0.0,0.0,0.0,0.0,0.0,0.0,0.0,0.0,0.0,0.0,0.0,0.0,0.5653045447609534,0.17255938484766587,284.42732897550726,339.63819213459888,4698.015533017668,0.09827761474755263,0.01499963595048117,121.37506265745816,144.9937821345576,2000.9007127594842,0.4998376296172712,0.0944515551053045,291.0625943813445,347.5468268776185,4778.258797581084,0.08924954849664625,0.016864994046985304,164.08576725818609,195.7808109310283,2734.9237658960175,0.0,0.0,8.147187986611434,9.825964492591983,86.47243896311456,0.0,0.0,53.707177266811438,64.26988795374456,810.083990916117,0.0,0.0,224.09580994039238,268.89834064482258,3047.2575408196428,0.0,0.0,14.452185816703782,17.32604192138674,202.44449065950352,0.0,0.0,143.10303061223886,172.30632840992355,1669.9602511577696,37.14507936542983,25.476734818538988,389.4232132475777,466.13776401013538,6396.370578422471,0.0,0.0,145.08751680821349,175.17120962092975,1469.5700206977099,0.0,18.317549348079785,52.99892360741464,22.0,30.0,0.0,18.33254504649581,52.93047026840284,16.0,30.0,0.0,18.283263978366749,53.097541485414527,22.0,30.0,0.0,18.43279842115058,52.612818662577087,16.0,30.0,0.0,15.352367503390719,64.04501687238246,12.0,30.0,0.0,17.602692722027883,55.505678231213227,16.0,30.0,0.0,16.849866056109897,58.20027633476652,10.0,30.0,0.0,17.059501327692894,57.468074155258857,12.0,30.0,0.0,15.880642197919024,61.92791456614664,12.0,30.0,0.0,17.585216445896184,0.0,0.0,0.0,15.096277999665642,0.0,0.0,516.3303198111025,498.59369773547749,504.1160941626857,517.7736533394068,572.4972444971561,558.1878401772068,550.8387148795682,566.6005145036276,559.6955618695824,0.0,80.28878138391318,80.28878138391318,60.0,0.0,60.0,60.0,16.0,16.0,16.0,12.0,12.0,12.0,21.0,10.0,0.0,0.0,0.0,0.0,0.0,0.0,0.0,0.0,0.0,0.0,0.0,0.0,0.0,80.28878138391318,80.28878138391318,0.0,0.0,0.0,80.28878138391318,0.0,0.0,0.002543333333333333 
 03/07  10:10:00,10.495,88.16666666666667,6.136666666666668,128.66666666666669,122.66666666666669,0.0,0.0,0.0,0.0,0.0,0.0,0.0,0.0,0.0,0.0,313.0,0.0,380.928187857592,48.852369141733067,125.18276283904163,11.42212361843148,304.01665726968425,0.0,48.852369141733039,66.78489234709753,0.0,0.0,18.462033346107274,-13.445850237745617,18.428058547729884,-173.5320814156239,18.561052101642959,-242.17849249306529,18.436654949705255,-22.269775421440046,15.30433600595691,15.67931194029211,17.6454742651783,-76.90898007654642,16.781952379026664,-14.770745248059029,16.835302763904978,-10.680022294746778,16.175708321739699,-193.7427101706735,411.8863137059252,516.3422618830218,0.0,0.0,0.0,0.0,0.0,0.0,0.0,0.0,0.0,0.0,0.0,0.0,0.0,0.0,0.0,0.0,0.0,0.0,0.0,0.0,0.0,0.0,0.47139630003715818,0.14389386448020703,255.25577677773999,303.97393705379678,4037.5939108993104,0.0752982502487449,0.011492406936621628,126.61360524979804,150.81684200434533,1982.0354781464037,0.3757564790621395,0.07100462567311784,179.75830337485926,214.12510982615235,2815.983670366886,0.07439788269557933,0.014058556820782182,66.35212617308793,79.00505088733621,1054.0691229797649,0.0,0.0,7.878371948804309,9.477794957867305,78.5443833016275,0.0,0.0,51.777488105427718,61.82123557207417,741.3098407731267,0.0,0.0,220.65545714734777,264.15077539066018,2825.881283871486,0.0,0.0,13.757336716234019,16.461778694752615,179.71192562675376,0.0,0.0,144.1266756784445,173.0923951847754,1578.2985448527027,37.26206334248728,25.556970742446706,265.18700020894365,316.7917479687503,4224.126120477746,0.0,0.0,146.2397057987908,176.04093994589563,1407.88768416734,0.0,18.307602628738914,53.028803475015788,22.0,30.0,0.0,18.234485919260533,53.27567369991431,16.0,30.0,0.0,18.22828771309677,53.29715182071971,22.0,30.0,0.0,18.3480556159601,52.89959818174723,16.0,30.0,0.0,15.358859759703158,64.02748502096869,12.0,30.0,0.0,17.54236744683841,55.712364496028857,16.0,30.0,0.0,16.780026729387467,58.46684560563098,10.0,30.0,0.0,16.909061858529588,58.00873116499356,12.0,30.0,0.0,15.84875456604858,62.05316942634839,12.0,30.0,0.0,17.39358551182395,0.0,0.0,0.0,15.174826513275609,0.0,0.0,522.4597573468227,478.0543094786372,476.74369112579088,527.2468620962523,564.1335776844053,552.2567306364055,545.4866681557634,558.9991144991748,553.5517343767812,0.0,80.28878138391318,80.28878138391318,60.0,0.0,60.0,60.0,16.0,16.0,16.0,12.0,12.0,12.0,21.0,10.0,0.0,0.0,0.0,0.0,0.0,0.0,0.0,0.0,0.0,0.0,0.0,0.0,0.0,80.28878138391318,80.28878138391318,0.0,0.0,0.0,80.28878138391318,0.0,0.0,0.00253 
 03/07  10:20:00,10.82,86.33333333333334,6.293333333333334,153.33333333333335,153.33333333333335,0.0,0.0,0.0,0.0,0.0,0.0,0.0,0.0,0.0,0.0,626.0,0.0,488.23547828946837,57.355428763665148,146.97166405859645,14.639718562706947,389.65787655055899,0.0,57.35542876366512,78.40921950765211,0.0,0.0,18.33549876044055,-97.55245664986524,18.46970246289745,-126.26579981074133,18.51758780379884,-179.8727828330534,18.378926832450568,-104.09854607797525,15.316505570515425,15.835620467296409,17.666352308836765,-88.20448013937517,16.76873668298491,4.180787496177345,16.770109402252,-9.75069849738739,16.176981239956594,-155.2584084274099,368.1907981278905,451.57806782800756,0.0,0.0,0.0,0.0,0.0,0.0,0.0,0.0,0.0,0.0,0.0,0.0,0.0,0.0,0.0,0.0,0.0,0.0,0.0,0.0,0.0,0.0,0.40586725590412389,0.12389110375583756,186.84493298750295,223.11748704896045,2776.334318737599,0.06989656775987287,0.010667974322324919,87.7731054902435,104.75133127983352,1318.2303696211857,0.349702648926276,0.06608137734812475,155.54299002864256,185.73398273081603,2334.712356756105,0.06392221975089024,0.012079028675527255,91.97938034247982,109.9133783219174,1380.9891355293217,0.0,0.0,8.035410138099284,9.69546738516995,74.95836697162653,0.0,0.0,53.67030614307289,64.27765263471216,731.4543727689068,0.0,0.0,219.68609901176988,263.76774688775699,2672.4482134920219,0.0,0.0,12.52124385291027,15.032858650477952,153.50359214306037,0.0,0.0,138.19502384128016,166.44905852090225,1426.7155763519257,37.49120981015223,25.714135672258054,214.98121200942158,257.48489078002867,3322.4604923910339,0.0,0.0,139.8586768192191,168.82586607203775,1268.5776826893348,0.0,18.138636210465479,53.62634284613216,22.0,30.0,0.0,18.260062246773395,53.212357573797039,16.0,30.0,0.0,18.24597696120547,53.2643869046841,22.0,30.0,0.0,18.24625634012263,53.26636045972212,16.0,30.0,0.0,15.371093844533413,63.985880082693018,12.0,30.0,0.0,17.528726305894069,55.766469337247858,16.0,30.0,0.0,16.790465439544627,58.42841220468521,10.0,30.0,0.0,16.837333596034126,58.27633656882722,12.0,30.0,0.0,15.867602641059659,61.97934316559453,12.0,30.0,0.0,17.305114800319794,0.0,0.0,0.0,15.229034188161532,0.0,0.0,506.79261684499888,488.22057474775496,495.38357519762499,511.31880714952725,559.4957707630751,547.810547433024,541.6894581679439,554.8902469139954,549.9230707877939,0.0,80.28878138391318,80.28878138391318,60.0,0.0,60.0,60.0,16.0,16.0,16.0,12.0,12.0,12.0,21.0,10.0,0.0,0.0,0.0,0.0,0.0,0.0,0.0,0.0,0.0,0.0,0.0,0.0,0.0,80.28878138391318,80.28878138391318,0.0,0.0,0.0,80.28878138391318,0.0,0.0,0.00252 
 03/07  10:30:00,11.145,84.5,6.45,178.0,184.0,0.0,0.0,0.0,0.0,0.0,0.0,0.0,0.0,0.0,0.0,626.0,0.0,605.4332166609074,65.57100296978145,168.02390460792399,18.1538740454693,483.19255986493047,0.0,65.57100296978142,89.64053230915045,0.0,0.0,18.267842084744076,-119.00772113657513,18.459439174265716,-183.27888043930308,18.36472101887739,-190.9301143031912,18.348521467003324,-132.96037673230195,15.33447050576507,15.913533241906749,17.713028096888175,-89.48027961149274,16.754756128334596,18.763157727448289,16.707760459723617,-6.594173141145461,16.198183578145604,-127.13388878169099,393.36402057567377,401.8430022522016,0.0,0.0,0.0,0.0,0.0,0.0,0.0,0.0,0.0,0.0,0.0,0.0,0.0,0.0,0.0,0.0,0.0,0.0,0.0,0.0,0.0,0.0,0.3287596799301712,0.1003539926526774,255.7344540701688,305.7640742765825,3604.846848356142,0.041169136933247228,0.006283445807882666,115.9754833000409,138.7766597004147,1637.2520185406877,0.3191216027179059,0.06030264601623318,261.5838023679213,312.67391317303977,3653.5926303036055,0.04917813141977349,0.009292919769420537,156.31255432415083,186.72798153370634,2228.952184503486,0.0,0.0,7.982296991082428,9.631275418045569,69.52701441061373,0.0,0.0,54.32146001154562,65.0604940926577,706.0973745368624,0.0,0.0,214.51283444178638,257.5879285349225,2468.917963857269,0.0,0.0,10.164828424003332,12.205838536844216,116.39688430106088,0.0,0.0,132.0405071584398,159.04338618963772,1288.5702084167747,37.696820382814539,25.855158012904356,351.75609942289176,421.437366244705,4969.678056710409,0.0,0.0,133.3248836800655,160.9218611373672,1145.5097719518695,0.0,18.096112106078164,53.804516910577678,22.0,30.0,0.0,18.14712449302891,53.639183764237959,16.0,30.0,0.0,18.028515251680298,54.034422771469838,22.0,30.0,0.0,18.207182823120456,53.42280759501932,16.0,30.0,0.0,15.392332186758065,63.9042259482382,12.0,30.0,0.0,17.541643298475067,55.722385312364718,16.0,30.0,0.0,16.791596500124855,58.4312829082315,10.0,30.0,0.0,16.763039087859043,58.55284905675358,12.0,30.0,0.0,15.915283608260282,61.79065753447818,12.0,30.0,0.0,17.450320969726279,0.0,0.0,0.0,15.320129215304853,0.0,0.0,495.15561043526295,471.66217692662078,483.78052139984507,505.5492490297444,552.6497850479451,539.2935301939307,530.8500137471399,549.2664188321,540.3950943256459,0.0,80.28878138391318,80.28878138391318,60.0,0.0,60.0,60.0,16.0,16.0,16.0,12.0,12.0,12.0,21.0,10.0,0.0,0.0,0.0,0.0,0.0,0.0,0.0,0.0,0.0,0.0,0.0,0.0,0.0,80.28878138391318,80.28878138391318,0.0,0.0,0.0,80.28878138391318,0.0,0.0,0.00251 
 03/07  10:40:00,11.469999999999999,82.66666666666667,6.606666666666667,175.0,211.5,0.0,0.0,0.0,0.0,0.0,0.0,0.0,0.0,0.0,0.0,313.0,0.0,707.3529470953815,66.33348389806398,169.97780616191447,21.20989624841081,564.5337050644617,0.0,66.33348389806395,90.68290154541666,0.0,0.0,18.221447623378454,-8.213416788241375,18.52517310380899,-219.2329273243422,18.379837307530289,-142.72238486942207,18.31971190110363,-24.719316726220258,15.35765302821039,15.022420967000642,17.785181204713696,-88.45458448054183,16.72671010156737,1.8020817096439715,16.64704969715971,-4.424914304082165,16.21164546587967,-139.02277876584959,291.18957758059426,373.7358004158259,0.0,0.0,0.0,0.0,0.0,0.0,0.0,0.0,0.0,0.0,0.0,0.0,0.0,0.0,0.0,0.0,0.0,0.0,0.0,0.0,0.0,0.0,0.24221604924026295,0.07393652296711323,241.6788106315969,288.15198986653157,3248.946661560499,0.01555161237366601,0.002373567212097987,139.37352490368418,166.13221240297473,1891.495313348103,0.17584317130959127,0.033228112492364198,95.49469761091184,113.84561591061387,1290.2154793602384,0.031908097591047578,0.0060294968992909239,5.842903658183142,6.964418975967671,79.8698290273173,0.0,0.0,7.744207446422196,9.319193559449499,62.8329405962363,0.0,0.0,53.112168083189278,63.43698709775656,661.2238430506433,0.0,0.0,210.39589233538147,252.01977974613548,2269.838653527835,0.0,0.0,9.279487243937743,11.117924039117853,98.84138271630649,0.0,0.0,132.08207604358666,158.65717291716599,1210.3823664269203,37.847005927025147,25.95816593074428,191.6685523266019,229.2434835311993,2661.400051681656,0.0,0.0,133.5003451447399,160.63313544759024,1095.5840321954643,0.0,18.1068331850888,53.76596753404216,22.0,30.0,0.0,18.177734427996567,53.56843906074843,16.0,30.0,0.0,18.13528548893695,53.70927031342168,22.0,30.0,0.0,18.19059886949727,53.50564415288432,16.0,30.0,0.0,15.423159778728861,63.78368104724477,12.0,30.0,0.0,17.593129861783,55.54764306728339,16.0,30.0,0.0,16.757957431647488,58.569759112848789,10.0,30.0,0.0,16.68938346189796,58.83018437990468,12.0,30.0,0.0,15.94581744979041,61.679160746468799,12.0,30.0,0.0,17.191752600727218,0.0,0.0,0.0,15.455944168436047,0.0,0.0,496.0801971207475,456.33730230455418,460.19400945179208,500.94319143175559,544.1251896681883,530.2993978310549,527.8242510566073,542.2016127399587,535.0220252329833,0.0,80.28878138391318,80.28878138391318,60.0,0.0,60.0,60.0,16.0,16.0,16.0,12.0,12.0,12.0,21.0,10.0,0.0,0.0,0.0,0.0,0.0,0.0,0.0,0.0,0.0,0.0,0.0,0.0,0.0,80.28878138391318,80.28878138391318,0.0,0.0,0.0,80.28878138391318,0.0,0.0,0.0025 
 03/07  10:50:00,11.795,80.83333333333334,6.763333333333333,172.0,239.0,0.0,0.0,0.0,0.0,0.0,0.0,0.0,0.0,0.0,0.0,313.0,0.0,777.2226177853238,66.47171426784218,170.33210342558867,23.30491467143085,620.2960572833024,0.0,66.47171426784215,90.87187294080494,0.0,0.0,18.183748324542984,-31.090735203289115,18.61039540546207,-164.16298668568016,18.415386610685677,-24.057978408011424,18.253541200749355,-142.17510974726793,15.378685627427004,15.612907779457942,17.852963177121788,-107.48903300407619,16.74491548252294,30.535100165254336,16.59977456219771,-3.6507302735048485,16.23366608027513,-109.61337022754469,222.89343666149353,315.0423857373635,0.0,0.0,0.0,0.0,0.0,0.0,0.0,0.0,0.0,0.0,0.0,0.0,0.0,0.0,0.0,0.0,0.0,0.0,0.0,0.0,0.0,0.0,0.17264658639366535,0.05270042319708954,123.07528681276503,146.7738835256747,1570.7026471597347,0.023031981075397655,0.003515259626892194,75.01899351046397,89.41349301516704,980.8518704264556,0.15769520514728267,0.029798791600015634,73.01964223562938,87.0254037588462,959.0864932048689,0.019496909873197175,0.0036842233320478398,71.85790094127765,85.70062593288883,913.0358231754985,0.0,0.0,8.067734146763599,9.709278099887154,60.5645673936244,0.0,0.0,56.14941191034809,67.06639190608876,666.9407246107635,0.0,0.0,210.51640611117385,252.15515415261843,2158.1644762281205,0.0,0.0,8.67045828658389,10.391872157717796,85.75793586346875,0.0,0.0,125.28928782433565,150.49783543935724,1077.9526186157066,38.14027714119967,26.159312168175366,100.75253673843177,120.59393675779549,1473.6534523666692,0.0,0.0,126.37322365122535,152.03250795551493,978.1844015131322,0.0,18.09145235318226,53.86556690912862,22.0,30.0,0.0,18.256482911055316,53.31082834109413,16.0,30.0,0.0,18.27451013643311,53.23540233473547,22.0,30.0,0.0,18.07045225875843,53.934275227649688,16.0,30.0,0.0,15.45075010831675,63.680275382115429,12.0,30.0,0.0,17.63585067784995,55.41209181913908,16.0,30.0,0.0,16.819037001940275,58.34574997878127,10.0,30.0,0.0,16.63836076208047,59.029685458803339,12.0,30.0,0.0,15.995913711528523,61.488450751401959,12.0,30.0,0.0,17.027042229976524,0.0,0.0,0.0,15.55317689914623,0.0,0.0,466.426312731475,478.5234936779832,498.2852576313326,487.0624398840143,538.7144967970409,528.7760381888428,523.5020197373544,538.1453251858661,529.7119161613697,0.0,80.28878138391318,80.28878138391318,60.0,0.0,60.0,60.0,16.0,16.0,16.0,12.0,12.0,12.0,21.0,10.0,0.0,0.0,0.0,0.0,0.0,0.0,0.0,0.0,0.0,0.0,0.0,0.0,0.0,80.28878138391318,80.28878138391318,0.0,0.0,0.0,80.28878138391318,0.0,0.0,0.0024933333333333337 
 03/07  11:00:00,12.12,79.0,6.92,169.0,266.5,0.0,0.0,0.0,0.0,0.0,0.0,0.0,0.0,0.0,0.0,626.0,0.0,851.8089324415428,66.61501274918592,170.6993894316058,25.541359472108888,679.822713912111,0.0,66.6150127491859,91.06777282894095,0.0,0.0,18.164150409497056,-12.266243788760221,18.66992004649618,-232.09590231234894,18.286502752288159,-208.20740765966003,18.254522407117596,-63.40077014755025,15.398625083439987,16.561582404216467,17.931098748754648,-104.01048638630516,16.752242304944187,38.172481524641629,16.56049193236297,-5.9330411428907159,16.257749229341706,-82.01176414742054,307.13233407581586,302.6664248198906,0.0,0.0,0.0,0.0,0.0,0.0,0.0,0.0,0.0,0.0,0.0,0.0,0.0,0.0,0.0,0.0,0.0,0.0,0.0,0.0,0.0,0.0,0.08587854544555337,0.02621445221170738,167.97953027965836,200.99485102761975,2038.655074615766,0.0,0.0,111.899003636734,133.7496771351381,1389.929909275038,0.10911189511802272,0.02061827194218117,192.8785415669834,230.76412619228339,2319.731973758503,0.03012673326461375,0.005692882325134872,113.14524577228952,135.3814922493379,1372.3720577414859,0.0,0.0,8.026357814971373,9.687231865933882,55.29769322124518,0.0,0.0,56.032749593555298,67.11149093121598,634.5850501165205,0.0,0.0,209.1336960133687,251.2177134715006,2016.7596454948035,0.0,0.0,7.3409694886248959,8.824743182280706,67.1627086693574,0.0,0.0,124.25846994922495,149.68056407220497,998.5010833081593,38.47999019940859,26.392311522228128,223.52275767608814,268.1631866316546,2785.8874809695346,0.0,0.0,126.77262531409139,152.90223483994573,927.605726485889,0.0,18.113258103861786,53.79156903625755,22.0,30.0,0.0,18.2611753119427,53.29220511203546,16.0,30.0,0.0,18.062673403543188,53.959524990062678,22.0,30.0,0.0,18.108697539495048,53.80390337325188,16.0,30.0,0.0,15.474342135749309,63.593686337321837,12.0,30.0,0.0,17.69034019011353,55.23025798112113,16.0,30.0,0.0,16.84622346828037,58.264810831656607,10.0,30.0,0.0,16.599396155437508,59.18472907505399,12.0,30.0,0.0,16.04392345467484,61.31344764135999,12.0,30.0,0.0,17.353534268000219,0.0,0.0,0.0,15.673089731555134,0.0,0.0,482.37766141375149,469.8276485453722,480.926299394336,488.20392826806678,534.222806114746,522.225041427434,515.0497499941291,535.1381910022224,526.3185263661601,0.0,80.28878138391318,80.28878138391318,60.0,0.0,60.0,60.0,16.0,16.0,16.0,12.0,12.0,12.0,21.0,10.0,0.0,0.0,0.0,0.0,0.0,0.0,0.0,0.0,0.0,0.0,0.0,0.0,0.0,80.28878138391318,80.28878138391318,0.0,0.0,0.0,80.28878138391318,0.0,0.0,0.0024866666666666667 
 03/07  11:10:00,12.288333333333334,77.83333333333334,6.871666666666666,166.0,294.0,0.0,0.0,0.0,0.0,0.0,0.0,0.0,0.0,0.0,0.0,313.0,0.0,930.7690861774213,66.76105373181244,171.0737042630714,27.90895172813071,742.8400851030531,0.0,66.76105373181241,91.26742192425258,0.0,0.0,18.139244771819287,-2.440292390482682,18.74112280692054,-274.0258597982811,18.285655385465405,-97.64050481466097,18.262189890519225,-26.726984000907579,15.427186891005066,16.46203204144112,18.038173948941954,-111.27377502836157,16.76585783905712,40.47073511830513,16.506868369397205,-12.038863146023232,16.29552674898609,-80.07940124946663,244.80533061543884,280.0665358037054,0.0,0.0,0.0,0.0,0.0,0.0,0.0,0.0,0.0,0.0,0.0,0.0,0.0,0.0,0.0,0.0,0.0,0.0,0.0,0.0,0.0,0.0,0.021543310510201476,0.006576102109341109,138.4757080656259,165.1759583966904,1634.1621358312337,0.0,0.0,129.51314457907837,154.3965194203602,1571.3581869968867,0.10869430357852408,0.020539361976289518,54.159921103173648,64.60090843439193,641.3167631451554,0.026513855974845389,0.00501017686599497,58.74814242411216,70.06963391015802,696.4303370168658,0.0,0.0,7.977606229284638,9.601645970398553,52.87236514867597,0.0,0.0,56.7233369315199,67.73689686253742,634.4229312458501,0.0,0.0,206.75884523931564,247.67447756347768,1939.3454966016194,0.0,0.0,8.125256185889377,9.745072947637789,70.44878231200609,0.0,0.0,121.05007660854011,145.39030131516334,948.7451044184336,38.02696133924922,26.081592139402767,137.91546252231718,165.01858015601924,1758.2084071327579,0.0,0.0,126.65115906861145,152.2863804903693,914.3453561972249,0.0,18.116386821601656,53.78529919313861,22.0,30.0,0.0,18.2847082592942,53.205197193461177,16.0,30.0,0.0,18.125574386617865,53.74254927165397,22.0,30.0,0.0,18.141564894987249,53.70015963277541,16.0,30.0,0.0,15.513034215431612,63.44474157080761,12.0,30.0,0.0,17.788155544661149,54.90118027971439,16.0,30.0,0.0,16.88281766427978,58.13497526738065,10.0,30.0,0.0,16.528497003542936,59.45894960589969,12.0,30.0,0.0,16.11368489133488,61.05211851917595,12.0,30.0,0.0,17.218300965301997,0.0,0.0,0.0,15.79306373544431,0.0,0.0,474.94445105546978,460.87000942924439,470.56639031469487,493.14580829213028,527.1436501895164,517.2971588572507,510.1745468088659,528.9708803735704,516.7777797522969,0.0,80.28878138391318,80.28878138391318,60.0,0.0,60.0,60.0,16.0,16.0,16.0,12.0,12.0,12.0,21.0,10.0,0.0,0.0,0.0,0.0,0.0,0.0,0.0,0.0,0.0,0.0,0.0,0.0,0.0,80.28878138391318,80.28878138391318,0.0,0.0,0.0,80.28878138391318,0.0,0.0,0.00248 
 03/07  11:20:00,12.456666666666667,76.66666666666667,6.823333333333334,163.0,321.50000000000008,0.0,0.0,0.0,0.0,0.0,0.0,0.0,0.0,0.0,0.0,313.0,0.0,1013.7553320811821,66.90669682640727,171.4470001686623,30.397264331843276,809.0706368184965,0.0,66.90669682640724,91.46652707645909,0.0,0.0,18.113795646908267,-0.10566409176317393,18.82370027020504,-284.3878748468196,18.310124282297843,-14.697309080377864,18.280749405508528,-23.281396341145155,15.454833269098302,16.821994551250385,18.147405906904415,-122.03268960372725,16.78064490875863,49.66592365586075,16.462843169292627,-13.658483013502917,16.327377546903244,-63.63725797639336,183.48863044553856,255.3561921326327,0.0,0.0,0.0,0.0,0.0,0.0,0.0,0.0,0.0,0.0,0.0,0.0,0.0,0.0,0.0,0.0,0.0,0.0,0.0,0.0,0.0,0.0,0.0,0.0,134.82294498249707,160.84211746197233,1544.099577771044,0.0,0.0,125.875781921269,150.06079810559099,1494.3648775733482,0.08362926210281416,0.01580295958103065,7.405856676396717,8.831699763249148,87.43742549859904,0.008559870774073678,0.001617511484140906,6.458526231624536,7.703047585532063,74.97607496143671,0.0,0.0,8.014286811350415,9.645878487799381,50.92903200150024,0.0,0.0,58.60372293377542,69.9699747360605,645.9420599608881,0.0,0.0,207.39952136371728,248.44193845722649,1890.1129104673956,0.0,0.0,10.853673078972103,13.02150186871988,89.23244326976446,0.0,0.0,117.21211824112923,140.77091724651766,892.0577915724405,37.617225345300159,25.80056608045279,86.72621138475157,103.83589352256334,1164.8897400157478,0.0,0.0,125.49984628763267,150.8630009265005,891.4072865773625,0.0,18.11270547649523,53.79084671320749,22.0,30.0,0.0,18.32398780337403,53.037947028915038,16.0,30.0,0.0,18.22456777719805,53.41648572633936,22.0,30.0,0.0,18.183619342046755,53.56371694404709,16.0,30.0,0.0,15.547716141721255,63.31194607734988,12.0,30.0,0.0,17.87732938354788,54.59969289211636,16.0,30.0,0.0,16.920070464500954,58.007694352857189,10.0,30.0,0.0,16.474900163175549,59.67033787999701,12.0,30.0,0.0,16.17086178302374,60.83875796798832,12.0,30.0,0.0,17.07597688025253,0.0,0.0,0.0,15.905161186503142,0.0,0.0,466.37380917375148,464.5512042595169,477.5638954707842,496.11090398709009,522.0342037052387,510.92940813432116,506.24664501142578,524.0004411449006,516.5292176437348,0.0,80.28878138391318,80.28878138391318,60.0,0.0,60.0,60.0,16.0,16.0,16.0,12.0,12.0,12.0,21.0,10.0,0.0,0.0,0.0,0.0,0.0,0.0,0.0,0.0,0.0,0.0,0.0,0.0,0.0,80.28878138391318,80.28878138391318,0.0,0.0,0.0,80.28878138391318,0.0,0.0,0.002483333333333333 
 03/07  11:30:00,12.625,75.5,6.775,160.0,349.0,0.0,0.0,0.0,0.0,0.0,0.0,0.0,0.0,0.0,0.0,626.0,0.0,1160.5662731897419,68.0970478363401,174.49730129518626,34.79932681258386,926.2389698058119,0.0,68.09704783634006,93.09382715320624,0.0,0.0,18.101662915985984,16.968964289587804,18.930236008339234,-307.6117897837371,18.250863890661173,-109.69228912930999,18.270287475475905,-82.31441632835299,15.486393051713645,17.646663470110839,18.277725794529795,-129.8518762509218,16.79825969496857,63.51340196593719,16.430584378450143,-12.101462182919903,16.35976871886954,-36.48843820855063,271.4762801263755,236.0854641408398,0.0,0.0,0.0,0.0,0.0,0.0,0.0,0.0,0.0,0.0,0.0,0.0,0.0,0.0,0.0,0.0,0.0,0.0,0.0,0.0,0.0,0.0,0.0,0.0,169.27212443800233,202.58862304759885,1886.6768646856174,0.0,0.0,135.10937623631257,161.5016731133798,1568.3195586467946,0.04539413780292409,0.008577879403424813,97.84654625806037,117.06493372255284,1092.7788656862722,0.0,0.0,71.43141266489006,85.38576090493668,799.2346866823637,0.0,0.0,8.033231912840206,9.695664675475755,48.84061228074465,0.0,0.0,60.9313946168443,72.93780567512909,661.0900770731198,0.0,0.0,207.8411987790691,249.66274015886294,1838.8599939931647,0.0,0.0,13.20399223012123,15.887439331431164,103.11119633609161,0.0,0.0,113.56383729294157,136.7644901827436,837.4329757180215,37.29642910952952,25.58054122738651,186.2366902202287,223.3705560541198,2164.7324500922597,0.0,0.0,124.45089109105672,149.97726455229589,870.8776062218529,0.0,18.132027402857326,53.66565798377934,22.0,30.0,0.0,18.363295798943086,52.84083037286439,16.0,30.0,0.0,18.14039075082217,53.64313379126713,22.0,30.0,0.0,18.16353106651119,53.58795390712395,16.0,30.0,0.0,15.582562571271513,63.17900192689149,12.0,30.0,0.0,17.963377564099479,54.31060422824386,16.0,30.0,0.0,16.959323295907767,57.86356938076892,10.0,30.0,0.0,16.44159754574312,59.80480474168948,12.0,30.0,0.0,16.224957899124584,60.636579093775988,12.0,30.0,0.0,17.406617834121037,0.0,0.0,0.0,16.024360391892246,0.0,0.0,467.89463876569746,462.2797951681929,474.04622817279178,480.2715351876294,517.8716142700116,506.10464585820776,501.731781699006,518.7962602871654,509.7947207053869,0.0,80.28878138391318,80.28878138391318,60.0,0.0,60.0,60.0,16.0,16.0,16.0,12.0,12.0,12.0,21.0,10.0,0.0,0.0,0.0,0.0,0.0,0.0,0.0,0.0,0.0,0.0,0.0,0.0,0.0,80.28878138391318,80.28878138391318,0.0,0.0,0.0,80.28878138391318,0.0,0.0,0.0024866666666666667 
 03/07  11:40:00,12.793333333333333,74.33333333333334,6.726666666666667,158.5,374.83333333333339,0.0,0.0,0.0,0.0,0.0,0.0,0.0,0.0,0.0,0.0,313.0,0.0,1253.4059108417119,68.6019345451041,175.7911425727852,37.583088739209348,1000.3334102740987,0.0,68.60193454510406,93.78404556194825,0.0,0.0,18.09883469950987,28.64485080378381,19.058400027617659,-336.8832749048288,18.231850518985796,-82.60320594138739,18.26802274778214,-21.322997811836559,15.52785782925869,17.442368880833926,18.431773284440014,-144.0755061858149,16.823757416581416,65.11585586721503,16.39476284924863,-10.387464085801298,16.404973114065336,-37.40572475537829,244.72971669444906,214.44223325303575,0.0,0.0,0.0,0.0,0.0,0.0,0.0,0.0,0.0,0.0,0.0,0.0,0.0,0.0,0.0,0.0,0.0,0.0,0.0,0.0,0.0,0.0,0.0,0.0,169.26952672558785,201.9582933819258,1840.5670411086019,0.0,0.0,157.1883805298358,187.35813925701536,1800.6670824983972,0.0,0.0,70.37739271879411,83.97421214097455,762.6650583941909,0.013888459524536231,0.0026244254581512147,69.5791779075713,83.01147029850331,758.2973251799051,0.0,0.0,8.006285150923125,9.635722338233025,46.8484977046696,0.0,0.0,62.200272803759208,74.22506014620653,671.6271779194955,0.0,0.0,207.53290994612889,248.59058112076989,1787.055266303518,0.0,0.0,14.41626483826539,17.304693779028228,106.45310954914494,0.0,0.0,111.32292144313021,133.67292645927416,800.0074475505111,36.86572416989084,25.28513317550813,164.17561343627777,196.40346543834577,1875.2195263874042,0.0,0.0,123.56939393177994,148.45713770728043,853.1101841629513,0.0,18.16271726443652,53.530737719180937,22.0,30.0,0.0,18.455935015786769,52.488389123754668,16.0,30.0,0.0,18.144199530773454,53.56830862020169,22.0,30.0,0.0,18.1740677554813,53.57157356549009,16.0,30.0,0.0,15.638022403647142,62.96029989077483,12.0,30.0,0.0,18.10602409512664,53.82316789190293,16.0,30.0,0.0,17.009697604057107,57.661248093199308,10.0,30.0,0.0,16.398319929043944,59.97727539806598,12.0,30.0,0.0,16.299946613161035,60.35297624050359,12.0,30.0,0.0,17.39646102577279,0.0,0.0,0.0,16.14620951452657,0.0,0.0,468.2434196891793,460.33382762648025,466.6332466625824,483.6651702598484,511.43093960377908,500.72474239291059,496.5566642152149,510.5308838801485,504.00285721506597,0.0,80.28878138391318,80.28878138391318,60.0,0.0,60.0,60.0,16.0,16.0,16.0,12.0,12.0,12.0,21.0,10.0,0.0,0.0,0.0,0.0,0.0,0.0,0.0,0.0,0.0,0.0,0.0,0.0,0.0,80.28878138391318,80.28878138391318,0.0,0.0,0.0,80.28878138391318,0.0,0.0,0.00249 
 03/07  11:50:00,12.961666666666668,73.16666666666666,6.678333333333334,157.0,400.66666666666665,0.0,0.0,0.0,0.0,0.0,0.0,0.0,0.0,0.0,0.0,313.0,0.0,1348.7873889885873,69.10195305051775,177.07250783342338,40.443066192436557,1076.456463027192,0.0,69.10195305051772,94.4676087676287,0.0,0.0,18.102686559851905,42.993693681295557,19.174010485779769,-380.4603130661626,18.242170276097704,-19.199184256065565,18.240860556151938,-86.68560882490351,15.566810303008668,17.75030313784532,18.581004144516187,-160.03309168468787,16.85056512445666,75.1666831084558,16.369832162660708,-7.113738219282141,16.441053196685709,-24.208003683927929,246.35136874242654,192.18073917733183,0.0,0.0,0.0,0.0,0.0,0.0,0.0,0.0,0.0,0.0,0.0,0.0,0.0,0.0,0.0,0.0,0.0,0.0,0.0,0.0,0.0,0.0,0.0,0.0,173.34146651559886,206.81862634051073,1839.1292083670797,0.0,0.0,167.25289392379103,199.34405718553882,1878.3908202550345,0.047126575939232018,0.00890524866576569,59.213351263311199,70.64692507799086,628.9948495295378,0.0,0.0,53.36647282352016,63.69157148261825,557.4155526580596,0.0,0.0,8.048511858769543,9.686202244199773,45.11339579516153,0.0,0.0,64.71890985810976,77.20842018089094,692.6036063578307,0.0,0.0,208.3316682927277,249.53548729311948,1744.3304268385649,0.0,0.0,15.675395053572485,18.820146566782858,109.61390469605337,0.0,0.0,108.58088041853233,130.37194149209564,755.5247816746612,36.48247186125654,25.022271509778159,175.66938240915898,210.13269288095766,1935.9234265315452,0.0,0.0,122.3675064753458,146.97166853242946,832.5508775141884,0.0,18.200762378092198,53.35469927285133,22.0,30.0,0.0,18.513562678103559,52.226409549860189,16.0,30.0,0.0,18.202860001720749,53.46230284724327,22.0,30.0,0.0,18.11786513651166,53.60355735427598,16.0,30.0,0.0,15.685824992477114,62.76766926165047,12.0,30.0,0.0,18.228428228337046,53.39888742888939,16.0,30.0,0.0,17.06105235929065,57.47865154433474,10.0,30.0,0.0,16.37365084894712,60.07480021422034,12.0,30.0,0.0,16.35647925546821,60.134280976638979,12.0,30.0,0.0,17.465570570106079,0.0,0.0,0.0,16.266333171912355,0.0,0.0,463.3871265999247,459.27064020540606,481.75870604729325,467.31635623130287,506.78321943327605,496.3995583058465,494.6366855218606,505.4647419345694,500.76481392149398,0.0,80.28878138391318,80.28878138391318,60.0,0.0,60.0,60.0,16.0,16.0,16.0,12.0,12.0,12.0,21.0,10.0,0.0,0.0,0.0,0.0,0.0,0.0,0.0,0.0,0.0,0.0,0.0,0.0,0.0,80.28878138391318,80.28878138391318,0.0,0.0,0.0,80.28878138391318,0.0,0.0,0.00249 
 03/07  12:00:00,13.13,72.0,6.63,155.5,426.5,0.0,0.0,0.0,0.0,0.0,0.0,0.0,0.0,0.0,0.0,313.0,0.0,1446.308943744336,69.5919334895379,178.32814894002133,43.367212397958109,1154.2874837216812,0.0,69.59193348953787,95.13744917551569,0.0,0.0,18.10859006392173,53.45949925547666,19.305994741007006,-398.5110942859119,18.17453136897221,-117.96603127545359,18.264991983427117,-15.04877234663627,15.608655887475738,18.15913454653287,18.738495018329347,-174.99479020721766,16.880801419206084,83.50494814940157,16.351109132314435,-3.1892582728510208,16.479085120250539,-11.581133539128132,259.2165414976671,173.90888525283345,0.0,0.0,0.0,0.0,0.0,0.0,0.0,0.0,0.0,0.0,0.0,0.0,0.0,0.0,0.0,0.0,0.0,0.0,0.0,0.0,0.0,0.0,0.0,0.0,178.25764483186678,212.6886775324778,1843.589753608554,0.0,0.0,173.00971497307743,206.17490560274397,1913.1597131027748,0.0,0.0,89.78018639993226,107.17464418929153,903.0889147891389,0.023316636267653135,0.004406015923592806,94.97892814829969,113.34308737412894,971.3838019624695,0.0,0.0,8.081935136096858,9.725983621651672,43.359377475169548,0.0,0.0,66.76185505226198,79.62065983596564,708.9835420465919,0.0,0.0,210.08636116981564,251.62374697969444,1710.233362026971,0.0,0.0,17.09277750713923,20.525693607324337,113.13862823653975,0.0,0.0,107.58862552225908,129.17178187002365,724.3774957664646,36.11145853509181,24.76780420788191,216.59274377784414,259.0231851774783,2275.3791105027396,0.0,0.0,122.65564176251289,147.27132384146669,824.365210452732,0.0,18.23686744498096,53.16528480960201,22.0,30.0,0.0,18.597329157232769,51.912467448517968,16.0,30.0,0.0,18.094421315033835,53.610260622005537,22.0,30.0,0.0,18.177795088528357,53.544350511547268,16.0,30.0,0.0,15.736619414690307,62.56370477857438,12.0,30.0,0.0,18.35783329975098,52.965287552688369,16.0,30.0,0.0,17.115324427388964,57.26531080771712,10.0,30.0,0.0,16.357929749868285,60.128533727085457,12.0,30.0,0.0,16.414419036518276,59.90243086038625,12.0,30.0,0.0,17.575352338394976,0.0,0.0,0.0,16.39510909914083,0.0,0.0,462.11452056553818,459.73366106863656,463.1538329656151,481.6690702895602,502.84539543895758,493.9683538367843,490.79394846074987,500.6168641247448,496.97325517711269,0.0,80.28878138391318,80.28878138391318,60.0,0.0,60.0,60.0,16.0,16.0,16.0,12.0,12.0,12.0,21.0,10.0,0.0,0.0,0.0,0.0,0.0,0.0,0.0,0.0,0.0,0.0,0.0,0.0,0.0,80.28878138391318,80.28878138391318,0.0,0.0,0.0,80.28878138391318,0.0,0.0,0.00249 
 03/07  12:10:00,13.191666666666669,71.33333333333333,6.78,154.0,452.33333333333339,0.0,0.0,0.0,0.0,0.0,0.0,0.0,0.0,0.0,0.0,313.0,0.0,1545.5505652305342,70.06639262865443,179.54401476331379,46.34293348528456,1233.4912660931994,0.0,70.06639262865439,95.78607078969088,0.0,0.0,18.13327874252742,74.40464105727824,19.43270941893397,-445.4280810231903,18.19748154122029,-5.1041605432683359,18.23426397609048,-88.8660512886363,15.653159272594529,18.731824744924098,18.900419203168377,-190.7434156278605,16.91496907136397,92.2530289541628,16.33730187908442,1.7086876022647176,16.518423759567037,1.784784393379141,253.06833916576034,156.19558112848427,0.0,0.0,0.0,0.0,0.0,0.0,0.0,0.0,0.0,0.0,0.0,0.0,0.0,0.0,0.0,0.0,0.0,0.0,0.0,0.0,0.0,0.0,0.0,0.0,205.11110336650777,244.7367948600481,2124.304615923364,0.0,0.0,201.00882931100146,239.55026271229839,2225.339034722121,0.06910598547858402,0.013058576243118677,184.29932465253328,219.99337774549248,1863.4490078466077,0.005975965667075839,0.0011292452129772935,73.68951112346562,87.98404926508958,735.1062094490893,0.0,0.0,8.162194232438742,9.823313191548545,43.65200236747265,0.0,0.0,69.08930984168825,82.38008951701075,743.6890917870883,0.0,0.0,212.11264288421394,254.06605075604885,1725.6213700297697,0.0,0.0,18.786942096415446,22.566548332602524,121.74159953484936,0.0,0.0,106.80540958204523,128.2381005391986,718.7779336166908,36.54356445098261,25.0641731488221,229.01874532119698,273.95659224060628,2360.612936408438,0.0,0.0,123.06232276576788,147.73193592170049,844.0900988931302,0.0,18.305631168304357,52.901134062764949,22.0,30.0,0.0,18.665173884381937,51.649335746121789,16.0,30.0,0.0,18.180113486106135,53.44417795382095,22.0,30.0,0.0,18.113679185278597,53.520091201175379,16.0,30.0,0.0,15.789814383304864,62.35485319745045,12.0,30.0,0.0,18.49204821173195,52.51294820218948,16.0,30.0,0.0,17.174205840714106,57.03749454714197,10.0,30.0,0.0,16.350473045151284,60.16333311842281,12.0,30.0,0.0,16.474419599439935,59.681818996986539,12.0,30.0,0.0,17.579266660123559,0.0,0.0,0.0,16.52521334002494,0.0,0.0,461.896396083236,458.79518291245349,470.66598239887926,463.4604995086084,499.0697676952573,490.26154953917736,488.0395626420271,497.1170225446569,494.5527972343714,0.0,80.28878138391318,80.28878138391318,60.0,0.0,60.0,60.0,16.0,16.0,16.0,12.0,12.0,12.0,21.0,10.0,0.0,0.0,0.0,0.0,0.0,0.0,0.0,0.0,0.0,0.0,0.0,0.0,0.0,80.28878138391318,80.28878138391318,0.0,0.0,0.0,80.28878138391318,0.0,0.0,0.00249 
 03/07  12:20:00,13.253333333333336,70.66666666666667,6.930000000000001,152.5,478.16666666666665,0.0,0.0,0.0,0.0,0.0,0.0,0.0,0.0,0.0,0.0,313.0,0.0,1646.0795231534583,70.51957909508254,180.7053670862863,49.35725416956501,1313.722451861487,0.0,70.5195790950825,96.40561104751858,0.0,0.0,18.152062055457685,81.97006212798624,19.566511378911295,-477.1809124534939,18.210982712987297,-0.23173955134279823,18.255899981463636,-15.881168183471346,15.700616908788728,19.4748905728772,19.06884761779574,-207.6833813554822,16.956607748426078,102.90438599093977,16.328958654474577,7.161840168418394,16.559807199976555,14.764976844910507,222.72006960281488,140.27081246448143,0.0,0.0,0.0,0.0,0.0,0.0,0.0,0.0,0.0,0.0,0.0,0.0,0.0,0.0,0.0,0.0,0.0,0.0,0.0,0.0,0.0,0.0,0.0,0.0,205.4124196509723,245.12101364213286,2122.399866727841,0.0,0.0,201.97432202948435,240.70511981305595,2242.1357741924418,0.09180790950533487,0.01734843339103078,120.07800372966874,143.35028877335024,1211.5675748021614,0.03669640237410452,0.006934316397223074,94.86027241187733,113.2653033474321,945.7227998243055,0.0,0.0,8.302744716634292,9.99313246311816,44.31335500429172,0.0,0.0,71.16722922443472,84.83974574037832,776.9732568290046,0.0,0.0,214.79030057855429,257.2787841905408,1751.04412816133,0.0,0.0,20.13233354763468,24.188904140046778,127.97118472049381,0.0,0.0,106.55803068350626,127.94730881400369,717.1596629416085,37.00099092614877,25.37790872849711,163.3304468112868,195.4872119405746,1724.9556485799254,0.0,0.0,123.6902033574645,148.45907941863923,864.9891085720534,0.0,18.354764271728184,52.696514116063088,22.0,30.0,0.0,18.74184749308371,51.31042625546728,16.0,30.0,0.0,18.228966937384209,53.182214810209689,22.0,30.0,0.0,18.17050864968043,53.485027150177568,16.0,30.0,0.0,15.845988613612273,62.12864040166085,12.0,30.0,0.0,18.630737011059645,52.045375239477909,16.0,30.0,0.0,17.244146366319787,56.777193854994418,10.0,30.0,0.0,16.3506719723844,60.159980818595737,12.0,30.0,0.0,16.536155869371176,59.44065600075983,12.0,30.0,0.0,17.501409619083419,0.0,0.0,0.0,16.653391569021186,0.0,0.0,460.8308020784073,457.19470032873718,463.49720110094179,471.3854848215365,495.50770423827518,487.4297199533404,485.6847003747569,493.36737697524617,491.0663313547632,0.0,80.28878138391318,80.28878138391318,60.0,0.0,60.0,60.0,16.0,16.0,16.0,12.0,12.0,12.0,21.0,10.0,0.0,0.0,0.0,0.0,0.0,0.0,0.0,0.0,0.0,0.0,0.0,0.0,0.0,80.28878138391318,80.28878138391318,0.0,0.0,0.0,80.28878138391318,0.0,0.0,0.0024699999999999997 
 03/07  12:30:00,13.315000000000002,70.0,7.08,151.0,504.0,0.0,0.0,0.0,0.0,0.0,0.0,0.0,0.0,0.0,0.0,313.0,0.0,1747.457122170927,70.94551514145123,181.79688762588513,52.39702030800464,1394.630922116995,0.0,70.94551514145118,96.98789791514113,0.0,0.0,18.176430644317987,94.70316472669583,19.68649097612505,-543.1568989054886,18.217511147402154,3.4694417111713848,18.27802591254605,-14.190800394381313,15.751067063989089,20.188667358953127,19.244656644590589,-223.91245038399667,16.998573990106605,110.14771782427397,16.32561552781487,12.890862450441887,16.60289239867056,27.057652650461479,234.21134494796207,127.94919431882318,0.0,0.0,0.0,0.0,0.0,0.0,0.0,0.0,0.0,0.0,0.0,0.0,0.0,0.0,0.0,0.0,0.0,0.0,0.0,0.0,0.0,0.0,0.0,0.0,211.61001364945219,252.53811468359636,2184.4246878136007,0.0,0.0,208.71544355235899,248.77464944174796,2308.7147211723265,0.10830640252772322,0.02046606245799759,121.47836889827126,145.04512524697717,1218.7569686026973,0.03485505747355939,0.006586367625389149,81.46225896504834,97.28117199898048,808.7677752565923,0.0,0.0,8.40404776461382,10.11563426302872,44.81328257646031,0.0,0.0,73.08188082951782,87.1017687189968,810.0554517968599,0.0,0.0,217.584124423843,260.63416860378978,1776.0842500570209,0.0,0.0,21.374760453076179,25.687805215875924,133.51328433107714,0.0,0.0,107.01952503536389,128.50733885415938,720.5554984796405,37.47909219152995,25.70582454837446,169.60734891338073,203.01575756684796,1779.75612847839,0.0,0.0,125.12591726711655,150.1557604720264,891.5664402580211,0.0,18.41143003676625,52.42054882874773,22.0,30.0,0.0,18.783339747540415,51.060650962685489,16.0,30.0,0.0,18.261094004385784,53.032697981239909,22.0,30.0,0.0,18.210918212547385,53.272875642407537,16.0,30.0,0.0,15.905144041469378,61.88841830803584,12.0,30.0,0.0,18.77613615683804,51.56104680343417,16.0,30.0,0.0,17.310825331871106,56.52130471161671,10.0,30.0,0.0,16.357558041080954,60.1224584374097,12.0,30.0,0.0,16.599020991541285,59.19024149151358,12.0,30.0,0.0,17.554764687663995,0.0,0.0,0.0,16.780608840538148,0.0,0.0,459.0875509235864,456.38108498320266,462.1913713495894,465.70736890830286,492.28819220600959,484.89715849219649,483.0383242996722,490.0751471923185,488.2394065341679,0.0,80.28878138391318,80.28878138391318,60.0,0.0,60.0,60.0,16.0,16.0,16.0,12.0,12.0,12.0,21.0,10.0,0.0,0.0,0.0,0.0,0.0,0.0,0.0,0.0,0.0,0.0,0.0,0.0,0.0,80.28878138391318,80.28878138391318,0.0,0.0,0.0,80.28878138391318,0.0,0.0,0.00245 
 03/07  12:40:00,13.376666666666669,69.33333333333333,7.23,148.0,501.66666666666665,0.0,0.0,0.0,0.0,0.0,0.0,0.0,0.0,0.0,0.0,313.0,0.0,1772.2644758842535,69.87078971577853,179.0429259171703,53.14085014894523,1414.4293349975447,0.0,69.8707897157785,95.51866677820282,0.0,0.0,18.19082312526262,97.03084881654832,19.798285576384314,-544.050385689271,18.222351620080905,11.29662797158744,18.293469213557743,-13.397312279140352,15.797385540206865,21.024899755846833,19.39231173689441,-240.2201550801833,17.044554785950639,119.01132748347936,16.326176713550344,18.8104571675442,16.646630668837586,38.91399240552391,233.12823411207592,116.42566405124217,0.0,0.0,0.0,0.0,0.0,0.0,0.0,0.0,0.0,0.0,0.0,0.0,0.0,0.0,0.0,0.0,0.0,0.0,0.0,0.0,0.0,0.0,0.0,0.0,207.6591573616105,247.8662613034409,2131.5205826917465,0.0,0.0,205.1059449261615,244.47094956533696,2275.570001017717,0.12817639200763124,0.024220784581940909,128.3067103257799,153.22621919821993,1278.7993576638413,0.0374227817364093,0.0070715762918384899,78.45963421210178,93.71157595786578,773.8466912097524,0.0,0.0,8.53178298293207,10.270142693183959,45.37125851689393,0.0,0.0,75.13561628038858,89.5328088121202,843.2933806874157,0.0,0.0,220.30791277507647,263.90112708557145,1803.3024640382435,0.0,0.0,22.464001275961047,27.002763724638336,138.08979972261984,0.0,0.0,107.15381733847888,128.67423244658549,721.8491377084224,37.93401932090071,26.017845899108865,165.50806772903563,198.15155515843748,1731.7026842558874,0.0,0.0,126.10159216183071,151.30460088611145,912.9938829912659,0.0,18.443536765968667,52.20270137776654,22.0,30.0,0.0,18.861420247304055,50.80611869337509,16.0,30.0,0.0,18.28890775184531,52.85353118388709,22.0,30.0,0.0,18.239435416303846,53.13298737368635,16.0,30.0,0.0,15.959562710935979,61.66384908300769,12.0,30.0,0.0,18.90783482723644,51.118213322256547,16.0,30.0,0.0,17.383604778142318,56.2300032803592,10.0,30.0,0.0,16.369945444277254,60.064228787795,12.0,30.0,0.0,16.662345648609656,58.941882702861629,12.0,30.0,0.0,17.575149777822685,0.0,0.0,0.0,16.899208927821826,0.0,0.0,458.17146552415798,458.16585225277108,460.35682872958417,464.05827791520059,489.25538330585996,482.3004780474004,480.56035702314338,487.28531646430738,485.77116733224156,0.0,80.28878138391318,80.28878138391318,60.0,0.0,60.0,60.0,16.0,16.0,16.0,12.0,12.0,12.0,21.0,10.0,0.0,0.0,0.0,0.0,0.0,0.0,0.0,0.0,0.0,0.0,0.0,0.0,0.0,80.28878138391318,80.28878138391318,0.0,0.0,0.0,80.28878138391318,0.0,0.0,0.00243 
 03/07  12:50:00,13.438333333333333,68.66666666666667,7.38,145.0,499.33333333333339,0.0,0.0,0.0,0.0,0.0,0.0,0.0,0.0,0.0,0.0,313.0,0.0,1793.625860774041,68.76545037873869,176.2105137476779,53.78135383832364,1431.477551949576,0.0,68.76545037873867,94.00758410343944,0.0,0.0,18.221584815659079,113.50836850226006,19.887853396064338,-590.1936660831598,18.22328130403583,15.631515425801809,18.30566352444507,-11.564452806310328,15.842433425096518,21.738199520463753,19.530337117769379,-252.6109732837922,17.087695293085873,124.41910869598996,16.330082466505364,24.48595577384833,16.690792073408397,49.49411386942393,243.990796027525,108.89981008249197,0.0,0.0,0.0,0.0,0.0,0.0,0.0,0.0,0.0,0.0,0.0,0.0,0.0,0.0,0.0,0.0,0.0,0.0,0.0,0.0,0.0,0.0,0.0,0.0,220.77237651766803,263.5305505315576,2266.8664423384959,0.0,0.0,219.2079869889508,261.31746760077,2423.022039028407,0.1444780700489778,0.027301222609406249,130.9240618251356,156.38677336222177,1293.5589939528264,0.0397621040657711,0.007513625106910637,76.82930789657327,91.78268139509463,751.7842955204033,0.0,0.0,8.578695954531565,10.32751270456151,45.43750282647376,0.0,0.0,76.78405572005319,91.48279705532136,871.2450733098771,0.0,0.0,222.35250516655877,266.3625609381519,1821.3316569497159,0.0,0.0,23.408821703477007,28.144297443237158,141.76418271927742,0.0,0.0,107.68556128279792,129.3189461886395,725.6676980355909,38.23412835101161,26.22368199657862,179.32826064022513,214.7119174502001,1852.1066735888647,0.0,0.0,127.37824693125494,152.8198850833081,934.3013474749264,0.0,18.506666492995895,51.986862490520859,22.0,30.0,0.0,18.9021448906688,50.56540431826855,16.0,30.0,0.0,18.306455581111405,52.68653862052608,22.0,30.0,0.0,18.26162819446718,52.983332556578648,16.0,30.0,0.0,16.010561263242456,61.446137111242887,12.0,30.0,0.0,19.031325831170585,50.69851651541468,16.0,30.0,0.0,17.44799618139366,55.96455850942588,10.0,30.0,0.0,16.38631870860727,59.98580124228937,12.0,30.0,0.0,16.724956414830346,58.689446914200328,12.0,30.0,0.0,17.637124411520259,0.0,0.0,0.0,17.007836637835955,0.0,0.0,459.5578793658494,455.23304384822947,459.3479357951169,462.326291205928,486.39500884295446,479.9276323771589,478.5106205875526,484.54584363417606,483.1718152916611,0.0,80.28878138391318,80.28878138391318,60.0,0.0,60.0,60.0,16.0,16.0,16.0,12.0,12.0,12.0,21.0,10.0,0.0,0.0,0.0,0.0,0.0,0.0,0.0,0.0,0.0,0.0,0.0,0.0,0.0,80.28878138391318,80.28878138391318,0.0,0.0,0.0,80.28878138391318,0.0,0.0,0.0024333333333333335 
 03/07  13:00:00,13.5,68.0,7.53,142.0,497.0,0.0,0.0,0.0,0.0,0.0,0.0,0.0,0.0,0.0,0.0,313.0,0.0,1811.5816237855302,67.62952129216618,173.2997131107781,54.31974116976552,1445.807773550133,0.0,67.62952129216615,92.45468292191056,0.0,0.0,18.239508314704389,113.56263415476679,19.990358066849028,-582.362293886481,18.22935763826063,29.738161732499976,18.31445392362218,-11.017555280717716,15.886875436299706,22.42439355434965,19.659723700004439,-265.5271294165541,17.13454628831613,132.04560314894116,16.33663302115925,29.78938009974638,16.73450677778498,58.291454462653749,234.75538969488935,102.41312968477996,0.0,0.0,0.0,0.0,0.0,0.0,0.0,0.0,0.0,0.0,0.0,0.0,0.0,0.0,0.0,0.0,0.0,0.0,0.0,0.0,0.0,0.0,0.0,0.0,214.75889393715716,256.3969750823267,2192.5112919413288,0.0,0.0,213.36943367883397,254.35889496558688,2366.346871405907,0.1767523811830919,0.033399920858482989,146.6808168552689,175.2384004940827,1439.048526127227,0.04533638785377818,0.008566966714621726,74.94437467776884,89.55128790023827,726.5271940909385,0.0,0.0,8.655363111940531,10.420803296744167,45.62321031593548,0.0,0.0,78.19427379280894,93.15156630278644,895.4176784289741,0.0,0.0,224.18754129350723,268.56709242807008,1840.1580481962133,0.0,0.0,24.24097642890799,29.15060909919991,144.72561508630114,0.0,0.0,107.6610691739655,129.2970273383003,725.254761062313,38.084431573610519,26.12100930974659,173.58971842699504,207.89196487282417,1780.8196567701485,0.0,0.0,127.87584666661064,153.40848280205723,946.1696872171493,0.0,18.538606888518424,51.77444988102086,22.0,30.0,0.0,18.982144030057765,50.22311660730851,16.0,30.0,0.0,18.332570586511456,52.585771990773839,22.0,30.0,0.0,18.277078160242735,52.833368855152567,16.0,30.0,0.0,16.059536254087886,61.22914698140026,12.0,30.0,0.0,19.145464050888067,50.30312489885787,16.0,30.0,0.0,17.517930631451248,55.698725109038409,10.0,30.0,0.0,16.405394077584807,59.88495338121632,12.0,30.0,0.0,16.785334921703897,58.433300463157369,12.0,30.0,0.0,17.648676665973015,0.0,0.0,0.0,17.10132531064715,0.0,0.0,456.70821278298038,454.18467351114716,460.42921320494556,461.15822396643258,483.7636263884562,477.75801189658076,476.891249406998,481.92630162817587,480.72352173562669,0.0,80.28878138391318,80.28878138391318,60.0,0.0,60.0,60.0,16.0,16.0,16.0,12.0,12.0,12.0,21.0,10.0,0.0,0.0,0.0,0.0,0.0,0.0,0.0,0.0,0.0,0.0,0.0,0.0,0.0,80.28878138391318,80.28878138391318,0.0,0.0,0.0,80.28878138391318,0.0,0.0,0.002436666666666667 
 03/07  13:10:00,13.476666666666667,67.5,7.36,139.0,494.66666666666665,0.0,0.0,0.0,0.0,0.0,0.0,0.0,0.0,0.0,0.0,313.0,0.0,1826.1835482838074,66.4628908064261,170.31023799787159,54.75756485299034,1457.4613276676956,0.0,66.46289080642606,90.8598106001006,0.0,0.0,18.27470144684588,129.5581876353699,20.070543560536799,-628.1658134573127,18.232743051436658,34.56266820966994,18.322507617667129,-7.525050576243757,15.930996618739052,22.788267079312619,19.783838850706958,-275.15559141616316,17.176631809795916,135.41992465183012,16.344550295264363,34.322203667046327,16.776951161945747,65.41461312968113,242.62579305338478,99.30282179957522,0.0,0.0,0.0,0.0,0.0,0.0,0.0,0.0,0.0,0.0,0.0,0.0,0.0,0.0,0.0,0.0,0.0,0.0,0.0,0.0,0.0,0.0,0.0,0.0,226.70123279333206,270.6135074046754,2354.734871675092,0.0,0.0,226.1744518860357,269.61123101735077,2535.313128760928,0.20400345359035333,0.038549405440354008,148.86846559454549,177.8541357361561,1473.2892661811503,0.052544217110470529,0.009928990383686793,85.04353701091599,101.61960506094049,831.0236170773255,0.0,0.0,8.61003232657337,10.365115151638014,46.62408012718511,0.0,0.0,79.32469740240362,94.46813896351704,929.4328014882152,0.0,0.0,225.52613260544764,270.13355744356496,1888.125601340097,0.0,0.0,24.88854984491324,29.92905523293395,150.78186966264534,0.0,0.0,108.48971526221611,130.27420787804017,748.5192373123588,37.37343858522135,25.633359797819865,187.1246957925094,224.07246672764556,1925.7323654190246,0.0,0.0,129.04426051355984,154.77258578612718,983.5282758114388,0.0,18.60398228969947,51.46144449075876,22.0,30.0,0.0,19.018186623396529,49.98930765503826,16.0,30.0,0.0,18.350823701003898,52.40818569301416,22.0,30.0,0.0,18.29192436055711,52.74267983926584,16.0,30.0,0.0,16.107017646612598,61.00594812450165,12.0,30.0,0.0,19.2554835689398,49.923981220190267,16.0,30.0,0.0,17.575917583751435,55.43513397280068,10.0,30.0,0.0,16.42525978442689,59.760495624560267,12.0,30.0,0.0,16.842513191667888,58.17439818977358,12.0,30.0,0.0,17.707196926823767,0.0,0.0,0.0,17.18827603746459,0.0,0.0,455.5107194065369,453.39698968098699,457.63320193495226,461.55894042064639,481.46410765897499,475.99097274993019,474.5718650147028,479.6458794747775,478.6643115377908,0.0,80.28878138391318,80.28878138391318,60.0,0.0,60.0,60.0,16.0,16.0,16.0,12.0,12.0,12.0,21.0,10.0,0.0,0.0,0.0,0.0,0.0,0.0,0.0,0.0,0.0,0.0,0.0,0.0,0.0,80.28878138391318,80.28878138391318,0.0,0.0,0.0,80.28878138391318,0.0,0.0,0.00244 
 03/07  13:20:00,13.453333333333335,67.0,7.19,136.0,492.33333333333339,0.0,0.0,0.0,0.0,0.0,0.0,0.0,0.0,0.0,0.0,313.0,0.0,1837.4913708116934,65.26533799949157,167.2415224030437,55.0966160705959,1466.485889524906,0.0,65.26533799949154,89.22266512084964,0.0,0.0,18.29482791375631,127.52569996825332,20.16434643515872,-617.4521264936675,18.242948095676164,50.04269507891149,18.329157208358717,-6.035114639885251,15.975411120743207,23.19010981649228,19.90085897215375,-286.8712948382631,17.22273057531384,141.99550638819984,16.353851813548539,38.59697981000397,16.817907889509287,71.37314016204164,232.7231845072065,94.84210078743945,0.0,0.0,0.0,0.0,0.0,0.0,0.0,0.0,0.0,0.0,0.0,0.0,0.0,0.0,0.0,0.0,0.0,0.0,0.0,0.0,0.0,0.0,0.0,0.0,220.03546554761994,262.64942375932426,2309.1131692211799,0.0,0.0,219.5718096506163,261.6914671734172,2504.7210773282288,0.2496367673232967,0.04717248059775072,162.588628715069,194.2394255295612,1626.9668408291657,0.061258067427378517,0.011575598531250661,86.31105827420777,103.13756352953239,849.6224286980474,0.0,0.0,8.639040328362233,10.398942917127327,48.02122680267485,0.0,0.0,80.51091754027088,95.85335184531869,963.4235971084687,0.0,0.0,226.87170600777848,271.70093626301488,1939.8985801116369,0.0,0.0,25.486616864796848,30.647826915182614,156.68406063090945,0.0,0.0,108.47729654029567,130.24260336950599,765.3752453249203,36.670027078210448,25.150910204533923,181.16871087888314,216.95483058142603,1880.5582243612487,0.0,0.0,129.2839502596183,155.02798280901826,1011.7741981105462,0.0,18.633957582161924,51.24633308412403,22.0,30.0,0.0,19.093871223278034,49.656838798002038,16.0,30.0,0.0,18.38120683336779,52.20498218079431,22.0,30.0,0.0,18.303611946353937,52.5954025586158,16.0,30.0,0.0,16.154291479633007,60.77716480248713,12.0,30.0,0.0,19.357474793082905,49.55338982906933,16.0,30.0,0.0,17.64120950750122,55.150987432195787,10.0,30.0,0.0,16.445831137479236,59.64284015765911,12.0,30.0,0.0,16.896330905955009,57.937701620845199,12.0,30.0,0.0,17.710736011618257,0.0,0.0,0.0,17.26623759394174,0.0,0.0,454.6798959297651,453.48259332337576,456.3256291358296,459.096350755226,479.2158519733499,473.82802459675289,472.8090929661123,477.77572877576037,476.8832190891208,0.0,80.28878138391318,80.28878138391318,60.0,0.0,60.0,60.0,16.0,16.0,16.0,12.0,12.0,12.0,21.0,10.0,0.0,0.0,0.0,0.0,0.0,0.0,0.0,0.0,0.0,0.0,0.0,0.0,0.0,80.28878138391318,80.28878138391318,0.0,0.0,0.0,80.28878138391318,0.0,0.0,0.0024466666666666666 
 03/07  13:30:00,13.43,66.5,7.02,133.0,490.0,0.0,0.0,0.0,0.0,0.0,0.0,0.0,0.0,0.0,0.0,313.0,0.0,1845.5690800580288,64.03655631301275,164.0927808889105,55.33881350453339,1472.9325279458108,0.0,64.03655631301273,87.54282739565184,0.0,0.0,18.332022776805905,142.25567987568139,20.233745207887315,-662.5900787440714,18.24973406799574,53.74146155526705,18.337186460251503,-1.1271251063781165,16.01988123689479,23.41901797882457,20.013056042323343,-295.1874825790105,17.264122923887798,144.27166228273746,16.364132136973244,42.39690164751323,16.85784610975992,76.88495320146876,239.85536693300493,92.95781742245981,0.0,0.0,0.0,0.0,0.0,0.0,0.0,0.0,0.0,0.0,0.0,0.0,0.0,0.0,0.0,0.0,0.0,0.0,0.0,0.0,0.0,0.0,0.0,0.0,231.29318994505338,276.0467483520689,2467.6470902800617,0.0,0.0,231.61277398979156,276.037113254575,2666.1084030379026,0.27447392882707269,0.051865821773823279,164.01752133222136,195.9472243358731,1656.130956126062,0.0683449439288337,0.01291476642646139,96.93934816160204,115.84042137665829,961.6933320871676,0.0,0.0,8.586940101984095,10.335181319116759,48.95058724500055,0.0,0.0,81.44803601349058,96.94229607338817,994.4565869600938,0.0,0.0,228.04641451202083,273.0740970499065,1985.4514033381104,0.0,0.0,25.991469386714124,31.254574058942987,162.11780151620807,0.0,0.0,109.34428000169537,131.26832997959176,788.0278305718097,35.9784963272372,24.676609277940476,193.92680222110293,232.20575492313484,2021.5339766228722,0.0,0.0,130.4011827374574,156.33594468787934,1046.8529216118103,0.0,18.697799280589359,50.94257387925636,22.0,30.0,0.0,19.12216821943111,49.441270301308687,16.0,30.0,0.0,18.401978433331285,52.01879446419395,22.0,30.0,0.0,18.318208259722544,52.44196618370661,16.0,30.0,0.0,16.200797555727,60.546394974079749,12.0,30.0,0.0,19.456394171060919,49.19560107293863,16.0,30.0,0.0,17.695118203339633,54.90423313374658,10.0,30.0,0.0,16.466520028037207,59.508358980087539,12.0,30.0,0.0,16.947709368559019,57.69109540553138,12.0,30.0,0.0,17.766875652176777,0.0,0.0,0.0,17.343050712547517,0.0,0.0,454.5755995197275,452.742145944261,455.45202242883257,457.56070492050386,477.10652536096395,472.07606190997969,471.23494302329729,475.60702363394429,474.7210835458252,0.0,80.28878138391318,80.28878138391318,60.0,0.0,60.0,60.0,16.0,16.0,16.0,12.0,12.0,12.0,21.0,10.0,0.0,0.0,0.0,0.0,0.0,0.0,0.0,0.0,0.0,0.0,0.0,0.0,0.0,80.28878138391318,80.28878138391318,0.0,0.0,0.0,80.28878138391318,0.0,0.0,0.0024533333333333336 
 03/07  13:40:00,13.406666666666667,66.0,6.85,125.5,488.5,0.0,0.0,0.0,0.0,0.0,0.0,0.0,0.0,0.0,0.0,313.0,0.0,1839.3534235873775,61.339225564129169,157.1809318741379,55.1524270427159,1467.9717369129865,0.0,61.33922556412913,83.8553717644608,0.0,0.0,18.35173990137527,137.67257243166024,20.315676053325846,-645.0982869040336,18.263011326855194,69.05594249770002,18.342934028221977,1.2622124536687807,16.06379574753133,23.741821528145409,20.115030391141816,-305.26414028302636,17.309176400556674,149.59948666370839,16.374903106734906,46.21748909731423,16.895963971281014,82.08528508981863,227.52443642394338,89.66449940398343,0.0,0.0,0.0,0.0,0.0,0.0,0.0,0.0,0.0,0.0,0.0,0.0,0.0,0.0,0.0,0.0,0.0,0.0,0.0,0.0,0.0,0.0,0.0,0.0,222.71076342994014,265.80219619778418,2397.3876713181455,0.0,0.0,222.99573741210677,265.72192859601747,2609.34144496153,0.3161883243904537,0.05974836061799958,176.0754336594186,210.34352875093297,1798.2131667816232,0.0771716049816703,0.014582691795478133,101.24469472561535,120.9892632566686,1011.7181714692297,0.0,0.0,8.611464895579742,10.363691658715063,50.29645482026829,0.0,0.0,82.39974781774912,98.05101242751697,1024.6866905697464,0.0,0.0,229.42378696995744,274.6835410593401,2036.2808812808763,0.0,0.0,26.48670115917627,31.849727068095125,167.5990496502584,0.0,0.0,109.56949188446626,131.52458425737667,805.6845090838178,35.29619897513139,24.208641272380935,185.93090699019278,222.65369975666793,1953.7117690412923,0.0,0.0,130.8246806677942,156.8159496525103,1074.7118290663585,0.0,18.721928594415659,50.740476689727909,22.0,30.0,0.0,19.19412620425426,49.105536286761,16.0,30.0,0.0,18.43526449893878,51.80860317996449,22.0,30.0,0.0,18.330186521559367,52.28626166352978,16.0,30.0,0.0,16.24637840291983,60.31498642104476,12.0,30.0,0.0,19.54653633014484,48.864324198056369,16.0,30.0,0.0,17.755836617869098,54.628022528634257,10.0,30.0,0.0,16.487545558674456,59.368709823447378,12.0,30.0,0.0,16.99667482151699,57.45315831103507,12.0,30.0,0.0,17.762165875964916,0.0,0.0,0.0,17.41242833973443,0.0,0.0,453.8302632412812,451.67663148982447,455.23253731066947,456.5581637955061,475.1615626770878,470.51215545232659,469.6585861544161,473.6789687328836,472.9139282882137,0.0,80.28878138391318,80.28878138391318,60.0,0.0,60.0,60.0,16.0,16.0,16.0,12.0,12.0,12.0,21.0,10.0,0.0,0.0,0.0,0.0,0.0,0.0,0.0,0.0,0.0,0.0,0.0,0.0,0.0,80.28878138391318,80.28878138391318,0.0,0.0,0.0,80.28878138391318,0.0,0.0,0.0024600000000000005 
 03/07  13:50:00,13.383333333333333,65.5,6.68,118.0,487.0,0.0,0.0,0.0,0.0,0.0,0.0,0.0,0.0,0.0,0.0,313.0,0.0,1829.546832418373,58.58300101080599,150.11816722843737,54.85836777197867,1460.1450550360583,0.0,58.58300101080596,80.08740383758156,0.0,0.0,18.389942437817088,152.0670461506852,20.368849641575797,-690.4921527073493,18.270551868426979,70.14336806735719,18.350071344593059,7.517283279254116,16.10726492685773,23.877840037230955,20.21052505780972,-311.7957234273381,17.348476616733398,150.75836079943293,16.38581618538417,49.60810459504273,16.932986056474556,86.9940483787932,235.49876264729665,89.17297290182614,0.0,0.0,0.0,0.0,0.0,0.0,0.0,0.0,0.0,0.0,0.0,0.0,0.0,0.0,0.0,0.0,0.0,0.0,0.0,0.0,0.0,0.0,0.0,0.0,234.16553640622807,279.434916528822,2560.774566666434,0.0,0.0,235.19098480727264,280.2606665400208,2771.2576756971018,0.3345923521343903,0.0632260680526059,174.68332568961399,208.68251229757628,1799.3682035892246,0.08330262124993515,0.015741236063857735,111.78751966174521,133.59062103577848,1125.8761658042923,0.0,0.0,8.548115433758593,10.28651086922063,51.09957399823213,0.0,0.0,83.16216507700504,98.93553240902766,1052.2713084083612,0.0,0.0,230.43114708503763,275.86127373761817,2078.6323608004006,0.0,0.0,26.887916146325499,32.331916723874119,172.5267434784124,0.0,0.0,110.51179056012592,132.64244187979089,828.3516689890508,34.625160887719967,23.748395670589834,198.84031336049004,238.08267155430435,2100.33835489903,0.0,0.0,131.957730251526,158.14797042156847,1107.9065460607877,0.0,18.784067842378197,50.42615123262688,22.0,30.0,0.0,19.21130963916122,48.903556158887408,16.0,30.0,0.0,18.454792606412704,51.61970226333137,22.0,30.0,0.0,18.34581180560594,52.129710649656228,16.0,30.0,0.0,16.290581235729019,60.084716057062738,12.0,30.0,0.0,19.632606742637017,48.54048737750786,16.0,30.0,0.0,17.804433311094298,54.39117571468839,10.0,30.0,0.0,16.507843304867188,59.22865337009186,12.0,30.0,0.0,17.043707864556457,57.219652575012528,12.0,30.0,0.0,17.820830902764088,0.0,0.0,0.0,17.478877136496043,0.0,0.0,452.6595926908915,450.78050527261908,454.4489140002906,456.089916154453,473.3599709193425,468.9019481293957,468.25122951869857,471.9817393955579,471.3035698450942,0.0,80.28878138391318,80.28878138391318,60.0,0.0,60.0,60.0,16.0,16.0,16.0,12.0,12.0,12.0,21.0,10.0,0.0,0.0,0.0,0.0,0.0,0.0,0.0,0.0,0.0,0.0,0.0,0.0,0.0,80.28878138391318,80.28878138391318,0.0,0.0,0.0,80.28878138391318,0.0,0.0,0.0024733333333333336 
 03/07  14:00:00,13.36,65.0,6.51,110.5,485.5,0.0,0.0,0.0,0.0,0.0,0.0,0.0,0.0,0.0,0.0,313.0,0.0,1858.983127059007,58.004858571107927,148.63661201308674,55.74098526432816,1483.6376795427587,0.0,58.004858571107899,79.29703929078747,0.0,0.0,18.402541849042586,140.917466447494,20.456866928010507,-665.635524289878,18.286206716272568,85.47895527215224,18.358125204450216,9.364508367459166,16.154497328421344,24.04328672465948,20.31330143948808,-321.4608867704219,17.391790081899033,155.26522441749149,16.398167023023395,52.92742998583242,16.969979894624247,90.8880115336865,223.51333670827445,87.45037995012535,0.0,0.0,0.0,0.0,0.0,0.0,0.0,0.0,0.0,0.0,0.0,0.0,0.0,0.0,0.0,0.0,0.0,0.0,0.0,0.0,0.0,0.0,0.0,0.0,226.69064551838373,270.5317125969899,2492.5246694035356,0.0,0.0,223.7897309703663,266.6237930154858,2681.9716820744395,0.374072062930311,0.07068633086362644,185.945068692179,222.12686433634384,1937.1482657991165,0.09126190297999236,0.01724525755479825,114.27313117526517,136.5652552502682,1159.4282188724984,0.0,0.0,8.570900012333809,10.31287058642771,52.47283145854579,0.0,0.0,83.90232607763162,99.79364991086908,1079.6893380421817,0.0,0.0,231.5469490194079,277.16185508512606,2125.706437895421,0.0,0.0,27.306974852656024,32.835547743540498,177.6643837340592,0.0,0.0,110.6212811553026,132.76160767033356,844.5116754354062,33.96474092744326,23.295432734871928,191.7947712155408,229.66863057894208,2040.1268877572055,0.0,0.0,132.21448527949156,158.4346035721413,1131.572800383177,0.0,18.79001741067578,50.25857460445559,22.0,30.0,0.0,19.288913547869894,48.55640626013925,16.0,30.0,0.0,18.48902848749677,51.3891839614321,22.0,30.0,0.0,18.35896134211742,51.9633322201011,16.0,30.0,0.0,16.3383113168274,59.836316060676889,12.0,30.0,0.0,19.717451125565228,48.22019211918861,16.0,30.0,0.0,17.860473844802756,54.12344336794113,10.0,30.0,0.0,16.52855340221014,59.0809185854411,12.0,30.0,0.0,17.088892750966797,56.987293497475,12.0,30.0,0.0,17.81712691114133,0.0,0.0,0.0,17.536210546609607,0.0,0.0,451.76590881604809,450.5799386834998,453.24013976461466,455.2681198591623,471.67878803546247,467.5150923677358,466.7315720234323,470.3594098206171,469.7410458222519,0.0,80.28878138391318,80.28878138391318,60.0,0.0,60.0,60.0,16.0,16.0,16.0,12.0,12.0,12.0,21.0,10.0,0.0,0.0,0.0,0.0,0.0,0.0,0.0,0.0,0.0,0.0,0.0,0.0,0.0,80.28878138391318,80.28878138391318,0.0,0.0,0.0,80.28878138391318,0.0,0.0,0.0024866666666666667 
 03/07  14:10:00,13.191666666666667,63.5,6.563333333333333,103.0,484.0,0.0,0.0,0.0,0.0,0.0,0.0,0.0,0.0,0.0,0.0,313.0,0.0,1843.6388768385794,55.01788071646008,140.98254818188688,55.280881202547067,1471.391442510209,0.0,55.01788071646005,75.21361410649263,0.0,0.0,18.450041605125045,163.20547621432707,20.496902009352696,-722.4270046484271,18.290706944295903,80.58205672149143,18.365580656746297,16.32599762026075,16.199476454297945,24.12272152742105,20.399740023919173,-327.57330377366818,17.42963007338585,155.7932416345593,16.409692807557876,55.77308466934892,17.004330678383487,94.38922685665739,242.84791905248586,88.91767056916524,0.0,0.0,0.0,0.0,0.0,0.0,0.0,0.0,0.0,0.0,0.0,0.0,0.0,0.0,0.0,0.0,0.0,0.0,0.0,0.0,0.0,0.0,0.0,0.0,240.19504283160547,286.6605748669392,2761.115019185471,0.0,0.0,242.08504555291297,288.5123078364709,2985.1355145416739,0.41522598232283355,0.07846295962260652,179.36404611761243,214.32618262864126,1934.8962387583404,0.10097266734082193,0.019080247040971639,122.9278905510272,146.94609597020537,1293.7684532161387,0.0,0.0,8.532555978693996,10.26822731289454,55.96722778882931,0.0,0.0,84.7172333090314,100.76655799673627,1132.4503690945706,0.0,0.0,232.4531171750906,278.28898027780209,2234.8285566131305,0.0,0.0,27.673242698772918,33.28379186910037,190.70233874825426,0.0,0.0,111.39458968951287,133.7106532397564,898.3567141723087,33.84985189611511,23.21663367360434,206.48203622289567,247.3031885210869,2277.284063755929,0.0,0.0,133.33782261726396,159.79945520140337,1201.6782761307464,0.0,18.86868741766656,49.90958205883822,22.0,30.0,0.0,19.290446487422416,48.41537909343988,16.0,30.0,0.0,18.49990107073762,51.214283137551799,22.0,30.0,0.0,18.37594238725992,51.797344748736687,16.0,30.0,0.0,16.3837068010453,59.60668878250992,12.0,30.0,0.0,19.796367169165007,47.92400670056708,16.0,30.0,0.0,17.905111022758523,53.902360108004049,10.0,30.0,0.0,16.548262369993414,58.94660320468341,12.0,30.0,0.0,17.131427970892834,56.77446827631725,12.0,30.0,0.0,17.864387038880698,0.0,0.0,0.0,17.590648523365439,0.0,0.0,451.41857541700838,450.12684166410238,452.3305589695659,454.00052668504386,470.07177584734947,466.0219831343157,465.4429345753473,468.8744248619183,468.2942511256702,0.0,80.28878138391318,80.28878138391318,60.0,0.0,60.0,60.0,16.0,16.0,16.0,12.0,12.0,12.0,21.0,10.0,0.0,0.0,0.0,0.0,0.0,0.0,0.0,0.0,0.0,0.0,0.0,0.0,0.0,80.28878138391318,80.28878138391318,0.0,0.0,0.0,80.28878138391318,0.0,0.0,0.0025 
 03/07  14:20:00,13.023333333333334,62.0,6.616666666666667,95.5,482.5,0.0,0.0,0.0,0.0,0.0,0.0,0.0,0.0,0.0,0.0,313.0,0.0,1824.4763274390919,51.966881710428918,133.1644305026658,54.70628697458231,1456.097858074902,0.0,51.96688171042889,71.04266715450896,0.0,0.0,18.443432267427576,135.00061259290124,20.5643624081319,-679.0147598675485,18.309854588644236,103.6990742837479,18.368870863192478,16.1571185292305,16.24364397777292,24.503375893723047,20.47615646340611,-335.4199957552519,17.47415548728658,160.91861667276135,16.421382471349216,58.7800902104093,17.036921629464965,97.2327589552624,240.5736615020678,89.80499661155318,0.0,0.0,0.0,0.0,0.0,0.0,0.0,0.0,0.0,0.0,0.0,0.0,0.0,0.0,0.0,0.0,0.0,0.0,0.0,0.0,0.0,0.0,0.03740935730352959,0.011419217736120143,237.01113032891048,282.9885410147447,2789.133768102102,0.0,0.0,223.06213643965715,265.86542517479537,2860.8597171039498,0.48927078653314345,0.09245479715289939,196.4412603650606,234.7730761745447,2203.337337112785,0.11416678476276285,0.02157346650845858,121.36504072855399,145.12000184194154,1321.420395184895,0.0,0.0,8.636487435871292,10.394888988674808,60.39372682314215,0.0,0.0,85.3396366198586,101.51406761314978,1181.6720882254629,0.0,0.0,234.21891436370107,280.433836435288,2359.3128286910375,0.0,0.0,28.16587837453495,33.88431957593632,204.94073672431038,0.0,0.0,111.52091800827614,133.88473125790569,946.7589036503614,33.72216284674181,23.129055450440207,202.8423762637883,243.04913344844918,2313.070908740976,0.0,0.0,133.82978061811546,160.41374762513096,1264.0740470415365,0.0,18.831779059606963,49.86949761084344,22.0,30.0,0.0,19.366681210485024,47.91760459557865,16.0,30.0,0.0,18.540899560571054,50.9732686302163,22.0,30.0,0.0,18.384711633069469,51.632934006689449,16.0,30.0,0.0,16.42733750819524,59.37752926139319,12.0,30.0,0.0,19.865263818942723,47.65746160132194,16.0,30.0,0.0,17.96239437206558,53.634143083833709,10.0,30.0,0.0,16.567869876301978,58.80633835080755,12.0,30.0,0.0,17.171168344638639,56.56586166090361,12.0,30.0,0.0,17.84317216282337,0.0,0.0,0.0,17.634761871062133,0.0,0.0,450.8966423198367,449.50408363677618,451.9075576270212,453.10632790113547,468.5401423214593,464.79687020475145,464.1413655399281,467.35726249635186,466.8126142567566,0.0,80.28878138391318,80.28878138391318,60.0,0.0,60.0,60.0,16.0,16.0,16.0,12.0,12.0,12.0,21.0,10.0,0.0,0.0,0.0,0.0,0.0,0.0,0.0,0.0,0.0,0.0,0.0,0.0,0.0,80.28878138391318,80.28878138391318,0.0,0.0,0.0,80.28878138391318,0.0,0.0,0.0024933333333333337 
 03/07  14:30:00,12.855,60.5,6.67,88.0,481.0,0.0,0.0,0.0,0.0,0.0,0.0,0.0,0.0,0.0,0.0,313.0,0.0,1801.5162497395666,48.8488141827639,125.17445037926024,54.01782540167828,1437.7735034341693,0.0,48.84881418276388,66.78003244866835,0.0,0.0,18.50396653563149,174.36767417607735,20.580120132229607,-751.6939474742158,18.305548103830085,83.21611357796246,18.375967742255257,26.269569645575758,16.286614841372776,24.389052135808755,20.54650839197864,-337.8415917494917,17.505000696187659,157.27341630878619,16.43234275156893,60.79451988990695,17.067935029643129,99.84222131288925,258.37455454774865,95.3083487369313,0.0,0.0,0.0,0.0,0.0,0.0,0.0,0.0,0.0,0.0,0.0,0.0,0.0,0.0,0.0,0.0,0.0,0.0,0.0,0.0,0.0,0.0,0.17698266410057404,0.05402401224071247,245.27648047367596,292.85353405626366,3023.7367833408795,0.0,0.0,248.10164124263023,295.844339204888,3253.6741467542499,0.5003354125895719,0.09454561840316933,177.54373056010827,212.2635304130265,2050.2350427657577,0.11937422040882323,0.022557486849739833,133.36659390584925,159.51122009079234,1502.858578525983,0.0,0.0,8.526436987222727,10.264094452994236,63.281028167293367,0.0,0.0,85.83858045696087,102.1161367617449,1229.3132251771486,0.0,0.0,234.6406702155838,280.99641670947877,2458.4011314050219,0.0,0.0,28.39093367004022,34.16341225044053,217.4031318712712,0.0,0.0,112.80610763057227,135.45158417240004,1005.0901600312944,33.547070172469727,23.008964452997075,212.7825282483975,255.01160560721494,2514.6595445629266,0.0,0.0,135.40048737068177,162.3232482788812,1336.7809676964487,0.0,18.93703276263965,49.28574867415857,22.0,30.0,0.0,19.338883435847394,47.694875637490429,16.0,30.0,0.0,18.532106383464979,50.84173168331686,22.0,30.0,0.0,18.402950032799745,51.4532473546984,16.0,30.0,0.0,16.468572179589598,59.15336533114729,12.0,30.0,0.0,19.931723696275588,47.37946239314537,16.0,30.0,0.0,17.992160217921108,53.45741451039302,10.0,30.0,0.0,16.5855532690105,58.667084812910598,12.0,30.0,0.0,17.208597892739719,56.359996365076728,12.0,30.0,0.0,17.886231689532303,0.0,0.0,0.0,17.675968692339827,0.0,0.0,450.1943240324772,448.60019324873096,451.3754824238141,452.51726885551298,467.1073707988258,463.4568713980894,463.0657746623708,465.9911699238352,465.491791086003,0.0,80.28878138391318,80.28878138391318,60.0,0.0,60.0,60.0,16.0,16.0,16.0,12.0,12.0,12.0,21.0,10.0,0.0,0.0,0.0,0.0,0.0,0.0,0.0,0.0,0.0,0.0,0.0,0.0,0.0,80.28878138391318,80.28878138391318,0.0,0.0,0.0,80.28878138391318,0.0,0.0,0.0024866666666666667 
 03/07  14:40:00,12.686666666666668,59.0,6.723333333333333,88.0,479.6666666666667,0.0,0.0,0.0,0.0,0.0,0.0,0.0,0.0,0.0,0.0,313.0,0.0,1799.980568326861,48.51399645886206,124.31644295430648,53.97177062968596,1436.5478041365346,0.0,48.51399645886203,66.32231123597116,0.0,0.0,18.468751049924479,121.62972941674161,20.654076073743146,-676.659311403515,18.32928724787814,118.52319143980913,18.378270801902514,20.191891938121445,16.331322598839706,24.660227319958666,20.615383068209625,-346.6447973159875,17.549447155622624,164.21713576039657,16.4445274930236,63.11260171414324,17.098086770725837,100.40194766680998,254.08874205832763,96.49314180713918,0.0,0.0,0.0,0.0,0.0,0.0,0.0,0.0,0.0,0.0,0.0,0.0,0.0,0.0,0.0,0.0,0.0,0.0,0.0,0.0,0.0,0.0,0.2021895104304126,0.06171840977729323,242.57920427781307,289.8355938053929,3027.428345220204,0.0,0.0,215.52154784889448,257.00031846354139,2941.6290578569416,0.5886552749891886,0.1112349348052133,202.33668527747086,241.94852692414188,2426.358362202684,0.13310797793505034,0.025152679126048809,123.77749243296161,148.08909801714717,1438.3891039298308,0.0,0.0,8.670714470503397,10.439422971482199,68.09847312898035,0.0,0.0,86.36237344457611,102.75069602769577,1276.3635951878717,0.0,0.0,236.02853572843845,282.69226053668236,2581.456152897975,0.0,0.0,28.829545375118614,34.699678519759569,231.77779774714328,0.0,0.0,112.14781970625565,134.68669384665589,1045.6035743098774,33.381444126606698,22.89536634197991,209.05413615475303,250.6569024514686,2545.2925980178727,0.0,0.0,135.00865542599113,161.88853629188433,1386.6418506005724,0.0,18.839422430979569,49.24932761162905,22.0,30.0,0.0,19.43534316917404,47.143817717774137,16.0,30.0,0.0,18.58093704379466,50.42305161631031,22.0,30.0,0.0,18.405487735810323,51.287650563386879,16.0,30.0,0.0,16.511344155568236,58.91751166225339,12.0,30.0,0.0,19.989726092322575,47.13330122786703,16.0,30.0,0.0,18.04972486767529,53.13945686628701,10.0,30.0,0.0,16.603564856472237,58.520465239633157,12.0,30.0,0.0,17.24255930438089,56.16163899693477,12.0,30.0,0.0,17.858879170867384,0.0,0.0,0.0,17.702383600732835,0.0,0.0,449.2485884577099,448.13377071741169,450.61142746705289,452.01470807067968,465.75958416932056,462.42179614111316,461.7568411685889,464.66387006794016,464.21303018903196,0.0,80.28878138391318,80.28878138391318,60.0,0.0,60.0,60.0,16.0,16.0,16.0,12.0,12.0,12.0,21.0,10.0,0.0,0.0,0.0,0.0,0.0,0.0,0.0,0.0,0.0,0.0,0.0,0.0,0.0,80.28878138391318,80.28878138391318,0.0,0.0,0.0,80.28878138391318,0.0,0.0,0.00248 
 03/07  14:50:00,12.518333333333333,57.5,6.776666666666667,88.0,478.3333333333333,0.0,0.0,0.0,0.0,0.0,0.0,0.0,0.0,0.0,0.0,313.0,0.0,1795.4115419364057,48.155910538350969,123.39880916939508,53.83476217883977,1432.9012212100764,0.0,48.155910538350948,65.83278063443652,0.0,0.0,18.556713555413475,188.98245312107066,20.649345843480405,-794.6069528686585,18.31294732013832,76.54991417041674,18.38888849011479,33.13417360060339,16.37588646440146,24.076129674194364,20.68382824800114,-347.1927971072123,17.572235857643905,156.35376362960779,16.45591063698383,63.81445782027674,17.127003822626564,101.00906689577323,279.290189768466,104.50319394833696,0.0,0.0,0.0,0.0,0.0,0.0,0.0,0.0,0.0,0.0,0.0,0.0,0.0,0.0,0.0,0.0,0.0,0.0,0.0,0.0,0.0,0.0,0.3316674963480449,0.1012416045018452,256.7510537683004,306.7029234351954,3377.455376015584,0.0,0.0,260.90403139672579,311.30671019002735,3613.2293957196004,0.5805066227732161,0.10969512901988214,167.20332393221185,200.03457789695595,2051.9211595423619,0.13469202605434137,0.025452007946776515,136.38222998416397,163.21477473395178,1637.3925418231489,0.0,0.0,8.43644424121865,10.159021327973834,69.8923992508651,0.0,0.0,86.83357925488706,103.32254922697136,1323.8139922777789,0.0,0.0,235.32171992452724,281.92085813532756,2661.487314490564,0.0,0.0,28.844720616031194,34.7267676824426,242.76971275330843,0.0,0.0,113.64653004310235,136.51372128454546,1106.1048353320273,33.1448340087664,22.733082310539378,226.00564154538464,271.0152961163133,2846.1383543421386,0.0,0.0,136.67303120618559,163.91775951163505,1459.8348157518095,0.0,19.00259996197013,48.501511869939239,22.0,30.0,0.0,19.362335978247335,47.05209256308749,16.0,30.0,0.0,18.544663292833734,50.199721903786279,22.0,30.0,0.0,18.42608402907964,50.9556118263892,16.0,30.0,0.0,16.55337746348024,58.67075180743577,12.0,30.0,0.0,20.05192863131279,46.82607880341741,16.0,30.0,0.0,18.063682536279868,52.980748196403919,10.0,30.0,0.0,16.618876336580344,58.38085811901035,12.0,30.0,0.0,17.274387239585037,55.96293439498387,12.0,30.0,0.0,17.928345842706546,0.0,0.0,0.0,17.734981403815359,0.0,0.0,448.68391442981126,447.6513665870328,449.69789164158058,451.1240032658388,464.47874237795596,461.070620614149,460.8296029844346,463.5117811101322,463.07894781269718,0.0,80.28878138391318,80.28878138391318,60.0,0.0,60.0,60.0,16.0,16.0,16.0,12.0,12.0,12.0,21.0,10.0,0.0,0.0,0.0,0.0,0.0,0.0,0.0,0.0,0.0,0.0,0.0,0.0,0.0,80.28878138391318,80.28878138391318,0.0,0.0,0.0,80.28878138391318,0.0,0.0,0.002503333333333333 
 03/07  15:00:00,12.35,56.0,6.83,88.0,477.0,0.0,0.0,0.0,0.0,0.0,0.0,0.0,0.0,0.0,0.0,313.0,0.0,1787.7211365308365,47.77340712634555,122.41860415185009,53.604160414024509,1426.7634958744737,0.0,47.77340712634553,65.30986947082305,0.0,0.0,18.480151714019394,98.93052462767992,20.73924695599716,-657.2431122831522,18.34853994510129,137.64307460577585,18.38713666560156,18.635930024776827,16.421192667615736,24.42125759069836,20.743525613381203,-358.3889116395935,17.620587080275106,167.59612396361445,16.468268094373366,65.87240678169792,17.15397277875909,100.09299619342846,268.5873082714252,103.65736991140239,0.0,0.0,0.0,0.0,0.0,0.0,0.0,0.0,0.0,0.0,0.0,0.0,0.0,0.0,0.0,0.0,0.0,0.0,0.0,0.0,0.0,0.0,0.3193862138412425,0.09749273926777855,252.7432085950909,302.2189223496149,3319.0206166613309,0.0,0.0,205.52062024219237,245.19239166103839,2975.1671228086827,0.6952546787118681,0.13137843513073856,212.8352604483682,254.65120088169807,2715.946482312592,0.15106773196376328,0.0285464346114443,115.6067681254026,138.40483472342715,1426.6236758746102,0.0,0.0,8.686667990016773,10.462025938502944,75.73124092879344,0.0,0.0,87.3719607455327,103.97862754112382,1370.4146079654825,0.0,0.0,237.1121076310576,284.093325927643,2794.866413769608,0.0,0.0,29.337686020644463,35.329323589892819,258.06109978050048,0.0,0.0,112.11805925591546,134.70706738305467,1136.3542599154699,32.93977593559715,22.59243891330395,219.87815148849158,263.8094096973334,2840.823091851906,0.0,0.0,135.35795002412613,162.38254587525536,1496.9524621497806,0.0,18.81741041369985,48.69794871864622,22.0,30.0,0.0,19.50571066101978,46.326269921198647,16.0,30.0,0.0,18.617579159354869,49.712187636077377,22.0,30.0,0.0,18.418612804233,50.666845457672639,16.0,30.0,0.0,16.596738245648575,58.40368104439017,12.0,30.0,0.0,20.10043038115395,46.58832509270874,16.0,30.0,0.0,18.129864332400627,52.60226149549989,10.0,30.0,0.0,16.635574766173887,58.197460370922289,12.0,30.0,0.0,17.302690961181626,55.74009974843847,12.0,30.0,0.0,17.882630857917467,0.0,0.0,0.0,17.751245222581006,0.0,0.0,448.1449976503902,447.1977725466467,449.0525766336157,450.37429997925229,463.2553326638476,460.239667373481,459.5413948154981,462.24497074576746,461.84123896576497,0.0,80.28878138391318,80.28878138391318,60.0,0.0,60.0,60.0,16.0,16.0,16.0,12.0,12.0,12.0,21.0,10.0,0.0,0.0,0.0,0.0,0.0,0.0,0.0,0.0,0.0,0.0,0.0,0.0,0.0,80.28878138391318,80.28878138391318,0.0,0.0,0.0,80.28878138391318,0.0,0.0,0.002526666666666667 
 03/07  15:10:00,12.209999999999999,56.0,6.606666666666667,88.0,475.66666666666665,0.0,0.0,0.0,0.0,0.0,0.0,0.0,0.0,0.0,0.0,3140.0,0.0,1776.778609481212,47.36495704695153,121.37190960997946,53.27604510617931,1418.030284103651,0.0,47.3649570469515,64.75148724574912,0.0,0.0,19.61826063085931,-688.3430951330433,20.982065097799628,88.70853595876561,19.798356875455874,-2040.3060709475756,18.72241142253641,1054.9631743682126,16.460257244088817,30.2124093822981,20.797742657697407,-332.5027167034354,17.716591396194699,281.10247833518096,16.478872870537413,72.68138214325762,17.17988085380144,126.34116941020355,531.1395278050545,147.73646195993326,0.0,0.0,0.0,0.0,0.0,0.0,0.0,0.0,0.0,0.0,0.0,0.0,0.0,0.0,0.0,0.0,0.0,0.0,0.0,0.0,0.0,0.0,0.5126369194383537,0.15648257614113365,289.69312099722017,345.7765948921078,4920.601988666449,0.14259723330313585,0.021763924496815604,228.97309947613292,273.893039258508,3599.77433289952,0.46541359320582567,0.08794663514849316,462.2398643848153,551.0519168611353,8125.61700761912,0.24756820526071289,0.046781595854254138,383.22913001281037,459.6990591652648,5402.877052587111,0.0,0.0,9.75605342417623,11.806320068653524,88.41649755858187,0.0,0.0,84.33702771349776,100.86912826084236,1352.8485051234957,0.0,0.0,259.1101842884202,311.8084252266542,3211.784984898434,0.0,0.0,30.649892946135148,37.092093658281,279.03065775421387,0.0,0.0,124.27259637057417,150.03049337280056,1301.332518158996,33.138964542481357,22.72905661349888,579.1894885233563,695.38382628178,8241.525893071235,0.0,0.0,148.4466344737098,178.91560099313117,1705.2932612317459,1955.9829474417887,20.516964619409014,43.25908731305383,21.999999999999998,30.0,0.0,19.929891855104459,44.87065003476137,15.999999999999999,30.0,4330.746195986285,20.740367178835237,42.645859321476368,21.999999999999998,30.0,0.0,19.089891337308708,47.50625547136706,15.999999999999999,30.0,0.0,16.62738064861354,58.125791454577548,12.0,30.0,0.0,20.14321081708261,46.178878483495157,15.999999999999999,30.0,0.0,18.290383533259,51.50366308288487,10.0,30.0,0.0,16.64861984087216,57.923065216644598,12.0,30.0,0.0,17.33005788596467,55.308099268258988,15.999999999999999,30.0,0.0,18.735573725844934,0.0,0.0,0.0,17.823996797840544,0.0,0.0,447.3534014701298,447.2898213031817,446.9932581780505,447.8152523833884,462.11567198194168,458.45530467581826,456.8146823785358,460.8071393050118,459.7980682615271,10498.941974556179,81.06271055063023,84.63045938176404,60.0,0.0,60.0,60.0,16.0,16.0,16.0,16.0,12.0,12.0,21.0,10.0,1.0,0.0,1955.9829474417887,0.0,4330.746195986285,0.0,0.0,0.0,0.0,0.0,5399.217970802047,3239530.782481228,4211607.8122257939,81.06271055063023,84.69105160102997,0.34997393236006826,0.7683490952387411,0.3602813740196596,84.69105160102997,0.3542647819438876,4211607.8122257939,0.22155360623574125 
 03/07  15:20:00,12.07,56.0,6.383333333333334,88.0,474.3333333333333,0.0,0.0,0.0,0.0,0.0,0.0,0.0,0.0,0.0,0.0,942.0,0.0,1762.3876971413463,46.92850767484678,120.2534659467878,52.84453141368184,1406.5449502814043,0.0,46.92850767484675,64.15482786478015,0.0,0.0,20.324450958871027,-1079.0605929014699,21.600502899132804,91.22957720184965,20.538207836714294,-2819.286797821871,19.489604825073906,812.0307207710573,16.52121231607061,34.09164065922966,20.88991038857617,-310.601495788411,17.925188325415858,251.26737577136789,16.50408592497537,80.26527104278864,17.23370794387472,144.51011019097278,657.891683071957,187.90909648223829,0.0,0.0,0.0,0.0,0.0,0.0,0.0,0.0,0.0,0.0,0.0,0.0,0.0,0.0,0.0,0.0,0.0,0.0,0.0,0.0,0.0,0.0,0.671947553932986,0.20511219595023989,316.83639444264255,376.72944165259409,6094.325541700643,0.1930090664933834,0.02945803823159086,247.14196665634433,294.5629162143796,4410.331365610644,0.5508337894588757,0.10408801766040735,520.0915104510578,617.8599391276282,10218.413195786847,0.2693186092691112,0.0508916495217519,409.570800487624,489.1546425059396,6823.716218332695,0.0,0.0,10.288962183371446,12.436931122944685,97.59342978733092,0.0,0.0,81.36390796525007,97.17417922136923,1346.1778400459025,0.0,0.0,277.77380090855356,333.59777900233657,3687.4073152089747,0.0,0.0,32.66832294650747,39.488490738755718,309.295731771937,0.0,0.0,137.86806591002819,166.23003207922006,1503.8934121776347,33.15719483008854,22.7415602401156,648.221511229175,776.2418324556721,10312.381331835575,0.0,0.0,164.17290202236567,197.57895900451889,1975.7633803981246,1756.9177547444397,21.640473105267266,40.15624252797912,21.999999999999994,29.99999999999999,0.0,20.931635667027,42.05986529052033,15.999999999999993,29.99999999999999,3606.607215077567,21.84921003131553,39.50084763399023,21.999999999999994,29.99999999999999,0.0,20.327478978190699,43.57364609040739,15.999999999999993,29.99999999999999,0.0,16.69471960453094,57.45786129750097,11.999999999999995,29.99999999999999,0.0,20.253731144831904,45.5137430662965,15.999999999999993,29.99999999999999,0.0,18.591475692291036,50.19755714954515,9.999999999999997,29.99999999999999,0.0,16.68587412120739,57.27003530018692,11.999999999999995,29.99999999999999,0.0,17.403722310122583,54.56325892996857,15.999999999999993,29.99999999999999,0.0,19.56475248558939,0.0,0.0,0.0,17.952872222098877,0.0,0.0,447.0660877538507,447.39570797521017,446.4021908547036,446.96875510191458,459.6760211860783,456.5140944531496,455.17697224516618,458.10924662253026,457.3063808359128,11708.49268168732,80.26259023704407,87.87078755210844,59.99999999999998,0.0,59.99999999999998,59.99999999999998,16.0,16.0,16.0,16.0,12.0,12.0,21.0,10.0,1.0,0.0,1756.9177547444397,0.0,3606.607215077567,0.0,0.0,0.0,0.0,0.0,11512.964326996325,6907778.596197799,9016570.340096377,80.26259023704407,87.99999999999997,0.38376547756654419,0.7661891641280364,0.36028137401965945,87.99999999999997,0.35426478194388735,9016570.340096377,0.4714249910183449 
 03/07  15:30:00,11.93,56.0,6.16,88.0,473.0,0.0,0.0,0.0,0.0,0.0,0.0,0.0,0.0,0.0,0.0,943.0,0.0,1714.869884183752,43.849648884476589,112.36399441991128,51.41972470035266,1368.6214007262213,0.0,43.849648884476568,59.94579447542233,0.0,0.0,20.361657413687135,-320.81411012300807,21.916149029399919,-291.92989452108488,20.408158894232746,-511.9482607086694,19.754313894589705,333.5740019305684,16.581151277769324,37.64636824345648,20.993029832253943,-267.75146839826047,18.032345872543798,218.51288865314798,16.543111879536548,97.9968106398783,17.308509016538147,190.3665929302393,663.335501285634,258.7783016714007,0.0,0.0,0.0,0.0,0.0,0.0,0.0,0.0,0.0,0.0,0.0,0.0,0.0,0.0,0.0,0.0,0.0,0.0,0.0,0.0,0.0,0.0,0.8209849319427145,0.25060590108141458,209.3314110622169,248.89958725940387,4032.9314218394199,0.12852243129813424,0.019615755692633426,109.3842151541121,129.98435757246149,2057.996663830307,0.8570942910923869,0.1619603724664374,253.5742567277742,302.1553004892423,4806.3601333532919,0.22367244577543478,0.04226614621606853,240.9138895288889,287.6301947960667,4240.987160467959,0.0,0.0,10.029712247131139,12.125072963022698,99.31270314451956,0.0,0.0,78.06312340132384,93.19650703489805,1336.6465085386467,0.0,0.0,288.10250833581417,345.9930324659798,3979.7145485046078,0.0,0.0,35.24032486073884,42.605115875632467,348.0430560283323,0.0,0.0,150.6366454594983,181.6475904960213,1719.5833394750467,32.7760902831046,22.480171661937314,297.02145766225387,355.5533295191833,5241.89946638597,0.0,0.0,179.91563296916417,216.50880594257439,2275.115784221793,726.1777952568399,21.476230710951947,40.25083209160711,21.333333333333326,29.99999999999999,0.0,21.354792618475217,40.33903972890241,15.999999999999993,29.99999999999999,1089.6145467964303,21.390090994450725,40.169155659714707,21.333333333333326,29.99999999999999,0.0,20.629237029010583,42.37394221862518,15.999999999999993,29.99999999999999,0.0,16.759984093742223,56.75599784863964,11.999999999999995,29.99999999999999,0.0,20.401895206500197,44.60192470650284,15.999999999999993,29.99999999999999,0.0,18.721081915018993,49.18967532200699,9.999999999999997,29.99999999999999,0.0,16.747108858730209,56.385883440095167,11.999999999999995,29.99999999999999,0.0,17.516521926563287,53.485900161353317,15.999999999999993,29.99999999999999,0.0,19.755827229772739,0.0,0.0,0.0,18.11884180357286,0.0,0.0,446.77499320561858,445.9592896904405,445.7398720450491,446.5190706195043,457.3981880078707,453.98208831836487,452.70613629070149,455.2114476258088,454.26070045601059,4790.911038931699,82.41965886099477,82.41965886099477,59.99999999999998,0.0,59.99999999999998,59.99999999999998,16.0,16.0,16.0,16.0,12.0,12.0,21.0,10.0,1.0,0.0,726.1777952568399,0.0,1089.6145467964303,0.0,0.0,0.0,0.0,0.0,0.0,0.0,0.0,82.41965886099477,82.41965886099477,0.2266666666666666,0.4628726892690318,0.24018758267977295,82.41965886099477,0.2361765212959249,0.0,0.0025766666666666669 
 03/07  15:40:00,11.79,56.0,5.936666666666667,83.0,460.6666666666667,0.0,0.0,0.0,0.0,0.0,0.0,0.0,0.0,0.0,0.0,946.0,0.0,1651.329448793822,41.249547169514098,105.7012486542802,49.51447896797366,1317.9102746069098,0.0,41.249547169514077,56.39125830499673,0.0,0.0,20.453313908253784,-275.88627395438825,21.951705583753918,-313.38941098820455,20.457214601540416,-519.215491371984,19.73750012048835,392.1038332832071,16.638137302750203,37.14216748524947,21.08353781938974,-280.80915021596709,18.080331687752414,230.0936432104859,16.57948141611422,96.68914673583709,17.371193118368617,172.81752923374203,715.3832117996607,261.92008159099376,0.0,0.0,0.0,0.0,0.0,0.0,0.0,0.0,0.0,0.0,0.0,0.0,0.0,0.0,0.0,0.0,0.0,0.0,0.0,0.0,0.0,0.0,0.8479543327614283,0.25883831891374517,281.50210954005186,335.0682664777137,5483.512320161361,0.13475807228028745,0.02056747134925024,164.58268218491868,195.85178803530475,3159.691614446957,0.8749563020527114,0.16533565798426159,278.27499509885998,331.6445877167972,5351.356827884204,0.23250175421031764,0.043934571846242959,256.7669699806578,306.68720537918775,4547.898560745907,0.0,0.0,9.974951993694987,12.058674874464947,102.8271336701514,0.0,0.0,79.01130299047643,94.3101734023515,1393.1493886444317,0.0,0.0,286.016978629439,343.5214784183752,4056.1541864440034,0.0,0.0,35.285360255357989,42.662114639228878,362.21997394219968,0.0,0.0,148.56534110301409,179.1461749332447,1762.4724029932486,32.02676446143694,21.966230769161166,393.14223053925687,470.39613277348988,7116.22033140359,0.0,0.0,177.60398190552625,213.74930060370375,2311.669006013617,715.5686529318168,21.52078685818388,39.55326389751637,21.33333333333335,30.00000000000002,0.0,21.340226586620525,39.62728208170399,16.000000000000015,30.00000000000002,1050.9729763385668,21.39056802516464,39.580958001987799,21.33333333333335,30.00000000000002,0.0,20.55380709681424,41.821060957530139,16.000000000000015,30.00000000000002,0.0,16.819332987781956,56.02742618009159,12.00000000000001,30.00000000000002,0.0,20.51693721503333,43.79820433596924,19.000000000000015,30.00000000000002,0.0,18.76347929677083,48.46559946679474,10.000000000000007,30.00000000000002,0.0,16.79786991111343,55.568021386465378,16.000000000000015,30.00000000000002,0.0,17.597258123998946,52.626563972289819,16.000000000000015,30.00000000000002,0.0,20.04363058151687,0.0,0.0,0.0,18.15982455476699,0.0,0.0,445.394822713698,444.2071865056216,444.44918769628978,444.88352642171597,455.21894284892189,451.8675082867004,450.6810492356057,452.8508057022925,452.1195365558158,5459.460086642945,82.52763782592415,82.52763782592415,60.00000000000004,0.0,60.00000000000004,60.00000000000004,16.0,16.0,19.0,16.0,16.0,12.0,21.0,10.0,1.0,0.0,715.5686529318168,0.0,1050.9729763385668,0.0,0.0,0.0,0.0,0.0,0.0,0.0,0.0,82.52763782592415,82.52763782592415,0.22666666666666686,0.4626804245189502,0.24018758267977323,82.52763782592415,0.23617652129592518,0.0,0.0025900000000000005 
 03/07  15:50:00,11.649999999999999,56.0,5.713333333333333,78.0,448.33333333333339,0.0,0.0,0.0,0.0,0.0,0.0,0.0,0.0,0.0,0.0,949.0,0.0,1586.1601801872737,38.63335429544334,98.99727142774346,47.56039370903869,1265.8991967221812,0.0,38.63335429544332,52.81472430012286,0.0,0.0,20.509653272641537,-318.58231996617749,22.013892654977214,-322.27817647812187,20.212494433704728,-397.5366771599471,19.772453781575103,417.5848454364165,16.69213288933885,37.20007140286522,21.137540446827076,-282.9727569993825,18.14299098395216,227.92328995395918,16.611196578600507,97.73626882035296,17.42046261506197,170.08779221650139,691.1547519616912,271.3783264536089,0.0,0.0,0.0,0.0,0.0,0.0,0.0,0.0,0.0,0.0,0.0,0.0,0.0,0.0,0.0,0.0,0.0,0.0,0.0,0.0,0.0,0.0,0.8752654607665072,0.26717504907402569,242.37236483707896,288.38944897106867,4803.235002629195,0.13779159537139747,0.02103046327402283,146.98262362412215,174.82249302029536,2880.868399486898,0.9093310325885493,0.17183126088219018,267.45211232656319,318.99498598498169,5105.14274599891,0.24288442764681107,0.045896528277931069,265.3840625402956,317.0419608438328,4781.704793445153,0.0,0.0,9.94365653965049,12.02162521827387,106.43127001725589,0.0,0.0,79.3553788223962,94.71830421523834,1434.0930153352395,0.0,0.0,286.862340790833,344.5442837809909,4187.647844809001,0.0,0.0,35.537893130428319,42.972043983160869,377.92439728099915,0.0,0.0,149.2589058719479,179.98873077664096,1831.0446838865378,31.381529037008368,21.52368246708395,367.92041895512969,440.28519318525596,6730.987609219226,0.0,0.0,178.4006660851773,214.72589149140902,2389.222411095551,703.7878284137916,21.522495790106423,39.040525299899829,21.33333333333335,30.00000000000002,0.0,21.41379972413264,38.96101201621258,16.000000000000015,30.00000000000002,240.2842356916614,21.077468629132498,39.7668079657679,21.000000000000015,30.00000000000002,0.0,20.56765577331913,41.21912772812156,16.000000000000015,30.00000000000002,0.0,16.87312372983049,55.26047947146133,12.00000000000001,30.00000000000002,0.0,20.59636365257969,43.05711050662701,19.000000000000015,30.00000000000002,0.0,18.829203587435928,47.67313094051083,10.000000000000007,30.00000000000002,0.0,16.838640490266447,54.758293980926698,16.000000000000015,30.00000000000002,0.0,17.65611949094827,51.7891044704608,16.000000000000015,30.00000000000002,0.0,20.001727059282634,0.0,0.0,0.0,18.205528852363245,0.0,0.0,444.24125629922357,443.1542435434443,443.2212337854598,443.67519084633877,453.14078748440547,449.9617740694089,448.8916385502447,450.8007858558365,450.15856624721178,5848.967723564776,82.48745904753848,82.48745904753848,60.00000000000004,0.0,60.00000000000004,60.00000000000004,16.0,16.0,19.0,16.0,16.0,12.0,21.0,10.0,1.0,0.0,703.7878284137916,0.0,240.2842356916614,0.0,0.0,0.0,0.0,0.0,0.0,0.0,0.0,82.48745904753848,82.48745904753848,0.22666666666666686,0.4621451982030026,0.24018758267977323,82.48745904753848,0.23617652129592518,0.0,0.0026066666666666675 
 03/07  16:00:00,11.51,56.0,5.49,73.0,436.0,0.0,0.0,0.0,0.0,0.0,0.0,0.0,0.0,0.0,0.0,1268.0,0.0,1519.6255378075926,36.0024370730084,92.25556543304639,45.56536866267003,1212.79843163715,0.0,36.00243707300839,49.21806099471231,0.0,0.0,20.46729459487143,0.5084151726443906,22.06428609687766,-229.2414553116772,20.708627049970894,-1359.7363068352832,19.878120063933566,578.696847369401,16.73980323508543,35.193219374573718,21.15961988186985,-305.4852099705179,18.17600154367692,221.81705278631626,16.635114857907085,92.42706373516416,17.45528424197019,150.46290263920333,667.1254798843925,242.7369418738906,0.0,0.0,0.0,0.0,0.0,0.0,0.0,0.0,0.0,0.0,0.0,0.0,0.0,0.0,0.0,0.0,0.0,0.0,0.0,0.0,0.0,0.0,0.9132073434442469,0.2787568203431767,271.1191549093853,323.4010223517438,5315.398375526086,0.16400135973394557,0.025030732560126,86.85595688264162,103.32658233222668,1744.9915148120659,0.8047957246796322,0.15207780133779903,403.19964503005869,480.0563816454802,8271.286127876421,0.24935070479843983,0.047118424943015827,303.3735049252887,362.3639331404816,5650.656872085352,0.0,0.0,9.905993703035965,11.981626626063122,109.71539918056007,0.0,0.0,81.30452943182633,97.1039666969868,1497.1383099782702,0.0,0.0,279.0101802368762,335.2918559181054,4158.706171318796,0.0,0.0,34.316488386322607,41.51636110658412,376.573549836398,0.0,0.0,141.62041194064754,170.8518481938142,1787.0748978292423,30.722200918741984,21.0714683941989,439.46836892490856,526.1013482745783,8115.183683917474,0.0,0.0,169.26237827288808,203.8613587333215,2305.037963309062,0.0,21.204994374496498,39.12414411617671,21.0,30.0,0.0,21.48617976260267,38.31126432945308,16.0,30.0,1927.420392398567,21.659137598326529,38.00220028030303,21.5,30.0,0.0,20.720853741875957,40.430543111841739,16.0,30.0,0.0,16.91566322005879,54.60271196045403,12.0,30.0,0.0,20.6267419902029,42.59767147598147,19.0,30.0,0.0,18.840567505461999,47.28982639908413,10.0,30.0,0.0,16.86462339811479,54.21952258356984,16.0,30.0,0.0,17.6882192606771,51.30906389060665,16.0,30.0,0.0,19.960732722278697,0.0,0.0,0.0,18.17717240211518,0.0,0.0,442.48754623650987,442.0224658406621,442.2979550002768,442.7724248972172,451.4848087924907,448.74109824849708,447.9043890444599,449.5417564854608,449.10524644144177,4092.079428980959,82.71008774187286,82.71008774187286,60.0,0.0,60.0,60.0,16.0,16.0,19.0,16.0,16.0,12.0,21.0,10.0,1.0,0.0,0.0,0.0,1927.420392398567,0.0,0.0,0.0,0.0,0.0,0.0,0.0,0.0,82.71008774187286,82.71008774187286,0.17,0.3857622387662051,0.18014068700982978,82.71008774187286,0.17713239097194376,0.0,0.002623333333333333 
 03/07  16:10:00,11.285,56.0,5.205,68.0,423.6666666666667,0.0,0.0,0.0,2.0,0.0,0.0,0.0,0.0,0.0,4.0,636.0,0.0,1475.2134042935755,35.75834485372708,91.62996610353409,44.23367566907535,1177.3533984651886,0.0,35.75834485372707,48.88436842516319,0.0,0.0,20.557202229056086,-164.67792139292397,22.04250289182791,-456.3114092588535,20.437084269531636,-617.3281139057017,19.916139339502018,299.4298584799326,16.783284783841994,26.831239409095333,21.38873929038944,-50.185260403090527,18.04524674860869,84.42176729852145,16.653394300788773,88.11231337575703,17.477021512696348,129.01768966667488,655.0214704099144,211.40971447285393,0.0,0.0,0.0,0.0,0.0,0.0,0.0,0.0,0.0,0.0,0.0,0.0,0.0,0.0,0.0,0.0,0.0,0.0,0.0,0.0,0.0,0.0,0.9720993815085746,0.29673363293912538,177.3004070876449,210.92613769941773,3682.20632327979,0.15921754003717193,0.024300601348774717,160.80179705285708,191.4124686260591,3272.471977017725,0.8897412146511934,0.16812948122660499,237.19562298722867,282.70305321650269,4750.921186985966,0.23292342407278483,0.044014252470291909,245.3436723209819,292.89078270271838,4669.875107419146,0.0,0.0,8.174014069601187,9.8743980867525,94.88281923004732,0.0,0.0,11.24618134539081,13.392671521112538,221.20519626321775,0.0,0.0,195.00205981153293,234.3544226908847,2880.7382122188635,0.0,0.0,33.33490143583521,40.28296549906922,382.3773876992051,0.0,0.0,128.96455404112712,155.43595935148043,1689.8543081994322,30.187494405140659,20.704728672935987,354.4248532457757,424.1780628039543,6736.634696493027,0.0,0.0,155.67427718012466,187.35700841030084,2175.268673466252,829.8899019765577,21.56599603789582,38.19830311178309,21.5,30.0,0.0,21.395401009334984,38.209003143690399,16.0,30.0,0.0,21.241383457386875,39.43214281912727,21.0,30.0,0.0,20.6892651750497,40.4947579536133,16.0,30.0,0.0,16.950273990059963,54.008908798408,12.0,30.0,0.0,21.030367548988396,43.15248353038191,19.0,30.0,0.0,18.53843098928895,47.77786901995154,10.0,30.0,0.0,16.881882454038448,53.76951542662241,16.0,30.0,0.0,17.699242157370386,50.955960149872158,16.0,30.0,0.0,19.9433301310335,0.0,0.0,0.0,18.11931568619535,0.0,0.0,442.34012573207749,441.3316672952057,490.64637607983959,457.81861694922727,450.08999170184816,559.0829905618601,446.79871014768846,448.5431483662253,448.27460932144899,6614.439913649332,83.63080993442222,83.63080993442222,1744.0,0.0,1744.0,1744.0,16.0,16.0,19.0,16.0,16.0,12.0,21.0,10.0,1.0,0.0,829.8899019765577,0.0,0.0,0.0,0.0,0.0,0.0,0.0,0.0,0.0,0.0,83.63080993442222,83.63080993442222,0.34,0.7706455555286689,0.36028137401965956,83.63080993442222,0.3542647819438875,0.0,0.07673600000000001 
 03/07  16:20:00,11.06,56.0,4.92,63.0,411.3333333333333,0.0,0.0,0.0,2.0,0.0,0.0,0.0,0.0,0.0,4.0,636.0,0.0,1403.665118491801,33.024490319576617,84.6244930404573,42.088319750089009,1120.251306551696,0.0,33.0244903195766,45.146982010470548,0.0,0.0,20.31774289837483,-65.16575227764929,22.078426651732,-262.6171787623607,20.56460498394747,-859.7864652785947,19.870728395633614,396.83770422701857,16.82076507607623,27.846175801971869,21.63603211104781,-65.21292137429305,18.066620550704358,174.48076621973997,16.663360166155749,82.75508875883816,17.48122894095789,113.12238678762879,582.9581406414773,232.7536403800559,0.0,0.0,0.0,0.0,0.0,0.0,0.0,0.0,0.0,0.0,0.0,0.0,0.0,0.0,0.0,0.0,0.0,0.0,0.0,0.0,0.0,0.0,0.8141713998728909,0.24852606833726829,94.31184924586366,112.34547395858735,1930.2799390124993,0.14924152684289034,0.022778010812406953,75.8128360778632,90.19087521409166,1593.1884635176144,1.1817903232358829,0.22331638761071116,276.69560598249248,329.3400281715536,5744.885650339014,0.2795509858918954,0.05282520519499155,291.90304011441187,348.3451138246939,5616.729257785819,0.0,0.0,8.781463474197599,10.609873012287622,106.47936550502705,0.0,0.0,12.653392896521432,15.047600111256518,264.1449606793344,0.0,0.0,201.44385843055725,242.12218550598733,3083.339366537276,0.0,0.0,34.00344638616025,41.10102233392512,405.95878293381409,0.0,0.0,131.36671158316489,158.36969634377858,1777.4801780443029,29.952357397992217,20.543455005481638,307.13568178863,367.67882245333586,5863.714516917218,0.0,0.0,158.53739065162396,190.85165962480677,2283.598314321056,21.8948796150519,21.161110763485018,39.10523124180564,21.0,30.0,0.0,21.492406986275165,37.94493562475394,16.0,30.0,0.0,21.354367246074746,38.9875011275264,21.0,30.0,0.0,20.58535808338887,40.75147148329689,16.0,30.0,0.0,16.978966199451308,53.36346416679662,12.0,30.0,0.0,21.421396506037668,43.70796146967005,19.0,30.0,0.0,18.577436605300293,47.05687797312383,10.0,30.0,0.0,16.88564437931595,53.17794902623858,16.0,30.0,0.0,17.68356319688129,50.34740462755502,16.0,30.0,0.0,19.65095686488753,0.0,0.0,0.0,18.105727892891559,0.0,0.0,446.99138477708996,464.106607225929,513.6395172574243,487.8870662099505,449.25482694546397,664.4795858011527,447.714454521785,451.60384560925299,451.8466145136563,2149.023946217036,85.37559818749594,85.37559818749594,1744.0,0.0,1744.0,1744.0,16.0,16.0,19.0,16.0,16.0,12.0,21.0,10.0,1.0,0.0,21.8948796150519,0.0,0.0,0.0,0.0,0.0,0.0,0.0,0.0,0.0,0.0,85.37559818749594,85.37559818749594,0.17,0.3062120851930433,0.18014068700982978,85.37559818749594,0.17713239097194376,0.0,0.07722044444444445 
 03/07  16:30:00,10.835,56.0,4.635,58.0,399.0,0.0,0.0,0.0,2.0,0.0,0.0,0.0,0.0,0.0,4.0,1276.0,0.0,1330.882103541243,30.27100721303878,77.56872529856759,39.90594148385695,1062.1637948780804,0.0,30.271007213038766,41.382761849188977,0.0,0.0,20.7746396062686,-787.1233684791432,22.133719716318745,-94.5266867326502,20.57422762956542,-719.8976478943205,19.893938067033134,315.85772061946639,16.854899069756589,27.35777953236186,21.792625208200854,-81.31615058805218,18.102249172459794,204.9034296746911,16.671186683899138,78.88267236692963,17.48475708411069,99.21023811832174,692.0403316017023,213.98472829151184,0.0,0.0,0.0,0.0,0.0,0.0,0.0,0.0,0.0,0.0,0.0,0.0,0.0,0.0,0.0,0.0,0.0,0.0,0.0,0.0,0.0,0.0,0.8344302872215834,0.25471009988448825,238.0761091991758,283.38211694782856,5258.519054771781,0.17085783749072148,0.026077203524224894,171.60006843242764,204.45795251113288,3714.2159796401758,1.3114354830375946,0.24781471712728554,258.9034392810977,308.70270771212508,5480.455500418626,0.2772775507409128,0.052395606715969909,273.734718743396,327.17547217547226,5387.663464101778,0.0,0.0,9.211963816291508,11.142832453547215,116.36640946019202,0.0,0.0,13.09099027380938,15.575892217909216,285.1941738913767,0.0,0.0,194.7993611739374,234.3606698598624,3089.676094648818,0.0,0.0,33.51455301025107,40.56079567028505,415.62704311049375,0.0,0.0,123.15014306233734,148.63903527560437,1720.0433274701766,29.639499761818287,20.328875008105827,424.9562717310403,508.83472866874657,8492.758848891495,0.0,0.0,149.4847227360759,180.20408742594356,2198.677281622665,1293.1189918186936,21.77982043017787,37.263067750098787,21.75,30.0,0.0,21.60121745772273,37.690038193924497,16.0,30.0,0.0,21.304290910339796,38.98314013782933,21.0,30.0,0.0,20.584374716978397,40.82628061211983,16.0,30.0,0.0,17.002386253780963,52.85776011815979,12.0,30.0,0.0,21.657435657308299,43.9943313032043,19.0,30.0,0.0,18.625699108134513,46.588834540241169,10.0,30.0,0.0,16.88748675982564,52.77758266705601,16.0,30.0,0.0,17.672966180291167,50.05582789936633,16.0,30.0,0.0,20.090584754250878,0.0,0.0,0.0,18.031727519614639,0.0,0.0,476.64139755355816,473.858960957284,524.8259155672604,516.3823173931337,450.46858611876919,727.4435347996125,458.5527696896583,455.57246099780056,456.41316337210358,6262.941892305547,82.09643505294027,82.09643505294027,1744.0,0.0,1744.0,1744.0,16.0,16.0,19.0,16.0,16.0,12.0,21.0,10.0,1.0,0.0,1293.1189918186936,0.0,0.0,0.0,0.0,0.0,0.0,0.0,0.0,0.0,0.0,82.09643505294027,82.09643505294027,0.255,0.5769173817008269,0.27021103051474468,82.09643505294027,0.2656985864579156,0.0,0.07770488888888888 
 03/07  16:40:00,10.61,56.0,4.35,50.66666666666667,332.5,0.0,0.0,0.0,2.0,0.0,0.0,0.0,0.0,0.0,4.0,640.0,0.0,1102.5558275744964,23.966200701419877,61.41281111759351,33.05966871902301,879.9388042983529,0.0,23.96620070141986,32.76361335045128,0.0,0.0,20.521604185358805,-250.46232193533934,22.102529998858633,-512.9484283441002,20.681108975038585,-816.0967842660739,19.90935192855086,390.8814170783853,16.87848353028937,26.07114869173097,21.861166757959255,-63.79028333788784,18.095209687476907,81.36457962058648,16.675916181144346,75.92512261909906,17.486314028500716,102.24894040809795,661.0029904639087,245.3732595169431,0.0,0.0,0.0,0.0,0.0,0.0,0.0,0.0,0.0,0.0,0.0,0.0,0.0,0.0,0.0,0.0,0.0,0.0,0.0,0.0,0.0,0.0,1.0318733990011234,0.3149796700247629,276.68038472653458,329.04368175266986,6109.0445599337549,0.134257157751573,0.02049101919285302,231.52571719756157,275.29224656344686,5056.358871930505,1.1746741235506875,0.221971678675489,281.5912643876619,335.2136169838858,6146.943234357809,0.268542732477146,0.05074503637134276,290.9922089402569,347.3780570907029,5871.258642665565,0.0,0.0,8.136660199696327,9.835223024099149,106.81602294262247,0.0,0.0,13.67754689703083,16.239056490153169,309.2133863713801,0.0,0.0,191.60495327340093,230.36231063495718,3101.2794044080458,0.0,0.0,32.69395077235314,39.53044647256501,420.58341080659286,0.0,0.0,128.69905965760666,155.17635524975592,1855.20979281756,29.255544355591135,20.065531108087204,495.8274500325391,592.8711905474399,9984.771347987062,0.0,0.0,155.05842014789307,186.7263108560243,2353.281841262755,678.2157084117886,21.318389518596235,38.36990414181311,21.5,30.0,0.0,21.61438491930928,37.52050791702023,16.0,30.0,0.0,21.419360131795295,38.585123008721868,21.0,30.0,0.0,20.601321034895553,40.705268326837678,19.0,30.0,0.0,17.019663705642093,52.400988590427719,12.0,30.0,0.0,21.84385721231707,44.18108997265665,19.0,30.0,0.0,18.554997318012938,46.71956708987675,10.0,30.0,0.0,16.887341880935744,52.50091097875823,16.0,30.0,0.0,17.665604824121155,49.869192439035547,16.0,30.0,0.0,20.01709830273083,0.0,0.0,0.0,18.035509902273544,0.0,0.0,480.40753351187746,487.9926700005673,531.049230783977,523.2498136825957,456.798771597829,781.1046154775944,465.62408946052838,463.5577328100884,465.02112471566729,8842.666080284831,82.15798381339576,82.15798381339576,1744.0,0.0,1744.0,1744.0,16.0,19.0,19.0,16.0,16.0,12.0,21.0,10.0,1.0,0.0,678.2157084117886,0.0,0.0,0.0,0.0,0.0,0.0,0.0,0.0,0.0,0.0,82.15798381339576,82.15798381339576,0.34,0.7713059311185249,0.36028137401965956,82.15798381339576,0.3542647819438875,0.0,0.07818933333333335 
 03/07  16:50:00,10.385,56.0,4.0649999999999999,43.333333333333339,266.00000000000008,0.0,0.0,0.0,2.0,0.0,0.0,0.0,0.0,0.0,4.0,640.0,0.0,896.0367692391121,20.002656418693574,51.25627159591428,26.867277098542567,715.1179471331152,0.0,20.00265641869356,27.345147820829696,0.0,0.0,20.30906694597733,-105.81200982525934,21.893772716772426,-243.5880595019098,20.746905321720545,-766.1597314142155,19.970224637231664,389.79582477430906,16.89208815354912,27.021462420973763,21.853217699145526,-74.49936888473383,18.076533835743076,148.25586112261545,16.67764931969922,73.66677016927872,17.487597656602654,94.308414218071,689.8823747277802,276.7541491599304,0.0,0.0,0.0,0.0,0.0,0.0,0.0,0.0,0.0,0.0,0.0,0.0,0.0,0.0,0.0,0.0,0.0,0.0,0.0,0.0,0.0,0.0,1.0186402153657657,0.3109402366806367,235.11901632449998,280.3613745499522,5038.090845493158,0.1717751343909792,0.026217206103629308,186.66414979621315,222.15116324119647,4140.1410462591179,1.3631647906662133,0.25758971856882348,283.0768496513998,337.0456725138732,6345.807959615394,0.2829945455794797,0.05347591564238087,294.39997711652969,351.47730960378439,6121.665541738033,0.0,0.0,8.56402656335195,10.352653420997833,116.41700175334646,0.0,0.0,13.88265114202455,16.480368357775384,322.0629960881903,0.0,0.0,199.5093091324228,239.9581004480784,3308.0052850716467,0.0,0.0,33.42251158997062,40.420034174734769,445.0181835615977,0.0,0.0,132.9001455911753,160.30471777972344,1974.354413025436,29.18403748526033,20.016486615404899,452.82697495637668,541.6221927745398,9465.83398405513,0.0,0.0,160.00135801020319,192.76250243108445,2494.149512595181,89.42300429829304,20.973064692604944,38.985475180354388,21.0,30.0,0.0,21.439593614626689,37.80738484841423,16.0,30.0,0.0,21.477746215748085,38.27380044256721,21.0,30.0,0.0,20.685931836214018,40.32585086693426,19.0,30.0,0.0,17.021900736610414,52.12806012380918,12.0,30.0,0.0,21.915818847237575,44.25795477884576,19.0,30.0,0.0,18.521154959558829,46.582995936198738,10.0,30.0,0.0,16.88231815335781,52.33522889256072,16.0,30.0,0.0,17.656366341876045,49.71468628734263,16.0,30.0,0.0,20.11407061507311,0.0,0.0,0.0,18.008678681849746,0.0,0.0,499.24945406835948,502.46173824960376,546.0386586017943,537.4078373886359,466.6697555300592,813.2388311243536,485.12058106312477,479.5337908679988,482.90072606234687,10051.824832919337,81.35844820423324,81.35844820423324,1744.0,0.0,1744.0,1744.0,16.0,19.0,19.0,16.0,16.0,12.0,21.0,10.0,1.0,0.0,89.42300429829304,0.0,0.0,0.0,0.0,0.0,0.0,0.0,0.0,0.0,0.0,81.35844820423324,81.35844820423324,0.34,0.7714553831166011,0.36028137401965956,81.35844820423324,0.3542647819438875,0.0,0.07886755555555555 
 03/07  17:00:00,10.16,56.0,3.78,36.0,199.5,0.0,0.0,0.0,2.0,0.0,0.0,0.0,0.0,0.0,4.0,1280.0,0.0,698.0981723448555,16.20640482037717,41.52843280031927,20.93216940969252,557.1450971458464,0.0,16.206404820377164,22.155384074050155,0.0,0.0,20.872106579823674,-849.7244432350976,21.782706105836917,14.3536158094862,20.80476879828595,-791.10662676638,19.995945648258329,378.8295858644128,16.898306999977085,25.72839979911309,21.783203976978866,-89.68916777504484,18.10523628265186,208.94476148616332,16.678161381098428,66.66547646441308,17.484176526627583,69.0219179216723,715.3409750182727,255.6067819721145,0.0,0.0,0.0,0.0,0.0,0.0,0.0,0.0,0.0,0.0,0.0,0.0,0.0,0.0,0.0,0.0,0.0,0.0,0.0,0.0,0.0,0.0,1.033827585258654,0.31557618597639017,277.2819255990096,330.2136868598937,6494.959775617428,0.21563705202614415,0.03291163797712823,213.32739650011878,254.42177528159272,4833.397244409864,1.4646392104211788,0.27676477899115256,277.1070002634038,330.3268113973383,6359.394410290349,0.2838535767018408,0.05363824200715055,289.22224821808296,345.6989856169532,6156.580294809638,0.0,0.0,9.199132552470625,11.131747028067992,129.1150923276722,0.0,0.0,13.880864809757492,16.505667958264355,327.9544032562262,0.0,0.0,189.98588390776087,228.7075770012094,3253.0786827127856,0.0,0.0,32.62144483177399,39.49823849946377,448.89771330683637,0.0,0.0,120.06738370101849,144.99410029939848,1834.7646665509843,29.033790451989156,19.913436523998059,485.2738172678902,581.0920572358679,10422.094353199383,0.0,0.0,145.75907983520575,175.89237532203127,2292.2518302800765,1299.8602867396483,21.76791773039159,36.9477326454045,21.75,30.0,0.0,21.415071222259724,37.77331317894334,16.0,30.0,0.0,21.51244995967981,38.12003308237209,21.0,30.0,0.0,20.70597330448153,40.10846626274919,19.0,30.0,0.0,17.013460365176369,51.93323874854615,12.0,30.0,0.0,21.904543446384016,44.42827590621988,19.0,30.0,0.0,18.565603484452177,46.220878038944189,10.0,30.0,0.0,16.8758086911242,52.178124811046618,16.0,30.0,0.0,17.64010582644883,49.60426841575626,16.0,30.0,0.0,20.198941375681227,0.0,0.0,0.0,17.848959702300186,0.0,0.0,513.7714630961646,510.7910725108245,556.375970470768,549.5624263303328,476.1412427655081,835.5038196916952,496.6923561933192,491.9751989013598,495.44155184756138,7048.53838465035,81.70896130004707,83.39486752628938,1744.0,0.0,1744.0,1744.0,16.0,19.0,19.0,16.0,16.0,12.0,21.0,10.0,1.0,0.0,1299.8602867396483,0.0,0.0,0.0,0.0,0.0,0.0,0.0,2551.4987122921909,1530899.2273753144,1990830.9131525085,81.70896130004707,83.42349981083555,0.2550499570764064,0.5752915452944021,0.27021103051474468,83.42349981083555,0.2656985864579156,1990830.9131525085,0.18306898526170826 
 03/07  17:10:00,9.803333333333333,56.833333333333339,3.48,28.666666666666666,132.99999999999998,0.0,4.0,0.0,0.0,0.0,0.0,0.0,0.0,0.0,0.0,1286.0,0.0,510.2212062262555,12.584180337099209,32.246551981724,15.298757830499664,407.2023601923138,0.0,12.584180337099204,17.203528587351074,0.0,0.0,20.72553684113651,-595.0627621499584,21.65790975204961,-342.97938540943758,20.769199859096145,-209.54145561479943,20.01859619283853,-45.2332537322533,16.90763135661448,35.134763511445118,21.420537220120154,-476.8277403817642,18.30534676627542,287.2020221489124,16.68267642870254,76.79719500134894,17.48845889028612,108.99620947441827,568.0572536857874,411.8445845543656,0.0,0.0,0.0,0.0,0.0,0.0,0.0,0.0,0.0,0.0,0.0,0.0,0.0,0.0,0.0,0.0,0.0,0.0,0.0,0.0,0.0,0.0,1.1138244223956667,0.3399952449315222,276.24034558115207,329.3993103230297,6404.096543235593,0.201843306599487,0.030806365476112177,166.44049124702799,198.58241932146104,3862.0686254311847,1.6902917297473872,0.3194050887655683,111.6620793099538,132.94846246379366,2672.8684814584869,0.24863801924344437,0.04698375269150496,16.96373722322965,20.279490581201637,375.7965698733392,0.0,0.0,10.417656018212217,12.60978261901272,153.87626233113446,0.0,0.0,95.08906924247727,113.35156290315453,2218.4007644031837,0.0,0.0,305.0926409037355,366.95780060059976,5645.319483198442,0.0,0.0,35.75130984053808,43.30137943030387,518.4533247229687,0.0,0.0,157.86135050625797,190.7185398584618,2529.601775373716,28.641589119996345,19.64443698216485,233.57036660000623,279.9065951153473,5300.372221108406,0.0,0.0,187.81282059866767,226.61663574594304,3140.7072078825415,934.1484863156029,21.317053086256338,37.273706833719469,21.5,30.0,0.0,21.316249337633516,37.047006259148577,16.0,30.0,810.4391770315256,21.347501389973979,37.55019566925368,21.25,30.0,0.0,20.62474600400043,43.28948733741892,19.0,30.0,0.0,17.01507252231353,51.99690050061918,12.0,30.0,0.0,21.390968844807845,41.286321474289938,16.0,30.0,0.0,18.904362604178599,46.1860939018908,10.0,30.0,0.0,16.880410260192208,52.482073131898719,16.0,30.0,0.0,17.64731990949371,50.155366591251269,16.0,30.0,0.0,19.572206499840037,0.0,0.0,0.0,17.97178256861459,0.0,0.0,530.5980284196481,524.1314240492004,539.7747287578993,727.7109019277465,504.22503098807956,631.7801141412862,559.3199463769507,534.0750468537638,550.5401059950259,7677.677924853245,81.29291003486756,84.7162867412014,162.0,0.0,162.0,162.0,16.0,19.0,16.0,16.0,16.0,12.0,21.0,10.0,1.0,0.0,934.1484863156029,0.0,810.4391770315256,0.0,0.0,0.0,0.0,0.0,5180.958141181736,3108574.8847090417,4054424.849020077,81.29291003486756,84.77442704250567,0.2576986047060579,0.5381086063417115,0.27021103051474468,84.77442704250567,0.2656985864579156,4054424.849020077,0.218282092149044 
 03/07  17:20:00,9.446666666666668,57.66666666666667,3.1799999999999999,21.333333333333333,66.49999999999999,0.0,4.0,0.0,0.0,0.0,0.0,0.0,0.0,0.0,0.0,966.0,0.0,257.37390169654659,8.66361741713792,22.200219545930886,7.717248349134421,205.40755475774285,0.0,8.663617417137914,11.843821839250701,0.0,0.0,20.81667082159299,-871.8283427670064,21.55350916759324,-23.92777972600274,20.775727421580706,-150.69882853948907,19.98313809663594,-28.543076802440085,16.912735581118903,35.445815057273239,20.92876225679482,-322.874007205213,18.42373704984166,160.02788291625797,16.691657090662888,74.68126101252904,17.50421217051582,104.23763207017717,581.7641205837006,454.8306786442862,0.0,0.0,0.0,0.0,0.0,0.0,0.0,0.0,0.0,0.0,0.0,0.0,0.0,0.0,0.0,0.0,0.0,0.0,0.0,0.0,0.0,0.0,1.2033429870342079,0.36732081411300596,380.22634332578317,453.6999041460846,8883.878826983146,0.22623160372455579,0.03452863304709336,189.27674529581999,225.40291299059244,4574.692376460141,1.6018262326520465,0.3026882525797518,170.62636355688023,203.3572548701921,4126.544914082576,0.27716371314188517,0.05237409545387093,22.363947227643565,26.729186403313123,506.5527773739362,0.0,0.0,10.132802502625433,12.266612825229372,157.07624266078225,0.0,0.0,87.74923210883219,104.85843306365513,2014.5021759840939,0.0,0.0,299.7721574947299,360.3269890073853,5856.255806758784,0.0,0.0,35.57613773912151,43.07638910178673,542.7698516369345,0.0,0.0,158.29446339107677,191.13512283353749,2658.9397064017568,28.88849429691947,19.813782096652586,336.6930203310688,402.8688314974762,7897.874703822431,0.0,0.0,188.12106155569615,226.9637225713106,3259.491059777826,1192.2356973169727,21.384082804630454,36.37913246102022,21.666666666666658,29.99999999999999,0.0,21.408679323964436,36.99313425137157,15.999999999999993,29.99999999999999,0.0,21.419085860913687,36.887703482718809,20.999999999999994,29.99999999999999,0.0,20.528207043102197,46.332779619886299,18.999999999999994,29.99999999999999,0.0,17.014376499499066,52.091744198136087,11.999999999999995,29.99999999999999,0.0,20.803931575045654,41.06282478133091,15.999999999999993,29.99999999999999,0.0,19.05296119926975,45.35841360940727,9.999999999999997,29.99999999999999,0.0,16.89112326305224,52.79853016024272,15.999999999999993,29.99999999999999,0.0,17.666938013659388,50.22295507833663,15.999999999999993,29.99999999999999,0.0,19.56452511382026,0.0,0.0,0.0,17.9192489739184,0.0,0.0,538.6072771704925,535.5353616067964,535.5162957596938,892.2921485101133,531.0636319452054,564.3867976437574,563.4141666750313,563.9092624222797,567.6521555697319,6491.753048593742,81.25016118412519,83.515640268783,161.99999999999995,0.0,161.99999999999995,161.99999999999995,16.0,19.0,16.0,16.0,16.0,12.0,21.0,10.0,1.0,0.0,1192.2356973169727,0.0,0.0,0.0,0.0,0.0,0.0,0.0,3428.6145513988205,2057168.7308392933,2667382.972689822,81.25016118412519,83.5541156245149,0.22762048504662733,0.5141453965277976,0.24018758267977295,83.5541156245149,0.2361765212959249,2667382.972689822,0.14625491457987073 
 03/07  17:30:00,9.09,58.5,2.88,14.0,0.0,0.0,4.0,0.0,0.0,0.0,0.0,0.0,0.0,0.0,0.0,1292.0,0.0,20.132702781313428,4.926832748872876,12.624832858087445,0.6036832874905069,16.06784787496659,0.0,4.926832748872873,6.7353538943220399,0.0,0.0,21.030123226275707,-1093.2224821537848,21.349561782737554,3.447613961005459,20.7583900180717,-189.69841988983274,19.969598698454033,-35.30226299499448,16.908102488889378,33.52500572803366,20.578991962618969,-256.47626228800189,18.374747694209643,196.251242657876,16.692798128471407,66.04401418855929,17.50528352540598,69.9061892678667,629.57289603701,455.01501370493727,0.0,0.0,0.0,0.0,0.0,0.0,0.0,0.0,0.0,0.0,0.0,0.0,0.0,0.0,0.0,0.0,0.0,0.0,0.0,0.0,0.0,0.0,1.2237902712390048,0.37356235385806016,305.23295349470438,363.9844505191402,7727.468387545339,0.24761984247630959,0.037793016250963,184.97039232792674,220.66837013662866,4551.901511801059,2.019440088863187,0.3816024355372614,122.99850549618495,146.87480745646583,3076.222902889185,0.2707525560925349,0.05116261452995745,16.839257538358209,20.126969733088779,393.68845155361489,0.0,0.0,9.997180403365914,12.10867546252286,161.95961066018749,0.0,0.0,78.90547945452529,94.45083474947174,1816.7906849182203,0.0,0.0,288.07683660902299,346.6520831258249,5771.59788985987,0.0,0.0,35.28303223015215,42.752862272172709,563.8851325276526,0.0,0.0,149.7989075160859,181.0389961889515,2623.233192100318,28.97024796451499,19.86985457099794,256.81599223574008,308.0888065432767,6227.140339576663,0.0,0.0,178.97085757910444,216.23446004411324,3172.0041005807436,1783.8051760724976,21.7780367015384,35.45179914204702,21.75,30.0,0.0,21.278435683409695,36.80224956872434,16.0,30.0,1105.1055183028007,21.48535393442183,36.367910964641598,21.5,30.0,0.0,20.481207798069084,48.38093547307062,19.0,30.0,0.0,16.99801128260585,51.93805214130675,12.0,30.0,0.0,20.47174289645609,41.39416663697382,16.0,30.0,0.0,18.940495283746079,45.09701296849693,10.0,30.0,0.0,16.887942614836505,52.305442290726258,16.0,30.0,0.0,17.659224170465597,49.59790669350341,16.0,30.0,0.0,19.58782405039809,0.0,0.0,0.0,17.751917256002778,0.0,0.0,547.3444099903617,539.778984840559,547.2064089494718,1010.0157941375807,543.154225355596,560.7847654669727,558.8799732376765,563.5455021100521,562.6985360040278,9522.23613464884,81.7086599045055,81.7086599045055,162.0,0.0,162.0,162.0,16.0,19.0,16.0,16.0,16.0,12.0,21.0,10.0,1.0,0.0,1783.8051760724976,0.0,1105.1055183028007,0.0,0.0,0.0,0.0,0.0,0.0,0.0,0.0,81.7086599045055,81.7086599045055,0.34,0.770765048214259,0.36028137401965956,81.7086599045055,0.3542647819438875,0.0,0.007649999999999999 
 03/07  17:40:00,8.733333333333333,59.33333333333333,2.58,11.666666666666668,0.0,0.0,4.0,0.0,0.0,0.0,0.0,0.0,0.0,0.0,0.0,1293.0,0.0,16.4411654537226,4.023447485760448,10.309942091201359,0.4929920185633554,13.121646030572468,0.0,4.023447485760446,5.500357749715867,0.0,0.0,20.887674236031545,-245.85191279636485,21.177212815248724,-241.35459331950796,20.597828783820157,-309.40667748631446,19.965509590179349,-39.118470747745877,16.911388199967399,28.82876256703717,20.330831824649374,-205.75656269282474,18.33542584775337,97.22796124572733,16.678847025556924,49.322858090002529,17.474187953327517,21.752780996125929,575.4399276794625,486.5913542917628,0.0,0.0,0.0,0.0,0.0,0.0,0.0,0.0,0.0,0.0,0.0,0.0,0.0,0.0,0.0,0.0,0.0,0.0,0.0,0.0,0.0,0.0,1.2873818091685055,0.3929736902223766,219.93803279848525,262.71966193994816,5631.358400104323,0.24144012427500037,0.03684983581730776,148.29530010613488,177.38899696527109,3707.444320170749,2.03056121750088,0.38370393376811826,79.32820753995581,94.75403016528934,2045.629545683536,0.24104053090330897,0.0455480972984333,12.05273287522982,14.416919216470815,291.1231437217001,0.0,0.0,9.273586163627109,11.236244242364906,156.7232274458198,0.0,0.0,71.14422621791323,85.26167287592176,1652.0211854976554,0.0,0.0,275.2518138748125,331.4887224646211,5644.861251846079,0.0,0.0,33.98160187298998,41.19541689287175,565.8730597057763,0.0,0.0,147.0814189241635,177.86356849014283,2664.75391599237,28.854530835812875,19.7904875417098,165.93096382895187,199.64896985859964,4178.020156059974,0.0,0.0,175.32690788317488,212.06684126924149,3163.555974474331,465.7266616222645,21.405603658980334,35.792798516478089,21.250000000000008,30.00000000000001,15.223188242001946,21.102734174563218,36.74037142763946,21.000000000000008,30.00000000000001,82.12077700390194,21.296039225199214,35.94119005738803,21.000000000000008,30.00000000000001,0.0,20.453497045186539,49.979003001327487,19.000000000000008,30.00000000000001,0.0,16.981379144657319,51.42878849976478,12.000000000000004,30.00000000000001,0.0,20.201942503065099,41.22286648630011,16.000000000000008,30.00000000000001,0.0,18.809958356957524,44.471562451375749,10.000000000000004,30.00000000000001,0.0,16.85666199016072,51.379411244399488,16.000000000000008,30.00000000000001,0.0,17.59571178938398,48.65479492194466,16.000000000000008,30.00000000000001,0.0,19.26484424479962,0.0,0.0,0.0,17.543778763434128,0.0,0.0,554.1819096020314,560.7403450244914,566.8143908519314,1117.9977414086296,549.2416039330672,558.4721683025096,557.4572421709958,559.2173993928306,558.115162333931,5231.926831777431,80.85610961829554,82.60780852638163,162.00000000000007,0.0,162.00000000000007,162.00000000000007,21.0,19.0,16.0,16.0,16.0,12.0,21.0,10.0,1.0,0.0,465.7266616222645,15.223188242001946,82.12077700390194,0.0,0.0,0.0,0.0,0.0,2650.9698710458249,1590581.922627495,2058764.8976127918,80.85610961829554,82.63755818908223,0.17336566236819418,0.34820695376923807,0.18014068700982978,82.63755818908223,0.17713239097194376,2058764.8976127918,0.11480477467586518 
 03/07  17:50:00,8.376666666666667,60.16666666666667,2.28,0.0,0.0,0.0,4.0,0.0,0.0,0.0,0.0,0.0,0.0,0.0,0.0,1620.0,0.0,0.0,0.0,0.0,0.0,0.0,0.0,0.0,0.0,0.0,0.0,20.98924847857301,-505.5822168084942,21.556545302330755,-288.0065318302899,20.92684969970312,-454.73483595212778,19.96448173509607,-20.367687151252313,16.919159252033205,28.120108651342006,20.126847038040976,-180.2967580920211,18.3282263149649,159.9677063362804,16.65636807662021,40.08439606131005,17.429061330291455,-2.73125930792121,708.6401892702131,530.3801757547061,0.0,0.0,0.0,0.0,0.0,0.0,0.0,0.0,0.0,0.0,0.0,0.0,0.0,0.0,0.0,0.0,0.0,0.0,0.0,0.0,0.0,0.0,1.3523350172461884,0.4128006768150758,248.69305297343838,296.8425134166728,6659.505183158808,0.24778671978407819,0.03781848592553086,92.3341289747441,110.13977123300862,2473.8501356077497,2.0555806034704129,0.38843170889463599,118.9767067652632,141.9511689044498,3267.2475232918188,0.2968257169747939,0.05608951567928833,21.30717918378479,25.47581014643948,527.0289108305069,0.0,0.0,9.486634284006645,11.501614585239985,167.12866026920944,0.0,0.0,69.13825841828487,82.97646003515774,1627.1131784017962,0.0,0.0,278.64357022718959,335.75020717503755,5912.928171214995,0.0,0.0,34.036693231095927,41.288615911445948,588.937191663182,0.0,0.0,148.3214876334983,179.48533014467939,2773.0024954149805,29.408028091759744,20.170115289272809,189.0351426671667,227.2539418698796,4906.400488664949,0.0,0.0,176.43842086422908,213.63384117175588,3248.6153671063777,596.3271066552038,21.626957689538427,35.207658658379198,21.6,30.0,957.8145389831904,21.82298577244633,34.76902941285024,21.8,30.0,1149.0134073673483,21.80679066311125,34.6290890407665,21.4,30.0,0.0,20.44575654994478,49.951739922383229,19.0,30.0,0.0,16.97395521334189,50.83335341757606,12.000000000000002,30.0,0.0,19.98663773346497,41.22413696910007,16.0,30.0,0.0,18.801834995608276,43.95175456172309,10.0,30.0,0.0,16.815754634207786,50.70003560032338,16.0,30.0,0.0,17.51951269757212,48.212000340940019,16.0,30.0,0.0,19.33739740885127,0.0,0.0,0.0,17.361202438135967,0.0,0.0,580.9405632034811,569.6403625956527,573.1163714082701,1152.0108129846879,552.6016018409324,558.3704354689479,563.0638261490318,558.1158420065332,557.9806872106767,7595.5551902366,81.61065011441409,82.95914108171971,162.0,0.0,162.0,162.0,21.0,19.0,16.0,16.0,16.0,12.0,21.0,10.0,1.0,0.0,596.3271066552038,957.8145389831904,1149.0134073673483,0.0,0.0,0.0,0.0,0.0,2040.8451422980559,1224507.0853788334,1585543.8218882345,81.61065011441409,82.98204293502735,0.2720281714099352,0.6173467439518569,0.28822509921572767,82.98204293502735,0.28341182555511,1585543.8218882345,0.09023327873818819 
 03/07  18:00:00,8.02,61.0,1.98,0.0,0.0,0.0,4.0,0.0,0.0,0.0,0.0,0.0,0.0,0.0,0.0,975.0,0.0,0.0,0.0,0.0,0.0,0.0,0.0,0.0,0.0,0.0,0.0,20.988864285364405,-994.3336620651833,21.23337182346983,-129.374792973827,20.718748759555575,-181.5158264328062,19.97320935398312,-43.4973540330807,16.931995184910897,26.607524466590048,19.96042572947421,-156.58358033506586,18.313193027255424,139.10270213807793,16.632310958751377,35.01390010617027,17.38058848947999,-13.409641926711942,710.2514623724801,577.4400322675126,0.0,0.0,0.0,0.0,0.0,0.0,0.0,0.0,0.0,0.0,0.0,0.0,0.0,0.0,0.0,0.0,0.0,0.0,0.0,0.0,0.0,0.0,1.369310929477005,0.41798257920543538,293.86128150780658,350.622989836612,7993.621447845899,0.2516924882886196,0.03841460443965504,97.55580823421784,116.48300751350345,2622.0164445914799,2.5293226959113066,0.47795213452594656,159.19552726846536,189.92126040510215,4380.47558029735,0.28009558797177666,0.05292811564092531,14.404091956163486,17.246725069856497,368.7695908886234,0.0,0.0,9.36743555858514,11.352612693193893,171.9246551924744,0.0,0.0,66.30104334189743,79.58471931088013,1586.3933109828197,0.0,0.0,279.53921808591385,336.7697768070953,6111.038085191714,0.0,0.0,34.51011372119654,41.85586353430001,619.5479769730013,0.0,0.0,150.46010180913178,182.07564742367073,2899.8406685189017,29.38670856706203,20.155492844349838,240.82468835439114,289.04159673729597,6386.574408729539,0.0,0.0,179.17958452660978,217.00633775316306,3377.271992082725,1276.115959386802,21.497968601572823,34.97593483437015,21.666666666666687,30.00000000000002,0.0,21.315781335779208,35.711653884540819,21.000000000000015,30.00000000000002,899.8916812336507,21.333613961333876,35.88167711747152,21.33333333333335,30.00000000000002,0.0,20.44209830320774,49.27804432268841,19.000000000000015,30.00000000000002,0.0,16.974553488403254,50.21718198344148,12.00000000000001,30.00000000000002,0.0,19.81501825655856,41.257371658193388,16.000000000000015,30.00000000000002,0.0,18.755831473664988,43.730782361783038,10.000000000000007,30.00000000000002,0.0,16.77263136939076,50.22069406099906,16.000000000000015,30.00000000000002,0.0,17.439654264367694,47.97443672416508,16.000000000000015,30.00000000000002,0.0,19.55590247417753,0.0,0.0,0.0,17.21112597644696,0.0,0.0,585.4453134677514,607.2928619196298,600.4860929071621,1148.6668107220644,556.4526059942227,562.2088920096583,567.4669328736184,560.2932446560199,561.4508724625182,7613.159178309563,82.97087689739816,82.97087689739817,162.0000000000001,0.0,162.0000000000001,162.0000000000001,21.0,19.0,16.0,16.0,16.0,12.0,21.0,10.0,1.0,0.0,1276.115959386802,0.0,899.8916812336507,0.0,0.0,0.0,0.0,0.0,0.0,0.0,0.0,82.97087689739816,82.97087689739816,0.3400000000000003,0.7685879645503,0.3602813740196598,82.97087689739816,0.3542647819438878,0.0,0.007821000000000002 
 03/07  18:10:00,7.595000000000001,62.66666666666667,2.0533333333333338,0.0,0.0,0.0,0.0,0.0,0.0,0.0,0.0,4.0,0.0,0.0,0.0,975.0,0.0,0.0,0.0,0.0,0.0,0.0,0.0,0.0,0.0,0.0,0.0,20.968306741905154,-1034.1005821839536,21.271514982756103,-30.43372825532233,20.74843062127357,-127.7251848338401,20.054149354017409,428.34489640024006,16.947940208806693,26.122571516533605,19.819788559399734,-130.73640903803668,18.347581861810629,147.3958146329278,16.603987250312934,24.55732220014996,17.322918778668006,-45.364381038467708,736.0393644614318,655.5080302530087,0.0,0.0,0.0,0.0,0.0,0.0,0.0,0.0,0.0,0.0,0.0,0.0,0.0,0.0,0.0,0.0,0.0,0.0,0.0,0.0,0.0,0.0,1.329568718392855,0.40585125714067618,257.25994712543845,306.81056608593959,7306.416436871552,0.2794641843974077,0.04265326379691816,13.637246832963293,16.280618351251424,388.5510825683118,2.657998741795814,0.5022673359402522,283.97811332961558,339.36633118678358,7888.496562045692,0.35930223022326859,0.06789535718504696,301.5669103889553,361.12925737078629,7991.990870619729,0.0,0.0,9.534793713880028,11.558894847566103,183.43722184189662,0.0,0.0,61.30513375803112,73.65047684367431,1503.8750126197566,0.0,0.0,290.322087423278,349.75525845124187,6628.138323534625,0.0,0.0,35.45983645801166,43.02500277144421,664.0637063540069,0.0,0.0,161.21273659877788,195.18008346249435,3217.0430387658809,29.877456585860278,20.492082706351366,307.2299738834426,369.37921534309666,8204.514392195282,0.0,0.0,190.90040606320998,231.32168087368229,3721.565382513939,1204.8714271002853,21.666917041561683,36.0176446526203,21.666666666666669,30.0,0.0,21.455914682094883,38.689722182905459,21.0,30.0,0.0,21.237949755815174,38.23042898163904,21.0,30.0,0.0,20.69378081689301,39.4304229416713,16.0,30.0,0.0,16.981141358006075,49.61606525670972,12.0,30.0,0.0,19.679732883105929,41.1912417055225,16.0,30.0,0.0,18.807810018920564,43.44784991609126,10.0,30.0,0.0,16.723177589856964,49.645543285175197,16.0,30.0,0.0,17.344999276723898,47.513055851854939,16.0,30.0,0.0,19.579746885605588,0.0,0.0,0.0,17.09271084711761,0.0,0.0,674.3476551334283,777.3676137478076,737.2262660424268,724.8010116031373,564.0775540901198,579.0896344825426,601.7005528096012,568.2969866804083,572.5255929521256,9931.544904713803,81.43798501242157,81.43798501242157,240.0,0.0,240.0,240.0,21.0,16.0,16.0,16.0,16.0,12.0,21.0,10.0,1.0,0.0,1204.8714271002853,0.0,0.0,0.0,0.0,0.0,0.0,0.0,0.0,0.0,0.0,81.43798501242157,81.43798501242157,0.34,0.7716855587254177,0.36028137401965956,81.43798501242157,0.3542647819438875,0.0,0.011640000000000001 
 03/07  18:20:00,7.17,64.33333333333334,2.126666666666667,0.0,0.0,0.0,0.0,0.0,0.0,0.0,0.0,4.0,0.0,0.0,0.0,650.0,0.0,0.0,0.0,0.0,0.0,0.0,0.0,0.0,0.0,0.0,0.0,21.028763930876193,-558.1718587042656,21.334038720533344,-79.75348887452833,21.0259930701797,-1239.9375485991123,20.031302720699516,348.0418163874501,16.9661867742976,23.648370734713013,19.70337916895239,-113.23565184744894,18.268813067006094,82.5338877140739,16.58129122661466,26.18190610088368,17.27720248110642,-29.41038905448113,756.8378935348892,701.3738891593375,0.0,0.0,0.0,0.0,0.0,0.0,0.0,0.0,0.0,0.0,0.0,0.0,0.0,0.0,0.0,0.0,0.0,0.0,0.0,0.0,0.0,0.0,1.4716187079210719,0.449212059804967,180.38129797224438,215.3295165938513,5278.660075583887,0.22832788564270993,0.034848578394797,16.391981949099269,19.511564036300457,483.40238358901208,2.721646717490229,0.5142945422317138,306.09868136369098,364.61863682361595,9126.5993236328,0.3462746316336338,0.06543360386123087,276.881798901733,331.22152704842838,7546.937348120995,0.0,0.0,8.912996859716899,10.798907119879829,179.466420934238,0.0,0.0,58.98970242831406,70.84269201271983,1486.281608806172,0.0,0.0,285.0829156797617,343.4892656915706,6663.210781991562,0.0,0.0,34.73236386851722,42.129010504508737,678.4195304250137,0.0,0.0,162.67855045451359,196.9167559777438,3368.33586283625,29.75924474526378,20.4110046263812,302.5382355537969,363.3587051702981,8279.516423111945,0.0,0.0,192.10587739466684,232.77679067060454,3870.0561700104046,1115.318639625815,21.67492517858569,35.80285479615651,22.0,30.0,0.0,21.60299621933482,41.979913390251429,21.0,30.0,2087.255325705039,21.804083399996978,35.46641931671225,21.5,30.0,0.0,20.636413212799178,38.90678770345809,16.0,30.0,0.0,16.991985533865426,49.27087400157431,12.0,30.0,0.0,19.575354547753393,41.47480768052411,16.0,30.0,0.0,18.638724741036769,43.69123995970092,10.0,30.0,0.0,16.687286516312456,49.68421695460255,16.0,30.0,0.0,17.28059088019304,47.87791511575003,16.0,30.0,0.0,19.432594429402287,0.0,0.0,0.0,16.982823462050449,0.0,0.0,661.1029759096603,981.3699661932415,674.0830922587281,696.4735402837989,579.6290672028591,600.932679920963,603.3877096817528,588.5587150651177,596.0038437963717,10238.445746426842,81.23499579824859,84.7759082330829,240.0,0.0,240.0,240.0,21.0,16.0,16.0,16.0,16.0,12.0,21.0,10.0,1.0,0.0,1115.318639625815,0.0,2087.255325705039,0.0,0.0,0.0,0.0,0.0,5358.654874365804,3215192.9246194825,4175242.7311548755,81.23499579824859,84.83604468124897,0.3486218291455268,0.7664452448808952,0.36028137401965956,84.83604468124897,0.3542647819438875,4175242.7311548755,0.22879262202005355 
 03/07  18:30:00,6.744999999999999,66.0,2.2,0.0,0.0,0.0,0.0,0.0,0.0,0.0,0.0,4.0,0.0,0.0,0.0,650.0,0.0,0.0,0.0,0.0,0.0,0.0,0.0,0.0,0.0,0.0,0.0,20.736453670933654,-406.5782869891618,21.345846967645927,-97.86093127268896,20.49865737123596,-419.8899513706315,20.100766805499889,270.103560331178,16.98358362727882,22.03105005529008,19.599830721159596,-99.13511686437573,18.224193080574108,87.50824230464423,16.550994095256578,12.62249053068308,17.21511235749884,-74.04397385573066,775.7431304647444,752.3561474532025,0.0,0.0,0.0,0.0,0.0,0.0,0.0,0.0,0.0,0.0,0.0,0.0,0.0,0.0,0.0,0.0,0.0,0.0,0.0,0.0,0.0,0.0,1.5669607189977839,0.47831523778931137,149.8746319134238,178.96077366973806,4373.347314826361,0.20336982687908343,0.031039350866770976,23.371130032690414,27.817051927427529,708.2614629003992,3.0207729621981365,0.570818775925574,234.24262628882139,280.2464591376042,6815.033778144754,0.34946239614019006,0.06603597810661186,169.5009954647426,203.08885217521206,4853.85935237645,0.0,0.0,8.87589419214545,10.756651268038784,186.64327946168869,0.0,0.0,55.8552866853464,67.10380424979566,1445.8629323820947,0.0,0.0,286.8162460432633,345.7444952588721,6905.327762532301,0.0,0.0,34.86881509439988,42.31100753778075,707.9939614901998,0.0,0.0,167.1341782929489,202.43054362807465,3573.063374181567,30.033957890323536,20.599422421346739,241.33785472737126,290.2527207989556,7007.524735887644,0.0,0.0,197.03717840360833,238.92306379985127,4086.1626725283588,275.26445745404529,21.101166160703696,37.229589244408987,21.0,30.0,0.0,21.656578418953957,42.87119545467989,21.0,30.0,233.4536644563724,20.977958230757289,37.047185569865508,21.0,30.0,0.0,20.769519356411437,38.29387116740539,16.0,30.0,0.0,17.001958624077078,48.99709825285515,12.0,30.0,0.0,19.48536424735228,41.69041653263895,16.0,30.0,0.0,18.553259549081188,43.97416623369996,10.0,30.0,0.0,16.635544627402525,49.71071139339934,16.0,30.0,0.0,17.179282086829887,47.98749083732356,16.0,30.0,0.0,19.382037980503904,0.0,0.0,0.0,16.840154271343374,0.0,0.0,686.8806401161128,1055.2133903988734,659.1795041614846,695.4113705496764,593.1870564016426,621.0075932526298,624.9065768292243,606.7631159826067,612.7426798867728,8434.918394719112,82.42754642882795,82.42754642882795,240.0,0.0,240.0,240.0,21.0,16.0,16.0,16.0,16.0,12.0,21.0,10.0,1.0,0.0,275.26445745404529,0.0,233.4536644563724,0.0,0.0,0.0,0.0,0.0,0.0,0.0,0.0,82.42754642882795,82.42754642882795,0.34,0.7719969814749623,0.36028137401965956,82.42754642882795,0.3542647819438875,0.0,0.011719999999999998 
 03/07  18:40:00,6.32,67.66666666666666,2.2733333333333336,0.0,0.0,0.0,0.0,0.0,0.0,0.0,0.0,4.0,0.0,0.0,0.0,2925.0,0.0,0.0,0.0,0.0,0.0,0.0,0.0,0.0,0.0,0.0,0.0,20.872809070325446,-528.5577490572907,21.332599007678856,-120.2606328410132,20.890691839088626,-1068.8715931711845,20.07231939113303,414.1742030920507,16.99822429222495,18.73810080031133,19.502265840600069,-113.05598952116445,18.19875042484533,100.18772203180724,17.554461043302504,-35.44038823052649,17.15814822536105,-117.09194889506122,811.6882932817202,728.1437920381878,0.0,0.0,0.0,0.0,0.0,0.0,0.0,0.0,0.0,0.0,0.0,0.0,0.0,0.0,0.0,0.0,0.0,0.0,0.0,0.0,0.0,0.0,1.5928067267478186,0.4862047395445122,142.05406271387876,169.90314796545429,4397.091382723055,0.20648001368662653,0.031514043602965047,24.032334510083456,28.69023685290103,749.0607161334673,2.9935673870604808,0.5656778887113547,276.7761861353094,330.9529153657276,8628.931217184772,0.3703910964005231,0.06999075895701509,281.4151890840671,337.44302438107987,8212.35711924699,0.0,0.0,8.77485479633063,10.654953345457648,192.23066107833504,0.0,0.0,59.16418508700266,71.25740977289748,1572.5437522669179,0.0,0.0,274.90696819141416,332.0825598368149,6839.9111626752169,0.0,0.0,19.945019764339614,24.148535282485307,476.45521754792306,0.0,0.0,170.8739778483369,207.38636557562678,3773.3813488237676,29.93231518189242,20.52970862955589,289.5888886976286,348.96427329801318,8449.144808783703,0.0,0.0,183.02755237618559,222.54169031722294,3872.0842941454695,763.4084367787414,21.499725756417378,35.98408137124074,21.44444444444449,30.000000000000065,0.0,21.663782562164955,42.68420723443104,21.000000000000044,30.000000000000065,1471.722935381375,21.558005621527366,35.10540800554697,21.44444444444449,30.000000000000065,0.0,20.737476745975746,37.38578749295801,16.000000000000033,30.000000000000065,0.0,17.00753088088317,48.82591571379153,12.000000000000029,30.000000000000065,0.0,19.397771871842289,41.85686041293931,19.000000000000044,30.000000000000065,0.0,18.52459573201153,43.90793269841991,10.000000000000022,30.000000000000065,1316.8657350368733,18.193548266947216,45.09820728658381,20.700000000000047,30.000000000000065,0.0,17.09899909795065,48.200251124690378,16.000000000000033,30.000000000000065,0.0,19.270963473115989,0.0,0.0,0.0,16.61256304381127,0.0,0.0,685.2536253147744,1065.2976950267726,656.9272103977498,668.1534439318702,605.0718106448021,637.8274799237513,643.2884404862645,619.2838589027249,630.3764194800072,9943.393484356167,81.43007904846397,83.10092809597764,240.0000000000005,0.0,240.0000000000005,240.0000000000005,21.0,16.0,19.0,16.0,19.7,12.0,21.0,10.0,1.0,0.0,763.4084367787414,0.0,1471.722935381375,0.0,0.0,0.0,1316.8657350368733,0.0,2528.3961072304548,1517037.6643382712,1971248.059299277,81.43007904846397,83.12930465964259,0.3487243146854603,0.7692389649000556,0.36028137401966039,83.12930465964259,0.3542647819438883,1971248.059299277,0.11426489908356238 
 03/07  18:50:00,5.895,69.33333333333334,2.3466666666666669,0.0,0.0,0.0,0.0,0.0,0.0,0.0,0.0,4.0,0.0,0.0,0.0,1625.0,0.0,0.0,0.0,0.0,0.0,0.0,0.0,0.0,0.0,0.0,0.0,21.165193908571099,-885.3258277934658,21.313581742513887,-110.21558758376978,20.930343505484449,-858.2822438470455,20.058472070019098,389.81888523405669,17.013427863562375,18.235230590782068,19.395733201639989,-110.78858570178638,18.17671046651989,96.24777638126871,18.756431870796818,-140.33226622028776,17.07139156948604,-121.57081235163987,866.8303612250716,844.5603644406566,0.0,0.0,0.0,0.0,0.0,0.0,0.0,0.0,0.0,0.0,0.0,0.0,0.0,0.0,0.0,0.0,0.0,0.0,0.0,0.0,0.0,0.0,1.5823830907309416,0.48302292146854139,203.69435346477767,243.34146633324284,6567.340038516015,0.21991548544447507,0.03356463453059754,22.082776656918204,26.369073187858324,708.3938477660951,3.253482797184283,0.6147926676463122,328.62196454229737,392.8751969374167,10420.847440950469,0.3894345835872454,0.07358930150930564,265.5266108135259,318.1082281178052,7972.702622069015,0.0,0.0,8.911104947302935,10.816979204632475,203.1735941091776,0.0,0.0,57.84712539762493,69.677725089999,1575.756503313372,0.0,0.0,278.65012662531566,336.5753386058724,7151.372904485365,0.0,0.0,30.295078239846786,36.32132404165172,889.958079050086,0.0,0.0,189.45572256525035,230.01009383372949,4301.428361753103,29.927197577039644,20.526198612510048,333.156293388427,401.15713884875529,9949.609998507967,0.0,0.0,193.26445794971444,234.9472696551947,4245.849770330907,1534.8037502308544,21.818432281823108,34.75563727271628,22.0,30.0,0.0,21.66264516094,42.607096251582138,21.0,30.0,1546.8891392460792,21.445615518330056,35.22563786381847,21.400000000000003,30.0,0.0,20.694345386028837,37.21409179808502,16.0,30.0,0.0,17.016428313467828,48.589352023225519,12.000000000000002,30.0,0.0,19.29093915037301,41.866032767392649,19.0,30.0,0.0,18.47979051210702,43.75941379047588,10.0,30.0,1231.8757943742913,20.263060973199879,39.43001209542132,20.7,30.0,0.0,16.968972800326953,48.41888599068447,16.0,30.0,0.0,19.36609751388714,0.0,0.0,0.0,16.577963198146909,0.0,0.0,676.9714379166811,1078.662438792619,663.3721433105907,670.2649860263227,620.2337919701946,647.2312665353475,651.043946429793,635.6097153502818,643.3691742780834,10445.323847322445,81.09812443092344,82.70150301267745,240.0,0.0,240.0,240.0,21.0,16.0,19.0,16.0,19.7,12.0,21.0,10.0,1.0,0.0,1534.8037502308544,0.0,1546.8891392460792,0.0,0.0,0.0,1231.8757943742913,0.0,2426.132508280852,1455679.5049685112,1884520.2038504845,81.09812443092344,82.72873370384721,0.35287108360936178,0.771239886615729,0.36028137401965956,82.72873370384721,0.35426478194388757,1884520.2038504845,0.10950171726689188 
 03/07  19:00:00,5.47,71.0,2.42,0.0,0.0,0.0,0.0,0.0,0.0,0.0,0.0,4.0,0.0,0.0,0.0,1302.0,0.0,0.0,0.0,0.0,0.0,0.0,0.0,0.0,0.0,0.0,0.0,20.930989158303743,-420.15999336459097,21.28969514610872,-149.91800635885924,21.08383351666926,-1393.6002278612787,20.097414989479448,313.30706163779476,17.02861671518658,15.650124952544758,19.29689940435933,-97.97204126057193,18.110725550744485,5.432315953145007,18.887795765026703,-160.47422930922745,17.00979666784606,-110.28761371524911,822.5696244403141,884.0694741189461,0.0,0.0,0.0,0.0,0.0,0.0,0.0,0.0,0.0,0.0,0.0,0.0,0.0,0.0,0.0,0.0,0.0,0.0,0.0,0.0,0.0,0.0,1.7173227721171185,0.5242133004020508,198.27644454054798,237.06546272238848,6432.479564735528,0.2013294036343788,0.030727930957628024,28.54336441638738,34.06067048948519,937.01825157301,3.222560791065609,0.6089495070040837,318.2402745423577,380.12109446052656,10452.91736053759,0.37325661112034949,0.07053223944073119,259.24461670520909,310.68777349969897,8027.845741412941,0.0,0.0,8.400488603831488,10.19791003295861,199.03793878913258,0.0,0.0,57.74896979656348,69.57831540720957,1612.5873570497054,0.0,0.0,272.2292299513359,329.00813637264596,7145.701310448361,0.0,0.0,37.46802137384667,44.97708037474918,1123.8600444505624,0.0,0.0,192.20805284849306,233.44502424545414,4502.30846685474,29.654230907792394,20.338978674754736,323.0817647030325,388.73006390613559,10027.902351675888,0.0,0.0,196.88027294418297,239.43210616464274,4471.521767778437,613.6069614342598,21.29484034309444,36.105655001115668,21.25,30.0,0.0,21.647145550377777,42.36316099298365,21.0,30.0,2013.427382373256,21.553004490073137,34.51157688735982,21.5,30.0,0.0,20.747563952277998,36.88649613179459,16.0,30.0,0.0,17.026248296367418,48.33247824438373,12.0,30.0,0.0,19.195663694518055,41.99651085946081,19.0,30.0,0.0,18.330572246916839,44.06825471369669,10.0,30.0,638.3896836785808,20.261707621739448,39.15242624231924,19.95,30.0,0.0,16.88883348358153,48.40880177543346,16.0,30.0,0.0,19.26178862555096,0.0,0.0,0.0,16.512742027751189,0.0,0.0,696.5846239965574,1078.250446997973,657.7452353711904,673.854871697602,631.5639288615794,659.2483260643321,658.1690690450137,648.8720982722944,648.641157808948,6675.958126139456,82.25108432055075,82.25108432055075,240.0,0.0,240.0,240.0,21.0,16.0,19.0,16.0,19.7,12.0,21.0,10.0,1.0,0.0,613.6069614342598,0.0,2013.427382373256,0.0,0.0,0.0,638.3896836785808,0.0,0.0,0.0,0.0,82.25108432055075,82.25108432055075,0.255,0.5396630022277622,0.27021103051474468,82.25108432055075,0.2656985864579156,0.0,0.011253333333333333 
 03/07  19:10:00,5.288333333333334,71.5,2.3266666666666668,0.0,0.0,0.0,0.0,1.0,2.0,0.0,0.0,4.0,0.0,0.0,0.0,1304.0,0.0,0.0,0.0,0.0,0.0,0.0,0.0,0.0,0.0,0.0,0.0,21.130562042276,-572.9947227110829,21.264594944217465,-97.94211622556097,21.12815427354164,-974.4512478789156,20.136584724406995,338.09041307615146,17.041956130710124,14.830466241713822,19.31931620464996,-34.35773363668318,18.01064698789297,42.33287523257286,19.16017080799692,-234.79661859546793,16.95012366970585,-121.69121352842808,913.1463652692473,941.0506548098281,0.0,0.0,0.0,0.0,0.0,0.0,0.0,0.0,0.0,0.0,0.0,0.0,0.0,0.0,0.0,0.0,0.0,0.0,0.0,0.0,0.0,0.0,1.7080435687949514,0.5213808207554798,306.00052435814396,365.9600555923155,10053.761024233196,0.23288290587660025,0.03554378905320517,24.07009160349824,28.741062153101347,800.2304977692182,3.374259885086829,0.6376152466150473,412.5469744541131,493.15230637644779,13711.62913836017,0.3820697842707469,0.07219761607534897,250.7828645961502,300.46893449294807,7894.9168067524719,0.0,0.0,8.745025426805956,10.615020967483254,210.59153517547495,0.0,0.0,12.140121921580958,14.620088413646162,345.4589059070141,0.0,0.0,224.89099838084588,271.97101090810426,5915.2929136373709,0.0,0.0,45.49092160736605,54.54300925537838,1411.3740665109447,0.0,0.0,190.42998357155546,231.37207942709734,4500.588625251699,29.586253466437094,20.292354915251786,417.0808428830975,501.68274341352176,13158.309685405351,0.0,0.0,195.45656754186479,237.79765881774515,4475.323195721774,836.3670237985233,21.529671848266426,34.81451403916946,21.5,30.0,0.0,21.62867225989807,41.892738001786799,21.0,30.0,1027.2715579223264,21.628758240602303,34.13973668479956,21.5,30.0,0.0,20.81795528531732,36.29509989453062,16.0,30.0,0.0,17.034200838778909,48.09065127041421,12.0,30.0,0.0,19.278801513213137,43.35043624113286,19.0,30.0,0.0,18.16674785099311,44.029823165939877,10.0,30.0,523.8558481643636,20.607725832650094,38.76014921952407,20.2,30.0,0.0,16.80618186131644,48.45760461591419,16.0,30.0,0.0,19.7572750597444,0.0,0.0,0.0,16.416228574277043,0.0,0.0,679.9503026053274,1071.6585532654947,663.7627294189857,674.616520343043,643.6218609837225,769.2207141081776,667.7182513193053,704.2605146197503,666.8909067689258,9627.492211780933,81.63904555643554,83.35319522158908,270.0,0.0,270.0,270.0,21.0,16.0,19.0,16.0,19.7,12.0,21.0,10.0,1.0,0.0,836.3670237985233,0.0,1027.2715579223264,0.0,0.0,0.0,523.8558481643636,0.0,2594.2005486832688,1556520.3292099613,2016253.7088326326,81.63904555643554,83.38230717348974,0.34147335162277567,0.7713998135238305,0.36028137401965956,83.38230717348974,0.3542647819438875,2016253.7088326326,0.11722019285929691 
 03/07  19:20:00,5.106666666666667,72.0,2.2333333333333336,0.0,0.0,0.0,0.0,1.0,2.0,0.0,0.0,4.0,0.0,0.0,0.0,1304.0,0.0,0.0,0.0,0.0,0.0,0.0,0.0,0.0,0.0,0.0,0.0,21.19123916306239,-617.9729091393535,21.249958152492327,-117.25524662322079,21.174963341527524,-1358.716926956578,20.120029548972604,401.9856637491348,17.054736484841276,13.546970537109189,19.380021796641388,-36.06005293681335,17.975562730532304,29.837051194612515,19.047858143311637,-198.95395573325136,16.881302965486574,-166.37766015467038,918.3196625007081,931.6609335188402,0.0,0.0,0.0,0.0,0.0,0.0,0.0,0.0,0.0,0.0,0.0,0.0,0.0,0.0,0.0,0.0,0.0,0.0,0.0,0.0,0.0,0.0,1.717282605887745,0.5242010396482739,251.4744849436033,300.50151577806607,8435.949064399876,0.2284298607871641,0.03486414236678329,25.038265875871198,29.919271656283429,840.728829273679,3.240579164791918,0.6123543395298411,394.50836650971498,471.3924968396088,13292.833271078227,0.38950227619476648,0.07360209300732546,285.4013080740745,341.92581517482867,9068.980720311733,0.0,0.0,8.749725454890982,10.619013327309843,214.1054337035667,0.0,0.0,12.873953318762539,15.489391717610394,374.5322496242114,0.0,0.0,226.21215421814004,273.6218076731602,6003.907631200733,0.0,0.0,39.9880591454153,47.96437889719755,1239.6494003495619,0.0,0.0,190.32910157911562,231.32542387211624,4531.378532027494,30.401859089090736,20.851755205137687,400.4242247184284,481.84130332162627,12695.596534382272,0.0,0.0,194.95396801704718,237.3422526623903,4460.176063644048,847.8638121658587,21.682104519595059,34.5387509869092,21.5,30.0,0.0,21.62125241323553,41.6166266207386,21.0,30.0,1931.6608907465839,21.663230521237087,33.890297709998957,21.5,30.0,0.0,20.780615823473867,36.18618112521894,16.0,30.0,0.0,17.04246747040034,47.838147953096669,12.0,30.0,0.0,19.41455431110942,44.85995674105037,19.0,30.0,0.0,18.101896383513468,44.00100884725808,10.0,30.0,819.293588689688,20.36910636293265,39.43533763993214,20.2,30.0,0.0,16.705811407099355,48.43481225048711,16.0,30.0,0.0,19.566635578163049,0.0,0.0,0.0,16.21752898275085,0.0,0.0,698.3674570899514,1075.0582435570307,673.2460390184579,682.811171809214,658.7853464709135,900.4686560622829,685.9820581458982,740.4437246927532,685.2672027227325,8801.121546824408,82.18546976980618,82.18546976980618,270.0,0.0,270.0,270.0,21.0,16.0,19.0,16.0,19.7,12.0,21.0,10.0,1.0,0.0,847.8638121658587,0.0,1931.6608907465839,0.0,0.0,0.0,819.293588689688,0.0,0.0,0.0,0.0,82.18546976980618,82.18546976980618,0.34,0.770731833481806,0.36028137401965956,82.18546976980618,0.3542647819438875,0.0,0.012585 
 03/07  19:30:00,4.925,72.5,2.14,0.0,0.0,0.0,0.0,1.0,2.0,0.0,0.0,4.0,0.0,0.0,0.0,1306.0,0.0,0.0,0.0,0.0,0.0,0.0,0.0,0.0,0.0,0.0,0.0,21.167686682422397,-646.7550598262305,21.223436408207875,-147.6989547542264,21.122573956125117,-1009.6838905495067,20.114034335743747,256.95137846632749,17.06712388839336,12.730441948610775,19.412470030120443,-36.74937226030181,17.933499657930434,4.50781059038286,19.130862760931053,-215.16813014631124,16.816436423739036,-151.85699580045867,792.8311977833816,971.9125305822113,0.0,0.0,0.0,0.0,0.0,0.0,0.0,0.0,0.0,0.0,0.0,0.0,0.0,0.0,0.0,0.0,0.0,0.0,0.0,0.0,0.0,0.0,1.7239929231479106,0.5262493660402657,121.130941197683,144.91236364243304,4098.114122434747,0.2165035947096724,0.03304389418645794,26.894570504302956,32.13611947677994,910.6534051824644,3.258886448521994,0.61581376578269,213.58009539565,255.10022313250205,7303.61092969299,0.3777418594353945,0.07137979203238745,229.91873068274544,275.4266944024448,7369.866621262841,0.0,0.0,8.619799868278243,10.461620914135472,214.28210629937599,0.0,0.0,12.78666634176115,15.377971173840745,378.7628125509566,0.0,0.0,225.07897878250646,272.32630125539597,6023.400895728145,0.0,0.0,43.23036454357952,51.88828641812499,1349.958010089753,0.0,0.0,191.38958833749838,232.6868379579763,4596.8350802918089,31.023985304400786,21.27845356954787,227.3831868182918,274.09601252841869,7374.0367828254679,0.0,0.0,196.44248229729738,239.23584956192583,4534.8438491603069,888.9226921593099,21.57847898275014,34.305157110248689,21.5,30.0,0.0,21.591440284837007,41.20689058753304,21.0,30.0,1601.3106978281758,21.600664120686774,33.39095577143746,21.5,30.0,0.0,20.737951144441415,35.79521380744281,16.0,30.0,0.0,17.05163489418593,47.634469864851457,12.0,30.0,0.0,19.498665104837106,45.89492354508556,19.0,30.0,0.0,18.024989935642297,44.11441079722121,10.0,30.0,619.2135662104273,20.334844834422787,39.29529915099689,19.95,30.0,0.0,16.62328795830519,48.67860043379925,16.0,30.0,0.0,18.767876327711926,0.0,0.0,0.0,16.132547649598508,0.0,0.0,708.0243048059782,1073.7850271805867,668.2796152534453,683.6810295083337,677.4437256014207,996.7438147145647,707.7027762001673,756.2342899504163,710.0035784760428,6276.891663415881,82.20011516534159,82.2001151653416,270.0,0.0,270.0,270.0,21.0,16.0,19.0,16.0,19.7,12.0,21.0,10.0,1.0,0.0,888.9226921593099,0.0,1601.3106978281758,0.0,0.0,0.0,619.2135662104273,0.0,0.0,0.0,0.0,82.20011516534159,82.20011516534159,0.255,0.5396370573418667,0.27021103051474468,82.20011516534159,0.2656985864579156,0.0,0.012795 
 03/07  19:40:00,4.743333333333333,73.0,2.046666666666667,0.0,0.0,0.0,0.0,1.0,2.0,0.0,0.0,4.0,0.0,0.0,0.0,1308.0,0.0,0.0,0.0,0.0,0.0,0.0,0.0,0.0,0.0,0.0,0.0,21.131048988336035,-585.6654653268113,21.204800704187478,-108.18718849384857,21.235090562099609,-1183.314763128543,20.107363310031198,318.8887827766019,17.07884786559181,12.639866562317195,19.42112363687402,-44.108222176278577,17.92315047410183,27.351067661936896,19.018417484470889,-191.32798306820275,16.756882439820147,-157.50627638576453,921.3109467294869,1010.0265050346122,0.0,0.0,0.0,0.0,0.0,0.0,0.0,0.0,0.0,0.0,0.0,0.0,0.0,0.0,0.0,0.0,0.0,0.0,0.0,0.0,0.0,0.0,1.7100349917636009,0.5219887032245424,223.5219963877124,267.790102390467,7523.783052787691,0.23413722014267253,0.03573522895950436,24.493652367619505,29.260922025023587,839.1036695187315,3.2665349197030224,0.6172590551215087,333.6655955426577,399.0824911566521,11414.802073526349,0.38813026472565856,0.07334283158081224,221.10589331524199,264.80786438374857,7180.5450351992,0.0,0.0,8.935377280895354,10.845506550323285,225.60826315070526,0.0,0.0,13.600232484132072,16.35389665099884,408.82886481531269,0.0,0.0,232.59146545414547,281.44459994889515,6309.638438161972,0.0,0.0,41.48251938200012,49.844120751303098,1288.8431259826364,0.0,0.0,195.64704493575116,237.9384376403125,4742.175782235153,31.834881123172364,21.83462354127049,341.56734821632736,411.44484629220929,11140.732432233082,0.0,0.0,200.63576210077319,244.44480727823766,4665.380001565226,835.8740391028232,21.51097065883862,33.940891557560437,21.5,30.0,0.0,21.581981635193125,41.18316692914344,21.0,30.0,1642.911435389813,21.713743940019645,32.667735075096597,21.5,30.0,0.0,20.734571401825943,35.52210732987181,16.0,30.0,0.0,17.06109666078801,47.38507638572264,12.0,30.0,0.0,19.53587166161524,46.40674543155913,19.0,30.0,0.0,18.020100970256917,43.756425133423267,10.0,30.0,318.4954826176235,20.06167492052642,39.807335879715797,19.7,30.0,0.0,16.545891735377635,48.67418448492856,16.0,30.0,0.0,19.212363744522123,0.0,0.0,0.0,16.027540391039996,0.0,0.0,697.6752326908697,1092.889265282277,665.792394130228,690.5634445130849,695.1396229547574,1057.1637737483134,717.7704794997424,774.2064085141087,728.4796608660549,9081.846559292819,81.99988600613934,81.99988600613934,270.0,0.0,270.0,270.0,21.0,16.0,19.0,16.0,19.7,12.0,21.0,10.0,1.0,0.0,835.8740391028232,0.0,1642.911435389813,0.0,0.0,0.0,318.4954826176235,0.0,0.0,0.0,0.0,81.99988600613934,81.99988600613934,0.34,0.771455005357218,0.36028137401965956,81.99988600613934,0.3542647819438875,0.0,0.013005000000000001 
 03/07  19:50:00,4.5616666666666669,73.5,1.9533333333333332,0.0,0.0,0.0,0.0,1.0,2.0,0.0,0.0,4.0,0.0,0.0,0.0,1308.0,0.0,0.0,0.0,0.0,0.0,0.0,0.0,0.0,0.0,0.0,0.0,21.088622865871487,-468.4453579370984,21.177576489100546,-161.13688644151228,21.298204890623305,-1710.9992432206983,20.102929175914136,294.44182156958177,17.089038096827623,11.466889666886204,19.416449140548126,-36.88924307208097,17.858335681584515,-52.39363607816995,19.400691724680276,-283.9417871500679,16.69466225332043,-173.14099811366737,864.2441879251428,1107.6746195373344,0.0,0.0,0.0,0.0,0.0,0.0,0.0,0.0,0.0,0.0,0.0,0.0,0.0,0.0,0.0,0.0,0.0,0.0,0.0,0.0,0.0,0.0,1.7530612915273405,0.5351224943612151,169.09395332536605,201.97544500962204,5837.36068622823,0.213841750827733,0.03263762985771261,28.890377219576796,34.51081258977554,996.3703497640433,3.1064616006666005,0.5870108844797056,292.3455634612501,349.10812141829686,10182.771873515954,0.37591681285332387,0.0710349230637422,217.0704248156659,260.0293217529801,7120.984324036567,0.0,0.0,8.45849852079174,10.267192969586711,216.83853805885205,0.0,0.0,13.082678704626105,15.730886060467963,398.50903700325957,0.0,0.0,230.06171389527084,278.5088695749055,6268.60492454507,0.0,0.0,49.32050828665439,59.117814543125728,1611.0054876979876,0.0,0.0,200.214213172558,243.5612234513308,4894.411423154517,32.24051720241192,22.112837587388158,295.9113860285752,356.22359743029525,9794.105791396276,0.0,0.0,206.02208160894765,251.02920541188943,4853.552764974379,633.8954019264428,21.43162668613169,34.321428062209808,21.25,30.0,0.0,21.545178202302038,40.64478062800404,21.0,30.0,2010.7751275038164,21.67454414341948,31.50895522775502,21.5,30.0,0.0,20.71704613523783,34.71416928988098,16.0,30.0,0.0,17.06895881111626,47.21136059668105,12.0,30.0,0.0,19.552469859139167,46.90543027903522,19.0,30.0,0.0,17.894277252819906,43.98355832225178,10.0,30.0,829.6177836558179,20.70809531865669,37.86036235932345,20.45,30.0,0.0,16.46242293690521,48.65812693312745,16.0,30.0,0.0,18.72796061870728,0.0,0.0,0.0,15.995959992172047,0.0,0.0,731.1145244112923,1083.5895605291992,641.9091899879923,681.5891834990054,714.6221915353176,1112.5588497044369,735.1242179487322,782.7177823613339,742.66156968256,10448.53095310507,81.09606393199124,86.29757898513498,270.0,0.0,270.0,270.0,21.0,16.0,19.0,16.0,19.7,12.0,21.0,10.0,1.0,0.0,633.8954019264428,0.0,2010.7751275038164,0.0,0.0,0.0,829.6177836558179,0.0,7871.901823955912,4723141.094373547,6169705.331819976,81.09606393199124,86.38591797858229,0.34739672746519709,0.766329513896485,0.36028137401965956,86.38591797858229,0.3542647819438875,6169705.331819976,0.33393467725463879 
 03/07  20:00:00,4.38,74.0,1.86,0.0,0.0,0.0,0.0,1.0,2.0,0.0,0.0,4.0,0.0,0.0,0.0,981.0,0.0,0.0,0.0,0.0,0.0,0.0,0.0,0.0,0.0,0.0,0.0,21.16433439389135,-617.9867526020582,21.147774337262804,-124.06926313298108,21.368898740194717,-1722.309252481225,20.161961008070784,390.18336733563566,17.097364238819254,10.543231505584317,19.399685005322817,-48.392882814871068,17.84330877587701,21.101100469102087,19.085232125859855,-200.024628732049,16.640511370649393,-174.8968820799323,999.0716068261368,1053.9648884326262,0.0,0.0,0.0,0.0,0.0,0.0,0.0,0.0,0.0,0.0,0.0,0.0,0.0,0.0,0.0,0.0,0.0,0.0,0.0,0.0,0.0,0.0,1.7472256287524597,0.5333411565178453,232.67488057831162,277.92391511818075,8105.259047098392,0.25053016041410067,0.038237203970406117,23.70310213223161,28.296547840269228,827.3329174067628,3.04285635741921,0.5749917531026479,382.8740395321547,457.0231473463863,13551.024851630977,0.3939337698167207,0.07443948787164039,295.8646788423474,354.5103120209218,9855.502120360226,0.0,0.0,8.888087207919729,10.785269993621846,231.27120919760064,0.0,0.0,13.366066577062434,16.063895545795785,411.9120712070961,0.0,0.0,231.7217765079285,280.392094396728,6405.411198937671,0.0,0.0,42.63884292204941,51.2209740474581,1354.7504346279885,0.0,0.0,195.43412132238616,237.68968382616507,4825.2882004320249,33.060638451047207,22.675335014435697,385.7474311697464,464.0927404441937,12868.13846207034,0.0,0.0,200.61762504268584,244.47477658823295,4734.661990911078,830.4151941251827,21.599888376462233,33.29046404842643,21.33333333333335,30.00000000000002,0.0,21.51240634516318,40.347571609621088,21.000000000000015,30.00000000000002,2130.9406047661325,21.759218694677516,31.723055761172895,22.000000000000019,30.00000000000002,0.0,20.82827105472731,34.091438985361147,16.000000000000015,30.00000000000002,0.0,17.075157492550724,47.03869724656235,12.00000000000001,30.00000000000002,0.0,19.54544668731414,47.08142662106121,19.000000000000015,30.00000000000002,0.0,17.905666942570183,43.67494756604429,10.000000000000007,30.00000000000002,457.97801754648676,20.045607714880146,39.42042551959969,20.03333333333335,30.00000000000002,0.0,16.396934125973055,48.817102704027579,16.000000000000015,30.00000000000002,0.0,19.391966965054814,0.0,0.0,0.0,15.829403255538157,0.0,0.0,710.0983370970749,1088.911960355142,661.4091578961659,677.5592074529102,731.1731685334949,1144.7394217040144,737.154807789794,795.790646051644,752.8875607364255,9731.257847869158,81.57037634783336,86.12157614862534,270.0000000000002,0.0,270.0000000000002,270.0000000000002,21.0,16.0,19.0,16.0,19.7,12.0,21.0,10.0,1.0,0.0,830.4151941251827,0.0,2130.9406047661325,0.0,0.0,0.0,457.97801754648676,0.0,6887.832481980555,4132699.4891883304,5395955.109161735,81.57037634783336,86.19887063018924,0.3429277493993519,0.7671761589401325,0.3602813740196598,86.19887063018924,0.3542647819438878,5395955.109161735,0.2938046656764102 
 03/07  20:10:00,4.263333333333334,74.0,1.9116666666666667,0.0,0.0,0.0,0.0,0.0,2.0,0.0,0.0,4.0,0.0,0.0,0.0,1637.0,0.0,0.0,0.0,0.0,0.0,0.0,0.0,0.0,0.0,0.0,0.0,21.1425863304867,-470.48029402661379,21.13330869648555,-120.93450061582992,21.323286583194869,-1373.0126275705748,20.171733844206288,283.66485361404269,17.104074924654726,9.541744362467114,19.466906671885238,-53.07960231105079,17.8135093508633,8.203305384156922,18.794817026851495,-160.7480920203153,16.574670952615564,-202.3731038871016,938.9893160693154,1056.7055155173555,0.0,0.0,0.0,0.0,0.0,0.0,0.0,0.0,0.0,0.0,0.0,0.0,0.0,0.0,0.0,0.0,0.0,0.0,0.0,0.0,0.0,0.0,1.7611203957723834,0.5375825383920585,158.92124680249686,190.1199098919757,5564.511215786885,0.25135567403144057,0.03836319811224673,23.417186932030164,27.97915237546312,822.5272837113286,3.1121913991272667,0.5880936128358405,285.0761715033069,340.9235114224987,10051.938496362658,0.38581867376659687,0.07290602300956099,253.26911153361429,303.69977766770668,8494.782320646298,0.0,0.0,8.790055647985909,10.672454045334405,230.88569031943286,0.0,0.0,13.294872899458638,15.984953152443675,415.2089453451214,0.0,0.0,234.2424484271738,283.6776026170263,6506.247689630887,0.0,0.0,39.016970565397148,46.96778016052386,1217.4712727241256,0.0,0.0,196.4105550311771,239.11171275821389,4861.777228765879,33.282407136036898,22.827439736650829,285.3006959873513,343.9430883543831,9680.595278673321,0.0,0.0,201.30608075845337,245.60628895904567,4740.538009866002,656.0915019532118,21.464192238917336,33.29673838978101,21.4,30.0,0.0,21.502571827732557,40.176135910186939,21.0,30.0,1667.489075904943,21.5656620479704,31.840984250204877,21.4,30.0,0.0,20.82168089805926,33.977442090877058,16.0,30.0,0.0,17.08008289344951,46.829392818121579,12.000000000000002,30.0,0.0,19.638230368373777,46.81763458783483,19.0,30.0,0.0,17.853419417489254,43.554606584033589,10.0,30.0,0.0,19.606038817830524,39.66636254015381,12.000000000000002,30.0,0.0,16.307974165472474,48.78783827546593,16.0,30.0,0.0,19.040613529889478,0.0,0.0,0.0,15.682579112036134,0.0,0.0,711.4398404260296,1096.4581938372506,660.9047867768647,681.3341368024,741.5299817316609,1164.7835948997425,742.5171221413419,762.7746109765636,757.198979849135,5385.213546608091,81.74362227850732,83.09946388555223,570.0,0.0,570.0,570.0,21.0,16.0,19.0,16.0,12.0,12.0,21.0,10.0,1.0,0.0,656.0915019532118,0.0,1667.489075904943,0.0,0.0,0.0,0.0,0.0,2051.958866506964,1231175.3199041784,1594984.154210432,81.74362227850732,83.12249057712509,0.20439862888356548,0.43197503220057878,0.21616882441179575,83.12249057712509,0.21255886916633252,1594984.154210432,0.11105917601894247 
 03/07  20:20:00,4.1466666666666669,74.0,1.9633333333333334,0.0,0.0,0.0,0.0,0.0,2.0,0.0,0.0,4.0,0.0,0.0,0.0,1312.0,0.0,0.0,0.0,0.0,0.0,0.0,0.0,0.0,0.0,0.0,0.0,21.268560347178594,-915.4583302585072,21.11378150135985,-117.54258043374878,21.12787431436092,-692.2626840415692,20.103322659361738,161.88184953590759,17.10959428306583,9.41233244623605,19.541120893469015,-61.73176538494039,17.812087587466335,31.679891354575376,18.26571531290955,-83.57090529027468,16.500000010114598,-222.7267922698834,973.6657038693802,1049.4999469538239,0.0,0.0,0.0,0.0,0.0,0.0,0.0,0.0,0.0,0.0,0.0,0.0,0.0,0.0,0.0,0.0,0.0,0.0,0.0,0.0,0.0,0.0,1.7380242872974075,0.5305324442299779,216.62993642972993,258.8560930253433,7648.294546289713,0.2537348990958844,0.03872632770083707,23.020741943887228,27.50639059243907,813.3886776122516,3.3318293221384436,0.6295973775771815,276.0168512085784,330.2407460566586,9717.43285623248,0.3932990071803127,0.07431954028350578,230.72333028679953,276.84106531577779,7735.416703092038,0.0,0.0,9.034255136378978,10.965778811611042,239.54848952944827,0.0,0.0,13.86206045511501,16.653991455154747,439.41502221459447,0.0,0.0,241.79841262633549,292.7553440579759,6776.958336523145,0.0,0.0,29.93382239913674,36.142577588154889,890.2086371500046,0.0,0.0,197.12340002089997,240.019750513512,4887.092008774387,33.57259076444795,23.026468288373093,286.5210213351579,345.5005671070462,9746.22965209928,0.0,0.0,201.01408242566104,245.36049901669893,4709.834342146222,1037.10829403621,21.560531954829693,32.682325130581848,21.5,30.0,0.0,21.481984992607978,40.06685996437059,21.0,30.0,951.5273583235942,21.399383398570217,32.4932629990022,21.25,30.0,0.0,20.69411558923262,33.97811130353186,16.0,30.0,0.0,17.084578668710848,46.574579104717589,12.0,30.0,0.0,19.75699956871819,46.35671910024024,19.0,30.0,0.0,17.859505457773634,43.2622706247752,10.0,30.0,0.0,18.722236671786868,41.3964336095091,12.0,30.0,0.0,16.205730194564987,48.72962307505307,16.0,30.0,0.0,19.123015436955776,0.0,0.0,0.0,15.50089173725699,0.0,0.0,705.5063869571333,1104.940954854449,684.4964377933288,682.1991360953416,750.7397187366435,1177.528332255184,745.2430781102778,748.9493848687894,757.493706854187,7680.997524261807,82.92596139290845,82.92596139290845,570.0,0.0,570.0,570.0,21.0,16.0,19.0,16.0,12.0,12.0,21.0,10.0,1.0,0.0,1037.10829403621,0.0,951.5273583235942,0.0,0.0,0.0,0.0,0.0,0.0,0.0,0.0,82.92596139290845,82.92596139290845,0.34,0.7697153731425264,0.36028137401965956,82.92596139290845,0.3542647819438875,0.0,0.028246666666666664 
 03/07  20:30:00,4.03,74.0,2.015,0.0,0.0,0.0,0.0,0.0,2.0,0.0,0.0,4.0,0.0,0.0,0.0,656.0,0.0,0.0,0.0,0.0,0.0,0.0,0.0,0.0,0.0,0.0,0.0,21.433523564247215,-1417.9277687475715,21.102225477232115,-105.24376632824874,21.113344816235214,-215.61343823266999,20.015884990052699,292.8617814986537,17.11421193465908,9.26102907645111,19.586763468472268,-71.47149282244198,17.84281941742408,29.327295032264375,17.922658459511113,-44.58055436939128,16.420487828844796,-224.75135861723084,942.1100315017202,1088.0607893702509,0.0,0.0,0.0,0.0,0.0,0.0,0.0,0.0,0.0,0.0,0.0,0.0,0.0,0.0,0.0,0.0,0.0,0.0,0.0,0.0,0.0,0.0,1.7384641180282068,0.5306667026948129,251.4288209634081,300.0189415520166,9075.484822055265,0.26900736526256488,0.04105729018048915,20.828272926237085,24.859739062777338,742.2222054135191,3.3289023294280328,0.6290442799372702,258.8029516236691,309.5825397173139,9100.605752254214,0.4139368685238596,0.07821936291078222,279.90497121410569,335.5536550250597,9378.016479286689,0.0,0.0,9.237264693111627,11.200195849892245,247.25511381733538,0.0,0.0,13.89366939746164,16.668404687162999,445.7310635975096,0.0,0.0,251.38077820105733,303.98104802560598,7135.507998755484,0.0,0.0,24.18790631346778,29.227607792003047,699.1951549842447,0.0,0.0,201.66447745407099,245.37452035360315,5005.803945972832,33.95279249712999,23.287237652352539,277.16784828142826,334.158525151489,9446.737869184099,0.0,0.0,205.02179242571845,250.06797322942993,4813.734162177698,1669.0620273770538,21.83762458625315,31.406009054431327,22.0,30.0,0.0,21.476721786873229,40.357934636493258,21.0,30.0,0.0,21.235955506645145,32.62315847975861,21.0,30.0,0.0,20.572492541484274,34.34641233551493,16.0,30.0,0.0,17.08885435322163,46.20134944132349,12.0,30.0,0.0,19.830997222084098,45.790832847028799,19.0,30.0,0.0,17.919017239150148,42.644352510826937,10.0,30.0,0.0,18.17991845361818,42.59670144634407,12.0,30.0,0.0,16.09756027735928,48.77650050162935,16.0,30.0,0.0,18.971637193395599,0.0,0.0,0.0,15.402295376113841,0.0,0.0,681.046818515869,1133.5377639211529,680.3291025267137,692.0335568227562,754.0410179729945,1174.1939115842807,737.1699735171143,748.1592128117081,756.851902999256,9362.220374942692,81.81449446552934,81.81449446552935,570.0,0.0,570.0,570.0,21.0,16.0,19.0,16.0,12.0,12.0,21.0,10.0,1.0,0.0,1669.0620273770538,0.0,0.0,0.0,0.0,0.0,0.0,0.0,0.0,0.0,0.0,81.81449446552934,81.81449446552934,0.34,0.7671336643685667,0.36028137401965956,81.81449446552934,0.3542647819438875,0.0,0.028373333333333335 
 03/07  20:40:00,3.913333333333333,74.0,2.0666666666666666,0.0,0.0,0.0,0.0,0.0,2.0,0.0,0.0,4.0,0.0,0.0,0.0,328.0,0.0,0.0,0.0,0.0,0.0,0.0,0.0,0.0,0.0,0.0,0.0,21.473126091616306,-1707.902642708128,21.08654851783382,-115.63399948815698,20.721471987677228,123.48044374713936,19.971991461585217,264.1592117137461,17.11934937928411,10.754071288503724,19.611961448946209,-74.94807413148163,17.833497713121284,12.25384078609386,17.688890459903456,-24.217591913352977,16.350516117912798,-209.67435163523443,939.3076076427478,1146.6943968017595,0.0,0.0,0.0,0.0,0.0,0.0,0.0,0.0,0.0,0.0,0.0,0.0,0.0,0.0,0.0,0.0,0.0,0.0,0.0,0.0,0.0,0.0,1.7345468048830746,0.5294709416615002,292.0734230518886,347.96438002110576,10601.660768682601,0.2639664447271859,0.04028791891440566,21.644599034076909,25.763017794181196,775.6052231693126,3.432257814252454,0.6485747948322855,256.34658406504766,306.27610153639599,8966.487548060528,0.4236420568700012,0.08005329872826929,278.6499860878288,333.4466571971594,9364.866732839428,0.0,0.0,9.318031274181708,11.274411884702678,251.8420622030923,0.0,0.0,13.68193887139534,16.371826738868689,443.44823502883306,0.0,0.0,260.7802547053092,314.7397512062411,7454.814523269337,0.0,0.0,19.425438970262574,23.446029576803718,553.1230176219365,0.0,0.0,208.96794137673653,253.80714663301058,5202.258391335313,34.26251696141866,23.49966869781802,275.93596468777727,332.1192038000592,9439.044510008083,0.0,0.0,212.0768117594178,258.1639432360178,5022.594039566285,1908.342420137738,21.827048443398373,31.43884322237559,22.0,30.0,0.0,21.46110709957236,40.623506756373618,21.0,30.0,26.73688973925057,21.000711489795287,32.84288149490528,21.0,30.0,0.0,20.497119202229283,34.478234623473259,16.0,30.0,0.0,17.095450503609006,45.72093937458241,12.0,30.0,0.0,19.873381367247118,45.24404177974188,19.0,30.0,0.0,17.896178399294209,42.29324357829112,10.0,30.0,0.0,17.83800532311694,43.18955516992264,12.0,30.0,0.0,16.008275256418544,48.681019034145659,16.0,30.0,0.0,18.8784467048078,0.0,0.0,0.0,15.380178654343668,0.0,0.0,687.9686275502594,1156.1496841359395,675.0336634273438,695.896095017285,752.6606849097306,1165.6004235289202,730.6453750762519,744.4354381381813,753.2945101914041,8085.892482172555,82.65839269235097,82.65839269235097,570.0,0.0,570.0,570.0,21.0,16.0,19.0,16.0,12.0,12.0,21.0,10.0,1.0,0.0,1908.342420137738,0.0,26.73688973925057,0.0,0.0,0.0,0.0,0.0,0.0,0.0,0.0,82.65839269235097,82.65839269235097,0.34,0.7716523862739004,0.36028137401965956,82.65839269235097,0.3542647819438875,0.0,0.0285 
 03/07  20:50:00,3.796666666666667,74.0,2.118333333333333,0.0,0.0,0.0,0.0,0.0,2.0,0.0,0.0,4.0,0.0,0.0,0.0,1312.0,0.0,0.0,0.0,0.0,0.0,0.0,0.0,0.0,0.0,0.0,0.0,21.31909903090903,-829.4360342467298,21.0750779545899,-96.25227316473937,21.39797587547924,-1466.460430388257,20.11552560620145,564.9841359947368,17.121685269512228,9.161788335449259,19.622945118722187,-67.51319429871087,17.889000114957296,158.9608427679725,17.573248894738517,-24.55007832796143,16.770517249773769,-446.27510082264396,1083.0756685730617,1023.4976198559489,0.0,0.0,0.0,0.0,0.0,0.0,0.0,0.0,0.0,0.0,0.0,0.0,0.0,0.0,0.0,0.0,0.0,0.0,0.0,0.0,0.0,0.0,1.8012104983467446,0.5498200544403983,284.99906787455179,341.05953460913966,10235.66700328768,0.28944908230870999,0.044177210364577227,19.364647683714585,23.151973918907708,699.6783835438528,3.087974935689388,0.5835175615437244,394.27435729785807,471.2023016396291,14484.778404895638,0.42592163918822836,0.08048405880352007,324.13240744990119,388.66098916471676,11171.426568355731,0.0,0.0,9.638392377472098,11.699410192665069,262.7040178450938,0.0,0.0,14.501292948353728,17.4181850390582,473.72090187940287,0.0,0.0,225.80223804063605,273.3931731419893,6548.862498341746,0.0,0.0,13.47657471570739,16.333027106951236,383.6749161760773,0.0,0.0,171.71244382657683,208.8853766285667,4528.138728735645,34.80556500630194,23.872129633951958,402.93249502355948,485.6450305882323,13870.8530935274,0.0,0.0,175.09145080829325,214.10276573482259,4104.594008046559,764.0372438601605,21.54501058271702,31.97903398836366,21.75,30.0,0.0,21.45564583221508,40.76792621388914,21.0,30.0,2090.024735726828,21.87126544408591,31.093486261700727,21.5,30.0,0.0,20.804259059808169,33.40557962619628,16.0,30.0,0.0,17.096832102437515,45.47456340756426,12.0,30.0,0.0,19.893096510357148,45.003526705791418,19.0,30.0,0.0,18.018357944262548,41.56720279244898,10.0,30.0,0.0,17.712658260830353,43.34865267586411,12.0,30.0,872.6993371385203,16.69024461834836,46.05367703313794,16.5,30.0,0.0,19.271605513414433,0.0,0.0,0.0,15.094008218943925,0.0,0.0,692.8626989732973,1169.2211694806507,680.26851021117,687.2592138476116,751.9322234913011,1163.9806471640605,727.9906195508586,742.565017031085,745.2573203304363,7734.657146992103,81.71048382790022,85.35139150706974,570.0,0.0,570.0,570.0,21.0,16.0,19.0,16.0,12.0,12.0,21.0,10.0,1.0,0.0,764.0372438601605,0.0,2090.024735726828,0.0,0.0,0.0,0.0,872.6993371385203,5509.811323591502,3305886.794154901,4311951.0079253,81.71048382790022,85.41322620644603,0.26866037745305007,0.5746522728177844,0.27021103051474468,85.41322620644603,0.2656985864579156,4311951.0079253,0.25275311907878225 
 03/07  21:00:00,3.68,74.0,2.17,0.0,0.0,0.0,0.0,0.0,2.0,0.0,0.0,4.0,0.0,0.0,0.0,658.0,0.0,0.0,0.0,0.0,0.0,0.0,0.0,0.0,0.0,0.0,0.0,21.447291784103947,-1042.1648239166194,21.070631787696429,-102.84867053413945,20.512922824736074,-230.8390739528122,20.070281725490618,11.032584853292065,17.123604253226298,10.97235723573408,19.642182524377206,-56.28542357438232,18.02968192606179,44.04299565591964,17.42408044792304,-38.78151756408246,16.60640080577366,-424.16100198808956,1138.8794214182227,1186.57630672271,0.0,0.0,0.0,0.0,0.0,0.0,0.0,0.0,0.0,0.0,0.0,0.0,0.0,0.0,0.0,0.0,0.0,0.0,0.0,0.0,0.0,0.0,1.7951067158612564,0.5479568729735216,278.14110280019079,331.7762479056803,10202.581799759515,0.266193165586224,0.04062777252536996,23.26094151022361,27.752268011660044,843.6063237878875,3.5062755145675328,0.6625615106892544,494.45440509139328,592.422741100949,17127.460297921494,0.4020047719006925,0.07596462054056924,281.00991248607036,336.8821805067385,9681.263028841258,0.0,0.0,9.295373427612269,11.272555444604212,255.65634993111025,0.0,0.0,13.561306270577174,16.267706473950104,447.29217734927286,0.0,0.0,236.70709275809186,285.9372224103257,7036.051617408001,0.0,0.0,13.055507656010035,15.803229199984465,369.13066610653285,0.0,0.0,180.23853654472323,219.11082526467019,4700.579991003289,35.05261211258774,24.04157209368158,482.8751623344637,581.1342457561156,16525.458486847696,0.0,0.0,188.08674422999798,229.60924579525784,4461.361125136005,1450.8158375184192,21.763946321458449,31.656476189296613,21.5,30.0,0.0,21.459234409804787,40.78636644660463,21.0,30.0,146.34508590177755,20.643047974511299,33.51509198858023,21.0,30.0,0.0,20.642033150692009,33.5300726128783,16.0,30.0,0.0,17.09923844984185,45.011393441977819,12.0,30.0,0.0,19.931365328827448,44.67953700876323,19.0,30.0,0.0,18.24538112394535,40.91974200499722,10.0,30.0,0.0,17.509560770406695,43.64481696356228,12.0,30.0,0.0,16.380864004876935,46.583035279448328,16.0,30.0,0.0,19.414903569244719,0.0,0.0,0.0,15.142208278139801,0.0,0.0,704.1946127074355,1180.3105799823448,685.5996317099143,685.3696205175006,748.5966561093186,1167.2710316765779,731.5909275597578,741.5884639127758,743.2519146263633,8423.889937039468,82.43473479926394,82.43473479926394,570.0,0.0,570.0,570.0,21.0,16.0,19.0,16.0,12.0,12.0,21.0,10.0,1.0,0.0,1450.8158375184192,0.0,146.34508590177755,0.0,0.0,0.0,0.0,0.0,0.0,0.0,0.0,82.43473479926394,82.43473479926394,0.34,0.7666416850806628,0.36028137401965956,82.43473479926394,0.3542647819438875,0.0,0.028563333333333338 
 03/07  21:10:00,3.47,75.0,2.16,0.0,0.0,0.0,0.0,0.0,2.0,0.0,0.0,4.0,0.0,0.0,0.0,1316.0,0.0,0.0,0.0,0.0,0.0,0.0,0.0,0.0,0.0,0.0,0.0,21.40507816162801,-1018.1523760071768,21.061445282718308,-83.84517813819919,21.37357026358515,-1425.3720400885359,20.0167417736367,600.6442182784501,17.12670516662933,12.243350361894472,19.64512841854968,-75.24456446008486,17.93761245259912,-0.3027045258868384,17.28963361393538,-52.1095609404513,16.41041214195881,-299.4951107967577,1123.2872932374517,1284.6427522730288,0.0,0.0,0.0,0.0,0.0,0.0,0.0,0.0,0.0,0.0,0.0,0.0,0.0,0.0,0.0,0.0,0.0,0.0,0.0,0.0,0.0,0.0,1.8124215582530599,0.5532422338989804,299.903649951463,358.70511681155696,11080.286026083255,0.2999854776541587,0.045785329312295289,19.356265401429736,23.146639357508108,712.739528634529,3.2320205318834196,0.6107370619583183,416.95725080511627,498.35346846431647,15578.715017927076,0.4474467347078362,0.08455153717079292,297.97573802731997,357.1475795388503,10440.244350130706,0.0,0.0,9.755459973471883,11.843802491948463,272.59037321134886,0.0,0.0,15.154204870139257,18.200829172336719,506.45236409196618,0.0,0.0,265.28787698494735,321.0741217559688,7907.249399238526,0.0,0.0,14.385923275083208,17.45440499888837,408.32297990661285,0.0,0.0,205.72261181261167,250.6516604524291,5348.004496029609,35.52011078323417,24.36221590070932,425.9731410577241,513.5622133128059,14869.388421870832,0.0,0.0,216.78871458921032,264.8947116587988,5289.606857215416,1012.9287069321381,21.706146587985349,31.523436908086489,21.75,30.0,0.0,21.45562401559791,40.64761032181373,21.0,30.0,2012.2575512686272,21.85183030030182,31.015320566917798,21.5,30.0,0.0,20.646434759796067,33.67707806030281,16.0,30.0,0.0,17.104963482544166,44.74029261125315,12.0,30.0,0.0,19.93912547810997,44.38088671947025,19.0,30.0,0.0,18.064465805121814,41.00031292991308,10.0,30.0,0.0,17.33105627394737,43.903796571094087,12.0,30.0,0.0,16.11119863775307,46.99929468344738,16.0,30.0,0.0,19.262185109840073,0.0,0.0,0.0,15.285337613581366,0.0,0.0,699.960221798392,1179.7289673582184,689.1085201220724,699.2861057321823,748.875065444382,1162.5082846919043,728.2245844910826,741.7559546629119,740.52394011807,7759.711299480434,81.71303648061022,85.36627716873926,570.0,0.0,570.0,570.0,21.0,16.0,19.0,16.0,12.0,12.0,21.0,10.0,1.0,0.0,1012.9287069321381,0.0,2012.2575512686272,0.0,0.0,0.0,0.0,0.0,5528.461355905205,3317076.813543123,4350271.1105274059,81.71303648061022,85.42832132355047,0.2692820451968402,0.5723720359878199,0.27021103051474468,85.42832132355047,0.2656985864579156,4350271.1105274059,0.2548090977474251 
 03/07  21:20:00,3.2600000000000004,76.0,2.15,0.0,0.0,0.0,0.0,0.0,2.0,0.0,0.0,4.0,0.0,0.0,0.0,660.0,0.0,0.0,0.0,0.0,0.0,0.0,0.0,0.0,0.0,0.0,0.0,21.346845664985645,-1062.0877389063499,21.052185890900547,-111.43366902214228,20.921958099052469,-809.0208904224337,20.033954232756949,-12.224268103594568,17.127141842035969,12.03533078684768,19.635799101177449,-71.240369232425,17.83738131216669,-20.85575317961684,17.163055934043123,-51.092825879083878,16.72208294667324,-474.3103047310574,1126.3521434562909,1283.8886967278268,0.0,0.0,0.0,0.0,0.0,0.0,0.0,0.0,0.0,0.0,0.0,0.0,0.0,0.0,0.0,0.0,0.0,0.0,0.0,0.0,0.0,0.0,1.8417238802715306,0.5621867766396613,237.00060852916634,282.92133491420199,8795.954269735297,0.27617806658573015,0.04215171956436663,23.242407618776736,27.727898939134783,862.8464104279591,3.5402351399237275,0.6689786734549752,440.3523528820739,526.5181502043137,16197.888565937148,0.41937461334146355,0.0792469035036779,281.74396663402339,337.9059016587646,9943.316790829764,0.0,0.0,9.39002618388846,11.390440856432573,266.5052471297479,0.0,0.0,14.30035498234708,17.158419835930738,483.91813737028789,0.0,0.0,265.36193715786626,321.0596211497317,7937.916318058951,0.0,0.0,15.17646283686489,18.4037178177728,432.3609862965254,0.0,0.0,207.02226504870607,251.65069240488476,5638.465359389154,35.679835100045767,24.471766186588324,433.52720892668688,522.1437156736743,15223.628896350105,0.0,0.0,218.4974905503131,266.8162443323568,5391.0575712617169,1341.3865457596476,21.555761850216088,31.986207350182384,21.5,30.0,0.0,21.44903009112079,40.84912853262652,21.0,30.0,1275.2008585811137,21.220519757100953,32.262462540265108,21.5,30.0,0.0,20.591079109162704,33.52030110821849,16.0,30.0,0.0,17.106763569853926,44.41030370571424,12.0,30.0,0.0,19.93145226383077,44.00618434867902,19.0,30.0,0.0,17.895201564418238,41.41726791644329,10.0,30.0,0.0,17.16377616097644,44.072601054678987,12.0,30.0,951.6842324155272,16.52274812727221,45.59254784027398,16.5,30.0,0.0,19.220891448532208,0.0,0.0,0.0,15.20247244266143,0.0,0.0,716.5436499708735,1198.4603541707703,695.4461863427557,694.565281971798,748.3049797995809,1153.6599105575093,733.2555970943308,741.1624944276593,740.2297246795318,7986.924412409776,82.72382069339679,82.72382069339679,570.0,0.0,570.0,570.0,21.0,16.0,19.0,16.0,12.0,12.0,21.0,10.0,1.0,0.0,1341.3865457596476,0.0,1275.2008585811137,0.0,0.0,0.0,0.0,951.6842324155272,0.0,0.0,0.0,82.72382069339679,82.72382069339679,0.34,0.767361028597057,0.36028137401965956,82.72382069339679,0.3542647819438875,0.0,0.028468333333333336 
 03/07  21:30:00,3.05,77.0,2.1399999999999999,0.0,0.0,0.0,0.0,0.0,2.0,0.0,0.0,4.0,0.0,0.0,0.0,990.0,0.0,0.0,0.0,0.0,0.0,0.0,0.0,0.0,0.0,0.0,0.0,21.50640343653402,-1592.090787947326,21.02790627082765,-108.79323911122568,21.08846808202425,-442.7615814903,19.89378431580188,386.12210489569699,17.1235341196737,9.441922242134123,19.632561475407564,-64.47503741500393,17.96426278186102,175.5921584705447,17.046726760830987,-81.4001239498812,16.774648929792915,-470.9307851211249,1046.3619122425155,1198.027246488082,0.0,0.0,0.0,0.0,0.0,0.0,0.0,0.0,0.0,0.0,0.0,0.0,0.0,0.0,0.0,0.0,0.0,0.0,0.0,0.0,0.0,0.0,1.8332862179489534,0.5596111776400956,281.91780965914907,336.83130134902708,10698.585574151668,0.28885026278128769,0.044085815442809459,21.488295063511015,25.685899156758905,806.8821045749812,3.5202550494835576,0.665203146160914,302.48486583632288,361.859910331723,11370.062011832617,0.44750170392590707,0.08456192440020914,288.23602538047995,346.1148326927563,10158.046481091182,0.0,0.0,9.74114101255201,11.825153342137377,280.56300093653479,0.0,0.0,14.077680614066706,16.906728331759113,482.49805948396797,0.0,0.0,235.59336620673498,284.96784293625037,7280.86288946378,0.0,0.0,21.100121408739569,25.617970334438078,603.6815511648534,0.0,0.0,165.73572352681723,201.54846372408179,4614.269962189183,35.951684066588708,24.65821952440926,320.61628294897198,386.9674011080825,11492.82275767922,0.0,0.0,184.2228956905448,225.30876804047458,4536.720450027949,1826.892694101493,21.80207263371771,30.850652990071955,21.999999999999994,29.99999999999999,0.0,21.4182982964551,40.27394165983134,20.999999999999994,29.99999999999999,755.6692731520986,21.51278621296306,31.333539868820066,21.333333333333326,29.99999999999999,0.0,20.42646372346874,33.92924636678883,15.999999999999993,29.99999999999999,0.0,17.102079899686367,44.17326594104901,11.999999999999995,29.99999999999999,0.0,19.936861962329976,43.89057583419958,18.999999999999994,29.99999999999999,0.0,18.182402227205647,40.19465486146497,9.999999999999997,29.99999999999999,0.0,17.010358360230108,44.2515110855002,11.999999999999995,29.99999999999999,0.0,16.614369661502179,45.114445773047879,15.999999999999993,29.99999999999999,0.0,18.897392120441734,0.0,0.0,0.0,14.951791048999683,0.0,0.0,694.6240297677281,1171.3119032066769,689.6703950088698,703.8269696111872,747.2979053539109,1158.3956956332286,726.5444460937216,741.9906569132603,742.1710025258287,9140.65726494251,81.96095398093255,81.96095398093255,569.9999999999998,0.0,569.9999999999998,569.9999999999998,21.0,16.0,19.0,16.0,12.0,12.0,21.0,10.0,1.0,0.0,1826.892694101493,0.0,755.6692731520986,0.0,0.0,0.0,0.0,0.0,0.0,0.0,0.0,81.96095398093255,81.96095398093255,0.3399999999999999,0.7694045362532839,0.36028137401965945,81.96095398093255,0.35426478194388735,0.0,0.028341666666666666 
 03/07  21:40:00,2.84,78.0,2.13,0.0,0.0,0.0,0.0,0.0,2.0,0.0,0.0,4.0,0.0,0.0,0.0,990.0,0.0,0.0,0.0,0.0,0.0,0.0,0.0,0.0,0.0,0.0,0.0,21.348404817209997,-1092.6697917431109,21.015615205611576,-91.54922980169619,21.003889788095536,-446.05899022955756,19.963847752958107,320.08732711384496,17.119742509148489,11.039419025810071,19.622133595053599,-73.58309897938205,17.927778206961809,-13.660497670396519,16.927024598663225,-74.1789147457567,16.458749694746169,-361.58873218075419,1165.6946168616769,1344.275328564205,0.0,0.0,0.0,0.0,0.0,0.0,0.0,0.0,0.0,0.0,0.0,0.0,0.0,0.0,0.0,0.0,0.0,0.0,0.0,0.0,0.0,0.0,1.8916533133046756,0.5774277513140038,325.23555840275579,388.9016488611845,12378.798999216862,0.3008662447979214,0.04591975653203931,21.04799666396703,25.15771195860158,799.855556609426,3.5367403066470506,0.6683182741207584,352.9417000637159,422.88411578587627,13253.558254216698,0.43402604629026966,0.08201550383414015,254.53950094793843,305.57025802118769,9135.954822091673,0.0,0.0,9.627049219273058,11.688357429782436,281.3770203524657,0.0,0.0,14.791531577009904,17.767816539195846,513.0601383638359,0.0,0.0,266.6103515028418,322.70343680139976,8282.802643430005,0.0,0.0,22.56924996184336,27.425447420380359,648.8201002680464,0.0,0.0,196.96492052103106,239.93579505268384,5405.026347656611,36.30012374619213,24.89720421549531,358.02371184411779,431.8728388811243,13150.70653550513,0.0,0.0,217.12883949848237,265.50262809880317,5496.781989931753,1104.737416628937,21.636574352609899,30.806199714479896,21.666666666666676,30.00000000000001,0.0,21.41192283219617,40.40469940744436,21.000000000000008,30.00000000000001,800.8841254191539,21.357870961118139,31.437276508887149,21.333333333333344,30.00000000000001,0.0,20.54614976644037,33.11823790899966,16.000000000000008,30.00000000000001,0.0,17.098976661687169,43.80817573044187,12.000000000000006,30.00000000000001,0.0,19.928499157799928,43.53900422365347,19.000000000000008,30.00000000000001,0.0,18.047554083917804,40.182149759956228,10.000000000000004,30.00000000000001,0.0,16.854046544757105,44.22577067564491,12.000000000000006,30.00000000000001,0.0,16.183892208563927,45.76989938717954,16.000000000000008,30.00000000000001,0.0,19.183810385490248,0.0,0.0,0.0,15.087387847808632,0.0,0.0,691.6523940109127,1188.5216507110054,692.4664759683194,694.5124127394565,745.1297063493697,1152.1894786074814,727.8290022831473,740.8955476598791,739.1025834363729,10241.2888581278,81.23308836022952,83.71901215956244,570.0000000000002,0.0,570.0000000000002,570.0000000000002,21.0,16.0,19.0,16.0,12.0,12.0,21.0,10.0,1.0,0.0,1104.737416628937,0.0,800.8841254191539,0.0,0.0,0.0,0.0,0.0,3761.8779036568109,2257126.742194085,2922065.8151922936,81.23308836022952,83.76123139837577,0.35206259678856047,0.7720435770723546,0.3602813740196597,83.76123139837577,0.3542647819438876,2922065.8151922936,0.18016242238999925 
 03/07  21:50:00,2.63,79.0,2.12,0.0,0.0,0.0,0.0,0.0,2.0,0.0,0.0,4.0,0.0,0.0,0.0,1320.0,0.0,0.0,0.0,0.0,0.0,0.0,0.0,0.0,0.0,0.0,0.0,21.419534402120733,-892.5032597319635,20.996903895290843,-111.13094959495135,21.281497285892884,-1406.3266347976283,19.979589932172826,470.03219449790506,17.11481192878098,10.2489827932949,19.6065709477042,-68.43504466097974,17.881030314120879,51.125179772830737,16.832665985321616,-75.84969346500876,16.974180359830638,-503.60349960096007,1151.932060114576,1293.4313211155466,0.0,0.0,0.0,0.0,0.0,0.0,0.0,0.0,0.0,0.0,0.0,0.0,0.0,0.0,0.0,0.0,0.0,0.0,0.0,0.0,0.0,0.0,1.909850786766434,0.5829825356429896,226.55623379717805,271.0823094613414,8711.216494910223,0.3033431290223779,0.046297791364831798,22.028051207267539,26.346364477958365,845.2585295221467,3.437711671782308,0.6496053801553874,371.36831136839796,444.0534575881177,14394.770558077855,0.4531899302910278,0.08563679710714808,313.7211580001338,376.61578507062867,11420.951694191885,0.0,0.0,9.56087593608925,11.614349181841284,283.46923522504786,0.0,0.0,14.605653889338022,17.555458635083619,512.4434588444761,0.0,0.0,254.4439672575415,308.2459783322684,7982.916906310493,0.0,0.0,23.377607409321155,28.43100594628499,676.961741914282,0.0,0.0,184.5484983300235,224.65360109072743,5291.676776199071,36.480335200414888,25.020806035949865,370.1928394622332,446.6251357092563,13610.897401962899,0.0,0.0,204.95824517292764,250.89834526682803,5229.503966928965,1229.6234969520193,21.60411260050595,31.26323799042823,21.75,30.0,0.0,21.39060691478801,40.146123107614439,21.0,30.0,1728.8962790566894,21.641602544793174,30.48817793868481,21.5,30.0,0.0,20.581726551752796,33.08831915406061,16.0,30.0,0.0,17.094239878460397,43.48302281112257,12.0,30.0,0.0,19.91458466944922,43.248020116863568,19.0,30.0,0.0,17.993681023874954,40.040291057287777,10.0,30.0,0.0,16.740971996325226,44.18357168506725,12.0,30.0,1552.081099720279,16.698106956902053,44.0606732990728,16.5,30.0,0.0,19.046634130170984,0.0,0.0,0.0,14.947941837533812,0.0,0.0,717.6187686019667,1183.7784592064916,684.8414798705456,704.4894633563758,743.8467748974624,1147.8202222235078,727.1026791919798,740.213733816371,738.3252418172997,9631.8206764472,81.6361552410192,83.42935086632892,570.0,0.0,570.0,570.0,21.0,16.0,19.0,16.0,12.0,12.0,21.0,10.0,1.0,0.0,1229.6234969520193,0.0,1728.8962790566894,0.0,0.0,0.0,0.0,1552.081099720279,2713.70436809431,1628222.6208565862,2108405.94158736,81.6361552410192,83.45980528104762,0.34545681226981037,0.7682993321526933,0.36028137401965956,83.45980528104762,0.3542647819438875,2108405.94158736,0.1378521089625427 
 03/07  22:00:00,2.42,80.0,2.11,0.0,0.0,0.0,0.0,0.0,2.0,0.0,0.0,4.0,0.0,0.0,0.0,1322.0,0.0,0.0,0.0,0.0,0.0,0.0,0.0,0.0,0.0,0.0,0.0,21.20195730701832,-286.14861127221777,20.963111280452659,-155.28396613359855,21.322822917080999,-2070.9654306997529,20.043675621700208,334.7620964154911,17.106436617952107,9.235823033579138,19.610715201916685,-28.375003116173049,18.013079103852144,106.00274837695975,16.689036456218056,-145.10509797207673,17.095400579213846,-630.4296498726369,1105.0755103507652,1293.369730429571,0.0,0.0,0.0,0.0,0.0,0.0,0.0,0.0,0.0,0.0,0.0,0.0,0.0,0.0,0.0,0.0,0.0,0.0,0.0,0.0,0.0,0.0,2.040983477643124,0.6230108295613932,211.32259322720209,253.0261258959677,8141.049140878542,0.2881568189676562,0.04397997847491701,28.66420378825162,34.29298011955121,1105.5347593747329,3.3134392372126495,0.626122304839881,344.5407812187823,412.34918446319616,13352.31225852617,0.4182306395479257,0.07903073309673575,226.25170534035522,271.3513238094836,8383.512768369203,0.0,0.0,8.890885473027375,10.802371007040837,267.2745680940805,0.0,0.0,13.62151758894448,16.370967357085175,484.42699169307368,0.0,0.0,211.8385397822755,256.3928926084753,6844.352985047988,0.0,0.0,34.260209771860527,41.713802078581768,992.7779518640218,0.0,0.0,139.10697487348984,169.011300377259,4189.267748880737,36.46545549813537,25.010600478830854,337.48145332007467,407.09456238131267,12671.552212776885,0.0,0.0,168.18938608524008,206.03584684297574,4286.990985233638,588.2375645265679,21.26333936475002,31.993623753253265,21.25,30.0,0.0,21.340954985056038,39.159981239249777,21.0,30.0,2233.669748432788,21.59226136276026,29.581242711826048,21.5,30.0,0.0,20.65724632660312,32.38854627425044,16.0,30.0,0.0,17.084309211041977,43.27147297775972,12.0,30.0,0.0,19.939978095355938,43.41853942495793,19.0,30.0,0.0,18.248932229115995,39.27343312410443,10.0,30.0,0.0,16.52523042507621,44.36873290365214,12.0,30.0,0.0,17.112318251553626,42.5887773436629,16.0,30.0,0.0,18.685549571899409,0.0,0.0,0.0,14.711654542582611,0.0,0.0,735.3432172355438,1139.2588652126227,657.9473481976897,696.9638901502954,748.6198722461752,1177.2935420339437,739.1594541486086,745.1625462211358,746.2324405922458,7024.696648951527,82.14812295015557,83.89931883635276,570.0,0.0,570.0,570.0,21.0,16.0,19.0,16.0,12.0,12.0,21.0,10.0,1.0,0.0,588.2375645265679,0.0,2233.669748432788,0.0,0.0,0.0,0.0,0.0,2650.2094037336999,1590125.6422402198,2064503.2647330182,82.14812295015557,83.92905995607177,0.25834031345779,0.5394344748683015,0.27021103051474468,83.92905995607177,0.2656985864579156,2064503.2647330182,0.13556916976611695 
 03/07  22:10:00,2.3233333333333334,80.33333333333334,2.145,0.0,0.0,0.0,0.0,0.0,2.0,0.0,0.0,4.0,0.0,0.0,0.0,2648.0,0.0,0.0,0.0,0.0,0.0,0.0,0.0,0.0,0.0,0.0,0.0,21.228672454852956,-393.06267685151428,20.933779600809055,-120.02164216080985,21.279412509600364,-1361.098527237864,20.144551142642329,332.299780335342,17.09688011635894,6.28452278605608,19.61212918476754,-30.312401938227013,18.07974477466934,21.757377096236156,16.551718733161608,-172.4772058839584,18.250050637592289,-455.2807911778634,1112.8433145802229,1165.716835567214,0.0,0.0,0.0,0.0,0.0,0.0,0.0,0.0,0.0,0.0,0.0,0.0,0.0,0.0,0.0,0.0,0.0,0.0,0.0,0.0,0.0,0.0,2.0173886322124909,0.6158084957913586,154.0953675528029,184.76074080069675,5991.982936114759,0.3157726881503232,0.04819485472379781,22.817542748361356,27.30819643575035,886.3491030572227,3.3893416115535106,0.6404651571340726,296.44067981728656,355.26779662658239,11656.071136231349,0.4262373357898774,0.08054371424600855,248.73576842965836,298.8238758187714,9328.500236728567,0.0,0.0,9.714814163616806,11.81156088238107,293.77477446881957,0.0,0.0,13.110989636590303,15.771586739523036,469.1121537760282,0.0,0.0,174.0647663068401,210.7754040588808,5685.96511829731,0.0,0.0,42.198235970657517,51.42445575299872,1214.6710766906736,0.0,0.0,119.95799218374387,144.95291066233853,4027.878929667354,36.70959096101667,25.17804592662324,285.49599322345309,345.2303594586478,10889.051965825161,0.0,0.0,131.38543675152284,161.15956113843795,3323.7296115383398,258.6497564223,21.330066741135658,30.891587419058646,21.125,30.0,0.0,21.307069591595345,38.83877791055865,21.0,30.0,1681.5343866204974,21.531957723373563,29.648547506597966,21.5,30.0,0.0,20.838982919616535,31.224834281872839,16.0,30.0,0.0,17.07368579179652,42.9715385318563,12.0,30.0,0.0,19.951142326365856,42.109553707106488,19.0,30.0,0.0,18.362125852218825,38.403435070139448,10.0,30.0,0.0,16.336900072409035,44.695636227388458,12.0,30.0,2945.7946571075328,18.695472011798335,38.26588296648154,20.0,30.0,0.0,18.681839553260397,0.0,0.0,0.0,14.415785684576913,0.0,0.0,705.8806144503755,1134.3923096475474,665.3871214193439,675.2518246811441,749.0860087638448,1168.3834845095824,731.8459032656955,751.896726835625,744.6491704136812,10440.395242997689,81.10137030377004,83.89131693314104,570.0,0.0,570.0,570.0,21.0,16.0,19.0,19.0,12.0,12.0,21.0,10.0,1.0,0.0,258.6497564223,0.0,1681.5343866204974,0.0,0.0,0.0,0.0,2945.7946571075328,4221.89939543678,2533139.6372620679,3287680.566164886,81.10137030377004,83.93869948889494,0.35322997984789269,0.7690218702506774,0.36028137401965956,83.93869948889494,0.3542647819438875,3287680.566164886,0.1991743894405741 
 03/07  22:20:00,2.2266666666666667,80.66666666666667,2.1799999999999999,0.0,0.0,0.0,0.0,0.0,2.0,0.0,0.0,4.0,0.0,0.0,0.0,2319.0,0.0,0.0,0.0,0.0,0.0,0.0,0.0,0.0,0.0,0.0,0.0,21.190328373502856,-636.6020196789095,20.91769115164856,-95.4536269273217,21.039788284122456,-1240.9443530507879,20.148630396045104,402.5589939736489,17.082267031582199,4.551298878783516,19.60249075782184,-49.080703637521839,17.76676638985891,-131.3745092095598,16.419827761447754,-111.81753144441012,18.73411997360786,-616.864666479421,1116.782284376934,1556.9544812943619,0.0,0.0,0.0,0.0,0.0,0.0,0.0,0.0,0.0,0.0,0.0,0.0,0.0,0.0,0.0,0.0,0.0,0.0,0.0,0.0,0.0,0.0,1.9920602826354126,0.6080770093514688,144.12917102892488,172.65492764816924,5683.654754226362,0.32975936361304666,0.05032957320101442,18.519024336361207,22.157769806632076,725.699556940164,3.433015297224444,0.6487179322041656,274.5451928425752,329.0003591935392,10859.909819093782,0.4367157082813895,0.0825237543993555,258.05992483041225,310.011317045092,9739.8891250197,0.0,0.0,11.002344179931909,13.380178898123294,334.54065451956469,0.0,0.0,14.381197829154285,17.303217893887088,517.2170890785388,0.0,0.0,222.8245038183108,270.2950139077453,7082.294475245483,0.0,0.0,45.956892030091569,56.06103716853084,1317.5572766857834,0.0,0.0,191.01415827809164,230.40821704454269,6666.611403078337,36.94354577698473,25.33850876336401,267.83741278425068,324.0166727416893,10287.630118505189,0.0,0.0,180.84786009914439,221.3195440088864,4837.0030680071099,685.0472991839099,21.518959142563966,30.014863500265507,21.285714285714279,29.99999999999999,0.0,21.29915504236518,39.039699744837097,20.999999999999994,29.99999999999999,1090.0602131257363,21.5143808672429,29.328546039292527,21.42857142857142,29.99999999999999,0.0,20.86219533355667,30.778177683942667,15.999999999999993,29.99999999999999,0.0,17.05568836922243,42.45837382135491,11.999999999999993,29.99999999999999,0.0,19.943618255654248,40.061625378572127,18.999999999999994,29.99999999999999,0.0,17.782117822441813,39.44587863371044,9.999999999999997,29.99999999999999,0.0,16.16474106952057,44.77644169218527,11.999999999999993,29.99999999999999,825.3244320423146,19.410481059099096,35.82928820816679,19.285714285714279,29.99999999999999,0.0,18.700768471810219,0.0,0.0,0.0,15.106417619258475,0.0,0.0,692.3806266511327,1163.3432334500029,660.001861605374,669.193951746347,743.1827067920442,1133.1351609293784,729.6749487456308,751.3161037316016,734.9597114690116,8373.275638600715,81.54099167729344,83.50073022922162,569.9999999999998,0.0,569.9999999999998,569.9999999999998,21.0,16.0,19.0,19.0,12.0,12.0,21.0,10.0,1.0,0.0,685.0472991839099,0.0,1090.0602131257363,0.0,0.0,0.0,0.0,825.3244320423146,2965.8743364404724,1779524.601864284,2317418.4666198596,81.54099167729344,83.53401309571888,0.2931481921670633,0.6356132153862228,0.3088126063025652,83.53401309571888,0.30365552738047488,2317418.4666198596,0.14843576026423267 
 03/07  22:30:00,2.13,81.0,2.215,0.0,0.0,0.0,0.0,0.0,2.0,0.0,0.0,4.0,0.0,0.0,0.0,1328.0,0.0,0.0,0.0,0.0,0.0,0.0,0.0,0.0,0.0,0.0,0.0,21.2572068878454,-860.2937863154677,20.908375222119746,-73.45980882723846,21.344828997421037,-1302.7426362750167,20.202679808126967,482.7657164108541,17.065074165746844,3.1784619793349124,19.57239539895334,-74.75687511140592,17.589213927436246,10.528112922274886,16.393082721682533,-50.61935170698638,18.675684688402986,-1065.5894498816286,1209.169426935382,1941.6567796168229,0.0,0.0,0.0,0.0,0.0,0.0,0.0,0.0,0.0,0.0,0.0,0.0,0.0,0.0,0.0,0.0,0.0,0.0,0.0,0.0,0.0,0.0,1.9812025658858779,0.6047626879993522,186.52409642521389,223.20400916293597,7406.356121743149,0.3496942693715343,0.05337214123497166,14.26621086131625,17.082257128673314,565.5646746511692,3.4328336733321027,0.6486836117407604,308.3755710358747,369.1165314187584,12348.535734360168,0.44924848671765829,0.08489200429283034,288.9769802913057,346.83455111266627,11015.288261055497,0.0,0.0,12.00573686741439,14.595579887278439,366.99983787090175,0.0,0.0,15.877579378721562,19.10476555174236,572.9652141585368,0.0,0.0,280.02740741410818,339.9214700087915,8818.66707495461,0.0,0.0,46.160042445584867,56.290569765099487,1333.9823670998999,0.0,0.0,245.6588367913235,296.04039921907448,8736.648913680403,37.242050137765847,25.54324426458564,304.2886408251395,367.68791533865626,11716.551444119865,0.0,0.0,235.73613031089975,287.860799584753,6635.6728272776149,1163.569906279657,21.72503183307426,29.164860696860769,21.75,30.0,0.0,21.29834155901048,39.45707638035576,21.0,30.0,1859.730801093595,21.747213238534095,28.733393798632365,21.5,30.0,0.0,20.955159318051885,30.28567972721887,16.0,30.0,0.0,17.03473313944164,41.98577633757806,12.0,30.0,0.0,19.902025533704696,38.337303806103218,19.0,30.0,0.0,17.516125124658289,39.800122434225787,10.0,30.0,0.0,16.178366746953146,44.17806695172011,12.0,30.0,1096.9692318450969,19.63104870257118,35.11685781046634,19.5,30.0,0.0,18.94558846444601,0.0,0.0,0.0,15.738716671276368,0.0,0.0,676.8986220320539,1202.5222117678325,657.3637629469783,662.5879698249182,737.8392273419919,1085.2632632870125,725.9506966275973,744.721428311386,734.6321427063454,8954.339991385412,82.08393087421969,85.65866889768046,570.0,0.0,570.0,570.0,21.0,16.0,19.0,19.0,12.0,12.0,21.0,10.0,1.0,0.0,1163.569906279657,0.0,1859.730801093595,0.0,0.0,0.0,0.0,1096.9692318450969,5409.791654755472,3245874.992853283,4240724.059423193,82.08393087421969,85.71937981663463,0.3503263884918491,0.7658851167911519,0.36028137401965956,85.71937981663463,0.3542647819438875,4240724.059423193,0.24816265109000608 
 03/07  22:40:00,2.033333333333333,81.33333333333334,2.25,0.0,0.0,0.0,0.0,0.0,2.0,0.0,0.0,0.0,0.0,0.0,0.0,1992.0,0.0,0.0,0.0,0.0,0.0,0.0,0.0,0.0,0.0,0.0,0.0,20.6343000189842,-207.46047011251108,20.609344932118036,-483.54457286162417,20.5866081896211,-478.9030797816051,20.083087862911996,-77.62397493249165,17.0487507852728,1.5713939579710248,19.439583881521565,-50.79258622558562,17.637422089949163,-74.81002615063403,16.377385327805749,-105.36098864655047,18.07146060874377,-306.1659695026455,1125.7796270781303,1273.4122296918006,0.0,0.0,0.0,0.0,0.0,0.0,0.0,0.0,0.0,0.0,0.0,0.0,0.0,0.0,0.0,0.0,0.0,0.0,0.0,0.0,0.0,0.0,1.9680293092965736,0.600741547404326,239.45384171511683,287.7566645009714,9068.766818131642,0.3593166909617246,0.05484076479879795,121.11427477591278,145.45613727358893,4608.67677568201,3.3910673920772416,0.6407912683441494,231.49448275803304,278.25821633473177,8850.856874588426,0.39068607732061269,0.07382578936519505,133.81318328391954,160.85841261103065,5073.770440367414,0.0,0.0,10.484654385605327,12.756321161419744,322.2405784658049,0.0,0.0,12.87158496051439,15.509228054636854,463.51639090335467,0.0,0.0,195.24462867959987,237.10250667343983,6228.503417592774,0.0,0.0,41.55431914035756,50.70005944391173,1210.4429056556692,0.0,0.0,162.3646368330395,196.61548025216835,5445.002643336658,36.799275526310818,25.239557974150068,297.32194921804929,359.6421553129637,11447.779105322448,0.0,0.0,154.09385084380166,188.97664929294988,4071.999253709374,0.0,20.589003413852418,33.48604906545612,21.999999999999976,29.999999999999969,0.0,20.79492291847614,32.32994320953194,11.99999999999999,29.999999999999969,0.0,20.63431646224982,32.13909355064723,21.666666666666644,29.999999999999969,0.0,20.671142841411034,31.81702842469136,11.99999999999999,29.999999999999969,0.0,17.01714152369869,41.77823922179564,11.99999999999999,29.999999999999969,0.0,19.75524791284952,37.42230835292098,11.99999999999999,29.999999999999969,0.0,17.612335898743788,40.172129095555337,9.99999999999999,29.999999999999969,0.0,16.19177204866723,43.80042039705072,11.99999999999999,29.999999999999969,0.0,18.431786321928738,38.07366057325911,19.99999999999998,29.999999999999969,0.0,18.742583438789937,0.0,0.0,0.0,14.69869542750749,0.0,0.0,804.7046824677233,774.7936159741711,740.6736462183326,721.2997031911089,740.9559651973859,1056.2482401602497,769.2254958567631,743.7480183489361,757.9535084783021,0.0,83.72839678354669,83.72839678354669,59.999999999999939,0.0,59.999999999999939,59.999999999999939,12.0,12.0,12.0,19.0,12.0,12.0,21.0,10.0,0.0,0.0,0.0,0.0,0.0,0.0,0.0,0.0,0.0,0.0,0.0,0.0,0.0,83.72839678354669,83.72839678354669,0.0,0.0,0.0,83.72839678354669,0.0,0.0,0.00288 
 03/07  22:50:00,1.9366666666666666,81.66666666666667,2.285,0.0,0.0,0.0,0.0,0.0,2.0,0.0,0.0,0.0,0.0,0.0,0.0,996.0,0.0,0.0,0.0,0.0,0.0,0.0,0.0,0.0,0.0,0.0,0.0,20.21301304719875,-221.31683816155857,20.20526266211317,-450.7816748362302,20.196805957686715,-226.02204442497249,19.70609491984446,-184.7057218110316,17.02759058813539,-1.6474335888412398,19.31545355585217,-40.104018582854369,17.50923077548227,-82.2043752983067,16.273051034642728,-138.23002345415643,17.749593968142535,-125.76021898977246,863.5963984515479,1027.2863256119222,0.0,0.0,0.0,0.0,0.0,0.0,0.0,0.0,0.0,0.0,0.0,0.0,0.0,0.0,0.0,0.0,0.0,0.0,0.0,0.0,0.0,0.0,1.9555604827210603,0.5969354342860385,237.3984618487834,285.6559408349723,8708.326086851708,0.35241662087271766,0.05378764054833912,163.9517054489242,197.21632965095928,6035.874301328777,3.231048843537253,0.6105534473804339,120.89447551592716,145.41731957237824,4546.5267777944559,0.36208377694792917,0.06842097070066691,99.78549435616256,119.99979054565381,3644.877559005839,0.0,0.0,9.322679815434212,11.338022418155749,287.9510687846828,0.0,0.0,12.16798065636373,14.660673746399564,436.6046442247996,0.0,0.0,154.51499052921433,187.66384677416333,4898.949583383771,0.0,0.0,38.59533120669944,47.087776012841818,1120.5304168075937,0.0,0.0,125.07941755587489,151.6414280473534,4089.0304718638456,36.3177958034686,24.90932496808549,233.51071582516779,282.68807063973039,8889.981875077836,0.0,0.0,118.20527071858722,145.25847293781806,2961.37213500062,0.0,19.899607989215949,32.87456972490958,22.000000000000019,30.00000000000002,0.0,20.13933815854599,31.780066940416576,12.00000000000001,30.00000000000002,0.0,20.047147192265276,32.831273052870709,22.000000000000019,30.00000000000002,0.0,19.99971716265211,32.723309482355578,12.00000000000001,30.00000000000002,0.0,16.990248382976135,41.80187084480873,12.00000000000001,30.00000000000002,0.0,19.58412445581424,37.00723908256585,12.00000000000001,30.00000000000002,0.0,17.405854463891097,40.07387083266164,10.000000000000007,30.00000000000002,0.0,16.037555642056483,44.32662543805068,12.00000000000001,30.00000000000002,0.0,17.912469907255905,39.3155710462052,20.000000000000015,30.00000000000002,0.0,17.853376241628167,0.0,0.0,0.0,13.982134315048928,0.0,0.0,716.4108615982447,685.7524572733918,724.8713996281515,713.1490522194602,752.3474212810427,1059.3918380042654,756.2223361949682,759.2771161538282,767.8262704606248,0.0,83.72839678354684,83.72839678354684,60.00000000000004,0.0,60.00000000000004,60.00000000000004,12.0,12.0,12.0,19.0,12.0,12.0,21.0,10.0,0.0,0.0,0.0,0.0,0.0,0.0,0.0,0.0,0.0,0.0,0.0,0.0,0.0,83.72839678354684,83.72839678354684,0.0,0.0,0.0,83.72839678354684,0.0,0.0,0.002796666666666667 
 03/07  23:00:00,1.84,82.0,2.32,0.0,0.0,0.0,0.0,0.0,2.0,0.0,0.0,0.0,0.0,0.0,0.0,996.0,0.0,0.0,0.0,0.0,0.0,0.0,0.0,0.0,0.0,0.0,0.0,19.944013242593976,-210.9880197862038,19.845667924096348,-339.38159380925267,19.83296057366753,-352.5276480718466,19.298831946215388,-242.27519176174446,17.003468035033185,-5.135838066857753,19.218016975839285,-43.101003769225027,17.37616874896321,-109.62802901275254,16.153645814373424,-168.20654590704405,17.555833928097706,-114.15456321187435,893.3683506665003,870.7723592360128,0.0,0.0,0.0,0.0,0.0,0.0,0.0,0.0,0.0,0.0,0.0,0.0,0.0,0.0,0.0,0.0,0.0,0.0,0.0,0.0,0.0,0.0,1.8582291465254469,0.5672250142019073,210.5059827083553,253.92284525243404,7633.959061217313,0.3408938177763969,0.05202897096709359,145.96686009248894,176.08716227926059,5272.924208461619,3.22960210530782,0.6102800652509116,333.5026087565803,402.37377895069695,12096.277248829356,0.3647779734535078,0.06893007812802496,195.5041287683685,236.0766732080987,6958.452041512918,0.0,0.0,8.565298825814307,10.417382506494324,265.7778415762134,0.0,0.0,12.293874351447857,14.822299754571639,440.6994367610132,0.0,0.0,137.04597482997833,166.56942261006209,4314.502789299579,0.0,0.0,36.1164259371045,44.0927689787004,1043.323758890472,0.0,0.0,108.53908267781498,131.7138375720886,3508.0621796506959,35.78566448795768,24.54435150065688,344.4776179050367,417.8745573196395,12544.924405068838,0.0,0.0,100.76432398726465,124.01149208567719,2454.4907582182074,0.0,19.522439107162659,32.774095024258418,22.000000000000019,30.00000000000002,0.0,19.58443575695567,31.88071836328026,12.00000000000001,30.00000000000002,0.0,19.487011591022588,32.901925086325977,22.000000000000019,30.00000000000002,0.0,19.299083808526455,32.9049683254651,12.00000000000001,30.00000000000002,0.0,16.96008465929533,41.5739356494196,12.00000000000001,30.00000000000002,0.0,19.461241621317045,36.45997031099429,12.00000000000001,30.00000000000002,0.0,17.19410000928022,39.685275825319177,10.000000000000007,30.00000000000002,0.0,15.861583940480042,44.60608053628441,12.00000000000001,30.00000000000002,0.0,17.627470208368164,39.12367210782045,20.000000000000015,30.00000000000002,0.0,17.979667043892769,0.0,0.0,0.0,13.551494270830475,0.0,0.0,680.4839051444938,651.8868160002467,684.2554864678162,668.6966290897257,752.6727595465454,1052.3546359133466,734.0300372596461,769.3667299888316,747.2063631431306,0.0,83.72839678354684,83.72839678354684,60.00000000000004,0.0,60.00000000000004,60.00000000000004,12.0,12.0,12.0,19.0,12.0,12.0,21.0,10.0,0.0,0.0,0.0,0.0,0.0,0.0,0.0,0.0,0.0,0.0,0.0,0.0,0.0,83.72839678354684,83.72839678354684,0.0,0.0,0.0,83.72839678354684,0.0,0.0,0.0027133333333333334 
 03/07  23:10:00,1.9366666666666668,81.16666666666667,2.3983333333333336,0.0,0.0,0.0,0.0,0.0,2.0,0.0,0.0,0.0,0.0,0.0,0.0,664.0,0.0,0.0,0.0,0.0,0.0,0.0,0.0,0.0,0.0,0.0,0.0,19.728398866467406,-138.87154439007555,19.654905866068125,-403.70555554189118,19.625939587435896,-149.49343795348023,19.152400443375134,-115.88070550579733,16.97860634943558,-4.967322588937549,19.129751094547389,-38.78042578954168,17.260288271771008,-119.53371333421547,16.044872338794016,-163.15994205889303,17.413107943312214,-82.84337169585229,700.7297298820663,876.5308704878939,0.0,0.0,0.0,0.0,0.0,0.0,0.0,0.0,0.0,0.0,0.0,0.0,0.0,0.0,0.0,0.0,0.0,0.0,0.0,0.0,0.0,0.0,1.8424696024200436,0.5624144085531269,167.74728509944675,202.24373818838948,5980.132836772826,0.3329343077853357,0.05081414953988641,100.27797432721107,120.85268455666248,3521.399080861308,3.0443246981189815,0.5752692173316294,113.93893979795287,137.51857853374433,4117.8769448354919,0.3563641354393754,0.06734016164765217,112.12941143402688,135.3905754009935,3940.0458884852034,0.0,0.0,8.115068764836531,9.864985314805534,249.74526298852136,0.0,0.0,12.320068074434494,14.850103339233977,436.58216488216899,0.0,0.0,132.58062997921832,161.1457203922576,4104.152205033366,0.0,0.0,35.630456807207739,43.49246781479236,1011.738110772958,0.0,0.0,106.09971847514278,128.76653886952117,3368.432344518744,35.572742382319109,24.39831439116538,185.4366382059547,225.12213131515177,6977.692097063953,0.0,0.0,99.25045114691804,122.1444204968926,2364.5313341477478,0.0,19.246298314948385,32.26544053957724,22.0,30.0,0.0,19.337849879288457,31.688702417984559,12.0,30.0,0.0,19.252150248774166,32.676221690853477,22.0,30.0,0.0,19.12103206011851,32.995824035076598,12.0,30.0,0.0,16.931311755728339,41.183775313498887,12.0,30.0,0.0,19.34964317557496,35.84612994132905,12.0,30.0,0.0,17.02303645050832,39.44936565165564,10.0,30.0,0.0,15.711553718392036,44.60457999225508,12.0,30.0,0.0,17.431879562228845,39.06615397833197,20.0,30.0,0.0,17.333089821847844,0.0,0.0,0.0,13.38340814572507,0.0,0.0,643.1260850506792,629.5811460586692,658.9641675234482,661.0576541907853,746.6684862483642,1039.0412313824159,716.1099863357213,765.1267618146464,733.3008307296598,0.0,83.72839678354677,83.72839678354677,60.0,0.0,60.0,60.0,12.0,12.0,12.0,19.0,12.0,12.0,21.0,10.0,0.0,0.0,0.0,0.0,0.0,0.0,0.0,0.0,0.0,0.0,0.0,0.0,0.0,83.72839678354677,83.72839678354677,0.0,0.0,0.0,83.72839678354677,0.0,0.0,0.00263 
 03/07  23:20:00,2.033333333333333,80.33333333333334,2.4766666666666667,0.0,0.0,0.0,0.0,0.0,2.0,0.0,0.0,0.0,0.0,0.0,0.0,996.0,0.0,0.0,0.0,0.0,0.0,0.0,0.0,0.0,0.0,0.0,0.0,19.511279980798386,-274.69944239547166,19.43816681716286,-303.8799272974851,19.440987443576476,-377.00597556133746,19.054361872366824,16.301087382689724,16.955124451513876,-5.538739326256743,19.05716973737548,-42.65621535396053,17.145928549127207,-157.21696495966698,15.958564265308187,-165.1912324045297,17.306584812694575,-92.40496601750083,720.7229266381149,870.000280265198,0.0,0.0,0.0,0.0,0.0,0.0,0.0,0.0,0.0,0.0,0.0,0.0,0.0,0.0,0.0,0.0,0.0,0.0,0.0,0.0,0.0,0.0,1.810720769698602,0.5527230676735658,262.33791525885746,316.8552359586953,9043.382695673921,0.3347739497535793,0.05109492517606521,141.77093501895687,171.15592499863113,4914.502795466789,2.8602202438378176,0.5404800158423692,152.06315992553429,183.63482048467916,5336.2981807425999,0.3407108989306853,0.06438225603376513,83.23488380459273,100.587967542835,2888.272568449932,0.0,0.0,7.7890951417252129,9.475753375777762,237.76052023394713,0.0,0.0,12.340490887290864,14.88888486316265,432.82361576928136,0.0,0.0,130.96372234449468,159.37107622494507,3985.3324249078898,0.0,0.0,34.569471943294278,42.23953724739249,967.4319973651104,0.0,0.0,105.10172932449516,127.69324471123844,3287.7426672786007,35.34985697568942,24.24544374189946,262.4642530048242,318.5301894828584,9413.072567568146,0.0,0.0,99.08204653318362,122.07833625530441,2308.281265320371,0.0,18.933503565059956,32.569221440157978,21.999999999999994,29.99999999999999,0.0,19.055161054792625,31.959498984151975,11.999999999999995,29.99999999999999,0.0,19.02006608793888,32.21890351955907,21.999999999999994,29.99999999999999,0.0,19.018816266563424,32.83133186897183,11.999999999999995,29.99999999999999,0.0,16.90744465572174,40.779213241167038,11.999999999999995,29.99999999999999,0.0,19.2663267710375,35.33678599513793,11.999999999999995,29.99999999999999,0.0,16.856154302576994,39.20934458879426,9.999999999999997,29.99999999999999,0.0,15.606512343252496,44.416184112127258,11.999999999999995,29.99999999999999,0.0,17.29699160292788,38.69846573987297,19.999999999999994,29.99999999999999,0.0,17.395598734577466,0.0,0.0,0.0,13.22258713078946,0.0,0.0,633.5697347347491,621.1270938561336,628.1288224684772,648.2534430557929,737.8236053336827,1025.2727495416544,700.2884706719992,757.3400337502447,715.1075044333694,0.0,83.72839678354674,83.72839678354674,59.99999999999998,0.0,59.99999999999998,59.99999999999998,12.0,12.0,12.0,19.0,12.0,12.0,21.0,10.0,0.0,0.0,0.0,0.0,0.0,0.0,0.0,0.0,0.0,0.0,0.0,0.0,0.0,83.72839678354674,83.72839678354674,0.0,0.0,0.0,83.72839678354674,0.0,0.0,0.002613333333333334 
 03/07  23:30:00,2.13,79.5,2.5549999999999999,0.0,0.0,0.0,0.0,0.0,2.0,0.0,0.0,0.0,0.0,0.0,0.0,664.0,0.0,0.0,0.0,0.0,0.0,0.0,0.0,0.0,0.0,0.0,0.0,19.303046779414616,-328.9250759940651,19.324769528632495,-131.34249216533409,19.294609267233029,-93.65025767622046,18.956824239425424,-95.82823186707765,16.928626849457517,-6.249261181602634,18.98159885619808,-47.0009206807257,16.98576006550686,-164.57797568352727,15.874722651314624,-161.89473345067104,17.197083229384874,-106.98082975913099,535.5396803805136,917.5141841392845,0.0,0.0,0.0,0.0,0.0,0.0,0.0,0.0,0.0,0.0,0.0,0.0,0.0,0.0,0.0,0.0,0.0,0.0,0.0,0.0,0.0,0.0,1.7719682728785849,0.5408938561900443,168.18060288377775,203.30584199826843,5716.722278553516,0.33577098997873247,0.05124709859260264,85.86728070960206,103.70162458115351,2951.0658676044097,2.8212404462585098,0.5331142188697109,65.63233633685295,79.27612156360169,2335.276388335382,0.33397765937924175,0.06310991295904037,63.533843789315529,76.73926931331168,2177.6079897584647,0.0,0.0,7.868840334891834,9.565636923361856,238.20555666978883,0.0,0.0,12.414390312380338,14.973402791200517,430.82360808927549,0.0,0.0,139.72195332395726,170.03804707793854,4156.186333590045,0.0,0.0,33.78347880461389,41.265388264194999,932.0485404743545,0.0,0.0,112.16768373791914,136.24447663419373,3454.6499185260388,35.17930777504904,24.128468981515128,125.2644684305044,152.38144394146759,4827.658554936157,0.0,0.0,105.69054640854475,130.1595048387474,2426.609310410489,0.0,18.664635785904499,32.3874540214246,22.0,30.0,0.0,18.950309788851393,31.954154719642074,12.0,30.0,0.0,18.889521373058054,32.406855181014979,22.0,30.0,0.0,18.879016688477877,32.4675554920454,12.0,30.0,0.0,16.879613689721084,40.28015984010071,12.0,30.0,0.0,19.176061271445954,34.80436740120476,12.0,30.0,0.0,16.61158223930768,39.49850418523728,10.0,30.0,0.0,15.506462113489168,44.05241362277211,12.0,30.0,0.0,17.152301702445379,38.531442297637997,20.0,30.0,0.0,16.795293868364945,0.0,0.0,0.0,13.15379624410804,0.0,0.0,611.3992579806709,615.0481850080633,626.9616348869269,627.5934872273957,725.8241739268817,1008.973409899505,693.4202333059882,743.9357844965581,702.669001713032,0.0,83.72839678354677,83.72839678354677,60.0,0.0,60.0,60.0,12.0,12.0,12.0,19.0,12.0,12.0,21.0,10.0,0.0,0.0,0.0,0.0,0.0,0.0,0.0,0.0,0.0,0.0,0.0,0.0,0.0,83.72839678354677,83.72839678354677,0.0,0.0,0.0,83.72839678354677,0.0,0.0,0.002596666666666667 
 03/07  23:40:00,2.2266666666666667,78.66666666666666,2.6333333333333335,0.0,0.0,0.0,0.0,0.0,2.0,0.0,0.0,0.0,0.0,0.0,0.0,996.0,0.0,0.0,0.0,0.0,0.0,0.0,0.0,0.0,0.0,0.0,0.0,19.223204250826414,-13.66511417969473,19.20282495973331,-355.392958282402,19.133984324972066,-340.3272653914482,18.84610952854088,-151.29751793798025,16.902528176202023,-6.851040061667867,18.913946924025379,-49.41140017530891,16.80411186090484,-241.0555073740356,15.81133546440348,-149.91520265419519,17.087467874122937,-150.8480284699971,648.4322707973157,981.2976447311195,0.0,0.0,0.0,0.0,0.0,0.0,0.0,0.0,0.0,0.0,0.0,0.0,0.0,0.0,0.0,0.0,0.0,0.0,0.0,0.0,0.0,0.0,1.729489134601279,0.527927086264127,187.1497384318315,226.4852444202162,6322.527036288515,0.3219121812514972,0.04913189579540558,96.42080460634317,116.68362982783208,3261.5110512920484,2.6740336283323038,0.5052973598511538,153.9940173820084,186.17713618514046,5245.58418662953,0.3200281028596625,0.06047394233931642,94.05691359473937,113.64793879515894,3159.20041253425,0.0,0.0,7.553496691801531,9.188284048858865,226.7491090815333,0.0,0.0,12.745145681020482,15.385497252790576,437.8822557968774,0.0,0.0,150.40405978633422,183.32133913802734,4359.672151463036,0.0,0.0,31.575314361770486,38.601329702784017,860.9422992127294,0.0,0.0,122.78995897481056,149.3047897893311,3721.9549362130126,35.053282717704927,24.04203204232164,206.18792446088197,250.75935337770035,7353.788078803729,0.0,0.0,117.78151867652912,145.13492254659406,2679.1968192196679,0.0,18.679160089818696,32.43966143440369,22.000000000000008,30.00000000000001,0.0,18.785889471899514,31.421164330263936,12.000000000000006,30.00000000000001,0.0,18.682614363961734,32.066404286128108,22.000000000000008,30.00000000000001,0.0,18.73054933679131,32.34285167157219,12.000000000000006,30.00000000000001,0.0,16.854600980081299,39.86931960750312,12.000000000000006,30.00000000000001,0.0,19.101458056438159,34.390739060337008,12.000000000000006,30.00000000000001,0.0,16.32920909202368,39.63007870091221,10.000000000000004,30.00000000000001,0.0,15.446377596188317,43.55109892824541,12.000000000000006,30.00000000000001,0.0,17.007186798688076,38.399763077527918,20.000000000000008,30.00000000000001,0.0,17.122488473531065,0.0,0.0,0.0,13.149551717550255,0.0,0.0,615.0872700925448,588.3508975612817,603.3953359648892,614.9472280904835,715.4250797145471,993.707694257019,680.5293499676243,729.0569823607036,691.9253712350916,0.0,83.7283967835468,83.7283967835468,60.00000000000002,0.0,60.00000000000002,60.00000000000002,12.0,12.0,12.0,19.0,12.0,12.0,21.0,10.0,0.0,0.0,0.0,0.0,0.0,0.0,0.0,0.0,0.0,0.0,0.0,0.0,0.0,83.7283967835468,83.7283967835468,0.0,0.0,0.0,83.7283967835468,0.0,0.0,0.0025800000000000004 
 03/07  23:50:00,2.3233333333333334,77.83333333333334,2.711666666666667,0.0,0.0,0.0,0.0,0.0,2.0,0.0,0.0,0.0,0.0,0.0,0.0,996.0,0.0,0.0,0.0,0.0,0.0,0.0,0.0,0.0,0.0,0.0,0.0,19.101596642998464,-227.2203361792504,19.0474534772419,-371.09002786820749,18.89531298914077,-279.38665919049915,18.71567064266478,-150.23743430540197,16.870651905106834,-11.657629750475858,18.843107496295958,-56.35792652384801,16.591149955450736,-269.71238878171416,15.767351425596436,-129.0552959848904,16.946463182406466,-210.05965342673808,725.7160691204814,1019.1418403509434,0.0,0.0,0.0,0.0,0.0,0.0,0.0,0.0,0.0,0.0,0.0,0.0,0.0,0.0,0.0,0.0,0.0,0.0,0.0,0.0,0.0,0.0,1.6771797943521408,0.5119596441856356,355.204976891341,429.95863589931977,11794.587124191385,0.2953618042624884,0.04507964045520279,185.6563271748104,224.72437432606044,6154.183921534722,2.598734153354121,0.49106843411831516,300.1578557717505,363.7054089892232,9879.007141484706,0.3153725432857237,0.05959420697009144,157.79484601187458,191.05898342963767,5232.337645784656,0.0,0.0,7.7645924188574029,9.446080203576774,230.99611035772427,0.0,0.0,13.666808306790744,16.50323667474167,464.67688001806268,0.0,0.0,162.96370905909834,198.86793390232885,4584.577993011177,0.0,0.0,27.39798271320626,33.49624006303245,740.1696558959335,0.0,0.0,134.3687599746612,163.50541873846849,3993.0993984084718,34.834296899773537,23.891836008075154,456.0521877681425,554.294617398524,15162.389665723676,0.0,0.0,129.87893198739637,160.0580576092428,2924.2916106428494,0.0,18.51617651152611,31.9726386482361,22.000000000000019,30.00000000000002,0.0,18.585634877877849,31.31520712800969,12.00000000000001,30.00000000000002,0.0,18.34446489387148,32.110940922411959,22.000000000000019,30.00000000000002,0.0,18.55553255497224,31.98376922044867,12.00000000000001,30.00000000000002,0.0,16.819890334037518,39.32206087701812,12.00000000000001,30.00000000000002,0.0,19.019829276799436,33.84511880488921,12.00000000000001,30.00000000000002,0.0,15.992787393980226,39.56794464892666,10.000000000000007,30.00000000000002,0.0,15.421868455000679,42.71649106996039,12.00000000000001,30.00000000000002,0.0,16.804803962903237,38.02510809781481,20.000000000000015,30.00000000000002,0.0,17.37936675004959,0.0,0.0,0.0,13.134653368573023,0.0,0.0,591.5922149613833,574.6987900180529,585.1620415954456,594.3175528820561,701.1487699021976,968.3227133844207,660.5708766807813,709.5762438873915,673.3039559409342,0.0,83.72839678354684,83.72839678354684,60.00000000000004,0.0,60.00000000000004,60.00000000000004,12.0,12.0,12.0,19.0,12.0,12.0,21.0,10.0,0.0,0.0,0.0,0.0,0.0,0.0,0.0,0.0,0.0,0.0,0.0,0.0,0.0,83.72839678354684,83.72839678354684,0.0,0.0,0.0,83.72839678354684,0.0,0.0,0.0025733333333333335 
 03/07  24:00:00,2.42,77.0,2.79,0.0,0.0,0.0,0.0,0.0,2.0,0.0,0.0,0.0,0.0,0.0,0.0,664.0,0.0,0.0,0.0,0.0,0.0,0.0,0.0,0.0,0.0,0.0,0.0,19.003695970667289,-135.832683962828,18.966876614154786,-262.8593775661143,18.84956431669093,-269.6582451343611,18.586937257047209,-122.23392850816208,16.833285222316499,-14.198311706201708,18.768837489157563,-60.763392939343848,16.461732534045774,-219.5421504421838,15.729657560177632,-122.10390574929403,16.812437756619326,-198.068432751199,646.581847173863,1028.4269095357263,0.0,0.0,0.0,0.0,0.0,0.0,0.0,0.0,0.0,0.0,0.0,0.0,0.0,0.0,0.0,0.0,0.0,0.0,0.0,0.0,0.0,0.0,1.6439895136604137,0.5018283008731421,172.64499486136277,208.81681334636429,5693.187283747549,0.3052916535056147,0.04659518521147965,95.12225112672123,115.01691644888007,3132.608144948128,2.5431775746692386,0.48057021441217676,217.51474275668449,263.209688610203,7161.719639490313,0.3157875486079575,0.05967262823279618,135.6789721264411,164.1614388072809,4425.713151270081,0.0,0.0,8.149943545882533,9.910915034502132,240.1624338730713,0.0,0.0,13.631690385071604,16.455800641441728,458.48548480319325,0.0,0.0,168.4457682894558,205.55063443445887,4654.145366375374,0.0,0.0,25.997504097587695,31.76795302322285,696.276931665807,0.0,0.0,137.19565125090396,166.95452917964378,4002.529861965426,34.846722519067117,23.900358380704476,251.67786821139348,305.8661628307391,8606.568590976498,0.0,0.0,132.10582021485375,162.74300400951359,2933.4537048309286,0.0,18.442841159196627,31.726624110715379,22.0,30.0,0.0,18.537835053675005,31.03087321192704,12.0,30.0,0.0,18.375211783726067,31.85501647720118,22.0,30.0,0.0,18.383394416208878,31.82252183470949,12.0,30.0,0.0,16.77685185289001,38.77043682119225,12.0,30.0,0.0,18.931680260474488,33.39348397697106,12.0,30.0,0.0,15.836545795316482,39.648551078371188,10.0,30.0,0.0,15.40485356479979,42.131670434235648,12.0,30.0,0.0,16.62598984831905,38.031527862084548,20.0,30.0,0.0,17.096835827217185,0.0,0.0,0.0,13.081708073544484,0.0,0.0,580.9531361051164,563.8611387742437,580.2551593661967,579.3183963570865,686.3000989499551,945.7007077901499,653.8649321593096,696.4156038320844,663.2876993884939,0.0,83.72839678354677,83.72839678354677,60.0,0.0,60.0,60.0,12.0,12.0,12.0,19.0,12.0,12.0,21.0,10.0,0.0,0.0,0.0,0.0,0.0,0.0,0.0,0.0,0.0,0.0,0.0,0.0,0.0,83.72839678354677,83.72839678354677,0.0,0.0,0.0,83.72839678354677,0.0,0.0,0.0025666666666666669 
 03/08  00:10:00,2.485,76.83333333333334,2.8283333333333338,0.0,0.0,0.0,0.0,0.0,2.0,2.0,0.0,0.0,0.0,0.0,0.0,1328.0,0.0,0.0,0.0,0.0,0.0,0.0,0.0,0.0,0.0,0.0,0.0,18.900487510680408,-209.78430134408564,18.88073986126492,-268.911158219945,18.745241085134724,-137.18646739112638,18.51921563940969,-172.46458134401105,16.801881373249544,-8.443374382953977,18.707041889041429,-53.336770167230799,16.737556463732827,194.48204095843904,15.669659931540985,-169.5699514108161,16.840490859515737,-22.699534302020397,538.5226833015555,368.6012198758532,0.0,0.0,0.0,0.0,0.0,0.0,0.0,0.0,0.0,0.0,0.0,0.0,0.0,0.0,0.0,0.0,0.0,0.0,0.0,0.0,0.0,0.0,1.620921292257016,0.49478671924817338,167.96278471961259,203.42882820545547,5476.332710399838,0.2970921746012167,0.045343738492249197,91.39423939786262,110.63088358325604,2980.468385337521,2.478314572668729,0.46831341131306306,157.91903253344078,191.2489733943649,5169.504933625925,0.30894483952769466,0.058379599306064729,76.5744924559119,92.71550281085023,2476.676466870558,0.0,0.0,7.838565199684847,9.544595448675,229.47802366434673,0.0,0.0,13.445007967826239,16.25293210561994,448.7763012197768,0.0,0.0,69.13936329607984,84.27375040245781,1987.5335953757099,0.0,0.0,27.351895772197869,33.45423842922387,725.0769072703954,0.0,0.0,15.846949033507777,19.30110026629672,463.3242521624976,34.71121918699662,23.807420567213059,192.4037849516435,234.1606970311985,6686.434163101157,0.0,0.0,38.2252693721677,47.28441809547954,771.1710805040777,0.0,18.3283726915497,31.334680317234218,22.0,30.0,0.0,18.459524376241249,30.908933730870435,12.0,30.0,0.0,18.28936287431645,31.723284893755193,22.0,30.0,0.0,18.319367823763025,31.624683421706345,12.0,30.0,0.0,16.747790764292796,38.22129648317033,12.0,30.0,0.0,18.86849275825871,32.98292931387328,12.0,30.0,0.0,16.47303040107869,36.34292573220147,10.0,30.0,0.0,15.340887320532258,41.77897809659262,12.0,30.0,0.0,16.73787925023023,37.61395062573555,20.0,30.0,0.0,16.730222503160037,0.0,0.0,0.0,12.137915900218255,0.0,0.0,562.7151516099202,556.5430371633008,572.5626212647101,571.446276965628,670.0775085460506,926.0087245500585,597.9690137577516,688.1588691451613,719.749713572357,0.0,83.72839678354677,83.72839678354677,60.0,0.0,60.0,60.0,12.0,12.0,12.0,19.0,12.0,12.0,21.0,10.0,0.0,0.0,0.0,0.0,0.0,0.0,0.0,0.0,0.0,0.0,0.0,0.0,0.0,83.72839678354677,83.72839678354677,0.0,0.0,0.0,83.72839678354677,0.0,0.0,0.0025599999999999999 
 03/08  00:20:00,2.5500000000000004,76.66666666666667,2.866666666666667,0.0,0.0,0.0,0.0,0.0,2.0,2.0,0.0,0.0,0.0,0.0,0.0,996.0,0.0,0.0,0.0,0.0,0.0,0.0,0.0,0.0,0.0,0.0,0.0,18.81954367731872,-171.28141677248028,18.781434526670219,-302.7730930983004,18.698000879754337,-139.05134331993603,18.43470394562759,-126.82452819480533,16.775742380165537,-4.492176315358267,18.654213802493787,-37.21815138607346,17.009425917195963,79.55294510251328,15.530599321502392,-225.85543509092128,16.923203430908019,-25.047834464159388,524.5580459519729,488.2628893813239,0.0,0.0,0.0,0.0,0.0,0.0,0.0,0.0,0.0,0.0,0.0,0.0,0.0,0.0,0.0,0.0,0.0,0.0,0.0,0.0,0.0,0.0,1.6260471398537267,0.49635138579173579,168.84435462221274,204.44040706932567,5461.104909606487,0.2991849910358725,0.04566315492000495,115.04124804645145,139.28705744201057,3710.9556668528296,2.4525306933093846,0.46344117409474386,84.09652276379352,101.83471812215393,2776.0993154315694,0.30960979437188315,0.05850525214888189,81.02952797153103,98.13355533081102,2602.6146861073559,0.0,0.0,6.99378092095812,8.514956297337705,203.57742897674656,0.0,0.0,11.908785072409831,14.395085651930313,394.84497246030267,0.0,0.0,73.1188913580338,88.95686681719477,2165.225630840772,0.0,0.0,35.34366646673012,43.25756947501264,917.5280018588993,0.0,0.0,11.497226409288223,13.991613011843164,338.66901925318748,34.675123783309768,23.78266377456088,166.81931148256005,203.12993978313268,5830.904449846058,0.0,0.0,46.624866809892939,57.69583793376889,922.3601346698696,0.0,18.262072101089769,31.076574789763389,21.999999999999994,29.99999999999999,0.0,18.351803269447964,30.63999843716332,11.999999999999995,29.99999999999999,0.0,18.29059077528799,31.35397321439968,21.999999999999994,29.99999999999999,0.0,18.23284503478892,31.29221155871656,11.999999999999995,29.99999999999999,0.0,16.72900397889869,37.42153910321238,11.999999999999995,29.99999999999999,0.0,18.82030002160371,32.419081940198569,11.999999999999995,29.99999999999999,0.0,16.987731007273916,34.713178838392007,9.999999999999997,29.99999999999999,0.0,15.129230379443673,41.4773823580484,11.999999999999995,29.99999999999999,0.0,16.913386144506889,36.94608986868161,19.999999999999994,29.99999999999999,0.0,16.63357722124895,0.0,0.0,0.0,12.004312910461192,0.0,0.0,551.2191188983118,543.1046212612704,563.9383445524126,560.122596067238,646.3101347799735,914.9063311433718,587.6259703696513,675.4427740686788,787.7626860534397,0.0,83.72839678354674,83.72839678354674,59.99999999999998,0.0,59.99999999999998,59.99999999999998,12.0,12.0,12.0,19.0,12.0,12.0,21.0,10.0,0.0,0.0,0.0,0.0,0.0,0.0,0.0,0.0,0.0,0.0,0.0,0.0,0.0,83.72839678354674,83.72839678354674,0.0,0.0,0.0,83.72839678354674,0.0,0.0,0.002556666666666667 
 03/08  00:30:00,2.615,76.5,2.9050000000000004,0.0,0.0,0.0,0.0,0.0,2.0,2.0,0.0,0.0,0.0,0.0,0.0,664.0,0.0,0.0,0.0,0.0,0.0,0.0,0.0,0.0,0.0,0.0,0.0,18.674398830582509,-303.81796699544659,18.71351571092116,-131.46626924731346,18.61285918693553,-171.47215605746283,18.360988929442578,-141.89151931161428,16.74541559155947,-5.035313911059291,18.606277777059359,-33.24129484979878,17.085289909986487,42.19562262888485,15.372006517583307,-244.82435887050736,16.9709165876421,-30.978455664778069,559.8468424034218,568.9236236148354,0.0,0.0,0.0,0.0,0.0,0.0,0.0,0.0,0.0,0.0,0.0,0.0,0.0,0.0,0.0,0.0,0.0,0.0,0.0,0.0,0.0,0.0,1.6294036595117392,0.49737596444192286,169.1988342612663,204.99745989369763,5353.507087912531,0.30696510598823026,0.04685059615204979,79.36993898522049,96.09903435272514,2550.3519964343815,2.4678416643309055,0.46633440369064746,139.80838990635014,169.23686049141356,4530.535604354422,0.30988864941422047,0.058557945845468698,80.44567730643279,97.43405067741462,2559.8050350103787,0.0,0.0,7.079127754573364,8.614562221945223,204.77140006384239,0.0,0.0,11.42385712411092,13.804501417717337,376.3661741467455,0.0,0.0,77.80098817586114,94.55941377758372,2315.03952016918,0.0,0.0,40.755526568820148,49.90685255146052,1033.856264819677,0.0,0.0,10.82804100171216,13.161664457277233,319.8767076516841,34.67770440303425,23.784433746937077,194.77364001454485,236.9485085639264,6663.269635734303,0.0,0.0,52.45918522368657,64.90008500193768,1028.4284731899605,0.0,18.06199120889974,31.105961411017004,22.0,30.0,0.0,18.31139828464187,30.537593845270999,12.0,30.0,0.0,18.20893838089594,31.044992567077168,22.0,30.0,0.0,18.157159052299279,31.177477447481598,12.0,30.0,0.0,16.702016491549466,36.844006151470519,12.0,30.0,0.0,18.777581283885774,32.006039435812898,12.0,30.0,0.0,17.12780532309858,34.175796809710039,10.0,30.0,0.0,14.891414702097468,41.09756726219509,12.0,30.0,0.0,17.01725210930895,36.51555658035096,20.0,30.0,0.0,16.721887964804944,0.0,0.0,0.0,11.985268879826119,0.0,0.0,541.5897791140847,538.3037549217304,551.3369177402371,555.9996516052331,630.0333161049738,916.7529142022288,584.4925970526563,652.6820342323384,845.5099334764282,0.0,83.72839678354677,83.72839678354677,60.0,0.0,60.0,60.0,12.0,12.0,12.0,19.0,12.0,12.0,21.0,10.0,0.0,0.0,0.0,0.0,0.0,0.0,0.0,0.0,0.0,0.0,0.0,0.0,0.0,83.72839678354677,83.72839678354677,0.0,0.0,0.0,83.72839678354677,0.0,0.0,0.0025533333333333334 
 03/08  00:40:00,2.68,76.33333333333333,2.9433333333333335,0.0,0.0,0.0,0.0,0.0,2.0,2.0,0.0,0.0,0.0,0.0,0.0,996.0,0.0,0.0,0.0,0.0,0.0,0.0,0.0,0.0,0.0,0.0,0.0,18.61898946694183,-28.224554061918814,18.64383481849962,-287.00106949406469,18.53760297732904,-196.02991538221614,18.3042947864229,-65.222726869614,16.71426057136736,-5.598495425976516,18.561903145449216,-28.891260612714495,17.064549217493274,-12.82799137265799,15.241077425533696,-252.35083372403614,16.98775644296579,-40.37410206864547,462.6789263793853,616.8723292879954,0.0,0.0,0.0,0.0,0.0,0.0,0.0,0.0,0.0,0.0,0.0,0.0,0.0,0.0,0.0,0.0,0.0,0.0,0.0,0.0,0.0,0.0,1.6094687693270707,0.49129083312792179,159.27415929919438,193.2342715615418,5056.451635977646,0.29576587876005547,0.04514131238706588,94.92725317949976,115.15173978336333,3018.3484529384597,2.372486531809078,0.4483156711657369,84.58667817146565,102.56763723705089,2743.849801752379,0.30320216320913059,0.05729443749227714,38.219460380562427,46.328176971032167,1212.4102740366264,0.0,0.0,6.672534228589133,8.126166628213995,191.75511209367745,0.0,0.0,11.221261536485934,13.570410204775703,367.3944790939383,0.0,0.0,75.49384975982479,91.82933565161145,2230.6591452371346,0.0,0.0,44.516260267392798,54.58734140520343,1107.8261280300433,0.0,0.0,12.46527448378458,15.15794590573429,367.64797948513856,34.542105576123699,23.69143043629885,146.32999662897044,178.4993436074005,5124.974859788608,0.0,0.0,56.25543892743491,69.65208434646556,1092.5543329218372,0.0,18.08986095096136,30.882274086154945,22.000000000000008,30.00000000000001,0.0,18.231698049781497,30.395119951063714,12.000000000000006,30.00000000000001,0.0,18.14470734450317,30.80260257979382,22.000000000000008,30.00000000000001,0.0,18.11860112182355,31.001699505357445,12.000000000000006,30.00000000000001,0.0,16.674469215134786,36.43762668234464,12.000000000000006,30.00000000000001,0.0,18.740587598074769,31.696154525488585,12.000000000000006,30.00000000000001,0.0,17.090644951931915,33.8166699242846,10.000000000000004,30.00000000000001,0.0,14.714613332148258,40.73986301487645,12.000000000000006,30.00000000000001,0.0,17.061009885407349,36.09645034691196,20.000000000000008,30.00000000000001,0.0,16.395187867882617,0.0,0.0,0.0,11.963291830756376,0.0,0.0,537.6165314990306,530.0047978659028,542.1964173270279,552.7155215005249,618.957792634737,918.5682433640759,574.5315700171426,632.6907487414759,870.455044736759,0.0,83.7283967835468,83.7283967835468,60.00000000000002,0.0,60.00000000000002,60.00000000000002,12.0,12.0,12.0,19.0,12.0,12.0,21.0,10.0,0.0,0.0,0.0,0.0,0.0,0.0,0.0,0.0,0.0,0.0,0.0,0.0,0.0,83.7283967835468,83.7283967835468,0.0,0.0,0.0,83.7283967835468,0.0,0.0,0.0025500000000000008 
 03/08  00:50:00,2.745,76.16666666666667,2.9816666666666666,0.0,0.0,0.0,0.0,0.0,2.0,2.0,0.0,0.0,0.0,0.0,0.0,996.0,0.0,0.0,0.0,0.0,0.0,0.0,0.0,0.0,0.0,0.0,0.0,18.48047535411596,-186.18969239384945,18.590310702833749,-259.73054237128408,18.444964781252197,-236.2893790838221,18.175315903327204,-186.21055836767679,16.680485030735704,-5.390644919800085,18.514668454529646,-29.193875003152188,17.014332178363305,-28.352684792654018,15.116302568630687,-254.82987504249315,16.98940845710136,-49.16976057105207,634.0947770607126,637.6476343520034,0.0,0.0,0.0,0.0,0.0,0.0,0.0,0.0,0.0,0.0,0.0,0.0,0.0,0.0,0.0,0.0,0.0,0.0,0.0,0.0,0.0,0.0,1.5899236469372276,0.4853246785522677,310.45338577281208,376.9409398525153,9622.061961353373,0.2864227974509209,0.04371532317627003,166.04934701507507,201.3038569534667,5244.645604439686,2.3532595981860249,0.4446824637539734,301.7996380942924,366.1533665721422,9508.736706453315,0.29892224584943258,0.056485685156733318,153.59408345380974,186.4777010925015,4763.314440929647,0.0,0.0,6.742869696784091,8.214833623128364,192.47395162871539,0.0,0.0,11.183594316132979,13.528361145213524,363.7490671574736,0.0,0.0,75.42550680435387,91.79149696443213,2207.504334841778,0.0,0.0,46.83852845811281,57.47948828180347,1144.374262725895,0.0,0.0,15.565960056095124,18.9324303933425,457.53158000360056,34.458063274467999,23.633788254093305,418.9542023994718,510.2483193192665,13219.406096364386,0.0,0.0,58.45232982198894,72.39638568719144,1121.9822808718125,0.0,17.875055628647297,30.792300047168955,22.000000000000019,30.00000000000002,0.0,18.207461424548549,29.949771760308179,12.00000000000001,30.00000000000002,0.0,18.047640782147828,30.52386775072255,22.000000000000019,30.00000000000002,0.0,17.915099930535399,30.888188208679098,12.00000000000001,30.00000000000002,0.0,16.642816498693887,35.93778373459804,12.00000000000001,30.00000000000002,0.0,18.696495428165329,31.309003402816466,12.00000000000001,30.00000000000002,0.0,17.010928061926554,33.44284566972798,10.000000000000007,30.00000000000002,0.0,14.551452976669891,40.35239960049127,12.00000000000001,30.00000000000002,0.0,17.077927739756747,35.41992756394727,20.000000000000015,30.00000000000002,0.0,16.883416974638956,0.0,0.0,0.0,11.917719586925566,0.0,0.0,525.5953476889148,517.2746964631053,530.1193025204555,535.5662710225145,606.3582969226324,913.8249346682637,565.7137026289332,627.3827633844003,864.4833221992221,0.0,83.72839678354684,83.72839678354684,60.00000000000004,0.0,60.00000000000004,60.00000000000004,12.0,12.0,12.0,19.0,12.0,12.0,21.0,10.0,0.0,0.0,0.0,0.0,0.0,0.0,0.0,0.0,0.0,0.0,0.0,0.0,0.0,83.72839678354684,83.72839678354684,0.0,0.0,0.0,83.72839678354684,0.0,0.0,0.0025366666666666668 
 03/08  01:00:00,2.81,76.0,3.02,0.0,0.0,0.0,0.0,0.0,2.0,2.0,0.0,0.0,0.0,0.0,0.0,664.0,0.0,0.0,0.0,0.0,0.0,0.0,0.0,0.0,0.0,0.0,0.0,18.467359677644489,-238.35254989253918,18.487661649446915,-189.7827147996636,18.332695451714764,-168.95809131925945,18.151083268320258,-123.50406990063198,16.644400111972045,-5.415579574649627,18.465171563080035,-30.103332348933749,16.964142898602959,-11.851449737555413,15.009259312714264,-247.32820641248976,16.981133750276926,-52.58088740573871,628.6722905408524,642.963011903953,0.0,0.0,0.0,0.0,0.0,0.0,0.0,0.0,0.0,0.0,0.0,0.0,0.0,0.0,0.0,0.0,0.0,0.0,0.0,0.0,0.0,0.0,1.571212453566396,0.4796130810642235,240.96464757307863,292.2079047098402,7483.86663183784,0.28796089568858387,0.04395007565454577,121.62962915323311,147.5212112655347,3795.673357435227,2.331278692905431,0.4405288535346621,199.89770144369585,242.3364531935581,6247.2635566068079,0.3010035161893458,0.05687897131317946,107.23418937149967,130.01990181604959,3321.8173305518209,0.0,0.0,6.903611515520566,8.406569511585048,195.6848526599057,0.0,0.0,11.185065476438862,13.527042643659325,361.30852518670727,0.0,0.0,77.92542445643125,94.80306288018395,2259.873346797508,0.0,0.0,47.146849662514508,57.85554924181094,1133.6787305693277,0.0,0.0,16.00155797512393,19.453353067308464,468.2806780780675,34.48379053417163,23.651433836880416,296.1935613729963,360.5097169034502,9511.949050939678,0.0,0.0,58.72065662187368,72.7107079162966,1111.8240147954867,0.0,17.930150550198556,30.518943697047676,22.0,30.0,0.0,18.085875288922187,29.92836942142733,12.0,30.0,0.0,17.92072067354225,30.447798313049025,22.0,30.0,0.0,17.941641250157198,30.62357196391309,12.0,30.0,0.0,16.60742868179436,35.5015507413966,12.0,30.0,0.0,18.647463220994064,30.915370566124446,12.0,30.0,0.0,16.942637298222487,33.27171142524501,10.0,30.0,0.0,14.423121135291059,40.357156697147129,12.0,30.0,0.0,17.078404249746428,34.817132073349288,20.0,30.0,0.0,16.849663329478035,0.0,0.0,0.0,11.85455921965568,0.0,0.0,520.6145681074008,510.08392037696208,520.0072498268214,530.0443921974768,596.2480570379184,903.7300710239638,559.1631895564899,630.904801404693,852.9196481008178,0.0,83.72839678354677,83.72839678354677,60.0,0.0,60.0,60.0,12.0,12.0,12.0,19.0,12.0,12.0,21.0,10.0,0.0,0.0,0.0,0.0,0.0,0.0,0.0,0.0,0.0,0.0,0.0,0.0,0.0,83.72839678354677,83.72839678354677,0.0,0.0,0.0,83.72839678354677,0.0,0.0,0.002523333333333333 
 03/08  01:10:00,2.908333333333333,75.66666666666667,3.2716666666666667,0.0,0.0,0.0,0.0,0.0,2.0,2.0,0.0,0.0,0.0,0.0,0.0,664.0,0.0,0.0,0.0,0.0,0.0,0.0,0.0,0.0,0.0,0.0,0.0,18.294909859254039,-114.3793094266266,18.456029301722049,-288.3803128402635,18.265080888181936,-296.8160984411452,18.035155921035419,-117.11252420895289,16.607827966571138,-5.382871591025378,18.40809396763114,-29.829623401203663,16.916216458363999,-48.11030356400693,14.91026064116995,-249.50834065297534,16.96334814848535,-57.388401814209149,661.4542139281375,650.67396558328,0.0,0.0,0.0,0.0,0.0,0.0,0.0,0.0,0.0,0.0,0.0,0.0,0.0,0.0,0.0,0.0,0.0,0.0,0.0,0.0,0.0,0.0,1.556446524294225,0.4751057766465888,363.25532601042269,440.64189985691737,11064.553790107982,0.27217017526776,0.04154001454025641,186.2919952109047,225.67598183875539,5762.728736683946,2.0698554692036765,0.391129151399032,324.8642952431382,394.00856251389407,9987.250176606292,0.29183870004725639,0.055147146645362108,170.33004661129096,206.6538148009465,5183.450200343295,0.0,0.0,6.684365618478947,8.142876955930323,187.64594052876587,0.0,0.0,11.522365794746712,13.936309589154396,368.64908885108937,0.0,0.0,73.84056797797186,89.87000135981325,2118.3001434166515,0.0,0.0,48.17179109201788,59.13699126148877,1137.5820625470593,0.0,0.0,18.288126583790388,22.234675319667873,530.9248460112863,34.86067805139261,23.909930076400977,487.52490177224515,593.1452326647868,14994.405635765332,0.0,0.0,59.682046135219028,73.91334863269562,1111.5321680751188,0.0,17.700965910147557,30.832658083186464,22.0,30.0,0.0,18.095342061633099,29.82343741925854,12.0,30.0,0.0,17.868422530650606,30.317277876381426,22.0,30.0,0.0,17.778368105873985,30.70488558726113,12.0,30.0,0.0,16.57190582085312,35.09258424046807,12.0,30.0,0.0,18.59334809876265,30.618806604140926,12.0,30.0,0.0,16.880437767078229,33.067380229853238,10.0,30.0,0.0,14.309469416776999,40.032391064489249,12.0,30.0,0.0,17.063680371285274,34.256484418901447,20.0,30.0,0.0,16.92732239156249,0.0,0.0,0.0,11.803793312335566,0.0,0.0,518.49112794487,508.7357207807371,513.146061761071,521.2063183429509,588.1585633287882,894.2405360669209,559.8218229529557,634.5476789477875,835.2493262459469,0.0,83.72839678354677,83.72839678354677,60.0,0.0,60.0,60.0,12.0,12.0,12.0,19.0,12.0,12.0,21.0,10.0,0.0,0.0,0.0,0.0,0.0,0.0,0.0,0.0,0.0,0.0,0.0,0.0,0.0,83.72839678354677,83.72839678354677,0.0,0.0,0.0,83.72839678354677,0.0,0.0,0.00251 
 03/08  01:20:00,3.006666666666667,75.33333333333334,3.5233333333333336,0.0,0.0,0.0,0.0,0.0,2.0,2.0,0.0,0.0,0.0,0.0,0.0,664.0,0.0,0.0,0.0,0.0,0.0,0.0,0.0,0.0,0.0,0.0,0.0,18.310946855794048,-252.82624799469614,18.281675215394118,-234.43296176757168,18.08909474459221,-172.85049201760149,18.019901219851726,-172.21610640834025,16.57043074384096,-5.837133948283949,18.35471232635011,-32.66836258252101,16.842495703442276,-24.574086895045185,14.821865823093657,-248.57457479191158,16.943414647527093,-62.24913848661055,662.3806185388457,657.1138261943258,0.0,0.0,0.0,0.0,0.0,0.0,0.0,0.0,0.0,0.0,0.0,0.0,0.0,0.0,0.0,0.0,0.0,0.0,0.0,0.0,0.0,0.0,1.5231420184806966,0.46493956608079869,340.53680389951509,413.0980075668839,10317.579961571904,0.2738221297578738,0.04179214434643984,175.0230945260541,212.39107345654493,5303.5982378622179,2.0146535209729379,0.3806979442503663,310.9383220560683,377.2578455294657,9371.005486583916,0.28840775169084778,0.0544988192915434,170.99650326232445,207.378589350599,5169.90709091295,0.0,0.0,6.974492138390695,8.493716675241199,193.85128922735556,0.0,0.0,11.656367551869508,14.101179647319722,369.39677106486047,0.0,0.0,78.14518992401949,95.10996772445418,2209.0138098597087,0.0,0.0,48.982195038775277,60.14792048786715,1137.2368177004783,0.0,0.0,18.429564655624128,22.406990226488508,530.5497730326526,35.36753180872897,24.257566398305199,461.92821593582689,562.0819080000073,14123.36948973812,0.0,0.0,60.566852138317717,75.01559717327541,1109.7711413686007,0.0,17.786757463515309,30.396288710430697,22.0,30.0,0.0,17.841386246788024,30.02654477127556,12.0,30.0,0.0,17.623443736549164,30.600599482221904,22.0,30.0,0.0,17.801353076001335,30.510317166566979,12.0,30.0,0.0,16.535465753505627,34.77127464253559,12.0,30.0,0.0,18.5413401671427,30.33867325011653,12.0,30.0,0.0,16.775239520126286,32.98681665909223,10.0,30.0,0.0,14.213129244663474,39.830026582799138,12.0,30.0,0.0,17.044038016274528,33.79288000664605,20.0,30.0,0.0,16.872839496415098,0.0,0.0,0.0,11.75724947075352,0.0,0.0,511.233054639305,500.51917008523659,508.48456314131547,517.8799884272409,582.5501507379102,881.7523305197756,556.0905231945172,635.1270819014299,825.0254245395315,0.0,83.72839678354677,83.72839678354677,60.0,0.0,60.0,60.0,12.0,12.0,12.0,19.0,12.0,12.0,21.0,10.0,0.0,0.0,0.0,0.0,0.0,0.0,0.0,0.0,0.0,0.0,0.0,0.0,0.0,83.72839678354677,83.72839678354677,0.0,0.0,0.0,83.72839678354677,0.0,0.0,0.0025 
 03/08  01:30:00,3.105,75.0,3.7750000000000005,0.0,0.0,0.0,0.0,0.0,2.0,2.0,0.0,0.0,0.0,0.0,0.0,664.0,0.0,0.0,0.0,0.0,0.0,0.0,0.0,0.0,0.0,0.0,0.0,18.12298369456958,-110.93181786487367,18.27148146377108,-277.4380764880202,18.082700270718854,-294.0599048965523,17.890678182625778,-113.45422253541529,16.532020880963328,-5.414678478636475,18.296798146951976,-32.58858019500829,16.801981837422124,-56.485058023087507,14.738628501577516,-245.02854894747567,16.91818027846101,-63.06887035825406,643.5923225976885,657.2586992955603,0.0,0.0,0.0,0.0,0.0,0.0,0.0,0.0,0.0,0.0,0.0,0.0,0.0,0.0,0.0,0.0,0.0,0.0,0.0,0.0,0.0,0.0,1.5393900058425119,0.469899269182696,338.45464329333017,410.6913440586518,10068.484911384525,0.26998610224380728,0.041206670061631148,172.75275729861466,209.36912012629808,5205.872119825138,1.6484205001992734,0.3114929138698552,301.8184529321112,366.2142984400788,9034.985625891324,0.28873847815983935,0.054561314845018759,158.04023866468865,191.80774662721223,4697.507765292576,0.0,0.0,6.724446296094477,8.192868745559089,185.04203225136727,0.0,0.0,12.05111594206266,14.580325008599355,378.0422154610032,0.0,0.0,73.74435652366509,89.78414845520695,2064.1759608537024,0.0,0.0,48.963052098467048,60.139743003307149,1118.3428067476728,0.0,0.0,20.222389830866029,24.588411671246349,577.0033862776734,35.89314876651957,24.618071856323448,449.77383089349856,547.4267038180199,13575.583541139054,0.0,0.0,60.51547798810556,74.96245581789575,1090.0302753107965,0.0,17.53310094502591,30.789962533643647,22.0,30.0,0.0,17.895673849140537,29.875149594609245,12.0,30.0,0.0,17.685609122112845,30.329922614110225,22.0,30.0,0.0,17.620084435718696,30.629760268547686,12.0,30.0,0.0,16.49779891569635,34.43796156622845,12.0,30.0,0.0,18.48104950303415,30.12273232629669,12.0,30.0,0.0,16.734245348252239,32.87834568162732,10.0,30.0,0.0,14.127026231106005,39.652990550435109,12.0,30.0,0.0,17.01811715803887,33.37160238770733,20.0,30.0,0.0,16.74977710625607,0.0,0.0,0.0,11.70608117843296,0.0,0.0,509.6915514032303,500.4610680564731,504.9186636834351,511.10220191497799,577.2738192186848,871.9523433674314,556.4134272934521,636.5288548599449,810.2715135913791,0.0,83.72839678354677,83.72839678354677,60.0,0.0,60.0,60.0,12.0,12.0,12.0,19.0,12.0,12.0,21.0,10.0,0.0,0.0,0.0,0.0,0.0,0.0,0.0,0.0,0.0,0.0,0.0,0.0,0.0,83.72839678354677,83.72839678354677,0.0,0.0,0.0,83.72839678354677,0.0,0.0,0.00249 
 03/08  01:40:00,3.203333333333333,74.66666666666666,4.026666666666667,0.0,0.0,0.0,0.0,0.0,2.0,2.0,0.0,0.0,0.0,0.0,0.0,664.0,0.0,0.0,0.0,0.0,0.0,0.0,0.0,0.0,0.0,0.0,0.0,18.139427986070424,-247.0132996575785,18.11172454525514,-226.71385836299215,17.918873329835379,-176.4950405193831,17.877237596462117,-175.1961201979725,16.49326567067355,-5.801019276866384,18.241893743750553,-34.75821674127263,16.72906442759934,-32.8667705991395,14.660191321586283,-244.25324900611839,16.891978640969236,-66.90974443254027,657.1348952393464,662.0706358456625,0.0,0.0,0.0,0.0,0.0,0.0,0.0,0.0,0.0,0.0,0.0,0.0,0.0,0.0,0.0,0.0,0.0,0.0,0.0,0.0,0.0,0.0,1.5158339154534584,0.4627087654009336,343.628681166507,417.0238385407556,10160.003338131528,0.27265986206397099,0.04161475306226663,176.15522610505259,213.85713348342805,5206.210458294712,1.6278378026626868,0.30760351524238235,317.86636640296538,385.83376153230656,9333.427391102476,0.2857669562144364,0.05399980276160927,175.05495661556314,212.38111079336404,5168.063308704979,0.0,0.0,7.024137536131288,8.555527529233702,191.31511176703234,0.0,0.0,12.088678521493917,14.628214386766363,375.4831719039248,0.0,0.0,77.59495403387938,94.47182083614823,2140.475138835588,0.0,0.0,49.62183693109415,60.960958360554247,1115.3857950664483,0.0,0.0,20.196540364365526,24.55847506796521,571.0757904335651,36.499520759748609,25.033964855794659,469.14363209009516,571.088233678387,14000.503032618923,0.0,0.0,61.285999936258139,75.92074577541958,1086.3102731826635,0.0,17.618744511486335,30.380149224495264,22.0,30.0,0.0,17.667339879926716,30.043345494765747,12.0,30.0,0.0,17.459668264486468,30.60083757497447,22.0,30.0,0.0,17.646033550403275,30.466302044944564,12.0,30.0,0.0,16.45992234616877,34.20646228430557,12.0,30.0,0.0,18.42626011947911,29.94195140858381,12.0,30.0,0.0,16.634985006247758,32.80966552759551,10.0,30.0,0.0,14.048300573959397,39.507363606289718,12.0,30.0,0.0,16.991257935665908,33.04894162432917,20.0,30.0,0.0,16.718431844828147,0.0,0.0,0.0,11.66645937616995,0.0,0.0,502.6359752968741,492.3054256903505,500.86091957112,508.6651959473712,573.5116843776757,861.2672547629104,551.1527048800851,634.847198046979,801.0442365517042,0.0,83.72839678354677,83.72839678354677,60.0,0.0,60.0,60.0,12.0,12.0,12.0,19.0,12.0,12.0,21.0,10.0,0.0,0.0,0.0,0.0,0.0,0.0,0.0,0.0,0.0,0.0,0.0,0.0,0.0,83.72839678354677,83.72839678354677,0.0,0.0,0.0,83.72839678354677,0.0,0.0,0.00248 
 03/08  01:50:00,3.3016666666666669,74.33333333333334,4.278333333333333,0.0,0.0,0.0,0.0,0.0,2.0,2.0,0.0,0.0,0.0,0.0,0.0,664.0,0.0,0.0,0.0,0.0,0.0,0.0,0.0,0.0,0.0,0.0,0.0,17.958041018937729,-110.10923099445336,18.10676496631926,-272.3972670875162,17.918242989535643,-296.86967227861717,17.74893447392852,-118.1495519645955,16.453581031739945,-5.383642903415122,18.183491283923254,-34.41929880727977,16.690000913224539,-61.59962660180872,14.585198277322292,-240.81595608983936,16.862576162419115,-67.67260679610019,641.6304066785915,661.4322369175699,0.0,0.0,0.0,0.0,0.0,0.0,0.0,0.0,0.0,0.0,0.0,0.0,0.0,0.0,0.0,0.0,0.0,0.0,0.0,0.0,0.0,0.0,1.5383167159057663,0.46957164710188228,337.3055873861962,409.4548756422246,9791.56692265804,0.270175633994143,0.04123559737395346,171.2767201130661,207.66424890975117,5036.675322189254,1.468965332998699,0.2775822624714096,306.57705168486589,372.1273145666968,8951.976462581817,0.28777587070549157,0.054379416233086067,161.90553361856349,196.57579402029695,4696.975938844736,0.0,0.0,6.783369938702528,8.265807017029183,182.86386026439494,0.0,0.0,12.414572966173913,15.024258280351614,381.59756727694448,0.0,0.0,73.7599128744458,89.83062160240304,2015.0026282511133,0.0,0.0,49.51856035540949,60.84625539304302,1095.6421130003167,0.0,0.0,21.577349501920108,26.23817884128895,604.3737507795115,37.13338911719519,25.468716815634577,452.01986158430977,550.363594400538,13326.668464878214,0.0,0.0,61.190904550517178,75.8112188044856,1066.5227148922637,0.0,17.374536088632178,30.771584222606287,22.0,30.0,0.0,17.72915172209033,29.908501843027709,12.0,30.0,0.0,17.52912249873547,30.342843961218038,22.0,30.0,0.0,17.465485273546905,30.598087454796067,12.0,30.0,0.0,16.420820589158934,33.9445101269959,12.0,30.0,0.0,18.364844894358357,29.7843892646953,12.0,30.0,0.0,16.59986615128797,32.73790227211155,10.0,30.0,0.0,13.974868958492035,39.37778280144724,12.0,30.0,0.0,16.95960674047865,32.759891723872708,20.0,30.0,0.0,16.59668973397231,0.0,0.0,0.0,11.622642260440966,0.0,0.0,501.42258390412305,493.33005410722,497.9806385377497,501.93369658121949,569.0413651146109,852.4894853567173,551.1704175723833,633.9571320351606,790.0414470157,0.0,83.72839678354677,83.72839678354677,60.0,0.0,60.0,60.0,12.0,12.0,12.0,19.0,12.0,12.0,21.0,10.0,0.0,0.0,0.0,0.0,0.0,0.0,0.0,0.0,0.0,0.0,0.0,0.0,0.0,83.72839678354677,83.72839678354677,0.0,0.0,0.0,83.72839678354677,0.0,0.0,0.0024533333333333336 
 03/08  02:00:00,3.4,74.0,4.53,0.0,0.0,0.0,0.0,0.0,2.0,2.0,0.0,0.0,0.0,0.0,0.0,664.0,0.0,0.0,0.0,0.0,0.0,0.0,0.0,0.0,0.0,0.0,0.0,17.97558404534915,-245.10968925397084,17.952099830989448,-224.725231299828,17.75650470736905,-175.49553807339999,17.73879163009191,-179.17000890043256,16.413839396580074,-5.779772533380566,18.128557490809745,-36.315227000447979,16.618629656060848,-37.949100610241888,14.513429799221117,-239.9032805891061,16.83340099507963,-70.87564375922745,656.0129958298858,665.2407970334193,0.0,0.0,0.0,0.0,0.0,0.0,0.0,0.0,0.0,0.0,0.0,0.0,0.0,0.0,0.0,0.0,0.0,0.0,0.0,0.0,0.0,0.0,1.51372857142541,0.462066108493715,342.78534977363077,416.15684182335249,9889.73936888286,0.272219503884528,0.04154754332791941,175.60773033565267,213.27203987783498,5063.875779480941,1.4983000066612922,0.28312547366993437,318.2977740986861,386.49708573915816,9115.579784569447,0.2847698043635778,0.05381137648593684,175.29011151672649,212.73886003504448,5052.176149997671,0.0,0.0,7.093986470986513,8.641900322975794,189.22943445658439,0.0,0.0,12.435324208011995,15.051679818583942,378.38036665123487,0.0,0.0,77.58033762345363,94.48165504448503,2088.780018207202,0.0,0.0,50.11313616205537,61.586599296096547,1091.5739482128693,0.0,0.0,21.488081796168659,26.132007415395245,596.20149217702,37.82908165602322,25.94587219205983,467.99593484933606,569.9023712023289,13643.406289314935,0.0,0.0,61.93455133347881,76.73400842167894,1062.5480434484232,0.0,17.46127970384585,30.387287356648647,22.0,30.0,0.0,17.508276906249479,30.087251219079687,12.0,30.0,0.0,17.30466645876266,30.631405631486559,22.0,30.0,0.0,17.497099219044878,30.45273758695102,12.0,30.0,0.0,16.38194780407531,33.778271558947228,12.0,30.0,0.0,18.30965649921889,29.66764338627275,12.0,30.0,0.0,16.50618005417401,32.67708190184186,10.0,30.0,0.0,13.905819952357483,39.25941042256949,12.0,30.0,0.0,16.92903622984167,32.53951324431969,20.0,30.0,0.0,16.561580639106837,0.0,0.0,0.0,11.58979833617422,0.0,0.0,494.4904461216885,485.2707760388515,494.2190823684711,500.39732950217157,565.80605955241,843.2662448255849,544.7293207287328,630.6453397036112,781.6514447543178,0.0,83.72839678354677,83.72839678354677,60.0,0.0,60.0,60.0,12.0,12.0,12.0,19.0,12.0,12.0,21.0,10.0,0.0,0.0,0.0,0.0,0.0,0.0,0.0,0.0,0.0,0.0,0.0,0.0,0.0,83.72839678354677,83.72839678354677,0.0,0.0,0.0,83.72839678354677,0.0,0.0,0.0024266666666666665 
 03/08  02:10:00,3.5483333333333335,73.66666666666667,4.651666666666667,0.0,0.0,0.0,0.0,0.0,2.0,2.0,0.0,0.0,0.0,0.0,0.0,664.0,0.0,0.0,0.0,0.0,0.0,0.0,0.0,0.0,0.0,0.0,0.0,17.798939324693678,-107.73711486665798,17.95227868778163,-266.9613630346555,17.761040337494565,-292.41425844718835,17.613157778224,-121.25771137668289,16.3732999442661,-5.3234939445255808,18.072416507505396,-35.823236964694988,16.57954421701337,-65.95551320044615,14.444690520054455,-236.23229810134229,16.802232077894688,-71.43510941786679,629.3959628411885,662.1686604768987,0.0,0.0,0.0,0.0,0.0,0.0,0.0,0.0,0.0,0.0,0.0,0.0,0.0,0.0,0.0,0.0,0.0,0.0,0.0,0.0,0.0,0.0,1.4991519102036724,0.4576165782062492,334.4461149904432,406.1032268090529,9437.536278088712,0.2629229980869141,0.040128662711677979,169.82936393581103,205.97105178787184,4856.793117113744,1.4305301952401058,0.27031938685565129,306.4056070677632,372.02640180429048,8700.265583282096,0.27972532753316617,0.052858149571648919,162.5796821233052,197.45406158508519,4586.226200886623,0.0,0.0,6.812076507019819,8.301412855260219,179.088953449294,0.0,0.0,12.692695091807911,15.363966754191626,380.8266687058132,0.0,0.0,73.40262917155042,89.41489046042038,1949.2719299797905,0.0,0.0,49.89074178400422,61.320025623207147,1064.7673726024883,0.0,0.0,22.769776697201914,27.689177062331838,623.2181963051834,38.01372287316823,26.07251225868878,449.7150863984026,547.6978315325719,12904.236564882034,0.0,0.0,61.613460852774249,76.33867473189715,1032.896279745005,0.0,17.224958863742257,30.787239193574189,22.0,30.0,0.0,17.575511884427955,29.966273221684174,12.0,30.0,0.0,17.380934815151656,30.387920506809395,22.0,30.0,0.0,17.319321621383755,30.60197941936171,12.0,30.0,0.0,16.342001586730267,33.57279288219274,12.0,30.0,0.0,18.24937165297815,29.551766998071217,12.0,30.0,0.0,16.472848056316069,32.64049441022211,10.0,30.0,0.0,13.8406377889501,39.16189167736141,12.0,30.0,0.0,16.894815426773464,32.33318668177793,20.0,30.0,0.0,16.457094038087996,0.0,0.0,0.0,11.550522675416726,0.0,0.0,493.69831445038997,486.9851594683323,491.7222328898445,493.3028883936729,561.4330958006287,835.6426315428298,545.041560001208,628.9793542892928,772.4889717613355,0.0,83.72839678354677,83.72839678354677,60.0,0.0,60.0,60.0,12.0,12.0,12.0,19.0,12.0,12.0,21.0,10.0,0.0,0.0,0.0,0.0,0.0,0.0,0.0,0.0,0.0,0.0,0.0,0.0,0.0,83.72839678354677,83.72839678354677,0.0,0.0,0.0,83.72839678354677,0.0,0.0,0.0024000000000000004 
 03/08  02:20:00,3.696666666666667,73.33333333333334,4.773333333333333,0.0,0.0,0.0,0.0,0.0,2.0,2.0,0.0,0.0,0.0,0.0,0.0,664.0,0.0,0.0,0.0,0.0,0.0,0.0,0.0,0.0,0.0,0.0,0.0,17.82300349478426,-238.13859468140618,17.80606302174057,-220.45411058913488,17.60632197063785,-170.98851469120747,17.609495318025766,-176.08960868606074,16.333041916703434,-5.731143666451018,18.020568240496865,-37.38886793770487,16.51010959526737,-41.776673092891318,14.378613540287999,-235.13228315036589,16.772007141957027,-74.26701923134533,631.3352330605776,663.2680153409694,0.0,0.0,0.0,0.0,0.0,0.0,0.0,0.0,0.0,0.0,0.0,0.0,0.0,0.0,0.0,0.0,0.0,0.0,0.0,0.0,0.0,0.0,1.4623646014737176,0.44638724098709328,333.6560268583395,405.1508973567169,9329.548242957215,0.2626340811413518,0.040084566718765538,171.44469944999543,208.25819704403615,4790.338161694178,1.4486204409787847,0.27373780063847039,309.4226946799444,375.78396265988968,8586.674310380367,0.27505827961880549,0.05197624331421115,170.89796461663986,207.44504216508535,4774.853003573569,0.0,0.0,7.08461104707561,8.630754134150333,183.50757422687526,0.0,0.0,12.65039713726511,15.314029758869575,374.38058436134647,0.0,0.0,77.14741413724068,93.9691052555601,2011.0668922678497,0.0,0.0,50.38155663978433,61.92781841483795,1053.3732562326746,0.0,0.0,22.523810732194069,27.39143045740026,608.1403929875987,38.262035019799487,26.242822372976336,454.54593802341307,553.5975824590383,12866.127929217524,0.0,0.0,62.13724438113191,76.98355439070403,1018.6043574617195,0.0,17.32328269778812,30.41263203040444,22.0,30.0,0.0,17.365536096302976,30.163133333581489,12.0,30.0,0.0,17.166941186453739,30.68723227045955,22.0,30.0,0.0,17.360953637117093,30.472491543318009,12.0,30.0,0.0,16.302816483373488,33.45550291019748,12.0,30.0,0.0,18.196436593734754,29.474685169779336,12.0,30.0,0.0,16.384319089904844,32.593676184650337,10.0,30.0,0.0,13.778776409842191,39.073270386385249,12.0,30.0,0.0,16.862738003740618,32.18063091356247,20.0,30.0,0.0,16.434864892881686,0.0,0.0,0.0,11.52127858455867,0.0,0.0,486.4433784448263,478.63672599181327,488.036636747049,492.60478213400548,558.4720586760479,828.0016088373716,538.0125610358632,625.6170352896163,765.2157665107795,0.0,83.72839678354677,83.72839678354677,60.0,0.0,60.0,60.0,12.0,12.0,12.0,19.0,12.0,12.0,21.0,10.0,0.0,0.0,0.0,0.0,0.0,0.0,0.0,0.0,0.0,0.0,0.0,0.0,0.0,83.72839678354677,83.72839678354677,0.0,0.0,0.0,83.72839678354677,0.0,0.0,0.0023766666666666669 
 03/08  02:30:00,3.8449999999999999,73.0,4.895,0.0,0.0,0.0,0.0,0.0,2.0,2.0,0.0,0.0,0.0,0.0,0.0,664.0,0.0,0.0,0.0,0.0,0.0,0.0,0.0,0.0,0.0,0.0,0.0,17.653378540817724,-105.86687698458081,17.80970763958549,-259.61969487233116,17.614166259150698,-283.30610131713,17.490511037045576,-122.03263954051363,16.291985929420087,-5.255333335504062,17.966467437858186,-36.84610798884819,16.47129109174339,-68.34959735919006,14.314651941771027,-231.28696493620545,16.739927691810239,-74.42188120106266,605.5557629110035,659.7517991820027,0.0,0.0,0.0,0.0,0.0,0.0,0.0,0.0,0.0,0.0,0.0,0.0,0.0,0.0,0.0,0.0,0.0,0.0,0.0,0.0,0.0,0.0,1.4433046229419727,0.44056917672221387,322.6228105205712,391.7981084646794,8823.79646608478,0.2528259293626089,0.03858759605656424,163.94565531872923,198.86743725648388,4543.252755739657,1.3762349330896938,0.260059511165853,294.809846627149,358.0073173398865,8111.502827824789,0.268893766332946,0.05081136929949847,156.862952831475,190.540350668992,4289.484674778247,0.0,0.0,6.811199565124275,8.300391087831681,173.79999042277957,0.0,0.0,12.885604211005358,15.599300012794729,375.9406200982325,0.0,0.0,73.07756387447789,89.03059745260265,1878.2035310531258,0.0,0.0,50.13315744561405,61.6275684694307,1026.7324751779134,0.0,0.0,23.949938500646945,29.12385347957539,637.6260743936298,38.47528216729316,26.38908241926829,431.6340451480379,525.7341224711836,12033.901256856672,0.0,0.0,61.807614599013749,76.57531361425444,989.8137370046832,0.0,17.096624148997884,30.825385077223659,22.0,30.0,0.0,17.43693357173572,30.060813672663039,12.0,30.0,0.0,17.247256006826299,30.471884030075338,22.0,30.0,0.0,17.193365005614,30.635183713168425,12.0,30.0,0.0,16.262443823366945,33.303669691697127,12.0,30.0,0.0,18.13879943884106,29.39726911217182,12.0,30.0,0.0,16.352259876236404,32.591817021359,10.0,30.0,0.0,13.71986019216487,39.00550481386874,12.0,30.0,0.0,16.827828442799196,32.03411485155142,20.0,30.0,0.0,16.33207811375233,0.0,0.0,0.0,11.48860077454566,0.0,0.0,486.08890592532216,480.88886568025068,485.8157243984976,485.42637577691837,554.1303589006105,821.5670598606633,538.6038719612409,623.5387777298681,756.6021722226277,0.0,83.72839678354677,83.72839678354677,60.0,0.0,60.0,60.0,12.0,12.0,12.0,19.0,12.0,12.0,21.0,10.0,0.0,0.0,0.0,0.0,0.0,0.0,0.0,0.0,0.0,0.0,0.0,0.0,0.0,83.72839678354677,83.72839678354677,0.0,0.0,0.0,83.72839678354677,0.0,0.0,0.0023533333333333337 
 03/08  02:40:00,3.993333333333333,72.66666666666667,5.016666666666667,0.0,0.0,0.0,0.0,0.0,2.0,2.0,0.0,0.0,0.0,0.0,0.0,664.0,0.0,0.0,0.0,0.0,0.0,0.0,0.0,0.0,0.0,0.0,0.0,17.67753060315622,-231.7793677816153,17.675010992845949,-209.07933716196386,17.468990390197289,-164.53266947600015,17.489115140640317,-173.70830774412389,16.25121606167758,-5.773375064039897,17.91612942580173,-38.39873209614797,16.40501885854919,-44.287802191897529,14.252870604913433,-229.94094059842247,16.708851051428718,-76.96787155843635,605.8657913547822,660.1512232636396,0.0,0.0,0.0,0.0,0.0,0.0,0.0,0.0,0.0,0.0,0.0,0.0,0.0,0.0,0.0,0.0,0.0,0.0,0.0,0.0,0.0,0.0,1.4071704529529388,0.4295392103030949,310.7307230604011,377.36855989176459,8418.350698572409,0.2534906719442798,0.0386890524945482,157.23630467304478,191.02172795739004,4260.377808806111,1.3945436232163307,0.2635192031776892,293.08701054851817,355.9730731339788,7884.897620595715,0.2647051245451635,0.05001986480445264,163.12468110488508,198.0327153358676,4417.825086552071,0.0,0.0,7.086297502406039,8.633064472061852,178.06661481926768,0.0,0.0,12.818795822382068,15.519483495177186,368.78841936633867,0.0,0.0,76.85143221964636,93.62057974067142,1938.736015723476,0.0,0.0,50.5946809765288,62.19790194915358,1014.7789349272431,0.0,0.0,23.535624350533479,28.620887990546416,617.841345193307,38.7165715348371,26.55457581264548,423.5429800920154,515.8950387598916,11667.710310444794,0.0,0.0,62.31487967058068,77.197749194768,975.6007051671211,0.0,17.194317146466667,30.494870175432014,22.0,30.0,0.0,17.246628383740565,30.274622392773098,12.0,30.0,0.0,17.048557505522806,30.777435300507663,22.0,30.0,0.0,17.237922403014094,30.530468099737946,12.0,30.0,0.0,16.222745406736168,33.226861511927697,12.0,30.0,0.0,18.087618266192217,29.35281965511701,12.0,30.0,0.0,16.27076048677324,32.57292522223582,10.0,30.0,0.0,13.66351152860204,38.95344548820706,12.0,30.0,0.0,16.794985648193568,31.933664069832696,20.0,30.0,0.0,16.30650456677886,0.0,0.0,0.0,11.465650452558503,0.0,0.0,478.0412620783525,471.8513789390058,482.008974008779,485.10613710362147,551.3443208068279,814.9545406264571,530.8273606161615,620.2646989509201,750.2704288840764,0.0,83.72839678354677,83.72839678354677,60.0,0.0,60.0,60.0,12.0,12.0,12.0,19.0,12.0,12.0,21.0,10.0,0.0,0.0,0.0,0.0,0.0,0.0,0.0,0.0,0.0,0.0,0.0,0.0,0.0,83.72839678354677,83.72839678354677,0.0,0.0,0.0,83.72839678354677,0.0,0.0,0.0023300000000000006 
 03/08  02:50:00,4.141666666666667,72.33333333333333,5.138333333333334,0.0,0.0,0.0,0.0,0.0,2.0,2.0,0.0,0.0,0.0,0.0,0.0,664.0,0.0,0.0,0.0,0.0,0.0,0.0,0.0,0.0,0.0,0.0,0.0,17.51628468592353,-103.46147628990139,17.67802781650684,-254.27317464539579,17.47635275097893,-273.5371620753822,17.375929344918647,-121.27849441300669,16.209748984749127,-5.187587129752757,17.863884086592799,-37.60401654530091,16.365605054675667,-69.42247687907661,14.193001943621927,-225.821016954715,16.67629605163559,-77.11114684299753,580.4246776663995,655.2966080493657,0.0,0.0,0.0,0.0,0.0,0.0,0.0,0.0,0.0,0.0,0.0,0.0,0.0,0.0,0.0,0.0,0.0,0.0,0.0,0.0,0.0,0.0,1.3849388796310796,0.4227530157604028,310.4449171510777,377.0369694992685,8228.63924614411,0.24214898062445856,0.03695802512583311,158.4563286599769,192.22840606599048,4254.971330642024,1.3197108655516859,0.2493784704368266,280.4312730459055,340.5856863690699,7475.702116372508,0.2577069894656169,0.04869746588541511,149.17332662866176,181.21724550811929,3953.9734714204957,0.0,0.0,6.808423290491589,8.296979441728363,168.45450667137789,0.0,0.0,13.032007683866493,15.77793384529835,369.5222631942049,0.0,0.0,72.85031606368784,88.7627064322522,1811.0631059395954,0.0,0.0,50.29925229194738,61.838375793816698,987.8571221715367,0.0,0.0,24.857342327801566,30.22621140105973,643.1696943323448,38.79836502254018,26.61067559845007,411.30647051911105,501.0030651692645,11143.06861091023,0.0,0.0,61.908627103715108,76.69244471467909,946.5198743247006,0.0,16.98032391838838,30.913586743670103,22.0,30.0,0.0,17.313303637674346,30.19630689572447,12.0,30.0,0.0,17.125583480665797,30.60174637854668,22.0,30.0,0.0,17.07933747594981,30.721012504072737,12.0,30.0,0.0,16.182010943913008,33.127763352444137,12.0,30.0,0.0,18.032422290365934,29.31580904935983,12.0,30.0,0.0,16.238201904338717,32.60159829596948,10.0,30.0,0.0,13.609822122415766,38.91535659676941,12.0,30.0,0.0,16.759867197698264,31.83962951619094,20.0,30.0,0.0,16.21607779238302,0.0,0.0,0.0,11.43852526570408,0.0,0.0,478.28384187657096,474.52289060744149,479.8359796964804,477.51558475897277,546.9546170053226,809.3585739954756,531.5417835161867,617.4090543953167,742.3742773688631,0.0,83.72839678354677,83.72839678354677,60.0,0.0,60.0,60.0,12.0,12.0,12.0,19.0,12.0,12.0,21.0,10.0,0.0,0.0,0.0,0.0,0.0,0.0,0.0,0.0,0.0,0.0,0.0,0.0,0.0,83.72839678354677,83.72839678354677,0.0,0.0,0.0,83.72839678354677,0.0,0.0,0.0023133333333333336 
 03/08  03:00:00,4.29,72.0,5.26,0.0,0.0,0.0,0.0,0.0,2.0,2.0,0.0,0.0,0.0,0.0,0.0,332.0,0.0,0.0,0.0,0.0,0.0,0.0,0.0,0.0,0.0,0.0,0.0,17.479250154958405,-206.23519635372123,17.651895174756726,-67.90900728233874,17.466031125866789,-55.00247813171518,17.323997028543674,-191.37102807397515,16.164260210187075,-5.397970432075994,17.808356771519024,-39.39303192700345,16.321879877791994,-35.57455099554545,14.13130833421948,-221.28900268381723,16.64123056021345,-78.00033326400865,505.83802894580097,656.4435347743206,0.0,0.0,0.0,0.0,0.0,0.0,0.0,0.0,0.0,0.0,0.0,0.0,0.0,0.0,0.0,0.0,0.0,0.0,0.0,0.0,0.0,0.0,1.3428300492966808,0.4098992824470943,176.04486480515664,213.60296951020946,4597.214408266338,0.2495146397262482,0.038082209970428607,35.00913849378585,42.42228852344126,940.1412834750065,1.3609819815716116,0.257177245194938,245.09144288262068,297.12217831131229,6501.9954590393449,0.25761070179337078,0.048679270936011088,119.16909658191004,144.55990560128286,3110.6451768901936,0.0,0.0,7.2992252077240888,8.880693716265965,177.68015438219607,0.0,0.0,12.927474444214783,15.629576290722575,361.0959813123808,0.0,0.0,78.7645858817041,95.81127499668748,1927.8856580671655,0.0,0.0,50.671265691709248,62.20587134653793,973.6737135772777,0.0,0.0,23.812556935434718,28.913565132287159,607.07303813204,38.92441144233195,26.697127189528098,244.247745933273,297.3800578919385,6780.168134610885,0.0,0.0,62.334599467736307,77.09762057041938,931.8389143032625,0.0,16.954622330735068,30.84028046603029,22.0,30.0,0.0,17.337416833520878,30.08491918190485,12.0,30.0,0.0,17.192986738838166,30.618788712593916,22.0,30.0,0.0,17.021227210653973,30.71051942346165,12.0,30.0,0.0,16.133241104365167,33.06786990170346,12.0,30.0,0.0,17.96957642625458,29.304703215604336,12.0,30.0,0.0,16.20155437133277,32.69620011519257,10.0,30.0,0.0,13.550780149429976,38.983291520395969,12.0,30.0,0.0,16.719700727402569,31.794075736007917,20.0,30.0,0.0,15.960077860846467,0.0,0.0,0.0,11.422960565094878,0.0,0.0,466.5283164120013,465.59422756306778,494.25335227028986,462.78405733154735,543.7713600105137,803.7686999051219,533.2707901398794,616.8676616275709,739.9489954633926,0.0,83.72839678354677,83.72839678354677,60.0,0.0,60.0,60.0,12.0,12.0,12.0,19.0,12.0,12.0,21.0,10.0,0.0,0.0,0.0,0.0,0.0,0.0,0.0,0.0,0.0,0.0,0.0,0.0,0.0,83.72839678354677,83.72839678354677,0.0,0.0,0.0,83.72839678354677,0.0,0.0,0.0022966666666666666 
 03/08  03:10:00,4.381666666666667,71.83333333333333,5.36,0.0,0.0,0.0,0.0,0.0,2.0,2.0,0.0,0.0,0.0,0.0,0.0,664.0,0.0,0.0,0.0,0.0,0.0,0.0,0.0,0.0,0.0,0.0,0.0,17.501286616992866,-114.82229186222958,17.563238417730554,-238.07482854041144,17.350881300730124,-226.4869847260893,17.318797474622238,-98.42405061465547,16.127060134021574,-5.564232104201153,17.765360071962975,-37.04153794861989,16.27271661647436,-53.413886385509389,14.08051714833988,-220.3087153089,16.613374795564174,-78.33766841792334,538.0002596799641,656.0256413518623,0.0,0.0,0.0,0.0,0.0,0.0,0.0,0.0,0.0,0.0,0.0,0.0,0.0,0.0,0.0,0.0,0.0,0.0,0.0,0.0,0.0,0.0,1.3257248346931832,0.40467791046800469,219.46904388296952,266.5724733402134,5745.856148861349,0.2376675024926962,0.0362740388419866,103.65770997257985,125.97858028204773,2714.9200434458837,1.3060029990648477,0.24678817064717463,219.9790899131479,267.17248927593678,5718.02795559181,0.25648780642081389,0.04846708360181666,118.29138869129915,143.65389519560194,3077.505815081612,0.0,0.0,6.943961826231254,8.460053296161109,167.22058278670429,0.0,0.0,12.917697054113035,15.640876502666679,357.3417454486861,0.0,0.0,76.00000851948045,92.58451277600801,1837.1190060027855,0.0,0.0,50.79376718669447,62.44825135504459,962.1085558707709,0.0,0.0,24.0919522712004,29.295323269861965,608.2590395747295,39.05634749708223,26.787618310756,284.7131438803692,347.0867514318279,7738.509979173192,0.0,0.0,62.46407925463586,77.3643679028921,919.7335796167492,0.0,17.089500081567907,30.627692250768946,22.0,30.0,0.0,17.19950934025797,30.31507457451741,12.0,30.0,0.0,17.010842649159025,30.779600949496257,22.0,30.0,0.0,17.077577072027819,30.72319161443068,12.0,30.0,0.0,16.101290505357328,33.068265764088668,12.0,30.0,0.0,17.932416987111535,29.316798139590106,12.0,30.0,0.0,16.147040875959996,32.67043173149804,10.0,30.0,0.0,13.512372124664755,38.98542404408445,12.0,30.0,0.0,16.69456112607387,31.788787582362603,20.0,30.0,0.0,16.02201763975993,0.0,0.0,0.0,11.409183566658559,0.0,0.0,470.76227840923436,460.73008086258997,475.56983771072125,476.9357788152109,542.4205283363297,800.612853807301,524.3178855834647,613.246529931004,738.095182609386,0.0,83.72839678354677,83.72839678354677,60.0,0.0,60.0,60.0,12.0,12.0,12.0,19.0,12.0,12.0,21.0,10.0,0.0,0.0,0.0,0.0,0.0,0.0,0.0,0.0,0.0,0.0,0.0,0.0,0.0,83.72839678354677,83.72839678354677,0.0,0.0,0.0,83.72839678354677,0.0,0.0,0.00228 
 03/08  03:20:00,4.473333333333334,71.66666666666667,5.46,0.0,0.0,0.0,0.0,0.0,2.0,2.0,0.0,0.0,0.0,0.0,0.0,332.0,0.0,0.0,0.0,0.0,0.0,0.0,0.0,0.0,0.0,0.0,0.0,17.53683905123114,-30.778888826848744,17.437665338503597,-343.6977693343151,17.278048067453967,-236.93300314969475,17.336952227685076,-9.66627113472805,16.080776662635914,-5.203570737487468,17.712270624113708,-35.525079374906969,16.215612263761878,-58.80638208436039,14.021179258678036,-215.2810919644735,16.578387352069734,-77.4510807014857,485.35250095143149,655.0437540316179,0.0,0.0,0.0,0.0,0.0,0.0,0.0,0.0,0.0,0.0,0.0,0.0,0.0,0.0,0.0,0.0,0.0,0.0,0.0,0.0,0.0,0.0,1.3079619466083697,0.3992557834579883,195.1327857587117,236.46388879864879,5121.49700489431,0.23035925759212334,0.035158616848614678,152.0540689874824,184.39919680702435,3905.757659221188,1.2738557124789177,0.2407134755251168,101.66575952308041,123.32475743347885,2624.347581669036,0.25172484906181538,0.04756705386655618,61.012507371197617,73.95163152199207,1588.996661104952,0.0,0.0,6.789683141844452,8.26076764604093,161.57618595165773,0.0,0.0,12.98098292776703,15.694946702045437,355.21447120214489,0.0,0.0,74.41667330737762,90.53566073664392,1774.787283310956,0.0,0.0,50.78308117908215,62.3460053367144,946.5777137155864,0.0,0.0,24.627912766426787,29.90167906159695,615.3054190210052,39.12787457466881,26.836676663010168,202.04186552917268,246.0241721196693,5617.510891866016,0.0,0.0,62.438970455854548,77.21118598029173,905.9758788766396,0.0,17.229908248558915,30.32208059601119,22.0,30.0,0.0,17.01319383622917,30.715358292864044,12.0,30.0,0.0,16.934621599116075,30.9053588331608,22.0,30.0,0.0,17.160937962280437,30.560010900882476,12.0,30.0,0.0,16.05130712086248,33.063954970074778,12.0,30.0,0.0,17.87402191235802,29.34136416283807,12.0,30.0,0.0,16.07779842151137,32.77515366089974,10.0,30.0,0.0,13.455790651057896,39.041303518831977,12.0,30.0,0.0,16.655205698559646,31.778930706337208,20.0,30.0,0.0,15.824525036415189,0.0,0.0,0.0,11.39726919069075,0.0,0.0,470.1802171788889,458.6500274775227,469.3431750875782,482.56073741776967,538.8242965495963,795.3309909041763,519.5426762713378,609.2233944634302,732.6060063478419,0.0,83.72839678354677,83.72839678354677,60.0,0.0,60.0,60.0,12.0,12.0,12.0,19.0,12.0,12.0,21.0,10.0,0.0,0.0,0.0,0.0,0.0,0.0,0.0,0.0,0.0,0.0,0.0,0.0,0.0,83.72839678354677,83.72839678354677,0.0,0.0,0.0,83.72839678354677,0.0,0.0,0.0022533333333333335 
 03/08  03:30:00,4.5649999999999999,71.5,5.5600000000000009,0.0,0.0,0.0,0.0,0.0,2.0,2.0,0.0,0.0,0.0,0.0,0.0,996.0,0.0,0.0,0.0,0.0,0.0,0.0,0.0,0.0,0.0,0.0,0.0,17.381166021277417,-165.95330657635905,17.418417672956335,-161.8699861399466,17.28265265400728,-75.02900445269458,17.261527160828519,-186.31447247242913,16.044700888497716,-5.8481255056112959,17.671191817450514,-38.668219029714908,16.183555206496246,-50.66764816221907,13.974480471445553,-214.4152156629312,16.55128962734959,-80.22324774518003,469.8585283048201,649.810425467894,0.0,0.0,0.0,0.0,0.0,0.0,0.0,0.0,0.0,0.0,0.0,0.0,0.0,0.0,0.0,0.0,0.0,0.0,0.0,0.0,0.0,0.0,1.3067733314644592,0.3988929583224844,188.40510141157209,229.08180849560638,4797.029707219515,0.242397681389693,0.036995983118085,107.95885572593957,131.1491399275966,2764.2839454855,1.2570552652642675,0.23753878784283209,135.63790387142695,164.89990262483279,3485.991781944374,0.23939334444740824,0.04523683757509601,73.49360460777379,89.32846960227224,1877.2002354998206,0.0,0.0,7.147261107696443,8.713070386466536,168.2521358432448,0.0,0.0,12.87798832152497,15.600517344102539,348.94436599310736,0.0,0.0,76.41487008096927,93.14508702491738,1804.6560057001303,0.0,0.0,50.93777066528901,62.65799326500008,936.018538758394,0.0,0.0,25.031463403119007,30.448735593577817,619.2360960769181,39.22830903341505,26.905561751313479,212.1816339331057,258.979628659113,5809.212541964852,0.0,0.0,62.60833202061126,77.56638623217393,894.2533176716916,0.0,16.958900108967705,30.892177836065828,21.999999999999994,29.99999999999999,0.0,17.0635493242615,30.675313682030536,11.999999999999995,29.99999999999999,0.0,17.02043833509012,30.79641475514483,21.999999999999994,29.99999999999999,0.0,17.033352116084296,30.782302058994689,11.999999999999995,29.99999999999999,0.0,16.021747551732604,33.07118163664177,11.999999999999995,29.99999999999999,0.0,17.838698886973508,29.373749263878019,11.999999999999995,29.99999999999999,0.0,16.059782743695118,32.792712374933589,9.999999999999997,29.99999999999999,0.0,13.422967785698188,39.049772597686359,11.999999999999995,29.99999999999999,0.0,16.631439943724673,31.779263087326244,19.999999999999994,29.99999999999999,0.0,15.745129292023919,0.0,0.0,0.0,11.383074795073949,0.0,0.0,467.7057163991541,462.06810585762096,476.65486796215648,461.44350052608538,536.2337614942471,794.0302677319319,518.332967895674,606.8362051927961,728.1362723891139,0.0,83.72839678354674,83.72839678354674,59.99999999999998,0.0,59.99999999999998,59.99999999999998,12.0,12.0,12.0,19.0,12.0,12.0,21.0,10.0,0.0,0.0,0.0,0.0,0.0,0.0,0.0,0.0,0.0,0.0,0.0,0.0,0.0,83.72839678354674,83.72839678354674,0.0,0.0,0.0,83.72839678354674,0.0,0.0,0.002226666666666667 
 03/08  03:40:00,4.656666666666666,71.33333333333333,5.66,0.0,0.0,0.0,0.0,0.0,2.0,2.0,0.0,0.0,0.0,0.0,0.0,996.0,0.0,0.0,0.0,0.0,0.0,0.0,0.0,0.0,0.0,0.0,0.0,17.355398011793289,-134.81175957164283,17.318771255361285,-253.7243531651562,17.230428178292905,-211.44657926218464,17.160687389292109,-141.31201607308919,16.002200685806316,-6.130622777198286,17.623243015494894,-38.668921579106967,16.138072086452568,-49.711433134764039,13.92171324392552,-212.1828280044765,16.518600958598229,-82.01743158369023,480.7676963937575,645.80832351645,0.0,0.0,0.0,0.0,0.0,0.0,0.0,0.0,0.0,0.0,0.0,0.0,0.0,0.0,0.0,0.0,0.0,0.0,0.0,0.0,0.0,0.0,1.2745906479498495,0.38906918435587609,168.27191822403069,204.4441304121111,4267.105922111681,0.23848072982549937,0.036398157787774648,127.96274078593649,155.54056215270945,3213.131840343064,1.2308139788767032,0.23258011694571133,127.7943525964825,155.28037423819877,3248.5831025993327,0.24398209295626065,0.046103948026504287,104.25996499334345,126.766692196822,2611.5304518992136,0.0,0.0,7.21561868994285,8.795960852450734,167.87356742255705,0.0,0.0,12.820627456716231,15.531551056710019,343.71980524160269,0.0,0.0,77.63614786056853,94.62978125142398,1811.745093502821,0.0,0.0,51.10790717056218,62.868056139096129,924.5807757125915,0.0,0.0,24.64604684906039,29.980243968963128,603.3190503886601,39.32687017200085,26.973161983539698,216.49105993582243,264.1564848801829,5839.873117081732,0.0,0.0,62.79961263292384,77.79501441254902,883.2050513006864,0.0,16.978478497366696,30.9613430568494,22.000000000000008,30.00000000000001,0.0,16.922328106282487,31.126410700684816,12.000000000000006,30.00000000000001,0.0,16.970204614633024,31.000680444519064,22.000000000000008,30.00000000000001,0.0,16.89360643326267,31.152853220365058,12.000000000000006,30.00000000000001,0.0,15.979472319713818,33.09942577115311,12.000000000000006,30.00000000000001,0.0,17.789630918922357,29.437675092427488,12.000000000000006,30.00000000000001,0.0,16.01509750644542,32.92307952824336,10.000000000000004,30.00000000000001,0.0,13.376912115289113,39.07915542151799,12.000000000000006,30.00000000000001,0.0,16.59686391378149,31.789519775186528,20.000000000000008,30.00000000000001,0.0,15.733087857671969,0.0,0.0,0.0,11.3702187775558,0.0,0.0,467.67853375741489,451.39139694399196,470.9685272572853,463.4093633350587,533.0162388067299,791.4072452037556,516.9794488622885,601.9405479065946,723.2173044744639,0.0,83.7283967835468,83.7283967835468,60.00000000000002,0.0,60.00000000000002,60.00000000000002,12.0,12.0,12.0,19.0,12.0,12.0,21.0,10.0,0.0,0.0,0.0,0.0,0.0,0.0,0.0,0.0,0.0,0.0,0.0,0.0,0.0,83.7283967835468,83.7283967835468,0.0,0.0,0.0,83.7283967835468,0.0,0.0,0.0022000000000000007 
 03/08  03:50:00,4.748333333333333,71.16666666666667,5.76,0.0,0.0,0.0,0.0,0.0,2.0,2.0,0.0,0.0,0.0,0.0,0.0,332.0,0.0,0.0,0.0,0.0,0.0,0.0,0.0,0.0,0.0,0.0,0.0,17.213605704222695,-175.5594323472992,17.379312479615103,-30.349399592945646,17.210603961730265,-60.47379081301551,17.102464744672269,-186.8724664353881,15.953974122988506,-5.53375700509568,17.568692970702629,-37.94653177245954,16.089751072322338,-47.191708013986048,13.86539575906566,-206.5422857975716,16.481518038702526,-80.65146477485371,322.0203810025878,644.9868987918114,0.0,0.0,0.0,0.0,0.0,0.0,0.0,0.0,0.0,0.0,0.0,0.0,0.0,0.0,0.0,0.0,0.0,0.0,0.0,0.0,0.0,0.0,1.2636359304739,0.3857252535024115,74.25363327960452,90.07769291794125,1857.2961564936912,0.23411475013066919,0.035731799470492858,8.991294643933614,10.894609561063039,233.07718670336855,1.2205883117728982,0.2306478291332008,95.67438229056354,115.9719138588343,2427.504636982224,0.23620435987383299,0.044634232780391708,65.48965566752351,79.42998696774603,1624.0687922561345,0.0,0.0,7.200563419827742,8.76059626461533,165.43140043331978,0.0,0.0,12.872925600188643,15.565035709582152,341.1907816364031,0.0,0.0,76.9270073945439,93.5820004004501,1773.2074680729543,0.0,0.0,51.1028016560858,62.73993355427585,909.361303430872,0.0,0.0,24.994973906694758,30.34447977414695,605.1389955504136,39.340553582804279,26.98254703896042,91.96889412649966,112.17373297518611,2819.9013457481034,0.0,0.0,62.784377959184677,77.61192778571223,870.4361352600954,0.0,16.768368012842964,31.484877634130777,22.0,30.0,0.0,17.110683650495877,30.78025911472695,12.0,30.0,0.0,17.00249830557231,30.922271501058647,22.0,30.0,0.0,16.827245003712326,31.362203913030784,12.0,30.0,0.0,15.925806793471573,33.17469393528417,12.0,30.0,0.0,17.726864985175778,29.55442654608178,12.0,30.0,0.0,15.964231849592253,33.04174740640229,10.0,30.0,0.0,13.322730063391102,39.193037873380969,12.0,30.0,0.0,16.55375743573188,31.845074783117579,20.0,30.0,0.0,15.196343489105029,0.0,0.0,0.0,11.364880359539868,0.0,0.0,467.4009847138303,452.7706770704611,479.2172111863437,461.06312489755796,529.9604899625866,788.5344255079548,515.4044099626702,598.2723407292726,719.2325156574033,0.0,83.72839678354677,83.72839678354677,60.0,0.0,60.0,60.0,12.0,12.0,12.0,19.0,12.0,12.0,21.0,10.0,0.0,0.0,0.0,0.0,0.0,0.0,0.0,0.0,0.0,0.0,0.0,0.0,0.0,83.72839678354677,83.72839678354677,0.0,0.0,0.0,83.72839678354677,0.0,0.0,0.0022366666666666665 
 03/08  04:00:00,4.84,71.0,5.86,0.0,0.0,0.0,0.0,0.0,2.0,2.0,0.0,0.0,0.0,0.0,0.0,996.0,0.0,0.0,0.0,0.0,0.0,0.0,0.0,0.0,0.0,0.0,0.0,17.220887083308555,-63.07411220598023,17.27209849717959,-322.4864291574004,17.080473277216215,-229.5563934623437,17.082023933376989,-101.47189082995237,15.918166609762557,-5.695774076810366,17.529850248118647,-37.532228299224978,16.043403210346108,-57.58974295003786,13.82275033030366,-204.489305359864,16.454434505594358,-82.51524474488848,478.35689764562189,638.3643449725753,0.0,0.0,0.0,0.0,0.0,0.0,0.0,0.0,0.0,0.0,0.0,0.0,0.0,0.0,0.0,0.0,0.0,0.0,0.0,0.0,0.0,0.0,1.22944489743543,0.3752884302305955,175.68177276006674,213.5174631224996,4353.988720569695,0.21783329603467778,0.033246840054132777,104.50546481927245,126.97038870864137,2583.5861080637498,1.2036610794102063,0.22744918356201958,151.57884705435448,184.3203668382961,3729.170372570277,0.2357840872842103,0.044554816191271818,91.24139791494629,110.90291637962446,2247.555645189043,0.0,0.0,6.9778696295192,8.505802103168975,158.53105369652094,0.0,0.0,13.073782885299897,15.838431390765635,343.1016094681085,0.0,0.0,75.51840115206915,92.04847560346019,1718.8807617803332,0.0,0.0,51.05209367374717,62.797681646762537,895.4655363831621,0.0,0.0,25.508678171349055,31.02693207367826,611.3401533827455,39.47813980035781,27.076913443318149,220.49014941891105,269.0761049944203,5791.770019589042,0.0,0.0,62.68106939284094,77.62776728302076,855.355926073185,0.0,16.867335387727846,31.31006603246493,22.000000000000019,30.00000000000002,0.0,16.929102089192715,31.269473604103106,12.00000000000001,30.00000000000002,0.0,16.792840508812984,31.446172202163547,22.000000000000019,30.00000000000002,0.0,16.85153757187581,31.32819534596935,12.00000000000001,30.00000000000002,0.0,15.896859210109783,33.224958304579647,12.00000000000001,30.00000000000002,0.0,17.694871536471206,29.619621299235289,12.00000000000001,30.00000000000002,0.0,15.918011105340469,33.19179758559182,10.000000000000007,30.00000000000002,0.0,13.294454529604327,39.26928011027097,12.00000000000001,30.00000000000002,0.0,16.530352415452236,31.886211110210753,20.000000000000015,30.00000000000002,0.0,15.650705344806937,0.0,0.0,0.0,11.354811200548122,0.0,0.0,461.42737379980977,450.98288697028399,468.03882172017219,465.50403963176435,528.5291756142809,785.5309901444422,513.8748261928162,598.3194004647546,716.3350330405694,0.0,83.72839678354684,83.72839678354684,60.00000000000004,0.0,60.00000000000004,60.00000000000004,12.0,12.0,12.0,19.0,12.0,12.0,21.0,10.0,0.0,0.0,0.0,0.0,0.0,0.0,0.0,0.0,0.0,0.0,0.0,0.0,0.0,83.72839678354684,83.72839678354684,0.0,0.0,0.0,83.72839678354684,0.0,0.0,0.0022733333333333335 
 03/08  04:10:00,4.903333333333333,71.66666666666667,5.916666666666667,0.0,0.0,0.0,0.0,0.0,2.0,2.0,0.0,0.0,0.0,0.0,0.0,996.0,0.0,0.0,0.0,0.0,0.0,0.0,0.0,0.0,0.0,0.0,0.0,17.135162199748828,-158.26433883049686,17.135489527484638,-294.2103012159232,17.011281499126964,-218.06567241621787,17.039026102916546,-99.81701168431217,15.875877157544182,-5.929245091520366,17.482676525107168,-39.102958746995529,15.99029261579255,-61.35970087391115,13.774565460048939,-201.18860892964472,16.421466637905966,-83.4734394307651,476.9381306627978,631.0955833524664,0.0,0.0,0.0,0.0,0.0,0.0,0.0,0.0,0.0,0.0,0.0,0.0,0.0,0.0,0.0,0.0,0.0,0.0,0.0,0.0,0.0,0.0,1.222238706700367,0.37308873830902536,249.93207913156193,303.76247149732367,6090.144050329212,0.224522840983431,0.03426783287292903,138.12718583857049,167.9031793196566,3345.8612248710535,1.1598813930317909,0.21917637812392128,133.19493178338196,161.8813395284862,3250.3741454461508,0.22094699272384345,0.04175113241191296,42.154162257030488,51.22036239402667,1028.9357869113013,0.0,0.0,6.9884437931130949,8.518725742177939,157.26161186383377,0.0,0.0,13.040114234911938,15.797743982122713,339.27279952703727,0.0,0.0,74.46009067656486,90.76377373258596,1675.9863590882779,0.0,0.0,50.89458202443586,62.60313534339453,881.8420000815875,0.0,0.0,26.341765317631468,32.03914718764117,626.0297789064882,39.432310850364398,27.04548069297971,240.3542977777547,293.21560731223408,6177.704690581661,0.0,0.0,62.46995580361525,77.35785998698624,842.528019342601,0.0,16.75154137631557,31.69623929494118,22.0,30.0,0.0,16.73703072229086,31.880519173932507,12.0,30.0,0.0,16.72493295574339,31.82216612413096,22.0,30.0,0.0,16.81401388134658,31.575858134715589,12.0,30.0,0.0,15.85488965116738,33.3257280321946,12.0,30.0,0.0,17.647212219810976,29.74591705067728,12.0,30.0,0.0,15.856922047529024,33.430758359887288,10.0,30.0,0.0,13.254753729012006,39.404071747118518,12.0,30.0,0.0,16.49616070631424,31.978605187086708,20.0,30.0,0.0,15.63055590713475,0.0,0.0,0.0,11.3424121241834,0.0,0.0,462.82875045972477,454.21000136207968,463.71563547658209,457.6280847520444,525.752741593305,782.0819916288576,512.4010680685289,595.9719360673822,709.4691159263957,0.0,83.72839678354677,83.72839678354677,60.0,0.0,60.0,60.0,12.0,12.0,12.0,19.0,12.0,12.0,21.0,10.0,0.0,0.0,0.0,0.0,0.0,0.0,0.0,0.0,0.0,0.0,0.0,0.0,0.0,83.72839678354677,83.72839678354677,0.0,0.0,0.0,83.72839678354677,0.0,0.0,0.0023100000000000006 
 03/08  04:20:00,4.966666666666667,72.33333333333334,5.973333333333334,0.0,0.0,0.0,0.0,0.0,2.0,2.0,0.0,0.0,0.0,0.0,0.0,332.0,0.0,0.0,0.0,0.0,0.0,0.0,0.0,0.0,0.0,0.0,0.0,17.148060256000968,-42.65784447314081,17.10193831942738,-191.06890884849055,17.033054360206969,-54.74946906642617,16.923920455859169,-217.40532850870569,15.827757165403627,-5.375078322140013,17.427719041558527,-39.120594022430228,15.933797256852046,-53.67696248245784,13.722965555172526,-196.09034508300238,16.38389065015617,-82.5641136031818,355.5427935287835,627.8538856400244,0.0,0.0,0.0,0.0,0.0,0.0,0.0,0.0,0.0,0.0,0.0,0.0,0.0,0.0,0.0,0.0,0.0,0.0,0.0,0.0,0.0,0.0,1.1952235861452956,0.364842364513216,111.21350103982955,134.80333497667596,2732.357506340567,0.22366496372308426,0.034136899225134968,69.76475468117414,84.59343742837409,1686.30454460551,1.151304339346521,0.2175556196799927,88.97536111884604,107.85581860272207,2188.0422981341559,0.21897600229032303,0.04137868524004591,86.23174078084289,104.60267343168195,2063.144839721819,0.0,0.0,7.057071163882589,8.585688127938152,157.166489739578,0.0,0.0,13.102137738350809,15.842294832606673,337.63296316666597,0.0,0.0,74.6011364915111,90.76141855416067,1660.1855889217805,0.0,0.0,50.76080291355407,62.31581729795996,868.1423177007081,0.0,0.0,26.64168494624955,32.33955108695523,627.5336253819032,39.34501994472514,26.985610387328636,115.07632123855442,140.27056469506315,3252.593727901919,0.0,0.0,62.287591380792218,76.96946118620314,830.7906927711041,0.0,16.85530459769233,31.627258293680133,22.0,30.0,0.0,16.746511047999328,31.913215609509245,12.0,30.0,0.0,16.84006999649028,31.562423440717987,22.0,30.0,0.0,16.629787391172266,32.149249245583188,12.0,30.0,0.0,15.801253642219331,33.48696187462954,12.0,30.0,0.0,17.584122333871055,29.937202061743418,12.0,30.0,0.0,15.792806053718627,33.60187290684088,10.0,30.0,0.0,13.207159041958889,39.5612092935931,12.0,30.0,0.0,16.452944237376366,32.12146916156947,20.0,30.0,0.0,15.219692857447499,0.0,0.0,0.0,11.333098979275585,0.0,0.0,463.1181513775981,453.2833528345465,467.29915555177237,452.7674537792544,523.3625012631437,779.5482293629384,512.0214677961426,595.8358049899105,702.8808004592554,0.0,83.72839678354677,83.72839678354677,60.0,0.0,60.0,60.0,12.0,12.0,12.0,19.0,12.0,12.0,21.0,10.0,0.0,0.0,0.0,0.0,0.0,0.0,0.0,0.0,0.0,0.0,0.0,0.0,0.0,83.72839678354677,83.72839678354677,0.0,0.0,0.0,83.72839678354677,0.0,0.0,0.0023133333333333336 
 03/08  04:30:00,5.029999999999999,73.0,6.03,0.0,0.0,0.0,0.0,0.0,2.0,2.0,0.0,0.0,0.0,0.0,0.0,664.0,0.0,0.0,0.0,0.0,0.0,0.0,0.0,0.0,0.0,0.0,0.0,17.007179786169169,-156.5314259214963,17.079210139448727,-195.39858051040825,16.90793590187927,-222.89560342209394,16.912135862089579,-106.48117388428068,15.79016408010183,-5.616677914869726,17.38611437598692,-38.412992426563139,15.901868213362754,-53.03016016299944,13.680627022648523,-194.7992118003849,16.354516617273334,-84.30640212051702,473.3142968337702,623.4831729912723,0.0,0.0,0.0,0.0,0.0,0.0,0.0,0.0,0.0,0.0,0.0,0.0,0.0,0.0,0.0,0.0,0.0,0.0,0.0,0.0,0.0,0.0,1.1742993384057639,0.35845523150359095,164.86482683063185,200.18004523133943,3944.390935203927,0.21261903365973768,0.03245101246332993,123.13093412920947,149.42792761419333,2951.9123546563434,1.1377673867990517,0.21499761655310885,125.97480291817698,153.03134565973543,3017.725484379148,0.22571249901586144,0.04265164380496246,122.4073867278689,148.68048826713284,2922.935111407113,0.0,0.0,7.0279274577346639,8.563356630360503,155.097929665997,0.0,0.0,13.083327730044975,15.842374235008304,334.3985709694539,0.0,0.0,75.58317309653259,92.09027642193263,1668.8976653933819,0.0,0.0,50.87044904891536,62.539882825937969,859.9325599473013,0.0,0.0,25.81005173527779,31.372410623863837,602.9959679012663,39.38419420252187,27.012478876901157,220.08864686437108,268.2883164151977,5603.325621561256,0.0,0.0,62.389196333735728,77.20105278880392,822.0721507533662,0.0,16.622706129580146,32.21669201921602,22.0,30.0,0.0,16.76289960370963,31.965458199431134,12.0,30.0,0.0,16.64028308714021,32.132720172029298,22.0,30.0,0.0,16.679475464628767,32.06763029087977,12.0,30.0,0.0,15.768534786592376,33.58138941087897,12.0,30.0,0.0,17.547542384020504,30.037350674249816,12.0,30.0,0.0,15.773452965869506,33.802558221824018,10.0,30.0,0.0,13.17689702635387,39.69783457006805,12.0,30.0,0.0,16.42600675218079,32.198419839307558,20.0,30.0,0.0,15.557007081068836,0.0,0.0,0.0,11.321035033802375,0.0,0.0,460.03999652178848,454.373741153245,465.62175200686468,458.0860977540498,522.2373738628111,778.9360400547141,509.81755183018188,594.2553067638646,705.7828966068737,0.0,83.72839678354677,83.72839678354677,60.0,0.0,60.0,60.0,12.0,12.0,12.0,19.0,12.0,12.0,21.0,10.0,0.0,0.0,0.0,0.0,0.0,0.0,0.0,0.0,0.0,0.0,0.0,0.0,0.0,83.72839678354677,83.72839678354677,0.0,0.0,0.0,83.72839678354677,0.0,0.0,0.0023166666666666667 
 03/08  04:40:00,5.093333333333333,73.66666666666667,6.086666666666666,0.0,0.0,0.0,0.0,0.0,2.0,2.0,0.0,0.0,0.0,0.0,0.0,996.0,0.0,0.0,0.0,0.0,0.0,0.0,0.0,0.0,0.0,0.0,0.0,16.97861691652492,-128.02002467929993,16.9990490935878,-191.0815006389189,16.88379075853257,-160.70934947537882,16.878355439453139,-43.002386097373697,15.749725955441193,-5.735418927133617,17.34176861048664,-39.16251960118171,15.852545804580004,-53.901982805512229,13.636070150961589,-192.28573245024593,16.32305629509805,-85.09898853750969,389.69802843372966,619.1820574907501,0.0,0.0,0.0,0.0,0.0,0.0,0.0,0.0,0.0,0.0,0.0,0.0,0.0,0.0,0.0,0.0,0.0,0.0,0.0,0.0,0.0,0.0,1.1572520167886156,0.3532515313762566,156.32874711751448,189.89314471638267,3713.906200120783,0.21323048832495673,0.03254433582493238,105.01469741916279,127.58342285129742,2489.145819375131,1.1146575226605509,0.2106306732162797,75.7678703088168,92.04538752480493,1818.1670067372898,0.21895703439009529,0.04137510098074365,50.035760545000318,60.83471811011937,1187.3792969986865,0.0,0.0,7.070372256207406,8.61843493040607,154.53903866207825,0.0,0.0,13.091950330311388,15.860665769175292,331.767801280587,0.0,0.0,75.08346365128533,91.52324924789638,1639.8295111956846,0.0,0.0,50.8059438404344,62.489509357035107,848.3683314992472,0.0,0.0,26.447067952526319,32.16276714021003,612.7139374457942,39.316724751854788,26.966203533508116,146.01525479690049,178.2219585228364,3878.335683275237,0.0,0.0,62.286011450518639,77.10315517534514,810.4937510155876,0.0,16.63498004393245,32.35558171342474,22.000000000000019,30.00000000000002,0.0,16.668013120465404,32.36044553023051,12.00000000000001,30.00000000000002,0.0,16.661593415224677,32.25056803808886,22.000000000000019,30.00000000000002,0.0,16.66221280808157,32.21358448673841,12.00000000000001,30.00000000000002,0.0,15.730064071072615,33.721500827831409,12.00000000000001,30.00000000000002,0.0,17.504947009139174,30.182413021655049,12.00000000000001,30.00000000000002,0.0,15.721055723705853,34.030942936643807,10.000000000000007,30.00000000000002,0.0,13.141418179022722,39.86067958562262,12.00000000000001,30.00000000000002,0.0,16.395073648740227,32.325574194490858,20.000000000000015,30.00000000000002,0.0,15.2866247524058,0.0,0.0,0.0,11.306687409471313,0.0,0.0,459.58651087794359,450.9593274698159,467.08908480370828,458.5319437759793,520.7563300747252,777.0097025665963,508.18381085018339,592.6698175721306,702.5620014730307,0.0,83.72839678354684,83.72839678354684,60.00000000000004,0.0,60.00000000000004,60.00000000000004,12.0,12.0,12.0,19.0,12.0,12.0,21.0,10.0,0.0,0.0,0.0,0.0,0.0,0.0,0.0,0.0,0.0,0.0,0.0,0.0,0.0,83.72839678354684,83.72839678354684,0.0,0.0,0.0,83.72839678354684,0.0,0.0,0.00232 
 03/08  04:50:00,5.156666666666666,74.33333333333333,6.1433333333333339,0.0,0.0,0.0,0.0,0.0,2.0,2.0,0.0,0.0,0.0,0.0,0.0,332.0,0.0,0.0,0.0,0.0,0.0,0.0,0.0,0.0,0.0,0.0,0.0,16.996542382458544,-33.763079551736158,16.949266822959559,-170.78041995978175,16.872278026322854,-50.62338312164502,16.788954321284078,-210.48930602024439,15.701422850253092,-5.5087560751520929,17.288199303644537,-38.94042632760977,15.805102904671264,-48.96098600145069,13.585712055384063,-188.09691240638086,16.28527730283853,-84.17672575380823,330.67388011218557,616.9395034134532,0.0,0.0,0.0,0.0,0.0,0.0,0.0,0.0,0.0,0.0,0.0,0.0,0.0,0.0,0.0,0.0,0.0,0.0,0.0,0.0,0.0,0.0,1.146400266678589,0.3499390313426707,67.19784106095853,81.43937171763958,1618.584839087924,0.21420814862687244,0.03269355137772779,61.883865673733769,75.02421648958785,1457.107582994972,1.100054192296462,0.2078711625654691,85.48846100035792,103.62496449574775,2044.5011200876398,0.21000435732151025,0.03968336306150986,82.57721273336623,100.150660662404,1923.9880805515837,0.0,0.0,7.130380295722856,8.674360006027579,154.18258886179357,0.0,0.0,13.064797880152222,15.796827576380928,327.8831053856139,0.0,0.0,75.0375783240747,91.28395893514122,1621.9353399114339,0.0,0.0,50.77589518920354,62.32854590004781,836.4353966118869,0.0,0.0,26.841407298611448,32.57726718916786,616.1725536588717,39.26592836283771,26.9313637605197,103.65152963508393,126.33781007671772,2908.6568503502996,0.0,0.0,62.230477216514987,76.87167221961636,799.6512998538007,0.0,16.7402703388779,32.32522168638414,22.0,30.0,0.0,16.629019635312284,32.821514906116217,12.0,30.0,0.0,16.704119645470525,32.11097211295228,22.0,30.0,0.0,16.514757329847034,33.082143785716358,12.0,30.0,0.0,15.6757874201716,33.97121258978952,12.0,30.0,0.0,17.44377211348328,30.441332879226157,12.0,30.0,0.0,15.671500048730458,34.18316816483271,10.0,30.0,0.0,13.093447372794668,40.08500147536109,12.0,30.0,0.0,16.351617758587918,32.53991806483685,20.0,30.0,0.0,15.062644391509212,0.0,0.0,0.0,11.290658234333462,0.0,0.0,457.6404074267707,449.92350436014689,471.27386906227636,450.7256112214285,518.8183928556342,774.9594277540051,509.2443465238648,592.1878580177607,698.1556096358811,0.0,83.72839678354677,83.72839678354677,60.0,0.0,60.0,60.0,12.0,12.0,12.0,19.0,12.0,12.0,21.0,10.0,0.0,0.0,0.0,0.0,0.0,0.0,0.0,0.0,0.0,0.0,0.0,0.0,0.0,83.72839678354677,83.72839678354677,0.0,0.0,0.0,83.72839678354677,0.0,0.0,0.0023733333333333338 
 03/08  05:00:00,5.22,75.0,6.2,0.0,0.0,0.0,0.0,0.0,2.0,2.0,0.0,0.0,0.0,0.0,0.0,996.0,0.0,0.0,0.0,0.0,0.0,0.0,0.0,0.0,0.0,0.0,0.0,16.875518997180465,-132.35198761487099,16.917907003579069,-180.90866435379395,16.783565399155024,-179.96735205179457,16.79327999561192,-48.92339708291451,15.66552785363061,-5.884816300349745,17.24929285264244,-38.78304144530045,15.77309909476173,-50.563950277331858,13.545718433571068,-188.0582725473712,16.257231781678443,-86.18789888883012,376.8427034334359,613.3822726062855,0.0,0.0,0.0,0.0,0.0,0.0,0.0,0.0,0.0,0.0,0.0,0.0,0.0,0.0,0.0,0.0,0.0,0.0,0.0,0.0,0.0,0.0,1.1202516144797233,0.34195714727708317,139.6901941061383,169.78062954351635,3258.968534936189,0.2068965913482662,0.031577623832152987,91.16676628786881,110.73144365488034,2128.933982540513,1.0817339185447637,0.20440928166000844,83.11972811126435,101.0279871212459,1955.4149141232929,0.21587212385204167,0.04079216248148937,61.959384525515527,75.32299718839161,1444.2966483719973,0.0,0.0,7.1463227066212149,8.710880198567736,153.1142787501006,0.0,0.0,13.023573282930386,15.777654169075876,324.2030258701473,0.0,0.0,75.86899631241062,92.47363274551407,1626.1331461375417,0.0,0.0,50.894780690330467,62.59486700881334,828.4642644577184,0.0,0.0,26.218984687000729,31.881741856617059,596.9637273309875,39.27391714603215,26.936843035687376,140.4336719599951,171.4733815349254,3682.332385328496,0.0,0.0,62.345845455403118,77.16084042629515,790.3165424420472,0.0,16.54683524905511,33.0393908279795,22.000000000000019,30.00000000000002,0.0,16.622849149323814,33.012613099863759,12.00000000000001,30.00000000000002,0.0,16.575492880192379,32.89041671247282,22.000000000000019,30.00000000000002,0.0,16.593711163362746,32.67224692335667,12.00000000000001,30.00000000000002,0.0,15.646202093357442,34.09570924825766,12.00000000000001,30.00000000000002,0.0,17.411640911603997,30.575567389155766,12.00000000000001,30.00000000000002,0.0,15.649803354428596,34.52052270300965,10.000000000000007,30.00000000000002,0.0,13.06526999678985,40.29348517537205,12.00000000000001,30.00000000000002,0.0,16.32745901520215,32.649070460576528,20.000000000000015,30.00000000000002,0.0,15.171773021891461,0.0,0.0,0.0,11.273058901966288,0.0,0.0,456.99332489399697,449.7820717056574,464.90029887385188,462.2529099449365,518.053516400065,774.7420755622559,506.06296218684806,590.804732722641,699.7432122280879,0.0,83.72839678354684,83.72839678354684,60.00000000000004,0.0,60.00000000000004,60.00000000000004,12.0,12.0,12.0,19.0,12.0,12.0,21.0,10.0,0.0,0.0,0.0,0.0,0.0,0.0,0.0,0.0,0.0,0.0,0.0,0.0,0.0,83.72839678354684,83.72839678354684,0.0,0.0,0.0,83.72839678354684,0.0,0.0,0.0024266666666666665 
 03/08  05:10:00,5.273333333333333,76.5,6.211666666666667,0.0,0.0,0.0,0.0,0.0,2.0,2.0,0.0,0.0,0.0,0.0,0.0,664.0,0.0,0.0,0.0,0.0,0.0,0.0,0.0,0.0,0.0,0.0,0.0,16.78419013528687,-223.43470644070863,16.85960243366559,-120.09792237072816,16.780496020424999,-51.4269216272974,16.798271020872457,-18.237635889237596,15.621913354833227,-5.856071674254451,17.202428876220126,-38.87457505413096,15.731176204703506,-43.3612327509195,13.499106962137076,-185.33987039096975,16.223239919752669,-86.01269586600796,264.0289268774443,611.8158169666575,0.0,0.0,0.0,0.0,0.0,0.0,0.0,0.0,0.0,0.0,0.0,0.0,0.0,0.0,0.0,0.0,0.0,0.0,0.0,0.0,0.0,0.0,1.1121492555272652,0.3394838997335975,124.31245389624168,150.97145866910285,2849.166175409152,0.20981755390505767,0.032023436188195617,89.73833788694803,108.95361935987273,2076.906649421001,1.0680144374590169,0.201816787123775,17.146568433390006,20.79797700240967,423.25137282856579,0.20724005511832828,0.03916100814783224,5.230889330854451,6.348859425946668,126.37570014573254,0.0,0.0,7.274021515780582,8.861985130693835,154.40047201504656,0.0,0.0,12.911317037698307,15.635064627405275,318.7722147152228,0.0,0.0,76.44557953031785,93.12664196917504,1624.021295532892,0.0,0.0,50.94386709168445,62.62697015330447,819.321422680659,0.0,0.0,26.390356740035274,32.076563444957859,596.1230839358137,39.05091865740428,26.783894826751916,75.11762748503438,91.70104762037664,2238.861258428871,0.0,0.0,62.34509246012039,77.11802029857228,781.086937639694,0.0,16.429988011137185,33.85914916894821,22.0,30.0,0.0,16.56544981434994,33.339758483321947,12.0,30.0,0.0,16.632697404654395,32.693272224446229,22.0,30.0,0.0,16.639795599057935,32.977683669145218,12.0,30.0,0.0,15.601093627135637,34.33756404070357,12.0,30.0,0.0,17.362701236847668,30.826821324810657,12.0,30.0,0.0,15.609737998696659,34.786320029723977,10.0,30.0,0.0,13.023185078600111,40.549167890480159,12.0,30.0,0.0,16.291426711025946,32.863452883358849,20.0,30.0,0.0,14.787086902194668,0.0,0.0,0.0,11.255001406445932,0.0,0.0,453.1709047167545,450.7498679544592,482.6879197334528,455.4323431865173,516.737342477056,774.3170555139989,504.5995640769418,589.4771849663864,697.9693218953289,0.0,83.72839678354677,83.72839678354677,60.0,0.0,60.0,60.0,12.0,12.0,12.0,19.0,12.0,12.0,21.0,10.0,0.0,0.0,0.0,0.0,0.0,0.0,0.0,0.0,0.0,0.0,0.0,0.0,0.0,83.72839678354677,83.72839678354677,0.0,0.0,0.0,83.72839678354677,0.0,0.0,0.00248 
 03/08  05:20:00,5.326666666666667,78.0,6.223333333333334,0.0,0.0,0.0,0.0,0.0,2.0,2.0,0.0,0.0,0.0,0.0,0.0,664.0,0.0,0.0,0.0,0.0,0.0,0.0,0.0,0.0,0.0,0.0,0.0,16.62967801087254,-74.74622014431361,16.834507180071016,-238.92652691180639,16.692980505888494,-240.10848484449708,16.759045051773769,-92.2659137189529,15.579886296431113,-5.5553921763934259,17.156618994208566,-39.08320837350519,15.677204124759888,-72.78502339553939,13.454284490482804,-183.07790123543544,16.189468652505839,-87.31206272351676,460.09209469943837,601.5253387242879,0.0,0.0,0.0,0.0,0.0,0.0,0.0,0.0,0.0,0.0,0.0,0.0,0.0,0.0,0.0,0.0,0.0,0.0,0.0,0.0,0.0,0.0,1.1033705862373067,0.33680420825314619,318.5787619553838,386.9559881491088,7170.468742984166,0.19964961908630775,0.030471553584601305,180.43787055844798,219.00048537901746,4141.303405512032,0.9834313562491326,0.1858335896162383,165.94362117768643,201.43811703096436,3807.629813232933,0.18906375215218969,0.03572633260623387,48.12075418726306,58.46697203681784,1110.6021842139526,0.0,0.0,6.843036932826242,8.338896848654948,143.93415923114049,0.0,0.0,13.145102535739748,15.918315125764904,321.8723714970805,0.0,0.0,70.7849881840435,86.25375051134921,1487.760807018611,0.0,0.0,50.36909360488325,61.92224764156951,800.4775170587618,0.0,0.0,28.280213938242669,34.37089928462804,633.6786155759583,38.83665476865504,26.636937427061079,310.2785235939201,378.0588654241702,7208.170736855896,0.0,0.0,61.54692995676095,76.13035745833699,760.3948099660863,0.0,16.224459342956153,34.55599566487678,22.0,30.0,0.0,16.5608107323042,33.680650833016787,12.0,30.0,0.0,16.50604567590651,34.000729648971148,22.0,30.0,0.0,16.588227159621839,33.915364006443997,12.0,30.0,0.0,15.559018379824558,34.66914344014282,12.0,30.0,0.0,17.315430408256249,31.142290827102494,12.0,30.0,0.0,15.546576313093056,35.34455715878882,10.0,30.0,0.0,12.98389624461996,41.00935938496953,12.0,30.0,0.0,16.25570683260075,33.22855200199335,20.0,30.0,0.0,15.396637874419567,0.0,0.0,0.0,11.224744710298247,0.0,0.0,458.05384598080266,456.3798815202396,457.1062373969082,451.0083271159419,515.9506032785396,774.5608747838141,510.4608280275711,589.8872630857145,692.7304799312019,0.0,83.72839678354677,83.72839678354677,60.0,0.0,60.0,60.0,12.0,12.0,12.0,19.0,12.0,12.0,21.0,10.0,0.0,0.0,0.0,0.0,0.0,0.0,0.0,0.0,0.0,0.0,0.0,0.0,0.0,83.72839678354677,83.72839678354677,0.0,0.0,0.0,83.72839678354677,0.0,0.0,0.0025 
 03/08  05:30:00,5.38,79.5,6.234999999999999,0.0,0.0,0.0,0.0,0.0,2.0,2.0,0.0,0.0,0.0,0.0,0.0,664.0,0.0,0.0,0.0,0.0,0.0,0.0,0.0,0.0,0.0,0.0,0.0,16.673272442633278,-106.84911506038293,16.74253599947989,-194.4205156899004,16.579025482940837,-103.70779606837778,16.685357450684508,-235.1245133778607,15.538505413967961,-6.133618083030967,17.112851784768595,-39.277976403207109,15.621926922205386,-51.27961133620988,13.409418765473099,-182.5090875345652,16.156616803604096,-88.36288227464275,416.0880182202309,600.4291651133032,0.0,0.0,0.0,0.0,0.0,0.0,0.0,0.0,0.0,0.0,0.0,0.0,0.0,0.0,0.0,0.0,0.0,0.0,0.0,0.0,0.0,0.0,1.0669425397385335,0.3256845359397233,130.04165023825403,157.9043388686572,2947.190883602685,0.1917141278082823,0.029260398017137105,85.81176145045606,104.09332067986822,1937.6681533810809,1.0333964611864679,0.195275219422991,152.12820522413765,184.73586025178452,3442.2240233776894,0.1973226237668425,0.03728696594233606,151.4712774842518,183.87785334897314,3437.8308787928365,0.0,0.0,7.056608668790263,8.598631982771427,147.06532720368416,0.0,0.0,13.086459985941783,15.848280335656117,317.8733671321502,0.0,0.0,74.72854312707182,91.05543538795782,1552.5960931840296,0.0,0.0,50.717589015340248,62.35095127241717,796.250747162991,0.0,0.0,27.222771222758575,33.08607778518407,605.1504230963769,38.68104324762141,26.530207988766408,208.78637121419275,254.34030781819656,5043.91604151383,0.0,0.0,61.89538815008542,76.55753432885448,755.3405341033304,0.0,16.355083238702563,34.88598201191698,22.0,30.0,0.0,16.449087304605024,34.914255225881039,12.0,30.0,0.0,16.355748135772619,34.66538120684427,22.0,30.0,0.0,16.481530273712026,34.67793814422852,12.0,30.0,0.0,15.517964468537946,34.956049652271257,12.0,30.0,0.0,17.271738511849848,31.456468436746975,12.0,30.0,0.0,15.484823963959304,36.178723654041778,10.0,30.0,0.0,12.943722947682869,41.498806473416127,12.0,30.0,0.0,16.221827117731615,33.54216390073702,20.0,30.0,0.0,15.26183747694018,0.0,0.0,0.0,11.20548824257087,0.0,0.0,452.4047373297112,445.7910818110795,459.13843199289468,450.7658735562442,516.0763029323889,773.3919480331848,505.18642521156507,591.4281665751247,693.0491787794535,0.0,83.72839678354677,83.72839678354677,60.0,0.0,60.0,60.0,12.0,12.0,12.0,19.0,12.0,12.0,21.0,10.0,0.0,0.0,0.0,0.0,0.0,0.0,0.0,0.0,0.0,0.0,0.0,0.0,0.0,83.72839678354677,83.72839678354677,0.0,0.0,0.0,83.72839678354677,0.0,0.0,0.00252 
 03/08  05:40:00,5.433333333333334,81.0,6.246666666666666,0.0,0.0,0.0,0.0,0.0,2.0,2.0,0.0,0.0,0.0,0.0,0.0,1328.0,0.0,0.0,0.0,0.0,0.0,0.0,0.0,0.0,0.0,0.0,0.0,16.661867366509399,-81.43439637988013,16.671726774984756,-146.84408397095349,16.56327068053434,-141.2358283005122,16.57621077153813,-56.422342889751437,15.499182649341297,-6.281617520218781,17.071446624190434,-39.77788822854569,15.581470321163506,-50.69452187565196,13.367571983426398,-180.4852693049139,16.12589348006653,-89.26968447464208,297.99812238406425,598.9322209002971,0.0,0.0,0.0,0.0,0.0,0.0,0.0,0.0,0.0,0.0,0.0,0.0,0.0,0.0,0.0,0.0,0.0,0.0,0.0,0.0,0.0,0.0,1.039995806157582,0.3174590372886392,99.81222036314218,121.34080175158464,2259.2826371033418,0.1934125876230538,0.029519625705594293,74.65890004688518,90.76448310310099,1674.2449514753692,1.0116472055379707,0.19116538275471862,78.81925132186132,95.87518595669427,1788.8635488984806,0.19773823500827157,0.037365501702243297,68.74954201919675,83.66016949603569,1535.403262767474,0.0,0.0,7.103487085921615,8.661871626337956,146.71342500780689,0.0,0.0,12.983005329539694,15.735440848479449,312.8940780157805,0.0,0.0,74.85220571231059,91.27317762826856,1541.0683299688747,0.0,0.0,50.792076826502519,62.4917856298943,788.1274023500342,0.0,0.0,27.142156139771417,33.015208529958417,598.714313477214,38.42950110297038,26.35768251232537,114.85813731965469,140.33889942381149,3017.8547458142145,0.0,0.0,61.92078238202835,76.6433322293523,746.3055534966059,0.0,16.390358187094166,35.15419367868562,22.0,30.0,0.0,16.371503470712434,35.604726885877607,12.0,30.0,0.0,16.378766486267698,35.119240473952277,22.0,30.0,0.0,16.34559946263698,35.252706371766247,12.0,30.0,0.0,15.481046749833528,35.3344768948018,12.0,30.0,0.0,17.232524459050816,31.840370901424497,12.0,30.0,0.0,15.447680611213928,36.50706961185242,10.0,30.0,0.0,12.909217343846072,41.82197725904697,12.0,30.0,0.0,16.192297345744576,33.907453588327587,20.0,30.0,0.0,14.885788432353494,0.0,0.0,0.0,11.187071112124846,0.0,0.0,454.1510909691576,444.7062979354987,460.06791991858986,451.9147556332325,515.1688659117867,772.269797891587,503.830965436509,590.3924166069947,691.6451128857966,0.0,83.72839678354677,83.72839678354677,60.0,0.0,60.0,60.0,12.0,12.0,12.0,19.0,12.0,12.0,21.0,10.0,0.0,0.0,0.0,0.0,0.0,0.0,0.0,0.0,0.0,0.0,0.0,0.0,0.0,83.72839678354677,83.72839678354677,0.0,0.0,0.0,83.72839678354677,0.0,0.0,0.0025399999999999999 
 03/08  05:50:00,5.486666666666667,82.5,6.258333333333333,0.0,0.0,0.0,0.0,0.0,2.0,2.0,0.0,0.0,0.0,0.0,0.0,664.0,0.0,0.0,0.0,0.0,0.0,0.0,0.0,0.0,0.0,0.0,0.0,16.62173590745413,-70.45711388845302,16.633374763350696,-214.82912439063996,16.511772550444566,-100.48444783887396,16.557238955994359,-182.7456638976123,15.455243816809072,-5.986807195966364,17.02509305871969,-38.69123124451119,15.544081023813792,-49.57474330619971,13.322060834940583,-177.72535080573426,16.09095855837091,-88.46472637297114,287.8117419747108,598.3706569106448,0.0,0.0,0.0,0.0,0.0,0.0,0.0,0.0,0.0,0.0,0.0,0.0,0.0,0.0,0.0,0.0,0.0,0.0,0.0,0.0,0.0,0.0,1.026166812738519,0.31323773282616587,79.87596964562263,96.91812259810082,1803.1351533744876,0.18786817154496028,0.028673408355457919,57.73890362741213,70.02281139885396,1278.7553407316332,0.9977158161661904,0.18853284508053493,87.90056333684865,106.66340731068263,1975.5207499763686,0.19265666502628088,0.03640526550005306,72.44031245093056,87.92759608682774,1608.1711249681039,0.0,0.0,7.084732927183163,8.632794865904956,144.90936550067057,0.0,0.0,12.9580899416997,15.693534861217037,309.6473733195028,0.0,0.0,74.76298415866934,91.09270585149915,1526.30102967199,0.0,0.0,50.83969264887646,62.50371937427135,778.9291577963488,0.0,0.0,27.25203145453026,33.12275246540459,596.151437460815,38.24653773472631,26.232193233694326,104.24466959864611,127.03997697107966,2761.6044829455115,0.0,0.0,61.90094724891598,76.55481490869807,736.7659999638395,0.0,16.366596367059687,35.787725397317107,22.0,30.0,0.0,16.34675017959625,36.5117643332793,12.0,30.0,0.0,16.335459246719766,35.58154718392912,22.0,30.0,0.0,16.34300607222235,36.09324714766798,12.0,30.0,0.0,15.43478734673917,35.798141809273349,12.0,30.0,0.0,17.183211271723314,32.3108091699993,12.0,30.0,0.0,15.415115352239586,36.94197024003489,10.0,30.0,0.0,12.866701534211565,42.32135725868311,12.0,30.0,0.0,16.154437899225138,34.29607090980885,20.0,30.0,0.0,14.771155974849496,0.0,0.0,0.0,11.167607809479492,0.0,0.0,453.3422432448601,441.95116654610919,463.7289150483622,449.5926189151254,514.0724033488432,771.7987608289916,504.342093841507,588.6795027713272,692.0232954973847,0.0,83.72839678354677,83.72839678354677,60.0,0.0,60.0,60.0,12.0,12.0,12.0,19.0,12.0,12.0,21.0,10.0,0.0,0.0,0.0,0.0,0.0,0.0,0.0,0.0,0.0,0.0,0.0,0.0,0.0,83.72839678354677,83.72839678354677,0.0,0.0,0.0,83.72839678354677,0.0,0.0,0.0025566666666666669 
 03/08  06:00:00,5.54,84.0,6.27,0.0,0.0,0.0,0.0,0.0,2.0,2.0,0.0,0.0,0.0,0.0,0.0,664.0,0.0,0.0,0.0,0.0,0.0,0.0,0.0,0.0,0.0,0.0,0.0,16.51461215919578,-196.14327055481864,16.497955391686334,-203.42930928242687,16.417156669403654,-188.25015721257865,16.47715790898209,-107.72932621308815,15.414011934190477,-6.213379754614465,16.98207966743451,-39.681006076077128,15.486500552987974,-59.68417683275197,13.278913793343884,-176.24192889840004,16.058090526596116,-90.20983343996613,431.16095980012508,591.1841706772291,0.0,0.0,0.0,0.0,0.0,0.0,0.0,0.0,0.0,0.0,0.0,0.0,0.0,0.0,0.0,0.0,0.0,0.0,0.0,0.0,0.0,0.0,1.019275779940498,0.31113424296107997,266.43116604649819,323.6806418937464,5854.963447322572,0.1858355985275591,0.028363186588455298,153.01051313455236,185.9408811390319,3320.8966258254456,0.9486358858934995,0.17925848183928567,138.19060015412894,167.81462528271687,3037.0220928764235,0.1788746438786636,0.033800953113881999,50.74833716713057,61.54766219756596,1113.3394739143799,0.0,0.0,6.89859670500933,8.404848618095953,139.76653823019388,0.0,0.0,12.982217509013417,15.7232754553221,307.696496774888,0.0,0.0,72.2704716925677,88.05171540813667,1457.0404945701949,0.0,0.0,50.60060312490618,62.20823478396697,765.697432837357,0.0,0.0,28.127589743196375,34.18829950085889,610.3208114102545,38.059410782317389,26.103848273194374,265.0344825356915,322.95829825414446,6039.069725881368,0.0,0.0,61.538350863891427,76.10223003180474,722.2034021376898,0.0,16.206690384187757,36.82488800320762,22.0,30.0,0.0,16.142738302969293,37.687921613540328,12.0,30.0,0.0,16.199810538471547,37.43181851362458,22.0,30.0,0.0,16.251194031447036,37.30438597081219,12.0,30.0,0.0,15.393718992820606,36.288734185921018,12.0,30.0,0.0,17.140048995269898,32.83083708873297,12.0,30.0,0.0,15.341680799771309,37.774998242596499,10.0,30.0,0.0,12.82820980221268,43.10126170840539,12.0,30.0,0.0,16.12047898729673,34.84097123897052,20.0,30.0,0.0,15.252196931272146,0.0,0.0,0.0,11.140852272853588,0.0,0.0,456.42602914607928,444.0382172144664,449.5298187309071,445.53980910620308,513.4066100351178,770.4281283477868,506.73114457306226,587.7240963356824,687.6494641077197,0.0,83.72839678354677,83.72839678354677,60.0,0.0,60.0,60.0,12.0,12.0,12.0,19.0,12.0,12.0,21.0,10.0,0.0,0.0,0.0,0.0,0.0,0.0,0.0,0.0,0.0,0.0,0.0,0.0,0.0,83.72839678354677,83.72839678354677,0.0,0.0,0.0,83.72839678354677,0.0,0.0,0.002573333333333333 
 03/08  06:10:00,5.635000000000001,85.16666666666667,6.341666666666667,0.0,0.0,0.0,0.0,0.0,2.0,2.0,0.0,0.0,0.0,0.0,0.0,3330.0,0.0,0.0,0.0,0.0,0.0,0.0,0.0,0.0,0.0,0.0,0.0,17.635668037671775,-892.1162579998108,16.731037289466835,760.3277911344358,17.857413693759086,-2604.8060373571,16.7492403192149,896.9798070153007,15.375291514469474,-8.345386968295472,17.978632973546778,-114.51601318355013,15.589882723625126,181.95426554909623,14.334831497204588,-269.6162702857327,17.628221232583529,-250.28409768418494,681.0544461998169,715.9546516331051,0.0,0.0,0.0,0.0,0.0,0.0,0.0,0.0,0.0,0.0,0.0,0.0,0.0,0.0,0.0,0.0,0.0,0.0,0.0,0.0,0.0,0.0,1.0030182284961034,0.306171620420056,376.0587771462739,454.09086439621799,9585.372594609093,0.2992054795282064,0.04566628197927449,322.2053631760671,390.90185277230537,7328.170346151441,0.7850688944919178,0.1483501312343005,504.217180081242,608.118084476884,13201.215170516998,0.2735668318483465,0.05169441266975557,340.37298986033229,412.7232793368471,7864.096061180549,0.0,0.0,11.052446702179289,13.481311415664838,220.911656529852,0.0,0.0,18.492052692437569,22.303542667054985,487.74672120306959,0.0,0.0,78.92166891930792,96.19523923483452,1615.8315037835956,0.0,0.0,41.48668751003817,50.80581269662023,748.0787194624581,0.0,0.0,43.96195435022588,53.04695319388113,1146.818657545974,39.041886397736529,26.777699861273349,647.2830925295484,786.7684289472231,14817.333995610568,0.0,0.0,55.100890920556739,68.20347419632442,649.2766801365227,2069.215538698039,17.91668829127025,33.847524807506477,21.999999999999998,30.0,0.0,16.66159722561058,36.386693181540469,15.999999999999999,30.0,4652.01880045699,18.319627016537696,33.10064783873972,21.999999999999998,30.0,0.0,16.84011117920695,36.25665780609704,15.999999999999999,30.0,0.0,15.357529195891474,36.91242708837444,12.0,30.0,1867.6095870618684,18.4975053730885,30.53531505423442,20.0,30.0,0.0,15.596141076547183,38.12971848102782,10.0,30.0,1461.0724900987485,14.47887747233734,39.07763870553123,16.999999999999998,30.0,3113.4732436189726,18.244644813978576,31.036450600782226,20.0,30.0,0.0,16.005368911889808,0.0,0.0,0.0,11.265980961767453,0.0,0.0,452.3991089133665,453.78653023200527,450.3839924263055,449.98251417790217,512.6365566282565,757.1039663510946,491.10712610723825,595.0220895671218,669.5484608951094,12923.366624471506,79.45851061562446,87.8573596609451,60.0,0.0,60.0,60.0,16.0,16.0,19.0,19.0,16.0,12.0,21.0,10.0,1.0,0.0,2069.215538698039,0.0,4652.01880045699,0.0,1867.6095870618684,0.0,1461.0724900987485,3113.4732436189726,12707.550235304383,7624530.141182629,9937223.787662967,79.45851061562446,87.99999999999999,0.42358500784347949,0.7672883306947822,0.3602813740196596,87.99999999999999,0.3542647819438876,9937223.787662967,0.5193256369584742 
 03/08  06:20:00,5.73,86.33333333333334,6.413333333333334,0.0,0.0,0.0,0.0,0.0,2.0,2.0,0.0,0.0,0.0,0.0,0.0,1665.0,0.0,0.0,0.0,0.0,0.0,0.0,0.0,0.0,0.0,0.0,0.0,18.498282841043645,-1435.3962443131653,17.38615306366664,924.2079010557471,18.787908938801225,-3485.100873614949,17.5640937859946,907.4889940911879,15.333375113982314,-2.121827368947629,18.69037275074129,-180.1113744251659,15.880184494034197,134.22793010031584,15.541460513029048,-199.98430961288677,18.45244795603534,-351.2264605986316,1009.456880992769,921.1442313807434,0.0,0.0,0.0,0.0,0.0,0.0,0.0,0.0,0.0,0.0,0.0,0.0,0.0,0.0,0.0,0.0,0.0,0.0,0.0,0.0,0.0,0.0,1.0748259265761458,0.32809094217831066,451.2833211181366,542.8021604858693,12455.825937614616,0.34575084529373548,0.0527702755332319,396.0747143346648,478.8693603611599,9756.560088549168,0.8244151609582722,0.15578517780768567,570.4934905466845,685.2133855292383,16192.739152622042,0.2991487623520074,0.05652848872864841,382.50542428429,461.85275472618437,9715.48577132047,0.0,0.0,13.579803834191648,16.563640458277747,267.78119011450516,0.0,0.0,22.37230717070157,26.866221622349518,639.0851924164128,0.0,0.0,90.32614220162378,109.85679274596594,1918.4532723815092,0.0,0.0,24.679513190095347,29.995519941745664,546.284492429468,0.0,0.0,56.69475994094143,68.08540003713365,1618.3874697277066,40.08877349162277,27.495729418122619,764.4389289673952,926.7608063346188,18538.039212375632,0.0,0.0,56.441695820480578,69.72423053652845,705.2852720173892,2029.0591003786734,19.33081973297405,31.149772046398053,22.0,30.0,0.0,17.81996205109414,34.1608016941057,16.0,30.0,4403.552459214548,19.750605505181409,30.403624517980516,22.0,30.0,0.0,18.222366563339404,33.39508746453568,16.0,30.0,0.0,15.317949488756657,37.9233686626936,12.000000000000002,30.0,728.7690775173677,19.846812222873014,28.604218867481828,19.6,30.0,0.0,16.081931202370659,37.388601591794188,10.0,30.0,1113.0959503477134,16.661455172995106,34.33816933171081,17.0,30.0,799.7027768476387,19.833685376581998,28.82698576664363,19.6,30.0,0.0,17.028481010936024,0.0,0.0,0.0,11.701811874235167,0.0,0.0,452.99759767468859,454.0554655392842,451.0044647829897,450.85885128698467,512.7663944969768,711.6119044605633,504.527122031633,603.9513749112891,624.953126309139,10837.46870485951,80.83876313829382,86.67995869775116,60.0,0.0,60.0,60.0,16.0,16.0,19.0,19.0,16.0,12.0,21.0,10.0,1.0,0.0,2029.0591003786734,0.0,4403.552459214548,0.0,728.7690775173677,0.0,1113.0959503477134,799.7027768476387,8839.494009168851,5303696.405501312,6926224.162179338,80.83876313829382,86.77916158978923,0.36264980030562846,0.7649402907246989,0.36028137401965956,86.77916158978923,0.35426478194388757,6926224.162179338,0.3627603230999922 
 03/08  06:30:00,5.825,87.5,6.484999999999999,0.0,0.0,0.0,0.0,0.0,2.0,2.0,0.0,0.0,0.0,0.0,0.0,1332.0,0.0,0.0,0.0,0.0,0.0,0.0,0.0,0.0,0.0,0.0,0.0,18.992040101354406,-1302.8657115605993,17.884302651484079,871.4369968902779,19.364917785973789,-3396.114593135745,18.113006736809653,850.0651301622711,15.301505744560899,2.9049953700924648,18.289078239647169,-136.32190111978466,16.095953322197006,321.5080531387291,15.410148307074178,-175.70823258997133,18.36477545564286,-254.4562636306846,1182.5086542885466,775.1114398538064,0.0,0.0,0.0,0.0,0.0,0.0,0.0,0.0,0.0,0.0,0.0,0.0,0.0,0.0,0.0,0.0,0.0,0.0,0.0,0.0,0.0,0.0,1.1775785264149906,0.3594562046443805,450.0592845864911,539.9519475571931,12945.053513508436,0.3557214318788545,0.054292037832548007,389.54266352671029,469.60306780358646,10130.79780924605,0.9086640403134292,0.17170522303730716,564.2058327892249,675.8160691092498,16718.51067264051,0.3011853515276379,0.05691333173235786,366.83477516729968,441.5490554025154,9858.050781738046,0.0,0.0,14.18142868734624,17.29639658371933,276.18982275167169,0.0,0.0,22.128525322266314,26.634261665697758,597.9839434394419,0.0,0.0,87.58084758350904,106.39075682034349,1906.7702782397724,0.0,0.0,22.670977200823246,27.55159471298404,483.9846400414456,0.0,0.0,49.69502319775148,59.748631618570737,1374.621222191348,40.790652959473849,27.97712823009181,743.6480489718146,899.0578055239125,19080.11895831442,0.0,0.0,47.308721187550279,58.45850111661792,571.6578076509809,1912.1119951654305,20.028247251865733,29.98703762040215,22.0,30.0,0.0,18.62842666553893,32.62294356867413,16.0,30.0,4313.493767320194,20.49554718243642,29.187712333453008,22.0,30.0,0.0,19.077621204480147,31.80851196292283,16.0,30.0,0.0,15.292706453248439,38.59848761744599,12.0,30.0,92.59402665230978,19.143354090732108,30.312722579457767,19.0,30.0,0.0,16.46751685701767,36.91176978269551,10.0,30.0,115.05500538702749,16.28374081678215,35.76718889109024,16.0,30.0,1127.6427218016943,19.486531541764344,29.84442986841086,19.5,30.0,0.0,17.787872068788844,0.0,0.0,0.0,11.586100204108006,0.0,0.0,454.23216216684,456.57768025814496,452.1533391707062,451.55210984851626,521.204898023203,690.5110912103976,492.71882746539429,594.2323777135159,618.7569336575043,11173.451258100034,80.61651028378975,84.52887253599758,60.0,0.0,60.0,60.0,16.0,16.0,19.0,19.0,16.0,12.0,21.0,10.0,1.0,0.0,1912.1119951654305,0.0,4313.493767320194,0.0,92.59402665230978,0.0,115.05500538702749,1127.6427218016943,5920.128032068982,3552076.8192413898,4620457.029443871,80.61651028378975,84.5953174351914,0.3673376010689661,0.7682954822712085,0.36028137401965956,84.5953174351914,0.3542647819438875,4620457.029443871,0.24286709886441469 
 03/08  06:40:00,5.92,88.66666666666667,6.556666666666667,0.0,0.0,0.0,0.0,0.0,2.0,2.0,0.0,0.0,0.0,0.0,0.0,1332.0,0.0,0.0,0.0,0.0,0.0,0.0,0.0,0.0,0.0,0.0,0.0,19.549473142876985,-1189.612296382763,18.35154591183933,1095.262470355569,19.951207336740855,-3230.005759260852,18.623644166524988,1023.7110340787435,15.283774504525465,18.377400520719534,18.72131921702676,-116.70952849526768,16.642424606825047,523.1981664503165,15.779331078462575,-334.95968643779465,18.3621659139714,-140.390932715274,1405.7577480328537,722.6792421731313,0.0,0.0,0.0,0.0,0.0,0.0,0.0,0.0,0.0,0.0,0.0,0.0,0.0,0.0,0.0,0.0,0.0,0.0,0.0,0.0,0.0,0.0,1.32162189211089,0.40342548599233526,466.24904637999409,557.738349263315,14081.8502169701,0.3825268324094692,0.05838321617971143,398.6360794845583,479.28614518901636,10881.097768120733,1.0456077507176037,0.19758271933439229,569.1233867498622,679.7666776625907,17666.538377687193,0.32303796278382237,0.061042698938741927,369.5110433303388,443.5188747451107,10437.65298934336,0.0,0.0,14.714327399104612,17.946220210651327,283.6417907633313,0.0,0.0,20.45051450020174,24.55693788712808,575.6949823360819,0.0,0.0,88.7663504532723,107.43584084140892,2088.6863607029238,0.0,0.0,31.180177899687597,37.82626105106438,697.561971139001,0.0,0.0,37.86363301786859,45.53815077378193,1035.6909768496988,41.67481327484956,28.583548199485308,758.1570787957139,913.8413659646113,20643.35894997052,0.0,0.0,46.15648339224003,57.04079138620131,541.5079282343685,1886.8040601499243,20.873989447954537,28.80152714551736,22.0,30.0,0.0,19.390002186034459,31.47020253639124,16.0,30.0,4247.724653378842,21.330708532372318,28.048395327344893,22.0,30.0,0.0,19.88558684213851,30.57917901888113,16.0,30.0,0.0,15.290483605708426,39.24823140750428,12.0,30.0,1030.6747767563982,19.827833802227013,29.508401156365879,19.75,30.0,0.0,17.439541329731669,35.31822519484412,10.0,30.0,1096.5164210264068,16.857743793568696,34.9049803593556,17.0,30.0,0.0,19.386940073887144,30.447044308125969,19.0,30.0,0.0,18.648905260596036,0.0,0.0,0.0,11.525916610774026,0.0,0.0,455.8178582607808,458.4303180896617,455.34706342105008,455.59393848159558,517.2251903811496,676.4924871645143,474.15773333386417,612.4753727950548,622.0251662493761,10710.321385478743,80.92288688480865,86.31632477187911,60.0,0.0,60.0,60.0,16.0,16.0,19.0,19.0,16.0,12.0,21.0,10.0,1.0,0.0,1886.8040601499243,0.0,4247.724653378842,0.0,1030.6747767563982,0.0,1096.5164210264068,0.0,8162.03978207283,4897223.869243698,6403502.783565775,80.92288688480865,86.40792325218658,0.35706799273576109,0.7644681757749401,0.36028137401965956,86.40792325218658,0.3542647819438875,6403502.783565775,0.33559214474542028 
 03/08  06:50:00,6.015,89.83333333333334,6.628333333333334,6.333333333333332,0.9999999999999998,0.0,0.0,0.0,2.0,2.0,0.0,0.0,0.0,0.0,0.0,1332.0,0.0,9.037710027703337,2.418323870668997,6.196864737427005,0.2709976879750454,7.212969204604603,0.0,2.418323870668996,3.3060320758338479,0.0,0.0,19.938507252097638,-1182.2687533884674,18.726836781792863,1029.405489083655,20.393720919661868,-3263.5228956043977,19.015850444497297,977.7517912859998,15.275259697877886,25.498071174725639,18.468342302146405,-61.33137356738328,17.058349062532068,469.6654538554799,15.56819000977722,-444.35468474885536,18.790086048550124,-158.34936635363898,1500.8797761714778,892.882863966543,0.0,0.0,0.0,0.0,0.0,0.0,0.0,0.0,0.0,0.0,0.0,0.0,0.0,0.0,0.0,0.0,0.0,0.0,0.0,0.0,0.0,0.0,1.4151785375229003,0.4319836805625459,466.11408662890326,556.5575924738492,14455.135740058284,0.3923916290718994,0.05988883227593092,393.0094176733818,471.61506374083737,11060.177890300252,1.137306513494583,0.21491052787123647,565.037472031751,673.5383687903159,18033.005275605406,0.3339626431586401,0.06310707542680272,365.75877660350479,438.1624118436117,10642.37413656602,0.0,0.0,14.37080383360476,17.524736377878346,274.4311949841962,0.0,0.0,17.554510447454118,21.110255632115785,473.849651967304,0.0,0.0,108.74487648737252,131.33251353723893,2673.570539556088,0.0,0.0,47.153248287211138,57.31574693382204,988.6371829736829,0.0,0.0,30.379386347626299,36.44004224302613,859.7201757606943,42.125436347269779,28.892617522132917,749.1188845713066,901.3871324266524,21001.710845495232,0.0,0.0,62.749020948267418,77.47360069463433,752.1210902583136,1907.861516086329,21.389886451227054,28.25164850090493,22.0,30.0,0.0,19.925249895762997,30.816213113220408,16.0,30.0,4253.336380593643,21.879144657694277,27.457143929222285,22.0,30.0,0.0,20.42138919129735,29.94224306182017,16.0,30.0,0.0,15.297490864876118,39.81180851758698,12.0,30.0,0.0,19.34207400101964,30.826287920471836,19.0,30.0,0.0,18.087894238924,34.22686894156147,10.0,30.0,492.2335311650439,16.232945835551999,37.17874584959331,16.25,30.0,1820.8438308624764,19.899236488964907,29.785710286443263,19.75,30.0,0.0,19.123924724243,0.0,0.0,0.0,11.742149533612336,0.0,0.0,459.47693886433737,462.67457633764936,459.27040861486418,460.51164641154187,512.2326137059158,682.2053515998994,484.62111978068625,577.8923755883569,641.4878619035492,11040.896586652892,80.7042454625959,87.8781630633669,60.0,0.0,60.0,60.0,16.0,16.0,19.0,19.0,16.0,12.0,21.0,10.0,1.0,0.0,1907.861516086329,0.0,4253.336380593643,0.0,0.0,0.0,492.2335311650439,1820.8438308624764,10856.516888719772,6513910.133231863,8531586.929763543,80.7042454625959,88.0,0.3618838962906591,0.7635187931070594,0.36028137401965956,88.0,0.3542647819438875,8531586.929763543,0.44624585368103766 
 03/08  07:00:00,6.11,91.0,6.7,9.0,1.5,0.0,0.0,0.0,2.0,2.0,0.0,0.0,0.0,0.0,0.0,1998.0,0.0,12.852694863922264,3.410853152057122,8.740184786613036,0.38539086794130736,10.257697518876164,0.0,3.4108531520571199,4.662894851854713,0.0,0.0,20.024278051106074,-1310.8305637194706,18.93930587357272,789.905495782084,20.36601000735418,-2203.6657290298405,19.185375139774274,674.4405033049158,15.27161676820075,30.39980974989771,18.74739817313121,-70.76511801603279,17.284673249031838,418.96288527569245,15.859673147878425,-434.91678963198935,18.80248895971772,-153.5788273071298,1457.635736844632,902.2283087424162,0.0,0.0,0.0,0.0,0.0,0.0,0.0,0.0,0.0,0.0,0.0,0.0,0.0,0.0,0.0,0.0,0.0,0.0,0.0,0.0,0.0,0.0,1.4143192028392043,0.43172136838803495,440.8948571966702,526.6888920006336,13573.145908280363,0.3668634340669461,0.055992587617055198,352.88684166382418,423.2771301997525,10021.662749046784,1.2062402714085526,0.22793655922308227,446.76002615861878,533.0187849226372,13977.563131946692,0.3204116524987096,0.060546419595372099,307.83837117908709,368.68141052086568,8972.394405115792,0.0,0.0,14.437449095456199,17.611003507945939,273.2105590550181,0.0,0.0,18.22918363993721,21.915878502122625,496.1224591911946,0.0,0.0,101.07316304252825,121.97714248698351,2524.4114502630038,0.0,0.0,43.987637123225777,53.39246505515176,958.7994578732912,0.0,0.0,35.393920700954307,42.47687654694713,1000.3247648577046,42.08993134214354,28.868265666765088,651.1566047094074,783.5595043118547,18341.404155859145,0.0,0.0,60.327431492225468,74.45724219091572,736.4869105432408,1866.4868207732105,21.370405913323219,28.600951171238085,21.999999999999969,29.999999999999959,0.0,20.160970282784754,30.676514568683264,15.999999999999977,29.999999999999959,2878.2689116121848,21.581806603110946,28.2533314760783,21.666666666666637,29.999999999999959,0.0,20.53869821108679,30.012413375198439,15.999999999999977,29.999999999999959,0.0,15.309114102259619,40.25328613395342,11.999999999999983,29.999999999999959,1183.8337234668653,19.564071249292817,30.747669584092685,19.66666666666664,29.999999999999959,0.0,18.3881515056772,33.96035276655947,9.999999999999986,29.999999999999959,758.0647067944253,16.766326791120464,36.44623273521103,16.666666666666644,29.999999999999959,0.0,20.063773837919606,29.89667948264116,18.99999999999997,29.999999999999959,0.0,19.16344331304085,0.0,0.0,0.0,11.952854126698638,0.0,0.0,461.75926629601056,465.38039832464775,461.73034732430099,461.9787782465253,509.4181759298216,684.8229809052499,482.0201907792568,561.6034762636051,636.1419522347766,10945.413938916068,80.7673227690951,85.81222296912772,59.999999999999918,0.0,59.999999999999918,59.999999999999918,16.0,16.0,19.0,19.0,16.0,12.0,21.0,10.0,1.0,0.0,1866.4868207732105,0.0,2878.2689116121848,0.0,1183.8337234668653,0.0,758.0647067944253,0.0,7634.14704257552,4580488.225545317,5972501.181946558,80.7673227690951,85.89790212244357,0.36780490141918389,0.767746380365637,0.360281374019659,85.89790212244357,0.354264781943887,5972501.181946558,0.3131667281278877 
 03/08  07:10:00,6.276666666666667,91.00000000000002,6.795,11.666666666666668,2.0,0.0,0.0,0.0,2.0,2.0,0.0,0.0,0.0,0.0,0.0,3330.0,0.0,16.67723220073555,4.376297290350146,11.214100863924909,0.5000705015068726,13.310049870801258,0.0,4.376297290350143,5.982730183811114,0.0,0.0,20.13854516111526,-1302.9574988030564,19.03805430524266,779.9930717025108,20.433409738159058,-2156.408212017162,19.249685134802485,686.9723004333843,15.266823016530296,30.14952335724275,18.854630124159443,-59.20895925080227,17.431967945599529,424.0653868867105,16.17930335541676,-425.34808780878987,18.61217613754376,-65.43561989541291,1450.28358979326,801.3730190689086,0.0,0.0,0.0,0.0,0.0,0.0,0.0,0.0,0.0,0.0,0.0,0.0,0.0,0.0,0.0,0.0,0.0,0.0,0.0,0.0,0.0,0.0,1.403301263150623,0.42835813893486676,431.7392471594987,515.6672303688117,13202.682926316364,0.36257455938246938,0.05533799746374686,347.92736862158247,417.25437299622367,9814.335074627175,1.2204755090607114,0.2306265134279501,448.7452719659825,535.3827213822594,13908.117245074218,0.32459601770582965,0.06133711596859969,318.75209420799316,381.79289215416989,9183.326187826367,0.0,0.0,14.030068900865845,17.116723307777997,260.8402623600914,0.0,0.0,16.082571831125656,19.312306601502546,443.0869590236677,0.0,0.0,102.54936031158073,123.70372475288034,2562.2211531986397,0.0,0.0,40.14932330099262,48.68767024607809,889.8573848758008,0.0,0.0,23.07920337820987,27.773234950819924,612.5945886837953,42.2454546089888,28.9749345740664,657.8094256294884,791.3684334792745,18421.23815577811,0.0,0.0,56.03968120542419,69.1927135454896,659.69755888591,1845.4563951915057,21.43858131517656,28.935044173601385,21.999999999999998,30.0,0.0,20.237202357520748,31.023360993482404,15.999999999999999,30.0,2478.458606901131,21.59981622400622,28.67402432447079,21.599999999999999,30.0,0.0,20.545698289529079,30.4719443574671,15.999999999999999,30.0,0.0,15.314500723099107,40.75099817533499,12.0,30.0,0.0,19.8880787786094,31.849397949385286,19.0,30.0,0.0,18.567749639590774,34.11420442900706,10.0,30.0,1332.8493649621594,17.164678589472616,36.07355490479852,20.7,30.0,0.0,19.343956264593286,32.765579466394317,19.0,30.0,0.0,19.27011343875171,0.0,0.0,0.0,11.904966588551277,0.0,0.0,464.6413331741371,468.08777153480249,464.66924318822256,466.99620038193469,506.6942491995635,719.6971320591714,480.9702724555015,551.6184912666769,669.1768579514649,10152.079678125614,81.29208513181958,84.85324332237937,60.0,0.0,60.0,60.0,16.0,16.0,19.0,19.0,19.7,12.0,21.0,10.0,1.0,0.0,1845.4563951915057,0.0,2478.458606901131,0.0,0.0,0.0,1332.8493649621594,0.0,5389.253191973478,3233551.9151840868,4214047.107025156,81.29208513181958,84.91372361068895,0.3496417730657826,0.7669693551895052,0.3602813740196596,84.91372361068895,0.3542647819438876,4214047.107025156,0.22172044956530816 
 03/08  07:20:00,6.443333333333334,91.0,6.890000000000001,14.333333333333334,2.5,0.0,0.0,0.0,2.0,2.0,0.0,0.0,0.0,0.0,0.0,999.0,0.0,20.51555326914626,5.3172017126552559,13.625135479893919,0.615163459429937,16.373403153732896,0.0,5.317201712655252,7.269017863539507,0.0,0.0,20.182519565124907,-1181.9535235539275,19.108158117849329,600.6418447004396,20.47264628002533,-1784.8758932991028,19.299968727947645,581.6802964112851,15.25761499813979,28.008717343988498,18.473218094081554,-35.32718123743817,17.577075431980675,387.8035881510852,16.926982750285487,-403.36505269574647,18.612235654709659,-55.525934509590928,1397.8411999148939,700.9510185917841,0.0,0.0,0.0,0.0,0.0,0.0,0.0,0.0,0.0,0.0,0.0,0.0,0.0,0.0,0.0,0.0,0.0,0.0,0.0,0.0,0.0,0.0,1.3973320221042274,0.42653602628334166,439.4896932734631,524.6611056092199,13241.158634731411,0.3378608542031805,0.05156606443882486,307.5980612619614,368.613836053263,8595.179527525346,1.2008937011145627,0.22692624737614559,441.0702674655825,525.9967415552586,13387.410159837076,0.31081015711726858,0.0587320780644876,270.3930669639755,323.5265971091583,7723.756589632372,0.0,0.0,13.584923139620109,16.559149594580938,247.81132090492378,0.0,0.0,15.37449247483946,18.480239704749644,398.83367565295768,0.0,0.0,92.40391532699339,111.31444478931326,2310.681522413947,0.0,0.0,30.65363319211218,36.99057942444376,741.807050795885,0.0,0.0,21.063370688870415,25.275950751857616,564.1479353315554,42.20832830409409,28.949470716113916,604.1814716603062,726.4047135639527,16737.432487347913,0.0,0.0,47.250334856941517,58.314089130643868,528.6239606068186,1821.2137049528456,21.479626777523455,29.010071337806019,21.999999999999994,29.99999999999999,0.0,20.266769528475434,31.218464942631664,15.999999999999993,29.99999999999999,2666.3065384980056,21.532459080770857,29.011486999598696,21.666666666666658,29.99999999999999,0.0,20.529819624861348,30.69417763144486,15.999999999999993,29.99999999999999,0.0,15.309488966653522,41.35127011713618,11.999999999999995,29.99999999999999,0.0,19.23085603650073,35.507379888619947,18.999999999999994,29.99999999999999,0.0,18.749710689865297,34.08511546158814,9.999999999999997,29.99999999999999,1319.021946330516,18.397932342292767,33.886574831290477,20.69999999999999,29.99999999999999,1064.277433123566,19.67469469519766,33.900301700516909,19.66666666666666,29.99999999999999,0.0,19.22718165238487,0.0,0.0,0.0,11.784086238384422,0.0,0.0,466.3310147609667,470.5999243317799,465.93809147964148,471.28971001679886,502.22816103968236,773.3946375826635,476.3755616422509,536.9801248969936,724.8479520971615,9083.72616417634,81.99851080778558,84.2835747087224,59.99999999999998,0.0,59.99999999999998,59.99999999999998,16.0,16.0,19.0,19.0,19.7,12.0,21.0,10.0,1.0,0.0,1821.2137049528456,0.0,2666.3065384980056,0.0,0.0,0.0,1319.021946330516,1064.277433123566,3458.225031609815,2074935.0189658898,2687703.7275306957,81.99851080778558,84.32238267965185,0.34194083438699376,0.7685985555311206,0.36028137401965945,84.32238267965185,0.35426478194388735,2687703.7275306957,0.14234726049826283 
 03/08  07:30:00,6.61,91.0,6.984999999999999,17.0,3.0,0.0,0.0,0.0,2.0,2.0,0.0,0.0,0.0,0.0,0.0,1332.0,0.0,24.368646659503587,6.236815390696464,15.981613937863047,0.7306993834941715,19.448546344376117,0.0,6.23681539069646,8.526199481706608,0.0,0.0,20.217851763956845,-768.1280773356402,19.09702112206437,725.2558069397769,20.645085474504755,-2730.5820130397908,19.40938870933817,711.8304477232546,15.246577492121931,28.079730671333807,18.94184784456362,-62.958281143342649,17.61034423602264,364.97857891146875,17.652928302416386,-137.2129554883634,18.767930042011753,-46.86866599141737,1399.4197520109956,437.4184686395525,0.0,0.0,0.0,0.0,0.0,0.0,0.0,0.0,0.0,0.0,0.0,0.0,0.0,0.0,0.0,0.0,0.0,0.0,0.0,0.0,0.0,0.0,1.346981733709531,0.4111665853814197,399.0519413976381,476.4135395209007,11856.054583305371,0.35251307872564566,0.05380236244286411,337.71448302385496,404.74100465446159,9273.247133432376,1.0659550989825928,0.20142764531039177,515.0108376619827,613.6655117915044,15827.674439187807,0.3001024543414562,0.05670870263443993,324.9530946608918,388.8317126635884,9216.924626451331,0.0,0.0,13.999732538527685,17.06745332723513,250.3161154111313,0.0,0.0,16.445495844668476,19.728216694591013,439.87911386251076,0.0,0.0,75.997353622032,91.56272868937276,1871.870545221957,0.0,0.0,15.91244118769383,19.133950778532197,413.820058561123,0.0,0.0,23.733993542883988,28.474544476854498,637.275058824788,42.33280809152518,29.034847799399999,652.6909668161289,784.5535361406521,17874.31080858606,0.0,0.0,26.351775584243137,32.57254378719397,271.7980994449836,1147.6239505336874,21.313940388956579,29.628706972783175,21.5,30.0,0.0,20.18528201393346,31.644137484068126,16.0,30.0,3391.6165329523457,21.864444315201394,28.714313233111676,22.0,30.0,0.0,20.6621676799166,30.793999762743377,16.0,30.0,0.0,15.300152185228479,41.892842327177017,12.0,30.0,1350.2267521491177,19.79988280184557,35.37974037294298,19.75,30.0,0.0,18.72649370153491,34.52717773163377,10.0,30.0,1319.2042319085395,19.525821630244154,32.01087892156268,20.7,30.0,303.42282272219736,19.866733029755588,34.53168373175012,19.5,30.0,0.0,19.30862956124896,0.0,0.0,0.0,11.477307812045418,0.0,0.0,467.7241790858678,472.95025750473328,467.4466981855674,469.0058935087077,499.0627025377143,794.5649283234455,470.8466683785167,522.112196534162,734.7310855498015,11128.625665092819,80.64619302411988,86.2549602302635,60.0,0.0,60.0,60.0,16.0,16.0,19.0,19.0,19.7,12.0,21.0,10.0,1.0,0.0,1147.6239505336874,0.0,3391.6165329523457,0.0,1350.2267521491177,0.0,1319.2042319085395,303.42282272219736,8487.555703083712,5092533.421850227,6641173.588693408,80.64619302411988,86.35021571725312,0.36791852343612377,0.766491684775335,0.36028137401965956,86.35021571725312,0.3542647819438875,6641173.588693408,0.34792435994539058 
 03/08  07:40:00,6.776666666666667,91.0,7.08,22.333333333333333,2.833333333333333,0.0,0.0,1.0,2.0,0.0,0.0,0.0,0.0,0.0,4.0,2997.0,0.0,32.07757027528278,8.036095286881484,20.592206328505545,0.9618530883366793,25.60101472204559,0.0,8.036095286881479,10.985951511754222,0.0,0.0,20.151659084848455,-1567.3303261197519,19.189465195745947,577.2177703413861,20.51976983456221,-1401.8156017619625,19.45588614136995,524.8069841740813,15.236458153098632,24.545484222548646,19.052849264041158,-106.21141608394994,16.80143742077093,-624.0568265174902,18.317463146106137,-205.87442734349828,18.187626025927494,-591.5744087333483,1357.8965075656454,2258.9702342097377,0.0,0.0,0.0,0.0,0.0,0.0,0.0,0.0,0.0,0.0,0.0,0.0,0.0,0.0,0.0,0.0,0.0,0.0,0.0,0.0,0.0,0.0,1.3759655667320037,0.42001390925885448,370.7689089702074,443.06148846493877,10835.959990773517,0.33171236918429705,0.050627650974404438,305.2894315224695,366.04922002658716,8325.76118436933,1.0116868013251142,0.19117286495183623,299.50497368637869,357.34125053091869,8949.086235817946,0.28055429473009838,0.05301479492254326,289.14181869722526,346.12209157317178,8091.3926217563389,0.0,0.0,14.031329747177134,17.114682919086009,245.81307967521168,0.0,0.0,16.82309512585613,20.17151596468353,452.6419396168684,0.0,0.0,264.4529580319129,320.5811674619204,5523.115154340691,0.0,0.0,36.8118231589818,44.05827499903096,1025.4400716408587,0.0,0.0,188.65402139468777,227.2603991906339,4617.109471855155,42.36749981799006,29.05864185047338,585.0476839645318,703.6867174172946,15895.193610547132,0.0,0.0,198.97553331138804,243.89813597483713,2885.4250979242476,1819.5106110937705,21.247849874875436,30.546041843660548,22.000000000000055,30.000000000000076,0.0,20.27486390542085,32.18555017978854,16.00000000000004,30.000000000000076,1610.335023998853,21.515667344186526,30.704822625814786,21.444444444444494,30.000000000000076,0.0,20.641241675008648,32.02755423888942,19.00000000000005,30.000000000000076,0.0,15.291329954874346,42.67488774120024,12.000000000000032,30.000000000000076,0.0,20.09299658267333,35.732301338536377,19.00000000000005,30.000000000000076,0.0,17.03879888053813,39.42638684024162,10.000000000000025,30.000000000000076,1092.16475755907,20.52989962894129,31.652864860908676,20.58888888888894,30.000000000000076,0.0,18.847232758754623,35.3332033008335,12.000000000000032,30.000000000000076,0.0,19.286407774822974,0.0,0.0,0.0,13.732870297880926,0.0,0.0,485.2410853123059,483.0575396514232,515.7637766308558,505.4847288354192,519.0725228679664,813.5975829878356,559.6883910861513,576.183608615685,577.8337114164924,10093.472049725911,81.3308848272485,84.40454502940908,220.00000000000055,0.0,220.00000000000055,220.00000000000055,16.0,19.0,19.0,12.0,19.7,12.0,21.0,10.0,1.0,0.0,1819.5106110937705,0.0,1610.335023998853,0.0,0.0,0.0,1092.16475755907,0.0,4651.647536889197,2790988.5221335098,3627600.0609548718,81.3308848272485,84.45674598349337,0.34394380678519589,0.768122821627353,0.36028137401966056,84.45674598349337,0.3542647819438884,3627600.0609548718,0.19809520316965333 
 03/08  07:50:00,6.943333333333333,91.0,7.175,27.666666666666666,2.6666666666666667,0.0,0.0,1.0,2.0,0.0,0.0,0.0,0.0,0.0,4.0,1332.0,0.0,39.80680739949831,9.856824790481774,25.25776206419913,1.1936158731682314,31.76969497805987,0.0,9.856824790481769,13.47502678133522,0.0,0.0,20.104537407160025,-1492.0141260233405,19.161181030472087,537.8172508003868,20.59961408624335,-1502.861117898542,19.443444550744105,546.4522314804053,15.218074019791061,18.296341739615217,18.62486247977767,-105.44367869459373,16.292860188214456,19.319880549199526,18.089148633066445,-238.52119204686825,17.44714885145018,-400.2550343168932,1319.2595086835582,1660.31922653396,0.0,0.0,0.0,0.0,0.0,0.0,0.0,0.0,0.0,0.0,0.0,0.0,0.0,0.0,0.0,0.0,0.0,0.0,0.0,0.0,0.0,0.0,1.3498095920620164,0.4120297900067205,364.74437406394989,435.80658010031206,10413.219612038707,0.3221343293626441,0.049165801184774749,295.830475340496,354.5775552035833,7904.926024492272,0.9166508927557633,0.1732144544134096,309.3393933538629,368.7981723413208,9141.87265124865,0.26927807137794509,0.05088398930044312,298.3908306902304,357.0090935798037,8210.209239321062,0.0,0.0,13.72966502258037,16.738251550433195,235.18285577673135,0.0,0.0,17.35731000287688,20.850536635077498,436.8227770033855,0.0,0.0,255.1812917662196,309.9628955710267,4907.213437987889,0.0,0.0,43.76042641379816,52.480498735136269,1150.7973730441593,0.0,0.0,170.71900996853135,206.43595977308497,3732.899574072846,42.355583853390708,29.05046903524741,584.8379621291047,703.0126533586985,15627.588855053615,0.0,0.0,185.27545408914413,226.76801477551732,2765.691555154593,1852.704829411518,21.075932491883678,31.401335206562217,22.0,30.0,0.0,20.16410058007313,33.02393548729817,16.0,30.0,1728.6254881331068,21.585365004584607,31.16208187195312,21.5,30.0,0.0,20.557909498112929,32.96209000870585,19.0,30.0,0.0,15.266904065667783,43.584522739442537,12.0,30.0,0.0,19.355591134302228,38.32458973612104,19.0,30.0,0.0,16.3293429341689,41.659507519115198,10.0,30.0,747.9660358735976,19.93677929964811,34.06956247247075,20.2,30.0,0.0,17.63969053364874,38.15544445115355,12.0,30.0,0.0,19.244430029216387,0.0,0.0,0.0,14.122441497841472,0.0,0.0,498.7803068445153,499.0136245492637,530.1421447028046,527.8307518377487,545.533212682395,839.7650246660905,556.8596545498076,616.2910850423317,560.053663355088,10442.700297737094,81.09986628122991,84.76810014623992,220.0,0.0,220.0,220.0,16.0,19.0,19.0,12.0,19.7,12.0,21.0,10.0,1.0,0.0,1852.704829411518,0.0,1728.6254881331068,0.0,0.0,0.0,747.9660358735976,0.0,5551.127975358735,3330676.785215241,4338042.305184495,81.09986628122991,84.8303989349685,0.3550375991786245,0.7697574468682006,0.36028137401965956,84.8303989349685,0.3542647819438875,4338042.305184495,0.23496486653626037 
 03/08  08:00:00,7.11,91.0,7.27,33.0,2.5,0.0,0.0,1.0,2.0,0.0,0.0,0.0,0.0,0.0,4.0,1332.0,0.0,47.55429379479611,11.699258562275757,29.97893369951136,1.425925843013295,37.95293966851356,0.0,11.69925856227575,15.993773431040753,0.0,0.0,20.11139663202257,-1501.4291429470582,19.148226093594773,523.0209618981407,20.68098679657438,-1479.8086005000446,19.455643934464008,517.0865847296497,15.197880933951855,15.923139415292809,18.792488081002177,-105.85980270424997,16.391706433015594,106.83310157990536,18.50903470901205,-364.8121429355681,17.110469616858454,-138.72327277443993,1257.5747595273566,1227.8465918883013,0.0,0.0,0.0,0.0,0.0,0.0,0.0,0.0,0.0,0.0,0.0,0.0,0.0,0.0,0.0,0.0,0.0,0.0,0.0,0.0,0.0,0.0,1.3397605665596487,0.40896232190465467,366.712121232324,438.2007748057767,10294.14040326062,0.3211784062001139,0.04901990326619565,298.46139785250679,357.76512352797956,7834.496661805357,0.8346411937662248,0.1577175347252882,280.54828594172707,334.2057230551469,8210.293166227713,0.25006199695931449,0.04725283389253862,268.85410653458629,321.46716446467016,7296.622519318749,0.0,0.0,13.212140229763446,16.106793447279136,221.0873861768498,0.0,0.0,17.714482035719127,21.273520467102409,442.0909200447388,0.0,0.0,189.45701795904584,229.88696536257243,3666.3987224750715,0.0,0.0,53.19011019961573,63.65176076435894,1445.213183352911,0.0,0.0,101.74169809727113,123.1979191268472,2093.208461715561,42.38522750416144,29.070800757312385,557.3993669793342,669.9755358604152,14631.929863599027,0.0,0.0,117.68458959571589,144.31233587927432,1568.2682306209493,1881.3716323066104,21.003748442925049,32.63714735473282,22.0,30.0,0.0,20.09318902165714,34.249075809454478,16.0,30.0,1711.6885763650562,21.67798409725736,32.12856409391859,21.5,30.0,0.0,20.516464312174734,34.177071620458239,19.0,30.0,0.0,15.240086682520364,44.424810510710617,12.0,30.0,944.8599390423618,19.42262160544137,38.73050364192812,19.5,30.0,0.0,16.55917690442104,42.11901476934146,10.0,30.0,1278.1444287968125,20.568829297152218,33.357195439821719,20.7,30.0,0.0,17.17657217745066,40.086017601004829,12.0,30.0,0.0,19.116222791508137,0.0,0.0,0.0,13.527482933538569,0.0,0.0,526.5902629238808,525.6572272840621,564.1443326628112,559.7620509002348,553.3458049384121,850.7320223911321,555.9064355447492,608.7462658311229,554.5229712801802,11220.605404985312,80.58535004777198,86.23132703871039,220.0,0.0,220.0,220.0,16.0,19.0,19.0,12.0,19.7,12.0,21.0,10.0,1.0,0.0,1881.3716323066104,0.0,1711.6885763650562,0.0,944.8599390423618,0.0,1278.1444287968125,0.0,8543.801425008973,5126280.8550053839,6681544.982789998,80.58535004777198,86.32721447137382,0.36979338083363247,0.7659502502116722,0.36028137401965956,86.32721447137382,0.3542647819438875,6681544.982789998,0.3567536724384132 
 03/08  08:10:00,7.1850000000000009,91.16666666666667,7.196666666666667,38.333333333333339,2.333333333333333,0.0,4.0,0.0,0.0,0.0,0.0,0.0,0.0,0.0,0.0,2331.0,0.0,55.31892318447799,13.563137702414459,34.755057819027218,1.6587498268770183,44.14986588765413,0.0,13.563137702414452,18.54183752514884,0.0,0.0,20.340718894569308,-1257.2643353398699,19.209040002307739,727.461926042017,20.60641058985194,-1200.8652941682538,19.47871725229208,-32.59663271903387,15.18687983241649,26.939607814037858,18.652005052821815,-384.5189942355694,16.885634967901927,592.9623320167568,17.98286374495206,-179.61460386367683,16.822080575625365,-590.0653254301001,1104.4504858575675,1250.528177672415,0.0,0.0,0.0,0.0,0.0,0.0,0.0,0.0,0.0,0.0,0.0,0.0,0.0,0.0,0.0,0.0,0.0,0.0,0.0,0.0,0.0,0.0,1.2601191989560188,0.3846517701330949,423.2375827921056,505.1766460130359,12106.21394498118,0.34142566778306157,0.05211014465553442,348.3366850749807,417.477938376579,9144.29444477312,0.91812809497359,0.17349359315449557,205.47680611598472,245.00122924560174,5993.824951530824,0.3001903268475516,0.05672530741639295,26.84849363295418,32.13416454702259,724.1589507900627,0.0,0.0,12.865927171189,15.69066934088074,213.05090672757934,0.0,0.0,89.04234695881061,107.05934064015675,2195.1361511870566,0.0,0.0,258.1470464590288,312.1559179005267,5460.934797439187,0.0,0.0,40.332832754262359,48.452867440756268,1018.4344018072479,0.0,0.0,124.56722049224178,151.0351013790202,2407.601452924263,42.30818093419061,29.017956744986713,366.7854286665392,441.81026495665989,9533.357836864456,0.0,0.0,132.13378793631024,161.8567191253249,1785.1262815308833,1861.8624321214468,21.36337454106477,32.60062156654892,21.999999999999998,29.999999999999994,0.0,20.173923763743415,34.8746821426368,16.0,29.999999999999994,1442.2593949825339,21.576860367493837,32.185860923864137,21.428571428571428,29.999999999999994,0.0,20.42051153637666,37.07296077032796,19.0,29.999999999999994,0.0,15.231228919340758,45.40621348350104,12.0,29.999999999999994,0.0,19.300105685110635,37.04815618216652,16.0,29.999999999999994,0.0,17.53705271806688,40.89135487403747,10.0,29.999999999999994,0.0,19.554382009667614,35.71707577028538,16.0,29.999999999999994,0.0,16.72882849720211,42.10614958156552,12.0,29.999999999999994,0.0,18.67135186630098,0.0,0.0,0.0,13.575015654792035,0.0,0.0,538.5313626387708,539.9214368650107,532.0721992651767,713.1457479556431,569.8097864881409,664.0891325856286,605.2362581885036,596.9936920041666,582.0781362658194,9496.031824571595,81.72591728113778,83.78840077040383,132.0,0.0,132.0,132.0,16.0,19.0,16.0,12.0,16.0,12.0,21.0,10.0,1.0,0.0,1861.8624321214468,0.0,1442.2593949825339,0.0,0.0,0.0,0.0,0.0,3121.205871576901,1872723.52294614,2440348.419225202,81.72591728113778,83.82342858702686,0.3468973385763729,0.7689544310450608,0.3602813740196596,83.82342858702686,0.35426478194388746,2440348.419225202,0.1324421177997105 
 03/08  08:20:00,7.260000000000001,91.33333333333334,7.123333333333333,43.66666666666667,2.1666666666666667,0.0,4.0,0.0,0.0,0.0,0.0,0.0,0.0,0.0,0.0,1332.0,0.0,63.1000358029706,15.447368023497786,39.58333063020038,1.8920680421997372,50.3599470856776,0.0,15.447368023497779,21.117723226528008,0.0,0.0,20.363406206467887,-1436.6593250162037,19.308153634605973,568.697934416884,20.574077438072235,-963.1125702411566,19.31486715375913,-53.82713303970402,15.191671486632771,35.931933078107977,18.164280166887008,-128.30757763010343,17.118370580215986,143.60725010371562,17.163370587890698,-48.27038629443845,16.262745078930043,-603.4932400973571,1118.181930526614,1505.1600874327162,0.0,0.0,0.0,0.0,0.0,0.0,0.0,0.0,0.0,0.0,0.0,0.0,0.0,0.0,0.0,0.0,0.0,0.0,0.0,0.0,0.0,0.0,1.2797715443097704,0.39065065455121197,421.020245108935,502.408974855423,11947.229293598115,0.3243843356557118,0.04950920873866175,315.01000119518349,377.22866655587776,8293.293692217934,1.0225512419132133,0.19322585826024447,186.67773117546313,222.4461552503138,5399.539267572431,0.3112614763532878,0.058817361366834419,28.205834285604295,33.76647626561924,738.3255326195224,0.0,0.0,11.812117346930915,14.395464438453072,194.19039513171379,0.0,0.0,65.0522999898871,78.38494619686948,1494.1837973248519,0.0,0.0,304.67622189327087,367.9512589446544,6539.052181348319,0.0,0.0,26.124986460540325,31.525835048331858,581.2898114828441,0.0,0.0,200.83028960056189,244.15731839621805,3534.003149505056,42.07668122434953,28.859177794478428,360.59293844808607,434.04906485394056,9390.402948569455,0.0,0.0,206.08101428768846,251.80292805003888,3033.865890009696,1884.5256308239612,21.349820110699534,32.96495833554593,22.0,30.0,0.0,20.290355778202057,35.00120783546831,16.0,30.0,1723.5151674338009,21.49685221682691,32.78684565142571,21.5,30.0,0.0,20.086587992819298,40.17474683366399,19.0,30.0,0.0,15.248620296944083,46.206753920783118,12.0,30.0,0.0,18.542156429788368,38.31600661206268,16.0,30.0,0.0,17.798073342488409,40.215448348929239,10.0,30.0,0.0,18.13319941548632,39.13797598809566,16.0,30.0,0.0,15.849955084609423,45.20030082313133,12.0,30.0,0.0,18.727597763763894,0.0,0.0,0.0,14.340325438232752,0.0,0.0,541.1866077406788,541.9716811823034,539.998466403527,854.8012130143259,582.1537471782108,598.4116585026104,581.8713429649738,592.2218912331715,592.6909749160313,10001.566346287895,81.39163550943012,83.19368900487639,132.0,0.0,132.0,132.0,16.0,19.0,16.0,12.0,16.0,12.0,21.0,10.0,1.0,0.0,1884.5256308239612,0.0,1723.5151674338009,0.0,0.0,0.0,0.0,0.0,2727.09524221999,1636257.145331994,2117743.9007030266,81.39163550943012,83.22429385563612,0.34590317474066636,0.7700971037538159,0.36028137401965956,83.22429385563612,0.3542647819438875,2117743.9007030266,0.11566668283655737 
 03/08  08:30:00,7.335,91.5,7.05,49.0,2.0,0.0,4.0,0.0,0.0,0.0,0.0,0.0,0.0,0.0,0.0,1332.0,0.0,70.9163154403428,17.35447849601019,44.47023247899037,2.126440712787449,56.59809459035888,0.0,17.35447849601018,23.724887829563774,0.0,0.0,20.288059902156918,-1545.0417334405407,19.317348793273824,513.2120581711206,20.59838944711121,-527.2165740619219,19.198881685143268,-71.37415129878309,15.196846711684789,34.31962759914245,17.881344869532336,-96.14002910741522,16.923359146406399,97.23029972633913,16.667994703850988,-25.03037561061798,15.990193708314447,-425.80374618469866,1124.2294601697072,1409.1786230707676,0.0,0.0,0.0,0.0,0.0,0.0,0.0,0.0,0.0,0.0,0.0,0.0,0.0,0.0,0.0,0.0,0.0,0.0,0.0,0.0,0.0,0.0,1.2578390572172263,0.38395575617131458,429.063588775188,512.3294670096781,11931.808490812176,0.30185535439883717,0.04607071953584206,285.8058218251576,342.22397336506779,7467.163509926117,1.0648946205869228,0.20122725256744579,173.61290829488756,207.08053422782195,4935.103861760687,0.33338512416689805,0.06299794485391118,33.148323564998467,39.723889018607199,847.4113508978603,0.0,0.0,11.477338353164623,13.984128279355348,187.233381545983,0.0,0.0,54.807748473213759,66.11176024089693,1202.4410504199178,0.0,0.0,316.22934354899555,382.3927304978263,6504.597183896785,0.0,0.0,14.865395221434094,17.98259053695459,302.51624193166699,0.0,0.0,216.69210010190748,263.77267082573999,3642.423044789292,41.813135784109388,28.678419605013308,363.1587455336361,436.94078750770827,9466.252586526138,0.0,0.0,221.01162758295048,270.06996585820476,3228.5766198149779,1833.5874646522919,21.17668372937784,34.11154920379986,22.0,30.0,0.0,20.262687304295896,35.89197826059121,16.0,30.0,1036.8573795005257,21.44238962361744,33.53408399380486,21.25,30.0,0.0,19.85604476121389,41.341737779438,19.0,30.0,0.0,15.262578552309585,46.77371211536325,12.0,30.0,0.0,18.113978521156704,39.65643367877156,16.0,30.0,0.0,17.40999276294884,41.87320532468098,10.0,30.0,0.0,17.305595793441307,41.46447180234408,16.0,30.0,0.0,15.509996185142973,46.81362566313172,12.0,30.0,0.0,18.79992869826765,0.0,0.0,0.0,14.394709012563397,0.0,0.0,560.6752999255768,557.9325094667512,556.8467470032135,878.7825827638474,580.4332426925396,580.4457510043803,573.0011441226645,585.396660252527,576.9754773963384,9771.53662075839,81.54376527287359,83.34225212267394,132.0,0.0,132.0,132.0,16.0,19.0,16.0,12.0,16.0,12.0,21.0,10.0,1.0,0.0,1833.5874646522919,0.0,1036.8573795005257,0.0,0.0,0.0,0.0,0.0,2721.703391764593,1633022.035058756,2113958.676506703,81.54376527287359,83.37279639995015,0.34572344639215316,0.7696958080862479,0.36028137401965956,83.37279639995015,0.3542647819438875,2113958.676506703,0.11546985117834856 
 03/08  08:40:00,7.41,91.66666666666666,6.976666666666667,54.33333333333333,2.5,0.0,0.0,1.0,2.0,0.0,0.0,0.0,0.0,0.0,0.0,2664.0,0.0,78.81317563578769,19.279036298132657,49.40184342565167,2.363229738847858,62.90055461200244,0.0,19.279036298132647,26.355904254941497,0.0,0.0,20.480316962208378,-1342.9817670308824,19.338270555626886,695.1979428296477,20.712690056002054,-2494.311335356636,19.340811850912258,913.4109603300062,15.196633149594444,33.99578500217624,18.639740079654524,-115.11007977296,16.82354458227275,99.3052287299538,17.410510801762677,-116.38753503551374,15.834283719840198,-354.8913183335924,1264.2261760556458,1373.8978361732644,0.0,0.0,0.0,0.0,0.0,0.0,0.0,0.0,0.0,0.0,0.0,0.0,0.0,0.0,0.0,0.0,0.0,0.0,0.0,0.0,0.0,0.0,1.201878287623466,0.3668737141707772,432.2223475939361,515.5397517268937,12223.166883481525,0.3248994938006085,0.0495878348291527,339.6648702423978,406.7372757300499,8826.79823327301,1.0203513925669923,0.1928101648841634,516.9098324181151,616.006892607176,14815.546938779737,0.3229056746912998,0.061017701188832148,385.9704016575544,462.25048687107826,9999.758352530278,0.0,0.0,12.604502875849623,15.361577972614987,203.73409189440495,0.0,0.0,19.42098622062744,23.33566500296061,469.2630708109807,0.0,0.0,279.2490480901622,337.99248067510498,5602.900550430414,0.0,0.0,28.583903748301048,34.406749075276469,652.9215748280212,0.0,0.0,221.0417498781089,269.30303938799178,3605.1144557247187,41.76848504817711,28.64779495759748,718.2190973778959,862.7832310973695,18319.9631692135,0.0,0.0,226.21039942120664,276.4308731532678,3298.9193056393285,1876.7336293869249,21.441574395817356,34.35068913578572,22.0,30.0,0.0,20.27429882107807,36.70486833850078,16.0,30.0,2622.5325281302159,21.627702249869694,34.1440073141449,21.625,30.0,0.0,20.230673004923394,37.12693336039148,16.0,30.0,0.0,15.2657285732487,47.415451131805998,12.0,30.0,1626.015257918365,19.306439872880714,38.12189655107903,20.0,30.0,0.0,17.233384599904438,43.11082580241327,10.0,30.0,1355.262342877612,18.466882192060017,39.677652114465519,20.7,30.0,0.0,15.339656814851635,48.01526172893515,12.0,30.0,0.0,19.322047537852737,0.0,0.0,0.0,14.461052961577217,0.0,0.0,601.2602277071978,595.5277686055781,607.6734608694816,612.6722203535178,579.0656678864207,655.1477642546494,584.2790318347993,630.5709567868461,579.5034343423128,10707.667602862779,80.92465298112899,87.12558188329109,60.0,0.0,60.0,60.0,16.0,16.0,19.0,12.0,19.7,12.0,21.0,10.0,1.0,0.0,1876.7336293869249,0.0,2622.5325281302159,0.0,1626.015257918365,0.0,1355.262342877612,0.0,9384.189008977406,5630513.405386444,7375084.040164488,80.92465298112899,87.23089424172102,0.35530630029924689,0.7634245647659427,0.36028137401965956,87.23089424172102,0.3542647819438875,7375084.040164488,0.3860243700885535 
 03/08  08:50:00,7.484999999999999,91.83333333333333,6.903333333333333,59.666666666666667,3.0,0.0,0.0,1.0,2.0,0.0,0.0,0.0,0.0,0.0,0.0,1332.0,0.0,86.81742774388118,21.209280409709117,54.34802536168016,2.6032388755443125,69.28872315312657,0.0,21.209280409709107,28.99469429644898,0.0,0.0,20.569554196863679,-1429.6450189445655,19.463056877276359,660.5602603017724,20.691626912295239,-1699.5568275611555,19.599748048299383,560.3246259326452,15.196497297436033,33.76716343193077,18.799965453728207,-128.84782549210574,16.773694747534664,107.46751896194337,18.346234408459574,-304.82290201084427,15.748883818080067,-256.7130273056832,1277.1052300807424,1411.7566176077049,0.0,0.0,0.0,0.0,0.0,0.0,0.0,0.0,0.0,0.0,0.0,0.0,0.0,0.0,0.0,0.0,0.0,0.0,0.0,0.0,0.0,0.0,1.2048261657948035,0.36777355488241866,458.69993526479808,546.763145924481,12939.357472306223,0.31625774349947646,0.048268886370493969,326.0838624476159,390.0060884281287,8530.752120476296,1.0445869803811343,0.1973898300039937,466.19782685853655,555.6827070948826,13066.567436317066,0.3005809070043443,0.056799113190541237,316.3048324776457,378.0111977849386,8386.372579186782,0.0,0.0,12.672424864312405,15.43412173371778,202.95454496786506,0.0,0.0,19.68065426087293,23.609869328962945,481.110862071783,0.0,0.0,278.53560127882789,337.0272763717855,5493.5311704712489,0.0,0.0,45.62541624144338,54.61472429908121,1166.5534147823519,0.0,0.0,227.64413118255656,277.232301585417,3648.933517469326,41.58836273721314,28.52425427792397,663.9783591769943,796.7829559283838,17077.111081538787,0.0,0.0,234.5161486354602,286.1440650868323,3503.690924829159,1844.818433439203,21.54644167742892,34.24637088154281,22.0,30.0,0.0,20.43862842996948,36.59342518162721,16.0,30.0,2014.002731197722,21.43908585383535,34.60729503672454,21.5,30.0,0.0,20.585908495194983,36.33203441237664,16.0,30.0,0.0,15.268554442178694,48.19351891878809,12.0,30.0,0.0,19.556185935415415,39.44191759816209,19.0,30.0,0.0,17.13695898980141,43.79235202782112,10.0,30.0,1276.3980094282088,20.084210324019887,36.93116544200463,20.7,30.0,0.0,15.27544353058473,48.91930471880964,12.0,30.0,0.0,19.444993629038025,0.0,0.0,0.0,14.715980192111826,0.0,0.0,599.2773440717479,603.339793506022,600.5360053496586,602.1803020183041,583.4912441133387,755.4491696366023,592.453566504847,651.1277886612667,593.994810497054,10082.550707773042,81.33808714023391,84.7949272436507,60.0,0.0,60.0,60.0,16.0,16.0,19.0,12.0,19.7,12.0,21.0,10.0,1.0,0.0,1844.818433439203,0.0,2014.002731197722,0.0,0.0,0.0,1276.3980094282088,0.0,5231.549723943014,3138929.8343658086,4066684.516162944,81.33808714023391,84.8536358645283,0.3443849907981005,0.7671713022640242,0.36028137401965956,84.8536358645283,0.3542647819438875,4066684.516162944,0.21396759484047307 
 03/08  09:00:00,7.56,92.0,6.83,65.0,3.5,0.0,0.0,1.0,2.0,0.0,0.0,0.0,0.0,0.0,0.0,999.0,0.0,94.93358700477553,23.119458466054309,59.242789292835777,2.8466035087604868,75.76620376358575,0.0,23.119458466054298,31.606052519152287,0.0,0.0,20.5904165235663,-1379.9023768451387,19.523503620219935,491.1001467434954,20.823505918991044,-1730.4714682629365,19.629616855893564,443.48939157581028,15.195842761703304,33.505379938982148,18.761501344137373,-115.70704422422631,16.749458661994767,86.22224674000009,18.832866227529054,-435.5176457458194,15.738354179467376,-191.93332647678063,1248.316451477744,1431.1217730170302,0.0,0.0,0.0,0.0,0.0,0.0,0.0,0.0,0.0,0.0,0.0,0.0,0.0,0.0,0.0,0.0,0.0,0.0,0.0,0.0,0.0,0.0,1.2009304926608849,0.3665843994691349,406.48408921564967,484.26423937782269,11443.583102359124,0.2967221788995815,0.04528726784181651,292.9312166868626,350.24105144159349,7639.200402260431,1.031463592957825,0.19490997599354238,394.3456774533877,469.04539099867409,11260.186189200918,0.28468541733068988,0.0537954303345975,305.96777286650026,365.51781910463236,8045.768277379411,0.0,0.0,12.410142032407436,15.108172116850554,196.87223082119574,0.0,0.0,19.03326922991773,22.840393480525749,453.2346825242439,0.0,0.0,273.872672908085,331.285295071813,5333.6486217597289,0.0,0.0,56.035589284747789,66.90510203402323,1497.562660336875,0.0,0.0,228.50257058122294,278.0987308283524,3649.3599222992636,41.31118257082779,28.334144424436106,591.3376542849377,709.3091113378367,15219.043071192009,0.0,0.0,236.20638272709139,287.85440374500907,3594.6495688862348,1893.1810266647904,21.571703574665109,34.259559416285387,22.000000000000019,30.00000000000002,0.0,20.479796829060374,36.61618829634023,16.000000000000015,30.00000000000002,2718.7241950519698,21.694765819819677,34.09113021550357,21.666666666666687,30.00000000000002,0.0,20.571911367154443,36.40719215341002,16.000000000000015,30.00000000000002,0.0,15.26992130096249,48.788352427405218,12.00000000000001,30.00000000000002,595.3488395019346,19.31206945270407,41.29124623604658,19.000000000000015,30.00000000000002,0.0,17.088971680957337,44.27640202369757,10.000000000000007,30.00000000000002,1287.3935306011843,20.8057217960279,35.71614511476899,20.700000000000015,30.00000000000002,0.0,15.323480605372917,49.30223706754514,12.00000000000001,30.00000000000002,0.0,19.451879840611853,0.0,0.0,0.0,14.93333042691425,0.0,0.0,591.6376072080668,598.7762971970813,590.4930768735186,595.1662192991603,589.6485114235024,812.4728576262161,598.5124903277708,646.2781538525946,605.4109718313155,11195.729796503105,80.60181223421987,87.87645245883786,60.00000000000004,0.0,60.00000000000004,60.00000000000004,16.0,16.0,19.0,12.0,19.7,12.0,21.0,10.0,1.0,0.0,1893.1810266647904,0.0,2718.7241950519698,0.0,595.3488395019346,0.0,1287.3935306011843,0.0,11008.764429893701,6605258.657936215,8629124.812935828,80.60181223421987,88.00000000000007,0.36695881432979007,0.7656809624773437,0.3602813740196598,88.00000000000007,0.3542647819438878,8629124.812935828,0.451194490272663 
 03/08  09:10:00,7.67,91.66666666666667,6.8950000000000009,70.33333333333334,4.0,0.0,0.0,0.0,0.0,0.0,0.0,0.0,0.0,0.0,0.0,2997.0,0.0,103.23052973363383,24.985328014330329,64.02401528851934,3.095388857251721,82.3879658525025,0.0,24.985328014330319,34.15683765208639,0.0,0.0,19.990235658534468,-485.4610988992824,19.436875211380128,202.24366447544754,20.137732414613767,-914.7418052714402,19.573811975664954,76.98333487705668,15.195962614816434,34.046718192715619,18.580216318491645,-377.45515062908768,16.81275765912198,160.93969759384425,18.246379056830344,-273.79510613082149,15.753247007355994,-159.14908859969899,895.1746231450646,1329.0135427153378,0.0,0.0,0.0,0.0,0.0,0.0,0.0,0.0,0.0,0.0,0.0,0.0,0.0,0.0,0.0,0.0,0.0,0.0,0.0,0.0,0.0,0.0,1.1584300516163646,0.3536111268670221,244.74305979253087,292.88967785367177,6475.080394111339,0.2549748412793402,0.03891557406583338,170.0792600192995,203.9130553208353,4358.295790852659,1.0495494303814832,0.1983275567614292,254.5240888581895,304.4732972339116,6798.386691864894,0.2334392500601417,0.04411172525701844,155.08963018051765,185.85039380588266,4034.279295401147,0.0,0.0,11.980700253705262,14.598583829252722,187.3710846601594,0.0,0.0,88.69929353416647,106.63474167127576,2061.6869406884886,0.0,0.0,337.5690941287935,408.48948425702965,6585.164683991984,0.0,0.0,48.7145070049004,58.45396048778423,1190.7350892066573,0.0,0.0,224.5093999505823,273.4005137238458,3567.2326086757009,40.68243426138002,27.902904157325115,321.00672658659337,386.53496163634039,8316.651132872596,0.0,0.0,231.83486512413999,282.73424966701028,3491.850193240095,0.0,20.54925898159977,36.75136942936548,21.66666666666666,29.999999999999994,0.0,20.271096213386455,37.25423110740474,15.999999999999997,29.999999999999994,0.0,20.6654738341222,36.633149772110218,21.66666666666666,29.999999999999994,0.0,20.422620159329367,36.924284472926569,15.999999999999997,29.999999999999994,0.0,15.272312098685895,49.37269160625427,11.999999999999997,29.999999999999994,0.0,19.108493002432007,40.26575295974161,15.999999999999997,29.999999999999994,0.0,17.22057733626989,44.75891988506943,9.999999999999999,29.999999999999994,0.0,19.680758913772104,38.253500476509078,11.999999999999997,29.999999999999994,0.0,15.39742246666993,49.85277177928694,11.999999999999997,29.999999999999994,0.0,18.44960334768373,0.0,0.0,0.0,14.967052742915607,0.0,0.0,583.3565559404201,590.5660709035376,574.9078633067909,586.9712271542262,601.8621413375784,681.6787429764743,630.2364051586123,628.8335781666004,624.031325975371,0.0,80.14206588876164,80.14206588876164,59.999999999999989,0.0,59.999999999999989,59.999999999999989,16.0,16.0,16.0,12.0,12.0,12.0,21.0,10.0,0.0,0.0,0.0,0.0,0.0,0.0,0.0,0.0,0.0,0.0,0.0,0.0,0.0,80.14206588876164,80.14206588876164,0.0,0.0,0.0,80.14206588876164,0.0,0.0,0.0024600000000000005 
 03/08  09:20:00,7.78,91.33333333333334,6.96,75.66666666666666,4.5,0.0,0.0,0.0,0.0,0.0,0.0,0.0,0.0,0.0,0.0,1332.0,0.0,111.79742899780045,26.846289456434215,68.79266465297674,3.352268727127433,89.22517744098825,0.0,26.846289456434204,36.700913031776327,0.0,0.0,19.35530676415742,-101.99482757002876,19.11651852251097,-162.257678568308,19.47932577794672,-302.9076255892716,19.178244495108808,-119.07048854777752,15.191189775026889,27.136004834636,18.116011166156129,-216.73489600376039,16.70552999871156,45.95561031813577,17.424389849779407,-108.03156856384,15.744034498104856,-205.04409781852955,760.3891301134452,1143.0186834432353,0.0,0.0,0.0,0.0,0.0,0.0,0.0,0.0,0.0,0.0,0.0,0.0,0.0,0.0,0.0,0.0,0.0,0.0,0.0,0.0,0.0,0.0,1.0841859546500823,0.3309480936050313,177.2521187066156,212.67326545975753,4255.1579258012429,0.20566672909222759,0.03138991591761716,108.43282760592236,130.11892562818049,2623.975085104186,1.018260477578031,0.1924150562316764,136.8045532262028,164.21812770470283,3306.901310060018,0.19749395469945864,0.037319341402014098,80.10309921439928,96.1751718049422,1953.6638330816523,0.0,0.0,10.629744924873611,12.942955947185585,163.6900283199883,0.0,0.0,75.79873088774363,91.31723594263295,1627.605701871963,0.0,0.0,309.0818545671635,374.0312191223089,5836.079918127718,0.0,0.0,35.60662218470292,42.92227967359714,757.3510551068646,0.0,0.0,206.98157284634176,251.8804393365237,3246.75800041328,39.81708490133278,27.309386077731685,182.31877391262007,220.19000565117856,4533.346650985096,0.0,0.0,212.8340771770905,259.5971554680747,3062.049260718258,0.0,19.560552774037125,39.19344215315437,22.000000000000005,30.000000000000008,0.0,19.641574488514665,39.11241740684263,16.000000000000005,30.000000000000008,0.0,19.602719008341908,39.38067848879729,22.000000000000005,30.000000000000008,0.0,19.681808003901336,38.877523820229168,16.000000000000005,30.000000000000008,0.0,15.264555406622563,49.996871839253149,12.000000000000002,30.000000000000008,0.0,18.326470495941235,41.77843564006852,16.000000000000005,30.000000000000008,0.0,17.013764891892629,45.42776091528558,10.000000000000002,30.000000000000008,0.0,18.187730513058417,42.097453515510277,12.000000000000002,30.000000000000008,0.0,15.407848461689943,50.18429319830086,12.000000000000002,30.000000000000008,0.0,17.48894484589657,0.0,0.0,0.0,14.737650924883824,0.0,0.0,578.391495335173,572.0024541406762,562.2170861210703,579.3024312267121,613.5172896559018,628.6696705721683,619.8980395721834,623.5960359575103,627.0594831152605,0.0,80.14206588876167,80.14206588876167,60.000000000000017,0.0,60.000000000000017,60.000000000000017,16.0,16.0,16.0,12.0,12.0,12.0,21.0,10.0,0.0,0.0,0.0,0.0,0.0,0.0,0.0,0.0,0.0,0.0,0.0,0.0,0.0,80.14206588876167,80.14206588876167,0.0,0.0,0.0,80.14206588876167,0.0,0.0,0.002456666666666667 
 03/08  09:30:00,7.890000000000001,91.0,7.025,81.0,5.0,0.0,0.0,0.0,0.0,0.0,0.0,0.0,0.0,0.0,0.0,1665.0,0.0,120.64452187532285,28.701926536374296,73.54767074381702,3.61755007034505,96.28600861182975,0.0,28.70192653637428,39.23770960472313,0.0,0.0,19.00171817777893,-146.1495663061439,18.804838841971038,-143.11984503388167,19.13223568338649,-272.582425745744,18.840394763224237,-200.22669419354873,15.179305191701645,20.440144595068117,17.85186941821255,-166.73669842953999,16.58179851833863,16.3029932999787,16.9819781675046,-55.154211463891737,15.689843524652199,-255.25229036161859,504.9872701218169,972.6245291611787,0.0,0.0,0.0,0.0,0.0,0.0,0.0,0.0,0.0,0.0,0.0,0.0,0.0,0.0,0.0,0.0,0.0,0.0,0.0,0.0,0.0,0.0,0.993991146831034,0.30341610098627416,120.2341389385526,144.5301387826281,2753.036691953299,0.1866814754431762,0.02849228868180345,50.57555870202589,60.8309960760694,1156.8640575373113,0.944536617038476,0.17848386565352923,99.55320096874159,119.62542728302445,2281.267658953889,0.18333432988991484,0.03464367533823031,73.72453533823719,88.59076742898347,1680.2651371961188,0.0,0.0,9.721510656985041,11.838404105772153,147.11312208520577,0.0,0.0,67.69986387400916,81.6791493957808,1383.6747633549508,0.0,0.0,286.0908190758138,346.49965429441706,5210.800003419059,0.0,0.0,25.146424008069123,30.392971953699126,491.27569150226437,0.0,0.0,188.88283467282506,229.92992171699457,2892.8691173996487,39.04955734369457,26.782961141079963,102.6991659540021,124.39713007507423,2571.224247065194,0.0,0.0,193.1540228939972,235.8048103222067,2643.518424691794,0.0,19.069216674418553,40.76317874690813,22.0,30.0,0.0,19.092818968368069,40.82944073352669,16.0,30.0,0.0,19.108818472945289,41.012491348997929,22.0,30.0,0.0,19.103205661643576,40.67900020150813,16.0,30.0,0.0,15.244886313723235,50.388991661963149,12.000000000000002,30.0,0.0,17.921176886014878,42.937224202694718,16.0,30.0,0.0,16.79316577530074,46.25594573412955,10.0,30.0,0.0,17.446856908599796,44.196471357204249,12.000000000000002,30.0,0.0,15.335771289521766,50.57571572827369,12.000000000000002,30.0,0.0,16.70903562896338,0.0,0.0,0.0,14.507066944498217,0.0,0.0,564.0982439544766,556.0966903184174,546.8714501909568,564.1940726576637,615.1912888543334,617.3089339977794,608.4737089172926,619.2981737620988,618.9439477224015,0.0,80.14206588876165,80.14206588876165,60.0,0.0,60.0,60.0,16.0,16.0,16.0,12.0,12.0,12.0,21.0,10.0,0.0,0.0,0.0,0.0,0.0,0.0,0.0,0.0,0.0,0.0,0.0,0.0,0.0,80.14206588876165,80.14206588876165,0.0,0.0,0.0,80.14206588876165,0.0,0.0,0.0024533333333333336 
 03/08  09:40:00,8.0,90.66666666666667,7.09,95.5,9.833333333333333,0.0,0.0,0.0,0.0,0.0,0.0,0.0,0.0,0.0,0.0,999.0,0.0,146.65183435146737,33.65328811831196,86.23537541079866,4.397383079246674,117.04234610036012,0.0,33.65328811831194,46.00659627349218,0.0,0.0,18.711872148429799,-50.45015050797615,18.570180206179005,-171.78919175638419,18.812743590767199,-366.9650574449132,18.58226308354424,-103.95870868750952,15.165416755881023,17.346651383199263,17.661890965290053,-141.07257317897979,16.476944301388664,12.62605469753484,16.667012079888765,-31.584016786222443,15.62726036579101,-249.87554964446819,438.4768705510577,885.9937309242905,0.0,0.0,0.0,0.0,0.0,0.0,0.0,0.0,0.0,0.0,0.0,0.0,0.0,0.0,0.0,0.0,0.0,0.0,0.0,0.0,0.0,0.0,0.9284642454001666,0.2834139943223954,112.93372675876569,135.80357203344895,2469.070854840733,0.17551205964351519,0.026787554890646424,41.48565988797967,49.91850000278242,903.9902800034874,0.8825395650817509,0.1667686252988949,103.00691136881712,123.78437030237579,2229.2530179939906,0.173937615495444,0.032868030138972808,63.78111220151468,76.61455724775183,1383.6650252292594,0.0,0.0,9.250163843165101,11.257429547924027,137.48025561389509,0.0,0.0,64.36618394175705,77.67792773028303,1265.5426014140224,0.0,0.0,275.1056650714295,333.1634475201392,4854.667830622018,0.0,0.0,20.568905666054506,24.8850454008136,377.026063660497,0.0,0.0,180.4841345764709,219.61924806231924,2692.6472562913866,38.53705913097058,26.43145345059714,94.47937636659445,114.36748974634119,2316.064877261997,0.0,0.0,183.9525001764815,224.49091757472656,2440.0183960451997,0.0,18.68810468981418,41.994192707174267,22.000000000000019,30.00000000000002,0.0,18.68773805638975,42.31480360049933,16.000000000000015,30.00000000000002,0.0,18.649449098090647,42.653300441042059,22.000000000000019,30.00000000000002,0.0,18.694259441538656,42.07296778588006,16.000000000000015,30.00000000000002,0.0,15.222478856532242,50.738352711836387,12.00000000000001,30.00000000000002,0.0,17.640973262942233,43.848335626835048,16.000000000000015,30.00000000000002,0.0,16.62032927259167,46.93623750968727,10.000000000000007,30.00000000000002,0.0,16.958447860683657,45.69808008877012,12.00000000000001,30.00000000000002,0.0,15.250470677470194,51.00478304501952,12.00000000000001,30.00000000000002,0.0,16.504932399046657,0.0,0.0,0.0,14.411000868972625,0.0,0.0,554.1732942525468,538.8056414282414,529.3113643359429,550.7923134897012,612.2966458424287,607.8895370545221,599.8308418167382,612.7444983534117,610.5537039816447,0.0,80.14206588876172,80.14206588876172,60.00000000000004,0.0,60.00000000000004,60.00000000000004,16.0,16.0,16.0,12.0,12.0,12.0,21.0,10.0,0.0,0.0,0.0,0.0,0.0,0.0,0.0,0.0,0.0,0.0,0.0,0.0,0.0,80.14206588876172,80.14206588876172,0.0,0.0,0.0,80.14206588876172,0.0,0.0,0.0024500000000000005 
 03/08  09:50:00,8.11,90.33333333333333,7.154999999999999,110.0,14.666666666666665,0.0,0.0,0.0,0.0,0.0,0.0,0.0,0.0,0.0,0.0,999.0,0.0,174.66506008190692,38.544911438756489,98.7700052332649,5.237362500609722,139.39958244667697,0.0,38.544911438756468,52.69381620975851,0.0,0.0,18.404733943494678,-172.29744397118234,18.324967075583005,-300.3577707070641,18.47364519822334,-213.81954066362708,18.36245658176385,-240.53077261486338,15.150812779293869,12.625550526110175,17.528946244789375,-140.47038712178108,16.349181770849975,-27.291053472852,16.45961038265689,-22.07924524994064,15.575846482503973,-259.56621130166448,603.7931480524447,764.4148634444152,0.0,0.0,0.0,0.0,0.0,0.0,0.0,0.0,0.0,0.0,0.0,0.0,0.0,0.0,0.0,0.0,0.0,0.0,0.0,0.0,0.0,0.0,0.8534335953340599,0.26051086548658755,299.9342822548027,361.31014972361427,6218.667672037762,0.13935298920087572,0.021268771245554924,140.8579328857024,169.6832280305406,2905.1754406419274,0.7938510980842402,0.15000965572264569,277.60608532717068,334.6849424070615,5658.4491276640269,0.1494092116680765,0.028233033195025807,168.71008002943877,203.14681445266135,3515.632286728684,0.0,0.0,8.535659530117059,10.386588076233704,124.5410377480016,0.0,0.0,62.65777859709682,75.65259723168936,1194.6285519402248,0.0,0.0,256.22198226136495,310.4747316801857,4352.179284428097,0.0,0.0,16.60731089137723,20.105984647303374,290.73168711559966,0.0,0.0,166.77346832869345,202.9553862843032,2428.1523888975718,37.90033758517974,25.9947445714539,383.70344125970265,464.06850576490236,7783.751295914794,0.0,0.0,169.4610345012198,206.87337896294657,2164.134400659451,0.0,18.23605957358484,43.69284898667236,22.000000000000019,30.00000000000002,0.0,18.25513740479822,44.24173166115804,16.000000000000015,30.00000000000002,0.0,18.15552405265402,44.10613522096163,22.000000000000019,30.00000000000002,0.0,18.336174022280539,43.58089409942872,16.000000000000015,30.00000000000002,0.0,15.200059992094542,51.07016579678782,12.00000000000001,30.00000000000002,0.0,17.454180240666479,44.648689917902327,16.000000000000015,30.00000000000002,0.0,16.401537284321557,47.97634261611316,10.000000000000007,30.00000000000002,0.0,16.665760939883268,46.74946294126549,12.00000000000001,30.00000000000002,0.0,15.184262661301484,51.56079814793391,12.00000000000001,30.00000000000002,0.0,17.09875031310471,0.0,0.0,0.0,14.279052964503002,0.0,0.0,535.5447908090318,509.63178596719708,527.3639966020794,529.0540761832436,605.7647065779318,593.6081150431348,583.0332732702486,602.8406326146936,595.2024854422595,0.0,80.14206588876172,80.14206588876172,60.00000000000004,0.0,60.00000000000004,60.00000000000004,16.0,16.0,16.0,12.0,12.0,12.0,21.0,10.0,0.0,0.0,0.0,0.0,0.0,0.0,0.0,0.0,0.0,0.0,0.0,0.0,0.0,80.14206588876172,80.14206588876172,0.0,0.0,0.0,80.14206588876172,0.0,0.0,0.0024133333333333335 
 03/08  10:00:00,8.22,90.0,7.22,124.5,19.5,0.0,0.0,0.0,0.0,0.0,0.0,0.0,0.0,0.0,0.0,666.0,0.0,204.78053832181556,43.379089124062627,111.15743483972762,6.140377002000871,163.4346047863253,0.0,43.3790891240626,59.30250360756396,0.0,0.0,18.237584130602487,-41.97651850392003,18.199980156894847,-131.5367226520375,18.373149596401029,-319.6942765494,18.156206953141074,-107.52701714680234,15.137593917625069,12.530513874671187,17.422561790447867,-130.0540150654066,16.296278522735123,1.7258296059035275,16.293205502275268,-16.025486013866784,15.530999500275549,-242.74115262177703,519.8096613935595,728.2161882284863,0.0,0.0,0.0,0.0,0.0,0.0,0.0,0.0,0.0,0.0,0.0,0.0,0.0,0.0,0.0,0.0,0.0,0.0,0.0,0.0,0.0,0.0,0.818117565933125,0.24973063673172314,138.67072320778369,166.8216760275888,2795.8378796566159,0.15191611804723405,0.0231862207031798,59.44730928498885,71.59676772515732,1194.904205372211,0.7618909442480539,0.14397032204233829,218.67585792275504,263.0833007372517,4383.434226223125,0.1532610652214787,0.02896089667828395,141.73087595498579,170.5496051891081,2830.5698945468504,0.0,0.0,8.580008403768915,10.433369676284816,122.94540152342543,0.0,0.0,61.996759270388988,74.83385774889305,1150.2632164648472,0.0,0.0,256.0146398923821,310.03423790962168,4262.369480287041,0.0,0.0,15.628235934308789,18.923155734635423,263.20255231630156,0.0,0.0,164.76929884466137,200.38081402143079,2344.161482405253,37.60721753886413,25.793702015681853,213.82453979285635,258.26758757089797,4437.9335194673399,0.0,0.0,167.15089398151748,203.86145082954838,2103.7062983383777,0.0,18.079127785617908,44.35588373319927,22.0,30.0,0.0,18.08109757387248,44.767868032776238,16.0,30.0,0.0,18.098213464497915,44.47249317004986,22.0,30.0,0.0,18.029227742053786,44.58596575697404,16.0,30.0,0.0,15.181842795913905,51.39800242509348,12.0,30.0,0.0,17.306686590707899,45.257093893493379,16.0,30.0,0.0,16.344820667854174,48.30672866956481,10.0,30.0,0.0,16.439342935835297,47.62570043102106,12.0,30.0,0.0,15.13070804694668,51.91083525395109,12.0,30.0,0.0,16.857296141351818,0.0,0.0,0.0,14.30004636398092,0.0,0.0,526.6558755918654,509.30406804982467,520.4775520690434,522.926119581945,597.5317509194657,584.5922112065164,576.3813401474406,593.4453536685658,588.0824033246428,0.0,80.14206588876165,80.14206588876165,60.0,0.0,60.0,60.0,16.0,16.0,16.0,12.0,12.0,12.0,21.0,10.0,0.0,0.0,0.0,0.0,0.0,0.0,0.0,0.0,0.0,0.0,0.0,0.0,0.0,80.14206588876165,80.14206588876165,0.0,0.0,0.0,80.14206588876165,0.0,0.0,0.0023766666666666669 
 03/08  10:10:00,8.42,88.66666666666667,7.378333333333333,139.0,24.333333333333337,0.0,0.0,0.0,0.0,0.0,0.0,0.0,0.0,0.0,0.0,666.0,0.0,257.24240208138516,48.27617155974142,123.7060552218337,7.71343623895295,205.3040309802288,0.0,48.27617155974139,65.99718656823703,0.0,0.0,18.041643435133133,-185.6659706352939,18.073359434358588,-213.4267292397392,18.110439340701249,-193.07922307836908,18.080903480830508,-183.13345785860794,15.127590225913546,10.600182141908192,17.357023234657669,-129.86444710138768,16.221171939076834,-7.549930364895772,16.16978793130061,-12.515890095028454,15.51037257966986,-220.34903989934629,543.4366172621049,646.5784797516017,0.0,0.0,0.0,0.0,0.0,0.0,0.0,0.0,0.0,0.0,0.0,0.0,0.0,0.0,0.0,0.0,0.0,0.0,0.0,0.0,0.0,0.0,0.7590078733005148,0.23168738501236714,308.81321909446128,372.05415657038329,5933.374978728026,0.1244741741662729,0.018997889830017234,138.12278316143955,166.517224006827,2647.078350418626,0.7217520650509162,0.13638549982065696,295.458543265303,355.91337941033899,5615.48447102886,0.1316099435837903,0.024869603851812216,161.93941144938919,194.9322163213632,3131.329703160662,0.0,0.0,8.209172562284,9.980770195387,114.03599192231948,0.0,0.0,61.341924464777587,74.05207534786266,1101.7147263321213,0.0,0.0,244.57585425658346,296.25716847059587,3916.848579886744,0.0,0.0,12.720125224501548,15.404280837779809,205.0139811606133,0.0,0.0,155.48673559413857,189.09073400990173,2144.6264019194588,37.46680722644956,25.697398646398886,408.18527154141068,493.1046478832452,7778.213073916408,0.0,0.0,157.3392587353292,191.9089618893088,1905.1063417801204,0.0,17.814121209327284,45.40596399098655,22.0,30.0,0.0,17.85252829592171,45.5523751797022,16.0,30.0,0.0,17.727819930955279,45.73189877269564,22.0,30.0,0.0,17.939840522515284,44.90722361024696,16.0,30.0,0.0,15.168436693886659,51.699797789920207,12.0,30.0,0.0,17.21405120834736,45.81142594016393,16.0,30.0,0.0,16.231649180033373,48.993611881192538,10.0,30.0,0.0,16.285772708033578,48.29571750556233,12.0,30.0,0.0,15.119363758400763,52.3089564871307,12.0,30.0,0.0,16.984403075072323,0.0,0.0,0.0,14.26701103177827,0.0,0.0,516.3525037461033,505.91169832121889,513.0618510652067,521.6536256249259,588.8059429862149,572.1023755446852,562.980206778622,584.7028265065426,574.0838474936389,0.0,80.14206588876165,80.14206588876165,60.0,0.0,60.0,60.0,16.0,16.0,16.0,12.0,12.0,12.0,21.0,10.0,0.0,0.0,0.0,0.0,0.0,0.0,0.0,0.0,0.0,0.0,0.0,0.0,0.0,80.14206588876165,80.14206588876165,0.0,0.0,0.0,80.14206588876165,0.0,0.0,0.00234 
 03/08  10:20:00,8.620000000000001,87.33333333333334,7.536666666666667,153.5,29.166666666666669,0.0,0.0,0.0,0.0,0.0,0.0,0.0,0.0,0.0,0.0,666.0,0.0,295.55156969209437,52.858344433165829,135.44773835032104,8.862134447892178,235.8783486014962,0.0,52.858344433165807,72.26136428251734,0.0,0.0,17.902400119379946,-1.8378889977257132,18.019268839342688,-307.03688013495766,18.022807700856747,-409.29032889806379,17.95997461761658,-88.58200127704458,15.11860368688055,10.031608529450154,17.302406668486698,-126.07959835502993,16.187888524255695,-13.46632287269449,16.067559547253745,-9.436179565458162,15.498356638264703,-214.7617573205198,298.18381722188289,603.157873439236,0.0,0.0,0.0,0.0,0.0,0.0,0.0,0.0,0.0,0.0,0.0,0.0,0.0,0.0,0.0,0.0,0.0,0.0,0.0,0.0,0.0,0.0,0.6991405658068082,0.2134128711253993,170.89830889082416,205.63632434492696,3183.6990232315758,0.12547807768680814,0.01915111075805985,75.28690166461536,90.53653374756866,1382.0333080159454,0.6392238492327598,0.12079059887240365,140.4347881128101,169.101586968529,2556.5507628105544,0.12732772222770886,0.024060416142802123,89.04840306989412,107.19970472709052,1662.4540999226927,0.0,0.0,8.11203534175994,9.863426123299178,109.1875581878634,0.0,0.0,60.21688690568428,72.71431193058537,1047.7077237598795,0.0,0.0,239.54953878067404,290.17962648050277,3725.10236901381,0.0,0.0,11.156327190725005,13.517586330431837,172.5582424520776,0.0,0.0,150.98435947977476,183.5842364978766,2020.266080647434,37.41666895061458,25.66301025419382,168.95449205959708,203.75362557317767,3402.8891276278907,0.0,0.0,152.57792052601358,186.05645222189424,1790.2997033133993,0.0,17.69765452492046,45.801872112357589,22.0,30.0,0.0,17.77383608568482,46.17547931493704,16.0,30.0,0.0,17.665408544148769,46.50467845680435,22.0,30.0,0.0,17.77546614391765,45.59067605500563,16.0,30.0,0.0,15.158298558142106,52.02482375775017,12.0,30.0,0.0,17.135888892359949,46.322679777095569,16.0,30.0,0.0,16.204386133621115,49.35398904461645,10.0,30.0,0.0,16.162451929585246,48.925204530772749,12.0,30.0,0.0,15.118717236277912,52.645259831163318,12.0,30.0,0.0,16.2281340964709,0.0,0.0,0.0,14.286149714634192,0.0,0.0,514.5463857670503,491.1866314732911,491.78526173313568,514.0620529682587,578.6291497335537,560.3080138597175,552.3485313943944,574.5840376912361,561.7777959372936,0.0,80.14206588876165,80.14206588876165,60.0,0.0,60.0,60.0,16.0,16.0,16.0,12.0,12.0,12.0,21.0,10.0,0.0,0.0,0.0,0.0,0.0,0.0,0.0,0.0,0.0,0.0,0.0,0.0,0.0,80.14206588876165,80.14206588876165,0.0,0.0,0.0,80.14206588876165,0.0,0.0,0.0023266666666666667 
 03/08  10:30:00,8.82,86.0,7.695,168.0,34.0,0.0,0.0,0.0,0.0,0.0,0.0,0.0,0.0,0.0,0.0,666.0,0.0,336.39860129759105,57.360464346490839,146.98429094905579,10.08692927177593,268.4781084087182,0.0,57.36046434649081,78.41610353114629,0.0,0.0,17.784121996295583,-170.07364058333315,17.89444222344965,-154.9592125824795,17.84133135208448,-105.38950286274394,17.907592788185057,-189.0047710551712,15.110847065241292,9.668003435429384,17.272058484020528,-122.81982948266045,16.139104193042234,-1.006315551768239,15.982335813611814,-7.0554810527941929,15.491581998823126,-193.57310669801019,454.71983845271918,557.6429626337017,0.0,0.0,0.0,0.0,0.0,0.0,0.0,0.0,0.0,0.0,0.0,0.0,0.0,0.0,0.0,0.0,0.0,0.0,0.0,0.0,0.0,0.0,0.6598686571000154,0.2014251090048887,280.0592115516517,337.6625524646191,5004.077043332456,0.10682289506417131,0.01630386066302981,125.62152520081472,151.5739641299404,2231.598889344664,0.6302503061681923,0.11909491802120041,271.20759333499759,326.8860879541047,4787.406503961356,0.10983023408986394,0.02075401248863641,151.99777370097716,183.04935590742617,2744.3338752349757,0.0,0.0,7.947141235414797,9.661130537465962,103.5736656395257,0.0,0.0,60.18049648712028,72.66771165094269,1017.366347351274,0.0,0.0,233.74393706463418,283.1705337055077,3510.547235200444,0.0,0.0,9.545696424253578,11.566548226024452,141.81254620060214,0.0,0.0,146.0796754979576,177.6122866346236,1896.6298823232849,37.395988057009549,25.64882582785292,370.8870668248734,448.26395356486798,6615.235823626637,0.0,0.0,147.4247369519469,179.74193246935324,1682.480538568278,0.0,17.553105467783135,46.564759685453299,22.0,30.0,0.0,17.56624443542077,47.29310344328188,16.0,30.0,0.0,17.448982974104795,47.257132060237818,22.0,30.0,0.0,17.710998583692,45.88397880368316,16.0,30.0,0.0,15.150246845557364,52.325167140604168,12.0,30.0,0.0,17.09322043390749,46.71063051318221,16.0,30.0,0.0,16.142954190226996,49.847181503088119,10.0,30.0,0.0,16.063359302268006,49.45178816620995,12.0,30.0,0.0,15.12580919541697,52.91367394892204,12.0,30.0,0.0,16.766590858761455,0.0,0.0,0.0,14.330908048158542,0.0,0.0,501.61539854666719,471.63677645660689,486.81260590543726,510.02728410300258,568.951389589068,549.5809921510015,541.2554257595411,565.9689998019742,551.332241970977,0.0,80.14206588876165,80.14206588876165,60.0,0.0,60.0,60.0,16.0,16.0,16.0,12.0,12.0,12.0,21.0,10.0,0.0,0.0,0.0,0.0,0.0,0.0,0.0,0.0,0.0,0.0,0.0,0.0,0.0,80.14206588876165,80.14206588876165,0.0,0.0,0.0,80.14206588876165,0.0,0.0,0.0023133333333333336 
 03/08  10:40:00,9.02,84.66666666666667,7.8533333333333339,178.83333333333332,39.666666666666667,0.0,0.0,0.0,0.0,0.0,0.0,0.0,0.0,0.0,0.0,333.0,0.0,373.2723082344509,60.779667649638927,155.74590762157437,11.19258267694879,297.9067651690913,0.0,60.779667649638899,83.09041367260702,0.0,0.0,17.716070997143487,-14.096690669393866,17.87680977617094,-232.29103713868427,17.919180277399997,-79.34695465729328,17.797096448066897,-133.46630659265157,15.103029058082506,9.46494448539974,17.25083155703086,-112.05195251077316,16.097647499835014,-12.334281822121739,15.899841458925677,-4.755739715743687,15.480913877772136,-206.8141662600092,356.45626992415967,542.1302452452401,0.0,0.0,0.0,0.0,0.0,0.0,0.0,0.0,0.0,0.0,0.0,0.0,0.0,0.0,0.0,0.0,0.0,0.0,0.0,0.0,0.0,0.0,0.6088555033067176,0.18585332823770379,249.39649658169516,299.92177955831729,4342.646232014437,0.09662331040940554,0.01474714749838302,142.36455174126733,171.1737496173045,2469.593874042435,0.540452793002691,0.10212637811842237,99.12388369803135,119.13855751656232,1758.3033190299539,0.09918796071868059,0.018743000891662994,68.90272908166368,82.8441183437902,1199.2633023397205,0.0,0.0,7.740952628373752,9.389514738079681,97.61010247332823,0.0,0.0,58.730072605166267,70.76075005913548,965.4166047192377,0.0,0.0,230.63156042920137,278.79931949398448,3347.384136427003,0.0,0.0,8.604452371731162,10.407232946190423,122.63313083479507,0.0,0.0,146.64360657593267,177.87575667628273,1842.5933042126006,37.640221274139829,25.81633832245531,194.94842331577827,235.3010334461337,3533.2702674183535,0.0,0.0,148.12157476263628,180.10592488279213,1654.764968405227,0.0,17.550021393565197,46.53758715919613,22.0,30.0,0.0,17.531975960001625,47.85052732559288,16.0,30.0,0.0,17.687652905134184,46.56958703682688,22.0,30.0,0.0,17.554790598126588,47.504984922494958,16.0,30.0,0.0,15.142053010270697,52.66283405590792,12.0,30.0,0.0,17.06059330319928,47.0218112546295,16.0,30.0,0.0,16.093120871186615,50.122081053307237,10.0,30.0,0.0,15.962145086816375,50.00357969048599,12.0,30.0,0.0,15.11986011759956,53.12187271907377,12.0,30.0,0.0,16.461185113385228,0.0,0.0,0.0,14.414425227189892,0.0,0.0,502.6531570270807,453.67705015387505,485.7429515365639,464.5882156733238,558.0455793409175,541.0664330301003,536.9095443349912,557.0349022997491,544.7379029774857,0.0,80.14206588876165,80.14206588876165,60.0,0.0,60.0,60.0,16.0,16.0,16.0,12.0,12.0,12.0,21.0,10.0,0.0,0.0,0.0,0.0,0.0,0.0,0.0,0.0,0.0,0.0,0.0,0.0,0.0,80.14206588876165,80.14206588876165,0.0,0.0,0.0,80.14206588876165,0.0,0.0,0.0023 
 03/08  10:50:00,9.22,83.33333333333334,8.011666666666667,189.66666666666667,45.33333333333333,0.0,0.0,0.0,0.0,0.0,0.0,0.0,0.0,0.0,0.0,666.0,0.0,412.32846830000997,64.15544776726795,164.39625539793387,12.363675874232868,329.0772144804372,0.0,64.15544776726792,87.70536102734504,0.0,0.0,17.661456885175264,-59.4283064307981,17.89741079562115,-132.84743804564483,17.809551169021359,-188.90247124833469,17.77940708321728,-122.98839663715398,15.098140590041768,9.913048090925983,17.241827233886374,-123.03198113426493,16.099726698203978,18.322810251862394,15.843058064387817,-6.156859389807465,15.485412200893745,-169.3418341561469,356.53141212304947,488.1741762334086,0.0,0.0,0.0,0.0,0.0,0.0,0.0,0.0,0.0,0.0,0.0,0.0,0.0,0.0,0.0,0.0,0.0,0.0,0.0,0.0,0.0,0.0,0.5801278774142353,0.177084211664907,132.95337368210608,160.30757229918263,2256.6762593298215,0.10633523639045675,0.01622943168352515,59.317813746029347,71.44472141396099,1011.1205594463122,0.540846120326093,0.10220070300946585,163.46352283970936,197.04125162735955,2776.7541343891009,0.10295121208553453,0.019454121709284675,91.71519020738825,110.50978531532687,1558.1949825468688,0.0,0.0,8.050676063672143,9.786598711074319,98.12556363612804,0.0,0.0,59.59256153180733,71.9650373193843,952.53181397265,0.0,0.0,230.4912312806547,279.20492909836528,3267.2866091237945,0.0,0.0,8.034394664216047,9.741223629426568,110.27078172541762,0.0,0.0,140.69765610040487,171.0218167075687,1716.877667929497,38.28529970885771,26.258778949833827,163.04592371818246,197.27302261246923,2970.3193171842988,0.0,0.0,142.43775523427923,173.54550182130823,1545.5616125426755,0.0,17.516088845351179,47.20719456259812,22.0,30.0,0.0,17.57855747017168,47.27392720779315,16.0,30.0,0.0,17.53983062233044,47.033032581453159,22.0,30.0,0.0,17.561663381972168,47.04368477263323,16.0,30.0,0.0,15.139137541224219,52.834777700730587,12.0,30.0,0.0,17.040373997641546,47.17311940071474,16.0,30.0,0.0,16.13119106037577,50.20932190404115,10.0,30.0,0.0,15.90545701813222,50.30440190833596,12.0,30.0,0.0,15.146103734866003,53.17499225006142,12.0,30.0,0.0,16.44736073842821,0.0,0.0,0.0,14.461361528938398,0.0,0.0,480.30432340623136,469.8526655074326,484.20770076956117,481.02383667104388,552.3182879176975,537.4547505719922,529.1435023373288,552.4836244318399,539.6408424348122,0.0,80.14206588876165,80.14206588876165,60.0,0.0,60.0,60.0,16.0,16.0,16.0,12.0,12.0,12.0,21.0,10.0,0.0,0.0,0.0,0.0,0.0,0.0,0.0,0.0,0.0,0.0,0.0,0.0,0.0,80.14206588876165,80.14206588876165,0.0,0.0,0.0,80.14206588876165,0.0,0.0,0.00228 
 03/08  11:00:00,9.42,82.0,8.17,200.5,51.0,0.0,0.0,0.0,0.0,0.0,0.0,0.0,0.0,0.0,0.0,333.0,0.0,453.5413476097934,67.48453212431888,172.92694835298975,13.599437226797342,361.968918198809,0.0,67.48453212431885,92.25647173714522,0.0,0.0,17.613742505605278,-21.40971633011759,17.88986359079123,-208.87878393225584,17.683978403764468,-264.1145125720932,17.783351324708975,-34.057736397674947,15.094106321178196,10.151509912239021,17.24353346240804,-115.06228820114939,16.08675428594679,11.052361533052136,15.770605734290193,-11.020113981489374,15.497872001876822,-167.50898830191819,364.9337012309252,472.02989581973545,0.0,0.0,0.0,0.0,0.0,0.0,0.0,0.0,0.0,0.0,0.0,0.0,0.0,0.0,0.0,0.0,0.0,0.0,0.0,0.0,0.0,0.0,0.5308572411281459,0.16204433489870147,161.46346797449378,194.16443919151846,2666.6287959745957,0.09337831161236829,0.014251879061716773,88.88720708521059,106.87073353106287,1471.6263902472989,0.5034537253720373,0.09513486873999196,131.68797565293796,158.42764033652819,2140.3425681131,0.1024641182868507,0.019362078285497104,76.1384651308278,91.52865200832267,1270.6513250929928,0.0,0.0,7.950035661026446,9.64151090345711,93.6284317157711,0.0,0.0,57.709407030032149,69.52519441701925,898.459593139564,0.0,0.0,228.2020185794617,275.7796114271623,3140.6728461814166,0.0,0.0,7.724008263790928,9.345641482627519,101.42924319321837,0.0,0.0,140.33323877184575,170.15841426484384,1664.770071969243,38.84496779716069,26.642639092702816,175.6546231298594,211.9681230544663,3088.3733152205629,0.0,0.0,144.06007982280239,175.04484982290718,1533.873531147873,0.0,17.50292654374867,47.1955941244006,22.0,30.0,0.0,17.542034838526129,47.28020848797782,16.0,30.0,0.0,17.366517375941805,47.77248757617934,22.0,30.0,0.0,17.606589329301074,46.74553834925138,16.0,30.0,0.0,15.136924392094035,53.121237320636918,12.0,30.0,0.0,17.034204312499364,47.435690031983067,16.0,30.0,0.0,16.127330127056078,50.407528619805557,10.0,30.0,0.0,15.811934186151304,50.79170875755694,12.0,30.0,0.0,15.179581835624818,53.22853442986876,12.0,30.0,0.0,16.474081376790044,0.0,0.0,0.0,14.562847803439288,0.0,0.0,481.8128801795082,472.0892749603419,473.376726600811,487.9539273892112,542.5900440202695,527.9698609973125,522.1792018187289,545.5505558709704,533.729520568502,0.0,80.14206588876165,80.14206588876165,60.0,0.0,60.0,60.0,16.0,16.0,16.0,12.0,12.0,12.0,21.0,10.0,0.0,0.0,0.0,0.0,0.0,0.0,0.0,0.0,0.0,0.0,0.0,0.0,0.0,80.14206588876165,80.14206588876165,0.0,0.0,0.0,80.14206588876165,0.0,0.0,0.00226 
 03/08  11:10:00,9.623333333333335,80.66666666666667,8.151666666666668,211.33333333333332,56.666666666666667,0.0,0.0,0.0,0.0,0.0,0.0,0.0,0.0,0.0,0.0,333.0,0.0,496.89668379950629,70.76319400553669,181.32843685055637,14.899439064962934,396.57049346956128,0.0,70.76319400553666,96.73865109971392,0.0,0.0,17.495812505034239,-82.47823447000428,17.908274076475239,-179.54367727537375,17.74304900953919,-19.395941849999873,17.64827427889279,-253.8091006782015,15.092166760517614,10.433088977321404,17.256510319601376,-117.43221992774284,16.084147650822016,20.968562289647708,15.705203140672895,-19.945928344341497,15.51540537381323,-146.48580565875046,363.86492053155237,440.07612989910379,0.0,0.0,0.0,0.0,0.0,0.0,0.0,0.0,0.0,0.0,0.0,0.0,0.0,0.0,0.0,0.0,0.0,0.0,0.0,0.0,0.0,0.0,0.5043996160926191,0.15396813678040878,134.98266972566709,162.39585536278609,2128.7473280857536,0.08506279485234851,0.012982722047061739,80.81871688969022,97.15412949211415,1306.9500465880599,0.5181568907652929,0.09791324466464345,211.90564051948307,254.74101226201129,3438.404441479136,0.08092451668923936,0.015291858784814689,133.98529996198546,161.1864767065454,2109.132426183815,0.0,0.0,7.9702120864267569,9.664680830227061,90.54411895305003,0.0,0.0,58.28231581384945,70.2061432492669,883.5901715519968,0.0,0.0,226.8631854426935,274.1137333740251,3035.459789654487,0.0,0.0,9.921572142235123,12.006483334237969,124.47314319617998,0.0,0.0,135.5826809284594,164.351639378367,1563.0573785762686,38.67821478063075,26.52826802512398,209.45605528204079,252.6944812716202,3489.96735943276,0.0,0.0,142.8529427537102,173.50724853575376,1485.465707274359,0.0,17.33438446265281,47.78383362177595,22.0,30.0,0.0,17.55773873744032,47.273121332422878,16.0,30.0,0.0,17.57407148684391,46.86310669256068,22.0,30.0,0.0,17.34454912880071,47.87301152612228,16.0,30.0,0.0,15.137710479277679,53.30536649694368,12.0,30.0,0.0,17.03816718959252,47.51969485456951,16.0,30.0,0.0,16.144649919141007,50.435092909816948,10.0,30.0,0.0,15.727874052934269,51.24846025139333,12.0,30.0,0.0,15.221224032566674,53.313929585337287,12.0,30.0,0.0,16.515987813228045,0.0,0.0,0.0,14.64712040469896,0.0,0.0,476.5559307553266,469.55679348275188,486.7045912550831,471.192965854754,535.9459983721492,523.9693133301122,518.9147105105996,538.7607651036242,525.7902014169802,0.0,80.14206588876165,80.14206588876165,60.0,0.0,60.0,60.0,16.0,16.0,16.0,12.0,12.0,12.0,21.0,10.0,0.0,0.0,0.0,0.0,0.0,0.0,0.0,0.0,0.0,0.0,0.0,0.0,0.0,80.14206588876165,80.14206588876165,0.0,0.0,0.0,80.14206588876165,0.0,0.0,0.00224 
 03/08  11:20:00,9.826666666666668,79.33333333333334,8.133333333333333,222.16666666666669,62.333333333333339,0.0,0.0,0.0,0.0,0.0,0.0,0.0,0.0,0.0,0.0,666.0,0.0,542.3932998044921,73.98721090791202,189.58990082431166,16.263646074592335,432.8810006675241,0.0,73.98721090791197,101.1461266333093,0.0,0.0,17.495932165046939,2.0474119672726376,17.908400433921338,-231.4453729186896,17.628869804769008,-194.15850308339487,17.66601112557854,-62.37202162564836,15.091627427311865,10.647055831884189,17.27905784227054,-114.87244428162683,16.07076816826405,21.956440105649109,15.654220057747768,-22.29602816423491,15.537218234056962,-117.38549945198997,346.9990532883862,407.887393848539,0.0,0.0,0.0,0.0,0.0,0.0,0.0,0.0,0.0,0.0,0.0,0.0,0.0,0.0,0.0,0.0,0.0,0.0,0.0,0.0,0.0,0.0,0.44900586226612318,0.13705917651591066,175.40787411206558,211.59656423909167,2716.879592409841,0.06652866523115775,0.010153947684853136,121.49422435359618,146.42398263970365,1903.8349651174884,0.4321013722095598,0.08165180880755102,174.46117267354976,210.44559861927537,2690.069491899071,0.09112498566556936,0.017219385046403879,103.68666791719727,125.06310123189656,1608.5076401224933,0.0,0.0,7.813431038481329,9.494812039873738,85.50003856973194,0.0,0.0,58.51409110989984,70.63454223676428,864.1076613867656,0.0,0.0,222.20419915512214,269.076023426338,2876.4171849056849,0.0,0.0,12.462818302741674,15.115648294253046,149.6374475414385,0.0,0.0,129.75853012280715,157.61513106676797,1452.8076118580498,38.503568726638487,26.408483351603907,221.40616593062283,267.89293458313537,3570.7738492091868,0.0,0.0,139.72613535851799,170.03205372709653,1418.3664743570767,0.0,17.414821460509704,47.54046998426003,22.0,30.0,0.0,17.52204651822659,47.391341364941428,16.0,30.0,0.0,17.39215842744725,47.63285831227858,22.0,30.0,0.0,17.437790127104095,47.351464856875129,16.0,30.0,0.0,15.139887999676523,53.42570977265234,12.0,30.0,0.0,17.052232125322889,47.607651871993137,16.0,30.0,0.0,16.137815425018009,50.621511176274989,10.0,30.0,0.0,15.670072234400946,51.60088408873849,12.0,30.0,0.0,15.266176829083854,53.28139756938542,12.0,30.0,0.0,16.509288118574536,0.0,0.0,0.0,14.73364513880055,0.0,0.0,475.825334436798,467.15519636069,474.63972241840988,481.4569941996367,531.3067816622695,518.5441155597213,512.3264861935053,532.730234616746,521.2719229277811,0.0,80.14206588876165,80.14206588876165,60.0,0.0,60.0,60.0,16.0,16.0,16.0,12.0,12.0,12.0,21.0,10.0,0.0,0.0,0.0,0.0,0.0,0.0,0.0,0.0,0.0,0.0,0.0,0.0,0.0,80.14206588876165,80.14206588876165,0.0,0.0,0.0,80.14206588876165,0.0,0.0,0.0022233333333333338 
 03/08  11:30:00,10.030000000000002,78.0,8.115,233.0,68.0,0.0,0.0,0.0,0.0,0.0,0.0,0.0,0.0,0.0,0.0,666.0,0.0,590.0439498814271,77.15181045906798,197.69911119714187,17.692440664669108,470.910618598228,0.0,77.15181045906793,105.47237414307596,0.0,0.0,17.468009134198846,-11.558324849100245,17.917183010549225,-255.15274747042759,17.596100013121516,-122.1889076447303,17.660302326149624,-126.4238056059373,15.093543351228059,11.392393503290748,17.31179850313671,-113.51812237508898,16.082129558232933,37.56369876022245,15.60090224712203,-22.64631779367957,15.576318643498168,-95.06843418575977,291.5294644478306,379.3716924814048,0.0,0.0,0.0,0.0,0.0,0.0,0.0,0.0,0.0,0.0,0.0,0.0,0.0,0.0,0.0,0.0,0.0,0.0,0.0,0.0,0.0,0.0,0.4319553289995322,0.13185449603160327,148.17249648692667,178.6756361029972,2234.0355049076217,0.06994844182849644,0.01067589160996588,95.3596613524723,114.85940317969761,1451.017149923805,0.40111558996236087,0.0757965967426986,120.70038345625497,145.39328322428643,1818.4772580988145,0.07289740164098274,0.013775019206534907,52.340216210169007,62.9615040305938,785.7144494993128,0.0,0.0,7.843480683141134,9.530145340939136,82.63667037261837,0.0,0.0,58.22973527384908,70.27724628619099,838.5470417810112,0.0,0.0,218.94776405514225,265.0612434389419,2760.1864003767548,0.0,0.0,15.141828162547128,18.36861464116193,173.49669283081483,0.0,0.0,122.8666029019909,149.17890332759178,1342.476926809472,38.375189964443247,26.32043207437809,142.66513584032217,172.51409454509503,2342.1793313359814,0.0,0.0,135.96292439814534,165.37052954169065,1349.5581082947156,0.0,17.4135636594451,47.5609354483766,22.0,30.0,0.0,17.502316249048666,47.47516884132622,16.0,30.0,0.0,17.391504006522906,47.62289209464344,22.0,30.0,0.0,17.435565313770696,47.453931516431058,16.0,30.0,0.0,15.145420004588268,53.61181220508725,12.0,30.0,0.0,17.076852471769294,47.757013285855027,16.0,30.0,0.0,16.177033112059286,50.700143946750959,10.0,30.0,0.0,15.60401087171576,52.098666607685377,12.0,30.0,0.0,15.339345927052595,53.30403282229902,12.0,30.0,0.0,16.363815380181934,0.0,0.0,0.0,14.829487744524283,0.0,0.0,470.91137585366206,460.1899547842127,470.8333637852659,473.5628956327275,523.7679858433016,508.8858049106989,503.60086007979558,522.3626634949593,511.017174281498,0.0,80.14206588876165,80.14206588876165,60.0,0.0,60.0,60.0,16.0,16.0,16.0,12.0,12.0,12.0,21.0,10.0,0.0,0.0,0.0,0.0,0.0,0.0,0.0,0.0,0.0,0.0,0.0,0.0,0.0,80.14206588876165,80.14206588876165,0.0,0.0,0.0,80.14206588876165,0.0,0.0,0.0022066666666666668 
 03/08  11:40:00,10.233333333333335,76.66666666666666,8.096666666666668,228.16666666666669,111.5,0.0,0.0,0.0,0.0,0.0,0.0,0.0,0.0,0.0,0.0,333.0,0.0,729.9040619004006,77.9515069211742,199.7484200942065,21.886091767524108,582.5316326634986,0.0,77.95150692117416,106.5656198355657,0.0,0.0,17.42033416208797,-18.307503977767739,17.995073318536215,-209.86423992682695,17.573655059925316,-122.58401631240077,17.67724438468757,-32.42634024746849,15.10626202550336,11.222309551575052,17.396453862714656,-118.9597186493329,16.086514444680767,37.69015705849233,15.548513498295377,-21.281938460453945,15.607147532365774,-104.89782918107403,241.98445032791097,352.21140562006897,0.0,0.0,0.0,0.0,0.0,0.0,0.0,0.0,0.0,0.0,0.0,0.0,0.0,0.0,0.0,0.0,0.0,0.0,0.0,0.0,0.0,0.0,0.3753608601337166,0.11457901713483414,100.17222999981064,120.46349354817018,1461.7929967589597,0.05927676176202755,0.009047124811054266,90.26168190454682,108.47362065013661,1345.9660203568954,0.37465999323861279,0.07079742880548241,58.99098713603232,70.93269313998683,866.509321564491,0.07737369852319509,0.014620880295388335,63.68636261520481,76.55715055175615,942.6429720350795,0.0,0.0,7.8323482834269149,9.492952069671715,79.54733178784379,0.0,0.0,58.1029961150097,69.93908961132091,819.8139640332596,0.0,0.0,217.6551092864822,262.8380563285612,2662.968584746154,0.0,0.0,15.595324974449982,18.876956369176197,170.15712463418485,0.0,0.0,121.07672554559356,146.6227405876814,1285.903922674697,38.179458371617467,26.186185440066859,103.77523314036603,125.27462631939554,1744.6371951597633,0.0,0.0,134.65142880299016,163.32406212157458,1307.2228747253953,0.0,17.371223454271357,47.71716241917663,22.0,30.0,0.0,17.554460738578073,47.3240165624661,16.0,30.0,0.0,17.400333792885957,47.6737149059833,22.0,30.0,0.0,17.494717421772834,47.164126900676439,16.0,30.0,0.0,15.162804910298492,53.7642058080267,12.0,30.0,0.0,17.137035407241837,47.684115387864348,16.0,30.0,0.0,16.19737880506682,50.746515726496728,10.0,30.0,0.0,15.537514117828366,52.58627013569232,12.0,30.0,0.0,15.393246465504465,53.25969823816301,12.0,30.0,0.0,16.253406080275587,0.0,0.0,0.0,14.927219594085653,0.0,0.0,467.13071634522228,456.96324252129059,463.297619710801,479.09498747586135,515.815870077652,503.90657819407508,497.7346210462021,512.2259479284952,505.3290347957181,0.0,80.14206588876165,80.14206588876165,60.0,0.0,60.0,60.0,16.0,16.0,16.0,12.0,12.0,12.0,21.0,10.0,0.0,0.0,0.0,0.0,0.0,0.0,0.0,0.0,0.0,0.0,0.0,0.0,0.0,80.14206588876165,80.14206588876165,0.0,0.0,0.0,80.14206588876165,0.0,0.0,0.00219 
 03/08  11:50:00,10.436666666666668,75.33333333333334,8.078333333333334,223.33333333333332,154.99999999999998,0.0,0.0,0.0,0.0,0.0,0.0,0.0,0.0,0.0,0.0,333.0,0.0,825.8104325458219,78.32296508852285,200.70039411833683,24.761813319886558,659.073655900341,0.0,78.3229650885228,107.07343131234089,0.0,0.0,17.40281609828612,5.439110946346773,18.024092198655987,-335.57035216901206,17.598814791868099,-20.615642489201947,17.599573649233557,-195.7164120545749,15.12022451039564,11.342002443173783,17.486973487444986,-125.88003832018217,16.087098519814825,41.151237773591677,15.510267106469959,-18.665560675434393,15.632785804982657,-91.13043515295067,308.3069868608991,324.11476965051227,0.0,0.0,0.0,0.0,0.0,0.0,0.0,0.0,0.0,0.0,0.0,0.0,0.0,0.0,0.0,0.0,0.0,0.0,0.0,0.0,0.0,0.0,0.3489603280683919,0.10652024666312329,158.92490382936257,191.08458347837985,2254.7721710762186,0.039031968883524687,0.005957260208108163,132.01731596852702,158.67050173006934,1897.948074149768,0.3461073399067126,0.06540199166793513,91.93753545650442,110.50370484392653,1327.5672067437152,0.05729915126826371,0.010827504018946277,84.92168636630935,102.12336800380369,1194.7797374550658,0.0,0.0,7.779674519227373,9.427291532506512,76.07465978820874,0.0,0.0,59.61319848861236,71.73122725699402,824.5664542520696,0.0,0.0,215.9402150664981,260.7281845483873,2557.185995163933,0.0,0.0,16.564812622557235,20.050882419266569,172.44203960346113,0.0,0.0,117.95614255815669,142.8055577049529,1214.3610217908509,38.083845305259298,26.120607205253298,171.26655689092454,206.55400873638056,2589.688041957589,0.0,0.0,132.88060562642594,161.1000935122762,1261.82331929353,0.0,17.388122026343379,47.73413819120134,22.0,30.0,0.0,17.49670603661651,47.47836200711796,16.0,30.0,0.0,17.50356126842994,47.12401205895687,22.0,30.0,0.0,17.339375969292509,47.8819974010967,16.0,30.0,0.0,15.182846370802402,53.83267258693484,12.0,30.0,0.0,17.206330183395328,47.57698780076179,16.0,30.0,0.0,16.20939788109057,50.75247140896836,10.0,30.0,0.0,15.496241635929679,52.848502959009227,12.0,30.0,0.0,15.439043133534247,53.154484179799379,12.0,30.0,0.0,16.501696302514828,0.0,0.0,0.0,15.029238486293908,0.0,0.0,461.3842275769093,454.4685000065364,478.8727221642585,458.78588199099348,510.2508966775512,498.37487230887458,495.6082419038634,507.3192624471341,502.9410128032752,0.0,80.14206588876165,80.14206588876165,60.0,0.0,60.0,60.0,16.0,16.0,16.0,12.0,12.0,12.0,21.0,10.0,0.0,0.0,0.0,0.0,0.0,0.0,0.0,0.0,0.0,0.0,0.0,0.0,0.0,80.14206588876165,80.14206588876165,0.0,0.0,0.0,80.14206588876165,0.0,0.0,0.0022066666666666668 
 03/08  12:00:00,10.64,74.0,8.06,218.5,198.5,0.0,0.0,0.0,0.0,0.0,0.0,0.0,0.0,0.0,0.0,333.0,0.0,928.1171508406401,78.66611719302714,201.57983604137329,27.82944601368652,740.7237265529702,0.0,78.66611719302709,107.54254625519063,0.0,0.0,17.370014324488794,0.028691799223452109,18.15194690299367,-218.20712423364695,17.444167707825124,-239.58616773676023,17.651541087135646,-18.930989001356467,15.138213885450043,11.667202470957563,17.59112124284762,-138.2034727126545,16.100550684808984,51.556617766534149,15.478642818677655,-15.517621900172572,15.662074131318331,-76.9931939681569,319.6087436233911,293.7811842522069,0.0,0.0,0.0,0.0,0.0,0.0,0.0,0.0,0.0,0.0,0.0,0.0,0.0,0.0,0.0,0.0,0.0,0.0,0.0,0.0,0.0,0.0,0.2876385238881272,0.08780174721859806,150.57199119863246,181.0410319478377,2066.406086424554,0.043425201586137707,0.006627778019862287,93.52666227204108,112.34492489862734,1332.19712076706,0.28188794041295986,0.053266806578412689,156.91362796193278,188.75189078477795,2110.4533090030279,0.07066540454509461,0.013353251047825886,113.2820240881155,136.15656799594584,1578.3062587749119,0.0,0.0,7.872823463296305,9.538208310368573,74.08984080011871,0.0,0.0,61.2619959378262,73.68711309531435,831.5364323480608,0.0,0.0,215.46833596313969,260.09661834338336,2477.352244170322,0.0,0.0,17.392511048048655,21.052538788820077,172.69133011952355,0.0,0.0,114.3445887687302,138.392608137573,1141.155329185914,37.95145129186343,26.02980198344543,205.35448175560965,247.5571225815053,2955.8931332498016,0.0,0.0,130.4183136096622,158.0402992579329,1211.4658616616305,0.0,17.366123217297984,47.6892468895531,22.0,30.0,0.0,17.63788086848284,46.977700806360079,16.0,30.0,0.0,17.22943325432316,48.180421127568127,22.0,30.0,0.0,17.480023609230416,47.173776774231829,16.0,30.0,0.0,15.207687580011952,53.86020169013276,12.0,30.0,0.0,17.28520663164525,47.38878858958295,16.0,30.0,0.0,16.245377005406007,50.70976077833579,10.0,30.0,0.0,15.464701877055889,53.07274091051857,12.0,30.0,0.0,15.489962433958219,53.07732442681693,12.0,30.0,0.0,16.599264458172688,0.0,0.0,0.0,15.133864392267297,0.0,0.0,466.1903663293017,457.4310136696494,458.7738301174033,479.29165264078906,505.5387094100521,495.7791794858557,491.4200029765064,502.04377970576089,498.16043210942527,0.0,80.14206588876165,80.14206588876165,60.0,0.0,60.0,60.0,16.0,16.0,16.0,12.0,12.0,12.0,21.0,10.0,0.0,0.0,0.0,0.0,0.0,0.0,0.0,0.0,0.0,0.0,0.0,0.0,0.0,80.14206588876165,80.14206588876165,0.0,0.0,0.0,80.14206588876165,0.0,0.0,0.0022233333333333338 
 03/08  12:10:00,10.9,72.33333333333334,8.030000000000002,213.66666666666669,242.00000000000004,0.0,0.0,0.0,0.0,0.0,0.0,0.0,0.0,0.0,0.0,333.0,0.0,1097.930761524175,79.27771403797043,203.14715202355556,32.921237263984597,876.2502985072192,0.0,79.27771403797039,108.37864551029246,0.0,0.0,17.380711967197557,34.730014079104879,18.242934378288497,-369.6451993673154,17.499506565586377,-6.045450760637323,17.563704618207248,-204.22422939781428,15.165921734512859,11.714890598182649,17.73411451542535,-147.58862748571483,16.111035045173595,55.39628528438334,15.452588980757172,-12.078453599539217,15.693491974118239,-64.43514330829658,316.16870567984008,270.7513097876172,0.0,0.0,0.0,0.0,0.0,0.0,0.0,0.0,0.0,0.0,0.0,0.0,0.0,0.0,0.0,0.0,0.0,0.0,0.0,0.0,0.0,0.0,0.27183884720648007,0.08297889108866913,181.79255714501128,218.5047029501748,2420.1501271380955,0.0,0.0,175.58100955558693,210.89158581721109,2403.7366032451889,0.3335136028819817,0.06302222276681439,229.6379795764459,276.04368112300679,3046.380148124598,0.03849777700177323,0.00727471220744014,136.99953701322884,164.73957240172477,1785.8368489694126,0.0,0.0,7.774616958743677,9.416844911910927,69.57013882726214,0.0,0.0,63.033312141201928,75.78007505816481,835.5599338156643,0.0,0.0,214.41078156108828,258.7667309990399,2362.0565812388747,0.0,0.0,19.18725633742081,23.223896111011848,179.35829955020359,0.0,0.0,112.32612754328899,135.9080212180085,1073.0526992948392,37.66314000728657,25.83205761816638,266.9342620730278,321.6828876586086,3581.1220473041478,0.0,0.0,129.40149505154396,156.7257077080291,1163.0052475608805,0.0,17.42943650531964,47.549730027159409,22.0,30.0,0.0,17.629335687994329,47.00272768568411,16.0,30.0,0.0,17.40631981392989,47.44685338068273,22.0,30.0,0.0,17.298205187795433,47.969677348653039,16.0,30.0,0.0,15.243183044276288,53.83503330901645,12.0,30.0,0.0,17.392332102605235,47.141405070645827,16.0,30.0,0.0,16.27104507565799,50.649463419045577,10.0,30.0,0.0,15.441119679893582,53.23705105931802,12.0,30.0,0.0,15.542927070218198,52.95215499818584,12.0,30.0,0.0,16.66925308842014,0.0,0.0,0.0,15.249108792079469,0.0,0.0,460.03606624163867,454.00226141966535,474.5283569346035,455.772573356807,501.1950238458487,491.3632958513399,489.87857590392988,498.2204928789842,495.50614021340348,0.0,80.14206588876165,80.14206588876165,60.0,0.0,60.0,60.0,16.0,16.0,16.0,12.0,12.0,12.0,21.0,10.0,0.0,0.0,0.0,0.0,0.0,0.0,0.0,0.0,0.0,0.0,0.0,0.0,0.0,80.14206588876165,80.14206588876165,0.0,0.0,0.0,80.14206588876165,0.0,0.0,0.00224 
 03/08  12:20:00,11.16,70.66666666666667,8.0,208.83333333333332,285.5,0.0,0.0,0.0,0.0,0.0,0.0,0.0,0.0,0.0,0.0,333.0,0.0,1212.8909958886166,79.4785597849559,203.6619398514641,36.36827867411505,967.998996710728,0.0,79.47855978495586,108.6532168734925,0.0,0.0,17.361018226165088,23.69131641210606,18.379142774179884,-327.6915048995852,17.49226830391109,-54.68011182400096,17.6105936963612,-26.464606397481476,15.195173484965752,12.111798043681631,17.87805604752782,-165.0346278140828,16.138227091719189,69.1734403624514,15.432701201954977,-7.357885368520101,15.72688188133207,-50.6921684526028,233.54318153933219,243.25599446755087,0.0,0.0,0.0,0.0,0.0,0.0,0.0,0.0,0.0,0.0,0.0,0.0,0.0,0.0,0.0,0.0,0.0,0.0,0.0,0.0,0.0,0.0,0.18822413948785214,0.0574554760341429,156.1141961466745,187.62438145693378,1992.5436597024405,0.0,0.0,149.87589078182348,179.93189187684565,2004.7767316475377,0.25245368625240807,0.0477047782034029,97.61176010772957,117.31566327740242,1247.1436007030425,0.06533409456499007,0.012345822858085798,103.02620469060692,123.82203080189234,1315.9158838942388,0.0,0.0,7.907563926284128,9.57537224820808,67.15780458834094,0.0,0.0,65.28222756286795,78.44386319138262,845.4608193230737,0.0,0.0,215.0552288314352,259.46089621352959,2279.337151791007,0.0,0.0,20.241014481123274,24.49746703229192,177.81160956890808,0.0,0.0,109.97747304711051,133.02427492217675,1004.1656210708327,37.401615970421008,25.652685850768873,134.99642779227146,162.77236294076804,1871.3483842254178,0.0,0.0,127.3144025864369,154.11712541245564,1106.3738642243246,0.0,17.42223318425838,47.56527972041322,22.0,30.0,0.0,17.738157827437815,46.61003432249207,16.0,30.0,0.0,17.420036002900216,47.52902444519541,22.0,30.0,0.0,17.430574354352367,47.35698407774965,16.0,30.0,0.0,15.282016423598395,53.779077990622209,12.0,30.0,0.0,17.50565247121921,46.833212991832819,16.0,30.0,0.0,16.32820189881231,50.52803433248755,10.0,30.0,0.0,15.426547099034208,53.36754346979252,12.0,30.0,0.0,15.598045425216709,52.83215484490433,12.0,30.0,0.0,16.48429651852419,0.0,0.0,0.0,15.366200666434969,0.0,0.0,457.2402439397555,455.1684945793851,461.2432235040885,474.59411645075206,497.53388953435867,489.3558753472607,485.7332383730492,494.1552797842243,491.84559393674786,0.0,80.14206588876165,80.14206588876165,60.0,0.0,60.0,60.0,16.0,16.0,16.0,12.0,12.0,12.0,21.0,10.0,0.0,0.0,0.0,0.0,0.0,0.0,0.0,0.0,0.0,0.0,0.0,0.0,0.0,80.14206588876165,80.14206588876165,0.0,0.0,0.0,80.14206588876165,0.0,0.0,0.0022333333333333334 
 03/08  12:30:00,11.42,69.0,7.970000000000001,204.0,329.0,0.0,0.0,0.0,0.0,0.0,0.0,0.0,0.0,0.0,0.0,333.0,0.0,1332.0810736762638,79.64795430443994,204.09613302749967,39.942149324454288,1063.123481811853,0.0,79.64795430443989,108.88479202423099,0.0,0.0,17.375315359363588,51.680205492843928,18.474132802883454,-447.8883089611254,17.49839061222361,-19.976899186943116,17.656941439348313,-20.612707383424408,15.22813991334173,12.469336641668946,18.036728392003047,-177.54896103036254,16.15902268819216,72.97518290398966,15.418411216012384,-2.3459229315111544,15.761608692353839,-38.46419167045815,238.4357521740958,224.34884746119725,0.0,0.0,0.0,0.0,0.0,0.0,0.0,0.0,0.0,0.0,0.0,0.0,0.0,0.0,0.0,0.0,0.0,0.0,0.0,0.0,0.0,0.0,0.1166638884745698,0.03561168756855,180.30844508288207,216.63534154587763,2225.8267524293539,0.0,0.0,175.28578231710729,210.41746348855166,2251.482176999944,0.2406228391432617,0.04546916839441833,9.122424973451169,10.961132685161532,115.18186765797664,0.046516757244764037,0.008790014596516256,7.118203557105432,8.55156867003708,88.89685487541238,0.0,0.0,7.87311187626189,9.531048246872134,63.34181417100214,0.0,0.0,67.08589338880812,80.56540819584355,850.4854972851655,0.0,0.0,215.90834111151404,260.42415993955009,2190.3295553432169,0.0,0.0,21.42803546302409,25.93156921186254,176.5071602380134,0.0,0.0,109.76212224766096,132.72260907112733,955.8798951206994,37.18807235940146,25.50622246872529,136.64697464533306,164.69968059475657,1823.381265598695,0.0,0.0,127.84494855996496,154.66792822115665,1077.5518611187393,0.0,17.481953038984359,47.33158337693208,22.0,30.0,0.0,17.73729698037231,46.538159467613308,16.0,30.0,0.0,17.464482775929285,47.31692511704949,22.0,30.0,0.0,17.517647940474118,47.04660840145268,16.0,30.0,0.0,15.324693431766827,53.702719496362927,12.0,30.0,0.0,17.634746071316468,46.506331897120599,16.0,30.0,0.0,16.367060253252384,50.4359763004497,10.0,30.0,0.0,15.419644261443187,53.440551137486348,12.0,30.0,0.0,15.653222257894417,52.68018985908388,12.0,30.0,0.0,16.567215973689053,0.0,0.0,0.0,15.500955078959955,0.0,0.0,457.5155986574085,449.13543485707739,465.184994873522,476.27988959122299,493.91527077909907,485.4420895478967,483.0151942921276,491.46094421093258,489.7023962788371,0.0,80.14206588876165,80.14206588876165,60.0,0.0,60.0,60.0,16.0,16.0,16.0,12.0,12.0,12.0,21.0,10.0,0.0,0.0,0.0,0.0,0.0,0.0,0.0,0.0,0.0,0.0,0.0,0.0,0.0,80.14206588876165,80.14206588876165,0.0,0.0,0.0,80.14206588876165,0.0,0.0,0.0022266666666666669 
 03/08  12:40:00,11.68,67.33333333333333,7.9399999999999999,188.33333333333332,390.16666666666665,0.0,0.0,0.0,0.0,0.0,0.0,0.0,0.0,0.0,0.0,333.0,0.0,1539.7612901918392,78.30719497382208,200.66062722206255,46.169348047549217,1228.8709417593205,0.0,78.30719497382204,107.05187236993757,0.0,0.0,17.36318222953916,43.379593333136657,18.66159213465005,-416.38471688912616,17.499441364809486,-17.633295142393764,17.625380488746538,-116.73594170366323,15.273176852123389,12.781855224099985,18.239556495942929,-200.12017636186784,16.1916361774362,84.93775247026406,15.409328614244098,3.673229301236688,15.79849007311731,-23.58105806081676,263.09374242492415,199.79292080158576,0.0,0.0,0.0,0.0,0.0,0.0,0.0,0.0,0.0,0.0,0.0,0.0,0.0,0.0,0.0,0.0,0.0,0.0,0.0,0.0,0.0,0.0,0.0694998837155917,0.021214860719045087,162.3154335044972,194.99910143388983,1916.6196228961749,0.0,0.0,156.7880057379892,188.10885686197438,1972.024584765972,0.1906201499129979,0.036020436491496218,67.3693752472884,80.9330254704318,799.1541197571829,0.03130450767197175,0.005915439847311365,61.180660352096847,73.50871925027059,718.8534604886279,0.0,0.0,7.987426661931077,9.66636613147734,60.90184916152324,0.0,0.0,69.49017686958963,83.39949696767576,865.0461278613515,0.0,0.0,217.06855442379249,261.73817897688289,2113.1131820717275,0.0,0.0,22.332088444216958,27.02219483482719,172.08625655084939,0.0,0.0,108.12216988343605,130.69687876648815,896.7928455467725,36.979926732946079,25.363461408056304,172.7747517461614,208.10852551754423,2156.4807252749189,0.0,0.0,126.65194636255922,153.13793728247576,1032.9006824626527,0.0,17.480224415303476,47.2664435987989,22.0,30.0,0.0,17.869439537633025,46.06575524532352,16.0,30.0,0.0,17.493222825581147,47.11357634410626,22.0,30.0,0.0,17.450508743908619,47.2685324763195,16.0,30.0,0.0,15.380561192377316,53.57212083295748,12.0,30.0,0.0,17.78591613327119,46.094147350801069,16.0,30.0,0.0,16.427815431823644,50.259040550230277,10.0,30.0,0.0,15.420651960316116,53.49676845060315,12.0,30.0,0.0,15.712039328576074,52.538960718112928,12.0,30.0,0.0,16.72857083135159,0.0,0.0,0.0,15.62979222744165,0.0,0.0,452.03577480526658,450.0729967035129,474.9606322572068,456.666801654923,490.4605447056011,482.48071139193476,480.97843530508097,487.8843105916113,486.03375408518147,0.0,80.14206588876165,80.14206588876165,60.0,0.0,60.0,60.0,16.0,16.0,16.0,12.0,12.0,12.0,21.0,10.0,0.0,0.0,0.0,0.0,0.0,0.0,0.0,0.0,0.0,0.0,0.0,0.0,0.0,80.14206588876165,80.14206588876165,0.0,0.0,0.0,80.14206588876165,0.0,0.0,0.00222 
 03/08  12:50:00,11.94,65.66666666666667,7.909999999999999,172.66666666666669,451.3333333333333,0.0,0.0,0.0,0.0,0.0,0.0,0.0,0.0,0.0,0.0,333.0,0.0,1685.52081228727,75.75049609819235,194.10933909266198,50.53988652282659,1345.2001732850914,0.0,75.75049609819232,103.55667117145544,0.0,0.0,17.397057217238094,78.83324353830449,18.83409874206137,-491.41297690835929,17.446177804899159,-85.54451241911852,17.655119244792958,-22.829245038682076,15.320020229903163,13.001394445309132,18.447086335746954,-221.00084057324967,16.22422930004619,92.1994488441378,15.404299744241591,9.619966302402418,15.836243498671152,-10.481720144038264,266.7140385782459,180.85816282499764,0.0,0.0,0.0,0.0,0.0,0.0,0.0,0.0,0.0,0.0,0.0,0.0,0.0,0.0,0.0,0.0,0.0,0.0,0.0,0.0,0.0,0.0,0.0,0.0,198.52658906691665,238.4046225429125,2273.5267439755618,0.0,0.0,195.24081666566316,234.14458316841306,2389.1389894786004,0.18511688431718849,0.03498051479916639,57.48717649465589,69.07331564843988,642.2369147934693,0.041303663955427036,0.007804925161645318,62.86192422957117,75.50040703763881,715.2526896324674,0.0,0.0,7.954773572507272,9.62370340208554,57.363180378124997,0.0,0.0,72.23534995726354,86.63453597998404,884.8517832408207,0.0,0.0,218.50946419569886,263.39399929087298,2035.6062817530859,0.0,0.0,23.21098285251256,28.081611527047739,166.79720630679314,0.0,0.0,108.08763057588478,130.61267995200348,851.8597496864218,36.742804673106729,25.200826250416143,205.10353476237695,246.9359863330842,2408.755812859893,0.0,0.0,127.05615683986139,153.5346722395043,1004.2161124861051,0.0,17.57005207215109,46.92413101275398,22.0,30.0,0.0,17.964315450562159,45.704353059780888,16.0,30.0,0.0,17.41162165226878,47.31952684045419,22.0,30.0,0.0,17.529275919761056,46.9908185637964,16.0,30.0,0.0,15.439798542938039,53.41714897977794,12.0,30.0,0.0,17.95213086573087,45.63184842501774,16.0,30.0,0.0,16.483981413566565,50.09428752739996,10.0,30.0,0.0,15.427419496740429,53.51937068579578,12.0,30.0,0.0,15.771391650400739,52.37541460282018,12.0,30.0,0.0,16.83341841979282,0.0,0.0,0.0,15.769108064777115,0.0,0.0,452.1680968740232,453.37810000624128,459.24093257994806,472.54857483233027,487.4348781475558,480.06568660923866,477.35463082986038,484.74644102568785,483.2554043095927,0.0,80.14206588876165,80.14206588876165,60.0,0.0,60.0,60.0,16.0,16.0,16.0,12.0,12.0,12.0,21.0,10.0,0.0,0.0,0.0,0.0,0.0,0.0,0.0,0.0,0.0,0.0,0.0,0.0,0.0,80.14206588876165,80.14206588876165,0.0,0.0,0.0,80.14206588876165,0.0,0.0,0.0022266666666666669 
 03/08  13:00:00,12.2,64.0,7.88,157.0,512.5,0.0,0.0,0.0,0.0,0.0,0.0,0.0,0.0,0.0,0.0,333.0,0.0,1832.8726281858763,73.01666162412775,187.10414383295359,54.95816804689172,1462.8001854823006,0.0,73.0166616241277,99.81931218042102,0.0,0.0,17.431861909976143,92.8526071123415,19.019713530875383,-534.1474999026714,17.465594616180078,6.195939949920103,17.617961543852613,-113.6946751852829,15.371058615663312,13.391421936963667,18.6660963394921,-246.9113993867618,16.27034072385978,106.02509106047819,15.403650193981044,16.28797836338913,15.875964525215672,3.896794820845116,264.9925310168019,160.76753229261068,0.0,0.0,0.0,0.0,0.0,0.0,0.0,0.0,0.0,0.0,0.0,0.0,0.0,0.0,0.0,0.0,0.0,0.0,0.0,0.0,0.0,0.0,0.0,0.0,213.94551448583199,256.82484562616608,2371.079885610964,0.0,0.0,211.1759648813552,253.133579308484,2519.382582618546,0.1866539367592099,0.035270963106426678,202.04974527564523,242.68151136926265,2174.1727289883299,0.029108636806549475,0.0055004982627644498,84.6425900948756,101.67673544433854,905.3038481215086,0.0,0.0,8.051692104727265,9.737644498861073,54.80467228103027,0.0,0.0,75.1409224163855,90.05487587302886,906.7787015036904,0.0,0.0,221.1643324527851,266.4905549624,1978.1941830469289,0.0,0.0,24.193572728145207,29.26561928204037,161.59004493597323,0.0,0.0,107.59542229054314,129.9748770361347,804.1098042919433,36.51190647163502,25.042459857088504,250.06094569530809,300.94220018232866,2753.7729332417877,0.0,0.0,127.13437017579334,153.53790278326833,972.5983211688772,0.0,17.650490433288515,46.605074517932539,22.0,30.0,0.0,18.07620983580694,45.29710734121273,16.0,30.0,0.0,17.484087024622114,47.14396959406588,22.0,30.0,0.0,17.454694351953596,47.11197316534813,16.0,30.0,0.0,15.503349814331637,53.23776298538222,12.0,30.0,0.0,18.126785080362578,45.14388600128385,16.0,30.0,0.0,16.56365634896783,49.84477895726289,10.0,30.0,0.0,15.44032696725582,53.50444876369374,12.0,30.0,0.0,15.833251871843846,52.189283014261359,12.0,30.0,0.0,16.92343377750373,0.0,0.0,0.0,15.90736008433749,0.0,0.0,454.9350801828364,448.4611250508071,461.34083993688838,452.2121203297387,484.29345680295099,476.8709866083686,475.38674977779177,482.2540042392575,480.9105463596815,0.0,80.14206588876165,80.14206588876165,60.0,0.0,60.0,60.0,16.0,16.0,16.0,12.0,12.0,12.0,21.0,10.0,0.0,0.0,0.0,0.0,0.0,0.0,0.0,0.0,0.0,0.0,0.0,0.0,0.0,80.14206588876165,80.14206588876165,0.0,0.0,0.0,80.14206588876165,0.0,0.0,0.0022333333333333334 
 03/08  13:10:00,12.391666666666666,62.66666666666667,7.865,141.33333333333332,573.6666666666667,0.0,0.0,0.0,0.0,0.0,0.0,0.0,0.0,0.0,0.0,333.0,0.0,2015.1937473849276,72.67523283829496,186.2293449868286,60.424984462861299,1608.3087971004516,0.0,72.67523283829492,99.35255314484819,0.0,0.0,17.472581664420717,109.58129238524453,19.23099723646311,-578.7383147334031,17.47717203947795,11.121535869818218,17.645329159371064,-23.064306278871756,15.429642923975142,13.906850870284132,18.908400032941409,-272.0165190463895,16.320816320705654,116.16857356369201,15.407694700948307,23.10706687817742,15.918733153707358,17.98535938301029,231.337561977527,146.57309667642404,0.0,0.0,0.0,0.0,0.0,0.0,0.0,0.0,0.0,0.0,0.0,0.0,0.0,0.0,0.0,0.0,0.0,0.0,0.0,0.0,0.0,0.0,0.0,0.0,223.14954787916339,267.7575530401943,2424.062423487167,0.0,0.0,221.53365985642189,265.39399075121346,2614.520066038062,0.20716904093077899,0.03914758898918728,137.31376690121449,164.8799238707974,1436.1737148840503,0.050207209545080757,0.009487378976772626,74.07088637114919,88.94003481564869,774.2349959119592,0.0,0.0,8.14228931666769,9.843199733017118,53.40005317715878,0.0,0.0,77.64181805739418,92.97650051625881,936.2438365209941,0.0,0.0,225.3737206545552,271.4432818447292,1965.0322603163143,0.0,0.0,25.165575833110645,30.434636154531185,159.125390836898,0.0,0.0,109.2765062603868,131.955439049983,787.9632870248635,36.43329264996727,24.988540912186065,183.49107273045645,220.82359401394636,2013.2131025954794,0.0,0.0,129.41358107695073,156.1864880733534,977.7070680694618,0.0,17.736463660665107,46.268539730935277,22.0,30.0,0.0,18.208172546436619,44.812399325536819,16.0,30.0,0.0,17.526137865645969,46.95744799603966,22.0,30.0,0.0,17.52725177980225,46.980383380560009,16.0,30.0,0.0,15.575041320124136,53.01890745859315,12.0,30.0,0.0,18.318740606240138,44.60187653558273,16.0,30.0,0.0,16.646669779483259,49.573694414904867,10.0,30.0,0.0,15.458850471706699,53.45928861276411,12.0,30.0,0.0,15.897763950100972,51.98702548218349,12.0,30.0,0.0,16.891868875674889,0.0,0.0,0.0,16.054883439158976,0.0,0.0,450.11185427959716,453.05925103019288,456.056272990218,461.4113178857383,481.4063519519861,474.5161212489684,474.00650932945606,479.00924718816466,477.6901388141679,0.0,80.14206588876165,80.14206588876165,60.0,0.0,60.0,60.0,16.0,16.0,16.0,12.0,12.0,12.0,21.0,10.0,0.0,0.0,0.0,0.0,0.0,0.0,0.0,0.0,0.0,0.0,0.0,0.0,0.0,80.14206588876165,80.14206588876165,0.0,0.0,0.0,80.14206588876165,0.0,0.0,0.00224 
 03/08  13:20:00,12.583333333333334,61.333333333333339,7.8500000000000009,125.66666666666666,634.8333333333334,0.0,0.0,0.0,0.0,0.0,0.0,0.0,0.0,0.0,0.0,333.0,0.0,2168.85685959953,69.1981191604047,177.31951995491256,65.03250415862084,1730.9457552093878,0.0,69.19811916040467,94.59907513065413,0.0,0.0,17.524595625435166,129.8555268223554,19.422587195228325,-666.4945381285006,17.489262444729378,25.065694272303518,17.67016685976644,-16.964377468545366,15.491309926276625,14.458943277561787,19.156340436289719,-299.81328005218759,16.376168811630124,127.27165607497955,15.414998643252272,30.545790646550019,15.963029972822497,33.45109075504388,236.23906078455094,136.1426039726539,0.0,0.0,0.0,0.0,0.0,0.0,0.0,0.0,0.0,0.0,0.0,0.0,0.0,0.0,0.0,0.0,0.0,0.0,0.0,0.0,0.0,0.0,0.0,0.0,234.34678231832474,281.0565586876689,2502.064034574666,0.0,0.0,233.4552267866655,279.55541130809265,2705.4918667029785,0.20354034173269359,0.03846189375145383,146.20358939198696,175.504735703197,1483.997397670573,0.05142376848059753,0.009717265396938306,11.317571369995808,13.58507733376812,115.48796612292353,0.0,0.0,8.236243270498959,9.952615847236544,52.034696575728549,0.0,0.0,80.42120534373741,96.22396216629118,970.3872475511317,0.0,0.0,229.58062409175603,276.38277214604,1952.9757854435644,0.0,0.0,26.080973622885204,31.53417099435956,155.91450113917206,0.0,0.0,110.78652887811829,133.72671273796503,770.5072909214404,36.39941452065786,24.965304883853134,195.4398617314597,235.09790910427675,2072.7995495563889,0.0,0.0,131.56929756581949,158.6897582811885,978.1542921866233,0.0,17.839142119612288,45.86306464781262,22.0,30.0,0.0,18.297458164475946,44.41703177645291,16.0,30.0,0.0,17.56816581074417,46.751485687247157,22.0,30.0,0.0,17.579197231745977,46.78149506353721,16.0,30.0,0.0,15.65041928736357,52.77791475758812,12.0,30.0,0.0,18.519269803173694,44.03315622325642,16.0,30.0,0.0,16.736144938816126,49.278229923466778,10.0,30.0,0.0,15.482662682183502,53.38538340913903,12.0,30.0,0.0,15.965587544928495,51.76441848364387,12.0,30.0,0.0,16.980784343626696,0.0,0.0,0.0,16.18988149024282,0.0,0.0,454.28577556801027,450.36797091743326,451.3294630073588,462.9544808498874,478.95609138093917,473.18747178256776,470.81108574681147,476.5232349895155,475.58228175771316,0.0,80.14206588876165,80.14206588876165,60.0,0.0,60.0,60.0,16.0,16.0,16.0,12.0,12.0,12.0,21.0,10.0,0.0,0.0,0.0,0.0,0.0,0.0,0.0,0.0,0.0,0.0,0.0,0.0,0.0,80.14206588876165,80.14206588876165,0.0,0.0,0.0,80.14206588876165,0.0,0.0,0.00225 
 03/08  13:30:00,12.774999999999999,60.0,7.835,110.0,696.0,0.0,0.0,0.0,0.0,0.0,0.0,0.0,0.0,0.0,0.0,333.0,0.0,2319.1579736618748,65.51039644160797,167.87000965798559,69.53921443467572,1850.8995216425547,0.0,65.51039644160794,89.55767859026827,0.0,0.0,17.564329562288479,136.25786179364878,19.64419808957863,-687.8331529887228,17.50796612162307,45.352973888054297,17.686355804728487,-16.6743246826706,15.556799151184999,15.061050579414541,19.41204298994409,-329.4508762536343,16.437943484101024,139.16440851475728,15.425190430982056,37.59918543773858,16.00836948738651,47.10159013151906,226.1267409439306,126.41600958705476,0.0,0.0,0.0,0.0,0.0,0.0,0.0,0.0,0.0,0.0,0.0,0.0,0.0,0.0,0.0,0.0,0.0,0.0,0.0,0.0,0.0,0.0,0.0,0.0,231.91487754738967,278.0368599100958,2418.409639831852,0.0,0.0,231.39899466072158,276.91330418908128,2659.3131661214995,0.21939750867780434,0.04145833497313008,162.94811032097653,195.54351276630553,1607.2499523142693,0.05321229552385322,0.010055233470115874,11.481507040947135,13.778195997688446,113.47211708656848,0.0,0.0,8.368896504379041,10.1085692210234,50.92468217477272,0.0,0.0,83.06653571055449,99.30369731882345,1003.9944148453284,0.0,0.0,234.37865851612274,282.0214572039402,1948.05742970296,0.0,0.0,27.02244245522708,32.66437195697672,152.41065483407997,0.0,0.0,112.63535883899074,135.9054620721626,754.659749514503,36.35083818595017,24.931987781858834,193.34372742220786,232.50714749580173,1986.3930790655232,0.0,0.0,134.08963641538686,161.62753967300618,981.7667464369754,0.0,17.910345994959135,45.517388482187438,22.0,30.0,0.0,18.445229590783023,43.9484658765372,16.0,30.0,0.0,17.62082583317758,46.49164119217733,22.0,30.0,0.0,17.6143676907378,46.62811230430165,16.0,30.0,0.0,15.729559865809378,52.5158770040942,12.0,30.0,0.0,18.726118205284377,43.44775187606694,16.0,30.0,0.0,16.834067444122455,48.94572424469586,10.0,30.0,0.0,15.509899527503667,53.28841153498226,12.0,30.0,0.0,16.033804236288913,51.53135211091075,12.0,30.0,0.0,17.03008976746564,0.0,0.0,0.0,16.32857189843833,0.0,0.0,451.5906408453814,449.5272847834651,455.04220234991268,463.26268096458639,476.35129895076678,470.22344499336949,470.3411884998266,474.7509150467841,473.86109012584606,0.0,80.14206588876165,80.14206588876165,60.0,0.0,60.0,60.0,16.0,16.0,16.0,12.0,12.0,12.0,21.0,10.0,0.0,0.0,0.0,0.0,0.0,0.0,0.0,0.0,0.0,0.0,0.0,0.0,0.0,80.14206588876165,80.14206588876165,0.0,0.0,0.0,80.14206588876165,0.0,0.0,0.00226 
 03/08  13:40:00,12.966666666666665,58.666666666666667,7.82,106.16666666666667,699.0,0.0,0.0,0.0,0.0,0.0,0.0,0.0,0.0,0.0,0.0,333.0,0.0,2341.9947506158384,63.96313529338442,163.9051783378377,70.22395414355869,1869.125201770608,0.0,63.96313529338439,87.44245529542336,0.0,0.0,17.630899851552518,163.17209829784589,19.79318293852888,-762.0780172315062,17.525289027991805,56.60076651215604,17.699745543748585,-15.091008945448607,15.614262336479492,15.78976129263333,19.617615114852538,-353.7432529356115,16.49981797676508,148.4145787831767,15.439355567662844,44.893001446804877,16.05687124325008,61.718614892969529,233.2577794307008,119.9268526202577,0.0,0.0,0.0,0.0,0.0,0.0,0.0,0.0,0.0,0.0,0.0,0.0,0.0,0.0,0.0,0.0,0.0,0.0,0.0,0.0,0.0,0.0,0.0,0.0,250.66934335408926,300.352021844789,2577.2423683195818,0.0,0.0,251.4231055993281,300.7554650290101,2831.094984562494,0.21923930142369459,0.041428439422466867,169.4284059640752,203.26297063411463,1619.948483237026,0.05741590949444627,0.010849567175821288,12.560488852440214,15.06946278985928,119.86441487453597,0.0,0.0,8.417396222952993,10.163136789633177,49.10075186401433,0.0,0.0,85.77121199704331,102.45699973076097,1034.6196700920212,0.0,0.0,239.00533462001889,287.45306595447206,1938.0763125682445,0.0,0.0,27.872829374062673,33.68350783364042,148.02435024894172,0.0,0.0,115.13637623079643,138.86793198597074,742.7651911933073,36.305373486603539,24.90080486049626,213.44021276959163,256.5476038062373,2115.039008067424,0.0,0.0,137.23235581133126,165.31344099845669,988.471270915829,0.0,18.032706199478139,45.10886082042127,22.0,30.0,0.0,18.524729958185529,43.60468700378458,16.0,30.0,0.0,17.66558034150379,46.22341945368599,22.0,30.0,0.0,17.640852351203585,46.49830438772651,16.0,30.0,0.0,15.799229431273112,52.276268281690068,12.0,30.0,0.0,18.910572208753597,42.924723604153658,16.0,30.0,0.0,16.92814700083166,48.61417871522446,10.0,30.0,0.0,15.541245258167749,53.16926941725134,12.0,30.0,0.0,16.104899564481586,51.28241581404891,12.0,30.0,0.0,17.135888115512669,0.0,0.0,0.0,16.464205153524376,0.0,0.0,450.64128383845448,447.22710539774467,452.4266559118255,463.11135483646299,474.28196476430966,469.350916766159,468.1654479435974,472.0068631252942,471.2146805201046,0.0,80.14206588876165,80.14206588876165,60.0,0.0,60.0,60.0,16.0,16.0,16.0,12.0,12.0,12.0,21.0,10.0,0.0,0.0,0.0,0.0,0.0,0.0,0.0,0.0,0.0,0.0,0.0,0.0,0.0,80.14206588876165,80.14206588876165,0.0,0.0,0.0,80.14206588876165,0.0,0.0,0.00227 
 03/08  13:50:00,13.158333333333334,57.333333333333339,7.805,102.33333333333334,702.0,0.0,0.0,0.0,0.0,0.0,0.0,0.0,0.0,0.0,0.0,333.0,0.0,2360.5848659245186,62.362123984006498,159.8026094452878,70.78135908865727,1883.961659084195,0.0,62.36212398400646,85.25375145522517,0.0,0.0,17.67261372876123,162.64801449508014,19.956606119954196,-749.1369537588689,17.556215772224186,84.63428845936687,17.70945590087883,-14.660075616171867,15.669319872082106,16.76952105052078,19.80349452995347,-375.25352875210958,16.56744609188589,159.29264228454668,15.456406773206006,52.30575556299323,16.10746368403084,75.5916437676683,215.05760216446016,114.75953412283798,0.0,0.0,0.0,0.0,0.0,0.0,0.0,0.0,0.0,0.0,0.0,0.0,0.0,0.0,0.0,0.0,0.0,0.0,0.0,0.0,0.0,0.0,0.0,0.0,241.42220963331639,289.17129635375786,2418.668275668525,0.0,0.0,242.27214983169734,289.63589362653439,2699.309164708375,0.24183513954358544,0.04569825010271835,189.87130202420219,227.70175312178638,1767.3409627821714,0.06674591812428252,0.012612607355306595,13.801315125854269,16.55471728554673,126.84920941852646,0.0,0.0,8.570902119130425,10.344610799723306,47.746053549442098,0.0,0.0,87.75573444807513,104.75301987709078,1053.0829299094849,0.0,0.0,243.6999844358078,292.9527454651156,1930.6068971128785,0.0,0.0,28.775865555993588,34.76545232831876,143.51000101125153,0.0,0.0,117.08117525479027,141.1569136451595,726.6083951906235,36.25880597511411,24.868865552204473,204.21812074904,245.41187131711033,1954.9433165656322,0.0,0.0,139.81057820909693,168.32271867822727,986.9995430512997,0.0,18.096545997114775,44.805355455751527,22.0,30.0,0.0,18.661240616030875,43.11577245736147,16.0,30.0,0.0,17.73463557174456,45.96185464568109,22.0,30.0,0.0,17.659852692798237,46.377813149483319,16.0,30.0,0.0,15.863472845024953,52.04388123328943,12.0,30.0,0.0,19.07565574142409,42.446990384057198,16.0,30.0,0.0,17.029997329410834,48.27253470507171,10.0,30.0,0.0,15.575420288919947,53.02845459041301,12.0,30.0,0.0,16.177726576974739,51.01656916199215,12.0,30.0,0.0,17.161749739267667,0.0,0.0,0.0,16.58758124965981,0.0,0.0,448.4081294377862,449.79972661012547,451.34727709506276,461.9965222398262,472.2648595392326,467.25343358092968,466.42139382701228,470.76908634385588,470.20273109107247,0.0,80.14206588876165,80.14206588876165,60.0,0.0,60.0,60.0,16.0,16.0,16.0,12.0,12.0,12.0,21.0,10.0,0.0,0.0,0.0,0.0,0.0,0.0,0.0,0.0,0.0,0.0,0.0,0.0,0.0,80.14206588876165,80.14206588876165,0.0,0.0,0.0,80.14206588876165,0.0,0.0,0.00229 
 03/08  14:00:00,13.35,56.0,7.79,98.5,705.0,0.0,0.0,0.0,0.0,0.0,0.0,0.0,0.0,0.0,0.0,333.0,0.0,2374.9117173776646,60.70501364410259,155.5562841615511,71.21093146536906,1895.3956435862593,0.0,60.70501364410256,82.98835598716379,0.0,0.0,17.740384836074658,187.1776028408076,20.078597339169606,-820.4094450329976,17.581589262935308,92.31372575641763,17.724081660211359,-4.820048980720912,15.722862955164285,17.580258523542058,19.9773235246434,-390.4799136087636,16.627382335077834,164.3462924524356,15.475606737356568,58.988350880763508,16.159084602700994,87.82308134943514,217.83456318818117,113.93644058247446,0.0,0.0,0.0,0.0,0.0,0.0,0.0,0.0,0.0,0.0,0.0,0.0,0.0,0.0,0.0,0.0,0.0,0.0,0.0,0.0,0.0,0.0,0.0,0.0,257.85372089036408,308.68913345497625,2542.5070670249049,0.0,0.0,259.8075297184583,310.499196863154,2824.125183033457,0.252883620605975,0.04778602052267104,196.00289281186307,234.98177191904643,1768.5429679267548,0.06573725009549456,0.012422004931121417,99.16910275342728,118.9279986951836,874.6695984714482,0.0,0.0,8.586814847946009,10.360086283676506,45.51742085366602,0.0,0.0,89.3110701206127,106.53723242824731,1064.4629309729704,0.0,0.0,247.19285994711533,297.0222734364495,1903.3789420572908,0.0,0.0,29.542431161556924,35.68189825230923,137.8631495486989,0.0,0.0,119.48661543224782,143.9995475726637,712.2282838588748,36.202663655540089,24.830359160178394,221.85253264062897,266.4816388516635,2043.1421726747809,0.0,0.0,142.81861716247895,171.85038357844773,985.366676748443,0.0,18.212914777099706,44.3609568904794,22.0,30.0,0.0,18.72064184229782,42.79044675394682,16.0,30.0,0.0,17.787486522678898,45.68691133841368,22.0,30.0,0.0,17.68877816024698,46.101185673235267,16.0,30.0,0.0,15.9239966230305,51.81942359260698,12.0,30.0,0.0,19.231004799927186,42.0054870586529,16.0,30.0,0.0,17.11420721395009,47.965061088627027,10.0,30.0,0.0,15.610982761902577,52.869185902540809,12.0,30.0,0.0,16.250391818512165,50.74204623986074,12.0,30.0,0.0,17.250990456524137,0.0,0.0,0.0,16.702545227980388,0.0,0.0,450.6678730199206,448.0326547422848,449.1663180953383,452.96895328032948,470.32012059306205,465.73005255689477,464.9219764484427,468.8888705735705,468.24681321462796,0.0,80.14206588876165,80.14206588876165,60.0,0.0,60.0,60.0,16.0,16.0,16.0,12.0,12.0,12.0,21.0,10.0,0.0,0.0,0.0,0.0,0.0,0.0,0.0,0.0,0.0,0.0,0.0,0.0,0.0,80.14206588876165,80.14206588876165,0.0,0.0,0.0,80.14206588876165,0.0,0.0,0.0023100000000000006 
 03/08  14:10:00,13.461666666666666,55.333333333333339,7.73,94.66666666666666,708.0,0.0,0.0,0.0,0.0,0.0,0.0,0.0,0.0,0.0,0.0,333.0,0.0,2384.9585919035928,58.98959591014381,151.16054371802952,71.51217014670651,1903.4138168213715,0.0,58.989595910143787,80.64324989086863,0.0,0.0,17.765741716281796,173.33982879626093,20.22374810889313,-797.2829723660125,17.618662093187056,118.11874686702686,17.73991765254177,1.9971323454410595,15.775734365433749,18.407751347555803,20.138604920508315,-408.15867624565137,16.693801094518205,173.9654344858718,15.496749197958757,65.22255523127979,16.210582006321155,97.78235309634238,204.27141657543417,111.12198192178221,0.0,0.0,0.0,0.0,0.0,0.0,0.0,0.0,0.0,0.0,0.0,0.0,0.0,0.0,0.0,0.0,0.0,0.0,0.0,0.0,0.0,0.0,0.0,0.0,254.57519505907499,304.71850793114018,2464.498973113158,0.0,0.0,246.7023455209463,294.6810913360998,2687.492471830325,0.2800688122175728,0.05292305597459805,211.92917239975339,253.99110786680138,1895.3190967202314,0.07529999900240364,0.014229024754800382,114.76865719694948,137.61193750666355,992.5112315560059,0.0,0.0,8.707664445542083,10.502759846420313,45.19768786587666,0.0,0.0,90.75343799867268,108.19571015674053,1086.417266221209,0.0,0.0,250.30001560975624,300.6296628725526,1918.1142375250386,0.0,0.0,30.24582304854246,36.523328849504569,136.4737755904521,0.0,0.0,120.47144000850821,145.13723940510324,707.6951694976388,35.87289011057842,24.604177030575057,218.63693617393259,262.5764982977601,1970.3791843334605,0.0,0.0,144.2127484071785,173.45177332012987,991.2332859666893,0.0,18.236923604442567,44.13238729712263,22.0,30.0,0.0,18.846848543051768,42.431836661795269,16.0,30.0,0.0,17.861280026913208,45.35870045505154,22.0,30.0,0.0,17.716624824037493,45.89786393845967,16.0,30.0,0.0,15.982435148866406,51.596061916845759,12.0,30.0,0.0,19.372131198801143,41.59155043541615,16.0,30.0,0.0,17.20944385360895,47.62456880698655,10.0,30.0,0.0,15.6476058420268,52.713898976178658,12.0,30.0,0.0,16.320720247722183,50.48363673030812,12.0,30.0,0.0,17.27702085231841,0.0,0.0,0.0,16.80295125327733,0.0,0.0,449.0377922160042,450.7582639144004,451.21946372048316,450.3587340663965,468.4921542141906,464.20362605377007,463.9435843034577,467.0676569244091,466.49065288422988,0.0,80.14206588876165,80.14206588876165,60.0,0.0,60.0,60.0,16.0,16.0,16.0,12.0,12.0,12.0,21.0,10.0,0.0,0.0,0.0,0.0,0.0,0.0,0.0,0.0,0.0,0.0,0.0,0.0,0.0,80.14206588876165,80.14206588876165,0.0,0.0,0.0,80.14206588876165,0.0,0.0,0.0023300000000000006 
 03/08  14:20:00,13.573333333333335,54.66666666666667,7.670000000000001,90.83333333333333,711.0,0.0,0.0,0.0,0.0,0.0,0.0,0.0,0.0,0.0,0.0,333.0,0.0,2390.70845595439,57.21382417538427,146.61014385066293,71.68456439811006,1908.0025845845185,0.0,57.21382417538424,78.21563529975512,0.0,0.0,17.845971883588097,209.98605909539766,20.319070697966354,-879.0919591920647,17.636530992691179,109.27191512419086,17.761714513583436,15.347776427509416,15.828023640214422,18.907808456599356,20.291721733982649,-419.6786241938653,16.748594683925746,175.80100280248554,15.51863180657906,70.30712681667603,16.261392697046277,106.39026099637613,213.34222124517147,111.98107244394487,0.0,0.0,0.0,0.0,0.0,0.0,0.0,0.0,0.0,0.0,0.0,0.0,0.0,0.0,0.0,0.0,0.0,0.0,0.0,0.0,0.0,0.0,0.0,0.0,268.4970680583273,321.1992742954249,2612.2258733038795,0.0,0.0,271.73163067702037,324.52247910364857,2914.0098768419368,0.2519518763337922,0.04760995395574306,201.86541405851424,241.88755164715213,1771.7148296006099,0.07650097819278741,0.014455967156611374,133.25652377607504,159.7458521137145,1132.2444207834504,0.0,0.0,8.630970041271543,10.407237913618502,43.81396466826454,0.0,0.0,91.95889515768535,109.57184302841132,1104.7527883501378,0.0,0.0,252.15589478700398,302.75790763822786,1910.6463359810319,0.0,0.0,30.72954239778408,37.09938370741089,133.86149060131096,0.0,0.0,122.34887708905309,147.35096321267796,707.514481307452,35.53041322613049,24.369282048100485,234.38452553212617,281.3731349099223,2080.285259719624,0.0,0.0,146.44062340179188,176.05488948010689,1002.4469275580515,0.0,18.37516569290294,43.72535974372532,22.0,30.0,0.0,18.875597845312414,42.2239152953172,16.0,30.0,0.0,17.89222789385457,45.111595209995687,22.0,30.0,0.0,17.755172826049077,45.67345377455114,16.0,30.0,0.0,16.038908634626258,51.3715566529354,12.0,30.0,0.0,19.508216267229988,41.19646902394493,16.0,30.0,0.0,17.280089980200093,47.35154543898655,10.0,30.0,0.0,15.683419535166215,52.546198759074538,12.0,30.0,0.0,16.388413535019525,50.218122237967438,12.0,30.0,0.0,17.373280409916768,0.0,0.0,0.0,16.902364107039639,0.0,0.0,451.40382598940058,446.7706857321872,449.6431778402577,451.9669225549728,466.94066279500518,463.30681808864139,462.4209192779032,465.47205140980619,465.01865673191056,0.0,80.14206588876165,80.14206588876165,60.0,0.0,60.0,60.0,16.0,16.0,16.0,12.0,12.0,12.0,21.0,10.0,0.0,0.0,0.0,0.0,0.0,0.0,0.0,0.0,0.0,0.0,0.0,0.0,0.0,80.14206588876165,80.14206588876165,0.0,0.0,0.0,80.14206588876165,0.0,0.0,0.0023333333333333337 
 03/08  14:30:00,13.684999999999999,54.0,7.609999999999999,87.0,714.0,0.0,0.0,0.0,0.0,0.0,0.0,0.0,0.0,0.0,0.0,333.0,0.0,2392.144371206263,55.375831132656248,141.90029975234243,71.72760634200253,1909.1484286869068,0.0,55.37583113265622,75.70295946335554,0.0,0.0,17.842856338348093,171.73232955163258,20.459864471448726,-821.3804365336546,17.680636055424587,148.05402675906408,17.778948738944707,15.610512996059697,15.880353083083265,19.678590451856907,20.432910099074137,-436.283962794279,16.816342242645697,186.2650313153681,15.541983993193839,75.78637836144992,16.311185246040478,113.79171262394812,199.54743333724947,108.20780277918675,0.0,0.0,0.0,0.0,0.0,0.0,0.0,0.0,0.0,0.0,0.0,0.0,0.0,0.0,0.0,0.0,0.0,0.0,0.0,0.0,0.0,0.0,0.0,0.0,269.1933184202391,322.05346165367686,2536.291144163754,0.0,0.0,246.73787014188555,294.5053832588913,2659.9532192587637,0.3023675564503218,0.05713672646453551,227.02115273129,271.9261464851061,1979.1888076792962,0.08491707409351514,0.016046310297338458,131.96735207496429,158.17482696317709,1098.3169987446818,0.0,0.0,8.80169112581743,10.610061152814652,43.6642713941192,0.0,0.0,93.11845632683334,110.89741742652906,1120.0096794428765,0.0,0.0,254.92960354805724,305.96025071111969,1922.0073778273136,0.0,0.0,31.379804018225778,37.87612274186557,131.86907038627965,0.0,0.0,122.63930602052803,147.65423584966593,697.2376668968843,35.20628042427623,24.146968740930207,234.4651506864185,281.42508061304309,2030.0437420001766,0.0,0.0,147.06820386578813,176.7400555416097,999.1720614488378,0.0,18.33493280983355,43.69526293186441,22.0,30.0,0.0,19.018443972260156,41.75113303547712,16.0,30.0,0.0,17.976337830071615,44.84378016089459,22.0,30.0,0.0,17.781611993892367,45.44641518423116,16.0,30.0,0.0,16.094720296285993,51.14067491380834,12.0,30.0,0.0,19.630038328998869,40.832255348472468,16.0,30.0,0.0,17.374706572528173,47.02319345669191,10.0,30.0,0.0,15.720319565336287,52.36685231566428,12.0,30.0,0.0,16.45316749483176,49.95638044880753,12.0,30.0,0.0,17.39736675663601,0.0,0.0,0.0,16.990085939798118,0.0,0.0,447.5296774877536,446.52796746983327,451.7921727261306,450.41762400184219,465.41798520563028,461.7114191706867,461.81088920066636,464.31273840057068,463.9046433476805,0.0,80.14206588876165,80.14206588876165,60.0,0.0,60.0,60.0,16.0,16.0,16.0,12.0,12.0,12.0,21.0,10.0,0.0,0.0,0.0,0.0,0.0,0.0,0.0,0.0,0.0,0.0,0.0,0.0,0.0,80.14206588876165,80.14206588876165,0.0,0.0,0.0,80.14206588876165,0.0,0.0,0.002336666666666666 
 03/08  14:40:00,13.796666666666667,53.33333333333333,7.550000000000001,88.66666666666666,683.3333333333333,0.0,0.0,0.0,0.0,0.0,0.0,0.0,0.0,0.0,0.0,333.0,0.0,2312.601169319277,54.607559888379707,139.93149073981668,69.34252230667548,1845.6656310185284,0.0,54.607559888379679,74.65267442613413,0.0,0.0,17.950631458565917,234.0712327878955,20.491537348401516,-924.4687204460224,17.685137740798188,114.49146945261964,17.80727981056792,33.791522532568709,15.925454418513878,19.9998702714243,20.533702457901833,-439.96011165306256,16.86258181532326,182.92917418354956,15.56592613443176,79.79823883278618,16.361345571182946,121.31357279345775,211.2388656436815,110.96789285210707,0.0,0.0,0.0,0.0,0.0,0.0,0.0,0.0,0.0,0.0,0.0,0.0,0.0,0.0,0.0,0.0,0.0,0.0,0.0,0.0,0.0,0.0,0.0,0.0,281.77844109121176,336.8584971465269,2699.562448275234,0.0,0.0,286.331788468269,341.76701780239787,3008.0266917012615,0.23136271175154608,0.04371933328638438,200.58818940381503,240.2483317353507,1702.2120735491624,0.0812625848327309,0.015355741653955192,153.7531186733534,184.2399635424636,1259.0133960292279,0.0,0.0,8.609414462971435,10.37563259001626,41.56338864909983,0.0,0.0,94.03682511174323,111.9412075558398,1129.0993404217373,0.0,0.0,255.89095282064856,307.0325946355287,1897.3535542561809,0.0,0.0,31.651056055081207,38.19538665317123,128.05690912572093,0.0,0.0,124.94596970309651,150.3846536601497,697.9558179309798,34.84835222908559,23.901476151636218,249.6524829095449,299.5229689641248,2136.070835165383,0.0,0.0,149.62262855999209,179.73629353388044,1010.107280801491,0.0,18.52857224801992,43.07526719221126,22.0,30.0,0.0,18.99403817785009,41.69946443550491,16.0,30.0,0.0,17.974893057352479,44.70985696305541,22.0,30.0,0.0,17.828744995583045,45.27200554270034,16.0,30.0,0.0,16.141721642979137,50.93852446935193,12.0,30.0,0.0,19.73411133533666,40.520772781698898,16.0,30.0,0.0,17.426025021715558,46.80558804397221,10.0,30.0,0.0,15.755856684970372,52.18391289026771,12.0,30.0,0.0,16.51703922756681,49.69311793246469,12.0,30.0,0.0,17.501034161867147,0.0,0.0,0.0,17.082052027891995,0.0,0.0,447.2028919877415,446.91186661422815,448.09126205437408,452.1637546640908,464.17890388117118,460.9152416122075,460.19540782851495,462.89583565893039,462.5457846137071,0.0,80.14206588876165,80.14206588876165,60.0,0.0,60.0,60.0,16.0,16.0,16.0,12.0,12.0,12.0,21.0,10.0,0.0,0.0,0.0,0.0,0.0,0.0,0.0,0.0,0.0,0.0,0.0,0.0,0.0,80.14206588876165,80.14206588876165,0.0,0.0,0.0,80.14206588876165,0.0,0.0,0.00234 
 03/08  14:50:00,13.908333333333334,52.66666666666667,7.489999999999999,90.33333333333334,652.6666666666667,0.0,0.0,0.0,0.0,0.0,0.0,0.0,0.0,0.0,0.0,333.0,0.0,2228.876336149221,53.868145133831308,138.036627120677,66.83205458985818,1778.8455234070487,0.0,53.86814513383128,73.64183839811875,0.0,0.0,17.90524643283534,159.1200197872422,20.589971503122635,-800.4452920930253,17.742747336005587,178.90109880919955,17.822965529702715,22.70600956765975,15.96656081162292,21.023377396882269,20.606703770315048,-450.3284362797058,16.931948046314756,195.62859092389045,15.591910320673862,84.98397273402816,16.410448482652776,126.62157121670862,194.10067679905843,105.50000540472957,0.0,0.0,0.0,0.0,0.0,0.0,0.0,0.0,0.0,0.0,0.0,0.0,0.0,0.0,0.0,0.0,0.0,0.0,0.0,0.0,0.0,0.0,0.0,0.0,282.4562118634252,337.7974821736688,2567.249818274453,0.0,0.0,240.09968105973156,286.40847168755979,2541.9039358442539,0.3193509278099278,0.060345980311777767,240.60963499341814,288.0515657550572,2039.8653665062619,0.09000784034013587,0.017008284266843509,137.71474459570465,164.99947327481713,1101.1370493063224,0.0,0.0,8.875729421829107,10.694120194726346,41.54483147024571,0.0,0.0,94.69484179996674,112.68628607306742,1129.2671756452449,0.0,0.0,258.1947074851032,309.66719567884987,1905.5054333568592,0.0,0.0,32.3000421513447,38.96987592053371,125.78414815313654,0.0,0.0,124.05193146544731,149.26363807853989,679.8598216015496,34.53156408904164,23.68420033541951,248.5601778618717,298.17731038954738,2066.4530650526187,0.0,0.0,148.9950840381876,178.9230366447474,993.0770270069062,0.0,18.395775633000246,43.30596633341308,22.0,30.0,0.0,19.14937073707771,41.207270369369719,16.0,30.0,0.0,18.08378928693304,44.307569098794818,22.0,30.0,0.0,17.84556751354217,45.09508877279399,16.0,30.0,0.0,16.181909778856914,50.75176134585622,12.0,30.0,0.0,19.807336181714779,40.28316672891274,16.0,30.0,0.0,17.522239132872174,46.4504393313389,10.0,30.0,0.0,15.793725661128406,52.002629302693019,12.0,30.0,0.0,16.577704011067998,49.449198011421817,12.0,30.0,0.0,17.510474965995358,0.0,0.0,0.0,17.152623234492734,0.0,0.0,447.49046221987268,446.58329424849236,447.6704805949716,448.8802463303791,462.85166858999369,459.6063540446637,459.05166847500547,462.05202285821079,461.7117253115323,0.0,80.14206588876165,80.14206588876165,60.0,0.0,60.0,60.0,16.0,16.0,16.0,12.0,12.0,12.0,21.0,10.0,0.0,0.0,0.0,0.0,0.0,0.0,0.0,0.0,0.0,0.0,0.0,0.0,0.0,80.14206588876165,80.14206588876165,0.0,0.0,0.0,80.14206588876165,0.0,0.0,0.0023533333333333337 
 03/08  15:00:00,14.02,52.0,7.43,92.0,622.0,0.0,0.0,0.0,0.0,0.0,0.0,0.0,0.0,0.0,0.0,333.0,0.0,2141.2454664979798,53.16167825904328,136.22619360358594,64.20446686663861,1708.9080562053935,0.0,53.16167825904325,72.6760446196712,0.0,0.0,18.042898616489706,252.42381998765632,20.569700137465426,-940.443317725556,17.727683470368903,108.00698401086902,17.857094587594689,50.19473705984183,16.004167702801273,21.039128161027578,20.667357214051838,-442.4868943719471,16.96281454651434,183.78806857665223,15.616959341791585,87.33078872877377,16.45910495632588,132.00471220532655,209.19963896971968,111.92202458610609,0.0,0.0,0.0,0.0,0.0,0.0,0.0,0.0,0.0,0.0,0.0,0.0,0.0,0.0,0.0,0.0,0.0,0.0,0.0,0.0,0.0,0.0,0.0,0.0,293.8243700622016,351.0546929198865,2753.9846328402256,0.0,0.0,299.5540542813659,357.4039965757978,3052.7545033307744,0.18536259770980863,0.035026945901324397,191.60528688029104,229.40353253936918,1562.7159385243036,0.08017514776955528,0.015150254680565998,166.66973080514468,199.63621528190536,1313.450344464975,0.0,0.0,8.512371974482696,10.254174257945563,38.49448601285275,0.0,0.0,94.79908629186856,112.77346959936858,1122.2936300533309,0.0,0.0,257.069550566503,308.2696730596289,1848.5394261313803,0.0,0.0,32.285873131595447,38.94469807197938,120.58937843290399,0.0,0.0,126.50587654274529,152.17167484949824,679.5863664162268,34.14918223167225,23.42193568701801,263.61227939431105,316.0905354708306,2171.2498742613959,0.0,0.0,151.5444814849453,181.91911159439838,999.6309473542386,0.0,18.65225116429549,42.533096323411928,22.0,30.0,0.0,19.063984256915334,41.352497167268378,16.0,30.0,0.0,18.03798070878315,44.31070670255245,22.0,30.0,0.0,17.90227888190592,44.83062247661783,16.0,30.0,0.0,16.216331401725168,50.57931561453033,12.0,30.0,0.0,19.877994862846607,40.03839440168168,16.0,30.0,0.0,17.54125461146803,46.33910549883824,10.0,30.0,0.0,15.827846974546583,51.82148374730461,12.0,30.0,0.0,16.63692251182404,49.19618059582192,12.0,30.0,0.0,17.620088821206858,0.0,0.0,0.0,17.23162042689093,0.0,0.0,447.09054215061686,446.6295318928399,447.98256438444988,448.22061337368288,461.60489469260889,458.39153867962269,458.5393484568689,460.6480173812996,460.2597177948943,0.0,80.14206588876165,80.14206588876165,60.0,0.0,60.0,60.0,16.0,16.0,16.0,12.0,12.0,12.0,21.0,10.0,0.0,0.0,0.0,0.0,0.0,0.0,0.0,0.0,0.0,0.0,0.0,0.0,0.0,80.14206588876165,80.14206588876165,0.0,0.0,0.0,80.14206588876165,0.0,0.0,0.002366666666666667 
 03/08  15:10:00,13.996666666666667,51.66666666666667,7.333333333333333,93.66666666666666,591.3333333333333,0.0,0.0,0.0,0.0,0.0,0.0,0.0,0.0,0.0,0.0,3340.0,0.0,2049.898463057999,52.49126481870922,134.50814873008535,61.46545337646077,1636.0047898132717,0.0,52.4912648187092,71.7595386195045,0.0,0.0,19.06698400493098,-699.6621931178382,20.833472670882743,77.8012006436663,19.25082654146251,-1935.1972218348215,18.212474433158059,1096.992956155168,16.03603238253858,28.286533887653794,20.70148653135034,-418.02433276414316,17.085527377521843,324.28430485812557,15.639076881721593,101.07787771395862,16.501738366276109,171.13192564844986,343.72693482225426,145.08787745469884,0.0,0.0,0.0,0.0,0.0,0.0,0.0,0.0,0.0,0.0,0.0,0.0,0.0,0.0,0.0,0.0,0.0,0.0,0.0,0.0,0.0,0.0,0.0000814495076150972,0.000024862487061995487,278.70004608148238,332.42519160533979,3475.2629503805858,0.06174818377562296,0.009424325973080426,197.57694918887425,235.98056557908169,2271.3457614175706,0.0411865051252573,0.007782786304848322,471.3256652366398,561.5786999942902,6130.2869727372249,0.19898966902657973,0.03760197827410803,391.45893229010417,469.3112559863124,3710.987722709292,0.0,0.0,10.083027806166236,12.193115352306944,46.55310057532149,0.0,0.0,91.14095328202734,108.85749784383532,1089.1966287770902,0.0,0.0,278.6308699573713,335.2140428338246,2132.3059549404699,0.0,0.0,34.02362171632541,41.201664078886157,130.60356177178657,0.0,0.0,134.49195782581018,162.38909707266937,741.7714150892656,34.94014993376564,23.964437540305658,569.0447531067915,682.4212600681628,5537.914002486629,0.0,0.0,160.7287232879854,193.63977622246504,1099.4700632678044,1926.1554848901895,20.10245993857725,38.684148862959677,21.999999999999998,30.0,0.0,19.599571997129187,39.922023398063647,15.999999999999999,30.0,4373.04900889651,20.288915286604174,38.245086683296538,21.999999999999998,30.0,0.0,18.59668308846451,42.563503553797598,15.999999999999999,30.0,0.0,16.2405260634937,50.42340128031155,12.0,30.0,0.0,19.915888936058278,39.835905425408828,15.999999999999999,30.0,0.0,17.745513640518916,45.50914812504674,10.0,30.0,0.0,15.85628824649004,51.61239619808309,12.0,30.0,0.0,16.684807305577203,48.89103802004181,15.999999999999999,30.0,0.0,18.39981153808313,0.0,0.0,0.0,17.32940227270044,0.0,0.0,446.2502212541532,446.2627615362961,445.8730496482416,446.60904974147226,460.4716635703072,456.8741951993553,455.42008344701829,459.0951185374889,458.15740626492,10541.738569198613,81.03441323346523,85.2599011225895,60.0,0.0,60.0,60.0,16.0,16.0,16.0,16.0,12.0,12.0,21.0,10.0,1.0,0.0,1926.1554848901895,0.0,4373.04900889651,0.0,0.0,0.0,0.0,0.0,6394.692199615774,3836815.3197694646,4998290.52163811,81.03441323346523,85.33166393460393,0.34915640665385919,0.7673959617641314,0.3602813740196596,85.33166393460393,0.3542647819438876,4998290.52163811,0.2622911071251817 
 03/08  15:20:00,13.973333333333335,51.333333333333339,7.236666666666667,95.33333333333334,560.6666666666666,0.0,0.0,0.0,0.0,0.0,0.0,0.0,0.0,0.0,0.0,1336.0,0.0,1954.8999731921213,51.85875638971696,132.88723777247089,58.616952640484338,1560.1873197065577,0.0,51.85875638971693,70.89485164360113,0.0,0.0,19.900998293272545,-1021.0470443590916,21.47819651129688,131.56854352234269,20.189371817442777,-2960.1851227647596,19.07236080595523,983.7150074212909,16.08452446253723,34.25358897968471,20.765543012490264,-379.4635906679347,17.325425442723185,308.0356639581364,15.683708280668589,112.86203843550868,16.58380590779296,198.93174242325859,595.9052316531397,191.21004549483429,0.0,0.0,0.0,0.0,0.0,0.0,0.0,0.0,0.0,0.0,0.0,0.0,0.0,0.0,0.0,0.0,0.0,0.0,0.0,0.0,0.0,0.0,0.13298908016284229,0.04059495731466492,325.9246716234094,386.98278030184727,4855.161112051942,0.11935925815480901,0.01821722499310272,251.74893210994447,299.63012880312069,3400.4645660678199,0.0,0.0,543.2151931208749,644.3847501941255,8397.942552313376,0.21839198977950773,0.04126832762273387,426.4566944691252,508.8695130657073,5168.453678254474,0.0,0.0,10.784096167960977,13.029708202603795,51.42852327814029,0.0,0.0,87.43979497519107,104.31888980561047,1066.8123232502208,0.0,0.0,299.1047950303002,359.1560847465945,2511.1705147217164,0.0,0.0,36.33149939792443,43.9526428374524,146.0219317429503,0.0,0.0,149.16053818598119,179.8981034091153,863.6392922840319,35.57029102080453,24.39663307325415,669.3335515874007,800.2799965072934,7694.360508231082,0.0,0.0,177.97425890976039,214.1281378067446,1288.7644001846973,1828.7451374312014,21.397254976480235,35.60532624968323,22.0,30.0,0.0,20.68518473469102,37.24859771316197,16.0,30.0,4042.9256220591639,21.703186877229319,34.88569494823672,22.0,30.0,0.0,19.996084159958984,38.83029321938864,16.0,30.0,0.0,16.292567954832877,50.07575019401577,12.0,30.0,0.0,20.01883085779695,39.43478536034091,16.0,30.0,0.0,18.095913322242958,44.35234191845163,10.0,30.0,0.0,15.921634339153778,51.164552945446107,12.0,30.0,0.0,16.797363088086724,48.324013667083537,16.0,30.0,0.0,19.38650120239891,0.0,0.0,0.0,17.50504715118445,0.0,0.0,445.8418863028355,446.21621716444676,445.1507067775731,445.7314679990691,458.0514191560141,454.87087776819979,453.54574571843207,456.322168047448,455.5457510384051,12128.53611424488,79.9846898826932,87.86614669862448,60.0,0.0,60.0,60.0,16.0,16.0,16.0,16.0,12.0,12.0,21.0,10.0,1.0,0.0,1828.7451374312014,0.0,4042.9256220591639,0.0,0.0,0.0,0.0,0.0,11925.993158827765,7155595.895296659,9331103.861044502,79.9846898826932,88.0,0.3975331052942588,0.7668704364527065,0.36028137401965956,88.0,0.3542647819438875,9331103.861044502,0.48760073410764739 
 03/08  15:30:00,13.95,51.0,7.14,97.0,530.0,0.0,0.0,0.0,0.0,0.0,0.0,0.0,0.0,0.0,0.0,1002.0,0.0,1856.1284797618892,51.26437321933626,131.36402578893107,55.65532113183462,1481.3586654996273,0.0,51.26437321933623,70.08228478667687,0.0,0.0,20.180106729714227,-1165.539514550583,21.912483099421256,-85.33037463960679,20.04800385730961,-570.8645864682225,19.401482954584453,355.4125875653069,16.134642314467209,38.40553815610684,20.835185078719055,-343.0064168042965,17.49165619927203,281.92004916186598,15.739939736600779,126.7420636922939,16.678407397574099,221.65636823738675,631.9394333016647,240.62190136531616,0.0,0.0,0.0,0.0,0.0,0.0,0.0,0.0,0.0,0.0,0.0,0.0,0.0,0.0,0.0,0.0,0.0,0.0,0.0,0.0,0.0,0.0,0.17155817315642053,0.052368184724182077,374.73939857103405,444.59560019331146,5745.533902552645,0.05806318581115035,0.008861902596329416,193.5657973548398,229.9441831895897,2865.7830977338487,0.41157268302500407,0.07777261583994785,367.54777452442877,437.11203409499299,5241.0915701784019,0.19076069565844198,0.03604699464445235,241.45462808650968,287.70463819925677,3150.58613868922,0.0,0.0,10.888233905964862,13.148561890621709,53.60183584217938,0.0,0.0,84.00319442374796,100.13355282621638,1049.1528238109675,0.0,0.0,310.89853716382086,372.8897302275368,2761.8185136517106,0.0,0.0,38.996366436281729,47.14340689990336,165.017180853317,0.0,0.0,159.67773487303456,192.42189954737473,973.8630897878858,35.54255731844907,24.37761132952611,473.37808461561976,565.4713057952055,5969.220498550734,0.0,0.0,191.31984643526568,229.96557008313349,1457.04944454667,1781.351174599882,21.689617974628879,34.88756401321589,21.999999999999994,29.99999999999999,0.0,21.363054086550453,35.597959261611688,15.999999999999993,29.99999999999999,1270.0986746322324,21.206616249122445,35.94930556759364,21.333333333333326,29.99999999999999,0.0,20.367045997638504,37.92300899031586,15.999999999999993,29.99999999999999,0.0,16.34597345695715,49.73350654445162,11.999999999999995,29.99999999999999,0.0,20.14238124803188,39.01116272452823,15.999999999999993,29.99999999999999,0.0,18.31959374968977,43.594720730476598,9.999999999999997,29.99999999999999,0.0,16.003278088391409,50.709698616775529,11.999999999999995,29.99999999999999,0.0,16.928302784468849,47.762747817354249,15.999999999999993,29.99999999999999,0.0,19.731215710802915,0.0,0.0,0.0,17.67050480380202,0.0,0.0,445.4530636614684,445.4653109307209,445.2891479593498,446.0461564573217,455.96905607487238,453.28717112432676,452.089665644471,454.31248397695767,453.79187035562497,7646.358796739456,82.9489067260022,82.9489067260022,59.99999999999998,0.0,59.99999999999998,59.99999999999998,16.0,16.0,16.0,16.0,12.0,12.0,21.0,10.0,1.0,0.0,1781.351174599882,0.0,1270.0986746322324,0.0,0.0,0.0,0.0,0.0,0.0,0.0,0.0,82.9489067260022,82.9489067260022,0.3399999999999999,0.7675214926518044,0.36028137401965945,82.9489067260022,0.35426478194388735,0.0,0.0023866666666666669 
 03/08  15:40:00,13.926666666666668,50.666666666666667,7.043333333333333,91.0,513.3333333333334,0.0,0.0,0.0,0.0,0.0,0.0,0.0,0.0,0.0,0.0,1002.0,0.0,1775.5696501313738,48.09657223827415,123.246556939719,53.23978405388326,1417.0653068176399,0.0,48.09657223827413,65.7516606795129,0.0,0.0,20.156058680652437,-962.147183289274,22.130139385452695,-39.4124109743136,19.865328204419148,-51.8837106313607,19.45499728259692,529.5788206411933,16.186178445236736,42.81241481092648,20.91022598070413,-316.68434802083189,17.62172731056649,319.1042075050216,15.803187972600022,139.92687231268116,16.77751085305848,245.23906895192716,663.1246006240735,287.20684237686006,0.0,0.0,0.0,0.0,0.0,0.0,0.0,0.0,0.0,0.0,0.0,0.0,0.0,0.0,0.0,0.0,0.0,0.0,0.0,0.0,0.0,0.0,0.22363654299893394,0.06826512301554762,321.34172136740747,381.0079733563076,4915.318104412083,0.036341863989843656,0.0055466825381324269,95.75478035765139,113.59805333688617,1484.3651321939017,0.5735656189642963,0.10838352588138639,286.640169023832,340.67256063871465,4110.178049514856,0.2082899833577448,0.03935940728604399,301.64186489058388,359.2921138798582,3934.4332711688077,0.0,0.0,11.016463006008545,13.299636011499996,55.93544878637082,0.0,0.0,82.35075382718024,98.10834262603945,1053.166807318572,0.0,0.0,316.0872953708322,378.8677896571145,2933.930833515793,0.0,0.0,40.52907827506424,48.97988804590306,180.82954017984916,0.0,0.0,163.92601417170332,197.44820004052259,1052.8841215570979,35.51752119250655,24.360439775381747,368.761455735754,440.0466482674791,4891.477259436718,0.0,0.0,196.97341277798143,236.6433589838466,1566.70657746588,1219.7365596876744,21.603508334417677,34.816100199705569,21.666666666666676,30.00000000000001,0.0,21.680929695572705,34.737958881509118,16.000000000000008,30.00000000000001,17.802705187098384,21.058093809748369,36.07622952759349,21.000000000000008,30.00000000000001,0.0,20.407954076336489,37.56510243268814,16.000000000000008,30.00000000000001,0.0,16.399031062964768,49.36736212859234,12.000000000000006,30.00000000000001,0.0,20.270349914100036,38.50604566510261,19.000000000000008,30.00000000000001,0.0,18.497074814804578,42.85863267333664,10.000000000000004,30.00000000000001,0.0,16.094091110163555,50.163167567040719,16.000000000000008,30.00000000000001,0.0,17.067126903867725,47.08343722730062,16.000000000000008,30.00000000000001,0.0,19.892209741346485,0.0,0.0,0.0,17.817576411148356,0.0,0.0,444.1520423305427,444.78076564053529,444.7036973441376,444.8039762250558,453.9122686629431,451.08760256328557,449.8445656948319,451.9710770064927,451.31552138125138,8268.449905398675,82.53743812804368,82.53743812804368,60.00000000000002,0.0,60.00000000000002,60.00000000000002,16.0,16.0,19.0,16.0,16.0,12.0,21.0,10.0,1.0,0.0,1219.7365596876744,0.0,17.802705187098384,0.0,0.0,0.0,0.0,0.0,0.0,0.0,0.0,82.53743812804368,82.53743812804368,0.3400000000000002,0.769840247495455,0.3602813740196597,82.53743812804368,0.3542647819438876,0.0,0.0023899999999999999 
 03/08  15:50:00,13.903333333333335,50.333333333333339,6.946666666666666,85.0,496.6666666666667,0.0,0.0,0.0,0.0,0.0,0.0,0.0,0.0,0.0,0.0,1336.0,0.0,1692.9535765829856,44.90752771149779,115.07465493860073,50.76256192785413,1351.1300881506025,0.0,44.907527711497767,61.391995034783338,0.0,0.0,20.442863343292616,-798.8951644597128,22.229042717389946,-157.8116837856195,20.444766436323059,-1058.9182498016858,19.602339804401159,695.5906473263995,16.234270878230967,42.23654309079423,20.95543193331534,-325.34345828585426,17.694174125948935,294.0023062194582,15.85660972165237,136.16275677578819,16.855420707551756,224.4531446998517,654.1496517135506,281.10181404581979,0.0,0.0,0.0,0.0,0.0,0.0,0.0,0.0,0.0,0.0,0.0,0.0,0.0,0.0,0.0,0.0,0.0,0.0,0.0,0.0,0.0,0.0,0.26960198382056657,0.0822960878573158,323.9359820625579,384.05797572517698,5094.296045593358,0.05019003570508174,0.007660261859749959,113.20336810424517,134.27605348091638,1782.0339027495355,0.4127334357603182,0.07799195687080846,381.6521495112279,452.62436308906077,6013.660895566364,0.22256439797898487,0.042056764546293427,350.77832514808656,417.5777568183884,4736.066907112371,0.0,0.0,10.943053442755586,13.212429654464179,57.06436109202882,0.0,0.0,82.78388412030701,98.62906792551164,1074.6834903845425,0.0,0.0,311.9716730014865,373.962145636055,2948.799578626926,0.0,0.0,40.006703171088059,48.352001890170317,185.8796329060586,0.0,0.0,160.95599611801519,193.86722478511286,1071.3551620736169,35.181809692268377,24.13018497412098,447.3555508586781,533.6251912826443,5930.676840946518,0.0,0.0,193.28397966949448,232.25382823952445,1559.2821849891384,1379.0135130169265,21.766400399305728,34.400404428749329,21.75,30.0,0.0,21.776290258105797,34.366735940883007,16.0,30.0,1885.5099721567654,21.73601097523764,34.406371340275587,21.5,30.0,0.0,20.603818108263629,36.95035818790379,16.0,30.0,0.0,16.44360865233721,49.038241540582848,12.0,30.0,0.0,20.345700485177674,38.18412869597994,19.0,30.0,0.0,18.559066097764857,42.55614144148423,10.0,30.0,0.0,16.162170595058087,49.75108064793187,16.0,30.0,0.0,17.160107069803226,46.640786920022367,16.0,30.0,0.0,19.92256284807565,0.0,0.0,0.0,17.850997896441066,0.0,0.0,443.9305630679859,443.83427196373568,443.5205549306153,443.98610917957327,452.1861407711749,449.7456609495447,448.7966674780363,450.4387320114511,450.015589459425,7097.32025509057,82.13712997566272,83.83070986584659,60.0,0.0,60.0,60.0,16.0,16.0,19.0,16.0,16.0,12.0,21.0,10.0,1.0,0.0,1379.0135130169265,0.0,1885.5099721567654,0.0,0.0,0.0,0.0,0.0,2563.1008158980469,1537860.489538828,1990345.3781078093,82.13712997566272,83.85947247468131,0.2554366938632682,0.5762346765981845,0.27021103051474468,83.85947247468131,0.2656985864579156,1990345.3781078093,0.1059079596616061 
 03/08  16:00:00,13.88,50.0,6.85,79.0,480.0,0.0,0.0,0.0,0.0,0.0,0.0,0.0,0.0,0.0,0.0,1005.0,0.0,1608.566629761912,41.69870088708858,106.85206454900062,48.2322414849458,1283.7815593675937,0.0,41.698700887088559,57.00528548939965,0.0,0.0,20.409644940564925,-593.6582830290386,22.240899615944956,-403.9898811794071,20.41250720137905,-942.3111218423575,19.717026813802027,517.6061981796652,16.28059146179035,40.08275281922146,20.982761518361018,-327.96038360364215,17.730523220721467,256.3444325587166,15.901050368683415,132.45873715612823,16.916002109766,207.6613269872222,652.1504397615238,270.0615398825938,0.0,0.0,0.0,0.0,0.0,0.0,0.0,0.0,0.0,0.0,0.0,0.0,0.0,0.0,0.0,0.0,0.0,0.0,0.0,0.0,0.0,0.0,0.34037877025339349,0.10390072352057198,273.7727694339201,324.3257167568704,4329.6139227793269,0.049586929841837937,0.007568212735323258,191.00177015380786,226.28642385654178,2950.7640938479246,0.3816692078519822,0.07212192136280851,297.6297961631517,352.90379255261566,4610.882202506717,0.1883591165163862,0.03559318150347436,304.08675284735929,361.6437177887527,4179.902026744496,0.0,0.0,10.590615679667355,12.779246892917909,56.62041861734142,0.0,0.0,84.50190892707237,100.60609752920868,1110.2700498917585,0.0,0.0,303.1419583730882,363.238789942537,2874.25933875283,0.0,0.0,39.20460588519004,47.35488933355934,188.2002153937394,0.0,0.0,155.6363176740703,187.3499301262755,1063.713112480804,34.6973258784283,23.797891548990635,462.05121600567068,550.5680796916145,6166.703700554002,0.0,0.0,187.12262808858964,224.75905584694739,1522.9409490745189,1245.7350597310447,21.604497980472958,34.62018310422222,21.666666666666687,30.00000000000002,0.0,21.739881541928385,34.35450580868122,16.000000000000015,30.00000000000002,1988.2893831552656,21.667778632091286,34.346567059125408,21.666666666666687,30.00000000000002,0.0,20.685555163971427,36.61202326708181,16.000000000000015,30.00000000000002,0.0,16.485420716095797,48.72607822322989,12.00000000000001,30.00000000000002,0.0,20.401952316210968,37.92385245293596,19.000000000000015,30.00000000000002,0.0,18.549643962610145,42.474268490583387,10.000000000000007,30.00000000000002,0.0,16.215334001905576,49.41605298014973,16.000000000000015,30.00000000000002,0.0,17.225965233123369,46.30374231062165,16.000000000000015,30.00000000000002,0.0,20.02093357067061,0.0,0.0,0.0,17.862537370926839,0.0,0.0,443.3593282535602,443.5446023674186,442.38721180682776,443.25190221527807,450.684734501255,448.65789343927886,448.0429618034608,449.27385879314019,448.9904835015605,8940.848632477633,82.09303448154897,84.38612191719773,60.00000000000004,0.0,60.00000000000004,60.00000000000004,16.0,16.0,19.0,16.0,16.0,12.0,21.0,10.0,1.0,0.0,1245.7350597310447,0.0,1988.2893831552656,0.0,0.0,0.0,0.0,0.0,3470.355733609637,2082213.4401657806,2705054.660544992,82.09303448154897,84.4250661543829,0.3423451911203214,0.7706924760350236,0.3602813740196598,84.4250661543829,0.3542647819438878,2705054.660544992,0.1430928423483396 
 03/08  16:10:00,13.788333333333334,50.0,6.778333333333332,73.0,463.3333333333333,0.0,0.0,0.0,2.0,0.0,0.0,0.0,0.0,0.0,4.0,1340.0,0.0,1525.8885274266325,38.50777065653851,98.67533619365294,45.753160286198909,1217.796845227187,0.0,38.5077706565385,52.64304194464727,0.0,0.0,20.111675908427494,0.3975208994722834,22.16135800147806,-484.8948522211898,20.435200034064829,-947.6485823119233,19.797832359147308,432.6719364981909,16.31856903294956,33.03050790940685,21.171975543442547,-62.37523343084479,17.64969280657513,94.61696323088063,15.93219932682501,122.02822463719724,16.951420597229409,170.06668182066324,639.7123763078889,241.98385090123657,0.0,0.0,0.0,0.0,0.0,0.0,0.0,0.0,0.0,0.0,0.0,0.0,0.0,0.0,0.0,0.0,0.0,0.0,0.0,0.0,0.0,0.0,0.3998714403746507,0.12206087923524137,174.78072321422673,207.51041370311288,2590.2281767793808,0.028709084284564869,0.004381728370660084,156.4374292184678,185.46531023433514,2439.004082089908,0.3245835706334917,0.061334763914114107,293.6917502198823,348.4962859010692,4567.3721264745549,0.1705588783098765,0.03222956884162443,302.64232526803218,360.11636384889177,4230.55394776615,0.0,0.0,9.252710549700078,11.169378087361185,51.670301300464689,0.0,0.0,12.616462098705452,15.006605822349295,176.58040104065956,0.0,0.0,218.05588610004635,261.608423554705,2008.1305669377317,0.0,0.0,37.833522456214897,45.711413611483838,190.8868090118806,0.0,0.0,143.02105649113356,172.21879815906648,1010.4472733857951,34.60261009100126,23.732928731825287,400.2965212951344,477.273001598301,5491.267481532372,0.0,0.0,173.18316171058712,208.1439568928355,1418.666038395561,39.13111439641227,21.223271449955715,35.362572814649229,21.0,30.0,0.0,21.605667836433324,34.41496882738335,16.0,30.0,0.0,21.546250337729718,35.14578640817622,21.0,30.0,0.0,20.74941519451972,36.69593141792245,16.0,30.0,0.0,16.511775186040205,48.49801619911593,12.0,30.0,0.0,20.74802813827369,38.58343757691408,19.0,30.0,0.0,18.31550422935175,42.9132289794034,10.0,30.0,0.0,16.24448674719746,49.17835226451406,16.0,30.0,0.0,17.24797250658027,46.09515200166102,16.0,30.0,0.0,20.071106374231645,0.0,0.0,0.0,17.795220160618073,0.0,0.0,443.6617111170967,445.29247860269956,481.7687585446912,466.4004095509632,449.73893432134715,540.8609550615367,446.9542274000638,448.6003733358327,448.3859057396415,1840.856173447558,80.95868951135994,80.95868951135994,1744.0,0.0,1744.0,1744.0,16.0,16.0,19.0,16.0,16.0,12.0,21.0,10.0,1.0,0.0,39.13111439641227,0.0,0.0,0.0,0.0,0.0,0.0,0.0,0.0,0.0,0.0,80.95868951135994,80.95868951135994,0.085,0.15522606959189168,0.09007034350491489,80.95868951135994,0.08856619548597188,0.0,0.07121333333333334 
 03/08  16:20:00,13.696666666666669,50.0,6.706666666666667,67.0,446.6666666666667,0.0,0.0,0.0,2.0,0.0,0.0,0.0,0.0,0.0,4.0,1344.0,0.0,1439.4358642190212,35.26806109871563,90.37361694216905,43.16090136251174,1148.7997013157679,0.0,35.26806109871561,48.21411336132026,0.0,0.0,20.487798061495629,-757.5212909157988,22.17809568605279,-51.94596099295018,20.38797597183352,-729.8939861957333,19.745329335653865,362.2091987244712,16.351112170819389,32.3700255320377,21.422796050997314,-93.17780986138372,17.634419228479286,257.86586395722886,15.946378639171357,110.0627008927894,16.95232338656102,130.05074783671149,663.0408126648426,212.5271365244214,0.0,0.0,0.0,0.0,0.0,0.0,0.0,0.0,0.0,0.0,0.0,0.0,0.0,0.0,0.0,0.0,0.0,0.0,0.0,0.0,0.0,0.0,0.20821707903217225,0.06355832693289751,257.16266546395999,305.12771953964536,4076.8114118234877,0.06444496532024385,0.009835922667924886,185.86297424784113,220.52506140011145,2970.533353082462,0.6150858980996843,0.11622938361672042,277.3694967644792,329.2173517257189,4278.73668300978,0.20437670311705839,0.0386199363410919,291.19754782440898,346.5662628077102,4032.8661189932929,0.0,0.0,10.23741579714913,12.35518460900844,59.48063076680143,0.0,0.0,14.509137886774676,17.228465698158347,217.33500877555128,0.0,0.0,212.60610978686976,255.0129792536975,1990.7146820508625,0.0,0.0,37.51265819097352,45.315984456474399,196.24515731320725,0.0,0.0,132.4295065530877,159.43050388769295,950.6179087878247,34.60747329130147,23.736264260151907,453.97367237256847,541.2015196710562,6359.646954084987,0.0,0.0,161.57485105191629,194.19121224432275,1323.5620911515769,1272.3915265549509,21.653829076978228,34.46014569609141,21.75,30.0,0.0,21.697318482404378,34.38906453414745,16.0,30.0,0.0,21.38645563297456,35.717432542082338,21.0,30.0,0.0,20.59198090555394,37.439128514993267,16.0,30.0,0.0,16.531197397607156,48.24830558505135,12.0,30.0,0.0,21.158191861488164,39.3192635701163,19.0,30.0,0.0,18.305353308397068,42.75134280490556,10.0,30.0,0.0,16.244176639629037,49.010018539859789,16.0,30.0,0.0,17.212328590825395,46.02591692834129,16.0,30.0,0.0,20.174903519346068,0.0,0.0,0.0,17.702350442228459,0.0,0.0,467.64473264279607,464.19300222994499,511.8523660054958,502.6358611510345,450.25638269480387,646.8103383003315,455.32088059192025,452.78216524339418,453.6838189610787,7140.7822656151579,81.48974875067117,83.2337758637724,1744.0,0.0,1744.0,1744.0,16.0,16.0,19.0,16.0,16.0,12.0,21.0,10.0,1.0,0.0,1272.3915265549509,0.0,0.0,0.0,0.0,0.0,0.0,0.0,2639.371396177997,1583622.8377067983,2050216.695055532,81.48974875067117,83.26339523392552,0.25797904653926659,0.5781429774791683,0.27021103051474468,83.26339523392552,0.2656985864579156,2050216.695055532,0.17782460147622104 
 03/08  16:30:00,13.605,50.0,6.635,61.0,430.0,0.0,0.0,0.0,2.0,0.0,0.0,0.0,0.0,0.0,4.0,674.0,0.0,1352.2236715418292,32.01389991038004,82.03486993685999,40.54586889444546,1079.1963913136777,0.0,32.013899910380029,43.76542830343556,0.0,0.0,20.39606681731599,-176.32422019937736,22.1328068618115,-599.6442579459633,20.387273453421785,-820.9426264130934,19.73938588511495,409.2483533058903,16.38581194368717,30.42737323160739,21.613710406644708,-72.11708550747193,17.61377463143957,131.36116738331067,15.964133882388689,109.68812865408074,16.964601545932689,144.18560672697914,590.0309292868906,240.64994101467665,0.0,0.0,0.0,0.0,0.0,0.0,0.0,0.0,0.0,0.0,0.0,0.0,0.0,0.0,0.0,0.0,0.0,0.0,0.0,0.0,0.0,0.0,0.3680483539875048,0.11234687240155825,196.3295348465538,232.1955855570213,3213.5336461380627,0.020293148223605698,0.0030972448448726649,181.3994452946382,214.75937277833493,2844.4097280964926,0.466590017087455,0.08816893746928481,285.33678710523426,338.36759697664436,4399.111488282057,0.18585126243532158,0.03511928617447496,296.2182350427836,352.17316300345757,4131.740129567826,0.0,0.0,9.012818256200639,10.864956136287834,54.50090509225565,0.0,0.0,13.619695149339425,16.126387735986194,215.21615382077489,0.0,0.0,210.23562859818376,251.99970434180887,1963.0400885416357,0.0,0.0,36.98847175901228,44.632508227654437,201.22836024735688,0.0,0.0,138.28308294344672,166.30653887448103,1017.7422002342299,34.37041582611934,23.57367340611753,414.8302304493451,493.8868835204347,5754.76843788834,0.0,0.0,167.7192274344418,201.35220309349288,1411.0577037134804,746.3059945484199,21.498897794017056,34.89226461387449,21.5,30.0,0.0,21.57710423139378,34.69755943000971,16.0,30.0,0.0,21.292657273259068,35.9873882807924,21.0,30.0,0.0,20.54810420334526,37.61106563909341,16.0,30.0,0.0,16.55629283469456,48.04641636417641,12.0,30.0,0.0,21.47938823506098,39.87755102783969,19.0,30.0,0.0,18.196841926465777,43.07397981149661,10.0,30.0,0.0,16.254994277261628,48.891688546031989,16.0,30.0,0.0,17.209462512917868,45.98562455306981,16.0,30.0,0.0,19.928202498025916,0.0,0.0,0.0,17.72248536695541,0.0,0.0,469.28189198714838,484.64521770864618,524.270378326624,512.3566675487584,454.3309043042532,727.6450438240246,458.7988250777312,458.57772394140798,459.2628261378537,7257.305931743273,83.20610390085781,83.20610390085781,1744.0,0.0,1744.0,1744.0,16.0,16.0,19.0,16.0,16.0,12.0,21.0,10.0,1.0,0.0,746.3059945484199,0.0,0.0,0.0,0.0,0.0,0.0,0.0,0.0,0.0,0.0,83.20610390085781,83.20610390085781,0.34,0.7670160657597758,0.36028137401965956,83.20610390085781,0.3542647819438875,0.0,0.07121333333333334 
 03/08  16:40:00,13.513333333333336,50.0,6.563333333333333,53.833333333333339,396.1666666666667,0.0,0.0,0.0,2.0,0.0,0.0,0.0,0.0,0.0,4.0,674.0,0.0,1222.0230730832128,28.07404106664617,71.93903542650455,36.641847929904248,975.2844702811258,0.0,28.074041066646158,38.37934256462236,0.0,0.0,20.088192200483435,-101.14888413074914,21.979021950947947,-327.46807315598178,20.414070373733599,-740.2638285643643,19.75960669092032,388.0038920756642,16.415363701462789,30.948847381456006,21.716975130917875,-80.45849132394938,17.601124216793524,173.3386328056422,15.98104544146945,108.64964454100687,16.9817713627587,143.0420272787892,600.760604114861,269.8184174589701,0.0,0.0,0.0,0.0,0.0,0.0,0.0,0.0,0.0,0.0,0.0,0.0,0.0,0.0,0.0,0.0,0.0,0.0,0.0,0.0,0.0,0.0,0.33529147324130006,0.1023478245547314,210.56687411160147,249.859158173281,3155.4843649175165,0.018671058946815767,0.0028496732214309779,159.49252482891726,188.8825926016707,2503.008750599102,0.5525605471058865,0.10441431351207234,288.73255627105427,342.4585394815351,4499.365452813973,0.20074593211469833,0.03793384960595205,300.5156828531124,357.33090324059858,4247.70013915582,0.0,0.0,9.155652809467123,11.035919861098819,57.44055764340469,0.0,0.0,14.220652525872844,16.82463109068768,232.43336328284659,0.0,0.0,215.23789063720944,258.0321431446502,2034.6611509181124,0.0,0.0,37.388493495699169,45.11218269484934,211.13535266914517,0.0,0.0,142.37201726122087,171.23028071978835,1075.9001046229089,34.33030204029603,23.546160521465056,426.65367502285167,508.12504446165408,5999.599197103485,0.0,0.0,172.3697653089052,206.9375484139099,1485.4820578020245,131.67321627115508,20.973230811156648,36.06283751926792,21.0,30.0,0.0,21.4268199278398,35.101141430243867,16.0,30.0,0.0,21.280291277607327,36.07751997226309,21.0,30.0,0.0,20.54711816212287,37.68542296399089,19.0,30.0,0.0,16.576463614817898,47.964930245815477,12.0,30.0,0.0,21.666510057244815,40.175401818695927,19.0,30.0,0.0,18.15906217264053,43.248374785975887,10.0,30.0,0.0,16.265308496434188,48.95134989199748,16.0,30.0,0.0,17.21562399401025,46.07549488786914,16.0,30.0,0.0,19.986503022755146,0.0,0.0,0.0,17.729169127508,0.0,0.0,489.5056034647166,497.5922365173783,541.4477418388995,526.2816722319403,461.9399343606801,774.1012874730515,475.0958313024664,470.95620644603647,473.4066888393281,8375.409013674262,82.46698247344878,82.46698247344878,1744.0,0.0,1744.0,1744.0,16.0,19.0,19.0,16.0,16.0,12.0,21.0,10.0,1.0,0.0,131.67321627115508,0.0,0.0,0.0,0.0,0.0,0.0,0.0,0.0,0.0,0.0,82.46698247344878,82.46698247344878,0.34,0.7696172272373406,0.36028137401965956,82.46698247344878,0.3542647819438875,0.0,0.07121333333333334 
 03/08  16:50:00,13.421666666666667,50.0,6.491666666666667,46.66666666666667,362.3333333333333,0.0,0.0,0.0,2.0,0.0,0.0,0.0,0.0,0.0,4.0,1348.0,0.0,1094.6053713555683,24.17052413166101,61.93633540175408,32.82127217929785,873.5935648203856,0.0,24.170524131661,33.042938970321518,0.0,0.0,20.731170748578977,-991.3989966801823,21.92893366431371,-24.37094494369012,20.47309315974418,-735.5065682070217,19.75146406216183,373.2500212406612,16.439177381886187,29.45856836595304,21.754285787009097,-101.71540391013876,17.63627309449633,250.48818206237434,15.99504737371883,101.1463719418918,16.990454497451439,113.42271114985238,641.3679746987573,236.78061838467102,0.0,0.0,0.0,0.0,0.0,0.0,0.0,0.0,0.0,0.0,0.0,0.0,0.0,0.0,0.0,0.0,0.0,0.0,0.0,0.0,0.0,0.0,0.3153179223881656,0.0962508920598796,278.4870015926507,329.8365314471422,4744.215354616507,0.08367807498106679,0.012771378965364285,207.82243076399477,246.63011403303137,3331.834860579718,0.6036481270948044,0.11406805122728735,279.7131561336333,331.9912730452364,4430.044700311189,0.20364060406079682,0.0384808397696139,291.8611243372271,347.3672773261435,4150.05645126228,0.0,0.0,9.872709103475885,11.908667510870313,63.991391754222167,0.0,0.0,14.315275478906975,16.952160699486997,238.9560895717709,0.0,0.0,205.18146565373824,246.12064394132063,1999.2376190255969,0.0,0.0,36.64656384098416,44.2554746569351,214.13967716213677,0.0,0.0,128.7089281630243,154.92557022908245,994.3973157876753,34.28444877138208,23.514711091482917,479.2964640936493,571.1875206145079,6933.648640861331,0.0,0.0,157.2372315782062,189.00057799145976,1345.789985836713,1756.787191877954,21.933575725405839,34.06614600676631,22.0,30.0,0.0,21.436434297359889,35.10550735345818,16.0,30.0,0.0,21.316165021981829,36.060043180151819,21.0,30.0,0.0,20.500237406863726,37.863718624161297,19.0,30.0,0.0,16.587280746235888,47.94366961028307,12.0,30.0,0.0,21.754087505825408,40.42772790480778,19.0,30.0,0.0,18.2137318813574,43.137061078721668,10.0,30.0,0.0,16.270557295606637,49.01956230639753,16.0,30.0,0.0,17.207780884906314,46.180599720413457,16.0,30.0,0.0,20.14546925936577,0.0,0.0,0.0,17.60900443038381,0.0,0.0,506.95979353890268,504.4189396031783,549.8293231975976,542.849073033322,470.000911126339,802.8987634949236,487.77894086378248,482.9044181605453,485.49455036585678,9715.34199041682,81.58094268755989,83.33294421239065,1744.0,0.0,1744.0,1744.0,16.0,19.0,19.0,16.0,16.0,12.0,21.0,10.0,1.0,0.0,1756.787191877954,0.0,0.0,0.0,0.0,0.0,0.0,0.0,2651.427387702219,1590856.4326213315,2059747.2026639393,81.58094268755989,83.36269901452819,0.34338091292340736,0.7676230829242723,0.36028137401965956,83.36269901452819,0.3542647819438875,2059747.2026639393,0.17793263231630264 
 03/08  17:00:00,13.33,50.0,6.42,39.5,328.5,0.0,0.0,0.0,2.0,0.0,0.0,0.0,0.0,0.0,4.0,1349.0,0.0,970.9073382187162,20.30706608758934,52.03629487131679,29.11223031967213,774.8713028815637,0.0,20.30706608758933,27.76129891695437,0.0,0.0,20.532502758758718,-191.78478892962608,21.905261801927133,-468.1324747594249,20.539895482727169,-785.2499599230023,19.789728982861648,417.67619813711738,16.46339107053133,28.43523007312062,21.75879690463772,-80.00558836735496,17.661018851186364,108.14394112417858,16.007583942154839,98.99371478772832,16.997929992637645,120.16683269239366,615.0355699736747,274.4034612300443,0.0,0.0,0.0,0.0,0.0,0.0,0.0,0.0,0.0,0.0,0.0,0.0,0.0,0.0,0.0,0.0,0.0,0.0,0.0,0.0,0.0,0.0,0.49508279600648055,0.1511241746051528,239.34010411070714,284.07198636981925,3882.0959541054564,0.040970755633786309,0.0062531678317744678,208.5396637889163,247.5102885477369,3376.2061284199664,0.4295344961529277,0.08116676042194406,290.7984517710197,345.09097013393457,4683.786857800893,0.1826702436623971,0.03451818663310602,299.34694460080797,356.23281836213786,4338.992922102579,0.0,0.0,8.829507566796489,10.650838461759787,59.10732367199166,0.0,0.0,14.70047337250484,17.40256235745398,249.58400379815513,0.0,0.0,203.7948671460721,244.5134472293292,2008.6172097188538,0.0,0.0,36.02415753784318,43.50409351140842,217.58836190778298,0.0,0.0,134.67246011412426,162.12414812749547,1064.9619783207809,34.10361131334578,23.390679913131544,464.639488341744,553.9296893803331,6760.032426611828,0.0,0.0,163.3650607828513,196.38952738341295,1427.5734968272607,490.56593270330395,21.390020065275068,35.30343163266778,21.25,30.0,0.0,21.428923842738198,35.18201201426083,16.0,30.0,0.0,21.366558475535855,35.99253496108544,21.0,30.0,0.0,20.5482766418911,37.81059406345251,19.0,30.0,0.0,16.60087435678241,47.98455802275198,12.0,30.0,0.0,21.807252299388467,40.67653320157313,19.0,30.0,0.0,18.181142940052938,43.3962651158694,10.0,30.0,0.0,16.275775934242707,49.181064463690258,16.0,30.0,0.0,17.20577035394315,46.36987196935762,16.0,30.0,0.0,20.07710123754965,0.0,0.0,0.0,17.60625765638734,0.0,0.0,521.02334277644,527.8359023283069,568.7470869760068,560.7125497592549,484.36781734259906,830.5803426725295,509.14882184675846,504.57779036137375,509.56652135398317,5046.974865881863,81.35289307071534,81.35289307071534,1744.0,0.0,1744.0,1744.0,16.0,19.0,19.0,16.0,16.0,12.0,21.0,10.0,1.0,0.0,490.56593270330395,0.0,0.0,0.0,0.0,0.0,0.0,0.0,0.0,0.0,0.0,81.35289307071534,81.35289307071534,0.17,0.3477978456556148,0.18014068700982978,81.35289307071534,0.17713239097194376,0.0,0.07043822222222224 
 03/08  17:10:00,13.14,50.333333333333339,6.36,32.33333333333333,294.66666666666665,0.0,4.0,0.0,0.0,0.0,0.0,0.0,0.0,0.0,0.0,1352.0,0.0,852.2697212409084,16.487611582699949,42.249022182126747,25.55492402066301,680.1877208779673,0.0,16.487611582699939,22.539815037766894,0.0,0.0,20.638115600744919,-856.1143376162745,21.847623276741837,-113.73579466754745,20.320870116662314,120.57878513491991,19.804633890181664,-51.47467073295806,16.494328633932903,42.32706215402392,21.473070695275,-523.7553291602461,17.894544970436859,384.9856093819294,16.030966881953725,116.35442853455084,17.027409481925674,172.9739630082354,607.6154878185414,448.7091624299669,0.0,0.0,0.0,0.0,0.0,0.0,0.0,0.0,0.0,0.0,0.0,0.0,0.0,0.0,0.0,0.0,0.0,0.0,0.0,0.0,0.0,0.0,0.47628483451670547,0.1453860911223155,344.54754221210859,408.8526075783957,5789.545394535462,0.0666962731176449,0.010179528864109417,130.84544231658016,155.0884091628987,2182.958047877816,0.6953915502021466,0.1314042989799975,167.08974489693419,198.67013081407039,2698.8039427860828,0.21296074928557219,0.04024201611594334,27.075598287301049,32.22470975983283,400.1568869305927,0.0,0.0,11.383253221397557,13.728951226756779,81.25334348770497,0.0,0.0,97.14958976617742,115.23580618740974,1594.9895435382685,0.0,0.0,332.2824225244856,397.9949320458217,3702.387525730058,0.0,0.0,40.74625489961792,49.19976787603842,264.1786647446579,0.0,0.0,173.29253779434806,208.575154648025,1450.8607915310068,34.21016099784049,23.463759257778127,280.54930543881997,334.59463574792587,4363.274769480875,0.0,0.0,207.1450241822496,248.80294331880763,1978.8660286046716,922.9496190134214,21.45942143974271,35.04091044961723,21.5,30.0,0.0,21.480322718014368,34.97414731626521,16.0,30.0,59.79844672555591,21.126970131674633,35.8467885669411,21.0,30.0,0.0,20.4419552836002,40.68519132634702,19.0,30.0,0.0,16.629420763965287,48.37117684854699,12.0,30.0,0.0,21.34226439764083,37.93986108807376,16.0,30.0,0.0,18.644204927492525,43.15911149370639,10.0,30.0,0.0,16.30462724051477,49.860617209956789,16.0,30.0,0.0,17.24747907050632,47.19047718389086,16.0,30.0,0.0,19.993575439823169,0.0,0.0,0.0,17.80048640694092,0.0,0.0,539.2528611894045,538.7044907854298,539.3424443823044,715.595680724317,516.0099583076154,636.8808073657167,567.1456469901694,547.9429106727271,561.363463219296,7115.62513347325,81.96670691097252,83.75378337080895,162.0,0.0,162.0,162.0,16.0,19.0,16.0,16.0,16.0,12.0,21.0,10.0,1.0,0.0,922.9496190134214,0.0,59.79844672555591,0.0,0.0,0.0,0.0,0.0,2704.4536596778636,1622672.195806718,2104883.1418881367,81.96670691097252,83.78413386178366,0.26014845532259547,0.537719456980716,0.27021103051474468,83.78413386178366,0.2656985864579156,2104883.1418881367,0.11596092337818309 
 03/08  17:20:00,12.950000000000001,50.66666666666667,6.3,25.166666666666666,260.83333333333339,0.0,4.0,0.0,0.0,0.0,0.0,0.0,0.0,0.0,0.0,1356.0,0.0,716.8641199078525,12.716730583907776,32.58622798047034,21.49484023798588,572.1218150420718,0.0,12.71673058390777,17.384734824002739,0.0,0.0,20.324531069326097,353.60255248332398,21.737622547177467,-230.20271374625339,20.82716882616085,-1245.1035921720314,19.778620197137479,6.553245748555128,16.523729301627819,37.36672467268362,21.077084064765523,-404.50416824761569,17.951243769395466,196.45980117267573,16.05412549377934,103.84633251711449,17.06419216836807,143.68275842958725,631.2107390032356,389.57143897714948,0.0,0.0,0.0,0.0,0.0,0.0,0.0,0.0,0.0,0.0,0.0,0.0,0.0,0.0,0.0,0.0,0.0,0.0,0.0,0.0,0.0,0.0,0.6925133599996356,0.21138991452980333,344.45397003695578,409.0808436726983,5660.237521584855,0.13915633668162237,0.021238757124789739,103.43799896876669,122.80134608689167,1747.886592739873,0.06496471154270968,0.01227602258932534,279.76221370130227,331.3905693029436,5041.383902430909,0.2135434111692875,0.04035211851271493,31.169228565211868,37.08382565666298,467.48495175516066,0.0,0.0,10.568789127277505,12.744766002089051,80.02619146235608,0.0,0.0,90.41132683914697,107.47547370930424,1429.2495173151397,0.0,0.0,303.34061349731339,363.288579429357,3502.205502523291,0.0,0.0,37.309142585235779,45.03852804402953,258.111597815354,0.0,0.0,156.77202975539906,188.62446729398739,1386.7587025776814,34.268702874681277,23.503911436681269,304.63104367791279,363.21251821614995,4792.361269104393,0.0,0.0,187.03427748014173,224.7349761339555,1805.8149092310114,0.0,21.138432500237984,35.744572313318538,21.0,30.0,0.0,21.37908904935605,35.07532900597093,16.0,30.0,2302.772803341369,21.974751327997877,33.772269745329577,22.0,30.0,0.0,20.36765563213016,42.85521007822268,19.0,30.0,0.0,16.653195609565154,48.584082049519967,12.0,30.0,0.0,20.817331341964456,37.691124228408799,16.0,30.0,0.0,18.646850738906158,42.89334527128351,10.0,30.0,0.0,16.327766971096524,50.04346415944732,16.0,30.0,0.0,17.289272618489524,47.03888733595479,16.0,30.0,0.0,19.990272105747978,0.0,0.0,0.0,17.681418677927505,0.0,0.0,550.4350819647481,550.1186441440367,553.90513674086,841.513078628531,540.2304801535024,572.1928469216105,567.6678732998371,570.3271857788271,572.2976032453826,10462.78142598964,81.08661715851628,84.70916102426344,162.0,0.0,162.0,162.0,16.0,19.0,16.0,16.0,16.0,12.0,21.0,10.0,1.0,0.0,0.0,0.0,2302.772803341369,0.0,0.0,0.0,0.0,0.0,5482.062094254364,3289237.256552618,4271439.895105782,81.08661715851628,84.77068384512416,0.3527354031418122,0.7688835788060816,0.36028137401965956,84.77068384512416,0.3542647819438875,4271439.895105782,0.22863987454550067 
 03/08  17:30:00,12.76,51.0,6.24,18.0,227.0,0.0,4.0,0.0,0.0,0.0,0.0,0.0,0.0,0.0,0.0,1356.0,0.0,569.9526689904972,9.000316329038564,23.06301367438864,17.089761358882276,454.8732372771042,0.0,9.00031632903856,12.304114778564058,0.0,0.0,20.709562116533478,-835.7089657661595,21.605731996656908,-142.74548926986314,20.384555081167535,-199.04958812350356,19.769548305623279,-37.41481061328426,16.54395650425451,35.91208610648128,20.793533019570917,-335.03744098965526,17.962954091444968,226.14609527000312,16.065400748583003,97.76805814694836,17.072199383089367,112.15925045440713,596.0931268469351,404.9856082753013,0.0,0.0,0.0,0.0,0.0,0.0,0.0,0.0,0.0,0.0,0.0,0.0,0.0,0.0,0.0,0.0,0.0,0.0,0.0,0.0,0.0,0.0,0.5997918674788173,0.18308665063455963,337.1745386573798,399.5290513701593,6014.3424791786769,0.11238253406859107,0.017152401414620129,141.94271031600486,168.5107017617136,2423.9063115376877,0.5962177644204746,0.11266397664785993,184.9829658720067,219.63455149728027,3125.880205662742,0.1914719273553545,0.03618139216843432,23.376487558584278,27.813190425107427,357.70860786239509,0.0,0.0,10.541587194261579,12.710700930857254,84.12150122899854,0.0,0.0,84.37469234222245,100.41611475232287,1312.7202389244126,0.0,0.0,301.88766488300987,361.56404977986446,3594.5149449677307,0.0,0.0,38.50622694074498,46.482959585831377,281.6037547619927,0.0,0.0,154.78459327108,186.23947645973557,1427.0219639031564,34.13070386128104,23.409261907600177,283.1981311538061,337.4872941873314,4601.551703949655,0.0,0.0,185.83882231187656,223.37312477076967,1831.1435705143179,1400.687560739783,21.593600976754993,34.60348309473596,21.75,30.0,0.0,21.28087331674534,35.25677826621292,16.0,30.0,4.909339994389686,21.222999387979607,35.32154255209659,21.0,30.0,0.0,20.316236525982324,44.117437132187699,19.0,30.0,0.0,16.66403337777879,48.51520128025308,12.0,30.0,0.0,20.493488945769767,38.07959820656035,16.0,30.0,0.0,18.634715121026394,42.556600755622358,10.0,30.0,0.0,16.331955196507417,49.63608857635446,16.0,30.0,0.0,17.28356800971599,46.60607607755759,16.0,30.0,0.0,19.85617214306335,0.0,0.0,0.0,17.58746110281502,0.0,0.0,567.4911248143654,565.418784942854,564.6567518425908,922.4897798309254,551.4728285078143,566.3744794921099,566.3987502420406,568.1175087494562,567.2201426502646,9102.244644534227,81.98627270203865,83.76170329762961,162.0,0.0,162.0,162.0,16.0,19.0,16.0,16.0,16.0,12.0,21.0,10.0,1.0,0.0,1400.687560739783,0.0,4.909339994389686,0.0,0.0,0.0,0.0,0.0,2686.84769017749,1612108.6141064943,2086737.5998184987,81.98627270203865,83.79185600316782,0.344561589672583,0.770184298440449,0.36028137401965956,83.79185600316782,0.3542647819438875,2086737.5998184987,0.11505335519056195 
 03/08  17:40:00,12.57,51.33333333333333,6.18,15.0,189.16666666666669,0.0,4.0,0.0,0.0,0.0,0.0,0.0,0.0,0.0,0.0,1356.0,0.0,430.2808728665676,7.128521029087853,18.26657330861129,12.901765810304085,343.40261404927716,0.0,7.12852102908785,9.745228693831246,0.0,0.0,20.938989496104939,-742.7645591514429,21.6526240044891,62.46966613999143,20.65548714887636,-375.400142990248,19.77068066115859,-2.2997397420377299,16.56272315807476,37.55286348037309,20.571380557919605,-262.98437455999899,18.034044650359456,211.81244737357339,16.077703307780636,98.96478481190604,17.077964261631345,121.97698820389815,617.7253922557409,470.9517836576713,0.0,0.0,0.0,0.0,0.0,0.0,0.0,0.0,0.0,0.0,0.0,0.0,0.0,0.0,0.0,0.0,0.0,0.0,0.0,0.0,0.0,0.0,0.6499621169297198,0.1984011345939316,290.0608450813959,343.83091558671188,5366.813118101511,0.1516001980057606,0.023138003358632574,168.42762381061795,199.80015369831055,3032.671257293385,0.5142579939597773,0.0971764916779625,144.88198506307078,171.80834805914157,2678.6181423721848,0.26580238419029886,0.050227207896881859,35.05050575938909,41.71348220751686,548.1888598008272,0.0,0.0,10.57987656951556,12.757680803548743,88.73178243658407,0.0,0.0,77.60710108896676,92.43334554237481,1205.1380537677483,0.0,0.0,309.11560742693225,370.14463232465337,3849.624432804174,0.0,0.0,39.27419711617667,47.41221388972718,302.98497171605819,0.0,0.0,164.23317417989512,197.62072859140728,1576.712229414339,34.530345965205878,23.683364859537645,238.46338860129348,284.34006695556357,4104.618978686425,0.0,0.0,196.17013980347682,235.80587905946073,2008.2112654892524,941.9960111396713,21.80452284472906,34.17678652813672,21.5,30.0,0.0,21.534740879538015,34.68514365967623,21.0,30.0,1006.5795143529706,21.720948114471939,34.31731989420523,21.5,30.0,0.0,20.29764243341582,43.69188314540591,19.0,30.0,0.0,16.674532168671435,48.26633895872257,12.0,30.0,0.0,20.283091347578777,38.240170086154169,16.0,30.0,0.0,18.717443541803865,41.993002559357019,10.0,30.0,0.0,16.339394646184837,49.15249090814488,16.0,30.0,0.0,17.28142959952697,46.16731745580793,16.0,30.0,0.0,19.864013885571685,0.0,0.0,0.0,17.58676590773455,0.0,0.0,587.1761516862849,583.1032745949212,579.037741633321,914.5355254514808,558.4388465978339,568.3301720467822,571.3023546023788,567.5234988310813,567.7652044954939,4666.012150012546,82.47351705731062,84.16536904659442,162.0,0.0,162.0,162.0,21.0,19.0,16.0,16.0,16.0,12.0,21.0,10.0,1.0,0.0,941.9960111396713,0.0,1006.5795143529706,0.0,0.0,0.0,0.0,0.0,2560.488330268342,1536292.998161005,1994472.0164720563,82.47351705731062,84.19410230993562,0.17034961100894475,0.3829598480851654,0.18014068700982978,84.19410230993562,0.17713239097194376,1994472.0164720563,0.11027354485654692 
 03/08  17:50:00,12.379999999999999,51.66666666666667,6.119999999999999,0.0,0.0,0.0,4.0,0.0,0.0,0.0,0.0,0.0,0.0,0.0,0.0,680.0,0.0,0.0,0.0,0.0,0.0,0.0,0.0,0.0,0.0,0.0,0.0,20.65107136119866,-449.60699999574629,21.333256998072558,-326.4286405447774,20.60331639665346,-193.21623219642607,19.772556060536908,-23.944374209263743,16.556506009616287,34.67976276695086,20.243562979653249,-218.46736974629858,17.97691142269978,152.15825544355904,16.08822066611134,93.50786741444881,17.083529453133616,105.67037248643283,573.4691429976006,494.6074614471013,0.0,0.0,0.0,0.0,0.0,0.0,0.0,0.0,0.0,0.0,0.0,0.0,0.0,0.0,0.0,0.0,0.0,0.0,0.0,0.0,0.0,0.0,0.6631364278853553,0.20242259703460176,269.2913439268877,318.9870954267486,4922.248543939926,0.09060331415486046,0.01382834465123023,199.78240374497768,236.8378516362363,3521.4792803320717,0.637336559201906,0.1204339681031569,47.35162234141189,56.09197433682168,878.5576604645426,0.21609050159317384,0.04083342811662392,26.43162945248732,31.434783448517345,423.3992297579432,0.0,0.0,9.97475779370861,12.016197255260636,87.29440966047105,0.0,0.0,75.88640398043093,90.35884308313249,1172.9336880726613,0.0,0.0,298.97537053514909,357.79856536364,3753.9075649569938,0.0,0.0,38.70025795139185,46.66827884688422,314.124372221648,0.0,0.0,160.9678758694489,193.48540863486378,1607.5284352259633,34.185496667886358,23.44684270774099,209.65498952069584,249.91314371584375,3552.851421506668,0.0,0.0,192.50260534180866,231.2453025899879,1998.669652522613,899.6973179566469,21.408599314646588,35.05419706890391,21.5,30.0,23.89787366631385,21.245919490468805,35.30194300767862,21.0,30.0,1046.5963422700775,21.496400569208299,34.84926731892392,21.5,30.0,0.0,20.28718195099443,43.85965573787652,19.0,30.0,0.0,16.66279975803057,48.0816446449915,12.0,30.0,0.0,20.0487186181103,38.66113384545601,16.0,30.0,0.0,18.57165428430676,42.320323213236779,10.0,30.0,0.0,16.346537022925188,48.868246008621557,16.0,30.0,0.0,17.28099250906235,46.01616059653403,16.0,30.0,0.0,19.624578736644176,0.0,0.0,0.0,17.466108814225465,0.0,0.0,590.9052531198588,597.1577071064925,590.6795975664268,935.9497287281909,564.4056741981442,571.8830453059914,574.2063706317574,569.6501330142221,570.4521403590286,9899.660544655759,81.45897590408589,85.09895241689165,162.0,0.0,162.0,162.0,21.0,19.0,16.0,16.0,16.0,12.0,21.0,10.0,1.0,0.0,899.6973179566469,23.89787366631385,1046.5963422700775,0.0,0.0,0.0,0.0,0.0,5508.415390230398,3305049.2341382389,4288184.772772606,81.45897590408589,85.16077130197184,0.3536138463410133,0.7709680414517679,0.36028137401965956,85.16077130197184,0.3542647819438875,4288184.772772606,0.22951960818417553 
 03/08  18:00:00,12.19,52.0,6.06,0.0,0.0,0.0,4.0,0.0,0.0,0.0,0.0,0.0,0.0,0.0,0.0,1360.0,0.0,0.0,0.0,0.0,0.0,0.0,0.0,0.0,0.0,0.0,0.0,20.741457039882,7.6565130264864369,21.674732365361373,-766.9481879130246,20.407296538554854,-248.6151046850796,19.777828680592397,-23.00057977007023,16.563750623145645,31.089698111094948,20.046343441038979,-208.7643646053417,17.95070673922656,182.62078585361588,16.085629886496208,75.93862646296407,17.064425345028235,53.0424538890195,583.970302227257,478.5014617874708,0.0,0.0,0.0,0.0,0.0,0.0,0.0,0.0,0.0,0.0,0.0,0.0,0.0,0.0,0.0,0.0,0.0,0.0,0.0,0.0,0.0,0.0,0.6774475542727686,0.2067910727328354,244.58751718402008,290.18723085163637,4483.158967120766,0.0703850191841171,0.010742524295500168,197.6871939528799,234.05856266624915,3797.1808859120135,0.7018060898359935,0.13261641909221348,92.01903527511814,109.23852576494271,1682.9415817734692,0.22791275313505716,0.04306741366875606,27.43663884856296,32.65313173894792,449.4861107244255,0.0,0.0,9.879588954035814,11.914751381836238,90.01213261603334,0.0,0.0,73.07313635123735,87.1609521355585,1131.022413619791,0.0,0.0,288.3907050382204,345.587597164817,3691.677251914047,0.0,0.0,37.730084646304977,45.55161353014162,319.25684165850239,0.0,0.0,151.50044463718218,182.33639679106268,1556.4233179776318,34.26907867516042,23.504169187352838,194.57489624032886,232.14779240020017,3430.2998976335,0.0,0.0,181.6701959120764,218.62723558398799,1881.4356024563168,0.0,21.331851492404767,35.08840456371933,21.0,30.0,1348.1474228414336,21.810552193750568,34.020309547872908,21.75,30.0,14.153321827634102,21.246487769248949,35.19752149606779,21.0,30.0,0.0,20.278547708861774,44.27961736007605,19.0,30.0,0.0,16.65045119681664,47.984081090105018,12.0,30.0,0.0,19.866049910551589,39.00590125497027,16.0,30.0,0.0,18.506051042956803,42.35210656880523,10.0,30.0,0.0,16.3264210292648,48.8095026081354,16.0,30.0,0.0,17.232523169277746,46.037403009001149,16.0,30.0,0.0,19.6076418683913,0.0,0.0,0.0,17.260529807015116,0.0,0.0,599.20253123262,605.81597529143,598.134857731133,970.1863153949983,568.0730167469922,574.972324121257,578.2900333443763,572.7408136824359,573.9084439084224,9094.007327531135,81.99173781823463,83.71380787411487,162.0,0.0,162.0,162.0,21.0,19.0,16.0,16.0,16.0,12.0,21.0,10.0,1.0,0.0,0.0,1348.1474228414336,14.153321827634102,0.0,0.0,0.0,0.0,0.0,2606.1753011466237,1563705.1806879743,2025395.9568655024,81.99173781823463,83.74305434054397,0.34187251003822086,0.7681010116596573,0.36028137401965956,83.74305434054397,0.3542647819438875,2025395.9568655024,0.11182758975700612 
 03/08  18:10:00,11.998333333333333,52.333333333333339,6.055,0.0,0.0,0.0,0.0,0.0,0.0,0.0,0.0,4.0,0.0,0.0,0.0,1360.0,0.0,0.0,0.0,0.0,0.0,0.0,0.0,0.0,0.0,0.0,0.0,20.507097464072709,187.30519960151015,21.49960460538935,-93.7925138059332,20.758238184572975,-2127.0973835289498,19.96659188005771,706.6009436245845,16.57422855801266,27.09385947739065,19.871378012228793,-185.23341135824456,17.902455355872623,123.89403639562033,16.068609205873388,59.78571578194209,17.018998028327827,15.939603767304334,707.0363225644442,497.04301853168865,0.0,0.0,0.0,0.0,0.0,0.0,0.0,0.0,0.0,0.0,0.0,0.0,0.0,0.0,0.0,0.0,0.0,0.0,0.0,0.0,0.0,0.0,0.8430858783022164,0.25735222170397328,238.82954354195017,283.6031151228789,4389.596562429085,0.04583932356379823,0.006996233755158461,21.669456891471979,25.684971148553069,419.5939981641926,0.555396368284871,0.10495018297144204,545.8774804124317,647.2702252873871,10471.276748135559,0.22932999053958448,0.04333522119039766,354.11366213876706,421.1951018916203,6205.062319480752,0.0,0.0,9.43863870768623,11.383076843914929,89.53753152650387,0.0,0.0,69.25234098999442,82.65199627290285,1074.7970154793425,0.0,0.0,281.7612847941781,337.7786822142208,3651.253803686533,0.0,0.0,36.211379836948818,43.72709063407451,317.3459982740319,0.0,0.0,151.5361242816823,182.4439033124157,1589.4161631091975,34.47534176993151,23.64563907402711,519.8801120751064,619.8686530865484,8936.742015284643,0.0,0.0,180.5267061257481,217.3907595388061,1877.3827712007006,0.0,21.132394141034707,36.35536626841015,21.0,30.0,0.0,21.667541687320715,37.490721408117767,21.0,30.0,2619.4984942702596,21.625478789132179,36.055252378187898,21.75,30.0,0.0,20.736462301484268,37.3894052175131,16.0,30.0,0.0,16.643197545748639,47.85427852168645,12.0,30.0,0.0,19.691679532255127,39.394645032085367,16.0,30.0,0.0,18.38971703048964,42.74145504847869,10.0,30.0,0.0,16.28243906518681,48.73481064215754,16.0,30.0,0.0,17.145332049904636,46.08604121231309,16.0,30.0,0.0,20.028534972487248,0.0,0.0,0.0,17.086853881586376,0.0,0.0,660.533782176285,793.6793496682271,716.3250898042595,672.0479520887454,574.6881294900813,590.5431053426966,600.4311232224192,579.7778626880515,583.1663949774734,7076.396499493823,81.3847547271279,83.07086261822713,240.0,0.0,240.0,240.0,21.0,16.0,16.0,16.0,16.0,12.0,21.0,10.0,1.0,0.0,0.0,0.0,2619.4984942702596,0.0,0.0,0.0,0.0,0.0,2551.8036082674686,1531082.164960481,1986643.2364372395,81.3847547271279,83.09949832771204,0.2550601202755823,0.5759600014955241,0.27021103051474468,83.09949832771204,0.2656985864579156,1986643.2364372395,0.11290544829473645 
 03/08  18:20:00,11.806666666666667,52.66666666666667,6.05,0.0,0.0,0.0,0.0,0.0,0.0,0.0,0.0,4.0,0.0,0.0,0.0,682.0,0.0,0.0,0.0,0.0,0.0,0.0,0.0,0.0,0.0,0.0,0.0,20.907398993307809,-722.0739699251599,21.525676180602365,-91.09911894260279,20.590744391982815,-655.6347087566937,19.972939027324864,107.63526326654119,16.58999644223871,26.629841320287313,19.710972074626903,-169.87700503591123,17.90165100216948,167.2474631631694,16.05332609840282,58.635471732173758,16.97679090544656,18.039901822302455,682.5647084386146,530.2253304028773,0.0,0.0,0.0,0.0,0.0,0.0,0.0,0.0,0.0,0.0,0.0,0.0,0.0,0.0,0.0,0.0,0.0,0.0,0.0,0.0,0.0,0.0,0.8211898690648056,0.2506684582004901,274.88009906555427,325.1671197025313,5499.80439090135,0.0249313282301572,0.003805147776275519,23.871279425991916,28.221097914453794,476.5617443320208,0.9015743265915817,0.17036551900823547,445.0990912062157,527.8377760921135,8443.265130019467,0.21039643373812029,0.039757451575608507,228.14639178446783,271.20953365517576,4078.7274459111215,0.0,0.0,9.583620852588802,11.545168161578424,94.73352368996714,0.0,0.0,68.61712512743195,81.85430708507426,1068.9994705976924,0.0,0.0,284.31194433744897,340.4576308846673,3792.9880575318959,0.0,0.0,37.237075320597508,44.92009392187505,338.19883524819286,0.0,0.0,150.63883710864375,181.20916867750675,1617.239620666644,34.567443318196087,23.7088088602168,431.4068339610816,513.9442724603066,7606.369259147373,0.0,0.0,180.4876932064273,217.2030903149651,1898.4837405342437,1264.7700626960196,21.73234725069139,35.29920327850945,21.5,30.0,0.0,21.782133725659749,40.168996753608357,21.0,30.0,1366.048300256731,21.29425218887036,36.166221473077388,21.5,30.0,0.0,20.640425994392105,37.75046313521025,16.0,30.0,0.0,16.64669898002119,47.80712327772893,12.0,30.0,0.0,19.52259999762134,39.89744003858146,16.0,30.0,0.0,18.385470367555685,42.9225733084191,10.0,30.0,0.0,16.24598198048628,48.898414890031649,16.0,30.0,0.0,17.07305713863026,46.42922685140826,16.0,30.0,0.0,19.930225033810026,0.0,0.0,0.0,16.95055756452654,0.0,0.0,683.0069383064009,960.7029026273633,676.9819373124356,686.2798517544276,586.1700526092465,603.8661113176747,614.800617767343,592.857611172376,596.6975920870744,10003.087664799366,81.39056733669244,85.07883227196115,240.0,0.0,240.0,240.0,21.0,16.0,16.0,16.0,16.0,12.0,21.0,10.0,1.0,0.0,1264.7700626960196,0.0,1366.048300256731,0.0,0.0,0.0,0.0,0.0,5581.412485918392,3348847.491551035,4344622.631061239,81.39056733669244,85.14147125476132,0.35604708286394645,0.7698082265662237,0.36028137401965956,85.14147125476132,0.3542647819438875,4344622.631061239,0.23553371014851777 
 03/08  18:30:00,11.614999999999999,53.0,6.045,0.0,0.0,0.0,0.0,0.0,0.0,0.0,0.0,4.0,0.0,0.0,0.0,1023.0,0.0,0.0,0.0,0.0,0.0,0.0,0.0,0.0,0.0,0.0,0.0,21.070326655011745,-1217.7292412610828,21.52283290046462,-108.52730879048815,20.665379047341675,-160.8708787346489,19.878608558151336,368.2234771878373,16.61016817153083,26.921525827947684,19.58955636187474,-141.5132077447542,17.964109760070479,179.61903679496266,16.044497925796436,54.30141492579884,16.94315340370146,7.319949244544656,625.3009599713305,604.7620613294973,0.0,0.0,0.0,0.0,0.0,0.0,0.0,0.0,0.0,0.0,0.0,0.0,0.0,0.0,0.0,0.0,0.0,0.0,0.0,0.0,0.0,0.0,0.7782425221046392,0.23755876743120847,275.73838113598989,326.4503152482203,5658.75012888693,0.014756251134704513,0.002252175081609357,23.187995427176305,27.433019805218675,473.44080619501548,1.01924843475472,0.19260174504057443,299.2429762983721,355.1229928406655,5778.669060429491,0.27361220329706617,0.05170298626172827,285.7563292939742,340.0067505111297,5120.994934196858,0.0,0.0,9.656453224581412,11.641898355062488,99.42826090003857,0.0,0.0,63.41385230034005,75.73518753694202,998.9997972318837,0.0,0.0,295.00690017765529,353.43910483770568,4098.670135679908,0.0,0.0,38.462451971469317,46.4390426818885,362.4129857601382,0.0,0.0,161.22787884373225,194.12624025506595,1775.3872694437687,34.9127596694058,23.945651350758444,314.4074058270564,375.19848222870976,5620.435211716455,0.0,0.0,192.34148955491785,231.67670241950223,2080.277498224308,1517.082074410845,21.871802080388304,34.52755304789542,21.999999999999994,29.99999999999999,0.0,21.825035516228565,41.173461954951338,20.999999999999994,29.99999999999999,0.0,21.251440360298014,35.90395478064988,20.999999999999994,29.99999999999999,0.0,20.525387609069,37.77680805901288,15.999999999999993,29.99999999999999,0.0,16.65810672574235,47.785471984948177,11.999999999999995,29.99999999999999,0.0,19.41546835240927,40.19327886273545,15.999999999999993,29.99999999999999,0.0,18.46986184341248,42.65108144376339,9.999999999999997,29.99999999999999,0.0,16.221230837684577,49.10724086146006,15.999999999999993,29.99999999999999,0.0,17.016788769401044,46.72100934960068,15.999999999999993,29.99999999999999,0.0,19.614824379883787,0.0,0.0,0.0,16.904074516423337,0.0,0.0,663.2223880765853,1022.435091898984,665.4913540730562,671.9445807127472,595.9036434789316,612.5704728899924,623.012696728416,605.8538879205477,610.2384647801998,9391.636191464833,81.79501501562884,81.79501501562884,239.99999999999992,0.0,239.99999999999992,239.99999999999992,21.0,16.0,16.0,16.0,16.0,12.0,21.0,10.0,1.0,0.0,1517.082074410845,0.0,0.0,0.0,0.0,0.0,0.0,0.0,0.0,0.0,0.0,81.79501501562884,81.79501501562884,0.3399999999999999,0.769648896901986,0.36028137401965945,81.79501501562884,0.35426478194388735,0.0,0.009626666666666666 
 03/08  18:40:00,11.423333333333332,53.333333333333339,6.039999999999999,0.0,0.0,0.0,0.0,0.0,0.0,0.0,0.0,4.0,0.0,0.0,0.0,3069.0,0.0,0.0,0.0,0.0,0.0,0.0,0.0,0.0,0.0,0.0,0.0,20.922780883568465,-678.6026373532683,21.50564544377867,-123.57148610367412,20.74196394560235,-789.6601835304474,19.955592042931916,468.38861274234548,16.632884529394436,25.463220938120423,19.49452721347003,-115.92606582761586,17.976456408410109,117.84170792873583,17.066626288327215,-19.946063957284058,16.916544944601467,-3.216191568672318,635.9646162759417,637.2973573984864,0.0,0.0,0.0,0.0,0.0,0.0,0.0,0.0,0.0,0.0,0.0,0.0,0.0,0.0,0.0,0.0,0.0,0.0,0.0,0.0,0.0,0.0,0.8578321242135777,0.26185351776971307,167.47463022746468,198.8855363493504,3433.484696313882,0.02093498695884407,0.0031952055797991654,25.983642215977857,30.76519712198622,541.0564426266088,0.9398680255920433,0.1776016677233647,291.9866259425224,346.61327378514457,5943.86512197257,0.2700184601569427,0.05102389647712459,308.9544325589789,367.8708505283924,5732.968800751762,0.0,0.0,9.25568208530316,11.17033278102877,99.17326858513442,0.0,0.0,59.23529592467003,70.83281774425196,947.4711740411727,0.0,0.0,285.16357419076237,342.0458610661689,4067.2053315372179,0.0,0.0,22.083161538923755,26.600864702320857,272.623543551368,0.0,0.0,174.8505685544017,210.76831386496725,1978.808776514904,35.057326461117089,24.044805528886955,306.32160286147538,366.0892102341881,5615.407285940863,0.0,0.0,190.39492345774279,229.6484477034124,2108.720810852976,625.44453438388,21.564485662284655,35.32326510680202,21.444444444444497,30.000000000000076,0.0,21.83601409481182,41.64425769543051,21.00000000000005,30.000000000000076,1092.7498188757659,21.508929876742259,34.87544337383362,21.333333333333387,30.000000000000076,0.0,20.665583775843513,37.0151700599485,16.00000000000004,30.000000000000076,0.0,16.67319638327282,47.746326660100297,12.000000000000032,30.000000000000076,0.0,19.342965960910413,40.3952768891801,19.00000000000005,30.000000000000076,0.0,18.46073380090162,42.67506335379339,10.000000000000025,30.000000000000076,1334.1325162593312,17.778866641837575,44.586334380285567,20.700000000000054,30.000000000000076,0.0,16.975555054358567,46.85282074442704,16.00000000000004,30.000000000000076,0.0,19.58269347195406,0.0,0.0,0.0,16.839777062369217,0.0,0.0,676.1613866517878,1052.4386928005368,650.3082061261324,660.2544380996609,606.1731825790807,625.2663254865095,635.1712626381366,617.1071258151296,624.4942937887588,9680.897270796351,81.6037261816038,83.14070249525041,240.0000000000006,0.0,240.0000000000006,240.0000000000006,21.0,16.0,19.0,16.0,19.7,12.0,21.0,10.0,1.0,0.0,625.44453438388,0.0,1092.7498188757659,0.0,0.0,0.0,1334.1325162593312,0.0,2326.0445835343955,1395626.7501206333,1818503.6651691329,81.6037261816038,83.16680545546733,0.34197926389559166,0.7695837329643966,0.36028137401966056,83.16680545546733,0.3542647819438884,1818503.6651691329,0.10420219058879489 
 03/08  18:50:00,11.231666666666666,53.666666666666667,6.035,0.0,0.0,0.0,0.0,0.0,0.0,0.0,0.0,4.0,0.0,0.0,0.0,2046.0,0.0,0.0,0.0,0.0,0.0,0.0,0.0,0.0,0.0,0.0,0.0,20.92054836468661,-434.9568875667518,21.47813568687348,-117.16865125669377,20.80751654459366,-1093.9428186930159,20.030700606178294,483.80734338044297,16.656082084541283,23.40929866396415,19.4028919707249,-120.66321707735163,17.918002837951318,132.46872992982706,18.259504404847374,-117.66735023005157,16.877581055444915,-25.749932601358638,683.4259901002512,686.9630420168234,0.0,0.0,0.0,0.0,0.0,0.0,0.0,0.0,0.0,0.0,0.0,0.0,0.0,0.0,0.0,0.0,0.0,0.0,0.0,0.0,0.0,0.0,0.8762845270343578,0.26748611936335678,139.1322286160006,165.12332780443445,2893.346393378108,0.029508457674023909,0.004503732856230749,25.244476186049984,29.90732458398656,534.9826132851027,0.8939385931957387,0.16892263665830269,323.1147722947202,383.26340425797829,6769.699756945079,0.26281253774621568,0.049662233134205448,312.33723104802729,371.5432049432302,5990.908943874025,0.0,0.0,9.265897114809697,11.178378785616829,103.2022267285573,0.0,0.0,60.42238270957464,72.25451868186377,980.350499250525,0.0,0.0,278.8781553770669,334.52564617734586,4024.2315167067156,0.0,0.0,28.401859288942576,33.86954834893779,496.16023803904735,0.0,0.0,185.9164443787464,224.10818698499677,2152.74319611556,35.200045048579699,24.142692077215135,327.69208354832167,391.29316347618205,6196.138049010048,0.0,0.0,190.70699504586595,230.00404297526789,2157.790644514943,823.5549557678394,21.564292173315363,35.28821191718443,21.49999999999997,29.999999999999959,0.0,21.825631755975729,41.368050087342897,20.99999999999997,29.999999999999959,1657.69616602866,21.64614615597634,34.19341913789575,21.49999999999997,29.999999999999959,0.0,20.778513871172348,36.385510188820919,15.999999999999977,29.999999999999959,0.0,16.68926102827836,47.72160840780637,11.999999999999983,29.999999999999959,0.0,19.262680758550699,40.74940938773345,18.99999999999997,29.999999999999959,0.0,18.34896700609094,43.03322743637222,9.999999999999986,29.999999999999959,1264.8123308211414,19.7964320661995,39.29478528603625,20.69999999999997,29.999999999999959,0.0,16.91140371497141,47.088037802857048,15.999999999999977,29.999999999999959,0.0,19.710106769089778,0.0,0.0,0.0,16.76329369839034,0.0,0.0,680.7355512832362,1044.7094915476105,641.0232174419698,652.0214696565236,618.7045174764476,644.7243539150402,647.1059921047364,630.4560767247198,637.2725400499144,9804.322625104405,81.52206650033914,82.7845274867496,239.99999999999967,0.0,239.99999999999967,239.99999999999967,21.0,16.0,19.0,16.0,19.7,12.0,21.0,10.0,1.0,0.0,823.5549557678394,0.0,1657.69616602866,0.0,0.0,0.0,1264.8123308211414,0.0,1910.4138917328065,1146248.3350396855,1483649.4945177115,81.52206650033914,82.80596826538171,0.3470137963910932,0.7706481768295929,0.360281374019659,82.80596826538171,0.354264781943887,1483649.4945177115,0.08670977371492102 
 03/08  19:00:00,11.04,54.0,6.03,0.0,0.0,0.0,0.0,0.0,0.0,0.0,0.0,4.0,0.0,0.0,0.0,682.0,0.0,0.0,0.0,0.0,0.0,0.0,0.0,0.0,0.0,0.0,0.0,20.88687246184574,-423.4742695960397,21.453290990168854,-137.79425891788913,20.731921854229037,-459.7657223852857,20.021619917212964,190.88112042348303,16.680920898876218,21.425649428780277,19.30628095637919,-103.5094697905497,17.86413529339724,72.95959480422425,18.856972728622677,-207.89512260948619,16.84054100829225,-17.294709437846906,555.0176353352204,757.6900676505611,0.0,0.0,0.0,0.0,0.0,0.0,0.0,0.0,0.0,0.0,0.0,0.0,0.0,0.0,0.0,0.0,0.0,0.0,0.0,0.0,0.0,0.0,0.9314547952502233,0.28432686057699127,108.0114196963201,127.83358691094574,2310.477338639685,0.0,0.0,30.89144646671904,36.501982964264069,665.2017905321409,0.9593093371580144,0.18127538495049409,187.78877037995847,223.0462959608476,3844.0789124801137,0.23028032672690147,0.043514800968802228,201.8304102810642,240.05197733820919,3947.6588163086955,0.0,0.0,8.893938292138096,10.714589183858678,102.90416197842726,0.0,0.0,59.442083048041649,71.0002252526474,976.6825012737643,0.0,0.0,274.1102137759514,328.4819913215498,3994.3550827499386,0.0,0.0,38.64547252337009,45.89864545570755,752.5135987500837,0.0,0.0,191.57441369570044,230.64410767502103,2272.372571288773,35.058135704817299,24.04536056571832,199.13484528582385,237.99071674829043,3929.694501484322,0.0,0.0,195.9341364735099,235.94224645515943,2304.978903534786,857.7164468411953,21.48327012589018,35.82543936856791,21.5,30.0,0.0,21.814434062197756,41.09905615206445,21.0,30.0,1243.153939358447,21.48682863584714,34.93657651242974,21.5,30.0,0.0,20.7104651273169,36.46636844207434,16.0,30.0,0.0,16.709479973680375,47.69414529875773,12.0,30.0,0.0,19.16847674900327,41.056363557186987,19.0,30.0,0.0,18.221697710545678,43.46390372102991,10.0,30.0,999.5837642776642,20.73211882783478,37.0645802483961,20.7,30.0,0.0,16.855692077943723,47.2837692627223,16.0,30.0,0.0,19.169367440925734,0.0,0.0,0.0,16.79197771419711,0.0,0.0,702.7479319051699,1037.1945749502543,662.5361879366569,652.7887211406255,630.7179210352626,655.1532145852617,653.4780705678667,643.2674265618973,643.2891226333372,10176.180680778274,81.27604370431885,85.10221430263647,240.0,0.0,240.0,240.0,21.0,16.0,19.0,16.0,19.7,12.0,21.0,10.0,1.0,0.0,857.7164468411953,0.0,1243.153939358447,0.0,0.0,0.0,999.5837642776642,0.0,5789.8716560481429,3473922.9936288858,4507426.689772404,81.27604370431885,85.16719538141058,0.36299572186827147,0.770572246160492,0.36028137401965956,85.16719538141058,0.3542647819438875,4507426.689772404,0.243866187868165 
 03/08  19:10:00,10.876666666666666,54.5,6.028333333333333,0.0,0.0,0.0,0.0,1.0,2.0,0.0,0.0,4.0,0.0,0.0,0.0,1365.0,0.0,0.0,0.0,0.0,0.0,0.0,0.0,0.0,0.0,0.0,0.0,20.839364415401204,-528.4703960850945,21.411481452933886,-157.66166185933603,20.817790468308247,-729.5268937044693,19.92499316389663,270.78429146173178,16.702176992135084,19.493083001340538,19.347879952203387,-25.76475910283915,17.776530813078567,56.737671491284348,18.581747996223375,-161.85907023672065,16.81820226300045,-24.387599403341939,679.3594026826088,704.7750803380261,0.0,0.0,0.0,0.0,0.0,0.0,0.0,0.0,0.0,0.0,0.0,0.0,0.0,0.0,0.0,0.0,0.0,0.0,0.0,0.0,0.0,0.0,0.9400432622757482,0.2869484927581649,136.93718555344743,162.5791343210515,2872.781887392944,0.0,0.0,30.74218413025052,36.38964071397123,669.4096196670245,0.9531199181421127,0.18010580463758753,242.59696903809988,288.0932061796675,5108.292420579971,0.24462519754082447,0.04622547194648986,256.2952404161065,305.1497155907085,4989.843355400879,0.0,0.0,8.682370213057773,10.47079771966257,103.56747463260928,0.0,0.0,11.171869070910076,13.350396586840315,189.86548397969305,0.0,0.0,214.1156956465798,257.0374505720789,3120.9045509104309,0.0,0.0,39.33170116260561,46.90823893615369,721.8212638583957,0.0,0.0,179.57701014375969,216.49012764108654,2178.8214490323587,35.15373610082027,24.11093011030198,253.48709196412347,303.1583744885795,4890.75545270926,0.0,0.0,183.69091544024597,221.5951234158189,2163.668906107521,605.1396866651801,21.271534191751085,35.56523715264225,21.25,30.0,0.0,21.77210569185638,40.47545983117068,21.0,30.0,1043.5269808580363,21.369168237042858,34.63237938020216,21.25,30.0,0.0,20.561545441923007,36.75012628932246,16.0,30.0,0.0,16.72370185838308,47.68824051570202,12.0,30.0,0.0,19.288951894645235,42.431262936990069,19.0,30.0,0.0,18.057467384450239,43.801316387314049,10.0,30.0,388.391963416973,19.976064685368969,39.67027672672043,19.95,30.0,0.0,16.825832241064825,47.43067981479564,16.0,30.0,0.0,19.27076364685628,0.0,0.0,0.0,16.631783706658064,0.0,0.0,679.8499244476715,1007.1039417839789,646.1727528438296,657.7551016146038,638.951674259868,762.4832682120909,659.881281613887,697.5246273674081,652.6467559590433,4439.863073855864,80.90522107295695,80.90522107295695,270.0,0.0,270.0,270.0,21.0,16.0,19.0,16.0,19.7,12.0,21.0,10.0,1.0,0.0,605.1396866651801,0.0,1043.5269808580363,0.0,0.0,0.0,388.391963416973,0.0,0.0,0.0,0.0,80.90522107295695,80.90522107295695,0.17,0.34823020059099787,0.18014068700982978,80.90522107295695,0.17713239097194376,0.0,0.010575000000000001 
 03/08  19:20:00,10.713333333333335,55.00000000000001,6.026666666666667,0.0,0.0,0.0,0.0,1.0,2.0,0.0,0.0,4.0,0.0,0.0,0.0,1710.0,0.0,0.0,0.0,0.0,0.0,0.0,0.0,0.0,0.0,0.0,0.0,20.843640416912394,-801.260556917703,21.375894297246729,-131.0616483848639,20.59659167391353,-439.04906761605278,19.913624686095969,349.56391917598998,16.724359744171779,19.636793260899858,19.418080059979077,-36.8465598612155,17.782383757584744,99.50835723088314,18.922697477519934,-231.51377796976125,16.77809512013479,-47.157029392830917,653.2055989228179,782.2271459945321,0.0,0.0,0.0,0.0,0.0,0.0,0.0,0.0,0.0,0.0,0.0,0.0,0.0,0.0,0.0,0.0,0.0,0.0,0.0,0.0,0.0,0.0,0.8882631798895079,0.2711426068038791,190.31473041076519,225.87921768712867,4133.757314187072,0.030825510079146535,0.004704748180577921,26.881200246303789,31.830439216235257,593.2002980612472,1.0068334191321318,0.19025574813532354,272.3135528608377,323.53590765390768,5774.163753652459,0.26909350644035459,0.05084911308396722,286.9441175623571,341.7295221544281,5673.582316842843,0.0,0.0,9.253693945580304,11.161720048811713,113.76907910909364,0.0,0.0,12.71133870424358,15.182947530197854,223.88582650442647,0.0,0.0,220.77494112589339,265.0456193754615,3302.653206862069,0.0,0.0,43.442703274788218,51.698553023213737,859.1324436286382,0.0,0.0,184.35111165036458,222.30776556238875,2273.828440318097,35.39898255988491,24.27913755822011,284.2415713308898,339.86216961899415,5597.914114184989,0.0,0.0,188.71259812571564,227.7131770483025,2261.702817492699,791.8684433255626,21.475347226379637,34.834697816389908,21.4,30.0,0.0,21.74114930106488,40.57825620427199,21.0,30.0,96.82979250116841,21.24023635656732,34.79550851280456,21.0,30.0,0.0,20.55420125991218,36.5468102968045,16.0,30.0,0.0,16.741082165174825,47.67001548580996,12.000000000000002,30.0,0.0,19.438299819503756,43.92069206597901,19.0,30.0,0.0,18.083902723140029,43.601183590792079,10.0,30.0,828.6985129261744,20.54741718044614,38.50096656231537,20.5,30.0,0.0,16.761257502960097,47.733247181520258,16.0,30.0,0.0,19.395448013411973,0.0,0.0,0.0,16.569464681594277,0.0,0.0,672.3245280279458,1018.1588054920511,647.9462831832782,655.9114238209759,649.8611192386409,884.2772271828369,666.1924764762986,723.1686635830503,669.1500415587343,8928.645770005938,82.10114825036273,83.46178240270429,270.0,0.0,270.0,270.0,21.0,16.0,19.0,16.0,19.7,12.0,21.0,10.0,1.0,0.0,791.8684433255626,0.0,96.82979250116841,0.0,0.0,0.0,828.6985129261744,0.0,2059.204824719612,1235522.8948317674,1603109.867556929,82.10114825036273,83.48489048760645,0.3406401608239871,0.768295685130848,0.36028137401965956,83.48489048760645,0.35426478194388757,1603109.867556929,0.09392171311296033 
 03/08  19:30:00,10.55,55.5,6.025,0.0,0.0,0.0,0.0,1.0,2.0,0.0,0.0,4.0,0.0,0.0,0.0,1368.0,0.0,0.0,0.0,0.0,0.0,0.0,0.0,0.0,0.0,0.0,0.0,21.036068380994107,-654.5774063058975,21.355950860057843,-101.39143872503272,21.045358693621183,-1170.4793614250053,20.029586489853388,554.8560598494755,16.74753840076096,18.917972042902947,19.456352265392277,-49.810614206167318,17.78218660360008,131.7063021578524,18.9239263549727,-215.2509469336103,16.74504667281532,-50.96972096534,725.240805893422,786.5624186387202,0.0,0.0,0.0,0.0,0.0,0.0,0.0,0.0,0.0,0.0,0.0,0.0,0.0,0.0,0.0,0.0,0.0,0.0,0.0,0.0,0.0,0.0,0.9221395700168156,0.28148338523101826,222.20359446603693,263.48951839085847,4942.738070311794,0.07078468734003478,0.010803523708796517,21.770435594118767,25.79278149223143,488.21698393824877,0.9575657654286648,0.1809459118345928,367.08138926627705,435.17298356301139,8290.564769605542,0.2855279193490699,0.053954633285916448,333.03922206335508,396.13696132260079,6843.845961697344,0.0,0.0,9.543472527953126,11.505291735455513,120.90091210574339,0.0,0.0,12.843682293220681,15.324906243087524,232.83894411979839,0.0,0.0,224.48344091587544,269.4222690861112,3431.476150761361,0.0,0.0,42.79707300035337,50.95236703709604,848.3279353008547,0.0,0.0,185.54767957700569,223.73968454516007,2333.103565200316,35.760247378138547,24.5269186406986,370.6358836665636,442.42995528590486,7551.123838710708,0.0,0.0,189.87801277017818,229.11485480607599,2319.085794747487,986.0191178715861,21.669889261392059,34.186001020617869,21.75,30.0,0.0,21.733951777576985,41.00420744101136,21.0,30.0,1797.0560850253895,21.7887400860368,33.57707965943866,21.5,30.0,0.0,20.777209586705049,35.85135107232149,16.0,30.0,0.0,16.76138923843627,47.62397623495986,12.0,30.0,0.0,19.531129062000507,44.95217342997056,19.0,30.0,0.0,18.082329864347146,43.573564702720947,10.0,30.0,828.7423934291039,20.404157181259437,38.78345549508645,20.2,30.0,0.0,16.714546484400477,47.89443241867326,16.0,30.0,0.0,19.72229589427967,0.0,0.0,0.0,16.518381234408449,0.0,0.0,665.8846325208755,1048.8669856611633,648.9608901899824,653.2057026909139,661.3810856639083,970.001363781488,674.560557635066,731.604474227587,681.5914681836889,10085.27769484385,81.3362520666575,84.95197369818954,270.0,0.0,270.0,270.0,21.0,16.0,19.0,16.0,19.7,12.0,21.0,10.0,1.0,0.0,986.0191178715861,0.0,1797.0560850253895,0.0,0.0,0.0,828.7423934291039,0.0,5471.7435762557329,3283046.1457534397,4302247.513183029,81.3362520666575,85.01338065486499,0.3523914525418578,0.7654643643697995,0.36028137401965956,85.01338065486499,0.3542647819438875,4302247.513183029,0.23426187068551758 
 03/08  19:40:00,10.386666666666667,56.0,6.023333333333333,0.0,0.0,0.0,0.0,1.0,2.0,0.0,0.0,4.0,0.0,0.0,0.0,684.0,0.0,0.0,0.0,0.0,0.0,0.0,0.0,0.0,0.0,0.0,0.0,21.064520952417565,-786.9572546626621,21.347507092242819,-121.8405588175753,20.378522600646833,-225.73848574814748,20.00871116997542,96.6187773209349,16.77105432670092,18.3553303546432,19.470180663740608,-38.88968991026769,17.78830832101086,53.563312502140437,18.61226572564883,-158.32943071082856,16.71405495073993,-40.2300257708971,734.5939841060217,803.41781254129,0.0,0.0,0.0,0.0,0.0,0.0,0.0,0.0,0.0,0.0,0.0,0.0,0.0,0.0,0.0,0.0,0.0,0.0,0.0,0.0,0.0,0.0,0.9803993252281514,0.29926719329308656,189.22584674465458,223.786877979387,4331.181878483558,0.03900221073430072,0.0059527183660410139,28.091018393580727,33.198433252641297,638.4570948967976,1.0880506048312615,0.20560291096584694,351.0612039808998,417.0154278653042,7367.49443142247,0.2528879208514332,0.04778683311629499,239.0411321718492,284.2709336093531,4977.742991289424,0.0,0.0,8.997904352009933,10.836440077681554,117.38517266015612,0.0,0.0,12.310484378260341,14.668362316639112,228.3828014000329,0.0,0.0,225.48405297130376,270.35754586500186,3510.6712931541635,0.0,0.0,39.70191366183008,47.32039764719835,753.6057652749537,0.0,0.0,188.52728592327498,227.11445059882957,2417.764132095904,35.705825031415908,24.4895919282688,348.14648593608868,415.2469938167279,7155.006628372126,0.0,0.0,192.8521679876813,232.49467570214098,2397.1731426775525,1205.9006544021868,21.60747228834088,34.52772891442322,21.5,30.0,0.0,21.74000037506288,41.288142613072327,21.0,30.0,225.25679734933304,20.81068159792929,35.77850945162473,21.0,30.0,0.0,20.66032881444619,36.04239264807748,16.0,30.0,0.0,16.78373350226868,47.55378713498625,12.0,30.0,0.0,19.578783813567136,45.70783158024983,19.0,30.0,0.0,18.058760437864547,43.724440925352869,10.0,30.0,166.34975173887143,19.79032332613412,40.401245620316547,19.7,30.0,0.0,16.672186886566906,48.03172122526426,16.0,30.0,0.0,19.65502376326176,0.0,0.0,0.0,16.46052879586286,0.0,0.0,680.7563428541929,1072.0562220906975,658.0543020987045,654.6394597009005,671.8886912178832,1031.3810864644646,683.1005774480227,743.1017363050709,689.4123139431387,10275.379539443169,81.21058352445412,84.69203041820636,270.0,0.0,270.0,270.0,21.0,16.0,19.0,16.0,19.7,12.0,21.0,10.0,1.0,0.0,1205.9006544021868,0.0,225.25679734933304,0.0,0.0,0.0,166.34975173887143,0.0,5268.753477943154,3161252.086765893,4093746.9050655739,81.21058352445412,84.75115694407279,0.3456251159314385,0.7713346209793115,0.36028137401965956,84.75115694407279,0.3542647819438875,4093746.9050655739,0.22340483906340986 
 03/08  19:50:00,10.223333333333335,56.5,6.0216666666666669,0.0,0.0,0.0,0.0,1.0,2.0,0.0,0.0,4.0,0.0,0.0,0.0,1368.0,0.0,0.0,0.0,0.0,0.0,0.0,0.0,0.0,0.0,0.0,0.0,21.09300012536852,-672.1458767181239,21.327875825190917,-101.25837928911364,21.13215059176878,-1243.5991632098786,20.015795229567617,599.9529923706318,16.791536097874805,17.787208888572154,19.470117548202127,-50.34479764355015,17.78207307704561,112.7590306336242,19.063665836798085,-231.15556528112183,16.685373490898824,-64.56534779864046,766.0969864725685,835.8201244132142,0.0,0.0,0.0,0.0,0.0,0.0,0.0,0.0,0.0,0.0,0.0,0.0,0.0,0.0,0.0,0.0,0.0,0.0,0.0,0.0,0.0,0.0,0.9737811846835778,0.297247003871666,273.7214626789897,324.75438689887985,6253.767210536583,0.080688783008387,0.012315137821792888,22.777022727964714,26.9892030870815,525.5002404978577,1.0011908382176742,0.18918950079699066,402.8032003277768,477.41351125148597,9419.688889360204,0.29330814895138548,0.055424820285598138,315.6382547670737,375.2872301012762,6708.542415367016,0.0,0.0,9.529856584068544,11.487137717033349,127.8070362948296,0.0,0.0,13.343802145049912,15.915267562263049,252.42499606672056,0.0,0.0,228.54724903990914,274.3355321173505,3628.7222883266915,0.0,0.0,42.74264414197008,50.84911509722058,888.1696733218548,0.0,0.0,189.6525095953897,228.75174356783823,2478.8852261871468,36.03341767716338,24.714278242224546,407.88078228880007,486.88525942989465,8559.606020461071,0.0,0.0,194.01724824750887,234.20013192791056,2452.2751361779216,678.3567420160531,21.63641935723772,34.24565975656972,21.75,30.0,0.0,21.726050309058125,41.05269025157569,21.0,30.0,1920.2330295494986,21.881940400403367,33.46120084410862,21.5,30.0,0.0,20.74279714374373,36.03123143634835,16.0,30.0,0.0,16.80117558288638,47.56912514503155,12.0,30.0,0.0,19.59927802017253,46.24938552877184,19.0,30.0,0.0,18.047357853378217,43.6704367084202,10.0,30.0,1073.3601843720365,20.53795228873593,38.528004251128439,20.7,30.0,0.0,16.630315987431389,48.191641729743917,16.0,30.0,0.0,19.727978742395285,0.0,0.0,0.0,16.398763951275723,0.0,0.0,674.7789772097173,1063.246770856565,661.3224300785248,666.699447918244,682.6581553186907,1071.9335912578504,689.1643002471039,751.4770480599677,699.3605765633737,9350.980281574706,81.82184992118965,85.21961665710335,270.0,0.0,270.0,270.0,21.0,16.0,19.0,16.0,19.7,12.0,21.0,10.0,1.0,0.0,678.3567420160531,0.0,1920.2330295494986,0.0,0.0,0.0,1073.3601843720365,0.0,5142.238509222124,3085343.105533274,4024597.881859637,81.82184992118965,85.27732201609061,0.3414079503074042,0.7664020745665348,0.36028137401965956,85.27732201609061,0.3542647819438875,4024597.881859637,0.21985408985670114 
 03/08  20:00:00,10.06,57.0,6.02,0.0,0.0,0.0,0.0,1.0,2.0,0.0,0.0,4.0,0.0,0.0,0.0,1368.0,0.0,0.0,0.0,0.0,0.0,0.0,0.0,0.0,0.0,0.0,0.0,21.068808241784138,-678.2464052283754,21.30722106310411,-131.72955741703297,20.975030994502484,-1007.5550615809916,20.031937108394297,276.0324712661736,16.81105442066348,15.826064045564508,19.45840749416164,-42.169356473887649,17.770609544924178,60.321275842402659,18.889840673663799,-180.7917418135562,16.65117795113632,-73.16888670572053,722.1465468831082,795.3062228975225,0.0,0.0,0.0,0.0,0.0,0.0,0.0,0.0,0.0,0.0,0.0,0.0,0.0,0.0,0.0,0.0,0.0,0.0,0.0,0.0,0.0,0.0,1.0014196306172699,0.3056836479295696,205.1395027774458,243.1978462521407,4789.509709671486,0.045234349221368857,0.006903899453810876,27.515727177780265,32.60926999144104,641.4396459812606,1.0984792583265893,0.20757355599519834,317.1190659653376,375.75026303621106,7374.491370665149,0.2726771558912252,0.05152629551988381,250.69742113767436,298.04144311663637,5358.948170547266,0.0,0.0,9.071711341521457,10.933705982522417,124.97732805380616,0.0,0.0,13.26368190761324,15.820896089142519,255.36687725030357,0.0,0.0,223.56551519662626,268.36510029111425,3604.867428755924,0.0,0.0,38.79202411572372,46.2475702498962,778.0543775574432,0.0,0.0,185.6274061841632,223.92341624946114,2470.007808211271,35.94904185247145,24.65640730622185,315.07021558921579,376.02373222361987,6734.82602213708,0.0,0.0,189.65799529659723,229.01912484872106,2416.047472338124,1178.09432651866,21.670215073279459,34.52035753697809,21.75,30.0,0.0,21.701743392281828,41.05806836509511,21.0,30.0,1644.0048769463625,21.558576069644418,34.2783252318618,21.5,30.0,0.0,20.682286231697753,36.34698421836144,16.0,30.0,0.0,16.817994397039486,47.61579570487001,12.0,30.0,0.0,19.60315012474883,46.63738081539957,19.0,30.0,0.0,18.00509005186828,44.00224383563925,10.0,30.0,365.3568466522927,20.024320750765143,39.944772750573637,19.95,30.0,0.0,16.58217351792759,48.48903361554141,16.0,30.0,0.0,19.504666482014394,0.0,0.0,0.0,16.2809329635285,0.0,0.0,703.9328304794922,1068.8738106600097,680.8507326127834,686.5916565047157,697.1323666046428,1103.4993951164734,712.336385981388,770.3583457409384,719.7972947489194,9589.811385987172,81.66383181118884,83.61134902228615,270.0,0.0,270.0,270.0,21.0,16.0,19.0,16.0,19.7,12.0,21.0,10.0,1.0,0.0,1178.09432651866,0.0,1644.0048769463625,0.0,0.0,0.0,365.3568466522927,0.0,2946.980223929342,1768188.1343576054,2288993.0570422189,81.66383181118884,83.64442432984403,0.3532326741309781,0.7682896630096122,0.36028137401965956,83.64442432984403,0.3542647819438875,2288993.0570422189,0.12964763896619539 
 03/08  20:10:00,9.97,57.83333333333333,6.013333333333334,0.0,0.0,0.0,0.0,0.0,2.0,0.0,0.0,4.0,0.0,0.0,0.0,1712.0,0.0,0.0,0.0,0.0,0.0,0.0,0.0,0.0,0.0,0.0,0.0,21.06905113606446,-684.6665003032504,21.286665555630127,-132.64010288693906,20.923414236375469,-554.3011871217774,20.03863448571171,191.17797963431949,16.829514229814678,15.861357160812883,19.532275683711384,-43.60655328616536,17.76098593884933,40.570050055271718,18.504564618173704,-126.68867933972772,16.61358947156217,-82.05254620048746,674.6043312236486,815.8736012305752,0.0,0.0,0.0,0.0,0.0,0.0,0.0,0.0,0.0,0.0,0.0,0.0,0.0,0.0,0.0,0.0,0.0,0.0,0.0,0.0,0.0,0.0,1.0352727618708518,0.3160173265784041,175.6517824376679,208.36432187543188,4051.4458766201298,0.04015207621670338,0.006128216760791115,27.966044720786227,33.12444763926557,655.6616245986526,1.120081244608678,0.21165556398501107,252.19877431844248,299.4764187055203,5794.0777884516069,0.26789795240150218,0.050623195843065408,240.12300041350415,285.8539273782038,5175.101399215306,0.0,0.0,8.960435169002779,10.802666243261504,125.35907535933193,0.0,0.0,12.793440071735848,15.257181234008926,251.1250904670575,0.0,0.0,227.80537855851018,273.57442806896565,3698.7666143340954,0.0,0.0,35.17151723971768,42.03228482181089,672.2639627114825,0.0,0.0,189.23103907435368,228.37895001654784,2532.2416247504695,36.00547213016787,24.69511120038949,256.2717187481946,306.3666659053694,5565.02945586389,0.0,0.0,193.03757957829894,233.232236438115,2465.1251629303708,763.7755318893112,21.412539354293139,34.951776616353,21.4,30.0,0.0,21.68103264118175,41.08050920703264,21.0,30.0,837.200332370653,21.365698675922155,34.56346871146925,21.200000000000004,30.0,0.0,20.68834763122879,36.17006281614653,16.0,30.0,0.0,16.834529638938677,47.67048073566894,12.000000000000002,30.0,0.0,19.703184802329539,46.670215344807889,19.0,30.0,0.0,17.970623585692008,44.1914268031681,10.0,30.0,0.0,19.409769795980773,40.85880673004062,12.000000000000002,30.0,0.0,16.52772804462301,48.74626602659318,16.0,30.0,0.0,19.40424553527243,0.0,0.0,0.0,16.20569169277091,0.0,0.0,706.5772907140984,1075.2547253136464,682.3448222524967,685.9339158998918,711.4122510932994,1130.763527448108,724.1141219714355,742.3357021753701,731.582794015847,4912.868179605587,83.23624381367799,83.23624381367799,570.0,0.0,570.0,570.0,21.0,16.0,19.0,16.0,12.0,12.0,21.0,10.0,1.0,0.0,763.7755318893112,0.0,837.200332370653,0.0,0.0,0.0,0.0,0.0,0.0,0.0,0.0,83.23624381367799,83.23624381367799,0.20400000000000002,0.4307408836027065,0.21616882441179575,83.23624381367799,0.21255886916633252,0.0,0.022515000000000005 
 03/08  20:20:00,9.88,58.66666666666667,6.006666666666667,0.0,0.0,0.0,0.0,0.0,2.0,0.0,0.0,4.0,0.0,0.0,0.0,1029.0,0.0,0.0,0.0,0.0,0.0,0.0,0.0,0.0,0.0,0.0,0.0,21.087510686282003,-1161.1821383743127,21.26280279741014,-107.52247980547975,20.947503002507408,-186.80552239680515,19.968440137075718,338.9048128141875,16.84774069730114,15.637308641735192,19.617437419615578,-62.369147751033548,17.796880547370315,117.6226541639116,17.967721475149774,-53.63530637661099,16.571673225301177,-101.61450067143349,716.595734531812,812.6853075281426,0.0,0.0,0.0,0.0,0.0,0.0,0.0,0.0,0.0,0.0,0.0,0.0,0.0,0.0,0.0,0.0,0.0,0.0,0.0,0.0,0.0,0.0,0.9855160704059972,0.30082908132051186,258.8189291536081,306.68352271325116,6083.688304511469,0.09084542273264146,0.013865296509865909,22.563792550892367,26.723293555528345,533.3675983784076,1.1715409860724269,0.22137962699781309,277.25351654490427,328.9954417632868,6380.7855038633829,0.30126276298707596,0.056927959748124676,295.42839865460709,351.43742956470626,6351.44811689395,0.0,0.0,9.579705928554495,11.539725815322264,136.11530112100446,0.0,0.0,13.771696734147423,16.403019436006553,276.3679997230042,0.0,0.0,238.06825340500246,285.61383786875856,3946.4347642763148,0.0,0.0,25.963024230042096,31.111917558777728,454.43471615503429,0.0,0.0,189.7507429994784,228.88987844943206,2550.211834192946,36.199396129884139,24.82811805890544,292.68281228031227,349.62688770215746,6300.040005251688,0.0,0.0,192.3390995919035,232.3307835384727,2439.611300582742,1194.2646630077939,21.66230885439466,33.926042081624867,21.666666666666658,29.99999999999999,0.0,21.65609713007859,41.24243363852035,20.999999999999994,29.99999999999999,0.0,21.33379871720237,34.51890011046984,20.999999999999994,29.99999999999999,0.0,20.58299959360896,36.43074917917079,15.999999999999993,29.99999999999999,0.0,16.85180636357042,47.67432716332215,11.999999999999995,29.99999999999999,0.0,19.83530016625044,46.46807448722568,18.999999999999994,29.99999999999999,0.0,18.04894774207653,43.72515225930982,9.999999999999997,29.99999999999999,0.0,18.495164037999265,42.89699762653474,11.999999999999995,29.99999999999999,0.0,16.46501851063382,48.89481550431579,15.999999999999993,29.99999999999999,0.0,19.39747259026627,0.0,0.0,0.0,16.07092370061742,0.0,0.0,684.8234034542128,1088.7122075775642,680.0738283646426,691.9538956611099,723.4631272175747,1148.0665163802656,720.3884674410372,729.556069829441,736.2273887406284,9131.987068591248,81.96654113777237,84.26321226856173,569.9999999999998,0.0,569.9999999999998,569.9999999999998,21.0,16.0,19.0,16.0,12.0,12.0,21.0,10.0,1.0,0.0,1194.2646630077939,0.0,0.0,0.0,0.0,0.0,0.0,0.0,3475.7738671157105,2085464.320269427,2699259.5543256637,81.96654113777237,84.30221736878744,0.3425257955705236,0.7658948168965565,0.36028137401965945,84.30221736878744,0.35426478194388735,2699259.5543256637,0.16265483015826785 
 03/08  20:30:00,9.79,59.5,6.0,0.0,0.0,0.0,0.0,0.0,2.0,0.0,0.0,4.0,0.0,0.0,0.0,686.0,0.0,0.0,0.0,0.0,0.0,0.0,0.0,0.0,0.0,0.0,0.0,21.300940783831498,-1327.4790064879499,21.247094233988457,-124.0025037252347,20.899594719426596,-218.26824181998837,19.948859007272575,250.45984833736294,16.866254279920804,16.354527050858537,19.671827249465389,-55.996403307927099,17.803218697686885,52.374987930866158,17.646132494467929,-20.358407044044158,16.526444427446064,-97.02899129319894,700.0324481328371,830.5231415044159,0.0,0.0,0.0,0.0,0.0,0.0,0.0,0.0,0.0,0.0,0.0,0.0,0.0,0.0,0.0,0.0,0.0,0.0,0.0,0.0,0.0,0.0,1.0237490004467409,0.31249969488606257,267.86355419802899,317.0031344187229,6469.285418385969,0.06886117277228125,0.010509947004316432,26.061842530703538,30.82339298384126,619.192338600802,1.207239166224936,0.2281253148573198,252.24806163251447,298.99129390396538,5941.034507503793,0.29511138455021165,0.055765567753252368,268.10437923402147,318.82372493739629,5789.532922737011,0.0,0.0,9.226182755437084,11.10521145127958,133.13586442423537,0.0,0.0,13.20728836660166,15.71219323557815,269.64283907200106,0.0,0.0,241.26288180260097,289.25716206711027,4036.024959937197,0.0,0.0,18.723256050873574,22.458086267571873,311.53635586572798,0.0,0.0,192.80855048180315,232.45506872054293,2601.9914852031795,36.15662301616452,24.79878121821984,267.56918114556125,319.5795935901549,5809.652664306397,0.0,0.0,194.835514346987,235.20674681292003,2490.1120444212967,1787.0632135868696,21.81712262360963,33.60588368550343,22.0,30.0,0.0,21.639469697193296,41.47031055312635,21.0,30.0,907.5548570273176,21.55311317136683,34.101152338392278,21.5,30.0,0.0,20.533291434905445,36.45877040315181,16.0,30.0,0.0,16.871025624013087,47.57364816451441,12.0,30.0,0.0,19.920958856128857,46.2697763560554,19.0,30.0,0.0,18.03561239949069,43.65874458203001,10.0,30.0,0.0,17.977041754106076,44.167053879077489,12.0,30.0,0.0,16.40007042185931,48.916206124344508,16.0,30.0,0.0,19.28450078548583,0.0,0.0,0.0,16.027559963297969,0.0,0.0,688.0570891216324,1103.2236777706624,683.6476098592259,690.0862291974686,730.1850336087838,1156.1103065955995,720.1105609759189,727.3942792442185,734.774512921998,10822.92743859616,80.84837112865239,84.6964944469801,570.0,0.0,570.0,570.0,21.0,16.0,19.0,16.0,12.0,12.0,21.0,10.0,1.0,0.0,1787.0632135868696,0.0,907.5548570273176,0.0,0.0,0.0,0.0,0.0,5823.054033102316,3493832.4198613895,4524659.740911347,80.84837112865239,84.761848355818,0.3641018011034105,0.7717227152514405,0.36028137401965956,84.761848355818,0.3542647819438875,4524659.740911347,0.2573539731940567 
 03/08  20:40:00,9.7,60.33333333333333,5.993333333333334,0.0,0.0,0.0,0.0,0.0,2.0,0.0,0.0,4.0,0.0,0.0,0.0,1029.0,0.0,0.0,0.0,0.0,0.0,0.0,0.0,0.0,0.0,0.0,0.0,21.399244202237804,-1384.6463730582005,21.2323618106742,-106.89371428821623,20.87144835413203,-196.31595043491195,19.967264625489184,346.87062442489278,16.882226653520804,15.409463173155196,19.705057930049639,-67.94571403358569,17.811893068574734,87.91511792645545,17.449271883350336,-11.975638277642782,16.494675438323879,-101.77707920006837,736.5221342932282,841.6918945034138,0.0,0.0,0.0,0.0,0.0,0.0,0.0,0.0,0.0,0.0,0.0,0.0,0.0,0.0,0.0,0.0,0.0,0.0,0.0,0.0,0.0,0.0,1.0133567631428909,0.30932746127682889,273.191257766363,323.42657606191946,6665.671701543841,0.10230876771438577,0.015614891287299423,22.381414205376996,26.496590308854814,536.1899459421404,1.2117636016916045,0.2289802724284969,295.8369663918575,351.1712080744045,6877.400849297626,0.31137056251063846,0.05883797477525292,299.27788333530199,356.1105438645218,6546.1323477833379,0.0,0.0,9.480873181811978,11.419050076524219,138.8054147063156,0.0,0.0,13.498693933196727,16.068868862489148,279.2312696563162,0.0,0.0,246.29015212500986,295.4893137537403,4168.659062911872,0.0,0.0,12.634551165363308,15.179815499996515,205.33379769907496,0.0,0.0,193.19632432438275,233.12997356956579,2626.4781957324914,36.33955161691342,24.92424665083227,311.88077432048126,372.5506539252569,6822.057316228319,0.0,0.0,194.74490937049286,235.3200987954221,2500.2856002436458,1577.3177812280117,21.867354175358416,33.45048354983608,22.000000000000008,30.00000000000001,0.0,21.627137183592777,41.679619264405548,21.000000000000008,30.00000000000001,0.0,21.260382220466448,34.65070604920806,21.000000000000008,30.00000000000001,0.0,20.588064398106945,36.27448989778783,16.000000000000008,30.00000000000001,0.0,16.885983828528305,47.439236716198937,12.000000000000006,30.00000000000001,0.0,19.96826280168007,46.116817151741347,19.000000000000008,30.00000000000001,0.0,18.04419444561768,43.47313494676672,10.000000000000004,30.00000000000001,0.0,17.694451625209465,44.868824667155347,12.000000000000006,30.00000000000001,0.0,16.359135790785929,48.83447146063361,16.000000000000008,30.00000000000001,0.0,19.436127870162605,0.0,0.0,0.0,15.96576721815954,0.0,0.0,686.8590732482395,1115.9741082776,682.7495717080467,689.7619167909987,732.7010593773581,1159.0513423138767,718.6039283567467,726.7591376192709,732.517833232794,9873.917302501988,81.47607283941223,83.7927277173434,570.0000000000002,0.0,570.0000000000002,570.0000000000002,21.0,16.0,19.0,16.0,12.0,12.0,21.0,10.0,1.0,0.0,1577.3177812280117,0.0,0.0,0.0,0.0,0.0,0.0,0.0,3505.9866503057539,2103591.9901834509,2723281.916352928,81.47607283941223,83.83207220793708,0.3435328883435252,0.771488277644365,0.3602813740196597,83.83207220793708,0.3542647819438876,2723281.916352928,0.16346065965035229 
 03/08  20:50:00,9.61,61.16666666666667,5.986666666666667,0.0,0.0,0.0,0.0,0.0,2.0,0.0,0.0,4.0,0.0,0.0,0.0,1029.0,0.0,0.0,0.0,0.0,0.0,0.0,0.0,0.0,0.0,0.0,0.0,21.31253774373326,-838.9113330537712,21.212820919723329,-127.29546933798022,21.108697784551795,-1281.1494619782862,19.95290671126218,415.15751414423269,16.897464824132017,15.093567090275024,19.731116210252368,-59.43843200862554,17.778548971963454,29.353974856878897,17.275372388201974,-30.062025861364498,16.463601798995165,-107.45987957069133,750.9228181949293,861.973734136265,0.0,0.0,0.0,0.0,0.0,0.0,0.0,0.0,0.0,0.0,0.0,0.0,0.0,0.0,0.0,0.0,0.0,0.0,0.0,0.0,0.0,0.0,1.0475477574725032,0.31976427273275467,221.54056321686068,262.31496514610566,5390.873593262437,0.07431007657166111,0.011341586778336566,26.597958355185506,31.50739042903295,639.4062178587815,1.1650737627275616,0.22015755153582063,366.7775728707443,434.0285338474282,8978.340174633537,0.3068464934518425,0.05798308644214714,303.3712406562703,360.6113177304239,6692.0408810244539,0.0,0.0,9.145938003688624,11.01419804809119,135.8345122329905,0.0,0.0,14.192471420169332,16.8936736866902,297.2633324595686,0.0,0.0,244.13188089895145,292.9703138878822,4135.8913552966509,0.0,0.0,12.66003738684055,15.220571990649141,201.54342189183144,0.0,0.0,191.2880767036298,230.8539135542036,2620.2029061914925,36.279459412555869,24.883031147157689,368.41681816709726,439.3905669885012,8120.966133263409,0.0,0.0,198.3049021779555,239.6518144115683,2564.8784245119379,1110.4416040644429,21.83522048787721,34.441047045792419,22.000000000000019,30.00000000000002,0.0,21.599911744374976,41.473337350453949,21.000000000000015,30.00000000000002,2003.38030843843,21.680714439579285,33.9814017762417,21.666666666666687,30.00000000000002,0.0,20.54717457588069,36.76480015499617,16.000000000000015,30.00000000000002,0.0,16.900615618982813,47.29749790907927,12.00000000000001,30.00000000000002,0.0,20.009792785744666,46.02556627256341,19.000000000000015,30.00000000000002,0.0,17.959480425959247,43.6624290293221,10.000000000000007,30.00000000000002,0.0,17.439696021650133,45.47625013948933,12.00000000000001,30.00000000000002,0.0,16.319227338969684,48.660983276781077,16.000000000000015,30.00000000000002,0.0,19.472792696812598,0.0,0.0,0.0,15.919958524237387,0.0,0.0,739.8923936436502,1104.2811071161519,697.3976674107788,713.3049551092288,736.2742239699084,1164.7442320143323,724.5776155999128,727.5497710835035,730.3901753676438,8987.827854602616,82.06200295738754,82.06200295738754,570.0000000000005,0.0,570.0000000000005,570.0000000000005,21.0,16.0,19.0,16.0,12.0,12.0,21.0,10.0,1.0,0.0,1110.4416040644429,0.0,2003.38030843843,0.0,0.0,0.0,0.0,0.0,0.0,0.0,0.0,82.06200295738754,82.06200295738754,0.3400000000000003,0.770804472321988,0.3602813740196598,82.06200295738754,0.3542647819438878,0.0,0.02153333333333333 
 03/08  21:00:00,9.52,62.0,5.98,0.0,0.0,0.0,0.0,0.0,2.0,0.0,0.0,4.0,0.0,0.0,0.0,1372.0,0.0,0.0,0.0,0.0,0.0,0.0,0.0,0.0,0.0,0.0,0.0,21.306197085995814,-994.0270373801741,21.21036694041522,-98.44517682887147,20.79518325228736,-395.85894672077759,20.08982748939567,299.04421256426078,16.911172931101257,14.973856713154746,19.742457245939833,-70.77261356687828,17.80293433557697,56.268242513842327,17.130235351870384,-38.27465093254722,16.435249485601355,-93.94327506682521,741.3460779394745,903.2585780316633,0.0,0.0,0.0,0.0,0.0,0.0,0.0,0.0,0.0,0.0,0.0,0.0,0.0,0.0,0.0,0.0,0.0,0.0,0.0,0.0,0.0,0.0,1.0768575489487793,0.3287110955277104,240.45102912251353,285.15952373802227,5860.604463078719,0.11401510699752154,0.017401573107069833,21.946913919336155,25.970900144857028,533.1855092386849,1.2021278895807553,0.22715946515131436,296.2881191052602,351.69403641860438,7026.756315504193,0.3052076020931998,0.05767339419750561,292.34908875798046,347.7476961878509,6600.396583255771,0.0,0.0,9.503917532359126,11.451120908239064,143.10293389442979,0.0,0.0,14.342095582600888,17.078045693606009,303.3420731665177,0.0,0.0,253.35718520064405,304.08885437778988,4367.175910940069,0.0,0.0,15.624816154913184,18.79762046379447,245.0310422303609,0.0,0.0,193.96747799688957,234.18828333026813,2679.1829276074897,36.524478107911487,25.051082378540124,304.59553903400998,363.821941742327,6865.689718565035,0.0,0.0,205.28490386750719,248.15004565107479,2695.531024015513,854.6993148917159,21.602570993160748,34.3893280317636,21.5,30.0,0.0,21.60822231680905,42.25534528756636,21.0,30.0,102.4763791143916,21.32783717176241,34.568919528825357,21.0,30.0,0.0,20.764412221329335,36.11974225059988,16.0,30.0,0.0,16.913295289445956,47.13733380062871,12.0,30.0,0.0,20.023559322533857,45.748941027275368,19.0,30.0,0.0,18.017487662940895,43.48449897279516,10.0,30.0,0.0,17.23647690200597,46.0202962247741,12.0,30.0,0.0,16.28539852749516,48.86315590429875,16.0,30.0,0.0,19.526898565842929,0.0,0.0,0.0,15.92825604389972,0.0,0.0,710.4099660794569,1152.0060499520792,690.1608875400839,706.5052970430618,737.2251584856925,1156.072432596582,727.1801544830425,731.7568776618624,738.6898303691165,7285.1961320867999,81.57622747044263,81.57622747044263,570.0,0.0,570.0,570.0,21.0,16.0,19.0,16.0,12.0,12.0,21.0,10.0,1.0,0.0,854.6993148917159,0.0,102.4763791143916,0.0,0.0,0.0,0.0,0.0,0.0,0.0,0.0,81.57622747044263,81.57622747044263,0.255,0.5387300815703957,0.27021103051474468,81.57622747044263,0.2656985864579156,0.0,0.02121666666666667 
 03/08  21:10:00,9.361666666666667,63.0,5.956666666666668,0.0,0.0,0.0,0.0,0.0,2.0,0.0,0.0,4.0,0.0,0.0,0.0,1376.0,0.0,0.0,0.0,0.0,0.0,0.0,0.0,0.0,0.0,0.0,0.0,20.917087372158016,150.93486574622853,21.190681828383604,-122.19265795161118,21.122887558271349,-2175.891253583826,20.154846438827084,523.2918122596575,16.92345385779664,12.950764507561133,19.761276934203175,-48.95416958663907,17.68226614849971,-11.935153175685628,17.00281068257721,-37.22145630646541,16.406913010222636,-124.61688305529424,846.2070998011664,823.1300983317076,0.0,0.0,0.0,0.0,0.0,0.0,0.0,0.0,0.0,0.0,0.0,0.0,0.0,0.0,0.0,0.0,0.0,0.0,0.0,0.0,0.0,0.0,1.2275524539834316,0.3747107612892038,232.1702168720207,275.6510029031307,5510.024655126363,0.10029507390536949,0.015307550962357981,28.773150404444495,34.08130296005759,705.3346479843241,0.9736493168793367,0.18398513168543785,498.87004958053816,591.583901162187,12233.428437077067,0.27838132223838815,0.05260418031715571,321.90298193103288,382.6387078649857,7453.050645784595,0.0,0.0,8.586747817538205,10.344119025325249,132.24932687412085,0.0,0.0,14.33734923020175,17.069109284774798,308.7992802203635,0.0,0.0,232.46443136575338,279.21847494840417,3976.980475365574,0.0,0.0,15.603316743313375,18.788808282033185,244.4865740874278,0.0,0.0,179.2789550284105,216.47929479887783,2520.1769119037146,36.5485198352003,25.067571903429568,479.69270143267337,572.0424307034368,10969.164746634935,0.0,0.0,191.02282430060016,231.04954967613015,2503.51163011644,0.0,21.13435396432198,35.7728452143672,21.0,30.0,0.0,21.579297653420896,41.56604795050442,21.0,30.0,2588.0986516538825,21.663385771559456,33.69890845292856,21.75,30.0,0.0,20.897567869906039,35.7330989125666,16.0,30.0,0.0,16.92459566097847,47.23068726828141,12.0,30.0,0.0,20.059440628515625,45.9922580729078,19.0,30.0,0.0,17.790306653487094,44.32257851471408,10.0,30.0,0.0,17.059755963681483,46.54946506990474,12.0,30.0,0.0,16.246622791377264,49.064708403235567,16.0,30.0,0.0,19.861641088777227,0.0,0.0,0.0,15.754509808929017,0.0,0.0,733.6804816499702,1111.4311187861297,683.1702119438381,704.3037184183878,749.0031469045357,1177.9202197173589,741.1450050307772,738.962787438701,747.6305986907948,6734.807479856404,82.35046946502675,82.35046946502675,570.0,0.0,570.0,570.0,21.0,16.0,19.0,16.0,12.0,12.0,21.0,10.0,1.0,0.0,0.0,0.0,2588.0986516538825,0.0,0.0,0.0,0.0,0.0,0.0,0.0,0.0,82.35046946502675,82.35046946502675,0.255,0.5786022149524064,0.27021103051474468,82.35046946502675,0.2656985864579156,0.0,0.0209 
 03/08  21:20:00,9.203333333333334,64.0,5.933333333333334,0.0,0.0,0.0,0.0,0.0,2.0,0.0,0.0,4.0,0.0,0.0,0.0,1380.0,0.0,0.0,0.0,0.0,0.0,0.0,0.0,0.0,0.0,0.0,0.0,21.25644509330625,-698.1172517469069,21.17339017276579,-113.76637708250934,21.096871977609596,-1025.7603849069799,20.152832196534676,322.1918469117795,16.93236192799732,11.569468698404336,19.772512544237448,-68.8255347632853,17.672016146701144,84.62409047697384,16.896069861885104,-43.569557942730657,16.362959228040226,-140.01021579521058,701.3811641353282,855.8488071002817,0.0,0.0,0.0,0.0,0.0,0.0,0.0,0.0,0.0,0.0,0.0,0.0,0.0,0.0,0.0,0.0,0.0,0.0,0.0,0.0,0.0,0.0,1.1561442548266865,0.3529133866992328,137.04368356109686,162.44116201640024,3443.3657163838749,0.1161360155208114,0.017725277094140937,23.04406143896645,27.32877130221134,571.8968727408962,1.1562590434812997,0.21849188274400986,259.4798497814339,307.4546965779448,6473.793451780834,0.2951310849236102,0.0557692904239626,276.1993248468317,328.12804658055429,6456.600832975916,0.0,0.0,9.240865304566214,11.129421263801224,145.4311832390155,0.0,0.0,14.88475687284652,17.717996499025554,325.843148655898,0.0,0.0,242.61798159853664,291.3698050095044,4233.399735597737,0.0,0.0,18.473447493400238,22.253366114031249,290.1004331347529,0.0,0.0,181.03683934634658,218.6356225219604,2580.7321489492335,36.69623427976999,25.1688849655487,273.2453403910627,326.20925027892317,6384.91720774749,0.0,0.0,195.43184322300875,236.42235466796516,2597.9090470030489,1192.1228363287442,21.72477338608188,34.20857582728991,21.75,30.0,0.0,21.556883692366968,41.366787975267289,21.0,30.0,1452.8729309439228,21.62036456590848,33.932979247299488,21.5,30.0,0.0,20.824905342422779,35.77897247518768,16.0,30.0,0.0,16.931885191942685,47.35360924600146,12.0,30.0,0.0,20.07755641722892,46.109776125463017,19.0,30.0,0.0,17.7969000653805,44.456588623848478,10.0,30.0,0.0,16.915924491831903,47.09745966674254,12.0,30.0,0.0,16.18420717896521,49.47903335307011,16.0,30.0,0.0,19.340608647876786,0.0,0.0,0.0,15.685747902548063,0.0,0.0,719.0648044260131,1099.4936891317075,691.2430776890806,699.7574742715522,760.6253490013902,1189.8498207166318,751.5793617113869,749.9047486523002,760.602110097681,8989.210504154233,82.0610906558049,83.78658903460554,570.0,0.0,570.0,570.0,21.0,16.0,19.0,16.0,12.0,12.0,21.0,10.0,1.0,0.0,1192.1228363287442,0.0,1452.8729309439228,0.0,0.0,0.0,0.0,0.0,2611.3585303189777,1566815.1181913866,2032954.0585346705,82.0610906558049,83.81589372533908,0.3420452843439659,0.7688457466173447,0.36028137401965956,83.81589372533908,0.3542647819438875,2032954.0585346705,0.12645527771046953 
 03/08  21:30:00,9.045,65.0,5.91,0.0,0.0,0.0,0.0,0.0,2.0,0.0,0.0,4.0,0.0,0.0,0.0,1380.0,0.0,0.0,0.0,0.0,0.0,0.0,0.0,0.0,0.0,0.0,0.0,21.2693183100805,-607.521177986926,21.165699088063698,-107.43331720541065,21.203346975112035,-1287.7204361312575,20.163446745866286,333.1060435135655,16.940728574547174,12.945594559767202,19.76959237116671,-64.33855969181582,17.694040128219464,23.895825323495957,16.804443040103167,-41.29470996088429,16.337232493750599,-103.41867261988205,830.6256053506068,910.129144698828,0.0,0.0,0.0,0.0,0.0,0.0,0.0,0.0,0.0,0.0,0.0,0.0,0.0,0.0,0.0,0.0,0.0,0.0,0.0,0.0,0.0,0.0,1.2080616792285002,0.36876119634569606,249.98583499487428,296.32288121409439,6312.340364862682,0.11350474116507131,0.017323678443997453,25.14743384154332,29.81467585577476,631.6689701176023,1.1695742626102118,0.22100798613193729,384.6443306642725,455.8183958345978,9766.41902943687,0.2929649894034772,0.05535997532189666,266.4801718332535,316.56526863831416,6319.002693595556,0.0,0.0,9.100487345138682,10.9601528626695,146.29548635155855,0.0,0.0,14.752136271516602,17.558765566999477,327.5996986380421,0.0,0.0,249.43978339635053,299.5857064374781,4435.210859314879,0.0,0.0,20.588233053616727,24.814375228536158,325.1634904823509,0.0,0.0,186.90132553284014,225.75740023401429,2716.048288096568,36.87984384378002,25.294817451152285,384.01692455866489,458.112973420059,9060.039751776143,0.0,0.0,203.91511685184276,246.68010026553467,2791.5947657617427,789.1276105297659,21.665720897402463,34.601416126225419,21.5,30.0,0.0,21.554284620482258,41.568613903001708,21.0,30.0,1652.9388799800998,21.662384484840726,33.84001616290025,21.5,30.0,0.0,20.832152356381966,35.95792001298566,16.0,30.0,0.0,16.940246117096249,47.34502876140852,12.0,30.0,0.0,20.076523982120237,46.12905405601764,19.0,30.0,0.0,17.805886128043534,44.40385096791286,10.0,30.0,0.0,16.79703118715365,47.50950969622737,12.0,30.0,0.0,16.161181098661559,49.4740319909375,16.0,30.0,0.0,19.68671679138559,0.0,0.0,0.0,15.72208325583205,0.0,0.0,734.8073568414936,1112.312095327372,692.4237709127833,710.7598810200367,765.8790757758548,1193.676090759951,753.1181831035968,757.2030927115432,760.8208259407811,9236.690247860643,81.89744650779923,81.89744650779923,570.0,0.0,570.0,570.0,21.0,16.0,19.0,16.0,12.0,12.0,21.0,10.0,1.0,0.0,789.1276105297659,0.0,1652.9388799800998,0.0,0.0,0.0,0.0,0.0,0.0,0.0,0.0,81.89744650779923,81.89744650779923,0.34,0.7710342809100357,0.36028137401965956,81.89744650779923,0.3542647819438875,0.0,0.020583333333333333 
 03/08  21:40:00,8.886666666666667,66.0,5.886666666666667,0.0,0.0,0.0,0.0,0.0,2.0,0.0,0.0,4.0,0.0,0.0,0.0,1382.0,0.0,0.0,0.0,0.0,0.0,0.0,0.0,0.0,0.0,0.0,0.0,21.259976010467818,-929.517682899195,21.1507697062445,-133.4896861817662,20.993056272394818,-447.0912368450595,20.091179361716827,71.96743175257507,16.948396611032693,12.506824909490675,19.76745236701636,-62.650147320854,17.676663153061236,24.90946450823685,16.72795718274023,-42.85234713704597,16.31774003708258,-116.12563709790016,730.4200506052625,924.6686776416759,0.0,0.0,0.0,0.0,0.0,0.0,0.0,0.0,0.0,0.0,0.0,0.0,0.0,0.0,0.0,0.0,0.0,0.0,0.0,0.0,0.0,0.0,1.192231222921478,0.3639289447257259,204.15702167802636,241.92335524841872,5178.257374191977,0.09025362241422239,0.013774972895943589,27.846064488092798,33.00414154741398,706.5549808478767,1.2955161965898335,0.24480653752642363,225.35492730156035,267.20672733209678,5678.3858765292429,0.2841752320784915,0.053699023446426939,198.8870941638118,236.5226332324931,4705.439585826064,0.0,0.0,9.003625330194158,10.843290136835395,147.764708039962,0.0,0.0,14.66329226029381,17.453532653242264,330.32126462922977,0.0,0.0,249.81978187920485,300.0682770889734,4506.421295794191,0.0,0.0,21.988621993673069,26.508883820431799,350.1738932863595,0.0,0.0,185.71268044671053,224.33237264325309,2750.9249728036159,36.843156794978629,25.269654866240495,232.36028725294129,277.62218604681677,5596.664919866938,0.0,0.0,204.2237989603409,247.1010356662906,2838.206671660316,993.7815820889052,21.528724326887735,34.66391917499777,21.5,30.0,0.0,21.534895420884515,41.38100733591567,21.0,30.0,875.4188886553648,21.366141158179553,34.82262930118209,21.25,30.0,0.0,20.673178366525876,36.327565383364248,16.0,30.0,0.0,16.94786679376936,47.36067156910579,12.0,30.0,0.0,20.077766573610054,46.212017105150199,19.0,30.0,0.0,17.77434353262295,44.53521696683739,10.0,30.0,0.0,16.70156776623698,47.88046286740497,12.0,30.0,0.0,16.140258135362268,49.64960579714553,16.0,30.0,0.0,19.14132237049117,0.0,0.0,0.0,15.663695679724866,0.0,0.0,722.5610444229732,1099.8908739770157,712.2551478830189,711.8651707951619,771.3847610804007,1200.7657654279147,756.8029835811544,764.1103704569213,767.4107279992161,6507.625010355381,81.92297067630686,81.92297067630686,570.0,0.0,570.0,570.0,21.0,16.0,19.0,16.0,12.0,12.0,21.0,10.0,1.0,0.0,993.7815820889052,0.0,875.4188886553648,0.0,0.0,0.0,0.0,0.0,0.0,0.0,0.0,81.92297067630686,81.92297067630686,0.255,0.5405297248445234,0.27021103051474468,81.92297067630686,0.2656985864579156,0.0,0.020425 
 03/08  21:50:00,8.728333333333334,67.0,5.863333333333333,0.0,0.0,0.0,0.0,0.0,2.0,0.0,0.0,4.0,0.0,0.0,0.0,692.0,0.0,0.0,0.0,0.0,0.0,0.0,0.0,0.0,0.0,0.0,0.0,21.45312946447831,-1324.937892612592,21.134849459559076,-111.85021997427663,20.975849868265934,-287.9835249044454,19.99532920085103,286.55444493067446,16.954327484133957,12.07946706238252,19.75752267671608,-72.24863471165276,17.717725790364186,49.12356914117754,16.656372901260423,-42.89444499473899,16.289082260997949,-123.61982662495802,769.8850304916177,947.6115965691461,0.0,0.0,0.0,0.0,0.0,0.0,0.0,0.0,0.0,0.0,0.0,0.0,0.0,0.0,0.0,0.0,0.0,0.0,0.0,0.0,0.0,0.0,1.180293355489002,0.360284907047925,244.28479671959833,288.91731148684996,6454.02604943398,0.13943392796917968,0.021281124537420587,22.942119602196507,27.145146384313017,590.4764725695071,1.2972244277620362,0.24512933253250883,261.8740641917309,310.61167639709086,6563.419099485387,0.31614102330789936,0.05973942239378292,280.07261722099318,332.89341406725137,6650.902941965967,0.0,0.0,9.32109589683982,11.213522465668789,156.09210462948949,0.0,0.0,14.165681263445324,16.84063772818134,323.3202045278772,0.0,0.0,254.83609462112325,305.63814749981199,4723.369037392637,0.0,0.0,22.731145407789066,27.377475441730974,365.2697981216992,0.0,0.0,186.94539878469983,225.5674824394519,2816.321319508823,37.11053839090798,25.453044163860079,277.2179992592502,331.01475345832128,6654.927104490469,0.0,0.0,206.1500835447137,249.14546289406355,2916.407833214288,1604.13589992575,21.87371374840543,33.61978529152746,22.0,30.0,0.0,21.51906628884569,41.81743758838836,21.0,30.0,0.0,21.185352411261488,35.01584673274829,21.0,30.0,0.0,20.550887052240165,36.663676923716497,16.0,30.0,0.0,16.953250738615528,47.3266257851769,12.0,30.0,0.0,20.06479840945721,46.07628859495778,19.0,30.0,0.0,17.862462242849696,44.1151399250552,10.0,30.0,0.0,16.611342954155995,48.17012053120985,12.0,30.0,0.0,16.103881819024644,49.74123506726069,16.0,30.0,0.0,19.242967638788593,0.0,0.0,0.0,15.627764754827365,0.0,0.0,703.9254892739112,1122.6814107986859,701.4096362183334,714.9916815648071,773.3384019897158,1194.6494457899799,749.5331052012805,766.83985355882,767.2549259508573,9215.68698384333,81.91139157719438,81.91139157719438,570.0,0.0,570.0,570.0,21.0,16.0,19.0,16.0,12.0,12.0,21.0,10.0,1.0,0.0,1604.13589992575,0.0,0.0,0.0,0.0,0.0,0.0,0.0,0.0,0.0,0.0,81.91139157719438,81.91139157719438,0.34,0.7667458108887131,0.36028137401965956,81.91139157719438,0.3542647819438875,0.0,0.020456666666666669 
 03/08  22:00:00,8.57,68.0,5.84,0.0,0.0,0.0,0.0,0.0,2.0,0.0,0.0,4.0,0.0,0.0,0.0,346.0,0.0,0.0,0.0,0.0,0.0,0.0,0.0,0.0,0.0,0.0,0.0,21.43848119608667,-1786.2482118324916,21.131435032190603,-96.79233440723135,20.74529142415919,274.3876142080808,19.937765209583178,239.29536487179758,16.959810453008065,11.664380005265173,19.735146971096535,-86.41685352877983,17.77550690804712,70.01826349964176,16.589257517466974,-42.00304739163141,16.26713176361858,-107.67252352737796,785.7163184515412,996.6265830397852,0.0,0.0,0.0,0.0,0.0,0.0,0.0,0.0,0.0,0.0,0.0,0.0,0.0,0.0,0.0,0.0,0.0,0.0,0.0,0.0,0.0,0.0,1.1062562233469955,0.33768504986172029,344.76584352587079,407.2508689007684,9101.072200822544,0.1483866632157215,0.022647537120836619,19.67470073344264,23.20567039314949,513.8490046540169,1.4336736512205506,0.2709133883636718,266.9728025885236,315.8889977959363,6807.349158688044,0.33749258599002437,0.06377410921958131,272.87613219946987,323.7246835694678,6514.301897692907,0.0,0.0,9.789581744394792,11.750918769416418,167.24120126023028,0.0,0.0,14.594616128017398,17.307217704250268,336.92511717554569,0.0,0.0,267.21562780730656,319.6645216176622,5096.394459384539,0.0,0.0,24.860759398486633,29.885830203930678,403.48752847257716,0.0,0.0,192.93581604170823,232.29142524496658,2961.79252230964,37.276879695206257,25.56713284993571,284.18541883373106,338.6525108726678,6877.473271637925,0.0,0.0,214.34133277226744,258.44183590174199,3119.3399159808056,1904.2686595092053,21.734421963904503,33.87813525651594,22.0,30.0,0.0,21.524945022669983,42.910943812590918,21.0,30.0,0.0,21.23694154873755,34.95891468764618,21.0,30.0,0.0,20.446069478616346,36.946887560171038,16.0,30.0,0.0,16.958664385669278,47.05335900378125,12.0,30.0,0.0,20.0310016317687,45.66117919803723,19.0,30.0,0.0,17.97051692244673,43.72628816490731,10.0,30.0,0.0,16.52648324681923,48.414749950434217,12.0,30.0,0.0,16.083001644416794,49.75275366171276,16.0,30.0,0.0,19.190414422127028,0.0,0.0,0.0,15.667837080392279,0.0,0.0,701.9830915637739,1186.3334357483469,703.8996828358079,717.2240389563823,763.563602042122,1170.5588598079847,745.8362402493099,767.3207141497444,765.5665479026784,7961.878865289543,82.74037867816878,82.74037867816878,570.0,0.0,570.0,570.0,21.0,16.0,19.0,16.0,12.0,12.0,21.0,10.0,1.0,0.0,1904.2686595092053,0.0,0.0,0.0,0.0,0.0,0.0,0.0,0.0,0.0,0.0,82.74037867816878,82.74037867816878,0.34,0.7714556157069448,0.36028137401965956,82.74037867816878,0.3542647819438875,0.0,0.02048833333333333 
 03/08  22:10:00,8.528333333333335,68.5,5.816666666666667,0.0,0.0,0.0,0.0,0.0,2.0,0.0,0.0,4.0,0.0,0.0,0.0,3460.0,0.0,0.0,0.0,0.0,0.0,0.0,0.0,0.0,0.0,0.0,0.0,21.50630737239265,-1662.8623389036303,21.121423637148675,-119.34567732169326,20.66121795741606,133.083861732599,19.936953440462433,296.29270718552126,16.963792658942837,12.103437779720674,19.728767390756,-46.182605323859849,17.92881924524103,239.0241844046774,16.53109413272188,-89.13244554074777,17.790294717937358,-291.53560140491097,756.9600919880257,808.4226438971897,0.0,0.0,0.0,0.0,0.0,0.0,0.0,0.0,0.0,0.0,0.0,0.0,0.0,0.0,0.0,0.0,0.0,0.0,0.0,0.0,0.0,0.0,1.1600457807319787,0.3541043286727652,310.17834940614577,367.7258467189626,8251.824861101377,0.13041917820724803,0.019905246979128215,23.719410934690875,28.117014308114226,619.1340501878642,1.4110302994614029,0.26663459929353808,261.6576132298855,310.9727685646298,6625.247270657583,0.3374790508557713,0.06377155156004749,278.57328724505188,331.79767735295146,6679.472207963288,0.0,0.0,9.947718160640165,11.987669721040716,170.73818384768874,0.0,0.0,12.365054191501505,14.737974620024616,286.32747752953039,0.0,0.0,181.79992912814454,218.28581904632464,3566.5864031445896,0.0,0.0,37.97379350435923,45.822899670176457,613.0827468574705,0.0,0.0,117.08718302612208,140.6940761139631,2239.4517932054907,37.23293796567277,25.536994489487506,275.76602449427238,330.015576421137,6663.271965363953,0.0,0.0,132.81380021679997,161.02510981710635,1877.0381821630809,1835.6075259361442,21.79929651147555,33.82402853136193,21.999999999999998,30.0,0.0,21.51177597919442,42.741153542322319,21.000000000000005,30.0,0.0,21.108278147472185,35.29564759550575,21.000000000000005,30.0,0.0,20.465524766356667,36.92722738187044,15.999999999999999,30.0,0.0,16.961744436419204,46.950703980478348,12.0,30.0,0.0,20.0342355210731,44.44197220082406,19.0,30.0,0.0,18.264568954162365,42.69799281401204,10.0,30.0,0.0,16.455707418748078,48.501385799368978,12.0,30.0,2987.235069596463,18.150910660494629,43.5092234318023,20.0,30.0,0.0,19.098521309497074,0.0,0.0,0.0,15.329992158115698,0.0,0.0,704.3600156702037,1174.006311558401,705.4831939991948,717.0393932777507,760.102041066047,1150.902918834886,734.4394951212186,762.8296457184572,754.3859686964605,10422.109550498206,81.11353629075188,85.2982999815836,570.0,0.0,570.0,570.0,21.0,16.0,19.0,19.0,12.0,12.0,21.0,10.0,1.0,0.0,1835.6075259361442,0.0,0.0,0.0,0.0,0.0,0.0,2987.235069596463,6333.126219113577,3799875.7314681459,4940181.663685202,81.11353629075188,85.36937116151595,0.3471042073037859,0.7666540692013374,0.3602813740196596,85.36937116151595,0.3542647819438876,4940181.663685202,0.27740944651163049 
 03/08  22:20:00,8.486666666666669,69.0,5.793333333333333,0.0,0.0,0.0,0.0,0.0,2.0,0.0,0.0,4.0,0.0,0.0,0.0,692.0,0.0,0.0,0.0,0.0,0.0,0.0,0.0,0.0,0.0,0.0,0.0,21.525139841652785,-1672.3790224679579,21.10447642836642,-117.6501345092899,20.586595045110465,223.66788251566596,19.948888059003865,286.8666030039567,16.96872934470108,11.876223614720744,19.738668861049335,-35.74174162229434,17.980903085850494,4.4232308171626759,16.390801916628719,-126.86218864327498,18.929753732178356,-383.26391626038869,754.769303836234,1044.893230365797,0.0,0.0,0.0,0.0,0.0,0.0,0.0,0.0,0.0,0.0,0.0,0.0,0.0,0.0,0.0,0.0,0.0,0.0,0.0,0.0,0.0,0.0,1.162550394334412,0.354868862739442,314.0310273416578,371.6597246776871,8374.423850367606,0.1335799401221608,0.02038765874880354,23.43823145593474,27.724128368009088,613.0298016244218,1.432953747897928,0.2707773522104929,255.19326396955175,302.7760371175548,6461.743439185085,0.336670930290421,0.06361884548193894,264.20495316141526,314.0878720618082,6370.2135472332779,0.0,0.0,10.562774076042392,12.705607237006018,182.33848512574185,0.0,0.0,12.349498239729187,14.6877709214843,287.7029924948382,0.0,0.0,179.07611083474326,214.42308444171773,3492.7975420302839,0.0,0.0,48.57916315188821,58.56993045864512,767.0609354339201,0.0,0.0,126.39587455835668,150.1941854955305,2950.202189852953,37.2046942027868,25.51762291000467,266.1658034302718,317.96840346110226,6472.788259741044,0.0,0.0,132.69039482706183,159.8303534754473,2096.650217368742,1801.304319417788,21.786758893431846,33.84324899511581,22.0,30.0,0.0,21.489055236647496,42.60107209314682,21.0,30.0,0.0,21.060045659963508,35.440207920286258,21.0,30.0,0.0,20.48758550918444,36.89549999330613,16.0,30.0,0.0,16.966967411256126,46.67907617548708,12.0,30.0,0.0,20.05988699790063,42.45471491252755,19.0,30.0,0.0,18.29485061335386,42.58683542873764,10.0,30.0,0.0,16.233107799775526,49.10362758597705,12.0,30.0,1375.3857149312544,20.268876184333928,37.66571373117639,20.0,30.0,0.0,19.078336549446314,0.0,0.0,0.0,15.63360722159106,0.0,0.0,703.0050183273271,1161.458884625025,706.9742180004091,717.2235110440519,749.6036336353376,1122.5674937055485,732.6434579962077,761.3292835064162,734.4653356588415,7995.903468018061,82.71772351309332,82.71772351309332,570.0,0.0,570.0,570.0,21.0,16.0,19.0,19.0,12.0,12.0,21.0,10.0,1.0,0.0,1801.304319417788,0.0,0.0,0.0,0.0,0.0,0.0,1375.3857149312544,0.0,0.0,0.0,82.71772351309332,82.71772351309332,0.34,0.7674314970431138,0.36028137401965956,82.71772351309332,0.3542647819438875,0.0,0.02026666666666667 
 03/08  22:30:00,8.445,69.5,5.77,0.0,0.0,0.0,0.0,0.0,2.0,0.0,0.0,4.0,0.0,0.0,0.0,1384.0,0.0,0.0,0.0,0.0,0.0,0.0,0.0,0.0,0.0,0.0,0.0,21.541303562503655,-1712.4712288710962,21.09259292850797,-117.1586986604072,20.55884734729178,237.82234952084628,19.951022973851779,277.15159912032507,16.973254270854768,12.525385576357337,19.736010744945156,-52.09566778321772,17.740123997583205,112.82634820818999,16.354363604779864,-1.9789719267612896,18.62567870709444,-585.6134845869701,750.1032740561104,1263.4162665621346,0.0,0.0,0.0,0.0,0.0,0.0,0.0,0.0,0.0,0.0,0.0,0.0,0.0,0.0,0.0,0.0,0.0,0.0,0.0,0.0,0.0,0.0,1.1627710140443557,0.3549362069732465,315.2729496977233,373.5511990953556,8423.208333927321,0.1364419718229712,0.02082447677395775,23.169454832668828,27.44379197088479,607.3172761643107,1.4330007718695415,0.27078623807058618,248.20800100899568,294.804046365415,6305.413016881277,0.33362504302846887,0.06304328099555344,256.2244694168009,304.8955616877628,6198.8770032642419,0.0,0.0,11.022254434607757,13.27480387291348,191.26449718832112,0.0,0.0,13.422064498922925,15.98889646329996,313.68387307393348,0.0,0.0,234.71596732432236,281.87367216352399,4490.916242341988,0.0,0.0,47.775570133814849,57.69198746887729,758.5762312176411,0.0,0.0,202.83639718826596,242.3968928789405,4453.473978434963,37.18201884255688,25.50207053673312,258.21914259174187,308.81165672401678,6315.235164414869,0.0,0.0,191.93308606758556,231.74978614293583,3090.678492819733,1830.7173321061956,21.77214693062583,33.8818906858149,22.0,30.0,0.0,21.475773657482106,42.58859704075648,21.0,30.0,0.0,21.059886973235494,35.442947334553547,21.0,30.0,0.0,20.48879143360229,36.90758316767148,16.0,30.0,0.0,16.97193738376622,46.532379949822018,12.0,30.0,0.0,20.058346189066488,41.41927232509869,19.0,30.0,0.0,17.892797556124465,43.633090511127168,10.0,30.0,0.0,16.228148295285125,48.873649169033168,12.0,30.0,842.5800157770794,19.333789329597559,39.9589538782732,19.25,30.0,0.0,19.058930338737789,0.0,0.0,0.0,16.271545225017979,0.0,0.0,701.5809419248792,1158.0588946400092,705.3709154596973,716.6923861742989,744.5549887126573,1097.654501041728,732.7255199908886,751.9551090857532,738.8873286556639,9714.042101371884,81.58180309651135,83.3221370625536,570.0,0.0,570.0,570.0,21.0,16.0,19.0,19.0,12.0,12.0,21.0,10.0,1.0,0.0,1830.7173321061956,0.0,0.0,0.0,0.0,0.0,0.0,842.5800157770794,2633.7879171613255,1580272.7502967953,2047614.0377744639,81.58180309651135,83.35169371080926,0.34279293057204426,0.7693819072924422,0.36028137401965956,83.35169371080926,0.3542647819438875,2047614.0377744639,0.12648926329760547 
 03/08  22:40:00,8.403333333333335,70.0,5.746666666666666,0.0,0.0,0.0,0.0,0.0,2.0,0.0,0.0,0.0,0.0,0.0,0.0,1384.0,0.0,0.0,0.0,0.0,0.0,0.0,0.0,0.0,0.0,0.0,0.0,20.867585317109893,-421.5465351730486,20.78498293617462,-467.39970291818488,20.237452708162029,-334.2679554946094,19.88259117477612,112.72118736505752,16.97498378177675,8.394743885583594,19.622225084728027,-45.48186116379506,17.736543796746568,-52.828171451070378,16.360364327877706,-40.867571526235909,18.296616023777447,-356.7021934632976,830.2572551301482,1023.9447621343713,0.0,0.0,0.0,0.0,0.0,0.0,0.0,0.0,0.0,0.0,0.0,0.0,0.0,0.0,0.0,0.0,0.0,0.0,0.0,0.0,0.0,0.0,1.164752538552229,0.35554106793413589,358.6485517196453,426.2819607244788,8831.440849973631,0.19498027332926977,0.029758893975773777,216.73868274554153,257.41077798010738,5448.1292880464829,1.2469168391048793,0.23562298546955399,294.3676506742332,350.29015085940139,7142.180693912003,0.2704517323404546,0.051105769527674708,170.03986440328607,202.42145641677929,4084.7025796064265,0.0,0.0,10.115653521038539,12.183460351614079,176.37763701621024,0.0,0.0,13.246445123082215,15.786484219936496,307.4359658020859,0.0,0.0,190.31415854403117,228.46308702843869,3646.441625013209,0.0,0.0,43.72521010540587,52.78586194475206,701.255747324147,0.0,0.0,161.16757761634899,192.77872667646933,3419.8614038699226,36.70899061612382,25.17763416743747,404.0893685854313,482.5306009627175,9744.364032696367,0.0,0.0,152.2611403333074,184.16854320921525,2266.6234643107657,0.0,20.69810444970941,37.83389720426659,22.0,30.0,0.0,20.953797662563369,37.74276519311851,12.0,30.0,0.0,20.463248960716198,37.52100349060562,21.75,30.0,0.0,20.34971565954362,37.76048382045846,12.0,30.0,0.0,16.971707249660708,46.59172675757016,12.0,30.0,0.0,19.930869418821215,40.97366540254176,12.0,30.0,0.0,17.851985906337164,44.75977836083566,10.0,30.0,0.0,16.26404130813776,48.62778754600805,12.0,30.0,0.0,18.917232308065299,41.649122844459757,20.0,30.0,0.0,19.34341930514,0.0,0.0,0.0,15.644697749317065,0.0,0.0,789.3636268003098,817.7269145051284,742.5155491987432,742.2780572253016,748.0957498130674,1082.3828023588638,779.6384394196414,749.105875195678,770.1579661671298,0.0,82.34736915619485,82.34736915619485,60.0,0.0,60.0,60.0,12.0,12.0,12.0,19.0,12.0,12.0,21.0,10.0,0.0,0.0,0.0,0.0,0.0,0.0,0.0,0.0,0.0,0.0,0.0,0.0,0.0,82.34736915619485,82.34736915619485,0.0,0.0,0.0,82.34736915619485,0.0,0.0,0.00208 
 03/08  22:50:00,8.361666666666667,70.5,5.723333333333333,0.0,0.0,0.0,0.0,0.0,2.0,0.0,0.0,0.0,0.0,0.0,0.0,692.0,0.0,0.0,0.0,0.0,0.0,0.0,0.0,0.0,0.0,0.0,0.0,20.414970700014075,-308.5728073855835,20.416766475669456,-189.43266240500044,20.048432214541486,36.258703288353448,19.726670213645368,49.513931496518129,16.971837860835487,6.001022689553878,19.50537442676014,-45.540206533541468,17.616375486969319,12.533380250099527,16.32463841128722,-50.0494296073972,17.8361102359769,-137.86704123927076,664.6646315645257,919.7005212191486,0.0,0.0,0.0,0.0,0.0,0.0,0.0,0.0,0.0,0.0,0.0,0.0,0.0,0.0,0.0,0.0,0.0,0.0,0.0,0.0,0.0,0.0,1.1681413966315795,0.35657551789730759,254.42403532161749,302.80477926240209,5980.80353777426,0.20451040318321488,0.03121343149926967,147.39285154946504,175.37249893562893,3554.754622205254,1.234138654592089,0.23320836254574629,143.65365968865758,170.96608855322999,3444.8784147434269,0.2532986594604165,0.04786444812177182,116.39880736793461,138.52580086990816,2743.931009040676,0.0,0.0,9.882335273413752,11.88695449708972,173.02760049608095,0.0,0.0,12.265221219138562,14.608571523512149,281.7458137780441,0.0,0.0,177.29215214416045,212.78294435953337,3345.649248647888,0.0,0.0,41.38636151818865,49.915675833639529,664.0945796635933,0.0,0.0,146.85721925523854,175.9755852744915,2909.436736677396,36.41185101059226,24.973834712340378,199.85445243573134,239.00205563702733,4908.751363604096,0.0,0.0,138.363803049035,167.37397745131114,1999.5188400071234,0.0,20.03284206528675,38.549874955144989,22.0,30.0,0.0,20.363095573488786,37.277159013796708,12.0,30.0,0.0,20.192430808739009,38.842465898149729,22.0,30.0,0.0,20.06736164340127,38.94663853272823,12.0,30.0,0.0,16.96440120923547,46.869257661016877,12.0,30.0,0.0,19.76322645282898,40.886198882081568,12.0,30.0,0.0,17.661632298859528,45.18778432475267,10.0,30.0,0.0,16.22357489294599,49.11459881002796,12.0,30.0,0.0,18.12357168166978,43.89326463803441,20.0,30.0,0.0,18.659175471441949,0.0,0.0,0.0,15.373721238578668,0.0,0.0,741.7894695856644,716.6167137693096,779.4985785012498,769.0506366659479,760.0332852681704,1079.9930267575119,774.887590208266,765.3382578324874,776.3942023649618,0.0,82.34736915619485,82.34736915619485,60.0,0.0,60.0,60.0,12.0,12.0,12.0,19.0,12.0,12.0,21.0,10.0,0.0,0.0,0.0,0.0,0.0,0.0,0.0,0.0,0.0,0.0,0.0,0.0,0.0,82.34736915619485,82.34736915619485,0.0,0.0,0.0,82.34736915619485,0.0,0.0,0.0019966666666666667 
 03/08  23:00:00,8.32,71.0,5.7,0.0,0.0,0.0,0.0,0.0,2.0,0.0,0.0,0.0,0.0,0.0,0.0,1038.0,0.0,0.0,0.0,0.0,0.0,0.0,0.0,0.0,0.0,0.0,0.0,20.233331794637487,8.386151790224482,20.200994681141304,-371.4295022651129,19.823257925970546,-251.0970521885478,19.56664118129837,-51.73940117261891,16.965659686696804,2.1048900383543907,19.422503550565364,-33.78573856509533,17.64553601279581,73.78735963047869,16.268570664638994,-90.02987012573795,17.64070634293892,-48.22005022042189,586.9544816371707,534.8389223934971,0.0,0.0,0.0,0.0,0.0,0.0,0.0,0.0,0.0,0.0,0.0,0.0,0.0,0.0,0.0,0.0,0.0,0.0,0.0,0.0,0.0,0.0,1.1444611685699156,0.34934712105308809,178.02556002740602,212.32562692599914,4166.968977904781,0.19971121956107686,0.03048095536646475,138.5038058668497,165.0515132527537,3267.914894488559,1.1227531427850504,0.21216045782030458,146.03737468507243,174.16985251370708,3404.7883597898337,0.22172799322066695,0.041898713760519099,108.38915720738007,129.19984367273433,2504.6098154806288,0.0,0.0,8.475428427097686,10.202445758839592,148.9096447039455,0.0,0.0,11.256563962676469,13.42245478602938,257.2351909978443,0.0,0.0,110.76143098475359,133.0275485710356,2115.758597091664,0.0,0.0,37.58903576838022,45.37315872360988,600.349088253506,0.0,0.0,84.56054502868683,101.53342551770609,1632.1262073258698,35.963019719572809,24.665994320694688,223.2705257755035,267.418306066397,5382.121349767929,0.0,0.0,77.38492885101857,93.93428587575169,1015.584249652148,0.0,19.901400311266117,38.47917395404223,22.000000000000019,30.00000000000002,0.0,20.03439529793944,37.86081291673984,12.00000000000001,30.00000000000002,0.0,19.81404329138654,38.64984102259005,22.000000000000019,30.00000000000002,0.0,19.790785010699957,39.33270161899671,12.00000000000001,30.00000000000002,0.0,16.95363934845828,46.982241337088399,12.00000000000001,30.00000000000002,0.0,19.660533206742107,40.736426358634648,12.00000000000001,30.00000000000002,0.0,17.746490115787414,44.50121314697007,10.000000000000007,30.00000000000002,0.0,16.144243536021997,49.68654115883997,12.00000000000001,30.00000000000002,0.0,17.823359363938619,44.58578041851922,20.000000000000015,30.00000000000002,0.0,18.556703860138975,0.0,0.0,0.0,14.652996515422437,0.0,0.0,721.6043604015011,702.1913345539514,718.6519062662469,752.6667591282717,764.0101912016239,1079.714942915483,751.9135028645856,781.0747166357611,768.551502628881,0.0,82.3473691561949,82.3473691561949,60.00000000000004,0.0,60.00000000000004,60.00000000000004,12.0,12.0,12.0,19.0,12.0,12.0,21.0,10.0,0.0,0.0,0.0,0.0,0.0,0.0,0.0,0.0,0.0,0.0,0.0,0.0,0.0,82.3473691561949,82.3473691561949,0.0,0.0,0.0,82.3473691561949,0.0,0.0,0.0019133333333333334 
 03/08  23:10:00,8.308333333333334,71.33333333333334,5.678333333333334,0.0,0.0,0.0,0.0,0.0,2.0,0.0,0.0,0.0,0.0,0.0,0.0,1038.0,0.0,0.0,0.0,0.0,0.0,0.0,0.0,0.0,0.0,0.0,0.0,20.039997941287795,-215.26705207731113,19.966242652351754,-322.57688800863925,19.579196821075685,-242.50693829335388,19.384982339771655,-96.27583552177535,16.957865468675565,2.6329674064252419,19.352354350817629,-29.85552475740989,17.722126452874215,69.8109329930991,16.168779015493528,-117.18029319882635,17.39565419642059,-300.3197544767294,584.473709576731,695.3827194314938,0.0,0.0,0.0,0.0,0.0,0.0,0.0,0.0,0.0,0.0,0.0,0.0,0.0,0.0,0.0,0.0,0.0,0.0,0.0,0.0,0.0,0.0,1.1111589292468296,0.33918160233419716,286.4869009094096,341.8778654746661,6555.632798831068,0.19140892873679173,0.029213816962269803,149.45921056989426,178.29160227497426,3423.8945238698736,1.0943083694044185,0.20678540616107689,230.67200992181615,275.51321600036035,5189.729241656527,0.21152886870669153,0.03997144155455243,120.9439205091239,144.36335011098934,2726.6706758414095,0.0,0.0,7.638476618327087,9.194408561363535,134.21707546998017,0.0,0.0,11.033325827681616,13.15967655849554,250.57512718914166,0.0,0.0,140.85074698959455,169.00042299785626,2737.6921515436308,0.0,0.0,38.91448099216653,46.999057344738798,610.184341621141,0.0,0.0,73.3514009676805,88.15400627160259,1355.3805482152193,35.53427612491392,24.37193149856923,344.1333960050154,412.2285047480991,7852.725389626459,0.0,0.0,100.78919143024877,122.28030489971795,1320.4219572774856,0.0,19.625240880015629,38.52624506915321,22.0,30.0,0.0,19.694222837447098,37.92494905419757,12.0,30.0,0.0,19.4238103992243,38.86497245647975,22.0,30.0,0.0,19.49176714364935,39.183340296768609,12.0,30.0,0.0,16.94296902541685,46.917453925791679,12.0,30.0,0.0,19.576442202487024,40.503152454677728,12.0,30.0,0.0,17.895060035236744,43.678538414009519,10.0,30.0,0.0,15.985385917101017,49.960154650183188,12.0,30.0,0.0,17.406217388759946,45.522133087400018,20.0,30.0,0.0,18.5279507632321,0.0,0.0,0.0,14.665987867835799,0.0,0.0,684.0859585705829,657.4825450158818,675.7006929594453,704.1720735430182,760.1620387198132,1075.9074343337266,732.1423703095804,774.7725739724638,763.593688146794,0.0,82.34736915619485,82.34736915619485,60.0,0.0,60.0,60.0,12.0,12.0,12.0,19.0,12.0,12.0,21.0,10.0,0.0,0.0,0.0,0.0,0.0,0.0,0.0,0.0,0.0,0.0,0.0,0.0,0.0,82.34736915619485,82.34736915619485,0.0,0.0,0.0,82.34736915619485,0.0,0.0,0.00183 
 03/08  23:20:00,8.296666666666667,71.66666666666667,5.656666666666667,0.0,0.0,0.0,0.0,0.0,2.0,0.0,0.0,0.0,0.0,0.0,0.0,692.0,0.0,0.0,0.0,0.0,0.0,0.0,0.0,0.0,0.0,0.0,0.0,19.916610425398173,-111.43891473371787,19.834899515030167,-235.18225808768762,19.495111603858417,-164.28233629392208,19.236998708612626,-46.45789865998654,16.950633709583067,3.6319490214707317,19.28535587413868,-33.02335015516198,17.70010374395646,26.441113579688137,16.10312272054652,-94.70862058170042,17.122828239295929,-327.0148393423606,477.1015329574766,797.4716292279829,0.0,0.0,0.0,0.0,0.0,0.0,0.0,0.0,0.0,0.0,0.0,0.0,0.0,0.0,0.0,0.0,0.0,0.0,0.0,0.0,0.0,0.0,1.0825025482440137,0.3304342332857185,145.045927190721,173.04658212119205,3298.655685189434,0.1957535463843298,0.029876914893823236,95.65795998081046,114.0382553091188,2170.3776631167095,1.0976313962857219,0.2074133401900458,166.07872010986234,198.2032655126303,3729.2025272521316,0.2226920912694409,0.04208089404184445,109.14211886173021,130.15624363223726,2417.721204699535,0.0,0.0,7.611304759443352,9.155437786635498,133.8146822489337,0.0,0.0,11.175603203643393,13.323188452574325,252.32762890914416,0.0,0.0,162.98240110507045,195.39168363800963,3157.6888805511937,0.0,0.0,37.5979012638889,45.38612232523096,584.1113383707065,0.0,0.0,95.51880269943321,114.83767579359898,1683.4253978070354,35.38714594460284,24.271019166394276,194.61738741995968,233.16879120856863,4583.657697105902,0.0,0.0,122.9018975314869,148.88630363837283,1641.6549369898554,0.0,19.522867636165395,38.340855245570129,22.0,30.0,0.0,19.55235588445099,38.041969780618348,12.0,30.0,0.0,19.35724852759695,38.922746338510979,22.0,30.0,0.0,19.270157285170556,39.32835481627909,12.0,30.0,0.0,16.935600914720909,46.77570793874967,12.0,30.0,0.0,19.495293039431919,40.30271201905023,12.0,30.0,0.0,17.854523755094406,43.68076747052304,10.0,30.0,0.0,15.900612215260657,49.91581651468529,12.0,30.0,0.0,16.977249201658496,46.52947292535674,20.0,30.0,0.0,18.161925517968699,0.0,0.0,0.0,14.776935183097923,0.0,0.0,658.9358522466389,643.9188961537485,669.5171042297823,681.6934173172169,752.7037270373307,1069.608115191024,728.6124122479632,759.3474282039107,753.3638069079864,0.0,82.34736915619485,82.34736915619485,60.0,0.0,60.0,60.0,12.0,12.0,12.0,19.0,12.0,12.0,21.0,10.0,0.0,0.0,0.0,0.0,0.0,0.0,0.0,0.0,0.0,0.0,0.0,0.0,0.0,82.34736915619485,82.34736915619485,0.0,0.0,0.0,82.34736915619485,0.0,0.0,0.0018033333333333335 
 03/08  23:30:00,8.285,72.0,5.635,0.0,0.0,0.0,0.0,0.0,2.0,0.0,0.0,0.0,0.0,0.0,0.0,1038.0,0.0,0.0,0.0,0.0,0.0,0.0,0.0,0.0,0.0,0.0,0.0,19.74941321531865,-269.67631614784866,19.734733094202043,-175.00069432116349,19.419972980876027,-31.499056726410239,19.17852603499486,-20.85174080751865,16.94346384448981,4.312319557428848,19.225699132425079,-39.300780271159897,17.584019329203856,-41.08899444508702,16.070796136740009,-71.07232748269777,16.886595107986524,-352.63295837075068,337.3165421038033,893.9767629289266,0.0,0.0,0.0,0.0,0.0,0.0,0.0,0.0,0.0,0.0,0.0,0.0,0.0,0.0,0.0,0.0,0.0,0.0,0.0,0.0,0.0,0.0,1.0756027896331926,0.32832807986361187,154.93714211666413,185.03125049768119,3459.444513404906,0.1915412542299362,0.029234013160857169,60.79329300991559,72.55669282444824,1364.6011086168344,1.078371532414235,0.20377391013118574,64.31847915627671,76.83518687200638,1450.419717379152,0.2164444525320232,0.040900312269845629,63.16281777962756,75.45173478034464,1395.4536022241924,0.0,0.0,7.320951666765152,8.812136625664323,128.78204167616665,0.0,0.0,11.539487333482312,13.77011165911904,259.26567771322859,0.0,0.0,190.34884446941295,228.5641312039286,3613.5083889160207,0.0,0.0,34.551403422232159,41.74481179263607,535.9693570754085,0.0,0.0,125.44384667139623,151.14411929395903,2130.2303086788117,35.160028908085738,24.11524616466786,104.58406336518596,125.6127292004349,2657.07526742251,0.0,0.0,151.9356524695603,184.15867415280744,2068.690913684595,0.0,19.296351169304406,38.469978974615,21.999999999999994,29.99999999999999,0.0,19.45449686433679,38.077117574995927,11.999999999999995,29.99999999999999,0.0,19.300148892363845,38.849295579903849,21.999999999999994,29.99999999999999,0.0,19.212657449679669,39.414731017878128,11.999999999999995,29.99999999999999,0.0,16.93010802518996,46.644421121349427,11.999999999999995,29.99999999999999,0.0,19.428170462606109,40.172261069927589,11.999999999999995,29.99999999999999,0.0,17.640821733032113,44.004322799813539,9.999999999999997,29.99999999999999,0.0,15.878513561800326,49.70795682481461,11.999999999999995,29.99999999999999,0.0,16.624296051379049,47.30984634171677,19.999999999999994,29.99999999999999,0.0,17.68198854254458,0.0,0.0,0.0,14.911447318555272,0.0,0.0,632.9407332772797,630.7421781353387,658.341548592327,679.7529539842091,747.1767108698709,1061.1578938005608,716.3770612350028,746.7082202439817,741.3728135582077,0.0,82.34736915619482,82.34736915619482,59.99999999999998,0.0,59.99999999999998,59.99999999999998,12.0,12.0,12.0,19.0,12.0,12.0,21.0,10.0,0.0,0.0,0.0,0.0,0.0,0.0,0.0,0.0,0.0,0.0,0.0,0.0,0.0,82.34736915619482,82.34736915619482,0.0,0.0,0.0,82.34736915619482,0.0,0.0,0.0017766666666666669 
 03/08  23:40:00,8.273333333333334,72.33333333333333,5.613333333333333,0.0,0.0,0.0,0.0,0.0,2.0,0.0,0.0,0.0,0.0,0.0,0.0,1038.0,0.0,0.0,0.0,0.0,0.0,0.0,0.0,0.0,0.0,0.0,0.0,19.55738627921287,-146.2756911738339,19.642143324678423,-248.24372407005519,19.310297441407156,-195.86337353334404,19.054462172470076,-100.76234511404293,16.933843589271896,3.412694185308104,19.161311144961915,-46.04893272961527,17.43138962045159,-78.09140280598789,16.053987309494326,-62.68319528835724,16.691576924569305,-335.17612941172367,476.9954228326092,847.4490807159439,0.0,0.0,0.0,0.0,0.0,0.0,0.0,0.0,0.0,0.0,0.0,0.0,0.0,0.0,0.0,0.0,0.0,0.0,0.0,0.0,0.0,0.0,1.038929766165448,0.31713362825563137,307.3154231013943,367.5636265565452,6682.622051920194,0.17799279331920776,0.027166177246521346,163.86964377635489,195.68027859527326,3658.018447012986,1.0440214111660642,0.19728295751437359,261.947968725125,313.1980814501259,5772.224911260126,0.20290333456884553,0.038341522027370667,120.81232428989539,144.58909747726606,2620.8079328824994,0.0,0.0,6.986732246925329,8.410482112329963,122.93636605253451,0.0,0.0,12.06030961014029,14.395142965815026,269.43421952012047,0.0,0.0,193.26121293009155,232.28858377026629,3575.3854355937239,0.0,0.0,29.327873814546626,35.43018560485689,455.77975380698009,0.0,0.0,133.03913805537045,160.46556329621652,2191.2453293516489,34.89927371125992,23.93640172240051,368.6420290659943,442.2606951479211,8109.426672513848,0.0,0.0,156.07707474308183,189.26747801321629,2095.3288266779888,0.0,19.053682765983177,38.89695805766517,22.000000000000008,30.00000000000001,0.0,19.355485019016208,38.05744791786306,12.000000000000006,30.00000000000001,0.0,19.147782832034726,38.78808036558185,22.000000000000008,30.00000000000001,0.0,19.01955248224116,39.21685670794882,12.000000000000006,30.00000000000001,0.0,16.9211482277651,46.4165096227815,12.000000000000006,30.00000000000001,0.0,19.351169973373218,40.02035841845455,12.000000000000006,30.00000000000001,0.0,17.37984369704921,44.32148113843464,10.000000000000004,30.00000000000001,0.0,15.88130892395516,49.26703167954393,12.000000000000006,30.00000000000001,0.0,16.350248256045089,47.62611977151313,20.000000000000008,30.00000000000001,0.0,18.09860270091081,0.0,0.0,0.0,14.80462155362625,0.0,0.0,622.8354352592742,614.7000438317973,630.7722352716521,638.9108600314066,737.5467061377538,1045.041150807093,696.6391691962812,728.2476868944634,718.9542568369002,0.0,82.34736915619487,82.34736915619487,60.00000000000002,0.0,60.00000000000002,60.00000000000002,12.0,12.0,12.0,19.0,12.0,12.0,21.0,10.0,0.0,0.0,0.0,0.0,0.0,0.0,0.0,0.0,0.0,0.0,0.0,0.0,0.0,82.34736915619487,82.34736915619487,0.0,0.0,0.0,82.34736915619487,0.0,0.0,0.0017500000000000003 
 03/08  23:50:00,8.261666666666667,72.66666666666667,5.591666666666668,0.0,0.0,0.0,0.0,0.0,2.0,0.0,0.0,0.0,0.0,0.0,0.0,346.0,0.0,0.0,0.0,0.0,0.0,0.0,0.0,0.0,0.0,0.0,0.0,19.55871041013252,-125.94106604886565,19.465259853588216,-289.85117343602999,19.271585237476438,-38.921929527406977,18.99799194316374,-20.197344560250259,16.920920113784328,3.2643609315683479,19.090920702060616,-46.41849999976233,17.345310758016646,-38.08176038497095,16.030622131444038,-63.17886569779057,16.5240070187144,-293.1416152760721,293.2291589646102,849.3556958975523,0.0,0.0,0.0,0.0,0.0,0.0,0.0,0.0,0.0,0.0,0.0,0.0,0.0,0.0,0.0,0.0,0.0,0.0,0.0,0.0,0.0,0.0,1.0233397288760613,0.31237476461418237,139.6395202270246,166.363246307315,3088.4870723008405,0.18333598776563407,0.027981683114413015,100.5590068532,119.84204955833876,2200.5764804461716,1.0338156195085727,0.19535442545513474,86.6804739217308,103.26376809918149,1925.8940795118245,0.20871681298321594,0.03944006292199846,89.08607054633406,106.18738105927166,1929.3603087971147,0.0,0.0,7.006036879607138,8.408355669235676,123.2956417846797,0.0,0.0,12.117576754991199,14.425847047568276,269.01994915233959,0.0,0.0,194.91035009160553,233.673985496424,3565.213398955121,0.0,0.0,28.390408609958877,34.197957944235,441.29718107387347,0.0,0.0,134.37676223177898,161.72575780861613,2156.0363213651187,34.81025637177543,23.875347305744474,92.7438158413755,111.14303799812044,2376.5823576253367,0.0,0.0,156.77969186967008,189.5935965768591,2089.569665925601,0.0,19.15613488412801,38.36207893071417,22.0,30.0,0.0,19.098066786503354,37.950353909340069,12.0,30.0,0.0,19.155934840852014,38.597369209209109,22.0,30.0,0.0,18.975584449341306,39.365760598179118,12.0,30.0,0.0,16.90715315779946,46.15857553618824,12.0,30.0,0.0,19.26249163337798,39.813192585585209,12.0,30.0,0.0,17.259622704393096,44.38903188309894,10.0,30.0,0.0,15.867953486064627,48.92089932319561,12.0,30.0,0.0,16.120620812665686,48.062055178093839,20.0,30.0,0.0,17.462226694917363,0.0,0.0,0.0,14.741878904084985,0.0,0.0,604.6076780439286,567.0269062348453,620.7407295590217,642.6286158512027,726.9941170492706,1021.2334937872884,682.8756909734557,712.111212160245,707.9677095811435,0.0,82.34736915619485,82.34736915619485,60.0,0.0,60.0,60.0,12.0,12.0,12.0,19.0,12.0,12.0,21.0,10.0,0.0,0.0,0.0,0.0,0.0,0.0,0.0,0.0,0.0,0.0,0.0,0.0,0.0,82.34736915619485,82.34736915619485,0.0,0.0,0.0,82.34736915619485,0.0,0.0,0.00176 
 03/08  24:00:00,8.25,73.0,5.57,0.0,0.0,0.0,0.0,0.0,2.0,0.0,0.0,0.0,0.0,0.0,0.0,692.0,0.0,0.0,0.0,0.0,0.0,0.0,0.0,0.0,0.0,0.0,0.0,19.399396875550545,-188.37690524056826,19.41517646837177,-209.77431838536496,19.13436283426093,-203.0999614651805,18.931110444140644,-93.2515783723452,16.909637060090405,3.5715439996834137,19.040071428592257,-48.421660594482037,17.26133883417841,-83.45851138444414,16.00907397845109,-59.97332409294336,16.422311789223444,-301.81996484953518,433.5123888759331,863.4203342705937,0.0,0.0,0.0,0.0,0.0,0.0,0.0,0.0,0.0,0.0,0.0,0.0,0.0,0.0,0.0,0.0,0.0,0.0,0.0,0.0,0.0,0.0,1.0301147754994169,0.3144428496640467,178.40967048756967,213.02129043636178,3873.5539991651396,0.18177043305038682,0.02774274008705538,125.90092421281891,150.22278480506766,2747.010130597099,0.9841883607852795,0.18597663658074074,107.61282558057774,128.5960901775116,2340.2991403035755,0.19530803820415738,0.03690628083978785,105.86630968096735,126.53684136024195,2278.924364816876,0.0,0.0,6.757534270426585,8.12876498876295,118.91065904327329,0.0,0.0,12.240660575597199,14.606207748473345,270.72273970260837,0.0,0.0,200.04593283705715,240.4552813247155,3612.564411448765,0.0,0.0,26.167024241973328,31.59048195429157,406.6622074337822,0.0,0.0,142.4188794416131,171.83860525358069,2256.4138257950119,34.70290868683022,23.80172063568603,206.21401104023256,247.22796986382446,4692.762547922477,0.0,0.0,163.60392709557275,198.29782785414347,2173.1360900590209,0.0,18.92883755174713,38.80516082105401,22.0,30.0,0.0,19.097877835512074,38.27704732571692,12.0,30.0,0.0,18.94221499443824,38.9415104590869,22.0,30.0,0.0,18.893775368648478,39.155981951161567,12.0,30.0,0.0,16.89781247662541,46.00637140447294,12.0,30.0,0.0,19.21166396722995,39.7255497381294,12.0,30.0,0.0,17.132061573499806,44.59208322677448,10.0,30.0,0.0,15.85760602380823,48.82167278287555,12.0,30.0,0.0,16.010224709245884,48.24023357366404,20.0,30.0,0.0,17.885634454823597,0.0,0.0,0.0,14.709956563339669,0.0,0.0,597.0946663078851,588.190272723421,608.6671195989804,615.450377188238,719.9904905224446,1009.1666779407308,675.8332621708844,706.5602658121345,700.8121242394809,0.0,82.34736915619485,82.34736915619485,60.0,0.0,60.0,60.0,12.0,12.0,12.0,19.0,12.0,12.0,21.0,10.0,0.0,0.0,0.0,0.0,0.0,0.0,0.0,0.0,0.0,0.0,0.0,0.0,0.0,82.34736915619485,82.34736915619485,0.0,0.0,0.0,82.34736915619485,0.0,0.0,0.00177 
 03/09  00:10:00,8.23,73.16666666666667,5.546666666666668,0.0,0.0,0.0,0.0,0.0,2.0,2.0,0.0,0.0,0.0,0.0,0.0,1038.0,0.0,0.0,0.0,0.0,0.0,0.0,0.0,0.0,0.0,0.0,0.0,19.344391333707017,-172.63670119094938,19.311754176653176,-212.11927546222177,19.06663338064216,-201.2541632130536,18.854426455170868,-21.61559284583397,16.895259141374276,1.276399255959878,18.986400068028119,-49.5615325500695,17.34776171256579,100.07172757886292,15.968344558787419,-89.99011043913576,16.466742465230497,-117.4526080719871,400.60784516404387,473.4632636116805,0.0,0.0,0.0,0.0,0.0,0.0,0.0,0.0,0.0,0.0,0.0,0.0,0.0,0.0,0.0,0.0,0.0,0.0,0.0,0.0,0.0,0.0,1.0234224300408404,0.3124000091699757,186.69842899369542,223.14358954590899,4037.318587822406,0.18287771831882033,0.027911739670149629,114.60702908462224,136.98474667700396,2484.3403965023519,0.9972898709539585,0.18845235656726359,106.35291134908317,127.07898784789188,2301.945368152795,0.2013608233077761,0.0380500421972366,90.503763436218,108.22480478698836,1935.2981882771733,0.0,0.0,6.759324754530519,8.137146829108545,119.01328959912937,0.0,0.0,11.927792748759695,14.24778539820766,262.9540030185667,0.0,0.0,91.45694650248056,109.93339738276113,1696.014713293136,0.0,0.0,29.055881746652774,35.10541494490657,449.76699205204036,0.0,0.0,32.36197324281356,39.05684305313219,523.4852947636135,34.639217074864998,23.758036402513726,191.71778231725038,229.98516703711574,4378.799399615487,0.0,0.0,70.17356186225358,85.29745160987858,849.0983890402345,0.0,18.913614042488164,38.734194103475768,22.0,30.0,0.0,18.978214303844358,38.50118590543556,12.0,30.0,0.0,18.884418845646097,38.89161866470381,22.0,30.0,0.0,18.80863147305629,39.28401526685582,12.0,30.0,0.0,16.88340178821946,45.81238727471957,12.0,30.0,0.0,19.15498645325355,39.63093056801904,12.0,30.0,0.0,17.36017900011104,43.29318134398526,10.0,30.0,0.0,15.808098609237666,48.71672054968113,12.0,30.0,0.0,16.158241992773389,47.61944454694316,20.0,30.0,0.0,17.768203031938535,0.0,0.0,0.0,14.099548803891832,0.0,0.0,589.1146293116424,582.6966160719242,595.3145010091732,612.276327280403,712.218109260338,997.9746443940516,635.1268343690202,696.053950433558,744.6066075551205,0.0,82.34736915619485,82.34736915619485,60.0,0.0,60.0,60.0,12.0,12.0,12.0,19.0,12.0,12.0,21.0,10.0,0.0,0.0,0.0,0.0,0.0,0.0,0.0,0.0,0.0,0.0,0.0,0.0,0.0,82.34736915619485,82.34736915619485,0.0,0.0,0.0,82.34736915619485,0.0,0.0,0.0017800000000000004 
 03/09  00:20:00,8.21,73.33333333333334,5.523333333333333,0.0,0.0,0.0,0.0,0.0,2.0,2.0,0.0,0.0,0.0,0.0,0.0,692.0,0.0,0.0,0.0,0.0,0.0,0.0,0.0,0.0,0.0,0.0,0.0,19.22988834784158,-228.64765694125959,19.26728925601369,-94.64210801891398,18.979580947988518,-86.10337371300466,18.7973861485771,-79.1610925491052,16.877720871439267,1.0566857117280507,18.932357033993815,-45.78674100896143,17.439653594399805,64.45986731764038,15.891202158066792,-109.56169853765545,16.548444355135098,-142.78970941960837,333.8639666340348,529.6530441090974,0.0,0.0,0.0,0.0,0.0,0.0,0.0,0.0,0.0,0.0,0.0,0.0,0.0,0.0,0.0,0.0,0.0,0.0,0.0,0.0,0.0,0.0,1.0155725698531009,0.31000383695149599,141.27315064503908,168.80166993347096,3010.9526711208379,0.18698526502924507,0.028538654613743144,51.5585354871692,61.6692406542504,1119.8470913057943,1.0277241477347759,0.19420335369137874,116.64278137191244,139.3112412168064,2515.3757743661346,0.2034680931106992,0.038448241328552377,62.29743018856225,74.51889794310232,1329.4524378193269,0.0,0.0,6.8818979172226319,8.279263154370199,121.2061195278473,0.0,0.0,11.492744079722561,13.721736304538333,252.55338076716303,0.0,0.0,94.23205043576891,113.116731370638,1784.9304442295202,0.0,0.0,32.59476481864456,39.37055377249855,498.4562573365967,0.0,0.0,32.606869103486,39.30149378484397,540.2461738200927,34.597938134177059,23.72972437186356,133.5603197834378,160.27313329412812,3177.3208314233609,0.0,0.0,73.18703527350626,88.92932008737766,875.9574411837971,0.0,18.77425179884972,38.93079973261965,22.0,30.0,0.0,18.96922230381903,38.42350011520706,12.0,30.0,0.0,18.790619662634378,39.014886600511179,22.0,30.0,0.0,18.742319220565915,39.276635250718758,12.0,30.0,0.0,16.864330053121905,45.53691313938727,12.0,30.0,0.0,19.096564431445793,39.536966263655788,12.0,30.0,0.0,17.540756873126044,42.702171029529427,10.0,30.0,0.0,15.69262424778151,48.70418107396921,12.0,30.0,0.0,16.335213484895868,46.850080249005959,20.0,30.0,0.0,17.524122170882835,0.0,0.0,0.0,14.012695150593686,0.0,0.0,579.0567156163157,575.5341190927185,589.3534339891494,606.4008547860831,698.7566475666115,997.054681157012,636.5890654240529,680.9753031253263,775.3876945401846,0.0,82.34736915619485,82.34736915619485,60.0,0.0,60.0,60.0,12.0,12.0,12.0,19.0,12.0,12.0,21.0,10.0,0.0,0.0,0.0,0.0,0.0,0.0,0.0,0.0,0.0,0.0,0.0,0.0,0.0,82.34736915619485,82.34736915619485,0.0,0.0,0.0,82.34736915619485,0.0,0.0,0.0018 
 03/09  00:30:00,8.190000000000002,73.5,5.5,0.0,0.0,0.0,0.0,0.0,2.0,2.0,0.0,0.0,0.0,0.0,0.0,692.0,0.0,0.0,0.0,0.0,0.0,0.0,0.0,0.0,0.0,0.0,0.0,19.082423524587115,-103.47133122590549,19.23205070396004,-240.6902060411785,18.908426899346904,-229.27791593160965,18.687921951139928,-82.0817504203792,16.8591638406807,-0.07126542356627397,18.885851233238669,-36.852470989546478,17.43577487161427,12.078493440282273,15.812217019326188,-121.57161999208381,16.59481878421814,-138.1886118306545,473.3023602349904,549.6021852067877,0.0,0.0,0.0,0.0,0.0,0.0,0.0,0.0,0.0,0.0,0.0,0.0,0.0,0.0,0.0,0.0,0.0,0.0,0.0,0.0,0.0,0.0,1.0162690194294224,0.3102164283972596,360.4846084752544,431.13760123725288,7604.239805945563,0.1670295641141653,0.025492912715837196,183.4779480104848,219.08507727762948,3970.9124062520406,0.9988253884923637,0.18874251483226835,306.1111840979486,366.05579003324939,6520.0340655988479,0.19695422041019274,0.03721735079557685,159.3516773829314,190.61496028999899,3347.9080848391315,0.0,0.0,6.43547602784401,7.744904394394526,113.35454887895445,0.0,0.0,11.087420015184147,13.239162349843707,243.13630429928694,0.0,0.0,89.98370084072104,108.04263792700508,1708.117492493803,0.0,0.0,36.43407909487688,44.03520420767553,550.5215101713666,0.0,0.0,29.93980499640076,36.076140120672587,503.5515664870069,34.472888874310957,23.643956703916989,466.19429494638566,558.8615307836731,9873.103372293219,0.0,0.0,72.87968843292419,88.58840354940404,864.7620647870366,0.0,18.59119763380611,39.33104933225228,22.0,30.0,0.0,18.953599024088619,38.32096248442936,12.0,30.0,0.0,18.70833153992684,38.97260263082329,22.0,30.0,0.0,18.58299195901198,39.41320015260606,12.0,30.0,0.0,16.84440425717269,45.283848696392599,12.0,30.0,0.0,19.052203219960007,39.422665006542349,12.0,30.0,0.0,17.537610669641347,42.420871760174978,10.0,30.0,0.0,15.578489682120559,48.55842438710299,12.0,30.0,0.0,16.441355708621523,46.17174703763993,20.0,30.0,0.0,17.946671816367095,0.0,0.0,0.0,13.941440796230303,0.0,0.0,578.4932355683986,566.1575581647682,573.3641725952141,589.3216016254876,686.0611071114865,1003.7457228858864,628.8864280176614,662.4175459545043,778.6872191615582,0.0,82.34736915619485,82.34736915619485,60.0,0.0,60.0,60.0,12.0,12.0,12.0,19.0,12.0,12.0,21.0,10.0,0.0,0.0,0.0,0.0,0.0,0.0,0.0,0.0,0.0,0.0,0.0,0.0,0.0,82.34736915619485,82.34736915619485,0.0,0.0,0.0,82.34736915619485,0.0,0.0,0.0018199999999999998 
 03/09  00:40:00,8.17,73.66666666666666,5.476666666666667,0.0,0.0,0.0,0.0,0.0,2.0,2.0,0.0,0.0,0.0,0.0,0.0,692.0,0.0,0.0,0.0,0.0,0.0,0.0,0.0,0.0,0.0,0.0,0.0,19.098606971649759,-214.61424398649525,19.097164980236017,-170.27274623052495,18.766971896820509,-130.27146348579118,18.650765618343216,-102.14071325450095,16.840168672442908,-0.17323259623077548,18.84351444458567,-37.003767311837467,17.39859782110763,33.60458414143204,15.740651642433092,-125.20684888542576,16.62401941794064,-139.98599276259677,447.9809970547831,555.4097003994925,0.0,0.0,0.0,0.0,0.0,0.0,0.0,0.0,0.0,0.0,0.0,0.0,0.0,0.0,0.0,0.0,0.0,0.0,0.0,0.0,0.0,0.0,0.9996951726229886,0.3051572566004239,255.73949311336379,305.7982057222616,5430.080160036557,0.1762030247372685,0.026893013543539149,118.00326775859719,141.20736636332937,2521.828560945933,1.0238709692611637,0.19347523984526908,246.09340080207284,294.3353086291495,5169.947370073492,0.20190865428226299,0.03815356278954326,140.74031722776858,168.38491622484168,2957.911775418641,0.0,0.0,6.688744645413187,8.048425211942993,117.82923126636683,0.0,0.0,11.005607677760807,13.14493716692819,240.95915992580195,0.0,0.0,92.26580398563095,110.7878649564567,1744.6238808276337,0.0,0.0,37.9869541363904,45.92907887851594,568.2662917632815,0.0,0.0,28.967742234053334,34.89824382489191,492.39246769120276,34.47444499550318,23.64502400240274,335.10813886960866,401.86327109543177,7231.765149180263,0.0,0.0,72.86693441382315,88.59944677489877,856.0696233801155,0.0,18.679292581872504,38.873088523838109,22.0,30.0,0.0,18.768494819879565,38.45551329909729,12.0,30.0,0.0,18.50971608359808,39.260249535349327,22.0,30.0,0.0,18.564223164985337,39.378447454969499,12.0,30.0,0.0,16.824912818417695,45.07997701103014,12.0,30.0,0.0,19.013269424927829,39.272729275407119,12.0,30.0,0.0,17.48191650127505,42.296191837719579,10.0,30.0,0.0,15.482385373785636,48.52420429247899,12.0,30.0,0.0,16.511401273357977,45.653294809142739,20.0,30.0,0.0,17.84703501693418,0.0,0.0,0.0,13.862614342307606,0.0,0.0,565.181893790002,544.1023052350918,561.0096951606467,588.2795046022573,678.9949340595222,1003.7842105565017,616.2829875548043,653.4327058661975,778.5176042827709,0.0,82.34736915619485,82.34736915619485,60.0,0.0,60.0,60.0,12.0,12.0,12.0,19.0,12.0,12.0,21.0,10.0,0.0,0.0,0.0,0.0,0.0,0.0,0.0,0.0,0.0,0.0,0.0,0.0,0.0,82.34736915619485,82.34736915619485,0.0,0.0,0.0,82.34736915619485,0.0,0.0,0.00184 
 03/09  00:50:00,8.15,73.83333333333334,5.453333333333333,0.0,0.0,0.0,0.0,0.0,2.0,2.0,0.0,0.0,0.0,0.0,0.0,692.0,0.0,0.0,0.0,0.0,0.0,0.0,0.0,0.0,0.0,0.0,0.0,18.94397618035628,-107.08217038739258,19.07382173268703,-228.7066235110999,18.75132853194225,-204.13999127122134,18.563190752196058,-52.06073990623213,16.819833488518499,-0.6943389916294507,18.799220575057299,-33.101331264663489,17.38013264620751,2.5579010957189896,15.674190056467783,-127.65531732339776,16.641063174686875,-135.95113504690495,436.49481549761097,550.5875054398655,0.0,0.0,0.0,0.0,0.0,0.0,0.0,0.0,0.0,0.0,0.0,0.0,0.0,0.0,0.0,0.0,0.0,0.0,0.0,0.0,0.0,0.0,0.9941612021595443,0.30346801042721135,304.29812487936399,364.048626086245,6383.511919984643,0.16357430672431773,0.024965553529352526,151.9038501605902,181.45106965848914,3246.484570620761,0.9815452638383112,0.18547718515463183,238.55713702333405,285.4187658218912,5020.5877177512379,0.1981275720972207,0.037439072580729527,115.41216202184617,138.06102792864039,2407.720979459469,0.0,0.0,6.359130266392102,7.654647953485666,112.01929622976252,0.0,0.0,10.98482230346585,13.121899499730624,240.03642800268239,0.0,0.0,88.19912829488374,105.93479867981884,1668.279090074751,0.0,0.0,38.5873361838907,46.67152646244398,572.3273121408932,0.0,0.0,27.1141350471312,32.66222461306279,464.44849982586597,34.38471191275116,23.583478678155808,364.13787800804098,436.6644135689166,7769.9720612393489,0.0,0.0,71.06693032944186,86.44417071046513,824.9447677752958,0.0,18.474093272062946,39.289706529584069,22.0,30.0,0.0,18.785755901847844,38.35702926273128,12.0,30.0,0.0,18.5387626128947,39.02982630537629,22.0,30.0,0.0,18.453050559859827,39.42527197456728,12.0,30.0,0.0,16.803788268376807,44.85385444131903,12.0,30.0,0.0,18.97060337240962,39.143589179167808,12.0,30.0,0.0,17.46250550660966,42.1822771295384,10.0,30.0,0.0,15.397607445591096,48.49985818119535,12.0,30.0,0.0,16.557453130555886,45.2563284145132,20.0,30.0,0.0,17.782960013148167,0.0,0.0,0.0,13.772385703780774,0.0,0.0,560.8890147596549,541.496493691985,551.0734568361485,576.6213749362185,667.1321868969868,1003.7305466688251,611.2525535168644,644.0821581092931,777.9284075499388,0.0,82.34736915619485,82.34736915619485,60.0,0.0,60.0,60.0,12.0,12.0,12.0,19.0,12.0,12.0,21.0,10.0,0.0,0.0,0.0,0.0,0.0,0.0,0.0,0.0,0.0,0.0,0.0,0.0,0.0,82.34736915619485,82.34736915619485,0.0,0.0,0.0,82.34736915619485,0.0,0.0,0.0018266666666666666 
 03/09  01:00:00,8.13,74.0,5.43,0.0,0.0,0.0,0.0,0.0,2.0,2.0,0.0,0.0,0.0,0.0,0.0,346.0,0.0,0.0,0.0,0.0,0.0,0.0,0.0,0.0,0.0,0.0,0.0,18.904323700519794,-184.517162513298,19.014497519746337,-88.49328097591774,18.73238568417703,-31.996333422614045,18.50733560732427,-97.54873859423015,16.797031266266204,-0.4496583805887724,18.751585291982776,-35.11757655564543,17.355340868772247,32.13538589706923,15.610138026068661,-122.80052330503577,16.650649637441548,-137.00062428268439,374.2634526491802,556.4049874680943,0.0,0.0,0.0,0.0,0.0,0.0,0.0,0.0,0.0,0.0,0.0,0.0,0.0,0.0,0.0,0.0,0.0,0.0,0.0,0.0,0.0,0.0,0.9738229778543962,0.29725976124981576,190.33651884880858,227.3642265448193,3988.171470187586,0.17789235407765104,0.02715084769194918,46.546037120310497,55.54460858001677,1001.2047160400605,1.036643094022185,0.19588871769126707,212.33054100127436,253.50308032454354,4501.48077532455,0.20148491837390776,0.03807349175621839,72.4796126186205,86.59555294449335,1506.437901073517,0.0,0.0,6.6953546173852589,8.042112309365079,117.92008373571074,0.0,0.0,10.905680753682344,13.003303480018176,237.74595678926989,0.0,0.0,91.71620130902477,109.92639924215739,1734.2268305671733,0.0,0.0,39.00557534729831,47.092212320944899,574.1221978386126,0.0,0.0,27.01280960240552,32.46917991288699,465.6140860806831,34.37044329178005,23.573692244019246,211.46355872740879,253.40525389461633,4686.20746431391,0.0,0.0,71.26910893174278,86.5325788540036,820.1499516888755,0.0,18.44860450474132,39.11592182774117,22.0,30.0,0.0,18.747404247184038,38.348492829513208,12.0,30.0,0.0,18.577224820951103,39.20753736797874,22.0,30.0,0.0,18.387015112846329,39.398141141871118,12.0,30.0,0.0,16.778723408135695,44.638913768576738,12.0,30.0,0.0,18.919628798986904,39.01266102840139,12.0,30.0,0.0,17.43823776531987,42.27887092366727,10.0,30.0,0.0,15.318005440121496,48.57790062757261,12.0,30.0,0.0,16.58839079075899,44.94069311088907,20.0,30.0,0.0,17.545865273056728,0.0,0.0,0.0,13.700299333489033,0.0,0.0,545.9660042248545,540.0393372684348,577.1385796498685,569.1846655810495,656.6133840644257,1000.1485878499007,613.0931431888449,638.5865794219834,776.1693968184911,0.0,82.34736915619485,82.34736915619485,60.0,0.0,60.0,60.0,12.0,12.0,12.0,19.0,12.0,12.0,21.0,10.0,0.0,0.0,0.0,0.0,0.0,0.0,0.0,0.0,0.0,0.0,0.0,0.0,0.0,82.34736915619485,82.34736915619485,0.0,0.0,0.0,82.34736915619485,0.0,0.0,0.0018133333333333335 
 03/09  01:10:00,8.121666666666668,74.16666666666667,5.3933333333333339,0.0,0.0,0.0,0.0,0.0,2.0,2.0,0.0,0.0,0.0,0.0,0.0,692.0,0.0,0.0,0.0,0.0,0.0,0.0,0.0,0.0,0.0,0.0,0.0,18.90280944157427,-119.496478935695,18.933767217276839,-198.4805013566413,18.63532055949493,-169.03716684383199,18.48667317901745,-41.877496094614119,16.77787869962461,-0.8733284575892384,18.713735932287905,-32.25727469287472,17.3225278642281,12.245355084310632,15.560208846292039,-129.65561358294577,16.647542237319735,-137.22230836745929,396.65455254045176,562.7014363501298,0.0,0.0,0.0,0.0,0.0,0.0,0.0,0.0,0.0,0.0,0.0,0.0,0.0,0.0,0.0,0.0,0.0,0.0,0.0,0.0,0.0,0.0,0.9757342086986092,0.2978431650484155,202.3443049537211,242.1653760731526,4275.692359323219,0.17052887101330248,0.026026994965400259,97.22309302668177,116.47184220145647,2062.434137706993,0.988892640872054,0.1868655783960798,188.36849759238306,225.4793986211124,3942.2962240604649,0.20072081160848799,0.03792910272269235,101.26954685724202,121.31890707647837,2108.980372763892,0.0,0.0,6.49486499329638,7.817934482560148,114.24318210257535,0.0,0.0,10.857697691154744,12.975405263254232,236.1480315438502,0.0,0.0,89.38141134884711,107.3679211774801,1682.9873368155355,0.0,0.0,39.77982760727948,48.13657215204244,581.8191722171641,0.0,0.0,26.246841852267229,31.61489512241997,453.0619776525165,34.30709853022819,23.530245905506307,244.96734417548977,294.2093337967128,5357.171806991461,0.0,0.0,70.90999765452058,86.29658753542666,807.4258235496182,0.0,18.530577974135605,38.91818096815016,22.0,30.0,0.0,18.635583142401523,38.395209277388079,12.0,30.0,0.0,18.427621343822339,39.11711944412946,22.0,30.0,0.0,18.402655520943456,39.4890804620924,12.0,30.0,0.0,16.761740903601955,44.55574302530907,12.0,30.0,0.0,18.888431961544826,38.95477476064475,12.0,30.0,0.0,17.392191656072165,42.13789069968368,10.0,30.0,0.0,15.265254162857044,48.61287932869128,12.0,30.0,0.0,16.595256855180048,44.79968526126754,20.0,30.0,0.0,17.580932550797585,0.0,0.0,0.0,13.633458537308579,0.0,0.0,547.3646521955893,518.1084321635946,540.0629150913101,577.2676679693392,652.3852626238947,997.6909278623782,600.696291302286,635.9546409242075,775.7747936870051,0.0,82.34736915619485,82.34736915619485,60.0,0.0,60.0,60.0,12.0,12.0,12.0,19.0,12.0,12.0,21.0,10.0,0.0,0.0,0.0,0.0,0.0,0.0,0.0,0.0,0.0,0.0,0.0,0.0,0.0,82.34736915619485,82.34736915619485,0.0,0.0,0.0,82.34736915619485,0.0,0.0,0.0018 
 03/09  01:20:00,8.113333333333334,74.33333333333334,5.3566666666666669,0.0,0.0,0.0,0.0,0.0,2.0,2.0,0.0,0.0,0.0,0.0,0.0,346.0,0.0,0.0,0.0,0.0,0.0,0.0,0.0,0.0,0.0,0.0,0.0,18.92954213535097,-35.00490239761257,18.811281735662094,-296.4762330275962,18.556604654192826,-189.7859070522495,18.46705730829526,-8.199743108444182,16.753306535358484,-0.7392685881886223,18.667379002903475,-30.00537932915114,17.27897848411724,3.7126450199762077,15.498566168874273,-127.54361611511627,16.64313814869837,-134.10970148338073,374.4254013666914,564.2120552115741,0.0,0.0,0.0,0.0,0.0,0.0,0.0,0.0,0.0,0.0,0.0,0.0,0.0,0.0,0.0,0.0,0.0,0.0,0.0,0.0,0.0,0.0,0.9781390325608359,0.29857723826643348,168.64825055064629,201.31708128099894,3609.571672339598,0.16490252496010425,0.025168273040308953,147.680781421419,176.41844546948378,3089.0164734618927,0.9631715433005871,0.1820052047053264,107.59822901035803,128.58830241650063,2241.762008667711,0.19610380760265823,0.037056652986141,98.40211170645664,117.55439376713729,2050.8161695477308,0.0,0.0,6.338037605692686,7.614428595856398,111.28865235761491,0.0,0.0,10.879203141284409,12.976005172951626,235.83087791379612,0.0,0.0,87.33914085446098,104.72574056635014,1635.6171842507798,0.0,0.0,40.0293940226736,48.35116355273299,580.3209251995263,0.0,0.0,25.40671327247141,30.538354325063059,439.40303121247208,34.20635284455672,23.46114735566305,199.08934431051217,238.61938879703713,4423.14885932626,0.0,0.0,70.07229396240482,85.12231042273027,789.2199741896595,0.0,18.653975422344656,38.47438007051359,22.0,30.0,0.0,18.455764113190594,38.67195725829119,12.0,30.0,0.0,18.330618565358404,39.08691457703857,22.0,30.0,0.0,18.407411824675756,39.415226477788078,12.0,30.0,0.0,16.73472676148722,44.41676885004227,12.0,30.0,0.0,18.83935483529308,38.867025775240829,12.0,30.0,0.0,17.328866973268484,42.17924393815341,10.0,30.0,0.0,15.189830812214094,48.69731114172595,12.0,30.0,0.0,16.60084574638605,44.625679227660778,20.0,30.0,0.0,17.476205037785165,0.0,0.0,0.0,13.5618697685485,0.0,0.0,533.1058770641329,503.4086875022371,517.3797428024853,574.6989513157147,644.5819971964761,992.2272245481021,596.1176567545548,630.3267424784341,775.5054779063328,0.0,82.34736915619485,82.34736915619485,60.0,0.0,60.0,60.0,12.0,12.0,12.0,19.0,12.0,12.0,21.0,10.0,0.0,0.0,0.0,0.0,0.0,0.0,0.0,0.0,0.0,0.0,0.0,0.0,0.0,82.34736915619485,82.34736915619485,0.0,0.0,0.0,82.34736915619485,0.0,0.0,0.0018066666666666665 
 03/09  01:30:00,8.105,74.5,5.32,0.0,0.0,0.0,0.0,0.0,2.0,2.0,0.0,0.0,0.0,0.0,0.0,1038.0,0.0,0.0,0.0,0.0,0.0,0.0,0.0,0.0,0.0,0.0,0.0,18.775661853988763,-180.35240767152565,18.787900842810318,-132.98668852108885,18.5474390402112,-67.67903033149602,18.420753696875829,-59.47213909596699,16.733356282393843,-1.7230540516639406,18.63076418549408,-31.93733271685703,17.260262346126603,10.534958226101779,15.451804087095873,-135.2376355753696,16.634956777582038,-132.84210355873874,338.7455220456013,560.3223015281363,0.0,0.0,0.0,0.0,0.0,0.0,0.0,0.0,0.0,0.0,0.0,0.0,0.0,0.0,0.0,0.0,0.0,0.0,0.0,0.0,0.0,0.0,0.9761301721314201,0.2979640330071489,190.99912292130953,228.99586971131249,3980.2753949538084,0.1771682387165907,0.027040329474449129,102.76734555530568,123.08841297914469,2159.4632905491519,0.9709940535642119,0.18348338124796144,126.80373582944671,152.05424340425496,2652.420393465274,0.19014373602869756,0.0359304111921197,49.146988608684818,58.966396345139568,1020.4529456087622,0.0,0.0,6.47888456699814,7.806379171144751,113.60434792646814,0.0,0.0,10.64050480448908,12.728083134592945,230.107670228767,0.0,0.0,88.6758740478354,106.63240938151187,1659.5933091464358,0.0,0.0,40.68457896596824,49.28793526529205,586.4829791813664,0.0,0.0,24.50113342926723,29.533819844106355,423.89853783171579,34.10271472881592,23.39006497175303,186.51622297417823,224.4070816297685,4165.357909454405,0.0,0.0,69.49429728659915,84.67895964214219,773.2375624754661,0.0,18.3866308167537,39.057444064027418,21.999999999999994,29.99999999999999,0.0,18.495604132364936,38.674682083054609,11.999999999999995,29.99999999999999,0.0,18.379601556609413,39.117169522407447,21.999999999999994,29.99999999999999,0.0,18.348659163951809,39.387558868378139,11.999999999999995,29.99999999999999,0.0,16.71758677532623,44.34334394151883,11.999999999999995,29.99999999999999,0.0,18.809006061761349,38.843934249208,11.999999999999995,29.99999999999999,0.0,17.317779811868009,42.09305395834501,9.999999999999997,29.99999999999999,0.0,15.143236462366025,48.706427094139517,11.999999999999995,29.99999999999999,0.0,16.599344934316897,44.53098191975276,19.999999999999994,29.99999999999999,0.0,17.33442868414735,0.0,0.0,0.0,13.488039446037787,0.0,0.0,531.1283034010702,515.656452369791,535.0975926231104,568.2260501943374,637.7083462813544,991.6340373680387,587.1491051287833,624.5821311538005,774.5157259728137,0.0,82.34736915619482,82.34736915619482,59.99999999999998,0.0,59.99999999999998,59.99999999999998,12.0,12.0,12.0,19.0,12.0,12.0,21.0,10.0,0.0,0.0,0.0,0.0,0.0,0.0,0.0,0.0,0.0,0.0,0.0,0.0,0.0,82.34736915619482,82.34736915619482,0.0,0.0,0.0,82.34736915619482,0.0,0.0,0.0018133333333333337 
 03/09  01:40:00,8.096666666666668,74.66666666666667,5.283333333333333,0.0,0.0,0.0,0.0,0.0,2.0,2.0,0.0,0.0,0.0,0.0,0.0,346.0,0.0,0.0,0.0,0.0,0.0,0.0,0.0,0.0,0.0,0.0,0.0,18.750155844315743,-108.75696147125704,18.7128059444938,-198.83172242679403,18.553235961446306,-45.99535960668211,18.400370918839309,-19.64449532634712,16.705960968519418,-1.5796937237074367,18.582025114283355,-30.84880522492888,17.224785088372117,12.109401609135608,15.388752330428498,-132.45738157894636,16.625103746303148,-130.8135005507981,201.67177992905963,562.6807340185742,0.0,0.0,0.0,0.0,0.0,0.0,0.0,0.0,0.0,0.0,0.0,0.0,0.0,0.0,0.0,0.0,0.0,0.0,0.0,0.0,0.0,0.0,0.9672929463975433,0.29526646715431739,106.0757854959241,126.73255962829779,2230.3739284159989,0.17820824496298566,0.027199060586536283,69.08441821625186,82.54197198968122,1442.341030937779,0.9522515228937645,0.17994170878566993,59.84316768412679,71.4873656488778,1270.516764130695,0.19073551267123296,0.036042235954503589,8.188661648647776,9.784379676512043,173.651833284637,0.0,0.0,6.462657012076981,7.765781661759012,113.07606334712048,0.0,0.0,10.625380396743342,12.677441434526556,228.92738439030379,0.0,0.0,88.23782245752409,105.82634016894454,1645.9585562389223,0.0,0.0,40.901375345181239,49.42758221040241,584.1604831555231,0.0,0.0,23.98022678358925,28.825255517884494,415.2648110332869,34.000808537928438,23.32017046497151,63.65503553348299,76.46963149703368,1729.5753842208588,0.0,0.0,69.00144250994933,83.86677267281574,759.3556143149428,0.0,18.40925763385727,38.878790661452807,22.00000000000001,30.000000000000015,0.0,18.40315158328154,38.74483089268993,12.000000000000006,30.000000000000015,0.0,18.44104851138357,38.908518033681158,22.00000000000001,30.000000000000015,0.0,18.351358876824969,39.43289190111931,12.000000000000006,30.000000000000015,0.0,16.68635206230833,44.21705701616625,12.000000000000006,30.000000000000015,0.0,18.754502007366598,38.80084185876528,12.000000000000006,30.000000000000015,0.0,17.274458722261799,42.07012351562334,10.000000000000004,30.000000000000015,0.0,15.064971347913393,48.765817852940127,12.000000000000006,30.000000000000015,0.0,16.595173884845587,44.3624268562671,20.000000000000008,30.000000000000015,0.0,16.824072939004389,0.0,0.0,0.0,13.417034702542008,0.0,0.0,520.1519317221986,501.022061263944,534.4320159740568,602.7406044690303,626.5052590405061,987.9047874229129,577.4384780797482,617.0062416164541,772.3789382471927,0.0,82.34736915619489,82.34736915619489,60.00000000000003,0.0,60.00000000000003,60.00000000000003,12.0,12.0,12.0,19.0,12.0,12.0,21.0,10.0,0.0,0.0,0.0,0.0,0.0,0.0,0.0,0.0,0.0,0.0,0.0,0.0,0.0,82.34736915619489,82.34736915619489,0.0,0.0,0.0,82.34736915619489,0.0,0.0,0.0018199999999999998 
 03/09  01:50:00,8.088333333333333,74.83333333333333,5.246666666666666,0.0,0.0,0.0,0.0,0.0,2.0,2.0,0.0,0.0,0.0,0.0,0.0,692.0,0.0,0.0,0.0,0.0,0.0,0.0,0.0,0.0,0.0,0.0,0.0,18.646540361515329,-213.88078112603695,18.728589980874014,-21.545141580287877,18.44776941617846,-171.5303247071156,18.336422366954325,-130.8986475448246,16.684100056668507,-2.0900425496058405,18.544244371856477,-30.81381268949238,17.20247508755469,13.190535415407794,15.340949962554542,-138.49282970034347,16.613472140266056,-131.75291345140063,299.3294379697661,567.0615226849694,0.0,0.0,0.0,0.0,0.0,0.0,0.0,0.0,0.0,0.0,0.0,0.0,0.0,0.0,0.0,0.0,0.0,0.0,0.0,0.0,0.0,0.0,0.9683019557413355,0.2955744675645102,111.06168669028031,132.93463205812945,2281.5972414719215,0.17802398097220135,0.027170937266819504,6.987815156341368,8.356832239491935,150.79537625352095,0.96117847448951,0.1816285855044426,162.2084478004033,194.14700291847118,3363.278064796619,0.187194968990252,0.0353731989777498,84.92209189426284,101.69428110153828,1747.6837563513926,0.0,0.0,6.52144353068247,7.853302550773098,113.92565246564085,0.0,0.0,10.506064116825116,12.56274635329432,225.78779056619758,0.0,0.0,89.06060515131938,107.03863235566279,1659.0366517272246,0.0,0.0,41.58410952917451,50.36521401587078,590.3859898575684,0.0,0.0,23.63233746627885,28.467030734256569,409.1710738414253,33.98308980390596,23.308017698152246,142.43696642367534,171.0469506511438,3257.666608238408,0.0,0.0,69.10947653809495,84.18972580286419,753.0183574800446,0.0,18.264630814865084,39.31865353198905,22.0,30.0,0.0,18.500901335942566,38.528859634434727,12.0,30.0,0.0,18.27433021834674,39.241808829234148,22.0,30.0,0.0,18.26000400117379,39.41420549495746,12.0,30.0,0.0,16.66673365003078,44.155671778568599,12.0,30.0,0.0,18.721587197575628,38.78639846384847,12.0,30.0,0.0,17.25588283546588,42.0711692301867,10.0,30.0,0.0,15.016310623302486,48.79043075596516,12.0,30.0,0.0,16.587939205027543,44.28062365458413,20.0,30.0,0.0,17.099039065063928,0.0,0.0,0.0,13.356278835051473,0.0,0.0,541.4890150161873,504.85392632724037,530.3907425299744,563.3874211249114,619.1986483368355,986.118625299359,577.8179853683653,610.3843063913735,769.7935181199173,0.0,82.34736915619485,82.34736915619485,60.0,0.0,60.0,60.0,12.0,12.0,12.0,19.0,12.0,12.0,21.0,10.0,0.0,0.0,0.0,0.0,0.0,0.0,0.0,0.0,0.0,0.0,0.0,0.0,0.0,82.34736915619485,82.34736915619485,0.0,0.0,0.0,82.34736915619485,0.0,0.0,0.0018299999999999999 
 03/09  02:00:00,8.08,75.0,5.21,0.0,0.0,0.0,0.0,0.0,2.0,2.0,0.0,0.0,0.0,0.0,0.0,692.0,0.0,0.0,0.0,0.0,0.0,0.0,0.0,0.0,0.0,0.0,0.0,18.521661041059497,-75.92127717456879,18.688854239588367,-219.28356722003947,18.390851764607669,-204.75202684021498,18.2292277213368,-61.434092251898167,16.658609927527537,-2.6350835654623809,18.502484078147459,-28.06370650158007,17.157765768712858,-16.45962373389466,15.283092993045484,-142.723051248184,16.602064479565479,-124.2606316971515,417.7953769707701,552.7834589296472,0.0,0.0,0.0,0.0,0.0,0.0,0.0,0.0,0.0,0.0,0.0,0.0,0.0,0.0,0.0,0.0,0.0,0.0,0.0,0.0,0.0,0.0,0.9486500921646803,0.2895757302089989,324.2613502396175,388.4690341489507,6611.299417409623,0.15450558347508176,0.023581438259322616,164.3352713748385,196.56155938371738,3432.373810139124,0.9370303136813819,0.17706544098287647,274.4352766721619,328.7716082327318,5644.1673073944079,0.18540120006340314,0.03503424037479272,141.51317945483874,169.56611910007383,2874.2931053273498,0.0,0.0,6.128449110164635,7.382356723187387,106.84856803941088,0.0,0.0,10.571541393035007,12.6424221598081,226.5236090561302,0.0,0.0,84.40084436332933,101.4741464205319,1564.153804850782,0.0,0.0,41.77480827443472,50.61007658496872,588.1391483613892,0.0,0.0,21.93977407418719,26.42953534639784,379.98053393245837,33.79458903606189,23.178730477408715,414.4046493636796,497.55807224130367,8543.589720542552,0.0,0.0,67.18194304466383,81.86804451697773,721.7273092504076,0.0,18.111074374470783,39.624488339852948,22.0,30.0,0.0,18.457634515181309,38.636029697864618,12.0,30.0,0.0,18.218478352405655,39.28653077367191,22.0,30.0,0.0,18.110003340838277,39.67422529141038,12.0,30.0,0.0,16.640465092683955,44.089035281135519,12.0,30.0,0.0,18.680464239976219,38.765726508388969,12.0,30.0,0.0,17.195384286483148,42.12739189434289,10.0,30.0,0.0,14.948226892516639,48.840318845672587,12.0,30.0,0.0,16.582130940664749,44.15452913829769,20.0,30.0,0.0,17.496338051356234,0.0,0.0,0.0,13.271993382366614,0.0,0.0,534.3191220457723,506.7361905305702,519.6777598743706,549.0698148260509,612.9236801295665,983.2921862407048,576.9403462758437,606.2032886168461,769.747440396572,0.0,82.34736915619485,82.34736915619485,60.0,0.0,60.0,60.0,12.0,12.0,12.0,19.0,12.0,12.0,21.0,10.0,0.0,0.0,0.0,0.0,0.0,0.0,0.0,0.0,0.0,0.0,0.0,0.0,0.0,82.34736915619485,82.34736915619485,0.0,0.0,0.0,82.34736915619485,0.0,0.0,0.00184 
 03/09  02:10:00,7.983333333333333,75.33333333333333,5.148333333333333,0.0,0.0,0.0,0.0,0.0,2.0,2.0,0.0,0.0,0.0,0.0,0.0,692.0,0.0,0.0,0.0,0.0,0.0,0.0,0.0,0.0,0.0,0.0,0.0,18.542693282978808,-185.6402799564894,18.54138060669388,-185.86791666550494,18.2696872627334,-118.50266281419045,18.21042943491729,-88.07225370713582,16.632955518616386,-2.789241832937222,18.461561482329566,-29.168362596998095,17.100409762296203,3.2495210521876745,15.226695264058911,-144.7416661866008,16.590919187663017,-122.64904701295365,405.0346801863225,551.5947411223567,0.0,0.0,0.0,0.0,0.0,0.0,0.0,0.0,0.0,0.0,0.0,0.0,0.0,0.0,0.0,0.0,0.0,0.0,0.0,0.0,0.0,0.0,0.9564426118566396,0.29195439922363849,267.0937117665006,319.96467407961497,5525.240796157321,0.16430452680718705,0.025077003480950406,138.66508780713054,166.24124546865267,2870.9412349541828,0.9677245910769889,0.1828655689865815,213.6795843575644,255.97407762552053,4377.975596325032,0.18820317426368195,0.03556371395761185,114.15709994710943,136.7792202385599,2341.5567723117767,0.0,0.0,6.321380571081434,7.613027804523763,111.12254550578014,0.0,0.0,10.509622430735027,12.571057632724508,226.4605844951293,0.0,0.0,85.97283073834228,103.37137121110234,1596.0862250665132,0.0,0.0,42.233010254605009,51.17596118207172,597.5152368234669,0.0,0.0,21.388936765431013,25.765845836839867,374.40845837529158,33.671620977738857,23.09439024536273,325.8563079785626,391.36657644803509,6872.887941587369,0.0,0.0,66.88048868304283,81.51896716393519,722.3195875362229,0.0,18.19381009280974,39.32314138252927,22.0,30.0,0.0,18.23662332601696,39.0799640196928,12.0,30.0,0.0,18.048157268905823,39.622778214903608,22.0,30.0,0.0,18.115995014147978,39.60328065177224,12.0,30.0,0.0,16.614462321006046,44.041841758277659,12.0,30.0,0.0,18.64198461980651,38.73898988433341,12.0,30.0,0.0,17.11458743142203,42.25607346454545,10.0,30.0,0.0,14.88410610460916,48.91477773579018,12.0,30.0,0.0,16.57670500577105,44.04477523662701,20.0,30.0,0.0,17.423985276992175,0.0,0.0,0.0,13.20194224916942,0.0,0.0,524.3399259970188,495.6945112972803,511.4869326939447,545.1871421749345,609.3626868488807,976.4232545327634,572.3989657237655,604.3506682261914,772.4128975113509,0.0,82.34736915619485,82.34736915619485,60.0,0.0,60.0,60.0,12.0,12.0,12.0,19.0,12.0,12.0,21.0,10.0,0.0,0.0,0.0,0.0,0.0,0.0,0.0,0.0,0.0,0.0,0.0,0.0,0.0,82.34736915619485,82.34736915619485,0.0,0.0,0.0,82.34736915619485,0.0,0.0,0.00185 
 03/09  02:20:00,7.886666666666668,75.66666666666667,5.086666666666667,0.0,0.0,0.0,0.0,0.0,2.0,2.0,0.0,0.0,0.0,0.0,0.0,346.0,0.0,0.0,0.0,0.0,0.0,0.0,0.0,0.0,0.0,0.0,0.0,18.53340333228625,-31.832037819612198,18.47016133367246,-233.0435155846435,18.22727334316977,-169.2027481722389,18.177370521097317,-10.255256906726573,16.604182172094484,-2.2285789551431209,18.414594980071706,-26.147614702486068,17.04667134809464,-21.551334190975468,15.170696915861412,-139.50809772345884,16.57898753387992,-117.56970160569256,364.27979572740517,554.2392172875568,0.0,0.0,0.0,0.0,0.0,0.0,0.0,0.0,0.0,0.0,0.0,0.0,0.0,0.0,0.0,0.0,0.0,0.0,0.0,0.0,0.0,0.0,0.9601079742821503,0.2930732522228786,219.01514706702296,261.79174993497068,4613.870041297858,0.15981004152014426,0.024391031978043995,161.02698239741197,192.5561027366175,3347.1710516734158,0.9352157190712754,0.1767225470656228,120.3509884118375,143.98404425058798,2485.4626940149098,0.18580835847212719,0.0351111788496083,71.05713274310144,84.9803956550156,1472.051885943285,0.0,0.0,5.908446777285383,7.1027377210080619,104.6881479131638,0.0,0.0,10.610035033432988,12.666884386626802,229.7251294401775,0.0,0.0,81.7395582725106,98.11339701278101,1521.5250655597802,0.0,0.0,42.0809782014648,50.89824146961095,598.5539951263421,0.0,0.0,20.638680901927665,24.81188097117932,365.1699299503284,33.465515065806759,22.953028165848264,237.51352282863847,284.8947585895308,5142.273692887392,0.0,0.0,65.85231494233396,80.12050027318087,715.7257762270872,0.0,18.262987481205838,39.11939215830832,22.0,30.0,0.0,18.155994236492896,39.191619293458618,12.0,30.0,0.0,18.015938608998746,39.56919391832215,22.0,30.0,0.0,18.102903972657044,39.61864676786629,12.0,30.0,0.0,16.582771986021979,43.99732157249122,12.0,30.0,0.0,18.59185339938993,38.73978661535704,12.0,30.0,0.0,17.03804014780553,42.44193050479018,10.0,30.0,0.0,14.820925064861456,49.04134625448814,12.0,30.0,0.0,16.570153694205218,43.954682274731357,20.0,30.0,0.0,17.251487429609978,0.0,0.0,0.0,13.135820276279312,0.0,0.0,515.4666274089309,484.03438427744296,491.78758465618838,546.1783165369068,603.1198668937587,969.719432823846,578.0448646838441,601.5821469526619,775.438621418217,0.0,82.34736915619485,82.34736915619485,60.0,0.0,60.0,60.0,12.0,12.0,12.0,19.0,12.0,12.0,21.0,10.0,0.0,0.0,0.0,0.0,0.0,0.0,0.0,0.0,0.0,0.0,0.0,0.0,0.0,82.34736915619485,82.34736915619485,0.0,0.0,0.0,82.34736915619485,0.0,0.0,0.0018366666666666666 
 03/09  02:30:00,7.79,76.0,5.025,0.0,0.0,0.0,0.0,0.0,2.0,2.0,0.0,0.0,0.0,0.0,0.0,692.0,0.0,0.0,0.0,0.0,0.0,0.0,0.0,0.0,0.0,0.0,0.0,18.40623861076027,-145.56107599296275,18.44788356112933,-141.81961200423644,18.209506397964817,-113.97452234986213,18.128924801179197,-66.65155974751542,16.58018777535447,-3.0491110488156467,18.375909683325604,-28.24114927834748,17.02907705357411,-2.8938645147513855,15.124352718866998,-145.40063486365035,16.567578453074508,-115.59900177337579,369.1967254917299,548.7352997798744,0.0,0.0,0.0,0.0,0.0,0.0,0.0,0.0,0.0,0.0,0.0,0.0,0.0,0.0,0.0,0.0,0.0,0.0,0.0,0.0,0.0,0.0,0.9785064992209935,0.2986894075766159,212.10268632866929,254.22909835322245,4418.942594164765,0.17371422680213806,0.026513160378836704,102.68033831296875,122.90608261444443,2156.200142359458,0.9679981707681744,0.18291726582920915,154.85324999447574,185.6880536100514,3233.5883011648586,0.1894754258492139,0.03580412431013111,73.54391741416927,88.16210825789345,1528.0621587188908,0.0,0.0,6.206315244506035,7.477489251249902,110.88484008321771,0.0,0.0,10.422141160597989,12.46946521278343,226.92320913723723,0.0,0.0,84.22944715198375,101.31651057901962,1583.8996423793947,0.0,0.0,42.461353507099108,51.47213459359605,608.3359405191952,0.0,0.0,19.969863718475268,24.058814552346037,356.9148176715039,33.37791287770456,22.892944360565545,229.80065891324899,276.23577655308278,5025.058101081079,0.0,0.0,65.37704775321501,79.72697210291128,713.589948516166,0.0,18.043647230063138,39.61646747031394,22.0,30.0,0.0,18.185384309479006,39.14705925736572,12.0,30.0,0.0,18.04224643523115,39.58904911165409,22.0,30.0,0.0,18.03842137786696,39.70314128431619,12.0,30.0,0.0,16.560980250312395,43.98956977517142,12.0,30.0,0.0,18.55763364911573,38.76305625509477,12.0,30.0,0.0,17.03742712200156,42.366964545891807,10.0,30.0,0.0,14.775739388681043,49.10823391812971,12.0,30.0,0.0,16.5643370169184,43.91001362580762,20.0,30.0,0.0,17.214485797753043,0.0,0.0,0.0,13.061987711005039,0.0,0.0,517.0964214855974,491.88447567429457,511.60648018670249,541.5729799273833,598.6137661057762,968.8995237678207,565.4530676931381,596.0202516391173,776.5292753327008,0.0,82.34736915619485,82.34736915619485,60.0,0.0,60.0,60.0,12.0,12.0,12.0,19.0,12.0,12.0,21.0,10.0,0.0,0.0,0.0,0.0,0.0,0.0,0.0,0.0,0.0,0.0,0.0,0.0,0.0,82.34736915619485,82.34736915619485,0.0,0.0,0.0,82.34736915619485,0.0,0.0,0.0018233333333333333 
 03/09  02:40:00,7.693333333333333,76.33333333333333,4.963333333333333,0.0,0.0,0.0,0.0,0.0,2.0,2.0,0.0,0.0,0.0,0.0,0.0,346.0,0.0,0.0,0.0,0.0,0.0,0.0,0.0,0.0,0.0,0.0,0.0,18.2945786387623,-183.26857625683989,18.450129042387798,-18.684699490981587,18.200197169391644,-40.97694867826067,18.060914387295804,-100.36947653409425,16.549643512059278,-3.238157879837445,18.327921973817796,-28.136677390991339,17.000386335071313,3.8613458005247596,15.06597260758457,-144.29810104345439,16.55416313944435,-113.8680048850855,309.52055588090937,551.6211560247791,0.0,0.0,0.0,0.0,0.0,0.0,0.0,0.0,0.0,0.0,0.0,0.0,0.0,0.0,0.0,0.0,0.0,0.0,0.0,0.0,0.0,0.0,0.9966676554024383,0.30423310604470035,132.77201060136128,158.912157669168,2758.386680106918,0.1804298082623099,0.027538127024162075,8.446586900078298,10.096978681355643,184.08688451267975,0.988515498605638,0.18679431190582736,149.93432113963514,179.32813308631453,3170.210486741011,0.19183443702995449,0.03624989361866108,63.500024253115288,75.98457297248697,1321.3730986963815,0.0,0.0,6.2571153303020179,7.523410799253076,112.63009994268235,0.0,0.0,10.298182784256414,12.29835027385769,225.2511819097012,0.0,0.0,85.03943186737095,102.08363198832297,1611.8857914192207,0.0,0.0,42.77422447667438,51.75718994355777,615.5935404004559,0.0,0.0,19.582526215848924,23.54349570231524,353.57463514240228,33.22677125777834,22.78928069806471,149.29765669761418,179.26034859045184,3434.4670243498405,0.0,0.0,65.17351136607246,79.33318902448674,715.7478050930706,0.0,17.88141817765822,39.95809565330472,22.0,30.0,0.0,18.24957203831991,38.949016196709887,12.0,30.0,0.0,18.07866859712874,39.564798958239887,22.0,30.0,0.0,17.945836937085674,39.82924695059033,12.0,30.0,0.0,16.52668667652291,43.98047523967736,12.0,30.0,0.0,18.505202789566146,38.79508129481693,12.0,30.0,0.0,17.01178834362547,42.3870037896317,10.0,30.0,0.0,14.70706893248656,49.26556146802649,12.0,30.0,0.0,16.554760055883894,43.85677029109758,20.0,30.0,0.0,16.9704812777224,0.0,0.0,0.0,12.995199939240712,0.0,0.0,519.0642873479386,491.1861806674403,527.5762080353055,535.4174245123746,591.082620792526,966.4953844062035,557.6004954849132,592.9749498662669,779.159456411784,0.0,82.34736915619485,82.34736915619485,60.0,0.0,60.0,60.0,12.0,12.0,12.0,19.0,12.0,12.0,21.0,10.0,0.0,0.0,0.0,0.0,0.0,0.0,0.0,0.0,0.0,0.0,0.0,0.0,0.0,82.34736915619485,82.34736915619485,0.0,0.0,0.0,82.34736915619485,0.0,0.0,0.00181 
 03/09  02:50:00,7.596666666666667,76.66666666666667,4.901666666666666,0.0,0.0,0.0,0.0,0.0,2.0,2.0,0.0,0.0,0.0,0.0,0.0,692.0,0.0,0.0,0.0,0.0,0.0,0.0,0.0,0.0,0.0,0.0,0.0,18.31759576026716,-84.49640864133517,18.350615551208855,-217.81783446876819,18.096277668930904,-173.36275751885115,18.033286588149907,-58.71847450209657,16.52505042115976,-3.3159885833162976,18.29032650788645,-26.284351632680683,16.9582434624611,-12.455818141944747,15.018825664074141,-149.75753077859509,16.54222116114781,-110.7005934371578,376.27066232040399,550.8478621984987,0.0,0.0,0.0,0.0,0.0,0.0,0.0,0.0,0.0,0.0,0.0,0.0,0.0,0.0,0.0,0.0,0.0,0.0,0.0,0.0,0.0,0.0,0.9886088725094242,0.3017731601066619,207.80403631439959,249.199854713094,4402.550957003541,0.1718968965005908,0.026235790064192738,103.86034121338898,124.65760496987402,2202.199789202079,0.9853961913558693,0.18620487365001316,186.9906491473473,224.19414161012299,3924.4173149003524,0.19455627592541586,0.03676422447570215,96.78556043362696,116.0679214925226,2030.4263794772056,0.0,0.0,6.077878385548645,7.322873683416943,110.29871760018148,0.0,0.0,10.362081087655533,12.401749288048915,227.96510370395493,0.0,0.0,82.73591179640158,99.5341195354965,1575.311004814784,0.0,0.0,43.116543250681818,52.28618567233899,624.8325724688691,0.0,0.0,18.8046677638407,22.655175723380976,342.88435744624567,33.107148772698909,22.707235097873054,253.09227585822675,304.42028378039108,5542.28395738196,0.0,0.0,64.51057754627112,78.70496340684849,712.2066994420173,0.0,18.007948505912965,39.58332019069985,22.0,30.0,0.0,18.085913530093447,39.270188429557389,12.0,30.0,0.0,17.911770123421826,39.80208837383779,22.0,30.0,0.0,17.94375868709881,39.836393313440328,12.0,30.0,0.0,16.50478087125267,43.98735285879829,12.0,30.0,0.0,18.473684497899087,38.81621421507843,12.0,30.0,0.0,16.958452249760506,42.46583458002226,10.0,30.0,0.0,14.660483136217417,49.35242131913753,12.0,30.0,0.0,16.548528136424126,43.82797659488172,20.0,30.0,0.0,17.13599806545048,0.0,0.0,0.0,12.92713601565286,0.0,0.0,508.3858810283849,487.3407527468717,504.10079790447039,533.4952335296059,588.1600564123785,962.8331276505326,558.4079645631803,591.2892089700763,781.7044199913098,0.0,82.34736915619485,82.34736915619485,60.0,0.0,60.0,60.0,12.0,12.0,12.0,19.0,12.0,12.0,21.0,10.0,0.0,0.0,0.0,0.0,0.0,0.0,0.0,0.0,0.0,0.0,0.0,0.0,0.0,82.34736915619485,82.34736915619485,0.0,0.0,0.0,82.34736915619485,0.0,0.0,0.0017933333333333335 
 03/09  03:00:00,7.5,77.0,4.84,0.0,0.0,0.0,0.0,0.0,2.0,2.0,0.0,0.0,0.0,0.0,0.0,346.0,0.0,0.0,0.0,0.0,0.0,0.0,0.0,0.0,0.0,0.0,0.0,18.335468637924238,-27.374108691926268,18.247018467334187,-245.86958792532279,18.058232650513444,-127.39534278908468,18.00982745293822,-10.27107001609329,16.493823171743075,-3.205088413995213,18.243137168225674,-25.309284060624465,16.914756541376496,-14.301139567327937,14.95996030804738,-147.79384434076247,16.528032077440249,-107.90179015198777,311.592564107782,553.3040585712329,0.0,0.0,0.0,0.0,0.0,0.0,0.0,0.0,0.0,0.0,0.0,0.0,0.0,0.0,0.0,0.0,0.0,0.0,0.0,0.0,0.0,0.0,1.0051376099292538,0.30681856224946699,145.52972382815998,174.05107513809299,3141.5336096647799,0.17398093445783448,0.026553866675493665,133.0662650559771,159.23478856810409,2816.0509157193325,0.9856420718356034,0.18625133632569988,71.29902224250253,85.33412411217754,1520.398825655337,0.19647176534522663,0.03712618392766942,68.92191851948162,82.47170260778482,1460.455983783993,0.0,0.0,5.989099712313891,7.202591083449262,109.48795261107893,0.0,0.0,10.331607985367875,12.34183597703566,228.35069786185836,0.0,0.0,81.94532418627155,98.40636894824015,1567.9008100702925,0.0,0.0,43.33621176984566,52.45823693869203,630.7779589222914,0.0,0.0,18.317047187336255,22.023297215876146,337.304947832881,32.94029940265881,22.59279794421044,147.75691852006384,177.46240212359155,3438.6003444266195,0.0,0.0,64.0960208163081,78.05823180286154,712.000929547709,0.0,18.1007592277663,39.28037428756346,22.0,30.0,0.0,17.94501093487939,39.525201065089088,12.0,30.0,0.0,17.89286802966226,39.75202179931394,22.0,30.0,0.0,17.94216174030646,39.83040010486027,12.0,30.0,0.0,16.470010030297883,43.995012800231808,12.0,30.0,0.0,18.42260902287716,38.858335211650267,12.0,30.0,0.0,16.903353760978857,42.54715880614026,10.0,30.0,0.0,14.59110536024705,49.506378838378548,12.0,30.0,0.0,16.537849020853039,43.78863834803038,20.0,30.0,0.0,16.879440825951304,0.0,0.0,0.0,12.860778788328926,0.0,0.0,498.788609262138,479.4587551240704,499.1911871894798,535.2738614701325,581.4115419651566,959.0073070081598,557.8013468582029,588.6300669266312,785.0490192666202,0.0,82.34736915619485,82.34736915619485,60.0,0.0,60.0,60.0,12.0,12.0,12.0,19.0,12.0,12.0,21.0,10.0,0.0,0.0,0.0,0.0,0.0,0.0,0.0,0.0,0.0,0.0,0.0,0.0,0.0,82.34736915619485,82.34736915619485,0.0,0.0,0.0,82.34736915619485,0.0,0.0,0.0017766666666666667 
 03/09  03:10:00,7.423333333333334,77.33333333333334,4.801666666666667,0.0,0.0,0.0,0.0,0.0,2.0,2.0,0.0,0.0,0.0,0.0,0.0,1038.0,0.0,0.0,0.0,0.0,0.0,0.0,0.0,0.0,0.0,0.0,0.0,18.204878598652049,-145.8274975484134,18.22003421214313,-124.83041468455548,18.03090996374251,-87.49407708232443,17.966701026906926,-77.59029790225472,16.469438571572974,-3.84035548236119,18.20624874363712,-27.076523397810797,16.888890771676807,-11.80351476806906,14.914050664005356,-155.0816180852931,16.516573816435526,-102.99930860586929,325.21933438614789,547.840962098377,0.0,0.0,0.0,0.0,0.0,0.0,0.0,0.0,0.0,0.0,0.0,0.0,0.0,0.0,0.0,0.0,0.0,0.0,0.0,0.0,0.0,0.0,1.0185431405882422,0.3109106045751655,169.5369857442717,203.6132798387566,3601.3855784151585,0.18727891824332386,0.02858347348036079,93.98190700731769,112.76526900997611,2007.7606445880106,0.9885112713004769,0.18679351309532828,116.74808029633512,140.14726037082887,2494.4471181423407,0.19263415710595456,0.03640101230271249,49.882672873684,59.86305721725008,1059.9104777377477,0.0,0.0,6.1778496179782309,7.4509290716216889,113.60355985241029,0.0,0.0,10.201381853523462,12.220906298082632,226.3459187864853,0.0,0.0,82.48555500809749,99.33585053019425,1587.371734089731,0.0,0.0,43.76950647104219,53.13577144944571,639.8322201900842,0.0,0.0,17.327237750793583,20.892084026634465,321.4640842028672,32.85345585681726,22.533234469696347,170.35906805070315,205.25594343063808,3911.039292020047,0.0,0.0,63.32380439674458,77.34977396088726,703.7708245345841,0.0,17.876026658923583,39.76973318613247,22.0,30.0,0.0,17.967124501254728,39.48628310210314,12.0,30.0,0.0,17.893054880128145,39.776693243782187,22.0,30.0,0.0,17.887832877767424,39.84370357195206,12.0,30.0,0.0,16.449267433191748,44.00054193284602,12.0,30.0,0.0,18.391735011914617,38.891342179242048,12.0,30.0,0.0,16.884104489602245,42.520327510297629,10.0,30.0,0.0,14.546972396953795,49.57505011139965,12.0,30.0,0.0,16.532635224133199,43.76139060524946,20.0,30.0,0.0,16.874449408903396,0.0,0.0,0.0,12.787539609551994,0.0,0.0,500.6006981429058,488.4627728305758,508.50809421671968,530.5434520837159,577.3824910441103,958.5406335610342,548.1692236374847,582.5442896962487,787.1074771419559,0.0,82.34736915619485,82.34736915619485,60.0,0.0,60.0,60.0,12.0,12.0,12.0,19.0,12.0,12.0,21.0,10.0,0.0,0.0,0.0,0.0,0.0,0.0,0.0,0.0,0.0,0.0,0.0,0.0,0.0,82.34736915619485,82.34736915619485,0.0,0.0,0.0,82.34736915619485,0.0,0.0,0.0017600000000000003 
 03/09  03:20:00,7.346666666666668,77.66666666666667,4.763333333333334,0.0,0.0,0.0,0.0,0.0,2.0,2.0,0.0,0.0,0.0,0.0,0.0,692.0,0.0,0.0,0.0,0.0,0.0,0.0,0.0,0.0,0.0,0.0,0.0,18.132671810760294,-197.51682721934004,18.177026532440324,-95.83273969221409,18.011438409743407,-63.87987795931903,17.939967652000076,-10.317739737599894,16.439198321956554,-3.9118053945512516,18.16153169072667,-26.843106768241058,16.851623461928726,-6.605702538711739,14.856721488680412,-155.6711317786462,16.50487852324683,-100.51256052397676,232.78450791821764,549.6233689183857,0.0,0.0,0.0,0.0,0.0,0.0,0.0,0.0,0.0,0.0,0.0,0.0,0.0,0.0,0.0,0.0,0.0,0.0,0.0,0.0,0.0,0.0,1.0277677620178994,0.31372642308238687,124.53415437756621,149.36099735631829,2644.995427134426,0.19129174895705687,0.029195932380503187,77.84199490042083,93.37806682387606,1670.5078616104493,0.9921719625701447,0.18748525369806219,32.08705359425808,38.42055494396691,706.4046437740077,0.19568949648888879,0.036978362904173989,31.532183145142314,37.751398844957879,676.6801051457979,0.0,0.0,6.244570724810901,7.526185529226574,115.41820711628297,0.0,0.0,10.149697569629879,12.152758041509764,225.88045547802387,0.0,0.0,82.68078428377973,99.51074265792033,1597.5263757006765,0.0,0.0,44.03091831657117,53.4287640895041,644.8131922178064,0.0,0.0,16.833354558716324,20.282021068903306,314.75296259894096,32.749391838384578,22.461859971457196,86.58952164756825,104.25727588277624,2229.4860047440467,0.0,0.0,62.9531028565423,76.8624130475972,700.6041990977067,0.0,17.794194560437199,39.83137663201887,22.0,30.0,0.0,17.936722280355519,39.51721325932178,12.0,30.0,0.0,17.90331483610774,39.7321719764966,22.0,30.0,0.0,17.880957214162416,39.82945424257894,12.0,30.0,0.0,16.41727602578004,44.008122666992239,12.0,30.0,0.0,18.345496264511639,38.936406352325608,12.0,30.0,0.0,16.843672484829179,42.568136197650719,10.0,30.0,0.0,14.480913766022347,49.70277489602857,12.0,30.0,0.0,16.526492629510746,43.71364550477343,20.0,30.0,0.0,16.506970071555889,0.0,0.0,0.0,12.71646201447043,0.0,0.0,487.9426979413721,490.2389686180663,515.5450749418087,541.7431240185508,570.6244612474959,956.6941938528476,542.8323954389593,578.29312106373,791.3861198951985,0.0,82.34736915619485,82.34736915619485,60.0,0.0,60.0,60.0,12.0,12.0,12.0,19.0,12.0,12.0,21.0,10.0,0.0,0.0,0.0,0.0,0.0,0.0,0.0,0.0,0.0,0.0,0.0,0.0,0.0,82.34736915619485,82.34736915619485,0.0,0.0,0.0,82.34736915619485,0.0,0.0,0.0017533333333333334 
 03/09  03:30:00,7.27,78.0,4.725,0.0,0.0,0.0,0.0,0.0,2.0,2.0,0.0,0.0,0.0,0.0,0.0,692.0,0.0,0.0,0.0,0.0,0.0,0.0,0.0,0.0,0.0,0.0,0.0,17.988414383386766,-84.58304451343702,18.14988111424561,-188.40083399388778,17.92749614966809,-201.227496259301,17.84854301219538,-112.74686321929585,16.409787021948433,-4.0071474184180009,18.118038387266159,-25.06233190488041,16.802975223521857,-36.67150921957227,14.797548385272208,-162.25168259990904,16.501482076869509,-77.36650132922108,409.71638087666909,522.0574662450729,0.0,0.0,0.0,0.0,0.0,0.0,0.0,0.0,0.0,0.0,0.0,0.0,0.0,0.0,0.0,0.0,0.0,0.0,0.0,0.0,0.0,0.0,1.0352011449725943,0.31599546549834997,323.86249109814528,388.6152692514945,6819.446059798071,0.1786090576842323,0.027260234689290644,175.08397882881105,209.83858604817739,3770.18736619445,0.9635935021967319,0.18208493994647247,266.0161565238545,319.12843896702966,5676.476220311577,0.18399256585484723,0.03476805855155842,140.7549427782519,168.93670584524819,2983.46772608217,0.0,0.0,5.871757857281944,7.080051199021977,109.10204225050585,0.0,0.0,10.228663219802638,12.248957291094362,228.3497751820728,0.0,0.0,76.33827195708989,91.91329615912346,1478.0933176934696,0.0,0.0,44.19956316412586,53.64823177573838,648.0739968556652,0.0,0.0,13.513382252240185,16.28123480870964,255.06233654912098,32.57845075141659,22.344616427583405,418.75294163134637,503.5511647724723,8952.66313072142,0.0,0.0,59.346187310231567,72.48751836481668,657.0368134272062,0.0,17.595835694361079,40.31161591027298,22.0,30.0,0.0,17.929295347438989,39.489100579295399,12.0,30.0,0.0,17.78005389409647,39.90590420701061,22.0,30.0,0.0,17.73071736934007,39.991193015935639,12.0,30.0,0.0,16.38729290089843,43.994992467827547,12.0,30.0,0.0,18.301752974851114,38.96944394114153,12.0,30.0,0.0,16.781677983211929,42.59864349154692,10.0,30.0,0.0,14.41117901593412,49.78177995116027,12.0,30.0,0.0,16.53714184438239,43.613279064686597,20.0,30.0,0.0,17.05774412474186,0.0,0.0,0.0,12.609820498319995,0.0,0.0,495.98719411987869,495.4473764658841,514.9796878885143,510.19731984678369,564.0685568232848,953.2170601409861,534.8843428346914,570.6580417807744,804.730819687406,0.0,82.34736915619485,82.34736915619485,60.0,0.0,60.0,60.0,12.0,12.0,12.0,19.0,12.0,12.0,21.0,10.0,0.0,0.0,0.0,0.0,0.0,0.0,0.0,0.0,0.0,0.0,0.0,0.0,0.0,82.34736915619485,82.34736915619485,0.0,0.0,0.0,82.34736915619485,0.0,0.0,0.0017466666666666668 
 03/09  03:40:00,7.193333333333333,78.33333333333333,4.6866666666666669,0.0,0.0,0.0,0.0,0.0,2.0,2.0,0.0,0.0,0.0,0.0,0.0,346.0,0.0,0.0,0.0,0.0,0.0,0.0,0.0,0.0,0.0,0.0,0.0,17.969423119872166,-158.66230930595249,18.121976516330258,-18.30646212627522,17.882273376608955,-36.57537702794252,17.778838566137109,-114.45480798695098,16.377195347870307,-3.852264825708147,18.07142795981101,-26.04751389934836,16.759254848095425,-7.033449019192176,14.738047426465826,-157.72103739457408,16.50056066651079,-75.2027169687318,330.0875268004538,525.2116863288604,0.0,0.0,0.0,0.0,0.0,0.0,0.0,0.0,0.0,0.0,0.0,0.0,0.0,0.0,0.0,0.0,0.0,0.0,0.0,0.0,0.0,0.0,1.0336820610285984,0.31553176466074436,136.6371742239058,163.70782431790844,2901.9848998954696,0.18368284457512613,0.028034622187900816,9.56291940205478,11.443906726756476,211.96484281435319,1.0270712468875059,0.19407997862575705,183.39959497502859,219.5996131108421,3945.413072982331,0.19582031047817009,0.03700308210093916,90.8614377446692,108.84556119705691,1927.4933912922914,0.0,0.0,6.234959520838311,7.5016687384746609,116.40934492257022,0.0,0.0,10.19327762939064,12.18421929808955,228.20624421615288,0.0,0.0,79.57467312461046,95.61773224248522,1545.4540697927594,0.0,0.0,44.5493060673022,53.975703538535359,654.209938936175,0.0,0.0,13.188756516387784,15.857217353275491,251.3647508192418,32.50599124201761,22.294918547337188,182.91664543971846,219.78617708418694,4185.856965011174,0.0,0.0,59.29398615650524,72.29558126879422,657.2675905127759,0.0,17.598550200624758,40.145420861197667,22.0,30.0,0.0,17.941235744398193,39.345642872932668,12.0,30.0,0.0,17.75918727820337,40.05195906086426,22.0,30.0,0.0,17.644014437642896,40.048001134773098,12.0,30.0,0.0,16.35128337661419,43.98678389777471,12.0,30.0,0.0,18.251245214078098,38.99993877427766,12.0,30.0,0.0,16.733153195014869,42.78812013060677,10.0,30.0,0.0,14.341772007705777,49.93339401084602,12.0,30.0,0.0,16.548710940452126,43.498951071416488,20.0,30.0,0.0,16.76699689712998,0.0,0.0,0.0,12.536782999803745,0.0,0.0,481.0771512910598,488.7197010461629,526.2388263245053,491.59307451775808,557.096055834296,946.4384769786635,543.4194097584112,566.7298761382265,820.4335059998787,0.0,82.34736915619485,82.34736915619485,60.0,0.0,60.0,60.0,12.0,12.0,12.0,19.0,12.0,12.0,21.0,10.0,0.0,0.0,0.0,0.0,0.0,0.0,0.0,0.0,0.0,0.0,0.0,0.0,0.0,82.34736915619485,82.34736915619485,0.0,0.0,0.0,82.34736915619485,0.0,0.0,0.00174 
 03/09  03:50:00,7.116666666666667,78.66666666666667,4.648333333333333,0.0,0.0,0.0,0.0,0.0,2.0,2.0,0.0,0.0,0.0,0.0,0.0,346.0,0.0,0.0,0.0,0.0,0.0,0.0,0.0,0.0,0.0,0.0,0.0,18.06427793814901,-10.933522634020847,17.959170038909869,-308.96661797206709,17.71823833204675,-255.10690505445565,17.784960219274895,2.336629343270033,16.347090727768909,-4.257978334242949,18.030994914804987,-21.464706921541337,16.703151541031227,-31.24038256058111,14.684707761099368,-160.35685324024213,16.49665081740469,-70.59290731848529,397.53912751678765,528.0318801060626,0.0,0.0,0.0,0.0,0.0,0.0,0.0,0.0,0.0,0.0,0.0,0.0,0.0,0.0,0.0,0.0,0.0,0.0,0.0,0.0,0.0,0.0,1.0179368804158582,0.3107255434724842,236.74038962003423,283.3795314901829,5169.895644851024,0.1680509745691059,0.02564880564241543,172.5016267240287,206.64081595725623,3684.1317914715,0.9918150983700436,0.18741781904195843,160.12127027090075,191.92756549541023,3381.366351130888,0.20195929549666115,0.0381631321800191,103.47433251403882,123.91779283919714,2224.641101760631,0.0,0.0,5.6633415320361248,6.814659414340182,106.2769946278109,0.0,0.0,10.127663156781095,12.107437833262996,227.561275942768,0.0,0.0,75.46706906397636,90.70998558577631,1465.6619760147817,0.0,0.0,44.808741469644179,54.3016773248205,659.8561462335648,0.0,0.0,12.481341746457307,15.006466111511012,239.96599639014853,32.43340574470582,22.245134255628146,289.7158271201897,347.90699333355777,6418.159207985115,0.0,0.0,58.640593607264289,71.51526329958227,651.0838644144415,0.0,17.85999970069236,39.62321589826264,22.0,30.0,0.0,17.65081272450018,39.98386597836715,12.0,30.0,0.0,17.472196164912665,40.45363671313706,22.0,30.0,0.0,17.71285899600422,40.15955486088075,12.0,30.0,0.0,16.320573385627435,44.032549403974808,12.0,30.0,0.0,18.21347593600511,39.03727733276629,12.0,30.0,0.0,16.653868133867407,42.79285712848167,10.0,30.0,0.0,14.283717305238737,50.01409733593765,12.0,30.0,0.0,16.554435775762394,43.42466666521758,20.0,30.0,0.0,16.938450337244374,0.0,0.0,0.0,12.467593898242854,0.0,0.0,500.6752906394112,481.9791948694493,485.71889124792997,533.0119228199171,554.5769649075402,942.2856938256955,524.4085482102906,564.1692122070399,832.278340550785,0.0,82.34736915619485,82.34736915619485,60.0,0.0,60.0,60.0,12.0,12.0,12.0,19.0,12.0,12.0,21.0,10.0,0.0,0.0,0.0,0.0,0.0,0.0,0.0,0.0,0.0,0.0,0.0,0.0,0.0,82.34736915619485,82.34736915619485,0.0,0.0,0.0,82.34736915619485,0.0,0.0,0.0017433333333333336 
 03/09  04:00:00,7.04,79.0,4.61,0.0,0.0,0.0,0.0,0.0,2.0,2.0,0.0,0.0,0.0,0.0,0.0,692.0,0.0,0.0,0.0,0.0,0.0,0.0,0.0,0.0,0.0,0.0,0.0,17.901430684465838,-149.5263560353833,17.94265058919529,-100.05557066863503,17.735209679887484,-58.24365147652702,17.715778669045635,-95.51226351233834,16.320093706209137,-4.461412872465502,17.992362371311054,-25.428200065806807,16.681758474303629,-19.472884823727556,14.63384420158712,-168.43526740181063,16.49852068627941,-49.70460767870813,373.4452945084263,511.5456098973516,0.0,0.0,0.0,0.0,0.0,0.0,0.0,0.0,0.0,0.0,0.0,0.0,0.0,0.0,0.0,0.0,0.0,0.0,0.0,0.0,0.0,0.0,1.0364700343914227,0.3163827943807761,240.5080461674388,288.8441850215924,5143.819626774424,0.1873292753241521,0.028591159237507957,118.71572110469092,142.3991249006851,2565.554336422995,1.028664765150651,0.1943810969672433,187.63838310149783,225.46752974460345,4031.944355927504,0.1943396027444972,0.03672328094189288,91.62214953530237,110.10991702758315,1962.2054127316099,0.0,0.0,6.1869417185141029,7.461618261862215,116.74173668364858,0.0,0.0,10.069579276457106,12.063992263816008,227.05866037554626,0.0,0.0,76.06357043264313,91.62114491904521,1487.8840176784989,0.0,0.0,45.513889519525609,55.27818170685076,672.3705783508842,0.0,0.0,9.810092912862374,11.819086194901744,190.4024246024926,32.29402585686884,22.149537624738579,282.93451376403888,340.7136632868834,6275.985217156779,0.0,0.0,56.45015463529168,69.00810177774267,624.9024119887484,0.0,17.563349935471608,40.271243642246179,22.0,30.0,0.0,17.705995490473,39.89027937097609,12.0,30.0,0.0,17.580899923160297,40.29977173746718,22.0,30.0,0.0,17.602857139001594,40.18504618309267,12.0,30.0,0.0,16.296493711273798,44.038166536720897,12.0,30.0,0.0,18.178349366080256,39.07631450890976,12.0,30.0,0.0,16.64766347727098,42.79608679834525,10.0,30.0,0.0,14.230761284288797,50.186865115132608,12.0,30.0,0.0,16.571614945033205,43.34176188944774,20.0,30.0,0.0,16.82918744713355,0.0,0.0,0.0,12.374815077202414,0.0,0.0,491.5544015321117,488.3672758873147,504.9814000104428,503.56773401865078,549.3838757335827,939.817979559647,519.6813787345864,565.2337115545034,851.9380607081947,0.0,82.34736915619485,82.34736915619485,60.0,0.0,60.0,60.0,12.0,12.0,12.0,19.0,12.0,12.0,21.0,10.0,0.0,0.0,0.0,0.0,0.0,0.0,0.0,0.0,0.0,0.0,0.0,0.0,0.0,82.34736915619485,82.34736915619485,0.0,0.0,0.0,82.34736915619485,0.0,0.0,0.0017466666666666668 
 03/09  04:10:00,6.993333333333334,79.50000000000002,4.568333333333334,0.0,0.0,0.0,0.0,0.0,2.0,2.0,0.0,0.0,0.0,0.0,0.0,346.0,0.0,0.0,0.0,0.0,0.0,0.0,0.0,0.0,0.0,0.0,0.0,17.810008193010096,-156.74192222887269,17.948161590484646,-19.2647022714454,17.730329068055697,-44.03617938401112,17.646174304133095,-109.81772863538754,16.28612026372297,-4.325421066395279,17.945192345185988,-24.939828312077567,16.636641818218548,-18.00426036050294,14.56963398190755,-167.2182416635094,16.50613826732481,-43.47645514129084,285.49692953321758,508.8301923526344,0.0,0.0,0.0,0.0,0.0,0.0,0.0,0.0,0.0,0.0,0.0,0.0,0.0,0.0,0.0,0.0,0.0,0.0,0.0,0.0,0.0,0.0,1.0438719996649666,0.3186422465399776,107.22164684521958,128.53853120867329,2293.6404176669577,0.1886393012499715,0.028791102144379047,8.797509034521453,10.534749912850613,196.042475803243,1.0181976581662465,0.19240318559452888,132.5005243530626,158.74183748016814,2873.6128535187519,0.19670737699756858,0.03717070615978241,67.91614014691074,81.39963296108387,1451.8526932513467,0.0,0.0,6.246535514836462,7.51848160075286,118.03207640736547,0.0,0.0,10.055634595415454,12.025642551550592,226.75181428146289,0.0,0.0,75.51466438645251,90.78852711267652,1476.7024208536278,0.0,0.0,45.762398083048967,55.48533877255369,673.4550568917034,0.0,0.0,11.179526907792676,13.44002633374582,218.67329648688057,32.1669673278585,22.062391857241779,132.16302654206667,158.96142550665562,3170.503459001907,0.0,0.0,55.64858934694289,67.91250317909014,612.3743491929967,0.0,17.445198122195387,40.433701331515759,22.0,30.0,0.0,17.768439152583814,39.6573046001724,12.0,30.0,0.0,17.6176664406214,40.217123785693498,22.0,30.0,0.0,17.511794763811169,40.285720635868688,12.0,30.0,0.0,16.25881666896281,44.05210982806088,12.0,30.0,0.0,18.12628655456963,39.12617939054403,12.0,30.0,0.0,16.594160500754535,42.97888008344379,10.0,30.0,0.0,14.152128340718765,50.36225627854617,12.0,30.0,0.0,16.596630353008896,43.20706053746574,20.0,30.0,0.0,16.49003278304434,0.0,0.0,0.0,12.293000386265721,0.0,0.0,479.5059857171325,481.1407375448599,511.3801453732318,494.01352532579178,541.2839315364189,932.713834054432,523.2595159910742,557.7473171559554,865.4621266404088,0.0,82.34736915619485,82.34736915619485,60.0,0.0,60.0,60.0,12.0,12.0,12.0,19.0,12.0,12.0,21.0,10.0,0.0,0.0,0.0,0.0,0.0,0.0,0.0,0.0,0.0,0.0,0.0,0.0,0.0,82.34736915619485,82.34736915619485,0.0,0.0,0.0,82.34736915619485,0.0,0.0,0.0017499999999999999 
 03/09  04:20:00,6.946666666666667,80.0,4.526666666666667,0.0,0.0,0.0,0.0,0.0,2.0,2.0,0.0,0.0,0.0,0.0,0.0,692.0,0.0,0.0,0.0,0.0,0.0,0.0,0.0,0.0,0.0,0.0,0.0,17.819978640212037,-81.11447979491459,17.852591606385205,-200.44108669761602,17.62882323006812,-167.3650821211122,17.61987844132907,-65.27923925272467,16.25853051231421,-4.75910112387227,17.908329831929679,-23.666775556044145,16.591750065395286,-30.162031227272338,14.518336171069361,-174.2337930138574,16.503363517623776,-46.82036518839749,362.4925399100589,514.5979262197429,0.0,0.0,0.0,0.0,0.0,0.0,0.0,0.0,0.0,0.0,0.0,0.0,0.0,0.0,0.0,0.0,0.0,0.0,0.0,0.0,0.0,0.0,1.0230707952956473,0.3122926725566689,196.74275551991088,236.34052189910245,4249.231542017038,0.1805526853252803,0.027556881154652065,96.59178778974415,116.13861927592049,2086.134418877507,1.0125775592412634,0.19134118655352679,182.1440758722951,218.73122352175089,3901.952413599961,0.19818301081642337,0.03744954852918052,96.96906408802724,116.45056194701783,2079.8621794442085,0.0,0.0,6.0931858340189148,7.348964323125006,115.38426650456103,0.0,0.0,10.01344411699549,12.0013214180215,226.07259063011626,0.0,0.0,73.92334875405281,89.07085013833333,1444.4433688997559,0.0,0.0,46.25439353926194,56.20785466664594,680.0280622692642,0.0,0.0,12.847939690174572,15.476028178636187,252.56331789979988,32.06638837389717,21.993407663852666,243.91035498298994,293.8334492410441,5468.888705576514,0.0,0.0,56.06984728302584,68.58247271482319,614.8955023369003,0.0,17.538807709834545,40.24231932541539,22.0,30.0,0.0,17.611544862301846,40.01070328283524,12.0,30.0,0.0,17.454431515396928,40.49148660949773,22.0,30.0,0.0,17.51299234147185,40.36433800363224,12.0,30.0,0.0,16.23418271132829,44.083262103373439,12.0,30.0,0.0,18.094817960463304,39.16249566032846,12.0,30.0,0.0,16.540628449064728,42.99040469887811,10.0,30.0,0.0,14.099080821410773,50.46819187268986,12.0,30.0,0.0,16.600570261988254,43.147936304819349,20.0,30.0,0.0,16.69904023037184,0.0,0.0,0.0,12.228246190525276,0.0,0.0,485.87199625236408,478.8513997528018,493.5744414584723,503.68872047845187,538.0921796423186,926.5677912728847,511.91644985325487,562.6005696698005,858.8629445031091,0.0,82.34736915619485,82.34736915619485,60.0,0.0,60.0,60.0,12.0,12.0,12.0,19.0,12.0,12.0,21.0,10.0,0.0,0.0,0.0,0.0,0.0,0.0,0.0,0.0,0.0,0.0,0.0,0.0,0.0,82.34736915619485,82.34736915619485,0.0,0.0,0.0,82.34736915619485,0.0,0.0,0.0017533333333333334 
 03/09  04:30:00,6.9,80.5,4.485,0.0,0.0,0.0,0.0,0.0,2.0,2.0,0.0,0.0,0.0,0.0,0.0,346.0,0.0,0.0,0.0,0.0,0.0,0.0,0.0,0.0,0.0,0.0,0.0,17.829788469172827,-23.284266893167115,17.75431038540224,-228.62334833172737,17.593551216721879,-119.15003124955638,17.60280708505517,-6.592170956009795,16.22396696578882,-4.577613568148934,17.861981387536276,-22.7977888302089,16.54031529935901,-33.805334293456329,14.455329559868904,-171.2782234300705,16.49662756017827,-48.771282140625149,293.7619602194618,520.9471262240286,0.0,0.0,0.0,0.0,0.0,0.0,0.0,0.0,0.0,0.0,0.0,0.0,0.0,0.0,0.0,0.0,0.0,0.0,0.0,0.0,0.0,0.0,1.025865575054211,0.31314577993107786,150.97190330649247,180.89371901241669,3299.5646413283195,0.17951883213185228,0.027399089153213108,130.114945848538,155.97879660881777,2793.3730194918305,1.0040569231262262,0.1897310890261199,61.02453023145274,73.16356506402215,1325.2261795649548,0.19800828492129467,0.03741653154219474,47.687599951145688,57.155896148991519,1030.9786074125275,0.0,0.0,6.0142175123430638,7.241131720739005,114.04849658521847,0.0,0.0,9.983522661713972,11.943960197163144,225.43057013950944,0.0,0.0,72.95248793763966,87.75430215152353,1423.3867815462416,0.0,0.0,46.49706260127454,56.40675384318866,681.2655100936038,0.0,0.0,13.572646924404954,16.318602203078436,268.1182424428692,31.908586210152828,21.885175727128148,141.1410246045139,169.80344326727593,3354.6968816990045,0.0,0.0,56.262447463677379,68.69810341817225,615.5860544010233,0.0,17.615242649376577,40.033265995895558,22.0,30.0,0.0,17.477393179276687,40.32465675557722,12.0,30.0,0.0,17.43939854642377,40.476407966845119,22.0,30.0,0.0,17.524013384460646,40.35719338440983,12.0,30.0,0.0,16.195975572716557,44.119339997116707,12.0,30.0,0.0,18.044096086211299,39.21916735897608,12.0,30.0,0.0,16.474523120671777,43.11113204550396,10.0,30.0,0.0,14.023582637682417,50.66226944017319,12.0,30.0,0.0,16.598180144112577,43.072055581902308,20.0,30.0,0.0,16.439696102252794,0.0,0.0,0.0,12.166390547496473,0.0,0.0,484.5103450815447,475.32125762850679,488.57382525245938,513.6800284234929,532.9690428944953,916.3476166540525,511.0184786713581,569.4776584853527,843.4944120846271,0.0,82.34736915619485,82.34736915619485,60.0,0.0,60.0,60.0,12.0,12.0,12.0,19.0,12.0,12.0,21.0,10.0,0.0,0.0,0.0,0.0,0.0,0.0,0.0,0.0,0.0,0.0,0.0,0.0,0.0,82.34736915619485,82.34736915619485,0.0,0.0,0.0,82.34736915619485,0.0,0.0,0.0017566666666666666 
 03/09  04:40:00,6.8533333333333339,81.0,4.443333333333333,0.0,0.0,0.0,0.0,0.0,2.0,2.0,0.0,0.0,0.0,0.0,0.0,692.0,0.0,0.0,0.0,0.0,0.0,0.0,0.0,0.0,0.0,0.0,0.0,17.678264590849645,-148.04205712016984,17.73135635128748,-123.07133051108667,17.55452752556199,-134.05793293814123,17.549305311079196,-76.00661117980951,16.195956030459607,-4.866304942248135,17.824142596500097,-24.374440702809296,16.50723634652759,-34.97732012978781,14.405830228870704,-176.50190799049029,16.48641875970039,-51.78276829404126,360.38592615709879,524.4586653861666,0.0,0.0,0.0,0.0,0.0,0.0,0.0,0.0,0.0,0.0,0.0,0.0,0.0,0.0,0.0,0.0,0.0,0.0,0.0,0.0,0.0,0.0,1.0384895601605369,0.3169992552382591,220.59421997848384,265.01790647776286,4721.28862061267,0.18886663820803629,0.028825799482301026,113.6261802909386,136.39375743246954,2452.602706225779,0.9926615611885534,0.18757777044379327,146.8762173567981,176.47288501570388,3165.2924102450799,0.19274618915244844,0.036422182379525398,63.627679149629987,76.47049562398091,1369.5099607940197,0.0,0.0,6.17658891196638,7.453640562913131,117.38446573353696,0.0,0.0,9.930714746591452,11.906712613450342,224.4600657565694,0.0,0.0,73.21802065091014,88.27201952878079,1431.2385990915582,0.0,0.0,46.835228457140278,56.94426898415196,685.9142984730889,0.0,0.0,14.686944694104636,17.695609633807789,291.2236247887121,31.82816028742141,21.83001391455516,237.95096030119425,286.63754797826507,5347.899030424887,0.0,0.0,56.54984659753852,69.20694904988318,616.911265221166,0.0,17.348482871163836,40.68904199920033,22.0,30.0,0.0,17.503532512163284,40.28990546273917,12.0,30.0,0.0,17.413988353250887,40.56215701493524,22.0,30.0,0.0,17.44615690165812,40.46911091975609,12.0,30.0,0.0,16.17114895200025,44.14432751896388,12.0,30.0,0.0,18.010134324635737,39.26596568421529,12.0,30.0,0.0,16.445917858636009,43.179419394463838,10.0,30.0,0.0,13.97436396369499,50.78002487276642,12.0,30.0,0.0,16.590472122886326,43.04231553167915,20.0,30.0,0.0,16.61742912047112,0.0,0.0,0.0,12.10438322515828,0.0,0.0,482.67253519915706,479.0831207963953,492.1207667677337,497.6180616649907,530.5776325847003,911.0698205188282,513.071500558274,575.4704906742214,831.8162017766754,0.0,82.34736915619485,82.34736915619485,60.0,0.0,60.0,60.0,12.0,12.0,12.0,19.0,12.0,12.0,21.0,10.0,0.0,0.0,0.0,0.0,0.0,0.0,0.0,0.0,0.0,0.0,0.0,0.0,0.0,82.34736915619485,82.34736915619485,0.0,0.0,0.0,82.34736915619485,0.0,0.0,0.00176 
 03/09  04:50:00,6.806666666666667,81.5,4.401666666666667,0.0,0.0,0.0,0.0,0.0,2.0,2.0,0.0,0.0,0.0,0.0,0.0,346.0,0.0,0.0,0.0,0.0,0.0,0.0,0.0,0.0,0.0,0.0,0.0,17.611165627267668,-139.25881885074979,17.728414239807184,-16.074290949091848,17.530463659876618,-38.7468926153706,17.46105843257172,-133.94752287676784,16.16089171806729,-4.624817231183272,17.776963417855059,-25.03680740018069,16.459290086900688,-26.281789695539375,14.345700180141887,-173.76794355841344,16.471069694815378,-53.68699179450937,299.5382673641425,527.5312732186512,0.0,0.0,0.0,0.0,0.0,0.0,0.0,0.0,0.0,0.0,0.0,0.0,0.0,0.0,0.0,0.0,0.0,0.0,0.0,0.0,0.0,0.0,1.0423820366703214,0.3181874348810505,101.43572266176764,121.6920427094125,2176.3077802720756,0.19015968024161798,0.029023150220027165,8.096987872539156,9.704651570842096,180.47318484848285,1.0125317058171136,0.19133252188532008,153.80317765096189,184.4215061943828,3332.0182805141346,0.19173713865082044,0.036231507681560918,93.35630572587823,111.98545784171299,1993.2308990103655,0.0,0.0,6.328088067482453,7.62144086918255,120.42074465147,0.0,0.0,9.937671245763072,11.893772073617236,224.6179544560865,0.0,0.0,74.31533415372836,89.42639379730459,1451.9483201696806,0.0,0.0,47.00221363487848,57.04847263398501,686.5079993693802,0.0,0.0,15.574893610585376,18.729377327341156,309.9115202979072,31.68374191156071,21.730961530562909,153.48965620305348,184.70541986627206,3606.060556797498,0.0,0.0,56.65784924522978,69.21776787932304,616.471623433225,0.0,17.276257599234055,40.853422432278737,22.0,30.0,0.0,17.553121996529094,40.15602511245042,12.0,30.0,0.0,17.42245604389065,40.551901694472757,22.0,30.0,0.0,17.312188819965085,40.75547814034741,12.0,30.0,0.0,16.13254254074324,44.18867288053754,12.0,30.0,0.0,17.957712509522925,39.34014363328722,12.0,30.0,0.0,16.390722845281084,43.341857195933098,10.0,30.0,0.0,13.90436880656277,50.96181955535164,12.0,30.0,0.0,16.574097186327135,43.01057168620836,20.0,30.0,0.0,16.387266889709744,0.0,0.0,0.0,12.04092932456239,0.0,0.0,476.9066929916607,476.6234120291467,500.53550647318937,480.42335832386899,528.2542437976592,900.9448492373269,520.5140208914212,583.1493908582862,814.2614434415596,0.0,82.34736915619485,82.34736915619485,60.0,0.0,60.0,60.0,12.0,12.0,12.0,19.0,12.0,12.0,21.0,10.0,0.0,0.0,0.0,0.0,0.0,0.0,0.0,0.0,0.0,0.0,0.0,0.0,0.0,82.34736915619485,82.34736915619485,0.0,0.0,0.0,82.34736915619485,0.0,0.0,0.00186 
 03/09  05:00:00,6.76,82.0,4.36,0.0,0.0,0.0,0.0,0.0,2.0,2.0,0.0,0.0,0.0,0.0,0.0,346.0,0.0,0.0,0.0,0.0,0.0,0.0,0.0,0.0,0.0,0.0,0.0,17.682204465186329,-12.700197979641417,17.583570024542206,-282.67968139141979,17.366692573960039,-251.0331898020304,17.470499129836015,3.6954540168308087,16.129044911877693,-4.707837557381794,17.735848570703923,-22.440835200087635,16.40367329858943,-42.28180110826088,14.29344096470703,-174.74755989436336,16.455358632223715,-54.6132786922455,371.43554017713179,532.3361145404242,0.0,0.0,0.0,0.0,0.0,0.0,0.0,0.0,0.0,0.0,0.0,0.0,0.0,0.0,0.0,0.0,0.0,0.0,0.0,0.0,0.0,0.0,1.0166484904505413,0.3103322620422898,212.30709543189793,254.52698534467229,4638.60212351439,0.17371290409100355,0.026512958499847917,153.17671341162143,183.75854310934413,3277.487610958648,0.9900829723753288,0.18709050876328973,147.19369798757684,176.67965172968872,3119.940069082627,0.20050733671593475,0.037888763551763928,94.48249918239769,113.30856442140545,2040.849502825695,0.0,0.0,5.958501596096872,7.177424893818657,113.5830140867071,0.0,0.0,10.107734419968282,12.099519432620541,228.63679021601707,0.0,0.0,71.35805487184845,85.8935796157536,1390.689124324621,0.0,0.0,47.08688740800539,57.16476215617479,687.1002464141712,0.0,0.0,15.930183295438612,19.158552434223464,318.01100802069717,31.598806619689794,21.67270687221523,258.2690542350432,310.59832345854729,5783.317825108416,0.0,0.0,56.67376167676192,69.25428031786544,615.3343594623896,0.0,17.487293114515024,40.34792535094073,22.0,30.0,0.0,17.2968643877414,40.82697339280998,12.0,30.0,0.0,17.134219303425643,41.25816118458002,22.0,30.0,0.0,17.390020020456189,40.63537577674525,12.0,30.0,0.0,16.10059712441827,44.24848811571363,12.0,30.0,0.0,17.91764932653136,39.40705653873325,12.0,30.0,0.0,16.317291983860636,43.50032541322702,10.0,30.0,0.0,13.84940592528081,51.10200878036013,12.0,30.0,0.0,16.558339245602288,43.012190245749838,20.0,30.0,0.0,16.581620163776095,0.0,0.0,0.0,11.981776239108975,0.0,0.0,484.89843654482697,471.9546868288843,477.0117801558987,504.25303643455609,529.0008997048299,891.8001122896981,516.352384231676,587.6509308386068,806.8948793080353,0.0,82.34736915619485,82.34736915619485,60.0,0.0,60.0,60.0,12.0,12.0,12.0,19.0,12.0,12.0,21.0,10.0,0.0,0.0,0.0,0.0,0.0,0.0,0.0,0.0,0.0,0.0,0.0,0.0,0.0,82.34736915619485,82.34736915619485,0.0,0.0,0.0,82.34736915619485,0.0,0.0,0.00196 
 03/09  05:10:00,6.683333333333334,82.33333333333334,4.336666666666667,0.0,0.0,0.0,0.0,0.0,2.0,2.0,0.0,0.0,0.0,0.0,0.0,692.0,0.0,0.0,0.0,0.0,0.0,0.0,0.0,0.0,0.0,0.0,0.0,17.52745126219411,-140.9566199015485,17.567216433200224,-93.40067185308885,17.387648608077883,-37.72244203693231,17.40185633320432,-97.53695403430524,16.100291059080094,-5.009466321644595,17.697064156490709,-25.76647631788711,16.376014353440639,-35.23363764713622,14.244519572624938,-180.40373593799814,16.439300267906405,-57.43343059748963,338.1521360826382,537.1026121219829,0.0,0.0,0.0,0.0,0.0,0.0,0.0,0.0,0.0,0.0,0.0,0.0,0.0,0.0,0.0,0.0,0.0,0.0,0.0,0.0,0.0,0.0,1.0363984866215224,0.3163609544021741,226.48068439823508,272.405167242311,4855.402711101358,0.18833437505500123,0.028744562737332305,110.9197868708959,133.25352169644229,2400.4353702730229,1.0218170871030155,0.19308712908220256,162.73345864605578,195.9022083867839,3511.0571666532889,0.19195185225181939,0.03627208092438007,71.2320616028601,85.80857143661155,1531.810457778083,0.0,0.0,6.298796656332971,7.60492245668165,120.71409730570903,0.0,0.0,10.081516091951137,12.094520502680528,228.86307098736189,0.0,0.0,73.54991148774937,88.73103143010194,1442.4007377682224,0.0,0.0,47.59372744491546,57.91162756702579,697.2364973445481,0.0,0.0,16.718614179678668,20.15014104142631,335.7844115967745,31.53505161006277,21.628979156421658,250.5546679254444,302.2534953650779,5618.679470932172,0.0,0.0,57.18915404538938,70.04564574163993,623.2078235765905,0.0,17.21076613985163,41.05856763298918,22.0,30.0,0.0,17.346171499203359,40.71197780884526,12.0,30.0,0.0,17.249287922436119,40.984067039866349,22.0,30.0,0.0,17.27937028674568,40.87369279834235,12.0,30.0,0.0,16.075110437845788,44.295790534760737,12.0,30.0,0.0,17.882315709645405,39.47698858669992,12.0,30.0,0.0,16.301039418290878,43.549563000939588,10.0,30.0,0.0,13.801100092563692,51.249235434172117,12.0,30.0,0.0,16.543140730474645,43.02239641714776,20.0,30.0,0.0,16.435748782912304,0.0,0.0,0.0,11.924466536436022,0.0,0.0,480.61974127636577,476.648477044689,493.24234262160146,481.4682653671573,528.8728424922908,888.1409904741647,519.4485712006535,592.7805811609829,799.8960726408204,0.0,82.34736915619485,82.34736915619485,60.0,0.0,60.0,60.0,12.0,12.0,12.0,19.0,12.0,12.0,21.0,10.0,0.0,0.0,0.0,0.0,0.0,0.0,0.0,0.0,0.0,0.0,0.0,0.0,0.0,82.34736915619485,82.34736915619485,0.0,0.0,0.0,82.34736915619485,0.0,0.0,0.0020599999999999999 
 03/09  05:20:00,6.6066666666666669,82.66666666666667,4.3133333333333339,0.0,0.0,0.0,0.0,0.0,2.0,2.0,0.0,0.0,0.0,0.0,0.0,346.0,0.0,0.0,0.0,0.0,0.0,0.0,0.0,0.0,0.0,0.0,0.0,17.529268288403196,-70.20399786205144,17.51304330560196,-124.79417190631125,17.381381549936586,-46.334298366809438,17.333676679803639,-113.48720533784285,16.064303350601663,-4.776274766558288,17.648313675654948,-26.27313901032028,16.327336503366479,-32.14198491483239,14.185738077652968,-177.02839764246824,16.41788060421475,-58.37336995859084,257.74617807123516,540.0411199687819,0.0,0.0,0.0,0.0,0.0,0.0,0.0,0.0,0.0,0.0,0.0,0.0,0.0,0.0,0.0,0.0,0.0,0.0,0.0,0.0,0.0,0.0,1.0394358354704799,0.31728810606547006,90.47674466682179,108.56578516343116,1981.4183794610715,0.1933628128027574,0.029512028816049669,60.188246621508479,72.21945199842128,1308.4584309043249,1.0127330240484889,0.1913705638791552,111.37948893296367,133.64715656440374,2433.610482165636,0.1961044686114293,0.037056777893316187,61.24497449000102,73.51199021169748,1319.755596642038,0.0,0.0,6.37031761340522,7.676624751315652,122.62573294203905,0.0,0.0,10.291160910054885,12.32514201426294,234.21900605691935,0.0,0.0,73.7703386684132,88.83494690868233,1450.3251564572213,0.0,0.0,47.614979429921678,57.839560845230398,698.887658324851,0.0,0.0,17.449635619890186,20.99273991483818,352.47932846213686,31.534390840716556,21.62852595385224,111.18937064017099,133.96327076322104,2757.125935991361,0.0,0.0,57.1925254893742,69.92967401087279,625.5642830396242,0.0,17.27834640219257,40.89516207298453,22.0,30.0,0.0,17.287973066296816,40.85998759197885,12.0,30.0,0.0,17.27927763931,40.89411057240381,22.0,30.0,0.0,17.19084957573666,41.11223534676178,12.0,30.0,0.0,16.035467272503529,44.375359118451417,12.0,30.0,0.0,17.82774838473401,39.587575807600099,12.0,30.0,0.0,16.243951749398808,43.71604583725492,10.0,30.0,0.0,13.733738983153947,51.44921302392381,12.0,30.0,0.0,16.5185433547145,43.04885222141239,20.0,30.0,0.0,16.099098004311,0.0,0.0,0.0,11.864275420246138,0.0,0.0,476.4033706118702,467.2501582716841,491.2864437489346,474.4988389673791,529.3511150987195,879.6367970448418,525.1408580958308,596.7640518095999,791.6761724008123,0.0,82.34736915619485,82.34736915619485,60.0,0.0,60.0,60.0,12.0,12.0,12.0,19.0,12.0,12.0,21.0,10.0,0.0,0.0,0.0,0.0,0.0,0.0,0.0,0.0,0.0,0.0,0.0,0.0,0.0,82.34736915619485,82.34736915619485,0.0,0.0,0.0,82.34736915619485,0.0,0.0,0.0021 
 03/09  05:30:00,6.529999999999999,83.0,4.29,0.0,0.0,0.0,0.0,0.0,2.0,2.0,0.0,0.0,0.0,0.0,0.0,346.0,0.0,0.0,0.0,0.0,0.0,0.0,0.0,0.0,0.0,0.0,0.0,17.459028751544218,-99.33787612187439,17.52660901766653,-18.927503145185257,17.25919102362964,-200.0311555800431,17.341414260977737,0.49049854561144459,16.031581069541877,-4.863832141900673,17.604505825925906,-26.14263208522698,16.294372666650387,-30.624835396236905,14.133671226744607,-178.52109575487976,16.39751113328046,-59.660786852087088,223.84175147777843,545.903457864649,0.0,0.0,0.0,0.0,0.0,0.0,0.0,0.0,0.0,0.0,0.0,0.0,0.0,0.0,0.0,0.0,0.0,0.0,0.0,0.0,0.0,0.0,1.0420009261960588,0.31807110079244779,47.78241921113,57.357862041474088,1056.324421681271,0.19450607276539559,0.029686519042337546,7.356036619704803,8.824789455316953,165.9808991846142,1.013415896935975,0.19149960259561139,85.79997024532244,103.03471697430446,1858.765678539345,0.20516900405321229,0.03876965307127971,88.65362271556815,106.39388837306494,1934.7206478455926,0.0,0.0,6.432686075589143,7.75335858275505,124.42461442117697,0.0,0.0,10.274201639647963,12.307806626237549,234.55937755694988,0.0,0.0,74.71657202270835,89.99125936833174,1476.4783858287379,0.0,0.0,47.89568512695196,58.1968221607823,705.3651545816582,0.0,0.0,17.65485881507606,21.24313704684814,358.6598230060455,31.539020535133259,21.6317013272519,86.53472975058631,104.33254982127666,2258.2577488876988,0.0,0.0,57.50399571783889,70.33021092278068,631.7313768328423,0.0,17.189687337896009,41.141925550973599,22.0,30.0,0.0,17.367587905400609,40.66203111513142,12.0,30.0,0.0,17.07506554385978,41.440073370732978,22.0,30.0,0.0,17.260219144832197,40.948583682575847,12.0,30.0,0.0,16.002572118698106,44.452881632202828,12.0,30.0,0.0,17.78331837247623,39.68649227665681,12.0,30.0,0.0,16.215132189516383,43.79100057995265,10.0,30.0,0.0,13.679062833656883,51.616597914462918,12.0,30.0,0.0,16.496963588088837,43.087743340396979,20.0,30.0,0.0,15.921542384497549,0.0,0.0,0.0,11.809354492085286,0.0,0.0,484.28857172125887,468.9672603870206,484.0846236644882,496.01567853740007,531.1000814827534,875.8771764817337,519.4037486817224,598.9713180108919,788.0731692083118,0.0,82.34736915619485,82.34736915619485,60.0,0.0,60.0,60.0,12.0,12.0,12.0,19.0,12.0,12.0,21.0,10.0,0.0,0.0,0.0,0.0,0.0,0.0,0.0,0.0,0.0,0.0,0.0,0.0,0.0,82.34736915619485,82.34736915619485,0.0,0.0,0.0,82.34736915619485,0.0,0.0,0.00214 
 03/09  05:40:00,6.453333333333333,83.33333333333334,4.266666666666667,0.0,0.0,0.0,0.0,0.0,2.0,2.0,0.0,0.0,0.0,0.0,0.0,692.0,0.0,0.0,0.0,0.0,0.0,0.0,0.0,0.0,0.0,0.0,0.0,17.406124098545189,-121.4479122159255,17.433371174306648,-180.5307393281994,17.266259144585854,-23.681030256469059,17.246293125065479,-135.96161325413687,16.002137582036963,-5.145096461228775,17.56604920174011,-26.174471085523324,16.25767602207796,-34.73868220110489,14.085488711470001,-183.6271787055174,16.378563744680276,-61.646835893876019,314.9891236545145,551.8286352147484,0.0,0.0,0.0,0.0,0.0,0.0,0.0,0.0,0.0,0.0,0.0,0.0,0.0,0.0,0.0,0.0,0.0,0.0,0.0,0.0,0.0,0.0,1.0501909984214409,0.32057112283926766,159.2366685609792,191.55415068851193,3473.913270193273,0.18755484577675025,0.028625586962263473,94.48726967195309,113.77008033373284,2063.9970748114976,1.0437124556542284,0.19722457589838036,145.00128433137304,174.5933401497091,3169.161227363019,0.2023420422664049,0.03823545772229872,101.06962807295003,121.65920896620273,2187.151316285089,0.0,0.0,6.3986910719343659,7.7288191083169,124.40931753487766,0.0,0.0,10.39902783247749,12.485188389285885,238.29097470732948,0.0,0.0,74.74876076904656,90.22593301089295,1483.138892707801,0.0,0.0,48.379189947274898,58.91722795299333,715.3976017036919,0.0,0.0,18.126200594845615,21.8572195599165,370.34579718934,31.53786947228941,21.630911846563394,174.16396167600784,210.34015607203834,4077.260993115696,0.0,0.0,57.98381775469409,71.07890538014623,639.8385967527781,0.0,17.1425721193829,41.25303339008472,22.0,30.0,0.0,17.215840067330058,41.0450817361022,12.0,30.0,0.0,17.153025329125194,41.23403307447569,22.0,30.0,0.0,17.097758424052836,41.36237337818311,12.0,30.0,0.0,15.976492318710865,44.51831137930094,12.0,30.0,0.0,17.749583650868226,39.76393721850205,12.0,30.0,0.0,16.17890539228445,43.892566245623928,10.0,30.0,0.0,13.63208482241496,51.76711066448863,12.0,30.0,0.0,16.479101994907745,43.124250426163388,20.0,30.0,0.0,16.16385608049988,0.0,0.0,0.0,11.756502163655754,0.0,0.0,475.944630342274,464.3174196749276,490.37162861972765,480.34121439057477,531.4606906912958,871.8838068195831,522.0025670285374,600.0879224815883,785.4726326400599,0.0,82.34736915619485,82.34736915619485,60.0,0.0,60.0,60.0,12.0,12.0,12.0,19.0,12.0,12.0,21.0,10.0,0.0,0.0,0.0,0.0,0.0,0.0,0.0,0.0,0.0,0.0,0.0,0.0,0.0,82.34736915619485,82.34736915619485,0.0,0.0,0.0,82.34736915619485,0.0,0.0,0.00218 
 03/09  05:50:00,6.376666666666667,83.66666666666666,4.243333333333333,0.0,0.0,0.0,0.0,0.0,2.0,2.0,0.0,0.0,0.0,0.0,0.0,346.0,0.0,0.0,0.0,0.0,0.0,0.0,0.0,0.0,0.0,0.0,0.0,17.401633121530318,-15.424720118604455,17.303354950086466,-274.40072280540155,17.123103596497257,-237.57934623638767,17.260221429448344,-1.5245102562107605,15.965334495175434,-4.8633459596080119,17.518306642742915,-24.676116053094689,16.189187961780357,-53.9584881344249,14.02791502320477,-179.69708734039956,16.353902100350067,-61.744366131398127,348.2938412032936,555.7695806509546,0.0,0.0,0.0,0.0,0.0,0.0,0.0,0.0,0.0,0.0,0.0,0.0,0.0,0.0,0.0,0.0,0.0,0.0,0.0,0.0,0.0,0.0,1.048248527605141,0.3199781830296523,209.78093242433872,251.8521921608632,4633.626049671024,0.18525509236349939,0.02827458674656584,136.27947299970155,163.71763643529824,2948.911140186562,1.0072555502556629,0.19033551592132715,115.28222961249965,138.54489657526853,2488.0723782824104,0.19780276867603495,0.03737769627287129,46.58651729495941,55.93360791603758,1026.1719594880322,0.0,0.0,6.001388625541838,7.236463246279008,117.18970108273665,0.0,0.0,10.620963175345361,12.729224870089054,244.03636202621417,0.0,0.0,70.13410080216038,84.52588416704181,1389.5350854944553,0.0,0.0,48.24501216952309,58.65450967313415,714.9928152027193,0.0,0.0,18.43163556019522,22.185300641736644,378.58053307058136,31.515651789839603,21.615673381234303,211.6859905515853,254.9980545425823,4874.6761222819709,0.0,0.0,57.79005390444964,70.71951126050452,640.5458614414774,0.0,17.20405340631914,41.091149093486517,22.0,30.0,0.0,17.015415626774226,41.54889477528947,12.0,30.0,0.0,16.906144426073259,41.84302647089789,22.0,30.0,0.0,17.181526023904146,41.15956418826844,12.0,30.0,0.0,15.935969871096202,44.61962621821438,12.0,30.0,0.0,17.6972454088446,39.882871437577339,12.0,30.0,0.0,16.08090748033305,44.16339055027584,10.0,30.0,0.0,13.566916113146926,51.979747176927649,12.0,30.0,0.0,16.4507424228752,43.184203548641438,20.0,30.0,0.0,16.22735448014095,0.0,0.0,0.0,11.700530866825752,0.0,0.0,475.86211574860229,457.905616200973,465.97443951055029,488.6554093675358,531.3722643850377,864.2755635771583,525.6230628393066,600.0539226494807,781.9808065171301,0.0,82.34736915619485,82.34736915619485,60.0,0.0,60.0,60.0,12.0,12.0,12.0,19.0,12.0,12.0,21.0,10.0,0.0,0.0,0.0,0.0,0.0,0.0,0.0,0.0,0.0,0.0,0.0,0.0,0.0,82.34736915619485,82.34736915619485,0.0,0.0,0.0,82.34736915619485,0.0,0.0,0.0022933333333333336 
 03/09  06:00:00,6.3,84.0,4.22,0.0,0.0,0.0,0.0,0.0,2.0,2.0,0.0,0.0,0.0,0.0,0.0,692.0,0.0,0.0,0.0,0.0,0.0,0.0,0.0,0.0,0.0,0.0,0.0,17.243776929060386,-143.17437272821963,17.288887219520157,-88.64161718726632,17.133360357631604,-53.94814172127235,17.172645760776868,-121.25329297539844,15.935534710823898,-5.100593286282347,17.478638913869547,-28.141260788882478,16.154360448505686,-47.35053468571891,13.981335826973416,-184.09493793576156,16.333345980926237,-64.00500432133055,349.8194750610164,555.6600035192523,0.0,0.0,0.0,0.0,0.0,0.0,0.0,0.0,0.0,0.0,0.0,0.0,0.0,0.0,0.0,0.0,0.0,0.0,0.0,0.0,0.0,0.0,1.0658295443525159,0.32534479375839928,229.67779158005514,276.59400464578069,4979.146998550993,0.19559770121911486,0.029853129001696407,113.88438507325739,137.01600732726986,2492.9002302949127,1.0300732319353408,0.19464724715331467,168.6549759564549,203.24350782901167,3689.7542932158137,0.19187480094152349,0.036257520964006698,76.5434764468855,92.32222340453582,1669.227791302079,0.0,0.0,6.275625928369992,7.584724188261761,123.17692859860122,0.0,0.0,10.741038179378809,12.901330887896469,247.6439074436842,0.0,0.0,71.58640156140287,86.47495443196728,1425.544641740627,0.0,0.0,48.40018980964484,58.976158048005789,720.4959747371364,0.0,0.0,20.01130753500417,24.13729456905974,413.28560377433805,31.453527900007857,21.573064403297577,261.4406703025769,315.75802998726359,5920.887126283074,0.0,0.0,57.90232720154709,71.02100766228702,643.8331410680829,0.0,16.923843287247338,41.820148966798168,22.0,30.0,0.0,17.0683803952387,41.42171200468103,12.0,30.0,0.0,16.997207795315977,41.62439876921024,22.0,30.0,0.0,17.034824562873376,41.51973251591376,12.0,30.0,0.0,15.909633244331707,44.68899058103361,12.0,30.0,0.0,17.660689494146827,39.97027232349114,12.0,30.0,0.0,16.053464145607167,44.23318647769829,10.0,30.0,0.0,13.522858379403296,52.12102653604812,12.0,30.0,0.0,16.431117695934753,43.230406455042288,20.0,30.0,0.0,16.198256581207397,0.0,0.0,0.0,11.640946957679813,0.0,0.0,477.3264525681569,466.1810992667307,480.79817099767049,476.48109399557748,531.9892129384265,861.3972983491553,523.175755915588,603.6384921880772,775.5395628151656,0.0,82.34736915619485,82.34736915619485,60.0,0.0,60.0,60.0,12.0,12.0,12.0,19.0,12.0,12.0,21.0,10.0,0.0,0.0,0.0,0.0,0.0,0.0,0.0,0.0,0.0,0.0,0.0,0.0,0.0,82.34736915619485,82.34736915619485,0.0,0.0,0.0,82.34736915619485,0.0,0.0,0.0024066666666666665 
 03/09  06:10:00,6.288333333333333,84.33333333333333,4.2316666666666669,0.0,0.0,0.0,0.0,0.0,2.0,2.0,0.0,0.0,0.0,0.0,0.0,3470.0,0.0,0.0,0.0,0.0,0.0,0.0,0.0,0.0,0.0,0.0,0.0,18.44416782544714,-932.3471880016952,17.46116181642428,775.5891328642581,18.60420579608845,-2461.22792520221,17.455680904514819,911.1356261055034,15.904291145396245,-6.138872166735409,18.46738666856765,-102.68315387008976,16.24805970191371,194.1053150363574,15.028037762862109,-270.16192245695529,17.84584857855694,-199.01906977892635,604.9618885730547,657.3001799289492,0.0,0.0,0.0,0.0,0.0,0.0,0.0,0.0,0.0,0.0,0.0,0.0,0.0,0.0,0.0,0.0,0.0,0.0,0.0,0.0,0.0,0.0,1.0625248869714053,0.32433604608406749,389.91908828353459,466.86882324101625,9974.207472166627,0.31012514014912598,0.0473328968481572,336.01315154277867,404.21627078165735,7673.14946138945,0.8651897687482925,0.16349013014895939,495.4552672049316,592.3177144250266,13071.467996439396,0.28678065533739047,0.05419135588386063,340.981814915189,409.90145132649777,7928.475537157827,0.0,0.0,10.499336721604323,12.705149500153487,205.66478177613738,0.0,0.0,17.39416939853894,20.81218860426502,451.6842155911641,0.0,0.0,77.75587826443761,93.998034262067,1585.4106950227163,0.0,0.0,39.02783499282556,47.40120631137338,700.0192154921122,0.0,0.0,38.62393066132938,46.25645325741558,979.719481164456,32.65747798629338,22.398818920640186,667.1248715094415,803.8468224065963,15294.616051259782,0.0,0.0,51.390616371599879,63.13616852337024,577.8731503904819,2046.7298736000296,18.768700124619089,37.2580746606805,21.999999999999998,30.0,0.0,17.46203311033103,40.412511009029518,15.999999999999999,30.0,4618.668490296792,19.141798220020353,36.4051586397647,21.999999999999998,30.0,0.0,17.653418463845868,39.936843002665117,15.999999999999999,30.0,0.0,15.880666192201064,44.76030942928781,12.0,30.0,1850.0177646400078,19.015766528141826,36.74193131620456,20.0,30.0,0.0,16.284322972716298,43.570368997798087,10.0,30.0,1448.510287971632,15.16119587153645,46.94094533284675,16.999999999999998,30.0,3012.259756357028,18.566069920082588,37.85152711353014,20.0,30.0,0.0,16.932461655897197,0.0,0.0,0.0,11.694335594107376,0.0,0.0,473.5109372890498,473.2798533465266,472.5099455903587,473.2073514133277,531.6521359218423,834.8392046224052,511.6402442674206,615.8445925346427,740.701856308688,13032.111868142221,79.38654637842876,87.85615787953073,60.0,0.0,60.0,60.0,16.0,16.0,19.0,19.0,16.0,12.0,21.0,10.0,1.0,0.0,2046.7298736000296,0.0,4618.668490296792,0.0,1850.0177646400078,0.0,1448.510287971632,3012.259756357028,12814.479465662927,7688687.679397756,10015641.260904775,79.38654637842876,87.99999999999999,0.42714931552209758,0.767651910777884,0.3602813740196596,87.99999999999999,0.3542647819438876,10015641.260904775,0.5233333455670484 
 03/09  06:20:00,6.276666666666667,84.66666666666667,4.243333333333333,0.0,0.0,0.0,0.0,0.0,2.0,2.0,0.0,0.0,0.0,0.0,0.0,1041.0,0.0,0.0,0.0,0.0,0.0,0.0,0.0,0.0,0.0,0.0,0.0,19.203440148094843,-1540.0517322070726,18.067550055026986,749.7708439809525,19.451866862052954,-3524.764411731202,18.20336821294011,747.205579496282,15.868879287632613,-2.1326157116002184,18.70840614110081,-119.1600720772708,16.595680208716226,211.29093338817479,15.99715189262149,-232.0046446853896,18.13257677489962,-192.99265430101168,835.0769514519316,651.63132889238,0.0,0.0,0.0,0.0,0.0,0.0,0.0,0.0,0.0,0.0,0.0,0.0,0.0,0.0,0.0,0.0,0.0,0.0,0.0,0.0,0.0,0.0,1.1347674639163373,0.34638811474857658,443.07925547188276,528.4137081068234,12260.907251617255,0.3480747987300458,0.05312496928114251,388.66781409584186,465.87383313707189,9630.063445024161,0.9027817970042549,0.17059368802045633,559.3881163636681,666.1693831180119,15914.368040503276,0.3074939156232772,0.05810542623266761,378.30656535055598,452.89937203943,9644.051821785735,0.0,0.0,12.30276792915712,14.88191984821122,240.5238127972849,0.0,0.0,19.761676688020818,23.607224092531653,526.9293170938393,0.0,0.0,77.75331645796365,93.72575954225006,1678.4974130682509,0.0,0.0,24.282649558049106,29.29101272429444,525.3052159921625,0.0,0.0,42.490427157653289,50.80210217021259,1114.6057702904532,33.60361232717764,23.047745080368754,757.4772400396771,910.6127707409827,18267.106058752273,0.0,0.0,43.48211584171921,53.36616092577582,496.7272083145299,2049.131469597264,20.016918501136464,34.44304300042485,21.999999999999994,29.99999999999999,0.0,18.528342665488674,37.791641097475508,15.999999999999993,29.99999999999999,4324.569863561208,20.430980214785209,33.57284360668025,21.999999999999994,29.99999999999999,0.0,18.90673517453617,36.90610598369284,15.999999999999993,29.99999999999999,0.0,15.845760869960199,44.837613952887867,11.999999999999995,29.99999999999999,0.0,19.503616364904074,35.64008281663083,18.999999999999994,29.99999999999999,0.0,16.88266751206944,41.932350423141588,9.999999999999997,29.99999999999999,813.3510249373059,16.941440407280866,41.83088858024843,16.999999999999994,29.99999999999999,1.9251882787843842,19.27057151699125,36.15253569860342,18.999999999999994,29.99999999999999,0.0,17.6843644749085,0.0,0.0,0.0,11.764016054452995,0.0,0.0,473.5361457361614,476.331155077184,472.3193657976435,472.0451666850513,532.6890735147472,767.5022005280861,509.576865847726,637.6910132583862,678.1629193279401,11508.124357648543,80.39512590217329,87.87300085840201,59.99999999999998,0.0,59.99999999999998,59.99999999999998,16.0,16.0,19.0,19.0,16.0,12.0,21.0,10.0,1.0,0.0,2049.131469597264,0.0,4324.569863561208,0.0,0.0,0.0,813.3510249373059,1.9251882787843842,11315.942094533688,6789565.256720215,8872790.339559274,80.39512590217329,87.99999999999997,0.3771980698177896,0.7653079612452063,0.36028137401965945,87.99999999999997,0.35426478194388735,8872790.339559274,0.4639250976570823 
 03/09  06:30:00,6.265000000000001,85.0,4.255,0.0,0.0,0.0,0.0,0.0,2.0,2.0,0.0,0.0,0.0,0.0,0.0,1388.0,0.0,0.0,0.0,0.0,0.0,0.0,0.0,0.0,0.0,0.0,0.0,19.718932126826269,-1322.739002133183,18.509429389370945,937.4074627645514,20.04576400768217,-3417.46851410656,18.701020410274464,926.5033401962796,15.84412617800314,5.034901024958728,18.57793599341691,-89.34232061102103,16.911428081266889,375.32922383973507,15.696943758803606,-281.1401381483999,18.573610421855017,-218.0453883801914,1053.2566394312844,731.281584070105,0.0,0.0,0.0,0.0,0.0,0.0,0.0,0.0,0.0,0.0,0.0,0.0,0.0,0.0,0.0,0.0,0.0,0.0,0.0,0.0,0.0,0.0,1.2581153396383563,0.38404009146469977,458.6891161660056,545.8892892911983,13350.148453584457,0.37228490132972777,0.05682003988548958,399.7853185308429,478.1908010075301,10484.023108218147,0.9959857625720783,0.18820592641195744,572.8298107201293,680.6583492400082,17164.85418694406,0.32033346219589389,0.06053164440587562,376.9481485319701,450.2066541028335,10204.4658417086,0.0,0.0,13.349831235524427,16.157148864576965,260.85711394704199,0.0,0.0,20.17841489074285,24.142998417577087,526.0077554552377,0.0,0.0,83.096968695988,99.99604866558014,1888.9856287145486,0.0,0.0,31.72293021296617,38.32081205161698,642.5039441433185,0.0,0.0,43.416866069978528,51.81670927948142,1190.5530410079874,34.61469281980189,23.74121592579005,767.3825417579833,920.1937352834502,19864.729487853983,0.0,0.0,46.154271610461687,56.63333672610702,530.2978908850404,1937.4608197529645,20.7403899374487,32.946172427732978,22.0,30.0,0.0,19.265669919779535,36.095797447193458,16.0,30.0,4369.970770693661,21.208121828604918,32.01244150898697,22.0,30.0,0.0,19.709823156196536,35.112189358729917,16.0,30.0,0.0,15.827946825923953,44.87851939219849,12.0,30.0,511.0437476812281,19.18118048519474,36.35490600738875,19.25,30.0,0.0,17.440978882870036,40.481967097609608,10.0,30.0,122.72279758597725,16.277536507150744,43.64743872100885,16.0,30.0,1282.3959430811884,19.879070460847705,34.79305003980673,19.75,30.0,0.0,18.53619665622235,0.0,0.0,0.0,11.765228232791543,0.0,0.0,474.3997970585716,478.04433882825188,473.78479007744536,473.0871799842418,537.6819976398552,734.136416813652,503.6570481440396,658.5678618439325,663.8445509352968,11625.067738523718,80.31777418098977,87.87170910760315,60.0,0.0,60.0,60.0,16.0,16.0,19.0,19.0,16.0,12.0,21.0,10.0,1.0,0.0,1937.4608197529645,0.0,4369.970770693661,0.0,511.0437476812281,0.0,122.72279758597725,1282.3959430811884,11430.932555637193,6858559.533382315,8974171.355199002,80.31777418098977,88.0,0.3810310851879064,0.7642525583975695,0.36028137401965956,88.0,0.3542647819438875,8974171.355199002,0.46921691047034816 
 03/09  06:40:00,6.253333333333334,85.33333333333333,4.266666666666667,0.0,0.0,0.0,0.0,0.0,2.0,2.0,0.0,0.0,0.0,0.0,0.0,1388.0,0.0,0.0,0.0,0.0,0.0,0.0,0.0,0.0,0.0,0.0,0.0,20.27766805773856,-1243.9709022577586,18.997130381420385,1124.8847543528764,20.23140978592439,-2764.6935940791929,19.222449181222417,1032.0360378838696,15.830010285034128,14.944733912759793,19.202316618600827,-84.29593437362203,17.37707063756832,498.2686905005798,16.19352098138759,-368.8335522615215,18.19993095021764,-68.21716872649182,1278.5858233422128,685.5999086310433,0.0,0.0,0.0,0.0,0.0,0.0,0.0,0.0,0.0,0.0,0.0,0.0,0.0,0.0,0.0,0.0,0.0,0.0,0.0,0.0,0.0,0.0,1.40440171594439,0.4286940524860777,473.47384417123518,561.9236662235844,14554.65138715221,0.3969725394775427,0.0605879944257544,404.10119540262448,482.0708601983801,11229.931328508448,1.1475664801768382,0.21684929708557047,563.1749783044097,668.1374022271946,17430.726375654835,0.34102329836714476,0.06444128842916566,376.8729186166546,448.89336005404797,10805.570628773834,0.0,0.0,13.454251700391439,16.285682776096313,263.19161735701865,0.0,0.0,17.26428129214048,20.583461131895129,485.57769886474446,0.0,0.0,96.9125493296269,116.33892112187002,2352.966239320524,0.0,0.0,34.96799419048325,42.15798990911397,765.7640616226298,0.0,0.0,23.830127857060949,28.512986189210257,623.970236592283,35.647952977739219,24.44989916168672,772.5550600405661,923.7209464119659,21391.025776161332,0.0,0.0,48.55760450709286,59.619224508651459,556.7847265197894,1931.4072568910165,21.580488972347426,31.30429547998736,22.000000000000008,30.00000000000001,0.0,20.064503904561336,34.36463288165152,16.000000000000008,30.00000000000001,3144.8475367515436,21.695827976555785,31.09690057305192,21.750000000000008,30.00000000000001,0.0,20.52856600743882,33.39356840188783,16.000000000000008,30.00000000000001,0.0,15.826045340854565,44.882913661690029,12.000000000000004,30.00000000000001,838.4564012571864,20.226714931650436,34.050321156499148,19.500000000000008,30.00000000000001,0.0,18.240052417579837,38.510360933855057,10.000000000000004,30.00000000000001,1055.3259130164789,17.01259400919057,41.649682667591829,16.750000000000008,30.00000000000001,27.590935433068048,19.219957717599024,36.24322186528706,19.000000000000008,30.00000000000001,0.0,19.403142707256813,0.0,0.0,0.0,11.760232177191473,0.0,0.0,478.1990855364966,481.42007138281306,477.6408866651925,479.8604449881054,539.9733123763366,726.113799306768,505.7322394772823,640.9121937828486,680.1679841272934,10658.110093010744,80.95733865352108,86.51881634365816,60.00000000000002,0.0,60.00000000000002,60.00000000000002,16.0,16.0,19.0,19.0,16.0,12.0,21.0,10.0,1.0,0.0,1931.4072568910165,0.0,3144.8475367515436,0.0,838.4564012571864,0.0,1055.3259130164789,27.590935433068048,8416.06548250973,5049639.289505836,6600750.447080022,80.95733865352108,86.61326869767557,0.3655355160836577,0.7644035186404286,0.36028137401965967,86.61326869767557,0.35426478194388769,6600750.447080022,0.34581902324816118 
 03/09  06:50:00,6.241666666666667,85.66666666666667,4.278333333333333,12.666666666666665,136.66666666666664,0.0,0.0,0.0,2.0,2.0,0.0,0.0,0.0,0.0,0.0,1388.0,0.0,24.801020195131387,41.9660850351834,107.53584696599578,0.7436623149030832,19.793601866100258,0.0,41.96608503518334,57.3708198915086,0.0,0.0,20.453445085740485,-1318.246602558026,19.247419773440215,764.0075428101184,20.514371479538377,-2151.1867043760855,19.47262327692342,675.9451755513469,15.821064204705469,18.33296190270444,18.84079129617537,-50.47615712255973,17.621716566669293,351.21128732301079,16.046816534504666,-466.1649868169933,18.713073109470689,-139.49136684592589,1240.4843626912662,934.398448101234,0.0,0.0,0.0,0.0,0.0,0.0,0.0,0.0,0.0,0.0,0.0,0.0,0.0,0.0,0.0,0.0,0.0,0.0,0.0,0.0,0.0,0.0,1.4303483555372543,0.4366142721420191,399.563202429801,473.9700677657099,12353.121198803294,0.3610336859111414,0.05510282141500937,325.078792210675,387.2480177331273,9239.195874846291,1.2501933000060342,0.23624212018254624,461.9244776719611,547.9324123713039,14311.009273684414,0.3377901212546058,0.06383033281455133,335.8868984786522,399.81768359324,9748.543825561836,0.0,0.0,13.24335723423502,16.030478488364375,259.420408446986,0.0,0.0,16.233482818475215,19.389979737512907,439.61475008156938,0.0,0.0,102.61883581193924,123.05465115437846,2558.738011508648,0.0,0.0,49.700409279757227,60.01955900569878,1045.2018468984932,0.0,0.0,32.45623274581354,38.73636832568765,896.6656829661313,35.650393433472299,24.45157299963807,652.947486074147,780.3286457377014,18347.028051038622,0.0,0.0,63.56573501842779,77.98536968471521,762.7966897669696,1875.8897394104816,21.71686133817034,31.075316141590947,21.75,30.0,0.0,20.343737211798918,33.80118465612597,16.0,30.0,2820.1086757186578,21.696393406478273,31.120869915256998,21.75,30.0,0.0,20.690510786936323,33.08599049236835,16.0,30.0,0.0,15.826361634469576,44.88827747984064,12.0,30.0,0.0,19.690318197604009,35.25082474756691,19.0,30.0,0.0,18.559889047015255,37.76584754431211,10.0,30.0,677.9890865339514,16.56102482649124,42.85097379286983,16.25,30.0,1347.447571882436,19.962664328213568,34.60809872112229,20.0,30.0,0.0,19.437440483526016,0.0,0.0,0.0,12.012006911165303,0.0,0.0,484.40127090877578,487.5489082950188,483.1948231986788,485.64916330305666,536.9502760196623,731.7791800660791,510.02167297658345,591.9306477032399,683.3901804953821,10976.758655194144,80.7466581735959,86.23942064861322,60.0,0.0,60.0,60.0,16.0,16.0,19.0,19.0,16.0,12.0,21.0,10.0,1.0,0.0,1875.8897394104816,0.0,2820.1086757186578,0.0,0.0,0.0,677.9890865339514,1347.447571882436,8312.191479558684,4987314.88773521,6500677.449216346,80.7466581735959,86.33270599015903,0.3620730493186228,0.7659182139546501,0.36028137401965956,86.33270599015903,0.3542647819438875,6500677.449216346,0.3405918940259167 
 03/09  07:00:00,6.23,86.0,4.29,18.0,205.0,0.0,0.0,0.0,2.0,2.0,0.0,0.0,0.0,0.0,0.0,1041.0,0.0,36.5540337512533,56.12007532495801,143.80473936520014,1.096083183896724,29.173692581858334,0.0,56.120075324957927,76.72039769892231,0.0,0.0,20.419222503154694,-1370.5310245976075,19.376546412454155,600.2559781458887,20.604499074314427,-1642.4836192749718,19.5735828093445,541.854640794442,15.813565248683748,18.088485360503794,18.53307232258493,-35.773562487575407,17.75944424691309,318.1031767837016,15.959323326207788,-431.7466468861365,18.49051880201869,-96.16034204813798,1221.4466830420138,914.463214702918,0.0,0.0,0.0,0.0,0.0,0.0,0.0,0.0,0.0,0.0,0.0,0.0,0.0,0.0,0.0,0.0,0.0,0.0,0.0,0.0,0.0,0.0,1.4712987924376924,0.4491144055060115,408.2667086692916,484.58653846004906,12544.28902861071,0.3534080977256594,0.05393896485434367,314.57351862550879,374.7373486509546,9005.89741959482,1.2826061895622583,0.24236700483035898,357.67746127104427,423.94867311514948,11120.696258128417,0.32459891083670719,0.061337662667556188,285.35796540076208,339.5394087397912,8310.126098301611,0.0,0.0,12.836531303572653,15.537062761175115,251.79227781236009,0.0,0.0,15.141525128539375,18.117991193414626,395.9758164695383,0.0,0.0,104.63155966322904,125.36687958118834,2646.5627598679295,0.0,0.0,49.50757435881903,59.80813701335437,1019.9137041332803,0.0,0.0,27.573584660073157,32.96443357884931,736.1579931255418,35.67586714326865,24.469044679882506,592.3920268895479,707.910965004108,16788.734484198452,0.0,0.0,64.02741595946353,78.50196919920201,778.33982274505,1862.709609926198,21.5431151770058,31.421768100306914,22.000000000000019,30.00000000000002,0.0,20.469685671280389,33.55530623434505,16.000000000000015,30.00000000000002,2775.17641092464,21.69302484884002,31.147849808311766,21.666666666666687,30.00000000000002,0.0,20.700640282605478,33.08058252891328,16.000000000000015,30.00000000000002,0.0,15.826669600299276,44.89876714064344,12.00000000000001,30.00000000000002,0.0,19.17234406297812,36.41247476017947,19.000000000000015,30.00000000000002,0.0,18.736355198645986,37.365131949781957,10.000000000000007,30.00000000000002,435.787791992317,16.32421808118737,43.504919788108768,16.333333333333348,30.00000000000002,0.0,19.442850894793897,35.78811362572723,19.000000000000015,30.00000000000002,0.0,19.48124793238747,0.0,0.0,0.0,12.077260761850463,0.0,0.0,485.4031702881559,489.7575089809834,485.6079795149588,488.38502055626966,535.2629314394455,736.7462056972552,509.58245957381907,584.5306950571304,681.8914325060373,9422.805065749459,81.77422265816952,84.23451670887006,60.00000000000004,0.0,60.00000000000004,60.00000000000004,16.0,16.0,19.0,19.0,16.0,12.0,21.0,10.0,1.0,0.0,1862.709609926198,0.0,2775.17641092464,0.0,0.0,0.0,435.787791992317,0.0,3723.1346957427178,2233880.817445629,2894661.997408051,81.77422265816952,84.27630066946668,0.35077115652475746,0.7681793231251193,0.3602813740196598,84.27630066946668,0.3542647819438878,2894661.997408051,0.15305575719855203 
 03/09  07:10:00,6.448333333333334,85.5,4.348333333333334,23.333333333333337,273.33333333333339,0.0,0.0,0.0,2.0,2.0,0.0,0.0,0.0,0.0,0.0,1735.0,0.0,49.1243146796142,66.06632191388769,169.29155033919688,1.4730130619858333,39.20607536193897,0.0,66.06632191388759,90.31767085822742,0.0,0.0,20.483659177766787,-1443.8222442434538,19.398891272468437,590.3240437612931,20.577610243524917,-1239.4132438566604,19.594721340523706,449.8749410789209,15.802876649235076,17.241397971335439,19.01328005979923,-46.14052074746501,17.833335623523206,351.16274765637658,16.662580123455144,-442.14833158998678,18.872397036186699,-69.74810329010239,1175.4595908596312,789.1606194232224,0.0,0.0,0.0,0.0,0.0,0.0,0.0,0.0,0.0,0.0,0.0,0.0,0.0,0.0,0.0,0.0,0.0,0.0,0.0,0.0,0.0,0.0,1.4174540810032417,0.43267829090453049,429.7446619461103,510.46445935318976,12987.104724330808,0.3373401451490328,0.05148659113996228,304.62277466332628,363.15676201526846,8563.484490708297,1.2908165283187714,0.24391846718041799,336.2152415250115,399.0948496200704,10202.826413292441,0.31632058759937478,0.05977335366579265,268.56822578113175,319.87915887659156,7645.430990897049,0.0,0.0,12.544587666256345,15.191705212225095,240.2885496825849,0.0,0.0,14.605424993323777,17.446649097878159,391.83749021074535,0.0,0.0,98.07473647417295,117.57879766076816,2451.216057764952,0.0,0.0,40.43603754303008,48.71369864874206,901.8800439004332,0.0,0.0,21.27293218378537,25.40572750853736,570.9574658892536,35.516128572885858,24.35948461789154,566.1477315510516,677.0157963516919,15792.698275780238,0.0,0.0,54.821214999557557,67.29580730747507,632.6842540128541,1854.136815323728,21.517884872110196,31.51234790287579,22.0,30.0,0.0,20.432375274208089,33.6809788353003,16.0,30.0,1771.9287866363366,21.455988053073449,31.64085818557213,21.4,30.0,0.0,20.603039806287265,33.326055663698159,16.0,30.0,0.0,15.81900639692942,44.935638685187438,12.000000000000002,30.0,1210.1903132172918,19.756440707626856,36.413088142266378,19.8,30.0,0.0,18.8114686153272,37.22278486342131,10.0,30.0,1350.7640396206514,17.482094252246577,40.45328478223492,20.7,30.0,1470.6206836707752,19.686434409439003,36.45874743842933,19.6,30.0,0.0,19.473097796014576,0.0,0.0,0.0,11.989105645450398,0.0,0.0,487.4304995977306,492.1146585868349,488.09469242084887,492.0152170568374,531.3406642334157,779.2104446964565,504.3680303909385,563.8796083488423,723.2741157813845,10962.837023811167,80.75578778780263,86.74068064399008,60.0,0.0,60.0,60.0,16.0,16.0,19.0,19.0,19.7,12.0,21.0,10.0,1.0,0.0,1854.136815323728,0.0,1771.9287866363366,0.0,1210.1903132172918,0.0,1350.7640396206514,1470.6206836707752,9056.696557162843,5434017.934297705,7087915.377652472,80.75578778780263,86.84232399316889,0.3698898852387615,0.7665890077795663,0.36028137401965956,86.84232399316889,0.35426478194388757,7087915.377652472,0.3710815996379285 
 03/09  07:20:00,6.666666666666668,85.0,4.406666666666666,28.666666666666669,341.6666666666667,0.0,0.0,0.0,2.0,2.0,0.0,0.0,0.0,0.0,0.0,1388.0,0.0,62.46153229242439,69.54218927874604,178.1984031864573,1.8729427446711169,49.850581131376,0.0,69.54218927874591,95.0694450680179,0.0,0.0,20.544186321139187,-1395.2551511397742,19.431304004691975,602.1245028048934,20.672295683523357,-1399.9886725819916,19.624019156388898,518.916442261429,15.794266489688808,19.074034870227324,19.080671206656043,-50.44131330528464,17.930591922867167,351.00852762645948,17.454268789763398,-349.3564255584091,18.998699447681056,-67.72353239107622,1145.795176529623,632.5841894265075,0.0,0.0,0.0,0.0,0.0,0.0,0.0,0.0,0.0,0.0,0.0,0.0,0.0,0.0,0.0,0.0,0.0,0.0,0.0,0.0,0.0,0.0,1.3610521900911108,0.4154615964869081,415.5310081872244,493.4497324280154,12389.081520317242,0.3305645540363154,0.05045246551225816,307.4096877807893,366.41583476350555,8500.95424054762,1.2325609592923466,0.2329102341822273,354.47014842318239,420.50678381933269,10651.299425342017,0.31413907204055527,0.05936112472421677,285.18751727844917,339.636554297648,7977.062649448779,0.0,0.0,13.107424971187714,15.871895336852827,245.12784318708135,0.0,0.0,15.70422240606819,18.73794043991096,421.23020323783018,0.0,0.0,80.41196624197269,96.35861530374858,1992.4684159167808,0.0,0.0,25.736131912911394,30.88315268192535,624.3855782555672,0.0,0.0,26.584739346172449,31.710071833491666,719.216268233283,35.411489825363378,24.287715929604518,585.7779996738794,700.2924563455737,16056.98630476286,0.0,0.0,39.809712190060299,48.9056739352853,425.4867873837451,1825.2988248510856,21.538656933261039,31.526831641610817,22.0,30.0,0.0,20.421938213101634,33.77559614422328,16.0,30.0,1941.152871302028,21.55932141459211,31.500619608721814,21.5,30.0,0.0,20.567687195144864,33.45711770293215,16.0,30.0,0.0,15.81401786252538,45.01574956776654,12.0,30.0,0.0,19.983991243704219,37.67142240209927,19.0,30.0,0.0,18.927474046558954,37.01222757996322,10.0,30.0,1288.6670903995205,18.776242795124106,37.43968479209917,20.7,30.0,0.0,20.10350164683228,36.89151378643639,19.0,30.0,0.0,19.495326602466947,0.0,0.0,0.0,11.768475007924764,0.0,0.0,488.75535581435369,493.3292671250132,488.639187092002,491.5070426317081,526.275903481728,812.5784183607226,496.48025193640896,558.8382814996288,741.7303762851016,11206.180158635327,80.59487696693199,86.22030514612294,60.0,0.0,60.0,60.0,16.0,16.0,19.0,19.0,19.7,12.0,21.0,10.0,1.0,0.0,1825.2988248510856,0.0,1941.152871302028,0.0,0.0,0.0,1288.6670903995205,0.0,8512.711325925364,5107626.795555219,6664023.456659777,80.59487696693199,86.31584359174554,0.36875704419751217,0.7670910264846311,0.36028137401965956,86.31584359174554,0.3542647819438875,6664023.456659777,0.3490258864129751 
 03/09  07:30:00,6.885,84.5,4.465,34.0,410.0,0.0,0.0,0.0,2.0,2.0,0.0,0.0,0.0,0.0,0.0,1735.0,0.0,76.53571752881159,67.87215714391081,173.91920215758587,2.294973546217906,61.08329105247476,0.0,67.87215714391069,92.78638452662267,0.0,0.0,20.591093997338179,-1478.1676859995983,19.48263160076715,589.0932520773564,20.680428676585529,-1173.1777011572013,19.693555772464586,467.1426890181905,15.783309688868784,12.745851854187493,18.78661605035236,-26.92447276505129,18.01968230428671,350.3343236331346,18.278330649202958,-92.18792263767895,18.631841906030205,-36.934815637314489,1120.3865017849262,344.5595510501651,0.0,0.0,0.0,0.0,0.0,0.0,0.0,0.0,0.0,0.0,0.0,0.0,0.0,0.0,0.0,0.0,0.0,0.0,0.0,0.0,0.0,0.0,1.3312741562932722,0.40637184258036398,417.96865969862008,496.4598210000321,12275.675839363576,0.3225469536568356,0.04922877803065256,305.390357889027,364.0791138324753,8325.902298986224,1.1941178649813993,0.22564585506073316,323.47838614335145,383.9117469401026,9553.866745688241,0.3037076089911802,0.05738994878896071,277.09780268627056,330.08996361370046,7648.448371794848,0.0,0.0,12.655903283542952,15.330507838231018,230.7734203149223,0.0,0.0,13.831965160768267,16.537143506874775,351.8517062689633,0.0,0.0,71.63262893538446,85.8156725991004,1758.042429667513,0.0,0.0,17.01140437548412,20.292723564698809,453.9445489594566,0.0,0.0,16.29598692241951,19.490822841330908,414.72222495622506,35.334643788099899,24.235009456858646,575.5689403389107,688.2412558633715,15560.751658510459,0.0,0.0,19.96566853194499,24.569620954586357,186.31156700931278,1850.3417840351222,21.53160326491456,31.638703280668584,22.0,30.0,0.0,20.447412910628964,33.84402290655249,16.0,30.0,1659.7650981914458,21.492319965341804,31.725567986452668,21.4,30.0,0.0,20.607869573922764,33.4953817818413,16.0,30.0,0.0,15.802581770648738,45.21385307049742,12.000000000000002,30.0,0.0,19.48221167366396,40.04275169524276,19.0,30.0,0.0,19.030369405209219,36.87249083100704,10.0,30.0,1282.6978395320196,20.082392544671273,34.700156530198807,20.7,30.0,0.0,19.46517549725236,39.452274156827979,19.0,30.0,0.0,19.52710014973578,0.0,0.0,0.0,11.30754696057738,0.0,0.0,489.0951779675106,495.1437987569947,489.2893395672662,493.7421810344239,526.7182126743967,834.29387921782,489.90857960301687,554.9767893691814,769.5427755690757,9878.762021717619,81.47276685252467,85.78251949956274,60.0,0.0,60.0,60.0,16.0,16.0,19.0,19.0,19.7,12.0,21.0,10.0,1.0,0.0,1850.3417840351222,0.0,1659.7650981914458,0.0,0.0,0.0,1282.6978395320196,0.0,6522.077004519031,3913246.2027114185,5115514.016410185,81.47276685252467,85.85571340690635,0.35340256681730106,0.7657297379734221,0.36028137401965956,85.85571340690635,0.35426478194388757,5115514.016410185,0.26849006218666296 
 03/09  07:40:00,7.1033333333333339,84.0,4.523333333333333,38.666666666666667,442.3333333333333,0.0,0.0,1.0,2.0,0.0,0.0,0.0,0.0,0.0,4.0,2082.0,0.0,88.6801395500039,60.616801623826578,155.32790374083073,2.659138429700532,70.77584586368835,0.0,60.61680162382646,82.86776346767366,0.0,0.0,20.614734117723459,-1575.5374546169533,19.536431700925186,602.3509078819561,20.658897347663989,-1083.6998932147006,19.71931905132515,430.1753080300066,15.768258558764375,12.445581288286178,18.560514958113538,-48.128811530545338,17.268710859065594,-592.0846123128615,18.381549189265827,-128.67004533414426,18.21511930276286,-291.5229848438872,1105.3435885827794,1823.408801522234,0.0,0.0,0.0,0.0,0.0,0.0,0.0,0.0,0.0,0.0,0.0,0.0,0.0,0.0,0.0,0.0,0.0,0.0,0.0,0.0,0.0,0.0,1.2707597470549943,0.3878998006883374,378.95834204039115,450.2207775997183,10960.671088980054,0.31607037251807276,0.048240288845859669,312.4176148145152,372.47938104624248,8401.555272516527,1.157525049251841,0.21873111285938028,277.6713976132851,329.82406754796406,8034.50992270258,0.2964250935689493,0.05601381208785884,277.3654032019036,330.4822629081753,7527.180496128686,0.0,0.0,12.697365200366244,15.38264249434316,225.43271577672054,0.0,0.0,14.98126883275227,17.929013880739086,363.67250052126885,0.0,0.0,218.60780163363035,263.28923664720699,4565.478982061728,0.0,0.0,31.982086113071114,38.14879322368368,841.0107190964251,0.0,0.0,148.3252512705543,177.80299826544644,3482.758395740225,35.29138216609645,24.20533756248041,582.8384356253478,696.9544196282295,15532.4259937418,0.0,0.0,151.38536668210595,184.89737027756954,1935.8686610166188,1809.1686465721458,21.50835084027755,31.981768859797467,21.999999999999984,29.99999999999998,0.0,20.482984290013755,34.018104305326939,15.999999999999988,29.99999999999998,1216.674749193952,21.456924573452104,32.78422525910613,21.333333333333319,29.99999999999998,0.0,20.600730947004146,34.297763126500729,18.999999999999987,29.99999999999998,0.0,15.784624799246095,45.64484751567871,11.999999999999993,29.99999999999998,15.427898207470927,19.122674605602769,41.85482087744058,18.999999999999987,29.99999999999998,0.0,17.45982295221123,41.81287449047783,9.999999999999993,29.99999999999998,363.20485427405688,20.2257749996273,35.68278212519149,20.033333333333319,29.99999999999998,0.0,18.750329056469757,38.981094382902849,11.999999999999993,29.99999999999998,0.0,19.581916142037139,0.0,0.0,0.0,13.210622653906853,0.0,0.0,501.6721763253576,503.7157203065439,536.122884810987,526.9560159677697,541.3771235545601,867.5180196853744,574.3786211204553,606.5105639585868,604.3589881179397,9855.59976183948,81.4881928721732,83.7721424139554,219.9999999999999,0.0,219.9999999999999,219.9999999999999,16.0,19.0,19.0,12.0,19.7,12.0,21.0,10.0,1.0,0.0,1809.1686465721458,0.0,1216.674749193952,0.0,15.427898207470927,0.0,363.20485427405688,0.0,3456.5402042360958,2073924.1225416605,2704948.0500949069,81.4881928721732,83.81093145936699,0.34188467347453646,0.7693387816528581,0.3602813740196593,83.81093145936699,0.3542647819438872,2704948.0500949069,0.1497139652716018 
 03/09  07:50:00,7.321666666666666,83.5,4.581666666666667,43.33333333333333,474.66666666666665,0.0,0.0,1.0,2.0,0.0,0.0,0.0,0.0,0.0,4.0,1388.0,0.0,101.04284277686677,53.18041655996987,136.27273743459893,3.0298498434431488,80.64262463416807,0.0,53.18041655996976,72.70166129767732,0.0,0.0,20.61089154639203,-1536.4941382033754,19.570169894060688,536.2879064951312,20.665482787773266,-920.3390305389287,19.702592368324649,322.42792219911919,15.753072265658102,7.713048177916789,19.014159593668756,-106.94329761806546,16.637490734194807,-91.25560218521787,18.639156050887956,-280.2171108990525,17.660816194694286,-363.59325919772007,1066.489673507157,1669.6649701291227,0.0,0.0,0.0,0.0,0.0,0.0,0.0,0.0,0.0,0.0,0.0,0.0,0.0,0.0,0.0,0.0,0.0,0.0,0.0,0.0,0.0,0.0,1.1990784831584894,0.3660190730032019,368.79241143851467,438.09655250568087,10445.180320817806,0.29772339657908178,0.04544007884296119,298.49039893192039,355.74398917862018,7893.229309361579,1.1300474648359456,0.21353882555478949,256.49841862687779,304.82976355830666,7240.813477175134,0.279020855783214,0.05272502943749318,256.3985206635013,305.55770820627256,6813.383425549377,0.0,0.0,12.774031971030542,15.472007248163692,220.65789614212606,0.0,0.0,16.43070661289021,19.608306856430866,414.9847616390796,0.0,0.0,246.84198387781468,298.1910240186893,4624.628622964203,0.0,0.0,43.81489500060518,52.18902213193353,1160.3425625813182,0.0,0.0,162.59184234388079,195.53187496188745,3470.98504671698,35.1377047337655,24.09993465964713,548.0355308409593,655.253976699851,14367.316228674985,0.0,0.0,176.3334046382822,214.83622198413793,2446.5137671301297,1878.1572509654403,21.425073484514063,32.50752644895482,22.0,30.0,0.0,20.476175807877714,34.386414284968939,16.0,30.0,1039.2530358168997,21.369989700336299,33.40466367820727,21.25,30.0,0.0,20.532441771588578,34.94145200004101,19.0,30.0,0.0,15.765857787071255,46.243656568446599,12.0,30.0,911.5581391201104,19.845921230544727,40.46749427081946,19.75,30.0,0.0,16.506730072730297,44.64338969807797,10.0,30.0,1290.449438921776,20.458349804824548,35.7815738740891,20.7,30.0,0.0,17.83207837864293,40.97199993786272,12.0,30.0,0.0,19.556390239451205,0.0,0.0,0.0,14.041059054190374,0.0,0.0,517.4710299397816,518.0852853958788,555.1421248056812,547.389513277514,564.417552063712,887.7403634933883,577.6987030676802,639.9222396412347,578.4553252837391,10139.996087599375,81.30009611943867,84.78972035288476,220.0,0.0,220.0,220.0,16.0,19.0,19.0,12.0,19.7,12.0,21.0,10.0,1.0,0.0,1878.1572509654403,0.0,1039.2530358168997,0.0,911.5581391201104,0.0,1290.449438921776,0.0,5281.115405625019,3168669.2433750114,4134269.86340178,81.30009611943867,84.84898575712609,0.3460371801875007,0.768626798701999,0.36028137401965956,84.84898575712609,0.3542647819438875,4134269.86340178,0.22391647734133703 
 03/09  08:00:00,7.54,83.0,4.64,48.0,507.0,0.0,0.0,1.0,2.0,0.0,0.0,0.0,0.0,0.0,4.0,1041.0,0.0,113.61113101062938,46.2741366558629,118.57594545731104,3.4067270315593847,90.67349393841706,0.0,46.27413665586279,63.260253070851188,0.0,0.0,20.625213385424226,-1521.9758570472137,19.594364705899076,509.72418436544145,20.681077625508835,-1001.3199890021704,19.644064099244426,378.57109227308959,15.736167647551336,7.193484729238005,18.818611510225418,-98.60715480207436,16.693457693278896,74.30516222144743,18.449213311558844,-258.20013325645336,17.29318467778193,-192.34155891855336,1045.0452159378215,1297.145890032893,0.0,0.0,0.0,0.0,0.0,0.0,0.0,0.0,0.0,0.0,0.0,0.0,0.0,0.0,0.0,0.0,0.0,0.0,0.0,0.0,0.0,0.0,1.1631810091852209,0.35506135811514707,364.92099200501988,433.38102551846938,10163.19247880192,0.2889134279963171,0.04409545604339398,292.7719553326649,348.82593271066465,7607.81406018997,1.0866323982996765,0.2053349203136201,273.16941809838917,324.4865474069984,7601.86410583314,0.2785339345291105,0.05263301861850164,274.29746424380769,326.8803436660602,7110.015402231427,0.0,0.0,12.450028418838006,15.076206821540567,209.01709062450744,0.0,0.0,16.934074173724679,20.230296493646227,407.25689575605636,0.0,0.0,211.35700520676793,255.17006813302477,3936.8523467502957,0.0,0.0,44.918099280757768,53.60858844754276,1123.659605710925,0.0,0.0,126.27635032459757,152.13972824954409,2510.6457897494858,35.04967330650198,24.03955645164747,560.6801859266095,670.1445201801876,14407.52701554035,0.0,0.0,138.4163798906106,168.8077287658522,1788.6147118644829,1846.2294817651523,21.406237311801044,32.85471579973243,22.000000000000019,30.00000000000002,0.0,20.46445742428267,34.719724003940218,16.000000000000015,30.00000000000002,1111.679806894403,21.43568031789441,33.55514558718059,21.33333333333335,30.00000000000002,0.0,20.425168741153539,35.469391742362919,19.000000000000015,30.00000000000002,0.0,15.744643237479064,46.636520765416687,12.00000000000001,30.00000000000002,0.0,19.453398855087174,41.8290011265905,19.000000000000015,30.00000000000002,0.0,16.691071803958914,44.27619706876348,10.000000000000007,30.00000000000002,522.6824405317209,19.959623238420794,37.04499782365832,20.03333333333335,30.00000000000002,0.0,17.30216929721513,42.492381254706859,12.00000000000001,30.00000000000002,0.0,19.55009450255053,0.0,0.0,0.0,13.730562226403489,0.0,0.0,529.8857657358299,529.8689890608348,566.1974598987202,558.2462089845544,573.1623523343192,893.3487331704022,573.2829544661865,635.2258161979929,575.9407813849286,10499.686711782757,81.06192540286105,83.86756011162642,220.00000000000018,0.0,220.00000000000018,220.00000000000018,16.0,19.0,19.0,12.0,19.7,12.0,21.0,10.0,1.0,0.0,1846.2294817651523,0.0,1111.679806894403,0.0,0.0,0.0,522.6824405317209,0.0,4244.982572918982,2546989.5437513876,3295553.3143887205,81.06192540286105,83.91520910304929,0.36816608576396628,0.7692431635878985,0.3602813740196598,83.91520910304929,0.3542647819438878,3295553.3143887205,0.18018099457043569 
 03/09  08:10:00,7.906666666666666,81.66666666666667,4.596666666666667,52.666666666666667,539.3333333333333,0.0,4.0,0.0,0.0,0.0,0.0,0.0,0.0,0.0,0.0,2082.0,0.0,126.37092631673915,40.70723910769763,104.31125460452199,3.7893478017135968,100.85721753946412,0.0,40.70723910769756,55.64988206954119,0.0,0.0,20.652986603318003,-1566.6549634255148,19.640644633131765,519.7975010259454,20.412090583161729,-293.3087324342561,19.607739889379734,-37.76535649777333,15.727494453322575,14.57541248952111,18.43901430025749,-228.6582073504925,17.214554524893779,489.64352056349358,17.99664684698206,-123.89462551846967,16.991352277891225,-640.660646800233,889.9402809722717,1182.0384699690663,0.0,0.0,0.0,0.0,0.0,0.0,0.0,0.0,0.0,0.0,0.0,0.0,0.0,0.0,0.0,0.0,0.0,0.0,0.0,0.0,0.0,0.0,1.139461724100496,0.3478210391027155,396.3513291578617,471.00877974129249,10757.380374146229,0.29070965818036345,0.04436960594938392,300.99945923284738,358.8898899045233,7618.451710631837,1.0041976468223149,0.18975768080542608,91.58928144733605,108.98512363362718,2493.4424657569295,0.3072266065507578,0.05805491431420213,28.064562785904273,33.47703883499884,704.7444001207782,0.0,0.0,11.304548660385589,13.70101731105968,181.18294094113126,0.0,0.0,75.98645821750863,91.12518855779307,1680.5925899747957,0.0,0.0,239.55781041739034,288.2059069351575,4780.041309340088,0.0,0.0,33.37746169968929,39.9729989098119,765.6024916862593,0.0,0.0,122.36051698372991,147.6385521216308,2200.4909046112927,34.679681545626518,23.785789811815176,330.87754084158476,396.28691340253479,8292.430848773201,0.0,0.0,127.1379071837076,155.04273154158478,1515.6702679422068,1826.9722560270487,21.42363533797478,33.288017513920049,21.999999999999994,30.0,0.0,20.497183867729097,35.13286530614454,15.999999999999999,30.0,23.452305916353706,21.244835728683716,33.58013367976274,20.999999999999998,30.0,0.0,20.26211643599683,38.37477195167226,18.999999999999998,30.0,0.0,15.739009283658377,47.101721144545717,11.999999999999997,30.0,0.0,18.801797832688238,40.65525965103866,15.999999999999999,30.0,0.0,17.720788717485214,42.542808552106908,9.999999999999999,30.0,0.0,19.185636303772968,38.69064622711211,15.999999999999999,30.0,0.0,16.83659060416705,44.29440437829497,11.999999999999997,30.0,0.0,19.156880164411008,0.0,0.0,0.0,13.51360909368712,0.0,0.0,545.1750755603988,545.7996587602843,541.1976533932423,711.7546323655873,587.042755128289,690.4354969138374,620.5957947247488,619.7016210442218,596.1694769791901,9672.028965414062,81.60959908190093,82.76840555736607,132.0,0.0,132.0,132.0,16.0,19.0,16.0,12.0,16.0,12.0,21.0,10.0,1.0,0.0,1826.9722560270487,0.0,23.452305916353706,0.0,0.0,0.0,0.0,0.0,1753.7175734516625,1052230.544070998,1362218.861220369,81.60959908190093,82.78808593829295,0.34179058578172208,0.7701753495539375,0.3602813740196595,82.78808593829295,0.3542647819438874,1362218.861220369,0.07604938078345917 
 03/09  08:20:00,8.273333333333334,80.33333333333334,4.553333333333333,57.333333333333339,571.6666666666667,0.0,4.0,0.0,0.0,0.0,0.0,0.0,0.0,0.0,0.0,1388.0,0.0,139.30694173174596,37.30448795920704,95.59207580902569,4.177253703847197,111.18159422650479,0.0,37.30448795920699,50.998063270813378,0.0,0.0,20.53419438107866,-1063.0516635684444,19.68750338027703,577.6811630232194,20.789529679070087,-826.2982092228976,19.550186380768144,-27.910169073213873,15.73123503570531,23.934005640405308,18.154481372886097,-75.69722270956375,17.379736375538493,105.04426217613039,17.36336654352761,-38.186565523376668,16.430374619229828,-632.224601732671,887.88621738018,1457.959229012305,0.0,0.0,0.0,0.0,0.0,0.0,0.0,0.0,0.0,0.0,0.0,0.0,0.0,0.0,0.0,0.0,0.0,0.0,0.0,0.0,0.0,0.0,1.1870263759565006,0.36234016360088547,399.35706888028036,474.405333686257,10536.789553096787,0.31168299321781348,0.0475706644105332,321.27860252729399,382.78592874518508,7920.545768631931,0.7995423087345899,0.15108509235347512,161.77803318292156,191.92200125665637,4384.912576493638,0.32980977384476187,0.06232233065849618,35.2966744601014,42.07844673448063,849.9752139047777,0.0,0.0,10.628161028507721,12.873703865353598,162.73706061979895,0.0,0.0,54.27800892428961,65.16469660596782,1111.4354611886807,0.0,0.0,289.8193096229617,348.41551474537359,5653.046245588408,0.0,0.0,23.137128773228115,27.804349333792695,463.01469795802537,0.0,0.0,198.9166132450035,240.70366172183859,3120.5781517428565,34.45635609657692,23.632617350189944,350.5690445563335,419.54168005952587,8493.91578961158,0.0,0.0,201.4325910222764,245.02390882788297,2560.7439375700548,1313.6021500860109,21.411505695529127,33.57321794604268,21.750000000000005,30.000000000000008,0.0,20.532266622630986,35.32604875386436,16.000000000000005,30.000000000000008,1492.8033806597526,21.823068529287857,32.729780022704129,21.500000000000005,30.000000000000008,0.0,20.13660770328992,40.6878035836245,19.000000000000005,30.000000000000008,0.0,15.754358722452157,47.46569874244564,12.000000000000002,30.000000000000008,0.0,18.367478150501428,40.79267909841723,16.000000000000005,30.000000000000008,0.0,17.888530975970107,41.82069423743558,10.000000000000002,30.000000000000008,0.0,18.104990991560933,41.29679410075655,16.000000000000005,30.000000000000008,0.0,15.963060055385196,47.27686128859344,12.000000000000002,30.000000000000008,0.0,19.210910540405317,0.0,0.0,0.0,14.406541559637614,0.0,0.0,554.3607080427606,552.8301008276178,550.3603749515229,835.6045204874681,597.4059722136203,618.3546348009147,596.0903415529821,610.2153785640405,608.5074818539694,10154.145013007887,81.29071706961988,83.19897361715174,132.00000000000004,0.0,132.00000000000004,132.00000000000004,16.0,19.0,16.0,12.0,16.0,12.0,21.0,10.0,1.0,0.0,1313.6021500860109,0.0,1492.8033806597526,0.0,0.0,0.0,0.0,0.0,2887.636921349086,1732582.1528094519,2242077.8751039465,81.29071706961988,83.23138214830581,0.35125456404496965,0.7705428251903199,0.3602813740196596,83.23138214830581,0.35426478194388757,2242077.8751039465,0.12178004950540519 
 03/09  08:30:00,8.64,79.0,4.51,62.0,604.0,0.0,4.0,0.0,0.0,0.0,0.0,0.0,0.0,0.0,0.0,1388.0,0.0,154.41551448410503,37.27592448625759,95.51907120218799,4.630303774827115,123.23987768596349,0.0,37.275924486257569,50.959014837758889,0.0,0.0,20.541389328647435,-1235.8984966737153,19.726647508753169,363.5116869957824,20.673567015154725,-552.5132504776691,19.503915624883388,-70.11211023699895,15.736755986253379,21.674605711968483,17.969860163298074,-85.28444515228546,17.186617934470804,35.11340089971145,16.96345304580064,-23.542991572987178,16.173658331588059,-417.90420121426907,872.1401542602621,1303.970676661224,0.0,0.0,0.0,0.0,0.0,0.0,0.0,0.0,0.0,0.0,0.0,0.0,0.0,0.0,0.0,0.0,0.0,0.0,0.0,0.0,0.0,0.0,1.1099268099611904,0.3388054975461509,454.75047204358159,541.1028227230014,11358.567791984546,0.26857047162721406,0.04099060922271276,264.1365473015818,314.7478945323876,6328.185992598509,0.8755954187201303,0.16545642832957875,212.84953686801397,252.69670436859196,5511.090770539417,0.29082305723325876,0.054955226234553799,30.478325853120066,36.34248223115201,704.7692882374058,0.0,0.0,10.120258598427755,12.258605988860552,147.6917083685364,0.0,0.0,52.81843051638146,63.46538915802589,1012.2869945282757,0.0,0.0,302.0092772520041,363.59247075816958,5453.191891274185,0.0,0.0,15.934333509046322,19.18774822306568,285.41483685957237,0.0,0.0,209.79146951096619,254.20049852078189,3013.528943773575,33.764707271151518,23.158235439747274,397.56706779474117,475.7921877473631,9331.256790401181,0.0,0.0,211.19839052220488,256.924109332218,2555.4611564987478,1843.3408117586492,21.22012870338824,34.55677726516146,22.0,30.0,0.0,20.531580700040466,35.85581957075633,16.0,30.0,1475.502310588653,21.54138334036074,33.7116395113098,21.5,30.0,0.0,20.02467114673299,41.92696307731253,19.0,30.0,0.0,15.769186366554806,47.62936453035895,12.0,30.0,0.0,18.084065206591686,41.410605662735367,16.0,30.0,0.0,17.517125393426377,43.026698886637408,10.0,30.0,0.0,17.447883751409344,43.048211896569018,16.0,30.0,0.0,15.653986125187457,48.29406425970817,12.0,30.0,0.0,19.3122491244543,0.0,0.0,0.0,14.506667053958705,0.0,0.0,573.249628226071,570.0171854995551,569.270216059954,889.8398556433062,595.9602890162655,596.9673083571743,588.2268130877035,601.2129376374369,593.000671523533,10135.784156450994,81.30283635813176,84.8773489171399,132.0,0.0,132.0,132.0,16.0,19.0,16.0,12.0,16.0,12.0,21.0,10.0,1.0,0.0,1843.3408117586492,0.0,1475.502310588653,0.0,0.0,0.0,0.0,0.0,5409.450493634278,3245670.2961805674,4232700.0296039809,81.30283635813176,84.93805600695917,0.35031501645447596,0.7694763106060374,0.36028137401965956,84.93805600695917,0.3542647819438875,4232700.0296039809,0.22527040153940704 
 03/09  08:40:00,9.006666666666668,77.66666666666667,4.466666666666667,64.83333333333334,620.5,0.0,0.0,1.0,2.0,0.0,0.0,0.0,0.0,0.0,0.0,2776.0,0.0,180.76291039662403,39.477511134922988,101.16066208287407,5.42033836911149,144.26767949494156,0.0,39.47751113492296,53.968750699234657,0.0,0.0,20.753511435144767,-1377.7418792626184,19.72756206531806,541.895113288415,20.749555378460046,-1623.9135127574739,19.60857050014183,689.0143037469898,15.738643430800029,22.40015205254665,18.89954539276939,-100.88231608110886,17.09299242907393,52.87302694184814,17.752111249001254,-123.15700307783027,16.045487703442988,-335.6810721190308,931.0148628807706,1291.6723003821063,0.0,0.0,0.0,0.0,0.0,0.0,0.0,0.0,0.0,0.0,0.0,0.0,0.0,0.0,0.0,0.0,0.0,0.0,0.0,0.0,0.0,0.0,0.997185799486067,0.3043912696843916,412.8495750338634,490.536478545182,10356.012140317182,0.2669053783922525,0.04073647411359166,298.13431334805167,355.40802559491848,6885.703146520107,0.8844304212369027,0.16712592993894619,428.866238336349,509.2026868146043,10835.933084121245,0.28385648204441568,0.05363879101368397,353.62645655711136,421.7998674605345,8041.683559763083,0.0,0.0,11.129789779644359,13.4875640400945,154.24777906734796,0.0,0.0,17.67128379766905,21.14775602186011,370.2070442677763,0.0,0.0,269.03217493162489,324.2439392424503,4570.352858532302,0.0,0.0,29.696633135197364,35.5772392037253,593.4219060020835,0.0,0.0,217.57430166330114,263.883784154277,2906.583567286803,33.44333489268576,22.937815427082155,645.521869753004,771.7332708604589,14520.838227030797,0.0,0.0,220.2919123137939,267.94131597802177,2583.9345646064127,1654.8196666969246,21.517659724929144,34.695458867445008,21.875,30.0,0.0,20.490432016380987,36.83951484005511,16.0,30.0,2028.114034473907,21.53591723244166,34.6167648148509,21.5,30.0,0.0,20.301046134649469,37.35679766677954,16.0,30.0,0.0,15.776145903246987,47.856637306268527,12.0,30.0,1569.4661361228146,19.365629610242473,39.37237383166679,20.0,30.0,0.0,17.35421770007727,43.962670654920348,10.0,30.0,1338.7294812319377,18.69270656391454,40.639237247410637,20.7,30.0,0.0,15.525785937619059,49.02655222033812,12.0,30.0,0.0,19.617015725819998,0.0,0.0,0.0,14.696663861289942,0.0,0.0,622.2363116727083,618.2246351252095,616.2748779008824,622.8922161791994,595.0008417912081,672.9409657491247,601.7231273096603,646.0800701358498,596.2963122492671,10338.423572454638,81.16888097046197,85.52246402191112,60.0,0.0,60.0,60.0,16.0,16.0,19.0,12.0,19.7,12.0,21.0,10.0,1.0,0.0,1654.8196666969246,0.0,2028.114034473907,0.0,1569.4661361228146,0.0,1338.7294812319377,0.0,6588.6229091312129,3953173.745478728,5158009.143180197,81.16888097046197,85.59640231502859,0.34712076363770708,0.766987715439889,0.36028137401965956,85.59640231502859,0.3542647819438875,5158009.143180197,0.2705564754453703 
 03/09  08:50:00,9.373333333333333,76.33333333333333,4.423333333333333,67.66666666666666,637.0,0.0,0.0,1.0,2.0,0.0,0.0,0.0,0.0,0.0,0.0,1388.0,0.0,222.79148429332236,41.676161619300639,106.79473124471946,6.680565127739378,177.810458775643,0.0,41.676161619300618,56.97447260152449,0.0,0.0,20.81163758605446,-1470.4845608156489,19.832766127494638,482.62823496181457,20.834918962163518,-1246.8026575869963,19.803778164091154,432.84301361481496,15.742905916257012,22.317205368452805,19.027108954502137,-114.29008664491244,17.034368387834996,54.06656508969172,18.71681733312771,-318.5427501158465,15.996494791084722,-228.91033381648459,903.6432741582667,1294.7775619027182,0.0,0.0,0.0,0.0,0.0,0.0,0.0,0.0,0.0,0.0,0.0,0.0,0.0,0.0,0.0,0.0,0.0,0.0,0.0,0.0,0.0,0.0,0.9610691970342988,0.2933666657613855,412.86721065044966,490.1553521929717,10115.664519439699,0.2525897513023007,0.038551549344063,289.08207943840088,344.368966707748,6517.632449442079,0.8320918071894574,0.15723579123005627,357.01779100092019,423.54686521970577,8780.994053716462,0.25713332411264197,0.048589063513348799,314.35157304440818,374.4344645827261,7086.044899242064,0.0,0.0,11.12610294629224,13.476060387015027,146.0876884159266,0.0,0.0,17.81186080256102,21.279530654887414,370.4010282454538,0.0,0.0,265.1268991671644,319.4803635213816,4256.365977634985,0.0,0.0,46.63148394088441,55.561543370214518,1034.1048703935979,0.0,0.0,222.04401623133439,269.1731057746623,2796.981239355293,33.015262246054557,22.644212788789138,597.4808563554229,713.738484642218,13170.391923026207,0.0,0.0,226.39889267424835,274.8949122592618,2643.2086190979009,1828.8960855035967,21.600999497775946,34.477880131354357,22.0,30.0,0.0,20.59000665993552,36.71048305006573,16.0,30.0,1681.9033970686033,21.57060838851831,34.62047390622449,21.5,30.0,0.0,20.56876948108286,36.73485561998039,16.0,30.0,0.0,15.785121737081886,48.21165517016011,12.0,30.0,0.0,19.675992376013878,40.454554356489577,19.0,30.0,0.0,17.2572530895198,44.49100395262391,10.0,30.0,1261.871938994073,20.344379108250096,37.36678544917926,20.7,30.0,0.0,15.51789551023537,49.54141208428197,12.0,30.0,0.0,19.746939077904956,0.0,0.0,0.0,15.043357056244308,0.0,0.0,612.6302926375759,618.6353099973776,614.9617363207296,615.9285744931725,599.640900640821,778.560471968198,608.869033222815,666.6585578277777,611.7070985120103,11053.249534295872,80.69607100907709,86.20456042976845,60.0,0.0,60.0,60.0,16.0,16.0,19.0,12.0,19.7,12.0,21.0,10.0,1.0,0.0,1828.8960855035967,0.0,1681.9033970686033,0.0,0.0,0.0,1261.871938994073,0.0,8335.973732465318,5001584.239479192,6524303.305948226,80.69607100907709,86.29811286706168,0.3628657910821773,0.7658887377957444,0.36028137401965956,86.29811286706168,0.3542647819438875,6524303.305948226,0.34158710524264115 
 03/09  09:00:00,9.74,75.0,4.38,70.5,653.5,0.0,0.0,1.0,2.0,0.0,0.0,0.0,0.0,0.0,0.0,1388.0,0.0,280.78926409059047,43.87007103698035,112.41665329778258,8.419620353351647,224.09808672977872,0.0,43.87007103698033,59.97371310619544,0.0,0.0,20.834315339440605,-1630.7086187260548,19.934617390277823,505.64550725839356,20.482904411511684,-280.94570781541008,19.801813469723649,212.15104157043835,15.751229326201829,24.50737440737106,18.808402199735246,-95.07014879744958,17.06517380772881,120.7970479710325,18.640628923259585,-294.1456206477002,16.03906764967924,-137.45687987435805,887.0112449298249,1213.6658261595156,0.0,0.0,0.0,0.0,0.0,0.0,0.0,0.0,0.0,0.0,0.0,0.0,0.0,0.0,0.0,0.0,0.0,0.0,0.0,0.0,0.0,0.0,0.8931354393743707,0.2726298654988922,474.1030866566217,562.9131397638636,11251.946084276806,0.22875513435752796,0.034913787295105,275.5085842529153,328.1211612273289,6053.316912805943,0.9154679147573872,0.1729909135973899,283.9056840393529,337.5656919372695,6532.372031243063,0.23963211168743454,0.04528195610117809,217.28484928205524,258.70891890084718,4716.11366767019,0.0,0.0,11.194774358649833,13.558683587388377,138.93364415490255,0.0,0.0,17.669069850479106,21.137116905840054,339.63284080995148,0.0,0.0,260.7070041162789,314.0670442239359,4029.0708155324398,0.0,0.0,48.46271728550183,57.843409474896997,1006.2473122176168,0.0,0.0,217.02046253387284,262.96119836473999,2629.8453166903266,32.592796962189499,22.35445607831928,534.8435233430332,638.7576353861479,11541.412786659463,0.0,0.0,221.3982477415807,268.62918785857439,2513.999813012292,1805.4620591929582,21.586671756844348,34.51993085946852,22.0,30.0,0.0,20.672750471147027,36.55554723845285,16.0,30.0,83.69089833815734,21.227707360576859,35.31508549669756,21.0,30.0,0.0,20.506944670834387,36.874325358784677,16.0,30.0,0.0,15.799226663966591,48.58238108228382,12.0,30.0,0.0,19.24703903581852,42.8245706741935,19.0,30.0,0.0,17.330856448193047,44.75777338016863,10.0,30.0,618.0965736368543,20.042223826055574,38.561149502027408,20.2,30.0,0.0,15.653294198504419,49.798691288544109,12.0,30.0,0.0,19.850017793150557,0.0,0.0,0.0,15.25667829268405,0.0,0.0,601.8293442049443,609.6176104482659,601.8591841620909,605.7205453513514,607.5838922275963,841.4399099103607,620.1799969548235,673.2240034161123,629.6400956616806,8601.43965580062,82.3174938874358,82.3174938874358,60.0,0.0,60.0,60.0,16.0,16.0,19.0,12.0,19.7,12.0,21.0,10.0,1.0,0.0,1805.4620591929582,0.0,83.69089833815734,0.0,0.0,0.0,618.0965736368543,0.0,0.0,0.0,0.0,82.3174938874358,82.3174938874358,0.34,0.7703171365037032,0.36028137401965956,82.3174938874358,0.3542647819438875,0.0,0.0023066666666666667 
 03/09  09:10:00,10.078333333333334,74.0,4.366666666666666,73.33333333333333,670.0,0.0,0.0,0.0,0.0,0.0,0.0,0.0,0.0,0.0,0.0,2082.0,0.0,354.0748560210585,46.057150987882277,118.02107639290952,10.617072747957554,282.5867498456161,0.0,46.057150987882248,62.96361721200681,0.0,0.0,20.107274845323169,-314.65374347031499,19.887827354114117,-59.39536744421072,20.008747029209219,-336.965548821254,19.655881711854229,49.701883601130699,15.761375594350302,22.01099774707928,18.554131408964439,-244.3657327441881,17.091240110636414,72.0851878037835,18.21471476984602,-192.60501522055604,16.06715254201997,-138.37407640807485,575.2150503497526,1075.848312950582,0.0,0.0,0.0,0.0,0.0,0.0,0.0,0.0,0.0,0.0,0.0,0.0,0.0,0.0,0.0,0.0,0.0,0.0,0.0,0.0,0.0,0.0,0.8069682242207608,0.246327296770684,163.54679796847905,195.1878907546095,3454.7171204570865,0.1599573741941819,0.024413518649905664,100.08399585223229,119.44275404059433,2099.3698957599915,0.7932218611829823,0.1498907523021509,175.64910920899016,209.56107034250733,3700.0438969137314,0.18510246652086066,0.03497779034785725,172.73105839565444,206.2411199093387,3541.546922390598,0.0,0.0,10.155190667801313,12.304881526180483,119.2876399637345,0.0,0.0,77.98291046757886,93.51799708308401,1371.1160895541967,0.0,0.0,310.138262991107,373.7124121262924,4604.758110258625,0.0,0.0,42.18434526173292,50.49584674354611,790.0352791527304,0.0,0.0,210.56258785598727,255.17114558222793,2438.556595726991,31.50515318018717,21.608472688742919,239.64498332823866,287.2824768010016,4987.32838613494,0.0,0.0,214.4341315941051,260.21606555192377,2318.645880408383,0.0,20.410766585985546,37.215334549163909,21.999999999999994,30.0,0.0,20.43025161453938,37.17067883265872,15.999999999999999,30.0,0.0,20.428083227277534,37.18468354158387,21.999999999999994,30.0,0.0,20.222136351755496,37.610039646849049,15.999999999999999,30.0,0.0,15.812786410947096,48.991514524857048,11.999999999999997,30.0,0.0,18.748178480147034,42.286052441638577,15.999999999999999,30.0,0.0,17.368477303179966,45.30690945798235,9.999999999999999,30.0,0.0,19.304658681412798,40.13963570870046,11.999999999999997,30.0,0.0,15.73060986394113,50.027860618026199,11.999999999999997,30.0,0.0,18.949120734397707,0.0,0.0,0.0,15.329783780120899,0.0,0.0,605.9901705705514,600.8021405731479,589.218277925737,598.3225920148591,619.7369880861953,707.2455226693801,653.0121328432575,653.5587028759836,644.7055354265832,0.0,82.92975609683217,82.92975609683217,60.0,0.0,60.0,60.0,16.0,16.0,16.0,12.0,12.0,12.0,21.0,10.0,0.0,0.0,0.0,0.0,0.0,0.0,0.0,0.0,0.0,0.0,0.0,0.0,0.0,82.92975609683217,82.92975609683217,0.0,0.0,0.0,82.92975609683217,0.0,0.0,0.0022900000000000005 
 03/09  09:20:00,10.416666666666668,73.0,4.3533333333333339,76.16666666666667,686.5,0.0,0.0,0.0,0.0,0.0,0.0,0.0,0.0,0.0,0.0,1041.0,0.0,441.27344609282189,48.23512358383239,123.60216311715679,13.231699171556097,352.17922360325636,0.0,48.23512358383236,65.94107087312718,0.0,0.0,19.65414765172481,-105.64656929490698,19.628159878573454,-196.46189975621946,19.605336437310059,-224.4766027834936,19.401946185333388,-49.397026204616,15.770308256063597,17.996370214685898,18.341102613766777,-170.89805175839559,16.99836908282774,38.28707818081481,17.57686161708467,-82.71683606210292,16.08729870677603,-148.43905044353535,480.2346086339753,892.0374014746687,0.0,0.0,0.0,0.0,0.0,0.0,0.0,0.0,0.0,0.0,0.0,0.0,0.0,0.0,0.0,0.0,0.0,0.0,0.0,0.0,0.0,0.0,0.7183600537882889,0.21927962569850086,122.17346514556715,145.83956010850765,2304.835735551789,0.12659242870800925,0.019321188752748659,67.79115260822269,80.88277593493454,1279.999764080331,0.7002379527403023,0.1323200968897019,110.72474370123607,132.23094752921177,2094.624553123477,0.14499442176606953,0.027398794740375939,97.36904506054823,116.32763746551703,1839.1053763099208,0.0,0.0,9.167699401603424,11.099013648290376,101.55915838298735,0.0,0.0,69.48524100915955,83.39057902090438,1117.199472639546,0.0,0.0,286.16778804192747,344.78231372353096,3958.1450559436309,0.0,0.0,31.92849468403879,38.35080276617883,503.60811628210129,0.0,0.0,193.78953104663655,234.63666767176523,2132.163979681443,30.516796242674127,20.930587272067304,148.16265650697526,177.77698880363438,2857.4921926533199,0.0,0.0,196.40009546461349,238.21564121274677,1966.4114793727266,0.0,19.743718117395539,38.88969476771486,21.999999999999994,29.999999999999998,0.0,19.841879052194785,38.70319502206121,15.999999999999997,29.999999999999998,0.0,19.76605254398378,38.86874822770881,21.999999999999994,29.999999999999998,0.0,19.748836789513434,38.83425581139899,15.999999999999997,29.999999999999998,0.0,15.822739439787544,49.37403145450385,11.999999999999997,29.999999999999998,0.0,18.337921545250766,42.647800495706189,15.999999999999997,29.999999999999998,0.0,17.20214645458475,45.733946452380269,9.999999999999999,29.999999999999998,0.0,18.151484178161014,43.070431115176237,11.999999999999997,29.999999999999998,0.0,15.785621766306607,50.06136967652805,11.999999999999997,29.999999999999998,0.0,18.32380888536495,0.0,0.0,0.0,15.27157187239427,0.0,0.0,595.7585967493559,579.3252845641551,576.7179001508625,590.8954430123506,632.5140828052189,653.8117323801737,643.2663691439275,647.662966149964,651.0113462801086,0.0,82.92975609683217,82.92975609683217,59.99999999999999,0.0,59.99999999999999,59.99999999999999,16.0,16.0,16.0,12.0,12.0,12.0,21.0,10.0,0.0,0.0,0.0,0.0,0.0,0.0,0.0,0.0,0.0,0.0,0.0,0.0,0.0,82.92975609683217,82.92975609683217,0.0,0.0,0.0,82.92975609683217,0.0,0.0,0.0022866666666666666 
 03/09  09:30:00,10.754999999999999,72.0,4.34,79.0,703.0,0.0,0.0,0.0,0.0,0.0,0.0,0.0,0.0,0.0,0.0,1388.0,0.0,540.580297540754,50.40158589465385,129.15375563448675,16.20938547466854,431.4351668699415,0.0,50.40158589465383,68.90278910182725,0.0,0.0,19.405391522649,-80.53533887424715,19.459247224083464,-252.29450574362876,19.36042061398375,-200.42740884441046,19.210962039390773,-57.84190336851145,15.778938645641603,14.506805202232926,18.262882019269477,-150.80350030435444,16.935767389684356,30.96894746429598,17.23910994133022,-41.75120042598732,16.085799038807246,-164.2411953820806,285.70080649857348,722.8757145473414,0.0,0.0,0.0,0.0,0.0,0.0,0.0,0.0,0.0,0.0,0.0,0.0,0.0,0.0,0.0,0.0,0.0,0.0,0.0,0.0,0.0,0.0,0.6174088847440427,0.18846425053236957,95.24327004866459,113.91233300558031,1677.7020872539829,0.11168814109518109,0.017046419581071598,66.2947069112078,79.31850248236322,1167.7865653364493,0.5984739006714291,0.11309030624932529,41.94756279141628,50.10382508518123,734.0662703228693,0.11999498047199124,0.022674788448977934,38.75880200004706,46.31971815611351,677.6966466572953,0.0,0.0,8.520729404768093,10.318814697426595,88.6463882030485,0.0,0.0,64.71106818345294,77.7370993650521,972.6131930993031,0.0,0.0,266.72243157013426,321.58246896086669,3450.679916340609,0.0,0.0,22.404067588085277,26.970681213753115,312.5174845856143,0.0,0.0,176.2990411045733,213.52315353833587,1822.1770445333653,29.550030558738528,20.267510671288436,69.85174288939148,84.05188041456543,1347.667505301637,0.0,0.0,177.46765569979449,215.3645576308231,1635.8575459546069,0.0,19.432122274953064,39.7810353398207,22.0,30.0,0.0,19.458314920218567,39.84658278331693,16.0,30.0,0.0,19.414331521302363,39.99639723734771,22.0,30.0,0.0,19.42318965321475,39.73705913807403,16.0,30.0,0.0,15.830884347123022,49.5456807959908,12.0,30.0,0.0,18.156246598505498,43.06803154934936,16.0,30.0,0.0,17.099580070668816,46.0337010008562,10.0,30.0,0.0,17.597267124008828,44.60639738386629,12.0,30.0,0.0,15.796993893501388,50.021946969123138,12.0,30.0,0.0,17.315248425682947,0.0,0.0,0.0,15.225837618668024,0.0,0.0,584.5815354335263,560.2399265861786,557.7479178462961,589.6817452286965,635.8970589599782,642.0724846022376,633.447947190848,644.5160464924763,644.177681479674,0.0,82.92975609683218,82.92975609683218,60.0,0.0,60.0,60.0,16.0,16.0,16.0,12.0,12.0,12.0,21.0,10.0,0.0,0.0,0.0,0.0,0.0,0.0,0.0,0.0,0.0,0.0,0.0,0.0,0.0,82.92975609683218,82.92975609683218,0.0,0.0,0.0,82.92975609683218,0.0,0.0,0.0022833333333333336 
 03/09  09:40:00,11.093333333333334,71.0,4.326666666666666,80.33333333333334,714.1666666666667,0.0,0.0,0.0,0.0,0.0,0.0,0.0,0.0,0.0,0.0,694.0,0.0,643.5562589449073,51.83541277000749,132.82798451338562,19.297084222700194,513.6193437912405,0.0,51.835412770007469,70.8629391456675,0.0,0.0,19.181136899095955,-66.4752390906747,19.35014640055948,-252.90064000195873,19.186716941735264,-18.575442382297945,19.053188342017937,-56.908495305436357,15.79130233967901,13.207313033806717,18.241728412070896,-141.82243254341058,16.88768916169782,33.41769042184207,16.98848720691214,-22.039957148460766,16.081820154473129,-147.98347389160797,131.5796433527677,628.1054300472677,0.0,0.0,0.0,0.0,0.0,0.0,0.0,0.0,0.0,0.0,0.0,0.0,0.0,0.0,0.0,0.0,0.0,0.0,0.0,0.0,0.0,0.0,0.5377586442302529,0.1641509903022751,83.48740507152292,99.82131340903777,1365.717909667358,0.09640664934030446,0.014714079569643546,65.67621821924142,78.50865847688246,1073.280163103629,0.5193149393188319,0.09813207470121546,4.731693361244526,5.657951817247981,85.89736851602643,0.10357841026307409,0.01957263988342292,9.71638907185283,11.618860012763069,160.00832882247466,0.0,0.0,8.219619126372223,9.942675012109906,80.10181865979988,0.0,0.0,63.283562798186469,75.9643071399376,895.7744792142787,0.0,0.0,259.1895766826517,312.2343001905248,3137.802423285473,0.0,0.0,18.49686332949329,22.272437166462763,230.94625750284045,0.0,0.0,169.8452154352829,205.4734126360275,1640.790967356364,28.88032574893741,19.808179526020184,32.566894404278048,39.16815427313071,772.8654344874929,0.0,0.0,170.36292790447687,206.44638940616682,1484.3843924892518,0.0,19.147180577512076,40.65917295752752,22.000000000000008,30.00000000000001,0.0,19.181799730897926,40.89578544637699,16.000000000000008,30.00000000000001,0.0,19.196267140533427,40.74006173817007,22.000000000000008,30.00000000000001,0.0,19.164014078280347,40.46858243431983,16.000000000000008,30.00000000000001,0.0,15.845914702521842,49.639158701709799,12.000000000000004,30.00000000000001,0.0,18.059036012849988,43.32987847997256,16.000000000000008,30.00000000000001,0.0,17.026404209927209,46.267454814599748,10.000000000000004,30.00000000000001,0.0,17.210876340054,45.712896134630529,12.000000000000004,30.00000000000001,0.0,15.803857606284336,49.9925146095551,12.000000000000004,30.00000000000001,0.0,17.283885085289208,0.0,0.0,0.0,15.318731238542379,0.0,0.0,571.5626823038981,533.4712735982043,545.2554597986587,592.9737387178402,635.2297547618714,634.0182129699356,627.0419530689908,638.8908651941879,637.1882007133689,0.0,82.92975609683221,82.92975609683221,60.00000000000002,0.0,60.00000000000002,60.00000000000002,16.0,16.0,16.0,12.0,12.0,12.0,21.0,10.0,0.0,0.0,0.0,0.0,0.0,0.0,0.0,0.0,0.0,0.0,0.0,0.0,0.0,82.92975609683221,82.92975609683221,0.0,0.0,0.0,82.92975609683221,0.0,0.0,0.00228 
 03/09  09:50:00,11.431666666666667,70.0,4.3133333333333339,81.66666666666666,725.3333333333334,0.0,0.0,0.0,0.0,0.0,0.0,0.0,0.0,0.0,0.0,1041.0,0.0,753.0919204039225,53.24880184619715,136.44984074503038,22.58147183994818,601.0387414847921,0.0,53.248801846197128,72.79514916856387,0.0,0.0,19.02599400057096,-56.16861333188464,19.333931841735415,-225.93149707939413,19.03229095828238,-176.7541869214066,18.94216836355544,-72.66435411731199,15.805840525300578,12.011730056963908,18.27277052081712,-146.41249815761266,16.854446327713697,34.83457416722258,16.83645151063825,-12.874279487075845,16.095390112922723,-123.50059060151742,279.8433334116255,535.6372389411691,0.0,0.0,0.0,0.0,0.0,0.0,0.0,0.0,0.0,0.0,0.0,0.0,0.0,0.0,0.0,0.0,0.0,0.0,0.0,0.0,0.0,0.0,0.4490986174221274,0.13708749005559457,116.1544027529603,139.0867249769387,1778.3913095104034,0.07635580803546445,0.011653816855229628,81.48472755467151,97.49804948960898,1257.4031488112449,0.44387159328001238,0.08387596244898202,76.5398057031858,91.68563433757086,1174.49421946979,0.08813420505180941,0.016654233758845326,61.74580816087861,73.93133572930558,944.4503845130647,0.0,0.0,7.935229912605488,9.60524035958208,72.12890318889925,0.0,0.0,62.96479598281743,75.64389326249253,845.3826734459497,0.0,0.0,249.0761189475655,300.328088546892,2821.633429153988,0.0,0.0,13.989593092683919,16.869995100329079,159.26809709766725,0.0,0.0,159.85895574398254,193.52018629654166,1445.5440611615105,28.239344202307828,19.3685488356021,115.63708737555104,139.00347662479644,1871.9032333651285,0.0,0.0,159.5781749837292,193.48641203893818,1300.4962941206539,0.0,18.980851706337579,41.39134631624589,22.000000000000019,30.00000000000002,0.0,19.068485124829189,41.37551939245462,16.000000000000015,30.00000000000002,0.0,18.983711303110306,41.50284441225463,22.000000000000019,30.00000000000002,0.0,18.99202198137575,41.15023213907935,16.000000000000015,30.00000000000002,0.0,15.86372162872992,49.66386143175238,12.00000000000001,30.00000000000002,0.0,18.037822560826237,43.41709167379308,16.000000000000015,30.00000000000002,0.0,16.98192498887932,46.486795509404519,10.000000000000007,30.00000000000002,0.0,17.00589035798444,46.32223066665601,12.00000000000001,30.00000000000002,0.0,15.840532827450897,49.89619618235151,12.00000000000001,30.00000000000002,0.0,17.849974950857459,0.0,0.0,0.0,15.382784042324495,0.0,0.0,547.3056776759161,526.5181279968002,535.0735229277519,570.3109873528033,632.3452103434988,625.9938460050989,614.2942324893489,633.8066215011909,629.2565952293077,0.0,82.92975609683224,82.92975609683224,60.00000000000004,0.0,60.00000000000004,60.00000000000004,16.0,16.0,16.0,12.0,12.0,12.0,21.0,10.0,0.0,0.0,0.0,0.0,0.0,0.0,0.0,0.0,0.0,0.0,0.0,0.0,0.0,82.92975609683224,82.92975609683224,0.0,0.0,0.0,82.92975609683224,0.0,0.0,0.0022633333333333339 
 03/09  10:00:00,11.77,69.0,4.3,83.0,736.5,0.0,0.0,0.0,0.0,0.0,0.0,0.0,0.0,0.0,0.0,347.0,0.0,867.4317435944008,57.46170980933363,147.24530433686275,26.009909378633496,692.2922836827086,0.0,57.4617098093336,78.55451375475225,0.0,0.0,18.88605637280271,-32.42098141947554,19.35207611432703,-246.83655903697855,18.913353306476816,-92.31629968551442,18.84581299292238,-38.37987458419161,15.828079057989124,10.975909614900445,18.339033161770364,-151.32708986493254,16.8359921097101,40.201645260543958,16.693009634669175,-6.563043693336795,16.11170052582201,-130.34455575422727,244.04489161640277,468.7334781869313,0.0,0.0,0.0,0.0,0.0,0.0,0.0,0.0,0.0,0.0,0.0,0.0,0.0,0.0,0.0,0.0,0.0,0.0,0.0,0.0,0.0,0.0,0.37188129694775065,0.1135168794101803,119.95966167062928,143.28390281583808,1717.3316856807299,0.053945476474973119,0.008233436580429353,104.59548492688532,124.8591903418673,1527.9308404366648,0.3771526162315731,0.07126844599991936,41.7895448354432,49.91090352120237,603.6564696039129,0.075624861883096,0.014290412298393042,49.324636822964098,58.91289402420417,706.9589786575232,0.0,0.0,7.7659352707719029,9.37140206366133,65.74933914412857,0.0,0.0,62.76301989305084,75.17191794051269,803.2073058006683,0.0,0.0,243.5847965356896,292.8481394364211,2584.199075329461,0.0,0.0,11.517050200244244,13.854273620098568,118.47622994214561,0.0,0.0,154.78067231605565,186.78880194764253,1303.8290691598323,27.650300579558289,18.96454086389458,109.53422764334157,131.2707668306826,1686.303583252897,0.0,0.0,154.0461520148645,186.13472782402966,1188.5251284553779,0.0,18.827241950338963,41.9671200969202,22.0,30.0,0.0,18.9940170754401,41.60139059630728,16.0,30.0,0.0,18.849693596002159,41.9187003673497,22.0,30.0,0.0,18.847135240931157,41.768025817905229,16.0,30.0,0.0,15.89507402279677,49.68340323228107,12.0,30.0,0.0,18.063268018983544,43.4502477988819,16.0,30.0,0.0,16.963649069333046,46.60458147049214,10.0,30.0,0.0,16.802569153893079,46.97492714760365,12.0,30.0,0.0,15.873867218777681,49.86023768024938,12.0,30.0,0.0,17.83705902743824,0.0,0.0,0.0,15.508936113426798,0.0,0.0,537.6352351254187,532.6084524575852,539.0572988764227,551.4342249936689,623.7931730446038,611.1045073040936,606.4947091022226,624.059727944351,617.7908903117075,0.0,82.92975609683218,82.92975609683218,60.0,0.0,60.0,60.0,16.0,16.0,16.0,12.0,12.0,12.0,21.0,10.0,0.0,0.0,0.0,0.0,0.0,0.0,0.0,0.0,0.0,0.0,0.0,0.0,0.0,82.92975609683218,82.92975609683218,0.0,0.0,0.0,82.92975609683218,0.0,0.0,0.0022466666666666665 
 03/09  10:10:00,12.046666666666667,68.0,4.336666666666667,84.33333333333334,747.6666666666666,0.0,0.0,0.0,0.0,0.0,0.0,0.0,0.0,0.0,0.0,347.0,0.0,983.74790205732,58.84622070981393,150.79315685896433,29.497605895702035,785.123112848464,0.0,58.8462207098139,80.44724512206214,0.0,0.0,18.800369625648047,-15.368465368429498,19.40242490660713,-288.2856508079776,18.872623987696885,-21.29999895222923,18.78821601637233,-43.41184893402226,15.851082475993998,10.82854101968718,18.430053034091047,-161.78025171612354,16.82548152863307,42.65399889789296,16.59987205901472,-4.198909693824987,16.136594201006408,-99.74067235833718,204.45193460792735,407.2137124787605,0.0,0.0,0.0,0.0,0.0,0.0,0.0,0.0,0.0,0.0,0.0,0.0,0.0,0.0,0.0,0.0,0.0,0.0,0.0,0.0,0.0,0.0,0.3064750006307156,0.09355158749411344,139.3643027863781,166.50223328359139,1898.0526114790019,0.03074082835375366,0.004691823619315272,124.80416007591326,148.99810516191415,1745.920609232326,0.32120888463514349,0.06069706814723046,6.425830838765169,7.674794979709547,92.90376656856363,0.06565623201350453,0.01240669539181869,9.514409531096625,11.367425948924979,130.30151680077715,0.0,0.0,7.662289021795877,9.245507965597252,61.02100204009386,0.0,0.0,63.62649286746649,76.19351830528801,785.6492594235846,0.0,0.0,240.30774662558279,288.91787882018209,2411.6546318253497,0.0,0.0,8.73369913838283,10.51041596105213,82.9637111475512,0.0,0.0,150.81512822012403,181.97266260280689,1201.3399966523792,27.327755337994625,18.743316418377665,95.1349361764678,114.03749446125927,1420.4883327234264,0.0,0.0,149.64632308590613,180.73291245693728,1113.6232319914582,0.0,18.764777604157627,42.126998260604597,22.0,30.0,0.0,18.965532130601255,41.793744726132917,16.0,30.0,0.0,18.855986153229435,41.838250279711179,22.0,30.0,0.0,18.770821963826575,41.89013894035372,16.0,30.0,0.0,15.925893787014033,49.652669479631558,12.0,30.0,0.0,18.11905509141787,43.31567051936017,16.0,30.0,0.0,16.95822795479142,46.70140661191755,10.0,30.0,0.0,16.690257096984149,47.33669257617203,12.0,30.0,0.0,15.926793267610469,49.772764034504358,12.0,30.0,0.0,17.77059115764137,0.0,0.0,0.0,15.653455985628615,0.0,0.0,542.2442511845615,529.4247418486273,548.973352411754,563.9158134605552,618.3189961587514,608.101701527136,597.992445584499,619.6950124965132,609.1935284376244,0.0,82.92975609683218,82.92975609683218,60.0,0.0,60.0,60.0,16.0,16.0,16.0,12.0,12.0,12.0,21.0,10.0,0.0,0.0,0.0,0.0,0.0,0.0,0.0,0.0,0.0,0.0,0.0,0.0,0.0,82.92975609683218,82.92975609683218,0.0,0.0,0.0,82.92975609683218,0.0,0.0,0.0022299999999999999 
 03/09  10:20:00,12.323333333333335,67.0,4.373333333333333,85.66666666666666,758.8333333333334,0.0,0.0,0.0,0.0,0.0,0.0,0.0,0.0,0.0,0.0,694.0,0.0,1101.7563804420855,60.20384834275808,154.2721194482641,33.036045285039069,879.3045588781222,0.0,60.20384834275805,82.3032250245018,0.0,0.0,18.740136893903743,-0.47437839284657459,19.478282454238987,-305.0242478384548,18.763688284631024,-117.90322317260802,18.74956902018286,-44.883543907246238,15.87394269513213,11.186584919181329,18.533501216885175,-170.0928114297974,16.83393713371034,58.78201584129965,16.52791673841653,-9.468383636483495,16.172942576834804,-52.18099389174722,259.67476854007466,350.70753713558408,0.0,0.0,0.0,0.0,0.0,0.0,0.0,0.0,0.0,0.0,0.0,0.0,0.0,0.0,0.0,0.0,0.0,0.0,0.0,0.0,0.0,0.0,0.2485850565177311,0.0758806643827018,175.0023006812992,209.58915162129669,2273.580472841035,0.0034245953677145134,0.0005226793906768183,145.94177455036803,174.5964746560972,1961.333156106178,0.2737132912657303,0.05172208829662328,105.94152020543526,126.91508050747685,1371.279613162396,0.05880719711355421,0.011112471109893083,62.41827747315314,74.83494752501449,810.4343289103346,0.0,0.0,7.594277515526551,9.183268690421134,56.60211550770209,0.0,0.0,65.52694963837665,78.62846709730191,780.2529580763206,0.0,0.0,234.69381305088377,282.78016091749898,2236.5797243379449,0.0,0.0,7.6166536585093269,9.186856824338902,66.7822233554183,0.0,0.0,143.0355819577012,172.94092228990915,1077.87178329633,27.06752787664201,18.56483393459672,181.66695533749087,218.15668446712562,2414.1684913573619,0.0,0.0,144.42405591424339,174.72812777484425,1036.9230141083627,0.0,18.737968844208955,42.39873930226817,22.0,30.0,0.0,18.97258887919407,41.87636563896686,16.0,30.0,0.0,18.707800476697178,42.474840081357417,22.0,30.0,0.0,18.726857223600655,42.141239212892568,16.0,30.0,0.0,15.953963805499683,49.62032765795696,12.0,30.0,0.0,18.181229684989029,43.22286391920712,16.0,30.0,0.0,16.988149167644126,46.675486530037847,10.0,30.0,0.0,16.610869237298656,47.603847682620429,12.0,30.0,0.0,15.995199712291658,49.60096455982317,12.0,30.0,0.0,18.026104826601839,0.0,0.0,0.0,15.804823756364675,0.0,0.0,532.1575615504673,525.2005142398692,532.6891450691687,554.9068172270655,613.2911681776457,599.4782541177324,592.3555257181997,616.0726743591833,603.7084450935569,0.0,82.92975609683218,82.92975609683218,60.0,0.0,60.0,60.0,16.0,16.0,16.0,12.0,12.0,12.0,21.0,10.0,0.0,0.0,0.0,0.0,0.0,0.0,0.0,0.0,0.0,0.0,0.0,0.0,0.0,82.92975609683218,82.92975609683218,0.0,0.0,0.0,82.92975609683218,0.0,0.0,0.0022133333333333338 
 03/09  10:30:00,12.6,66.0,4.41,87.0,770.0,0.0,0.0,0.0,0.0,0.0,0.0,0.0,0.0,0.0,0.0,347.0,0.0,1220.4303792390024,61.533146433647377,157.6784857311224,36.59443944881299,974.0171438713877,0.0,61.53314643364734,84.12047629515522,0.0,0.0,18.692224444383866,16.024807703244734,19.577432091675598,-347.1875157304903,18.735431062059904,-21.8743229206666,18.702715769956244,-37.307625371510997,15.908142165575982,11.033261678428602,18.673987117683696,-181.31800170958514,16.856258023303995,63.79087688813706,16.438140360979167,-13.65216012961099,16.227453372739455,-51.87667221661286,210.40903621889539,305.8614589134886,0.0,0.0,0.0,0.0,0.0,0.0,0.0,0.0,0.0,0.0,0.0,0.0,0.0,0.0,0.0,0.0,0.0,0.0,0.0,0.0,0.0,0.0,0.1869839279702211,0.05707690108981108,171.63348614626046,205.09154387969336,2128.2278669460708,0.0,0.0,159.89817413061963,190.8658456451947,2070.9972514154,0.23878058614824658,0.045121048024989927,67.42524063899769,80.56621026433439,838.6684682637593,0.05655706000398747,0.010687275133028619,10.972656840929492,13.11501901836684,135.3210569829582,0.0,0.0,7.554977857091312,9.113925213358377,52.79460310112942,0.0,0.0,66.32504138760183,79.37777104594388,768.5727147769883,0.0,0.0,233.04275661623647,280.11324473696598,2113.826593016337,0.0,0.0,10.685683153957003,12.868921672514654,85.17154420876669,0.0,0.0,137.79484448202349,166.1750652704234,987.1685940476881,26.796470923996084,18.378923816183876,131.45387320244937,157.49016849268927,1709.9272687688804,0.0,0.0,143.12647152465437,172.66753929698008,998.1168822297228,0.0,18.721749386336627,42.377527797081,22.0,30.0,0.0,19.007645523949639,42.0025827545083,16.0,30.0,0.0,18.725898601828808,42.46389162950332,22.0,30.0,0.0,18.662706549495487,42.28231592803704,16.0,30.0,0.0,16.001986891473565,49.56015771299801,12.0,30.0,0.0,18.3005830357344,42.97933545023256,16.0,30.0,0.0,17.038089735289295,46.64474597994793,10.0,30.0,0.0,16.48993404004524,48.04332086211861,12.0,30.0,0.0,16.089253594960977,49.389581988559267,12.0,30.0,0.0,17.93516224983787,0.0,0.0,0.0,15.98142122710693,0.0,0.0,540.206186487174,513.8344082963359,532.2007974776796,561.2755540719776,605.1579297605234,591.561831552711,583.1239883320202,607.2501417578877,595.3062357266391,0.0,82.92975609683218,82.92975609683218,60.0,0.0,60.0,60.0,16.0,16.0,16.0,12.0,12.0,12.0,21.0,10.0,0.0,0.0,0.0,0.0,0.0,0.0,0.0,0.0,0.0,0.0,0.0,0.0,0.0,82.92975609683218,82.92975609683218,0.0,0.0,0.0,82.92975609683218,0.0,0.0,0.0021966666666666668 
 03/09  10:40:00,12.876666666666667,65.0,4.446666666666666,87.66666666666666,776.8333333333334,0.0,0.0,0.0,0.0,0.0,0.0,0.0,0.0,0.0,0.0,347.0,0.0,1331.5187698368853,62.42930238308858,159.9749258481614,39.925379661861068,1062.6757011761893,0.0,62.429302383088558,85.34558941988419,0.0,0.0,18.660587975620517,29.333810973304936,19.67914177039021,-386.2967830329517,18.631250401306077,-117.97933825234714,18.682842671583857,-22.44152540418827,15.941104009290904,11.381350740120695,18.817900194759376,-194.41068159551242,16.87756321273526,72.35799598372978,16.37346683438264,-11.294991710606098,16.275137906876418,-26.755564201441304,247.68097629578097,263.5291228591841,0.0,0.0,0.0,0.0,0.0,0.0,0.0,0.0,0.0,0.0,0.0,0.0,0.0,0.0,0.0,0.0,0.0,0.0,0.0,0.0,0.0,0.0,0.06528394857927154,0.01992794523176787,181.74855596786944,217.16523300464929,2152.9820990891059,0.0,0.0,171.4025660115756,204.58063901929058,2135.464466674093,0.2168851666845856,0.04098359158816812,83.8435955841073,100.2344693971871,969.83656790569,0.05356385947093036,0.010121666566691298,91.69580740126905,109.60155456858996,1071.4512362861138,0.0,0.0,7.528304657499506,9.080526803617503,49.01799760352194,0.0,0.0,68.22634483792928,81.62181107848862,768.0303834911421,0.0,0.0,233.1943545980975,280.26083462569337,2004.965332693759,0.0,0.0,13.322149328934842,16.048561729597375,96.62611845556154,0.0,0.0,134.0864831380272,161.6613672701766,906.5180445416387,26.59958920090627,18.243888340813635,217.7772285048065,260.75232736626347,2601.294313514512,0.0,0.0,142.30810158633867,171.57584601998387,963.5881288163378,0.0,18.72899696889713,42.66372332034632,22.0,30.0,0.0,19.04069790501085,41.93058428844184,16.0,30.0,0.0,18.575514082409474,43.0815949737854,22.0,30.0,0.0,18.646485440170179,42.615287705789707,16.0,30.0,0.0,16.04540091583459,49.50149348429706,12.0,30.0,0.0,18.41588323699979,42.76188150623439,16.0,30.0,0.0,17.08286940534,46.50853693260976,10.0,30.0,0.0,16.413413490590086,48.349739103448978,12.0,30.0,0.0,16.169071550581699,49.19908379582941,12.0,30.0,0.0,18.1361365488025,0.0,0.0,0.0,16.16082686768086,0.0,0.0,520.5929243654375,516.311847869379,522.8065365945233,538.063147688069,598.6379725920696,583.5571586596891,582.7839185189423,599.7143201052985,590.6135670714245,0.0,82.92975609683218,82.92975609683218,60.0,0.0,60.0,60.0,16.0,16.0,16.0,12.0,12.0,12.0,21.0,10.0,0.0,0.0,0.0,0.0,0.0,0.0,0.0,0.0,0.0,0.0,0.0,0.0,0.0,82.92975609683218,82.92975609683218,0.0,0.0,0.0,82.92975609683218,0.0,0.0,0.00218 
 03/09  10:50:00,13.153333333333333,64.0,4.483333333333333,88.33333333333333,783.6666666666666,0.0,0.0,0.0,0.0,0.0,0.0,0.0,0.0,0.0,0.0,347.0,0.0,1440.894538563724,63.29065948948313,162.1821910604053,43.204967103244019,1149.9674262680667,0.0,63.2906594894831,86.52312988790266,0.0,0.0,18.641972283610686,43.80837835483271,19.816005984949745,-384.5930225664524,18.623827444059239,-0.38947183950403999,18.64143711252301,-60.57367219609728,15.977122681875225,11.879074744876022,18.972282647185709,-209.6943692376899,16.909342466877015,84.17849574419688,16.32215476508732,-6.181611885183372,16.32921746194284,-3.1653997740359047,205.21789954944053,222.58949829509494,0.0,0.0,0.0,0.0,0.0,0.0,0.0,0.0,0.0,0.0,0.0,0.0,0.0,0.0,0.0,0.0,0.0,0.0,0.0,0.0,0.0,0.0,0.0,0.0,198.15651105491157,236.75864953964729,2244.4032307053705,0.0,0.0,188.84490363069976,225.34475641990168,2282.488473467156,0.22209863805904687,0.04196875246769595,160.06744609635437,191.3354785238005,1776.1269018796007,0.04499941532576223,0.008503290877884018,42.06522310876659,50.29206837074628,462.6820287136398,0.0,0.0,7.552513718505969,9.10842597883339,45.62686868130458,0.0,0.0,70.36175741782982,84.14265277366265,770.1451688291464,0.0,0.0,232.84518975265426,279.783181125981,1899.81472826313,0.0,0.0,15.470407508904563,18.64030333993445,101.741328924038,0.0,0.0,129.51620526472107,156.1062321361857,825.3676085416425,26.34403200504561,18.068609056958587,192.03555292595264,229.96481271311056,2176.219239579713,0.0,0.0,140.24399152961466,168.98869328102979,920.5952354428707,0.0,18.75112439796769,42.625118816455799,22.0,30.0,0.0,19.13492233811186,41.45620075605932,16.0,30.0,0.0,18.627331264943096,42.84105601622339,22.0,30.0,0.0,18.580345842029293,42.817974508396989,16.0,30.0,0.0,16.09223474763466,49.41333698951877,12.0,30.0,0.0,18.540788480296226,42.445739796352849,16.0,30.0,0.0,17.144542183680874,46.454300624788697,10.0,30.0,0.0,16.357460613663286,48.61581949533233,12.0,30.0,0.0,16.256397320056327,49.01390018564119,12.0,30.0,0.0,18.07635927480775,0.0,0.0,0.0,16.337955490827036,0.0,0.0,522.1830643007154,535.0341052912067,527.6319831383531,541.4622895266917,593.5620422427298,581.6304053024529,574.0951083441718,591.4006738759839,583.8661004851946,0.0,82.92975609683218,82.92975609683218,60.0,0.0,60.0,60.0,16.0,16.0,16.0,12.0,12.0,12.0,21.0,10.0,0.0,0.0,0.0,0.0,0.0,0.0,0.0,0.0,0.0,0.0,0.0,0.0,0.0,82.92975609683218,82.92975609683218,0.0,0.0,0.0,82.92975609683218,0.0,0.0,0.00214 
 03/09  11:00:00,13.43,63.0,4.52,89.0,790.5,0.0,0.0,0.0,0.0,0.0,0.0,0.0,0.0,0.0,0.0,347.0,0.0,1548.242096107199,64.1163919953596,164.29816514549277,46.42373895475123,1235.6404503943414,0.0,64.11639199535958,87.65196882614259,0.0,0.0,18.645996674310955,68.49380879631463,19.935050798019956,-459.7466543460105,18.60932995669159,-0.33134106490342676,18.630477778752174,-23.516677682652245,16.016140660725687,12.433122480900949,19.137617281730173,-223.20199078648285,16.945209695595044,94.21287510397724,16.283511621103885,0.5578321457116999,16.387132614045613,17.561406822760547,191.7132040489887,186.73883425136865,0.0,0.0,0.0,0.0,0.0,0.0,0.0,0.0,0.0,0.0,0.0,0.0,0.0,0.0,0.0,0.0,0.0,0.0,0.0,0.0,0.0,0.0,0.0,0.0,213.28313073715195,254.80087541942235,2320.661663621981,0.0,0.0,205.32867224091783,244.96512285379277,2384.308276929205,0.2000083644147893,0.03779447551299875,126.0609190785472,150.67939191727556,1332.6112247796205,0.05113637003962274,0.00966295730151601,85.76577160541796,102.54053847211763,894.819941826608,0.0,0.0,7.549784881719571,9.103710130612069,42.112508144542008,0.0,0.0,71.99622234668967,86.05767806386524,767.3448923255826,0.0,0.0,232.77213019418122,279.6384426465717,1798.6805488649439,0.0,0.0,17.195365452802215,20.721770531499926,102.10661680332558,0.0,0.0,126.2647285807363,152.143871566233,756.4006378642162,26.152631500467217,17.93733299071826,177.50414770394344,212.55412344408973,1926.3501690570298,0.0,0.0,139.31444790505697,167.7626981180755,887.8779351101072,0.0,18.80828940065346,42.272127071064819,22.0,30.0,0.0,19.17726006057882,41.737337868578268,16.0,30.0,0.0,18.64396673785635,42.87535380139315,22.0,30.0,0.0,18.579911427919347,42.909236352626049,16.0,30.0,0.0,16.14225723494904,49.329640093482257,12.0,30.0,0.0,18.67774194977238,42.17707090453299,16.0,30.0,0.0,17.20952496459953,46.31341763645473,10.0,30.0,0.0,16.320509510145827,48.782859773907748,12.0,30.0,0.0,16.346545730977355,48.751269790804148,12.0,30.0,0.0,18.103447272240737,0.0,0.0,0.0,16.522818807963497,0.0,0.0,538.3131169565447,510.5426337713899,525.3484706850748,533.0782633450646,587.9250110877955,574.4298026261445,570.6108134368799,586.4717843698899,582.0774789603145,0.0,82.92975609683218,82.92975609683218,60.0,0.0,60.0,60.0,16.0,16.0,16.0,12.0,12.0,12.0,21.0,10.0,0.0,0.0,0.0,0.0,0.0,0.0,0.0,0.0,0.0,0.0,0.0,0.0,0.0,82.92975609683218,82.92975609683218,0.0,0.0,0.0,82.92975609683218,0.0,0.0,0.0021 
 03/09  11:10:00,13.666666666666666,62.0,4.5216666666666669,89.66666666666666,797.3333333333334,0.0,0.0,0.0,0.0,0.0,0.0,0.0,0.0,0.0,0.0,347.0,0.0,1653.3547905596393,64.90562461755845,166.32060498216178,49.575498830052477,1319.529846549304,0.0,64.9056246175584,88.7309096561655,0.0,0.0,18.644154700024666,77.60801011112744,20.064483025588375,-491.3290906822094,18.596682191255188,11.375119985488709,18.62695403928097,-18.650407026864288,16.058221765171134,13.107164066597364,19.310811108583324,-239.76852965043964,16.988969446948233,106.4475839869483,16.256663935168907,8.769849000046861,16.44833563631914,37.83119090578839,185.39791116141078,152.28417695955705,0.0,0.0,0.0,0.0,0.0,0.0,0.0,0.0,0.0,0.0,0.0,0.0,0.0,0.0,0.0,0.0,0.0,0.0,0.0,0.0,0.0,0.0,0.0,0.0,219.82126889274049,262.54925522581888,2301.5089043603145,0.0,0.0,212.635102076921,253.62185901872065,2394.135684232156,0.18438795843335863,0.03484277370244873,135.64575932203025,162.12746664642365,1372.677160268265,0.05158345791680169,0.009747441027362372,96.14607993465026,114.94286903287191,957.6782068353358,0.0,0.0,7.589522991807368,9.149460887618073,39.48493481008988,0.0,0.0,73.96964170569916,88.3682724798913,774.0677949100638,0.0,0.0,233.08758373721913,279.9329464264964,1724.8001807906417,0.0,0.0,19.392968379345019,23.37027157186232,105.0309603659891,0.0,0.0,123.66592697433662,148.95566363787905,704.3198878784997,25.899219925790953,17.763525326331249,185.05711153864588,221.5511493095966,1915.6745970584867,0.0,0.0,138.20876751606384,166.31673710401237,865.6620102035769,0.0,18.842549685895205,42.552507725295509,22.0,30.0,0.0,19.24066526721243,41.4838098570707,16.0,30.0,0.0,18.659380817956465,42.6488741343106,22.0,30.0,0.0,18.583671383151907,42.98730563000164,16.0,30.0,0.0,16.19550149647788,49.231704546718479,12.0,30.0,0.0,18.821509212582347,41.86114886503643,16.0,30.0,0.0,17.286241695982299,46.076676668921788,10.0,30.0,0.0,16.301061720157926,48.940448510511867,12.0,30.0,0.0,16.439409453672274,48.572295517732687,12.0,30.0,0.0,18.154624470371048,0.0,0.0,0.0,16.707703533974227,0.0,0.0,515.2545753046303,518.5668598878835,539.8928388111025,529.2925052544437,582.6093325485764,569.6295873701656,571.0580846584537,579.2203311176722,574.6989463722525,0.0,82.92975609683218,82.92975609683218,60.0,0.0,60.0,60.0,16.0,16.0,16.0,12.0,12.0,12.0,21.0,10.0,0.0,0.0,0.0,0.0,0.0,0.0,0.0,0.0,0.0,0.0,0.0,0.0,0.0,82.92975609683218,82.92975609683218,0.0,0.0,0.0,82.92975609683218,0.0,0.0,0.0020599999999999999 
 03/09  11:20:00,13.903333333333335,61.00000000000001,4.523333333333333,90.33333333333334,804.1666666666667,0.0,0.0,0.0,0.0,0.0,0.0,0.0,0.0,0.0,0.0,347.0,0.0,1756.0845672785748,65.65743861739856,168.2471561054022,52.655807352220538,1401.517453568363,0.0,65.65743861739851,89.75869639254037,0.0,0.0,18.647232254513264,90.62914836997516,20.211721232242394,-512.8878161956754,18.586046422264855,20.944216167539709,18.626376709158298,-15.44725870449247,16.103432529227015,13.90461155246905,19.491539467344866,-256.15888390175089,17.03664103858128,117.45413738457865,16.24059603048445,17.81095898154183,16.512099387928595,56.6152139510732,173.63059407567745,120.72398850748414,0.0,0.0,0.0,0.0,0.0,0.0,0.0,0.0,0.0,0.0,0.0,0.0,0.0,0.0,0.0,0.0,0.0,0.0,0.0,0.0,0.0,0.0,0.0,0.0,221.02033927771877,263.94162066752048,2224.7589621834706,0.0,0.0,214.4614412474652,255.7102711911473,2351.1320676229586,0.18500311982470933,0.034959017351607977,152.85257803567107,182.66291015338079,1477.8426890472934,0.05185247518525983,0.00979827573417608,95.3073303101365,113.93708051265641,904.6762389156118,0.0,0.0,7.644365992931142,9.213327780791154,36.95180441678413,0.0,0.0,75.76376286251116,90.46115745773412,779.3067729986702,0.0,0.0,233.31446041914433,280.1086592092602,1651.605899861655,0.0,0.0,21.262862141406744,25.62264872083615,104.71454270968236,0.0,0.0,121.4324029310113,146.21066572426109,656.0837104865752,25.641513579142594,17.58677200215542,187.10079878944448,223.96016453800977,1844.8200318223972,0.0,0.0,136.9788801912366,164.72357433452204,843.7679661043802,0.0,18.880196156161128,42.36901509599289,22.0,30.0,0.0,19.332431442038027,41.238453475604959,16.0,30.0,0.0,18.67440635975057,42.9625341636297,22.0,30.0,0.0,18.589195695344207,42.82276613966156,16.0,30.0,0.0,16.251986748714889,49.10262303742998,12.0,30.0,0.0,18.97263759395388,41.46937935536007,16.0,30.0,0.0,17.366085573961145,45.99879173442568,10.0,30.0,0.0,16.29692727426148,49.02823892796936,12.0,30.0,0.0,16.53354967933865,48.33092480359334,12.0,30.0,0.0,18.18999046470733,0.0,0.0,0.0,16.89557788712301,0.0,0.0,522.5971674387779,518.7503261046676,518.0643559887841,541.1884107434946,578.8102664274593,569.1897707336033,561.2272608346614,573.80764198896,571.190099240094,0.0,82.92975609683218,82.92975609683218,60.0,0.0,60.0,60.0,16.0,16.0,16.0,12.0,12.0,12.0,21.0,10.0,0.0,0.0,0.0,0.0,0.0,0.0,0.0,0.0,0.0,0.0,0.0,0.0,0.0,82.92975609683218,82.92975609683218,0.0,0.0,0.0,82.92975609683218,0.0,0.0,0.0020466666666666669 
 03/09  11:30:00,14.14,60.0,4.525,91.0,811.0,0.0,0.0,0.0,0.0,0.0,0.0,0.0,0.0,0.0,0.0,347.0,0.0,1856.3035090956419,66.37087408648091,170.07535856437753,55.66082895724243,1481.5011817964185,0.0,66.37087408648088,90.73401676771054,0.0,0.0,18.669716569531553,112.18852209439501,20.35376901824155,-565.9568283258941,18.576670134158353,28.731938648623328,18.630539509861188,-9.749968487682964,16.151594914986246,14.596281418505754,19.67948401304095,-272.3096100515204,17.08532178924216,126.70570688263251,16.23412788510592,27.354819148574394,16.578496553074304,75.0688200683353,169.80622604564815,90.92683786774342,0.0,0.0,0.0,0.0,0.0,0.0,0.0,0.0,0.0,0.0,0.0,0.0,0.0,0.0,0.0,0.0,0.0,0.0,0.0,0.0,0.0,0.0,0.0,0.0,235.02614658516769,280.5891289033481,2285.651377870291,0.0,0.0,229.66125217602406,273.7525941520409,2441.1000290272666,0.15371717750272247,0.029047085695903725,154.53223853115055,184.6575475397727,1423.6262071899378,0.053596860314712588,0.01012790255380056,115.77809157123849,138.38890345302964,1046.0944705389018,0.0,0.0,7.641299582769708,9.207255237665125,34.16409571287652,0.0,0.0,77.44379449595835,92.41087198523587,783.9214167686673,0.0,0.0,233.8601323957009,280.67748183344727,1579.3875858695424,0.0,0.0,22.75102624443737,27.413889963525706,101.47342200800799,0.0,0.0,120.46421188400243,144.99073028006456,616.0907095582633,25.387325074893228,17.412431464261478,202.5464091949505,242.38669520490658,1896.1912921913727,0.0,0.0,136.86631785409487,164.46976903434104,829.2976182602558,0.0,18.949602882313824,42.19007317531894,22.0,30.0,0.0,19.405194178756117,41.08329835458359,16.0,30.0,0.0,18.68730294122814,42.853963891953217,22.0,30.0,0.0,18.60084740146025,43.1054676787933,16.0,30.0,0.0,16.311259354170937,48.98949780609476,12.0,30.0,0.0,19.131257990756017,41.17588992051478,16.0,30.0,0.0,17.443645999676727,45.77631817627784,10.0,30.0,0.0,16.30591606795033,49.0223316662234,12.0,30.0,0.0,16.629521018671235,48.04969404094723,12.0,30.0,0.0,18.253696327619275,0.0,0.0,0.0,17.08482830065582,0.0,0.0,521.8482456268838,517.8540931286098,524.5604303552278,521.8650281246208,573.8452165175862,560.8998485942301,560.9835335851922,571.9055005398216,570.0703173666634,0.0,82.92975609683218,82.92975609683218,60.0,0.0,60.0,60.0,16.0,16.0,16.0,12.0,12.0,12.0,21.0,10.0,0.0,0.0,0.0,0.0,0.0,0.0,0.0,0.0,0.0,0.0,0.0,0.0,0.0,82.92975609683218,82.92975609683218,0.0,0.0,0.0,82.92975609683218,0.0,0.0,0.002033333333333333 
 03/09  11:40:00,14.376666666666666,59.0,4.526666666666666,90.83333333333334,813.0,0.0,0.0,0.0,0.0,0.0,0.0,0.0,0.0,0.0,0.0,347.0,0.0,1942.0161181539305,66.55194568405743,170.53937800499944,58.23088134111332,1549.9075180659882,0.0,66.5519456840574,90.98155536949628,0.0,0.0,18.68954193752755,122.6566353838316,20.50439719616086,-588.3859607841405,18.577683945765153,47.3799977123208,18.63437744824899,-8.307286766331345,16.20164278802351,15.425467986114996,19.866327818566317,-291.82528699700017,17.143678032935424,139.18804622433346,16.2359221104668,37.19235357454147,16.646673456186045,92.37974448219257,158.88806034510254,61.71726187863442,0.0,0.0,0.0,0.0,0.0,0.0,0.0,0.0,0.0,0.0,0.0,0.0,0.0,0.0,0.0,0.0,0.0,0.0,0.0,0.0,0.0,0.0,0.0,0.0,237.42806467050316,283.3898440030565,2221.4571505035339,0.0,0.0,232.63988727802588,277.2014934665362,2406.053230314456,0.16161317478679275,0.030539148674752986,171.75365347421457,205.20666742544194,1510.099790621323,0.05210410454519356,0.00984582474398971,106.93694973890125,127.8142302539843,916.6294825955387,0.0,0.0,7.712878959047116,9.29107030361013,31.712344532362189,0.0,0.0,79.56507832118955,94.8867058130245,792.2856324327723,0.0,0.0,234.48871443892524,281.3272369384973,1515.0822722792903,0.0,0.0,24.03750991391918,28.96027914196945,96.58244771189603,0.0,0.0,118.64526298323628,142.7447465503074,572.7436625273958,25.1398813651737,17.242716985715849,205.7317257035473,246.14698432775649,1829.0302717863966,0.0,0.0,135.74738872908677,163.01449508974879,807.5976841771329,0.0,19.00482956159945,42.075978141576019,22.0,30.0,0.0,19.50163020161825,40.823714044263578,16.0,30.0,0.0,18.717237631109187,42.77998514410012,22.0,30.0,0.0,18.60861911462364,43.02581530398498,16.0,30.0,0.0,16.37218011609448,48.86127257053359,12.0,30.0,0.0,19.289196115033297,40.78905493142168,16.0,30.0,0.0,17.537529060192257,45.550546064867997,10.0,30.0,0.0,16.325935899056323,49.07172745468573,12.0,30.0,0.0,16.7261834117876,47.8795801549534,12.0,30.0,0.0,18.295172668433506,0.0,0.0,0.0,17.26942247756459,0.0,0.0,520.9074428038293,519.7118681155074,523.7019689339354,527.1975545949873,569.6832463527182,559.6705492969127,557.7927200076778,565.0162972421043,562.4107321370016,0.0,82.92975609683218,82.92975609683218,60.0,0.0,60.0,60.0,16.0,16.0,16.0,12.0,12.0,12.0,21.0,10.0,0.0,0.0,0.0,0.0,0.0,0.0,0.0,0.0,0.0,0.0,0.0,0.0,0.0,82.92975609683218,82.92975609683218,0.0,0.0,0.0,82.92975609683218,0.0,0.0,0.00202 
 03/09  11:50:00,14.613333333333334,58.0,4.528333333333333,90.66666666666666,815.0,0.0,0.0,0.0,0.0,0.0,0.0,0.0,0.0,0.0,0.0,347.0,0.0,2024.0013886627576,66.69138056045398,170.89669915757163,60.68917048482114,1615.3390963697523,0.0,66.69138056045395,91.1721734167512,0.0,0.0,18.7224082837695,140.92546811993635,20.64980958413225,-633.6735455624421,18.580846455702596,60.79117057967596,18.6430202568566,-1.1462250004296948,16.25401866105331,16.295768429669069,20.05640926368052,-307.68865481120977,17.20184851633107,148.2500658844965,16.244827632250578,46.93100287795096,16.716658447922457,108.99606997699766,151.27679660138257,36.19455159534573,0.0,0.0,0.0,0.0,0.0,0.0,0.0,0.0,0.0,0.0,0.0,0.0,0.0,0.0,0.0,0.0,0.0,0.0,0.0,0.0,0.0,0.0,0.0,0.0,246.5937132533045,294.24224543543206,2226.405984161573,0.0,0.0,242.7766232431749,289.1788703304632,2434.6816285031998,0.14981049682233769,0.028308861833397156,180.77279720192514,215.95163052028838,1512.6413388951253,0.055122715776194809,0.010416235029515267,120.09775791410093,143.53054556896366,975.6059408564169,0.0,0.0,7.7340848683571,9.314128618658032,29.050706801739424,0.0,0.0,81.12062981753086,96.68320534635729,795.2183287371609,0.0,0.0,235.1778174988039,282.0518852522808,1448.8244320659088,0.0,0.0,25.169960174348878,30.32016070610264,90.4549848681061,0.0,0.0,117.85718735241717,141.7426494502684,535.323735147208,24.893264581965587,17.073569672130039,216.08044168083854,258.4737497890344,1818.986961955369,0.0,0.0,135.61748520168545,162.74460640987713,793.1893821435192,0.0,19.08062268619393,41.86900693387136,22.0,30.0,0.0,19.58422712717053,40.73375643081159,16.0,30.0,0.0,18.74514571647514,42.73936370810662,22.0,30.0,0.0,18.624294972453609,42.9974484842376,16.0,30.0,0.0,16.434965309042587,48.72057954659072,12.0,30.0,0.0,19.4520536138111,40.41847299242008,16.0,30.0,0.0,17.62715888399645,45.3614718382972,10.0,30.0,0.0,16.354776098064727,49.02714745566332,12.0,30.0,0.0,16.82359871006917,47.60802525158829,12.0,30.0,0.0,18.348088960580698,0.0,0.0,0.0,17.458599457889166,0.0,0.0,522.2795242482008,511.8374875874235,522.5199083833305,525.9251567041263,566.019255971994,556.4974289671729,553.5921176829412,562.1729204026082,560.8389470885105,0.0,82.92975609683218,82.92975609683218,60.0,0.0,60.0,60.0,16.0,16.0,16.0,12.0,12.0,12.0,21.0,10.0,0.0,0.0,0.0,0.0,0.0,0.0,0.0,0.0,0.0,0.0,0.0,0.0,0.0,82.92975609683218,82.92975609683218,0.0,0.0,0.0,82.92975609683218,0.0,0.0,0.002 
 03/09  12:00:00,14.85,57.0,4.53,90.5,817.0,0.0,0.0,0.0,0.0,0.0,0.0,0.0,0.0,0.0,0.0,347.0,0.0,2102.1635369694665,66.78880456828091,171.14636320189519,63.03282435300496,1677.7194726957478,0.0,66.78880456828088,91.30535942162781,0.0,0.0,18.75503587144832,152.26132868742026,20.79874599633681,-664.8042070544652,18.592153015460747,79.8578840907985,18.654864174957983,3.9311872366279205,16.308781267411669,17.196238648881037,20.247855696617113,-325.78161519316748,17.265068425066845,158.95026168850382,16.260294478869068,56.92897000433493,16.7889451637309,125.8502299616298,140.6316650140725,11.26751443201556,0.0,0.0,0.0,0.0,0.0,0.0,0.0,0.0,0.0,0.0,0.0,0.0,0.0,0.0,0.0,0.0,0.0,0.0,0.0,0.0,0.0,0.0,0.0,0.0,250.66322454084136,299.00880288993849,2177.1085830892354,0.0,0.0,247.52509631371579,294.73398636096916,2408.83912728189,0.14838925717731173,0.028040298030482196,193.1907254333184,230.74542618178547,1539.3463873072875,0.05791498162911621,0.010943874079576,127.2987193977061,152.11942457749613,977.8701609983665,0.0,0.0,7.787689510546616,9.376110341290302,26.516804247181445,0.0,0.0,82.81497933993889,98.64216972205084,799.1387513519726,0.0,0.0,236.41030166517138,283.4235820490679,1388.4992793940899,0.0,0.0,26.177995262503445,31.528909539331325,83.40165383322831,0.0,0.0,117.29637491193617,141.01301215929889,499.78925482934326,24.65503597317561,16.910175564592334,221.0242590274198,264.33770441225189,1758.0099816789328,0.0,0.0,135.64336405432688,162.66425909724053,778.1931728136577,0.0,19.14848181095333,41.81141152633296,22.0,30.0,0.0,19.675386995681074,40.464820007777579,16.0,30.0,0.0,18.785264996391324,42.6273249040459,22.0,30.0,0.0,18.64308264684071,42.98415303124881,16.0,30.0,0.0,16.499729204985117,48.578325311455078,12.0,30.0,0.0,19.615607960960238,40.06976236166834,16.0,30.0,0.0,17.723349518608509,45.11056935772523,10.0,30.0,0.0,16.391647702148128,48.95832633674683,12.0,30.0,0.0,16.92288418638,47.35490009727145,12.0,30.0,0.0,18.391425668686887,0.0,0.0,0.0,17.642168287880219,0.0,0.0,514.5853351111916,514.5463466313673,523.6023259631833,524.4165593916315,562.2633994697732,552.2562183933709,552.0922111493613,559.1671323189872,557.775181481545,0.0,82.92975609683218,82.92975609683218,60.0,0.0,60.0,60.0,16.0,16.0,16.0,12.0,12.0,12.0,21.0,10.0,0.0,0.0,0.0,0.0,0.0,0.0,0.0,0.0,0.0,0.0,0.0,0.0,0.0,82.92975609683218,82.92975609683218,0.0,0.0,0.0,82.92975609683218,0.0,0.0,0.00198 
 03/09  12:10:00,15.07,56.5,4.535,90.33333333333333,819.0,0.0,0.0,0.0,0.0,0.0,0.0,0.0,0.0,0.0,0.0,347.0,0.0,2176.3898003147508,66.84378310299484,171.28725641215633,65.25846180255106,1736.9586522151429,0.0,66.8437831029948,91.38051924676583,0.0,0.0,18.792237378590657,165.30235530740357,20.94798182810801,-699.3182909890857,18.6072790095891,94.82832946668532,18.670875756943027,11.186931124076182,16.365910249971337,18.120005378752809,20.439748883766748,-342.61823034400507,17.33047656046645,168.72890700014797,16.280594441789476,66.69122754094963,16.862807400458118,141.39423260840614,130.6201274525738,-11.274617904009574,0.0,0.0,0.0,0.0,0.0,0.0,0.0,0.0,0.0,0.0,0.0,0.0,0.0,0.0,0.0,0.0,0.0,0.0,0.0,0.0,0.0,0.0,0.0,0.0,253.89567754194617,302.79231169697376,2128.8202771531034,0.0,0.0,251.40234111141965,299.2570970045514,2380.7491529260025,0.14058234502504267,0.02656506897676544,202.80417836698858,242.18571227570039,1542.980497655299,0.06045241498195049,0.011423358840126696,135.91340806739613,162.39996061333199,990.2793062455119,0.0,0.0,7.833104119329604,9.428522190162769,24.219443471695013,0.0,0.0,84.42179762733287,100.50014419329406,804.2084336980231,0.0,0.0,237.52405630459828,284.6594729356752,1335.554478306355,0.0,0.0,27.071926796087586,32.60046090103301,76.40086638867155,0.0,0.0,116.82167636498576,140.39230444802315,469.03329974503319,24.360532562169767,16.708184199019049,225.154701630631,269.23431753834066,1696.3776850670932,0.0,0.0,135.67613909395119,162.60115737555848,767.2776633553261,0.0,19.220545349093809,41.590479437252998,22.0,30.0,0.0,19.766947241466658,40.23613006695526,16.0,30.0,0.0,18.828247019911577,42.632376187998989,22.0,30.0,0.0,18.667922089174505,42.9179499850395,16.0,30.0,0.0,16.56643928112653,48.42560957087787,12.0,30.0,0.0,19.776884913866249,39.695031995778688,16.0,30.0,0.0,17.82083495499962,44.9022043631835,10.0,30.0,0.0,16.43335526947166,48.895481384829867,12.0,30.0,0.0,17.022665081255498,47.11990220714288,12.0,30.0,0.0,18.435562881356537,0.0,0.0,0.0,17.823579015675806,0.0,0.0,516.9586515316564,514.1008504779946,516.1479183576454,525.1711925080248,559.0227153128607,550.5713077007596,547.8502336409338,555.3078937215883,554.0366049014782,0.0,82.92975609683218,82.92975609683218,60.0,0.0,60.0,60.0,16.0,16.0,16.0,12.0,12.0,12.0,21.0,10.0,0.0,0.0,0.0,0.0,0.0,0.0,0.0,0.0,0.0,0.0,0.0,0.0,0.0,82.92975609683218,82.92975609683218,0.0,0.0,0.0,82.92975609683218,0.0,0.0,0.00196 
 03/09  12:20:00,15.290000000000001,56.00000000000001,4.54,90.16666666666666,821.0,0.0,0.0,0.0,0.0,0.0,0.0,0.0,0.0,0.0,0.0,347.0,0.0,2246.558153116662,66.85582400720301,171.31811759925064,67.36242395133667,1792.959247563247,0.0,66.85582400720299,91.39698007569659,0.0,0.0,18.83443944349567,178.18439668712564,21.09469161087862,-736.7244529891796,18.62566850131246,109.0354351899814,18.691309624997325,18.754644585918869,16.425319690254136,18.99046010453594,20.632272153833829,-359.0574720263453,17.397309236229778,177.75275963400964,16.305587028967076,76.30610841182613,16.93821869705571,156.41366398351057,122.78717899975891,-30.693347297842594,0.0,0.0,0.0,0.0,0.0,0.0,0.0,0.0,0.0,0.0,0.0,0.0,0.0,0.0,0.0,0.0,0.0,0.0,0.0,0.0,0.0,0.0,0.0,0.0,258.7442303862762,308.49334649949079,2094.0761844305136,0.0,0.0,256.94600404470017,305.76199611805739,2363.8656157318735,0.12092390563671035,0.02285032230474497,208.40648756881886,248.8389974060079,1511.5233125508508,0.06234136202173777,0.011780302725196097,146.27733911674017,174.76109204978969,1009.5570761165654,0.0,0.0,7.858508436602905,9.456763946936093,21.86796799873759,0.0,0.0,85.83183847003466,102.12056497096686,807.3637575103206,0.0,0.0,238.47561193974549,285.702797202167,1281.0235196601989,0.0,0.0,27.869213216615714,33.55491993294575,68.78531518052387,0.0,0.0,116.55039447007525,140.01683434056003,439.4423824648117,24.065831480496585,16.506057256856374,230.9621750098298,276.1264255157452,1646.9807605904555,0.0,0.0,135.85981870660494,162.72351017179845,754.3815423300222,0.0,19.29723629281399,41.3974416882993,22.0,30.0,0.0,19.854281416012346,40.058864686837718,16.0,30.0,0.0,18.873470312854307,42.48193680925598,22.0,30.0,0.0,18.698317868141065,42.95054847658691,16.0,30.0,0.0,16.63495723394914,48.27108158577666,12.0,30.0,0.0,19.940046861341025,39.34940349298764,16.0,30.0,0.0,17.91791302059127,44.658235879351149,10.0,30.0,0.0,16.47984473686034,48.792240934121029,12.0,30.0,0.0,17.123064313849516,46.857924174010189,12.0,30.0,0.0,18.487820794794346,0.0,0.0,0.0,17.994611986779064,0.0,0.0,516.2257137149421,513.5670361040329,518.2441261518776,518.0921634278877,555.6621347742263,546.702978445856,546.0307633492013,552.9838096189402,551.8912139670595,0.0,82.92975609683218,82.92975609683218,60.0,0.0,60.0,60.0,16.0,16.0,16.0,12.0,12.0,12.0,21.0,10.0,0.0,0.0,0.0,0.0,0.0,0.0,0.0,0.0,0.0,0.0,0.0,0.0,0.0,82.92975609683218,82.92975609683218,0.0,0.0,0.0,82.92975609683218,0.0,0.0,0.00196 
 03/09  12:30:00,15.510000000000002,55.5,4.545,90.0,823.0,0.0,0.0,0.0,0.0,0.0,0.0,0.0,0.0,0.0,0.0,347.0,0.0,2312.5460950624426,66.8243807072749,171.23754614835739,69.34103768456447,1845.6234925184279,0.0,66.82438070727487,91.3539947008288,0.0,0.0,18.87784061806262,188.67141403111965,21.242733749821246,-767.6349474820436,18.64893208044345,125.05623101298989,18.714181212506604,24.711419495917654,16.48694792257538,19.830348467898319,20.824542898379066,-376.4609493392386,17.467437982939239,187.38921894123997,16.33445275939062,85.36087343882059,17.01407249677808,169.30483013346839,114.27251979303947,-49.51121202358718,0.0,0.0,0.0,0.0,0.0,0.0,0.0,0.0,0.0,0.0,0.0,0.0,0.0,0.0,0.0,0.0,0.0,0.0,0.0,0.0,0.0,0.0,0.0,0.0,261.7780493304524,312.0286329592912,2040.9869110018988,0.0,0.0,260.55408968703275,309.95496388318437,2329.201953703606,0.11154839371682428,0.021078683619959246,216.6539050604613,258.6407655631602,1497.0166823294667,0.06261287654574911,0.011831609324593555,149.2192441962009,178.2569914664829,973.097973842097,0.0,0.0,7.897163733289008,9.500884664342284,19.562643123748879,0.0,0.0,87.34047748934326,103.85709979042126,811.0368923042709,0.0,0.0,239.45751221837967,286.77761282293218,1228.0221050952544,0.0,0.0,28.604202262932505,34.43350793710201,60.67808165680409,0.0,0.0,116.14302556126349,139.4782436401562,409.17935859794468,23.770364678986988,16.30340512962071,234.8287780446239,280.6959061947376,1581.2124374105502,0.0,0.0,135.86147207950808,162.63004456022709,739.8901131234031,0.0,19.371233877082074,41.24844078971452,22.0,30.0,0.0,19.94636883633883,39.87495366779769,16.0,30.0,0.0,18.924642382781209,42.353264460585737,22.0,30.0,0.0,18.73066239178553,42.84061701084096,16.0,30.0,0.0,16.705220268021934,48.10724120508663,12.0,30.0,0.0,20.10279776110822,38.984828569231229,16.0,30.0,0.0,18.01875672007095,44.41255168230967,10.0,30.0,0.0,16.52979981985855,48.70068602144369,12.0,30.0,0.0,17.221993918141818,46.626092966295377,12.0,30.0,0.0,18.538591052618448,0.0,0.0,0.0,18.16351367587604,0.0,0.0,515.5619194260164,512.3644291042709,517.4420364926036,519.7811448482879,552.6143109495932,544.7106228383333,543.6526803844555,549.3547802920142,548.2507156922642,0.0,82.92975609683218,82.92975609683218,60.0,0.0,60.0,60.0,16.0,16.0,16.0,12.0,12.0,12.0,21.0,10.0,0.0,0.0,0.0,0.0,0.0,0.0,0.0,0.0,0.0,0.0,0.0,0.0,0.0,82.92975609683218,82.92975609683218,0.0,0.0,0.0,82.92975609683218,0.0,0.0,0.00196 
 03/09  12:40:00,15.73,55.0,4.55,90.5,816.5,0.0,0.0,0.0,0.0,0.0,0.0,0.0,0.0,0.0,0.0,347.0,0.0,2355.06908728455,66.69768178320506,170.91285277842398,70.61606216903793,1879.56056598843,0.0,66.69768178320502,91.18078766597758,0.0,0.0,18.92603478439115,200.25787064957877,21.380079632157618,-799.8017731308701,18.67494631163904,138.79776019076963,18.740813725745299,32.5638630004496,16.548886955339506,20.69817283179401,21.0078617049086,-392.23255432215958,17.539077153205207,195.71773932293764,16.36691940250281,94.25244207185927,17.090880507795196,182.3641768759735,104.32674928244706,-66.40851699768973,0.0,0.0,0.0,0.0,0.0,0.0,0.0,0.0,0.0,0.0,0.0,0.0,0.0,0.0,0.0,0.0,0.0,0.0,0.0,0.0,0.0,0.0,0.0,0.0,265.81206637467076,316.74823983672766,1996.2701342522803,0.0,0.0,265.2134160707302,315.4002819891687,2298.6084549106515,0.09500330824755078,0.017952250235742787,223.0654773717661,266.244385347838,1465.4610814524752,0.06442567001923486,0.012174162891011875,157.2111032210063,187.77946470714876,967.0444775572764,0.0,0.0,7.924988495442886,9.531976987297297,17.204937632382845,0.0,0.0,88.70447139710245,105.42112709113246,812.3166496499991,0.0,0.0,240.60517772689043,288.0498757214046,1175.2364440750185,0.0,0.0,29.278407929967938,35.23834636517806,52.154022138661108,0.0,0.0,116.12728848522822,139.41081034985806,380.4378597219564,23.47515932242278,16.10093231990589,239.75309750243185,286.52496227151536,1522.8913028537057,0.0,0.0,136.2287772947492,162.9763087077292,726.2388902503524,0.0,19.45020133080863,41.091899910195348,22.0,30.0,0.0,20.032336327815057,39.72952834078616,16.0,30.0,0.0,18.977297329211959,42.2569835068998,22.0,30.0,0.0,18.76815750957213,42.75163827661535,16.0,30.0,0.0,16.77508485968495,47.94113471425425,12.0,30.0,0.0,20.26147082680124,38.6385913279893,16.0,30.0,0.0,18.11927601010687,44.17872849032916,10.0,30.0,0.0,16.583075811381137,48.57863655626668,12.0,30.0,0.0,17.320999963368278,46.371240875097907,12.0,30.0,0.0,18.59650622912902,0.0,0.0,0.0,18.328286131832404,0.0,0.0,514.2378366994724,509.17718680154436,516.6676823144862,518.7824831583714,549.8190446978831,542.2914240040536,541.1873705476539,546.922925199639,546.0842140910927,0.0,82.92975609683218,82.92975609683218,60.0,0.0,60.0,60.0,16.0,16.0,16.0,12.0,12.0,12.0,21.0,10.0,0.0,0.0,0.0,0.0,0.0,0.0,0.0,0.0,0.0,0.0,0.0,0.0,0.0,82.92975609683218,82.92975609683218,0.0,0.0,0.0,82.92975609683218,0.0,0.0,0.00196 
 03/09  12:50:00,15.950000000000001,54.5,4.555,91.0,810.0,0.0,0.0,0.0,0.0,0.0,0.0,0.0,0.0,0.0,0.0,347.0,0.0,2392.2256653642746,66.53062057954455,170.48472687503156,71.73017660481726,1909.214753552402,0.0,66.5306205795445,90.9524023348696,0.0,0.0,18.97405755901358,209.02180074807985,21.515433604111825,-823.7014725736972,18.704655242257979,153.468597041885,18.77040801465354,39.66433694933221,16.611861977849345,21.568842356284337,21.186106394943047,-407.28869606458786,17.61188460908337,203.79221418704948,16.402684341524045,102.88608394457367,17.168649961761458,194.80979264908548,94.47069511605514,-81.74607193018346,0.0,0.0,0.0,0.0,0.0,0.0,0.0,0.0,0.0,0.0,0.0,0.0,0.0,0.0,0.0,0.0,0.0,0.0,0.0,0.0,0.0,0.0,0.0,0.0,267.67822788191247,318.88601634110787,1931.2012267839289,0.0,0.0,267.5737657531756,318.1097810320663,2248.1674529819899,0.07782048154385156,0.014705306414182084,229.48351481707454,273.84891625005357,1431.4263807513895,0.06575377079623711,0.012425126756658557,163.67691598038764,195.4734614030818,947.2829164068618,0.0,0.0,7.958140102463194,9.56945585631846,14.842730464025772,0.0,0.0,89.94557132394896,106.83883217273335,811.3941858169688,0.0,0.0,241.85135949001657,289.4394855346229,1122.4528985913376,0.0,0.0,29.91201382979919,35.99366724844823,43.295648459351877,0.0,0.0,116.2547679090052,139.51520878804636,352.1599690603306,23.181655228058348,15.899626356692974,242.37455469859044,289.6023746548925,1446.7913537432226,0.0,0.0,136.71935538252539,163.4730278060106,711.3227531157497,0.0,19.52462366456462,40.96956759968183,22.0,30.0,0.0,20.121982280788424,39.512805892556468,16.0,30.0,0.0,19.03386774505033,42.1547851066984,22.0,30.0,0.0,18.80873199880417,42.68736575380614,16.0,30.0,0.0,16.84503847209142,47.775579175511079,12.0,30.0,0.0,20.41590314618159,38.31270561446309,16.0,30.0,0.0,18.219927815544414,43.93797645358197,10.0,30.0,0.0,16.63929635960253,48.44607521372596,12.0,30.0,0.0,17.42001660261662,46.1208624752712,12.0,30.0,0.0,18.650264183382224,0.0,0.0,0.0,18.486343427838599,0.0,0.0,511.06183889700739,510.18983071086037,515.2875743539678,517.8281166213473,547.1403866435908,539.7560083580438,539.1411255179468,544.5370646338809,543.7331834419251,0.0,82.92975609683218,82.92975609683218,60.0,0.0,60.0,60.0,16.0,16.0,16.0,12.0,12.0,12.0,21.0,10.0,0.0,0.0,0.0,0.0,0.0,0.0,0.0,0.0,0.0,0.0,0.0,0.0,0.0,82.92975609683218,82.92975609683218,0.0,0.0,0.0,82.92975609683218,0.0,0.0,0.0019633333333333336 
 03/09  13:00:00,16.17,54.0,4.56,91.5,803.5,0.0,0.0,0.0,0.0,0.0,0.0,0.0,0.0,0.0,0.0,347.0,0.0,2424.056191604932,66.3247746037585,169.95721090983066,72.68459126322668,1934.6182682317208,0.0,66.32477460375847,90.67099527980806,0.0,0.0,19.025220535744994,218.70282662938917,21.64621834719665,-849.6713642531267,18.735822283433387,165.55481307286756,18.802917447377057,47.05072924480919,16.675926458652886,22.395951949869244,21.35963322910518,-421.4286286769957,17.685251883871297,211.23412383092183,16.441210635054625,111.01579813835702,17.248119206574527,205.71340898596555,86.14755888090622,-95.17359009943084,0.0,0.0,0.0,0.0,0.0,0.0,0.0,0.0,0.0,0.0,0.0,0.0,0.0,0.0,0.0,0.0,0.0,0.0,0.0,0.0,0.0,0.0,0.0,0.0,269.96140209817755,321.5206609476485,1869.4902764536296,0.0,0.0,270.34397019057567,321.3061979740459,2198.122489328011,0.0523054723491683,0.009883876105285019,234.16615338697006,279.37911421824028,1382.6218114144622,0.06623872385847284,0.012516765657307788,169.44872931379954,202.334091857436,920.1906096696753,0.0,0.0,7.982852932829757,9.596764209007273,12.452655414524103,0.0,0.0,91.1013677474162,108.15539322428865,808.6931933801377,0.0,0.0,242.88714954347169,290.5770264779907,1067.6463647746257,0.0,0.0,30.48216432986686,36.67202482671538,34.078075750510887,0.0,0.0,116.33249552000119,139.55943543987073,323.8106534119427,22.886843249939305,15.69742335386784,245.41209367272158,293.1701786614857,1373.5319305211345,0.0,0.0,137.11480007362943,163.85965424502386,693.8951054881759,0.0,19.601907385239394,40.77880768570471,22.0,30.0,0.0,20.208395318789106,39.33257002576276,16.0,30.0,0.0,19.089875618703684,42.0752678134905,22.0,30.0,0.0,18.852610301758955,42.6165479703249,16.0,30.0,0.0,16.915263690943286,47.608691934624179,12.0,30.0,0.0,20.56648418297319,37.990262642278249,16.0,30.0,0.0,18.319489681718556,43.7094220545807,10.0,30.0,0.0,16.69762558636319,48.31463020674106,12.0,30.0,0.0,17.519502755612593,45.8773763936215,12.0,30.0,0.0,18.7082186337795,0.0,0.0,0.0,18.637410789880084,0.0,0.0,511.8677084827324,509.5922279778222,512.170181358383,516.439320569725,544.6341462343139,537.8030810663233,536.6536177177912,542.0761379464852,541.3312593855186,0.0,82.92975609683218,82.92975609683218,60.0,0.0,60.0,60.0,16.0,16.0,16.0,12.0,12.0,12.0,21.0,10.0,0.0,0.0,0.0,0.0,0.0,0.0,0.0,0.0,0.0,0.0,0.0,0.0,0.0,82.92975609683218,82.92975609683218,0.0,0.0,0.0,82.92975609683218,0.0,0.0,0.0019666666666666666 
 03/09  13:10:00,16.32166666666667,53.33333333333333,4.57,92.0,797.0,0.0,0.0,0.0,0.0,0.0,0.0,0.0,0.0,0.0,0.0,347.0,0.0,2450.6151676434167,66.08163451902372,169.3341248320945,73.48094037770709,1955.814607510958,0.0,66.08163451902368,90.3386043503699,0.0,0.0,19.07748717334676,226.79152326283475,21.772264619076176,-872.6256767035993,18.76900921220219,178.16789382722346,18.836899292265629,53.67371014935452,16.741033848591557,23.229618181330978,21.527520896706798,-434.8361820959276,17.76005523299196,218.6707784612663,16.48183028062667,118.76938791273233,17.326538359176405,215.11116573434902,81.41545510038304,-106.84100995032896,0.0,0.0,0.0,0.0,0.0,0.0,0.0,0.0,0.0,0.0,0.0,0.0,0.0,0.0,0.0,0.0,0.0,0.0,0.0,0.0,0.0,0.0,0.0,0.0,272.5909074378544,324.5461622428126,1845.3856324976794,0.0,0.0,273.04441637086486,324.3981779825127,2182.6814650253829,0.050164911605820237,0.009479386168900275,238.27875169805,284.2121268981678,1361.1715476549837,0.06852260327029682,0.012948337730592744,174.1684741042653,207.92187457868577,908.1549721121319,0.0,0.0,8.024676202525527,9.644024408166793,11.189112019018588,0.0,0.0,92.18550065347424,109.3803089627211,816.8559043033008,0.0,0.0,243.81937466015635,291.5721082817095,1045.950325075506,0.0,0.0,31.037606545461789,37.32995381158108,28.891152893583219,0.0,0.0,116.25905149410342,139.41450105958129,310.8890456545526,22.80191562022579,15.639173950772154,248.5799419153946,296.87869877842817,1335.704409358417,0.0,0.0,137.40578966567117,164.11505460104716,692.7516343474773,0.0,19.677642847930309,40.617519772365067,22.0,30.0,0.0,20.29336603908779,39.17263192866285,16.0,30.0,0.0,19.14728700622069,41.9295694070565,22.0,30.0,0.0,18.897860872176449,42.560083419826167,16.0,30.0,0.0,16.985750580760347,47.43950864692707,12.0,30.0,0.0,20.71272231069232,37.685351082651909,16.0,30.0,0.0,18.41976420221342,43.466063457636739,10.0,30.0,0.0,16.75751036823498,48.17195588109344,12.0,30.0,0.0,17.617817604906823,45.63191567140889,12.0,30.0,0.0,18.7627936339173,0.0,0.0,0.0,18.781039904762545,0.0,0.0,511.13499054940839,508.8247534057062,512.8442626846439,513.406474248116,542.1640967612628,535.4396511495131,535.0123872048712,539.8898849391709,539.1750149588448,0.0,82.92975609683218,82.92975609683218,60.0,0.0,60.0,60.0,16.0,16.0,16.0,12.0,12.0,12.0,21.0,10.0,0.0,0.0,0.0,0.0,0.0,0.0,0.0,0.0,0.0,0.0,0.0,0.0,0.0,82.92975609683218,82.92975609683218,0.0,0.0,0.0,82.92975609683218,0.0,0.0,0.00197 
 03/09  13:20:00,16.473333333333338,52.66666666666667,4.58,92.5,790.5,0.0,0.0,0.0,0.0,0.0,0.0,0.0,0.0,0.0,0.0,347.0,0.0,2471.967378099202,65.80259254134546,168.6190363363841,74.12116651307417,1972.8554756259746,0.0,65.80259254134544,89.95713281138484,0.0,0.0,19.129241314257926,233.15556591244423,21.893076050042418,-895.3706148138026,18.804176315977374,190.22167630573314,18.87245472192447,59.8927346158971,16.80716506057881,24.031328577562478,21.690417981224806,-447.2245824176521,17.83515414414262,225.38147720915368,16.524472967515004,126.05906824065846,17.404656765086885,223.64581978377374,78.7191858085007,-116.51771915046357,0.0,0.0,0.0,0.0,0.0,0.0,0.0,0.0,0.0,0.0,0.0,0.0,0.0,0.0,0.0,0.0,0.0,0.0,0.0,0.0,0.0,0.0,0.0,0.0,276.77131855269968,329.4189735325547,1828.426618097711,0.0,0.0,275.63027973669247,327.35723207045489,2163.655992383403,0.05095827997703531,0.009629304606393675,242.80652262224087,289.53487721664836,1341.0217250416659,0.07022431169163125,0.013269900168486627,177.2189959385032,211.51665999607483,886.1135618852575,0.0,0.0,8.062549414347667,9.686501917533452,9.912945373812548,0.0,0.0,93.17829644586144,110.49715421819556,823.4616966650144,0.0,0.0,244.7877226357624,292.610519724608,1023.5642374609066,0.0,0.0,31.564599474027369,37.95312798727308,23.55177625370387,0.0,0.0,116.31020683430137,139.41965378919938,297.95810093422707,22.716947083985745,15.580896491073905,253.27941242086784,302.41144688383988,1305.4686113686274,0.0,0.0,137.80690111292504,164.50600233113983,690.1664648588107,0.0,19.74916141807094,40.48522965034219,22.0,30.0,0.0,20.374734882408885,39.004263457566668,16.0,30.0,0.0,19.20581965675416,41.8081712863337,22.0,30.0,0.0,18.944135093516047,42.44516838658122,16.0,30.0,0.0,17.05655986320545,47.26805101174782,12.0,30.0,0.0,20.855073307899816,37.38555102114497,16.0,30.0,0.0,18.51868634806897,43.23385675104167,10.0,30.0,0.0,16.818539756506948,48.03081526640455,12.0,30.0,0.0,17.714620951965967,45.39590975507324,12.0,30.0,0.0,18.82016503234681,0.0,0.0,0.0,18.917473454469389,0.0,0.0,510.26303470890567,507.23283730880226,512.0571492488391,513.8796004017913,539.8929196579725,533.7374291258516,533.0746874154337,537.482534449464,536.8425903499253,0.0,82.92975609683218,82.92975609683218,60.0,0.0,60.0,60.0,16.0,16.0,16.0,12.0,12.0,12.0,21.0,10.0,0.0,0.0,0.0,0.0,0.0,0.0,0.0,0.0,0.0,0.0,0.0,0.0,0.0,82.92975609683218,82.92975609683218,0.0,0.0,0.0,82.92975609683218,0.0,0.0,0.0019533333333333336 
 03/09  13:30:00,16.625,52.0,4.59,93.0,784.0,0.0,0.0,0.0,0.0,0.0,0.0,0.0,0.0,0.0,0.0,347.0,0.0,2488.1827460724546,65.48892917159053,167.81522686351165,74.60736631024676,1985.7966777930279,0.0,65.4889291715905,89.52833120461864,0.0,0.0,19.181998421658574,239.34372565594095,22.009750919091208,-914.8462799873978,18.83983389922305,200.24842686381818,18.90992536624119,66.4779582927049,16.874246096563775,24.769622792221527,21.84813639485507,-458.9214536901768,17.910214216006687,231.48652867470993,16.568726173357143,132.80576107824846,17.48230674975409,231.24144583091948,75.07241482593236,-124.54227988061212,0.0,0.0,0.0,0.0,0.0,0.0,0.0,0.0,0.0,0.0,0.0,0.0,0.0,0.0,0.0,0.0,0.0,0.0,0.0,0.0,0.0,0.0,0.0,0.0,279.68527164369285,332.78415399157589,1801.4708450476224,0.0,0.0,277.7701086938731,329.7860021281738,2139.9713626226659,0.043666241224794868,0.008251368334239395,246.0816864686459,293.3619970813512,1311.64832278437,0.07204483340207274,0.01361391409714148,181.7533050481353,216.87774695111035,870.6150262521346,0.0,0.0,8.094315587471558,9.721609902039264,8.62307471505533,0.0,0.0,94.09049322951528,111.51870629214896,828.5523162417601,0.0,0.0,245.66514886252205,293.5412074881681,999.6738312381691,0.0,0.0,32.041845717162157,38.516128422223768,18.032768445772299,0.0,0.0,116.39514030915868,139.4663770768975,284.6661966016561,22.630813821771079,15.52182017954121,256.7024498598308,306.4200300399647,1267.3899968291476,0.0,0.0,138.20565227243075,164.89781983800294,685.4516144613002,0.0,19.819788536720936,40.33815771036856,22.0,30.0,0.0,20.45518922719718,38.83505250622118,16.0,30.0,0.0,19.262706481084768,41.708831447299719,22.0,30.0,0.0,18.99242088983136,42.349667718326248,16.0,30.0,0.0,17.12764153626106,47.0957107005604,12.0,30.0,0.0,20.99333390040763,37.10047109860865,16.0,30.0,0.0,18.615692599813813,43.0105491892366,10.0,30.0,0.0,16.8801799088896,47.88056980399157,12.0,30.0,0.0,17.809542310708389,45.159357398098887,12.0,30.0,0.0,18.876999611598675,0.0,0.0,0.0,19.04633281488238,0.0,0.0,508.6134549495849,505.6427610776827,511.1289534022385,512.9824331843763,537.7526374097446,531.7807419207549,531.2495523816125,535.6125505925176,535.0547933615152,0.0,82.92975609683218,82.92975609683218,60.0,0.0,60.0,60.0,16.0,16.0,16.0,12.0,12.0,12.0,21.0,10.0,0.0,0.0,0.0,0.0,0.0,0.0,0.0,0.0,0.0,0.0,0.0,0.0,0.0,82.92975609683218,82.92975609683218,0.0,0.0,0.0,82.92975609683218,0.0,0.0,0.0019366666666666667 
 03/09  13:40:00,16.776666666666669,51.33333333333333,4.6,91.0,780.8333333333334,0.0,0.0,0.0,0.0,0.0,0.0,0.0,0.0,0.0,0.0,347.0,0.0,2501.537213928062,64.28549819143488,164.73142645868126,75.0077818433156,1996.4546090117977,0.0,64.28549819143484,87.88314981692214,0.0,0.0,19.23687049004765,245.6281077713411,22.123036453053087,-934.1652439540794,18.876110913087495,209.96418948241809,18.947411040288196,72.131763246437,16.942386082322224,25.43206987776398,22.00192108156802,-470.18983878535757,17.985186625214504,237.13023916443309,16.61387162435053,139.03597206114228,17.558773248100743,237.9667537518344,71.5962325124201,-130.99465549868,0.0,0.0,0.0,0.0,0.0,0.0,0.0,0.0,0.0,0.0,0.0,0.0,0.0,0.0,0.0,0.0,0.0,0.0,0.0,0.0,0.0,0.0,0.0,0.0,282.1425851655734,335.6027186538668,1771.53847035712,0.0,0.0,280.0555572943892,332.39019136357168,2115.673470012464,0.0342234970477417,0.00646702514129662,248.92283221611479,296.67162930295606,1278.4691042131872,0.07306057124119679,0.013805852464322897,184.9313573965888,220.61773888158073,846.9339066366873,0.0,0.0,8.120665295388772,9.750176877912859,7.3256099048610399,0.0,0.0,94.95310063725785,112.48172598447673,832.4896902827386,0.0,0.0,246.50703459132164,294.4307868022328,974.607364350989,0.0,0.0,32.48245502119354,39.03476498458942,12.328322271243135,0.0,0.0,116.52771055019238,139.57114325988415,270.920163728607,22.544300437629233,15.462483153380824,259.66273970898939,309.87176744108117,1226.651425844907,0.0,0.0,138.62778013123015,165.3214683781672,678.6345765785338,0.0,19.891882257448875,40.183847585073689,22.0,30.0,0.0,20.533635270681257,38.646695044273069,16.0,30.0,0.0,19.318930845836595,41.59394189871807,22.0,30.0,0.0,19.040482879660958,42.270824685871009,16.0,30.0,0.0,17.199142322820195,46.92340553109815,12.0,30.0,0.0,21.12805571483484,36.8270071068617,16.0,30.0,0.0,18.710961388438724,42.78763773882552,10.0,30.0,0.0,16.941823563072967,47.73322113752272,12.0,30.0,0.0,17.902101278075528,44.934458400171,12.0,30.0,0.0,18.934912713420436,0.0,0.0,0.0,19.167317635126734,0.0,0.0,507.0058514459501,505.8491714138586,509.47231228636408,511.9827507638731,535.7080552271608,529.934004010792,529.4661322381986,533.6947293457156,533.1561111781454,0.0,82.92975609683218,82.92975609683218,60.0,0.0,60.0,60.0,16.0,16.0,16.0,12.0,12.0,12.0,21.0,10.0,0.0,0.0,0.0,0.0,0.0,0.0,0.0,0.0,0.0,0.0,0.0,0.0,0.0,82.92975609683218,82.92975609683218,0.0,0.0,0.0,82.92975609683218,0.0,0.0,0.00192 
 03/09  13:50:00,16.92833333333333,50.66666666666667,4.609999999999999,89.0,777.6666666666667,0.0,0.0,0.0,0.0,0.0,0.0,0.0,0.0,0.0,0.0,347.0,0.0,2510.074008973998,63.0367358054082,161.53146127464189,75.26374117365654,2003.267600067867,0.0,63.03673580540817,86.17599696061059,0.0,0.0,19.2904634561734,249.51132364245133,22.233272755660363,-949.9700150409863,18.91413057002057,220.26147377289636,18.985152728923234,77.36380470153472,17.011409547419978,26.037554047671678,22.15063396873782,-481.00375160047136,18.06035755953786,242.48523679520805,16.659798228611128,144.76009002152706,17.634108148120999,243.76008012301646,68.20326230089813,-135.7548864290593,0.0,0.0,0.0,0.0,0.0,0.0,0.0,0.0,0.0,0.0,0.0,0.0,0.0,0.0,0.0,0.0,0.0,0.0,0.0,0.0,0.0,0.0,0.0,0.0,285.13746662828188,339.06685570929218,1741.0573945490256,0.0,0.0,281.295978896181,333.75040020486929,2083.394610125517,0.026273784368967984,0.004964811861105063,252.2592853844109,300.5684445965668,1247.4236594729737,0.07385927033041319,0.013956778218143078,187.33012752438874,223.42767315703953,818.3728475580506,0.0,0.0,8.148080833889239,9.779996101209586,6.026152795001802,0.0,0.0,95.77124323301786,113.3927783097546,835.215081437573,0.0,0.0,247.3581201597806,295.33162924144997,948.8704036783664,0.0,0.0,32.89660444307159,39.521340186492547,6.440215016243657,0.0,0.0,116.67498785581222,139.69465212138506,256.5617067370007,22.457357676518556,15.402851629985296,263.1130731558976,313.9052013100282,1187.2787278642189,0.0,0.0,139.04266822536946,165.7407427667522,669.5257791228822,0.0,19.95857708619618,40.019789112381669,22.0,30.0,0.0,20.612820413884135,38.47624965248239,16.0,30.0,0.0,19.37664658769747,41.471303791025089,22.0,30.0,0.0,19.088130715340495,42.17610533503498,16.0,30.0,0.0,17.27094609235921,46.75007685659173,12.0,30.0,0.0,21.258752910476266,36.559573319553489,16.0,30.0,0.0,18.80515635819247,42.570284523825097,10.0,30.0,0.0,17.003164131230859,47.58998325137544,12.0,30.0,0.0,17.992013384852883,44.71992117641644,12.0,30.0,0.0,18.993520730889764,0.0,0.0,0.0,19.280356168895549,0.0,0.0,507.06391035895799,505.1241049679214,507.86409306599196,510.36206755409997,533.7443342635839,528.2511165467367,527.671916506036,531.8333050734884,531.3217901409902,0.0,82.92975609683218,82.92975609683218,60.0,0.0,60.0,60.0,16.0,16.0,16.0,12.0,12.0,12.0,21.0,10.0,0.0,0.0,0.0,0.0,0.0,0.0,0.0,0.0,0.0,0.0,0.0,0.0,0.0,82.92975609683218,82.92975609683218,0.0,0.0,0.0,82.92975609683218,0.0,0.0,0.0019466666666666667 
 03/09  14:00:00,17.08,50.0,4.62,87.0,774.5,0.0,0.0,0.0,0.0,0.0,0.0,0.0,0.0,0.0,0.0,347.0,0.0,2513.8577265461296,61.74224891532471,158.21432419903685,75.37718118470109,2006.2872040686373,0.0,61.74224891532467,84.40633524066134,0.0,0.0,19.35043290945339,257.0781780236139,22.337122686236257,-968.4396756475508,18.951784362047797,227.93834717599203,19.024472412790403,83.08855203647454,17.08115551123406,26.54668685072079,22.294004464239813,-490.96694885811805,18.134630210013879,247.0103149276947,16.706892848636877,149.85912159359328,17.708311926113603,248.89821036084505,64.3760142168685,-139.00319660148399,0.0,0.0,0.0,0.0,0.0,0.0,0.0,0.0,0.0,0.0,0.0,0.0,0.0,0.0,0.0,0.0,0.0,0.0,0.0,0.0,0.0,0.0,0.0,0.0,286.4413729369922,340.5049694547579,1705.6148400648163,0.0,0.0,284.39680889917858,337.32267179557109,2060.9396661124585,0.006154753958914313,0.0011630298486232645,254.00175172628125,302.5689090623842,1206.0929471766497,0.07451742904557024,0.014081146834007977,190.37233268702438,227.00274731149913,791.9633193412475,0.0,0.0,8.160198878679968,9.791438504400557,4.711497473983389,0.0,0.0,96.53221456368246,114.23672530260261,836.6116595385124,0.0,0.0,248.17639135646659,296.1960053922025,921.3382282736242,0.0,0.0,33.27009038749941,39.95882930389521,0.4038646691752599,0.0,0.0,116.95450148130733,139.97764072909835,241.8590884865876,22.36840319597002,15.341840326454067,264.94627155790547,316.0105855786711,1139.1245055373098,0.0,0.0,139.56554480662545,166.29232357600069,658.877569469926,0.0,20.035922640008054,39.847999625291347,22.0,30.0,0.0,20.6860827855139,38.32544551943937,16.0,30.0,0.0,19.431599111213619,41.33263421114982,22.0,30.0,0.0,19.137017735883686,42.07506948862408,16.0,30.0,0.0,17.342854141564439,46.5763941214362,12.0,30.0,0.0,21.38545331276827,36.30526013157278,16.0,30.0,0.0,18.896350226040068,42.35633825295926,10.0,30.0,0.0,17.064521611651306,47.44332215598962,12.0,30.0,0.0,18.079417950554779,44.50981203351164,12.0,30.0,0.0,19.050198888779844,0.0,0.0,0.0,19.386251951007677,0.0,0.0,506.2635176514245,504.13705771815918,507.8568635980661,508.75536880749726,531.8389218636279,526.5062977271716,526.2542203552829,530.0219063612588,529.5282667088287,0.0,82.92975609683218,82.92975609683218,60.0,0.0,60.0,60.0,16.0,16.0,16.0,12.0,12.0,12.0,21.0,10.0,0.0,0.0,0.0,0.0,0.0,0.0,0.0,0.0,0.0,0.0,0.0,0.0,0.0,82.92975609683218,82.92975609683218,0.0,0.0,0.0,82.92975609683218,0.0,0.0,0.0019733333333333336 
 03/09  14:10:00,17.138333333333333,49.50000000000001,4.588333333333333,85.0,771.3333333333333,0.0,0.0,0.0,0.0,0.0,0.0,0.0,0.0,0.0,0.0,347.0,0.0,2512.9511329994859,60.401701947182889,154.77915553140245,75.34998392022945,2005.5635144471729,0.0,60.40170194718286,82.57370590197286,0.0,0.0,19.400898587645917,255.813601979562,22.437434264564815,-978.1051902582458,18.993122255558839,240.49282889437746,19.061592060079528,87.60871262978799,17.15145300899707,27.063845868234183,22.429615669783219,-500.51936540509089,18.20960914266555,251.8486123358016,16.75333278701269,154.59042717534227,17.780347403561643,253.22641385238695,64.32516819409284,-141.36784168019677,0.0,0.0,0.0,0.0,0.0,0.0,0.0,0.0,0.0,0.0,0.0,0.0,0.0,0.0,0.0,0.0,0.0,0.0,0.0,0.0,0.0,0.0,0.0,0.0,291.03111676596566,345.88387044786,1730.8003560422158,0.0,0.0,283.91773666979295,336.6556127990422,2067.510192825824,0.05766190884000614,0.010896052312926334,258.7171487205376,308.11071979221887,1230.1629627661196,0.07883487883282003,0.01489699146500756,192.07939695544125,228.9944021387283,794.6549029304777,0.0,0.0,8.197334628481185,9.833214040544912,4.955982996646187,0.0,0.0,97.24657963901518,115.03087806644908,854.6146552553294,0.0,0.0,249.18434003990059,297.2951210326433,941.5471479200277,0.0,0.0,33.64780364739009,40.40252309561549,0.5948776665855776,0.0,0.0,117.1957779532104,140.2208381996283,248.42505864179007,22.266240787280446,15.271770087297979,269.8762251027999,321.8214868152072,1155.9522258717596,0.0,0.0,140.07500386145785,166.83667681034147,672.7153414261579,0.0,20.09123246639887,39.73722627412051,22.0,30.0,0.0,20.763083184982109,38.1570767413404,16.0,30.0,0.0,19.493244739326813,41.19679705373446,22.0,30.0,0.0,19.184330469766043,41.95739157266875,16.0,30.0,0.0,17.414667183623587,46.40338914809721,12.0,30.0,0.0,21.506347592113369,36.06299052037186,16.0,30.0,0.0,18.9880351910758,42.14673638316912,10.0,30.0,0.0,17.125582610600767,47.29955181736078,12.0,30.0,0.0,18.163637731012647,44.31082609643555,12.0,30.0,0.0,19.105033510946229,0.0,0.0,0.0,19.485933191389387,0.0,0.0,505.1925871042985,502.7323722457617,507.00026547717359,508.6362917166706,530.0584563842979,525.061459097519,524.6554316571339,528.218955811663,527.7796805348024,0.0,82.92975609683218,82.92975609683218,60.0,0.0,60.0,60.0,16.0,16.0,16.0,12.0,12.0,12.0,21.0,10.0,0.0,0.0,0.0,0.0,0.0,0.0,0.0,0.0,0.0,0.0,0.0,0.0,0.0,82.92975609683218,82.92975609683218,0.0,0.0,0.0,82.92975609683218,0.0,0.0,0.002 
 03/09  14:20:00,17.196666666666667,49.0,4.556666666666667,83.0,768.1666666666666,0.0,0.0,0.0,0.0,0.0,0.0,0.0,0.0,0.0,0.0,347.0,0.0,2507.414458281783,59.014822932723607,151.22525856636805,75.18395537249487,2001.1446003722716,0.0,59.014822932723578,80.67773714331573,0.0,0.0,19.46706429677411,267.0001462990622,22.52726527706689,-997.7400800090745,19.029272331589849,243.08041786480318,19.10057051789851,94.78517322254993,17.22257569855622,27.449471967124567,22.55927468157702,-508.4554716153357,18.2815701532841,254.72475437314098,16.799649530674335,158.69320177373585,17.851328293704076,257.6583738552981,62.969089825877748,-142.62930230079383,0.0,0.0,0.0,0.0,0.0,0.0,0.0,0.0,0.0,0.0,0.0,0.0,0.0,0.0,0.0,0.0,0.0,0.0,0.0,0.0,0.0,0.0,0.0,0.0,289.73212474764616,344.22797153108777,1738.7594538319723,0.0,0.0,288.3549141917555,341.8343892677732,2101.9864636650988,0.07237155280924099,0.013675652458284393,257.89963474105385,307.07500487710629,1221.333446580049,0.08246531938037163,0.015583015755928119,196.43007238745305,234.1326003750252,809.5539761780991,0.0,0.0,8.194833764118414,9.82746128888355,5.1643282158438199,0.0,0.0,97.87367579274692,115.72280431879078,871.1636196805126,0.0,0.0,250.0477772031486,298.22830133694046,957.8450855138747,0.0,0.0,33.95131088935391,40.75711847882614,0.7076776883366889,0.0,0.0,117.74515715983384,140.83345682478913,255.21416537201834,22.159499977847618,15.19855965558822,269.17403448859388,320.92310211254149,1146.5021646824253,0.0,0.0,140.85870513795497,167.7098760047027,686.5775369216104,0.0,20.177433351592627,39.53975138388847,22.0,30.0,0.0,20.826036266471275,38.005985860599789,16.0,30.0,0.0,19.542396389379055,41.0975595489678,22.0,30.0,0.0,19.235238148725715,41.84767325189259,16.0,30.0,0.0,17.485698028866126,46.23225869805655,12.0,30.0,0.0,21.622889235784628,35.833519145587079,16.0,30.0,0.0,19.072786193575543,41.95470336081028,10.0,30.0,0.0,17.18547536729687,47.15504428269796,12.0,30.0,0.0,18.245891089478577,44.11433192829106,12.0,30.0,0.0,19.15311641919581,0.0,0.0,0.0,19.580677593589539,0.0,0.0,503.79905599840057,501.8060849306776,505.9005365126105,507.70731589798808,528.3577871282365,523.4449284584725,523.1752530885889,526.696413233796,526.2865330636716,0.0,82.92975609683218,82.92975609683218,60.0,0.0,60.0,60.0,16.0,16.0,16.0,12.0,12.0,12.0,21.0,10.0,0.0,0.0,0.0,0.0,0.0,0.0,0.0,0.0,0.0,0.0,0.0,0.0,0.0,82.92975609683218,82.92975609683218,0.0,0.0,0.0,82.92975609683218,0.0,0.0,0.0019766666666666667 
 03/09  14:30:00,17.255,48.5,4.525,81.0,765.0,0.0,0.0,0.0,0.0,0.0,0.0,0.0,0.0,0.0,0.0,347.0,0.0,2497.305149804059,57.58140479854109,147.5521028964651,74.88081810209616,1993.0763103145956,0.0,57.58140479854106,78.71814587964501,0.0,0.0,19.507332871990657,255.949068410584,22.61934982665626,-997.8009826468751,19.074597886510064,259.76300652214015,19.13708477252625,96.96947603906847,17.293234414150598,27.882262718622316,22.681827723438518,-516.9117627620335,18.355884174430054,259.27781378637885,16.84630742527551,162.74402296446648,17.92065540161942,260.72081351542786,64.38424672854672,-143.66031159530213,0.0,0.0,0.0,0.0,0.0,0.0,0.0,0.0,0.0,0.0,0.0,0.0,0.0,0.0,0.0,0.0,0.0,0.0,0.0,0.0,0.0,0.0,0.0,0.0,296.6374754360744,352.38630004853987,1763.071346610884,0.0,0.0,283.67843217081806,336.19387876743948,2077.927679140397,0.11647478519590154,0.022009596597865,264.6971090615644,315.0865283671836,1257.9937241581804,0.08710355959580546,0.016459478381671473,196.5569574238332,234.2396711646447,804.7222614188801,0.0,0.0,8.245884670405353,9.885894584032064,5.417948768119401,0.0,0.0,98.4611492939416,116.36996715711396,886.223034910343,0.0,0.0,251.08042420435724,299.358709679708,976.8644788070617,0.0,0.0,34.299990607364978,41.16580746678152,0.7935465584678224,0.0,0.0,117.92872066728356,141.0097831831563,260.4801305508803,22.06399042840549,15.133052420031206,276.18086438586138,329.20431854483919,1172.206643931246,0.0,0.0,141.27944825846533,168.1540326425997,697.0159401735489,0.0,20.207440086807478,39.46428773979485,22.0,30.0,0.0,20.903050502188685,37.815581847527038,16.0,30.0,0.0,19.60933344404935,40.941993501915458,22.0,30.0,0.0,19.280396011675277,41.75595732484377,16.0,30.0,0.0,17.557351047106793,46.05930029914828,12.0,30.0,0.0,21.73291216718965,35.61687261761314,16.0,30.0,0.0,19.16147635383257,41.7515009008821,10.0,30.0,0.0,17.244939177971223,47.013541763954957,12.0,30.0,0.0,18.324940676104434,43.929070498774,12.0,30.0,0.0,19.209397170990603,0.0,0.0,0.0,19.669278530225115,0.0,0.0,502.8195754260146,501.5367625729596,504.4846857668357,506.60339487747577,526.7146290406843,521.9997195286936,521.6428706965158,525.1157005121371,524.718433282491,0.0,82.92975609683218,82.92975609683218,60.0,0.0,60.0,60.0,16.0,16.0,16.0,12.0,12.0,12.0,21.0,10.0,0.0,0.0,0.0,0.0,0.0,0.0,0.0,0.0,0.0,0.0,0.0,0.0,0.0,82.92975609683218,82.92975609683218,0.0,0.0,0.0,82.92975609683218,0.0,0.0,0.0019533333333333336 
 03/09  14:40:00,17.313333333333334,48.0,4.493333333333333,79.33333333333333,750.3333333333333,0.0,0.0,0.0,0.0,0.0,0.0,0.0,0.0,0.0,0.0,347.0,0.0,2451.3134263567515,55.90812160409496,143.2642693528787,73.50176007238584,1956.370603645145,0.0,55.90812160409493,76.43064089328341,0.0,0.0,19.589625857629206,279.8177839707387,22.679173845392648,-1021.3449947139961,19.10470558684358,251.17067762818625,19.17715551734663,106.170009839243,17.36214970199442,28.076037800551036,22.784533002446286,-521.3009898883256,18.423536074065806,259.9886516945098,16.89229073450863,165.8496763653211,17.989034389227507,264.43494654249028,61.76702991282582,-142.87230389287107,0.0,0.0,0.0,0.0,0.0,0.0,0.0,0.0,0.0,0.0,0.0,0.0,0.0,0.0,0.0,0.0,0.0,0.0,0.0,0.0,0.0,0.0,0.0,0.0,288.94243537756338,343.09904458906609,1750.773033193107,0.0,0.0,293.0952997915862,347.29620522749749,2136.14724873828,0.10380639267033266,0.019615720459246544,257.8851238054676,306.93351425368237,1212.7586420399685,0.08851323375156477,0.016725856717982755,201.90392380996586,240.56038343411289,824.3023892034819,0.0,0.0,8.196225626452984,9.823712992451409,5.54576916140019,0.0,0.0,98.97744683893363,116.93671141355398,898.6957589162889,0.0,0.0,251.569938366523,299.8548934144086,987.1975712757649,0.0,0.0,34.50165107391507,41.39819606025248,0.7332615858743545,0.0,0.0,118.6214180479978,141.79529774140517,266.57773674446426,21.946006874954298,15.052130915606519,269.34736725485728,321.0048352195039,1134.471151382524,0.0,0.0,142.14408966232288,169.12890686590786,708.343677429393,0.0,20.324611043630346,39.17067130526517,22.0,30.0,0.0,20.943690661256438,37.720976280273507,16.0,30.0,0.0,19.643352386790544,40.8540497002853,22.0,30.0,0.0,19.333490708527696,41.63384467437874,16.0,30.0,0.0,17.625418704719246,45.895904022416917,12.0,30.0,0.0,21.832424218928535,35.42337350421731,16.0,30.0,0.0,19.236967052994719,41.57823995269549,10.0,30.0,0.0,17.30234812714651,46.87747188815133,12.0,30.0,0.0,18.402626026216976,43.74708506335151,12.0,30.0,0.0,19.25033706073006,0.0,0.0,0.0,19.75304800956302,0.0,0.0,502.50611041142789,500.7796936800938,503.5016421102328,505.18361867725477,525.1238354105313,520.514697773093,520.3050867557058,523.6046034560512,523.2167246744607,0.0,82.92975609683218,82.92975609683218,60.0,0.0,60.0,60.0,16.0,16.0,16.0,12.0,12.0,12.0,21.0,10.0,0.0,0.0,0.0,0.0,0.0,0.0,0.0,0.0,0.0,0.0,0.0,0.0,0.0,82.92975609683218,82.92975609683218,0.0,0.0,0.0,82.92975609683218,0.0,0.0,0.00193 
 03/09  14:50:00,17.371666666666667,47.5,4.461666666666666,77.66666666666667,735.6666666666667,0.0,0.0,0.0,0.0,0.0,0.0,0.0,0.0,0.0,0.0,347.0,0.0,2401.0155488727079,54.21472495237213,138.9248944603982,71.99358402538472,1916.2282004169579,0.0,54.2147249523721,74.11563928592774,0.0,0.0,19.599202506013943,243.34798706938273,22.750286867954104,-992.2736440688077,19.159856684395647,282.78765654688689,19.20997141835167,102.64565807020881,17.429367806594209,28.599937450924189,22.87340079209902,-526.3368300412299,18.497713033900515,265.1098914931754,16.93871630829797,169.49214016719703,18.054946606659564,265.44594763642456,65.5109105705942,-142.06835132298239,0.0,0.0,0.0,0.0,0.0,0.0,0.0,0.0,0.0,0.0,0.0,0.0,0.0,0.0,0.0,0.0,0.0,0.0,0.0,0.0,0.0,0.0,0.0,0.0,304.43336814063778,361.52873414994897,1786.4374469388843,0.0,0.0,278.1682669428541,329.5073832565126,2040.032159692048,0.1715049821347599,0.032408348853885108,272.6263772773388,324.3752843512854,1296.8106823769747,0.09418921625126914,0.01779841576932523,197.4461494081741,235.2125657116573,797.6069094641074,0.0,0.0,8.29533926902672,9.939920747171123,5.732846693288617,0.0,0.0,99.30820577449802,117.28933403041937,906.9441797887963,0.0,0.0,252.60212915400627,300.98509208617329,1005.7373210503483,0.0,0.0,34.880850546220468,41.84345003346108,0.6852353579202426,0.0,0.0,118.4113701764592,141.50390528113193,269.54159513052698,21.85990832514242,14.993078412306192,284.3845924184594,338.8422988388619,1196.348668701227,0.0,0.0,142.1588814804006,169.0980652632829,712.7299705101158,0.0,20.287547900904334,39.26203247268099,22.0,30.0,0.0,21.025868387506553,37.53069478836368,16.0,30.0,0.0,19.728709975950495,40.630515064145459,22.0,30.0,0.0,19.37073200581594,41.536404834645,16.0,30.0,0.0,17.690969785432104,45.73831729172763,12.0,30.0,0.0,21.918629418481815,35.25529726260536,16.0,30.0,0.0,19.32437583489619,41.37613092302585,10.0,30.0,0.0,17.359891916351079,46.739528168485758,12.0,30.0,0.0,18.475613184143268,43.576457923347678,12.0,30.0,0.0,19.315060111388694,0.0,0.0,0.0,19.82714235784482,0.0,0.0,501.57056446078027,499.6370582287594,503.1116307828734,504.21925841381468,523.5852603580104,519.2389538623584,518.9246477560988,522.0728594621322,521.7112399196582,0.0,82.92975609683218,82.92975609683218,60.0,0.0,60.0,60.0,16.0,16.0,16.0,12.0,12.0,12.0,21.0,10.0,0.0,0.0,0.0,0.0,0.0,0.0,0.0,0.0,0.0,0.0,0.0,0.0,0.0,82.92975609683218,82.92975609683218,0.0,0.0,0.0,82.92975609683218,0.0,0.0,0.00193 
 03/09  15:00:00,17.43,47.0,4.43,76.0,721.0,0.0,0.0,0.0,0.0,0.0,0.0,0.0,0.0,0.0,0.0,347.0,0.0,2346.630495210714,52.50319942013058,134.53906403773025,70.36285596311947,1872.823865151388,0.0,52.50319942013055,71.77585412446635,0.0,0.0,19.7037395500355,289.9848619409149,22.778253003349499,-1037.9201719451449,19.171871160868315,244.47506820510353,19.253992523293495,119.73857113254872,17.494715311102877,28.431812728258536,22.953223126874986,-525.0344527127786,18.555013859874838,260.6538383130519,16.983355820008869,170.94867011307725,18.120207343679306,268.43774237697837,67.09623724705489,-137.9193943382552,0.0,0.0,0.0,0.0,0.0,0.0,0.0,0.0,0.0,0.0,0.0,0.0,0.0,0.0,0.0,0.0,0.0,0.0,0.0,0.0,0.0,0.0,0.0,0.0,296.1358844068164,351.46847239895495,1799.6553166399886,0.0,0.0,301.6346084718341,357.29227199509696,2178.373238154083,0.09973069725131409,0.018845558815441068,250.60922349040369,298.17607240307088,1159.5008151810367,0.0918297859800337,0.017352567267580059,208.82427630188463,248.70802803340923,844.6455474044892,0.0,0.0,8.129554822346524,9.73885639919229,5.6788079236893929,0.0,0.0,99.51981760383625,117.5028094066804,913.2303955754674,0.0,0.0,252.05026854727024,300.2616073391062,1001.5015399940224,0.0,0.0,34.88320750756069,41.83720756138855,0.3205145462312288,0.0,0.0,119.40787285442926,142.65452690758424,275.13630878424456,21.714175391676485,14.893124411300749,277.7301065837015,330.8409521607453,1168.9457042893913,0.0,0.0,143.21522589555839,170.30883491213903,720.8713666276511,0.0,20.451652088059736,38.867184950946107,22.0,30.0,0.0,21.028524815355629,37.51427870904542,16.0,30.0,0.0,19.723085870334545,40.64650721434926,22.0,30.0,0.0,19.432170197785525,41.3730266907484,16.0,30.0,0.0,17.75305741312435,45.588707349616587,12.0,30.0,0.0,22.00024075865953,35.10020639244272,16.0,30.0,0.0,19.37912178061966,41.25326233521178,10.0,30.0,0.0,17.413076194646015,46.60972516813149,12.0,30.0,0.0,18.54803284590822,43.40378729613737,12.0,30.0,0.0,19.37244172694956,0.0,0.0,0.0,19.895999145425038,0.0,0.0,500.50537192505478,498.6621749031865,502.1995298196041,503.6943546949935,522.1322342792457,517.7837532908222,517.7696258937693,520.6879849250719,520.3436656560717,0.0,82.92975609683218,82.92975609683218,60.0,0.0,60.0,60.0,16.0,16.0,16.0,12.0,12.0,12.0,21.0,10.0,0.0,0.0,0.0,0.0,0.0,0.0,0.0,0.0,0.0,0.0,0.0,0.0,0.0,82.92975609683218,82.92975609683218,0.0,0.0,0.0,82.92975609683218,0.0,0.0,0.00193 
 03/09  15:10:00,17.436666666666669,47.16666666666667,4.2749999999999999,74.33333333333333,706.3333333333333,0.0,0.0,0.0,0.0,0.0,0.0,0.0,0.0,0.0,0.0,2784.0,0.0,2308.3976277906128,48.120691258661789,123.30899002483777,69.21644257795316,1842.3104092303138,0.0,48.120691258661768,65.78463320896039,0.0,0.0,20.500451502359995,-547.6449102575539,23.04525302380994,-217.42149691282914,20.33390297606465,-1225.7554885471987,19.60523559623261,966.9925633893951,17.551472106281297,34.763434716521299,23.02081448865882,-496.8303480271539,18.66870504012024,351.84319497973,17.020243047204816,183.48699668334357,18.176171412625285,305.5068654624374,193.8407346799197,-114.61252238180794,0.0,0.0,0.0,0.0,0.0,0.0,0.0,0.0,0.0,0.0,0.0,0.0,0.0,0.0,0.0,0.0,0.0,0.0,0.0,0.0,0.0,0.0,0.0,0.0,225.32207024651494,267.6011363585264,1858.7511021413762,0.0,0.0,156.93750321196323,186.39131565469044,1275.3460921473694,0.030253414288875487,0.005716820538336262,399.3291380233424,473.89607259462636,3356.5105488326928,0.17863659213319539,0.03375596979085324,384.12518967015026,458.09514486324698,2101.8867164348805,0.0,0.0,9.307307947194096,11.191460553334887,7.209171019740339,0.0,0.0,96.40540364790788,114.26504256253637,893.4856455768598,0.0,0.0,268.3936168718231,320.79908263316198,1153.4110298827775,0.0,0.0,36.05635752858049,43.40912515536602,2.752118620796624,0.0,0.0,126.33880451772855,151.49106207097754,304.037320921302,22.564589268742006,15.476398675406046,477.69191354111146,569.912379743486,2601.4698152586336,0.0,0.0,151.02422616199747,180.2440994602799,782.2247712802882,1328.0275015543974,21.594453291289509,36.20945255629345,21.75,30.0,0.0,21.518945828291849,36.385963816823579,16.0,30.0,2787.1844582612377,21.5590413133392,36.308878897786467,21.75,30.0,0.0,20.109987596948569,39.688435909250227,16.0,30.0,0.0,17.79666526492575,45.48761225523145,12.0,30.0,0.0,22.057244536647056,35.002457411968489,16.0,30.0,0.0,19.54628167190367,40.87513773582605,10.0,30.0,0.0,17.45247448106998,46.52806027672277,12.0,30.0,0.0,18.604954984803276,43.29119707901091,16.0,30.0,0.0,19.970915066780348,0.0,0.0,0.0,19.9763984342949,0.0,0.0,499.3720856753173,498.7001859674108,498.46817719972219,499.86395514798309,520.7401462002752,515.6189846840466,514.0529590847128,518.747711463921,517.758794530755,7803.741440182549,81.05024289548685,84.51866433135374,60.0,0.0,60.0,60.0,16.0,16.0,16.0,16.0,12.0,12.0,21.0,10.0,1.0,0.0,1328.0275015543974,0.0,2787.1844582612377,0.0,0.0,0.0,0.0,0.0,5249.055050505916,3149433.03030355,4129326.973554424,81.05024289548685,84.57756964170372,0.2599685016835306,0.5730407929456828,0.27021103051474468,84.57756964170372,0.2656985864579156,4129326.973554424,0.21665500262483 
 03/09  15:20:00,17.443333333333336,47.333333333333339,4.12,72.66666666666667,691.6666666666667,0.0,0.0,0.0,0.0,0.0,0.0,0.0,0.0,0.0,0.0,698.0,0.0,2247.527291909653,46.41578716417175,118.94012541615492,67.39125656001898,1793.7302401670229,0.0,46.415787164171728,63.453900054908007,0.0,0.0,20.218515637867406,225.32207246879399,23.44100522367612,-806.8809636050683,20.325940883108055,-344.65027935605488,20.015205038091055,202.01006825743844,17.63194991271194,32.565271551789297,23.12464883814257,-486.5500176953865,18.774487667851067,258.2785911435194,17.07996909198224,181.6567746941696,18.269078043083768,295.4675245405315,206.8253877893967,-111.19538017488003,0.0,0.0,0.0,0.0,0.0,0.0,0.0,0.0,0.0,0.0,0.0,0.0,0.0,0.0,0.0,0.0,0.0,0.0,0.0,0.0,0.0,0.0,0.0,0.0,295.1395391899243,349.7835098815814,2251.1112131578686,0.0,0.0,231.77782500979169,273.8692552509712,2038.685134912479,0.09661451666250537,0.018256711387472679,266.52442154028918,316.75748269966825,1915.565844735258,0.0929141024846756,0.017557464566265229,265.48324664153986,315.8537033816948,1764.6465204815336,0.0,0.0,8.556468490585197,10.27073752785157,7.938126523834116,0.0,0.0,97.06695932357653,114.78414864492405,923.91246370981,0.0,0.0,264.7518986970947,315.8208115188636,1185.4812476907032,0.0,0.0,36.151902772060967,43.43753691642608,7.829642593991477,0.0,0.0,128.7131555912121,154.01919996707768,337.68109502225539,21.96843364886832,15.067512790719017,469.40508702461207,558.6554690390311,2741.1916108364059,0.0,0.0,153.89774843110167,183.31310022606665,820.2118466689155,0.0,21.078333106733294,37.3690383660099,21.0,30.0,0.0,22.098498664028349,35.120595413955069,16.0,30.0,1234.8571248628733,21.342579271879417,36.80117132467508,21.5,30.0,0.0,20.655160901189789,38.3614100104687,16.0,30.0,0.0,17.88113942229562,45.29337171161831,12.0,30.0,0.0,22.189348759714059,34.746196659578377,16.0,30.0,0.0,19.644565230757153,40.633159979709038,10.0,30.0,0.0,17.52866692010719,46.353602041136429,12.0,30.0,0.0,18.720530812557607,43.01637247594158,16.0,30.0,0.0,20.20350354912128,0.0,0.0,0.0,20.05890094469006,0.0,0.0,498.97659035992958,497.23650121523249,498.5953292567781,498.04907405226256,517.9229518521484,513.2599523863457,513.2733850127273,515.7328402856211,515.176493694508,9233.421021840855,81.89964945659529,81.89964945659529,60.0,0.0,60.0,60.0,16.0,16.0,16.0,16.0,12.0,12.0,21.0,10.0,1.0,0.0,0.0,0.0,1234.8571248628733,0.0,0.0,0.0,0.0,0.0,0.0,0.0,0.0,81.89964945659529,81.89964945659529,0.34,0.7674585495427144,0.36028137401965956,81.89964945659529,0.3542647819438875,0.0,0.0019266666666666666 
 03/09  15:30:00,17.45,47.5,3.965,71.0,677.0,0.0,0.0,0.0,0.0,0.0,0.0,0.0,0.0,0.0,0.0,1047.0,0.0,2183.3829422694536,44.70184889754475,114.54811128346538,65.46790096814792,1742.5371170894439,0.0,44.70184889754473,61.11081650262085,0.0,0.0,20.419616000149266,247.12485053044407,23.328039496342588,-800.4833024536489,20.188556301671619,-256.59144425410696,19.987756462962627,333.9280007560045,17.699261377284139,32.82374437082559,23.19730110222187,-502.2275706715542,18.827968895587838,299.5375824874705,17.128134585413144,183.68409150043545,18.336027518870425,285.8652419353862,234.68360532486978,-106.68456164902389,0.0,0.0,0.0,0.0,0.0,0.0,0.0,0.0,0.0,0.0,0.0,0.0,0.0,0.0,0.0,0.0,0.0,0.0,0.0,0.0,0.0,0.0,0.0,0.0,277.25020562802077,329.1454320534452,2152.5553081981636,0.0,0.0,264.0078461729345,312.84177603770777,2317.5295207096626,0.017946985410603426,0.003391342670182053,265.7236198030708,315.6731901371873,1962.1923857838429,0.11038313891757289,0.020858491858951779,265.67833108389018,316.188138170045,1663.1731871612613,0.0,0.0,8.749916824570987,10.505796625923943,9.07516189760219,0.0,0.0,98.40119876164863,116.41851438092692,950.6133025800865,0.0,0.0,262.0206930564403,312.71591142035995,1195.983422704949,0.0,0.0,36.11204086625791,43.412309961729309,11.154334308921963,0.0,0.0,124.0801936241364,148.54937248760045,340.41256407973597,21.54932194329178,14.780056202532084,394.50753675799577,469.87168935400976,2519.7447591627608,0.0,0.0,148.90479643177776,177.46328619376073,807.2257628082344,0.0,21.304986191808689,36.8504670207607,20.999999999999994,29.99999999999999,0.0,21.853028156402574,35.65246193237009,15.999999999999993,29.99999999999999,101.22653154718084,21.118495376320629,37.27809344433373,20.999999999999994,29.99999999999999,0.0,20.56223935756435,38.56870592269913,15.999999999999993,29.99999999999999,0.0,17.94050634587846,45.15018467637379,11.999999999999995,29.99999999999999,0.0,22.26979579194464,34.59211929864852,15.999999999999993,29.99999999999999,0.0,19.69579921741425,40.53111510186214,9.999999999999997,29.99999999999999,0.0,17.58075111862678,46.226802426383589,11.999999999999995,29.99999999999999,0.0,18.787127236291878,42.859955535382947,15.999999999999993,29.99999999999999,0.0,20.437933781510894,0.0,0.0,0.0,20.112011385450829,0.0,0.0,497.33611707779149,495.1192355512008,496.9280326733309,497.90351484252406,516.2391274382402,511.6001335073055,510.96051951309905,513.9355497341732,513.4185601321478,3449.877066034209,81.27632943059986,81.27632943059986,59.99999999999998,0.0,59.99999999999998,59.99999999999998,16.0,16.0,16.0,16.0,12.0,12.0,21.0,10.0,1.0,0.0,0.0,0.0,101.22653154718084,0.0,0.0,0.0,0.0,0.0,0.0,0.0,0.0,81.27632943059986,81.27632943059986,0.1133333333333333,0.206351915771009,0.12009379133988647,81.27632943059986,0.11808826064796245,0.0,0.0019233333333333336 
 03/09  15:40:00,17.456666666666665,47.66666666666667,3.8099999999999998,67.66666666666667,647.1666666666667,0.0,0.0,0.0,0.0,0.0,0.0,0.0,0.0,0.0,0.0,1400.0,0.0,2069.953687053304,42.000075799135718,107.62478017607474,62.06675672828632,1652.0101845361533,0.0,42.00007579913569,57.4172878428329,0.0,0.0,20.392628251797495,366.361844711441,23.413309455614106,-679.9777053915225,20.66075814132338,-894.7834384930718,20.165422127572378,538.5703720748126,17.763366039021038,33.128662150188478,23.23155470327989,-497.0180209383681,18.90330781186231,286.7138964405409,17.175488869824429,182.72139182413657,18.398766634308119,286.5647660956432,277.45135791797119,-97.61712542712488,0.0,0.0,0.0,0.0,0.0,0.0,0.0,0.0,0.0,0.0,0.0,0.0,0.0,0.0,0.0,0.0,0.0,0.0,0.0,0.0,0.0,0.0,0.0,0.0,336.27540790385197,399.2403078452814,2620.6808963227738,0.0,0.0,240.80219708479678,285.224401383516,2191.897236816998,0.010921051764421687,0.0020636908096034968,386.2673198759871,458.0116843626628,3332.6584245667165,0.11717721166420536,0.02214233024644848,303.7785948285517,361.3072980035342,2077.6200361839548,0.0,0.0,8.755931729659079,10.514723464280387,9.980631064274018,0.0,0.0,98.02423876598792,115.99121231954359,955.8009113205046,0.0,0.0,261.9187702875428,312.6218718127942,1232.204010847182,0.0,0.0,35.85508101396086,43.11125794602016,14.230994265850399,0.0,0.0,124.8623870475115,149.505370043547,356.70817414296467,21.26430090180568,14.584568519756992,536.8431818406491,638.7113434841264,3642.648446173797,0.0,0.0,149.44919638563429,178.14481862842875,822.3438226408663,0.0,21.331797234375459,36.80155611957724,21.000000000000008,30.00000000000001,0.0,22.01068882291046,35.31725352363127,16.000000000000008,30.00000000000001,1585.8536627253953,21.73476660385011,35.92377660220061,21.500000000000008,30.00000000000001,0.0,20.847015264028447,37.91236219053221,16.000000000000008,30.00000000000001,0.0,17.998212857931227,45.014024389684667,12.000000000000004,30.00000000000001,0.0,22.322957410684415,34.500068651457699,19.000000000000008,30.00000000000001,0.0,19.773073556104948,40.35921997786306,10.000000000000004,30.00000000000001,0.0,17.63096538280621,46.105660762901838,16.000000000000008,30.00000000000001,0.0,18.8504122313075,42.71546448708854,16.000000000000008,30.00000000000001,0.0,20.680259859341278,0.0,0.0,0.0,20.159982982164295,0.0,0.0,495.4041897457433,493.9746291910974,494.94858553156169,495.9034495863679,514.3210779992069,509.48410009532838,508.87718096008089,512.0313476337466,511.3710132938879,3933.868148936456,83.37615130089454,83.37615130089454,60.00000000000002,0.0,60.00000000000002,60.00000000000002,16.0,16.0,19.0,16.0,16.0,12.0,21.0,10.0,1.0,0.0,0.0,0.0,1585.8536627253953,0.0,0.0,0.0,0.0,0.0,0.0,0.0,0.0,83.37615130089454,83.37615130089454,0.17000000000000013,0.38530840543404157,0.18014068700982989,83.37615130089454,0.1771323909719439,0.0,0.00192 
 03/09  15:50:00,17.46333333333333,47.83333333333333,3.6550000000000004,64.33333333333333,617.3333333333334,0.0,0.0,0.0,0.0,0.0,0.0,0.0,0.0,0.0,0.0,350.0,0.0,1955.0179015317474,39.326951812428408,100.77486624396956,58.62044076631686,1560.280915522164,0.0,39.32695181242838,53.76292469076656,0.0,0.0,20.454257295101319,338.4121567583188,23.46897011934432,-796.3030710540224,20.21202149699986,37.53522526593406,20.136957004562995,171.2968341051701,17.83231462060295,32.149069505438948,23.2546827054703,-493.3783197008397,18.96892442720649,271.90109679526906,17.2311756335776,183.14709601218966,18.467783177976977,274.9539661785684,245.99670946367406,-92.72276947098999,0.0,0.0,0.0,0.0,0.0,0.0,0.0,0.0,0.0,0.0,0.0,0.0,0.0,0.0,0.0,0.0,0.0,0.0,0.0,0.0,0.0,0.0,0.0,0.0,294.4446549946506,348.2864814742935,2312.1438653705365,0.0,0.0,293.12133805134456,345.8659672640301,2720.3413519354537,0.14200685746545498,0.026834251221741314,170.77238993125355,202.25724336088903,1215.3630979574098,0.08125270197539764,0.015353874145010887,181.7776888883438,215.54415611259334,1168.8855154384915,0.0,0.0,8.610497606407672,10.301310068110717,10.942261216656242,0.0,0.0,97.98967832768364,115.52187953055337,964.7504032886808,0.0,0.0,262.05423226237556,311.62124996359298,1261.5996834116939,0.0,0.0,36.52061642109783,43.74746043387344,19.01135080153171,0.0,0.0,124.97794607877487,149.0790811438623,374.8691132388631,20.56097213596308,14.102175676243544,291.8104203408965,346.0072438608052,2003.8534031977673,0.0,0.0,150.11988021959028,178.29641795463034,834.2067538358128,0.0,21.38190516523973,36.688202697692378,21.0,30.0,0.0,22.106508823854619,35.14570469207428,16.0,30.0,254.26013918376675,21.00699987995821,37.539186986215479,21.0,30.0,0.0,20.662307211256168,38.34366152464995,16.0,30.0,0.0,18.069430535822709,44.85019319938209,12.0,30.0,0.0,22.375622274342257,34.41135905434324,19.0,30.0,0.0,19.833657741681816,40.223756684829577,10.0,30.0,0.0,17.698620479890037,45.94158363750058,16.0,30.0,0.0,18.92744619305881,42.53604268149384,16.0,30.0,0.0,20.665882541314099,0.0,0.0,0.0,20.192745053573736,0.0,0.0,494.98322021176247,489.7899475182298,495.39346857103109,495.4020384537356,511.561540071443,507.10253917531596,507.3331597213091,509.4796978409956,509.12590922543708,7390.622454696276,83.11801422042356,83.11801422042356,60.0,0.0,60.0,60.0,16.0,16.0,19.0,16.0,16.0,12.0,21.0,10.0,1.0,0.0,0.0,0.0,254.26013918376675,0.0,0.0,0.0,0.0,0.0,0.0,0.0,0.0,83.11801422042356,83.11801422042356,0.34,0.6148824353321476,0.36028137401965956,83.11801422042356,0.3542647819438875,0.0,0.0019466666666666667 
 03/09  16:00:00,17.47,48.0,3.5,61.0,587.5,0.0,0.0,0.0,0.0,0.0,0.0,0.0,0.0,0.0,0.0,1404.0,0.0,1839.0620220589554,36.686486205742209,94.00864364539487,55.14353871297824,1467.7375305164897,0.0,36.686486205742188,50.15320802017613,0.0,0.0,20.529524795423645,355.45289735063127,23.46641787693794,-703.4013943979862,20.74078426402753,-779.388791613489,20.265740200440815,492.6104832625474,17.880892766863988,32.73078069231188,23.24802780271366,-481.9569272259422,19.024217116687959,283.0916766863593,17.266876555312355,181.86672206939614,18.513493604857069,275.44451101668417,268.7052909712347,-80.238627405334,0.0,0.0,0.0,0.0,0.0,0.0,0.0,0.0,0.0,0.0,0.0,0.0,0.0,0.0,0.0,0.0,0.0,0.0,0.0,0.0,0.0,0.0,0.0,0.0,330.03744575372567,391.67722730468389,2647.1658595816745,0.0,0.0,250.23347766530859,296.28989963535556,2332.6992693022646,0.11226899950495012,0.021214852514162918,360.5222471317872,427.3881590893392,3123.899150596322,0.1271234767275619,0.024021820999161355,288.8919863878904,343.43819345068877,2012.5845669882522,0.0,0.0,8.662064813495763,10.397285006395628,11.444992125774102,0.0,0.0,97.23833756054353,115.02664932521394,957.7881930197664,0.0,0.0,261.1718701980309,311.58767648312598,1277.5021100082238,0.0,0.0,36.15816978227164,43.457726365846998,20.360315943403817,0.0,0.0,124.55737939342655,149.06960083484788,380.1269539731711,20.330526459456708,13.944119656691845,526.8775340829649,626.4341654011759,3690.5488080916595,0.0,0.0,149.15572310859259,177.74408819882098,833.5741727339627,0.0,21.46804025383728,36.52806200436577,21.0,30.0,0.0,22.13875577231223,35.073426231496217,16.0,30.0,1462.2823054592853,21.778248077667663,35.85169404549565,21.5,30.0,0.0,20.911604468932564,37.782164485890849,16.0,30.0,0.0,18.101387231850646,44.77467723911943,12.0,30.0,0.0,22.387526331792765,34.39910348269065,19.0,30.0,0.0,19.880370705819695,40.132586759158417,10.0,30.0,0.0,17.72642101754371,45.87810634700884,16.0,30.0,0.0,18.961020372479426,42.465760095975998,16.0,30.0,0.0,20.800409522096424,0.0,0.0,0.0,20.216934649790035,0.0,0.0,491.92548688539349,491.0004264703964,492.54329280001789,493.67644162631566,510.3570815399189,505.6503222347342,504.95838588732519,508.02431253063176,507.4061803430465,4436.933304024004,83.1211022910343,83.1211022910343,60.0,0.0,60.0,60.0,16.0,16.0,19.0,16.0,16.0,12.0,21.0,10.0,1.0,0.0,0.0,0.0,1462.2823054592853,0.0,0.0,0.0,0.0,0.0,0.0,0.0,0.0,83.1211022910343,83.1211022910343,0.17,0.3837348048563951,0.18014068700982978,83.1211022910343,0.17713239097194376,0.0,0.0019733333333333336 
 03/09  16:10:00,17.313333333333334,48.83333333333333,3.411666666666667,57.66666666666667,557.6666666666667,0.0,0.0,0.0,2.0,0.0,0.0,0.0,0.0,0.0,4.0,1053.0,0.0,1724.3910869772367,34.103591485422978,87.38994988133827,51.70516601795572,1376.2196560182552,0.0,34.10359148542296,46.62219511597194,0.0,0.0,20.54695728218004,314.0647516145873,23.481570184333429,-730.255514628691,20.730595561072954,-453.04178609433259,20.361331860072015,326.5783163818669,17.929893919723793,22.728325921775576,23.502597805011395,-44.66800448964547,18.828081814015733,30.75021789088775,17.303493370476916,170.59258909730225,18.54413615973826,202.1890698731807,279.30491824034717,-91.1282056376543,0.0,0.0,0.0,0.0,0.0,0.0,0.0,0.0,0.0,0.0,0.0,0.0,0.0,0.0,0.0,0.0,0.0,0.0,0.0,0.0,0.0,0.0,0.0,0.0,276.84290971086178,328.3998799608153,2283.1954823957505,0.0,0.0,272.00645523082246,321.81472940732899,2658.68156398193,0.0423426728826053,0.008001260937756105,261.36055129362969,309.80308345482566,2273.865249106576,0.11636814500488679,0.021989445390190246,271.0643483514863,322.0494508501833,2005.5597803956414,0.0,0.0,5.98972744981627,7.18651815591279,10.229641720404106,0.0,0.0,10.940804812607374,12.909742741860292,122.2451267850847,0.0,0.0,149.98783067828453,179.20877516579069,647.7830126370566,0.0,0.0,34.33881960177636,41.25665099737855,32.44990037815393,0.0,0.0,98.28729445017342,117.64116491502048,333.2094281951629,20.352091061813988,13.958910193288059,500.27212332751176,594.5369694414956,3742.4397576511566,0.0,0.0,121.31322641798926,144.58458189795676,712.1148093849442,0.0,21.431295422760578,36.624203108606469,21.0,30.0,0.0,22.20762679487173,34.94706341308125,16.0,30.0,0.0,21.667442500206844,36.832793660237317,21.0,30.0,0.0,20.99755155727027,38.067011776293018,16.0,30.0,0.0,18.135889088550909,44.71114211866632,12.0,30.0,0.0,22.894633045649564,35.17182070924981,19.0,30.0,0.0,19.421224870610766,41.330154272559777,10.0,30.0,0.0,17.75829668837426,45.819533375864939,16.0,30.0,0.0,18.967560230858124,42.478041039297448,16.0,30.0,0.0,20.90650181810142,0.0,0.0,0.0,20.19645261084388,0.0,0.0,491.62931160410019,490.16406033598596,532.4063742011864,517.5371083097546,509.0247742607005,603.3476344728795,502.1990858052247,506.2922693236684,505.77457145165246,0.0,84.10489345302213,84.10489345302213,1744.0,0.0,1744.0,1744.0,16.0,16.0,19.0,16.0,16.0,12.0,21.0,10.0,1.0,0.0,0.0,0.0,0.0,0.0,0.0,0.0,0.0,0.0,0.0,0.0,0.0,84.10489345302213,84.10489345302213,0.0,0.0,0.0,84.10489345302213,0.0,0.0,0.058133333333333338 
 03/09  16:20:00,17.156666666666668,49.666666666666667,3.3233333333333334,54.33333333333333,527.8333333333333,0.0,0.0,0.0,2.0,0.0,0.0,0.0,0.0,0.0,4.0,702.0,0.0,1608.2476417017443,31.542601780145014,80.82739373694392,48.2226419412844,1283.526599022049,0.0,31.542601780144996,43.121128028052478,0.0,0.0,20.58133532662786,312.2815161669032,23.445214590557744,-716.3278686063677,20.961268593884733,-634.5825678142537,20.42107951981636,398.9974542219534,17.967953184785278,19.318061960257226,23.830454753297823,-61.354826393966849,18.706148983286974,116.08172333515859,17.3201177087806,155.43992872266575,18.514151572910856,141.87730229535897,280.9866949110092,-92.45838629375567,0.0,0.0,0.0,0.0,0.0,0.0,0.0,0.0,0.0,0.0,0.0,0.0,0.0,0.0,0.0,0.0,0.0,0.0,0.0,0.0,0.0,0.0,0.048927928207392359,0.014935265020571539,284.85635554035789,337.6628420327577,2445.9038541146285,0.0,0.0,277.11069771747528,327.6372137127528,2793.0204901013969,0.0,0.0,287.02199804974137,339.5059824268918,2755.2217079013446,0.11766705171533631,0.022234892614387056,293.6044992989772,348.35289673059659,2309.1830988735357,0.0,0.0,5.942907382089421,7.124394978755313,12.292842527242723,0.0,0.0,12.074840295419623,14.201854882819127,152.44573597541592,0.0,0.0,122.90963447853295,146.85108463979135,507.93854238977078,0.0,0.0,31.72576684757486,38.08828652086345,39.91602342012456,0.0,0.0,72.70990842412553,86.97293734845116,255.589597266916,20.38450913639683,13.981144812343509,532.4828411741366,632.183359826071,4180.0410475223629,0.0,0.0,93.06284906688049,110.82617149652222,567.4087320207742,0.0,21.443234180673785,36.66475350999521,21.0,30.0,0.0,22.202799602107029,35.1291178293951,16.0,30.0,0.0,21.957534206015099,36.34481154540455,21.0,30.0,0.0,21.070942200488284,38.249016847605819,16.0,30.0,0.0,18.15729493780509,44.71703792873527,12.0,30.0,0.0,23.48220747564264,36.1950450532856,19.0,30.0,0.0,19.182748719828273,41.988731397201849,10.0,30.0,0.0,17.755829656394114,45.917904741710277,16.0,30.0,0.0,18.8731878883318,42.80363850370854,16.0,30.0,0.0,20.93415218133577,0.0,0.0,0.0,20.156060958218697,0.0,0.0,493.54698972752058,498.29365836065235,537.2585896109496,533.5698893953299,509.0409815237251,720.8553510373733,500.6543004936014,507.005912321682,506.10840975812837,0.0,84.10489345302213,84.10489345302213,1744.0,0.0,1744.0,1744.0,16.0,16.0,19.0,16.0,16.0,12.0,21.0,10.0,1.0,0.0,0.0,0.0,0.0,0.0,0.0,0.0,0.0,0.0,0.0,0.0,0.0,84.10489345302213,84.10489345302213,0.0,0.0,0.0,84.10489345302213,0.0,0.0,0.05881155555555557 
 03/09  16:30:00,17.0,50.5,3.2350000000000005,51.0,498.0,0.0,0.0,0.0,2.0,0.0,0.0,0.0,0.0,0.0,4.0,702.0,0.0,1492.5666590322304,29.024814424089479,74.37554897510334,44.75398570299591,1191.2026407219258,0.0,29.024814424089464,39.67912182689555,0.0,0.0,20.609295976444625,305.70657271230086,23.41322729578885,-664.573103440639,21.090468944542978,-647.054007962176,20.544634997607319,422.7725808848936,18.0036059644057,17.121701377644258,24.029509742763218,-77.17454717496656,18.67170284615778,118.68292000449446,17.326393835640617,142.50487759352598,18.485427688402667,127.66823072964553,303.98147514028826,-81.9032155603627,0.0,0.0,0.0,0.0,0.0,0.0,0.0,0.0,0.0,0.0,0.0,0.0,0.0,0.0,0.0,0.0,0.0,0.0,0.0,0.0,0.0,0.0,0.24719982015156995,0.07545782055908729,289.64037061059147,343.3145754883483,2578.7184844041696,0.0,0.0,276.6543402708457,327.0480307047021,2885.1703822174647,0.0,0.0,292.1842637314068,345.55381657300986,2961.1349105965425,0.09758998394315194,0.01844104004972636,292.9201953199172,347.3944755066992,2498.495826992241,0.0,0.0,5.9254862618740209,7.103214497791815,14.349570512184986,0.0,0.0,13.569181584755004,15.938703969448781,184.58965016776546,0.0,0.0,113.69360744674079,135.8541634944816,487.4509537097065,0.0,0.0,29.3845549893953,35.27596808193833,45.02909965722892,0.0,0.0,65.65529415626384,78.53701472110657,240.48667803081657,20.528870354540609,14.080157993512082,538.5596963526836,639.2034095709323,4527.294511800923,0.0,0.0,84.49861948118644,100.6095967645045,537.3429314607402,0.0,21.441334720474474,37.08988454593714,21.0,30.0,0.0,22.221258634438539,35.47162069224362,16.0,30.0,0.0,22.071444910967374,36.471507065243688,21.0,30.0,0.0,21.254578881801863,38.202313287527797,16.0,30.0,0.0,18.17516268800013,44.82109555069681,12.0,30.0,0.0,23.830490986378178,36.87458143176939,19.0,30.0,0.0,19.103734832062686,42.53563427128636,10.0,30.0,0.0,17.734617256929185,46.42466496703388,16.0,30.0,0.0,18.792090362432604,43.41033149215616,16.0,30.0,0.0,21.04710493067865,0.0,0.0,0.0,20.128544532666717,0.0,0.0,512.5268551435883,515.3670613546792,553.1503765688073,548.4005315890796,511.9258258330092,787.772747746249,510.81436696720177,519.415376921006,517.2252938466513,0.0,84.10489345302213,84.10489345302213,1744.0,0.0,1744.0,1744.0,16.0,16.0,19.0,16.0,16.0,12.0,21.0,10.0,1.0,0.0,0.0,0.0,0.0,0.0,0.0,0.0,0.0,0.0,0.0,0.0,0.0,84.10489345302213,84.10489345302213,0.0,0.0,0.0,84.10489345302213,0.0,0.0,0.05948977777777778 
 03/09  16:40:00,16.843333333333335,51.33333333333333,3.1466666666666667,45.166666666666667,466.66666666666665,0.0,0.0,0.0,2.0,0.0,0.0,0.0,0.0,0.0,4.0,351.0,0.0,1366.8722114429898,25.50067110941293,65.3449619985761,40.98507928156459,1090.8870285194979,0.0,25.500671109412918,34.86135073367428,0.0,0.0,20.65477490541074,301.73724734067948,23.3609275086923,-653.0803313119486,21.203266667302154,-695.2872269438994,20.625316309711388,395.69781278749908,18.04078411185865,16.766256311342859,24.17235953366457,-84.92919401044913,18.663255185333705,125.03705580161113,17.33865902479055,142.15633598542514,18.470622852154393,133.88503742716467,305.71166520280897,-73.7820033955104,0.0,0.0,0.0,0.0,0.0,0.0,0.0,0.0,0.0,0.0,0.0,0.0,0.0,0.0,0.0,0.0,0.0,0.0,0.0,0.0,0.0,0.0,0.3077537766712073,0.0939419342708203,291.66053799700537,344.8683721057213,2708.5987314369119,0.0,0.0,278.04206272365686,327.9278270727742,2982.8280342477926,0.0,0.0,293.5972247914907,346.2646143382329,3123.7268678415609,0.10081468725181135,0.01905039441644205,293.80247144165477,347.4823560730365,2656.927081086446,0.0,0.0,5.949673767052212,7.114956270109658,16.58683659902652,0.0,0.0,13.731058588741837,16.064617309297089,198.20937001747658,0.0,0.0,113.61819976532142,135.45743669790464,516.1919074216758,0.0,0.0,29.22019858248028,34.996181291168799,53.716818414751319,0.0,0.0,65.6069891290684,78.30365129068231,254.73098877312098,20.5660402590743,14.105651755194997,541.4094878832614,640.9967007205434,4759.5159811808539,0.0,0.0,84.4080096065628,100.2739761996455,555.4238401162087,0.0,21.474089261210826,37.16150357795831,21.0,30.0,0.0,22.21224262925588,35.70564457240726,16.0,30.0,0.0,22.16697746299559,36.47764999276592,21.0,30.0,0.0,21.35379859584464,38.12217195007913,19.0,30.0,0.0,18.198999427510427,44.995741167598897,12.0,30.0,0.0,24.09465397882837,37.55202774479815,19.0,30.0,0.0,19.07280556111394,42.846163864065278,10.0,30.0,0.0,17.728489886749889,46.84159611866741,16.0,30.0,0.0,18.743368666378719,43.87460370527218,16.0,30.0,0.0,21.074558134630498,0.0,0.0,0.0,20.079948837968126,0.0,0.0,517.5483596733272,525.9811761440315,563.3769613023362,553.6145310558114,517.7723105837423,841.4803275353617,518.1678563902472,531.2261577223499,527.6962203158437,0.0,84.10489345302213,84.10489345302213,1744.0,0.0,1744.0,1744.0,16.0,19.0,19.0,16.0,16.0,12.0,21.0,10.0,1.0,0.0,0.0,0.0,0.0,0.0,0.0,0.0,0.0,0.0,0.0,0.0,0.0,84.10489345302213,84.10489345302213,0.0,0.0,0.0,84.10489345302213,0.0,0.0,0.060168 
 03/09  16:50:00,16.686666666666669,52.16666666666667,3.0583333333333337,39.33333333333334,435.33333333333339,0.0,0.0,0.0,2.0,0.0,0.0,0.0,0.0,0.0,4.0,351.0,0.0,1243.2726836551738,22.01433780539165,56.411270347197888,37.278989288637919,992.2433633963542,0.0,22.01433780539164,30.095268791575415,0.0,0.0,20.683444276232266,288.2890628379264,23.300474577073424,-618.1151619272696,21.291004250649189,-711.1597759181641,20.68490328239176,393.1039017388157,18.075166019942637,16.236026820785754,24.226669272634685,-90.78548430275078,18.67005349642157,123.43228966005973,17.353080047102489,137.41227610270108,18.473276686076816,135.12441237234408,313.36530200404379,-61.7483290998357,0.0,0.0,0.0,0.0,0.0,0.0,0.0,0.0,0.0,0.0,0.0,0.0,0.0,0.0,0.0,0.0,0.0,0.0,0.0,0.0,0.0,0.0,0.3750526974539711,0.11448495038277507,287.01226365113288,339.37313950676636,2755.063651460247,0.0,0.0,272.28564233503007,321.1535290513763,3000.643940668027,0.0,0.0,293.0297195511639,345.52928035844328,3243.259146023662,0.09984509765497519,0.018867176427621914,292.1692203748666,345.4739133030082,2770.755409628283,0.0,0.0,5.9724251820301819,7.1416632146947329,18.781326149735248,0.0,0.0,14.130777066376817,16.52352504505926,211.40683170658205,0.0,0.0,114.57945676332116,136.6062220293687,555.3892071515512,0.0,0.0,28.799545794821716,34.49177594098597,62.010516694589949,0.0,0.0,66.94078539652583,79.89800973690004,279.19659387247909,20.624669074417619,14.145863562700703,535.3676085693766,633.7629468161631,4929.999483794224,0.0,0.0,85.58887783615328,101.69400765942354,580.3834796042243,0.0,21.47178261205529,37.34819094090127,21.0,30.0,0.0,22.201459683472249,35.84747218421494,16.0,30.0,0.0,22.225706114343624,36.47379933166051,21.0,30.0,0.0,21.417626050290545,38.15824943980676,19.0,30.0,0.0,18.218619687281917,45.15249051926647,12.0,30.0,0.0,24.205075971172009,37.962039982407898,19.0,30.0,0.0,19.066580448084129,43.05660619924397,10.0,30.0,0.0,17.727027637556053,47.16199617097739,16.0,30.0,0.0,18.729083465638593,44.19191644168776,16.0,30.0,0.0,21.11674659666534,0.0,0.0,0.0,20.02228980505331,0.0,0.0,526.3351338288263,529.3898576091148,566.9596218688458,562.1381123614502,523.346768586147,866.7913923464364,524.4708011588227,541.0387248995362,536.8313522197631,0.0,84.10489345302213,84.10489345302213,1744.0,0.0,1744.0,1744.0,16.0,19.0,19.0,16.0,16.0,12.0,21.0,10.0,1.0,0.0,0.0,0.0,0.0,0.0,0.0,0.0,0.0,0.0,0.0,0.0,0.0,84.10489345302213,84.10489345302213,0.0,0.0,0.0,84.10489345302213,0.0,0.0,0.05997422222222223 
 03/09  17:00:00,16.53,53.0,2.97,33.5,404.0,0.0,0.0,0.0,2.0,0.0,0.0,0.0,0.0,0.0,4.0,351.0,0.0,1122.5978519444817,18.569415630653038,47.58370213534182,33.66059619492306,895.9338813127722,0.0,18.569415630653027,25.385799002780524,0.0,0.0,20.713509269533156,279.666539509255,23.235588707462065,-582.7945334417073,21.376116821242709,-720.5419975747991,20.738146013311594,391.51324937827487,18.108708059105724,15.744707575681474,24.241444622500027,-93.80760752722392,18.68009338227214,120.06938301765422,17.367809649313796,132.76290570293782,18.47946465350445,131.73046712938868,318.31326714867466,-47.28860232570196,0.0,0.0,0.0,0.0,0.0,0.0,0.0,0.0,0.0,0.0,0.0,0.0,0.0,0.0,0.0,0.0,0.0,0.0,0.0,0.0,0.0,0.0,0.43932116334440288,0.1341029192137982,285.17007440041587,337.19530860389008,2828.9327767663255,0.0,0.0,269.4660316619642,317.84527392443325,3048.0093862620735,0.0,0.0,292.0897258226111,344.35249162623549,3360.273360609787,0.09812450126629259,0.018542044834900335,289.9444381697389,342.7810597912742,2872.448312938487,0.0,0.0,5.96946155082388,7.137606691547068,20.897393593557739,0.0,0.0,14.360806770804631,16.787855889897508,220.80847102200355,0.0,0.0,114.63255430524186,136.66905509813365,591.2253836462504,0.0,0.0,28.548727384262535,34.190247211322979,70.66383432850368,0.0,0.0,67.35542518567446,80.39317159330028,301.25498902244206,20.673061869102356,14.179054779905599,531.7736084878675,629.4470710304274,5101.74619354118,0.0,0.0,85.92653999390454,102.11648257097741,598.1509378679853,0.0,21.47391654000872,37.472668588646779,21.0,30.0,0.0,22.1900730797397,35.967575106308419,16.0,30.0,0.0,22.2884425053564,36.43830277870525,21.0,30.0,0.0,21.47309303574413,38.16448907405892,19.0,30.0,0.0,18.23786169235669,45.324437706324157,12.0,30.0,0.0,24.258489094009645,38.298351433578059,19.0,30.0,0.0,19.063523134816344,43.31671330962012,10.0,30.0,0.0,17.729108960154656,47.489571496888569,16.0,30.0,0.0,18.72159800190554,44.509079367896259,16.0,30.0,0.0,21.14376469866902,0.0,0.0,0.0,19.95417015479262,0.0,0.0,530.0174694516583,532.7692949449032,570.5600177346454,565.8929146147604,529.5535775813939,882.8143859323939,533.6108546254232,550.8654130573564,546.1470421826526,0.0,84.10489345302213,84.10489345302213,1744.0,0.0,1744.0,1744.0,16.0,19.0,19.0,16.0,16.0,12.0,21.0,10.0,1.0,0.0,0.0,0.0,0.0,0.0,0.0,0.0,0.0,0.0,0.0,0.0,0.0,84.10489345302213,84.10489345302213,0.0,0.0,0.0,84.10489345302213,0.0,0.0,0.05978044444444444 
 03/09  17:10:00,16.095000000000004,55.0,2.966666666666667,27.666666666666666,372.66666666666665,0.0,4.0,0.0,0.0,0.0,0.0,0.0,0.0,0.0,0.0,2457.0,0.0,1005.9759792756253,15.169559719403316,38.87162384963586,30.16373043155295,802.8590370817839,0.0,15.169559719403308,20.737938212862635,0.0,0.0,20.785340921410048,303.232614791885,23.169658411092308,-561.5932970095665,21.0017022865006,-177.6464484923465,20.77083349288425,-26.052906554412585,18.146577092598649,31.43758273987224,23.80578009958618,-888.2210266030352,19.151550952862615,564.3786954238881,17.39515064713556,157.21826966123525,18.53742323322013,285.478350395419,305.063417354958,25.724013269561579,0.0,0.0,0.0,0.0,0.0,0.0,0.0,0.0,0.0,0.0,0.0,0.0,0.0,0.0,0.0,0.0,0.0,0.0,0.0,0.0,0.0,0.0,0.2973319185636053,0.09076065890219944,324.34749792753669,385.17489094827479,3552.4403077053946,0.0,0.0,242.80296440827576,287.52990219363297,2955.3063608364666,0.2506556539646403,0.04736501397668942,112.59612445690644,133.68741721705286,1289.0022046467726,0.09161038031228944,0.017311107390833227,15.621465058061789,18.563821329304916,167.25577645827173,0.0,0.0,9.91423204688114,11.90304581620174,43.95963066087161,0.0,0.0,122.31063831294913,144.20578903882027,1806.732780331976,0.0,0.0,293.29569103681697,349.86067837651049,2311.0131127697138,0.0,0.0,35.34844056628231,42.49449254556889,120.82851126465934,0.0,0.0,137.3038070613515,164.42258788393716,763.9877041394287,21.201192984190468,14.541284625645045,297.3844116730818,353.82027802746605,3145.3163315221106,0.0,0.0,162.80339240089166,194.18123222756516,1281.3105713986259,0.0,21.560507888441657,37.749843447999577,21.0,29.999999999999994,0.0,22.190095478610095,36.29228678795898,16.0,29.999999999999994,0.0,21.709430122813929,37.409895796729539,21.0,29.999999999999994,0.0,21.397375829431078,41.30896900850285,19.0,29.999999999999994,0.0,18.266249318462113,45.836288843610578,12.0,29.999999999999994,0.0,23.47968642156564,35.416815269879119,16.0,29.999999999999994,0.0,19.981824730677034,43.16137822927156,10.0,29.999999999999994,0.0,17.758857880958794,48.22810480245885,16.0,29.999999999999994,0.0,18.82055697815177,45.44561904393272,16.0,29.999999999999994,0.0,21.014140103947957,0.0,0.0,0.0,19.965654889712405,0.0,0.0,544.9097784613402,539.0421939667499,546.4163850851892,732.0937582793189,548.9527012666721,649.6220754795563,620.771870760597,577.5168145097581,588.6869172886952,0.0,84.10489345302213,84.10489345302213,161.99999999999998,0.0,161.99999999999998,161.99999999999998,16.0,19.0,16.0,16.0,16.0,12.0,21.0,10.0,1.0,0.0,0.0,0.0,0.0,0.0,0.0,0.0,0.0,0.0,0.0,0.0,0.0,84.10489345302213,84.10489345302213,0.0,0.0,0.0,84.10489345302213,0.0,0.0,0.005535000000000001 
 03/09  17:20:00,15.66,57.0,2.963333333333334,21.833333333333333,341.33333333333339,0.0,4.0,0.0,0.0,0.0,0.0,0.0,0.0,0.0,0.0,702.0,0.0,856.2183440735538,12.75694510751528,32.68930639232204,25.673307814992769,683.3389250734799,0.0,12.756945107515273,17.43971112662841,0.0,0.0,20.799456440739076,258.2142325336872,23.03564897779936,-574.1050930925312,20.66478868162419,31.02729507151321,20.73770947904552,-28.932481589326018,18.19554094781421,32.58847929366053,23.288088181653806,-564.256830535064,19.309701712454048,259.98323698278457,17.448738718984538,160.87126529803664,18.654841052551544,262.46764261191768,285.82250633950209,82.48750922709542,0.0,0.0,0.0,0.0,0.0,0.0,0.0,0.0,0.0,0.0,0.0,0.0,0.0,0.0,0.0,0.0,0.0,0.0,0.0,0.0,0.0,0.0,0.3755861983592991,0.11464780169697775,273.8236165222452,324.5229512252048,3217.299074591817,0.0,0.0,254.02049090502238,300.4251767940803,3261.41748728816,0.517043270401404,0.0977028099775896,115.77486702693708,137.15950713388166,1271.5958026036,0.04616385200751716,0.008723328043748516,13.265313695855639,15.7078926394928,150.1166343205764,0.0,0.0,9.265195467925932,11.101217696251386,50.217610570765248,0.0,0.0,107.85988251042059,127.29327766197842,1525.9241305267343,0.0,0.0,293.40853384740606,349.2686958563071,2670.6936789044204,0.0,0.0,37.491396868399878,44.98105780608468,166.90786162024819,0.0,0.0,147.94346129606203,176.7915055112274,1006.5974832888003,21.60094195084624,14.81546087163666,242.3882531374224,287.9074006719503,2729.377247491674,0.0,0.0,175.9020004535542,209.49983624587549,1540.2316997586239,0.0,21.519404242106697,37.92870257609565,21.0,30.0,0.0,22.085342259160727,36.731313706638179,16.0,30.0,0.0,21.14541085668066,39.07692605024607,21.0,30.0,0.0,21.286490889501644,46.339867037502447,19.0,30.0,0.0,18.317780444370717,46.55565829499585,12.0,30.0,0.0,22.730994248262215,36.15852265426368,16.0,30.0,0.0,20.1640291382561,42.203964406116529,10.0,30.0,0.0,17.834867877314168,48.95189145027014,16.0,30.0,0.0,19.009239704780958,45.575309405287878,16.0,30.0,0.0,20.821191760613325,0.0,0.0,0.0,19.977329988011137,0.0,0.0,543.0495701725807,541.0572221854461,561.2431181750642,996.997253757962,577.2666010455143,605.2567377887724,600.8039743982001,608.2301282396693,611.5166701408505,0.0,84.10489345302213,84.10489345302213,162.0,0.0,162.0,162.0,16.0,19.0,16.0,16.0,16.0,12.0,21.0,10.0,1.0,0.0,0.0,0.0,0.0,0.0,0.0,0.0,0.0,0.0,0.0,0.0,0.0,84.10489345302213,84.10489345302213,0.0,0.0,0.0,84.10489345302213,0.0,0.0,0.005526 
 03/09  17:30:00,15.225000000000002,59.0,2.96,16.0,310.0,0.0,4.0,0.0,0.0,0.0,0.0,0.0,0.0,0.0,0.0,351.0,0.0,717.0370646705694,9.226528676538754,23.642695509169305,21.50001324839809,572.2597026301656,0.0,9.22652867653875,12.613364207830294,0.0,0.0,20.795208508905838,237.02822679786369,22.84539791142718,-588.8115406869038,20.551106599495769,152.8478225661347,20.723726713255745,-31.82580880199737,18.234731437730419,30.74582660912023,22.991399008943149,-447.57628414549529,19.298356063922033,240.2824710306486,17.49401896639756,160.38667039659618,18.712134182867957,226.279249237974,262.88109488674129,95.02904602227773,0.0,0.0,0.0,0.0,0.0,0.0,0.0,0.0,0.0,0.0,0.0,0.0,0.0,0.0,0.0,0.0,0.0,0.0,0.0,0.0,0.0,0.0,0.42545591710357807,0.12987054856641579,257.4287697217633,304.38836432939919,3219.867337851416,0.0,0.0,253.06892503007465,298.80035441729896,3372.907500975134,0.7063728289513034,0.13347937055013296,210.05647962672877,248.73204431679967,2442.88988600378,0.0,0.0,15.843739066323,18.701206790818337,190.7713315542709,0.0,0.0,8.83385385444309,10.55576096193562,56.26222537697267,0.0,0.0,98.60619305507399,116.21018698773267,1413.4244794831455,0.0,0.0,270.6560222793175,321.4834045485868,2650.995659121824,0.0,0.0,37.30379749001218,44.63954331945054,203.47081695702264,0.0,0.0,131.6801718676658,156.93580911590858,1030.9016047622584,21.98403929788494,15.07821625369338,239.16217277613249,283.5968188069606,2814.4857134398614,0.0,0.0,159.05867791251129,189.0547046367094,1501.8972770361668,0.0,21.457328897955969,38.29836294906509,21.0,30.0,0.0,21.88693369221832,37.26886037006605,16.0,30.0,17.20199250109017,21.000604492805356,39.84125862017277,21.0,30.0,0.0,21.227485320927909,48.84861381061348,19.0,30.0,0.0,18.35035562800164,46.82689350536336,12.0,30.0,0.0,22.383723195706965,36.76653835126778,16.0,30.0,0.0,20.071487854830477,42.473142767291339,10.0,30.0,0.0,17.894244439778384,48.78040180866429,16.0,30.0,0.0,19.08130394418215,45.25494407021874,16.0,30.0,0.0,20.597546022712053,0.0,0.0,0.0,19.880083521153133,0.0,0.0,545.6117997979497,539.5661171922523,577.9490578615222,1123.6162106764446,588.1555940488357,595.5991379175199,599.139166127374,607.102492714597,605.7816006542588,7262.297150266955,83.20283952410465,83.20283952410465,162.0,0.0,162.0,162.0,16.0,19.0,16.0,16.0,16.0,12.0,21.0,10.0,1.0,0.0,0.0,0.0,17.20199250109017,0.0,0.0,0.0,0.0,0.0,0.0,0.0,0.0,83.20283952410465,83.20283952410465,0.34,0.6146446561173795,0.36028137401965956,83.20283952410465,0.3542647819438875,0.0,0.005517 
 03/09  17:40:00,14.79,61.0,2.956666666666667,13.333333333333334,258.33333333333339,0.0,4.0,0.0,0.0,0.0,0.0,0.0,0.0,0.0,0.0,1408.0,0.0,550.1017670952216,7.191419488725175,18.427755308432169,16.494533447055387,439.0303538942187,0.0,7.191419488725171,9.831215656786709,0.0,0.0,20.81174199481134,220.67460323637625,22.715023334837335,-425.1703219359831,21.031767437010858,-393.9398289042281,20.732854413470468,-24.502469399825878,18.26044029215982,28.01021908192486,22.781855123207817,-406.26197552268516,19.297537176782407,201.31227053153862,17.510378178726034,137.57575193795334,18.72393506291468,167.93343252820319,330.3816159916678,108.68417638011602,0.0,0.0,0.0,0.0,0.0,0.0,0.0,0.0,0.0,0.0,0.0,0.0,0.0,0.0,0.0,0.0,0.0,0.0,0.0,0.0,0.0,0.0,0.5543221094162041,0.16920699310628943,306.8075861865252,364.09174437362017,4101.322466974328,0.06804560546058738,0.01038547091889307,177.60166253994493,210.5231483894643,2515.3230212366236,0.45727344204840039,0.08640843576122459,176.60705071575073,209.42179796559433,2521.688258247543,0.033064849945369147,0.006248082000258719,11.78544997050245,13.985139473176688,152.32928105880337,0.0,0.0,8.646602422827563,10.37020991914716,62.78523802317261,0.0,0.0,92.07635956022674,108.97708171432888,1374.0682784825017,0.0,0.0,258.58998070641288,308.38489505714719,2726.441759133979,0.0,0.0,35.874215779748087,43.093192409677047,227.07220942050012,0.0,0.0,125.17693099605133,149.76416180647869,1085.1639826424633,22.829498499633738,15.65809224940586,272.2956838142345,323.92917272574786,3525.5335829458829,0.0,0.0,151.28142878902617,180.57570163902248,1520.3793174406265,0.0,21.445500906503125,38.71854042005196,21.0,30.0,0.0,21.871763356074973,37.77805674694135,21.0,30.0,1036.4586591150956,21.838004063572386,38.160302231397448,21.5,30.0,0.0,21.22041937937054,50.12066807778807,19.0,30.0,0.0,18.35815135844986,46.89726750219271,12.0,30.0,0.0,22.24364770462062,37.08145156365649,16.0,30.0,0.0,20.010087025703045,42.53359807218439,10.0,30.0,0.0,17.892566736054954,48.667138444244127,16.0,30.0,0.0,19.0643436175155,45.18160713540849,16.0,30.0,0.0,20.724687272443665,0.0,0.0,0.0,19.746978321677035,0.0,0.0,561.0597131700922,559.1370947811831,579.1284482947577,1193.7216705566453,589.9611652686725,592.9933127984684,591.9574993020577,600.9381830345277,598.5640329880482,4031.6104479136176,83.71431720343995,83.71431720343995,162.0,0.0,162.0,162.0,21.0,19.0,16.0,16.0,16.0,12.0,21.0,10.0,1.0,0.0,0.0,0.0,1036.4586591150956,0.0,0.0,0.0,0.0,0.0,0.0,0.0,0.0,83.71431720343995,83.71431720343995,0.17,0.3861164665021748,0.18014068700982978,83.71431720343995,0.17713239097194376,0.0,0.005508 
 03/09  17:50:00,14.354999999999999,63.0,2.9533333333333338,10.666666666666668,206.66666666666669,0.0,4.0,0.0,0.0,0.0,0.0,0.0,0.0,0.0,0.0,704.0,0.0,394.13257675424816,5.296047313031611,13.570902376752205,11.817869384031985,314.55296405176866,0.0,5.296047313031608,7.2400981954383829,0.0,0.0,20.801927071153039,202.38568804995612,22.592358855054348,-437.1415579445811,20.604822386036206,-34.393767610026319,20.744450453138805,-28.193372274954073,18.284801171842895,26.60023540245325,22.538712615543177,-364.51159021832248,19.288890501494345,198.06463958877976,17.517959298292689,130.81063236009426,18.716143174371497,152.07818908606715,335.33766156203,136.69720075354736,0.0,0.0,0.0,0.0,0.0,0.0,0.0,0.0,0.0,0.0,0.0,0.0,0.0,0.0,0.0,0.0,0.0,0.0,0.0,0.0,0.0,0.0,0.6184005191014994,0.1887669472226799,281.57526945937948,333.95250874372399,3975.412369854147,0.06267622146635896,0.009565967867270905,201.52337409587978,238.46395677237934,3019.1469720941906,0.6247627889251776,0.11805797220808348,158.96707831904738,188.59707067475524,2150.2765394713458,0.02590662842449074,0.004895432430931733,15.18333127081668,17.945852807693293,209.3124736492946,0.0,0.0,8.563295648673268,10.257969361420136,69.88294620020349,0.0,0.0,90.0299162895085,106.50727430277814,1384.2023654622524,0.0,0.0,255.85382743648229,304.8174236730014,2892.2108032914527,0.0,0.0,35.904341726109127,43.07791168955801,258.24034758490509,0.0,0.0,123.37490058323772,147.45036541164274,1168.680320660225,23.288469172094826,15.972886949310585,251.4085120776171,298.87022649187136,3478.968572371404,0.0,0.0,149.69421023518999,178.55043174015419,1594.163604856957,0.0,21.382207622670785,39.08718148114164,21.0,30.0,0.0,21.846613101560715,38.00832015785997,21.0,30.0,0.0,21.077977412699864,40.65367945094375,21.0,30.0,0.0,21.217126708680995,51.80730748058346,19.0,30.0,0.0,18.367046383275885,46.97499404866715,12.0,30.0,0.0,22.027496621436897,37.56911225454676,16.0,30.0,0.0,19.95085829698771,42.69597676376996,10.0,30.0,0.0,17.88252726762592,48.613523184132549,16.0,30.0,0.0,19.02589609500827,45.2393169952816,16.0,30.0,0.0,20.655007215420846,0.0,0.0,0.0,19.606141970110696,0.0,0.0,566.2613098467217,559.5382398447389,613.5898509157089,1284.5992260179892,591.0060623697217,590.1765235614889,590.0649498064158,595.0625994804327,594.0030081663247,0.0,84.7553818284941,84.7553818284941,162.0,0.0,162.0,162.0,21.0,19.0,16.0,16.0,16.0,12.0,21.0,10.0,1.0,0.0,0.0,0.0,0.0,0.0,0.0,0.0,0.0,0.0,0.0,0.0,0.0,84.7553818284941,84.7553818284941,0.0,0.0,0.0,84.7553818284941,0.0,0.0,0.0054719999999999998 
 03/09  18:00:00,13.92,65.0,2.95,0.0,0.0,0.0,4.0,0.0,0.0,0.0,0.0,0.0,0.0,0.0,0.0,352.0,0.0,0.0,0.0,0.0,0.0,0.0,0.0,0.0,0.0,0.0,0.0,20.77099472566806,183.32936224356855,22.231192683641596,-465.78292346655328,20.543146637257388,66.89226680510365,20.744802061162717,-40.02123301863128,18.28322562624959,25.27139261838272,22.194231052263576,-319.0608506714816,19.273929590129318,188.17159140497643,17.522006642184249,125.59698096995953,18.700164440279957,141.53595237581249,304.4676271405533,159.40431429970068,0.0,0.0,0.0,0.0,0.0,0.0,0.0,0.0,0.0,0.0,0.0,0.0,0.0,0.0,0.0,0.0,0.0,0.0,0.0,0.0,0.0,0.0,0.6404355020589102,0.19549313249661486,235.08837426693365,278.12983766582519,3479.2518250792215,0.04237281557603192,0.006467157444449316,227.9871451656712,269.46106622875279,3478.877363931695,0.7892397141458087,0.1491382679791778,173.96762593417575,205.95387215299068,2484.526553366763,0.0,0.0,20.786287636945599,24.53202322000903,303.76515530833407,0.0,0.0,8.423051810902632,10.065614947456523,75.91117776338172,0.0,0.0,87.97500370728614,103.91481724783567,1383.1717894053507,0.0,0.0,252.24007235084248,299.8463626872863,3040.008311438548,0.0,0.0,35.86659277728469,42.9307918993891,288.8696184218513,0.0,0.0,120.99937775783325,144.28123887712966,1241.9208639032734,23.556665294804227,16.156834907273138,217.73621834041306,258.31933328620627,3134.2651173775154,0.0,0.0,147.43914804285309,175.52343979005816,1655.6254104577755,0.0,21.281546468660275,39.351846650577687,21.0,30.0,0.0,21.535823850082048,39.2436325995776,21.0,30.0,138.67610316962934,21.003850140603224,41.18212241206497,21.0,30.0,0.0,21.203928258037924,50.258144171535608,19.0,30.0,0.0,18.35081189361176,47.09052007693603,12.0,30.0,0.0,21.756413856830134,38.20981894538558,16.0,30.0,0.0,19.883793881166935,42.877976157554638,10.0,30.0,0.0,17.870825247682107,48.62021264715204,16.0,30.0,0.0,18.98003359607941,45.35255645516076,16.0,30.0,0.0,20.388137284408168,0.0,0.0,0.0,19.453715782668458,0.0,0.0,559.144256728146,573.7363211795412,630.3013276090871,1178.0883301640918,590.6274713936523,587.9240904401664,586.7389738407923,591.5092632178935,591.0447663377769,6633.8178380669519,83.61824575995668,83.61824575995668,162.0,0.0,162.0,162.0,21.0,19.0,16.0,16.0,16.0,12.0,21.0,10.0,1.0,0.0,0.0,0.0,138.67610316962934,0.0,0.0,0.0,0.0,0.0,0.0,0.0,0.0,83.61824575995668,83.61824575995668,0.34,0.6136594647047504,0.36028137401965956,83.61824575995668,0.3542647819438875,0.0,0.005436000000000001 
 03/09  18:10:00,13.596666666666666,66.16666666666667,3.033333333333333,0.0,0.0,0.0,0.0,0.0,0.0,0.0,0.0,4.0,0.0,0.0,0.0,1412.0,0.0,0.0,0.0,0.0,0.0,0.0,0.0,0.0,0.0,0.0,0.0,20.789741337218353,136.37000908644746,22.347875313716707,-55.488403689458667,21.116392133567094,-1039.12624954388,20.67597363584418,213.93499154739266,18.302671222468488,22.670365446289055,22.01077389278464,-292.871020304347,19.25356202973413,147.83064023227963,17.520267850120225,103.96175811106417,18.68461302140745,95.35421584868073,363.8750792097412,182.2033763835982,0.0,0.0,0.0,0.0,0.0,0.0,0.0,0.0,0.0,0.0,0.0,0.0,0.0,0.0,0.0,0.0,0.0,0.0,0.0,0.0,0.0,0.0,0.7886054460668295,0.24072205313395285,172.25032059797239,204.50716831881199,2677.449094944417,0.07925962175367119,0.012097011867165933,17.49226431357949,20.70784991326194,293.56058446458328,0.5168278091859061,0.0976620954621894,396.1330265955393,469.4292301516124,6607.445292509049,0.1265095175019179,0.02390580451661335,258.6247137330913,307.35319340995337,3917.018658639889,0.0,0.0,8.343762487522663,10.008610232667137,80.59589517978275,0.0,0.0,82.16110627092319,97.46245545539739,1324.0524856643056,0.0,0.0,249.87871995825499,298.2104852534678,3136.7499061311048,0.0,0.0,34.69713781867904,41.6912372310606,300.31536670519668,0.0,0.0,122.86907910708358,147.0796218162444,1329.6084737406916,24.576406052654887,16.856245577952604,382.25415278159206,455.22359625463596,5709.757689025774,0.0,0.0,148.02313068403607,176.97971545673617,1706.857473877903,0.0,21.25254484369633,42.869392650778,21.0,30.0,0.0,21.932945783118364,41.328079822370998,21.0,30.0,1550.6703128354578,21.83658010911901,42.0699352574262,21.5,30.0,0.0,21.14758169738159,43.39467711857843,16.0,30.0,0.0,18.349320979711654,47.16402425581584,12.0,30.0,0.0,21.628898575054249,38.774304112229639,16.0,30.0,0.0,19.81072241996982,43.79342008710222,10.0,30.0,0.0,17.845770107748306,48.71333615364057,16.0,30.0,0.0,18.934879271992068,45.5386964032227,16.0,30.0,0.0,20.50820576282687,0.0,0.0,0.0,19.27921104578143,0.0,0.0,756.1209002284629,750.3286196007206,789.6498669163563,767.3226470310519,591.5697269638204,599.3836243027544,620.1269204950514,589.4851583715046,590.2790144006594,4589.236592722687,82.89472878445855,82.89472878445855,240.0,0.0,240.0,240.0,21.0,16.0,16.0,16.0,16.0,12.0,21.0,10.0,1.0,0.0,0.0,0.0,1550.6703128354578,0.0,0.0,0.0,0.0,0.0,0.0,0.0,0.0,82.89472878445855,82.89472878445855,0.17,0.3837249999415922,0.18014068700982978,82.89472878445855,0.17713239097194376,0.0,0.008 
 03/09  18:20:00,13.273333333333334,67.33333333333334,3.116666666666667,0.0,0.0,0.0,0.0,0.0,0.0,0.0,0.0,4.0,0.0,0.0,0.0,708.0,0.0,0.0,0.0,0.0,0.0,0.0,0.0,0.0,0.0,0.0,0.0,21.104838233254904,-208.3824927605092,22.58451401903895,-115.68316906437639,20.517575732015897,-69.91426064616917,20.61719290092637,97.95157842380604,18.326566598140475,20.702579777579019,21.82426072761608,-258.7359152470133,19.230363282693774,154.1549865339548,17.509616330944174,98.30069725524993,18.64955261578068,83.57300558558655,394.79672096644847,225.76697549263646,0.0,0.0,0.0,0.0,0.0,0.0,0.0,0.0,0.0,0.0,0.0,0.0,0.0,0.0,0.0,0.0,0.0,0.0,0.0,0.0,0.0,0.0,0.7812808268750504,0.23848621088982004,226.98315087099994,268.7041666933817,3827.4998281946247,0.024355835581988354,0.0037173131230140959,31.402118880099246,37.02234149347056,574.8871403086956,0.843956512367461,0.1594777990112361,411.0726363408058,488.0700500520505,6295.54489284959,0.15727569120443919,0.02971951836818578,223.46769652137017,265.182198864439,3499.492943752094,0.0,0.0,8.105347378082478,9.711649339679092,83.71482484570254,0.0,0.0,81.96802244296771,97.1617183922367,1345.6667377505788,0.0,0.0,249.6609608050662,297.6607768298585,3265.818134885497,0.0,0.0,35.25436783451957,42.31536562967315,325.7390240474898,0.0,0.0,123.00864089870805,147.1170341390998,1394.142945725821,25.096738599242288,17.213126611277298,405.95588956797647,482.5791985226337,6271.333552013174,0.0,0.0,148.57673511277376,177.54916326394256,1752.7442187774169,652.3418690462054,21.663930805530307,42.11276167313483,21.5,30.0,0.0,22.41331001322493,43.8517662377081,21.0,30.0,106.69230875790712,20.894116465829855,43.87245189334712,21.0,30.0,0.0,21.05333173042041,43.71964764694319,16.0,30.0,0.0,18.35536172356384,47.45023380922105,12.0,30.0,0.0,21.449646801293139,39.91012849439386,16.0,30.0,0.0,19.746116962266418,44.29548693529475,10.0,30.0,0.0,17.808917388874784,49.22633131359407,16.0,30.0,0.0,18.861690211018229,46.2208893064647,16.0,30.0,0.0,20.51174097424245,0.0,0.0,0.0,19.082106289069558,0.0,0.0,762.8332506363122,961.8695121253276,746.8572972384509,763.7335115715092,602.144446192507,635.4840888703084,633.4169850573244,603.7691591550927,609.809370124716,8921.690382053308,82.10567513501039,82.10567513501039,240.0,0.0,240.0,240.0,21.0,16.0,16.0,16.0,16.0,12.0,21.0,10.0,1.0,0.0,652.3418690462054,0.0,106.69230875790712,0.0,0.0,0.0,0.0,0.0,0.0,0.0,0.0,82.10567513501039,82.10567513501039,0.34,0.7702739748738079,0.36028137401965956,82.10567513501039,0.3542647819438875,0.0,0.00796 
 03/09  18:30:00,12.95,68.5,3.2,0.0,0.0,0.0,0.0,0.0,0.0,0.0,0.0,4.0,0.0,0.0,0.0,1416.0,0.0,0.0,0.0,0.0,0.0,0.0,0.0,0.0,0.0,0.0,0.0,21.12542453517635,-62.76308206662566,22.673658728906618,-159.61744613170419,21.101007670992638,-869.4499646557065,20.5853087643859,340.2632628316844,18.35416108462467,18.931959186550345,21.684984110107157,-233.57958595921606,19.237085052728444,145.8735871963845,17.500117661582168,84.71707467755039,18.613800276984798,52.40719277576636,413.7424443214477,269.87163753018037,0.0,0.0,0.0,0.0,0.0,0.0,0.0,0.0,0.0,0.0,0.0,0.0,0.0,0.0,0.0,0.0,0.0,0.0,0.0,0.0,0.0,0.0,0.8276958282321724,0.2526544042222749,207.2685642099009,246.12162901146645,3561.5912202211359,0.0,0.0,38.48284682945393,45.439478986820137,741.9317059526705,0.9079300888099904,0.17156653227702016,377.66408462111988,447.7414598541511,6739.020138926793,0.21915096352726239,0.0414117466982733,239.66855091459497,284.61199096795186,3922.2088113053998,0.0,0.0,8.099295618421707,9.716500444249185,89.144826511451,0.0,0.0,79.69667128509599,94.62617113344753,1342.6050005518719,0.0,0.0,253.97877680998466,303.2125844648966,3477.8590876086725,0.0,0.0,35.38529582152017,42.534036713100437,347.74971675301176,0.0,0.0,127.52181120660231,152.73823909296483,1511.0661402268384,26.02878856552571,17.85239270612189,381.0759300330477,453.7922987149388,6196.784705653609,0.0,0.0,153.21797623652436,183.43713510244624,1855.0048106474363,0.0,21.477681507425605,42.57381325716494,21.0,30.0,0.0,22.609299329596518,44.048128210122559,21.0,30.0,1398.3885927726322,21.782212884914995,41.49474209336727,21.5,30.0,0.0,21.05123743279836,43.40990224890515,16.0,30.0,0.0,18.367880036132225,47.71274840991504,12.0,30.0,0.0,21.3382074439967,40.791840002726477,16.0,30.0,0.0,19.72700396543045,44.96679857334712,10.0,30.0,0.0,17.7751218130294,49.885491154830678,16.0,30.0,0.0,18.79307820469338,46.97537314048719,16.0,30.0,0.0,20.46973809930893,0.0,0.0,0.0,18.909394771232017,0.0,0.0,753.4780443866564,992.2840078848833,734.438799280522,738.1381762930932,612.9027916947584,663.7885871734625,658.1290964142795,625.0603594199575,632.0864672679098,4702.012005026576,81.25696806736193,81.25696806736193,240.0,0.0,240.0,240.0,21.0,16.0,16.0,16.0,16.0,12.0,21.0,10.0,1.0,0.0,0.0,0.0,1398.3885927726322,0.0,0.0,0.0,0.0,0.0,0.0,0.0,0.0,81.25696806736193,81.25696806736193,0.17,0.3857147097368842,0.18014068700982978,81.25696806736193,0.17713239097194376,0.0,0.00792 
 03/09  18:40:00,12.626666666666667,69.66666666666667,3.283333333333333,0.0,0.0,0.0,0.0,0.0,0.0,0.0,0.0,4.0,0.0,0.0,0.0,3195.0,0.0,0.0,0.0,0.0,0.0,0.0,0.0,0.0,0.0,0.0,0.0,21.010554087337803,-112.40056726824645,22.697890683898998,-259.01327961235907,20.89060971099092,-408.80857902310899,20.571585503214054,151.8503871023159,18.385646522464684,18.26200460682289,21.561632723675225,-216.96890742623018,19.21419491388523,136.01443927568884,18.472321424341069,-2.998152296643213,18.571727237697489,27.925745912879539,337.89836624608906,294.7233289621209,0.0,0.0,0.0,0.0,0.0,0.0,0.0,0.0,0.0,0.0,0.0,0.0,0.0,0.0,0.0,0.0,0.0,0.0,0.0,0.0,0.0,0.0,0.8827982047916092,0.2694744214870608,109.58256321106376,130.26318909019967,1925.6006290695894,0.0,0.0,45.3305421773687,53.57117586788551,910.2927759747048,0.8830465404754128,0.16686442563783353,171.4625402329247,203.48589987700243,3072.889636177925,0.20222069376998176,0.03821252716741916,158.9793587859796,188.9378625856035,2677.286405616943,0.0,0.0,7.8255091866196919,9.39346759672189,91.56196832903889,0.0,0.0,79.44953436009627,94.43129093247448,1374.418597986949,0.0,0.0,242.74365981629817,290.0822508589971,3453.497313529114,0.0,0.0,19.45782014058146,23.335729066872355,250.2740177926614,0.0,0.0,135.7394833737896,162.72123465484746,1677.0619498285624,26.384485982049058,18.096355268895147,182.9853448086248,218.21433900889873,3140.3435369660794,0.0,0.0,147.15536225750345,176.43003504078565,1824.9132363192273,506.2389646578945,21.346901131923226,43.32519694486493,21.333333333333376,30.000000000000065,0.0,22.69308189013482,43.733234197079749,21.000000000000044,30.000000000000065,1043.9268284987878,21.358536184007979,42.70828031045967,21.333333333333376,30.000000000000065,0.0,21.00025593728233,43.70491187433314,16.000000000000033,30.000000000000065,0.0,18.387706309586997,48.16469955801749,12.000000000000029,30.000000000000065,0.0,21.23802833568992,41.78025667089993,19.000000000000044,30.000000000000065,0.0,19.666691692012355,45.84585567677616,10.000000000000022,30.000000000000065,1289.363266989975,19.25560298411493,46.03345316963323,20.700000000000047,30.000000000000065,0.0,18.71910475258255,47.95342040472699,16.000000000000033,30.000000000000065,0.0,19.84560396566148,0.0,0.0,0.0,18.72713871295482,0.0,0.0,755.9402300806572,966.3812974163744,726.5940856142561,736.7530884892832,631.5240957434429,694.9941133867089,683.7015386023372,645.5230526902025,660.3179337855297,9976.502751767219,81.40821569237342,83.04960747399781,240.0000000000005,0.0,240.0000000000005,240.0000000000005,21.0,16.0,19.0,16.0,19.7,12.0,21.0,10.0,1.0,0.0,506.2389646578945,0.0,1043.9268284987878,0.0,0.0,0.0,1289.363266989975,0.0,2483.895006811815,1490337.0040870847,1938238.7423160875,81.40821569237342,83.07748375549655,0.3472409446715055,0.7700348680381863,0.36028137401966039,83.07748375549655,0.3542647819438883,1938238.7423160875,0.10866841460043655 
 03/09  18:50:00,12.303333333333335,70.83333333333333,3.366666666666667,0.0,0.0,0.0,0.0,0.0,0.0,0.0,0.0,4.0,0.0,0.0,0.0,1420.0,0.0,0.0,0.0,0.0,0.0,0.0,0.0,0.0,0.0,0.0,0.0,21.059009640796384,-200.37498533203098,22.6851472209786,-238.45535574069135,20.82688047722301,-288.6266240649277,20.538748803827656,161.38893026208144,18.421376535293974,16.80934041885469,21.442790661222277,-198.13639327866748,19.22134984721459,117.3159993941922,19.166078661820494,-48.62340069741647,18.522700119469897,19.08354588933821,386.3070297685656,368.97706402595966,0.0,0.0,0.0,0.0,0.0,0.0,0.0,0.0,0.0,0.0,0.0,0.0,0.0,0.0,0.0,0.0,0.0,0.0,0.0,0.0,0.0,0.0,0.9020669343196333,0.2753562070572751,118.74063300367095,140.95151720490279,2163.871002258519,0.0,0.0,44.32397059861654,52.326848079454098,921.2041923534198,0.9145499744608279,0.17281745549146414,191.695959934104,227.6564983344496,3484.6947593620527,0.21828801196036883,0.04124867950876204,207.42945549375373,246.63712791860918,3610.419915840326,0.0,0.0,7.829367386112697,9.39130141504388,97.18126383351509,0.0,0.0,77.473679853735,92.04980558197599,1374.8635629125573,0.0,0.0,242.70097669450778,289.8291438332142,3604.27848270903,0.0,0.0,20.874250177985137,24.85237470283766,342.4128703865904,0.0,0.0,150.4938808994258,180.3361238741382,1933.4961088982798,27.07033712577795,18.566760717268836,205.55349465516395,245.1845443475524,3621.8667006058105,0.0,0.0,153.44209261170739,183.89013827809544,1966.3907556196769,0.0,21.3308672226336,43.337071680540507,21.0,30.0,0.0,22.71996710639959,43.66781894256009,21.0,30.0,0.0,21.311811502114567,42.87326079828189,21.0,30.0,0.0,20.960504763084928,43.841316344931929,16.0,30.0,0.0,18.41575788182851,48.71256463795375,12.0,30.0,0.0,21.132676298816514,42.5229855235463,19.0,30.0,0.0,19.651316104850478,46.3217618493626,10.0,30.0,431.9394232629165,20.465521070634943,43.23781378860772,20.2,30.0,0.0,18.63621006060444,48.83197489281936,16.0,30.0,0.0,20.024062100240266,0.0,0.0,0.0,18.604513021506106,0.0,0.0,743.5577353974189,947.948218678665,715.313942540288,722.3434523546125,653.590726565382,710.9390706807806,697.3385350628748,667.2704380514413,681.5359646601368,4603.0481277192379,81.76727617001245,81.76727617001247,240.0,0.0,240.0,240.0,21.0,16.0,19.0,16.0,19.7,12.0,21.0,10.0,1.0,0.0,0.0,0.0,0.0,0.0,0.0,0.0,431.9394232629165,0.0,0.0,0.0,0.0,81.76727617001245,81.76727617001245,0.17,0.3857305390318052,0.18014068700982978,81.76727617001245,0.17713239097194376,0.0,0.007826666666666666 
 03/09  19:00:00,11.98,72.0,3.45,0.0,0.0,0.0,0.0,0.0,0.0,0.0,0.0,4.0,0.0,0.0,0.0,712.0,0.0,0.0,0.0,0.0,0.0,0.0,0.0,0.0,0.0,0.0,0.0,21.205269761785695,-422.57015105038865,22.665025496401876,-255.11716788452055,20.964307946973418,-203.63604018839988,20.44880310696477,114.0193923534398,18.460061410680436,16.11319263489625,21.33513468804734,-186.24912152717526,19.188436235393199,118.33094839439673,19.11087686071164,-27.220062124036305,18.478222104324698,12.211747749207462,375.99730753994029,389.68256038122265,0.0,0.0,0.0,0.0,0.0,0.0,0.0,0.0,0.0,0.0,0.0,0.0,0.0,0.0,0.0,0.0,0.0,0.0,0.0,0.0,0.0,0.0,0.9202173628934116,0.28089663091984487,153.962105446275,182.1603707064235,3026.8024021249486,0.0,0.0,46.71073648712968,55.069957552394537,1001.9196274126368,1.00912056538071,0.19068793752469966,167.078419525687,198.03869513561279,3201.6751270817355,0.21674456459270209,0.04095702278773659,173.9298675951332,206.65700174646026,3090.67896304797,0.0,0.0,7.734649171420223,9.264414588007274,101.62637534105298,0.0,0.0,77.2376748531665,91.67852673791012,1406.8356152861773,0.0,0.0,241.666048321316,288.2948597250412,3714.743477484679,0.0,0.0,17.42515594071589,20.76953701357875,284.4255259032815,0.0,0.0,150.38059705312777,180.04398590310056,2009.7441267111172,27.52175797746403,18.876377213624168,181.38759082699085,216.18148979204876,3327.1725241660449,0.0,0.0,151.03257569081956,180.90169754831303,1983.7085690241468,894.0929366837561,21.651866655361539,42.4017949994468,21.5,30.0,0.0,22.727888752965727,43.5034727110437,21.0,30.0,974.6625937565667,21.53128532959556,42.58172240001714,21.5,30.0,0.0,20.80927155885699,44.37087661172104,16.0,30.0,0.0,18.45029094606206,49.182799957295589,12.0,30.0,0.0,21.037328841067415,43.073368922105789,19.0,30.0,0.0,19.5824415454424,46.781397938906128,10.0,30.0,660.6833617932047,20.208534482116144,44.44418174567967,20.2,30.0,0.0,18.56369610617235,49.370038163645997,16.0,30.0,0.0,19.88909852839427,0.0,0.0,0.0,18.433360039371054,0.0,0.0,730.0426012896007,931.0946048694041,725.3843762604793,722.3467033217692,672.841233082851,720.4358942861035,704.5348700954471,685.3771837778454,690.9805843878362,10535.524769890886,81.03844151030498,84.8587058431078,240.0,0.0,240.0,240.0,21.0,16.0,19.0,16.0,19.7,12.0,21.0,10.0,1.0,0.0,894.0929366837561,0.0,974.6625937565667,0.0,0.0,0.0,660.6833617932047,0.0,5780.944047762078,3468566.4286572469,4495366.211305072,81.03844151030498,84.92358661388602,0.3626981349254026,0.7689803576835737,0.36028137401965956,84.92358661388602,0.3542647819438875,4495366.211305072,0.24153237632119707 
 03/09  19:10:00,11.830000000000002,72.5,3.5300000000000004,0.0,0.0,0.0,0.0,1.0,2.0,0.0,0.0,4.0,0.0,0.0,0.0,712.0,0.0,0.0,0.0,0.0,0.0,0.0,0.0,0.0,0.0,0.0,0.0,21.055850985318146,-143.44172268639432,22.660515773481046,-202.99368441831553,20.920677399844619,-304.83289839867487,20.52219888770765,334.36054740470356,18.495888299566646,12.93317887641389,21.41375357557597,-9.095355240994195,19.091340065019453,20.278922446386788,19.065767156520506,-43.324279774533469,18.421568104788589,-27.175762543825387,482.5388919835932,421.3567281358896,0.0,0.0,0.0,0.0,0.0,0.0,0.0,0.0,0.0,0.0,0.0,0.0,0.0,0.0,0.0,0.0,0.0,0.0,0.0,0.0,0.0,0.0,0.9596637149398616,0.2929376419230347,100.73999788005085,119.56519655189872,1932.5062765022736,0.0,0.0,40.21634271717172,47.39116213292534,877.6181449769285,0.9634991640015376,0.18206711337897545,232.41404412690674,275.72510158547746,4413.809533226838,0.2408229950119578,0.045506990743000328,244.83519579273969,290.7434959350802,4509.546367212517,0.0,0.0,6.759779358227014,8.097592104455356,91.26609660392146,0.0,0.0,11.503190054785126,13.639776087989443,217.81647072888357,0.0,0.0,177.13481081831319,211.4858155280539,2700.2723947378119,0.0,0.0,25.661458560531817,30.576703403928027,424.3639510365989,0.0,0.0,149.94204708993324,179.57476360821497,2020.861761318165,28.38739025658353,19.470089339220537,242.93898304265435,289.2790871052759,4563.377644673832,0.0,0.0,151.58984909068205,181.65942144545466,1989.8698740524192,0.0,21.278931066699358,44.04151270602448,21.0,30.0,0.0,22.763772719352276,43.95177387701541,21.0,30.0,0.0,21.240091713137688,43.2990143642739,21.0,30.0,0.0,20.99272940395793,43.783754066072699,16.0,30.0,0.0,18.479881999049768,49.5712363894969,12.0,30.0,0.0,21.253142298550086,45.07163971741038,19.0,30.0,0.0,19.36098044511045,47.86297908911502,10.0,30.0,0.0,19.993791738908209,46.65254972198538,19.7,30.0,0.0,18.46685398978979,50.28912805758146,16.0,30.0,0.0,20.178356811593198,0.0,0.0,0.0,18.275850942318344,0.0,0.0,762.390557103528,956.7474052593403,715.5409444437755,705.6411112010125,688.1569030352544,857.9571861111576,714.0058415698688,762.9600021707566,708.8054464152103,0.0,79.82913229801186,79.82913229801186,270.0,0.0,270.0,270.0,21.0,16.0,19.0,16.0,19.7,12.0,21.0,10.0,1.0,0.0,0.0,0.0,0.0,0.0,0.0,0.0,0.0,0.0,0.0,0.0,0.0,79.82913229801186,79.82913229801186,0.0,0.0,0.0,79.82913229801186,0.0,0.0,0.008685000000000002 
 03/09  19:20:00,11.680000000000002,73.0,3.6100000000000005,0.0,0.0,0.0,0.0,1.0,2.0,0.0,0.0,4.0,0.0,0.0,0.0,356.0,0.0,0.0,0.0,0.0,0.0,0.0,0.0,0.0,0.0,0.0,0.0,20.903386432237285,-246.43291372890963,22.625940275024904,-263.0987967315873,20.71136996873995,48.917269170311559,20.391904556713088,59.7374294830006,18.53448904719574,12.853186442091982,21.550962089172804,-3.3064427884103226,18.9783617649058,36.700396496501529,18.92025214079117,-26.46831313248549,18.369785963495589,-17.687285023392179,373.7777517929535,379.6946338368607,0.0,0.0,0.0,0.0,0.0,0.0,0.0,0.0,0.0,0.0,0.0,0.0,0.0,0.0,0.0,0.0,0.0,0.0,0.0,0.0,0.0,0.0,0.9600194023733369,0.29304621562067675,181.12738064363044,214.43677963629546,3411.880920914125,0.0,0.0,48.70504123760737,57.26715352673814,1074.5050976037395,1.0390359210141727,0.1963408769868052,140.8306035822827,166.67950497183223,2656.1420116970509,0.21225677820820586,0.04010899059111976,108.4588344620713,128.52661322888955,1973.1022861852258,0.0,0.0,6.20549156682639,7.411298304337542,86.20123270281606,0.0,0.0,12.062382119576539,14.236093141721672,238.90474057395952,0.0,0.0,161.40018962733314,192.30411908245609,2444.2250072456047,0.0,0.0,19.037163680453614,22.632503744014863,309.178516789681,0.0,0.0,134.1444599992241,160.27143632141017,1827.3235686388026,28.289128195009714,19.40269423526044,155.21878529348389,184.5491874910387,2999.8070704449976,0.0,0.0,134.91941089244529,161.38643001843713,1746.5852895122646,269.7843253901243,21.009713869269274,43.933985321753947,21.0,30.0,0.0,22.727753942727305,43.3393544532218,21.0,30.0,60.42128095475166,21.00143252578683,45.271884045702687,21.0,30.0,0.0,20.711078304775424,45.014030904213537,16.0,30.0,0.0,18.519223202618414,50.08619204325405,12.0,30.0,0.0,21.53936832018786,47.68291970987371,19.0,30.0,0.0,19.153995127880127,49.06533475849298,10.0,30.0,224.68047150144666,19.71190282798153,48.65413884549583,19.7,30.0,0.0,18.383109948066083,50.922941212714757,16.0,30.0,0.0,19.795285134161245,0.0,0.0,0.0,18.02798500247531,0.0,0.0,703.9213201775807,903.1221356730398,786.7745583847679,729.4829803673168,709.6100983274771,1035.3191946282846,736.540378996231,828.8912389310069,719.8901545391673,5286.150904644215,84.50884759291168,84.50884759291168,270.0,0.0,270.0,270.0,21.0,16.0,19.0,16.0,19.7,12.0,21.0,10.0,1.0,0.0,269.7843253901243,0.0,60.42128095475166,0.0,0.0,0.0,224.68047150144666,0.0,0.0,0.0,0.0,84.50884759291168,84.50884759291168,0.34,0.6215960459136267,0.36028137401965956,84.50884759291168,0.3542647819438875,0.0,0.008415000000000003 
 03/09  19:30:00,11.530000000000002,73.5,3.6900000000000006,0.0,0.0,0.0,0.0,1.0,2.0,0.0,0.0,4.0,0.0,0.0,0.0,1428.0,0.0,0.0,0.0,0.0,0.0,0.0,0.0,0.0,0.0,0.0,0.0,21.388155671331654,-370.1229044858002,22.603027243405625,-222.2743180067181,21.141429606858709,-700.0867247612364,20.473921881283809,391.8122727277273,18.56435616224311,9.949209632077448,21.589910226567658,-22.221728391237606,18.986921321007608,76.12974488012674,19.405859910555678,-86.86092411025709,18.3180247540569,-81.57866259800039,468.56427070030397,448.50296590614428,0.0,0.0,0.0,0.0,0.0,0.0,0.0,0.0,0.0,0.0,0.0,0.0,0.0,0.0,0.0,0.0,0.0,0.0,0.0,0.0,0.0,0.0,0.9269970918738035,0.2829661452606238,135.63552590926344,160.7318716875627,2789.94769694112,0.0,0.0,40.11763509752505,47.39806753625672,896.1794922575386,0.9959562234434005,0.18820034456602437,277.75000622983159,329.4194837595087,5686.968379529103,0.2683501442288031,0.050708644034165358,284.6589936142458,338.43673368319016,5385.534722215469,0.0,0.0,6.902340760083059,8.275306265247835,98.20728569283262,0.0,0.0,12.935080279585053,15.33083950766535,261.95679283553229,0.0,0.0,170.03714122019614,203.37981484648177,2637.625632523998,0.0,0.0,27.5173557622192,32.74275564545732,500.04337369394519,0.0,0.0,141.60416882127204,169.88996535679355,1947.854672301295,29.130256323683235,19.979599673308124,292.36500053972568,348.7374795302495,5506.663384952004,0.0,0.0,143.09037499870645,171.87267955070127,1871.130283330346,673.2013714048128,21.79448604749399,42.50178720191951,21.5,30.0,0.0,22.72460681198676,43.8494067564239,21.0,30.0,1183.1706670072757,21.70505036599639,42.47443217322171,21.5,30.0,0.0,20.922477571359573,44.71396520822276,16.0,30.0,0.0,18.539195879385454,50.37358401929889,12.0,30.0,0.0,21.62005735819803,48.421102633287159,19.0,30.0,0.0,19.18854451001367,49.079028198878209,10.0,30.0,689.0828729249936,20.53106172957383,46.43511439478105,20.45,30.0,0.0,18.302345043815856,51.728521690085027,16.0,30.0,0.0,20.029761269539276,0.0,0.0,0.0,17.940373606848998,0.0,0.0,740.9534804293368,930.6155083748041,726.2251449974241,737.7443857911601,721.123738745874,1082.194502711972,733.8593207578485,832.4112443723043,739.4977099446701,7441.331256901213,81.52569409604473,83.2441409223105,270.0,0.0,270.0,270.0,21.0,16.0,19.0,16.0,19.7,12.0,21.0,10.0,1.0,0.0,673.2013714048128,0.0,1183.1706670072757,0.0,0.0,0.0,689.0828729249936,0.0,2600.6974087054679,1560418.4452232808,2037009.176555604,81.52569409604473,83.27332585427246,0.2566899136235156,0.5751214243765388,0.27021103051474468,83.27332585427246,0.2656985864579156,2037009.176555604,0.11406947718089142 
 03/09  19:40:00,11.38,74.0,3.7700000000000006,0.0,0.0,0.0,0.0,1.0,2.0,0.0,0.0,4.0,0.0,0.0,0.0,1074.0,0.0,0.0,0.0,0.0,0.0,0.0,0.0,0.0,0.0,0.0,0.0,21.45938206557264,-693.7283641424369,22.587956290691808,-244.31422390564834,21.00115425065816,-142.62934658439688,20.510765338754028,110.47120075149414,18.59895174544419,10.117452332312333,21.629235636935279,-22.34561162772045,18.98122829383385,48.93168788414221,19.07054770830483,-50.4245225336676,18.250701618333218,-71.02599006025113,444.9400706814189,472.66768914341517,0.0,0.0,0.0,0.0,0.0,0.0,0.0,0.0,0.0,0.0,0.0,0.0,0.0,0.0,0.0,0.0,0.0,0.0,0.0,0.0,0.0,0.0,0.9171292737654223,0.2799539907708862,199.0350384970967,235.61170528931505,4159.3549290541909,0.0,0.0,43.10407979988948,50.88410972160701,976.2469962174057,1.2720404400677326,0.24037045352753853,223.455988106596,265.04519438738347,4564.884606394315,0.243189967010297,0.04595426436324587,154.9142506670587,184.37652076165706,2994.362709398888,0.0,0.0,6.7879355800690839,8.134291750874454,99.08097871196802,0.0,0.0,13.37297817177447,15.834121597004323,277.3119465885035,0.0,0.0,174.0600217876513,208.15064364033425,2742.9133482093945,0.0,0.0,26.071367918755834,31.10334050190763,449.113780298626,0.0,0.0,145.42957317248708,174.49717453524046,2017.2193239536633,29.401641546443689,20.165734942691168,239.58011539997308,285.6232409399617,4682.685926804408,0.0,0.0,146.83564664781779,176.39938930498207,1935.0092175777009,1065.0413905517044,21.699324648120176,42.7659811922931,21.666666666666687,30.00000000000002,0.0,22.726370492987014,44.2639406834185,21.000000000000015,30.00000000000002,667.9202993884006,21.37890170887357,43.6138092830459,21.33333333333335,30.00000000000002,0.0,20.943438856205888,44.69821839178927,16.000000000000015,30.00000000000002,0.0,18.5711497034963,50.83556391622555,12.00000000000001,30.00000000000002,0.0,21.71332984167432,49.46966735890974,19.000000000000015,30.00000000000002,0.0,19.159980399024599,49.646004551055899,10.000000000000007,30.00000000000002,18.015236537498855,19.890881437314858,48.65577171865099,19.700000000000018,30.00000000000002,0.0,18.20364794592594,52.63923149205356,16.000000000000015,30.00000000000002,0.0,19.92392627896158,0.0,0.0,0.0,17.83969976424325,0.0,0.0,733.6292468852369,951.7909612988622,738.2255146292993,736.7061142201355,740.1383057871628,1145.110368205879,752.336979203253,836.9077543755916,759.8839069273006,9762.778159392787,81.54954875435098,83.94883735227379,270.0000000000002,0.0,270.0000000000002,270.0000000000002,21.0,16.0,19.0,16.0,19.7,12.0,21.0,10.0,1.0,0.0,1065.0413905517044,0.0,667.9202993884006,0.0,0.0,0.0,18.015236537498855,0.0,3630.9123956457017,2178547.4373874196,2825717.826893609,81.54954875435098,83.98958523775804,0.3476970798548569,0.7717592986895956,0.3602813740196598,83.98958523775804,0.3542647819438878,2825717.826893609,0.15481232699846768 
 03/09  19:50:00,11.23,74.5,3.8500000000000007,0.0,0.0,0.0,0.0,1.0,2.0,0.0,0.0,4.0,0.0,0.0,0.0,1432.0,0.0,0.0,0.0,0.0,0.0,0.0,0.0,0.0,0.0,0.0,0.0,21.174422640778997,-207.17466669207608,22.557232906718107,-246.88366471405318,20.88275503351438,-419.911775335102,20.459553583902108,218.77594421206732,18.631978067529724,9.913138650357475,21.645287997708207,-20.74776873751094,18.954097725116826,-5.562191195416062,19.46392748433648,-96.09485716397589,18.194272833435919,-88.53788447433931,482.93362610294209,538.4475833450836,0.0,0.0,0.0,0.0,0.0,0.0,0.0,0.0,0.0,0.0,0.0,0.0,0.0,0.0,0.0,0.0,0.0,0.0,0.0,0.0,0.0,0.0,1.0038445939381667,0.3064238687234941,153.7634864422066,182.78316106661269,3142.175649853226,0.0,0.0,45.093595067161079,53.26040116177738,1032.5168197195119,1.0494922597925856,0.19831675355113116,240.05943253963907,285.2944077662672,4867.298175803387,0.2491590963239904,0.04708221774829749,224.59374571741143,267.2551984599841,4358.060181180112,0.0,0.0,6.412766343211108,7.688716245970254,95.92698004543904,0.0,0.0,13.779377110835823,16.320674508487106,291.17720644604528,0.0,0.0,176.36567498806074,211.07871625182438,2809.1417617653257,0.0,0.0,30.01698727398683,35.72151366195292,563.5939928482655,0.0,0.0,152.4002415165916,182.98765909090944,2135.4983116706587,29.80303376505484,20.441038247637068,252.20109683869263,301.05215044744196,4974.361470926952,0.0,0.0,154.357104342748,185.56398321344046,2054.052873194421,0.0,21.321102862198118,44.197391441463327,21.0,30.0,0.0,22.69956788021991,44.32201285992907,21.0,30.0,19.55182578962514,21.29580038436773,43.65384501007232,21.0,30.0,0.0,20.87274803597426,45.04613323213892,16.0,30.0,0.0,18.601042218709133,51.27881967769686,12.0,30.0,0.0,21.761954219081518,50.24634019280363,19.0,30.0,0.0,19.0920237768126,50.17588538619245,10.0,30.0,686.499143784958,20.53522570330314,47.11014765385677,20.45,30.0,0.0,18.121902284571669,53.41774711185741,16.0,30.0,0.0,19.905187852492426,0.0,0.0,0.0,17.75140990702382,0.0,0.0,756.0528540210019,947.3706526915238,722.3340991588532,739.0039955538455,758.8687346964167,1186.2868887199043,761.6210606087432,851.1244907825552,775.7727722469078,8727.004941715444,82.23451198948271,82.23451198948271,270.0,0.0,270.0,270.0,21.0,16.0,19.0,16.0,19.7,12.0,21.0,10.0,1.0,0.0,0.0,0.0,19.55182578962514,0.0,0.0,0.0,686.499143784958,0.0,0.0,0.0,0.0,82.23451198948271,82.23451198948271,0.34,0.7690602409359848,0.36028137401965956,82.23451198948271,0.3542647819438875,0.0,0.007440000000000001 
 03/09  20:00:00,11.08,75.0,3.93,0.0,0.0,0.0,0.0,1.0,2.0,0.0,0.0,4.0,0.0,0.0,0.0,1432.0,0.0,0.0,0.0,0.0,0.0,0.0,0.0,0.0,0.0,0.0,0.0,21.16631689786787,178.1957258340817,22.527571777058364,-221.73011681443223,21.24495324141448,-1539.170443943995,20.57277455848329,456.98979003324168,18.665336148864037,9.236553836545952,21.649074284683523,-22.310733833163029,18.86216241020863,-0.8013837808528024,19.140668378460846,-56.108373283178739,18.132172913605929,-107.8697169847419,617.8865020448225,491.67211173004446,0.0,0.0,0.0,0.0,0.0,0.0,0.0,0.0,0.0,0.0,0.0,0.0,0.0,0.0,0.0,0.0,0.0,0.0,0.0,0.0,0.0,0.0,1.1150889317801698,0.34038123680713369,222.765604906931,264.5674228399811,4618.5277558819939,0.0,0.0,44.03566692548872,52.034160189839528,1019.5259865383756,0.898240953214319,0.16973562985909286,469.3275090523804,556.7913056749528,10048.732440322967,0.2535021389610675,0.047902898518720229,302.2443530835249,359.32122466008328,6084.493955342548,0.0,0.0,6.208620449215865,7.442117598550951,95.16948845349983,0.0,0.0,14.155042769070949,16.763963192042199,304.1558799559698,0.0,0.0,166.4687530981911,199.3174465013015,2651.818560173197,0.0,0.0,26.888151347928223,32.0807402104785,480.7313682497919,0.0,0.0,143.56884604207216,172.43474398474604,2029.8351928071045,30.386489747834685,20.841213818816667,477.12743270563098,568.6436162937631,9499.573390172669,0.0,0.0,145.1914423633118,174.65096522092123,1925.2683024616868,0.0,21.360863532687508,44.43350263577241,21.0,30.0,0.0,22.67556546304436,44.5151533200156,21.0,30.0,2001.8691442572877,21.77875214470849,42.43935430965318,21.75,30.0,0.0,21.100606497135794,44.73685974735487,16.0,30.0,0.0,18.63330852908431,51.84888471610247,12.0,30.0,0.0,21.789716063881174,50.9089374398362,19.0,30.0,0.0,18.938820009931868,51.410159071832897,10.0,30.0,5.19678513393138,19.93409197172752,49.521691133438199,19.7,30.0,0.0,18.03102448773363,54.6097417577374,16.0,30.0,0.0,20.379815778634279,0.0,0.0,0.0,17.57406162354704,0.0,0.0,769.7890574160208,951.4135794738021,718.2312910672024,747.8121320917617,782.4634440858555,1216.4989707283822,788.6843434263544,870.6705821150404,806.1423402308376,8816.409740623294,82.17512977686606,84.06860821916595,270.0,0.0,270.0,270.0,21.0,16.0,19.0,16.0,19.7,12.0,21.0,10.0,1.0,0.0,0.0,0.0,2001.8691442572877,0.0,0.0,0.0,5.19678513393138,0.0,2865.298824421352,1719179.2946528113,2238629.154454909,82.17512977686606,84.10076576903325,0.3505099608140451,0.7684729098313338,0.36028137401965956,84.10076576903325,0.3542647819438875,2238629.154454909,0.12341371603165526 
 03/09  20:10:00,10.936666666666668,75.5,3.9600000000000006,0.0,0.0,0.0,0.0,0.0,2.0,0.0,0.0,4.0,0.0,0.0,0.0,1074.0,0.0,0.0,0.0,0.0,0.0,0.0,0.0,0.0,0.0,0.0,0.0,21.027782659421584,-92.97165954177702,22.52016822656709,-227.5367074368894,20.766618952055148,-123.43364928920892,20.561193566702145,49.14905009156791,18.69699939444962,10.033712055873622,21.737084900904,-24.574214418560396,18.843687411336246,8.512459915306558,18.798399362185675,-26.36139881207714,18.07299029138985,-111.34932620494752,462.744525065357,508.1136386432615,0.0,0.0,0.0,0.0,0.0,0.0,0.0,0.0,0.0,0.0,0.0,0.0,0.0,0.0,0.0,0.0,0.0,0.0,0.0,0.0,0.0,0.0,1.0952954763998804,0.334339278510342,162.21830787120963,192.77259184839893,3352.705250810945,0.0,0.0,47.05164622698704,55.54906764629581,1103.9238506005407,1.0850448142096537,0.20503492332004046,227.79099812496643,271.13701389305859,4639.670114119504,0.22936300964362828,0.04334146062804766,142.15543095406938,169.15358211291079,2896.2095599189785,0.0,0.0,6.2431263028642089,7.47962802357975,97.90289656518769,0.0,0.0,14.433241860520877,17.074830191502799,317.86239246722979,0.0,0.0,171.25267244776314,204.9745749353878,2768.980387088825,0.0,0.0,20.902010886660475,24.99519696231532,354.60272365752146,0.0,0.0,143.93308087260489,172.84104532818379,2053.6348581831346,30.44965350538582,20.88453601192444,234.9529187763057,280.51225694394318,4895.360636443695,0.0,0.0,144.79743419607628,174.18416501289239,1921.953875492139,24.1517304405707,21.151296964085497,44.966088022702837,21.0,30.0,0.0,22.68616178008564,44.67050431611284,21.0,30.0,13.31990104096264,21.025084559128016,44.897356909447768,21.0,30.0,0.0,21.007185872873664,44.98397370873113,16.0,30.0,0.0,18.66477336801033,52.37645702846942,12.0,30.0,0.0,21.916524084610413,51.10077299627868,19.0,30.0,0.0,18.91202356245869,51.8087160391278,10.0,30.0,0.0,19.29240474119283,51.11176135529629,12.0,30.0,0.0,17.948575896072673,55.29814777112304,16.0,30.0,0.0,19.89968889686946,0.0,0.0,0.0,17.433346227278073,0.0,0.0,763.4002634177621,959.7920635223259,742.8142683711272,745.248394403513,804.4600927294491,1240.2365496242308,799.0202696493398,837.6527887551174,818.5398266652189,2312.4943581373515,83.46109901294283,83.46109901294283,570.0,0.0,570.0,570.0,21.0,16.0,19.0,16.0,12.0,12.0,21.0,10.0,1.0,0.0,24.1517304405707,0.0,13.31990104096264,0.0,0.0,0.0,0.0,0.0,0.0,0.0,0.0,83.46109901294283,83.46109901294283,0.11333333333333336,0.20520153095070454,0.12009379133988653,83.46109901294283,0.11808826064796252,0.0,0.01387 
 03/09  20:20:00,10.793333333333335,76.0,3.9900000000000008,0.0,0.0,0.0,0.0,0.0,2.0,0.0,0.0,4.0,0.0,0.0,0.0,1436.0,0.0,0.0,0.0,0.0,0.0,0.0,0.0,0.0,0.0,0.0,0.0,21.459546479238179,-392.19105745205595,22.493538239802797,-210.93328298836424,21.362296187721975,-885.4795831222662,20.553893210313175,391.5997358859398,18.725870716703044,7.601383783389721,21.817128261732486,-45.01276534668975,18.86295586922012,68.64989070843785,18.554971743581328,-9.474253013320123,18.015242950581205,-127.14496037846539,550.8873972589813,534.9802818877197,0.0,0.0,0.0,0.0,0.0,0.0,0.0,0.0,0.0,0.0,0.0,0.0,0.0,0.0,0.0,0.0,0.0,0.0,0.0,0.0,0.0,0.0,1.064873337236396,0.3250529112443211,181.5624882568864,215.20139054660096,4030.3238840750238,0.002209154640008595,0.0003371725641038759,39.00069994492219,46.102551484923058,924.4000974829253,1.0797756239540249,0.20403923355140309,293.63941847892746,348.0824514421803,6535.111615121867,0.2800581810598495,0.0529210470634636,247.60374017880884,294.0261378699614,5143.1773088984859,0.0,0.0,6.939786701958398,8.315145271595647,111.23049746505487,0.0,0.0,14.746750940112506,17.448282154262296,332.4432986674216,0.0,0.0,184.69735255506297,221.09813564842399,3059.408576742001,0.0,0.0,12.81737930443325,15.359874910059107,210.8638420032415,0.0,0.0,148.2977785983688,178.19830847735083,2135.188616237243,31.092687206310573,21.32557421557653,303.19628346012669,361.4888708155444,6304.015923020559,0.0,0.0,147.9156232539643,178.0687063783119,1974.775345170991,726.0419007010499,21.837048692702124,43.21152010460851,21.75,30.0,0.0,22.663377474211197,44.8086483788661,21.0,30.0,1532.1647016156099,21.90934933689862,42.52346004760844,21.5,30.0,0.0,21.049685836022456,44.95723835504069,16.0,30.0,0.0,18.692726860685267,52.78217702406054,12.0,30.0,0.0,22.03873950385153,51.041371803811347,19.0,30.0,0.0,18.962736373113509,51.90838329890316,10.0,30.0,0.0,18.88769228057984,52.20922154326097,12.0,30.0,0.0,17.868207986408529,55.84733124308899,16.0,30.0,0.0,20.024188568570449,0.0,0.0,0.0,17.325016695899199,0.0,0.0,767.8576529040985,960.7440216140055,739.1946304719354,747.8831147632781,821.0107623235325,1250.3889021325859,804.7030589245862,821.0475460669561,823.138834160816,6961.467966206234,82.33325340785656,84.10692977000737,570.0,0.0,570.0,570.0,21.0,16.0,19.0,16.0,12.0,12.0,21.0,10.0,1.0,0.0,726.0419007010499,0.0,1532.1647016156099,0.0,0.0,0.0,0.0,0.0,2684.1956583647036,1610517.395018822,2088540.4597947978,82.33325340785656,84.13705268283812,0.2594731886121568,0.5748169927692276,0.27021103051474468,84.13705268283812,0.2656985864579156,2088540.4597947978,0.12206243724266283 
 03/09  20:30:00,10.65,76.5,4.0200000000000009,0.0,0.0,0.0,0.0,0.0,2.0,0.0,0.0,4.0,0.0,0.0,0.0,720.0,0.0,0.0,0.0,0.0,0.0,0.0,0.0,0.0,0.0,0.0,0.0,21.402338967400867,-405.15412648422037,22.48568277011272,-224.73843729030888,20.80582217928184,-161.12800719181906,20.569496203012535,75.87233589306425,18.7536496191443,9.634306384133837,21.870019588439996,-41.43249153429599,18.878583247942534,-6.128255314862145,18.36225552718294,-12.359017457806914,17.958005156171589,-121.52906623629269,556.9881663843298,595.696332341297,0.0,0.0,0.0,0.0,0.0,0.0,0.0,0.0,0.0,0.0,0.0,0.0,0.0,0.0,0.0,0.0,0.0,0.0,0.0,0.0,0.0,0.0,1.1197959911537965,0.3418180681177645,142.93896858648544,169.16464992156996,3201.8196052290015,0.0,0.0,43.27112268467138,51.025673202564977,1038.8501283599326,1.134789636305721,0.21443492749541225,281.40785413168717,334.2067026835789,5875.800474375519,0.2549670105247317,0.048179707204219889,220.80397758982853,262.39928670482507,4638.4598047316499,0.0,0.0,6.616216478772229,7.917948447147062,108.35119014835429,0.0,0.0,14.97855968593051,17.687445903378,344.51106877444286,0.0,0.0,190.5179401745035,227.78293868668437,3210.695640316095,0.0,0.0,10.37382593416113,12.419897650601112,166.90965294167558,0.0,0.0,154.77221261543373,185.77490644679683,2250.3253303702724,31.219235678356257,21.412370149764244,289.2826519482443,344.70514950746868,6077.314242225513,0.0,0.0,157.25593404573494,189.06401665537505,2136.1188729473826,665.6379017358274,21.635417396323097,43.79191528059918,21.5,30.0,0.0,22.67018719611643,45.15151616853129,21.0,30.0,0.0,21.003924680649953,44.96457033649444,21.0,30.0,0.0,21.028342493782028,44.94250004414947,16.0,30.0,0.0,18.721621010311659,53.13118077490374,12.0,30.0,0.0,22.12353608218131,51.01097778167357,19.0,30.0,0.0,18.963226124985249,52.04009619006443,10.0,30.0,0.0,18.57452885970416,53.30111396975114,12.0,30.0,0.0,17.790489692920589,56.307310821658308,16.0,30.0,0.0,20.068135184190376,0.0,0.0,0.0,17.293479111292628,0.0,0.0,767.1899749860659,979.9281583616112,739.6228850062848,742.5326517918405,834.8068012089532,1255.2351365023633,807.8064078241509,818.7034892285055,825.434816931431,8405.405545177933,82.44707452970079,82.44707452970079,570.0,0.0,570.0,570.0,21.0,16.0,19.0,16.0,12.0,12.0,21.0,10.0,1.0,0.0,665.6379017358274,0.0,0.0,0.0,0.0,0.0,0.0,0.0,0.0,0.0,0.0,82.44707452970079,82.44707452970079,0.34,0.7695839223082095,0.36028137401965956,82.44707452970079,0.3542647819438875,0.0,0.013046666666666667 
 03/09  20:40:00,10.506666666666668,77.0,4.050000000000001,0.0,0.0,0.0,0.0,0.0,2.0,0.0,0.0,4.0,0.0,0.0,0.0,720.0,0.0,0.0,0.0,0.0,0.0,0.0,0.0,0.0,0.0,0.0,0.0,21.2077021555498,-245.57218914833926,22.45350308893365,-249.69315185687209,20.795345761688908,-77.39085180790153,20.43352270403691,150.5125186732812,18.78220248515106,11.69769085122563,21.905488986460886,-43.34741177053081,18.83225183430446,-7.430857204014046,18.20752665134956,-32.11752777996898,17.912830272778373,-115.9731384186166,472.0818628395914,651.8272857257093,0.0,0.0,0.0,0.0,0.0,0.0,0.0,0.0,0.0,0.0,0.0,0.0,0.0,0.0,0.0,0.0,0.0,0.0,0.0,0.0,0.0,0.0,1.0735578432292088,0.32770385934957538,190.3451282579722,226.33001262033958,4044.4666900171284,0.0,0.0,45.73566951871122,53.94301072812952,1107.6133053103786,1.1925800758842216,0.2253552675518182,223.54348057326764,265.57344031513278,4772.492548104922,0.27363425410022276,0.05170715308016301,217.1236693834787,258.23490888255409,4507.852030060495,0.0,0.0,6.642833851395011,7.949016312175868,111.12540915857497,0.0,0.0,15.318201862033254,18.085085629824748,358.3578828976466,0.0,0.0,200.30384753039176,239.5996909549939,3403.5942876294377,0.0,0.0,15.61975537999121,18.722562695799316,248.60133503507238,0.0,0.0,157.8884448200532,189.57594352207816,2324.064220698404,31.303004308322593,21.469824628479154,238.58505463234128,284.71915246428326,5030.090626173134,0.0,0.0,168.64396724064057,202.8199479793421,2332.3789778396615,0.0,21.04151908519308,45.489913569354907,21.0,30.0,0.0,22.63153918588286,45.11332213994964,21.0,30.0,205.71124386737908,21.069297457548303,44.61914173660156,21.0,30.0,0.0,20.806276942167018,45.87076016037935,16.0,30.0,0.0,18.752890477388435,53.420011351316627,12.0,30.0,0.0,22.17884149542807,51.07290363964797,19.0,30.0,0.0,18.881499571737224,52.27228523757607,10.0,30.0,0.0,18.33331113213087,54.401900738114459,12.0,30.0,0.0,17.73391570407078,56.74350942916662,16.0,30.0,0.0,19.745257612532453,0.0,0.0,0.0,17.270546599903285,0.0,0.0,769.3077353607896,972.7894468445818,729.2507774142882,756.5632858353959,846.2327915090065,1259.9700788707692,799.2189022732672,824.6031584269674,827.351288798429,5234.942440602364,81.23517475612954,84.63643498153817,570.0,0.0,570.0,570.0,21.0,16.0,19.0,16.0,12.0,12.0,21.0,10.0,1.0,0.0,0.0,0.0,205.71124386737908,0.0,0.0,0.0,0.0,0.0,5147.520454686621,3088512.2728119727,4989797.879251606,81.23517475612954,84.69419967157465,0.17158401515622069,0.30948270326284268,0.18014068700982978,84.69419967157465,0.17713239097194376,4989797.879251606,0.2721044897210835 
 03/09  20:50:00,10.363333333333334,77.5,4.08,0.0,0.0,0.0,0.0,0.0,2.0,0.0,0.0,4.0,0.0,0.0,0.0,1444.0,0.0,0.0,0.0,0.0,0.0,0.0,0.0,0.0,0.0,0.0,0.0,21.432866480015414,-123.32921314187274,22.41192892229813,-228.8470948868839,21.377912385586755,-1253.032497331067,20.525867215935429,414.089782538279,18.807446971252163,9.703446101409178,21.929648795886757,-47.19690444681646,18.768622450145509,18.027510839239086,18.103119465561265,-26.472557774326718,17.880872422798647,-130.17346770646874,589.5843553255065,590.3532934846178,0.0,0.0,0.0,0.0,0.0,0.0,0.0,0.0,0.0,0.0,0.0,0.0,0.0,0.0,0.0,0.0,0.0,0.0,0.0,0.0,0.0,0.0,1.186283059376325,0.3621132659878892,231.88947047360484,274.97505263144748,5280.088855918467,0.0,0.0,43.70949720487732,51.689124524894037,1066.5946065531403,1.0557833435871376,0.19950554489552869,375.72118532865587,445.6392066885717,8637.466489176786,0.27222615802316776,0.05144107294466509,267.01139140590456,317.48468249602856,5738.090364286823,0.0,0.0,6.834405891002842,8.185911820303556,116.65984210638475,0.0,0.0,15.633505715739446,18.48646543952589,371.30607292601209,0.0,0.0,184.71075487158692,221.28654690600326,3153.6464392295526,0.0,0.0,13.659004408974252,16.39345147353519,217.16044364490635,0.0,0.0,144.0801380195828,173.26484476359418,2152.7157829676204,31.738696445086455,21.768653254517468,384.7639300534147,458.84349124144719,8250.330434822441,0.0,0.0,153.09398964792858,184.49095746189284,2102.8357497592207,533.3940777089828,21.59844147714279,43.88878567602602,21.5,30.0,0.0,22.579513843126663,45.13422203057094,21.0,30.0,1841.175232282443,21.849169339249444,42.703456598010678,21.5,30.0,0.0,21.013344312859137,45.00978377560513,16.0,30.0,0.0,18.77880793415293,53.67387513204952,12.0,30.0,0.0,22.21778125120889,51.104395208219248,19.0,30.0,0.0,18.77973049864293,52.86432444885777,10.0,30.0,0.0,18.188087083013636,55.02152452226817,12.0,30.0,0.0,17.699859040220447,56.89823264485507,16.0,30.0,0.0,20.057804730063379,0.0,0.0,0.0,17.078131741616294,0.0,0.0,763.4997533278265,966.2795388537307,735.7401301967527,740.4737300949836,856.3871371776784,1262.0041107264322,806.6884128893732,824.878181190453,824.1908824303768,8363.173211107618,82.47503835230464,82.47503835230464,570.0,0.0,570.0,570.0,21.0,16.0,19.0,16.0,12.0,12.0,21.0,10.0,1.0,0.0,533.3940777089828,0.0,1841.175232282443,0.0,0.0,0.0,0.0,0.0,0.0,0.0,0.0,82.47503835230464,82.47503835230464,0.34,0.7702815184436647,0.36028137401965956,82.47503835230464,0.3542647819438875,0.0,0.012159999999999999 
 03/09  21:00:00,10.22,78.0,4.11,0.0,0.0,0.0,0.0,0.0,2.0,0.0,0.0,4.0,0.0,0.0,0.0,1444.0,0.0,0.0,0.0,0.0,0.0,0.0,0.0,0.0,0.0,0.0,0.0,21.166460314679,-318.3187647741179,22.39515582528007,-253.79633493359007,20.798714156195265,-166.56280211347986,20.494427993804139,36.0303697632836,18.82937740238813,11.269614594390859,21.940121589618298,-45.46266648639252,18.775624208204,-35.628132514693337,18.003473716424656,-33.139622292834648,17.832285466583728,-139.5013566267205,494.77972515136346,662.1622902204347,0.0,0.0,0.0,0.0,0.0,0.0,0.0,0.0,0.0,0.0,0.0,0.0,0.0,0.0,0.0,0.0,0.0,0.0,0.0,0.0,0.0,0.0,1.1642965047758498,0.3554018634846916,195.25168646140078,232.12312973780937,4370.86694796527,0.0,0.0,47.234845091882878,55.83553796680875,1165.4045515166893,1.2818736521030468,0.24222858127419637,219.58081399005244,261.50072110958146,4799.604944236019,0.2506402953210687,0.0473621117386751,130.1724354287082,154.92754227157486,2801.538419229917,0.0,0.0,6.794280642301175,8.138576286076115,118.24233006278196,0.0,0.0,15.78764167271646,18.66801691225891,380.0628821117249,0.0,0.0,195.51118489687793,234.27206492643905,3392.5145727507035,0.0,0.0,17.583579350046379,21.12216539594946,279.82113468232338,0.0,0.0,151.61955815424529,182.38436975329027,2290.221415864813,31.770125133096433,21.79020928195915,228.89549524321476,273.6629741909174,5064.295138234294,0.0,0.0,164.94051315097227,198.80922930412155,2302.986229784601,35.60073300727996,21.271114441210789,44.73459484400482,21.0,30.0,0.0,22.569955467377139,45.09641654486054,21.0,30.0,26.98762717319732,21.03396330960877,45.08207503444702,21.0,30.0,0.0,20.893539064776879,45.94422885237206,16.0,30.0,0.0,18.80117669047784,53.87618774158103,12.0,30.0,0.0,22.23611259844533,51.08946740112293,19.0,30.0,0.0,18.775358687043018,52.94790533361033,10.0,30.0,0.0,18.043775856628274,55.71194415065195,12.0,30.0,0.0,17.63528912122659,57.303310442086708,16.0,30.0,0.0,19.728320860464494,0.0,0.0,0.0,17.04360677960123,0.0,0.0,760.3352306205297,961.546500128385,745.7372630151249,770.8598733199607,863.0820924764387,1258.6671575502085,804.4739165272407,825.8469276035985,824.9627090864715,2343.2936140713038,81.78482817824309,81.78482817824309,570.0,0.0,570.0,570.0,21.0,16.0,19.0,16.0,12.0,12.0,21.0,10.0,1.0,0.0,35.60073300727996,0.0,26.98762717319732,0.0,0.0,0.0,0.0,0.0,0.0,0.0,0.0,81.78482817824309,81.78482817824309,0.085,0.15458157755326655,0.09007034350491489,81.78482817824309,0.08856619548597188,0.0,0.011685000000000001 
 03/09  21:10:00,10.016666666666668,77.33333333333333,4.113333333333333,0.0,0.0,0.0,0.0,0.0,2.0,0.0,0.0,4.0,0.0,0.0,0.0,1448.0,0.0,0.0,0.0,0.0,0.0,0.0,0.0,0.0,0.0,0.0,0.0,21.599299564804146,-595.2699638526749,22.376878866782776,-182.9188760600593,21.311185582539687,-936.0925069547693,20.571746812189859,453.1639918556948,18.846977590038934,5.897888116413682,21.936803436073136,-69.1952129607867,18.801264307061403,52.95092257008673,17.919117819013289,-36.02835782221811,17.784110818713438,-149.04175256836198,635.2247025649608,687.3975241762955,0.0,0.0,0.0,0.0,0.0,0.0,0.0,0.0,0.0,0.0,0.0,0.0,0.0,0.0,0.0,0.0,0.0,0.0,0.0,0.0,0.0,0.0,1.1445557821262665,0.3493760018700447,188.9799506853208,224.01747444160436,4528.705904291221,0.048396696743773909,0.0073865532270717209,34.45644814684443,40.723551398701598,865.1965503476855,1.1772895696175059,0.222465905067556,331.0418265976198,392.83034654231059,7874.59365265428,0.31405560575458738,0.05934535256133546,317.2853977164162,377.4432730681842,7063.670849138367,0.0,0.0,7.636340637889656,9.147457408073297,136.2648878200716,0.0,0.0,15.804128616710763,18.6885999051133,386.73801775279505,0.0,0.0,208.087381284878,249.22260045222613,3730.761970939985,0.0,0.0,19.33308239177282,23.2276280072419,311.0947614159365,0.0,0.0,154.33236787831533,185.64824004353543,2375.6838579606317,32.60166379588177,22.360537582909314,341.531477778594,407.75366758465597,7569.489097746454,0.0,0.0,169.15919800695873,203.8954643288935,2409.1468035182376,1074.792127494374,21.91861745431338,42.833369101724617,22.0,30.0,0.0,22.566382177328113,45.54654250937568,21.0,30.0,1452.1844593866329,21.805420032514975,42.91423992896945,21.5,30.0,0.0,21.10288803984448,44.809165038606227,16.0,30.0,0.0,18.81641234858236,53.99550949076413,12.0,30.0,0.0,22.23116867492891,51.01715940974155,19.0,30.0,0.0,18.85913656794703,52.97507541149543,10.0,30.0,0.0,17.926509862271066,56.359897943985767,12.0,30.0,0.0,17.572738325230128,57.814753049508258,16.0,30.0,0.0,20.046189461998414,0.0,0.0,0.0,16.976071426127107,0.0,0.0,756.1141960966472,987.041496966467,743.6556672236397,743.1284940268913,865.4168446147611,1249.9950900162906,814.9012714724313,829.6073283494371,832.2166667422595,8901.280502720805,82.11920239513155,83.86072532139277,570.0,0.0,570.0,570.0,21.0,16.0,19.0,16.0,12.0,12.0,21.0,10.0,1.0,0.0,1074.792127494374,0.0,1452.1844593866329,0.0,0.0,0.0,0.0,0.0,2635.585450425435,1581351.2702552609,2050091.1825100976,82.11920239513155,83.89030216214003,0.34285284834751458,0.7686921029060804,0.36028137401965956,83.89030216214003,0.3542647819438875,2050091.1825100976,0.11781474149052507 
 03/09  21:20:00,9.813333333333335,76.66666666666667,4.116666666666667,0.0,0.0,0.0,0.0,0.0,2.0,0.0,0.0,4.0,0.0,0.0,0.0,1449.0,0.0,0.0,0.0,0.0,0.0,0.0,0.0,0.0,0.0,0.0,0.0,21.21695809554695,-340.44681864363556,22.360298611510549,-253.14491554486683,21.11838013030321,-295.88695879725858,20.503533061950884,11.214352361970015,18.86485189727796,10.441901743055958,21.93174669147688,-49.89867401244595,18.760299807919453,-56.09547239348581,17.84970097423251,-33.76232606229834,17.74552462128101,-138.71051324145879,544.8056226518754,709.401342322348,0.0,0.0,0.0,0.0,0.0,0.0,0.0,0.0,0.0,0.0,0.0,0.0,0.0,0.0,0.0,0.0,0.0,0.0,0.0,0.0,0.0,0.0,1.2179430528375635,0.3717774886561549,185.8676673409487,220.91575812801123,4310.611735371825,0.0,0.0,46.55934755649109,55.043186378983509,1184.8228975175387,1.3508828257940242,0.25526886352872726,213.93360616258046,254.45931821535613,4949.7169204089409,0.26159334684001409,0.04943184936508201,95.91848037137281,114.23576217940713,2151.561730126887,0.0,0.0,7.047090006028926,8.440130766651933,128.9220968535099,0.0,0.0,16.036944120620317,18.963469261368254,399.01151252441,0.0,0.0,202.62091269736684,242.8043325727851,3671.0416702856607,0.0,0.0,19.81733141081574,23.82070122016858,323.5474921850502,0.0,0.0,155.05339123680978,186.57365782502073,2438.017015800533,32.386949410805488,22.213271200826818,227.34715063772439,271.7469365280367,5236.465737990181,0.0,0.0,171.14140605041025,206.3544972366409,2493.430720227805,58.29750594873644,21.28700167817938,44.75692524645072,21.0,30.0,0.0,22.55002393977277,45.180226071416459,21.0,30.0,736.620122276963,21.32888499482081,44.09373394495364,21.25,30.0,0.0,20.906497256217624,45.99868781474371,16.0,30.0,0.0,18.83584212131244,54.13085607886171,12.0,30.0,0.0,22.232773470126646,51.10056092603253,19.0,30.0,0.0,18.745600183739606,53.339469390135999,10.0,30.0,0.0,17.83525090343835,56.83883770251607,12.0,30.0,0.0,17.530318268403748,57.99133144275689,16.0,30.0,0.0,19.756206381353267,0.0,0.0,0.0,16.933425245013269,0.0,0.0,772.5599822766252,970.7024340358612,745.4149860744933,778.4852323599052,870.2721600440593,1252.4248989004269,813.9055153214048,831.7841411386954,831.0401441680524,4483.859006753359,82.27987205803236,82.27987205803236,570.0,0.0,570.0,570.0,21.0,16.0,19.0,16.0,12.0,12.0,21.0,10.0,1.0,0.0,58.29750594873644,0.0,736.620122276963,0.0,0.0,0.0,0.0,0.0,0.0,0.0,0.0,82.27987205803236,82.27987205803236,0.17,0.34684044332227129,0.18014068700982978,82.27987205803236,0.17713239097194376,0.0,0.010861666666666666 
 03/09  21:30:00,9.61,76.0,4.12,0.0,0.0,0.0,0.0,0.0,2.0,0.0,0.0,4.0,0.0,0.0,0.0,1452.0,0.0,0.0,0.0,0.0,0.0,0.0,0.0,0.0,0.0,0.0,0.0,21.588752546088196,-757.8018753255626,22.34513748137539,-182.28593979199867,21.29936512102754,-196.57453961629563,20.492233212578566,318.8149600662423,18.878322826464264,5.04062768072842,21.91960739290711,-71.65782206016533,18.776216248740157,45.25251316428353,17.789489850832497,-37.81508713319067,17.701462136711244,-157.55554956203924,618.8578854789198,731.6648747817449,0.0,0.0,0.0,0.0,0.0,0.0,0.0,0.0,0.0,0.0,0.0,0.0,0.0,0.0,0.0,0.0,0.0,0.0,0.0,0.0,0.0,0.0,1.1751885215528868,0.3587266549306736,217.0488282194367,257.3068582136606,5325.70284632678,0.04126896461995233,0.006298682023802249,35.3523460543638,41.781194238246019,915.2406323500377,1.3575038442907997,0.2565200008108087,254.11042816373539,301.7370216151284,6100.841910484242,0.30937898372278879,0.05846163713582552,268.8528362244894,319.8846002445307,6130.176294994204,0.0,0.0,7.8703609072733109,9.426820169133576,147.38704910998065,0.0,0.0,16.063091264546313,18.996222221586739,405.72243037198725,0.0,0.0,213.06552094355093,255.21903375971227,3978.439293607768,0.0,0.0,21.00134058760041,25.245379139587848,348.2778353974093,0.0,0.0,156.61738109800536,188.45179748634767,2509.4850230676959,33.0741179458006,22.68458020973979,270.28019338990819,322.767116251758,6282.488968886967,0.0,0.0,173.53537307588437,209.25202589706306,2573.038957623824,1010.9350188902091,21.80759299101113,42.818260597641899,21.75,30.0,0.0,22.551367764169599,45.48661332730777,21.0,30.0,0.0,21.52369950342775,43.66194065782182,21.0,30.0,0.0,20.94531892898129,45.233300736449198,16.0,30.0,0.0,18.84678913204365,54.170797100644559,12.0,30.0,0.0,22.217374601581349,51.01872716853092,19.0,30.0,0.0,18.818330386091,53.016624732382719,10.0,30.0,0.0,17.757349518390869,57.243745749077778,12.0,30.0,0.0,17.47333461149513,58.32514219312095,16.0,30.0,0.0,19.886148623968074,0.0,0.0,0.0,16.852297534741429,0.0,0.0,754.8573925962521,995.0295872573382,758.332407536501,756.4802383018248,871.0735653533088,1245.6956754503206,813.0558803390662,835.3043578269408,836.4781419015492,6261.275500108277,82.22013159818707,82.22013159818707,570.0,0.0,570.0,570.0,21.0,16.0,19.0,16.0,12.0,12.0,21.0,10.0,1.0,0.0,1010.9350188902091,0.0,0.0,0.0,0.0,0.0,0.0,0.0,0.0,0.0,0.0,82.22013159818707,82.22013159818707,0.255,0.5759790624064501,0.27021103051474468,82.22013159818707,0.2656985864579156,0.0,0.010513333333333335 
 03/09  21:40:00,9.406666666666667,75.33333333333333,4.123333333333333,0.0,0.0,0.0,0.0,0.0,2.0,0.0,0.0,4.0,0.0,0.0,0.0,728.0,0.0,0.0,0.0,0.0,0.0,0.0,0.0,0.0,0.0,0.0,0.0,21.439615112956248,-477.5710372982162,22.324742672986596,-234.02603054375937,20.847628897506959,-130.9632742498793,20.4659779325538,152.4950956208745,18.892255088538247,8.888138167572493,21.90462572076785,-57.23347887416378,18.745105406169743,-42.192354859595528,17.73455855194112,-34.727415783622067,17.66223014048304,-143.75760244632603,542.7027737457615,776.8077751987898,0.0,0.0,0.0,0.0,0.0,0.0,0.0,0.0,0.0,0.0,0.0,0.0,0.0,0.0,0.0,0.0,0.0,0.0,0.0,0.0,0.0,0.0,1.2726251458616252,0.38846921424347527,165.98281121702093,196.93439881299276,4062.633100948302,0.002655677390525687,0.00040532316705215,43.443413769493108,51.27030949114647,1139.3117159410704,1.3021753636864313,0.24606488353863038,191.9824088709728,228.10488536897373,4544.475254151307,0.2910358413345671,0.05499543487047752,210.10738220745456,249.79992382310275,4853.637172395655,0.0,0.0,7.314087702803615,8.7472218635078,140.23067791025677,0.0,0.0,16.18017922721308,19.103109451077616,414.98048596944798,0.0,0.0,212.89389858237835,254.764857736205,4028.994940464271,0.0,0.0,21.273623838973238,25.546403756430267,358.7748032577256,0.0,0.0,161.31917635430413,193.88806025752974,2638.3166828836376,33.07491776353337,22.685128781572965,207.75079381828625,248.1022812615002,4968.497359574623,0.0,0.0,179.0780593162674,215.66686185026613,2726.554946569515,773.5625944287563,21.62266437099614,43.49674623808495,21.5,30.0,0.0,22.528305038209106,45.264956146227579,21.0,30.0,25.672019934761207,21.09084234368593,44.41561043765658,21.0,30.0,0.0,20.871685716264595,45.540874911293,16.0,30.0,0.0,18.8622504123897,54.19774959706248,12.0,30.0,0.0,22.204806839243724,51.06623608733368,19.0,30.0,0.0,18.73484283505995,53.25150064956586,10.0,30.0,0.0,17.68779659395166,57.51194310465024,12.0,30.0,0.0,17.429588022052543,58.39892485050053,16.0,30.0,0.0,19.599232512087214,0.0,0.0,0.0,16.845885538955466,0.0,0.0,769.3601578555379,988.0283664503886,743.2222546951241,764.2091800490223,873.3455045759251,1247.7753231401396,812.7058142266112,836.1063575501228,834.2313870935166,8858.201699754267,82.14775412719448,82.14775412719448,570.0,0.0,570.0,570.0,21.0,16.0,19.0,16.0,12.0,12.0,21.0,10.0,1.0,0.0,773.5625944287563,0.0,25.672019934761207,0.0,0.0,0.0,0.0,0.0,0.0,0.0,0.0,82.14775412719448,82.14775412719448,0.34,0.7671668928290001,0.36028137401965956,82.14775412719448,0.3542647819438875,0.0,0.010165 
 03/09  21:50:00,9.203333333333334,74.66666666666667,4.126666666666667,0.0,0.0,0.0,0.0,0.0,2.0,0.0,0.0,4.0,0.0,0.0,0.0,1456.0,0.0,0.0,0.0,0.0,0.0,0.0,0.0,0.0,0.0,0.0,0.0,21.51033581084539,-190.95045797550234,22.295585504983245,-206.2808375463281,21.385048994874859,-1162.2272246209375,20.528098412379035,391.8697159496212,18.903887620014168,6.302477300822787,21.8934183734279,-62.22294392405877,18.699660525821125,-11.201094698172028,17.69384102453087,-35.26913260692601,17.62889202768684,-156.31450422715967,690.5121907738235,752.6413611334513,0.0,0.0,0.0,0.0,0.0,0.0,0.0,0.0,0.0,0.0,0.0,0.0,0.0,0.0,0.0,0.0,0.0,0.0,0.0,0.0,0.0,0.0,1.3178548963587816,0.40227560938912745,219.70193634802036,261.12300666604019,5432.654852116259,0.039703747095591188,0.006059790460255066,40.46708013759351,47.85809943652074,1076.2360854796007,1.3489198938264669,0.2548979391206477,362.92053385125447,430.5840610802341,9230.048552557604,0.3048926208850021,0.057613873938964849,264.5264168837448,314.551187435732,6306.379145938694,0.0,0.0,7.497644735549402,8.978704502802149,146.97109199293636,0.0,0.0,16.320641634380498,19.302563233985315,424.8845094079955,0.0,0.0,207.76637492534665,249.04100624667948,3988.6702456503928,0.0,0.0,20.4323480872385,24.575725868323539,351.17467795142388,0.0,0.0,155.95016538805238,187.7379556008714,2603.3978649597968,33.50180808501301,22.977920497265445,368.1253452034218,439.3754484335391,8816.93720358776,0.0,0.0,172.96019513317968,208.6963557790281,2662.463236431735,0.0,21.454279087387755,43.758012296101998,21.0,30.0,0.0,22.49897304906583,45.102412800103227,21.0,30.0,1648.823247563305,21.82900356595139,42.26920827508452,21.5,30.0,0.0,21.022845378110337,44.65864529179715,16.0,30.0,0.0,18.873376420899665,54.2134210837081,12.0,30.0,0.0,22.19732546343573,51.037113858703907,19.0,30.0,0.0,18.666848235597408,53.390010775637929,10.0,30.0,0.0,17.64369107399511,57.607544038535028,12.0,30.0,0.0,17.39370146660852,58.42267526359061,16.0,30.0,0.0,19.986097624055227,0.0,0.0,0.0,16.72315633116679,0.0,0.0,767.6975272987984,983.2654554289062,743.1457083037071,751.7959837229967,875.8365252944055,1247.9300984208522,812.917242392267,834.801527139113,832.3237255712295,4683.669230863838,81.07766080012977,82.76452967787604,570.0,0.0,570.0,570.0,21.0,16.0,19.0,16.0,12.0,12.0,21.0,10.0,1.0,0.0,0.0,0.0,1648.823247563305,0.0,0.0,0.0,0.0,0.0,2552.954173143657,1531772.5038861943,1988168.1678824402,81.07766080012977,82.79317831144053,0.17009847243812194,0.3855771832154691,0.18014068700982978,82.79317831144053,0.17713239097194376,1988168.1678824402,0.11345474472988693 
 03/09  22:00:00,9.0,74.0,4.13,0.0,0.0,0.0,0.0,0.0,2.0,0.0,0.0,4.0,0.0,0.0,0.0,730.0,0.0,0.0,0.0,0.0,0.0,0.0,0.0,0.0,0.0,0.0,0.0,21.555704725616314,-485.75139203450547,22.284001716484839,-209.6448090811009,20.71554649151431,-193.5225720708404,20.49919440840955,38.895323265538539,18.91332701653687,7.254459906257438,21.875986262239594,-59.450521230589917,18.675967890022468,-27.185103657003766,17.649045020307278,-37.11054081916092,17.58378371794472,-160.31674643983116,715.011696008356,775.5526961077717,0.0,0.0,0.0,0.0,0.0,0.0,0.0,0.0,0.0,0.0,0.0,0.0,0.0,0.0,0.0,0.0,0.0,0.0,0.0,0.0,0.0,0.0,1.3147764349609319,0.40133590810773259,224.98428723228234,266.31196634609815,5798.216034646566,0.0252521754742225,0.003854117135870345,43.35545712655901,51.1817735513189,1170.4543380669764,1.6394517622326406,0.309798141011459,408.0092234901432,484.8628305404012,9750.609114899227,0.2824864660816001,0.05337990666696902,238.50760383259684,283.4877708167286,5735.67429671798,0.0,0.0,7.539192519274202,9.015089563142592,151.06268103719538,0.0,0.0,16.448721585279054,19.4226794795838,434.5068831647679,0.0,0.0,208.12621080270467,249.14201455247247,4068.39465457592,0.0,0.0,21.0493239348433,25.283540082048306,368.2926664140834,0.0,0.0,156.22769874433267,187.8363024265784,2655.602780175951,33.600288300004809,23.045465226340754,406.7000015021174,484.70391570838287,9774.195102450747,0.0,0.0,173.98310628385165,209.67903993886353,2724.713510945826,760.7021948009176,21.700815394472639,43.005270440133688,21.5,30.0,0.0,22.498039318368386,45.007722758626808,21.0,30.0,96.86309973791396,20.83401201240885,44.86915988603414,21.0,30.0,0.0,20.918970531857643,44.6696390915989,16.0,30.0,0.0,18.883021778415129,54.18792553335508,12.0,30.0,0.0,22.18094832570081,50.95741056088842,19.0,30.0,0.0,18.63335385230674,53.50932672084926,10.0,30.0,0.0,17.589513323170168,57.73574553503285,12.0,30.0,0.0,17.336734853057295,58.58737714515265,16.0,30.0,0.0,20.030161870633309,0.0,0.0,0.0,16.647468809459548,0.0,0.0,767.9730028384624,986.8389335256339,745.1499408464597,747.060088636267,877.4606913755816,1245.7278181379298,815.4319081747261,834.4368308467433,832.9880750485115,7710.974171080216,82.90617845434938,82.90617845434938,570.0,0.0,570.0,570.0,21.0,16.0,19.0,16.0,12.0,12.0,21.0,10.0,1.0,0.0,760.7021948009176,0.0,96.86309973791396,0.0,0.0,0.0,0.0,0.0,0.0,0.0,0.0,82.90617845434938,82.90617845434938,0.34,0.7675522771360936,0.36028137401965956,82.90617845434938,0.3542647819438875,0.0,0.009975 
 03/09  22:10:00,8.875,74.33333333333334,4.096666666666667,0.0,0.0,0.0,0.0,0.0,2.0,0.0,0.0,4.0,0.0,0.0,0.0,3650.0,0.0,0.0,0.0,0.0,0.0,0.0,0.0,0.0,0.0,0.0,0.0,21.524585823059704,-316.31290335497769,22.264969186180669,-227.58931265323128,21.21276543398968,-767.3498464666411,20.440317696458778,330.2766098102993,18.917871091994557,1.0281355963820005,21.86185168960472,-47.221834270717447,18.728842693566734,-6.034026761364736,17.59666218815395,-68.17064195712028,18.774394246156434,-295.02830517532598,626.957579771419,771.7163679251818,0.0,0.0,0.0,0.0,0.0,0.0,0.0,0.0,0.0,0.0,0.0,0.0,0.0,0.0,0.0,0.0,0.0,0.0,0.0,0.0,0.0,0.0,1.3292719333957608,0.4057606634297194,150.19006359739647,178.64908525373793,3827.6741262006228,0.028186297599147478,0.004301937973007856,42.059311526085767,49.77735530328685,1144.178082987902,1.417367476390737,0.267832100602936,280.28527871580908,333.26533309534457,7191.527121030468,0.3124681737528622,0.05904538430704122,238.08171816933618,283.6074221641694,5747.906434058937,0.0,0.0,7.096388313599719,8.506305365623853,143.94480012374908,0.0,0.0,15.86157054346223,18.781841356096967,422.48640224264116,0.0,0.0,162.7407944397388,195.17863797009509,3249.579009080432,0.0,0.0,32.48556047939942,39.10107018483578,571.5089143206764,0.0,0.0,125.92951653182269,150.66463155620165,2651.485295646529,33.78902407541087,23.174913631969056,282.25522155651268,337.7000944208321,6948.002331053457,0.0,0.0,130.5128613423665,157.62030397039184,2067.2881397949865,0.0,21.43261438617467,43.287068522798367,21.000000000000005,30.0,0.0,22.48044549401473,44.75678104645229,21.000000000000005,30.0,1006.4732170006164,21.522125648499565,42.47949416810813,21.300000000000006,30.0,0.0,20.867651278325949,44.52046197104161,15.999999999999999,30.0,0.0,18.88425616939078,54.00040054376502,12.0,30.0,0.0,22.171398022379195,49.73652919794353,19.0,30.0,0.0,18.746607595731008,52.71479296016514,10.0,30.0,0.0,17.518298764186853,57.959751980797268,12.0,30.0,2222.3818229323794,19.19253403485544,51.89586196155683,19.9,30.0,0.0,19.714871096045358,0.0,0.0,0.0,16.51785877517968,0.0,0.0,764.605786964664,981.781475880172,737.4048069947285,746.9275116459762,872.1592943888343,1221.3258990878972,809.5078048938682,836.9833424320921,826.1787653066449,9052.85797751391,81.41411787192389,83.55364275764991,570.0,0.0,570.0,570.0,21.0,16.0,19.0,19.0,12.0,12.0,21.0,10.0,1.0,0.0,0.0,0.0,1006.4732170006164,0.0,0.0,0.0,0.0,2222.3818229323794,3237.8347056525769,1942700.823391546,2529236.3751243746,81.41411787192389,83.58997899294472,0.31192782352175266,0.6918260602497809,0.3242532366176936,83.58997899294472,0.31883830374949886,2529236.3751243746,0.1414002915064674 
 03/09  22:20:00,8.75,74.66666666666667,4.0633333333333339,0.0,0.0,0.0,0.0,0.0,2.0,0.0,0.0,4.0,0.0,0.0,0.0,1098.0,0.0,0.0,0.0,0.0,0.0,0.0,0.0,0.0,0.0,0.0,0.0,21.568170400400754,-588.6437108287627,22.228862042714959,-217.67435995937195,21.249165466653389,-844.5042786627719,20.478594930670395,301.6527488405997,18.915380357325526,-3.164056013849924,21.849125773569015,-48.71998612383525,18.6388206740557,-6.500510116657999,17.526175430845414,-62.12276002882592,18.897824130602609,-202.99251340308207,656.9559696800852,774.0185232004976,0.0,0.0,0.0,0.0,0.0,0.0,0.0,0.0,0.0,0.0,0.0,0.0,0.0,0.0,0.0,0.0,0.0,0.0,0.0,0.0,0.0,0.0,1.3120408059165696,0.40050085650688918,147.5777369155647,174.88350089089333,3919.886737556457,0.05208315257911125,0.007949199111585964,39.474786687688979,46.68908374566206,1081.075564661849,1.512279874894288,0.2857671721266606,294.4708573956884,349.1562825862309,7673.231719594061,0.3210939951931535,0.06067535812417864,231.19001058714896,274.7076563669169,5690.830194761693,0.0,0.0,7.245337074352193,8.670720064362464,148.69807699108319,0.0,0.0,15.425946848741312,18.244894834842353,414.57680707007048,0.0,0.0,162.74392879480198,194.97725240805586,3247.8503191568627,0.0,0.0,35.57276315266689,42.795857439064608,628.3763346236099,0.0,0.0,135.5206058426929,161.9417556224841,2902.2313566597488,33.95804484247836,23.290840084004356,299.0017971162286,356.93814215819369,7373.749365158397,0.0,0.0,129.0692416135876,155.66666935682268,2078.433387149707,975.3561840587779,21.79324568129106,42.092221560230537,21.666666666666658,29.99999999999999,0.0,22.434317190990716,44.366683248771199,20.999999999999994,29.99999999999999,1512.4120327664078,21.632181438382486,41.86584680190252,21.666666666666658,29.99999999999999,0.0,20.91990143683675,44.46616812819525,15.999999999999993,29.99999999999999,0.0,18.875300992126385,53.54306283488944,11.999999999999995,29.99999999999999,0.0,22.163859356470277,47.93115509891756,18.999999999999994,29.99999999999999,0.0,18.590335256575096,53.11567345809689,9.999999999999997,29.99999999999999,0.0,17.41880746221768,58.25932452333048,11.999999999999995,29.99999999999999,0.0,19.353523258572016,50.93132341179517,18.999999999999994,29.99999999999999,0.0,19.724483642976055,0.0,0.0,0.0,16.59328649760439,0.0,0.0,762.6067472641032,972.2234587770483,732.596005679789,758.9149203964407,856.3468582044367,1186.459246793433,813.1223262139594,841.5900016537999,820.5895546059896,8994.157975283684,82.05780079669685,82.05780079669685,569.9999999999998,0.0,569.9999999999998,569.9999999999998,21.0,16.0,19.0,19.0,12.0,12.0,21.0,10.0,1.0,0.0,975.3561840587779,0.0,1512.4120327664078,0.0,0.0,0.0,0.0,0.0,0.0,0.0,0.0,82.05780079669685,82.05780079669685,0.3399999999999999,0.7713175431489658,0.36028137401965945,82.05780079669685,0.35426478194388735,0.0,0.009626666666666666 
 03/09  22:30:00,8.625,75.0,4.03,0.0,0.0,0.0,0.0,0.0,2.0,0.0,0.0,4.0,0.0,0.0,0.0,1466.0,0.0,0.0,0.0,0.0,0.0,0.0,0.0,0.0,0.0,0.0,0.0,21.289604198336514,-273.7964186625866,22.212876154436505,-225.2325138495496,20.975629681543127,-489.39525564733028,20.541160283758516,164.01190839311426,18.91188413320048,-1.7250966056418876,21.832125905559388,-42.057635006510597,18.66844536638476,-54.860806821897089,17.476187002845664,-75.09489084547119,19.050409294808646,-220.35666843978937,631.3886893998056,760.1350503521151,0.0,0.0,0.0,0.0,0.0,0.0,0.0,0.0,0.0,0.0,0.0,0.0,0.0,0.0,0.0,0.0,0.0,0.0,0.0,0.0,0.0,0.0,1.3558811639286952,0.4138831391723734,154.31466935081989,183.46265474443957,3949.562899307685,0.03628241171613743,0.005537608625784101,41.39638420603457,48.9525525737301,1142.698695623822,1.4696872827183168,0.27771868532092167,224.92930158514117,267.4661245550744,5747.782309866883,0.2968024339864635,0.05608511602162952,187.2272362496303,222.9045231703376,4670.7716912878809,0.0,0.0,6.875007629000316,8.234815714113559,142.7085412489791,0.0,0.0,15.093080945841479,17.863035250200757,408.9253463294089,0.0,0.0,150.2044486019096,180.0563347610841,3045.687417909444,0.0,0.0,36.10515910989857,43.46304113867635,642.3850679751547,0.0,0.0,124.87985816262276,149.22172024370054,2747.034251634484,34.00614318122129,23.32382934240144,229.9234417023828,274.91926582837888,5881.933225521734,0.0,0.0,119.60646223713963,144.40138859577548,1920.7313627400093,0.0,21.264769214174444,43.38797748020012,21.0,30.0,0.0,22.42428266731167,44.37372916317517,21.0,30.0,73.89335299975422,21.250298330363536,42.63937202598806,21.0,30.0,0.0,21.01053526161725,43.75129373874558,16.0,30.0,0.0,18.86724286997985,53.18038065289174,12.0,30.0,0.0,22.149030795091098,46.951788077647808,19.0,30.0,0.0,18.640064948602097,52.56455745848525,10.0,30.0,0.0,17.356241816897293,58.2511191611451,12.0,30.0,1039.6287175822402,19.471916160057885,50.23584168662527,19.5,30.0,0.0,19.642118805970886,0.0,0.0,0.0,16.389894181069509,0.0,0.0,767.1788932711341,981.9257925942942,732.0997992435696,748.4374029804785,845.3546291653838,1170.08921185389,808.2386195978213,841.5299568633951,815.2297762076636,6707.694845807219,81.70643523309329,81.70643523309329,570.0,0.0,570.0,570.0,21.0,16.0,19.0,19.0,12.0,12.0,21.0,10.0,1.0,0.0,0.0,0.0,73.89335299975422,0.0,0.0,0.0,0.0,1039.6287175822402,0.0,0.0,0.0,81.70643523309329,81.70643523309329,0.255,0.5407493725620933,0.27021103051474468,81.70643523309329,0.2656985864579156,0.0,0.009373333333333333 
 03/09  22:40:00,8.5,75.33333333333333,3.996666666666667,0.0,0.0,0.0,0.0,0.0,2.0,0.0,0.0,0.0,0.0,0.0,0.0,2569.0,0.0,0.0,0.0,0.0,0.0,0.0,0.0,0.0,0.0,0.0,0.0,21.188855107638078,31.64055776266136,21.742441054549937,-911.6750176671397,20.757032845981848,38.112227247445499,20.414975940463305,49.6928615466333,18.908383261830495,-7.23205655568214,21.706755649720749,-70.18324851093016,18.527711797564327,-62.74331914434937,17.430959393857856,-47.64188143016769,19.021976453640286,-333.92193574325867,606.5493497769732,928.1821156399437,0.0,0.0,0.0,0.0,0.0,0.0,0.0,0.0,0.0,0.0,0.0,0.0,0.0,0.0,0.0,0.0,0.0,0.0,0.0,0.0,0.0,0.0,1.2118492186317902,0.36991734390469829,263.06158004583457,313.0006295493028,6764.866068617133,0.17100977192815779,0.02610039254092766,220.9559286516663,262.6357445208035,5833.3990345276629,1.4572974010319893,0.2753774378367331,179.68174038945996,213.93319435058818,4527.371263945632,0.2802782023418514,0.0529626232694353,130.38059176436566,155.3135925764404,3225.395230349647,0.0,0.0,7.7888568927961538,9.334292743455246,163.51625722921706,0.0,0.0,15.410314123167929,18.264822124137767,417.32928910138528,0.0,0.0,189.17356833766238,227.11592210376129,3801.9160272979768,0.0,0.0,36.554475541980298,44.04866235637495,656.0279791860473,0.0,0.0,161.14927085662166,192.7871506531313,3566.4149799196118,33.87903558626117,23.236649921989863,225.74431515351936,270.23195002165758,5807.184571633335,0.0,0.0,155.6170407038967,187.93304327274979,2607.351122181234,0.0,21.240488119858399,43.346858668670339,21.857142857142884,30.000000000000033,0.0,21.590240961109214,41.51199927526526,12.000000000000015,30.000000000000033,0.0,20.941875759542364,44.32995818501469,22.00000000000002,30.000000000000033,0.0,20.778892890675278,45.011849597218937,12.000000000000015,30.000000000000033,0.0,18.85984247331963,52.867052540423959,12.000000000000015,30.000000000000033,0.0,22.012053449864056,46.27257014004809,12.000000000000015,30.000000000000033,0.0,18.40197995950019,53.32374475493219,10.00000000000001,30.000000000000033,0.0,17.306092838315587,58.03406880995645,12.000000000000015,30.000000000000033,0.0,19.436474470508715,50.21090995063723,19.00000000000002,30.000000000000033,0.0,19.50606800571956,0.0,0.0,0.0,16.677623514862085,0.0,0.0,778.3423969011408,738.0349550759609,782.6870548738415,788.5765033275857,838.8153500016356,1140.6081995422499,819.1059662182631,838.4476111594629,824.2812632668525,0.0,81.73408823105587,81.73408823105587,60.000000000000067,0.0,60.000000000000067,60.000000000000067,12.0,12.0,12.0,19.0,12.0,12.0,21.0,10.0,0.0,0.0,0.0,0.0,0.0,0.0,0.0,0.0,0.0,0.0,0.0,0.0,0.0,81.73408823105587,81.73408823105587,0.0,0.0,0.0,81.73408823105587,0.0,0.0,0.00096 
 03/09  22:50:00,8.375,75.66666666666667,3.9633333333333335,0.0,0.0,0.0,0.0,0.0,2.0,0.0,0.0,0.0,0.0,0.0,0.0,734.0,0.0,0.0,0.0,0.0,0.0,0.0,0.0,0.0,0.0,0.0,0.0,20.90973854817392,-204.14131430978433,21.352329486289606,-275.46733044376369,20.625567631948664,-90.13847931544706,20.29507751458455,84.33254752769153,18.900036618416047,-7.497508304572307,21.552504260990266,-68.56696824469407,18.534859025743005,-12.03938387377957,17.410811540917039,-47.373280843869,18.66070167506756,-126.78252532845818,558.1233179491073,790.7533893740779,0.0,0.0,0.0,0.0,0.0,0.0,0.0,0.0,0.0,0.0,0.0,0.0,0.0,0.0,0.0,0.0,0.0,0.0,0.0,0.0,0.0,0.0,1.2536991645628995,0.38269205267487779,194.63561417820865,231.49859811461534,4883.277836887673,0.220292624231044,0.03362219539545849,116.19600363014965,138.26995703834366,2946.9570568194756,1.3286907016219308,0.25107534044254178,166.36174427845766,197.8101549123155,4171.702043742158,0.2741127116769614,0.05179756456480751,147.26931603098945,175.1200300292579,3619.8139643729866,0.0,0.0,7.753080555309238,9.273870275398508,164.5571526591595,0.0,0.0,14.353785136272558,16.994502665387438,386.0901327931815,0.0,0.0,164.89892597565044,197.6300855774046,3365.0796109145787,0.0,0.0,34.474207331079387,41.461085872178177,626.7831397670345,0.0,0.0,135.31311342544135,161.96030455148805,2865.21503262143,33.82974792937238,23.20284494469986,189.82674690596094,226.82761922853394,4926.742353745209,0.0,0.0,129.74898714979515,156.61173375204269,2124.699764493269,0.0,20.73166067883311,43.75033218155383,22.0,30.0,0.0,21.010903193975488,42.81208825905232,12.0,30.0,0.0,20.74338840359262,44.15868589634148,22.0,30.0,0.0,20.57479007742063,45.23149919228525,12.0,30.0,0.0,18.845881753124425,52.48800356156181,12.0,30.0,0.0,21.781491580912616,45.549259824747,12.0,30.0,0.0,18.43618596190187,52.72233764312466,10.0,30.0,0.0,17.293492327685983,57.78540082860221,12.0,30.0,0.0,18.80804740593857,51.98672663303033,19.5,30.0,0.0,19.288628826373907,0.0,0.0,0.0,16.323793324146246,0.0,0.0,740.1578903318641,732.7212827201785,757.8259695482627,778.8307870111589,830.7945972377665,1097.9410227634263,807.5102458064152,838.0651735263922,821.0514035883442,0.0,81.73408823105577,81.73408823105577,60.0,0.0,60.0,60.0,12.0,12.0,12.0,19.0,12.0,12.0,21.0,10.0,0.0,0.0,0.0,0.0,0.0,0.0,0.0,0.0,0.0,0.0,0.0,0.0,0.0,81.73408823105577,81.73408823105577,0.0,0.0,0.0,81.73408823105577,0.0,0.0,0.0009033333333333332 
 03/09  23:00:00,8.25,76.0,3.93,0.0,0.0,0.0,0.0,0.0,2.0,0.0,0.0,0.0,0.0,0.0,0.0,1101.0,0.0,0.0,0.0,0.0,0.0,0.0,0.0,0.0,0.0,0.0,0.0,20.773939520994973,-26.156955568884187,21.1731053339782,-456.6419268825265,20.447363431972435,-78.26673411638822,20.184222999414798,-24.378842017083139,18.895532667861447,-4.737034806834101,21.449174308382479,-58.969603451931387,18.601667996961408,44.295859283342938,17.366218945043408,-82.80507272972932,18.53432753171395,-36.946158235222387,497.104178351805,475.2415505264416,0.0,0.0,0.0,0.0,0.0,0.0,0.0,0.0,0.0,0.0,0.0,0.0,0.0,0.0,0.0,0.0,0.0,0.0,0.0,0.0,0.0,0.0,1.2741599989040813,0.3889377286031998,175.56429855747857,209.08227658909869,4380.211710540302,0.22056493373372988,0.03366375667486723,149.50213938500895,177.99730827947969,3769.4979235305,1.2774146402279927,0.24138598643764065,124.95198108467304,148.83172999100243,3101.9330201900559,0.2564788011823751,0.04846538193166577,95.54304430469782,113.82450960165309,2340.0154038979746,0.0,0.0,6.82569313870517,8.172507367115259,146.5143416625936,0.0,0.0,13.335002724746789,15.80990500270321,358.6463446397053,0.0,0.0,102.9926537216785,123.51194283116605,2155.8065778508246,0.0,0.0,32.57664904376969,39.21809431224578,596.5105581479329,0.0,0.0,76.82704506294192,92.117180645909,1617.682677009221,33.58915222875838,23.0378273173926,174.78821596967109,209.32228898149789,4568.938715959388,0.0,0.0,72.11450903980199,87.32103365312077,1113.3731631526962,0.0,20.56394400133399,43.80065193957347,22.000000000000019,30.00000000000002,0.0,20.769705737771568,42.81360708087959,12.00000000000001,30.00000000000002,0.0,20.465408785866989,44.406981405218768,22.000000000000019,30.00000000000002,0.0,20.38423992118885,44.954094966585717,12.00000000000001,30.00000000000002,0.0,18.841454073869117,52.14754931971914,12.00000000000001,30.00000000000002,0.0,21.65350278050517,45.15219563784845,12.00000000000001,30.00000000000002,0.0,18.58034719497063,51.335444908868918,10.000000000000007,30.00000000000002,0.0,17.232174088685558,57.79715091352451,12.00000000000001,30.00000000000002,0.0,18.62608535223367,52.014482621828907,20.000000000000015,30.00000000000002,0.0,19.063514227504926,0.0,0.0,0.0,15.739548936436638,0.0,0.0,728.1736950403004,714.5800313000535,739.7170740846588,751.349504430733,823.2095040265624,1083.0604769082304,783.2199981198683,839.1583705149412,805.9869596084116,0.0,81.73408823105584,81.73408823105584,60.00000000000004,0.0,60.00000000000004,60.00000000000004,12.0,12.0,12.0,19.0,12.0,12.0,21.0,10.0,0.0,0.0,0.0,0.0,0.0,0.0,0.0,0.0,0.0,0.0,0.0,0.0,0.0,81.73408823105584,81.73408823105584,0.0,0.0,0.0,81.73408823105584,0.0,0.0,0.0008466666666666668 
 03/09  23:10:00,8.135,76.5,3.9483333333333339,0.0,0.0,0.0,0.0,0.0,2.0,0.0,0.0,0.0,0.0,0.0,0.0,734.0,0.0,0.0,0.0,0.0,0.0,0.0,0.0,0.0,0.0,0.0,0.0,20.611225504114118,-216.2833829474057,21.018257854662573,-217.70775665645045,20.35604725124069,-90.18222313914566,20.07761938941613,28.270555795975498,18.89247834947367,-2.1849050731900805,21.351899952684265,-56.53178393258966,18.74642692210182,94.98588391247813,17.285138090251754,-106.54031620274759,18.433970625641856,-84.2507557193153,419.86918945331197,439.1107278445701,0.0,0.0,0.0,0.0,0.0,0.0,0.0,0.0,0.0,0.0,0.0,0.0,0.0,0.0,0.0,0.0,0.0,0.0,0.0,0.0,0.0,0.0,1.2828564979999618,0.391592337606826,154.51775368821016,184.03633843771639,3811.436979864945,0.23286020112016526,0.03554032373628896,90.66472401010361,108.05635737621152,2272.206611406887,1.2743966084468246,0.24081568564754819,107.8076366321508,128.3323131566611,2681.22060950687,0.25879937776543868,0.04890388846663617,104.65021951397873,124.58122251867457,2553.145517873427,0.0,0.0,6.557099095964691,7.8445395336456189,142.2933988625141,0.0,0.0,13.082324697389968,15.504996574437712,351.9122923786712,0.0,0.0,95.31704584259579,114.00541373152272,2073.268263805609,0.0,0.0,33.92452855969647,40.82125721403277,620.7226924227234,0.0,0.0,51.497479444055958,61.70417437502101,1081.2903612478474,33.74912485968389,23.147547914735186,129.00701162592646,154.44543089626067,3487.446051570073,0.0,0.0,60.48655989048604,73.17093998586332,914.3866752311473,0.0,20.29392650185305,43.57545726058153,22.0,30.0,0.0,20.60193734099684,42.74869500186406,12.0,30.0,0.0,20.354021439105403,44.08422057441703,22.0,30.0,0.0,20.223446016957987,45.063717268382067,12.0,30.0,0.0,18.841106005837145,51.59978025856609,12.0,30.0,0.0,21.5331931480341,44.65821251419342,12.0,30.0,0.0,18.859115580217929,49.764231108445439,10.0,30.0,0.0,17.10550885474743,57.995688478244449,12.0,30.0,0.0,18.475383505129434,52.10653514392341,20.0,30.0,0.0,18.717295278945707,0.0,0.0,0.0,15.47412592441951,0.0,0.0,698.9688263747531,698.2377109296077,720.1396611411938,739.4708908164228,809.6338660793083,1066.2870885423668,763.3246433491097,840.0239707816043,798.5467213001966,0.0,81.73408823105577,81.73408823105577,60.0,0.0,60.0,60.0,12.0,12.0,12.0,19.0,12.0,12.0,21.0,10.0,0.0,0.0,0.0,0.0,0.0,0.0,0.0,0.0,0.0,0.0,0.0,0.0,0.0,81.73408823105577,81.73408823105577,0.0,0.0,0.0,81.73408823105577,0.0,0.0,0.00079 
 03/09  23:20:00,8.02,77.0,3.9666666666666674,0.0,0.0,0.0,0.0,0.0,2.0,0.0,0.0,0.0,0.0,0.0,0.0,1101.0,0.0,0.0,0.0,0.0,0.0,0.0,0.0,0.0,0.0,0.0,0.0,20.54215843526459,-6.370906351484642,20.878708988330545,-434.2509138547147,20.20904880261886,-118.87475416099092,19.979415920140434,-51.782266017209447,18.891144767975157,1.5690125211184896,21.27374707717926,-54.34968418479151,18.750181463412923,1.2228501071391902,17.217267885503,-100.08337769467929,18.24233540790032,-306.4031969715696,474.19944085723196,716.9134615411715,0.0,0.0,0.0,0.0,0.0,0.0,0.0,0.0,0.0,0.0,0.0,0.0,0.0,0.0,0.0,0.0,0.0,0.0,0.0,0.0,0.0,0.0,1.2783023151521132,0.3902021719023544,172.27158115318083,205.4934932944751,4274.167717393543,0.2243938020557893,0.03424813828690312,141.9465863436028,169.2629815017178,3548.37462842853,1.276970100494113,0.24130198422035394,139.32560787865166,166.19909346126273,3430.5478296802928,0.2539373911396749,0.04798514571800354,99.99114967649568,119.24699058217353,2432.208323796518,0.0,0.0,6.052203804725613,7.24713969173243,132.7836530821404,0.0,0.0,13.148694165006058,15.604625938793284,354.5361041389202,0.0,0.0,141.761115436475,169.7439553728318,3109.153296446713,0.0,0.0,35.12706402623572,42.330212202716257,644.4202772293537,0.0,0.0,82.76235901937517,99.30453381303201,1699.9009951149877,33.85848651285558,23.222555907308356,185.84439151203837,222.81174267182855,4827.972358188428,0.0,0.0,107.42067874372957,129.97460912019219,1706.0039203619843,0.0,20.25620814647244,43.36002656862661,21.999999999999994,29.99999999999999,0.0,20.417754542340277,42.44613318594172,11.999999999999995,29.99999999999999,0.0,20.13337968886805,44.015636405889519,21.999999999999994,29.99999999999999,0.0,20.06982824318074,44.63286200026319,11.999999999999995,29.99999999999999,0.0,18.845390022244833,51.15696166775864,11.999999999999995,29.99999999999999,0.0,21.447953235083256,44.260833961256199,11.999999999999995,29.99999999999999,0.0,18.846360570124366,49.76141094686347,9.999999999999997,29.99999999999999,0.0,17.011564971855039,57.44480569007628,11.999999999999995,29.99999999999999,0.0,18.149230016002293,52.96867058618297,19.999999999999994,29.99999999999999,0.0,18.840139108441134,0.0,0.0,0.0,15.737218592953532,0.0,0.0,689.0132086212414,673.3735537949976,699.7242859586934,713.3459282900176,800.3169114470838,1052.9740274045815,767.4132324161662,820.5831141539718,801.521125220188,0.0,81.73408823105574,81.73408823105574,59.99999999999998,0.0,59.99999999999998,59.99999999999998,12.0,12.0,12.0,19.0,12.0,12.0,21.0,10.0,0.0,0.0,0.0,0.0,0.0,0.0,0.0,0.0,0.0,0.0,0.0,0.0,0.0,81.73408823105574,81.73408823105574,0.0,0.0,0.0,81.73408823105574,0.0,0.0,0.0007833333333333334 
 03/09  23:30:00,7.904999999999999,77.5,3.9850000000000005,0.0,0.0,0.0,0.0,0.0,2.0,0.0,0.0,0.0,0.0,0.0,0.0,734.0,0.0,0.0,0.0,0.0,0.0,0.0,0.0,0.0,0.0,0.0,0.0,20.431837354837506,-197.13004008097415,20.7746724560945,-200.20037817396827,20.151259749830638,-86.40354169236253,19.894800535228286,9.32326017109699,18.88751161118836,1.2457321237213819,21.191191115796934,-59.499007094323818,18.668927078289934,-28.4589904739305,17.176613402026356,-82.3790305334386,17.993886624145163,-335.6824536859683,374.3125248186575,828.9012394240867,0.0,0.0,0.0,0.0,0.0,0.0,0.0,0.0,0.0,0.0,0.0,0.0,0.0,0.0,0.0,0.0,0.0,0.0,0.0,0.0,0.0,0.0,1.2857659665371518,0.39248045376591936,133.0815904838029,158.710179347212,3301.050222139732,0.2342925470155025,0.03575893574717682,67.27885851847674,80.33583948096363,1682.7372025389576,1.2826219111468409,0.24236997565133057,109.24812386930512,130.22543988067947,2713.0205257112959,0.2588065339297976,0.048905240727474968,94.57938608930765,112.70572541516329,2303.848357269385,0.0,0.0,6.418509381895246,7.6794579223223249,142.34501061280219,0.0,0.0,13.378415980982492,15.869981546655382,361.41238038041299,0.0,0.0,167.9060860491156,201.02525487610257,3671.5369117502416,0.0,0.0,34.05828436921642,41.021184809748508,630.1648444212244,0.0,0.0,108.91114556355743,130.78897110311764,2180.5321968568525,34.05932858158344,23.360307669124454,115.01507233654763,137.91837142974175,3174.1504831740369,0.0,0.0,133.98631952540368,161.9514228490911,2195.111906767595,0.0,20.079982250743748,43.030039048419578,22.0,30.0,0.0,20.336224545391589,42.10258726026049,12.0,30.0,0.0,20.090125840928815,43.56899597293062,22.0,30.0,0.0,19.958247922257685,44.61076586031687,12.0,30.0,0.0,18.84604286110466,50.77230795293994,12.0,30.0,0.0,21.35183220193007,43.91537393953671,12.0,30.0,0.0,18.69023997769233,49.92603628428008,10.0,30.0,0.0,16.97106395995806,56.62583304813413,12.0,30.0,0.0,17.75126812491135,53.709253108600467,20.0,30.0,0.0,18.42216886866611,0.0,0.0,0.0,15.882502492671295,0.0,0.0,664.9588100654623,655.9907055486497,682.9067241545614,704.3964692538034,795.0395092474221,1039.6112516853485,761.4682342551588,794.8576433957283,788.0770227312302,0.0,81.73408823105577,81.73408823105577,60.0,0.0,60.0,60.0,12.0,12.0,12.0,19.0,12.0,12.0,21.0,10.0,0.0,0.0,0.0,0.0,0.0,0.0,0.0,0.0,0.0,0.0,0.0,0.0,0.0,81.73408823105577,81.73408823105577,0.0,0.0,0.0,81.73408823105577,0.0,0.0,0.0007766666666666666 
 03/09  23:40:00,7.789999999999999,78.0,4.003333333333334,0.0,0.0,0.0,0.0,0.0,2.0,0.0,0.0,0.0,0.0,0.0,0.0,734.0,0.0,0.0,0.0,0.0,0.0,0.0,0.0,0.0,0.0,0.0,0.0,20.228355794652708,-118.6457024253406,20.70952548588539,-364.0780366874178,20.005051973632609,-223.37557080273928,19.776036888954076,-76.88736814386273,18.877732665036164,-1.0777515702933883,21.11074389120948,-64.8892802246454,18.51515152630044,-106.95807346354744,17.15999043739552,-63.5469909344932,17.79596298893745,-336.0187767897779,583.9219653261691,830.2674852670973,0.0,0.0,0.0,0.0,0.0,0.0,0.0,0.0,0.0,0.0,0.0,0.0,0.0,0.0,0.0,0.0,0.0,0.0,0.0,0.0,0.0,0.0,1.2838247523244178,0.3918878975349262,412.32212913813376,491.9996854370943,10023.984002738627,0.21046683253522825,0.03212253243822166,232.9934940035276,277.4706116188775,5844.089083688284,1.2375793444792476,0.23385853070280586,294.34287806669308,351.1708191326318,7187.091200460611,0.24826740378434,0.0469137195359675,141.2986481536023,168.58474732240189,3420.8153474013708,0.0,0.0,6.49484564384284,7.77498831973994,145.41941780130896,0.0,0.0,13.85563967466204,16.44332429765542,375.0495309136931,0.0,0.0,177.734667386386,213.09214418809627,3832.8279651057757,0.0,0.0,28.23489374217901,34.011426686496907,529.2479257298578,0.0,0.0,126.33102648781034,151.9243867905912,2488.2299179597077,34.12389189140759,23.40458977462799,503.80655738876319,602.7139163030114,12234.731617933616,0.0,0.0,148.62268646317438,179.7360855384103,2458.934213111781,0.0,19.760718085033174,43.41633260336296,22.000000000000008,30.00000000000001,0.0,20.28971732998854,41.893662565385827,12.000000000000004,30.00000000000001,0.0,19.866300589594514,43.21689260353948,22.000000000000008,30.00000000000001,0.0,19.765838608197077,43.75055446409016,12.000000000000004,30.00000000000001,0.0,18.836138596407687,50.30273293891089,12.000000000000004,30.00000000000001,0.0,21.25909568318048,43.57034247610174,12.000000000000004,30.00000000000001,0.0,18.40876765955958,49.94475469463088,10.000000000000004,30.00000000000001,0.0,16.97483242565533,55.82127956632379,12.000000000000004,30.00000000000001,0.0,17.458330254087565,53.81262753168227,20.000000000000008,30.00000000000001,0.0,19.050504127918886,0.0,0.0,0.0,15.84977727050677,0.0,0.0,651.3577589578089,647.0696600655745,654.4867577004123,662.8320740984268,786.4804142385872,1023.2354009746277,740.3119360721902,776.3024261164485,767.5608899631561,0.0,81.7340882310558,81.7340882310558,60.00000000000002,0.0,60.00000000000002,60.00000000000002,12.0,12.0,12.0,19.0,12.0,12.0,21.0,10.0,0.0,0.0,0.0,0.0,0.0,0.0,0.0,0.0,0.0,0.0,0.0,0.0,0.0,81.7340882310558,81.7340882310558,0.0,0.0,0.0,81.7340882310558,0.0,0.0,0.0007700000000000001 
 03/09  23:50:00,7.675,78.5,4.0216666666666669,0.0,0.0,0.0,0.0,0.0,2.0,0.0,0.0,0.0,0.0,0.0,0.0,734.0,0.0,0.0,0.0,0.0,0.0,0.0,0.0,0.0,0.0,0.0,0.0,20.25094514641949,-230.85133344485804,20.511299654908514,-256.0446516423874,19.821835621712908,-111.80537278423162,19.69801856366915,-116.76061618821268,18.865683613835626,-4.2593285367310049,21.03597080993546,-71.27813876495878,18.397356976258366,-69.8337639318247,17.14204620156127,-62.97398143748177,17.638859247027385,-319.6727274784587,567.0104754266886,814.3599821288758,0.0,0.0,0.0,0.0,0.0,0.0,0.0,0.0,0.0,0.0,0.0,0.0,0.0,0.0,0.0,0.0,0.0,0.0,0.0,0.0,0.0,0.0,1.241497339427804,0.37896744182777905,325.70243621294187,388.72209671418036,8015.057968242692,0.2131189914519829,0.03252731859767749,157.13187800814328,187.69036288339718,3900.3221661215777,1.288384458810468,0.24345889244339923,326.8849471667796,390.3066901892238,7910.186469393571,0.2541642797759114,0.048028019609960569,188.7251432711102,225.38296175682894,4574.387475076699,0.0,0.0,6.832068509255583,8.175920596881776,154.40455274704034,0.0,0.0,14.075845305666946,16.71320665624938,382.0630293000837,0.0,0.0,182.7074137642618,219.2161514662782,3914.9366551745767,0.0,0.0,25.9389246981806,31.249308402489576,492.1221147966219,0.0,0.0,129.80731000404303,156.26723296262763,2532.429954069667,34.34041259723871,23.55309505983451,455.3232368392835,545.1751540083316,11164.495983443765,0.0,0.0,150.8421153414775,182.52480678460399,2505.1793331581527,0.0,19.848290490039344,42.591299464413847,22.0,30.0,0.0,20.012620903449269,41.805935657476599,12.0,30.0,0.0,19.592269569643969,43.33230453080539,22.0,30.0,0.0,19.66901720034634,43.58806624161029,12.0,30.0,0.0,18.82369530835006,49.78599789263652,12.0,30.0,0.0,21.177158374706253,43.05705996745985,12.0,30.0,0.0,18.22332874336201,49.73967285842612,10.0,30.0,0.0,16.97132334514386,55.07251857177031,12.0,30.0,0.0,17.242798772196538,53.75982331078773,20.0,30.0,0.0,18.95745062109559,0.0,0.0,0.0,15.760323677772489,0.0,0.0,634.7577341931776,623.0568798187086,636.407619759161,650.9412994717404,776.696676310641,1000.0619373314712,721.0155728375652,759.5865210416648,750.1289069901562,0.0,81.73408823105577,81.73408823105577,60.0,0.0,60.0,60.0,12.0,12.0,12.0,19.0,12.0,12.0,21.0,10.0,0.0,0.0,0.0,0.0,0.0,0.0,0.0,0.0,0.0,0.0,0.0,0.0,0.0,81.73408823105577,81.73408823105577,0.0,0.0,0.0,81.73408823105577,0.0,0.0,0.0007700000000000001 
 03/09  24:00:00,7.56,79.0,4.04,0.0,0.0,0.0,0.0,0.0,2.0,0.0,0.0,0.0,0.0,0.0,0.0,734.0,0.0,0.0,0.0,0.0,0.0,0.0,0.0,0.0,0.0,0.0,0.0,20.069543063798073,-89.87340238480283,20.484396364792859,-335.2114962089629,19.80172285797692,-215.67761583726407,19.56431781712314,-54.999402965948778,18.848216334044495,-4.426713624778884,20.958315666918254,-70.24227895387372,18.32757130818109,-113.91299598247815,17.12237569222745,-61.30197644372288,17.5176673124965,-322.7445789792887,550.1253084821037,822.44245894082,0.0,0.0,0.0,0.0,0.0,0.0,0.0,0.0,0.0,0.0,0.0,0.0,0.0,0.0,0.0,0.0,0.0,0.0,0.0,0.0,0.0,0.0,1.2473492831251108,0.3807537494276896,363.49422072978418,434.08751466194118,8885.620124068542,0.2001649739810995,0.03055020970407502,184.70003550948395,220.10464267000914,4620.787601465172,1.2604775928424768,0.23818548617582714,310.8348545263443,371.33739108625596,7591.892060815997,0.25519100933113,0.0482220350209996,160.02323916855523,191.16442398199335,3859.8267682154375,0.0,0.0,6.673138604253678,7.9911017831501989,152.09655333214915,0.0,0.0,14.226594225731727,16.899340240789667,387.07457736209769,0.0,0.0,183.58990190902927,220.38473998909769,3942.142441100963,0.0,0.0,23.451592400298208,28.259533809404929,450.070054581297,0.0,0.0,134.4848955752368,161.98362583739576,2614.3785464555778,34.52138762685286,23.677220594549295,467.7446014913538,560.1181356869778,11457.926150097404,0.0,0.0,154.26996727551836,186.7305967569285,2571.8988571353959,0.0,19.591141853270054,43.04581931812096,22.0,30.0,0.0,20.043893372211817,41.402937402117888,12.0,30.0,0.0,19.613440986550754,42.715988648316059,22.0,30.0,0.0,19.477565696850065,43.52872923822885,12.0,30.0,0.0,18.80290803769527,49.22762035608169,12.0,30.0,0.0,21.09015868710904,42.66236430257766,12.0,30.0,0.0,18.124408108987475,49.429069028285287,10.0,30.0,0.0,16.963489150460235,54.31061476706752,12.0,30.0,0.0,17.090119018042036,53.435795626109769,20.0,30.0,0.0,18.837842833431549,0.0,0.0,0.0,15.676193046267038,0.0,0.0,628.9040282122686,614.0096084002073,620.5372823485743,634.9124005284962,763.2643384648789,981.5354680285277,706.40430482113,741.449931042463,730.5731304133839,0.0,81.73408823105577,81.73408823105577,60.0,0.0,60.0,60.0,12.0,12.0,12.0,19.0,12.0,12.0,21.0,10.0,0.0,0.0,0.0,0.0,0.0,0.0,0.0,0.0,0.0,0.0,0.0,0.0,0.0,81.73408823105577,81.73408823105577,0.0,0.0,0.0,81.73408823105577,0.0,0.0,0.0007700000000000001 
 03/10  00:10:00,7.531666666666666,79.83333333333334,3.96,0.0,0.0,0.0,0.0,0.0,2.0,2.0,0.0,0.0,0.0,0.0,0.0,1101.0,0.0,0.0,0.0,0.0,0.0,0.0,0.0,0.0,0.0,0.0,0.0,20.114124821013303,-155.96397323072777,20.33597210040628,-289.1811088758095,19.706584616121864,-73.479518758668,19.534932877832167,-62.44186236505765,18.83480459408794,-2.601982063681779,20.893715126726435,-70.44668350029342,18.40432719824583,74.00285128298749,17.083874327537296,-89.75464577103659,17.56434938185049,-114.35067480126682,487.5518452600918,458.92674694399616,0.0,0.0,0.0,0.0,0.0,0.0,0.0,0.0,0.0,0.0,0.0,0.0,0.0,0.0,0.0,0.0,0.0,0.0,0.0,0.0,0.0,0.0,1.2443665721322406,0.3798432759866424,236.24893739603619,282.41882442262559,5826.708256954736,0.21029037561210857,0.03209560067339875,154.07058041720837,184.125621317757,3826.0745785948167,1.284277859945409,0.24268289114614689,159.0880407513882,190.26659902571954,3883.2801814419378,0.25601217916788568,0.048377206947824189,100.77002830178363,120.53884952620952,2435.157153291916,0.0,0.0,6.360189380880437,7.622871989995361,145.17902669431764,0.0,0.0,13.934498260836599,16.574041249361625,378.1237689091276,0.0,0.0,82.3615431569093,98.90067432233423,1805.6077179648269,0.0,0.0,27.00802547774815,32.57651424433349,517.2857717998534,0.0,0.0,30.123893213214225,36.300697329016788,596.2173423879046,34.34036168979325,23.553060143891128,270.46658930613367,324.5561567009848,6834.414046472186,0.0,0.0,65.66027100615759,79.71018946369644,1023.962965084473,0.0,19.715870224601056,42.15558835036083,22.0,30.0,0.0,19.851453425470344,41.23719619310477,12.0,30.0,0.0,19.507003490669914,42.55408042050918,22.0,30.0,0.0,19.46875522530074,43.34846505919651,12.0,30.0,0.0,18.791701803778893,48.71315212992987,12.0,30.0,0.0,21.0239617842686,42.29047075246,12.0,30.0,0.0,18.32777460140285,47.47952178247379,10.0,30.0,0.0,16.91671212625775,53.93475570730807,12.0,30.0,0.0,17.24086342655137,52.73034513148916,20.0,30.0,0.0,18.610891516589086,0.0,0.0,0.0,15.10740309757244,0.0,0.0,611.866907883563,594.216790531189,608.0397740389169,630.8451442111102,752.2270070441573,967.312262550204,666.3420042129588,730.996094595348,779.1579350085501,0.0,81.73408823105577,81.73408823105577,60.0,0.0,60.0,60.0,12.0,12.0,12.0,19.0,12.0,12.0,21.0,10.0,0.0,0.0,0.0,0.0,0.0,0.0,0.0,0.0,0.0,0.0,0.0,0.0,0.0,81.73408823105577,81.73408823105577,0.0,0.0,0.0,81.73408823105577,0.0,0.0,0.0007700000000000001 
 03/10  00:20:00,7.503333333333333,80.66666666666667,3.8800000000000005,0.0,0.0,0.0,0.0,0.0,2.0,2.0,0.0,0.0,0.0,0.0,0.0,734.0,0.0,0.0,0.0,0.0,0.0,0.0,0.0,0.0,0.0,0.0,0.0,20.07901875749507,-85.41280317790234,20.24505985603271,-312.07045086164319,19.715741814384868,-31.781533870568638,19.495924305092417,-15.970924317004944,18.820246930923405,-0.9286868868519349,20.826899654689656,-65.77124820912903,18.50195715951901,35.79291847206696,17.01070554081398,-109.78082246860066,17.658257894280856,-135.77408820961444,341.03870702382508,507.6552309860124,0.0,0.0,0.0,0.0,0.0,0.0,0.0,0.0,0.0,0.0,0.0,0.0,0.0,0.0,0.0,0.0,0.0,0.0,0.0,0.0,0.0,0.0,1.2427654203920416,0.3793545239291946,153.92370683115153,183.97102233640897,3818.4201680075505,0.22287462527332148,0.03401627369861439,115.79907606851953,138.325379774335,2867.9594159353875,1.269778062774138,0.2399429445907291,117.1988225770344,140.11862227580128,2888.2361549633808,0.2550799323585541,0.0482010454192279,58.01305843538281,69.21705622284589,1406.0045051392502,0.0,0.0,6.118647081737016,7.32855370362647,139.89174297366459,0.0,0.0,13.502151874973885,16.05232178369522,365.363852194208,0.0,0.0,83.81459613299333,100.50986294804169,1873.554851260557,0.0,0.0,30.375172346278327,36.6257232336324,577.0574601679689,0.0,0.0,29.741668969280917,35.789102209682898,601.9179434098423,33.9825088489693,23.30761923797621,124.1491326098588,149.1940142372522,3401.966388870489,0.0,0.0,67.39770841084663,81.80091936084162,1038.039095114679,0.0,19.708525781244945,41.6506230365163,22.0,30.0,0.0,19.756200263755749,41.18753899862763,12.0,30.0,0.0,19.58191585990439,42.34692671935869,22.0,30.0,0.0,19.443394590038748,43.36336760102548,12.0,30.0,0.0,18.77927807088265,48.044403239223189,12.0,30.0,0.0,20.95225661309183,41.911103459901969,12.0,30.0,0.0,18.518156039336696,46.424362362403517,10.0,30.0,0.0,16.807216132010916,53.59005955451789,12.0,30.0,0.0,17.436665499290926,51.68351575095364,20.0,30.0,0.0,18.10143100111751,0.0,0.0,0.0,14.980036565930082,0.0,0.0,596.5210680488541,584.2937734254085,608.5015231188659,636.8599104192533,736.3661997275222,961.653912421989,660.3040374273064,717.3797936382889,815.678957910666,0.0,81.73408823105577,81.73408823105577,60.0,0.0,60.0,60.0,12.0,12.0,12.0,19.0,12.0,12.0,21.0,10.0,0.0,0.0,0.0,0.0,0.0,0.0,0.0,0.0,0.0,0.0,0.0,0.0,0.0,81.73408823105577,81.73408823105577,0.0,0.0,0.0,81.73408823105577,0.0,0.0,0.0007833333333333333 
 03/10  00:30:00,7.475,81.5,3.8,0.0,0.0,0.0,0.0,0.0,2.0,2.0,0.0,0.0,0.0,0.0,0.0,1101.0,0.0,0.0,0.0,0.0,0.0,0.0,0.0,0.0,0.0,0.0,0.0,19.99941683569247,-214.14342325334193,20.18964478118876,-188.37984583842553,19.66725558472168,-106.8864455277389,19.47859670605815,-6.7646173323319449,18.806409681815056,0.2613582810050539,20.770533867315785,-60.88316761851541,18.520616427530208,20.149933072914935,16.938463632284078,-123.59242544344866,17.707532032343737,-137.64639885105806,348.0424554150247,540.0754354927286,0.0,0.0,0.0,0.0,0.0,0.0,0.0,0.0,0.0,0.0,0.0,0.0,0.0,0.0,0.0,0.0,0.0,0.0,0.0,0.0,0.0,0.0,1.251122259301962,0.3819054515573753,130.75746430161258,156.3921704042981,3222.77282967544,0.23002315941556185,0.03510731981311994,55.81191930191198,66.81112663194557,1383.5755041202879,1.2569599427467009,0.23752077527337507,106.37682732359716,127.23593750937826,2619.615853886498,0.2523689110154299,0.04768875869528151,73.8586614834517,88.49882218064963,1792.112924048138,0.0,0.0,5.955819617587508,7.140412149637177,136.3829925197494,0.0,0.0,13.05671486450128,15.540451073019025,352.6983063164381,0.0,0.0,84.72076161114684,101.67830418610427,1904.7960896712949,0.0,0.0,34.12649508256125,41.20725024025206,643.4036839561196,0.0,0.0,28.552522736946679,34.379994031585209,585.3709947134116,33.680147524377009,23.100238356911527,123.49848858175175,148.46815909584243,3379.331359177709,0.0,0.0,68.57746993288966,83.33778651238645,1049.4986397818407,0.0,19.595253915843146,41.559042331643279,21.999999999999994,29.99999999999999,0.0,19.73290757575248,41.08416833076623,11.999999999999995,29.99999999999999,0.0,19.531918793800569,42.03465667891833,21.999999999999994,29.99999999999999,0.0,19.449765549289788,42.84667117516621,11.999999999999995,29.99999999999999,0.0,18.76925668519067,47.52605269782179,11.999999999999995,29.99999999999999,0.0,20.899405989601527,41.62935797569871,11.999999999999995,29.99999999999999,0.0,18.556151250923148,45.78518315778727,9.999999999999997,29.99999999999999,0.0,16.70510292399605,53.1038739389531,11.999999999999995,29.99999999999999,0.0,17.542559534109459,50.772557456303079,19.999999999999994,29.99999999999999,0.0,18.073629653665809,0.0,0.0,0.0,14.902821426871754,0.0,0.0,586.123724372369,580.5641051988969,596.7310436610619,624.020877926602,725.2796835212375,963.7358150386281,652.5510866540368,700.8314085398095,821.1494372479083,0.0,81.73408823105574,81.73408823105574,59.99999999999998,0.0,59.99999999999998,59.99999999999998,12.0,12.0,12.0,19.0,12.0,12.0,21.0,10.0,0.0,0.0,0.0,0.0,0.0,0.0,0.0,0.0,0.0,0.0,0.0,0.0,0.0,81.73408823105574,81.73408823105574,0.0,0.0,0.0,81.73408823105574,0.0,0.0,0.0007966666666666669 
 03/10  00:40:00,7.446666666666665,82.33333333333334,3.7199999999999999,0.0,0.0,0.0,0.0,0.0,2.0,2.0,0.0,0.0,0.0,0.0,0.0,734.0,0.0,0.0,0.0,0.0,0.0,0.0,0.0,0.0,0.0,0.0,0.0,19.949793232286944,-70.51694490700084,20.118268893873219,-324.275787995398,19.64383394523783,-46.98843187374042,19.450277970806924,-6.449991688415597,18.789820482360743,0.43107063217999577,20.712996771488237,-57.0944986658164,18.510018842519139,5.925561626861283,16.862531365977444,-126.72292682977666,17.747215082481636,-136.67397301308177,288.4407332482343,549.1568758900128,0.0,0.0,0.0,0.0,0.0,0.0,0.0,0.0,0.0,0.0,0.0,0.0,0.0,0.0,0.0,0.0,0.0,0.0,0.0,0.0,0.0,0.0,1.2530591774540104,0.3824966964145332,119.95359876241305,143.40275038466974,2968.5471358232687,0.2283382898301628,0.03485016633549495,96.9904965857649,115.9864487240114,2395.2066763584518,1.2408603814735862,0.2344785301348426,78.87785567046426,94.28257761988661,1956.1793449096022,0.24793418551792843,0.04685075312130167,80.97027709801523,96.79599650345128,1966.2093311494919,0.0,0.0,5.760379839585087,6.901379484778774,132.09808972053919,0.0,0.0,12.868887467697994,15.308956365567097,347.00630116283318,0.0,0.0,83.3287186533054,99.94122561414877,1876.6280415878719,0.0,0.0,35.65217045995383,43.03720249127626,666.9197836166577,0.0,0.0,27.149533235411803,32.65784645610465,562.8994897096447,33.34007006186786,22.86698906849649,89.08562944707538,107.12793304928565,2586.339879015014,0.0,0.0,67.95478972976781,82.55210161166089,1031.3140523168789,0.0,19.577613378307068,41.43615080859352,22.000000000000008,30.00000000000001,0.0,19.653375626573067,41.007297532321739,12.000000000000004,30.00000000000001,0.0,19.539454891442003,41.80968609724634,22.000000000000008,30.00000000000001,0.0,19.4319606373562,42.515210568457018,12.000000000000004,30.00000000000001,0.0,18.754837796587475,46.969216279436299,12.000000000000004,30.00000000000001,0.0,20.84234713086134,41.308251229156898,12.000000000000004,30.00000000000001,0.0,18.544129481648349,45.48140662244604,10.000000000000004,30.00000000000001,0.0,16.59940529448241,52.7350813131704,12.000000000000004,30.00000000000001,0.0,17.629435297367018,49.87868223316775,20.000000000000008,30.00000000000001,0.0,17.859305386465878,0.0,0.0,0.0,14.808783662928637,0.0,0.0,580.9189934964471,571.2597146209206,591.9412397788528,615.7105238664235,713.8604114388915,965.1993470868426,646.7661793334378,688.899568566045,822.0706115580698,0.0,81.7340882310558,81.7340882310558,60.00000000000002,0.0,60.00000000000002,60.00000000000002,12.0,12.0,12.0,19.0,12.0,12.0,21.0,10.0,0.0,0.0,0.0,0.0,0.0,0.0,0.0,0.0,0.0,0.0,0.0,0.0,0.0,81.7340882310558,81.7340882310558,0.0,0.0,0.0,81.7340882310558,0.0,0.0,0.00081 
 03/10  00:50:00,7.418333333333333,83.16666666666666,3.64,0.0,0.0,0.0,0.0,0.0,2.0,2.0,0.0,0.0,0.0,0.0,0.0,367.0,0.0,0.0,0.0,0.0,0.0,0.0,0.0,0.0,0.0,0.0,0.0,19.988500567955826,-33.88928571199949,20.013433290982829,-316.2901920524937,19.48402964276923,-235.97851135678048,19.423464139019683,-0.7231898284530871,18.769681875877248,0.3139084110736121,20.653738557901,-54.27586669650441,18.483981630487699,0.7687843635358149,16.786935776329547,-127.32885864940249,17.775437840235534,-133.5290860512356,368.35527740738328,554.6599700991542,0.0,0.0,0.0,0.0,0.0,0.0,0.0,0.0,0.0,0.0,0.0,0.0,0.0,0.0,0.0,0.0,0.0,0.0,0.0,0.0,0.0,0.0,1.249218462640614,0.3813243170453645,96.27102565676945,114.7749309499141,2418.4119568150319,0.2298280649349432,0.035077543488239198,93.89683203473966,112.01850611785638,2302.3403673775048,1.2241891965264347,0.23132826842903157,80.0173728176985,95.54146946389275,1946.0157162657864,0.24505530441607116,0.046306746866226589,87.49535785267247,104.40122567564468,2127.1558259420005,0.0,0.0,5.66252272339809,6.768950073024628,130.008898482501,0.0,0.0,12.686707193404598,15.059793974940432,341.4469883066212,0.0,0.0,82.38351800486424,98.59827619472188,1854.5551510020296,0.0,0.0,36.945731615588979,44.51457008031462,685.9944002133535,0.0,0.0,25.815092326127379,30.972826764488454,540.1909712496506,33.0522948589662,22.66961238612223,131.43714904838613,157.57884278468706,3560.0156206254048,0.0,0.0,67.25645445697525,81.54298121531811,1012.4341991666539,0.0,19.70302409907884,40.907914711122817,22.0,30.0,0.0,19.5278905087889,41.07509020132259,12.0,30.0,0.0,19.2663518797708,41.95015715761913,22.0,30.0,0.0,19.4158406764758,42.22722731483644,12.0,30.0,0.0,18.734629641153665,46.42519602020217,12.0,30.0,0.0,20.780394600349344,40.964604481977207,12.0,30.0,0.0,18.50518715254608,45.19077487739806,10.0,30.0,0.0,16.495768158675497,52.45592794002225,12.0,30.0,0.0,17.693435492784535,49.06327734697352,20.0,30.0,0.0,18.089886177028544,0.0,0.0,0.0,14.715107887922035,0.0,0.0,574.4488347967141,566.2732705312174,575.7957182404715,605.0159212856161,702.209209277895,964.798700055569,638.361062211408,680.0853955871323,822.1751768548538,0.0,81.73408823105577,81.73408823105577,60.0,0.0,60.0,60.0,12.0,12.0,12.0,19.0,12.0,12.0,21.0,10.0,0.0,0.0,0.0,0.0,0.0,0.0,0.0,0.0,0.0,0.0,0.0,0.0,0.0,81.73408823105577,81.73408823105577,0.0,0.0,0.0,81.73408823105577,0.0,0.0,0.0008033333333333333 
 03/10  01:00:00,7.39,84.0,3.56,0.0,0.0,0.0,0.0,0.0,2.0,2.0,0.0,0.0,0.0,0.0,0.0,1468.0,0.0,0.0,0.0,0.0,0.0,0.0,0.0,0.0,0.0,0.0,0.0,19.824310203543619,-205.19209401184208,19.981567557649485,-226.67631873812958,19.486887232147536,-17.351275242260387,19.3493715829953,-79.97861705397071,18.7523863442048,-0.32372224934677976,20.609476000119295,-52.78181323460416,18.464013227637005,-6.419855742538402,16.733402978458139,-140.10607415434749,17.781380184752185,-130.09838013539685,376.58399792874197,553.4603618501697,0.0,0.0,0.0,0.0,0.0,0.0,0.0,0.0,0.0,0.0,0.0,0.0,0.0,0.0,0.0,0.0,0.0,0.0,0.0,0.0,0.0,0.0,1.227315200070788,0.37463833945994759,180.64364456248488,216.52470981774406,4407.91281407029,0.2210037071453911,0.033730724533789859,109.34185389937059,130.90900373939878,2688.9275487300726,1.2335626570945864,0.2330995194812144,129.7686744839599,155.6171958626518,3163.224722543001,0.24291524349673894,0.04590235137882442,47.41938593631312,56.93586542595327,1146.9869667500962,0.0,0.0,5.621388311601715,6.7461108627740729,129.17675635952265,0.0,0.0,12.494423336071938,14.890074948214889,336.0182648826336,0.0,0.0,81.76090858635871,98.22475191919837,1840.626000486714,0.0,0.0,38.383699125290309,46.43023468537671,710.0602799929766,0.0,0.0,24.196633251081069,29.140844811817588,508.39216897737887,32.66624548717545,22.404832295730768,176.30798309055633,212.26075750224534,4593.519428642108,0.0,0.0,66.382352157981,80.81129537059256,990.1970624992672,0.0,19.408122495961686,41.38799344015223,22.0,30.0,0.0,19.548550099952825,40.91144612980412,12.0,30.0,0.0,19.345161310557054,41.87796265688547,22.0,30.0,0.0,19.303525815658277,42.20341424107641,12.0,30.0,0.0,18.72145019905291,46.154680624187978,12.0,30.0,0.0,20.74731239446639,40.79636051304128,12.0,30.0,0.0,18.481535437442184,44.91136768915918,10.0,30.0,0.0,16.436566634133393,52.24499878497542,12.0,30.0,0.0,17.713398450272096,48.69100070427972,20.0,30.0,0.0,18.116423521090505,0.0,0.0,0.0,14.62127253961241,0.0,0.0,565.6867595670392,559.7576280602192,581.0147714442544,599.8808391234493,695.5311652708563,963.9585249635841,631.1965299206732,674.0265474329556,822.4750552606595,0.0,81.73408823105577,81.73408823105577,60.0,0.0,60.0,60.0,12.0,12.0,12.0,19.0,12.0,12.0,21.0,10.0,0.0,0.0,0.0,0.0,0.0,0.0,0.0,0.0,0.0,0.0,0.0,0.0,0.0,81.73408823105577,81.73408823105577,0.0,0.0,0.0,81.73408823105577,0.0,0.0,0.0007966666666666668 
 03/10  01:10:00,7.335,84.33333333333333,3.49,0.0,0.0,0.0,0.0,0.0,2.0,2.0,0.0,0.0,0.0,0.0,0.0,367.0,0.0,0.0,0.0,0.0,0.0,0.0,0.0,0.0,0.0,0.0,0.0,19.87174950019027,-41.32506105443554,19.874735217894924,-303.16033870792355,19.493406851701019,-35.07080064048205,19.318847954096314,-7.320170240442621,18.72667916802015,-0.5057985249974877,20.548781147617555,-50.94794908956601,18.423257267088439,-7.088639085531668,16.656464131076093,-136.14484312942683,17.793150027891039,-126.20892547789322,232.76924427923997,555.107766540054,0.0,0.0,0.0,0.0,0.0,0.0,0.0,0.0,0.0,0.0,0.0,0.0,0.0,0.0,0.0,0.0,0.0,0.0,0.0,0.0,0.0,0.0,1.235707147995271,0.3771999841255406,102.22382973246929,121.9498652103216,2557.4615695850386,0.22561363269913574,0.034434315125020719,97.83884464419285,116.79357310972203,2391.7845869558016,1.2160163506876039,0.2297838909084664,61.97867180337728,73.97870690687629,1541.0705819302025,0.24094106128151877,0.04552930107360519,63.83320284604728,76.21369723367381,1549.0806055355288,0.0,0.0,5.542080419619785,6.6278023269181729,127.73499227639427,0.0,0.0,12.423984554618288,14.756980143602135,334.10269765771946,0.0,0.0,80.51735985011095,96.41525720307095,1813.3548294841542,0.0,0.0,38.72628399514712,46.698599958964759,713.2030028198741,0.0,0.0,23.14495799378307,27.771515712355226,490.65841331522088,32.40106135046451,22.222950171786367,66.85211735251953,80.30193420264374,2068.742112677163,0.0,0.0,65.36121511326252,79.31879982955508,969.8801336216521,0.0,19.57401490630725,40.73520154551652,22.0,30.0,0.0,19.403911856759476,40.90209437282519,12.0,30.0,0.0,19.40172618288213,41.382858527730707,22.0,30.0,0.0,19.293340184874514,42.065154304449659,12.0,30.0,0.0,18.692833013218125,45.62346767941522,12.0,30.0,0.0,20.68084433051211,40.43660097990608,12.0,30.0,0.0,18.423008807994898,44.68393940704964,10.0,30.0,0.0,16.332792705207738,52.02432215440034,12.0,30.0,0.0,17.746208844603737,48.015194080152877,20.0,30.0,0.0,17.59431558512983,0.0,0.0,0.0,14.522005155840127,0.0,0.0,556.5309528020806,542.5279370970684,568.5563416029764,597.5979744022606,682.6207827933249,958.8769417169677,620.1626868382602,665.4594532700346,823.6174625802572,0.0,81.73408823105577,81.73408823105577,60.0,0.0,60.0,60.0,12.0,12.0,12.0,19.0,12.0,12.0,21.0,10.0,0.0,0.0,0.0,0.0,0.0,0.0,0.0,0.0,0.0,0.0,0.0,0.0,0.0,81.73408823105577,81.73408823105577,0.0,0.0,0.0,81.73408823105577,0.0,0.0,0.00079 
 03/10  01:20:00,7.279999999999999,84.66666666666667,3.42,0.0,0.0,0.0,0.0,0.0,2.0,2.0,0.0,0.0,0.0,0.0,0.0,1468.0,0.0,0.0,0.0,0.0,0.0,0.0,0.0,0.0,0.0,0.0,0.0,19.715873009224376,-196.88476103401627,19.847802603402195,-200.79272280213957,19.426488270826284,-122.79154055736649,19.288077014642718,-29.0831466462281,18.70672264733389,-1.1751395421851925,20.5050069471987,-50.300702948111567,18.39849318989824,-14.16108241150107,16.604632599423384,-147.63338059729359,17.792543808637356,-122.30701775698148,381.28965573604617,551.7696121657507,0.0,0.0,0.0,0.0,0.0,0.0,0.0,0.0,0.0,0.0,0.0,0.0,0.0,0.0,0.0,0.0,0.0,0.0,0.0,0.0,0.0,0.0,1.237430612397379,0.37772607216037215,173.87778566952,208.50484705688576,4247.43493010683,0.22771609056229223,0.03475520307727292,105.55167329754824,126.46781364959944,2595.4224824607724,1.2056242681006429,0.22782015648160304,112.3536450747294,134.64437566596429,2758.2970027199164,0.2385063604499626,0.045069229109970247,70.59079452903643,84.63034704058799,1716.4422347659989,0.0,0.0,5.543633720696974,6.654995505441265,128.15097615972764,0.0,0.0,12.25623812494961,14.61379964803909,329.99508534546296,0.0,0.0,79.78027560886547,95.88723281853604,1800.5115158035799,0.0,0.0,39.64127153471673,47.985847804423887,729.8810119235199,0.0,0.0,21.74748660242096,26.19198579956962,463.59601231054946,32.225401028021078,22.10246984089238,167.3558801364353,201.48824924391693,4386.146150225138,0.0,0.0,64.39400122124398,78.45581254650189,950.3551118961826,0.0,19.300032352886068,41.238632651943309,22.0,30.0,0.0,19.430189586669014,40.826794973776099,12.0,30.0,0.0,19.309955712146043,41.435954631121919,22.0,30.0,0.0,19.268744468629806,41.80420050000332,12.0,30.0,0.0,18.67696672081657,45.39438656029283,12.0,30.0,0.0,20.64764888875581,40.29495166760658,12.0,30.0,0.0,18.39535340456345,44.51254764438982,10.0,30.0,0.0,16.278649361034213,51.83690173667673,12.0,30.0,0.0,17.75512427949991,47.72397618847701,20.0,30.0,0.0,18.040207996231034,0.0,0.0,0.0,14.429070407458953,0.0,0.0,551.987398263101,546.1028839899632,563.4091178870605,584.5227933727156,675.7583122133556,956.7577231460617,615.7910433218357,658.9339694198902,824.1589909638836,0.0,81.73408823105577,81.73408823105577,60.0,0.0,60.0,60.0,12.0,12.0,12.0,19.0,12.0,12.0,21.0,10.0,0.0,0.0,0.0,0.0,0.0,0.0,0.0,0.0,0.0,0.0,0.0,0.0,0.0,81.73408823105577,81.73408823105577,0.0,0.0,0.0,81.73408823105577,0.0,0.0,0.0007833333333333333 
 03/10  01:30:00,7.225,85.0,3.35,0.0,0.0,0.0,0.0,0.0,2.0,2.0,0.0,0.0,0.0,0.0,0.0,367.0,0.0,0.0,0.0,0.0,0.0,0.0,0.0,0.0,0.0,0.0,0.0,19.776382811067287,-34.53082348392036,19.76394472356437,-274.5060267803983,19.314952578189336,-168.44831933873389,19.248335639534266,-6.472880499091389,18.677421682373578,-1.287486248417423,20.444788571339637,-48.64523979772372,18.358659914414667,-11.030477263095236,16.530059286920016,-144.0810381021622,17.79393444220334,-119.97163655275813,304.23903923180117,556.9721416628083,0.0,0.0,0.0,0.0,0.0,0.0,0.0,0.0,0.0,0.0,0.0,0.0,0.0,0.0,0.0,0.0,0.0,0.0,0.0,0.0,0.0,0.0,1.2204250698741084,0.37253512511419675,87.0927789086871,103.94337130202827,2188.5988819430547,0.22566902651954547,0.03444276961531524,84.72790958166476,101.18449389251653,2078.0289476778987,1.2081222092791809,0.2282921786241839,55.360268042473268,66.15103645810419,1363.4096726794447,0.23895838699911788,0.04515464606937222,62.043403363124728,74.10537895541701,1512.1270108831125,0.0,0.0,5.52237038490699,6.60692318161931,127.98801526938073,0.0,0.0,12.20421272646716,14.504198557273647,328.568447135839,0.0,0.0,79.62451682326625,95.38989690471706,1798.656736472697,0.0,0.0,40.09070177027658,48.37995874462654,735.3013843857098,0.0,0.0,21.159120418661386,25.392337620234608,454.2457478732916,31.9806300573274,21.934588516685467,97.94254308647473,117.6005576481282,2777.4600545676109,0.0,0.0,64.01511034255421,77.75027643596633,940.9395054962593,0.0,19.490967903151167,40.60631501430909,22.0,30.0,0.0,19.32505345943089,40.754742349571689,12.0,30.0,0.0,19.139874327314077,41.478241983364409,22.0,30.0,0.0,19.230731543809495,41.75503679077263,12.0,30.0,0.0,18.64368232681107,44.95963029534418,12.0,30.0,0.0,20.58105072394298,40.01104704032739,12.0,30.0,0.0,18.34292579444871,44.34948356765123,10.0,30.0,0.0,16.180680652545033,51.69566803282258,12.0,30.0,0.0,17.768818300471805,47.1900246557709,20.0,30.0,0.0,17.752453969499365,0.0,0.0,0.0,14.338960192661397,0.0,0.0,547.3428729429659,535.0437841386698,550.911556999344,583.822363306846,663.1403279232101,951.2907017359422,606.8784464600906,650.6828941828289,824.7249989726834,0.0,81.73408823105577,81.73408823105577,60.0,0.0,60.0,60.0,12.0,12.0,12.0,19.0,12.0,12.0,21.0,10.0,0.0,0.0,0.0,0.0,0.0,0.0,0.0,0.0,0.0,0.0,0.0,0.0,0.0,81.73408823105577,81.73408823105577,0.0,0.0,0.0,81.73408823105577,0.0,0.0,0.0007766666666666666 
 03/10  01:40:00,7.17,85.33333333333333,3.2800000000000004,0.0,0.0,0.0,0.0,0.0,2.0,2.0,0.0,0.0,0.0,0.0,0.0,1468.0,0.0,0.0,0.0,0.0,0.0,0.0,0.0,0.0,0.0,0.0,0.0,19.60113918698884,-239.80564270451897,19.741602977229918,-161.0922434971717,19.296802714602344,-49.703317916607719,19.18598973063467,-65.28757431201398,18.65546690126395,-1.7151805150174227,20.40169462253164,-47.954436582960017,18.33279198820848,-19.055958679533206,16.478724816467915,-154.8490485344259,17.78894640737426,-117.12266566828552,362.75694464821597,556.6926411537183,0.0,0.0,0.0,0.0,0.0,0.0,0.0,0.0,0.0,0.0,0.0,0.0,0.0,0.0,0.0,0.0,0.0,0.0,0.0,0.0,0.0,0.0,1.2136461174156319,0.37046584780696947,175.3600390626495,210.417195006699,4281.604427118301,0.21820374100169144,0.03330337927376244,92.41769765080187,110.81974546412346,2278.3272599872154,1.2379296137329235,0.2339247191483227,119.2060435791128,143.06195182590478,2921.587526753056,0.23607500229067003,0.04460978879264361,38.90656291654952,46.746461196073138,947.074724112284,0.0,0.0,5.477859908692969,6.578364896515586,127.3161861820268,0.0,0.0,12.073659984010022,14.403357423000863,325.4616426345109,0.0,0.0,79.0663405887652,95.06897553417639,1789.8186736266928,0.0,0.0,40.97214822383273,49.6306950219367,751.4624669752479,0.0,0.0,20.15082762477374,24.27168387757647,434.7017381854165,31.7280119304351,21.761325055168116,168.43164627782623,202.94514805611355,4418.839971736035,0.0,0.0,63.49425697391148,77.4182350812386,929.274579923517,0.0,19.177399517381735,41.12814062997336,22.0,30.0,0.0,19.353564215453458,40.65079140510248,12.0,30.0,0.0,19.165429001454485,41.436664546940537,22.0,30.0,0.0,19.141479315955765,41.70442211151627,12.0,30.0,0.0,18.626203025150635,44.77545557539701,12.0,30.0,0.0,20.54817584094324,39.89479304742264,12.0,30.0,0.0,18.315456408015668,44.20670503053658,10.0,30.0,0.0,16.128506085942214,51.57963966603825,12.0,30.0,0.0,17.770737469016337,46.96751401882377,20.0,30.0,0.0,17.92329238616239,0.0,0.0,0.0,14.25455541238929,0.0,0.0,537.6031854975358,534.7160713750254,553.5886492821345,576.8788077718823,656.859779075011,948.8813759823706,602.3514144453436,644.8545611048739,824.7470586397662,0.0,81.73408823105577,81.73408823105577,60.0,0.0,60.0,60.0,12.0,12.0,12.0,19.0,12.0,12.0,21.0,10.0,0.0,0.0,0.0,0.0,0.0,0.0,0.0,0.0,0.0,0.0,0.0,0.0,0.0,81.73408823105577,81.73408823105577,0.0,0.0,0.0,81.73408823105577,0.0,0.0,0.0007700000000000001 
 03/10  01:50:00,7.114999999999999,85.66666666666667,3.21,0.0,0.0,0.0,0.0,0.0,2.0,2.0,0.0,0.0,0.0,0.0,0.0,734.0,0.0,0.0,0.0,0.0,0.0,0.0,0.0,0.0,0.0,0.0,0.0,19.547206867386707,-143.16586160542784,19.695814873462504,-177.72584817218684,19.28986400869659,-35.935625960975389,19.159105610969598,-8.916840369843215,18.626581734299799,-1.9662046676008914,20.347780591316224,-46.92749421505053,18.28991882267713,-18.17776985113528,16.411826653297916,-154.55355675069735,17.784623880174757,-113.54385936674584,267.28066923905637,557.4879965758871,0.0,0.0,0.0,0.0,0.0,0.0,0.0,0.0,0.0,0.0,0.0,0.0,0.0,0.0,0.0,0.0,0.0,0.0,0.0,0.0,0.0,0.0,1.2112129744196306,0.36972313016472249,126.23039467013843,151.2026939547764,3103.4226179352615,0.2214996569679602,0.03380641895115388,74.57109565294006,89.43327636936194,1837.402803665669,1.2018789587027124,0.22711242605871369,35.92163436557413,42.942175050163218,907.5238599721853,0.23515821064971194,0.04443654774182007,32.9607232674582,39.40404371501968,807.030369779948,0.0,0.0,5.449480834353293,6.5369599688096129,126.96723779907396,0.0,0.0,12.000804968332235,14.303515800436245,323.6246065013809,0.0,0.0,78.39835312208398,94.17428946362799,1775.4013398601897,0.0,0.0,41.21384534242915,49.8824513839539,753.9956667586598,0.0,0.0,19.367182970196944,23.300774696245044,420.20023685191219,31.509200653040727,21.611248733224099,83.13266566704115,100.15601001074859,2435.7899415760305,0.0,0.0,62.741384629974628,76.43949676045122,914.1192434475606,0.0,19.152909888944188,41.00813341143488,22.0,30.0,0.0,19.3154565967033,40.56245078060953,12.0,30.0,0.0,19.197383782054247,41.29499449834498,22.0,30.0,0.0,19.13391583320989,41.77498811674967,12.0,30.0,0.0,18.59594575488432,44.49015491390544,12.0,30.0,0.0,20.49316453143873,39.70552105279609,12.0,30.0,0.0,18.260939123162843,44.16657689265045,10.0,30.0,0.0,16.046667717251144,51.52685517587307,12.0,30.0,0.0,17.774712074804428,46.6278921681876,20.0,30.0,0.0,17.560988616957613,0.0,0.0,0.0,14.163964194881512,0.0,0.0,529.3964757070291,526.7344099083757,555.0466292704815,594.2864134597727,647.228512937608,943.8727059234354,596.7085871253505,638.4548898102942,826.3421680325862,0.0,81.73408823105577,81.73408823105577,60.0,0.0,60.0,60.0,12.0,12.0,12.0,19.0,12.0,12.0,21.0,10.0,0.0,0.0,0.0,0.0,0.0,0.0,0.0,0.0,0.0,0.0,0.0,0.0,0.0,81.73408823105577,81.73408823105577,0.0,0.0,0.0,81.73408823105577,0.0,0.0,0.0007700000000000001 
 03/10  02:00:00,7.06,86.0,3.14,0.0,0.0,0.0,0.0,0.0,2.0,2.0,0.0,0.0,0.0,0.0,0.0,1101.0,0.0,0.0,0.0,0.0,0.0,0.0,0.0,0.0,0.0,0.0,0.0,19.50891573297615,-90.81200907016599,19.64451057554298,-241.69413165920273,19.224474874223277,-108.93176168167453,19.114206136638438,-51.77053385134609,18.59903881563512,-2.382903253223941,20.298765938557446,-45.94650159473309,18.256336894928756,-22.689430943747558,16.35177605054364,-160.1077351152048,17.779181345085989,-108.55938271974614,338.5075260083373,555.6972157499012,0.0,0.0,0.0,0.0,0.0,0.0,0.0,0.0,0.0,0.0,0.0,0.0,0.0,0.0,0.0,0.0,0.0,0.0,0.0,0.0,0.0,0.0,1.2038312763383792,0.36746986457215516,128.07509800018989,153.5688464256015,3159.035388658411,0.21850174270798607,0.03334886182966823,79.36855271912889,95.23748125852615,1961.136078570897,1.2715926704101435,0.24028584096941514,98.12306505622323,117.64116767356258,2421.681281535789,0.23258649114624628,0.043950584116826608,66.91901591847993,80.20647177205568,1632.0845399735677,0.0,0.0,5.4064385158308909,6.491653587435824,126.27616338351533,0.0,0.0,11.91212530876117,14.212247335748519,321.47839142373507,0.0,0.0,77.78346145207533,93.52609106646547,1764.2119430932176,0.0,0.0,41.8542055230475,50.71213286936732,764.6850874852414,0.0,0.0,18.31158197740952,22.04902857884162,399.3906924646937,31.32299743631486,21.483537336292799,127.45873485245427,153.59087897027499,3458.1448787847018,0.0,0.0,62.00009401133552,75.6218229144906,899.4477670344511,0.0,19.146308469433558,40.95524941227023,22.000000000000019,30.00000000000002,0.0,19.265945049701718,40.579294523513727,12.00000000000001,30.00000000000002,0.0,19.107947863569274,41.28466112228922,22.000000000000019,30.00000000000002,0.0,19.07950731072944,41.58660808114544,12.00000000000001,30.00000000000002,0.0,18.56939799449719,44.28597613511938,12.00000000000001,30.00000000000002,0.0,20.44754255423961,39.57162645385696,12.00000000000001,30.00000000000002,0.0,18.22285533488809,44.04170241400067,10.000000000000007,30.00000000000002,0.0,15.978382120724799,51.462538493453937,12.00000000000001,30.00000000000002,0.0,17.777009413101689,46.37254309372722,20.000000000000015,30.00000000000002,0.0,17.755673293306395,0.0,0.0,0.0,14.077084050215263,0.0,0.0,530.8022441068553,527.5224766095025,548.3569704186784,571.5573207369907,639.3315521481595,940.0975660631125,590.1491098439954,632.7113213911481,828.5834560437588,0.0,81.73408823105584,81.73408823105584,60.00000000000004,0.0,60.00000000000004,60.00000000000004,12.0,12.0,12.0,19.0,12.0,12.0,21.0,10.0,0.0,0.0,0.0,0.0,0.0,0.0,0.0,0.0,0.0,0.0,0.0,0.0,0.0,81.73408823105584,81.73408823105584,0.0,0.0,0.0,81.73408823105584,0.0,0.0,0.0007700000000000001 
 03/10  02:10:00,7.046666666666666,86.5,3.211666666666667,0.0,0.0,0.0,0.0,0.0,2.0,2.0,0.0,0.0,0.0,0.0,0.0,734.0,0.0,0.0,0.0,0.0,0.0,0.0,0.0,0.0,0.0,0.0,0.0,19.450346668885048,-126.90700234395104,19.603753396890526,-174.017212710691,19.196364922209818,-81.09585148221461,19.07875004561241,-5.01654683105383,18.56837426964843,-2.5825674671913108,20.24532377283513,-45.23095635578116,18.222662828157789,-20.305743112009169,16.287147273855866,-161.24479854282652,17.77212751370884,-106.83195319441308,258.0594470759745,560.4714722272059,0.0,0.0,0.0,0.0,0.0,0.0,0.0,0.0,0.0,0.0,0.0,0.0,0.0,0.0,0.0,0.0,0.0,0.0,0.0,0.0,0.0,0.0,1.2021197670045452,0.3669474258255633,98.1396064255059,117.6184330231926,2421.1809686074604,0.22032018312968219,0.03362640157656932,58.17187020305964,69.80403607824725,1436.0838573937936,1.2144050791465393,0.22947941782814436,42.388903881896428,50.70257945590457,1061.8179807282264,0.23532770605005585,0.044468576351106538,43.849416105720489,52.44124820383042,1071.3142150281579,0.0,0.0,5.471513651617321,6.566514363581263,127.6334553910117,0.0,0.0,11.851792491560172,14.133955898387488,319.0191691829084,0.0,0.0,78.16272367083784,93.93658895761164,1769.5744436671512,0.0,0.0,42.3422975311605,51.2852031811059,768.4911005348229,0.0,0.0,17.86090735005162,21.493089421119636,390.106949782259,31.39466333603555,21.5326909026307,76.76455510365756,92.5007440241463,2284.91011173659,0.0,0.0,61.86167012413373,75.42698927421513,889.5741703290246,0.0,19.085052130704584,40.934769117184099,22.0,30.0,0.0,19.249291826879629,40.52018644665432,12.0,30.0,0.0,19.101980101492168,41.19610497065359,22.0,30.0,0.0,19.053462012905638,41.59540290934183,12.0,30.0,0.0,18.537602403971158,44.07423421315565,12.0,30.0,0.0,20.39399860685919,39.445544237152549,12.0,30.0,0.0,18.1851657672428,43.988224841616489,10.0,30.0,0.0,15.9016383858717,51.45963708872209,12.0,30.0,0.0,17.77635171978821,46.114438394408839,20.0,30.0,0.0,17.44013279556978,0.0,0.0,0.0,13.99851384393062,0.0,0.0,522.6818612884467,523.996179243278,545.2583706764851,578.1694730716906,630.4385191043424,936.4279988418225,586.3069405399745,626.9694802063782,830.3822569512792,0.0,81.73408823105577,81.73408823105577,60.0,0.0,60.0,60.0,12.0,12.0,12.0,19.0,12.0,12.0,21.0,10.0,0.0,0.0,0.0,0.0,0.0,0.0,0.0,0.0,0.0,0.0,0.0,0.0,0.0,81.73408823105577,81.73408823105577,0.0,0.0,0.0,81.73408823105577,0.0,0.0,0.0007700000000000001 
 03/10  02:20:00,7.033333333333333,87.0,3.2833333333333338,0.0,0.0,0.0,0.0,0.0,2.0,2.0,0.0,0.0,0.0,0.0,0.0,734.0,0.0,0.0,0.0,0.0,0.0,0.0,0.0,0.0,0.0,0.0,0.0,19.28769229992327,-134.1460632523267,19.569058114805239,-272.45056252963698,19.09617430399242,-201.24023338535518,19.00038980438154,-80.80671591755527,18.537613360643819,-2.5044625506530595,20.19380524916327,-42.79468915825231,18.176378066558187,-46.084778425946527,16.22198622438853,-167.78137438102147,17.769712906579679,-88.84766018320411,484.7575953810292,541.6699046734934,0.0,0.0,0.0,0.0,0.0,0.0,0.0,0.0,0.0,0.0,0.0,0.0,0.0,0.0,0.0,0.0,0.0,0.0,0.0,0.0,0.0,0.0,1.228721866298059,0.3750677247552073,345.61849880945626,414.32823575703289,8313.390503403825,0.2132762422324574,0.03255131902204783,209.29668861324229,250.56903608374587,5156.0394340668649,1.1540727935425852,0.2180787591728242,220.11965902318284,263.8029094677038,5325.558390819342,0.22770750281179037,0.04302862864924231,103.39639886908049,123.93040028258165,2496.4281932730448,0.0,0.0,5.411770691993632,6.498394607437264,126.07262854229643,0.0,0.0,11.690355614030413,13.94529775273792,313.894417675789,0.0,0.0,72.48506831186715,87.16675996312836,1635.1163161138503,0.0,0.0,42.79730195427722,51.86057076222785,771.4059086891613,0.0,0.0,15.138622218108417,18.221733134227067,331.3513354631501,31.429390638319299,21.556509354128474,406.6022132077494,488.6001428632262,9882.109355655703,0.0,0.0,59.167443764139139,72.18398531822189,839.9474803428809,0.0,18.821377842017879,41.54010552873014,22.0,30.0,0.0,19.234887701140857,40.5528377407615,12.0,30.0,0.0,18.950937722681183,41.430932272680859,22.0,30.0,0.0,18.93098162388165,41.44119289857248,12.0,30.0,0.0,18.506521228820817,43.85343221328867,12.0,30.0,0.0,20.34399179568007,39.33299219798432,12.0,30.0,0.0,18.1227495655246,43.872253997649078,10.0,30.0,0.0,15.823779898792495,51.33241323982213,12.0,30.0,0.0,17.78571085016474,45.834607925599829,20.0,30.0,0.0,18.15907899792189,0.0,0.0,0.0,13.89236008066503,0.0,0.0,521.7720224189436,528.9331359862401,547.6324736840869,545.2187951432779,618.77055916626,933.7870064800034,576.9393470498192,618.3766030921565,837.9926927374979,0.0,81.73408823105577,81.73408823105577,60.0,0.0,60.0,60.0,12.0,12.0,12.0,19.0,12.0,12.0,21.0,10.0,0.0,0.0,0.0,0.0,0.0,0.0,0.0,0.0,0.0,0.0,0.0,0.0,0.0,81.73408823105577,81.73408823105577,0.0,0.0,0.0,81.73408823105577,0.0,0.0,0.00078 
 03/10  02:30:00,7.02,87.5,3.355,0.0,0.0,0.0,0.0,0.0,2.0,2.0,0.0,0.0,0.0,0.0,0.0,734.0,0.0,0.0,0.0,0.0,0.0,0.0,0.0,0.0,0.0,0.0,0.0,19.33379227242446,-191.7339257618205,19.41746528406222,-211.67081274192425,18.962300138733924,-97.9986070599798,18.947931574083584,-109.433164152073,18.50700496786542,-3.8269253819133839,20.144596791319399,-43.45634544929794,18.115877118406755,-25.951095014846716,16.15684721752867,-173.1373775834145,17.772656253251954,-80.60536474740923,474.8175174975231,536.9607106899287,0.0,0.0,0.0,0.0,0.0,0.0,0.0,0.0,0.0,0.0,0.0,0.0,0.0,0.0,0.0,0.0,0.0,0.0,0.0,0.0,0.0,0.0,1.1728671828602893,0.35801806558616897,287.99969753174818,345.3063987234041,6980.097259803673,0.2023598919656957,0.030885209396473706,155.55064752580416,186.66298383875725,3770.8353528519749,1.2976849013513712,0.24521634568242094,252.96548382104508,303.32407854269379,6057.214454328478,0.23145810858293468,0.04373735989851372,143.37347871830239,171.93352089765404,3445.3201200124369,0.0,0.0,5.494566180939054,6.596456722262996,127.83619219917188,0.0,0.0,11.688559218547905,13.948134584155316,313.1568207202182,0.0,0.0,74.552025808624,89.6587194083374,1671.281096368149,0.0,0.0,43.617186420592677,52.874499023767047,780.7786164855263,0.0,0.0,13.863581341959776,16.68634806316767,304.3365537338956,31.454561870506156,21.573773573735367,382.1916897571009,459.5242106096649,9320.71176116055,0.0,0.0,58.46153323997099,71.35136846902248,820.6769663881637,0.0,18.956392491560714,41.09698758648069,22.0,30.0,0.0,19.011839288112584,41.00646213938852,12.0,30.0,0.0,18.754675447765295,41.77077407090609,22.0,30.0,0.0,18.874029729271358,41.47771358880537,12.0,30.0,0.0,18.47644602418427,43.687826071775649,12.0,30.0,0.0,20.297834102085955,39.20852113333599,12.0,30.0,0.0,18.039893750095943,43.90770193522852,10.0,30.0,0.0,15.746799055382338,51.29662083294316,12.0,30.0,0.0,17.803065347431699,45.55148824473838,20.0,30.0,0.0,18.128860573587958,0.0,0.0,0.0,13.799477676099162,0.0,0.0,518.9661377774094,523.4200238079254,533.7513369816481,538.2593789554703,610.3215524436046,926.1699740414706,567.9960355225856,612.7548631923687,850.6726317007291,0.0,81.73408823105577,81.73408823105577,60.0,0.0,60.0,60.0,12.0,12.0,12.0,19.0,12.0,12.0,21.0,10.0,0.0,0.0,0.0,0.0,0.0,0.0,0.0,0.0,0.0,0.0,0.0,0.0,0.0,81.73408823105577,81.73408823105577,0.0,0.0,0.0,81.73408823105577,0.0,0.0,0.00079 
 03/10  02:40:00,7.006666666666667,88.0,3.4266666666666669,0.0,0.0,0.0,0.0,0.0,2.0,2.0,0.0,0.0,0.0,0.0,0.0,734.0,0.0,0.0,0.0,0.0,0.0,0.0,0.0,0.0,0.0,0.0,0.0,19.18422584804645,-87.64907267895524,19.413186226284699,-249.45462851690673,18.949998935430494,-186.47917608245008,18.852755545857414,-55.861992504626417,18.473429061730358,-3.7118450999903844,20.092415197682553,-41.6847187139133,18.084661328423985,-47.75955666933464,16.09078733923095,-176.5899436169708,17.78007054550521,-61.29932163700562,445.00426706585588,522.1182163854097,0.0,0.0,0.0,0.0,0.0,0.0,0.0,0.0,0.0,0.0,0.0,0.0,0.0,0.0,0.0,0.0,0.0,0.0,0.0,0.0,0.0,0.0,1.1785701424732858,0.3597588957488662,284.2194248986058,340.8998583271302,6808.051983373967,0.1992760567491195,0.030414538575872939,145.07021307036303,173.70035444747158,3525.0924131897047,1.1675719842162654,0.2206296266470646,227.58537152421696,273.08272261347329,5454.6286121881,0.23203545975257834,0.043846458758990607,108.61433638689627,130.29733994284303,2589.352996098195,0.0,0.0,5.363982233993063,6.4440984300277119,124.59758376210985,0.0,0.0,11.605609117228964,13.853297986679877,310.1203984506769,0.0,0.0,70.22979189840976,84.50255174143917,1572.8020731721779,0.0,0.0,43.970920074419009,53.326178247893128,781.601064229788,0.0,0.0,11.320573217933032,13.625597933722457,249.41802706842945,31.490055618323678,21.598117708040939,345.67399441470266,415.6693412631867,8425.160395388732,0.0,0.0,55.966447243460788,68.34066771408024,775.9318805766636,0.0,18.743367715094516,41.640415518728499,22.0,30.0,0.0,19.06368126187227,40.83702878828156,12.0,30.0,0.0,18.77831340183905,41.62143012084796,22.0,30.0,0.0,18.743360329170075,41.672748610225308,12.0,30.0,0.0,18.441604086749636,43.52249763617169,12.0,30.0,0.0,20.246036552897324,39.128632970480257,12.0,30.0,0.0,18.01183277089676,43.89832976865758,10.0,30.0,0.0,15.668864519995783,51.31923549603889,12.0,30.0,0.0,17.828788544033196,45.288421177614,20.0,30.0,0.0,18.001491168110129,0.0,0.0,0.0,13.698805578125278,0.0,0.0,519.0331961783973,519.2930335233805,526.7688215174477,530.0093286814008,598.8659684401375,920.9211818034676,562.6633087813543,605.3202477292027,870.195102840168,0.0,81.73408823105577,81.73408823105577,60.0,0.0,60.0,60.0,12.0,12.0,12.0,19.0,12.0,12.0,21.0,10.0,0.0,0.0,0.0,0.0,0.0,0.0,0.0,0.0,0.0,0.0,0.0,0.0,0.0,81.73408823105577,81.73408823105577,0.0,0.0,0.0,81.73408823105577,0.0,0.0,0.0007999999999999999 
 03/10  02:50:00,6.993333333333334,88.5,3.498333333333333,0.0,0.0,0.0,0.0,0.0,2.0,2.0,0.0,0.0,0.0,0.0,0.0,734.0,0.0,0.0,0.0,0.0,0.0,0.0,0.0,0.0,0.0,0.0,0.0,19.202883356278805,-191.86978663756237,19.27810972015168,-204.66536937651586,18.840793598497699,-92.11057315880817,18.8239138604887,-97.50608709899689,18.440690245955794,-4.726255603880276,20.0427510242511,-42.32879584609216,18.027383164279717,-33.445553562851049,16.024464506585937,-181.60539108881836,17.79442444225282,-39.94844781553732,453.9108872833467,507.5646608038679,0.0,0.0,0.0,0.0,0.0,0.0,0.0,0.0,0.0,0.0,0.0,0.0,0.0,0.0,0.0,0.0,0.0,0.0,0.0,0.0,0.0,0.0,1.163354716703315,0.35511438238806927,279.486414588171,335.3289481721093,6713.097345548325,0.20161292697493395,0.030771203750753048,153.34537722563955,184.14320774743693,3684.1019817150629,1.212932379517611,0.2292011299164043,233.91786927377007,280.65685383415976,5557.558435713467,0.22976448099843559,0.04341732445170739,129.68178320321804,155.62711800998904,3087.399454050318,0.0,0.0,5.485887984473079,6.589310408959006,127.23650084110135,0.0,0.0,11.510648050570655,13.744193873603983,306.8751267609823,0.0,0.0,70.7566255264068,85.14516956085987,1575.8548811704305,0.0,0.0,44.7842522206156,54.33338326535001,790.41320183019,0.0,0.0,9.948225572989408,11.97074944397786,220.22098206988665,31.54063155347005,21.63280627810018,360.2604286430602,433.42909833015679,8750.82769859888,0.0,0.0,53.879273379032159,65.82194150104579,737.7419646925514,0.0,18.818072136149888,41.33668797990664,22.0,30.0,0.0,18.868539220099753,41.209806095031179,12.0,30.0,0.0,18.626807177858557,41.92159629197934,22.0,30.0,0.0,18.726984986393469,41.71615298201604,12.0,30.0,0.0,18.40907562989156,43.415238138526429,12.0,30.0,0.0,20.198686746814503,39.0534964003683,12.0,30.0,0.0,17.93491695611793,43.935434197224797,10.0,30.0,0.0,15.590845974369202,51.4022479058886,12.0,30.0,0.0,17.86564788111602,45.023111698860947,20.0,30.0,0.0,17.996178030904355,0.0,0.0,0.0,13.59911304475771,0.0,0.0,509.1755845735063,505.38816221148366,517.5225040063328,530.7814968922526,588.6770892366768,912.2628343743113,545.6042805508976,599.8051088879022,893.9880189644412,0.0,81.73408823105577,81.73408823105577,60.0,0.0,60.0,60.0,12.0,12.0,12.0,19.0,12.0,12.0,21.0,10.0,0.0,0.0,0.0,0.0,0.0,0.0,0.0,0.0,0.0,0.0,0.0,0.0,0.0,81.73408823105577,81.73408823105577,0.0,0.0,0.0,81.73408823105577,0.0,0.0,0.0008033333333333333 
 03/10  03:00:00,6.98,89.0,3.57,0.0,0.0,0.0,0.0,0.0,2.0,2.0,0.0,0.0,0.0,0.0,0.0,734.0,0.0,0.0,0.0,0.0,0.0,0.0,0.0,0.0,0.0,0.0,0.0,19.06018154526511,-86.3559813415327,19.279418083908575,-241.4445487977281,18.83234146645848,-181.45407470448664,18.744813526684334,-53.31870543675632,18.405660723183475,-4.569746323704351,19.99053068832542,-40.72808639614507,17.992034582144116,-54.670365756542199,15.958189575915455,-183.75172408290474,17.80420734202908,-43.43516693263368,426.2382869587482,513.005833665856,0.0,0.0,0.0,0.0,0.0,0.0,0.0,0.0,0.0,0.0,0.0,0.0,0.0,0.0,0.0,0.0,0.0,0.0,0.0,0.0,0.0,0.0,1.167770528453305,0.3564623102726816,274.37117864940748,329.30202739989178,6521.86620767133,0.19836236920460466,0.030275086874939663,140.32782578643973,168.13456105735259,3382.419798039668,1.1560309126360489,0.21844877411867903,217.41560278611653,261.0543271995392,5172.925255472216,0.22945035536163989,0.043357965865767168,102.57061346089066,123.12749206234283,2427.61438788763,0.0,0.0,5.459893797443449,6.562661071650003,126.41750004920442,0.0,0.0,11.447484288152586,13.673219575699026,304.38170977803426,0.0,0.0,67.32894095187447,81.06675002026262,1497.1929577308375,0.0,0.0,45.11501510332812,54.75739565915886,790.6601204980373,0.0,0.0,12.17303883369449,14.656077891396475,270.3554934919955,31.425503153092224,21.55384304052965,330.562035153051,397.74737826772528,8021.9268560801469,0.0,0.0,54.13217955675468,66.1580078879661,734.7081445164838,0.0,18.618010559669544,41.86653447845055,22.0,30.0,0.0,18.92962782555363,41.054684502830287,12.0,30.0,0.0,18.655976327107614,41.80623855591921,22.0,30.0,0.0,18.62334503100323,41.87894823035159,12.0,30.0,0.0,18.372983740922345,43.3086139162658,12.0,30.0,0.0,20.146532594730595,39.00713634181075,12.0,30.0,0.0,17.900210523169343,43.99396743935711,10.0,30.0,0.0,15.513680299500566,51.51813718141793,12.0,30.0,0.0,17.890172708193697,44.752623906301369,20.0,30.0,0.0,17.879969759649428,0.0,0.0,0.0,13.525205039428866,0.0,0.0,508.4007829537922,503.49843129435478,511.7618297705652,520.2340415758761,576.5468941327873,902.3268081235822,542.4831720529421,599.74749290918,890.9517297214205,0.0,81.73408823105577,81.73408823105577,60.0,0.0,60.0,60.0,12.0,12.0,12.0,19.0,12.0,12.0,21.0,10.0,0.0,0.0,0.0,0.0,0.0,0.0,0.0,0.0,0.0,0.0,0.0,0.0,0.0,81.73408823105577,81.73408823105577,0.0,0.0,0.0,81.73408823105577,0.0,0.0,0.0008066666666666666 
 03/10  03:10:00,7.073333333333334,89.0,3.6100000000000005,0.0,0.0,0.0,0.0,0.0,2.0,2.0,0.0,0.0,0.0,0.0,0.0,367.0,0.0,0.0,0.0,0.0,0.0,0.0,0.0,0.0,0.0,0.0,0.0,18.99934883606376,-194.71151021224797,19.27620446951522,-26.532546719180574,18.816360353705329,-19.244036625091213,18.694813608208454,-101.5675775805289,18.367375338168594,-5.343388047861765,19.936937551462039,-42.03510641929216,17.94866086042957,-31.3161284731691,15.894682305499466,-178.2952844385104,17.808674878993008,-44.78580127453722,365.028321949806,519.1716695393043,0.0,0.0,0.0,0.0,0.0,0.0,0.0,0.0,0.0,0.0,0.0,0.0,0.0,0.0,0.0,0.0,0.0,0.0,0.0,0.0,0.0,0.0,1.1379838385409674,0.3473699140845444,166.17458740492183,199.19895565333813,3890.242754161585,0.20139630235825183,0.03073814138556957,12.458740880376354,14.911282857232344,305.63668389234319,1.168273176789073,0.22076212713323385,210.2411622252193,251.88087945278307,4978.8548074520099,0.22580437625974016,0.04266900534008694,82.26971718042806,98.61034800420005,1922.169309873041,0.0,0.0,5.570318009257939,6.68101658741866,127.51939117566879,0.0,0.0,11.400371582880615,13.59097262974905,299.81320201880359,0.0,0.0,71.32472306740672,85.6942132233178,1566.203048751941,0.0,0.0,45.43533752249343,55.043015503917107,781.327593544088,0.0,0.0,13.138914530784457,15.781527978961102,289.8355835270848,31.02095505319028,21.276375207949447,210.61208171128755,253.19823399546429,5215.499321169614,0.0,0.0,54.374021215816657,66.32762299218249,720.8513361228417,0.0,18.53408960290933,42.01564796857811,22.0,30.0,0.0,18.991725783904387,40.837992208266367,12.0,30.0,0.0,18.687771628849054,41.7873397853422,22.0,30.0,0.0,18.559197627197624,41.97748127954597,12.0,30.0,0.0,18.330936062633847,43.23910319736953,12.0,30.0,0.0,20.08695189504437,38.97756125356552,12.0,30.0,0.0,17.853218256274255,44.145320663340367,10.0,30.0,0.0,15.44049932945391,51.71051679881514,12.0,30.0,0.0,17.904421263154697,44.51474753080986,20.0,30.0,0.0,17.691186078974707,0.0,0.0,0.0,13.461317850693057,0.0,0.0,499.429508382054,494.86040486401518,523.9991362933993,511.92807110451096,565.8155165329366,890.9660460573232,546.8702066697844,604.1352415227029,883.2852305319109,0.0,81.73408823105577,81.73408823105577,60.0,0.0,60.0,60.0,12.0,12.0,12.0,19.0,12.0,12.0,21.0,10.0,0.0,0.0,0.0,0.0,0.0,0.0,0.0,0.0,0.0,0.0,0.0,0.0,0.0,81.73408823105577,81.73408823105577,0.0,0.0,0.0,81.73408823105577,0.0,0.0,0.00081 
 03/10  03:20:00,7.166666666666668,89.0,3.6500000000000005,0.0,0.0,0.0,0.0,0.0,2.0,2.0,0.0,0.0,0.0,0.0,0.0,734.0,0.0,0.0,0.0,0.0,0.0,0.0,0.0,0.0,0.0,0.0,0.0,19.039926911499525,-91.15477187897887,19.182620486433973,-239.93252239968749,18.7412331560173,-132.99112143173398,18.685858947725664,-31.327174945395428,18.336811127334916,-4.738989931629135,19.89601999939985,-39.154566578808189,17.902696104791983,-47.75888706878732,15.843988213367423,-183.52653882465564,17.805517608811294,-47.67339645810506,379.9744745746184,523.0039746451902,0.0,0.0,0.0,0.0,0.0,0.0,0.0,0.0,0.0,0.0,0.0,0.0,0.0,0.0,0.0,0.0,0.0,0.0,0.0,0.0,0.0,0.0,1.1211683593647095,0.34223698393306159,206.45670823281967,248.02468638754534,4858.27702837934,0.18847400724667005,0.028765874121897143,109.03621601444046,131.15768767135854,2571.600882357519,1.1294874146336498,0.2134329959625189,165.82812519968025,199.17118486845056,3863.8531176002254,0.2254757877942774,0.04260691379332527,82.52202040935289,99.1992492569425,1917.4732056733206,0.0,0.0,5.371447243461694,6.457675126848766,121.65021362986497,0.0,0.0,11.270769343114506,13.470528534751658,293.4697397000276,0.0,0.0,68.1971337426296,82.13776129694722,1476.8523934312287,0.0,0.0,45.70725049861589,55.51327326823933,772.6196429785643,0.0,0.0,13.841389781858162,16.66373073409348,302.6581425283256,30.64979869878566,21.021809807123227,245.58025443591075,296.0062322690767,5953.179819399011,0.0,0.0,54.47498582010593,66.62141051313125,705.1789976227615,0.0,18.692619548141854,41.65215304707372,22.0,30.0,0.0,18.83050128631415,41.2697619035542,12.0,30.0,0.0,18.573093328111125,41.992869581885887,22.0,30.0,0.0,18.589382864157665,42.002736027018759,12.0,30.0,0.0,18.305134776340819,43.23271005709608,12.0,30.0,0.0,20.052454265201964,38.97392433559395,12.0,30.0,0.0,17.797326215096829,44.21881688565391,10.0,30.0,0.0,15.391396278145163,51.817767506103169,12.0,30.0,0.0,17.904899838469587,44.42104178304668,20.0,30.0,0.0,17.746335451528929,0.0,0.0,0.0,13.403402201098715,0.0,0.0,499.951982735045,487.93698664990856,503.65354596966815,522.591067084026,561.4317091927046,883.8151168776785,540.4980413567894,608.492129028388,875.8743369917713,0.0,81.73408823105577,81.73408823105577,60.0,0.0,60.0,60.0,12.0,12.0,12.0,19.0,12.0,12.0,21.0,10.0,0.0,0.0,0.0,0.0,0.0,0.0,0.0,0.0,0.0,0.0,0.0,0.0,0.0,81.73408823105577,81.73408823105577,0.0,0.0,0.0,81.73408823105577,0.0,0.0,0.0008033333333333333 
 03/10  03:30:00,7.26,89.0,3.69,0.0,0.0,0.0,0.0,0.0,2.0,2.0,0.0,0.0,0.0,0.0,0.0,367.0,0.0,0.0,0.0,0.0,0.0,0.0,0.0,0.0,0.0,0.0,0.0,19.092167171479838,-9.673074546514727,19.050511392917664,-351.5399757071136,18.734230001535744,-76.06763800729869,18.68377093468755,-2.3249034366444905,18.298300001205719,-4.351493622421145,19.845548573084387,-37.53280438166195,17.851082147227069,-52.47374785486954,15.78228266896433,-180.3628481977321,17.798603697532763,-49.35924450992593,324.5113922048413,526.7644343356446,0.0,0.0,0.0,0.0,0.0,0.0,0.0,0.0,0.0,0.0,0.0,0.0,0.0,0.0,0.0,0.0,0.0,0.0,0.0,0.0,0.0,0.0,1.1185175182542127,0.3414278138749123,171.7699739570782,205.73413230771397,4061.866907738952,0.18440643858720544,0.028145060834433065,172.49798265145268,206.76367795563028,3981.2534078539176,1.1026494396043792,0.2083615721096711,58.570998347416068,70.2094061685331,1373.8715647689842,0.21911964628187442,0.04140582885145018,62.86973122151938,75.35988101612236,1453.6184896432406,0.0,0.0,5.238789337548959,6.286692276881886,117.28739994921665,0.0,0.0,11.169283714596322,13.32359847971223,287.6764916318748,0.0,0.0,66.65321128418684,80.13702444311176,1422.733488230533,0.0,0.0,45.847739009135008,55.58098193456382,760.0980983770895,0.0,0.0,14.295426010098263,17.176114178090484,309.86836998350597,30.217508887368614,20.72531473756421,157.6547787548688,189.65421347265625,3940.736556417271,0.0,0.0,54.46619919570311,66.48341924730564,689.2260063104444,0.0,18.85006216511291,41.23778193177082,22.0,30.0,0.0,18.624744044222799,41.86744547632808,12.0,30.0,0.0,18.608181428869835,41.93468829007732,22.0,30.0,0.0,18.617273830322639,41.916621425099659,12.0,30.0,0.0,18.263826842606375,43.227562608969588,12.0,30.0,0.0,19.997697933907874,38.982246345288817,12.0,30.0,0.0,17.731094126339035,44.40250543652818,10.0,30.0,0.0,15.320444826494115,52.00383681063919,12.0,30.0,0.0,17.899731042681297,44.300651714228319,20.0,30.0,0.0,17.571682880182477,0.0,0.0,0.0,13.351936835611643,0.0,0.0,490.7792248158439,484.6299606613052,507.3450115900762,521.2655096483152,554.3770109681889,872.9213735820897,541.9954316616656,613.7317132007571,862.1688227820754,0.0,81.73408823105577,81.73408823105577,60.0,0.0,60.0,60.0,12.0,12.0,12.0,19.0,12.0,12.0,21.0,10.0,0.0,0.0,0.0,0.0,0.0,0.0,0.0,0.0,0.0,0.0,0.0,0.0,0.0,81.73408823105577,81.73408823105577,0.0,0.0,0.0,81.73408823105577,0.0,0.0,0.0007966666666666668 
 03/10  03:40:00,7.3533333333333339,89.0,3.7300000000000006,0.0,0.0,0.0,0.0,0.0,2.0,2.0,0.0,0.0,0.0,0.0,0.0,1101.0,0.0,0.0,0.0,0.0,0.0,0.0,0.0,0.0,0.0,0.0,0.0,18.95187447147687,-149.41713747399184,19.040702614721938,-139.38158005221397,18.712604549373454,-67.46004476292824,18.669486910885607,-40.2427488529806,18.267511388503757,-5.638071420790505,19.806074589923044,-40.781018673375928,17.82453554821315,-44.640905332298377,15.735293661497132,-185.48809020736688,17.789966831980878,-52.548319466707997,312.743349686961,527.4542929539356,0.0,0.0,0.0,0.0,0.0,0.0,0.0,0.0,0.0,0.0,0.0,0.0,0.0,0.0,0.0,0.0,0.0,0.0,0.0,0.0,0.0,0.0,1.1036164833626999,0.33687926842573287,175.45207587264316,211.17961998651354,4015.8828319100796,0.20467393053585293,0.031238389886424468,105.03575411019372,126.2844081216414,2418.9388610379849,1.0769304728020946,0.2035016010585971,77.31707409959182,93.01104880173969,1790.0197178360846,0.21064471032210414,0.03980436702987608,20.587351224575135,24.696139008505619,474.03935621023438,0.0,0.0,5.558646191568568,6.692700427743852,123.08006539045236,0.0,0.0,11.043039194231817,13.216043176308155,281.53419606058517,0.0,0.0,68.94481648303712,83.15992210610333,1456.1105524522869,0.0,0.0,46.242731103849369,56.243521733213828,753.6193225055722,0.0,0.0,15.321605396781426,18.4671425305815,328.8837027564992,29.822107045769628,20.45412005882693,155.22506534520066,187.41449326050464,3845.2731548000999,0.0,0.0,54.738616849039917,67.03545869119951,676.8160499667704,0.0,18.594283090839629,41.99124829136459,22.000000000000019,30.00000000000002,0.0,18.689742760795807,41.75108099609501,12.00000000000001,30.00000000000002,0.0,18.60888762736793,41.9614569352012,22.000000000000019,30.00000000000002,0.0,18.612087575334809,41.969821905337919,12.00000000000001,30.00000000000002,0.0,18.238292397384599,43.25058949930013,12.00000000000001,30.00000000000002,0.0,19.96399101429685,39.0198029931382,12.00000000000001,30.00000000000002,0.0,17.715790093736389,44.447375976641108,10.000000000000007,30.00000000000002,0.0,15.277818428443356,52.09987596166544,12.00000000000001,30.00000000000002,0.0,17.89257980587873,44.263348093911748,20.000000000000015,30.00000000000002,0.0,17.54531583089664,0.0,0.0,0.0,13.305967852403715,0.0,0.0,494.1310705939212,486.7683080994126,507.19878917204718,526.205776749511,551.7360264491929,869.9538583410881,539.3820630534649,617.2951231895756,853.4613030915618,0.0,81.73408823105584,81.73408823105584,60.00000000000004,0.0,60.00000000000004,60.00000000000004,12.0,12.0,12.0,19.0,12.0,12.0,21.0,10.0,0.0,0.0,0.0,0.0,0.0,0.0,0.0,0.0,0.0,0.0,0.0,0.0,0.0,81.73408823105584,81.73408823105584,0.0,0.0,0.0,81.73408823105584,0.0,0.0,0.0007900000000000001 
 03/10  03:50:00,7.446666666666666,89.0,3.77,0.0,0.0,0.0,0.0,0.0,2.0,2.0,0.0,0.0,0.0,0.0,0.0,367.0,0.0,0.0,0.0,0.0,0.0,0.0,0.0,0.0,0.0,0.0,0.0,18.826751359308198,-194.39186636463865,19.083283039559903,-28.164248149962874,18.697581391151894,-39.853667633209628,18.648338649800779,-3.0140494553050134,18.22579261583546,-5.672030666664909,19.75352486302864,-39.733128638364409,17.786343749716289,-38.14487919624207,15.674411197886574,-181.42245280910698,17.776085443470433,-53.805155231342158,196.67423025581594,529.804572349936,0.0,0.0,0.0,0.0,0.0,0.0,0.0,0.0,0.0,0.0,0.0,0.0,0.0,0.0,0.0,0.0,0.0,0.0,0.0,0.0,0.0,0.0,1.0819399536638208,0.33026250111838248,99.99367522915401,119.9744984578264,2248.5737529323625,0.19900104243626486,0.0303725644743994,9.7332145574223,11.661414816551316,229.1067335671835,1.0599248336909735,0.20028813939738736,64.78821480842906,77.67723000622023,1493.1046725826087,0.21208639547101697,0.04007679430669254,4.878010506084144,5.848779918583454,115.2332811082817,0.0,0.0,5.634326435528147,6.764922148920644,123.24138408773429,0.0,0.0,10.94531264319185,13.064268510839759,275.874835560624,0.0,0.0,69.98660157281008,84.18123072848698,1460.3514853492705,0.0,0.0,46.422861883523498,56.3154212874728,741.5807061583141,0.0,0.0,15.700527953206269,18.871265488990987,333.7365018526028,29.352848579609078,20.132269258991145,66.7585412476042,80.43910839558815,1901.3480148341274,0.0,0.0,54.79598542178917,66.9238320706425,662.8905434673253,0.0,18.401323571101665,42.64919188595283,22.0,30.0,0.0,18.821925263088518,41.49162211098268,12.0,30.0,0.0,18.620839867876535,41.97852612791352,22.0,30.0,0.0,18.602248426439375,42.058066059417239,12.0,30.0,0.0,18.191544549512373,43.305347217776738,12.0,30.0,0.0,19.90421655823794,39.09790891321296,12.0,30.0,0.0,17.67774270921256,44.58040882452221,10.0,30.0,0.0,15.20753445617792,52.30143562440729,12.0,30.0,0.0,17.876560393179884,44.21495299090196,20.0,30.0,0.0,17.155856088035596,0.0,0.0,0.0,13.265805040741457,0.0,0.0,486.70558780662869,484.2057352206743,507.64806043372939,535.3027480239944,548.176081595649,864.1255085289811,539.7337419554503,622.0173962248671,839.8031310938337,0.0,81.73408823105577,81.73408823105577,60.0,0.0,60.0,60.0,12.0,12.0,12.0,19.0,12.0,12.0,21.0,10.0,0.0,0.0,0.0,0.0,0.0,0.0,0.0,0.0,0.0,0.0,0.0,0.0,0.0,81.73408823105577,81.73408823105577,0.0,0.0,0.0,81.73408823105577,0.0,0.0,0.0008066666666666666 
 03/10  04:00:00,7.54,89.0,3.81,0.0,0.0,0.0,0.0,0.0,2.0,2.0,0.0,0.0,0.0,0.0,0.0,734.0,0.0,0.0,0.0,0.0,0.0,0.0,0.0,0.0,0.0,0.0,0.0,18.857004264113554,-89.11391588632614,18.96790675565586,-266.80513061045158,18.617537263912039,-125.650686059485,18.609504143846299,-77.35071870465888,18.19377233021219,-5.327872148690645,19.714152480828568,-39.40612731803938,17.736942182974724,-54.233906854524779,15.627917641502592,-183.13639409441158,17.763062139426979,-54.63302191841302,339.46131964926919,529.0489003289112,0.0,0.0,0.0,0.0,0.0,0.0,0.0,0.0,0.0,0.0,0.0,0.0,0.0,0.0,0.0,0.0,0.0,0.0,0.0,0.0,0.0,0.0,1.06180349951619,0.3241158423431594,207.36501766274425,249.404443579784,4663.936557779333,0.18642818653965666,0.02845363042424552,110.85490581983122,133.4404446638518,2486.48059848377,1.069579654349328,0.20211255751121094,124.07438986713282,149.04489064337955,2786.1753651559886,0.19839275538654772,0.037489182801690789,46.50597733926844,55.792099867794458,1039.1758116054062,0.0,0.0,5.427008140137797,6.531175732674438,117.3637930769876,0.0,0.0,11.216097117613057,13.421260541859806,279.7895218138142,0.0,0.0,66.41842790338815,80.0848366136057,1365.118565535276,0.0,0.0,46.533963496025219,56.591604958300667,730.4850356523482,0.0,0.0,16.48162137555211,19.857164051021067,346.78592643428825,28.910176701423745,19.828653430331796,210.4689624647967,253.8246582584689,4920.199664041107,0.0,0.0,54.72771585273912,67.00616498734704,647.542888944898,0.0,18.540517122621887,42.31362830689199,22.0,30.0,0.0,18.615983372797126,42.194507170491778,12.0,30.0,0.0,18.4997119909861,42.42259825285774,22.0,30.0,0.0,18.55165301475901,42.268271841647948,12.0,30.0,0.0,18.16460236718025,43.362025092818537,12.0,30.0,0.0,19.87017798954961,39.16014159076822,12.0,30.0,0.0,17.6171562920358,44.806844289879709,10.0,30.0,0.0,15.166671633949367,52.420398319963229,12.0,30.0,0.0,17.865653045760668,44.218222588387209,20.0,30.0,0.0,17.64550828629758,0.0,0.0,0.0,13.231234323258978,0.0,0.0,488.43177454669395,489.1620619447189,510.03056353463247,516.0553843066837,546.3983509920313,859.1315330890545,542.0628860496527,624.6466389057958,834.3773378496803,0.0,81.73408823105577,81.73408823105577,60.0,0.0,60.0,60.0,12.0,12.0,12.0,19.0,12.0,12.0,21.0,10.0,0.0,0.0,0.0,0.0,0.0,0.0,0.0,0.0,0.0,0.0,0.0,0.0,0.0,81.73408823105577,81.73408823105577,0.0,0.0,0.0,81.73408823105577,0.0,0.0,0.0008233333333333333 
 03/10  04:10:00,7.511666666666667,89.33333333333334,3.751666666666667,0.0,0.0,0.0,0.0,0.0,2.0,2.0,0.0,0.0,0.0,0.0,0.0,367.0,0.0,0.0,0.0,0.0,0.0,0.0,0.0,0.0,0.0,0.0,0.0,18.88332271146948,-20.781274675709939,18.895414359169054,-261.2099726229444,18.585640036391646,-78.54831825392012,18.57236335982737,-1.1487581118595359,18.153284363997597,-5.020848546284697,19.667062429478798,-39.10018714591382,17.6844534684353,-56.525729720606708,15.572214064078742,-179.6658312166569,17.7456066010431,-54.97410386759407,272.9920812872706,529.7879307774454,0.0,0.0,0.0,0.0,0.0,0.0,0.0,0.0,0.0,0.0,0.0,0.0,0.0,0.0,0.0,0.0,0.0,0.0,0.0,0.0,0.0,0.0,1.038927910967324,0.3171330619558376,174.5264470745195,209.2775165061839,3967.9543111077107,0.18032748716011125,0.027522510250322229,142.44379511727426,170.86846348521167,3191.249568082151,1.1353613078018515,0.2145429530993673,31.47822426972728,37.76652468551008,726.8070079591374,0.2010243813947594,0.03798646662788347,3.4024152836262506,4.08160445721014,80.56952453914428,0.0,0.0,5.306889839209582,6.375095300668964,114.67598531342355,0.0,0.0,11.345497395968046,13.549778453260942,282.6213709003992,0.0,0.0,65.69197745096955,79.06917432515138,1346.0014483203264,0.0,0.0,46.59196941183476,56.55558920591933,728.9162943688002,0.0,0.0,16.967433824744484,20.401899830618647,357.5166379442371,28.5078046915118,19.552678114891504,132.60831908969139,159.67022475226768,3254.2910196678769,0.0,0.0,54.709628917367258,66.85111403325783,647.5810646010335,0.0,18.647353891175034,42.06409060785757,22.0,30.0,0.0,18.531656339245818,42.53441053929017,12.0,30.0,0.0,18.485705517806765,42.54845975993155,22.0,30.0,0.0,18.523421271051654,42.41594300098118,12.0,30.0,0.0,18.120978982054035,43.46329927914901,12.0,30.0,0.0,19.81648489745002,39.269367257394979,12.0,30.0,0.0,17.550574059554568,45.08870871052172,10.0,30.0,0.0,15.107175652683179,52.63536760875661,12.0,30.0,0.0,17.846462209621728,44.239409762444747,20.0,30.0,0.0,17.431429545774319,0.0,0.0,0.0,13.201820634958182,0.0,0.0,497.561717510321,489.1283305383727,516.3907395394457,508.22701017888576,544.539145074786,853.6559067448388,540.9806374970142,628.7068986622802,826.4014475804499,0.0,81.73408823105577,81.73408823105577,60.0,0.0,60.0,60.0,12.0,12.0,12.0,19.0,12.0,12.0,21.0,10.0,0.0,0.0,0.0,0.0,0.0,0.0,0.0,0.0,0.0,0.0,0.0,0.0,0.0,81.73408823105577,81.73408823105577,0.0,0.0,0.0,81.73408823105577,0.0,0.0,0.0008400000000000001 
 03/10  04:20:00,7.483333333333334,89.66666666666667,3.693333333333334,0.0,0.0,0.0,0.0,0.0,2.0,2.0,0.0,0.0,0.0,0.0,0.0,734.0,0.0,0.0,0.0,0.0,0.0,0.0,0.0,0.0,0.0,0.0,0.0,18.75049273701901,-141.536436043496,18.882136874467546,-154.45686808851725,18.548292969877438,-91.90003489374294,18.540281463125873,-35.08726104434503,18.119612194473075,-5.7859770722340049,19.624820426441013,-40.71390776228361,17.656092425482109,-50.623661855743879,15.527602523724039,-181.0738881537835,17.73016758294762,-57.10049367040921,310.9181345905936,529.3154404926692,0.0,0.0,0.0,0.0,0.0,0.0,0.0,0.0,0.0,0.0,0.0,0.0,0.0,0.0,0.0,0.0,0.0,0.0,0.0,0.0,0.0,0.0,1.043949344043472,0.31866585593512578,201.3845386040278,242.15975753550283,4498.193913961048,0.1881941283845988,0.028723157567856967,106.13964703128461,127.48176624588496,2388.835308441919,1.2353019204410907,0.23342817846581466,93.39820769693486,112.38674930651863,2110.2863912159825,0.19828880743819739,0.03746954033223684,18.25581716193237,21.99888617714994,411.95627299700205,0.0,0.0,5.5478201359771959,6.682030633275868,119.85815050833245,0.0,0.0,11.322493648479757,13.555903512004847,281.8649741253307,0.0,0.0,67.04202071375615,80.90150397609756,1375.091929066632,0.0,0.0,46.844295976250858,57.00517024934369,731.8607084909402,0.0,0.0,17.699685972292014,21.333761822662859,373.3949061538722,28.232143460988334,19.36361005554756,177.25536527845555,213.81573944709334,4204.610022799462,0.0,0.0,54.910843737231477,67.26422451865978,649.6170926603636,0.0,18.411433829027478,42.84299741629873,22.0,30.0,0.0,18.575087690332876,42.41366819759435,12.0,30.0,0.0,18.45719067732403,42.67120885300628,22.0,30.0,0.0,18.486607738479444,42.604764554286919,12.0,30.0,0.0,18.09122387450152,43.55619405807861,12.0,30.0,0.0,19.781112581706066,39.35954658243241,12.0,30.0,0.0,17.532820444117776,45.175450246388468,10.0,30.0,0.0,15.068853454167716,52.78009748523174,12.0,30.0,0.0,17.832092934915275,44.283473490674769,20.0,30.0,0.0,17.538011667500549,0.0,0.0,0.0,13.170927626685958,0.0,0.0,488.87118788141199,494.1968783388072,508.3596531989766,502.4017144337429,543.9530986645793,852.2895977670319,543.7612183806813,630.6462989487574,821.0620763136442,0.0,81.73408823105577,81.73408823105577,60.0,0.0,60.0,60.0,12.0,12.0,12.0,19.0,12.0,12.0,21.0,10.0,0.0,0.0,0.0,0.0,0.0,0.0,0.0,0.0,0.0,0.0,0.0,0.0,0.0,81.73408823105577,81.73408823105577,0.0,0.0,0.0,81.73408823105577,0.0,0.0,0.00085 
 03/10  04:30:00,7.455,90.0,3.635,0.0,0.0,0.0,0.0,0.0,2.0,2.0,0.0,0.0,0.0,0.0,0.0,367.0,0.0,0.0,0.0,0.0,0.0,0.0,0.0,0.0,0.0,0.0,0.0,18.682591973408777,-145.04255365889095,18.896291553377723,-22.97312057021952,18.51369884406528,-32.479416608375689,18.454206545680547,-111.77012821556173,18.077290134969105,-6.13453715754477,19.57247982197358,-41.27440707762622,17.615264037450474,-42.876341768695969,15.47464987606297,-177.81607388693079,17.709783077571769,-58.037435935960619,268.29357090231408,529.6560824874091,0.0,0.0,0.0,0.0,0.0,0.0,0.0,0.0,0.0,0.0,0.0,0.0,0.0,0.0,0.0,0.0,0.0,0.0,0.0,0.0,0.0,0.0,1.0483021586593149,0.3199945539253098,93.01298668425278,111.67854081880357,2079.192610299708,0.18964124270448316,0.028944023611795354,10.106871926776752,12.12166798645299,234.17061313324948,1.357069136890186,0.25643785655521286,126.68750761744845,152.0621048534969,2857.0465943059409,0.19677290900115464,0.037183089380414698,68.52454912899764,82.27113331026998,1521.3571940616776,0.0,0.0,5.6179527045345198,6.752402995594918,121.23897816971484,0.0,0.0,11.37236137619152,13.589938228206018,282.6495474423928,0.0,0.0,68.31583880473511,82.26715721874639,1400.0404163877145,0.0,0.0,46.93677334197184,57.00846464109046,731.1895697784323,0.0,0.0,18.086250082608914,21.75608232893606,381.950392682099,27.903299033871826,19.138065180982055,127.58262589076597,153.6840411163645,3144.6396804541948,0.0,0.0,54.95240890387825,67.1807819363879,649.8843143205008,0.0,18.33106565022423,43.237011113738727,22.0,30.0,0.0,18.657661906419525,42.29842532007056,12.0,30.0,0.0,18.4376502162564,42.73263342599439,22.0,30.0,0.0,18.34814930815239,43.18405075852958,12.0,30.0,0.0,18.044615756404079,43.71902006778748,12.0,30.0,0.0,19.724587937214446,39.51441757474092,12.0,30.0,0.0,17.490985418107056,45.290784344271447,10.0,30.0,0.0,15.01351948012959,53.00019044901255,12.0,30.0,0.0,17.80887072289252,44.370943445375278,20.0,30.0,0.0,17.383114305915368,0.0,0.0,0.0,13.13721059258759,0.0,0.0,478.8107975745631,489.43878120610557,507.7512298732766,479.59622999885519,543.4503179834712,849.8575907286302,550.0886287135136,635.3123110558121,814.2420849268208,0.0,81.73408823105577,81.73408823105577,60.0,0.0,60.0,60.0,12.0,12.0,12.0,19.0,12.0,12.0,21.0,10.0,0.0,0.0,0.0,0.0,0.0,0.0,0.0,0.0,0.0,0.0,0.0,0.0,0.0,81.73408823105577,81.73408823105577,0.0,0.0,0.0,81.73408823105577,0.0,0.0,0.00086 
 03/10  04:40:00,7.426666666666667,90.33333333333334,3.576666666666667,0.0,0.0,0.0,0.0,0.0,2.0,2.0,0.0,0.0,0.0,0.0,0.0,367.0,0.0,0.0,0.0,0.0,0.0,0.0,0.0,0.0,0.0,0.0,0.0,18.77315269445829,-1.84147582236983,18.734156262901288,-345.2466250728303,18.3876992289131,-180.0083183480242,18.45302218638419,5.745494299847451,18.039846032690357,-4.97406570740506,19.526797397051408,-38.35787792530061,17.563058738806658,-58.19197216871953,15.427820803588965,-176.81923963867713,17.6911082900846,-57.950687895060017,338.88192644138237,531.2239928446363,0.0,0.0,0.0,0.0,0.0,0.0,0.0,0.0,0.0,0.0,0.0,0.0,0.0,0.0,0.0,0.0,0.0,0.0,0.0,0.0,0.0,0.0,1.0265475831267613,0.31335396310340699,199.21970966750559,239.03419730447787,4535.18988343424,0.16768858933112744,0.025593496540159866,173.6949062597924,208.55752642411759,3864.0483495037849,1.3962358846260515,0.2638389804659962,100.96778405191377,121.29019961102422,2247.8958987434104,0.20352830011272214,0.03845961831306162,79.53680433857683,95.49333901807326,1777.9798166076114,0.0,0.0,5.3108548227406759,6.384984150304258,114.5546768745313,0.0,0.0,11.595401984027835,13.860483607200722,287.9272852303584,0.0,0.0,65.09558662974614,78.41595058279629,1329.4329804774048,0.0,0.0,46.94013936358663,57.02873970393454,729.9498905637581,0.0,0.0,18.42166627753551,22.16412171800547,389.464284298729,27.617906112259069,18.942322436391686,226.96201643333652,273.22218689006527,5274.847216966398,0.0,0.0,54.86228893710967,67.08830958407728,648.2710363433016,0.0,18.578081481356138,42.491460716919338,22.0,30.0,0.0,18.361404368173898,43.199974446988267,12.0,30.0,0.0,18.226022015139486,43.54255134188707,22.0,30.0,0.0,18.398511838921168,42.86527531171687,12.0,30.0,0.0,18.008182543098177,43.83263113359529,12.0,30.0,0.0,19.681374659456347,39.62369519202355,12.0,30.0,0.0,17.42410656927849,45.64676611185451,10.0,30.0,0.0,14.969556715769212,53.217642667824097,12.0,30.0,0.0,17.789870045005097,44.43402379039182,20.0,30.0,0.0,17.603988009843819,0.0,0.0,0.0,13.102555337220036,0.0,0.0,494.333108049131,491.41937007124269,499.0075629975895,508.3979706648944,544.3405451747983,846.4323911949055,542.436055265364,634.9137354606569,813.201614504443,0.0,81.73408823105577,81.73408823105577,60.0,0.0,60.0,60.0,12.0,12.0,12.0,19.0,12.0,12.0,21.0,10.0,0.0,0.0,0.0,0.0,0.0,0.0,0.0,0.0,0.0,0.0,0.0,0.0,0.0,81.73408823105577,81.73408823105577,0.0,0.0,0.0,81.73408823105577,0.0,0.0,0.00087 
 03/10  04:50:00,7.398333333333333,90.66666666666667,3.518333333333333,0.0,0.0,0.0,0.0,0.0,2.0,2.0,0.0,0.0,0.0,0.0,0.0,734.0,0.0,0.0,0.0,0.0,0.0,0.0,0.0,0.0,0.0,0.0,0.0,18.60968349047281,-146.41660537395866,18.73129556256157,-103.8348366429509,18.391240804679769,-23.27913913324562,18.39702807956251,-71.54649196948719,18.005110941847435,-5.974294464590201,19.484261300182387,-41.43413585509265,17.53830810826282,-49.824877782051547,15.38395195410093,-179.60829174349306,17.673174477110196,-60.35418453467605,313.99545490715266,532.600149513433,0.0,0.0,0.0,0.0,0.0,0.0,0.0,0.0,0.0,0.0,0.0,0.0,0.0,0.0,0.0,0.0,0.0,0.0,0.0,0.0,0.0,0.0,1.0372563832813518,0.31662282761946028,222.29931678202576,267.7218535212062,4934.092459019055,0.1872128311011423,0.028573386920198768,120.49545070409195,144.90530122730235,2706.117362056968,1.5167005229744002,0.2866025175688588,132.8137307270668,160.14051566399503,2976.837204632788,0.198128609768857,0.03743926866380516,51.60013451532945,62.251202951362987,1147.504439220492,0.0,0.0,5.602260856839243,6.753264532362721,120.80300957116245,0.0,0.0,11.398355745217792,13.658885749492125,282.8004713048467,0.0,0.0,67.32373377352718,81.30884242518161,1377.3230054348872,0.0,0.0,47.31523947791554,57.629670854629569,734.7391639159374,0.0,0.0,18.956361564248597,22.862561970958774,401.15048487657716,27.286327026208317,18.71490193841449,231.88913314852915,280.0611235488914,5365.426538796644,0.0,0.0,55.195657059656578,67.66586997121392,651.1500678908808,0.0,18.27778066640805,43.41231027551121,22.0,30.0,0.0,18.44247678542144,42.96657386457646,12.0,30.0,0.0,18.296381246869104,43.2623678144525,22.0,30.0,0.0,18.312497648409044,43.338670135634668,12.0,30.0,0.0,17.97716380085888,43.95615633155731,12.0,30.0,0.0,19.643775980626836,39.73279173974325,12.0,30.0,0.0,17.41321264480404,45.70493248291011,10.0,30.0,0.0,14.930914461667279,53.37377051670016,12.0,30.0,0.0,17.772832921852218,44.51880950294907,20.0,30.0,0.0,17.519965720019678,0.0,0.0,0.0,13.06529778106826,0.0,0.0,486.7491735600198,492.27876061739866,506.1171755942314,485.43729459700787,543.9949796733802,846.7474593278216,545.0569996328297,637.398768222205,808.9803585076476,0.0,81.73408823105577,81.73408823105577,60.0,0.0,60.0,60.0,12.0,12.0,12.0,19.0,12.0,12.0,21.0,10.0,0.0,0.0,0.0,0.0,0.0,0.0,0.0,0.0,0.0,0.0,0.0,0.0,0.0,81.73408823105577,81.73408823105577,0.0,0.0,0.0,81.73408823105577,0.0,0.0,0.00088 
 03/10  05:00:00,7.37,91.0,3.46,0.0,0.0,0.0,0.0,0.0,2.0,2.0,0.0,0.0,0.0,0.0,0.0,367.0,0.0,0.0,0.0,0.0,0.0,0.0,0.0,0.0,0.0,0.0,0.0,18.635348427081344,-56.43762313551815,18.671107113037587,-177.35661591435929,18.368251823648757,-34.987114968640529,18.34465485494764,-74.8300115269792,17.961855931459359,-6.114509189081673,19.431313192262129,-41.23296530972556,17.4913280858267,-47.51451520316141,15.33197511559281,-176.0305384403589,17.65000392056131,-61.086395833785449,245.79939383870079,532.5491397803548,0.0,0.0,0.0,0.0,0.0,0.0,0.0,0.0,0.0,0.0,0.0,0.0,0.0,0.0,0.0,0.0,0.0,0.0,0.0,0.0,0.0,0.0,1.03330253170365,0.31541591321845238,107.8522132887474,129.52106753429593,2439.5348639819615,0.18856940034606274,0.028780433508251336,86.24930990611073,103.58367773257169,1932.623953463189,1.565458443233068,0.29581603235696687,116.67726655556352,140.17064062255549,2626.1592592925069,0.2006006818938251,0.03790640247426777,42.552419831039589,51.12583079584668,945.9861312432291,0.0,0.0,5.529652388148822,6.651594893620348,119.09251635806274,0.0,0.0,11.5094085472,13.765953098830839,285.05857303139796,0.0,0.0,67.37314496552978,81.20064391217986,1375.5133692226016,0.0,0.0,47.237133035655478,57.42375439704852,731.4478199733643,0.0,0.0,19.280932423323209,23.207615813277383,408.3186526654612,26.916759935691969,18.46142656768997,117.74330198939474,141.94687051837168,2917.519946477607,0.0,0.0,55.03822160669924,67.33973277560796,648.0466000680516,0.0,18.39124607422983,43.19453407579284,22.0,30.0,0.0,18.36765281034125,43.37682297962319,12.0,30.0,0.0,18.291761782352425,43.3413485463927,22.0,30.0,0.0,18.24921149877129,43.65707639166288,12.0,30.0,0.0,17.92949066493667,44.14855077578846,12.0,30.0,0.0,19.585728341914185,39.91139460070699,12.0,30.0,0.0,17.359214228412385,45.84750007005065,10.0,30.0,0.0,14.876173180121537,53.62143165926837,12.0,30.0,0.0,17.746205448933237,44.650010464991868,20.0,30.0,0.0,17.26204400237344,0.0,0.0,0.0,13.022442736294324,0.0,0.0,491.647125350645,470.1847311072863,501.03620503061799,478.610168223997,544.1279350504851,845.0575768164624,551.9787701317673,639.7254120871972,804.5115055663544,0.0,81.73408823105577,81.73408823105577,60.0,0.0,60.0,60.0,12.0,12.0,12.0,19.0,12.0,12.0,21.0,10.0,0.0,0.0,0.0,0.0,0.0,0.0,0.0,0.0,0.0,0.0,0.0,0.0,0.0,81.73408823105577,81.73408823105577,0.0,0.0,0.0,81.73408823105577,0.0,0.0,0.0008900000000000001 
 03/10  05:10:00,7.324999999999999,91.16666666666667,3.3766666666666667,0.0,0.0,0.0,0.0,0.0,2.0,2.0,0.0,0.0,0.0,0.0,0.0,734.0,0.0,0.0,0.0,0.0,0.0,0.0,0.0,0.0,0.0,0.0,0.0,18.54497388635216,-103.94953142261648,18.640688770419744,-187.59195042714615,18.330256967994406,-72.58256067825278,18.33763985468572,0.6172814859377311,17.92711159768464,-5.879776746557354,19.390461550563626,-40.76127105212484,17.457665365759437,-54.95101812879261,15.289110230927122,-179.00848678174646,17.63148817239305,-62.342978600527548,237.64912782713123,534.7992440944338,0.0,0.0,0.0,0.0,0.0,0.0,0.0,0.0,0.0,0.0,0.0,0.0,0.0,0.0,0.0,0.0,0.0,0.0,0.0,0.0,0.0,0.0,1.0390692635093335,0.317176209862434,153.47394732039192,184.73446148009169,3439.177832540293,0.18522872602870583,0.02827056258069381,78.02033622273095,93.76339402823237,1744.8263945879158,1.6002826911094617,0.3023965780630125,62.67816376166182,75.54714889618168,1429.945808627907,0.20309429392061424,0.03837760656096262,29.91876687131552,36.107440622327988,670.1549739594108,0.0,0.0,5.494597541345949,6.626510967694665,118.49330919361792,0.0,0.0,11.528709105555134,13.823585123297498,285.7273780868563,0.0,0.0,66.4305830875413,80.27091699772649,1358.1336346550907,0.0,0.0,47.41799212422036,57.789131156781838,734.8795039976051,0.0,0.0,19.62725941084261,23.682048557586364,416.6970915517444,26.693780694398109,18.30849155994384,118.17799322942773,142.74481372784303,2924.275787651759,0.0,0.0,55.166241460053388,67.66800148314124,650.0310862926419,0.0,18.255652839140255,43.63491812362159,22.0,30.0,0.0,18.359304966383747,43.44912524911095,12.0,30.0,0.0,18.256194963148265,43.576842675013569,22.0,30.0,0.0,18.27751792489933,43.470444374969407,12.0,30.0,0.0,17.899125705059718,44.261962290978889,12.0,30.0,0.0,19.549738835057114,40.030447271504709,12.0,30.0,0.0,17.328087760560739,46.073050564152357,10.0,30.0,0.0,14.838038714808397,53.819478174947708,12.0,30.0,0.0,17.72865233461488,44.73063223430427,20.0,30.0,0.0,17.20398879673011,0.0,0.0,0.0,12.98188170311385,0.0,0.0,489.20082935197868,472.075457650839,501.50972463630935,496.3977194243837,545.2634958446921,843.5525258283643,551.8429451088211,639.9475431249697,803.3589570809897,0.0,81.73408823105577,81.73408823105577,60.0,0.0,60.0,60.0,12.0,12.0,12.0,19.0,12.0,12.0,21.0,10.0,0.0,0.0,0.0,0.0,0.0,0.0,0.0,0.0,0.0,0.0,0.0,0.0,0.0,81.73408823105577,81.73408823105577,0.0,0.0,0.0,81.73408823105577,0.0,0.0,0.0009 
 03/10  05:20:00,7.28,91.33333333333334,3.293333333333334,0.0,0.0,0.0,0.0,0.0,2.0,2.0,0.0,0.0,0.0,0.0,0.0,367.0,0.0,0.0,0.0,0.0,0.0,0.0,0.0,0.0,0.0,0.0,0.0,18.43392524428839,-155.18227556308103,18.641883367807865,-17.56777021124026,18.292044698472219,-29.928532289997749,18.274457376003704,-91.6734490029321,17.883567131960779,-6.311972237901017,19.339177445257549,-41.84534549781972,17.417707232286437,-45.12873166528561,15.237465685953513,-176.16657353928327,17.607437663823136,-63.512295570310019,248.92095579351827,536.1505226009144,0.0,0.0,0.0,0.0,0.0,0.0,0.0,0.0,0.0,0.0,0.0,0.0,0.0,0.0,0.0,0.0,0.0,0.0,0.0,0.0,0.0,0.0,1.0561570885244505,0.3223922736643622,114.00119509928452,137.08442721313183,2530.959592326677,0.19773582048290198,0.030179459780662698,19.23862811590734,23.107698063514037,440.2115483511291,1.6628691793218627,0.3142232009300573,119.9210727139793,144.13845152129444,2707.7785693944608,0.2013502598252851,0.0380480460743169,52.565989930207738,63.19046871643477,1170.0725637778613,0.0,0.0,5.696444837107548,6.85598322759181,122.89059622114498,0.0,0.0,11.490973056102274,13.752110863729053,284.6978331939189,0.0,0.0,68.08399376685434,82.09882139518546,1393.3713149196697,0.0,0.0,47.506946023866387,57.786653516803827,735.713315103211,0.0,0.0,19.89599754490487,23.95839319111861,423.3304323765664,26.49106011991406,18.169451385400597,121.16426681096196,146.13187994504245,2993.530885509049,0.0,0.0,55.23412192190384,67.61760768708732,651.6712086836313,0.0,18.086293494562708,44.21686610289913,22.0,30.0,0.0,18.419156657682618,43.302849569521978,12.0,30.0,0.0,18.22598493615284,43.67692806942602,22.0,30.0,0.0,18.17656405811146,43.93786087024026,12.0,30.0,0.0,17.851234746316057,44.46303571849075,12.0,30.0,0.0,19.492290305195636,40.235835685878,12.0,30.0,0.0,17.287815661651725,46.255989991189839,10.0,30.0,0.0,14.782371699281495,54.066712888163987,12.0,30.0,0.0,17.700464930898318,44.8755329680394,20.0,30.0,0.0,17.219399744671283,0.0,0.0,0.0,12.940639836985796,0.0,0.0,488.8343507852385,476.25876421144099,497.1272537599674,490.91671343616357,547.7592864511838,842.7741776039609,544.1911574299662,643.5108638910581,801.5265067026602,0.0,81.73408823105577,81.73408823105577,60.0,0.0,60.0,60.0,12.0,12.0,12.0,19.0,12.0,12.0,21.0,10.0,0.0,0.0,0.0,0.0,0.0,0.0,0.0,0.0,0.0,0.0,0.0,0.0,0.0,81.73408823105577,81.73408823105577,0.0,0.0,0.0,81.73408823105577,0.0,0.0,0.0009366666666666668 
 03/10  05:30:00,7.234999999999999,91.5,3.21,0.0,0.0,0.0,0.0,0.0,2.0,2.0,0.0,0.0,0.0,0.0,0.0,367.0,0.0,0.0,0.0,0.0,0.0,0.0,0.0,0.0,0.0,0.0,0.0,18.52077508807642,-1.0071875987869135,18.491410997616453,-321.3616310153393,18.163930525546264,-173.0578678458969,18.271424836541443,1.5448152034123269,17.84554997636216,-4.951460616463294,19.295475340897104,-38.67703756853058,17.354866694156457,-67.49271431832676,15.192162525447716,-175.56243737352703,17.586632144535917,-62.568208836624538,314.77286772726259,538.3713520113936,0.0,0.0,0.0,0.0,0.0,0.0,0.0,0.0,0.0,0.0,0.0,0.0,0.0,0.0,0.0,0.0,0.0,0.0,0.0,0.0,0.0,0.0,1.0464024847225635,0.3194146778762404,215.86494313149815,259.39470749030149,4896.720588486944,0.17401906340703544,0.026559686112184897,170.88856921192289,205.4790667362305,3798.351093541175,1.6675912532886038,0.31511550515657679,93.41090824502794,112.37089804847949,2086.3103205598606,0.2021293925090022,0.03819527447260056,51.50028284746798,61.91137179493936,1155.3455521214349,0.0,0.0,5.195932837993983,6.255243831241008,112.21285484335843,0.0,0.0,11.744520872942454,14.059536848800866,291.12699514413188,0.0,0.0,62.30357089670177,75.16129603718758,1270.2962095067949,0.0,0.0,47.42435446942745,57.70289399800695,734.7780782788462,0.0,0.0,20.86116184438303,25.125937882507825,444.9767257766747,26.27152567941446,18.018879066813765,225.27085019686928,271.54095517739565,5223.506652012475,0.0,0.0,55.06601252402478,67.43000128028943,650.7674938537984,0.0,18.332779907056176,43.506031605417629,22.0,30.0,0.0,18.143573365448096,44.097382059882679,12.0,30.0,0.0,18.01017559765155,44.43791849456691,22.0,30.0,0.0,18.215947913734437,43.74100024398958,12.0,30.0,0.0,17.814650686785805,44.617147745634948,12.0,30.0,0.0,19.44988383880536,40.38912159856998,12.0,30.0,0.0,17.200760294370278,46.577306330200098,10.0,30.0,0.0,14.738625754328878,54.28934289545438,12.0,30.0,0.0,17.679259824441997,44.98876913017856,20.0,30.0,0.0,17.421067047286749,0.0,0.0,0.0,12.903514384740979,0.0,0.0,483.23445173493567,485.99370676791377,496.1717512310663,495.2589414116104,546.0732662665694,837.7124547048344,554.8886506663735,645.7810365311984,795.3136264859271,0.0,81.73408823105577,81.73408823105577,60.0,0.0,60.0,60.0,12.0,12.0,12.0,19.0,12.0,12.0,21.0,10.0,0.0,0.0,0.0,0.0,0.0,0.0,0.0,0.0,0.0,0.0,0.0,0.0,0.0,81.73408823105577,81.73408823105577,0.0,0.0,0.0,81.73408823105577,0.0,0.0,0.0009733333333333333 
 03/10  05:40:00,7.1899999999999999,91.66666666666666,3.126666666666667,0.0,0.0,0.0,0.0,0.0,2.0,2.0,0.0,0.0,0.0,0.0,0.0,734.0,0.0,0.0,0.0,0.0,0.0,0.0,0.0,0.0,0.0,0.0,0.0,18.37219871914342,-133.31040241707934,18.48875077353984,-95.96471337619141,18.165573431324235,-17.175320627834709,18.208331366161614,-83.1218515610418,17.8100986437752,-6.323127364819271,19.254823815716155,-42.58859419845581,17.328225551123916,-54.37680612360532,15.150303489379415,-178.13615445280119,17.566801900408174,-65.69291652691232,293.1433024707594,537.1753489618508,0.0,0.0,0.0,0.0,0.0,0.0,0.0,0.0,0.0,0.0,0.0,0.0,0.0,0.0,0.0,0.0,0.0,0.0,0.0,0.0,0.0,0.0,1.0639577955520486,0.32477344186570469,209.08006018890519,252.1557469584895,4648.114088249277,0.19282359741881764,0.02942973098577803,114.2342256799811,137.56959499604114,2566.1025169116476,1.778308373205391,0.3360371075595978,135.02271261715988,163.0560175486196,3032.810881681474,0.19939136063001523,0.03767788371693408,60.8826452887062,73.54872035437835,1356.2707343195112,0.0,0.0,5.581871087809633,6.7378078755215509,120.69365278744519,0.0,0.0,11.712454368813804,14.056340634734037,290.4968152651113,0.0,0.0,65.6983188714286,79.46175412299428,1343.854384448864,0.0,0.0,47.62798327494187,58.09742693583882,738.6410020601678,0.0,0.0,21.493412137242097,25.949541609098274,459.5333445152737,26.045360185925295,17.86375870090899,228.50736179142315,276.359849543895,5292.5781962398609,0.0,0.0,55.25947887866903,67.83884264332773,653.7656329853854,0.0,18.064556527722169,44.30274942403621,22.0,30.0,0.0,18.21806243158486,43.881212310542,12.0,30.0,0.0,18.076124958538779,44.19438611401917,22.0,30.0,0.0,18.114124722588515,44.185417314753568,12.0,30.0,0.0,17.783006360145124,44.751741806376688,12.0,30.0,0.0,19.41263351618172,40.51508823154615,12.0,30.0,0.0,17.18833379000283,46.65876773852115,10.0,30.0,0.0,14.701257067450623,54.48511711450028,12.0,30.0,0.0,17.660005475899447,45.092552124972517,20.0,30.0,0.0,17.336377429123034,0.0,0.0,0.0,12.865038696027181,0.0,0.0,487.1614171580376,485.90540921768868,498.3267351638719,486.4255304579965,547.0829512008563,838.6979616306312,550.1282836616683,648.1043061493045,792.4855058692242,0.0,81.73408823105577,81.73408823105577,60.0,0.0,60.0,60.0,12.0,12.0,12.0,19.0,12.0,12.0,21.0,10.0,0.0,0.0,0.0,0.0,0.0,0.0,0.0,0.0,0.0,0.0,0.0,0.0,0.0,81.73408823105577,81.73408823105577,0.0,0.0,0.0,81.73408823105577,0.0,0.0,0.00101 
 03/10  05:50:00,7.145,91.83333333333333,3.0433333333333336,0.0,0.0,0.0,0.0,0.0,2.0,2.0,0.0,0.0,0.0,0.0,0.0,367.0,0.0,0.0,0.0,0.0,0.0,0.0,0.0,0.0,0.0,0.0,0.0,18.394871845311515,-47.53211507440301,18.432507916098687,-167.67730591303599,18.140460732831124,-30.909820163285077,18.138769379812687,-103.32061148796811,17.766147955118308,-6.430622617208968,19.204412541746345,-42.31887816012471,17.281571297778365,-52.34663669910424,15.100589099184317,-174.81834208261467,17.54138450561914,-66.61765891372352,249.32771793271423,537.5702008894684,0.0,0.0,0.0,0.0,0.0,0.0,0.0,0.0,0.0,0.0,0.0,0.0,0.0,0.0,0.0,0.0,0.0,0.0,0.0,0.0,0.0,0.0,1.0614765191361864,0.32401603148235239,102.24065551201412,122.96031085805953,2318.875515091717,0.1943657032952019,0.029665095130525323,84.30595393294856,101.39764048644506,1892.882537106939,1.7882004386522917,0.3379063565102593,130.8704079945315,157.45014882931506,2950.7562859140655,0.20355127690309419,0.038463960110184079,60.570475476570759,72.88285599149663,1345.8665481151223,0.0,0.0,5.5265974309097889,6.656984216602977,119.53582882359423,0.0,0.0,11.81218418896226,14.149024723861557,292.8956913838483,0.0,0.0,65.53644082037786,79.10186084644717,1340.225355810319,0.0,0.0,47.569138302269198,57.91323291674485,737.4357625932481,0.0,0.0,21.45021733175888,25.84685120736568,459.5506214683762,25.90342725558405,17.766411012060396,132.23622335484223,159.59789662332694,3227.062015419407,0.0,0.0,55.177870157856307,67.60297866223594,654.3152564141808,0.0,18.170781916648328,44.047250909875639,22.0,30.0,0.0,18.14695015468538,44.193871949251739,12.0,30.0,0.0,18.066522789029674,44.28281615531973,22.0,30.0,0.0,18.016574434093596,44.55339382416084,12.0,30.0,0.0,17.73471557705199,44.955692582208779,12.0,30.0,0.0,19.356136258138358,40.709589112619578,12.0,30.0,0.0,17.13554492353884,46.82471410428809,10.0,30.0,0.0,14.648246505944455,54.740152908610898,12.0,30.0,0.0,17.63030541225087,45.24884034898184,20.0,30.0,0.0,17.142287589123485,0.0,0.0,0.0,12.829797838693418,0.0,0.0,491.88062922834839,476.9442850758983,495.50739647737097,477.02876606806236,548.7063877618282,838.2723559044869,553.3556391956432,650.7382036081307,790.5314214462208,0.0,81.73408823105577,81.73408823105577,60.0,0.0,60.0,60.0,12.0,12.0,12.0,19.0,12.0,12.0,21.0,10.0,0.0,0.0,0.0,0.0,0.0,0.0,0.0,0.0,0.0,0.0,0.0,0.0,0.0,81.73408823105577,81.73408823105577,0.0,0.0,0.0,81.73408823105577,0.0,0.0,0.00112 
 03/10  06:00:00,7.1,92.0,2.96,0.0,0.0,0.0,0.0,0.0,2.0,2.0,0.0,0.0,0.0,0.0,0.0,734.0,0.0,0.0,0.0,0.0,0.0,0.0,0.0,0.0,0.0,0.0,0.0,18.30689415561138,-95.2618089660914,18.403566100966655,-175.47027642427495,18.104340059989466,-59.295642576382878,18.13471911813734,0.3805603695263855,17.73087299284321,-6.214551618659641,19.16495738473018,-41.91165483355098,17.24862796877115,-57.700667875260709,15.059992140301008,-176.83818695832088,17.520961839357818,-67.69549051431415,221.88149989209638,538.2046712188001,0.0,0.0,0.0,0.0,0.0,0.0,0.0,0.0,0.0,0.0,0.0,0.0,0.0,0.0,0.0,0.0,0.0,0.0,0.0,0.0,0.0,0.0,1.0632487896571657,0.32455701759986746,147.63831539982665,177.98287896481288,3316.4240309580497,0.19038082556652625,0.029056902558993629,76.17520361408079,91.67912250841258,1707.7156830731865,1.811757810289016,0.34235786286640526,58.950193475853648,71.17534647668868,1354.1230080231968,0.20821466898920153,0.039345175545956439,34.24588962069038,41.39058644414297,767.8115228866989,0.0,0.0,5.50567524251276,6.6489847225414879,119.23514097490824,0.0,0.0,11.827691764146448,14.20321812600191,293.50199715770887,0.0,0.0,65.26582570356104,78.97954657377616,1336.8818418897418,0.0,0.0,47.73585768604978,58.26310940373214,740.9047176928193,0.0,0.0,21.987576590361266,26.558264642100768,472.15601007669968,25.74776475602535,17.65964660907089,112.39394972523924,135.96287200216734,2800.7056617623304,0.0,0.0,55.31412085077562,67.94067982488454,657.4558456989495,0.0,18.039859792396507,44.43744067388383,22.0,30.0,0.0,18.13919392324128,44.23739727827717,12.0,30.0,0.0,18.034830624918347,44.41900467594028,22.0,30.0,0.0,18.056545764525518,44.36457816946293,12.0,30.0,0.0,17.70396144614449,45.07878316551303,12.0,30.0,0.0,19.321279057290739,40.83114932589938,12.0,30.0,0.0,17.107253707852693,46.976906027215118,10.0,30.0,0.0,14.612717185902856,54.92995955357876,12.0,30.0,0.0,17.611008977176036,45.34270779322229,20.0,30.0,0.0,17.01603867977886,0.0,0.0,0.0,12.798553699017326,0.0,0.0,490.2684669785737,474.13436012561956,502.71438935788697,491.4866624279814,549.4632024852722,837.5838559207784,557.2142437201489,652.0122220216365,789.7404788337126,0.0,81.73408823105577,81.73408823105577,60.0,0.0,60.0,60.0,12.0,12.0,12.0,19.0,12.0,12.0,21.0,10.0,0.0,0.0,0.0,0.0,0.0,0.0,0.0,0.0,0.0,0.0,0.0,0.0,0.0,81.73408823105577,81.73408823105577,0.0,0.0,0.0,81.73408823105577,0.0,0.0,0.0012300000000000002 
 03/10  06:10:00,7.085,92.0,3.005,0.0,0.0,0.0,0.0,0.0,2.0,2.0,0.0,0.0,0.0,0.0,0.0,3680.0,0.0,0.0,0.0,0.0,0.0,0.0,0.0,0.0,0.0,0.0,0.0,19.450526684028433,-907.8734855445915,18.556483817532503,748.5889597982132,19.535834719302295,-2338.927022753585,18.421870857069896,915.5043872979079,17.693137080671684,-10.384146465462918,19.11699530487718,-62.60076943762679,17.351300255756386,199.5911298537324,15.9746063297925,-255.7084635450647,18.652319304300947,-172.25920680875007,535.2938878740469,574.783308024446,0.0,0.0,0.0,0.0,0.0,0.0,0.0,0.0,0.0,0.0,0.0,0.0,0.0,0.0,0.0,0.0,0.0,0.0,0.0,0.0,0.0,0.0,1.0790568774007597,0.3293824412090231,378.0179749676884,453.5348900282644,9878.472731926933,0.31019844002078397,0.047344084252256408,332.247561009635,400.50080966338859,7772.712235896301,1.193039172149443,0.22544202043640283,479.6496246481628,574.6143314006447,12910.3191882912,0.29134453988323946,0.05505376792956147,333.22282338598247,401.3996873773103,7916.76316473257,0.0,0.0,9.21772797218676,11.149163611857166,199.2060384388998,0.0,0.0,16.594361378817934,19.96238230276446,410.5707641624295,0.0,0.0,73.43945547317894,88.95629351891034,1542.2907900092583,0.0,0.0,38.336525195770317,46.66601188781692,707.1907519055525,0.0,0.0,36.4788326637207,43.84661492071052,919.3660860109553,26.939804663569917,18.477232279540418,657.8356409558669,794.1314043431631,15396.848788069108,0.0,0.0,46.60625636310815,57.370982941489959,556.7525942865751,1989.407193063911,19.789281709068275,39.91572407516236,21.999999999999998,30.0,0.0,18.50276737149908,43.2282972172274,15.999999999999999,30.0,4492.341618263208,20.137265445926098,39.07094125707058,21.999999999999998,30.0,0.0,18.65820219557323,42.79554338817552,15.999999999999999,30.0,0.0,17.668295728775289,45.24092485558857,12.0,30.0,0.0,19.27198628651415,40.99140571452764,19.0,30.0,0.0,17.352370734648408,46.35495358914505,10.0,30.0,1257.3778418918174,16.172697221222067,49.800135748674218,16.999999999999998,30.0,1995.6892723597253,19.37761505189535,40.69921682987859,19.799999999999998,30.0,0.0,17.99256093415781,0.0,0.0,0.0,12.81682544895111,0.0,0.0,488.3151137921595,487.54988143422488,489.5209419466519,490.1086955599581,549.1751484949474,823.9419560570332,536.1548071801335,659.4127295857236,762.0845320518453,11310.680302963894,80.5257051556474,87.20300282808178,60.0,0.0,60.0,60.0,16.0,16.0,19.0,19.0,16.0,12.0,21.0,10.0,1.0,0.0,1989.407193063911,0.0,4492.341618263208,0.0,0.0,0.0,1257.3778418918174,1995.6892723597253,10104.49765255001,6062698.591530005,7913561.286882631,80.5257051556474,87.3164055096667,0.37081658841833367,0.765635908953772,0.3602813740196596,87.3164055096667,0.3542647819438876,7913561.286882631,0.41284518691789687 
 03/10  06:20:00,7.07,92.0,3.0500000000000004,0.0,0.0,0.0,0.0,0.0,2.0,2.0,0.0,0.0,0.0,0.0,0.0,1104.0,0.0,0.0,0.0,0.0,0.0,0.0,0.0,0.0,0.0,0.0,0.0,20.16083884164337,-1421.1703153999643,19.145933067810114,708.7297088715461,20.353102497915527,-3408.2587430067967,19.14963054633637,752.0204376892759,17.64500327697153,-9.140433242112897,19.053095808226389,-50.22299039899146,17.76362391797158,264.394198273484,16.099594287421806,-277.75806811016136,18.653482752129617,-130.02778412284119,733.5940615161983,594.2604213983057,0.0,0.0,0.0,0.0,0.0,0.0,0.0,0.0,0.0,0.0,0.0,0.0,0.0,0.0,0.0,0.0,0.0,0.0,0.0,0.0,0.0,0.0,1.1625950552874605,0.35488249550899278,441.17018501986038,527.3688575928713,12376.199464759142,0.34867506154617697,0.05321658448506973,385.0552517822906,462.4968188472192,9742.228067418268,1.2899389364112442,0.24375263348662963,554.2004855367477,661.5899732040159,16004.812017536702,0.31118970684078836,0.05880379947860698,379.3678110136643,455.2065134233975,9837.1946635081,0.0,0.0,10.394998254365442,12.568350809021976,223.99833100362265,0.0,0.0,16.87075671432853,20.290971924287683,415.80754958657789,0.0,0.0,84.59461353804294,102.10161366613693,1901.5676936020946,0.0,0.0,38.950345739004088,47.30745768109671,737.4809752445667,0.0,0.0,33.68108008304564,40.4925055747924,841.437202152589,27.80034789015799,19.067453971301778,757.4767466941182,912.3318583078835,18627.072339661867,0.0,0.0,48.25033408274095,59.31185541642657,579.6173577455527,1871.8219950209394,20.936558262101838,37.1614396234412,21.999999999999994,29.99999999999999,0.0,19.537618477010754,40.51648202954795,15.999999999999993,29.99999999999999,4230.811469452427,21.386364329930474,36.15207231772867,21.999999999999994,29.99999999999999,0.0,19.8736017876152,39.684369156397469,15.999999999999993,29.99999999999999,0.0,17.615925156361713,45.4871718754029,11.999999999999995,29.99999999999999,0.0,19.200563063584398,41.221146183086,18.999999999999994,29.99999999999999,0.0,18.073409724522798,44.34253732467533,9.999999999999997,29.99999999999999,0.0,16.306071601064646,49.37112124644713,15.999999999999993,29.99999999999999,0.0,19.358534836463883,40.8107862135254,18.999999999999994,29.99999999999999,0.0,18.749623372348635,0.0,0.0,0.0,12.827002248594703,0.0,0.0,489.29561797800218,493.5619882772145,488.69945123863757,489.9788359821218,547.033232164719,786.9975584983218,527.1535496633653,680.6506160182905,721.1758652848369,11769.838419981448,80.2219394020926,87.87010869522303,59.99999999999998,0.0,59.99999999999998,59.99999999999998,16.0,16.0,19.0,19.0,16.0,12.0,21.0,10.0,1.0,0.0,1871.8219950209394,0.0,4230.811469452427,0.0,0.0,0.0,0.0,0.0,11573.285609657943,6943971.365794769,9056213.205858395,80.2219394020926,87.99999999999997,0.3857761869885981,0.7666677214063348,0.36028137401965945,87.99999999999997,0.35426478194388735,9056213.205858395,0.4723197533713031 
 03/10  06:30:00,7.055,92.0,3.0949999999999999,0.0,0.0,0.0,0.0,0.0,2.0,2.0,0.0,0.0,0.0,0.0,0.0,736.0,0.0,0.0,0.0,0.0,0.0,0.0,0.0,0.0,0.0,0.0,0.0,20.476933248126366,-1587.0988413280348,19.561974322009868,680.0915189329853,20.61793771291657,-2472.9464018249639,19.55425000010321,627.2821952454997,17.60401001610264,-6.249101107373576,19.01106222637106,-29.501909414636374,18.099239403153307,306.4668182995704,16.903142386038036,-377.6691216181254,18.82607588976321,-79.1301737395832,882.190982013095,583.714315890698,0.0,0.0,0.0,0.0,0.0,0.0,0.0,0.0,0.0,0.0,0.0,0.0,0.0,0.0,0.0,0.0,0.0,0.0,0.0,0.0,0.0,0.0,1.2755481705983237,0.3893614684366068,435.6184400864703,519.8470889228332,12548.186389518993,0.3552052532919156,0.05421325599693462,374.3594937414149,448.4136433437118,9976.779337885291,1.6319144298900606,0.3083738529648642,443.4028768239094,528.851661815544,13061.530593451918,0.3116060686768789,0.05888247707424014,350.085400239434,419.0088076592951,9508.479924045081,0.0,0.0,10.529135698016028,12.726387516383245,226.42201305094427,0.0,0.0,14.927439850122449,17.946476360316269,367.50935989339919,0.0,0.0,92.8000387693588,111.74610969076656,2191.2086812085919,0.0,0.0,38.788576432015727,46.88614234594435,837.2918625384527,0.0,0.0,23.176761998411103,27.85871914146464,579.4286899311893,28.381404786769516,19.465984078717093,717.117401367293,861.5632503833721,18586.593457291634,0.0,0.0,48.836418519337318,60.01861351628749,586.6903769302857,1930.0915366443856,21.307299725862806,36.32962475973882,22.0,30.0,0.0,20.226926760009087,38.824759300125027,16.0,30.0,3189.4191588722517,21.718325394205828,35.4316981101166,22.0,30.0,0.0,20.490572004153777,38.199324617468679,16.0,30.0,0.0,17.57444790200642,45.669790711715609,12.0,30.0,0.0,19.167880339884463,41.34310341140868,19.0,30.0,0.0,18.65003277326075,42.78112403819351,10.0,30.0,1408.615886506919,17.66417178836936,45.374154652904,16.5,30.0,925.124600942364,19.512222767470158,40.47500533166303,19.5,30.0,0.0,19.369937171037923,0.0,0.0,0.0,12.808731569029586,0.0,0.0,490.8756860365801,495.623063725785,491.5537541115664,493.30642174755396,549.262583178509,780.2166536255714,529.4611971897941,669.8806977875017,733.0846968667581,8447.811783019828,82.41909579591476,82.41909579591476,60.0,0.0,60.0,60.0,16.0,16.0,19.0,19.0,16.0,12.0,21.0,10.0,1.0,0.0,1930.0915366443856,0.0,3189.4191588722517,0.0,0.0,0.0,1408.615886506919,925.124600942364,0.0,0.0,0.0,82.41909579591476,82.41909579591476,0.34,0.7713784328391642,0.36028137401965956,82.41909579591476,0.3542647819438875,0.0,0.0014533333333333334 
 03/10  06:40:00,7.039999999999999,92.0,3.14,9.999999999999999,31.66666666666666,0.0,0.0,0.0,2.0,2.0,0.0,0.0,0.0,0.0,0.0,3680.0,0.0,15.881080899030636,15.899205088324108,40.74089171704186,0.47619653573941686,12.674630877207213,0.0,15.899205088324092,21.735418750061485,0.0,0.0,20.70806075549791,-1240.0898764011668,19.76265624882613,632.3398551033629,20.647699043896183,-1395.1562652211586,19.697606292906387,587.7958537321443,17.57367128062325,-3.4765033568687464,18.98321688989305,-31.960429885886677,18.317937397692395,311.34599382178245,16.772666756214563,-345.48312622980418,19.199647944375628,-67.21575237789807,950.9683477230256,666.4632610447482,0.0,0.0,0.0,0.0,0.0,0.0,0.0,0.0,0.0,0.0,0.0,0.0,0.0,0.0,0.0,0.0,0.0,0.0,0.0,0.0,0.0,0.0,1.3099413657494377,0.3998600017550178,414.7000707009857,495.3507906763267,12174.514979944102,0.33097222128346306,0.05051468578807436,323.00073068421019,387.23519978233807,8786.709391097584,2.056186204405887,0.3885461459572731,386.44086743726919,461.56109210701939,11374.488063464887,0.31236379649142378,0.059025660712665118,303.38043763198768,363.5360121314163,8324.190234697759,0.0,0.0,10.51171534781102,12.73088399396806,225.81956845369354,0.0,0.0,14.43042313120702,17.38211669501174,355.0960229858401,0.0,0.0,91.1600601689638,109.84071399941385,2215.7581564628515,0.0,0.0,38.271460467648378,46.38085896285706,800.7876479693721,0.0,0.0,22.98008371389584,27.62218764460483,594.2451183996808,28.559491944391565,19.58812890561837,620.5886557163666,745.8436086456995,16705.31104960458,0.0,0.0,50.88871369976247,62.625286649695947,617.9299154194364,1817.8867833703433,21.57970110371154,35.7375198800129,22.000000000000005,30.00000000000001,0.0,20.48946573373942,38.2082845885779,16.000000000000005,30.00000000000001,1527.2755376626013,21.516757921943218,35.88188564722312,21.40000000000001,30.00000000000001,0.0,20.605922441202624,37.93669962067847,16.000000000000005,30.00000000000001,0.0,17.549140871772356,45.7819008208517,12.000000000000004,30.00000000000001,0.0,19.14713210559116,41.42211305465782,19.000000000000008,30.00000000000001,0.0,18.986230566483468,41.91649756959802,10.000000000000004,30.00000000000001,0.0,17.3190591362642,46.444591873532989,16.000000000000005,30.00000000000001,0.0,19.787039641136503,39.82729523264452,19.000000000000008,30.00000000000001,0.0,19.74645611657162,0.0,0.0,0.0,12.852231343757751,0.0,0.0,496.09523683210946,501.07610406039808,496.4000451715401,499.03536100370817,548.6726542268468,784.9865494717894,523.2860864332262,628.0515310591275,742.362142067737,9891.42070027702,81.46450783369511,82.87836986892057,60.00000000000002,0.0,60.00000000000002,60.00000000000002,16.0,16.0,19.0,19.0,16.0,12.0,21.0,10.0,1.0,0.0,1817.8867833703433,0.0,1527.2755376626013,0.0,0.0,0.0,0.0,0.0,2139.6736431926635,1283804.1859155982,1670681.2196481769,81.46450783369511,82.90238193997854,0.343322454773089,0.7701118118202457,0.3602813740196597,82.90238193997854,0.3542647819438877,1670681.2196481769,0.08838542342170519 
 03/10  06:50:00,7.0249999999999999,92.0,3.185,16.999999999999998,63.33333333333332,0.0,0.0,0.0,2.0,2.0,0.0,0.0,0.0,0.0,0.0,1104.0,0.0,27.142680250827075,27.2695357622842,69.87678776406088,0.8138789248516117,21.66248925734291,0.0,27.269535762284165,37.27952282018776,0.0,0.0,20.778841327374594,-1582.0806985279742,19.912992268962375,455.30541120100659,20.504191773619629,-371.42500053991446,19.744470512746888,234.2482200367898,17.542210709971625,-2.5256854767234646,18.95098028063341,-25.620225305193914,18.455608949726867,228.58240457566203,16.358958881884015,-348.17115439127078,18.723340188017745,-62.34773915641519,914.582747824948,780.0417952330249,0.0,0.0,0.0,0.0,0.0,0.0,0.0,0.0,0.0,0.0,0.0,0.0,0.0,0.0,0.0,0.0,0.0,0.0,0.0,0.0,0.0,0.0,1.3409937366458329,0.4093387474498883,453.0571738534878,540.7671101527222,13292.235322855197,0.3053798414925896,0.046608644916451457,272.28045388260736,326.089688457452,7518.662757555174,2.546278443717259,0.4811561685028839,272.0807965735185,325.3466630206915,7821.84790841711,0.3084428977866488,0.05828475014864871,193.5203097592617,231.8275489702715,5310.055463441947,0.0,0.0,9.998524821840859,12.10139677491711,214.5655111921703,0.0,0.0,13.219620959325113,15.913792736310765,324.99233609966935,0.0,0.0,101.09097591945258,121.63442945541635,2495.5164500760495,0.0,0.0,48.846761402420707,59.308561147937357,947.630579993432,0.0,0.0,19.12115127950051,23.004666885030689,477.94975163589336,28.261581680902184,19.383800878533756,529.727637921106,636.3687343340794,14383.662649025322,0.0,0.0,61.69009319522593,75.79082766633469,780.8610669834372,1894.4504160369318,21.589886405728444,35.72213777298621,22.000000000000019,30.00000000000002,0.0,20.68132982287009,37.76570785839055,16.000000000000015,30.00000000000002,1188.8138748369486,21.243468454776428,36.50909764308898,21.33333333333335,30.00000000000002,0.0,20.55123481572321,38.071191299885658,16.000000000000015,30.00000000000002,0.0,17.518246096145537,45.91423140489293,12.00000000000001,30.00000000000002,0.0,19.115454735497545,41.53399189703171,19.000000000000015,30.00000000000002,0.0,19.16723551287623,41.45780310367597,10.000000000000007,30.00000000000002,466.3419535087345,16.4639012046122,49.10249837383037,16.000000000000015,30.00000000000002,0.0,19.31196440518101,41.05682821915192,19.000000000000015,30.00000000000002,0.0,19.74937984029323,0.0,0.0,0.0,13.088591370198401,0.0,0.0,497.622402839891,504.56137741591899,499.80648068400128,507.45015468800718,545.7305151722916,793.2465074445222,524.9895413510994,591.5164747685577,747.5051710522978,9522.714933924502,81.70826208382137,84.05350805594687,60.00000000000004,0.0,60.00000000000004,60.00000000000004,16.0,16.0,19.0,19.0,16.0,12.0,21.0,10.0,1.0,0.0,1894.4504160369318,0.0,1188.8138748369486,0.0,0.0,0.0,466.3419535087345,0.0,3549.2117308054728,2129527.038483282,2757267.689440442,81.70826208382137,84.09333811823587,0.3449737243601826,0.7688658819595159,0.3602813740196598,84.09333811823587,0.3542647819438878,2757267.689440442,0.14496458651756964 
 03/10  07:00:00,7.01,92.0,3.23,24.0,95.0,0.0,0.0,0.0,2.0,2.0,0.0,0.0,0.0,0.0,0.0,3680.0,0.0,38.95212037151548,36.343702724005428,93.12890526594532,1.167989759381409,31.08759209830884,0.0,36.343702724005378,49.684597012596558,0.0,0.0,20.885745833423394,-1393.2819166330126,19.938863297941596,489.3348594465406,20.705481952141189,-1058.1985352245634,19.74685959882021,553.4784599481104,17.51528896811639,-1.6457936688888427,18.928754037756403,-21.39052492584778,18.482329718248019,247.42163760292545,16.481686561155635,-335.5817423672305,18.882649787248018,-107.50043865265323,919.9345376831566,798.8194149234131,0.0,0.0,0.0,0.0,0.0,0.0,0.0,0.0,0.0,0.0,0.0,0.0,0.0,0.0,0.0,0.0,0.0,0.0,0.0,0.0,0.0,0.0,1.3566542313367738,0.41411911823466848,417.3417333934813,498.6394638853885,12324.22917581509,0.3171984113911135,0.04841245595102465,285.53053275982026,342.22141652828045,7888.635820851669,2.3780337209405548,0.44936389284591007,344.2112963596692,411.16961492468598,10171.280546652273,0.33068755056071055,0.062488199274510668,304.50751530869726,365.1254682024312,8326.110144728784,0.0,0.0,9.694156902301325,11.746870024808441,207.86769217590186,0.0,0.0,13.086130835544456,15.769768918127444,321.66448940129876,0.0,0.0,102.84522002822331,123.89807874535348,2543.764785536019,0.0,0.0,46.63129527959209,56.657274279295808,926.0514643152127,0.0,0.0,16.26068482746716,19.58727753717534,402.1382240920145,28.16144091614651,19.31511722643794,584.6485389525103,702.7750566735589,15874.408392414576,0.0,0.0,64.4156803583669,79.21895516885422,829.4466650522887,1827.5600502511914,21.639775356604078,35.61554397978098,21.999999999999998,30.0,0.0,20.674994916378905,37.786076051365238,15.999999999999999,30.0,1490.2960355549868,21.508110310865616,35.91284312655552,21.4,30.0,0.0,20.520200804327496,38.148904333223729,15.999999999999999,30.0,0.0,17.494082131755229,46.013357303241189,12.0,30.0,0.0,19.09797672388592,41.60069516651959,19.0,30.0,0.0,19.176444995349568,41.45150206291588,10.0,30.0,192.41327534183865,16.700975189602095,48.410931951865837,16.3,30.0,607.0010984929768,19.17024989582169,41.43202635639033,19.200000000000004,30.0,0.0,19.799468019586933,0.0,0.0,0.0,13.18756065417617,0.0,0.0,505.18170749813046,510.88970114900345,505.4522544700419,510.8057350277377,541.3370220562019,810.2000975028099,521.5596126091768,559.2458370302152,761.3919534828227,9956.257338129668,81.42159801022625,84.90947073501292,60.0,0.0,60.0,60.0,16.0,16.0,19.0,19.0,16.0,12.0,21.0,10.0,1.0,0.0,1827.5600502511914,0.0,1490.2960355549868,0.0,0.0,0.0,192.41327534183865,607.0010984929768,5278.466373144139,3167079.8238864836,4132087.292982157,81.42159801022625,84.96870639282261,0.34594887910480467,0.7675977929038018,0.3602813740196596,84.96870639282261,0.3542647819438876,4132087.292982157,0.2165318725684055 
 03/10  07:10:00,7.11,91.5,3.345,31.000000000000005,126.66666666666669,0.0,0.0,0.0,2.0,2.0,0.0,0.0,0.0,0.0,0.0,2208.0,0.0,51.1578119052279,43.13859370269458,110.54051791571229,1.533983688421493,40.82895735649913,0.0,43.13859370269452,58.97372813345257,0.0,0.0,20.930327471489205,-1622.518620310626,20.011010882604546,447.85672156740318,20.70081498916198,-367.31922390851408,19.861913825597637,299.86495011842387,17.48961159027239,-0.29596681048488429,18.914265778482883,-27.19558614469778,18.551033048422597,260.5469093637021,17.00302264446664,-377.5848048645688,19.11838326697977,-70.83366295485553,877.5260295454341,732.0582472495169,0.0,0.0,0.0,0.0,0.0,0.0,0.0,0.0,0.0,0.0,0.0,0.0,0.0,0.0,0.0,0.0,0.0,0.0,0.0,0.0,0.0,0.0,1.3620273603577283,0.41575926750846406,442.98928484600676,529.15143293345,12996.697913206444,0.30600788458319158,0.0467045000890097,267.94672638855618,321.13813749023,7389.225238623663,2.5888505201368465,0.48920077855949486,245.77613765882536,294.06069793378699,7112.033794437505,0.31753306362910319,0.06000246856181085,249.1547207843671,298.7782622061088,6814.692082683783,0.0,0.0,10.202912997945035,12.363355080658954,216.27191454317737,0.0,0.0,13.698901224830447,16.506801914307144,333.65713623638359,0.0,0.0,95.27132651420919,114.75446066663536,2352.825317364503,0.0,0.0,43.474164831305078,52.698910629153,918.9454163136798,0.0,0.0,21.19856816324606,25.47402685469707,548.2086929035986,27.436455176752458,18.817870491599768,511.86482521386525,615.4367151528724,13891.79830250009,0.0,0.0,57.03407233010768,70.16498308955524,719.6724196726625,1807.2666312969419,21.642867243995825,35.62490098172733,21.999999999999994,30.0,0.0,20.750013782881699,37.64279000432533,15.999999999999999,30.0,781.1145609686626,21.303806250827735,36.377506556918529,21.16666666666666,30.0,0.0,20.621669069277748,37.93977290540613,15.999999999999999,30.0,0.0,17.47028001678645,46.116393058415578,11.999999999999997,30.0,0.0,19.083750304829026,43.00259301528661,18.999999999999998,30.0,0.0,19.260549913023508,41.25441256457131,9.999999999999999,30.0,1330.3898891331324,17.495628132551564,46.10938476330221,20.699999999999997,30.0,306.6031089926884,19.854983733762759,40.937293661841888,19.33333333333333,30.0,0.0,19.826185765633278,0.0,0.0,0.0,13.157550530730094,0.0,0.0,508.49807154142158,515.8491656740267,508.4356809281049,513.6396508265078,534.9731370215302,841.2830893457177,516.9180709210793,542.6727860929565,774.3223290886814,10158.251585470814,81.28801018127993,84.8273270358464,60.0,0.0,60.0,60.0,16.0,16.0,19.0,19.0,19.7,12.0,21.0,10.0,1.0,0.0,1807.2666312969419,0.0,781.1145609686626,0.0,0.0,0.0,1330.3898891331324,306.6031089926884,5356.237399201611,3213742.439520967,4184192.630682608,81.28801018127993,84.88743638576254,0.34854124664005367,0.7680703479086337,0.3602813740196595,84.88743638576254,0.3542647819438874,4184192.630682608,0.21931801679549563 
 03/10  07:20:00,7.210000000000001,91.0,3.4600000000000006,38.0,158.33333333333335,0.0,0.0,0.0,2.0,2.0,0.0,0.0,0.0,0.0,0.0,1840.0,0.0,66.888131145022,50.050423831076709,128.2517919963276,2.0056633977143467,53.38330712268376,0.0,50.05042383107663,68.42272393765173,0.0,0.0,20.735250272696335,-999.2316322086209,20.055553925361147,461.4084131292167,20.618840247486206,-1047.319593359768,19.946264499937827,545.2757998511639,17.464773069072849,-2.612123653282243,18.90593081778065,-23.592777288595344,18.651938136166274,292.44685913783186,17.96926016657425,-281.7255744042484,18.881658186074085,-42.52190355084529,880.6337724878459,523.3458776847684,0.0,0.0,0.0,0.0,0.0,0.0,0.0,0.0,0.0,0.0,0.0,0.0,0.0,0.0,0.0,0.0,0.0,0.0,0.0,0.0,0.0,0.0,1.3634566078996886,0.4161955457569258,372.2774847042595,445.01756347746768,10789.628830464002,0.3175344545134249,0.04846374458385608,273.3799513468719,327.6369292332924,7505.473293863882,2.3975615049006655,0.45305395028357278,346.98417858903857,414.65031229466509,10148.525297540044,0.3195326975857006,0.06038032834196912,293.7382524198787,352.0992779669239,8042.441012580914,0.0,0.0,9.870458006650509,11.963222292919312,206.7879602728737,0.0,0.0,12.76869388654887,15.384917406659957,308.29413124682278,0.0,0.0,78.89162809188736,94.99501311283406,1955.9738976502743,0.0,0.0,23.40124855140626,28.246143713751857,558.4801094566724,0.0,0.0,14.317248075017462,17.23594423659829,356.7622640107419,26.802670007564779,18.38317558817887,562.1625912973958,675.6613306430179,15194.173856424577,0.0,0.0,38.735774291192928,47.71602175581832,458.9828566989226,1116.3812559048975,21.515098429046345,35.951730731040679,21.600000000000006,30.000000000000008,0.0,20.78374933064909,37.63198791364769,16.000000000000005,30.000000000000008,963.3486867732027,21.567411879259315,35.842227041854737,21.400000000000003,30.000000000000008,0.0,20.74291995664778,37.721461779047519,16.000000000000005,30.000000000000008,0.0,17.445948872018584,46.23136368877843,12.000000000000004,30.000000000000008,0.0,19.07602481629481,44.8459853605015,19.000000000000005,30.000000000000008,0.0,19.415643976327364,40.896262847162798,10.000000000000002,30.000000000000008,1277.1915406247616,19.116455860389338,41.73361465102854,20.700000000000004,30.000000000000008,0.0,19.451432324935796,43.64566640814205,19.000000000000005,30.000000000000008,0.0,19.93144636038452,0.0,0.0,0.0,12.858464221358787,0.0,0.0,510.9986880838467,519.0277743012001,511.17660287756669,516.4114013118945,531.6722029995699,877.7991583580823,515.0539461375292,550.115054769308,806.7143813721079,9324.843312357652,81.8391341230768,84.56080671701605,60.000000000000017,0.0,60.000000000000017,60.000000000000017,16.0,16.0,19.0,19.0,19.7,12.0,21.0,10.0,1.0,0.0,1116.3812559048975,0.0,963.3486867732027,0.0,0.0,0.0,1277.1915406247616,0.0,4119.020887232864,2471412.532339718,3232662.632648495,81.8391341230768,84.60702975299408,0.34130069624109557,0.766666274839638,0.3602813740196596,84.60702975299408,0.35426478194388757,3232662.632648495,0.1698417902310551 
 03/10  07:30:00,7.3100000000000009,90.5,3.575,45.0,190.0,0.0,0.0,0.0,2.0,2.0,0.0,0.0,0.0,0.0,0.0,1472.0,0.0,80.18181997198549,49.72654440109335,127.42197852740847,2.4042836641319269,63.993027008683927,0.0,49.72654440109327,67.97995620202517,0.0,0.0,20.991376863625228,-919.2447600770411,20.100620996257786,530.2281238998317,20.86832233899605,-1433.7123063259074,20.081750093807544,582.4209346125822,17.436983654339636,-4.522253325623154,18.901534107466888,-21.40854928855927,18.737265429862814,297.73700987589396,18.7551892529873,-93.55308439795212,18.990609300469769,-232.04714711324076,895.5391736504371,500.745340550418,0.0,0.0,0.0,0.0,0.0,0.0,0.0,0.0,0.0,0.0,0.0,0.0,0.0,0.0,0.0,0.0,0.0,0.0,0.0,0.0,0.0,0.0,1.3537785591923406,0.4132413184347804,362.4284952984733,432.8129080781696,10532.600918350458,0.3322553628178768,0.05071052546060391,306.83830610411578,367.4850197013015,8385.274856248225,2.399840271939021,0.45348455629989078,395.76563844600067,472.5121987478528,11632.439285070011,0.3206345615284886,0.06058854148308552,317.5891116241477,380.29295068538678,8735.79502354101,0.0,0.0,9.683552905061026,11.735962336181581,200.36908896369847,0.0,0.0,12.97308453490463,15.622522951687078,310.6199716118716,0.0,0.0,70.72582246549027,85.09111336721665,1757.388906701321,0.0,0.0,17.90138285866396,21.46067419105116,477.5081781557842,0.0,0.0,19.7566679700789,23.75038524542508,484.27303179275546,26.08353636497357,17.88994263715609,619.3554013619113,743.6562687446881,16705.3513546931,0.0,0.0,34.37985037129482,42.3347207638114,390.79296826627958,1314.9354688176305,21.68593304767098,35.62833901722312,21.75,30.0,0.0,20.817774908699886,37.63034330597773,16.0,30.0,2130.4950194599198,21.821585411962596,35.34276743471463,21.75,30.0,0.0,20.913365195139677,37.41177360081107,16.0,30.0,0.0,17.416058645092244,46.364733963571968,12.0,30.0,0.0,19.073104924290658,46.27123638168945,19.0,30.0,0.0,19.536875799450578,40.72533498044273,10.0,30.0,1077.563462561654,20.448823728388726,38.654162975246077,20.7,30.0,727.1244481051931,19.299903325336417,45.13187352125571,19.25,30.0,0.0,20.095782878681644,0.0,0.0,0.0,12.732951309193505,0.0,0.0,513.5951897170608,521.8142051602072,513.8804344171149,520.1155086924317,529.0396476908078,919.3843267311961,520.7784049982456,561.5249052007412,838.3980593337236,10671.573015490341,80.94850215491366,86.34130967701018,60.0,0.0,60.0,60.0,16.0,16.0,19.0,19.0,19.7,12.0,21.0,10.0,1.0,0.0,1314.9354688176305,0.0,2130.4950194599198,0.0,0.0,0.0,1077.563462561654,727.1244481051931,8161.073297152703,4896643.978291621,6414641.378412596,80.94850215491366,86.43289745162773,0.3570357765717568,0.7631454463631783,0.36028137401965956,86.43289745162773,0.3542647819438875,6414641.378412596,0.3353080183441216 
 03/10  07:40:00,7.41,90.0,3.6900000000000006,51.83333333333333,203.83333333333335,0.0,0.0,1.0,2.0,0.0,0.0,0.0,0.0,0.0,4.0,2576.0,0.0,92.70258798658586,46.82653207039185,119.99095894676919,2.7797267757747989,73.98587069530923,0.0,46.82653207039178,64.01541948223479,0.0,0.0,20.94279924449394,-1075.0479466682712,20.147028771457977,362.8537676536258,20.785624443796288,-798.0865019710893,20.133102564739663,368.70863419334366,17.41115498820272,-4.593392336849613,18.897893839475964,-22.834707935950847,18.301689765190916,-452.4468813699873,18.65431140628411,-41.605011497952848,18.9130939716961,-186.86793005755428,796.9917074246562,1219.8174728837044,0.0,0.0,0.0,0.0,0.0,0.0,0.0,0.0,0.0,0.0,0.0,0.0,0.0,0.0,0.0,0.0,0.0,0.0,0.0,0.0,0.0,0.0,1.4024382628486252,0.428094707829251,303.20149135434618,362.33421518803535,8722.32201249318,0.31558502971744625,0.048166213326838607,249.07850504710943,298.4396244420174,6763.659557204129,2.543184208906689,0.4805714680473718,241.21810083538566,288.1631841143734,6985.907393086805,0.3000036961167323,0.05669004083838481,242.18705343230597,290.0427079783366,6617.730940436255,0.0,0.0,9.799079187540205,11.883686173988997,200.2863408535535,0.0,0.0,11.977801362929143,14.431824957961022,284.3337701287782,0.0,0.0,158.8912061132548,191.88457173144887,3563.3499783164936,0.0,0.0,19.75136534107948,23.73344248590147,505.28923240374606,0.0,0.0,106.49801099715592,128.13291109901645,2587.5646653904116,24.957259817014785,17.11746215158766,486.11730429132839,583.9886863177228,13062.179098425175,0.0,0.0,105.48236291333329,129.33425481375947,1433.700310917312,1586.3471520075378,21.599107789457528,36.107448181998588,21.857142857142877,30.00000000000002,0.0,20.832379808785814,37.80549959211867,16.00000000000001,30.00000000000002,1142.048408918671,21.54338358761452,37.02658647276463,21.428571428571446,30.00000000000002,0.0,20.908791088950286,38.164543846585257,19.000000000000015,30.00000000000002,0.0,17.39030980594267,46.58741342958214,12.00000000000001,30.00000000000002,0.0,19.070241800343806,47.27498283838007,19.000000000000015,30.00000000000002,0.0,18.605527761609765,43.762350092093367,10.000000000000007,30.00000000000002,210.29254197806206,20.03232431767831,41.05268441023184,19.84285714285716,30.00000000000002,0.0,19.434722900318275,42.6295113836591,12.00000000000001,30.00000000000002,0.0,19.953498278407609,0.0,0.0,0.0,13.74357675153441,0.0,0.0,528.1388578470129,531.107374762737,572.0640916264505,557.205809199639,534.0025279096834,951.0969710292983,563.307712351319,633.826887913896,655.5954027307341,9319.336920635647,81.84284169695163,81.84284169695164,220.00000000000018,0.0,220.00000000000018,220.00000000000018,16.0,19.0,19.0,12.0,19.7,12.0,21.0,10.0,1.0,0.0,1586.3471520075378,0.0,1142.048408918671,0.0,0.0,0.0,210.29254197806206,0.0,0.0,0.0,0.0,81.84284169695163,81.84284169695163,0.3400000000000003,0.7717326877667272,0.3602813740196598,81.84284169695163,0.35426478194388785,0.0,0.006416666666666665 
 03/10  07:50:00,7.51,89.5,3.8049999999999999,58.666666666666667,217.66666666666669,0.0,0.0,1.0,2.0,0.0,0.0,0.0,0.0,0.0,4.0,1104.0,0.0,105.2112591116922,43.86415762733817,112.40014425170846,3.154807796563838,83.96906682664178,0.0,43.8641576273381,59.965629026890777,0.0,0.0,20.871629690233087,-1273.9398767266173,20.210765590365705,499.57895458679357,20.473333455510926,-416.59294682073996,20.08838951917472,178.8744757933265,17.38423842039309,-7.167104963975462,18.888066390964015,-41.328384184979537,17.53697337143167,-194.2531604487529,19.008532996053373,-181.9013945214723,18.457847114371064,-298.4201309593699,787.2046455619754,1458.5914093840577,0.0,0.0,0.0,0.0,0.0,0.0,0.0,0.0,0.0,0.0,0.0,0.0,0.0,0.0,0.0,0.0,0.0,0.0,0.0,0.0,0.0,0.0,1.282667702611622,0.39153470775690576,361.69479200952216,432.03447747728606,10327.653376175316,0.311373474026986,0.047523423996792778,295.2679198039314,353.548455526809,8009.752602715912,3.0142074674382854,0.569578130657273,195.24876860542217,233.73506913290053,5445.267612302419,0.30895121282087675,0.0583808036320629,202.399128818215,242.5524054485668,5442.9216576321,0.0,0.0,10.619699181355866,12.872161825809421,214.3652901136674,0.0,0.0,14.077004067272265,16.94691647946704,330.9198128199135,0.0,0.0,226.44412144954394,274.4566316768414,4544.596968872168,0.0,0.0,33.24938050567873,39.812224783666568,886.3921606821681,0.0,0.0,153.86579292071506,185.64457305627767,3494.718602281826,23.872043817083488,16.37314390746469,492.76084949695157,591.8268278904507,13150.858605906233,0.0,0.0,160.17849027458244,195.77856674547133,2435.270411987838,1326.4930731627968,21.634242890843038,36.279731820261677,21.666666666666687,30.00000000000002,0.0,20.91915243852751,37.87141324245985,16.000000000000015,30.00000000000002,75.6714422570338,21.092458877727176,38.49864549642676,21.000000000000015,30.00000000000002,0.0,20.776843341226316,38.959561140449498,19.000000000000015,30.00000000000002,0.0,17.36181951470668,47.07202630388572,12.00000000000001,30.00000000000002,0.0,19.052728909242885,47.954989792745539,19.000000000000015,30.00000000000002,0.0,17.312171155570373,47.87272140293654,10.000000000000007,30.00000000000002,991.6967327354028,20.659928752678533,40.10531225934571,20.700000000000015,30.00000000000002,0.0,18.66614599359055,43.83284797761133,12.00000000000001,30.00000000000002,0.0,20.08227125835053,0.0,0.0,0.0,14.81746958435608,0.0,0.0,541.3670483188255,544.1666407367607,592.926850272474,579.5862954157478,556.1329075894278,963.4750789019433,589.1106526290768,669.0308676190658,582.4374192086687,8719.252559267004,82.23939753847722,84.48645526794081,220.00000000000018,0.0,220.00000000000018,220.00000000000018,16.0,19.0,19.0,12.0,19.7,12.0,21.0,10.0,1.0,0.0,1326.4930731627968,0.0,75.6714422570338,0.0,0.0,0.0,991.6967327354028,0.0,3400.762650102602,2040457.5900615596,2643172.1764715549,82.23939753847722,84.52461776790682,0.3400254216700869,0.7685595189603998,0.3602813740196598,84.52461776790682,0.3542647819438878,2643172.1764715549,0.14377606428763199 
 03/10  08:00:00,7.61,89.0,3.92,65.5,231.5,0.0,0.0,1.0,2.0,0.0,0.0,0.0,0.0,0.0,4.0,1472.0,0.0,117.7004824445989,41.11711296504339,105.36110409688989,3.5293062840889379,93.9367484079619,0.0,41.117112965043329,56.21021070701854,0.0,0.0,21.067783702872935,-1228.1303364411584,20.238807710885476,373.7257951388224,20.905174420219525,-987.4677522615286,20.11696181360957,527.207952766804,17.356167099767175,-8.71451118011096,18.86887847250142,-50.500307974528329,17.445080576695923,-39.00710293458201,18.756135212250606,-172.52510407058936,18.09754614980515,-242.28206312277099,769.3783253683314,1198.935329798781,0.0,0.0,0.0,0.0,0.0,0.0,0.0,0.0,0.0,0.0,0.0,0.0,0.0,0.0,0.0,0.0,0.0,0.0,0.0,0.0,0.0,0.0,1.4135434549825359,0.4314845711179902,325.6432616440668,388.95468037896179,9333.32895860104,0.3203346520057029,0.04889112515349556,263.75991431253888,315.9555681782233,7098.103836300856,2.6536067944880377,0.5014374139244215,290.24355894699439,346.70352970962349,8357.682714503295,0.3176554157174531,0.06002558875991175,291.7566385805363,349.5432427864274,7843.205003733105,0.0,0.0,10.15295661029543,12.315309317134746,202.29128545580444,0.0,0.0,14.517984180448505,17.49322433027295,337.4550917480801,0.0,0.0,211.5982549662382,256.77003990701567,4183.169061285256,0.0,0.0,37.9725744732681,45.64338249405687,954.6471030788439,0.0,0.0,135.19527972309988,163.58010333064898,2905.5881634197437,22.720746580830367,15.58350245598791,550.7115604638115,661.4461188046613,14561.53114595126,0.0,0.0,144.80440066591897,177.2671243276259,2142.667383081823,1832.0411076615433,21.76659494738249,36.38259630544406,22.0,30.0,0.0,20.909069820422649,38.26286241203445,16.0,30.0,1337.6213585116698,21.779891817325976,37.049147491672247,21.5,30.0,0.0,20.86106255740844,39.036754086175587,19.0,30.0,0.0,17.33129581410376,47.48500849473082,12.0,30.0,0.0,19.01931844983172,48.3499593612443,19.0,30.0,0.0,17.257484927478705,48.26897840325741,10.0,30.0,374.9491258822097,19.99405161052428,41.809012185106087,19.95,30.0,0.0,18.1163422384004,45.61759435534101,12.0,30.0,0.0,20.146340636496818,0.0,0.0,0.0,14.716835361016719,0.0,0.0,563.6069974105376,563.0157612862561,601.4407713058838,593.771833164866,571.9547152348797,963.9212343950039,593.070744846234,662.4213699513957,592.0701090500837,9385.48893373405,81.79907156290854,81.79907156290854,220.0,0.0,220.0,220.0,16.0,19.0,19.0,12.0,19.7,12.0,21.0,10.0,1.0,0.0,1832.0411076615433,0.0,1337.6213585116698,0.0,0.0,0.0,374.9491258822097,0.0,0.0,0.0,0.0,81.79907156290854,81.79907156290854,0.34,0.7705183159961097,0.36028137401965956,81.79907156290854,0.3542647819438875,0.0,0.006245555555555556 
 03/10  08:10:00,7.721666666666667,88.16666666666667,4.173333333333334,72.33333333333334,245.33333333333335,0.0,4.0,0.0,0.0,0.0,0.0,0.0,0.0,0.0,0.0,1841.0,0.0,130.16354040798084,38.92224823530855,99.73699783027949,3.9030207833880148,103.88355386750763,0.0,38.92224823530851,53.2096642183415,0.0,0.0,20.92984263363889,-1049.1918493683393,20.251318157474196,252.41082714617145,20.720140021156188,52.471797657403147,20.17350643694481,-39.28427318960648,17.331853469898165,-5.802237420473268,18.72871171432005,-153.86623826316274,17.767461160082456,315.21811361924508,18.361297044901499,-94.00762014857935,17.905356903682195,-214.1757707695531,556.0839721279066,683.1211933920217,0.0,0.0,0.0,0.0,0.0,0.0,0.0,0.0,0.0,0.0,0.0,0.0,0.0,0.0,0.0,0.0,0.0,0.0,0.0,0.0,0.0,0.0,1.5098240244920918,0.46087424435045545,329.6034944996078,394.6064332445898,9218.522459473967,0.31571964091762447,0.0481867583818108,195.32859710885408,234.37384440071279,5220.7642609032359,3.3860816733595895,0.639849144625773,108.09698170065058,129.70538845252694,3005.290164693656,0.3103605352497626,0.05864711550449028,13.48194754265305,16.179623697457399,365.7437383212393,0.0,0.0,8.647638974618859,10.496921792130108,169.94215061625557,0.0,0.0,66.65907706373392,80.4963228158849,1504.4386725518485,0.0,0.0,184.58274131575966,223.67990021785605,3825.1714703993468,0.0,0.0,28.5584709219701,34.41977176454993,679.1261847393807,0.0,0.0,70.82443102300943,85.83151920273159,1471.0975207100624,20.008979153894317,13.723579666594189,280.69008634386548,337.8833934354877,7458.750424282803,0.0,0.0,72.87347528917296,89.49075845621008,961.6396970131061,1252.9992910768563,21.479625329172636,37.26801895033426,21.6,30.0,0.0,20.894544483788743,38.622849519347877,16.0,30.0,813.2361318072937,21.23530962811366,37.88201839221939,21.200000000000004,30.0,0.0,20.818942978171657,42.31688923422026,19.0,30.0,0.0,17.307789264287658,47.955837796575099,12.000000000000002,30.0,0.0,18.777302743246666,45.988080396119617,16.0,30.0,0.0,17.923371058865066,47.357219653746579,10.0,30.0,0.0,19.348849024338237,43.26039211903388,16.0,30.0,0.0,17.870933377281014,46.92833693618253,12.000000000000002,30.0,0.0,19.66847315997606,0.0,0.0,0.0,13.901489486485476,0.0,0.0,574.7704181445038,579.4233264381071,577.1632938630633,780.0724402030243,590.8521361119131,737.3478692042269,652.7634151875045,647.7728265108291,623.5520570534511,8249.148618216086,81.22178782523895,82.81032930090702,132.0,0.0,132.0,132.0,16.0,19.0,16.0,12.0,16.0,12.0,21.0,10.0,1.0,0.0,1252.9992910768563,0.0,813.2361318072937,0.0,0.0,0.0,0.0,0.0,2403.7164715704718,1442229.8829422829,1866464.6235645472,81.22178782523895,82.83730800875964,0.2841238823856824,0.5856964518352188,0.28822509921572767,82.83730800875964,0.28341182555511,1866464.6235645472,0.10075216042535644 
 03/10  08:20:00,7.833333333333334,87.33333333333334,4.426666666666668,79.16666666666667,259.1666666666667,0.0,4.0,0.0,0.0,0.0,0.0,0.0,0.0,0.0,0.0,1476.0,0.0,142.5939603552184,37.629482540841298,96.42447323506883,4.275757181224817,113.80431708394656,0.0,37.62948254084126,51.44235550329169,0.0,0.0,21.1328125481741,-1518.3848002744472,20.212610012354696,457.31381608618997,20.815063002439279,-20.53494863601921,20.11450210317878,-49.95937079555179,17.31432230301465,1.8401497524555027,18.617997017587308,-32.85298753155621,18.137666856702479,198.4780426274324,17.85636723923773,-17.434693785784846,17.516409193188865,-701.9399368535721,542.4373668169315,1090.6840202601496,0.0,0.0,0.0,0.0,0.0,0.0,0.0,0.0,0.0,0.0,0.0,0.0,0.0,0.0,0.0,0.0,0.0,0.0,0.0,0.0,0.0,0.0,1.7006009720334068,0.5191089658221633,389.243662592953,464.93179802958368,11002.733512154053,0.37480577864919209,0.05720478917112212,282.2881552661553,338.32664185714227,7423.557904790955,3.7467963492975886,0.7080114038733163,56.69359486729113,67.75896118598648,1662.4240586109852,0.3483057368873712,0.06581741059852062,18.903596110217998,22.644240109742936,500.43477801702286,0.0,0.0,8.157813706952853,9.898228785911027,158.28707412835554,0.0,0.0,35.43000243746306,42.82390651811013,781.1465610084965,0.0,0.0,203.75577285218606,246.02760785216979,4458.205579042556,0.0,0.0,16.08993000109079,19.45232501980209,351.61481129977707,0.0,0.0,133.7291640214122,162.1974071072636,2545.811467114999,17.13286747059887,11.75093790850403,337.1918145649248,405.1005215720937,8787.015495863761,0.0,0.0,132.3009507453276,161.8755719270948,1853.1965641029715,1847.2096558662987,21.800282603524445,36.70902412644767,22.0,30.0,0.0,20.816752855546395,38.95838718016872,16.0,30.0,0.0,21.514095590923824,37.257260646834868,21.0,30.0,0.0,20.683464268520468,46.08277021439159,19.0,30.0,0.0,17.295891955728896,48.372910891888057,12.0,30.0,0.0,18.634959253830503,45.39870395416902,16.0,30.0,0.0,18.550814754057208,45.15882593227807,10.0,30.0,0.0,18.490578700756438,45.543959605246588,16.0,30.0,0.0,17.2135187757428,49.14535655831269,12.0,30.0,0.0,20.06423381683439,0.0,0.0,0.0,14.394596565612084,0.0,0.0,583.581924614635,584.3265957500291,576.5878093638529,983.1077058774046,608.1984223627394,661.2305744691936,622.661673584077,642.5305549841633,631.4099212494388,9702.137899369278,81.58967773885363,83.34182369833823,132.0,0.0,132.0,132.0,16.0,19.0,16.0,12.0,16.0,12.0,21.0,10.0,1.0,0.0,1847.2096558662987,0.0,0.0,0.0,0.0,0.0,0.0,0.0,2651.645767362418,1590987.4604174509,2060578.8851980754,81.58967773885363,83.37158095345568,0.343388192245414,0.7695464056963495,0.36028137401965956,83.37158095345568,0.3542647819438875,2060578.8851980754,0.11091210203029992 
 03/10  08:30:00,7.945,86.5,4.68,86.0,273.0,0.0,4.0,0.0,0.0,0.0,0.0,0.0,0.0,0.0,0.0,738.0,0.0,156.36951040227573,37.88150121400904,97.07037507418177,4.6888270925709929,124.79861911058804,0.0,37.88150121400902,51.78688413624577,0.0,0.0,21.15200054657376,-1577.4904413510577,20.298903790256547,408.89100177562798,20.377242821644204,160.56533857019827,20.05506268077908,-77.18413272228662,17.30468729012439,6.016170305268616,18.57106819276779,-20.56777431454111,18.05195417732331,33.43114432151742,17.50991288763347,-5.413325056710335,17.024494935521376,-582.8339642501173,542.2126141733888,1270.4144166389247,0.0,0.0,0.0,0.0,0.0,0.0,0.0,0.0,0.0,0.0,0.0,0.0,0.0,0.0,0.0,0.0,0.0,0.0,0.0,0.0,0.0,0.0,1.847009923500138,0.5638003429487601,459.288208448742,548.1149807695224,12830.821570846334,0.392694488661012,0.05993505626694322,273.18298816242307,327.079738011255,7183.341856120947,4.386915824422522,0.8289712442219434,134.1100414210837,160.28443268779987,3653.482742763531,0.8096540176463398,0.15299584611608836,15.875103359387154,19.01248876944402,425.966660755933,0.0,0.0,7.85692394289452,9.523087937201869,150.70242152074168,0.0,0.0,28.625557996296196,34.53887660395216,621.3464810031449,0.0,0.0,252.87616188700305,305.34770290571137,5363.07284132735,0.0,0.0,10.90324334606614,13.190835323962216,222.81093792408263,0.0,0.0,190.4060961960286,231.3821730764613,3334.644933347787,13.531987402083694,9.281198492512825,410.2101382919868,491.96684702276937,10572.248990499604,0.0,0.0,188.55753621404018,230.0984196153882,2850.9258520227488,1846.0445319549008,21.753952604612189,36.98224336147398,22.0,30.0,0.0,20.93280295197703,38.80984837185723,16.0,30.0,64.30710755905317,20.989660472144949,38.65917020616439,21.0,30.0,0.0,20.54698252843802,48.19693181932858,19.0,30.0,0.0,17.29601070794982,48.58120834808821,12.0,30.0,0.0,18.576769145970304,45.2594062416525,16.0,30.0,0.0,18.335321082113646,45.74509697865034,10.0,30.0,0.0,17.913798443311334,47.118365156673949,16.0,30.0,0.0,16.464032370359385,51.54235092860348,12.0,30.0,0.0,20.251759674395716,0.0,0.0,0.0,15.232433739453157,0.0,0.0,593.9413724055668,590.3017016249751,587.269653685074,1090.4096134665893,615.2261694850706,637.0660647863069,618.316513399314,634.2486862259307,626.1081455897017,9966.324000954946,81.41499473478325,81.41499473478325,132.0,0.0,132.0,132.0,16.0,19.0,16.0,12.0,16.0,12.0,21.0,10.0,1.0,0.0,1846.0445319549008,0.0,64.30710755905317,0.0,0.0,0.0,0.0,0.0,0.0,0.0,0.0,81.41499473478325,81.41499473478325,0.34,0.7690480188155757,0.36028137401965956,81.41499473478325,0.3542647819438875,0.0,0.0038280000000000004 
 03/10  08:40:00,8.056666666666667,85.66666666666667,4.933333333333334,97.16666666666666,264.66666666666665,0.0,0.0,1.0,2.0,0.0,0.0,0.0,0.0,0.0,0.0,3321.0,0.0,178.38067393610033,40.53412367732688,103.8676763467796,5.348835673052719,142.36565260576723,0.0,40.53412367732686,55.41322015152074,0.0,0.0,21.030693891453934,-864.6284279351902,20.33122929673943,306.1806176891455,20.618033031690879,-712.7460414739824,20.059413650400488,367.0829607213064,17.295642733878723,5.311529353052651,19.261006130873768,-68.96404987317803,17.856870556258664,-76.95020150735941,18.347430245335006,-109.57455941096444,16.866712095181016,-357.2150196833141,505.33228720083056,1195.0940267942697,0.0,0.0,0.0,0.0,0.0,0.0,0.0,0.0,0.0,0.0,0.0,0.0,0.0,0.0,0.0,0.0,0.0,0.0,0.0,0.0,0.0,0.0,1.8130129116260987,0.5534227446966127,316.7655823937318,379.3007071798033,8725.912942057135,0.38248661851001505,0.05837707852716971,227.183979774258,272.6592858974949,5932.137639072454,4.244601470340667,0.8020788870636202,311.29537801670525,372.68400324161896,8590.684198664143,1.1714860091478426,0.22136923831214,266.09002199387717,319.36016620034857,6805.0293889956069,0.0,0.0,8.026446934151315,9.749019755454612,152.06897307471824,0.0,0.0,14.124204799559543,17.014330016269125,333.38817402931616,0.0,0.0,245.6871367866578,297.6703438656868,4991.93463265507,0.0,0.0,27.613073159718998,33.25074676786783,640.656663474818,0.0,0.0,206.95215480279303,252.1654303352812,3522.261462338627,12.587981732019824,8.633732326488238,512.9708118384481,616.8212982919969,13022.263956432653,0.0,0.0,206.37576769136255,252.2516094707986,3142.066515996327,1009.8941272571816,21.550904094068316,38.52358845829852,21.5555555555556,30.000000000000065,0.0,20.941593374646563,39.764620137022919,16.000000000000033,30.000000000000065,1164.8075238810348,21.47466246313481,39.04291324907823,21.333333333333376,30.000000000000065,0.0,20.621956583415125,41.98397776868716,16.000000000000033,30.000000000000065,0.0,17.29422941159444,48.710473181752679,12.000000000000029,30.000000000000065,990.4376339957671,19.66717505831188,43.39181328407528,19.66666666666671,30.000000000000065,0.0,17.98490070178847,47.15468823918446,10.000000000000022,30.000000000000065,1309.385715363695,19.230630216993754,44.099060369042,20.700000000000047,30.000000000000065,0.0,16.32501784127131,52.12797664190426,12.000000000000029,30.000000000000065,0.0,20.267702591045,0.0,0.0,0.0,15.414038977947781,0.0,0.0,661.049324804645,649.1110453336519,680.81821013952,732.3464386015166,617.6923001678416,712.7356875544474,631.9017407063734,679.9697863553091,625.9131960839386,10286.048088518477,81.20348044894419,82.93504900857067,60.00000000000013,0.0,60.00000000000013,60.00000000000013,16.0,16.0,19.0,12.0,19.7,12.0,21.0,10.0,1.0,0.0,1009.8941272571816,0.0,1164.8075238810348,0.0,990.4376339957671,0.0,1309.385715363695,0.0,2620.205112141708,1572123.067285025,2049585.8296654907,81.20348044894419,82.96445679112625,0.35178461484916886,0.7703406415059906,0.36028137401966039,82.96445679112625,0.3542647819438883,2049585.8296654907,0.1083484631426055 
 03/10  08:50:00,8.168333333333333,84.83333333333333,5.186666666666667,108.33333333333333,256.33333333333339,0.0,0.0,1.0,2.0,0.0,0.0,0.0,0.0,0.0,0.0,1476.0,0.0,212.83282156811505,44.38757942807524,113.74204152331997,6.38188004864707,169.86169139049555,0.0,44.38757942807522,60.68118631159352,0.0,0.0,21.148407828244303,-1022.3129661085532,20.353912774351579,485.66862120462386,20.88848851078823,-912.6974477914555,20.169750440601655,486.76818954383,17.28344560014245,4.191883321571311,19.312000317284118,-78.71805324388171,17.73308327796159,38.344196741875297,19.085590741429635,-264.9621924349214,16.79580962725749,-282.48435514609539,531.3064326702697,1188.7426065162127,0.0,0.0,0.0,0.0,0.0,0.0,0.0,0.0,0.0,0.0,0.0,0.0,0.0,0.0,0.0,0.0,0.0,0.0,0.0,0.0,0.0,0.0,1.7984591469971457,0.5489802036010824,386.1492050189435,461.4154662355682,10583.143726081873,0.3985578498767697,0.06082995266739464,288.7634281406889,346.0321280675355,7472.066634521732,4.166463260245498,0.7873135412406462,345.8734049363343,413.50103715042118,9605.626353462692,1.2979320607008827,0.24526305001906313,314.7579350326753,377.4560646596258,8094.30762267089,0.0,0.0,8.574916367672922,10.407455477462382,160.3785242170618,0.0,0.0,15.47348020304943,18.618636436072078,362.35952053805428,0.0,0.0,240.48264173148938,291.352109343125,4747.8598373723229,0.0,0.0,44.37353702509253,53.232951801510868,1113.7263070153263,0.0,0.0,206.27372633460318,251.23062009054378,3445.6200181169394,12.251856117484684,8.403193496217206,602.4308915092361,723.3831195388532,15211.028185174051,0.0,0.0,206.96414925444595,252.65019263446656,3184.542613193257,1245.6695013867459,21.741400687419917,38.21863824956183,21.75,30.0,0.0,20.944392561944548,40.128308634268638,16.0,30.0,1575.5508080399123,21.718627647742247,38.32020408484751,21.5,30.0,0.0,20.821556694207624,40.51667842616109,16.0,30.0,0.0,17.28469013438397,48.982785351894978,12.0,30.0,0.0,19.684229042305309,45.22977091072058,19.0,30.0,0.0,17.810131341110848,47.9910267331167,10.0,30.0,779.2609196329261,20.543801209750109,41.25115424611614,20.45,30.0,0.0,16.279674271783809,52.72113817186998,12.0,30.0,0.0,20.392404052621694,0.0,0.0,0.0,15.607494691724466,0.0,0.0,669.283502835646,671.1173689595214,671.1241418958381,674.0285988212065,624.7284272861168,826.2625794552819,645.7432901983011,702.6048135338614,643.8979278922309,7203.967830380147,81.61787036425841,83.61702375444452,60.0,0.0,60.0,60.0,16.0,16.0,19.0,12.0,19.7,12.0,21.0,10.0,1.0,0.0,1245.6695013867459,0.0,1575.5508080399123,0.0,0.0,0.0,779.2609196329261,0.0,3025.0061696045538,1815003.7017627322,2371782.937731701,81.61787036425841,83.65097601574365,0.2708335389868185,0.5753511346281005,0.27021103051474468,83.65097601574365,0.2656985864579156,2371782.937731701,0.12507604609538179 
 03/10  09:00:00,8.28,84.0,5.44,119.5,248.0,0.0,0.0,1.0,2.0,0.0,0.0,0.0,0.0,0.0,0.0,740.0,0.0,253.01853884400425,48.14408319615109,123.36796890033382,7.586841935637383,201.93362246345584,0.0,48.14408319615106,65.81661176096225,0.0,0.0,20.922865278668909,-430.3672036523176,20.380302465467755,140.5682360822591,20.76133749301077,-337.6241145644967,20.15742125148907,182.82025315126385,17.27165861769783,3.5880653674296356,19.20806131392223,-63.58774944478847,17.677091570881438,-34.560925397096529,18.90766199010321,-216.72643190437987,16.778211355371846,-234.0114313386548,414.53593552010718,1092.97272264996,0.0,0.0,0.0,0.0,0.0,0.0,0.0,0.0,0.0,0.0,0.0,0.0,0.0,0.0,0.0,0.0,0.0,0.0,0.0,0.0,0.0,0.0,1.8578165388487738,0.5670990655826538,209.64839410324869,251.1051606396421,5520.8618367190379,0.3739023471891836,0.057066902806651959,170.33627230719913,204.18996021896323,4379.240037298267,4.328678128737689,0.8179663886503572,193.65161542254428,231.91945211659349,5178.113688733464,1.1208491171444029,0.2118006646153444,205.13698369331406,246.0021371488137,5224.387890285649,0.0,0.0,7.55763607668567,9.166008442979094,139.52205232105158,0.0,0.0,13.295229001955648,15.993877549220894,302.83720082100288,0.0,0.0,230.87048866904946,279.5081188029484,4461.941057116805,0.0,0.0,43.39669441389104,52.12256376978519,1037.4891095428259,0.0,0.0,201.9641414385165,245.693406330907,3340.490027965312,11.328936978551312,7.770189971571547,358.22948589389417,430.4216096655637,8998.640567136626,0.0,0.0,202.65885330192834,247.05600434263756,3108.7201647151316,977.1219470725566,21.478825374356508,38.77768013156316,21.5,30.0,0.0,20.895964929651965,40.283235869040328,16.0,30.0,1223.516457218924,21.496933706076754,38.77424811145433,21.5,30.0,0.0,20.731021648574968,40.642237292166,16.0,30.0,0.0,17.275043240100847,49.273127872225007,12.0,30.0,0.0,19.462291180508136,47.313617360824029,19.0,30.0,0.0,17.709586592769769,48.48158594939183,10.0,30.0,688.6676046507054,20.08755164808452,42.71363770075601,20.2,30.0,0.0,16.310183864421057,52.95455991614594,12.0,30.0,0.0,20.11898036267675,0.0,0.0,0.0,15.694877070443756,0.0,0.0,666.0414835909076,672.6373034581413,664.5111518950189,667.8463229592253,633.6340676149966,907.2099334656291,654.1637357110495,710.177889230798,657.3066616268795,10427.80294491637,81.10978312594789,84.52401661182921,60.0,0.0,60.0,60.0,16.0,16.0,19.0,12.0,19.7,12.0,21.0,10.0,1.0,0.0,977.1219470725566,0.0,1223.516457218924,0.0,0.0,0.0,688.6676046507054,0.0,5167.134937436107,3100280.9624616645,4039213.72243527,81.10978312594789,84.5820016308968,0.3422378312478702,0.7646804902863033,0.36028137401965956,84.5820016308968,0.3542647819438875,4039213.72243527,0.2117557802333007 
 03/10  09:10:00,8.276666666666666,82.83333333333333,5.451666666666667,130.66666666666669,239.66666666666669,0.0,0.0,0.0,0.0,0.0,0.0,0.0,0.0,0.0,0.0,2590.0,0.0,297.71053475910136,51.80598464025076,132.75147940886695,8.926921668572606,237.60195858610588,0.0,51.805984640250738,70.82270866120364,0.0,0.0,20.58613009169366,-345.32773231630679,20.2974734003258,109.94799401854931,20.4790831882638,-516.6294346039649,20.065046221881578,182.0675491642908,17.262273402347725,3.7936566674643719,19.03813439692985,-225.29194206544973,17.708953019870074,78.91816176084285,18.648714117074989,-167.67449899092999,16.77139140681755,-223.88038340780143,427.52606661455686,1006.2888851617649,0.0,0.0,0.0,0.0,0.0,0.0,0.0,0.0,0.0,0.0,0.0,0.0,0.0,0.0,0.0,0.0,0.0,0.0,0.0,0.0,0.0,0.0,1.7759244134662243,0.5421014693120342,201.81132422113024,242.25256010006334,5254.801504106506,0.35712648710252856,0.054506484600508029,150.9126787382588,181.39488011505262,3815.0193768434994,4.13693686098359,0.7817341007149645,261.89725528487318,314.21715073827218,6893.355380174145,0.9510124307493127,0.1797075643895148,217.5909116263934,261.52420216224626,5450.168190697837,0.0,0.0,8.056661662202158,9.78895168390815,148.6766655456633,0.0,0.0,74.9526022457191,90.46019103414383,1660.1474948715853,0.0,0.0,287.7264724053772,348.8484972638973,5618.527161190625,0.0,0.0,39.22009764712595,47.259934551717169,908.9254807366554,0.0,0.0,196.69950265376043,239.6952149083648,3266.9881213172295,12.167215366274832,8.345140854783839,364.8182006848957,439.3146510206671,9040.321933914383,0.0,0.0,197.165965619879,240.778223778219,3033.667857057811,0.0,20.92582382438712,40.011367305667118,21.428571428571428,29.999999999999994,0.0,20.704474927242928,40.64180775583203,16.0,29.999999999999994,0.0,21.010661234167217,39.7535685710774,21.428571428571428,29.999999999999994,0.0,20.571955657912797,40.89087193610156,16.0,29.999999999999994,0.0,17.268959521055913,49.59451900348924,12.0,29.999999999999994,0.0,19.133757076598888,46.06735533962801,16.0,29.999999999999994,0.0,17.810786527822104,49.00592245044678,10.0,29.999999999999994,0.0,19.632238059208093,43.6985843642643,12.0,29.999999999999994,0.0,16.341789101894418,53.433027558752808,12.0,29.999999999999994,0.0,20.01041443064447,0.0,0.0,0.0,15.716256540975309,0.0,0.0,659.7056202810411,665.5935404353475,654.0547718180337,658.3160821035369,646.8670530657498,762.441254900127,698.887816979631,695.778477825978,682.7686173625965,0.0,81.21609286215933,81.21609286215933,59.999999999999989,0.0,59.999999999999989,59.999999999999989,16.0,16.0,16.0,12.0,12.0,12.0,21.0,10.0,0.0,0.0,0.0,0.0,0.0,0.0,0.0,0.0,0.0,0.0,0.0,0.0,0.0,81.21609286215933,81.21609286215933,0.0,0.0,0.0,81.21609286215933,0.0,0.0,0.0016899999999999999 
 03/10  09:20:00,8.273333333333334,81.66666666666667,5.463333333333334,141.83333333333335,231.33333333333335,0.0,0.0,0.0,0.0,0.0,0.0,0.0,0.0,0.0,0.0,1110.0,0.0,345.60588380959049,55.375523614648859,141.89831262395695,10.363051723067905,275.8268494835737,0.0,55.37552361464883,75.70253906292504,0.0,0.0,20.129817385742976,-52.18697582756823,20.157576967311088,-78.30487390124408,20.00873842474327,-61.214310704754279,19.888718752508127,-1.8438809140205664,17.253822046281916,3.2809096408805646,18.855675787712849,-157.78544209497395,17.66319344319745,-0.6529566776631945,18.077540217703807,-74.35654857093556,16.763205003798164,-213.84396525122333,332.91625308541179,885.0216447747421,0.0,0.0,0.0,0.0,0.0,0.0,0.0,0.0,0.0,0.0,0.0,0.0,0.0,0.0,0.0,0.0,0.0,0.0,0.0,0.0,0.0,0.0,1.7400374662610845,0.5311469677231637,161.49137604635386,194.09444504546426,3957.545704005258,0.3262078950012573,0.04978752976209665,132.18659224328375,158.75428626907255,3254.6919091638917,4.119116183523984,0.7783666257603898,113.79724401959735,137.02346057683733,2871.875729419,0.6045910925474813,0.11424623819869254,95.23395284086414,114.63521054028596,2341.4701703385878,0.0,0.0,7.165369720715971,8.698750834202283,132.22681231844988,0.0,0.0,66.51501258378711,80.31034105427065,1430.6052631460964,0.0,0.0,271.9360284970936,329.54125923625079,5272.3843104550819,0.0,0.0,29.92438580933253,36.16564003332976,632.7916007779851,0.0,0.0,187.53761780615137,228.3458751623583,3123.3473235019839,12.630785339988407,8.663090082296577,209.2109538157858,252.1419978320342,5134.289296064668,0.0,0.0,187.29808191705269,228.58065845419544,2874.6325408561226,0.0,20.219014662401049,41.74741161402491,21.999999999999994,29.99999999999999,0.0,20.38618999310882,41.26454494875662,15.999999999999993,29.99999999999999,0.0,20.222771707264124,41.55270993121717,21.999999999999994,29.99999999999999,0.0,20.230465541933275,41.694327937883858,15.999999999999993,29.99999999999999,0.0,17.262591421808687,49.99369175292756,11.999999999999995,29.99999999999999,0.0,18.807029191447705,46.06387372590137,15.999999999999993,29.99999999999999,0.0,17.73250561301306,49.14694242458718,9.999999999999997,29.99999999999999,0.0,18.595397484071769,46.56254810055631,11.999999999999995,29.99999999999999,0.0,16.35895541037184,53.65671980506143,11.999999999999995,29.99999999999999,0.0,19.50355459120991,0.0,0.0,0.0,15.688826143824727,0.0,0.0,658.852183426801,654.2832163248611,645.1683746077854,655.7856294560232,663.9051584035435,700.1933694832535,691.0467798988907,692.6324857022908,694.9265169331676,0.0,81.21609286215929,81.21609286215929,59.99999999999998,0.0,59.99999999999998,59.99999999999998,16.0,16.0,16.0,12.0,12.0,12.0,21.0,10.0,0.0,0.0,0.0,0.0,0.0,0.0,0.0,0.0,0.0,0.0,0.0,0.0,0.0,81.21609286215929,81.21609286215929,0.0,0.0,0.0,81.21609286215929,0.0,0.0,0.0016900000000000004 
 03/10  09:30:00,8.27,80.5,5.475,153.0,223.0,0.0,0.0,0.0,0.0,0.0,0.0,0.0,0.0,0.0,0.0,740.0,0.0,395.45823761589659,58.85490504979248,150.81411864162519,11.857861011680424,315.613598474385,0.0,58.85490504979245,80.45911727321392,0.0,0.0,19.903785979341515,-25.379566017900744,19.97421712119188,-175.92235107843249,19.80648653290477,-10.891493258782788,19.685294150957789,-61.60296903609989,17.24541489053494,2.500743142989265,18.76623579296379,-136.64007965034194,17.601508011368425,-2.1955373205473736,17.75081864499472,-37.06510791510067,16.75075735909379,-213.45791323989216,250.2339685574948,771.5845252916897,0.0,0.0,0.0,0.0,0.0,0.0,0.0,0.0,0.0,0.0,0.0,0.0,0.0,0.0,0.0,0.0,0.0,0.0,0.0,0.0,0.0,0.0,1.6991236350800794,0.5186580082662026,123.5917889181347,148.5911101026598,2965.834463597506,0.3128181693166966,0.04774392083588165,105.80814876030604,127.1798770872114,2531.012647932161,4.024013403093096,0.760395578815778,30.600832715641429,36.7196994774313,817.655595752703,0.36114267638048266,0.06824313612631945,10.707958110058318,12.870505541205038,260.5936999995967,0.0,0.0,6.674384674523861,8.096365210486607,123.1596836217058,0.0,0.0,62.50465010843283,75.45429353042133,1324.7487327527313,0.0,0.0,258.79853052902618,313.50641579538077,4969.35447759476,0.0,0.0,22.578255192504046,27.317296013459033,452.4331985738783,0.0,0.0,176.08867801609743,214.24986893283978,2936.3860206122446,13.285942483978803,9.112443404649387,88.37248830510421,106.7048377507698,2165.2608304966349,0.0,0.0,175.06519878010693,213.5359866614616,2672.7403595077278,0.0,19.92045330542325,42.39165554791151,22.0,30.0,0.0,20.010464694697008,41.94102004572365,16.0,30.0,0.0,19.934184347892704,42.026962758898537,22.0,30.0,0.0,19.866672966095597,42.68173985482653,16.0,30.0,0.0,17.255990821637814,50.22112925363672,12.0,30.0,0.0,18.643334807680039,46.41995892042243,16.0,30.0,0.0,17.633443634507807,49.413171480251609,10.0,30.0,0.0,18.047591849448595,48.19441766268078,12.0,30.0,0.0,16.363590958178049,53.63924700112517,12.0,30.0,0.0,18.7028373309019,0.0,0.0,0.0,15.645095681693473,0.0,0.0,652.2624565702124,639.055424187578,633.6816909112633,662.0150796945043,672.3994557434633,691.2163504667915,687.3700804783853,691.9640781899776,693.2015487897527,0.0,81.21609286215933,81.21609286215933,60.0,0.0,60.0,60.0,16.0,16.0,16.0,12.0,12.0,12.0,21.0,10.0,0.0,0.0,0.0,0.0,0.0,0.0,0.0,0.0,0.0,0.0,0.0,0.0,0.0,81.21609286215933,81.21609286215933,0.0,0.0,0.0,81.21609286215933,0.0,0.0,0.00169 
 03/10  09:40:00,8.266666666666666,79.33333333333333,5.486666666666666,153.33333333333332,253.83333333333332,0.0,0.0,0.0,0.0,0.0,0.0,0.0,0.0,0.0,0.0,740.0,0.0,450.8282907801046,60.11121725290631,154.03346863307324,13.518120562768381,359.80401604555666,0.0,60.11121725290627,82.17659130187114,0.0,0.0,19.66730140807757,-64.51441935536382,19.847306127205458,-207.6949452923339,19.585694945098156,-131.4703440992844,19.495827655372147,-110.14981290862427,17.23739466913118,1.6075453747455844,18.725618028642065,-136.02821557875388,17.54093387868381,-19.13309408554779,17.550904150008969,-19.94067019682928,16.736336678748047,-212.38798259305174,291.52117839470989,657.8311357253608,0.0,0.0,0.0,0.0,0.0,0.0,0.0,0.0,0.0,0.0,0.0,0.0,0.0,0.0,0.0,0.0,0.0,0.0,0.0,0.0,0.0,0.0,1.640239419696643,0.500683583545984,170.5439365052897,205.18697079550678,3961.8117176063408,0.30162767916533109,0.046035970568579238,107.35568804722579,129.07889309140129,2509.8649751984705,3.875995501982037,0.7324254538892743,176.93648133689229,213.01014235594148,4168.689411453054,0.31547871748962827,0.05961427012275666,109.83132016977547,132.1901601507445,2525.483216822533,0.0,0.0,6.142091934626732,7.451492373097828,113.31827508236296,0.0,0.0,60.57637965417905,73.15658931071619,1274.0271474373686,0.0,0.0,243.70372416633928,295.36437918359595,4635.00673592016,0.0,0.0,15.603169074208737,18.893392730893063,303.2776600923579,0.0,0.0,162.46211698029479,197.69596824174827,2710.2624436943985,13.631719550913833,9.349601886772183,234.05207157293735,282.26203524824839,5383.407561196068,0.0,0.0,160.54915342879148,195.88287166593705,2438.786250751331,0.0,19.584368453641724,42.79151903419404,22.000000000000008,30.00000000000001,0.0,19.753802471623965,42.07759683058573,16.000000000000008,30.00000000000001,0.0,19.59449239296407,42.511881476921988,22.000000000000008,30.00000000000001,0.0,19.543250038993564,43.08362756431589,16.000000000000008,30.00000000000001,0.0,17.24951794491045,50.334996894565218,12.000000000000004,30.00000000000001,0.0,18.556053624798918,46.57005868509073,16.000000000000008,30.00000000000001,0.0,17.53661163709292,49.51617890164868,10.000000000000004,30.00000000000001,0.0,17.750922331780786,49.05638909115294,12.000000000000004,30.00000000000001,0.0,16.362181746539059,53.53375659367833,12.000000000000004,30.00000000000001,0.0,18.93204090712502,0.0,0.0,0.0,15.603501288165653,0.0,0.0,630.6981651843336,617.1772851796102,618.0588885081302,640.8278398103842,675.3709545503766,683.613086718263,676.3049234629411,688.1592195908992,685.4888613985452,0.0,81.21609286215936,81.21609286215936,60.00000000000002,0.0,60.00000000000002,60.00000000000002,16.0,16.0,16.0,12.0,12.0,12.0,21.0,10.0,0.0,0.0,0.0,0.0,0.0,0.0,0.0,0.0,0.0,0.0,0.0,0.0,0.0,81.21609286215936,81.21609286215936,0.0,0.0,0.0,81.21609286215936,0.0,0.0,0.00169 
 03/10  09:50:00,8.263333333333334,78.16666666666667,5.498333333333333,153.66666666666669,284.66666666666665,0.0,0.0,0.0,0.0,0.0,0.0,0.0,0.0,0.0,0.0,370.0,0.0,514.7808701544684,61.3956235289054,157.32481381619878,15.435723479619476,410.84406169458017,0.0,61.395623528905378,83.93247205810775,0.0,0.0,19.497182496938,-42.63401456991687,19.790959917017763,-120.44832233219813,19.44027026181916,30.169311238965748,19.353797273632176,-93.02410808435298,17.23021390835021,1.500696728334617,18.711504050058605,-133.74854502286918,17.517171656144379,-0.686312627445659,17.38394604182108,-12.421421758878637,16.714303975155006,-212.68815022527816,287.06050967455578,610.5267137771762,0.0,0.0,0.0,0.0,0.0,0.0,0.0,0.0,0.0,0.0,0.0,0.0,0.0,0.0,0.0,0.0,0.0,0.0,0.0,0.0,0.0,0.0,1.5827241109795,0.48312701800351046,148.27090044005568,178.20645627759195,3389.4566072717145,0.2919275556610064,0.04455548773824885,91.49984018812165,109.87520473233478,2121.650527184527,3.7710458876394967,0.7125937051472975,182.73004956862543,219.56969930212893,4233.678616399873,0.3053946217316129,0.05770873426523296,80.08188770261538,96.26074927675491,1810.489970009413,0.0,0.0,6.209373252957888,7.515949528834677,114.59127268349984,0.0,0.0,61.057881617387028,73.58592670389979,1278.83051859887,0.0,0.0,241.79715211297458,292.398402161381,4594.271592115374,0.0,0.0,15.081887534738464,18.238273322901905,286.219247042042,0.0,0.0,158.9600595797664,193.00094422095578,2648.586552474861,14.711446563652487,10.09015539345164,186.02481029825305,224.1206641311261,4277.018212421147,0.0,0.0,157.06946641284095,191.15310229442435,2409.9088429823407,0.0,19.374516830609346,42.978963894260427,22.0,30.0,0.0,19.627674622270559,42.434355844279469,16.0,30.0,0.0,19.4162913888274,43.31088354431434,22.0,30.0,0.0,19.32520575865629,43.37825748381513,16.0,30.0,0.0,17.243854102299819,50.38268590131677,12.0,30.0,0.0,18.502726272513774,46.591138345045219,16.0,30.0,0.0,17.518943177670204,49.526454859490588,10.0,30.0,0.0,17.507381843618537,49.71428820790662,12.0,30.0,0.0,16.34422674134523,53.49718968881398,12.0,30.0,0.0,18.716344131909854,0.0,0.0,0.0,15.672263396540048,0.0,0.0,613.9110845404644,620.2249223596831,635.551481240728,627.4941116033567,675.3534164206137,675.8317142168902,673.3355839427644,681.9030434866704,680.1820804908983,0.0,81.21609286215933,81.21609286215933,60.0,0.0,60.0,60.0,16.0,16.0,16.0,12.0,12.0,12.0,21.0,10.0,0.0,0.0,0.0,0.0,0.0,0.0,0.0,0.0,0.0,0.0,0.0,0.0,0.0,81.21609286215933,81.21609286215933,0.0,0.0,0.0,81.21609286215933,0.0,0.0,0.00169 
 03/10  10:00:00,8.26,77.0,5.51,154.0,315.5,0.0,0.0,0.0,0.0,0.0,0.0,0.0,0.0,0.0,0.0,370.0,0.0,586.9961475472164,62.70754879766912,160.68667991431873,17.601079784769039,468.4784830271251,0.0,62.70754879766909,85.72597336379926,0.0,0.0,19.43563173986617,15.670817677593732,19.734375265027553,-233.90225578438459,19.283321894919049,-92.48706052763692,19.29938600361886,-19.148025947861244,17.22620229252844,1.5494347567588137,18.73281674887862,-131.30984675104583,17.474726164169085,-13.063668085200334,17.27645465647711,-8.054888586666209,16.707512795111037,-190.98783154259218,280.60104989337199,570.2193136681253,0.0,0.0,0.0,0.0,0.0,0.0,0.0,0.0,0.0,0.0,0.0,0.0,0.0,0.0,0.0,0.0,0.0,0.0,0.0,0.0,0.0,0.0,1.5185974169788077,0.46355232508510615,182.46462196380888,219.33175892663705,4161.040576843603,0.26923828824757486,0.04109253483632095,151.61972698690733,182.22814690726268,3464.279858275323,3.5425455170699706,0.6694152526587248,104.27274857102387,125.44219726602764,2400.036914134381,0.2971392939888135,0.05614877059501387,99.60321444188402,119.75782230423498,2241.746317646523,0.0,0.0,5.949594568031007,7.202603914065558,109.84615704306045,0.0,0.0,59.35909819883593,71.54994605215,1243.719314538924,0.0,0.0,238.43278442813176,288.444581361032,4503.340984508494,0.0,0.0,12.23188802499292,14.801060123039067,228.97117543572,0.0,0.0,158.25532978923045,192.17055765190347,2641.9498419717076,15.660814091548554,10.741299102571029,219.92897237303846,264.9739913998002,5026.909841840028,0.0,0.0,156.3073228315433,190.19206496731088,2429.5728629035395,0.0,19.368196598875558,43.202870754611797,22.0,30.0,0.0,19.466390692874826,42.09071157995707,16.0,30.0,0.0,19.186928273797258,42.849288101234979,22.0,30.0,0.0,19.277936535369876,43.72008290916027,16.0,30.0,0.0,17.243159131946805,50.396388017873139,12.0,30.0,0.0,18.5016903696118,46.578500752872617,16.0,30.0,0.0,17.457002078143863,49.55711675124864,10.0,30.0,0.0,17.372239072104795,50.101737712315109,12.0,30.0,0.0,16.355706263708194,53.35438815421523,12.0,30.0,0.0,18.726817713560405,0.0,0.0,0.0,15.767616617927035,0.0,0.0,624.8841938527892,584.4597165662208,587.5343757944698,637.6482337663439,674.8549839775421,674.2303446152171,665.7425400471637,679.2209090922352,675.1136011397223,0.0,81.21609286215933,81.21609286215933,60.0,0.0,60.0,60.0,16.0,16.0,16.0,12.0,12.0,12.0,21.0,10.0,0.0,0.0,0.0,0.0,0.0,0.0,0.0,0.0,0.0,0.0,0.0,0.0,0.0,81.21609286215933,81.21609286215933,0.0,0.0,0.0,81.21609286215933,0.0,0.0,0.00169 
 03/10  10:10:00,8.305,76.33333333333334,5.428333333333334,154.33333333333332,346.33333333333339,0.0,0.0,0.0,0.0,0.0,0.0,0.0,0.0,0.0,0.0,370.0,0.0,666.9718929583873,64.04524104267962,164.11457679461723,19.999130275223345,532.306454752444,0.0,64.04524104267959,87.5547000795371,0.0,0.0,19.26750498050651,-61.21306852672751,19.775519535906864,-134.1807592633536,19.242441919385475,37.66709705276662,19.19170230699938,-112.08139072810445,17.22468609947816,1.317186816875079,18.769260476647923,-144.10488226494136,17.47455620617891,5.088667882844675,17.18884388883084,-5.817316269123751,16.71646391444851,-164.4659023804079,261.22758154115948,505.5146739127167,0.0,0.0,0.0,0.0,0.0,0.0,0.0,0.0,0.0,0.0,0.0,0.0,0.0,0.0,0.0,0.0,0.0,0.0,0.0,0.0,0.0,0.0,1.4838465583424774,0.4529446148786561,170.15838254418956,204.75550367502948,3783.5994455863467,0.2736561546346116,0.04176681236791997,83.10977352342174,99.87697293248869,1899.8305356030347,3.5614823472133314,0.6729936408188459,226.11750131321558,271.98471295976858,5097.136778238718,0.28876679871249147,0.054566666423373277,100.74189528776704,121.22779829782376,2222.9271278051826,0.0,0.0,6.115460427642229,7.404052217011169,112.38449323350962,0.0,0.0,61.80866083050583,74.50904861485188,1290.53995965989,0.0,0.0,236.07060677839375,285.5891355150282,4449.24113984939,0.0,0.0,10.5536202137248,12.776249906242857,194.39285471623436,0.0,0.0,151.36884104071198,183.80208192417624,2524.3394778282356,16.003023932073199,10.976010927347876,229.1894645675557,276.29255774840757,5162.1479224078489,0.0,0.0,149.06039674290708,181.35629902181857,2322.140017861789,0.0,19.12186442345671,43.29621967856519,22.0,30.0,0.0,19.499897672363958,42.366708070315088,16.0,30.0,0.0,19.197558912677605,43.71337471388531,22.0,30.0,0.0,19.100873368398689,43.57705568696499,16.0,30.0,0.0,17.245665062786896,50.351075286745189,12.0,30.0,0.0,18.51044558197796,46.42251453809786,16.0,30.0,0.0,17.482392598194278,49.447952594417,10.0,30.0,0.0,17.266998008192809,50.3594598383968,12.0,30.0,0.0,16.392528997580017,53.20528187628709,12.0,30.0,0.0,18.628393711820548,0.0,0.0,0.0,15.8305926375832,0.0,0.0,600.6945640868576,605.1482024089254,628.3251320534013,612.2221116012809,672.5089121140665,667.7198442849693,663.993257610906,675.2792960672032,673.3874363427343,0.0,81.21609286215933,81.21609286215933,60.0,0.0,60.0,60.0,16.0,16.0,16.0,12.0,12.0,12.0,21.0,10.0,0.0,0.0,0.0,0.0,0.0,0.0,0.0,0.0,0.0,0.0,0.0,0.0,0.0,81.21609286215933,81.21609286215933,0.0,0.0,0.0,81.21609286215933,0.0,0.0,0.00169 
 03/10  10:20:00,8.35,75.66666666666667,5.346666666666667,154.66666666666669,377.16666666666665,0.0,0.0,0.0,0.0,0.0,0.0,0.0,0.0,0.0,0.0,370.0,0.0,793.137545175883,66.65535532190448,170.80298720915608,23.782161337227856,632.9980846055732,0.0,66.65535532190444,91.12292418440943,0.0,0.0,19.26998418706511,40.97094697477223,19.772172089826158,-285.1615148503379,19.108476379051078,-91.75449057976675,19.166513309629815,-18.743843698100137,17.230015002383558,1.347652540830353,18.846606196431467,-139.19680886285824,17.442790259320199,-6.939502922795327,17.115987496695085,-3.9407621223522826,16.728506562510753,-153.10028867213988,268.75883617921866,476.0510947224502,0.0,0.0,0.0,0.0,0.0,0.0,0.0,0.0,0.0,0.0,0.0,0.0,0.0,0.0,0.0,0.0,0.0,0.0,0.0,0.0,0.0,0.0,1.4472693863567845,0.44177942196483047,223.2173296082388,268.5157281024902,4979.711905295339,0.24680369288233759,0.03766845129461807,184.70345696580507,222.10929975351895,4154.677755228539,3.3685796028797099,0.6365418750717519,123.5720827764539,148.7933888462475,2755.570344941626,0.28563863155969229,0.053975553960637228,107.1812696243766,128.97528584240846,2355.368050067161,0.0,0.0,5.723367612281253,6.92975113565274,104.78189697971011,0.0,0.0,61.33496832515027,73.93241405673834,1281.4847418481707,0.0,0.0,229.1025252601393,277.2343523028743,4277.044020970238,0.0,0.0,7.676929374739881,9.29731211567482,139.42318274473136,0.0,0.0,148.97379284274065,180.89324877154125,2481.2753996187236,16.28091740621991,11.166610017983482,273.46993808130926,329.6715744049763,6076.389848916251,0.0,0.0,146.57833214541859,178.29592142812698,2297.708925785357,0.0,19.2295132810941,43.2068820996815,22.0,30.0,0.0,19.38220317386632,42.006463634714567,16.0,30.0,0.0,18.99665087347162,43.04114486766765,22.0,30.0,0.0,19.102961220253893,43.99292911935401,16.0,30.0,0.0,17.256383261192196,50.28179449594955,12.0,30.0,0.0,18.563083772265313,46.19689979028562,16.0,30.0,0.0,17.43817496562927,49.43946522494439,10.0,30.0,0.0,17.182718560427995,50.59155777102626,12.0,30.0,0.0,16.42763979232768,52.93138219045982,12.0,30.0,0.0,18.632131013171965,0.0,0.0,0.0,15.924537258492715,0.0,0.0,611.0260251886658,576.9631908261995,579.0492046428348,629.7392319821568,670.3618639756287,663.873332480401,657.8764794609505,673.1835434969279,666.6512569155794,0.0,81.21609286215933,81.21609286215933,60.0,0.0,60.0,60.0,16.0,16.0,16.0,12.0,12.0,12.0,21.0,10.0,0.0,0.0,0.0,0.0,0.0,0.0,0.0,0.0,0.0,0.0,0.0,0.0,0.0,81.21609286215933,81.21609286215933,0.0,0.0,0.0,81.21609286215933,0.0,0.0,0.00167 
 03/10  10:30:00,8.395,75.0,5.265,155.0,408.0,0.0,0.0,0.0,0.0,0.0,0.0,0.0,0.0,0.0,0.0,370.0,0.0,890.174142377865,67.98004704281367,174.19757753980375,26.691773447088289,710.4421433771138,0.0,67.98004704281363,92.93387819806923,0.0,0.0,19.14814473454237,-31.94385819015588,19.85463975076055,-191.68935081213477,19.09313977474354,43.18903376709386,19.086646723538114,-104.73752401979891,17.236742759981305,1.069510706708428,18.92552209516741,-160.79236041171135,17.466862711379969,20.945234925726255,17.05215459820058,-3.6587775406630387,16.748106819191429,-131.96965096866553,246.3253254948504,420.946871240184,0.0,0.0,0.0,0.0,0.0,0.0,0.0,0.0,0.0,0.0,0.0,0.0,0.0,0.0,0.0,0.0,0.0,0.0,0.0,0.0,0.0,0.0,1.4112929923316245,0.4307976167068451,185.70175691254648,223.57100540184755,4065.006612733406,0.254496339451469,0.03884254265132311,112.99902524131338,135.85115871220277,2550.2124045841217,3.4326183916903685,0.6486429311584221,250.60701209364428,301.6717547719972,5516.319329694435,0.2797159177818996,0.052856371462943977,107.31413939364284,129.22676776367735,2320.4914842113555,0.0,0.0,6.064990900956143,7.343797070046241,110.64614629399904,0.0,0.0,63.28441517717324,76.27806131229709,1322.5365022006038,0.0,0.0,228.45859798922849,276.41887524962979,4275.562729575531,0.0,0.0,6.39356561530922,7.745778056826593,114.61348303410002,0.0,0.0,141.89672363030307,172.28845318567336,2364.056406984908,16.695074846639608,11.450668619094384,253.5350607371208,305.82945263916897,5583.304482873619,0.0,0.0,139.35367234546843,169.48493912007479,2192.1532900841345,0.0,19.051117854329644,43.12234422185458,22.0,30.0,0.0,19.455384078488345,42.15648125934412,16.0,30.0,0.0,19.045537194839729,43.83694554659188,22.0,30.0,0.0,18.97072992710403,43.5875314492398,16.0,30.0,0.0,17.26965675007,50.173140664423659,12.0,30.0,0.0,18.611398063319233,45.956284232268547,16.0,30.0,0.0,17.507069570927656,49.14061592184952,10.0,30.0,0.0,17.110239934824553,50.7660284765982,12.0,30.0,0.0,16.47552219808393,52.71573900652476,12.0,30.0,0.0,18.520807213126909,0.0,0.0,0.0,15.997632619479063,0.0,0.0,588.6850585625473,593.9227542008412,617.4786024817254,599.9899549417646,667.0771275203408,659.242617585944,653.9913337729159,670.3543526873069,663.9965673021059,0.0,81.21609286215933,81.21609286215933,60.0,0.0,60.0,60.0,16.0,16.0,16.0,12.0,12.0,12.0,21.0,10.0,0.0,0.0,0.0,0.0,0.0,0.0,0.0,0.0,0.0,0.0,0.0,0.0,0.0,81.21609286215933,81.21609286215933,0.0,0.0,0.0,81.21609286215933,0.0,0.0,0.00165 
 03/10  10:40:00,8.44,74.33333333333333,5.183333333333334,154.0,434.3333333333333,0.0,0.0,0.0,0.0,0.0,0.0,0.0,0.0,0.0,0.0,370.0,0.0,984.0637571017874,68.75967433946981,176.19544755483416,29.5070215208374,785.3745930624964,0.0,68.75967433946978,93.99968781984988,0.0,0.0,19.171292869710564,59.47587442497388,19.86958671030753,-347.78856134680339,19.010998890728084,-41.94083014317357,19.073585396794799,-22.26349874940297,17.246167953605104,1.4153365263800027,19.026338124392475,-155.3879810023359,17.453039324693138,10.036839982805759,16.984016886183988,-14.740912176890504,16.767901180350699,-121.09191352606831,243.7790852013659,408.8352144060673,0.0,0.0,0.0,0.0,0.0,0.0,0.0,0.0,0.0,0.0,0.0,0.0,0.0,0.0,0.0,0.0,0.0,0.0,0.0,0.0,0.0,0.0,1.3962973323349195,0.42622018691542115,210.2124309199906,252.98344684706692,4630.81605096367,0.2281856995413258,0.034826877219372078,202.42462384624586,243.49650826794753,4507.713634816505,3.2402034011969977,0.6122833335595236,93.00626261063988,112.0339350490976,2060.617671170665,0.2781595614701893,0.05256227541008866,105.30686277235066,126.7995843754127,2271.6396034681,0.0,0.0,5.732729622029545,6.941787282171902,104.25666216137893,0.0,0.0,63.86934694082625,76.96972269374347,1339.6062252371174,0.0,0.0,226.13192455243243,273.65208509006677,4203.908576788562,0.0,0.0,8.392979819788695,10.17212681965219,148.25433377733496,0.0,0.0,141.09443749646764,171.3082648000738,2350.2129319743578,17.00224848571349,11.661350127375512,226.7153546123551,273.51804495983586,4997.601074330999,0.0,0.0,143.29347392815459,174.2057334767036,2283.7080434433435,0.0,19.177774593700489,42.95315237998828,22.0,30.0,0.0,19.361421734821965,41.75671221281634,16.0,30.0,0.0,18.936589585709024,43.12414791958796,22.0,30.0,0.0,18.989642544224617,44.012148193519099,16.0,30.0,0.0,17.286515295802947,50.051215019932929,12.0,30.0,0.0,18.695666162361808,45.593129620953899,16.0,30.0,0.0,17.490110864612626,49.04642596360082,10.0,30.0,0.0,17.024112833737516,50.971377793360208,12.0,30.0,0.0,16.51942401224813,52.42373103594037,12.0,30.0,0.0,18.487485951277458,0.0,0.0,0.0,16.146160751815228,0.0,0.0,597.0683055006451,569.4398258407656,580.0290486551905,618.8086790537595,663.7761026064205,653.5276283901254,648.3234563497434,666.9312507637546,658.2085118294375,0.0,81.21609286215933,81.21609286215933,60.0,0.0,60.0,60.0,16.0,16.0,16.0,12.0,12.0,12.0,21.0,10.0,0.0,0.0,0.0,0.0,0.0,0.0,0.0,0.0,0.0,0.0,0.0,0.0,0.0,81.21609286215933,81.21609286215933,0.0,0.0,0.0,81.21609286215933,0.0,0.0,0.00163 
 03/10  10:50:00,8.485,73.66666666666667,5.101666666666667,153.0,460.6666666666667,0.0,0.0,0.0,0.0,0.0,0.0,0.0,0.0,0.0,0.0,370.0,0.0,1082.0076688683492,69.54683490288106,178.21262189840864,32.44383566763479,863.5427334556125,0.0,69.54683490288102,95.07579598841753,0.0,0.0,19.064814343155449,-13.109730421304448,19.97378429581203,-256.0260104380277,18.99548506513834,41.610788886389858,19.01790857345516,-89.504592681762,17.258233752452079,1.2843850804933368,19.132104893576746,-177.2947920270767,17.484419902598466,35.485536057803987,16.921917928075464,-16.027714606353187,16.79934847447901,-93.1780129388535,234.66123641656487,364.01524437510036,0.0,0.0,0.0,0.0,0.0,0.0,0.0,0.0,0.0,0.0,0.0,0.0,0.0,0.0,0.0,0.0,0.0,0.0,0.0,0.0,0.0,0.0,1.3495638439808693,0.4119547753299357,186.771201724108,224.94481496831166,4039.4013445270259,0.23942442371565113,0.03654218921179046,128.82014609194088,154.91271201422127,2883.292408042146,3.2854750498161318,0.6208380668586797,221.58560844454108,266.87847972181188,4808.132631481063,0.2746003901780796,0.05188971847658343,75.7424930220996,91.25289469189012,1615.30127976717,0.0,0.0,6.110842357439634,7.3999427803762309,110.81615965862382,0.0,0.0,65.9662189549314,79.48477837731407,1387.679243921339,0.0,0.0,227.98890617669944,275.8572374850147,4252.066164298053,0.0,0.0,10.897201632279082,13.212109819996695,189.84965352138324,0.0,0.0,135.11052146939654,164.0239108360934,2255.751379326128,17.44712017841427,11.966474745140108,224.42642040441863,270.8637885845874,4907.986863084346,0.0,0.0,139.8872922275527,170.02094247307705,2247.055299930003,0.0,19.014169218326303,42.859675096119449,22.0,30.0,0.0,19.456707540953585,41.750307999096559,16.0,30.0,0.0,18.96781130203703,43.65159197436787,22.0,30.0,0.0,18.900533849784229,43.46264402527546,16.0,30.0,0.0,17.306064205253106,49.895871590999778,12.0,30.0,0.0,18.772926777482384,45.25354300982927,16.0,30.0,0.0,17.565890917802716,48.71640374316135,10.0,30.0,0.0,16.948167785289479,51.10674937300668,12.0,30.0,0.0,16.584312582362118,52.10771793794006,12.0,30.0,0.0,18.424738974332418,0.0,0.0,0.0,16.254653993562454,0.0,0.0,578.1999670999202,581.4681650586394,603.3048443631564,590.8824012102915,659.6648658040291,648.4743938418176,644.3338137939082,662.0014418551376,653.9853918391823,0.0,81.21609286215933,81.21609286215933,60.0,0.0,60.0,60.0,16.0,16.0,16.0,12.0,12.0,12.0,21.0,10.0,0.0,0.0,0.0,0.0,0.0,0.0,0.0,0.0,0.0,0.0,0.0,0.0,0.0,81.21609286215933,81.21609286215933,0.0,0.0,0.0,81.21609286215933,0.0,0.0,0.00164 
 03/10  11:00:00,8.53,73.0,5.02,152.0,487.0,0.0,0.0,0.0,0.0,0.0,0.0,0.0,0.0,0.0,0.0,370.0,0.0,1183.5533669752936,70.33816507902624,180.2404807301032,35.48864749479676,944.585419722164,0.0,70.33816507902621,96.15760433371062,0.0,0.0,19.10221307479744,75.26498475624612,20.016318383169616,-406.64790264281876,18.894040774911596,-73.15224717658657,19.01284289115473,-22.161133740190509,17.27365544404533,1.6377039225982629,19.257877291181545,-177.22350028742086,17.482800772477775,27.783664062270874,16.867277641496729,-15.65411545514496,16.831965503461967,-79.65888570295465,256.54570337721818,346.4513177613853,0.0,0.0,0.0,0.0,0.0,0.0,0.0,0.0,0.0,0.0,0.0,0.0,0.0,0.0,0.0,0.0,0.0,0.0,0.0,0.0,0.0,0.0,1.3165741796826736,0.40188467023280635,211.69807596816927,254.85959684459193,4613.48135882341,0.21305884533119383,0.03251813878681224,205.69181328352799,247.4526350732047,4555.916866959572,3.162714110531188,0.5976406104556291,82.39957982133773,99.32582043043215,1795.4472562136232,0.2728552896183308,0.051559956466048887,94.77626590464074,114.1748475332765,2015.8277129725705,0.0,0.0,5.822374010997669,7.050802345406764,105.32987889284712,0.0,0.0,66.87582506885276,80.5607881350173,1414.7760685837869,0.0,0.0,226.9986594084546,274.691600654225,4213.4969383813199,0.0,0.0,13.098786325754082,15.886779646341214,225.32476201441089,0.0,0.0,134.3577646609775,163.09454152009858,2247.409052608608,17.745019164385597,12.17079503730151,259.22488289362249,312.8167209197369,5629.981135417813,0.0,0.0,141.9235657661916,172.42331301787878,2310.3800132682515,0.0,19.154353987369239,42.616057939432007,22.0,30.0,0.0,19.393176113715577,41.51505175688031,16.0,30.0,0.0,18.81173021745969,43.06930804707639,22.0,30.0,0.0,18.925303311298284,43.80023104321754,16.0,30.0,0.0,17.329662938278774,49.73071216764054,12.0,30.0,0.0,18.879174867217278,44.8314460289394,16.0,30.0,0.0,17.566952529961797,48.547752564177219,10.0,30.0,0.0,16.8834958366801,51.17091991320248,12.0,30.0,0.0,16.645647443188726,51.759190814248039,12.0,30.0,0.0,18.488390535380064,0.0,0.0,0.0,16.4079762054872,0.0,0.0,584.7449375486116,568.5901134595586,571.1983313837939,605.0693569780182,655.7442471876734,643.1638758551353,638.3514377964493,655.996252333721,648.5785593394546,0.0,81.21609286215933,81.21609286215933,60.0,0.0,60.0,60.0,16.0,16.0,16.0,12.0,12.0,12.0,21.0,10.0,0.0,0.0,0.0,0.0,0.0,0.0,0.0,0.0,0.0,0.0,0.0,0.0,0.0,81.21609286215933,81.21609286215933,0.0,0.0,0.0,81.21609286215933,0.0,0.0,0.00165 
 03/10  11:10:00,8.621666666666667,72.33333333333334,4.96,151.0,513.3333333333334,0.0,0.0,0.0,0.0,0.0,0.0,0.0,0.0,0.0,0.0,370.0,0.0,1288.2905907413727,71.12976516846909,182.26903061616225,38.62915545323568,1028.1752262896858,0.0,71.12976516846905,97.23978167094504,0.0,0.0,19.021940534462446,13.83587664163133,20.141324972165543,-327.8757871292173,18.9098721079554,66.54796024139432,18.959506155106756,-92.7715089557455,17.292135204146349,1.5847015674777652,19.388816998519297,-199.93805540757149,17.523084439029846,53.01354480496593,16.821855437707425,-12.46886193815385,16.87210712501384,-55.86976556022182,230.92074950599818,304.2822822867038,0.0,0.0,0.0,0.0,0.0,0.0,0.0,0.0,0.0,0.0,0.0,0.0,0.0,0.0,0.0,0.0,0.0,0.0,0.0,0.0,0.0,0.0,1.293626826784882,0.39487998375606905,212.24501164198294,255.65768188216257,4533.784217475931,0.22038410248136168,0.0336361572773751,157.9062480505119,189.89960151521067,3503.647099533344,3.2380025710162569,0.6118674548405627,272.6942728160971,328.5780566734744,5788.52573981623,0.27048778036512058,0.05111258132371891,99.65735807394828,120.1191619589596,2082.9026107254765,0.0,0.0,6.174622982828797,7.477210667849207,110.87550047570577,0.0,0.0,69.18655245918322,83.32221253234941,1464.4615307442505,0.0,0.0,227.9673279226601,275.8009314020806,4228.027706225131,0.0,0.0,14.976438353565575,18.16859721532867,253.31601956340146,0.0,0.0,128.32866665238286,155.74725623027929,2141.3121429566647,17.921957566671077,12.292151966166723,275.42375503360565,332.50875741837356,5857.747315777375,0.0,0.0,137.99739509789334,167.5973888361576,2253.658761026609,0.0,19.032075619385318,42.57510196839138,22.0,30.0,0.0,19.50358456009426,41.30516956156499,16.0,30.0,0.0,18.902957577325585,43.46031206213921,22.0,30.0,0.0,18.835024353844984,43.22446430987373,16.0,30.0,0.0,17.35646449320761,49.52911413709863,12.0,30.0,0.0,18.97964509665534,44.411716282591488,16.0,30.0,0.0,17.65353150167012,48.17317818313913,10.0,30.0,0.0,16.83333554553864,51.18701706753308,12.0,30.0,0.0,16.719120323600796,51.40361693911497,12.0,30.0,0.0,18.401385997595438,0.0,0.0,0.0,16.527929379017313,0.0,0.0,573.553260569976,572.4253639240914,591.5691254955495,578.3812209259317,651.0908498470384,637.7407866214926,634.2901247719409,650.1909407630175,644.2590276511651,0.0,81.21609286215933,81.21609286215933,60.0,0.0,60.0,60.0,16.0,16.0,16.0,12.0,12.0,12.0,21.0,10.0,0.0,0.0,0.0,0.0,0.0,0.0,0.0,0.0,0.0,0.0,0.0,0.0,0.0,81.21609286215933,81.21609286215933,0.0,0.0,0.0,81.21609286215933,0.0,0.0,0.00166 
 03/10  11:20:00,8.713333333333333,71.66666666666667,4.9,150.0,539.6666666666666,0.0,0.0,0.0,0.0,0.0,0.0,0.0,0.0,0.0,0.0,370.0,0.0,1395.8342150958022,71.91727666514754,184.28710245161285,41.85381167117164,1114.0047880295954,0.0,71.9172766651475,98.31636959189486,0.0,0.0,19.074909548467937,96.31640879282713,20.200389192368684,-483.687403023092,18.874345543947415,16.961977087818924,18.962510715645516,-19.571734768946955,17.314273269412923,1.9994790933500895,19.5380356948328,-203.43627408896374,17.53384897821166,47.7978451002964,16.784437138433686,-8.784408625523725,16.91170985311892,-42.519820734943099,224.6244300980552,286.83493501658179,0.0,0.0,0.0,0.0,0.0,0.0,0.0,0.0,0.0,0.0,0.0,0.0,0.0,0.0,0.0,0.0,0.0,0.0,0.0,0.0,0.0,0.0,1.2959315305922839,0.39558349529678996,230.72392910031292,277.7804104531795,4953.736776489771,0.19600064947152202,0.02991462904022009,226.43595961488075,272.4018830353555,4955.097521726928,3.0884915918303807,0.5836151911999965,117.57373447406329,141.71020992355464,2500.4469637583417,0.27080246233284446,0.05117204503644073,105.06912594438714,126.61975868199966,2183.746766065735,0.0,0.0,5.919222358448793,7.167663602666831,105.54814122199439,0.0,0.0,70.22627093430772,84.54419471425399,1490.8704171313517,0.0,0.0,227.2761467881848,274.96820549861288,4181.1079211121009,0.0,0.0,16.357906181606596,19.848728292636559,272.3649359961488,0.0,0.0,127.9942893092848,155.31739400897838,2129.0363653230117,18.004079197264418,12.348476815682047,207.21968128588947,250.18840417035643,4448.960894370515,0.0,0.0,139.84975274969339,169.7646417552738,2302.720125889475,0.0,19.18706200075623,42.19534156418744,22.0,30.0,0.0,19.44885790766936,41.055256920563007,16.0,30.0,0.0,18.867923016966207,42.96438207617479,22.0,30.0,0.0,18.871659387400898,43.582770492696528,16.0,30.0,0.0,17.387617755621286,49.319657938902029,12.0,30.0,0.0,19.106101497812053,43.93390313541306,16.0,30.0,0.0,17.672145797745526,47.97278137223106,10.0,30.0,0.0,16.795111065796843,51.14028499303448,12.0,30.0,0.0,16.786877340892496,51.0187345059648,12.0,30.0,0.0,18.386740597994988,0.0,0.0,0.0,16.68910033046449,0.0,0.0,575.3327681719069,562.0062262584407,573.3810432598478,593.3878826739426,646.7441979606734,632.630432228184,629.4939625692477,643.9386793828102,638.6215851540837,0.0,81.21609286215933,81.21609286215933,60.0,0.0,60.0,60.0,16.0,16.0,16.0,12.0,12.0,12.0,21.0,10.0,0.0,0.0,0.0,0.0,0.0,0.0,0.0,0.0,0.0,0.0,0.0,0.0,0.0,81.21609286215933,81.21609286215933,0.0,0.0,0.0,81.21609286215933,0.0,0.0,0.0016566666666666666 
 03/10  11:30:00,8.805,71.0,4.84,149.0,566.0,0.0,0.0,0.0,0.0,0.0,0.0,0.0,0.0,0.0,0.0,370.0,0.0,1533.135396935451,75.29574961658108,192.9443653305845,45.97073229947361,1223.5835232534826,0.0,75.29574961658104,102.9349982546002,0.0,0.0,18.999991949501223,29.313505199795146,20.354896378289678,-404.7015082168082,18.875735371543578,67.5990903002421,18.964245132937003,-27.390258026248149,17.342510103835644,2.045811905889906,19.701581992607858,-228.68744303021414,17.58159738756116,71.79834861614472,16.756909323425039,-3.069580564381681,16.95797963158743,-20.737853095087304,206.0047696263082,249.2290935638357,0.0,0.0,0.0,0.0,0.0,0.0,0.0,0.0,0.0,0.0,0.0,0.0,0.0,0.0,0.0,0.0,0.0,0.0,0.0,0.0,0.0,0.0,1.2458894824485474,0.3803081448255639,210.17807565709689,253.18184799516286,4423.698565001058,0.20869829876741465,0.03185260970198636,166.0921710090719,199.72458335743534,3648.025824869332,3.1338021044209336,0.5921772684090957,190.643104012007,229.75358942994436,3995.4474124350815,0.27042973147256668,0.05110161214523178,21.978891360683045,26.487851248288327,457.5321967556351,0.0,0.0,6.307188287481927,7.637018830956488,111.76021126260562,0.0,0.0,72.43638903265883,87.17410099450317,1542.1512741502614,0.0,0.0,228.93556848568219,276.90747121125568,4211.560371910827,0.0,0.0,18.267647478323548,22.16958513074701,299.84991939937268,0.0,0.0,123.3248395092017,149.62266892041377,2046.9239389687865,18.242294543550295,12.511861826852057,184.10104545509979,222.34777433015578,3932.7668320062186,0.0,0.0,136.8447727126838,166.0522798892037,2264.426346090625,0.0,19.064454287108214,42.169099833148219,22.0,30.0,0.0,19.580300151860265,40.803505201533727,16.0,30.0,0.0,18.90959552227468,42.94240617783271,22.0,30.0,0.0,18.88155522032498,43.46501438730736,16.0,30.0,0.0,17.425452508626415,49.074928291705088,12.0,30.0,0.0,19.231324769263446,43.469650485277778,16.0,30.0,0.0,17.766168145110666,47.54774280815905,10.0,30.0,0.0,16.770866945042575,51.062461194881837,12.0,30.0,0.0,16.862777381988143,50.649729711879327,12.0,30.0,0.0,18.320533483432159,0.0,0.0,0.0,16.823929065461177,0.0,0.0,566.5742287842682,565.572549194273,576.6127217393415,592.0641816205937,642.045656797007,628.2123361099841,624.4701668105877,638.3616407608008,634.3385605820898,0.0,81.21609286215933,81.21609286215933,60.0,0.0,60.0,60.0,16.0,16.0,16.0,12.0,12.0,12.0,21.0,10.0,0.0,0.0,0.0,0.0,0.0,0.0,0.0,0.0,0.0,0.0,0.0,0.0,0.0,81.21609286215933,81.21609286215933,0.0,0.0,0.0,81.21609286215933,0.0,0.0,0.0016533333333333335 
 03/10  11:40:00,8.896666666666667,70.33333333333334,4.779999999999999,149.5,570.0,0.0,0.0,0.0,0.0,0.0,0.0,0.0,0.0,0.0,0.0,370.0,0.0,1604.8646891949803,75.68032155067772,193.9298472273541,48.12150291893985,1280.829936316557,0.0,75.68032155067769,103.46073724473689,0.0,0.0,19.069779245322687,115.20669973370605,20.406418968179119,-577.5397543481886,18.839323484063664,26.063870006925755,18.96466311010164,-22.14836711809494,17.369254485475545,2.546675284854217,19.857362762388975,-235.00487364379615,17.60021899909135,67.11512686225069,16.736072708372299,2.7380732045960487,17.003675189177259,-6.437410588849161,235.32352282325884,231.9446761836307,0.0,0.0,0.0,0.0,0.0,0.0,0.0,0.0,0.0,0.0,0.0,0.0,0.0,0.0,0.0,0.0,0.0,0.0,0.0,0.0,0.0,0.0,1.2666104295607004,0.38663322025662408,240.67446292713104,289.7516412390546,5102.726968018373,0.18456356753254725,0.02816904266369769,237.72342622731899,285.9540165578335,5143.182321193036,3.011988807411931,0.5691588827309018,124.14320973895153,149.65340196624005,2587.364469013375,0.2622691979977248,0.04955956122405985,11.330915511655715,13.655420396281567,236.4950748715764,0.0,0.0,6.034256438660939,7.306150240154381,106.23497516741762,0.0,0.0,73.96719124542892,88.98148710632627,1581.0648339892919,0.0,0.0,228.45370416347408,276.3192380607705,4172.4692376728839,0.0,0.0,19.889949240721024,24.141454620035103,322.19229276422336,0.0,0.0,124.0425470344909,150.4672213707075,2053.5217722581858,18.35109763767264,12.586486719940087,218.1916953021312,263.42436320342497,4608.785448731677,0.0,0.0,138.69969055816606,168.21904570416423,2315.3711726654248,0.0,19.24410232486917,41.731960140331008,22.0,30.0,0.0,19.512875581199699,40.759191750564138,16.0,30.0,0.0,18.86674349198268,42.65288347245182,22.0,30.0,0.0,18.89253153642716,43.49200959769946,16.0,30.0,0.0,17.462140006481137,48.83529647726391,12.0,30.0,0.0,19.369453173562957,42.95062530866851,16.0,30.0,0.0,17.793687596072745,47.33054457819016,10.0,30.0,0.0,16.756948079221023,50.947041805630757,12.0,30.0,0.0,16.935254695228186,50.27127238615601,12.0,30.0,0.0,18.439015270057927,0.0,0.0,0.0,16.9909866200405,0.0,0.0,568.1215301891551,559.8578314523488,566.432211707355,595.0664615558316,637.4599816216115,622.5993400719889,620.5196937113869,633.0209247542647,629.6248412465626,0.0,81.21609286215933,81.21609286215933,60.0,0.0,60.0,60.0,16.0,16.0,16.0,12.0,12.0,12.0,21.0,10.0,0.0,0.0,0.0,0.0,0.0,0.0,0.0,0.0,0.0,0.0,0.0,0.0,0.0,81.21609286215933,81.21609286215933,0.0,0.0,0.0,81.21609286215933,0.0,0.0,0.00165 
 03/10  11:50:00,8.988333333333334,69.66666666666666,4.720000000000001,150.0,574.0,0.0,0.0,0.0,0.0,0.0,0.0,0.0,0.0,0.0,0.0,370.0,0.0,1674.2595277897468,76.04847655739438,194.87325723975597,50.20227552567147,1336.2132407393679,0.0,76.04847655739434,103.96403305049982,0.0,0.0,18.99132280653834,42.16983179633098,20.566231971895598,-443.2595190745524,18.850525394476525,86.99143832153823,18.944220859727815,-50.87430780956629,17.396769797271305,2.8041204791460929,20.00554377035344,-259.8075749306058,17.657003804974086,91.87253257892917,16.723163388454887,10.434802523414988,17.053235060032983,13.28044156679789,219.40814611920906,197.61163230646435,0.0,0.0,0.0,0.0,0.0,0.0,0.0,0.0,0.0,0.0,0.0,0.0,0.0,0.0,0.0,0.0,0.0,0.0,0.0,0.0,0.0,0.0,1.2069380418105474,0.36841820568087527,220.80904687841503,265.988864873166,4579.026704888725,0.19837480399390279,0.03027698473655415,173.64829178157454,208.76078115752459,3786.557282324827,3.0742125206469357,0.5809169540149163,229.1148118603701,276.14306210035036,4707.24648988171,0.2661411925850893,0.05029123064722018,45.63067798391017,55.00786214047785,924.7127010057576,0.0,0.0,6.464893304388616,7.827167130460395,113.072599639107,0.0,0.0,76.05528185314022,91.4619948210496,1629.7478954787333,0.0,0.0,230.42224667752613,278.62127536419146,4213.331013955332,0.0,0.0,21.5141032005437,26.114996409127344,344.37947862677137,0.0,0.0,120.2736288536074,145.86732509503239,1987.2940996389819,18.573135986701688,12.73877639691474,227.61820198237019,274.8752107339878,4729.455082020797,0.0,0.0,135.83628246630475,164.68004854078647,2279.617798175994,0.0,19.101715661220319,41.9106791271834,22.0,30.0,0.0,19.69041171806007,40.344733013416078,16.0,30.0,0.0,18.923157558903968,42.71062223525054,22.0,30.0,0.0,18.859356682646195,42.966671479600098,16.0,30.0,0.0,17.49837937750963,48.586702456033098,12.0,30.0,0.0,19.491179504468684,42.5171742705512,16.0,30.0,0.0,17.89859177551234,46.874494073215029,10.0,30.0,0.0,16.75500419923433,50.79164824595307,12.0,30.0,0.0,17.013219371542858,49.87584194367029,12.0,30.0,0.0,18.3950650966718,0.0,0.0,0.0,17.129383891593414,0.0,0.0,563.4250610065838,561.7118706657709,573.156600860346,576.9238914323809,632.7492189267406,619.0058232533016,615.6498725842661,627.6598491344366,624.739812266338,0.0,81.21609286215933,81.21609286215933,60.0,0.0,60.0,60.0,16.0,16.0,16.0,12.0,12.0,12.0,21.0,10.0,0.0,0.0,0.0,0.0,0.0,0.0,0.0,0.0,0.0,0.0,0.0,0.0,0.0,81.21609286215933,81.21609286215933,0.0,0.0,0.0,81.21609286215933,0.0,0.0,0.00165 
 03/10  12:00:00,9.08,69.0,4.66,150.5,578.0,0.0,0.0,0.0,0.0,0.0,0.0,0.0,0.0,0.0,0.0,370.0,0.0,1741.195617140092,76.39999508528112,195.7740326536042,52.209323163715158,1389.6342373976623,0.0,76.39999508528108,104.44458552841171,0.0,0.0,19.08672303885239,144.34346975705194,20.61896942351257,-639.3093261375634,18.81677997100278,39.61815193613165,18.951064899936527,-12.90372605942639,17.425730033020487,3.3865636275936596,20.160745173962654,-263.38183468737909,17.678755282035305,84.8277503072386,16.71589648983275,17.14734783057213,17.103296629320164,27.19607967312095,235.5993662038054,184.46771082763827,0.0,0.0,0.0,0.0,0.0,0.0,0.0,0.0,0.0,0.0,0.0,0.0,0.0,0.0,0.0,0.0,0.0,0.0,0.0,0.0,0.0,0.0,1.2236307200403534,0.3735136508059687,256.8284261248208,309.1577403340859,5387.32555382362,0.16575709993801303,0.025298702676741917,255.82983843974126,307.66359618782078,5494.15772930291,2.9688891867905045,0.56101458556132,141.97735373464929,171.16775835719259,2898.7739233693657,0.2622590011422954,0.04955763438063025,88.78368112574393,107.02441087216713,1782.1689346230037,0.0,0.0,6.123187784890383,7.413059453838824,106.4029872663896,0.0,0.0,77.30232146534537,92.92612511669597,1662.6965715444908,0.0,0.0,230.0198378566209,278.12802955124325,4175.435362456458,0.0,0.0,22.59935735570797,27.433956219659167,357.7450843632502,0.0,0.0,121.99642666043528,147.9293320416189,2011.2919566870497,18.641483560226307,12.78565401935961,236.01737502111818,284.9483039207668,4883.894669928639,0.0,0.0,138.4402234759083,167.75487345879328,2342.7413778580037,0.0,19.3243740778222,41.32879076037641,22.0,30.0,0.0,19.622384316495319,40.262542327796229,16.0,30.0,0.0,18.878475507011396,42.45993861811136,22.0,30.0,0.0,18.885977081702558,42.88815377169603,16.0,30.0,0.0,17.5355483806889,48.34042423352625,12.0,30.0,0.0,19.626856254757958,42.01230802240683,16.0,30.0,0.0,17.92584923970751,46.68674680667077,10.0,30.0,0.0,16.760228945339919,50.620387796639899,12.0,30.0,0.0,17.088794360521996,49.495522901830899,12.0,30.0,0.0,18.47295275407812,0.0,0.0,0.0,17.29371618543287,0.0,0.0,563.7696891719769,555.3430288230992,563.1696062345237,576.0261732183066,628.2540437912836,613.5954246585908,612.4217396535983,623.0496930477392,620.6028678733413,0.0,81.21609286215933,81.21609286215933,60.0,0.0,60.0,60.0,16.0,16.0,16.0,12.0,12.0,12.0,21.0,10.0,0.0,0.0,0.0,0.0,0.0,0.0,0.0,0.0,0.0,0.0,0.0,0.0,0.0,81.21609286215933,81.21609286215933,0.0,0.0,0.0,81.21609286215933,0.0,0.0,0.00165 
 03/10  12:10:00,9.165000000000001,68.5,4.651666666666667,151.0,582.0,0.0,0.0,0.0,0.0,0.0,0.0,0.0,0.0,0.0,0.0,370.0,0.0,1805.5336690048937,76.73448730718235,196.6311744411494,54.13846933127968,1440.9817617036734,0.0,76.7344873071823,104.90186175519621,0.0,0.0,19.001630956423957,54.86780362723766,20.781054773534018,-502.05783473530848,18.84445007179165,118.0806113419294,18.951100803954597,-21.83638499744643,17.456071941106069,3.7551268954792365,20.308117449516219,-288.38622247439118,17.743230445416708,111.22664216811063,16.715182845614458,25.516151741726845,17.155814395539254,44.073985147804709,211.52227711628258,153.0727770594558,0.0,0.0,0.0,0.0,0.0,0.0,0.0,0.0,0.0,0.0,0.0,0.0,0.0,0.0,0.0,0.0,0.0,0.0,0.0,0.0,0.0,0.0,1.1578338150078054,0.35342912546025809,241.8897608369013,291.3626199340611,4952.115981975753,0.18412835723226943,0.028102618625193748,184.92217649299836,222.2503404984291,4007.1576778565306,3.0705422159398139,0.580223396814024,211.86459824336286,255.35583253014367,4296.836688981001,0.2697058146183897,0.05096481757717113,33.68035537645879,40.601431430377719,673.8398475410924,0.0,0.0,6.625018920252486,8.019976306553929,114.47047641904047,0.0,0.0,79.11254686781511,95.06811782528198,1706.3452345222989,0.0,0.0,232.0945275584566,280.5422561383794,4225.5324496509879,0.0,0.0,23.92621116444718,29.04479378522129,375.27613292198768,0.0,0.0,118.14942882297869,143.2335424797573,1945.772889502531,18.777694838529248,12.879077392681243,217.97651905427439,263.2500254338423,4467.444799600427,0.0,0.0,135.30048957779085,163.88438790146618,2301.2836606724806,0.0,19.157164058053156,41.549779397253079,22.0,30.0,0.0,19.80508962835807,39.922058991138197,16.0,30.0,0.0,18.9622976036622,42.255219825032899,22.0,30.0,0.0,18.889495077509264,42.7778179348948,16.0,30.0,0.0,17.57340121997166,48.087812076776277,12.0,30.0,0.0,19.74518015790299,41.614121575755209,16.0,30.0,0.0,18.040347050221187,46.194597210398807,10.0,30.0,0.0,16.77484173469391,50.41327580627106,12.0,30.0,0.0,17.167158637189787,49.103029019073897,12.0,30.0,0.0,18.40457980988581,0.0,0.0,0.0,17.424325964573059,0.0,0.0,559.1045616175196,560.1151234901928,563.912144440136,574.2057975966612,623.763057052921,610.6318664678868,607.5545846476309,618.1671190443576,615.9853696596142,0.0,81.21609286215933,81.21609286215933,60.0,0.0,60.0,60.0,16.0,16.0,16.0,12.0,12.0,12.0,21.0,10.0,0.0,0.0,0.0,0.0,0.0,0.0,0.0,0.0,0.0,0.0,0.0,0.0,0.0,81.21609286215933,81.21609286215933,0.0,0.0,0.0,81.21609286215933,0.0,0.0,0.00165 
 03/10  12:20:00,9.25,68.0,4.6433333333333339,151.5,586.0,0.0,0.0,0.0,0.0,0.0,0.0,0.0,0.0,0.0,0.0,370.0,0.0,1867.1243093572326,77.05138934303592,197.44323758256327,55.98523511087049,1490.1365997297258,0.0,77.05138934303588,105.33509086405792,0.0,0.0,19.11856606503011,168.98872990634119,20.81990906323741,-718.2530569238916,18.80842699072241,52.24167662462696,18.959689391856139,-7.765836501293052,17.48812506586603,4.3398589759266319,20.464135604766964,-290.37659587473129,17.7658545100399,100.41373857628787,16.71810232747901,31.948341650233034,17.20849627440858,56.55748272150959,240.70195049181712,144.15932095737026,0.0,0.0,0.0,0.0,0.0,0.0,0.0,0.0,0.0,0.0,0.0,0.0,0.0,0.0,0.0,0.0,0.0,0.0,0.0,0.0,0.0,0.0,1.200747946636231,0.36652867723938678,269.8745985455221,324.78706331205538,5614.546972063444,0.15228448954272706,0.023242443458902179,270.4605665027699,325.1875844423356,5760.8093016078569,2.9441772521876996,0.556344907820805,151.28719999193019,182.39287485752824,3039.0796108236188,0.26103091838894446,0.049325570368281248,86.49616838423984,104.27041726845455,1710.628789310681,0.0,0.0,6.188481837677849,7.490896498879119,106.33499679006182,0.0,0.0,80.1372769967887,96.2599120727004,1736.2619247332494,0.0,0.0,231.3435673957221,279.62381956257686,4182.845191947552,0.0,0.0,24.616264377692234,29.88211415171624,382.69358797577879,0.0,0.0,120.52956322229481,146.0878796302229,1982.2560200956555,18.76456476909269,12.870071858088269,250.53938482583693,302.4445433488234,5104.451069832995,0.0,0.0,138.3754532553378,167.52766180885789,2372.876973870084,0.0,19.41624274139329,40.94268845701771,22.0,30.0,0.0,19.709579443159073,39.9141899835136,16.0,30.0,0.0,18.9047069520466,42.17403588553463,22.0,30.0,0.0,18.911060070105817,42.497904901252677,16.0,30.0,0.0,17.612628379685437,47.83544893454849,12.0,30.0,0.0,19.882913773410907,41.11202087201526,16.0,30.0,0.0,18.06460395235481,46.02565969490802,10.0,30.0,0.0,16.792837851053368,50.22174385672241,12.0,30.0,0.0,17.243113952190116,48.7450997721298,12.0,30.0,0.0,18.534921078234317,0.0,0.0,0.0,17.581674150790176,0.0,0.0,561.6921416040261,553.2128087363693,558.8043793775695,567.5479286263771,619.4952488704442,605.5630085288173,604.8038799826477,614.2874793381229,612.4200044726813,0.0,81.21609286215933,81.21609286215933,60.0,0.0,60.0,60.0,16.0,16.0,16.0,12.0,12.0,12.0,21.0,10.0,0.0,0.0,0.0,0.0,0.0,0.0,0.0,0.0,0.0,0.0,0.0,0.0,0.0,81.21609286215933,81.21609286215933,0.0,0.0,0.0,81.21609286215933,0.0,0.0,0.0016266666666666665 
 03/10  12:30:00,9.335,67.5,4.635,152.0,590.0,0.0,0.0,0.0,0.0,0.0,0.0,0.0,0.0,0.0,0.0,370.0,0.0,1925.8138234310725,77.34995971235762,198.20832197596284,57.74501143153905,1536.976073266801,0.0,77.34995971235758,105.74325919495978,0.0,0.0,19.012681746646466,57.76779508310938,21.001047812648506,-532.2114094975495,18.84959394624979,149.03038560081405,18.958658558057928,-19.18618878864345,17.521872331522446,4.823252042984706,20.611097231010065,-317.1202444540768,17.838009507339284,128.25898608679564,16.72650327599891,40.431870568331877,17.262417700324347,70.50301533383299,213.6159246239513,115.45134594511547,0.0,0.0,0.0,0.0,0.0,0.0,0.0,0.0,0.0,0.0,0.0,0.0,0.0,0.0,0.0,0.0,0.0,0.0,0.0,0.0,0.0,0.0,1.1209059840745608,0.3421568937956535,257.6133843872574,310.28616412323955,5202.4586736723599,0.17576816789300446,0.02682664345131326,186.493621521449,224.05945387409589,4024.52122345683,3.0699231036269114,0.5801064065810492,221.92059573559508,267.4552461553613,4441.2126298254929,0.2712338474107213,0.051253561491065999,44.57546496129001,53.738035371110118,876.3333558457675,0.0,0.0,6.793603456790403,8.22265361898717,116.09951878303534,0.0,0.0,81.85204705631529,98.2847088536983,1778.0588172546052,0.0,0.0,233.72731557421023,282.3989528768191,4243.39181758543,0.0,0.0,25.778471428760488,31.29189323002876,397.5896076224329,0.0,0.0,116.4630332360741,141.12952411561265,1912.9039124154488,18.907200182647445,12.9679013598405,234.48592563611218,283.15911268290139,4721.420741009453,0.0,0.0,134.87606897581603,163.23064168433619,2321.890061962219,0.0,19.19671797209096,41.29148245628458,22.0,30.0,0.0,19.935983684890599,39.41590545970675,16.0,30.0,0.0,19.010032467924416,41.96445277045887,22.0,30.0,0.0,18.909140150387026,42.417174918877289,16.0,30.0,0.0,17.653147924697185,47.57632187932603,12.0,30.0,0.0,19.99984789388464,40.735076991966867,16.0,30.0,0.0,18.189716891747563,45.52406874763412,10.0,30.0,0.0,16.818479327493326,49.9802222129117,12.0,30.0,0.0,17.3197169927088,48.35680317303622,12.0,30.0,0.0,18.460071135821875,0.0,0.0,0.0,17.702620510234959,0.0,0.0,556.0775739776599,555.6352298495203,561.3856751161804,566.4547518885415,615.2451786991276,603.0393707077117,600.6062411115947,609.696871562155,607.9394075951522,0.0,81.21609286215933,81.21609286215933,60.0,0.0,60.0,60.0,16.0,16.0,16.0,12.0,12.0,12.0,21.0,10.0,0.0,0.0,0.0,0.0,0.0,0.0,0.0,0.0,0.0,0.0,0.0,0.0,0.0,81.21609286215933,81.21609286215933,0.0,0.0,0.0,81.21609286215933,0.0,0.0,0.0016033333333333336 
 03/10  12:40:00,9.42,67.0,4.626666666666667,155.0,578.0,0.0,0.0,0.0,0.0,0.0,0.0,0.0,0.0,0.0,0.0,740.0,0.0,1947.313391691697,77.88929670531059,199.59030815678507,58.38965961347391,1554.1345852138448,0.0,77.88929670531054,106.48057375402793,0.0,0.0,19.111552194371769,182.1107062031042,21.05403862051387,-706.3124042578584,18.832480835630834,100.22619978648345,18.966216981206409,-5.437098915368551,17.55031649934882,6.153323951160758,20.737208883304065,-313.15562004551387,17.871769879485549,131.26787749288816,16.73670273841793,50.92733367684832,17.313704833230795,98.83983317676302,230.44146361402364,112.38639044803085,0.0,0.0,0.0,0.0,0.0,0.0,0.0,0.0,0.0,0.0,0.0,0.0,0.0,0.0,0.0,0.0,0.0,0.0,0.0,0.0,0.0,0.0,1.150343090516742,0.351142579522815,266.6621492800758,321.73192707268148,5453.306409360626,0.14909428939208758,0.02275553867400604,254.24126871241567,306.30933310462549,5413.366024239982,2.961158469909007,0.5595537547069176,183.2336168474543,221.28115333330553,3633.894089125335,0.2683792819117923,0.05071415002112475,60.50357761176322,73.23084867316833,1178.3337806346936,0.0,0.0,6.512713497423526,7.9000772232835019,110.53269401560432,0.0,0.0,83.14708651355679,100.04307368319755,1807.8756910640764,0.0,0.0,234.04682555378748,283.41601676841767,4226.630102387011,0.0,0.0,26.56102137392228,32.31526366350622,406.25356977292508,0.0,0.0,118.68710800835193,144.1396244467578,1944.3710062728908,18.94227279159506,12.991956647184545,247.34526088949617,299.3352515106699,4960.129976428354,0.0,0.0,137.8455120698868,167.1414816632309,2389.3236487367037,0.0,19.416587180643839,40.64916803936907,22.0,30.0,0.0,19.89060424642944,39.332771086002839,16.0,30.0,0.0,18.984092623786098,41.82752500979697,22.0,30.0,0.0,18.925695988892679,42.308831998512619,16.0,30.0,0.0,17.683874365627547,47.37244600395158,12.0,30.0,0.0,20.101937996703208,40.32839498721198,16.0,30.0,0.0,18.231572585893127,45.25525076145168,10.0,30.0,0.0,16.844011842159629,49.76517413707653,12.0,30.0,0.0,17.38874881836864,47.99465182358614,12.0,30.0,0.0,18.543792381459935,0.0,0.0,0.0,17.85257999185633,0.0,0.0,554.6003674170556,550.9884039854856,556.3641177639438,565.2528893638478,611.8741000562649,598.1322808332474,596.3670541878723,606.0570787068089,603.7517674950879,0.0,81.21609286215933,81.21609286215933,60.0,0.0,60.0,60.0,16.0,16.0,16.0,12.0,12.0,12.0,21.0,10.0,0.0,0.0,0.0,0.0,0.0,0.0,0.0,0.0,0.0,0.0,0.0,0.0,0.0,81.21609286215933,81.21609286215933,0.0,0.0,0.0,81.21609286215933,0.0,0.0,0.00158 
 03/10  12:50:00,9.505,66.5,4.618333333333334,158.0,566.0,0.0,0.0,0.0,0.0,0.0,0.0,0.0,0.0,0.0,0.0,370.0,0.0,1935.1585552586406,75.63958953653716,193.8255212816531,58.02519756295949,1544.4338832310633,0.0,75.63958953653712,103.4050534933191,0.0,0.0,19.16440349616041,166.7930815679956,21.117856152316983,-726.460290536379,18.845135553503675,123.4507721854261,18.972727155294448,-2.0973308467882818,17.584248857540567,6.401459579265406,20.87102311502082,-327.64115588759707,17.927295319163027,130.5465706666273,16.754601188860876,54.402026132411837,17.37823370656418,94.36204270643248,220.14169178457997,96.5966052009735,0.0,0.0,0.0,0.0,0.0,0.0,0.0,0.0,0.0,0.0,0.0,0.0,0.0,0.0,0.0,0.0,0.0,0.0,0.0,0.0,0.0,0.0,1.1277479851298758,0.3442454167063113,248.98715855921919,299.5953005742569,5099.216326877697,0.14723349581436763,0.02247153477020263,249.7643187848244,300.1339597230184,5293.962800015534,2.9816478653832658,0.5634255225591963,200.91618945857176,242.16304902766044,3959.5020089588708,0.2684773773868727,0.05073268658104169,97.04502932650158,116.99294425330558,1874.1559042780658,0.0,0.0,6.628101627427953,8.021191473201796,111.93902439783249,0.0,0.0,83.56304491191286,100.2687306021636,1826.028661956012,0.0,0.0,234.96167874167339,283.8011387068663,4242.478382340421,0.0,0.0,27.24300976553966,33.066096096331047,414.1940594645905,0.0,0.0,118.3343092460483,143.33343195499544,1940.760539889175,19.01301301628795,13.040475319813412,229.31206346245529,276.8644073215476,4574.699942204455,0.0,0.0,137.98530946976099,166.85553312427124,2403.165455541634,0.0,19.514601382404785,40.33320518030792,22.0,30.0,0.0,19.91997524945244,39.052604555747269,16.0,30.0,0.0,19.02296549448491,41.53760081814467,22.0,30.0,0.0,18.941755317875275,42.03883975858654,16.0,30.0,0.0,17.7268279956446,47.05255615990774,12.0,30.0,0.0,20.241907408648545,39.817662299117568,16.0,30.0,0.0,18.31462321322553,44.85741867698964,10.0,30.0,0.0,16.882958948645564,49.434719551711477,12.0,30.0,0.0,17.4820099099072,47.53579367775265,12.0,30.0,0.0,18.52872694262157,0.0,0.0,0.0,17.978515413907308,0.0,0.0,553.545333518589,546.019828634311,552.0833459648245,559.5600015559851,606.229467809014,592.9304743243937,591.8956142934669,600.4851882031758,598.8617199306461,0.0,81.21609286215933,81.21609286215933,60.0,0.0,60.0,60.0,16.0,16.0,16.0,12.0,12.0,12.0,21.0,10.0,0.0,0.0,0.0,0.0,0.0,0.0,0.0,0.0,0.0,0.0,0.0,0.0,0.0,81.21609286215933,81.21609286215933,0.0,0.0,0.0,81.21609286215933,0.0,0.0,0.00159 
 03/10  13:00:00,9.59,66.0,4.61,161.0,554.0,0.0,0.0,0.0,0.0,0.0,0.0,0.0,0.0,0.0,0.0,370.0,0.0,1948.5656218443883,76.01366884509179,194.78403571417938,58.42719513834562,1555.1338462345989,0.0,76.01366884509175,103.91644826884404,0.0,0.0,19.114822109385409,110.72937760008245,21.221802658433036,-662.8113226237374,18.873284575002523,160.23120593878412,18.980496223895466,-1.1425384263102388,17.615091739064999,7.039627432244828,20.986650554148178,-342.1068495168274,17.9833959346768,143.20009144420693,16.770239379497164,61.13668059035399,17.430615664722546,103.74510356079645,217.22442621147094,80.63710896013709,0.0,0.0,0.0,0.0,0.0,0.0,0.0,0.0,0.0,0.0,0.0,0.0,0.0,0.0,0.0,0.0,0.0,0.0,0.0,0.0,0.0,0.0,1.0833966535762989,0.3307071592113245,258.41765444454679,311.0817847598994,5189.5751153229489,0.15499488732129194,0.023656118333530517,217.10224876784083,260.7874781148596,4611.377050952109,3.008196587138973,0.5684422878191561,224.43224297836412,270.4505725055719,4407.165937345494,0.27280097038126618,0.05154969205995202,103.135709190677,124.33825602661344,1976.3339074801884,0.0,0.0,6.880470501858933,8.32607953677809,115.47071266464698,0.0,0.0,84.629576771503,101.51878305404752,1851.268926577938,0.0,0.0,236.34147354446913,285.39812688702247,4266.293647718619,0.0,0.0,27.955134971200886,33.928649491722769,421.88839686997695,0.0,0.0,116.9035894404267,141.5745101933966,1912.9808210320364,19.10860862330744,13.106041579771912,237.53219710338954,286.7962619150915,4689.285343424835,0.0,0.0,136.97928506951056,165.58486165457286,2391.4838265771657,0.0,19.404584357098778,40.40032727808589,22.0,30.0,0.0,20.02926701730852,38.899759944554059,16.0,30.0,0.0,19.089381700940664,41.390231740589189,22.0,30.0,0.0,18.954932860614883,41.81114667065912,16.0,30.0,0.0,17.760801460468433,46.80697136408692,12.0,30.0,0.0,20.341591517981166,39.47803574753998,16.0,30.0,0.0,18.399743174848717,44.50694505643234,10.0,30.0,0.0,16.91406267226187,49.18072161267076,12.0,30.0,0.0,17.55073447566991,47.18688430805591,12.0,30.0,0.0,18.540278854495527,0.0,0.0,0.0,18.087348709216746,0.0,0.0,548.4182089589033,549.6778193492369,553.2238088634475,554.930841668518,602.0648822916522,590.039343014421,588.7568302390672,596.3454403996874,594.9579952682057,0.0,81.21609286215933,81.21609286215933,60.0,0.0,60.0,60.0,16.0,16.0,16.0,12.0,12.0,12.0,21.0,10.0,0.0,0.0,0.0,0.0,0.0,0.0,0.0,0.0,0.0,0.0,0.0,0.0,0.0,81.21609286215933,81.21609286215933,0.0,0.0,0.0,81.21609286215933,0.0,0.0,0.0015999999999999999 
 03/10  13:10:00,9.615,65.83333333333333,4.668333333333334,164.0,542.0,0.0,0.0,0.0,0.0,0.0,0.0,0.0,0.0,0.0,0.0,370.0,0.0,1957.527243295469,76.36012199429124,195.6717560430472,58.69589785128041,1562.285943005604,0.0,76.3601219942912,104.39007599005996,0.0,0.0,19.211974766564368,192.47799627172936,21.24559356565211,-787.1513300535589,18.848171666296517,107.73606475579709,18.996935185971958,14.182308146444484,17.646214887196906,7.410930592670951,21.09865734012854,-345.32840987616057,18.01494794323647,137.95634520244495,16.786331645650745,66.15412264510917,17.482928406040977,112.8742322646176,231.97502717634417,74.2030894201007,0.0,0.0,0.0,0.0,0.0,0.0,0.0,0.0,0.0,0.0,0.0,0.0,0.0,0.0,0.0,0.0,0.0,0.0,0.0,0.0,0.0,0.0,1.1418787450373516,0.3485588354814871,267.7793437989031,322.1301377676534,5469.304585784887,0.13861692734696413,0.021156429692760094,270.40476393818849,324.89490644172028,5698.169459387206,2.9535088261939728,0.5581082438008265,185.55888360467868,223.65385875163018,3626.229226851499,0.27047040277840286,0.05110929757717361,127.58525885304702,153.79954937254693,2444.871934461111,0.0,0.0,6.572356803802373,7.952589283511084,110.40223012063938,0.0,0.0,85.4700614771298,102.49467353428939,1882.3890166603163,0.0,0.0,235.17239971586228,283.9625813582162,4248.981378692147,0.0,0.0,28.168490606758433,34.18515766535964,425.3603995652758,0.0,0.0,118.05753905783725,142.9428030882846,1941.904087988624,18.81532310834169,12.904885533842041,250.2188373438522,302.02593573799666,4951.095217356911,0.0,0.0,138.39174031877927,167.23386489963188,2439.5704535395555,0.0,19.60300114073307,39.97886298568047,22.0,30.0,0.0,19.971783578848198,38.86496191982526,16.0,30.0,0.0,19.043647277198354,41.29267732543491,22.0,30.0,0.0,18.985855887522957,41.71731221163379,16.0,30.0,0.0,17.794317024571215,46.57746073313723,12.0,30.0,0.0,20.443692375616487,39.128054553730319,16.0,30.0,0.0,18.43361638121559,44.2978007301218,10.0,30.0,0.0,16.944147898793124,48.96054834866593,12.0,30.0,0.0,17.619067348535297,46.87022716659636,12.0,30.0,0.0,18.63240834869916,0.0,0.0,0.0,18.198317940997506,0.0,0.0,550.8605630454928,545.1893933423525,548.1071833465768,554.974833102238,598.380238652636,586.8354281856988,585.7216269960536,593.1528914199037,591.9985805018891,0.0,81.21609286215933,81.21609286215933,60.0,0.0,60.0,60.0,16.0,16.0,16.0,12.0,12.0,12.0,21.0,10.0,0.0,0.0,0.0,0.0,0.0,0.0,0.0,0.0,0.0,0.0,0.0,0.0,0.0,81.21609286215933,81.21609286215933,0.0,0.0,0.0,81.21609286215933,0.0,0.0,0.00161 
 03/10  13:20:00,9.64,65.66666666666667,4.726666666666667,167.0,530.0,0.0,0.0,0.0,0.0,0.0,0.0,0.0,0.0,0.0,0.0,370.0,0.0,1962.184729489657,76.68026407434192,196.49205244663524,58.835542852896839,1566.0029519220526,0.0,76.68026407434188,104.82773448498229,0.0,0.0,19.127774014216628,99.9589375842479,21.368888821098254,-646.7301326386023,18.89062433587086,188.81070920907406,18.998879077800554,-1.9528062579574908,17.677886924209333,8.096218714254661,21.19851512960487,-361.30722611542617,18.078768898785989,156.01759258751737,16.80501389063731,72.6060229031765,17.533451967330579,118.56010856678222,214.60199562254275,59.71640390587618,0.0,0.0,0.0,0.0,0.0,0.0,0.0,0.0,0.0,0.0,0.0,0.0,0.0,0.0,0.0,0.0,0.0,0.0,0.0,0.0,0.0,0.0,1.0973552460273644,0.3349680238178768,271.00823641085938,326.2397566266826,5419.701578584525,0.16082983858203807,0.024546678660262223,210.65206908359247,252.96051606905116,4499.668313018454,3.128642514633827,0.5912022892354172,237.49027579723959,286.1506490877864,4661.764451473574,0.2801370395665232,0.052935948519751158,94.13484333170294,113.48222615916416,1800.1648841242575,0.0,0.0,6.994728103906796,8.462981403631432,117.60790095220308,0.0,0.0,86.38353645518079,103.56377308157696,1912.2330661141278,0.0,0.0,236.69264653407604,285.70996465727606,4310.762948625063,0.0,0.0,28.95072055335135,35.13157297516981,437.6145486617688,0.0,0.0,115.23267314257635,139.4963263248753,1904.186470278097,18.643280449491017,12.786886453697547,250.91436976236708,302.9047906501807,4931.482555311401,0.0,0.0,135.92171471199266,164.20622202050476,2412.124593583129,0.0,19.41522710035752,40.263884886132469,22.0,30.0,0.0,20.141729184514355,38.39317723560739,16.0,30.0,0.0,19.139337271252253,41.12165548483912,22.0,30.0,0.0,18.983499872871457,41.55601657630909,16.0,30.0,0.0,17.82795807901606,46.34486837491315,12.0,30.0,0.0,20.527207785656687,38.83500393176922,16.0,30.0,0.0,18.532529012650664,43.91966031455342,10.0,30.0,0.0,16.977389462606987,48.73254820916702,12.0,30.0,0.0,17.682838280778268,46.56452312279051,12.0,30.0,0.0,18.6033475428371,0.0,0.0,0.0,18.28371429607813,0.0,0.0,546.3244779362891,543.8109216611782,550.4355872797745,551.1588006049361,594.6891900991354,584.0815007844751,582.8806727121694,589.9764790953873,588.8881823103775,0.0,81.21609286215933,81.21609286215933,60.0,0.0,60.0,60.0,16.0,16.0,16.0,12.0,12.0,12.0,21.0,10.0,0.0,0.0,0.0,0.0,0.0,0.0,0.0,0.0,0.0,0.0,0.0,0.0,0.0,81.21609286215933,81.21609286215933,0.0,0.0,0.0,81.21609286215933,0.0,0.0,0.0016066666666666667 
 03/10  13:30:00,9.665,65.5,4.785,170.0,518.0,0.0,0.0,0.0,0.0,0.0,0.0,0.0,0.0,0.0,0.0,370.0,0.0,1962.68050000137,76.9748915210497,197.24696608481586,58.85040056861512,1566.398537005224,0.0,76.97489152104966,105.2305125417392,0.0,0.0,19.267091270506833,218.42632363860504,21.363636964102854,-837.6445162887376,18.85099867169823,102.64324990336718,19.018173181732775,23.197522353491878,17.709725833084599,8.437711679655394,21.299983208357497,-357.8924715124508,18.101560618668758,143.27601888591563,16.822978766156078,75.9359085070804,17.584008007059116,125.95672992587424,233.79732710393,61.05483316759546,0.0,0.0,0.0,0.0,0.0,0.0,0.0,0.0,0.0,0.0,0.0,0.0,0.0,0.0,0.0,0.0,0.0,0.0,0.0,0.0,0.0,0.0,1.175669397409436,0.35887344243267285,284.1947546332651,341.7888001387578,5829.3545169500189,0.1351124464458455,0.02062155776035493,288.50940225008199,346.59579631021816,6084.0760124727489,3.0246604471232896,0.5715533724722771,179.0420344599848,215.79647605628296,3489.4901295806168,0.27610885197826598,0.052174764168228627,136.43529798050538,164.45717301656956,2609.4207805480648,0.0,0.0,6.476185195592444,7.834959713307295,108.9839075439867,0.0,0.0,86.81500209676581,104.05091623309045,1933.5375814074715,0.0,0.0,234.9359346442811,283.5834409024441,4273.2136873532849,0.0,0.0,28.958202299205973,35.13819761701805,437.95900724316268,0.0,0.0,117.81154110785318,142.59156916976694,1955.7036188016264,18.301655751559474,12.55257596128908,268.90893191052177,324.5097947399547,5302.4121115189159,0.0,0.0,138.6946308902936,167.50569839223355,2480.857869065179,0.0,19.700162064924137,39.49059411843883,22.0,30.0,0.0,20.031737121823853,38.5578672733424,16.0,30.0,0.0,19.05971168041075,41.13087351378664,22.0,30.0,0.0,19.019654947281148,41.47502924331681,16.0,30.0,0.0,17.860992015217105,46.12712281053987,12.0,30.0,0.0,20.622436085777218,38.49785214761196,16.0,30.0,0.0,18.546328155335613,43.79718545100252,10.0,30.0,0.0,17.00699661752159,48.516337314556597,12.0,30.0,0.0,17.746448010659877,46.26049633583638,12.0,30.0,0.0,18.71347010939993,0.0,0.0,0.0,18.380413803359859,0.0,0.0,544.8145741992676,541.5649397534343,545.7759462509415,551.7498051225377,591.3936739195345,580.7280513243237,580.6822454582504,586.9088879520608,585.8780479706967,0.0,81.21609286215933,81.21609286215933,60.0,0.0,60.0,60.0,16.0,16.0,16.0,12.0,12.0,12.0,21.0,10.0,0.0,0.0,0.0,0.0,0.0,0.0,0.0,0.0,0.0,0.0,0.0,0.0,0.0,81.21609286215933,81.21609286215933,0.0,0.0,0.0,81.21609286215933,0.0,0.0,0.0016033333333333336 
 03/10  13:40:00,9.69,65.33333333333333,4.843333333333334,164.0,526.6666666666666,0.0,0.0,0.0,0.0,0.0,0.0,0.0,0.0,0.0,0.0,370.0,0.0,1991.7450599938744,75.21158740222643,192.7285530901497,59.721879456810757,1589.594567656568,0.0,75.21158740222639,102.8199421268398,0.0,0.0,19.148850986433886,90.3412639101407,21.514483732127169,-638.6704609975595,18.912746264814176,220.55474486072672,19.014437404468354,-2.049906407553408,17.745037050203128,8.977408571890465,21.403266103128624,-378.08284687029848,18.1718692655277,166.43616794390983,16.842741434059876,82.01797618276578,17.630344760092834,128.37620340542345,209.17747896762013,47.64250642395018,0.0,0.0,0.0,0.0,0.0,0.0,0.0,0.0,0.0,0.0,0.0,0.0,0.0,0.0,0.0,0.0,0.0,0.0,0.0,0.0,0.0,0.0,1.1114905903985102,0.3392828420019873,283.2413925590148,340.96124001713187,5645.708538882911,0.16638493180396017,0.025394525611105034,204.28703052858956,245.2366091716994,4386.898947579252,3.2495068956466106,0.6140413635008715,250.09289159996897,301.3000754384766,4910.128401318976,0.28808311686090445,0.05443747484144073,88.2651752507284,106.4022395832024,1683.4968492695819,0.0,0.0,7.084517693882345,8.570130772887636,119.37259915598909,0.0,0.0,87.68851533768623,105.07204494954371,1962.065337799034,0.0,0.0,237.0269558274976,286.0103609025336,4351.059946178503,0.0,0.0,29.796919938240266,36.15290897937548,451.0906107752098,0.0,0.0,113.98488789583125,137.93750952370707,1899.1252227319195,18.137408438022438,12.439923482868617,263.9213142071543,318.55974667873945,5162.115461415067,0.0,0.0,135.17768315739384,163.22776292111647,2427.686671180634,0.0,19.43481647323556,40.05184602664944,22.0,30.0,0.0,20.250821295165708,38.01892084188977,16.0,30.0,0.0,19.194657893926423,40.72880112551259,22.0,30.0,0.0,19.00697852376194,41.371516198223407,16.0,30.0,0.0,17.897421243364194,45.903088385224517,12.0,30.0,0.0,20.701336747612314,38.25029372234643,16.0,30.0,0.0,18.656917689469358,43.347308843860947,10.0,30.0,0.0,17.040106305660506,48.295298214196858,12.0,30.0,0.0,17.802722493314936,45.98809759160816,12.0,30.0,0.0,18.658268746725076,0.0,0.0,0.0,18.442473194721019,0.0,0.0,542.813887251534,541.384048010196,544.4767096074058,548.6758203876706,588.2252896800809,578.9402773683258,576.7674363520125,583.9616450059581,583.0720183098891,0.0,81.21609286215933,81.21609286215933,60.0,0.0,60.0,60.0,16.0,16.0,16.0,12.0,12.0,12.0,21.0,10.0,0.0,0.0,0.0,0.0,0.0,0.0,0.0,0.0,0.0,0.0,0.0,0.0,0.0,81.21609286215933,81.21609286215933,0.0,0.0,0.0,81.21609286215933,0.0,0.0,0.0015999999999999999 
 03/10  13:50:00,9.715,65.16666666666667,4.901666666666667,158.0,535.3333333333334,0.0,0.0,0.0,0.0,0.0,0.0,0.0,0.0,0.0,0.0,740.0,0.0,2017.6991576760486,73.38679675409135,188.0525790667868,60.50009200089238,1610.3081644604397,0.0,73.38679675409132,100.3253149647851,0.0,0.0,19.261107409368493,217.22714739014465,21.549077013398035,-808.8222796884547,18.893921596971663,152.90628312694845,19.02682842188026,25.63516061756218,17.778379338929946,9.853931167991448,21.50607878527551,-371.89617574599449,18.20122991876125,162.98837132004975,16.858831859860325,87.32392018118913,17.672636339407089,143.45873463347517,220.01369049061123,56.029543806925179,0.0,0.0,0.0,0.0,0.0,0.0,0.0,0.0,0.0,0.0,0.0,0.0,0.0,0.0,0.0,0.0,0.0,0.0,0.0,0.0,0.0,0.0,1.1721200707407987,0.35779000938363816,286.7642388483888,345.734542084521,5832.987638153036,0.14469205103629985,0.022083646373061644,269.92754018888766,324.9280236616486,5746.073286289295,3.189470999875426,0.6026967119946007,208.39961187820735,251.57836343379689,4073.344784391319,0.287621601160794,0.05435026476961336,129.72024287071947,156.7572162802063,2471.0042902074117,0.0,0.0,6.740130202538797,8.171045017164659,113.60579548277893,0.0,0.0,88.36584145935162,106.10118260273757,1985.8247891200734,0.0,0.0,236.5797600247258,286.10316395825006,4341.446730431691,0.0,0.0,29.9740987984749,36.44867778245713,453.56798280413656,0.0,0.0,116.67174005091379,141.4982932703257,1948.6714736115526,17.816925221253788,12.220113320475854,271.56362278639167,328.46731856530809,5326.010870227847,0.0,0.0,138.15731283885197,167.17078346884848,2495.9237562259306,0.0,19.667768501077455,39.40358571615059,22.0,30.0,0.0,20.193873078470735,38.05228133334946,16.0,30.0,0.0,19.152851906147583,40.714780675867618,22.0,30.0,0.0,19.03403520819139,41.15912339195089,16.0,30.0,0.0,17.928284204264693,45.712490682456877,12.0,30.0,0.0,20.781044381607555,37.93004023659024,16.0,30.0,0.0,18.682644207240928,43.17508587707534,10.0,30.0,0.0,17.06476179964239,48.102159813352219,12.0,30.0,0.0,17.852060616649984,45.71035213409269,12.0,30.0,0.0,18.736934505844244,0.0,0.0,0.0,18.525151955758618,0.0,0.0,541.3165567558324,539.1124358539864,541.9934430377514,545.3327257165759,585.5712673338139,574.9809759732824,574.1579461593332,581.1320470403657,579.6799692206538,0.0,81.21609286215933,81.21609286215933,60.0,0.0,60.0,60.0,16.0,16.0,16.0,12.0,12.0,12.0,21.0,10.0,0.0,0.0,0.0,0.0,0.0,0.0,0.0,0.0,0.0,0.0,0.0,0.0,0.0,81.21609286215933,81.21609286215933,0.0,0.0,0.0,81.21609286215933,0.0,0.0,0.0016133333333333332 
 03/10  14:00:00,9.74,65.0,4.96,152.0,544.0,0.0,0.0,0.0,0.0,0.0,0.0,0.0,0.0,0.0,0.0,370.0,0.0,2040.4428736960495,71.4974699343988,183.2112293519438,61.18204215324711,1628.4595826894443,0.0,71.49746993439877,97.74246196341731,0.0,0.0,19.327258838186617,206.98478583847465,21.60996770690486,-828.6356361813178,18.906912447673908,172.10308221512788,19.038750670688736,25.53873723639026,17.821537648149865,9.655060241295644,21.6277492026144,-385.17421326140086,18.249613183246184,160.54726983474394,16.881474625419025,88.76488993905037,17.72401205963481,138.30892308172225,204.54045565452908,54.25421120441206,0.0,0.0,0.0,0.0,0.0,0.0,0.0,0.0,0.0,0.0,0.0,0.0,0.0,0.0,0.0,0.0,0.0,0.0,0.0,0.0,0.0,0.0,1.1761458280536657,0.3590188730322545,262.55701683474538,315.70753202983357,5387.507085177722,0.14863538291946574,0.022685498003581465,266.4183992952766,319.88035249563117,5675.852348215015,3.2523132017427809,0.6145716556581221,220.25884203807096,265.38605259602766,4303.576034348667,0.2928653648707704,0.0553411498244086,134.80585566464985,162.4908120181432,2567.4398950189668,0.0,0.0,6.778319171007154,8.19805647381883,114.59563260129078,0.0,0.0,88.65465469372453,106.16762335165258,2008.6264963002582,0.0,0.0,237.87554978163693,286.9660570042003,4384.024185687799,0.0,0.0,30.351369338927037,36.820518672299709,460.0886511780248,0.0,0.0,117.10266083740858,141.66455239346466,1966.0335755620457,17.542200042151266,12.031687271708691,247.3204463345575,298.47859454154698,4852.33465974555,0.0,0.0,138.82738025045595,167.5657814269994,2518.6726620088677,0.0,19.777933600081817,39.05702728454856,22.0,30.0,0.0,20.21868969155157,37.85770863879844,16.0,30.0,0.0,19.181865309999016,40.54469291283024,22.0,30.0,0.0,19.055026567602149,41.00566737196497,16.0,30.0,0.0,17.97716765938738,45.40745571170653,12.0,30.0,0.0,20.89744952591472,37.52139525935016,16.0,30.0,0.0,18.7453602166605,42.88063284899499,10.0,30.0,0.0,17.10129872260749,47.82032922298509,12.0,30.0,0.0,17.91829373843337,45.375426656382767,12.0,30.0,0.0,18.719179531864275,0.0,0.0,0.0,18.58646022846307,0.0,0.0,539.6563090090049,535.8580521906463,540.0078009301495,543.2366011574023,581.324088142179,570.9340460739109,570.9638220023121,577.0791799617538,576.0839698215549,0.0,81.21609286215933,81.21609286215933,60.0,0.0,60.0,60.0,16.0,16.0,16.0,12.0,12.0,12.0,21.0,10.0,0.0,0.0,0.0,0.0,0.0,0.0,0.0,0.0,0.0,0.0,0.0,0.0,0.0,81.21609286215933,81.21609286215933,0.0,0.0,0.0,81.21609286215933,0.0,0.0,0.0016266666666666665 
 03/10  14:10:00,9.743333333333334,64.83333333333334,4.970000000000001,146.0,552.6666666666667,0.0,0.0,0.0,0.0,0.0,0.0,0.0,0.0,0.0,0.0,370.0,0.0,2059.8763127618815,69.54062565982223,178.19686446147774,61.764734589550467,1643.9690968384078,0.0,69.54062565982219,95.06730748240386,0.0,0.0,19.271828719467849,136.98668945155624,21.714067168173153,-758.1505302051028,18.94715058188296,222.56392398589379,19.044712358624069,21.928412632190886,17.86184982631595,10.049602791043185,21.734023453971738,-400.3438217407429,18.305112982350037,171.99121616315279,16.899959254224265,92.44491376623546,17.764411582614458,139.3838820979936,205.50414552944313,51.061053014223947,0.0,0.0,0.0,0.0,0.0,0.0,0.0,0.0,0.0,0.0,0.0,0.0,0.0,0.0,0.0,0.0,0.0,0.0,0.0,0.0,0.0,0.0,1.1384201865319688,0.3475031094419929,278.7434659334048,335.35021435246036,5639.415539673961,0.16008753771656843,0.024433384877376134,230.91204259251445,277.15141720580217,4971.279322364992,3.320080354908032,0.6273772401564689,247.2721208863227,297.86231370753577,4864.421986558874,0.29872054432188319,0.056447570733538,130.2290214134441,156.97751198419543,2481.9596100734786,0.0,0.0,7.062034435754093,8.540471138045517,119.9365169642899,0.0,0.0,89.54552230375431,107.20808016383556,2043.4140715249085,0.0,0.0,239.85145381183359,289.2892489666159,4455.9425301481319,0.0,0.0,30.89578354606513,37.47969648960204,469.8626164153594,0.0,0.0,116.0716028783352,140.4035075525464,1958.6358039126497,17.665209373224387,12.116055811539363,261.81364512441908,315.96810247529279,5126.816022441037,0.0,0.0,138.10614789398009,166.67536663741644,2518.1877071482806,0.0,19.63933756980823,39.27229393356142,22.0,30.0,0.0,20.334948181696608,37.54563484586957,16.0,30.0,0.0,19.26474283833154,40.29694598183781,22.0,30.0,0.0,19.063547220423986,40.90749888782366,16.0,30.0,0.0,18.019094619494063,45.16841997375703,12.0,30.0,0.0,20.984208740673674,37.263942880949247,16.0,30.0,0.0,18.823342960563818,42.563016922187269,10.0,30.0,0.0,17.12909926370005,47.59573119095921,12.0,30.0,0.0,17.964391664259247,45.116518241473958,12.0,30.0,0.0,18.734450126780119,0.0,0.0,0.0,18.635674257066236,0.0,0.0,536.7761288922596,535.0373287410882,539.1897086087934,541.6441165531196,578.2500848856216,569.25022536278,568.141752493688,573.7468535488249,572.9067363060298,0.0,81.21609286215933,81.21609286215933,60.0,0.0,60.0,60.0,16.0,16.0,16.0,12.0,12.0,12.0,21.0,10.0,0.0,0.0,0.0,0.0,0.0,0.0,0.0,0.0,0.0,0.0,0.0,0.0,0.0,81.21609286215933,81.21609286215933,0.0,0.0,0.0,81.21609286215933,0.0,0.0,0.00164 
 03/10  14:20:00,9.746666666666667,64.66666666666667,4.98,140.0,561.3333333333333,0.0,0.0,0.0,0.0,0.0,0.0,0.0,0.0,0.0,0.0,370.0,0.0,2075.8994099927465,67.5133880309815,173.00211496489906,62.245168902381887,1656.756846076285,0.0,67.51338803098148,92.29591994925649,0.0,0.0,19.392385737631299,229.4044833306507,21.735209976544629,-891.4626822462815,18.918254072537388,152.2243159252348,19.06449607636607,43.58122347920198,17.902873885620715,9.895771456078223,21.842122559644964,-404.053005970748,18.333004590653965,163.54614872061576,16.91687939101014,94.01405286223508,17.804525109324027,143.3349715882032,220.6507431558457,57.09588080944104,0.0,0.0,0.0,0.0,0.0,0.0,0.0,0.0,0.0,0.0,0.0,0.0,0.0,0.0,0.0,0.0,0.0,0.0,0.0,0.0,0.0,0.0,1.1956018899546084,0.3649578418664861,280.1284543771204,336.76316002674425,5795.797342597647,0.1414104239412616,0.02158278753682259,285.60679057701256,342.88956024372416,6110.110864590319,3.210891767716099,0.6067444761368291,204.02728560673098,245.83809331702944,3996.0116167099188,0.2936787717551997,0.055494854829024869,153.73979037296395,185.30196830409518,2939.5295542805808,0.0,0.0,6.685191744858452,8.084029791026947,114.05365048684371,0.0,0.0,90.34401691187714,108.13570996031885,2077.7558160480496,0.0,0.0,239.5430979424148,288.9105460763259,4459.08057462096,0.0,0.0,30.88844076659517,37.469634022686708,471.04058668282536,0.0,0.0,118.51742366058972,143.34637965867098,2010.1681310602585,17.65535512049577,12.109297064811918,266.48050909222305,321.5313485083173,5253.590005684544,0.0,0.0,140.74130245119,169.8305565863306,2582.026025665363,0.0,19.872762209208348,38.66208770670544,22.0,30.0,0.0,20.27107645147947,37.63881569324025,16.0,30.0,0.0,19.20223536851269,40.321996881650708,22.0,30.0,0.0,19.101579788947985,40.75194466551949,16.0,30.0,0.0,18.061168403920229,44.93958142792527,12.0,30.0,0.0,21.078911601123598,36.94656968324517,16.0,30.0,0.0,18.845203162482098,42.42717074357959,10.0,30.0,0.0,17.1531481962128,47.43347522639133,12.0,30.0,0.0,18.011078679324578,44.9035810659409,12.0,30.0,0.0,18.811139196455984,0.0,0.0,0.0,18.695498500113059,0.0,0.0,535.802874245724,533.8657888892411,536.1906054741306,540.3143116749485,575.4581112470902,566.2682910629521,566.171553379942,571.6478162420709,570.9276856677294,0.0,81.21609286215933,81.21609286215933,60.0,0.0,60.0,60.0,16.0,16.0,16.0,12.0,12.0,12.0,21.0,10.0,0.0,0.0,0.0,0.0,0.0,0.0,0.0,0.0,0.0,0.0,0.0,0.0,0.0,81.21609286215933,81.21609286215933,0.0,0.0,0.0,81.21609286215933,0.0,0.0,0.00164 
 03/10  14:30:00,9.75,64.5,4.99,134.0,570.0,0.0,0.0,0.0,0.0,0.0,0.0,0.0,0.0,0.0,0.0,370.0,0.0,2088.4122340982269,65.41301807145665,167.6199623027539,62.62034869195645,1666.7430762107843,0.0,65.4130180714566,89.42455497555423,0.0,0.0,19.298861820539267,121.12857370263191,21.865258744899113,-745.0009884666779,18.977571029974454,251.78233707778055,19.062088651342458,19.118888850464829,17.945263004813755,10.459506010604344,21.940977356754695,-422.13264889414816,18.395718508367485,180.22049044987944,16.93560123858984,98.35843655548138,17.842172752237237,143.76220482211648,209.51125898026477,52.36133544501263,0.0,0.0,0.0,0.0,0.0,0.0,0.0,0.0,0.0,0.0,0.0,0.0,0.0,0.0,0.0,0.0,0.0,0.0,0.0,0.0,0.0,0.0,1.1292463998646206,0.3447028082614837,291.3159957668032,350.4954474855779,5895.531129013719,0.1615768201298911,0.024660686833011468,223.47789436412365,268.1471690748722,4859.9375363152189,3.3658169527676708,0.6360198323446092,259.6570865623803,312.7496563892186,5133.972507230294,0.3016175826623923,0.05699500806167653,120.4252051100079,145.16189346529917,2300.528381163229,0.0,0.0,7.189502105291849,8.693054040418016,123.2380631913361,0.0,0.0,91.22679621818043,109.16847134120772,2111.4878885432997,0.0,0.0,242.5825776332786,292.5013167916919,4558.339938052052,0.0,0.0,31.62922504514389,38.36677612108743,483.87875361618668,0.0,0.0,116.66635647778034,141.09504334463618,1987.8163206220264,17.805535168838547,12.212301213195167,274.4013979942817,331.1371032988682,5385.39549614748,0.0,0.0,139.27144979755853,168.0422124645793,2565.4064647321426,0.0,19.65074342483423,39.13254336764368,22.0,30.0,0.0,20.45213703645549,37.16420764872468,16.0,30.0,0.0,19.32549562238914,39.97446667034221,22.0,30.0,0.0,19.09051411680422,40.674737744898539,16.0,30.0,0.0,18.10495746433118,44.70642241382314,12.0,30.0,0.0,21.15760874738378,36.71124625608331,16.0,30.0,0.0,18.937356841675006,42.072085252700627,10.0,30.0,0.0,17.180694829132514,47.23849858385522,12.0,30.0,0.0,18.053229509790236,44.67880164141443,12.0,30.0,0.0,18.784138842612497,0.0,0.0,0.0,18.736180417414123,0.0,0.0,534.4902047675266,532.6921880116572,535.3852024061531,538.0110349153102,572.6919863724326,564.6070655751304,563.3400890612264,569.0266776697849,568.3223626495321,0.0,81.21609286215933,81.21609286215933,60.0,0.0,60.0,60.0,16.0,16.0,16.0,12.0,12.0,12.0,21.0,10.0,0.0,0.0,0.0,0.0,0.0,0.0,0.0,0.0,0.0,0.0,0.0,0.0,0.0,81.21609286215933,81.21609286215933,0.0,0.0,0.0,81.21609286215933,0.0,0.0,0.00164 
 03/10  14:40:00,9.753333333333334,64.33333333333333,5.0,127.83333333333334,566.6666666666666,0.0,0.0,0.0,0.0,0.0,0.0,0.0,0.0,0.0,0.0,740.0,0.0,2063.0619365919176,62.83639857898769,161.01740312454192,61.86021629160801,1646.5110990087342,0.0,62.83639857898766,85.90212078357621,0.0,0.0,19.401231332129539,224.17335998352338,21.883235724489958,-872.5119551639964,18.96456540919167,193.77323822108748,19.076137149773474,47.7378427499998,17.980974443134146,11.092405622767459,22.019159985848448,-417.95045540070557,18.426368165558857,178.2358939832493,16.951040538255979,102.04449463664878,17.877256801989995,155.2511400258545,220.98436368309013,63.18568780698661,0.0,0.0,0.0,0.0,0.0,0.0,0.0,0.0,0.0,0.0,0.0,0.0,0.0,0.0,0.0,0.0,0.0,0.0,0.0,0.0,0.0,0.0,1.172321202163261,0.3578514048117402,291.7479845378326,351.580722405508,6017.617190831578,0.14293475614657376,0.021815438972309796,273.1902358694278,328.6777477156785,5908.411719794374,3.276806271464467,0.6191999757113507,225.4541385453172,272.11793153822097,4448.007077009838,0.29985386283160855,0.05666172767037196,151.0397616198569,182.4940081737489,2890.849832900042,0.0,0.0,6.923146236579675,8.388986758674783,119.03802629569782,0.0,0.0,91.98820607541716,110.3102634749998,2139.738555880377,0.0,0.0,243.2989685406651,294.0137361549252,4581.487292685826,0.0,0.0,31.784030616545118,38.640697304545,487.1943439407394,0.0,0.0,119.67000633787925,145.04774089142706,2046.719265632344,17.83271849462324,12.230945469563269,277.89141560292867,336.05311017655199,5482.078463859172,0.0,0.0,142.58769106040155,172.41020436388775,2641.576058096304,0.0,19.851944263971644,38.548284292127949,22.0,30.0,0.0,20.405055884828799,37.16649949841252,16.0,30.0,0.0,19.291004428803423,39.95799761620323,22.0,30.0,0.0,19.120466188480735,40.50344353166848,16.0,30.0,0.0,18.137247646823967,44.52560149135037,12.0,30.0,0.0,21.224087295831955,36.45308876795444,16.0,30.0,0.0,18.963687818731836,41.90275343929892,10.0,30.0,0.0,17.201270844212315,47.070639391518799,12.0,30.0,0.0,18.091880960770646,44.452070895951418,12.0,30.0,0.0,18.84383357684503,0.0,0.0,0.0,18.795988048994169,0.0,0.0,532.3590281423462,530.3221760985915,533.3477963340738,535.9798972093749,570.4478970516493,561.4804211208505,560.8644717526418,566.5866800066058,565.4693509420525,0.0,81.21609286215933,81.21609286215933,60.0,0.0,60.0,60.0,16.0,16.0,16.0,12.0,12.0,12.0,21.0,10.0,0.0,0.0,0.0,0.0,0.0,0.0,0.0,0.0,0.0,0.0,0.0,0.0,0.0,81.21609286215933,81.21609286215933,0.0,0.0,0.0,81.21609286215933,0.0,0.0,0.00164 
 03/10  14:50:00,9.756666666666666,64.16666666666667,5.01,121.66666666666667,563.3333333333334,0.0,0.0,0.0,0.0,0.0,0.0,0.0,0.0,0.0,0.0,370.0,0.0,2034.1711541739347,60.206648367545948,154.27869642172559,60.99392386932837,1623.4534952128657,0.0,60.20664836754591,82.30705287067,0.0,0.0,19.474359084814148,225.30839365006069,21.911102458096186,-894.9591332820546,18.97653785984466,201.01363979571034,19.09029189339185,48.566646190960458,18.02406517817814,10.811383893904804,22.103673263951884,-427.07326055467277,18.46954085276392,173.51666631749687,16.972040976790266,102.98389196620951,17.920517446732015,151.1119093685911,209.47213034932248,65.25487484060978,0.0,0.0,0.0,0.0,0.0,0.0,0.0,0.0,0.0,0.0,0.0,0.0,0.0,0.0,0.0,0.0,0.0,0.0,0.0,0.0,0.0,0.0,1.1708764432889903,0.357410391724356,268.9918100252596,323.3192330789968,5612.730477965914,0.14261691753790096,0.021766928806150944,274.61568316687257,329.59272211640276,5944.9400639314849,3.282630671624139,0.6203005804278421,229.720227331088,276.73617618957686,4539.222913483896,0.30137291339955316,0.05694877426295409,155.2088334113185,187.0762147644378,2978.279539574777,0.0,0.0,6.922344837402199,8.368738775853855,119.66180186213734,0.0,0.0,92.21403699418934,110.3056094855577,2161.1350536891225,0.0,0.0,244.5309394816651,294.80672169839036,4629.159316313559,0.0,0.0,32.06839821412003,38.89717280437054,493.51403646170959,0.0,0.0,120.43773384088952,145.62732574357927,2072.660667151276,17.891474692061928,12.271244644761272,255.08633167185389,307.8291096015424,5045.190999319038,0.0,0.0,143.60306107304923,173.22958043825529,2672.5586446262129,0.0,19.970520791444544,38.18025898291448,22.0,30.0,0.0,20.41025314156616,37.050733444513188,16.0,30.0,0.0,19.312653355919193,39.78932261566473,22.0,30.0,0.0,19.145441012070905,40.341857783351787,16.0,30.0,0.0,18.184223247083133,44.24668507299397,12.0,30.0,0.0,21.31319387753186,36.13106293861303,16.0,30.0,0.0,19.01445642861786,41.65955313101954,10.0,30.0,0.0,17.23254483203226,46.829394145633909,12.0,30.0,0.0,18.145559466730054,44.17691622663193,12.0,30.0,0.0,18.816717624267516,0.0,0.0,0.0,18.838820590855918,0.0,0.0,530.569319826687,528.0197475430384,530.960773974051,533.958675824261,566.8345370549059,557.9869227136854,558.1571676718993,563.238951950135,562.4813889846899,0.0,81.21609286215933,81.21609286215933,60.0,0.0,60.0,60.0,16.0,16.0,16.0,12.0,12.0,12.0,21.0,10.0,0.0,0.0,0.0,0.0,0.0,0.0,0.0,0.0,0.0,0.0,0.0,0.0,0.0,81.21609286215933,81.21609286215933,0.0,0.0,0.0,81.21609286215933,0.0,0.0,0.0016233333333333332 
 03/10  15:00:00,9.76,64.0,5.02,115.5,560.0,0.0,0.0,0.0,0.0,0.0,0.0,0.0,0.0,0.0,0.0,370.0,0.0,2028.0804477271893,60.548534667734198,155.15463826964305,60.8112793034704,1618.5923746166057,0.0,60.54853466773417,82.7744373630531,0.0,0.0,19.398336419376635,137.09291212231438,21.991054076195974,-807.1154552305889,19.025260694156839,260.0120812891146,19.09782266405813,40.738127123757298,18.06419190901983,11.186426580338605,22.17592425564461,-437.8728004159875,18.52143683236931,183.3206725110249,16.990797246518377,105.76099020166271,17.955923117816515,150.20768641219002,213.7404447599838,65.15429912061063,0.0,0.0,0.0,0.0,0.0,0.0,0.0,0.0,0.0,0.0,0.0,0.0,0.0,0.0,0.0,0.0,0.0,0.0,0.0,0.0,0.0,0.0,1.1270048646888556,0.34401857896485218,290.93561852548165,349.9392119913038,5957.939311996952,0.1564607060818488,0.02387983914558132,233.2256795052211,279.8248810804911,5098.7587441271339,3.3611608973773459,0.6351400032837012,259.7899125519243,312.8723240620925,5174.190830735997,0.30715055054242088,0.05804054243054058,146.9888106340382,177.17387722639618,2821.930795674369,0.0,0.0,7.235125561790145,8.74619850026987,125.58501765322825,0.0,0.0,92.69482464029363,110.86321016980389,2182.7271165445879,0.0,0.0,246.63392383225898,297.2884867517243,4701.185824630476,0.0,0.0,32.58589230230057,39.52379147139431,502.9001021038527,0.0,0.0,119.52219238432152,144.5099652301992,2065.111499870019,18.018140340073573,12.358120946552523,274.9403516503025,331.7749147105047,5427.614403424758,0.0,0.0,142.97086308384307,172.45799597556965,2668.1702463243698,0.0,19.78226198900997,38.53588104142322,22.0,30.0,0.0,20.52086032415563,36.738367541263688,16.0,30.0,0.0,19.407631926246599,39.51189609600004,22.0,30.0,0.0,19.151907540377175,40.24322411177749,16.0,30.0,0.0,18.22331738019464,44.03018149415537,12.0,30.0,0.0,21.37355884975566,35.948355297827088,16.0,30.0,0.0,19.083742002025958,41.378087552538989,10.0,30.0,0.0,17.257556996533205,46.630271810345387,12.0,30.0,0.0,18.183282389542009,43.959216513025967,12.0,30.0,0.0,18.84253099584009,0.0,0.0,0.0,18.868051596604248,0.0,0.0,528.5645840787856,526.8326463917595,530.1261950414875,532.2744973075839,564.2127464731805,556.6049238957498,555.6627547065775,560.4428369831871,559.8081502678863,0.0,81.21609286215933,81.21609286215933,60.0,0.0,60.0,60.0,16.0,16.0,16.0,12.0,12.0,12.0,21.0,10.0,0.0,0.0,0.0,0.0,0.0,0.0,0.0,0.0,0.0,0.0,0.0,0.0,0.0,81.21609286215933,81.21609286215933,0.0,0.0,0.0,81.21609286215933,0.0,0.0,0.0016066666666666667 
 03/10  15:10:00,9.698333333333333,64.0,5.0,109.33333333333333,556.6666666666666,0.0,0.0,0.0,0.0,0.0,0.0,0.0,0.0,0.0,0.0,3339.0,0.0,1992.4333684148042,57.75607850868733,147.99900120991834,59.74240206808536,1590.1426364103546,0.0,57.7560785086873,78.95693808425929,0.0,0.0,20.454766949080523,-734.4057373793403,22.229197390452435,-39.56818323763817,20.302925844972664,-1665.3280908219727,19.438576102019078,1049.2347993921827,18.096730047572558,15.674036994210459,22.230227157986805,-412.93222504648619,18.610084618503536,279.87933615590068,17.005539717105095,114.14568700484021,17.987779462647585,179.37047253273003,442.62580460902117,102.2670160899399,0.0,0.0,0.0,0.0,0.0,0.0,0.0,0.0,0.0,0.0,0.0,0.0,0.0,0.0,0.0,0.0,0.0,0.0,0.0,0.0,0.0,0.0,1.1366731437330878,0.3469698240943492,265.9919932935429,319.3628140987178,6332.41117375504,0.23192337758942703,0.035397340901927209,202.03400599890177,242.9181284743727,4625.506212728487,2.5731323484966976,0.48623060251260366,424.04675274474638,508.80524177131516,10218.391224703628,0.5914163901292656,0.11175668747718545,387.53787806593268,467.6133183620182,8054.367371932989,0.0,0.0,8.53025214372135,10.351130580442846,149.51931687275835,0.0,0.0,89.70579628043942,107.71690709995284,2130.3475906630289,0.0,0.0,266.5801088751382,322.45028448298486,5189.7800538005,0.0,0.0,33.75067367922362,41.09906983638935,526.1359806064336,0.0,0.0,129.61713343159227,157.32127130410857,2263.812328116639,19.90302485382743,13.650908678893988,548.5699237356132,662.3089316563876,11533.485131754429,0.0,0.0,154.24712989831225,186.75606583504254,2918.4834861739516,1908.355789876055,21.37607343115064,34.81826750399993,21.999999999999994,29.999999999999994,0.0,20.949361221784874,35.73941507807388,15.999999999999997,29.999999999999994,3559.8950489922647,21.400105488526088,34.737229682496138,21.888888888888883,29.999999999999994,0.0,19.83277670446783,38.33750438126656,15.999999999999997,29.999999999999994,0.0,18.248961606213816,43.85954777733087,11.999999999999997,29.999999999999994,0.0,21.419736045837085,35.71049110647924,15.999999999999997,29.999999999999994,0.0,19.226764082073414,40.756144858651058,9.999999999999999,29.999999999999994,0.0,17.27596085166656,46.44571474674267,11.999999999999997,29.999999999999994,0.0,18.217653057203465,43.69100547304032,15.999999999999997,29.999999999999994,0.0,19.56252789565009,0.0,0.0,0.0,18.938490450101523,0.0,0.0,525.9080711761385,526.0555699539517,524.88456430633,526.812985496896,561.8311726287459,552.853856685781,549.6446448841432,557.5923141702942,555.8350781649302,10559.593942522974,81.02258781798079,85.02217199329682,59.999999999999989,0.0,59.999999999999989,59.999999999999989,16.0,16.0,16.0,16.0,12.0,12.0,21.0,10.0,1.0,0.0,1908.355789876055,0.0,3559.8950489922647,0.0,0.0,0.0,0.0,0.0,6052.676947935854,3631606.1687615124,4738699.332259427,81.02258781798079,85.09009821030193,0.35286700937563966,0.7667231716687908,0.36028137401965945,85.09009821030193,0.3542647819438875,4738699.332259427,0.24800236527749024 
 03/10  15:20:00,9.636666666666667,64.0,4.98,103.16666666666667,553.3333333333334,0.0,0.0,0.0,0.0,0.0,0.0,0.0,0.0,0.0,0.0,1114.0,0.0,1953.2991967799356,54.90444732865245,140.69172902238729,58.56896584444527,1558.9098845690356,0.0,54.904447328652427,75.05854206543522,0.0,0.0,20.522370675633647,-229.39080123623843,22.641622040537773,-616.3139864825469,20.37748314133748,-591.6611326382067,19.935921221001455,252.57449654477174,18.144368789262086,16.172971520611,22.318064663314276,-396.7465496281973,18.731978452045746,187.51060637114456,17.035081831439834,119.12412652442,18.045611215102804,184.97636237488673,460.31238739659656,119.54756962221228,0.0,0.0,0.0,0.0,0.0,0.0,0.0,0.0,0.0,0.0,0.0,0.0,0.0,0.0,0.0,0.0,0.0,0.0,0.0,0.0,0.0,0.0,1.2606318888888058,0.3848082688915768,254.4464838572784,305.4248001728496,6035.438263124525,0.20417395601769196,0.031162081199281427,232.95299398850583,279.3333874732498,5614.718477596441,2.8957253919948928,0.5471892275122624,262.04709349896128,314.91516805322899,6172.859023252841,0.3654160967010763,0.06905066075228196,241.6514028633377,290.97242573980807,5373.717436104706,0.0,0.0,8.313240208734826,10.079917174930163,147.59547516738076,0.0,0.0,89.16010665192788,106.91720611059692,2148.2177025098928,0.0,0.0,269.76158181391386,325.8996259741778,5356.079112997797,0.0,0.0,34.70832879296668,42.22351400209376,548.5571873752863,0.0,0.0,134.95218722219546,163.62433603098465,2395.066661039628,20.610159074440387,14.135911573690255,389.91929326643636,470.6565608909925,8523.366950841953,0.0,0.0,161.0354777430269,194.76513076087069,3094.2617831414256,539.8464933649042,21.322671391923948,34.898645261116147,21.33333333333333,29.999999999999998,0.0,21.555181554923224,34.262967309443727,15.999999999999997,29.999999999999998,1371.1118388102219,21.245037307630214,34.97464639140385,21.33333333333333,29.999999999999998,0.0,20.538984000520139,36.611886316889279,15.999999999999997,29.999999999999998,0.0,18.299308036111446,43.50809634799194,11.999999999999997,29.999999999999998,0.0,21.53004366656957,35.30689136534504,15.999999999999997,29.999999999999998,0.0,19.361691164319308,40.30039823355304,9.999999999999999,29.999999999999998,0.0,17.319315873410234,46.06263897620448,11.999999999999997,29.999999999999998,0.0,18.29535596873206,43.25285423225856,15.999999999999997,29.999999999999998,0.0,19.870713953767365,0.0,0.0,0.0,19.022741238120085,0.0,0.0,525.4184109651001,522.3603034786463,523.1458082255398,525.5493252607387,556.8982026600024,548.4390727106701,546.956049367253,552.1537985618339,550.7709262475453,6043.230662403332,81.7259646963341,81.7259646963341,59.99999999999999,0.0,59.99999999999999,59.99999999999999,16.0,16.0,16.0,16.0,12.0,12.0,21.0,10.0,1.0,0.0,539.8464933649042,0.0,1371.1118388102219,0.0,0.0,0.0,0.0,0.0,0.0,0.0,0.0,81.7259646963341,81.7259646963341,0.2266666666666666,0.4638809520650106,0.24018758267977295,81.7259646963341,0.2361765212959249,0.0,0.0016366666666666665 
 03/10  15:30:00,9.575,64.0,4.96,97.0,550.0,0.0,0.0,0.0,0.0,0.0,0.0,0.0,0.0,0.0,0.0,1116.0,0.0,1910.7770205865073,51.9928390356124,133.23076659161058,57.293941756292749,1524.9732002571487,0.0,51.99283903561237,71.07815278598301,0.0,0.0,20.609739342759128,26.668287942849007,22.743558548674174,-474.0875430391184,20.263708663293536,-345.39269173429258,20.01849883925471,406.2706112805546,18.189977959897953,19.234853498020408,22.4038310916214,-379.23808500945708,18.804932547190714,230.36060387073236,17.068320280965716,128.15084904462777,18.1047630956448,201.623568990037,552.2026947237249,163.11596953457315,0.0,0.0,0.0,0.0,0.0,0.0,0.0,0.0,0.0,0.0,0.0,0.0,0.0,0.0,0.0,0.0,0.0,0.0,0.0,0.0,0.0,0.0,1.2819851923522355,0.3913263712918911,217.27815730151847,260.7252670813008,5161.81304043641,0.2138594720951737,0.032640334568860448,146.78357253398645,175.8313331635887,3590.8986216733017,3.0216862176744216,0.5709913487668975,244.0560954902353,293.22787403259607,5794.469038850738,0.3238821275038465,0.0612022160816036,260.0879445917558,312.99795071882496,5861.152765918973,0.0,0.0,8.68859097868931,10.53470045105736,156.15635648414463,0.0,0.0,87.88970595759833,105.36185203315263,2147.9643593234679,0.0,0.0,279.8614958942786,338.03119874537296,5650.717751610602,0.0,0.0,36.304790471484299,44.165415123930717,581.8960843612659,0.0,0.0,141.97431110730154,172.12376561954938,2560.037952406167,21.651328562921277,14.850019590480983,356.91651881528176,429.96306385408368,8194.042315681312,0.0,0.0,169.7947380714712,205.33704320565853,3312.8135700498135,0.0,21.30102681311549,34.74637135032957,20.999999999999994,29.99999999999999,0.0,21.698926358035324,33.729621479234939,15.999999999999993,29.99999999999999,229.21101620071557,21.132339831343267,34.980123652917367,20.999999999999994,29.99999999999999,0.0,20.662271100830439,36.125013633586117,15.999999999999993,29.99999999999999,0.0,18.34535029450234,43.178382856036908,11.999999999999995,29.99999999999999,0.0,21.64279608917947,34.85421459884929,15.999999999999993,29.99999999999999,0.0,19.468101590271666,39.76691457248281,9.999999999999997,29.99999999999999,0.0,17.367616649648814,45.64726684821747,11.999999999999995,29.99999999999999,0.0,18.37526557490135,42.75991036448866,15.999999999999993,29.99999999999999,0.0,20.198733109684949,0.0,0.0,0.0,19.108384152255046,0.0,0.0,521.6013929154101,517.2675322500521,518.7926904027208,521.32331799025,552.2716893133472,542.8552189024617,540.8420260870443,546.4380198446384,544.6862367433171,2963.3359376197456,82.65312300729944,82.65312300729946,59.99999999999998,0.0,59.99999999999998,59.99999999999998,16.0,16.0,16.0,16.0,12.0,12.0,21.0,10.0,1.0,0.0,0.0,0.0,229.21101620071557,0.0,0.0,0.0,0.0,0.0,0.0,0.0,0.0,82.65312300729944,82.65312300729944,0.1133333333333333,0.20549805401053,0.12009379133988647,82.65312300729944,0.11808826064796245,0.0,0.0016833333333333336 
 03/10  15:40:00,9.513333333333334,64.0,4.9399999999999999,91.66666666666667,518.8333333333334,0.0,0.0,0.0,0.0,0.0,0.0,0.0,0.0,0.0,0.0,1492.0,0.0,1792.1397350126459,48.73896427246467,124.8927057232323,53.73663742400139,1430.2897959595969,0.0,48.73896427246465,66.62985929304537,0.0,0.0,20.39303951935004,306.69429034938869,22.746183869104344,-554.5749971184814,20.70519340538634,-1115.2859649702744,20.133380510681417,495.89946738356937,18.225869222162815,17.30649263858824,22.43083308688025,-405.2212329763348,18.825082444599397,208.53549871869655,17.093510269563234,121.25139792476813,18.1476901766121,176.89454561083313,555.8533795728936,143.54236823234374,0.0,0.0,0.0,0.0,0.0,0.0,0.0,0.0,0.0,0.0,0.0,0.0,0.0,0.0,0.0,0.0,0.0,0.0,0.0,0.0,0.0,0.0,1.3146997009913353,0.4013124850400902,303.5775203966673,364.7366507926956,7215.251491859279,0.22213068713403923,0.033902730026562768,191.4322864760707,229.62088254910686,4714.809631396671,2.668139858161251,0.5041836466669032,379.6950161230362,455.4715928514709,9415.83763816839,0.3108303708658369,0.058735897744867138,286.593472449247,344.79193707980218,6586.949480328751,0.0,0.0,8.432275088988888,10.226463766974355,153.16416677981733,0.0,0.0,90.68180250908387,108.74469531367362,2236.453532552148,0.0,0.0,269.17172846790347,325.26078627613438,5465.714682349893,0.0,0.0,34.88004222036292,42.44620175956549,565.5670517880292,0.0,0.0,134.0140469437669,162.517067628836,2445.592505555649,21.76159421193138,14.925647607634698,493.6683970735958,594.7678793186352,11344.426150997237,0.0,0.0,160.418955345664,194.09543224895138,3143.1784371411924,0.0,21.178879743531863,34.781006562405547,21.0,30.0,0.0,21.681807450835256,33.636441338156789,16.0,30.0,1747.1425570909433,21.64938384856973,33.75893054935128,21.5,30.0,0.0,20.817539088839046,35.59552180193925,16.0,30.0,0.0,18.377646212439055,42.9101451656284,12.0,30.0,0.0,21.69403991163457,34.59817954876829,19.0,30.0,0.0,19.462419014160298,39.62537250253659,10.0,30.0,0.0,17.39739852052257,45.37172809781632,16.0,30.0,0.0,18.42061268611304,42.48381885239646,16.0,30.0,0.0,20.269236993786025,0.0,0.0,0.0,19.087091988945184,0.0,0.0,516.7534100645639,514.6652604152736,515.7115034222206,517.4597413407298,548.2423694948926,539.0801490390345,537.4011148739603,542.5784346034549,541.3672127547154,5363.131753905573,81.69342135046746,83.5961708555259,60.0,0.0,60.0,60.0,16.0,16.0,19.0,16.0,16.0,12.0,21.0,10.0,1.0,0.0,0.0,0.0,1747.1425570909433,0.0,0.0,0.0,0.0,0.0,2879.3126989983559,1727587.6193990135,2248849.8534922965,81.69342135046746,83.62848585881665,0.18097708996661189,0.38325062344941387,0.18014068700982978,83.62848585881665,0.17713239097194376,2248849.8534922965,0.11867019238159943 
 03/10  15:50:00,9.451666666666668,64.0,4.92,86.33333333333333,487.66666666666665,0.0,0.0,0.0,0.0,0.0,0.0,0.0,0.0,0.0,0.0,748.0,0.0,1672.5040880507727,45.50888266564665,116.61561999438017,50.14939870465419,1334.8096208941038,0.0,45.50888266564663,62.214092848682749,0.0,0.0,20.36041135662314,281.6192302227937,22.75426340457141,-625.7800760474829,20.552008230866119,-480.56473621951866,20.150200776690754,170.87930178256375,18.256897670987379,16.76076253874251,22.423238234942909,-404.57066471429837,18.859252592656565,198.83065210004225,17.113446104111938,120.1534089532446,18.177355375333425,165.61282691451107,542.7199143061644,150.76861618042586,0.0,0.0,0.0,0.0,0.0,0.0,0.0,0.0,0.0,0.0,0.0,0.0,0.0,0.0,0.0,0.0,0.0,0.0,0.0,0.0,0.0,0.0,1.3146541475943563,0.4012985798517571,295.93025910058386,355.36788190928248,7015.082116636266,0.20165169199764033,0.030777120268260129,231.70035842980256,277.5230690856229,5748.722449756459,2.92132389546701,0.5520264352734338,309.26595467726056,371.31918481225406,7464.432855541607,0.2937760273321655,0.05551323267803579,169.62977116810488,204.12259686650195,3926.610166254416,0.0,0.0,8.321956068667234,10.081795499794513,152.68172062131863,0.0,0.0,91.09740873585449,109.12778922137977,2261.446450707491,0.0,0.0,267.85121460959587,323.30823043501666,5486.071586071574,0.0,0.0,35.281875613252378,42.88695488143604,578.2657759804608,0.0,0.0,132.71171432904917,160.75546278727769,2446.0635606893158,21.91748563250237,15.032569020920697,420.19789646322809,506.20065722606116,9746.616959118313,0.0,0.0,159.5288246666235,192.8243281897724,3143.354809728069,0.0,21.097940283078949,34.87556202388184,21.0,30.0,0.0,21.71433499521674,33.50644375309612,16.0,30.0,1441.3729404611143,21.41314275670004,34.193618351689497,21.5,30.0,0.0,20.753881227924667,35.67515319731031,16.0,30.0,0.0,18.404235562328198,42.64822433859325,12.0,30.0,0.0,21.710324324220026,34.44809411132894,19.0,30.0,0.0,19.485666378054455,39.47029034975651,10.0,30.0,0.0,17.419831668554047,45.15039149952935,16.0,30.0,0.0,18.446891068016244,42.28663350364947,16.0,30.0,0.0,20.24747950656214,0.0,0.0,0.0,19.07701279612668,0.0,0.0,515.158021176496,513.4271282286532,514.3404066229559,516.3277232787947,544.0918956735487,536.1716038412327,535.2436700404034,539.4581518235823,538.6956881847343,10339.673035203705,81.16806255542937,84.65742244254339,60.0,0.0,60.0,60.0,16.0,16.0,19.0,16.0,16.0,12.0,21.0,10.0,1.0,0.0,0.0,0.0,1441.3729404611143,0.0,0.0,0.0,0.0,0.0,5280.716716140006,3168430.0296840036,4102371.3850917897,81.16806255542937,84.71668335730644,0.3460238905380002,0.7723629910580948,0.36028137401965956,84.71668335730644,0.3542647819438875,4102371.3850917897,0.21510997869143973 
 03/10  16:00:00,9.39,64.0,4.9,81.0,456.5,0.0,0.0,0.0,0.0,0.0,0.0,0.0,0.0,0.0,0.0,748.0,0.0,1532.8732691093633,39.63422077001396,101.56195316447495,45.96261632419112,1223.371532208999,0.0,39.63422077001394,54.18298465130645,0.0,0.0,20.407080879530136,331.5826435415165,22.770922510094559,-473.5848067333709,20.290088746172473,-256.3203316481972,20.149974523535258,319.6990143206617,18.280138387048319,17.040743741283707,22.387790164718014,-395.23057970262996,18.894002920814584,200.22244252755446,17.12798296109955,117.32782133001547,18.197484097548288,157.64678627834292,574.6383085660546,165.42130252735616,0.0,0.0,0.0,0.0,0.0,0.0,0.0,0.0,0.0,0.0,0.0,0.0,0.0,0.0,0.0,0.0,0.0,0.0,0.0,0.0,0.0,0.0,1.344895780693754,0.41052984758661606,291.8511419586107,350.3677015182474,7000.64934137477,0.21589039225821356,0.03295030406871391,191.74774136832586,229.45706285112744,4816.911566298973,2.797705986567639,0.5286670420573771,307.0149142814305,369.18660017161968,7271.832399773631,0.289024827585235,0.05461542471376321,194.09813688814865,233.5056997299568,4504.276271527206,0.0,0.0,8.415531331050487,10.195921998863641,155.73362391535648,0.0,0.0,90.18847716871356,108.05175754193668,2249.1439525634589,0.0,0.0,268.13277099947569,323.6465425831293,5541.951701620226,0.0,0.0,35.251841214361117,42.852438770607,583.2593413396601,0.0,0.0,132.82525714523883,160.89733583660672,2468.6230556461416,22.392453633979814,15.358335825774912,391.17516458337948,471.0996845949638,9269.495473571615,0.0,0.0,159.71361630616515,193.0704458962885,3163.3350701347028,0.0,21.176531424805085,34.493518208184827,21.0,30.0,0.0,21.821335385107049,33.21865639299122,16.0,30.0,231.76409161268729,20.976760048244775,34.89233216356798,21.0,30.0,0.0,20.764463394901087,35.35216780150486,16.0,30.0,0.0,18.420127490138265,42.42922809858959,12.0,30.0,0.0,21.70385122255648,34.2964629153515,19.0,30.0,0.0,19.516169595505617,39.167263122157759,10.0,30.0,0.0,17.43387864580428,44.90208365260074,16.0,30.0,0.0,18.46033791538025,42.0361676501261,16.0,30.0,0.0,20.342735284903556,0.0,0.0,0.0,19.064300239687449,0.0,0.0,510.85465234494645,512.1726421489822,510.3589064045449,510.2713179155146,540.3505901202619,532.1189083423899,530.4365016379085,535.4642052683403,534.3255611403602,6010.182070842229,84.03040185282889,84.03040185282889,60.0,0.0,60.0,60.0,16.0,16.0,19.0,16.0,16.0,12.0,21.0,10.0,1.0,0.0,0.0,0.0,231.76409161268729,0.0,0.0,0.0,0.0,0.0,0.0,0.0,0.0,84.03040185282889,84.03040185282889,0.34,0.7669029443412827,0.36028137401965956,84.03040185282889,0.3542647819438875,0.0,0.0018433333333333334 
 03/10  16:10:00,9.246666666666668,64.5,4.816666666666667,75.66666666666666,425.3333333333333,0.0,0.0,0.0,2.0,0.0,0.0,0.0,0.0,0.0,4.0,1496.0,0.0,1416.8209395798136,36.57782881093183,93.72995223633987,42.482823664876949,1130.7511867069994,0.0,36.577828810931809,50.00466512363669,0.0,0.0,20.381542719360398,237.881671922411,22.667795700965177,-651.1997352330218,20.958537973974314,-993.3937489100131,20.230766780278264,549.5919622731358,18.296788632633665,11.831098983848918,22.56097070828359,-47.59981213271419,18.725226790812856,-3.185271543643694,17.13512845356569,105.28498094146289,18.20504604615781,117.39858508146767,588.8479993834567,125.7660779641376,0.0,0.0,0.0,0.0,0.0,0.0,0.0,0.0,0.0,0.0,0.0,0.0,0.0,0.0,0.0,0.0,0.0,0.0,0.0,0.0,0.0,0.0,1.4217670956732345,0.43399483994909479,251.46253736763837,302.30986714355915,6067.29413641268,0.2226282212886918,0.03397866625285284,237.2516051888049,284.67368796225687,5968.917402848892,2.356916926808044,0.4453735689357605,294.00201029258155,352.30088571283957,7594.105701819099,0.3047781006589605,0.057592233684610808,297.45427065997355,357.65558640342575,7061.123056782329,0.0,0.0,6.21367340260814,7.537087541200476,116.84985084113863,0.0,0.0,11.84989739762875,14.191578502360784,307.64143892667109,0.0,0.0,167.55509868013616,202.79190117645212,3390.323829768871,0.0,0.0,32.83656532135818,39.9708268770154,552.9733910942803,0.0,0.0,112.05898258997653,135.95411236075968,2113.5882909890995,22.862085673550167,15.680442848799843,496.2984043921916,598.0507900771303,11699.025194486543,0.0,0.0,136.65931345074999,165.5115099616213,2717.6718064216795,0.0,21.08694248984005,34.626456757250718,21.0,30.0,0.0,21.67525445626796,33.35558875412376,16.0,30.0,823.4711029731163,21.97244995781105,33.36449335880285,21.5,30.0,0.0,20.896084569827559,35.44646901917912,16.0,30.0,0.0,18.424081360064137,42.296891992954417,12.0,30.0,0.0,22.07830140741541,35.04190152049952,19.0,30.0,0.0,19.138421659659018,39.88434247622488,10.0,30.0,0.0,17.43473723083862,44.74787828701246,16.0,30.0,0.0,18.451094259166206,41.91509402601141,16.0,30.0,0.0,20.34163158744503,0.0,0.0,0.0,18.95123404651122,0.0,0.0,510.69135822553167,512.7032382962627,550.5732297042201,535.7745347771122,538.018277511067,622.6477403251221,526.3167965123823,532.7701221451584,531.6539539224672,4816.87139018008,81.54800756901567,81.54800756901567,1744.0,0.0,1744.0,1744.0,16.0,16.0,19.0,16.0,16.0,12.0,21.0,10.0,1.0,0.0,0.0,0.0,823.4711029731163,0.0,0.0,0.0,0.0,0.0,0.0,0.0,0.0,81.54800756901567,81.54800756901567,0.17,0.3851878506266987,0.18014068700982978,81.54800756901567,0.17713239097194376,0.0,0.05522666666666667 
 03/10  16:20:00,9.103333333333334,65.0,4.733333333333334,70.33333333333334,394.16666666666665,0.0,0.0,0.0,2.0,0.0,0.0,0.0,0.0,0.0,4.0,750.0,0.0,1301.0760624711493,33.52538813755014,85.90808452407558,39.01225101478461,1038.3762287497867,0.0,33.52538813755012,45.83174730308519,0.0,0.0,20.72017935737216,-41.43324126488096,22.57263960128574,-571.7492865075346,20.873184899223888,-745.534293181935,20.382008588470727,356.1854072752667,18.30716506803165,9.34942771247708,22.82850485264523,-63.42638336496637,18.59778374057946,77.56070035760149,17.12601109505442,94.6530087442593,18.180391810830974,86.5174654688849,600.550015404333,107.89088965094516,0.0,0.0,0.0,0.0,0.0,0.0,0.0,0.0,0.0,0.0,0.0,0.0,0.0,0.0,0.0,0.0,0.0,0.0,0.0,0.0,0.0,0.0,1.4702189281603356,0.448784776605719,247.80227528260699,297.18644880466868,6269.075880854714,0.2352128742375164,0.03589940082990177,230.66237429267583,276.5668828069318,5837.246719447339,2.285739063088483,0.4319234813092373,271.72540971012736,325.83083965136145,6964.596761317856,0.28244660826571318,0.053372374955728097,272.68989523463616,327.60982892675977,6643.00427073806,0.0,0.0,6.199290083339713,7.512178489084851,118.37275953081388,0.0,0.0,12.753082429178372,15.225564247615136,346.80601225508385,0.0,0.0,148.9568934326351,180.2268836481241,2992.5480504962877,0.0,0.0,31.185675408444035,37.92431691963944,532.8012603696016,0.0,0.0,94.44750447250502,114.48622960474268,1797.8854007410014,23.306188693540663,15.985040256200735,470.14032156362648,566.1442753738795,11316.2578134951,0.0,0.0,117.3285574488786,142.01999423435138,2331.211791300152,647.6889490066291,21.541440020214396,33.7143939974401,21.5,30.0,0.0,21.5983010898873,33.57414817344784,16.0,30.0,0.0,21.683730774482418,34.135411888207958,21.0,30.0,0.0,21.09599481334579,35.19195197872152,16.0,30.0,0.0,18.419682198694895,42.18040424089298,12.0,30.0,0.0,22.565175481022174,36.07899856430218,19.0,30.0,0.0,18.92298137045446,40.315875908009967,10.0,30.0,0.0,17.40782647445802,44.6865286882623,16.0,30.0,0.0,18.38877228198669,41.96334158938037,16.0,30.0,0.0,20.399904225648496,0.0,0.0,0.0,18.796383639556553,0.0,0.0,516.6030580421943,519.4348339310045,560.5965515953245,549.0059921748182,536.4111062966043,742.2307470737003,525.2100713299664,531.4848490878359,530.6303411621698,9660.75939452245,81.61706283752531,81.61706283752531,1744.0,0.0,1744.0,1744.0,16.0,16.0,19.0,16.0,16.0,12.0,21.0,10.0,1.0,0.0,647.6889490066291,0.0,0.0,0.0,0.0,0.0,0.0,0.0,0.0,0.0,0.0,81.61706283752531,81.61706283752531,0.34,0.7724681977966499,0.36028137401965956,81.61706283752531,0.3542647819438875,0.0,0.05590488888888889 
 03/10  16:30:00,8.96,65.5,4.65,65.0,363.0,0.0,0.0,0.0,2.0,0.0,0.0,0.0,0.0,0.0,4.0,750.0,0.0,1187.179388230102,30.52006748630729,78.20696800334146,35.59709704054039,947.4763150036425,0.0,30.520067486307274,41.72324612519037,0.0,0.0,20.76161829774043,24.685010393049198,22.59402097446833,-343.8233507659879,20.9502747056686,-759.0549522402907,20.360489790813554,350.46778512882158,18.317601722971565,10.562567692533833,22.96957748232713,-80.70774091443644,18.65991903607935,146.29227006011252,17.11875085554421,93.50293316233445,18.160162196187174,89.19760968688274,594.4918371255662,163.4725305013576,0.0,0.0,0.0,0.0,0.0,0.0,0.0,0.0,0.0,0.0,0.0,0.0,0.0,0.0,0.0,0.0,0.0,0.0,0.0,0.0,0.0,0.0,1.3145806317830609,0.4012761391279185,133.9239101995995,160.6672754388599,3397.4578404909327,0.23815153224144659,0.036347913956264746,121.44031919389951,145.49588182232595,3148.981613072193,2.841320034188998,0.5369085476547617,264.8935319517579,317.38421309079959,6919.952925764017,0.3263642472634868,0.061671248538073829,277.9380809206275,333.8489597918914,6804.583705314199,0.0,0.0,7.2152329862194028,8.745076669664991,139.87322412237428,0.0,0.0,13.819401034887552,16.483196983050605,386.78764311181706,0.0,0.0,175.87355293840819,212.7404955079965,3624.835254132464,0.0,0.0,33.58059372555607,40.84543991717423,582.2947443515029,0.0,0.0,112.78602568201358,136.75025366538348,2170.2310411151245,24.134414691894944,16.553096496498598,345.8977538894685,416.4689818179602,8525.726086253355,0.0,0.0,138.0686859601111,167.1551343684844,2778.0430764177456,0.0,21.384982656084156,34.11886018257686,21.0,30.0,0.0,21.754539071781627,33.471569279699668,16.0,30.0,0.0,21.741334949190898,34.246741119234318,21.0,30.0,0.0,21.020237829157517,35.60324797389683,16.0,30.0,0.0,18.41792470499297,42.05154661857351,12.0,30.0,0.0,22.829933598693626,36.676596465114588,19.0,30.0,0.0,19.03805231017976,39.986835445111058,10.0,30.0,0.0,17.3876654893255,44.72622445989328,16.0,30.0,0.0,18.345048505476819,42.06094932352796,16.0,30.0,0.0,20.30107477399326,0.0,0.0,0.0,18.773698311991955,0.0,0.0,524.2226200312689,538.9080500283945,582.103385474931,568.0711655057703,536.0558066111655,806.4579359563776,531.3434287641178,538.171166863588,538.4004852957041,0.0,82.02561391838383,82.02561391838383,1744.0,0.0,1744.0,1744.0,16.0,16.0,19.0,16.0,16.0,12.0,21.0,10.0,1.0,0.0,0.0,0.0,0.0,0.0,0.0,0.0,0.0,0.0,0.0,0.0,0.0,82.02561391838383,82.02561391838383,0.0,0.0,0.0,82.02561391838383,0.0,0.0,0.05658311111111112 
 03/10  16:40:00,8.816666666666667,66.0,4.566666666666667,57.00000000000001,352.66666666666665,0.0,0.0,0.0,2.0,0.0,0.0,0.0,0.0,0.0,4.0,375.0,0.0,1115.1531054051553,26.88179222336304,68.88395846400766,33.43740728114745,889.9927242538345,0.0,26.881792223363026,36.74944800580156,0.0,0.0,20.557321873281038,219.52214120721875,22.4790108006463,-581.5587998490773,20.984375645673305,-748.4267818987246,20.361887292999726,318.0292183068359,18.33077424789816,10.056705874607815,23.073616201820223,-80.5956146995835,18.6095895760251,81.09681435810217,17.113169749219219,89.31460511968658,18.147918373677947,84.30103761506871,629.2241880092988,162.43203934568374,0.0,0.0,0.0,0.0,0.0,0.0,0.0,0.0,0.0,0.0,0.0,0.0,0.0,0.0,0.0,0.0,0.0,0.0,0.0,0.0,0.0,0.0,1.4390937918959646,0.43928381926006246,246.71438364399206,295.69120458394039,6185.221364687689,0.22868355513225042,0.03490286250492223,233.41975046199253,279.31942448304968,6036.010870084122,2.49180924167444,0.470863424352691,255.26813046168008,305.245100563521,6736.848404034263,0.29281757963118668,0.055332120111713258,260.59033867015116,312.3854322168597,6445.489249382252,0.0,0.0,6.489988064852663,7.848976371623236,127.78971292205356,0.0,0.0,14.215200028086484,16.89789210661348,407.69993095745925,0.0,0.0,159.32365162849212,192.3736320387202,3293.9882245879546,0.0,0.0,31.797310113375905,38.59508485614148,559.8766111269795,0.0,0.0,103.27745039017047,124.9512298639785,2012.3263889382363,24.236512736272723,16.623122590036169,454.6428619265996,546.1608598048947,11297.643943175937,0.0,0.0,127.21345053210972,153.72242592393284,2569.828790984181,0.0,21.108803443300709,34.97530775261195,21.0,30.0,0.0,21.577426604264877,33.88812353006449,16.0,30.0,0.0,21.73330562302049,34.29921024467268,21.0,30.0,0.0,20.995988795298716,35.94954002162227,19.0,30.0,0.0,18.419367830744919,42.01416496029019,12.0,30.0,0.0,23.032094832629448,37.18414726925758,19.0,30.0,0.0,18.918001833123918,40.31556225219668,10.0,30.0,0.0,17.37049780407219,44.795798114730207,16.0,30.0,0.0,18.315509247151245,42.1650863174699,16.0,30.0,0.0,20.43427898303541,0.0,0.0,0.0,18.66397439107738,0.0,0.0,547.7063049796857,545.0154796969944,586.441339152055,588.5569085384396,539.7891936675179,858.2787401255907,535.9184602117637,544.7484362356166,543.7359122036708,0.0,82.02561391838383,82.02561391838383,1744.0,0.0,1744.0,1744.0,16.0,19.0,19.0,16.0,16.0,12.0,21.0,10.0,1.0,0.0,0.0,0.0,0.0,0.0,0.0,0.0,0.0,0.0,0.0,0.0,0.0,82.02561391838383,82.02561391838383,0.0,0.0,0.0,82.02561391838383,0.0,0.0,0.05726133333333333 
 03/10  16:50:00,8.673333333333334,66.5,4.483333333333333,49.0,342.33333333333339,0.0,0.0,0.0,2.0,0.0,0.0,0.0,0.0,0.0,4.0,375.0,0.0,1042.6757727230493,23.215358160519906,59.48879598898635,31.264193381283648,832.1491594488268,0.0,23.215358160519896,31.737154672098499,0.0,0.0,20.4947662272496,160.79305448806736,22.415576508109738,-477.4543282487939,21.0408458814546,-763.8453892855923,20.383769662905779,343.47587376973936,18.344042533423158,8.278086677119433,23.113423492732346,-88.36375649096931,18.591423790661346,84.7888156484205,17.105597531723427,83.10161479439558,18.132949406710087,68.57110316147737,618.7469455298306,164.372497542955,0.0,0.0,0.0,0.0,0.0,0.0,0.0,0.0,0.0,0.0,0.0,0.0,0.0,0.0,0.0,0.0,0.0,0.0,0.0,0.0,0.0,0.0,1.4755169941278077,0.4504020128595262,225.50953391989723,270.4066521620281,5676.6669097645149,0.2455262370661509,0.03747347940570069,209.67357970646078,250.9482980842648,5474.480656419949,2.3317774237699306,0.4406230959504783,269.76899616230966,322.5778934614268,7210.632181921096,0.28798734562777097,0.054419377480682328,271.5902398421243,325.57883390685529,6811.443461518646,0.0,0.0,6.464239212032394,7.818561021638353,129.2108615402346,0.0,0.0,14.566217984763315,17.30994413195536,424.31597840164997,0.0,0.0,149.8626393668214,180.98895588785158,3130.3104440433187,0.0,0.0,30.81322584651298,37.4062160243023,550.4585601639444,0.0,0.0,94.73102118306858,114.63384864369941,1867.5266429430115,24.548197873177487,16.83689840409979,445.3294873548326,535.1340663727136,11152.300552301125,0.0,0.0,117.69394897641536,142.28714889384478,2384.384239006019,42.501359188467869,21.001246733159236,35.13631969533029,21.0,30.0,0.0,21.552962833593033,33.950059347054239,16.0,30.0,0.0,21.770161168212537,34.19933649844495,21.0,30.0,0.0,21.02370358520616,35.81106063514497,19.0,30.0,0.0,18.420941092992707,42.005243893883257,12.0,30.0,0.0,23.114291855696906,37.43092532259702,19.0,30.0,0.0,18.876504200942294,40.532401663262408,10.0,30.0,0.0,17.350727496013396,44.9313100412952,16.0,30.0,0.0,18.28217850009161,42.32253941107207,16.0,30.0,0.0,20.35683994099062,0.0,0.0,0.0,18.544076333173888,0.0,0.0,544.9754553985941,546.7522241960778,586.1341258041947,584.9122735664288,543.1085565165067,880.305142942634,545.2012535703948,548.8752701327046,547.5751173257169,9303.519920692508,81.85331124873794,81.85331124873795,1744.0,0.0,1744.0,1744.0,16.0,19.0,19.0,16.0,16.0,12.0,21.0,10.0,1.0,0.0,42.501359188467869,0.0,0.0,0.0,0.0,0.0,0.0,0.0,0.0,0.0,0.0,81.85331124873794,81.85331124873794,0.34,0.6179219628571647,0.36028137401965956,81.85331124873794,0.3542647819438875,0.0,0.05706755555555556 
 03/10  17:00:00,8.53,67.0,4.4,41.0,332.0,0.0,0.0,0.0,2.0,0.0,0.0,0.0,0.0,0.0,4.0,1504.0,0.0,981.6426969688928,21.189587879328369,54.297744787101418,29.434129883812248,783.4391333422079,0.0,21.189587879328358,28.967773114434153,0.0,0.0,21.05168195688443,-581.7872879234217,22.46399519575766,-106.2079649205989,21.08110407741873,-770.3478660331734,20.404701403946939,343.96343547273229,18.357835759280087,7.407535119915309,23.122501225977403,-100.63781844359434,18.648572920076153,162.52976657687624,17.09804470967061,75.74041883921575,18.117561899140136,48.37807405405567,655.3419173285279,200.08460807620373,0.0,0.0,0.0,0.0,0.0,0.0,0.0,0.0,0.0,0.0,0.0,0.0,0.0,0.0,0.0,0.0,0.0,0.0,0.0,0.0,0.0,0.0,1.3979500330857878,0.426724674324111,220.04612661387666,264.01949264333828,5973.296862434981,0.26587942922480325,0.040579888465324068,165.64447501821537,198.9310769335034,4419.795917091856,2.6761637626657928,0.5056998795664766,265.4419831588607,318.4756902916712,7182.376092411878,0.31859777946210918,0.060203662029876998,276.1872421087399,332.18422679006576,7013.753614001653,0.0,0.0,7.4459456703991659,9.034989728535868,150.9970069241608,0.0,0.0,14.67755426839142,17.510727052093775,432.2197350394573,0.0,0.0,165.32389490543523,200.21488580229403,3538.43615701936,0.0,0.0,32.41433023884721,39.48117146476761,587.2052513775608,0.0,0.0,102.28949630124169,124.18600899699109,2039.5925035714989,25.257833704352409,17.323617081174498,425.26694993296669,512.7268383288929,10874.12221502539,0.0,0.0,126.47458003266607,153.4353632650307,2578.1352482077447,1055.6049949029105,21.84885429905202,33.49983148873294,21.75,30.0,0.0,21.739401677494216,33.69845226756487,16.0,30.0,0.0,21.774859552587225,34.39820807093973,21.0,30.0,0.0,21.039956872135137,35.889909173925648,19.0,30.0,0.0,18.423322902764889,41.98859626683226,12.0,30.0,0.0,23.1368537970409,37.592373158572829,19.0,30.0,0.0,18.987025455810053,40.33735988468909,10.0,30.0,0.0,17.332781806583165,45.13447692691558,16.0,30.0,0.0,18.25232848180638,42.56805492709869,16.0,30.0,0.0,20.41949794427133,0.0,0.0,0.0,18.461125116716077,0.0,0.0,559.3698720303314,556.6000014240497,604.4116085935941,595.7344356292924,545.7097340659418,890.8273618048406,553.6842890652029,558.0226879287588,558.6843013014227,6151.494096553055,82.31644768351237,82.31644768351237,1744.0,0.0,1744.0,1744.0,16.0,19.0,19.0,16.0,16.0,12.0,21.0,10.0,1.0,0.0,1055.6049949029105,0.0,0.0,0.0,0.0,0.0,0.0,0.0,0.0,0.0,0.0,82.31644768351237,82.31644768351237,0.255,0.5764603711168823,0.27021103051474468,82.31644768351237,0.2656985864579156,0.0,0.05687377777777778 
 03/10  17:10:00,8.351666666666667,67.66666666666667,4.326666666666667,32.99999999999999,321.66666666666665,0.0,4.0,0.0,0.0,0.0,0.0,0.0,0.0,0.0,0.0,1508.0,0.0,910.4315610399996,17.18282404394587,44.030511855913029,27.29888302357793,726.6061147959722,0.0,17.182824043945865,23.490223179651797,0.0,0.0,20.68889376902028,128.55095580900525,22.421597356112288,-700.0942768140512,20.724920235173128,-140.14392181771303,20.436387612354886,-36.90909987079377,18.379546842114807,17.950490135435744,22.81871899971992,-632.1887543132998,18.930545530308107,321.4873421407933,17.103544597882157,97.45968957269833,18.124948765201049,118.44918854949833,543.602111353114,413.71149769792307,0.0,0.0,0.0,0.0,0.0,0.0,0.0,0.0,0.0,0.0,0.0,0.0,0.0,0.0,0.0,0.0,0.0,0.0,0.0,0.0,0.0,0.0,1.4132463558716875,0.43139388152371418,232.61890814582868,279.69173735957897,6115.258076966737,0.23369972673224724,0.0356684564609657,203.2949620000294,244.05951298542966,5483.882246280139,2.936881816318288,0.5549663296141892,96.68593131115104,116.31420115571633,2621.8247097140845,0.2823856514013867,0.05336085627388258,12.879257692230022,15.494510093264035,337.3328092025522,0.0,0.0,9.423053880576111,11.43555900154752,194.92054959365454,0.0,0.0,104.6512088815416,125.15816685363679,3008.521407732685,0.0,0.0,308.10206347663179,372.5627983134212,7010.190312772662,0.0,0.0,37.41692981981561,45.58314952548629,692.4316716193046,0.0,0.0,159.86139932322767,194.1444798835316,3252.7789243298177,25.407162306206634,17.42603724705531,200.81805352115266,242.61610955036998,5296.866444684912,0.0,0.0,190.7380337271935,231.26267651154553,4053.109737058238,0.0,21.24182017832886,34.73913038940908,21.0,30.0,0.0,21.66864816228108,33.560090903986779,16.0,30.0,0.0,21.249737122083127,34.8578531413448,21.0,30.0,0.0,20.985278953076685,39.27750077510731,19.0,30.0,0.0,18.443010946863848,42.3474800785472,12.0,30.0,0.0,22.60166540328515,34.71275169557586,16.0,30.0,0.0,19.502036660172509,40.43397198977806,10.0,30.0,0.0,17.34393595641209,45.98395126764892,16.0,30.0,0.0,18.27428085584492,43.65282461746771,16.0,30.0,0.0,19.836188411440945,0.0,0.0,0.0,18.6883418765275,0.0,0.0,570.1033504929629,561.4307077687627,577.2278820675899,783.2034970360514,568.6081455861053,683.5172066617447,618.3904007675104,599.7424349448074,613.9071707475868,0.0,81.52105203231298,81.52105203231298,162.0,0.0,162.0,162.0,16.0,19.0,16.0,16.0,16.0,12.0,21.0,10.0,1.0,0.0,0.0,0.0,0.0,0.0,0.0,0.0,0.0,0.0,0.0,0.0,0.0,81.52105203231298,81.52105203231298,0.0,0.0,0.0,81.52105203231298,0.0,0.0,0.005265000000000001 
 03/10  17:20:00,8.173333333333332,68.33333333333334,4.253333333333334,25.0,311.3333333333333,0.0,4.0,0.0,0.0,0.0,0.0,0.0,0.0,0.0,0.0,756.0,0.0,835.1402023875501,13.131984456130854,33.650340301315697,25.04129327408822,666.5167205506157,0.0,13.131984456130848,17.95241834970185,0.0,0.0,20.946632932951454,-62.44372816365876,22.191509516623844,-564.892133593466,20.88830486818111,-163.2174922880878,20.413958502871937,-43.280716488834119,18.403570224514846,17.60929561177801,22.398136210935158,-481.59446871823686,19.03895736488773,177.44918235183014,17.11640728742274,94.7040676691272,18.15001202007948,107.88155482631282,493.16282510722888,414.60046734640266,0.0,0.0,0.0,0.0,0.0,0.0,0.0,0.0,0.0,0.0,0.0,0.0,0.0,0.0,0.0,0.0,0.0,0.0,0.0,0.0,0.0,0.0,1.4490813539252799,0.44233252561821737,181.5412177466423,217.90291686444955,4950.182163366893,0.24793861656129494,0.03784166919433683,175.8379324589289,211.1980616020441,4702.215453299134,2.966805144430853,0.5606207755916203,66.77531730286916,79.87542507965358,1937.87572476094,0.25492715596932916,0.04817217610909468,11.252374649461676,13.502974909863845,297.52044091100358,0.0,0.0,9.209911029782738,11.166033962273044,194.3532835536835,0.0,0.0,101.09096474193622,121.11358965107039,2822.3691056081809,0.0,0.0,298.6235936492434,360.5296581225198,6994.251829785553,0.0,0.0,36.85115776902191,44.83577430126262,697.2695407203963,0.0,0.0,153.18807825311999,185.76344793053807,3187.048979798452,25.719897162178307,17.640533033044116,151.1180506768638,182.6407336939791,4092.3181094951989,0.0,0.0,183.41897706381486,222.21624851134895,3923.438419801666,600.9852159459636,21.585716773589298,33.803340230822069,21.5,30.0,0.0,21.34994807677679,34.06746877097318,16.0,30.0,1074.0442653510382,21.513846548374106,34.399745870016328,21.5,30.0,0.0,20.912655068637699,44.03850726113288,19.0,30.0,0.0,18.46671225354081,42.725474388801249,12.0,30.0,0.0,21.95618549046393,34.7489887404307,16.0,30.0,0.0,19.645355655217494,40.12099721008429,10.0,30.0,0.0,17.364980687207149,46.582890540374879,16.0,30.0,0.0,18.31520582535392,43.880238132374817,16.0,30.0,0.0,19.514684606748049,0.0,0.0,0.0,18.596637409440605,0.0,0.0,564.447170810459,561.1594253127602,586.5777502764695,1044.6995597608589,592.5786947013928,619.2685789950588,622.7531886830295,628.623879646168,629.7482977226107,8359.510231493136,82.4774673164192,82.4774673164192,162.0,0.0,162.0,162.0,16.0,19.0,16.0,16.0,16.0,12.0,21.0,10.0,1.0,0.0,600.9852159459636,0.0,1074.0442653510382,0.0,0.0,0.0,0.0,0.0,0.0,0.0,0.0,82.4774673164192,82.4774673164192,0.34,0.7712459874160995,0.36028137401965956,82.4774673164192,0.3542647819438875,0.0,0.005301 
 03/10  17:30:00,7.994999999999999,69.0,4.18,17.0,301.0,0.0,4.0,0.0,0.0,0.0,0.0,0.0,0.0,0.0,0.0,1134.0,0.0,707.048132094048,9.782410340741455,25.06712526406652,21.200502450971123,564.2876690548975,0.0,9.782410340741452,13.373296586827009,0.0,0.0,20.87400574350646,-113.51271033948032,22.158819418133019,-285.012674131731,20.80308777175317,-268.33845011045897,20.40427416852576,-40.53365212307379,18.41940225784446,16.443576683087878,22.15564949289967,-396.0732606198629,19.006444754945087,155.59953125265074,17.11855688056683,87.32354379389142,18.15273933807499,84.12321216907273,546.0754426335032,421.03281032946338,0.0,0.0,0.0,0.0,0.0,0.0,0.0,0.0,0.0,0.0,0.0,0.0,0.0,0.0,0.0,0.0,0.0,0.0,0.0,0.0,0.0,0.0,1.4915225830680917,0.45528772376925866,211.78145642704048,254.67589652453274,5716.68801762789,0.2810244725796793,0.042891403018876558,132.36638054973325,159.01558656852456,3619.291836272603,2.8194495957605909,0.5327758117461433,106.50703160416147,127.97860622142554,2925.9566397460278,0.25039082622685018,0.047314970942337487,9.920412081929712,11.906405551333762,266.0003745968962,0.0,0.0,8.986919795527822,10.90425778687976,193.1262899949807,0.0,0.0,90.88226669650499,109.05733027467784,2525.277773960868,0.0,0.0,287.67268407210619,347.7791300783894,6781.303855204482,0.0,0.0,36.32069293566834,44.23405769931131,700.5192989770883,0.0,0.0,147.87354171441886,179.51429811695398,3129.7064895326627,26.365089235763308,18.083051602032449,166.6114902892811,201.43135919352086,4578.27380313436,0.0,0.0,177.49096558219697,215.34269973388326,3822.6133679065935,0.0,21.206875466727256,34.57088259041633,20.999999999999994,29.99999999999999,0.0,21.465142143374455,33.795554521193547,15.999999999999993,29.99999999999999,0.0,21.295429725417,34.65769307240642,20.999999999999994,29.99999999999999,0.0,20.877884041994645,46.95431039669216,18.999999999999994,29.99999999999999,0.0,18.477424676954209,42.83880170216895,11.999999999999995,29.99999999999999,0.0,21.70468733699631,35.16181197507552,15.999999999999993,29.99999999999999,0.0,19.536849791128405,40.055166543956008,9.999999999999997,29.99999999999999,0.0,17.364622940482755,46.36565403951761,15.999999999999993,29.99999999999999,0.0,18.31245082677471,43.60626125742987,15.999999999999993,29.99999999999999,0.0,19.581525640876845,0.0,0.0,0.0,18.486724050464468,0.0,0.0,570.5931747480797,564.406718560552,589.9968086893169,1208.4224166323027,602.4172967393522,616.4301936416598,613.1222569468306,623.6918513710917,622.1285117804627,0.0,81.73639493729081,81.73639493729081,161.99999999999995,0.0,161.99999999999995,161.99999999999995,16.0,19.0,16.0,16.0,16.0,12.0,21.0,10.0,1.0,0.0,0.0,0.0,0.0,0.0,0.0,0.0,0.0,0.0,0.0,0.0,0.0,81.73639493729081,81.73639493729081,0.0,0.0,0.0,81.73639493729081,0.0,0.0,0.005337 
 03/10  17:40:00,7.816666666666666,69.66666666666666,4.1066666666666669,14.166666666666668,250.83333333333335,0.0,4.0,0.0,0.0,0.0,0.0,0.0,0.0,0.0,0.0,758.0,0.0,543.053367258805,7.677140653206947,19.672401719026767,16.283192827865933,433.40512527453168,0.0,7.677140653206943,10.495233313463885,0.0,0.0,21.067652125747168,-157.9462019540815,22.004976365432169,-414.05093067363915,20.984546048361176,-328.32515720337696,20.395700902895457,-51.26843305440026,18.42588494420461,14.466268856978479,21.92623792893,-354.23868129248026,18.974516524614115,138.4244302067146,17.11133430776471,78.1548259724207,18.136819804012139,57.93066311971463,521.7856956967601,437.7826890561138,0.0,0.0,0.0,0.0,0.0,0.0,0.0,0.0,0.0,0.0,0.0,0.0,0.0,0.0,0.0,0.0,0.0,0.0,0.0,0.0,0.0,0.0,1.5051977604832994,0.4594620758496032,200.2312877481374,240.30252863428309,5622.069726711098,0.2768381448871215,0.042252464115861049,115.29710489733044,138.56677085775906,3164.319516044812,2.8630103268964315,0.5410072424218506,72.55568204484705,86.95064485505547,2125.5507924061187,0.2252803298338534,0.042569979182511989,13.95581735519334,16.74912709000203,375.30239976912449,0.0,0.0,8.673085367284955,10.516655716147494,189.5805839306164,0.0,0.0,88.34211573116213,106.03562348434819,2447.2405897264545,0.0,0.0,278.9955803184173,337.180617747361,6633.800461147022,0.0,0.0,35.70697058617192,43.46372181657427,700.7064138203824,0.0,0.0,142.85873331970317,173.33966861666785,3066.941852111704,26.676402396094106,18.2965722881304,147.18686646588277,177.9682432059455,4117.502864160753,0.0,0.0,171.91388221678649,208.56844348709064,3710.065573748514,647.605301170159,21.58025773668046,34.01752440959416,21.500000000000008,30.00000000000001,0.0,21.3251978990708,33.77915133162793,21.000000000000008,30.00000000000001,1249.108065002639,21.620796696544116,34.76105444879112,21.500000000000008,30.00000000000001,0.0,20.8469774000586,47.92647804947228,19.000000000000008,30.00000000000001,0.0,18.47652468198305,42.83429890516619,12.000000000000004,30.00000000000001,0.0,21.470255471968515,35.464512623862997,16.000000000000008,30.00000000000001,0.0,19.45294718762296,40.096041378678759,10.000000000000004,30.00000000000001,0.0,17.347303624834969,46.1539650084093,16.000000000000008,30.00000000000001,0.0,18.27860402330246,43.45451877178752,16.000000000000008,30.00000000000001,0.0,19.434331426453299,0.0,0.0,0.0,18.32192976634034,0.0,0.0,590.2135917777169,561.7026893642226,642.4366473560804,1271.1484832353268,606.7278545237443,610.5727681814033,609.3902019079942,617.6927171676091,616.0436722749043,9053.69045430395,82.0184539203056,82.0184539203056,162.00000000000007,0.0,162.00000000000007,162.00000000000007,21.0,19.0,16.0,16.0,16.0,12.0,21.0,10.0,1.0,0.0,647.605301170159,0.0,1249.108065002639,0.0,0.0,0.0,0.0,0.0,0.0,0.0,0.0,82.0184539203056,82.0184539203056,0.34000000000000016,0.7713353823725953,0.36028137401965967,82.0184539203056,0.3542647819438876,0.0,0.005373 
 03/10  17:50:00,7.638333333333333,70.33333333333334,4.033333333333333,11.333333333333334,200.66666666666669,0.0,4.0,0.0,0.0,0.0,0.0,0.0,0.0,0.0,0.0,758.0,0.0,389.16642926341458,5.700057457867727,14.60616734836831,11.668963778696727,310.5895554682338,0.0,5.700057457867723,7.792410693359094,0.0,0.0,20.88185860042019,-337.36438346749267,22.029876491428629,26.533972465468879,20.796709926142677,-168.75930963336078,20.39893677645691,-39.00955758590308,18.42894890969019,14.661210197031807,21.717573184508465,-304.9334100117958,18.980921737394597,148.58569777345748,17.093121996476336,67.1957672895503,18.09855738056499,25.902770581397819,515.8300391927414,500.9744860585133,0.0,0.0,0.0,0.0,0.0,0.0,0.0,0.0,0.0,0.0,0.0,0.0,0.0,0.0,0.0,0.0,0.0,0.0,0.0,0.0,0.0,0.0,1.5158057393378819,0.4627001646330531,166.97919580956285,200.60932184939885,4643.4001316220069,0.2891254705472479,0.04412781907009279,61.56061575208477,73.9666589986361,1745.0180430222034,2.8487262844418517,0.5383080658431316,105.94495237017859,127.28897968149764,3009.093374592409,0.2818529462279417,0.053260193920623897,14.335392748305115,17.221541382056818,392.06693256814637,0.0,0.0,8.940514965789897,10.842688809195014,198.61040454918499,0.0,0.0,80.24733974013137,96.37820618651183,2226.641973757658,0.0,0.0,287.9484899130118,348.09789312011108,6944.419390531955,0.0,0.0,36.58123004789704,44.543044893904617,728.7497008872359,0.0,0.0,150.80412966630633,183.0742619778381,3272.232343801773,27.508963071697239,18.86760155809139,114.79438594828875,138.81086617571178,3391.04335913416,0.0,0.0,180.63230018307855,219.28432726541124,3926.542331749649,190.94538778833849,21.25313654450673,34.96016506702592,21.0,30.0,0.0,21.59383025959022,33.4438253612043,21.0,30.0,0.0,21.279406963856475,34.82244887208675,21.0,30.0,0.0,20.842761232138835,48.10261237941131,19.0,30.0,0.0,18.47051327970616,42.71076778181883,12.0,30.0,0.0,21.307184541297276,35.55748182209657,16.0,30.0,0.0,19.43923037341208,39.73922162436837,10.0,30.0,0.0,17.3113772372404,45.88674428109893,16.0,30.0,0.0,18.208707102420218,43.255948636279828,16.0,30.0,0.0,19.313806148806159,0.0,0.0,0.0,18.213287884081504,0.0,0.0,619.950438353065,570.9182848757394,613.8197567047114,1287.7154395920166,607.126534351017,605.984786785076,602.613002012223,611.1414793696758,609.4139728834125,4104.719255399303,81.80518727556599,81.80518727556599,162.0,0.0,162.0,162.0,21.0,19.0,16.0,16.0,16.0,12.0,21.0,10.0,1.0,0.0,190.94538778833849,0.0,0.0,0.0,0.0,0.0,0.0,0.0,0.0,0.0,0.0,81.80518727556599,81.80518727556599,0.17,0.3097771193242362,0.18014068700982978,81.80518727556599,0.17713239097194376,0.0,0.005427 
 03/10  18:00:00,7.46,71.0,3.96,0.0,0.0,0.0,4.0,0.0,0.0,0.0,0.0,0.0,0.0,0.0,0.0,1520.0,0.0,0.0,0.0,0.0,0.0,0.0,0.0,0.0,0.0,0.0,0.0,21.291597255842399,-1249.055388220728,21.85252734309138,-142.26106124979862,20.83998954011591,74.14759968190427,20.391634156817945,-58.65310793878322,18.409933766596195,13.433158639486905,21.406289773054504,-286.4731871338997,18.97919202098049,140.8567834010928,17.075150142846075,59.5769962053713,18.06336903856606,4.904614394171176,684.4994065930202,521.5163055264929,0.0,0.0,0.0,0.0,0.0,0.0,0.0,0.0,0.0,0.0,0.0,0.0,0.0,0.0,0.0,0.0,0.0,0.0,0.0,0.0,0.0,0.0,1.518569142636315,0.46354369433342948,326.3896778044506,391.76157996402795,9506.53702684194,0.2805398297381125,0.042817434331213748,119.4741011495341,143.66562128614818,3413.4038698108467,3.2376561050748,0.6118019850859413,183.25178260155367,220.09091683119906,5264.354451370853,0.25062222428970479,0.047358696955726507,14.98249527070547,18.01204832672655,413.52840234331736,0.0,0.0,8.93148973402542,10.846031573854628,201.20927539366515,0.0,0.0,80.23453313734439,96.56605178399505,2224.5239481355058,0.0,0.0,285.13542180353809,345.1234086640244,6971.945782944664,0.0,0.0,36.657378794482109,44.69464813664258,741.520824451859,0.0,0.0,146.89293169143074,178.56583132647936,3225.640927744359,27.75016511018127,19.033035054994018,282.1490338725634,340.73259349762216,7883.328106432758,0.0,0.0,176.70750773431116,214.9080879200372,3840.0184690461135,1771.8244543581043,21.82553264416649,33.26391305395016,22.0,30.0,0.0,21.538569377061067,33.98630402687689,21.0,30.0,723.5731272372204,21.269127708487589,35.37457943953271,21.25,30.0,0.0,20.823892213597074,48.585810538562437,19.0,30.0,0.0,18.44477424017689,42.609239933496,12.0,30.0,0.0,21.106258162769565,35.80723591598237,16.0,30.0,0.0,19.424282178358,39.62419753723285,10.0,30.0,0.0,17.281918671832505,45.68047810319448,16.0,30.0,0.0,18.15637392309257,43.12452049045961,16.0,30.0,0.0,19.830591344991576,0.0,0.0,0.0,18.026774577380086,0.0,0.0,598.0403876136148,603.7257795554881,645.5820837362724,1320.3487991226696,605.8114798868642,603.0728088204284,605.0236141337955,606.8123358789435,605.1085890909881,9797.978140976225,81.52627156369032,84.99209525295473,162.0,0.0,162.0,162.0,21.0,19.0,16.0,16.0,16.0,12.0,21.0,10.0,1.0,0.0,1771.8244543581043,0.0,723.5731272372204,0.0,0.0,0.0,0.0,0.0,5245.13097519574,3147078.5851174446,4081193.781092743,81.52627156369032,85.05095644494348,0.34483769917319137,0.767812055289981,0.36028137401965956,85.05095644494348,0.3542647819438875,4081193.781092743,0.21770307661682265 
 03/10  18:10:00,7.206666666666667,71.83333333333334,3.955,0.0,0.0,0.0,0.0,0.0,0.0,0.0,0.0,4.0,0.0,0.0,0.0,760.0,0.0,0.0,0.0,0.0,0.0,0.0,0.0,0.0,0.0,0.0,0.0,21.148924720425059,-450.6706949807167,21.980756312909777,-54.431823906106817,20.815761108229244,-712.9093637965307,20.253989306293194,195.01237470772277,18.402067010484975,12.768811074447229,21.184503585568409,-234.79992744110496,18.95331279306026,90.23563471553007,17.04865478188962,52.7916846620094,18.013717196200383,-5.29358651197208,754.8627816442022,586.0702927874845,0.0,0.0,0.0,0.0,0.0,0.0,0.0,0.0,0.0,0.0,0.0,0.0,0.0,0.0,0.0,0.0,0.0,0.0,0.0,0.0,0.0,0.0,1.5454318310172513,0.4717435381615541,249.3779236880938,299.18006474698026,7335.372744350505,0.2572760639718792,0.0392667985305066,17.225751202430577,20.61783300331484,521.2400599711697,2.704225728151587,0.5110025941329531,491.0902973512031,589.3964935070751,14073.922998612907,0.3289453751314031,0.06215899000971334,298.1523746465896,358.4821058126354,8202.836970351374,0.0,0.0,8.494758923655479,10.308954510252754,195.38323387857307,0.0,0.0,76.94385783817833,92.58562361641619,2141.220975741818,0.0,0.0,283.0382986377451,342.38374056645548,7024.455875620486,0.0,0.0,35.77111301363534,43.58472133400085,739.2417454196323,0.0,0.0,151.79061881833685,184.3959815160652,3389.4795718193975,28.159903711181408,19.314062902044868,489.03276422840499,589.6390259379175,13613.397213471224,0.0,0.0,180.86165281203064,219.8639997093758,3974.8294013940405,729.9881517371024,21.604722023011253,36.6431406057512,22.0,30.0,0.0,21.89991959962059,36.662601920356369,21.0,30.0,666.3752408085918,21.35651825126093,37.69288098752341,21.0,30.0,0.0,20.641812680910524,39.47742994838755,16.0,30.0,0.0,18.417533238106505,42.48028250487833,12.0,30.0,0.0,20.890253257410835,36.2179682432044,16.0,30.0,0.0,19.342528125531304,39.70297116872247,10.0,30.0,0.0,17.236435635755627,45.56126100552247,16.0,30.0,0.0,18.077885998366634,43.15369693936124,16.0,30.0,0.0,20.156441215178569,0.0,0.0,0.0,17.885014946861156,0.0,0.0,769.1425565467362,797.6547157956985,798.2140067498397,801.6122619247177,604.919971193,607.0109148452458,603.5562096419606,604.0276887385298,603.784119915037,8110.621546237984,82.64197339107038,82.64197339107038,240.0,0.0,240.0,240.0,21.0,16.0,16.0,16.0,16.0,12.0,21.0,10.0,1.0,0.0,729.9881517371024,0.0,666.3752408085918,0.0,0.0,0.0,0.0,0.0,0.0,0.0,0.0,82.64197339107038,82.64197339107038,0.34,0.7705227124601375,0.36028137401965956,82.64197339107038,0.3542647819438875,0.0,0.0082 
 03/10  18:20:00,6.953333333333333,72.66666666666667,3.95,0.0,0.0,0.0,0.0,0.0,0.0,0.0,0.0,4.0,0.0,0.0,0.0,1520.0,0.0,0.0,0.0,0.0,0.0,0.0,0.0,0.0,0.0,0.0,0.0,21.2061113446237,-113.76030145589835,22.068904709161367,-106.28672689397132,21.127651081725419,-1203.8631752881705,20.437780937477564,392.24807552386008,18.40206535553552,10.392013459053402,21.02481652197276,-223.88769578032294,18.90013341704395,101.11288218601976,17.020446757464208,39.79551020307554,17.961781213543547,-42.70406776954064,727.5851331472347,598.4877070213988,0.0,0.0,0.0,0.0,0.0,0.0,0.0,0.0,0.0,0.0,0.0,0.0,0.0,0.0,0.0,0.0,0.0,0.0,0.0,0.0,0.0,0.0,1.5939621433290388,0.48655743080861987,204.53817085392866,245.96532478164725,6062.905176264512,0.21035589935191779,0.032105601244187698,25.564419472940757,30.636703294263684,789.8624849123478,2.8692034986898484,0.5421775318763888,358.59042619590596,430.78682702497277,10855.475487908872,0.35222512559716137,0.06655803582712797,276.87246233367827,333.4521295493029,7922.432160120517,0.0,0.0,8.41081641477222,10.219395346205005,197.5850543109785,0.0,0.0,75.60606586134074,91.12551372080995,2122.7720209711799,0.0,0.0,280.8904487061383,340.294718378609,7061.15396367306,0.0,0.0,35.43688635235962,43.23690372162828,747.4379009246269,0.0,0.0,150.1017892639407,182.63211612182148,3405.7515198531889,28.685418016214137,19.674497953507644,358.75328480638418,433.52347317480516,10316.160098516031,0.0,0.0,178.71784627737086,217.68642220925796,3947.244822829079,0.0,21.445778473894,35.7648675836934,21.0,30.0,0.0,22.096119390790724,38.582107976205367,21.0,30.0,1736.4876668892519,21.737378350039508,35.54552780975122,21.5,30.0,0.0,21.025797296998968,37.57206993157614,16.0,30.0,0.0,18.403938885200288,42.45879601726125,12.0,30.0,0.0,20.753497259530556,36.752467585084797,16.0,30.0,0.0,19.243294594721893,40.4339080193532,10.0,30.0,0.0,17.189118011214157,45.65173119811757,16.0,30.0,0.0,17.996704232715886,43.39848968912412,16.0,30.0,0.0,19.847751866493085,0.0,0.0,0.0,17.677478565888799,0.0,0.0,698.6965825363699,932.9209594381234,726.1030707638133,748.0365900936661,608.1293281789183,625.9845188795598,635.2782067540866,608.8471338427725,612.3645277340388,3883.7079123773276,83.23252306697605,83.23252306697605,240.0,0.0,240.0,240.0,21.0,16.0,16.0,16.0,16.0,12.0,21.0,10.0,1.0,0.0,0.0,0.0,1736.4876668892519,0.0,0.0,0.0,0.0,0.0,0.0,0.0,0.0,83.23252306697605,83.23252306697605,0.17,0.38582102286785216,0.18014068700982978,83.23252306697605,0.17713239097194376,0.0,0.008306666666666667 
 03/10  18:30:00,6.7,73.5,3.9450000000000005,0.0,0.0,0.0,0.0,0.0,0.0,0.0,0.0,4.0,0.0,0.0,0.0,762.0,0.0,0.0,0.0,0.0,0.0,0.0,0.0,0.0,0.0,0.0,0.0,21.32405879973356,-630.0871316077614,22.114306520648264,-154.9184525661001,20.85409804482331,-641.0024483900133,20.340574834468045,39.52662830096415,18.403930667305148,9.156995902088113,20.864786196003796,-199.21433411349063,18.864705316020428,90.72847875114349,16.983916731639558,34.03745643094328,17.89383875523079,-51.901127146043567,780.8847113208776,648.1466672046217,0.0,0.0,0.0,0.0,0.0,0.0,0.0,0.0,0.0,0.0,0.0,0.0,0.0,0.0,0.0,0.0,0.0,0.0,0.0,0.0,0.0,0.0,1.6204375866390373,0.49463906796063408,237.03530677564596,284.0790185983452,7326.692487552398,0.15763357154506403,0.024058847915913313,33.12681488450169,39.631158018070667,1045.4273883478,3.30357027496435,0.6242574215730066,398.3265258256055,478.4460382055007,11956.734864821901,0.3426663871258822,0.06475177383331106,214.12449137065455,257.8061310892282,6169.102778934895,0.0,0.0,8.168054591843794,9.914988701715185,196.02001224267748,0.0,0.0,75.1319054013218,90.5110363652829,2126.0551121977634,0.0,0.0,280.8359903145442,339.967792957028,7171.61724138246,0.0,0.0,35.86466206374469,43.72338863211867,771.0441673385446,0.0,0.0,150.9332746580698,183.52730097677154,3472.8995921529578,28.885576951696167,19.811781174002868,393.3555809800131,474.90994349080457,11335.21971189007,0.0,0.0,180.06176730933087,219.23827329422839,4007.553192587681,1071.032356699241,21.77883830453677,35.49244372756225,21.5,30.0,0.0,22.226386245543787,39.554673708043669,21.0,30.0,1254.9966399021467,21.31558970223374,36.35990135593725,21.5,30.0,0.0,20.817348335128885,37.48829544415854,16.0,30.0,0.0,18.39393888848077,42.51959495183097,12.0,30.0,0.0,20.596815391482438,37.447243359465847,16.0,30.0,0.0,19.178413632706808,40.689221835028337,10.0,30.0,0.0,17.128300865425204,45.99004761105055,16.0,30.0,0.0,17.891936833440306,43.86943635433649,16.0,30.0,0.0,19.88895262776737,0.0,0.0,0.0,17.496918867404696,0.0,0.0,727.4104166398536,1007.0122352661609,720.4737328236256,721.0200220427297,616.9489925050896,649.9952211977286,643.383397205183,622.5238326328713,626.1924176292242,10003.725434772496,81.39010134266415,85.15679431469654,240.0,0.0,240.0,240.0,21.0,16.0,16.0,16.0,16.0,12.0,21.0,10.0,1.0,0.0,1071.032356699241,0.0,1254.9966399021467,0.0,0.0,0.0,0.0,0.0,5699.966894935834,3419980.1369615,4438535.470509497,81.39010134266415,85.22076526592416,0.3599988964978611,0.7709426575647949,0.36028137401965956,85.22076526592416,0.3542647819438875,4438535.470509497,0.2392171777998272 
 03/10  18:40:00,6.446666666666667,74.33333333333333,3.9400000000000006,0.0,0.0,0.0,0.0,0.0,0.0,0.0,0.0,4.0,0.0,0.0,0.0,3429.0,0.0,0.0,0.0,0.0,0.0,0.0,0.0,0.0,0.0,0.0,0.0,21.17865689609997,-368.4699646290843,22.100564311979626,-214.7214660457154,21.08873245194291,-720.5386603218461,20.23617365566805,299.11100329960308,18.40937719032187,8.329631404414151,20.74289905282765,-187.2820623057434,18.84124272769329,57.0075445579145,17.966229708195944,-29.63657267916561,17.827091735344067,-108.4332804476396,653.5374800515989,673.8463450048031,0.0,0.0,0.0,0.0,0.0,0.0,0.0,0.0,0.0,0.0,0.0,0.0,0.0,0.0,0.0,0.0,0.0,0.0,0.0,0.0,0.0,0.0,1.6305775620164894,0.4977342985398331,140.42270444033333,169.1260129503595,4303.658547303007,0.12527644666993482,0.01912033679333563,37.66080529326508,45.15230555003529,1207.121799284169,3.166404772644422,0.5983380144830746,244.66627167050559,294.5126843832033,7542.83843703822,0.36619082420581886,0.06919705672823498,251.72556079541824,303.7730267941633,7304.344945230819,0.0,0.0,7.936804664814847,9.652852290240784,194.52303342947068,0.0,0.0,73.4963674113466,88.73117664764679,2103.416052477917,0.0,0.0,273.91001178874248,332.2808164873838,7106.451261356194,0.0,0.0,20.51591685193278,24.970056285912859,503.19483061212386,0.0,0.0,164.30364196879834,200.20454107938887,3832.770154239451,29.111149943471366,19.9664951601313,255.61656863646719,309.801590114979,7561.961532763757,0.0,0.0,177.86954372939153,217.11071784738034,3991.313697185986,479.3189659857437,21.37606558509214,36.28712867622742,21.222222222222265,30.000000000000065,0.0,22.244274427553085,39.32007556157703,21.000000000000044,30.000000000000065,992.4660797951569,21.409893030727934,35.547125511749268,21.222222222222265,30.000000000000065,0.0,20.69819057627948,37.45661763094072,16.000000000000033,30.000000000000065,0.0,18.391171737120904,42.63299772720772,12.000000000000029,30.000000000000065,0.0,20.49889917927078,37.95921039912218,19.000000000000044,30.000000000000065,0.0,19.12254983104311,41.12510440465749,10.000000000000022,30.000000000000065,1314.0020446940858,18.644079902315334,42.010747934664987,20.700000000000047,30.000000000000065,0.0,17.792011477043049,44.43387835165861,16.000000000000033,30.000000000000065,0.0,19.41849021701386,0.0,0.0,0.0,17.326637180664766,0.0,0.0,728.9715821221287,999.4306391039694,698.1489359093832,709.9167581823693,627.2150985714799,671.7354070739833,667.082109418235,634.9735551644113,647.095786555434,9362.570223944082,81.81420362645079,83.34154402514557,240.0000000000005,0.0,240.0000000000005,240.0000000000005,21.0,16.0,19.0,16.0,19.7,12.0,21.0,10.0,1.0,0.0,479.3189659857437,0.0,992.4660797951569,0.0,0.0,0.0,1314.0020446940858,0.0,2311.4767954205165,1386886.0772523056,1809140.3502244196,81.81420362645079,83.36748333553754,0.34149367095846219,0.7703159652269629,0.36028137401966039,83.36748333553754,0.3542647819438883,1809140.3502244196,0.10259529821166982 
 03/10  18:50:00,6.193333333333333,75.16666666666667,3.935,0.0,0.0,0.0,0.0,0.0,0.0,0.0,0.0,4.0,0.0,0.0,0.0,1524.0,0.0,0.0,0.0,0.0,0.0,0.0,0.0,0.0,0.0,0.0,0.0,21.417944384283698,-502.44500182482889,22.075696131443914,-155.8329917546952,21.17450372551626,-1122.902875937053,20.34645305578294,509.713789329875,18.415818673361444,7.267415004801052,20.6132775478237,-181.7876730137939,18.821362928884505,83.16120303260641,19.032613183936005,-108.01052111887313,17.73301159069267,-116.75429450768661,787.6561181737225,789.0644260375873,0.0,0.0,0.0,0.0,0.0,0.0,0.0,0.0,0.0,0.0,0.0,0.0,0.0,0.0,0.0,0.0,0.0,0.0,0.0,0.0,0.0,0.0,1.5939548986340025,0.48655521936324866,154.82746848307,185.94229258454954,4951.486409299037,0.18663662243187624,0.028485442984108098,28.759627333544786,34.474344492315349,939.9934184855754,3.08778890328451,0.5834824080280634,336.4325325664226,404.1274844300239,10704.77152126428,0.39126463844719147,0.07393511686454862,323.89169223402498,390.26247062429067,9709.123292648921,0.0,0.0,8.365549300731447,10.168616467751493,209.4150941566076,0.0,0.0,70.43102754095993,85.03092380320362,2035.4177290847513,0.0,0.0,280.26310485039917,339.8167399804082,7404.192053180046,0.0,0.0,26.97265739861399,32.51182051176707,792.118194657048,0.0,0.0,184.04313475229947,224.24313959614799,4338.176503012716,29.782136925733608,20.426705710379708,348.72555322235146,421.76647024095987,10480.325133742133,0.0,0.0,188.76684129534045,230.30872685101708,4309.490342862219,597.4861416633505,21.83947412879368,34.98201795423134,21.5,30.0,0.0,22.24990518412995,39.34738484163337,21.0,30.0,1144.4139148807299,21.790360045344188,34.371975893642268,21.75,30.0,0.0,20.92419981450926,36.610425325800978,16.0,30.0,0.0,18.390597485014177,42.83320884720133,12.0,30.0,0.0,20.372888344625048,38.37137390979485,19.0,30.0,0.0,19.09731915675088,41.30207900240002,10.0,30.0,1022.6049214873904,20.540600846357476,37.53174853609572,20.7,30.0,0.0,17.649816609061288,45.111607366980958,16.0,30.0,0.0,19.74863888240922,0.0,0.0,0.0,17.254596203326196,0.0,0.0,717.7269497309947,1006.3531204964875,686.3613767922715,699.678488754421,644.1898927651132,685.4001128703613,678.9458871206111,655.6378826645715,666.5253414283308,8282.485518713846,82.52831958624989,82.52831958624989,240.0,0.0,240.0,240.0,21.0,16.0,19.0,16.0,19.7,12.0,21.0,10.0,1.0,0.0,597.4861416633505,0.0,1144.4139148807299,0.0,0.0,0.0,1022.6049214873904,0.0,0.0,0.0,0.0,82.52831958624989,82.52831958624989,0.34,0.7697720523614531,0.36028137401965956,82.52831958624989,0.3542647819438875,0.0,0.00856 
 03/10  19:00:00,5.94,76.0,3.93,0.0,0.0,0.0,0.0,0.0,0.0,0.0,0.0,4.0,0.0,0.0,0.0,1524.0,0.0,0.0,0.0,0.0,0.0,0.0,0.0,0.0,0.0,0.0,0.0,21.282626443067309,-510.83165728339545,22.0447319143413,-209.30326497538054,21.23147280581844,-1108.7754393491169,20.389253680776237,269.2779696597898,18.422984151216043,6.0913233581810009,20.49393610117391,-186.524863470201,18.733410329306368,45.898582307266227,19.06564098418035,-107.07513792566422,17.65236704128926,-131.61646341731012,768.0701044968319,769.1325149078357,0.0,0.0,0.0,0.0,0.0,0.0,0.0,0.0,0.0,0.0,0.0,0.0,0.0,0.0,0.0,0.0,0.0,0.0,0.0,0.0,0.0,0.0,1.675537951383663,0.5114584711183343,210.8990926028351,253.2762978394889,6797.421679337663,0.14690504045233539,0.022421404220441908,35.33374274732623,42.38879125882627,1169.0316044497843,3.1332193715647187,0.592067152601043,317.428266514862,381.2305807841576,10306.72350282449,0.3631849337956335,0.06862905022593224,216.93412166922719,261.1648478143333,6644.774970544666,0.0,0.0,7.958306242321512,9.673371314453009,203.41181040018814,0.0,0.0,72.99194081688397,88.16191250511223,2131.2458502053825,0.0,0.0,273.38327210518988,331.70770205535987,7273.579236252377,0.0,0.0,29.402285433879944,35.493596536997298,864.7167605285665,0.0,0.0,181.4090569843741,221.17515407919525,4330.8510138330079,29.817147044187647,20.45071813730292,325.31051795925489,393.4854232860674,9986.53355095534,0.0,0.0,184.67890390671568,225.5141679625124,4247.457495328091,835.4875992238491,21.621184146893385,35.367403622536418,21.5,30.0,0.0,22.228868807910375,38.72853568579154,21.0,30.0,1713.2707458361434,21.69138476119771,34.248236126844449,21.5,30.0,0.0,20.94745789761935,36.45311690565611,16.0,30.0,0.0,18.392271394236248,43.01497261934116,12.0,30.0,0.0,20.259425250048808,38.822748331222488,19.0,30.0,0.0,18.9257889452716,41.90693797297108,10.0,30.0,585.7779902325943,20.360021586084323,38.16282369987402,19.95,30.0,0.0,17.53542962456789,45.60357231118893,16.0,30.0,0.0,19.54828499336523,0.0,0.0,0.0,17.078908798574277,0.0,0.0,722.1003216006252,979.749727100032,680.5634336572846,702.5849540759707,660.4533864560826,703.8932324630127,695.9286250387265,678.0528901824162,683.2338358246967,9449.848371284801,81.75647216973069,83.49616249688475,240.0,0.0,240.0,240.0,21.0,16.0,19.0,16.0,19.7,12.0,21.0,10.0,1.0,0.0,835.4875992238491,0.0,1713.2707458361434,0.0,0.0,0.0,585.7779902325943,0.0,2632.814828488802,1579688.8970932812,2044192.1440592672,81.75647216973069,83.52570821401537,0.3427604942829601,0.7690318945107835,0.36028137401965956,83.52570821401537,0.3542647819438875,2044192.1440592672,0.11489799149108189 
 03/10  19:10:00,5.773333333333333,76.83333333333334,3.9033333333333339,0.0,0.0,0.0,0.0,1.0,2.0,0.0,0.0,4.0,0.0,0.0,0.0,1525.0,0.0,0.0,0.0,0.0,0.0,0.0,0.0,0.0,0.0,0.0,0.0,21.2188200281146,-439.84515638105736,22.01193056250616,-224.25144860517879,21.06254012126786,-376.10837796608487,20.320033619988544,52.04598725735423,18.431475336925588,7.901980885364381,20.522778878156204,-14.570354093915327,18.60699594371964,-90.81432090663748,19.011271989844187,-113.83187042853615,17.574536241822618,-144.29102532563275,618.3298321768741,791.1709895836029,0.0,0.0,0.0,0.0,0.0,0.0,0.0,0.0,0.0,0.0,0.0,0.0,0.0,0.0,0.0,0.0,0.0,0.0,0.0,0.0,0.0,0.0,1.7062064687313484,0.5208200454002894,136.16446815195935,163.8221952134164,4363.521026529747,0.12233066276493573,0.018670736075234397,39.18715379671261,46.99252356250188,1307.2705154529793,3.2751859900787259,0.6188938000904624,173.31954018519122,208.67374901577609,5568.069536941835,0.3493576156821553,0.06601617832240273,155.42279252051805,187.42586256908306,4766.251637104636,0.0,0.0,6.773141430788016,8.234585328448555,175.51213681060779,0.0,0.0,12.314744031484134,14.865218039786882,366.82461168872347,0.0,0.0,204.63134187797295,248.54823180489104,5414.060803747661,0.0,0.0,33.73048074908641,40.77139003361392,988.110455157833,0.0,0.0,177.229566765018,216.1914953645228,4254.7686576450209,29.747854529298,20.403192406925933,182.79942699441825,221.67101232771075,5837.848792055323,0.0,0.0,180.77796222241015,220.92310986846588,4155.846562249586,528.7134970307164,21.397641290877503,35.4442361852678,21.25,30.0,0.0,22.209655330751546,38.168505423145429,21.0,30.0,871.9134450177605,21.42581686581643,34.738462397541287,21.25,30.0,0.0,20.810493585045973,36.21057789523378,16.0,30.0,0.0,18.3975950782938,43.2014638703267,12.0,30.0,0.0,20.386178589074086,40.400438854261569,19.0,30.0,0.0,18.67354563524207,42.46854931445909,10.0,30.0,319.0811737234703,20.12425513584792,39.66760674634756,19.7,30.0,0.0,17.427527277263065,46.1062405592122,16.0,30.0,0.0,19.10289112393756,0.0,0.0,0.0,16.896834306105086,0.0,0.0,715.6944459567724,958.2576188578921,685.0690191254198,688.0901865001453,678.1623156418589,821.0507094926877,704.1137447645328,743.6740421997175,702.6406149155637,4430.737833626395,82.40021914326266,82.40021914326266,270.0,0.0,270.0,270.0,21.0,16.0,19.0,16.0,19.7,12.0,21.0,10.0,1.0,0.0,528.7134970307164,0.0,871.9134450177605,0.0,0.0,0.0,319.0811737234703,0.0,0.0,0.0,0.0,82.40021914326266,82.40021914326266,0.17,0.3469052485925561,0.18014068700982978,82.40021914326266,0.17713239097194376,0.0,0.00972 
 03/10  19:20:00,5.606666666666667,77.66666666666667,3.876666666666667,0.0,0.0,0.0,0.0,1.0,2.0,0.0,0.0,4.0,0.0,0.0,0.0,2292.0,0.0,0.0,0.0,0.0,0.0,0.0,0.0,0.0,0.0,0.0,0.0,21.131904598678334,-664.6942146838902,21.975131286520026,-193.5790789116032,20.85043139305199,-420.9034903536973,20.25392801838488,261.4724536256667,18.438780442059288,5.1307518767711539,20.607714864578875,-34.12275325171221,18.5345116678645,-1.0927485665791875,19.198375524816485,-158.22779531174695,17.492693405347553,-170.17923420888807,725.3001206282992,848.986014025822,0.0,0.0,0.0,0.0,0.0,0.0,0.0,0.0,0.0,0.0,0.0,0.0,0.0,0.0,0.0,0.0,0.0,0.0,0.0,0.0,0.0,0.0,1.6505651262508728,0.5038355086235876,168.44199199041953,202.7654974378886,5494.2402245185789,0.16654101884410628,0.025418348419430145,33.33798201538012,39.98607565406439,1124.09471022769,3.3003495277887779,0.6236488147749015,236.32872075725397,284.722552853522,7648.889268222755,0.38082798914128165,0.07196296091105094,254.76265902257814,307.5281318676284,7856.726747266394,0.0,0.0,7.245527007521534,8.813520314471445,190.27381102815586,0.0,0.0,12.87158001979321,15.529306127440956,392.42245590476679,0.0,0.0,209.67548514947448,254.8551959034258,5587.446399811252,0.0,0.0,37.45019371126516,45.21868739855332,1133.2897190163845,0.0,0.0,178.6890646179433,218.13258495041769,4310.311767180154,30.071236014263556,20.62499040758818,252.53559028439097,306.3213248454102,7931.876659940071,0.0,0.0,182.21363318672815,222.86459788048416,4198.041667304769,517.3979825283462,21.49158472466132,34.87544963280053,21.333333333333333,30.0,0.0,22.187234257490688,38.28487348659471,21.0,30.0,45.47800196502102,21.302763820541565,34.679515391003537,21.0,30.0,0.0,20.748453905718223,36.17096468100473,16.0,30.0,0.0,18.400769112790834,43.311633442679177,12.0,30.0,0.0,20.571142634024957,41.99113047736142,19.0,30.0,0.0,18.596628608951769,42.552041102736499,10.0,30.0,448.7335089308884,20.456211462190156,39.18631235058487,20.199999999999997,30.0,0.0,17.312993768501014,46.49888862250539,16.0,30.0,0.0,19.328233483075765,0.0,0.0,0.0,16.750444734883357,0.0,0.0,702.513436249075,968.378779790079,676.0580335848498,686.4236879383111,692.4602725392142,947.4613175795341,709.4046247698435,775.1954622572587,715.6285676071575,6359.7725049194909,81.6835145817244,81.6835145817244,270.0,0.0,270.0,270.0,21.0,16.0,19.0,16.0,19.7,12.0,21.0,10.0,1.0,0.0,517.3979825283462,0.0,45.47800196502102,0.0,0.0,0.0,448.7335089308884,0.0,0.0,0.0,0.0,81.6835145817244,81.6835145817244,0.22666666666666669,0.4878265358028513,0.24018758267977304,81.6835145817244,0.23617652129592496,0.0,0.00981 
 03/10  19:30:00,5.44,78.5,3.85,0.0,0.0,0.0,0.0,1.0,2.0,0.0,0.0,4.0,0.0,0.0,0.0,1532.0,0.0,0.0,0.0,0.0,0.0,0.0,0.0,0.0,0.0,0.0,0.0,21.33569229267587,-580.8455016118053,21.947494597930708,-156.898284249657,21.26492463771529,-1087.5323928985295,20.33306339457098,462.3230233321442,18.44557851998173,4.261655748062196,20.657028287099619,-45.13484528950954,18.489659327932367,31.403925565329247,19.187846376673087,-153.85383941693795,17.408975509684504,-182.35901899561714,836.3787956991828,871.7979753910661,0.0,0.0,0.0,0.0,0.0,0.0,0.0,0.0,0.0,0.0,0.0,0.0,0.0,0.0,0.0,0.0,0.0,0.0,0.0,0.0,0.0,0.0,1.6673088910345862,0.5089465479348554,204.83815151610714,246.29071479356757,6795.516724144248,0.20683701863072935,0.0315685315370466,29.27721724280684,35.12964949048667,998.5173971790749,3.2019968796888458,0.6050636582934328,332.35322428869878,399.5567097751868,11149.300757446606,0.39625912977363478,0.0748788982943376,306.6743178376586,369.75648962793368,9669.234219576005,0.0,0.0,7.598277702630283,9.237191637055325,202.2357072171784,0.0,0.0,13.337416174582904,16.076430209197626,414.3567176314022,0.0,0.0,213.60779388515278,259.58458386639009,5742.501945209451,0.0,0.0,36.64699408479527,44.24714187972866,1115.8060485084566,0.0,0.0,180.23690675383365,220.03644333848329,4369.282813823748,30.45016283355064,20.884885345370816,342.55010087849697,414.78601988481548,10865.459788564329,0.0,0.0,183.59597435151432,224.58377660668845,4245.5491068171809,880.6732537406633,21.712102832689188,34.19552030515596,21.75,30.0,0.0,22.175358113070119,38.51200190830696,21.0,30.0,1737.3094133893918,21.812934343622588,33.578622289673017,21.5,30.0,0.0,20.92171103938199,35.57148263511598,16.0,30.0,0.0,18.40520949423887,43.43200780862665,12.0,30.0,0.0,20.69440133340373,43.16852067919487,19.0,30.0,0.0,18.54112522969178,42.66600518812489,10.0,30.0,765.8106157129374,20.368772364825185,39.35920498358405,20.2,30.0,0.0,17.198675793751165,46.87498729183328,16.0,30.0,0.0,19.63740685877695,0.0,0.0,0.0,16.61794927030784,0.0,0.0,696.1667682322398,984.6818825798642,677.0337836122143,680.8672118470838,708.602025136737,1040.3045732171214,715.9375508964444,785.5840685624908,727.0687769151928,9958.901995758028,81.41977499239971,85.11812460607553,270.0,0.0,270.0,270.0,21.0,16.0,19.0,16.0,19.7,12.0,21.0,10.0,1.0,0.0,880.6732537406633,0.0,1737.3094133893918,0.0,0.0,0.0,765.8106157129374,0.0,5596.657089076529,3357994.2534459179,4399228.341959376,81.41977499239971,85.18093486019387,0.356555236302551,0.7653814935982845,0.36028137401965956,85.18093486019387,0.3542647819438875,4399228.341959376,0.23865987378188759 
 03/10  19:40:00,5.273333333333333,79.33333333333334,3.8233333333333334,0.0,0.0,0.0,0.0,1.0,2.0,0.0,0.0,4.0,0.0,0.0,0.0,1532.0,0.0,0.0,0.0,0.0,0.0,0.0,0.0,0.0,0.0,0.0,0.0,21.313933934366639,-622.6851183735698,21.921260633400367,-197.54416662886559,21.138389234141056,-909.1214615876443,20.3050280786004,216.69393277594123,18.451851832644097,5.696762364443401,20.673337159534936,-40.63476847201932,18.447602441635867,-23.00257201344357,18.97514688778609,-129.5993842676953,17.325624467294469,-191.30573613337857,765.4150958319854,860.3785963246999,0.0,0.0,0.0,0.0,0.0,0.0,0.0,0.0,0.0,0.0,0.0,0.0,0.0,0.0,0.0,0.0,0.0,0.0,0.0,0.0,0.0,0.0,1.6924853670630285,0.5166316749276644,191.67673367936767,230.46646302397239,6457.648793375891,0.1737408294328187,0.02651722060940457,34.5764095938886,41.50337564203362,1187.446500281039,3.3888926597441708,0.6403803211912647,285.08573845434429,342.6319860922424,9577.3972200532,0.3802093791658311,0.07184606560200889,210.9269864223284,254.15630070532365,6690.609686425902,0.0,0.0,7.503728728024709,9.122307866565749,202.37841540462194,0.0,0.0,14.067552756789999,16.95278722970228,443.53385454862146,0.0,0.0,211.61402716437858,257.2383731766198,5725.928171541451,0.0,0.0,34.223417000136439,41.38539884922992,1027.5128233671817,0.0,0.0,179.5097097058408,219.2443619819343,4373.893170407524,30.340526802712988,20.809689165098079,290.1008214955866,351.255271712864,9324.028998087353,0.0,0.0,182.5863013260254,223.48122163122037,4228.320987890653,1052.4016452291062,21.71103568581515,34.466959763352388,21.75,30.0,0.0,22.155830291991856,38.37648834643595,21.0,30.0,1530.1834401602355,21.580774322512629,34.11487477829373,21.5,30.0,0.0,20.81945116929881,36.14811407839904,16.0,30.0,0.0,18.41054768066322,43.6267225834624,12.0,30.0,0.0,20.756842684298463,43.91945557665211,19.0,30.0,0.0,18.454649651664974,43.066221731451069,10.0,30.0,50.564412188521128,19.9771766658049,40.50115199167001,19.7,30.0,0.0,17.086885230657719,47.350233139288807,16.0,30.0,0.0,19.399620413924603,0.0,0.0,0.0,16.46049901269663,0.0,0.0,716.3383603743096,981.5312111718911,688.0935703733409,703.3562346873789,728.8022054468631,1099.688171454536,735.575804545667,803.5121093943263,746.3682888017797,9480.17595203995,81.73645267865928,83.43827482359373,270.0,0.0,270.0,270.0,21.0,16.0,19.0,16.0,19.7,12.0,21.0,10.0,1.0,0.0,1052.4016452291062,0.0,1530.1834401602355,0.0,0.0,0.0,50.564412188521128,0.0,2575.562505501011,1545337.5033006066,2003386.4232404833,81.73645267865928,83.46717741327652,0.3408520835167004,0.7696475478814649,0.36028137401965956,83.46717741327652,0.3542647819438875,2003386.4232404833,0.11416609400850512 
 03/10  19:50:00,5.106666666666667,80.16666666666666,3.7966666666666666,0.0,0.0,0.0,0.0,1.0,2.0,0.0,0.0,4.0,0.0,0.0,0.0,1532.0,0.0,0.0,0.0,0.0,0.0,0.0,0.0,0.0,0.0,0.0,0.0,21.345461888999809,-882.6788612207835,21.90496224791105,-168.64168513857306,20.936895013209857,-289.0957470331946,20.297495843622458,207.95950162660444,18.457109160383049,5.6704962992806149,20.663331646274118,-50.996656795262968,18.44278877535067,-35.490611804555559,19.338042443046669,-197.58199804109479,17.24828115375163,-186.04875522499015,810.0203858624436,1011.8005105725731,0.0,0.0,0.0,0.0,0.0,0.0,0.0,0.0,0.0,0.0,0.0,0.0,0.0,0.0,0.0,0.0,0.0,0.0,0.0,0.0,0.0,0.0,1.6867884251776529,0.5148926816781602,226.10284873094117,272.17096015804756,7651.446400571269,0.19827890007744473,0.03026234738666739,31.4076168476017,37.66817806065971,1091.1525953301728,3.5096711440374945,0.6632031640282493,282.4780584382215,340.13692309790408,9475.67977930719,0.39439226555960746,0.07452612727883736,216.88731621960893,261.4342301498592,6949.7658900640949,0.0,0.0,7.763322537119967,9.440521789652097,212.1030940321999,0.0,0.0,14.103097808713369,16.993543703793713,449.81392087424657,0.0,0.0,229.27591947615918,278.78076426315007,6283.51472944926,0.0,0.0,40.32433524595672,48.660730683888548,1270.6071942822464,0.0,0.0,197.01689381099878,240.74621339063877,4829.883515162841,30.695110345203206,21.05288775391167,289.1108240592944,350.42306372741879,9396.973758386539,0.0,0.0,200.83069029671237,245.8140536692024,4735.543838510421,754.1325661498706,21.580828328192824,34.91461821144277,21.5,30.0,0.0,22.16144616004172,38.91010782040148,21.0,30.0,48.46748926792646,21.411288698215459,34.35127099581355,21.0,30.0,0.0,20.81732455404606,36.2393402144142,16.0,30.0,0.0,18.41470297651242,43.768744272744317,12.0,30.0,0.0,20.768935335139397,44.44173152729738,19.0,30.0,0.0,18.456754658152684,43.057999691320599,10.0,30.0,949.330145055977,20.569676332112864,39.006593235370747,20.7,30.0,0.0,16.986829113575224,47.736890084225908,16.0,30.0,0.0,19.493594266157485,0.0,0.0,0.0,16.499942326389019,0.0,0.0,730.7230310527386,1015.8040918974276,688.4898310314302,713.7759398911721,746.8832241907486,1138.0666985031335,746.3328582689028,815.6699029827496,762.0622151317979,9564.520213748956,81.68062443974792,83.36616938510574,270.0,0.0,270.0,270.0,21.0,16.0,19.0,16.0,19.7,12.0,21.0,10.0,1.0,0.0,754.1325661498706,0.0,48.46748926792646,0.0,0.0,0.0,949.330145055977,0.0,2550.952475790729,1530571.4854744373,1980564.2244326992,81.68062443974792,83.39479553390312,0.3400317491930243,0.7676379428021694,0.36028137401965956,83.39479553390312,0.3542647819438875,1980564.2244326992,0.11294933967050038 
 03/10  20:00:00,4.94,81.0,3.77,0.0,0.0,0.0,0.0,1.0,2.0,0.0,0.0,4.0,0.0,0.0,0.0,1532.0,0.0,0.0,0.0,0.0,0.0,0.0,0.0,0.0,0.0,0.0,0.0,21.053114199897459,139.0996309121183,21.865367082350266,-197.9942509424484,21.257022699296628,-2255.9562890616855,20.37099609874366,460.2527060808238,18.46108254486415,3.8946711748531586,20.650234401941228,-36.971328685236958,18.30838154120137,-79.35250515927214,19.030562946693637,-139.67137194025737,17.182283718003768,-205.71146007942526,901.3580694826462,915.0920341046585,0.0,0.0,0.0,0.0,0.0,0.0,0.0,0.0,0.0,0.0,0.0,0.0,0.0,0.0,0.0,0.0,0.0,0.0,0.0,0.0,0.0,0.0,1.8123267957359504,0.5532133076117064,239.82640188754943,288.89727294785799,7978.64899714266,0.19098301996136664,0.02914881257041616,36.38580134043107,43.66614906013739,1272.025843074496,2.9946038143902458,0.565873736657265,457.6367298708529,550.3329407363151,15723.242221658342,0.3756553842710013,0.0709855223490176,295.92442887337759,356.7945111346659,9671.049147257301,0.0,0.0,7.396372893944948,8.993744524500496,204.66783746268067,0.0,0.0,14.670575796207878,17.67709910223119,473.25154551317896,0.0,0.0,206.90381848238978,251.7647150764177,5648.752143868641,0.0,0.0,37.94866212808504,45.89354405649584,1165.5483577777873,0.0,0.0,181.02271448893087,221.26535484436483,4470.962157248186,30.70400396394274,21.058987629590363,460.4910203614428,557.2378658723992,14999.694035625513,0.0,0.0,184.83572846006377,226.4381425420356,4328.953747512083,0.0,21.173812362846154,35.93649241767328,21.0,30.0,0.0,22.116005690773606,38.557256299176469,21.0,30.0,3134.845124011539,21.839833746600733,33.3733204180287,22.0,30.0,0.0,20.98853765674376,35.84154889433179,16.0,30.0,0.0,18.417650335610618,44.028292186797319,12.0,30.0,0.0,20.7804924530203,44.92735768000087,19.0,30.0,0.0,18.228889045321997,43.99133544215618,10.0,30.0,42.70877330748456,19.985268396016769,40.540383484497009,19.7,30.0,0.0,16.905100109309609,48.25727847815254,16.0,30.0,0.0,19.747903863973677,0.0,0.0,0.0,16.244959843754608,0.0,0.0,746.5231865667828,998.7581246785318,693.4959957285992,722.647774356676,769.4156728190272,1174.5063472362334,768.448613130093,828.7643345028208,782.442758613149,9044.720640916066,82.02434947282969,83.72091959497883,270.0,0.0,270.0,270.0,21.0,16.0,19.0,16.0,19.7,12.0,21.0,10.0,1.0,0.0,0.0,0.0,3134.845124011539,0.0,0.0,0.0,42.70877330748456,0.0,2567.621837677464,1540573.1026064784,2001676.041377711,82.02434947282969,83.7497329878792,0.3405873945892488,0.7685224766575196,0.36028137401965956,83.7497329878792,0.3542647819438875,2001676.041377711,0.11401715415164098 
 03/10  20:10:00,4.833333333333334,81.66666666666667,3.763333333333333,0.0,0.0,0.0,0.0,0.0,2.0,0.0,0.0,4.0,0.0,0.0,0.0,1532.0,0.0,0.0,0.0,0.0,0.0,0.0,0.0,0.0,0.0,0.0,0.0,21.40021834840065,-675.121849651707,21.845104258081184,-155.20616635603339,21.233019400065986,-831.6605677912621,20.333705145485849,194.25720335434324,18.461702004338489,2.2369601962225404,20.71998313354723,-55.77649324419994,18.288611281672247,18.782614539759608,18.58118139459776,-75.31924253492,17.094737671743585,-247.8299370405823,887.1162652418661,903.4847465869052,0.0,0.0,0.0,0.0,0.0,0.0,0.0,0.0,0.0,0.0,0.0,0.0,0.0,0.0,0.0,0.0,0.0,0.0,0.0,0.0,0.0,0.0,1.7538263489080382,0.535356028360207,232.70449090200303,279.89730319267536,8032.201940958118,0.2079730119683857,0.03174191269358756,32.239879831038127,38.71291540437946,1134.9282254582577,3.45219217835011,0.6523416814720542,339.8073178030945,408.8420229512971,11677.39310679818,0.3885885142657647,0.07342942446443018,194.4871519452273,234.37677293147955,6369.66381215931,0.0,0.0,8.127162049636399,9.881270957619823,226.6688718968075,0.0,0.0,14.879501003416536,17.92363778376729,486.14034962260288,0.0,0.0,219.55319590798747,267.14610621988506,6045.755228969301,0.0,0.0,27.38208323686497,33.210584616112608,804.0214677859258,0.0,0.0,181.7700751887845,222.27566686354479,4485.722846095804,30.912613780564898,21.20206706485933,350.27635843474118,424.234691268303,11535.357751868944,0.0,0.0,184.29713652097957,225.94797439636563,4280.901679595607,929.4728156921212,21.642749291917175,34.428541764016419,21.5,30.0,0.0,22.10873795799905,38.52145219647173,21.0,30.0,1191.3419612564533,21.68115128119394,33.74779296848635,21.5,30.0,0.0,20.86568277031574,36.232865219284708,16.0,30.0,0.0,18.416529533850665,44.26225629658797,12.0,30.0,0.0,20.881906803213317,44.9426598066057,19.0,30.0,0.0,18.232395158328076,43.9471501434585,10.0,30.0,0.0,19.174229213471916,42.11778158341254,12.0,30.0,0.0,16.7831063958525,48.72661233007173,16.0,30.0,0.0,19.62241428325173,0.0,0.0,0.0,16.036078959724806,0.0,0.0,729.6053431568661,1003.4956087101967,700.0974881883188,732.9690519966106,789.9819452500499,1198.6044374610795,776.0798603481952,805.8313494391838,794.5949986880539,8308.016979502763,82.51150650427644,82.51150650427644,570.0,0.0,570.0,570.0,21.0,16.0,19.0,16.0,12.0,12.0,21.0,10.0,1.0,0.0,929.4728156921212,0.0,1191.3419612564533,0.0,0.0,0.0,0.0,0.0,0.0,0.0,0.0,82.51150650427644,82.51150650427644,0.34,0.7697671970917647,0.36028137401965956,82.51150650427644,0.3542647819438875,0.0,0.0209 
 03/10  20:20:00,4.726666666666667,82.33333333333334,3.756666666666667,0.0,0.0,0.0,0.0,0.0,2.0,0.0,0.0,4.0,0.0,0.0,0.0,1534.0,0.0,0.0,0.0,0.0,0.0,0.0,0.0,0.0,0.0,0.0,0.0,21.248083788047315,-241.95865205028054,21.820447762098448,-207.85133676454388,21.373249238782749,-1476.1761326558549,20.30068855042473,247.9973800932546,18.461770482867128,4.6987402383306009,20.788641905728619,-47.02478184430626,18.253609782108243,-105.52643645477883,18.22782692561221,-39.211901635776317,17.008993012006088,-239.34123898561666,817.300990146626,934.4182722814223,0.0,0.0,0.0,0.0,0.0,0.0,0.0,0.0,0.0,0.0,0.0,0.0,0.0,0.0,0.0,0.0,0.0,0.0,0.0,0.0,0.0,0.0,1.8337765749923743,0.5597608592772816,216.2984008817116,260.3233971965596,7394.441381308583,0.1801896497293626,0.027501472791416766,38.644559259711709,46.38729010918246,1364.9192219702537,3.31858285977049,0.6270942667744693,330.23361705225445,397.0919484533729,11442.94266081132,0.37418023977012096,0.0707067724433335,196.8096656297156,237.17675979569996,6469.973913179832,0.0,0.0,7.642475145171186,9.293866465335177,214.83797460629052,0.0,0.0,15.394941443732295,18.5372987413541,509.7833931018305,0.0,0.0,220.4942674958649,268.4265142892635,6083.976566862362,0.0,0.0,20.468535704652273,24.87655409115546,582.4393954014699,0.0,0.0,186.12165272459266,227.7217127424932,4594.177863966427,30.83544385105143,21.149138443793853,334.0262688914218,404.31347810017919,11125.776031985008,0.0,0.0,188.4916649957124,231.21313344667545,4380.578946817321,548.2982109422842,21.353997178810475,35.27803599137913,21.25,30.0,0.0,22.08552927199648,38.4338049112262,21.0,30.0,1843.739583639297,21.695493369231757,33.22251419855302,21.5,30.0,0.0,20.820422681085526,35.96121821983249,16.0,30.0,0.0,18.41684369617485,44.38863805746698,12.0,30.0,0.0,20.997255163689155,44.77029337758163,19.0,30.0,0.0,18.151340378011875,44.039317202717089,10.0,30.0,0.0,18.59703448014958,43.216399081545478,12.0,30.0,0.0,16.67317760778044,48.7967446181949,16.0,30.0,0.0,19.431671204878449,0.0,0.0,0.0,15.931056419478143,0.0,0.0,745.6359206976601,1002.1599140171484,682.8728932616758,722.0922973667537,805.5307600698243,1212.9716417141963,777.5659441989794,788.7676465964805,791.9098550712557,6778.673149757042,81.80691626621004,81.80691626621004,570.0,0.0,570.0,570.0,21.0,16.0,19.0,16.0,12.0,12.0,21.0,10.0,1.0,0.0,548.2982109422842,0.0,1843.739583639297,0.0,0.0,0.0,0.0,0.0,0.0,0.0,0.0,81.80691626621004,81.80691626621004,0.255,0.5406757947029477,0.27021103051474468,81.80691626621004,0.2656985864579156,0.0,0.020836666666666668 
 03/10  20:30:00,4.62,83.0,3.75,0.0,0.0,0.0,0.0,0.0,2.0,0.0,0.0,4.0,0.0,0.0,0.0,1537.0,0.0,0.0,0.0,0.0,0.0,0.0,0.0,0.0,0.0,0.0,0.0,21.252178821629494,-410.4707901011635,21.784495670502225,-192.98220932018809,21.241924897774948,-589.2274147334754,20.269949557791724,110.28243011970042,18.46164845237996,4.07132484729145,20.833899872095139,-58.26530628846936,18.19538336142321,-55.394538121880717,17.988692964516877,-23.03821911322649,16.929306019657536,-250.1154992367551,825.8992546472346,980.2931677947088,0.0,0.0,0.0,0.0,0.0,0.0,0.0,0.0,0.0,0.0,0.0,0.0,0.0,0.0,0.0,0.0,0.0,0.0,0.0,0.0,0.0,0.0,1.8051253152736644,0.5510150535023396,212.2587147658037,256.07694110672727,7206.473238717011,0.19163816954350788,0.029248804875382767,36.52497867885943,43.84057110819401,1296.09549049653,3.53895911087964,0.6687375492969844,267.48936131184868,322.4188702294778,9216.580881055163,0.38177799897443456,0.07214247902011231,154.17093573287404,185.9713547080264,5083.814149864514,0.0,0.0,7.9834281206859949,9.709855457711296,226.19205594338488,0.0,0.0,15.578372359339193,18.753815759397406,521.5404078952284,0.0,0.0,229.57254041925143,279.595003295152,6353.461028373098,0.0,0.0,16.055875643963149,19.536949776524979,448.992420165097,0.0,0.0,190.51693720439193,233.21852963453308,4706.440245718008,30.969587478643044,21.24114367533817,280.4590464426872,340.2279539553683,9438.163136533029,0.0,0.0,192.39752536531578,236.11742108119925,4479.625426745878,544.4857533776285,21.339954485267808,35.21667438301066,21.25,30.0,0.0,22.047349374528868,38.26118636268735,21.0,30.0,945.7997079921743,21.47544362775202,34.120054406691398,21.25,30.0,0.0,20.76280846800151,36.19396518341158,16.0,30.0,0.0,18.41754126906683,44.45114772296329,12.0,30.0,0.0,21.07293577903949,44.615004530744318,19.0,30.0,0.0,18.07928282954182,44.07694989422308,10.0,30.0,0.0,18.236007202103477,44.01383948832604,12.0,30.0,0.0,16.570731352572918,48.99856399414524,16.0,30.0,0.0,19.23076347243709,0.0,0.0,0.0,15.838113542160793,0.0,0.0,747.6021367410443,994.9892180245819,707.1978548964287,731.7453110061863,817.3413803925137,1220.87958055725,777.153331738263,785.15148176391,793.9784444448735,4402.173285512243,82.18710430408518,82.18710430408518,570.0,0.0,570.0,570.0,21.0,16.0,19.0,16.0,12.0,12.0,21.0,10.0,1.0,0.0,544.4857533776285,0.0,945.7997079921743,0.0,0.0,0.0,0.0,0.0,0.0,0.0,0.0,82.18710430408518,82.18710430408518,0.17,0.3471576256726878,0.18014068700982978,82.18710430408518,0.17713239097194376,0.0,0.02077333333333333 
 03/10  20:40:00,4.513333333333334,83.66666666666667,3.743333333333333,0.0,0.0,0.0,0.0,0.0,2.0,0.0,0.0,4.0,0.0,0.0,0.0,1156.0,0.0,0.0,0.0,0.0,0.0,0.0,0.0,0.0,0.0,0.0,0.0,21.344941465149569,-503.53899247212737,21.74262696424509,-199.75421875710195,20.93143788009959,-752.0204412984931,20.19072215549196,232.76036023438204,18.457514963431735,2.078578838884067,20.8596313640316,-64.15481841768596,18.1652616464916,-47.850804538594619,17.81227093718991,-16.604700342934103,16.8583940214644,-251.3732049296928,819.8472961661664,984.2433326358128,0.0,0.0,0.0,0.0,0.0,0.0,0.0,0.0,0.0,0.0,0.0,0.0,0.0,0.0,0.0,0.0,0.0,0.0,0.0,0.0,0.0,0.0,1.7948255926126267,0.5478710600160648,166.57127390765744,200.4341583728746,5770.6044126548799,0.203210499231901,0.031015033460302378,35.20080573656433,42.24924930023819,1254.2434563452464,3.471029173723256,0.6559012044072675,276.0200038757226,332.55210713452336,9434.37844084257,0.39444180916451457,0.07453548926011239,254.2148652884753,306.8521228366314,8366.728615324935,0.0,0.0,8.183101542183304,9.949328551503362,233.58189659535288,0.0,0.0,15.75167623789941,18.95272302012153,532.2278849853411,0.0,0.0,228.26647126260756,277.9124917571078,6353.192837681411,0.0,0.0,15.021408409332335,18.296715220448016,416.32763308592237,0.0,0.0,188.0102556226828,230.11895636598784,4654.731974984443,31.080239163803378,21.317036463514,281.98175852301008,341.8668322673893,9466.141160042,0.0,0.0,189.68555228816966,232.80051885956733,4405.237476751281,662.311996731662,21.54090384020812,35.08303218864066,21.33333333333335,30.00000000000002,0.0,21.99836684106391,38.24996394626399,21.000000000000015,30.00000000000002,367.6238904057608,21.140111071408414,34.88461846936447,21.000000000000015,30.00000000000002,0.0,20.65895497120666,36.29082694395964,16.000000000000015,30.00000000000002,0.0,18.412115148692629,44.49719470575485,12.00000000000001,30.00000000000002,0.0,21.119543476431646,44.417000265619908,19.000000000000015,30.00000000000002,0.0,18.04770787863355,44.20608345775134,10.000000000000007,30.00000000000002,0.0,17.98333388328127,44.61520026372348,12.00000000000001,30.00000000000002,0.0,16.486233048102734,49.20808619433669,16.000000000000015,30.00000000000002,0.0,19.294985527905113,0.0,0.0,0.0,15.698465947967487,0.0,0.0,765.0864826496409,993.7643504242635,713.5503489489898,728.8375332733838,826.1831051944902,1221.0621099695555,781.6970541337539,784.9151734245063,795.0485186979138,6756.421057356611,81.59542032059201,83.96222298412732,570.0000000000005,0.0,570.0000000000005,570.0000000000005,21.0,16.0,19.0,16.0,12.0,12.0,21.0,10.0,1.0,0.0,662.311996731662,0.0,367.6238904057608,0.0,0.0,0.0,0.0,0.0,3581.8012204480048,2149080.732268801,2785149.6144993288,81.59542032059201,84.00241915059978,0.23272670734826693,0.46309828703792008,0.24018758267977323,84.00241915059978,0.23617652129592518,2785149.6144993288,0.1655377799539651 
 03/10  20:50:00,4.406666666666666,84.33333333333334,3.7366666666666665,0.0,0.0,0.0,0.0,0.0,2.0,0.0,0.0,4.0,0.0,0.0,0.0,1544.0,0.0,0.0,0.0,0.0,0.0,0.0,0.0,0.0,0.0,0.0,0.0,21.302864236227543,-223.50480836898488,21.718102487388664,-156.52973952576918,21.385766537129073,-1501.4111134871585,20.286782390144347,454.3965993703923,18.451591006517725,0.27256237564500909,20.86778308989549,-71.44898422213962,18.130720781507454,-46.16611203050479,17.684878032774536,-13.263501425671706,16.786532739758088,-256.616300885747,892.7996153116778,1000.902826257453,0.0,0.0,0.0,0.0,0.0,0.0,0.0,0.0,0.0,0.0,0.0,0.0,0.0,0.0,0.0,0.0,0.0,0.0,0.0,0.0,0.0,0.0,1.8316034744409696,0.5590975196706256,227.66340343322958,274.43556337890268,7879.375260395176,0.23478377106858895,0.03583390889325228,31.85525436494037,38.26108950330969,1142.7580894839326,3.2791751081625835,0.6196476016936101,378.7768668046221,455.75896072484007,13453.246593278356,0.40013413227411856,0.07561113610622042,290.86931984745066,351.00755758687537,9765.734697568263,0.0,0.0,8.380918355376874,10.194153341671198,240.9555189141893,0.0,0.0,15.910760708201308,19.15316513761942,541.6235278847418,0.0,0.0,230.97485694912377,281.3834407658844,6458.691962388088,0.0,0.0,12.761228719729545,15.557702582189535,352.2493564123811,0.0,0.0,189.38616672775798,231.98174463766248,4698.130830547472,31.372203952570819,21.517286661571214,382.47521049845559,463.41021821873917,12945.019344045839,0.0,0.0,190.95701939194533,234.54168024391152,4444.802804750074,0.0,21.291318411044324,35.099026395847079,21.0,30.0,0.0,21.980920179825604,38.515211090825498,21.0,30.0,1957.2587491554037,21.73540777530769,33.699315665895287,21.5,30.0,0.0,20.871093205246209,35.714572865272447,16.0,30.0,0.0,18.405348173607785,44.51781712174902,12.0,30.0,0.0,21.138375355629717,44.27736229141629,19.0,30.0,0.0,18.002610531952408,44.26007969587126,10.0,30.0,0.0,17.817027723525987,45.06512391760982,12.0,30.0,0.0,16.399388944138005,49.51344155957912,16.0,30.0,0.0,19.542340367285808,0.0,0.0,0.0,15.614154896173046,0.0,0.0,741.6985274813314,1009.4412654527773,717.7718183897887,726.2072733975998,831.8677519317323,1219.3648900749409,782.1657962906554,786.9590920395556,799.6943729133973,4491.97367652641,81.22050284952522,81.22050284952522,570.0,0.0,570.0,570.0,21.0,16.0,19.0,16.0,12.0,12.0,21.0,10.0,1.0,0.0,0.0,0.0,1957.2587491554037,0.0,0.0,0.0,0.0,0.0,0.0,0.0,0.0,81.22050284952522,81.22050284952522,0.17,0.38404858486158147,0.18014068700982978,81.22050284952522,0.17713239097194376,0.0,0.020963333333333335 
 03/10  21:00:00,4.3,85.0,3.73,0.0,0.0,0.0,0.0,0.0,2.0,0.0,0.0,4.0,0.0,0.0,0.0,774.0,0.0,0.0,0.0,0.0,0.0,0.0,0.0,0.0,0.0,0.0,0.0,21.506423002980108,-880.4758049442844,21.711647613046094,-155.94502415622925,21.002971477939455,-726.1582986231706,20.219955641123236,20.529396126584289,18.4420966244852,-0.320002844317969,20.86495878643784,-75.71760802258734,18.11825073578965,-26.85835621606566,17.570336788827594,-11.637436926597389,16.718594820675898,-249.76849431166967,953.3111000577746,1027.592510869319,0.0,0.0,0.0,0.0,0.0,0.0,0.0,0.0,0.0,0.0,0.0,0.0,0.0,0.0,0.0,0.0,0.0,0.0,0.0,0.0,0.0,0.0,1.7981061837283675,0.5488724614555456,281.79616663097138,338.32726958283299,10065.352280588293,0.2213326908535234,0.03378093572245473,32.690436055424729,39.213790273036327,1180.1321664914609,3.721551231989417,0.703240973542974,455.9868895889308,548.7243647929543,15889.130737671594,0.39210110854990445,0.07409317999809229,236.8457680552081,285.74676642950569,7941.075922642374,0.0,0.0,8.598522704507867,10.446965989020708,248.96247625320803,0.0,0.0,16.020617970540486,19.26070264464661,549.0916256633547,0.0,0.0,234.88426772072129,285.828057447047,6624.090953238316,0.0,0.0,11.836030499231289,14.421062621499015,325.83888940456935,0.0,0.0,190.04868736325936,232.6114419490925,4727.4007905138519,31.421755981061325,21.5512729636909,452.17727861530195,547.2151408334754,15175.935681160328,0.0,0.0,191.6075021911924,235.16767005856424,4468.406688146988,1261.4174562898625,21.78640471259366,33.95759738753722,21.5,30.0,0.0,21.991890523517904,38.810050252779117,21.0,30.0,1259.3354000138755,21.24239900752599,34.76892001517381,21.5,30.0,0.0,20.694165358927607,36.04755991965399,16.0,30.0,0.0,18.39396623872915,44.491529778751289,12.0,30.0,0.0,21.141968711854099,44.176708281811588,19.0,30.0,0.0,18.008341281024465,44.23151714558833,10.0,30.0,0.0,17.665625039865483,45.472170594204268,12.0,30.0,0.0,16.31925416966973,49.71746614492355,16.0,30.0,0.0,19.684129461638343,0.0,0.0,0.0,15.52266813027919,0.0,0.0,738.3134509042927,1029.2961566107043,720.2611312233296,724.9853854324571,834.6792664623633,1217.4283375506394,783.6064806737452,788.8911810035211,800.31070965611,7888.915112872872,82.78806277739698,86.31651379137529,570.0,0.0,570.0,570.0,21.0,16.0,19.0,16.0,12.0,12.0,21.0,10.0,1.0,0.0,1261.4174562898625,0.0,1259.3354000138755,0.0,0.0,0.0,0.0,0.0,5339.815720541688,3203889.432325013,4179630.2400608279,82.78806277739698,86.37643860324612,0.34799385735138968,0.7678048642180941,0.36028137401965956,86.37643860324612,0.3542647819438875,4179630.2400608279,0.23855743914982972 
 03/10  21:10:00,4.213333333333333,85.50000000000002,3.631666666666667,0.0,0.0,0.0,0.0,0.0,2.0,0.0,0.0,4.0,0.0,0.0,0.0,1161.0,0.0,0.0,0.0,0.0,0.0,0.0,0.0,0.0,0.0,0.0,0.0,21.60457122268288,-1172.0058007239205,21.70207397730379,-155.01789536326624,21.19212561059229,-508.49766197604006,20.121583704724487,309.01552292115079,18.432501783505388,0.1529335642577886,20.850208569266927,-87.35975458865953,18.15242506658325,-20.97230003880031,17.47845299975092,-21.444766800163547,16.659291342598878,-253.74186322086218,852.8290000350595,1110.7350659672148,0.0,0.0,0.0,0.0,0.0,0.0,0.0,0.0,0.0,0.0,0.0,0.0,0.0,0.0,0.0,0.0,0.0,0.0,0.0,0.0,0.0,0.0,1.7431814492126819,0.5321066694788407,245.92115870056268,295.591315109165,8839.790187450551,0.2401465942979844,0.03665241060714048,29.074272670059174,34.90578762361608,1056.2113226807203,3.744611362565319,0.7075985190032729,296.6101148052224,356.91127373066879,10558.138444983571,0.43002142041438026,0.0812587718092177,265.5113575565959,320.6612183662332,8875.704996003307,0.0,0.0,9.043953959601762,10.997943679398853,263.2676338224645,0.0,0.0,15.944500587729888,19.18850465387124,548.7186093807912,0.0,0.0,248.47741134712943,302.53842567399388,7082.878568626866,0.0,0.0,10.90241241893991,13.296782604382111,299.5795329965223,0.0,0.0,199.54030323150426,244.46801793461618,4972.638666651995,31.68747091747957,21.733519147791207,317.0407899596471,384.3940387610503,10781.03304363378,0.0,0.0,203.0789591999281,249.42636395484224,4774.142209450704,1361.0726671914959,21.859071108739813,33.66739735878814,22.0,30.0,0.0,21.992512499586256,39.0954343689876,21.0,30.0,808.7950770229318,21.577602755898384,34.13779246282148,21.333333333333337,30.0,0.0,20.587255689699867,36.37259222568476,16.0,30.0,0.0,18.384251536322915,44.404881163216,12.0,30.0,0.0,21.1254844600023,44.07683985230991,19.0,30.0,0.0,18.07497941000796,43.90852220861385,10.0,30.0,0.0,17.552071095145569,45.791970646066037,12.0,30.0,0.0,16.253370307173506,49.82714061660812,16.0,30.0,0.0,19.329643866026325,0.0,0.0,0.0,15.52754156763482,0.0,0.0,733.7538813444612,1046.8127566232636,727.6260040229734,730.7927453518568,833.4280063268886,1211.8843309896836,781.0702796258099,790.8205225984516,799.463340648203,8734.149138084402,82.22976198667149,82.22976198667149,570.0,0.0,570.0,570.0,21.0,16.0,19.0,16.0,12.0,12.0,21.0,10.0,1.0,0.0,1361.0726671914959,0.0,808.7950770229318,0.0,0.0,0.0,0.0,0.0,0.0,0.0,0.0,82.22976198667149,82.22976198667149,0.34,0.7697876871981411,0.36028137401965956,82.22976198667149,0.3542647819438875,0.0,0.02147 
 03/10  21:20:00,4.126666666666667,86.0,3.533333333333333,0.0,0.0,0.0,0.0,0.0,2.0,0.0,0.0,4.0,0.0,0.0,0.0,774.0,0.0,0.0,0.0,0.0,0.0,0.0,0.0,0.0,0.0,0.0,0.0,21.357264977054464,-560.5479040247201,21.67933457358076,-179.13886725644796,21.009521413276297,-1050.8925515656839,20.20925212608209,383.3936041837196,18.42358933891643,2.679860298760758,20.83307039828034,-75.85866254059096,18.087026368734017,-96.69309107741447,17.37601718429343,-31.865496851042395,16.609627643889128,-237.86231509075197,916.3378639136927,1154.486656705728,0.0,0.0,0.0,0.0,0.0,0.0,0.0,0.0,0.0,0.0,0.0,0.0,0.0,0.0,0.0,0.0,0.0,0.0,0.0,0.0,0.0,0.0,1.8378781534365152,0.5610128673493637,211.32659803762136,254.22003944868502,7523.992377096674,0.2277870989066721,0.03476604073667156,33.27985220017059,39.90704861906389,1211.6607729504345,3.434567212815128,0.6490111891185052,362.9468392359846,436.8486619530154,12745.964869685664,0.4165559340411459,0.07871427325040548,308.60635891378606,372.21991990816289,10456.226481431964,0.0,0.0,8.530059702719499,10.367413720912403,249.72397064068833,0.0,0.0,16.069256349224625,19.322251767343297,555.4527761694576,0.0,0.0,247.30803310491806,301.0454016624625,7035.8954653722889,0.0,0.0,11.071411542876606,13.499487974493395,303.2614341377249,0.0,0.0,202.45479049378228,247.90968477501628,5062.996734317899,31.786211195971619,21.80124224689412,371.2728279962189,449.54746012140449,12675.575818929465,0.0,0.0,208.75221583863246,256.22741888864587,4941.507363062981,758.6786950314245,21.55112689139125,34.413210721336657,22.0,30.0,0.0,21.967183004716249,39.16060596527477,21.0,30.0,853.515916470905,21.286615124908914,34.36742599719696,21.0,30.0,0.0,20.75559879673753,35.96335447296086,16.0,30.0,0.0,18.37668840690904,44.34044166052968,12.0,30.0,0.0,21.110115360556784,44.07421414498745,19.0,30.0,0.0,17.952424083184789,44.14448872744095,10.0,30.0,0.0,17.41505151545634,46.182614264038779,12.0,30.0,0.0,16.205425216836149,49.840360539188498,16.0,30.0,0.0,19.508193394970097,0.0,0.0,0.0,15.518327683270549,0.0,0.0,740.3658947257034,1049.1120447231538,709.7323311760363,730.9492058041243,833.6416733804836,1212.3915400556276,778.520626388575,793.2811584597794,796.7607134242149,9747.698547039237,81.55957138989734,81.55957138989734,570.0,0.0,570.0,570.0,21.0,16.0,19.0,16.0,12.0,12.0,21.0,10.0,1.0,0.0,758.6786950314245,0.0,853.515916470905,0.0,0.0,0.0,0.0,0.0,0.0,0.0,0.0,81.55957138989734,81.55957138989734,0.34,0.7710600430638925,0.36028137401965956,81.55957138989734,0.3542647819438875,0.0,0.02150166666666667 
 03/10  21:30:00,4.04,86.5,3.435,0.0,0.0,0.0,0.0,0.0,2.0,0.0,0.0,4.0,0.0,0.0,0.0,1548.0,0.0,0.0,0.0,0.0,0.0,0.0,0.0,0.0,0.0,0.0,0.0,21.380501006874384,-227.0458225340633,21.65729973301542,-147.88906121162763,21.373114948766959,-1453.9241427745567,20.31294914576823,404.17512240771978,18.413500015329267,-1.1593178181693845,20.821448764259729,-79.35752914882778,18.014573318507389,-50.62767848285921,17.293192895792946,-32.89341656347081,16.563805458489655,-256.7447556761474,930.5969652400088,1104.3492794090906,0.0,0.0,0.0,0.0,0.0,0.0,0.0,0.0,0.0,0.0,0.0,0.0,0.0,0.0,0.0,0.0,0.0,0.0,0.0,0.0,0.0,0.0,1.8725169162309899,0.57158636026587,213.7932620741949,257.6537818461285,7586.470159547848,0.24616356376387467,0.03757075149021286,31.36575507140312,37.67849510838637,1147.3419686066066,3.3464443392442044,0.6323590966069927,364.8488847900055,439.07266235856988,13239.866140059281,0.4046928798333276,0.07647257744393943,285.03503387752337,343.96513141068746,9815.3106625874,0.0,0.0,8.736238617046153,10.629228490961742,257.1110299609173,0.0,0.0,16.281680121904598,19.60491563498484,565.3653057294666,0.0,0.0,239.3349504926269,291.7550476031708,6806.978290631433,0.0,0.0,10.28553347911401,12.559393326078407,281.52200675611058,0.0,0.0,193.97413377576476,237.8376789433401,4867.598204552538,31.993565046276328,21.943460251218338,367.1347427342447,444.90923625624927,12773.342781473235,0.0,0.0,200.31805531526178,246.29711018659945,4713.471575140794,0.0,21.339210176822598,34.86328382815957,21.0,30.0,0.0,21.94744774485335,39.03053229088868,21.0,30.0,1899.8142383340128,21.73374616567235,33.47656744786681,21.5,30.0,0.0,20.932451700900967,35.314122547009109,16.0,30.0,0.0,18.366900300273615,44.34641671985594,12.0,30.0,0.0,21.10401426262827,44.11628459840176,19.0,30.0,0.0,17.86088874420457,44.334681714712598,10.0,30.0,0.0,17.315979304132676,46.44763988492839,12.0,30.0,0.0,16.160321992258987,49.88180657332402,16.0,30.0,0.0,19.532238730515325,0.0,0.0,0.0,15.358541857471638,0.0,0.0,742.679794115126,1041.598015653905,713.2983293964431,720.6312796992751,835.6336790348653,1216.272012768833,779.0154593203147,794.509627977803,795.9324076844623,4810.889914258978,81.01469575856511,82.71629586811888,570.0,0.0,570.0,570.0,21.0,16.0,19.0,16.0,12.0,12.0,21.0,10.0,1.0,0.0,0.0,0.0,1899.8142383340128,0.0,0.0,0.0,0.0,0.0,2575.2268053731124,1545136.0832238675,2004229.4974458649,81.01469575856511,82.7451946869038,0.1708408935124371,0.3858181550215408,0.18014068700982978,82.7451946869038,0.17713239097194376,2004229.4974458649,0.1257532672005183 
 03/10  21:40:00,3.953333333333333,87.0,3.336666666666667,0.0,0.0,0.0,0.0,0.0,2.0,0.0,0.0,4.0,0.0,0.0,0.0,776.0,0.0,0.0,0.0,0.0,0.0,0.0,0.0,0.0,0.0,0.0,0.0,21.590772519941419,-985.9671496361566,21.64581533513133,-152.5705505848199,21.018682152262039,-720.4673342687329,20.203141799047175,7.153697674599243,18.39787701016861,-1.8516852660343375,20.80129741444908,-82.99162997176313,18.006328547946287,-33.518100902256268,17.20314707602808,-41.182596516801,16.5011036059025,-257.7697672655954,986.2849708070262,1132.8409152807163,0.0,0.0,0.0,0.0,0.0,0.0,0.0,0.0,0.0,0.0,0.0,0.0,0.0,0.0,0.0,0.0,0.0,0.0,0.0,0.0,0.0,0.0,1.830471747363764,0.5587520596348486,274.7102195320798,329.6795492101347,10080.47349977856,0.23258642388290574,0.03549853844366693,32.04214991402284,38.44388896560936,1177.0943174192658,3.7574131883231458,0.7100176092825297,434.2825408516783,522.5893347918561,15474.199038023748,0.3981442438785219,0.07523511789087714,223.7056021955787,269.93642911337636,7658.465477583917,0.0,0.0,8.931507899023444,10.854428252598306,264.1845862397756,0.0,0.0,16.34510953386415,19.656769260738075,569.9437701830766,0.0,0.0,243.2874075990831,296.2166726876492,6971.552577822538,0.0,0.0,12.634474050431568,15.41381516520184,345.1659133405029,0.0,0.0,193.80751286311625,237.42807466384893,4870.197475022933,32.04978053679394,21.982016829076785,429.30809644850208,519.6566945944074,14765.814199251114,0.0,0.0,202.30121535638603,248.52358955305537,4764.623349758525,1413.908715314798,21.885122439047536,33.576682916648838,21.5,30.0,0.0,21.94413038959703,39.004711074382928,21.0,30.0,1262.2832265110042,21.26878192834275,34.535960682508719,21.5,30.0,0.0,20.68406978234379,35.846635685902047,16.0,30.0,0.0,18.34910080440099,44.31553027187634,12.0,30.0,0.0,21.084066065921044,44.0674652543392,19.0,30.0,0.0,17.875793717327089,44.303973889618678,10.0,30.0,0.0,17.198943727689114,46.74003240823799,12.0,30.0,0.0,16.08537168134385,50.072407188555107,16.0,30.0,0.0,19.638595964656916,0.0,0.0,0.0,15.27749672700418,0.0,0.0,736.702225471263,1042.5629834399297,718.9960275120272,721.7104926522068,835.4946869410942,1213.9377328741423,781.1673826263918,795.559374282957,796.3244195703572,9954.697010846094,81.42258522273525,85.0656485309358,570.0,0.0,570.0,570.0,21.0,16.0,19.0,16.0,12.0,12.0,21.0,10.0,1.0,0.0,1413.908715314798,0.0,1262.2832265110042,0.0,0.0,0.0,0.0,0.0,5513.081704918286,3307849.0229509717,4291155.457173818,81.42258522273525,85.12751984004925,0.3537693901639429,0.7695889439873933,0.36028137401965956,85.12751984004925,0.3542647819438875,4291155.457173818,0.24470508377303855 
 03/10  21:50:00,3.8666666666666664,87.5,3.2383333333333335,0.0,0.0,0.0,0.0,0.0,2.0,0.0,0.0,4.0,0.0,0.0,0.0,1165.0,0.0,0.0,0.0,0.0,0.0,0.0,0.0,0.0,0.0,0.0,0.0,21.334209709682363,-527.6016252778627,21.62562219865883,-173.81725441947089,21.21698870473943,-834.1885129198718,20.105500897102688,319.60754682658895,18.38400126663575,0.41582898885214589,20.77942549930538,-77.6423136650135,17.973984185060876,-105.78630075389333,17.120620745429564,-48.121252450891329,16.448060236282396,-252.80728012016446,842.1598614811824,1187.6358924256163,0.0,0.0,0.0,0.0,0.0,0.0,0.0,0.0,0.0,0.0,0.0,0.0,0.0,0.0,0.0,0.0,0.0,0.0,0.0,0.0,0.0,0.0,1.8630270240451133,0.5686895677793391,252.3554332273681,304.10885683360427,8998.869604275082,0.2207348282674992,0.03368968685401395,34.9988534571905,42.01741681614483,1288.9995474254225,3.53249985563348,0.6675169795225782,311.77026598140619,375.63886414082136,11190.387211659885,0.4109019223647824,0.07764586590415393,260.3987286000443,314.5457845182507,8884.10908963225,0.0,0.0,8.645409721052888,10.517449873971504,257.01829261067118,0.0,0.0,16.3979214850374,19.739532228081964,573.9579311316963,0.0,0.0,248.34431029556357,302.7032865871163,7128.649535520891,0.0,0.0,14.817364944332065,18.104215931209997,404.53489158146308,0.0,0.0,199.1455664991703,244.21060843548117,5017.455941434312,32.06280515600915,21.99095003841508,323.6174001210326,392.52943142717347,11271.299341083994,0.0,0.0,209.9942967014909,258.19740168717689,4978.194030126695,632.9273781885778,21.364913980607797,34.69641811024182,21.33333333333335,30.00000000000002,0.0,21.92251667034865,38.83186147133085,21.000000000000015,30.00000000000002,1212.2513531305813,21.585448082632053,33.87285147027444,21.33333333333335,30.00000000000002,0.0,20.581923413445997,36.18722163055826,16.000000000000015,30.00000000000002,0.0,18.336609810951509,44.300337483989917,12.00000000000001,30.00000000000002,0.0,21.063444694265188,44.03856877356358,19.000000000000015,30.00000000000002,0.0,17.81049884472129,44.3937821917049,10.000000000000007,30.00000000000002,0.0,17.096182935895734,46.990906548055438,12.00000000000001,30.00000000000002,0.0,16.029418233337137,50.17951988483913,16.000000000000015,30.00000000000002,0.0,19.167900686159716,0.0,0.0,0.0,15.264824193055848,0.0,0.0,739.997612231772,1032.5156324864884,722.0208681994398,728.8804212706029,835.810531497857,1212.1027083953057,779.6400952491072,796.269195856351,796.0101921732294,6228.186887577105,81.24647351599173,83.52717172773268,570.0000000000005,0.0,570.0000000000005,570.0000000000005,21.0,16.0,19.0,16.0,12.0,12.0,21.0,10.0,1.0,0.0,632.9273781885778,0.0,1212.2513531305813,0.0,0.0,0.0,0.0,0.0,3451.624535908995,2070974.7215453955,2688827.719740233,81.24647351599173,83.56590555476649,0.22838748453029995,0.4637909599289038,0.24018758267977323,83.56590555476649,0.23617652129592518,2688827.719740233,0.16132070809315877 
 03/10  22:00:00,3.78,88.0,3.14,0.0,0.0,0.0,0.0,0.0,2.0,0.0,0.0,4.0,0.0,0.0,0.0,1167.0,0.0,0.0,0.0,0.0,0.0,0.0,0.0,0.0,0.0,0.0,0.0,21.104490222099398,-475.34696372114265,21.602292272533029,-165.03661299314946,21.16402035768803,-645.234730238864,20.17097453970333,299.29425916585685,18.36876758060138,-1.6410774935392485,20.75838111484869,-77.26236476002652,17.976065022144476,45.05584798521677,17.03362485263464,-64.43465198953089,16.840476652330645,-434.56461898793676,855.2133712444802,1115.3976490540743,0.0,0.0,0.0,0.0,0.0,0.0,0.0,0.0,0.0,0.0,0.0,0.0,0.0,0.0,0.0,0.0,0.0,0.0,0.0,0.0,0.0,0.0,1.8764145621190376,0.5727761178629547,143.15605666094394,172.51095958384173,5107.926781498871,0.2426061077304315,0.03702779422015136,31.394528287779175,37.68224184365096,1162.224963595935,3.551765089262397,0.6711574242748302,232.672347610239,280.4009000480438,8431.423948003323,0.4056922603009482,0.07666142484900764,242.01126119010545,292.28657658579768,8358.3631936144,0.0,0.0,8.726373065731336,10.617337002482652,260.7293824801013,0.0,0.0,16.03808318644836,19.308938381240105,563.5844720425822,0.0,0.0,229.05105874135416,279.2705431853723,6629.571296062366,0.0,0.0,18.801423210150455,22.978410404014999,512.4285306283045,0.0,0.0,172.18741976945479,210.8552396403074,4564.76281506787,32.35001793528917,22.187940970705904,239.56529199276526,290.8835560230988,8551.529568363116,0.0,0.0,187.04158831456807,230.20405803226536,4417.709610882971,212.3139202790554,21.116445796998435,35.24256548220834,21.000000000000015,30.00000000000002,0.0,21.902167196556975,38.91571240321255,21.000000000000015,30.00000000000002,945.0054355630999,21.456444077340519,34.22021995678712,21.33333333333335,30.00000000000002,0.0,20.705935703934686,35.56616584155969,16.000000000000015,30.00000000000002,0.0,18.321750709477155,44.238346023150828,12.00000000000001,30.00000000000002,0.0,21.043744230094697,44.04277570730155,19.000000000000015,30.00000000000002,0.0,17.86630740687294,44.218796026945259,10.000000000000007,30.00000000000002,0.0,16.98318131182166,47.24585772937621,12.00000000000001,30.00000000000002,920.3013201685374,16.67333552595174,48.084913372234449,16.66666666666668,30.00000000000002,0.0,19.082319910917354,0.0,0.0,0.0,15.06940265226895,0.0,0.0,746.1509227204193,1037.84978881744,729.67933951424,716.4691261366394,834.5151255054577,1213.1438062086389,783.5301657212646,797.1056894287506,796.1911778741667,8304.682112781506,82.51367270349556,82.51367270349556,570.0000000000005,0.0,570.0000000000005,570.0000000000005,21.0,16.0,19.0,16.0,12.0,12.0,21.0,10.0,1.0,0.0,212.3139202790554,0.0,945.0054355630999,0.0,0.0,0.0,0.0,920.3013201685374,0.0,0.0,0.0,82.51367270349556,82.51367270349556,0.3400000000000003,0.7712085252603429,0.3602813740196598,82.51367270349556,0.3542647819438878,0.0,0.021438333333333335 
 03/10  22:10:00,3.7516666666666667,88.50000000000002,3.1216666666666668,0.0,0.0,0.0,0.0,0.0,2.0,0.0,0.0,4.0,0.0,0.0,0.0,3501.0,0.0,0.0,0.0,0.0,0.0,0.0,0.0,0.0,0.0,0.0,0.0,21.58460557302058,-1315.1640938896017,21.574570966928783,-154.68888603772326,21.255032687230157,-274.3993425704237,20.1538703658115,331.7347420957828,18.350573965722427,-4.537871333238898,20.747484241011774,-51.34291370215208,18.222019644009085,84.01210641703526,16.902642505854048,-162.17112884251936,18.31414622216621,-413.553197736886,880.1905270287203,1070.8191813249635,0.0,0.0,0.0,0.0,0.0,0.0,0.0,0.0,0.0,0.0,0.0,0.0,0.0,0.0,0.0,0.0,0.0,0.0,0.0,0.0,0.0,0.0,1.8217448253284925,0.5560881640196864,253.7765022326091,305.24256010148539,9395.718810997269,0.2626434139882804,0.040085991145952449,27.742623088816058,33.36745340594782,1028.6518350189497,3.7342057003718596,0.7056322185132011,271.307237259861,327.2011924516813,9828.801144192987,0.4316650240535642,0.08156935450747621,273.0201997672316,329.947281950448,9417.976190607895,0.0,0.0,8.67276438350618,10.560486413616186,259.2803111573067,0.0,0.0,14.244989589262751,17.173265454301249,501.39048577508125,0.0,0.0,168.45702821238283,205.1446842771854,5038.485716754405,0.0,0.0,36.84814046081539,45.09034126699355,990.3863772479049,0.0,0.0,121.14398558609303,147.10753541015505,3789.544583447743,32.32165343779518,22.16848658284992,281.1773606000189,341.64057890124198,9875.382393818958,0.0,0.0,124.27941956441771,153.1316985933368,2872.2535326104978,1832.3137480853803,21.862387516049496,33.20798486011247,21.999999999999994,29.999999999999994,0.0,21.871455620698993,38.91561549688893,20.999999999999998,29.999999999999994,0.0,21.336911582997748,34.13189931860684,20.999999999999998,29.999999999999994,0.0,20.67501877371466,35.783576009250079,15.999999999999997,29.999999999999994,0.0,18.303303877697915,44.017025776348528,11.999999999999997,29.999999999999994,0.0,21.047168617308168,42.858992130849589,18.999999999999998,29.999999999999994,0.0,18.343077170617275,42.453511052163879,9.999999999999999,29.999999999999994,0.0,16.784550393368563,47.81876508399081,11.999999999999997,29.999999999999994,2812.0464536241945,18.837009692528676,41.69932629013481,19.999999999999998,29.999999999999994,0.0,19.144484297007336,0.0,0.0,0.0,14.699973065106054,0.0,0.0,724.5668038895035,1037.938978071649,715.9456650181285,726.5843421424769,825.2926112270803,1195.2038101398394,768.7043911866792,801.2936623782929,785.9524905376973,10150.952685185004,81.29284623320493,84.46598635005131,569.9999999999999,0.0,569.9999999999999,569.9999999999999,21.0,16.0,19.0,19.0,12.0,12.0,21.0,10.0,1.0,0.0,1832.3137480853803,0.0,0.0,0.0,0.0,0.0,0.0,2812.0464536241945,4802.043161414898,2881225.896848939,3754396.756628669,81.29284623320493,84.51987680333763,0.34895699426938556,0.7676844466183898,0.36028137401965945,84.51987680333763,0.3542647819438875,3754396.756628669,0.21660363134469075 
 03/10  22:20:00,3.723333333333333,89.0,3.1033333333333337,0.0,0.0,0.0,0.0,0.0,2.0,0.0,0.0,4.0,0.0,0.0,0.0,778.0,0.0,0.0,0.0,0.0,0.0,0.0,0.0,0.0,0.0,0.0,0.0,21.66939174003494,-1697.5045857039609,21.55976493189027,-148.7601511994262,20.837900683831927,209.44089447304587,20.158055950168106,249.06135270316924,18.324156064390804,-7.236760956629526,20.73587335808594,-50.34277079124543,18.128918767769009,-41.987399391843187,16.70311924662362,-155.74928594979625,18.47554490968647,-278.1494157253865,892.5375575982109,1171.1119235900592,0.0,0.0,0.0,0.0,0.0,0.0,0.0,0.0,0.0,0.0,0.0,0.0,0.0,0.0,0.0,0.0,0.0,0.0,0.0,0.0,0.0,0.0,1.8003930955021046,0.5495705419725596,309.26432301057039,371.49710677819737,11450.624488016652,0.26671650013599709,0.0407076465409031,26.494498256041575,31.79575167663196,984.350571571367,3.9128174623260119,0.7393834962823156,267.55551299548406,322.2304975132008,9614.399491547223,0.43660420222494719,0.08250268371597641,243.70331888677613,294.0710304924757,8425.500557375231,0.0,0.0,9.07970900281997,11.039369471813349,271.46367939930408,0.0,0.0,13.73538205812697,16.52889851405935,484.3079658844074,0.0,0.0,179.8954290298421,218.82341407318655,5321.618453681725,0.0,0.0,43.10622099630038,52.732886767785299,1136.7788297300627,0.0,0.0,147.17377073480288,178.36752365847964,4650.673634178451,32.265283775737227,22.129824263194267,282.6615884359667,342.7195614721113,9970.413975942907,0.0,0.0,137.11011653000043,168.44854187047106,3261.7503288060445,1822.5312872189105,21.894154620734335,32.92127834823167,22.000000000000008,30.000000000000008,0.0,21.86206807248689,39.56795410379221,21.000000000000008,30.000000000000008,0.0,21.14675845387434,34.56102169080184,21.000000000000008,30.000000000000008,0.0,20.67201169851812,35.781207685229968,16.000000000000005,30.000000000000008,0.0,18.270585747153107,43.503522995811668,12.000000000000004,30.000000000000008,0.0,21.044655178731714,40.945754105375609,19.000000000000005,30.000000000000008,0.0,18.131538361205778,42.95219556010227,10.000000000000002,30.000000000000008,0.0,16.476011976340126,48.715681879548558,12.000000000000004,30.000000000000008,39.823619166374509,19.190879168011017,40.291315370865849,19.000000000000005,30.000000000000008,0.0,19.203779307481115,0.0,0.0,0.0,15.084761944188655,0.0,0.0,713.7496881582169,1075.8535680606127,718.3739621471142,727.4884587509507,802.3230605378745,1161.697921434734,768.1636953551737,804.3592832343238,771.2898113960414,10088.892991221775,81.33387904331761,84.91377067664075,570.0000000000001,0.0,570.0000000000001,570.0000000000001,21.0,16.0,19.0,19.0,12.0,12.0,21.0,10.0,1.0,0.0,1822.5312872189105,0.0,0.0,0.0,0.0,0.0,0.0,39.823619166374509,5417.582853348324,3250549.712008994,4265317.447479807,81.33387904331761,84.9745691209992,0.3505860951116109,0.7626100633610868,0.36028137401965967,84.9745691209992,0.35426478194388757,4265317.447479807,0.2429181739356166 
 03/10  22:30:00,3.695,89.5,3.085,0.0,0.0,0.0,0.0,0.0,2.0,0.0,0.0,4.0,0.0,0.0,0.0,1556.0,0.0,0.0,0.0,0.0,0.0,0.0,0.0,0.0,0.0,0.0,0.0,21.521055101735528,-909.5039956652101,21.545130632227008,-142.07443947133246,21.241977576803558,-976.7847150108678,20.213128852768159,518.5612098602824,18.299371154160548,-11.835055520257484,20.713331756976339,-70.59951130682856,17.928651524183996,-119.54186895642124,16.62314327111128,-76.56977072332711,18.959785926869416,-892.2108112135004,910.4159171238512,1715.8162569395059,0.0,0.0,0.0,0.0,0.0,0.0,0.0,0.0,0.0,0.0,0.0,0.0,0.0,0.0,0.0,0.0,0.0,0.0,0.0,0.0,0.0,0.0,1.831468324021053,0.5590562649636914,183.87687830683508,221.51809654741715,6761.295711968461,0.2747331769533868,0.04193119306370372,25.9547853818173,31.20016908588287,965.493114544888,3.650889819306523,0.6898884768152918,299.402172262243,360.23587256341946,11067.440318676385,0.44061807580713988,0.08326116322886237,304.7023426899216,367.6640877741439,10631.46538618074,0.0,0.0,9.532043522549792,11.603590564393829,284.9631319554661,0.0,0.0,16.077242686788805,19.375037538345305,566.9509206836247,0.0,0.0,252.12989311288897,307.40799390471036,7298.956119540164,0.0,0.0,45.01930702928169,55.15783539117637,1183.3385163440162,0.0,0.0,221.48005935104983,268.1483653904863,7287.23009690349,32.25344201321729,22.121702341026955,311.2826262433308,377.6365663870366,10951.02583211727,0.0,0.0,212.95683011521448,261.2751669856518,5398.643497596622,931.6407049962309,21.713294032200673,33.62330124360885,21.75,30.0,0.0,21.851238749376994,39.746384381960258,21.0,30.0,1464.1586471333622,21.686473793084156,33.221716557814399,21.5,30.0,0.0,20.792617800502723,35.30193460372135,16.0,30.0,0.0,18.24222989922462,43.267610717154258,12.0,30.0,0.0,21.02094257919493,40.01468658525544,19.0,30.0,0.0,17.769411218786588,43.899660289331489,10.0,30.0,0.0,16.4017777688137,48.539266879854668,12.0,30.0,1685.1512543759669,19.791972751959926,38.7874580769139,19.75,30.0,0.0,19.27080996587181,0.0,0.0,0.0,15.854594785558128,0.0,0.0,732.6988221604775,1085.7926222311444,707.8407045422707,718.1437537984555,791.2021825094535,1136.678919947111,770.0231625889327,793.1809679792755,775.0029368196156,6461.168961082387,82.36801792277088,82.36801792277088,570.0,0.0,570.0,570.0,21.0,16.0,19.0,19.0,12.0,12.0,21.0,10.0,1.0,0.0,931.6407049962309,0.0,1464.1586471333622,0.0,0.0,0.0,0.0,1685.1512543759669,0.0,0.0,0.0,82.36801792277088,82.36801792277088,0.255,0.5780028400809615,0.27021103051474468,82.36801792277088,0.2656985864579156,0.0,0.020868333333333334 
 03/10  22:40:00,3.666666666666666,90.0,3.0666666666666666,0.0,0.0,0.0,0.0,0.0,2.0,0.0,0.0,0.0,0.0,0.0,0.0,1945.0,0.0,0.0,0.0,0.0,0.0,0.0,0.0,0.0,0.0,0.0,0.0,21.023482398839588,-174.8440059013745,21.193385380820769,-603.7855080252617,20.660299344815237,-321.4292275326769,20.26576408249482,44.44305899642623,18.27190066029044,-10.926023721669413,20.576929807223509,-66.45480464765432,17.86923146793349,-77.10248260859972,16.612392312442205,-67.82544672475179,18.36022544228532,-409.37912469210718,953.0414695508782,1312.9439825202779,0.0,0.0,0.0,0.0,0.0,0.0,0.0,0.0,0.0,0.0,0.0,0.0,0.0,0.0,0.0,0.0,0.0,0.0,0.0,0.0,0.0,0.0,1.8284664253801247,0.5581399344872176,292.1123306773296,352.5092662533187,10326.096391988269,0.3174989877702419,0.04845833146676464,172.10415189619273,207.5069398385184,6156.7744236110179,3.5869544728342488,0.6778069676557541,257.2194167851425,310.57664261785058,9114.089988696804,0.38234164697016617,0.07224898846752949,177.36470397634438,214.2412549416817,6217.558859481338,0.0,0.0,8.864767001117072,10.798285662454147,264.97799470735228,0.0,0.0,14.6324634872184,17.655142532926449,512.6044347241407,0.0,0.0,211.63857621635104,258.28410636387977,6119.927099980378,0.0,0.0,40.88820341667393,50.111188424668018,1079.8860556082128,0.0,0.0,180.08731209949773,218.96864450552796,5593.451177342059,31.794689983477278,21.807057601836275,351.2185166750704,426.0140144049564,12422.695742441034,0.0,0.0,173.5822998677031,213.4688069437797,4273.9386590434719,0.0,20.933411289793179,36.87421125189269,21.800000000000006,30.0,0.0,21.246592298129657,35.09332555140414,12.000000000000002,30.0,0.0,20.827861309399855,36.75681905086871,21.4,30.0,0.0,20.820516670102046,36.27857470701782,12.000000000000002,30.0,0.0,18.210474574077226,43.20558394860555,12.000000000000002,30.0,0.0,20.867378011376738,39.43305639147572,12.000000000000002,30.0,0.0,17.710256785733784,44.68575000158914,10.0,30.0,0.0,16.43627187379696,48.13540975377968,12.000000000000002,30.0,0.0,18.772781222238878,41.72011949534999,19.6,30.0,0.0,19.46887777176601,0.0,0.0,0.0,15.454404875860599,0.0,0.0,818.9419170608054,761.6342034582149,799.2991444975263,772.7817034826226,788.1225816476075,1107.1786067580029,800.921962169084,787.3486758146368,796.4412206206705,0.0,82.54616735981897,82.54616735981897,60.0,0.0,60.0,60.0,12.0,12.0,12.0,19.0,12.0,12.0,21.0,10.0,0.0,0.0,0.0,0.0,0.0,0.0,0.0,0.0,0.0,0.0,0.0,0.0,0.0,82.54616735981897,82.54616735981897,0.0,0.0,0.0,82.54616735981897,0.0,0.0,0.00217 
 03/10  22:50:00,3.638333333333333,90.5,3.048333333333333,0.0,0.0,0.0,0.0,0.0,2.0,0.0,0.0,0.0,0.0,0.0,0.0,778.0,0.0,0.0,0.0,0.0,0.0,0.0,0.0,0.0,0.0,0.0,0.0,20.609464569860884,-308.45707175876717,20.842038703642449,-206.5114062478831,20.38621774988865,20.113420581832999,20.01316754284524,21.596896534693543,18.24736836125558,-9.713516333189489,20.437746882967127,-61.26584120844802,17.83815165467329,-31.27442105252112,16.55740274983402,-88.09003556241987,17.96881972240893,-146.81548401946203,649.8830896460268,1066.8893328553875,0.0,0.0,0.0,0.0,0.0,0.0,0.0,0.0,0.0,0.0,0.0,0.0,0.0,0.0,0.0,0.0,0.0,0.0,0.0,0.0,0.0,0.0,1.8284936941788082,0.5581482582963395,198.44892813885054,239.70976065568954,6771.47449391807,0.33482377171968449,0.05110252926124611,109.6656134979558,132.4341706818821,3819.6087118271609,3.5421595111166015,0.6693423112465236,113.79138569827313,137.38179007589594,4014.8743131726726,0.36010207905676097,0.06804650019969026,71.10950960428095,85.86308876378888,2436.478195112174,0.0,0.0,8.422544994836347,10.245698454773639,251.84847034008733,0.0,0.0,13.42464893797574,16.18763482285281,466.0791221318492,0.0,0.0,173.46710845346107,211.43005438076944,5016.97049166573,0.0,0.0,37.97397681481721,46.48498402314915,1000.7757659943727,0.0,0.0,140.81010616998919,171.3701712907246,4196.2616628989949,31.249662581266376,21.43323908180136,144.39654466573678,175.4918938393834,5337.583769634594,0.0,0.0,134.15463791870503,165.15882599772386,3121.192356014385,0.0,20.26878469376455,36.85903707724819,22.0,30.0,0.0,20.70489937915213,35.37169120892921,12.0,30.0,0.0,20.429874419073874,37.31267384297429,22.0,30.0,0.0,20.363497855726338,37.798164233735608,12.0,30.0,0.0,18.183031755972224,43.32783271680664,12.0,30.0,0.0,20.67150555380769,39.00482324512673,12.0,30.0,0.0,17.688361256858337,44.54628627231939,10.0,30.0,0.0,16.374651184062289,48.49820870012939,12.0,30.0,0.0,18.119292808706086,43.56127599099001,20.0,30.0,0.0,18.45805388932048,0.0,0.0,0.0,14.760840702979957,0.0,0.0,741.0476273360644,715.0448643135042,781.7654242545546,797.9987960215219,793.8062070907163,1087.3781505847858,794.5706333348014,798.8411645804868,802.6868508769383,0.0,82.54616735981897,82.54616735981897,60.0,0.0,60.0,60.0,12.0,12.0,12.0,19.0,12.0,12.0,21.0,10.0,0.0,0.0,0.0,0.0,0.0,0.0,0.0,0.0,0.0,0.0,0.0,0.0,0.0,82.54616735981897,82.54616735981897,0.0,0.0,0.0,82.54616735981897,0.0,0.0,0.0021266666666666666 
 03/10  23:00:00,3.61,91.0,3.03,0.0,0.0,0.0,0.0,0.0,2.0,0.0,0.0,0.0,0.0,0.0,0.0,1556.0,0.0,0.0,0.0,0.0,0.0,0.0,0.0,0.0,0.0,0.0,0.0,20.40553842555197,17.232304829313536,20.58141595456364,-522.0630131114036,20.146328857399405,-200.3906113751841,19.82400786883977,-96.44639224412549,18.227586933664747,-6.537139038083225,20.343491089070264,-49.856595229905227,17.862502738642193,1.1085197731628114,16.467837526747205,-147.41213516917589,17.819784654914778,-54.94165957939947,670.6405438881532,681.6807149357198,0.0,0.0,0.0,0.0,0.0,0.0,0.0,0.0,0.0,0.0,0.0,0.0,0.0,0.0,0.0,0.0,0.0,0.0,0.0,0.0,0.0,0.0,1.7875869250849475,0.5456614545436348,213.54476690230508,258.57462112484208,7228.42172559608,0.3219004769878625,0.049130109430381947,152.83906384341709,184.90840786599785,5214.5007330765479,3.3944776195318986,0.6414356801836547,122.35146926684846,148.0536502897785,4219.271781937589,0.33974367640539696,0.06419948533737657,73.29768299318313,88.71581245548255,2467.5660620016499,0.0,0.0,7.1709156681188219,8.73306463004292,214.58022909546296,0.0,0.0,12.661129170712531,15.290417333337892,437.5149174754454,0.0,0.0,112.40997652021885,137.1383566266431,3274.1294738227545,0.0,0.0,36.05260250994028,44.19563010972238,942.9761041096374,0.0,0.0,84.88942571465522,103.50908703551827,2499.4505077181668,30.58246640172492,20.97562853341902,216.3588546212686,263.3027391691087,7582.3015979148299,0.0,0.0,79.53151670587997,98.2753737347487,1737.9708564130315,0.0,20.07091710278799,36.97507505399183,22.0,30.0,0.0,20.29415160681804,36.19116499270939,12.0,30.0,0.0,20.062426389098868,37.242514073751809,22.0,30.0,0.0,20.04143011169159,37.75255163284978,12.0,30.0,0.0,18.166981733725615,43.28550850164974,12.0,30.0,0.0,20.56134614203944,38.69881798085551,12.0,30.0,0.0,17.76499299739661,43.69607770236195,10.0,30.0,0.0,16.24774126048657,49.067233514871009,12.0,30.0,0.0,17.9154370242426,43.74281533189719,20.0,30.0,0.0,18.54034845600267,0.0,0.0,0.0,14.048383692151277,0.0,0.0,725.1186351129018,711.3751533218436,737.304419396683,759.4021537518911,792.3592776343612,1078.2973592537615,770.3308838469167,810.7281400637407,788.386654582364,0.0,82.54616735981897,82.54616735981897,60.0,0.0,60.0,60.0,12.0,12.0,12.0,19.0,12.0,12.0,21.0,10.0,0.0,0.0,0.0,0.0,0.0,0.0,0.0,0.0,0.0,0.0,0.0,0.0,0.0,82.54616735981897,82.54616735981897,0.0,0.0,0.0,82.54616735981897,0.0,0.0,0.0020833333333333335 
 03/10  23:10:00,3.578333333333333,91.33333333333334,3.0633333333333336,0.0,0.0,0.0,0.0,0.0,2.0,0.0,0.0,0.0,0.0,0.0,0.0,778.0,0.0,0.0,0.0,0.0,0.0,0.0,0.0,0.0,0.0,0.0,0.0,20.17113011594385,-294.73865826415615,20.364807007809156,-207.1187571328096,19.9854241079082,-36.24767203174707,19.653627962848348,-9.742041633774918,18.206160469671575,-4.313721661510925,20.248245847698479,-49.70161736679586,17.997022260787469,88.80301821433864,16.330890041894528,-169.49455794368397,17.711391391310607,-44.997379173061407,508.93167815076006,571.2772868344354,0.0,0.0,0.0,0.0,0.0,0.0,0.0,0.0,0.0,0.0,0.0,0.0,0.0,0.0,0.0,0.0,0.0,0.0,0.0,0.0,0.0,0.0,1.7804308569301595,0.5434770625549937,172.36881220143136,208.63594354901634,5720.695643363266,0.32966450139702449,0.0503150948408157,96.43494111086376,116.72766930403634,3242.5021900290828,3.4213169394701667,0.6465073581765245,50.845988158762839,61.41283354765034,1803.6725326953707,0.34298814030791516,0.06481257375433011,39.265092315959488,47.430782982445659,1308.6585199121662,0.0,0.0,7.016960623617037,8.53709137670346,210.21659621375393,0.0,0.0,12.410103944771521,14.978009376914648,426.92685544976998,0.0,0.0,99.5321372731562,121.14967567200982,2961.15717807851,0.0,0.0,37.714103816239958,46.21289546353107,973.3978929961141,0.0,0.0,51.247895067945908,62.48557883737705,1498.370787899978,30.270423499559404,20.761607338518119,124.39345874139278,151.45586760012783,4569.679288044429,0.0,0.0,60.4040842754317,74.659791539548,1271.0594237986807,0.0,19.70424598079289,37.11656194584755,22.0,30.0,0.0,20.025312229474769,36.58708539554239,12.0,30.0,0.0,19.871204439947897,37.28613034497285,22.0,30.0,0.0,19.782311828688728,37.879076509542809,12.0,30.0,0.0,18.14893848225077,43.08399956699861,12.0,30.0,0.0,20.44449118660333,38.34625507431181,12.0,30.0,0.0,18.041941568288374,42.5554060664971,10.0,30.0,0.0,16.03856391730389,49.676472879745308,12.0,30.0,0.0,17.767768437027987,43.82789441975802,20.0,30.0,0.0,17.957610252866656,0.0,0.0,0.0,13.62847393329114,0.0,0.0,691.6979547460992,701.3075355994439,718.9501807468034,736.9085945522511,784.1102371298538,1067.207367677442,753.880445273796,815.2654129650634,777.19579875044,0.0,82.54616735981897,82.54616735981897,60.0,0.0,60.0,60.0,12.0,12.0,12.0,19.0,12.0,12.0,21.0,10.0,0.0,0.0,0.0,0.0,0.0,0.0,0.0,0.0,0.0,0.0,0.0,0.0,0.0,82.54616735981897,82.54616735981897,0.0,0.0,0.0,82.54616735981897,0.0,0.0,0.00204 
 03/10  23:20:00,3.546666666666667,91.66666666666667,3.0966666666666669,0.0,0.0,0.0,0.0,0.0,2.0,0.0,0.0,0.0,0.0,0.0,0.0,1167.0,0.0,0.0,0.0,0.0,0.0,0.0,0.0,0.0,0.0,0.0,0.0,20.057815076460384,10.378370897635861,20.191618669927949,-434.42885004050677,19.78516738286791,-177.76483026852015,19.51891584309129,-91.77330617703936,18.18792287333729,0.5414163188945146,20.172467557671124,-44.87860001813416,18.03618215765063,0.24121551254059704,16.212836802592478,-175.3101329573674,17.492677380709723,-412.595750675991,554.4191677142358,943.799341447595,0.0,0.0,0.0,0.0,0.0,0.0,0.0,0.0,0.0,0.0,0.0,0.0,0.0,0.0,0.0,0.0,0.0,0.0,0.0,0.0,0.0,0.0,1.7714609204646013,0.540738986710806,178.2680470572477,216.13949803108148,5917.722631931418,0.3220001962640334,0.04914532910012717,135.29239658127944,163.93259467785263,4498.433591875972,3.3935319007715467,0.6412569729349107,131.23167629549875,159.09660637733993,4410.05736398625,0.3367731647847257,0.06363816416944926,92.71113200658073,112.32254470830313,3044.3918092841888,0.0,0.0,6.183366830349116,7.52855152039951,185.50438170590963,0.0,0.0,12.3350021032831,14.903187148359216,423.1908431975895,0.0,0.0,143.86439155091979,175.14616920797284,4306.470692623103,0.0,0.0,40.05951481913809,49.15572721366104,1023.4600565744199,0.0,0.0,78.86327389515515,96.22648427243294,2243.831532780544,29.886954409440805,20.498596988642526,194.6192555724829,237.14383418731877,6761.204212686152,0.0,0.0,106.53485729675656,131.53657611462115,2322.6212714279356,0.0,19.648225805322864,37.16958056248279,21.999999999999994,29.99999999999999,0.0,19.785871732554769,36.49555479184704,11.999999999999995,29.99999999999999,0.0,19.578996715250974,37.447323527324929,21.999999999999994,29.99999999999999,0.0,19.578073431170848,37.73334191920323,11.999999999999995,29.99999999999999,0.0,18.138870383875337,42.904975029171108,11.999999999999995,29.99999999999999,0.0,20.364652661809168,38.085691730438,11.999999999999995,29.99999999999999,0.0,18.11081199506691,42.25666196678294,9.999999999999997,29.99999999999999,0.0,15.873807885146017,49.709981716679198,11.999999999999995,29.99999999999999,0.0,17.391931267823965,44.823514116909127,19.999999999999994,29.99999999999999,0.0,18.101673412074459,0.0,0.0,0.0,13.935403505124903,0.0,0.0,688.2927103626095,670.7910607958647,694.545506537917,707.788434965782,777.9842628384422,1058.4711722694875,752.34892406701,801.859588034951,782.9820574614214,0.0,82.54616735981894,82.54616735981894,59.99999999999998,0.0,59.99999999999998,59.99999999999998,12.0,12.0,12.0,19.0,12.0,12.0,21.0,10.0,0.0,0.0,0.0,0.0,0.0,0.0,0.0,0.0,0.0,0.0,0.0,0.0,0.0,82.54616735981894,82.54616735981894,0.0,0.0,0.0,82.54616735981894,0.0,0.0,0.002023333333333334 
 03/10  23:30:00,3.5149999999999999,92.0,3.13,0.0,0.0,0.0,0.0,0.0,2.0,0.0,0.0,0.0,0.0,0.0,0.0,778.0,0.0,0.0,0.0,0.0,0.0,0.0,0.0,0.0,0.0,0.0,0.0,19.871092386336686,-302.20233332812816,20.06975331267298,-179.8987505866619,19.697557819213736,-31.27666616798706,19.40530396778224,-21.663938267413159,18.16649090041723,0.7165460819840064,20.091391678409786,-52.5078712916376,17.93246580764032,-52.49581386506179,16.134191794297814,-140.4150974952289,17.114236169292725,-517.1980442378681,429.2050007591977,1169.6968791620205,0.0,0.0,0.0,0.0,0.0,0.0,0.0,0.0,0.0,0.0,0.0,0.0,0.0,0.0,0.0,0.0,0.0,0.0,0.0,0.0,0.0,0.0,1.7711906677149263,0.5406564919764733,155.1406885189417,188.01963854008469,5061.95335230296,0.3297622433587734,0.05033001272264552,82.31879449875255,99.75822110176387,2725.4166124136129,3.434354415895505,0.6489709780603754,82.15040431502858,99.49989761823373,2799.9708497868298,0.34190369122239785,0.0646076514025695,41.809934441514268,50.57374487278502,1370.6187887219003,0.0,0.0,6.601697511412354,8.032340693033478,198.30565312370079,0.0,0.0,12.608226404712213,15.227769395467247,431.1699373144861,0.0,0.0,183.12872636741995,222.97336293281058,5424.850401736193,0.0,0.0,39.05878922214393,47.91472801125786,994.0161470234242,0.0,0.0,117.84381473892305,144.03360378704569,3222.872338448875,29.67005733182107,20.34983356091981,111.12557869439087,135.43552300550375,4091.6375172770078,0.0,0.0,146.65632476537778,180.79238819247048,3302.328596247892,0.0,19.357009913971227,37.131989343121009,22.0,30.0,0.0,19.681337751706914,36.49075293595526,12.0,30.0,0.0,19.523096064087718,37.338239787861699,22.0,30.0,0.0,19.431883173761773,37.99796825702266,12.0,30.0,0.0,18.123390291047366,42.752740561446859,12.0,30.0,0.0,20.271794359948247,37.86771240382524,12.0,30.0,0.0,17.91783226797853,42.65465134912072,10.0,30.0,0.0,15.78897358598148,49.37999355052262,12.0,30.0,0.0,16.770364163308217,46.2865610949387,20.0,30.0,0.0,17.617812860659578,0.0,0.0,0.0,14.289731246818864,0.0,0.0,655.0265928838364,659.4473931055417,683.9830869895055,705.6772665084866,775.0368323629477,1048.646688274703,751.1778458068021,779.325401104596,773.7454906527569,0.0,82.54616735981897,82.54616735981897,60.0,0.0,60.0,60.0,12.0,12.0,12.0,19.0,12.0,12.0,21.0,10.0,0.0,0.0,0.0,0.0,0.0,0.0,0.0,0.0,0.0,0.0,0.0,0.0,0.0,82.54616735981897,82.54616735981897,0.0,0.0,0.0,82.54616735981897,0.0,0.0,0.0020066666666666667 
 03/10  23:40:00,3.4833333333333336,92.33333333333334,3.163333333333333,0.0,0.0,0.0,0.0,0.0,2.0,0.0,0.0,0.0,0.0,0.0,0.0,1167.0,0.0,0.0,0.0,0.0,0.0,0.0,0.0,0.0,0.0,0.0,0.0,19.781953443544248,8.126421052520783,19.921498552365664,-427.4786829121295,19.523301493093827,-175.20828142016729,19.29443516604566,-107.90821287428216,18.14078062933299,-2.0876773477916235,20.01432451247044,-61.446575442500478,17.73717386582657,-146.10956085502017,16.1065091839855,-100.03949091410353,16.829414893569099,-496.66171150484106,508.5030790273043,1222.3273844136095,0.0,0.0,0.0,0.0,0.0,0.0,0.0,0.0,0.0,0.0,0.0,0.0,0.0,0.0,0.0,0.0,0.0,0.0,0.0,0.0,0.0,0.0,1.7532677657751053,0.5351855206883718,177.74389894553233,215.75438942529704,5815.2830129451899,0.318474934174066,0.04860728543560229,135.9984271754107,164.97532850248403,4457.497336937382,3.383214093683216,0.6393072739386279,128.86153620094607,156.41160521040568,4270.262298589283,0.33263574716859259,0.06285633922309006,91.31996071137364,110.76964678512131,2957.570598676344,0.0,0.0,6.71139812171,8.172554952941466,201.72209438047794,0.0,0.0,13.330371225706385,16.117411417828195,454.5139373039806,0.0,0.0,203.46500296887033,248.25247306038967,5905.710140021793,0.0,0.0,33.67143163508703,41.33971422583726,859.5960057644838,0.0,0.0,144.15672519587697,176.61792383340336,3838.3564262628835,29.35047363279206,20.130640351709248,193.082751293437,235.47824183424013,6631.267007680248,0.0,0.0,170.93524926620104,210.87428564134269,3885.2429774292697,0.0,19.339405291704567,37.172951938924899,22.000000000000008,30.00000000000001,0.0,19.477486336836578,36.50744280975337,12.000000000000006,30.00000000000001,0.0,19.27268713075777,37.46886768821599,22.000000000000008,30.00000000000001,0.0,19.275294790375314,37.771125071974619,12.000000000000006,30.00000000000001,0.0,18.10111420105046,42.64254978903899,12.000000000000006,30.00000000000001,0.0,20.187503969005154,37.695809216474767,12.000000000000006,30.00000000000001,0.0,17.574828569309859,43.22648775361698,10.000000000000004,30.00000000000001,0.0,15.798394544006243,49.01645183723807,12.000000000000006,30.00000000000001,0.0,16.35431408215629,47.18713312973922,20.000000000000008,30.00000000000001,0.0,17.882135873551556,0.0,0.0,0.0,14.377845280067933,0.0,0.0,655.7830176007772,638.4289846509414,663.1154609420014,677.9424858192751,774.647160858548,1034.9813597656003,738.2452553296716,766.953553811768,762.0781283810909,0.0,82.54616735981901,82.54616735981901,60.00000000000002,0.0,60.00000000000002,60.00000000000002,12.0,12.0,12.0,19.0,12.0,12.0,21.0,10.0,0.0,0.0,0.0,0.0,0.0,0.0,0.0,0.0,0.0,0.0,0.0,0.0,0.0,82.54616735981901,82.54616735981901,0.0,0.0,0.0,82.54616735981901,0.0,0.0,0.00199 
 03/10  23:50:00,3.4516666666666668,92.66666666666666,3.1966666666666669,0.0,0.0,0.0,0.0,0.0,2.0,0.0,0.0,0.0,0.0,0.0,0.0,389.0,0.0,0.0,0.0,0.0,0.0,0.0,0.0,0.0,0.0,0.0,0.0,19.675534403652706,-148.3686687845884,19.75298815180497,-340.9346775204358,19.458887366369308,-31.842321131779046,19.193830342918817,-29.40223338175565,18.102369593242558,-5.273161582446448,19.91779422161879,-67.71129355590404,17.582298367511883,-101.35835874991517,16.09149967107178,-92.75982380991229,16.580974825858584,-426.51123839782306,360.5698479472421,1187.7793563321275,0.0,0.0,0.0,0.0,0.0,0.0,0.0,0.0,0.0,0.0,0.0,0.0,0.0,0.0,0.0,0.0,0.0,0.0,0.0,0.0,0.0,0.0,1.7310326781510315,0.5283982534038558,130.7643896495446,158.28850860454438,4270.067930217249,0.3217621343588331,0.04910899486551177,86.95380655898448,105.24391446642747,2824.602431635249,3.3948634782956965,0.6415085937822558,81.44923551535041,98.5682286237025,2743.3113957529496,0.3371902018877502,0.06371696936654385,73.04473189745939,88.4179257968242,2358.8548829912749,0.0,0.0,7.123335295471235,8.651855356685048,214.02698938121203,0.0,0.0,13.538068580320394,16.330215989396839,459.4777557524637,0.0,0.0,206.6980385785378,251.71796758561454,5917.580105330337,0.0,0.0,29.998124082927686,36.71873012996972,769.6142412144294,0.0,0.0,147.78783711433,180.78947582630759,3843.3780455054236,29.13680457162178,19.984090927038268,91.66345834590159,111.68608958904766,3448.349729611667,0.0,0.0,172.39475260693224,212.1736364652388,3893.1642270141576,0.0,19.1988872362475,37.02364004548867,22.0,30.0,0.0,19.269534978663335,36.301867926953288,12.0,30.0,0.0,19.253232900085135,37.20463174881861,22.0,30.0,0.0,19.15553365188818,37.89179272684511,12.0,30.0,0.0,18.05562212582817,42.43120098859845,12.0,30.0,0.0,20.064966876465328,37.47373200494818,12.0,30.0,0.0,17.331666931983976,43.57500414244452,10.0,30.0,0.0,15.822825079065526,48.56318021298087,12.0,30.0,0.0,15.999926855916114,47.92660442347734,20.0,30.0,0.0,17.319615135599478,0.0,0.0,0.0,14.266757326174983,0.0,0.0,634.1207283746265,606.506980537655,649.3387429664163,671.9161999477008,768.3267087050766,1013.3500390363881,726.6606167608817,755.5603065679063,751.9783048689728,0.0,82.54616735981897,82.54616735981897,60.0,0.0,60.0,60.0,12.0,12.0,12.0,19.0,12.0,12.0,21.0,10.0,0.0,0.0,0.0,0.0,0.0,0.0,0.0,0.0,0.0,0.0,0.0,0.0,0.0,82.54616735981897,82.54616735981897,0.0,0.0,0.0,82.54616735981897,0.0,0.0,0.0019833333333333336 
 03/10  24:00:00,3.42,93.0,3.23,0.0,0.0,0.0,0.0,0.0,2.0,0.0,0.0,0.0,0.0,0.0,0.0,778.0,0.0,0.0,0.0,0.0,0.0,0.0,0.0,0.0,0.0,0.0,0.0,19.52298911764481,-258.07201449949437,19.724032828181639,-113.09497511079991,19.281496538129085,-188.38062695370219,19.07341219143928,-199.57118452183796,18.070337561764516,-7.664480228690877,19.84702761012786,-73.80263836925059,17.467976769973164,-143.93826780155588,16.067678457035439,-85.43704455564932,16.436378373246109,-441.57720182172445,489.15104841735,1184.3364334764174,0.0,0.0,0.0,0.0,0.0,0.0,0.0,0.0,0.0,0.0,0.0,0.0,0.0,0.0,0.0,0.0,0.0,0.0,0.0,0.0,0.0,0.0,1.7304339958677968,0.5282155054541504,148.67162931390537,180.405663724978,4777.900637955199,0.3215105250402207,0.04907059295485665,28.602950158592145,34.72569756338924,939.3123535381948,3.3984408208423737,0.6421845844373346,189.43782855206113,229.7540891117564,6153.66811061284,0.3289163227135188,0.06215350013482969,99.5197133465042,120.74503132613424,3173.5984553133159,0.0,0.0,7.206216579085245,8.772306614647384,216.48501886286852,0.0,0.0,13.684041448823724,16.54652313946493,463.2983094191127,0.0,0.0,212.76888122591294,259.81814110596658,6033.402875746844,0.0,0.0,26.11877472734257,32.04149133308671,671.744327345163,0.0,0.0,156.41171659038165,191.86556315669265,4025.9601096360099,28.919871944706086,19.83530311708237,194.8116475751102,237.28758972394832,6604.933009196121,0.0,0.0,179.05780925210019,220.90439532678853,4029.0841985424715,0.0,18.993535120534703,37.40339384816632,22.0,30.0,0.0,19.327992572041283,36.229468102989027,12.0,30.0,0.0,18.988581994373186,37.52426398639832,22.0,30.0,0.0,18.978982818531259,37.7171980515467,12.0,30.0,0.0,18.02501559618254,42.32241928314754,12.0,30.0,0.0,19.99414864893196,37.361912658021839,12.0,30.0,0.0,17.164142039771858,43.776734768555559,10.0,30.0,0.0,15.826089348265818,48.28874067626937,12.0,30.0,0.0,15.83638441414393,48.082605527260387,20.0,30.0,0.0,17.72383533033522,0.0,0.0,0.0,14.196795431237364,0.0,0.0,630.3989160425308,609.55253883797,635.7016853208922,644.1425342445741,763.7963196149058,1001.565420467462,717.7136008829666,746.8587079103157,740.498811049556,0.0,82.54616735981897,82.54616735981897,60.0,0.0,60.0,60.0,12.0,12.0,12.0,19.0,12.0,12.0,21.0,10.0,0.0,0.0,0.0,0.0,0.0,0.0,0.0,0.0,0.0,0.0,0.0,0.0,0.0,82.54616735981897,82.54616735981897,0.0,0.0,0.0,82.54616735981897,0.0,0.0,0.0019766666666666667 
 03/11  00:10:00,3.376666666666667,93.16666666666667,3.256666666666667,0.0,0.0,0.0,0.0,0.0,2.0,2.0,0.0,0.0,0.0,0.0,0.0,1167.0,0.0,0.0,0.0,0.0,0.0,0.0,0.0,0.0,0.0,0.0,0.0,19.432176791127966,-83.24417139296628,19.605710956915418,-351.11110910753725,19.1833458844363,-163.68462825940734,18.94363170880874,-67.32718186402157,18.03677626592568,-4.135237721309409,19.772767544616607,-71.50462151814821,17.568114866811194,72.50101595621497,16.016225453343563,-128.14096742672346,16.476469495170034,-167.88258353740557,481.6008374289795,631.129529223107,0.0,0.0,0.0,0.0,0.0,0.0,0.0,0.0,0.0,0.0,0.0,0.0,0.0,0.0,0.0,0.0,0.0,0.0,0.0,0.0,0.0,0.0,1.7208214355961465,0.5252812684969922,182.1430075030133,221.28453182678795,5863.177398648779,0.30855960751357405,0.047093957190716437,112.64087939691196,136.91900611056645,3647.102388857909,3.3985818761760209,0.6422112388843578,122.48648385864391,148.66197809372614,3987.722556078489,0.33661147139484196,0.06360760986297087,73.48124087124498,89.23541792828309,2337.0471141697596,0.0,0.0,6.437587984043427,7.843604682211799,193.54629416211797,0.0,0.0,13.429735030507639,16.25640022704961,453.8203096947965,0.0,0.0,90.33421294071018,110.2921393924216,2618.155256511528,0.0,0.0,28.6826576272829,35.21237370420892,736.9637888637251,0.0,0.0,34.897553727324808,42.812745930661197,913.1010030241123,28.82182709099991,19.768056989711878,203.79948090376736,248.5798687220156,6861.2154424674649,0.0,0.0,72.09152380105535,89.2630540801331,1506.4773930227576,0.0,18.946363289709148,37.19288189764108,22.0,30.0,0.0,19.163798886372278,36.423083710061977,12.0,30.0,0.0,18.895495856509006,37.55138154194647,22.0,30.0,0.0,18.824249519682597,37.9447157881998,12.0,30.0,0.0,17.993247747599143,42.122920236910228,12.0,30.0,0.0,19.916458964773115,37.20257475159672,12.0,30.0,0.0,17.438481762914458,41.994941874068867,10.0,30.0,0.0,15.771736523369734,48.13161049988247,12.0,30.0,0.0,16.007298737608769,47.37422806197263,20.0,30.0,0.0,17.690708563183564,0.0,0.0,0.0,13.353945627860452,0.0,0.0,615.4951953073174,601.686752436643,628.039378903937,640.9318403444771,757.4050529760814,990.0399262889694,673.6589340002995,738.1922176260202,785.4343885100136,0.0,82.54616735981897,82.54616735981897,60.0,0.0,60.0,60.0,12.0,12.0,12.0,19.0,12.0,12.0,21.0,10.0,0.0,0.0,0.0,0.0,0.0,0.0,0.0,0.0,0.0,0.0,0.0,0.0,0.0,82.54616735981897,82.54616735981897,0.0,0.0,0.0,82.54616735981897,0.0,0.0,0.00197 
 03/11  00:20:00,3.3333333333333337,93.33333333333334,3.2833333333333338,0.0,0.0,0.0,0.0,0.0,2.0,2.0,0.0,0.0,0.0,0.0,0.0,778.0,0.0,0.0,0.0,0.0,0.0,0.0,0.0,0.0,0.0,0.0,0.0,19.334581460498876,-180.93892657793914,19.515640730065209,-224.89147919572805,19.121685225422575,-27.949798166922166,18.892939853272524,-31.78733698976771,18.00389815278523,-1.2727849651386408,19.698730060070809,-66.05598559863614,17.669504430069776,22.096757627305807,15.907915276962403,-159.7469006928252,16.565891628093934,-201.70574246144447,364.5143322356721,704.9096054063798,0.0,0.0,0.0,0.0,0.0,0.0,0.0,0.0,0.0,0.0,0.0,0.0,0.0,0.0,0.0,0.0,0.0,0.0,0.0,0.0,0.0,0.0,1.7284232512634823,0.527601725049903,145.84044168726298,177.1477231818999,4687.91039446435,0.3135770025879584,0.04785973787972503,79.73077308160933,96.93616461770954,2573.538163532052,3.3993433313206395,0.6423551268557521,82.68938675964137,100.39344864207078,2740.3905889938275,0.33719470428371819,0.06371782015943274,80.56123293612231,97.8536222767246,2562.2399645094994,0.0,0.0,6.215900652564828,7.5694023055937909,187.08712224464507,0.0,0.0,12.984543900093499,15.71152320854668,437.9931878253602,0.0,0.0,92.34582488353259,112.59617034176347,2721.932492772168,0.0,0.0,32.870565836127898,40.35052866147858,837.2402692119638,0.0,0.0,34.970484651132917,42.84382949540071,932.4326236835426,28.816262630255598,19.764240487143764,110.28108039495582,134.7093071512396,3979.223530697317,0.0,0.0,74.91465477843605,92.74924475905778,1550.821776401253,0.0,18.832540525641769,37.14013418945668,22.0,30.0,0.0,19.08875416764159,36.44397330379187,12.0,30.0,0.0,18.87360780331479,37.337873336024788,22.0,30.0,0.0,18.792314643413009,37.89505428427293,12.0,30.0,0.0,17.963219296807457,41.77701765581198,12.0,30.0,0.0,19.837697574778006,37.02165403856083,12.0,30.0,0.0,17.64440829290149,41.17603283653216,10.0,30.0,0.0,15.613040454731096,48.060893304112187,12.0,30.0,0.0,16.213270352378065,46.387100173439169,20.0,30.0,0.0,17.227967199382186,0.0,0.0,0.0,13.21079834575334,0.0,0.0,602.1272939105883,595.4132110271982,616.6151234090344,640.742478259999,745.4584566043908,988.0682860694761,670.4575735753595,722.8919432267559,812.8638544480946,0.0,82.54616735981897,82.54616735981897,60.0,0.0,60.0,60.0,12.0,12.0,12.0,19.0,12.0,12.0,21.0,10.0,0.0,0.0,0.0,0.0,0.0,0.0,0.0,0.0,0.0,0.0,0.0,0.0,0.0,82.54616735981897,82.54616735981897,0.0,0.0,0.0,82.54616735981897,0.0,0.0,0.00198 
 03/11  00:30:00,3.29,93.5,3.31,0.0,0.0,0.0,0.0,0.0,2.0,2.0,0.0,0.0,0.0,0.0,0.0,1167.0,0.0,0.0,0.0,0.0,0.0,0.0,0.0,0.0,0.0,0.0,0.0,19.27149682642141,-99.35916450390713,19.413391026432586,-314.2757583006678,19.035518041684953,-101.87275018083222,18.84263387899051,-64.15004727249522,17.973305116905963,0.2003990084129156,19.636088434021948,-59.896771137419417,17.665167429164734,-9.583829764920662,15.801334032819796,-177.78679861533827,16.60606071851334,-200.82429241937269,407.2057110182383,743.9673370511382,0.0,0.0,0.0,0.0,0.0,0.0,0.0,0.0,0.0,0.0,0.0,0.0,0.0,0.0,0.0,0.0,0.0,0.0,0.0,0.0,0.0,0.0,1.7314447840280652,0.5285240488486156,143.9972311912776,175.07886385017555,4632.6096933415469,0.3151883995857807,0.04810567759245736,96.71144731509567,117.64675413702824,3111.803706923709,3.3740171003118499,0.6375693689175831,90.2076534122111,109.65328717792642,2970.0132155615699,0.3328351500801792,0.06289401928952741,63.608300685462157,77.33229770327054,2025.7452156976984,0.0,0.0,5.874556782989901,7.159301211073577,177.02859203683006,0.0,0.0,12.611290289555385,15.273836158622887,425.0600141243293,0.0,0.0,92.04021260976168,112.30296699936513,2721.7386097417058,0.0,0.0,37.11350984889219,45.6198259715937,937.7867061689439,0.0,0.0,33.5084618549483,41.06942946081432,903.4061499042924,28.837781987966087,19.778999991746283,137.4273542619768,167.98762155342238,4805.824334999211,0.0,0.0,76.12884859579016,94.35261935928655,1569.409824793608,0.0,18.80711691601507,36.95456028863005,21.999999999999994,29.99999999999999,0.0,18.969118661274334,36.544129231321949,11.999999999999995,29.99999999999999,0.0,18.781942463359706,37.27559220103333,21.999999999999994,29.99999999999999,0.0,18.749955498426688,37.71805609451652,11.999999999999995,29.99999999999999,0.0,17.938226911913089,41.520514820738899,11.999999999999995,29.99999999999999,0.0,19.779830159093409,36.86274614994235,11.999999999999995,29.99999999999999,0.0,17.64997128846803,40.81527713546576,9.999999999999997,29.99999999999999,0.0,15.465816725654097,47.89009985265493,11.999999999999995,29.99999999999999,0.0,16.320501917628208,45.60496710539119,19.999999999999994,29.99999999999999,0.0,17.29206189146607,0.0,0.0,0.0,13.12502168033939,0.0,0.0,592.9265622697993,590.5288002432209,607.6255128344127,634.1718039714784,737.9749688306986,991.9718389787568,664.1336933369604,705.2562749632427,811.9932853310801,0.0,82.54616735981894,82.54616735981894,59.99999999999998,0.0,59.99999999999998,59.99999999999998,12.0,12.0,12.0,19.0,12.0,12.0,21.0,10.0,0.0,0.0,0.0,0.0,0.0,0.0,0.0,0.0,0.0,0.0,0.0,0.0,0.0,82.54616735981894,82.54616735981894,0.0,0.0,0.0,82.54616735981894,0.0,0.0,0.00199 
 03/11  00:40:00,3.2466666666666668,93.66666666666667,3.336666666666667,0.0,0.0,0.0,0.0,0.0,2.0,2.0,0.0,0.0,0.0,0.0,0.0,778.0,0.0,0.0,0.0,0.0,0.0,0.0,0.0,0.0,0.0,0.0,0.0,19.18807136322361,-142.9576575621452,19.340029458177186,-217.5905784944967,18.98690823861425,-44.45275824266609,18.793150021209337,-34.67497740335669,17.938174661529087,0.144254901184553,19.57088297199454,-57.2980081740824,17.63944166647756,-12.745076864375739,15.690454767108207,-180.96457781207693,16.635023514175598,-200.19180721253407,302.17900535601316,756.857613586141,0.0,0.0,0.0,0.0,0.0,0.0,0.0,0.0,0.0,0.0,0.0,0.0,0.0,0.0,0.0,0.0,0.0,0.0,0.0,0.0,0.0,0.0,1.7265770222231803,0.5270381630717891,112.11337603201622,136.26031980132766,3613.464189313361,0.31897494311249288,0.04868359937614361,66.54417899445487,80.95395522085394,2139.6420080849477,3.3576981721015994,0.6344856712210132,30.581902705078023,37.103584999164429,1079.4852833622343,0.33257851815531838,0.0628455249726603,9.622455126283347,11.690186220070855,315.5600185109881,0.0,0.0,5.890983879807846,7.175550976125508,177.68214193506518,0.0,0.0,12.464455602974124,15.089602928258206,419.69550067895838,0.0,0.0,92.35955492910455,112.63312546178313,2734.682477407419,0.0,0.0,38.96664753827494,47.89365730219717,976.5676249046894,0.0,0.0,32.27836400346522,39.525374085222669,878.5359379983215,28.859119374765535,19.79363468776787,77.42013310346597,94.71664991767233,2986.70696396314,0.0,0.0,75.99264043921605,94.15897896035313,1557.80022407377,0.0,18.72070264608797,36.86577140858165,22.000000000000008,30.00000000000001,0.0,18.919893403555127,36.38955825447216,12.000000000000004,30.00000000000001,0.0,18.77002449886708,37.16007349861321,22.000000000000008,30.00000000000001,0.0,18.71456302554244,37.880526955472749,12.000000000000004,30.00000000000001,0.0,17.905012623761317,41.23547617322555,12.000000000000004,30.00000000000001,0.0,19.715077609815319,36.667712125818869,12.000000000000004,30.00000000000001,0.0,17.622479224832888,40.59688708679289,10.000000000000004,30.00000000000001,0.0,15.31497824025304,47.87629534687372,12.000000000000004,30.00000000000001,0.0,16.40411988724088,44.91879334681954,20.000000000000008,30.00000000000001,0.0,16.8608425270935,0.0,0.0,0.0,13.021854979888876,0.0,0.0,582.3875831717671,580.3407525888446,605.3843309025203,657.275416184629,729.2498862823744,994.5448162981739,656.0916697124344,694.9640413242555,809.3250943736098,0.0,82.546167359819,82.546167359819,60.00000000000002,0.0,60.00000000000002,60.00000000000002,12.0,12.0,12.0,19.0,12.0,12.0,21.0,10.0,0.0,0.0,0.0,0.0,0.0,0.0,0.0,0.0,0.0,0.0,0.0,0.0,0.0,82.546167359819,82.546167359819,0.0,0.0,0.0,82.546167359819,0.0,0.0,0.002 
 03/11  00:50:00,3.2033333333333338,93.83333333333334,3.3633333333333335,0.0,0.0,0.0,0.0,0.0,2.0,2.0,0.0,0.0,0.0,0.0,0.0,1167.0,0.0,0.0,0.0,0.0,0.0,0.0,0.0,0.0,0.0,0.0,0.0,19.13736099737639,-95.96677772094874,19.253353057147537,-281.1090936175376,18.900552331606755,-114.08753711720709,18.727651308643446,-82.88554295936604,17.903155296389366,-0.26488448554640839,19.511713260032765,-54.450500085812368,17.601830864555987,-22.382685621846137,15.593991992247443,-189.7697098213272,16.645366859230273,-194.65713894575567,378.6811123250169,758.5616052577008,0.0,0.0,0.0,0.0,0.0,0.0,0.0,0.0,0.0,0.0,0.0,0.0,0.0,0.0,0.0,0.0,0.0,0.0,0.0,0.0,0.0,0.0,1.7240602493029818,0.526269917369653,121.08880157558355,147.31984894551634,3901.6933013260356,0.3198285176650656,0.048813876322507,74.97935453817938,91.27176069768541,2407.389395282159,3.3216076854906637,0.6276658513776772,74.24440058155867,90.2345245449655,2458.843290674992,0.3292553249458391,0.06221755951357506,57.26592952936586,69.55273688426631,1819.9631635314086,0.0,0.0,5.829214596387211,7.10616223292315,175.9556276802768,0.0,0.0,12.327575284938757,14.93744441196037,414.8581949377897,0.0,0.0,91.52410336512053,111.71036597239949,2709.56580987748,0.0,0.0,40.80660206968376,50.2127590342158,1016.4756459762103,0.0,0.0,30.442942076916386,37.29839745636197,834.0295290000713,28.906498802852938,19.8261308661543,112.7605256028402,137.94045603320567,4039.2728687555788,0.0,0.0,75.16785268847035,93.23786626463226,1531.2835071108187,0.0,18.70669283250069,36.697798338543538,22.000000000000019,30.00000000000002,0.0,18.828334873229289,36.130706944277928,12.00000000000001,30.00000000000002,0.0,18.674595594519855,37.15118850816416,22.000000000000019,30.00000000000002,0.0,18.64015323829361,37.688262392937897,12.00000000000001,30.00000000000002,0.0,17.873215886308786,41.00398030474071,12.00000000000001,30.00000000000002,0.0,19.661587367015316,36.47578141454471,12.00000000000001,30.00000000000002,0.0,17.576530755749745,40.34364458215167,10.000000000000007,30.00000000000002,0.0,15.194508348159,47.82978333215532,12.00000000000001,30.00000000000002,0.0,16.451012059510434,44.42928973473323,20.000000000000015,30.00000000000002,0.0,17.03995819274529,0.0,0.0,0.0,12.914800709137062,0.0,0.0,576.9333568498967,560.0955773466143,603.5294202068844,644.1639898755108,721.2626040445196,993.5522560749921,646.0031120501623,686.8179032676042,807.5609506642675,0.0,82.54616735981904,82.54616735981904,60.00000000000004,0.0,60.00000000000004,60.00000000000004,12.0,12.0,12.0,19.0,12.0,12.0,21.0,10.0,0.0,0.0,0.0,0.0,0.0,0.0,0.0,0.0,0.0,0.0,0.0,0.0,0.0,82.54616735981904,82.54616735981904,0.0,0.0,0.0,82.54616735981904,0.0,0.0,0.00199 
 03/11  01:00:00,3.16,94.0,3.39,0.0,0.0,0.0,0.0,0.0,2.0,2.0,0.0,0.0,0.0,0.0,0.0,778.0,0.0,0.0,0.0,0.0,0.0,0.0,0.0,0.0,0.0,0.0,0.0,19.027978024217988,-175.31288013623385,19.195300878298676,-197.53021729235136,18.82866033440628,-44.143813585989708,18.662753356159365,-66.18177228060452,17.863464825867234,-0.4375637009747493,19.448448215275186,-52.59305067794918,17.561861652963957,-21.266583243149399,15.493332318639922,-191.35060390885895,16.649326531208584,-192.69026385612677,314.4296489143753,765.0252226195778,0.0,0.0,0.0,0.0,0.0,0.0,0.0,0.0,0.0,0.0,0.0,0.0,0.0,0.0,0.0,0.0,0.0,0.0,0.0,0.0,0.0,0.0,1.7204645166125173,0.5251723188682898,106.15332501621623,129.06802534481739,3406.431690019923,0.3185842028777023,0.04862396258817191,55.13379799881016,67.09601458460488,1772.511453695681,3.3303282923068506,0.6293137362635775,50.171548500708137,60.892122070693918,1695.192635547924,0.32891533052010527,0.06215331264552252,18.287819719982168,22.208591291186779,587.922794483135,0.0,0.0,5.854529303331546,7.133626212155894,176.80108393972115,0.0,0.0,12.254967384227025,14.843293464868618,412.05918409898069,0.0,0.0,91.59895783696644,111.75142746595253,2711.824895182546,0.0,0.0,41.905881868469197,51.55602437701744,1037.1176232343,0.0,0.0,29.43584962655439,36.03753106008456,811.1319726082008,28.92802339645302,19.84089396190194,81.32569031200797,99.47368291246653,3094.4542811145217,0.0,0.0,74.80819502237839,92.76693553879895,1515.5478428856646,0.0,18.5638211577987,36.58341241688494,22.0,30.0,0.0,18.802216188458155,36.08905133140346,12.0,30.0,0.0,18.615545424609509,37.033113564286868,22.0,30.0,0.0,18.576363750098559,37.574479830126488,12.0,30.0,0.0,17.83330277296976,40.73998555498318,12.0,30.0,0.0,19.599127436903879,36.25479573339797,12.0,30.0,0.0,17.529852584561817,40.155136398292487,10.0,30.0,0.0,15.067174293478726,47.830195914300677,12.0,30.0,0.0,16.485279239265034,43.96411655224978,20.0,30.0,0.0,16.76662099494492,0.0,0.0,0.0,12.813426599439009,0.0,0.0,559.1235832607517,561.3876227001825,595.6180517683803,640.0587428390375,711.2900315083257,990.2992973856248,636.6248436630111,678.809924528251,805.0469918331228,0.0,82.54616735981897,82.54616735981897,60.0,0.0,60.0,60.0,12.0,12.0,12.0,19.0,12.0,12.0,21.0,10.0,0.0,0.0,0.0,0.0,0.0,0.0,0.0,0.0,0.0,0.0,0.0,0.0,0.0,82.54616735981897,82.54616735981897,0.0,0.0,0.0,82.54616735981897,0.0,0.0,0.00198 
 03/11  01:10:00,3.16,94.00000000000002,3.3850000000000004,0.0,0.0,0.0,0.0,0.0,2.0,2.0,0.0,0.0,0.0,0.0,0.0,1167.0,0.0,0.0,0.0,0.0,0.0,0.0,0.0,0.0,0.0,0.0,0.0,18.971259836538495,-82.67329764242203,19.094299885570789,-300.4648906533895,18.748864154266163,-97.57150314119494,18.59647427280647,-62.30857275006686,17.825162875899239,-0.9012026018833694,19.390897830779836,-50.49088820815359,17.510636135918604,-34.66044435318297,15.40449739019817,-197.98672050196579,16.64473686991112,-185.71010594248049,362.079367611014,759.9063301582335,0.0,0.0,0.0,0.0,0.0,0.0,0.0,0.0,0.0,0.0,0.0,0.0,0.0,0.0,0.0,0.0,0.0,0.0,0.0,0.0,0.0,0.0,1.7063555302321359,0.520865546468906,128.53789646250278,156.49027051530465,4108.902475299393,0.3149388666079467,0.04806759258363045,83.45048785479942,101.64017040503815,2660.9234747369698,3.284632072405305,0.6206787740750769,53.907407169624267,65.56171148507396,1802.1152689579606,0.3254684409011258,0.0615019729593964,44.72579456714837,54.351302939852008,1416.5753355228242,0.0,0.0,5.6993858534891,6.950150837239134,171.6946690852543,0.0,0.0,12.16453739310523,14.746950919689656,407.74280407474159,0.0,0.0,89.73720194206419,109.5794161764845,2645.0366890081756,0.0,0.0,42.95888470410348,52.90829234382197,1054.1771357664052,0.0,0.0,27.750074022335519,33.99559377645105,765.4828547233984,28.84966428126097,19.787149712799029,109.31750935933394,133.82741622922996,3917.7180320887,0.0,0.0,73.58581371554246,91.35003668279704,1474.3018741236447,0.0,18.545854648670799,36.56439916263229,22.0,30.0,0.0,18.675380356909505,36.01761377384977,12.0,30.0,0.0,18.530208293354286,36.98973654655975,22.0,30.0,0.0,18.505422446358915,37.340481809845467,12.0,30.0,0.0,17.797268630633267,40.523818015304829,12.0,30.0,0.0,19.546686577290165,36.07134861868024,12.0,30.0,0.0,17.46509722417195,39.98499919441968,10.0,30.0,0.0,14.963173379564094,47.75013560087572,12.0,30.0,0.0,16.501491644831384,43.59999010234221,20.0,30.0,0.0,16.886752466510484,0.0,0.0,0.0,12.703690891187899,0.0,0.0,561.8063134943459,546.0378844672167,591.4046686884577,623.629249212657,702.6709969841177,985.89744204103,628.4409960466385,670.0935177181331,803.2427999858478,0.0,82.54616735981897,82.54616735981897,60.0,0.0,60.0,60.0,12.0,12.0,12.0,19.0,12.0,12.0,21.0,10.0,0.0,0.0,0.0,0.0,0.0,0.0,0.0,0.0,0.0,0.0,0.0,0.0,0.0,82.54616735981897,82.54616735981897,0.0,0.0,0.0,82.54616735981897,0.0,0.0,0.00197 
 03/11  01:20:00,3.16,94.0,3.38,0.0,0.0,0.0,0.0,0.0,2.0,2.0,0.0,0.0,0.0,0.0,0.0,778.0,0.0,0.0,0.0,0.0,0.0,0.0,0.0,0.0,0.0,0.0,0.0,18.880881811217586,-156.14857495214234,19.03097661860129,-201.07982959794064,18.685722497057435,-47.61380526707569,18.556480619761886,-24.425070024011448,17.78229541494246,-1.2021327104686322,19.328626400387735,-49.6371359773637,17.462605064617013,-30.25626159366584,15.31092320005095,-199.14620234050154,16.635068944717405,-183.04045742140159,278.76875136698166,763.6696800194673,0.0,0.0,0.0,0.0,0.0,0.0,0.0,0.0,0.0,0.0,0.0,0.0,0.0,0.0,0.0,0.0,0.0,0.0,0.0,0.0,0.0,0.0,1.7003876200395539,0.5190438400609139,103.14325655821013,125.48242001336553,3286.593420739115,0.31572898816177566,0.04818818500637602,56.83085051573434,69.20706194917608,1808.1838964091094,3.275299187286419,0.6189151903413491,32.28744730144966,39.21517327210482,1117.480385200084,0.32333558242213408,0.06109893847734958,7.013843334524804,8.530849757250583,230.58725084561605,0.0,0.0,5.777373187946505,7.042123340232971,173.5627519314306,0.0,0.0,12.090215135788008,14.650906379504893,403.8287402055854,0.0,0.0,89.97028126490895,109.81859625435109,2642.0677052697326,0.0,0.0,43.6991319125009,53.807919665172047,1062.6082556711095,0.0,0.0,26.920213719051455,32.9576490969021,743.0073163380768,28.79467946533994,19.749437219026029,68.70639475807033,84.1444980466683,2693.1444427423969,0.0,0.0,73.15687117488801,90.79398215717059,1450.7778051779224,0.0,18.43611582087815,36.45862098995106,22.0,30.0,0.0,18.63859179538928,35.978589449124317,12.0,30.0,0.0,18.48290453664532,36.82617095535616,22.0,30.0,0.0,18.484318805495606,37.39987553920592,12.0,30.0,0.0,17.75316765406437,40.28017101428923,12.0,30.0,0.0,19.48417044544658,35.88079258301043,12.0,30.0,0.0,17.407817872734733,39.878826020740678,10.0,30.0,0.0,14.850181510732428,47.7123751386265,12.0,30.0,0.0,16.508083036416,43.230664874635539,20.0,30.0,0.0,16.54482783573236,0.0,0.0,0.0,12.601936496939385,0.0,0.0,546.8999668487281,545.982498041614,579.0659782176119,639.049854437937,692.2107941530171,980.3771033553462,621.1200405211649,661.7949806004506,800.5462132595004,0.0,82.54616735981897,82.54616735981897,60.0,0.0,60.0,60.0,12.0,12.0,12.0,19.0,12.0,12.0,21.0,10.0,0.0,0.0,0.0,0.0,0.0,0.0,0.0,0.0,0.0,0.0,0.0,0.0,0.0,82.54616735981897,82.54616735981897,0.0,0.0,0.0,82.54616735981897,0.0,0.0,0.0019833333333333336 
 03/11  01:30:00,3.16,94.0,3.375,0.0,0.0,0.0,0.0,0.0,2.0,2.0,0.0,0.0,0.0,0.0,0.0,1167.0,0.0,0.0,0.0,0.0,0.0,0.0,0.0,0.0,0.0,0.0,0.0,18.816110107974745,-106.79028688554834,18.945636535069178,-269.14550392755867,18.590160905921527,-129.24392538013908,18.466602405668075,-152.75474594622245,17.741498161569873,-1.6462682673991647,19.27116615944376,-48.281003946390899,17.411079020867207,-40.13401483164745,15.226350429698745,-205.40650404968205,16.621747240064435,-177.33581869356113,446.8523616420821,760.1394431903613,0.0,0.0,0.0,0.0,0.0,0.0,0.0,0.0,0.0,0.0,0.0,0.0,0.0,0.0,0.0,0.0,0.0,0.0,0.0,0.0,0.0,0.0,1.6870903478771127,0.5149848436743323,146.85982106361068,178.82797716169706,4641.561761457419,0.3117750391989324,0.04758471294244999,73.84516330333305,89.98545859752528,2336.1206235448159,3.2501543758155115,0.6141637142508525,121.20167490155737,147.44871455269857,3877.3887606597747,0.3204512779701811,0.060553907401772657,77.26804797065118,94.04405727049319,2418.074788031593,0.0,0.0,5.681728828560379,6.93119390687629,170.2371836681154,0.0,0.0,12.023599549891275,14.582989183725055,400.3253132123814,0.0,0.0,88.76862720327597,108.44766149923044,2595.69616477308,0.0,0.0,44.53604917816718,54.894588165334308,1074.3807839581553,0.0,0.0,25.627939769395306,31.39709499538558,707.2736072465124,28.77039391345958,19.73278046190643,165.30707284866183,202.14196108530187,5557.3654507763289,0.0,0.0,72.26234819894201,89.77765071938147,1417.6202856768665,0.0,18.394371951942828,36.60621386158157,21.999999999999994,29.99999999999999,0.0,18.54253989316076,35.94173561269985,11.999999999999995,29.99999999999999,0.0,18.364046440255266,36.93866092720139,21.999999999999994,29.99999999999999,0.0,18.35445842423516,37.110718692128667,11.999999999999995,29.99999999999999,0.0,17.714168349184399,40.08716483850023,11.999999999999995,29.99999999999999,0.0,19.430973064143524,35.729847153050759,11.999999999999995,29.99999999999999,0.0,17.345705518294606,39.76824541102647,9.999999999999997,29.99999999999999,0.0,14.754844791500667,47.641895202222048,11.999999999999995,29.99999999999999,0.0,16.508274359186957,42.93324081467179,19.999999999999994,29.99999999999999,0.0,17.062341118118149,0.0,0.0,0.0,12.497565876195165,0.0,0.0,559.64826707713,535.4456568594749,580.130897955252,601.5077416314465,683.45860489631,975.1737146649055,616.0538506692026,654.1565637005535,798.8154799865368,0.0,82.54616735981894,82.54616735981894,59.99999999999998,0.0,59.99999999999998,59.99999999999998,12.0,12.0,12.0,19.0,12.0,12.0,21.0,10.0,0.0,0.0,0.0,0.0,0.0,0.0,0.0,0.0,0.0,0.0,0.0,0.0,0.0,82.54616735981894,82.54616735981894,0.0,0.0,0.0,82.54616735981894,0.0,0.0,0.001996666666666667 
 03/11  01:40:00,3.16,94.0,3.37,0.0,0.0,0.0,0.0,0.0,2.0,2.0,0.0,0.0,0.0,0.0,0.0,389.0,0.0,0.0,0.0,0.0,0.0,0.0,0.0,0.0,0.0,0.0,0.0,18.840348219111985,-14.506337531842299,18.777210199030237,-400.7929116633724,18.438675415303128,-165.97623398530195,18.40849569037446,-18.09863495381797,17.69244686143439,-0.8400559908330937,19.204292293903849,-44.408290377457458,17.334110190190445,-50.687259978484259,15.129757323525445,-200.13174249687072,16.60662644152375,-170.7259022481862,462.69574724186466,760.9623146591179,0.0,0.0,0.0,0.0,0.0,0.0,0.0,0.0,0.0,0.0,0.0,0.0,0.0,0.0,0.0,0.0,0.0,0.0,0.0,0.0,0.0,0.0,1.6721429364036465,0.5104221417593551,193.26724318138319,234.6037639750388,6141.430244578459,0.29637783249276347,0.045234711918919968,166.3714901601564,202.12216275946808,5176.006013724997,3.2235226992626444,0.6091312734812258,74.04494540567598,89.99869652303605,2377.6271943987815,0.3207379575300589,0.06060807965420615,58.51217296317467,71.06885993416297,1830.1664080816445,0.0,0.0,5.404730587622545,6.577841079298088,161.42405328190106,0.0,0.0,12.024069702570725,14.549874082272137,398.8090269345723,0.0,0.0,85.74150551046225,104.52607911708343,2489.485791822786,0.0,0.0,44.92058245836224,55.251455603150187,1073.415593086057,0.0,0.0,24.643762578134948,30.114019863457928,680.2175064426959,28.66728482891325,19.66206092518057,193.51598984257093,236.04882977864137,6385.727371313671,0.0,0.0,71.37776600524583,88.48563636551282,1386.0120601995896,0.0,18.519824012465713,36.09390538031706,22.00000000000001,30.000000000000015,0.0,18.289218939514155,36.4549545294065,12.000000000000006,30.000000000000015,0.0,18.142839309550494,36.93109490742618,22.00000000000001,30.000000000000015,0.0,18.315631471776347,37.08959350320521,12.000000000000006,30.000000000000015,0.0,17.659571178217793,39.83872536912998,12.000000000000006,30.000000000000015,0.0,19.358537995896357,35.5210426562839,12.000000000000006,30.000000000000015,0.0,17.234677943041395,39.8615827056417,10.000000000000004,30.000000000000015,0.0,14.635788641122426,47.6225109024078,12.000000000000006,30.000000000000015,0.0,16.505120154212628,42.551962370881408,20.000000000000008,30.000000000000015,0.0,17.11447573778329,0.0,0.0,0.0,12.395367888439024,0.0,0.0,545.2708502164688,537.8163617218626,550.7047669177509,598.1051800428637,672.9944204585396,965.7147637060135,618.209989665359,646.139899410165,796.8470458800247,0.0,82.54616735981901,82.54616735981901,60.00000000000003,0.0,60.00000000000003,60.00000000000003,12.0,12.0,12.0,19.0,12.0,12.0,21.0,10.0,0.0,0.0,0.0,0.0,0.0,0.0,0.0,0.0,0.0,0.0,0.0,0.0,0.0,82.54616735981901,82.54616735981901,0.0,0.0,0.0,82.54616735981901,0.0,0.0,0.00201 
 03/11  01:50:00,3.16,94.0,3.3649999999999999,0.0,0.0,0.0,0.0,0.0,2.0,2.0,0.0,0.0,0.0,0.0,0.0,1167.0,0.0,0.0,0.0,0.0,0.0,0.0,0.0,0.0,0.0,0.0,0.0,18.65716132686112,-173.70155724281919,18.745468602396309,-190.758456588774,18.409832640049865,-41.5033872840465,18.31970752442931,-141.10958036981544,17.65421575180836,-2.587646956526387,19.15291609942857,-47.18186926287291,17.297040341436238,-45.58228892965633,15.05845392552871,-212.34035660111284,16.590557840522054,-165.9137215932284,448.03057912368367,752.8379435757444,0.0,0.0,0.0,0.0,0.0,0.0,0.0,0.0,0.0,0.0,0.0,0.0,0.0,0.0,0.0,0.0,0.0,0.0,0.0,0.0,0.0,0.0,1.6669879728907047,0.5088485875734756,201.93163388100818,246.19720880653638,6272.492271430777,0.3075371349464835,0.04693790215910924,121.12777803924897,147.4928771124084,3781.0347671213314,3.228024558851218,0.6099819650134584,143.55880149507719,175.02491067253434,4525.926982266972,0.31624171153840388,0.059758448892366599,60.04199284043007,73.21634425528619,1860.7624307031074,0.0,0.0,5.637889915293719,6.881097843199747,167.96652351734367,0.0,0.0,11.867570168625692,14.400170525682477,392.4916601730994,0.0,0.0,87.09658970978194,106.46831569746542,2523.085042775031,0.0,0.0,45.68794436595775,56.35576881357132,1084.941208356714,0.0,0.0,23.42907291382166,28.707052403088789,646.1916637785712,28.588309161740534,19.607893800919457,217.3223980090042,265.946081020364,7073.294400599749,0.0,0.0,70.56110566960317,87.73459458754744,1354.5119625658659,0.0,18.196779147561899,36.76239327703199,22.000000000000019,30.00000000000002,0.0,18.33833571177614,36.31300944014756,12.00000000000001,30.00000000000002,0.0,18.17273841552927,36.997187719493599,22.000000000000019,30.00000000000002,0.0,18.184636790547054,36.95129742593858,12.00000000000001,30.00000000000002,0.0,17.627200666002645,39.72735959576116,12.00000000000001,30.00000000000002,0.0,19.316233377958619,35.46266383880102,12.00000000000001,30.00000000000002,0.0,17.205998807277277,39.70389138738457,10.000000000000007,30.00000000000002,0.0,14.565804482611304,47.59512117871197,12.00000000000001,30.00000000000002,0.0,16.500018914725176,42.38008503655458,20.000000000000015,30.00000000000002,0.0,17.03684800934981,0.0,0.0,0.0,12.289611732712276,0.0,0.0,549.5824202474421,538.9580436140338,564.6017351820408,575.2986199346773,666.7994726947701,963.9879525183189,607.3426614911813,643.6321998653117,797.6296304335363,0.0,82.54616735981904,82.54616735981904,60.00000000000004,0.0,60.00000000000004,60.00000000000004,12.0,12.0,12.0,19.0,12.0,12.0,21.0,10.0,0.0,0.0,0.0,0.0,0.0,0.0,0.0,0.0,0.0,0.0,0.0,0.0,0.0,82.54616735981904,82.54616735981904,0.0,0.0,0.0,82.54616735981904,0.0,0.0,0.002023333333333334 
 03/11  02:00:00,3.16,94.0,3.36,0.0,0.0,0.0,0.0,0.0,2.0,2.0,0.0,0.0,0.0,0.0,0.0,778.0,0.0,0.0,0.0,0.0,0.0,0.0,0.0,0.0,0.0,0.0,0.0,18.55119339077003,-264.1028240453734,18.689374331082818,-141.1781902416244,18.367402755945976,-37.68405099198935,18.276707876990746,-35.21009881641862,17.606898926371274,-2.951435919146519,19.090622146880404,-46.62941157455941,17.244305045224246,-37.682208782975298,14.969787337241712,-213.07578034398274,16.572245342105494,-164.78781396894818,363.8025885070199,758.3763063896884,0.0,0.0,0.0,0.0,0.0,0.0,0.0,0.0,0.0,0.0,0.0,0.0,0.0,0.0,0.0,0.0,0.0,0.0,0.0,0.0,0.0,0.0,1.6547544990712982,0.5051143159558298,156.93877961599899,191.12834969110424,4831.625742423683,0.30832087985609915,0.04705752134555848,87.16112787039048,106.15373031778472,2714.385176027021,3.2125252205228556,0.6070531406883705,62.46110857127554,75.93866222324118,2023.2010608277906,0.317875843872398,0.06006724185041532,13.466680139210544,16.380335974475594,424.74067826793108,0.0,0.0,5.714382269457603,6.970240438256234,169.70162016115007,0.0,0.0,11.817799994248169,14.334360731436832,389.4264768660421,0.0,0.0,87.86222422371873,107.34972052632468,2535.3466011604625,0.0,0.0,46.17637679121674,56.942833640923698,1087.0813186857809,0.0,0.0,23.00023124436227,28.163570055647957,633.9961596897859,28.568204112254464,19.594104329392644,123.54870716495106,151.09268723210477,4260.22250412623,0.0,0.0,70.40532871521705,87.514300444464,1337.8857767599598,0.0,18.06461040316659,36.77807984165814,22.0,30.0,0.0,18.30132580917425,36.29923298161849,12.0,30.0,0.0,18.15765568332035,36.90137924216452,22.0,30.0,0.0,18.169700151316737,36.95152491726124,12.0,30.0,0.0,17.577692338153484,39.572444846384417,12.0,30.0,0.0,19.252505539773695,35.37204969460038,12.0,30.0,0.0,17.147783748323886,39.69849241309328,10.0,30.0,0.0,14.462330595734521,47.648322988732868,12.0,30.0,0.0,16.49056933448293,42.1471423395882,20.0,30.0,0.0,16.687796847789003,0.0,0.0,0.0,12.193446421373018,0.0,0.0,534.1187752556396,537.4537686235575,562.465153495657,590.7004887488424,658.2219567067721,959.8917736718466,602.9401094597548,639.2088702468171,798.9405319593686,0.0,82.54616735981897,82.54616735981897,60.0,0.0,60.0,60.0,12.0,12.0,12.0,19.0,12.0,12.0,21.0,10.0,0.0,0.0,0.0,0.0,0.0,0.0,0.0,0.0,0.0,0.0,0.0,0.0,0.0,82.54616735981897,82.54616735981897,0.0,0.0,0.0,82.54616735981897,0.0,0.0,0.0020366666666666668 
 03/11  02:10:00,3.1316666666666674,94.00000000000002,3.3549999999999997,0.0,0.0,0.0,0.0,0.0,2.0,2.0,0.0,0.0,0.0,0.0,0.0,778.0,0.0,0.0,0.0,0.0,0.0,0.0,0.0,0.0,0.0,0.0,0.0,18.37474833382462,-80.61332648318148,18.658015689849806,-283.0822566799802,18.256619792243517,-209.36524443915733,18.150251387367953,-150.77123270566472,17.559664005260488,-3.038822975033355,19.030084212596618,-42.738649851080428,17.179213242216464,-77.30713326061187,14.879309530427787,-222.32588695236803,16.56065023253857,-138.93276448312123,523.7839382024849,723.6708682549078,0.0,0.0,0.0,0.0,0.0,0.0,0.0,0.0,0.0,0.0,0.0,0.0,0.0,0.0,0.0,0.0,0.0,0.0,0.0,0.0,0.0,0.0,1.6558166739258518,0.5054385451544115,374.33994484588956,456.1413462085901,11400.92979773483,0.28979004076842176,0.04422924920152957,203.70609274896237,247.80935020873478,6331.114533559009,3.127191676186202,0.5909281323103179,310.8367992985724,378.7290872784017,9593.457734501902,0.30397483562217605,0.05744044512890702,162.02368923853607,197.48571387537857,4945.352435299952,0.0,0.0,5.510199187919019,6.724576003126883,163.44302986865646,0.0,0.0,11.702476406162326,14.1974637907933,384.961385402075,0.0,0.0,80.1955594752246,98.03517675156302,2306.7449163784115,0.0,0.0,46.548450640858579,57.4277030111748,1088.6642199754677,0.0,0.0,19.48494545210138,23.860107384197805,538.4450547609123,28.37047543598192,19.458487953348376,494.67039560578288,604.260267300228,15158.330391005333,0.0,0.0,66.70708269226282,82.96458128143533,1252.3219456199923,0.0,17.834152742321096,37.26006855522412,22.0,30.0,0.0,18.29960943642238,36.24161141012238,12.0,30.0,0.0,18.00230721869422,37.007588502353,22.0,30.0,0.0,17.966910998111695,37.000670285401117,12.0,30.0,0.0,17.529136733921825,39.40360076332162,12.0,30.0,0.0,19.19321215766646,35.285209241624027,12.0,30.0,0.0,17.065021066570716,39.60626043066746,10.0,30.0,0.0,14.355392998765078,47.58695223562032,12.0,30.0,0.0,16.496021625129396,41.872742932358899,20.0,30.0,0.0,17.215253741074226,0.0,0.0,0.0,12.051337712695759,0.0,0.0,539.5965810662137,539.4621271358255,558.4680491870664,554.0071101937817,646.707424795441,956.8247150948254,596.4391669942579,631.3862213715363,805.6257472472396,0.0,82.54616735981897,82.54616735981897,60.0,0.0,60.0,60.0,12.0,12.0,12.0,19.0,12.0,12.0,21.0,10.0,0.0,0.0,0.0,0.0,0.0,0.0,0.0,0.0,0.0,0.0,0.0,0.0,0.0,82.54616735981897,82.54616735981897,0.0,0.0,0.0,82.54616735981897,0.0,0.0,0.00205 
 03/11  02:20:00,3.1033333333333337,94.0,3.35,0.0,0.0,0.0,0.0,0.0,2.0,2.0,0.0,0.0,0.0,0.0,0.0,778.0,0.0,0.0,0.0,0.0,0.0,0.0,0.0,0.0,0.0,0.0,0.0,18.425678533857047,-203.78873640919938,18.49116054675035,-228.28791946212733,18.100060976979259,-85.58968753317413,18.10227520420058,-144.47244442537795,17.513693893220265,-4.1519115284143599,18.972528173412777,-43.62133657351151,17.097113931361933,-50.62003439228033,14.790218301077428,-226.60425636855246,16.550187901938366,-137.2134656259828,508.0476344350118,728.7303192083201,0.0,0.0,0.0,0.0,0.0,0.0,0.0,0.0,0.0,0.0,0.0,0.0,0.0,0.0,0.0,0.0,0.0,0.0,0.0,0.0,0.0,0.0,1.6337903430886785,0.49871500094282009,296.928380584515,361.80414630501027,9120.719899247802,0.290329147319472,0.044311530421164837,160.84303630633353,196.11142454496446,4938.860842884556,3.235852205209161,0.6114611120954576,251.0939329188099,305.94656293912416,7692.53193337907,0.313753001420228,0.05928817109225772,140.42582111798706,171.0791399886544,4286.542779254969,0.0,0.0,5.5946234177259559,6.826403812197686,165.76424135992748,0.0,0.0,11.690857586715019,14.187185182504145,384.03407910716205,0.0,0.0,83.46124158805108,102.04400975293346,2386.800315523167,0.0,0.0,47.56824632843508,58.708587497773269,1105.5085037509853,0.0,0.0,19.017277715011994,23.287812321829379,526.772827680119,28.348470063010468,19.443395104945457,388.7036347051969,474.96011422318568,12050.522820359827,0.0,0.0,66.95683492540046,83.30482380316734,1247.6939540600984,0.0,17.98273964834049,36.67540911233294,22.0,30.0,0.0,18.0585395288562,36.52179293040207,12.0,30.0,0.0,17.785231131352498,37.286447404809397,22.0,30.0,0.0,17.94240584780149,36.98384935480838,12.0,30.0,0.0,17.483663618216235,39.2741092273822,12.0,30.0,0.0,19.13895287199447,35.17375023460663,12.0,30.0,0.0,16.955231323012819,39.60228822784173,10.0,30.0,0.0,14.252381930409682,47.60766326371811,12.0,30.0,0.0,16.499658892107108,41.60544172721606,20.0,30.0,0.0,17.134860928712958,0.0,0.0,0.0,11.953515471735923,0.0,0.0,528.9697707167621,528.5215471257059,542.6463300267881,553.4469964862617,639.0851913656982,949.207041577635,586.9078321872568,628.0517261398784,811.8504776919368,0.0,82.54616735981897,82.54616735981897,60.0,0.0,60.0,60.0,12.0,12.0,12.0,19.0,12.0,12.0,21.0,10.0,0.0,0.0,0.0,0.0,0.0,0.0,0.0,0.0,0.0,0.0,0.0,0.0,0.0,82.54616735981897,82.54616735981897,0.0,0.0,0.0,82.54616735981897,0.0,0.0,0.0020466666666666669 
 03/11  02:30:00,3.075,94.0,3.3449999999999999,0.0,0.0,0.0,0.0,0.0,2.0,2.0,0.0,0.0,0.0,0.0,0.0,778.0,0.0,0.0,0.0,0.0,0.0,0.0,0.0,0.0,0.0,0.0,0.0,18.25617513800389,-87.73323761791926,18.477602199749918,-263.6307996221724,18.066276495198215,-182.383188942561,17.984253834929836,-101.02446738966819,17.464478844493074,-3.9253888266700018,18.911376178158898,-41.53273726945008,17.050913668010268,-75.82614876510502,14.70151027560528,-230.16627939823673,16.541302555339507,-121.52386208719287,482.6292391150455,716.9314901391676,0.0,0.0,0.0,0.0,0.0,0.0,0.0,0.0,0.0,0.0,0.0,0.0,0.0,0.0,0.0,0.0,0.0,0.0,0.0,0.0,0.0,0.0,1.6237914707595214,0.4956628421121861,294.29802213606117,358.7153147855614,8954.945753080367,0.284348606636753,0.04339874948668391,149.73187010948727,182.20685512917897,4608.193731409757,3.154604493963487,0.5961081810210673,246.56296451472077,300.68176904532398,7556.897227934629,0.31121450423306376,0.058808485304811728,124.73386240207677,152.1071520465778,3780.5075137743399,0.0,0.0,5.440290598292603,6.641720308353445,160.97797739778535,0.0,0.0,11.623496220139133,14.108521936142357,381.12259930313237,0.0,0.0,79.60716863220168,97.37015179879359,2274.8818129055437,0.0,0.0,47.94800780329544,59.20139643254158,1107.4096182112872,0.0,0.0,17.06359120161521,20.895972765274715,473.90417759883499,28.240902861515413,19.369617874839109,371.656376347977,454.2512027203735,11488.842176617629,0.0,0.0,65.03156331553743,80.94804079620055,1200.1994948112802,0.0,17.749676047946897,37.142892540803789,22.0,30.0,0.0,18.105833086188583,36.32020465075475,12.0,30.0,0.0,17.787304464097614,37.10463526798488,22.0,30.0,0.0,17.78269014771425,37.089358929225387,12.0,30.0,0.0,17.43270680868944,39.12775325990299,12.0,30.0,0.0,19.078005398766277,35.09350471691892,12.0,30.0,0.0,16.91266636606209,39.56223503740502,10.0,30.0,0.0,14.150559014888782,47.62252097496414,12.0,30.0,0.0,16.507127801683536,41.35396002259188,20.0,30.0,0.0,17.017817388001249,0.0,0.0,0.0,11.836404353288544,0.0,0.0,529.2041867499581,526.723493854917,536.4289127945665,539.4597301802987,627.7815731235202,944.4349418121092,584.691994766604,619.9006048608728,819.6795034585696,0.0,82.54616735981897,82.54616735981897,60.0,0.0,60.0,60.0,12.0,12.0,12.0,19.0,12.0,12.0,21.0,10.0,0.0,0.0,0.0,0.0,0.0,0.0,0.0,0.0,0.0,0.0,0.0,0.0,0.0,82.54616735981897,82.54616735981897,0.0,0.0,0.0,82.54616735981897,0.0,0.0,0.0020433333333333338 
 03/11  02:40:00,3.046666666666667,94.0,3.34,0.0,0.0,0.0,0.0,0.0,2.0,2.0,0.0,0.0,0.0,0.0,0.0,778.0,0.0,0.0,0.0,0.0,0.0,0.0,0.0,0.0,0.0,0.0,0.0,18.264283335615674,-202.28326757480319,18.326603598536538,-218.15122863132297,17.943058629329394,-75.67788925958985,17.95088672450529,-136.09940395141167,17.416682752871254,-5.158081829204264,18.85294422111606,-42.22238832246367,16.97593505581621,-57.76525988964636,14.613628525491853,-234.63062292850283,16.535211881279005,-110.1661249963916,484.1582117336802,711.41296004067,0.0,0.0,0.0,0.0,0.0,0.0,0.0,0.0,0.0,0.0,0.0,0.0,0.0,0.0,0.0,0.0,0.0,0.0,0.0,0.0,0.0,0.0,1.6214052107378927,0.4949344355121773,287.5034564262757,350.5357049613986,8771.264079916084,0.28877671047054767,0.044074589510156848,158.12182115637337,192.91171173865653,4822.926816812587,3.2134916896114524,0.6072357690119905,235.12661354158798,286.64294815389806,7165.185534363438,0.3113356752591864,0.05883138232410927,130.24622565891213,158.7710313076347,3948.8870463764017,0.0,0.0,5.5124900368189089,6.729018501631536,162.9096353722132,0.0,0.0,11.513148237349416,13.978283136055808,376.9271230221093,0.0,0.0,80.84487453154586,98.89975926806409,2299.4026250790154,0.0,0.0,48.744760364821889,60.20759503554729,1118.9179568405673,0.0,0.0,15.658869023240684,19.175520844360407,436.15185770227506,28.190173120287076,19.33482381363997,369.37195532383228,451.5830510813597,11414.749954427465,0.0,0.0,64.12046245969624,79.84534427784557,1172.9556561549512,0.0,17.818297443948713,36.71863563429545,22.0,30.0,0.0,17.89281718545999,36.52435580435488,12.0,30.0,0.0,17.630049894399958,37.26915113356027,22.0,30.0,0.0,17.775104662187635,37.032025102337048,12.0,30.0,0.0,17.385027570416847,39.02852154837166,12.0,30.0,0.0,19.021941232941346,35.00513898186764,12.0,30.0,0.0,16.816621495374258,39.53404864494844,10.0,30.0,0.0,14.050549234826886,47.68567635038886,12.0,30.0,0.0,16.51825339318262,41.11175880693326,20.0,30.0,0.0,16.980027990834146,0.0,0.0,0.0,11.727156582646096,0.0,0.0,517.9483418579049,513.6209447344178,527.1955465114131,540.1354203205722,619.5048907953511,936.83576958638,572.534781034321,615.6270402942205,829.6469041129875,0.0,82.54616735981897,82.54616735981897,60.0,0.0,60.0,60.0,12.0,12.0,12.0,19.0,12.0,12.0,21.0,10.0,0.0,0.0,0.0,0.0,0.0,0.0,0.0,0.0,0.0,0.0,0.0,0.0,0.0,82.54616735981897,82.54616735981897,0.0,0.0,0.0,82.54616735981897,0.0,0.0,0.00204 
 03/11  02:50:00,3.0183333333333337,94.0,3.335,0.0,0.0,0.0,0.0,0.0,2.0,2.0,0.0,0.0,0.0,0.0,0.0,778.0,0.0,0.0,0.0,0.0,0.0,0.0,0.0,0.0,0.0,0.0,0.0,18.101428831424007,-86.16957789260687,18.317841149113336,-255.60547573452494,17.912367000187684,-175.99758091055129,17.844228972325838,-99.56708279098666,17.36595554100699,-4.983682592042726,18.79177727595613,-40.068709838389768,16.92748259940157,-81.59865388590834,14.524249588838416,-239.71006379068616,16.537065925086126,-83.66354340986737,464.3359502463827,690.6106007617455,0.0,0.0,0.0,0.0,0.0,0.0,0.0,0.0,0.0,0.0,0.0,0.0,0.0,0.0,0.0,0.0,0.0,0.0,0.0,0.0,0.0,0.0,1.6109957535334137,0.4917569455230201,286.2004533469489,349.04649550125546,8657.60796245677,0.2826394948506791,0.04313789603948094,146.04833248512385,177.82997001977905,4467.435652986756,3.131899876546856,0.5918178149181514,239.5125376034157,292.2605014954685,7299.2597404039329,0.308399911663201,0.058276627298412878,121.1753241762832,147.85748654403427,3651.4606710336995,0.0,0.0,5.440145033304487,6.644307636768309,160.54146678321494,0.0,0.0,11.4417867846359,13.894669291140838,373.8996487449314,0.0,0.0,76.24962538236281,93.31527439631424,2166.5976722531897,0.0,0.0,49.15193056996979,60.73515432065078,1121.0750449388273,0.0,0.0,12.786804332677676,15.657282596694046,357.55984371636978,28.093822419890107,19.268739656989106,360.75057491162718,441.1647892528267,11108.632902427784,0.0,0.0,61.27857687687025,76.34592615042816,1108.1884070342726,0.0,17.597463668587417,37.159045514613598,22.0,30.0,0.0,17.947241316937814,36.324874397885867,12.0,30.0,0.0,17.635091930692139,37.09692030578866,22.0,30.0,0.0,17.63360001133733,37.09859133076836,12.0,30.0,0.0,17.33243059126577,38.90798365347978,12.0,30.0,0.0,18.96085933761981,34.93777915541263,12.0,30.0,0.0,16.770932187463385,39.50434538609062,10.0,30.0,0.0,13.947899936079887,47.73812036736233,12.0,30.0,0.0,16.544241276637825,40.86599284177911,20.0,30.0,0.0,16.876267019802474,0.0,0.0,0.0,11.595486350615758,0.0,0.0,517.9413259230476,513.2331672833784,523.1135927202341,528.5288242045469,607.4931684338299,931.0706536577989,566.4359199523755,606.9603244708073,847.2164012759176,0.0,82.54616735981897,82.54616735981897,60.0,0.0,60.0,60.0,12.0,12.0,12.0,19.0,12.0,12.0,21.0,10.0,0.0,0.0,0.0,0.0,0.0,0.0,0.0,0.0,0.0,0.0,0.0,0.0,0.0,82.54616735981897,82.54616735981897,0.0,0.0,0.0,82.54616735981897,0.0,0.0,0.00205 
 03/11  03:00:00,2.99,94.0,3.33,0.0,0.0,0.0,0.0,0.0,2.0,2.0,0.0,0.0,0.0,0.0,0.0,778.0,0.0,0.0,0.0,0.0,0.0,0.0,0.0,0.0,0.0,0.0,0.0,18.111543263444277,-198.22603874432935,18.17349211462036,-213.0608826816581,17.798626821336634,-70.82183772079043,17.817060662274139,-132.37376068519758,17.316704327604755,-6.129600092007237,18.733369114700396,-40.63744893527047,16.851530150818307,-64.63355121085351,14.433294798407133,-246.49629834112,16.548319914563139,-56.265651669217309,467.18606998958878,672.918878325402,0.0,0.0,0.0,0.0,0.0,0.0,0.0,0.0,0.0,0.0,0.0,0.0,0.0,0.0,0.0,0.0,0.0,0.0,0.0,0.0,0.0,0.0,1.6096104988417493,0.49133409610554,279.7198260312283,341.2396690404842,8486.302601957672,0.2869233849742428,0.043791725423419237,155.85514858578879,190.2536701486411,4727.23930692485,3.1886107886370844,0.6025341626298348,223.7331488120806,272.88547014197897,6788.03945087827,0.30855109173335207,0.058305194960950868,123.37033515897794,150.46337363571588,3721.295202882491,0.0,0.0,5.567038658555258,6.798435507790341,164.06098271833958,0.0,0.0,11.333300250915642,13.766273603263194,369.7825159795418,0.0,0.0,76.21640400606856,93.28968879962281,2155.386373497971,0.0,0.0,50.09543880329586,61.92508775772451,1134.9641045708218,0.0,0.0,11.004634877798477,13.471343581931585,309.2788845209315,28.052255787749304,19.240230307098295,355.22709197803808,434.51140563176525,10945.540964990112,0.0,0.0,59.07759471411996,73.63848702892591,1056.2228691592232,0.0,17.670276150587147,36.74474736220623,22.0,30.0,0.0,17.745168856369597,36.53619683210995,12.0,30.0,0.0,17.493786465879919,37.24781112715303,22.0,30.0,0.0,17.636050233800625,37.015703829744939,12.0,30.0,0.0,17.283171317179219,38.820892139589947,12.0,30.0,0.0,18.90474494819669,34.86241481178552,12.0,30.0,0.0,16.674543721594824,39.49035049820747,10.0,30.0,0.0,13.842547821839915,47.838944831636158,12.0,30.0,0.0,16.585055028975714,40.599117944877097,20.0,30.0,0.0,16.840177002022096,0.0,0.0,0.0,11.465173595427434,0.0,0.0,508.3645997115143,503.03485114579578,515.9320151289186,528.7385483216522,596.3762662257851,921.4789911347162,550.2226470056562,601.2518301959349,869.8268119262546,0.0,82.54616735981897,82.54616735981897,60.0,0.0,60.0,60.0,12.0,12.0,12.0,19.0,12.0,12.0,21.0,10.0,0.0,0.0,0.0,0.0,0.0,0.0,0.0,0.0,0.0,0.0,0.0,0.0,0.0,82.54616735981897,82.54616735981897,0.0,0.0,0.0,82.54616735981897,0.0,0.0,0.0020599999999999999 
 03/11  03:10:00,2.976666666666667,94.00000000000002,3.3283333333333338,0.0,0.0,0.0,0.0,0.0,2.0,2.0,0.0,0.0,0.0,0.0,0.0,778.0,0.0,0.0,0.0,0.0,0.0,0.0,0.0,0.0,0.0,0.0,0.0,17.95383467330462,-84.37597818296263,18.167174833692344,-248.4909762190366,17.767933079706404,-171.15691389608993,17.715136476527463,-99.67837741450126,17.26488757376248,-6.037060512406072,18.672858640093449,-38.7680782733533,16.799416603928415,-88.90997615340052,14.342081471406143,-249.81014990224083,16.553511323466759,-61.48481889546136,449.04061354522039,682.0801698635742,0.0,0.0,0.0,0.0,0.0,0.0,0.0,0.0,0.0,0.0,0.0,0.0,0.0,0.0,0.0,0.0,0.0,0.0,0.0,0.0,0.0,0.0,1.5973088531033322,0.4875790149888072,278.64482795564546,340.0103029360808,8378.020072247164,0.28070091651730846,0.042842020225474428,142.77759961136403,173.94290458016025,4339.599001854672,3.105701009412451,0.5868671597529199,232.9384400079321,284.3961963419175,7057.303094172947,0.30514949654082426,0.057662414312325039,117.8257078112803,143.85186966748615,3529.8703319187327,0.0,0.0,5.552328983434103,6.784341305525731,163.21334648867373,0.0,0.0,11.270039936470376,13.692909974821412,366.69614445293328,0.0,0.0,72.2631927588878,88.49044042405949,2038.6615153044659,0.0,0.0,50.59128650638732,62.564107811302609,1136.9276409918635,0.0,0.0,13.539289816598626,16.5792356723763,381.47513435160797,27.938147163793034,19.161966504659149,350.8263710713579,429.2466876512284,10756.544767397965,0.0,0.0,59.5000977793651,74.19459961162552,1053.652172435458,0.0,17.45779924217738,37.16786714861448,22.0,30.0,0.0,17.80173905444564,36.345637092096868,12.0,30.0,0.0,17.496604128791675,37.096215341898247,22.0,30.0,0.0,17.50047843483329,37.083522200383757,12.0,30.0,0.0,17.22963772493128,38.71528068374997,12.0,30.0,0.0,18.84366585427667,34.80361585133183,12.0,30.0,0.0,16.623140797948787,39.48663199341431,10.0,30.0,0.0,13.737081958648544,47.94667888493133,12.0,30.0,0.0,16.60910364044573,40.31945497200837,20.0,30.0,0.0,16.74623808880468,0.0,0.0,0.0,11.367925804260988,0.0,0.0,507.633891482883,503.2994460245258,512.7466476850763,517.1833295516025,583.0546905757051,911.0232698679974,544.3623341859902,601.6236918623887,866.5530942688281,0.0,82.54616735981897,82.54616735981897,60.0,0.0,60.0,60.0,12.0,12.0,12.0,19.0,12.0,12.0,21.0,10.0,0.0,0.0,0.0,0.0,0.0,0.0,0.0,0.0,0.0,0.0,0.0,0.0,0.0,82.54616735981897,82.54616735981897,0.0,0.0,0.0,82.54616735981897,0.0,0.0,0.00207 
 03/11  03:20:00,2.963333333333334,94.0,3.3266666666666668,0.0,0.0,0.0,0.0,0.0,2.0,2.0,0.0,0.0,0.0,0.0,0.0,778.0,0.0,0.0,0.0,0.0,0.0,0.0,0.0,0.0,0.0,0.0,0.0,17.964697695812757,-193.66177680105739,18.02854074145113,-208.1675603794672,17.661252718395475,-66.19940456895961,17.692131356111675,-129.81007533036769,17.214555345600368,-6.917062368713488,18.61509385917871,-40.038317872222027,16.72200711512825,-71.95508749985993,14.254546454142738,-251.92722572001083,16.547984495684856,-66.18661835639324,450.71622629268316,691.7241109678247,0.0,0.0,0.0,0.0,0.0,0.0,0.0,0.0,0.0,0.0,0.0,0.0,0.0,0.0,0.0,0.0,0.0,0.0,0.0,0.0,0.0,0.0,1.5955847666050558,0.4870527370589304,272.26297632749518,332.3236038333507,8202.565946703997,0.2845458673852886,0.04342885643853611,153.4346429047826,187.4001771272488,4621.21386734299,3.1603519497705,0.597194245988379,213.1803987819025,260.1332787516539,6429.724103563608,0.30528580524217965,0.05768817181447082,116.96852697134851,142.72035911823776,3505.3979853822095,0.0,0.0,5.750402016787314,7.025669379549889,168.61592758140973,0.0,0.0,11.250088118300314,13.67179431068276,365.1304323641907,0.0,0.0,74.8366702101233,91.65255186481144,2098.6388860630629,0.0,0.0,51.292685232719758,63.45450916215754,1144.0176370083246,0.0,0.0,15.439691101973374,18.902148397943358,435.62690074036467,27.87702187937292,19.12004244127087,341.8076842202571,418.29997877028748,10484.48398811873,0.0,0.0,60.19068263058108,75.079453517681,1057.0121777599503,0.0,17.531906530605448,36.77761731654323,22.0,30.0,0.0,17.60763779765241,36.57306457418455,12.0,30.0,0.0,17.366847883663735,37.24886196511113,22.0,30.0,0.0,17.508620549269886,36.99326481234587,12.0,30.0,0.0,17.17942877753584,38.64447764262367,12.0,30.0,0.0,18.787411701188348,34.74178830715317,12.0,30.0,0.0,16.52573136908798,39.53534407433828,10.0,30.0,0.0,13.639001407357475,48.07792594367541,12.0,30.0,0.0,16.614071104588225,40.097400484758569,20.0,30.0,0.0,16.71006845305996,0.0,0.0,0.0,11.281858030402035,0.0,0.0,499.156846988542,494.9971555731878,507.07524700831598,515.989288867422,572.8624654436244,898.0596482699983,542.3307572725937,609.8939466039976,857.6891754498649,0.0,82.54616735981897,82.54616735981897,60.0,0.0,60.0,60.0,12.0,12.0,12.0,19.0,12.0,12.0,21.0,10.0,0.0,0.0,0.0,0.0,0.0,0.0,0.0,0.0,0.0,0.0,0.0,0.0,0.0,82.54616735981897,82.54616735981897,0.0,0.0,0.0,82.54616735981897,0.0,0.0,0.0020666666666666665 
 03/11  03:30:00,2.95,94.0,3.325,0.0,0.0,0.0,0.0,0.0,2.0,2.0,0.0,0.0,0.0,0.0,0.0,778.0,0.0,0.0,0.0,0.0,0.0,0.0,0.0,0.0,0.0,0.0,0.0,17.80698213007358,-86.43846612597781,18.021078270961728,-247.8977013288495,17.62811828564971,-168.95888319185725,17.59552857652302,-96.99185025491238,17.161962982402643,-6.725539547166406,18.554321677107056,-38.89536388214745,16.668495192913338,-94.88214209722855,14.169751135176086,-252.19948050413189,16.534559218382065,-69.86069822250528,430.66323392057987,697.5363043891324,0.0,0.0,0.0,0.0,0.0,0.0,0.0,0.0,0.0,0.0,0.0,0.0,0.0,0.0,0.0,0.0,0.0,0.0,0.0,0.0,0.0,0.0,1.5848626938717887,0.4837798210841846,269.6219829622361,329.1508035500416,8052.538096877813,0.2787609840351536,0.042545937734303058,141.7053765602663,172.7312744210487,4275.386758947755,3.068455161131842,0.5798290175986098,211.99328170936458,258.94746488904527,6383.991870582859,0.3017004244971942,0.0570106622254713,103.85018419528972,126.84742449879409,3093.829804666426,0.0,0.0,5.725237902073317,6.99849419985998,167.44347315713595,0.0,0.0,11.28299000300701,13.71514760735771,365.15750244774366,0.0,0.0,71.43208931335104,87.5240988912218,1998.1426742603517,0.0,0.0,51.44853719642561,63.67056463861009,1139.3557210078585,0.0,0.0,16.50057905951677,20.20530273569841,465.7438783933346,27.770478579335309,19.046967475538627,329.49508844983998,403.3300131620671,10070.577450939907,0.0,0.0,60.27729571927729,75.2140930435894,1049.56584614059,0.0,17.317427137551819,37.195766510044268,22.0,30.0,0.0,17.660353342442528,36.41361554018894,12.0,30.0,0.0,17.363247265607,37.10470497044272,22.0,30.0,0.0,17.38160398241603,37.03127876582008,12.0,30.0,0.0,17.12542425534102,38.568309269308389,12.0,30.0,0.0,18.72559396814364,34.70277162524081,12.0,30.0,0.0,16.47328506753791,39.56287233887853,10.0,30.0,0.0,13.546189551163439,48.18251627059939,12.0,30.0,0.0,16.60590765975301,39.892077814967127,20.0,30.0,0.0,16.60831260282454,0.0,0.0,0.0,11.195191988595806,0.0,0.0,497.9101414104332,497.7751355404665,505.5827699592129,503.46971583140137,564.7008788655105,886.5765865723829,546.0067821904046,617.443952180085,840.507456115851,0.0,82.54616735981897,82.54616735981897,60.0,0.0,60.0,60.0,12.0,12.0,12.0,19.0,12.0,12.0,21.0,10.0,0.0,0.0,0.0,0.0,0.0,0.0,0.0,0.0,0.0,0.0,0.0,0.0,0.0,82.54616735981897,82.54616735981897,0.0,0.0,0.0,82.54616735981897,0.0,0.0,0.0020633333333333334 
 03/11  03:40:00,2.9366666666666667,94.0,3.3233333333333334,0.0,0.0,0.0,0.0,0.0,2.0,2.0,0.0,0.0,0.0,0.0,0.0,389.0,0.0,0.0,0.0,0.0,0.0,0.0,0.0,0.0,0.0,0.0,0.0,17.73570554744081,-193.32719373660349,18.006470526144154,-27.267902141086894,17.58782816117896,-11.366617128038343,17.53341543430537,-145.49785665766377,17.104519956684837,-7.534848870143634,18.48847898752281,-40.42292926441411,16.60920049140919,-65.39687249176132,14.086487121660085,-244.10101925411437,16.515114169859126,-71.37078134523051,395.7645583928261,707.3251738217091,0.0,0.0,0.0,0.0,0.0,0.0,0.0,0.0,0.0,0.0,0.0,0.0,0.0,0.0,0.0,0.0,0.0,0.0,0.0,0.0,0.0,0.0,1.5887799032847876,0.4849755504532319,163.24080616299308,199.1264764773187,4853.015950638934,0.2875115865958633,0.043881499785693427,12.342135871423907,15.03004109783426,383.86002514053129,3.178302698439966,0.6005862997807949,232.92531775690453,283.97982866702258,7015.101613507315,0.30509839306406696,0.057652757570685348,107.16405995609186,130.684929655555,3181.5206219215658,0.0,0.0,5.823757546911923,7.106838016191045,169.80396243327272,0.0,0.0,11.232505186984767,13.632968502836797,362.3557792593364,0.0,0.0,76.0929503737947,93.0726056569542,2121.6678010985986,0.0,0.0,51.78432467556779,63.99017148145076,1139.1365681829798,0.0,0.0,17.175398808786765,20.9936113084273,484.8026543525251,27.737065701120828,19.024050549465593,235.34465904221845,287.86308254689956,7334.33259898214,0.0,0.0,60.647026292417468,75.55994956445338,1048.403810491805,0.0,17.22720878562686,37.22866400761336,22.0,30.0,0.0,17.713566114944656,36.1442156944171,12.0,30.0,0.0,17.364675075192097,37.18880892040519,22.0,30.0,0.0,17.309645782817744,37.04270334517864,12.0,30.0,0.0,17.06198209995328,38.514538230457919,12.0,30.0,0.0,18.653165650942968,34.675019948681399,12.0,30.0,0.0,16.413513739836973,39.72306471551212,10.0,30.0,0.0,13.455718833755876,48.38940227650604,12.0,30.0,0.0,16.588118582676164,39.72201680013453,20.0,30.0,0.0,16.440996185012897,0.0,0.0,0.0,11.117702329572202,0.0,0.0,490.9024613044688,492.2903517072354,510.5607018818319,495.32857914971927,558.5284915777935,874.401160296787,548.3115402133739,623.2650244474029,826.2254128662254,0.0,82.54616735981897,82.54616735981897,60.0,0.0,60.0,60.0,12.0,12.0,12.0,19.0,12.0,12.0,21.0,10.0,0.0,0.0,0.0,0.0,0.0,0.0,0.0,0.0,0.0,0.0,0.0,0.0,0.0,82.54616735981897,82.54616735981897,0.0,0.0,0.0,82.54616735981897,0.0,0.0,0.0020599999999999999 
 03/11  03:50:00,2.9233333333333335,94.0,3.3216666666666665,0.0,0.0,0.0,0.0,0.0,2.0,2.0,0.0,0.0,0.0,0.0,0.0,778.0,0.0,0.0,0.0,0.0,0.0,0.0,0.0,0.0,0.0,0.0,0.0,17.7635075132593,-90.65190335035777,17.902064615464334,-244.43126693034828,17.50990425561128,-106.14604772853136,17.513320900550974,-73.73987398217105,17.058790560119726,-6.818259251539388,18.43607523820615,-39.18675192690179,16.548079812607094,-83.95981622384011,14.017442401473558,-251.3071367540233,16.495803994253629,-73.2547076786866,407.22285923004577,714.5955168004507,0.0,0.0,0.0,0.0,0.0,0.0,0.0,0.0,0.0,0.0,0.0,0.0,0.0,0.0,0.0,0.0,0.0,0.0,0.0,0.0,0.0,0.0,1.5769232013495256,0.48135628856823128,205.72559400199118,251.35435406245143,6178.019376716482,0.2760970308616594,0.04213935147461224,112.19800228161835,137.20008647357165,3373.7175052314198,3.1060101754681996,0.5869255811542329,160.0810945008778,195.48102863458548,4823.019628467496,0.3049892980699207,0.05763214249242642,81.88536683969062,100.01069237726316,2438.574770229702,0.0,0.0,5.718677077798264,6.991999148064074,166.4074824069704,0.0,0.0,11.524646286340613,14.015802880630272,370.9904300415987,0.0,0.0,73.27508186241637,89.8054544861213,2034.6669936984818,0.0,0.0,52.11009312216092,64.52616042274198,1140.716465268879,0.0,0.0,17.874957972467838,21.88957580093166,504.3566113485661,27.683218077643074,18.987118023074815,245.08374548897036,300.3901288761019,7608.412621612761,0.0,0.0,60.910286920258389,76.04732233666326,1044.9747287315868,0.0,17.375783840997117,36.887491056577619,22.0,30.0,0.0,17.544342042596847,36.44423908710297,12.0,30.0,0.0,17.265084563628123,37.223378321142849,22.0,30.0,0.0,17.335737164491,37.06408995676985,12.0,30.0,0.0,17.02258506372202,38.51558208195526,12.0,30.0,0.0,18.608050460793387,34.6794582208027,12.0,30.0,0.0,16.3446271943025,39.72007049502797,10.0,30.0,0.0,13.391518125888214,48.46218899869779,12.0,30.0,0.0,16.572491854431097,39.66524516818278,20.0,30.0,0.0,16.430337915188639,0.0,0.0,0.0,11.042067975850359,0.0,0.0,493.17022566012869,489.4316557661091,502.38213689019258,503.16289927161338,555.5944330995146,866.4412300169413,546.3796536254224,625.5134876104119,820.851699380263,0.0,82.54616735981897,82.54616735981897,60.0,0.0,60.0,60.0,12.0,12.0,12.0,19.0,12.0,12.0,21.0,10.0,0.0,0.0,0.0,0.0,0.0,0.0,0.0,0.0,0.0,0.0,0.0,0.0,0.0,82.54616735981897,82.54616735981897,0.0,0.0,0.0,82.54616735981897,0.0,0.0,0.0020599999999999999 
 03/11  04:00:00,2.91,94.0,3.32,0.0,0.0,0.0,0.0,0.0,2.0,2.0,0.0,0.0,0.0,0.0,0.0,389.0,0.0,0.0,0.0,0.0,0.0,0.0,0.0,0.0,0.0,0.0,0.0,17.803091656855448,-1.7373346117792608,17.753876533001553,-358.3223272902178,17.47807788455213,-59.757462095164559,17.51452079980487,-1.54675462191328,17.00146146747104,-6.0652136792706419,18.370102803386737,-38.27924545869598,16.477315009272208,-89.11679861136418,13.933280487261527,-246.5187924698871,16.469155577627256,-74.14585734168736,345.50830108212178,722.7160432306787,0.0,0.0,0.0,0.0,0.0,0.0,0.0,0.0,0.0,0.0,0.0,0.0,0.0,0.0,0.0,0.0,0.0,0.0,0.0,0.0,0.0,0.0,1.5780501886047656,0.4817003017719065,184.48892282683688,224.822881028199,5596.587919025244,0.2728700732267544,0.041646836573069969,180.97389647602913,220.69645531383225,5379.631397119149,3.0716780657407916,0.5804380320749797,31.8435148933,38.83891381765148,1032.7453976952243,0.30208315937311555,0.05708298552024101,2.79842911534379,3.4117943450583239,92.43963980157862,0.0,0.0,5.560144383354044,6.7880070792161739,161.31565764663416,0.0,0.0,11.70420909007213,14.212244221276612,375.54566346213758,0.0,0.0,71.72105443913535,87.7791948181518,1981.693684715262,0.0,0.0,52.30810652525332,64.67702409101588,1136.9349292714058,0.0,0.0,18.433209557204458,22.536043020251069,519.7267313289491,27.596830859776945,18.927867530711216,152.57156737877507,186.80181288223725,4937.774723213453,0.0,0.0,61.07302928177379,76.13458685575003,1040.6552598173069,0.0,17.52377105737938,36.498800479878777,22.0,30.0,0.0,17.320749712186954,36.9018263536503,12.0,30.0,0.0,17.268285222167873,37.164547525737237,22.0,30.0,0.0,17.388706931866488,36.85312468001518,12.0,30.0,0.0,16.96016309997971,38.51307717786871,12.0,30.0,0.0,18.535451809290213,34.694903088734758,12.0,30.0,0.0,16.25743960011786,39.8243565326699,10.0,30.0,0.0,13.297406060181056,48.64426751524918,12.0,30.0,0.0,16.54392105230402,39.58327029276669,20.0,30.0,0.0,16.173253783352224,0.0,0.0,0.0,10.96904871293657,0.0,0.0,491.7741831066056,489.9474360508249,511.32808258640997,508.6349854530133,551.5632540531638,855.2496949602014,546.0644278106539,626.574176836351,812.2438868031126,0.0,82.54616735981897,82.54616735981897,60.0,0.0,60.0,60.0,12.0,12.0,12.0,19.0,12.0,12.0,21.0,10.0,0.0,0.0,0.0,0.0,0.0,0.0,0.0,0.0,0.0,0.0,0.0,0.0,0.0,82.54616735981897,82.54616735981897,0.0,0.0,0.0,82.54616735981897,0.0,0.0,0.0020599999999999999 
 03/11  04:10:00,2.9000000000000005,94.00000000000002,3.333333333333333,0.0,0.0,0.0,0.0,0.0,2.0,2.0,0.0,0.0,0.0,0.0,0.0,1167.0,0.0,0.0,0.0,0.0,0.0,0.0,0.0,0.0,0.0,0.0,0.0,17.645494736238278,-151.66438222007657,17.72758149092671,-161.14686991718586,17.43543417523866,-63.08970201645177,17.454661854499336,-132.67500175695478,16.9561525719518,-7.862441811021654,18.318217775175403,-42.6051501155099,16.43686683554575,-81.1344979770794,13.866989610098999,-255.04101091444637,16.445846733112444,-78.71232186800353,386.7330482013288,726.5259538234916,0.0,0.0,0.0,0.0,0.0,0.0,0.0,0.0,0.0,0.0,0.0,0.0,0.0,0.0,0.0,0.0,0.0,0.0,0.0,0.0,0.0,0.0,1.581861697431891,0.4828637660048508,183.16426373955464,224.1062839700284,5451.569067333196,0.293489037018119,0.04479380906869949,114.3882440612456,139.8089627776451,3415.709602461703,3.0570460713206399,0.5776731049358732,125.54122932511864,153.5503020538345,3801.3877069346228,0.29599209493222747,0.05593199072793412,58.557826995059368,71.59317065573211,1743.6389636407205,0.0,0.0,5.95420390886518,7.28868759474699,172.37272584691849,0.0,0.0,11.657660619287674,14.192526554405149,373.1603986998025,0.0,0.0,74.30581208000145,91.17903351140027,2050.3379641800167,0.0,0.0,52.750842190489027,65.40012901985102,1140.956794107572,0.0,0.0,19.483585947309849,23.88061443660939,548.7826846517696,27.52931031495438,18.881557143315768,202.0525113155357,247.9841406586671,6351.869933316133,0.0,0.0,61.48750987990216,76.86088738147234,1039.5818051823115,0.0,17.247131988243276,37.07021635312736,22.0,30.0,0.0,17.36851412550345,36.75900019933483,12.0,30.0,0.0,17.245849656704296,37.13801488307743,22.0,30.0,0.0,17.30209840537427,36.89551611466009,12.0,30.0,0.0,16.92185455352729,38.52204248013829,12.0,30.0,0.0,18.490874034741997,34.72896937377746,12.0,30.0,0.0,16.23161336932896,39.826555938766379,10.0,30.0,0.0,13.23770144004886,48.715523668410309,12.0,30.0,0.0,16.523451933578018,39.54710734100466,20.0,30.0,0.0,16.26575804480132,0.0,0.0,0.0,10.896703018677105,0.0,0.0,493.4864238148924,489.96651720074507,505.44391321310527,493.81333450963157,550.0311982249098,852.4812480250939,545.4671265264025,627.8925381377694,805.816673645162,0.0,82.54616735981897,82.54616735981897,60.0,0.0,60.0,60.0,12.0,12.0,12.0,19.0,12.0,12.0,21.0,10.0,0.0,0.0,0.0,0.0,0.0,0.0,0.0,0.0,0.0,0.0,0.0,0.0,0.0,82.54616735981897,82.54616735981897,0.0,0.0,0.0,82.54616735981897,0.0,0.0,0.00206 
 03/11  04:20:00,2.8900000000000007,94.0,3.3466666666666669,0.0,0.0,0.0,0.0,0.0,2.0,2.0,0.0,0.0,0.0,0.0,0.0,389.0,0.0,0.0,0.0,0.0,0.0,0.0,0.0,0.0,0.0,0.0,0.0,17.50164002862731,-190.8331249321368,17.750657470667848,-26.478879417045677,17.3826263235957,-44.498393357805529,17.405377157539765,-53.14201820281073,16.894585958411864,-7.983276878200627,18.247561729063287,-42.154609025265418,16.38113282966078,-72.01602005883479,13.780541011006049,-248.81081245610177,16.412013377724628,-79.76315003002469,279.89552936894099,734.0251965702107,0.0,0.0,0.0,0.0,0.0,0.0,0.0,0.0,0.0,0.0,0.0,0.0,0.0,0.0,0.0,0.0,0.0,0.0,0.0,0.0,0.0,0.0,1.5761063541749472,0.4811069457188484,109.09400142441118,133.18618928080978,3227.2222331626969,0.2927974555756286,0.04468825634548666,9.704936142112281,11.829985936212069,300.30873976004906,3.0777417967241957,0.581583861814852,98.37798594749309,120.03105011386066,2992.505227865538,0.3018470164386286,0.05703836289467659,26.56315410241036,32.40342148249062,795.6187803854326,0.0,0.0,5.992263951359281,7.3192744914037199,172.83794536869224,0.0,0.0,11.698286366896938,14.213038262126619,373.0062540824851,0.0,0.0,76.10930743998584,93.18663668585188,2094.0516716752006,0.0,0.0,53.032671161736157,65.61791529000256,1138.0080801705727,0.0,0.0,19.872802583222108,24.30439862476209,558.834219042491,27.39533790968562,18.78966934820688,98.71895028199543,121.01276368842923,3383.422288820472,0.0,0.0,61.75460891730912,77.03278106987384,1036.926449162438,0.0,17.03268150799204,37.48322822038767,22.0,30.0,0.0,17.480594732317717,36.39985103031263,12.0,30.0,0.0,17.203550213995677,37.163098294236707,22.0,30.0,0.0,17.264746078847727,36.93541723642526,12.0,30.0,0.0,16.85161185788715,38.553978239269309,12.0,30.0,0.0,18.40947529667648,34.786438390021967,12.0,30.0,0.0,16.17599381201659,39.919387938316777,10.0,30.0,0.0,13.13830070008125,48.89328854975995,12.0,30.0,0.0,16.483827438756788,39.496746976164157,20.0,30.0,0.0,15.8583031634288,0.0,0.0,0.0,10.826348884114044,0.0,0.0,496.96438318663356,485.7683593391541,503.8200092736716,501.3942594266064,549.0530122679631,846.8559905605814,549.3973170373533,629.9820501676616,797.20860204206,0.0,82.54616735981897,82.54616735981897,60.0,0.0,60.0,60.0,12.0,12.0,12.0,19.0,12.0,12.0,21.0,10.0,0.0,0.0,0.0,0.0,0.0,0.0,0.0,0.0,0.0,0.0,0.0,0.0,0.0,82.54616735981897,82.54616735981897,0.0,0.0,0.0,82.54616735981897,0.0,0.0,0.0020599999999999999 
 03/11  04:30:00,2.88,94.0,3.36,0.0,0.0,0.0,0.0,0.0,2.0,2.0,0.0,0.0,0.0,0.0,0.0,778.0,0.0,0.0,0.0,0.0,0.0,0.0,0.0,0.0,0.0,0.0,0.0,17.51894043204775,-84.98037502616399,17.621559328759245,-274.2382254470924,17.336020444332229,-51.73478233747119,17.339925490003645,-98.81897394456758,16.847792714826804,-7.470141352839548,18.194537894247298,-41.56998303263225,16.314675645026449,-91.29516085133219,13.713997313189755,-253.86897028667534,16.385279688277099,-81.51527425669144,334.56699892757686,737.5445793123307,0.0,0.0,0.0,0.0,0.0,0.0,0.0,0.0,0.0,0.0,0.0,0.0,0.0,0.0,0.0,0.0,0.0,0.0,0.0,0.0,0.0,0.0,1.5682619677305505,0.47871244436219498,197.97219878748423,242.13861779981847,5884.207969720847,0.283066964574123,0.0432031386712642,116.5267031068489,142.59974155168863,3451.5095234004209,3.0443582568814815,0.575275558745556,70.22965629614628,85.87501450113985,2157.805863265312,0.2967350174455218,0.0560723766903858,65.74376551817176,80.38781383308498,1945.1802625299814,0.0,0.0,5.867717862267087,7.1809188714125729,168.85837327185795,0.0,0.0,11.95095405759157,14.549529866247422,380.1510198292064,0.0,0.0,72.57820022546859,89.04343821262467,1986.7893260101737,0.0,0.0,53.207537406508027,65.9709399726481,1136.0722665186405,0.0,0.0,20.9968039924595,25.72943168124389,589.7394395423296,27.262036508732764,18.69824177553688,165.35138146869299,203.05438017446145,5256.393952697523,0.0,0.0,61.849243607156207,77.3128755663922,1030.8333725487738,0.0,17.16139805708388,37.138859240150079,22.0,30.0,0.0,17.262200815774678,36.84145502931257,12.0,30.0,0.0,17.17137270877695,37.182012077609218,22.0,30.0,0.0,17.178632100067135,37.08631051314747,12.0,30.0,0.0,16.811242466438594,38.58273425009447,12.0,30.0,0.0,18.36326333219227,34.823693850148519,12.0,30.0,0.0,16.09795381519789,40.02917290653328,10.0,30.0,0.0,13.077307230997251,48.99977599613503,12.0,30.0,0.0,16.459568767286194,39.476631712287147,20.0,30.0,0.0,15.995167264372729,0.0,0.0,0.0,10.757248999999927,0.0,0.0,493.12737819448,486.948889443015,507.73073778436238,498.0568789779678,548.7266148347437,842.8093034929261,550.6292177632064,631.46701262535,791.7030910654495,0.0,82.54616735981897,82.54616735981897,60.0,0.0,60.0,60.0,12.0,12.0,12.0,19.0,12.0,12.0,21.0,10.0,0.0,0.0,0.0,0.0,0.0,0.0,0.0,0.0,0.0,0.0,0.0,0.0,0.0,82.54616735981897,82.54616735981897,0.0,0.0,0.0,82.54616735981897,0.0,0.0,0.0020599999999999999 
 03/11  04:40:00,2.87,94.0,3.373333333333333,0.0,0.0,0.0,0.0,0.0,2.0,2.0,0.0,0.0,0.0,0.0,0.0,778.0,0.0,0.0,0.0,0.0,0.0,0.0,0.0,0.0,0.0,0.0,0.0,17.373189888526203,-107.99876571538562,17.58234680493012,-257.97444897656217,17.267611494414937,-67.42139049237426,17.29853056466778,-124.43835883887846,16.7935014202626,-7.872208101920307,18.132715716773114,-43.04558136543048,16.25227536773608,-103.38178829065783,13.635089258273713,-257.49156283647769,16.35216573316663,-84.01338821504612,386.3642758617775,739.2098436609168,0.0,0.0,0.0,0.0,0.0,0.0,0.0,0.0,0.0,0.0,0.0,0.0,0.0,0.0,0.0,0.0,0.0,0.0,0.0,0.0,0.0,0.0,1.5691600027927367,0.47898656983905277,281.15305572137239,343.8176411353554,8226.232058558224,0.28380330943180978,0.04331552341755339,174.35614405404386,213.00796288662617,5165.475492597825,2.9999138927394686,0.566877152823029,101.87977749897246,124.54814120176784,3075.4544116453309,0.2902769066151093,0.0548520231698997,101.12239999636262,123.6117873692803,2982.26099528965,0.0,0.0,6.021947763098101,7.373123041944179,172.78538582345164,0.0,0.0,12.095490476954807,14.728876469536078,383.50179093673696,0.0,0.0,71.03706758696049,87.20224561138855,1937.0805099810937,0.0,0.0,53.45192089087071,66.2987691469078,1133.2405296382813,0.0,0.0,22.790638330128276,27.93010177313098,639.0049781453369,27.073520308161635,18.568943969932538,257.05942797796106,315.281400724791,7790.671547864,0.0,0.0,62.01460106213365,77.5450298919865,1025.8043161948349,0.0,16.93937859118591,37.58233397582349,22.0,30.0,0.0,17.261726010572649,36.72945444000241,12.0,30.0,0.0,17.096556865753337,37.296948998315119,22.0,30.0,0.0,17.14917484016182,37.042336511549347,12.0,30.0,0.0,16.755978582465209,38.60932064523131,12.0,30.0,0.0,18.299172800948907,34.874302290995519,12.0,30.0,0.0,16.02862048857856,40.081204310857078,10.0,30.0,0.0,12.99167517657699,49.10633962978227,12.0,30.0,0.0,16.423661213298826,39.43801065326861,20.0,30.0,0.0,16.134269424061388,0.0,0.0,0.0,10.685344273394165,0.0,0.0,493.7393197563562,482.49726744354879,511.5224377136457,497.08787129709369,549.01656556633,839.9934807607572,552.9913481904484,635.0268105471388,783.322408906607,0.0,82.54616735981897,82.54616735981897,60.0,0.0,60.0,60.0,12.0,12.0,12.0,19.0,12.0,12.0,21.0,10.0,0.0,0.0,0.0,0.0,0.0,0.0,0.0,0.0,0.0,0.0,0.0,0.0,0.0,82.54616735981897,82.54616735981897,0.0,0.0,0.0,82.54616735981897,0.0,0.0,0.0020599999999999999 
 03/11  04:50:00,2.86,94.0,3.3866666666666669,0.0,0.0,0.0,0.0,0.0,2.0,2.0,0.0,0.0,0.0,0.0,0.0,1167.0,0.0,0.0,0.0,0.0,0.0,0.0,0.0,0.0,0.0,0.0,0.0,17.405952865313908,-100.99639111200797,17.463685783449294,-207.4546081018343,17.209232401945408,-91.1071363818593,17.23051236548267,-44.79489162715611,16.742602555146254,-8.389462717201777,18.075097928654008,-44.50058358608477,16.179356407688269,-90.53694046552853,13.565074378903747,-255.083539131571,16.321039925343315,-86.49766994849091,327.340620361688,742.7272415788634,0.0,0.0,0.0,0.0,0.0,0.0,0.0,0.0,0.0,0.0,0.0,0.0,0.0,0.0,0.0,0.0,0.0,0.0,0.0,0.0,0.0,0.0,1.5586722289835278,0.4757851736823959,188.0018830391785,230.12345790348724,5555.277801236054,0.28701254311971399,0.043805333198979588,114.40857337787617,140.03668517270899,3365.7606304968514,3.026618379368913,0.5719233521105284,60.66418044155205,74.26815063486262,1862.7470220456788,0.2935542029451106,0.055471315749265077,45.539469591545287,55.79278270195212,1341.7139570213427,0.0,0.0,5.95521962037322,7.296414598163272,170.41407761991085,0.0,0.0,12.279158584195999,14.965704843216848,388.232454984217,0.0,0.0,72.21372243652606,88.71331739058138,1957.8304734507024,0.0,0.0,53.49707534070278,66.41319246973865,1127.9494392453744,0.0,0.0,22.856598824621437,28.034823509893543,639.9127957151438,26.978132501110325,18.50352023395772,150.96273902978357,185.53633651866594,4808.923525225381,0.0,0.0,62.043918441766859,77.64934861256255,1019.2982881238831,0.0,17.06425625368628,37.214749654628857,22.000000000000019,30.00000000000002,0.0,17.10978381531325,36.963155224545747,12.00000000000001,30.00000000000002,0.0,17.04341376345687,37.314427373469609,22.000000000000019,30.00000000000002,0.0,17.077031573920917,37.1256193280323,12.00000000000001,30.00000000000002,0.0,16.70766525364858,38.638350824305629,12.00000000000001,30.00000000000002,0.0,18.243424669436956,34.91833964901936,12.00000000000001,30.00000000000002,0.0,15.943652756765374,40.23148627897736,10.000000000000007,30.00000000000002,0.0,12.923946962771172,49.24408089539242,12.00000000000001,30.00000000000002,0.0,16.392809456818076,39.411500120564628,20.000000000000015,30.00000000000002,0.0,15.912843026006407,0.0,0.0,0.0,10.620429552412315,0.0,0.0,492.7943344209135,476.7557287410459,508.44596093721466,490.1715163244355,548.6224975553404,834.877848716357,553.194284478287,638.524777009753,776.5531676525486,0.0,82.54616735981904,82.54616735981904,60.00000000000004,0.0,60.00000000000004,60.00000000000004,12.0,12.0,12.0,19.0,12.0,12.0,21.0,10.0,0.0,0.0,0.0,0.0,0.0,0.0,0.0,0.0,0.0,0.0,0.0,0.0,0.0,82.54616735981904,82.54616735981904,0.0,0.0,0.0,82.54616735981904,0.0,0.0,0.0020633333333333339 
 03/11  05:00:00,2.85,94.0,3.4,0.0,0.0,0.0,0.0,0.0,2.0,2.0,0.0,0.0,0.0,0.0,0.0,389.0,0.0,0.0,0.0,0.0,0.0,0.0,0.0,0.0,0.0,0.0,0.0,17.36445747382823,-66.15404359703098,17.417538781844418,-158.4198911297408,17.141873061702378,-36.25946341601593,17.11934420179356,-190.0720929150707,16.67981721168161,-8.693423942690714,18.004275959906559,-44.53505138948134,16.126510538105366,-81.84137782718244,13.485483132144509,-249.43611605586103,16.280231459961756,-88.21618178097629,329.683487845592,748.7556096370395,0.0,0.0,0.0,0.0,0.0,0.0,0.0,0.0,0.0,0.0,0.0,0.0,0.0,0.0,0.0,0.0,0.0,0.0,0.0,0.0,0.0,0.0,1.56109532236802,0.4765248236776618,85.64677702294982,104.58149837906223,2553.3969548692618,0.2927099853227717,0.04467490618479422,62.43020118916771,76.22204829932699,1841.4395794210187,3.0567946088975437,0.5776255874711913,139.0179753581406,169.78923159369954,4139.83359721502,0.2913519581854804,0.05505516972514745,88.43321957699885,108.04068521225669,2571.4075547610639,0.0,0.0,5.977805845511792,7.308920595022324,170.41057786453644,0.0,0.0,12.240881390018794,14.888722944238213,385.47801094238886,0.0,0.0,73.77495627527576,90.43866854954676,1995.316105868887,0.0,0.0,53.73233311089131,66.57041927417524,1124.958004953662,0.0,0.0,22.505782051289175,27.545067139357099,628.6305160680281,26.87720249284234,18.434295262580489,141.532509547839,173.52841675005474,4536.479202147769,0.0,0.0,62.262076828263989,77.75909858230486,1016.4212727711397,0.0,17.04859683363839,37.0888011284697,22.0,30.0,0.0,17.08884973078182,36.96690101285495,12.0,30.0,0.0,16.97663228096399,37.408005555303997,22.0,30.0,0.0,16.89694417112957,37.43451619283499,12.0,30.0,0.0,16.635933380365786,38.69650852948647,12.0,30.0,0.0,18.161507842731124,34.98597865562264,12.0,30.0,0.0,15.89478461130039,40.289286942316028,10.0,30.0,0.0,12.836036965432607,49.424915729109368,12.0,30.0,0.0,16.34366556454466,39.42251330859277,20.0,30.0,0.0,15.869144073779717,0.0,0.0,0.0,10.556335798317223,0.0,0.0,482.96267939657658,477.08371223239348,502.04558473035487,479.27378854266,549.8630682723073,830.4126523453816,553.6492381151074,641.0296477181001,777.1807685508968,0.0,82.54616735981897,82.54616735981897,60.0,0.0,60.0,60.0,12.0,12.0,12.0,19.0,12.0,12.0,21.0,10.0,0.0,0.0,0.0,0.0,0.0,0.0,0.0,0.0,0.0,0.0,0.0,0.0,0.0,82.54616735981897,82.54616735981897,0.0,0.0,0.0,82.54616735981897,0.0,0.0,0.0020666666666666665 
 03/11  05:10:00,2.8733333333333337,94.00000000000002,3.411666666666667,0.0,0.0,0.0,0.0,0.0,2.0,2.0,0.0,0.0,0.0,0.0,0.0,389.0,0.0,0.0,0.0,0.0,0.0,0.0,0.0,0.0,0.0,0.0,0.0,17.287530813945215,-93.9880265559973,17.36348981757315,-181.5345699456375,17.079537050555439,-59.46203569772797,17.12989235707375,-5.283789164182963,16.625575127846767,-8.559299800822828,17.944629707604393,-43.5397221913467,16.083838465912309,-77.40003672877674,13.416584791668518,-250.27022511280348,16.244744193138819,-89.48831917162579,254.46876165173036,753.7336793850004,0.0,0.0,0.0,0.0,0.0,0.0,0.0,0.0,0.0,0.0,0.0,0.0,0.0,0.0,0.0,0.0,0.0,0.0,0.0,0.0,0.0,0.0,1.5320136904458144,0.46764764665623156,118.05214622599249,144.20365385015368,3474.002432023174,0.28542192762755089,0.04356256526672022,75.0925412571772,91.70063227512995,2202.52224885818,3.0571632272983426,0.5776952432536553,88.94838768864071,108.66807542124598,2665.0878465008356,0.3040978080809642,0.05746368255498188,94.64497082639615,115.59260001833252,2765.576378572243,0.0,0.0,6.035006279891886,7.380678134179619,171.11256650651263,0.0,0.0,12.175638488264989,14.81328796171651,381.4312085897371,0.0,0.0,75.9686175461169,93.1442995904223,2046.2901808771367,0.0,0.0,54.07625872791937,67.01642839069297,1122.1294349833564,0.0,0.0,22.54200409761908,27.594561340760995,626.9102485948863,26.77311218131435,18.362902730668286,92.98751393313158,114.13322857949157,3150.9628213923444,0.0,0.0,62.580638409999298,78.17799503048974,1010.8517733730431,0.0,16.955833898200117,37.31037916251636,22.0,30.0,0.0,17.042004811132008,37.081401796332119,12.0,30.0,0.0,16.912972408139497,37.44418421840835,22.0,30.0,0.0,16.994639370829146,37.36129432717254,12.0,30.0,0.0,16.58156319404522,38.76005432179605,12.0,30.0,0.0,18.101356856730097,35.05820207452025,12.0,30.0,0.0,15.862999206042442,40.2521671661656,10.0,30.0,0.0,12.767925726635696,49.555960420633507,12.0,30.0,0.0,16.306016739650038,39.45624017506324,20.0,30.0,0.0,15.576361486366592,0.0,0.0,0.0,10.496100522243492,0.0,0.0,487.6015197669831,487.2997805289458,495.8755838304633,504.63530974916736,550.883937185186,829.5784841499055,545.987854787592,640.3805102952808,778.151105616836,0.0,82.54616735981897,82.54616735981897,60.0,0.0,60.0,60.0,12.0,12.0,12.0,19.0,12.0,12.0,21.0,10.0,0.0,0.0,0.0,0.0,0.0,0.0,0.0,0.0,0.0,0.0,0.0,0.0,0.0,82.54616735981897,82.54616735981897,0.0,0.0,0.0,82.54616735981897,0.0,0.0,0.00207 
 03/11  05:20:00,2.896666666666667,94.0,3.423333333333334,0.0,0.0,0.0,0.0,0.0,2.0,2.0,0.0,0.0,0.0,0.0,0.0,389.0,0.0,0.0,0.0,0.0,0.0,0.0,0.0,0.0,0.0,0.0,0.0,17.293489212475138,-25.498058011701234,17.25850393504671,-262.2803949325735,17.0288737613522,-41.351446162914729,17.00950460365124,-191.81724169699829,16.571980132661268,-7.965311106348111,17.885813029601004,-42.592535416446427,16.02396405499746,-87.09068357152865,13.347524534281764,-250.57639177672423,16.20885393431829,-90.61054929623788,335.96596358071477,760.2870349302741,0.0,0.0,0.0,0.0,0.0,0.0,0.0,0.0,0.0,0.0,0.0,0.0,0.0,0.0,0.0,0.0,0.0,0.0,0.0,0.0,0.0,0.0,1.5441477055841136,0.47135155848110918,100.32887240137129,122.52586953254311,2970.8555909507856,0.2849734057565893,0.04349410954770899,96.32408533917276,117.69538603680209,2790.8324533568959,3.0241232297126134,0.5714518574664804,124.3452739062262,151.93701877292149,3674.107705239411,0.2895712563090719,0.054718680330512439,77.26003336019832,94.43697539175793,2223.5773743411789,0.0,0.0,5.924555150637151,7.247366266387557,167.08511393643614,0.0,0.0,12.15169562174971,14.788001396492044,378.7276453795905,0.0,0.0,73.8522696709962,90.57498315722337,1976.0031906979164,0.0,0.0,54.34040808754072,67.36386663636681,1117.4383072128854,0.0,0.0,22.591698060193708,27.660646666849695,625.5474649887005,26.73676801234875,18.33797531711163,145.58611104664815,178.55702018675923,4603.467714040672,0.0,0.0,62.79109940273707,78.4612486068299,1003.9431173526565,0.0,17.036597065398668,37.11444640144548,22.0,30.0,0.0,16.89681329562984,37.28155952229807,12.0,30.0,0.0,16.8754031066255,37.603702076591918,22.0,30.0,0.0,16.787376967695765,37.556881815309939,12.0,30.0,0.0,16.52859283705192,38.80888995021663,12.0,30.0,0.0,18.04272038594651,35.125381812109917,12.0,30.0,0.0,15.7958840359901,40.40498097381629,10.0,30.0,0.0,12.699004513465214,49.70319438702047,12.0,30.0,0.0,16.268242642751,39.477001555682218,20.0,30.0,0.0,15.8040452591032,0.0,0.0,0.0,10.439774932516596,0.0,0.0,492.64750552910518,467.85412495988757,505.70038350486427,469.64058458757929,549.3900897005736,828.6937734868122,550.6351957534703,636.589908698271,777.11442710676,0.0,82.54616735981897,82.54616735981897,60.0,0.0,60.0,60.0,12.0,12.0,12.0,19.0,12.0,12.0,21.0,10.0,0.0,0.0,0.0,0.0,0.0,0.0,0.0,0.0,0.0,0.0,0.0,0.0,0.0,82.54616735981897,82.54616735981897,0.0,0.0,0.0,82.54616735981897,0.0,0.0,0.00207 
 03/11  05:30:00,2.92,94.0,3.435,0.0,0.0,0.0,0.0,0.0,2.0,2.0,0.0,0.0,0.0,0.0,0.0,1167.0,0.0,0.0,0.0,0.0,0.0,0.0,0.0,0.0,0.0,0.0,0.0,17.15478625626779,-128.08326100397529,17.226823192985074,-159.56638403968368,16.96060320669697,-90.89914055831268,16.993428499486144,-51.782372855057179,16.525847450355437,-8.55261062303401,17.83558359479587,-44.511217911845928,15.973820869787027,-94.28837183295534,13.286563098744243,-256.4130398044881,16.177675462786099,-93.7781234049758,323.21354047323458,760.6193006257954,0.0,0.0,0.0,0.0,0.0,0.0,0.0,0.0,0.0,0.0,0.0,0.0,0.0,0.0,0.0,0.0,0.0,0.0,0.0,0.0,0.0,0.0,1.5250116155660994,0.46551026116181296,159.63138450948817,195.68537782224326,4614.611888182905,0.2835371413652357,0.04327489947576857,97.59954718350288,119.52687964653934,2824.418354876587,2.991142274377412,0.5652196285671602,93.10327824515757,114.03850797665963,2752.3584321575219,0.29252217808247429,0.05527629971324152,59.30005558350349,72.67467241204658,1709.0079693399103,0.0,0.0,6.006964010585772,7.367457783650448,168.61992022472379,0.0,0.0,12.239629723951153,14.933037679674613,379.75369940745858,0.0,0.0,73.86919431214051,90.83433350333645,1965.6670481687664,0.0,0.0,54.563659223751589,67.81837577060743,1113.1516542687858,0.0,0.0,23.712448889136288,29.105421724048524,653.928949729745,26.583970584893053,18.233175984151616,151.36415481319814,186.16300883955274,4724.834989361852,0.0,0.0,62.95502572652229,78.87442563046327,995.2772588563481,0.0,16.81180196290587,37.57548944334423,21.999999999999994,29.99999999999999,0.0,16.91299298634968,37.26576187465422,11.999999999999995,29.99999999999999,0.0,16.800210359108364,37.67275480120896,21.999999999999994,29.99999999999999,0.0,16.831253633703378,37.59175076796892,11.999999999999995,29.99999999999999,0.0,16.490496683378667,38.852657231657619,11.999999999999995,29.99999999999999,0.0,18.000478507342604,35.17628193123302,11.999999999999995,29.99999999999999,0.0,15.749762627269435,40.462628966050449,9.999999999999997,29.99999999999999,0.0,12.645831876393534,49.76855856402508,11.999999999999995,29.99999999999999,0.0,16.240482199386947,39.48957947893608,19.999999999999994,29.99999999999999,0.0,15.744510455841237,0.0,0.0,0.0,10.378855030406277,0.0,0.0,485.614266207451,473.3470058268763,498.5421106782121,492.5973996363985,549.2816654338255,827.6856360820586,550.414838640286,635.754274394517,773.3330232522684,0.0,82.54616735981894,82.54616735981894,59.99999999999998,0.0,59.99999999999998,59.99999999999998,12.0,12.0,12.0,19.0,12.0,12.0,21.0,10.0,0.0,0.0,0.0,0.0,0.0,0.0,0.0,0.0,0.0,0.0,0.0,0.0,0.0,82.54616735981894,82.54616735981894,0.0,0.0,0.0,82.54616735981894,0.0,0.0,0.0020700000000000004 
 03/11  05:40:00,2.9433333333333335,94.0,3.446666666666667,0.0,0.0,0.0,0.0,0.0,2.0,2.0,0.0,0.0,0.0,0.0,0.0,778.0,0.0,0.0,0.0,0.0,0.0,0.0,0.0,0.0,0.0,0.0,0.0,17.081134488256887,-166.1781534028687,17.17814239405498,-109.15102703789064,16.89752828330561,-48.826981058846758,16.948316278795436,-70.62656994437774,16.469464984805258,-8.882378927020416,17.773885989244368,-44.85428520158355,15.909179314253136,-85.75656940397656,13.213603662293059,-254.027447792145,16.138425252716507,-95.34345632139648,298.004216851817,763.6938044924383,0.0,0.0,0.0,0.0,0.0,0.0,0.0,0.0,0.0,0.0,0.0,0.0,0.0,0.0,0.0,0.0,0.0,0.0,0.0,0.0,0.0,0.0,1.5155413944410774,0.4626194732726123,130.581353889674,159.89095103059766,3751.0817239227446,0.28276427941446727,0.04315694130257438,66.71327868280686,81.73976530855055,1923.4312855264707,2.9963835624825947,0.5662100458205964,82.53362568419482,101.02299311618572,2435.9329300184956,0.2902700624742659,0.054850729870420628,34.40574319635833,42.15729964310115,991.0476291043392,0.0,0.0,6.081659146604011,7.455712091206761,169.73943918944179,0.0,0.0,12.315044320605502,15.020644223912779,380.00126072949356,0.0,0.0,74.72424608411586,91.85019367489523,1974.3907774430155,0.0,0.0,54.681334906103618,67.94593541115813,1104.5290450667649,0.0,0.0,23.853744712045754,29.26842746954214,654.7419727252575,26.514038638481528,18.185211686201336,123.63477141944085,151.99344953374007,3940.730955178751,0.0,0.0,63.044206772464068,78.96018037385038,985.822394010326,0.0,16.73730731177214,37.70851714219387,22.000000000000008,30.00000000000001,0.0,16.87851004267714,37.33113230570678,12.000000000000004,30.00000000000001,0.0,16.74113665605644,37.781707810835829,22.000000000000008,30.00000000000001,0.0,16.786809778497159,37.58807991202255,12.000000000000004,30.00000000000001,0.0,16.432046202062247,38.92074017707462,12.000000000000004,30.00000000000001,0.0,17.935666650437129,35.255514531817528,12.000000000000004,30.00000000000001,0.0,15.678409207277582,40.57650210470543,10.000000000000004,30.00000000000001,0.0,12.56901062483297,49.935491575058069,12.000000000000004,30.00000000000001,0.0,16.1974395971027,39.5131713013423,20.000000000000008,30.00000000000001,0.0,15.616128325559519,0.0,0.0,0.0,10.317928913769908,0.0,0.0,481.78894044578149,474.7051146609242,498.7057819930866,481.6754642736006,549.1852115231304,825.1742409239676,546.2188528647994,637.913499028389,768.9525101986315,0.0,82.546167359819,82.546167359819,60.00000000000002,0.0,60.00000000000002,60.00000000000002,12.0,12.0,12.0,19.0,12.0,12.0,21.0,10.0,0.0,0.0,0.0,0.0,0.0,0.0,0.0,0.0,0.0,0.0,0.0,0.0,0.0,82.546167359819,82.546167359819,0.0,0.0,0.0,82.546167359819,0.0,0.0,0.00207 
 03/11  05:50:00,2.9666666666666674,94.0,3.4583333333333337,0.0,0.0,0.0,0.0,0.0,2.0,2.0,0.0,0.0,0.0,0.0,0.0,389.0,0.0,0.0,0.0,0.0,0.0,0.0,0.0,0.0,0.0,0.0,0.0,17.078928804706174,-5.735290541086215,17.03330155585071,-346.7595251296643,16.841853923528185,-49.292192308508678,16.858248953058138,-152.0980398691495,16.410590189256305,-6.883723912237542,17.709680986430184,-41.84200657458598,15.815320996020845,-112.7987761968543,13.140665006933024,-248.70589084123777,16.09733578115018,-92.69004203234124,354.01384451212837,766.9609635939767,0.0,0.0,0.0,0.0,0.0,0.0,0.0,0.0,0.0,0.0,0.0,0.0,0.0,0.0,0.0,0.0,0.0,0.0,0.0,0.0,0.0,0.0,1.5020132372289524,0.45848999915413687,244.6320947662012,299.01779912738086,7042.459010254315,0.2652825429378078,0.04048878860467152,169.4364413493479,207.23948487573618,4792.694431667815,2.912176528070972,0.5502979077987478,79.44741438575449,97.15494387395536,2334.4479411136019,0.2781271898885412,0.05255615833116801,74.29574660271665,90.86759560685607,2108.1265520018134,0.0,0.0,5.740902032965929,7.027831118670869,159.28937974892606,0.0,0.0,12.602205518389436,15.348255168581167,386.6513079092923,0.0,0.0,67.83376346032616,83.27882775558914,1772.1376168979455,0.0,0.0,54.51762750042561,67.64466988818103,1090.351972779105,0.0,0.0,26.036695524105715,31.897287045313868,711.2583353853798,26.386105523707955,18.09746606564332,215.74520033476234,264.66703123464989,6422.965044664759,0.0,0.0,62.78004203015785,78.5109100824479,971.3404580743102,0.0,16.828009443684679,37.490486021580277,22.0,30.0,0.0,16.639628810380356,37.94374504802916,12.0,30.0,0.0,16.6918262038103,37.84672413305535,22.0,30.0,0.0,16.653401389394668,37.910009224552137,12.0,30.0,0.0,16.368797657535237,38.988141620348077,12.0,30.0,0.0,17.865445228499806,35.340959466366317,12.0,30.0,0.0,15.548487076210109,40.88483783775712,10.0,30.0,0.0,12.49153852399238,50.10297652915941,12.0,30.0,0.0,16.15139113255621,39.52661480107362,20.0,30.0,0.0,15.780789848576849,0.0,0.0,0.0,10.259351872940956,0.0,0.0,483.4787705180494,485.71720979484936,495.91337312744136,485.43033913991106,545.9671583768604,818.9311721490991,553.5538740933416,637.6945131257687,756.1484814066112,0.0,82.54616735981897,82.54616735981897,60.0,0.0,60.0,60.0,12.0,12.0,12.0,19.0,12.0,12.0,21.0,10.0,0.0,0.0,0.0,0.0,0.0,0.0,0.0,0.0,0.0,0.0,0.0,0.0,0.0,82.54616735981897,82.54616735981897,0.0,0.0,0.0,82.54616735981897,0.0,0.0,0.0021033333333333335 
 03/11  06:00:00,2.99,94.0,3.47,0.0,0.0,0.0,0.0,0.0,2.0,2.0,0.0,0.0,0.0,0.0,0.0,778.0,0.0,0.0,0.0,0.0,0.0,0.0,0.0,0.0,0.0,0.0,0.0,16.923265064822865,-140.4292784979607,17.016042468485808,-137.05223560628589,16.78445747155603,-70.85870906984315,16.836557979497316,-64.72772303687975,16.361243933439533,-9.225265481912146,17.656250195479204,-46.85559588435248,15.774001343256647,-94.01959257839826,13.080949670989618,-252.7692983799692,16.06262666526687,-98.49766639404766,327.2360196231157,762.7083500648747,0.0,0.0,0.0,0.0,0.0,0.0,0.0,0.0,0.0,0.0,0.0,0.0,0.0,0.0,0.0,0.0,0.0,0.0,0.0,0.0,0.0,0.0,1.497471882015038,0.45710374908883946,216.0559164798556,264.7710233767075,6100.833352583528,0.28014024665582729,0.04275644790229354,120.5268061035853,147.6123555321658,3418.1884187404059,2.896319585376584,0.5473015089524915,75.59300475245303,92.60359118393862,2211.7140288247,0.2812691207564923,0.05314987164710737,62.138292769206518,76.12864374075373,1763.8837696571782,0.0,0.0,6.156038354651658,7.551662923106546,169.93768571874484,0.0,0.0,12.617297742454177,15.396971607952658,385.2103363472828,0.0,0.0,72.25632912444951,88.8858488150064,1880.7938396883815,0.0,0.0,54.54020423069666,67.80920319803409,1082.1034923314065,0.0,0.0,26.008990232947406,31.922997033608,707.3573971451924,26.293319336593549,18.033826705482548,177.79485904426373,218.55328256351104,5356.651039869135,0.0,0.0,62.78452588507334,78.67832995703623,959.6633574259664,0.0,16.55992650834718,38.12778244620246,22.0,30.0,0.0,16.70143283843703,37.77564200624548,12.0,30.0,0.0,16.63800461675107,37.9752850688603,22.0,30.0,0.0,16.675874860923387,37.85573492363705,12.0,30.0,0.0,16.324246344396099,39.05562886809582,12.0,30.0,0.0,17.816228139802413,35.425660667249378,12.0,30.0,0.0,15.526084061374269,40.895860595779158,10.0,30.0,0.0,12.439072386081929,50.20083615182679,12.0,30.0,0.0,16.11786986342305,39.56738098913103,20.0,30.0,0.0,15.665935132140393,0.0,0.0,0.0,10.194011870235663,0.0,0.0,486.2275590416516,481.0495380535111,499.1517536341175,488.4168838531468,546.599672949957,819.2824214721536,548.7509878088843,640.575381855084,755.0263881545226,0.0,82.54616735981897,82.54616735981897,60.0,0.0,60.0,60.0,12.0,12.0,12.0,19.0,12.0,12.0,21.0,10.0,0.0,0.0,0.0,0.0,0.0,0.0,0.0,0.0,0.0,0.0,0.0,0.0,0.0,82.54616735981897,82.54616735981897,0.0,0.0,0.0,82.54616735981897,0.0,0.0,0.0021366666666666667 
 03/11  06:10:00,3.0100000000000008,94.00000000000002,3.503333333333334,0.0,0.0,0.0,0.0,0.0,2.0,2.0,0.0,0.0,0.0,0.0,0.0,3900.0,0.0,0.0,0.0,0.0,0.0,0.0,0.0,0.0,0.0,0.0,0.0,18.097532777625469,-932.3438886517685,17.17829432284274,751.0811910810969,18.206420021840218,-2444.12057203964,17.09867485204608,905.533605837808,16.309621913675465,-13.658091933802583,18.555674623834368,-121.80809799847671,15.863612894401229,163.50275967313775,14.097610426007233,-363.0644835158617,17.612866612018004,-246.2001793268341,622.0833318906614,871.2658792455245,0.0,0.0,0.0,0.0,0.0,0.0,0.0,0.0,0.0,0.0,0.0,0.0,0.0,0.0,0.0,0.0,0.0,0.0,0.0,0.0,0.0,0.0,1.4550724581966717,0.444161312025846,380.4911702120093,463.6644628155845,12159.861399847234,0.37246761340360148,0.05684792634365103,327.825293674876,401.32947084118106,9577.52006086872,2.4393304800997477,0.4609468027399373,484.2342696994813,589.2035263012238,15885.80372391535,0.35352404298888576,0.06680348506970629,336.57263797543296,411.7874302813494,9953.269383087902,0.0,0.0,9.692984423345882,11.904702741451024,266.14337545325039,0.0,0.0,17.74775801966352,21.57766714231788,589.6968791985206,0.0,0.0,79.05840181008182,97.300825093976,2091.692997699009,0.0,0.0,46.625461910530528,57.759107976815048,1065.497188663142,0.0,0.0,42.637837872324677,51.97158524047121,1352.1156360971425,27.604456390008079,18.933097661185248,655.3111610803172,803.6359186206927,19233.983937432087,0.0,0.0,56.472738991903387,70.8641110795664,867.4746067087915,2051.1986535644734,18.36474976874042,34.045658189752867,21.999999999999998,30.0,0.0,17.085501099426524,36.872831154727169,15.999999999999999,30.0,4613.748245107199,18.723402402373968,33.29325671853878,21.999999999999998,30.0,0.0,17.246615966873777,36.505304765969928,15.999999999999999,30.0,0.0,16.275653338475974,39.1157816699032,12.0,30.0,1776.9842759253343,19.119581667487627,32.64948228790114,20.0,30.0,0.0,15.764014598986983,40.218224620042658,10.0,30.0,1465.480810810383,14.037630528195866,45.23333994256204,16.999999999999998,30.0,3105.8534147903344,18.213564918513705,34.665801586432539,20.0,30.0,0.0,16.52959456931014,0.0,0.0,0.0,10.256048080599001,0.0,0.0,487.51500897810947,486.3551556333856,486.85749049923126,486.12154909454798,545.4973456688925,805.2279501138817,537.7965204029998,647.5300002608176,730.927289820198,13283.205001602864,79.22029295002842,87.85338149659225,60.0,0.0,60.0,60.0,16.0,16.0,19.0,19.0,16.0,12.0,21.0,10.0,1.0,0.0,2051.1986535644734,0.0,4613.748245107199,0.0,1776.9842759253343,0.0,1465.480810810383,3105.8534147903344,13061.3794182766,7836827.65096596,10203117.73596288,79.22029295002842,87.99999999999999,0.4353793139425534,0.7680422098848747,0.3602813740196596,87.99999999999999,0.3542647819438876,10203117.73596288,0.5327321222700698 
 03/11  06:20:00,3.0300000000000004,94.0,3.536666666666667,0.0,0.0,0.0,0.0,0.0,2.0,2.0,0.0,0.0,0.0,0.0,0.0,1950.0,0.0,0.0,0.0,0.0,0.0,0.0,0.0,0.0,0.0,0.0,0.0,18.91499170622729,-1397.4851369360854,17.81959874089686,910.23943596768,19.114910385930263,-3333.1068142867545,17.885751950947645,920.7472497324475,16.24576716758126,-13.72513813559856,18.799912370468826,-146.49368390693935,16.197425942510465,158.12109894506367,15.377855049660898,-350.0721393383311,18.454729561977119,-349.24572852307269,915.4705168730944,1053.160852652111,0.0,0.0,0.0,0.0,0.0,0.0,0.0,0.0,0.0,0.0,0.0,0.0,0.0,0.0,0.0,0.0,0.0,0.0,0.0,0.0,0.0,0.0,1.5066887500690177,0.4599172008757686,441.912757176087,536.4065115601119,15115.476972597366,0.41076039545513906,0.06269236804870865,390.3772857678976,476.26308285634556,12198.815930884033,2.4020126660036107,0.4538950616031013,557.3889907533437,675.6489559904837,19518.187366374485,0.3726595216526659,0.07041941074313413,379.88971255869776,462.9289125579303,12130.13271568536,0.0,0.0,12.017099526388585,14.761497257409042,327.9312433015899,0.0,0.0,21.540753142690489,26.159377002181878,728.141276775886,0.0,0.0,83.74755763623259,102.83191018760212,2308.561465903483,0.0,0.0,31.069538607781227,38.205796598631817,841.0135086416531,0.0,0.0,55.496971880249137,67.33119742519195,1907.3502791351344,28.965685592912207,19.866725372367776,758.8388009914253,928.1778677549872,23434.531327923476,0.0,0.0,55.87941915447199,70.01079069333732,895.1783951923775,1997.2199373364006,19.71467217323664,31.260906005734076,22.0,30.0,0.0,18.227458233683966,34.30945227374961,16.0,30.0,4327.4935751138959,20.119763608833759,30.482518196551145,22.0,30.0,0.0,18.58602909110909,33.54102095828686,16.0,30.0,0.0,16.20815240638544,39.19274412927451,12.000000000000002,30.0,0.0,19.55448944223251,31.752003035305728,19.0,30.0,0.0,16.34486815947641,38.71717764110574,10.0,30.0,1359.4363045246399,16.23587873885597,39.19945961008288,17.0,30.0,827.0646784305321,19.835367292823077,31.176172388135766,19.6,30.0,0.0,17.485553248576755,0.0,0.0,0.0,10.588219922212306,0.0,0.0,487.6089413149248,489.5618892894865,485.52989801730817,485.75445446637476,546.1202917910583,761.4485976112885,541.7474957815341,670.9981840697595,678.9070111935303,10884.901305690524,80.8074317337732,86.55432025547137,60.0,0.0,60.0,60.0,16.0,16.0,19.0,19.0,16.0,12.0,21.0,10.0,1.0,0.0,1997.2199373364006,0.0,4327.4935751138959,0.0,0.0,0.0,1359.4363045246399,827.0646784305321,8696.943456687488,5218166.074012492,6822321.1446222909,80.8074317337732,86.6519215009304,0.35789811522291628,0.7644359593941249,0.36028137401965956,86.6519215009304,0.35426478194388757,6822321.1446222909,0.3569240328536925 
 03/11  06:30:00,3.05,94.0,3.5700000000000005,0.0,0.0,0.0,0.0,0.0,2.0,2.0,0.0,0.0,0.0,0.0,0.0,780.0,0.0,0.0,0.0,0.0,0.0,0.0,0.0,0.0,0.0,0.0,0.0,19.355874231140449,-1421.4121429304724,18.287732208614295,703.1288739879174,19.625486083211496,-3611.2339026495758,18.410032613244608,748.444647001852,16.18334817929277,-12.377910730231207,18.42170107039356,-111.81730485232333,16.42476075204751,221.73565854307436,15.78010130708888,-232.99559323094736,17.979135354345403,-187.44305049162575,1053.5869247525134,855.8308238987208,0.0,0.0,0.0,0.0,0.0,0.0,0.0,0.0,0.0,0.0,0.0,0.0,0.0,0.0,0.0,0.0,0.0,0.0,0.0,0.0,0.0,0.0,1.5709918140422068,0.47954573078211445,438.0134354569029,530.0068382972661,15510.293646110327,0.4161236969793072,0.06351094276240953,382.939528842351,465.53463089778327,12520.386950195985,2.449817467797477,0.4629284708612015,562.9355979030926,680.1585562288374,20405.233916291436,0.37254300611526927,0.07039739344581805,371.437338166823,450.9104624167444,12437.915058634317,0.0,0.0,12.462917715966885,15.299305798320673,337.9977452333587,0.0,0.0,20.97399535192232,25.496392122807899,686.5588520861782,0.0,0.0,82.31944555936899,100.8483286449095,2329.6880202093268,0.0,0.0,20.46717782503428,25.06994436646291,584.3777946895158,0.0,0.0,46.584871076957899,56.650752589089169,1521.4016215404318,29.67536663494341,20.35347505826023,744.0479997662021,907.5017195226849,23810.866695630077,0.0,0.0,44.543634231833767,55.81296177620206,691.9436675743112,1943.880044640056,20.358951291129693,30.038065364505678,22.0,30.0,0.0,18.9969215000705,32.68993113392459,16.0,30.0,4390.85422061571,20.77461204031591,29.272611259785493,22.0,30.0,0.0,19.406000152611207,31.861465578325434,16.0,30.0,0.0,16.14007918963076,39.30149118856731,12.0,30.0,134.2343088361885,19.01058433017618,32.808933471571069,19.0,30.0,0.0,16.741777156303713,37.72708233507303,10.0,30.0,672.4276865173795,16.89084304841599,37.547250055261319,17.0,30.0,321.23220905207759,18.976660762917527,32.84882525633995,19.0,30.0,0.0,18.03890438149477,0.0,0.0,0.0,10.318366140566372,0.0,0.0,488.4028948430781,490.88274917769078,486.09904117162469,485.8830465639119,554.2428896356636,735.7465133322797,531.5794119357761,674.1205540321342,672.0806652943745,9264.81182990786,81.87890241173477,81.87890241173477,60.0,0.0,60.0,60.0,16.0,16.0,19.0,19.0,16.0,12.0,21.0,10.0,1.0,0.0,1943.880044640056,0.0,4390.85422061571,0.0,134.2343088361885,0.0,672.4276865173795,321.23220905207759,0.0,0.0,0.0,81.87890241173477,81.87890241173477,0.34,0.77092057159496,0.36028137401965956,81.87890241173477,0.3542647819438875,0.0,0.0021566666666666667 
 03/11  06:40:00,3.0700000000000005,94.0,3.6033333333333337,9.833333333333333,61.999999999999989,0.0,0.0,0.0,2.0,2.0,0.0,0.0,0.0,0.0,0.0,1560.0,0.0,16.907058894823014,25.311124013783649,64.85840686466659,0.5069602854716536,13.493456234799887,0.0,25.31112401378362,34.60222548348259,0.0,0.0,19.77223869678694,-1269.116395471262,18.601467330980435,928.1120239013558,20.106735051578004,-3235.9628878501928,18.786143609354999,899.3088290933074,16.135928921345248,-8.618587808936568,18.91551320255202,-120.13005822527643,16.782086754708446,417.4464359891841,15.593983846665008,-383.3866080463565,18.55422459781806,-218.39399925493962,1225.0879256837189,877.3913969400346,0.0,0.0,0.0,0.0,0.0,0.0,0.0,0.0,0.0,0.0,0.0,0.0,0.0,0.0,0.0,0.0,0.0,0.0,0.0,0.0,0.0,0.0,1.6526231623708748,0.5044637247774343,445.3961412495495,538.3816566732696,16231.224652589273,0.42975956843756127,0.0655921197249025,385.5866994420363,468.35234575187379,12960.056370726492,2.6189489679634239,0.49488831594169027,548.5724039774932,662.0772267889705,20488.26909779955,0.3812543629244407,0.07204353040900238,361.0720855933808,437.9249357390075,12438.985210952134,0.0,0.0,13.161187079991107,16.1729333000177,355.2225695236907,0.0,0.0,20.486541344524257,24.853806503246177,702.346617000715,0.0,0.0,83.59761148040893,102.26626606246691,2468.8340203949639,0.0,0.0,31.497944105566249,38.65978916586571,860.9914411725275,0.0,0.0,42.77137224434155,51.87683301091809,1469.6867191729983,30.571279055269558,20.967955456289137,737.8779101623577,898.6691796538252,24620.040522480365,0.0,0.0,44.812428305439599,56.19193255373919,678.8531304199238,1915.7064862006894,20.909249162110539,29.03537360305678,22.0,30.0,0.0,19.485985054723309,31.70925042433157,16.0,30.0,4324.102181381588,21.361499664434985,28.239334026394198,22.0,30.0,0.0,19.92198363852287,30.858743053136089,16.0,30.0,0.0,16.096644697968963,39.37488849469574,12.0,30.0,978.4230064016832,19.832360813044354,31.137945084264165,19.75,30.0,0.0,17.377865255898816,36.218291375135859,10.0,30.0,421.3067995806545,16.323912552861829,38.89188239222412,16.25,30.0,1289.865538996276,19.870941668642517,31.051354110672358,19.75,30.0,0.0,18.702982499354218,0.0,0.0,0.0,10.168346285063525,0.0,0.0,488.33223631111266,491.6078710954537,487.51115740976857,487.1210962846168,554.017491656771,725.6653946622587,516.3915679698935,669.8257063328128,674.455351147555,11860.170528940536,80.16222838907494,87.86911153901777,60.0,0.0,60.0,60.0,16.0,16.0,19.0,19.0,16.0,12.0,21.0,10.0,1.0,0.0,1915.7064862006894,0.0,4324.102181381588,0.0,978.4230064016832,0.0,421.3067995806545,1289.865538996276,11662.109199192651,6997265.519515592,9131373.962539042,80.16222838907494,88.0,0.38873697330642179,0.7662756385492537,0.36028137401965956,88.0,0.3542647819438875,9131373.962539042,0.4769814460520302 
 03/11  06:50:00,3.09,94.0,3.6366666666666669,15.666666666666665,123.99999999999997,0.0,0.0,0.0,2.0,2.0,0.0,0.0,0.0,0.0,0.0,1170.0,0.0,27.676671096866849,42.327266052228697,108.46138349062415,0.8298916552542548,22.088675540522084,0.0,42.327266052228647,57.86458172465947,0.0,0.0,20.10334350934622,-1253.235607213354,18.932140058384016,873.1019343913104,20.48194093033203,-3248.074189056525,19.16611538174103,845.9941405893278,16.093166837628517,-3.613704054133415,18.692371613982798,-73.1732033407201,17.18961573091443,443.7950238602424,16.052507758548097,-495.7044648021548,18.601043234517144,-126.495890779679,1308.3462646280785,862.6294457137972,0.0,0.0,0.0,0.0,0.0,0.0,0.0,0.0,0.0,0.0,0.0,0.0,0.0,0.0,0.0,0.0,0.0,0.0,0.0,0.0,0.0,0.0,1.720222757751709,0.5250985219022316,447.8347512021354,540.3874971447478,16686.75014564507,0.4391020713852908,0.06701802066320073,383.67627781714449,465.15858813174398,13240.83859388609,2.7322463297962709,0.516297492402924,548.0699098051044,660.3395818210379,20921.73099217265,0.3889446052505682,0.07349671301031148,359.758282020917,435.49980914007269,12724.957965986472,0.0,0.0,13.069133698220796,16.059274387294488,351.2381430774902,0.0,0.0,18.185971774759119,22.093177600474719,608.1335884526945,0.0,0.0,91.08661797611215,111.14945405569425,2805.029989883261,0.0,0.0,35.39122040558628,43.34188528044746,1020.4239147890322,0.0,0.0,32.285459587982419,39.22059969317054,1085.153414446443,31.130911547713877,21.351791184988966,735.1896108179607,893.9606614955615,25125.074988725122,0.0,0.0,47.83680467116902,59.983764493737229,728.3906941664578,1869.5380584396958,21.355776820962587,28.250455702024064,22.000000000000019,30.00000000000002,0.0,19.97383838484219,30.762996333593,16.000000000000015,30.00000000000002,4158.8630357393599,21.813451449016918,27.469292583509806,22.000000000000019,30.00000000000002,0.0,20.423100633922549,29.917809093351619,16.000000000000015,30.00000000000002,0.0,16.058067379971975,39.44226944421668,12.00000000000001,30.00000000000002,0.0,19.406702619962656,31.956719843511594,19.000000000000015,30.00000000000002,0.0,18.049970955615433,34.71418325451596,10.000000000000007,30.00000000000002,1273.0179399944282,17.064624154438378,37.06738302183251,17.000000000000015,30.00000000000002,982.7849448681617,19.578638224936257,31.622709522734259,19.000000000000015,30.00000000000002,0.0,19.112087406160719,0.0,0.0,0.0,10.265037119651664,0.0,0.0,489.01573559875785,492.61195536884738,488.23824018902305,489.54297999106816,552.838011657371,719.783035831968,519.1571463293429,668.0905375204791,680.8186045513309,11446.539130467218,80.43583522265274,87.8736806919785,60.00000000000004,0.0,60.00000000000004,60.00000000000004,16.0,16.0,19.0,19.0,16.0,12.0,21.0,10.0,1.0,0.0,1869.5380584396958,0.0,4158.8630357393599,0.0,0.0,0.0,1273.0179399944282,982.7849448681617,11255.385322378252,6753231.193426946,8837392.737786528,80.43583522265274,88.00000000000007,0.3751795107459417,0.7642641236264025,0.3602813740196598,88.00000000000007,0.3542647819438878,8837392.737786528,0.46167442236489938 
 03/11  07:00:00,3.11,94.0,3.67,21.5,186.0,0.0,0.0,0.0,2.0,2.0,0.0,0.0,0.0,0.0,0.0,3510.0,0.0,43.24125454346444,56.71686607691541,145.33401707527453,1.2966010983347265,34.51074507100004,0.0,56.71686607691532,77.5362559023921,0.0,0.0,20.235679403238089,-1303.3442493063668,19.1310398346065,788.0201838460954,20.476016251142373,-2099.8607805992016,19.33789228756815,686.8495541608927,16.058848668856084,0.23558860201350485,18.683018543573085,-51.513349716637808,17.445746628961876,390.3389847575558,15.817744938532984,-546.3011377173255,18.860491193535226,-129.25310437973824,1333.1091319283813,1038.5158902874742,0.0,0.0,0.0,0.0,0.0,0.0,0.0,0.0,0.0,0.0,0.0,0.0,0.0,0.0,0.0,0.0,0.0,0.0,0.0,0.0,0.0,0.0,1.7715074809681529,0.5407531993187296,428.33352858543068,517.1492475889011,16012.113184851441,0.4257875825984704,0.06498589477998652,349.09225193633747,423.2133427881402,12196.103964489403,3.0015527039033715,0.5671868299137153,434.9164641000347,524.4831594089807,16510.67022959337,0.3890909124820359,0.07352435987944765,313.1344436182309,379.1368713126642,11137.009758816987,0.0,0.0,12.791386745032075,15.732238430503024,342.54036988911425,0.0,0.0,16.661859895744148,20.273433317486029,548.4422285956556,0.0,0.0,98.81928894096416,120.52714107687516,3109.3880879105288,0.0,0.0,44.04997809594651,54.0914649040482,1212.896832989986,0.0,0.0,31.792267819412264,38.60280865458533,1084.218698502588,31.43075205206581,21.55744310841283,654.7658582105964,796.1143223630367,22767.447730625725,0.0,0.0,57.80935293292516,72.48657722789976,898.367588904686,1865.9491959401403,21.432183893678226,28.123243743406236,22.00000000000006,30.000000000000087,0.0,20.214856132779667,30.310553794443139,16.000000000000044,30.000000000000087,2768.066863775269,21.601091050850486,27.839966840573916,21.666666666666726,30.000000000000087,0.0,20.534263598036696,29.717835435111924,16.000000000000044,30.000000000000087,0.0,16.031263477235318,39.49370605063305,12.000000000000036,30.000000000000087,397.2686947590463,19.171210814807627,32.41558379880903,19.111111111111169,30.000000000000087,0.0,18.41906339869318,33.91591698147356,10.000000000000029,30.000000000000087,356.62810574381509,16.460340393968087,38.48024564707003,16.222222222222269,30.000000000000087,0.0,19.776455446818294,31.26675930199012,19.000000000000058,30.000000000000087,0.0,19.323795079424327,0.0,0.0,0.0,10.42844450589089,0.0,0.0,491.7957207162701,495.82088065241359,491.7208999987501,492.97450150898478,551.8343326601519,729.1225424073975,521.5421519006098,634.3941191670458,692.4928122878424,9768.613271133356,81.54565077831602,85.42883374804986,60.00000000000017,0.0,60.00000000000017,60.00000000000017,16.0,16.0,19.0,19.0,16.0,12.0,21.0,10.0,1.0,0.0,1865.9491959401403,0.0,2768.066863775269,0.0,397.2686947590463,0.0,356.62810574381509,0.0,5876.7099193556919,3526025.9516134045,4612866.844199956,81.54565077831602,85.49478308615868,0.34700144175630129,0.7663561073505731,0.36028137401966067,85.49478308615868,0.3542647819438885,4612866.844199956,0.24197907589839774 
 03/11  07:10:00,3.205,93.83333333333334,3.7233333333333338,27.333333333333337,248.00000000000004,0.0,0.0,0.0,2.0,2.0,0.0,0.0,0.0,0.0,0.0,1560.0,0.0,56.53355900988477,66.55069863739388,170.53277559932293,1.6951807903925989,45.1193702944931,0.0,66.55069863739378,90.97985056216251,0.0,0.0,20.287756750293704,-1329.2636864013935,19.2426694074778,619.1845435723885,20.539391779881826,-1650.9454545762936,19.416919796044355,535.9771678398358,16.02490458614949,0.39480179142800866,18.997304936806445,-54.26943281081992,17.584676110127135,355.2544056028722,16.12504263177682,-558.9110829403954,18.57569696174828,-69.63465237763444,1280.930456656306,967.336951576681,0.0,0.0,0.0,0.0,0.0,0.0,0.0,0.0,0.0,0.0,0.0,0.0,0.0,0.0,0.0,0.0,0.0,0.0,0.0,0.0,0.0,0.0,1.7848292907593966,0.5448196858239917,415.26089672599326,501.2659708727974,15426.257774861231,0.4086361811948215,0.06236815952301916,311.6119088104398,377.53547580935068,10888.453788895717,3.1041349586714768,0.5865712317973314,373.0150453187543,449.77621988136118,14036.250749294075,0.384615692015043,0.0726787021948305,280.6931374532979,339.70075166669906,9932.897992757524,0.0,0.0,12.284786920130192,15.104886504053044,325.8799823855199,0.0,0.0,14.745747105547398,17.888334381166574,503.0989506527534,0.0,0.0,97.9257075327587,119.33782940578199,3094.8001327458825,0.0,0.0,42.14687202084686,51.65834157548437,1196.1742749866538,0.0,0.0,22.55066081576579,27.421333367822386,743.5209132995609,31.30613153152863,21.47196950036258,585.40502262553,711.5757939448316,20315.580189572367,0.0,0.0,55.446418409431988,69.49708806529,858.9534067810236,1859.8529406096835,21.42880529125442,28.142521014842229,22.0,30.0,0.0,20.31351343376026,30.1459874164213,16.0,30.0,2333.7076904994084,21.499440642676978,28.033660040512556,21.5,30.0,0.0,20.521089727395155,29.765827374601157,16.0,30.0,0.0,16.00137331210049,39.559995135159919,12.0,30.0,502.1883129650838,19.88541680647824,32.42677966387004,19.5,30.0,0.0,18.59162248535928,33.55465423953823,10.0,30.0,1268.2472876029665,16.959584804871633,37.2617071427744,17.0,30.0,753.718809095674,19.319243196966178,33.44235817826973,19.25,30.0,0.0,19.29120892595114,0.0,0.0,0.0,10.509863720202216,0.0,0.0,493.4925928230151,497.45862842038675,493.9547428062341,497.63790771242307,549.0716041051034,774.9515833889402,519.1124891516345,602.5441124830148,730.7584652618557,11173.760262239484,80.61633143813747,86.2283558037083,60.0,0.0,60.0,60.0,16.0,16.0,19.0,19.0,16.0,12.0,21.0,10.0,1.0,0.0,1859.8529406096835,0.0,2333.7076904994084,0.0,502.1883129650838,0.0,1268.2472876029665,753.718809095674,8492.463762323978,5095478.257394387,6636516.963519981,80.61633143813747,86.32366660807802,0.36808212541079929,0.767449448821415,0.36028137401965956,86.32366660807802,0.3542647819438875,6636516.963519981,0.347188882103039 
 03/11  07:20:00,3.3000000000000004,93.66666666666667,3.776666666666667,33.166666666666667,310.0,0.0,0.0,0.0,2.0,2.0,0.0,0.0,0.0,0.0,0.0,1950.0,0.0,70.48376614163962,68.20127068472789,174.7624117623557,2.1134906256031025,56.25309603162684,0.0,68.20127068472776,93.23630768858179,0.0,0.0,20.387691918322099,-1379.1170197629988,19.292689571035646,700.3002777399303,20.600226883600024,-1835.2778370136876,19.488558203437916,615.8824489303922,15.993682704106881,3.9832950019900528,18.734281766325997,-39.027968296446399,17.657537508800929,330.5827015433249,15.846374855534173,-558.764418430153,18.753206635526646,-118.9356962623747,1284.2010471974427,1076.853853394719,0.0,0.0,0.0,0.0,0.0,0.0,0.0,0.0,0.0,0.0,0.0,0.0,0.0,0.0,0.0,0.0,0.0,0.0,0.0,0.0,0.0,0.0,1.7685254867684624,0.5398429446790178,422.9358253221185,510.45189861935548,15689.847052870915,0.41302783868853856,0.06303843691827513,326.46456995651649,395.53066614688626,11357.264650680057,3.0552163358459358,0.5773273499330947,398.1959527054743,480.0282550518923,14988.02395532222,0.3892388298954293,0.07355231101576516,302.4326672019241,366.05511328624689,10659.295356098533,0.0,0.0,12.81108456233393,15.75615408729955,336.6548606310271,0.0,0.0,15.723089688745136,19.10199288648404,519.1861651664111,0.0,0.0,100.07527581747118,121.94501647556089,3155.571800557711,0.0,0.0,47.45547583030335,58.28537349141362,1278.6838893737198,0.0,0.0,30.314525904472267,36.77959464289149,1022.656674889611,31.317580529117757,21.47982203643194,622.0559606931822,755.9929311529534,21514.519089794434,0.0,0.0,60.76642258926204,76.12014109481419,948.0671984133982,1829.911138841983,21.494837940908938,28.061841069001877,22.0,30.0,0.0,20.334041033744865,30.16555492049982,16.0,30.0,2477.3836769686465,21.61764827121703,27.863082137302074,21.6,30.0,0.0,20.556940127984907,29.739512840849679,16.0,30.0,0.0,15.974677875966098,39.6574152858475,12.000000000000002,30.0,0.0,19.422845287867298,35.009272114688368,19.0,30.0,0.0,18.65412036897401,33.46930015279192,10.0,30.0,362.92325234911228,16.339146861508366,38.983613663715498,16.200000000000004,30.0,325.2997939519523,19.80254026889772,33.600871110392038,19.400000000000003,30.0,0.0,19.388689913325963,0.0,0.0,0.0,10.65631897652272,0.0,0.0,495.67368483014328,500.59865370096795,495.57112273919446,498.19231934991685,544.3134403194513,816.9722752836146,516.984929595732,587.4923034257481,753.4470540119098,9785.683006402485,81.53442530541445,82.92189297195408,60.0,0.0,60.0,60.0,16.0,16.0,19.0,19.0,16.0,12.0,21.0,10.0,1.0,0.0,1829.911138841983,0.0,2477.3836769686465,0.0,0.0,0.0,362.92325234911228,325.2997939519523,2099.7741703852877,1259864.5022311726,1630614.5785743995,81.53442530541445,82.94545677900847,0.3419924723461763,0.769063083233014,0.36028137401965956,82.94545677900847,0.35426478194388757,1630614.5785743995,0.0868852914192021 
 03/11  07:30:00,3.395,93.5,3.83,39.0,372.0,0.0,0.0,0.0,2.0,2.0,0.0,0.0,0.0,0.0,0.0,1560.0,0.0,85.06614897516936,67.04729408496962,171.80557167424647,2.5507591220783745,67.89138908947838,0.0,67.04729408496948,91.65873418826017,0.0,0.0,20.413933519056579,-1307.9408736703145,19.363129991208468,566.0560940128639,20.640056951644078,-1545.2393394456149,19.55644548467233,507.5853485139655,15.965297360658156,3.157023674680744,18.73246524077065,-26.939839479778258,17.708199593585506,332.2275874923124,16.24145047375027,-562.2007865883077,18.686173708102467,-72.3289475881499,1245.424517988571,978.1317726112002,0.0,0.0,0.0,0.0,0.0,0.0,0.0,0.0,0.0,0.0,0.0,0.0,0.0,0.0,0.0,0.0,0.0,0.0,0.0,0.0,0.0,0.0,1.7749732451899243,0.5418111249053493,411.3024790959887,496.4754321690059,15150.893626824545,0.40127620363122309,0.061244841824057257,301.7205288497756,365.51399330041957,10465.278492996118,3.0753148507954366,0.5811252552523504,362.8869991956851,437.57927147917726,13528.809293464741,0.38069628330624286,0.07193807318712069,275.73826552877508,333.682766200323,9682.869720866423,0.0,0.0,12.268666183685907,15.089684659985288,319.4315383048858,0.0,0.0,13.913710534649074,16.914750368935793,451.2355642526239,0.0,0.0,98.58746824208055,120.1188911680439,3096.7786922726056,0.0,0.0,43.70359091156675,53.56757002212569,1226.125913610799,0.0,0.0,23.80895647595147,28.941201896693746,778.6030887321158,31.207381854267966,21.404239954916308,570.7616775207512,693.6935394256407,19682.573677290224,0.0,0.0,56.95498631235536,71.34137367238749,884.1292117400363,1825.100597230887,21.465137822013426,28.167036653862966,22.0,30.0,0.0,20.37893385724543,30.154612389845349,16.0,30.0,2188.1407183491639,21.516168374928627,28.097308081702093,21.5,30.0,0.0,20.57890342579511,29.770793949183365,16.0,30.0,0.0,15.950390944248977,39.8372245822937,12.0,30.0,446.88338325689116,19.222568094899218,36.53045741766343,19.0,30.0,0.0,18.691222581270148,33.50154352045338,10.0,30.0,1334.8150527596066,17.011997751354675,37.769713914272227,17.0,30.0,739.588168728551,19.385689097969587,35.119631796572189,19.0,30.0,0.0,19.36424446956763,0.0,0.0,0.0,10.714905814927512,0.0,0.0,497.37083889662775,503.3770300016426,497.7933915544839,501.7119612597295,542.6583419663509,845.1326069364335,517.5699908886938,591.0912865534244,759.6229003313609,11762.211800549501,80.22702066023965,87.87019355072687,60.0,0.0,60.0,60.0,16.0,16.0,19.0,19.0,16.0,12.0,21.0,10.0,1.0,0.0,1825.100597230887,0.0,2188.1407183491639,0.0,446.88338325689116,0.0,1334.8150527596066,739.588168728551,11565.786352508225,6939471.811504935,9067608.312044764,80.22702066023965,88.0,0.3855262117502742,0.7653156160678406,0.36028137401965956,88.0,0.3542647819438875,9067608.312044764,0.47361229889299447 
 03/11  07:40:00,3.49,93.33333333333334,3.8833333333333339,44.5,393.8333333333333,0.0,0.0,0.0,2.0,2.0,0.0,0.0,0.0,0.0,0.0,1950.0,0.0,97.88458592998481,60.295372084779369,154.50428312677566,2.935132494467586,78.12185147588484,0.0,60.295372084779248,82.4283449186947,0.0,0.0,20.525953974707158,-1416.2619384294993,19.40298218119868,696.8484887746662,20.680956657540237,-1717.3262594657425,19.605861725638119,586.5528374427381,15.937844937827002,6.874498750114845,19.0285837457689,-51.6009282914915,17.767354909805076,332.8171200214939,16.11428089067892,-553.6779357821502,18.820910750453196,-107.09481654671383,1255.173905537973,1038.404891594629,0.0,0.0,0.0,0.0,0.0,0.0,0.0,0.0,0.0,0.0,0.0,0.0,0.0,0.0,0.0,0.0,0.0,0.0,0.0,0.0,0.0,0.0,1.750335499352582,0.5342904454678211,425.9767443003036,514.0664262576812,15691.425952395577,0.40856352693403866,0.06235707065537831,324.1095876716577,392.63075413205618,11191.805277276419,3.027714469177841,0.5721304741454729,387.23008838731257,466.83040093802836,14441.428715247523,0.38511704117213277,0.07277343937493058,296.5122483948974,358.84863589555018,10372.95141663741,0.0,0.0,12.925455066321835,15.900896149786672,333.40043648878716,0.0,0.0,15.891383664170473,19.274591747548475,532.1277477369982,0.0,0.0,97.95098037841169,119.33377526875822,3068.4176702321444,0.0,0.0,45.67815534239483,56.041981955900599,1244.0333300409589,0.0,0.0,29.855835966922365,36.22170228372772,996.9434520598916,31.253578522188336,21.435924912337684,613.8339865255562,745.8971180177105,21081.83364948363,0.0,0.0,59.09488204184888,73.99452063730733,916.5193233444528,1841.2322216132355,21.56426309753601,28.075327514871558,22.0,30.0,0.0,20.399060186775473,30.197160957032954,16.0,30.0,2327.7858721404124,21.641374804985018,27.95695163868339,21.6,30.0,0.0,20.618547018063226,29.77191705773263,16.0,30.0,0.0,15.926999896554009,40.05121565470064,12.000000000000002,30.0,396.4093773887955,19.86209510423011,35.794209346854888,19.400000000000003,30.0,0.0,18.746324778698658,33.52318494994703,10.0,30.0,534.6010281768572,16.668644203993833,38.90444454347872,16.200000000000004,30.0,266.87276976752926,19.817423406818244,34.67207633412984,19.400000000000003,30.0,0.0,19.45740698667498,0.0,0.0,0.0,10.808384556563741,0.0,0.0,499.9323941188079,505.1188413932153,499.79730808693827,502.5794031505565,541.8455375598501,862.9083155959675,519.3447967562584,589.8407247425759,767.5899088957746,10486.194545424407,81.07103444454929,85.61280571023829,60.0,0.0,60.0,60.0,16.0,16.0,19.0,19.0,16.0,12.0,21.0,10.0,1.0,0.0,1841.2322216132355,0.0,2327.7858721404124,0.0,396.4093773887955,0.0,534.6010281768572,266.87276976752926,6872.821242233347,4123692.745340008,5377041.865244642,81.07103444454929,85.68994006397557,0.36509404140777826,0.768016026256642,0.36028137401965956,85.68994006397557,0.35426478194388757,5377041.865244642,0.2817061769927214 
 03/11  07:50:00,3.585,93.16666666666666,3.9366666666666667,50.0,415.66666666666665,0.0,0.0,0.0,2.0,2.0,0.0,0.0,0.0,0.0,0.0,1560.0,0.0,110.757345887774,53.62757294240136,137.4185612236471,3.321135672665587,88.39567889226142,0.0,53.627572942401247,73.31295797351231,0.0,0.0,20.52356539306473,-1363.7621262112016,19.481836994507977,560.7581474271465,20.703350256297584,-1406.733777554879,19.64905711931134,476.1933376925558,15.913506310256082,5.886555813369796,18.76091220071498,-30.828577017994875,17.825544633382678,334.05705876765526,16.327863608907657,-528.4902292165889,18.431656830396137,-53.69229173192724,1222.9474735444256,939.1459068656409,0.0,0.0,0.0,0.0,0.0,0.0,0.0,0.0,0.0,0.0,0.0,0.0,0.0,0.0,0.0,0.0,0.0,0.0,0.0,0.0,0.0,0.0,1.7522317732593447,0.5348692836566986,414.73866278901076,500.57895264675519,15160.710153159474,0.39572129428514549,0.06039702293729327,298.2531401312854,361.24314140290809,10281.236128467946,3.0594339098965319,0.5781243215979843,347.27452554292929,418.78488814055927,12824.004659222348,0.3775288941504323,0.07133954915918975,269.2671995895514,325.826972702961,9381.124232701775,0.0,0.0,12.422148111868538,15.282072097086826,317.5144701680234,0.0,0.0,14.248730840114272,17.3094866474485,461.9690623177726,0.0,0.0,96.3295819883349,117.33011418391182,3010.3848671982716,0.0,0.0,41.54312153751831,50.907193877925369,1155.317500134393,0.0,0.0,22.78412820890417,27.708946043624235,730.1961730108704,31.198229513524156,21.397962629303266,560.959547314812,681.6910012449623,19214.312039591987,0.0,0.0,54.97897333498463,68.83209968511831,847.9973644474972,1830.2346346783339,21.52103541573902,28.227198198707908,22.0,30.0,0.0,20.467001771003149,30.161359123139076,16.0,30.0,2018.018541520083,21.529644048483577,28.234587533114096,21.5,30.0,0.0,20.63406554981886,29.84415673999274,16.0,30.0,0.0,15.906988418586347,40.317830734490097,12.0,30.0,0.0,19.40037868774577,37.3521521066953,19.0,30.0,0.0,18.806764558696285,33.53070957928814,10.0,30.0,837.029660991004,17.043354852646414,38.398243833579808,16.75,30.0,0.0,19.18973577296363,36.38138268713822,19.0,30.0,0.0,19.430790582818689,0.0,0.0,0.0,10.863439474578627,0.0,0.0,501.39935024074819,507.27699381085275,501.90573472596767,506.2621609817693,543.9782571720989,871.8659239650333,521.1744346328774,599.2591823108726,772.1936182861417,10692.101756755883,80.93496030459179,86.24410310226804,60.0,0.0,60.0,60.0,16.0,16.0,19.0,19.0,16.0,12.0,21.0,10.0,1.0,0.0,1830.2346346783339,0.0,2018.018541520083,0.0,0.0,0.0,837.029660991004,0.0,8034.613572172164,4820768.143303298,6296031.245047181,80.93496030459179,86.3342699721171,0.3528204524057388,0.7663793406815057,0.36028137401965956,86.3342699721171,0.3542647819438875,6296031.245047181,0.3295069580757868 
 03/11  08:00:00,3.68,93.0,3.99,55.5,437.5,0.0,0.0,0.0,2.0,2.0,0.0,0.0,0.0,0.0,0.0,1560.0,0.0,123.6750890519629,47.60889129143604,121.99617259009031,3.708488557661647,98.70541680474089,0.0,47.608891291435948,65.08496385177404,0.0,0.0,20.592579827109767,-1390.4399947941407,19.50084317352394,587.4328014992466,20.794711829694458,-1317.5418862584477,19.63901660736041,484.28715727979627,15.88778917597335,7.746511919036337,18.785460294244098,-33.334230377141299,17.84792418989594,290.79956129845245,15.988421188615062,-567.0378432264633,19.044866790767185,-127.50767775378415,1226.7044327457743,1098.2816993672498,0.0,0.0,0.0,0.0,0.0,0.0,0.0,0.0,0.0,0.0,0.0,0.0,0.0,0.0,0.0,0.0,0.0,0.0,0.0,0.0,0.0,0.0,1.7584869274609064,0.536778671386113,442.2764218571723,533.7782451375916,16108.791776687523,0.39368547229381325,0.06008630529514854,296.5758460251032,359.1814127848627,10155.658038040734,3.1056649040232164,0.58686033711701,359.26125518154097,433.09856956770229,13220.437934532518,0.3784835518726941,0.07151994555417499,244.9502747880215,296.295447765853,8469.313051672521,0.0,0.0,12.303586490442007,15.13632076762542,311.5102314259127,0.0,0.0,14.578355960553069,17.713063867258805,465.3130902450547,0.0,0.0,104.9529537539318,127.8438488692978,3257.913496340192,0.0,0.0,51.70219024947836,63.495565254779247,1360.421284686445,0.0,0.0,26.13790606673144,31.66539915847189,874.7749917036829,31.246836653251664,21.43130085956905,563.445029967505,684.5077082883327,19232.22535062335,0.0,0.0,65.78316013655274,82.27365618724223,1039.8003749102964,1858.5265463275899,21.571483541386276,28.32039281941664,22.0,30.0,0.0,20.44930116239328,30.403674877236989,16.0,30.0,1941.5578233913862,21.678470444517246,28.145955754387577,21.5,30.0,0.0,20.58201520587771,30.136639086000004,16.0,30.0,0.0,15.883584848843383,40.55357142538179,12.0,30.0,446.84976113754598,19.240622706840804,38.28560531021776,19.0,30.0,0.0,18.797124655905333,33.75863227853098,10.0,30.0,704.9743833220994,16.3830077146165,39.97304117857395,16.5,30.0,1762.6271267867433,19.904670386210829,35.21815583893589,19.75,30.0,0.0,19.487912298949256,0.0,0.0,0.0,11.150271199485001,0.0,0.0,507.4614766804354,514.2473005775331,506.47225937318935,512.5289634142212,543.3292561413784,894.5204467507714,525.0934235850366,577.764606939944,791.3695588724695,11286.31522311867,80.54179813103616,86.39036116225543,60.0,0.0,60.0,60.0,16.0,16.0,19.0,19.0,16.0,12.0,21.0,10.0,1.0,0.0,1858.5265463275899,0.0,1941.5578233913862,0.0,446.84976113754598,0.0,704.9743833220994,1762.6271267867433,8849.998563116107,5309999.137869664,6918428.840734592,80.54179813103616,86.48968917842234,0.3799999521038702,0.7676015855338136,0.36028137401965956,86.48968917842234,0.3542647819438875,6918428.840734592,0.3618849663848654 
 03/11  08:10:00,3.876666666666667,92.66666666666667,4.121666666666667,61.0,459.33333333333339,0.0,0.0,0.0,2.0,2.0,0.0,0.0,0.0,0.0,0.0,1560.0,0.0,136.62824821263718,42.866301703483127,109.84370392981295,4.096904227729257,109.04342914150918,0.0,42.86630170348305,58.60148432677952,0.0,0.0,20.6470380463346,-1404.774530179272,19.547103122824443,584.8051013729237,20.814067824894978,-1279.545810491577,19.663926633046857,473.8010785605884,15.86912918794954,13.255086305734907,19.082615004139904,-51.19180153391551,17.875645893911874,316.7364692066843,16.127902551925386,-501.9627329010727,19.10312127990698,-129.27177985586099,1208.4158355082983,1020.6335842557774,0.0,0.0,0.0,0.0,0.0,0.0,0.0,0.0,0.0,0.0,0.0,0.0,0.0,0.0,0.0,0.0,0.0,0.0,0.0,0.0,0.0,0.0,1.7124694649373853,0.5227318269039638,431.0425044789969,520.136418232363,15561.563400129126,0.3844593995769487,0.058678174538606329,290.4681401029853,351.74571730861819,9847.564059740795,3.003459854751206,0.5675472136718078,349.8191746138438,421.6877636302213,12738.4238233736,0.3720569678170712,0.07030554947412529,227.09210096293976,274.61232837745146,7772.41137560021,0.0,0.0,13.035600168017206,16.038449285008,324.4615312981273,0.0,0.0,16.247503665276989,19.700783073112299,532.3511177217168,0.0,0.0,94.17529381770879,114.700661042711,2889.040195576858,0.0,0.0,45.46756701844192,55.778212599482397,1202.5862791982834,0.0,0.0,33.55014102229948,40.647069232710737,1117.8209477138906,31.240770977796058,21.427140588337495,552.0709852773148,670.6511239520767,18645.196583744153,0.0,0.0,59.109139671156658,73.88074995998248,927.1068393567116,1845.9726132113374,21.610494881972984,28.41293783527864,22.0,30.0,0.0,20.478427271081686,30.49594266050672,16.0,30.0,1887.3269147731713,21.6820698568398,28.305100219991944,21.5,30.0,0.0,20.59441678647122,30.241845750159205,16.0,30.0,0.0,15.872436326216125,40.88171239866307,12.0,30.0,402.6694524980911,19.89220563291658,36.88027958978455,19.5,30.0,0.0,18.817248641957968,33.96770800450665,10.0,30.0,469.34364356332017,16.671026031068146,40.032983278139749,16.5,30.0,0.0,20.193834066522436,34.6114185802948,19.0,30.0,0.0,19.49590567467992,0.0,0.0,0.0,11.293807514145643,0.0,0.0,510.2572166520128,515.5445259757125,509.1255552816593,511.99483762135568,548.8850280080928,887.6780265011387,531.3834536230449,611.2599502120994,769.1584322707455,10089.782133711538,81.33319463205534,85.04196980054373,60.0,0.0,60.0,60.0,16.0,16.0,19.0,19.0,16.0,12.0,21.0,10.0,1.0,0.0,1845.9726132113374,0.0,1887.3269147731713,0.0,402.6694524980911,0.0,469.34364356332017,0.0,5612.385892443963,3367431.5354663778,4378855.482262593,81.33319463205534,85.10495711519326,0.3570795297481321,0.7690938216712435,0.36028137401965956,85.10495711519326,0.3542647819438875,4378855.482262593,0.2298404850776548 
 03/11  08:20:00,4.073333333333334,92.33333333333334,4.253333333333334,66.5,481.1666666666667,0.0,0.0,0.0,2.0,2.0,0.0,0.0,0.0,0.0,0.0,1560.0,0.0,149.60696901131866,40.021177006930447,102.55338776935237,4.486087147442154,119.40185062036734,0.0,40.02117700693039,54.7119831641631,0.0,0.0,20.679590840373139,-1424.7966299462456,19.590524519558295,564.002802657732,20.828365110026469,-1268.2905041565833,19.686491335459566,457.74652731087408,15.85106621202976,12.736346811084716,18.842381885155065,-31.35862492188903,17.891719424265223,300.9147563750664,16.1084837284347,-519.678803267142,18.66340230847274,-90.48457959289411,1196.8444320219388,1006.6248104957639,0.0,0.0,0.0,0.0,0.0,0.0,0.0,0.0,0.0,0.0,0.0,0.0,0.0,0.0,0.0,0.0,0.0,0.0,0.0,0.0,0.0,0.0,1.7012473728025773,0.5193062798542666,431.23795157700035,520.3491518926599,15408.394332508917,0.3807185465282227,0.05810722627109627,287.7895750990029,348.47332930441658,9654.650801145795,2.9657072595771969,0.5604133143569913,343.60253130764377,414.18589764469359,12377.922984572611,0.3698629995052091,0.06989096740461244,228.0860022427078,275.8106385645016,7717.366511580654,0.0,0.0,12.494642516223408,15.373513735833763,305.60435330657767,0.0,0.0,14.224944208415833,17.273587476158,448.55389921361316,0.0,0.0,103.20487313370187,125.71245637192112,3122.487818148653,0.0,0.0,49.96629292725863,61.3333717666871,1290.8753541564789,0.0,0.0,25.388536245048223,30.837588267626655,800.2829036727869,31.31245069767894,21.476303633524659,550.5344646125647,668.7326557387406,18391.47537014602,0.0,0.0,63.473997865940777,79.3013801290293,992.7289328815898,1837.50275654272,21.619911965545556,28.580563244064249,22.0,30.0,0.0,20.50135882119583,30.654783980978146,16.0,30.0,1860.5046334982936,21.68004781259782,28.49776934168464,21.5,30.0,0.0,20.60189894692055,30.466644461254803,16.0,30.0,0.0,15.859636278456386,41.24987258886023,12.0,30.0,0.0,19.46460912303067,38.23682526969611,19.0,30.0,0.0,18.807209925750866,34.2823493313325,10.0,30.0,1108.2569650230065,16.58877623016432,40.598535172046187,16.75,30.0,0.0,19.460592655775796,36.60566601469624,19.0,30.0,0.0,19.517466152001174,0.0,0.0,0.0,11.469573993681758,0.0,0.0,513.0321899181923,518.9602621507945,512.2259967781515,517.965876759085,555.9704634457837,895.6023640607114,538.9286550649697,616.9737903118751,778.7429508252138,8523.367477446114,82.36912043435436,82.36912043435436,60.0,0.0,60.0,60.0,16.0,16.0,19.0,19.0,16.0,12.0,21.0,10.0,1.0,0.0,1837.50275654272,0.0,1860.5046334982936,0.0,0.0,0.0,1108.2569650230065,0.0,0.0,0.0,0.0,82.36912043435436,82.36912043435436,0.34,0.7694589697972702,0.36028137401965956,82.36912043435436,0.3542647819438875,0.0,0.0021466666666666667 
 03/11  08:30:00,4.2700000000000009,92.0,4.385,72.0,503.0,0.0,0.0,0.0,2.0,2.0,0.0,0.0,0.0,0.0,0.0,1560.0,0.0,163.32812698192743,39.768114408193358,101.90508996085758,4.897532391051563,130.35281098729855,0.0,39.768114408193337,54.366027405810928,0.0,0.0,20.71635286331535,-1407.2475273671894,19.63664763203363,558.8633677024318,20.846991512325937,-1200.3737288919913,19.709473911850034,448.702793915048,15.830737214758795,10.655439058632695,18.65456634019737,-18.45991934861223,17.953678596248979,327.941401643724,16.221693274534848,-491.6652664873579,18.73647141277884,-55.18714882522812,1194.0318970927265,928.7271827853451,0.0,0.0,0.0,0.0,0.0,0.0,0.0,0.0,0.0,0.0,0.0,0.0,0.0,0.0,0.0,0.0,0.0,0.0,0.0,0.0,0.0,0.0,1.6751503784098097,0.5113401643497588,443.8794655560518,535.6398133700075,15676.798145694316,0.37548854197021166,0.057308996027199587,289.5800561547302,350.6230178076165,9614.977969259688,2.897777700646727,0.5475770409385353,354.58038096631869,427.4761112978913,12617.521508616945,0.3663962488524625,0.06923587468867393,228.52629464840008,276.3383318118245,7643.769618363833,0.0,0.0,11.994461672095638,14.759367550461587,288.0628805061305,0.0,0.0,13.288863273200052,16.15452667428059,405.675092477843,0.0,0.0,102.89474817273868,125.29054926110827,3089.6007613476665,0.0,0.0,45.48102146040079,55.78713085469465,1171.7867153623507,0.0,0.0,17.567329772395899,21.348290999390764,540.2396064546701,31.418755123418259,21.549214762289627,558.1275241782499,677.9032641776224,18444.192035468543,0.0,0.0,59.26523453698484,74.02685277286037,907.643703030784,1838.0772288388117,21.628539597917816,28.786881890846549,22.0,30.0,0.0,20.532480311273006,30.850414775155096,16.0,30.0,1789.817938392895,21.68663852561416,28.693148000209253,21.5,30.0,0.0,20.60837982190317,30.710745496150744,16.0,30.0,0.0,15.841422219889534,41.51966620766656,12.0,30.0,0.0,19.1510111304487,39.49112694453112,19.0,30.0,0.0,18.895590381399793,34.245632254762238,10.0,30.0,677.2936851611692,16.724600310520118,40.07314209418075,16.25,30.0,789.5315314247547,19.27573392479048,37.62413812724749,19.25,30.0,0.0,19.565379223823066,0.0,0.0,0.0,11.515748813022759,0.0,0.0,517.9691683586133,525.2567642846333,516.0517217543662,524.693157153672,556.7582353199425,917.6049130274122,536.5631187724068,596.3525657177689,812.8856258554877,9912.45789258218,81.45037657890808,85.27078139481682,60.0,0.0,60.0,60.0,16.0,16.0,19.0,19.0,16.0,12.0,21.0,10.0,1.0,0.0,1838.0772288388117,0.0,1789.817938392895,0.0,0.0,0.0,677.2936851611692,789.5315314247547,5781.134512753817,3468680.70765229,4513499.598836804,81.45037657890808,85.33566455146455,0.36270448375846056,0.767736328941691,0.36028137401965956,85.33566455146455,0.3542647819438875,4513499.598836804,0.2368553124728472 
 03/11  08:40:00,4.466666666666667,91.66666666666667,4.516666666666667,79.33333333333333,505.1666666666667,0.0,0.0,0.0,2.0,2.0,0.0,0.0,0.0,0.0,0.0,1560.0,0.0,194.28697630045569,43.263940898951698,110.86308468695843,5.825837092596128,155.0609419756349,0.0,43.263940898951677,59.145087253902968,0.0,0.0,20.7683294256948,-1445.367149950022,19.68682298441739,553.3500078411448,20.85968764093738,-1151.4976025727668,19.744520485514344,454.3567915123315,15.814913265172234,15.5964566437612,19.092131022401554,-48.11748676926226,18.02831769869908,355.0708347329445,16.953682264809,-446.90551247013289,18.953001185074386,-64.67321188643433,1178.4267479110736,804.0787742320608,0.0,0.0,0.0,0.0,0.0,0.0,0.0,0.0,0.0,0.0,0.0,0.0,0.0,0.0,0.0,0.0,0.0,0.0,0.0,0.0,0.0,0.0,1.6194095545791903,0.49432526086055869,433.6449077612405,523.1844766738873,15183.812539021334,0.365191614243212,0.0557374258612961,286.2270935358123,346.5220032275507,9404.43287350108,2.762410546006481,0.5219974576731826,342.92781742094845,413.4030695510099,12070.900033222382,0.35692887024674888,0.0674468764638603,227.6659033179921,275.29412613578486,7533.7547292508329,0.0,0.0,12.694125610973888,15.621057080633755,299.42890974689376,0.0,0.0,15.320139561737017,18.591288107688376,477.2243490927232,0.0,0.0,88.03780397348693,107.16865796396326,2626.160285506626,0.0,0.0,34.17816136852802,41.74917479312588,951.1195731753417,0.0,0.0,26.803070570193044,32.51076933967954,845.5821712267463,31.52999216784916,21.62550903144662,546.7126479932487,664.0025016045565,17868.116328511172,0.0,0.0,48.83584376918661,60.99714736289333,732.1938276168514,1863.603667924439,21.675795939860217,28.912541676565426,22.0,30.0,0.0,20.558683226675908,31.020882714453508,16.0,30.0,1725.2710738628569,21.686944289603188,28.906310829382467,21.5,30.0,0.0,20.6315944778111,30.834824568877474,16.0,30.0,0.0,15.830363867051985,41.763298197749367,12.0,30.0,871.421183498536,19.68277274331861,38.33031590039512,19.75,30.0,0.0,19.00150653509791,34.17261747354258,10.0,30.0,1352.035835259237,17.992991472130698,37.165647724865177,20.7,30.0,295.8657226105714,19.878186139732159,36.37956524845307,19.5,30.0,0.0,19.56710591210531,0.0,0.0,0.0,11.557246246334449,0.0,0.0,520.7976041126221,528.4095743033437,519.0217296743939,523.6994188997283,556.547318139137,919.1472597052126,533.1345973875061,597.2656315140769,810.7343627808882,9685.637677463757,81.60058730648896,83.31555326150866,60.0,0.0,60.0,60.0,16.0,16.0,19.0,19.0,19.7,12.0,21.0,10.0,1.0,0.0,1863.603667924439,0.0,1725.2710738628569,0.0,871.421183498536,0.0,1352.035835259237,295.8657226105714,2595.434701111633,1557260.8206669798,2018008.4916387108,81.60058730648896,83.34467907672114,0.3415144900370545,0.7688615800492051,0.36028137401965956,83.34467907672114,0.3542647819438875,2018008.4916387108,0.10709644156521296 
 03/11  08:50:00,4.663333333333334,91.33333333333334,4.648333333333333,86.66666666666666,507.33333333333339,0.0,0.0,0.0,2.0,2.0,0.0,0.0,0.0,0.0,0.0,1560.0,0.0,237.68439271294043,46.6858441502232,119.63165346192231,7.127105415275073,189.69615252077456,0.0,46.68584415022317,63.82308842914429,0.0,0.0,20.63175893484796,-719.0516942459158,19.665784022214859,370.394990249908,20.884131032637236,-1632.911907145636,19.765623617982088,422.05059788404579,15.797536992836687,7.278343563366434,19.065673897991034,-28.614235036007857,18.05085697563598,298.34647232601255,17.803423960168975,-106.44875625694998,18.644477515044728,-26.53096725337636,1110.840816256537,369.13003741990539,0.0,0.0,0.0,0.0,0.0,0.0,0.0,0.0,0.0,0.0,0.0,0.0,0.0,0.0,0.0,0.0,0.0,0.0,0.0,0.0,0.0,0.0,1.5890288652138847,0.4850515461580845,324.6567650799949,391.9323873778625,11087.908738760532,0.3513351493349457,0.05362258078982689,246.14887770456316,298.0321327739462,7924.653928088352,2.438707117168527,0.4608290092911051,371.24172523183008,447.593209181404,12875.538297538202,0.3312206833060274,0.0625889424236635,229.83404143996047,277.9498224222337,7508.095286308576,0.0,0.0,11.820922362534376,14.546878076376663,273.5934118235489,0.0,0.0,12.652989117204664,15.349065018421549,390.1037708387573,0.0,0.0,66.09671489110343,80.45747241118929,1944.260310160591,0.0,0.0,11.167914469983069,13.572764467636553,337.78751967071289,0.0,0.0,13.544542009183849,16.45674028067124,408.3853836682594,31.53030919998383,21.625726474611687,492.6880993357937,598.4832930597447,15864.163987563517,0.0,0.0,21.564945147398324,26.983868550478449,296.207343355033,1006.8684404194677,21.343899613841008,29.703674448910239,21.5,30.0,0.0,20.42455408953393,31.460634401024156,16.0,30.0,2166.723637399408,21.683247896207975,29.122385541049427,21.5,30.0,0.0,20.621953904122934,31.092709114677743,16.0,30.0,0.0,15.81198655729442,42.057342907380107,12.0,30.0,0.0,19.727744554751195,38.66925216540345,19.0,30.0,0.0,18.99392255355392,34.29397860433903,10.0,30.0,1295.3801486890114,19.41486466682315,34.09790910539797,20.7,30.0,0.0,19.369597151618615,38.21808463301842,19.0,30.0,0.0,19.4051060983455,0.0,0.0,0.0,11.121396075261839,0.0,0.0,520.677600256793,527.4066459983496,519.2275828807375,525.7823248053824,557.5970173726196,932.1218517634616,523.1664451871676,595.6325423153683,840.484358505975,9368.187701887453,81.81050260865742,83.52478627405829,60.0,0.0,60.0,60.0,16.0,16.0,19.0,19.0,19.7,12.0,21.0,10.0,1.0,0.0,1006.8684404194677,0.0,2166.723637399408,0.0,0.0,0.0,1295.3801486890114,0.0,2594.403139627126,1556641.8837762757,2015881.5025367707,81.81050260865742,83.553900501728,0.34148010465423758,0.7669925989951342,0.36028137401965956,83.553900501728,0.3542647819438875,2015881.5025367707,0.10696917146524542 
 03/11  09:00:00,4.86,91.0,4.78,94.0,509.5,0.0,0.0,0.0,2.0,2.0,0.0,0.0,0.0,0.0,0.0,1560.0,0.0,292.9580571763104,50.03452518742417,128.21259244583738,8.784476492559206,233.80966174740724,0.0,50.034525187424147,68.40098928642706,0.0,0.0,20.773931639342324,-1413.918328016487,19.764408631213109,576.804322259613,20.903888498305695,-1099.60501375681,19.802912184817548,430.17084243455317,15.781031309814832,9.250271485722209,18.890142607138139,-22.38697023078751,18.10811386138341,316.64845635863119,18.62355832825648,-77.38046657524134,18.759100302946807,-190.841666195194,1161.485590023919,533.3102695138757,0.0,0.0,0.0,0.0,0.0,0.0,0.0,0.0,0.0,0.0,0.0,0.0,0.0,0.0,0.0,0.0,0.0,0.0,0.0,0.0,0.0,0.0,1.5324077330770614,0.4677679282897013,441.2983621257779,532.4796260335036,15079.73818444077,0.35263412549806269,0.053820837224979049,293.416141966589,355.25712885546639,9397.381559913683,2.4637189905493899,0.46555536480525158,351.8749057754055,424.23105831245825,12084.866634575268,0.3396643449473489,0.06418449451008103,225.9659098503218,273.22410701007069,7303.973136119406,0.0,0.0,12.09775258853918,14.889104606996856,274.6908680633883,0.0,0.0,13.591704625625943,16.50767278335428,404.7884013569102,0.0,0.0,72.45187962279417,88.16855125904249,2114.2056052328109,0.0,0.0,25.77699844487168,31.18430388069436,835.9231684418177,0.0,0.0,18.810014298298598,22.850245601323139,562.3747174191245,31.894641254293366,21.875611285523577,555.9996370144152,675.235994457934,17731.107339086928,0.0,0.0,28.450059151989703,35.566522638987169,389.0322602818882,1855.5386826812626,21.666217358785447,29.340423533559336,22.0,30.0,0.0,20.544763925144268,31.49274524515431,16.0,30.0,1649.2341098966354,21.69336955960926,29.287165532366865,21.5,30.0,0.0,20.64989834859861,31.295303880105544,16.0,30.0,0.0,15.795628374546248,42.308048552688259,12.0,30.0,0.0,19.38895296623493,39.96845916037435,19.0,30.0,0.0,19.079722657182974,34.35373534400689,10.0,30.0,1282.5702195181835,20.741918982329268,31.617639502256084,20.7,30.0,997.9585635333473,19.465517596029,38.399718780619028,19.5,30.0,0.0,19.60467053793323,0.0,0.0,0.0,11.320592106151257,0.0,0.0,522.439222866911,530.6095937713893,518.9845644161776,530.195491758725,556.1250914007686,945.9079981759153,523.5618362738587,589.4038802672484,860.7243304837837,9632.599194737795,81.63566486735027,83.33845667734977,60.0,0.0,60.0,60.0,16.0,16.0,19.0,19.0,19.7,12.0,21.0,10.0,1.0,0.0,1855.5386826812626,0.0,1649.2341098966354,0.0,0.0,0.0,1282.5702195181835,997.9585635333473,2577.02853385363,1546217.120312178,2005760.601756138,81.63566486735027,83.36737573516442,0.34090095112845439,0.7674528913329748,0.36028137401965956,83.36737573516442,0.3542647819438875,2005760.601756138,0.10642621795798585 
 03/11  09:10:00,5.110000000000001,89.16666666666667,4.818333333333333,101.33333333333334,511.6666666666667,0.0,0.0,1.0,2.0,0.0,0.0,0.0,0.0,0.0,4.0,3907.0,0.0,358.8595783589526,53.310890376658878,136.60822397531218,10.760517941915492,286.4051421002125,0.0,53.31089037665885,72.8800288969317,0.0,0.0,20.58626158611625,-1221.2523972662712,19.823741788045017,372.562360239316,20.782320568630504,-1168.6872664813507,19.87307468203197,449.1537588522765,15.773225076544394,11.7727723145865,18.781695427781256,-64.60530080283854,17.193909131939493,-742.6407887818091,18.420412719131016,-144.60850167184987,18.591519162011467,-687.5459058663865,1125.3759985138618,2312.1391289050268,0.0,0.0,0.0,0.0,0.0,0.0,0.0,0.0,0.0,0.0,0.0,0.0,0.0,0.0,0.0,0.0,0.0,0.0,0.0,0.0,0.0,0.0,1.5674784982818038,0.4784732900738108,317.16814624736056,383.2680020595988,10480.806429152643,0.3464930232956757,0.052883550564053079,259.5257712598981,314.42430544886596,8167.758184039626,1.9018124505792398,0.3593749906612321,279.5175035803466,337.3454487920224,9431.420545583685,0.31642133694381815,0.059792391712739628,272.3442542675571,329.66980379927909,8685.346624858663,0.0,0.0,12.518403476580089,15.414617319798613,277.67492815990297,0.0,0.0,15.553639132628794,18.914848253882629,447.87186758227008,0.0,0.0,262.94476320704765,322.183737005562,6531.6794798578,0.0,0.0,33.62366680980247,40.773131579747069,1034.8276298724389,0.0,0.0,193.25059510633367,235.14646210550354,5556.576135552365,32.06042754526812,21.98931930402478,524.6731525453884,637.687640590631,16462.982176265046,0.0,0.0,203.2362733178273,251.7761717770175,3752.893681999637,1319.3357970938296,21.26380238990189,30.56609425785238,21.699999999999997,30.0,0.0,20.522271950050898,31.912693661504357,15.999999999999999,30.0,1274.222921365879,21.537692106777727,30.703348296668545,21.4,30.0,0.0,20.735970780595424,31.973966465250255,19.0,30.0,0.0,15.793291806112526,42.807788001369868,12.0,30.0,0.0,19.15105423661869,40.75220257752424,19.0,30.0,0.0,17.216280240794604,40.27919839888697,10.0,30.0,284.496726881745,20.195337590804415,33.921372167589378,19.900000000000003,30.0,0.0,19.175469417377287,36.11739810556665,12.0,30.0,0.0,19.55370767163858,0.0,0.0,0.0,13.83862730609495,0.0,0.0,541.5781065663068,542.5637721250728,572.4079454701035,561.4272659221529,573.2224607681579,951.6487698298524,621.7957585341055,646.7810069489468,659.4875631540109,7939.679317263127,81.69475258840228,83.12720381964968,220.0,0.0,220.0,220.0,16.0,19.0,19.0,12.0,19.7,12.0,21.0,10.0,1.0,0.0,1319.3357970938296,0.0,1274.222921365879,0.0,0.0,0.0,284.496726881745,0.0,2167.7755969948805,1300665.3581969282,1692007.227382876,81.69475258840228,83.15153159696797,0.27625918656649608,0.600266590144745,0.28822509921572767,83.15153159696797,0.2834118255551101,1692007.227382876,0.09572104249057623 
 03/11  09:20:00,5.360000000000001,87.33333333333334,4.856666666666667,108.66666666666667,513.8333333333333,0.0,0.0,1.0,2.0,0.0,0.0,0.0,0.0,0.0,4.0,1564.0,0.0,418.3979998317651,53.60998016203273,137.37475241945416,12.54576485477051,333.92229942894059,0.0,53.609980162032709,73.28890730895627,0.0,0.0,20.671651031903005,-1505.4446753706916,19.879174565538159,458.3967632908425,20.768951332078346,-866.911281465605,19.857473360833663,258.1950376299844,15.764661625931917,8.51461781276798,19.328535707265897,-110.59474510358328,16.64319941006027,-17.532004764007298,18.67301830803292,-301.63833284214396,17.805763101019914,-460.60405751301007,1099.851449369924,1742.5713644686649,0.0,0.0,0.0,0.0,0.0,0.0,0.0,0.0,0.0,0.0,0.0,0.0,0.0,0.0,0.0,0.0,0.0,0.0,0.0,0.0,0.0,0.0,1.4403834733328523,0.43967749491234806,348.36156265609739,420.4568993823219,11431.183669329857,0.3326664830569559,0.05077327274984064,281.75117655876809,341.12508670861049,8723.03431880782,2.0069876178342476,0.37924936089082547,232.2745862642049,280.4932437994171,7629.373970540952,0.304569199827892,0.057552758848807988,231.75493941870583,280.5294488907913,7242.59930271146,0.0,0.0,12.656618534860917,15.575746608950074,274.05491264402317,0.0,0.0,16.594319963309308,20.127446965543205,489.9816918668912,0.0,0.0,262.00874145932678,321.676274823693,6035.877841587445,0.0,0.0,44.69404240699036,54.07499618139976,1389.9397998182372,0.0,0.0,178.01649753435533,217.5058935977449,4606.870069930725,32.26084200172986,22.126777778964248,506.4099660442196,615.2709621780092,15622.615323972639,0.0,0.0,194.89793338591788,240.93513941434913,3724.6293352086188,1838.7423752592247,21.436182390773586,30.5601884943559,22.0,30.0,0.0,20.522516666507128,32.29280298138761,16.0,30.0,983.3386431892723,21.38449360376999,31.50628854650447,21.25,30.0,0.0,20.657149307212828,32.68697241790146,19.0,30.0,0.0,15.78731755670613,43.58313399968106,12.0,30.0,1226.1772736913097,19.78150984058002,39.22971567044481,19.75,30.0,0.0,16.489148852200804,42.356639621334227,10.0,30.0,1259.1314630991117,20.570620034721676,33.76680867707486,20.7,30.0,0.0,17.892456232251523,38.723836447195129,12.0,30.0,0.0,19.538373382762594,0.0,0.0,0.0,14.480637564102278,0.0,0.0,554.8269135901344,557.3522284210264,595.3856283161974,585.54351955376,604.0408062736603,951.8665167487549,624.3845567149449,684.9685089297552,627.2131320491782,8550.37272683248,82.35124629480674,82.35124629480674,220.0,0.0,220.0,220.0,16.0,19.0,19.0,12.0,19.7,12.0,21.0,10.0,1.0,0.0,1838.7423752592247,0.0,983.3386431892723,0.0,1226.1772736913097,0.0,1259.1314630991117,0.0,0.0,0.0,0.0,82.35124629480674,82.35124629480674,0.34,0.7679394803753502,0.36028137401965956,82.35124629480674,0.3542647819438875,0.0,0.0077 
 03/11  09:30:00,5.61,85.5,4.895,116.0,516.0,0.0,0.0,1.0,2.0,0.0,0.0,0.0,0.0,0.0,4.0,782.0,0.0,499.7112044913174,56.650383217995237,145.16573941716147,14.983916811260365,398.8176657192765,0.0,56.650383217995209,77.44536879386674,0.0,0.0,20.659337659987615,-1447.8193554851887,19.98724235254228,405.6809305893148,20.43029644086809,-772.8880770417818,19.77047790800014,337.3381923578172,15.758278580596877,8.832551139381082,19.495747029292816,-117.6307249427702,16.77290957819374,69.43331919221873,18.246824724920665,-238.5699457719286,17.41989021053688,-223.55130338044956,1092.1495439618339,1334.6776114364657,0.0,0.0,0.0,0.0,0.0,0.0,0.0,0.0,0.0,0.0,0.0,0.0,0.0,0.0,0.0,0.0,0.0,0.0,0.0,0.0,0.0,0.0,1.3996253020078427,0.42723605067394468,339.11867689716169,408.997950771661,10932.956281934832,0.3210526903596862,0.04900071586686297,270.1727183859632,326.7610556480099,8260.957921052486,1.8638220875249725,0.35219616166382719,252.07282296975354,304.36666594799888,7978.884282952931,0.3077630308785842,0.058156279455514759,254.75808238777194,308.17827156134617,7744.048463499722,0.0,0.0,12.258996867185534,15.071561561529834,259.0191247212656,0.0,0.0,16.28359889296374,19.707681671304756,481.98768060944817,0.0,0.0,220.83202062577386,270.6080660065269,5103.620316585201,0.0,0.0,45.257318412201119,54.88542883228678,1308.4955145780228,0.0,0.0,136.20686232465438,166.5935971001553,3303.915965009036,32.52398203488583,22.307257911444336,518.5783400410276,629.3982338089761,15710.336377186193,0.0,0.0,151.39566880596116,187.18480608912044,2726.3101250631837,1779.680968728685,21.401140236240637,30.822486398718995,22.0,30.0,0.0,20.58649358623168,32.33381912292181,16.0,30.0,254.57939712865164,21.036482459173447,32.328501544511627,21.0,30.0,0.0,20.49069448162999,33.2632637611224,19.0,30.0,0.0,15.782851420938494,44.01371284647446,12.0,30.0,0.0,20.079027106600969,38.84991246412405,19.0,30.0,0.0,16.794894919827976,41.57721080200871,10.0,30.0,312.3551212969391,19.7242403156461,35.66802927395498,19.7,30.0,0.0,17.348616763869566,40.122556407250538,12.0,30.0,0.0,19.54672374972662,0.0,0.0,0.0,14.152542708464788,0.0,0.0,563.5886569335773,563.1025606705558,601.3923774922464,595.3603327044099,617.2994678343288,953.9037334872951,618.2267438204146,681.8015258525247,623.4778423767178,8191.186639744803,82.58848723158153,82.58848723158153,220.0,0.0,220.0,220.0,16.0,19.0,19.0,12.0,19.7,12.0,21.0,10.0,1.0,0.0,1779.680968728685,0.0,254.57939712865164,0.0,0.0,0.0,312.3551212969391,0.0,0.0,0.0,0.0,82.58848723158153,82.58848723158153,0.34,0.7681746629903337,0.36028137401965956,82.58848723158153,0.3542647819438875,0.0,0.0076633333333333349 
 03/11  09:40:00,5.86,83.66666666666666,4.933333333333334,129.83333333333332,475.16666666666665,0.0,4.0,0.0,0.0,0.0,0.0,0.0,0.0,0.0,0.0,1955.0,0.0,571.5881106764948,60.52775830053629,155.10133569171095,17.13911396343544,456.1818922493137,0.0,60.52775830053626,82.74603449393838,0.0,0.0,20.78112826147422,-1429.365918270865,20.10211245627284,505.7632610222816,20.812309918154776,-577.0252150274396,19.766214125405275,-22.09769264726133,15.761412322321386,19.165130860674347,19.130020819894953,-339.17139298253007,17.334424213187096,551.2743155470608,17.74202874877195,-81.41968048668604,17.153227382838624,-597.343774789189,991.5896236872138,1110.8103420431835,0.0,0.0,0.0,0.0,0.0,0.0,0.0,0.0,0.0,0.0,0.0,0.0,0.0,0.0,0.0,0.0,0.0,0.0,0.0,0.0,0.0,0.0,1.463495223396968,0.4467323636742882,396.514233973871,478.4148780700257,12688.163950669577,0.34515335920645787,0.052679084127969757,295.0752774316037,357.0940835706657,8920.725599134037,1.44379899290002,0.27282671823507567,138.35963490013735,166.88118600931697,4503.516692326441,0.36415023568753338,0.06881145799084151,30.499162355756679,36.932548182197887,914.2804447680809,0.0,0.0,11.791524076589735,14.513722056924376,243.26648104450048,0.0,0.0,85.6811683462204,104.1598330932911,2379.4944227031667,0.0,0.0,252.17144143239529,307.9799394251822,6270.152562830664,0.0,0.0,28.599024762558238,34.835861195165097,766.7730540259357,0.0,0.0,124.45602089020687,152.4877662291256,2834.8993000477305,33.0912714517558,22.696345302987525,341.1992199755202,414.93051477023917,10246.395752644086,0.0,0.0,128.42234723883986,158.89128069447183,2202.2921345389506,1753.5963891613004,21.56885117401419,30.89416572177434,22.0,30.0,0.0,20.67113685602558,32.53264539120326,16.0,30.0,1221.5184256219855,21.704797401923174,30.549366102144739,21.4,30.0,0.0,20.37900597066611,35.91625795535617,19.0,30.0,0.0,15.795252199976885,44.42344302877893,12.000000000000002,30.0,0.0,19.375337918749265,37.1712704901607,16.0,30.0,0.0,17.916191715585798,39.81051380152651,10.0,30.0,0.0,18.835336318731643,37.460812197002628,16.0,30.0,0.0,16.955009647888063,41.68341708705713,12.000000000000002,30.0,0.0,19.22312835611929,0.0,0.0,0.0,13.926802040650943,0.0,0.0,580.1515347397791,577.9159134568213,572.1732960612177,743.4779355426045,632.7447834292873,728.9958483774055,668.586278916359,666.6288907957766,646.691608522846,9061.14460616224,82.01348403357093,83.42920580723572,132.0,0.0,132.0,132.0,16.0,19.0,16.0,12.0,16.0,12.0,21.0,10.0,1.0,0.0,1753.5963891613004,0.0,1221.5184256219855,0.0,0.0,0.0,0.0,0.0,2142.489569608104,1285493.7417648624,1685158.1471139207,82.01348403357093,83.45324946282628,0.3434163189869368,0.76779271113056,0.36028137401965956,83.45324946282628,0.35426478194388757,1685158.1471139207,0.0922042236499239 
 03/11  09:50:00,6.11,81.83333333333333,4.971666666666667,143.66666666666667,434.33333333333339,0.0,4.0,0.0,0.0,0.0,0.0,0.0,0.0,0.0,0.0,1173.0,0.0,636.6380550231926,64.17702415040883,164.45240209805477,19.089606386932056,508.0975758709325,0.0,64.1770241504088,87.73485757890681,0.0,0.0,20.71570068616755,-1418.8712507327046,20.22043477290888,289.77841112750436,20.581965657956574,-160.69405303260894,19.730197105656566,-66.96910782863287,15.778370153676573,26.510112415553729,18.87039885855647,-133.71554691697274,17.520547609458455,112.24820192909898,17.17289930966716,-16.91268147540936,16.651688291086758,-578.8370693381446,934.8329484535643,1364.628545225972,0.0,0.0,0.0,0.0,0.0,0.0,0.0,0.0,0.0,0.0,0.0,0.0,0.0,0.0,0.0,0.0,0.0,0.0,0.0,0.0,0.0,0.0,1.4057233026931094,0.42909746724453926,376.5180771660664,454.47716585043846,11742.03236877104,0.3060497218201679,0.04671088550368867,230.6973642745959,279.12767633072817,6895.304944968306,1.7957560280236842,0.3393340944867132,136.75781603639394,165.37440198605405,4200.418610534722,0.3298827881687516,0.06233612777187297,24.802552536329878,30.030556490752234,726.5207645657606,0.0,0.0,10.566413326877314,12.996302053278495,213.26083487316607,0.0,0.0,64.07294115999778,77.96772064038703,1689.6385442747995,0.0,0.0,295.9104155299553,361.02579947458755,7303.88204215014,0.0,0.0,17.337835971759295,21.17885932827295,421.94115009001106,0.0,0.0,193.52558845637874,237.64858230607326,4032.8955083116277,33.20507029600496,22.774396636491767,318.0012926367399,386.655055237264,9453.551442483573,0.0,0.0,197.15560975769447,243.19569390603869,3602.1659769346526,1860.5256968950633,21.464864601275339,31.14049588106637,22.000000000000019,30.00000000000002,0.0,20.746352692616108,32.524674581250568,16.000000000000015,30.00000000000002,1029.1122700035349,21.266164219114267,31.47853465838626,21.33333333333335,30.00000000000002,0.0,20.265320884544268,38.77328121946858,19.000000000000015,30.00000000000002,0.0,15.829650622095706,44.737781256708888,12.00000000000001,30.00000000000002,0.0,18.94605881141377,37.19306942743505,16.000000000000015,30.00000000000002,0.0,18.106168430148615,38.94152518714862,10.000000000000007,30.00000000000002,0.0,17.873212492885388,39.70680678773851,16.000000000000015,30.00000000000002,0.0,16.174429219997248,44.20042407643656,12.00000000000001,30.00000000000002,0.0,19.11538198639142,0.0,0.0,0.0,14.823381237084569,0.0,0.0,580.5433861651466,582.371097410375,577.4721956722859,905.2081862761622,644.9926174528769,662.1344029790546,641.9487368257068,660.7530848118834,659.1650044277611,9225.41445887486,81.90491606394483,81.90491606394483,132.0000000000001,0.0,132.0000000000001,132.0000000000001,16.0,19.0,16.0,12.0,16.0,12.0,21.0,10.0,1.0,0.0,1860.5256968950633,0.0,1029.1122700035349,0.0,0.0,0.0,0.0,0.0,0.0,0.0,0.0,81.90491606394483,81.90491606394483,0.3400000000000003,0.7700337534978207,0.3602813740196598,81.90491606394483,0.3542647819438878,0.0,0.004554 
 03/11  10:00:00,6.36,80.0,5.01,157.5,393.5,0.0,4.0,0.0,0.0,0.0,0.0,0.0,0.0,0.0,0.0,1173.0,0.0,693.0003395330905,67.61016575765919,173.24965020348896,20.779602134981226,553.0797152718426,0.0,67.61016575765916,92.42822243880443,0.0,0.0,20.80041827362109,-1575.2985975051052,20.322647171353816,434.873601252838,20.574780028028408,-242.3999757317361,19.698689439510369,-65.82583222819136,15.7970778265957,28.47502773426772,18.754606267902575,-133.7804344328877,17.372705192173794,137.5227976998753,16.786718339483494,-39.59031388366199,16.45971524539398,-340.4409965104523,999.953238437135,1257.0475265513833,0.0,0.0,0.0,0.0,0.0,0.0,0.0,0.0,0.0,0.0,0.0,0.0,0.0,0.0,0.0,0.0,0.0,0.0,0.0,0.0,0.0,0.0,1.4028241855297026,0.42821251084545289,398.1186231653825,480.14053945499605,12347.54194010692,0.3219364860532621,0.04913560531948449,272.3573975639104,329.36348317108186,8047.477690195088,1.4872470849845634,0.281036864131626,103.70671262466752,125.29112703851186,3185.815272800994,0.3645190049084054,0.06888114227294134,32.963778297662717,39.916880857640048,940.7996280496273,0.0,0.0,10.55683112267226,12.9817640025765,208.3242321049362,0.0,0.0,61.5931341722674,74.9924351913138,1565.334119265928,0.0,0.0,313.7608035730598,383.2034476885035,7422.717907046954,0.0,0.0,12.359120000108489,15.126297952996812,278.17235635670849,0.0,0.0,206.21531099322437,253.47281535819008,4115.19346397056,33.81021796359691,23.1894499064451,333.4294612957392,405.15356162402807,9785.289840566858,0.0,0.0,214.26500722856265,264.21307359348728,3885.3503996568817,1862.201479771821,21.56676150422564,31.3571420155193,22.000000000000019,30.00000000000002,0.0,20.845334135765108,32.66307174862292,16.000000000000015,30.00000000000002,0.0,21.194880281504259,32.00765846992515,21.000000000000015,30.00000000000002,0.0,20.18119869729595,39.568973615407397,19.000000000000015,30.00000000000002,0.0,15.86353633422053,44.72914963652276,12.00000000000001,30.00000000000002,0.0,18.726757011249153,37.44718918982637,16.000000000000015,30.00000000000002,0.0,17.834738045689215,39.551700357016958,10.000000000000007,30.00000000000002,0.0,17.244764965047076,41.22691772704944,16.000000000000015,30.00000000000002,0.0,15.974048690520402,44.53763804168726,12.00000000000001,30.00000000000002,0.0,19.367211560868733,0.0,0.0,0.0,15.05262657323665,0.0,0.0,602.1784613777124,597.5032382291464,599.9220907887491,940.5482136424269,641.2073869743365,637.6499855571032,627.6849302452537,651.8882242158238,635.8573438863266,10025.532450036317,81.37582580701074,83.64182349977526,132.0000000000001,0.0,132.0000000000001,132.0000000000001,16.0,19.0,16.0,12.0,16.0,12.0,21.0,10.0,1.0,0.0,1862.201479771821,0.0,0.0,0.0,0.0,0.0,0.0,0.0,3429.398654853799,2057639.192912278,2663193.9486707767,81.37582580701074,83.68030766319449,0.34097995516179349,0.7688323663167542,0.3602813740196598,83.68030766319449,0.3542647819438878,2663193.9486707767,0.14301808533088038 
 03/11  10:10:00,6.518333333333334,79.16666666666667,4.995,171.33333333333335,352.66666666666665,0.0,0.0,1.0,2.0,0.0,0.0,0.0,0.0,0.0,0.0,3128.0,0.0,706.0426656067364,69.48119777676262,178.04406901660324,21.17067007596244,563.4886582424815,0.0,69.48119777676257,94.98606506075103,0.0,0.0,20.853304379161267,-1517.0821286655037,20.387062019157363,369.17645797585626,20.74154795264476,-1205.6581554474499,19.809074381238856,580.332487366255,15.808633932778165,28.11953160397136,19.384547072952964,-101.16263282410233,17.29320902130865,82.86294884041695,17.61133513735554,-90.05078291170854,16.37692527270283,-282.0495037338658,1067.913214878848,1172.454553550093,0.0,0.0,0.0,0.0,0.0,0.0,0.0,0.0,0.0,0.0,0.0,0.0,0.0,0.0,0.0,0.0,0.0,0.0,0.0,0.0,0.0,0.0,1.3651341917364733,0.4167076287351872,402.2301885013599,485.1977394131588,12393.387593925963,0.3078452271188248,0.04698492477393541,258.18814533140366,312.3036240722128,7546.532592363042,1.5121424202881089,0.2857411980892119,361.5107797925304,436.2523188133726,11123.74402301379,0.3413985349059876,0.06451219480460836,327.3713752295016,396.53655838645087,9323.079647413235,0.0,0.0,11.276467972605842,13.875676890229706,219.27546894525634,0.0,0.0,17.356435032453928,21.07281804107912,469.9869044176156,0.0,0.0,263.8818734673801,322.69973296926266,6074.553449236495,0.0,0.0,23.91547729588021,29.10882379000946,603.4403428043033,0.0,0.0,209.127600168856,257.29916658387148,4079.188196643793,33.59516633331671,23.04195221763835,578.3776452056148,702.3721514640546,16475.361424343453,0.0,0.0,213.96174121522979,263.91141140485515,3865.587068523191,1863.7971187030656,21.63555960464203,31.990273062593237,22.0,30.0,0.0,20.850205270828036,33.431743842849389,16.0,30.0,1650.4238461709256,21.502490679817134,32.12775715380815,21.375,30.0,0.0,20.462163363788624,34.45293880911534,16.0,30.0,0.0,15.884374867508792,44.76964839197527,12.0,30.0,914.5518005596662,19.733622725144416,36.3184248179021,19.625,30.0,0.0,17.67910420550798,40.299670296658778,10.0,30.0,1351.5811479147838,18.564207253397546,38.619667326417779,20.7,30.0,0.0,15.914712803501024,44.85536984738132,12.0,30.0,0.0,19.679070295169614,0.0,0.0,0.0,15.183837236415725,0.0,0.0,651.961745738341,645.3108959094791,643.1380868401507,658.0507995477194,637.8857145691424,713.4270172083246,638.3261058654404,696.0403358908711,634.9138110103307,10165.216907265954,81.28342080939982,85.61681704157089,60.0,0.0,60.0,60.0,16.0,16.0,19.0,12.0,19.7,12.0,21.0,10.0,1.0,0.0,1863.7971187030656,0.0,1650.4238461709256,0.0,914.5518005596662,0.0,1351.5811479147838,0.0,6558.10369530046,3934862.217180276,5146888.100020199,81.28342080939982,85.69041249548137,0.3461034565100154,0.7647347091016412,0.36028137401965956,85.69041249548137,0.3542647819438875,5146888.100020199,0.2696881812010504 
 03/11  10:20:00,6.676666666666668,78.33333333333334,4.98,185.16666666666669,311.8333333333333,0.0,0.0,1.0,2.0,0.0,0.0,0.0,0.0,0.0,0.0,1564.0,0.0,740.9333581744081,72.53348916525457,185.86538795980312,22.216848238380594,591.3345233594635,0.0,72.53348916525452,99.15877879754028,0.0,0.0,20.92219160184058,-1409.2086603953936,20.482858771746238,345.1839401108273,20.810609434406169,-1239.9193849310648,19.954701757960359,507.87379037875669,15.820468255070836,27.295523671119015,19.44260048986606,-102.46135959861656,17.230958447955396,100.98566507578971,18.62318835478545,-264.2484509316831,16.340436497501196,-202.43956172721097,1067.4528140225612,1161.6259498837499,0.0,0.0,0.0,0.0,0.0,0.0,0.0,0.0,0.0,0.0,0.0,0.0,0.0,0.0,0.0,0.0,0.0,0.0,0.0,0.0,0.0,0.0,1.3540567105226694,0.41332622421326906,381.57563015827039,460.05796062574736,11666.276992087194,0.30480345505686898,0.046520673848728478,252.46809615723738,305.0858349819953,7335.247687417597,1.4329240940386999,0.27077174868456169,363.1602468810012,437.8223326700364,11042.975409755887,0.3332972604233865,0.0629813417277752,318.76268317279939,385.49984118947648,9114.552686631572,0.0,0.0,11.275555570846985,13.866082043108597,216.00550514823383,0.0,0.0,17.382921104296785,21.089735219793245,464.2882651878124,0.0,0.0,258.03275354485336,315.50260539767739,5801.795634827127,0.0,0.0,42.19951811346178,51.07749319245679,1180.062205822423,0.0,0.0,212.10275790296036,260.8237787574576,4069.2340968283749,33.45549147071607,22.94615327209608,568.281065910239,689.4025183090773,16113.231784038813,0.0,0.0,217.9571464588213,268.4305627659696,3992.234019398112,1825.731742933889,21.69912618866583,31.764204517318399,22.0,30.0,0.0,20.919544171793864,33.37628179286756,16.0,30.0,1825.0398530354246,21.556604501629935,32.071733447291659,21.5,30.0,0.0,20.66239270869224,33.842945077070577,16.0,30.0,0.0,15.903475342585058,44.92969987322755,12.0,30.0,0.0,19.720479785292129,38.130360658113989,19.0,30.0,0.0,17.57239855085083,40.739787160890958,10.0,30.0,1277.5040831548163,20.30134425072916,35.19329066000841,20.7,30.0,0.0,15.917759099495989,45.21383441567591,12.0,30.0,0.0,19.75635455325589,0.0,0.0,0.0,15.470964171714702,0.0,0.0,643.8515889135165,649.3664174504502,643.2400498017685,643.7481532552201,639.6715644715085,819.8147368842299,644.3387984304868,711.8046624517481,648.7010567146767,9356.363572059427,81.81831250021921,83.57185941369382,60.0,0.0,60.0,60.0,16.0,16.0,19.0,12.0,19.7,12.0,21.0,10.0,1.0,0.0,1825.731742933889,0.0,1825.0398530354246,0.0,0.0,0.0,1277.5040831548163,0.0,2653.7637426539029,1592258.2455923416,2063006.3198202323,81.81831250021921,83.60164046166087,0.34345879142179677,0.7687019661965562,0.36028137401965956,83.60164046166087,0.3542647819438875,2063006.3198202323,0.10929966196398543 
 03/11  10:30:00,6.835,77.5,4.965,199.0,271.0,0.0,0.0,1.0,2.0,0.0,0.0,0.0,0.0,0.0,0.0,1173.0,0.0,765.7049032102932,75.4161827614666,193.25211236031039,22.95960766388059,611.1043935427359,0.0,75.41618276146657,103.09963949426796,0.0,0.0,20.900949571581486,-1161.6577121872236,20.556446914887034,215.6593794272566,20.904064038155636,-1324.1031443162006,20.04055460200481,341.81312402472778,15.830455293194519,26.489089517797664,19.377353776729146,-92.60206219230615,17.212164626719603,96.56582714467909,18.747867361053744,-291.3362664482172,16.361119239146615,-147.47477144865838,990.1660332557926,1090.9702822152204,0.0,0.0,0.0,0.0,0.0,0.0,0.0,0.0,0.0,0.0,0.0,0.0,0.0,0.0,0.0,0.0,0.0,0.0,0.0,0.0,0.0,0.0,1.327158745478492,0.4051156121729218,330.7268058064859,398.68702910566096,9984.584684351401,0.2867712206494394,0.043768501320122,205.14005780303365,247.83297423638374,5907.97909161293,1.407908935803178,0.26604477244958016,326.42611716891909,393.1781511393466,9881.95995658787,0.3107296706623504,0.05871686898381524,267.265160877631,323.0103764168779,7606.911157097989,0.0,0.0,10.976009717011295,13.49267325960676,207.0070910700254,0.0,0.0,16.619906207976326,20.16519635547644,433.4485499635039,0.0,0.0,248.71305168495963,304.0374154735232,5494.03089826596,0.0,0.0,47.566602713980248,57.57606767402308,1314.43496991158,0.0,0.0,206.91186526139783,254.27876212137847,3937.317022770726,33.186069524381277,22.761364557188803,474.37798602878686,575.4128172493427,13388.478829676347,0.0,0.0,213.20344687639023,262.3176305521936,3915.8830652053045,1575.6601313537386,21.64499757462507,31.74281773654286,21.999999999999994,29.99999999999999,0.0,20.948490213658596,33.25435328933415,15.999999999999993,29.99999999999999,2178.603001243817,21.65420706701568,31.718852589228854,21.666666666666658,29.99999999999999,0.0,20.74328793162487,33.619727156307529,15.999999999999993,29.99999999999999,0.0,15.918703425246385,45.0830071389595,11.999999999999995,29.99999999999999,0.0,19.56182634667403,39.678320232785477,18.999999999999994,29.99999999999999,0.0,17.537365032657428,40.96625529809878,9.999999999999997,29.99999999999999,833.7579193352301,20.3550448497837,35.26397636717954,20.033333333333326,29.99999999999999,0.0,16.0036503240089,45.24888609875142,11.999999999999995,29.99999999999999,0.0,19.635098769859846,0.0,0.0,0.0,15.658919662705344,0.0,0.0,632.7673351802671,644.0249532423927,629.3028139102734,639.2991472579901,643.5728910570927,884.0420131777406,649.4189605160088,705.804637181776,659.1219450619058,11031.3180874934,80.71034568601039,86.01946707808938,59.99999999999998,0.0,59.99999999999998,59.99999999999998,16.0,16.0,19.0,12.0,19.7,12.0,21.0,10.0,1.0,0.0,1575.6601313537386,0.0,2178.603001243817,0.0,0.0,0.0,833.7579193352301,0.0,8033.46354151718,4820078.12491031,6269091.746410882,80.71034568601039,86.10963358440034,0.38111545138390598,0.7677834302064951,0.36028137401965945,86.10963358440034,0.35426478194388735,6269091.746410882,0.3279894374800326 
 03/11  10:40:00,6.993333333333334,76.66666666666667,4.95,200.16666666666669,297.5,0.0,0.0,0.0,0.0,0.0,0.0,0.0,0.0,0.0,0.0,2349.0,0.0,846.7581210891228,76.8378915443,196.89528635633355,25.389964056810166,675.7922673017121,0.0,76.83789154429997,105.04322318690285,0.0,0.0,20.796495090058497,-750.5020481006292,20.596174774945369,176.5597432772053,20.866719746542658,-1439.5637845284733,20.065381483586468,337.0086561696314,15.845028449509732,28.871321955614748,19.23677591077496,-285.3280082521753,17.306239849958133,211.19885772819647,18.330321334800844,-191.95753978599084,16.393017009924458,-113.0065558348376,967.5144576663993,1022.1091177367993,0.0,0.0,0.0,0.0,0.0,0.0,0.0,0.0,0.0,0.0,0.0,0.0,0.0,0.0,0.0,0.0,0.0,0.0,0.0,0.0,0.0,0.0,1.33415262003249,0.40725049451541175,260.5152718948447,314.36027402476869,7705.58714070675,0.28726768599950328,0.043844274419948568,191.0103404546572,230.92001614412656,5420.212537505582,1.275876283569421,0.24109529167978459,340.96781789815307,411.09962894474065,10188.475479610668,0.300010830769892,0.05669138903437104,269.1891107158694,325.596085779633,7561.172218575546,0.0,0.0,11.000136456186367,13.530535638931685,204.23937192827186,0.0,0.0,81.15170140736315,98.67936557964318,2038.2829919932499,0.0,0.0,313.4034768735808,383.0823896085531,6937.688483969305,0.0,0.0,41.71155139708079,50.661228973059127,1082.6537690503029,0.0,0.0,206.23334980198468,253.51705416751879,3893.0537775017776,32.98197687283644,22.621383314702624,453.91833038462826,550.9231282390065,12691.597225031586,0.0,0.0,212.16927933992919,261.09881084319758,3874.8007485745386,971.0179867771107,21.40576941287377,32.13419192864506,21.499999999999976,29.999999999999969,0.0,20.898777064808149,33.22756295236742,15.999999999999983,29.999999999999969,1826.5959010955278,21.588750534918696,31.72566551175298,21.499999999999976,29.999999999999969,0.0,20.751436067964514,33.437673017564929,15.999999999999983,29.999999999999969,0.0,15.937377439990926,45.319740397076738,11.99999999999999,29.999999999999969,0.0,19.230669077233384,38.27323504451624,15.999999999999983,29.999999999999969,0.0,17.727133770709277,41.12094432984237,9.99999999999999,29.999999999999969,0.0,19.607998483411575,36.5863623455043,15.999999999999983,29.999999999999969,0.0,16.091911130379925,45.42915184122945,11.99999999999999,29.999999999999969,0.0,19.65520370800642,0.0,0.0,0.0,15.770823987625589,0.0,0.0,624.3212346408634,632.3632220767231,618.3424642955769,623.614692264019,653.8755502600419,739.0691809793918,682.1020373902284,683.4644736120961,675.8906250774378,6145.772620079097,81.54780861815269,82.74670747506142,59.999999999999939,0.0,59.999999999999939,59.999999999999939,16.0,16.0,16.0,12.0,16.0,12.0,21.0,10.0,1.0,0.0,971.0179867771107,0.0,1826.5959010955278,0.0,0.0,0.0,0.0,0.0,1814.3292697746149,1088597.5618647705,1410007.7403812463,81.54780861815269,82.76706875772278,0.23047764232582028,0.48747555909273707,0.2401875826797727,82.76706875772278,0.23617652129592468,1410007.7403812463,0.0752904024998248 
 03/11  10:50:00,7.151666666666666,75.83333333333333,4.9350000000000009,201.33333333333335,324.0,0.0,0.0,0.0,0.0,0.0,0.0,0.0,0.0,0.0,0.0,1568.0,0.0,932.7448861141381,78.26872621403021,200.5618467321178,27.968250528177756,744.4175532001775,0.0,78.26872621403017,106.99928265880253,0.0,0.0,20.837195447857803,-1105.231328318406,20.705752738204489,161.96438179140285,20.507761268557418,-412.36719997172806,20.039733361648037,172.28485607995027,15.86620307871144,28.857203350853966,19.10532412845841,-185.39241815179458,17.393063897579798,151.06654231440508,17.61185846287278,-62.44493650201704,16.42231701500806,-111.49915489113391,911.6963800662354,926.0356711125035,0.0,0.0,0.0,0.0,0.0,0.0,0.0,0.0,0.0,0.0,0.0,0.0,0.0,0.0,0.0,0.0,0.0,0.0,0.0,0.0,0.0,0.0,1.2918020128456723,0.39432295874410019,326.7086352373347,394.3340387695804,9578.370470864656,0.271010309538849,0.0413629898563567,190.22668653340018,230.04436379537658,5366.760992505379,1.552920560228899,0.2934468178815003,252.10909462789858,304.67284406240847,7221.466988061557,0.2963769048661745,0.05600470613495359,238.78065853059705,288.93315534090285,6589.469795834839,0.0,0.0,10.41305510134943,12.802766268078243,190.5097574675638,0.0,0.0,69.8094618317104,84.94962363322002,1693.318905471355,0.0,0.0,308.2371946508878,376.47523760570587,6803.429759351177,0.0,0.0,27.568864159406937,33.62216206102085,639.5225065494551,0.0,0.0,203.7852620604074,250.34970522364714,3809.1425136430327,32.731336499180958,22.44947633688681,404.9636342769028,491.81956077152139,11224.894252625816,0.0,0.0,208.3846768312831,256.2993245920984,3760.471681972684,1445.9956990858864,21.58732190159629,31.731632759601014,21.75,30.0,0.0,20.973550262464497,32.96624181465661,16.0,30.0,170.84886572856247,21.11958876053743,32.603064133134669,21.0,30.0,0.0,20.66393300265068,33.5828802395735,16.0,30.0,0.0,15.965189899214165,45.535766202072988,12.0,30.0,0.0,18.9623385364324,38.0431150616608,16.0,30.0,0.0,17.85766388718764,40.579969731891768,10.0,30.0,0.0,18.3734352155538,39.40937971933006,16.0,30.0,0.0,16.16257807354658,45.34087633459543,12.0,30.0,0.0,19.584197285931237,0.0,0.0,0.0,15.826462488034057,0.0,0.0,619.221323329441,621.8972311742913,614.9625496094275,620.0701614700647,664.3617031692982,680.6349519130324,666.5844935221655,677.0840705460103,678.275420312908,8140.271266817431,82.62236158265312,82.62236158265312,60.0,0.0,60.0,60.0,16.0,16.0,16.0,12.0,16.0,12.0,21.0,10.0,1.0,0.0,1445.9956990858864,0.0,170.84886572856247,0.0,0.0,0.0,0.0,0.0,0.0,0.0,0.0,82.62236158265312,82.62236158265312,0.34,0.768821731831377,0.36028137401965956,82.62236158265312,0.3542647819438875,0.0,0.0019500000000000002 
 03/11  11:00:00,7.31,75.0,4.92,202.5,350.5,0.0,0.0,0.0,0.0,0.0,0.0,0.0,0.0,0.0,0.0,1568.0,0.0,1023.2533464591688,79.70538517427795,204.243332681155,30.682117822444846,816.651555825308,0.0,79.70538517427791,108.96330437740683,0.0,0.0,21.048586084349247,-1199.9316192547522,20.77237353330996,244.4306328160592,20.916251484053615,-1617.858718373488,20.12295236029869,603.7475463035985,15.889181094104329,28.1576009392014,19.09961343058653,-157.76163574120688,17.400794989446469,197.40890126085015,17.20476815211827,-16.374605759852686,16.445917243156939,-103.93659976748904,993.1523636943439,817.3830017978507,0.0,0.0,0.0,0.0,0.0,0.0,0.0,0.0,0.0,0.0,0.0,0.0,0.0,0.0,0.0,0.0,0.0,0.0,0.0,0.0,0.0,0.0,1.3681633128316964,0.4176322688741442,419.9518018494086,506.09025094204056,12451.977254796711,0.30663813946320558,0.04680069283626459,262.34517891547758,316.93267830993758,7308.457922575212,1.194008796376528,0.22562524496910969,446.4413907918795,538.3935613247348,13108.130154550423,0.32491089611000675,0.06139661680083269,345.77025659021839,418.0697704285901,9547.486700057578,0.0,0.0,10.13884758222093,12.461730565572124,182.76258465074489,0.0,0.0,64.87929090284402,78.9565316810949,1542.6516916394158,0.0,0.0,297.55268654341548,363.39748739139687,6473.994314439691,0.0,0.0,12.982946749585644,15.862573538516039,278.26301636616668,0.0,0.0,193.03322887087368,237.095211466565,3566.182243178724,32.83702987475333,22.521968364028355,661.9011078910347,802.7131088752176,18000.993447414738,0.0,0.0,196.01198034194796,241.04334053966924,3490.799113995423,1623.3158885001395,21.884256702800177,31.068341923647954,22.0,30.0,0.0,20.953412966191967,32.91268172467344,16.0,30.0,2204.0268583776326,21.744668773445654,31.29445090397838,21.75,30.0,0.0,20.85381893831231,33.11289606376465,16.0,30.0,0.0,15.993550235179353,45.50044678258187,12.0,30.0,0.0,18.88700767218076,37.962681031398918,16.0,30.0,0.0,17.8620308255773,40.32957645800025,10.0,30.0,0.0,17.711766441256754,40.98578831814057,16.0,30.0,0.0,16.217662323239119,44.92637118339927,12.0,30.0,0.0,20.0117120423752,0.0,0.0,0.0,15.870818732421819,0.0,0.0,610.6906920730467,612.7126270326178,606.1439228343234,612.4990834028148,662.2903656497477,659.6704215642863,647.3509345323492,669.2454083102242,659.4643745597612,8978.96744481615,82.06780181563004,83.78670665931895,60.0,0.0,60.0,60.0,16.0,16.0,16.0,12.0,16.0,12.0,21.0,10.0,1.0,0.0,1623.3158885001395,0.0,2204.0268583776326,0.0,0.0,0.0,0.0,0.0,2601.389869537517,1560833.9217225102,2049409.6411899743,82.06780181563004,83.81589936993726,0.34171299565125065,0.7663593862717442,0.36028137401965956,83.81589936993726,0.3542647819438875,2049409.6411899743,0.10849930134187866 
 03/11  11:10:00,7.48,74.33333333333333,4.916666666666667,203.66666666666667,377.0,0.0,0.0,0.0,0.0,0.0,0.0,0.0,0.0,0.0,0.0,1568.0,0.0,1117.8915905287323,81.14408125292003,207.93003912724203,33.51981458005055,892.1814938266211,0.0,81.14408125291999,110.93011099129983,0.0,0.0,20.824461543516415,-908.3075936599503,20.906478628524629,-61.72427384197283,20.764649399832856,-330.07894461438925,20.071837363345666,45.498498319489957,15.917149555520059,28.35248876767102,19.14879875881703,-139.08010340946533,17.449917821799354,126.59258947391982,16.90702801655523,-31.83408709866292,16.484739831891678,-47.654358859263769,819.8358523540783,790.8516053576329,0.0,0.0,0.0,0.0,0.0,0.0,0.0,0.0,0.0,0.0,0.0,0.0,0.0,0.0,0.0,0.0,0.0,0.0,0.0,0.0,0.0,0.0,1.2376027308345619,0.37777861136586146,277.08313996658935,334.5339919724522,7866.596416179719,0.23588204221330748,0.03600153269433875,151.45153603003383,183.10329958701056,4183.705371525702,1.7297168552364358,0.32685503689275066,195.3701646339395,235.84044039326478,5534.963208772851,0.2814298174125096,0.05318023760629431,195.61044869066246,236.63150605949648,5255.316245137605,0.0,0.0,9.699679071490701,11.921385210308192,172.10115216011753,0.0,0.0,61.758823711679337,75.15975382644428,1447.4297642227637,0.0,0.0,296.1281134891476,361.6112751994224,6369.74249501137,0.0,0.0,14.47650298009252,17.717737632626556,292.33903089109819,0.0,0.0,188.44118846203785,231.3952865843861,3446.048551331542,31.96462866257835,21.923613623167598,325.3606358878445,395.1722406754538,8833.239793110059,0.0,0.0,199.81983478491578,245.57061821734983,3564.243730694545,1223.9315295989282,21.506184254037576,31.70934701410812,21.75,30.0,0.0,21.01636768828388,32.69775640425303,16.0,30.0,1043.9557146688188,21.296005696379237,32.10901136877044,21.25,30.0,0.0,20.64609434355637,33.47205007835689,16.0,30.0,0.0,16.028679744231316,45.327816101027149,12.0,30.0,0.0,18.890953588029029,37.74953597536977,16.0,30.0,0.0,17.915865634211614,40.00232320778087,10.0,30.0,0.0,17.2515329320788,42.037031640071038,16.0,30.0,0.0,16.30021459528402,44.44129086269736,12.0,30.0,0.0,19.48950446033424,0.0,0.0,0.0,16.061080331841806,0.0,0.0,600.8104584073599,603.9219085745522,599.1307660343009,605.8559046287769,654.1007760752543,642.4864100473935,632.1489214707292,657.116846913715,641.5276071214726,8005.723529469884,82.71131762287615,82.71131762287617,60.0,0.0,60.0,60.0,16.0,16.0,16.0,12.0,16.0,12.0,21.0,10.0,1.0,0.0,1223.9315295989282,0.0,1043.9557146688188,0.0,0.0,0.0,0.0,0.0,0.0,0.0,0.0,82.71131762287615,82.71131762287615,0.34,0.7678555831270151,0.36028137401965956,82.71131762287615,0.3542647819438875,0.0,0.00191 
 03/11  11:20:00,7.65,73.66666666666667,4.913333333333334,204.83333333333335,403.5,0.0,0.0,0.0,0.0,0.0,0.0,0.0,0.0,0.0,0.0,1176.0,0.0,1216.2807555749149,82.58059732846921,211.61115926599246,36.469980703215927,970.7049999828016,0.0,82.58059732846918,112.89393737568844,0.0,0.0,20.91964928373154,-1570.675552987913,21.003204981210336,149.82797009730616,20.779765034737105,-468.34997246443569,19.983307625197005,255.52161961150029,15.948548660225342,28.615280793613548,19.23322967586242,-147.97703280286133,17.48026948751797,197.30398266705249,16.673254095885249,-26.938657790697535,16.52848142243446,-46.62630305059973,886.8560789417979,723.5398035148444,0.0,0.0,0.0,0.0,0.0,0.0,0.0,0.0,0.0,0.0,0.0,0.0,0.0,0.0,0.0,0.0,0.0,0.0,0.0,0.0,0.0,0.0,1.2378361328268244,0.3778498573952454,383.1135160730447,461.6942111325923,10905.694108709678,0.2544458416276629,0.03883483541325746,191.53197812882329,231.3185809052548,5237.749025828889,1.6687366894774305,0.31533195190427645,247.77955749884718,298.9586522305335,6969.2917575225,0.30243994969144585,0.05715040621531474,261.4623444160205,316.39073020325227,6873.857543008372,0.0,0.0,9.914076414412172,12.178785654715226,173.19097066488309,0.0,0.0,63.331487706241379,77.036839446299,1467.9065678202676,0.0,0.0,297.70238466433326,363.3134790596379,6336.20111026081,0.0,0.0,18.360373226547187,22.482394186712868,351.09798635484028,0.0,0.0,181.90800870140283,223.23207790042978,3290.354851829884,31.65213965687505,21.709286458762038,446.8862021687652,542.0973243498268,11872.378210785893,0.0,0.0,197.742924749628,242.81120657193774,3509.147139373994,1817.326867686043,21.6201764816433,31.410048419464169,21.999999999999994,29.99999999999999,0.0,21.068480721767029,32.53153893587351,15.999999999999993,29.99999999999999,844.271775062291,21.45809341793169,31.741773348227608,21.333333333333326,29.99999999999999,0.0,20.521753748445748,33.640195139754698,15.999999999999993,29.99999999999999,0.0,16.067416194976248,45.11477123180104,11.999999999999995,29.99999999999999,0.0,18.93647724625282,37.52313960924437,15.999999999999993,29.99999999999999,0.0,17.97778021400692,39.764431186014459,9.999999999999997,29.99999999999999,0.0,16.904129337685004,42.8134824952134,15.999999999999993,29.99999999999999,0.0,16.375936378429736,44.11959285748169,11.999999999999995,29.99999999999999,0.0,19.787274890782379,0.0,0.0,0.0,16.19135510329938,0.0,0.0,592.991345722103,597.4127830022807,593.6247098517735,596.8819319109953,644.9756835390197,632.2922330569188,625.4059611061422,645.1635284778811,633.6916746918738,7307.483659740944,83.17294244644507,83.17294244644507,59.99999999999998,0.0,59.99999999999998,59.99999999999998,16.0,16.0,16.0,12.0,16.0,12.0,21.0,10.0,1.0,0.0,1817.326867686043,0.0,844.271775062291,0.0,0.0,0.0,0.0,0.0,0.0,0.0,0.0,83.17294244644507,83.17294244644507,0.3399999999999999,0.7689246259656655,0.36028137401965945,83.17294244644507,0.35426478194388735,0.0,0.0019066666666666668 
 03/11  11:30:00,7.82,73.0,4.91,206.0,430.0,0.0,0.0,0.0,0.0,0.0,0.0,0.0,0.0,0.0,0.0,1176.0,0.0,1371.0539138698612,85.02392520047825,217.87217715522446,41.11079105583468,1094.2279444354563,0.0,85.0239252004782,116.23415181702632,0.0,0.0,20.9944608077554,-1465.5497795698244,21.244748594397814,174.622268665835,20.719899568760185,-235.02724188852629,20.048457165402718,352.77729178863947,15.990411858352744,31.671534793115737,19.366292008965894,-140.1519828716953,17.57063899777338,204.9953600803576,16.50839828471165,-14.122464652831275,16.591676344183285,11.576695848504638,938.0568399406575,707.287426369222,0.0,0.0,0.0,0.0,0.0,0.0,0.0,0.0,0.0,0.0,0.0,0.0,0.0,0.0,0.0,0.0,0.0,0.0,0.0,0.0,0.0,0.0,1.246551279759413,0.3805101586567194,392.4741576043247,472.8070453587276,11114.971888367836,0.2579844402694754,0.039374914571043247,194.84998834266595,235.22222213157955,5349.6017017744329,1.746245644731537,0.32997839091676819,253.37196714122545,305.95739004043687,6931.39338571651,0.30717691877158345,0.05804552508911248,267.71744871784088,323.84665583111396,7007.42447135196,0.0,0.0,10.048359281045667,12.341641592974878,173.03381493546346,0.0,0.0,62.57149008756262,76.08991942562347,1439.891512333977,0.0,0.0,303.80278393683127,370.5741177002984,6446.978462265437,0.0,0.0,25.268678499554878,30.974748546700718,463.326772725625,0.0,0.0,178.8075440172616,219.33097601455234,3211.537047714256,31.464490844315188,21.580583569489158,455.2125606826751,551.8897289221841,12113.581884802818,0.0,0.0,203.1623929269424,249.2662386527747,3626.3680828905828,1778.1557707802645,21.72807135554161,31.137470175420956,21.999999999999994,29.99999999999999,0.0,21.308900459661577,32.00690038593642,15.999999999999993,29.99999999999999,0.0,21.163064262715144,32.26252358885641,20.999999999999994,29.99999999999999,0.0,20.640461044399218,33.3105682729163,15.999999999999993,29.99999999999999,0.0,16.119056073364328,44.8477271392997,11.999999999999995,29.99999999999999,0.0,19.030070640029306,37.17983019802169,15.999999999999993,29.99999999999999,0.0,18.123075961793707,39.268134850135428,9.999999999999997,29.99999999999999,0.0,16.67555077467061,43.239145531619758,15.999999999999993,29.99999999999999,0.0,16.487587685435675,43.63979766588558,11.999999999999995,29.99999999999999,0.0,19.98012898903017,0.0,0.0,0.0,16.418211213719247,0.0,0.0,584.7968791733813,591.5623390293048,587.8444716920221,587.5460621753267,635.2640967573368,621.2643888382618,613.9639286191446,630.1032335971196,621.1149693319305,9038.285814656341,82.02869332587773,82.02869332587773,59.99999999999998,0.0,59.99999999999998,59.99999999999998,16.0,16.0,16.0,12.0,16.0,12.0,21.0,10.0,1.0,0.0,1778.1557707802645,0.0,0.0,0.0,0.0,0.0,0.0,0.0,0.0,0.0,0.0,82.02869332587773,82.02869332587773,0.3399999999999999,0.7683901117813303,0.36028137401965945,82.02869332587773,0.35426478194388735,0.0,0.0019033333333333338 
 03/11  11:40:00,7.99,72.33333333333333,4.906666666666666,195.5,462.33333333333339,0.0,0.0,0.0,0.0,0.0,0.0,0.0,0.0,0.0,0.0,784.0,0.0,1464.8566157964518,83.25937378087655,213.35067807429457,43.92342515533774,1169.0909435293527,0.0,83.2593737808765,113.82187624739899,0.0,0.0,20.96078451818963,-1449.5685971611738,21.412133495177917,11.952548132581569,20.359786419354586,162.48603861608718,19.967965460294523,170.1039887352863,16.035531739310757,30.5295750478422,19.517908338840287,-152.55958750924516,17.58988858163135,176.04296692543086,16.386406185897543,-0.4091693609913136,16.654844946494955,10.975031763510743,803.8697915717694,649.8312449832065,0.0,0.0,0.0,0.0,0.0,0.0,0.0,0.0,0.0,0.0,0.0,0.0,0.0,0.0,0.0,0.0,0.0,0.0,0.0,0.0,0.0,0.0,1.1510959573737969,0.3513723923607439,381.06248835171666,458.9977966887948,10600.187182889978,0.21382183517243753,0.032634590227783508,102.45867055989504,123.59307789191453,2798.480021777058,2.047183065590933,0.38684487256064517,232.35418024884059,280.5041753360222,6188.403146274245,0.3030344146610787,0.057262738976016368,233.5919933290944,282.5212129392259,5943.789462793162,0.0,0.0,9.829385766347056,12.061674325885726,166.95356608687286,0.0,0.0,62.583633139429199,76.01104813823105,1434.72221806793,0.0,0.0,301.8389853806402,367.9231579227819,6301.766448961591,0.0,0.0,26.960481733365307,33.041614983329349,476.30322913563028,0.0,0.0,176.50175810573479,216.29153767468936,3143.304763940761,30.722449972958719,21.071639213277594,335.6242861463332,407.1387759815983,8704.826657512313,0.0,0.0,202.24034158131136,247.83534011372445,3604.8161207776195,1746.5585798117823,21.642299719469969,31.264373580038268,22.0,30.0,0.0,21.39904140923165,31.787919948925898,16.0,30.0,102.67984866242456,20.954950900576536,32.63536931977918,21.0,30.0,0.0,20.44549082574106,33.719350197381519,16.0,30.0,0.0,16.17641780790934,44.57280783466646,12.0,30.0,0.0,19.160478202103464,36.80564287672269,16.0,30.0,0.0,18.125627311842139,39.2068650589847,10.0,30.0,0.0,16.516989747024494,43.544005271031839,16.0,30.0,0.0,16.587297994909819,43.29748130431484,12.0,30.0,0.0,19.596705787072474,0.0,0.0,0.0,16.58077257809396,0.0,0.0,580.2219436314914,586.6740104759489,583.1720839540867,587.7935754681812,626.3924826802219,614.6495807952529,609.2079526575334,620.0644468871419,616.0354890168892,8600.57952644057,82.31810995442548,82.3181099544255,60.0,0.0,60.0,60.0,16.0,16.0,16.0,12.0,16.0,12.0,21.0,10.0,1.0,0.0,1746.5585798117823,0.0,102.67984866242456,0.0,0.0,0.0,0.0,0.0,0.0,0.0,0.0,82.31810995442548,82.31810995442548,0.34,0.7706873411173352,0.36028137401965956,82.31810995442548,0.3542647819438875,0.0,0.0018999999999999998 
 03/11  11:50:00,8.16,71.66666666666667,4.903333333333334,185.0,494.66666666666665,0.0,0.0,0.0,0.0,0.0,0.0,0.0,0.0,0.0,0.0,1568.0,0.0,1560.470301022252,81.43195198544723,208.668075286015,46.79036035670157,1245.3992652710609,0.0,81.43195198544719,111.32365210751327,0.0,0.0,20.97468410468963,-873.0774492029259,21.56676332485022,44.59718469757149,20.991611744192,-1282.8786320745062,20.11111388116003,563.7357619061445,16.07727110151271,31.437819372556036,19.663623213353547,-168.95164612203053,17.63021750145048,213.2215967541979,16.312285890663938,14.234709121229344,16.71097431191266,36.78351275339605,855.7953400505267,593.3853672575172,0.0,0.0,0.0,0.0,0.0,0.0,0.0,0.0,0.0,0.0,0.0,0.0,0.0,0.0,0.0,0.0,0.0,0.0,0.0,0.0,0.0,0.0,1.2160144150177484,0.37118877137293906,341.8483396581772,412.20524342158998,9336.52552058748,0.2397505489649863,0.036591964127745169,119.78642326780465,144.34506999111606,3256.8968790425035,1.6465382254116166,0.3111372308034046,368.818078619289,444.4915972317914,10278.59748972357,0.32214664324888489,0.060874271211051548,319.423692141159,386.2765234837101,8219.48724675331,0.0,0.0,9.982561215710936,12.259183131576855,166.98500522672624,0.0,0.0,65.70237491434793,79.84876150337053,1496.9391692498335,0.0,0.0,299.55175865783249,365.4106122364184,6183.463954293755,0.0,0.0,29.695791975238863,36.439873448621309,509.45230413599418,0.0,0.0,169.73249417109848,208.13188354876017,2992.4092741039705,30.575990604942697,20.97118697183999,469.9851426515518,569.7714512503102,12079.387648744003,0.0,0.0,196.80606692105389,241.29975648206918,3488.9812626058376,1015.3259447279302,21.617401845934315,31.311236304696466,21.75,30.0,0.0,21.486430715738395,31.595044968970045,16.0,30.0,1933.7896818714312,21.783107813561295,30.985761878055649,21.5,30.0,0.0,20.74965036033628,33.02630892116129,16.0,30.0,0.0,16.22456760773212,44.35420613643519,12.0,30.0,0.0,19.267805143559675,36.49758322989353,16.0,30.0,0.0,18.18436880481671,38.99237762122678,10.0,30.0,0.0,16.438486079326073,43.67512155672293,16.0,30.0,0.0,16.67459379936518,42.976914968137908,12.0,30.0,0.0,19.91503375536538,0.0,0.0,0.0,16.70940611861381,0.0,0.0,578.278847842276,583.5437701505534,576.4701398373383,579.3329512914205,619.9164452942389,608.7589509748493,602.8375647050731,613.3729641880266,609.5947548341927,6545.861387573159,81.98279757411159,81.98279757411159,60.0,0.0,60.0,60.0,16.0,16.0,16.0,12.0,16.0,12.0,21.0,10.0,1.0,0.0,1015.3259447279302,0.0,1933.7896818714312,0.0,0.0,0.0,0.0,0.0,0.0,0.0,0.0,81.98279757411159,81.98279757411159,0.255,0.5783054482732212,0.27021103051474468,81.98279757411159,0.2656985864579156,0.0,0.0018899999999999998 
 03/11  12:00:00,8.33,71.0,4.9,174.5,527.0,0.0,0.0,0.0,0.0,0.0,0.0,0.0,0.0,0.0,0.0,786.0,0.0,1657.4418658191385,79.53720395348178,203.81295007836406,49.69801046322023,1322.791291294442,0.0,79.53720395348174,108.73338789796057,0.0,0.0,20.794013631107619,-300.047182907002,21.65266985008308,-374.4044349991418,20.69765480108363,-665.9385037499678,20.153108990969615,122.80747529531482,16.127470637148883,29.8551658912981,19.836550749077256,-180.3022728615656,17.622230176730697,132.11026066543219,16.25249402295993,26.32892930249244,16.770143634656607,42.280889953090539,798.2840700483548,545.5769351164122,0.0,0.0,0.0,0.0,0.0,0.0,0.0,0.0,0.0,0.0,0.0,0.0,0.0,0.0,0.0,0.0,0.0,0.0,0.0,0.0,0.0,0.0,1.1855644086792188,0.3618938976432292,234.64429035847287,282.5238205600759,6353.310093303668,0.18834344722436054,0.02874594737856541,189.35384625539875,228.1003049050842,5010.002105103536,1.7487920823488952,0.3304595771634346,317.7203027324456,383.33641978033816,8389.90010159787,0.27091156158044879,0.051192660918452138,221.81635712117373,268.13914467566738,5652.221560301253,0.0,0.0,9.545288360670487,11.708912239174492,157.5091231346375,0.0,0.0,65.69308466554706,79.71642321056626,1493.6302309015696,0.0,0.0,293.96601620307959,358.3028062424159,5938.406218828135,0.0,0.0,30.855806463450976,37.834659003106697,514.6927670703774,0.0,0.0,167.50741976985723,205.13240177807203,2924.9219548102939,29.825315250081816,20.45632047330715,384.67408575579477,466.2339391606363,9745.72609025903,0.0,0.0,195.30547416535644,239.09044348804469,3455.0937084231147,798.469668948604,21.46624088896127,31.624210658166026,21.5,30.0,0.0,21.413177457000779,31.675916272272354,16.0,30.0,1401.2990901630106,21.373415568264507,31.773865855397177,21.5,30.0,0.0,20.730080779048579,33.03624113028408,16.0,30.0,0.0,16.28661727488443,44.08811538045538,12.0,30.0,0.0,19.419571841503854,36.09831971223404,16.0,30.0,0.0,18.136299286492436,39.079899980206437,10.0,30.0,0.0,16.37546229784062,43.76665567138652,16.0,30.0,0.0,16.76469963389944,42.672498056751738,12.0,30.0,0.0,19.832089079726044,0.0,0.0,0.0,16.86514104006863,0.0,0.0,579.4374268343574,575.1988312900846,574.7867392749695,575.463882077798,612.6773505488659,603.3465560523437,600.0573770484141,606.7682421069645,604.8040220684044,8397.946123378444,82.45189015854499,82.45189015854499,60.0,0.0,60.0,60.0,16.0,16.0,16.0,12.0,16.0,12.0,21.0,10.0,1.0,0.0,798.469668948604,0.0,1401.2990901630106,0.0,0.0,0.0,0.0,0.0,0.0,0.0,0.0,82.45189015854499,82.45189015854499,0.34,0.7697326035118336,0.36028137401965956,82.45189015854499,0.3542647819438875,0.0,0.00188 
 03/11  12:10:00,8.48,70.33333333333334,4.911666666666667,164.0,559.3333333333334,0.0,0.0,0.0,0.0,0.0,0.0,0.0,0.0,0.0,0.0,1180.0,0.0,1755.2927121009084,77.56936808731875,198.7705378644438,52.63202484366592,1400.8850564731116,0.0,77.56936808731871,106.04320707792363,0.0,0.0,20.801142075092295,-341.17827718999527,21.648384550878576,-285.61278478399756,20.828671262126166,-864.7695447072838,20.056780419401137,268.88203500607417,16.173498831089146,29.90539243323112,19.99753694507156,-218.01044149757508,17.633905716820324,192.6759317331974,16.217199394680195,37.30393393725399,16.82172140079559,55.47029022836584,724.8649093059552,472.42993395397266,0.0,0.0,0.0,0.0,0.0,0.0,0.0,0.0,0.0,0.0,0.0,0.0,0.0,0.0,0.0,0.0,0.0,0.0,0.0,0.0,0.0,0.0,1.1368456759692443,0.34702248961210149,181.2661206343809,218.6012061851002,4796.99412107024,0.20278086817933628,0.030949460955332163,92.87770588965523,111.93128335598877,2412.10100131811,1.642554043818857,0.31038436202170407,259.4812514856915,313.0890489978899,6836.674105244625,0.27686780369202249,0.05231817908012516,249.88368836247279,302.3101609946762,6169.58691599819,0.0,0.0,9.762154890333282,11.979841739198648,159.0567082694024,0.0,0.0,70.66144626198747,85.76397218494681,1600.7932841710659,0.0,0.0,289.5966977167005,353.1652893699945,5772.4014302034579,0.0,0.0,31.785720815883697,39.00327548230102,518.6543965127692,0.0,0.0,157.76013770008178,193.2643008716561,2729.0655209764556,29.47314050224403,20.214774007026088,317.624426034401,385.38574983557,7898.960528866266,0.0,0.0,185.31893755621986,226.94105664779955,3250.678007024035,606.6632447272258,21.401098337353333,31.690782445898443,21.333333333333337,30.0,0.0,21.255875937551545,31.930143870150937,16.0,30.0,1260.3080153778824,21.47820843490545,31.488151729021867,21.333333333333337,30.0,0.0,20.57218029079018,33.3205721773827,16.0,30.0,0.0,16.338480385923544,43.88132869841249,12.0,30.0,0.0,19.53551935488755,35.799300939160179,16.0,30.0,0.0,18.158951037967716,38.97216077579326,10.0,30.0,0.0,16.35019401509636,43.782933120296217,16.0,30.0,0.0,16.83928107422018,42.4200270042685,12.0,30.0,0.0,19.59728975591989,0.0,0.0,0.0,16.94631251527416,0.0,0.0,571.9279875066982,568.2463342742699,565.2231407768311,570.7020764820265,607.8380816404226,599.44170363114,595.2382203604711,602.5115955187922,600.633163810481,6044.050470036652,82.73037524389732,85.10253367159189,60.0,0.0,60.0,60.0,16.0,16.0,16.0,12.0,16.0,12.0,21.0,10.0,1.0,0.0,606.6632447272258,0.0,1260.3080153778824,0.0,0.0,0.0,0.0,0.0,3589.8979701971,2153938.78211826,2800649.4626227926,82.73037524389732,85.14282079671966,0.23299659900657,0.46120974435941827,0.24018758267977304,85.14282079671966,0.236176521295925,2800649.4626227926,0.14750377205638524 
 03/11  12:20:00,8.63,69.66666666666667,4.923333333333334,153.5,591.6666666666666,0.0,0.0,0.0,0.0,0.0,0.0,0.0,0.0,0.0,0.0,1183.0,0.0,1884.4777356589055,78.02470757016792,199.9373718248696,56.50557739594932,1503.986274061565,0.0,78.02470757016788,106.6656906724293,0.0,0.0,20.86580233447489,-364.1553943011894,21.777841340270386,-243.83963818590844,20.509222499206456,-455.20270575019506,20.110690251985127,311.2440748808178,16.229258450224557,32.616298954017008,20.188041848463294,-215.335072480534,17.698972438216999,204.86079862043995,16.20032839905609,54.99875478038027,16.88597257177952,91.60319999873048,798.3819031706871,480.8986952783038,0.0,0.0,0.0,0.0,0.0,0.0,0.0,0.0,0.0,0.0,0.0,0.0,0.0,0.0,0.0,0.0,0.0,0.0,0.0,0.0,0.0,0.0,1.1644194509748767,0.3554393928494739,280.7137562086946,338.50700210868117,7345.5122750694549,0.20864075390192764,0.03184382690810861,144.87083737672715,174.6563066153335,3739.3207872731479,1.666063967864898,0.31482690246880165,276.1794181896142,333.6428086509596,7054.048399270479,0.27380335649399825,0.05173910742516969,242.02094692328405,292.706787400353,5946.2625274517799,0.0,0.0,9.850423171896275,12.084839670371494,158.74266403869007,0.0,0.0,70.76184472071033,85.83483202933498,1602.9154892315133,0.0,0.0,296.1345282290599,361.00859944099167,5870.664335162341,0.0,0.0,34.136454844750399,41.88832287763587,546.4043221152042,0.0,0.0,162.45251477946378,198.94942982641889,2791.1489861553179,29.422792311661234,20.180241640371219,385.6066423939748,467.3680847498265,9651.15666733668,0.0,0.0,191.94198707665687,234.88236762562179,3389.417016629087,675.9095690134139,21.5491109897369,31.343413615561937,21.333333333333326,29.99999999999999,0.0,21.29943750584947,31.7940789238766,15.999999999999993,29.99999999999999,183.94702130507816,21.07892315908977,32.21179256572931,20.999999999999994,29.99999999999999,0.0,20.663578805348867,33.07066249398601,15.999999999999993,29.99999999999999,0.0,16.40465312731049,43.61755589550744,11.999999999999995,29.99999999999999,0.0,19.690608565618626,35.37825692281458,15.999999999999993,29.99999999999999,0.0,18.26054968269223,38.63050419615211,9.999999999999997,29.99999999999999,0.0,16.350443923958996,43.6941782850495,15.999999999999993,29.99999999999999,0.0,16.936564910124678,42.062398131684599,11.999999999999995,29.99999999999999,0.0,19.994472577675638,0.0,0.0,0.0,17.15752452117279,0.0,0.0,563.489939886454,560.9065446674953,558.6547743089544,562.0059080415493,601.2529397754494,591.0881418427387,585.679872611184,595.0664378550616,591.9844954546296,5317.085281283431,81.81705034932821,81.81705034932821,59.99999999999998,0.0,59.99999999999998,59.99999999999998,16.0,16.0,16.0,12.0,16.0,12.0,21.0,10.0,1.0,0.0,675.9095690134139,0.0,183.94702130507816,0.0,0.0,0.0,0.0,0.0,0.0,0.0,0.0,81.81705034932821,81.81705034932821,0.2266666666666666,0.46345981862504218,0.24018758267977295,81.81705034932821,0.2361765212959249,0.0,0.0018766666666666667 
 03/11  12:30:00,8.780000000000002,69.0,4.9350000000000009,143.0,624.0,0.0,0.0,0.0,0.0,0.0,0.0,0.0,0.0,0.0,0.0,1580.0,0.0,1987.0106499817162,75.6471032595079,193.84494150910099,59.57997972934783,1585.816730653931,0.0,75.64710325950786,103.41532532227117,0.0,0.0,20.758668914621759,-76.27531420392165,21.968525468785669,-192.7889563105885,20.971187537574079,-1309.3239355986778,20.20689853984773,477.08150266093869,16.28488734514292,31.47544966700376,20.37425090416489,-252.31300009658276,17.741300625370579,208.92104974732866,16.190386221096224,59.71022730708307,16.942264217823089,88.24868308941814,758.9756660616004,409.663517120558,0.0,0.0,0.0,0.0,0.0,0.0,0.0,0.0,0.0,0.0,0.0,0.0,0.0,0.0,0.0,0.0,0.0,0.0,0.0,0.0,0.0,0.0,1.1924168292880733,0.3639856011257855,280.3751904514722,338.6160372625875,7126.734985320664,0.22121235059811945,0.033762568772606759,89.5832507899354,108.01045709395639,2311.049003013205,1.3810120347570599,0.2609622136729139,388.4291091393965,468.1715851799059,10244.466993590815,0.28255054825530476,0.05339201592125939,285.03976796155538,344.5696840072625,7018.397672715998,0.0,0.0,9.915964731371508,12.16582345772254,157.98094034250296,0.0,0.0,74.31134118664282,90.12406006601027,1680.8586213768788,0.0,0.0,290.14799053885619,353.7341059323421,5692.036051555382,0.0,0.0,33.54815204216106,41.175474322701308,526.8860965987115,0.0,0.0,154.52326770411345,189.23164451636195,2630.5204195593116,29.20744491229418,20.03254109210849,430.2422355102033,521.5739448299529,10548.69031218275,0.0,0.0,182.91666301572674,223.82641848120498,3202.453311994253,0.0,21.211834865311105,31.93724922280468,21.0,30.0,0.0,21.444732516163414,31.480936000888609,16.0,30.0,1823.4236593216347,21.690733180503984,31.012553243810076,21.5,30.0,0.0,20.832496112637207,32.69260880561714,16.0,30.0,0.0,16.468340390500253,43.368946160633239,12.0,30.0,0.0,19.83104351485765,35.01895944249269,16.0,30.0,0.0,18.31227703853994,38.45507541157993,10.0,30.0,0.0,16.35559131746474,43.606972721529228,16.0,30.0,0.0,17.01208250751142,41.80008928799073,12.0,30.0,0.0,19.927965832868954,0.0,0.0,0.0,17.240150348167544,0.0,0.0,556.6727946876606,556.3482629446075,554.0490214743946,556.7763068271952,595.0655989430571,585.2705550922142,580.5232879067515,588.6547633434012,586.2750595073451,3923.630107471493,83.07392214837309,83.07392214837309,60.0,0.0,60.0,60.0,16.0,16.0,16.0,12.0,16.0,12.0,21.0,10.0,1.0,0.0,0.0,0.0,1823.4236593216347,0.0,0.0,0.0,0.0,0.0,0.0,0.0,0.0,83.07392214837309,83.07392214837309,0.17,0.3856927019669786,0.18014068700982978,83.07392214837309,0.17713239097194376,0.0,0.0018833333333333335 
 03/11  12:40:00,8.93,68.33333333333333,4.946666666666666,139.33333333333335,641.1666666666666,0.0,0.0,0.0,0.0,0.0,0.0,0.0,0.0,0.0,0.0,792.0,0.0,2067.432158097572,74.98423199600501,192.14640195838036,61.991380815292959,1650.0002933539027,0.0,74.98423199600497,102.50913004964095,0.0,0.0,20.827799475005464,-233.54914691864085,22.104003374922749,-429.83954066544507,20.753627328885096,-644.871138352398,20.214760470293606,143.35188533242343,16.345133741881637,30.5383460130228,20.56496794514544,-277.64158118381888,17.770640851613519,194.2407021183272,16.1856236125852,66.29333735685876,16.99573786050475,88.43104183490644,698.5589984825381,370.013115191368,0.0,0.0,0.0,0.0,0.0,0.0,0.0,0.0,0.0,0.0,0.0,0.0,0.0,0.0,0.0,0.0,0.0,0.0,0.0,0.0,0.0,0.0,1.1089640290498899,0.33851160837908736,258.2562312804094,311.0965157089744,6662.92073270459,0.18767041223251458,0.028643225310212858,150.2861738332498,180.99878858270822,3833.1409566672066,1.6388915247288392,0.3096922760258579,310.7785324153176,374.98873147503675,7821.043837152004,0.2546109439678423,0.048112423274346619,158.22653327983606,191.32396600688464,3857.1797717776587,0.0,0.0,9.823420522036694,12.036567671291039,154.91746252472678,0.0,0.0,75.55749866898842,91.48845072218507,1710.3568060863764,0.0,0.0,288.6358334404814,351.4797487566595,5593.801443182741,0.0,0.0,34.235352045170689,41.97278972839905,527.7795365601445,0.0,0.0,152.2158889386364,186.1664849888271,2566.3247100520959,28.762774490286888,19.72755452008704,343.75347116376738,416.66129303012579,8373.254886187284,0.0,0.0,181.01486640876346,221.1747330869051,3158.215595267633,795.5523940920062,21.608490884861007,31.166948214203939,21.500000000000008,30.00000000000001,0.0,21.46961628023343,31.386836104219534,16.000000000000008,30.00000000000001,1477.5368531583034,21.433175742035226,31.495485537327036,21.500000000000008,30.00000000000001,0.0,20.770852135882288,32.809099058629559,16.000000000000008,30.00000000000001,0.0,16.541132691227437,43.09820937934102,12.000000000000004,30.00000000000001,0.0,19.994589318605394,34.62673684830659,16.000000000000008,30.00000000000001,0.0,18.346808634339049,38.343354170823079,10.000000000000004,30.00000000000001,0.0,16.365157465527646,43.52364501868615,16.000000000000008,30.00000000000001,0.0,17.083997564939375,41.567509709841207,12.000000000000004,30.00000000000001,0.0,19.784984982357476,0.0,0.0,0.0,17.36358865081521,0.0,0.0,554.6107449157263,549.8212110204852,552.2994143714623,555.8268132128317,588.8717156448845,580.8526915685717,577.6538503381397,583.5704809548412,582.2935262890724,10729.593063475659,80.91008508288478,84.7796919733498,60.00000000000002,0.0,60.00000000000002,60.00000000000002,16.0,16.0,16.0,12.0,16.0,12.0,21.0,10.0,1.0,0.0,795.5523940920062,0.0,1477.5368531583034,0.0,0.0,0.0,0.0,0.0,5855.526824068083,3513316.09444085,4551688.753935629,80.91008508288478,84.84541074456317,0.36518422746893627,0.7715066729636966,0.36028137401965967,84.84541074456317,0.3542647819438876,4551688.753935629,0.23857781520465269 
 03/11  12:50:00,9.08,67.66666666666667,4.958333333333333,135.66666666666667,658.3333333333334,0.0,0.0,0.0,0.0,0.0,0.0,0.0,0.0,0.0,0.0,1585.0,0.0,2145.7743470583329,74.28337081025943,190.35050938223749,64.34043373482173,1712.5243649574675,0.0,74.2833708102594,101.55099967310835,0.0,0.0,20.478352022635705,-134.0744026298812,22.221916115766338,-513.1999576022256,20.853682388204896,-579.0388381975806,20.142864447638929,229.69524217363506,16.399460646817464,31.803458542539248,20.74122460185911,-288.1387295860378,17.83266921992321,209.1496442160983,16.189520760839508,78.90211032130992,17.048307453531103,116.1132955222738,659.8642419163612,352.80834466176887,0.0,0.0,0.0,0.0,0.0,0.0,0.0,0.0,0.0,0.0,0.0,0.0,0.0,0.0,0.0,0.0,0.0,0.0,0.0,0.0,0.0,0.0,1.084515809930454,0.3310487820300531,237.75508246679773,287.08941662657528,5846.431793899842,0.17479718386975397,0.02667844686656807,162.6032500952997,195.93808122350323,4100.616394939563,1.6671627282894753,0.3150345291552298,244.81117601306409,295.4929591754396,6144.14062362281,0.2681918201487278,0.05067872640754491,238.35997976691767,288.3568811114037,5628.224862190109,0.0,0.0,9.884016485306797,12.12031359088285,153.95376208707718,0.0,0.0,77.98457476468579,94.4737587407692,1761.6968435479294,0.0,0.0,290.780010406087,354.3283883754008,5593.279802830868,0.0,0.0,35.20290586314912,43.19788500139019,533.123393006495,0.0,0.0,152.43863048702156,186.56728531747076,2544.0406608753735,28.49547756387286,19.54422329483736,318.68859658612726,386.63747395425886,7610.539562692711,0.0,0.0,181.78296083763954,222.2106108390202,3167.4260520798409,2.6164045415746974,21.111634297617966,32.07358608767794,21.0,30.0,0.0,21.502298564339328,31.292054553653096,16.0,30.0,935.3581602680118,21.401594180901946,31.509605667138517,21.25,30.0,0.0,20.64768343375568,33.01382993221672,16.0,30.0,0.0,16.60062317983516,42.88580910925634,12.0,30.0,0.0,20.12943438993907,34.29985167732082,16.0,30.0,0.0,18.43090767490724,38.090054180867287,10.0,30.0,0.0,16.38574590100376,43.421025419708438,16.0,30.0,0.0,17.154680708298764,41.333501573428367,12.0,30.0,0.0,19.730736783031277,0.0,0.0,0.0,17.508207575335797,0.0,0.0,548.1039394439234,545.0312177062558,546.6447488975483,549.8319040834103,584.4293273336044,576.264357461437,572.064770157202,579.4249277320721,577.6126555788669,4295.725719958831,81.0868017545873,81.0868017545873,60.0,0.0,60.0,60.0,16.0,16.0,16.0,12.0,16.0,12.0,21.0,10.0,1.0,0.0,2.6164045415746974,0.0,935.3581602680118,0.0,0.0,0.0,0.0,0.0,0.0,0.0,0.0,81.0868017545873,81.0868017545873,0.17,0.34781680548376206,0.18014068700982978,81.0868017545873,0.17713239097194376,0.0,0.00191 
 03/11  13:00:00,9.23,67.0,4.97,132.0,675.5,0.0,0.0,0.0,0.0,0.0,0.0,0.0,0.0,0.0,0.0,2779.0,0.0,2221.744340497923,73.53866368135587,188.44225766372589,66.61835668680173,1773.15520345929,0.0,73.53866368135583,100.53292856810941,0.0,0.0,20.98703470031858,-1121.294564603355,22.379207343026829,-141.66182260177465,20.858731489811626,-245.32483609754454,20.139906201007969,287.10125001720129,16.458423554574244,34.52271999453007,20.927571848576166,-303.3256183524489,17.90989130309794,280.0241281580752,16.202646759520996,92.44551007324312,17.11089618804793,140.5591823985814,663.9769316214639,345.1710646762124,0.0,0.0,0.0,0.0,0.0,0.0,0.0,0.0,0.0,0.0,0.0,0.0,0.0,0.0,0.0,0.0,0.0,0.0,0.0,0.0,0.0,0.0,1.0273683364339135,0.31360449830095085,311.47074315754608,375.2332300075241,7989.322942552586,0.1855903008310342,0.02832574799008463,95.82372432293615,115.67570805766622,2403.726255520288,1.8655829800053852,0.3525289077863546,275.69113744049028,332.895640783546,6810.622253979055,0.2932999442379733,0.055423269886238409,272.31354825984206,329.4999194911388,6335.073066896594,0.0,0.0,10.276305467226156,12.602297035331196,158.2526940835274,0.0,0.0,79.59407471179472,96.41333853666885,1796.7229026786968,0.0,0.0,298.57706469676506,363.7768005707565,5730.9705568339909,0.0,0.0,36.758721907942987,45.11631594420907,547.6434394167317,0.0,0.0,154.66871599760547,189.30069996517438,2559.8075476738756,28.41151553979951,19.48663617270203,347.3292116245313,421.5490611469327,8145.362793477287,0.0,0.0,185.09214197838595,226.2043573247613,3226.066645008261,1802.6054328168878,21.823984849568583,30.648230704811306,22.000000000000037,30.000000000000044,0.0,21.62807206643656,31.030018592366607,16.00000000000002,30.000000000000044,0.0,21.284147192675645,31.680242435100398,21.00000000000003,30.000000000000044,0.0,20.636194687706465,32.98922025457361,16.00000000000002,30.000000000000044,0.0,16.66718376078818,42.64574891793344,12.000000000000018,30.000000000000044,0.0,20.27861947730878,33.930688839778458,16.00000000000002,30.000000000000044,0.0,18.56468216622583,37.70474812296598,10.000000000000015,30.000000000000044,0.0,16.41799167837518,43.26816071466305,16.00000000000002,30.000000000000044,0.0,17.239913239430146,41.045776819715957,12.000000000000018,30.000000000000044,0.0,19.80564996757164,0.0,0.0,0.0,17.665250041915443,0.0,0.0,539.5147355767103,541.4820087565942,539.9122627411867,543.1038431775439,578.9083563883783,569.5874423767256,564.3313941118684,573.3587369195452,570.9910897319707,9870.979045925562,81.47801447237484,83.49877274844219,60.000000000000088,0.0,60.000000000000088,60.000000000000088,16.0,16.0,16.0,12.0,16.0,12.0,21.0,10.0,1.0,0.0,1802.6054328168878,0.0,0.0,0.0,0.0,0.0,0.0,0.0,3058.1255695457205,1834875.3417274294,2382261.411234348,81.47801447237484,83.53309193242692,0.3447946618420006,0.7701519743869884,0.3602813740196601,83.53309193242692,0.35426478194388807,2382261.411234348,0.1258075933841861 
 03/11  13:10:00,9.370000000000001,66.33333333333334,5.0,128.33333333333332,692.6666666666667,0.0,0.0,0.0,0.0,0.0,0.0,0.0,0.0,0.0,0.0,794.0,0.0,2295.059964405307,72.7442111976758,186.40652951368166,68.81668877663378,1831.667608307227,0.0,72.74421119767576,99.44685179169915,0.0,0.0,20.909854733732034,-669.8224787252912,22.65164434502686,-553.0968430195514,20.442331698398733,119.28888127065511,20.123506904676036,198.83486471212019,16.528605060053239,34.15622334482279,21.13941053693792,-313.84985141483346,18.001593871272485,214.71195247215656,16.22640053365827,98.61038283881635,17.185179157790196,140.99210332078338,614.8108536392638,323.3930828581142,0.0,0.0,0.0,0.0,0.0,0.0,0.0,0.0,0.0,0.0,0.0,0.0,0.0,0.0,0.0,0.0,0.0,0.0,0.0,0.0,0.0,0.0,0.9837782775111958,0.30029861950891209,309.1800532027758,372.15555441215806,7781.310032443491,0.13902433096206774,0.021218609731695323,160.34909909152894,192.73104403957405,4035.4177347061865,2.0165841841304088,0.38106277099969945,245.75672809916265,296.54553954835117,5863.219530653219,0.29018163228079216,0.054834019705365086,242.119901841704,292.6168467898808,5540.444630046513,0.0,0.0,10.12456099940629,12.394794630065436,154.73759752702535,0.0,0.0,79.78247789067317,96.42918500871125,1809.7551682431036,0.0,0.0,300.24938157506298,365.14563963061036,5741.296715893703,0.0,0.0,37.54710850968803,46.0093010554507,552.1281728099585,0.0,0.0,157.4444955773733,192.34506429324623,2593.209296335135,28.319392509231454,19.42345165242213,279.22561001809557,338.5272752992175,6454.736299038728,0.0,0.0,188.63526871944723,230.059538575614,3298.3555139577795,1003.7411604113795,21.741258611830525,30.801626280951337,22.0,30.0,0.0,21.885682667152687,30.51356221313845,16.0,30.0,78.86619138388106,20.99866480013923,32.223440969064359,21.0,30.0,0.0,20.57933105527028,33.08585571290466,16.0,30.0,0.0,16.752929543999458,42.342385278646137,12.0,30.0,0.0,20.478731480411584,33.46922400374191,16.0,30.0,0.0,18.673342738767074,37.41799179533278,10.0,30.0,0.0,16.465103801583078,43.07477742932084,16.0,30.0,0.0,17.343682438255287,40.72869173853911,12.0,30.0,0.0,19.63666717440738,0.0,0.0,0.0,17.837353394616643,0.0,0.0,539.238334713624,536.931266041347,538.0221929769298,540.7460273114805,572.1534360898046,564.1508745976717,561.1665996777144,567.3513312084117,566.2079579496058,8669.29832171852,82.27265363197835,82.27265363197835,60.0,0.0,60.0,60.0,16.0,16.0,16.0,12.0,16.0,12.0,21.0,10.0,1.0,0.0,1003.7411604113795,0.0,78.86619138388106,0.0,0.0,0.0,0.0,0.0,0.0,0.0,0.0,82.27265363197835,82.27265363197835,0.34,0.7665354225172534,0.36028137401965956,82.27265363197835,0.3542647819438875,0.0,0.0019500000000000002 
 03/11  13:20:00,9.510000000000002,65.66666666666667,5.03,124.66666666666667,709.8333333333334,0.0,0.0,0.0,0.0,0.0,0.0,0.0,0.0,0.0,0.0,1588.0,0.0,2365.449328238224,71.89412164160335,184.2282273736632,70.92727745635198,1887.8445860958569,0.0,71.8941216416033,98.28471491921754,0.0,0.0,20.861300293608087,5.08619743369718,22.671693554948236,-505.7612014464394,20.999237539815174,-1258.2898721992709,20.258455646330654,507.62966529777898,16.589391656351795,34.785209450543309,21.32810207225615,-341.02478918876047,18.031532969778924,231.8417534254495,16.24778374676802,108.42882810398868,17.249922619895956,163.95847234325448,681.754463724717,294.6679991582903,0.0,0.0,0.0,0.0,0.0,0.0,0.0,0.0,0.0,0.0,0.0,0.0,0.0,0.0,0.0,0.0,0.0,0.0,0.0,0.0,0.0,0.0,1.0474963119044079,0.31974856895738959,299.6664575270057,361.54878077712569,7254.885042312094,0.17894098986479549,0.027310895889010299,146.25662632504126,176.14421904935294,3635.2981909158409,1.4672189509038354,0.2772522582962653,393.69353210529888,474.2864749401032,9854.489227997647,0.2884835064188285,0.05451313424392071,294.64397947244569,356.03302126536468,6823.284498717332,0.0,0.0,10.116377240699613,12.392667118420766,152.9674839836594,0.0,0.0,82.46796185810396,99.70953252776963,1870.9531283905406,0.0,0.0,295.75303235546849,359.9699025278876,5585.036552719741,0.0,0.0,36.98950376550919,45.361721383677089,536.0147646564259,0.0,0.0,152.9451384750999,186.97031979032665,2500.27387455932,28.488622658449278,19.53952171361405,471.9061489433732,571.3630850777965,10951.366555598825,0.0,0.0,183.42586640304649,223.82620105297273,3196.6282200000116,0.0,21.37211180495528,31.46875745135649,21.0,30.0,0.0,21.74021643530554,30.746213663704027,16.0,30.0,1777.0855008850104,21.744140138700005,30.77002359929731,21.5,30.0,0.0,20.848080370298175,32.50935613948822,16.0,30.0,0.0,16.817349733406564,42.12388754491329,12.0,30.0,0.0,20.628273415544585,33.12847706451494,16.0,30.0,0.0,18.700732623299527,37.31131340698575,10.0,30.0,0.0,16.504495071885768,42.92124644528893,16.0,30.0,0.0,17.42893323371622,40.462985695198288,12.0,30.0,0.0,20.164661022716176,0.0,0.0,0.0,17.955132029217297,0.0,0.0,534.9556032568912,531.8688329065667,533.9574458937492,536.1339932736765,567.92084600959,560.1256625567747,556.5603080396124,563.0936337280408,561.5272416112686,3895.377071609497,83.16510343586956,83.16510343586956,60.0,0.0,60.0,60.0,16.0,16.0,16.0,12.0,16.0,12.0,21.0,10.0,1.0,0.0,0.0,0.0,1777.0855008850104,0.0,0.0,0.0,0.0,0.0,0.0,0.0,0.0,83.16510343586956,83.16510343586956,0.17,0.38570455964155467,0.18014068700982978,83.16510343586956,0.17713239097194376,0.0,0.0019766666666666667 
 03/11  13:30:00,9.65,65.0,5.0600000000000009,121.0,727.0,0.0,0.0,0.0,0.0,0.0,0.0,0.0,0.0,0.0,0.0,796.0,0.0,2432.649030861318,70.98255978894865,181.8923984629495,72.94222473080096,1941.475918747533,0.0,70.98255978894862,97.03854075680097,0.0,0.0,20.525403218964898,220.3943355323263,22.806408927207245,-683.1228536520034,20.752483862533226,-591.0182086087116,20.293838168352843,128.55271021151703,16.65876576791775,33.09637324885287,21.52612377310193,-366.7989838652279,18.05637817986108,216.2996818042002,16.2722845238185,111.62466866694968,17.31554510433016,155.35816606783784,680.6391294269997,260.8394051276473,0.0,0.0,0.0,0.0,0.0,0.0,0.0,0.0,0.0,0.0,0.0,0.0,0.0,0.0,0.0,0.0,0.0,0.0,0.0,0.0,0.0,0.0,1.0332294284889608,0.3153935984398537,285.6014198616186,344.33991900864,6704.7991382368759,0.1387761088364011,0.02118072479188051,224.0547755418842,269.44455616533198,5514.941709115976,1.5854350112899578,0.29959089404572156,347.48149790344896,418.81191511585788,8275.62465265017,0.24769660395416258,0.046805858645911278,210.0760436987627,253.72065337268368,4810.932289744328,0.0,0.0,9.909958154904344,12.123446341081973,148.57157940556375,0.0,0.0,85.45329703629969,103.14590194450261,1943.179398077571,0.0,0.0,291.10791210806527,353.90751170096589,5424.456142464258,0.0,0.0,37.107935032472237,45.44965872156007,530.1711327994245,0.0,0.0,148.99967044277043,181.8966891336014,2417.9715728528256,28.215249051312829,19.352022668938845,434.60686894031496,525.9067840582039,9940.378338569742,0.0,0.0,179.48715342071064,218.70919305761286,3110.778603585766,0.0,21.153029746822619,31.876821039555126,21.0,30.0,0.0,21.784353188855407,30.646231855564716,16.0,30.0,1334.8775663223269,21.381484141732174,31.454213279530835,21.5,30.0,0.0,20.82087005856956,32.5386571441025,16.0,30.0,0.0,16.8967372504331,41.86110732513688,12.0,30.0,0.0,20.800051178621794,32.74588595462576,16.0,30.0,0.0,18.71879699421872,37.24536512997233,10.0,30.0,0.0,16.546355100074498,42.76337239419848,16.0,30.0,0.0,17.512695866308456,40.21445145413261,12.0,30.0,0.0,20.152757078289356,0.0,0.0,0.0,18.050838002553939,0.0,0.0,532.9835527947175,529.9088199966288,532.2609836024624,533.3771296933666,563.0584060703686,555.9977419295335,554.1766637776664,559.0145269123232,558.1227648895248,8070.146062757369,82.6687984202496,82.6687984202496,60.0,0.0,60.0,60.0,16.0,16.0,16.0,12.0,16.0,12.0,21.0,10.0,1.0,0.0,0.0,0.0,1334.8775663223269,0.0,0.0,0.0,0.0,0.0,0.0,0.0,0.0,82.6687984202496,82.6687984202496,0.34,0.7697942402772047,0.36028137401965956,82.6687984202496,0.3542647819438875,0.0,0.0020033333333333337 
 03/11  13:40:00,9.79,64.33333333333334,5.09,120.33333333333334,713.6666666666667,0.0,0.0,0.0,0.0,0.0,0.0,0.0,0.0,0.0,0.0,796.0,0.0,2420.9709369705394,70.01954403915022,179.42462405381199,72.59204849148577,1932.1556010187672,0.0,70.01954403915019,95.72202521602435,0.0,0.0,20.520645379159569,281.3206334288752,22.91314826961118,-578.5277476515485,20.469257886123395,-307.12391813310708,20.28004151263511,283.5855084027935,16.719111316070579,34.06103579831563,21.67833675797727,-387.5004730425783,18.11821918219122,239.44010306221208,16.298265631661836,119.71533153093924,17.376389454895027,169.511326592371,682.0696384520388,246.9521669888859,0.0,0.0,0.0,0.0,0.0,0.0,0.0,0.0,0.0,0.0,0.0,0.0,0.0,0.0,0.0,0.0,0.0,0.0,0.0,0.0,0.0,0.0,1.0778621999491587,0.32901776555224629,314.01663380654807,378.57018061865986,7320.13846910632,0.1569911540189295,0.023960798842937955,208.67428938283804,250.82557410639164,5113.105454535947,1.3675332603710238,0.25841520415174309,309.8322006894398,374.06900501918036,7092.649281999162,0.2429593645801772,0.04591068869617859,194.57553146370447,235.00773717212804,4389.3310084158979,0.0,0.0,9.993588471561612,12.221808266158036,148.2648630347232,0.0,0.0,88.60439699027222,106.89716269757176,2012.2950355990648,0.0,0.0,290.3472522885811,352.82959910976947,5379.794636785604,0.0,0.0,37.23019792739486,45.5876360423865,524.2909803194463,0.0,0.0,146.3872764796786,178.63214686446504,2356.0538024318204,28.317111834428148,19.421887403585843,400.79002501841577,484.8766985176045,9226.60659717647,0.0,0.0,176.7947838090672,215.31117389680865,3053.706396805526,0.0,21.215909149332707,31.70513274115374,21.0,30.0,0.0,21.864752554749626,30.479816228990324,16.0,30.0,81.90576475568087,20.97819595430198,32.168766070113289,21.0,30.0,0.0,20.81284326670314,32.49757519766652,16.0,30.0,0.0,16.96345194046951,41.63802382846203,12.0,30.0,0.0,20.93317062869138,32.437407774944478,16.0,30.0,0.0,18.811318626946844,36.97764071355658,10.0,30.0,0.0,16.588771810595469,42.597289339522998,16.0,30.0,0.0,17.59023605149033,39.96637139628355,12.0,30.0,0.0,20.206890883294677,0.0,0.0,0.0,18.166116212013877,0.0,0.0,526.8128279056913,528.240594978635,526.4817029124249,526.3012878878498,558.6269301785569,550.8091083498057,548.3203437238567,554.169753069249,552.8354838224242,4350.324909286091,82.34943119630415,82.34943119630415,60.0,0.0,60.0,60.0,16.0,16.0,16.0,12.0,16.0,12.0,21.0,10.0,1.0,0.0,0.0,0.0,81.90576475568087,0.0,0.0,0.0,0.0,0.0,0.0,0.0,0.0,82.34943119630415,82.34943119630415,0.17,0.3086210722427919,0.18014068700982978,82.34943119630415,0.17713239097194376,0.0,0.00203 
 03/11  13:50:00,9.93,63.666666666666667,5.12,119.66666666666666,700.3333333333334,0.0,0.0,0.0,0.0,0.0,0.0,0.0,0.0,0.0,0.0,1596.0,0.0,2404.178150812875,69.03716275198376,176.90722285976779,72.08851035795405,1918.7532982477233,0.0,69.03716275198373,94.37903551747218,0.0,0.0,20.52602616693408,291.44876570737099,22.95912724216744,-699.0978427977989,20.99945204570931,-1124.7489846905695,20.334790017019054,418.6625037509616,16.772402106162319,34.0277578379977,21.808416353974957,-401.39433348361299,18.159401328183827,242.6209474031275,16.321933594254163,123.75901978609864,17.43077337791334,174.8510740458412,669.0563910872884,227.4126455438709,0.0,0.0,0.0,0.0,0.0,0.0,0.0,0.0,0.0,0.0,0.0,0.0,0.0,0.0,0.0,0.0,0.0,0.0,0.0,0.0,0.0,0.0,1.0541949650145042,0.3217933348640123,328.4397633842204,396.19896909767348,7597.249169912016,0.1542289508553636,0.023539217163517036,217.4505129153343,261.84516859988016,5243.630538742782,1.2331858710746782,0.23302832030889615,361.76460394230437,435.69573653600318,8692.209665343238,0.26230581982186648,0.04956648144782056,263.4320773998942,318.0805604619545,5904.726097440059,0.0,0.0,9.976025140783307,12.20839041520534,146.16668775273829,0.0,0.0,89.45941024906402,107.98157870129012,2024.9730299758426,0.0,0.0,289.7338890681516,352.35015936277036,5306.913217129171,0.0,0.0,37.21416113651577,45.60430211722844,515.7537261361662,0.0,0.0,145.92374043834938,178.19261745164739,2324.090545809646,28.315115248425607,19.420518003035406,488.56201871107705,591.1111638418042,10959.627975162155,0.0,0.0,176.15039471098593,214.6530095377326,3025.06126989058,0.0,21.26380572786077,31.5886466492083,21.0,30.0,0.0,21.812370227810527,30.522234523106805,16.0,30.0,1691.7164277239086,21.71519903760796,30.726234020077336,21.5,30.0,0.0,20.894814485538896,32.31448713317634,16.0,30.0,0.0,17.0168716754999,41.45752245946848,12.0,30.0,0.0,21.04269899164916,32.18851620855706,16.0,30.0,0.0,18.85112318183704,36.850095491067069,10.0,30.0,0.0,16.623260908317496,42.46464513145526,16.0,30.0,0.0,17.652575777308188,39.77255259603713,12.0,30.0,0.0,20.23974403769994,0.0,0.0,0.0,18.2628189234101,0.0,0.0,524.3423851685872,521.1521609696401,522.4698136903322,524.3063870533028,554.8682330546344,547.012791877897,544.5671529382305,550.5321728627181,549.1948680530727,4570.47135541478,83.51956098938968,85.36274177266958,60.0,0.0,60.0,60.0,16.0,16.0,16.0,12.0,16.0,12.0,21.0,10.0,1.0,0.0,0.0,0.0,1691.7164277239086,0.0,0.0,0.0,0.0,0.0,2789.267595872957,1673560.5575237743,2180571.321765932,83.51956098938968,85.39404510130994,0.17797558652909857,0.38285542088221349,0.18014068700982978,85.39404510130994,0.17713239097194376,2180571.321765932,0.11541970873182844 
 03/11  14:00:00,10.07,63.0,5.15,119.0,687.0,0.0,0.0,0.0,0.0,0.0,0.0,0.0,0.0,0.0,0.0,399.0,0.0,2382.4664916004605,68.03737123404886,174.34520564796035,71.43748192531717,1901.4252922195415,0.0,68.03737123404884,93.0122447135072,0.0,0.0,20.455448403722973,258.71978401647359,22.973327845315603,-824.0052359393321,20.48997922647434,-94.93802697766569,20.261274911641544,106.94647834184252,16.83580094810783,33.165618486492068,21.947660692348224,-417.56078089692439,18.208094036206079,226.32868528073414,16.353238101856257,125.52082682651212,17.493225688273247,163.91404270888507,589.7511727988895,213.48843056537045,0.0,0.0,0.0,0.0,0.0,0.0,0.0,0.0,0.0,0.0,0.0,0.0,0.0,0.0,0.0,0.0,0.0,0.0,0.0,0.0,0.0,0.0,1.007669975544262,0.3075915676264536,271.3369440664458,326.42388072783168,6132.606946903628,0.1135654795499151,0.017332948649254444,262.75419749153766,315.47929224937016,6219.4268585145759,1.4663336155255807,0.2770849613615989,146.15315887158568,175.90707672636627,3284.9229913708707,0.22910324885684786,0.043292375067431557,159.86522733812346,192.62787318680396,3457.887510967609,0.0,0.0,9.87708273942442,12.047644771366608,143.39229985403595,0.0,0.0,90.2645669974463,108.57035875187461,2043.6320995742338,0.0,0.0,289.76530021424795,351.2533984513565,5256.984729345967,0.0,0.0,37.846822898789159,46.231080003115838,517.4402910550678,0.0,0.0,145.82612910835403,177.48225328299209,2304.4142593303306,28.059821894310195,19.245419680596848,270.8099358203466,327.0676196068342,6052.15982568602,0.0,0.0,176.62777398404865,214.51059160863668,3016.631290355639,0.0,21.143161642224059,31.810312658161356,21.0,30.0,0.0,21.72812467252329,30.59531161298306,16.0,30.0,281.6726012239872,21.007688750174027,32.05599448460184,21.0,30.0,0.0,20.674301484216984,32.7442790363649,16.0,30.0,0.0,17.0913599800814,41.2013841819732,12.0,30.0,0.0,21.186891383070628,31.85980990950626,16.0,30.0,0.0,18.90469876810286,36.699303150184089,10.0,30.0,0.0,16.671497428634724,42.2838250890178,16.0,30.0,0.0,17.73155964136726,39.53287314251454,12.0,30.0,0.0,19.99875107981346,0.0,0.0,0.0,18.356802117996446,0.0,0.0,523.1731999729015,510.4319568624605,520.7209090406761,523.6115506790266,548.8809042881326,541.4207595770768,541.7802395888678,545.7225205279499,545.0079342317697,6574.073983373365,83.65773211638319,83.65773211638319,60.0,0.0,60.0,60.0,16.0,16.0,16.0,12.0,16.0,12.0,21.0,10.0,1.0,0.0,0.0,0.0,281.6726012239872,0.0,0.0,0.0,0.0,0.0,0.0,0.0,0.0,83.65773211638319,83.65773211638319,0.34,0.613177028608448,0.36028137401965956,83.65773211638319,0.3542647819438875,0.0,0.00203 
 03/11  14:10:00,10.133333333333335,62.5,5.1433333333333339,118.33333333333334,673.6666666666666,0.0,0.0,0.0,0.0,0.0,0.0,0.0,0.0,0.0,0.0,1600.0,0.0,2356.0223184329208,67.02199228578523,171.74324364832325,70.64455113253999,1880.3203147122663,0.0,67.0219922857852,91.62414471052564,0.0,0.0,20.48940057068059,301.9579115418942,23.028029276869625,-668.0488774513558,21.02255359186892,-1208.5616105962902,20.371794796219726,442.59283688098119,16.878878984490429,34.302948590385799,22.035916222333513,-429.30698644417307,18.252800564034489,249.4061373407567,16.3729335024053,132.36658093337219,17.536590907786349,183.74563156244086,653.5292522993614,203.33036785537684,0.0,0.0,0.0,0.0,0.0,0.0,0.0,0.0,0.0,0.0,0.0,0.0,0.0,0.0,0.0,0.0,0.0,0.0,0.0,0.0,0.0,0.0,1.045846666877945,0.319245014309507,326.0807654880264,393.32036465492589,7393.26404101913,0.15894948044114616,0.024259688712018648,206.25617043581799,248.35996775115775,4870.302370935978,1.1104067521573227,0.20982742860115703,372.5508274029578,448.60715500243387,8812.357293714203,0.2579112217452964,0.048736058530857207,274.6436913927455,331.61850641104669,6048.699502110346,0.0,0.0,9.980489607716418,12.207572474579849,144.21862918324457,0.0,0.0,91.83766068437106,110.7625279139935,2076.577494698537,0.0,0.0,288.596084637255,350.78764072033769,5226.420262637555,0.0,0.0,37.467986639883559,45.89709379495013,508.984863636675,0.0,0.0,143.92396753506729,175.64984284364716,2267.311999557134,28.358647102451827,19.450375241736514,497.2114478119921,601.5320334161381,10924.445502379433,0.0,0.0,174.20461174088966,212.12731538673985,2977.1305654427949,0.0,21.236841510068037,31.562407393420579,21.0,30.0,0.0,21.770807793487287,30.534558986234705,16.0,30.0,1750.4783795897566,21.744231383946784,30.61409217354498,21.5,30.0,0.0,20.920671320695683,32.20656698328439,16.0,30.0,0.0,17.126029061313895,41.08593291643217,12.0,30.0,0.0,21.243504704606445,31.72916156285978,16.0,30.0,0.0,18.958034305624474,36.53135796534812,10.0,30.0,0.0,16.696172026500883,42.18483412676933,16.0,30.0,0.0,17.775985278628604,39.38591202446043,12.0,30.0,0.0,20.250705021592276,0.0,0.0,0.0,18.4315632549152,0.0,0.0,515.6280785875746,514.1694239183383,516.3174427586639,518.5850695999891,546.437024522305,538.9296575977073,536.7582870214922,542.604655713448,541.2600585774374,5097.839420427556,80.80902475379247,82.6242675524878,60.0,0.0,60.0,60.0,16.0,16.0,16.0,12.0,16.0,12.0,21.0,10.0,1.0,0.0,0.0,0.0,1750.4783795897566,0.0,0.0,0.0,0.0,0.0,2747.033909622027,1648220.345773216,2136461.754662997,80.80902475379247,82.65509640140216,0.17656779698740089,0.38602309039440976,0.18014068700982978,82.65509640140216,0.17713239097194376,2136461.754662997,0.11312601124247585 
 03/11  14:20:00,10.196666666666668,62.00000000000001,5.136666666666668,117.66666666666666,660.3333333333334,0.0,0.0,0.0,0.0,0.0,0.0,0.0,0.0,0.0,0.0,400.0,0.0,2325.019512774795,65.99269304618488,169.10560921830277,69.71493178344658,1855.577139243716,0.0,65.99269304618486,90.21701461392334,0.0,0.0,20.436420550989419,259.9386485192754,23.08872132379487,-816.2480882927957,20.5113102471108,-254.453740574726,20.29633496102651,90.60620258423933,16.938146435712257,33.668644084324288,22.14556643260351,-437.18966915992317,18.303543222098218,230.42152443682608,16.406926705258198,134.54232298028138,17.598100225861044,173.48702091203178,622.0966366686134,195.79311612558105,0.0,0.0,0.0,0.0,0.0,0.0,0.0,0.0,0.0,0.0,0.0,0.0,0.0,0.0,0.0,0.0,0.0,0.0,0.0,0.0,0.0,0.0,0.9496144957686149,0.2898701147034844,261.92296370111696,315.08762675421078,5844.880808554019,0.11137681723029923,0.01699890372867815,254.33708251707217,305.2826554430684,5985.946684481487,1.45168658634439,0.27431719318677069,131.02005364512443,157.68092136962935,2914.520000188814,0.2254425869539141,0.04260064001396712,144.5017071345409,174.09255551510365,3093.1454563042645,0.0,0.0,9.8940235276989,12.063151715871883,143.068965419072,0.0,0.0,92.07873936554941,110.6793523751907,2091.703149740181,0.0,0.0,289.49346360167245,350.7663211495137,5239.178729962227,0.0,0.0,38.321996813772987,46.79574422901656,519.7121238026892,0.0,0.0,144.55155400056104,175.84378735541237,2281.7189378995528,28.256119110058738,19.380054259299553,338.8044485702949,408.86026497797647,7491.446944551159,0.0,0.0,175.6654405896903,213.21060223542799,3009.159100268686,0.0,21.13111419153471,31.76954396146486,21.0,30.0,0.0,21.791976627414269,30.429813032059586,16.0,30.0,431.3272287662008,21.011851168614404,31.93211265759876,21.0,30.0,0.0,20.691162771880714,32.64397098227853,16.0,30.0,0.0,17.193231323602676,40.85663551531276,12.0,30.0,0.0,21.35850221354496,31.468166822428253,16.0,30.0,0.0,19.013782164536953,36.37526571625042,10.0,30.0,0.0,16.747087418855526,41.998175314709758,16.0,30.0,0.0,17.853572267903219,39.153418716714487,12.0,30.0,0.0,20.21159071883135,0.0,0.0,0.0,18.51359782356052,0.0,0.0,516.5764241041552,507.73635968756568,509.3642417411081,516.9403728925619,540.9948561296518,534.3464332867777,533.7178282660265,537.7314439893573,537.1409021155741,5197.35321124626,84.5675213490763,84.5675213490763,60.0,0.0,60.0,60.0,16.0,16.0,16.0,12.0,16.0,12.0,21.0,10.0,1.0,0.0,0.0,0.0,431.3272287662008,0.0,0.0,0.0,0.0,0.0,0.0,0.0,0.0,84.5675213490763,84.5675213490763,0.34,0.6206969225396702,0.36028137401965956,84.5675213490763,0.3542647819438875,0.0,0.00205 
 03/11  14:30:00,10.26,61.5,5.130000000000001,117.0,647.0,0.0,0.0,0.0,0.0,0.0,0.0,0.0,0.0,0.0,0.0,1604.0,0.0,2289.6159830067438,64.95095256205652,166.43609273977283,68.65335873736015,1827.3217913907259,0.0,64.95095256205647,88.79287639282132,0.0,0.0,20.49309585010302,321.1419259112786,23.134173804725238,-698.38984811263,21.025934242976665,-1131.2740475780357,20.399756382120807,428.4193082735512,16.979397162763946,34.60222857280013,22.215277932598,-443.59357844878289,18.347093016280025,251.38571250655014,16.427899858089434,139.49708183370258,17.639676338013176,188.43324281501533,639.819706809159,189.89247841960333,0.0,0.0,0.0,0.0,0.0,0.0,0.0,0.0,0.0,0.0,0.0,0.0,0.0,0.0,0.0,0.0,0.0,0.0,0.0,0.0,0.0,0.0,1.0323893842902976,0.31513717469178817,333.8904996609168,402.6925234070444,7491.97938671808,0.1493464043080538,0.022794017751534464,220.9839844689796,266.0212645622589,5186.397299813597,1.0740863747357903,0.20296416756156286,364.85116981599307,439.3014352755934,8530.344068745324,0.25701065169108619,0.048565882783651957,272.64702526299149,329.16757685939168,5935.646704067685,0.0,0.0,9.962810179748005,12.180774117058882,143.33118305125834,0.0,0.0,93.20348978976353,112.33925283618689,2112.675714113402,0.0,0.0,287.9361760290615,349.83011982276346,5199.664641001527,0.0,0.0,37.89042450174501,46.39879672214544,510.5040105354327,0.0,0.0,142.7740434145585,174.16114079287869,2245.596077558554,28.539098964765704,19.574141951142467,503.2224145388014,608.6805958593766,10953.989806108815,0.0,0.0,173.32581629795076,210.9353807053517,2966.618861002228,0.0,21.255009037171189,31.456647352841974,21.0,30.0,0.0,21.830616765206245,30.34944519532132,16.0,30.0,1667.159137703441,21.736084881176937,30.550388516323076,21.5,30.0,0.0,20.92550853111578,32.11127715625745,16.0,30.0,0.0,17.22492369391913,40.750047778352087,12.0,30.0,0.0,21.404882120838864,31.355239651220985,16.0,30.0,0.0,19.06358757521228,36.22095253326759,10.0,30.0,0.0,16.771165884377738,41.903826625674998,16.0,30.0,0.0,17.894191573905898,39.019487155711079,12.0,30.0,0.0,20.297113217958534,0.0,0.0,0.0,18.57580774635194,0.0,0.0,510.0225268045686,508.194880631006,509.7082530112813,511.0689507069266,538.6960782370437,531.6231935529411,529.7510222863377,535.1005671703903,533.9396032453808,4174.117372584549,83.19685876761379,83.19685876761379,60.0,0.0,60.0,60.0,16.0,16.0,16.0,12.0,16.0,12.0,21.0,10.0,1.0,0.0,0.0,0.0,1667.159137703441,0.0,0.0,0.0,0.0,0.0,0.0,0.0,0.0,83.19685876761379,83.19685876761379,0.17,0.38536766273889169,0.18014068700982978,83.19685876761379,0.17713239097194376,0.0,0.00207 
 03/11  14:40:00,10.323333333333335,61.0,5.123333333333334,109.5,654.5,0.0,0.0,0.0,0.0,0.0,0.0,0.0,0.0,0.0,0.0,401.0,0.0,2290.8204182292886,62.01832051820694,158.921286905471,68.68945828357532,1828.282876527057,0.0,62.01832051820691,84.783746052102,0.0,0.0,20.471723799361074,276.68767648980067,23.180460789971847,-857.2395157668052,20.51117243656231,-77.9244043526287,20.334436829353814,100.09667067837745,17.03956161635247,33.94750368072005,22.3220075173814,-449.96761387308609,18.397478772641024,233.17007802660556,16.461501402516597,141.18319214862096,17.69660180548638,179.04145604647148,569.8577271174199,186.0024473261983,0.0,0.0,0.0,0.0,0.0,0.0,0.0,0.0,0.0,0.0,0.0,0.0,0.0,0.0,0.0,0.0,0.0,0.0,0.0,0.0,0.0,0.0,0.9931779348918355,0.3031678677936006,276.3461999209163,332.3419430642135,6129.561962889316,0.10607151887582679,0.016189181757604824,269.6609307982127,323.6248629969721,6290.074266645912,1.2885696258356024,0.24349388243303153,141.95021430175329,170.824168830069,3112.6694463283376,0.2252161010743261,0.04255784222870862,155.1937810363352,186.94006361245648,3291.193519159909,0.0,0.0,9.882576406059487,12.0442156708184,142.25527555544154,0.0,0.0,93.28576892222363,112.06424926903302,2122.4528254650078,0.0,0.0,288.82841207813569,349.809665865783,5211.2885744632899,0.0,0.0,38.64019457785352,47.16880104671817,519.5747679263399,0.0,0.0,143.48719335127803,174.46870271598989,2259.423374274768,28.432808337415826,19.501240286293439,274.4892831439142,331.37182994096698,6026.0699859405,0.0,0.0,174.7961267276737,212.04405614676655,2994.222194724164,0.0,21.195588754855267,31.56115134765764,21.0,30.0,0.0,21.817948367063786,30.296227082033174,16.0,30.0,240.07209954674597,21.006323212595789,31.908912212639519,21.0,30.0,0.0,20.72369130791931,32.49425063993943,16.0,30.0,0.0,17.291073277168324,40.52483754438361,12.0,30.0,0.0,21.509535069456129,31.114485276107645,16.0,30.0,0.0,19.117595663963969,36.06693497476737,10.0,30.0,0.0,16.82016375624856,41.72233677564913,16.0,30.0,0.0,17.96526602884251,38.80314368029843,12.0,30.0,0.0,20.08175096617555,0.0,0.0,0.0,18.64467114701636,0.0,0.0,509.75459188423829,502.3238953408271,508.2224072010448,510.21709408398558,533.6452480607608,527.3238602586466,526.7931945804893,530.5877100118685,530.0472953508669,7932.929539444483,82.7595168958604,82.7595168958604,60.0,0.0,60.0,60.0,16.0,16.0,16.0,12.0,16.0,12.0,21.0,10.0,1.0,0.0,0.0,0.0,240.07209954674597,0.0,0.0,0.0,0.0,0.0,0.0,0.0,0.0,82.7595168958604,82.7595168958604,0.34,0.6149454059765538,0.36028137401965956,82.7595168958604,0.3542647819438875,0.0,0.00209 
 03/11  14:50:00,10.386666666666667,60.5,5.116666666666667,102.0,662.0,0.0,0.0,0.0,0.0,0.0,0.0,0.0,0.0,0.0,0.0,1608.0,0.0,2287.4356163264749,58.98814880428597,151.15653509264895,68.58795108360896,1825.581332755173,0.0,58.98814880428594,80.641271587449,0.0,0.0,20.519861153811037,314.10264968508,23.234866776820007,-720.4033775766354,21.04413229537655,-1120.2392930115667,20.432445199653686,419.83563183528647,17.08433338569052,34.84597851868956,22.399984514332929,-457.1735604765041,18.441480913407799,253.40335815934714,16.481787516739336,145.1520413603265,17.734386660273729,191.20573828412354,621.6006060770715,184.53668543355639,0.0,0.0,0.0,0.0,0.0,0.0,0.0,0.0,0.0,0.0,0.0,0.0,0.0,0.0,0.0,0.0,0.0,0.0,0.0,0.0,0.0,0.0,1.02010334575699,0.31138685767917886,328.9757168044968,396.68214388068619,7317.416780562351,0.14755346236026285,0.022520369713104828,218.82342911380648,263.36113606509539,5092.94927734854,1.0363077839532387,0.19582535600023416,359.3035659621778,432.5653694781651,8314.822171882135,0.2557978211752331,0.0483367009023494,269.2240955083164,324.9706520032001,5805.797601262945,0.0,0.0,9.9814378933796,12.198373670669593,143.00318984380429,0.0,0.0,94.19768599354069,113.46928976135422,2138.908711060295,0.0,0.0,288.18919158757208,349.98431684645927,5188.765920860658,0.0,0.0,38.30758941310974,46.89436203624092,511.5897982880796,0.0,0.0,142.33185308740546,173.54325207602785,2231.9430190541218,28.732649629993945,19.70689275033879,490.63660905639468,593.3104633135524,10597.288329505926,0.0,0.0,173.18016248972564,210.6528227722968,2960.8472529650218,0.0,21.28872365981559,31.301316680524847,21.0,30.0,0.0,21.862796369919918,30.197356722382979,16.0,30.0,1675.8181291220145,21.754223069689233,30.436186070746765,21.5,30.0,0.0,20.950637339498429,31.9867618835618,16.0,30.0,0.0,17.325676355212765,40.41039407707591,12.0,30.0,0.0,21.557709848612978,30.99688479670709,16.0,30.0,0.0,19.167999319367707,35.90700522518148,10.0,30.0,0.0,16.8426478824639,41.63007292800913,16.0,30.0,0.0,18.001457978008188,38.67803063563592,12.0,30.0,0.0,20.3105315619699,0.0,0.0,0.0,18.697484209621718,0.0,0.0,504.1514353242778,502.1467873632741,504.52438517676299,506.36288938873749,531.4682296806865,524.7206642218308,522.947823907895,528.0868877970281,527.005363922678,3851.2563234716828,83.3076214965903,83.30762149659032,60.0,0.0,60.0,60.0,16.0,16.0,16.0,12.0,16.0,12.0,21.0,10.0,1.0,0.0,0.0,0.0,1675.8181291220145,0.0,0.0,0.0,0.0,0.0,0.0,0.0,0.0,83.3076214965903,83.3076214965903,0.17,0.3837533550822143,0.18014068700982978,83.3076214965903,0.17713239097194376,0.0,0.00207 
 03/11  15:00:00,10.45,60.0,5.11,94.5,669.5,0.0,0.0,0.0,0.0,0.0,0.0,0.0,0.0,0.0,0.0,402.0,0.0,2279.3651736090084,55.85671642624629,143.1323024600391,68.34594652310403,1819.1402213545835,0.0,55.85671642624626,76.36036611789335,0.0,0.0,20.508679969784845,283.0498923968462,23.293657088517308,-875.0883216155962,20.517884942452019,-60.45239352148019,20.367234787442919,100.82707381527053,17.1473546067922,33.97653000603299,22.502961693563898,-464.56025616767786,18.489927347285176,235.34577198089574,16.51398244469469,146.64728349715416,17.78655835495978,182.87092144400868,562.4196653477502,183.4340076902581,0.0,0.0,0.0,0.0,0.0,0.0,0.0,0.0,0.0,0.0,0.0,0.0,0.0,0.0,0.0,0.0,0.0,0.0,0.0,0.0,0.0,0.0,0.9874746781291405,0.3014269469258671,278.9398723437306,335.38199937425846,6140.66212770229,0.10238999472832985,0.01562728857269992,273.0214746601839,327.56745716458758,6331.072843272053,1.196890455916484,0.22616977625028049,142.2874784505601,171.21859214789456,3080.548938986743,0.22511972682304325,0.042539630918942399,155.43196128979799,187.1945681084759,3264.929819719073,0.0,0.0,9.884882077683539,12.041781514932657,141.77609050984965,0.0,0.0,94.44444679626001,113.38922533271804,2152.4166038913779,0.0,0.0,288.98094398131186,349.84786464532535,5196.39686727575,0.0,0.0,38.99326906181685,47.58500520651009,519.4640104405679,0.0,0.0,143.01581910519969,173.8225538989754,2243.305763091724,28.63227381891576,19.638047886773504,274.77270821922209,331.6448677776705,5981.490397121366,0.0,0.0,174.56162866963488,211.6645623020798,2982.678325399118,0.0,21.244014187911757,31.385642524366604,21.0,30.0,0.0,21.880848950486596,30.067898551040775,16.0,30.0,206.42543855515403,21.005584332221824,31.818400037397873,21.0,30.0,0.0,20.753569121050757,32.34959141572923,16.0,30.0,0.0,17.39573345668032,40.171850667270948,12.0,30.0,0.0,21.661841937953395,30.753647484899188,16.0,30.0,0.0,19.21828081075672,35.76127239810042,10.0,30.0,0.0,16.88855962665192,41.45323293088911,16.0,30.0,0.0,18.065691998003805,38.47582864445158,12.0,30.0,0.0,20.123149072672743,0.0,0.0,0.0,18.754215119513697,0.0,0.0,504.688150659289,495.9112517108918,502.8202549591367,505.07653843848848,526.6233617212789,520.4976529494783,520.3305909168144,523.8371901046629,523.3107213358891,7525.340678547447,83.02896085109052,83.02896085109052,60.0,0.0,60.0,60.0,16.0,16.0,16.0,12.0,16.0,12.0,21.0,10.0,1.0,0.0,0.0,0.0,206.42543855515403,0.0,0.0,0.0,0.0,0.0,0.0,0.0,0.0,83.02896085109052,83.02896085109052,0.34,0.6152622311602439,0.36028137401965956,83.02896085109052,0.3542647819438875,0.0,0.00205 
 03/11  15:10:00,10.445,59.83333333333333,5.076666666666667,87.0,677.0,0.0,0.0,0.0,0.0,0.0,0.0,0.0,0.0,0.0,0.0,1612.0,0.0,2266.502886747879,52.62059001981462,134.8397912164239,67.96026015285168,1808.8747826448319,0.0,52.6205900198146,71.93633597417389,0.0,0.0,20.559716149145005,316.44526774294538,23.34185053784397,-749.0865151424675,21.05382893454195,-1082.8252639557407,20.459468353000717,411.68926550663948,17.193178474087298,34.78654053494962,22.573468990563023,-470.9235851034043,18.53381158396658,254.7534773756006,16.533091294249723,149.56043813573519,17.820806820636528,192.41384191925864,615.4436588104468,185.98368257569565,0.0,0.0,0.0,0.0,0.0,0.0,0.0,0.0,0.0,0.0,0.0,0.0,0.0,0.0,0.0,0.0,0.0,0.0,0.0,0.0,0.0,0.0,1.0151454263881692,0.3098734512784399,328.54172385461228,396.08583187230149,7296.20563420633,0.14332122327464215,0.021874423576715837,224.40864409220536,270.01254006619106,5222.477371855657,1.0355487460502209,0.1956819248016291,354.98892647119359,427.33912158503207,8183.889157963809,0.25710550339201207,0.048583806385489789,266.3588316652744,321.4640346856083,5724.418373292781,0.0,0.0,9.989613255611431,12.203429755291709,144.0267402516319,0.0,0.0,95.28298019590082,114.71348732898142,2179.9759016203217,0.0,0.0,289.0501835222352,350.8947157490547,5226.939503735528,0.0,0.0,38.7169812801253,47.38271352503073,517.5451480957206,0.0,0.0,142.44785096459425,173.61957220714954,2243.9500106763159,28.916878856644805,19.833250244612356,485.5314027529221,587.0502984936777,10467.651692738133,0.0,0.0,173.61386361695345,211.09863808676074,2981.930675323608,0.0,21.333760028311425,31.115018724940968,21.0,30.0,0.0,21.92286058923466,29.991444710819306,16.0,30.0,1652.3811306984329,21.769287329484077,30.31570085247108,21.5,30.0,0.0,20.971875523475807,31.852464261980076,16.0,30.0,0.0,17.431031839409383,40.056026700059458,12.0,30.0,0.0,21.70735681896062,30.64188745911077,16.0,30.0,0.0,19.268206454677317,35.598043866334197,10.0,30.0,0.0,16.9089454262585,41.36318473699684,16.0,30.0,0.0,18.09756627539234,38.358029945416877,16.0,30.0,0.0,20.339411167946407,0.0,0.0,0.0,18.79758103137949,0.0,0.0,498.6587857667395,497.0896241059701,499.3698868150541,501.18000388622206,524.577377942412,518.1500069618098,516.5637964281496,521.3643391370181,520.3417442437494,4593.254670927194,82.7764518533886,82.7764518533886,60.0,0.0,60.0,60.0,16.0,16.0,16.0,16.0,16.0,12.0,21.0,10.0,1.0,0.0,0.0,0.0,1652.3811306984329,0.0,0.0,0.0,0.0,0.0,0.0,0.0,0.0,82.7764518533886,82.7764518533886,0.17,0.3837593289859297,0.18014068700982978,82.7764518533886,0.17713239097194376,0.0,0.00203 
 03/11  15:20:00,10.44,59.66666666666667,5.043333333333334,79.5,684.5,0.0,0.0,0.0,0.0,0.0,0.0,0.0,0.0,0.0,0.0,403.0,0.0,2248.7282372064476,49.276613810134588,126.27091489294436,67.4272782918882,1794.6888321610764,0.0,49.276613810134559,67.36486697280758,0.0,0.0,20.55912687375925,288.4595876955882,23.38772143626903,-900.9756361129894,20.523913942746746,-36.68844511921725,20.395299389003207,105.07602090429191,17.256825808640316,33.87315982136914,22.66472110079129,-477.69821889624566,18.581123307156227,237.1778140117658,16.56301049713668,151.0362494520059,17.86779455302436,185.31102519490288,559.4273717428278,188.20980292941659,0.0,0.0,0.0,0.0,0.0,0.0,0.0,0.0,0.0,0.0,0.0,0.0,0.0,0.0,0.0,0.0,0.0,0.0,0.0,0.0,0.0,0.0,0.9911180243905877,0.3025390794843064,281.39607374990836,338.26867272307438,6233.280093350958,0.10081518058875948,0.01538693232429174,276.1617257925491,331.2825568522062,6436.133124173558,1.2174432661539383,0.2300535272399733,145.29072795987106,174.8344193865991,3148.0860917968,0.2285752178937195,0.04319259597386989,158.58384589325522,190.97323495299694,3343.240098024012,0.0,0.0,9.89847582158775,12.053975677416548,144.27167986225877,0.0,0.0,95.53258101915414,114.64109759152236,2205.397143044232,0.0,0.0,289.95699523915035,350.91290628064896,5276.166380060018,0.0,0.0,39.3694466709649,48.03381274503262,530.2356386111998,0.0,0.0,143.1975264510949,173.9903924954986,2274.622039755822,28.80827347021045,19.758760953505118,273.07449663900646,329.5682946536726,5973.631428735891,0.0,0.0,175.04537592301117,212.18788384682336,3025.042237464134,0.0,21.30381477810636,31.17909130517861,21.0,30.0,0.0,21.930704819970445,29.873072721393404,16.0,30.0,168.48414790338405,21.004542638247487,31.722820035730594,21.0,30.0,0.0,20.782306041186787,32.19490392254292,16.0,30.0,0.0,17.5013429489725,39.81476324480179,12.0,30.0,0.0,21.80290683020924,30.414925464986639,16.0,30.0,0.0,19.31632245899698,35.45519662521486,10.0,30.0,0.0,16.951039874639564,41.19303302681913,16.0,30.0,0.0,18.154998095546863,38.17077387543707,16.0,30.0,0.0,20.150220051265518,0.0,0.0,0.0,18.84198002406881,0.0,0.0,499.6528848921834,491.2037810653929,497.7405779215606,499.8154070420839,520.0246543680046,514.2732800391178,514.0368926798376,517.3829900495256,516.905073129601,8225.055911154463,82.56638874346118,82.56638874346118,60.0,0.0,60.0,60.0,16.0,16.0,16.0,16.0,16.0,12.0,21.0,10.0,1.0,0.0,0.0,0.0,168.48414790338405,0.0,0.0,0.0,0.0,0.0,0.0,0.0,0.0,82.56638874346118,82.56638874346118,0.34,0.6153879261781763,0.36028137401965956,82.56638874346118,0.3542647819438875,0.0,0.00204 
 03/11  15:30:00,10.434999999999999,59.5,5.01,72.0,692.0,0.0,0.0,0.0,0.0,0.0,0.0,0.0,0.0,0.0,0.0,1616.0,0.0,2225.8998721881605,45.82188792038187,117.41824276027075,66.74276255716157,1776.4695578709648,0.0,45.82188792038185,62.64199476232217,0.0,0.0,20.605061719159367,311.7065063088362,23.427941396610295,-768.7988866796434,21.060360037816957,-1052.7264280628209,20.480819060149906,402.4206748846375,17.302676130754568,34.53121842088868,22.724483175829186,-482.70323277085449,18.62305029978542,253.72737302545102,16.580732570359474,152.66230078213017,17.898326542032334,191.6574127549577,612.2273149704602,194.5536009062473,0.0,0.0,0.0,0.0,0.0,0.0,0.0,0.0,0.0,0.0,0.0,0.0,0.0,0.0,0.0,0.0,0.0,0.0,0.0,0.0,0.0,0.0,1.01460923332029,0.30970977818079678,326.21437738364599,393.21980812934546,7277.140679921248,0.141443445250986,0.021587827419259164,227.4177161065233,273.5784610131467,5319.700838282381,1.066835706709063,0.20159404888682226,353.4543114053135,425.4825772776144,8166.106469574732,0.25951702090467546,0.04903949752544886,263.55742121481566,318.0529034581813,5679.08404638664,0.0,0.0,9.995581205434555,12.206285072071303,146.42229868733046,0.0,0.0,96.18733585001337,115.74850059167867,2228.006511318731,0.0,0.0,290.3552504252484,352.3650404737025,5310.370125417151,0.0,0.0,39.11999808744707,47.865946003595649,528.4528836261268,0.0,0.0,143.0451135004369,174.2961190901521,2280.4419274320418,29.07736548553408,19.94332337828127,480.40281265058,580.7998480702728,10401.80180227813,0.0,0.0,174.55115950581703,212.18214407246729,3027.997048982651,0.0,21.376154413445226,30.93074425071418,21.0,30.0,0.0,21.97342616464309,29.797519343801409,16.0,30.0,1628.5775103910369,21.77842504799507,30.199244189551974,21.5,30.0,0.0,20.988746097520154,31.718882586056666,16.0,30.0,0.0,17.536057950904337,39.69875653470734,12.0,30.0,0.0,21.84299558702876,30.311253834146006,16.0,30.0,0.0,19.362049048542305,35.298880289796148,10.0,30.0,0.0,16.96889697909193,41.10628901132279,16.0,30.0,0.0,18.182205100456618,38.06080751394329,16.0,30.0,0.0,20.363214403607026,0.0,0.0,0.0,18.873790379680995,0.0,0.0,493.684481636963,492.169743960568,494.41997306495235,496.17565979907007,518.0992382864736,512.0279315544469,510.59484113890007,515.0652534217769,514.1217453294331,3881.591305023805,83.3365339135629,83.3365339135629,60.0,0.0,60.0,60.0,16.0,16.0,16.0,16.0,16.0,12.0,21.0,10.0,1.0,0.0,0.0,0.0,1628.5775103910369,0.0,0.0,0.0,0.0,0.0,0.0,0.0,0.0,83.3365339135629,83.3365339135629,0.17,0.3838109086665295,0.18014068700982978,83.3365339135629,0.17713239097194376,0.0,0.00205 
 03/11  15:40:00,10.43,59.33333333333333,4.976666666666667,69.33333333333333,664.0,0.0,0.0,0.0,0.0,0.0,0.0,0.0,0.0,0.0,0.0,404.0,0.0,2119.011508687221,43.391987890258018,111.19157551689789,63.53774415865547,1691.1628454921698,0.0,43.391987890257997,59.32013719886985,0.0,0.0,20.611095057926329,290.355031877074,23.423362734265877,-910.808136558815,20.52962052579838,-11.838634209540033,20.418204925156105,108.48763135467653,17.357546473212126,33.72347447825058,22.763919442917485,-484.7536323771096,18.666820589361579,237.52655743015749,16.6084394774156,153.89990358557476,17.94024886022222,185.23838645394063,554.3931718510012,200.26440768406247,0.0,0.0,0.0,0.0,0.0,0.0,0.0,0.0,0.0,0.0,0.0,0.0,0.0,0.0,0.0,0.0,0.0,0.0,0.0,0.0,0.0,0.0,0.9930808685822584,0.30313823827297267,282.6442733629249,339.71098641908659,6295.907162206811,0.09971074887891635,0.015218368266012875,277.9878156728802,333.4494622203593,6497.405289956127,1.2390332255271573,0.2341332625712694,147.7434006807301,177.7880125000406,3203.8838464518464,0.23174330586137896,0.043791252052414759,161.18431232038808,194.09146572439733,3408.540930520057,0.0,0.0,9.901791984895868,12.054157413917825,146.38653566026688,0.0,0.0,96.4469106805448,115.69813103288235,2247.930102726549,0.0,0.0,291.12102393371506,352.21702921245557,5354.113946616306,0.0,0.0,39.712473974406019,48.44328734384932,540.0849432923187,0.0,0.0,143.67954913585985,174.53075934506763,2307.215974361764,28.96645182374693,19.86725090791971,269.3180480298054,325.0195534453446,5918.4899276761429,0.0,0.0,175.8020864491793,213.06232180258778,3062.6432371296,0.0,21.35680483228251,30.97741048666259,21.0,30.0,0.0,21.95517094029291,29.719316377737717,16.0,30.0,131.98041154046576,21.00340203190724,31.623615871924767,21.0,30.0,0.0,20.8052638025077,32.04327896211711,16.0,30.0,0.0,17.59521980761985,39.48126410530429,12.0,30.0,0.0,21.906726050813963,30.1412169829966,19.0,30.0,0.0,19.40455895309514,35.16592128336883,10.0,30.0,0.0,17.006292227033229,40.943431732516639,16.0,30.0,0.0,18.231741408364909,37.88900197390925,16.0,30.0,0.0,20.167393419095157,0.0,0.0,0.0,18.901994505382036,0.0,0.0,494.6903108192053,486.5613896268046,493.0804301197536,494.73291572174215,513.8237254198551,508.4014889075438,508.207634639453,511.34089338987158,510.90043101679967,7259.4331103856279,83.20473265128209,83.20473265128209,60.0,0.0,60.0,60.0,16.0,16.0,19.0,16.0,16.0,12.0,21.0,10.0,1.0,0.0,0.0,0.0,131.98041154046576,0.0,0.0,0.0,0.0,0.0,0.0,0.0,0.0,83.20473265128209,83.20473265128209,0.34,0.6151108966747044,0.36028137401965956,83.20473265128209,0.3542647819438875,0.0,0.0020599999999999999 
 03/11  15:50:00,10.425,59.16666666666667,4.943333333333333,66.66666666666667,636.0,0.0,0.0,0.0,0.0,0.0,0.0,0.0,0.0,0.0,0.0,1620.0,0.0,2010.35505256074,40.98909768520663,105.0341242696343,60.279711141844099,1604.4450457107556,0.0,40.98909768520661,56.03520411403484,0.0,0.0,20.64729688794585,297.68325599025777,23.410200466754078,-754.7627392839609,21.072413527002256,-1048.2115201329762,20.501285983554359,396.1156498469443,17.39319997172892,34.25556002049784,22.764829096160775,-482.77647556321736,18.702294575068664,247.03275278947604,16.62476859096576,153.37058591018138,17.966865889216384,185.94436010191726,601.6559413461819,209.89447867441732,0.0,0.0,0.0,0.0,0.0,0.0,0.0,0.0,0.0,0.0,0.0,0.0,0.0,0.0,0.0,0.0,0.0,0.0,0.0,0.0,0.0,0.0,1.0159655725088568,0.31012380113212975,319.5612530078435,385.1619953670295,7153.209212172471,0.14346099102641703,0.021895755651162548,223.65805619954348,269.04265409589706,5241.403088767637,1.0881623493664799,0.20562402671324266,353.2610774623917,425.2403443363932,8179.031665172512,0.2610492806940238,0.049329040191614468,261.0675348967343,315.0224608409615,5639.925923732213,0.0,0.0,9.981872131025455,12.186074010599008,148.07733489221995,0.0,0.0,96.3106408288349,115.86721500948221,2246.928577831275,0.0,0.0,290.9452482625203,352.990019687038,5370.612940498996,0.0,0.0,39.42477613415385,48.23026292842311,537.4830222773351,0.0,0.0,143.50752382032426,174.81729719849694,2310.908459375942,29.21900666640319,20.040470964611246,472.8500780936425,571.6270590727148,10280.620605098105,0.0,0.0,175.26553844154587,213.0212930115709,3057.9370439790875,0.0,21.404651344485737,30.76706657009362,21.0,30.0,0.0,21.984513990148597,29.669501107765688,16.0,30.0,1629.0978650952125,21.789221220286455,30.073294400518266,21.5,30.0,0.0,21.0051153171869,31.579279823002226,16.0,30.0,0.0,17.618673243811945,39.3915364848172,12.0,30.0,0.0,21.918460021791078,30.087980862378215,19.0,30.0,0.0,19.43775371252226,35.033415202817888,10.0,30.0,0.0,17.020687767980684,40.86241941644487,16.0,30.0,0.0,18.252695346393116,37.79056251258268,16.0,30.0,0.0,20.37619200087108,0.0,0.0,0.0,18.914048385285434,0.0,0.0,488.94161680279378,487.5076236383924,489.66948286455479,491.380831125101,512.0165949053953,506.2966861996798,504.95548222078227,509.1546314412458,508.2767129570723,4523.848112978076,81.31932921754556,81.31932921754556,60.0,0.0,60.0,60.0,16.0,16.0,19.0,16.0,16.0,12.0,21.0,10.0,1.0,0.0,0.0,0.0,1629.0978650952125,0.0,0.0,0.0,0.0,0.0,0.0,0.0,0.0,81.31932921754556,81.31932921754556,0.17,0.3828416142435286,0.18014068700982978,81.31932921754556,0.17713239097194376,0.0,0.0020633333333333334 
 03/11  16:00:00,10.42,59.0,4.91,64.0,608.0,0.0,0.0,0.0,0.0,0.0,0.0,0.0,0.0,0.0,0.0,405.0,0.0,1900.3483368249327,38.616761480558668,98.9549713790775,56.98119209912488,1516.6496273959133,0.0,38.616761480558647,52.792040664195329,0.0,0.0,20.646688912407723,283.1581872222141,23.372404524541389,-883.5930706094932,20.537664361943805,-4.086385479362434,20.438544284670699,109.3232476702824,17.4368507846475,33.49497696136655,22.75629709754986,-476.5599472564172,18.73535533386145,233.19008125357687,16.648469596778904,153.95520467643656,18.000697316621616,179.59171481822433,550.2797979776442,219.4879305319173,0.0,0.0,0.0,0.0,0.0,0.0,0.0,0.0,0.0,0.0,0.0,0.0,0.0,0.0,0.0,0.0,0.0,0.0,0.0,0.0,0.0,0.0,0.9986157765930483,0.30482777063279867,279.42206295888146,335.82303395182347,6239.0636559535309,0.10326164795714953,0.015760324779784727,274.9792572462726,329.8582211915943,6426.428761981291,1.22686676169842,0.23183423312517394,148.35158951599858,178.5222294323592,3219.5136370587044,0.23299900687697895,0.04402853493518119,161.70458561120678,194.70739981967263,3428.84511786049,0.0,0.0,9.870899770913015,12.013927073559048,147.414490165078,0.0,0.0,96.34813024075706,115.57051870530404,2252.263366299826,0.0,0.0,290.86710375338256,351.84204167610297,5388.846074489223,0.0,0.0,39.90060095031341,48.66564110651021,547.0008170938626,0.0,0.0,143.61420634239995,174.4177417007094,2325.6580661069349,29.099376181826547,19.958419877795995,266.1499952164414,321.1893061077902,5870.145140791476,0.0,0.0,175.86609821090785,213.13118481414478,3072.124196652738,0.0,21.373198784074274,30.83891708217597,21.0,30.0,0.0,21.9435846364283,29.62325853745605,16.0,30.0,112.90966625710856,21.002844694358254,31.51173009571805,21.0,30.0,0.0,20.824350519628646,31.8937244869124,16.0,30.0,0.0,17.660096532798474,39.21334421276854,12.0,30.0,0.0,21.931913305895827,30.00658645787328,19.0,30.0,0.0,19.462802802400458,34.93609232216761,10.0,30.0,0.0,17.050412593160869,40.71470144424848,16.0,30.0,0.0,18.289582157579227,37.645272353105088,16.0,30.0,0.0,20.177665952540907,0.0,0.0,0.0,18.915793404542805,0.0,0.0,489.9597749526907,482.08428130069339,488.3788400084017,489.9546237836685,507.99556979303778,502.86525526826218,502.7033887872552,505.6608252884602,505.248374414397,4000.8158747549,85.35813659029155,85.35813659029157,60.0,0.0,60.0,60.0,16.0,16.0,19.0,16.0,16.0,12.0,21.0,10.0,1.0,0.0,0.0,0.0,112.90966625710856,0.0,0.0,0.0,0.0,0.0,0.0,0.0,0.0,85.35813659029155,85.35813659029155,0.34,0.6202543432365026,0.36028137401965956,85.35813659029155,0.3542647819438875,0.0,0.0020666666666666665 
 03/11  16:10:00,10.283333333333334,59.333333333333339,4.761666666666667,61.33333333333333,580.0,0.0,0.0,0.0,2.0,0.0,0.0,0.0,0.0,0.0,4.0,1624.0,0.0,1791.1343986028283,36.29939575432374,93.01668328068549,53.70644495586431,1429.4869256372757,0.0,36.299395754323729,49.62402602591975,0.0,0.0,20.613021140867646,226.81007558177999,23.32203711126021,-790.341249160073,21.19664561252882,-953.6189245165369,20.525876694638457,449.1136599678741,17.461801513951224,24.28718070965641,22.976148404993045,-61.40672391464176,18.545716652647966,12.709188418162058,16.65571036271176,138.32856069084546,18.008222526699883,130.36348407613787,615.4583445729427,165.6498058566185,0.0,0.0,0.0,0.0,0.0,0.0,0.0,0.0,0.0,0.0,0.0,0.0,0.0,0.0,0.0,0.0,0.0,0.0,0.0,0.0,0.0,0.0,1.136637410116643,0.3469589163970217,258.59708019051319,311.7692665751521,5800.626116598493,0.1589061650103901,0.024253077687788475,244.49765505924894,294.1235597315367,5776.632294687867,1.0698432620548018,0.20216237000279708,277.9012055515417,334.12456136778556,6613.630603857613,0.26308456358420737,0.04971363635378066,282.30889806544067,340.49619701981239,6199.00919694263,0.0,0.0,7.615043284475358,9.295327094772468,115.90437106600135,0.0,0.0,13.055738079517388,15.6774446041364,320.03134062535369,0.0,0.0,183.78618802679214,223.31064855111516,3307.4192565607138,0.0,0.0,37.30370000163764,45.6353399561831,521.5123909685823,0.0,0.0,120.157261791938,146.39706746662416,1975.9086419651806,29.21754215360155,20.039466497669108,479.15011311508547,579.1827491568923,10529.149292003036,0.0,0.0,149.66755450343033,182.01878211890338,2622.1836625137245,0.0,21.280236443226934,30.899842359384633,21.0,30.0,0.0,21.934227004471386,29.743489713657824,16.0,30.0,724.3644092920745,22.025405798328828,30.251164000017835,21.5,30.0,0.0,21.034505334562359,31.893294975225449,16.0,30.0,0.0,17.666050551246316,39.17874318988338,12.0,30.0,0.0,22.372627571900645,30.80427009259828,19.0,30.0,0.0,19.048375495078188,35.75933493052253,10.0,30.0,0.0,17.048033058945497,40.6818351816255,16.0,30.0,0.0,18.27671227080595,37.63136398503234,16.0,30.0,0.0,20.440386663432358,0.0,0.0,0.0,18.797595261245726,0.0,0.0,485.2979019371633,489.0105447010738,529.994054670737,514.9833516091924,506.93847791655289,593.1991457230362,498.4523295231651,503.91830082539027,503.12168592825358,3349.172843555306,83.53032406000202,83.53032406000202,1744.0,0.0,1744.0,1744.0,16.0,16.0,19.0,16.0,16.0,12.0,21.0,10.0,1.0,0.0,0.0,0.0,724.3644092920745,0.0,0.0,0.0,0.0,0.0,0.0,0.0,0.0,83.53032406000202,83.53032406000202,0.17,0.38353922087424899,0.18014068700982978,83.53032406000202,0.17713239097194376,0.0,0.060168 
 03/11  16:20:00,10.146666666666667,59.66666666666667,4.613333333333333,58.66666666666667,552.0,0.0,0.0,0.0,2.0,0.0,0.0,0.0,0.0,0.0,4.0,812.0,0.0,1679.998257150227,34.000845329962647,87.12661492397732,50.37406252513464,1340.7901453010186,0.0,34.00084532996263,46.48173333178317,0.0,0.0,20.59666799638009,258.0837417963421,23.28854623021534,-765.8109648613181,21.189795840323258,-814.4031043183068,20.673909342922369,323.4260181281479,17.483200684133686,20.964956338046308,23.314886144993954,-79.16014626756783,18.40457138552322,104.65509376097543,16.645955501374677,125.70517024474487,17.981975315101793,97.05589440765152,644.7590304032965,139.5262514400174,0.0,0.0,0.0,0.0,0.0,0.0,0.0,0.0,0.0,0.0,0.0,0.0,0.0,0.0,0.0,0.0,0.0,0.0,0.0,0.0,0.0,0.0,1.242916344307238,0.3794005935003779,273.5925053103949,329.58392861268376,6193.784395473776,0.17593175615605698,0.02685161113492933,257.40640817033707,309.33378468617846,6161.647633174733,0.904336619175474,0.17088749417525973,273.7923217711672,329.1945000036441,6528.5418978447319,0.24896347022654947,0.04704525136556111,275.3663838905352,331.7748354269609,6224.702532702535,0.0,0.0,7.5173122113199499,9.166837044409114,116.60542095156878,0.0,0.0,14.016529620207733,16.773117416870936,363.353137097311,0.0,0.0,164.03111303176056,199.26200343230009,2919.4217810858,0.0,0.0,35.47444084613601,43.35718135357507,503.7954170165822,0.0,0.0,102.17372133741907,124.37986148657828,1695.8250423499372,29.22408266122992,20.043952442544538,491.34783208013229,593.3975341367112,11017.529599234715,0.0,0.0,129.63479367124038,157.56902998109536,2267.483261040983,0.0,21.23964042872953,31.102201286509357,21.0,30.0,0.0,21.949776854831254,29.82764080123259,16.0,30.0,0.0,21.881869327712349,30.692010575299677,21.0,30.0,0.0,21.258796187007247,31.692085512575873,16.0,30.0,0.0,17.670043073786716,39.15204029004548,12.0,30.0,0.0,22.95832355548202,31.824632175786854,19.0,30.0,0.0,18.815492662100973,36.26578214804455,10.0,30.0,0.0,17.017263380704294,40.74677497110511,16.0,30.0,0.0,18.2119886611176,37.77205181161915,16.0,30.0,0.0,20.550480665210864,0.0,0.0,0.0,18.6466766371304,0.0,0.0,493.1457547522825,496.6258613238316,537.4137363408114,528.0457800982654,505.922506785208,708.2365796477509,497.8808386035533,503.184170881907,502.4802893034732,0.0,83.48506118142817,83.48506118142817,1744.0,0.0,1744.0,1744.0,16.0,16.0,19.0,16.0,16.0,12.0,21.0,10.0,1.0,0.0,0.0,0.0,0.0,0.0,0.0,0.0,0.0,0.0,0.0,0.0,0.0,83.48506118142817,83.48506118142817,0.0,0.0,0.0,83.48506118142817,0.0,0.0,0.060264888888888899 
 03/11  16:30:00,10.01,60.0,4.465,56.0,524.0,0.0,0.0,0.0,2.0,0.0,0.0,0.0,0.0,0.0,4.0,812.0,0.0,1568.617452813712,31.741107909738635,81.33600982196849,47.03434504801968,1251.898113569765,0.0,31.74110790973862,43.39250095690034,0.0,0.0,20.608138558155635,259.4626679049834,23.244882689486599,-730.5565184626112,21.28596007092134,-805.0306288367356,20.691915747257334,330.87704493412277,17.501240559319976,18.600065094287346,23.499476849454305,-94.50950110319985,18.370210926593349,108.26877035180269,16.62980838685077,111.80535863552768,17.949373789215288,69.82255966003277,656.2437446141103,136.7680866165606,0.0,0.0,0.0,0.0,0.0,0.0,0.0,0.0,0.0,0.0,0.0,0.0,0.0,0.0,0.0,0.0,0.0,0.0,0.0,0.0,0.0,0.0,1.2925419007483937,0.3945488097522569,279.82358910133407,337.07904408238519,6413.295110606554,0.1843921297947374,0.028142876952798755,262.7342586910851,315.72123962035507,6364.193243120954,0.9000838439595758,0.17008387074066065,268.1717069068805,322.16247571470537,6532.221922613903,0.24290616532779023,0.04590063592739799,267.9767791464715,322.72485786014809,6135.20300206432,0.0,0.0,7.4922949568852659,9.136097183058802,118.3417032420767,0.0,0.0,15.42646855395856,18.43690484821373,413.9475577825404,0.0,0.0,156.04236244827076,189.57871514973,2800.0932154527247,0.0,0.0,34.30820507738288,41.93508227539231,494.01043348358237,0.0,0.0,95.5624478760072,116.34096520416539,1599.078875476976,29.20681678810881,20.03211027991003,491.27096696623399,593.0525773325927,11209.53160055721,0.0,0.0,122.05594810543212,148.37941189166225,2146.417775051941,0.0,21.239490611594748,31.315893094052244,21.0,30.0,0.0,21.95396962334595,30.08064193911989,16.0,30.0,0.0,21.990064143372068,30.75344848867654,21.0,30.0,0.0,21.269730469736638,31.984899414604436,16.0,30.0,0.0,17.67135787515877,39.211192665124,12.0,30.0,0.0,23.29135312182045,32.36156514096248,19.0,30.0,0.0,18.749126686605764,36.58241037614193,10.0,30.0,0.0,16.975595603669669,41.083930679329217,16.0,30.0,0.0,18.140739867083157,38.16392256807673,16.0,30.0,0.0,20.59746841522046,0.0,0.0,0.0,18.55487581150335,0.0,0.0,506.56970385458529,512.5011707837981,553.310792844255,545.0026813177432,508.2635405615315,766.6080825242741,506.1472259355569,511.9973133580045,511.7740558597063,0.0,83.48506118142817,83.48506118142817,1744.0,0.0,1744.0,1744.0,16.0,16.0,19.0,16.0,16.0,12.0,21.0,10.0,1.0,0.0,0.0,0.0,0.0,0.0,0.0,0.0,0.0,0.0,0.0,0.0,0.0,83.48506118142817,83.48506118142817,0.0,0.0,0.0,83.48506118142817,0.0,0.0,0.06036177777777778 
 03/11  16:40:00,9.873333333333333,60.33333333333333,4.316666666666666,49.66666666666667,490.5,0.0,0.0,0.0,2.0,0.0,0.0,0.0,0.0,0.0,4.0,406.0,0.0,1434.5810696415234,27.951597130997944,71.62542020540544,43.01530811268341,1144.9248736810469,0.0,27.95159713099793,38.21195242153437,0.0,0.0,20.626575723760526,257.2619275949437,23.17067013102504,-713.8366191873611,21.342072876972883,-824.1952203002093,20.72625244830593,316.519104883173,17.518253463393095,18.477793254186396,23.62174810929283,-102.79929417698429,18.357636721020659,113.6582658334928,16.61849713107984,113.21975776019372,17.925495396994344,77.94571096599475,660.1110858168213,152.83853620664105,0.0,0.0,0.0,0.0,0.0,0.0,0.0,0.0,0.0,0.0,0.0,0.0,0.0,0.0,0.0,0.0,0.0,0.0,0.0,0.0,0.0,0.0,1.3167512889939264,0.40193873290412898,281.49753107317749,338.41354865650586,6538.572916753458,0.1888065291714011,0.028816625331410427,264.18491445448128,316.87692418813676,6458.148475395341,0.9154338432399397,0.17298447529099396,269.26240220955926,322.79134173649057,6654.873637770879,0.24599872087563694,0.04648501906191173,268.9307642980805,323.1776707531521,6257.004078350967,0.0,0.0,7.50257977960813,9.130491808558979,120.68494632926383,0.0,0.0,15.574542105849881,18.55052541478287,429.6144863613797,0.0,0.0,156.23292032970475,189.45104826866084,2839.79455539113,0.0,0.0,34.23557525745838,41.76688820274975,500.78903089214836,0.0,0.0,95.78299271521439,116.39473081990654,1621.0475633612444,29.168602274421738,20.00590005104372,493.8625873085397,594.9970458542636,11426.85145363076,0.0,0.0,122.26522575436086,148.36910133826064,2168.240960717586,0.0,21.250701237524184,31.49644435145348,21.0,30.0,0.0,21.922197507933576,30.238277596513919,16.0,30.0,0.0,22.02647403700076,30.779168763331513,21.0,30.0,0.0,21.314551061195805,32.09362923949217,19.0,30.0,0.0,17.673889836812334,39.32613926474877,12.0,30.0,0.0,23.532298484074987,32.8868698000341,19.0,30.0,0.0,18.722498956050218,36.77582594492959,10.0,30.0,0.0,16.947069171733305,41.36750621035113,16.0,30.0,0.0,18.093400724154856,38.44300825102512,16.0,30.0,0.0,20.610747015509288,0.0,0.0,0.0,18.4860438970982,0.0,0.0,517.7719930868361,519.4293679901448,559.7379991352727,555.9240886413885,513.2138667038015,812.2010266208781,511.8949059162265,520.2200156788888,518.9022817512639,0.0,83.48506118142817,83.48506118142817,1744.0,0.0,1744.0,1744.0,16.0,19.0,19.0,16.0,16.0,12.0,21.0,10.0,1.0,0.0,0.0,0.0,0.0,0.0,0.0,0.0,0.0,0.0,0.0,0.0,0.0,83.48506118142817,83.48506118142817,0.0,0.0,0.0,83.48506118142817,0.0,0.0,0.06045866666666667 
 03/11  16:50:00,9.736666666666667,60.666666666666667,4.168333333333333,43.333333333333339,457.0,0.0,0.0,0.0,2.0,0.0,0.0,0.0,0.0,0.0,4.0,406.0,0.0,1302.7140522996847,24.201782553268303,62.01655987217541,39.061319933511949,1039.682996539586,0.0,24.201782553268289,33.08567160250822,0.0,0.0,20.6266119044282,244.33177439115208,23.093746061939773,-672.2119952420017,21.391114477027004,-833.0966757752067,20.748648807675186,317.5437666184753,17.53378795306304,18.137268104652038,23.656996186179563,-108.62509619213359,18.352905310416774,110.93844200087551,16.612832596762325,109.57252536089254,17.912551507627744,73.51164887608138,665.8394565098679,174.03334195200933,0.0,0.0,0.0,0.0,0.0,0.0,0.0,0.0,0.0,0.0,0.0,0.0,0.0,0.0,0.0,0.0,0.0,0.0,0.0,0.0,0.0,0.0,1.3436121237128445,0.4101380109013567,273.0110668275952,328.23733479031918,6404.764022531851,0.1991816665928615,0.03040013226386775,255.15740188301406,306.063533842655,6297.835908423543,0.9248444457426455,0.17476274484932839,268.7633161124965,322.1512606210733,6733.406631919178,0.24717509413359119,0.04670731181662719,267.8046769380764,321.7915516526671,6318.845658634429,0.0,0.0,7.537112838253758,9.17220645902676,123.37878124115109,0.0,0.0,15.913421232625409,18.94558501749987,446.1619025957548,0.0,0.0,157.71409474365988,191.2497402418583,2906.266478151657,0.0,0.0,34.14975831976484,41.663132060417108,507.9695930001653,0.0,0.0,97.32740135074784,118.27795591207203,1669.375220669993,29.145487848574676,19.990046535373584,484.2719539116779,583.4186079012073,11359.310405367421,0.0,0.0,123.85990585903751,150.3346506854471,2213.5555839789246,0.0,21.223890157009003,31.56804334981908,21.0,30.0,0.0,21.900527904979425,30.35149569343162,16.0,30.0,0.0,22.056909646466346,30.79865099550481,21.0,30.0,0.0,21.34058867420109,32.07123464216478,19.0,30.0,0.0,17.67524335892544,39.43695300155278,12.0,30.0,0.0,23.624122438241764,33.17919232149731,19.0,30.0,0.0,18.707774990395195,36.952504307366648,10.0,30.0,0.0,16.929807232037317,41.572864198331917,16.0,30.0,0.0,18.067019697142148,38.650391621185828,16.0,30.0,0.0,20.610402061722657,0.0,0.0,0.0,18.41430530728162,0.0,0.0,519.7650408618082,523.2397156495357,563.6484835461529,558.2582432570346,517.7276034472892,831.6509999841456,518.6703533187235,526.6880274836784,525.0870227513444,0.0,83.48506118142817,83.48506118142817,1744.0,0.0,1744.0,1744.0,16.0,19.0,19.0,16.0,16.0,12.0,21.0,10.0,1.0,0.0,0.0,0.0,0.0,0.0,0.0,0.0,0.0,0.0,0.0,0.0,0.0,83.48506118142817,83.48506118142817,0.0,0.0,0.0,83.48506118142817,0.0,0.0,0.060168 
 03/11  17:00:00,9.6,61.0,4.02,37.0,423.5,0.0,0.0,0.0,2.0,0.0,0.0,0.0,0.0,0.0,4.0,406.0,0.0,1173.8134294179693,20.495435889948558,52.519094103435779,35.196279064282659,936.8085826161317,0.0,20.495435889948547,28.018814717989643,0.0,0.0,20.634901051855473,242.24361375703848,22.999403488440099,-651.6068430585638,21.430606874341448,-848.0070195897406,20.77065517316663,320.93291394552946,17.548292428118466,17.8290064098191,23.652510079348738,-111.0082095844939,18.345210633967047,104.86943113826328,16.607047694505885,105.30055240907541,17.900145709242915,67.11647175666985,671.5376975763211,196.17138175445053,0.0,0.0,0.0,0.0,0.0,0.0,0.0,0.0,0.0,0.0,0.0,0.0,0.0,0.0,0.0,0.0,0.0,0.0,0.0,0.0,0.0,0.0,1.3798341132245904,0.4211947842565905,275.1679816946838,330.8312236826517,6528.209394167688,0.20601532825213343,0.03144312091760278,256.7938637193521,308.06333564024967,6385.759124369205,0.9227739412129614,0.17437149304855666,270.98247964944388,324.77944063640998,6872.9503880393,0.24759171331245018,0.04678603804090138,268.9955054775019,323.18330653525126,6436.179247366687,0.0,0.0,7.507123059593807,9.135374405226269,125.00757158185454,0.0,0.0,16.119697681542868,19.187001967735019,457.49079008667055,0.0,0.0,158.3611963672122,192.04391072248309,2955.455893264093,0.0,0.0,34.012133859364848,41.495901455186707,514.3416000424928,0.0,0.0,98.4963377840949,119.70354127652138,1712.2400783289318,29.119596882979527,19.97228867145373,488.2850664167301,588.2434500900167,11593.193974577624,0.0,0.0,125.02520060685136,151.78505411961556,2248.8623634163575,0.0,21.21552109853059,31.66432269735176,21.0,30.0,0.0,21.85287546508074,30.576819425236019,16.0,30.0,0.0,22.073800431948738,30.897462818623219,21.0,30.0,0.0,21.36829295451757,32.098410763259597,19.0,30.0,0.0,17.675917864251006,39.5755461077746,12.0,30.0,0.0,23.659713858921266,33.4218552818632,19.0,30.0,0.0,18.68527047280551,37.104612924970087,10.0,30.0,0.0,16.912777515977749,41.80714312346979,16.0,30.0,0.0,18.04243627546984,38.886224237815849,16.0,30.0,0.0,20.612147946486095,0.0,0.0,0.0,18.331622807844526,0.0,0.0,523.8384202496357,531.8473037892392,571.8764973969915,562.2792235617827,523.2855048307719,843.9201194375378,523.4609517717311,533.3000165323716,531.7862633930409,0.0,83.48506118142817,83.48506118142817,1744.0,0.0,1744.0,1744.0,16.0,19.0,19.0,16.0,16.0,12.0,21.0,10.0,1.0,0.0,0.0,0.0,0.0,0.0,0.0,0.0,0.0,0.0,0.0,0.0,0.0,83.48506118142817,83.48506118142817,0.0,0.0,0.0,83.48506118142817,0.0,0.0,0.05987733333333333 
 03/11  17:10:00,9.321666666666668,62.16666666666667,3.9399999999999997,30.666666666666666,390.0,0.0,4.0,0.0,0.0,0.0,0.0,0.0,0.0,0.0,0.0,2436.0,0.0,1048.8734418363607,16.8362967021942,43.142605749514,31.44999735684717,837.0951251913164,0.0,16.836296702194195,23.016494031592097,0.0,0.0,20.680902860432405,245.92703667471563,22.903163308468373,-682.0546295740353,21.01872486820318,-271.93180184079298,20.80295344206045,-45.02213898964005,17.56997364532782,31.99187859545807,23.21524534712017,-871.4182157425605,18.744856850813286,479.9153047873357,16.614054727840349,124.17535218627973,17.910117661906413,129.29064342734839,589.1531906210083,382.54236666971448,0.0,0.0,0.0,0.0,0.0,0.0,0.0,0.0,0.0,0.0,0.0,0.0,0.0,0.0,0.0,0.0,0.0,0.0,0.0,0.0,0.0,0.0,1.2088897922753133,0.36901397810601757,314.34976323845469,379.270075421878,7669.094297201261,0.1932851921961274,0.029500181959115899,215.59352535164718,259.5129481667317,5464.738771309545,1.5760981322051993,0.29782655559433099,105.86828042111988,127.72459909136411,2675.395273760107,0.22384623603244775,0.04229898640068927,13.423341564642252,16.191770825466855,332.750638553989,0.0,0.0,11.027094811846773,13.463725640127813,190.1963462040452,0.0,0.0,120.62813132330051,144.6497295447731,3317.4536091280049,0.0,0.0,318.3398827375602,386.1553658192091,6622.317464068148,0.0,0.0,39.396439577343887,48.21651629127936,618.9764531170368,0.0,0.0,152.94530046470525,186.42197088112608,2752.632944195708,29.116510225444637,19.970171622390017,270.2661017228069,327.32925056481278,6636.447135376026,0.0,0.0,185.64165278236477,225.91985014195508,3509.096214220949,0.0,21.281896100971534,31.768286119212616,20.999999999999998,30.0,0.0,21.815643505547265,30.560393990438596,15.999999999999999,30.0,0.0,21.463813390781369,31.466406559244768,20.999999999999998,30.0,0.0,21.32222878140291,35.26418198823637,18.999999999999998,30.0,0.0,17.69216070351503,39.965962263933,11.999999999999997,30.0,0.0,22.89629923912485,30.585476463598814,15.999999999999999,30.0,0.0,19.477453163095985,37.06277832884275,9.999999999999999,30.0,0.0,16.92312705069436,42.46569926731378,15.999999999999999,30.0,0.0,18.065006381851555,39.77408917987471,15.999999999999999,30.0,0.0,20.157590188759685,0.0,0.0,0.0,18.49181715328036,0.0,0.0,538.2115980912664,529.7688317122075,541.2198037556153,735.2872731994884,539.4741530803268,622.6832150016138,595.2403961291391,557.7551640953324,567.9040259517485,0.0,83.48506118142815,83.48506118142815,161.99999999999998,0.0,161.99999999999998,161.99999999999998,16.0,19.0,16.0,16.0,16.0,12.0,21.0,10.0,1.0,0.0,0.0,0.0,0.0,0.0,0.0,0.0,0.0,0.0,0.0,0.0,0.0,83.48506118142815,83.48506118142815,0.0,0.0,0.0,83.48506118142815,0.0,0.0,0.005535 
 03/11  17:20:00,9.043333333333333,63.333333333333339,3.8600000000000005,24.333333333333333,356.5,0.0,4.0,0.0,0.0,0.0,0.0,0.0,0.0,0.0,0.0,814.0,0.0,929.39776266851,13.228199907550336,33.896921962416438,27.867561715185553,741.7426897234923,0.0,13.228199907550329,18.083952166343065,0.0,0.0,20.63741662075079,196.36183837237338,22.719470357347029,-684.2502872131402,20.705701448311033,-67.52443758604955,20.777415800771345,-57.28688411400931,17.599878317995516,33.12688674528031,22.70970011307215,-569.8139221366988,18.83202139547675,213.9907201887973,16.64079212311672,129.56207200504336,17.954001565334779,132.37071039337847,548.3970462346634,445.9292069234026,0.0,0.0,0.0,0.0,0.0,0.0,0.0,0.0,0.0,0.0,0.0,0.0,0.0,0.0,0.0,0.0,0.0,0.0,0.0,0.0,0.0,0.0,1.2403064353028684,0.3786039179801186,256.4800081006623,309.1085905415773,6348.548787817139,0.1913026073339666,0.029197589641936307,219.64620807243763,264.25113835530046,5610.58461730081,2.0460227543571154,0.38662561495788297,109.8507634995648,132.31212350467329,2719.1176074021097,0.18170641685502393,0.03433605760676944,13.584346195996716,16.32366329320441,341.241116055695,0.0,0.0,10.364366567283027,12.635554143268703,185.37676264343026,0.0,0.0,107.077908400931,128.5739110676636,2850.2841675299116,0.0,0.0,318.3316617021725,385.62533421809078,6847.252099457997,0.0,0.0,40.859828047252538,49.93396449617638,669.2576585003884,0.0,0.0,163.3281902152714,198.79681286445769,3057.7121246890567,29.12588118232116,19.976598890480916,216.29614569351839,261.7742565809991,5441.219642528726,0.0,0.0,198.06373147218995,240.73638214913439,3872.7097990184549,0.0,21.161152108316334,31.867827252081704,21.000000000000008,30.000000000000008,0.0,21.62200842000542,30.85848297184969,16.000000000000005,30.000000000000008,97.84718796715966,20.986666180070374,32.771454643940078,21.000000000000008,30.000000000000008,0.0,21.246230408834735,40.032428633313418,19.000000000000005,30.000000000000008,0.0,17.72241661298026,40.503408633510449,12.000000000000004,30.000000000000008,0.0,22.162543451335034,31.140374947244486,16.000000000000005,30.000000000000008,0.0,19.549167305138924,36.44654963250848,10.000000000000002,30.000000000000008,0.0,16.9684480008317,43.10131603334477,16.000000000000005,30.000000000000008,0.0,18.141419777920569,40.084936140988549,16.000000000000005,30.000000000000008,0.0,19.910454803374109,0.0,0.0,0.0,18.546378052428325,0.0,0.0,532.4646259360764,528.2129001795706,562.1299809733207,995.1028202670642,562.7485442425223,582.5801821742882,577.4927473691669,584.9889992585295,587.3873349102515,3648.920112939308,83.33220314386198,83.33220314386199,162.00000000000007,0.0,162.00000000000007,162.00000000000007,16.0,19.0,16.0,16.0,16.0,12.0,21.0,10.0,1.0,0.0,0.0,0.0,97.84718796715966,0.0,0.0,0.0,0.0,0.0,0.0,0.0,0.0,83.33220314386198,83.33220314386198,0.1700000000000001,0.30780059764632836,0.18014068700982986,83.33220314386198,0.17713239097194384,0.0,0.00549 
 03/11  17:30:00,8.765,64.5,3.78,18.0,323.0,0.0,4.0,0.0,0.0,0.0,0.0,0.0,0.0,0.0,0.0,1632.0,0.0,757.63750780229,10.462934329295426,26.810957410488265,22.71740230297052,604.6625328625864,0.0,10.46293432929542,14.303624472939062,0.0,0.0,20.690460889155049,267.74242293762156,22.58762143873993,-467.4298704650248,21.18169750488174,-686.9243298156278,20.76842159579093,-44.878837801738637,17.616373201352258,29.963210353026896,22.41446759684124,-478.61853617025397,18.787558973092886,186.15520616912546,16.651501958083914,117.98576585169679,17.967453047428934,99.22530086386974,604.1385260554905,424.5605745163498,0.0,0.0,0.0,0.0,0.0,0.0,0.0,0.0,0.0,0.0,0.0,0.0,0.0,0.0,0.0,0.0,0.0,0.0,0.0,0.0,0.0,0.0,1.3646110398183554,0.41654793645248935,305.46171958410528,368.3076358464873,7797.532154356251,0.2439272233876199,0.037229429698965189,142.1951207872658,171.3557861514946,3702.808831985508,1.6520825965248285,0.31218491997823685,190.22510706891888,228.95788740715296,5092.167666966733,0.1953552388624856,0.03691520008739334,13.498338203422853,16.264056487403406,346.4394477946126,0.0,0.0,9.95033881893433,12.142116993108023,183.79174020794503,0.0,0.0,96.88726182147156,116.57064789478916,2578.516349969557,0.0,0.0,296.8150622895243,360.1064072611165,6476.462730290258,0.0,0.0,39.16278904859497,47.911176369136537,664.6816939268971,0.0,0.0,149.94765124086144,182.71076951324893,2896.236585460515,29.53864272667792,20.259700086884725,258.8598970163414,313.4745638742763,6626.558026541266,0.0,0.0,182.6757970707085,222.4086168277926,3621.437428374808,0.0,21.255803170199365,31.889090803310319,21.0,30.0,0.0,21.594650152665709,31.13454411942894,16.0,30.0,1243.8832692959969,21.818822974893643,31.02735229566031,21.5,30.0,0.0,21.215832249513,41.70586536167325,19.0,30.0,0.0,17.729375969521329,40.633589950283738,12.0,30.0,0.0,21.873792810240166,31.52091789260541,16.0,30.0,0.0,19.42010910274319,36.64081110757712,10.0,30.0,0.0,16.97895506273688,43.0244545160368,16.0,30.0,0.0,18.153595341417185,39.886270305404568,16.0,30.0,0.0,19.993875151111959,0.0,0.0,0.0,18.39575375726348,0.0,0.0,545.7976691020233,542.5563027706947,558.9333355199606,1088.2148846978465,568.7608567676402,575.3070223823394,574.9145920787769,583.9572911619239,581.8529920367882,4847.005177885196,81.76750278346568,81.76750278346568,162.0,0.0,162.0,162.0,16.0,19.0,16.0,16.0,16.0,12.0,21.0,10.0,1.0,0.0,0.0,0.0,1243.8832692959969,0.0,0.0,0.0,0.0,0.0,0.0,0.0,0.0,81.76750278346568,81.76750278346568,0.17,0.38619111240561179,0.18014068700982978,81.76750278346568,0.17713239097194376,0.0,0.005445 
 03/11  17:40:00,8.486666666666667,65.66666666666666,3.7,15.0,269.1666666666667,0.0,4.0,0.0,0.0,0.0,0.0,0.0,0.0,0.0,0.0,818.0,0.0,584.0714059401198,8.222011479397857,21.068622187642729,17.51309999551588,466.14119828228265,0.0,8.222011479397854,11.240113042114505,0.0,0.0,20.66627258439094,178.81137341037994,22.476361048751998,-531.8657905501736,20.6390836045018,-163.67870503019504,20.763888333547336,-58.56745139677065,17.625131202412633,28.37000179168365,22.124900806129184,-415.4443649389964,18.776300834260643,177.46080934768998,16.64809198908928,110.48970696864399,17.95323294723023,75.58340706286526,587.1899355565865,452.01298834164256,0.0,0.0,0.0,0.0,0.0,0.0,0.0,0.0,0.0,0.0,0.0,0.0,0.0,0.0,0.0,0.0,0.0,0.0,0.0,0.0,0.0,0.0,1.3413090128975736,0.40943498562197,284.93071376662888,343.44617685083389,7386.912109194363,0.2289097587944699,0.034937386873392848,173.082174637494,208.1941066867086,4605.362092764692,2.135485110190165,0.40353082203139947,197.79974347984715,238.49634501271943,5062.998344303172,0.16469319909865624,0.031121163850842058,16.52943809218425,19.85041775810092,431.16358095487717,0.0,0.0,9.813137538328724,11.963712853283845,186.83794659981866,0.0,0.0,93.455448099535,112.44569136186527,2488.2051952244939,0.0,0.0,292.4269316961128,354.50753234346578,6517.907399378193,0.0,0.0,39.439046610119877,48.20448472068772,691.0920387735835,0.0,0.0,146.90052990012635,178.84383338063535,2912.556488220568,29.600976671019425,20.302453135129928,244.50979568297755,296.0019079361935,6385.378426270532,0.0,0.0,179.82073099063445,218.82822116857839,3615.392974740713,0.0,21.170537670651357,32.11850426844187,21.0,30.0,0.0,21.590130217774715,31.170780844156128,21.0,30.0,145.9174188501655,20.932298164463928,33.184440681443067,21.0,30.0,0.0,21.193652908299794,43.49369785125738,19.0,30.0,0.0,17.725671746362658,40.69605947070883,12.0,30.0,0.0,21.58578888070923,32.012680005307618,16.0,30.0,0.0,19.367192349157194,36.676978061988538,10.0,30.0,0.0,16.965792258351514,42.840636848653847,16.0,30.0,0.0,18.12157893881063,39.79531552647548,16.0,30.0,0.0,19.88165000669177,0.0,0.0,0.0,18.248426803849307,0.0,0.0,550.7034333634425,545.5296551085214,583.5590980220459,1189.3452768300727,571.6864569486152,573.3145793745686,572.4872838751883,577.2877524439296,576.4001848326259,4989.383787261146,81.67334336449781,81.67334336449781,162.0,0.0,162.0,162.0,21.0,19.0,16.0,16.0,16.0,12.0,21.0,10.0,1.0,0.0,0.0,0.0,145.9174188501655,0.0,0.0,0.0,0.0,0.0,0.0,0.0,0.0,81.67334336449781,81.67334336449781,0.17,0.30903060893973269,0.18014068700982978,81.67334336449781,0.17713239097194376,0.0,0.0054 
 03/11  17:50:00,8.208333333333333,66.83333333333334,3.62,12.000000000000002,215.33333333333338,0.0,4.0,0.0,0.0,0.0,0.0,0.0,0.0,0.0,0.0,1640.0,0.0,421.1544907385317,6.119045038798688,15.67981237017412,12.628110851440315,336.1188931247849,0.0,6.119045038798685,8.365198481932092,0.0,0.0,20.707766531153074,259.90546422244918,22.304837313424945,-390.2005265582022,21.160679174779277,-770.594030695836,20.760899845144846,-48.32456267570434,17.62992721589738,25.87191087398486,21.888467537446436,-382.7781590238137,18.745235259594204,154.613763730129,16.636025656414469,94.66851657718473,17.92514152427691,37.6886460421199,606.3894622132341,462.95433683278386,0.0,0.0,0.0,0.0,0.0,0.0,0.0,0.0,0.0,0.0,0.0,0.0,0.0,0.0,0.0,0.0,0.0,0.0,0.0,0.0,0.0,0.0,1.4433859126931604,0.4405939904435777,286.9557791689337,346.05118211793447,7652.031124534204,0.2640645865764673,0.04030289782913116,115.71545171573578,139.54164376764443,3124.1964419380417,1.8078980401835983,0.3416285034360542,202.01328256246246,243.16190346070045,5646.398636808994,0.19608027535251838,0.03705220622685531,14.921142813363297,17.979717102217579,398.5563177046593,0.0,0.0,9.678896725489866,11.812515475514149,189.63571195124576,0.0,0.0,89.13670273536302,107.43241988506074,2390.9105946152678,0.0,0.0,286.69000841214855,348.02128554302336,6506.191331029414,0.0,0.0,38.40246276642958,46.994506621707078,692.7486801917877,0.0,0.0,144.4229422372972,176.0494604672955,2930.5521919391469,29.942871073069204,20.53694860978684,238.49124207114526,288.99642224255708,6399.187757588195,0.0,0.0,176.3320490665333,214.93262075370027,3590.2385127930076,0.0,21.24439173602273,32.2468936660362,21.0,30.0,0.0,21.506162468294634,31.560849721972646,21.0,30.0,1319.9959551792409,21.822458443977696,31.399655279515927,21.5,30.0,0.0,21.181812783824556,43.244959612402087,19.0,30.0,0.0,17.716985258726763,40.70144230614987,12.0,30.0,0.0,21.39829053274687,32.31200783818655,16.0,30.0,0.0,19.285035116848275,36.794598890404149,10.0,30.0,0.0,16.937781091494679,42.788520298128307,16.0,30.0,0.0,18.06878970968971,39.79976608558691,16.0,30.0,0.0,19.82753061415623,0.0,0.0,0.0,18.089849384150065,0.0,0.0,568.1174924835426,561.144235066926,585.049189354648,1177.505451115115,571.9882221786688,571.5667883826075,571.9001353812225,573.9724522514657,572.9815528594253,4526.482204846008,81.69667935165043,81.69667935165043,162.0,0.0,162.0,162.0,21.0,19.0,16.0,16.0,16.0,12.0,21.0,10.0,1.0,0.0,0.0,0.0,1319.9959551792409,0.0,0.0,0.0,0.0,0.0,0.0,0.0,0.0,81.69667935165043,81.69667935165043,0.17,0.38499401159829385,0.18014068700982978,81.69667935165043,0.17713239097194376,0.0,0.005355 
 03/11  18:00:00,7.93,68.0,3.54,0.0,0.0,0.0,4.0,0.0,0.0,0.0,0.0,0.0,0.0,0.0,0.0,822.0,0.0,0.0,0.0,0.0,0.0,0.0,0.0,0.0,0.0,0.0,0.0,21.046150817010756,-229.96108035168346,22.044390807062436,-399.50773656521599,20.954502478132313,-417.3078090547451,20.752958747758617,-65.98840749294976,17.60919405163464,25.182570452937428,21.51696306031387,-331.6727360300388,18.72329414190566,148.7988160043442,16.61282195387607,88.77614267277613,17.87984176775855,24.805995488186455,613.5602647447822,512.533373557123,0.0,0.0,0.0,0.0,0.0,0.0,0.0,0.0,0.0,0.0,0.0,0.0,0.0,0.0,0.0,0.0,0.0,0.0,0.0,0.0,0.0,0.0,1.4082892076989014,0.4298807105308002,286.8685802062189,345.247505812997,8005.573930416214,0.2527719501605891,0.038579357472617387,132.2244084095511,159.14579810732114,3627.5727997221849,2.3110567356184799,0.4367076219989571,212.72334828379867,256.04610975726237,5904.925454330397,0.17212971959519614,0.03252640203990855,17.90982460484794,21.512381183059519,486.5891521730034,0.0,0.0,9.618942222517437,11.729917904433873,193.36985754712425,0.0,0.0,86.2199608288151,103.91555804369394,2316.4953948473564,0.0,0.0,286.27517772298088,347.2587191347659,6627.872216014593,0.0,0.0,38.89894498300199,47.56250828920412,720.8503287342335,0.0,0.0,144.51457051543907,176.03812465438416,2994.5577152326147,30.00714655216118,20.58103330052208,243.13129256167694,294.420848022771,6612.240696128798,0.0,0.0,176.91432250844177,215.56753025294109,3641.2234032434096,710.5629138268067,21.650840766463057,31.47074013017641,21.5,30.0,0.0,21.423981022956164,31.842692843679055,21.0,30.0,1025.9767194155243,21.405706860472948,32.527715539743869,21.5,30.0,0.0,21.16678493238532,44.05770113239784,19.0,30.0,0.0,17.68370459405402,40.74869187415676,12.0,30.0,0.0,21.126551123242366,32.824541363772329,16.0,30.0,0.0,19.226118038215245,36.903633602502129,10.0,30.0,0.0,16.89522895006941,42.80859280694134,16.0,30.0,0.0,17.995337031958795,39.921729964538517,16.0,30.0,0.0,19.78511608275736,0.0,0.0,0.0,17.91117506257495,0.0,0.0,570.4702526930782,569.6645706161557,604.1434362551177,1224.6423986696264,572.1364514416309,571.9462088306782,572.3539068835078,572.3203059323806,572.2793104678634,10945.003809025202,80.76762387368072,84.65111034226656,162.0,0.0,162.0,162.0,21.0,19.0,16.0,16.0,16.0,12.0,21.0,10.0,1.0,0.0,710.5629138268067,0.0,1025.9767194155243,0.0,0.0,0.0,0.0,0.0,5876.505831260687,3525903.4987564126,4565223.684302342,80.76762387368072,84.71706483479346,0.3658835277086896,0.7724441388560552,0.36028137401965956,84.71706483479346,0.3542647819438875,4565223.684302342,0.24270163158372178 
 03/11  18:10:00,7.640000000000001,69.66666666666667,3.5566666666666668,0.0,0.0,0.0,0.0,0.0,0.0,0.0,0.0,4.0,0.0,0.0,0.0,822.0,0.0,0.0,0.0,0.0,0.0,0.0,0.0,0.0,0.0,0.0,0.0,20.706610840894667,-298.93193499630186,22.14708682530815,-81.07166114059862,20.711381619966248,-521.3105820807655,20.69872141001919,175.13850829352624,17.606987179090415,24.57710742537617,21.296476442337164,-271.7802017875015,18.69763731460634,127.5860005989689,16.586098986561689,76.61844936577063,17.82429752177402,-6.7157628821451,611.7139809574037,597.7887661641685,0.0,0.0,0.0,0.0,0.0,0.0,0.0,0.0,0.0,0.0,0.0,0.0,0.0,0.0,0.0,0.0,0.0,0.0,0.0,0.0,0.0,0.0,1.3924928373594632,0.42505886366283987,113.58494699308102,136.92976989548454,3136.1050805007319,0.21271566577547003,0.03246576095474207,17.937761342574225,21.54764790442436,521.4792987616389,2.3011165456933968,0.43482927923155659,225.09862612656895,271.36537019699127,6203.905698264711,0.31248959313041688,0.05904943180846878,221.13001580773483,266.6378279296737,6105.308160387165,0.0,0.0,9.553372315590839,11.65142260543225,197.31075368695074,0.0,0.0,77.36494106113476,93.29245745383014,2095.6209672408378,0.0,0.0,296.0348557699359,359.17406262790117,6988.367031339069,0.0,0.0,39.72228727457819,48.582445904315537,755.8852461526872,0.0,0.0,157.06035690806889,191.39970757684248,3319.132117295894,30.499025686036345,20.918398961616157,222.01391563153295,269.03139534934038,6235.109339550123,0.0,0.0,190.08244748466306,231.72695264508963,3981.493414775572,244.74494817192648,21.092028767861657,37.109599717131178,21.0,30.0,0.0,21.783899758281959,35.060405197138539,21.0,30.0,215.58742938445847,21.037500141584894,35.61438201344701,21.0,30.0,0.0,21.158195905052389,34.25863188718526,16.0,30.0,0.0,17.660443274088679,40.76363855316538,12.0,30.0,0.0,20.93889357425838,33.23958865532984,16.0,30.0,0.0,19.154041002148618,37.78300549457955,10.0,30.0,0.0,16.844703332782815,42.849488796535329,16.0,30.0,0.0,17.901838913776137,40.06091178789116,16.0,30.0,0.0,19.642524164126763,0.0,0.0,0.0,17.79316733631699,0.0,0.0,827.0072872127192,797.368417192916,737.6454229356784,676.5905996486122,572.6326102886035,577.1931080336955,611.4693689181547,572.0464281042314,572.1933109005847,7757.95840361387,82.87518724537417,82.87518724537417,240.0,0.0,240.0,240.0,21.0,16.0,16.0,16.0,16.0,12.0,21.0,10.0,1.0,0.0,244.74494817192648,0.0,215.58742938445847,0.0,0.0,0.0,0.0,0.0,0.0,0.0,0.0,82.87518724537417,82.87518724537417,0.34,0.7708700303250324,0.36028137401965956,82.87518724537417,0.3542647819438875,0.0,0.0078000000000000009 
 03/11  18:20:00,7.3500000000000009,71.33333333333334,3.5733333333333339,0.0,0.0,0.0,0.0,0.0,0.0,0.0,0.0,4.0,0.0,0.0,0.0,1644.0,0.0,0.0,0.0,0.0,0.0,0.0,0.0,0.0,0.0,0.0,0.0,21.158496868636438,-437.4675393433595,22.30206493026474,-108.8885529474039,21.30740811820064,-1085.800532702127,20.657247435780037,312.9617292176582,17.61224862858988,22.251647384249524,21.112733156964496,-269.7392510888484,18.681512677207999,163.71873285146149,16.56303336297381,65.76473029793789,17.777475580118577,-32.2778865222615,701.6877665714687,607.9825069471062,0.0,0.0,0.0,0.0,0.0,0.0,0.0,0.0,0.0,0.0,0.0,0.0,0.0,0.0,0.0,0.0,0.0,0.0,0.0,0.0,0.0,0.0,1.4587671327259873,0.4452891125537202,198.0622934713952,238.34966077658505,5826.998976951724,0.2018352515565931,0.030805136073961096,21.922847293667624,26.339117874571778,661.9231347006004,2.36266233709198,0.4464592473718785,298.3139804150621,358.90269725918406,8860.975875755143,0.3285160499636837,0.06207786280492887,230.49422413391384,277.7617930375719,6494.570090565219,0.0,0.0,9.674158473064982,11.810166105750291,205.33127363974007,0.0,0.0,78.70970084719993,95.07014021059321,2153.3709144467059,0.0,0.0,293.5152021881354,356.4769476621073,7088.813462250337,0.0,0.0,39.2250933047685,48.02601700653999,766.5635336986675,0.0,0.0,152.58067121968075,186.1511557585044,3293.7344835833434,30.953982686488574,21.230440800060756,299.7395674190509,362.88642603277187,8536.578912165354,0.0,0.0,184.90126623098386,225.77805186426267,3899.718204107728,760.6420269836094,21.76423824777001,33.146789296900568,21.75,30.0,0.0,22.12013232022558,36.66652666192998,21.0,30.0,1797.9894610579927,21.89858974530296,33.03186895084068,21.5,30.0,0.0,21.13128054889054,34.91379178630093,16.0,30.0,0.0,17.649145524032787,40.97320163783379,12.0,30.0,0.0,20.773516505585513,34.128044720132439,16.0,30.0,0.0,19.13146099770956,37.94942834264651,10.0,30.0,0.0,16.803805789108514,43.266812893095877,16.0,30.0,0.0,17.832180012787917,40.68971979951729,16.0,30.0,0.0,19.8085800074823,0.0,0.0,0.0,17.56735667083664,0.0,0.0,683.1285912440412,926.74350910524,694.0207546318486,710.0026355510584,582.9983231124688,609.7438646374601,619.9285396981226,587.5961320501244,595.1333541957533,6780.182271289239,82.43175504789325,84.14952868597659,240.0,0.0,240.0,240.0,21.0,16.0,16.0,16.0,16.0,12.0,21.0,10.0,1.0,0.0,760.6420269836094,0.0,1797.9894610579927,0.0,0.0,0.0,0.0,0.0,2599.67963022152,1559807.7781329118,2024260.6871315886,82.43175504789325,84.17870218496836,0.2566559876740507,0.5759309448589947,0.27021103051474468,84.17870218496836,0.2656985864579156,2024260.6871315886,0.1130215557308426 
 03/11  18:30:00,7.0600000000000009,73.0,3.59,0.0,0.0,0.0,0.0,0.0,0.0,0.0,0.0,4.0,0.0,0.0,0.0,824.0,0.0,0.0,0.0,0.0,0.0,0.0,0.0,0.0,0.0,0.0,0.0,21.179354683551087,-498.02768817351537,22.413380463669684,-172.4565256910239,20.601374377287276,-244.7153517615161,20.572573662518815,-16.082062348552428,17.6219189051251,20.4796045064613,20.942727564873999,-221.82273820181787,18.66451723171572,97.22520667167646,16.531372226345554,61.05535753335005,17.712952327831795,-37.027656215166647,738.8641882160409,677.9500175358512,0.0,0.0,0.0,0.0,0.0,0.0,0.0,0.0,0.0,0.0,0.0,0.0,0.0,0.0,0.0,0.0,0.0,0.0,0.0,0.0,0.0,0.0,1.5236317732483785,0.4650890638731314,171.1960256773445,205.56952177568889,5171.85587820605,0.11194481263586001,0.017085594114142248,33.589018988531808,40.22769203539974,1045.3962399905104,2.738009920360766,0.5173866062662069,358.7332383157064,432.5141837222111,10153.886145213284,0.3163418172946372,0.059777365324005498,239.860755772186,289.21282504302158,6809.693441557003,0.0,0.0,9.133668292244178,11.140539037517432,199.27075635623184,0.0,0.0,77.24773154739722,93.24985626916572,2135.5715472549397,0.0,0.0,292.80843365734327,355.34143743142928,7211.975119609659,0.0,0.0,39.500796923227287,48.32207764534936,791.2872550522188,0.0,0.0,156.56098854344635,190.870195915787,3442.7254416758958,31.047257744253395,21.294415462450897,349.47972780420636,422.7712718435838,9947.70636114171,0.0,0.0,189.51408845377467,231.27468798753939,4061.7102871889667,906.389781619605,21.651421821282445,33.767612762900579,21.5,30.0,0.0,22.372126737399367,37.5050133439981,21.0,30.0,156.54700045297984,20.846857093660128,35.062389878974979,21.0,30.0,0.0,20.963147908683426,34.92460532260887,16.0,30.0,0.0,17.64535228499495,41.24586487874191,12.0,30.0,0.0,20.615873461677269,34.88793693989366,16.0,30.0,0.0,19.071123352258199,38.20177631344053,10.0,30.0,0.0,16.74739691760694,43.8899673322184,16.0,30.0,0.0,17.732538083043545,41.30840938496932,16.0,30.0,0.0,19.878421894994064,0.0,0.0,0.0,17.4371148883845,0.0,0.0,704.250094603809,998.5180934475948,684.8729814872086,690.765115237478,597.5388481549246,634.4472644960849,626.0929036922482,609.8792019946417,613.5700457842688,6406.737248335281,83.76822925262838,83.76822925262838,240.0,0.0,240.0,240.0,21.0,16.0,16.0,16.0,16.0,12.0,21.0,10.0,1.0,0.0,906.389781619605,0.0,156.54700045297984,0.0,0.0,0.0,0.0,0.0,0.0,0.0,0.0,83.76822925262838,83.76822925262838,0.34,0.7704731348147818,0.36028137401965956,83.76822925262838,0.3542647819438875,0.0,0.00772 
 03/11  18:40:00,6.7700000000000009,74.66666666666667,3.606666666666667,0.0,0.0,0.0,0.0,0.0,0.0,0.0,0.0,4.0,0.0,0.0,0.0,3296.0,0.0,0.0,0.0,0.0,0.0,0.0,0.0,0.0,0.0,0.0,0.0,21.137101312488153,-225.72098693248155,22.423958419452668,-213.04293073097146,21.09003335228306,-924.760898399179,20.46892198894517,300.7407729655334,17.633812505344158,17.486756775374397,20.81626002554993,-217.65245491596756,18.625472715383429,109.24317347629017,17.51194833191905,-22.657821270462408,17.652607493493364,-86.43366589587527,700.3549718688006,678.7954842738493,0.0,0.0,0.0,0.0,0.0,0.0,0.0,0.0,0.0,0.0,0.0,0.0,0.0,0.0,0.0,0.0,0.0,0.0,0.0,0.0,0.0,0.0,1.535483152171836,0.4687067009071538,151.54371039214093,182.82204187163573,4548.229940646295,0.08367686888735451,0.012771194885127365,38.799780646522297,46.571710664145019,1233.291372622219,2.6615106440967839,0.502930960713678,300.5080139637726,362.2810113560006,9149.67110429033,0.34544785332779928,0.06527737213299304,237.38842803668667,286.76969242739747,6823.865852282821,0.0,0.0,8.958475006278306,10.94302870969245,200.74680282577584,0.0,0.0,77.13848712240562,93.28926169650362,2163.2063819515144,0.0,0.0,283.1738131633029,344.26924308106677,7101.046147111712,0.0,0.0,22.26021531081051,27.18760096307053,512.5418508134644,0.0,0.0,164.52200243929188,200.93056876521693,3685.4447090407318,31.263470997680828,21.44270987495256,301.8324771287214,366.1736278753213,8836.904253339957,0.0,0.0,182.01983859458469,222.6399668054174,3936.417411488179,0.0,21.361773288738339,34.40748051892158,21.0,30.0,0.0,22.440859323440294,36.970756624365638,21.0,30.0,1250.772146177209,21.527882633104409,33.46038006161915,21.375,30.0,0.0,20.86344670658989,35.00097528204978,16.0,30.0,0.0,17.645159346659456,41.45703032061828,12.0,30.0,0.0,20.519454528590459,35.50060716816169,19.0,30.0,0.0,18.998880733264305,38.832176008643717,10.0,30.0,1317.0092625231962,18.270245368638024,40.11420205751013,20.7,30.0,0.0,17.642505760853547,41.88549561712862,16.0,30.0,0.0,19.670141398601058,0.0,0.0,0.0,17.235836607834398,0.0,0.0,704.7849716232703,970.870456045871,673.8451729940209,681.8034123014859,608.686375387878,657.1502757919134,650.2864580527999,621.0562694831862,631.0633204718793,8460.5481210983,82.410579069245,84.12529946133097,240.0,0.0,240.0,240.0,21.0,16.0,19.0,16.0,19.7,12.0,21.0,10.0,1.0,0.0,0.0,0.0,1250.772146177209,0.0,0.0,0.0,1317.0092625231962,0.0,2595.0629813702955,1557037.7888221774,2032998.425685505,82.410579069245,84.1544211060696,0.3415020993790098,0.7674007822866698,0.36028137401965956,84.1544211060696,0.3542647819438875,2032998.425685505,0.11339591813564627 
 03/11  18:50:00,6.48,76.33333333333333,3.6233333333333337,0.0,0.0,0.0,0.0,0.0,0.0,0.0,0.0,4.0,0.0,0.0,0.0,2060.0,0.0,0.0,0.0,0.0,0.0,0.0,0.0,0.0,0.0,0.0,0.0,21.217769553482513,-500.1305787644924,22.41431333754025,-201.65140376498017,21.15457172503752,-839.1030787965779,20.50780812549878,329.04314710194657,17.647525670854948,16.678323402540188,20.681734724568515,-211.07806641352102,18.597128654658698,114.79035878885698,18.671090216603895,-105.53086814071736,17.564924843528944,-108.8279063128486,760.6499461281231,772.4929895977607,0.0,0.0,0.0,0.0,0.0,0.0,0.0,0.0,0.0,0.0,0.0,0.0,0.0,0.0,0.0,0.0,0.0,0.0,0.0,0.0,0.0,0.0,1.5243642173170407,0.46531264264866936,177.92949941621948,214.1425553249346,5541.51869841756,0.11015623582508957,0.016812612305416604,35.317591362583119,42.39610008737965,1146.8674056924402,2.709244701320254,0.5119510017611971,307.2407254798711,370.0422254981162,9532.977388924088,0.3589971723879483,0.06783771209144903,253.54521141122249,305.9153996365658,7488.195136703037,0.0,0.0,9.183709920672932,11.212811755869592,211.35544121890963,0.0,0.0,75.34395582032292,91.12967757146214,2139.5133054398099,0.0,0.0,284.8638141949775,346.229057698528,7287.368434882192,0.0,0.0,26.209900001816089,31.693299112496168,740.9414681784592,0.0,0.0,182.80521331415407,223.28175694559725,4155.794392678651,31.62222806424696,21.688770963132357,311.53035515561796,377.6102030199493,9293.258817952097,0.0,0.0,189.05360710465417,231.22093289003016,4160.422647569368,880.7080391672048,21.68327717055652,33.711269452777838,21.6,30.0,0.0,22.47952167458384,36.651859977873289,21.0,30.0,1405.292026977882,21.607352134594899,33.2674240589928,21.400000000000003,30.0,0.0,20.946903718059248,34.76848788522956,16.0,30.0,0.0,17.6487281587941,41.78606106232179,12.000000000000002,30.0,0.0,20.395610428234716,36.06212473497345,19.0,30.0,0.0,18.952834165658,39.217094015548727,10.0,30.0,1215.4392892050362,20.242577046572664,35.76481555887254,20.7,30.0,0.0,17.50865098569708,42.650059153113328,16.0,30.0,0.0,19.710633583388558,0.0,0.0,0.0,17.12480604531137,0.0,0.0,701.0382769093089,951.4163307053946,670.2691572142037,677.234428044048,625.7394742802234,673.4292012333874,664.0557471970519,639.293007311092,650.5014684741296,8399.202096840318,82.45122638660428,82.45122638660428,240.0,0.0,240.0,240.0,21.0,16.0,19.0,16.0,19.7,12.0,21.0,10.0,1.0,0.0,880.7080391672048,0.0,1405.292026977882,0.0,0.0,0.0,1215.4392892050362,0.0,0.0,0.0,0.0,82.45122638660428,82.45122638660428,0.34,0.7704023638378788,0.36028137401965956,82.45122638660428,0.35426478194388757,0.0,0.007613333333333334 
 03/11  19:00:00,6.19,78.0,3.64,0.0,0.0,0.0,0.0,0.0,0.0,0.0,0.0,4.0,0.0,0.0,0.0,824.0,0.0,0.0,0.0,0.0,0.0,0.0,0.0,0.0,0.0,0.0,0.0,21.081263740419307,-271.40951866679395,22.400011807182414,-241.1512015702964,20.70357536387546,-192.1304740211898,20.50443040953516,101.37160738061499,17.66536728091478,16.670806784390437,20.55300990586296,-181.3940567982513,18.543290440464433,49.04065291373536,18.47929001984646,-75.58297399327273,17.487085013972206,-91.75603480621749,529.9645355852151,826.2735170659148,0.0,0.0,0.0,0.0,0.0,0.0,0.0,0.0,0.0,0.0,0.0,0.0,0.0,0.0,0.0,0.0,0.0,0.0,0.0,0.0,0.0,0.0,1.610305313724668,0.49154618856064349,128.97675208403144,155.37723691135444,4019.0650556794664,0.06268409777960554,0.009567169990782287,41.48627363805053,49.68867472707481,1371.7023364925745,2.803610829047358,0.529782847514618,148.58785950493334,179.3679394518228,4566.648985337273,0.3358443109729292,0.0634626437968498,143.43755513407985,173.22413880053603,4335.181117269874,0.0,0.0,8.754309937570657,10.676399012825178,206.93482698508564,0.0,0.0,74.65047546026676,90.20819029585131,2146.7586711594396,0.0,0.0,282.2116925779055,342.73741435528816,7322.21460341927,0.0,0.0,28.923742147860368,35.01430859608206,804.8465469137985,0.0,0.0,189.57152884904543,231.36283890255835,4383.152984094866,31.593724853751519,21.66922143604357,162.2436466429546,196.97204541479204,5187.456841968766,0.0,0.0,194.25509823772098,237.36396635676693,4360.826619217383,659.0586824082018,21.477107027726555,34.397431147416899,21.5,30.0,0.0,22.50261943637465,36.56828968014079,21.0,30.0,136.9361846696487,21.00975153743656,34.429745094658247,21.0,30.0,0.0,20.927867832999696,35.056368825239648,16.0,30.0,0.0,17.6606459184895,42.10965905077704,12.0,30.0,0.0,20.27452613659922,36.528658759004489,19.0,30.0,0.0,18.83173179835575,39.57271041245126,10.0,30.0,176.83983688838922,19.791796332328759,37.10393785018756,19.7,30.0,0.0,17.3990192151635,43.13061213006,16.0,30.0,0.0,18.900741794416576,0.0,0.0,0.0,17.04584057668595,0.0,0.0,713.179546131898,945.1216832648802,665.9787090988707,688.2508111099025,642.9709793777673,683.6141075157416,667.0143758259595,657.5997963312964,658.9474014676209,6386.977217982741,83.78115421620466,83.78115421620466,240.0,0.0,240.0,240.0,21.0,16.0,19.0,16.0,19.7,12.0,21.0,10.0,1.0,0.0,659.0586824082018,0.0,136.9361846696487,0.0,0.0,0.0,176.83983688838922,0.0,0.0,0.0,0.0,83.78115421620466,83.78115421620466,0.34,0.7690252627818972,0.36028137401965956,83.78115421620466,0.3542647819438875,0.0,0.007546666666666665 
 03/11  19:10:00,5.968333333333334,79.16666666666667,3.66,0.0,0.0,0.0,0.0,1.0,2.0,0.0,0.0,4.0,0.0,0.0,0.0,2060.0,0.0,0.0,0.0,0.0,0.0,0.0,0.0,0.0,0.0,0.0,0.0,21.134265600481244,-218.27241401942593,22.354465953902513,-231.0471059514379,21.170773739777144,-1075.7561611278684,20.479959402759165,296.0807428303231,17.681060650105477,12.611318039232869,20.59899107940332,-17.290805630170316,18.388061373561713,-29.679303263102704,18.90841636208807,-149.7550052832396,17.421888760643964,-133.5727794919578,802.5782948851875,809.3509249170165,0.0,0.0,0.0,0.0,0.0,0.0,0.0,0.0,0.0,0.0,0.0,0.0,0.0,0.0,0.0,0.0,0.0,0.0,0.0,0.0,0.0,0.0,1.625913245514549,0.4963105145038306,193.73640764729056,233.80835627749497,6077.988473259469,0.10031150008754555,0.01531005801091965,39.10496313643627,46.93031631548011,1309.5794321131753,2.7069094425217239,0.511509720809094,325.87926771488557,392.6517726426973,10474.78230565009,0.34714538186832546,0.06559814472190578,229.89428744982323,277.53266747380538,7025.160569817084,0.0,0.0,7.757027821524795,9.471178417074043,186.99598196843167,0.0,0.0,12.687385700281178,15.33863679312881,374.6096508740711,0.0,0.0,208.41571086339688,253.70186645016458,5384.903493262333,0.0,0.0,36.29223375427747,43.86670199408242,1074.1728570048784,0.0,0.0,178.3957983456932,218.08205385197858,4174.114856864846,31.862068534678767,21.85327059991686,330.55302485052706,400.8258038346913,10233.019909929219,0.0,0.0,183.28463611011359,224.42178250770463,4120.842836083421,0.0,21.25859358699603,34.38253045404865,21.0,30.0,0.0,22.47306771958109,36.33550327904363,21.0,30.0,1455.0412793741348,21.589558056500075,33.38771676232285,21.4,30.0,0.0,20.939192624064277,34.890036697684028,16.0,30.0,0.0,17.66837080971796,42.30457032172658,12.000000000000002,30.0,0.0,20.437265437694277,38.10308274520123,19.0,30.0,0.0,18.545792383341924,40.40616178399962,10.0,30.0,898.2806536217195,20.448368077328195,36.46458621659728,20.5,30.0,0.0,17.309157533055229,43.587215280708218,16.0,30.0,0.0,19.61623817403863,0.0,0.0,0.0,16.834059727400317,0.0,0.0,687.4144125625278,926.6459034668186,671.7799876648946,679.7014845828298,653.2295762886483,795.7234766792049,673.0295807200374,711.0184227784087,668.9460357148882,7176.166909422727,81.91262451142397,81.91262451142397,270.0,0.0,270.0,270.0,21.0,16.0,19.0,16.0,19.7,12.0,21.0,10.0,1.0,0.0,0.0,0.0,1455.0412793741348,0.0,0.0,0.0,898.2806536217195,0.0,0.0,0.0,0.0,81.91262451142397,81.91262451142397,0.272,0.6158683783658994,0.28822509921572767,81.91262451142397,0.28341182555511,0.0,0.008415 
 03/11  19:20:00,5.746666666666668,80.33333333333334,3.6800000000000008,0.0,0.0,0.0,0.0,1.0,2.0,0.0,0.0,4.0,0.0,0.0,0.0,1239.0,0.0,0.0,0.0,0.0,0.0,0.0,0.0,0.0,0.0,0.0,0.0,21.30022540904439,-555.842530031815,22.324196622405183,-209.301224348546,21.12338109408161,-1034.2294279801429,20.442658988309924,234.74470470579724,17.695588479879804,10.985151591184941,20.70222037923609,-31.85069877508441,18.31424728906154,56.188354421357249,18.957907465085886,-156.7546384300656,17.336994662458055,-151.52079828459558,832.8626734260483,817.2146753945247,0.0,0.0,0.0,0.0,0.0,0.0,0.0,0.0,0.0,0.0,0.0,0.0,0.0,0.0,0.0,0.0,0.0,0.0,0.0,0.0,0.0,0.0,1.5866516454993889,0.4843258991145874,177.87595848079745,214.07106483725389,5858.246769957462,0.11653406994494181,0.017786030211376953,36.949672879570787,44.33372769311147,1254.3759821975387,2.928804806888138,0.5534400617702453,363.3389542009142,437.48705872038399,11774.029560813124,0.367283813509226,0.06940359287778265,256.49477924169516,309.3772861322382,7927.256993435295,0.0,0.0,8.084014384331642,9.863241420813623,198.71973840793704,0.0,0.0,13.344816264200969,16.10633451716162,405.9180571233187,0.0,0.0,208.4385261852516,253.64538257089704,5443.547176226678,0.0,0.0,36.604411280218339,44.249359072493849,1091.6377268975207,0.0,0.0,174.68037274018213,213.50224833699594,4125.372082349861,32.03738716127756,21.973516571520958,369.8653095215964,448.22003853521019,11442.28127239646,0.0,0.0,179.26675947489313,219.51595296007106,4044.688981031104,1093.6904276258493,21.818219636869466,33.35228770588674,21.666666666666658,29.99999999999999,0.0,22.466975671811328,36.46048155165088,20.999999999999994,29.99999999999999,1785.2651296098694,21.56692969635308,33.20666812711494,21.666666666666658,29.99999999999999,0.0,20.865896898444477,35.13240267618409,15.999999999999993,29.99999999999999,0.0,17.675978683006805,42.56032857325276,11.999999999999995,29.99999999999999,0.0,20.663257568036668,40.013358505574419,18.999999999999994,29.99999999999999,0.0,18.454810417263965,40.766830978514978,9.999999999999997,29.99999999999999,736.8677706751623,20.36341248257792,37.24636863987015,20.033333333333326,29.99999999999999,0.0,17.188072315644484,44.174984053911177,15.999999999999993,29.99999999999999,0.0,19.693465665812384,0.0,0.0,0.0,16.640830850128049,0.0,0.0,693.0985769472379,931.2372060667238,658.7281864320835,683.047883666399,666.7162650471328,936.20188512325,679.770646088572,743.4973001362148,681.2861253176586,11046.821915173878,80.70022900969322,83.41693361700144,269.9999999999999,0.0,269.9999999999999,269.9999999999999,21.0,16.0,19.0,16.0,19.7,12.0,21.0,10.0,1.0,0.0,1093.6904276258493,0.0,1785.2651296098694,0.0,0.0,0.0,736.8677706751623,0.0,4110.641942370214,2466385.165422129,3191228.075656817,80.70022900969322,83.4630722800739,0.3636880647456737,0.7695654264383152,0.36028137401965945,83.4630722800739,0.35426478194388735,3191228.075656817,0.17408885993415447 
 03/11  19:30:00,5.525,81.5,3.7,0.0,0.0,0.0,0.0,1.0,2.0,0.0,0.0,4.0,0.0,0.0,0.0,1653.0,0.0,0.0,0.0,0.0,0.0,0.0,0.0,0.0,0.0,0.0,0.0,21.21750254999119,-491.53919016629586,22.29484514677177,-243.37340701118826,21.114575959879148,-418.77764488168489,20.45968349684223,122.5868088232927,17.710637156674087,11.366135618244926,20.746698797381986,-28.660553292924108,18.293074425279444,-25.262677356689893,18.864477921776847,-135.55865916356567,17.253759071296366,-158.0162160007626,717.7315804760317,865.1819147574665,0.0,0.0,0.0,0.0,0.0,0.0,0.0,0.0,0.0,0.0,0.0,0.0,0.0,0.0,0.0,0.0,0.0,0.0,0.0,0.0,0.0,0.0,1.660697715086159,0.5069284844585345,185.32455847206328,223.39156911117864,6037.264763119708,0.10282233633829458,0.015693274776906988,40.71327052513725,48.843214986061699,1398.7561598850057,3.005105791013421,0.5678582371529519,219.11513500893413,264.36704989489479,7137.735842893764,0.35450495718598165,0.06698884300566545,186.2020341820942,224.98879685975829,5847.930487319174,0.0,0.0,7.765413670642058,9.480174972815897,194.57327144221746,0.0,0.0,14.088902159340926,17.001103617481716,438.11547681685036,0.0,0.0,212.51155806094324,258.7717735132992,5623.562062656272,0.0,0.0,35.3739294213591,42.8308974172733,1049.7756124656594,0.0,0.0,181.47213790345479,221.97904488681884,4327.850992948234,32.04549877098924,21.979080089841739,232.05464216363337,281.77352194306686,7510.962466214291,0.0,0.0,186.23634167984444,228.2226891103973,4249.195504875432,683.9948381848699,21.44570000197953,34.01049249702079,21.25,30.0,0.0,22.455416255325159,36.583247112908967,21.0,30.0,760.8117595699383,21.43413978961977,33.786963276392807,21.25,30.0,0.0,20.903585694465354,34.992069449918847,16.0,30.0,0.0,17.68615159253711,42.84631937778103,12.0,30.0,0.0,20.7805197116015,41.16351749733301,19.0,30.0,0.0,18.399884315838027,41.14225643381661,10.0,30.0,317.8075279824031,20.04785979761981,38.27581866860059,19.7,30.0,0.0,17.07393116247669,44.85247581973224,16.0,30.0,0.0,19.29015192895707,0.0,0.0,0.0,16.53842674917706,0.0,0.0,686.8409054422627,935.6273119501487,674.4146036019574,679.4505534758744,681.8354612916276,1016.5755126731381,691.4596557631011,757.4036550279946,697.7194567549128,5392.504219135431,81.41822599944529,83.3829972557063,270.0,0.0,270.0,270.0,21.0,16.0,19.0,16.0,19.7,12.0,21.0,10.0,1.0,0.0,683.9948381848699,0.0,760.8117595699383,0.0,0.0,0.0,317.8075279824031,0.0,2973.0591935462155,1783835.516127729,2311318.6169089276,81.41822599944529,83.41636559423054,0.1841019731182072,0.34745155618306336,0.18014068700982978,83.41636559423054,0.17713239097194376,2311318.6169089276,0.12806356807926426 
 03/11  19:40:00,5.303333333333335,82.66666666666667,3.7199999999999999,0.0,0.0,0.0,0.0,1.0,2.0,0.0,0.0,4.0,0.0,0.0,0.0,2070.0,0.0,0.0,0.0,0.0,0.0,0.0,0.0,0.0,0.0,0.0,0.0,21.216544840494476,-501.29308809913575,22.23551706339947,-259.7813473014576,21.155194212141866,-574.2431425840374,20.37336952851011,172.39374948585206,17.72590236727629,10.092855753608049,20.770643605745208,-33.34382196234549,18.20527572915257,-12.703558688404867,19.100850978640737,-198.49250956039115,17.17917694881895,-169.21361771499984,725.2015657420535,922.0478639331784,0.0,0.0,0.0,0.0,0.0,0.0,0.0,0.0,0.0,0.0,0.0,0.0,0.0,0.0,0.0,0.0,0.0,0.0,0.0,0.0,0.0,0.0,1.668937348257698,0.5094436349992976,129.97250850053633,156.61477320419159,4320.419583885059,0.11302855029900033,0.017250999740384674,40.612919462677258,48.75621720271352,1409.069511695314,3.0132250102220166,0.5693924811455062,205.94988920728285,248.4098517289985,6832.5911322346769,0.361286007411298,0.06827022059926268,218.5186930501277,264.1187035947555,6901.243742015584,0.0,0.0,7.7319503458918918,9.440555081673685,197.44181394566696,0.0,0.0,14.579357927550646,17.590973281057847,462.1048901307941,0.0,0.0,210.88322053483058,256.9679982363989,5619.352302505301,0.0,0.0,41.38976636134492,50.0398164191832,1281.5281060445403,0.0,0.0,182.24097662157178,223.04205859360079,4394.016052196726,32.11695683537555,22.028091107939347,220.82300145286698,268.3366203688064,7197.98962421401,0.0,0.0,187.34844753149793,229.7167846625228,4321.162450820922,549.3992963083338,21.39132639871155,34.38792336658937,21.20000000000001,30.00000000000001,0.0,22.39236636565488,36.40807136043823,21.000000000000008,30.00000000000001,818.9015611277471,21.414671675249335,33.69378090331238,21.20000000000001,30.00000000000001,0.0,20.78306530437853,35.151452903451467,16.000000000000005,30.00000000000001,0.0,17.69757076303126,43.19714743520973,12.000000000000006,30.00000000000001,0.0,20.85722683256734,42.086587381630689,19.000000000000008,30.00000000000001,0.0,18.262139600248536,41.827931649194798,10.000000000000004,30.00000000000001,593.5669746927255,20.477287411055224,37.411017211736758,20.300000000000009,30.00000000000001,0.0,16.97542947091664,45.51140635242372,16.000000000000005,30.00000000000001,0.0,19.18044897526807,0.0,0.0,0.0,16.433572289750566,0.0,0.0,700.2170549427153,918.5799702442459,667.6662071527175,674.1564066789904,699.9544890754198,1076.1631588867777,706.9408552191628,766.524582467898,714.6508767629817,9992.609293093321,81.39753724492194,82.9582180921362,270.0000000000001,0.0,270.0000000000001,270.0000000000001,21.0,16.0,19.0,16.0,19.7,12.0,21.0,10.0,1.0,0.0,549.3992963083338,0.0,818.9015611277471,0.0,0.0,0.0,593.5669746927255,0.0,2361.615411928308,1416969.2471569847,1834543.3290178166,81.39753724492194,82.98472363402675,0.3507205137309437,0.770479116774357,0.36028137401965967,82.98472363402675,0.35426478194388769,1834543.3290178166,0.10300125310892647 
 03/11  19:50:00,5.081666666666667,83.83333333333334,3.7399999999999999,0.0,0.0,0.0,0.0,1.0,2.0,0.0,0.0,4.0,0.0,0.0,0.0,2484.0,0.0,0.0,0.0,0.0,0.0,0.0,0.0,0.0,0.0,0.0,0.0,21.128332937537836,-639.1471282989193,22.186197508089998,-232.38443095856258,20.92728736296315,-493.9363632466237,20.34754902105231,240.60432016796478,17.739814606641155,9.536533864299218,20.765877658368859,-44.91229444022936,18.19338441180436,14.323205966696137,18.939780027405335,-152.44947529332925,17.10520074675826,-188.37780141894039,765.8396369745173,928.0662469676263,0.0,0.0,0.0,0.0,0.0,0.0,0.0,0.0,0.0,0.0,0.0,0.0,0.0,0.0,0.0,0.0,0.0,0.0,0.0,0.0,0.0,0.0,1.6634693091523434,0.5077745143932665,156.35279257904464,188.51858838469006,5287.551206019939,0.14754367064839522,0.022518875251586545,37.08788875666753,44.53363174120459,1302.0365166058808,3.114719505273344,0.5885713350856654,233.75702954453824,282.0429520938849,7827.193713436156,0.3815681296550762,0.07210282117442848,253.35341561191877,306.2726187587406,8103.8644403050579,0.0,0.0,8.055987469944539,9.837829399680477,209.5596400524804,0.0,0.0,14.708482289152837,17.747527645732345,473.5334643467902,0.0,0.0,219.41441358193124,267.3969611704473,5949.2605945548389,0.0,0.0,36.25196669168416,43.90522499725634,1108.2350184219068,0.0,0.0,185.5879873435204,227.23874733438186,4523.954924362758,32.350955403867249,22.188583953269693,250.8632202771608,304.83063083395748,8220.463625703422,0.0,0.0,190.13850548733454,233.27400453444657,4421.153282578928,566.4786733921905,21.500617823880228,34.0657910114989,21.333333333333305,29.999999999999959,0.0,22.3498129328083,36.65820987647632,20.99999999999997,29.999999999999959,75.37171310952843,21.306150998751595,33.839479287806728,20.99999999999997,29.999999999999959,0.0,20.767716299553564,35.21694167986784,15.999999999999977,29.999999999999959,0.0,17.70801872998498,43.528288965951109,11.999999999999983,29.999999999999959,0.0,20.88143262644578,42.682322597220487,18.99999999999997,29.999999999999959,0.0,18.267040253257436,41.99221047945241,9.999999999999986,29.999999999999959,676.9161546911375,20.023248200553018,38.74097304658163,20.199999999999976,29.999999999999959,0.0,16.878555721806025,46.149731362858378,15.999999999999977,29.999999999999959,0.0,19.244250699433075,0.0,0.0,0.0,16.296757565997966,0.0,0.0,695.6110548679461,928.0340976631786,663.9745506371853,675.9473400300301,716.8164236396783,1110.952565687266,716.0322252690129,782.507812586102,730.4617460712301,9283.841977950331,81.8662985149303,81.8662985149303,269.9999999999996,0.0,269.9999999999996,269.9999999999996,21.0,16.0,19.0,16.0,19.7,12.0,21.0,10.0,1.0,0.0,566.4786733921905,0.0,75.37171310952843,0.0,0.0,0.0,676.9161546911375,0.0,0.0,0.0,0.0,81.8662985149303,81.8662985149303,0.3399999999999996,0.7717017086426399,0.360281374019659,81.8662985149303,0.354264781943887,0.0,0.007305 
 03/11  20:00:00,4.86,85.0,3.76,0.0,0.0,0.0,0.0,1.0,2.0,0.0,0.0,4.0,0.0,0.0,0.0,1656.0,0.0,0.0,0.0,0.0,0.0,0.0,0.0,0.0,0.0,0.0,0.0,21.36264262339583,-616.6112176295569,22.15191908699471,-185.55445094748183,21.350894367592564,-1139.647764711,20.43974333865397,442.550348603771,17.75349555326573,8.714601144490047,20.742135002702768,-57.05891032048086,18.162367053082794,38.98937500408874,19.344398064069347,-235.25660943667328,17.032155390852695,-170.48441287191509,894.6448123416276,1017.7648883663887,0.0,0.0,0.0,0.0,0.0,0.0,0.0,0.0,0.0,0.0,0.0,0.0,0.0,0.0,0.0,0.0,0.0,0.0,0.0,0.0,0.0,0.0,1.6822644825040645,0.5135117467961125,204.54021340062796,246.27631276116063,7046.744281015601,0.19744845404019549,0.030135600433485275,31.799232044824096,38.191088037962618,1132.1489232805146,3.0296363602466815,0.5724936432816861,329.44683076382548,396.60019601888379,11472.72099298809,0.3985428802541519,0.0753104460041859,304.99757425610917,368.2193838466224,10018.388797885951,0.0,0.0,8.503425474343733,10.378011274246548,225.30874604329194,0.0,0.0,14.775755343437556,17.821858063472424,482.229149873076,0.0,0.0,225.1371483890145,274.30429496877857,6189.589551627156,0.0,0.0,43.80839209649176,52.91607387394418,1413.4747075383219,0.0,0.0,191.90871059334035,234.97265515602335,4731.483689298877,32.72303074100259,22.443779657752129,338.89832734150107,411.03476314730588,11241.833879771468,0.0,0.0,197.1435803899177,241.78690961390073,4674.564258428375,868.8775773485307,21.74049828506343,33.400267776706929,21.75,30.0,0.0,22.331379537354239,37.04925465298488,21.0,30.0,1782.823377986676,21.8525942849025,32.791227549004648,21.5,30.0,0.0,20.969262929153638,34.67549567579172,16.0,30.0,0.0,17.719770103577628,43.8234795314044,12.0,30.0,0.0,20.874643522515478,43.14245625040705,19.0,30.0,0.0,18.226983864986587,42.25228518349447,10.0,30.0,557.796622520409,20.67947396093137,37.29686675604206,20.2,30.0,0.0,16.786548289403404,46.65943001595977,16.0,30.0,0.0,19.571080746558786,0.0,0.0,0.0,16.295458648573605,0.0,0.0,688.0644468571122,948.4649290017871,667.4767432724136,670.9024357310739,732.2110744024833,1134.3661942166319,723.7840844419176,785.7294310858459,741.3285308221529,6878.280171219707,82.14749512874681,84.12187767727107,270.0,0.0,270.0,270.0,21.0,16.0,19.0,16.0,19.7,12.0,21.0,10.0,1.0,0.0,868.8775773485307,0.0,1782.823377986676,0.0,0.0,0.0,557.796622520409,0.0,2987.5816665329095,1792548.9999197457,2347701.575166422,82.14749512874681,84.15540924744525,0.269586055551097,0.5748640222926552,0.27021103051474468,84.15540924744525,0.2656985864579156,2347701.575166422,0.12908548190865397 
 03/11  20:10:00,4.751666666666667,85.50000000000002,3.7683333333333337,0.0,0.0,0.0,0.0,0.0,2.0,0.0,0.0,4.0,0.0,0.0,0.0,1660.0,0.0,0.0,0.0,0.0,0.0,0.0,0.0,0.0,0.0,0.0,0.0,21.32609857461808,-625.0986088895033,22.12166252130988,-231.38120047485399,21.220258224618918,-980.7724874894104,20.41038439254808,181.81515729757258,17.765982427818537,9.01479674790518,20.802046703594678,-50.65289993142349,18.13698674926319,-7.099264344292351,18.646984091045526,-112.72293840030378,16.9667328976727,-208.00153616293142,819.7608205718586,931.0893456741237,0.0,0.0,0.0,0.0,0.0,0.0,0.0,0.0,0.0,0.0,0.0,0.0,0.0,0.0,0.0,0.0,0.0,0.0,0.0,0.0,0.0,0.0,1.718375231859199,0.5245345640595847,198.30287012788839,238.7481184825159,6894.099856478703,0.15928589689620849,0.024311034324818148,37.431338469799417,44.96748679628787,1336.6914636612337,3.2272686183327705,0.609839119110501,284.6406510558352,342.5456876593083,9879.228183355352,0.3788802154892856,0.07159490088610837,197.07986334651339,237.74508663059505,6486.657168075567,0.0,0.0,7.923432546428938,9.668539022267167,211.89529992726228,0.0,0.0,15.24793310277289,18.38567776703005,503.6951077892645,0.0,0.0,221.4219315649968,269.80900953465507,6112.184537493404,0.0,0.0,31.684338816132418,38.433941938166729,957.1245883499917,0.0,0.0,185.45693278433743,227.1321061947807,4582.670817996819,32.533186528298319,22.313571007063329,290.8961068333864,352.70574409174767,9751.005312816222,0.0,0.0,189.39378450293854,232.4747723990068,4440.479148904684,1059.04149617478,21.695062621174495,33.912696580656618,21.75,30.0,0.0,22.3067167526178,37.04062572020126,21.0,30.0,1552.6598288133276,21.590718625583386,33.41345043944424,21.5,30.0,0.0,20.865266488825584,35.3571809590051,16.0,30.0,0.0,17.731103735033558,44.12101114437417,12.0,30.0,0.0,20.96649944037229,43.20319432948262,19.0,30.0,0.0,18.169293342944945,42.72661757880717,10.0,30.0,0.0,19.50889488931587,39.65276996322707,12.0,30.0,0.0,16.70182569220668,47.17792760625987,16.0,30.0,0.0,19.340805406952144,0.0,0.0,0.0,16.047610728376396,0.0,0.0,711.2654803472049,946.2552514771721,674.0798753794758,695.2440914458859,747.5298074129478,1150.8622884553377,738.8661837840984,759.3118340483245,752.6807403744344,7594.451542152554,82.98326792552257,82.98326792552257,570.0,0.0,570.0,570.0,21.0,16.0,19.0,16.0,12.0,12.0,21.0,10.0,1.0,0.0,1059.04149617478,0.0,1552.6598288133276,0.0,0.0,0.0,0.0,0.0,0.0,0.0,0.0,82.98326792552257,82.98326792552257,0.34,0.7703820125802717,0.36028137401965956,82.98326792552257,0.3542647819438875,0.0,0.014155 
 03/11  20:20:00,4.643333333333334,86.0,3.776666666666667,0.0,0.0,0.0,0.0,0.0,2.0,0.0,0.0,4.0,0.0,0.0,0.0,1661.0,0.0,0.0,0.0,0.0,0.0,0.0,0.0,0.0,0.0,0.0,0.0,21.225181809286576,-560.7196291219052,22.091738921039075,-232.96959748505408,21.194331226823374,-444.6226477787793,20.363798417487318,83.04350535261455,17.778008890638135,9.854928164516409,20.866639116483005,-50.70360683970526,18.100970540742808,-56.38540470509815,18.161882050981505,-47.573212656697879,16.886238865055526,-215.50465032776266,794.1792403077081,966.245313991886,0.0,0.0,0.0,0.0,0.0,0.0,0.0,0.0,0.0,0.0,0.0,0.0,0.0,0.0,0.0,0.0,0.0,0.0,0.0,0.0,0.0,0.0,1.772731430392477,0.5411268102541138,236.0845178574951,284.91691477039719,8028.014586504429,0.14956013819240003,0.022826638918253974,40.18505947308654,48.24598137978872,1441.7718262761605,3.3090319657334619,0.6252894871000497,269.25443248277068,324.89318906995666,9281.562758724012,0.37241038294656528,0.07037233237841367,157.9862237681513,190.77518703100584,5213.146516812012,0.0,0.0,7.646613267650551,9.333466127771447,206.36241413419973,0.0,0.0,15.611075397267417,18.814903135705209,522.4764704191966,0.0,0.0,229.60247983680689,279.9038056474188,6359.4436572973,0.0,0.0,22.150068776811957,26.941868943841276,638.9104792897016,0.0,0.0,191.68046363843906,234.8773778241516,4739.590653344834,32.55832272315501,22.33081119557957,277.0097457766423,336.3816148597665,9388.236098519235,0.0,0.0,194.92307065628669,239.39307856872197,4569.504072493603,666.0418212261199,21.30123248745209,34.79857414770352,21.25,30.0,0.0,22.288725650438779,37.24574025079099,21.0,30.0,801.7804712895426,21.471461768044166,33.87705017250347,21.25,30.0,0.0,20.79061583652868,35.67367565309817,16.0,30.0,0.0,17.74282440060604,44.402666341981518,12.0,30.0,0.0,21.076520075925257,43.207064347971918,19.0,30.0,0.0,18.101005907181393,43.0156519006097,10.0,30.0,0.0,18.700699710217678,41.53522283316158,12.0,30.0,0.0,16.595218538005019,47.58792688883805,16.0,30.0,0.0,19.24933382436617,0.0,0.0,0.0,15.933121458939649,0.0,0.0,715.4967646881437,957.0349326344026,686.676695956785,704.2994469442203,762.026227892175,1165.3708584574179,743.5816046672974,749.5201374881033,755.7954281483812,4523.890594062481,82.77277684735184,84.56171698134983,570.0,0.0,570.0,570.0,21.0,16.0,19.0,16.0,12.0,12.0,21.0,10.0,1.0,0.0,666.0418212261199,0.0,801.7804712895426,0.0,0.0,0.0,0.0,0.0,2707.2710679258345,1624362.6407555007,2112375.829596769,82.77277684735184,84.5920991236988,0.17524236893086116,0.3461289556657934,0.18014068700982978,84.5920991236988,0.17713239097194376,2112375.829596769,0.12368187647236534 
 03/11  20:30:00,4.535,86.5,3.785,0.0,0.0,0.0,0.0,0.0,2.0,0.0,0.0,4.0,0.0,0.0,0.0,1248.0,0.0,0.0,0.0,0.0,0.0,0.0,0.0,0.0,0.0,0.0,0.0,21.542564005230689,-1016.0986179137299,22.05262819873021,-187.63587643901082,21.139549091435794,-275.8903701516706,20.299099824180677,248.95190340034353,17.787901902334409,7.687288785094814,20.905063396625068,-75.36592065474354,18.109005983772037,53.861776112756448,17.83671396196219,-25.673816932705706,16.811126556778228,-230.75007744436085,891.1454828289038,993.2580453942527,0.0,0.0,0.0,0.0,0.0,0.0,0.0,0.0,0.0,0.0,0.0,0.0,0.0,0.0,0.0,0.0,0.0,0.0,0.0,0.0,0.0,0.0,1.6860849153534612,0.5146779350895789,245.112802826977,294.9465280778017,8586.164349923245,0.20102224586870494,0.030681050956762033,32.01797708493548,38.44611941687033,1156.7221439193734,3.440968318188097,0.6502207706326714,308.77369478720217,372.2463784986305,10629.772210182788,0.4135394333332737,0.07814426177877428,270.19950044763848,326.29892888242127,8920.770514437914,0.0,0.0,8.513346536648426,10.384803959609864,231.82604843815603,0.0,0.0,15.491520444936775,18.65893540281071,523.9164714433439,0.0,0.0,238.6330245781748,290.70116480879008,6689.286269944823,0.0,0.0,18.717564671843115,22.810074762280097,526.0960482633536,0.0,0.0,192.09892401593914,235.35099493865295,4756.025725264328,32.861497740609838,22.538750165027325,321.3331278727205,389.8129591071633,10801.332115531739,0.0,0.0,194.58407059798263,238.96831357045526,4554.34598547238,996.5156676856839,21.781983707469025,33.637560576479959,21.666666666666658,29.99999999999999,0.0,22.255600741466883,37.483766990207929,20.999999999999994,29.99999999999999,0.0,21.2751894242295,34.40968958928902,20.999999999999994,29.99999999999999,0.0,20.718107002340305,35.855107497172408,15.999999999999993,29.99999999999999,0.0,17.75150448638707,44.577833619059948,11.999999999999995,29.99999999999999,0.0,21.14340670492661,43.178314556621497,18.999999999999994,29.99999999999999,0.0,18.15656148803004,42.894316584710178,9.999999999999997,29.99999999999999,0.0,18.18182609254547,42.90758486859883,11.999999999999995,29.99999999999999,0.0,16.4987384608006,47.98511432027334,15.999999999999993,29.99999999999999,0.0,19.44317443255064,0.0,0.0,0.0,15.799550279184718,0.0,0.0,708.4604253193334,968.2228644869481,694.3685031897524,706.1969718087687,771.1713794820216,1171.0077036344329,744.9113441112713,749.0100038775797,759.8050385109598,5279.059354511077,83.31985608761679,83.31985608761679,569.9999999999998,0.0,569.9999999999998,569.9999999999998,21.0,16.0,19.0,16.0,12.0,12.0,21.0,10.0,1.0,0.0,996.5156676856839,0.0,0.0,0.0,0.0,0.0,0.0,0.0,0.0,0.0,0.0,83.31985608761679,83.31985608761679,0.2266666666666666,0.5144608236609162,0.24018758267977295,83.31985608761679,0.2361765212959249,0.0,0.013521666666666665 
 03/11  20:40:00,4.426666666666667,87.0,3.7933333333333336,0.0,0.0,0.0,0.0,0.0,2.0,0.0,0.0,4.0,0.0,0.0,0.0,834.0,0.0,0.0,0.0,0.0,0.0,0.0,0.0,0.0,0.0,0.0,0.0,21.27605324497282,-566.8088097346529,22.02166103966431,-241.70458628927526,21.287611394003706,-1109.2394284023213,20.283049807031497,201.98797583838229,17.79900810940241,11.968812515244313,20.922590568820917,-57.946517641723939,18.042363037163207,-76.16955289176258,17.609082131782438,-12.577613182815103,16.735759931204677,-212.47394370938953,865.5874255524125,1033.6392776898738,0.0,0.0,0.0,0.0,0.0,0.0,0.0,0.0,0.0,0.0,0.0,0.0,0.0,0.0,0.0,0.0,0.0,0.0,0.0,0.0,0.0,0.0,1.796223830180009,0.5482978724603205,243.50721939655558,293.371827744086,8435.254742450961,0.16000850191969055,0.02442132202681481,40.28705185930717,48.3148937157963,1458.9171782543452,3.288090256305091,0.6213322479790426,310.25896624900806,372.9765168740894,11034.876523993833,0.388709623527006,0.07345230981235943,247.44825219550374,298.71371486966009,8213.17346913537,0.0,0.0,7.74054559323549,9.437360252907539,212.7275006056605,0.0,0.0,15.909736222516515,19.142709786488707,542.858639742896,0.0,0.0,236.76297399754294,288.40098389364007,6625.133837706224,0.0,0.0,13.846447736709479,16.88026971647193,382.98125287081327,0.0,0.0,196.49290122948978,240.6539995605285,4873.3015240924619,32.6953567328147,22.424798856525876,321.8683046494292,390.0848077409758,10870.247354651148,0.0,0.0,198.92692709193535,244.1743280672983,4686.573620478919,933.1697395421558,21.41835230429229,34.48076403641591,21.500000000000008,30.00000000000001,0.0,22.226739038809379,37.48644698804729,21.000000000000008,30.00000000000001,1798.7460448793636,21.67627868525348,33.46375551869632,21.500000000000008,30.00000000000001,0.0,20.695245861154093,35.94906771618048,16.000000000000008,30.00000000000001,0.0,17.76507204828399,44.749315545002918,12.000000000000004,30.00000000000001,0.0,21.182753708573203,43.217736744044348,19.000000000000008,30.00000000000001,0.0,18.016453988073765,43.23997020418937,10.000000000000004,30.00000000000001,0.0,17.84604052755322,43.86464904786237,12.000000000000004,30.00000000000001,0.0,16.404880636504225,48.32722073289847,16.000000000000008,30.00000000000001,0.0,19.378157817961254,0.0,0.0,0.0,15.765351650850711,0.0,0.0,713.4707503203416,966.2618462108289,688.3006137538196,708.8371469696676,780.5068371303074,1176.4664322637689,743.7674114353838,750.6873426651371,761.782496141616,8062.449170412486,82.67384660584861,82.67384660584861,570.0000000000002,0.0,570.0000000000002,570.0000000000002,21.0,16.0,19.0,16.0,12.0,12.0,21.0,10.0,1.0,0.0,933.1697395421558,0.0,1798.7460448793636,0.0,0.0,0.0,0.0,0.0,0.0,0.0,0.0,82.67384660584861,82.67384660584861,0.34000000000000016,0.7708690767328559,0.36028137401965967,82.67384660584861,0.3542647819438876,0.0,0.013205000000000002 
 03/11  20:50:00,4.318333333333333,87.5,3.8016666666666669,0.0,0.0,0.0,0.0,0.0,2.0,0.0,0.0,4.0,0.0,0.0,0.0,834.0,0.0,0.0,0.0,0.0,0.0,0.0,0.0,0.0,0.0,0.0,0.0,21.137608099354624,-483.7545765005668,21.994018428671198,-179.3914022689679,20.787304746086286,-383.2443657388235,20.330226679912856,221.14103121183906,17.809115446791148,10.339281534132909,20.928179001079607,-76.5557052155578,18.00123520298815,-0.06844602995806781,17.42481428071229,-32.947498932821677,16.664141209196793,-228.28161783235692,877.9229129577052,1075.3288613529622,0.0,0.0,0.0,0.0,0.0,0.0,0.0,0.0,0.0,0.0,0.0,0.0,0.0,0.0,0.0,0.0,0.0,0.0,0.0,0.0,0.0,0.0,1.7855511286479229,0.5450400270598055,165.99373833736125,199.88430567310986,5721.457336726142,0.2118340502676245,0.032331204253300448,33.06622551124483,39.65180761662855,1207.0564559627069,3.4079981956096718,0.6439905887395452,235.87032650632353,284.57267139028627,8112.671499297169,0.3957288445104528,0.07477869321815055,162.5056291542459,196.37769847072475,5505.959678176803,0.0,0.0,8.327094742347076,10.151278340426249,230.90834013774643,0.0,0.0,16.05412961188128,19.314992478119508,551.8016296969607,0.0,0.0,247.7225269980176,301.79904403140247,6968.800824087304,0.0,0.0,11.959952109441112,14.593493198585549,327.13421517873487,0.0,0.0,198.78263540517575,243.5536019984911,4937.915634012432,33.04896692335711,22.667329851410924,254.96062415291486,309.2872549836901,8891.096516667354,0.0,0.0,205.27891102601309,252.04780672858522,4857.691690042884,253.47699787939224,21.17432979497449,35.13056343080716,21.0,30.0,0.0,22.21361788452075,37.74769384081503,21.0,30.0,68.692150301099,20.980612335440644,35.482137607978859,21.0,30.0,0.0,20.812579630782179,35.83126297943989,16.0,30.0,0.0,17.776725034163513,44.87628164867881,12.0,30.0,0.0,21.197782131282595,43.29424683865991,19.0,30.0,0.0,17.980172786999256,43.51264438188966,10.0,30.0,0.0,17.57928754599426,44.68968280977269,12.0,30.0,0.0,16.311431278292994,48.670270904360339,16.0,30.0,0.0,19.376644330185188,0.0,0.0,0.0,15.703055583257149,0.0,0.0,722.6355126829033,981.0136822527977,718.6230464760622,716.9453182459552,787.6054512954174,1180.9196224936418,751.6815111713208,754.4144062959124,764.0812933818725,7780.4721540346949,82.860279964296,82.860279964296,570.0,0.0,570.0,570.0,21.0,16.0,19.0,16.0,12.0,12.0,21.0,10.0,1.0,0.0,253.47699787939224,0.0,68.692150301099,0.0,0.0,0.0,0.0,0.0,0.0,0.0,0.0,82.860279964296,82.860279964296,0.34,0.7696033047992874,0.36028137401965956,82.860279964296,0.3542647819438875,0.0,0.012635 
 03/11  21:00:00,4.21,88.0,3.81,0.0,0.0,0.0,0.0,0.0,2.0,0.0,0.0,4.0,0.0,0.0,0.0,1668.0,0.0,0.0,0.0,0.0,0.0,0.0,0.0,0.0,0.0,0.0,0.0,21.619722088154135,-856.372216054313,21.97354348034348,-165.81492401291275,21.49103717460285,-1296.7043523232918,20.375427321025819,499.81822012755586,17.81409066433877,7.566267819512362,20.918488397763747,-91.26070824535472,18.015791319339493,48.05902772168247,17.295724836715317,-30.07556640726297,16.61745347220637,-235.65524492834835,920.861181210133,1068.186780148342,0.0,0.0,0.0,0.0,0.0,0.0,0.0,0.0,0.0,0.0,0.0,0.0,0.0,0.0,0.0,0.0,0.0,0.0,0.0,0.0,0.0,0.0,1.7716407210460377,0.5407938708931739,232.3487904187151,279.4702832448736,8471.764679976608,0.24222739487539403,0.036969993112850128,27.530003946372383,33.0945560731689,1012.4420543319087,3.2787616354173769,0.6195694700335181,337.37664340881516,405.96416869909378,12224.275901101344,0.42431439710728965,0.08018034714801389,309.85833725471698,373.9296292024755,10585.159919437729,0.0,0.0,8.781442297714666,10.714155712335554,245.5073931149408,0.0,0.0,16.391967350654995,19.7500889695818,566.744923434496,0.0,0.0,247.02084976518939,301.16902449771529,7029.677157315184,0.0,0.0,12.034468001551869,14.69816171742065,327.6135024212494,0.0,0.0,194.71875811049194,238.8540578528578,4863.384044054408,33.2518929269415,22.8065109238282,347.87496613756459,421.8394162448702,12003.078142125858,0.0,0.0,201.09194062310869,247.26115297900555,4747.265601685152,1244.2283174812513,21.994165092970375,33.42987478784235,21.75,30.0,0.0,22.204248955181517,38.03385042029518,21.0,30.0,1961.1763422604579,21.946078957619119,33.22385720599426,21.5,30.0,0.0,20.921505992201867,35.60432130683316,16.0,30.0,0.0,17.7806083368075,44.911327396139999,12.0,30.0,0.0,21.19226854969186,43.21916328933402,19.0,30.0,0.0,18.03032084188218,43.353396040118258,10.0,30.0,0.0,17.417760687284493,45.20370540906325,12.0,30.0,0.0,16.26909754738767,48.82964637625749,16.0,30.0,0.0,19.431436933748516,0.0,0.0,0.0,15.56048249827375,0.0,0.0,723.6204578771885,997.3920172381822,708.0235199821788,719.084374730943,789.8431967667698,1175.300506098898,751.1257752772815,756.884271843177,765.5069584460647,6898.390078094248,81.74835531571438,81.74835531571438,570.0,0.0,570.0,570.0,21.0,16.0,19.0,16.0,12.0,12.0,21.0,10.0,1.0,0.0,1244.2283174812513,0.0,1961.1763422604579,0.0,0.0,0.0,0.0,0.0,0.0,0.0,0.0,81.74835531571438,81.74835531571438,0.255,0.5785857334168225,0.27021103051474468,81.74835531571438,0.2656985864579156,0.0,0.012064999999999998 
 03/11  21:10:00,4.128333333333333,88.50000000000002,3.751666666666667,0.0,0.0,0.0,0.0,0.0,2.0,0.0,0.0,4.0,0.0,0.0,0.0,836.0,0.0,0.0,0.0,0.0,0.0,0.0,0.0,0.0,0.0,0.0,0.0,21.27910377172597,-391.18566773362206,21.96294130027995,-207.25060866900948,20.743953679572067,-225.850643959825,20.374569576875048,-11.613921353746719,17.819422882555864,12.701799869466385,20.9010101127336,-69.15206176322858,17.97801658655075,-88.79939740877126,17.144169547715174,-45.068579391095259,16.557723886864776,-214.04595668023513,859.2072695514685,1133.8144276951667,0.0,0.0,0.0,0.0,0.0,0.0,0.0,0.0,0.0,0.0,0.0,0.0,0.0,0.0,0.0,0.0,0.0,0.0,0.0,0.0,0.0,0.0,1.8615167960918915,0.56822857023562,123.73776532358491,149.20574430663275,4366.146547408037,0.18848305979504277,0.02876725576847417,37.39131503915736,44.82585205232454,1376.8030067509172,3.356712667314752,0.634299445826673,263.35942388202036,317.865250280365,9096.443704135938,0.3829789626205484,0.07236941848460854,260.5284742318785,314.44015909564458,8926.910244382798,0.0,0.0,8.051830161983905,9.816371789130742,226.6055928609515,0.0,0.0,16.23821555043913,19.539403867044073,563.7851135776068,0.0,0.0,248.99655622581646,303.3979164319467,7078.865030499325,0.0,0.0,15.212532953106669,18.57839182804781,410.4429555775272,0.0,0.0,199.27268176109863,244.24109079581548,4985.013560405303,33.10776259681528,22.707656102068098,269.2462888216374,326.76149964729066,9389.239752605476,0.0,0.0,210.89231000557803,259.02193907483857,5026.712086435242,707.2686109464945,21.424119624028067,35.272087695291208,21.5,30.0,0.0,22.20666796840539,38.44666718652864,21.0,30.0,186.56750394311798,20.899518419081646,35.33874465320912,21.0,30.0,0.0,20.851945425610127,35.58407527451186,16.0,30.0,0.0,17.7881638674064,44.960376691818897,12.0,30.0,0.0,21.177167662547576,43.28819616664475,19.0,30.0,0.0,17.93194013142085,43.656939116479879,10.0,30.0,0.0,17.199379504930616,45.950108209032567,12.0,30.0,0.0,16.200999712866165,49.062560598348529,16.0,30.0,0.0,19.25198113304448,0.0,0.0,0.0,15.59192665232338,0.0,0.0,759.6914063733304,1021.2648555315776,704.5345824037163,711.3095824045663,793.070176595058,1176.8463741880267,752.9987990536271,762.1776668522691,766.6146456488464,9122.450380436283,81.97304309094743,81.97304309094743,570.0,0.0,570.0,570.0,21.0,16.0,19.0,16.0,12.0,12.0,21.0,10.0,1.0,0.0,707.2686109464945,0.0,186.56750394311798,0.0,0.0,0.0,0.0,0.0,0.0,0.0,0.0,81.97304309094743,81.97304309094743,0.34,0.768952976367876,0.36028137401965956,81.97304309094743,0.3542647819438875,0.0,0.011495 
 03/11  21:20:00,4.046666666666667,89.0,3.693333333333334,0.0,0.0,0.0,0.0,0.0,2.0,0.0,0.0,4.0,0.0,0.0,0.0,1672.0,0.0,0.0,0.0,0.0,0.0,0.0,0.0,0.0,0.0,0.0,0.0,21.333397688704346,-241.32223189004504,21.921817830088263,-195.9414348476662,21.37878160113358,-1557.6122304661565,20.310154155583896,443.5218019504033,17.823712030415324,8.295498185530449,20.896567201436704,-73.37619460690346,17.87995299524846,-19.317606893882386,17.033380338005153,-46.171711285231967,16.515462411150254,-228.53274668748169,954.9925498009211,1067.2797184022998,0.0,0.0,0.0,0.0,0.0,0.0,0.0,0.0,0.0,0.0,0.0,0.0,0.0,0.0,0.0,0.0,0.0,0.0,0.0,0.0,0.0,0.0,1.858614653410028,0.5673426902961014,238.43789362409962,287.7294576531342,8423.320885207915,0.20789074157731048,0.031729356162593178,36.398613215667719,43.73832348745632,1343.8857979533737,3.161306868896845,0.5973746917794494,388.70095956372315,468.15348429738347,14100.155656758603,0.40125799151014959,0.07582350557636988,263.360620717936,317.9828893863632,9048.884700347186,0.0,0.0,8.380253021215662,10.225591778969714,237.32298522918968,0.0,0.0,16.638558680691049,20.047540951222318,580.5249761906902,0.0,0.0,239.58085337112304,292.382429877125,6785.202723362712,0.0,0.0,15.63414872752789,19.1266336984023,420.17450160724015,0.0,0.0,187.9103505508859,230.61602045114689,4716.874367703598,33.27081294278355,22.819487615077887,392.5532193071814,476.2049802146184,13588.542509679606,0.0,0.0,199.9431305061549,246.03300466934395,4719.023473409882,0.0,21.27056728467904,35.118806533969308,21.0,30.0,0.0,22.158262665709594,37.92500290784531,21.0,30.0,1997.4806497327527,21.731329738272519,33.67653977014788,21.5,30.0,0.0,20.82391890284525,35.74528344712684,16.0,30.0,0.0,17.79336647036064,45.133811009068768,12.0,30.0,0.0,21.182956669469549,43.47024226380307,19.0,30.0,0.0,17.794483218800744,44.15897679297592,10.0,30.0,0.0,17.05937087030215,46.437130982816899,12.0,30.0,0.0,16.16063268666752,49.27228748841899,16.0,30.0,0.0,19.484513494744716,0.0,0.0,0.0,15.391192426770534,0.0,0.0,735.2563612852138,988.0717225421951,710.0482375671014,717.2798530355234,801.6303602923233,1186.9141044495896,758.930716338856,765.7308460951854,770.3388485933831,4034.3006359024377,82.64235251932854,82.64235251932854,570.0,0.0,570.0,570.0,21.0,16.0,19.0,16.0,12.0,12.0,21.0,10.0,1.0,0.0,0.0,0.0,1997.4806497327527,0.0,0.0,0.0,0.0,0.0,0.0,0.0,0.0,82.64235251932854,82.64235251932854,0.17,0.38547520274179256,0.18014068700982978,82.64235251932854,0.17713239097194376,0.0,0.010861666666666666 
 03/11  21:30:00,3.965,89.5,3.635,0.0,0.0,0.0,0.0,0.0,2.0,0.0,0.0,4.0,0.0,0.0,0.0,838.0,0.0,0.0,0.0,0.0,0.0,0.0,0.0,0.0,0.0,0.0,0.0,21.55888235336522,-947.7946763020991,21.90034956409041,-186.95146406503194,20.99675432882556,-770.280139388944,20.270117376480127,1.471039183124958,17.822290681371965,7.545245567110527,20.87875180309188,-79.70007050041807,17.89094417321357,-2.895356603019536,16.919207809382386,-51.704683531317787,16.45275694729045,-236.3345214834003,1008.1555288284453,1103.505323239247,0.0,0.0,0.0,0.0,0.0,0.0,0.0,0.0,0.0,0.0,0.0,0.0,0.0,0.0,0.0,0.0,0.0,0.0,0.0,0.0,0.0,0.0,1.80718481454911,0.5516437162848322,289.35848023945598,347.69905557490565,10554.657203981518,0.20234757516233999,0.03088332954248168,35.70229104270985,42.84758185452472,1323.4688910162386,3.5839682920662154,0.6772426855756266,468.1438964563424,563.8889929800856,16630.36708313108,0.39536317608614926,0.0747095948764454,245.0307787356329,295.88523381078309,8391.132297733177,0.0,0.0,8.68422291867213,10.584090809058886,247.39582314140439,0.0,0.0,16.681170272712973,20.07388841960943,584.373426898098,0.0,0.0,244.25305776110907,297.6918427586648,6982.726339677324,0.0,0.0,17.820107447493866,21.784320352837747,476.5439923766389,0.0,0.0,187.90910124470629,230.4129085598621,4720.154875513383,33.347982804546258,22.87241618967508,464.1487116893603,562.3268358370957,15908.471018387754,0.0,0.0,202.04158354662878,248.40994704887374,4765.266948758268,1334.7483925925195,21.809599534326709,33.85718587353281,21.5,30.0,0.0,22.14547473995127,38.10410833089812,21.0,30.0,1304.4635020697445,21.23076569352373,34.73529488420603,21.5,30.0,0.0,20.696119988319919,35.98257501922891,16.0,30.0,0.0,17.79086425056698,45.24680684399284,12.0,30.0,0.0,21.16621514827378,43.44484795205979,19.0,30.0,0.0,17.84094364778715,44.08107496239063,10.0,30.0,0.0,16.906249117822754,47.005141918482198,12.0,30.0,0.0,16.08218366234746,49.624123427789147,16.0,30.0,0.0,19.622792239489337,0.0,0.0,0.0,15.29643790549206,0.0,0.0,729.3047034503908,997.834388308325,710.532615666602,715.7544721085551,806.7344812427423,1183.6350390953699,761.4727236868613,770.944236061382,774.7882369988174,10007.638741338738,81.38753720551289,85.11473002937939,570.0,0.0,570.0,570.0,21.0,16.0,19.0,16.0,12.0,12.0,21.0,10.0,1.0,0.0,1334.7483925925195,0.0,1304.4635020697445,0.0,0.0,0.0,0.0,0.0,5640.257840067198,3384154.7040403189,4391172.38391469,81.38753720551289,85.17803013695965,0.3580085946689066,0.7664599912079216,0.36028137401965956,85.17803013695965,0.3542647819438875,4391172.38391469,0.23856929729689728 
 03/11  21:40:00,3.8833333333333339,90.0,3.576666666666667,0.0,0.0,0.0,0.0,0.0,2.0,0.0,0.0,4.0,0.0,0.0,0.0,1257.0,0.0,0.0,0.0,0.0,0.0,0.0,0.0,0.0,0.0,0.0,0.0,21.629557738120519,-1284.099247068517,21.881937358190524,-185.00766578174649,21.201877830944427,-469.94489493554257,20.17484262543643,300.50222884391158,17.82035546891099,8.409209064565618,20.8518311858096,-91.4272900423377,17.924583651951239,-6.263052171660099,16.82281109171171,-58.680002915749977,16.399132805139396,-231.05658532632595,901.2453648760737,1192.138159053438,0.0,0.0,0.0,0.0,0.0,0.0,0.0,0.0,0.0,0.0,0.0,0.0,0.0,0.0,0.0,0.0,0.0,0.0,0.0,0.0,0.0,0.0,1.7670307387469398,0.5393866723891763,263.13281788294287,316.60575604602607,9634.609827730004,0.22635252498682269,0.03454708867320252,31.906585259756026,38.32436173728212,1189.0310474249448,3.5866008387178445,0.6777401433707196,296.5844084334711,357.20735967304457,10761.421948164303,0.4313614689242449,0.08151199337192841,265.7049827654822,321.1751583212242,9075.391095449184,0.0,0.0,9.03534064851062,11.021237890530987,258.86413679904657,0.0,0.0,16.536882550291727,19.92094986590957,581.0132158144749,0.0,0.0,260.892580146073,318.15613214266838,7531.437109850375,0.0,0.0,21.115817189480695,25.846590624371126,563.2167994307022,0.0,0.0,198.1998110160481,243.26194583887929,4988.539105881451,33.581519762111287,23.032592429431639,317.22490667379238,385.0589800165486,11043.414687104801,0.0,0.0,215.7199487948883,265.39377711160025,5140.90619495534,1447.7403118379305,21.84284244755294,33.556823486868257,22.000000000000019,30.00000000000002,0.0,22.13532242822263,38.36730923990862,21.000000000000015,30.00000000000002,771.8319887215506,21.583070914544707,34.038297855416278,21.33333333333335,30.00000000000002,0.0,20.59825697862594,36.309371356140179,16.000000000000015,30.00000000000002,0.0,17.789395818715794,45.250700231404099,12.00000000000001,30.00000000000002,0.0,21.135146159498466,43.39713083998786,19.000000000000015,30.00000000000002,0.0,17.900980674742507,43.850707969594498,10.000000000000007,30.00000000000002,0.0,16.78475899886263,47.44572056639437,12.00000000000001,30.00000000000002,0.0,16.02326227053234,49.833456156659938,16.000000000000015,30.00000000000002,0.0,19.255928266877598,0.0,0.0,0.0,15.335608778307407,0.0,0.0,718.1361592447133,1012.0919487087306,714.9313922415014,721.9240735574723,807.1135319127529,1177.7486562523575,759.6123012053841,774.5346732108216,776.1556102727868,8628.899740086592,82.29935553994568,82.29935553994568,570.0000000000005,0.0,570.0000000000005,570.0000000000005,21.0,16.0,19.0,16.0,12.0,12.0,21.0,10.0,1.0,0.0,1447.7403118379305,0.0,771.8319887215506,0.0,0.0,0.0,0.0,0.0,0.0,0.0,0.0,82.29935553994568,82.29935553994568,0.3400000000000003,0.7696804484598606,0.3602813740196598,82.29935553994568,0.3542647819438878,0.0,0.009595 
 03/11  21:50:00,3.8016666666666669,90.5,3.518333333333333,0.0,0.0,0.0,0.0,0.0,2.0,0.0,0.0,4.0,0.0,0.0,0.0,838.0,0.0,0.0,0.0,0.0,0.0,0.0,0.0,0.0,0.0,0.0,0.0,21.38902363255044,-575.030389839676,21.851333991207708,-205.70869667766625,21.02778767300653,-1137.4644770980777,20.268913741738439,370.22740155981139,17.81846587933031,9.370524794569292,20.823873756350254,-79.34417483663685,17.856758864458415,-78.24235317370585,16.731945785615666,-54.863487547761568,16.7681291934266,-437.4481451181823,971.0384393767681,1222.5264528510716,0.0,0.0,0.0,0.0,0.0,0.0,0.0,0.0,0.0,0.0,0.0,0.0,0.0,0.0,0.0,0.0,0.0,0.0,0.0,0.0,0.0,0.0,1.8557232575273873,0.5664600908203258,213.12497541075363,256.59507108931646,7741.352850339076,0.21616616615165935,0.03299239410129111,35.38684283483068,42.459175607383489,1321.0735669611266,3.280214143641041,0.6198439424869694,364.72351496840266,439.3715343996763,13061.782045144355,0.4177110448097461,0.07893254814998979,308.3607711477711,372.23671678499337,10675.169549581127,0.0,0.0,8.513391774844316,10.37861998113208,245.35744268952448,0.0,0.0,16.639419206882594,20.0286576309017,586.559568241777,0.0,0.0,259.4684010213712,316.3528323099099,7471.400979325987,0.0,0.0,21.395670614642385,26.18384554152732,569.6289166974914,0.0,0.0,200.77409653219542,245.8310302745441,5285.067021924574,33.662682785250719,23.088259797840004,372.1589652269273,451.10833582212237,13000.653676666117,0.0,0.0,218.79601460603716,269.01018328998597,5245.276332850014,764.0207566471754,21.550859466330388,34.346484433707249,22.0,30.0,0.0,22.100273755320907,38.465586205988888,21.0,30.0,934.948166799133,21.297471884071617,34.31180257806939,21.0,30.0,0.0,20.77861223962976,35.80727257816416,16.0,30.0,0.0,17.788863023585124,45.259787620495668,12.0,30.0,0.0,21.106595305779586,43.45562581527429,19.0,30.0,0.0,17.77426389561981,44.1655504806899,10.0,30.0,0.0,16.671188896633845,47.79374056304013,12.0,30.0,917.5409974468722,16.52073671079383,48.249619686499048,16.5,30.0,0.0,19.451154311040488,0.0,0.0,0.0,15.320804106646957,0.0,0.0,727.9028084150725,1014.3114184812014,698.5907383858271,717.625321829228,808.1023774464231,1178.2113923483885,758.5375191259418,775.3443730039489,774.4581548720496,8166.678192599172,82.60485291791714,82.60485291791716,570.0,0.0,570.0,570.0,21.0,16.0,19.0,16.0,12.0,12.0,21.0,10.0,1.0,0.0,764.0207566471754,0.0,934.948166799133,0.0,0.0,0.0,0.0,917.5409974468722,0.0,0.0,0.0,82.60485291791714,82.60485291791714,0.34,0.7712752947867831,0.36028137401965956,82.60485291791714,0.3542647819438875,0.0,0.009278333333333335 
 03/11  22:00:00,3.72,91.0,3.46,0.0,0.0,0.0,0.0,0.0,2.0,0.0,0.0,4.0,0.0,0.0,0.0,1676.0,0.0,0.0,0.0,0.0,0.0,0.0,0.0,0.0,0.0,0.0,0.0,21.39339530367854,-234.17100013320556,21.824428391043179,-172.0527429505321,21.380152714076574,-1465.6060825769696,20.374432709776316,390.7465166752313,17.814045592805706,6.973814564213612,20.811431860297348,-63.933288830242677,17.946586496902556,128.00994155464447,16.64763746382919,-81.15230777074126,16.862070740414475,-426.75804669896618,974.5996314986853,1090.1546188371327,0.0,0.0,0.0,0.0,0.0,0.0,0.0,0.0,0.0,0.0,0.0,0.0,0.0,0.0,0.0,0.0,0.0,0.0,0.0,0.0,0.0,0.0,1.8950456159875245,0.5784632527434447,215.2589883250009,259.6602316791395,7781.829584642414,0.2359820618809504,0.03601679821137827,33.614583146696208,40.401201500608028,1259.9740079079023,3.222621547010063,0.6089609877192109,357.6436870204604,430.82284288823356,13212.689375075082,0.4058280638409054,0.0766870868935951,276.9126987741048,334.4534797976842,9738.317635569701,0.0,0.0,8.189379100735712,9.99443582841907,237.28789543254289,0.0,0.0,15.993129172094143,19.277063089965947,566.3183463676429,0.0,0.0,216.71397393194776,264.28220016272607,6373.300067999827,0.0,0.0,26.310743966306963,32.24070983416983,699.1834038701261,0.0,0.0,150.20179093352778,183.9836888919273,4031.9614914205897,33.83682854024383,23.20770133075709,358.93666363678548,435.47927394493669,12784.70144588034,0.0,0.0,173.15903489698816,213.3155630448118,4085.7134294609279,0.0,21.329609589368049,34.82619076209313,21.0,30.0,0.0,22.076430494091924,38.39641652359866,21.0,30.0,1890.734917352744,21.71400680257214,33.48538705937253,21.5,30.0,0.0,20.959412420706536,35.19840765765266,16.0,30.0,0.0,17.784167682663314,45.25099024214995,12.0,30.0,0.0,21.106214408576887,43.595266862348328,19.0,30.0,0.0,18.005141843098405,43.50454937261962,10.0,30.0,0.0,16.565561529784543,48.10833197654034,12.0,30.0,0.0,16.704750763293434,47.64913276410736,16.0,30.0,0.0,19.442406304202039,0.0,0.0,0.0,15.039015695562295,0.0,0.0,729.6719481988648,1009.010100368105,700.9202597383311,707.7913798670584,807.6536030239882,1186.8270015876422,758.3871028060164,775.8191902366264,774.8426711946287,4606.242896491793,82.53264937752449,82.53264937752449,570.0,0.0,570.0,570.0,21.0,16.0,19.0,16.0,12.0,12.0,21.0,10.0,1.0,0.0,0.0,0.0,1890.734917352744,0.0,0.0,0.0,0.0,0.0,0.0,0.0,0.0,82.53264937752449,82.53264937752449,0.17,0.38472847181324568,0.18014068700982978,82.53264937752449,0.17713239097194376,0.0,0.008961666666666665 
 03/11  22:10:00,3.665,91.16666666666667,3.465,0.0,0.0,0.0,0.0,0.0,2.0,0.0,0.0,4.0,0.0,0.0,0.0,4200.0,0.0,0.0,0.0,0.0,0.0,0.0,0.0,0.0,0.0,0.0,0.0,21.4254768418599,-626.7425410079136,21.8065303944458,-184.46982565517193,21.20583149378897,-851.6283801187711,20.379045156763167,292.31516926128958,17.80552116896766,1.2394045828360845,20.797995623904524,-46.72141540237572,18.116483626373019,97.18569598705936,16.529837886083663,-136.81235910720705,18.152903235682105,-382.84319559484768,923.6501913121434,1020.0194747074804,0.0,0.0,0.0,0.0,0.0,0.0,0.0,0.0,0.0,0.0,0.0,0.0,0.0,0.0,0.0,0.0,0.0,0.0,0.0,0.0,0.0,0.0,1.8800925051837492,0.5738988111061506,159.3096046608266,192.13846897885404,5858.191525246753,0.24337611678080577,0.037145316968987446,31.821107750637056,38.277455531061907,1196.3398701203019,3.432611743746352,0.6486416749331734,258.5546613211351,311.87811132191487,9504.4566967076,0.41082367087402696,0.07763107915231046,233.8967386108916,282.5448716003167,8242.57096206896,0.0,0.0,8.652511915547967,10.565038445836267,251.47830692595648,0.0,0.0,14.679494666080294,17.710663767875454,521.3092311598339,0.0,0.0,169.0535139088172,206.15639628896038,5078.5319294463929,0.0,0.0,40.03929588409345,49.111026997309078,1054.4253031107788,0.0,0.0,114.0431663250395,138.91186885175484,3478.616689248237,33.89747456646563,23.24929668481868,265.67378216916827,322.9554459615368,9550.100278080208,0.0,0.0,128.11986559018474,158.04992302479062,3001.491775736044,793.5606727428661,21.5897470513967,34.1137324694447,21.500000000000005,30.0,0.0,22.067480273132337,38.4846649182303,21.000000000000005,30.0,1125.4365582231176,21.498705560973595,33.83495314508457,21.300000000000006,30.0,0.0,20.94225241573037,35.2478635627283,15.999999999999999,30.0,0.0,17.773826533181233,45.11168721921994,12.0,30.0,0.0,21.104630499179114,42.50041818876752,19.0,30.0,0.0,18.30942528771238,42.51955982462807,10.0,30.0,0.0,16.398173540653173,48.653769755550317,12.0,30.0,2950.98417165719,18.478998095159726,42.5705378840308,20.0,30.0,0.0,19.190886852455529,0.0,0.0,0.0,14.802836165660989,0.0,0.0,723.2224640785391,1014.6476495646404,698.345934882708,710.2256763470382,801.1536509757698,1170.0793623898624,753.4267474420656,778.7537861295641,770.538703001318,10351.54555373232,81.1601836496813,84.04927498107185,570.0,0.0,570.0,570.0,21.0,16.0,19.0,19.0,12.0,12.0,21.0,10.0,1.0,0.0,793.5606727428661,0.0,1125.4365582231176,0.0,0.0,0.0,0.0,2950.98417165719,4372.122328888527,2623273.3973331165,3416018.3943417577,81.1601836496813,84.09834134300385,0.34973741096295099,0.7676747700843143,0.3602813740196596,84.09834134300385,0.3542647819438876,3416018.3943417577,0.18627795650577134 
 03/11  22:20:00,3.6100000000000005,91.33333333333334,3.4700000000000008,0.0,0.0,0.0,0.0,0.0,2.0,0.0,0.0,4.0,0.0,0.0,0.0,1260.0,0.0,0.0,0.0,0.0,0.0,0.0,0.0,0.0,0.0,0.0,0.0,21.52091252731521,-806.5136392275875,21.768918690487319,-209.26548826052258,21.31106235366675,-967.8965818532963,20.366504899995257,330.41301884493125,17.78519748529328,-5.67792850275693,20.78490986935816,-57.518954774358629,17.892063263074176,-137.7309382705746,16.37921122167993,-102.58284162933868,18.902586980797186,-712.8050355285805,805.0396899114892,1542.3822850074803,0.0,0.0,0.0,0.0,0.0,0.0,0.0,0.0,0.0,0.0,0.0,0.0,0.0,0.0,0.0,0.0,0.0,0.0,0.0,0.0,0.0,0.0,1.884296104550823,0.5751819610960998,145.82933637057449,175.6357980256805,5395.752751818252,0.24106363651110494,0.0367923743148817,32.129328677872788,38.61805099115069,1208.7411997240734,3.4116217689889,0.6446753153796108,215.98722735606246,259.96942445463346,8038.808489252654,0.4119303061448413,0.07784019390492082,229.04283620988373,276.3184103463616,8106.157581345557,0.0,0.0,9.308096457378998,11.353634841133758,271.06431946138869,0.0,0.0,16.293479449193748,19.63201778706479,580.4088486987903,0.0,0.0,219.3242088169439,267.42473724908509,6372.695936219479,0.0,0.0,47.563656827448337,58.341387119905537,1238.3479092199823,0.0,0.0,194.22154298952536,235.16739113175209,6403.573519220978,33.8568618310639,23.22144158509184,225.48626765906944,273.7975739780202,8208.627286851994,0.0,0.0,187.4829810714811,229.8503029421912,4848.7511129652179,1205.5510971033257,21.65336375747256,33.76785504233856,21.666666666666658,29.99999999999999,0.0,22.02194412284315,38.408893931934247,20.999999999999994,29.99999999999999,1752.200099098582,21.675465629024175,33.237358392949619,21.666666666666658,29.99999999999999,0.0,20.917570041100448,35.28628077771906,15.999999999999993,29.99999999999999,0.0,17.743869487712549,44.79711014868432,11.999999999999995,29.99999999999999,0.0,21.101212400180779,40.83587360357586,18.999999999999994,29.99999999999999,0.0,17.843675415208819,43.95523605832058,9.999999999999997,29.99999999999999,0.0,16.178891620746066,49.35807808727178,11.999999999999995,29.99999999999999,887.525000533166,19.900148853096807,38.68690779138433,19.66666666666666,29.99999999999999,0.0,18.76369382862243,0.0,0.0,0.0,15.662734983629191,0.0,0.0,713.6473442885973,1007.413898537565,687.504513922107,710.761808194052,784.9591194274631,1139.3469555047284,762.177716340479,782.4234544715397,763.9700844776364,9677.559659103645,81.60589669638864,83.95086621373851,569.9999999999998,0.0,569.9999999999998,569.9999999999998,21.0,16.0,19.0,19.0,12.0,12.0,21.0,10.0,1.0,0.0,1205.5510971033257,0.0,1752.200099098582,0.0,0.0,0.0,0.0,887.525000533166,3548.793776711715,2129276.26602703,2763803.4439615465,81.60589669638864,83.99069158090765,0.3449597925570571,0.7707742890784678,0.36028137401965945,83.99069158090765,0.35426478194388735,2763803.4439615465,0.15214111241933374 
 03/11  22:30:00,3.555,91.5,3.475,0.0,0.0,0.0,0.0,0.0,2.0,0.0,0.0,4.0,0.0,0.0,0.0,1680.0,0.0,0.0,0.0,0.0,0.0,0.0,0.0,0.0,0.0,0.0,0.0,21.469018732730093,-808.8007858720844,21.73893355710102,-186.35867361051846,20.964497471338189,-509.088101782344,20.38682111247898,184.69421907564925,17.76474289711596,-5.580312031557099,20.748972962974358,-68.45884738361824,17.760678770253237,-68.36017434363612,16.366478340967107,-36.45194458336681,18.864064615032257,-865.0494019327714,933.782108325765,1628.3112065622852,0.0,0.0,0.0,0.0,0.0,0.0,0.0,0.0,0.0,0.0,0.0,0.0,0.0,0.0,0.0,0.0,0.0,0.0,0.0,0.0,0.0,0.0,1.863176781234812,0.5687352812072076,204.05385125847529,245.90393079178018,7492.333755249826,0.24527855051349488,0.03743567620779836,31.236485475456687,37.53734962357945,1177.3377892595104,3.5740480919232224,0.6753681201668979,248.1499275475403,299.3974075392923,9036.579834284968,0.40846681307442359,0.07718571675631583,204.23297807926037,246.6943061495459,7242.969560382979,0.0,0.0,9.750638316634467,11.90317634308126,284.52478189174618,0.0,0.0,16.823798949659254,20.290127299018505,599.6939186978323,0.0,0.0,252.25681354179677,307.993411348334,7328.348990052467,0.0,0.0,46.27525644731736,56.77897413639338,1213.8643365909548,0.0,0.0,223.58915788933337,271.1387607839341,7351.119088379353,33.9315917484583,23.27269667246798,255.19993798966363,310.04123646245287,9263.418122616575,0.0,0.0,216.9631106456416,266.3369109240217,5627.055284004545,623.1754894530861,21.493647276701944,34.040371277603458,21.5,30.0,0.0,21.994920238104095,38.63831426556276,21.0,30.0,155.8311733936272,21.2148053093361,34.10893920985849,21.0,30.0,0.0,20.936543539162,35.05192847660952,16.0,30.0,0.0,17.716998376698645,44.64719011613323,12.0,30.0,0.0,21.057080101955977,39.777137700821629,19.0,30.0,0.0,17.657930602529534,44.22933289059251,10.0,30.0,0.0,16.218437810142058,48.99037190460464,12.0,30.0,1776.961327949749,19.61774457548501,39.32167927804101,19.75,30.0,0.0,19.21041982286942,0.0,0.0,0.0,16.02031610757966,0.0,0.0,712.2618185757044,1019.3912400463718,686.3807171798321,703.4146463532065,776.8151270379758,1104.3394594122979,756.3910429310439,776.2181287917265,765.4094512665848,8425.682466439908,82.43372020170166,82.43372020170166,570.0,0.0,570.0,570.0,21.0,16.0,19.0,19.0,12.0,12.0,21.0,10.0,1.0,0.0,623.1754894530861,0.0,155.8311733936272,0.0,0.0,0.0,0.0,1776.961327949749,0.0,0.0,0.0,82.43372020170166,82.43372020170166,0.34,0.7705771480190895,0.36028137401965956,82.43372020170166,0.3542647819438875,0.0,0.008201666666666666 
 03/11  22:40:00,3.5,91.66666666666666,3.4800000000000006,0.0,0.0,0.0,0.0,0.0,2.0,0.0,0.0,0.0,0.0,0.0,0.0,2520.0,0.0,0.0,0.0,0.0,0.0,0.0,0.0,0.0,0.0,0.0,0.0,21.47042923791269,-594.910526575392,21.44586055108731,-411.6420886557885,21.232651244092865,-741.7852386131177,20.374582910010916,343.7469287257026,17.746845874043847,-5.93590041885559,20.609806707996705,-84.61938706558682,17.752298265942849,20.637148508456876,16.36208687554577,-35.120290763063469,18.88857946351058,-750.3152096752951,1028.2959496145807,1493.8433455640644,0.0,0.0,0.0,0.0,0.0,0.0,0.0,0.0,0.0,0.0,0.0,0.0,0.0,0.0,0.0,0.0,0.0,0.0,0.0,0.0,0.0,0.0,1.82897477732536,0.5582951090736748,252.32750278911224,304.176817080867,9319.84378595908,0.3288650883804583,0.05019308430715171,159.97248944203847,192.9512704683424,5870.724578506882,3.34815769385804,0.632682859761534,256.0990638644804,308.73656097371517,9555.237296313879,0.40857635574557329,0.0772064164296245,248.60660739573633,300.35502524153289,8844.23749349322,0.0,0.0,10.57139888102433,12.909560910469616,309.20218711018159,0.0,0.0,15.428602297832552,18.629879924414739,547.0853982606216,0.0,0.0,243.93054021626646,297.9300470899659,7130.816666920801,0.0,0.0,44.544136971757477,54.66824379165359,1176.4944948295388,0.0,0.0,210.11573838196626,255.14194166566439,6839.486410533891,33.99516225504435,23.31629784296593,337.46627197240016,409.6868623455982,12210.175894960214,0.0,0.0,202.219714805078,248.56170559461715,5186.83773157003,758.1356724932768,21.55592883582552,34.98288654174423,21.33333333333331,29.999999999999969,0.0,21.520504398607139,34.946501987396818,11.99999999999999,29.999999999999969,1116.2286799319523,21.58303503179367,33.55763046446498,21.333333333333316,29.999999999999969,0.0,20.943628540886225,34.893436088056677,15.999999999999983,29.999999999999969,0.0,17.695726719433457,44.577417077521719,11.99999999999999,29.999999999999969,0.0,20.900301159487765,39.30883588956728,11.99999999999999,29.999999999999969,0.0,17.694014667003534,44.47120125731538,9.99999999999999,29.999999999999969,0.0,16.253151798996869,48.78012214779969,11.99999999999999,29.999999999999969,983.290528069604,19.38690398332072,40.00636559676383,19.333333333333316,29.999999999999969,0.0,19.484053848331123,0.0,0.0,0.0,15.830894662783042,0.0,0.0,771.1661776738432,765.9900454355336,698.9674994405391,698.535295113295,773.6761190697864,1080.3806299813448,774.2917449367095,776.6065354016843,774.7456002474912,9976.027800139203,81.40856137721724,83.6893585799875,59.999999999999939,0.0,59.999999999999939,59.999999999999939,12.0,16.0,12.0,19.0,12.0,12.0,21.0,10.0,1.0,0.0,758.1356724932768,0.0,1116.2286799319523,0.0,0.0,0.0,0.0,983.290528069604,3451.773562866195,2071064.1377197197,2681700.4573102879,81.40856137721724,83.7280940882176,0.341725785428873,0.770218624245681,0.3602813740196592,83.7280940882176,0.3542647819438871,2681700.4573102879,0.14028842378013499 
 03/11  22:50:00,3.4450000000000005,91.83333333333333,3.4850000000000005,0.0,0.0,0.0,0.0,0.0,2.0,0.0,0.0,0.0,0.0,0.0,0.0,1260.0,0.0,0.0,0.0,0.0,0.0,0.0,0.0,0.0,0.0,0.0,0.0,21.484720422387583,-1254.031150569317,21.239741291845158,27.926649958559169,21.316548720034637,-1109.8642952261574,20.37433045308068,352.84485146824286,17.728141567186904,-6.961178981293193,20.444438220059277,-93.34239753930247,17.720644931848658,-28.853848570875344,16.337603319054815,-24.072973308600486,19.09386495706842,-1098.7216781087078,964.2244258311625,1823.6702430029819,0.0,0.0,0.0,0.0,0.0,0.0,0.0,0.0,0.0,0.0,0.0,0.0,0.0,0.0,0.0,0.0,0.0,0.0,0.0,0.0,0.0,0.0,1.8349461844039446,0.5601178829071876,234.67316196945684,282.47412486731596,8706.389283966437,0.3605179980862574,0.05502411448202957,111.42729272055593,134.06144010019393,4061.01799682758,3.2425998249777367,0.6127361725203592,245.20831443184268,295.1109898904419,9208.321629770118,0.40253058254978327,0.07606398007365523,246.67970242562564,297.6281526529613,8808.886229883945,0.0,0.0,11.163883684919341,13.621650046901705,327.3453422734494,0.0,0.0,16.5433253826881,19.972198091213767,581.2100791762321,0.0,0.0,277.95822055172797,339.19856324746857,8124.360247856499,0.0,0.0,46.04345118105531,56.46337457859452,1220.7826704157195,0.0,0.0,245.1893377028049,296.9907557794547,8197.197461446913,33.929504627912908,23.271265176895026,334.30998833552527,405.1011216535343,12102.306489290071,0.0,0.0,238.45928884843117,292.41345265932707,6309.27547907406,1493.053160329496,21.59294568111183,33.19669063962117,21.666666666666687,30.00000000000002,0.0,21.278150779966077,34.16594115670189,12.00000000000001,30.00000000000002,1914.1896733353318,21.707254962982604,33.10299210726326,21.666666666666687,30.00000000000002,0.0,20.93193672041788,35.02292887684329,16.000000000000015,30.00000000000002,0.0,17.67395942626317,44.56477773915513,12.00000000000001,30.00000000000002,0.0,20.676595776638565,38.86114368006942,12.00000000000001,30.00000000000002,0.0,17.627548224153274,44.39251729516673,10.000000000000007,30.00000000000002,0.0,16.2460510758459,48.85257036391322,12.00000000000001,30.00000000000002,1203.8251607204334,19.814848649038824,38.91337231225317,19.666666666666683,30.00000000000002,0.0,19.205111957665915,0.0,0.0,0.0,16.17294436943247,0.0,0.0,683.7079123128796,700.3108243420409,690.0327365347658,705.3885071131213,773.6242780475948,1048.7832712283885,765.9524229519763,782.0597059972354,776.1020803373972,8527.307480501044,82.3662668541415,84.86509162560361,60.00000000000004,0.0,60.00000000000004,60.00000000000004,12.0,16.0,12.0,19.0,12.0,12.0,21.0,10.0,1.0,0.0,1493.053160329496,0.0,1914.1896733353318,0.0,0.0,0.0,0.0,1203.8251607204334,3781.3792992271166,2268827.579536268,2949107.5884671325,82.3662668541415,84.90752996575199,0.35271264330757076,0.7679385030759254,0.3602813740196598,84.90752996575199,0.3542647819438878,2949107.5884671325,0.15415026126695756 
 03/11  23:00:00,3.39,92.0,3.49,0.0,0.0,0.0,0.0,0.0,2.0,0.0,0.0,0.0,0.0,0.0,0.0,1680.0,0.0,0.0,0.0,0.0,0.0,0.0,0.0,0.0,0.0,0.0,0.0,21.609819764220896,-1612.6131783558654,21.243510530200817,111.71527524002022,20.993496013146875,-255.72882061415113,20.382850955909427,153.9746864704457,17.711297364682119,-3.9861179432911628,20.31042325469909,-82.64031379757904,17.819469258014207,18.553817491509336,16.32712466850178,-44.00637663237342,18.94907116410247,-697.6178552420436,1090.4054186388844,1480.0582322396379,0.0,0.0,0.0,0.0,0.0,0.0,0.0,0.0,0.0,0.0,0.0,0.0,0.0,0.0,0.0,0.0,0.0,0.0,0.0,0.0,0.0,0.0,1.8498984892142155,0.5646820785147178,364.04121277630267,438.22444463399378,13644.493143360367,0.3588291693028026,0.054766356731196997,150.58355465663778,181.60875567758945,5510.71774476923,3.458043924322568,0.6534474535756933,230.13469721640105,277.785963398467,8461.520020072727,0.3963401276622054,0.07489420401780145,190.79261833963808,230.452639979523,6824.780938128342,0.0,0.0,11.14568155780834,13.606907130116398,327.68089699639247,0.0,0.0,14.81897875175163,17.912445078035757,517.5888548152955,0.0,0.0,240.3451813305237,293.30173767857198,7143.174452152185,0.0,0.0,45.00888294838109,55.210068013413657,1199.5875801365078,0.0,0.0,204.01064589290233,247.6120365550025,6689.727168395608,33.94901965463517,23.284649968885586,363.0211647052607,440.4029190076292,13183.094041885925,0.0,0.0,195.17166986389686,239.83550528317796,5027.166140564784,1850.5569125917496,21.791445226255374,32.58417447019781,22.0,30.0,0.0,21.357661121113958,33.67545377803787,12.0,30.0,0.0,21.202377729174786,33.82497663811218,21.0,30.0,0.0,20.919918223752356,34.593948146874669,16.0,30.0,0.0,17.65727847251327,44.43716485805831,12.0,30.0,0.0,20.509266649683153,38.591543337892428,12.0,30.0,0.0,17.832071175502997,43.29886877793266,10.0,30.0,0.0,16.260363660459857,48.71368548466841,12.0,30.0,1467.4379696792462,19.41280807027587,39.48709756298094,19.5,30.0,0.0,19.62866964584603,0.0,0.0,0.0,15.736926157811097,0.0,0.0,674.5163952271373,686.5528425060893,676.3904182443699,684.6580933074156,769.0750324901353,1028.4558246203283,746.4648547180609,781.2598997462453,757.9045779830065,9760.370629324147,81.55116248286366,83.32186853888094,60.0,0.0,60.0,60.0,12.0,16.0,12.0,19.0,12.0,12.0,21.0,10.0,1.0,0.0,1850.5569125917496,0.0,0.0,0.0,0.0,0.0,0.0,1467.4379696792462,2679.7051573194978,1607823.0943916985,2083607.6725779873,81.55116248286366,83.35194100605279,0.34432350524398327,0.771658858045212,0.36028137401965956,83.35194100605279,0.3542647819438875,2083607.6725779873,0.10910093230738868 
 03/11  23:10:00,3.3466666666666669,92.16666666666667,3.4683333333333339,0.0,0.0,0.0,0.0,0.0,2.0,0.0,0.0,0.0,0.0,0.0,0.0,2520.0,0.0,0.0,0.0,0.0,0.0,0.0,0.0,0.0,0.0,0.0,0.0,21.019171515278928,-346.1486054434345,21.054710736885036,-451.3339340374582,20.662518891349479,-148.46549886858166,20.2355088863529,69.60185514527832,17.695993371631624,-5.198685976233775,20.207661681508648,-66.87303185495505,17.710652601707755,-112.09303363258715,16.276900340260786,-43.24753055063505,18.71063175733355,-628.5680594486495,740.9571786470511,1485.591348725168,0.0,0.0,0.0,0.0,0.0,0.0,0.0,0.0,0.0,0.0,0.0,0.0,0.0,0.0,0.0,0.0,0.0,0.0,0.0,0.0,0.0,0.0,1.8239429875739213,0.5567591537160932,204.7333267304424,247.5504113377869,7378.007193686694,0.3345571765785903,0.051061840137147488,129.21456551283274,156.0908926920741,4671.255354449144,3.3402219917863738,0.6311832939883549,137.80576172357039,166.60898999065805,5034.471850474311,0.3705062085680098,0.07001251106727317,135.31483766512447,163.68158639705553,4789.818019947801,0.0,0.0,9.885150993809776,12.074519321005936,291.1999899575112,0.0,0.0,14.59048842335168,17.65147027745331,507.5850286239561,0.0,0.0,233.92854296108824,285.79068526562886,6879.055851476798,0.0,0.0,43.406242880537309,53.28299406801424,1155.6744812605739,0.0,0.0,203.73306725267268,247.6002820068191,6595.329566660714,33.45895397888287,22.94852810622968,185.0449710212956,225.34525348922888,6939.953669496887,0.0,0.0,197.30736460175627,242.67340261290185,5047.520854526085,0.0,20.859392862185549,34.30124483906164,21.999999999999994,30.0,0.0,21.03523552169585,33.67315499817593,11.999999999999997,30.0,0.0,20.831609695335748,34.38530801824695,21.833333333333326,30.0,0.0,20.66372411557211,34.882696792652598,11.999999999999997,30.0,0.0,17.643058226614575,44.19444699418981,11.999999999999997,30.0,0.0,20.392738606967943,38.27711837482234,11.999999999999997,30.0,0.0,17.613120073195839,43.53807242292972,9.999999999999999,30.0,0.0,16.201433145515105,48.45044430544282,11.999999999999997,30.0,0.0,19.12213661866415,39.8080524002732,19.33333333333333,30.0,0.0,18.560129545166377,0.0,0.0,0.0,15.645815445555563,0.0,0.0,667.4837805229511,654.4246578752254,668.3299779668589,674.1680512059895,759.9628595741535,1014.2831679542882,734.9208477761333,767.3545962870485,744.729583077219,0.0,80.0928387327686,80.0928387327686,60.0,0.0,60.0,60.0,12.0,12.0,12.0,19.0,12.0,12.0,21.0,10.0,0.0,0.0,0.0,0.0,0.0,0.0,0.0,0.0,0.0,0.0,0.0,0.0,0.0,80.0928387327686,80.0928387327686,0.0,0.0,0.0,80.0928387327686,0.0,0.0,0.00071 
 03/11  23:20:00,3.3033333333333338,92.33333333333334,3.446666666666667,0.0,0.0,0.0,0.0,0.0,2.0,0.0,0.0,0.0,0.0,0.0,0.0,1260.0,0.0,0.0,0.0,0.0,0.0,0.0,0.0,0.0,0.0,0.0,0.0,20.62056242041151,-197.42404966513147,20.69907003946728,-454.4564554143098,20.31751555931228,-301.9406379147915,20.045979255725216,-26.43437116756276,17.677493882412795,-6.299820285108218,20.12333020577222,-57.80712658856009,17.589853511093247,-96.30428158825086,16.227141595708738,-64.85159027141518,18.184202175050598,-273.88807665284119,752.4280637494601,1208.3571897560633,0.0,0.0,0.0,0.0,0.0,0.0,0.0,0.0,0.0,0.0,0.0,0.0,0.0,0.0,0.0,0.0,0.0,0.0,0.0,0.0,0.0,0.0,1.8098486168137012,0.5524568427392249,224.5749975220105,271.52309589619918,7821.892792513856,0.3285441872630209,0.050144106725125297,129.54447259970085,156.5999185841671,4523.656188381843,3.1938477749689508,0.6035237670009356,142.41552350518138,172.26043858524185,5025.147180713777,0.346650099896824,0.06550455402434313,80.78127767385641,97.76158744920909,2821.8087495266315,0.0,0.0,8.81943803419408,10.766478332926948,260.2529987947569,0.0,0.0,13.66950475802238,16.531505050749997,474.159191796683,0.0,0.0,194.15220619513875,237.22235141006946,5655.923472174458,0.0,0.0,39.34241213499214,48.27164538070351,1046.2491346837742,0.0,0.0,164.89456822326754,200.88296966340156,5079.098858614775,33.07192679521805,22.683077362975344,219.93792577379493,267.3941613042159,7942.596206674896,0.0,0.0,159.45775542448906,196.42785573122735,3903.6468642756019,0.0,20.271343915993289,35.19764984706135,21.999999999999994,29.999999999999998,0.0,20.454127255860138,34.3408037933783,11.999999999999997,29.999999999999998,0.0,20.269673954766036,35.063068176115127,21.999999999999994,29.999999999999998,0.0,20.328654017453084,35.30626482956137,11.999999999999997,29.999999999999998,0.0,17.622368715168709,43.94034051926753,11.999999999999997,29.999999999999998,0.0,20.29293438652227,37.910784134070919,11.999999999999997,29.999999999999998,0.0,17.42560743939805,43.642181342489447,9.999999999999999,29.999999999999998,0.0,16.138361498348624,48.222283783897989,11.999999999999997,29.999999999999998,0.0,18.26822797268967,41.68853622750308,19.999999999999998,29.999999999999998,0.0,18.510222059740629,0.0,0.0,0.0,15.014842014298729,0.0,0.0,651.3170082043757,629.1882270356281,645.3317760417676,661.6506606224887,749.8296900190833,1002.1153944066812,720.8467784253671,755.1795386631095,733.9239008372298,0.0,80.0928387327686,80.0928387327686,59.99999999999999,0.0,59.99999999999999,59.99999999999999,12.0,12.0,12.0,19.0,12.0,12.0,21.0,10.0,0.0,0.0,0.0,0.0,0.0,0.0,0.0,0.0,0.0,0.0,0.0,0.0,0.0,80.0928387327686,80.0928387327686,0.0,0.0,0.0,80.0928387327686,0.0,0.0,0.0006900000000000001 
 03/11  23:30:00,3.26,92.5,3.425,0.0,0.0,0.0,0.0,0.0,2.0,0.0,0.0,0.0,0.0,0.0,0.0,1260.0,0.0,0.0,0.0,0.0,0.0,0.0,0.0,0.0,0.0,0.0,0.0,20.33677437012601,-220.92633318132594,20.398911570084203,-386.45838501038579,19.954313751592069,-190.79519828569353,19.798469069495817,-172.76682559021396,17.658239978888873,-6.950247604579684,20.05358705042555,-55.30536331601513,17.43135757045691,-165.5840477732229,16.130492375633055,-112.30240879596548,17.931348085147517,-204.8532812313693,757.051710113876,953.2331465084851,0.0,0.0,0.0,0.0,0.0,0.0,0.0,0.0,0.0,0.0,0.0,0.0,0.0,0.0,0.0,0.0,0.0,0.0,0.0,0.0,0.0,0.0,1.7448986083368572,0.5326308328256584,323.3075522084506,391.8252210954469,11043.311872461483,0.3063934874183269,0.04676335278057491,176.36444394217447,213.68868092114264,6033.374745463541,3.142259252246709,0.5937753689052738,255.9604397532632,310.5865669653105,8703.601359339204,0.33166913794781668,0.06267368441946644,139.14353709665603,168.74089964564232,4750.7926760754039,0.0,0.0,7.567450256991439,9.236524362347314,223.67904518854693,0.0,0.0,13.267213268819117,16.048663072564549,459.48084359025776,0.0,0.0,160.74014948005803,196.52199511766407,4610.594155139572,0.0,0.0,35.57961051019188,43.67339433006615,938.6142353121811,0.0,0.0,132.53167554882018,161.60693959789439,3996.6975011055485,32.41383898134809,22.231713978976744,401.263788950394,488.49952327085568,13716.805158924855,0.0,0.0,127.46954898067586,157.3043229669555,2972.5033156877,0.0,19.870952012187759,35.53448535658387,21.999999999999994,29.99999999999999,0.0,20.00607918473919,34.6887193621543,11.999999999999995,29.99999999999999,0.0,19.69895726401079,35.78270024851537,21.999999999999994,29.99999999999999,0.0,19.899668036245527,35.608599096137229,11.999999999999995,29.99999999999999,0.0,17.602489800629824,43.627921620824888,11.999999999999995,29.99999999999999,0.0,20.219905083615843,37.46537100081066,11.999999999999995,29.99999999999999,0.0,17.15803834856095,43.664420139714817,9.999999999999997,29.99999999999999,0.0,15.987242908058935,48.17500711811068,11.999999999999995,29.99999999999999,0.0,17.91182287891584,41.9557843573721,19.999999999999994,29.99999999999999,0.0,18.60175237989924,0.0,0.0,0.0,14.430374595977704,0.0,0.0,628.4327505753253,603.3822031737306,622.707204304597,634.4791099639571,737.4228829696937,988.34436958429,697.4547145058584,742.2566021931832,709.9143714297684,0.0,80.0928387327686,80.0928387327686,59.99999999999998,0.0,59.99999999999998,59.99999999999998,12.0,12.0,12.0,19.0,12.0,12.0,21.0,10.0,0.0,0.0,0.0,0.0,0.0,0.0,0.0,0.0,0.0,0.0,0.0,0.0,0.0,80.0928387327686,80.0928387327686,0.0,0.0,0.0,80.0928387327686,0.0,0.0,0.00067 
 03/11  23:40:00,3.216666666666667,92.66666666666667,3.4033333333333335,0.0,0.0,0.0,0.0,0.0,2.0,0.0,0.0,0.0,0.0,0.0,0.0,840.0,0.0,0.0,0.0,0.0,0.0,0.0,0.0,0.0,0.0,0.0,0.0,20.190183515011463,-109.34331145318174,20.243577175672017,-322.6616199978462,19.843389360898443,-159.46685884996806,19.577621496205823,-105.09265066651051,17.635902169484454,-8.079636544337547,19.98015378861234,-59.606782428804908,17.319792926677065,-123.88337975945842,16.037544860068317,-106.29512159255319,17.74227119510276,-170.77644223034759,650.3864253044012,965.7929488180369,0.0,0.0,0.0,0.0,0.0,0.0,0.0,0.0,0.0,0.0,0.0,0.0,0.0,0.0,0.0,0.0,0.0,0.0,0.0,0.0,0.0,0.0,1.7307749424913086,0.5283195795150515,146.63052912852306,177.66113658005808,5008.751362267854,0.31790965419773467,0.04852100949293874,112.81029813261583,136.61585742418789,3838.523543988,3.124255083787918,0.5903732206704307,188.85876903029186,228.95394320964594,6443.934618578254,0.3365813292863931,0.06360191407528213,137.7772129169651,166.97501702700238,4613.917954019807,0.0,0.0,7.866066709565674,9.595725393090186,232.85867091377123,0.0,0.0,13.175722539168359,15.932420951256902,455.4139898849658,0.0,0.0,163.4812967721196,199.86413019491483,4655.116556710866,0.0,0.0,35.030191572405488,42.989985636837577,918.0961666284879,0.0,0.0,133.35011228913423,162.65518649627519,3968.5887826500936,32.31437874623245,22.163497082463964,216.5245473048086,263.7559304264193,7646.220599595038,0.0,0.0,127.93941731420949,157.87639594051888,2959.255367229436,0.0,19.741778266427845,35.43056458902722,22.0,30.0,0.0,19.82970392829825,34.945132275298188,12.0,30.0,0.0,19.611547134635097,35.86822250783653,22.0,30.0,0.0,19.555100090975388,35.98218303146903,12.0,30.0,0.0,17.578833999989095,43.26883533776824,12.0,30.0,0.0,20.137259710173248,37.093039135549059,12.0,30.0,0.0,17.003463014309149,43.8001866909705,10.0,30.0,0.0,15.853847283990543,48.18207282404917,12.0,30.0,0.0,17.658628871337386,42.3210812548728,20.0,30.0,0.0,18.178537465291055,0.0,0.0,0.0,14.292240996869808,0.0,0.0,612.8120657961472,598.6711370659377,618.9120178862279,618.0018582992994,723.0691981665514,974.6517466534381,687.7813765433099,731.1321075302069,699.3972101549452,0.0,80.09283873276863,80.09283873276863,60.0,0.0,60.0,60.0,12.0,12.0,12.0,19.0,12.0,12.0,21.0,10.0,0.0,0.0,0.0,0.0,0.0,0.0,0.0,0.0,0.0,0.0,0.0,0.0,0.0,80.09283873276863,80.09283873276863,0.0,0.0,0.0,80.09283873276863,0.0,0.0,0.00065 
 03/11  23:50:00,3.1733333333333335,92.83333333333333,3.3816666666666665,0.0,0.0,0.0,0.0,0.0,2.0,0.0,0.0,0.0,0.0,0.0,0.0,1260.0,0.0,0.0,0.0,0.0,0.0,0.0,0.0,0.0,0.0,0.0,0.0,20.048254401888689,-169.54130792405034,20.095358671702909,-345.45129617095486,19.704684079851675,-106.71000511150905,19.492278102720989,-73.6394314097493,17.612286708912927,-9.261305146220487,19.914457066756687,-59.79619989548823,17.273251104216553,-111.59738880830546,15.961745642475237,-115.68807147158856,17.61369472902139,-148.88887816663599,490.47035804858367,884.8231790817995,0.0,0.0,0.0,0.0,0.0,0.0,0.0,0.0,0.0,0.0,0.0,0.0,0.0,0.0,0.0,0.0,0.0,0.0,0.0,0.0,0.0,0.0,1.7086801090342845,0.5215751248578406,132.43811763851026,160.70345314651156,4499.278004939739,0.31676676411564588,0.04834657571972621,92.3967053246315,112.06077820643358,3122.731573722115,3.109369477940243,0.5875603699811501,111.84672433686693,135.72996607601258,3831.5009042563035,0.3343566276711853,0.06318152450324743,75.26398622737995,91.30552200622008,2519.441032192167,0.0,0.0,7.857853437137914,9.593679489864652,232.9194487419577,0.0,0.0,12.878769578462464,15.588243514808657,444.56005665372836,0.0,0.0,151.92514472986327,185.89995760970258,4327.400890603585,0.0,0.0,34.7096983987713,42.640822845191227,905.9100247356198,0.0,0.0,121.59793203185238,148.5050147482936,3593.912325412688,32.10114488559078,22.01724614923924,126.12120968134042,154.01426923669244,4699.867120787025,0.0,0.0,116.19117012059462,143.6066530517359,2640.610304560667,0.0,19.57954323336029,35.51284908671844,22.000000000000019,30.00000000000002,0.0,19.653014627012575,35.016385562424009,12.00000000000001,30.00000000000002,0.0,19.46253322483205,35.90309393566117,22.000000000000019,30.00000000000002,0.0,19.468439061244916,36.077537685463,12.00000000000001,30.00000000000002,0.0,17.55522707527816,42.980026644820288,12.00000000000001,30.00000000000002,0.0,20.070227952670245,36.83430418613962,12.00000000000001,30.00000000000002,0.0,16.964605834320556,43.42458917438891,10.000000000000007,30.00000000000002,0.0,15.75562157324385,48.08860015323114,12.00000000000001,30.00000000000002,0.0,17.510557953724253,42.30806014522714,20.000000000000015,30.00000000000002,0.0,17.607146560165416,0.0,0.0,0.0,14.046966028120203,0.0,0.0,602.1188651150775,586.1238800424064,607.9158610876672,615.0697298652569,711.0724356150969,965.555684474735,671.6960792833361,720.1058199754813,684.7481914392957,0.0,80.09283873276869,80.09283873276869,60.00000000000004,0.0,60.00000000000004,60.00000000000004,12.0,12.0,12.0,19.0,12.0,12.0,21.0,10.0,0.0,0.0,0.0,0.0,0.0,0.0,0.0,0.0,0.0,0.0,0.0,0.0,0.0,80.09283873276869,80.09283873276869,0.0,0.0,0.0,80.09283873276869,0.0,0.0,0.0006366666666666667 
 03/11  24:00:00,3.13,93.0,3.36,0.0,0.0,0.0,0.0,0.0,2.0,0.0,0.0,0.0,0.0,0.0,0.0,1260.0,0.0,0.0,0.0,0.0,0.0,0.0,0.0,0.0,0.0,0.0,0.0,19.83861070575419,-234.7368521254007,19.88707940097082,-425.5072921563303,19.461327405903729,-238.79177900979057,19.35749365768816,-138.9247302829615,17.586751042758583,-9.294984880324164,19.84992187613937,-56.44683906172203,17.16706468165834,-173.62409875052328,15.87462098990211,-127.5458065511065,17.508206493716835,-140.3154044619195,652.2607735778349,852.7873466460353,0.0,0.0,0.0,0.0,0.0,0.0,0.0,0.0,0.0,0.0,0.0,0.0,0.0,0.0,0.0,0.0,0.0,0.0,0.0,0.0,0.0,0.0,1.699770568394972,0.5188554848580506,354.12819285351505,430.1211559423259,11786.27285965318,0.2952745819523449,0.04506632813680482,197.44394947178487,239.8052881594545,6554.255068907281,3.0323886904166814,0.573013735906403,248.44126484969417,302.12475053020025,8209.409627793344,0.31827048325235676,0.06014181467353683,118.65455497581587,144.2088740285735,3932.8845472193636,0.0,0.0,7.299657035368595,8.91213691321904,216.65551021149219,0.0,0.0,13.129581873522238,15.89617571964191,452.7126879200381,0.0,0.0,141.01920685568229,172.62888069283756,3983.980174112443,0.0,0.0,34.416032202152447,42.299414683038808,893.2173017155155,0.0,0.0,114.54802075666734,139.93432219048357,3368.907608530125,31.777533962570148,21.79529078365582,417.2431783025446,508.89099398009616,13878.157374957591,0.0,0.0,110.92729724691302,137.17315113691584,2488.541454835834,0.0,19.28391529943977,35.72950295787897,22.000000000000019,30.00000000000002,0.0,19.354039994185496,35.29003823246852,12.00000000000001,30.00000000000002,0.0,19.088571210611769,36.16242576191259,22.000000000000019,30.00000000000002,0.0,19.27522513177993,35.786535816598398,12.00000000000001,30.00000000000002,0.0,17.530220633769554,42.57122721273873,12.00000000000001,30.00000000000002,0.0,20.005030222203918,36.440355997706458,12.00000000000001,30.00000000000002,0.0,16.802478988513849,43.18313524788116,10.000000000000007,30.00000000000002,0.0,15.637174156289185,47.78062305697344,12.00000000000001,30.00000000000002,0.0,17.39405486851414,41.92162610779516,20.000000000000015,30.00000000000002,0.0,18.098668764074956,0.0,0.0,0.0,13.854581362259001,0.0,0.0,584.9116308117455,572.4757850614512,585.153686896765,586.5913378771875,694.8631496989776,948.7408185022059,650.4832939302697,701.517736499082,662.1335335358607,0.0,80.09283873276869,80.09283873276869,60.00000000000004,0.0,60.00000000000004,60.00000000000004,12.0,12.0,12.0,19.0,12.0,12.0,21.0,10.0,0.0,0.0,0.0,0.0,0.0,0.0,0.0,0.0,0.0,0.0,0.0,0.0,0.0,80.09283873276869,80.09283873276869,0.0,0.0,0.0,80.09283873276869,0.0,0.0,0.0006233333333333334 
 03/12  00:10:00,3.0983333333333338,93.16666666666667,3.326666666666666,0.0,0.0,0.0,0.0,0.0,2.0,2.0,0.0,0.0,0.0,0.0,0.0,1260.0,0.0,0.0,0.0,0.0,0.0,0.0,0.0,0.0,0.0,0.0,0.0,19.65128596971079,-172.657336371711,19.800269627620609,-319.66842553329766,19.390438839534047,-156.89111557500218,19.22869807295723,-121.74521262129959,17.56190446138246,-4.772198982392477,19.788314802447258,-51.10967037408557,17.344515180328459,142.00800851044478,15.754776079496532,-183.6595229289013,17.51753939323088,-33.33891711588245,540.7575095882033,451.9300624093448,0.0,0.0,0.0,0.0,0.0,0.0,0.0,0.0,0.0,0.0,0.0,0.0,0.0,0.0,0.0,0.0,0.0,0.0,0.0,0.0,0.0,0.0,1.6862557971398067,0.5147300968070229,199.18665085243283,242.1347819258182,6558.117805728896,0.30555012937464179,0.04663463513043984,128.45637084837336,155.95827208027328,4260.870203652854,3.0068005002448858,0.568178476992609,116.39341066058133,141.4571946118047,3904.3734320944724,0.32306789582444198,0.061048355220038149,119.98571319048486,145.80244355760707,3943.9124313929899,0.0,0.0,7.026218648859464,8.579820759450442,208.6889003216483,0.0,0.0,12.789109301501134,15.48705001880095,440.2565066128444,0.0,0.0,75.18478127332702,91.92684481427918,2190.947368281563,0.0,0.0,38.62311737356908,47.502624782250119,991.0001698632756,0.0,0.0,14.727218657724368,17.983934700682349,436.45435857205958,31.63048916217398,21.69443701109327,216.7484971431615,264.61993103644718,7484.574107327843,0.0,0.0,48.96389629250096,60.699367960049737,1036.4944958369327,0.0,19.05048224591748,35.67401380277229,22.0,30.0,0.0,19.306792548162727,34.90840796021411,12.0,30.0,0.0,19.0663782101145,35.87561638113581,22.0,30.0,0.0,19.10708365850463,35.73405695348471,12.0,30.0,0.0,17.50867128265773,42.03557560631215,12.0,30.0,0.0,19.9437968939062,36.018775244565059,12.0,30.0,0.0,17.225904054629994,40.937144164679867,10.0,30.0,0.0,15.455520337576111,47.56362891937249,12.0,30.0,0.0,17.471098208580718,41.511711028230667,20.0,30.0,0.0,17.69260657420019,0.0,0.0,0.0,13.195109214109749,0.0,0.0,562.707268396894,553.5441874818936,574.5399684888819,572.5536330834426,673.182582968539,931.8300827660423,604.9380513688163,684.701005709765,717.4575077596387,0.0,80.09283873276863,80.09283873276863,60.0,0.0,60.0,60.0,12.0,12.0,12.0,19.0,12.0,12.0,21.0,10.0,0.0,0.0,0.0,0.0,0.0,0.0,0.0,0.0,0.0,0.0,0.0,0.0,0.0,80.09283873276863,80.09283873276863,0.0,0.0,0.0,80.09283873276863,0.0,0.0,0.0006100000000000001 
 03/12  00:20:00,3.066666666666667,93.33333333333334,3.2933333333333336,0.0,0.0,0.0,0.0,0.0,2.0,2.0,0.0,0.0,0.0,0.0,0.0,420.0,0.0,0.0,0.0,0.0,0.0,0.0,0.0,0.0,0.0,0.0,0.0,19.563352765792304,-197.5526778697058,19.67478300228091,-304.50429729581676,19.345299126747656,-34.685039050767958,19.104986387839774,-124.47086114477452,17.536300522511377,-2.3303827170585125,19.72240523912708,-47.46033686829264,17.56618869668806,79.15997928820343,15.612976003057249,-177.9782426860852,17.573508538406153,-39.8908797084423,481.5443618241934,505.6775617249491,0.0,0.0,0.0,0.0,0.0,0.0,0.0,0.0,0.0,0.0,0.0,0.0,0.0,0.0,0.0,0.0,0.0,0.0,0.0,0.0,0.0,0.0,1.683892376346179,0.514008661888333,151.1409327402688,183.23571197915545,4981.346307778881,0.31274258060115908,0.047732384096636,84.37730377662335,102.23510936076944,2791.2215149441778,3.095692965703485,0.584975995030893,144.47628358991393,175.0766995481734,4840.651971184157,0.32768517336869498,0.06192085664563395,42.070514586702177,51.00918567558916,1379.0504558625337,0.0,0.0,6.8341496118478679,8.32383092331739,203.19723474871857,0.0,0.0,12.304484732506527,14.864904186156784,422.8216185823472,0.0,0.0,79.11013081586744,96.3296165402616,2376.9911839376179,0.0,0.0,41.45494141163862,50.88561820666581,1049.0929322316907,0.0,0.0,14.149855904634278,17.22725151987518,424.1002059063417,31.59683153779805,21.671352220711975,145.5995699777641,177.46748606398396,5236.427804622111,0.0,0.0,51.76948776058765,64.05170827372746,1078.7344265751263,0.0,18.977235404008085,35.41672018035811,22.0,30.0,0.0,19.164912242901705,34.737520676899269,12.0,30.0,0.0,19.08385460057092,35.581771216537919,22.0,30.0,0.0,18.941559708755095,35.60789530217121,12.0,30.0,0.0,17.486347764203967,41.367626034127479,12.0,30.0,0.0,19.872513346828169,35.518622354706128,12.0,30.0,0.0,17.647596366262076,39.44399374000034,10.0,30.0,0.0,15.241867371036245,47.55149958600134,12.0,30.0,0.0,17.6088098520143,40.95419674468558,20.0,30.0,0.0,17.424409244890627,0.0,0.0,0.0,12.996454114606284,0.0,0.0,545.9495281868226,534.2377485745064,565.0138198516057,557.7034653890986,646.205087450394,914.4194121547113,590.3070368724121,669.2474765843565,796.5151585415415,0.0,80.09283873276863,80.09283873276863,60.0,0.0,60.0,60.0,12.0,12.0,12.0,19.0,12.0,12.0,21.0,10.0,0.0,0.0,0.0,0.0,0.0,0.0,0.0,0.0,0.0,0.0,0.0,0.0,0.0,80.09283873276863,80.09283873276863,0.0,0.0,0.0,80.09283873276863,0.0,0.0,0.00061 
 03/12  00:30:00,3.035,93.5,3.26,0.0,0.0,0.0,0.0,0.0,2.0,2.0,0.0,0.0,0.0,0.0,0.0,840.0,0.0,0.0,0.0,0.0,0.0,0.0,0.0,0.0,0.0,0.0,0.0,19.489149657622837,-192.96911570784233,19.600411794547527,-235.49664702685869,19.166811319202357,-216.62247454171985,19.03633407648077,-136.8965499801452,17.51126257294179,-4.227954705751102,19.673968834929803,-41.47896630088587,17.574163833501375,28.571936734767179,15.509005654630905,-205.1720366304902,17.578057723764596,-45.87073934985054,591.6955396785797,583.9996341726078,0.0,0.0,0.0,0.0,0.0,0.0,0.0,0.0,0.0,0.0,0.0,0.0,0.0,0.0,0.0,0.0,0.0,0.0,0.0,0.0,0.0,0.0,1.6914362278726212,0.5163114248695425,191.31284896387604,232.37442521631295,6284.547929901875,0.31383581292243825,0.047899238846525988,75.98319238464876,92.34756930593629,2507.266122255144,3.1112711440712168,0.5879197173226034,224.47220427649234,272.6365785445907,7366.031406890641,0.3269106212404238,0.06177449380960387,125.46760718874937,152.4141812789594,4082.4464329868108,0.0,0.0,6.66984672889702,8.140122636952374,198.40975379380004,0.0,0.0,11.830194980330753,14.322499041458265,406.29222965063146,0.0,0.0,80.05562887621673,97.66237578114368,2410.333417526168,0.0,0.0,46.13374394959027,56.76826935442901,1157.4741450845527,0.0,0.0,13.002532259966735,15.858537788999998,391.2707196154752,31.512609515745696,21.613586773488139,262.99299220391915,320.73703236198255,8906.63075659414,0.0,0.0,56.97478072015234,70.64433574540866,1183.6716871719703,0.0,18.943430025482177,35.37870395499793,22.0,30.0,0.0,19.11675137829433,34.91393545763612,12.0,30.0,0.0,18.812593436681813,35.8369071942203,22.0,30.0,0.0,18.884307925556294,35.72457019680121,12.0,30.0,0.0,17.466189372164736,41.08024847521712,12.0,30.0,0.0,19.835355563346867,35.29047842256553,12.0,30.0,0.0,17.65097873260011,39.18325629168868,10.0,30.0,0.0,15.104977887542596,47.38828957024817,12.0,30.0,0.0,17.641863380549674,40.73165628244493,20.0,30.0,0.0,17.749794471872307,0.0,0.0,0.0,12.936553103698462,0.0,0.0,543.437289952475,539.078678548609,552.2135751401061,557.617708037447,634.7751757761356,911.8815227439898,584.4383732015709,654.5998037226971,828.0212021006805,0.0,80.09283873276863,80.09283873276863,60.0,0.0,60.0,60.0,12.0,12.0,12.0,19.0,12.0,12.0,21.0,10.0,0.0,0.0,0.0,0.0,0.0,0.0,0.0,0.0,0.0,0.0,0.0,0.0,0.0,80.09283873276863,80.09283873276863,0.0,0.0,0.0,80.09283873276863,0.0,0.0,0.00061 
 03/12  00:40:00,3.0033333333333336,93.66666666666667,3.2266666666666667,0.0,0.0,0.0,0.0,0.0,2.0,2.0,0.0,0.0,0.0,0.0,0.0,840.0,0.0,0.0,0.0,0.0,0.0,0.0,0.0,0.0,0.0,0.0,0.0,19.297486210517854,-143.40969005205535,19.560079203698593,-330.10793291910889,19.082388222379714,-236.10446660467097,18.89527799618969,-105.20433381189878,17.481385300786504,-3.7864396349268789,19.619883194380834,-37.23882885703725,17.53700189379478,-22.637727025643927,15.389010068820229,-210.5828997133765,17.57262483790001,-55.91692097974209,632.1052186720399,612.0174541409364,0.0,0.0,0.0,0.0,0.0,0.0,0.0,0.0,0.0,0.0,0.0,0.0,0.0,0.0,0.0,0.0,0.0,0.0,0.0,0.0,0.0,0.0,1.6893958444215463,0.5156885971982742,357.58400436692059,434.5557063961154,11576.658657944958,0.29256900571515889,0.04465338915066528,185.9518451521761,225.5856040048297,6117.018460429839,3.0668257849258415,0.5795211233797888,296.17728779541769,360.01277160086058,9656.357925001575,0.32556761074817017,0.0615207125374471,149.26344507581303,181.45178208724244,4809.896298126033,0.0,0.0,6.283851909562701,7.672431808929236,186.9824582043458,0.0,0.0,11.725314993593756,14.197853438547118,402.29772385055795,0.0,0.0,76.42733695652143,93.27925415323503,2296.9974423969745,0.0,0.0,48.53806100195652,59.766881094387098,1205.1836165883538,0.0,0.0,15.17429635271559,18.51012926488464,457.96010844501697,31.309055207200076,21.47397476488346,459.27649424767847,559.7987049326159,14987.187695189417,0.0,0.0,59.24599507009884,73.48684747473263,1224.650863980963,0.0,18.67649488886093,35.80966771245147,22.0,30.0,0.0,19.119013592040859,34.77286837039793,12.0,30.0,0.0,18.745698809565483,35.6876026314918,22.0,30.0,0.0,18.68646766099211,35.84734566202751,12.0,30.0,0.0,17.438315882565587,40.681137660126427,12.0,30.0,0.0,19.785667270674275,35.005178804611208,12.0,30.0,0.0,17.584534863710048,38.92469780275792,10.0,30.0,0.0,14.941171175958417,47.08484053133637,12.0,30.0,0.0,17.655658899853806,40.29627453161132,20.0,30.0,0.0,17.874202608530255,0.0,0.0,0.0,12.852817526835264,0.0,0.0,539.2696415996309,535.4539195643231,542.3895870116809,546.6323246348009,620.0643480883537,906.7412926491787,574.8196630057992,639.094576665542,841.1790837203214,0.0,80.09283873276863,80.09283873276863,60.0,0.0,60.0,60.0,12.0,12.0,12.0,19.0,12.0,12.0,21.0,10.0,0.0,0.0,0.0,0.0,0.0,0.0,0.0,0.0,0.0,0.0,0.0,0.0,0.0,80.09283873276863,80.09283873276863,0.0,0.0,0.0,80.09283873276863,0.0,0.0,0.00061 
 03/12  00:50:00,2.9716666666666669,93.83333333333334,3.1933333333333335,0.0,0.0,0.0,0.0,0.0,2.0,2.0,0.0,0.0,0.0,0.0,0.0,840.0,0.0,0.0,0.0,0.0,0.0,0.0,0.0,0.0,0.0,0.0,0.0,19.292915643004233,-262.1062585112113,19.392537610362326,-239.38900338603254,18.92111247735181,-97.68906724055114,18.857687103719536,-155.41692906513118,17.4498130048606,-4.611354584753812,19.56666987018388,-41.19264143334601,17.471051513563226,0.493054840889954,15.284502224218178,-212.03879410710864,17.555550769339424,-61.97153364198249,605.0611832277264,624.744811872658,0.0,0.0,0.0,0.0,0.0,0.0,0.0,0.0,0.0,0.0,0.0,0.0,0.0,0.0,0.0,0.0,0.0,0.0,0.0,0.0,0.0,0.0,1.6760589457802838,0.5116175048169365,281.0685129186956,341.60910411901946,9118.205973223921,0.3019505180925466,0.04608524390911884,140.36239490739565,170.68053863440279,4576.723639754302,3.1526084106131897,0.5957309921793632,265.3661488288048,322.52802927925998,8593.461473434094,0.32685595161663119,0.06176416319286302,152.5773989062887,185.45689887019828,4918.743825452346,0.0,0.0,6.591800154351862,8.045632151449619,196.17274521569434,0.0,0.0,11.726965107562574,14.202233284025916,401.9772748829989,0.0,0.0,80.60152711931326,98.38042763157779,2410.215591635849,0.0,0.0,49.632901001241069,61.141716121424227,1222.4580546125888,0.0,0.0,16.680274759828135,20.34335250055713,504.24555446597597,31.235116115744185,21.423262082129079,377.2585219561811,460.0107212989691,12412.901865006654,0.0,0.0,60.27498458854802,74.78678408897471,1237.5408665688574,0.0,18.74167362800594,35.340337807985459,22.0,30.0,0.0,18.89093773210639,34.943611171306589,12.0,30.0,0.0,18.537849238659687,35.89571618011978,22.0,30.0,0.0,18.677195514725385,35.71798146163826,12.0,30.0,0.0,17.408439210690735,40.365415291735377,12.0,30.0,0.0,19.736691385985105,34.71598411972448,12.0,30.0,0.0,17.48015998829326,38.83660043393102,10.0,30.0,0.0,14.809044801298917,47.00107494037884,12.0,30.0,0.0,17.648564578976818,39.88310371041675,20.0,30.0,0.0,17.75378694293113,0.0,0.0,0.0,12.751879225580682,0.0,0.0,529.3215879422527,524.0880576236464,534.4613356837606,543.4131704138142,609.1325514244413,897.0316386911334,568.5528490602451,638.5561531367323,842.6714682982724,0.0,80.09283873276863,80.09283873276863,60.0,0.0,60.0,60.0,12.0,12.0,12.0,19.0,12.0,12.0,21.0,10.0,0.0,0.0,0.0,0.0,0.0,0.0,0.0,0.0,0.0,0.0,0.0,0.0,0.0,80.09283873276863,80.09283873276863,0.0,0.0,0.0,80.09283873276863,0.0,0.0,0.0005966666666666667 
 03/12  01:00:00,2.94,94.0,3.16,0.0,0.0,0.0,0.0,0.0,2.0,2.0,0.0,0.0,0.0,0.0,0.0,840.0,0.0,0.0,0.0,0.0,0.0,0.0,0.0,0.0,0.0,0.0,0.0,19.100722920478018,-107.246806258182,19.372629440160169,-328.9770153575523,18.884393356501954,-224.0497594301387,18.729922604422805,-98.50144934063246,17.416670844651344,-3.487805694477345,19.507625943456668,-40.12160373200348,17.431216979512258,-38.95207658000595,15.189191674350463,-212.18220148347883,17.531090457580647,-64.5322275506395,597.1095213305925,631.155934298127,0.0,0.0,0.0,0.0,0.0,0.0,0.0,0.0,0.0,0.0,0.0,0.0,0.0,0.0,0.0,0.0,0.0,0.0,0.0,0.0,0.0,0.0,1.6705848212849098,0.5099465266437454,343.9952768014409,418.2628294605953,11060.900021995029,0.2878797266797556,0.04393768722218492,176.41666604272485,214.12504644492945,5757.395032731052,3.0577345492338789,0.5778032028030764,289.60062996897417,352.2584217462978,9369.95049690257,0.3225603678416303,0.06095245046138137,145.34260066268423,176.79996400301665,4649.997611866655,0.0,0.0,6.270388008111538,7.657414482608857,186.62180643379373,0.0,0.0,12.121893643979103,14.683189411711663,414.8820198362023,0.0,0.0,75.64507929981645,92.36917315062523,2260.075127928727,0.0,0.0,49.824897279200339,61.40239759104146,1219.050579539105,0.0,0.0,17.944722774714458,21.890887933490807,542.8965145519883,31.081837627069289,21.318132803202539,441.2808014506463,538.1608060023209,14326.363420944193,0.0,0.0,60.25648579727688,74.79182452130957,1228.096201456312,0.0,18.492606086958987,35.801424291042668,22.0,30.0,0.0,18.929662558517586,34.75005736208878,12.0,30.0,0.0,18.545814679676057,35.6608576891081,22.0,30.0,0.0,18.50474132704317,35.798123403369917,12.0,30.0,0.0,17.376983693641657,40.02316572997165,12.0,30.0,0.0,19.67727817210556,34.48148339314109,12.0,30.0,0.0,17.429509566957348,38.75835473281118,10.0,30.0,0.0,14.69478672178274,46.94370989182764,12.0,30.0,0.0,17.628626771641537,39.47280558314455,20.0,30.0,0.0,17.694878333623199,0.0,0.0,0.0,12.645383481876852,0.0,0.0,527.5643521571747,521.9087911970677,528.0258387096792,532.159533964192,598.5138383026263,886.0317144788555,569.0338613514488,641.4430472871045,832.9357227726882,0.0,80.09283873276863,80.09283873276863,60.0,0.0,60.0,60.0,12.0,12.0,12.0,19.0,12.0,12.0,21.0,10.0,0.0,0.0,0.0,0.0,0.0,0.0,0.0,0.0,0.0,0.0,0.0,0.0,0.0,80.09283873276863,80.09283873276863,0.0,0.0,0.0,80.09283873276863,0.0,0.0,0.0005833333333333334 
 03/12  01:10:00,2.8833333333333339,94.16666666666667,3.108333333333334,0.0,0.0,0.0,0.0,0.0,2.0,2.0,0.0,0.0,0.0,0.0,0.0,840.0,0.0,0.0,0.0,0.0,0.0,0.0,0.0,0.0,0.0,0.0,0.0,19.106294769605904,-254.33491120606778,19.210514123574386,-233.98818731923235,18.74007789752375,-91.52378806260094,18.69979310573339,-154.00099672687703,17.382190396276216,-4.414958522054377,19.44977357649462,-43.67233859855409,17.362605406806425,-12.904721884837727,15.099405861230452,-214.58397232395238,17.50265097494258,-68.56893402758164,584.0330534058212,642.9450315778486,0.0,0.0,0.0,0.0,0.0,0.0,0.0,0.0,0.0,0.0,0.0,0.0,0.0,0.0,0.0,0.0,0.0,0.0,0.0,0.0,0.0,0.0,1.666115579667433,0.5085822892757732,278.34160354510279,338.5019716896352,8985.130720892239,0.2999268882383822,0.045776387093770177,140.28317216067357,170.69114782323519,4549.98359853155,3.1358499765774336,0.592564243495358,260.6466455421655,316.9786194002108,8399.657592667163,0.3242807548542155,0.061277542489458689,149.54960468692037,181.87933834162414,4797.894066343264,0.0,0.0,6.54444662884401,7.989960463864158,195.10913240031028,0.0,0.0,12.11096482757037,14.673938144519277,414.6011377338094,0.0,0.0,80.0718455156718,97.78579310182296,2385.131063542645,0.0,0.0,50.65818832450205,62.453576399032908,1234.8864755062255,0.0,0.0,18.647569516543788,22.748075860529537,565.3672355066756,31.078795453490316,21.316046264396655,372.3487818232535,454.268800467579,12207.068526734764,0.0,0.0,61.0872523840076,75.84932616788643,1240.652013391315,0.0,18.56471782835839,35.30266793300269,22.0,30.0,0.0,18.7106274156047,34.88602100351351,12.0,30.0,0.0,18.363091292419143,35.835658025531198,22.0,30.0,0.0,18.505771119773188,35.66716567804942,12.0,30.0,0.0,17.343796207134049,39.7896862158487,12.0,30.0,0.0,19.621322445072907,34.26733311944417,12.0,30.0,0.0,17.329326228486459,38.68206160754187,10.0,30.0,0.0,14.59087657999999,46.921215069358428,12.0,30.0,0.0,17.602320209857127,39.171605092609997,20.0,30.0,0.0,17.59554381503238,0.0,0.0,0.0,12.551334317091563,0.0,0.0,517.0335051985347,510.2751396954993,521.7430851801704,530.1825278648948,591.6947772356765,874.7466871818697,563.0465899060348,642.8756708626203,828.6287686358351,0.0,80.09283873276863,80.09283873276863,60.0,0.0,60.0,60.0,12.0,12.0,12.0,19.0,12.0,12.0,21.0,10.0,0.0,0.0,0.0,0.0,0.0,0.0,0.0,0.0,0.0,0.0,0.0,0.0,0.0,80.09283873276863,80.09283873276863,0.0,0.0,0.0,80.09283873276863,0.0,0.0,0.00057 
 03/12  01:20:00,2.826666666666667,94.33333333333334,3.0566666666666668,0.0,0.0,0.0,0.0,0.0,2.0,2.0,0.0,0.0,0.0,0.0,0.0,840.0,0.0,0.0,0.0,0.0,0.0,0.0,0.0,0.0,0.0,0.0,0.0,18.922063474550606,-105.10364879305416,19.194138957820333,-320.85670480096817,18.708743923811377,-216.60172780103495,18.57805651387853,-101.60933165496954,17.346445716035363,-3.006796344762023,19.38719137574688,-42.51655465107109,17.321224772341567,-49.067707912096469,15.013720959630943,-215.4473769286368,17.47040380143566,-69.49595289737232,580.5852717671578,648.0789884740301,0.0,0.0,0.0,0.0,0.0,0.0,0.0,0.0,0.0,0.0,0.0,0.0,0.0,0.0,0.0,0.0,0.0,0.0,0.0,0.0,0.0,0.0,1.66432397836979,0.5080354024327809,336.58208360025608,409.5071551447591,10791.465914884182,0.2873200981774766,0.04385227383661121,172.94814110953915,210.05124598158143,5626.260450029946,3.046616287328736,0.5757022462828303,283.7043283816387,345.3121829447848,9153.288471336498,0.32074949790866816,0.060610260375787618,142.85747070478298,173.88957873380839,4558.392556934346,0.0,0.0,6.214721609238488,7.59182240233419,185.59066763519497,0.0,0.0,12.493450057773967,15.141077376820269,427.5899105965559,0.0,0.0,75.1004603883864,91.7566161198784,2239.693152002541,0.0,0.0,50.66753649243914,62.4890548068895,1231.3376615729545,0.0,0.0,20.02230529053598,24.43140753644602,608.1104614402602,30.994180282378389,21.25801116761207,431.69311203115685,526.7862466638343,13997.902147895267,0.0,0.0,60.90359308443818,75.65259436791877,1231.5211334691863,0.0,18.32416314072112,35.7465909472798,22.0,30.0,0.0,18.754868079286636,34.70609432119883,12.0,30.0,0.0,18.376172119363504,35.60734870195863,22.0,30.0,0.0,18.342250086996839,35.7266651353125,12.0,30.0,0.0,17.30943018737201,39.519953102610589,12.0,30.0,0.0,19.55710762698628,34.09757931110627,12.0,30.0,0.0,17.282730783358006,38.618877468849159,10.0,30.0,0.0,14.494439293759426,46.86762515042359,12.0,30.0,0.0,17.5699008420302,38.86716074083449,20.0,30.0,0.0,17.5370704322863,0.0,0.0,0.0,12.448973156878165,0.0,0.0,515.5559897236278,510.0959145083774,516.5473296563212,519.3695003210225,584.3546673096915,864.5319791174818,563.5329621671868,643.7218751502364,816.3882955759352,0.0,80.09283873276863,80.09283873276863,60.0,0.0,60.0,60.0,12.0,12.0,12.0,19.0,12.0,12.0,21.0,10.0,0.0,0.0,0.0,0.0,0.0,0.0,0.0,0.0,0.0,0.0,0.0,0.0,0.0,80.09283873276863,80.09283873276863,0.0,0.0,0.0,80.09283873276863,0.0,0.0,0.00057 
 03/12  01:30:00,2.77,94.5,3.005,0.0,0.0,0.0,0.0,0.0,2.0,2.0,0.0,0.0,0.0,0.0,0.0,840.0,0.0,0.0,0.0,0.0,0.0,0.0,0.0,0.0,0.0,0.0,0.0,18.93546096521961,-244.51305416886226,19.01444418926603,-263.155185306965,18.5646003527861,-95.09051977600848,18.55344605265214,-149.97452570872884,17.310500459484964,-3.2339357538337625,19.32760328321831,-45.091350340412649,17.246499510349339,-25.75616165738893,14.930752795955389,-217.97648247295923,17.43697560473239,-73.510837207642,584.2203739885827,656.4572286955749,0.0,0.0,0.0,0.0,0.0,0.0,0.0,0.0,0.0,0.0,0.0,0.0,0.0,0.0,0.0,0.0,0.0,0.0,0.0,0.0,0.0,0.0,1.6630130521803744,0.5076352418133011,326.96430151050449,397.89433618701517,10533.514286953641,0.29380817736720757,0.04484251791318797,177.10620947102229,215.64624689538005,5709.228340339487,3.124374053923227,0.5903957017995518,271.1828921812022,330.0258095588366,8705.449835416332,0.3208269724520637,0.06062490031218133,146.5976820720897,178.37751002646028,4692.1962148576189,0.0,0.0,6.424044818945231,7.845123848122393,192.1524005412454,0.0,0.0,12.536968590799758,15.19812390306181,429.11715819632118,0.0,0.0,78.4543964744152,95.86214775643349,2331.8630645925907,0.0,0.0,51.24613946786147,63.224276550489907,1242.0065747742074,0.0,0.0,20.268998575327687,24.734457886310346,616.6005036133308,30.986479017401757,21.25272909286815,424.3705084897458,517.9867637910453,13791.560599761935,0.0,0.0,61.42776318064132,76.33004008914887,1237.6091265003225,0.0,18.40841772917362,35.26454324506743,22.0,30.0,0.0,18.49712135546976,34.970167764073739,12.0,30.0,0.0,18.18841136803772,35.80447067936872,22.0,30.0,0.0,18.352186958021407,35.592503396990988,12.0,30.0,0.0,17.275349357055569,39.332445480219138,12.0,30.0,0.0,19.498584434252103,33.942509244397509,12.0,30.0,0.0,17.175819548563099,38.59404708068293,10.0,30.0,0.0,14.402425246067944,46.83995989729777,12.0,30.0,0.0,17.535718686264184,38.6453901976372,20.0,30.0,0.0,17.493319321886113,0.0,0.0,0.0,12.35408228265518,0.0,0.0,506.85252229254538,500.858308073672,510.63053584168667,517.773045452929,579.0647131859546,853.5283710693786,558.2298268287023,643.6909539421522,810.8813943021928,0.0,80.09283873276863,80.09283873276863,60.0,0.0,60.0,60.0,12.0,12.0,12.0,19.0,12.0,12.0,21.0,10.0,0.0,0.0,0.0,0.0,0.0,0.0,0.0,0.0,0.0,0.0,0.0,0.0,0.0,80.09283873276863,80.09283873276863,0.0,0.0,0.0,80.09283873276863,0.0,0.0,0.00057 
 03/12  01:40:00,2.7133333333333335,94.66666666666666,2.953333333333333,0.0,0.0,0.0,0.0,0.0,2.0,2.0,0.0,0.0,0.0,0.0,0.0,840.0,0.0,0.0,0.0,0.0,0.0,0.0,0.0,0.0,0.0,0.0,0.0,18.74955863335161,-101.39244033582054,19.00960746861729,-307.8615302485057,18.53983688966197,-215.31894678081154,18.434807735318388,-106.99005606721039,17.272865805743068,-2.0793944221857858,19.26320817687754,-44.482358043628838,17.207411197396085,-57.564393981635479,14.84936141216993,-219.47588330754514,17.400664076961975,-74.19317640605363,561.7854143948307,662.1119286821956,0.0,0.0,0.0,0.0,0.0,0.0,0.0,0.0,0.0,0.0,0.0,0.0,0.0,0.0,0.0,0.0,0.0,0.0,0.0,0.0,0.0,0.0,1.6585504394936517,0.5062730279284651,319.9011503739979,389.42858540618786,10234.196764260756,0.28776466301968126,0.04392012561350446,161.98986372452633,196.86359437539719,5248.526980255445,3.030635550167635,0.5726824546802034,273.96316226157929,333.6642482714865,8817.485070813424,0.31851872325516769,0.060188723215262199,138.37658480013688,168.5374731558337,4406.922768703746,0.0,0.0,6.124775135641958,7.484220397014316,183.4860930599236,0.0,0.0,12.770899303577086,15.485340136035465,436.94271320689958,0.0,0.0,74.59969603230393,91.1945050684568,2220.9796909156596,0.0,0.0,51.26615775133686,63.27146467030258,1239.3846672575783,0.0,0.0,21.53851705419643,26.289717898518945,656.1051442812111,30.91997447733644,21.207115553728707,409.79913084448119,500.36399674682118,13294.437902634629,0.0,0.0,61.271918661862809,76.16690710094444,1229.355647708399,0.0,18.1612241216356,35.73316273609548,22.0,30.0,0.0,18.567601442281778,34.74183646076407,12.0,30.0,0.0,18.211235119954197,35.581411988504118,22.0,30.0,0.0,18.191440534853329,35.673450337363878,12.0,30.0,0.0,17.23892191379771,39.118790514488448,12.0,30.0,0.0,19.431430778351549,33.836482111055619,12.0,30.0,0.0,17.13850425094992,38.52836499039038,10.0,30.0,0.0,14.313002420292659,46.80124162000037,12.0,30.0,0.0,17.497075920570457,38.422633443979758,20.0,30.0,0.0,17.370703583177965,0.0,0.0,0.0,12.254341782519955,0.0,0.0,506.2874498134155,501.3486476283261,507.1607372559822,508.66029864693328,573.7432084668969,845.8799889464258,558.7609322826349,643.7283274705271,799.9697750853845,0.0,80.09283873276863,80.09283873276863,60.0,0.0,60.0,60.0,12.0,12.0,12.0,19.0,12.0,12.0,21.0,10.0,0.0,0.0,0.0,0.0,0.0,0.0,0.0,0.0,0.0,0.0,0.0,0.0,0.0,80.09283873276863,80.09283873276863,0.0,0.0,0.0,80.09283873276863,0.0,0.0,0.00057 
 03/12  01:50:00,2.6566666666666669,94.83333333333333,2.9016666666666666,0.0,0.0,0.0,0.0,0.0,2.0,2.0,0.0,0.0,0.0,0.0,0.0,840.0,0.0,0.0,0.0,0.0,0.0,0.0,0.0,0.0,0.0,0.0,0.0,18.762487296165007,-238.77565162973316,18.841997658490678,-254.44648744411644,18.402573128937683,-90.83327005122965,18.410974521225719,-152.4699716692262,17.235485911042198,-2.1071059953994366,19.202408937318233,-46.60502490747746,17.13295832040628,-34.60002339649441,14.769214204243987,-222.22684158980167,17.36427466007342,-78.1916180280196,569.7594350102772,670.2639625893835,0.0,0.0,0.0,0.0,0.0,0.0,0.0,0.0,0.0,0.0,0.0,0.0,0.0,0.0,0.0,0.0,0.0,0.0,0.0,0.0,0.0,0.0,1.6587304656470372,0.5063279809667391,318.9951904299707,388.4366547631472,10249.233513610056,0.29371928222145018,0.044828950277999119,173.91696760325048,211.89288459507157,5590.773622334596,3.110779123970823,0.5878267430028012,263.85516035672148,321.2873138183993,8454.38054589193,0.3189531887956035,0.06027082176787668,143.24456859107324,174.39101990957057,4575.915685704796,0.0,0.0,6.353157091751802,7.761082279181715,190.61877746680967,0.0,0.0,12.769998004016717,15.48850756530198,436.9073421319282,0.0,0.0,77.88316569306842,95.2155439615751,2311.687913071553,0.0,0.0,51.81792887786011,63.97319791161907,1249.7464323201505,0.0,0.0,21.417270123404259,26.145010319966305,653.2903602870088,30.914876790452536,21.20361919784125,413.6136012235115,505.14051479685159,13433.163367474499,0.0,0.0,61.7620958034305,76.80217479370165,1234.890422120333,0.0,18.242563101318085,35.26799554862651,22.0,30.0,0.0,18.330216869605949,34.97671387866481,12.0,30.0,0.0,18.034004204037794,35.77789606869764,22.0,30.0,0.0,18.2020117720678,35.54551955604305,12.0,30.0,0.0,17.203564481594325,38.96811816453496,12.0,30.0,0.0,19.371140662262407,33.73111428605061,12.0,30.0,0.0,17.03601237367257,38.508313874532699,10.0,30.0,0.0,14.22537592159621,46.78985191199646,12.0,30.0,0.0,17.458647444394339,38.260815648823498,20.0,30.0,0.0,17.33821205046582,0.0,0.0,0.0,12.161382551824218,0.0,0.0,498.6555356704956,493.6031043792847,502.86747561889,507.3757164930793,569.1483330459153,836.97900615179,553.4343998330392,642.073939939447,795.1932298171957,0.0,80.09283873276863,80.09283873276863,60.0,0.0,60.0,60.0,12.0,12.0,12.0,19.0,12.0,12.0,21.0,10.0,0.0,0.0,0.0,0.0,0.0,0.0,0.0,0.0,0.0,0.0,0.0,0.0,0.0,80.09283873276863,80.09283873276863,0.0,0.0,0.0,80.09283873276863,0.0,0.0,0.0005799999999999999 
 03/12  02:00:00,2.6,95.0,2.85,0.0,0.0,0.0,0.0,0.0,2.0,2.0,0.0,0.0,0.0,0.0,0.0,840.0,0.0,0.0,0.0,0.0,0.0,0.0,0.0,0.0,0.0,0.0,0.0,18.582864223883499,-99.41473123071956,18.839596757907857,-300.65762843644327,18.37835593157493,-211.1094078574215,18.293339124779615,-110.72350145890778,17.195880802921537,-1.6441966144767122,19.1375146975985,-45.8265284303279,17.092049536368429,-64.64473732725083,14.689946878472423,-223.70487118787742,17.325565564306929,-78.67189957092177,549.3062833856047,676.3552582263997,0.0,0.0,0.0,0.0,0.0,0.0,0.0,0.0,0.0,0.0,0.0,0.0,0.0,0.0,0.0,0.0,0.0,0.0,0.0,0.0,0.0,0.0,1.6541146423120066,0.5049189994847396,313.08328898051419,381.34723508657086,9994.429089765008,0.2876456859791464,0.04390196672453395,158.66009267909016,192.9328114369648,5127.196064400619,3.018852988145633,0.5704559690373459,268.7118810258564,327.4617608694091,8630.777540374187,0.3168166464695536,0.05986709116960573,136.15444906006497,165.92914467358203,4328.067917909905,0.0,0.0,6.161931809689368,7.5319897084114519,185.1393152663568,0.0,0.0,12.976181100628743,15.742222264706794,443.76359695130898,0.0,0.0,74.1843488441224,90.73508466415461,2205.498483617334,0.0,0.0,51.811776581455607,63.98741060372696,1246.7892736639595,0.0,0.0,22.772397303099024,27.80492889713324,695.4166782117409,30.857138778974695,21.164018366923668,401.0650244868825,489.97412462289869,13002.79946118861,0.0,0.0,61.657637417592017,76.70204561058933,1227.968396273725,0.0,18.003824577484907,35.7221633538845,22.0,30.0,0.0,18.402784037968723,34.75376610255116,12.0,30.0,0.0,18.0552574755853,35.57157812941351,22.0,30.0,0.0,18.042013635793844,35.64057135025869,12.0,30.0,0.0,17.164629409616049,38.79234543120372,12.0,30.0,0.0,19.303434447017307,33.660032690474789,12.0,30.0,0.0,16.998336462151124,38.45204951373562,10.0,30.0,0.0,14.139190368718083,46.766566981111427,12.0,30.0,0.0,17.416762549139827,38.090031670448869,20.0,30.0,0.0,17.22028150637039,0.0,0.0,0.0,12.064188705690527,0.0,0.0,498.42021854204065,494.8233485687407,500.5083936269258,499.8754208532,564.795854834299,831.1911882903248,553.7852117679676,641.1502699341997,785.6240524968287,0.0,80.09283873276863,80.09283873276863,60.0,0.0,60.0,60.0,12.0,12.0,12.0,19.0,12.0,12.0,21.0,10.0,0.0,0.0,0.0,0.0,0.0,0.0,0.0,0.0,0.0,0.0,0.0,0.0,0.0,80.09283873276863,80.09283873276863,0.0,0.0,0.0,80.09283873276863,0.0,0.0,0.00059 
 03/12  02:10:00,2.5333333333333338,95.16666666666667,2.8066666666666668,0.0,0.0,0.0,0.0,0.0,2.0,2.0,0.0,0.0,0.0,0.0,0.0,840.0,0.0,0.0,0.0,0.0,0.0,0.0,0.0,0.0,0.0,0.0,0.0,18.59650169617407,-234.34242967318097,18.67697717823941,-249.9861636797848,18.246592219671205,-87.42179680017489,18.271443475710606,-153.59672492718324,17.1562320806094,-2.433762928926143,19.076325433834,-47.8122810179311,17.017444948043534,-42.138940465445788,14.611515510746282,-226.39909818250249,17.287462917908586,-82.33323742425569,558.9224451041037,685.0748759847263,0.0,0.0,0.0,0.0,0.0,0.0,0.0,0.0,0.0,0.0,0.0,0.0,0.0,0.0,0.0,0.0,0.0,0.0,0.0,0.0,0.0,0.0,1.656027919021665,0.505503027784391,313.05584107340885,381.4109330724867,10042.25978406315,0.29361004054905295,0.044812277251076459,171.79458015055838,209.41901727722095,5513.332345618786,3.1001444281335335,0.5858171632905393,256.5769086879792,312.57617879860927,8214.215541653492,0.31772418242508795,0.06003858322469535,139.26401672170429,169.62584966570103,4443.919890888037,0.0,0.0,6.4413969335246279,7.871182279086066,193.91429519472929,0.0,0.0,12.96953133013721,15.737689694079233,443.762475423508,0.0,0.0,77.31433162932939,94.56534074858128,2293.419400168212,0.0,0.0,52.34229088961632,64.65989596954874,1257.8436141133248,0.0,0.0,22.703261642600109,27.724215198784984,694.5875126544826,30.883822872001355,21.182320213992705,403.9234865940735,493.5539869951184,13121.309722178557,0.0,0.0,62.21464844241293,77.41656364508884,1236.3332980228327,0.0,18.08495165820719,35.2773415973878,22.0,30.0,0.0,18.172511769931334,34.99666801368883,12.0,30.0,0.0,17.8861506394263,35.76647005808148,22.0,30.0,0.0,18.055642975251897,35.51069643862863,12.0,30.0,0.0,17.126216215266454,38.668207473286397,12.0,30.0,0.0,19.242569880327268,33.583354742817977,12.0,30.0,0.0,16.898045535719043,38.44803835618699,10.0,30.0,0.0,14.054100519337365,46.768072118374139,12.0,30.0,0.0,17.376279451470127,37.95589261161497,20.0,30.0,0.0,17.187054264191027,0.0,0.0,0.0,11.974082452375733,0.0,0.0,492.0847961112031,488.6305839371571,497.3599846901245,499.1310397924254,560.8106159745732,823.7905611906926,549.0208345191439,639.1433114859602,779.6566997089562,0.0,80.09283873276863,80.09283873276863,60.0,0.0,60.0,60.0,12.0,12.0,12.0,19.0,12.0,12.0,21.0,10.0,0.0,0.0,0.0,0.0,0.0,0.0,0.0,0.0,0.0,0.0,0.0,0.0,0.0,80.09283873276863,80.09283873276863,0.0,0.0,0.0,80.09283873276863,0.0,0.0,0.0006000000000000001 
 03/12  02:20:00,2.466666666666667,95.33333333333334,2.7633333333333338,0.0,0.0,0.0,0.0,0.0,2.0,2.0,0.0,0.0,0.0,0.0,0.0,840.0,0.0,0.0,0.0,0.0,0.0,0.0,0.0,0.0,0.0,0.0,0.0,18.420536473404867,-97.35303888520594,18.67519737660081,-295.67487354272398,18.221608832416235,-208.30757759751215,18.15480943091417,-114.2968022288137,17.113787723207829,-2.3812225076713107,19.011352943120384,-47.01514471925594,16.9752929379965,-70.88368946634955,14.533810429970704,-227.63677307214869,17.24708065141499,-83.01507982019717,541.0737777520108,691.214430167123,0.0,0.0,0.0,0.0,0.0,0.0,0.0,0.0,0.0,0.0,0.0,0.0,0.0,0.0,0.0,0.0,0.0,0.0,0.0,0.0,0.0,0.0,1.6526374262570319,0.5044680788330378,308.1674612933265,375.5338206290594,9830.409188950629,0.2878762120390953,0.04393715079961773,156.4168188349465,190.2981664760949,5049.116774110917,3.0095077581538165,0.56869005256119,264.92417008496246,322.99970875446436,8503.783034449425,0.3157552786035371,0.059666530348363,134.62969920039334,164.149690517073,4277.736199212669,0.0,0.0,6.240984552433855,7.630432784746986,188.21532323152383,0.0,0.0,13.170992282210892,15.985074683067147,450.70197557132408,0.0,0.0,73.85519956233795,90.37136697123103,2195.7661144392388,0.0,0.0,52.31711369225158,64.6471567910861,1255.6782105801263,0.0,0.0,23.86871543948169,29.150761109788897,731.4277260707718,30.856640519352383,21.163676625070229,394.9390317916534,482.7113650798244,12810.605815248902,0.0,0.0,62.14853540594278,77.35977277540937,1231.7822514716657,0.0,17.850496839964678,35.72257463676092,22.0,30.0,0.0,18.24438094731313,34.77709475621569,12.0,30.0,0.0,17.903820761662659,35.57444913342251,22.0,30.0,0.0,17.896319464913647,35.61837656225729,12.0,30.0,0.0,17.08320936248512,38.52615103142106,12.0,30.0,0.0,19.17479029258871,33.53491714044142,12.0,30.0,0.0,16.86023734692084,38.397116552032397,10.0,30.0,0.0,13.97027084778626,46.75689545050607,12.0,30.0,0.0,17.33228273390153,37.82215465259826,20.0,30.0,0.0,17.072056540605986,0.0,0.0,0.0,11.879996633465819,0.0,0.0,492.1824234588961,490.26698276737729,495.6634922297163,492.66745809985908,557.5558353721733,819.3223689115816,549.4571936111731,637.7103076071044,772.0489468387278,0.0,80.09283873276863,80.09283873276863,60.0,0.0,60.0,60.0,12.0,12.0,12.0,19.0,12.0,12.0,21.0,10.0,0.0,0.0,0.0,0.0,0.0,0.0,0.0,0.0,0.0,0.0,0.0,0.0,0.0,80.09283873276863,80.09283873276863,0.0,0.0,0.0,80.09283873276863,0.0,0.0,0.0006066666666666666 
 03/12  02:30:00,2.4000000000000005,95.5,2.7199999999999999,0.0,0.0,0.0,0.0,0.0,2.0,2.0,0.0,0.0,0.0,0.0,0.0,840.0,0.0,0.0,0.0,0.0,0.0,0.0,0.0,0.0,0.0,0.0,0.0,18.434238258112268,-230.6594794287903,18.515561688011247,-246.29682272295123,18.093423301588609,-84.68512638028642,18.134212657724477,-155.39953064548173,17.071886579033774,-3.146130401380958,18.949970220647587,-48.91456112845867,16.90053381239581,-48.703460571424788,14.456724651856867,-230.20181615590378,17.207630726816335,-86.46308706261306,550.7727675702845,699.4838173774526,0.0,0.0,0.0,0.0,0.0,0.0,0.0,0.0,0.0,0.0,0.0,0.0,0.0,0.0,0.0,0.0,0.0,0.0,0.0,0.0,0.0,0.0,1.6548877958230553,0.5051550048299924,308.5516045761942,376.10470128916628,9889.801238521033,0.29371855180371589,0.04482883879788094,170.09422797266667,207.44473195426429,5453.97909755014,3.091476398430031,0.5841792136111171,251.27742428701229,306.2534161637139,8042.772237917172,0.31679636747104619,0.05986325915930576,136.3756964298977,166.17782579995893,4350.2978729392,0.0,0.0,6.513336643504248,7.9612317793518418,196.77340282714096,0.0,0.0,13.158942512011646,15.973979542701523,450.51403989261169,0.0,0.0,76.94365095749953,94.15222089678909,2282.7520385425807,0.0,0.0,52.82336438736681,65.28958398010086,1266.3167622848,0.0,0.0,23.81883802117979,29.094784018271658,731.1823063436899,30.88437406040658,21.182698258166384,396.75118442512919,485.0087673552529,12896.967879422256,0.0,0.0,62.68248857392666,78.04535273745197,1239.9515133236603,0.0,17.93064884524939,35.2964463796957,22.0,30.0,0.0,18.018191594338274,35.029262262972597,12.0,30.0,0.0,17.739832830732433,35.772737865560177,22.0,30.0,0.0,17.91204916827858,35.489819784253359,12.0,30.0,0.0,17.041914642362739,38.42702159613809,12.0,30.0,0.0,19.113705629279829,33.47931440615192,12.0,30.0,0.0,16.7616343342633,38.40612203457981,10.0,30.0,0.0,13.887226772757562,46.7712103607211,12.0,30.0,0.0,17.290344591450049,37.71211266982432,20.0,30.0,0.0,17.038032054868105,0.0,0.0,0.0,11.79254853079751,0.0,0.0,486.8622103962165,485.18479907525377,493.4201455359446,492.6265260707126,554.2590362834188,813.0242155667083,545.0981273998534,635.6917867663642,765.9686068379283,0.0,80.09283873276863,80.09283873276863,60.0,0.0,60.0,60.0,12.0,12.0,12.0,19.0,12.0,12.0,21.0,10.0,0.0,0.0,0.0,0.0,0.0,0.0,0.0,0.0,0.0,0.0,0.0,0.0,0.0,80.09283873276863,80.09283873276863,0.0,0.0,0.0,80.09283873276863,0.0,0.0,0.0006133333333333334 
 03/12  02:40:00,2.3333333333333337,95.66666666666667,2.6766666666666669,0.0,0.0,0.0,0.0,0.0,2.0,2.0,0.0,0.0,0.0,0.0,0.0,840.0,0.0,0.0,0.0,0.0,0.0,0.0,0.0,0.0,0.0,0.0,0.0,18.26103440457495,-95.44911082580848,18.5139118055032,-291.19335686657237,18.06786373959235,-205.9025430411548,18.017715273748988,-117.86622226111285,17.02747490599513,-3.043370029005729,18.884985248106845,-48.10785292164206,16.857092476597058,-76.63244986967357,14.380254768278683,-231.23717302798549,17.165899062811719,-87.26680203948217,534.220510964089,705.1842901339517,0.0,0.0,0.0,0.0,0.0,0.0,0.0,0.0,0.0,0.0,0.0,0.0,0.0,0.0,0.0,0.0,0.0,0.0,0.0,0.0,0.0,0.0,1.6516167367884645,0.5041565130611918,304.15713761341149,370.81569965056738,9696.57188432652,0.2881232244056992,0.043974851099770947,154.72421816541243,188.32932554988657,4989.888109895389,3.001123682818964,0.5671057601698724,262.0358206381501,319.6262360271314,8406.743739815316,0.3148097321573383,0.05948785566087268,133.6419526510328,163.0218870234482,4244.897051420186,0.0,0.0,6.293935966232505,7.697123976743379,190.45415687682653,0.0,0.0,13.352153165064776,16.211445947412608,457.1783225926482,0.0,0.0,73.51137729402162,89.98873150461502,2185.722681672835,0.0,0.0,52.77693516781589,65.25014081773692,1263.8289753384116,0.0,0.0,24.87269158189566,30.38464396561383,764.6883951708098,30.859320640749155,21.165514842763487,390.34476490278879,477.3101365027936,12666.884580025973,0.0,0.0,62.59659642000891,77.96309852508613,1235.343123769861,0.0,17.699256164461788,35.73737261806263,22.0,30.0,0.0,18.088993126994834,34.81389008920205,12.0,30.0,0.0,17.75483223092848,35.59180534800618,22.0,30.0,0.0,17.752233586745147,35.61090540445983,12.0,30.0,0.0,16.99652410355482,38.31139162377255,12.0,30.0,0.0,19.046010442435436,33.44755046426192,12.0,30.0,0.0,16.722976546313839,38.365034664385408,10.0,30.0,0.0,13.805297974502384,46.772773732202988,12.0,30.0,0.0,17.244809720631378,37.60654914899041,20.0,30.0,0.0,16.92650083567223,0.0,0.0,0.0,11.701248218135629,0.0,0.0,487.2433793447034,487.05400352561056,492.0626616941943,486.7005518239681,551.7304006155493,809.5275252464785,545.8804908532025,634.2395399275124,760.1096300741691,0.0,80.09283873276863,80.09283873276863,60.0,0.0,60.0,60.0,12.0,12.0,12.0,19.0,12.0,12.0,21.0,10.0,0.0,0.0,0.0,0.0,0.0,0.0,0.0,0.0,0.0,0.0,0.0,0.0,0.0,80.09283873276863,80.09283873276863,0.0,0.0,0.0,80.09283873276863,0.0,0.0,0.00062 
 03/12  02:50:00,2.2666666666666668,95.83333333333333,2.6333333333333335,0.0,0.0,0.0,0.0,0.0,2.0,2.0,0.0,0.0,0.0,0.0,0.0,840.0,0.0,0.0,0.0,0.0,0.0,0.0,0.0,0.0,0.0,0.0,0.0,18.27465481171225,-227.2717939124559,18.356710742336867,-242.94123121823487,17.94252610427987,-82.32555679385905,17.9982725302758,-157.27575151750467,16.98391192346798,-3.8025832309298126,18.82350713854629,-49.947100088918407,16.781992768401254,-54.64981472139925,14.304301753608505,-233.654956415882,17.125294154225565,-90.55787534393346,543.6691123967667,712.9551585778369,0.0,0.0,0.0,0.0,0.0,0.0,0.0,0.0,0.0,0.0,0.0,0.0,0.0,0.0,0.0,0.0,0.0,0.0,0.0,0.0,0.0,0.0,1.654044147847965,0.5048974810280724,304.53418844442936,371.3833187204155,9754.480332353001,0.29386124001796468,0.04485061660835847,168.51579117068733,205.615260732568,5399.3640751286379,3.0837318341823365,0.5827157660964357,246.77995809665979,300.9014561805699,7897.543424556501,0.31596150251148566,0.0597054993407947,133.92933016976273,163.26449172846675,4271.2142510485859,0.0,0.0,6.566821226822968,8.028817110577226,199.03436598586687,0.0,0.0,13.337035893825579,16.196624242831065,456.88591557687598,0.0,0.0,76.59270112043223,93.76255248807317,2272.7271210812525,0.0,0.0,53.26015986058806,65.86406049226108,1274.0610079577935,0.0,0.0,24.82897864495876,30.337222564739677,764.6304067340354,30.887707561497785,21.18498461008079,390.55340039531418,477.6444320736608,12703.721972388057,0.0,0.0,63.10840522239809,78.6208415303164,1243.3334486959998,0.0,17.778549481708873,35.32635560839398,22.0,30.0,0.0,17.866152614719984,35.07258152988682,12.0,30.0,0.0,17.594964368368925,35.793207115939058,22.0,30.0,0.0,17.770007099291435,35.48420172419181,12.0,30.0,0.0,16.95335939208103,38.2321680222807,12.0,30.0,0.0,18.984825759045728,33.40741371254204,12.0,30.0,0.0,16.625632701128649,38.38400547408988,10.0,30.0,0.0,13.723996476173035,46.798058091547229,12.0,30.0,0.0,17.20170298534174,37.5157957523744,20.0,30.0,0.0,16.89072971392249,0.0,0.0,0.0,11.616314492319639,0.0,0.0,482.6586643854754,482.7135266000757,490.49420367238579,487.3116267035956,549.0021894502036,804.1089978982968,541.8673711828442,632.585286381286,754.2588935445497,0.0,80.09283873276863,80.09283873276863,60.0,0.0,60.0,60.0,12.0,12.0,12.0,19.0,12.0,12.0,21.0,10.0,0.0,0.0,0.0,0.0,0.0,0.0,0.0,0.0,0.0,0.0,0.0,0.0,0.0,80.09283873276863,80.09283873276863,0.0,0.0,0.0,80.09283873276863,0.0,0.0,0.0006399999999999999 
 03/12  03:00:00,2.2,96.0,2.59,0.0,0.0,0.0,0.0,0.0,2.0,2.0,0.0,0.0,0.0,0.0,0.0,840.0,0.0,0.0,0.0,0.0,0.0,0.0,0.0,0.0,0.0,0.0,0.0,18.10348448990826,-93.68737175751812,18.354951104985884,-287.1227584112828,17.916336925024227,-203.87347758717898,17.881540143043816,-121.41565098543879,16.937963089429024,-3.6619102897974757,18.758566049693646,-49.14692565010313,16.73699433867351,-81.96468060918096,14.228903061067465,-234.47410977984033,17.082406451054234,-91.44292173486065,528.307548182278,718.2853193987294,0.0,0.0,0.0,0.0,0.0,0.0,0.0,0.0,0.0,0.0,0.0,0.0,0.0,0.0,0.0,0.0,0.0,0.0,0.0,0.0,0.0,0.0,1.650879473226797,0.5039314631339431,300.47244434312855,366.48726902812168,9574.242440533024,0.28838925591159639,0.04401545419896159,153.2783506688307,186.65752017431877,4939.314655984036,2.9934159892645928,0.5656492799063858,259.53201395597019,316.715792914546,8322.832241014581,0.31397356402557188,0.059329849589110309,132.90224363182154,162.1942142544474,4220.232458896064,0.0,0.0,6.333736214926762,7.7478323664939359,192.2604871190818,0.0,0.0,13.524198004661067,16.426835463130055,463.351418255764,0.0,0.0,73.09564725728734,89.51734462467496,2173.5125210588087,0.0,0.0,53.192684224103818,65.79819882451256,1271.237631217479,0.0,0.0,25.80864627762619,31.536173756900788,795.9333230537977,30.86433112036736,21.1689513857115,386.4262804823445,472.72723512501519,12544.84937392456,0.0,0.0,63.00262772198204,78.51301889703973,1238.6576131928387,0.0,17.549662287205356,35.76417687183863,22.0,30.0,0.0,17.935672258737083,34.861492356974839,12.0,30.0,0.0,17.60752555093782,35.620753085557968,22.0,30.0,0.0,17.609192811186568,35.616144257166897,12.0,30.0,0.0,16.90626789847396,38.137241067473699,12.0,30.0,0.0,18.917269315426379,33.387773369960829,12.0,30.0,0.0,16.585555308292784,38.35420006735932,10.0,30.0,0.0,13.643733852408954,46.8105577299997,12.0,30.0,0.0,17.154939593473374,37.431584759691819,20.0,30.0,0.0,16.782400740956335,0.0,0.0,0.0,11.527660351025105,0.0,0.0,483.2584897050399,484.7286591052865,489.26266287013899,481.5369081315848,547.0318211243769,801.3588297269237,543.123234793374,631.3849899064201,749.9278257013616,0.0,80.09283873276863,80.09283873276863,60.0,0.0,60.0,60.0,12.0,12.0,12.0,19.0,12.0,12.0,21.0,10.0,0.0,0.0,0.0,0.0,0.0,0.0,0.0,0.0,0.0,0.0,0.0,0.0,0.0,80.09283873276863,80.09283873276863,0.0,0.0,0.0,80.09283873276863,0.0,0.0,0.0006600000000000001 
 03/12  03:10:00,2.158333333333333,96.0,2.578333333333333,0.0,0.0,0.0,0.0,0.0,2.0,2.0,0.0,0.0,0.0,0.0,0.0,840.0,0.0,0.0,0.0,0.0,0.0,0.0,0.0,0.0,0.0,0.0,0.0,18.117669276912268,-223.37069836314368,18.200373083606146,-239.0383353256982,17.793698627124209,-79.81948844444469,17.863439947195066,-158.42113547043778,16.89306163152662,-4.421436665501176,18.69707274151171,-50.89693767543116,16.661815570112809,-60.18290684293197,14.15397809113082,-236.75441885906276,17.04073652591051,-94.58904562239553,534.3548573231174,725.1673823267165,0.0,0.0,0.0,0.0,0.0,0.0,0.0,0.0,0.0,0.0,0.0,0.0,0.0,0.0,0.0,0.0,0.0,0.0,0.0,0.0,0.0,0.0,1.651386429850756,0.504086211798155,300.54142659843378,366.67166819814897,9606.171405072893,0.29362272079748449,0.044814212575928647,166.84472752937797,203.66295326532689,5333.933350811481,3.079096085694685,0.5818397743187238,242.61569286927074,295.94043405177129,7750.935551891849,0.31486999357131076,0.05949924292730738,131.65840036824404,160.55670254588393,4191.326538847365,0.0,0.0,6.602157992575354,8.074031775753428,200.36819069626336,0.0,0.0,13.498021756898636,16.398078358703523,461.97748129177389,0.0,0.0,76.15685421023199,93.26558275239433,2256.1407924759289,0.0,0.0,53.64237236764903,66.36853457223151,1277.970480595463,0.0,0.0,25.77055112334345,31.495571181590628,794.6953715863785,30.809438951050426,21.13130243556271,384.64179602726588,470.60131934450728,12498.914240341888,0.0,0.0,63.456009301930148,79.0953967306026,1242.3029650099998,0.0,17.629480146784716,35.36223615547699,22.0,30.0,0.0,17.716749105400184,35.122188486308477,12.0,30.0,0.0,17.451840060625359,35.822866218744859,22.0,30.0,0.0,17.62961513022435,35.48907845815741,12.0,30.0,0.0,16.86171225781195,38.07319903464186,12.0,30.0,0.0,18.856073030783436,33.358454951226409,12.0,30.0,0.0,16.489379470992064,38.37987355472195,10.0,30.0,0.0,13.564027317124669,46.84359512206079,12.0,30.0,0.0,17.11081313390881,37.355340229002539,20.0,30.0,0.0,16.748333237687928,0.0,0.0,0.0,11.44448018733897,0.0,0.0,479.21797146578367,480.91440599170599,488.2745688820312,482.8102693122097,544.8278506373167,796.7063361097203,539.4462983942713,630.3313190985942,744.4355407474811,0.0,80.09283873276863,80.09283873276863,60.0,0.0,60.0,60.0,12.0,12.0,12.0,19.0,12.0,12.0,21.0,10.0,0.0,0.0,0.0,0.0,0.0,0.0,0.0,0.0,0.0,0.0,0.0,0.0,0.0,80.09283873276863,80.09283873276863,0.0,0.0,0.0,80.09283873276863,0.0,0.0,0.0006799999999999999 
 03/12  03:20:00,2.116666666666667,96.0,2.566666666666667,0.0,0.0,0.0,0.0,0.0,2.0,2.0,0.0,0.0,0.0,0.0,0.0,840.0,0.0,0.0,0.0,0.0,0.0,0.0,0.0,0.0,0.0,0.0,0.0,17.9495637397766,-91.76797488187686,18.199046834883814,-281.3032477941962,17.76775935291911,-199.87958677974349,17.74720569102103,-123.97534223941102,16.845863524368416,-4.244311125087592,18.63227508336658,-50.06119517223746,16.6154443235255,-86.88894146943449,14.079553589001304,-237.34402530324315,16.99698577671999,-95.18792337383667,517.2669419161948,729.9467621296179,0.0,0.0,0.0,0.0,0.0,0.0,0.0,0.0,0.0,0.0,0.0,0.0,0.0,0.0,0.0,0.0,0.0,0.0,0.0,0.0,0.0,0.0,1.646406685537803,0.5025661433265578,295.7385749831277,360.8463197533669,9389.95868729346,0.28802518501021076,0.043959887822071237,151.56609689587709,184.64492493503847,4865.677886466434,2.9916504550670237,0.5653156566642148,255.56363000632264,311.99088775812609,8167.5193654862509,0.31255678052936466,0.05906212784001598,131.67735916217684,160.76148239091828,4167.170784300974,0.0,0.0,6.351446279276114,7.771102898662386,192.70221534396223,0.0,0.0,13.666766783319588,16.60546581493911,467.1004627219902,0.0,0.0,72.50783498291287,88.82889811496159,2148.495667440814,0.0,0.0,53.55123785230528,66.27097851636157,1271.912539387273,0.0,0.0,26.974752552460975,32.96830992168389,831.5635651376232,30.706441089779564,21.06065918366226,380.91337756784108,466.14444310026769,12334.079890796009,0.0,0.0,63.30297871164857,78.9254578338685,1233.6546681758592,0.0,17.40465338654002,35.79190439774415,22.0,30.0,0.0,17.786058697961903,34.912348259488968,12.0,30.0,0.0,17.463942530994467,35.652154239789329,22.0,30.0,0.0,17.469304673713613,35.626176753498537,12.0,30.0,0.0,16.813336741674907,37.99411384325481,12.0,30.0,0.0,18.788787106201036,33.347108926999599,12.0,30.0,0.0,16.447727282044057,38.3602277677574,10.0,30.0,0.0,13.48528682239331,46.864009000118347,12.0,30.0,0.0,17.06339298910278,37.282603739447839,20.0,30.0,0.0,16.647289577000799,0.0,0.0,0.0,11.358294080928737,0.0,0.0,479.9848909129168,483.06782576783038,487.03832402167088,477.4137977757551,543.3533188148108,794.691388122352,541.2660754620445,629.5346006153109,740.0148915230092,0.0,80.09283873276863,80.09283873276863,60.0,0.0,60.0,60.0,12.0,12.0,12.0,19.0,12.0,12.0,21.0,10.0,0.0,0.0,0.0,0.0,0.0,0.0,0.0,0.0,0.0,0.0,0.0,0.0,0.0,80.09283873276863,80.09283873276863,0.0,0.0,0.0,80.09283873276863,0.0,0.0,0.0006799999999999999 
 03/12  03:30:00,2.075,96.0,2.5549999999999999,0.0,0.0,0.0,0.0,0.0,2.0,2.0,0.0,0.0,0.0,0.0,0.0,840.0,0.0,0.0,0.0,0.0,0.0,0.0,0.0,0.0,0.0,0.0,0.0,17.964019472888027,-218.84685418185564,18.047697677564643,-234.8491431630057,17.648928249214543,-76.75160219086001,17.73054894687608,-158.50151516735969,16.799817612076589,-5.012784422275999,18.570794227663137,-51.757375676610937,16.540487943778936,-65.30137249775226,14.005619923077008,-239.4677136426543,16.95431414159845,-98.4753595862772,522.8853430783047,736.3249560803633,0.0,0.0,0.0,0.0,0.0,0.0,0.0,0.0,0.0,0.0,0.0,0.0,0.0,0.0,0.0,0.0,0.0,0.0,0.0,0.0,0.0,0.0,1.647193630035952,0.5028063583748328,295.2816227249642,360.391870996068,9405.021148560785,0.2931285601385936,0.04473879122994408,164.86476224725286,201.32191295733782,5251.781844266992,3.0772528498633848,0.581491468228153,236.6612913223861,288.774104171594,7538.559134289071,0.3136126942691506,0.059261658025160719,128.5219881198805,156.78364624489624,4078.3246399644369,0.0,0.0,6.627088388323409,8.10632654470137,201.00960138078194,0.0,0.0,13.640105144710205,16.576128819181198,465.70801609728928,0.0,0.0,75.58213271086007,92.59529883101965,2231.5402384167639,0.0,0.0,53.980819920405,66.81630584995819,1278.243535223242,0.0,0.0,26.720942918439119,32.664120794267677,823.6205636683759,30.655110540920537,21.025453045898865,376.56254833065608,460.87426229303505,12210.364456696168,0.0,0.0,63.737844425654817,79.48433980408422,1237.153113657346,0.0,17.48478051809124,35.40014022643723,22.0,30.0,0.0,17.5720498132968,35.17255991002199,12.0,30.0,0.0,17.314428930194766,35.851432627282409,22.0,30.0,0.0,17.49243602585179,35.498545976238677,12.0,30.0,0.0,16.767629526593816,37.94381725500645,12.0,30.0,0.0,18.727622564885495,33.32752442426168,12.0,30.0,0.0,16.35338100324399,38.390858193664929,10.0,30.0,0.0,13.407152457583255,46.90385344901327,12.0,30.0,0.0,17.01823081137232,37.221430400006678,20.0,30.0,0.0,16.611091318425819,0.0,0.0,0.0,11.277581384694706,0.0,0.0,476.554977844735,479.6906164067075,486.69149290370395,478.99544503893477,541.6708331143102,790.7600204290693,537.9268290252655,628.9917695659025,735.5709825975107,0.0,80.09283873276863,80.09283873276863,60.0,0.0,60.0,60.0,12.0,12.0,12.0,19.0,12.0,12.0,21.0,10.0,0.0,0.0,0.0,0.0,0.0,0.0,0.0,0.0,0.0,0.0,0.0,0.0,0.0,80.09283873276863,80.09283873276863,0.0,0.0,0.0,80.09283873276863,0.0,0.0,0.0006799999999999999 
 03/12  03:40:00,2.033333333333333,96.0,2.5433333333333336,0.0,0.0,0.0,0.0,0.0,2.0,2.0,0.0,0.0,0.0,0.0,0.0,840.0,0.0,0.0,0.0,0.0,0.0,0.0,0.0,0.0,0.0,0.0,0.0,17.79862682853983,-89.8830547950165,18.046159721321879,-276.1669794269419,17.621950192007256,-196.45050945831236,17.615093513243225,-126.13894256424374,16.751543178663178,-4.7832405689572259,18.506159971757258,-50.89281443024399,16.493196032697847,-90.8165880456229,13.932104583079245,-239.85280362349307,16.909730269148097,-98.97027373339091,507.0894042187474,740.5508113021482,0.0,0.0,0.0,0.0,0.0,0.0,0.0,0.0,0.0,0.0,0.0,0.0,0.0,0.0,0.0,0.0,0.0,0.0,0.0,0.0,0.0,0.0,1.6422685058244775,0.5013029627058845,290.83771938443047,354.9913674076496,9203.755274683097,0.2876959031940306,0.043909631134620059,149.64462592480116,182.37280790972887,4786.584923861532,2.990200329564189,0.5650416344603534,251.21153936807685,306.78954247703288,8002.583931099251,0.31125988888593916,0.0588170613919008,130.14016347489059,158.9434443367041,4105.466767806921,0.0,0.0,6.362165136775964,7.785871690417065,192.9037964205079,0.0,0.0,13.800139706169201,16.77296893096749,470.52103498513557,0.0,0.0,72.12133738756435,88.38637137706972,2129.730153829634,0.0,0.0,53.879477071002387,66.70574505157245,1272.0846287539208,0.0,0.0,27.985883116149489,34.211509087438169,862.2943355285008,30.556252853747144,20.957649419579668,374.71509330739556,458.7131087733689,12105.492189529785,0.0,0.0,63.57636721398602,79.30297454284735,1228.6981345087307,0.0,17.263532728084603,35.82305239993171,22.0,30.0,0.0,17.639945387263166,34.96706235747568,12.0,30.0,0.0,17.323555840170209,35.68740485176784,22.0,30.0,0.0,17.332943425520406,35.64054694819262,12.0,30.0,0.0,16.71818335832756,37.87869204423026,12.0,30.0,0.0,18.660645039997065,33.32354545896416,12.0,30.0,0.0,16.31112053029881,38.37808585509561,10.0,30.0,0.0,13.32984029517093,46.9310948655654,12.0,30.0,0.0,16.970108391222444,37.1607274772729,20.0,30.0,0.0,16.513613282974416,0.0,0.0,0.0,11.194183191741346,0.0,0.0,477.41226516865006,481.944507767672,485.25596121974407,474.1125819936934,540.5950599602342,789.32395907922,540.0103009461991,628.1992454864198,731.720478012553,0.0,80.09283873276863,80.09283873276863,60.0,0.0,60.0,60.0,12.0,12.0,12.0,19.0,12.0,12.0,21.0,10.0,0.0,0.0,0.0,0.0,0.0,0.0,0.0,0.0,0.0,0.0,0.0,0.0,0.0,80.09283873276863,80.09283873276863,0.0,0.0,0.0,80.09283873276863,0.0,0.0,0.0006799999999999999 
 03/12  03:50:00,1.9916666666666668,96.0,2.5316666666666669,0.0,0.0,0.0,0.0,0.0,2.0,2.0,0.0,0.0,0.0,0.0,0.0,840.0,0.0,0.0,0.0,0.0,0.0,0.0,0.0,0.0,0.0,0.0,0.0,17.812541128348629,-214.68833105426075,17.8973905363299,-230.83219795139486,17.50625206514173,-73.80082620477651,17.599321350863556,-158.90932381746348,16.704500016668633,-5.552560091520547,18.444730805148706,-52.52559581531156,16.418659558429554,-69.79144878706029,13.859094026975413,-241.81377994306286,16.866182033371304,-102.0601807267127,512.3303270175456,746.5936625151563,0.0,0.0,0.0,0.0,0.0,0.0,0.0,0.0,0.0,0.0,0.0,0.0,0.0,0.0,0.0,0.0,0.0,0.0,0.0,0.0,0.0,0.0,1.6433627980639294,0.5016369957460103,290.5329230788295,354.7281277714536,9222.51206461178,0.29268599695621158,0.044671244956686759,162.9819886906439,199.09590794439382,5173.9299618142999,3.075659785582157,0.5811904356731213,231.21069018130943,282.21557972673579,7344.134309604052,0.3123777847205042,0.05902830399102496,125.76342749596208,153.46712077949173,3978.3885002805784,0.0,0.0,6.6445583204987079,8.129525346849868,201.39740476752065,0.0,0.0,13.76917019693283,16.738389238424938,468.98149953285175,0.0,0.0,75.1191511345411,92.06070509270487,2210.514372352742,0.0,0.0,54.295660473960968,67.23440232701512,1278.172255544278,0.0,0.0,27.776110054036317,33.96088359348282,855.6612307058111,30.506906317634969,20.923804058734555,369.1369484089412,451.93760316715295,11944.506820900962,0.0,0.0,63.99903868196263,79.84619387506625,1232.2082160196242,0.0,17.342298779089945,35.444963017095108,22.0,30.0,0.0,17.429793445004909,35.228253459013128,12.0,30.0,0.0,17.179091539151089,35.88607022607334,22.0,30.0,0.0,17.357674505718305,35.51538989211326,12.0,30.0,0.0,16.67149852226021,37.83966914888323,12.0,30.0,0.0,18.599564458298347,33.311708916297728,12.0,30.0,0.0,16.218499071466199,38.412740934160748,10.0,30.0,0.0,13.253163877854716,46.97503063230421,12.0,30.0,0.0,16.9241293842383,37.110972109487779,20.0,30.0,0.0,16.475550234285543,0.0,0.0,0.0,11.11609693732104,0.0,0.0,474.6531135788216,478.9353560824956,485.5555413385523,476.30374875114378,539.3083341631119,785.9590709141058,536.8355434670305,627.7252631933641,727.6839599852306,0.0,80.09283873276863,80.09283873276863,60.0,0.0,60.0,60.0,12.0,12.0,12.0,19.0,12.0,12.0,21.0,10.0,0.0,0.0,0.0,0.0,0.0,0.0,0.0,0.0,0.0,0.0,0.0,0.0,0.0,80.09283873276863,80.09283873276863,0.0,0.0,0.0,80.09283873276863,0.0,0.0,0.0006866666666666667 
 03/12  04:00:00,1.95,96.0,2.52,0.0,0.0,0.0,0.0,0.0,2.0,2.0,0.0,0.0,0.0,0.0,0.0,840.0,0.0,0.0,0.0,0.0,0.0,0.0,0.0,0.0,0.0,0.0,0.0,17.64711233923631,-90.31413498992925,17.89414001103469,-275.09219548876447,17.47745218265211,-194.16431918040144,17.486858595563619,-125.17456555686568,16.655292155692935,-5.2443915438418,18.380270695773555,-51.635299289204,16.370342779186794,-94.82409437203046,13.786530342659635,-241.9531006757885,16.820854009410608,-102.66901144167588,494.69099022044068,750.1513555244817,0.0,0.0,0.0,0.0,0.0,0.0,0.0,0.0,0.0,0.0,0.0,0.0,0.0,0.0,0.0,0.0,0.0,0.0,0.0,0.0,0.0,0.0,1.639043275431698,0.500318460143986,284.72908014004306,347.64807359779,8981.28860454437,0.28741222231403809,0.043866334297014367,149.2363139749828,181.94624142372406,4755.649848917522,2.98177445840672,0.5634494441433713,236.34424020544444,288.7301780059745,7507.381144289274,0.31004379060003819,0.05858726201814779,120.75717981450087,147.5303161907848,3799.8647271458205,0.0,0.0,6.351021420043235,7.773959163758079,192.41934431908323,0.0,0.0,13.927958508963887,16.9337527844159,473.7407010491741,0.0,0.0,71.63643791133372,87.82285046148175,2108.2518039553517,0.0,0.0,54.163221927469738,67.08490514054617,1271.4379873246604,0.0,0.0,28.914175459943949,35.35383771025806,890.3606276554185,30.411636766188058,20.85846143085601,360.00969029530247,440.85449615156366,11618.918860786767,0.0,0.0,63.80674767189869,79.62559394892567,1223.4609060645947,0.0,17.119318547004043,35.8591109975267,22.0,30.0,0.0,17.493407450452879,35.0358953535668,12.0,30.0,0.0,17.183816918668556,35.700374701243159,22.0,30.0,0.0,17.20364490560447,35.61960053758713,12.0,30.0,0.0,16.621154188677225,37.78621278511447,12.0,30.0,0.0,18.532891087780535,33.31381192766875,12.0,30.0,0.0,16.175100796680178,38.407025351517237,10.0,30.0,0.0,13.177374797583209,47.00747951696589,12.0,30.0,0.0,16.875387931206647,37.058260520335398,20.0,30.0,0.0,16.37107198050662,0.0,0.0,0.0,11.035000226010994,0.0,0.0,474.8930186828098,481.885481204706,482.5677385052127,469.91626390763568,538.5360958449446,784.9520066840485,539.2553088807243,626.9442077575097,724.1783360144229,0.0,80.09283873276863,80.09283873276863,60.0,0.0,60.0,60.0,12.0,12.0,12.0,19.0,12.0,12.0,21.0,10.0,0.0,0.0,0.0,0.0,0.0,0.0,0.0,0.0,0.0,0.0,0.0,0.0,0.0,80.09283873276863,80.09283873276863,0.0,0.0,0.0,80.09283873276863,0.0,0.0,0.0006933333333333333 
 03/12  04:10:00,1.92,96.16666666666666,2.526666666666667,0.0,0.0,0.0,0.0,0.0,2.0,2.0,0.0,0.0,0.0,0.0,0.0,840.0,0.0,0.0,0.0,0.0,0.0,0.0,0.0,0.0,0.0,0.0,0.0,17.6621805216124,-210.53560921861755,17.747385886661996,-225.80042364116935,17.365167951992718,-70.76926774357162,17.4706921504931,-159.79330073586517,16.60738141922289,-6.064995400404044,18.31893899803919,-53.28310714345537,16.295872850664784,-73.96869041288346,13.714441612326237,-243.78385044911273,16.77645273317696,-105.64687202902747,500.29294567506897,755.6253510723188,0.0,0.0,0.0,0.0,0.0,0.0,0.0,0.0,0.0,0.0,0.0,0.0,0.0,0.0,0.0,0.0,0.0,0.0,0.0,0.0,0.0,0.0,1.6388184385479159,0.50024982861658,285.6553594463412,348.96166268051857,9032.172699880979,0.2921737841043861,0.04459306839200033,161.02712900226957,196.81361538590449,5090.97443174434,3.0758450001888124,0.5812254346539707,225.53227728327597,275.42024909844039,7140.0380596632389,0.31082979183959449,0.05873578832947739,122.80993296106849,149.93381907262998,3871.3761294878029,0.0,0.0,6.649791465717119,8.139173874469848,201.26577618590125,0.0,0.0,13.887700622874413,16.890772288396645,471.6342743288751,0.0,0.0,74.6258133222571,91.50391886858323,2187.2471497850126,0.0,0.0,54.5559562882339,67.5960110485747,1275.9439188200138,0.0,0.0,28.735049946328716,35.14675283024205,884.0833867541317,30.297163330974063,20.779947414934207,361.5570897402501,442.87779787402089,11667.741512452316,0.0,0.0,64.1884261018052,80.1310572159303,1225.020979214924,0.0,17.200431181014197,35.50414324125482,22.0,30.0,0.0,17.28681144444802,35.30667810358211,12.0,30.0,0.0,17.045171220006858,35.927573225396589,22.0,30.0,0.0,17.226856027299627,35.519297987784998,12.0,30.0,0.0,16.573636712636146,37.76143158615801,12.0,30.0,0.0,18.47188584445189,33.31347778004049,12.0,30.0,0.0,16.083483187394486,38.45097663950591,10.0,30.0,0.0,13.10211873763794,47.060629641574539,12.0,30.0,0.0,16.82858840848362,37.023781945012377,20.0,30.0,0.0,16.341912035160715,0.0,0.0,0.0,10.959078984722439,0.0,0.0,473.51069883388598,479.2910377054093,484.7115132280585,472.92631506216858,537.4768228514586,782.0682971135246,536.3318324719896,626.7142146767881,720.7021793562997,0.0,80.09283873276863,80.09283873276863,60.0,0.0,60.0,60.0,12.0,12.0,12.0,19.0,12.0,12.0,21.0,10.0,0.0,0.0,0.0,0.0,0.0,0.0,0.0,0.0,0.0,0.0,0.0,0.0,0.0,80.09283873276863,80.09283873276863,0.0,0.0,0.0,80.09283873276863,0.0,0.0,0.0007000000000000001 
 03/12  04:20:00,1.8900000000000002,96.33333333333333,2.533333333333333,0.0,0.0,0.0,0.0,0.0,2.0,2.0,0.0,0.0,0.0,0.0,0.0,840.0,0.0,0.0,0.0,0.0,0.0,0.0,0.0,0.0,0.0,0.0,0.0,17.501669137616099,-86.61680003653192,17.744998854723943,-267.91465184860217,17.335980686100393,-189.20309740799667,17.35816347308447,-126.65893897886804,16.557347744019027,-5.700420037781072,18.254712734104407,-52.36149302598358,16.247149635978276,-97.78525454483156,13.64274637680052,-243.8024240891175,16.73037713502731,-106.33744428532373,482.0306685854357,758.7342836426191,0.0,0.0,0.0,0.0,0.0,0.0,0.0,0.0,0.0,0.0,0.0,0.0,0.0,0.0,0.0,0.0,0.0,0.0,0.0,0.0,0.0,0.0,1.6331721151761372,0.4985262866838026,278.3836294107522,340.1305891176389,8744.539448120904,0.2869913634805795,0.0438021006533241,145.73659920849597,177.80198043552606,4623.0155029719639,2.990614844400546,0.5651199630386521,232.52847696880998,284.2677006393577,7356.779599729993,0.30852607861041805,0.05830046836931556,119.6800765688837,146.31849100775259,3750.4745197378836,0.0,0.0,6.381840412934826,7.815980526799159,192.94387996923218,0.0,0.0,14.026718986406295,17.065092010531254,475.45615414220108,0.0,0.0,71.28487212234451,87.4514562197178,2088.171115955986,0.0,0.0,54.42176045749292,67.45546790610664,1268.202748242481,0.0,0.0,29.766536073570305,36.4165235850613,914.8528135552722,30.140945234581339,20.672801944157304,352.53939907060779,431.9926722595462,11342.248923014555,0.0,0.0,63.97878653760961,79.90150846890006,1214.9366953544559,0.0,16.985765849118999,35.92105997265134,22.0,30.0,0.0,17.3511191632968,35.12555806870117,12.0,30.0,0.0,17.048475805810655,35.7756998424205,22.0,30.0,0.0,17.072380977529578,35.6740064503516,12.0,30.0,0.0,16.522508884384288,37.723965996328107,12.0,30.0,0.0,18.405542898431535,33.327268415046919,12.0,30.0,0.0,16.040159546863899,38.46116541014761,10.0,30.0,0.0,13.027644071104986,47.10531855176585,12.0,30.0,0.0,16.779193834389113,36.98749731939059,20.0,30.0,0.0,16.24342778854311,0.0,0.0,0.0,10.880609211219351,0.0,0.0,473.93077938916556,481.818923519971,482.2143610446444,468.43217116579776,536.9784465108621,781.603421321374,538.828780786986,626.1389674253145,717.8700905326361,0.0,80.09283873276863,80.09283873276863,60.0,0.0,60.0,60.0,12.0,12.0,12.0,19.0,12.0,12.0,21.0,10.0,0.0,0.0,0.0,0.0,0.0,0.0,0.0,0.0,0.0,0.0,0.0,0.0,0.0,80.09283873276863,80.09283873276863,0.0,0.0,0.0,80.09283873276863,0.0,0.0,0.0006933333333333333 
 03/12  04:30:00,1.8599999999999999,96.5,2.54,0.0,0.0,0.0,0.0,0.0,2.0,2.0,0.0,0.0,0.0,0.0,0.0,840.0,0.0,0.0,0.0,0.0,0.0,0.0,0.0,0.0,0.0,0.0,0.0,17.51479396405277,-206.01794995935325,17.601751973052097,-221.49345234534145,17.228144494799574,-66.53713071859852,17.342898784194966,-158.8032473535518,16.508664104677835,-6.529484361638808,18.19351086496916,-53.87741337519981,16.173546924959284,-77.51476509041095,13.571533616053124,-245.42812223223064,16.68514908299221,-109.15860152675669,486.6880443377322,763.7520115510615,0.0,0.0,0.0,0.0,0.0,0.0,0.0,0.0,0.0,0.0,0.0,0.0,0.0,0.0,0.0,0.0,0.0,0.0,0.0,0.0,0.0,0.0,1.6341733171639626,0.49883190389620349,279.3511292704062,341.4960257129334,8795.197426836483,0.2915964940323366,0.044504959406644787,158.69684752229595,194.09864766141005,4995.626778606951,3.0811171038468885,0.5822216749521711,217.0197770984667,265.1895047714804,6847.663938932956,0.30948474553051255,0.05848162236026312,118.10634684344227,144.28083170711646,3708.2858681964,0.0,0.0,6.6482595484981339,8.14196457659308,200.7837476801211,0.0,0.0,13.979119329153758,17.01314711990723,473.10490423534386,0.0,0.0,74.23622444544651,91.08831372703674,2166.0342360136548,0.0,0.0,54.80106263558212,67.9500370727155,1272.4513690868135,0.0,0.0,29.5484546788646,36.16177965652989,907.3194472639623,30.027345411718039,20.594887113661217,350.56572152703316,429.69131298405116,11284.879542537798,0.0,0.0,64.34738125466838,80.39028402616154,1216.5088305500186,0.0,17.062798850873564,35.6038293318162,22.0,30.0,0.0,17.14989514550097,35.415201244606,12.0,30.0,0.0,16.91743656269285,36.00520820148226,22.0,30.0,0.0,17.097334887882874,35.58309957645243,12.0,30.0,0.0,16.474257669266586,37.7090148633671,12.0,30.0,0.0,18.344724513947655,33.33622546096376,12.0,30.0,0.0,15.950780105066894,38.52097636463128,10.0,30.0,0.0,12.953751776355137,47.16510400772816,12.0,30.0,0.0,16.73159179260344,36.96614207403701,20.0,30.0,0.0,16.210918937473815,0.0,0.0,0.0,10.807385507964991,0.0,0.0,472.96338234419059,479.51267313407586,484.7367534632125,471.73305653842956,536.2249593836619,779.2495331867339,536.2257712563392,626.1284976566568,715.3547330095348,0.0,80.09283873276863,80.09283873276863,60.0,0.0,60.0,60.0,12.0,12.0,12.0,19.0,12.0,12.0,21.0,10.0,0.0,0.0,0.0,0.0,0.0,0.0,0.0,0.0,0.0,0.0,0.0,0.0,0.0,80.09283873276863,80.09283873276863,0.0,0.0,0.0,80.09283873276863,0.0,0.0,0.0006866666666666667 
 03/12  04:40:00,1.83,96.66666666666666,2.546666666666667,0.0,0.0,0.0,0.0,0.0,2.0,2.0,0.0,0.0,0.0,0.0,0.0,840.0,0.0,0.0,0.0,0.0,0.0,0.0,0.0,0.0,0.0,0.0,0.0,17.358744868158895,-82.74384156107362,17.59927649504054,-261.46449676135799,17.197015517451037,-184.8789882719484,17.23078066129196,-128.15139000299565,16.457894287011187,-6.127987324650832,18.129539801872715,-52.96146247238022,16.12439415374483,-100.35455325253884,13.500722615101737,-245.27838649845229,16.638391296386858,-109.86503153280228,470.6782106406108,766.5307950375839,0.0,0.0,0.0,0.0,0.0,0.0,0.0,0.0,0.0,0.0,0.0,0.0,0.0,0.0,0.0,0.0,0.0,0.0,0.0,0.0,0.0,0.0,1.6278176312657516,0.49689182883569957,272.55726149270239,333.23144658107608,8527.396289726734,0.286572219573956,0.04373812875060379,142.3279413021691,173.75912810798355,4495.262711195795,2.999860903582709,0.5668671397548583,229.80261763100564,281.127547621983,7242.444281467024,0.30717424980208565,0.058045020748693419,119.28872141794249,145.94133424073773,3723.1613270028849,0.0,0.0,6.403480698128369,7.846837050093207,193.1693018911085,0.0,0.0,14.109558190360819,17.177122144627945,476.6248332192762,0.0,0.0,71.0326998342712,87.2005683723955,2071.36132393104,0.0,0.0,54.67238483046755,67.81588102176161,1264.9835372858022,0.0,0.0,30.516912968756527,37.3555585512391,936.0329085898592,29.88338609240168,20.496149583265905,346.1720763388146,424.46457228206,11102.481751242844,0.0,0.0,64.14798043238373,80.17236491951094,1207.0261022816608,0.0,16.85544980930952,36.01843853062384,22.0,30.0,0.0,17.21317226294706,35.24205548765695,12.0,30.0,0.0,16.916184630176603,35.88452816493613,22.0,30.0,0.0,16.942976010565464,35.770560762374177,12.0,30.0,0.0,16.422433005107636,37.68648959752126,12.0,30.0,0.0,18.27878218576795,33.36122887254528,12.0,30.0,0.0,15.907238317686915,38.54428889874238,10.0,30.0,0.0,12.880647087227026,47.22264465526604,12.0,30.0,0.0,16.681630358627055,36.945573747379928,20.0,30.0,0.0,16.118639202955735,0.0,0.0,0.0,10.731932208749442,0.0,0.0,473.5661088345114,481.956134689937,482.2465906615164,467.6864561180322,536.0096087146845,779.2037490453724,538.9116341364486,625.8071924688444,713.1319229973861,0.0,80.09283873276863,80.09283873276863,60.0,0.0,60.0,60.0,12.0,12.0,12.0,19.0,12.0,12.0,21.0,10.0,0.0,0.0,0.0,0.0,0.0,0.0,0.0,0.0,0.0,0.0,0.0,0.0,0.0,80.09283873276863,80.09283873276863,0.0,0.0,0.0,80.09283873276863,0.0,0.0,0.0006799999999999999 
 03/12  04:50:00,1.8,96.83333333333334,2.5533333333333334,0.0,0.0,0.0,0.0,0.0,2.0,2.0,0.0,0.0,0.0,0.0,0.0,840.0,0.0,0.0,0.0,0.0,0.0,0.0,0.0,0.0,0.0,0.0,0.0,17.369392455417296,-202.03354684410716,17.458608507853648,-217.62320629824627,17.092931620826869,-62.367930215385289,17.216276740212913,-157.97690528773388,16.408509602175358,-6.950921263386732,18.068491183026834,-54.38986990061875,16.051471068669686,-80.6950504655349,13.430425195403977,-246.68765438947094,16.592430073749556,-112.52549029592064,474.4226140811843,771.1181578167442,0.0,0.0,0.0,0.0,0.0,0.0,0.0,0.0,0.0,0.0,0.0,0.0,0.0,0.0,0.0,0.0,0.0,0.0,0.0,0.0,0.0,0.0,1.6294378808267203,0.49738641050876689,273.6518239237579,334.75589506631106,8579.909584323832,0.2909675437927152,0.04440896578032894,156.55952414054469,191.6135022685417,4907.75551785754,3.0833556304207199,0.5826446769502496,209.07672438452927,255.638864203874,6575.654970805036,0.30814407364153886,0.05822828300104663,113.58011287784714,138.83538758311625,3552.198169017805,0.0,0.0,6.64561024777984,8.143387522863963,200.25003879259334,0.0,0.0,14.059661750540336,17.122325381647376,474.20194342336176,0.0,0.0,73.90992637212742,90.74885455363352,2146.972251292566,0.0,0.0,55.03481613556473,68.28954324566218,1268.91130320074,0.0,0.0,30.272059031977848,37.067983151336118,927.6301857345086,29.790756770150624,20.432617812174649,340.3619568093104,417.4499214810088,10929.787544647956,0.0,0.0,64.50454691535095,80.64567994433183,1208.6419886965228,0.0,16.92725757996307,35.73628424840352,22.0,30.0,0.0,17.015672928506456,35.55077163424147,12.0,30.0,0.0,16.791554422291097,36.11375776803469,22.0,30.0,0.0,16.96943067769018,35.684245454329559,12.0,30.0,0.0,16.373511127816749,37.68520171994368,12.0,30.0,0.0,18.21816758213963,33.38277445179638,12.0,30.0,0.0,15.819576764131448,38.622238437255507,10.0,30.0,0.0,12.808179466417866,47.29552754402784,12.0,30.0,0.0,16.633355167389657,36.94085234658985,20.0,30.0,0.0,16.08084425181483,0.0,0.0,0.0,10.661405326520658,0.0,0.0,472.810126592836,479.81565465661938,485.0133944143446,471.13427749153518,535.5510134175491,777.2624755277198,536.5064930107624,626.0023086840972,711.3556815101599,0.0,80.09283873276863,80.09283873276863,60.0,0.0,60.0,60.0,12.0,12.0,12.0,19.0,12.0,12.0,21.0,10.0,0.0,0.0,0.0,0.0,0.0,0.0,0.0,0.0,0.0,0.0,0.0,0.0,0.0,80.09283873276863,80.09283873276863,0.0,0.0,0.0,80.09283873276863,0.0,0.0,0.0006733333333333332 
 03/12  05:00:00,1.77,97.0,2.56,0.0,0.0,0.0,0.0,0.0,2.0,2.0,0.0,0.0,0.0,0.0,0.0,840.0,0.0,0.0,0.0,0.0,0.0,0.0,0.0,0.0,0.0,0.0,0.0,17.2170843465654,-78.9695565146626,17.45568086976178,-255.62922491952259,17.059717051025666,-181.1184210041215,17.104222105511718,-129.58469502538106,16.35707553985859,-6.525053470224904,18.004763377079585,-53.50011711926203,16.001869359252589,-102.68965628863794,13.360540262957248,-246.37617878518678,16.545058818423546,-113.23742720706173,460.6537312233231,773.5041402314104,0.0,0.0,0.0,0.0,0.0,0.0,0.0,0.0,0.0,0.0,0.0,0.0,0.0,0.0,0.0,0.0,0.0,0.0,0.0,0.0,0.0,0.0,1.6224242718075326,0.4952455042147536,267.55964446702026,327.33433243079318,8337.926119590013,0.2860642887083891,0.04366060572472362,139.33538737394387,170.2173850480759,4382.039626637486,3.005788479059551,0.5679872409409584,227.80426353967989,278.8703921997596,7151.875010101068,0.305810569879326,0.05778733368845916,119.22118065938196,145.95835349673207,3706.235023285746,0.0,0.0,6.421796824147123,7.873667398593911,193.2749874828857,0.0,0.0,14.185133010336717,17.28033709564224,477.5432752934223,0.0,0.0,70.81203008511823,86.98725975790325,2055.7192137194617,0.0,0.0,54.903770429859857,68.15194839228849,1261.541926525361,0.0,0.0,31.198525909404279,38.21136117532149,954.9430725281627,29.65547370771684,20.339831075251614,340.9554947043006,418.3352452843543,10899.727040865026,0.0,0.0,64.30638760135412,80.42822931523179,1199.5475429008439,0.0,16.72605181510487,36.1484937996083,22.0,30.0,0.0,17.077343567323206,35.38462575806692,12.0,30.0,0.0,16.7855192310009,36.02062271641907,22.0,30.0,0.0,16.814618883168678,35.89998635481241,12.0,30.0,0.0,16.3210527192876,37.68005014130608,12.0,30.0,0.0,18.152580941093996,33.4207781162233,12.0,30.0,0.0,15.775684896565654,38.65834134329876,10.0,30.0,0.0,12.736500280144995,47.369372236890729,12.0,30.0,0.0,16.582905956924564,36.93815608033229,20.0,30.0,0.0,15.99507776489287,0.0,0.0,0.0,10.588641060126065,0.0,0.0,473.5619480708087,482.2423728259906,482.48541453208056,467.3761668748908,535.5836359895773,777.5200420400734,539.3504535817317,625.9403301555205,709.5755056272503,0.0,80.09283873276863,80.09283873276863,60.0,0.0,60.0,60.0,12.0,12.0,12.0,19.0,12.0,12.0,21.0,10.0,0.0,0.0,0.0,0.0,0.0,0.0,0.0,0.0,0.0,0.0,0.0,0.0,0.0,80.09283873276863,80.09283873276863,0.0,0.0,0.0,80.09283873276863,0.0,0.0,0.0006666666666666668 
 03/12  05:10:00,1.795,97.0,2.6133333333333335,0.0,0.0,0.0,0.0,0.0,2.0,2.0,0.0,0.0,0.0,0.0,0.0,420.0,0.0,0.0,0.0,0.0,0.0,0.0,0.0,0.0,0.0,0.0,0.0,17.22190691184594,-135.09275867056204,17.375856171012683,-163.2009485365511,17.02059079377065,-11.772816696671726,17.046157212388907,-175.0718368728917,16.300890001192344,-7.372433159376527,17.93634010844992,-54.843204828770698,15.947296943722816,-72.57521077911815,13.290583610205378,-239.50534753153648,16.494097467921479,-112.89543641678552,429.87305162583837,781.1405633234726,0.0,0.0,0.0,0.0,0.0,0.0,0.0,0.0,0.0,0.0,0.0,0.0,0.0,0.0,0.0,0.0,0.0,0.0,0.0,0.0,0.0,0.0,1.6006391701572729,0.48859559528610288,172.22706265250836,210.4544696609035,5375.360984289609,0.29652608624910267,0.04525733917110847,81.26598268290437,99.23148492287409,2556.2682357061555,3.1215673662597469,0.5898653375396349,252.03894779016913,307.9695297374492,7892.400523366453,0.31025847917383789,0.05862783053171538,117.66675698395159,143.80157721200266,3640.8195118549886,0.0,0.0,6.734437979566988,8.243382361519713,201.55817467497486,0.0,0.0,14.085608269145239,17.134511852124328,471.5042766777695,0.0,0.0,75.52955993155106,92.6276610736246,2181.2139774014156,0.0,0.0,55.233773585827488,68.46046747211297,1258.471164447584,0.0,0.0,30.406336250841023,37.18570073424406,925.9071012700133,29.56570536103948,20.278261564498967,254.23900584498834,311.67712618064606,8249.44457535952,0.0,0.0,64.64934383684785,80.73620293886316,1194.3970156745534,0.0,16.785944928133305,35.932263870153558,22.0,30.0,0.0,16.99971274393562,35.399515867395027,12.0,30.0,0.0,16.7897816954785,36.057205537607099,22.0,30.0,0.0,16.753717123085488,35.946624392394969,12.0,30.0,0.0,16.259182727894037,37.69449855407435,12.0,30.0,0.0,18.07659696202052,33.47531405508699,12.0,30.0,0.0,15.725021104491037,38.776218732416307,10.0,30.0,0.0,12.664069928236522,47.524667209632138,12.0,30.0,0.0,16.525241740280117,36.97558033102252,20.0,30.0,0.0,15.850195498007047,0.0,0.0,0.0,10.524905323897354,0.0,0.0,476.0358746658695,464.6953846651554,481.89638667149878,462.1646451463163,536.8850117241198,778.3659666367415,538.1707123757872,626.6955375292592,711.4236178410068,0.0,80.09283873276863,80.09283873276863,60.0,0.0,60.0,60.0,12.0,12.0,12.0,19.0,12.0,12.0,21.0,10.0,0.0,0.0,0.0,0.0,0.0,0.0,0.0,0.0,0.0,0.0,0.0,0.0,0.0,80.09283873276863,80.09283873276863,0.0,0.0,0.0,80.09283873276863,0.0,0.0,0.0006600000000000001 
 03/12  05:20:00,1.82,97.0,2.666666666666667,0.0,0.0,0.0,0.0,0.0,2.0,2.0,0.0,0.0,0.0,0.0,0.0,420.0,0.0,0.0,0.0,0.0,0.0,0.0,0.0,0.0,0.0,0.0,0.0,17.27583319235076,-19.831667354425919,17.27096956267021,-293.4483159704014,16.927254038873629,-141.62420024289578,17.076748540903055,-11.575575100697279,16.250831160264874,-6.073445924938625,17.876411868902708,-51.290769858234117,15.887532423128129,-88.49235045602654,13.226319533948186,-240.39109391443913,16.449130858142249,-111.85976639650744,376.85261274057486,786.049154602377,0.0,0.0,0.0,0.0,0.0,0.0,0.0,0.0,0.0,0.0,0.0,0.0,0.0,0.0,0.0,0.0,0.0,0.0,0.0,0.0,0.0,0.0,1.5963737592437744,0.4872935773027394,144.31871133985619,176.2357511552939,4557.043155637292,0.28747615954532948,0.04387609272669864,142.38882449462018,173.95122068470915,4422.328713615267,3.0182553899967097,0.5703430442170655,58.19486869232686,71.14077459088924,1874.372215064524,0.31193419730528279,0.05894448172813354,62.373777028074638,76.18884877246012,1947.223940135495,0.0,0.0,6.354077167483574,7.778990976848709,189.22789016958147,0.0,0.0,13.982484421752398,17.012246309857678,465.7286885460391,0.0,0.0,73.0315358441575,89.58451413652145,2095.4227415703278,0.0,0.0,55.32168867910452,68.5834959030491,1250.5749856523055,0.0,0.0,30.2301200230885,36.97526085140075,916.2548425997031,29.428145922806885,20.183913527302399,159.10018773724807,195.19067317027183,5388.3401220808459,0.0,0.0,64.66346117775253,80.77033692801816,1182.7547429651598,0.0,16.969986275893914,35.487153659683468,22.0,30.0,0.0,16.84960171664464,35.759766218716219,12.0,30.0,0.0,16.657828233821438,36.259410583821559,22.0,30.0,0.0,16.88420120546615,35.80784210138735,12.0,30.0,0.0,16.210082240977756,37.74781000227522,12.0,30.0,0.0,18.01787115666456,33.53453292159622,12.0,30.0,0.0,15.656873821883777,38.83526991872865,10.0,30.0,0.0,12.601495649920058,47.62303422274955,12.0,30.0,0.0,16.479666388444504,37.04219522118144,20.0,30.0,0.0,15.630068237217524,0.0,0.0,0.0,10.460867607224094,0.0,0.0,469.79651289718358,479.7754306329368,493.9244684681826,478.5819931137773,536.8816642066726,776.615621878643,538.6865458230637,625.6973031957957,712.4707226574205,0.0,80.09283873276863,80.09283873276863,60.0,0.0,60.0,60.0,12.0,12.0,12.0,19.0,12.0,12.0,21.0,10.0,0.0,0.0,0.0,0.0,0.0,0.0,0.0,0.0,0.0,0.0,0.0,0.0,0.0,80.09283873276863,80.09283873276863,0.0,0.0,0.0,80.09283873276863,0.0,0.0,0.0006600000000000001 
 03/12  05:30:00,1.845,97.0,2.7199999999999999,0.0,0.0,0.0,0.0,0.0,2.0,2.0,0.0,0.0,0.0,0.0,0.0,1260.0,0.0,0.0,0.0,0.0,0.0,0.0,0.0,0.0,0.0,0.0,0.0,17.13722465251344,-138.23370257545893,17.24040550773322,-190.18598692976543,16.91431006328024,-25.508297943870418,16.997372348885059,-176.9402602299217,16.207338378508334,-7.017158831341283,17.824848719069064,-53.37482470089193,15.84577788584607,-86.1041369782674,13.167541325912542,-247.72479904367058,16.41021049287171,-115.42242266457957,401.8138483179261,787.654867375657,0.0,0.0,0.0,0.0,0.0,0.0,0.0,0.0,0.0,0.0,0.0,0.0,0.0,0.0,0.0,0.0,0.0,0.0,0.0,0.0,0.0,0.0,1.6041168160331219,0.4896571477512581,171.2206003513196,209.82096757105638,5302.92588606207,0.2938751668290033,0.04485274219001881,106.05171517724932,129.79068059568949,3292.0827781298087,3.015847116769394,0.5698879661317826,146.5292349544152,179.61949543248967,4583.315162579669,0.3033816441399504,0.05732835301208432,82.53603352733372,101.15845804474168,2547.5317248922394,0.0,0.0,6.574996455053854,8.068974124410275,194.93303515302763,0.0,0.0,13.915389269016457,16.97090794221939,461.4486093695115,0.0,0.0,74.28520917847897,91.3387677559382,2122.4486546375608,0.0,0.0,55.5976445602532,69.09334959010465,1247.6385736922749,0.0,0.0,30.657898125753634,37.586340739126288,925.2649366338653,29.331511607841148,20.11763484762767,204.35834304200163,251.33148343881127,6706.221720338441,0.0,0.0,64.88751930456336,81.25094911764353,1174.5271043625008,0.0,16.739165261330279,36.00022970382018,21.999999999999994,29.99999999999999,0.0,16.871975889663444,35.69218661333029,11.999999999999995,29.99999999999999,0.0,16.70442506410766,36.130968472756169,21.999999999999994,29.99999999999999,0.0,16.756633758506049,35.942116890262919,11.999999999999995,29.99999999999999,0.0,16.17403929214234,37.77407467708151,11.999999999999995,29.99999999999999,0.0,17.974906695632315,33.58143231658916,11.999999999999995,29.99999999999999,0.0,15.62682908781688,38.84189743999775,9.999999999999997,29.99999999999999,0.0,12.549615576673002,47.71639830845974,11.999999999999995,29.99999999999999,0.0,16.445944869844199,37.06516047878385,19.999999999999994,29.99999999999999,0.0,15.668052532802327,0.0,0.0,0.0,10.396989973993583,0.0,0.0,477.7470034386493,477.12313270313259,481.6500089214833,471.4020298210396,536.5814207675903,777.7435855274047,535.039633709431,624.950948460438,711.495818465795,0.0,80.0928387327686,80.0928387327686,59.99999999999998,0.0,59.99999999999998,59.99999999999998,12.0,12.0,12.0,19.0,12.0,12.0,21.0,10.0,0.0,0.0,0.0,0.0,0.0,0.0,0.0,0.0,0.0,0.0,0.0,0.0,0.0,80.0928387327686,80.0928387327686,0.0,0.0,0.0,80.0928387327686,0.0,0.0,0.0006600000000000001 
 03/12  05:40:00,1.8699999999999999,97.0,2.7733333333333336,0.0,0.0,0.0,0.0,0.0,2.0,2.0,0.0,0.0,0.0,0.0,0.0,840.0,0.0,0.0,0.0,0.0,0.0,0.0,0.0,0.0,0.0,0.0,0.0,17.067524176951694,-188.03802997085905,17.18333419161087,-137.1615057831028,16.876596341125575,-46.25745930524569,16.951368946494477,-98.80416761283166,16.154129007646156,-7.161789772114419,17.762016473544713,-53.226529125327477,15.791688388320834,-77.98563479518274,13.096595860714795,-245.86318220489043,16.361998472919475,-116.11374142918672,373.22402817356956,791.5247525094662,0.0,0.0,0.0,0.0,0.0,0.0,0.0,0.0,0.0,0.0,0.0,0.0,0.0,0.0,0.0,0.0,0.0,0.0,0.0,0.0,0.0,0.0,1.5986258106118905,0.4879810166702965,150.05758710802733,183.69762224107402,4620.69117221521,0.29633317409719148,0.04522789592447979,83.9197880746359,102.7792784688462,2592.760116900566,2.994837678115574,0.5659179285932683,114.11098349023061,139.68716357350355,3579.455792616476,0.3056635821477962,0.05775955822898644,44.05798317802801,53.95307192996449,1359.6550778103843,0.0,0.0,6.668277348548203,8.179355100140763,196.63587560486989,0.0,0.0,13.848105984105004,16.88316351374221,456.77873176377536,0.0,0.0,75.5408406462173,92.83817698360522,2146.5185685437679,0.0,0.0,55.7506468047197,69.26073732014777,1239.752994600926,0.0,0.0,30.37661327337404,37.22818782163294,912.1886444762355,29.228147931530068,20.04674069377921,152.05150330604364,186.8930623695615,5122.775838143194,0.0,0.0,65.00782612603914,81.37159426042075,1164.9746799788709,0.0,16.671677633594446,36.147968894209778,22.000000000000008,30.00000000000001,0.0,16.82514578692908,35.77433609678499,12.000000000000004,30.00000000000001,0.0,16.68710129515508,36.13099069199215,22.000000000000008,30.00000000000001,0.0,16.730763171949925,35.98029934977212,12.000000000000004,30.00000000000001,0.0,16.118879703986289,37.821753131609337,12.000000000000004,30.00000000000001,0.0,17.909511400396814,33.65729500141619,12.000000000000004,30.00000000000001,0.0,15.573414594234615,38.950603165391857,10.000000000000004,30.00000000000001,0.0,12.474239468746699,47.86460266857544,12.000000000000004,30.00000000000001,0.0,16.394167773359315,37.11452069694947,20.000000000000008,30.00000000000001,0.0,15.521294869979944,0.0,0.0,0.0,10.33403974833584,0.0,0.0,478.3887323102267,474.80591223585318,485.6153707136074,471.7312887648046,536.2710896534702,778.547974558672,538.4235314435783,624.5838059350128,710.7145473686587,0.0,80.09283873276866,80.09283873276866,60.00000000000002,0.0,60.00000000000002,60.00000000000002,12.0,12.0,12.0,19.0,12.0,12.0,21.0,10.0,0.0,0.0,0.0,0.0,0.0,0.0,0.0,0.0,0.0,0.0,0.0,0.0,0.0,80.09283873276866,80.09283873276866,0.0,0.0,0.0,80.09283873276866,0.0,0.0,0.0006600000000000001 
 03/12  05:50:00,1.895,97.0,2.8266666666666668,0.0,0.0,0.0,0.0,0.0,2.0,2.0,0.0,0.0,0.0,0.0,0.0,840.0,0.0,0.0,0.0,0.0,0.0,0.0,0.0,0.0,0.0,0.0,0.0,16.91063330160643,-86.00470937106684,17.145872451820418,-296.4480407413498,16.828062225903787,-67.38235423843776,16.915916005927899,-129.27514738616115,16.10229459609351,-6.773409122729177,17.700845613802323,-52.637666656358707,15.726248166969642,-108.49028329953319,13.026623272271419,-248.07972567824027,16.313830603521138,-118.41004589257853,400.51674189189228,788.541016105534,0.0,0.0,0.0,0.0,0.0,0.0,0.0,0.0,0.0,0.0,0.0,0.0,0.0,0.0,0.0,0.0,0.0,0.0,0.0,0.0,0.0,0.0,1.5943847164708778,0.48668642138915688,294.2901929201148,360.35032367105137,8929.627798325851,0.2851969455170029,0.043528227337759909,171.69356497824573,210.02218841753126,5268.899769855557,2.890922639922187,0.5462816779898314,105.03299300867019,128.54902733019586,3284.329959173627,0.2912516537656847,0.05503621575315279,57.34002082220459,70.10136289715378,1754.236329336657,0.0,0.0,6.433109415226411,7.893973199184611,188.7145119799463,0.0,0.0,14.054102550167228,17.137062328936645,461.1369454799094,0.0,0.0,70.68740620772272,86.9107788497227,1994.9778753985377,0.0,0.0,55.59149226528454,69.0806236230405,1225.0082495455745,0.0,0.0,32.13019052732494,39.38002472365565,959.8950795158935,29.021765438426127,19.905188915244265,258.00187842212338,316.87797425714356,8146.40826348585,0.0,0.0,64.72350769241199,81.0345767441388,1147.440576602607,0.0,16.457722626373426,36.62609423616315,22.0,30.0,0.0,16.804159365534696,35.806702281362657,12.0,30.0,0.0,16.649348609117675,36.1939333081522,22.0,30.0,0.0,16.711474284123275,36.003095844277769,12.0,30.0,0.0,16.06669525503157,37.8762405273159,12.0,30.0,0.0,17.847285237371623,33.73840867463628,12.0,30.0,0.0,15.49773026241806,39.07959887691722,10.0,30.0,0.0,12.400436524609584,47.97165185696642,12.0,30.0,0.0,16.342664975468297,37.160968253012317,20.0,30.0,0.0,15.59439252483833,0.0,0.0,0.0,10.26614755072635,0.0,0.0,479.4230193186395,475.18869211627875,486.0489253048929,470.29064734512397,536.8575625960523,779.5340202610219,541.8687467389875,626.1521111286477,708.7635772764536,0.0,80.09283873276863,80.09283873276863,60.0,0.0,60.0,60.0,12.0,12.0,12.0,19.0,12.0,12.0,21.0,10.0,0.0,0.0,0.0,0.0,0.0,0.0,0.0,0.0,0.0,0.0,0.0,0.0,0.0,80.09283873276863,80.09283873276863,0.0,0.0,0.0,80.09283873276863,0.0,0.0,0.0006666666666666668 
 03/12  06:00:00,1.92,97.0,2.88,0.0,0.0,0.0,0.0,0.0,2.0,2.0,0.0,0.0,0.0,0.0,0.0,1260.0,0.0,0.0,0.0,0.0,0.0,0.0,0.0,0.0,0.0,0.0,0.0,16.95452935096059,-110.0849639359874,17.015254597487514,-217.5475565188584,16.775244981642275,-57.93322471415449,16.838057253282707,-110.03614434292445,16.053570819117455,-7.499737367606908,17.644073469026304,-54.06237921305767,15.652681298334369,-91.9546070162982,12.963827807682096,-245.96627884357444,16.269549914518085,-119.68285169612395,356.5907066170266,791.3513459068115,0.0,0.0,0.0,0.0,0.0,0.0,0.0,0.0,0.0,0.0,0.0,0.0,0.0,0.0,0.0,0.0,0.0,0.0,0.0,0.0,0.0,0.0,1.5759076247832536,0.481046283511372,200.55355730412703,245.79160497256357,6128.078193030491,0.29096153022386608,0.044408047958465559,120.2491569854091,147.37833376487147,3656.0016207631845,2.899661085075106,0.5479329336876624,66.77934220841749,81.83976568362385,2111.259443921348,0.2951453922005529,0.05577199399103422,48.03060426171208,58.8682754300862,1464.031162520586,0.0,0.0,6.512494247450999,7.995499294935675,190.08746809233333,0.0,0.0,14.071042293143038,17.17058404667184,459.4479969814055,0.0,0.0,72.56826728359434,89.2833928337715,2030.9060599489968,0.0,0.0,55.65269297302322,69.20804857807494,1216.636928438721,0.0,0.0,32.10669995371239,39.38118492765478,954.7053835960874,28.926234551045604,19.839667044612918,161.4247286652899,198.65302267786073,5326.095072657197,0.0,0.0,64.76377938726127,81.14444485743937,1137.1215484904922,0.0,16.59929198020019,36.282705328530067,22.000000000000019,30.00000000000002,0.0,16.632276954060509,36.16891550167009,12.00000000000001,30.00000000000002,0.0,16.605606168730689,36.271846771518557,22.000000000000019,30.00000000000002,0.0,16.617754583160367,36.193057778860488,12.00000000000001,30.00000000000002,0.0,16.020727302706879,37.933325614371728,12.00000000000001,30.00000000000002,0.0,17.793372275979296,33.81170147779518,12.00000000000001,30.00000000000002,0.0,15.410227565782293,39.27182365286925,10.000000000000007,30.00000000000002,0.0,12.341055151147386,48.107417553834547,12.00000000000001,30.00000000000002,0.0,16.29921515845792,37.208783069861357,20.000000000000015,30.00000000000002,0.0,15.41645765733214,0.0,0.0,0.0,10.209635192305664,0.0,0.0,480.73618936689607,470.6257685036599,486.04122259706028,468.1793842736035,537.3362539088003,778.4272340938792,542.0766007636333,627.7606585097602,705.6946725906911,0.0,80.09283873276869,80.09283873276869,60.00000000000004,0.0,60.00000000000004,60.00000000000004,12.0,12.0,12.0,19.0,12.0,12.0,21.0,10.0,0.0,0.0,0.0,0.0,0.0,0.0,0.0,0.0,0.0,0.0,0.0,0.0,0.0,80.09283873276869,80.09283873276869,0.0,0.0,0.0,80.09283873276869,0.0,0.0,0.0006733333333333333 
 03/12  06:10:00,1.9833333333333335,97.16666666666667,2.933333333333333,0.0,0.0,0.0,0.0,0.0,2.0,2.0,0.0,0.0,0.0,0.0,0.0,4210.0,0.0,0.0,0.0,0.0,0.0,0.0,0.0,0.0,0.0,0.0,0.0,18.09284730464408,-955.9095534734987,17.200496694065288,736.1415099787117,18.201914063640275,-2512.8243296574426,17.115916180372737,897.2607562452728,16.002210541925579,-12.635123906223468,18.560622061734063,-131.96690535903907,15.75708199206191,171.2926479235007,13.998495923222436,-359.09795470995439,17.824482529445097,-288.1868498831926,679.8899139877879,925.4921567234079,0.0,0.0,0.0,0.0,0.0,0.0,0.0,0.0,0.0,0.0,0.0,0.0,0.0,0.0,0.0,0.0,0.0,0.0,0.0,0.0,0.0,0.0,1.5485884814586162,0.47270710667234919,369.2850392407802,449.64696684209738,12569.908454204487,0.38725170011536749,0.059104349834457798,320.94842527391946,392.62125505578725,10039.417413163777,2.4745588613047344,0.4676037152881209,477.5101777992195,580.654303841851,16625.543399414855,0.36895643975685507,0.0697196598179998,329.4999049138952,402.83713327832217,10422.972657263144,0.0,0.0,10.23683449922191,12.576725857603022,296.3590161917713,0.0,0.0,18.642254580639738,22.65045475959291,657.4099445034933,0.0,0.0,80.26977472526113,98.74650242332467,2278.2509921943999,0.0,0.0,47.54071540657343,58.862165410499759,1180.3706263943355,0.0,0.0,47.20949717601831,57.473883007097,1609.6773179496059,30.073202008759883,20.62633882630994,639.5765000127201,783.9068348867329,20164.78337023784,0.0,0.0,58.837431000174827,73.76116842142575,1036.1700847766279,2075.017768483979,18.325973091098385,32.55383556524745,21.999999999999998,30.0,0.0,17.066371386618628,35.212016251929068,15.999999999999999,30.0,4682.3009230353,18.682458008740534,31.837939325744924,21.999999999999998,30.0,0.0,17.222929213090479,34.868250831635148,15.999999999999999,30.0,0.0,15.969849500828307,37.997924320144679,12.0,30.0,1800.968548277477,19.11834300606148,31.117043453869209,20.0,30.0,0.0,15.674963182770324,38.558876064085549,10.0,30.0,1482.4890841378243,13.967978558338558,43.269386282867028,16.999999999999998,30.0,3131.614598391254,18.410632186685175,32.588241771199687,20.0,30.0,0.0,16.375204939669837,0.0,0.0,0.0,10.304283397282799,0.0,0.0,476.2597253516409,475.26071158012408,474.9759972895987,473.3834089730967,537.1773324514722,768.8057234774329,526.3294306482668,634.2816661553572,691.0165733440529,12690.662718116584,79.6126375564966,87.85993353513895,60.0,0.0,60.0,60.0,16.0,16.0,19.0,19.0,16.0,12.0,21.0,10.0,1.0,0.0,2075.017768483979,0.0,4682.3009230353,0.0,1800.968548277477,0.0,1482.4890841378243,3131.614598391254,12478.732415158569,7487239.449095141,9762293.709252954,79.6126375564966,87.99999999999999,0.41595774717195235,0.7669529457028457,0.3602813740196596,87.99999999999999,0.3542647819438876,9762293.709252954,0.5083192728811536 
 03/12  06:20:00,2.046666666666667,97.33333333333334,2.986666666666667,0.0,0.0,0.0,0.0,0.0,2.0,2.0,0.0,0.0,0.0,0.0,0.0,2105.0,0.0,0.0,0.0,0.0,0.0,0.0,0.0,0.0,0.0,0.0,0.0,18.90344725406983,-1410.0609439761243,17.8408613626017,879.2680591206595,19.09636793142178,-3349.2872212983859,17.899944783996696,895.0753750377958,15.941245071619772,-12.061675260149754,18.806214587967597,-153.97767211622497,16.104791576720765,182.33183353639618,15.277701062342047,-350.4887230968865,18.5525514438772,-366.7571079337186,983.8313856800058,1072.706881157852,0.0,0.0,0.0,0.0,0.0,0.0,0.0,0.0,0.0,0.0,0.0,0.0,0.0,0.0,0.0,0.0,0.0,0.0,0.0,0.0,0.0,0.0,1.603088113470865,0.4893431359801175,439.85980780503265,533.6125201086043,15872.21824328471,0.4242897645975205,0.06475729007898665,386.49371197437088,471.21469137649629,12825.00558775349,2.4529539111713776,0.4635211472357103,553.8604460955837,670.9957167354567,20430.43571677195,0.3873522571353609,0.07319581578521559,376.93607182792769,459.0349026184683,12759.715140353326,0.0,0.0,12.57779967640621,15.455141228111405,360.9552996748299,0.0,0.0,21.9089450655365,26.587158772255856,783.7420605618912,0.0,0.0,84.53936937164238,103.74943234101298,2489.1763385890055,0.0,0.0,31.693076323719099,38.9519540634665,916.847501122271,0.0,0.0,57.20110988070325,69.3476639739462,2079.387089007057,31.238378902994943,21.425499933467049,751.1515617020478,918.3275854475517,24711.735709058394,0.0,0.0,56.96157763331621,71.30499757582646,1033.7990669603703,1999.4128976722346,19.657904115914336,29.937103130031553,22.0,30.0,0.0,18.19843004368189,32.79532399866543,16.0,30.0,4332.391990614307,20.06039762236188,29.198689494096095,22.0,30.0,0.0,18.55146929318152,32.07471408413144,16.0,30.0,0.0,15.905146912719088,38.07761022586343,12.000000000000002,30.0,0.0,19.55073561737041,30.272122132555617,19.0,30.0,0.0,16.280967224287456,37.07004893555931,10.0,30.0,1361.150351444379,16.158282970635143,37.51633790540161,17.0,30.0,692.9672138921879,19.839793933207195,29.709903382285505,19.6,30.0,0.0,17.405745807558306,0.0,0.0,0.0,10.625491991427822,0.0,0.0,475.81798370226468,477.57949594226366,473.8113702842595,473.9883122962116,537.2054488391713,733.9592633192353,525.7639331020049,651.8414049611768,653.3878014176012,10745.710821898456,80.89950071262726,86.55617908048657,60.0,0.0,60.0,60.0,16.0,16.0,19.0,19.0,16.0,12.0,21.0,10.0,1.0,0.0,1999.4128976722346,0.0,4332.391990614307,0.0,0.0,0.0,1361.150351444379,692.9672138921879,8560.563217951483,5136337.930770889,6719862.133560551,80.89950071262726,86.65224825805626,0.35335210726504948,0.7640260074631776,0.36028137401965956,86.65224825805626,0.35426478194388757,6719862.133560551,0.3501028309451487 
 03/12  06:30:00,2.11,97.5,3.04,0.0,0.0,0.0,0.0,0.0,2.0,2.0,0.0,0.0,0.0,0.0,0.0,842.0,0.0,0.0,0.0,0.0,0.0,0.0,0.0,0.0,0.0,0.0,0.0,19.348139654237789,-1428.7124372399504,18.308938740559584,677.2483120838988,19.609594385059958,-3628.913544567502,18.4237522479534,728.0725336687674,15.885108734934839,-9.259984748223559,18.43033660623829,-117.06100690938178,16.352702790694094,234.3348111484638,15.724153207018688,-237.81173872213007,18.072441544615289,-196.12567058061303,1132.8264028685536,873.4695094615768,0.0,0.0,0.0,0.0,0.0,0.0,0.0,0.0,0.0,0.0,0.0,0.0,0.0,0.0,0.0,0.0,0.0,0.0,0.0,0.0,0.0,0.0,1.6636299523591787,0.5078235507811901,436.09954829418447,527.3971060182312,16228.148347321381,0.42959298887052929,0.06556669549306003,379.66053805916388,461.2615782115341,13110.459413274715,2.500464997252861,0.47249905465851518,560.7430957097699,677.1441183973211,21325.96443062176,0.3871233121784884,0.07315255332170979,368.7689948017969,447.39761546956887,13022.591871291046,0.0,0.0,12.965465968253629,15.921039733903913,368.96501620670747,0.0,0.0,21.255961324892369,25.820843313662438,735.8585432772791,0.0,0.0,83.23697108192914,101.91004769460656,2509.554439421212,0.0,0.0,21.083956679049345,25.80744636235609,642.0328441395031,0.0,0.0,47.52170211648533,57.74345306731166,1643.8427565112566,31.799093214111879,21.8100776502825,737.4916951792845,899.1333696252918,24999.294388614395,0.0,0.0,45.610492451411719,57.10091579920325,801.0489748276611,1945.2120140887346,20.310404996915133,28.758792166604203,22.0,30.0,0.0,18.966766564359938,31.25634608212389,16.0,30.0,4393.706524044674,20.71978253510897,28.04045948059317,22.0,30.0,0.0,19.37304280757475,30.472685552168988,16.0,30.0,0.0,15.846290476764676,38.1724202616817,12.0,30.0,137.13087910714149,19.007789980405087,31.283507159885656,19.0,30.0,0.0,16.71023501942428,36.06152650077132,10.0,30.0,726.382353142811,16.887239758682989,35.775472015482538,17.0,30.0,276.93052874939687,18.994670809137334,31.283888938297147,19.0,30.0,0.0,17.94739102050288,0.0,0.0,0.0,10.353261421935404,0.0,0.0,476.58005226117748,478.84374323516149,474.4604216646493,474.0205219424432,542.4354545056247,713.5398683002986,515.6840253885133,651.3499172892098,651.1330571520273,9291.689167373392,81.86113085896557,81.86113085896557,60.0,0.0,60.0,60.0,16.0,16.0,19.0,19.0,16.0,12.0,21.0,10.0,1.0,0.0,1945.2120140887346,0.0,4393.706524044674,0.0,137.13087910714149,0.0,726.382353142811,276.93052874939687,0.0,0.0,0.0,81.86113085896557,81.86113085896557,0.34,0.7709740727120666,0.36028137401965956,81.86113085896557,0.3542647819438875,0.0,0.0006600000000000001 
 03/12  06:40:00,2.1733333333333335,97.66666666666666,3.0933333333333334,10.499999999999999,23.16666666666666,0.0,0.0,0.0,2.0,2.0,0.0,0.0,0.0,0.0,0.0,1684.0,0.0,16.31908346692442,12.235627254653874,31.353185042401138,0.48933060958916138,13.024204551601116,0.0,12.235627254653864,16.727030098182089,0.0,0.0,19.759383780877383,-1282.2929852722928,18.6250479684841,899.1143362343078,20.0832601391055,-3249.4749118608817,18.78306065972222,875.9917181062765,15.843458643810943,-4.381122455592617,18.928181669901258,-124.814848808323,16.70843297275097,427.6160627053282,15.532845312550969,-379.0483957807128,18.62948105020036,-222.67431822351899,1307.491073561976,886.17496519107,0.0,0.0,0.0,0.0,0.0,0.0,0.0,0.0,0.0,0.0,0.0,0.0,0.0,0.0,0.0,0.0,0.0,0.0,0.0,0.0,0.0,0.0,1.740121283582545,0.5311725529861249,443.38503780026658,535.6386507749734,16909.79475828648,0.4423937070910991,0.06752040706518607,382.16989419516417,463.889933833898,13513.045321923106,2.6720222971978009,0.5049172897199172,544.9106715332276,657.2794106708492,21269.92114713718,0.3951280935738337,0.07466517263299955,358.11599217805618,434.0572229902851,12956.505432028789,0.0,0.0,13.611434140920496,16.730069418899576,384.56781979583146,0.0,0.0,20.71808649874527,25.11556488272341,747.4818083589075,0.0,0.0,84.55776613891647,103.37553987245026,2644.3672121422866,0.0,0.0,31.578644769989098,38.73164367794318,920.4047385588917,0.0,0.0,43.472463470615227,52.68604418607366,1572.2753410827305,32.56110240085996,22.33271769606308,730.8390036921138,889.6973844056556,25696.12604037895,0.0,0.0,45.60735244315232,57.135728249129929,781.2876545255516,1917.053161191199,20.85420406942062,27.829861592433067,22.0,30.0,0.0,19.45801748713832,30.33311670512127,16.0,30.0,4327.782677618043,21.303269587854599,27.075813703279374,22.0,30.0,0.0,19.88610525008978,29.53920386959609,16.0,30.0,0.0,15.810645911782617,38.23758143759667,12.0,30.0,976.8301225901112,19.83271514987588,29.69209206252475,19.75,30.0,0.0,17.33980634192256,34.65577950657393,10.0,30.0,432.14271006391825,16.31562377774117,37.08170782189819,16.25,30.0,1263.7271381724543,19.877091106611517,29.59914646710348,19.75,30.0,0.0,18.6083667710734,0.0,0.0,0.0,10.219610089424654,0.0,0.0,476.5837970795467,479.62293161384687,475.8317500495094,475.3868254057242,540.9690202932042,705.4823671251143,501.8076412200676,646.3237677924373,654.0163922752535,11840.041002345673,80.17554763223464,87.86933396642763,60.0,0.0,60.0,60.0,16.0,16.0,19.0,19.0,16.0,12.0,21.0,10.0,1.0,0.0,1917.053161191199,0.0,4327.782677618043,0.0,976.8301225901112,0.0,432.14271006391825,1263.7271381724543,11642.315829720897,6985389.497832539,9116567.511241205,80.17554763223464,88.0,0.38807719432402995,0.7662182578827999,0.36028137401965956,88.0,0.3542647819438875,9116567.511241205,0.4747115105845426 
 03/12  06:50:00,2.2366666666666665,97.83333333333334,3.146666666666667,16.999999999999998,46.33333333333332,0.0,0.0,0.0,2.0,2.0,0.0,0.0,0.0,0.0,0.0,1263.0,0.0,27.618298573860068,23.761863005793985,60.88857411318551,0.8281401603261339,22.04207573292078,0.0,23.761863005793957,32.48426822871853,0.0,0.0,20.08792270845917,-1263.3097143213598,18.95643694182884,842.714013987016,20.47240636604066,-3285.1361064419049,19.146902691964557,827.7450353141625,15.807735490829874,1.2681882236582672,18.709240991729254,-77.56366826734835,17.11278220187249,450.82929670614359,15.98838162828283,-489.43935938490088,18.685055442282605,-132.53577390438267,1387.730591528388,869.988721797187,0.0,0.0,0.0,0.0,0.0,0.0,0.0,0.0,0.0,0.0,0.0,0.0,0.0,0.0,0.0,0.0,0.0,0.0,0.0,0.0,0.0,0.0,1.801361037721531,0.5498660066305045,445.2401696031233,536.9464808147696,17302.194105131326,0.45061784791763029,0.0687756178140462,379.86577423767076,460.2300326657214,13737.10047768172,2.7800884602489859,0.525337955451434,544.8806753188524,656.0786880597578,21686.50881804178,0.4021164576524304,0.07598572517997555,357.0580624254312,431.9591475678642,13209.550034473259,0.0,0.0,13.50639240511289,16.599705023256918,379.098094434208,0.0,0.0,18.494800492002669,22.450655201679589,650.1578696273373,0.0,0.0,91.87276623709644,112.04069693421721,2978.9951363125976,0.0,0.0,35.38464881825169,43.302127705227267,1080.811266610483,0.0,0.0,33.25133566539182,40.35699356851592,1176.7230929643704,33.00214382063033,22.63521524048722,728.1301565403902,884.9805777683212,26117.27958864621,0.0,0.0,48.73489854161947,61.04639952946525,836.8651519590737,1870.386516476045,21.29817691358489,27.10028519732348,22.000000000000019,30.00000000000002,0.0,19.94448040236855,29.44874957366714,16.000000000000015,30.00000000000002,4216.033377032549,21.773424537232939,26.327895363380369,22.000000000000019,30.00000000000002,0.0,20.380799184772934,28.668220890965558,16.000000000000015,30.00000000000002,0.0,15.781936250543638,38.29670090465126,12.00000000000001,30.00000000000002,0.0,19.409587061820184,30.482018383622646,19.000000000000015,30.00000000000002,0.0,18.003176136151546,33.25374954009664,10.000000000000007,30.00000000000002,1283.45963510524,17.056796259451443,35.35519446130674,17.000000000000015,30.00000000000002,982.4833693520046,19.613453470698539,30.10222002238669,19.000000000000015,30.00000000000002,0.0,19.015899038103304,0.0,0.0,0.0,10.343450174844698,0.0,0.0,477.3232156350488,480.68582572537818,476.60183619907766,477.6993126200856,539.0299044412439,701.1388617650749,504.7472701731871,645.862823272372,660.1369383779962,11520.18874890498,80.38710751397636,87.87286695369773,60.00000000000004,0.0,60.00000000000004,60.00000000000004,16.0,16.0,19.0,19.0,16.0,12.0,21.0,10.0,1.0,0.0,1870.386516476045,0.0,4216.033377032549,0.0,0.0,0.0,1283.45963510524,982.4833693520046,11327.805014034806,6796683.008420879,8893521.081019143,80.38710751397636,88.00000000000007,0.3775935004678269,0.7643185686598575,0.3602813740196598,88.00000000000007,0.3542647819438878,8893521.081019143,0.46310642954632877 
 03/12  07:00:00,2.3,98.0,3.2,23.5,69.5,0.0,0.0,0.0,2.0,2.0,0.0,0.0,0.0,0.0,0.0,3789.0,0.0,38.54549723704755,31.473657833959206,80.64968152398915,1.1557962589400508,30.763058491449418,0.0,31.473657833959167,43.026876426648119,0.0,0.0,20.227224575074826,-1298.6546532239195,19.158823035192154,766.7442843293326,20.47773830638674,-2190.626988736843,19.311489001206739,692.0050890464635,15.779562956073225,5.882008715182462,18.650228317611267,-54.463500787055547,17.369311187109966,400.15049476487379,15.746101956798015,-536.340287595727,18.946293916641083,-138.19241852394578,1412.4728046110338,1044.3312426562193,0.0,0.0,0.0,0.0,0.0,0.0,0.0,0.0,0.0,0.0,0.0,0.0,0.0,0.0,0.0,0.0,0.0,0.0,0.0,0.0,0.0,0.0,1.8461395490414936,0.5635346608795785,425.0161330437068,512.7905875998208,16543.400420408136,0.43784756196518817,0.06682655097148802,347.16654941524868,420.5674948220317,12675.70573545326,3.0292090048733968,0.5724128882980737,439.7954089301595,529.9791000689089,17387.871156760848,0.40218591081046459,0.07599884935949841,314.1769578985086,380.1291119095418,11664.357845132528,0.0,0.0,13.23428184267631,16.278855775056518,369.21566750412696,0.0,0.0,17.11803712358271,20.815156118395419,589.413980403087,0.0,0.0,99.79822893720467,121.64169588969458,3293.631746801133,0.0,0.0,44.18283229216781,54.214055046636037,1287.9041742449877,0.0,0.0,32.98256792555264,40.00779164658208,1181.5432503591708,33.21791622454689,22.783207287069268,653.5591766516129,794.2372139539041,23783.858554454415,0.0,0.0,58.87367594842788,73.73288534619634,1027.8146386174963,1862.3367138892014,21.390569053186149,27.006517510998834,22.00000000000006,30.000000000000087,0.0,20.19233703974848,29.055420289103649,16.000000000000044,30.000000000000087,2852.1848556762786,21.581336825045427,26.701454453991724,21.666666666666726,30.000000000000087,0.0,20.505085083520404,28.50437766006002,16.000000000000044,30.000000000000087,0.0,15.763497267650845,38.34749648522848,12.000000000000036,30.000000000000087,204.31964453271542,19.113455399222269,31.051176787779349,19.111111111111169,30.000000000000087,0.0,18.371851893676327,32.535555009083278,10.000000000000029,30.000000000000087,360.84839625102588,16.44607314759659,36.74333458673989,16.222222222222269,30.000000000000087,0.0,19.830936646544079,29.74763326688268,19.000000000000058,30.000000000000087,0.0,19.235434093650978,0.0,0.0,0.0,10.538385479572178,0.0,0.0,480.1629535787891,483.97532251797437,480.047044555064,480.9610376475855,537.645283163268,710.4298045456558,507.5587109115334,615.2927814175748,671.9203518128846,9985.610656158708,81.4021357203384,86.10626942236782,60.00000000000017,0.0,60.00000000000017,60.00000000000017,16.0,16.0,19.0,19.0,16.0,12.0,21.0,10.0,1.0,0.0,1862.3367138892014,0.0,2852.1848556762786,0.0,204.31964453271542,0.0,360.84839625102588,0.0,7119.044371225002,4271426.622734989,5590694.119765657,81.4021357203384,86.18616122928043,0.35063481237416707,0.7654834130086997,0.36028137401966067,86.18616122928043,0.3542647819438885,5590694.119765657,0.29135276089448089 
 03/12  07:10:00,2.3249999999999999,98.33333333333334,3.216666666666667,30.000000000000005,92.66666666666667,0.0,0.0,0.0,2.0,2.0,0.0,0.0,0.0,0.0,0.0,1684.0,0.0,49.72009079421459,36.63174869403703,93.8670746846325,1.4908716106185414,39.68149795335115,0.0,36.631748694036989,50.07837769176411,0.0,0.0,20.26902998984845,-1348.861693774601,19.27286602823834,596.4279607011204,20.50069575191275,-1666.1287921660676,19.382153385592937,525.8284179112559,15.75220204097799,6.431736446079697,19.008960119120997,-59.11365514429298,17.5124753657221,365.7595662590061,15.96699297911898,-542.2766699284887,18.31100167954778,-66.82374348889113,1368.3976470939807,968.1413551518932,0.0,0.0,0.0,0.0,0.0,0.0,0.0,0.0,0.0,0.0,0.0,0.0,0.0,0.0,0.0,0.0,0.0,0.0,0.0,0.0,0.0,0.0,1.8671495377310197,0.5699479663403602,413.3981707783379,498.6629771558397,16049.723100548863,0.42169322776204046,0.06436099324817468,308.782130001169,373.8055910180726,11323.811554301396,3.1454241741730417,0.5943734267144827,373.09262363084965,449.59822062838387,14648.3498815132,0.3984063049388033,0.07528463812146696,279.1110342665272,337.52951078860897,10353.776200288703,0.0,0.0,12.77249871598012,15.705137118126049,355.1710281819061,0.0,0.0,15.077936291663418,18.275554462511644,541.1871051437604,0.0,0.0,99.14478558308834,120.73637556145039,3300.848630726129,0.0,0.0,42.33561191347832,51.85903359390035,1270.60903365602,0.0,0.0,23.80754120805542,28.9368924931883,820.9981064277934,33.26078432701381,22.812609277787258,580.6352459812033,705.4177904611701,21185.285040551407,0.0,0.0,56.60958072458108,70.85742611614573,997.9685925178093,1858.9370907299334,21.380906142791699,27.066380708118225,22.0,30.0,0.0,20.298676739752048,28.918116838535416,16.0,30.0,2286.0246103124575,21.445295269069108,26.974281276573845,21.5,30.0,0.0,20.497960545971368,28.572249489849008,16.0,30.0,0.0,15.74254955791302,38.425584967298387,12.0,30.0,763.3434220850031,19.90504142680314,30.942888250770609,19.75,30.0,0.0,18.550648846060516,32.21467916208568,10.0,30.0,1145.3024126209605,16.874895421567016,35.77615699310752,17.0,30.0,50.814417587266678,19.139347895825148,32.36213641557355,19.0,30.0,0.0,19.190325249995405,0.0,0.0,0.0,10.656191843278695,0.0,0.0,481.9155143940824,485.6457392369059,482.39181144776577,485.5671103474992,534.9092512648426,755.3332092642902,505.69513576376405,586.4855800641267,709.3820570783306,9988.738645532823,81.40014528067307,83.13570647860627,60.0,0.0,60.0,60.0,16.0,16.0,19.0,19.0,16.0,12.0,21.0,10.0,1.0,0.0,1858.9370907299334,0.0,2286.0246103124575,0.0,763.3434220850031,0.0,1145.3024126209605,50.814417587266678,2626.572170649678,1575943.3023898069,2040436.429371227,81.40014528067307,83.16518206941493,0.34255240568832259,0.7710196354394869,0.36028137401965956,83.16518206941493,0.3542647819438875,2040436.429371227,0.10673269432730383 
 03/12  07:20:00,2.35,98.66666666666667,3.2333333333333336,36.5,115.83333333333334,0.0,0.0,0.0,2.0,2.0,0.0,0.0,0.0,0.0,0.0,1684.0,0.0,61.11069262033862,38.15549079395148,97.7716619481851,1.832425081481016,48.77234455682977,0.0,38.15549079395142,52.1614486644796,0.0,0.0,20.500511002831247,-1438.4502262121433,19.401868725173693,848.7444212300229,20.29913666063211,-1562.876815561049,19.551515018046478,650.3523762924428,15.727758253864654,12.958878361125912,18.80923900745195,-46.292528106982448,17.639909602136226,397.3803319436531,15.713794059823663,-529.8963982631703,18.829570554535225,-129.0224693799978,1456.9252380809913,1084.5192168133177,0.0,0.0,0.0,0.0,0.0,0.0,0.0,0.0,0.0,0.0,0.0,0.0,0.0,0.0,0.0,0.0,0.0,0.0,0.0,0.0,0.0,0.0,1.872622463918887,0.571618578729819,461.3262889106452,555.7596972246688,18115.09721958809,0.44089950880404046,0.0672923548235715,347.8933293512428,420.86065509102147,12860.675365412199,3.166743484296001,0.5984020189523813,413.05123594835848,498.0270908239544,16236.374781349816,0.40812684575207205,0.07712147500983974,287.3357658046426,347.4037344067871,10780.424264639889,0.0,0.0,13.684654237287397,16.82665855102852,379.36170929239747,0.0,0.0,16.688981173647919,20.246821003502498,586.1110155169859,0.0,0.0,103.82746879230428,126.3364608951268,3486.495540912193,0.0,0.0,47.16312974475728,57.873827823538039,1352.2230053369695,0.0,0.0,31.93145920731777,38.676425280545057,1149.4219739859087,33.7204597731571,23.127887361561805,644.6666436519195,782.5192875524267,23785.18472616861,0.0,0.0,61.91418706047122,77.40543412234375,1115.3783073805396,1832.9748199766482,21.669057479536546,26.699356118318076,22.0,30.0,0.0,20.48142752080962,28.7357639922918,16.0,30.0,1714.6545550991987,21.492238620787459,27.008388057193224,21.5,30.0,0.0,20.748777700403719,28.258476697304994,16.0,30.0,0.0,15.725308588430007,38.572967856014,12.0,30.0,0.0,19.521885614201709,33.36028487278748,19.0,30.0,0.0,18.720931612512858,32.00683903959592,10.0,30.0,483.71158123505446,16.239415486912159,37.625080073633487,16.25,30.0,1281.1782520806929,19.977823045188285,31.7726424840246,20.0,30.0,0.0,19.510150060730298,0.0,0.0,0.0,10.849456337992919,0.0,0.0,485.9385197660947,491.15432522598845,486.39291405702365,488.5605946356953,528.9135326075233,793.7045878108157,503.2848227805345,571.1239452967709,729.1112645893899,10517.900367730621,81.05007163885645,84.81275053311532,60.0,0.0,60.0,60.0,16.0,16.0,19.0,19.0,16.0,12.0,21.0,10.0,1.0,0.0,1832.9748199766482,0.0,1714.6545550991987,0.0,0.0,0.0,483.71158123505446,1281.1782520806929,5693.825261802813,3416295.1570816875,4440839.9433974069,81.05007163885645,84.8766533119765,0.3597941753934271,0.767735366563737,0.36028137401965956,84.8766533119765,0.3542647819438875,4440839.9433974069,0.2315503437233318 
 03/12  07:30:00,2.375,99.0,3.25,43.0,139.0,0.0,0.0,0.0,2.0,2.0,0.0,0.0,0.0,0.0,0.0,1684.0,0.0,72.69899654220055,38.69147463550696,99.14518241944055,2.1799077433932805,58.02098805226166,0.0,38.69147463550689,52.89417921136902,0.0,0.0,20.543479950781916,-1212.5483426873998,19.48547892848414,639.106521837959,20.582756654444208,-2118.1161598288824,19.62469170948727,720.7314903600855,15.706078462653699,11.911803711396502,18.57320581852124,-36.17819864247096,17.717635789556377,379.6531438464315,16.14590449012671,-507.72468107391696,18.620631518671219,-73.31927235241415,1428.1556343088606,947.5524427129292,0.0,0.0,0.0,0.0,0.0,0.0,0.0,0.0,0.0,0.0,0.0,0.0,0.0,0.0,0.0,0.0,0.0,0.0,0.0,0.0,0.0,0.0,1.87855670418252,0.5734300073817217,418.45581813482905,504.17739166976289,16426.899960502262,0.43555226108690156,0.06647623032461868,330.19783982603328,399.32905689909196,12218.724901982396,2.9737676061668987,0.561936433516043,476.24248456329107,574.0612168511134,18639.423235957376,0.4124270723523545,0.07793406507036174,334.16985420285496,403.81060572122558,12542.709020611332,0.0,0.0,13.035233408354298,16.02834770591336,360.2845894259419,0.0,0.0,15.156751210310347,18.408603729491003,520.1230137880914,0.0,0.0,99.5792476602541,121.14783616754227,3352.504950985995,0.0,0.0,40.91502067299467,50.08547660681732,1234.2049596760058,0.0,0.0,25.192681084753997,30.561394516009377,884.4659260146717,33.734080608748097,23.13722949845549,656.862305164275,797.36805216635,24083.505083849624,0.0,0.0,56.02676704973078,70.05060310557818,1010.5948174429886,1861.4198152566265,21.66638173389599,26.84781998740724,22.0,30.0,0.0,20.523722670457539,28.831439069984297,16.0,30.0,2777.7933565284936,21.59692002254522,26.995110799099437,21.75,30.0,0.0,20.796515464152738,28.3449723096389,16.0,30.0,0.0,15.70969137359891,38.85406415691014,12.0,30.0,0.0,19.13298406713768,35.306399299396,19.0,30.0,0.0,18.794829032923884,32.09866982417438,10.0,30.0,1023.921815869083,16.985475298214518,36.43532840940624,16.75,30.0,0.0,19.540346518531068,33.46171060720721,19.0,30.0,0.0,19.45058857058133,0.0,0.0,0.0,10.907898533266418,0.0,0.0,489.9706611082213,495.6458623351917,489.3229210446186,492.50678861005738,529.6737514837122,821.0073856341317,507.1787894564749,578.9014692286044,740.9961870005175,9840.035617824364,81.49848040796036,83.18508702245187,60.0,0.0,60.0,60.0,16.0,16.0,19.0,19.0,16.0,12.0,21.0,10.0,1.0,0.0,1861.4198152566265,0.0,2777.7933565284936,0.0,0.0,0.0,1023.921815869083,0.0,2552.55765480405,1531534.59288243,1982312.5043577327,81.49848040796036,83.21373120191564,0.34008525516013507,0.7687455415417462,0.36028137401965956,83.21373120191564,0.3542647819438875,1982312.5043577327,0.10370358355993542 
 03/12  07:40:00,2.4,99.33333333333333,3.2666666666666668,52.5,140.16666666666669,0.0,0.0,0.0,2.0,2.0,0.0,0.0,0.0,0.0,0.0,1263.0,0.0,87.65307900659029,38.20347231510422,97.89479875592967,2.628311913650674,69.95582654397862,0.0,38.20347231510417,52.22704304160263,0.0,0.0,20.547113772352426,-1306.6965488626482,19.53137204615916,521.4120002235271,20.699884514960613,-1663.8175698727919,19.63617308344492,496.11712103416519,15.68271441608992,10.94084292179924,19.05365855313665,-45.81120526608899,17.780331697124148,307.3441757783228,15.781119691569945,-525.5329604638359,18.73425758595083,-77.97605304402492,1384.2974436322305,1051.747275870353,0.0,0.0,0.0,0.0,0.0,0.0,0.0,0.0,0.0,0.0,0.0,0.0,0.0,0.0,0.0,0.0,0.0,0.0,0.0,0.0,0.0,0.0,1.9012907970318378,0.5803695961635651,401.94515386165537,484.3029243900267,15714.900118002684,0.4197336860836113,0.06406191790042913,293.1696445014845,354.5075833657519,10840.05582694677,3.169503238121062,0.5989235143841772,364.14074625327529,438.2418015646168,14397.907399743117,0.40079640318761419,0.0757362817814842,273.2589644041525,330.0870740266982,10204.302121005,0.0,0.0,12.55779462308842,15.43873799050202,345.95462236594406,0.0,0.0,14.193960810917269,17.19975204202819,502.3305239642111,0.0,0.0,105.7930846141297,128.65112453221415,3564.806483741151,0.0,0.0,48.71986113478957,59.76583298989058,1395.5064993345719,0.0,0.0,21.47515821676485,26.057169943837363,747.2823919655903,33.76879953359164,23.161042204109518,559.3197429225562,678.8260591700928,20599.727169144906,0.0,0.0,63.85528138737946,79.75271853934396,1173.4415459599098,1870.622321008925,21.6216447311878,27.000464068536098,22.000000000000019,30.00000000000002,0.0,20.532511732629677,28.901450452930488,16.000000000000015,30.00000000000002,2842.2964167496845,21.69928519599662,26.89645460914058,21.666666666666687,30.00000000000002,0.0,20.701887903407337,28.605067251305117,16.000000000000015,30.00000000000002,0.0,15.68943105244434,39.11694777239344,12.00000000000001,30.00000000000002,1229.4280903230188,19.742856117903114,34.77853154401518,19.666666666666683,30.00000000000002,0.0,18.83708121009155,32.13689343650728,10.000000000000007,30.00000000000002,616.185327845544,16.24215798669427,38.3734864833271,16.333333333333348,30.00000000000002,1014.0965864425593,19.4373912529418,34.38193870141332,19.33333333333335,30.00000000000002,0.0,19.385801484752859,0.0,0.0,0.0,11.098421716861277,0.0,0.0,491.6919899911257,497.54954195200619,491.84083379245467,496.6910659885852,529.7235933006879,848.8532641471857,510.5492168354666,570.4379974232666,765.4993108657644,12070.697197705742,80.02271775598726,85.6586553356991,60.00000000000004,0.0,60.00000000000004,60.00000000000004,16.0,16.0,19.0,19.0,16.0,12.0,21.0,10.0,1.0,0.0,1870.622321008925,0.0,2842.2964167496845,0.0,1229.4280903230188,0.0,616.185327845544,1014.0965864425593,8527.22057777597,5116332.346665578,6641289.950868946,80.02271775598726,85.75437226583134,0.3975740192591991,0.7705317226238599,0.3602813740196598,85.75437226583134,0.3542647819438878,6641289.950868946,0.3459670774451851 
 03/12  07:50:00,2.4250000000000004,99.66666666666667,3.283333333333333,62.0,141.33333333333332,0.0,0.0,0.0,2.0,2.0,0.0,0.0,0.0,0.0,0.0,1684.0,0.0,102.39573693318614,37.70883614659827,96.62741622165129,3.070376629257044,81.72192944404536,0.0,37.70883614659822,51.55083789853556,0.0,0.0,20.396715225802134,-841.0905088000095,19.478103514268214,436.0090525269361,20.67750569009486,-1806.187738294259,19.632897991490205,476.38333034209429,15.66162362179407,13.672365695643464,19.20138279719687,-56.07434050465727,17.7265447289634,283.4332092769255,16.210859783993166,-522.1233638855683,18.81955159555004,-91.68058484999736,1322.939578213824,978.1162629427763,0.0,0.0,0.0,0.0,0.0,0.0,0.0,0.0,0.0,0.0,0.0,0.0,0.0,0.0,0.0,0.0,0.0,0.0,0.0,0.0,0.0,0.0,1.876194685380303,0.572709000421338,332.14156341981978,400.71607795086137,12777.429910031573,0.4108736565888417,0.06270965454652651,269.66089557943249,326.306127239125,9879.065736950932,3.0333105413149807,0.5731879329771319,368.7106421044083,444.21439506626668,14428.821502167526,0.38614781042116427,0.07296821814458884,257.7932992538257,311.56964320110219,9585.169471653673,0.0,0.0,12.881336144215942,15.84096945808408,353.7567133623615,0.0,0.0,15.09342339711008,18.269737282780164,543.4089530389648,0.0,0.0,92.34710749273418,112.40435242391809,3080.632836609968,0.0,0.0,43.795866168851947,53.62283076338038,1316.1437584288058,0.0,0.0,29.34917031721308,35.57520122232408,1037.0152021967986,33.68366536185431,23.10265113981778,519.6446156769589,631.1046467579478,19050.944278843097,0.0,0.0,58.30392086069048,72.83201924374184,1079.876224264165,1182.2414323646599,21.24640652069403,27.746076317383684,21.5,30.0,0.0,20.378220243613609,29.263457959886027,16.0,30.0,2384.0336879990929,21.514187541446075,27.310393008468286,21.5,30.0,0.0,20.642553545743025,28.783770718833848,16.0,30.0,0.0,15.672532667652508,39.343788440065548,12.0,30.0,0.0,20.06396457656949,34.78463750028926,19.0,30.0,0.0,18.68598903836801,32.566731921071028,10.0,30.0,958.7929284752759,16.99514602783261,36.81934095403423,16.75,30.0,0.0,19.716440896522536,34.069931590449787,19.0,30.0,0.0,19.21719446952797,0.0,0.0,0.0,11.191999736801645,0.0,0.0,492.92313716766548,496.92808046406278,492.2097489116533,494.7828595511474,529.8713733998559,865.8300600030692,510.0205612079447,568.5938831189508,763.4099855211803,8651.727475973714,82.28424375776982,82.28424375776982,60.0,0.0,60.0,60.0,16.0,16.0,19.0,19.0,16.0,12.0,21.0,10.0,1.0,0.0,1182.2414323646599,0.0,2384.0336879990929,0.0,0.0,0.0,958.7929284752759,0.0,0.0,0.0,0.0,82.28424375776982,82.28424375776982,0.34,0.7701394018502445,0.36028137401965956,82.28424375776982,0.3542647819438875,0.0,0.00061 
 03/12  08:00:00,2.45,100.0,3.3,71.5,142.5,0.0,0.0,0.0,2.0,2.0,0.0,0.0,0.0,0.0,0.0,1684.0,0.0,116.93184038922601,37.39396684662808,95.82067610981786,3.5062479081029704,93.3231834064311,0.0,37.39396684662804,51.1203876937378,0.0,0.0,20.57511745949683,-1517.8658509781827,19.52463240611494,714.0317779276411,20.429421724133907,-1237.0542928057528,19.675312603738818,475.7687765499576,15.642535971198841,15.620335474883874,18.89528808641566,-36.682396085359247,17.774000136734608,373.66453469381806,16.085433558984155,-527.8472636473366,18.416848546696586,-63.46933581815395,1373.565117252665,981.9648320572371,0.0,0.0,0.0,0.0,0.0,0.0,0.0,0.0,0.0,0.0,0.0,0.0,0.0,0.0,0.0,0.0,0.0,0.0,0.0,0.0,0.0,0.0,1.8829094373476334,0.5747586805090457,466.2572683445775,561.9166092235448,18114.544117440488,0.42691590310754748,0.0651581048698943,318.6518286039701,385.42184463112297,11694.402203064694,3.190222565955268,0.6028387312840645,349.84993210409217,421.66734795153647,13667.525494306852,0.3991169703385697,0.0754189286354062,239.54714630111284,289.46792019874558,8925.086552867115,0.0,0.0,13.004654390021713,15.992294061812997,356.09236954960576,0.0,0.0,14.897452907185788,18.061531097489117,521.2096247769684,0.0,0.0,106.20464213398643,129.22626463453646,3550.0830987980355,0.0,0.0,46.84080823137804,57.39377068231465,1381.9207217422364,0.0,0.0,21.061578026214528,25.579020430967913,720.2477936052663,33.99444705084157,23.315807305103968,578.4049758505042,702.0949570106195,21224.05281941568,0.0,0.0,61.49109194971589,76.78796976649753,1144.5320476983894,1805.850248989331,21.54071530067838,27.42849566897592,22.0,30.0,0.0,20.440176774463514,29.385994009109625,16.0,30.0,1307.6596144068013,21.49938704467765,27.52644116663852,21.5,30.0,0.0,20.683087691098885,28.96135591533543,16.0,30.0,0.0,15.657701349770497,39.69208251471024,12.0,30.0,0.0,19.56156423686725,36.44464941238135,19.0,30.0,0.0,18.75216945306977,32.73886809435096,10.0,30.0,846.3732681937319,16.761426891795183,37.94728645769145,16.5,30.0,18.151357945249285,19.148367435090845,35.73396025889764,19.0,30.0,0.0,19.389075442273528,0.0,0.0,0.0,11.26632571449139,0.0,0.0,495.089682981087,500.89853118296647,495.9953507312802,500.988730889958,533.7227223565426,876.2404311609023,515.0909424454158,584.0791173385287,775.488622225007,9601.826720149746,81.65595355487074,83.46149928571319,60.0,0.0,60.0,60.0,16.0,16.0,19.0,19.0,16.0,12.0,21.0,10.0,1.0,0.0,1805.850248989331,0.0,1307.6596144068013,0.0,0.0,0.0,846.3732681937319,18.151357945249285,2732.3745972909116,1639424.758374547,2125577.020894758,81.65595355487074,83.49216344622337,0.3460791532430304,0.767121685883382,0.36028137401965956,83.49216344622337,0.3542647819438875,2125577.020894758,0.1111300050865274 
 03/12  08:10:00,2.4683333333333339,100.0,3.255,81.0,143.66666666666667,0.0,0.0,0.0,2.0,2.0,0.0,0.0,0.0,0.0,0.0,1684.0,0.0,131.26347805399193,37.42038729470397,95.8884716547294,3.935988369530901,104.76125528919666,0.0,37.42038729470393,51.15650644931733,0.0,0.0,20.697595856722115,-1245.391763035178,19.6324827941662,635.7861233842491,20.694185094521875,-2065.6671333227857,19.7727280902655,688.5969467196555,15.627150278956777,20.143993411888859,18.67956615329689,-38.66215549456291,17.831172795378863,313.5340436640108,15.979172055007194,-532.5378976446415,18.920468025748634,-144.40371973582973,1409.3636344507095,1085.2780280229723,0.0,0.0,0.0,0.0,0.0,0.0,0.0,0.0,0.0,0.0,0.0,0.0,0.0,0.0,0.0,0.0,0.0,0.0,0.0,0.0,0.0,0.0,1.878355237480429,0.5733685096094106,418.083017235541,503.6508703724877,16359.79382566092,0.4340870803151661,0.06625260688570911,327.3827351155253,395.84704805710046,12079.40465673433,2.929457602404742,0.5535634169321132,465.7315557234251,561.3501581044922,18160.79157593703,0.41090370291931346,0.07764620236570547,327.2838889230998,395.4223655013143,12249.478060870444,0.0,0.0,13.448298451535639,16.538816197022798,367.51814821887458,0.0,0.0,16.362750022380987,19.863351151100987,560.5890473025874,0.0,0.0,105.13304406329263,127.89313469511679,3522.008366818036,0.0,0.0,51.952797057114057,63.7112605557424,1502.7377843192806,0.0,0.0,33.81671725456063,40.95827362997832,1208.4176959947036,34.21030284481213,23.46385654651038,647.1495564983496,785.4400988321529,23684.45587894565,0.0,0.0,67.31917415979116,83.97168514122378,1289.9028476524896,1865.557958327424,21.708972329041669,27.366498821655364,22.0,30.0,0.0,20.56355912408949,29.40625523720012,16.0,30.0,2696.9416159947975,21.61281529483273,27.555088768171517,21.75,30.0,0.0,20.840077287330489,28.87308065916341,16.0,30.0,0.0,15.648856550354287,40.00877316553983,12.0,30.0,0.0,19.20070280681954,37.43674525696399,19.0,30.0,0.0,18.806519979684077,32.86785711924295,10.0,30.0,676.8660912817732,16.460133797266115,38.923669307534279,16.25,30.0,1242.3332758277725,19.968046031507869,33.892690600554889,20.0,30.0,0.0,19.48907118486,0.0,0.0,0.0,11.55833162684688,0.0,0.0,500.63925819809716,506.5491998097364,499.61686373238606,501.78634020406596,535.5639528055467,873.9993445865329,518.4533349088074,582.1889487531099,761.76232569171,11092.397577339669,80.67016478834975,86.24086748231363,60.0,0.0,60.0,60.0,16.0,16.0,19.0,19.0,16.0,12.0,21.0,10.0,1.0,0.0,1865.557958327424,0.0,2696.9416159947975,0.0,0.0,0.0,676.8660912817732,1242.3332758277725,8430.01843003718,5058011.058022308,6605380.754982754,80.67016478834975,86.33547650752093,0.3660006143345727,0.7651852178426775,0.36028137401965956,86.33547650752093,0.3542647819438875,6605380.754982754,0.34406979925910327 
 03/12  08:20:00,2.486666666666667,100.0,3.21,90.50000000000002,144.83333333333335,0.0,0.0,0.0,2.0,2.0,0.0,0.0,0.0,0.0,0.0,1263.0,0.0,141.71917369784758,36.457012174109589,93.41997154640703,4.249510723033096,113.10598054018863,0.0,36.45701217410956,49.83949962141705,0.0,0.0,20.690949434900799,-1341.5273648652784,19.6959876856866,475.7382949619227,20.77039505173262,-1495.586317686932,19.779160743948656,441.40487680203219,15.613564198782012,19.563234359355435,18.83134918188503,-40.83807738496208,17.895435705137737,326.1879871906319,16.367335177447925,-518.2672773809971,18.713648372965879,-84.81886365703058,1373.083423938238,971.4907696736611,0.0,0.0,0.0,0.0,0.0,0.0,0.0,0.0,0.0,0.0,0.0,0.0,0.0,0.0,0.0,0.0,0.0,0.0,0.0,0.0,0.0,0.0,1.8837321244266985,0.5750098059910556,406.5390200550921,489.8121145417317,15846.369180616432,0.4116533148088479,0.0628286500013504,283.2084117586124,342.38664607399076,10467.39939702972,3.1226198687831445,0.5900642231260666,359.10922693134207,432.2175001133967,14117.673375928687,0.3955495036161131,0.07474480416026319,245.88917442441403,296.95028182735089,9174.89075079302,0.0,0.0,12.98942223931953,15.972069777058208,354.3310950329584,0.0,0.0,15.23766198566338,18.493028856996955,522.8773312133459,0.0,0.0,100.98634415803298,122.79609342832444,3395.3995891158385,0.0,0.0,45.884087536461588,56.129444942721487,1385.138170201437,0.0,0.0,28.11374383983036,34.09584173073084,981.5314291090158,34.25246512481698,23.49277443403085,546.9878567988286,663.7769591013575,20140.582086251634,0.0,0.0,61.7132977809961,76.9396552649091,1191.2707978474903,1897.7715088337805,21.674855606078695,27.505061004737699,21.999999999999994,29.99999999999999,0.0,20.612855663056338,29.414560545288539,15.999999999999993,29.99999999999999,2591.2194068916289,21.657206982755726,27.561720033140064,21.666666666666658,29.99999999999999,0.0,20.757211436339206,29.123615624593918,15.999999999999993,29.99999999999999,0.0,15.641499772766896,40.33422182306124,11.999999999999995,29.99999999999999,647.0760774563892,19.26890694642186,37.33985330222671,19.33333333333333,29.99999999999999,0.0,18.888270780543473,32.83510831953208,9.999999999999997,29.99999999999999,1062.9148196700733,17.137142626193805,37.67503063599785,16.999999999999994,29.99999999999999,0.0,19.538007366956245,35.002340818819408,18.999999999999994,29.99999999999999,0.0,19.43618370995055,0.0,0.0,0.0,11.643747882638089,0.0,0.0,501.7208065176893,508.6728861864581,501.68464706687578,505.5459805139801,540.8685520052503,872.7850439750898,521.0592808085548,597.3055667360326,757.9654339923607,10350.697956985268,81.1605064731437,86.24733106194262,59.99999999999998,0.0,59.99999999999998,59.99999999999998,16.0,16.0,19.0,19.0,16.0,12.0,21.0,10.0,1.0,0.0,1897.7715088337805,0.0,2591.2194068916289,0.0,647.0760774563892,0.0,1062.9148196700733,0.0,7697.506568159393,4618503.9408956379,6026596.355026634,81.1605064731437,86.33372223055915,0.3699168856053131,0.7684250760804513,0.36028137401965945,86.33372223055915,0.35426478194388735,6026596.355026634,0.313963010461385 
 03/12  08:30:00,2.505,100.0,3.165,100.0,146.0,0.0,0.0,0.0,2.0,2.0,0.0,0.0,0.0,0.0,0.0,2105.0,0.0,155.60157337549539,38.05915239290194,97.52545994113673,4.665780957200778,124.18551988505019,0.0,38.05915239290192,52.02974676637279,0.0,0.0,20.585207501733483,-955.6153095083715,19.647090092150465,481.7810392116219,20.781620029398007,-1864.95289474017,19.792701554045018,489.8696435617685,15.596385258471888,17.91631192170795,19.126606020049317,-42.01878102491696,17.893341777329778,291.54049645547709,16.09115411347117,-452.7909339180069,18.71800040627945,-59.755999438818779,1344.1810366658586,913.3517231094656,0.0,0.0,0.0,0.0,0.0,0.0,0.0,0.0,0.0,0.0,0.0,0.0,0.0,0.0,0.0,0.0,0.0,0.0,0.0,0.0,0.0,0.0,1.8909194145926954,0.5772037285081487,347.87049232857398,419.5283721002231,13412.250099496867,0.41793745259272666,0.06378776748973239,281.116229391114,340.06255267902449,10308.36129062194,2.9759336943232594,0.5623457472266177,374.8829559481745,451.5224836620376,14701.342662599436,0.39035659977565287,0.07376352981399336,272.7673947608874,329.6342131765542,10147.919110542769,0.0,0.0,12.611748995975099,15.515102487923887,343.1629368311199,0.0,0.0,13.887797981271437,16.823532739951554,492.85815783501558,0.0,0.0,99.74875766717764,121.35317431263101,3340.419893856714,0.0,0.0,44.969952888368769,55.13342648154425,1304.749666557902,0.0,0.0,20.5906662367938,25.007399659717824,705.6191650813604,34.322592271668138,23.54087261431286,546.3337468532003,663.3164960123429,20042.637503973077,0.0,0.0,59.92949103323248,74.72897261153834,1159.7224411570183,1207.0280238625333,21.357585319859298,28.173002248332723,21.6,30.0,0.0,20.478890686601838,29.763207006510929,16.0,30.0,2427.1534718765735,21.658074508351875,27.67509132877329,21.6,30.0,0.0,20.74827284643488,29.273775166655207,16.0,30.0,0.0,15.626071549169272,40.58618437522522,12.000000000000002,30.0,267.64577998163647,19.881220770649745,36.3809906634434,19.400000000000003,30.0,0.0,18.839094487308765,33.09802217967238,10.0,30.0,265.08049076943777,16.559674091790627,39.16906365074514,16.0,30.0,576.1033689684172,19.23866219528237,36.1696776853638,19.200000000000004,30.0,0.0,19.346529901368976,0.0,0.0,0.0,11.686224744980068,0.0,0.0,502.96673833508347,508.5491262950093,502.70871512112299,506.81126533169057,543.8106512692266,891.1043038200763,523.7817520873302,592.8641733808538,783.0612159303555,9469.064273414155,81.74373407268033,83.28022355557164,60.0,0.0,60.0,60.0,16.0,16.0,19.0,19.0,16.0,12.0,21.0,10.0,1.0,0.0,1207.0280238625333,0.0,2427.1534718765735,0.0,267.64577998163647,0.0,265.08049076943777,576.1033689684172,2325.050017581171,1395030.0105487025,1806841.7901771658,81.74373407268033,83.30631824778615,0.3495016672527057,0.7703170071501559,0.36028137401965956,83.30631824778615,0.35426478194388757,1806841.7901771658,0.09452577308921262 
 03/12  08:40:00,2.5233333333333336,100.0,3.1199999999999998,112.0,151.33333333333335,0.0,0.0,0.0,2.0,2.0,0.0,0.0,0.0,0.0,0.0,2105.0,0.0,181.3781559379388,42.21945788200439,108.18612992251973,5.438695951965086,144.75771766436703,0.0,42.21945788200437,57.71719978251302,0.0,0.0,20.665694123986463,-1428.8633022198633,19.733707929729527,544.4892795502196,20.78073117284106,-1148.199633951242,19.816020364207014,428.3596249988469,15.585234896475196,24.421281432161448,18.891575679732868,-35.490644513846628,17.958427244005429,356.0911987532473,16.579736296038129,-457.14048057572838,18.929139486143485,-80.56734152184176,1358.4465504656396,867.7617800732555,0.0,0.0,0.0,0.0,0.0,0.0,0.0,0.0,0.0,0.0,0.0,0.0,0.0,0.0,0.0,0.0,0.0,0.0,0.0,0.0,0.0,0.0,1.8774468165915852,0.5730912138557955,416.2790581363146,501.9385972343805,16142.50233968797,0.41126335258811666,0.06276913195789329,285.8030508657249,345.74137249750978,10532.882810055227,3.105319171158813,0.5867950058879092,310.5271382848102,374.19115469154499,12133.02275885763,0.393792712868882,0.07441283311959224,246.87290986080269,298.391444911886,9175.258029233533,0.0,0.0,13.31994479411187,16.38829725750813,361.81785524438126,0.0,0.0,15.336005992532926,18.60773873050071,532.1275956782649,0.0,0.0,95.37618141453226,116.013879896818,3210.474595286442,0.0,0.0,40.120464417114359,49.05348871314552,1231.0331664333788,0.0,0.0,28.142112255877256,34.1103276690149,996.0802681189431,34.511722778562347,23.670591754843874,525.6410745272658,638.2817969766727,19366.737714760875,0.0,0.0,55.46141088381212,69.13526888353649,1087.7974651572563,1857.1675683867607,21.558827009455773,28.031501453457506,22.000000000000008,30.00000000000001,0.0,20.598382693187216,29.783237703099546,16.000000000000005,30.00000000000001,1682.094561670298,21.488923399540626,28.165618620292166,21.400000000000007,30.00000000000001,0.0,20.74157814459611,29.48515335382277,16.000000000000005,30.00000000000001,0.0,15.621234974968957,40.83861079334913,12.000000000000006,30.00000000000001,0.0,19.47611325782683,37.55468421338023,19.000000000000008,30.00000000000001,0.0,18.94646283800826,33.06510576088456,10.000000000000004,30.00000000000001,1359.937163686168,17.425633918346717,37.287651278250908,20.700000000000008,30.00000000000001,386.8611456009884,19.835874813722297,35.03396704630135,19.40000000000001,30.00000000000001,0.0,19.411067555074227,0.0,0.0,0.0,11.831516033142629,0.0,0.0,505.61700226664456,512.3375842945857,505.785834081432,509.3388862338818,545.3636704392937,892.1074960776118,522.089269422085,593.0722242528929,783.809337679627,9549.2024807457,81.69080084971988,83.12778802959474,60.00000000000002,0.0,60.00000000000002,60.00000000000002,16.0,16.0,19.0,19.0,19.7,12.0,21.0,10.0,1.0,0.0,1857.1675683867607,0.0,1682.094561670298,0.0,0.0,0.0,1359.937163686168,386.8611456009884,2174.638071866185,1304782.843119711,1689842.5081253323,81.69080084971988,83.15219284237907,0.34448793572887295,0.7710964472208459,0.36028137401965967,83.15219284237907,0.35426478194388769,1689842.5081253323,0.08843181042251729 
 03/12  08:50:00,2.5416666666666667,100.0,3.0749999999999999,124.0,156.66666666666667,0.0,0.0,0.0,2.0,2.0,0.0,0.0,0.0,0.0,0.0,1684.0,0.0,212.04829268463235,46.32918187839415,118.71718856633841,6.358341723242448,169.23540818459814,0.0,46.32918187839413,63.335504063291597,0.0,0.0,20.694360332660929,-1415.672506654189,19.74633278509426,485.13243174397305,20.834579415506377,-1385.5825193610868,19.793525775780809,444.5427362493356,15.573924272665572,20.408851898227156,18.721390553560036,-22.76958089565936,18.02547904751402,360.3921779354125,17.287789470343296,-377.60018808285158,18.61847276370476,-24.75509343483651,1341.8298593846008,669.0602304457528,0.0,0.0,0.0,0.0,0.0,0.0,0.0,0.0,0.0,0.0,0.0,0.0,0.0,0.0,0.0,0.0,0.0,0.0,0.0,0.0,0.0,0.0,1.8587614478164623,0.5673874993334745,395.6634290083184,476.98865601024957,15322.314462985722,0.4066649668467066,0.06206730263228123,282.0705215520313,341.1765555849766,10362.025348959914,3.0414044048510835,0.5747173856483532,327.1828657462711,394.03079286122797,12803.94407954421,0.39546182967012258,0.07472823689911612,265.6887270801966,321.13100182310907,9823.688299472477,0.0,0.0,12.749335884335622,15.68442464052124,345.64792159809937,0.0,0.0,13.581954239625606,16.493269531987548,462.9840334156079,0.0,0.0,87.52613063099747,106.42815771514784,2957.0096390888268,0.0,0.0,27.431410614116606,33.42601257190138,899.0908534080903,0.0,0.0,18.407800134123787,22.35660870067991,633.1590170012648,34.52448816643494,23.679347164907378,540.9712735843034,656.8350408309401,19813.863153745464,0.0,0.0,43.03440036296572,53.676002356819278,831.6608506083944,1827.1799795274415,21.55602874178328,28.121365677629617,22.0,30.0,0.0,20.555206324748207,29.971498723402193,16.0,30.0,1928.8396049922417,21.568731092964634,28.121851196059397,21.5,30.0,0.0,20.65997246412676,29.752864716026559,16.0,30.0,0.0,15.612578361751912,41.08522477052026,12.0,30.0,0.0,19.179532378447985,38.51577045217997,19.0,30.0,0.0,19.03074742051529,32.953190380554428,10.0,30.0,1293.1430930998202,18.6044008080644,34.81368086819241,20.7,30.0,0.0,19.31414057373201,36.591369019633798,19.0,30.0,0.0,19.369744412704894,0.0,0.0,0.0,11.687799865945939,0.0,0.0,506.48377858678199,513.8714262586516,506.49049577530209,511.63674311303216,547.1500946467616,900.5241446462826,517.9690910691643,598.0049285109153,798.5506212154735,10702.42468465698,80.92813069597163,86.23257970141013,60.0,0.0,60.0,60.0,16.0,16.0,19.0,19.0,19.7,12.0,21.0,10.0,1.0,0.0,1827.1799795274415,0.0,1928.8396049922417,0.0,0.0,0.0,1293.1430930998202,0.0,8027.512936057943,4816507.761634765,6283503.234179017,80.92813069597163,86.32266685508466,0.35258376453526477,0.7661204205529925,0.36028137401965956,86.32266685508466,0.3542647819438875,6283503.234179017,0.32728883484397555 
 03/12  09:00:00,2.56,100.0,3.03,136.0,162.0,0.0,0.0,0.0,2.0,2.0,0.0,0.0,0.0,0.0,0.0,2105.0,0.0,247.73647844972025,50.38805066312416,129.117934358226,7.42845116480248,197.71794919291717,0.0,50.38805066312414,68.88428541415593,0.0,0.0,20.704341727789129,-1467.9772808668916,19.77794834826495,464.62386470922618,20.820606110084868,-1226.645111097649,19.8195490170638,411.76919382236147,15.558726775042049,16.18140305127315,18.955792229805604,-27.482493525661704,18.102829935606985,351.2495062262868,18.050676837737059,-93.86146368530395,18.924470203991186,-96.89751710998843,1331.6403531370475,442.8876587328456,0.0,0.0,0.0,0.0,0.0,0.0,0.0,0.0,0.0,0.0,0.0,0.0,0.0,0.0,0.0,0.0,0.0,0.0,0.0,0.0,0.0,0.0,1.854521611728972,0.5660932880735567,391.409290798912,472.0242635954501,15115.91658371736,0.4033319152492379,0.06155859512351006,278.6190256676167,337.09604418255699,10222.151783376503,2.9888305436160009,0.5647827935782317,305.33772045024457,367.88199533460036,11914.5763498425,0.3908625850390818,0.0738591430534924,261.7818675891208,316.52292095507348,9669.697320509491,0.0,0.0,12.37486862086313,15.227231474289042,334.6266354960583,0.0,0.0,13.425313387478772,16.298471681475527,460.11756018276676,0.0,0.0,75.76836403984305,92.1213581622899,2572.3217206649107,0.0,0.0,15.074013841237008,18.278496684991248,532.0019916074679,0.0,0.0,14.780008309244375,17.93533231991187,510.7992467204957,34.586393020103219,23.7218059122793,533.5101388432286,648.0132699307039,19520.552349864975,0.0,0.0,27.012256742479154,33.73297007432943,507.1272941626393,1838.5528046657758,21.513496406790489,28.310618838135285,22.0,30.0,0.0,20.5499936093704,30.11051490955402,16.0,30.0,1720.3770579904363,21.491613491444406,28.36432717190796,21.4,30.0,0.0,20.66389700658223,29.886520113218827,16.0,30.0,0.0,15.595822519594627,41.23126757176552,12.000000000000002,30.0,715.7691224517878,19.304389949455414,38.56546137838019,19.4,30.0,0.0,19.133777138707033,32.75981797731289,10.0,30.0,1279.1433102889376,19.82945688660839,32.21855131794299,20.7,30.0,1225.5059417572844,19.44795581117494,37.0122476168406,19.4,30.0,0.0,19.355360094965108,0.0,0.0,0.0,11.43822794706088,0.0,0.0,508.061857398163,516.2711517179214,508.259345968469,514.867515918519,543.9476808568288,919.431741067163,509.85986416551426,587.3756037592807,839.9469545649125,11230.768503226787,80.57836714246705,85.36639496902741,60.0,0.0,60.0,60.0,16.0,16.0,19.0,19.0,19.7,12.0,21.0,10.0,1.0,0.0,1838.5528046657758,0.0,1720.3770579904363,0.0,715.7691224517878,0.0,1279.1433102889376,1225.5059417572844,7244.7690155309569,4346861.409318574,5642475.5313391429,80.57836714246705,85.44771157668393,0.37749230051769858,0.7683644793565783,0.36028137401965956,85.44771157668393,0.35426478194388757,5642475.5313391429,0.29394206096296879 
 03/12  09:10:00,2.785,99.66666666666667,2.9716666666666669,148.0,167.33333333333335,0.0,0.0,1.0,2.0,0.0,0.0,0.0,0.0,0.0,4.0,4210.0,0.0,288.32997671011295,54.39525798524161,139.38630119603628,8.645643912408325,230.11536671435824,0.0,54.39525798524158,74.36244162892779,0.0,0.0,20.707327458823383,-1611.2708538569648,19.835421555215559,512.852415436884,20.77259077482109,-1208.973955452212,19.851059906565,455.8871492287206,15.54925396190194,22.204513237868679,19.18475963786377,-88.57998263978492,17.23933452076212,-696.3176945816496,18.308012730778203,-137.39545642856505,18.81476354119811,-785.1147150922922,1328.8945120701818,2410.0628736548658,0.0,0.0,0.0,0.0,0.0,0.0,0.0,0.0,0.0,0.0,0.0,0.0,0.0,0.0,0.0,0.0,0.0,0.0,0.0,0.0,0.0,0.0,1.803517571490415,0.5505242892217385,355.459254210223,428.77320962348298,13581.039173317271,0.40036952467610906,0.06110645981015095,289.7419459670108,350.62163928970309,10514.881648661541,2.8263974539968959,0.5340887101279095,276.2266671644506,333.0067616463017,10644.828116670884,0.38445802612681,0.07264890894308576,274.88639727261917,332.4219524677526,10031.550574703178,0.0,0.0,13.478402351698279,16.590078569273979,358.0074500985017,0.0,0.0,16.691901159184036,20.23206692303139,580.9371793511513,0.0,0.0,273.93916312768388,335.1232629971594,8186.663124473285,0.0,0.0,30.537490210308048,36.97267526687035,1086.9422882584793,0.0,0.0,203.45535583831845,247.04029789410806,6930.557609388526,34.37760957466488,23.57860739003079,557.5680822571219,677.2260474732859,20160.328160504025,0.0,0.0,210.60757064958438,260.4219816204635,4996.251543965781,1813.8299590849352,21.510507800865967,28.77104973864736,21.999999999999998,30.0,0.0,20.585887539192137,30.368058162775975,15.999999999999999,30.0,1355.9461498479514,21.51427056122468,29.41752647101897,21.4,30.0,0.0,20.683448961710874,30.70033195765491,19.0,30.0,0.0,15.590087655312165,41.637847908089529,12.0,30.0,90.15521733718257,19.82150175949081,37.56274579597248,19.2,30.0,0.0,17.361995163956587,38.16576520341181,10.0,30.0,492.85637935656856,20.279521356763014,32.27131531040291,20.099999999999999,30.0,0.0,19.481449273830319,33.915472377389267,12.0,30.0,0.0,19.446659183230968,0.0,0.0,0.0,14.025548432424913,0.0,0.0,526.5316603259441,526.0783545356746,558.6989005652489,548.8759155521051,556.9561631317953,923.473053055202,597.5609949536603,630.8190490871949,635.090935806756,9806.596200408016,81.5205952663558,82.2588829267299,220.0,0.0,220.0,220.0,16.0,19.0,19.0,12.0,19.7,12.0,21.0,10.0,1.0,0.0,1813.8299590849352,0.0,1355.9461498479514,0.0,90.15521733718257,0.0,492.85637935656856,0.0,1117.2419099989448,670345.1459993669,867666.1002300268,81.5205952663558,82.27142150214988,0.3432413969999649,0.7706544777750802,0.3602813740196596,82.27142150214988,0.3542647819438876,867666.1002300268,0.04702530387862806 
 03/12  09:20:00,3.0100000000000004,99.33333333333334,2.913333333333333,160.0,172.66666666666669,0.0,0.0,1.0,2.0,0.0,0.0,0.0,0.0,0.0,4.0,1684.0,0.0,333.5387102757021,58.34959739791207,149.51919749407274,10.001222134684287,266.196153147979,0.0,58.34959739791204,79.76832340331809,0.0,0.0,20.656668357838734,-1508.4942166744427,19.879910415281907,411.88049140510295,20.762569703679547,-915.9563654935812,19.856847105555198,260.2621805486169,15.541319270806515,17.032597103584054,18.940456341098395,-95.06163489027409,16.6781556900265,-14.534910832145215,18.486329626366435,-255.13750921237438,17.95264816428525,-492.0829147182578,1266.0848977471306,1776.4476396262242,0.0,0.0,0.0,0.0,0.0,0.0,0.0,0.0,0.0,0.0,0.0,0.0,0.0,0.0,0.0,0.0,0.0,0.0,0.0,0.0,0.0,0.0,1.7379763102587627,0.5305177992242866,339.1574542793478,409.03216042424278,12706.712556623324,0.38009239947079356,0.058011660480890358,269.8462925993489,326.3317789964997,9664.245260939955,2.842521696344609,0.5371356191127381,230.75980109512799,278.36569042063868,8703.946077409382,0.36354810118129457,0.06869767596018414,232.03064667134806,280.57029446897419,8345.476031642578,0.0,0.0,13.158215354841645,16.186746441678158,343.22707906377107,0.0,0.0,16.743466182249134,20.315009861978138,560.9759192244326,0.0,0.0,266.8689134860274,327.16138568923079,7491.98519839691,0.0,0.0,41.42001631995823,50.092199639898,1468.9811422847393,0.0,0.0,184.7755781151365,225.37540803346986,5731.841358028302,33.98672137577806,23.310508488187975,494.8456332519935,600.9324903265683,17686.234585392845,0.0,0.0,199.3310353608053,246.05261282349103,4820.8705822812639,1824.915783805006,21.365865949499584,29.35095578232795,22.0,30.0,0.0,20.573534432829925,30.770269699357958,16.0,30.0,1065.4684547738837,21.36205365516769,30.214984683959366,21.25,30.0,0.0,20.636540810977789,31.33495763859819,19.0,30.0,0.0,15.583700614643778,42.3452949361523,12.0,30.0,0.0,19.374820235339674,38.76309134749853,19.0,30.0,0.0,16.59780074661082,40.2405324508552,10.0,30.0,1253.9424067809915,20.36931322491817,32.759605534023247,20.7,30.0,0.0,18.06818367943487,36.64037968971709,12.0,30.0,0.0,19.36804430650927,0.0,0.0,0.0,14.581558006218558,0.0,0.0,539.489448902907,541.3828031965879,580.6345477489626,571.360614970723,585.6174829370551,922.0750312624856,602.9697060819794,667.5362964267349,604.973447322978,10735.375006563178,80.90631087285496,86.3320244414054,220.0,0.0,220.0,220.0,16.0,19.0,19.0,12.0,19.7,12.0,21.0,10.0,1.0,0.0,1824.915783805006,0.0,1065.4684547738837,0.0,0.0,0.0,1253.9424067809915,0.0,8210.834213081436,4926500.527848861,6429036.408461034,80.90631087285496,86.42417106993232,0.35869447376938126,0.7659576599204336,0.36028137401965956,86.42417106993232,0.3542647819438875,6429036.408461034,0.3362043376844182 
 03/12  09:30:00,3.2350000000000005,99.0,2.855,172.0,178.0,0.0,0.0,1.0,2.0,0.0,0.0,0.0,0.0,0.0,4.0,1263.0,0.0,382.95613262151928,62.24954345986507,159.51271425759257,11.482995728017775,305.6358480025042,0.0,62.249543459865048,85.09984534345911,0.0,0.0,20.674650716484309,-1521.881933608387,19.9115738827619,393.71246132923729,20.77129055894201,-1021.3724504769161,19.78194942811365,326.3422899723651,15.531451859987872,15.604042854294916,18.79439450300381,-82.18578401924069,16.77640026559232,92.46723766425289,18.331893462372947,-232.47088365592905,17.55814326983111,-224.7000600203603,1246.7818247298633,1279.2306648919319,0.0,0.0,0.0,0.0,0.0,0.0,0.0,0.0,0.0,0.0,0.0,0.0,0.0,0.0,0.0,0.0,0.0,0.0,0.0,0.0,0.0,0.0,1.7025653395718137,0.5197085896128856,338.7091841329075,408.29662271926846,12542.166682972545,0.37225423005871369,0.05681535867806984,266.9476946878853,322.71453322561549,9423.94802118785,2.7613526417487659,0.5217975513508627,252.09923024046709,303.9289356925266,9389.982702704845,0.3635884356933444,0.06870529775006504,255.15625395108607,308.5351884147306,8982.487338490515,0.0,0.0,12.642715336550629,15.547113352009497,323.6338971606137,0.0,0.0,16.411912697016505,19.922273779318365,533.3852509636687,0.0,0.0,215.04395518679,263.3474537707092,6039.944338515888,0.0,0.0,42.431240368600409,51.39967110661454,1446.9486601439924,0.0,0.0,132.7227448946943,162.16878958888734,3907.5399826801378,33.682794571558968,23.102053889958137,515.6216963633146,625.8613323247957,18118.385688160797,0.0,0.0,143.98788605817863,178.01059694543913,3274.8432700765335,1864.8982623168509,21.37886899098001,29.646502626762513,21.999999999999994,29.99999999999999,0.0,20.546282567971635,31.12289957989092,15.999999999999993,29.99999999999999,1151.6434684827432,21.433858477916137,30.34798527499636,21.333333333333326,29.99999999999999,0.0,20.488893826487556,31.930685044359909,18.999999999999994,29.99999999999999,0.0,15.573206227629218,42.71725130504749,11.999999999999995,29.99999999999999,0.0,19.09546479698424,39.569329571878778,18.999999999999994,29.99999999999999,0.0,16.8491605106242,39.67001980095709,9.999999999999997,29.99999999999999,571.5984515060518,19.933132241495316,33.76914664331731,20.033333333333326,29.99999999999999,0.0,17.514216069268558,37.98346385018189,11.999999999999995,29.99999999999999,0.0,19.373510016468896,0.0,0.0,0.0,14.057239418831206,0.0,0.0,552.0498989272052,552.7960798035319,590.2532897107711,582.4597065647595,596.6115362298502,927.6107761731331,596.8481910464,663.7686003927229,600.578209193986,8931.50290003814,82.0992172300482,84.39376681916417,219.9999999999999,0.0,219.9999999999999,219.9999999999999,16.0,19.0,19.0,12.0,19.7,12.0,21.0,10.0,1.0,0.0,1864.8982623168509,0.0,1151.6434684827432,0.0,0.0,0.0,571.5984515060518,0.0,3472.5663261965485,2083539.79571793,2704853.217669504,82.0992172300482,84.43273588856923,0.34241887753988489,0.7659135732138973,0.36028137401965945,84.43273588856923,0.35426478194388735,2704853.217669504,0.14253458954103646 
 03/12  09:40:00,3.46,98.66666666666666,2.796666666666667,179.0,195.16666666666667,0.0,4.0,0.0,0.0,0.0,0.0,0.0,0.0,0.0,0.0,2526.0,0.0,434.7900768425358,65.10138423690869,166.82052025623623,13.03722746807513,347.00414227793939,0.0,65.10138423690866,88.99852789728468,0.0,0.0,20.660949415676784,-1567.842122330011,19.981387283320609,394.3052621342215,20.48782552496352,-313.2479860658557,19.76833726893014,-32.72320747665384,15.526880959011205,18.383697125180768,18.588328025525784,-193.9007729919195,17.220647481794687,496.94620254132487,17.888909413782316,-111.03087055647859,17.334626586930776,-481.85178204106986,1066.2555853611246,966.1392155198105,0.0,0.0,0.0,0.0,0.0,0.0,0.0,0.0,0.0,0.0,0.0,0.0,0.0,0.0,0.0,0.0,0.0,0.0,0.0,0.0,0.0,0.0,1.6869176352749356,0.5149321230997969,365.4582896000237,440.83954266319599,13347.162838732018,0.37408282515501359,0.057094448283732179,273.0197179300914,330.2577572883355,9532.408872063477,2.654370169013034,0.5015816645905201,85.47656844859354,103.22308264726807,3200.344661708335,0.38700764070802587,0.07313069552305846,25.210841799280865,30.510201648869506,881.6181106266932,0.0,0.0,11.353439467678136,13.970989977131226,285.2625491871755,0.0,0.0,71.25506254930827,86.73636986019892,2232.6223821320379,0.0,0.0,215.78930340061914,263.4994792541929,6337.244760122055,0.0,0.0,31.439925843698658,38.20885969112405,1017.2751912750902,0.0,0.0,97.17888637677993,118.8521493070196,2741.9685816228377,33.45973376715155,22.949062940433146,298.30742478073298,362.99641971615668,10437.939311205853,0.0,0.0,102.00763957830238,126.24391070475,2190.262306017089,1802.7574907721317,21.35747311242523,30.148651447419679,21.999999999999976,29.999999999999969,0.0,20.585216998679515,31.525498032827327,15.999999999999983,29.999999999999969,51.642010737551739,21.220044310963048,30.328614722197896,20.99999999999998,29.999999999999969,0.0,20.359993479370929,34.817514106203308,18.99999999999998,29.999999999999969,0.0,15.571494393326559,43.13663914744853,11.99999999999999,29.999999999999969,0.0,18.713441009353745,37.371853777695907,15.999999999999983,29.999999999999969,0.0,17.7360068623476,38.5663911457483,9.99999999999999,29.999999999999969,0.0,19.174710147704496,35.1665579818053,15.999999999999983,29.999999999999969,0.0,17.20850011887189,39.229282303409309,11.99999999999999,29.999999999999969,0.0,18.81945336615368,0.0,0.0,0.0,13.602008780739073,0.0,0.0,566.2423525092827,568.134138864342,560.636510427115,739.2116023888136,610.0631195437359,722.8094765292591,642.8143970292757,645.4077076505989,621.4495053794935,9511.747052417713,81.71557065481919,82.87224617304354,131.99999999999987,0.0,131.99999999999987,131.99999999999987,16.0,19.0,16.0,12.0,16.0,12.0,21.0,10.0,1.0,0.0,1802.7574907721317,0.0,51.642010737551739,0.0,0.0,0.0,0.0,0.0,1750.4958678144215,1050297.5206886545,1360112.0751617717,81.71557065481919,82.89189036324219,0.3416831955938138,0.769107225869355,0.3602813740196592,82.89189036324219,0.3542647819438871,1360112.0751617717,0.07184782790841216 
 03/12  09:50:00,3.6850000000000007,98.33333333333334,2.7383333333333335,186.0,212.33333333333332,0.0,4.0,0.0,0.0,0.0,0.0,0.0,0.0,0.0,0.0,1684.0,0.0,492.2204966271781,67.94893040840056,174.11732439051546,14.759266994407286,392.8389261243545,0.0,67.94893040840052,92.89133939972652,0.0,0.0,20.529736594304358,-1031.1782135147678,20.051031241202538,441.9181812619213,20.86270278371567,-921.3019220515942,19.7470633008571,-26.704882627474264,15.533566433430977,29.03537077543558,18.451056517715509,-64.68329222691659,17.4791336466087,168.05378912893685,17.237035680552905,-23.38688224782068,16.826640390275175,-658.1417076528097,1092.7725946160268,1310.6353846783364,0.0,0.0,0.0,0.0,0.0,0.0,0.0,0.0,0.0,0.0,0.0,0.0,0.0,0.0,0.0,0.0,0.0,0.0,0.0,0.0,0.0,0.0,1.759518084249102,0.5370934323104708,367.8207418485757,443.48890860713228,13255.845129256177,0.39650593528443797,0.06051677888956624,289.0690371640719,349.3886197964421,9982.550858911978,2.2872664523508989,0.4322121036188397,159.91745207300444,192.53356484518606,5932.887256326635,0.4043952484426214,0.07641633568454673,31.21691704110869,37.743303676317399,1069.8215499042379,0.0,0.0,10.797893904363857,13.27953635354578,266.6542630187952,0.0,0.0,49.71021555847393,60.535284744191148,1511.6570761633453,0.0,0.0,264.2060307017209,322.06098783262737,7824.386571099039,0.0,0.0,18.980331315267475,23.150694047189334,562.9945457303766,0.0,0.0,175.00014114828458,214.55781353303636,4588.514093073184,33.42147857889698,22.92282481405829,317.7496193145977,386.318859046077,10925.896318016092,0.0,0.0,178.99011162459269,220.78638057338956,4075.298743284147,1317.7077311042445,21.35068894646311,30.40123548650269,21.75,30.0,0.0,20.61683176456726,31.70678232481393,16.0,30.0,1556.913853993624,21.774446950995715,29.61205644106387,21.5,30.0,0.0,20.282993829957996,37.28050697821837,19.0,30.0,0.0,15.588571369343545,43.483166935677989,12.0,30.0,0.0,18.492515302686337,36.774124839896369,16.0,30.0,0.0,18.097544421296776,37.37967990600953,10.0,30.0,0.0,18.05857909071555,37.58876613768193,16.0,30.0,0.0,16.39297986885705,41.68354298426118,12.0,30.0,0.0,18.86657150974498,0.0,0.0,0.0,14.543213217484326,0.0,0.0,572.0677384038531,571.9089757711513,567.6170194356413,877.2914808181962,620.4204221603477,644.3088337221052,617.100259831713,635.2313785250434,630.6307890464076,8867.806488225808,82.14126358048003,84.0190397560592,132.0,0.0,132.0,132.0,16.0,19.0,16.0,12.0,16.0,12.0,21.0,10.0,1.0,0.0,1317.7077311042445,0.0,1556.913853993624,0.0,0.0,0.0,0.0,0.0,2841.5633621242707,1704938.0172745623,2236873.8319500868,82.14126358048003,84.05093062930964,0.3497187787374757,0.7665047705790338,0.36028137401965956,84.05093062930964,0.3542647819438875,2236873.8319500868,0.11743943926140453 
 03/12  10:00:00,3.91,98.0,2.68,193.0,229.5,0.0,4.0,0.0,0.0,0.0,0.0,0.0,0.0,0.0,0.0,1684.0,0.0,554.9101563010195,70.78914844781728,181.3953530357221,16.639002416709685,442.8710548789594,0.0,70.78914844781724,96.77413279004114,0.0,0.0,20.510414081379026,-1246.697509524589,20.118774136259814,228.18938282843375,20.755920497265273,-640.4598248524244,19.726907931056159,-67.10490584562996,15.547958033084744,28.664668622014788,18.39063068280675,-90.28010638473802,17.29882336780497,71.65413773465798,16.81981422617403,-16.25161580819912,16.547086617281445,-416.3788465404941,1080.3298465173489,1204.1924723812918,0.0,0.0,0.0,0.0,0.0,0.0,0.0,0.0,0.0,0.0,0.0,0.0,0.0,0.0,0.0,0.0,0.0,0.0,0.0,0.0,0.0,0.0,1.720634432119814,0.5252241856287588,454.8878585604658,549.482958360527,15814.854032747822,0.36331863668819849,0.05545156237609867,269.1502379221646,325.36962677263798,9176.442491752288,2.530443563739335,0.47816393872625398,204.51146125570956,246.45243158014189,7377.11833543717,0.3663711699411785,0.06923113566537763,24.84945622961053,30.043553818513624,837.8442151524814,0.0,0.0,10.298385961612919,12.663997610373784,250.0543945060277,0.0,0.0,53.52523882020651,65.19470003012106,1589.14483542553,0.0,0.0,289.6197790760692,353.5261549293239,8248.069279007132,0.0,0.0,10.592958849059106,12.948309462086407,294.16828635745079,0.0,0.0,194.84574436288438,239.23945781233767,4896.681127060793,32.934422870560968,22.588767400933454,394.80352153673678,479.90572074201688,13294.07386620632,0.0,0.0,198.8310588957926,245.1655849710615,4521.972957219329,1844.478382764964,21.103127437493524,31.43357515998136,22.0,30.0,0.0,20.613540164402456,32.221443530052138,16.0,30.0,1632.048326574628,21.530594858304494,30.502122438357597,21.5,30.0,0.0,20.20692340155385,38.74963373955211,19.0,30.0,0.0,15.615108476245565,43.57905947911328,12.0,30.0,0.0,18.363908058376255,36.85807146150684,16.0,30.0,0.0,17.7401351232159,38.380476630225818,10.0,30.0,0.0,17.37080080268302,39.21185875490351,16.0,30.0,0.0,16.043032732937158,42.642551800847709,12.0,30.0,0.0,19.014219493711246,0.0,0.0,0.0,14.827507598292785,0.0,0.0,586.5714132720758,585.458320935941,583.8063157717479,950.1866480801335,617.9334667686826,618.3676010783116,606.998383009136,626.5690668224341,613.2814228944009,10207.033146167942,81.2556971325666,84.91404235964316,132.0,0.0,132.0,132.0,16.0,19.0,16.0,12.0,16.0,12.0,21.0,10.0,1.0,0.0,1844.478382764964,0.0,1632.048326574628,0.0,0.0,0.0,0.0,0.0,5536.183263113409,3321709.957868046,4331546.141790276,81.2556971325666,84.9761732064716,0.35453944210378038,0.7695029543972676,0.36028137401965956,84.9761732064716,0.3542647819438875,4331546.141790276,0.22636239937309436 
 03/12  10:10:00,4.096666666666668,97.33333333333334,2.6333333333333335,200.0,246.66666666666667,0.0,0.0,1.0,2.0,0.0,0.0,0.0,0.0,0.0,0.0,3368.0,0.0,653.8558598824698,74.55777551820118,191.05237964141555,19.605856526699623,521.8387334051092,0.0,74.55777551820114,101.92613171279015,0.0,0.0,20.775452519321349,-1343.5450233336288,20.18128932794827,420.3728820184083,20.812106591973057,-1637.6206450319217,19.796181358858143,582.1473463189973,15.562630379778075,31.201785526582719,19.361221682607437,-99.2963372268813,17.218370987968855,97.02338851320292,17.601988316770929,-90.4765556445429,16.416107433824935,-336.31302704323346,1146.9148319920024,1179.6507789726564,0.0,0.0,0.0,0.0,0.0,0.0,0.0,0.0,0.0,0.0,0.0,0.0,0.0,0.0,0.0,0.0,0.0,0.0,0.0,0.0,0.0,0.0,1.6377012590227114,0.49990880922549199,384.9507776375792,464.05254396610817,13650.233741723623,0.36478347129886115,0.05567513298212166,268.3036320803554,324.3573621836585,9036.979517238886,2.5796994090209806,0.48747154365475839,400.65799073601365,482.6345253250854,14321.690939620119,0.37895625665279455,0.0716092699646248,327.27267083841749,395.87218103925349,10891.094974546973,0.0,0.0,11.480458083152934,14.1215583258897,274.8067381992091,0.0,0.0,17.317855199577289,21.006501950944238,550.8566616915629,0.0,0.0,258.6163632045656,315.9488662731967,7193.639235485633,0.0,0.0,24.693166118529015,30.013681012013224,746.8742926906735,0.0,0.0,204.49511274213649,251.29120313305544,5005.164981397225,33.03217044814368,22.655809635215158,589.1095880376249,714.795316857278,19581.874785469867,0.0,0.0,209.1209359037701,257.74295010845136,4763.165942396083,1657.8535134625248,21.509101853519988,31.56364276870504,21.875,30.0,0.0,20.61543615694589,33.19753412705399,16.0,30.0,2068.8649980213547,21.52392515912229,31.458189151815973,21.5,30.0,0.0,20.401036373618678,33.80027855616417,16.0,30.0,0.0,15.637552884632193,43.735352944297698,12.0,30.0,1389.931674485163,19.64403229153659,35.17796906058598,19.875,30.0,0.0,17.602194804103776,39.24190577742131,10.0,30.0,1352.7493636266782,18.60336462529648,37.095653636094628,20.7,30.0,0.0,15.909412167937959,43.314293064812719,12.0,30.0,0.0,19.481229306826074,0.0,0.0,0.0,15.039438519003138,0.0,0.0,642.9992744819047,637.798793385791,634.3878234103455,646.286319969124,615.9116541948399,693.3421082131451,621.5181830193549,672.9917912464266,615.4676976787736,10317.023345466632,81.18302695552149,85.56468124469137,60.0,0.0,60.0,60.0,16.0,16.0,19.0,12.0,19.7,12.0,21.0,10.0,1.0,0.0,1657.8535134625248,0.0,2068.8649980213547,0.0,1389.931674485163,0.0,1352.7493636266782,0.0,6631.061346868594,3978636.808121157,5203625.818447674,81.18302695552149,85.63909628061545,0.3485353782289532,0.7658531013927645,0.36028137401965956,85.63909628061545,0.3542647819438875,5203625.818447674,0.271098542559279 
 03/12  10:20:00,4.283333333333333,96.66666666666667,2.586666666666667,207.0,263.83333333333339,0.0,0.0,1.0,2.0,0.0,0.0,0.0,0.0,0.0,0.0,1684.0,0.0,728.6230094444309,77.32103375072336,198.13320678715096,21.847729663019025,581.5097787446362,0.0,77.32103375072332,105.70371521239109,0.0,0.0,20.830374368460569,-1437.4645852485788,20.330130504702848,331.85842120085865,20.9127221718475,-1308.8394640876737,19.959924386888244,388.89668221607328,15.581426060955455,31.21263966319536,19.53387065272592,-112.55456237219522,17.165596534989136,91.54571905506691,18.59534110190684,-270.2317765328446,16.36249440494563,-226.9462211661014,1162.5646371610279,1172.9538640272459,0.0,0.0,0.0,0.0,0.0,0.0,0.0,0.0,0.0,0.0,0.0,0.0,0.0,0.0,0.0,0.0,0.0,0.0,0.0,0.0,0.0,0.0,1.6252524268122797,0.4961087993932478,380.1677094937567,457.919803621784,13397.59944982538,0.3523718040894669,0.05378080037995526,252.07288500232955,304.49183282724456,8459.741539859013,2.5227062032404854,0.4767018524641887,338.81517885424668,407.7730015267065,12020.559940284376,0.36474845796261037,0.06892450074879257,297.5827453788519,359.5254896233224,9925.553843113406,0.0,0.0,11.46845355649155,14.098204024286139,270.74883647983207,0.0,0.0,17.362241877025708,21.02258967586864,556.3227890582891,0.0,0.0,256.3312786297538,313.0870791358849,6987.24746755034,0.0,0.0,42.82184779452638,51.76720143031643,1404.3754428028952,0.0,0.0,210.76517697608885,258.8694345074998,5071.346955963775,32.98444192608,22.623074023374494,543.07105167555,658.6028989626232,17972.605838838634,0.0,0.0,217.30116560380265,267.3350449365288,5026.032251235845,1847.849330973539,21.60165102686046,31.310330575573575,22.0,30.0,0.0,20.755280031300594,33.019087161852,16.0,30.0,1781.0340393661937,21.569311786474765,31.45716692427163,21.5,30.0,0.0,20.629661755866054,33.24676776144402,16.0,30.0,0.0,15.666343545012398,44.03254716593303,12.0,30.0,0.0,19.968469177816606,36.33995100560969,19.0,30.0,0.0,17.513261958444187,39.7192844910276,10.0,30.0,1275.9086540128693,20.30466752401088,34.09659886282621,20.7,30.0,0.0,15.894332003191537,43.85414154367463,12.0,30.0,0.0,19.547760970094136,0.0,0.0,0.0,15.410580320949816,0.0,0.0,631.0655011250008,638.1430148405017,633.1374018586241,634.5779304940567,620.1873216343772,799.9920201523496,628.5375220401311,692.8490247900663,631.5277797295643,11154.592008613403,80.62899192782538,86.21163666427472,60.0,0.0,60.0,60.0,16.0,16.0,19.0,12.0,19.7,12.0,21.0,10.0,1.0,0.0,1847.849330973539,0.0,1781.0340393661937,0.0,0.0,0.0,1275.9086540128693,0.0,8448.016637045246,5068809.982227148,6588797.874857975,80.62899192782538,86.30644850500828,0.36660055456817489,0.7673298166182954,0.36028137401965956,86.30644850500828,0.3542647819438875,6588797.874857975,0.3431241561592814 
 03/12  10:30:00,4.470000000000001,96.0,2.54,214.0,281.0,0.0,0.0,1.0,2.0,0.0,0.0,0.0,0.0,0.0,0.0,1686.0,0.0,807.3961992641571,80.07270392453198,205.18434140347197,24.2097219858626,644.3780023249805,0.0,80.07270392453194,109.46545695718477,0.0,0.0,20.741984914185456,-683.834370562422,20.378986882855366,176.93831675312073,21.008628814431586,-1656.9121862603377,19.987454958361125,334.52454002090658,15.600448315092564,30.253424473588838,19.432727314652085,-94.80198316615926,17.127164933763738,114.29580407449567,18.55212207281143,-258.727562865767,16.404090394821968,-129.28149130022644,1083.6262672140206,1061.95073999495,0.0,0.0,0.0,0.0,0.0,0.0,0.0,0.0,0.0,0.0,0.0,0.0,0.0,0.0,0.0,0.0,0.0,0.0,0.0,0.0,0.0,0.0,1.604734962243048,0.48984583707052756,288.6064978321152,347.7700058155311,9971.36419744866,0.3340897499898231,0.05099049908269583,186.416720988198,225.03188220208814,6167.366548506932,2.4107802753569405,0.4555518282987417,371.7370998496475,447.38619524391518,13015.909060090555,0.339588230762222,0.06417011163307292,230.7105401180806,278.45139521999308,7622.328606220804,0.0,0.0,11.005237028361226,13.525496654310766,256.1400425974803,0.0,0.0,16.122603532680154,19.53208551431736,502.1693889353608,0.0,0.0,239.8351934747017,292.9863513430599,6414.293562824101,0.0,0.0,47.47526339147366,57.47646700903912,1510.925608176976,0.0,0.0,199.1008020216873,244.42664432728876,4766.532024079667,32.818276782700497,22.50910616097428,442.69721916651846,536.6821672130673,14574.809215722016,0.0,0.0,205.9747990949568,253.2245222049475,4767.186362025159,957.7499439377756,21.360208603496745,31.740102287053309,21.5,30.0,0.0,20.694347399130245,33.10576099150484,16.0,30.0,2138.184883258682,21.68792814175982,31.146904892876049,21.5,30.0,0.0,20.63076198140032,33.204964857512937,16.0,30.0,0.0,15.692878311874726,44.35781393467501,12.0,30.0,0.0,19.705942614327858,38.315592654032,19.0,30.0,0.0,17.447994449961475,40.32502671420797,10.0,30.0,628.222188775776,20.05638409169845,35.08366283016485,19.95,30.0,0.0,16.029730592774237,44.15392454744481,12.0,30.0,0.0,19.387829363823778,0.0,0.0,0.0,15.608633648783212,0.0,0.0,616.2721472908989,625.124314284599,610.75176772177,618.6182863496675,627.8146366029575,869.3528736524681,638.817078078549,694.0874417793997,650.0486571360528,8004.952801752438,80.91574904855354,84.88256088273229,60.0,0.0,60.0,60.0,16.0,16.0,19.0,12.0,19.7,12.0,21.0,10.0,1.0,0.0,957.7499439377756,0.0,2138.184883258682,0.0,0.0,0.0,628.222188775776,0.0,6002.42880723033,3601457.2843381979,4691653.34535789,80.91574904855354,84.9499305165882,0.285080960241011,0.5388010883849463,0.27021103051474468,84.9499305165882,0.2656985864579156,4691653.34535789,0.24446930729194364 
 03/12  10:40:00,4.656666666666667,95.33333333333334,2.493333333333333,214.83333333333335,302.33333333333339,0.0,0.0,0.0,0.0,0.0,0.0,0.0,0.0,0.0,0.0,2532.0,0.0,882.6251367460322,81.24621588149366,208.1915057488799,26.46543758049004,704.4175518259649,0.0,81.24621588149361,111.0697367718717,0.0,0.0,20.799727160954448,-1243.5428496741352,20.51104489110867,272.35523674186347,20.909465070648368,-1047.2112892684502,20.028361095514336,277.90819482640429,15.62254805714264,34.79759654428904,19.25312313678242,-295.60074279576687,17.29329696001667,242.13181860214079,18.13047300244589,-159.0688246819568,16.430831461862597,-123.65444383943979,1098.1335557701528,999.9656752668998,0.0,0.0,0.0,0.0,0.0,0.0,0.0,0.0,0.0,0.0,0.0,0.0,0.0,0.0,0.0,0.0,0.0,0.0,0.0,0.0,0.0,0.0,1.5852878827560509,0.4839096101208944,358.5059131636667,432.13864464830359,12306.24685542597,0.3368438469255894,0.0514108435478616,221.9283037571854,268.1452459498039,7306.641201586093,2.503326556346174,0.47303978766934498,320.53285107519278,386.2090615217254,11041.5644168129,0.34718152959731149,0.0656049753585244,263.04275440298519,317.8593398620519,8587.946156399763,0.0,0.0,11.435217039704085,14.057751669815211,262.39308736867567,0.0,0.0,82.22422297723871,99.8299666442838,2465.6098898615107,0.0,0.0,317.7597833110525,387.80585213664497,8581.248179327395,0.0,0.0,37.72607234535096,45.800438914075488,1137.9673971541523,0.0,0.0,205.88572643463156,252.72044875127507,4881.123791326722,32.783866056162057,22.485504839617314,478.57537278259476,580.5572540741139,15583.934292863616,0.0,0.0,212.1250237108957,260.6802891833876,4891.976841952323,1567.264319430898,21.514414812133258,31.502743660185805,21.833333333333319,29.99999999999998,0.0,20.819229781609324,32.8772622738624,15.999999999999988,29.99999999999998,1434.4621957035552,21.427380104921466,31.661683565111205,21.333333333333319,29.99999999999998,0.0,20.668575852040776,33.15804503218668,15.999999999999988,29.99999999999998,0.0,15.72378464771672,44.75704720141841,11.999999999999993,29.99999999999998,0.0,19.293498034786074,37.27097245685634,15.999999999999988,29.99999999999998,0.0,17.77712224866622,40.16820381660382,9.999999999999993,29.99999999999998,0.0,19.338769655325558,36.456584727140619,15.999999999999988,29.99999999999998,0.0,16.106172712409543,44.42202272992702,11.999999999999993,29.99999999999998,0.0,19.542551898712973,0.0,0.0,0.0,15.765930983096496,0.0,0.0,607.9481432202531,614.8582655079456,604.5887056080484,609.5652868481784,640.8373940175766,725.0803948349433,669.1525726261903,674.6313301431233,665.0454254765264,9585.825522771049,81.66655542081668,84.00079523802353,59.99999999999996,0.0,59.99999999999996,59.99999999999996,16.0,16.0,16.0,12.0,16.0,12.0,21.0,10.0,1.0,0.0,1567.264319430898,0.0,1434.4621957035552,0.0,0.0,0.0,0.0,0.0,3532.5696896546289,2119541.81379278,2759342.8302134738,81.66655542081668,84.04043837926409,0.3444189896551542,0.7686590813783334,0.3602813740196593,84.04043837926409,0.3542647819438872,2759342.8302134738,0.14398582717110065 
 03/12  10:50:00,4.843333333333334,94.66666666666667,2.4466666666666669,215.66666666666669,323.66666666666665,0.0,0.0,0.0,0.0,0.0,0.0,0.0,0.0,0.0,0.0,1266.0,0.0,961.469677753742,82.41879830626641,211.1962891900516,28.829565285269838,767.3426759448104,0.0,82.41879830626638,112.67274584558415,0.0,0.0,20.841593650634516,-1582.9675203256496,20.64264498911747,242.42891548622922,20.508528853403168,-386.9833275261987,19.988377485636947,207.59869585490515,15.650944103652075,34.36195767589863,19.095268382483618,-190.1051257802581,17.37135393834609,185.49254578219809,17.44440040591733,-49.97094678598061,16.46729350512054,-108.7147398738523,1089.3139809380503,889.2087509263279,0.0,0.0,0.0,0.0,0.0,0.0,0.0,0.0,0.0,0.0,0.0,0.0,0.0,0.0,0.0,0.0,0.0,0.0,0.0,0.0,0.0,0.0,1.5696517860534374,0.47913668682949897,389.0893938556642,468.4635485298275,13231.82416230484,0.3271226981489135,0.0499271517321297,219.59461532108529,265.05874175862916,7185.46287668968,2.6281701215437489,0.4966307863839289,244.18769403447107,294.55458007386587,8144.671540879433,0.3503084034786633,0.06619584343890089,252.25387701423456,304.7783821260247,8090.869724495513,0.0,0.0,10.85200511673432,13.328662063044059,245.68901128603614,0.0,0.0,71.44645746730318,86.78697419065688,2070.114523711169,0.0,0.0,311.2010089896251,379.4064804255827,8348.756564303038,0.0,0.0,25.606732418998719,31.198494740128326,703.3191083368184,0.0,0.0,202.63976298930755,248.4890159464416,4761.7751062066349,32.686841600470618,22.41895857371101,465.01487988564136,563.7649297923572,14987.455310295632,0.0,0.0,207.66031118738025,254.9164317640717,4758.952481249934,1841.8566147978114,21.5584349524987,31.439959183239887,22.000000000000019,30.00000000000002,0.0,20.91130579328683,32.71122969975649,16.000000000000015,30.00000000000002,123.88445061338688,21.067187202411369,32.39389236745596,21.000000000000015,30.00000000000002,0.0,20.570588453313634,33.39466440521687,16.000000000000015,30.00000000000002,0.0,15.763102523471812,45.08508481202001,12.00000000000001,30.00000000000002,0.0,18.976730193363456,37.25354789663736,16.000000000000015,30.00000000000002,0.0,17.881565351145747,39.78807805660294,10.000000000000007,30.00000000000002,0.0,18.15887027262526,39.15830817821494,16.000000000000015,30.00000000000002,0.0,16.19499061903289,44.35358848156488,12.00000000000001,30.00000000000002,0.0,19.577553177942165,0.0,0.0,0.0,15.887521719937656,0.0,0.0,603.2414032961931,608.4046531683493,601.7865479529626,606.0226730001526,652.4828016199499,668.107663939426,654.7454722929447,666.954855748596,667.6549064602382,9426.831609832318,81.77169901241372,84.08251760916385,60.00000000000004,0.0,60.00000000000004,60.00000000000004,16.0,16.0,16.0,12.0,16.0,12.0,21.0,10.0,1.0,0.0,1841.8566147978114,0.0,123.88445061338688,0.0,0.0,0.0,0.0,0.0,3497.1630195481754,2098297.8117289037,2718578.3160720218,81.77169901241372,84.12176298032793,0.3432387673182727,0.7680876689833467,0.3602813740196598,84.12176298032793,0.3542647819438878,2718578.3160720218,0.1418627391024118 
 03/12  11:00:00,5.03,94.0,2.4,216.5,345.0,0.0,0.0,0.0,0.0,0.0,0.0,0.0,0.0,0.0,0.0,1688.0,0.0,1043.5889963844284,83.58872636585439,214.19427140590535,31.291885536844956,832.8813644582995,0.0,83.58872636585434,114.27212620084892,0.0,0.0,20.698807539874886,-1023.2706782371515,20.773577788118133,250.33594051168689,21.005610399669928,-1373.286544543656,20.075051662642254,520.4964418186437,15.678076965349307,34.00576997292988,19.07868806347685,-153.00601520944634,17.405513865357219,198.65640541755557,17.072622776667964,-15.317312524756418,16.501088764588148,-86.76689934767728,1118.4861870632513,786.817909490755,0.0,0.0,0.0,0.0,0.0,0.0,0.0,0.0,0.0,0.0,0.0,0.0,0.0,0.0,0.0,0.0,0.0,0.0,0.0,0.0,0.0,0.0,1.6094918710816882,0.4912978849455703,392.84418059694385,473.3035294485253,13124.398394433982,0.34008790766650345,0.0519059688135689,224.68566924178277,271.0291725551293,7307.909093171931,2.290478586567763,0.43281908287372719,370.6555137077682,446.16240810397508,12670.79805564417,0.36031247048005957,0.0680862567044708,308.94319295146655,373.09196529180516,9910.045621675634,0.0,0.0,10.520906484567285,12.922748032333418,234.83409120677255,0.0,0.0,65.13752790587678,79.1642047835106,1850.4109567364122,0.0,0.0,299.7766374294134,365.5257055596936,7951.523122265256,0.0,0.0,13.907167030839782,16.98487063307319,359.9950441662676,0.0,0.0,193.01727863259488,236.69885695602984,4489.832749046238,32.76784487427991,22.474516374677586,552.5673236552007,669.448649136614,17637.468432864127,0.0,0.0,197.51318077079956,242.44751000617704,4489.250145644145,1197.0784242280295,21.462864207552543,31.668820937072469,21.75,30.0,0.0,20.992884904788505,32.57494646907601,16.0,30.0,1952.6767442925712,21.71849085337286,31.18062386029923,21.5,30.0,0.0,20.75317947618771,33.06347759924262,16.0,30.0,0.0,15.79715422428034,45.159047745293459,12.0,30.0,0.0,18.88602908970912,37.3577827032091,16.0,30.0,0.0,17.9233646664892,39.631194319410578,10.0,30.0,0.0,17.566523400894675,40.61932662401263,16.0,30.0,0.0,16.270710231826809,44.0741662090656,12.0,30.0,0.0,19.77641913825235,0.0,0.0,0.0,15.988023014093069,0.0,0.0,599.6020217837825,603.9310129768893,597.0077163806084,600.8009459410517,652.9650459640656,653.6393905593575,642.9325887837138,661.5406986124584,655.7444794574946,9884.900323547037,81.46882169840569,81.46882169840569,60.0,0.0,60.0,60.0,16.0,16.0,16.0,12.0,16.0,12.0,21.0,10.0,1.0,0.0,1197.0784242280295,0.0,1952.6767442925712,0.0,0.0,0.0,0.0,0.0,0.0,0.0,0.0,81.46882169840569,81.46882169840569,0.34,0.7717615684896764,0.36028137401965956,81.46882169840569,0.3542647819438875,0.0,0.0004933333333333334 
 03/12  11:10:00,5.236666666666667,93.33333333333334,2.3566666666666666,217.33333333333335,366.3333333333333,0.0,0.0,0.0,0.0,0.0,0.0,0.0,0.0,0.0,0.0,1688.0,0.0,1128.6658579742653,84.75373743020731,217.1796539942362,33.842886141800459,900.7804350391937,0.0,84.75373743020727,115.86478465084662,0.0,0.0,20.753260892915578,-1141.820141516756,20.90226846375071,45.6724726479672,20.932493380840094,-996.1775161376586,20.067585882721976,272.78359423830627,15.708881177774265,33.57216011039273,19.120477168827507,-138.77595938908685,17.452997679947225,169.4247034875866,16.78030235026639,-32.60997166867767,16.55337587771075,-32.70195955710096,1055.2808761600437,726.3454333088234,0.0,0.0,0.0,0.0,0.0,0.0,0.0,0.0,0.0,0.0,0.0,0.0,0.0,0.0,0.0,0.0,0.0,0.0,0.0,0.0,0.0,0.0,1.5296164191473712,0.46691587886061389,406.12758911879328,489.76664699954798,13282.36016101991,0.30997293810278439,0.04730966698760446,218.922138624681,264.1384255956175,7051.564791851364,2.4998853023452067,0.47238951291481626,326.3649449126318,392.67810099574629,10922.153137005154,0.3477005914544595,0.0657030596096862,262.8227974936118,317.3177036315843,8264.79672498137,0.0,0.0,10.141239405537143,12.453918973283276,222.77656138607706,0.0,0.0,62.152633796043669,75.53198162110881,1737.912113585925,0.0,0.0,294.4512376963726,358.9146169860534,7722.919523324776,0.0,0.0,17.55089057048258,21.45798129151582,430.14333200219837,0.0,0.0,180.557711194884,221.30803617521503,4160.302806903854,32.408331603656097,22.227936628022019,493.2192217747072,597.7607587417756,15461.004071405598,0.0,0.0,196.25091432649283,240.7156401709421,4446.754496079935,1758.7952649830893,21.41064654805607,31.853715232754018,22.0,30.0,0.0,21.04706179457099,32.536837158213909,16.0,30.0,1884.2086863019345,21.544397011815609,31.58618047052846,21.5,30.0,0.0,20.64862212415469,33.342648896231519,16.0,30.0,0.0,15.835781589430388,45.117089723328479,12.0,30.0,0.0,18.87650565446848,37.314070451774259,16.0,30.0,0.0,17.98970991065165,39.42305046900137,10.0,30.0,0.0,17.114707232170969,41.740125617728327,16.0,30.0,0.0,16.375603762919,43.684312981799298,12.0,30.0,0.0,19.627541904614828,0.0,0.0,0.0,16.166242387095609,0.0,0.0,589.5029737557723,595.6751928689935,592.0013528406839,595.4618515933044,646.2556265238142,637.0248848521717,625.6813299286698,649.907556157126,635.81752165434,9382.487921753283,81.80104481002172,83.52660905660487,60.0,0.0,60.0,60.0,16.0,16.0,16.0,12.0,16.0,12.0,21.0,10.0,1.0,0.0,1758.7952649830893,0.0,1884.2086863019345,0.0,0.0,0.0,0.0,0.0,2611.4581076441625,1566874.8645864975,2031233.1582953027,81.80104481002172,83.55591486599201,0.34204860358813879,0.7691347641650297,0.36028137401965956,83.55591486599201,0.3542647819438875,2031233.1582953027,0.10611412423135573 
 03/12  11:20:00,5.443333333333333,92.66666666666667,2.3133333333333336,218.16666666666667,387.6666666666667,0.0,0.0,0.0,0.0,0.0,0.0,0.0,0.0,0.0,0.0,1690.0,0.0,1216.397152695417,85.91109441001972,220.14542277292407,36.473478431795147,970.7979782276075,0.0,85.91109441001967,117.44697938698487,0.0,0.0,20.820301299472484,-676.3455341898873,20.97417231032109,60.128283032707518,21.076333353776044,-1540.171924313327,20.096473869198854,314.0802697254177,15.743101633191645,34.68934769561278,19.2063340007211,-132.8149606165183,17.46198240380612,186.71886244211465,16.560931483261478,-19.901648429352265,16.621214769506243,-2.0830580110280154,970.2704868348974,675.9077992359096,0.0,0.0,0.0,0.0,0.0,0.0,0.0,0.0,0.0,0.0,0.0,0.0,0.0,0.0,0.0,0.0,0.0,0.0,0.0,0.0,0.0,0.0,1.5296302618824449,0.46692010435972078,256.00317933544098,308.3651436569244,8357.691368414278,0.30459608142347036,0.04648902341628057,118.68046236756267,142.99370451244097,3773.307876065341,2.3752338997160757,0.4488348260990318,353.9174850172719,425.92166203540469,11676.274155433894,0.3366096756464127,0.06360727053031229,233.8166679262248,282.07490504141046,7278.153410564357,0.0,0.0,10.0583188499782,12.348419007954295,217.4951873724669,0.0,0.0,61.174747905746638,74.31245088914659,1690.9728092212434,0.0,0.0,293.10051240984259,357.25475970783318,7555.983286203013,0.0,0.0,22.77736658388045,27.877668476893804,534.1214843789877,0.0,0.0,173.75335714038816,212.881012425609,3969.9565407767697,32.28410258382489,22.142731538974556,389.69146145463676,472.1303596591621,12164.344436591093,0.0,0.0,195.9935965939648,240.23954616079119,4432.420043336784,932.9988365525037,21.430716838442796,31.869942472791136,21.25,30.0,0.0,21.02490971671888,32.63650247171514,16.0,30.0,2010.453982786002,21.68459995096693,31.41018862627466,21.5,30.0,0.0,20.67670789145611,33.3591836040834,16.0,30.0,0.0,15.878485165315063,45.021266763288377,12.0,30.0,0.0,18.92933152032942,37.1666171736762,16.0,30.0,0.0,17.9788040982166,39.44857613102113,10.0,30.0,0.0,16.794712185121129,42.54196783498066,16.0,30.0,0.0,16.495705024212599,43.328084278707638,12.0,30.0,0.0,19.376765309386756,0.0,0.0,0.0,16.360834415137739,0.0,0.0,584.0356826272437,588.2078394174456,575.550845609135,585.6278021391293,636.1239394392654,622.378506040324,613.2718358400323,632.2342603172729,620.0294379971717,6670.335370184692,82.2154997008439,82.2154997008439,60.0,0.0,60.0,60.0,16.0,16.0,16.0,12.0,16.0,12.0,21.0,10.0,1.0,0.0,932.9988365525037,0.0,2010.453982786002,0.0,0.0,0.0,0.0,0.0,0.0,0.0,0.0,82.2154997008439,82.2154997008439,0.255,0.5398220000963814,0.27021103051474468,82.2154997008439,0.2656985864579156,0.0,0.0004933333333333334 
 03/12  11:30:00,5.65,92.0,2.27,219.0,409.0,0.0,0.0,0.0,0.0,0.0,0.0,0.0,0.0,0.0,0.0,1692.0,0.0,1306.4828005941209,87.05763448116164,223.08347263522598,39.17466458721532,1042.6945026676349,0.0,87.0576344811616,119.01438658888933,0.0,0.0,20.74180802219951,-1369.883340029904,21.171020592291734,164.04789359574739,20.73522409020365,-203.00860674480419,20.11569705335659,169.22404560613473,15.782978201504218,38.525798824776959,19.318019417123794,-123.00637849665839,17.561782290451079,224.41393093516218,16.41020604977942,-0.9867659052140141,16.691170123885429,29.845451445396067,1041.9603124199594,655.2798843192063,0.0,0.0,0.0,0.0,0.0,0.0,0.0,0.0,0.0,0.0,0.0,0.0,0.0,0.0,0.0,0.0,0.0,0.0,0.0,0.0,0.0,0.0,1.4943933136656667,0.45616401516045998,415.9352459258694,500.84768231474598,13449.85929528324,0.29901704135673259,0.04563752157459289,183.00916968434758,220.63400590278259,5797.243489784944,2.6887427821110467,0.5080768673679228,287.73025391989327,346.8550992919444,9212.554702427598,0.3470407250155022,0.0655783682946905,206.77272352419898,249.53740166163289,6336.736748985551,0.0,0.0,10.381010974379425,12.741561042004566,221.05731141811976,0.0,0.0,60.05795804465832,72.93519659211779,1644.2560019340895,0.0,0.0,300.27214729616687,365.7353068086678,7714.5466886198,0.0,0.0,28.424433645032179,34.80767760330675,642.6966704706274,0.0,0.0,173.8423486698635,212.86915782056344,3937.6259483637456,32.26220819293009,22.127714809965775,448.7094750342383,543.5269674955446,13899.955527538743,0.0,0.0,201.72563249201378,247.02525474614806,4568.360130570196,1447.8978221502312,21.54491115948821,31.730434126880327,21.75,30.0,0.0,21.228248843884914,32.315955827794308,16.0,30.0,0.0,21.26819092706075,32.27773089872744,21.0,30.0,0.0,20.67017917510183,33.45434737900156,16.0,30.0,0.0,15.92915905717739,44.899958774757127,12.0,30.0,0.0,19.013033574731098,36.987459125126587,16.0,30.0,0.0,18.151736753566789,39.05966503871245,10.0,30.0,0.0,16.590436756265789,43.08304838141056,16.0,30.0,0.0,16.611169164225119,43.02819259502968,12.0,30.0,0.0,19.802329349753003,0.0,0.0,0.0,16.594884124889285,0.0,0.0,572.1791390184147,576.5586890892189,569.5038298197626,574.0508328167657,624.2848992248231,608.1090047432288,599.4535657211243,615.8595538886357,607.3056197016192,9497.776075127797,81.7247568714673,83.48271183957076,60.0,0.0,60.0,60.0,16.0,16.0,16.0,12.0,16.0,12.0,21.0,10.0,1.0,0.0,1447.8978221502312,0.0,0.0,0.0,0.0,0.0,0.0,0.0,2660.4279648512026,1596256.7789107215,2065958.6356663167,81.7247568714673,83.51256775093914,0.34368093216170678,0.769697544100968,0.36028137401965956,83.51256775093914,0.3542647819438875,2065958.6356663167,0.10792651572131514 
 03/12  11:40:00,5.8566666666666669,91.33333333333334,2.2266666666666667,217.0,422.33333333333339,0.0,0.0,0.0,0.0,0.0,0.0,0.0,0.0,0.0,0.0,1692.0,0.0,1428.8289321414578,88.05082552913012,225.62852048722037,42.84315649131249,1140.3376756133865,0.0,88.05082552913008,120.3721540499972,0.0,0.0,20.78781935710441,-1168.7926774359226,21.304182948331638,-65.12287820578149,20.920467441255206,-899.6388860349539,20.057898833014126,333.6713406366034,15.827753929909785,36.03857831920574,19.458295683806335,-144.02394691762914,17.592802619308217,194.90876286438698,16.311252124900606,17.205699862938446,16.76275004961808,43.303019940563448,988.2581796384297,556.199685118956,0.0,0.0,0.0,0.0,0.0,0.0,0.0,0.0,0.0,0.0,0.0,0.0,0.0,0.0,0.0,0.0,0.0,0.0,0.0,0.0,0.0,0.0,1.4491140064184114,0.4423424928017129,408.9547564912542,492.9796191433071,12876.605860993657,0.28400073063867029,0.04334565485938191,222.09101473990675,267.74624358537906,6955.618411427749,2.4339129748146348,0.45992308669966666,325.22419820060329,391.17421087234939,10464.445522170463,0.3489761249970199,0.06594409013549127,279.63532193647719,337.6005933039738,8392.857744253872,0.0,0.0,10.074428020040783,12.361758447556803,211.28089349138578,0.0,0.0,62.81649366776664,76.25351165649619,1705.6533337943302,0.0,0.0,291.2107127569092,354.61320750360627,7376.136217158457,0.0,0.0,30.387904163043375,37.22378395048974,666.770335241038,0.0,0.0,163.13762260243323,199.65222685328318,3661.3233710256906,31.883577818229626,21.868023194944884,498.98110534897787,604.4855229928211,14982.532449336311,0.0,0.0,191.24907042448204,234.04035795609239,4305.071149031122,1793.2466745200889,21.466683398020888,31.972596552380077,22.0,30.0,0.0,21.252542204749589,32.345612187394589,16.0,30.0,1842.9115180558793,21.5111759410102,31.86856547878699,21.5,30.0,0.0,20.562191717014249,33.746731508610299,16.0,30.0,0.0,15.98282913444662,44.77876499394661,12.0,30.0,0.0,19.116907873107146,36.78405960088698,16.0,30.0,0.0,18.183941155680829,39.0335041342613,10.0,30.0,0.0,16.469664385800887,43.44311386678269,16.0,30.0,0.0,16.721840229064047,42.76983237063598,12.0,30.0,0.0,19.68084729601923,0.0,0.0,0.0,16.739013616562838,0.0,0.0,563.5507173446357,567.6540003876726,565.6558004675343,567.5338157496007,612.5241866842579,596.1401302921919,588.6266272871927,601.5279883155054,595.5699811165301,8783.238577711645,82.19730050825948,82.19730050825948,60.0,0.0,60.0,60.0,16.0,16.0,16.0,12.0,16.0,12.0,21.0,10.0,1.0,0.0,1793.2466745200889,0.0,1842.9115180558793,0.0,0.0,0.0,0.0,0.0,0.0,0.0,0.0,82.19730050825948,82.19730050825948,0.34,0.7687828896850837,0.36028137401965956,82.19730050825948,0.3542647819438875,0.0,0.0005 
 03/12  11:50:00,6.063333333333333,90.66666666666666,2.1833333333333337,215.0,435.66666666666665,0.0,0.0,0.0,0.0,0.0,0.0,0.0,0.0,0.0,0.0,1694.0,0.0,1501.2314798760945,88.04342439241163,225.60960445804586,45.01411593466281,1198.121423966009,0.0,88.04342439241158,120.36203613498766,0.0,0.0,20.875772194987634,-671.8980969321376,21.387458040349423,-90.95602285525604,21.067085816356859,-1315.7575688287619,20.14582101777779,323.6374927750094,15.872990680926714,37.5073977214315,19.60333117689188,-149.9516996517051,17.6169530630956,211.61458446687494,16.24965805084213,35.95012562420885,16.836273827157556,68.98374576170454,928.7142119169864,511.40423220312825,0.0,0.0,0.0,0.0,0.0,0.0,0.0,0.0,0.0,0.0,0.0,0.0,0.0,0.0,0.0,0.0,0.0,0.0,0.0,0.0,0.0,0.0,1.4431487196928235,0.4405215872078216,281.6397079852582,339.1574159983266,8832.152572552952,0.28053343107976838,0.042816457735007387,133.90687842922626,161.1395044509383,4134.298736520227,2.3328649128918976,0.44082859276112976,350.93089767710537,422.2716041072906,11126.785566461564,0.33422600927379439,0.06315684226640103,238.20039606540213,287.26179630383145,7118.392680294611,0.0,0.0,10.078445972341047,12.362143219456597,208.17023733953193,0.0,0.0,63.67967041884147,77.24901758928046,1717.8967210418446,0.0,0.0,290.45723350935108,353.6543743289605,7240.163106378716,0.0,0.0,32.47551709269436,39.787135603238507,694.5606903922338,0.0,0.0,160.9563496672781,196.90912611562784,3579.1267965144045,31.806674884685856,21.81527769868715,411.62336861291529,498.3100150304243,12358.296661433387,0.0,0.0,190.34716958278839,232.78318585167239,4276.184320539368,933.8254802001541,21.479722555012868,32.00846041306334,21.25,30.0,0.0,21.234329894119875,32.464650335784217,16.0,30.0,1780.9003922431194,21.68801507403657,31.65693358199833,21.5,30.0,0.0,20.68700587836386,33.57429052098485,16.0,30.0,0.0,16.038547099883645,44.663254166745769,12.0,30.0,0.0,19.242275875262114,36.54541729209768,16.0,30.0,0.0,18.19578565086878,39.06227422090948,10.0,30.0,0.0,16.406149234728699,43.67845194576756,16.0,30.0,0.0,16.8351325251003,42.527362101822607,12.0,30.0,0.0,19.548417374875599,0.0,0.0,0.0,16.93378434202551,0.0,0.0,557.3057080565832,558.8064927959654,550.5989852492115,559.4346805193136,601.5995717133627,586.1393989377801,579.4452320244851,589.203388141434,584.796518332995,6353.780992640347,82.4562415671213,82.4562415671213,60.0,0.0,60.0,60.0,16.0,16.0,16.0,12.0,16.0,12.0,21.0,10.0,1.0,0.0,933.8254802001541,0.0,1780.9003922431194,0.0,0.0,0.0,0.0,0.0,0.0,0.0,0.0,82.4562415671213,82.4562415671213,0.255,0.539547187960785,0.27021103051474468,82.4562415671213,0.2656985864579156,0.0,0.0004966666666666666 
 03/12  12:00:00,6.27,90.0,2.14,213.0,449.0,0.0,0.0,0.0,0.0,0.0,0.0,0.0,0.0,0.0,0.0,1696.0,0.0,1573.2224403808828,88.01747049387946,225.54314498015658,47.17273370663271,1255.5766842703454,0.0,88.01747049387942,120.32655518800576,0.0,0.0,20.77889677912018,-1287.6149330857653,21.589125557186795,71.51632730529457,20.7612697089277,-162.85868847308667,20.181264116643633,170.13712291458888,15.921613429581218,40.30289420387271,19.75424019355016,-147.9828468176995,17.719374284614895,240.85073245946706,16.21586497323405,54.93904970018701,16.910654395624726,94.79749053736669,962.425807935595,491.71413531468377,0.0,0.0,0.0,0.0,0.0,0.0,0.0,0.0,0.0,0.0,0.0,0.0,0.0,0.0,0.0,0.0,0.0,0.0,0.0,0.0,0.0,0.0,1.4151663444518646,0.43197995862389029,379.7887332503673,457.0509770487404,11845.949627582024,0.27313505856071298,0.04168728000010882,138.35517334680623,166.63161070666119,4265.960496122014,2.6175646632482665,0.49462673152839517,281.77330050300147,339.50205319405128,8691.12918855804,0.3409058943881592,0.06441910324795146,212.78182534536698,256.68360936473138,6264.666520983636,0.0,0.0,10.287997093100533,12.615873334371992,209.30528938280637,0.0,0.0,63.714583036012459,77.25623597678463,1707.7845622975165,0.0,0.0,297.25157566172666,361.66839441324478,7381.94961847386,0.0,0.0,35.296316175617537,43.23955879806702,738.1404832255178,0.0,0.0,163.58016021719534,200.00517029518967,3603.5682223445585,31.739535423632029,21.769228685618683,408.66496866569357,494.84320819889987,12189.553668211189,0.0,0.0,195.04797567427125,238.30822408718363,4382.525267285993,1351.977444963389,21.601584509349693,31.888754067935495,21.75,30.0,0.0,21.44748210466087,32.13416834828698,16.0,30.0,0.0,21.308817644867074,32.47784296654866,21.0,30.0,0.0,20.706689731912357,33.65742260887798,16.0,30.0,0.0,16.09840982072018,44.557316111692049,12.0,30.0,0.0,19.372597372889616,36.32772875533219,16.0,30.0,0.0,18.366110203702449,38.74317758297403,10.0,30.0,0.0,16.383274073914515,43.81654054033868,16.0,30.0,0.0,16.945327802675963,42.31033148340529,12.0,30.0,0.0,19.812404364805859,0.0,0.0,0.0,17.15321064559745,0.0,0.0,546.5455848252673,550.9500957905642,544.1300716080674,547.9111850762135,590.5552648355771,575.0398606183127,568.5522771143559,578.8671865947866,575.0052560469006,9542.108333056864,81.69546539630976,83.4793573106875,60.0,0.0,60.0,60.0,16.0,16.0,16.0,12.0,16.0,12.0,21.0,10.0,1.0,0.0,1351.977444963389,0.0,0.0,0.0,0.0,0.0,0.0,0.0,2699.639339732325,1619783.6038393949,2096779.0111734982,81.69546539630976,83.50965371750837,0.34498797799107758,0.7691466524078108,0.36028137401965956,83.50965371750837,0.3542647819438875,2096779.0111734982,0.10952584191435525 
 03/12  12:10:00,6.508333333333333,89.16666666666667,2.1216666666666668,211.0,462.33333333333339,0.0,0.0,0.0,0.0,0.0,0.0,0.0,0.0,0.0,0.0,1696.0,0.0,1644.5695050035689,87.97086798157487,225.4237712065039,49.31204410419338,1312.5180530189132,0.0,87.97086798157483,120.26284602052739,0.0,0.0,20.852093940708323,-1025.9790464927797,21.732432125937,-150.74376578264379,20.929144475543067,-717.8411601548637,20.1318265230868,317.9800452369027,15.971857561124983,39.7707843945154,19.911181462114628,-173.92979213063973,17.760875668990367,218.7430428642083,16.20164060907304,66.82750352378537,16.98484600621498,102.90610756287697,916.2124599536996,409.93090144851569,0.0,0.0,0.0,0.0,0.0,0.0,0.0,0.0,0.0,0.0,0.0,0.0,0.0,0.0,0.0,0.0,0.0,0.0,0.0,0.0,0.0,0.0,1.372849425930285,0.41906270632792588,383.276352133525,461.7225297437833,11645.355962995727,0.25999442428427746,0.03968168868807653,199.29183805906485,240.0515887999588,6069.109448679377,2.3918228212149259,0.45196954293554927,309.96428353586568,372.62386427899619,9582.648247914054,0.34208319355290087,0.06464157096615661,274.1135291388972,330.75389066425978,7887.355098122547,0.0,0.0,10.270726038135037,12.590853896699472,205.10503310528973,0.0,0.0,66.78993302123908,80.9437069451561,1774.4518326152766,0.0,0.0,289.0941125844194,351.63123741312486,7066.103234396627,0.0,0.0,35.325500048799167,43.26944307219183,721.5060920587805,0.0,0.0,154.70103525925627,189.04417339021959,3363.9653519759006,31.324157892404754,21.484333259536876,461.37841000746018,558.6016988681317,13326.73011029078,0.0,0.0,185.42908650265287,226.39365613969759,4131.864220251269,1664.4217950159928,21.595091848374936,31.990585110978999,22.0,30.0,0.0,21.502385840292754,32.131823206352418,16.0,30.0,1607.2002824417669,21.530953121153705,32.102564970492597,21.5,30.0,0.0,20.613140599799409,33.930231025385769,16.0,30.0,0.0,16.158466607038507,44.466041238904278,12.0,30.0,0.0,19.503873540087417,36.1125811526952,16.0,30.0,0.0,18.41666315286573,38.71233007696635,10.0,30.0,0.0,16.38615727477779,43.904950932306807,16.0,30.0,0.0,17.049549485360506,42.126102304035118,12.0,30.0,0.0,19.772478514170495,0.0,0.0,0.0,17.30401904932424,0.0,0.0,540.3828234633118,542.4419357382648,541.722231749144,542.7207821971142,580.179493087948,565.6921654442522,559.9514913250177,568.926058815572,565.7095614515922,9230.960845719297,81.90117756305473,83.71357365229426,60.0,0.0,60.0,60.0,16.0,16.0,16.0,12.0,16.0,12.0,21.0,10.0,1.0,0.0,1664.4217950159928,0.0,1607.2002824417669,0.0,0.0,0.0,0.0,0.0,2742.730482562353,1645638.2895374117,2136282.51051168,81.90117756305473,83.74435415463165,0.3464243494187451,0.7702204422674172,0.36028137401965956,83.74435415463165,0.3542647819438875,2136282.51051168,0.11157669054660738 
 03/12  12:20:00,6.746666666666667,88.33333333333334,2.1033333333333337,209.0,475.66666666666665,0.0,0.0,0.0,0.0,0.0,0.0,0.0,0.0,0.0,0.0,1697.0,0.0,1715.0298521975838,87.9011056016549,225.24504785188976,51.42476620156547,1368.7517364891433,0.0,87.90110560165486,120.16747555815911,0.0,0.0,20.749749783705498,-227.42547983439,21.776150711692208,-482.6686253168451,20.923970162313837,-540.9817119816303,20.18533233493519,149.21503478460694,16.023817491999798,40.10864341556888,20.076879319137086,-181.57088315864019,17.77421704341286,189.1503541176735,16.20148720862928,81.23224139495278,17.062989528055199,126.29658997241018,843.4572051554453,370.6186234031604,0.0,0.0,0.0,0.0,0.0,0.0,0.0,0.0,0.0,0.0,0.0,0.0,0.0,0.0,0.0,0.0,0.0,0.0,0.0,0.0,0.0,0.0,1.35945334795993,0.4149735494383181,294.26584605030606,354.67292821487,8690.843357724383,0.23149889908262068,0.03533255480503979,155.56071002997948,187.17241185658936,4617.9610128842809,2.3361115496568325,0.4414420917718884,287.6697947174798,346.56931836185057,8612.374496460516,0.31016982906575249,0.0586110788106108,189.26269085117105,228.32467675419702,5377.801054716954,0.0,0.0,10.006404775936744,12.262901080427012,196.10615819940868,0.0,0.0,67.08426688653738,81.2413394779147,1768.9675518466623,0.0,0.0,285.3820588565029,347.1193269805109,6826.864612723891,0.0,0.0,35.903257799536898,43.97159963514139,717.0852091886611,0.0,0.0,152.95354709339063,186.84453690945103,3283.9637989829977,31.025916578253225,21.279778174384938,355.4353706248436,430.5637251131565,10215.37482738947,0.0,0.0,184.12390528321337,224.6604977406935,4080.875701477412,446.95220681928375,21.27703118157226,32.68458616853126,21.0,30.0,0.0,21.39766412265664,32.49179901391793,16.0,30.0,968.8327759458608,21.45622795277459,32.40200515695697,21.25,30.0,0.0,20.671702615344964,33.913080077843499,16.0,30.0,0.0,16.2198143315439,44.3784868346674,12.0,30.0,0.0,19.650773706386525,35.86288034182682,16.0,30.0,0.0,18.39998244265577,38.843592813334058,10.0,30.0,0.0,16.407495285261786,43.954849023774517,16.0,30.0,0.0,17.161474709761916,41.93215551977427,12.0,30.0,0.0,19.546417082698576,0.0,0.0,0.0,17.49521786966008,0.0,0.0,536.2478464511369,531.9436263593125,530.7995520766101,536.212965577442,571.0013754902335,557.9981924302317,552.603783706069,559.8101203027036,557.1837238037374,4053.7977376244218,81.32315193904091,81.32315193904091,60.0,0.0,60.0,60.0,16.0,16.0,16.0,12.0,16.0,12.0,21.0,10.0,1.0,0.0,446.95220681928375,0.0,968.8327759458608,0.0,0.0,0.0,0.0,0.0,0.0,0.0,0.0,81.32315193904091,81.32315193904091,0.17,0.3477961385337523,0.18014068700982978,81.32315193904091,0.17713239097194376,0.0,0.0004933333333333334 
 03/12  12:30:00,6.984999999999999,87.5,2.085,207.0,489.0,0.0,0.0,0.0,0.0,0.0,0.0,0.0,0.0,0.0,0.0,1700.0,0.0,1784.3550730369312,87.80530029097031,224.99958689756034,53.50345153934592,1424.0794817438755,0.0,87.80530029097027,120.0365024349972,0.0,0.0,20.89327324559175,-829.9843600550603,21.873189665661948,-72.90533868976172,20.651102235365938,-370.012808918942,20.223828752124456,335.4239262390679,16.07826749569376,42.79513999945276,20.242942905955127,-188.37157818515483,17.84703465157252,253.90230614950407,16.209484656582313,93.30985162984439,17.136737381192817,140.16975273049617,915.7160178552772,345.6702110977874,0.0,0.0,0.0,0.0,0.0,0.0,0.0,0.0,0.0,0.0,0.0,0.0,0.0,0.0,0.0,0.0,0.0,0.0,0.0,0.0,0.0,0.0,1.3622482489789352,0.41582669382751377,348.6940365073057,419.5572122586341,10291.54782298,0.25802766935877566,0.039381512417395559,187.91741648299587,226.10566069935437,5526.27775835777,2.2524254600935058,0.4256283938196347,263.75285902948158,317.65613125992766,7707.332539858218,0.3254884161483217,0.06150574757148933,265.6723819584241,320.56332302634368,7447.325873632104,0.0,0.0,10.36007547105978,12.692354762022092,199.24271960892285,0.0,0.0,68.62631714875093,83.0639419238904,1794.9455361465498,0.0,0.0,291.3093547635046,354.119971013145,6899.089088537022,0.0,0.0,37.19792744916391,45.54519962656735,726.7060030700156,0.0,0.0,154.63240771365333,188.7935722348195,3274.610094034565,31.060276514928974,21.30334466044512,443.9716111117843,536.8765374280246,12652.021588231943,0.0,0.0,186.65844800074346,227.56262698057552,4114.093638075734,865.7702894396325,21.49719662636221,32.43675210773863,21.5,30.0,0.0,21.4729613087479,32.45843489056894,16.0,30.0,54.74784915183407,21.258335383915008,32.90921713470914,21.0,30.0,0.0,20.756403059899556,33.91685772963974,16.0,30.0,0.0,16.283953131019943,44.300569434105458,12.0,30.0,0.0,19.79275817168714,35.65406052539116,16.0,30.0,0.0,18.52938468005462,38.665055690377318,10.0,30.0,0.0,16.435978527545204,43.982501584050989,16.0,30.0,0.0,17.260812036320034,41.77689402541546,12.0,30.0,0.0,20.05883184615509,0.0,0.0,0.0,17.682808906209936,0.0,0.0,524.7680272760617,525.1641034127815,524.2776271967762,525.0762309492511,562.1464876454958,549.457012591296,543.6425627258166,552.2689976309641,549.720241112058,7016.555403418646,81.55781796111843,83.30958928436159,60.0,0.0,60.0,60.0,16.0,16.0,16.0,12.0,16.0,12.0,21.0,10.0,1.0,0.0,865.7702894396325,0.0,54.74784915183407,0.0,0.0,0.0,0.0,0.0,2651.0793836622117,1590647.630197327,2058896.979335132,81.55781796111843,83.33934017691196,0.2583693127887404,0.5396373204985998,0.27021103051474468,83.33934017691196,0.2656985864579156,2058896.979335132,0.10755930959209352 
 03/12  12:40:00,7.223333333333333,86.66666666666667,2.0666666666666666,199.33333333333332,501.8333333333333,0.0,0.0,0.0,0.0,0.0,0.0,0.0,0.0,0.0,0.0,1704.0,0.0,1837.6742936647248,86.02669759208134,220.4420050193724,55.10219846808499,1466.632940415131,0.0,86.02669759208129,117.60501770128991,0.0,0.0,20.487522781834586,296.432724499959,21.961343241705259,-350.1405266043655,20.989831853522465,-1887.9524432132326,20.35122536626355,511.81506288584708,16.131209696503999,39.39522545355234,20.39984782762498,-235.04458924876929,17.831417411185539,201.05794510129864,16.21981099169852,94.61829633441522,17.203583514917974,130.33990671542484,930.136770302799,245.17334877775807,0.0,0.0,0.0,0.0,0.0,0.0,0.0,0.0,0.0,0.0,0.0,0.0,0.0,0.0,0.0,0.0,0.0,0.0,0.0,0.0,0.0,0.0,1.3836346253126644,0.4223548917315826,346.778876814042,417.7398148005583,9801.173763044539,0.25637421536544227,0.03912915374930438,121.73178877127936,146.44570793176409,3512.771445128505,1.5186333280828147,0.2869677490708267,507.91219212369347,610.7737944049262,14906.780996935779,0.30197061860307886,0.05706171931275109,311.5495818152108,375.55848423879237,8707.226983969536,0.0,0.0,10.028154369686196,12.280926268826955,189.11157324336259,0.0,0.0,73.01552354543729,88.32707486637755,1891.9458024167935,0.0,0.0,272.74833901664706,331.57756148768888,6290.982672508704,0.0,0.0,34.886475223326247,42.704817301572287,666.212745686227,0.0,0.0,138.71600390223268,169.28552439497066,2892.7499794752955,30.614788900562865,20.997797599837364,582.1543698367219,703.6478658830158,16096.706152770734,0.0,0.0,168.0674856472632,204.80347405501045,3651.58133469743,0.0,21.087115347888685,33.351989799802719,21.0,30.0,0.0,21.433067151134148,32.6767604970711,16.0,30.0,2402.7990966467639,21.695842869246694,32.20752234362097,21.75,30.0,0.0,20.969754097743768,33.60785972728715,16.0,30.0,0.0,16.34349739695957,44.24790172381687,12.0,30.0,0.0,19.918092050218136,35.48592323376382,16.0,30.0,0.0,18.46482018623795,38.927789517760249,10.0,30.0,0.0,16.46286032364202,44.03954681745096,16.0,30.0,0.0,17.345716590877545,41.68064369288441,12.0,30.0,0.0,20.127774192966379,0.0,0.0,0.0,17.772425141734386,0.0,0.0,519.5997435638406,517.9170442659635,515.7785931130841,518.8484478497562,553.8862897491116,541.8543943781826,537.3622501614129,544.4219749460508,542.0636304075982,7244.081179775156,81.28689099977712,81.28689099977712,60.0,0.0,60.0,60.0,16.0,16.0,16.0,12.0,16.0,12.0,21.0,10.0,1.0,0.0,0.0,0.0,2402.7990966467639,0.0,0.0,0.0,0.0,0.0,0.0,0.0,0.0,81.28689099977712,81.28689099977712,0.255,0.5788323892989045,0.27021103051474468,81.28689099977712,0.2656985864579156,0.0,0.0005 
 03/12  12:50:00,7.461666666666667,85.83333333333334,2.0483333333333335,191.66666666666669,514.6666666666667,0.0,0.0,0.0,0.0,0.0,0.0,0.0,0.0,0.0,0.0,854.0,0.0,1888.706640125864,84.19025829896396,215.7362154536729,56.63237399564409,1507.361262738619,0.0,84.19025829896391,115.09446595840523,0.0,0.0,20.797455436368077,-175.89995122706569,22.02817342596829,-421.5176900766842,20.820524673711746,-618.3939871284702,20.33621709345418,56.370640499972527,16.18624537616958,38.71482723012545,20.554171081690595,-253.32777211746248,17.85612729957928,216.436036807424,16.229323137827053,100.11220229341382,17.258872630115357,125.88257385582893,814.9205048010581,202.98017468371973,0.0,0.0,0.0,0.0,0.0,0.0,0.0,0.0,0.0,0.0,0.0,0.0,0.0,0.0,0.0,0.0,0.0,0.0,0.0,0.0,0.0,0.0,1.3033347175900872,0.39784332038769457,279.71022128010739,336.28653386216788,7993.429896500167,0.22433540750191884,0.03423922580920617,163.18205342544929,196.1275975346981,4618.529842440983,2.0105432631679207,0.3799212515434469,350.07790014196987,421.17270772469819,9877.23057525263,0.26959112316151448,0.05094314496627256,189.18468594231477,227.9807904334532,5174.520099592759,0.0,0.0,10.033475483335046,12.270694972153308,185.5692879158569,0.0,0.0,73.55486297150488,88.83520986634211,1889.0023659333506,0.0,0.0,273.21544961304218,331.74478577633126,6182.125262879643,0.0,0.0,35.79944777111163,43.768458984017687,667.7255628774433,0.0,0.0,137.43560181422868,167.50293265734326,2817.0582088636967,30.128230403409398,20.664081209471477,401.526814447079,485.3672779033732,10972.72047618756,0.0,0.0,167.44828558643199,203.7307050137431,3601.341305754823,748.2880247149126,21.580229930671803,32.414380178950448,21.5,30.0,0.0,21.39958788547735,32.81038569999264,16.0,30.0,1316.0459546056114,21.405531748672268,32.794873641832477,21.5,30.0,0.0,20.841744877203497,33.93452102731858,16.0,30.0,0.0,16.407291893522335,44.176279335860048,12.0,30.0,0.0,20.047825312898494,35.261277953004498,16.0,30.0,0.0,18.489745398488468,38.9046053639329,10.0,30.0,0.0,16.485649150348708,44.05417169970235,16.0,30.0,0.0,17.41294915349193,41.55597645612616,12.0,30.0,0.0,19.85657178513633,0.0,0.0,0.0,17.908578247845776,0.0,0.0,517.5139262561529,514.847557073088,516.2996750153059,516.1384083638382,546.793508940486,537.8812033378295,535.1838930312657,540.0376407647253,539.0562550051845,7262.205236789945,83.20244289840645,83.20244289840645,60.0,0.0,60.0,60.0,16.0,16.0,16.0,12.0,16.0,12.0,21.0,10.0,1.0,0.0,748.2880247149126,0.0,1316.0459546056114,0.0,0.0,0.0,0.0,0.0,0.0,0.0,0.0,83.20244289840645,83.20244289840645,0.34,0.7673710859218768,0.36028137401965956,83.20244289840645,0.3542647819438875,0.0,0.00051 
 03/12  13:00:00,7.7,85.0,2.03,184.0,527.5,0.0,0.0,0.0,0.0,0.0,0.0,0.0,0.0,0.0,0.0,1282.0,0.0,1937.2594309804618,82.29247779027166,210.87323751296354,58.08820062768646,1546.1106713281884,0.0,82.29247779027162,112.50005612326047,0.0,0.0,20.42674690452216,-139.87068676929398,22.135477678348264,-415.20105335182117,20.91694076115861,-656.8699465526914,20.238344957090076,227.12353771960432,16.238141638489397,40.22570586723457,20.701393803579195,-257.1036799627668,17.925605557564127,225.99728593569325,16.246744985332247,112.78891371038051,17.315840384288934,152.81373352434682,765.3134441435092,180.52916992618385,0.0,0.0,0.0,0.0,0.0,0.0,0.0,0.0,0.0,0.0,0.0,0.0,0.0,0.0,0.0,0.0,0.0,0.0,0.0,0.0,0.0,0.0,1.2591849308951968,0.38436658452234376,263.1954777489635,317.00634183277387,7153.9573169209929,0.21434056932448609,0.03271376210691182,161.92585660826308,194.6053830924024,4515.131524641296,1.9791793914707899,0.37399459400430687,255.48183851052318,307.45681013891626,7121.651097369859,0.28883898321391945,0.054580306729765607,231.28371771316945,278.953867951671,6118.587559582431,0.0,0.0,10.0982694164022,12.355150979997262,182.8930176634727,0.0,0.0,75.3409165116885,91.01110782266774,1914.4804229910622,0.0,0.0,275.98924763518076,335.19766181187119,6160.463794880303,0.0,0.0,36.548686572663317,44.70568916080369,666.0924473991768,0.0,0.0,138.80379964443694,169.21812416146609,2796.686193471095,29.83036010694836,20.459780594614814,360.36435888937049,435.8519621109229,9646.833114197636,0.0,0.0,169.2027482597985,205.85930627335388,3611.294704138083,31.317116904562604,21.0209247757483,33.63347818084735,21.000000000000015,30.00000000000002,0.0,21.458059523445877,32.77168259151307,16.000000000000015,30.00000000000002,1036.7851515064922,21.497254389911676,32.717398396431267,21.33333333333335,30.00000000000002,0.0,20.691357702674055,34.30348078031351,16.000000000000015,30.00000000000002,0.0,16.463563316208189,44.09234329824865,12.00000000000001,30.00000000000002,0.0,20.161097541403309,35.069156675924919,16.000000000000015,30.00000000000002,0.0,18.584327235542735,38.74480401210297,10.000000000000007,30.00000000000002,0.0,16.519918999156468,44.017936926602278,16.000000000000015,30.00000000000002,0.0,17.48574983423235,41.42502482522007,12.00000000000001,30.00000000000002,0.0,19.737763636281764,0.0,0.0,0.0,18.074634531180043,0.0,0.0,513.277532419681,511.8658245171066,511.45934803272919,513.9314920400544,542.2410700912501,534.5329536923724,531.4993260206252,536.8954684101366,535.807981532342,7107.633777861094,80.73246060966025,83.17219847137138,60.00000000000004,0.0,60.00000000000004,60.00000000000004,16.0,16.0,16.0,12.0,16.0,12.0,21.0,10.0,1.0,0.0,31.317116904562604,0.0,1036.7851515064922,0.0,0.0,0.0,0.0,0.0,3692.0603537896015,2215236.2122737595,2867668.572591914,80.73246060966025,83.2136333196371,0.2364020117929868,0.4644330426692329,0.24018758267977323,83.2136333196371,0.23617652129592518,2867668.572591914,0.1496387657747795 
 03/12  13:10:00,7.921666666666667,84.16666666666667,1.99,176.33333333333332,540.3333333333334,0.0,0.0,0.0,0.0,0.0,0.0,0.0,0.0,0.0,0.0,2996.0,0.0,1983.147388550514,80.3295304078449,205.84326788182657,59.46412286936648,1582.733297675228,0.0,80.32953040784486,109.81655823111018,0.0,0.0,20.958071155063629,-1162.0246528813266,22.287277395081064,-121.15165006280202,20.922896678705194,-255.80952957132596,20.245428905511685,256.45688837312579,16.29234442154744,43.616757911976268,20.851975054320115,-264.57018800219739,18.003100160296897,300.881267013864,16.273063727276207,129.00911424698365,17.38302635451315,182.3621624384963,745.3906413432708,168.28893223464159,0.0,0.0,0.0,0.0,0.0,0.0,0.0,0.0,0.0,0.0,0.0,0.0,0.0,0.0,0.0,0.0,0.0,0.0,0.0,0.0,0.0,0.0,1.1975945246438276,0.3655660942136225,319.0488104151174,383.45144104069706,8995.485613407098,0.21904333783536057,0.03343152286864478,95.15723515617629,114.60001731508889,2631.029483672479,2.1713841196499947,0.410314459495464,269.05701181356587,324.07715012533847,7360.9233803209249,0.31280255892158029,0.059108571224788398,262.0895589972047,316.2582982517142,6812.160986502952,0.0,0.0,10.466342502512119,12.810219574881377,185.98052458617878,0.0,0.0,76.30903530741368,92.20438569364667,1922.1993844247539,0.0,0.0,283.3850805110636,344.2231228616057,6270.433219331185,0.0,0.0,38.03099847334815,46.53858825547105,679.1833532891931,0.0,0.0,140.97652589837004,171.9148517343756,2800.660757649839,29.698285115762578,20.369194180907127,348.17748763957186,421.62065986330608,9132.881691328128,0.0,0.0,172.35657927282893,209.69645996962894,3657.535007864706,1816.2366537612107,21.798473796110057,32.241160629558169,21.999999999999998,29.999999999999994,0.0,21.60486888614608,32.547349218818627,16.0,29.999999999999994,0.0,21.279094454244189,33.267976612220397,21.0,29.999999999999994,0.0,20.696625724850205,34.423047224116007,16.0,29.999999999999994,0.0,16.522417577263345,44.01566541376398,12.0,29.999999999999994,0.0,20.28232495868137,34.899905032312627,16.0,29.999999999999994,0.0,18.71665249993846,38.566555397818927,10.0,29.999999999999994,0.0,16.566772880596767,43.98199869150449,16.0,29.999999999999994,0.0,17.574222185291047,41.29965164793471,12.0,29.999999999999994,0.0,19.725281434839958,0.0,0.0,0.0,18.244097370881215,0.0,0.0,506.6484299040369,509.47988009559097,507.14455281091446,509.2829949259425,537.5917178002413,529.5571606841908,525.3493806908556,532.5334794430831,530.8644676656701,9510.06539462241,81.71669964128921,82.69961307304235,59.999999999999989,0.0,59.999999999999989,59.999999999999989,16.0,16.0,16.0,12.0,16.0,12.0,21.0,10.0,1.0,0.0,1816.2366537612107,0.0,0.0,0.0,0.0,0.0,0.0,0.0,1487.5397520754808,892523.8512452883,1155898.1349378443,81.71669964128921,82.71630620616216,0.3410132298310875,0.7696381149046507,0.3602813740196596,82.71630620616216,0.35426478194388746,1155898.1349378443,0.060636703016767889 
 03/12  13:20:00,8.143333333333335,83.33333333333334,1.95,168.66666666666669,553.1666666666666,0.0,0.0,0.0,0.0,0.0,0.0,0.0,0.0,0.0,0.0,428.0,0.0,2026.1921863164524,78.29735852470553,200.63590884958584,60.75479365439068,1617.0868209323729,0.0,78.29735852470549,107.03842519824727,0.0,0.0,21.162755544965834,-1447.2520875359369,22.55150619695506,-344.9431949450536,20.54647800194941,265.08246947075897,20.223368408190518,208.58818969315144,16.366879646921438,44.18371576200104,21.047562147394165,-273.2908244223586,18.127262042805396,250.1780313911222,16.31891908326049,133.9008197488772,17.476022719788259,176.4363005392006,673.761967507402,150.92740295295153,0.0,0.0,0.0,0.0,0.0,0.0,0.0,0.0,0.0,0.0,0.0,0.0,0.0,0.0,0.0,0.0,0.0,0.0,0.0,0.0,0.0,0.0,1.1041072611646337,0.33702907849958299,312.285203014122,373.65863117333887,8820.320255256456,0.19525488336568629,0.029800806374494245,66.89219552428331,80.07963385831796,1868.515194773172,2.3972240691474626,0.4529901869137308,243.17984085254583,291.9199159219268,6457.246942943548,0.3219152629846211,0.060830548560963908,251.2273654396058,302.05813842324826,6389.128491687244,0.0,0.0,10.479466530394105,12.775932517001719,183.5166281170343,0.0,0.0,75.02117184431751,90.25173072877947,1887.5434309446512,0.0,0.0,289.2837000656212,349.92216417696695,6368.6044325098459,0.0,0.0,39.269355657662178,47.86937304532843,689.8781022706569,0.0,0.0,146.44663892402725,177.86589558658288,2882.7641957519965,29.416807964373704,20.17613714977621,258.9906918284893,312.6738897645061,6632.119521310179,0.0,0.0,178.95553915228244,216.79918353274997,3787.694475104832,1828.989940609138,22.051874316349559,31.86641408657226,22.0,30.0,0.0,21.89996146067395,32.167850740968308,16.0,30.0,0.0,21.094943241346944,33.765534137008859,21.0,30.0,0.0,20.634398666667424,34.667339702827948,16.0,30.0,0.0,16.61879131537365,43.9262736320304,12.0,30.0,0.0,20.492846574531894,34.59573261444655,16.0,30.0,0.0,18.887247750687619,38.280228492862267,10.0,30.0,0.0,16.646677478398997,43.943036672625257,16.0,30.0,0.0,17.708905520296328,41.10468538194677,12.0,30.0,0.0,19.414793103879647,0.0,0.0,0.0,18.442834012417735,0.0,0.0,502.05155100407196,501.83324129463889,503.10569983938947,505.60024309606959,529.739715582681,522.6313634520661,520.3498113442785,525.2878086106374,524.5180000694329,8482.477412657261,82.39619557130614,82.39619557130614,60.0,0.0,60.0,60.0,16.0,16.0,16.0,12.0,16.0,12.0,21.0,10.0,1.0,0.0,1828.989940609138,0.0,0.0,0.0,0.0,0.0,0.0,0.0,0.0,0.0,0.0,82.39619557130614,82.39619557130614,0.34,0.7726517834730108,0.36028137401965956,82.39619557130614,0.3542647819438875,0.0,0.00056 
 03/12  13:30:00,8.365,82.5,1.91,161.0,566.0,0.0,0.0,0.0,0.0,0.0,0.0,0.0,0.0,0.0,0.0,856.0,0.0,2066.220872785163,76.19175331312711,195.2403752748522,61.95502708566282,1649.0332100214935,0.0,76.19175331312708,104.15990323807846,0.0,0.0,20.63209374427711,-69.72180233163908,22.555341398838367,-786.1109537892501,20.94680948051373,-724.2746850801059,20.212638299446078,203.25221658078773,16.420378037652378,42.904156618532287,21.202284896224464,-264.75069015404827,18.13366991614886,195.8830033760696,16.348152499210184,144.6333476725041,17.541067191058518,208.2009657499416,706.6097406770114,137.90750113466948,0.0,0.0,0.0,0.0,0.0,0.0,0.0,0.0,0.0,0.0,0.0,0.0,0.0,0.0,0.0,0.0,0.0,0.0,0.0,0.0,0.0,0.0,1.1132938599491405,0.3398332905827657,449.6772534688508,540.9570296932398,11506.251737528979,0.1288543059403245,0.01966640811055014,218.47324778800698,262.02466362494757,5807.458456790035,2.172214007356815,0.4104712787900257,329.3825220137623,395.2944002358262,8936.274183976426,0.2972504228964582,0.056169770010668588,238.50087393728266,287.34326563015738,5941.833311005043,0.0,0.0,9.793239956929402,11.962286091681796,167.9397852856054,0.0,0.0,77.80477524182752,93.7385443674751,1940.9926343935686,0.0,0.0,281.61381170215386,341.3634118851918,6051.159394041423,0.0,0.0,38.67289727063307,47.22874144402219,664.9030885667135,0.0,0.0,145.71182246919083,177.2624063228434,2824.242488764359,28.92551405467833,19.839172877008467,508.7602369375371,613.9095711005853,12618.16256354772,0.0,0.0,177.843689599826,215.7543762048807,3735.6377159153337,0.0,20.86561182203849,34.32210337705704,21.0,30.0,0.0,21.720621110332219,32.60409975254733,16.0,30.0,1537.7974441222999,21.62194187965867,32.79258994680231,21.5,30.0,0.0,20.6057567193999,34.78932186315865,16.0,30.0,0.0,16.67027501186083,43.85577153072637,12.0,30.0,0.0,20.619699377857807,34.38749076843688,16.0,30.0,0.0,18.849562504546257,38.43563508184265,10.0,30.0,0.0,16.691689925786848,43.89677572944666,16.0,30.0,0.0,17.789715903298779,40.975538839564837,12.0,30.0,0.0,19.821986175239368,0.0,0.0,0.0,18.59584056096716,0.0,0.0,500.8858148415686,499.59246389332159,500.0125070068083,503.44522628294149,526.6603981891055,519.7727495027126,517.7531985499911,522.3511988101107,521.4035502000546,9217.90596286484,81.90986511062958,81.90986511062958,60.0,0.0,60.0,60.0,16.0,16.0,16.0,12.0,16.0,12.0,21.0,10.0,1.0,0.0,0.0,0.0,1537.7974441222999,0.0,0.0,0.0,0.0,0.0,0.0,0.0,0.0,81.90986511062958,81.90986511062958,0.34,0.7697091971820516,0.36028137401965956,81.90986511062958,0.3542647819438875,0.0,0.00059 
 03/12  13:40:00,8.586666666666666,81.66666666666666,1.87,148.66666666666669,597.5,0.0,0.0,0.0,0.0,0.0,0.0,0.0,0.0,0.0,0.0,1284.0,0.0,2172.0463327774589,75.9972374979103,194.74193013782083,65.12814642813803,1733.4913210800633,0.0,75.99723749791026,103.89398537150839,0.0,0.0,20.983648459009474,-943.3538998470086,22.528180266449796,-289.09704825509149,20.80157191278522,-419.29895226697536,20.2597582824656,208.20424063773664,16.483210277615318,43.08204579596321,21.379173200344618,-332.3688711447201,18.149182423490598,310.24661834277409,16.379289629122139,147.63720653653716,17.605359325178975,187.87723060955325,685.8723780047445,70.18244904748953,0.0,0.0,0.0,0.0,0.0,0.0,0.0,0.0,0.0,0.0,0.0,0.0,0.0,0.0,0.0,0.0,0.0,0.0,0.0,0.0,0.0,0.0,1.121655074370966,0.34238555383729149,383.68814433330808,461.01210574386826,10101.566534413942,0.18975216961270154,0.028960953848092449,143.23990348881686,172.30544905921853,3748.146744504468,2.013904498966838,0.3805564057004612,305.98783007993469,368.1596514348349,7956.942739169044,0.2865165741298868,0.054141453917212197,227.8658420546389,274.7369364998269,5614.016534061908,0.0,0.0,10.330733612962101,12.61944344275717,173.75509898095329,0.0,0.0,82.6099437788777,99.54213940219306,2042.8859370723108,0.0,0.0,272.7695955438668,330.7590605977673,5751.3468502674199,0.0,0.0,37.90840703412714,46.30777833734119,637.7316678848297,0.0,0.0,129.2619759643037,157.30469250045315,2464.437778289426,28.613858416342099,19.62541729515921,428.71886056787289,518.0933161567771,10652.297689504485,0.0,0.0,159.6756918819978,193.78471147473779,3299.3520900941268,1315.286635960988,21.622236961948347,32.88679646897913,21.666666666666687,30.00000000000002,0.0,21.55939426930228,32.951497650921798,16.000000000000015,30.00000000000002,761.5279871579363,21.34451494914653,33.3869366271491,21.33333333333335,30.00000000000002,0.0,20.683054150034079,34.72836884339848,16.000000000000015,30.00000000000002,0.0,16.733308731453506,43.765783766335108,12.00000000000001,30.00000000000002,0.0,20.74218552395077,34.19444747326753,16.000000000000015,30.00000000000002,0.0,18.87926180099352,38.44881736573733,10.000000000000007,30.00000000000002,0.0,16.735716435214074,43.854719736601499,16.000000000000015,30.00000000000002,0.0,17.861457475151977,40.86587361834641,12.00000000000001,30.00000000000002,0.0,19.870565920164844,0.0,0.0,0.0,18.653522084491877,0.0,0.0,497.11107560743735,498.7454434233665,499.413425991052,500.2112537456601,523.2714008308844,516.8372773256671,514.5200785288289,519.4339154442013,518.5155346988381,9430.615049156782,81.76920952956418,81.76920952956418,60.00000000000004,0.0,60.00000000000004,60.00000000000004,16.0,16.0,16.0,12.0,16.0,12.0,21.0,10.0,1.0,0.0,1315.286635960988,0.0,761.5279871579363,0.0,0.0,0.0,0.0,0.0,0.0,0.0,0.0,81.76920952956418,81.76920952956418,0.3400000000000003,0.7699293748547225,0.3602813740196598,81.76920952956418,0.3542647819438878,0.0,0.00062 
 03/12  13:50:00,8.808333333333332,80.83333333333334,1.8299999999999999,136.33333333333335,629.0,0.0,0.0,0.0,0.0,0.0,0.0,0.0,0.0,0.0,0.0,1284.0,0.0,2249.0068706365375,72.62079931477976,186.08997895822456,67.43576496583938,1794.9126436561908,0.0,72.62079931477973,99.27813839133873,0.0,0.0,21.04094013550196,-580.06146084829,22.86247801684689,-395.63761423838289,20.827940436204867,-105.42449951685505,20.31036677153191,313.44207664955408,16.556697386949819,46.33790547465014,21.554128625449559,-320.14721208514717,18.2977553329702,280.3929774760044,16.419446601792055,162.71292256701384,17.6724684780974,226.9728118596624,703.416772352634,90.25838031132942,0.0,0.0,0.0,0.0,0.0,0.0,0.0,0.0,0.0,0.0,0.0,0.0,0.0,0.0,0.0,0.0,0.0,0.0,0.0,0.0,0.0,0.0,1.0933669613007822,0.33375059868766279,364.2535280420747,437.37666343147978,9581.902956416703,0.18654619918065064,0.028471642121588947,123.4504539971286,148.2214755465517,3277.662937627043,2.080871566225037,0.393210802385684,322.47948422978728,388.03111025167387,8187.747296340765,0.29562306134295426,0.05586225648959833,246.8232074493124,297.35979186544486,6006.484077736942,0.0,0.0,10.468644632185747,12.783499152101032,172.99144644523688,0.0,0.0,81.96952440835689,98.71953078003028,2011.415000493757,0.0,0.0,282.9456504142529,342.7931493560019,5957.8986502229749,0.0,0.0,39.277406931054297,47.963169134659057,647.659655432029,0.0,0.0,137.63936601420336,167.40731010198156,2585.9233789903926,28.65063898321153,19.650644021407105,392.6313701525643,474.23273479278876,9756.186517737824,0.0,0.0,169.4860426773483,205.52603479988199,3480.8299762846838,803.2748416134828,21.743870904764529,32.73179151400238,21.666666666666687,30.00000000000002,0.0,21.962040264634177,32.319797987336347,16.000000000000015,30.00000000000002,0.0,21.25433642038332,33.69813538029364,21.000000000000015,30.00000000000002,0.0,20.773909243816104,34.70883113971095,16.000000000000015,30.00000000000002,0.0,16.815696285340388,43.66792426259146,12.00000000000001,30.00000000000002,0.0,20.878178606921197,34.040070159883438,16.000000000000015,30.00000000000002,0.0,19.09709078670235,38.073221795672797,10.000000000000007,30.00000000000002,0.0,16.7977761521182,43.84275010455978,16.000000000000015,30.00000000000002,0.0,17.95022248628573,40.80410861690518,12.00000000000001,30.00000000000002,0.0,20.063833424917,0.0,0.0,0.0,18.82048448806982,0.0,0.0,494.8684605463511,493.7001711629882,495.4397162635265,495.20527460433928,518.7095210163616,511.71731901870307,509.56284904079276,514.2755492332069,512.9012898616235,5874.603197022715,82.25983790676419,82.25983790676419,60.00000000000004,0.0,60.00000000000004,60.00000000000004,16.0,16.0,16.0,12.0,16.0,12.0,21.0,10.0,1.0,0.0,803.2748416134828,0.0,0.0,0.0,0.0,0.0,0.0,0.0,0.0,0.0,0.0,82.25983790676419,82.25983790676419,0.22666666666666686,0.5136712356629775,0.24018758267977323,82.25983790676419,0.23617652129592518,0.0,0.0006399999999999999 
 03/12  14:00:00,9.03,80.0,1.79,124.0,660.5,0.0,0.0,0.0,0.0,0.0,0.0,0.0,0.0,0.0,0.0,858.0,0.0,2321.362449319544,69.0838477302873,177.02671162001765,69.60530482239898,1852.6587840945356,0.0,69.08384773028726,94.44285742222327,0.0,0.0,20.87512743085911,-103.10016554804133,22.90593634942084,-935.8146091221679,20.569230812470729,-205.44832848261513,20.28389938355682,181.32240942513546,16.6352554538744,44.17105482694595,21.7612107140343,-329.7063161397939,18.3189325398654,226.09521110711013,16.46161207434369,163.66756117880403,17.74744596955786,223.05436007042955,639.2200889611786,72.24993521517581,0.0,0.0,0.0,0.0,0.0,0.0,0.0,0.0,0.0,0.0,0.0,0.0,0.0,0.0,0.0,0.0,0.0,0.0,0.0,0.0,0.0,0.0,1.0370311466473366,0.3165540740681736,291.47979315217216,349.843511788375,7441.086644621986,0.1349384616670959,0.020595003306943819,231.40010121902516,277.43199629790299,5964.963083011082,2.1273510387773064,0.40199377149986906,213.10488653807537,256.25966712344219,5261.83402692179,0.286048943982218,0.054053088432013968,226.77908488489266,273.0670373835248,5377.12842691965,0.0,0.0,10.059337194877662,12.271106347994213,163.40645341965306,0.0,0.0,82.21596384453092,98.86025754168444,2010.9870251816279,0.0,0.0,280.61315788947538,339.7380525941143,5774.640090374359,0.0,0.0,39.325578910035449,47.97744247711244,635.3106964227094,0.0,0.0,139.67384682302049,169.7094657790397,2586.8225623115797,28.07465072862439,19.255590348850754,342.20030763196805,412.738935142185,8237.439597806479,0.0,0.0,171.629524007479,207.88952315123437,3490.5584433348346,579.0794874177398,21.5823797049283,33.121389289744559,21.5,30.0,0.0,21.805496625072978,32.784233583237419,16.0,30.0,344.767191550856,21.075874459158077,34.207548545114139,21.0,30.0,0.0,20.685801472979408,34.88731733735173,16.0,30.0,0.0,16.9045018210844,43.54019835801907,12.0,30.0,0.0,21.066571209243678,33.715226956165377,16.0,30.0,0.0,19.08532184154582,38.16175273089635,10.0,30.0,0.0,16.859640134618375,43.77149308070162,16.0,30.0,0.0,18.046102822381856,40.63033134011995,12.0,30.0,0.0,19.88527462199618,0.0,0.0,0.0,18.950156032873744,0.0,0.0,492.98908708676108,489.33876931839566,491.6707004056887,495.8383033086637,514.7423170159829,509.07907151085819,507.6263233916575,511.12896300110659,510.50017743131687,9308.631413240892,81.84993120187179,81.84993120187179,60.0,0.0,60.0,60.0,16.0,16.0,16.0,12.0,16.0,12.0,21.0,10.0,1.0,0.0,579.0794874177398,0.0,344.767191550856,0.0,0.0,0.0,0.0,0.0,0.0,0.0,0.0,81.84993120187179,81.84993120187179,0.34,0.7720454095410324,0.36028137401965956,81.84993120187179,0.3542647819438875,0.0,0.0006600000000000001 
 03/12  14:10:00,9.26,79.16666666666667,1.735,111.66666666666666,692.0,0.0,0.0,0.0,0.0,0.0,0.0,0.0,0.0,0.0,0.0,1716.0,0.0,2388.5279882004108,65.37316940868281,167.51826908217209,71.61922257377938,1906.2627950622764,0.0,65.37316940868279,89.37007883242585,0.0,0.0,20.95393571792981,28.727348334332875,22.972324748211489,-493.79300451907889,21.04371751094063,-1101.6948292771838,20.403222125339789,439.6879176365469,16.70620155068513,44.635624625526407,21.94322069054514,-367.71788397076457,18.36669008503723,280.0376202254233,16.49383971745168,167.49289907475305,17.805726692055197,224.31408277462425,661.906115563273,48.23665460124289,0.0,0.0,0.0,0.0,0.0,0.0,0.0,0.0,0.0,0.0,0.0,0.0,0.0,0.0,0.0,0.0,0.0,0.0,0.0,0.0,0.0,0.0,1.0891463209755426,0.33246224694003137,271.3777383402452,326.20164002807516,6738.180973928958,0.1825733642807595,0.027865287588638506,150.5478969161669,180.64864408128495,3831.429168720202,1.636054376176648,0.30915615574010749,359.53071017972868,431.76739232040537,9140.920982126145,0.2873122588578163,0.05429181006383526,282.4045641523582,340.07926734442318,6701.940376938877,0.0,0.0,10.274599154741548,12.541244663510203,163.48794318081583,0.0,0.0,85.84192533760111,103.2695635776354,2081.373869530457,0.0,0.0,277.0997622785825,335.70706068699766,5603.101064104569,0.0,0.0,38.641247174073189,47.17678966420935,609.1353684234647,0.0,0.0,133.2227635041017,161.97432591038445,2421.432657509106,27.91484473198772,19.145984041143849,412.26443605896386,497.5603417813257,9816.03582013926,0.0,0.0,164.12563790363775,198.91414795859914,3287.6874636697205,0.0,21.465552487162559,33.44826690395677,21.0,30.0,0.0,21.819862541304855,32.787350523548557,16.0,30.0,1638.3768071958712,21.73102538737107,32.9582144411243,21.5,30.0,0.0,20.921659564519446,34.56975400389595,16.0,30.0,0.0,16.976634996178377,43.42910991099036,12.0,30.0,0.0,21.20097762179462,33.51399919755894,16.0,30.0,0.0,19.145345702586213,38.12576000575266,10.0,30.0,0.0,16.902589050402683,43.735848526707567,16.0,30.0,0.0,18.112061897258209,40.548455421796038,12.0,30.0,0.0,20.118196347840564,0.0,0.0,0.0,19.035759092315815,0.0,0.0,490.54151826192529,488.75421095005688,489.64702596259277,491.0014527896563,511.92971907512119,506.3383810805514,504.3717779835164,508.65587478977695,507.8178062576487,4569.511028435318,81.16694217653367,81.16694217653367,60.0,0.0,60.0,60.0,16.0,16.0,16.0,12.0,16.0,12.0,21.0,10.0,1.0,0.0,0.0,0.0,1638.3768071958712,0.0,0.0,0.0,0.0,0.0,0.0,0.0,0.0,81.16694217653367,81.16694217653367,0.17,0.38552056660194947,0.18014068700982978,81.16694217653367,0.17713239097194376,0.0,0.0006799999999999999 
 03/12  14:20:00,9.49,78.33333333333334,1.6800000000000002,99.33333333333333,723.5,0.0,0.0,0.0,0.0,0.0,0.0,0.0,0.0,0.0,0.0,429.0,0.0,2449.876430812702,61.475627126437768,157.53098736645829,73.45871617678844,1955.2242288209985,0.0,61.475627126437739,84.04184304138755,0.0,0.0,20.62440349904812,223.48556434441526,23.05153873873096,-889.1376508543726,20.519962454723478,1.7642383418751707,20.353444961694984,113.22181166567407,16.796442430208246,42.3119643421511,22.15540509146961,-392.91363201651896,18.41156848051361,250.2708087439296,16.53279825150013,167.78595772356835,17.869124255748454,213.36564450538118,572.7682566681488,32.179473355446138,0.0,0.0,0.0,0.0,0.0,0.0,0.0,0.0,0.0,0.0,0.0,0.0,0.0,0.0,0.0,0.0,0.0,0.0,0.0,0.0,0.0,0.0,1.0677538469638462,0.3259321877179018,255.03211628910845,305.7527655058649,6098.109327643937,0.13622360497789319,0.02079114850089945,246.30617246483366,294.76184684267965,6111.017187309996,1.9341666501043283,0.3654887849781423,151.8261572482127,182.16103479517308,3593.056826927284,0.2493665092983794,0.047121411432044468,165.87162285901185,199.1875977220409,3798.830775110284,0.0,0.0,10.033652219111664,12.202643385412806,157.14973101228154,0.0,0.0,87.53176006895355,104.88958461072721,2116.5492935774648,0.0,0.0,275.49673991739015,332.6278420096014,5466.859888724538,0.0,0.0,38.959091350395009,47.40086131495046,600.3181286749895,0.0,0.0,132.814243414499,160.90876791950539,2373.1518004079318,27.336778095114839,18.749504866333916,228.92490548954008,275.70635640925277,5415.075920489761,0.0,0.0,164.0163766320187,198.06630991806507,3241.871291326331,0.0,21.231873109856797,33.95841874059959,21.0,30.0,0.0,21.73890183520909,33.20856026815564,16.0,30.0,160.52678270174705,21.004166269547424,34.46188985602659,21.0,30.0,0.0,20.74789604333449,34.98302219418066,16.0,30.0,0.0,17.08538182727995,43.275551332939588,12.0,30.0,0.0,21.402738602468387,33.209466479701017,16.0,30.0,0.0,19.188740311390157,38.092481008678799,10.0,30.0,0.0,16.9588997240619,43.705565887077998,16.0,30.0,0.0,18.1912520828711,40.45065944374612,12.0,30.0,0.0,19.871199681436957,0.0,0.0,0.0,19.1354591493485,0.0,0.0,489.9481689814016,482.2198188461885,489.4601236607894,490.09212890394726,507.7221844489253,502.7407301884026,502.2914925205543,505.21805450462849,504.79577025055456,5534.169356033076,84.34496230944119,84.34496230944119,60.0,0.0,60.0,60.0,16.0,16.0,16.0,12.0,16.0,12.0,21.0,10.0,1.0,0.0,0.0,0.0,160.52678270174705,0.0,0.0,0.0,0.0,0.0,0.0,0.0,0.0,84.34496230944119,84.34496230944119,0.34,0.6206679225508484,0.36028137401965956,84.34496230944119,0.3542647819438875,0.0,0.0006966666666666667 
 03/12  14:30:00,9.719999999999999,77.5,1.625,87.0,755.0,0.0,0.0,0.0,0.0,0.0,0.0,0.0,0.0,0.0,0.0,1720.0,0.0,2485.791929538654,60.27146347461032,154.44532554868446,74.53561468719075,1983.8878940740065,0.0,60.27146347461029,82.3956600359684,0.0,0.0,20.625580787044329,272.53330285214909,23.160332638026124,-687.2312813729225,21.065672735540006,-1147.0904479404197,20.452745205369959,412.6848582350988,16.858486845562827,42.801842956702149,22.30492651821571,-416.64394346489567,18.45657718112723,272.44652945362489,16.558291942282538,173.93616558157204,17.914192718004494,231.46297433455858,615.4323442954301,20.37249280806077,0.0,0.0,0.0,0.0,0.0,0.0,0.0,0.0,0.0,0.0,0.0,0.0,0.0,0.0,0.0,0.0,0.0,0.0,0.0,0.0,0.0,0.0,1.0788401557069128,0.329316286845822,316.2543143508647,380.2323001878929,7452.542242731592,0.1667488177743491,0.0254500637628738,204.29972897547956,245.20221723114788,5001.297896967775,1.4505081058268444,0.27409450223485357,358.1109196794506,429.8963282917177,8763.423313762518,0.2644461887324295,0.04997093513462385,265.63599891577976,319.70346886630338,6084.969966125757,0.0,0.0,10.045455476780404,12.250980333065297,153.5663717226545,0.0,0.0,90.86547146313882,109.17628982471945,2169.3018100530678,0.0,0.0,273.7097076907839,331.3963050835286,5327.546123729682,0.0,0.0,38.27442201404743,46.70192832030143,573.4653941011876,0.0,0.0,130.30714242966165,158.3178949264817,2277.028001708256,27.13411173115925,18.610501873223087,473.3877360251504,570.7987117939699,10856.56939350105,0.0,0.0,160.63164647964693,194.4998432130522,3125.5528539267818,0.0,21.295216223497378,34.04367873378433,21.0,30.0,0.0,21.815631233979337,33.027935988017549,16.0,30.0,1709.5023225025385,21.75647876173116,33.086930373731629,21.5,30.0,0.0,20.96900632626158,34.64048713111876,16.0,30.0,0.0,17.138561621941777,43.19054101680547,12.0,30.0,0.0,21.49185950005032,33.09120879235802,16.0,30.0,0.0,19.240086353313825,38.08835354636751,10.0,30.0,0.0,16.986793153888379,43.70572880211314,16.0,30.0,0.0,18.235263669356969,40.42536694600473,12.0,30.0,0.0,20.26861326276115,0.0,0.0,0.0,19.22326130323899,0.0,0.0,484.85150143994397,483.49990464317946,485.5706469202577,487.18053233509826,505.98609238882957,500.70994289175197,499.1992901939483,503.2420431208253,502.4528112950731,4349.514688126448,82.97445106033925,82.97445106033925,60.0,0.0,60.0,60.0,16.0,16.0,16.0,12.0,16.0,12.0,21.0,10.0,1.0,0.0,0.0,0.0,1709.5023225025385,0.0,0.0,0.0,0.0,0.0,0.0,0.0,0.0,82.97445106033925,82.97445106033925,0.17,0.38562556417581397,0.18014068700982978,82.97445106033925,0.17713239097194376,0.0,0.0007133333333333332 
 03/12  14:40:00,9.95,76.66666666666667,1.57,84.83333333333333,742.8333333333334,0.0,0.0,0.0,0.0,0.0,0.0,0.0,0.0,0.0,0.0,430.0,0.0,2445.3883064256995,58.490890899315889,149.8825721631901,73.32411336678396,1951.6419933409373,0.0,58.49089089931586,79.96148233186915,0.0,0.0,20.592753047779796,258.36975348212038,23.259610242006756,-876.9063731313545,20.531736996612318,-54.37717715826966,20.390746033968037,98.73898008418564,16.940162636969558,41.262600575108027,22.460521081066426,-435.42760843053659,18.511955360483463,254.87855221745304,16.599685807745894,175.54200829750767,17.978750748345179,222.5114395025712,562.4189754626787,8.198476963288158,0.0,0.0,0.0,0.0,0.0,0.0,0.0,0.0,0.0,0.0,0.0,0.0,0.0,0.0,0.0,0.0,0.0,0.0,0.0,0.0,0.0,0.0,1.037499352528156,0.31669699405621368,273.6071654496768,327.8995470417347,6293.865777929753,0.1184136888920595,0.018072907340057923,267.01821173774598,319.3062149801941,6443.61979670546,1.8070786903964602,0.3414736754339495,138.53127881475178,166.1564110910984,3148.0492381373617,0.23271559458824624,0.043974980080923316,151.79622186299273,182.21420618150959,3341.495397948254,0.0,0.0,9.905767376604482,12.037312055502975,148.73598185433299,0.0,0.0,91.67256215116106,109.72385166790444,2176.1425518108405,0.0,0.0,274.5616791546226,331.27292693276288,5250.410713502692,0.0,0.0,38.925691521674547,47.33229310029915,569.5342624532073,0.0,0.0,131.14369015593528,158.77028295253874,2251.6173389936336,26.59797291282825,18.242779775602373,267.69104168358435,322.040252384378,6077.546214633499,0.0,0.0,162.0312919949999,195.48935417102619,3107.888000859263,0.0,21.253994020409445,34.0920565115624,21.0,30.0,0.0,21.87328857654456,33.12843194086526,16.0,30.0,203.57975014972406,21.005532030539876,34.71708102644092,21.0,30.0,0.0,20.77395158915815,35.120491255500628,16.0,30.0,0.0,17.236233157653805,43.07472993949186,12.0,30.0,0.0,21.65751589201146,32.87100705127203,16.0,30.0,0.0,19.30159089719372,38.017610237178967,10.0,30.0,0.0,17.04474490511808,43.680284746605369,16.0,30.0,0.0,18.31559572220812,40.33400345492304,12.0,30.0,0.0,20.10644269558282,0.0,0.0,0.0,19.317219427824857,0.0,0.0,485.96417330791209,478.63071640078189,483.7931663867487,485.86268502087997,502.17110369759976,497.3812699262125,497.2270142629654,499.99201108329978,499.57317034140069,8170.325932019791,82.60257221319246,82.60257221319246,60.0,0.0,60.0,60.0,16.0,16.0,16.0,12.0,16.0,12.0,21.0,10.0,1.0,0.0,0.0,0.0,203.57975014972406,0.0,0.0,0.0,0.0,0.0,0.0,0.0,0.0,82.60257221319246,82.60257221319246,0.34,0.6152738565056666,0.36028137401965956,82.60257221319246,0.3542647819438875,0.0,0.0007300000000000001 
 03/12  14:50:00,10.18,75.83333333333333,1.5150000000000002,82.66666666666667,730.6666666666666,0.0,0.0,0.0,0.0,0.0,0.0,0.0,0.0,0.0,0.0,1724.0,0.0,2420.1372575364978,53.85932287502038,138.0143010749956,72.56695368029092,1931.4891904763265,0.0,53.859322875020357,73.62977770146684,0.0,0.0,20.632465517730183,303.49793194285305,23.331168584434736,-742.8416825722857,21.06073576817188,-1035.1297800326473,20.48356571388555,406.1244850576679,16.99536689878817,42.45487864018733,22.56083933522502,-445.8460853074039,18.566424226659274,281.7162822764458,16.626332566144069,182.52490875164916,18.02293567846867,241.86978611486235,606.7804827084169,5.073551672014673,0.0,0.0,0.0,0.0,0.0,0.0,0.0,0.0,0.0,0.0,0.0,0.0,0.0,0.0,0.0,0.0,0.0,0.0,0.0,0.0,0.0,0.0,1.0228441305502405,0.31222348307394406,328.29840679066896,394.5358041530068,7460.3351227195839,0.14469956729243628,0.022084793542801626,225.1267280450031,270.0232183245184,5349.407077211703,1.4250088102818724,0.26927604124751949,352.6207679694968,423.1699839789478,8308.214236803818,0.2588867314284591,0.04892039520568008,264.41237410723707,318.10582069741226,5820.279455360161,0.0,0.0,9.98498123204175,12.167856320139978,146.02169381907306,0.0,0.0,93.41300580940217,112.11844432255427,2184.7571258751606,0.0,0.0,274.6769671015719,332.3284020029797,5156.683442156889,0.0,0.0,38.62598713605212,47.103396196551397,548.8758648965379,0.0,0.0,130.26522890464674,158.15339524154144,2185.5508540419684,26.459146760734943,18.1475629360322,483.1127280958537,582.2600147811747,10638.160914837476,0.0,0.0,160.5974167603083,194.28550744779523,3029.2812854331516,0.0,21.353280325888194,34.11478279215275,21.0,30.0,0.0,21.930415432006954,32.97712466589664,16.0,30.0,1613.423233292251,21.771938742158868,33.246421812682289,21.5,30.0,0.0,20.990615422637626,34.79954734016401,16.0,30.0,0.0,17.28114792279416,43.015037306563268,12.0,30.0,0.0,21.724061371171147,32.79709344401726,16.0,30.0,0.0,19.367812675067314,37.98026369217048,10.0,30.0,0.0,17.0745733049866,43.68444187571217,16.0,30.0,0.0,18.360407789937335,40.31478413229712,12.0,30.0,0.0,20.36639833485021,0.0,0.0,0.0,19.39924327715285,0.0,0.0,481.04103912723567,479.95434048541179,481.6088213066274,482.94284085294029,500.58903678169579,495.6209301286983,494.40630510281189,498.063924748837,497.3304546683527,3854.772714394698,83.38666795974545,83.38666795974545,60.0,0.0,60.0,60.0,16.0,16.0,16.0,12.0,16.0,12.0,21.0,10.0,1.0,0.0,0.0,0.0,1613.423233292251,0.0,0.0,0.0,0.0,0.0,0.0,0.0,0.0,83.38666795974545,83.38666795974545,0.17,0.383800066868719,0.18014068700982978,83.38666795974545,0.17713239097194376,0.0,0.0007300000000000001 
 03/12  15:00:00,10.41,75.0,1.46,80.5,718.5,0.0,0.0,0.0,0.0,0.0,0.0,0.0,0.0,0.0,0.0,431.0,0.0,2371.7222528693548,52.064504203423947,133.41503880569204,71.1152347069831,1892.849488505195,0.0,52.06450420342392,71.17612450365846,0.0,0.0,20.627811015538265,276.24458640384366,23.392454334330638,-907.9931506406592,20.53602242049218,-9.853577560710619,20.427065562622859,103.40156210865462,17.069611434905327,41.33916955731058,22.679467365566518,-456.2424341173487,18.626914640536446,260.4520052631542,16.670349479846466,184.0928180735964,18.089208572729047,233.06192615973306,526.228507127631,-0.7059481040814717,0.0,0.0,0.0,0.0,0.0,0.0,0.0,0.0,0.0,0.0,0.0,0.0,0.0,0.0,0.0,0.0,0.0,0.0,0.0,0.0,0.0,0.0,0.9841179916629385,0.30040231735742936,279.93973089768397,335.2913561437275,6220.3856915182209,0.10013320023752512,0.01528284496909724,274.35235649931078,327.89217833701187,6404.8144267153279,1.7754269346608243,0.3354926180387046,142.2303772717367,170.54371557516533,3094.6418761561628,0.2282180430409734,0.04312510261545226,155.74171899938103,186.8714301199781,3292.246272336105,0.0,0.0,9.862472345358612,11.975810002068057,141.29523441745449,0.0,0.0,93.65101409597256,111.98419478285567,2171.0887995760115,0.0,0.0,275.7038394969303,332.4007521742312,5084.800043982436,0.0,0.0,39.297756417544459,47.75549219113924,544.8840532368579,0.0,0.0,131.38482982459466,158.94507760858594,2165.043518745377,25.93372443118694,17.787190967892284,264.83580314005737,318.40834540991838,5783.734354115154,0.0,0.0,162.30134000192596,195.65002662359957,3011.4395573323874,0.0,21.337975080988778,34.11487690266609,21.0,30.0,0.0,21.951336140132065,33.140219699360788,16.0,30.0,141.26546698371227,21.003579062113034,34.89629798325337,21.0,30.0,0.0,20.808584512258525,35.254839010263179,16.0,30.0,0.0,17.365952453812218,42.93728988876251,12.0,30.0,0.0,21.853487346828257,32.64638969065646,16.0,30.0,0.0,19.43466190724295,37.90207279577076,10.0,30.0,0.0,17.136059427731018,43.65395720758596,16.0,30.0,0.0,18.44382698278239,40.21789788332408,12.0,30.0,0.0,20.19810629445214,0.0,0.0,0.0,19.477498743748947,0.0,0.0,481.9216014642406,475.82386047378039,480.49899661546047,481.74391175518027,497.13690883349138,492.7501752658521,492.52758870443139,495.0660087241757,494.70601030822845,7204.059115780667,83.24133519585394,83.24133519585394,60.0,0.0,60.0,60.0,16.0,16.0,16.0,12.0,16.0,12.0,21.0,10.0,1.0,0.0,0.0,0.0,141.26546698371227,0.0,0.0,0.0,0.0,0.0,0.0,0.0,0.0,83.24133519585394,83.24133519585394,0.34,0.6150109905604954,0.36028137401965956,83.24133519585394,0.3542647819438875,0.0,0.0007300000000000001 
 03/12  15:10:00,10.528333333333335,74.66666666666667,1.3983333333333335,78.33333333333333,706.3333333333334,0.0,0.0,0.0,0.0,0.0,0.0,0.0,0.0,0.0,0.0,1728.0,0.0,2319.5085630734226,50.24854805026802,128.7616114986768,69.54961395064574,1851.178095785604,0.0,50.248548050268,68.69357476602529,0.0,0.0,20.670261681598285,306.9642574399313,23.444865049646177,-754.1455349980997,21.077382244439148,-1000.0001342366113,20.52519914408211,405.47082947585957,17.120427953108285,42.489963821294427,22.751192911563864,-460.34290832046579,18.67988055108583,282.9154329646217,16.6986167593603,188.7970130131199,18.133126009033597,246.32868943640666,576.6047645489471,2.179259504126321,0.0,0.0,0.0,0.0,0.0,0.0,0.0,0.0,0.0,0.0,0.0,0.0,0.0,0.0,0.0,0.0,0.0,0.0,0.0,0.0,0.0,0.0,0.9818304165846744,0.2997040343665062,326.5354020893484,392.224354536346,7230.507361488248,0.1332394712629026,0.020335694637195146,229.02337066161355,274.5416827947141,5315.654722266226,1.4306087083538946,0.2703342230449537,353.11255991602226,423.62181942401528,8097.359964741786,0.2556649869934165,0.04831159996096304,261.55983791303665,314.5386507776566,5594.217016700184,0.0,0.0,9.944702172652793,12.110554471761017,140.75913391882529,0.0,0.0,94.57012756077897,113.40899056606684,2177.9083514975329,0.0,0.0,275.43197451380106,333.011949868157,5043.736681021036,0.0,0.0,39.01933683409924,47.556215223396147,533.5164394678798,0.0,0.0,130.54961916177906,158.39035915441264,2129.39507943183,25.931160022923934,17.785432114488299,479.6916686363467,577.8571973477385,10268.462427791019,0.0,0.0,160.99493232629457,194.6226710164617,2966.9098384745304,0.0,21.421425598165134,34.16297716249287,21.0,30.0,0.0,22.011476147253196,33.00452660011324,16.0,30.0,1608.1412116812354,21.811295960931113,33.35568301118646,21.5,30.0,0.0,21.029688939079788,34.90897812821523,16.0,30.0,0.0,17.405107356675136,42.896241870375458,12.0,30.0,0.0,21.904589462152118,32.60817353446273,16.0,30.0,0.0,19.49571059660483,37.87647600847593,10.0,30.0,0.0,17.165180626033277,43.659727530563497,16.0,30.0,0.0,18.485820476382373,40.20587969291275,16.0,30.0,0.0,20.442725981557474,0.0,0.0,0.0,19.54107818583074,0.0,0.0,477.6251213588522,476.49794208093888,478.0708327584092,479.3721708868236,495.68751975338628,491.0840126830969,490.01031914498557,493.34961025319537,492.6996308137283,5214.685008952278,80.78045413259405,82.60013670558478,60.0,0.0,60.0,60.0,16.0,16.0,16.0,16.0,16.0,12.0,21.0,10.0,1.0,0.0,0.0,0.0,1608.1412116812354,0.0,0.0,0.0,0.0,0.0,2753.7455734447846,1652247.3440668707,2140215.883945909,80.78045413259405,82.63104095660573,0.17679151911482617,0.3862064016700527,0.18014068700982978,82.63104095660573,0.17713239097194376,2140215.883945909,0.11202122596518728 
 03/12  15:20:00,10.646666666666669,74.33333333333334,1.3366666666666667,76.16666666666667,694.1666666666666,0.0,0.0,0.0,0.0,0.0,0.0,0.0,0.0,0.0,0.0,866.0,0.0,2263.69962769475,48.41324739804344,124.05861396796522,67.87619149710562,1806.6373757959416,0.0,48.41324739804342,66.18457963156685,0.0,0.0,20.675635119561407,294.9722456301124,23.541884278038184,-837.2657608944501,20.473961263228238,-66.77766775109376,20.54735981594669,119.96829052262274,17.182990511920168,41.70328914985629,22.830079951159847,-465.65567294200948,18.736294373459715,267.9088431406317,16.737609914174965,191.0422303635811,18.189288738142,239.8816422006821,549.8976463639174,-0.70142685956489,0.0,0.0,0.0,0.0,0.0,0.0,0.0,0.0,0.0,0.0,0.0,0.0,0.0,0.0,0.0,0.0,0.0,0.0,0.0,0.0,0.0,0.0,0.9315539468309149,0.2843571266272634,315.1279527486886,378.0775712751155,6889.1777974824949,0.09342865807968098,0.01425956319897451,264.3465310618256,316.2586184769039,6133.888243372474,1.7798036599716168,0.3363196636378718,368.605448494052,442.95679770440065,7696.408480427982,0.232707919476807,0.0439735297575221,216.07404948378832,259.70563777288757,4558.979518650384,0.0,0.0,9.848317084949786,11.976925584371035,138.25283081776053,0.0,0.0,94.92700165129802,113.67070876092692,2178.542792764273,0.0,0.0,275.5523676208959,332.7043190664397,5011.848236530928,0.0,0.0,39.59609664315906,48.193541583320698,535.7463918655731,0.0,0.0,130.4652245431189,158.0711278315546,2113.4089913988357,25.573604057438354,17.540194826775286,479.3985248635554,577.091448681143,10079.549794170813,0.0,0.0,161.38204520840123,194.82837752630855,2952.732178712122,0.0,21.413487037716846,34.21031534642539,21.0,30.0,0.0,22.13284400922325,32.79758768939506,16.0,30.0,140.49429394619268,20.887544530842864,35.34305393653194,21.0,30.0,0.0,21.003981646006176,35.06217084158715,16.0,30.0,0.0,17.468211396576803,42.840493602535058,12.0,30.0,0.0,21.985693223042277,32.52075641757527,16.0,30.0,0.0,19.5546916418717,37.799938951421527,10.0,30.0,0.0,17.214550946688904,43.62981796662548,16.0,30.0,0.0,18.55083624734701,40.128561553135217,16.0,30.0,0.0,20.4564790012502,0.0,0.0,0.0,19.59580247142523,0.0,0.0,477.14138977426389,475.9550208706427,476.9880513031156,477.59670280753326,493.28794411936908,489.2530065367015,488.67621964084807,491.27834600543556,490.88724739971829,3140.7061376582516,82.15167621853486,82.15167621853486,60.0,0.0,60.0,60.0,16.0,16.0,16.0,16.0,16.0,12.0,21.0,10.0,1.0,0.0,0.0,0.0,140.49429394619268,0.0,0.0,0.0,0.0,0.0,0.0,0.0,0.0,82.15167621853486,82.15167621853486,0.17,0.31026585031703698,0.18014068700982978,82.15167621853486,0.17713239097194376,0.0,0.0007533333333333332 
 03/12  15:30:00,10.765,74.0,1.275,74.0,682.0,0.0,0.0,0.0,0.0,0.0,0.0,0.0,0.0,0.0,0.0,1736.0,0.0,2204.48793535988,46.56030048757614,119.31039825326467,66.10073907402962,1759.3809522006289,0.0,46.560300487576117,63.65146072424387,0.0,0.0,20.730282125534808,305.8184142816617,23.56065721072796,-793.6293784634586,21.055984707454898,-930.8551061488984,20.548330792402049,362.5058470534741,17.237213239172669,42.356914154171139,22.89041465489762,-464.8635497414025,18.789133387269705,279.2572914125226,16.771520903805749,192.6557941070385,18.236406323634684,245.33668296904694,568.2763662437756,6.861551710394906,0.0,0.0,0.0,0.0,0.0,0.0,0.0,0.0,0.0,0.0,0.0,0.0,0.0,0.0,0.0,0.0,0.0,0.0,0.0,0.0,0.0,0.0,0.9284488486022822,0.28340929444514109,324.41408683810678,389.5007315031259,7073.404758057525,0.11293354361539875,0.017236499330799568,243.4655778211201,291.68289879018928,5590.6865462481659,1.5108199888106575,0.28549130551977666,357.06929716297079,428.30944515211118,8027.819537030844,0.2536767792286331,0.04793589932513851,235.62276337065908,283.15141371296598,4937.044820445259,0.0,0.0,9.89199285801402,12.03903690744055,137.37047226804666,0.0,0.0,95.05471071205489,113.91044632925088,2168.812183233132,0.0,0.0,276.0891500712031,333.59814132717357,4985.404054263042,0.0,0.0,39.47902203524724,48.09123788629972,527.4676894578229,0.0,0.0,130.96004711606998,158.79058745779356,2102.002759545602,25.531276978164173,17.51116390820588,503.4524967701363,606.1521240101846,10571.077245117636,0.0,0.0,161.62735547073923,195.27319856030327,2933.7195728862409,0.0,21.5033545299965,34.12128463181146,21.0,30.0,0.0,22.133961641003727,32.89485564085254,16.0,30.0,1491.737323144078,21.786306568833586,33.57893725492677,21.5,30.0,0.0,21.027715299430743,35.119895073858767,16.0,30.0,0.0,17.515497188546929,42.799317278311097,12.0,30.0,0.0,22.04332963109816,32.48188918727481,16.0,30.0,0.0,19.612613946439894,37.77291888214844,10.0,30.0,0.0,17.253008590720485,43.62015786447243,16.0,30.0,0.0,18.599828412051449,40.10281574613744,16.0,30.0,0.0,20.5635969897226,0.0,0.0,0.0,19.646540564669466,0.0,0.0,475.49860874657306,474.23010029723448,474.9549708786668,475.7564819523575,491.54433579434586,487.4437085689899,486.4927929293033,489.48434339903329,488.94317566861147,4341.473358767464,83.18990523425264,83.18990523425264,60.0,0.0,60.0,60.0,16.0,16.0,16.0,16.0,16.0,12.0,21.0,10.0,1.0,0.0,0.0,0.0,1491.737323144078,0.0,0.0,0.0,0.0,0.0,0.0,0.0,0.0,83.18990523425264,83.18990523425264,0.17,0.3856320209747109,0.18014068700982978,83.18990523425264,0.17713239097194376,0.0,0.0007766666666666666 
 03/12  15:40:00,10.883333333333333,73.66666666666667,1.2133333333333334,70.66666666666667,658.0,0.0,0.0,0.0,0.0,0.0,0.0,0.0,0.0,0.0,0.0,434.0,0.0,2106.441075747788,43.969771883651848,112.67213426387237,63.16082923776062,1681.130553883594,0.0,43.96977188365182,60.11001172239054,0.0,0.0,20.74422593679043,297.02442949062609,23.562768537241476,-884.657926810869,20.54491337838237,84.94938201480818,20.494224164284213,100.48266323828648,17.297680138600439,41.41764417487167,22.938330432793668,-466.9888397838795,18.839245727691535,263.11116339616458,16.812463903802198,193.0311100975955,18.29216752754393,236.3935308958844,478.64836789022959,9.488315458169382,0.0,0.0,0.0,0.0,0.0,0.0,0.0,0.0,0.0,0.0,0.0,0.0,0.0,0.0,0.0,0.0,0.0,0.0,0.0,0.0,0.0,0.0,0.926846425971147,0.28292015444784709,289.6274802894208,346.52288500883159,6247.6248040303439,0.07523593825399849,0.01148289655891308,285.61430763234059,340.98110761114858,6488.072852441529,1.8583399549349682,0.35116023335883769,157.69056721243946,188.99139619838679,3273.3853951065409,0.22882116085903266,0.04323907045711122,154.59822167523434,185.37429998765016,3133.8705694681104,0.0,0.0,9.774064110016804,11.853956245610159,134.64467675429587,0.0,0.0,95.17724178713284,113.653281618408,2162.481082653299,0.0,0.0,276.22397889017238,332.60642758161159,4949.872612136572,0.0,0.0,39.956297021167227,48.50353893985125,528.5862666781961,0.0,0.0,131.39303748542728,158.75569023493029,2095.408837306769,25.1275723690467,17.234274601540954,257.74276032760658,309.59182838067087,5422.997239080144,0.0,0.0,162.4815933487247,195.632493458499,2923.3795753138226,0.0,21.505454426493374,34.142296561647118,21.0,30.0,0.0,22.125796698338207,33.121286857325028,16.0,30.0,31.160955617962498,21.000898488788395,35.21699508061123,21.0,30.0,0.0,20.86027561970481,35.513047686885318,16.0,30.0,0.0,17.578553839274354,42.78088076617642,12.0,30.0,0.0,22.112519853024549,32.45712075204119,19.0,30.0,0.0,19.661638971246508,37.735265112592809,10.0,30.0,0.0,17.3059827298114,43.61018737679128,16.0,30.0,0.0,18.666605485661117,40.0491260700928,16.0,30.0,0.0,20.325241277204154,0.0,0.0,0.0,19.684572297691355,0.0,0.0,475.13788750708656,470.45134522312528,475.2398664871362,475.36061099397309,488.72028175921477,484.93400397185436,484.9674418439733,487.05958298263047,486.75832908013578,7334.810104187479,83.1549074217696,83.15490742176961,60.0,0.0,60.0,60.0,16.0,16.0,19.0,16.0,16.0,12.0,21.0,10.0,1.0,0.0,0.0,0.0,31.160955617962498,0.0,0.0,0.0,0.0,0.0,0.0,0.0,0.0,83.1549074217696,83.1549074217696,0.34,0.6146273376387881,0.36028137401965956,83.1549074217696,0.3542647819438875,0.0,0.0007999999999999999 
 03/12  15:50:00,11.001666666666666,73.33333333333333,1.1516666666666667,67.33333333333333,634.0,0.0,0.0,0.0,0.0,0.0,0.0,0.0,0.0,0.0,0.0,1740.0,0.0,2006.381767336157,41.39160303219209,106.0655451438412,60.16057772513146,1601.274048395236,0.0,41.391603032192069,56.585459439207827,0.0,0.0,20.767833695923949,286.9087297339647,23.547896793701108,-779.2335031544444,21.075823792070424,-911.640300821268,20.579219036952403,381.58908523861967,17.339334533761787,42.071762596967648,22.950791352014414,-463.92051193512796,18.882984457409728,274.96219650242667,16.83775926962473,192.9292861574491,18.327563328784764,238.45288552972239,536.8124893618397,18.407260026712494,0.0,0.0,0.0,0.0,0.0,0.0,0.0,0.0,0.0,0.0,0.0,0.0,0.0,0.0,0.0,0.0,0.0,0.0,0.0,0.0,0.0,0.0,0.8981770697887189,0.2741688247218312,314.1429182597231,377.0389464743842,6712.752176850896,0.11163697447921693,0.017038610268500757,234.27127388984338,280.59108108120236,5265.9135703485549,1.4953533081765485,0.2825686523387281,343.9328457279932,412.4199498304426,7570.840514390762,0.2539811835430682,0.04799342092650569,255.42488882422635,306.96849118135648,5230.031754590069,0.0,0.0,9.835888342063614,11.964360926747368,133.57454065883807,0.0,0.0,95.04858974156885,113.84338740726727,2138.9470045960526,0.0,0.0,275.40707997475519,332.593996927509,4889.100102867385,0.0,0.0,39.62694676710964,48.2479531657293,516.0397055543242,0.0,0.0,130.65485314632407,158.33223181443513,2058.30164916181,25.116204458036159,17.22647768040889,483.28739204012995,581.6248771976623,9947.833751846045,0.0,0.0,161.2376194814346,194.7155860302055,2868.3578226496076,0.0,21.527247543537749,34.29153200707141,21.0,30.0,0.0,22.131532631993815,33.10119606390985,16.0,30.0,1500.795039014884,21.8111005590145,33.693375847681348,21.5,30.0,0.0,21.057534553927856,35.20008757381012,16.0,30.0,0.0,17.60602870870936,42.7720100651284,12.0,30.0,0.0,22.130619447411776,32.48329694870152,19.0,30.0,0.0,19.703979690542867,37.76298416612357,10.0,30.0,0.0,17.32776984314117,43.64036236656376,16.0,30.0,0.0,18.69519299129793,40.07484176952487,16.0,30.0,0.0,20.57434039778684,0.0,0.0,0.0,19.709239433524546,0.0,0.0,471.9252065537014,470.985258187225,472.3771654550944,473.5813811857019,487.5108462551706,483.5598429771256,482.656172282201,485.54476934369156,484.99531610685917,4439.5157784235,81.57941395168271,81.57941395168273,60.0,0.0,60.0,60.0,16.0,16.0,19.0,16.0,16.0,12.0,21.0,10.0,1.0,0.0,0.0,0.0,1500.795039014884,0.0,0.0,0.0,0.0,0.0,0.0,0.0,0.0,81.57941395168271,81.57941395168271,0.17,0.38286289593476588,0.18014068700982978,81.57941395168271,0.17713239097194376,0.0,0.00082 
 03/12  16:00:00,11.12,73.0,1.09,64.0,610.0,0.0,0.0,0.0,0.0,0.0,0.0,0.0,0.0,0.0,0.0,872.0,0.0,1904.7046483196146,38.8290329418117,99.49893121932822,57.11181763496602,1520.1263929762525,0.0,38.82903294181168,53.082231845036847,0.0,0.0,20.764434004139468,287.7956000585036,23.56438438889561,-824.9239629180893,20.506049718309215,-9.173658431975128,20.60316535915318,121.03333109475352,17.388033278240877,41.114608427400558,22.95654055974756,-460.307250253878,18.922055478845949,260.88993384951666,16.869257864994308,192.62717852570303,18.369032289303648,229.76154750724346,498.8037475127385,23.733227725602775,0.0,0.0,0.0,0.0,0.0,0.0,0.0,0.0,0.0,0.0,0.0,0.0,0.0,0.0,0.0,0.0,0.0,0.0,0.0,0.0,0.0,0.0,0.8821056216471177,0.26926301027079299,300.2031125204531,359.8764314753663,6320.30035726922,0.07849948594050665,0.01198099602266585,267.34248357862529,319.6514778500461,5973.806251894388,1.7788396831356677,0.33613750626146418,342.1133779045417,410.8386876619552,6843.006029717097,0.2303201526588083,0.043522326655103599,205.86645833577689,247.31610944254767,4161.808069619452,0.0,0.0,9.708070619174963,11.793503681407131,130.3213586150457,0.0,0.0,95.03177955065272,113.67897078167461,2120.109853365671,0.0,0.0,274.4473323379989,331.0121262406519,4822.604337259012,0.0,0.0,39.9641295945967,48.59408384281399,513.5627396615021,0.0,0.0,130.16844078655033,157.5369542622565,2030.180277632132,24.756531348739438,16.979788305033915,451.376768034178,542.9436256128306,9121.815592657738,0.0,0.0,161.01773043713096,194.2154097947046,2829.1387302800169,0.0,21.494803766111738,34.389371644634007,21.0,30.0,0.0,22.188370289424556,33.021550137044339,16.0,30.0,78.52910800692891,20.931381328318005,35.60538991461823,21.0,30.0,0.0,21.04320730960171,35.33256111689677,16.0,30.0,0.0,17.648781833285434,42.77257864127115,12.0,30.0,0.0,22.152824180264838,32.513097182001988,19.0,30.0,0.0,19.734154474901027,37.753064706942257,10.0,30.0,0.0,17.362607323193026,43.6534677402946,16.0,30.0,0.0,18.73728713162351,40.05767723195173,16.0,30.0,0.0,20.5437119828293,0.0,0.0,0.0,19.719638237718635,0.0,0.0,471.53427462077158,470.5229291760147,471.45496769529196,471.9851451992354,485.488385485995,482.0005707618024,481.5437849795837,483.75260774401115,483.4246496022738,5184.753161981463,81.08661193355889,81.08661193355889,60.0,0.0,60.0,60.0,16.0,16.0,19.0,16.0,16.0,12.0,21.0,10.0,1.0,0.0,0.0,0.0,78.52910800692891,0.0,0.0,0.0,0.0,0.0,0.0,0.0,0.0,81.08661193355889,81.08661193355889,0.17,0.3097844405257359,0.18014068700982978,81.08661193355889,0.17713239097194376,0.0,0.0008400000000000001 
 03/12  16:10:00,11.059999999999999,74.0,1.0383333333333336,60.66666666666667,586.0,0.0,0.0,0.0,2.0,0.0,0.0,0.0,0.0,0.0,4.0,1748.0,0.0,1801.787491662409,36.285007650257139,92.97984207303149,54.02587636780113,1437.9890848788223,0.0,36.28500765025712,49.60435639683013,0.0,0.0,20.768847317967976,250.39571079813869,23.512381559388698,-799.7416284228484,21.3388728386507,-823.3627464109843,20.616712405932068,423.8875552782223,17.422937352631533,30.12540719110305,23.18915978748604,-52.69146071251055,18.741141693666849,40.17179114118039,16.888981517453549,177.78595592326605,18.384502563969155,171.56030993147966,530.6535689952998,-6.067550625845342,0.0,0.0,0.0,0.0,0.0,0.0,0.0,0.0,0.0,0.0,0.0,0.0,0.0,0.0,0.0,0.0,0.0,0.0,0.0,0.0,0.0,0.0,0.9907122213620212,0.302415207985965,268.4018313474325,322.1035476590637,5675.879928844802,0.1191773073606752,0.01818945472537778,256.3007009871515,306.8866495123827,5737.380597738793,1.2666710556433357,0.2393558306204339,276.2715023945861,330.71191229203807,6165.679449904785,0.2521661546137622,0.04765044493835262,273.82945313628968,328.79562341477506,5601.812971529737,0.0,0.0,7.39805353163617,8.995820345137395,100.4498837493143,0.0,0.0,12.206932591060842,14.589977088019559,284.52384343982069,0.0,0.0,167.6697271729677,202.74939675460394,2835.417781849633,0.0,0.0,37.56368210091973,45.72554159163003,488.19337087552557,0.0,0.0,105.98885439516823,128.446132486179,1664.928600063874,24.9719040620676,17.127506215409885,489.7856605648874,589.1945577575366,10035.879015662282,0.0,0.0,134.38475356215293,162.33591507792534,2361.134681880466,0.0,21.47441638168368,34.56917214965999,21.0,30.0,0.0,22.145088757748615,33.33050015107254,16.0,30.0,643.961302312758,22.094080810389447,34.05050044900365,21.5,30.0,0.0,21.095964446622909,35.84718300402947,16.0,30.0,0.0,17.665437928795769,42.81528747982923,12.0,30.0,0.0,22.600652136263787,33.364175424051129,19.0,30.0,0.0,19.328812581089339,38.90560829594038,10.0,30.0,0.0,17.37519936263906,43.730745858060547,16.0,30.0,0.0,18.73137875565712,40.1848840088444,16.0,30.0,0.0,20.66803305056202,0.0,0.0,0.0,19.654488766475525,0.0,0.0,470.7385212306576,474.86995148376198,515.7428840633033,499.141691892509,484.5109779367664,573.5220826705195,478.87291324903807,482.5642383793026,482.11887297453958,1965.1539412943408,83.35784056605631,83.35784056605631,1744.0,0.0,1744.0,1744.0,16.0,16.0,19.0,16.0,16.0,12.0,21.0,10.0,1.0,0.0,0.0,0.0,643.961302312758,0.0,0.0,0.0,0.0,0.0,0.0,0.0,0.0,83.35784056605631,83.35784056605631,0.085,0.1931918853758919,0.09007034350491489,83.35784056605631,0.08856619548597188,0.0,0.024997333333333334 
 03/12  16:20:00,11.0,75.0,0.9866666666666668,57.33333333333333,562.0,0.0,0.0,0.0,2.0,0.0,0.0,0.0,0.0,0.0,4.0,874.0,0.0,1699.9775229773437,33.78519645290243,86.57405433361324,50.97313432154044,1356.7354196327656,0.0,33.78519645290241,46.18692496747529,0.0,0.0,20.757931394170048,265.43868928433678,23.48253507612291,-767.7268048519063,21.30080457799892,-791.2214302673137,20.79092481465846,341.0625081360449,17.452508610467498,26.76693231599424,23.541718578311444,-70.27247933469016,18.60164132922946,125.76001037133983,16.89008026919767,164.7396123159915,18.358136406675006,131.69033242136517,553.484387249071,-18.79420580192027,0.0,0.0,0.0,0.0,0.0,0.0,0.0,0.0,0.0,0.0,0.0,0.0,0.0,0.0,0.0,0.0,0.0,0.0,0.0,0.0,0.0,0.0,1.0758269029069603,0.3283964905088401,276.4550086800215,331.4179075398911,5861.161982612297,0.13745414909579627,0.02097896048470639,261.7546814552171,313.0225069069339,5896.340892813923,1.0066910250376369,0.1902288407100599,282.2457978938401,337.7543503463536,6303.329063784864,0.23461940952212557,0.044334733469789399,286.010839863341,343.0287371253627,6008.099973121885,0.0,0.0,7.331533198215249,8.904602148026195,100.61944858998075,0.0,0.0,13.159616323946266,15.670893166575727,323.4002495468199,0.0,0.0,146.73241158685978,177.36525478954395,2427.479601050244,0.0,0.0,35.55633806266636,43.23343447870904,465.1698562020196,0.0,0.0,86.797930383323,105.08469988574965,1361.5522580896448,25.062608859262264,17.18971801046795,508.0935507687187,610.5341519147597,10571.386966400314,0.0,0.0,113.03968141520122,136.42323868967777,1978.6737905619723,0.0,21.436158908359404,34.860395299845588,21.0,30.0,0.0,22.15290564470571,33.519658862559257,16.0,30.0,0.0,22.026680063899947,34.48664881018185,21.0,30.0,0.0,21.367872996013309,35.625718486094608,16.0,30.0,0.0,17.676237802596814,42.937635432541018,12.0,30.0,0.0,23.193532667586689,34.531355473137399,19.0,30.0,0.0,19.090167969755208,39.62638108954832,10.0,30.0,0.0,17.355953614344949,43.97269461638867,16.0,30.0,0.0,18.657665811195114,40.53277850249022,16.0,30.0,0.0,20.788591787400124,0.0,0.0,0.0,19.562368465121275,0.0,0.0,478.3942800983699,482.36214290347979,521.4663766670103,513.4545010821679,484.23840009719,693.2248733039191,479.0602205649488,483.1107973137924,482.4358514741142,0.0,83.54134650683237,83.54134650683237,1744.0,0.0,1744.0,1744.0,16.0,16.0,19.0,16.0,16.0,12.0,21.0,10.0,1.0,0.0,0.0,0.0,0.0,0.0,0.0,0.0,0.0,0.0,0.0,0.0,0.0,83.54134650683237,83.54134650683237,0.0,0.0,0.0,83.54134650683237,0.0,0.0,0.02577244444444445 
 03/12  16:30:00,10.94,76.0,0.935,54.0,538.0,0.0,0.0,0.0,2.0,0.0,0.0,0.0,0.0,0.0,4.0,874.0,0.0,1596.1556892717713,31.28987742834434,80.17978329010355,47.860068404289069,1273.876116401072,0.0,31.289877428344327,42.7756346789064,0.0,0.0,20.776478633297729,269.63202926970009,23.455657442913258,-716.3713588275232,21.4123708837406,-760.2370001951413,20.84023134614475,349.03669201526648,17.478823962826817,24.135175478327,23.742079078427847,-85.27116494420165,18.567294852852294,129.84383798213049,16.883967511254299,151.57171877258782,18.32804740714655,109.62410890432125,568.974490524457,-16.240567790637898,0.0,0.0,0.0,0.0,0.0,0.0,0.0,0.0,0.0,0.0,0.0,0.0,0.0,0.0,0.0,0.0,0.0,0.0,0.0,0.0,0.0,0.0,1.1462078760806965,0.34988030405393669,284.4726155053463,340.98926701953158,6072.38057069796,0.1501779121579501,0.0229209267640339,267.7846552349981,320.18388046340626,6075.475755852956,0.8641760669225009,0.16329857651596775,273.1054189831584,326.5143119741464,6205.200555035323,0.2227417593520861,0.0420902795449898,273.93271785094546,328.32828186898817,5820.097857456892,0.0,0.0,7.297457068992586,8.862195296196669,101.16886556794725,0.0,0.0,14.621311960779638,17.38764432988458,370.6472214058057,0.0,0.0,137.0629281485136,165.67900819057707,2264.2978906914006,0.0,0.0,33.93624249115203,41.26113673278039,446.031908897571,0.0,0.0,78.92577497225571,95.54880913818227,1236.087249091624,25.160177484823213,17.256637506737463,505.5137668216888,607.0790562275304,10678.530918603734,0.0,0.0,103.948651475947,125.44021863357776,1819.5391555378322,0.0,21.446743312552934,35.297494263071907,21.0,30.0,0.0,22.173747281472815,33.9654058433382,16.0,30.0,0.0,22.16016461650271,34.716301241595008,21.0,30.0,0.0,21.4305382654155,36.06173995732875,16.0,30.0,0.0,17.684620893764327,43.1748215074245,12.0,30.0,0.0,23.538083118156714,35.25526483391964,19.0,30.0,0.0,19.017990319756345,40.2861623099234,10.0,30.0,0.0,17.32508388813676,44.63105169864142,16.0,30.0,0.0,18.58555400837708,41.24111448782219,16.0,30.0,0.0,20.874563194889583,0.0,0.0,0.0,19.501373951781099,0.0,0.0,493.24345212297939,498.6440037054422,538.6470448849491,531.017558486946,487.32671671313735,756.1921275854838,489.2216388365991,494.8361761044762,493.5844030375173,0.0,83.54134650683237,83.54134650683237,1744.0,0.0,1744.0,1744.0,16.0,16.0,19.0,16.0,16.0,12.0,21.0,10.0,1.0,0.0,0.0,0.0,0.0,0.0,0.0,0.0,0.0,0.0,0.0,0.0,0.0,83.54134650683237,83.54134650683237,0.0,0.0,0.0,83.54134650683237,0.0,0.0,0.026547555555555555 
 03/12  16:40:00,10.879999999999999,77.0,0.8833333333333334,48.166666666666667,504.1666666666667,0.0,0.0,0.0,2.0,0.0,0.0,0.0,0.0,0.0,4.0,437.0,0.0,1461.626412647409,27.66341340121414,70.88699125708343,43.826252238351958,1166.509502844656,0.0,27.663413401214127,37.817983414341338,0.0,0.0,20.802939068348289,268.96911765890766,23.398691124769905,-710.1328613612495,21.489977501333557,-796.6918780485175,20.892493938623266,332.5101367093139,17.505048533725739,23.941545664025627,23.880381118655025,-93.24210017265432,18.55680472147935,134.47955199409354,16.88360312639995,152.0940554908475,18.309565224080197,117.03300124386215,568.7501726250885,-4.135485384073036,0.0,0.0,0.0,0.0,0.0,0.0,0.0,0.0,0.0,0.0,0.0,0.0,0.0,0.0,0.0,0.0,0.0,0.0,0.0,0.0,0.0,0.0,1.1638972547625693,0.35527999229626658,287.65876707173558,343.9770054801942,6190.283685777222,0.15245037795414366,0.023267762203013379,270.6232027562321,322.8334697583276,6168.027721301486,0.868545001859317,0.16412415001120887,276.0080679189838,329.1239875016617,6341.352692466884,0.22352080849650184,0.04223749215731326,276.38787553572788,330.40324853205808,5945.247735348432,0.0,0.0,7.300984156174607,8.846150560207672,102.31266223141664,0.0,0.0,14.763302360282916,17.489133988467385,383.5216360065395,0.0,0.0,137.41101451806908,165.73705939001833,2279.6653645233884,0.0,0.0,33.830031977512167,41.04009439052078,447.80873178991757,0.0,0.0,79.44133424448119,95.96534982562244,1247.401407309269,25.14727421611287,17.24778752819813,511.2582893237802,612.4891276798078,10886.42678494512,0.0,0.0,104.43551741365373,125.75945899747151,1829.043199066264,0.0,21.469496929207187,35.532017213978097,21.0,30.0,0.0,22.161229880898384,34.2344649414964,16.0,30.0,0.0,22.224812186856739,34.81639599301201,21.0,30.0,0.0,21.500117581125744,36.20362681389052,19.0,30.0,0.0,17.696049325097435,43.51070045224261,12.0,30.0,0.0,23.796187798520874,35.98577031254501,19.0,30.0,0.0,18.989066303521953,40.6329232263532,10.0,30.0,0.0,17.308456870097289,45.13241206550144,16.0,30.0,0.0,18.542138400458165,41.730948219564968,16.0,30.0,0.0,20.897363540558734,0.0,0.0,0.0,19.441588047229293,0.0,0.0,503.33660295628865,507.8612573683788,547.158992643436,541.7638281727545,493.4378758262113,806.4052944491291,495.62864526501758,505.0311404839262,502.73113775055585,0.0,83.54134650683237,83.54134650683237,1744.0,0.0,1744.0,1744.0,16.0,19.0,19.0,16.0,16.0,12.0,21.0,10.0,1.0,0.0,0.0,0.0,0.0,0.0,0.0,0.0,0.0,0.0,0.0,0.0,0.0,83.54134650683237,83.54134650683237,0.0,0.0,0.0,83.54134650683237,0.0,0.0,0.02732266666666667 
 03/12  16:50:00,10.82,78.0,0.8316666666666667,42.33333333333334,470.3333333333333,0.0,0.0,0.0,2.0,0.0,0.0,0.0,0.0,0.0,4.0,437.0,0.0,1329.2427437660238,24.081829951838328,61.709213266183237,39.85677246727933,1060.8552911049422,0.0,24.081829951838317,32.92168730217648,0.0,0.0,20.810486041270335,255.24392578917287,23.33362110889616,-668.0021633425258,21.55279625191001,-801.7742591396382,20.92681012240549,329.1094914358491,17.529015513829536,23.35430112456976,23.92999011265253,-99.20109869040982,18.559330170955989,134.10629267468358,16.887081852928448,147.71122292453198,18.303476114222549,113.9537308939166,571.0868175520773,12.727692707063398,0.0,0.0,0.0,0.0,0.0,0.0,0.0,0.0,0.0,0.0,0.0,0.0,0.0,0.0,0.0,0.0,0.0,0.0,0.0,0.0,0.0,0.0,1.1816129578088984,0.3606877160588823,279.2393210697696,333.9053731584666,6034.2884774731169,0.1615986460933637,0.02466401802401766,261.55737916603348,312.0062862535064,5987.890159379286,0.8708456641192102,0.16455889344656283,273.09191675894246,325.5684418384816,6332.959830785475,0.22132889024507028,0.041823297476392708,272.69154391441387,325.91896144007458,5919.123505282711,0.0,0.0,7.33170940820444,8.882310922637349,103.76383444225208,0.0,0.0,15.12451368388249,17.906559649601787,397.80087785738479,0.0,0.0,137.87014120327093,166.27923896084764,2302.341034096921,0.0,0.0,33.59704743434691,40.75460690569682,448.23536292601599,0.0,0.0,80.03834661949073,96.68367663139533,1263.4213948232217,25.161398970420249,17.257475288354084,499.1795005883495,597.9140945291472,10730.092783540731,0.0,0.0,104.93558052687283,126.37781888335428,1836.6116838822769,0.0,21.451590996789215,35.719602009953167,21.0,30.0,0.0,22.15067070838275,34.4104460103894,16.0,30.0,0.0,22.27249656130772,34.88131437008625,21.0,30.0,0.0,21.53847746399906,36.261653968788987,19.0,30.0,0.0,17.704344595889329,43.7727005034075,12.0,30.0,0.0,23.902138416861957,36.415679652418059,19.0,30.0,0.0,18.98262510766913,40.9124986413438,10.0,30.0,0.0,17.29932606115396,45.49999687795172,16.0,30.0,0.0,18.522438687806689,42.07909698674568,16.0,30.0,0.0,20.921733135729796,0.0,0.0,0.0,19.374255513946257,0.0,0.0,507.8209894231092,510.21623140060708,550.0126260598095,545.6585696199149,498.7272298295732,828.8998505023209,503.27402747085406,513.3013952663363,510.3656926123939,0.0,83.54134650683237,83.54134650683237,1744.0,0.0,1744.0,1744.0,16.0,19.0,19.0,16.0,16.0,12.0,21.0,10.0,1.0,0.0,0.0,0.0,0.0,0.0,0.0,0.0,0.0,0.0,0.0,0.0,0.0,83.54134650683237,83.54134650683237,0.0,0.0,0.0,83.54134650683237,0.0,0.0,0.027225777777777784 
 03/12  17:00:00,10.76,79.0,0.78,36.5,436.5,0.0,0.0,0.0,2.0,0.0,0.0,0.0,0.0,0.0,4.0,437.0,0.0,1199.7825926603969,20.548964731771414,52.65628356847009,35.974954384821597,957.5343233237779,0.0,20.548964731771404,28.09199270303746,0.0,0.0,20.826915294259718,253.45049156421738,23.25437814571435,-642.4554725512844,21.607132104133805,-815.6474638,20.961367612145496,334.4183109992191,17.552246186937766,22.943841632278635,23.93954083693861,-101.64094556386988,18.559163089749867,128.26299925586137,16.89039373489129,142.90379668560468,18.300043938015038,110.18600749207462,572.7074298847183,31.868833486349105,0.0,0.0,0.0,0.0,0.0,0.0,0.0,0.0,0.0,0.0,0.0,0.0,0.0,0.0,0.0,0.0,0.0,0.0,0.0,0.0,0.0,0.0,1.215488147956645,0.3710281281918941,281.22171923541887,336.24826265193527,6112.530141390406,0.16825515943009143,0.025679969387987095,262.9457889762109,313.66526699362728,6036.290160978559,0.7948803930839546,0.15020415591155612,276.1162666255827,329.103799235819,6453.811088965314,0.22053628563068243,0.04167352336180694,274.48629606496976,327.99043103139408,6014.043516234083,0.0,0.0,7.2990604146204369,8.841681159745395,104.31096642753207,0.0,0.0,15.341592938168992,18.15740555332568,406.8074805328722,0.0,0.0,138.57278148731346,167.1204742852604,2326.942086130369,0.0,0.0,33.4113974268469,40.5265537198866,449.25114040515987,0.0,0.0,81.34737759658214,98.25985031030455,1291.721353125041,25.18090926426783,17.270856834202907,503.7012322576997,603.2532250478888,10903.536894178114,0.0,0.0,106.20603716590122,127.92939388513493,1854.97063273241,0.0,21.452925929913549,35.886338753960327,21.0,30.0,0.0,22.120846932888129,34.69131753873653,16.0,30.0,0.0,22.308510251413524,35.0171580124484,21.0,30.0,0.0,21.581137183867246,36.34358283807029,19.0,30.0,0.0,17.712174777062356,44.05104014982572,12.0,30.0,0.0,23.951586298599929,36.77644889362844,19.0,30.0,0.0,18.967936170828098,41.19298290214413,10.0,30.0,0.0,17.29021462419801,45.870093271283398,16.0,30.0,0.0,18.50818369289427,42.430233898988287,16.0,30.0,0.0,20.937672360606844,0.0,0.0,0.0,19.29419913209585,0.0,0.0,510.64616259181488,519.0727081960577,558.4560605652997,548.683262973662,505.10057443775727,842.9826802659699,509.8418449517568,521.3478525685912,518.434458576378,0.0,83.54134650683237,83.54134650683237,1744.0,0.0,1744.0,1744.0,16.0,19.0,19.0,16.0,16.0,12.0,21.0,10.0,1.0,0.0,0.0,0.0,0.0,0.0,0.0,0.0,0.0,0.0,0.0,0.0,0.0,83.54134650683237,83.54134650683237,0.0,0.0,0.0,83.54134650683237,0.0,0.0,0.027128888888888895 
 03/12  17:10:00,10.463333333333333,79.66666666666667,0.8283333333333334,30.666666666666666,402.66666666666665,0.0,4.0,0.0,0.0,0.0,0.0,0.0,0.0,0.0,0.0,2622.0,0.0,1074.1931167435344,17.068595635986094,43.7378832491964,32.20919807203737,857.302516031575,0.0,17.06859563598608,23.334064285772127,0.0,0.0,20.8828550920621,266.47982579147108,23.170598728909899,-653.9454741880093,21.20187615928053,-247.21205861774576,20.99720155726181,-36.69292454317905,17.583579448461994,40.575711655834229,23.51033074125557,-860.6815217070008,18.984295213342074,527.9388247818488,16.90630678663141,163.82792966953995,18.33008169770342,209.44646885594237,510.31894748155477,161.73355162444202,0.0,0.0,0.0,0.0,0.0,0.0,0.0,0.0,0.0,0.0,0.0,0.0,0.0,0.0,0.0,0.0,0.0,0.0,0.0,0.0,0.0,0.0,1.0784116546505978,0.3291854867675817,322.61040027907429,387.26430443337429,7248.324682156257,0.16154191358649168,0.024655359216497507,226.65019195368786,271.3720391310133,5326.030000447328,1.636286732133912,0.3092000627615102,110.75283328387975,132.94296942329886,2578.5759288778256,0.20719248539513755,0.039152019160078887,13.625099779500547,16.357097283015205,309.8682093625781,0.0,0.0,10.958873380390914,13.323580000004523,163.7050846029078,0.0,0.0,120.29122880960876,143.50031805349253,3089.4341906014408,0.0,0.0,304.31953811042038,367.17600936261206,5798.188252564195,0.0,0.0,39.17118854732415,47.6768786151568,551.7776161334377,0.0,0.0,141.11903259190906,170.98405012072505,2342.0799207507359,25.493154053389867,17.48501649752392,284.5906460629554,342.6956822053663,6393.490855217522,0.0,0.0,172.34707214004176,208.22125945167285,3144.1712174050355,0.0,21.531868289274195,36.31434786999451,20.999999999999998,30.0,0.0,22.099181094746628,35.081904568043217,15.999999999999999,30.0,0.0,21.70262224712039,35.97956097482787,20.999999999999998,30.0,0.0,21.533581056198533,39.50688118014613,18.999999999999998,30.0,0.0,17.73656638767848,44.63039250041964,11.999999999999997,30.0,0.0,23.193714008752218,33.961323590884067,15.999999999999999,30.0,0.0,19.80387904174336,41.16909432435817,9.999999999999999,30.0,0.0,17.30877123753353,46.71332348269533,15.999999999999999,30.0,0.0,18.563300860619738,43.4781630867763,15.999999999999999,30.0,0.0,20.605463249052649,0.0,0.0,0.0,19.37312931098242,0.0,0.0,527.2424899245727,519.9930986924607,528.8527044321576,721.4917603753763,523.9115121590678,615.4588719729034,588.5182072183923,547.8480668554827,557.6400799404346,0.0,83.54134650683236,83.54134650683236,161.99999999999998,0.0,161.99999999999998,161.99999999999998,16.0,19.0,16.0,16.0,16.0,12.0,21.0,10.0,1.0,0.0,0.0,0.0,0.0,0.0,0.0,0.0,0.0,0.0,0.0,0.0,0.0,83.54134650683236,83.54134650683236,0.0,0.0,0.0,83.54134650683236,0.0,0.0,0.002511 
 03/12  17:20:00,10.166666666666668,80.33333333333334,0.8766666666666668,24.833333333333333,368.8333333333333,0.0,4.0,0.0,0.0,0.0,0.0,0.0,0.0,0.0,0.0,874.0,0.0,953.85318814391,13.644595378778183,34.96393631865503,28.600848341983274,761.2603324145579,0.0,13.644595378778176,18.653196344431746,0.0,0.0,20.85716212139679,218.19881943550633,23.005055810085019,-674.9250976272617,20.86150817081301,-20.86786115245467,20.97519062792273,-47.27683746142104,17.6261568260461,41.261811638206598,23.01954747319158,-556.1865933524551,19.09911726074382,249.0072845136802,16.944131932005154,168.18442258036959,18.403742159427606,202.97816828584025,503.1228426944791,224.12811666589057,0.0,0.0,0.0,0.0,0.0,0.0,0.0,0.0,0.0,0.0,0.0,0.0,0.0,0.0,0.0,0.0,0.0,0.0,0.0,0.0,0.0,0.0,1.1287027107433967,0.3445368469912689,266.5596290335727,319.4656434134431,6105.389242128978,0.1604351666567917,0.024486441797434638,234.89962651424589,280.98281348037326,5584.984074253089,2.1272222962752855,0.40196944374060597,108.50920978504357,129.9868711011133,2458.4845890054177,0.16965290192446939,0.03205837148988461,12.845852190089828,15.355364650054348,297.3413822933469,0.0,0.0,10.293711214699452,12.492110705681448,160.9698300156433,0.0,0.0,106.29326778042281,126.93044471528973,2643.808375681645,0.0,0.0,304.5968853322951,366.8851609541743,6054.568116027638,0.0,0.0,40.886282587452388,49.67660681522679,605.5945569842437,0.0,0.0,151.9406597917471,183.7760697162479,2649.194427761371,25.72903107485008,17.646797719375923,228.74215155885407,275.13691677976979,5244.8484228656939,0.0,0.0,185.4014701250385,223.6917865093754,3499.6047434278755,0.0,21.43709031325325,36.643016082361558,21.000000000000008,30.000000000000008,0.0,21.93001848884221,35.68364563642285,16.000000000000005,30.000000000000008,0.0,21.163039506478467,37.681400869056087,21.000000000000008,30.000000000000008,0.0,21.45869419727797,44.47031777843034,19.000000000000005,30.000000000000008,0.0,17.78030516876251,45.44375271219353,12.000000000000004,30.000000000000008,0.0,22.479790442564778,34.684555372310729,16.000000000000005,30.000000000000008,0.0,19.919588496030934,40.466817230131159,10.000000000000002,30.000000000000008,0.0,17.36609246742195,47.550692233828758,16.000000000000005,30.000000000000008,0.0,18.68406101169446,43.85240319262235,16.000000000000005,30.000000000000008,0.0,20.321810947506046,0.0,0.0,0.0,19.39858424747228,0.0,0.0,523.0045201605202,519.9082148473356,549.2127217861314,988.2592128409466,550.8690369227682,574.5351961623575,569.1811461794519,577.2189859810326,579.5899059753555,0.0,83.54134650683239,83.54134650683239,162.00000000000007,0.0,162.00000000000007,162.00000000000007,16.0,19.0,16.0,16.0,16.0,12.0,21.0,10.0,1.0,0.0,0.0,0.0,0.0,0.0,0.0,0.0,0.0,0.0,0.0,0.0,0.0,83.54134650683239,83.54134650683239,0.0,0.0,0.0,83.54134650683239,0.0,0.0,0.002547 
 03/12  17:30:00,9.870000000000001,81.0,0.925,19.0,335.0,0.0,4.0,0.0,0.0,0.0,0.0,0.0,0.0,0.0,0.0,437.0,0.0,788.787110000687,11.110123568501783,28.469367760633828,23.651410286563796,629.5227236627857,0.0,11.110123568501777,15.18838122942711,0.0,0.0,20.808205972175054,195.8648172553585,22.773275611907815,-689.657411973827,20.72622470182344,83.69596384476972,20.953047258348446,-60.95938109883991,17.65499084868742,38.71885384081088,22.711755298902277,-449.0844845509441,19.07017047931942,230.9766158347702,16.974201400306105,167.14609746147017,18.440601287198314,181.9457198569071,468.41511596741295,227.17568209759885,0.0,0.0,0.0,0.0,0.0,0.0,0.0,0.0,0.0,0.0,0.0,0.0,0.0,0.0,0.0,0.0,0.0,0.0,0.0,0.0,0.0,0.0,1.1816714203848913,0.36070556177804988,239.85474524263234,286.86032868202377,5585.365785855544,0.16715953546232205,0.025512749612686515,232.9422882757646,278.23416361105407,5565.991212239295,2.4266839260408319,0.4585570532956978,177.15931629102588,212.06819366209715,4052.305323028997,0.12857314094639536,0.02429575603673381,19.19937523443099,22.902574250586566,451.103134642992,0.0,0.0,9.840241460024997,11.91170544585199,160.32402478047386,0.0,0.0,97.91954135763297,116.7892011884877,2425.812440304019,0.0,0.0,283.5079502480606,340.8002873893381,5745.643188328969,0.0,0.0,40.32017662738145,48.869293997352489,625.212046062386,0.0,0.0,137.36193707054486,165.73211076904819,2491.790139810422,25.941369365469777,17.792434407043748,217.5103960390886,261.1801634523201,5061.47939175718,0.0,0.0,169.90721186080399,204.62378470304879,3267.9426841896249,0.0,21.31320109384799,37.12640776648146,21.0,30.0,0.0,21.675806233680708,36.540847300709639,16.0,30.0,36.84698111467471,21.00098071907381,38.5124606567979,21.0,30.0,0.0,21.394992072247484,46.10118494286212,19.0,30.0,0.0,17.80076980016906,45.79136409980234,12.0,30.0,0.0,22.119468174249169,35.35266536101294,16.0,30.0,0.0,19.80829425361493,40.865271071814699,10.0,30.0,0.0,17.40651840541878,47.45334627801464,16.0,30.0,0.0,18.730743969225658,43.64667419766189,16.0,30.0,0.0,20.104062654966794,0.0,0.0,0.0,19.270263535784154,0.0,0.0,523.5663067778869,525.4525573971608,566.5239525929512,1055.3047444508287,560.2132695695817,565.6345559387257,568.2388607993307,574.6210905279354,573.5046496655344,7768.929575832211,82.86793454995206,82.86793454995206,162.0,0.0,162.0,162.0,16.0,19.0,16.0,16.0,16.0,12.0,21.0,10.0,1.0,0.0,0.0,0.0,36.84698111467471,0.0,0.0,0.0,0.0,0.0,0.0,0.0,0.0,82.86793454995206,82.86793454995206,0.34,0.615513618340838,0.36028137401965956,82.86793454995206,0.3542647819438875,0.0,0.0025830000000000004 
 03/12  17:40:00,9.573333333333335,81.66666666666666,0.9733333333333334,15.833333333333334,279.1666666666667,0.0,4.0,0.0,0.0,0.0,0.0,0.0,0.0,0.0,0.0,1752.0,0.0,609.7414363710157,8.754125750846598,22.43215344617577,18.28280503217999,486.62819413205457,0.0,8.754125750846594,11.96755359329752,0.0,0.0,20.834928949788194,216.24551379301284,22.64281744253032,-449.89293768951577,21.20162113962787,-574.8583404045644,20.95615147058331,-43.00607741979981,17.67213922797032,35.170945831456808,22.492096857719639,-411.4766867750441,19.055308190638479,191.5786427125613,16.977249945093975,140.95406420503026,18.436614775508845,117.61755001242591,531.6316152778945,237.47207886513594,0.0,0.0,0.0,0.0,0.0,0.0,0.0,0.0,0.0,0.0,0.0,0.0,0.0,0.0,0.0,0.0,0.0,0.0,0.0,0.0,0.0,0.0,1.2638797344998625,0.3857996747557578,297.79752554369568,357.29209670427368,7136.857933999714,0.224344561211107,0.0342406228954681,147.86071892291694,177.2852182193256,3624.138288946088,1.8884385413745757,0.35684779693397136,185.14037130951068,221.84540568858209,4651.952978779221,0.15931453121048,0.030104786698881324,14.052288722802924,16.841541666166447,339.83724066518956,0.0,0.0,9.64156988611369,11.711302750291046,162.85174940997298,0.0,0.0,91.56373915162919,109.64677333227742,2295.5231276786687,0.0,0.0,272.1272772052714,328.34825114764166,5637.804618903681,0.0,0.0,38.94014048702709,47.36481478675082,626.018913819601,0.0,0.0,131.34124165067355,159.04100404292263,2453.094613676767,26.54228998937267,18.20458847007728,255.25628351242114,307.4401598452162,6107.309316515219,0.0,0.0,162.51401624811485,196.51112892763215,3171.529707435771,0.0,21.35145847840103,37.58795130271882,21.0,30.0,0.0,21.688959708376208,36.91958187884207,21.0,30.0,1149.684461766782,21.830424933295505,36.844309684342537,21.5,30.0,0.0,21.39071540320258,47.203097012438238,19.0,30.0,0.0,17.80008244549241,45.922305949757198,12.0,30.0,0.0,21.969305080793484,35.746439092013698,16.0,30.0,0.0,19.736060273035166,41.05358149213551,10.0,30.0,0.0,17.391393109745008,47.46931847845597,16.0,30.0,0.0,18.700657785087935,43.71512918622257,16.0,30.0,0.0,20.213162483901784,0.0,0.0,0.0,19.111347345448736,0.0,0.0,546.5185752348789,547.007180964076,563.1603247412922,1115.112452025491,561.5511000836937,563.8809648061128,562.9408802748387,569.2627751508715,567.4593903008278,4020.511930374346,82.41289596523127,82.41289596523127,162.0,0.0,162.0,162.0,21.0,19.0,16.0,16.0,16.0,12.0,21.0,10.0,1.0,0.0,0.0,0.0,1149.684461766782,0.0,0.0,0.0,0.0,0.0,0.0,0.0,0.0,82.41289596523127,82.41289596523127,0.17,0.3829820809373131,0.18014068700982978,82.41289596523127,0.17713239097194376,0.0,0.0026190000000000004 
 03/12  17:50:00,9.276666666666668,82.33333333333334,1.0216666666666668,12.666666666666668,223.33333333333338,0.0,4.0,0.0,0.0,0.0,0.0,0.0,0.0,0.0,0.0,878.0,0.0,441.879988450444,6.542098124766228,16.763875269656688,13.249555915688758,352.65970395577235,0.0,6.542098124766225,8.943544124115358,0.0,0.0,20.811980027544544,175.02055622075296,22.520480236959139,-504.38315145819208,20.69675962376606,-110.47007931189364,20.958565264519444,-54.59884928162151,17.685203385129947,33.70967698523498,22.235028614770465,-366.9353067501045,19.036249297813688,189.888191391462,16.967875181900824,134.65248953946753,18.409418482761916,103.81735624270005,520.0672113178539,271.9766215058894,0.0,0.0,0.0,0.0,0.0,0.0,0.0,0.0,0.0,0.0,0.0,0.0,0.0,0.0,0.0,0.0,0.0,0.0,0.0,0.0,0.0,0.0,1.281654646029427,0.3912254719259546,273.99982714209468,328.58730117652785,6693.143858010108,0.2152275431174752,0.032849136617441269,178.71856019228387,213.85348805253825,4482.798854737966,2.277205128551745,0.43031087085255978,179.24150729989658,215.01633078024819,4311.329232067115,0.139472864700452,0.02635541661006273,18.089456630412696,21.61202858537412,446.7322947546771,0.0,0.0,9.554610532761565,11.592682502645998,167.1209303600013,0.0,0.0,89.40220297052622,107.01812159917506,2255.371953577237,0.0,0.0,270.37371286555597,325.92191880071018,5731.235748651283,0.0,0.0,39.17240152543545,47.59531556568362,651.3305044139804,0.0,0.0,130.28058708997154,157.60190231441556,2497.9143244978374,26.795566980950235,18.37830382781224,237.51192937290265,285.92919703820726,5824.13980624265,0.0,0.0,161.74556596557074,195.45407274872387,3205.092454782948,0.0,21.278366141262745,37.95580342202115,21.0,30.0,0.0,21.676444224598137,37.055892879037568,21.0,30.0,56.58133782688666,20.9966814654909,39.33585176051518,21.0,30.0,0.0,21.382485784668199,48.341634766757127,19.0,30.0,0.0,17.795004229121063,46.1154974752451,12.0,30.0,0.0,21.738346521023467,36.32144665579339,16.0,30.0,0.0,19.671142390738085,41.29986907306951,10.0,30.0,0.0,17.361139203654966,47.59827940951739,16.0,30.0,0.0,18.64354167029707,43.92164850910065,16.0,30.0,0.0,20.101017778143704,0.0,0.0,0.0,18.955165860053115,0.0,0.0,552.7817889391627,546.8207242122041,592.2787247679339,1172.360744568091,562.4010754353278,562.4546355927589,562.5688396137639,564.8530324516905,564.3059457381377,4415.933883328024,82.15146549708102,82.15146549708102,162.0,0.0,162.0,162.0,21.0,19.0,16.0,16.0,16.0,12.0,21.0,10.0,1.0,0.0,0.0,0.0,56.58133782688666,0.0,0.0,0.0,0.0,0.0,0.0,0.0,0.0,82.15146549708102,82.15146549708102,0.17,0.30887012084371776,0.18014068700982978,82.15146549708102,0.17713239097194376,0.0,0.0026910000000000004 
 03/12  18:00:00,8.98,83.0,1.07,0.0,0.0,0.0,4.0,0.0,0.0,0.0,0.0,0.0,0.0,0.0,0.0,1760.0,0.0,0.0,0.0,0.0,0.0,0.0,0.0,0.0,0.0,0.0,0.0,20.83742025858207,216.47122792436859,22.21949327124093,-346.91262566753616,21.17997379065503,-641.6382218643532,20.953814929800573,-47.88408197686084,17.673456311797425,31.371219059538576,21.886191456811234,-333.07359960840815,19.00563907387123,163.29195419383223,16.95304829932393,117.86476725612812,18.375432573065216,68.20514785508863,536.7666175606973,292.27951979330217,0.0,0.0,0.0,0.0,0.0,0.0,0.0,0.0,0.0,0.0,0.0,0.0,0.0,0.0,0.0,0.0,0.0,0.0,0.0,0.0,0.0,0.0,1.361226885038345,0.4155149221728771,280.19518599659,336.22866154123087,7039.199009789492,0.24697082320441406,0.03769395958553329,117.9709660975974,141.56988354728194,3002.5392135934746,2.0044840325243777,0.3787762722079325,193.45299612314319,231.78002403167756,5090.954008656354,0.1648120647139616,0.031143625229395609,15.27059106627695,18.29858574821165,387.1705365668846,0.0,0.0,9.463084397121874,11.495422177872176,170.74193200838898,0.0,0.0,85.2451560082797,102.23567066685743,2165.7494973343534,0.0,0.0,266.1460795309075,321.28488202735596,5757.666348623483,0.0,0.0,38.321594604815498,46.62275211496834,657.6519158519373,0.0,0.0,128.89529394527356,156.13911486213073,2533.26223220609,27.239854654222876,18.68302788355479,229.88211264059178,277.0760678742069,5797.615815528628,0.0,0.0,159.61051594286716,193.21805569527738,3201.804219083896,0.0,21.316752800508455,38.28069134781798,21.0,30.0,0.0,21.554889306069943,37.79847867759596,21.0,30.0,1204.1425056904628,21.819717705500375,37.505091072674947,21.5,30.0,0.0,21.37527427089016,48.38702543125686,19.0,30.0,0.0,17.768425232150059,46.31379947635301,12.0,30.0,0.0,21.522512283968969,36.90472852472353,16.0,30.0,0.0,19.58746550340681,41.68439231164296,10.0,30.0,0.0,17.32510490212693,47.7897209986827,16.0,30.0,0.0,18.581632783316146,44.18595238325609,16.0,30.0,0.0,20.032097265185017,0.0,0.0,0.0,18.77377694722909,0.0,0.0,571.6190937463939,568.821983934442,590.9142415081096,1167.621831694711,562.4634685796747,562.4156908205209,563.7699506680951,562.9822022765203,562.614696404683,4952.642650468815,82.37629094682615,84.18338984736671,162.0,0.0,162.0,162.0,21.0,19.0,16.0,16.0,16.0,12.0,21.0,10.0,1.0,0.0,0.0,0.0,1204.1425056904628,0.0,0.0,0.0,0.0,0.0,2734.722578652616,1640833.5471915696,2138941.6296140409,82.37629094682615,84.21408038585453,0.17615741928842056,0.38262949605471899,0.18014068700982978,84.21408038585453,0.17713239097194376,2138941.6296140409,0.11398796473993013 
 03/12  18:10:00,8.661666666666667,84.0,1.0933333333333333,0.0,0.0,0.0,0.0,0.0,0.0,0.0,0.0,4.0,0.0,0.0,0.0,1764.0,0.0,0.0,0.0,0.0,0.0,0.0,0.0,0.0,0.0,0.0,0.0,21.103006791289638,-392.4105410023517,22.33876519066807,-70.88199275594836,21.239887441022796,-1091.0521246303416,20.777942874370877,65.16714701869296,17.675178728108933,28.365867058037538,21.646674360179984,-299.4992992772328,18.96402317950841,166.11919890427954,16.92631856580728,102.949017093826,18.32365806603403,33.629894014395407,639.5795228488541,317.3329843963147,0.0,0.0,0.0,0.0,0.0,0.0,0.0,0.0,0.0,0.0,0.0,0.0,0.0,0.0,0.0,0.0,0.0,0.0,0.0,0.0,0.0,0.0,1.3613560269338335,0.41555434277589539,293.638666822532,351.6308870455008,7714.5312883757319,0.17696398718451324,0.027009155553191886,21.94483661368223,26.301644193842639,590.1797302928735,2.0928368105310994,0.39547180849038168,501.2599111879564,600.6895779548751,13272.021541842623,0.2862514681816797,0.05409135831097498,305.7313893804768,366.92870944217256,7722.902525258762,0.0,0.0,9.382218429113476,11.396309407578823,174.8856654390205,0.0,0.0,82.10829195849994,98.53563315062115,2102.5794261112516,0.0,0.0,268.0425997486451,323.6007632301228,5921.424051527282,0.0,0.0,38.453902156754939,46.78942340050381,680.6048981050097,0.0,0.0,131.13358354837835,158.8928044366891,2638.596846598331,27.782471503931715,19.055193075398987,503.2736024330995,606.1966484702708,12552.053366016058,0.0,0.0,161.34739708447737,195.4442049304463,3273.7152711137707,817.7539124144502,21.53567535043145,42.27536193251309,21.5,30.0,0.0,21.92825949406383,39.77114262153883,21.0,30.0,1612.9972294495806,21.71829185282148,41.23775520045132,21.5,30.0,0.0,21.11518196620743,44.300005287358647,16.0,30.0,0.0,17.740637436960669,46.708120929628197,12.0,30.0,0.0,21.294963876559,38.16227168301766,16.0,30.0,0.0,19.489174681969318,43.62393435649376,10.0,30.0,0.0,17.267297983279545,48.394183980904987,16.0,30.0,0.0,18.489164939600479,44.98464603046719,16.0,30.0,0.0,20.276941893777928,0.0,0.0,0.0,18.56018981302362,0.0,0.0,830.106303636706,729.8682799418914,796.7103037115758,884.2551253708796,568.8257745296982,593.6007359780484,639.274100402056,571.3862551230192,576.8833425898218,8891.85965166479,82.1253645429054,83.82711395283562,240.0,0.0,240.0,240.0,21.0,16.0,16.0,16.0,16.0,12.0,21.0,10.0,1.0,0.0,817.7539124144502,0.0,1612.9972294495806,0.0,0.0,0.0,0.0,0.0,2575.4525232058365,1545271.5139235019,2007033.1638078318,82.1253645429054,83.85601530723659,0.34084841744019458,0.7685978498496254,0.36028137401965956,83.85601530723659,0.3542647819438875,2007033.1638078318,0.10856572451800724 
 03/12  18:20:00,8.343333333333334,85.0,1.1166666666666668,0.0,0.0,0.0,0.0,0.0,0.0,0.0,0.0,4.0,0.0,0.0,0.0,1323.0,0.0,0.0,0.0,0.0,0.0,0.0,0.0,0.0,0.0,0.0,0.0,20.92226888864986,-188.8821484271638,22.54663182339513,-143.26238200536649,20.825216457567419,-285.37385638254809,20.709772579804175,65.75507231774188,17.68857186841926,27.676815048978946,21.44948730937722,-245.85558619920546,18.97662203530153,125.45684567654699,16.905290404114113,99.41770961353461,18.274716365200207,28.38850935201116,525.183795770657,402.59617580867737,0.0,0.0,0.0,0.0,0.0,0.0,0.0,0.0,0.0,0.0,0.0,0.0,0.0,0.0,0.0,0.0,0.0,0.0,0.0,0.0,0.0,0.0,1.3931350375382406,0.42525489546344327,134.9027970579629,161.79198996471866,3559.7895865919056,0.11987020229280482,0.01829520792014725,29.009592459773264,34.593333898339469,825.160663741241,2.5804869342846707,0.4876203579525076,195.5430032439829,234.74375378655953,5163.463166298787,0.29015368399541249,0.05482873847230013,116.58565679159031,140.0183204607395,3016.1870860840256,0.0,0.0,9.206159540093024,11.180857020071305,177.49262415229914,0.0,0.0,78.68759008917029,94.44272385952579,2037.306050905773,0.0,0.0,273.0925350510184,329.5875028794353,6206.2803724279169,0.0,0.0,39.480689364194038,48.024433623109619,721.1824755357936,0.0,0.0,138.3753887529619,167.62585800209303,2853.0353535369588,28.193725687766049,19.33726041684914,192.5093229111242,232.1018575380703,5155.058543227753,0.0,0.0,169.9196623667624,205.83761286788087,3502.095499625937,144.27164239553736,21.331641259908858,41.79572176402,20.999999999999994,29.99999999999999,0.0,22.361053358252908,42.20727599983581,20.999999999999994,29.99999999999999,20.38151078759972,21.17875188090782,40.5840690470752,20.999999999999994,29.99999999999999,0.0,21.048729247627067,42.250169385194038,15.999999999999993,29.99999999999999,0.0,17.73364725507076,47.37740103377427,11.999999999999995,29.99999999999999,0.0,21.107106160545017,39.46198690517366,15.999999999999993,29.99999999999999,0.0,19.481394629082403,43.86829847537379,9.999999999999997,29.99999999999999,0.0,17.223228232011424,49.52726940565574,15.999999999999993,29.99999999999999,0.0,18.41025214051549,46.16415583098106,15.999999999999993,29.99999999999999,0.0,19.785979814817247,0.0,0.0,0.0,18.39215856710815,0.0,0.0,769.6219734993417,926.9999545758883,674.9433516549329,756.4619626420821,590.5840967025713,635.864234647159,645.8195758162037,608.4767299674729,616.678125258464,2103.2446626353837,84.18902026599027,84.18902026599027,239.99999999999992,0.0,239.99999999999992,239.99999999999992,21.0,16.0,16.0,16.0,16.0,12.0,21.0,10.0,1.0,0.0,144.27164239553736,0.0,20.38151078759972,0.0,0.0,0.0,0.0,0.0,0.0,0.0,0.0,84.18902026599027,84.18902026599027,0.1133333333333333,0.20474830426516045,0.12009379133988647,84.18902026599027,0.11808826064796245,0.0,0.004240000000000001 
 03/12  18:30:00,8.025,86.0,1.1400000000000002,0.0,0.0,0.0,0.0,0.0,0.0,0.0,0.0,4.0,0.0,0.0,0.0,1768.0,0.0,0.0,0.0,0.0,0.0,0.0,0.0,0.0,0.0,0.0,0.0,21.262863097300177,-432.19582240526827,22.619533512539787,-176.40107442964809,21.3191007790299,-881.9827872189812,20.718735144431546,347.2682509073977,17.707691703199033,26.1490166631409,21.300060350052126,-230.14177925091293,18.947836818334055,168.59930232017178,16.882510012565939,86.16130073361211,18.223719408233543,0.025828523364225476,637.1311897404926,445.70769697097196,0.0,0.0,0.0,0.0,0.0,0.0,0.0,0.0,0.0,0.0,0.0,0.0,0.0,0.0,0.0,0.0,0.0,0.0,0.0,0.0,0.0,0.0,1.428161741845161,0.4359468076450431,195.3003628602798,233.85890030991505,5465.3900225534939,0.11352558893530999,0.01732686033811203,33.109541983334739,39.525914417838198,971.9789819608997,2.621586418093607,0.49538670032003176,290.9249236472894,348.329068773836,8219.036374537396,0.3348156566811197,0.06326826467897194,246.0018288801628,295.0742860016952,6567.442251577337,0.0,0.0,9.339724309629246,11.344761432643292,186.1987058916891,0.0,0.0,77.29895847951298,92.84891769665134,2032.2114114922518,0.0,0.0,274.71419467458886,331.69161132141229,6395.289817062807,0.0,0.0,39.31633617334907,47.84590257271209,740.0633073334287,0.0,0.0,139.02308890624676,168.50679216083939,2933.962708645601,28.901457447434774,19.822673146388739,299.88193453384897,361.21352750969649,8068.322690486889,0.0,0.0,170.29142248365117,206.49188740124183,3554.9152586506399,724.4186127059973,21.799449859003564,39.96045814460001,21.75,30.0,0.0,22.540452590480855,42.733235367662157,21.0,30.0,1576.4064354120147,21.89491639776549,39.2954076490079,21.5,30.0,0.0,21.13677678396637,41.1742365414603,16.0,30.0,0.0,17.735986747488977,47.9499447138797,12.0,30.0,0.0,20.980301505953795,40.41432542366563,16.0,30.0,0.0,19.433969070786128,44.47340231205664,10.0,30.0,0.0,17.175031395644547,50.42223627508336,16.0,30.0,0.0,18.327433739986714,47.06442109109516,16.0,30.0,0.0,19.985579754582778,0.0,0.0,0.0,18.196965967058874,0.0,0.0,727.3835936591185,974.4509238221505,702.0043905446105,704.1806970960696,610.8171042254405,665.1485614564437,663.6251670216987,635.5896345807694,642.1831270214905,6057.552782031224,82.90430686482554,84.71915127185702,240.0,0.0,240.0,240.0,21.0,16.0,16.0,16.0,16.0,12.0,21.0,10.0,1.0,0.0,724.4186127059973,0.0,1576.4064354120147,0.0,0.0,0.0,0.0,0.0,2746.431653785409,1647858.9922712453,2141164.5074453877,82.90430686482554,84.74997335475837,0.26154772179284699,0.5755373895723708,0.27021103051474468,84.74997335475837,0.2656985864579156,2141164.5074453877,0.11562055438716015 
 03/12  18:40:00,7.706666666666667,87.0,1.1633333333333334,0.0,0.0,0.0,0.0,0.0,0.0,0.0,0.0,4.0,0.0,0.0,0.0,3987.0,0.0,0.0,0.0,0.0,0.0,0.0,0.0,0.0,0.0,0.0,0.0,21.124435283801327,-340.2091869015897,22.631206783019218,-299.77312226231899,20.835348288343846,-131.09370835196379,20.69363954330273,24.42260598993431,17.730837892477234,22.596354732356788,21.169461243661784,-205.09607374352277,18.928469762169315,103.8043663804826,17.843121318909064,-7.023306578050022,18.16424713987533,-31.321366792571089,424.4679511850288,475.83505756051496,0.0,0.0,0.0,0.0,0.0,0.0,0.0,0.0,0.0,0.0,0.0,0.0,0.0,0.0,0.0,0.0,0.0,0.0,0.0,0.0,0.0,0.0,1.5099703967816352,0.46091892453651986,118.61528580797085,142.16892725860346,3328.121434968884,0.014243929004206537,0.002173981838248861,43.93897513181569,52.46854895108973,1319.7233953705359,2.822159307365644,0.5332878509761247,117.49900187142849,141.15553720886306,3276.1437587249395,0.30423873488808297,0.05749031271505736,80.33313161670634,96.6813241490738,2192.526370008036,0.0,0.0,8.587979808836689,10.438401424836892,176.95117919718053,0.0,0.0,77.39844366210922,93.05402006604115,2068.5027527562767,0.0,0.0,261.2513161859834,315.7431226099036,6217.336709284246,0.0,0.0,21.880046393928333,26.57318179824334,475.7033900633709,0.0,0.0,147.24042460838059,178.62729104543417,3175.8235531038737,28.88953214163858,19.81449392430635,130.9261139939008,158.1807725777861,3819.8606804328417,0.0,0.0,164.2882820793542,199.50050667736287,3472.7614706418537,622.2870464713899,21.285991209972275,41.267905849490997,21.333333333333383,30.000000000000076,0.0,22.60570445906225,42.294036401686017,21.00000000000005,30.000000000000076,0.0,21.1240177624191,41.086388615089578,21.00000000000005,30.000000000000076,0.0,21.068616527490407,41.54752249191239,16.00000000000004,30.000000000000076,0.0,17.745156861124899,48.52125648072782,12.000000000000032,30.000000000000076,0.0,20.87360571172166,41.31755454072447,19.00000000000005,30.000000000000076,0.0,19.36789082845083,45.171928521361198,10.000000000000025,30.000000000000076,1299.2341638589954,18.639946360023744,46.547644994758019,20.700000000000054,30.000000000000076,0.0,18.23432566298698,48.013953505611777,16.00000000000004,30.000000000000076,0.0,19.22726456797917,0.0,0.0,0.0,17.999760218002565,0.0,0.0,722.7954185400811,951.7188033901193,693.5547862788176,713.3338634193435,631.6733855465121,692.0478727804286,682.1664815808745,655.062173846045,666.1363223475413,9148.283418351635,81.95586186634852,82.77617089919905,240.0000000000006,0.0,240.0000000000006,240.0000000000006,21.0,16.0,19.0,16.0,19.7,12.0,21.0,10.0,1.0,0.0,622.2870464713899,0.0,0.0,0.0,0.0,0.0,1299.2341638589954,0.0,1241.3638896823232,744818.3338093917,964490.3145281372,81.95586186634852,82.79010246981594,0.3436010185449671,0.7690841081770308,0.36028137401966056,82.79010246981594,0.3542647819438884,964490.3145281372,0.05447349635546314 
 03/12  18:50:00,7.388333333333334,88.0,1.1866666666666666,0.0,0.0,0.0,0.0,0.0,0.0,0.0,0.0,4.0,0.0,0.0,0.0,1772.0,0.0,0.0,0.0,0.0,0.0,0.0,0.0,0.0,0.0,0.0,0.0,21.4043719752588,-832.428469302859,22.597416890720355,-240.5099245113547,21.152172696947333,-423.35226494190877,20.549906706010206,192.9802775321191,17.757295626192886,21.833419548654974,21.043582097594745,-191.17658377984595,18.92988282234318,128.12330471326596,18.983140231829965,-87.05338239160045,18.088481914832707,-50.497475374794479,642.7313413020129,581.6388205484357,0.0,0.0,0.0,0.0,0.0,0.0,0.0,0.0,0.0,0.0,0.0,0.0,0.0,0.0,0.0,0.0,0.0,0.0,0.0,0.0,0.0,0.0,1.4384201422606884,0.43907818750326269,276.53389650069377,331.2682878371742,8031.736909358375,0.04980718553907626,0.007601829294730808,39.05812490620675,46.61498352927714,1199.417666274394,2.9626894530284018,0.5598430561278162,307.9711786503623,368.55381207157907,8981.817291428139,0.3418084156944452,0.06458964771248019,187.4863247935794,224.88760887626257,5139.750154758596,0.0,0.0,8.915923046357678,10.828580016958677,189.82226432008316,0.0,0.0,74.38929219313289,89.41098234614523,2019.929208560044,0.0,0.0,266.2040541652249,321.47464565718738,6507.90521319703,0.0,0.0,24.748648461636205,29.740370672328554,666.9581878858737,0.0,0.0,166.5192851286882,201.9282323738511,3661.1583712788626,29.450234053200537,20.199063136625889,323.1770845863872,389.05888166090167,9005.814103628412,0.0,0.0,173.0530671952714,210.03526870444527,3727.0798864480905,892.5080249268965,21.70804111383847,39.584384028557767,21.5,30.0,0.0,22.605516671131576,41.97686339494688,21.0,30.0,1272.395002871654,21.531049586798074,39.9936769098077,21.5,30.0,0.0,20.853864612811614,41.96175567601263,16.0,30.0,0.0,17.76091186004076,49.07848541049688,12.0,30.0,0.0,20.75906791016211,41.8819741637717,19.0,30.0,0.0,19.36664275174845,45.338944303580188,10.0,30.0,1181.514825178126,20.57744224244965,41.62729128972542,20.7,30.0,0.0,18.115616804498715,48.82982744111692,16.0,30.0,0.0,19.828922547423397,0.0,0.0,0.0,17.869238104970969,0.0,0.0,687.300545716584,928.2459300292426,685.4818160955736,702.5795343068363,652.1799647837875,701.0297173026968,685.7881947260062,670.0982627804664,681.2268424931938,10544.363931742368,81.03267706908145,84.57575221463623,240.0,0.0,240.0,240.0,21.0,16.0,19.0,16.0,19.7,12.0,21.0,10.0,1.0,0.0,892.5080249268965,0.0,1272.395002871654,0.0,0.0,0.0,1181.514825178126,0.0,5361.920264889553,3217152.1589337328,4169356.5023544544,81.03267706908145,84.63592539281003,0.3487306754963185,0.7672133835036238,0.36028137401965956,84.63592539281003,0.3542647819438875,4169356.5023544544,0.2210332047890983 
 03/12  19:00:00,7.07,89.0,1.21,0.0,0.0,0.0,0.0,0.0,0.0,0.0,0.0,4.0,0.0,0.0,0.0,2216.0,0.0,0.0,0.0,0.0,0.0,0.0,0.0,0.0,0.0,0.0,0.0,21.15520159915123,-121.90295357934729,22.581579067147197,-277.9361834724616,20.85580661914343,-457.96446712332587,20.59469273137418,116.96439042977691,17.786154826987983,20.103353547235817,20.934590578489293,-187.0700304245703,18.85208544415825,72.15914529574403,18.751994249679684,-65.68490104943227,18.020532066011918,-62.293759674289869,540.8032430674527,602.8173762910856,0.0,0.0,0.0,0.0,0.0,0.0,0.0,0.0,0.0,0.0,0.0,0.0,0.0,0.0,0.0,0.0,0.0,0.0,0.0,0.0,0.0,0.0,1.561550191938724,0.4766636727529683,128.41888592541489,154.33509231221979,3706.307535823074,0.019516876952941087,0.002978766323708957,45.12085845325768,53.848695810672769,1415.0945915512508,2.8009960864912779,0.5292887540610882,195.25791441807787,234.63617650491174,5694.0160490582979,0.3207652804823544,0.060613242721533327,173.39153163228199,208.51908362189602,4894.481766007781,0.0,0.0,8.464633454936987,10.282181505565572,186.06268932448379,0.0,0.0,76.18510838828769,91.61124804893359,2104.0952698050998,0.0,0.0,258.9620126895934,312.98737143734936,6417.656081902353,0.0,0.0,27.097157048829638,32.65436029724604,722.1191811270832,0.0,0.0,168.6582834867784,204.68986022042265,3786.0406380333149,29.649206092201817,20.335532299178209,210.1495540707336,253.86851251435463,6145.739073133102,0.0,0.0,172.67805527584927,209.78057768041175,3780.342028896084,428.00340657761719,21.23800896455611,41.38411142264263,21.200000000000004,30.0,0.0,22.625470328407709,41.89562373511292,21.0,30.0,89.53077347128012,21.197500020891309,40.698157462560107,21.0,30.0,0.0,20.9554292027481,41.517748399490439,16.0,30.0,0.0,17.780946670172989,49.43805983071784,12.000000000000002,30.0,0.0,20.666706480901607,42.3521418132991,19.0,30.0,0.0,19.20678810448278,46.048400153100768,10.0,30.0,37.971139712117409,20.12798367578527,43.164688748661067,19.7,30.0,0.0,18.016894260281675,49.3163994020214,16.0,30.0,0.0,19.438934534172188,0.0,0.0,0.0,17.720507224780417,0.0,0.0,721.2102956985568,927.216385468784,681.3962648304841,692.235460965255,665.7638297785272,708.8750953714866,694.660640163044,682.1706524111506,685.4526441257618,3586.83197034579,81.83452951039134,81.83452951039134,240.0,0.0,240.0,240.0,21.0,16.0,19.0,16.0,19.7,12.0,21.0,10.0,1.0,0.0,428.00340657761719,0.0,89.53077347128012,0.0,0.0,0.0,37.971139712117409,0.0,0.0,0.0,0.0,81.83452951039134,81.83452951039134,0.136,0.2781314125065323,0.14411254960786383,81.83452951039134,0.141705912777555,0.0,0.0041333333333333339 
 03/12  19:10:00,6.880000000000001,89.5,1.2083333333333333,0.0,0.0,0.0,0.0,1.0,2.0,0.0,0.0,4.0,0.0,0.0,0.0,1776.0,0.0,0.0,0.0,0.0,0.0,0.0,0.0,0.0,0.0,0.0,0.0,21.406160532737368,-412.70390095470386,22.54899758961905,-209.5337432572773,21.365178118076544,-1028.594878047507,20.63815375986878,398.6358155074954,17.815075595253825,16.40559712680222,20.973993844008804,-21.25109222752586,18.749902063961618,46.28880712526711,19.07555742907147,-110.52440058713882,17.944687940616036,-94.89825117686223,712.7407318952935,630.3029072019608,0.0,0.0,0.0,0.0,0.0,0.0,0.0,0.0,0.0,0.0,0.0,0.0,0.0,0.0,0.0,0.0,0.0,0.0,0.0,0.0,0.0,0.0,1.5281374702638302,0.46646442926246348,188.48754593882178,225.67164551306446,5720.786139082058,0.10907409855564668,0.016647450939506517,35.34467730755093,42.197711713277097,1124.3840527496548,2.7406244729747106,0.5178806638274209,304.28997745049068,364.36508667119338,9309.187108214315,0.35652351282643165,0.06737027831187294,276.1033536968369,331.39248819917176,7975.3142551798759,0.0,0.0,8.000454700954414,9.712901927912704,179.32395282360236,0.0,0.0,11.990927347821714,14.404488690380436,339.21682462600816,0.0,0.0,196.81468801067639,237.96261076611246,4877.94683385366,0.0,0.0,30.64498527839981,36.837723446920538,854.2351305588267,0.0,0.0,163.82710226393938,198.84158970374308,3704.5373552297944,30.33951752251896,20.80899692902536,315.2616518028582,379.9453995836436,9198.975029183237,0.0,0.0,167.92873619171022,204.10075424096096,3667.0821378956727,469.5004531584757,21.786749463153464,39.626806687718829,21.75,30.0,0.0,22.61804127762145,41.924118869695558,21.0,30.0,1727.6991299524182,21.9075897596897,38.895272460193549,21.5,30.0,0.0,21.08751896861925,40.9821592873411,16.0,30.0,0.0,17.801496961423469,49.751987449518058,12.0,30.0,0.0,20.81137977396382,44.01268016490482,19.0,30.0,0.0,19.00925707986849,46.721041564036529,10.0,30.0,959.7291311790746,20.575592178264018,42.99347407930131,20.7,30.0,0.0,17.902664485282995,49.94754000674665,16.0,30.0,0.0,19.827570315609039,0.0,0.0,0.0,17.495306438455459,0.0,0.0,701.8471216554008,928.2433986317283,678.3056920514573,682.8421290543574,678.1209396582115,822.6418836267832,696.5757762605878,741.8596153055872,694.5747801261014,9093.775364743387,81.99182620567405,85.49235322089635,270.0,0.0,270.0,270.0,21.0,16.0,19.0,16.0,19.7,12.0,21.0,10.0,1.0,0.0,469.5004531584757,0.0,1727.6991299524182,0.0,0.0,0.0,959.7291311790746,0.0,5297.59862386871,3178559.174321226,4142648.073062064,81.99182620567405,85.55180379056699,0.3465866207956237,0.7668160728669764,0.36028137401965956,85.55180379056699,0.3542647819438875,4142648.073062064,0.2199626997992274 
 03/12  19:20:00,6.69,90.0,1.2066666666666668,0.0,0.0,0.0,0.0,1.0,2.0,0.0,0.0,4.0,0.0,0.0,0.0,1778.0,0.0,0.0,0.0,0.0,0.0,0.0,0.0,0.0,0.0,0.0,0.0,21.18843024713906,-167.60493656755058,22.530382342115265,-273.9389581222046,21.273553667490089,-1077.3118721878464,20.59591739577953,101.37188931561389,17.84400958021577,14.878157966402278,21.07969608827419,-5.894218577921066,18.63270351194297,-34.38847373973249,18.95807326777927,-85.3528587222076,17.854173091536937,-128.37681447397359,699.543510812422,598.6421632067361,0.0,0.0,0.0,0.0,0.0,0.0,0.0,0.0,0.0,0.0,0.0,0.0,0.0,0.0,0.0,0.0,0.0,0.0,0.0,0.0,0.0,0.0,1.6280979881258615,0.49697740785282709,204.15384884861209,244.6986781258649,6125.648481017031,0.015911389604373405,0.0024284782668457579,46.57844113365692,55.59470135397999,1496.0524700922329,2.777254530157805,0.5248024433404773,323.4299835878892,387.19768194528975,9880.226934441405,0.3219890522566834,0.06084449211199609,172.50607511450017,206.9150144025157,5007.880635190733,0.0,0.0,6.974956737240193,8.468581222455722,159.35499760494973,0.0,0.0,13.37375818937035,16.048776420231378,389.2872029963281,0.0,0.0,181.28433161337908,219.3554615464465,4487.041497274561,0.0,0.0,29.14241859303473,35.09469887525943,796.3167224115837,0.0,0.0,155.1053152938245,188.33858861793517,3526.049618916186,30.21835034728464,20.725891870565609,328.73021538135506,395.93931644323006,9647.69865969467,0.0,0.0,159.1130387785094,193.54446924729883,3459.0434715041758,463.65256698100247,21.290987858829629,41.13687583191147,21.25,30.0,0.0,22.62023347388157,41.558495946852428,21.0,30.0,1618.5144181937567,21.60003151307368,39.210684635834969,21.5,30.0,0.0,20.961607622205663,41.71384950930357,16.0,30.0,0.0,17.823658872698915,50.14634233000528,12.0,30.0,0.0,21.03634882333785,45.849074486254419,19.0,30.0,0.0,18.793281381105265,47.787251848893529,10.0,30.0,317.5389454783096,20.12662504621961,45.08339421405506,19.7,30.0,0.0,17.76607036861252,50.92484557967674,16.0,30.0,0.0,19.796120802519704,0.0,0.0,0.0,17.247550620128896,0.0,0.0,717.9284920845734,910.7683035750949,659.5716736235366,705.3096338157154,695.4130657784069,958.6680536822271,715.4985778726165,784.4548099730737,716.7023364197295,7504.731913825774,81.7973477444512,83.84342417195423,270.0,0.0,270.0,270.0,21.0,16.0,19.0,16.0,19.7,12.0,21.0,10.0,1.0,0.0,463.65256698100247,0.0,1618.5144181937567,0.0,0.0,0.0,317.5389454783096,0.0,3095.8948991047725,1857536.9394628634,2405664.576180479,81.7973477444512,83.87817334220083,0.27319649663682579,0.5395236120057023,0.27021103051474468,83.87817334220083,0.2656985864579156,2405664.576180479,0.12963955796138494 
 03/12  19:30:00,6.5,90.5,1.205,0.0,0.0,0.0,0.0,1.0,2.0,0.0,0.0,4.0,0.0,0.0,0.0,1335.0,0.0,0.0,0.0,0.0,0.0,0.0,0.0,0.0,0.0,0.0,0.0,21.1981926977286,-218.2775774860716,22.497072536595839,-245.1490089113127,20.918170041763948,-487.781103776627,20.572477195336196,123.96954266906683,17.873117143037058,13.130444732114185,21.149034999648899,-20.310579791501703,18.56610281958367,26.238480485180835,19.191099387453869,-141.39902009062056,17.765568011965084,-136.55432408111296,704.2864808095858,693.7569138386338,0.0,0.0,0.0,0.0,0.0,0.0,0.0,0.0,0.0,0.0,0.0,0.0,0.0,0.0,0.0,0.0,0.0,0.0,0.0,0.0,0.0,0.0,1.5805242325408618,0.4824555044386023,182.27875448312575,218.65195230170316,5476.599292618546,0.05521493256776038,0.008427187510341937,42.90823334449799,51.188830994766508,1394.5126991588105,2.92884773057487,0.5534481728221599,266.0177058186792,319.25987835913807,7992.2295328214909,0.3367900999459788,0.06364136431329906,195.34460636080849,234.62626979507358,5732.69141173871,0.0,0.0,7.407530984315924,8.989350455688842,172.4843779997255,0.0,0.0,13.751416338620919,16.480232346486159,409.67776812514526,0.0,0.0,187.30271827545375,226.61035204589397,4674.993123494883,0.0,0.0,36.116760442353278,43.40346992599471,1030.558061825667,0.0,0.0,160.27153503233166,194.59936898738176,3666.0691586037139,30.582239747932087,20.97547307814272,277.2766790170888,334.3328856165404,8317.607956500822,0.0,0.0,164.78624260401467,200.42369579656799,3608.9227583270178,0.0,21.265287003563196,41.09170296404588,20.999999999999994,29.99999999999999,0.0,22.60176049627554,41.37193713059621,20.999999999999994,29.99999999999999,155.6886910550833,21.173513744971346,40.1713971586107,20.999999999999994,29.99999999999999,0.0,20.946970537502926,41.14284641484533,15.999999999999993,29.99999999999999,0.0,17.84753009251167,50.53743860590541,11.999999999999995,29.99999999999999,0.0,21.188387670629145,47.17862411032159,18.999999999999994,29.99999999999999,0.0,18.700126799070377,48.16239853073765,9.999999999999997,29.99999999999999,545.0744026524392,20.55278693675662,44.13832357924382,20.366666666666658,29.99999999999999,0.0,17.63927047742886,51.69953803101197,15.999999999999993,29.99999999999999,0.0,19.77502633365585,0.0,0.0,0.0,17.130670374544179,0.0,0.0,714.2965809225232,900.6914423463302,658.2848086870829,677.1611280190493,713.7680587195815,1053.2800604569073,720.243040718407,794.5863805578279,732.0654672500181,9065.434792968405,82.0107372944322,82.0107372944322,269.9999999999999,0.0,269.9999999999999,269.9999999999999,21.0,16.0,19.0,16.0,19.7,12.0,21.0,10.0,1.0,0.0,0.0,0.0,155.6886910550833,0.0,0.0,0.0,545.0744026524392,0.0,0.0,0.0,0.0,82.0107372944322,82.0107372944322,0.3399999999999999,0.7679731601313738,0.36028137401965945,82.0107372944322,0.35426478194388735,0.0,0.004545 
 03/12  19:40:00,6.3100000000000009,91.0,1.2033333333333334,0.0,0.0,0.0,0.0,1.0,2.0,0.0,0.0,4.0,0.0,0.0,0.0,1780.0,0.0,0.0,0.0,0.0,0.0,0.0,0.0,0.0,0.0,0.0,0.0,21.33940867427487,-166.35487046631725,22.463373005138437,-232.09954282406066,21.438211790585596,-1325.70078955952,20.61802093475102,357.26248921640856,17.90170336777033,11.753072057589162,21.181533646202867,-26.036762175833368,18.508852963180954,38.94109995890495,18.924570233367079,-86.64563499409567,17.686926304948249,-147.5549725479255,757.1073648649249,668.4683084061869,0.0,0.0,0.0,0.0,0.0,0.0,0.0,0.0,0.0,0.0,0.0,0.0,0.0,0.0,0.0,0.0,0.0,0.0,0.0,0.0,0.0,0.0,1.6495383524214309,0.5035220855987276,260.726394929002,312.46910193716328,8099.534626361498,0.10074687410061042,0.015376507036112705,41.422768960701777,49.468399926858939,1361.5802609774819,2.6708961004364677,0.504704478540527,375.6314864282813,450.0015910462764,11837.90388656908,0.34457077080416817,0.06511163469466519,248.38734859177704,298.2468108576223,7459.522748302129,0.0,0.0,7.37371636314996,8.949158919592794,174.9330728590192,0.0,0.0,14.295141747176889,17.133325782000705,433.7217261299276,0.0,0.0,185.5509669051176,224.64689699257344,4671.488301293461,0.0,0.0,31.863227608468443,38.417224817675009,881.5992742670524,0.0,0.0,156.72677219424237,190.46517424914897,3613.35891992959,30.979174422057264,21.247719082343818,386.57616563109897,465.87439241146788,11643.955429327976,0.0,0.0,160.7020149462343,195.6964339686385,3519.951227578576,615.150883055482,21.537149956927558,39.86179756087421,21.500000000000008,30.00000000000001,0.0,22.57729668192094,41.429546814995159,21.000000000000008,30.00000000000001,1941.988083091319,21.830125127964189,38.67911907901319,21.500000000000008,30.00000000000001,0.0,21.07780095167908,40.67756510717294,16.000000000000008,30.00000000000001,0.0,17.87219530130694,50.87520586224484,12.000000000000004,30.00000000000001,0.0,21.274313921859809,47.971753783832699,19.000000000000008,30.00000000000001,0.0,18.611291979415797,48.54948279200586,10.000000000000004,30.00000000000001,402.09811885637256,19.900756974983474,46.08991981157186,19.950000000000008,30.00000000000001,0.0,17.53268192464971,52.37061850183709,16.000000000000008,30.00000000000001,0.0,19.841415092453685,0.0,0.0,0.0,16.935074589831275,0.0,0.0,688.8121414050523,903.5210570959254,665.6487709105622,673.7226925015301,730.7556373122984,1107.8494706091377,726.9917992484793,802.4206586779675,746.0470799107934,9244.38670609962,81.89232637940961,83.68404808475529,270.0000000000001,0.0,270.0000000000001,270.0000000000001,21.0,16.0,19.0,16.0,19.7,12.0,21.0,10.0,1.0,0.0,615.150883055482,0.0,1941.988083091319,0.0,0.0,0.0,402.09811885637256,0.0,2711.4761551410767,1626885.693084646,2107727.0498837635,81.89232637940961,83.71447746741991,0.3453825385047027,0.7706288119952349,0.36028137401965967,83.71447746741991,0.35426478194388769,2107727.0498837635,0.1141468065939557 
 03/12  19:50:00,6.119999999999999,91.5,1.2016666666666667,0.0,0.0,0.0,0.0,1.0,2.0,0.0,0.0,4.0,0.0,0.0,0.0,1780.0,0.0,0.0,0.0,0.0,0.0,0.0,0.0,0.0,0.0,0.0,0.0,21.241122803077759,-105.52238155403984,22.442975381536664,-235.66376320373315,21.315787944132695,-1194.1608115383024,20.614618718397155,234.64712019538843,17.930147949439218,12.325785133301793,21.189017318317668,-27.161937938102399,18.480626513093325,-31.982439597125905,19.38223261343763,-179.33979419693123,17.603115412163164,-157.7585278340298,827.8757082502675,824.1463970956609,0.0,0.0,0.0,0.0,0.0,0.0,0.0,0.0,0.0,0.0,0.0,0.0,0.0,0.0,0.0,0.0,0.0,0.0,0.0,0.0,0.0,0.0,1.6499695279017015,0.5036537020456964,253.34274692915538,303.925961204456,7853.657800363532,0.08353592213957768,0.01274968286623591,43.24116057384631,51.63415341737353,1437.145300623589,2.7835368900803254,0.5259895861829792,413.982971025533,496.0327842344617,13076.66113756713,0.34192255866848766,0.06461121667960837,218.2889855245213,261.9500830578587,6625.055755022742,0.0,0.0,7.270001945128314,8.823794053648614,175.67143954835698,0.0,0.0,14.677242153087413,17.587701464162597,452.07239174653128,0.0,0.0,196.15407789454145,237.5787732415679,4987.548544866895,0.0,0.0,41.77836489761744,50.21959468053618,1234.6168967315148,0.0,0.0,172.80814820992135,210.10747968901519,4011.822191453608,31.194539185817157,21.39543154034099,418.2545048894161,503.87636841693566,12724.833911028974,0.0,0.0,177.81471796836659,216.5583829022949,3959.3793073625959,0.0,21.368508150425599,40.3024449040207,21.0,30.0,0.0,22.574525187045916,41.453525453510689,21.0,30.0,1444.5408364578089,21.60912499998535,39.06153009676456,21.5,30.0,0.0,21.0421326068208,40.96022211449946,16.0,30.0,0.0,17.898193682519524,51.18606131394084,12.0,30.0,0.0,21.313061628110068,48.55063392696936,19.0,30.0,0.0,18.542083977733257,48.97006788701507,10.0,30.0,615.7727968954077,20.672362628208999,43.98844393025596,20.2,30.0,0.0,17.41580652340666,52.98248927405285,16.0,30.0,0.0,20.016235474940318,0.0,0.0,0.0,16.91949601656195,0.0,0.0,697.0534282902099,909.4723864100978,664.7078612304496,688.2707453446456,747.6900591165533,1144.2392686804993,739.3671317064495,805.8534028942855,757.8165380257647,7477.056997594667,81.48448900685864,83.21812970710255,270.0,0.0,270.0,270.0,21.0,16.0,19.0,16.0,19.7,12.0,21.0,10.0,1.0,0.0,0.0,0.0,1444.5408364578089,0.0,0.0,0.0,615.7727968954077,0.0,2623.668655472164,1574201.1932832986,2041350.285263341,81.48448900685864,83.24757268148483,0.25745562184907219,0.5761478116658758,0.27021103051474468,83.24757268148483,0.2656985864579156,2041350.285263341,0.11066521483369372 
 03/12  20:00:00,5.93,92.0,1.2,0.0,0.0,0.0,0.0,1.0,2.0,0.0,0.0,4.0,0.0,0.0,0.0,1338.0,0.0,0.0,0.0,0.0,0.0,0.0,0.0,0.0,0.0,0.0,0.0,21.534577144149634,-839.5180890414283,22.4221125586889,-232.28100804395394,21.10334179272901,-174.89891760928865,20.550226825033275,-7.901718040770454,17.956737684253637,10.296196355098165,21.17943596161816,-36.05512006411905,18.461160437877568,52.35119510384664,19.059575135379086,-115.97361564156208,17.537855059691965,-158.37056415836845,744.783825400611,766.3666161319394,0.0,0.0,0.0,0.0,0.0,0.0,0.0,0.0,0.0,0.0,0.0,0.0,0.0,0.0,0.0,0.0,0.0,0.0,0.0,0.0,0.0,0.0,1.61229418676664,0.49215329266380999,226.27754094036346,270.57783636275499,7340.033932108208,0.09487249923188618,0.014479929675196315,41.49222367625292,49.52439945561035,1395.159651232981,3.197974844089487,0.6043036364492612,274.8871547691456,329.67468788131648,8680.57043397132,0.3521551105703585,0.0665448054743686,156.12802442111446,187.60577680496844,4763.43107253157,0.0,0.0,7.593216571725481,9.209959545871028,186.81665880922538,0.0,0.0,14.87835394129651,17.81866455172009,464.3066208144771,0.0,0.0,197.0661634794078,238.54674997880108,5088.079141211347,0.0,0.0,33.65648948209872,40.55213507322711,963.9774505501287,0.0,0.0,164.8859841268104,200.4291260330106,3866.3100145137748,31.4436761647368,21.566307383221426,283.1919531820439,341.5390836951447,8823.559128203347,0.0,0.0,168.76544272548396,205.5967030809054,3749.1359371739656,1210.055053339397,21.754045311466994,39.16201870920972,21.666666666666687,30.00000000000002,0.0,22.56887071307346,41.4993204612827,21.000000000000015,30.00000000000002,701.5674064835877,21.32587851564074,40.14064342009854,21.33333333333335,30.00000000000002,0.0,20.911847828886619,41.19658763429675,16.000000000000015,30.00000000000002,0.0,17.921884971062626,51.4268307857862,12.00000000000001,30.00000000000002,0.0,21.322250542559684,48.94071120703461,19.000000000000015,30.00000000000002,0.0,18.54089778037196,49.05588483851952,10.000000000000007,30.00000000000002,462.1848756292733,20.01274189396466,45.99166219910328,20.03333333333335,30.00000000000002,0.0,17.335317867545848,53.427750211922198,16.000000000000015,30.00000000000002,0.0,19.70335086631496,0.0,0.0,0.0,16.69665119736174,0.0,0.0,690.409008588432,915.5756845208697,686.2224019551422,687.1673679780921,762.0275852009565,1166.438116141556,744.8417353573004,816.5355673761213,766.4092194686635,8867.786139068929,82.14142462775848,82.14142462775848,270.0000000000002,0.0,270.0000000000002,270.0000000000002,21.0,16.0,19.0,16.0,19.7,12.0,21.0,10.0,1.0,0.0,1210.055053339397,0.0,701.5674064835877,0.0,0.0,0.0,462.1848756292733,0.0,0.0,0.0,0.0,82.14142462775848,82.14142462775848,0.3400000000000003,0.7689148906398244,0.3602813740196598,82.14142462775848,0.3542647819438878,0.0,0.004485 
 03/12  20:10:00,5.821666666666666,92.33333333333334,1.185,0.0,0.0,0.0,0.0,0.0,2.0,0.0,0.0,4.0,0.0,0.0,0.0,1784.0,0.0,0.0,0.0,0.0,0.0,0.0,0.0,0.0,0.0,0.0,0.0,21.09603251402285,-276.127160488307,22.389596064623825,-257.7964907414252,20.967225305577906,-502.95493366671306,20.465717931604119,181.6059348317142,17.98170757459826,11.160073679856403,21.2501095527372,-35.76541801734939,18.465242250407586,-39.74702999850274,18.844854114284403,-92.01477821792159,17.460792605215955,-187.1087969164637,689.0008125587053,833.6159115525252,0.0,0.0,0.0,0.0,0.0,0.0,0.0,0.0,0.0,0.0,0.0,0.0,0.0,0.0,0.0,0.0,0.0,0.0,0.0,0.0,0.0,0.0,1.6541046153358415,0.5049159387472044,181.943805031959,218.59029823592844,5721.605384649187,0.08661679264804147,0.013219901197808528,43.62197286464472,52.07456647990966,1473.1827038906804,3.0384168138414875,0.5741528370826697,244.9998260616748,294.2864104084964,7722.342688558714,0.3568151241806958,0.06742538249824182,200.02203888552189,240.55212135481649,6099.309389876672,0.0,0.0,7.299548187988242,8.859042834903896,181.50291559106646,0.0,0.0,15.140731351066844,18.13437674422317,478.6962825146478,0.0,0.0,204.97779829074035,248.2640500217609,5330.428544058168,0.0,0.0,30.760140047084748,37.10681540589992,871.0443559820126,0.0,0.0,175.03395408077993,212.92201716447495,4106.245170600225,31.54237232786796,21.634000224875149,259.3519928652165,313.2036778550567,8158.168330219794,0.0,0.0,178.89365298271046,218.09267310883883,3977.7556425421987,28.255632522285425,21.175328761254414,41.02563304499813,21.0,30.0,0.0,22.538413694415185,41.51408753682242,21.0,30.0,108.63173578751234,21.223783514885804,40.069341593995748,21.0,30.0,0.0,20.818441863042158,41.58944189750538,16.0,30.0,0.0,17.944443301823485,51.579526113374118,12.0,30.0,0.0,21.422495871015948,48.8382095014099,19.0,30.0,0.0,18.525600488299135,49.14922565941053,10.0,30.0,0.0,19.697495035081759,46.305182163979768,12.0,30.0,0.0,17.229638892398449,53.83659659473987,16.0,30.0,0.0,19.451793212437225,0.0,0.0,0.0,16.595226480143155,0.0,0.0,715.966160089402,917.0395257997143,676.5435131174062,698.3306232082747,772.8547871515286,1178.2157197349625,749.381184374635,782.8090051530389,770.0303503576134,2139.2596754545895,82.66404288442033,82.66404288442033,570.0,0.0,570.0,570.0,21.0,16.0,19.0,16.0,12.0,12.0,21.0,10.0,1.0,0.0,28.255632522285425,0.0,108.63173578751234,0.0,0.0,0.0,0.0,0.0,0.0,0.0,0.0,82.66404288442033,82.66404288442033,0.085,0.15418165758644593,0.09007034350491489,82.66404288442033,0.08856619548597188,0.0,0.009404999999999999 
 03/12  20:20:00,5.713333333333334,92.66666666666667,1.17,0.0,0.0,0.0,0.0,0.0,2.0,0.0,0.0,4.0,0.0,0.0,0.0,1788.0,0.0,0.0,0.0,0.0,0.0,0.0,0.0,0.0,0.0,0.0,0.0,21.532136705688296,-556.1014746081663,22.36120552671673,-197.5830915787563,21.393916800985744,-1335.7074032495612,20.592993233923978,492.1483878080162,18.00628485512744,9.335511267647803,21.31961004452633,-65.32361580881519,18.45420371896273,64.44872843411076,18.39022739147896,-36.915580435870769,17.372851984614955,-215.7670368310828,812.9672138636956,821.5385579955505,0.0,0.0,0.0,0.0,0.0,0.0,0.0,0.0,0.0,0.0,0.0,0.0,0.0,0.0,0.0,0.0,0.0,0.0,0.0,0.0,0.0,0.0,1.6148922882301036,0.492946363928603,127.17997995832266,152.24482030866978,4194.553891163063,0.19259852778524118,0.029395379698602135,31.924549550539525,38.11594599199934,1088.5631246890778,2.9000302659028267,0.5480026957488337,315.0582201797591,377.32277004227657,10435.7277854931,0.4001314038545929,0.07561062053185805,335.74277658905876,403.23036534666638,10471.639717576012,0.0,0.0,8.318092575431795,10.092475055634053,209.05678420698338,0.0,0.0,15.373340325412473,18.406380406891758,492.57466781193866,0.0,0.0,219.7242332542873,266.0687802220842,5772.775563240246,0.0,0.0,19.981944304725439,24.16626335337698,539.7605432467693,0.0,0.0,176.96555357129757,215.3372249807818,4147.615925320088,32.205795256906899,22.089022809949868,333.1031838179709,401.9884463909114,10403.967097828767,0.0,0.0,179.30441072317744,218.69172984852129,3967.5041765355947,910.2187181018649,21.840474746354717,39.36973000669424,21.75,30.0,0.0,22.522148691363407,42.00651644076919,21.0,30.0,2194.4825079456625,21.968036364889394,38.16673731665923,22.0,30.0,0.0,21.095590680019187,40.84573926296125,16.0,30.0,0.0,17.967518680720109,51.676469728540308,12.0,30.0,0.0,21.53052622390621,48.557622443976459,19.0,30.0,0.0,18.54964328539979,49.13373661356685,10.0,30.0,0.0,18.92931871809388,48.249333396909779,12.0,30.0,0.0,17.106624206819139,54.288036751899657,16.0,30.0,0.0,19.71770266622654,0.0,0.0,0.0,16.42709769500374,0.0,0.0,724.1572406982905,948.1396700659993,679.6125317997487,705.3419037991221,782.1350645294349,1181.69169898254,756.4528132498743,766.4647367505296,773.8481645947436,8804.841278503489,82.18300437396526,82.18300437396526,570.0,0.0,570.0,570.0,21.0,16.0,19.0,16.0,12.0,12.0,21.0,10.0,1.0,0.0,910.2187181018649,0.0,2194.4825079456625,0.0,0.0,0.0,0.0,0.0,0.0,0.0,0.0,82.18300437396526,82.18300437396526,0.34,0.7712016978550533,0.36028137401965956,82.18300437396526,0.3542647819438875,0.0,0.009025 
 03/12  20:30:00,5.605,93.0,1.155,0.0,0.0,0.0,0.0,0.0,2.0,0.0,0.0,4.0,0.0,0.0,0.0,1789.0,0.0,0.0,0.0,0.0,0.0,0.0,0.0,0.0,0.0,0.0,0.0,21.32274212582775,-200.26095539006168,22.34332980055597,-254.90653779595125,20.9756445920727,-445.0186291270833,20.54390668059058,-6.336897760477342,18.030747599636265,12.343533888371426,21.365349428148357,-42.77465557425981,18.382240091014439,-75.79663394428326,18.096926272552435,-17.44111190718057,17.294498218294764,-209.78129660654236,697.0986888786549,823.9590269610976,0.0,0.0,0.0,0.0,0.0,0.0,0.0,0.0,0.0,0.0,0.0,0.0,0.0,0.0,0.0,0.0,0.0,0.0,0.0,0.0,0.0,0.0,1.7314968613267279,0.5285399454599292,172.23699476605257,206.941446706985,5490.766746507253,0.08876491728895619,0.01354775904898599,45.62889520905001,54.478075734128989,1558.5132822473259,3.098563775332219,0.5855184760642895,240.4591244727848,288.91838393689087,7736.419659374909,0.3411865346724603,0.0644721342918481,133.84853046846866,160.91763741515153,4175.643378703931,0.0,0.0,7.033774753130357,8.53345478183738,178.68228764490497,0.0,0.0,15.927466509273842,19.06373666346411,516.2236507992993,0.0,0.0,210.0904654411193,254.56611443143619,5497.512248700364,0.0,0.0,14.625534917423519,17.714944891608704,384.68558100139958,0.0,0.0,174.4663460916056,212.3881007775363,4093.939871192654,31.844981283878125,21.841550949161964,250.52164082751973,302.6797862757893,8056.250655656036,0.0,0.0,176.47241782924014,215.36191805383027,3895.6482878632098,462.8142278221142,21.323757567917349,40.85636735911972,21.25,30.0,0.0,22.511807787917705,41.688685935979169,21.0,30.0,73.36681420282442,21.222981496211575,39.67759829468592,21.0,30.0,0.0,20.928880096401067,41.440696357337,16.0,30.0,0.0,17.992884630736307,51.77609166821182,12.0,30.0,0.0,21.60963754560529,48.46465795890056,19.0,30.0,0.0,18.38268477835939,49.701774053241788,10.0,30.0,0.0,18.455921037138628,49.636493451508417,12.0,30.0,0.0,17.007358227851044,54.60791804699622,16.0,30.0,0.0,19.390418837964178,0.0,0.0,0.0,16.290252759914624,0.0,0.0,740.0938260477959,937.3171264408834,672.5910783728795,718.4918245728529,792.501540969801,1190.1266145531602,762.4914273648363,765.4985479534123,776.7844902526156,4655.3846729387819,81.87391719143919,81.8739171914392,570.0,0.0,570.0,570.0,21.0,16.0,19.0,16.0,12.0,12.0,21.0,10.0,1.0,0.0,462.8142278221142,0.0,73.36681420282442,0.0,0.0,0.0,0.0,0.0,0.0,0.0,0.0,81.87391719143919,81.87391719143919,0.17,0.34732457358443316,0.18014068700982978,81.87391719143919,0.17713239097194376,0.0,0.008645 
 03/12  20:40:00,5.496666666666667,93.33333333333334,1.1400000000000002,0.0,0.0,0.0,0.0,0.0,2.0,0.0,0.0,4.0,0.0,0.0,0.0,1792.0,0.0,0.0,0.0,0.0,0.0,0.0,0.0,0.0,0.0,0.0,0.0,21.57869535355907,-432.73200822239508,22.313922669825638,-187.48094174480213,21.407519331531885,-1422.9708743611387,20.591023292335885,454.5347759882234,18.05333867926882,9.19976741877268,21.393424614871749,-71.10544843169274,18.36158497235117,44.10518880607674,17.879861228111545,-16.89773718596824,17.216245974860354,-226.60297077833889,863.2996812354636,888.6692978637839,0.0,0.0,0.0,0.0,0.0,0.0,0.0,0.0,0.0,0.0,0.0,0.0,0.0,0.0,0.0,0.0,0.0,0.0,0.0,0.0,0.0,0.0,1.6635207558791283,0.5077902185223224,160.68831606238479,192.613564021438,5397.196033639713,0.19263387767491658,0.02940077498090913,33.40095418429558,39.898929659100939,1151.1389118773103,2.924228165222239,0.5525752390820559,357.09010273502306,427.91566078760226,11938.631234992152,0.3973513015740759,0.07508527996486693,325.9410606354905,391.4181125425719,10311.13182568114,0.0,0.0,8.072502420406334,9.790818518007292,207.21986154679198,0.0,0.0,15.90988804431604,19.039562290989559,520.4583360150034,0.0,0.0,225.5313192136191,273.2627229005013,5950.909497436729,0.0,0.0,10.831569211240792,13.13642927108336,280.4475342302797,0.0,0.0,180.58975786658528,219.9169088415262,4241.023524637545,32.49424431377299,22.28686166925446,369.9728882344828,446.488565901575,11719.986014915426,0.0,0.0,183.29374173873729,223.75369272189568,4055.9399209051036,514.6732396198752,21.917981631831489,39.31696440663978,21.75,30.0,0.0,22.491897109020348,41.7189828626958,21.0,30.0,2235.7350834419414,21.943889425352258,38.305123290995847,22.0,30.0,0.0,21.09581761064081,41.08656031685658,16.0,30.0,0.0,18.015270260156187,51.82965837352194,12.0,30.0,0.0,21.65341954698017,48.32142703169497,19.0,30.0,0.0,18.38217664592264,49.633461361940629,10.0,30.0,0.0,18.127255448720829,50.684992170219938,12.0,30.0,0.0,16.904410576819264,55.04369743017348,16.0,30.0,0.0,19.7666760090502,0.0,0.0,0.0,16.201548224469734,0.0,0.0,742.2279609770585,944.0605836453847,695.9094287765846,729.0063194152976,801.0822007350085,1191.3271221756009,765.0719507470979,768.6883595034865,784.2495948159451,8647.115013172539,82.28727489882276,82.28727489882276,570.0,0.0,570.0,570.0,21.0,16.0,19.0,16.0,12.0,12.0,21.0,10.0,1.0,0.0,514.6732396198752,0.0,2235.7350834419414,0.0,0.0,0.0,0.0,0.0,0.0,0.0,0.0,82.28727489882276,82.28727489882276,0.34,0.7707855089438578,0.36028137401965956,82.28727489882276,0.3542647819438875,0.0,0.008265 
 03/12  20:50:00,5.388333333333334,93.66666666666667,1.125,0.0,0.0,0.0,0.0,0.0,2.0,0.0,0.0,4.0,0.0,0.0,0.0,1793.0,0.0,0.0,0.0,0.0,0.0,0.0,0.0,0.0,0.0,0.0,0.0,21.38536212881508,-253.26404342559023,22.29304497432149,-260.8323577663194,20.985448527807166,-471.4164968563008,20.53115367260596,-6.409808736156037,18.074657973353064,13.131869573814,21.406095468993365,-51.777651238854108,18.315101461100313,-83.31967893065417,17.711990424668778,-22.725514230979856,17.149147350208655,-216.8777202080862,705.106576026031,895.7270549360515,0.0,0.0,0.0,0.0,0.0,0.0,0.0,0.0,0.0,0.0,0.0,0.0,0.0,0.0,0.0,0.0,0.0,0.0,0.0,0.0,0.0,0.0,1.7520121602968808,0.5348022467328697,161.70803091028834,194.20754503393295,5247.682604706311,0.10354685621050798,0.015803854732983515,45.09005018639735,53.84196826064169,1556.8771020396033,3.137281745257551,0.5928347969118579,220.839755610868,265.3072468784286,7193.643573320542,0.34897977985559916,0.06594478077392273,126.38802361298238,151.90522707969587,3996.685570422882,0.0,0.0,7.100052809181079,8.611570678729592,184.13870212706073,0.0,0.0,16.362339446858898,19.57846015347576,539.6767748736153,0.0,0.0,217.005195396803,263.03543452727419,5729.613877444538,0.0,0.0,9.975425469654829,12.110216023552035,255.80883267009075,0.0,0.0,177.713093931681,216.47150736718005,4185.3642493842139,32.18924990720061,22.077674833470934,230.02776171192864,277.9557504609732,7530.246036309687,0.0,0.0,182.46715189488828,222.83395056362279,4036.0051281832995,485.0525412733874,21.376769330887009,40.745109981284,21.25,30.0,0.0,22.47165848678378,41.79987949275434,21.0,30.0,93.46533076498979,21.212866679290117,39.884199166872338,21.0,30.0,0.0,20.919773523930219,41.414552795185539,16.0,30.0,0.0,18.038066082202936,51.86829488807096,12.0,30.0,0.0,21.680363007446844,48.28882578994434,19.0,30.0,0.0,18.276797323718364,50.040484311418818,10.0,30.0,0.0,17.88433595472216,51.51145198461761,12.0,30.0,0.0,16.82554710579624,55.286195675453388,16.0,30.0,0.0,19.306468521200939,0.0,0.0,0.0,16.087761388320975,0.0,0.0,753.4220315153947,951.7340191520819,693.260429121303,728.2711331636392,809.5907821902229,1196.3220698222618,773.0457506395316,773.838359257763,787.9915525297713,5070.315893910187,81.50604885054341,83.23134466859253,570.0,0.0,570.0,570.0,21.0,16.0,19.0,16.0,12.0,12.0,21.0,10.0,1.0,0.0,485.0525412733874,0.0,93.46533076498979,0.0,0.0,0.0,0.0,0.0,2611.0522797593387,1566631.367855603,2029304.9280097718,81.50604885054341,83.26064591917205,0.17203507599197796,0.34760912260274437,0.18014068700982978,83.26064591917205,0.17713239097194376,2029304.9280097718,0.11359885625650812 
 03/12  21:00:00,5.28,94.0,1.11,0.0,0.0,0.0,0.0,0.0,2.0,0.0,0.0,4.0,0.0,0.0,0.0,1796.0,0.0,0.0,0.0,0.0,0.0,0.0,0.0,0.0,0.0,0.0,0.0,21.5128580101008,-114.59755718213137,22.25812132335873,-202.66556672470569,21.434302765824037,-1817.8272891438983,20.57163348171516,450.062067588894,18.094859281495205,10.333475668328731,21.413823902336899,-67.12410451418958,18.257541122394956,-20.210777692216653,17.566857631019759,-36.29897571471432,17.081451225803307,-230.73050408727728,938.77911839134,942.7106644650835,0.0,0.0,0.0,0.0,0.0,0.0,0.0,0.0,0.0,0.0,0.0,0.0,0.0,0.0,0.0,0.0,0.0,0.0,0.0,0.0,0.0,0.0,1.7513418541069768,0.5345976355637903,241.398071777235,289.43585151582308,7992.3361502393649,0.17611459179088963,0.026879516451600986,37.845654913956298,45.20400922160601,1315.7711089023415,2.8038488332155939,0.5298278218472402,449.4821498174553,538.301396238799,15192.287818724635,0.3827903444635725,0.07233377635366072,316.0301492603793,379.54155037384978,10122.960847889644,0.0,0.0,7.627493945765803,9.249827415674094,199.8220018237999,0.0,0.0,16.42354739439521,19.649983606509506,545.7653852108258,0.0,0.0,224.88759646688016,272.66033024625366,5954.272552823528,0.0,0.0,12.837843316739857,15.594625725743479,326.74080476986605,0.0,0.0,179.52153325847736,218.74280445058603,4237.836410852608,32.64460390095868,22.38998895813353,451.13568938296717,543.8316226490384,14461.822387666745,0.0,0.0,188.01134216511609,229.6720371301078,4169.397787414466,0.0,21.512252757106155,40.31875684864321,21.0,30.0,0.0,22.43997026055674,41.76641221929379,21.0,30.0,2607.3361353163766,21.92883210590042,38.394715257080857,22.0,30.0,0.0,21.074399364859717,41.14147117382141,16.0,30.0,0.0,18.059145194454083,51.91661872829718,12.0,30.0,0.0,21.695805123199667,48.215144205283078,19.0,30.0,0.0,18.203840137743844,50.23783809519533,10.0,30.0,0.0,17.675409154075337,52.2760285160257,12.0,30.0,0.0,16.74095913838945,55.633138039360719,16.0,30.0,0.0,19.931563959509114,0.0,0.0,0.0,15.999579339986534,0.0,0.0,754.9031319966425,952.8459950769099,710.5193092493815,741.1402410881605,818.7545697967584,1198.5791493218126,777.3342165973818,781.6084224171672,795.1360008313457,9270.583872045196,81.8749740242697,83.69015746932301,570.0,0.0,570.0,570.0,21.0,16.0,19.0,16.0,12.0,12.0,21.0,10.0,1.0,0.0,0.0,0.0,2607.3361353163766,0.0,0.0,0.0,0.0,0.0,2746.944184280009,1648166.5105680053,2133918.742279048,81.8749740242697,83.7209853102155,0.34656480614266696,0.7696335779770761,0.36028137401965956,83.7209853102155,0.3542647819438875,2133918.742279048,0.1188487745985105 
 03/12  21:10:00,5.311666666666667,94.33333333333334,1.0916666666666668,0.0,0.0,0.0,0.0,0.0,2.0,0.0,0.0,4.0,0.0,0.0,0.0,1797.0,0.0,0.0,0.0,0.0,0.0,0.0,0.0,0.0,0.0,0.0,0.0,21.320557959682323,-291.9560265339437,22.238925136200967,-256.3683705376374,21.276577255008378,-458.4314833262607,20.51858524061084,-2.815788157103924,18.112162601222438,12.207816090975669,21.414902212665749,-57.31186097524969,18.20670057421558,-66.91335315662627,17.437805590847739,-43.23401122796196,17.017180967943419,-236.0002528132884,680.2718085487003,937.8192377160292,0.0,0.0,0.0,0.0,0.0,0.0,0.0,0.0,0.0,0.0,0.0,0.0,0.0,0.0,0.0,0.0,0.0,0.0,0.0,0.0,0.0,0.0,1.7623279347562968,0.5379511400354996,181.3196659508555,217.71199208508242,5893.410095007888,0.10760838545057539,0.01642374625314032,45.062775028809387,53.81849256166159,1558.6509113589246,3.1169752613734498,0.5889975928521259,216.31589654210158,259.8441502574203,7112.0040471537699,0.3458792221577543,0.06535888551733829,119.04494082137659,143.0971565489737,3782.6315683763498,0.0,0.0,7.537976257961779,9.141058376952483,197.25908388479244,0.0,0.0,16.71533447982441,19.99894878755419,554.6489920260287,0.0,0.0,219.74094660953242,266.48684397858997,5768.765210657872,0.0,0.0,14.770863789145789,17.952022749982583,369.6624332122583,0.0,0.0,174.67872779835074,212.88776268911094,4085.509662105983,32.223932118784819,22.101462358562985,225.64757040598352,272.69354832921018,7438.500425584156,0.0,0.0,185.69851463114433,226.94530010322183,4054.3122220868365,485.1444325697383,21.25294198550594,40.75882701539102,21.25,30.0,0.0,22.420669678059374,41.820816355772418,21.0,30.0,747.3821807014313,21.450050989020207,39.58625255697523,21.25,30.0,0.0,20.9107897205918,41.40653563436471,16.0,30.0,0.0,18.0776037841863,51.958678608263117,12.0,30.0,0.0,21.70387950495581,48.202475204386498,19.0,30.0,0.0,18.120331969217383,50.53683268771862,10.0,30.0,0.0,17.493665002379456,52.961055851733338,12.0,30.0,0.0,16.663698604011885,55.89105765399924,16.0,30.0,0.0,19.21109949545605,0.0,0.0,0.0,15.864406587511267,0.0,0.0,749.6921326837008,958.0354168458973,715.7179014542845,737.6939551665887,827.6019435703415,1203.0812648891316,783.4385522668164,790.2207172151224,799.5313401973066,4470.378670011674,81.26071660294815,82.96361209508084,570.0,0.0,570.0,570.0,21.0,16.0,19.0,16.0,12.0,12.0,21.0,10.0,1.0,0.0,485.1444325697383,0.0,747.3821807014313,0.0,0.0,0.0,0.0,0.0,2577.185290752645,1546311.174451587,2009928.583271523,81.26071660294815,82.99253291376232,0.1709061763584215,0.34747710364659847,0.18014068700982978,82.99253291376232,0.17713239097194376,2009928.583271523,0.1122112863301192 
 03/12  21:20:00,5.343333333333334,94.66666666666667,1.0733333333333335,0.0,0.0,0.0,0.0,0.0,2.0,0.0,0.0,4.0,0.0,0.0,0.0,3600.0,0.0,0.0,0.0,0.0,0.0,0.0,0.0,0.0,0.0,0.0,0.0,21.29036262120466,-598.8071887959616,22.19894321943692,-243.8147387001027,21.054810387733146,-529.2475584500953,20.44194672801004,191.71926964427849,18.12652440808293,9.85139662333583,21.40914496455582,-71.88475688145619,18.205484485059903,-23.053162625015945,17.331059105613187,-47.91997524666186,16.9579695134923,-236.47712336435326,744.5709907308988,992.3816351706834,0.0,0.0,0.0,0.0,0.0,0.0,0.0,0.0,0.0,0.0,0.0,0.0,0.0,0.0,0.0,0.0,0.0,0.0,0.0,0.0,0.0,0.0,1.6934145947554349,0.5169153219644186,161.89522770076867,194.33283902110325,5357.044506342669,0.14758300401874428,0.02252487851323936,39.29183592894384,46.95701388965374,1354.7847916580025,3.095727435844208,0.5849825086629269,225.31471535075787,270.61876719588107,7416.647561037382,0.3743132169099358,0.0707319003987029,237.64069566535154,285.90071003283659,7475.254844361579,0.0,0.0,7.978220495334891,9.681893916007287,208.45584529565083,0.0,0.0,16.652449342513014,19.939509459229855,551.2477958362638,0.0,0.0,230.05109184834456,279.1371639131596,6036.797247140825,0.0,0.0,16.954178788257999,20.62506964740019,418.3101049335013,0.0,0.0,179.07078131624525,218.42392456661555,4152.140386381795,32.33390510716287,22.176889648259864,241.27707724549675,291.811271426498,7796.226729947076,0.0,0.0,192.05574854638867,234.89990693828785,4158.158258934807,394.6658756759531,21.449458420359819,40.063864915400689,21.25,30.0,0.0,22.374876205040079,41.83081255200722,21.0,30.0,19.822328714135204,21.332359495801005,39.73734041590234,21.0,30.0,0.0,20.829645033609535,41.28581435522974,16.0,30.0,0.0,18.091634172534218,51.934993119088009,12.0,30.0,0.0,21.698049382057599,48.12611047678332,19.0,30.0,0.0,18.148214478368258,50.3372573518815,10.0,30.0,0.0,17.350805955562998,53.46574804177312,12.0,30.0,0.0,16.59610961106615,56.05930057293355,16.0,30.0,0.0,19.29247477442053,0.0,0.0,0.0,15.806448460040582,0.0,0.0,741.7046737001904,957.0529727016179,712.245266398237,725.726307223139,832.7019961309393,1201.8230252451204,782.6682777907528,795.9997067365855,800.5429503867706,3393.3737062918946,82.1929848591142,82.1929848591142,570.0,0.0,570.0,570.0,21.0,16.0,19.0,16.0,12.0,12.0,21.0,10.0,1.0,0.0,394.6658756759531,0.0,19.822328714135204,0.0,0.0,0.0,0.0,0.0,0.0,0.0,0.0,82.1929848591142,82.1929848591142,0.1275,0.26955030701351537,0.13510551525737234,82.1929848591142,0.1328492932289578,0.0,0.007663333333333334 
 03/12  21:30:00,5.375,95.0,1.0550000000000002,0.0,0.0,0.0,0.0,0.0,2.0,0.0,0.0,4.0,0.0,0.0,0.0,1804.0,0.0,0.0,0.0,0.0,0.0,0.0,0.0,0.0,0.0,0.0,0.0,21.541224515833404,-587.0131858273117,22.178741050909815,-190.1743497649431,21.468383538432968,-1139.8473572208305,20.51345214215761,412.8726558423009,18.138607002429479,8.014459342375773,21.397821081949503,-84.1645034836279,18.19948592769282,19.277051884903814,17.22876422490218,-50.329928559173428,16.899852653758644,-236.3606258958987,851.1519468875049,1030.5332950020602,0.0,0.0,0.0,0.0,0.0,0.0,0.0,0.0,0.0,0.0,0.0,0.0,0.0,0.0,0.0,0.0,0.0,0.0,0.0,0.0,0.0,0.0,1.6703618569135417,0.5098784667013254,200.62784010252774,240.3090108120478,6682.111031728729,0.19364332449502415,0.029554841955895016,33.33702217726609,39.83777385240121,1148.5834917385108,2.9737268983783644,0.5619287411901673,322.11241156929619,385.8353947210677,10838.681782126507,0.3920397791870732,0.07408159092726249,300.7034583202009,361.17830993106369,9541.898774606088,0.0,0.0,8.462415849721442,10.26011156632113,220.79496805218953,0.0,0.0,16.599272778138457,19.86277957810455,547.963452781836,0.0,0.0,237.97994021180819,288.5387311621954,6235.91316656834,0.0,0.0,18.53244304577524,22.538822637242217,451.0764559306351,0.0,0.0,181.92876513826645,221.81466956178987,4183.2974678871619,32.55203543955221,22.326498929734034,332.45276293848056,401.118915946318,10662.687488898924,0.0,0.0,196.4540925514838,240.16477962762375,4220.322212056903,845.1513527947261,21.75563279077454,39.12967900059479,21.75,30.0,0.0,22.357227647709047,42.19981193503466,21.0,30.0,1734.7657854545317,21.86239349007498,38.479505560691737,21.5,30.0,0.0,20.998071774097299,40.65567602730046,16.0,30.0,0.0,18.10392028575669,51.83949130011517,12.0,30.0,0.0,21.681567183812715,48.027770830178429,19.0,30.0,0.0,18.16049164455412,50.2066054691914,10.0,30.0,0.0,17.21398275966294,53.8851157789818,12.0,30.0,0.0,16.53034750829115,56.195250941563539,16.0,30.0,0.0,19.64306666141877,0.0,0.0,0.0,15.753411009230434,0.0,0.0,733.6960906366321,977.2192686081528,712.9662753107614,717.1610831009289,834.7571505443128,1198.0844606241017,781.3046658222992,798.9928637032372,799.8643711964355,7083.8196531266889,82.19665021122177,83.97697306548838,570.0,0.0,570.0,570.0,21.0,16.0,19.0,16.0,12.0,12.0,21.0,10.0,1.0,0.0,845.1513527947261,0.0,1734.7657854545317,0.0,0.0,0.0,0.0,0.0,2694.24373248404,1616546.2394904239,2095991.209642653,82.19665021122177,84.0072088578201,0.25980812441613468,0.5764239290344659,0.27021103051474468,84.0072088578201,0.2656985864579156,2095991.209642653,0.1166232095680846 
 03/12  21:40:00,5.406666666666666,95.33333333333334,1.0366666666666667,0.0,0.0,0.0,0.0,0.0,2.0,0.0,0.0,4.0,0.0,0.0,0.0,904.0,0.0,0.0,0.0,0.0,0.0,0.0,0.0,0.0,0.0,0.0,0.0,21.566367680914234,-816.7605767431592,22.18179565140312,-209.55663165556724,20.791743411503569,-215.018643026503,20.471373074992628,-15.498583902784049,18.148791398769299,9.015866729814463,21.376907920766575,-76.64270138169263,18.1944989108849,-48.169135825572087,17.135710200985327,-51.72516549450802,16.846062267380444,-226.57399866003198,844.799861381739,1078.9081505061932,0.0,0.0,0.0,0.0,0.0,0.0,0.0,0.0,0.0,0.0,0.0,0.0,0.0,0.0,0.0,0.0,0.0,0.0,0.0,0.0,0.0,0.0,1.6785649990150496,0.5123824783318223,193.55390692932964,231.1461635005035,6507.895254141506,0.1549078283314659,0.023642830941920928,37.66573430497813,44.913639837745197,1295.1301954605479,3.2020207457623659,0.6050681681334782,351.00242354620277,421.0789691480587,11119.838000123173,0.3670427029251753,0.06935803154292805,235.2613453302601,282.48628951250466,7420.244398495928,0.0,0.0,8.179354086090556,9.905359125970137,213.0895820221915,0.0,0.0,16.6792347542773,19.929473044841733,548.8730107922754,0.0,0.0,242.06060908196128,293.15007300111906,6317.117868679743,0.0,0.0,20.282939394951929,24.647742963304038,487.5400340983293,0.0,0.0,185.9841978532341,226.51885885792374,4243.429150013129,32.33233281365138,22.175811257648414,353.9574842909933,426.41796651951418,11226.020405171636,0.0,0.0,202.53104146446149,247.29314166237939,4333.110046232425,1148.4100987826644,21.75261354318983,39.282970444960287,21.5,30.0,0.0,22.379176679985556,42.426513783178737,21.0,30.0,62.610652647697339,20.872912655215275,41.01078113245211,21.0,30.0,0.0,20.867743253857669,40.932014791041968,16.0,30.0,0.0,18.11492263568146,51.702560222569719,12.0,30.0,0.0,21.656840929574544,48.01391891825481,19.0,30.0,0.0,18.138479868509177,50.32014363745279,10.0,30.0,0.0,17.090054991154497,54.234361380473007,12.0,30.0,0.0,16.470897466884144,56.326382281876139,16.0,30.0,0.0,19.68440356158425,0.0,0.0,0.0,15.740462978511604,0.0,0.0,740.6939186719815,992.9801146442658,719.9216884954153,714.9762177164899,834.298736647358,1197.0166025270317,784.3141171826203,799.5877026286738,798.6026024193184,9039.728660356766,82.0276274077027,85.40554953993835,570.0,0.0,570.0,570.0,21.0,16.0,19.0,16.0,12.0,12.0,21.0,10.0,1.0,0.0,1148.4100987826644,0.0,62.610652647697339,0.0,0.0,0.0,0.0,0.0,5112.234895297404,3067340.9371784429,3985297.134988464,82.0276274077027,85.4629178716756,0.3404078298432468,0.7708667962206884,0.36028137401965956,85.4629178716756,0.3542647819438875,3985297.134988464,0.21483545101940014 
 03/12  21:50:00,5.4383333333333339,95.66666666666666,1.0183333333333334,0.0,0.0,0.0,0.0,0.0,2.0,0.0,0.0,4.0,0.0,0.0,0.0,1808.0,0.0,0.0,0.0,0.0,0.0,0.0,0.0,0.0,0.0,0.0,0.0,21.455931900963937,-233.7483785875254,22.16729614749992,-199.37013307441965,21.437443709815644,-1347.533259948733,20.43575728997136,413.2071274456228,18.156971448104679,7.995237535778898,21.364618842407979,-74.67989399896075,18.136215961927684,-51.90271470595144,17.066216991067568,-51.0965725633678,16.802305100305519,-233.1570920605002,848.7570103242676,1070.2283967945826,0.0,0.0,0.0,0.0,0.0,0.0,0.0,0.0,0.0,0.0,0.0,0.0,0.0,0.0,0.0,0.0,0.0,0.0,0.0,0.0,0.0,0.0,1.6965472841162149,0.5178715763480509,250.11626982059514,300.29196587117868,8110.713857524235,0.1572032382231084,0.023993168226970144,38.603317346163958,46.1164282062958,1323.7868553845243,2.897009268616812,0.547431834583676,395.3623617601471,473.74514121264698,13192.869546459804,0.37965439233830486,0.07174119280769176,243.3726958076219,292.1700537925329,7683.854349565474,0.0,0.0,8.15310151948706,9.885681386620693,211.96889301521896,0.0,0.0,16.77102345493187,20.070463912369755,550.4062157064957,0.0,0.0,238.38675130450725,289.18519244014319,6160.7562305404039,0.0,0.0,20.105232555567996,24.47495109519804,478.7298955021345,0.0,0.0,183.57188439453527,223.91944825492522,4160.139653007618,32.224361707453279,22.10175700099677,401.6698358142403,484.5377166150075,12727.218334032119,0.0,0.0,200.10486843913749,244.7542594786122,4226.141682597679,0.0,21.34713608384606,40.21805269243422,21.0,30.0,0.0,22.368974169336278,42.219374209374588,21.0,30.0,1796.391603297925,21.777116436639085,38.74898547025141,21.5,30.0,0.0,20.883964557410566,41.09087135626189,16.0,30.0,0.0,18.123069247184288,51.66886546625671,12.0,30.0,0.0,21.647842465900298,48.05768378490577,19.0,30.0,0.0,18.043644866151799,50.471606044856347,10.0,30.0,0.0,17.009529206281024,54.44563547645835,12.0,30.0,0.0,16.428115745181075,56.40224374516201,16.0,30.0,0.0,19.73129598201379,0.0,0.0,0.0,15.636996589039774,0.0,0.0,738.8091538841715,980.1681735804825,716.0058428505431,724.4236059703064,836.4489666692239,1200.2388542910579,779.9450820322554,799.1147595782838,797.6048739502802,5125.070405847777,80.91394157025627,82.6403382461123,570.0,0.0,570.0,570.0,21.0,16.0,19.0,16.0,12.0,12.0,21.0,10.0,1.0,0.0,0.0,0.0,1796.391603297925,0.0,0.0,0.0,0.0,0.0,2612.7166407431889,1567629.9844459133,2029924.1226644426,80.91394157025627,82.66965819291197,0.17209055469143964,0.3839444336328909,0.18014068700982978,82.66965819291197,0.17713239097194376,2029924.1226644426,0.113061054378551 
 03/12  22:00:00,5.47,96.0,1.0,0.0,0.0,0.0,0.0,0.0,2.0,0.0,0.0,4.0,0.0,0.0,0.0,452.0,0.0,0.0,0.0,0.0,0.0,0.0,0.0,0.0,0.0,0.0,0.0,21.073946151675629,-149.5987681409374,22.125409728279835,-263.0858210884262,20.89740175808278,-563.0903833238954,20.382624077081688,93.2378833793955,18.165570590115455,9.212283743314629,21.352924375117135,-65.92187207744076,18.046986014897834,-64.40321277156909,16.988589453610854,-49.673977671158358,16.744785061274109,-227.6559241861396,660.4367493864183,1085.2050975262383,0.0,0.0,0.0,0.0,0.0,0.0,0.0,0.0,0.0,0.0,0.0,0.0,0.0,0.0,0.0,0.0,0.0,0.0,0.0,0.0,0.0,0.0,1.7051904859578136,0.5205099163485389,66.26304030541178,79.25672507235763,2141.1020693496318,0.11454434357144454,0.017482347919939645,42.97539126017889,51.1429871005916,1464.3944585217067,3.0599882141576337,0.5782290654114956,154.65288929353702,185.09723476831895,4970.46758315854,0.346802960908962,0.06553343932520066,174.8299957380957,209.3822397940836,5423.931169148072,0.0,0.0,7.871952773437279,9.506527593929797,204.44292795960176,0.0,0.0,16.847024695711228,20.069431999808765,551.9744543754634,0.0,0.0,234.25379799227259,283.2026786126749,5976.098726623673,0.0,0.0,20.206282379071607,24.510187312025776,476.06942896805199,0.0,0.0,181.89422870489146,221.05814628534638,4087.389357288848,31.8515801539979,21.84607692318101,172.4748498355955,207.7821461147586,5677.490354029154,0.0,0.0,198.6762468603023,242.14449393251267,4145.074247757489,132.62974488272008,21.00593396404245,42.417007108664368,21.0,30.0,0.0,22.303068093763256,41.66348897934939,21.0,30.0,596.3171020931467,21.015077288093015,39.67844755301427,21.0,30.0,0.0,20.726350834038948,41.76357182220703,16.0,30.0,0.0,18.134206170314039,51.665967942079607,12.0,30.0,0.0,21.640809836450154,48.12861826068634,19.0,30.0,0.0,17.900100631149657,51.04858839750541,10.0,30.0,0.0,16.908678296989647,54.74066061226577,12.0,30.0,0.0,16.358127483349067,56.66229001897511,16.0,30.0,0.0,19.095385232952649,0.0,0.0,0.0,15.535542387614129,0.0,0.0,804.979622523084,940.7298666090057,671.1372318203444,737.5999703872294,841.1530207853568,1205.7100381872245,785.8732588678832,799.6368045133896,799.6165589289058,5838.233407167274,84.14403284438399,84.14403284438399,570.0,0.0,570.0,570.0,21.0,16.0,19.0,16.0,12.0,12.0,21.0,10.0,1.0,0.0,132.62974488272008,0.0,596.3171020931467,0.0,0.0,0.0,0.0,0.0,0.0,0.0,0.0,84.14403284438399,84.14403284438399,0.34,0.6202807741670027,0.36028137401965956,84.14403284438399,0.3542647819438875,0.0,0.00741 
 03/12  22:10:00,5.301666666666667,96.16666666666666,0.9766666666666667,0.0,0.0,0.0,0.0,0.0,2.0,0.0,0.0,4.0,0.0,0.0,0.0,4530.0,0.0,0.0,0.0,0.0,0.0,0.0,0.0,0.0,0.0,0.0,0.0,21.435576198097345,-503.08191090180159,22.106141460795784,-215.27003386930563,21.253239247217935,-936.0651050847932,20.43686091824774,362.4531834311148,18.164888282350576,-0.6816933420437181,21.33895610753919,-55.00297831821803,18.192307745718617,92.44382491814462,16.913507451897826,-117.35673561694745,18.232119067905438,-339.3522841233624,773.3642834672289,906.2610962944737,0.0,0.0,0.0,0.0,0.0,0.0,0.0,0.0,0.0,0.0,0.0,0.0,0.0,0.0,0.0,0.0,0.0,0.0,0.0,0.0,0.0,0.0,1.6905615542375506,0.5160444304754428,139.01012308182698,166.80011519856306,4625.219187355202,0.1746329740203448,0.02665338431323944,36.09757941348266,43.166761880486358,1243.7377820958835,3.0263878112423638,0.5718797829256169,258.47741425999689,310.11226291233069,8655.69917913279,0.38142027831259625,0.07207488252316632,265.4363126923494,319.2689933483417,8398.59221642089,0.0,0.0,7.981593473696135,9.685528028288479,209.7938423823299,0.0,0.0,15.48477628037901,18.5526159233263,511.93517404722555,0.0,0.0,165.59355164487739,200.97319975492838,4370.223143525802,0.0,0.0,33.26696694479864,40.52651259854618,787.2893924436156,0.0,0.0,117.30446494106242,142.21048440308568,3148.8617301231809,32.24007942411562,22.112537327925677,270.1114178330387,326.52602907752756,8710.4486684816,0.0,0.0,126.46127633146472,155.025042527984,2608.2220221188324,642.6217516305748,21.54910818260089,39.73693162764012,21.400000000000003,30.0,0.0,22.298422960718989,42.01305835051418,21.000000000000005,30.0,1246.1095129166384,21.599797624961796,38.85696011707293,21.400000000000003,30.0,0.0,20.888982074152705,40.80216091446311,15.999999999999999,30.0,0.0,18.1284276200267,51.516593428128789,12.0,30.0,0.0,21.633023823620336,46.919058764903457,19.0,30.0,0.0,18.22944449814011,49.77780991244905,10.0,30.0,0.0,16.810842478789256,55.13952924228816,12.0,30.0,2919.1701255982177,18.42004757487471,49.697357112529058,20.0,30.0,0.0,19.382938902218276,0.0,0.0,0.0,15.139178058050553,0.0,0.0,739.762719173233,959.8976970889265,701.1610026366484,711.6048999258264,835.1612798991334,1179.6464225312123,778.3062453959842,803.5947494874582,794.1109910714986,10148.258144948066,81.29459446616446,82.85121442867185,570.0,0.0,570.0,570.0,21.0,16.0,19.0,19.0,12.0,12.0,21.0,10.0,1.0,0.0,642.6217516305748,0.0,1246.1095129166384,0.0,0.0,0.0,0.0,2919.1701255982177,2355.4600815084879,1413276.0489050928,1838068.1288122477,81.29459446616446,82.87765100325885,0.35051533605028298,0.7701370490659716,0.3602813740196596,82.87765100325885,0.3542647819438876,1838068.1288122477,0.10289454269823686 
 03/12  22:20:00,5.133333333333334,96.33333333333333,0.9533333333333334,0.0,0.0,0.0,0.0,0.0,2.0,0.0,0.0,4.0,0.0,0.0,0.0,1359.0,0.0,0.0,0.0,0.0,0.0,0.0,0.0,0.0,0.0,0.0,0.0,21.465797510879108,-517.1043774352492,22.08566151120015,-212.44853807397733,21.317161438333966,-1205.8469811593812,20.45337158117534,268.1257256309026,18.153209570586698,-7.27871713070601,21.327272911976537,-61.874758591864949,18.057485353879497,-126.86038851189213,16.77087694796237,-99.5605503384149,19.030866178607196,-665.6083839534126,846.3816973350511,1403.6260890754425,0.0,0.0,0.0,0.0,0.0,0.0,0.0,0.0,0.0,0.0,0.0,0.0,0.0,0.0,0.0,0.0,0.0,0.0,0.0,0.0,0.0,0.0,1.6977526913611865,0.5182395272775293,143.2709329758481,171.47579423749478,4875.354429770087,0.17499548073562788,0.026708711955987155,36.59880492375288,43.71841909462498,1272.4955226578073,3.1428415987347018,0.5938854117034583,333.21332287704606,398.87181155559929,11265.222594365307,0.38689441745358979,0.07310930035026257,252.1473263732475,302.62119843592856,8098.859855595202,0.0,0.0,8.449191405148266,10.23817637657169,224.65366619352029,0.0,0.0,16.844640055662077,20.151780070191177,562.5657604953522,0.0,0.0,213.5857784119239,258.92274215479008,5562.797421304966,0.0,0.0,42.47441417067536,51.74345101427935,1002.9881190021019,0.0,0.0,187.37238498440139,225.61275453255127,5585.605656488838,32.38155751353631,22.209573054551656,332.65348087399436,401.1682119680953,10729.897902288985,0.0,0.0,181.84129048452497,221.55504370670205,4191.263236967283,922.452868390355,21.68258917912783,39.60361317312699,21.666666666666658,29.99999999999999,0.0,22.283133308006854,42.15588727087996,20.999999999999994,29.99999999999999,1890.7283190837862,21.603934951375039,38.76616593917018,21.666666666666658,29.99999999999999,0.0,20.89713157835066,40.90675311894713,15.999999999999993,29.99999999999999,0.0,18.106037303675124,51.108626608101989,11.999999999999995,29.99999999999999,0.0,21.628892927412307,45.21372476706104,18.999999999999994,29.99999999999999,0.0,17.933893235984077,50.79017877550854,9.999999999999997,29.99999999999999,0.0,16.596528777042594,55.952017020160017,11.999999999999995,29.99999999999999,846.2782080666402,19.91074613831709,45.023667585216049,19.66666666666666,29.99999999999999,0.0,19.552570931519946,0.0,0.0,0.0,15.929739730484128,0.0,0.0,751.2432688268306,967.6323368717855,697.8134695815131,719.1299124392247,816.6786343477854,1143.8268435618334,783.7311730776764,809.3591274831085,789.7047416960877,8348.536586481448,82.48448857814053,84.91687346550263,569.9999999999998,0.0,569.9999999999998,569.9999999999998,21.0,16.0,19.0,19.0,12.0,12.0,21.0,10.0,1.0,0.0,922.452868390355,0.0,1890.7283190837862,0.0,0.0,0.0,0.0,846.2782080666402,3680.9448471477396,2208566.9082886448,2871702.340090952,82.48448857814053,84.9581834358537,0.34936482823825795,0.7681634642748141,0.36028137401965945,84.9581834358537,0.35426478194388735,2871702.340090952,0.1565168550180628 
 03/12  22:30:00,4.965,96.5,0.9299999999999999,0.0,0.0,0.0,0.0,0.0,2.0,0.0,0.0,4.0,0.0,0.0,0.0,1814.0,0.0,0.0,0.0,0.0,0.0,0.0,0.0,0.0,0.0,0.0,0.0,21.427526318189746,-406.19243386427299,22.0692158499607,-229.993340294598,20.993273999377544,-547.7963686565631,20.49641719076727,151.03936280049875,18.141438352792805,-6.70102775194394,21.300181091974033,-61.93347434215528,17.938714578669527,-105.74999090223469,16.742350922687757,-52.67375800250659,18.917041393239097,-645.5725916347287,745.7079316416155,1384.5670068788423,0.0,0.0,0.0,0.0,0.0,0.0,0.0,0.0,0.0,0.0,0.0,0.0,0.0,0.0,0.0,0.0,0.0,0.0,0.0,0.0,0.0,0.0,1.7608284110559196,0.5374934099682295,149.76577217024704,179.69477085866144,5025.584174967519,0.16268042974749825,0.02482912541933734,39.320096670286677,46.96924191057751,1378.775463802149,3.1950532172523196,0.603751552768768,210.23616064928309,252.4946631638728,7023.041123917001,0.36725529263252479,0.06939820344529944,153.66735907427137,184.82978442566486,5005.066228402313,0.0,0.0,8.280547602205682,10.043201256019323,222.68639816807616,0.0,0.0,17.240703407789558,20.646540998051966,580.56966464917,0.0,0.0,227.24902015976688,275.9456914334057,5960.800648549041,0.0,0.0,40.77530988813858,49.70470859517099,977.403817220842,0.0,0.0,200.51326825468107,242.07443616174477,5914.339157830989,32.49040941198956,22.284231421117679,214.07498240889078,258.81401777778907,7192.388450554146,0.0,0.0,195.6383218960791,238.8971511204012,4500.908477591166,520.0770178213455,21.438640841358933,39.993818488757089,21.25,30.0,0.0,22.27291918854771,42.150372530353447,21.0,30.0,153.04630594213868,21.179808685286525,39.79831318031296,21.0,30.0,0.0,20.965050859006259,40.75587533611187,16.0,30.0,0.0,18.086739823825466,50.903307748923399,12.0,30.0,0.0,21.597965068242716,44.27342749108831,19.0,30.0,0.0,17.75476624991784,51.2792409264505,10.0,30.0,0.0,16.599226702350788,55.67726608959815,12.0,30.0,1407.9559334344643,19.42588776008471,46.35569197836975,19.5,30.0,0.0,19.218475280513606,0.0,0.0,0.0,16.05921687811695,0.0,0.0,744.1835287367402,968.8775992132394,703.3125724435771,722.0077698738443,807.3559564889285,1114.9548722304676,784.5079542471675,802.7045527917142,791.4596434208173,5849.473275617298,83.42518384392307,83.42518384392307,570.0,0.0,570.0,570.0,21.0,16.0,19.0,19.0,12.0,12.0,21.0,10.0,1.0,0.0,520.0770178213455,0.0,153.04630594213868,0.0,0.0,0.0,0.0,1407.9559334344643,0.0,0.0,0.0,83.42518384392307,83.42518384392307,0.255,0.5379447657768365,0.27021103051474468,83.42518384392307,0.2656985864579156,0.0,0.007061666666666666 
 03/12  22:40:00,4.796666666666667,96.66666666666666,0.9066666666666666,0.0,0.0,0.0,0.0,0.0,2.0,0.0,0.0,0.0,0.0,0.0,0.0,2725.0,0.0,0.0,0.0,0.0,0.0,0.0,0.0,0.0,0.0,0.0,0.0,21.43664387076302,-190.35622209704528,21.688840881049957,-619.6963939671947,21.337221497129819,-931.4186056024819,20.500348984303807,363.43882705595828,18.131761260593739,-9.755982923341348,21.16795571416143,-86.50683472755381,17.913648401270707,-6.930135587488009,16.71648920473919,-46.71757712431378,18.926559725767285,-640.2048630987276,997.9831131190721,1360.7139078778615,0.0,0.0,0.0,0.0,0.0,0.0,0.0,0.0,0.0,0.0,0.0,0.0,0.0,0.0,0.0,0.0,0.0,0.0,0.0,0.0,0.0,0.0,1.687361932970359,0.5150677451069468,296.74283626614717,356.1604243878961,10061.399872184538,0.29148004162635479,0.04448718584040818,190.0406868436814,228.0101423477499,6489.047407111353,2.9656418292672606,0.5604009503528455,313.17407388391316,375.3886482530805,10828.245250786453,0.37470508859696119,0.07080595022618305,249.28094326095778,299.53093401324898,8202.802882627137,0.0,0.0,9.499452149690836,11.525497911996079,258.43767886109648,0.0,0.0,16.06227005171372,19.258436462646544,541.7806986147949,0.0,0.0,231.68283751173798,281.4653450910894,6156.253516718593,0.0,0.0,39.97861091283113,48.75572506812063,971.4852643206696,0.0,0.0,199.42599906058877,240.99425920884688,5904.836085080473,32.881476071924577,22.552452724228094,427.18385945402818,515.2010075792721,14210.270874324719,0.0,0.0,192.95095000171995,235.8589253418715,4457.964093179538,0.0,21.430789287993876,40.657536386115648,20.99999999999998,29.999999999999969,0.0,21.624554905945144,39.69070538833049,11.99999999999999,29.999999999999969,1308.402586425881,21.68515308654536,39.02315810367058,21.49999999999998,29.999999999999969,0.0,21.00526392162296,40.728878147833537,15.999999999999983,29.999999999999969,0.0,18.07190095418482,50.779084555205489,11.99999999999999,29.999999999999969,0.0,21.448325299545155,43.87204151668491,11.99999999999999,29.999999999999969,0.0,17.750651928716917,51.50794979949658,9.99999999999999,29.999999999999969,0.0,16.591631836261845,55.60043523231916,11.99999999999999,29.999999999999969,522.9482725284977,19.29940616361905,46.81884179420973,19.166666666666648,29.999999999999969,0.0,19.910349804528975,0.0,0.0,0.0,15.95212781554929,0.0,0.0,782.4939253266342,757.1526841980682,730.1601428443007,731.1290484105964,802.9986340346463,1092.1074418142833,798.1470497226462,803.5146019848457,801.0813798295251,7635.975887221472,82.1092042479649,82.1092042479649,59.999999999999939,0.0,59.999999999999939,59.999999999999939,12.0,16.0,12.0,19.0,12.0,12.0,21.0,10.0,1.0,0.0,0.0,0.0,1308.402586425881,0.0,0.0,0.0,0.0,522.9482725284977,0.0,0.0,0.0,82.1092042479649,82.1092042479649,0.2833333333333331,0.6154650277160509,0.300234478349716,82.1092042479649,0.29522065161990598,0.0,0.00073 
 03/12  22:50:00,4.628333333333333,96.83333333333334,0.8833333333333333,0.0,0.0,0.0,0.0,0.0,2.0,0.0,0.0,0.0,0.0,0.0,0.0,1365.0,0.0,0.0,0.0,0.0,0.0,0.0,0.0,0.0,0.0,0.0,0.0,21.68028953437587,-960.2487271904757,21.498533531271887,45.279819937149387,21.333757290115846,-797.2652957870712,20.523786848804855,294.624546554026,18.120058388018977,-10.244889862081559,21.000984531690287,-99.47865175472229,17.949853247325295,-33.92638028604782,16.684457357553563,-44.029194233864128,19.193130661061568,-961.0923194879631,1035.4843414428243,1678.2182285443396,0.0,0.0,0.0,0.0,0.0,0.0,0.0,0.0,0.0,0.0,0.0,0.0,0.0,0.0,0.0,0.0,0.0,0.0,0.0,0.0,0.0,0.0,1.6984774676425377,0.5184607654586506,350.7059025453078,419.97806847041167,12143.75971608489,0.3334952693699805,0.050899766387359709,141.10117926190166,169.2249438932053,4816.393158508879,3.1209874742981604,0.5897557585597437,367.1760275156065,439.433456912531,12805.300515002453,0.3821593998007692,0.07221455022690275,206.08009455621647,247.22787269165333,6876.893904438039,0.0,0.0,10.690241006674045,12.958477100277302,294.19376346660149,0.0,0.0,16.830413218565988,20.176182041188686,565.9545235775363,0.0,0.0,264.9606014915315,321.40725655065969,7175.314132607837,0.0,0.0,43.32878635490365,52.78948636612755,1065.9332493073785,0.0,0.0,231.00270373509003,278.2821128736333,7154.333103916886,33.11745469170975,22.71430362943058,468.76396987359069,564.487549341268,15707.970318258771,0.0,0.0,223.679598179232,272.79751545747879,5364.712534879235,1256.2597981144934,21.814688104765076,38.89827804938265,21.33333333333335,30.00000000000002,0.0,21.441754272758645,39.69699031969216,12.00000000000001,30.00000000000002,1484.1141127353865,21.676646605053599,38.787955707508427,21.666666666666687,30.00000000000002,0.0,21.022500186117385,40.72933676659934,16.000000000000015,30.00000000000002,0.0,18.055199974215257,50.695571736098127,12.00000000000001,30.00000000000002,0.0,21.217939611694374,43.52805473740927,12.00000000000001,30.00000000000002,0.0,17.827690939001859,51.052670764325529,10.000000000000007,30.00000000000002,0.0,16.56770761463704,55.70458830857122,12.00000000000001,30.00000000000002,1315.7626487616518,19.847326673898836,45.17127272568732,19.666666666666683,30.00000000000002,0.0,20.00262878972716,0.0,0.0,0.0,16.21220844174643,0.0,0.0,741.5034436603918,737.3809987077857,719.589084493615,735.7186044824241,801.2561838490085,1059.9875839540267,793.0665182592904,808.6233554980472,800.9364307359115,8811.01424074425,82.17890411491068,82.1789041149107,60.00000000000004,0.0,60.00000000000004,60.00000000000004,12.0,16.0,12.0,19.0,12.0,12.0,21.0,10.0,1.0,0.0,1256.2597981144934,0.0,1484.1141127353865,0.0,0.0,0.0,0.0,1315.7626487616518,0.0,0.0,0.0,82.17890411491068,82.17890411491068,0.3400000000000003,0.7704570563718292,0.3602813740196598,82.17890411491068,0.3542647819438878,0.0,0.00074 
 03/12  23:00:00,4.46,97.0,0.86,0.0,0.0,0.0,0.0,0.0,2.0,0.0,0.0,0.0,0.0,0.0,0.0,1822.0,0.0,0.0,0.0,0.0,0.0,0.0,0.0,0.0,0.0,0.0,0.0,21.41719762841496,-833.174930613274,21.42029850546686,-146.3071111560762,21.05561544909669,-334.49039140935778,20.526858215174287,124.43938172797039,18.111267941862239,-8.724966349784097,20.874142240902907,-83.3025795642888,17.949370293056825,-57.87760913512807,16.66589078879993,-52.51161261036333,19.073038831408359,-676.3977710677038,938.4782269977354,1418.3682806856514,0.0,0.0,0.0,0.0,0.0,0.0,0.0,0.0,0.0,0.0,0.0,0.0,0.0,0.0,0.0,0.0,0.0,0.0,0.0,0.0,0.0,0.0,1.7365496509385084,0.5300823110312907,349.4354821678792,419.30139323945738,11850.13454544016,0.3270289398426306,0.04991284185632335,184.15228765533943,220.84480684557429,6302.7123775487339,3.112754809480199,0.5882000773772109,227.67456961473776,273.3139142274853,7840.477257091754,0.3584362198803931,0.06773171199553911,147.75570577255798,177.65444609274813,4976.426720636444,0.0,0.0,9.937500035453209,12.05109082801652,276.6898871335371,0.0,0.0,15.370427381156553,18.444860545822438,517.4783841123325,0.0,0.0,234.05453677698166,284.0880577428193,6417.868835264831,0.0,0.0,41.352149550170597,50.406304877959119,1031.4545793438088,0.0,0.0,201.45708115120693,243.15832981475178,6162.886446166614,33.11705780735134,22.71403141793645,389.8297173872461,470.02874672330918,13252.882985882152,0.0,0.0,194.92890408997034,238.1016752461697,4644.379173416798,809.4572415746012,21.257151112695565,39.50768113651931,21.5,30.0,0.0,21.344455310529793,39.58467525416368,12.0,30.0,0.0,21.214163960048887,39.70026717659531,21.0,30.0,0.0,21.00774321705425,40.31873793881147,16.0,30.0,0.0,18.045629843845839,50.56407227043601,12.0,30.0,0.0,21.062353276023239,43.32983572968088,12.0,30.0,0.0,17.829773532951067,50.71346850004602,10.0,30.0,0.0,16.567130218831495,55.60031119191196,12.0,30.0,1319.6366161778054,19.45466285934963,46.012222351003099,19.5,30.0,0.0,19.681134324413124,0.0,0.0,0.0,15.943840361034887,0.0,0.0,711.0681189107229,723.6833705762327,714.6830171522499,718.1813324415025,797.9033426133092,1043.7718813659463,783.283402476579,807.9374701934419,791.4698344145242,7549.011013536603,81.17756768202047,82.93548839603095,60.0,0.0,60.0,60.0,12.0,16.0,12.0,19.0,12.0,12.0,21.0,10.0,1.0,0.0,809.4572415746012,0.0,0.0,0.0,0.0,0.0,0.0,1319.6366161778054,2660.37617477167,1596225.7048630019,2069676.1291759243,81.17756768202047,82.96534372565111,0.25867920582572237,0.5410653178864788,0.27021103051474468,82.96534372565111,0.2656985864579156,2069676.1291759243,0.10837315871714805 
 03/12  23:10:00,4.406666666666666,97.0,0.9099999999999999,0.0,0.0,0.0,0.0,0.0,2.0,0.0,0.0,0.0,0.0,0.0,0.0,2280.0,0.0,0.0,0.0,0.0,0.0,0.0,0.0,0.0,0.0,0.0,0.0,20.975495937062357,-143.85971145989624,21.186789892878204,-494.5330664743405,20.701928828868654,-179.3616281538647,20.362472008289239,3.3876656044624449,18.101812888787433,-9.343273131488833,20.769085676546447,-75.92082331255719,17.846490374960909,-119.41343629674083,16.624609793638429,-46.47185462415578,18.82708785111211,-607.8406334526645,606.569114698493,1411.4510816676475,0.0,0.0,0.0,0.0,0.0,0.0,0.0,0.0,0.0,0.0,0.0,0.0,0.0,0.0,0.0,0.0,0.0,0.0,0.0,0.0,0.0,0.0,1.7138943860680183,0.5231667845140471,149.38407399111217,179.59868696131947,5021.588188705511,0.31367954074538309,0.047875387781651877,115.24433879070517,138.51051907283105,3881.2093238794934,3.045438348478699,0.5754796576868293,99.76479511514431,119.98736552690306,3416.852299236481,0.33594119089493909,0.06348095066041931,68.84818609191862,82.89935857936526,2294.212954960554,0.0,0.0,9.076023296980076,11.011282740888321,253.4856546310129,0.0,0.0,15.359437241087378,18.446913180607738,515.1119918599952,0.0,0.0,231.0309541705467,280.69826167721348,6279.790323074862,0.0,0.0,39.716378139993228,48.43761906355735,991.5462815718696,0.0,0.0,201.98298301446193,244.13242238614556,6085.629525344643,32.701185631663509,22.42879672953602,138.01874874018169,167.21079277294934,4969.992429044196,0.0,0.0,197.51559050049986,241.43213882481104,4690.794076478762,0.0,20.791904403453495,40.27150818052236,22.0,30.0,0.0,20.96941311948486,39.307103785536188,12.000000000000002,30.0,0.0,20.7761297095162,40.29730732665759,21.800000000000006,30.0,0.0,20.7149255170682,40.78270327102285,12.000000000000002,30.0,0.0,18.03512669265243,50.36197934003396,12.000000000000002,30.0,0.0,20.938495712646114,43.08456800027792,12.000000000000002,30.0,0.0,17.65112694596425,50.865745114744338,10.0,30.0,0.0,16.52337753943678,55.444046186387257,12.000000000000002,30.0,0.0,19.151769021386046,46.53418268875337,19.200000000000004,30.0,0.0,18.605173482065696,0.0,0.0,0.0,15.879287987226022,0.0,0.0,699.4655223601981,677.0455685759049,698.470559666621,710.0003724107912,791.8711745378178,1028.97159540671,772.025545287713,800.7439582509458,781.9779827175416,0.0,80.18197220334904,80.18197220334904,60.0,0.0,60.0,60.0,12.0,12.0,12.0,19.0,12.0,12.0,21.0,10.0,0.0,0.0,0.0,0.0,0.0,0.0,0.0,0.0,0.0,0.0,0.0,0.0,0.0,80.18197220334904,80.18197220334904,0.0,0.0,0.0,80.18197220334904,0.0,0.0,0.00076 
 03/12  23:20:00,4.3533333333333339,97.0,0.96,0.0,0.0,0.0,0.0,0.0,2.0,0.0,0.0,0.0,0.0,0.0,0.0,912.0,0.0,0.0,0.0,0.0,0.0,0.0,0.0,0.0,0.0,0.0,0.0,20.62567442371256,-294.98496407705536,20.938887311459525,-237.28314356541388,20.451877877710666,-106.35599117468132,20.134410997564506,-125.0206682871517,18.091357492226114,-9.247770356268603,20.678381196940135,-71.50346653963249,17.792783665255528,-63.88416712658454,16.5887442436969,-53.49789603270699,18.32587319706689,-267.76746632431016,626.5067523068287,1203.1267082877799,0.0,0.0,0.0,0.0,0.0,0.0,0.0,0.0,0.0,0.0,0.0,0.0,0.0,0.0,0.0,0.0,0.0,0.0,0.0,0.0,0.0,0.0,1.699494269181994,0.5187711444389482,156.805632501208,188.56671189089799,5092.357115362701,0.31614516268074568,0.04825170370585251,76.33551875502542,91.8241198742233,2523.928378705861,3.0206660625542556,0.5707985756905247,110.0174360694368,132.0816469256766,3678.9776931693925,0.3265794462075645,0.061711913493492909,67.6956469316128,81.37019581653468,2201.0163410654574,0.0,0.0,8.609053000711859,10.429097742343413,241.22833030277563,0.0,0.0,14.442936619615079,17.328399280732435,482.89953092156636,0.0,0.0,201.81353922616777,244.92779581096506,5480.309675873938,0.0,0.0,36.82474379393588,44.848997411224079,920.7677615450684,0.0,0.0,171.074471032815,207.07867162052686,4902.614938581328,32.51867475876345,22.303617804364515,157.1224335955548,189.96390215846294,5514.071973774653,0.0,0.0,166.14952261543398,203.1629730961228,3805.845433962667,0.0,20.2214178386199,40.986535946681829,22.0,30.0,0.0,20.608639309580626,39.65170257875971,12.0,30.0,0.0,20.390357771926828,40.83150492143035,22.0,30.0,0.0,20.30932510053102,41.000748042664728,12.0,30.0,0.0,18.023279493659158,50.10504111941263,12.0,30.0,0.0,20.825113825635229,42.76086261609582,12.0,30.0,0.0,17.585393848078924,50.70306378998861,10.0,30.0,0.0,16.48444484314811,55.26296431411704,12.0,30.0,0.0,18.338771905367815,48.691220945880107,20.0,30.0,0.0,18.563729950366488,0.0,0.0,0.0,15.366764491656675,0.0,0.0,673.3941498639077,657.4394040871307,683.6229389496716,681.3801698708867,783.9618771563676,1015.6390470750207,760.7385361414879,793.1142869914867,773.7266114657698,0.0,80.18197220334904,80.18197220334904,60.0,0.0,60.0,60.0,12.0,12.0,12.0,19.0,12.0,12.0,21.0,10.0,0.0,0.0,0.0,0.0,0.0,0.0,0.0,0.0,0.0,0.0,0.0,0.0,0.0,80.18197220334904,80.18197220334904,0.0,0.0,0.0,80.18197220334904,0.0,0.0,0.0007300000000000001 
 03/12  23:30:00,4.3,97.0,1.01,0.0,0.0,0.0,0.0,0.0,2.0,0.0,0.0,0.0,0.0,0.0,0.0,1368.0,0.0,0.0,0.0,0.0,0.0,0.0,0.0,0.0,0.0,0.0,0.0,20.49939386306938,9.726513615361306,20.74317797665917,-518.7995147789548,20.245356048734,-184.92613333578516,19.957595573874124,-38.755390861903368,18.082780859331629,-7.213885558351021,20.61144602531036,-59.639806650566608,17.745346744543409,-113.69487119123576,16.52451831185286,-98.3835520079361,18.135340706405289,-152.9170173122553,587.756191572905,899.0188350205046,0.0,0.0,0.0,0.0,0.0,0.0,0.0,0.0,0.0,0.0,0.0,0.0,0.0,0.0,0.0,0.0,0.0,0.0,0.0,0.0,0.0,0.0,1.656059541283129,0.5055126804893555,188.43169742632,227.05071274819978,6112.581868307358,0.2961335849418595,0.0451974335991849,154.85044381378223,186.41587084309107,5048.243871197754,2.9286601932326654,0.5534127349268074,98.3300330939984,118.490065800026,3249.052196663899,0.32051744591531036,0.06056641079276458,77.91552849550948,93.82870197535272,2502.5202012728725,0.0,0.0,7.530779469622672,9.129851151842054,211.71104555292238,0.0,0.0,13.386720365388979,16.078019862186694,447.2217887527357,0.0,0.0,154.92585111384416,188.1940556898743,4205.621472189758,0.0,0.0,33.82851456805936,41.243311362374587,843.1797813250939,0.0,0.0,126.0039951772643,152.75399379965354,3562.4845819651479,32.14268902319097,22.045740070775698,185.50878749818214,224.79081469615455,6343.628571862751,0.0,0.0,121.08107996028974,148.4882020036918,2626.4924743103999,0.0,20.135199888660919,40.86642933196341,21.999999999999994,29.99999999999999,0.0,20.315543310745704,39.932838471327979,11.999999999999995,29.99999999999999,0.0,20.08808388324471,40.93499560346141,21.999999999999994,29.99999999999999,0.0,20.03974972258803,41.31672259603679,11.999999999999995,29.99999999999999,0.0,18.017048599487155,49.8422016854734,11.999999999999995,29.99999999999999,0.0,20.75807026697239,42.45563269901081,11.999999999999995,29.99999999999999,0.0,17.52112952435095,50.21875156043464,9.999999999999997,29.99999999999999,0.0,16.39099858859818,55.32624800790573,11.999999999999995,29.99999999999999,0.0,18.097106125925547,48.90744704755455,19.999999999999994,29.99999999999999,0.0,18.44288536788666,0.0,0.0,0.0,14.74232585152847,0.0,0.0,661.7515492580116,643.0524439436457,660.3321228879663,669.2961198177674,775.6691597025333,1009.4745863960342,740.3455689724368,788.1226850159001,756.2090123916628,0.0,80.181972203349,80.181972203349,59.99999999999998,0.0,59.99999999999998,59.99999999999998,12.0,12.0,12.0,19.0,12.0,12.0,21.0,10.0,0.0,0.0,0.0,0.0,0.0,0.0,0.0,0.0,0.0,0.0,0.0,0.0,0.0,80.181972203349,80.181972203349,0.0,0.0,0.0,80.181972203349,0.0,0.0,0.0007000000000000001 
 03/12  23:40:00,4.246666666666666,97.0,1.0599999999999999,0.0,0.0,0.0,0.0,0.0,2.0,0.0,0.0,0.0,0.0,0.0,0.0,1368.0,0.0,0.0,0.0,0.0,0.0,0.0,0.0,0.0,0.0,0.0,0.0,20.293214632668354,-240.9709403886938,20.445463137198059,-507.66672386021608,19.984079884797198,-324.52157807885666,19.80678537939692,-132.82126091546628,18.071649756788199,-8.838588517631333,20.546990637929093,-61.49338035855642,17.614362596892229,-174.1713818075014,16.42796766895966,-117.95068822862635,17.997670196391,-145.85043051279224,695.1250325404947,848.3169952128808,0.0,0.0,0.0,0.0,0.0,0.0,0.0,0.0,0.0,0.0,0.0,0.0,0.0,0.0,0.0,0.0,0.0,0.0,0.0,0.0,0.0,0.0,1.6436382915115373,0.5017210902049871,386.000727687296,465.5243321663198,12287.722977346066,0.288209875076036,0.043988076171556197,215.80089740138886,260.28537845391807,6854.585865516132,2.7951285821022147,0.5281800041765337,246.7072533139442,297.58698095514969,7843.785991461348,0.2990624919176159,0.05651218668133332,102.40250012791504,123.42164971945735,3239.822938091709,0.0,0.0,7.284892485949182,8.831708965639491,205.44329700599352,0.0,0.0,13.510617248233288,16.230447771164543,451.0701617245094,0.0,0.0,143.58932817844244,174.53433781727464,3849.657815276415,0.0,0.0,32.71244397453263,39.90488014352566,809.3492669953683,0.0,0.0,116.95872635290749,141.84874965817375,3279.0640106234357,31.82121052159512,21.82524727132726,433.12151872746849,524.2568713889398,13766.165718668437,0.0,0.0,113.93702990735888,139.8213028699033,2426.989842760797,0.0,19.79789172730251,40.89975897458021,22.000000000000008,30.00000000000001,0.0,19.864250565537085,40.121537408363469,12.000000000000006,30.00000000000001,0.0,19.681540495837603,40.846946194862,22.000000000000008,30.00000000000001,0.0,19.800808167420617,41.09887020789832,12.000000000000006,30.00000000000001,0.0,18.007217584222177,49.34891466951674,12.000000000000006,30.00000000000001,0.0,20.691509380524669,41.965896284163957,12.000000000000006,30.00000000000001,0.0,17.29699706921782,49.92215703452756,10.000000000000004,30.00000000000001,0.0,16.24292959020186,55.11634023101321,12.000000000000006,30.00000000000001,0.0,17.925110437198943,48.45942937836672,20.000000000000008,30.00000000000001,0.0,18.743463013511545,0.0,0.0,0.0,14.492365389464283,0.0,0.0,634.787645025094,612.5400311786258,622.6077752095591,642.0010600852436,760.0315643044339,995.0806830418596,712.9900346763892,770.6959643442854,727.635324966263,0.0,80.18197220334906,80.18197220334906,60.00000000000002,0.0,60.00000000000002,60.00000000000002,12.0,12.0,12.0,19.0,12.0,12.0,21.0,10.0,0.0,0.0,0.0,0.0,0.0,0.0,0.0,0.0,0.0,0.0,0.0,0.0,0.0,80.18197220334906,80.18197220334906,0.0,0.0,0.0,80.18197220334906,0.0,0.0,0.00067 
 03/12  23:50:00,4.193333333333333,97.0,1.1099999999999999,0.0,0.0,0.0,0.0,0.0,2.0,0.0,0.0,0.0,0.0,0.0,0.0,912.0,0.0,0.0,0.0,0.0,0.0,0.0,0.0,0.0,0.0,0.0,0.0,20.181903365049274,-105.81983378677296,20.37486512399815,-330.7243219528964,19.872030157885285,-168.6775821833644,19.65741802973423,-85.87041416413718,18.05440047348018,-11.813640489309677,20.476749796722794,-65.95842666928061,17.502136740849168,-146.96113377700568,16.347426595732374,-110.78675071185507,17.87120795924551,-146.26976836583754,578.2941954824787,890.6186530163343,0.0,0.0,0.0,0.0,0.0,0.0,0.0,0.0,0.0,0.0,0.0,0.0,0.0,0.0,0.0,0.0,0.0,0.0,0.0,0.0,0.0,0.0,1.6147038748139713,0.49288885067581547,164.66170427834266,198.36393681807983,5250.870763750443,0.29457256142541846,0.04495918214673664,114.36900652846177,137.66129644789454,3647.603281339966,2.8365473240090948,0.5360066749828223,164.74046249089427,198.66820223430279,5256.9915470260689,0.3120608688348162,0.05896841814716858,113.7179646752788,137.0714709810733,3573.7727226503236,0.0,0.0,7.6455505545575399,9.263437366310788,216.17108008917453,0.0,0.0,13.533655288789447,16.24983282469318,451.2977453976384,0.0,0.0,152.32457311787119,185.13472396046428,4052.751550255813,0.0,0.0,32.24605268081914,39.31998440560179,794.36464163283,0.0,0.0,123.32707139773989,149.55931522838388,3433.1811331258725,31.788384678264579,21.802732975490117,218.42389687406979,264.422394876681,7234.276384016384,0.0,0.0,119.42232156662638,146.50112732403546,2537.8308905526248,0.0,19.703563029568689,40.63381398653352,22.0,30.0,0.0,19.86263166961409,39.72173577746517,12.0,30.0,0.0,19.58885255013724,41.01097841194171,22.0,30.0,0.0,19.588217094269866,41.11154964619976,12.0,30.0,0.0,17.987548412686477,48.84523086322289,12.0,30.0,0.0,20.61299076626251,41.53484010823719,12.0,30.0,0.0,17.134564341904765,50.13134212290086,10.0,30.0,0.0,16.132255229921467,54.896971040887788,12.0,30.0,0.0,17.76418718498183,48.53159942263274,20.0,30.0,0.0,18.33921680171113,0.0,0.0,0.0,14.41513257271723,0.0,0.0,618.8092087118803,599.3239091781553,621.6040077581471,624.4211485564053,743.643485216899,979.3979086191782,705.0292878216981,755.4521438927811,715.9829034158045,0.0,80.18197220334904,80.18197220334904,60.0,0.0,60.0,60.0,12.0,12.0,12.0,19.0,12.0,12.0,21.0,10.0,0.0,0.0,0.0,0.0,0.0,0.0,0.0,0.0,0.0,0.0,0.0,0.0,0.0,80.18197220334904,80.18197220334904,0.0,0.0,0.0,80.18197220334904,0.0,0.0,0.0006799999999999999 
 03/12  24:00:00,4.14,97.0,1.16,0.0,0.0,0.0,0.0,0.0,2.0,0.0,0.0,0.0,0.0,0.0,0.0,1368.0,0.0,0.0,0.0,0.0,0.0,0.0,0.0,0.0,0.0,0.0,0.0,20.062211532602704,-211.45019958293524,20.260424935002395,-340.93391156320208,19.757585260597403,-158.24715721408587,19.578664698873653,-99.15914327390292,18.03532907743398,-13.557306379390422,20.413453607365417,-66.75597521933739,17.43338758919115,-151.1697188793273,16.28407006347519,-112.76858132236932,17.76822938954598,-147.75178439456779,524.4131307122885,871.0649564270043,0.0,0.0,0.0,0.0,0.0,0.0,0.0,0.0,0.0,0.0,0.0,0.0,0.0,0.0,0.0,0.0,0.0,0.0,0.0,0.0,0.0,0.0,1.6013109317442603,0.48880065071558667,199.73485523652529,240.8610216813948,6314.0203321053909,0.28756625148316125,0.043889843022460548,111.80327203033409,134.75759351240368,3548.111168206546,2.8194952045669128,0.5327844301902713,155.42520261801938,187.50733644272777,4938.570048515107,0.310402439938096,0.058655034001907819,64.51909839908254,77.7560921784938,2023.0256383656343,0.0,0.0,7.599094528860851,9.216142289843156,215.34511733111663,0.0,0.0,13.579721852485598,16.32289354957789,452.55324672732447,0.0,0.0,150.0356063488321,182.56849593245574,3982.858342175142,0.0,0.0,31.78320336283514,38.79923634759163,781.5163731216333,0.0,0.0,121.0070532261431,146.93276422124698,3353.1048567214454,31.72440819031737,21.75885335412716,212.34062131007324,257.12865435732285,7028.710494313923,0.0,0.0,117.27032074655162,144.05440459142307,2472.19639800554,0.0,19.547450165605185,40.515523229597388,22.000000000000019,30.00000000000002,0.0,19.74457854233573,39.77149108922622,12.00000000000001,30.00000000000002,0.0,19.471855357451529,40.96017093724685,22.000000000000019,30.00000000000002,0.0,19.501180301477189,41.15399629060987,12.00000000000001,30.00000000000002,0.0,17.9669748274438,48.459298849789167,12.00000000000001,30.00000000000002,0.0,20.54872585045311,41.19522170813045,12.00000000000001,30.00000000000002,0.0,17.049888671243769,49.722516182454629,10.000000000000007,30.00000000000002,0.0,16.05572125422893,54.5830314387763,12.00000000000001,30.00000000000002,0.0,17.64479355084897,48.390013270228639,20.000000000000015,30.00000000000002,0.0,18.111690308540358,0.0,0.0,0.0,14.276487921855355,0.0,0.0,602.8089166692569,592.5552842184131,611.7230450486189,620.2272841502346,730.7598553376196,965.6885580295561,686.8758431731218,740.9151811522727,701.8190729652732,0.0,80.1819722033491,80.1819722033491,60.00000000000004,0.0,60.00000000000004,60.00000000000004,12.0,12.0,12.0,19.0,12.0,12.0,21.0,10.0,0.0,0.0,0.0,0.0,0.0,0.0,0.0,0.0,0.0,0.0,0.0,0.0,0.0,80.1819722033491,80.1819722033491,0.0,0.0,0.0,80.1819722033491,0.0,0.0,0.0006900000000000001 
 03/13  00:10:00,3.885,97.0,1.28,0.0,0.0,0.0,0.0,0.0,2.0,2.0,0.0,0.0,0.0,0.0,0.0,1368.0,0.0,0.0,0.0,0.0,0.0,0.0,0.0,0.0,0.0,0.0,0.0,19.975245375898653,-149.15924862223376,20.131424408490056,-346.7811156004136,19.611485319069968,-131.9734901226343,19.469383965409294,-124.17562390809887,18.020014253062056,-6.127291172887169,20.352062873424904,-57.67264096599941,17.642417933817243,159.8842901835125,16.173347879133947,-177.3856906275579,17.786631864458586,-28.946488898941028,563.1275272632147,428.2801586574917,0.0,0.0,0.0,0.0,0.0,0.0,0.0,0.0,0.0,0.0,0.0,0.0,0.0,0.0,0.0,0.0,0.0,0.0,0.0,0.0,0.0,0.0,1.6132645219014004,0.4924494877598903,181.64131432672395,219.24588275595176,5811.680452557248,0.29102057746126189,0.04441706005208515,123.17370915442095,148.59982033119003,3944.399492351725,2.8760823483119677,0.5434773900816268,183.99599762823736,222.32626106121908,5865.769815882029,0.31800993618763159,0.06009258053432189,133.01984799869599,160.70213054429534,4203.426480005126,0.0,0.0,7.091491627511319,8.600066494298412,204.5010498478336,0.0,0.0,13.135315937497149,15.792791386701588,443.0308238647987,0.0,0.0,74.03180914211721,89.95319145157657,2071.9585847491259,0.0,0.0,36.52721240120634,44.619843850296799,905.0339210328638,0.0,0.0,14.06330008242692,17.06679444232512,399.5861273435332,31.94350002238894,21.909122100403946,246.38474639898016,298.84600387497536,8117.0710128859459,0.0,0.0,46.73143207312102,57.55116885375723,943.2391488204869,0.0,19.473943318598324,39.95455601818183,22.0,30.0,0.0,19.594913714663585,39.44489125813096,12.0,30.0,0.0,19.284391121091227,40.685239383035838,22.0,30.0,0.0,19.35555551944595,40.73120976679413,12.0,30.0,0.0,17.956315040140234,47.713041791569569,12.0,30.0,0.0,20.489984206749417,40.64307466305602,12.0,30.0,0.0,17.52321299062997,46.46476064816197,10.0,30.0,0.0,15.885398715500817,54.21115272849214,12.0,30.0,0.0,17.734646669167434,47.725169135925728,20.0,30.0,0.0,18.134601776401909,0.0,0.0,0.0,13.564306082709696,0.0,0.0,581.0625618077299,574.310214588307,590.8523948557022,598.5169550458344,706.0828166529067,946.45139346118,627.4810964944676,722.736666129457,752.4164914099181,0.0,80.18197220334904,80.18197220334904,60.0,0.0,60.0,60.0,12.0,12.0,12.0,19.0,12.0,12.0,21.0,10.0,0.0,0.0,0.0,0.0,0.0,0.0,0.0,0.0,0.0,0.0,0.0,0.0,0.0,80.18197220334904,80.18197220334904,0.0,0.0,0.0,80.18197220334904,0.0,0.0,0.0007000000000000001 
 03/13  00:20:00,3.63,97.0,1.4,0.0,0.0,0.0,0.0,0.0,2.0,2.0,0.0,0.0,0.0,0.0,0.0,912.0,0.0,0.0,0.0,0.0,0.0,0.0,0.0,0.0,0.0,0.0,0.0,19.90332280788838,-151.53860060953412,20.03671851860768,-300.69057081921849,19.590091249635856,-55.40834877633188,19.378956039642437,-68.52064051167327,18.00497571828348,-3.9019399364243556,20.291182703596733,-53.800247748088,17.85755514331059,86.94797322427576,16.050987576463016,-183.8450984692222,17.84234194132108,-34.70823496687464,470.88541346548166,484.453115983447,0.0,0.0,0.0,0.0,0.0,0.0,0.0,0.0,0.0,0.0,0.0,0.0,0.0,0.0,0.0,0.0,0.0,0.0,0.0,0.0,0.0,0.0,1.6461105463392869,0.5024757467458141,148.73555213013334,179.48564542142533,4833.79471509366,0.3033718594363543,0.04630217634864993,99.09066468647259,119.56507164108644,3212.9094807454587,2.9320729766466018,0.5540576297518145,143.90092616080848,173.7432647970852,4697.146122170965,0.3258356035929757,0.061571353664583449,90.92661946106525,109.68256146419287,2906.1256164203389,0.0,0.0,6.8956274117774909,8.358391862146249,202.32502662104057,0.0,0.0,12.843442169044727,15.435048797537175,438.4006224754185,0.0,0.0,76.7343463700919,93.03401999569639,2247.458516274436,0.0,0.0,39.50925076752853,48.24894132961968,985.4359797854781,0.0,0.0,13.467380398210484,16.330442901258598,392.9529495489204,32.30069134932225,22.15410929308797,147.97629326219454,179.68132933545673,5192.9342099472619,0.0,0.0,49.89471067555871,61.433820337678017,1015.3218983502436,0.0,19.411479960998244,39.76213884003509,22.0,30.0,0.0,19.50900822914339,39.276502084953339,12.0,30.0,0.0,19.332683398528759,40.30578546536708,22.0,30.0,0.0,19.252325233752577,40.54660025074763,12.0,30.0,0.0,17.946367815260698,46.89469546921136,12.0,30.0,0.0,20.43054142221377,40.0908887106108,12.0,30.0,0.0,17.919107529623156,44.8705979634947,10.0,30.0,0.0,15.705270551164534,54.007485662626979,12.0,30.0,0.0,17.864864364794536,47.08457617534493,20.0,30.0,0.0,17.669586259425008,0.0,0.0,0.0,13.381145874426345,0.0,0.0,572.9783791056605,565.2511803474206,584.9965530823093,588.3444994364857,679.5641763624553,928.6216851045172,615.7672274106344,704.644043808156,818.7419952554529,0.0,80.18197220334904,80.18197220334904,60.0,0.0,60.0,60.0,12.0,12.0,12.0,19.0,12.0,12.0,21.0,10.0,0.0,0.0,0.0,0.0,0.0,0.0,0.0,0.0,0.0,0.0,0.0,0.0,0.0,80.18197220334904,80.18197220334904,0.0,0.0,0.0,80.18197220334904,0.0,0.0,0.0007000000000000001 
 03/13  00:30:00,3.375,97.0,1.52,0.0,0.0,0.0,0.0,0.0,2.0,2.0,0.0,0.0,0.0,0.0,0.0,912.0,0.0,0.0,0.0,0.0,0.0,0.0,0.0,0.0,0.0,0.0,0.0,19.62929297926145,-265.4555089073838,19.94568338605438,-435.24591576186097,19.464198829444066,-256.60416620699109,19.363982716983715,-14.385736635621726,17.99085047952181,-0.9855397975203601,20.23734436315401,-42.51385984366655,17.870669848253628,-10.877939842444448,15.922234277056612,-203.33175124004743,17.864130693179648,-39.78307197178731,591.2725449021723,568.124646034686,0.0,0.0,0.0,0.0,0.0,0.0,0.0,0.0,0.0,0.0,0.0,0.0,0.0,0.0,0.0,0.0,0.0,0.0,0.0,0.0,0.0,0.0,1.728127552687491,0.5275114629693196,383.5631510832849,463.00986423765678,12339.354390437828,0.29973525670553105,0.04574713930182098,222.38176284309604,268.1648864860847,7239.249178645528,2.785134925148559,0.5262915580401664,140.92233175772609,170.0524523980447,4601.327342290215,0.30684148850002015,0.05798214068405519,6.010148344723135,7.248032699620316,204.77578921595905,0.0,0.0,5.9122680343296,7.169309158048158,176.45379587466733,0.0,0.0,12.353815845115843,14.848816501754023,426.96612839762136,0.0,0.0,70.34823651998113,85.33094717691492,2099.351399541558,0.0,0.0,45.499150569582358,55.61954814738384,1141.9895329255087,0.0,0.0,14.501706419272056,17.5739130499498,432.51858361262966,32.591018795029857,22.353236484931317,342.8965324565082,415.5524823416638,11176.197511073722,0.0,0.0,56.1736734483773,69.19078973980399,1169.382483811461,0.0,18.946340590948127,40.029030993181397,22.0,30.0,0.0,19.420002734513554,38.91411700267055,12.0,30.0,0.0,19.159401571846368,39.65914927154615,22.0,30.0,0.0,19.284571225448624,40.57949931018252,12.0,30.0,0.0,17.93910501550332,46.233685701697087,12.0,30.0,0.0,20.384560540778258,39.630672775860478,12.0,30.0,0.0,17.924660024213517,44.001592843278178,10.0,30.0,0.0,15.5161038007764,53.19018443128865,12.0,30.0,0.0,17.926102225430478,46.47135877510061,20.0,30.0,0.0,17.914099297197834,0.0,0.0,0.0,13.352604127968342,0.0,0.0,555.1332931605626,554.6813255141142,560.6539908602613,605.0914748381069,660.4572925994362,922.7887131604023,602.5526504976563,672.7708983057214,853.4926884840215,0.0,80.18197220334904,80.18197220334904,60.0,0.0,60.0,60.0,12.0,12.0,12.0,19.0,12.0,12.0,21.0,10.0,0.0,0.0,0.0,0.0,0.0,0.0,0.0,0.0,0.0,0.0,0.0,0.0,0.0,80.18197220334904,80.18197220334904,0.0,0.0,0.0,80.18197220334904,0.0,0.0,0.0007000000000000001 
 03/13  00:40:00,3.12,97.0,1.64,0.0,0.0,0.0,0.0,0.0,2.0,2.0,0.0,0.0,0.0,0.0,0.0,1368.0,0.0,0.0,0.0,0.0,0.0,0.0,0.0,0.0,0.0,0.0,0.0,19.691949162322119,-203.39313942408885,19.76619902227357,-304.56058542059079,19.357417719500284,-69.9052691443008,19.262725915218146,-120.20757507471278,17.97549859913864,-0.8088769800250482,20.185311955987694,-48.03341792428741,17.8261858561052,4.32587691385804,15.8254892864915,-200.2815892254402,17.86789807876709,-48.8208291503186,595.1086344557084,573.3114199768794,0.0,0.0,0.0,0.0,0.0,0.0,0.0,0.0,0.0,0.0,0.0,0.0,0.0,0.0,0.0,0.0,0.0,0.0,0.0,0.0,0.0,0.0,1.7218783041001465,0.5256038779304482,276.0735346958793,333.68702165445986,9075.436428484558,0.3146357664554036,0.04802133187658789,165.41494578536567,199.94225628305498,5423.324761125188,2.9401611598761168,0.5555860090468858,111.9648676580448,135.41749861396739,3732.4737379995615,0.3201467660047132,0.06049636545818469,50.49936141719545,61.20039257049038,1655.8918567607764,0.0,0.0,6.1450483828027979,7.454235482271617,186.48252782184978,0.0,0.0,12.522956136858458,15.06708161195404,438.1522593687246,0.0,0.0,74.66701287225428,90.62562425936358,2254.1438672108376,0.0,0.0,45.955383076224027,56.24020132814521,1166.3159858260647,0.0,0.0,15.53356893739554,18.84015837411867,472.0656102694387,32.85813227459859,22.536441889299466,249.56020297005984,303.1003284731028,8503.026020632251,0.0,0.0,56.52773406440798,69.70079667916743,1194.8277184097,0.0,19.148421909184628,39.401319250728807,22.000000000000019,30.00000000000002,0.0,19.190029497236567,38.9124482106602,12.00000000000001,30.00000000000002,0.0,19.054382505572499,40.111666127754478,22.000000000000019,30.00000000000002,0.0,19.132403078325348,39.32611108855474,12.00000000000001,30.00000000000002,0.0,17.930200518659004,45.69183309392641,12.00000000000001,30.00000000000002,0.0,20.340095473671704,39.18138153824719,12.00000000000001,30.00000000000002,0.0,17.84823603488102,43.76748232430974,10.000000000000007,30.00000000000002,0.0,15.394773434017294,53.079774696168239,12.00000000000001,30.00000000000002,0.0,17.952110816676755,45.87053314864455,20.000000000000015,30.00000000000002,0.0,17.821897472520477,0.0,0.0,0.0,13.249819966815324,0.0,0.0,554.087467877098,544.1202627204451,574.2017280164275,558.3550538283909,645.9356717970386,910.7378342257598,594.2367926005918,672.2601699567114,862.8386210769388,0.0,80.1819722033491,80.1819722033491,60.00000000000004,0.0,60.00000000000004,60.00000000000004,12.0,12.0,12.0,19.0,12.0,12.0,21.0,10.0,0.0,0.0,0.0,0.0,0.0,0.0,0.0,0.0,0.0,0.0,0.0,0.0,0.0,80.1819722033491,80.1819722033491,0.0,0.0,0.0,80.1819722033491,0.0,0.0,0.0007000000000000001 
 03/13  00:50:00,2.8649999999999999,97.0,1.76,0.0,0.0,0.0,0.0,0.0,2.0,2.0,0.0,0.0,0.0,0.0,0.0,912.0,0.0,0.0,0.0,0.0,0.0,0.0,0.0,0.0,0.0,0.0,0.0,19.627436818022959,-106.75667458467456,19.712334639432706,-366.48985904388499,19.315554392772069,-43.284223091623747,19.182529025155689,-139.3325183065498,17.954696405496447,-1.0294962438880049,20.12353836586129,-47.194854119885039,17.80966522299107,0.09618409472932399,15.727025224845895,-200.10998865865259,17.858731406387393,-53.28188291223,469.8703399512324,591.473322788793,0.0,0.0,0.0,0.0,0.0,0.0,0.0,0.0,0.0,0.0,0.0,0.0,0.0,0.0,0.0,0.0,0.0,0.0,0.0,0.0,0.0,0.0,1.7439381358101467,0.5323376482936956,140.83212375569455,169.9593856894964,4731.574565272754,0.31682117294999648,0.04835487987637309,90.66015004271655,109.33608626296774,3001.512969923491,3.0034726000063349,0.5675496220722479,75.59849643689435,91.37156977437559,2593.133084201513,0.33062145097263725,0.06247570880057391,44.20776495183058,53.41554936322274,1468.9545907125808,0.0,0.0,6.253599734277943,7.581757370626445,192.8276544375448,0.0,0.0,12.533752839981485,15.072586840724029,443.5563097079196,0.0,0.0,76.82896635578396,93.19434419532434,2356.760302503515,0.0,0.0,47.07227383930895,57.590160677620449,1207.832965977773,0.0,0.0,16.217934677156344,19.656909390123013,501.44116123743415,33.153786274757369,22.739222410670359,135.03624071308983,164.02677066550755,4983.327401960288,0.0,0.0,57.79236132146479,71.22742983965758,1243.7253644190176,0.0,19.112839955587334,39.0076210410332,22.0,30.0,0.0,19.17460087812066,38.440454828223838,12.0,30.0,0.0,19.049878446055435,39.46175854631057,22.0,30.0,0.0,19.041337698075496,39.11176324910461,12.0,30.0,0.0,17.911907201889478,45.096143975369489,12.0,30.0,0.0,20.278104025192186,38.74652834621561,12.0,30.0,0.0,17.830313714613319,43.46375598291776,10.0,30.0,0.0,15.269151252998619,52.91258708956393,12.0,30.0,0.0,17.955171001393678,45.28179886627649,20.0,30.0,0.0,17.261625586531303,0.0,0.0,0.0,13.175993944579734,0.0,0.0,546.9742472692208,539.8284388827749,561.2360545752224,555.3630754301142,630.4466933100796,898.0934449247138,591.133297656259,670.9400369029814,865.054542199616,0.0,80.18197220334904,80.18197220334904,60.0,0.0,60.0,60.0,12.0,12.0,12.0,19.0,12.0,12.0,21.0,10.0,0.0,0.0,0.0,0.0,0.0,0.0,0.0,0.0,0.0,0.0,0.0,0.0,0.0,80.18197220334904,80.18197220334904,0.0,0.0,0.0,80.18197220334904,0.0,0.0,0.0006933333333333333 
 03/13  01:00:00,2.61,97.0,1.88,0.0,0.0,0.0,0.0,0.0,2.0,2.0,0.0,0.0,0.0,0.0,0.0,1368.0,0.0,0.0,0.0,0.0,0.0,0.0,0.0,0.0,0.0,0.0,0.0,19.508778072661845,-239.29280182983764,19.595768100729104,-316.9680853466954,19.25480054469212,-113.87685092028696,19.113321118458445,-112.3467652619019,17.93231226942158,-1.4159651708738288,20.065424372040565,-48.4251468529028,17.781077582688789,-15.617713290053125,15.643544887621028,-202.74905850564515,17.842039958307344,-55.7836411086281,492.7948683674423,608.1058146522764,0.0,0.0,0.0,0.0,0.0,0.0,0.0,0.0,0.0,0.0,0.0,0.0,0.0,0.0,0.0,0.0,0.0,0.0,0.0,0.0,0.0,0.0,1.7694433139187227,0.5401231116968023,201.01012951732845,242.90524909347028,6746.899486255532,0.3273411308887416,0.049960490062384298,121.22727479655059,146.44521451316758,4067.7561833016459,2.993656383821606,0.5656947059375679,84.30270886127529,101.8763781278826,2915.5441133486244,0.33110875690023919,0.0625677923091911,72.58415925170243,87.72986923432595,2431.040071756409,0.0,0.0,6.348261243306469,7.70340497557291,198.77992165171458,0.0,0.0,12.659382617183479,15.237803965190342,453.1651841529562,0.0,0.0,76.04029351575216,92.33054155042209,2366.253162236456,0.0,0.0,48.20845316529109,59.04689335069349,1252.9889010266043,0.0,0.0,17.629834315501254,21.382685026902583,553.8636212466979,33.443952786730559,22.93823922272332,165.8676814245464,201.48918950887384,6026.016333645317,0.0,0.0,59.09018192617311,72.8993032267001,1295.5288450249987,0.0,18.940417632706937,38.50626100080098,22.000000000000019,30.00000000000002,0.0,19.049587157037075,38.17911353540738,12.00000000000001,30.00000000000002,0.0,18.998033497998724,39.013950661945148,22.000000000000019,30.00000000000002,0.0,18.979234015457118,38.99842524450828,12.00000000000001,30.00000000000002,0.0,17.891974373307254,44.63990512737743,12.00000000000001,30.00000000000002,0.0,20.223873804586846,38.39778783978088,12.00000000000001,30.00000000000002,0.0,17.79051745938545,42.8472491161631,10.000000000000007,30.00000000000002,0.0,15.17261704200996,52.63124998120908,12.00000000000001,30.00000000000002,0.0,17.945152784372149,44.80110066111476,20.000000000000015,30.00000000000002,0.0,17.198766457683086,0.0,0.0,0.0,13.114780339799282,0.0,0.0,535.6287972830988,532.0468839706615,554.4528947800448,554.4901200312428,620.0243035373401,888.9761227147594,584.3419846305316,666.3317009453708,860.872749542265,0.0,80.1819722033491,80.1819722033491,60.00000000000004,0.0,60.00000000000004,60.00000000000004,12.0,12.0,12.0,19.0,12.0,12.0,21.0,10.0,0.0,0.0,0.0,0.0,0.0,0.0,0.0,0.0,0.0,0.0,0.0,0.0,0.0,80.1819722033491,80.1819722033491,0.0,0.0,0.0,80.1819722033491,0.0,0.0,0.0006866666666666668 
 03/13  01:10:00,2.6599999999999999,97.0,1.85,0.0,0.0,0.0,0.0,0.0,2.0,2.0,0.0,0.0,0.0,0.0,0.0,912.0,0.0,0.0,0.0,0.0,0.0,0.0,0.0,0.0,0.0,0.0,0.0,19.337634836686598,-336.12642664803709,19.54074755985465,-156.5834261075113,19.145089373936015,-126.31042600151477,19.006061201719505,-142.18665972025603,17.907001702143647,-1.5075064028737018,20.005677410036829,-50.039836224981488,17.737112243497934,-4.769907706910772,15.562482353052012,-200.81019581641113,17.821263626221897,-60.08382996962416,538.0320509305025,613.6890444642606,0.0,0.0,0.0,0.0,0.0,0.0,0.0,0.0,0.0,0.0,0.0,0.0,0.0,0.0,0.0,0.0,0.0,0.0,0.0,0.0,0.0,0.0,1.7508448246010147,0.5344459171553769,197.54241681068383,238.94084999418286,6490.510617547347,0.33076223922319528,0.05048263724407742,86.89861066908803,105.00878572408377,2910.61488446815,3.0076330680605736,0.5683358027325349,125.25310042463123,151.28063537850728,4240.438477782205,0.33173574520499846,0.06268627082482963,41.13289179998892,49.65699484266007,1361.7741800252166,0.0,0.0,6.614852567870321,8.020423197959165,206.15207322350677,0.0,0.0,12.62898989958573,15.194930217217426,449.27548410663777,0.0,0.0,78.61290404610088,95.39075113012246,2428.9382226229115,0.0,0.0,48.642843438287247,59.555832896162588,1250.1996863944749,0.0,0.0,17.932742657336705,21.738759431049858,560.9079493430622,33.28182623102043,22.827041310713608,188.66975252754743,229.02631888254136,6732.985296658167,0.0,0.0,59.39746228110434,73.24532539756666,1287.7229796545726,0.0,18.69133381708619,38.61893392527483,22.0,30.0,0.0,19.027046597151509,37.77057794903793,12.0,30.0,0.0,18.853351109330164,38.57335095699259,22.0,30.0,0.0,18.832823736504495,38.24232903770799,12.0,30.0,0.0,17.867615525989767,44.065965115753318,12.0,30.0,0.0,20.159536972782499,37.94504059412245,12.0,30.0,0.0,17.730023369095563,42.658992270690898,10.0,30.0,0.0,15.077628399793817,52.38569414222503,12.0,30.0,0.0,17.925975146739,44.22377499560305,20.0,30.0,0.0,17.3403608206915,0.0,0.0,0.0,13.043831663337315,0.0,0.0,528.0278411679752,526.8812556211481,541.6915115188325,533.3904289232964,609.0108070161415,877.0426305803629,582.240439735459,665.5522682148707,850.7779848256446,0.0,80.18197220334904,80.18197220334904,60.0,0.0,60.0,60.0,12.0,12.0,12.0,19.0,12.0,12.0,21.0,10.0,0.0,0.0,0.0,0.0,0.0,0.0,0.0,0.0,0.0,0.0,0.0,0.0,0.0,80.18197220334904,80.18197220334904,0.0,0.0,0.0,80.18197220334904,0.0,0.0,0.0006799999999999999 
 03/13  01:20:00,2.71,97.0,1.82,0.0,0.0,0.0,0.0,0.0,2.0,2.0,0.0,0.0,0.0,0.0,0.0,1368.0,0.0,0.0,0.0,0.0,0.0,0.0,0.0,0.0,0.0,0.0,0.0,19.305574234711935,28.82415021382742,19.45993159629642,-431.7975194483981,19.057142180042296,-150.45462554786713,18.93212137642993,-57.11534797129954,17.88167123039332,-1.857570056645916,19.950996215632789,-49.90508399524121,17.682757173425427,-41.74403843429019,15.492106133966317,-202.05563123813136,17.798618764280538,-61.238089526312268,482.202575076157,616.3227806797975,0.0,0.0,0.0,0.0,0.0,0.0,0.0,0.0,0.0,0.0,0.0,0.0,0.0,0.0,0.0,0.0,0.0,0.0,0.0,0.0,0.0,0.0,1.715531093947659,0.5236663900939128,179.4065982678373,217.29305940066423,5924.755321063394,0.3111283558569186,0.047486012798674998,140.31717871980897,169.82802286425807,4647.929956513677,2.9504228338948854,0.5575251008871665,89.26684804440296,108.09771500905575,3017.193681292501,0.3267923435638057,0.061752143530575499,60.92104972872924,73.71764950131632,2004.8311422564844,0.0,0.0,6.179609737141268,7.499128761078213,191.64775566027658,0.0,0.0,13.096880784599979,15.772916874099654,463.1582636690222,0.0,0.0,73.38971960966467,89.14366069972972,2248.0860368171377,0.0,0.0,48.85948900199187,59.88345438434589,1243.2560023299773,0.0,0.0,19.163500241747746,23.250421600444019,596.554225075047,32.97130024745439,22.61406052637475,170.77236737196459,207.91165127080127,6088.909412139169,0.0,0.0,59.478457683283867,73.41800454825759,1275.1754481395136,0.0,18.76869663636582,38.17233494966284,21.999999999999994,29.99999999999999,0.0,18.915880788360423,37.49454367703497,11.999999999999995,29.99999999999999,0.0,18.751179730814959,38.246497067895727,21.999999999999994,29.99999999999999,0.0,18.75739888383637,38.176978935035219,11.999999999999995,29.99999999999999,0.0,17.844455676843034,43.62416422343306,11.999999999999995,29.99999999999999,0.0,20.105194290418113,37.55189691425097,11.999999999999995,29.99999999999999,0.0,17.649186741492004,42.326300003802149,9.999999999999997,29.99999999999999,0.0,15.00233504383746,51.988826162502608,11.999999999999995,29.99999999999999,0.0,17.904557001827628,43.76165065195532,19.999999999999994,29.99999999999999,0.0,17.159813627994784,0.0,0.0,0.0,12.977460172114855,0.0,0.0,525.8508882881743,517.1579200353638,531.6954932737549,528.2136611414442,601.6757167460481,866.1443109895272,578.9502287082452,665.5524705494743,842.9855728695264,0.0,80.181972203349,80.181972203349,59.99999999999998,0.0,59.99999999999998,59.99999999999998,12.0,12.0,12.0,19.0,12.0,12.0,21.0,10.0,0.0,0.0,0.0,0.0,0.0,0.0,0.0,0.0,0.0,0.0,0.0,0.0,0.0,80.181972203349,80.181972203349,0.0,0.0,0.0,80.181972203349,0.0,0.0,0.0006766666666666667 
 03/13  01:30:00,2.76,97.0,1.79,0.0,0.0,0.0,0.0,0.0,2.0,2.0,0.0,0.0,0.0,0.0,0.0,912.0,0.0,0.0,0.0,0.0,0.0,0.0,0.0,0.0,0.0,0.0,0.0,19.195317722231068,-332.1260810145882,19.403313927107086,-191.55950168457367,19.036827242284944,-46.50414469457806,18.936334475156224,-2.7273008660221764,17.8524814978434,-2.584212286391974,19.89187614924422,-51.545276357139389,17.647144609834855,-14.151285489693692,15.4200608827121,-201.1506573736624,17.772021635281335,-63.99057040895997,426.9713603105831,621.1047006397223,0.0,0.0,0.0,0.0,0.0,0.0,0.0,0.0,0.0,0.0,0.0,0.0,0.0,0.0,0.0,0.0,0.0,0.0,0.0,0.0,0.0,0.0,1.7098457119448545,0.5219309255020923,156.59161803361565,189.48822977079522,5085.235535382472,0.32088706277482328,0.048975436931444338,99.62641799184758,120.4848422525491,3287.2783400194027,2.956677347382641,0.5587069817427517,39.84192486432265,48.10970766187388,1400.1792935452498,0.32680922193588715,0.06175533294328931,2.0862088128602989,2.5224307232830207,79.02872975247142,0.0,0.0,6.650674575060066,8.06612285575233,205.20555262111763,0.0,0.0,12.95412694972881,15.594492183424486,455.2429426846129,0.0,0.0,77.82018385040533,94.475702986042,2370.1169644391759,0.0,0.0,49.26648531332656,60.35728213642628,1240.8040023560089,0.0,0.0,19.510019726546074,23.658090292306836,604.2997397525408,32.8739992493361,22.547324588022027,114.9399341871558,139.81262757508936,4305.7489280999029,0.0,0.0,59.8589922047796,73.85342536905665,1269.7784985413678,0.0,18.58755246119977,37.83952856021837,22.0,30.0,0.0,18.898184432538089,37.308028482245308,12.0,30.0,0.0,18.787249390023218,38.15340893065586,22.0,30.0,0.0,18.814298752999023,38.105534428048517,12.0,30.0,0.0,17.81474812067129,43.13031776432672,12.0,30.0,0.0,20.041299909644665,37.155567720706397,12.0,30.0,0.0,17.609727175378688,41.95861330679284,10.0,30.0,0.0,14.922367792264826,51.70221509573853,12.0,30.0,0.0,17.875918531311826,43.253598206245488,20.0,30.0,0.0,16.888486971910284,0.0,0.0,0.0,12.915804808777015,0.0,0.0,510.8525739588583,513.8718994706673,539.1544568115502,539.7457524430647,594.576998934055,855.9871353371234,573.0300405045125,665.7856267474136,834.2224388280326,0.0,80.18197220334904,80.18197220334904,60.0,0.0,60.0,60.0,12.0,12.0,12.0,19.0,12.0,12.0,21.0,10.0,0.0,0.0,0.0,0.0,0.0,0.0,0.0,0.0,0.0,0.0,0.0,0.0,0.0,80.18197220334904,80.18197220334904,0.0,0.0,0.0,80.18197220334904,0.0,0.0,0.0006733333333333332 
 03/13  01:40:00,2.81,97.0,1.76,0.0,0.0,0.0,0.0,0.0,2.0,2.0,0.0,0.0,0.0,0.0,0.0,1368.0,0.0,0.0,0.0,0.0,0.0,0.0,0.0,0.0,0.0,0.0,0.0,19.166256777606493,27.65735896766436,19.320990067124006,-413.5055819469316,18.946202444768376,-157.6015227502711,18.86478204923545,-178.49762050000795,17.824470423549259,-2.7320978469828125,19.838664237698376,-50.87240338790324,17.59449363215195,-47.38172417218131,15.356338290169339,-201.7151627077147,17.74697447135692,-63.854782289646,516.3351375760942,622.8318860547664,0.0,0.0,0.0,0.0,0.0,0.0,0.0,0.0,0.0,0.0,0.0,0.0,0.0,0.0,0.0,0.0,0.0,0.0,0.0,0.0,0.0,0.0,1.6947801927271263,0.5173321711621267,190.25605250996183,230.55994022074777,6197.925449843283,0.3125229958680947,0.04769886994323792,119.96338174093768,145.27657672384013,3920.6363268812876,2.852623665768398,0.5390445324581256,112.84205651873616,136.56813173064149,3744.8714580876296,0.3136708547176884,0.059272648283765768,54.095239720508477,65.45008764091647,1760.927279731477,0.0,0.0,6.2544914695047109,7.59208316197834,191.9943493996214,0.0,0.0,13.190415453192328,15.893375024575452,460.8143344078512,0.0,0.0,72.39549838874022,87.97462447946092,2186.7944356594177,0.0,0.0,49.314418403177807,60.47499111015732,1230.411798283839,0.0,0.0,20.940007782492928,25.414857247657588,645.3511707851718,32.7013298848356,22.428895668611543,182.15843863887464,221.74795619090467,6337.842361212621,0.0,0.0,59.782794976175427,73.82846396737,1254.9488045194055,0.0,18.659384058794698,37.7756984370593,22.000000000000008,30.00000000000001,0.0,18.78904641692688,37.00836463928614,12.000000000000006,30.00000000000001,0.0,18.670187298869484,37.82369284357152,22.000000000000008,30.00000000000001,0.0,18.70660861171163,37.6454831789198,12.000000000000006,30.00000000000001,0.0,17.788576100506686,42.72527729753537,12.000000000000006,30.00000000000001,0.0,19.988902684031424,36.8214577662758,12.000000000000006,30.00000000000001,0.0,17.536792810270556,41.731503352191307,10.000000000000004,30.00000000000001,0.0,14.85769799486319,51.31325869809339,12.000000000000006,30.00000000000001,0.0,17.851285681138326,42.781893002634507,20.000000000000008,30.00000000000001,0.0,17.18890848255535,0.0,0.0,0.0,12.859145607775318,0.0,0.0,518.2895317255902,503.67617510892867,524.9081287384515,520.0632995958713,588.9564419888625,847.7197879217762,572.8483891882623,663.9100328561011,823.0459172279875,0.0,80.18197220334906,80.18197220334906,60.00000000000002,0.0,60.00000000000002,60.00000000000002,12.0,12.0,12.0,19.0,12.0,12.0,21.0,10.0,0.0,0.0,0.0,0.0,0.0,0.0,0.0,0.0,0.0,0.0,0.0,0.0,0.0,80.18197220334906,80.18197220334906,0.0,0.0,0.0,80.18197220334906,0.0,0.0,0.00067 
 03/13  01:50:00,2.8600000000000005,97.0,1.73,0.0,0.0,0.0,0.0,0.0,2.0,2.0,0.0,0.0,0.0,0.0,0.0,912.0,0.0,0.0,0.0,0.0,0.0,0.0,0.0,0.0,0.0,0.0,0.0,19.098708552911036,-263.67327166226507,19.287587120990908,-160.27387304162904,18.89820759296113,-80.24633276646284,18.778350080112717,-62.543260829259,17.792852789290629,-3.2921180862044254,19.781521407904067,-51.77562999556423,17.559032382971183,-20.260581331072446,15.290045225940553,-200.8662015816251,17.71783051516085,-67.3943598015677,447.3949610890277,626.2802133027917,0.0,0.0,0.0,0.0,0.0,0.0,0.0,0.0,0.0,0.0,0.0,0.0,0.0,0.0,0.0,0.0,0.0,0.0,0.0,0.0,0.0,0.0,1.6787591400409634,0.512441739939244,139.07355593883623,168.29675021148396,4492.257803279578,0.3141562543267324,0.0479481462647638,74.89506737750287,90.64370961624744,2443.67114712612,2.8852210119031067,0.5452042728463923,78.5054314455035,94.93043469910887,2622.0375647850798,0.3239892745559171,0.061222463068011528,78.41553359652355,94.81760391367475,2532.9628505410566,0.0,0.0,6.651971990827638,8.070139399962653,203.1087879770397,0.0,0.0,13.057026462464743,15.725815204990582,453.3301949655746,0.0,0.0,77.39899618478123,94.0036355654714,2324.875434016315,0.0,0.0,49.737789986430957,60.96793390022753,1228.9130208243119,0.0,0.0,20.379396660960788,24.719544591427643,624.7355010755393,32.561708194677098,22.3331331925083,129.06877490853953,157.06595467270723,4671.19049202749,0.0,0.0,60.18260088637278,74.28607391012435,1250.8611841995626,0.0,18.558248547162,37.46956420846366,22.0,30.0,0.0,18.813545757353887,36.913403839239979,12.0,30.0,0.0,18.64937818185325,37.69690870733499,22.0,30.0,0.0,18.606808641807708,37.701575319821589,12.0,30.0,0.0,17.75615827040352,42.292997348103998,12.0,30.0,0.0,19.927809176423918,36.48594436574133,12.0,30.0,0.0,17.500967990513265,41.42977895855214,10.0,30.0,0.0,14.786704112881758,51.00994033180662,12.0,30.0,0.0,17.81867217089127,42.35063519620922,20.0,30.0,0.0,16.935476655708784,0.0,0.0,0.0,12.807104303478872,0.0,0.0,506.61400614125116,505.20863841561,524.3589547133419,519.902112789109,583.9866061676296,840.5901710432214,567.0850908171586,663.1886517792725,817.8053905909042,0.0,80.18197220334904,80.18197220334904,60.0,0.0,60.0,60.0,12.0,12.0,12.0,19.0,12.0,12.0,21.0,10.0,0.0,0.0,0.0,0.0,0.0,0.0,0.0,0.0,0.0,0.0,0.0,0.0,0.0,80.18197220334904,80.18197220334904,0.0,0.0,0.0,80.18197220334904,0.0,0.0,0.0006766666666666667 
 03/13  02:00:00,2.91,97.0,1.7,0.0,0.0,0.0,0.0,0.0,2.0,2.0,0.0,0.0,0.0,0.0,0.0,912.0,0.0,0.0,0.0,0.0,0.0,0.0,0.0,0.0,0.0,0.0,0.0,18.911240708160088,-117.09192700384574,19.26676967097887,-349.6421476518494,18.777639848668515,-245.4145627497328,18.66601960682533,-169.73987534382878,17.761350184309167,-2.804539789252857,19.726879601109937,-50.33114580792625,17.509502241033599,-62.77060263251269,15.226311616719006,-201.82318605406875,17.688585905504234,-67.68052483360145,644.2141603320779,623.5137381974175,0.0,0.0,0.0,0.0,0.0,0.0,0.0,0.0,0.0,0.0,0.0,0.0,0.0,0.0,0.0,0.0,0.0,0.0,0.0,0.0,0.0,0.0,1.6703259477642132,0.5098675054225315,419.4010602958856,507.9070730518498,13275.915986316011,0.290771433525564,0.044379034420873628,236.59676470666254,286.0104674777639,7666.973590295798,2.799208047571655,0.5289508782259366,340.9536194127577,412.82353047398547,10926.779166454568,0.3063984179901336,0.05789841609790883,177.07456953791388,214.4867976237702,5618.9172496766309,0.0,0.0,6.3772142609550379,7.740965873296304,193.67109894109727,0.0,0.0,13.351980785666403,16.083688412170994,460.7445525104898,0.0,0.0,69.76732260067429,84.78718414331812,2081.052933182174,0.0,0.0,49.67867664932749,60.915943638136798,1215.6670267014407,0.0,0.0,22.72938913048308,27.571940948290576,693.0058760189093,32.27900466645838,22.139235025005755,554.9132649202607,673.8912381287505,17633.952103070544,0.0,0.0,59.953256651291919,74.02311327761501,1233.2948235273985,0.0,18.288884697179083,37.97594299289333,22.0,30.0,0.0,18.820751395960558,36.63792275796489,12.0,30.0,0.0,18.47487500069988,37.50883994116481,22.0,30.0,0.0,18.426968916138639,37.6577528670914,12.0,30.0,0.0,17.7249489317604,41.830550646296078,12.0,30.0,0.0,19.871227380327676,36.181636761141408,12.0,30.0,0.0,17.43625409208158,41.091399615770189,10.0,30.0,0.0,14.719705947232658,50.35739753332119,12.0,30.0,0.0,17.78669361108088,41.78986948830317,20.0,30.0,0.0,17.586346010369299,0.0,0.0,0.0,12.753246822907134,0.0,0.0,506.4157398204935,502.55679252466578,508.13269149602686,508.34446735854189,578.4923603560926,834.7725784098841,566.9385057673757,659.2160268554786,804.7839510205895,0.0,80.18197220334904,80.18197220334904,60.0,0.0,60.0,60.0,12.0,12.0,12.0,19.0,12.0,12.0,21.0,10.0,0.0,0.0,0.0,0.0,0.0,0.0,0.0,0.0,0.0,0.0,0.0,0.0,0.0,80.18197220334904,80.18197220334904,0.0,0.0,0.0,80.18197220334904,0.0,0.0,0.0006833333333333333 
 03/13  02:10:00,2.786666666666667,97.0,1.6916666666666667,0.0,0.0,0.0,0.0,0.0,2.0,2.0,0.0,0.0,0.0,0.0,0.0,912.0,0.0,0.0,0.0,0.0,0.0,0.0,0.0,0.0,0.0,0.0,0.0,18.97405692636994,-249.0210769694786,19.100267097844396,-249.9113563272715,18.60834749555284,-105.39541551565435,18.629662898376965,-175.2008373346871,17.73003996501748,-4.166704389451695,19.673167159703696,-52.805837222795648,17.438301932919708,-31.821643964137594,15.164120433711816,-202.36127513219493,17.65899337668155,-71.98517418670451,632.7237303732009,627.6388030882907,0.0,0.0,0.0,0.0,0.0,0.0,0.0,0.0,0.0,0.0,0.0,0.0,0.0,0.0,0.0,0.0,0.0,0.0,0.0,0.0,0.0,0.0,1.6537979479922383,0.5048223284469593,308.1189286238076,373.081830761663,9896.776893221555,0.29619854081898985,0.045207347499845829,156.2590046156313,189.30262803050875,5036.486974376887,2.9738022686361367,0.5619429834913337,298.04825903036439,360.9193191626494,9527.270629257757,0.31908774828223288,0.06029624873058064,169.26451110112317,204.9181227749939,5409.307282328574,0.0,0.0,6.598659039770656,8.00664436773476,201.65983522473699,0.0,0.0,13.372842862374462,16.113010351539928,463.47342290504499,0.0,0.0,75.60696209476191,91.87865139556837,2258.3385863047299,0.0,0.0,50.35586815395925,61.7608534555618,1238.7073486034843,0.0,0.0,21.604667930478095,26.21257580583994,662.8244042067144,32.3853638805428,22.212183731510849,428.596678356545,520.6162939128532,13884.409148575001,0.0,0.0,60.72223180019695,74.9832774147558,1259.6524110982135,0.0,18.450979393037643,37.1695528635786,22.0,30.0,0.0,18.582793026307365,36.72738710685551,12.0,30.0,0.0,18.234131728151213,37.783672894052717,22.0,30.0,0.0,18.42289554484102,37.51264997242359,12.0,30.0,0.0,17.69471007620139,41.44166636595062,12.0,30.0,0.0,19.81972431068295,35.845740286121799,12.0,30.0,0.0,17.336851373689556,40.82590513628314,10.0,30.0,0.0,14.656654800712582,49.90855493884625,12.0,30.0,0.0,17.755714727254728,41.30669598699931,20.0,30.0,0.0,17.495108218073694,0.0,0.0,0.0,12.71231603647061,0.0,0.0,498.517461188543,493.55642239102749,503.2646626379299,506.9203560685774,573.073607585397,825.4475091193593,558.5250898688837,654.3534688331408,798.330848728514,0.0,80.18197220334904,80.18197220334904,60.0,0.0,60.0,60.0,12.0,12.0,12.0,19.0,12.0,12.0,21.0,10.0,0.0,0.0,0.0,0.0,0.0,0.0,0.0,0.0,0.0,0.0,0.0,0.0,0.0,80.18197220334904,80.18197220334904,0.0,0.0,0.0,80.18197220334904,0.0,0.0,0.00069 
 03/13  02:20:00,2.6633333333333337,97.0,1.6833333333333336,0.0,0.0,0.0,0.0,0.0,2.0,2.0,0.0,0.0,0.0,0.0,0.0,912.0,0.0,0.0,0.0,0.0,0.0,0.0,0.0,0.0,0.0,0.0,0.0,18.795334255943986,-103.39681944146833,19.095069833392335,-329.8856843392109,18.591356607677,-228.23331396561117,18.49489285784228,-117.0787854645987,17.695559950641539,-3.7456591995697439,19.61498897967278,-51.56324723931587,17.405608182681278,-62.047827193425067,15.103806553212188,-200.1425345120374,17.626972014149844,-71.43472574290502,623.0598621162617,626.5730787939782,0.0,0.0,0.0,0.0,0.0,0.0,0.0,0.0,0.0,0.0,0.0,0.0,0.0,0.0,0.0,0.0,0.0,0.0,0.0,0.0,0.0,0.0,1.663572841337061,0.5078061176242555,345.73645117163519,418.7755029984248,11071.145764288025,0.28668782111567855,0.04375577245355289,178.10613673651444,215.35389981206277,5787.179485540467,2.8968620612411919,0.5474040176192729,304.5267931849912,369.00542690839048,9804.894579703181,0.3191035358901818,0.060299232027623158,156.78741031146456,190.00592923177295,4997.9502156906869,0.0,0.0,6.374983477408712,7.739866096503572,195.99028269397628,0.0,0.0,13.61601855871552,16.409342223907716,473.7305994082326,0.0,0.0,71.0671618846325,86.40151854200552,2137.4471975681915,0.0,0.0,50.12460739137879,61.49281422242599,1239.8050221600936,0.0,0.0,23.13738332173223,28.076540034324006,714.099605440344,32.39013207812286,22.215454100221444,457.15105634689646,555.4383255936576,14777.27512466427,0.0,0.0,60.480747686261867,74.7011306643564,1264.489989887591,0.0,18.202762504166146,37.61778003868555,22.0,30.0,0.0,18.638821658038525,36.48391471030617,12.0,30.0,0.0,18.264663890327669,37.445208168393467,22.0,30.0,0.0,18.23224560480702,37.56600036655861,12.0,30.0,0.0,17.659330269520255,41.02752227815873,12.0,30.0,0.0,19.75999545393473,35.57011962637041,12.0,30.0,0.0,17.309756173204975,40.60584199033197,10.0,30.0,0.0,14.596876021693563,49.48893843866243,12.0,30.0,0.0,17.7211602092934,40.84070395675354,20.0,30.0,0.0,17.40114229364332,0.0,0.0,0.0,12.666139020410905,0.0,0.0,498.07617117147779,494.60260896320019,500.3023302077627,499.46295378384488,568.3405051172479,819.0541818257693,557.915007085872,650.4517365380084,788.718596065074,0.0,80.18197220334904,80.18197220334904,60.0,0.0,60.0,60.0,12.0,12.0,12.0,19.0,12.0,12.0,21.0,10.0,0.0,0.0,0.0,0.0,0.0,0.0,0.0,0.0,0.0,0.0,0.0,0.0,0.0,80.18197220334904,80.18197220334904,0.0,0.0,0.0,80.18197220334904,0.0,0.0,0.0006766666666666667 
 03/13  02:30:00,2.54,97.0,1.6749999999999999,0.0,0.0,0.0,0.0,0.0,2.0,2.0,0.0,0.0,0.0,0.0,0.0,912.0,0.0,0.0,0.0,0.0,0.0,0.0,0.0,0.0,0.0,0.0,0.0,18.816224072646965,-250.3014571522981,18.937350146203593,-247.4226377403072,18.448300429710323,-95.42261922198077,18.474769734815266,-171.01609899205324,17.66199826923637,-4.813705340653627,19.560018320722805,-53.94219697802717,17.34046405656136,-38.08975737838682,15.04520981125991,-200.02963677632284,17.595903234545376,-74.49693755259176,623.9425593652068,629.4192074703738,0.0,0.0,0.0,0.0,0.0,0.0,0.0,0.0,0.0,0.0,0.0,0.0,0.0,0.0,0.0,0.0,0.0,0.0,0.0,0.0,0.0,0.0,1.6682603160659162,0.5092369707160916,303.5735009383735,367.7843313111772,9803.046933109345,0.29920000533893967,0.04566544648030215,156.4405480012927,189.62534943877058,5070.200527012406,3.0092337410849208,0.5686382730697132,286.95981835313639,347.66817398904245,9232.422730967342,0.3222461697635479,0.06089307818661146,162.52103863157675,196.86928512036054,5220.480823370017,0.0,0.0,6.6165294185246019,8.030698431268304,204.64653570393484,0.0,0.0,13.51692727043979,16.293752580813618,472.2521385213861,0.0,0.0,75.15254471501317,91.36447460474114,2265.7846008085227,0.0,0.0,50.620141209406238,62.113477919586127,1259.1442820030125,0.0,0.0,22.483445324044248,27.287775017496466,698.130324641738,32.466559545321597,22.2678734878749,417.0751723682446,506.89343740096958,13620.278721621024,0.0,0.0,61.05127859967485,75.41526476318538,1287.3384910296355,0.0,18.28446449756391,36.96385241873129,22.0,30.0,0.0,18.414880447992684,36.53848888523646,12.0,30.0,0.0,18.070268115246948,37.57747494143495,22.0,30.0,0.0,18.24718074169418,37.34092409425776,12.0,30.0,0.0,17.626362965766636,40.70513715722291,12.0,30.0,0.0,19.706040667740685,35.3001846087091,12.0,30.0,0.0,17.222478941065537,40.36262262399394,10.0,30.0,0.0,14.539489347330845,49.15042542468251,12.0,30.0,0.0,17.688546492224395,40.461136995269658,20.0,30.0,0.0,17.32720416477607,0.0,0.0,0.0,12.627807698690829,0.0,0.0,490.8022097208901,487.3786601267278,496.37762589803688,498.2453746144573,563.547358414641,811.6072056162504,550.5200025643452,645.4220450389698,782.6117916490407,0.0,80.18197220334904,80.18197220334904,60.0,0.0,60.0,60.0,12.0,12.0,12.0,19.0,12.0,12.0,21.0,10.0,0.0,0.0,0.0,0.0,0.0,0.0,0.0,0.0,0.0,0.0,0.0,0.0,0.0,80.18197220334904,80.18197220334904,0.0,0.0,0.0,80.18197220334904,0.0,0.0,0.0006633333333333333 
 03/13  02:40:00,2.416666666666667,97.0,1.6666666666666666,0.0,0.0,0.0,0.0,0.0,2.0,2.0,0.0,0.0,0.0,0.0,0.0,912.0,0.0,0.0,0.0,0.0,0.0,0.0,0.0,0.0,0.0,0.0,0.0,18.639540598287888,-102.25845116337769,18.93507214255917,-327.94758984007538,18.434456733831,-225.48623942931136,18.349546592467,-118.57934129847809,17.62571859498438,-4.356555530793287,19.5014538020974,-52.78752917705964,17.30594129509179,-67.4150784805563,14.988066012957315,-197.76844463443389,17.562917566186898,-74.1261372749197,619.6185648718811,627.2857174591719,0.0,0.0,0.0,0.0,0.0,0.0,0.0,0.0,0.0,0.0,0.0,0.0,0.0,0.0,0.0,0.0,0.0,0.0,0.0,0.0,0.0,0.0,1.6779531986917267,0.5121957260963757,344.87691392821298,417.9704940827912,11109.577219423258,0.28964387204680105,0.04420694017808319,177.94102453157263,215.2783491302962,5815.493093861215,2.9288383902412749,0.5534464078309289,305.1247873057194,369.93696902216547,9883.516660928053,0.3216746891667337,0.06078508865584535,157.531112808797,191.01488888539343,5051.722546672672,0.0,0.0,6.439929541157131,7.820716823828953,200.33918364554834,0.0,0.0,13.780804896577886,16.615154398054338,483.30343370087737,0.0,0.0,70.3978421932465,85.62340043851636,2136.698688646547,0.0,0.0,50.27405879306008,61.702596255056779,1257.8209710850252,0.0,0.0,23.920425835474427,29.03485738162017,747.1012498545642,32.473013293322278,22.272299926832845,457.5718148135428,556.2582038197897,14888.795707618621,0.0,0.0,60.69378777276804,74.98877579387585,1289.7824415640255,0.0,18.04142175658123,37.39133708448597,22.0,30.0,0.0,18.476052604645774,36.27085770419732,12.0,30.0,0.0,18.103662271641704,37.21790823543016,22.0,30.0,0.0,18.07201456380278,37.33532290563423,12.0,30.0,0.0,17.58900961565402,40.34501687313366,12.0,30.0,0.0,19.645525362783724,35.06111213209681,12.0,30.0,0.0,17.193108104888109,40.177455534880468,10.0,30.0,0.0,14.484451993492972,48.81638163905191,12.0,30.0,0.0,17.653041760502384,40.08249751740003,20.0,30.0,0.0,17.244111137382818,0.0,0.0,0.0,12.58240441028304,0.0,0.0,490.8295769762093,488.58361653383749,493.9192733791194,491.64258142651377,559.3683722888218,806.4662186574121,550.8455253307462,642.6275116927789,774.188860658924,0.0,80.18197220334904,80.18197220334904,60.0,0.0,60.0,60.0,12.0,12.0,12.0,19.0,12.0,12.0,21.0,10.0,0.0,0.0,0.0,0.0,0.0,0.0,0.0,0.0,0.0,0.0,0.0,0.0,0.0,80.18197220334904,80.18197220334904,0.0,0.0,0.0,80.18197220334904,0.0,0.0,0.00065 
 03/13  02:50:00,2.2933333333333336,97.0,1.6583333333333333,0.0,0.0,0.0,0.0,0.0,2.0,2.0,0.0,0.0,0.0,0.0,0.0,912.0,0.0,0.0,0.0,0.0,0.0,0.0,0.0,0.0,0.0,0.0,0.0,18.662422138298426,-249.30955579118564,18.780328129554584,-245.4879876474463,18.29564102945475,-92.95328673944141,18.334015516272605,-173.3227383668136,17.59058735317918,-5.401508123104591,19.44613913940981,-55.029920327631717,17.24045400441769,-43.4509221128917,14.931926843502169,-197.75671883582869,17.531106687345689,-76.79456916096615,621.5981107699481,629.6855498955832,0.0,0.0,0.0,0.0,0.0,0.0,0.0,0.0,0.0,0.0,0.0,0.0,0.0,0.0,0.0,0.0,0.0,0.0,0.0,0.0,0.0,0.0,1.6834433813990045,0.5138716060436521,301.342955624071,365.2810847494468,9791.518012850183,0.30238930093893626,0.04615221320801835,155.63083073967838,188.7438108080716,5074.821118338151,3.040514501634834,0.5745492255545796,285.24236661779318,345.7716495205545,9237.336947315456,0.3247607159389603,0.061368238083703747,161.69041820670697,195.9657331504701,5227.020832248094,0.0,0.0,6.617949147200838,8.034736582845426,207.08651626136729,0.0,0.0,13.681952710980493,16.499754952208425,481.8136930934372,0.0,0.0,74.41855370390825,90.50962858162019,2264.3082048468424,0.0,0.0,50.726431920151117,62.269336884262,1276.5834432610387,0.0,0.0,23.348178327511904,28.34586932861319,733.5836004561754,32.55490925152651,22.32846999418829,414.46737206399157,503.99491500234776,13632.97536527488,0.0,0.0,61.22244871621946,75.65069566331394,1312.0736949292887,0.0,18.12767709834437,36.71044234340816,22.0,30.0,0.0,18.257501467257407,36.2963374495377,12.0,30.0,0.0,17.915695216836626,37.322480227697727,22.0,30.0,0.0,18.094424841040018,37.08242358708327,12.0,30.0,0.0,17.55442252433121,40.06683734149904,12.0,30.0,0.0,19.590889651940317,34.82678132760259,12.0,30.0,0.0,17.106863341412095,39.943724503647889,10.0,30.0,0.0,14.430452680664676,48.53022719577658,12.0,30.0,0.0,17.61987452072948,39.7638036050441,20.0,30.0,0.0,17.170808454423267,0.0,0.0,0.0,12.544892217788414,0.0,0.0,484.4296606728715,482.4044707805557,490.707590717371,490.859436436671,555.0057420120747,799.9386900690281,544.4415743762522,638.7080493736185,767.7952727708782,0.0,80.18197220334904,80.18197220334904,60.0,0.0,60.0,60.0,12.0,12.0,12.0,19.0,12.0,12.0,21.0,10.0,0.0,0.0,0.0,0.0,0.0,0.0,0.0,0.0,0.0,0.0,0.0,0.0,0.0,80.18197220334904,80.18197220334904,0.0,0.0,0.0,80.18197220334904,0.0,0.0,0.0006466666666666667 
 03/13  03:00:00,2.17,97.0,1.65,0.0,0.0,0.0,0.0,0.0,2.0,2.0,0.0,0.0,0.0,0.0,0.0,912.0,0.0,0.0,0.0,0.0,0.0,0.0,0.0,0.0,0.0,0.0,0.0,18.487257196762927,-101.75300800352489,18.779062422747726,-326.00363495645549,18.283648275212838,-223.6115108135682,18.210528610812824,-121.95172303772643,17.552810837872835,-4.920349919759971,19.38735384016827,-53.87917610168887,17.205199551631155,-71.64683952643111,14.876770915325448,-195.5004762922597,17.497367965101959,-76.6094631529158,619.3417032101161,627.3326694562969,0.0,0.0,0.0,0.0,0.0,0.0,0.0,0.0,0.0,0.0,0.0,0.0,0.0,0.0,0.0,0.0,0.0,0.0,0.0,0.0,0.0,0.0,1.6933423621949018,0.5168932729532667,343.9239308042402,417.03971224833267,11149.93665833488,0.2928786854920687,0.04470065407388106,177.80881849005153,215.23857969649868,5847.198966629997,2.960036124776922,0.5593416713486249,305.777460755051,370.92479608433566,9969.215865707545,0.32412565604911217,0.06124823432522904,158.41142800859195,192.18547162181432,5113.2051845285209,0.0,0.0,6.498710394596866,7.894123563912833,204.50223341218374,0.0,0.0,13.945698128167088,16.821097887387844,492.94526862032816,0.0,0.0,69.6177657156625,84.70913614258939,2132.3048487565658,0.0,0.0,50.34034759400672,61.80831464182737,1274.4237276187869,0.0,0.0,24.70159108170293,29.990937567982607,780.5657025388873,32.5641335187039,22.334796652060299,458.1610053809177,557.2734174009188,15011.621466037137,0.0,0.0,60.82599737708725,75.17532188339408,1313.7098878826583,0.0,17.887321204601418,37.12445825427657,22.0,30.0,0.0,18.320263953868307,36.0195281309875,12.0,30.0,0.0,17.951256417745549,36.951093921017818,22.0,30.0,0.0,17.921732622960403,37.05681005459507,12.0,30.0,0.0,17.51550699074967,39.74415383885042,12.0,30.0,0.0,19.529942750616777,34.61909875874812,12.0,30.0,0.0,17.077330695798083,39.76919935608646,10.0,30.0,0.0,14.377988435975866,48.22894659152915,12.0,30.0,0.0,17.583658459148439,39.4401784215754,20.0,30.0,0.0,17.09298184396971,0.0,0.0,0.0,12.500502163544514,0.0,0.0,484.7830755151948,483.678624464045,488.7132604442762,484.9015178030763,551.5580181490113,795.7742726908027,545.3066702005569,636.6391812389844,761.1588794944341,0.0,80.18197220334904,80.18197220334904,60.0,0.0,60.0,60.0,12.0,12.0,12.0,19.0,12.0,12.0,21.0,10.0,0.0,0.0,0.0,0.0,0.0,0.0,0.0,0.0,0.0,0.0,0.0,0.0,0.0,80.18197220334904,80.18197220334904,0.0,0.0,0.0,80.18197220334904,0.0,0.0,0.0006433333333333332 
 03/13  03:10:00,2.16,97.16666666666667,1.615,0.0,0.0,0.0,0.0,0.0,2.0,2.0,0.0,0.0,0.0,0.0,0.0,912.0,0.0,0.0,0.0,0.0,0.0,0.0,0.0,0.0,0.0,0.0,0.0,18.51389249577923,-245.8005542118044,18.62919941635307,-241.91706544527507,18.148681414941849,-90.47355546735207,18.199803245320625,-173.7987235423384,17.516510779370419,-5.898508893203086,19.33355322744984,-55.915298569371547,17.1397810486917,-48.35507743419544,14.822978149531132,-195.54563960807003,17.465533810535577,-78.98597693843789,612.2751900728417,628.6264271654223,0.0,0.0,0.0,0.0,0.0,0.0,0.0,0.0,0.0,0.0,0.0,0.0,0.0,0.0,0.0,0.0,0.0,0.0,0.0,0.0,0.0,0.0,1.6830507501980812,0.5137517552497196,298.80963169057136,362.4018551174323,9706.51150945674,0.3024748502601789,0.04616527018622999,154.44400162683815,187.40363618965965,5033.210407056994,3.044238539767438,0.5752529364639908,283.96846130885219,344.4111924483681,9192.615328545719,0.3244325828616389,0.061306232589122978,161.06434912063157,195.30750794938877,5205.655029796351,0.0,0.0,6.575437239530129,7.985501055233415,206.58280771860943,0.0,0.0,13.82665457054723,16.681528750778,487.5672779996812,0.0,0.0,73.39263629746927,89.29990109177854,2236.605546098959,0.0,0.0,50.73888898921059,62.309490996613039,1280.3213248049538,0.0,0.0,24.186303112787728,29.37235269253808,763.1887351090936,32.48037289677261,22.27734766582484,412.02766520919399,501.2828299807037,13555.123080064992,0.0,0.0,61.22699744123774,75.68073463030297,1318.9896073072339,0.0,17.98147398951946,36.4351650216702,22.0,30.0,0.0,18.107993525781237,36.04203586265869,12.0,30.0,0.0,17.768992739696203,37.055557464361687,22.0,30.0,0.0,17.951134993153624,36.80155365490853,12.0,30.0,0.0,17.4799226965511,39.49602617934496,12.0,30.0,0.0,19.4756289059236,34.4158175140536,12.0,30.0,0.0,16.99235430912157,39.54030347336678,10.0,30.0,0.0,14.32636730737756,47.967357777143288,12.0,30.0,0.0,17.550246122722386,39.15612477051286,20.0,30.0,0.0,17.030339185826909,0.0,0.0,0.0,12.46293313473872,0.0,0.0,478.9916465703779,478.25837727937405,486.03046818058308,484.5575929589837,547.7783057355614,790.0886642616526,539.7627657621977,633.768753722594,754.9918096805022,0.0,80.18197220334904,80.18197220334904,60.0,0.0,60.0,60.0,12.0,12.0,12.0,19.0,12.0,12.0,21.0,10.0,0.0,0.0,0.0,0.0,0.0,0.0,0.0,0.0,0.0,0.0,0.0,0.0,0.0,80.18197220334904,80.18197220334904,0.0,0.0,0.0,80.18197220334904,0.0,0.0,0.0006399999999999999 
 03/13  03:20:00,2.15,97.33333333333334,1.58,0.0,0.0,0.0,0.0,0.0,2.0,2.0,0.0,0.0,0.0,0.0,0.0,912.0,0.0,0.0,0.0,0.0,0.0,0.0,0.0,0.0,0.0,0.0,0.0,18.343857335051923,-100.15626076591434,18.632727308225843,-318.01954444758305,18.14238613571063,-216.6201450835424,18.081927134819204,-122.49933776068838,17.477760020218953,-5.43084839326572,19.277189409177369,-54.68222823990459,17.10409911969999,-74.97102015471887,14.770121873477711,-193.27048672718059,17.4321787592458,-78.7284925327603,602.1285385502679,625.5672299908542,0.0,0.0,0.0,0.0,0.0,0.0,0.0,0.0,0.0,0.0,0.0,0.0,0.0,0.0,0.0,0.0,0.0,0.0,0.0,0.0,0.0,0.0,1.6777478594123692,0.512133046218672,337.90281110657159,409.94857605840886,10877.38164945284,0.29057176560410638,0.04434856007388681,175.34803179666634,212.3726598933789,5725.378692229917,2.938691447309594,0.5553082855838237,300.52115222645718,364.7358898088083,9730.048589374592,0.3208992026177966,0.06063854924750501,156.28415823150238,189.70281873099214,5009.372829063044,0.0,0.0,6.5073474445654899,7.906928224952015,204.07700059038536,0.0,0.0,14.0474770767195,16.951360574687265,494.0274710709082,0.0,0.0,68.55417984252121,83.45064857074819,2087.0537058255424,0.0,0.0,50.32300126892217,61.81208411136421,1265.8245244174119,0.0,0.0,25.685334867646476,31.195018350290029,809.193540583931,32.330855216767208,22.17479781671277,450.60822208254208,548.3430275735968,14673.862865678999,0.0,0.0,60.72880588679382,75.08010435843812,1304.2255641736852,0.0,17.74963709528521,36.85937850622263,22.0,30.0,0.0,18.17656979938002,35.78858239978251,12.0,30.0,0.0,17.8138152364955,36.70415958295834,22.0,30.0,0.0,17.786113435773787,36.78563191815917,12.0,30.0,0.0,17.440273356744627,39.202948191133888,12.0,30.0,0.0,19.416356888159777,34.231134157597697,12.0,30.0,0.0,16.96282825553196,39.39561540972403,10.0,30.0,0.0,14.27618130428669,47.6864412606499,12.0,30.0,0.0,17.51430117097378,38.86278660280988,20.0,30.0,0.0,16.96703828644705,0.0,0.0,0.0,12.419925520792893,0.0,0.0,479.64762002491769,479.6513170927868,484.52221688951468,479.2822139237369,545.1247295812588,787.0791403391229,541.2153366530688,632.6115695529435,748.9423216627073,0.0,80.18197220334904,80.18197220334904,60.0,0.0,60.0,60.0,12.0,12.0,12.0,19.0,12.0,12.0,21.0,10.0,0.0,0.0,0.0,0.0,0.0,0.0,0.0,0.0,0.0,0.0,0.0,0.0,0.0,80.18197220334904,80.18197220334904,0.0,0.0,0.0,80.18197220334904,0.0,0.0,0.0006399999999999999 
 03/13  03:30:00,2.1399999999999999,97.5,1.545,0.0,0.0,0.0,0.0,0.0,2.0,2.0,0.0,0.0,0.0,0.0,0.0,912.0,0.0,0.0,0.0,0.0,0.0,0.0,0.0,0.0,0.0,0.0,0.0,18.372186834018124,-241.04812226139348,18.4934227599545,-230.67197403821525,18.017194753141518,-84.38634686198475,18.074647840501098,-172.2823366528214,17.440538706878347,-6.336778715243113,19.224422630980805,-56.617599210109577,17.041096048477809,-51.443439361376707,14.71798634929733,-193.33690343273543,17.400118071585675,-80.95014598535653,591.2147857642831,626.8033237769707,0.0,0.0,0.0,0.0,0.0,0.0,0.0,0.0,0.0,0.0,0.0,0.0,0.0,0.0,0.0,0.0,0.0,0.0,0.0,0.0,0.0,0.0,1.668598878820406,0.5093403171002462,279.9269012391189,339.661756849604,9032.111059071809,0.3009570653124992,0.045933618026938228,143.9602882063767,174.76573382677567,4662.800100956173,3.021632585781851,0.5709812142444921,269.5300642970579,327.03178455750517,8676.3177520698,0.321999253239438,0.06084641973534352,154.7419617177365,187.73079110220045,4968.70446241748,0.0,0.0,6.574461883530455,7.987034003260703,205.8390389820969,0.0,0.0,13.911200412627398,16.790781649098926,488.09172176324798,0.0,0.0,72.5811047510655,88.35051045248186,2199.2983540219599,0.0,0.0,50.74111985084954,62.336844881476569,1272.3495957595135,0.0,0.0,25.0455266405362,30.424554297178529,787.9018581577618,32.26115232349644,22.126990619682066,385.6958484392824,469.46638901819349,12649.050634666357,0.0,0.0,61.15509344131838,75.61599107852666,1310.3577517797635,0.0,17.847372931163329,36.21623073190207,22.0,30.0,0.0,17.98280787228536,35.82552792111796,12.0,30.0,0.0,17.64839139053069,36.81134001011485,22.0,30.0,0.0,17.82096278542238,36.55445297504192,12.0,30.0,0.0,17.40395796879632,38.97808545229947,12.0,30.0,0.0,19.363339520837337,34.05652782556919,12.0,30.0,0.0,16.883782604505869,39.18814569154894,10.0,30.0,0.0,14.226556124874478,47.447851275661808,12.0,30.0,0.0,17.4808486313841,38.61087199885961,20.0,30.0,0.0,16.889996471012056,0.0,0.0,0.0,12.385247678285051,0.0,0.0,473.9901920799023,474.6082724459131,482.32691810881098,479.34416215310247,541.8729562380503,782.438394909726,535.9363251655627,630.3888090810183,743.8176738138391,0.0,80.18197220334904,80.18197220334904,60.0,0.0,60.0,60.0,12.0,12.0,12.0,19.0,12.0,12.0,21.0,10.0,0.0,0.0,0.0,0.0,0.0,0.0,0.0,0.0,0.0,0.0,0.0,0.0,0.0,80.18197220334904,80.18197220334904,0.0,0.0,0.0,80.18197220334904,0.0,0.0,0.0006399999999999999 
 03/13  03:40:00,2.13,97.66666666666666,1.51,0.0,0.0,0.0,0.0,0.0,2.0,2.0,0.0,0.0,0.0,0.0,0.0,912.0,0.0,0.0,0.0,0.0,0.0,0.0,0.0,0.0,0.0,0.0,0.0,18.207791384807597,-98.11290990434009,18.496543557785086,-313.0404110384411,18.009517649618574,-210.48704717646434,17.961826490836029,-121.6667154579618,17.40095578068931,-5.849342452794247,19.169327029646526,-55.212182255521899,17.004772234267834,-76.88149587142675,14.666734204765636,-190.8610767481855,17.36667677595415,-80.83276025303604,587.7121912648918,623.4209291120619,0.0,0.0,0.0,0.0,0.0,0.0,0.0,0.0,0.0,0.0,0.0,0.0,0.0,0.0,0.0,0.0,0.0,0.0,0.0,0.0,0.0,0.0,1.6639614191045907,0.5079247311064075,331.9613001213011,402.9214416516278,10618.61969539964,0.2884025599686993,0.04401748473270746,173.10937118579163,209.75915451751116,5616.164167676634,2.9198051454896518,0.5517394454817938,292.81462184513159,355.54508019843038,9422.248332498413,0.31813733851009287,0.060116655047258649,152.0850456862297,184.6886974257087,4844.752356314804,0.0,0.0,6.511077549026902,7.913778015532296,203.47924014994943,0.0,0.0,14.12674548324403,17.05417005338426,494.36864478020729,0.0,0.0,67.87745025793358,82.66022943733479,2054.6354136769616,0.0,0.0,50.32402694302097,61.83704963119398,1258.0855448606668,0.0,0.0,26.475789867925408,32.164433301430907,831.5696255543708,32.11868510837989,22.029276480370308,440.76033757207349,536.5839591506725,14276.655104202211,0.0,0.0,60.65791225882918,75.01498043086863,1296.1069476062478,0.0,17.624326638612968,36.64440314734598,22.0,30.0,0.0,18.047896687347838,35.6106720104646,12.0,30.0,0.0,17.68876180801741,36.51115583846972,22.0,30.0,0.0,17.6639385652483,36.563232011519,12.0,30.0,0.0,17.363668498355467,38.72180983249753,12.0,30.0,0.0,19.30586861368758,33.90022527024864,12.0,30.0,0.0,16.853720713810114,39.071242658555238,10.0,30.0,0.0,14.178363907568084,47.19464636753863,12.0,30.0,0.0,17.445082610913773,38.35302975756373,20.0,30.0,0.0,16.84737404807199,0.0,0.0,0.0,12.345764442265493,0.0,0.0,475.06865518624627,476.25533109514586,481.09574849025275,474.52038007146418,539.8121251795449,780.2559808998774,537.6313116523271,629.2336222830329,738.590320012047,0.0,80.18197220334904,80.18197220334904,60.0,0.0,60.0,60.0,12.0,12.0,12.0,19.0,12.0,12.0,21.0,10.0,0.0,0.0,0.0,0.0,0.0,0.0,0.0,0.0,0.0,0.0,0.0,0.0,0.0,80.18197220334904,80.18197220334904,0.0,0.0,0.0,80.18197220334904,0.0,0.0,0.0006399999999999999 
 03/13  03:50:00,2.12,97.83333333333334,1.4749999999999999,0.0,0.0,0.0,0.0,0.0,2.0,2.0,0.0,0.0,0.0,0.0,0.0,912.0,0.0,0.0,0.0,0.0,0.0,0.0,0.0,0.0,0.0,0.0,0.0,18.240344358347437,-233.82970812249733,18.33820294927765,-257.6896269489612,17.883292101037776,-86.20105810135692,17.958004868232785,-165.97010222340738,17.363104585338676,-6.559411375492516,19.117922311231628,-56.66591626093765,16.93958467856967,-55.772439569845577,14.616546071542939,-190.44341721015827,17.33442499473824,-82.86230179321814,589.6217448717143,623.213406720471,0.0,0.0,0.0,0.0,0.0,0.0,0.0,0.0,0.0,0.0,0.0,0.0,0.0,0.0,0.0,0.0,0.0,0.0,0.0,0.0,0.0,0.0,1.6577845062203629,0.5060392265629923,321.8453022506613,390.70665904591757,10324.685467822743,0.29397546044378577,0.04486804951828232,177.21698579867246,215.24731214611948,5686.590448848863,3.002039144137602,0.5672787498370376,273.8106319518562,332.38955253315239,8753.194568454392,0.31791534968945325,0.06007470704638193,149.61788341699808,181.57860580934153,4775.440419564915,0.0,0.0,6.635841542401847,8.064050644610362,207.02750103904624,0.0,0.0,14.062921827361237,16.981065053083108,491.0350772659342,0.0,0.0,71.00387399500888,86.46229624016647,2138.7454216047237,0.0,0.0,50.62064882496241,62.21158715223067,1261.7892784842225,0.0,0.0,26.155691640635064,31.78308201745272,820.3342545121228,32.04702823865342,21.98012910744405,426.4568691785306,519.2532375384155,13824.694332925588,0.0,0.0,60.95589451910925,75.391371567358,1299.6782269954138,0.0,17.730166360311104,36.09120909683239,22.0,30.0,0.0,17.814233241900714,35.83953143523425,12.0,30.0,0.0,17.51891424582282,36.67728860639011,22.0,30.0,0.0,17.704210463486125,36.36349423565072,12.0,30.0,0.0,17.32705782330732,38.51799754116385,12.0,30.0,0.0,19.254856205168623,33.75102724652143,12.0,30.0,0.0,16.770328130213174,38.95578700873189,10.0,30.0,0.0,14.131455654725358,46.98830339684977,12.0,30.0,0.0,17.4116318133769,38.12724937475332,20.0,30.0,0.0,16.81384085439372,0.0,0.0,0.0,12.31286111098584,0.0,0.0,471.65505191947798,473.2303326616784,479.70849168321515,475.0941157624071,536.723471201839,775.8709061996153,534.336448412488,628.1800746208626,733.0102009208496,0.0,80.18197220334904,80.18197220334904,60.0,0.0,60.0,60.0,12.0,12.0,12.0,19.0,12.0,12.0,21.0,10.0,0.0,0.0,0.0,0.0,0.0,0.0,0.0,0.0,0.0,0.0,0.0,0.0,0.0,80.18197220334904,80.18197220334904,0.0,0.0,0.0,80.18197220334904,0.0,0.0,0.0006133333333333334 
 03/13  04:00:00,2.11,98.0,1.44,0.0,0.0,0.0,0.0,0.0,2.0,2.0,0.0,0.0,0.0,0.0,0.0,912.0,0.0,0.0,0.0,0.0,0.0,0.0,0.0,0.0,0.0,0.0,0.0,18.072565894877437,-93.68810350189324,18.350275219619538,-302.0765685857566,17.878113248033054,-209.73523363998539,17.847808486022914,-124.7390923680855,17.322529415304488,-6.275026250229317,19.063487136228689,-55.95883708007315,16.905388495713845,-79.30514312394553,14.566803136099854,-188.12678295934405,17.30070974393457,-82.82521034546238,569.4835912097096,620.2834119908691,0.0,0.0,0.0,0.0,0.0,0.0,0.0,0.0,0.0,0.0,0.0,0.0,0.0,0.0,0.0,0.0,0.0,0.0,0.0,0.0,0.0,0.0,1.6510354897555062,0.5039790872269556,314.7362281947416,382.1549648186917,10008.7278826149,0.28736686281654336,0.04385941129678623,162.35487947858653,196.81328739238919,5227.183749693205,2.895901135603095,0.5472224368108647,280.451314372668,340.6819056904267,8969.371501441667,0.31484848652454647,0.05949517885951367,146.0787615134462,177.4687082410578,4626.790199243804,0.0,0.0,6.491755460525381,7.892514348101273,202.145093554935,0.0,0.0,14.205346697782327,17.155942449262285,494.7281937342245,0.0,0.0,67.1232618177957,81.77266057882437,2020.1152221080059,0.0,0.0,50.27983403345647,61.804680555500578,1249.6720084711333,0.0,0.0,27.259473091921728,33.12599553456225,853.5730722146354,31.917734188729989,21.891450060857339,416.7538350378145,507.56396917673706,13450.660053204283,0.0,0.0,60.54608587229457,74.89661721917544,1287.8490986891323,0.0,17.500084995829988,36.55640757865716,22.0,30.0,0.0,17.900894959214847,35.59072867252614,12.0,30.0,0.0,17.563106735337237,36.41680353516485,22.0,30.0,0.0,17.549551578243866,36.43890405334063,12.0,30.0,0.0,17.285661895342359,38.315622066451428,12.0,30.0,0.0,19.197931606246998,33.64013701798731,12.0,30.0,0.0,16.744899064681,38.861465233739377,10.0,30.0,0.0,14.085069566521409,46.7806382808418,12.0,30.0,0.0,17.375659477826824,37.923889380387908,20.0,30.0,0.0,16.716172728648517,0.0,0.0,0.0,12.277480238516319,0.0,0.0,472.6944789456246,474.7359530264009,479.03404361103278,471.36871790355669,535.6506775137605,774.8690040654294,536.0172399859642,627.0494787456984,729.4824330025454,0.0,80.18197220334904,80.18197220334904,60.0,0.0,60.0,60.0,12.0,12.0,12.0,19.0,12.0,12.0,21.0,10.0,0.0,0.0,0.0,0.0,0.0,0.0,0.0,0.0,0.0,0.0,0.0,0.0,0.0,80.18197220334904,80.18197220334904,0.0,0.0,0.0,80.18197220334904,0.0,0.0,0.0005866666666666667 
 03/13  04:10:00,2.075,98.16666666666667,1.4383333333333333,0.0,0.0,0.0,0.0,0.0,2.0,2.0,0.0,0.0,0.0,0.0,0.0,912.0,0.0,0.0,0.0,0.0,0.0,0.0,0.0,0.0,0.0,0.0,0.0,18.101547655788754,-229.17377613289137,18.199304377775733,-251.01706006253608,17.756391192202196,-81.72832972468132,17.841807161003226,-167.0279452722698,17.28368131264932,-6.921918005904658,19.011236717856947,-57.27667681988251,16.841806270643575,-58.36811617655735,14.517560635755669,-187.55825555280934,17.267663356252549,-84.724909743387,577.0802362788372,619.9649306395995,0.0,0.0,0.0,0.0,0.0,0.0,0.0,0.0,0.0,0.0,0.0,0.0,0.0,0.0,0.0,0.0,0.0,0.0,0.0,0.0,0.0,0.0,1.649618837823749,0.5035466537923532,313.3864252425903,380.6217401861436,10003.040724361344,0.29309258754610248,0.0447333009075248,174.2214700865247,211.70949449234016,5562.024317892349,2.985933713406472,0.5642353955794544,263.8250773326214,320.3995347867612,8400.629966463966,0.3156191823857487,0.059640812998062859,144.9127505898063,175.9421194621159,4605.181334497717,0.0,0.0,6.6368011691447299,8.068100313605939,206.6444207516086,0.0,0.0,14.139618374394978,17.08101113736011,492.0684717559843,0.0,0.0,70.31906645120117,85.66417450167632,2110.134150032177,0.0,0.0,50.577581983602588,62.18237233338779,1256.1849662951846,0.0,0.0,26.904920308139415,32.70341436460819,842.6399416088655,31.89123581946299,21.87327559633951,413.2331692655359,503.3710610583883,13355.346397692361,0.0,0.0,60.865958882718789,75.30189005771585,1295.4636388666596,0.0,17.59902037796333,36.07083402912926,22.0,30.0,0.0,17.68169484884948,35.83387250494655,12.0,30.0,0.0,17.40153986417576,36.610839250123827,22.0,30.0,0.0,17.586616423815547,36.27213987261716,12.0,30.0,0.0,17.24792407555949,38.15572860980501,12.0,30.0,0.0,19.146822786538097,33.53467866448912,12.0,30.0,0.0,16.665358685511259,38.78552179868887,10.0,30.0,0.0,14.039694384240719,46.62453872741368,12.0,30.0,0.0,17.34172398665524,37.74975709536906,20.0,30.0,0.0,16.689587938884423,0.0,0.0,0.0,12.247691372086046,0.0,0.0,469.13139672840938,471.40920592487438,477.9789249734488,472.5471872186648,533.2209776795382,771.3773913177024,532.3746071406961,626.2750200351102,725.2551439777674,0.0,80.18197220334904,80.18197220334904,60.0,0.0,60.0,60.0,12.0,12.0,12.0,19.0,12.0,12.0,21.0,10.0,0.0,0.0,0.0,0.0,0.0,0.0,0.0,0.0,0.0,0.0,0.0,0.0,0.0,80.18197220334904,80.18197220334904,0.0,0.0,0.0,80.18197220334904,0.0,0.0,0.00056 
 03/13  04:20:00,2.04,98.33333333333334,1.4366666666666668,0.0,0.0,0.0,0.0,0.0,2.0,2.0,0.0,0.0,0.0,0.0,0.0,912.0,0.0,0.0,0.0,0.0,0.0,0.0,0.0,0.0,0.0,0.0,0.0,17.937262197985299,-91.75760497326383,18.21069808683775,-296.84067063622856,17.748246436956067,-207.11708668157645,17.730358816879478,-126.76855862692719,17.242155856080609,-6.617148334937369,18.955742038311145,-56.51816685943584,16.806787266093307,-81.00721360555633,14.468532787037053,-185.19625075619934,17.233115274052559,-84.76659446271151,560.0118447522491,617.0818109337487,0.0,0.0,0.0,0.0,0.0,0.0,0.0,0.0,0.0,0.0,0.0,0.0,0.0,0.0,0.0,0.0,0.0,0.0,0.0,0.0,0.0,0.0,1.6458502505694746,0.5023962913826235,307.7229895748848,373.8178012214962,9756.776371314336,0.28706068512391139,0.04381268087971786,158.96754066010298,192.80602333367109,5100.070908442109,2.8856097822961757,0.5452777366394892,273.6551901945933,332.5905685315513,8727.07766109043,0.3132332569565255,0.05918995785270699,142.73801035621694,173.49537887363796,4508.593725487894,0.0,0.0,6.490507105983739,7.893822754506199,202.02882390533535,0.0,0.0,14.283044448494412,17.257732919825167,496.51245917506119,0.0,0.0,66.49644466398493,81.0448054711099,1997.0462003376873,0.0,0.0,50.236980241097047,61.77723319504307,1246.8745623516725,0.0,0.0,27.928470035112399,33.95060691643149,874.7232261616066,31.809416257130473,21.81715792670129,406.52564592158,495.34450848707027,13097.800308939055,0.0,0.0,60.4754147931652,74.8326199462937,1287.4685548796652,0.0,17.374276724407517,36.530452114085978,22.0,30.0,0.0,17.76763524097737,35.595134303193137,12.0,30.0,0.0,17.43936885738688,36.386727410263919,22.0,30.0,0.0,17.430549671077274,36.39328254425279,12.0,30.0,0.0,17.205463936989717,38.00226936191315,12.0,30.0,0.0,19.089689293370264,33.46175335069315,12.0,30.0,0.0,16.63881496274744,38.717021444629327,10.0,30.0,0.0,13.994500556389756,46.46696463395966,12.0,30.0,0.0,17.305309251437636,37.59469128769527,20.0,30.0,0.0,16.591268257260859,0.0,0.0,0.0,12.213981200851152,0.0,0.0,470.3253573433235,473.1369768424438,477.2743338996959,468.6939059273083,532.5583005249064,770.7680855853265,534.3647268248046,625.1870760677323,722.4020179330373,0.0,80.18197220334904,80.18197220334904,60.0,0.0,60.0,60.0,12.0,12.0,12.0,19.0,12.0,12.0,21.0,10.0,0.0,0.0,0.0,0.0,0.0,0.0,0.0,0.0,0.0,0.0,0.0,0.0,0.0,80.18197220334904,80.18197220334904,0.0,0.0,0.0,80.18197220334904,0.0,0.0,0.00057 
 03/13  04:30:00,2.005,98.5,1.435,0.0,0.0,0.0,0.0,0.0,2.0,2.0,0.0,0.0,0.0,0.0,0.0,912.0,0.0,0.0,0.0,0.0,0.0,0.0,0.0,0.0,0.0,0.0,0.0,17.964811486331749,-225.73239931982244,18.06220323697322,-247.18725542222206,17.629503184821478,-78.38712011276948,17.724133334435327,-167.25951328033444,17.202359216725165,-7.2269874075630728,18.90326377442886,-57.76909127936534,16.744328648572215,-60.58472609363662,14.420188606751559,-184.7091178298184,17.199494993556678,-86.53198249856763,568.0031641188625,616.6874693201718,0.0,0.0,0.0,0.0,0.0,0.0,0.0,0.0,0.0,0.0,0.0,0.0,0.0,0.0,0.0,0.0,0.0,0.0,0.0,0.0,0.0,0.0,1.644848964396749,0.5020906484727561,307.7592440458076,373.9768754633412,9791.67239363817,0.2925855527166484,0.0446559146392931,172.24350692703815,209.41061947571465,5480.693508874193,2.976783164464943,0.5625062669056962,256.48587734186335,311.6282383187191,8146.751644379084,0.3142020583504703,0.059373026899181838,141.0281677332234,171.304270257877,4469.176010664365,0.0,0.0,6.639848528559863,8.074929867940343,206.64663923108066,0.0,0.0,14.216313118413606,17.18151051014696,493.8072356589333,0.0,0.0,69.68652780408854,84.93078292410553,2087.0780738277337,0.0,0.0,50.52159145810516,62.138376415550329,1253.1421536811186,0.0,0.0,27.57319152234397,33.526887438888937,863.734860000257,31.78369290395556,21.799515023289147,403.79371754607009,492.10634173129548,13026.994099866995,0.0,0.0,60.782483108175508,75.22195143318999,1294.7699165559344,0.0,17.470282534840789,36.09154969181807,22.0,30.0,0.0,17.55218840856417,35.8685918021919,12.0,30.0,0.0,17.28274556955297,36.59947964178606,22.0,30.0,0.0,17.467207275658738,36.23957863323591,12.0,30.0,0.0,17.166648787888808,37.87926188163559,12.0,30.0,0.0,19.038097884259075,33.390072240133367,12.0,30.0,0.0,16.56160773374404,38.67652351933666,10.0,30.0,0.0,13.950015693028142,46.351637273776969,12.0,30.0,0.0,17.27071636546909,37.462405324554087,20.0,30.0,0.0,16.5653713648449,0.0,0.0,0.0,12.183811976811999,0.0,0.0,467.1739089042742,470.14411182927668,476.55033013416678,470.2113747054643,530.445405136026,767.6926563852461,530.8702739566995,624.6858540684025,718.8943806707888,0.0,80.18197220334904,80.18197220334904,60.0,0.0,60.0,60.0,12.0,12.0,12.0,19.0,12.0,12.0,21.0,10.0,0.0,0.0,0.0,0.0,0.0,0.0,0.0,0.0,0.0,0.0,0.0,0.0,0.0,80.18197220334904,80.18197220334904,0.0,0.0,0.0,80.18197220334904,0.0,0.0,0.0005799999999999999 
 03/13  04:40:00,1.97,98.66666666666667,1.4333333333333334,0.0,0.0,0.0,0.0,0.0,2.0,2.0,0.0,0.0,0.0,0.0,0.0,912.0,0.0,0.0,0.0,0.0,0.0,0.0,0.0,0.0,0.0,0.0,0.0,17.80286638399732,-89.74688245938387,18.073175560841038,-292.2112422091757,17.6194938094135,-204.41024802480207,17.6127134712126,-128.43738385341158,17.16004871186076,-6.911575580528364,18.847842605479828,-56.996492032443629,16.708865593038867,-82.65021723536882,14.371895228893488,-182.47858513573568,17.16453485118292,-86.650655634916,551.651796879104,613.9663708261558,0.0,0.0,0.0,0.0,0.0,0.0,0.0,0.0,0.0,0.0,0.0,0.0,0.0,0.0,0.0,0.0,0.0,0.0,0.0,0.0,0.0,0.0,1.6410204204769339,0.5009219842725683,302.4551142402433,367.5934122037348,9560.902743094772,0.2866842530997593,0.043755227884578657,156.70309304626313,190.15588501596722,5010.393299268148,2.8767219450052154,0.5435982511347726,268.5139387491033,326.50043183595366,8538.510919814973,0.3117504582573899,0.05890976157547048,140.37638561048477,170.70806629892463,4421.552484164296,0.0,0.0,6.485570615529377,7.890621196949495,201.77430315195313,0.0,0.0,14.35531232707012,17.35289176802759,498.08577522299819,0.0,0.0,65.84938088358041,80.29058648898027,1973.6485151468988,0.0,0.0,50.17697825627618,61.72766886071619,1243.8043061853019,0.0,0.0,28.57578597333601,34.74914367024748,895.1480587287033,31.70392425182785,21.744804013599354,399.16533336660685,486.6050306587095,12834.414132775404,0.0,0.0,60.388857588215589,74.74843332726302,1286.614278173131,0.0,17.248670379420895,36.54937432205551,22.0,30.0,0.0,17.636578361206447,35.63745003937865,12.0,30.0,0.0,17.31618205319179,36.40091990567086,22.0,30.0,0.0,17.31079723447666,36.394947010011339,12.0,30.0,0.0,17.12338452878717,37.7657323598172,12.0,30.0,0.0,18.980987768482806,33.34609705841163,12.0,30.0,0.0,16.53421549761369,38.628432649245187,10.0,30.0,0.0,13.90541926852686,46.235771300758667,12.0,30.0,0.0,17.233919409218488,37.34541877237262,20.0,30.0,0.0,16.46900228598961,0.0,0.0,0.0,12.149369580151627,0.0,0.0,468.44034326652499,471.97097994637388,475.8269303207834,466.49763101986118,530.1263851951298,767.4081270970792,533.144360692563,623.7625251420582,716.4370881821164,0.0,80.18197220334904,80.18197220334904,60.0,0.0,60.0,60.0,12.0,12.0,12.0,19.0,12.0,12.0,21.0,10.0,0.0,0.0,0.0,0.0,0.0,0.0,0.0,0.0,0.0,0.0,0.0,0.0,0.0,80.18197220334904,80.18197220334904,0.0,0.0,0.0,80.18197220334904,0.0,0.0,0.00059 
 03/13  04:50:00,1.9349999999999999,98.83333333333333,1.4316666666666667,0.0,0.0,0.0,0.0,0.0,2.0,2.0,0.0,0.0,0.0,0.0,0.0,912.0,0.0,0.0,0.0,0.0,0.0,0.0,0.0,0.0,0.0,0.0,0.0,17.829419679318727,-222.35681634559115,17.926676573929208,-243.6509791947435,17.503360686685804,-75.4377238215011,17.606636784063615,-167.36878513772059,17.119478656960383,-7.49295312058517,18.79537459608788,-58.200638431199937,16.647046244879247,-62.694588241053228,14.324138184053999,-182.13058969148984,17.13042206374098,-88.31652465809998,559.5773688643876,613.6442827805815,0.0,0.0,0.0,0.0,0.0,0.0,0.0,0.0,0.0,0.0,0.0,0.0,0.0,0.0,0.0,0.0,0.0,0.0,0.0,0.0,0.0,0.0,1.6403068916882778,0.5007041793920262,302.81686878213795,368.1543069734373,9603.915091793468,0.292078593111274,0.04457853985214805,170.4149381582212,207.28941563807914,5404.959255414613,2.968544902992953,0.5609495281543753,250.3053405175499,304.2566791340191,7930.356725812722,0.3128734568240149,0.059121968409677778,137.75211735384304,167.40073106266508,4353.086419629745,0.0,0.0,6.63849810713093,8.076364734255432,206.49127365660014,0.0,0.0,14.288929010212048,17.27700123976721,495.39211701871229,0.0,0.0,69.05131507485203,84.19254191639146,2064.12625720188,0.0,0.0,50.45494773783979,62.08041312063128,1249.9363369944827,0.0,0.0,28.202530140225567,34.30329596726891,883.5692751935274,31.679217953940247,21.727858678971367,395.7141561629396,482.48572536855098,12742.046339026514,0.0,0.0,60.68983813426024,75.13037865044507,1293.6454247406574,0.0,17.342777477310436,36.14566456406148,22.0,30.0,0.0,17.42412373590543,35.93390281939714,12.0,30.0,0.0,17.163869473807805,36.62766390149811,22.0,30.0,0.0,17.347770479680464,36.25120572681516,12.0,30.0,0.0,17.083743911608928,37.67475614272463,12.0,30.0,0.0,18.929287064360105,33.30128837580333,12.0,30.0,0.0,16.45865835177461,38.61601354559763,10.0,30.0,0.0,13.861299514300239,46.1553875765957,12.0,30.0,0.0,17.19879171615225,37.24785209736784,20.0,30.0,0.0,16.44241945981652,0.0,0.0,0.0,12.118010007806099,0.0,0.0,465.7149281716705,469.278487507726,475.48299820243747,468.31287139732367,528.2628118962266,764.6698260307634,529.8596233233509,623.5226011322966,713.5127636568201,0.0,80.18197220334904,80.18197220334904,60.0,0.0,60.0,60.0,12.0,12.0,12.0,19.0,12.0,12.0,21.0,10.0,0.0,0.0,0.0,0.0,0.0,0.0,0.0,0.0,0.0,0.0,0.0,0.0,0.0,80.18197220334904,80.18197220334904,0.0,0.0,0.0,80.18197220334904,0.0,0.0,0.0006000000000000001 
 03/13  05:00:00,1.9,99.0,1.43,0.0,0.0,0.0,0.0,0.0,2.0,2.0,0.0,0.0,0.0,0.0,0.0,912.0,0.0,0.0,0.0,0.0,0.0,0.0,0.0,0.0,0.0,0.0,0.0,17.669236828211653,-87.84634178345778,17.937079996153046,-287.8786477630771,17.491768852161898,-201.85375390933224,17.495325677275465,-129.99150040830137,17.076521106928273,-7.1742047092159428,18.740137083733374,-57.4435619498372,16.610837584956479,-84.15322628871786,14.276330033959912,-180.01701100946105,17.095085350459457,-88.5296070271296,543.914302637243,611.0807831153674,0.0,0.0,0.0,0.0,0.0,0.0,0.0,0.0,0.0,0.0,0.0,0.0,0.0,0.0,0.0,0.0,0.0,0.0,0.0,0.0,0.0,0.0,1.636479024307767,0.4995357217056676,297.70775241846027,361.99349545681158,9382.717495548593,0.2863176849000666,0.04369928035715302,154.7727152757106,187.90710134291516,4932.239353501023,2.8684829088889778,0.5420413660032084,263.9494723131452,321.10330527969088,8369.29933918831,0.3103535704242,0.0586457993998866,138.39517965239168,168.37965726885904,4346.902064037637,0.0,0.0,6.477011609072554,7.882975985043476,201.38917218030003,0.0,0.0,14.426034428214724,17.446109377958107,499.59876941948087,0.0,0.0,65.21433105252673,79.54970154426388,1950.7746841599335,0.0,0.0,50.106495040027727,61.66448202065837,1240.5377097324168,0.0,0.0,29.196225173705807,35.51525261950929,914.6893907266524,31.601320498655249,21.67443106903653,392.73565641406466,478.9884928181456,12601.084931372678,0.0,0.0,60.292794403494898,74.6523492056881,1285.2926506011918,0.0,17.12376905688977,36.60286549325092,22.0,30.0,0.0,17.506778976841447,35.71028684004808,12.0,30.0,0.0,17.193572214312185,36.449869582604929,22.0,30.0,0.0,17.19119259988478,36.433066683274109,12.0,30.0,0.0,17.03985411325305,37.59447458744144,12.0,30.0,0.0,18.872385040890739,33.28015322992937,12.0,30.0,0.0,16.430262321849328,38.5863050956756,10.0,30.0,0.0,13.816927373317306,46.07502480102711,12.0,30.0,0.0,17.161652757310976,37.16183097631286,20.0,30.0,0.0,16.347950677549208,0.0,0.0,0.0,12.082581929334922,0.0,0.0,466.99330625144025,471.1637807332627,474.6957298284334,464.7432991833862,528.2514190678628,764.6488501015183,532.3716519542627,622.8075082828405,711.383866386459,0.0,80.18197220334904,80.18197220334904,60.0,0.0,60.0,60.0,12.0,12.0,12.0,19.0,12.0,12.0,21.0,10.0,0.0,0.0,0.0,0.0,0.0,0.0,0.0,0.0,0.0,0.0,0.0,0.0,0.0,80.18197220334904,80.18197220334904,0.0,0.0,0.0,80.18197220334904,0.0,0.0,0.00061 
 03/13  05:10:00,1.8916666666666667,99.0,1.4416666666666667,0.0,0.0,0.0,0.0,0.0,2.0,2.0,0.0,0.0,0.0,0.0,0.0,912.0,0.0,0.0,0.0,0.0,0.0,0.0,0.0,0.0,0.0,0.0,0.0,17.695521310927693,-218.64111692081679,17.792916637234627,-239.78458955666316,17.378293855620137,-72.7547798471719,17.48986801459819,-167.05195498389618,17.03530743448641,-7.730678044145478,18.68791110386734,-58.593268943610528,16.549695970416459,-64.71320831189678,14.229082378970264,-179.78209751299256,17.060620747184247,-90.10956232736743,550.0916078807195,610.7440451208948,0.0,0.0,0.0,0.0,0.0,0.0,0.0,0.0,0.0,0.0,0.0,0.0,0.0,0.0,0.0,0.0,0.0,0.0,0.0,0.0,0.0,0.0,1.6322891988820497,0.4982567762155219,298.1376261544184,362.646159963121,9410.30231621119,0.29087415050139767,0.044394711614987428,168.53323527996793,205.10218213498247,5319.270513875201,2.952446613056381,0.5579075232532845,244.90878909294293,297.83414029820747,7726.056027126643,0.31093552694342727,0.058755768507828268,134.9230166168182,164.03784128016626,4244.551255040228,0.0,0.0,6.630677832678154,8.069978494208446,205.75822797191854,0.0,0.0,14.35666813739843,17.366720433742829,496.0324280631119,0.0,0.0,68.38889981400348,83.42078747884277,2036.753415120469,0.0,0.0,50.37613718722372,62.007542472257657,1243.7022512759875,0.0,0.0,28.808424665931346,35.051881526616089,901.0666182586718,31.559749400604475,21.645918656107328,388.4080470441379,473.79902184705056,12460.766494641215,0.0,0.0,60.57474263075184,75.01176391694223,1288.4252211268882,0.0,17.21720526743016,36.2264242460341,22.0,30.0,0.0,17.297786952393289,36.02445528452823,12.0,30.0,0.0,17.04565894765003,36.68708089471211,22.0,30.0,0.0,17.22914077289932,36.29681960841613,12.0,30.0,0.0,16.999556471304176,37.5310632031716,12.0,30.0,0.0,18.820787525351073,33.25724031028871,12.0,30.0,0.0,16.35603352418906,38.597360409428329,10.0,30.0,0.0,13.772985597105786,46.02442151493961,12.0,30.0,0.0,17.12607336212526,37.09299790933239,20.0,30.0,0.0,16.322665716687938,0.0,0.0,0.0,12.050072148931133,0.0,0.0,464.63248029288845,468.6986273180999,474.71182619525987,466.80926258585427,526.6081414380675,762.2071785016967,529.2941925039495,622.835521398657,708.9600597733311,0.0,80.18197220334904,80.18197220334904,60.0,0.0,60.0,60.0,12.0,12.0,12.0,19.0,12.0,12.0,21.0,10.0,0.0,0.0,0.0,0.0,0.0,0.0,0.0,0.0,0.0,0.0,0.0,0.0,0.0,80.18197220334904,80.18197220334904,0.0,0.0,0.0,80.18197220334904,0.0,0.0,0.00062 
 03/13  05:20:00,1.8833333333333336,99.00000000000002,1.4533333333333334,0.0,0.0,0.0,0.0,0.0,2.0,2.0,0.0,0.0,0.0,0.0,0.0,912.0,0.0,0.0,0.0,0.0,0.0,0.0,0.0,0.0,0.0,0.0,0.0,17.537842118807498,-85.96243885474269,17.803332017323549,-282.61231395629366,17.366196708525153,-198.56866406222253,17.379619402088907,-130.77774139652684,16.99185162346825,-7.4036107813677038,18.633109834894314,-57.83504618460225,16.512968347669096,-85.46436026754702,14.18177865904682,-177.75103232288576,17.025011417027956,-90.40126903162775,533.5560432460934,608.198664916418,0.0,0.0,0.0,0.0,0.0,0.0,0.0,0.0,0.0,0.0,0.0,0.0,0.0,0.0,0.0,0.0,0.0,0.0,0.0,0.0,0.0,0.0,1.6250208210950148,0.49603810167735498,292.550818234846,355.89312936220019,9162.029889150195,0.28465673559779777,0.043445777716391607,152.77712959479659,185.57847377070289,4836.690853242929,2.843807349887909,0.5373785619591667,258.74444559499997,314.9238921917565,8153.294314928551,0.30769610249200277,0.05814363236810329,136.1128153073857,165.68380612099458,4248.95952703762,0.0,0.0,6.458240977706938,7.863039456129347,199.97162668193176,0.0,0.0,14.486215589638008,17.526901335283328,499.18951673880715,0.0,0.0,64.56214464465517,78.78846045104794,1920.4972902191099,0.0,0.0,50.02354084919775,61.586759967547539,1231.4989840599429,0.0,0.0,29.785546091735733,36.244602533901318,929.9849680154068,31.4668122912107,21.582175782723398,385.659646328401,470.5758440767851,12307.870372619818,0.0,0.0,60.16263619805226,74.51562335960779,1276.356351026208,0.0,17.001905096081609,36.68142316418214,22.0,30.0,0.0,17.379498566096797,35.807340688157079,12.0,30.0,0.0,17.073688878240654,36.524584159352247,22.0,30.0,0.0,17.073903883090414,36.49829040854084,12.0,30.0,0.0,16.955249047612118,37.47887045958177,12.0,30.0,0.0,18.76432875612295,33.2547894649133,12.0,30.0,0.0,16.32686959067074,38.58397965323811,10.0,30.0,0.0,13.728817389279137,45.97403940762054,12.0,30.0,0.0,17.088687773396694,37.03271458459093,20.0,30.0,0.0,16.232433108328779,0.0,0.0,0.0,12.013979289261599,0.0,0.0,465.88880906447425,470.61608432414996,473.8062028473272,463.3164675580541,526.8827343400892,762.452326623582,532.0296560782722,622.3607843622217,707.1606852073303,0.0,80.18197220334904,80.18197220334904,60.0,0.0,60.0,60.0,12.0,12.0,12.0,19.0,12.0,12.0,21.0,10.0,0.0,0.0,0.0,0.0,0.0,0.0,0.0,0.0,0.0,0.0,0.0,0.0,0.0,80.18197220334904,80.18197220334904,0.0,0.0,0.0,80.18197220334904,0.0,0.0,0.0006466666666666667 
 03/13  05:30:00,1.875,99.0,1.4649999999999999,0.0,0.0,0.0,0.0,0.0,2.0,2.0,0.0,0.0,0.0,0.0,0.0,912.0,0.0,0.0,0.0,0.0,0.0,0.0,0.0,0.0,0.0,0.0,0.0,17.56380772542181,-214.56499758026167,17.661850822527286,-235.72498300130133,17.255958836711579,-70.1099618689068,17.374842229703263,-166.10323123523973,16.950091616884046,-7.941629575731952,18.581113228881635,-58.93160631252064,16.45255699898954,-66.48466943549886,14.134950213935989,-177.57249553171426,16.990151614344684,-91.89082560431427,539.5834925231129,607.9086877391825,0.0,0.0,0.0,0.0,0.0,0.0,0.0,0.0,0.0,0.0,0.0,0.0,0.0,0.0,0.0,0.0,0.0,0.0,0.0,0.0,0.0,0.0,1.6210939851626874,0.4948394338103441,292.981667934669,356.55111302643197,9188.807156862778,0.28908241484449506,0.04412124768688875,166.46161478192017,202.68089716047323,5220.181347783147,2.9286123763205946,0.5534036992291376,238.87511455017325,290.6283785188966,7491.770847105095,0.3084241007563674,0.05828119817769602,131.7488001622247,160.2514877352887,4119.4900919751239,0.0,0.0,6.6168248093438779,8.056297725374261,204.46736386965808,0.0,0.0,14.416658952986108,17.447188460949858,495.62950804801405,0.0,0.0,67.7377854083313,82.66246211429913,2006.273973729917,0.0,0.0,50.291640823058369,61.927816546906829,1234.6129937031677,0.0,0.0,29.379657371455467,35.7590120634504,915.7860890285812,31.425831400069819,21.55406817563088,380.24973684509288,464.06124946208288,12136.510845813988,0.0,0.0,60.44288678382205,74.87294870236126,1279.3847849399636,0.0,17.094665629371929,36.32891607906073,22.0,30.0,0.0,17.174705318891037,36.13464736577721,12.0,30.0,0.0,16.93115721213654,36.767208477319659,22.0,30.0,0.0,17.113000353083849,36.36785787226086,12.0,30.0,0.0,16.914400237522608,37.43855626263793,12.0,30.0,0.0,18.712969023995208,33.24965294962659,12.0,30.0,0.0,16.254222846630577,38.61401283132128,10.0,30.0,0.0,13.685085786506236,45.947674011729848,12.0,30.0,0.0,17.052707457727587,36.98736208933364,20.0,30.0,0.0,16.206530773545035,0.0,0.0,0.0,11.981105659813739,0.0,0.0,463.8480381284942,468.3180023223415,474.18416922882298,465.621802160627,525.4466261881935,760.2906738007953,529.1137671596268,622.6294189299911,705.2111006738464,0.0,80.18197220334904,80.18197220334904,60.0,0.0,60.0,60.0,12.0,12.0,12.0,19.0,12.0,12.0,21.0,10.0,0.0,0.0,0.0,0.0,0.0,0.0,0.0,0.0,0.0,0.0,0.0,0.0,0.0,80.18197220334904,80.18197220334904,0.0,0.0,0.0,80.18197220334904,0.0,0.0,0.0006733333333333332 
 03/13  05:40:00,1.8666666666666668,99.0,1.4766666666666666,0.0,0.0,0.0,0.0,0.0,2.0,2.0,0.0,0.0,0.0,0.0,0.0,912.0,0.0,0.0,0.0,0.0,0.0,0.0,0.0,0.0,0.0,0.0,0.0,17.408591001702093,-84.0789238321122,17.671823311336348,-277.6791627627724,17.242629033012699,-195.65818729382728,17.265538730630938,-131.50394222133628,16.906213482517157,-7.595095545541881,18.52665744427253,-58.180197151516839,16.41542811309722,-86.58202802187043,14.088074285719287,-175.57639115368523,16.954242063301984,-92.24179008502574,523.8224719709897,605.4263886744607,0.0,0.0,0.0,0.0,0.0,0.0,0.0,0.0,0.0,0.0,0.0,0.0,0.0,0.0,0.0,0.0,0.0,0.0,0.0,0.0,0.0,0.0,1.6139714808812183,0.4926652872042791,287.3335997210712,349.7081911365229,8943.09021594111,0.28306420551585356,0.04320271756957472,150.7380018897658,183.19200190306666,4741.2597228309509,2.8201726879905206,0.5329124504895165,253.55776618688084,308.7567540626627,7941.038847630711,0.30515173648652235,0.05766283758248719,133.87482976555573,163.03711866356026,4153.884003149389,0.0,0.0,6.430845492061531,7.832544294758969,198.2813562619567,0.0,0.0,14.542896136661842,17.603383544739378,498.657153949781,0.0,0.0,63.936310474163089,78.05808609265228,1891.3220841167138,0.0,0.0,49.939621696771897,61.50730709896807,1222.5027037825724,0.0,0.0,30.340121278411368,36.93197566080586,944.0354780700593,31.334661831224059,21.491537607149568,378.55112450815718,462.11039459516936,12017.935914880316,0.0,0.0,60.03196383828527,74.37782581481679,1267.3868167614488,0.0,16.882789233828505,36.78135220684227,22.0,30.0,0.0,17.25480176149759,35.92420727135824,12.0,30.0,0.0,16.95610349191365,36.62090197837321,22.0,30.0,0.0,16.958958626526738,36.58609209946176,12.0,30.0,0.0,16.86975008770539,37.40978377535333,12.0,30.0,0.0,18.656961690866184,33.26268099596243,12.0,30.0,0.0,16.22437473825744,38.61410141294586,10.0,30.0,0.0,13.6411768211776,45.921927918959358,12.0,30.0,0.0,17.015085229034683,36.948313878018229,20.0,30.0,0.0,16.118649126673206,0.0,0.0,0.0,11.944990451787217,0.0,0.0,465.04958312355577,470.26310274633786,473.0816653440313,462.1473446032152,525.9662671352988,760.7499615843505,532.0248871552451,622.3460473390705,703.7006732067112,0.0,80.18197220334904,80.18197220334904,60.0,0.0,60.0,60.0,12.0,12.0,12.0,19.0,12.0,12.0,21.0,10.0,0.0,0.0,0.0,0.0,0.0,0.0,0.0,0.0,0.0,0.0,0.0,0.0,0.0,80.18197220334904,80.18197220334904,0.0,0.0,0.0,80.18197220334904,0.0,0.0,0.0007000000000000001 
 03/13  05:50:00,1.8583333333333335,99.0,1.4883333333333333,0.0,0.0,0.0,0.0,0.0,2.0,2.0,0.0,0.0,0.0,0.0,0.0,912.0,0.0,0.0,0.0,0.0,0.0,0.0,0.0,0.0,0.0,0.0,0.0,17.433779909672503,-210.5894745325004,17.532724308297085,-231.70254026434669,17.13515045785185,-67.56780511119269,17.261150519953053,-165.3333542693374,16.863957021662249,-8.123663136715649,18.47488648252621,-59.23180770733262,16.355619680263265,-68.12159088962994,14.041671306414348,-175.42677646241158,16.918998299007084,-93.65069348941307,529.6629346343398,605.1585938822989,0.0,0.0,0.0,0.0,0.0,0.0,0.0,0.0,0.0,0.0,0.0,0.0,0.0,0.0,0.0,0.0,0.0,0.0,0.0,0.0,0.0,0.0,1.6102408757646192,0.4915265188536689,288.08702149586159,350.7647362513339,8978.55283537875,0.2873495437325523,0.043856767968948769,164.4277126567732,200.30119297961103,5123.741645691231,2.90580422385809,0.5490937686806674,233.4119245178099,284.10827489432639,7277.986584170675,0.30597524167382397,0.057818450807600878,128.90243319619339,156.85906665386919,4006.225746491829,0.0,0.0,6.598464395119288,8.037087597968013,203.0299725507993,0.0,0.0,14.472375310052748,17.522415909285685,495.07694739039706,0.0,0.0,67.09278492062059,81.91037116952012,1976.275178082532,0.0,0.0,50.20518044974901,61.8451411959926,1225.5493419178648,0.0,0.0,29.93918679486339,36.452186313175179,929.9819984430064,31.29313977756607,21.463058832349849,372.70642232289017,455.0614463635679,11834.728187544137,0.0,0.0,60.30984259473177,74.73217341641151,1270.3356228470657,0.0,16.974012467666616,36.45139232784641,22.0,30.0,0.0,17.05369648669487,36.262957872997649,12.0,30.0,0.0,16.818104515002504,36.86859425255868,22.0,30.0,0.0,16.998633095401556,36.46111994346264,12.0,30.0,0.0,16.82838176561497,37.389177680289908,12.0,30.0,0.0,18.605828332384204,33.272520900737067,12.0,30.0,0.0,16.15313071177205,38.66047264420499,10.0,30.0,0.0,13.59772472935534,45.915771792823239,12.0,30.0,0.0,16.978716912647003,36.922517540600079,20.0,30.0,0.0,16.092114058621708,0.0,0.0,0.0,11.912069907907132,0.0,0.0,463.3032317338401,468.10570542214568,473.8348915759449,464.6631889855573,524.6965223702555,758.8149669141969,529.2447386535824,622.7873456926036,702.0857156814649,0.0,80.18197220334904,80.18197220334904,60.0,0.0,60.0,60.0,12.0,12.0,12.0,19.0,12.0,12.0,21.0,10.0,0.0,0.0,0.0,0.0,0.0,0.0,0.0,0.0,0.0,0.0,0.0,0.0,0.0,80.18197220334904,80.18197220334904,0.0,0.0,0.0,80.18197220334904,0.0,0.0,0.0007033333333333333 
 03/13  06:00:00,1.85,99.0,1.5,0.0,0.0,0.0,0.0,0.0,2.0,2.0,0.0,0.0,0.0,0.0,0.0,912.0,0.0,0.0,0.0,0.0,0.0,0.0,0.0,0.0,0.0,0.0,0.0,17.278897393298644,-84.18054599075185,17.540799997508107,-276.82580429531506,17.119678325215234,-194.11212580038819,17.155663477439086,-128.63285419095178,16.819748883649944,-7.719619912934192,18.420761893640447,-58.48590549197624,16.3178711350675,-87.81967017590125,13.995278611658682,-173.41317361496523,16.882797131693825,-94.02443239618651,511.3974386250402,602.5317020855632,0.0,0.0,0.0,0.0,0.0,0.0,0.0,0.0,0.0,0.0,0.0,0.0,0.0,0.0,0.0,0.0,0.0,0.0,0.0,0.0,0.0,0.0,1.603948162073781,0.4896056660786877,280.43461696089539,341.458445022479,8675.361692050192,0.28163040981127759,0.04298388428133052,150.14880643901038,182.568900565604,4691.4140490313889,2.7900509548980585,0.5272205130192856,237.2907040746122,289.0756611903465,7387.789380712458,0.302726038491475,0.05720446683512376,123.69090467560575,150.69718020900678,3817.2950379572614,0.0,0.0,6.437063583083285,7.843038656588365,197.62082591931188,0.0,0.0,14.598903346709609,17.678987317442379,498.09901827220906,0.0,0.0,63.22147409511963,77.21811398291107,1859.7749330497573,0.0,0.0,49.831565897414488,61.397565433453639,1213.0070867115385,0.0,0.0,30.882426578975747,37.604658514520568,957.547770254102,31.203989701785298,21.401913375710089,362.35120425156586,442.52838477063156,11459.656800883622,0.0,0.0,59.87637069834348,74.20870407554237,1257.8984961274614,0.0,16.7613780752637,36.90187331911537,22.0,30.0,0.0,17.12930954474976,36.06672237505282,12.0,30.0,0.0,16.83818843529349,36.720420406697,22.0,30.0,0.0,16.851631304582669,36.65995604781201,12.0,30.0,0.0,16.783511992769428,37.37911433006445,12.0,30.0,0.0,18.55024569696483,33.298689859314908,12.0,30.0,0.0,16.122176661584495,38.673064496680058,10.0,30.0,0.0,13.554230286712464,45.91040444669015,12.0,30.0,0.0,16.940867995847364,36.89900073395155,20.0,30.0,0.0,15.99548968490266,0.0,0.0,0.0,11.875839126869359,0.0,0.0,463.84980204549057,470.6192672689566,471.34461220254345,459.6820484756296,525.3063908045867,759.4322147930797,532.3892804703853,622.6535579337781,700.6035930565493,0.0,80.18197220334904,80.18197220334904,60.0,0.0,60.0,60.0,12.0,12.0,12.0,19.0,12.0,12.0,21.0,10.0,0.0,0.0,0.0,0.0,0.0,0.0,0.0,0.0,0.0,0.0,0.0,0.0,0.0,80.18197220334904,80.18197220334904,0.0,0.0,0.0,80.18197220334904,0.0,0.0,0.0007066666666666668 
 03/13  06:10:00,1.8583333333333335,99.0,1.5383333333333334,0.0,0.0,0.0,0.0,0.0,2.0,2.0,0.0,0.0,0.0,0.0,0.0,4570.0,0.0,0.0,0.0,0.0,0.0,0.0,0.0,0.0,0.0,0.0,0.0,18.5131941077515,-998.5166450710308,17.658758818840228,678.5774880422856,18.56677664987648,-2399.4761155422759,17.476409140324387,888.7120876680782,16.779140073076719,-12.023480331289387,19.085988604371474,-122.34374019055017,16.394731128435688,146.4088781897642,15.043937748332822,-259.77946641701848,18.21942648740103,-249.83578354935094,772.5135607741868,737.9319841182294,0.0,0.0,0.0,0.0,0.0,0.0,0.0,0.0,0.0,0.0,0.0,0.0,0.0,0.0,0.0,0.0,0.0,0.0,0.0,0.0,0.0,0.0,1.597280635338411,0.4875704015074516,378.0539985389205,457.9164316000492,13122.802116554645,0.3896705943921611,0.059473533942637549,328.9244092454392,400.17888295625218,10557.601985012974,2.3922635431456205,0.45205282372366237,463.45337160212957,560.3718780101424,16502.495283086166,0.3798128787021068,0.07177114110017133,328.502033161586,399.4009232205424,10639.36533941031,0.0,0.0,9.963224219493366,12.154022141266255,304.8884312621913,0.0,0.0,18.678487364727098,22.560980557361174,676.7186065842343,0.0,0.0,74.30529575118939,90.79637509890194,2214.584876314469,0.0,0.0,40.16826616350949,49.31582771395609,1098.4910639949629,0.0,0.0,45.94191858927019,55.58133428865638,1619.5869601006653,32.3881753809905,22.214112058292529,645.1830180726736,786.6364230460264,20846.456498763768,0.0,0.0,54.38024171252252,67.46858581593348,1154.9441433250116,2049.536435704221,18.673442129873825,32.69484259596223,21.999999999999998,30.0,0.0,17.442286021976807,35.30088584293215,15.999999999999999,30.0,4620.512054468361,18.98681313005914,32.05895271353863,21.999999999999998,30.0,0.0,17.540710001203839,35.093435666431627,15.999999999999999,30.0,0.0,16.745847285872608,37.36448988034404,12.0,30.0,1114.442705771561,19.62036924869416,31.10321678627757,19.7,30.0,0.0,16.324394542772919,38.055339531034167,10.0,30.0,1449.1641175915029,15.204240726586028,41.26454839847031,16.999999999999998,30.0,2704.5415505011776,18.977482340036329,32.43660503148122,20.0,30.0,0.0,16.716103648451278,0.0,0.0,0.0,12.001643753736975,0.0,0.0,468.56881948497655,468.84671386197138,468.50916484019066,467.94995052679516,524.1445078999533,749.6808170792886,517.7295052148372,627.9339053130394,682.9384963406378,12090.1226525503,80.01001496711207,87.86656962002209,60.0,0.0,60.0,60.0,16.0,16.0,19.0,19.0,16.0,12.0,21.0,10.0,1.0,0.0,2049.536435704221,0.0,4620.512054468361,0.0,1114.442705771561,0.0,1449.1641175915029,2704.5415505011776,11888.221190548893,7132932.714329334,9312395.354368996,80.01001496711207,87.99999999999999,0.39627403968496308,0.7658802415492346,0.3602813740196596,87.99999999999999,0.3542647819438876,9312395.354368996,0.4849545584271878 
 03/13  06:20:00,1.866666666666667,99.00000000000002,1.5766666666666667,0.0,0.0,0.0,0.0,0.0,2.0,2.0,0.0,0.0,0.0,0.0,0.0,1828.0,0.0,0.0,0.0,0.0,0.0,0.0,0.0,0.0,0.0,0.0,0.0,19.321112300427197,-1495.7116462654377,18.29383790192732,780.1537629631666,19.483573104775119,-3464.5618004737627,18.26581690591201,833.5130244938109,16.727714306003365,-10.79977925107454,19.01194011160578,-113.07301246015757,16.743685205941917,234.40764207904386,15.963756333251118,-204.78337908438437,18.45861675040505,-203.3164886812781,1052.013535093085,650.2997663399108,0.0,0.0,0.0,0.0,0.0,0.0,0.0,0.0,0.0,0.0,0.0,0.0,0.0,0.0,0.0,0.0,0.0,0.0,0.0,0.0,0.0,0.0,1.6683195266283999,0.5092550447583637,436.4562332166168,526.4769052452896,16127.54174172676,0.43083416890799589,0.06575613078571366,380.6335656622484,461.378957864134,12991.283610790086,2.392094349772164,0.45202085218672807,550.9448413987104,663.6989786806155,20779.700384625197,0.40017212315906189,0.07561831503383632,378.4302197839586,458.25316606612349,13134.606323836506,0.0,0.0,11.81443850083043,14.412012432754598,360.15461390180306,0.0,0.0,20.016022612117305,24.18382673757605,718.9708747144603,0.0,0.0,77.35023396300835,94.28533742235035,2395.6640320425237,0.0,0.0,23.12724630024137,28.214748808363028,713.0059982708795,0.0,0.0,44.131451312981059,53.35105908372176,1576.3132719212979,33.503297825414318,22.978942267088017,749.1907651719497,911.0686021031894,25251.06593106257,0.0,0.0,42.49473319499652,52.70459602438622,903.8741644014193,2036.548408721118,19.994326535933234,30.070460366907644,22.0,30.0,0.0,18.568779800424119,32.87508402356255,16.0,30.0,4368.891994286799,20.38455278822463,29.34759969201623,22.0,30.0,0.0,18.876795975847974,32.237404256214229,16.0,30.0,0.0,16.691085859981926,37.337811991406287,12.0,30.0,0.0,19.509127643514984,31.24798286161451,19.0,30.0,0.0,16.939501270102619,36.504397306983047,10.0,30.0,665.3233920287905,16.88118531974531,36.96369865881896,16.75,30.0,0.0,19.381276680657775,31.496630584816729,19.0,30.0,0.0,17.629955295173379,0.0,0.0,0.0,12.01083226243869,0.0,0.0,468.82877827210566,470.7405456413037,467.27387190686326,467.53955152954986,523.8020352682949,723.6404178738371,504.1596049236805,636.5533888811582,653.2020376207725,11291.353917307579,80.53855524277242,87.87539608584457,60.0,0.0,60.0,60.0,16.0,16.0,19.0,19.0,16.0,12.0,21.0,10.0,1.0,0.0,2036.548408721118,0.0,4368.891994286799,0.0,0.0,0.0,665.3233920287905,0.0,11102.791656245747,6661674.993747449,8706677.287710472,80.53855524277242,88.0,0.3700930552081916,0.765264040500612,0.36028137401965956,88.0,0.3542647819438875,8706677.287710472,0.4534838856276111 
 03/13  06:30:00,1.875,99.0,1.615,0.0,0.0,0.0,0.0,0.0,2.0,2.0,0.0,0.0,0.0,0.0,0.0,1371.0,0.0,0.0,0.0,0.0,0.0,0.0,0.0,0.0,0.0,0.0,0.0,19.79208729345704,-1376.1623289496366,18.748477980050415,738.5515604242146,20.032187982017516,-3405.7777130269557,18.78213036019335,773.3971592999808,16.683955577136574,-6.114699409795944,18.789330201452633,-76.59142913510056,17.127954683822879,339.4870470257003,15.778514394308897,-305.70832242960116,18.663999865606756,-181.20836325296237,1257.8380616817238,701.1119661977218,0.0,0.0,0.0,0.0,0.0,0.0,0.0,0.0,0.0,0.0,0.0,0.0,0.0,0.0,0.0,0.0,0.0,0.0,0.0,0.0,0.0,0.0,1.7708900731951603,0.540564735407558,436.6748589307598,525.466785394674,16679.179755704376,0.44354032072278007,0.06769540914572343,375.5938601044528,454.00470402656199,13361.265632109698,2.5715706980505028,0.48593550605640636,543.0545871069776,652.525990618405,21204.54131253103,0.4044753659048276,0.07643147503870508,362.37171370160186,437.50562270865898,13134.341850235513,0.0,0.0,12.446849769268685,15.18326920257188,378.22644607150809,0.0,0.0,19.16358986530334,23.176808380348235,675.5128912660916,0.0,0.0,85.41492517228449,103.83124001618433,2758.520771554825,0.0,0.0,33.22852972110593,40.55304685902075,990.193348301923,0.0,0.0,38.76991667842338,46.805488468244167,1402.937859576804,34.31017195846255,23.532353880975685,728.8813519486664,884.1167120642737,25620.751524983752,0.0,0.0,47.97314807110843,59.463738261065639,1013.8383259898944,1914.9120047153215,20.650788126612019,28.86649353203638,21.999999999999994,29.99999999999999,0.0,19.33302857455367,31.329189747464655,15.999999999999993,29.99999999999999,4324.711210729154,21.086318741025406,28.09967671412467,21.999999999999994,29.99999999999999,0.0,19.687738503425817,30.63753552424138,15.999999999999993,29.99999999999999,0.0,16.648236859133978,37.33101820726802,11.999999999999995,29.99999999999999,0.0,19.16373450523215,31.858596255955896,18.999999999999994,29.99999999999999,0.0,17.614602383553156,34.946470648246009,9.999999999999997,29.99999999999999,497.3140962752593,16.318162376355127,38.26464480588513,16.33333333333333,29.99999999999999,1197.5141045094718,19.667751505270034,30.896487565787454,19.66666666666666,29.99999999999999,0.0,18.32594915284009,0.0,0.0,0.0,11.938690638712913,0.0,0.0,468.8528240446218,472.14522807295057,468.4679425621223,468.2914926613204,523.9753543033396,709.2320598211858,496.76815692166698,646.2853285690413,655.7590166756684,9945.394838423314,81.42880944062326,83.7797680931135,59.99999999999998,0.0,59.99999999999998,59.99999999999998,16.0,16.0,19.0,19.0,16.0,12.0,21.0,10.0,1.0,0.0,1914.9120047153215,0.0,4324.711210729154,0.0,0.0,0.0,497.3140962752593,1197.5141045094718,3557.8482329015726,2134708.939740944,2765227.278648266,81.42880944062326,83.8196951756799,0.34526160776338568,0.7654047856113129,0.36028137401965945,83.8196951756799,0.35426478194388735,2765227.278648266,0.14455515182304319 
 03/13  06:40:00,1.8833333333333334,99.0,1.6533333333333334,12.833333333333333,0.6666666666666665,0.0,0.0,0.0,2.0,2.0,0.0,0.0,0.0,0.0,0.0,1371.0,0.0,18.055491075381345,5.732648033444985,14.689680881053836,0.5413979707759237,14.410034996818697,0.0,5.73264803344498,7.836964481019673,0.0,0.0,20.338886652906518,-1246.469665922145,19.191045802220267,975.0722135947723,20.615572073888989,-3236.681345284428,19.26735900771548,989.9457604400315,16.654100862631766,3.551829291602134,18.955993129562395,-53.52607285529187,17.564043918779633,460.7594535539997,16.056591458838886,-360.3771727947644,18.59183173596871,-84.98354557915696,1499.3406083334576,718.3223373701526,0.0,0.0,0.0,0.0,0.0,0.0,0.0,0.0,0.0,0.0,0.0,0.0,0.0,0.0,0.0,0.0,0.0,0.0,0.0,0.0,0.0,0.0,1.8914030306127592,0.5773513524458974,456.5702335464907,547.865929242464,18153.012061341127,0.46850800491740998,0.0715061057566255,387.79508501349957,467.57374081595006,14335.932830162366,2.7844630258369484,0.526164592939711,553.9166271141676,663.6836990344593,22500.496974337388,0.4242118129316085,0.08016096238314596,369.981119159253,445.48225359235109,13957.266750991932,0.0,0.0,12.694386046909618,15.487527353317283,385.0272071266294,0.0,0.0,16.80892726422332,20.320781646608667,595.871605393457,0.0,0.0,98.84776793756771,119.88029862629407,3331.4467562614929,0.0,0.0,36.910457162070759,45.000941411327868,1133.2729105894974,0.0,0.0,26.611725737129566,32.14840555158042,953.4154136942809,35.33953375945077,24.23836334667407,749.2657453315031,906.1200138429315,27636.466535486317,0.0,0.0,51.936133829061478,64.38029106244653,1105.4860016079375,1902.2141797539155,21.47552458113899,27.422592335054764,22.000000000000008,30.00000000000001,0.0,20.064485614517964,29.920759748308947,16.000000000000008,30.00000000000001,4233.049815317859,21.91087740791138,26.698574997691979,22.000000000000008,30.00000000000001,0.0,20.46056017516598,29.192220545527574,16.000000000000008,30.00000000000001,0.0,16.62700388996167,37.30915794313495,12.000000000000006,30.00000000000001,607.297283460109,19.274376020407467,31.593897400496645,19.333333333333344,30.00000000000001,0.0,18.36562211829095,33.30534159005766,10.000000000000004,30.00000000000001,586.9749032302214,16.824269511298718,36.93013385027285,16.66666666666667,30.00000000000001,0.0,19.48522855148415,31.222970133510886,19.000000000000008,30.00000000000001,0.0,19.188246072959126,0.0,0.0,0.0,12.046331471505804,0.0,0.0,471.45795276987306,475.69718378587069,471.20186799857307,472.7710711141563,523.9725966823694,712.4339181249887,497.30413832646539,616.9654617057938,670.6789410343391,9783.178601308857,81.53610974728415,81.53610974728415,60.00000000000002,0.0,60.00000000000002,60.00000000000002,16.0,16.0,19.0,19.0,16.0,12.0,21.0,10.0,1.0,0.0,1902.2141797539155,0.0,4233.049815317859,0.0,607.297283460109,0.0,586.9749032302214,0.0,0.0,0.0,0.0,81.53610974728415,81.53610974728415,0.3400000000000002,0.7713345238523204,0.3602813740196597,81.53610974728415,0.3542647819438876,0.0,0.0007900000000000001 
 03/13  06:50:00,1.8916666666666667,99.0,1.6916666666666667,20.666666666666666,1.333333333333333,0.0,0.0,0.0,2.0,2.0,0.0,0.0,0.0,0.0,0.0,4570.0,0.0,28.874200537940906,9.67580174520433,24.793847375495969,0.8657996081036582,23.04441772462097,0.0,9.675801745204325,13.227554554223309,0.0,0.0,20.419890614788885,-1353.2952241244687,19.43610298917376,669.5220053167275,20.53359140369553,-1916.34008232883,19.458889809838618,581.7050988637355,16.630299429637618,6.117089804951871,19.22182073236833,-44.48188613091716,17.8045587376062,343.72109355244489,15.959363745573551,-408.48722536526938,18.671233565163779,-74.23208990049779,1466.91881707757,841.5849698706666,0.0,0.0,0.0,0.0,0.0,0.0,0.0,0.0,0.0,0.0,0.0,0.0,0.0,0.0,0.0,0.0,0.0,0.0,0.0,0.0,0.0,0.0,1.9420834153628258,0.5928215553610579,415.75544111054338,499.41570498402418,16506.83703975245,0.44372758729955666,0.06772399073558556,326.1384345229999,393.19796413066697,12232.6151136318,3.115282580217386,0.5886777362466719,399.6454987844848,479.537329254356,16074.771500562034,0.41549937159498998,0.07851462048280232,297.1156062059094,357.8378860312715,11283.114407129335,0.0,0.0,12.230633337324365,14.935908999201795,370.3695339692808,0.0,0.0,15.127708415229656,18.26993105741198,552.5011215629737,0.0,0.0,105.9156570145001,128.4266769505747,3632.568741880472,0.0,0.0,46.917290616707109,57.333673923093758,1403.418590435397,0.0,0.0,21.04073886597124,25.459588620038109,746.5761556901771,35.38521824470151,24.269697012826837,615.4256563152412,744.6757682362788,23003.867831724743,0.0,0.0,61.34267991656605,76.07051774374473,1323.5287186348567,1841.468030171729,21.441715473091244,27.460858384538758,21.999999999999998,30.0,0.0,20.358218448807248,29.360966458760929,15.999999999999999,30.0,2530.250781438324,21.544996484721083,27.294016026751817,21.599999999999999,30.0,0.0,20.596511603512078,28.932068767082787,15.999999999999999,30.0,0.0,16.612008380592969,37.2972872642232,12.0,30.0,185.65832372066672,19.84770072434559,30.46124219114941,19.2,30.0,0.0,18.68612208793019,32.62072008554186,10.0,30.0,843.4240527348079,16.44062729015168,37.75739639112761,16.599999999999999,30.0,829.3844643675857,19.284575003241767,31.59156213123414,19.3,30.0,0.0,19.24269151408396,0.0,0.0,0.0,12.198079016338046,0.0,0.0,475.66309200699177,478.9457404513352,476.1812745356459,479.03109268742909,521.9225881262904,723.3784107546109,499.75839208632228,578.8677108294703,687.1989005640548,10316.839663518178,81.18314733765895,86.06285932779898,60.0,0.0,60.0,60.0,16.0,16.0,19.0,19.0,16.0,12.0,21.0,10.0,1.0,0.0,1841.468030171729,0.0,2530.250781438324,0.0,185.65832372066672,0.0,843.4240527348079,829.3844643675857,7384.848761206232,4430909.256723739,5796853.766794113,81.18314733765895,86.14573303692362,0.3481616253735411,0.7655773309563616,0.3602813740196596,86.14573303692362,0.3542647819438876,5796853.766794113,0.30214639587329386 
 03/13  07:00:00,1.9,99.0,1.73,28.5,2.0,0.0,0.0,0.0,2.0,2.0,0.0,0.0,0.0,0.0,0.0,1828.0,0.0,39.78062180544137,13.211179038799079,33.853109984544918,1.192831274136688,31.74880266758035,0.0,13.21117903879907,18.06068334832711,0.0,0.0,20.491766768741607,-1359.0600455852942,19.52973180708355,515.0459232677395,20.62574925442516,-1649.800602438158,19.490685621342754,510.6369953422027,16.606712128769496,7.632016114232869,18.997229487354173,-29.251585291005484,17.913404225123629,284.48777797165908,15.935558583495333,-416.4021157867529,18.750349928891646,-93.32270212061718,1422.923662813566,893.300071511961,0.0,0.0,0.0,0.0,0.0,0.0,0.0,0.0,0.0,0.0,0.0,0.0,0.0,0.0,0.0,0.0,0.0,0.0,0.0,0.0,0.0,0.0,1.9541575001565864,0.5965071734299714,403.7400310633136,484.8180888617139,16021.790594930046,0.4285488441531935,0.06540733274621391,291.2791895078322,350.9581742685136,10965.799233541384,3.1848290556018035,0.6018195494334475,362.7567249191603,435.1480236773339,14551.166742657751,0.414181272281529,0.07826554653845973,277.2904836458013,333.83493010780338,10510.822092046152,0.0,0.0,12.152720476340662,14.835292569053119,367.42596126216508,0.0,0.0,14.153468772978864,17.107665737619507,507.09105711346259,0.0,0.0,105.44829046788755,127.74678280456948,3639.881605626737,0.0,0.0,49.92643829987045,60.99352396285399,1484.5658130565055,0.0,0.0,24.449899979092668,29.540786622531628,879.4022514558924,35.318586768909359,24.22399641214634,561.4455196567914,679.170448963152,21039.51198634074,0.0,0.0,64.49296243297502,79.89865791063784,1406.6787958919059,1852.7351961114856,21.461843149406144,27.420937995571557,22.0,30.0,0.0,20.43425638242817,29.21225789510821,16.0,30.0,2271.738295889499,21.50163223498189,27.36192522728687,21.5,30.0,0.0,20.54788262619805,29.008392552856536,16.0,30.0,0.0,16.59411306035455,37.29143613037902,12.0,30.0,0.0,19.487555704554834,31.12160443215848,19.0,30.0,0.0,18.807667298956344,32.35189757040312,10.0,30.0,371.04099805262049,16.342334213969019,37.91155703950254,16.25,30.0,0.0,19.570550060849994,31.011199669346163,19.0,30.0,0.0,19.19910994849811,0.0,0.0,0.0,12.323179045040132,0.0,0.0,477.5055281589076,481.6867596562999,477.91760676513436,481.3330541081252,517.642391033081,737.5757920371109,496.6181310764778,550.5875733445307,691.3492916480261,10516.582015696576,81.0509068693205,84.94197939815465,60.0,0.0,60.0,60.0,16.0,16.0,19.0,19.0,16.0,12.0,21.0,10.0,1.0,0.0,1852.7351961114856,0.0,2271.738295889499,0.0,0.0,0.0,371.04099805262049,0.0,5887.951836690216,3532771.102014129,4593605.276350087,81.0509068693205,85.00806272716854,0.36626506122300719,0.7693115221272937,0.36028137401965956,85.00806272716854,0.3542647819438875,4593605.276350087,0.23949747437020453 
 03/13  07:10:00,1.9666666666666666,99.0,1.7483333333333334,36.333333333333339,2.666666666666667,0.0,0.0,0.0,2.0,2.0,0.0,0.0,0.0,0.0,0.0,2285.0,0.0,50.729127118324459,16.003608498037428,41.00861080407479,1.521124844014723,40.48677481129211,0.0,16.003608498037413,21.878146126458426,0.0,0.0,20.651836222830789,-1542.6438542936754,19.605950918252817,701.8177725700407,20.65882492876881,-1595.904069390855,19.604566522729173,577.3499578870826,16.584606744437055,8.378232216853645,18.85792486113242,-25.6625452366018,18.00451716585713,386.037919409359,16.564655553383685,-424.8638363981496,18.684530226218486,-61.15792913150151,1466.4256500720774,792.1602749028052,0.0,0.0,0.0,0.0,0.0,0.0,0.0,0.0,0.0,0.0,0.0,0.0,0.0,0.0,0.0,0.0,0.0,0.0,0.0,0.0,0.0,0.0,1.940174821622561,0.5922389565392433,439.8868432357949,527.8762756492927,17527.091305821777,0.4429355185530148,0.06760310112225501,331.4494055437767,399.27552243687389,12483.882567732111,3.170330748436836,0.5990798844362882,385.4183241840011,462.6660904184255,15408.144183546408,0.42203646408484987,0.07974989873107517,303.06857812276356,364.9174407265348,11517.57436859992,0.0,0.0,12.112842737925244,14.79035655274077,364.1522578857236,0.0,0.0,14.565608557272205,17.61833263563554,513.5442061113669,0.0,0.0,104.3455786153365,126.39152136902573,3611.0111465598517,0.0,0.0,40.93144092278496,49.85508732405063,1293.9147465289357,0.0,0.0,18.0445835642399,21.837778960259987,634.7264585031013,35.43296518012792,24.302445253860037,627.0338054532558,758.251334215876,23509.27403793993,0.0,0.0,57.299912697006948,71.02578948781468,1237.3880064458013,1840.1246174088086,21.62339841771232,27.148396479418616,22.0,30.0,0.0,20.517781839830279,29.073735243087435,16.0,30.0,1675.2833180221829,21.540245473690829,27.292531211752448,21.6,30.0,0.0,20.689490587284565,28.767954853438526,16.0,30.0,0.0,16.576711723625836,37.29707573958834,12.000000000000002,30.0,0.0,19.264056654269056,32.94380982756854,19.0,30.0,0.0,18.92624618426852,32.093760159827919,10.0,30.0,1334.3416399100989,17.43262142829055,35.35040448625189,20.7,30.0,548.9676453329738,19.223960765877146,32.92647376679723,19.200000000000004,30.0,0.0,19.404137487121635,0.0,0.0,0.0,12.281314202410226,0.0,0.0,479.80986671156679,485.0128589188591,479.935304899086,484.17775262334916,513.2499216253436,777.4570255832235,492.21951145674759,539.4647530264035,721.182276874028,10901.965837353051,80.79608664851232,85.28851849714292,60.0,0.0,60.0,60.0,16.0,16.0,19.0,19.0,19.7,12.0,21.0,10.0,1.0,0.0,1840.1246174088086,0.0,1675.2833180221829,0.0,0.0,0.0,1334.3416399100989,548.9676453329738,6798.195838456276,4078917.5030737656,5296170.90791047,80.79608664851232,85.3648149037829,0.36260652794854256,0.7681677685159016,0.36028137401965956,85.3648149037829,0.35426478194388757,5296170.90791047,0.2759508872113444 
 03/13  07:20:00,2.033333333333333,99.00000000000002,1.7666666666666669,44.16666666666667,3.3333333333333337,0.0,0.0,0.0,2.0,2.0,0.0,0.0,0.0,0.0,0.0,1371.0,0.0,61.693815810306997,18.277671433333159,46.83582680490835,1.8499036992460319,49.23766311419826,0.0,18.277671433333148,24.98696256652969,0.0,0.0,20.63239385737539,-1205.2188614970699,19.67786920448601,448.12619622821009,20.76727289213953,-1737.411603463615,19.614965512785277,543.5400877437061,16.561761053383358,8.199579252224773,18.745323752570216,-31.02301532919556,18.150624014274244,325.0251050006091,17.333290840603025,-399.2874847483216,18.96706551884049,-49.33079195612055,1411.9005618871047,694.5146288587533,0.0,0.0,0.0,0.0,0.0,0.0,0.0,0.0,0.0,0.0,0.0,0.0,0.0,0.0,0.0,0.0,0.0,0.0,0.0,0.0,0.0,0.0,1.9289140320816807,0.58880159709453,382.00466710754378,458.47761960630938,15117.83851102812,0.41945457117085307,0.06401931794426938,279.44077398220795,336.47746530988777,10512.4631609906,3.112503177360018,0.5881525278458084,371.990185051915,445.8594258400461,14907.96532522233,0.41168332067636317,0.07779352242561658,283.9210432299289,341.6372387161134,10731.33909593039,0.0,0.0,12.009800299158819,14.659124834412787,358.96097915130738,0.0,0.0,14.856084308817272,17.967450709856963,516.7342324979666,0.0,0.0,88.82238198323069,107.48465782786937,3096.438339858957,0.0,0.0,30.602841172334306,37.10235068958137,1037.2061337559633,0.0,0.0,21.159475983216387,25.512409104231954,769.9754415069566,35.21904516107351,24.155723704439994,556.6038465498901,672.9180351347286,20823.417320808956,0.0,0.0,46.91883905189157,58.16455827825439,993.7931254817735,1784.9396643160013,21.546864005266877,27.290883756229158,21.999999999999994,29.99999999999999,0.0,20.557144199253764,29.040518550831807,15.999999999999993,29.99999999999999,2873.3771464391354,21.672069771395717,27.09212250343878,21.666666666666658,29.99999999999999,0.0,20.623184124960927,28.903426778150736,15.999999999999993,29.99999999999999,0.0,16.556036356754875,37.32218981320525,11.999999999999995,29.99999999999999,0.0,19.08465515472309,35.068006419985049,18.999999999999994,29.99999999999999,0.0,19.126249760410315,31.692852372208749,9.999999999999997,29.99999999999999,1303.427415582163,18.68174862317838,32.679299151159948,20.69999999999999,29.99999999999999,537.0437646760714,19.929805020367469,32.97218519418347,19.66666666666666,29.99999999999999,0.0,19.296884113695336,0.0,0.0,0.0,12.141628339682546,0.0,0.0,481.1170156380415,487.5634593135164,480.9615715817105,484.8900304712204,507.5174858484726,819.5355655715432,488.3559988419564,526.0996202286852,761.9710716661853,12154.829989693999,79.96721919403808,87.86585494330623,59.99999999999998,0.0,59.99999999999998,59.99999999999998,16.0,16.0,19.0,19.0,19.7,12.0,21.0,10.0,1.0,0.0,1784.9396643160013,0.0,2873.3771464391354,0.0,0.0,0.0,1303.427415582163,537.0437646760714,11951.847934356443,7171108.760613868,9367104.582173385,79.96721919403808,87.99999999999997,0.39839493114521476,0.7655991042318135,0.36028137401965945,87.99999999999997,0.35426478194388735,9367104.582173385,0.48764610493968266 
 03/13  07:30:00,2.0999999999999998,99.0,1.7850000000000002,52.0,4.0,0.0,0.0,0.0,2.0,2.0,0.0,0.0,0.0,0.0,0.0,1828.0,0.0,72.66045080305833,20.556941398280374,52.6763857618054,2.1787409477474379,57.99010511344462,0.0,20.556941398280359,28.10289741090421,0.0,0.0,20.56219659705104,-840.862580988718,19.631243137074539,390.1252329463773,20.77269545991937,-1810.4663575039704,19.666956293803236,470.8908077392764,16.53808751645301,4.140562347364053,19.03222027622391,-36.31314440448091,18.181714907372276,290.48954186816595,18.088777436531829,-125.17228183632079,18.717025071715953,-23.366562552302967,1351.5830550021188,393.9848843489391,0.0,0.0,0.0,0.0,0.0,0.0,0.0,0.0,0.0,0.0,0.0,0.0,0.0,0.0,0.0,0.0,0.0,0.0,0.0,0.0,0.0,0.0,1.9036879511449052,0.5811013281883106,322.57293983788937,387.5244167203952,12599.948075051752,0.41244782580071356,0.06294991236274628,264.021480983397,318.12319108626647,9828.892222885745,2.997742425048024,0.5664668225714332,365.7408155423693,438.8186859612478,14509.239797691833,0.393290946829647,0.07431801716357652,261.028229518038,314.1942626458185,9838.023234654192,0.0,0.0,11.701645735778597,14.289087681401094,347.61116162103238,0.0,0.0,13.778985693013555,16.654354279604826,485.3540523209613,0.0,0.0,70.80900467057259,85.71333502992404,2457.967783492119,0.0,0.0,16.023976937340018,19.350273235357393,577.9683471459551,0.0,0.0,15.521934011117267,18.76024584984714,550.3407878788935,35.00695277828956,24.01025567783921,517.7026646986724,626.2423653449999,19285.350366317143,0.0,0.0,24.705379577863476,30.687145414621157,502.12203667365636,1164.8321234399608,21.280698524429707,27.778956833170974,21.5,30.0,0.0,20.420470444451369,29.336358987781077,16.0,30.0,2376.9176407846059,21.523119941772376,27.38190449363645,21.5,30.0,0.0,20.641044112606346,28.91704090089486,16.0,30.0,0.0,16.532643009509799,37.41904739333656,12.0,30.0,756.0787288809909,19.40555983940639,35.320723061296,19.5,30.0,0.0,19.116974899066567,31.729372200864629,10.0,30.0,1293.4148444218805,19.871566715882464,30.443554059423719,20.7,30.0,0.0,19.479614953484555,34.83819322888898,19.0,30.0,0.0,19.185525287836265,0.0,0.0,0.0,11.720532321822404,0.0,0.0,481.62796607692777,488.7638486261613,481.63583282972629,485.35680798334087,505.5581434915256,839.811233310825,483.3227422040811,522.5814916243598,784.0444289448598,10360.159010443891,81.15433087732782,85.04678299753043,60.0,0.0,60.0,60.0,16.0,16.0,19.0,19.0,19.7,12.0,21.0,10.0,1.0,0.0,1164.8321234399608,0.0,2376.9176407846059,0.0,756.0787288809909,0.0,1293.4148444218805,0.0,5890.057331914433,3534034.39914866,4597429.252106817,81.15433087732782,85.1128897565857,0.36633524439714779,0.7671872013354559,0.36028137401965956,85.1128897565857,0.3542647819438875,4597429.252106817,0.2396296544428879 
 03/13  07:40:00,2.1666666666666667,99.0,1.8033333333333333,61.83333333333333,6.5,0.0,0.0,1.0,2.0,0.0,0.0,0.0,0.0,0.0,4.0,2742.0,0.0,86.1886010532302,23.85198663322875,61.119828695976547,2.584386368766201,68.78689109882103,0.0,23.851986633228738,32.607474060122537,0.0,0.0,20.653681851282614,-1628.8543793450747,19.668774081703665,560.2434556282458,20.75877982243137,-1380.4108202143746,19.705480941827856,512.7879118106193,16.512011465676296,2.552156035992554,19.21044917412688,-63.262131919511549,17.441851388180245,-589.8085570736269,18.44399667683453,-129.32975242107464,18.34899538167452,-281.8741258018074,1386.0196177777949,1788.809361860103,0.0,0.0,0.0,0.0,0.0,0.0,0.0,0.0,0.0,0.0,0.0,0.0,0.0,0.0,0.0,0.0,0.0,0.0,0.0,0.0,0.0,0.0,1.9102852159958355,0.5831151452978736,363.1781827210972,436.219349393312,14232.623819244445,0.4226541621115748,0.06450765599993505,298.82764164956395,360.1456131521187,11104.16500420967,2.8759194923919328,0.5434466160982483,292.4462814707709,350.9118541592698,11616.06448507982,0.39691961667786826,0.07500370685522824,290.81726923901575,350.13425250305877,10919.448132487367,0.0,0.0,12.288747696377067,15.010996420564027,362.7027149085327,0.0,0.0,15.211668627061425,18.36178359273329,544.8267401381811,0.0,0.0,214.08878212175223,260.5272927014022,6733.853922617671,0.0,0.0,31.9920213371661,38.55047185995144,1178.6814622401503,0.0,0.0,145.15626996342002,175.82783219362796,4932.97516056586,35.03290572869748,24.028056055348054,581.9713204993161,703.9133957025988,21593.910892942306,0.0,0.0,149.7448750683631,184.73761881230784,3533.503886230692,1824.6658016895086,21.455171410960558,27.71663230351021,21.999999999999976,29.999999999999969,0.0,20.463202145478879,29.4117543952373,15.999999999999983,29.999999999999969,1588.95370168157,21.588631742643277,28.146202308098734,21.499999999999976,29.999999999999969,0.0,20.655862072604749,29.581725771772328,18.99999999999998,29.999999999999969,0.0,16.505144574544027,37.76520151560516,11.99999999999999,29.999999999999969,0.0,19.770688117344464,35.42601812440981,18.99999999999998,29.999999999999969,0.0,17.591113032336865,35.99522704871569,9.99999999999999,29.999999999999969,499.2738679659594,20.363768208956409,30.726673648654715,20.199999999999979,29.999999999999969,0.0,18.851319386626785,33.753219161735227,11.99999999999999,29.999999999999969,0.0,19.357782283550777,0.0,0.0,0.0,13.407308631375387,0.0,0.0,494.10260058611677,494.42021912881605,526.8001393277803,517.6020351767269,519.2947294931064,865.0137676322727,558.3943640276866,585.564034839046,595.7545656543798,9672.933020532422,81.60901390003278,81.60901390003278,219.99999999999978,0.0,219.99999999999978,219.99999999999978,16.0,19.0,19.0,12.0,19.7,12.0,21.0,10.0,1.0,0.0,1824.6658016895086,0.0,1588.95370168157,0.0,0.0,0.0,499.2738679659594,0.0,0.0,0.0,0.0,81.60901390003278,81.60901390003278,0.3399999999999997,0.7713912331588609,0.3602813740196592,81.60901390003278,0.3542647819438871,0.0,0.0020900000000000004 
 03/13  07:50:00,2.233333333333333,99.0,1.8216666666666668,71.66666666666666,9.0,0.0,0.0,1.0,2.0,0.0,0.0,0.0,0.0,0.0,4.0,1828.0,0.0,99.71111282177698,26.890085661715337,68.90486229510968,2.9898628496102956,79.57917845442539,0.0,26.890085661715326,36.760785764794139,0.0,0.0,20.605701097253449,-1517.5797771658982,19.71169482091755,455.0200975910575,20.80633600159817,-1347.6971911364654,19.75104712862996,470.46668851580037,16.482092936783987,-3.7078395846920246,18.977900124164458,-85.05298932648532,16.806692278073215,-114.89736789142944,18.4252633002227,-226.2367560938011,17.822154457757344,-371.9052394688438,1359.291747815013,1634.8595610411927,0.0,0.0,0.0,0.0,0.0,0.0,0.0,0.0,0.0,0.0,0.0,0.0,0.0,0.0,0.0,0.0,0.0,0.0,0.0,0.0,0.0,0.0,1.8967683798092395,0.5789891269258973,347.4813794834452,417.4461241978918,13473.408580288744,0.41221226889615228,0.0629139604542357,280.17417666218878,337.5350941444638,10384.114164333583,2.7595344890953035,0.5214539850898157,285.24115945072597,342.20557299365728,11273.43898382302,0.3858437073868992,0.07291075347447074,282.3669159514686,339.8164599722678,10581.385701549854,0.0,0.0,12.320156002419765,15.047146020559972,361.1278182163438,0.0,0.0,16.302298090703468,19.695992196902077,570.5449574962867,0.0,0.0,244.2650034498488,298.14366550487446,7235.601967201987,0.0,0.0,41.10810002395062,49.54374174241084,1502.3185171780584,0.0,0.0,163.11616130884725,198.18481469118104,5258.991190010536,34.90435327275312,23.93988564660708,554.7832000150071,670.8546847969946,20541.38975776497,0.0,0.0,175.65193730434675,216.21825926228048,4360.9943024478229,1816.5863288123783,21.301527988899374,28.27833190205103,22.0,30.0,0.0,20.481170463055805,29.69358406828285,16.0,30.0,1563.6666561339494,21.590318982309058,28.496187684825455,21.5,30.0,0.0,20.675885527700666,30.038501561545958,19.0,30.0,0.0,16.46996860753088,38.342925261267719,12.0,30.0,0.0,19.408130978911747,36.87344842023502,19.0,30.0,0.0,16.629482887156997,38.457815314178059,10.0,30.0,1111.1911895398935,20.187051511423637,31.762987470740975,20.45,30.0,0.0,17.972828680681006,35.27457780073536,12.0,30.0,0.0,19.334957253874319,0.0,0.0,0.0,14.176166477707794,0.0,0.0,508.84094971214946,509.43701545035608,543.6554555180303,540.5897454084827,545.2641441208384,880.43859493459,565.3291466531052,628.0577242089831,565.6327621539886,9831.476697883636,81.5040425392942,85.0630573636775,220.0,0.0,220.0,220.0,16.0,19.0,19.0,12.0,19.7,12.0,21.0,10.0,1.0,0.0,1816.5863288123783,0.0,1563.6666561339494,0.0,0.0,0.0,1111.1911895398935,0.0,5386.0200110561659,3231612.0066337,4211603.78801339,81.5040425392942,85.12350125051391,0.3495340003685389,0.7664878619283282,0.36028137401965956,85.12350125051391,0.3542647819438875,4211603.78801339,0.22106895253225188 
 03/13  08:00:00,2.3,99.0,1.84,81.5,11.5,0.0,0.0,1.0,2.0,0.0,0.0,0.0,0.0,0.0,4.0,1828.0,0.0,113.22450486127718,29.733409446147314,76.19079612679519,3.3950660030345927,90.36418879312058,0.0,29.733409446147286,40.647824944005879,0.0,0.0,20.597215125623359,-1555.3136472296947,19.723116738724657,431.5324670583086,20.909512003439393,-1276.4125027973199,19.76778402938674,438.9442382338839,16.451009392816787,-3.756365426623475,18.81846990173571,-79.7131831603082,16.857559439733885,44.7450353242898,18.657066470966027,-315.72433986349389,17.496440682026266,-169.66063012166104,1283.5306098070437,1257.132985509376,0.0,0.0,0.0,0.0,0.0,0.0,0.0,0.0,0.0,0.0,0.0,0.0,0.0,0.0,0.0,0.0,0.0,0.0,0.0,0.0,0.0,0.0,1.901452852010906,0.5804190634953925,343.37250485396057,412.5997512244604,13217.842545437736,0.4114509066754507,0.0627977574290981,275.94125829037406,332.43882294205806,10179.439794244132,2.6703435650083677,0.5046000689736147,232.28278010055153,278.45415547353027,9156.341824068582,0.3747145846253458,0.07080774463819835,228.31970479248109,274.5153786481417,8536.21095734569,0.0,0.0,11.918681993443509,14.558487388687843,346.89898245151087,0.0,0.0,16.848275187878384,20.375133689194869,578.9539855967665,0.0,0.0,195.84233805336684,238.8949319078573,5845.418967816911,0.0,0.0,49.97691437276748,60.196443726676537,1845.2316403516007,0.0,0.0,110.43244275710789,134.38654304946943,3445.838703502998,34.81390135688484,23.87784729553145,496.93633456798718,600.9069439754117,18332.489073316792,0.0,0.0,125.00308179201625,154.08863604381123,2987.583299489311,1844.6571328905457,21.226493567716458,29.07333468083274,22.0,30.0,0.0,20.458042465123147,30.37734746660744,16.0,30.0,1529.5614507107999,21.722035328777485,29.09659090259985,21.5,30.0,0.0,20.650608818180549,31.01021927236012,19.0,30.0,0.0,16.43392444076099,38.76316704613983,12.0,30.0,0.0,19.144740261118505,37.769623328761088,19.0,30.0,0.0,16.814353037846094,38.35821977581624,10.0,30.0,855.3078567052102,20.482089082366906,31.34280135321798,20.2,30.0,0.0,17.51006678370455,36.55361463640149,12.0,30.0,0.0,19.12760290766068,0.0,0.0,0.0,13.779785685692695,0.0,0.0,539.454348471487,538.4455767425634,584.805128587358,584.5034141836347,556.4742933669246,884.637314254679,567.5544889053105,622.3393830272905,565.1922674731309,10480.284446246493,81.07506536942316,86.26247516846968,220.0,0.0,220.0,220.0,16.0,19.0,19.0,12.0,19.7,12.0,21.0,10.0,1.0,0.0,1844.6571328905457,0.0,1529.5614507107999,0.0,0.0,0.0,855.3078567052102,0.0,7850.575181322369,4710345.108793421,6154792.422391929,81.07506536942316,86.35057460787617,0.34668583937741229,0.7658695174592571,0.36028137401965956,86.35057460787617,0.3542647819438875,6154792.422391929,0.3220903170754914 
 03/13  08:10:00,2.53,98.83333333333333,1.8566666666666667,91.33333333333334,14.0,0.0,4.0,0.0,0.0,0.0,0.0,0.0,0.0,0.0,0.0,2742.0,0.0,126.72431314874086,32.4384468778009,83.12237976771339,3.799861973309826,101.1383593803042,0.0,32.43844687780088,44.34581619482376,0.0,0.0,20.692472929125793,-1340.109278980057,19.75255698278326,433.11443836768219,20.778362737105387,-708.6601537277159,19.811505419674533,-38.41147491686982,16.427768939667304,2.526219519995994,18.562987058813677,-209.29044128041785,17.274547866748937,469.5499609412006,18.052486024989915,-135.96863342162895,17.263881807140764,-494.46259378976,1121.868944034011,1035.7779288257055,0.0,0.0,0.0,0.0,0.0,0.0,0.0,0.0,0.0,0.0,0.0,0.0,0.0,0.0,0.0,0.0,0.0,0.0,0.0,0.0,0.0,0.0,1.8462745230792189,0.5635758617457932,364.81886274707906,438.2652206567152,13974.925422453407,0.408504222836809,0.06234801935848733,285.2946225204682,343.81105871518056,10397.235018757914,2.7890460018798395,0.5270306126001209,130.58549986591647,156.7454309392625,5140.683385915998,0.38156440278142808,0.07210211692770746,20.603878256529513,24.80846232011119,768.9525416351482,0.0,0.0,10.827152835777988,13.231475066249365,309.5489674639415,0.0,0.0,73.42126297895541,89.0131095629291,2430.445248324865,0.0,0.0,216.33193372040933,263.1910142396088,6700.81378145612,0.0,0.0,35.231822197859369,42.61719087218094,1214.7094283420398,0.0,0.0,96.1796600212874,117.1812846007592,2876.335319789505,34.55543045287086,23.7005695835877,302.8037192831333,367.1614943562556,11107.026952767437,0.0,0.0,103.24465741414497,127.35277041509846,2369.1955839981826,1832.4033971819454,21.380945921615365,29.123965199190203,21.999999999999994,30.0,0.0,20.47187642848838,30.794534758432435,15.999999999999999,30.0,1181.4327494566415,21.46405969148839,28.86075558954662,21.33333333333333,30.0,0.0,20.598176073409744,33.92591626183818,18.999999999999998,30.0,0.0,16.41248902500211,39.29600560618203,11.999999999999997,30.0,0.0,18.712262191304036,35.98417641095321,15.999999999999999,30.0,0.0,17.65532328300371,37.43042586687557,9.999999999999999,30.0,0.0,19.358757822227667,33.48714240882108,15.999999999999999,30.0,0.0,17.164316831378998,37.938592690648679,11.999999999999997,30.0,0.0,18.659962750981696,0.0,0.0,0.0,13.411066261897494,0.0,0.0,552.1070137729796,555.8036807276609,543.2568701028033,748.3667094197955,574.1788866177612,690.1558746003666,618.4448465740892,611.6146447382733,591.324246011298,9498.476692478418,81.72431439393354,84.02217717113426,132.0,0.0,132.0,132.0,16.0,19.0,16.0,12.0,16.0,12.0,21.0,10.0,1.0,0.0,1832.4033971819454,0.0,1181.4327494566415,0.0,0.0,0.0,0.0,0.0,3477.5752266690844,2086545.1360014515,2718459.62159481,81.72431439393354,84.06120250947203,0.3425858408889695,0.7696920360528858,0.3602813740196595,84.06120250947203,0.3542647819438874,2718459.62159481,0.14256990032293016 
 03/13  08:20:00,2.76,98.66666666666669,1.8733333333333336,101.16666666666666,16.5,0.0,4.0,0.0,0.0,0.0,0.0,0.0,0.0,0.0,0.0,1371.0,0.0,139.97875242188725,35.025173290050847,89.75079885314325,4.19730079656133,111.71670491653139,0.0,35.025173290050819,47.88206731239602,0.0,0.0,20.71961241394545,-1548.9016083480768,19.780345966587036,433.89209158604708,20.44559485435375,-419.7620835807206,19.696237258266299,-63.12031005361315,16.416595539883759,12.91698876070169,18.363320764003264,-64.07364476729429,17.57903415727026,128.0140834796321,17.362781571835599,-31.394029416168939,16.697111655962659,-723.6546976540489,1135.5386982431135,1418.3670536288265,0.0,0.0,0.0,0.0,0.0,0.0,0.0,0.0,0.0,0.0,0.0,0.0,0.0,0.0,0.0,0.0,0.0,0.0,0.0,0.0,0.0,0.0,1.8322114358796525,0.559283100085364,367.7953960457903,441.66407222740636,13897.136331429794,0.4035811220485731,0.0615966303492938,281.8535326867372,339.4702888878892,10152.597347209114,2.9570429300946987,0.5587760638878873,99.76391370459855,119.89206755024479,3822.362152358732,0.37996102855771488,0.07179913615981004,21.361201352027569,25.713617177523497,776.2349691935826,0.0,0.0,10.232217694102879,12.49528891889089,287.71849080153268,0.0,0.0,48.700332523689599,59.07466864912282,1561.523964220369,0.0,0.0,262.96048921001298,319.1854211474665,8244.283829270636,0.0,0.0,22.51678961818361,27.33633538750587,712.4204083832166,0.0,0.0,175.57723017148045,214.46043706923065,4855.8700247838319,34.29040866149866,23.518798807612254,300.1095161858147,363.73385078559707,10834.486262127371,0.0,0.0,179.39136306404638,220.49812893305848,4325.373091052641,1830.4313480654615,21.378190414315875,29.2296881604654,21.999999999999994,29.999999999999998,0.0,20.489181846876435,30.84525877213737,15.999999999999997,29.999999999999998,222.41194603956309,21.12449281443721,29.646215800495214,20.999999999999998,29.999999999999998,0.0,20.348609206049074,37.235079909097837,18.999999999999998,29.999999999999998,0.0,16.41168728529022,39.744192338848467,11.999999999999997,29.999999999999998,0.0,18.432232244107,35.62464922205165,15.999999999999997,29.999999999999998,0.0,18.090105198327494,36.07457694326991,9.999999999999999,29.999999999999998,0.0,18.167515110338806,36.00519804951563,15.999999999999997,29.999999999999998,0.0,16.232067647345155,40.64878356475695,11.999999999999997,29.999999999999998,0.0,18.60929050723357,0.0,0.0,0.0,14.255782894118717,0.0,0.0,553.6340646785988,555.8347820150033,549.0040953417675,918.1605649327028,589.7421737058286,618.9448130812967,593.531294376467,606.4892757015341,604.9357426731997,9921.336369263661,81.44466547755519,83.89215082138341,132.0,0.0,132.0,132.0,16.0,19.0,16.0,12.0,16.0,12.0,21.0,10.0,1.0,0.0,1830.4313480654615,0.0,222.41194603956309,0.0,0.0,0.0,0.0,0.0,3703.772128888859,2222263.277333316,2877199.007921818,81.44466547755519,83.93371724761534,0.3501257376296286,0.7701420518593437,0.3602813740196595,83.93371724761534,0.35426478194388746,2877199.007921818,0.15086834841193456 
 03/13  08:30:00,2.99,98.5,1.8900000000000002,111.0,19.0,0.0,4.0,0.0,0.0,0.0,0.0,0.0,0.0,0.0,0.0,2285.0,0.0,153.44822433260274,37.55140084657956,96.22419376464549,4.6011873686720519,122.46666679645446,0.0,37.55140084657955,51.335611907491529,0.0,0.0,20.80281719188999,-1525.5140257018684,19.827257291521194,547.605915803144,20.76253664904892,-756.6752822006706,19.623579440183837,-63.90105004407097,16.41279052245831,16.71473070731214,18.25647725314469,-73.2089816296244,17.39949806824209,69.84219110136728,16.97013383380602,-17.34948442176833,16.370919273574616,-486.26980925537438,1156.5581350326029,1427.176988201055,0.0,0.0,0.0,0.0,0.0,0.0,0.0,0.0,0.0,0.0,0.0,0.0,0.0,0.0,0.0,0.0,0.0,0.0,0.0,0.0,0.0,0.0,1.8256687267937875,0.5572859361397398,407.04958370939587,488.70925601783326,15278.749110232824,0.41525468980537996,0.06337831040985652,310.5732340310748,374.0714979930735,11073.0698494878,2.700480655010849,0.51029490835428,139.60305451481333,167.56477925142239,5378.804895318812,0.4085419242784517,0.07719991010552753,29.29399799431955,35.28982873927899,1037.5938168641517,0.0,0.0,10.323199949391242,12.611451204192513,285.5746276667062,0.0,0.0,50.936630494084798,61.82249152194391,1594.3043291797649,0.0,0.0,303.9915550708822,369.67125984231657,9192.231654533814,0.0,0.0,15.305873565141513,18.6309523010846,457.04394229614987,0.0,0.0,211.41286413291983,258.81508494885619,5593.819082414107,34.20314036967591,23.458944012123405,342.3699741493927,414.7311711503561,12175.235713330427,0.0,0.0,214.60133383392907,263.8125377385871,5176.56702000351,1772.462529890713,21.48105817314657,29.407370461944934,22.0,30.0,0.0,20.54316877786858,31.01892159058525,16.0,30.0,1328.98892277108,21.594927475170477,29.218829476335438,21.4,30.0,0.0,20.193975876017434,38.133079455644779,19.0,30.0,0.0,16.42099241312617,39.88022107168556,12.000000000000002,30.0,0.0,18.289240855288687,35.715431991196229,16.0,30.0,0.0,17.740809828826167,36.934346208838139,10.0,30.0,0.0,17.525743615805977,37.438279712983128,16.0,30.0,0.0,15.80873027663981,41.71531534379095,12.000000000000002,30.0,0.0,18.83695596082798,0.0,0.0,0.0,14.612343055800356,0.0,0.0,568.4602107244386,564.911114232546,566.7415715284046,954.9469661457795,591.6585435585718,598.9093532436881,588.1260079817091,600.4024148981529,594.2542247968661,9417.483221795508,81.77790153302337,83.14451374125213,132.0,0.0,132.0,132.0,16.0,19.0,16.0,12.0,16.0,12.0,21.0,10.0,1.0,0.0,1772.462529890713,0.0,1328.98892277108,0.0,0.0,0.0,0.0,0.0,2068.2431341238618,1240945.880474317,1610454.8568161017,81.77790153302337,83.16772335338905,0.3409414378041287,0.7694029271113538,0.36028137401965956,83.16772335338905,0.35426478194388757,1610454.8568161017,0.08504165255443729 
 03/13  08:40:00,3.2199999999999999,98.33333333333334,1.9066666666666668,121.0,29.83333333333333,0.0,0.0,1.0,2.0,0.0,0.0,0.0,0.0,0.0,0.0,4113.0,0.0,174.43527123905339,41.36934206954181,106.00755303068348,5.230487505377356,139.21635495982737,0.0,41.369342069541797,56.55502701555549,0.0,0.0,20.856125283401114,-1418.225378229249,19.90750983120658,507.671507904563,20.79945410844134,-1782.7634471909899,19.71628878248294,662.1350158048745,16.405339631998396,14.447883549348083,19.02985561495231,-102.55647706773658,17.293125938983349,27.723905039735827,17.722278488844954,-113.285827596595,16.22064534332167,-386.23435272077639,1287.7860071837427,1395.9533601994229,0.0,0.0,0.0,0.0,0.0,0.0,0.0,0.0,0.0,0.0,0.0,0.0,0.0,0.0,0.0,0.0,0.0,0.0,0.0,0.0,0.0,0.0,1.7406267871051842,0.531326858090717,406.66908228455449,488.1868692115012,15134.618585165508,0.39392040531507746,0.06012216198337583,296.9620212705595,357.6311094746671,10495.471382722371,2.7944279413123889,0.5280476079577471,416.32364322855536,499.7560390898862,15591.37077259669,0.40238842593033238,0.0760371175227387,339.44187541872619,409.0502902648989,11881.656017320724,0.0,0.0,11.0865298451821,13.548086421235173,301.4347028992604,0.0,0.0,18.17925281582439,21.977549297563319,603.4759795794736,0.0,0.0,274.41707149047229,334.042464596884,8065.511210989531,0.0,0.0,27.8677265402496,33.74531529434027,891.57480253722,0.0,0.0,219.89406758261087,269.431821288945,5645.410339967142,33.97131691653938,23.29994301545917,629.8160194537454,761.4153625905192,21968.88730087121,0.0,0.0,224.14118069229594,275.5263500738775,5343.796586159636,1849.4144033789704,21.55102210563761,30.17944830425349,22.000000000000055,30.000000000000076,0.0,20.627984390846608,31.765478484158185,16.00000000000004,30.000000000000076,2293.9985725150538,21.561108806970969,29.993661124653657,21.55555555555561,30.000000000000076,0.0,20.447657752731329,32.32587471618083,16.00000000000004,30.000000000000076,0.0,16.42067435196732,40.07619351516536,12.000000000000032,30.000000000000076,1320.8704523152019,19.491974214689479,34.229646688391579,19.88888888888894,30.000000000000076,0.0,17.547284928744128,37.8702751936043,10.000000000000025,30.000000000000076,1333.3052089592298,18.700989525730443,35.5319665669637,20.700000000000054,30.000000000000076,0.0,15.650755373573933,42.417533734344257,12.000000000000032,30.000000000000076,0.0,19.47449067645943,0.0,0.0,0.0,14.709690878492748,0.0,0.0,618.8351450714129,612.0692188446415,605.7580456148745,622.4292070898576,592.542854357709,672.0433158580381,600.990633708046,646.6801846474533,596.1805185683759,10403.535847940393,81.12580087010608,86.56999337455747,60.00000000000015,0.0,60.00000000000015,60.00000000000015,16.0,16.0,19.0,12.0,19.7,12.0,21.0,10.0,1.0,0.0,1849.4144033789704,0.0,2293.9985725150538,0.0,1320.8704523152019,0.0,1333.3052089592298,0.0,8239.085604227195,4943451.362536306,6463203.348095436,81.12580087010608,86.66245383676182,0.350191742363129,0.7652714641727938,0.36028137401966056,86.66245383676182,0.3542647819438884,6463203.348095436,0.33669657410096268 
 03/13  08:50:00,3.45,98.16666666666667,1.9233333333333334,131.0,40.66666666666666,0.0,0.0,1.0,2.0,0.0,0.0,0.0,0.0,0.0,0.0,1828.0,0.0,196.14928537910968,44.82804750156174,114.87039396131032,5.881585836120539,156.54623266448517,0.0,44.82804750156171,61.28333956202819,0.0,0.0,20.915147450390714,-1465.012275798059,19.98059039648072,469.8318003756067,20.867658219758945,-1461.6390905721415,19.876558590901888,509.91770246024819,16.394559246633628,13.323980638525299,19.145278816605804,-111.21402431373972,17.21020579998175,44.367062902973888,18.674225079688055,-299.5708172539024,16.14354638076071,-289.85544802310849,1263.7764293046444,1404.6399311948583,0.0,0.0,0.0,0.0,0.0,0.0,0.0,0.0,0.0,0.0,0.0,0.0,0.0,0.0,0.0,0.0,0.0,0.0,0.0,0.0,0.0,0.0,1.729899393194998,0.5280523178250911,396.9839238414579,476.3693828114895,14591.507853402263,0.38390705531404786,0.058593872911179459,281.29905513049558,338.4769840342615,9851.333439470522,2.672949202191644,0.5050924418351559,367.2630193799911,440.542515012894,13545.563000573648,0.3874787018456889,0.0732197093434786,319.32215899934899,384.23633125702249,11173.558861324616,0.0,0.0,11.062224178598339,13.511769326606359,295.42351196208218,0.0,0.0,18.231194433417483,22.01384878744095,601.4024362537525,0.0,0.0,269.8299439378259,328.455168560909,7730.605720179161,0.0,0.0,45.366334010080667,54.63592546707039,1560.4563509780294,0.0,0.0,223.72654129775629,274.0400463926428,5615.540535018218,33.70121617526249,23.11468873474794,594.3476476926071,717.9422190840005,20575.153548913735,0.0,0.0,229.55422939223247,281.78720562471087,5481.078408323561,1824.6161698548506,21.586818780928036,30.077828992401483,22.0,30.0,0.0,20.69591791174159,31.788258775938347,16.0,30.0,2000.6984865165769,21.539435956665508,30.212334288039917,21.5,30.0,0.0,20.662370344432984,31.78446821729503,16.0,30.0,0.0,16.4137831392746,40.4066647060255,12.0,30.0,0.0,19.64944482070612,35.703286235093809,19.0,30.0,0.0,17.40631683877537,38.44228580658459,10.0,30.0,1257.0464023055588,20.33401899587613,32.7469367969137,20.7,30.0,0.0,15.598807989302533,43.00300918103335,12.0,30.0,0.0,19.52453194581164,0.0,0.0,0.0,14.96652242120302,0.0,0.0,611.196053276168,616.2789298561011,610.1092867710321,608.8897257779339,597.810524793183,777.3419753796551,607.7826817148967,667.8117932678085,610.6099971581418,9401.772260087513,81.7882769158876,83.5135349961707,60.0,0.0,60.0,60.0,16.0,16.0,19.0,12.0,19.7,12.0,21.0,10.0,1.0,0.0,1824.6161698548506,0.0,2000.6984865165769,0.0,0.0,0.0,1257.0464023055588,0.0,2610.9952197253508,1566597.1318352104,2029621.1649210198,81.7882769158876,83.5428356058377,0.34203317399084506,0.766359149469521,0.36028137401965956,83.5428356058377,0.3542647819438875,2029621.1649210198,0.10612363390922636 
 03/13  09:00:00,3.68,98.0,1.94,141.0,51.5,0.0,0.0,1.0,2.0,0.0,0.0,0.0,0.0,0.0,0.0,914.0,0.0,220.47740693622135,48.28528296318523,123.72947117290598,6.611067240243398,175.96240528203433,0.0,48.2852829631852,66.00964254752353,0.0,0.0,20.82028874772076,-1600.7846042919564,20.046775333574517,407.6963699750604,20.66941892210385,-548.6419368544257,19.867227718132978,143.5531446957648,16.383171785327307,13.3873242857768,18.943642332142859,-97.42775447096904,17.192244945046015,58.420020777839457,18.94641212753892,-383.49641450965978,16.133668614815229,-240.23441056974344,1220.651651287806,1381.6465841088134,0.0,0.0,0.0,0.0,0.0,0.0,0.0,0.0,0.0,0.0,0.0,0.0,0.0,0.0,0.0,0.0,0.0,0.0,0.0,0.0,0.0,0.0,1.6609210404058495,0.5069966545805402,437.0705292766176,524.201383024131,15683.779108191415,0.3591046823540991,0.054808406952701328,262.8144424141774,316.00660711895787,9106.474430191935,2.948220725738454,0.5571089806762009,269.448431701931,323.5136249435959,9694.729911605138,0.36264588152509316,0.06852718849680519,207.51932000310729,249.78422012512625,7148.387068050755,0.0,0.0,11.01528048883945,13.44287457868914,288.81946016703298,0.0,0.0,18.04803904861476,21.7958641077064,574.2934801875965,0.0,0.0,267.21407957544298,324.9839287804049,7520.101747365336,0.0,0.0,52.54956127701972,63.173281862395999,1816.7655536720359,0.0,0.0,223.60541588993272,273.58848279315296,5527.687656399874,33.31242226248254,22.84802624312932,514.7086028901466,621.460966154308,17693.101434488133,0.0,0.0,229.9453125650675,281.8032406272818,5473.841712817124,1795.9859892257778,21.391719380742218,30.401478725954619,22.0,30.0,0.0,20.749578373790898,31.678149338272094,16.0,30.0,1399.1110779038659,21.41641471702603,30.373417987726464,21.5,30.0,0.0,20.563517884181147,32.003105256388028,16.0,30.0,0.0,16.40509566457483,40.702871418193229,12.0,30.0,0.0,19.279133072191443,37.74880131299952,19.0,30.0,0.0,17.38607167982051,38.63820743656107,10.0,30.0,977.672945571851,20.715388255394055,32.18146788974309,20.7,30.0,0.0,15.644755778757585,43.15760419841494,12.0,30.0,0.0,19.542518660870756,0.0,0.0,0.0,15.168355828795843,0.0,0.0,603.2344278646583,612.0691960669219,602.5259885666998,607.4672456294362,603.6752493829532,840.3244853795595,611.8989623521964,662.8584128101816,619.8307045949837,11193.529476857879,80.60329124228349,87.87647715783375,60.0,0.0,60.0,60.0,16.0,16.0,19.0,12.0,19.7,12.0,21.0,10.0,1.0,0.0,1795.9859892257778,0.0,1399.1110779038659,0.0,0.0,0.0,977.672945571851,0.0,11006.60085493387,6603960.512960321,8604851.984847244,80.60329124228349,88.0,0.3668866951644623,0.767487908776936,0.36028137401965956,88.0,0.3542647819438875,8604851.984847244,0.4480089698787233 
 03/13  09:10:00,3.92,97.66666666666667,1.885,151.0,62.33333333333334,0.0,0.0,0.0,0.0,0.0,0.0,0.0,0.0,0.0,0.0,3656.0,0.0,247.9879880077215,51.73842591387278,132.5780643665664,7.435973428897887,197.91846802072957,0.0,51.73842591387275,70.73035076029672,0.0,0.0,20.199143892775287,-207.76629330112446,19.94311233454919,-105.86762453283554,20.247725234120645,-853.5435203544296,19.729867454717934,142.79426321793614,16.373786052268885,12.407202389748079,18.70937738658589,-258.94906330628228,17.196199850474338,54.50704653389903,18.36604643901959,-229.7359937932902,16.14543408516469,-199.58600491871847,871.2035791851824,1236.5722370119502,0.0,0.0,0.0,0.0,0.0,0.0,0.0,0.0,0.0,0.0,0.0,0.0,0.0,0.0,0.0,0.0,0.0,0.0,0.0,0.0,0.0,0.0,1.6312500964309945,0.49793958987515099,165.91106465503519,200.0292715848993,5656.7468544208309,0.3160252189991585,0.04823339728314385,94.5225901296222,113.98614985669394,3196.810138606098,2.6387642206910848,0.49863269476399965,246.21860423886083,296.6278446387143,8551.17104580636,0.3283783271986192,0.062051838094977159,186.85688139777575,225.47393277316488,6252.520925415033,0.0,0.0,9.98644405217457,12.205721695492408,256.74625213120268,0.0,0.0,78.46060619729859,95.06681044205387,2395.4549373647407,0.0,0.0,315.28444688688367,383.95568276301119,8730.581092250804,0.0,0.0,45.584499988547317,55.0968121871513,1461.768235835544,0.0,0.0,214.64708633786794,262.94421744745019,5227.498778936051,32.4242626140249,22.238863246930664,272.8803363125848,330.9792826378385,9311.272640858295,0.0,0.0,220.4122590008319,270.50191591252857,5140.995379509127,0.0,20.490215079968917,32.22282464251828,22.0,30.0,0.0,20.477780872660966,32.24860605819553,16.0,30.0,0.0,20.667469963123009,31.888681720986989,21.625,30.0,0.0,20.328499547830213,32.50786847398228,16.0,30.0,0.0,16.399217276368846,41.01396558111511,12.0,30.0,0.0,18.85930293024692,36.71675641872564,16.0,30.0,0.0,17.40832204951197,39.31633749087669,10.0,30.0,0.0,19.6069444624676,34.21098037999116,12.0,30.0,0.0,15.712413652752068,43.50971012203985,12.0,30.0,0.0,18.43362715018775,0.0,0.0,0.0,15.175230356613812,0.0,0.0,600.7866058301537,602.7523200975696,587.0788636884931,596.8571927880663,613.881452743112,704.7351753250109,646.1758793887476,643.9706292965166,637.969071005437,0.0,80.68215632253184,80.68215632253184,60.0,0.0,60.0,60.0,16.0,16.0,16.0,12.0,12.0,12.0,21.0,10.0,0.0,0.0,0.0,0.0,0.0,0.0,0.0,0.0,0.0,0.0,0.0,0.0,0.0,80.68215632253184,80.68215632253184,0.0,0.0,0.0,80.68215632253184,0.0,0.0,0.00053 
 03/13  09:20:00,4.16,97.33333333333334,1.83,161.0,73.16666666666667,0.0,0.0,0.0,0.0,0.0,0.0,0.0,0.0,0.0,0.0,2285.0,0.0,279.0824279177804,55.184690590513508,141.40903498349028,8.368340120582968,222.73477291436644,0.0,55.184690590513479,75.44165585097324,0.0,0.0,19.723980847519987,-156.49007475306946,19.62437166473537,-228.39789421662227,19.674956187261097,-178.5357644473962,19.445080167314374,-134.4441674286311,16.362283441104613,9.351299260183476,18.46797061195099,-185.7024076256568,17.10802266951257,6.451254596469154,17.66723320457937,-97.28404515785538,16.139725718714833,-235.3185322248228,601.0458215075055,1046.2215911174906,0.0,0.0,0.0,0.0,0.0,0.0,0.0,0.0,0.0,0.0,0.0,0.0,0.0,0.0,0.0,0.0,0.0,0.0,0.0,0.0,0.0,0.0,1.5521125358022592,0.47378282533646506,121.17745277444169,146.38832387544429,3901.774042144092,0.28852078268459566,0.0440355284927649,60.80128758775336,73.40977082435218,1947.3266187239588,2.6751454589134378,0.5055074563328494,130.68425476658647,158.0636301057546,4238.2669058145379,0.29773459835838736,0.05626126197248438,86.23775408361799,104.24703255521142,2766.1075062368397,0.0,0.0,8.974268560376963,10.965294653525652,226.10769829418016,0.0,0.0,69.83411967662359,84.71612352355827,2041.889296125164,0.0,0.0,292.49910623272617,356.2976236670053,7868.470921107364,0.0,0.0,32.42719257147883,39.35830947953239,943.5716976607446,0.0,0.0,197.66807707766,242.06052636470637,4723.043882892009,31.379716220167017,21.522439108482183,140.6947820181635,171.2148769428185,4796.09973211939,0.0,0.0,201.9065163133085,247.86469479883164,4543.3774533936389,0.0,19.76443114223535,33.8148024544573,22.0,30.0,0.0,19.853860044294764,33.64038723925524,16.0,30.0,0.0,19.739663671733234,33.846443193362507,22.0,30.0,0.0,19.777973419446697,33.74720126439768,16.0,30.0,0.0,16.38782878345627,41.38931939554422,12.000000000000002,30.0,0.0,18.452462749470056,36.855204593548268,16.0,30.0,0.0,17.254596208795986,39.65164660145891,10.0,30.0,0.0,18.344132399051135,37.00604450060101,12.000000000000002,30.0,0.0,15.728578221345583,43.69387797961456,12.000000000000002,30.0,0.0,17.32563036271723,0.0,0.0,0.0,15.008930228591945,0.0,0.0,587.2481889384214,575.7532970667671,579.2623366751693,586.2171866362428,625.1078971268886,646.1750289196987,633.9265519058708,639.4619716906891,642.0860113012974,0.0,80.68215632253184,80.68215632253184,60.0,0.0,60.0,60.0,16.0,16.0,16.0,12.0,12.0,12.0,21.0,10.0,0.0,0.0,0.0,0.0,0.0,0.0,0.0,0.0,0.0,0.0,0.0,0.0,0.0,80.68215632253184,80.68215632253184,0.0,0.0,0.0,80.68215632253184,0.0,0.0,0.0005066666666666667 
 03/13  09:30:00,4.4,97.0,1.775,171.0,84.0,0.0,0.0,0.0,0.0,0.0,0.0,0.0,0.0,0.0,0.0,3199.0,0.0,313.99303597858838,58.62112491999215,150.21481829421325,9.415132957252779,250.59672311665433,0.0,58.62112491999212,80.13952211179385,0.0,0.0,19.407926833449517,-83.8561851332074,19.372054645733124,-300.54312848331537,19.405086458459125,-222.53899185322605,19.20085212547433,-156.57712336098514,16.34910074128185,6.654514502591587,18.334334738892165,-166.6031960643054,17.015951920843599,-9.749790637513787,17.27614906052503,-49.87560855512726,16.106421616421906,-254.03250500739368,433.5905073656855,892.9379779712219,0.0,0.0,0.0,0.0,0.0,0.0,0.0,0.0,0.0,0.0,0.0,0.0,0.0,0.0,0.0,0.0,0.0,0.0,0.0,0.0,0.0,0.0,1.4853500773606508,0.4534035645179028,106.45866917206296,128.81703098716674,3286.6156914273776,0.2777010164520488,0.042384160020153927,62.27309626271524,75.35795748829657,1911.6394097260114,2.5238075614255974,0.4769099700350709,76.2863315219751,92.28888175740224,2400.9894266672529,0.2802974238522675,0.05296625545205351,46.400313045155339,56.13493284540884,1422.961782199403,0.0,0.0,8.322680841838486,10.171290845368269,205.35130120914486,0.0,0.0,66.11978775500077,80.28542817372885,1872.63836975068,0.0,0.0,275.9451975495923,336.37368510932307,7205.4350925767589,0.0,0.0,23.433529783316485,28.51117626706668,639.5283978456225,0.0,0.0,183.0269044332276,224.20113683968914,4270.231232190675,30.521068956344707,20.933517802705546,89.10899155264454,108.68814478075464,3087.17773609586,0.0,0.0,185.9315035246086,228.3878782245754,4049.796720954574,0.0,19.33844307622561,34.86198036027791,21.999999999999976,29.999999999999969,0.0,19.380921601129594,34.850684849171,15.999999999999983,29.999999999999969,0.0,19.363619178504977,34.8960063911239,21.999999999999976,29.999999999999969,0.0,19.362058685231255,34.75415649962662,15.999999999999983,29.999999999999969,0.0,16.37395820318065,41.6051872865691,11.999999999999986,29.999999999999969,0.0,18.235586768895737,37.28651485862865,15.999999999999983,29.999999999999969,0.0,17.10456369641257,40.045616679799127,9.99999999999999,29.999999999999969,0.0,17.693625889462007,38.56555759347867,11.999999999999986,29.999999999999969,0.0,15.694426137575317,43.79742503081518,11.999999999999986,29.999999999999969,0.0,16.72548379276587,0.0,0.0,0.0,14.899270476681317,0.0,0.0,571.6279797067582,553.2494524879231,556.8459716027335,580.4973810028521,626.9218369224482,630.6705234884584,620.5072556002216,633.7613162031012,631.875680865561,0.0,80.68215632253177,80.68215632253177,59.999999999999939,0.0,59.999999999999939,59.999999999999939,16.0,16.0,16.0,12.0,12.0,12.0,21.0,10.0,0.0,0.0,0.0,0.0,0.0,0.0,0.0,0.0,0.0,0.0,0.0,0.0,0.0,80.68215632253177,80.68215632253177,0.0,0.0,0.0,80.68215632253177,0.0,0.0,0.00048333333333333323 
 03/13  09:40:00,4.64,96.66666666666667,1.72,175.16666666666667,119.66666666666666,0.0,0.0,0.0,0.0,0.0,0.0,0.0,0.0,0.0,0.0,1828.0,0.0,379.8175492675551,62.05796963323656,159.02168978488565,11.388868323244774,303.13077652932989,0.0,62.05796963323653,84.8379493983354,0.0,0.0,19.13325686607012,-150.1033361986449,19.187114696812736,-268.2190342179396,19.14142640638109,-203.24943538036053,19.0038634407546,-138.2559913796245,16.337533502158416,5.485341121524938,18.254335138018129,-156.34972599281248,16.941788650788859,-9.712953110003586,17.000639004742085,-28.09780104594215,16.07628864854148,-235.56221444274198,382.0851274589861,798.700716718282,0.0,0.0,0.0,0.0,0.0,0.0,0.0,0.0,0.0,0.0,0.0,0.0,0.0,0.0,0.0,0.0,0.0,0.0,0.0,0.0,0.0,0.0,1.4331198264027317,0.4374602644696982,119.68575378451904,144.86958842937387,3539.5194081984966,0.26714585202923127,0.040773176439137848,46.02583789537646,55.729561770429999,1355.5766248340768,2.427079329499632,0.45863177050257589,73.26221339792181,88.57907293124157,2203.399974955858,0.2672363157365492,0.05049817001824434,42.667137398974549,51.55623343177458,1253.7477106398292,0.0,0.0,7.954539743601405,9.717796379476117,192.16060624781268,0.0,0.0,64.6768159723963,78.54040435652236,1781.8393725019778,0.0,0.0,267.0217857631525,325.4907430128645,6782.250389029035,0.0,0.0,19.077166200259833,23.235589183924515,495.21774625721687,0.0,0.0,175.2746115267538,214.63880552585602,3993.093549795572,29.8827856184219,20.49573773554314,99.53288415407175,121.12516708862111,3286.209613902264,0.0,0.0,177.44584455217365,217.87378707130208,3778.058402383567,0.0,18.963452737630264,35.92972750901047,21.999999999999994,29.99999999999999,0.0,19.041459558295068,35.98440225505511,15.999999999999995,29.99999999999999,0.0,18.99522070744347,36.0049324897082,21.999999999999994,29.99999999999999,0.0,19.046556526595347,35.640751976668848,15.999999999999995,29.99999999999999,0.0,16.36156860443286,41.765549096057217,11.999999999999997,29.99999999999999,0.0,18.090436028677023,37.64140376789232,15.999999999999995,29.99999999999999,0.0,16.991795333768729,40.387026645276069,9.999999999999997,29.99999999999999,0.0,17.26927084579893,39.628836140615408,11.999999999999997,29.99999999999999,0.0,15.666362660298427,43.89116427415542,11.999999999999997,29.99999999999999,0.0,16.67639801715658,0.0,0.0,0.0,14.902121021613329,0.0,0.0,553.6135052120503,525.2934338708421,538.1554412459859,567.9847696071752,623.8447083943806,618.6712058719671,609.3108604269241,625.1685184675699,621.3685103947427,0.0,80.68215632253181,80.68215632253181,59.99999999999998,0.0,59.99999999999998,59.99999999999998,16.0,16.0,16.0,12.0,12.0,12.0,21.0,10.0,0.0,0.0,0.0,0.0,0.0,0.0,0.0,0.0,0.0,0.0,0.0,0.0,0.0,80.68215632253181,80.68215632253181,0.0,0.0,0.0,80.68215632253181,0.0,0.0,0.00046 
 03/13  09:50:00,4.88,96.33333333333333,1.665,179.33333333333332,155.33333333333332,0.0,0.0,0.0,0.0,0.0,0.0,0.0,0.0,0.0,0.0,914.0,0.0,436.16258547297687,64.61792883105497,165.58159916636485,13.078367686480926,348.0993766914811,0.0,64.61792883105493,88.33760770442997,0.0,0.0,18.953384716193214,-31.496784800330035,19.071926081362269,-184.1158272765037,18.90944639677191,-282.511808020992,18.79595434212183,-130.02666730990326,16.326785251459819,4.850620524704567,18.209732645829079,-151.66776273013125,16.88218397603859,-2.442834441498235,16.800363992893197,-16.569925799824234,16.061281320088335,-216.31145901709489,452.45774421712806,720.1832091075012,0.0,0.0,0.0,0.0,0.0,0.0,0.0,0.0,0.0,0.0,0.0,0.0,0.0,0.0,0.0,0.0,0.0,0.0,0.0,0.0,0.0,0.0,1.3803548598345168,0.4213537423182286,109.58346490763565,132.68793125257245,3147.838975283884,0.2586501575956828,0.03947651977956087,43.584581782797979,52.83713372070119,1244.5730512768378,2.3259056509953206,0.4395135394926911,118.46035434944898,143.32876175116093,3377.6311854147299,0.2634686688454722,0.04978621860269693,91.22675468948899,110.35096150900094,2583.530130459283,0.0,0.0,7.717410135487051,9.419193488016659,182.4972574752767,0.0,0.0,64.08599481852221,77.77166058136635,1723.184246129941,0.0,0.0,260.6599741263267,317.5161388054412,6451.381265195966,0.0,0.0,16.197996352353458,19.72936541606753,403.2353561509566,0.0,0.0,169.68303748642155,207.5918992971624,3781.411769081047,29.350202265688219,20.130454228867096,121.97082435679957,148.45059941221698,3765.8981916359728,0.0,0.0,171.31533268161318,210.10147690054795,3582.0786152579887,0.0,18.77483815638086,36.44174962824959,22.0,30.0,0.0,18.82481010773546,36.722289594588477,16.0,30.0,0.0,18.676224912589846,36.83460667861952,22.0,30.0,0.0,18.707760334011529,36.668660591496308,16.0,30.0,0.0,16.35150790800915,41.89363421744015,12.0,30.0,0.0,18.001129504897166,37.89288913892206,16.0,30.0,0.0,16.91048282620078,40.656127022869977,10.0,30.0,0.0,16.97977831441578,40.38982095068671,12.0,30.0,0.0,15.663795363427944,43.93423158397399,12.0,30.0,0.0,16.994228243331749,0.0,0.0,0.0,14.958090618187136,0.0,0.0,551.2425207815818,512.6904099863123,541.3706802701534,547.2936607634042,618.5529163463136,609.88655904304,601.0357044229894,617.3386510200267,613.5702964838637,0.0,80.68215632253184,80.68215632253184,60.0,0.0,60.0,60.0,16.0,16.0,16.0,12.0,12.0,12.0,21.0,10.0,0.0,0.0,0.0,0.0,0.0,0.0,0.0,0.0,0.0,0.0,0.0,0.0,0.0,80.68215632253184,80.68215632253184,0.0,0.0,0.0,80.68215632253184,0.0,0.0,0.00046 
 03/13  10:00:00,5.12,96.0,1.61,183.5,191.0,0.0,0.0,0.0,0.0,0.0,0.0,0.0,0.0,0.0,0.0,914.0,0.0,502.02831223237799,67.21770410507202,172.24354196782179,15.053340962985392,400.66634548767356,0.0,67.21770410507198,91.89169760533412,0.0,0.0,18.790724400283986,-101.55656846752481,19.036444824732756,-298.7412237215774,18.66272876780652,-125.93994925037987,18.675336881480349,-227.9020064128431,16.318175217719305,3.917627430257184,18.198593867340528,-154.69222012355045,16.838098215323926,-1.3594965170932483,16.66299727134905,-10.037921831699862,16.068474518137486,-186.26437570202507,548.8367801447175,618.9082589305917,0.0,0.0,0.0,0.0,0.0,0.0,0.0,0.0,0.0,0.0,0.0,0.0,0.0,0.0,0.0,0.0,0.0,0.0,0.0,0.0,0.0,0.0,1.300928487932411,0.3971088180501865,186.52549537997153,225.8126272693525,5157.611324198097,0.23384132951495863,0.03569006860728917,110.67132661780595,133.88132576241115,3076.591418551266,2.369585150054032,0.447767413086552,291.7311964986386,353.41623851765106,7958.692868086339,0.2607524430095201,0.049272948414497367,182.401646242344,220.9395950473869,5003.779219883594,0.0,0.0,7.375783618610153,9.00213021087125,170.68047699752104,0.0,0.0,63.40161104772261,76.95114875039232,1668.2893384361133,0.0,0.0,248.88639696935935,303.2249234886129,6009.7542812088909,0.0,0.0,11.42738038575399,13.923557819553166,274.7091587839067,0.0,0.0,158.31165533021443,193.65380737050806,3460.9882645239474,28.66969209572027,19.663711999808148,313.22961222166597,380.7403805180249,8610.799862547188,0.0,0.0,159.0144917298526,194.98615899694466,3258.6504470791126,0.0,18.578081796946358,37.24819654215703,22.0,30.0,0.0,18.729825266131067,37.10008292129248,16.0,30.0,0.0,18.33473076047706,37.81677502821609,22.0,30.0,0.0,18.529127495105209,37.26242625787649,16.0,30.0,0.0,16.34474850910773,41.99861978318286,12.0,30.0,0.0,17.957767766518143,38.08553794977709,16.0,30.0,0.0,16.854228565409199,40.94600792231632,10.0,30.0,0.0,16.802034621784459,40.89369177469848,12.0,30.0,0.0,15.699673745218116,43.9313251594519,12.0,30.0,0.0,17.406870035599519,0.0,0.0,0.0,14.99819339854465,0.0,0.0,531.2453617632729,514.0105585748612,533.4096530309959,540.4069951535195,611.7566930167064,597.7052602158843,586.1490904134021,609.7714651577899,599.7094272040587,0.0,80.68215632253184,80.68215632253184,60.0,0.0,60.0,60.0,16.0,16.0,16.0,12.0,12.0,12.0,21.0,10.0,0.0,0.0,0.0,0.0,0.0,0.0,0.0,0.0,0.0,0.0,0.0,0.0,0.0,80.68215632253184,80.68215632253184,0.0,0.0,0.0,80.68215632253184,0.0,0.0,0.00046 
 03/13  10:10:00,5.466666666666667,94.66666666666667,1.6,187.66666666666669,226.66666666666669,0.0,0.0,0.0,0.0,0.0,0.0,0.0,0.0,0.0,0.0,1371.0,0.0,608.2014184809791,70.50896426392731,180.67738209160309,18.23691070048001,485.4021966775199,0.0,70.50896426392727,96.39109976856857,0.0,0.0,18.6627789508142,-58.53660907593985,18.977084203617527,-304.5032510993644,18.659088986839195,-84.42837659657137,18.537391305370286,-89.63374864404568,16.31492680138182,3.8643143773291515,18.224111457307136,-153.28995130391423,16.820104304756847,4.069207617262388,16.557722063843266,-6.747416643564994,16.07521082973919,-171.91356315037806,429.5946918766076,562.9992149045238,0.0,0.0,0.0,0.0,0.0,0.0,0.0,0.0,0.0,0.0,0.0,0.0,0.0,0.0,0.0,0.0,0.0,0.0,0.0,0.0,0.0,0.0,1.2572931659385776,0.3837891226918735,150.96335637262866,183.06086768005566,4039.752074615535,0.2242189234164999,0.03422144740789071,119.21489095182845,144.5008832492757,3196.7471299746168,2.262470515384077,0.42752655241573658,151.99901407844713,184.43880353555458,4092.282305291712,0.2528967562904528,0.0477885027003879,107.22593422555609,130.08083019479049,2827.484567260838,0.0,0.0,7.282572232765356,8.894484749140423,163.31600163272408,0.0,0.0,63.35479796395114,76.9484250664488,1621.113698336785,0.0,0.0,245.04122518274043,298.74891096820797,5739.55779380978,0.0,0.0,9.896661039598183,12.075763300894469,228.48943078532865,0.0,0.0,154.94217340429914,189.64092831684216,3284.767792570687,28.150110823348848,19.307346243723495,180.6043516981522,220.0553570852582,5012.608635527283,0.0,0.0,155.34491726072799,190.53348126938776,3109.4191842931975,0.0,18.455682626373194,37.75295346545087,22.0,30.0,0.0,18.569450005008798,37.60276564617973,16.0,30.0,0.0,18.436120722590773,37.6977301718764,22.0,30.0,0.0,18.340150474947288,37.91833454099093,16.0,30.0,0.0,16.344573366800736,42.09207067434525,12.0,30.0,0.0,17.950435037706723,38.20995301433654,16.0,30.0,0.0,16.849004180629664,41.07138827883777,10.0,30.0,0.0,16.67618324928395,41.28524822450833,12.0,30.0,0.0,15.727050247117571,43.957566134903789,12.0,30.0,0.0,17.11048134204921,0.0,0.0,0.0,15.119035327160225,0.0,0.0,520.4367800459058,513.4693324621477,528.9822804682921,527.9829570282013,603.9632448107323,586.5432604806979,577.639428981078,601.9057203545351,590.337718196991,0.0,80.68215632253184,80.68215632253184,60.0,0.0,60.0,60.0,16.0,16.0,16.0,12.0,12.0,12.0,21.0,10.0,0.0,0.0,0.0,0.0,0.0,0.0,0.0,0.0,0.0,0.0,0.0,0.0,0.0,80.68215632253184,80.68215632253184,0.0,0.0,0.0,80.68215632253184,0.0,0.0,0.00046 
 03/13  10:20:00,5.813333333333334,93.33333333333333,1.59,191.83333333333335,262.3333333333333,0.0,0.0,0.0,0.0,0.0,0.0,0.0,0.0,0.0,0.0,457.0,0.0,695.103324166794,73.07908708346989,187.26335375858853,20.842644426835269,554.7579250639483,0.0,73.07908708346985,99.90465251611257,0.0,0.0,18.586979991709634,-26.36371060933925,18.92634985890227,-359.61706860868119,18.507053336783629,-196.3963123211288,18.55214142332199,-37.41218486603839,16.31504367514806,3.6672035563991587,18.271496681008594,-156.38277598986589,16.800931301666826,10.335930196652044,16.449746888758633,-3.9887136198025816,16.090771978770925,-170.8775590782625,390.94623976457936,501.47882019808369,0.0,0.0,0.0,0.0,0.0,0.0,0.0,0.0,0.0,0.0,0.0,0.0,0.0,0.0,0.0,0.0,0.0,0.0,0.0,0.0,0.0,0.0,1.2126435613457818,0.3701598172606172,119.245523358459,144.20697635194248,3103.158361144772,0.21961135879739347,0.033518217154669339,107.48550251526506,129.97903701396394,2774.404067298987,2.1063766491177127,0.3980303569761363,68.30443905456768,82.65199081543254,1788.0643421877438,0.2400246286621048,0.045356127865099158,78.7942431708426,95.2930512084427,2035.4573801702809,0.0,0.0,7.1741890262059,8.73948475162553,155.9222720378058,0.0,0.0,63.38458407399718,76.78004264248841,1580.7290329680255,0.0,0.0,240.4654088612063,292.42432836970388,5457.903846189456,0.0,0.0,7.705572032677683,9.380770862227381,170.29893526638538,0.0,0.0,151.01232291545754,184.3266715314439,3107.251395336526,27.64979454942633,18.964193792473485,139.50936793170374,169.50720360809019,3848.2473281936006,0.0,0.0,151.08655676049697,184.73786762842657,2960.468674214167,0.0,18.414494120483327,37.97596932358176,22.0,30.0,0.0,18.413351955109858,38.22575601907216,16.0,30.0,0.0,18.2270790822976,38.63720280874902,22.0,30.0,0.0,18.410898796822158,37.79530258774053,16.0,30.0,0.0,16.350762079408985,42.21659436754213,12.0,30.0,0.0,17.975732951385934,38.28562686277573,16.0,30.0,0.0,16.837286240043157,41.20817472504037,10.0,30.0,0.0,16.535905851008825,41.743040306075119,12.0,30.0,0.0,15.768191238154838,43.97370170697442,12.0,30.0,0.0,17.030120355491005,0.0,0.0,0.0,15.262335683319485,0.0,0.0,518.602012651945,508.80692096977898,512.6075351175613,528.9875079754818,592.5198914185139,574.7901527387106,570.4005259372417,592.978720770088,579.8277190762576,0.0,80.68215632253184,80.68215632253184,60.0,0.0,60.0,60.0,16.0,16.0,16.0,12.0,12.0,12.0,21.0,10.0,0.0,0.0,0.0,0.0,0.0,0.0,0.0,0.0,0.0,0.0,0.0,0.0,0.0,80.68215632253184,80.68215632253184,0.0,0.0,0.0,80.68215632253184,0.0,0.0,0.0004633333333333334 
 03/13  10:30:00,6.16,92.0,1.58,196.0,298.0,0.0,0.0,0.0,0.0,0.0,0.0,0.0,0.0,0.0,0.0,914.0,0.0,790.4251938462595,75.67989068018415,193.92794778930665,23.700847013688337,630.8335406537556,0.0,75.67989068018412,103.46014821210584,0.0,0.0,18.420369855403487,-103.86659895934463,18.999649163742285,-272.89692697217517,18.46098234986865,-114.04196308748442,18.466330375936744,-153.95739516764253,16.31745472597049,3.826136172825983,18.333769074870618,-160.3999517348234,16.786219501451265,9.211377239085323,16.374705733163819,-13.637168820917879,16.114899580872036,-117.91037465458067,432.91447722952219,452.9719333659191,0.0,0.0,0.0,0.0,0.0,0.0,0.0,0.0,0.0,0.0,0.0,0.0,0.0,0.0,0.0,0.0,0.0,0.0,0.0,0.0,0.0,0.0,1.1816624152539078,0.3607028129590683,214.46512747509233,259.86509882188479,5318.064937182459,0.1995525259623145,0.03045673473173298,108.91775592979474,131.7271453726316,2733.9499905001578,2.0109863470936197,0.3800049786647053,158.97745150715833,192.83062391252,3980.8715661191629,0.22269271801959779,0.0420810124753586,83.02002965298893,100.71003302918902,2059.008955411227,0.0,0.0,6.931059548126761,8.460171278666407,145.76669435079593,0.0,0.0,65.02926263877397,78.9159131320371,1579.618516957937,0.0,0.0,234.9534658001034,286.29564779032537,5161.288253260927,0.0,0.0,8.124863052256405,9.911695401414879,172.3465271239205,0.0,0.0,145.12573282733514,177.45804849575476,2898.0510027455404,27.08975203448598,18.58007684121124,248.34150864341934,301.93662757888935,6286.861771014229,0.0,0.0,148.74544064164338,182.15139338752665,2846.329873566672,0.0,18.174548431905508,38.72068819853398,22.0,30.0,0.0,18.49356465932687,38.180451847963528,16.0,30.0,0.0,18.237401167635107,38.60185542594857,22.0,30.0,0.0,18.263447183527267,38.40520379483362,16.0,30.0,0.0,16.35902542673567,42.268385957095507,12.0,30.0,0.0,18.010150925464644,38.281208871383189,16.0,30.0,0.0,16.831024803793516,41.34609503183198,10.0,30.0,0.0,16.452444019334707,42.01795939354447,12.0,30.0,0.0,15.825272997536388,43.91871603943821,12.0,30.0,0.0,17.278266562506727,0.0,0.0,0.0,15.39345485201843,0.0,0.0,516.1461210818708,505.774012760962,514.9416614966419,520.6694206738778,586.956617094199,569.3864546018349,563.2848053253148,588.3089332939326,572.5467491538611,0.0,80.68215632253184,80.68215632253184,60.0,0.0,60.0,60.0,16.0,16.0,16.0,12.0,12.0,12.0,21.0,10.0,0.0,0.0,0.0,0.0,0.0,0.0,0.0,0.0,0.0,0.0,0.0,0.0,0.0,80.68215632253184,80.68215632253184,0.0,0.0,0.0,80.68215632253184,0.0,0.0,0.00046666666666666666 
 03/13  10:40:00,6.506666666666667,90.66666666666666,1.5699999999999999,201.16666666666667,303.6666666666667,0.0,0.0,0.0,0.0,0.0,0.0,0.0,0.0,0.0,0.0,457.0,0.0,854.132865274134,77.55744168750721,198.73914861482198,25.611100000746185,681.6780572779901,0.0,77.55744168750717,106.02690278518418,0.0,0.0,18.430768400739649,-18.232119114248236,19.020592031038846,-285.8699306719627,18.433207119343604,-12.143792392436808,18.40673737467163,-143.92694040164725,16.321791693985476,3.569867034220181,18.402224337976798,-175.11694554876795,16.797309461937567,33.12301417313574,16.279693804845654,-17.583488207879556,16.158284336926145,-113.68002604682533,353.93086724739717,388.70849803297099,0.0,0.0,0.0,0.0,0.0,0.0,0.0,0.0,0.0,0.0,0.0,0.0,0.0,0.0,0.0,0.0,0.0,0.0,0.0,0.0,0.0,0.0,1.1295161700617669,0.34478515569651,135.7451428830693,164.22703440576465,3298.82499049398,0.19787839249439632,0.030201219855677098,125.62519249697115,151.89248262912202,3075.875479170131,1.968723156861636,0.37201873712426999,158.87292645312818,192.23540801706938,3869.905326888133,0.2180308502401193,0.04120008507938761,73.96620489959099,89.51953020637679,1773.1052648912904,0.0,0.0,7.047170592202023,8.584406260875344,143.4079172012695,0.0,0.0,66.43658227140625,80.45473241283301,1574.2516598429386,0.0,0.0,231.3692455716039,281.3321836958526,4940.488853899882,0.0,0.0,10.523460658394985,12.821107989735843,213.16280293872499,0.0,0.0,136.42236901085693,166.4415258828532,2650.7650170667536,26.57601144136837,18.227717037975567,163.6947297031888,198.82316269899216,4142.0856585871329,0.0,0.0,142.8204179424355,174.47827895433677,2668.6750068634066,0.0,18.289488636786655,38.719637461195699,22.0,30.0,0.0,18.465411118303899,38.28085033203186,16.0,30.0,0.0,18.268873739081334,38.40999911847402,22.0,30.0,0.0,18.187807677538033,38.827567217202098,16.0,30.0,0.0,16.371657236248674,42.36351174697227,12.0,30.0,0.0,18.064384919683289,38.277364888138588,16.0,30.0,0.0,16.87723882476548,41.31358729634961,10.0,30.0,0.0,16.324508469529304,42.481353895580948,12.0,30.0,0.0,15.910021884894585,43.79022882719393,12.0,30.0,0.0,17.11599365044068,0.0,0.0,0.0,15.523227770729172,0.0,0.0,508.34177638082636,508.80905900893858,520.1959380759316,514.9847073832692,578.1998726803711,562.2642383251535,557.6286530800485,578.6679460663667,565.9268152196994,0.0,80.68215632253184,80.68215632253184,60.0,0.0,60.0,60.0,16.0,16.0,16.0,12.0,12.0,12.0,21.0,10.0,0.0,0.0,0.0,0.0,0.0,0.0,0.0,0.0,0.0,0.0,0.0,0.0,0.0,80.68215632253184,80.68215632253184,0.0,0.0,0.0,80.68215632253184,0.0,0.0,0.00047 
 03/13  10:50:00,6.8533333333333339,89.33333333333334,1.56,206.33333333333332,309.3333333333333,0.0,0.0,0.0,0.0,0.0,0.0,0.0,0.0,0.0,0.0,457.0,0.0,918.1752392889616,79.4100322712887,203.4863883171204,27.531388657613748,732.7896940265962,0.0,79.41003227128867,108.55953456691285,0.0,0.0,18.398885861689285,-1.6518965990408106,19.047656784818977,-371.5997847848039,18.415496860571289,-24.20753256350872,18.42554364698256,-31.849253144171145,16.326900372541887,4.200936803312402,18.478072536717,-173.36844652907304,16.804794422875184,35.27134446174841,16.20691925459538,-18.28009762402621,16.193193559055076,-95.09936957230093,286.59339399337889,357.5988591282003,0.0,0.0,0.0,0.0,0.0,0.0,0.0,0.0,0.0,0.0,0.0,0.0,0.0,0.0,0.0,0.0,0.0,0.0,0.0,0.0,0.0,0.0,1.082619196171947,0.3304698401013269,146.80236508211793,177.60603198044573,3463.02454167878,0.18565075500577139,0.028334974817730678,137.62034639077658,166.4044644751977,3262.668153261632,1.873537039900897,0.3540319425360729,77.14411705732114,93.33196554436855,1849.4050222843849,0.2185591741228976,0.041299919524357058,87.27539505599411,105.60786751197581,2042.7136112556514,0.0,0.0,6.980967379991676,8.503544627725667,137.25964567903609,0.0,0.0,65.99409633048924,79.90317460186215,1525.3091345567203,0.0,0.0,232.3333669299061,282.48107678608167,4808.058758213665,0.0,0.0,13.547095821016109,16.51015887314151,262.36963812002599,0.0,0.0,134.89412038909908,164.54246715204318,2542.5369587692018,26.121981188256276,17.916310828708015,111.35679549407792,135.3283305234629,2852.217891405031,0.0,0.0,144.5422936142378,176.47457174967409,2650.2207558518846,0.0,18.301754725534236,38.60604988011417,22.0,30.0,0.0,18.43335717038361,38.79693517207367,16.0,30.0,0.0,18.29559405441123,38.690121205699089,22.0,30.0,0.0,18.266184741636605,38.39501089646793,16.0,30.0,0.0,16.38426884695267,42.419417957254918,12.0,30.0,0.0,18.128360863948456,38.17953955357945,16.0,30.0,0.0,16.903921602539133,41.37772018625137,10.0,30.0,0.0,16.236252325904144,42.8394199714804,12.0,30.0,0.0,15.97605289051435,43.69483693647579,12.0,30.0,0.0,16.95863033535291,0.0,0.0,0.0,15.705514388714978,0.0,0.0,513.3863022519797,494.62842040440537,511.0458047024586,522.7935864005716,572.1483273964047,557.8726206160498,552.597281006943,570.9060203421514,562.1153611160454,0.0,80.68215632253184,80.68215632253184,60.0,0.0,60.0,60.0,16.0,16.0,16.0,12.0,12.0,12.0,21.0,10.0,0.0,0.0,0.0,0.0,0.0,0.0,0.0,0.0,0.0,0.0,0.0,0.0,0.0,80.68215632253184,80.68215632253184,0.0,0.0,0.0,80.68215632253184,0.0,0.0,0.00047 
 03/13  11:00:00,7.2,88.0,1.55,211.5,315.0,0.0,0.0,0.0,0.0,0.0,0.0,0.0,0.0,0.0,0.0,457.0,0.0,982.393173194009,81.23745420922798,208.1691331656125,29.456941149042348,784.0414406032376,0.0,81.23745420922794,111.05775890162049,0.0,0.0,18.351963506059698,-5.593029363225469,19.09209537201123,-372.63979163285787,18.305911523472557,-145.53485277101209,18.44298018048661,-33.25291736533745,16.333867025840108,4.623954239583895,18.560484178153098,-180.59761403246695,16.818293792009773,44.68663308446321,16.14709125907597,-14.008760617229428,16.23843798066754,-67.07414044041434,332.7952722077107,311.6730968227048,0.0,0.0,0.0,0.0,0.0,0.0,0.0,0.0,0.0,0.0,0.0,0.0,0.0,0.0,0.0,0.0,0.0,0.0,0.0,0.0,0.0,0.0,1.0350195321284066,0.31594002812222429,132.10421301950908,159.8311387664598,3016.293167768393,0.18231913800420014,0.027826486264377314,122.71978554662765,148.38460425766875,2824.71614584563,1.7814581495608782,0.33663230339396807,60.77716378292091,73.567207186112,1399.9754800338547,0.2073053037752147,0.039173337826004277,70.33352775498251,85.09215493725799,1603.3497795510567,0.0,0.0,6.983701072182898,8.506586767609847,132.53578647629028,0.0,0.0,66.8010600584447,80.86243809761689,1505.4359586431513,0.0,0.0,230.8493886366725,280.64783789406939,4630.4521873604849,0.0,0.0,15.429420484596124,18.80887178108649,285.7459028873291,0.0,0.0,130.47787210901127,159.11362320398505,2387.7023694761398,25.712661702204639,17.63557044046958,148.3148599830736,180.11070267305474,3567.2762637858188,0.0,0.0,142.38682756889939,173.7449376467281,2556.2161164377787,0.0,18.27430055493201,39.07056429347066,22.0,30.0,0.0,18.441170402205839,38.9037113192717,16.0,30.0,0.0,18.13375596375005,39.533209813148399,22.0,30.0,0.0,18.312177536349038,38.54789789701154,16.0,30.0,0.0,16.398692654752247,42.48134800336062,12.0,30.0,0.0,18.195273736153518,38.13905646076351,16.0,30.0,0.0,16.941819093104099,41.31553294345773,10.0,30.0,0.0,16.168876675927597,43.1261681153146,12.0,30.0,0.0,16.058731366495399,43.53267064469057,12.0,30.0,0.0,17.192202813041793,0.0,0.0,0.0,15.871384075755433,0.0,0.0,500.8231512521593,496.0134415449441,501.6856952334942,516.0856934541895,566.4413074905936,552.7364078607177,550.651127631386,564.1284340637524,557.6395363490045,0.0,80.68215632253184,80.68215632253184,60.0,0.0,60.0,60.0,16.0,16.0,16.0,12.0,12.0,12.0,21.0,10.0,0.0,0.0,0.0,0.0,0.0,0.0,0.0,0.0,0.0,0.0,0.0,0.0,0.0,80.68215632253184,80.68215632253184,0.0,0.0,0.0,80.68215632253184,0.0,0.0,0.00047 
 03/13  11:10:00,7.475,86.50000000000002,1.4983333333333336,216.66666666666667,320.6666666666667,0.0,0.0,0.0,0.0,0.0,0.0,0.0,0.0,0.0,0.0,457.0,0.0,1046.6666860829665,83.03935177533016,212.78647146138168,31.384159885684434,835.337541304697,0.0,83.03935177533013,113.52108948490289,0.0,0.0,18.316539134968104,6.9829861887501469,19.157375919135828,-374.17455924825938,18.316378058214775,4.728516552152541,18.337861447095585,-196.9914116222917,16.343045484080649,5.088360710197634,18.651131878371424,-186.74760870972205,16.83564408561583,53.272008984390598,16.09974150493432,-8.605534653354085,16.289378703367004,-45.30383160073234,346.9154889515812,269.8847132170986,0.0,0.0,0.0,0.0,0.0,0.0,0.0,0.0,0.0,0.0,0.0,0.0,0.0,0.0,0.0,0.0,0.0,0.0,0.0,0.0,0.0,0.0,1.018922153820981,0.31102629848015297,150.54406284929528,182.132833638389,3345.800150747144,0.17142960471143954,0.026164469583553043,141.86495199862078,171.509639143525,3195.0799070114169,1.7844281111530689,0.33719352062605248,194.63919716311185,235.5310411464179,4320.06399958531,0.19522175577098092,0.03688997652512866,98.95353613127577,119.7859337213141,2157.9072930331387,0.0,0.0,6.958094034342616,8.474370757781335,128.33865295953019,0.0,0.0,67.79896558379213,82.04454017129737,1499.6932434222284,0.0,0.0,228.15939672251413,277.316159729001,4466.309120074373,0.0,0.0,17.111958580098695,20.861998398569,305.5212093440161,0.0,0.0,125.0431221232262,152.42948797827496,2239.1071307135455,25.32627179966698,17.370556789895056,206.60911537415044,250.75533469324513,4683.241620991461,0.0,0.0,139.23023210155203,169.78946326006855,2465.1754161410956,0.0,18.265923244464085,39.22269585472933,22.0,30.0,0.0,18.479111078233598,38.631541077863968,16.0,30.0,0.0,18.22456236969203,38.97312072689256,22.0,30.0,0.0,18.10815981566279,39.44839439141789,16.0,30.0,0.0,16.41549075736088,42.51822646160974,12.0,30.0,0.0,18.269983579605687,38.013472477161759,16.0,30.0,0.0,16.983531576177169,41.36253609786318,10.0,30.0,0.0,16.119818784412919,43.38672898083872,12.0,30.0,0.0,16.146031699635093,43.41135616450303,12.0,30.0,0.0,17.322731029586703,0.0,0.0,0.0,16.031828693037896,0.0,0.0,500.9754547098643,503.342334004549,509.3782440443073,506.8847453669853,561.7586203677677,549.9889006982854,544.2932483951681,557.7892244233091,552.9448806504578,0.0,80.68215632253184,80.68215632253184,60.0,0.0,60.0,60.0,16.0,16.0,16.0,12.0,12.0,12.0,21.0,10.0,0.0,0.0,0.0,0.0,0.0,0.0,0.0,0.0,0.0,0.0,0.0,0.0,0.0,80.68215632253184,80.68215632253184,0.0,0.0,0.0,80.68215632253184,0.0,0.0,0.00047 
 03/13  11:20:00,7.75,85.0,1.4466666666666668,221.83333333333335,326.33333333333339,0.0,0.0,0.0,0.0,0.0,0.0,0.0,0.0,0.0,0.0,457.0,0.0,1110.8972839008685,84.81519808852477,217.33705293234284,33.31009155042298,886.5993888488238,0.0,84.81519808852473,115.94880603039127,0.0,0.0,18.29356351228278,20.274199255556597,19.238238112157558,-378.0993493851647,18.289798497508455,-28.200386015350888,18.36806470217691,-23.564758784543757,16.354532767484366,5.552696808799368,18.749078754864976,-193.09840226662619,16.858101420081647,62.770444411598877,16.06341454823731,-2.169714531254499,16.34133035461324,-26.055772724625059,272.61969223828876,230.34955476256983,0.0,0.0,0.0,0.0,0.0,0.0,0.0,0.0,0.0,0.0,0.0,0.0,0.0,0.0,0.0,0.0,0.0,0.0,0.0,0.0,0.0,0.0,0.9733730044003751,0.29712240671562126,159.08170855214159,192.45235622462736,3446.0227974894185,0.15957214213718147,0.024354722548409873,151.80104359662813,183.46070710343347,3350.3937588877954,1.7053393034345128,0.322248545622546,98.2784226280239,118.91479919707628,2141.109727491731,0.20553775256850036,0.03883933344075969,108.26085036822816,131.0063661797813,2321.496909911472,0.0,0.0,6.9362299631293899,8.446623234804243,124.26976579074526,0.0,0.0,68.5786298913672,82.95858001740986,1489.385602673604,0.0,0.0,225.4586667225421,273.9691577204021,4307.643504773158,0.0,0.0,19.131060105124804,23.324762928507139,329.4561846709056,0.0,0.0,120.80167626353311,147.20767849974804,2114.9869371879065,24.920644108777116,17.09234849710365,133.3327021184001,161.91107654911245,3049.821941328546,0.0,0.0,136.29242710419244,166.10042785356598,2380.360499798543,0.0,18.27527810234383,39.0547885806111,22.0,30.0,0.0,18.53791977336948,38.8909401444903,16.0,30.0,0.0,18.21656536248909,39.34111960035746,22.0,30.0,0.0,18.210781762205586,38.969859205666818,16.0,30.0,0.0,16.434677341448177,42.566181863013387,12.0,30.0,0.0,18.351963906061124,37.94224075041813,16.0,30.0,0.0,17.032049407345068,41.34010982187892,10.0,30.0,0.0,16.086874489411703,43.56359474591612,12.0,30.0,0.0,16.230330278338465,43.234140991866009,12.0,30.0,0.0,17.14385750991372,0.0,0.0,0.0,16.19520926626617,0.0,0.0,506.70938865122619,493.2004530660348,502.3195265727931,511.55400969921058,556.7988043125599,544.4112580592932,541.1329884133592,553.5016576942971,550.3347283629593,0.0,80.68215632253184,80.68215632253184,60.0,0.0,60.0,60.0,16.0,16.0,16.0,12.0,12.0,12.0,21.0,10.0,0.0,0.0,0.0,0.0,0.0,0.0,0.0,0.0,0.0,0.0,0.0,0.0,0.0,80.68215632253184,80.68215632253184,0.0,0.0,0.0,80.68215632253184,0.0,0.0,0.00048666666666666666 
 03/13  11:30:00,8.025,83.5,1.395,227.0,332.0,0.0,0.0,0.0,0.0,0.0,0.0,0.0,0.0,0.0,0.0,457.0,0.0,1174.9939564064403,86.56426524914294,221.8190122101382,35.23200722473163,937.7543487062776,0.0,86.56426524914289,118.33991344405281,0.0,0.0,18.28827419185724,38.700666400307458,19.26826421785876,-486.92661836301979,18.269146628605925,-13.411617408279654,18.39690663948386,-29.86097794807938,16.3684668387951,6.0739047371837959,18.853869388556935,-199.87638592136228,16.882290574103818,70.84893864084734,16.037494298569216,5.419036487333074,16.39468009894277,-8.378088497725912,295.77017571544277,192.67819612198674,0.0,0.0,0.0,0.0,0.0,0.0,0.0,0.0,0.0,0.0,0.0,0.0,0.0,0.0,0.0,0.0,0.0,0.0,0.0,0.0,0.0,0.0,0.9539922750148955,0.29120643315473,183.70024890900906,222.17702947047355,3885.6929636282286,0.14635462503089284,0.022337396982737003,177.31370283782776,214.31841068224242,3794.405992939684,1.6697050587283454,0.31551493929107068,86.87926679640252,105.11845228539109,1847.0452412550954,0.19413503103319833,0.036684624155933157,61.28284855134108,74.13679627155374,1287.9540170146475,0.0,0.0,6.893471820395669,8.393362759424342,119.89645036425529,0.0,0.0,69.66642333536781,84.24281971644978,1485.9414911876184,0.0,0.0,223.05811486788174,270.9926062748308,4157.099543828079,0.0,0.0,20.819439372270894,25.382999577187055,345.97011972328417,0.0,0.0,117.43654864536774,143.05513532622008,2009.0678741657333,24.598278710724828,16.87124740104584,151.29340593596923,183.62914997936347,3339.0632513616967,0.0,0.0,133.81493364188939,162.9734077102753,2307.0639965023926,0.0,18.313774247433245,39.35294879155604,22.0,30.0,0.0,18.485519702003999,39.11082233362947,16.0,30.0,0.0,18.22061743353369,39.19901991361187,22.0,30.0,0.0,18.26681537943639,39.07533519820459,16.0,30.0,0.0,16.456401299412158,42.611037574818919,12.0,30.0,0.0,18.4405305883953,37.846829995717737,16.0,30.0,0.0,17.08047221797698,41.23878525557054,10.0,30.0,0.0,16.068879527411409,43.748540295454848,12.0,30.0,0.0,16.313730783979655,43.14854049540388,12.0,30.0,0.0,17.28342479246774,0.0,0.0,0.0,16.366588370650868,0.0,0.0,496.62479775008787,492.40018222491826,507.508889521841,507.2738760489987,552.2732044384615,540.4265502834302,539.6556547197337,547.8966162183764,544.7828419207151,0.0,80.68215632253184,80.68215632253184,60.0,0.0,60.0,60.0,16.0,16.0,16.0,12.0,12.0,12.0,21.0,10.0,0.0,0.0,0.0,0.0,0.0,0.0,0.0,0.0,0.0,0.0,0.0,0.0,0.0,80.68215632253184,80.68215632253184,0.0,0.0,0.0,80.68215632253184,0.0,0.0,0.0005033333333333334 
 03/13  11:40:00,8.3,82.0,1.3433333333333333,223.5,349.6666666666667,0.0,0.0,0.0,0.0,0.0,0.0,0.0,0.0,0.0,0.0,457.0,0.0,1242.5414065834166,86.3386082559022,221.24083491651767,37.25739016177269,991.6633088483238,0.0,86.33860825590216,118.03142322616329,0.0,0.0,18.247792094075316,21.925151886895948,19.38340338277716,-388.77939307558065,18.251526495043636,-3.8829509851721015,18.38062647780537,-81.2315042832106,16.385457417456814,6.761349023640179,18.9666885639587,-210.09778599930633,16.91484873079326,82.32141346345088,16.020273313280304,13.854696019996368,16.448894864613714,9.500628258218513,279.6924749929749,155.33069208498729,0.0,0.0,0.0,0.0,0.0,0.0,0.0,0.0,0.0,0.0,0.0,0.0,0.0,0.0,0.0,0.0,0.0,0.0,0.0,0.0,0.0,0.0,0.9238474219332132,0.28200470754982095,150.4568514469481,181.98397505399718,3088.5201217850028,0.15233511617687188,0.023250170356665428,143.16709348209884,172.96822740776686,3018.6851964167619,1.6253558169405245,0.30713450811423378,137.2845635636411,166.0855409618377,2820.969254427072,0.18675054481488247,0.035289218596916558,38.777431728643097,46.912096975524139,791.9197730155221,0.0,0.0,6.998415874708264,8.519861454780975,118.10682233685655,0.0,0.0,70.58257699980674,85.31871486951815,1478.6827510049068,0.0,0.0,221.2707699212079,268.7405141524073,4026.0508187820789,0.0,0.0,22.21389436597885,27.08167418226253,356.3174955898512,0.0,0.0,113.48257808397871,138.18942463752365,1896.0926376102348,24.260192718707999,16.63936400460083,147.43030262903498,178.91661445983963,3168.784152348055,0.0,0.0,130.54742985108963,158.89096242784704,2221.601652210309,0.0,18.274501229701295,39.516708813811259,22.0,30.0,0.0,18.60925464474532,38.69025360924635,16.0,30.0,0.0,18.22675174476449,39.437610949299038,22.0,30.0,0.0,18.235081437426936,39.32690238885906,16.0,30.0,0.0,16.48144641516361,42.628946988470968,12.0,30.0,0.0,18.53347846133267,37.664416261150318,16.0,30.0,0.0,17.142605437184615,41.27468560018613,10.0,30.0,0.0,16.06387164781563,43.88865640203866,12.0,30.0,0.0,16.397396389611733,43.02288111551094,12.0,30.0,0.0,17.3024469827166,0.0,0.0,0.0,16.538477205075347,0.0,0.0,496.52439515601608,495.4959782844095,500.80093293649909,504.1736115208686,548.5211397641612,538.6038259879331,533.413658863886,543.5757677177645,541.5148766618694,0.0,80.68215632253184,80.68215632253184,60.0,0.0,60.0,60.0,16.0,16.0,16.0,12.0,12.0,12.0,21.0,10.0,0.0,0.0,0.0,0.0,0.0,0.0,0.0,0.0,0.0,0.0,0.0,0.0,0.0,80.68215632253184,80.68215632253184,0.0,0.0,0.0,80.68215632253184,0.0,0.0,0.00052 
 03/13  11:50:00,8.575,80.5,1.2916666666666668,220.0,367.33333333333339,0.0,0.0,0.0,0.0,0.0,0.0,0.0,0.0,0.0,0.0,457.0,0.0,1311.1320479054166,86.09157484418849,220.60787989879473,39.314052364696269,1046.4048253178669,0.0,86.09157484418845,117.6937098235733,0.0,0.0,18.263386869604298,61.25216438369171,19.448253745298737,-504.5644263503855,18.22458846255585,-11.771558410126545,18.40206508462775,-21.178521022802273,16.40533319011321,7.3066750338346939,19.08934230030954,-216.0930351167449,16.93950824143159,85.83637311572693,16.01094376128684,22.508456393130019,16.50442442059781,26.169725859015217,285.8787146790619,122.64443298502556,0.0,0.0,0.0,0.0,0.0,0.0,0.0,0.0,0.0,0.0,0.0,0.0,0.0,0.0,0.0,0.0,0.0,0.0,0.0,0.0,0.0,0.0,0.9005366401156587,0.27488908428438915,194.78802918161595,235.53745023638914,3910.5826110573818,0.1301203875584515,0.019859644010752674,189.68870884199658,229.16355104789376,3888.7785236427546,1.574350342580027,0.29749628544596137,88.55018525531985,107.1245731224026,1776.55673556846,0.18403685215562916,0.03477642708912115,9.124964115725672,11.036894136567959,184.95115976840186,0.0,0.0,6.872183579192842,8.364806706413273,112.46840375952682,0.0,0.0,71.4914290473047,86.37932424025152,1472.2410593554938,0.0,0.0,219.11773636385957,266.07072738470029,3881.47134848375,0.0,0.0,23.297936535570537,28.4010093771743,360.753778935157,0.0,0.0,111.70428918819045,135.97682319693988,1821.7603234754943,23.88802194803816,16.384102845019318,164.39468289622915,199.41936482319728,3404.8200300434425,0.0,0.0,129.35721858848678,157.3311050912597,2174.8365312327075,0.0,18.347708403924178,39.26534374138079,22.0,30.0,0.0,18.60252801279678,38.79702356003519,16.0,30.0,0.0,18.210357070919373,39.636096869317039,22.0,30.0,0.0,18.28925634822387,39.06711590734306,16.0,30.0,0.0,16.50944373847417,42.66351209991593,12.0,30.0,0.0,18.63804445043141,37.57649052958238,16.0,30.0,0.0,17.184907938912848,41.229681276699427,10.0,30.0,0.0,16.069533571311756,43.9396713549382,12.0,30.0,0.0,16.480945652097156,42.85089238319709,12.0,30.0,0.0,17.399016294733746,0.0,0.0,0.0,16.71929000903908,0.0,0.0,497.90217562120986,494.6255170554773,498.2634813244205,509.028538692058,544.3478140597817,532.9964716856507,531.5621253792556,540.9777364802853,539.2808226810715,0.0,80.68215632253184,80.68215632253184,60.0,0.0,60.0,60.0,16.0,16.0,16.0,12.0,12.0,12.0,21.0,10.0,0.0,0.0,0.0,0.0,0.0,0.0,0.0,0.0,0.0,0.0,0.0,0.0,0.0,80.68215632253184,80.68215632253184,0.0,0.0,0.0,80.68215632253184,0.0,0.0,0.0005266666666666666 
 03/13  12:00:00,8.85,79.0,1.24,216.5,385.0,0.0,0.0,0.0,0.0,0.0,0.0,0.0,0.0,0.0,0.0,457.0,0.0,1380.5027702745647,85.82100425995979,219.91460989361529,41.39410454948107,1101.768912142593,0.0,85.82100425995975,117.3238193216904,0.0,0.0,18.246910243597296,51.43580041711084,19.56149680880993,-458.6917438015362,18.211620676411245,9.44398496744543,18.381731683956177,-82.70829114719914,16.42826020814107,7.9444775460960959,19.21586784511379,-230.30587220371263,16.979864402372415,100.11548179827969,16.008938324296623,31.67250625716281,16.561463359903639,42.622922806548107,285.0315345303097,85.98310611458055,0.0,0.0,0.0,0.0,0.0,0.0,0.0,0.0,0.0,0.0,0.0,0.0,0.0,0.0,0.0,0.0,0.0,0.0,0.0,0.0,0.0,0.0,0.866091636759503,0.2643747364955748,177.4792151743267,214.59591757905023,3462.5456113898728,0.1299126346590287,0.019827935692769948,171.97067869932276,207.66825135178309,3462.9156905479464,1.5601837921399205,0.2948193106840365,153.60168087590439,185.811258639982,2974.358547084099,0.17876212088589026,0.033779690265663308,44.89242688483151,54.2996171558208,866.2823233312303,0.0,0.0,6.980099732219782,8.494673352503329,110.71736034089025,0.0,0.0,73.03726100890073,88.21009898701579,1477.9782463929958,0.0,0.0,217.57875618023895,264.12001852669297,3762.656666351835,0.0,0.0,24.23584848908804,29.540534843449245,362.27811818225777,0.0,0.0,107.86831519609648,131.25888919253613,1716.2506177768087,23.548930983636276,16.151530167103077,183.41807025638148,222.42633355945345,3656.887423933548,0.0,0.0,125.91396974954584,153.0414027841778,2089.642730708817,0.0,18.344750603421497,39.354403310774028,22.0,30.0,0.0,18.702431877093578,38.75946148898814,16.0,30.0,0.0,18.220739994864514,39.46945106422414,22.0,30.0,0.0,18.246423534317534,39.562418967125029,16.0,30.0,0.0,16.54066285422255,42.68468621709953,12.0,30.0,0.0,18.74205239946717,37.40241841766449,16.0,30.0,0.0,17.25736388554107,41.107496973901039,10.0,30.0,0.0,16.084897026435809,44.05430806184408,12.0,30.0,0.0,16.56497796863495,42.78894916006157,12.0,30.0,0.0,17.4744921327873,0.0,0.0,0.0,16.89403136971446,0.0,0.0,497.2199499804083,489.3771225337491,501.83124973092108,498.8777101390677,540.599252153646,530.7777697695326,528.9258097946729,536.0870042213535,534.1567049838502,0.0,80.68215632253184,80.68215632253184,60.0,0.0,60.0,60.0,16.0,16.0,16.0,12.0,12.0,12.0,21.0,10.0,0.0,0.0,0.0,0.0,0.0,0.0,0.0,0.0,0.0,0.0,0.0,0.0,0.0,80.68215632253184,80.68215632253184,0.0,0.0,0.0,80.68215632253184,0.0,0.0,0.0005333333333333334 
 03/13  12:10:00,9.11,77.50000000000002,1.2233333333333334,213.0,402.6666666666667,0.0,0.0,0.0,0.0,0.0,0.0,0.0,0.0,0.0,0.0,457.0,0.0,1512.1987404668226,86.38702246157206,221.3650488376136,45.34294607444028,1206.8740835970612,0.0,86.38702246157202,118.09760911582508,0.0,0.0,18.26718847103743,80.84295752227718,19.67301782129543,-531.4431591333378,18.193146835273624,7.863199212028121,18.389764506048789,-37.76788657902546,16.46036156129992,8.539217008269759,19.37134287556253,-239.4334211690475,17.01507619802861,105.53289552556726,16.012344253900407,40.62674617909852,16.61921546407777,58.01344623424302,281.40003385917228,56.60290695360163,0.0,0.0,0.0,0.0,0.0,0.0,0.0,0.0,0.0,0.0,0.0,0.0,0.0,0.0,0.0,0.0,0.0,0.0,0.0,0.0,0.0,0.0,0.837073572003458,0.2555169633710189,208.04943981004278,251.4729217207831,3973.0410142614566,0.10850452676337476,0.01656051995778003,204.2813493595419,246.63222483177629,4021.7567938485519,1.5504759441163492,0.2929848722820011,141.79035849561815,171.50963137691108,2669.9793518261856,0.17792153326264568,0.03362084906701542,25.294276008303887,30.590124414655578,477.4143426763898,0.0,0.0,6.908949602558423,8.406227627876453,106.45953174526103,0.0,0.0,74.06951191140222,89.41178118697263,1477.6075006852316,0.0,0.0,215.96196068975733,262.0841279835722,3643.8774836741838,0.0,0.0,25.072583628888549,30.555596139051464,362.4668738102238,0.0,0.0,106.09709539823342,129.05639559410973,1649.0509928857285,23.216623010725493,15.923609746725309,191.47716502945586,232.13873608705269,3706.164225130325,0.0,0.0,124.58240756173898,151.31505641013283,2047.0177598317756,0.0,18.41435822721781,39.392985296045079,22.0,30.0,0.0,18.74671320194188,38.676263193223629,16.0,30.0,0.0,18.21574891185909,39.651098753151099,22.0,30.0,0.0,18.274220364377116,39.457846702470657,16.0,30.0,0.0,16.581947921250554,42.666243835844387,12.0,30.0,0.0,18.86616408197477,37.193212490248139,16.0,30.0,0.0,17.314481508600144,41.071054625450788,10.0,30.0,0.0,16.107337426114694,44.096691074623389,12.0,30.0,0.0,16.64878160875764,42.644039058018559,12.0,30.0,0.0,17.53867481029844,0.0,0.0,0.0,17.079405324110636,0.0,0.0,491.69695004882467,489.41719198351447,498.263079821552,500.315173683666,537.250584147999,527.650023858886,525.7975297866994,533.0170663146495,531.7010014977972,0.0,80.68215632253184,80.68215632253184,60.0,0.0,60.0,60.0,16.0,16.0,16.0,12.0,12.0,12.0,21.0,10.0,0.0,0.0,0.0,0.0,0.0,0.0,0.0,0.0,0.0,0.0,0.0,0.0,0.0,80.68215632253184,80.68215632253184,0.0,0.0,0.0,80.68215632253184,0.0,0.0,0.0005399999999999999 
 03/13  12:20:00,9.370000000000001,76.0,1.2066666666666668,209.5,420.3333333333333,0.0,0.0,0.0,0.0,0.0,0.0,0.0,0.0,0.0,0.0,457.0,0.0,1585.0891060952477,86.0602816998056,220.52783995384116,47.528532037276779,1265.0471491740466,0.0,86.06028169980556,117.65092972271984,0.0,0.0,18.272704367437656,82.03806361954048,19.7970984399046,-524.5591496063971,18.187367447159035,28.1574619812709,18.38630132394456,-54.95062962828797,16.49262973820902,9.241742139531909,19.518666084395077,-254.48412545973089,17.062136723544364,117.9240853246447,16.021384140659217,50.19355064583317,16.678136697790536,73.64292321346966,269.89738856778515,25.620549760113137,0.0,0.0,0.0,0.0,0.0,0.0,0.0,0.0,0.0,0.0,0.0,0.0,0.0,0.0,0.0,0.0,0.0,0.0,0.0,0.0,0.0,0.0,0.7970524988847422,0.24330051858508615,200.6179018128001,242.4490430971729,3735.7752295927159,0.10295458816537931,0.01571345973220075,196.88854250152023,237.61968488502934,3808.398359984431,1.5608652649932625,0.29494808484377607,176.28243768795114,213.19753913629084,3224.588047520346,0.17729878917482257,0.03350317255760062,37.174736441424418,44.95537383524633,679.8588990785734,0.0,0.0,7.004581033426373,8.520670692244498,104.77260386172824,0.0,0.0,75.58379212903486,91.19381305512222,1486.0262331955797,0.0,0.0,215.64354012592058,261.60495724869159,3557.146527048781,0.0,0.0,25.863163761033826,31.513438324367834,361.56868817965388,0.0,0.0,103.7255088907428,126.12531470681908,1574.2237596811627,22.924595135139457,15.723316279245174,197.66092489012744,239.58704257319082,3705.4396171186929,0.0,0.0,122.57188646894189,148.7685524138196,1992.5601092879702,0.0,18.44465186278074,39.343311193568947,22.0,30.0,0.0,18.841828948419186,38.35231200931572,16.0,30.0,0.0,18.234669520221659,39.75957416469387,22.0,30.0,0.0,18.269906437503697,39.52649958030524,16.0,30.0,0.0,16.624000826188717,42.650786814668979,12.0,30.0,0.0,18.989490262733577,37.00026614828997,16.0,30.0,0.0,17.39318440098577,40.9821974615475,10.0,30.0,0.0,16.137019061868533,44.09572680887311,12.0,30.0,0.0,16.733327022243956,42.49123204240108,12.0,30.0,0.0,17.57357211079305,0.0,0.0,0.0,17.25963720705336,0.0,0.0,491.65336763317426,491.9128186841552,494.25459751982319,498.8183320855391,533.9675699697777,524.7207839202979,522.384774550272,530.2526014444104,529.0535433503764,0.0,80.68215632253184,80.68215632253184,60.0,0.0,60.0,60.0,16.0,16.0,16.0,12.0,12.0,12.0,21.0,10.0,0.0,0.0,0.0,0.0,0.0,0.0,0.0,0.0,0.0,0.0,0.0,0.0,0.0,80.68215632253184,80.68215632253184,0.0,0.0,0.0,80.68215632253184,0.0,0.0,0.0005433333333333333 
 03/13  12:30:00,9.629999999999999,74.5,1.19,206.0,438.0,0.0,0.0,0.0,0.0,0.0,0.0,0.0,0.0,0.0,0.0,457.0,0.0,1657.6148473537374,85.70813084736669,219.62551550092565,49.70318439740166,1322.9292062826167,0.0,85.70813084736665,117.16951280920563,0.0,0.0,18.299227129276468,102.9538630656134,19.912018110578957,-578.0555588312282,18.18087110989405,33.58940053041988,18.405436408905396,-18.219273522810455,16.528122475958,9.98023055902891,19.675222443424219,-265.68028842869537,17.106327442837207,124.36767527389111,16.035364491272245,59.51442595603544,16.73882365338284,89.20937262487769,257.9124818970831,-0.2562082824842946,0.0,0.0,0.0,0.0,0.0,0.0,0.0,0.0,0.0,0.0,0.0,0.0,0.0,0.0,0.0,0.0,0.0,0.0,0.0,0.0,0.0,0.0,0.7665154037950286,0.23397906098749347,215.63597812755266,260.52489485380218,3928.342138812734,0.0867904489987972,0.013246405524846949,213.06345260105094,257.067024366618,4032.5858803771486,1.551829125583655,0.2932405755071156,156.3291693275672,189.04356592576745,2782.5131239229206,0.17667659237149933,0.033385599465513848,23.52851752257551,28.447296956993666,420.90886361171388,0.0,0.0,6.98557844906263,8.495539215547112,101.38525754642888,0.0,0.0,76.77827749225449,92.58568316424885,1488.6737242391969,0.0,0.0,215.80687067807697,261.72130172715279,3474.407780271687,0.0,0.0,26.58374276165546,32.384878987106848,359.2777935623748,0.0,0.0,103.26691507148387,125.52024870965529,1529.777882219814,22.609321249900533,15.507079046571015,188.95596452454365,228.9890552650283,3455.4544616237578,0.0,0.0,122.53093676799262,148.61241261895055,1971.3755979266774,0.0,18.514141036414264,39.09390448697432,22.0,30.0,0.0,18.9014359548423,38.310287181926877,16.0,30.0,0.0,18.247332235507753,39.79357048447983,22.0,30.0,0.0,18.313883919218975,39.36511088615034,16.0,30.0,0.0,16.669446506509077,42.6316072356213,12.0,30.0,0.0,19.121242746527444,36.79127867221393,16.0,30.0,0.0,17.462451255818534,40.869860818150879,10.0,30.0,0.0,16.17234369829228,44.103920947584899,12.0,30.0,0.0,16.81924751397948,42.36845379197435,12.0,30.0,0.0,17.607864025542236,0.0,0.0,0.0,17.443418205825894,0.0,0.0,493.58683980635547,489.5148380773813,492.890943314001,500.4518833627585,530.6826005106747,521.5602030185153,520.3404457391114,527.2266523577549,525.9805381723229,0.0,80.68215632253184,80.68215632253184,60.0,0.0,60.0,60.0,16.0,16.0,16.0,12.0,12.0,12.0,21.0,10.0,0.0,0.0,0.0,0.0,0.0,0.0,0.0,0.0,0.0,0.0,0.0,0.0,0.0,80.68215632253184,80.68215632253184,0.0,0.0,0.0,80.68215632253184,0.0,0.0,0.0005466666666666667 
 03/13  12:40:00,9.89,73.0,1.1733333333333334,193.83333333333335,480.3333333333333,0.0,0.0,0.0,0.0,0.0,0.0,0.0,0.0,0.0,0.0,457.0,0.0,1769.9665536220735,83.73686910034691,214.57434274451576,53.072002077272959,1412.5959758055527,0.0,83.73686910034687,114.47464855030518,0.0,0.0,18.319077361366305,108.82010069215176,20.050829488692235,-603.166811513689,18.183405292252158,51.49676598575388,18.407309481901615,-34.86661758312084,16.57022794556318,10.659483237311804,19.851838076773605,-282.25677457817576,17.158404736876144,135.20867198630004,16.052429833864328,68.92782493045138,16.79882536424671,103.5581827306919,253.93335224268413,-26.579118366386866,0.0,0.0,0.0,0.0,0.0,0.0,0.0,0.0,0.0,0.0,0.0,0.0,0.0,0.0,0.0,0.0,0.0,0.0,0.0,0.0,0.0,0.0,0.734617044762631,0.22424207715587028,216.70980405504288,261.7572207285142,3852.4688089805397,0.07811243072899776,0.011921921661934947,214.51849157711386,258.72675715687509,3981.1846929853488,1.544634217465076,0.2918809934741263,186.41090992516045,225.38737159191758,3223.7452104795954,0.17453412533112853,0.032980749306713619,29.083442969959074,35.15970833559041,504.33900030488339,0.0,0.0,7.039974395973701,8.55947799173405,99.14187079617764,0.0,0.0,78.30616695277038,94.37498272951055,1498.7094561684695,0.0,0.0,215.43447055461236,261.17629871450836,3388.8121534755648,0.0,0.0,27.191068675821517,33.117449739095267,355.0823634052823,0.0,0.0,101.4051887304588,123.21112709487167,1465.2196028741253,22.321363829793098,15.309577386689372,203.89227988994754,247.0212283379697,3602.081837619183,0.0,0.0,120.94999381291045,146.59355130460407,1924.602793330711,0.0,18.562663556063709,39.07506214218239,22.0,30.0,0.0,18.98460916155757,38.22475855676728,16.0,30.0,0.0,18.277627654144017,39.6292288282472,22.0,30.0,0.0,18.320982050053965,39.45745761029383,16.0,30.0,0.0,16.7214826135783,42.58785428163554,12.0,30.0,0.0,19.26363208438184,36.53441240283259,16.0,30.0,0.0,17.544827961395183,40.723623275133679,10.0,30.0,0.0,16.21203461538368,44.11231233810148,12.0,30.0,0.0,16.904208432185539,42.25097104308398,12.0,30.0,0.0,17.670164137665365,0.0,0.0,0.0,17.622602095192819,0.0,0.0,491.2043646263652,486.3036809138521,495.11505561270817,497.56443281265748,527.6727574381836,519.2762855627328,518.2469538515037,523.913423098776,522.8054053222434,0.0,80.68215632253184,80.68215632253184,60.0,0.0,60.0,60.0,16.0,16.0,16.0,12.0,12.0,12.0,21.0,10.0,0.0,0.0,0.0,0.0,0.0,0.0,0.0,0.0,0.0,0.0,0.0,0.0,0.0,80.68215632253184,80.68215632253184,0.0,0.0,0.0,80.68215632253184,0.0,0.0,0.00055 
 03/13  12:50:00,10.15,71.5,1.1566666666666666,181.66666666666667,522.6666666666667,0.0,0.0,0.0,0.0,0.0,0.0,0.0,0.0,0.0,0.0,457.0,0.0,1882.9944663840504,81.6563749679601,209.24326241196528,56.46109461373278,1502.802409094375,0.0,81.65637496796008,111.6304553391816,0.0,0.0,18.349413481950273,123.45227475854154,20.199256535122616,-642.662732556053,18.186795070916945,62.39300361438109,18.419498353011,-15.304395045793399,16.617342428389084,11.351748549108919,20.041908399971427,-298.76441368264798,17.21178310310205,143.64718284822266,16.073276629269605,78.21355102441078,16.86046147984296,118.20156020595914,244.365177647388,-49.76611939643135,0.0,0.0,0.0,0.0,0.0,0.0,0.0,0.0,0.0,0.0,0.0,0.0,0.0,0.0,0.0,0.0,0.0,0.0,0.0,0.0,0.0,0.0,0.7004949647079208,0.21382630180339466,225.98422585714125,272.874291621466,3925.360648969817,0.06244714963810523,0.009531005744521556,224.6784117066456,270.88266347931,4088.5672865345766,1.550268631581943,0.29294569757784269,185.3494429220832,224.06444173372783,3116.071651712214,0.1745657266201658,0.03298672082769572,22.147169425087758,26.77026493506257,374.1827846995236,0.0,0.0,7.057193434068654,8.578037079588445,96.42679921537555,0.0,0.0,79.80344229694113,96.12125021656918,1509.4086439804876,0.0,0.0,216.00221427858419,261.77032178514056,3317.63900300458,0.0,0.0,27.788078854379813,33.836934607156347,350.3945751086278,0.0,0.0,100.87758007615943,122.52456259778693,1421.001803166719,22.02014532260242,15.102980331003037,201.0968109065179,243.58367989606226,3454.848380679432,0.0,0.0,120.74637627615745,146.24558546408046,1900.1862918180928,0.0,18.628879500985989,39.027888648081589,22.0,30.0,0.0,19.071457563615775,38.030441105055697,16.0,30.0,0.0,18.30440312218582,39.67569761919461,22.0,30.0,0.0,18.35014378617124,39.330947648843167,16.0,30.0,0.0,16.779257733484813,42.52046007502616,12.0,30.0,0.0,19.418635727612189,36.250653889270427,16.0,30.0,0.0,17.626390285051256,40.607502152037238,10.0,30.0,0.0,16.25506753733863,44.08034461529679,12.0,30.0,0.0,16.990000017754146,42.097829930238848,12.0,30.0,0.0,17.717609199192834,0.0,0.0,0.0,17.802187540214143,0.0,0.0,487.9734850230214,485.8522068066731,492.27989703738458,499.0905335021911,524.9360643894989,516.944299090077,515.6001353933493,521.4167777963324,520.5463480499368,0.0,80.68215632253184,80.68215632253184,60.0,0.0,60.0,60.0,16.0,16.0,16.0,12.0,12.0,12.0,21.0,10.0,0.0,0.0,0.0,0.0,0.0,0.0,0.0,0.0,0.0,0.0,0.0,0.0,0.0,80.68215632253184,80.68215632253184,0.0,0.0,0.0,80.68215632253184,0.0,0.0,0.0005466666666666667 
 03/13  13:00:00,10.41,70.0,1.14,169.5,565.0,0.0,0.0,0.0,0.0,0.0,0.0,0.0,0.0,0.0,0.0,457.0,0.0,1996.0299117111686,79.45562109554699,203.60401650702495,59.850412021743419,1593.014843277229,0.0,79.45562109554695,108.62185794597942,0.0,0.0,18.38365454931501,135.0100728816924,20.357841370233204,-678.8598299587702,18.19614297672073,78.89020128128777,18.429083874803646,-14.846784973399054,16.669203131382653,12.029616929486054,20.24207901795637,-318.21950188372787,17.27046344307916,153.80590296315223,16.097424273979358,87.65713912351521,16.923342426757324,132.7260456001818,236.47851412848014,-72.24557648669725,0.0,0.0,0.0,0.0,0.0,0.0,0.0,0.0,0.0,0.0,0.0,0.0,0.0,0.0,0.0,0.0,0.0,0.0,0.0,0.0,0.0,0.0,0.6638272773258339,0.20263347903718985,230.0438472904657,277.6932123799213,3903.629555265147,0.04871479090796705,0.0074351023974308688,229.3536299922167,276.41508352722379,4095.5047696501935,1.5617514323413715,0.295115538991189,188.8811559942295,228.28628105172784,3087.372753059014,0.17477442850701697,0.033026158070109019,29.1190235082181,35.192502109059919,476.652561186002,0.0,0.0,7.108474046937923,8.637816982298319,94.22505660536518,0.0,0.0,81.5030536934829,98.10583484675546,1524.6168039578948,0.0,0.0,217.20718514251454,263.12958356432116,3258.948184922433,0.0,0.0,28.3835109300911,34.5538575837141,345.3428125771051,0.0,0.0,100.56179183254753,122.09534164279305,1380.2943138707292,21.735115516844937,14.907486637067862,206.0244075441785,249.48751046801153,3430.087787487256,0.0,0.0,120.75567694178256,146.15665152805799,1878.439362680029,0.0,18.697272967710267,38.878229307776908,22.0,30.0,0.0,19.16839716613339,37.73006109419884,16.0,30.0,0.0,18.340324262235414,39.70190718415292,22.0,30.0,0.0,18.370542824122088,39.32723366229658,16.0,30.0,0.0,16.84229357964168,42.440287112067249,12.0,30.0,0.0,19.58222633495195,35.96119139947264,16.0,30.0,0.0,17.7155615034233,40.46092649227109,10.0,30.0,0.0,16.30135999310276,44.02732860508355,12.0,30.0,0.0,17.07675843634884,41.93976227382443,12.0,30.0,0.0,17.772213719892578,0.0,0.0,0.0,17.978676617267266,0.0,0.0,487.3731461921191,487.4231507015048,489.0122534105022,497.76461870683718,522.2510204515165,514.4158048961244,513.1753746325599,519.1930639636528,518.3549636507763,0.0,80.68215632253184,80.68215632253184,60.0,0.0,60.0,60.0,16.0,16.0,16.0,12.0,12.0,12.0,21.0,10.0,0.0,0.0,0.0,0.0,0.0,0.0,0.0,0.0,0.0,0.0,0.0,0.0,0.0,80.68215632253184,80.68215632253184,0.0,0.0,0.0,80.68215632253184,0.0,0.0,0.0005433333333333333 
 03/13  13:10:00,10.658333333333335,68.83333333333334,1.1683333333333333,157.33333333333332,607.3333333333334,0.0,0.0,0.0,0.0,0.0,0.0,0.0,0.0,0.0,0.0,457.0,0.0,2138.859714513279,79.79736742600977,204.4797766007167,64.1330964176151,1707.0058113436219,0.0,79.79736742600974,109.08905108913602,0.0,0.0,18.425095848886835,148.55469691273539,20.534662626547119,-721.71951819069,18.21000934903192,92.75463978348307,18.440782143258724,-11.037455573024659,16.728485849072749,12.661974774246574,20.46228574252755,-339.31553481596259,17.333180712223677,163.1749037758127,16.125996098209357,96.9449066064218,16.989429788404928,147.26133765693568,231.14383846285547,-92.9831057455558,0.0,0.0,0.0,0.0,0.0,0.0,0.0,0.0,0.0,0.0,0.0,0.0,0.0,0.0,0.0,0.0,0.0,0.0,0.0,0.0,0.0,0.0,0.6327304661352523,0.1931411679289537,235.60501225639923,284.31374710188478,3913.642222923941,0.03365039110808672,0.005135896078767815,235.67494922938978,283.90711163766897,4137.788021184964,1.5434503014765797,0.2916572754112963,187.713586303035,226.8261138792164,2986.913732169578,0.17693954750137234,0.03343528864349438,12.32022117054958,14.887950077799339,197.4859122332906,0.0,0.0,7.148797538280022,8.683908761421499,92.12900617018184,0.0,0.0,83.25425696833728,100.14454745307049,1544.2196562769748,0.0,0.0,218.8746684946846,265.0420492055715,3213.2360073406387,0.0,0.0,28.958298292978257,35.24435003659222,340.4366176885994,0.0,0.0,100.84204999703577,122.38708402804112,1350.661063091667,21.472425981903848,14.727315488274249,212.57687484005778,257.34198963001276,3435.445302546926,0.0,0.0,121.36951303707633,146.79820931837706,1868.572806756819,0.0,18.77506486770149,38.62572309082077,22.0,30.0,0.0,19.27407477150831,37.53233176716858,16.0,30.0,0.0,18.380207275593209,39.634826380393,22.0,30.0,0.0,18.390432586842473,39.23210214600772,16.0,30.0,0.0,16.913443864791569,42.33760200125024,12.0,30.0,0.0,19.75903961310896,35.63279687674346,16.0,30.0,0.0,17.808886097153488,40.28522660528967,10.0,30.0,0.0,16.351380029189629,43.98007272025791,12.0,30.0,0.0,17.16576919632569,41.79315054501044,12.0,30.0,0.0,17.83612071613413,0.0,0.0,0.0,18.15387127072062,0.0,0.0,488.6802980729929,485.7842417803425,487.9635105216785,499.09956786974706,519.6256571162348,512.1715499399774,511.27010139901139,516.6704195327086,515.8245684004648,0.0,80.68215632253184,80.68215632253184,60.0,0.0,60.0,60.0,16.0,16.0,16.0,12.0,12.0,12.0,21.0,10.0,0.0,0.0,0.0,0.0,0.0,0.0,0.0,0.0,0.0,0.0,0.0,0.0,0.0,80.68215632253184,80.68215632253184,0.0,0.0,0.0,80.68215632253184,0.0,0.0,0.0005399999999999999 
 03/13  13:20:00,10.906666666666668,67.66666666666667,1.1966666666666668,145.16666666666669,649.6666666666667,0.0,0.0,0.0,0.0,0.0,0.0,0.0,0.0,0.0,0.0,457.0,0.0,2255.072733062314,77.0934799473271,197.55126263735824,67.61768927165699,1799.754205185504,0.0,77.09347994732707,105.39263191121278,0.0,0.0,18.474731496710107,163.4045070717093,20.709994786832305,-769.6135389444098,18.22897951285273,109.51064469164703,18.448528596318096,-9.233701191612454,16.79088132144632,13.288995434437738,20.685311854709746,-362.0026700094754,17.4010327484051,173.6949164177322,16.156850741680445,106.2197608902377,17.055839162004163,161.5466148291107,227.28263691614394,-109.77399080870237,0.0,0.0,0.0,0.0,0.0,0.0,0.0,0.0,0.0,0.0,0.0,0.0,0.0,0.0,0.0,0.0,0.0,0.0,0.0,0.0,0.0,0.0,0.5995581694861567,0.1830153142509636,243.94415244791174,294.2622347150768,3970.3776031393329,0.008741693315486871,0.0013342022764784602,244.91220168057533,294.9026440334953,4225.736354681239,1.5424814536532253,0.2914741975913125,196.14337664123208,236.95917830467617,3038.2528721545575,0.18017171713934408,0.03404605388120635,13.618635131956776,16.454885808254998,211.4768648780291,0.0,0.0,7.185841212819856,8.72588983559214,90.01459032450514,0.0,0.0,85.19670673630479,102.4083163873968,1567.8345643531935,0.0,0.0,220.66940311857167,267.10066920965849,3171.6663697857909,0.0,0.0,29.51867238373091,35.91659609929779,335.07279389372726,0.0,0.0,101.13520081533358,122.69398283706421,1321.2300308848615,21.211857761417315,14.548599287666202,222.04761078347799,268.72049866190329,3481.8752310483566,0.0,0.0,121.97261246321559,147.43237323230859,1855.5066891213926,0.0,18.864308617799347,38.4639068127439,22.0,30.0,0.0,19.3781204941222,37.37898819472933,16.0,30.0,0.0,18.428068706042834,39.45743762840187,22.0,30.0,0.0,18.406355915142716,39.191755613221619,16.0,30.0,0.0,16.98810719098924,42.22023924451738,12.0,30.0,0.0,19.94199710309371,35.2883107849846,16.0,30.0,0.0,17.909788243939823,40.079289854858618,10.0,30.0,0.0,16.404295522369357,43.922501519318718,12.0,30.0,0.0,17.2557413096514,41.63773092854652,12.0,30.0,0.0,17.908427548097188,0.0,0.0,0.0,18.31726978530814,0.0,0.0,486.9771290565043,483.06508326587496,489.09878126199097,499.0817702343384,517.1767552616226,510.14925672957369,509.6409365694477,514.1866033911888,513.4404696514068,0.0,80.68215632253184,80.68215632253184,60.0,0.0,60.0,60.0,16.0,16.0,16.0,12.0,12.0,12.0,21.0,10.0,0.0,0.0,0.0,0.0,0.0,0.0,0.0,0.0,0.0,0.0,0.0,0.0,0.0,80.68215632253184,80.68215632253184,0.0,0.0,0.0,80.68215632253184,0.0,0.0,0.00055 
 03/13  13:30:00,11.155000000000002,66.5,1.225,133.0,692.0,0.0,0.0,0.0,0.0,0.0,0.0,0.0,0.0,0.0,0.0,457.0,0.0,2368.3919998122657,74.24564061560342,190.25387045219265,71.01551308233923,1890.1931123596804,0.0,74.24564061560338,101.49941963650817,0.0,0.0,18.526550678281198,175.15103314795489,20.89416962510858,-808.1790352029275,18.25734767526817,132.4531141160587,18.455815191287546,-6.437116550974679,16.857033815312286,13.963879939176309,20.914578426108848,-385.06559988966139,17.473124085348326,184.0771159829892,16.19012138952701,115.19812180472172,17.123109550351417,175.1761024075313,216.5707468920118,-124.75508552854626,0.0,0.0,0.0,0.0,0.0,0.0,0.0,0.0,0.0,0.0,0.0,0.0,0.0,0.0,0.0,0.0,0.0,0.0,0.0,0.0,0.0,0.0,0.5537369209855613,0.16902836415920675,248.49482674707105,299.63347010064578,3960.7290724157689,0.0,0.0,250.17804458744159,301.101317568649,4247.223629707396,1.609677358460837,0.3041718364438469,214.2129629226333,258.71104783614205,3234.4540924488067,0.1806416252746605,0.0341348498251437,90.22848042703451,109.00003953995503,1342.4541393075913,0.0,0.0,7.247021064385043,8.797045524795305,88.2206913156197,0.0,0.0,87.04992962354214,104.5597841113242,1590.2701181823409,0.0,0.0,223.28122012551126,270.1403973496357,3142.777239748344,0.0,0.0,30.15588003393746,36.68176015729644,330.2366917176792,0.0,0.0,102.02944748833427,123.729811620226,1299.3545744993235,20.95150004072542,14.370027462774642,227.5119431778573,275.2743304900282,3455.048650400167,0.0,0.0,123.26149589364995,148.89616555756298,1851.7372713586699,0.0,18.95254132386859,38.34210261605407,22.0,30.0,0.0,19.494472857378879,37.115250174385277,16.0,30.0,0.0,18.49125295192611,39.35674688501562,22.0,30.0,0.0,18.421982246017526,39.41141441513397,16.0,30.0,0.0,17.066334568097813,42.08576173748026,12.0,30.0,0.0,20.130783515031959,34.92770527401948,16.0,30.0,0.0,18.015700765984176,39.880800448955607,10.0,30.0,0.0,16.459419883892495,43.84341820053267,12.0,30.0,0.0,17.346053764893527,41.46599396775784,12.0,30.0,0.0,17.959187101546588,0.0,0.0,0.0,18.477339519955547,0.0,0.0,484.29558087051938,482.7191394099148,487.35681301201546,490.923972689333,514.9449619899294,508.327253054832,507.5590403488113,512.0840724420993,511.4734729320048,0.0,80.68215632253184,80.68215632253184,60.0,0.0,60.0,60.0,16.0,16.0,16.0,12.0,12.0,12.0,21.0,10.0,0.0,0.0,0.0,0.0,0.0,0.0,0.0,0.0,0.0,0.0,0.0,0.0,0.0,80.68215632253184,80.68215632253184,0.0,0.0,0.0,80.68215632253184,0.0,0.0,0.00056 
 03/13  13:40:00,11.403333333333335,65.33333333333334,1.2533333333333335,129.16666666666669,691.0,0.0,0.0,0.0,0.0,0.0,0.0,0.0,0.0,0.0,0.0,457.0,0.0,2381.3186401777209,72.64121495900082,186.14254338367588,71.40310038048585,1900.5095986280424,0.0,72.64121495900078,99.30604812479595,0.0,0.0,18.585349391499379,189.3182111329952,21.02744433475664,-846.6087164452274,18.289122600272508,148.35257767680379,18.470433228245004,2.9990466444132837,16.91652094284769,14.821169158495934,21.09906703866212,-403.99300939565367,17.54784149581645,193.7289982988641,16.226604319890485,123.93340355117448,17.193265017824808,189.4284410355267,209.4681430665205,-137.41311515280359,0.0,0.0,0.0,0.0,0.0,0.0,0.0,0.0,0.0,0.0,0.0,0.0,0.0,0.0,0.0,0.0,0.0,0.0,0.0,0.0,0.0,0.0,0.5176999814685002,0.15802807737133707,253.69633217006936,305.7806796374713,3963.022172553375,0.0,0.0,256.07568180114938,308.093620034992,4262.5343954055019,1.6124819750202369,0.3047018093386692,222.01973937370773,268.0558749195971,3266.5200933575499,0.18340027781301536,0.034656137152875157,108.95924818218484,131.60447668174187,1570.739771885659,0.0,0.0,7.30158876469611,8.860404103719949,86.17499145607499,0.0,0.0,88.86025384110632,106.66378622631034,1607.9216944293542,0.0,0.0,226.36977804520613,273.7526260449961,3119.6808574063918,0.0,0.0,30.75448407818856,37.39933687005722,324.64125418157087,0.0,0.0,103.54929575828659,125.52233776101157,1285.1834646706762,20.711638594504185,14.205513439303286,233.62555492411188,282.58401898567726,3439.0507768316235,0.0,0.0,125.17579355190198,151.11686084623208,1854.7481381840594,0.0,19.04988775943355,38.119333400193649,22.0,30.0,0.0,19.58315444297362,36.7682366080633,16.0,30.0,0.0,18.55557319830825,39.28782135677049,22.0,30.0,0.0,18.447651255804229,39.421589332715338,16.0,30.0,0.0,17.135559400282238,41.97394827304194,12.0,30.0,0.0,20.299398140094856,34.620986340814749,16.0,30.0,0.0,18.123207187210047,39.67548375294197,10.0,30.0,0.0,16.516987954920649,43.74352444277106,12.0,30.0,0.0,17.43880038756931,41.279816204947049,12.0,30.0,0.0,18.021655752197455,0.0,0.0,0.0,18.629228214967445,0.0,0.0,483.84006293217598,486.8704894741336,484.7310618308518,488.6008773858703,512.7786454732055,506.3393628257521,505.5929471580537,510.30019696498166,509.71540909735787,0.0,80.68215632253184,80.68215632253184,60.0,0.0,60.0,60.0,16.0,16.0,16.0,12.0,12.0,12.0,21.0,10.0,0.0,0.0,0.0,0.0,0.0,0.0,0.0,0.0,0.0,0.0,0.0,0.0,0.0,80.68215632253184,80.68215632253184,0.0,0.0,0.0,80.68215632253184,0.0,0.0,0.00057 
 03/13  13:50:00,11.651666666666668,64.16666666666666,1.2816666666666668,125.33333333333333,690.0,0.0,0.0,0.0,0.0,0.0,0.0,0.0,0.0,0.0,0.0,457.0,0.0,2389.7689718737508,70.99208525441158,181.9166595049601,71.65646715843826,1907.2535843049225,0.0,70.99208525441154,97.0515627902596,0.0,0.0,18.62059190673417,184.26347030140279,21.161913429514116,-855.1556988559987,18.324962893380737,166.12804098335256,18.48857541858566,13.351487696155346,16.974022458410496,15.805427586024962,21.271509275616827,-419.0515238702151,17.622240475928785,201.7935221716798,16.264982515212855,132.26056707119825,17.26520854394368,202.0639826921324,203.132934837442,-146.615894725197,0.0,0.0,0.0,0.0,0.0,0.0,0.0,0.0,0.0,0.0,0.0,0.0,0.0,0.0,0.0,0.0,0.0,0.0,0.0,0.0,0.0,0.0,0.47662537455749645,0.14549004107371689,260.41645367179668,313.8180671933199,3958.3079266327906,0.0,0.0,252.281249356045,303.3917437387174,4123.653343617798,1.6047475388596909,0.3032402756726552,229.311339042296,276.7727806782037,3287.6055245735635,0.18602396041008927,0.035151919956555029,127.01277307726915,153.3792913758116,1774.1486403872307,0.0,0.0,7.373964413576544,8.945479328561307,84.21986060964525,0.0,0.0,90.13060670317913,108.12228311666557,1613.037884146438,0.0,0.0,229.11408265936053,276.94973747132988,3088.534951610704,0.0,0.0,31.346364489309609,38.108057030726758,318.60895546294389,0.0,0.0,104.98394805446077,127.20915444535578,1269.3854786854682,20.46708375174809,14.037780350993206,240.87440240932575,291.26233351716857,3434.754690660838,0.0,0.0,127.00199339036353,153.23584853620879,1852.2343490453955,0.0,19.095236573615744,37.879258686946787,22.0,30.0,0.0,19.6873473524683,36.62763314788967,16.0,30.0,0.0,18.625091661617398,39.12688391724771,22.0,30.0,0.0,18.479893421045174,39.426333240271478,16.0,30.0,0.0,17.199783230033647,41.874803480746027,12.0,30.0,0.0,20.4553248476898,34.330997270153478,16.0,30.0,0.0,18.227113267396317,39.46481037779135,10.0,30.0,0.0,16.576099344554529,43.64974606761029,12.0,30.0,0.0,17.53325727076646,41.101087476898047,12.0,30.0,0.0,18.086630092044133,0.0,0.0,0.0,18.76734279928603,0.0,0.0,487.5273325996509,483.43516462723496,484.2641570431237,486.09631417364519,510.65510366805798,504.7841747706351,504.03709978932758,508.2947785815098,507.7043888233395,0.0,80.68215632253184,80.68215632253184,60.0,0.0,60.0,60.0,16.0,16.0,16.0,12.0,12.0,12.0,21.0,10.0,0.0,0.0,0.0,0.0,0.0,0.0,0.0,0.0,0.0,0.0,0.0,0.0,0.0,80.68215632253184,80.68215632253184,0.0,0.0,0.0,80.68215632253184,0.0,0.0,0.0005633333333333333 
 03/13  14:00:00,11.9,63.0,1.31,121.5,689.0,0.0,0.0,0.0,0.0,0.0,0.0,0.0,0.0,0.0,0.0,457.0,0.0,2393.789909283455,69.2964925666275,177.57171176242353,71.77702013667965,1910.4625114286455,0.0,69.29649256662747,94.73355903511629,0.0,0.0,18.695422966327308,213.2910658919991,21.26668445240152,-905.7085351223523,18.348446047772027,163.84037484784313,18.511627742507426,25.02286803048719,17.03062747683674,16.51360337673475,21.43274173820221,-431.72792740973139,17.692487683368904,207.3701939748098,16.304083188657584,139.09507909256514,17.335715770489359,211.3024551450044,201.2142575988073,-152.18078120496103,0.0,0.0,0.0,0.0,0.0,0.0,0.0,0.0,0.0,0.0,0.0,0.0,0.0,0.0,0.0,0.0,0.0,0.0,0.0,0.0,0.0,0.0,0.46563097500328667,0.1421339972537505,265.0779203815158,319.26884945183368,3960.2837329795627,0.0,0.0,268.97013753231166,323.3739587229221,4289.432834850745,1.5524834134324486,0.29336421266675158,223.43836325145854,269.63402462964407,3107.436928507183,0.18429384547638345,0.03482498969697343,139.09683302831653,167.936244005362,1882.876712394661,0.0,0.0,7.325100878955256,8.883564444837415,80.8318204559547,0.0,0.0,91.35641228493759,109.52912134905579,1615.0985337992689,0.0,0.0,229.9566847166491,277.8575679457426,3026.0965253430056,0.0,0.0,31.73653634071035,38.57136418443534,310.07659819440388,0.0,0.0,105.65293829620109,127.9684569234819,1243.112437984484,20.1898582075312,13.847639374164065,246.99800946575795,298.5603016107822,3419.121658969833,0.0,0.0,127.9156284626098,154.25991861289718,1832.2145163289698,0.0,19.220445445706937,37.67860107261749,22.0,30.0,0.0,19.74202987226912,36.55612757180537,16.0,30.0,0.0,18.666219619275947,38.898373398912749,22.0,30.0,0.0,18.519324520997058,39.349835771518538,16.0,30.0,0.0,17.26123500658926,41.77744343686675,12.0,30.0,0.0,20.601313899883054,34.07062714087735,16.0,30.0,0.0,18.320931780208729,39.25141755725771,10.0,30.0,0.0,16.63408902402739,43.55951198087729,12.0,30.0,0.0,17.625024050419247,40.92746383771523,12.0,30.0,0.0,18.167873554173423,0.0,0.0,0.0,18.891349378351909,0.0,0.0,484.27697794876789,481.5686050929214,487.70518854225386,485.2949392378589,508.69461082698157,502.9949319554978,503.3143271324486,506.2997419038237,505.77591974721516,0.0,80.68215632253184,80.68215632253184,60.0,0.0,60.0,60.0,16.0,16.0,16.0,12.0,12.0,12.0,21.0,10.0,0.0,0.0,0.0,0.0,0.0,0.0,0.0,0.0,0.0,0.0,0.0,0.0,0.0,80.68215632253184,80.68215632253184,0.0,0.0,0.0,80.68215632253184,0.0,0.0,0.0005566666666666667 
 03/13  14:10:00,12.018333333333335,62.5,1.356666666666667,117.66666666666666,688.0,0.0,0.0,0.0,0.0,0.0,0.0,0.0,0.0,0.0,0.0,457.0,0.0,2393.4279035623496,67.5527857522413,173.10346932225395,71.76615214743089,1910.173452355686,0.0,67.55278575224128,92.34977962114718,0.0,0.0,18.705156100412883,183.87522116413857,21.396386361801605,-875.4254463068937,18.393952185592327,198.8833339437606,18.532209979451328,27.97911857573672,17.08756106670225,17.503502856095908,21.582363125249594,-445.07939003895128,17.7698072878551,216.88214444291044,16.34452945532879,146.0797081092319,17.403642623293814,217.2436929664027,196.54028978425596,-156.0632955518131,0.0,0.0,0.0,0.0,0.0,0.0,0.0,0.0,0.0,0.0,0.0,0.0,0.0,0.0,0.0,0.0,0.0,0.0,0.0,0.0,0.0,0.0,0.41890000831245596,0.12786935540673259,273.9970047460905,330.00906375187597,4018.3081981571019,0.0,0.0,253.73596945529648,304.9156317673454,4046.727399941125,1.633039575148155,0.3085864654474973,243.44399668754873,293.6715336076762,3366.8908784867328,0.1898391734715259,0.03587285968849695,138.63244639191928,167.35395976486107,1851.7991976973336,0.0,0.0,7.483078900161151,9.07277239172746,81.66199828557603,0.0,0.0,92.34165989906373,110.65432457062269,1634.6430135920537,0.0,0.0,231.90336744886634,280.0920224556778,3044.329465730696,0.0,0.0,32.34524629915221,39.301046772578008,311.97219925699047,0.0,0.0,105.64088755677037,127.90911290226946,1235.5409856783854,20.114701870781496,13.79609181809431,255.56996616804327,308.8653114736883,3484.6434645866604,0.0,0.0,128.2847248070935,154.639119106351,1834.5678779146486,0.0,19.205767985798336,37.76957537040995,22.0,30.0,0.0,19.864453655234486,36.304597152782068,16.0,30.0,0.0,18.750855050482757,38.78857703219556,22.0,30.0,0.0,18.55089661784392,39.16037634000077,16.0,30.0,0.0,17.32137655648619,41.67401266452938,12.0,30.0,0.0,20.73537205752192,33.81281169503485,16.0,30.0,0.0,18.426268789865195,39.06147327596895,10.0,30.0,0.0,16.69259948096464,43.45659693218848,12.0,30.0,0.0,17.7109401448964,40.75529517121938,12.0,30.0,0.0,18.210708049323217,0.0,0.0,0.0,19.001414387319874,0.0,0.0,482.36591491969099,480.5493928461253,484.5277216641292,488.282666204326,507.0296385931485,502.0817587117099,501.1280399426608,504.61311089268,504.2569233254359,0.0,80.68215632253184,80.68215632253184,60.0,0.0,60.0,60.0,16.0,16.0,16.0,12.0,12.0,12.0,21.0,10.0,0.0,0.0,0.0,0.0,0.0,0.0,0.0,0.0,0.0,0.0,0.0,0.0,0.0,80.68215632253184,80.68215632253184,0.0,0.0,0.0,80.68215632253184,0.0,0.0,0.00055 
 03/13  14:20:00,12.136666666666667,62.00000000000001,1.4033333333333336,113.83333333333333,687.0,0.0,0.0,0.0,0.0,0.0,0.0,0.0,0.0,0.0,0.0,457.0,0.0,2388.728544624483,65.75944143710082,168.50802876127919,71.62523020037449,1906.4227921097823,0.0,65.75944143710079,89.89814198039207,0.0,0.0,18.804786244206015,236.72161116938515,21.47176698394451,-958.1183925191617,18.405329477467583,172.19221804150767,18.562044832924884,45.75975296713386,17.144122162974069,17.97655866385969,21.72498506695114,-452.37040476950008,17.83224439307441,216.8262714888533,16.38481223639571,150.7928762073268,17.471485638421315,225.70304049959214,202.08106547326498,-157.35311815922797,0.0,0.0,0.0,0.0,0.0,0.0,0.0,0.0,0.0,0.0,0.0,0.0,0.0,0.0,0.0,0.0,0.0,0.0,0.0,0.0,0.0,0.0,0.4505399376421079,0.13752745349270696,277.1458476326359,333.58653298641635,4093.568712675148,0.0,0.0,282.4929830785936,339.44385498498226,4445.4829105643789,1.5523610219462845,0.29334108502386338,224.7260688359371,271.0661957603748,3058.8173702614806,0.18940600351498022,0.03579100595521167,160.00268924335425,193.10620594814143,2114.012542390124,0.0,0.0,7.347106236905347,8.905603488231226,79.26868864355689,0.0,0.0,93.15820397221786,111.57667942714044,1650.6287479051962,0.0,0.0,232.66265328585897,280.9221261419625,3032.8654851214184,0.0,0.0,32.589888587232668,39.5886977404881,310.0616392694671,0.0,0.0,107.34973830640742,129.93330089811196,1247.9179001316139,19.976368420748224,13.701212908606469,260.6930855514454,314.957425537626,3524.6420772219169,0.0,0.0,130.25781816398834,156.95369664513147,1857.7088710457204,0.0,19.37946568375466,37.39034684880701,22.0,30.0,0.0,19.87920780614062,36.23290479852585,16.0,30.0,0.0,18.761774435221306,38.81895727550858,22.0,30.0,0.0,18.60072336468894,39.132155161961147,16.0,30.0,0.0,17.38061163778053,41.57407618811204,12.0,30.0,0.0,20.866077149603347,33.59789027148018,16.0,30.0,0.0,18.50140798406296,38.91259887209754,10.0,30.0,0.0,16.748231392792147,43.335334283898088,12.0,30.0,0.0,17.79655984366433,40.567968551446508,12.0,30.0,0.0,18.290888188308509,0.0,0.0,0.0,19.10336267796167,0.0,0.0,481.3142269478731,481.5888312950518,482.65235143352546,485.18783548430789,505.33799282661297,499.9855133026371,499.97086526777226,503.61373702824207,503.1972759958346,0.0,80.68215632253184,80.68215632253184,60.0,0.0,60.0,60.0,16.0,16.0,16.0,12.0,12.0,12.0,21.0,10.0,0.0,0.0,0.0,0.0,0.0,0.0,0.0,0.0,0.0,0.0,0.0,0.0,0.0,80.68215632253184,80.68215632253184,0.0,0.0,0.0,80.68215632253184,0.0,0.0,0.0005366666666666666 
 03/13  14:30:00,12.254999999999999,61.5,1.4500000000000002,110.0,686.0,0.0,0.0,0.0,0.0,0.0,0.0,0.0,0.0,0.0,0.0,457.0,0.0,2379.7367129495667,63.91507930607053,163.7818532458308,71.35560003446909,1899.2463495370456,0.0,63.915079306070499,87.37675911741242,0.0,0.0,18.779250999589679,174.81110415560398,21.603616345680945,-879.3362508998544,18.462731990430368,230.14751726929354,18.58098705611757,38.51290082457763,17.200877786577484,18.927351667027837,21.855494948736387,-466.3328192270201,17.91162074199999,228.6338261507317,16.426049096972805,156.66421026417403,17.5349813330318,227.2325957355897,193.54170306418747,-159.71601844305315,0.0,0.0,0.0,0.0,0.0,0.0,0.0,0.0,0.0,0.0,0.0,0.0,0.0,0.0,0.0,0.0,0.0,0.0,0.0,0.0,0.0,0.0,0.38018126398806398,0.11605044688280342,285.51149442945668,343.75389187318947,4093.575150903008,0.0,0.0,248.64372819151112,298.603887854356,3927.496471260533,1.6776349214461233,0.31701340163381028,255.1141740194952,307.5929491169148,3463.591834738044,0.1950742657137553,0.03686210614394468,149.03641963564474,179.84646605111409,1940.362234786034,0.0,0.0,7.603546003789668,9.214071036119674,81.08620721574889,0.0,0.0,94.01084515287151,112.54797478434119,1664.48660593473,0.0,0.0,234.67110298435689,283.22772688888957,3052.3755437579459,0.0,0.0,33.2116455139094,40.3336986658162,311.75239327746535,0.0,0.0,106.535903394051,128.90716139120634,1228.9196532354138,19.902248915878976,13.650376485513706,267.697110568991,323.3695179361823,3557.963197738749,0.0,0.0,129.76983970139228,156.3093589236565,1842.6157632317975,0.0,19.285625032569244,37.56896937104445,22.0,30.0,0.0,20.030989297140719,35.874882098320288,16.0,30.0,0.0,18.868092855133758,38.58989087170935,22.0,30.0,0.0,18.624594353643034,39.123324069152939,16.0,30.0,0.0,17.439291338029269,41.474048826874497,12.0,30.0,0.0,20.981660913220244,33.38390074231685,16.0,30.0,0.0,18.60842425788936,38.700932221722649,10.0,30.0,0.0,16.805720437299365,43.24099706918005,12.0,30.0,0.0,17.872857122112639,40.43276108145622,12.0,30.0,0.0,18.318637378745679,0.0,0.0,0.0,19.193372394317167,0.0,0.0,482.3452532026742,481.922986388945,481.6016817717199,483.54824951925925,503.69637196770909,499.0243189362257,498.3493266748418,501.75903233519576,501.350077107408,0.0,80.68215632253184,80.68215632253184,60.0,0.0,60.0,60.0,16.0,16.0,16.0,12.0,12.0,12.0,21.0,10.0,0.0,0.0,0.0,0.0,0.0,0.0,0.0,0.0,0.0,0.0,0.0,0.0,0.0,80.68215632253184,80.68215632253184,0.0,0.0,0.0,80.68215632253184,0.0,0.0,0.0005233333333333333 
 03/13  14:40:00,12.373333333333333,61.0,1.4966666666666669,106.0,677.0,0.0,0.0,0.0,0.0,0.0,0.0,0.0,0.0,0.0,0.0,457.0,0.0,2343.491182751101,61.71778846002331,158.15128650728293,70.26877749359011,1870.3189826574983,0.0,61.71778846002328,84.37289594380093,0.0,0.0,18.9154521338051,260.80601095549539,21.632221546946846,-1010.5696237149969,18.45551311502559,168.9181457070208,18.615026753070404,63.97646207293383,17.255215305479405,18.97453125499493,21.971454807724009,-467.9137302702634,17.964908328014365,222.73868275649694,16.464938378179818,159.1047063184635,17.59949646698837,235.77243175303784,205.89048693378937,-157.5559220821815,0.0,0.0,0.0,0.0,0.0,0.0,0.0,0.0,0.0,0.0,0.0,0.0,0.0,0.0,0.0,0.0,0.0,0.0,0.0,0.0,0.0,0.0,0.452489015773747,0.13812241018734648,291.7924409713729,351.0036451017112,4257.897544267031,0.0,0.0,298.69999723166088,358.75426697823129,4618.464384045184,1.523231791583023,0.28783669531047309,217.2992411453707,262.0176798964348,2884.964556415684,0.18995842454789425,0.035895393905497768,172.37949932388418,207.96347066691986,2221.8540435164647,0.0,0.0,7.286950297890253,8.828269550949223,76.74450960011555,0.0,0.0,94.64440476128766,113.25688592494194,1673.909369991509,0.0,0.0,234.39148174832273,282.82342259694596,3017.6401727806735,0.0,0.0,33.18403963306038,40.29083409542929,306.88977443725147,0.0,0.0,108.95826470109812,131.7952510366358,1247.7799450275139,19.68484236337531,13.501263623714209,277.2188530445213,334.7323945919887,3664.51036604674,0.0,0.0,132.32555626508589,159.33184759684563,1869.7290599996437,0.0,19.53364676058796,36.98249732363577,22.0,30.0,0.0,19.984030604257659,36.042296003883837,16.0,30.0,0.0,18.836957547396556,38.62620310328826,22.0,30.0,0.0,18.68208086289572,39.01692015382977,16.0,30.0,0.0,17.494140189913865,41.38060162666594,12.0,30.0,0.0,21.09434599490775,33.1941349944284,16.0,30.0,0.0,18.663190402022967,38.58740388184912,10.0,30.0,0.0,16.8574796973032,43.1451185098673,12.0,30.0,0.0,17.952206273378878,40.27349926168298,12.0,30.0,0.0,18.425330528013267,0.0,0.0,0.0,19.2800049669044,0.0,0.0,482.4408245658899,479.64305585516186,482.5471350831394,482.3149607365839,502.1545599200451,497.4144506307122,497.6499443012581,500.3920384205174,500.00039091901217,0.0,80.68215632253184,80.68215632253184,60.0,0.0,60.0,60.0,16.0,16.0,16.0,12.0,12.0,12.0,21.0,10.0,0.0,0.0,0.0,0.0,0.0,0.0,0.0,0.0,0.0,0.0,0.0,0.0,0.0,80.68215632253184,80.68215632253184,0.0,0.0,0.0,80.68215632253184,0.0,0.0,0.00051 
 03/13  14:50:00,12.491666666666666,60.5,1.5433333333333335,102.0,668.0,0.0,0.0,0.0,0.0,0.0,0.0,0.0,0.0,0.0,0.0,457.0,0.0,2303.1575532710264,59.483535335476968,152.42600351094607,69.05937508234719,1838.1289451018946,0.0,59.48353533547694,81.31850253319507,0.0,0.0,18.843740471999209,157.74736121602838,21.761750879265557,-856.1218159801138,18.531672056773976,264.4041895983373,18.626905228363197,42.26177468349397,17.309090916117215,20.07886787069515,22.069155133121848,-481.28743546712078,18.046959345457816,237.9921293395546,16.505727968258325,164.6388946930956,17.657584804112397,232.77606435172675,191.4721734552768,-158.3445730144158,0.0,0.0,0.0,0.0,0.0,0.0,0.0,0.0,0.0,0.0,0.0,0.0,0.0,0.0,0.0,0.0,0.0,0.0,0.0,0.0,0.0,0.0,0.3462089544748974,0.10568038903385148,298.31090420124237,359.0628333045172,4163.5856589229319,0.0,0.0,240.33227302435868,288.4456162662931,3750.689513523964,1.7593453717000447,0.33245377394180755,268.1196140353219,323.1232791587401,3570.32496790386,0.19841429911075313,0.03749325380021789,146.32918809045763,176.52482994866083,1853.2263670557182,0.0,0.0,7.691252654293444,9.315871580508278,79.96512326883499,0.0,0.0,95.27648618317193,113.97316265440623,1678.8762131664205,0.0,0.0,236.46656352277069,285.2028528271635,3039.800466107481,0.0,0.0,33.88677719100061,41.13404048451628,308.9090367670741,0.0,0.0,106.86769592503393,129.2302987087278,1212.0640337112535,19.507135640353579,13.379379725894092,281.05403511303185,339.3504033511479,3635.500285690453,0.0,0.0,130.5009543965427,157.08928306747729,1830.710958121282,0.0,19.33863272846747,37.50014270024522,22.0,30.0,0.0,20.1789061242181,35.63019604022489,16.0,30.0,0.0,18.9810078588442,38.271478107624869,22.0,30.0,0.0,18.689316335521636,38.96141495239411,16.0,30.0,0.0,17.54777003975611,41.28586888469082,12.0,30.0,0.0,21.1834655482326,33.03099475221223,16.0,30.0,0.0,18.774759248668578,38.362728984487599,10.0,30.0,0.0,16.91243889626889,43.04641221039336,12.0,30.0,0.0,18.018150889739535,40.15145229910963,12.0,30.0,0.0,18.423034167629479,0.0,0.0,0.0,19.350469010555867,0.0,0.0,480.12680789822397,478.8111231647282,482.5602836550067,483.2363184042562,500.74047789245818,496.65506937877395,496.12467927919678,498.84157593288276,498.5477420575965,0.0,80.68215632253184,80.68215632253184,60.0,0.0,60.0,60.0,16.0,16.0,16.0,12.0,12.0,12.0,21.0,10.0,0.0,0.0,0.0,0.0,0.0,0.0,0.0,0.0,0.0,0.0,0.0,0.0,0.0,80.68215632253184,80.68215632253184,0.0,0.0,0.0,80.68215632253184,0.0,0.0,0.0005066666666666667 
 03/13  15:00:00,12.61,60.0,1.59,98.0,659.0,0.0,0.0,0.0,0.0,0.0,0.0,0.0,0.0,0.0,0.0,914.0,0.0,2258.9135976210097,57.21284678839075,146.60735462149047,67.73272328160422,1802.8181161383423,0.0,57.21284678839072,78.21429913763463,0.0,0.0,18.960149042319615,258.59556973952297,21.789140827755966,-964.7040250674818,18.533862550205833,212.1654762738549,18.656274546163595,77.2379374486768,17.356043810626823,20.59195068643959,22.15282171935531,-471.8846033427874,18.097130958497759,239.35469993569405,16.539820956872249,169.28124920222388,17.71242355991982,249.6664472502714,196.26551450942226,-149.25707780325048,0.0,0.0,0.0,0.0,0.0,0.0,0.0,0.0,0.0,0.0,0.0,0.0,0.0,0.0,0.0,0.0,0.0,0.0,0.0,0.0,0.0,0.0,0.4110910575448037,0.12548567080122215,299.9094736399444,361.47397947666289,4240.034798915245,0.0,0.0,285.3020119493148,343.2304353471038,4363.178476049011,1.6436746882405538,0.3105961240061516,235.6401786236618,284.49709001620388,3074.5937166633968,0.1966914396002555,0.0371676945578714,173.76657261439198,210.0426639046486,2174.441515118461,0.0,0.0,7.389167518490829,8.965972222544277,75.60031486854833,0.0,0.0,95.6171172649068,114.57940341029478,1675.5905916143275,0.0,0.0,236.6475400952309,285.94130779791126,3006.5956562689636,0.0,0.0,33.93888976196567,41.27289375358927,303.8248774635343,0.0,0.0,109.69610032164893,132.889632491355,1230.587872322426,19.216066498309197,13.179743826000826,285.798203698814,345.6928618377025,3671.5047064017319,0.0,0.0,133.51720869900357,161.0022684434399,1859.6183042590665,0.0,19.55079015997078,37.03139331105422,22.0,30.0,0.0,20.149988989974497,35.69460831607111,16.0,30.0,0.0,18.963682162807854,38.38929360812813,22.0,30.0,0.0,18.73861973620309,38.86851591161971,16.0,30.0,0.0,17.587180450844828,41.21774133319229,12.0,30.0,0.0,21.259000317188865,32.921515472612487,16.0,30.0,0.0,18.822489954046597,38.29317598467578,10.0,30.0,0.0,16.95292963817782,42.97160511591845,12.0,30.0,0.0,18.079258155515939,40.03593718094332,12.0,30.0,0.0,18.51571470968876,0.0,0.0,0.0,19.42359983777579,0.0,0.0,479.15172228249357,478.4948182390536,479.9317340168693,482.0816767832579,499.63423696915438,494.9083942133784,494.581733071729,497.7206427221592,497.25354815725566,0.0,80.68215632253184,80.68215632253184,60.0,0.0,60.0,60.0,16.0,16.0,16.0,12.0,12.0,12.0,21.0,10.0,0.0,0.0,0.0,0.0,0.0,0.0,0.0,0.0,0.0,0.0,0.0,0.0,0.0,80.68215632253184,80.68215632253184,0.0,0.0,0.0,80.68215632253184,0.0,0.0,0.0005033333333333334 
 03/13  15:10:00,12.646666666666667,59.5,1.62,94.0,650.0,0.0,0.0,0.0,0.0,0.0,0.0,0.0,0.0,0.0,0.0,4580.0,0.0,2210.9356284318239,54.906347585487768,140.69694109446315,66.2941087804819,1764.5272094414266,0.0,54.90634758548774,75.0611398605966,0.0,0.0,20.00732026390908,-633.8676950557469,22.07756899219136,-56.43472702273745,19.96333249633528,-1844.7550657122077,19.0265027209197,1148.2414651614968,17.406344163229947,26.863430150296695,22.233300274474133,-449.1380799712849,18.2158127214569,340.89761317507665,16.578423663938595,179.7460306770219,17.773263869582917,280.73447405939239,398.2247772465071,-129.1964224646178,0.0,0.0,0.0,0.0,0.0,0.0,0.0,0.0,0.0,0.0,0.0,0.0,0.0,0.0,0.0,0.0,0.0,0.0,0.0,0.0,0.0,0.0,0.5347718994553463,0.16323928554803003,251.6897685013508,302.1562771061791,4314.939036824793,0.1218137989493556,0.018591849656495055,187.54757126502038,225.42035806799397,3072.0622839906707,0.7517869451816863,0.14206102516660749,453.036745114634,543.3653606487435,7950.81061905028,0.2796024545256914,0.052834930938339259,398.8639629840618,481.34777277408969,5593.925370757763,0.0,0.0,8.929708216477506,10.849828929646739,91.50886075276076,0.0,0.0,92.03776136565115,110.44404810637353,1619.9744929004813,0.0,0.0,257.66173524663437,311.60464985980948,3349.8082867220839,0.0,0.0,35.315629271115529,43.007284213195728,316.94711350335396,0.0,0.0,118.66419937434378,143.92864378331258,1339.5549269153208,20.75822947840402,14.237468778054888,544.2771234280349,657.0860688820327,7699.682372505776,0.0,0.0,143.561372221517,173.32707632653493,2009.2916106042692,1900.4475389206485,21.04976184179442,33.782842041874008,21.999999999999998,30.0,0.0,20.67618499303976,34.553249094789638,15.999999999999999,30.0,4208.198982940732,21.161572861325518,33.58283546068419,21.999999999999998,30.0,0.0,19.463697089017829,37.25285260996747,15.999999999999999,30.0,0.0,17.63306643160928,41.153985631095768,12.0,30.0,0.0,21.3393952040314,32.81336570288264,15.999999999999999,30.0,0.0,19.005662965964644,37.954568461198018,10.0,30.0,0.0,17.002173414883477,42.90962003487331,12.0,30.0,0.0,18.15142266469112,39.93552498304946,15.999999999999999,30.0,0.0,19.22067657224321,0.0,0.0,0.0,19.495914157814377,0.0,0.0,478.20363618545766,478.26686239485385,477.48507004824617,478.4802727103594,497.8807511085252,492.69019191036679,491.0899492049805,495.5179250321963,494.5901493319364,10364.989115320539,81.15131440616551,84.6554956470437,60.0,0.0,60.0,60.0,16.0,16.0,16.0,16.0,12.0,12.0,21.0,10.0,1.0,0.0,1900.4475389206485,0.0,4208.198982940732,0.0,0.0,0.0,0.0,0.0,5303.121619173343,3181872.9715040058,4139559.022482159,81.15131440616551,84.71500827759715,0.3467707206391114,0.7670728846741773,0.3602813740196596,84.71500827759715,0.3542647819438876,4139559.022482159,0.21575706916907226 
 03/13  15:20:00,12.683333333333334,59.00000000000001,1.6500000000000004,90.0,641.0,0.0,0.0,0.0,0.0,0.0,0.0,0.0,0.0,0.0,0.0,1832.0,0.0,2159.3970053001155,52.56474797804985,134.69658323399819,64.74872972281281,1723.3945819006959,0.0,52.56474797804982,71.85999566943078,0.0,0.0,20.591951477781007,-1278.0955556002437,22.697015340165163,-124.62028222583945,20.307047905632673,-857.9865973581277,19.667366979692667,579.7044059510395,17.472091758099937,30.841567642839267,22.345234569846128,-423.50289890187016,18.425033851385594,320.8255149665192,16.63639598862234,191.53918184430996,17.866481240602348,302.0358858762638,453.1191732816669,-105.25940703504716,0.0,0.0,0.0,0.0,0.0,0.0,0.0,0.0,0.0,0.0,0.0,0.0,0.0,0.0,0.0,0.0,0.0,0.0,0.0,0.0,0.0,0.0,0.5867926731043549,0.17911864258374694,317.1250014027917,379.6685762408865,5857.675461113433,0.11682613194993273,0.017830606219464707,161.68398960894724,193.68212531077723,2931.7003881253888,1.2622548641165675,0.23852132730849735,351.9007428361207,421.8143549635428,6267.743079030389,0.2736478542249858,0.05170972302059443,349.9649404867809,420.909104693126,5509.0400534658169,0.0,0.0,9.48522152508671,11.5161362247651,97.79830392941038,0.0,0.0,89.23722891837177,106.9604346294453,1588.5676707945953,0.0,0.0,273.85942540435067,330.67632202601927,3694.2798387596305,0.0,0.0,37.62312407945208,45.77525362599291,340.944654902358,0.0,0.0,129.48889380836568,156.89505095837684,1484.2788977845558,21.449298422849055,14.711452964917053,472.2917263256465,569.1579974504963,7226.345602615492,0.0,0.0,156.80621223878769,189.1339451512332,2215.421919356425,1825.497107163108,21.887153546469834,32.088771028425089,22.0,30.0,0.0,21.667286623060858,32.51315379905246,16.0,30.0,1522.9545998182248,21.49178055241942,32.89542077539763,21.5,30.0,0.0,20.42028367329826,35.09511905668866,16.0,30.0,0.0,17.702395872566883,41.065555733185039,12.0,30.0,0.0,21.478507760902575,32.59120199620725,16.0,30.0,0.0,19.291292601928157,37.346202844329948,10.0,30.0,0.0,17.082312766041946,42.79771360264506,12.0,30.0,0.0,18.27557624723502,39.71887388638686,16.0,30.0,0.0,19.88456267570659,0.0,0.0,0.0,19.59956359070239,0.0,0.0,476.81362011591235,477.48522314736536,476.5769664363671,477.8254011090561,494.9350968954673,490.25881262487345,488.7114525249142,492.1966937744807,491.3845822836626,9769.208943624295,81.54526228188858,83.31233382616269,60.0,0.0,60.0,60.0,16.0,16.0,16.0,16.0,12.0,12.0,21.0,10.0,1.0,0.0,1825.497107163108,0.0,1522.9545998182248,0.0,0.0,0.0,0.0,0.0,2674.210492698468,1604526.2956190808,2076608.9255508574,81.54526228188858,83.3423445672594,0.3441403497566156,0.7680066534236527,0.36028137401965956,83.3423445672594,0.3542647819438875,2076608.9255508574,0.1085036641286446 
 03/13  15:30:00,12.719999999999999,58.5,1.6800000000000002,86.0,632.0,0.0,0.0,0.0,0.0,0.0,0.0,0.0,0.0,0.0,0.0,1833.0,0.0,2104.466184932833,50.188825407901997,128.6082735146027,63.10163724162618,1679.5546774612356,0.0,50.188825407901969,68.6119293860535,0.0,0.0,20.341731776619754,114.20909173335304,22.869088086639296,-732.909419798143,20.410474303224569,-303.30382431034,19.81199451347033,288.56445892622937,17.535615758075527,30.97792831347425,22.461388044091075,-401.58891382283118,18.514515683453526,264.57913067153415,16.697932021020564,196.36195282503958,17.961227416098134,307.2615938919271,481.3693031210596,-74.83828559563927,0.0,0.0,0.0,0.0,0.0,0.0,0.0,0.0,0.0,0.0,0.0,0.0,0.0,0.0,0.0,0.0,0.0,0.0,0.0,0.0,0.0,0.0,0.702051614827087,0.21430146972743803,299.07541945474716,358.6143358384536,5269.094361065448,0.043475047227949859,0.006635385718551564,249.89710786334636,299.2555378161991,4564.301889068248,1.5530274928240325,0.29346702434316576,221.88209132743899,265.9172908083141,3919.109133967383,0.22289293796007346,0.042118846931230798,228.924951958655,275.10266665186728,3647.9156375537224,0.0,0.0,8.84709755619437,10.738835562077709,91.65916415170327,0.0,0.0,90.81100653289363,108.78273248264296,1637.2108507374874,0.0,0.0,268.8520513184857,324.5481604662007,3649.397338652955,0.0,0.0,37.87168199530086,46.06570417666971,346.55158782983508,0.0,0.0,130.49493016491918,158.05918265764616,1517.6850590619379,21.285280903978724,14.59895809600736,383.135048184129,461.3287927419934,6126.100656171382,0.0,0.0,158.4728311564017,191.09527233127379,2257.040126495465,0.0,21.36687669139494,33.1303584509141,21.0,30.0,0.0,21.80347551205918,32.26996793643214,16.0,30.0,915.8464017924346,21.488255740947474,32.898481087394888,21.25,30.0,0.0,20.55140306949812,34.82677988760206,16.0,30.0,0.0,17.764658690942018,40.988407190454818,12.0,30.0,0.0,21.631950158006505,32.365976131318728,16.0,30.0,0.0,19.372750661715928,37.23166130486044,10.0,30.0,0.0,17.16416988672459,42.685656475861858,12.0,30.0,0.0,18.398523875716927,39.51666250494005,16.0,30.0,0.0,20.17783130301867,0.0,0.0,0.0,19.696211993438085,0.0,0.0,475.51700463072236,474.3947216479937,474.9466883020167,475.6979740837419,492.09476109899506,486.54445675337589,485.55502948834757,488.534581877776,487.5936958299409,5207.748807940699,80.55857808035629,82.30333711316772,60.0,0.0,60.0,60.0,16.0,16.0,16.0,16.0,12.0,12.0,21.0,10.0,1.0,0.0,0.0,0.0,915.8464017924346,0.0,0.0,0.0,0.0,0.0,2640.4779219199415,1584286.7531519649,2549939.2641623716,80.55857808035629,82.33296891374732,0.17301593073066474,0.34593182771565986,0.18014068700982978,82.33296891374732,0.17713239097194376,2549939.2641623716,0.1331368417364433 
 03/13  15:40:00,12.756666666666668,58.0,1.71,82.33333333333334,606.1666666666667,0.0,0.0,0.0,0.0,0.0,0.0,0.0,0.0,0.0,0.0,918.0,0.0,2001.9808233845743,47.52846391579513,121.79106614222472,60.02864118321338,1597.7619591246553,0.0,47.52846391579511,64.97501353169136,0.0,0.0,20.082149023369156,300.2756481979759,22.821417626583803,-733.2828067601649,20.086438543662945,-385.4069884722703,19.84413593669458,359.2631373980994,17.59456589448798,29.57898868330986,22.53028982016866,-429.74405096222088,18.54411080970226,261.8306960087066,16.750484738145219,188.6817291864039,18.03420523447313,276.45741672573788,475.3706113600192,-81.34386390892269,0.0,0.0,0.0,0.0,0.0,0.0,0.0,0.0,0.0,0.0,0.0,0.0,0.0,0.0,0.0,0.0,0.0,0.0,0.0,0.0,0.0,0.0,0.718936161201728,0.21945548266231017,254.49683214071878,305.11480244377978,4255.148804330418,0.05434048098310997,0.008293724203771364,246.4627853595218,294.7704537402915,4445.763774440429,1.3957911937800814,0.263754949693893,257.9351016461525,309.3843431742677,4349.389491831667,0.22155455183844353,0.04186593950083965,268.36980254978126,322.4062066043421,4255.627703653152,0.0,0.0,8.783493004936702,10.649066105765432,91.34273396737669,0.0,0.0,92.10115626860899,110.17271736991857,1671.464084399141,0.0,0.0,263.63232544710709,317.91154925282549,3563.057179094668,0.0,0.0,37.20215130186824,45.1939564084326,342.3310119079617,0.0,0.0,126.18913483911982,152.64341062157957,1478.6822740707769,20.854368276786269,14.303407597247102,421.4890118164351,506.8173142888576,6703.287479611543,0.0,0.0,153.34944425131853,184.7152925821637,2177.516301687856,2.838347668874447,20.995394974673965,33.89543307032172,21.0,30.0,0.0,21.696181117386375,32.48694494636529,16.0,30.0,395.84345286474527,21.039528232941814,33.81058640208529,21.0,30.0,0.0,20.56353881691693,34.808348971521507,16.0,30.0,0.0,17.82122440073649,40.916545238770229,12.0,30.0,0.0,21.729422819313919,32.20376725941996,19.0,30.0,0.0,19.380130590870487,37.23551355381561,10.0,30.0,0.0,17.226217299115186,42.57337802338782,16.0,30.0,0.0,18.47902190847318,39.352075210577357,16.0,30.0,0.0,20.23419436758705,0.0,0.0,0.0,19.711454185687026,0.0,0.0,474.53127150827609,473.19498508013779,473.7760418824834,474.67144457747079,489.48704432878028,484.9879704737049,484.5581876835634,486.54149826664198,486.1883495097772,9243.347626932064,81.89306100338692,81.89306100338693,60.0,0.0,60.0,60.0,16.0,16.0,19.0,16.0,16.0,12.0,21.0,10.0,1.0,0.0,2.838347668874447,0.0,395.84345286474527,0.0,0.0,0.0,0.0,0.0,0.0,0.0,0.0,81.89306100338692,81.89306100338692,0.34,0.7723417888321764,0.36028137401965956,81.89306100338692,0.3542647819438875,0.0,0.00056 
 03/13  15:50:00,12.793333333333333,57.5,1.74,78.66666666666667,580.3333333333334,0.0,0.0,0.0,0.0,0.0,0.0,0.0,0.0,0.0,0.0,1836.0,0.0,1897.7421877261366,44.88517828369609,115.01761922552712,56.9030747859562,1514.5699793782042,0.0,44.88517828369607,61.361441672562047,0.0,0.0,20.662634775647868,-399.52174769633737,22.91363547858529,-283.69734412112009,20.57826926205695,-814.0251774071958,19.97275321340635,573.8386552898237,17.643971179683836,31.848812451661375,22.554697253961387,-430.01732752572266,18.635750043342609,321.1508211688606,16.790401636071043,190.99851227948683,18.08387462184296,275.13472179981798,469.09488059007756,-65.63885709431747,0.0,0.0,0.0,0.0,0.0,0.0,0.0,0.0,0.0,0.0,0.0,0.0,0.0,0.0,0.0,0.0,0.0,0.0,0.0,0.0,0.0,0.0,0.6912841345957506,0.21101469310004596,241.91854552248646,289.59839882196806,4419.226914539142,0.11026913080016607,0.016829842918218264,165.18664625107184,197.91338928625374,3009.519358311275,1.4421643143610244,0.27251782206368577,329.76838472303066,394.8671801866635,5989.814580146032,0.2529453105763061,0.04779767773550757,312.9597142943451,375.95947096335149,5068.887563277973,0.0,0.0,9.353862766871574,11.348958016266897,97.32080985787468,0.0,0.0,90.79549119211862,108.7130623486236,1647.5307046335029,0.0,0.0,270.3236047836225,326.1358091928437,3700.833298669032,0.0,0.0,37.93713139290032,46.12358859608416,349.2233604079011,0.0,0.0,127.23324440336573,154.01853466771963,1492.1792852911222,20.990252391595253,14.39660657859757,419.79516129625088,505.259035240657,6711.745068166824,0.0,0.0,154.76638251102598,186.5702488181796,2193.784944482599,985.686405213593,21.85129796148281,32.16093956429931,21.75,30.0,0.0,21.89506412377047,32.083952354236128,16.0,30.0,1587.9925210403663,21.734787474496053,32.40466844148073,21.5,30.0,0.0,20.759631408098274,34.39199460126504,16.0,30.0,0.0,17.86117165763525,40.861298542235,12.0,30.0,0.0,21.76801962662308,32.15125096293691,19.0,30.0,0.0,19.5049339783132,36.9865174330082,10.0,30.0,0.0,17.265492551016565,42.50265302642283,16.0,30.0,0.0,18.521484044346019,39.28192991650343,16.0,30.0,0.0,20.28203138615391,0.0,0.0,0.0,19.736772262511928,0.0,0.0,473.4104899083441,473.18716624525788,472.7319177387224,473.2798399332713,487.70842775850636,483.6516696692978,482.51807931558576,485.16451124177658,484.6896997987558,7011.521238198868,82.21292630710832,83.97301326757094,60.0,0.0,60.0,60.0,16.0,16.0,19.0,16.0,16.0,12.0,21.0,10.0,1.0,0.0,985.686405213593,0.0,1587.9925210403663,0.0,0.0,0.0,0.0,0.0,2663.6511228579395,1598190.6737147636,2073000.3702843253,82.21292630710832,84.0029053872473,0.25878837076193136,0.5763886856027961,0.27021103051474468,84.0029053872473,0.2656985864579156,2073000.3702843253,0.10838268592145159 
 03/13  16:00:00,12.83,57.0,1.77,75.0,554.5,0.0,0.0,0.0,0.0,0.0,0.0,0.0,0.0,0.0,0.0,920.0,0.0,1792.1348350949143,42.26192112176382,108.29549922313169,53.7364688752994,1430.2856499023724,0.0,42.261921121763808,57.775250250604248,0.0,0.0,20.256979929503289,269.69015794348527,22.989506959770347,-773.0296665253568,20.440501102206384,-77.12000036206138,20.03514157690854,234.3844697965036,17.696104965804297,30.25056295451438,22.577112114627995,-408.704126078758,18.69836857374691,240.37794201118778,16.83701035221667,188.88143950093446,18.144767898800347,273.7777638147554,431.29449054310046,-46.523784679046,0.0,0.0,0.0,0.0,0.0,0.0,0.0,0.0,0.0,0.0,0.0,0.0,0.0,0.0,0.0,0.0,0.0,0.0,0.0,0.0,0.0,0.0,0.7178285294917288,0.21911737774472796,269.6917390101815,322.94001370040606,4578.111835118973,0.060465847834656329,0.009228609254373677,227.25347578535912,271.387839020575,4132.482042325518,1.7385888155549819,0.3285315222137155,165.76445822116188,199.16388928977856,2757.7235620764929,0.22255353645946025,0.04205471210496224,170.82681809446863,205.30189747707653,2794.8918436764477,0.0,0.0,8.729907775732407,10.581424365437769,91.00899998806617,0.0,0.0,90.82105086016097,108.60213178054875,1651.2340593478203,0.0,0.0,268.0726237288957,323.07557122584896,3667.145552856631,0.0,0.0,38.03401019527972,46.18715872940777,351.31684498075028,0.0,0.0,130.77062942381296,158.10803669257525,1541.335092790223,20.434129847880187,14.015178222140048,335.0545015935668,402.8392929760962,5312.596968315816,0.0,0.0,158.7554829123328,191.17131957203822,2247.4427272479308,0.0,21.130102103332484,33.61205055444552,21.0,30.0,0.0,21.978391414817766,31.922510946781423,16.0,30.0,1074.0071508857566,21.462772897388626,32.94845554358163,21.5,30.0,0.0,20.764399006288934,34.36731479978155,16.0,30.0,0.0,17.909244071830018,40.790180346500147,12.0,30.0,0.0,21.82242350698089,32.068529960772597,19.0,30.0,0.0,19.53705059364027,36.92360112971829,10.0,30.0,0.0,17.31824040409915,42.398244916180889,16.0,30.0,0.0,18.5880406389088,39.14874362217728,16.0,30.0,0.0,20.203877536435589,0.0,0.0,0.0,19.76493622274392,0.0,0.0,472.54719549782569,470.84976654480718,472.0446062091256,473.4644705025265,485.6172471860241,482.10230887680879,481.82133140841429,483.55807512714298,483.2245923701894,6386.5497465445819,83.78155003979784,83.78155003979784,60.0,0.0,60.0,60.0,16.0,16.0,19.0,16.0,16.0,12.0,21.0,10.0,1.0,0.0,0.0,0.0,1074.0071508857566,0.0,0.0,0.0,0.0,0.0,0.0,0.0,0.0,83.78155003979784,83.78155003979784,0.34,0.7702261229744953,0.36028137401965956,83.78155003979784,0.3542647819438875,0.0,0.0006133333333333334 
 03/13  16:10:00,12.711666666666666,58.5,1.6766666666666668,71.33333333333333,528.6666666666667,0.0,0.0,0.0,2.0,0.0,0.0,0.0,0.0,0.0,4.0,1380.0,0.0,1685.50656948217,39.661248484626359,101.6312564176452,50.539252249324338,1345.1865500598722,0.0,39.66124848462634,54.21993358628113,0.0,0.0,20.74655616711852,-247.39796341866899,22.863297228816387,-405.3474866031371,20.738138117417436,-867.90760532641,20.056463948085466,507.8302283659026,17.733953420396426,21.654837015227288,22.820603877304717,-54.30329919275948,18.516291898548635,104.90736205846862,16.866022379156264,175.7313800125177,18.169366770872175,196.3322074116921,480.8760129821676,-69.08157230450283,0.0,0.0,0.0,0.0,0.0,0.0,0.0,0.0,0.0,0.0,0.0,0.0,0.0,0.0,0.0,0.0,0.0,0.0,0.0,0.0,0.0,0.0,0.7726977476813679,0.2358662233459609,214.62940852666334,256.98083628715889,3932.541760462829,0.11115615780087096,0.01696522554958348,184.51069797607307,220.9966210469882,3373.4527565224527,1.3878038025906683,0.2622456165137318,300.09438572872957,359.1296030578321,5485.58092085088,0.2413257827884009,0.0456019997710508,310.9359965042134,373.2982413374474,5096.18311859912,0.0,0.0,7.003673811558156,8.490911437099669,75.0064671391194,0.0,0.0,11.026431099924093,13.168912426332963,213.1312094037242,0.0,0.0,162.05458271452728,195.7277750653753,2125.096482789545,0.0,0.0,35.80527246172423,43.5080029686402,340.78155927357218,0.0,0.0,101.37455972950312,122.69250855294257,1219.127931622815,20.73265723120107,14.219929513855334,465.0565000813689,559.1835773241842,7604.731917217518,0.0,0.0,126.65268316338565,152.69282569720688,1808.7659178995028,879.6356140735909,21.828854446369229,32.213883741496648,21.666666666666666,30.0,0.0,21.81602886648431,32.23815665263164,16.0,30.0,0.0,21.73383300942492,33.07247221786444,21.0,30.0,0.0,20.792099539859568,34.75335083085502,16.0,30.0,0.0,17.929943354132808,40.765158559506009,12.0,30.0,0.0,22.28435522790961,32.94958567877873,19.0,30.0,0.0,19.130774262806726,37.91736032165822,10.0,30.0,0.0,17.337795939799788,42.37702500100145,16.0,30.0,0.0,18.584460839452654,39.1863371078509,16.0,30.0,0.0,20.44539455594225,0.0,0.0,0.0,19.702637563572034,0.0,0.0,471.6781577020617,471.0518112644102,506.7343353441614,493.8622916659939,484.42293063702848,580.7960743462815,479.1216582507402,482.5832891369922,482.1962915238306,7013.489921829381,83.3671795105168,83.3671795105168,1744.0,0.0,1744.0,1744.0,16.0,16.0,19.0,16.0,16.0,12.0,21.0,10.0,1.0,0.0,879.6356140735909,0.0,0.0,0.0,0.0,0.0,0.0,0.0,0.0,0.0,0.0,83.3671795105168,83.3671795105168,0.34,0.7689556219834088,0.36028137401965956,83.3671795105168,0.3542647819438875,0.0,0.018602666666666668 
 03/13  16:20:00,12.593333333333334,60.00000000000001,1.5833333333333335,67.66666666666667,502.8333333333333,0.0,0.0,0.0,2.0,0.0,0.0,0.0,0.0,0.0,4.0,1840.0,0.0,1580.7026698178789,37.11548701252192,95.10772651644686,47.39673917346153,1261.5434662200465,0.0,37.1154870125219,50.73968464763463,0.0,0.0,20.543188389355323,103.09012846208702,22.981549366614574,-574.4381579205324,20.699023899754928,-687.4170286108902,20.156990911891197,388.4065821095737,17.767959839605525,19.593148921013446,23.11095020932669,-63.7120208721725,18.48205250763056,135.98763016190538,16.882219771096947,163.0754671332033,18.153294316738827,167.07411641520674,481.7953654461462,-70.250425523486,0.0,0.0,0.0,0.0,0.0,0.0,0.0,0.0,0.0,0.0,0.0,0.0,0.0,0.0,0.0,0.0,0.0,0.0,0.0,0.0,0.0,0.0,0.7618196626368359,0.23254568456557873,204.15658452167646,244.5239439886342,3650.624913862135,0.09431082445007209,0.014394203975896228,184.08490892538334,219.97299628641066,3495.228680597675,1.532014591723788,0.2894963325252813,275.08258676180409,329.4499517752309,5049.354181954073,0.23588230716767154,0.044573376259953039,288.15228504394369,345.98344213575447,4846.685006343479,0.0,0.0,6.898234041874227,8.36799718980917,75.7642008621994,0.0,0.0,12.370033111527434,14.74933396262958,253.5131250403253,0.0,0.0,150.47412049586073,181.83522094578036,1984.8505428619306,0.0,0.0,34.46223847121041,41.88983475819329,336.19714045465829,0.0,0.0,90.86195728217989,109.99649280589641,1102.4085598978468,20.99082192957572,14.396997208213805,433.43503878017989,520.8874119737633,7297.980588556621,0.0,0.0,114.91846728719819,138.5909600131837,1650.2189261814472,0.0,21.44671386455064,33.16257710655259,21.0,30.0,0.0,22.04676702201788,32.08974331917831,16.0,30.0,0.0,21.636249738360548,33.66185318121465,21.0,30.0,0.0,20.89715854485279,35.03081551095426,16.0,30.0,0.0,17.94695150960384,40.78119871288857,12.0,30.0,0.0,22.761107882578626,33.98036317036107,19.0,30.0,0.0,19.049894283613555,38.196732883595448,10.0,30.0,0.0,17.335835875613517,42.49852486469496,16.0,30.0,0.0,18.520681865750555,39.45454669212942,16.0,30.0,0.0,20.500196858045564,0.0,0.0,0.0,19.626393190393956,0.0,0.0,480.10512357928499,484.521742853725,525.7789901878929,517.0590702962919,483.97138582772899,687.613392536762,480.20887738281888,484.2260929228589,483.72457187997238,0.0,81.97701292864086,81.97701292864086,1744.0,0.0,1744.0,1744.0,16.0,16.0,19.0,16.0,16.0,12.0,21.0,10.0,1.0,0.0,0.0,0.0,0.0,0.0,0.0,0.0,0.0,0.0,0.0,0.0,0.0,81.97701292864086,81.97701292864086,0.0,0.0,0.0,81.97701292864086,0.0,0.0,0.01928088888888889 
 03/13  16:30:00,12.475,61.5,1.49,64.0,477.0,0.0,0.0,0.0,2.0,0.0,0.0,0.0,0.0,0.0,4.0,920.0,0.0,1473.5356018253243,34.57130492852191,88.5882503235342,44.183368707650497,1176.014374490549,0.0,34.5713049285219,47.26159485226781,0.0,0.0,20.404672205121398,262.6247302441607,22.85157804713331,-650.8538322992317,20.7939831932277,-692.1352990026726,20.18962446545921,391.2922206633266,17.800709944230087,17.897005142076254,23.33043266127198,-72.32642668247041,18.41795593310878,130.45488139789996,16.89095366160307,154.64885275270673,18.140714699434775,155.50239284044393,495.2474395135232,-59.34454565450005,0.0,0.0,0.0,0.0,0.0,0.0,0.0,0.0,0.0,0.0,0.0,0.0,0.0,0.0,0.0,0.0,0.0,0.0,0.0,0.0,0.0,0.0,0.8459202594608066,0.25821741741782869,257.40164132014999,308.3937106892355,4555.768910054502,0.09415425408014688,0.014370307399289819,247.45835135822564,295.82278884557527,4681.5601644340699,1.3047410900129344,0.24654971466608745,276.97309525123839,331.18613305598088,5192.922632020122,0.22216770600135694,0.041981803855131689,286.2348951548573,343.22236631940759,4892.769740668401,0.0,0.0,6.550147363400445,7.936211410665232,73.78541751150621,0.0,0.0,13.144720547556585,15.629257555524362,282.3973418507325,0.0,0.0,141.17450367145285,170.4980331544943,1856.8079526123373,0.0,0.0,33.16137574516361,40.26664579045124,330.7651994999334,0.0,0.0,85.26007133680148,103.12617811874958,1046.5923605753258,21.069616748171194,14.451040293670234,491.6954075881989,590.2853016184001,8417.634882969327,0.0,0.0,108.43188825937796,130.65367226113765,1571.7999923192402,0.0,21.20067084655233,33.88012915328801,21.0,30.0,0.0,21.849051531608028,32.74509016358218,16.0,30.0,0.0,21.71993379362221,33.706400795145757,21.0,30.0,0.0,20.91353952234799,35.23994345447457,16.0,30.0,0.0,17.96578277452604,40.8560713210609,12.0,30.0,0.0,23.149960522685555,34.82598858070272,19.0,30.0,0.0,18.90923781112491,38.6655771633914,10.0,30.0,0.0,17.323440280706519,42.73405425716515,16.0,30.0,0.0,18.470045980191807,39.750313025230187,16.0,30.0,0.0,20.58704800159094,0.0,0.0,0.0,19.57261541589776,0.0,0.0,488.6664409196073,495.7263809569074,534.8245228725255,527.972673784984,486.1568385675506,768.0773002211327,484.1050997525118,489.2963851011665,488.3493755031062,0.0,81.97701292864086,81.97701292864086,1744.0,0.0,1744.0,1744.0,16.0,16.0,19.0,16.0,16.0,12.0,21.0,10.0,1.0,0.0,0.0,0.0,0.0,0.0,0.0,0.0,0.0,0.0,0.0,0.0,0.0,81.97701292864086,81.97701292864086,0.0,0.0,0.0,81.97701292864086,0.0,0.0,0.019959111111111116 
 03/13  16:40:00,12.356666666666666,63.0,1.3966666666666668,57.16666666666667,443.16666666666665,0.0,0.0,0.0,2.0,0.0,0.0,0.0,0.0,0.0,4.0,460.0,0.0,1340.5694756863414,30.67394959705087,78.60131657221455,40.19642308048031,1069.895297204933,0.0,30.673949597050858,41.93361463711122,0.0,0.0,20.356780558412475,276.039708720582,22.739667576375817,-613.1589227806217,20.86664109053259,-726.4688735406289,20.246789391770876,392.4044115132874,17.83029475088381,16.155514955867035,23.463991553792213,-81.74509962526816,18.37434980308025,123.82041512492288,16.895429398300498,147.67006680501414,18.12407015312285,141.09415660451669,488.50465063333106,-47.44479406223081,0.0,0.0,0.0,0.0,0.0,0.0,0.0,0.0,0.0,0.0,0.0,0.0,0.0,0.0,0.0,0.0,0.0,0.0,0.0,0.0,0.0,0.0,0.9319345807831838,0.2844733152573821,272.19869486598835,325.5363070504421,4830.8101516502269,0.10777255155193155,0.016448802129415686,258.5132638511216,308.4952209240886,4894.682797050559,1.0013616541227442,0.18922177893475898,284.43661911088068,339.3344018098657,5419.965614947002,0.20855061270917259,0.039408656974522397,287.7972039793117,344.26993027543798,5027.782598856674,0.0,0.0,6.339962317336531,7.664505678079402,73.17002403644811,0.0,0.0,13.807806342825528,16.358835487021929,306.7017583867742,0.0,0.0,130.78721509425456,157.6576990911368,1725.0260577815726,0.0,0.0,31.796564529922397,38.52665307895811,323.77181731779356,0.0,0.0,77.67527793081823,93.75846084226613,963.9343824948312,21.267633494268936,14.586854248469783,511.65556307522976,612.9852447548551,8850.337236459856,0.0,0.0,99.82473663959205,120.03495534265328,1458.5373306958646,0.0,21.098428107222799,34.32645919541176,21.0,30.0,0.0,21.731245842252684,33.15308792105553,16.0,30.0,0.0,21.762805424646588,33.77382187400082,21.0,30.0,0.0,20.9812581052661,35.265552741428688,19.0,30.0,0.0,17.981214662174609,41.00466934332865,12.0,30.0,0.0,23.40102832913805,35.4887825909192,19.0,30.0,0.0,18.80590081398733,39.14221427111153,10.0,30.0,0.0,17.30502038868296,43.10103151924414,16.0,30.0,0.0,18.41519945469359,40.15338949913513,16.0,30.0,0.0,20.55920145143757,0.0,0.0,0.0,19.507096006515096,0.0,0.0,497.74056514323487,503.4386381949183,541.4708949273922,534.2010509959052,490.90481760895269,819.6726355035651,491.44370534854456,499.36485660562269,497.2788075072138,0.0,81.97701292864086,81.97701292864086,1744.0,0.0,1744.0,1744.0,16.0,19.0,19.0,16.0,16.0,12.0,21.0,10.0,1.0,0.0,0.0,0.0,0.0,0.0,0.0,0.0,0.0,0.0,0.0,0.0,0.0,81.97701292864086,81.97701292864086,0.0,0.0,0.0,81.97701292864086,0.0,0.0,0.02063733333333333 
 03/13  16:50:00,12.238333333333334,64.5,1.3033333333333333,50.333333333333339,409.33333333333339,0.0,0.0,0.0,2.0,0.0,0.0,0.0,0.0,0.0,4.0,460.0,0.0,1209.9924006687402,26.81445945691257,68.71142054776928,36.2811134015963,965.6829115434177,0.0,26.814459456912556,36.657399009246649,0.0,0.0,20.326978425627254,256.6701563728366,22.652055239695778,-567.1390206433698,20.928230465550464,-743.2466523499788,20.285593972308186,384.8272429249573,17.855914189973548,14.848970638319202,23.510746974402978,-88.70121907981923,18.364076084285214,121.768175287737,16.901476946669498,140.7322257890189,18.114540253375453,129.13518224477913,490.12407441499456,-32.749609229089859,0.0,0.0,0.0,0.0,0.0,0.0,0.0,0.0,0.0,0.0,0.0,0.0,0.0,0.0,0.0,0.0,0.0,0.0,0.0,0.0,0.0,0.0,0.9749611175381356,0.29760717873569467,264.77078111664027,316.72115872379319,4723.320726800299,0.12323001126866566,0.018807999277879376,249.41526227668389,297.6728247237683,4755.769880207091,0.8175689430089297,0.15449148582935186,282.9443854725184,337.49376520808326,5473.626551813132,0.20129881281833693,0.03803832441767514,283.9224666791262,339.5794517378071,5046.727315232585,0.0,0.0,6.312762244708062,7.630975103237357,74.505795925955,0.0,0.0,14.223210919973213,16.841997584195139,322.0963984107895,0.0,0.0,126.16518873010783,152.09645319509785,1685.3237733863076,0.0,0.0,31.03572227147565,37.60343691673,322.8584789181979,0.0,0.0,73.9268071205021,89.23890623803541,929.8535901865985,21.600970096009335,14.815480175589399,501.22353929482218,600.478829176176,8798.20869200132,0.0,0.0,95.54899367197425,114.91417712461825,1404.417043318172,0.0,21.020908815511967,34.61763941919318,21.0,30.0,0.0,21.676743234466949,33.46602462788168,16.0,30.0,0.0,21.7948762145127,33.9152487058684,21.0,30.0,0.0,21.01486512089356,35.32435356158724,19.0,30.0,0.0,17.990982444440694,41.15007746017155,12.0,30.0,0.0,23.50247222046682,35.881550549723247,19.0,30.0,0.0,18.76948818931227,39.41768479851924,10.0,30.0,0.0,17.294006221576397,43.422036828891197,16.0,30.0,0.0,18.37856773566038,40.49619476614568,16.0,30.0,0.0,20.549806098259773,0.0,0.0,0.0,19.429888633106985,0.0,0.0,503.385879610838,511.0745148762349,549.4047416872735,540.0128380492301,495.59760495040339,843.0356533390815,497.73972973649406,508.583259067226,505.70963091409279,0.0,81.97701292864086,81.97701292864086,1744.0,0.0,1744.0,1744.0,16.0,19.0,19.0,16.0,16.0,12.0,21.0,10.0,1.0,0.0,0.0,0.0,0.0,0.0,0.0,0.0,0.0,0.0,0.0,0.0,0.0,81.97701292864086,81.97701292864086,0.0,0.0,0.0,81.97701292864086,0.0,0.0,0.020831111111111114 
 03/13  17:00:00,12.12,66.0,1.21,43.5,375.5,0.0,0.0,0.0,2.0,0.0,0.0,0.0,0.0,0.0,4.0,460.0,0.0,1082.5695094665669,22.99644407941603,58.92781203742463,32.46038183989398,863.9878621619876,0.0,22.99644407941602,31.437882526312298,0.0,0.0,20.327489095810777,251.58146944901274,22.554910508400189,-549.1532349736208,20.982664429920086,-765.6570325224802,20.32295233798512,384.27261790680316,17.879723149738209,14.155298713493949,23.518083119415374,-91.81001338398926,18.35409031687034,113.14547934437906,16.906502561010816,133.96882578546525,18.108289336957179,123.24396020309223,493.10044130545796,-16.44583300927252,0.0,0.0,0.0,0.0,0.0,0.0,0.0,0.0,0.0,0.0,0.0,0.0,0.0,0.0,0.0,0.0,0.0,0.0,0.0,0.0,0.0,0.0,1.0366147230700787,0.31642696064410216,271.17467437762596,324.3819900493882,4892.309728614745,0.13397807797443132,0.02044842459927218,254.81712871429716,304.1748061551472,4886.44126654594,0.5730757540082438,0.10829095880730236,285.3514555477884,340.3220820428017,5596.705894512114,0.19825656449464269,0.037463447561345928,283.9630564021556,339.5629318218885,5135.187379040222,0.0,0.0,6.232985129723139,7.533913615319068,75.1658214683531,0.0,0.0,14.497812125200081,17.162080903183168,333.0352989177649,0.0,0.0,124.57690272429739,150.191766708173,1684.8468603997054,0.0,0.0,30.443856932777558,36.88480412466386,323.3617954685639,0.0,0.0,73.54430284002426,88.77856062796143,938.7981163278566,21.93024263478576,15.04131867955128,509.0395669904802,609.8326259630172,9051.728381135134,0.0,0.0,94.86836605793617,114.12249878242281,1400.0402524931236,6.900162614876935,21.00021523752472,34.87480750140605,21.0,30.0,0.0,21.60983670814126,33.719780829479429,16.0,30.0,0.0,21.81846433006904,33.979616846089928,21.0,30.0,0.0,21.050397737639366,35.46705865688738,19.0,30.0,0.0,17.998573277167734,41.32838274317467,12.0,30.0,0.0,23.548132110546989,36.21799763916098,19.0,30.0,0.0,18.73203171095432,39.72006344112644,10.0,30.0,0.0,17.28227205197477,43.78730965463874,16.0,30.0,0.0,18.351321113516414,40.85913893790858,16.0,30.0,0.0,20.53950557594295,0.0,0.0,0.0,19.338505148099796,0.0,0.0,511.0512636146752,514.149280399065,552.3610885496986,548.0563363481251,501.41728080831117,858.3436240987455,505.2739645167659,519.0900251766725,515.5998555154903,8799.635329603307,82.18649645048946,82.18649645048946,1744.0,0.0,1744.0,1744.0,16.0,19.0,19.0,16.0,16.0,12.0,21.0,10.0,1.0,0.0,6.900162614876935,0.0,0.0,0.0,0.0,0.0,0.0,0.0,0.0,0.0,0.0,82.18649645048946,82.18649645048946,0.34,0.6180009014470883,0.36028137401965956,82.18649645048946,0.3542647819438875,0.0,0.021024888888888889 
 03/13  17:10:00,11.803333333333333,67.16666666666667,1.4183333333333333,36.666666666666667,341.66666666666665,0.0,4.0,0.0,0.0,0.0,0.0,0.0,0.0,0.0,0.0,2766.0,0.0,959.2192530338413,19.22350890987163,49.259730212438039,28.761767725234856,765.5431552503665,0.0,19.223508909871624,26.279994105393393,0.0,0.0,20.878835246579578,-416.71741099922368,22.561291939530933,-282.4323061801858,20.671360173688755,-34.948315435363848,20.351348538325195,-32.288122478227837,17.91056668699823,29.541393300275887,23.10735181808733,-799.3836385120134,18.807002081418685,536.4967688293309,16.926219273637544,157.00147612300226,18.14575337876284,244.76679954965239,461.7259844045762,92.19159944845421,0.0,0.0,0.0,0.0,0.0,0.0,0.0,0.0,0.0,0.0,0.0,0.0,0.0,0.0,0.0,0.0,0.0,0.0,0.0,0.0,0.0,0.0,0.8797191486833198,0.268534538670122,286.33629752220579,343.0814823652039,5732.734740946442,0.14440914851191956,0.022040468332100054,142.94445281161473,171.09541188531768,2876.8922049927457,1.6625392648809876,0.31416085882104835,166.6986840848284,199.910499653839,3255.1241258059906,0.22589693683704049,0.04268649600095245,20.12718892805312,24.165058490373327,377.73886544867596,0.0,0.0,10.415989682202366,12.635028288400921,132.7341533356939,0.0,0.0,116.48125842125697,138.95325341755254,2591.3227676148915,0.0,0.0,299.40494217603028,360.9982803040444,4777.039558284245,0.0,0.0,37.36851951377047,45.42496893525549,422.6545596032498,0.0,0.0,138.8496405256283,168.09660926183137,1881.5415011130706,22.33314501086662,15.317657757796038,248.62646550450064,299.24690638262606,4704.5776443306099,0.0,0.0,167.2514908406184,201.79793751161479,2591.7417699882028,854.7709326780912,21.681963633883,34.03146019357644,21.499999999999998,30.0,0.0,21.777671615139547,33.70802677587536,15.999999999999999,30.0,0.0,21.358680581346556,34.67415963038975,20.999999999999998,30.0,0.0,20.971995336615188,38.40500694089459,18.999999999999998,30.0,0.0,18.020445086764057,41.85407089800048,11.999999999999997,30.0,0.0,22.826952497605786,33.197460736834589,15.999999999999999,30.0,0.0,19.622595443023184,39.74206647813355,9.999999999999999,30.0,0.0,17.3034322061239,44.56637454745405,15.999999999999999,30.0,0.0,18.41651198428603,41.85684080258642,15.999999999999999,30.0,0.0,20.329365766549324,0.0,0.0,0.0,19.37579976536187,0.0,0.0,527.1944143504901,522.7836890154578,527.1167042540885,705.8417961911533,521.348807383637,621.6760634622558,591.6468031205419,546.9218642674139,557.7390051205922,4504.968381515907,81.81379671809185,81.81379671809185,161.99999999999998,0.0,161.99999999999998,161.99999999999998,16.0,19.0,16.0,16.0,16.0,12.0,21.0,10.0,1.0,0.0,854.7709326780912,0.0,0.0,0.0,0.0,0.0,0.0,0.0,0.0,0.0,0.0,81.81379671809185,81.81379671809185,0.17,0.3849657244459377,0.18014068700982978,81.81379671809185,0.17713239097194376,0.0,0.001971 
 03/13  17:20:00,11.486666666666667,68.33333333333334,1.6266666666666668,29.833333333333333,307.8333333333333,0.0,4.0,0.0,0.0,0.0,0.0,0.0,0.0,0.0,0.0,924.0,0.0,841.2453178405481,15.499427526634282,39.716845031042179,25.22436146509959,671.3892491199167,0.0,15.499427526634275,21.18889251419402,0.0,0.0,20.457529526723737,162.04170408476976,22.443996111613076,-583.1663044745885,20.78290643510806,-8.43135261565331,20.311966557024719,-28.63117120126507,17.953560817765035,30.03354093345451,22.61302852802732,-502.02810211602619,18.954554003952177,226.1622427090588,16.97015644915445,159.1593324478471,18.240558708856285,234.85577886346443,441.75161639300509,156.62446272210225,0.0,0.0,0.0,0.0,0.0,0.0,0.0,0.0,0.0,0.0,0.0,0.0,0.0,0.0,0.0,0.0,0.0,0.0,0.0,0.0,0.0,0.0,0.934447035362084,0.285240242784519,260.2492545365516,311.79043747328628,5063.539401385944,0.12420172818889154,0.018956307721137296,203.54236582315719,243.28322688202668,4157.924597431634,1.987263474951567,0.375522198592511,104.97986194811458,125.89486629907366,2119.9123664680857,0.19889424403801543,0.03758394634127275,13.475589408350306,16.15897639624187,259.71586860695978,0.0,0.0,9.403841237809703,11.38950392607251,126.75399313704192,0.0,0.0,102.61870121857848,122.54207643822949,2210.3258048317927,0.0,0.0,297.2685991102689,357.8873804975767,5000.707825750602,0.0,0.0,38.76810871106436,47.0523027384422,468.4733597894643,0.0,0.0,151.2239735191698,182.77930058344749,2190.2004254347905,22.341663409982926,15.323500281195429,222.99698588173244,267.9863232086725,4306.832154071643,0.0,0.0,181.6086930009428,218.8731925539294,2935.2981768117708,0.0,21.054618367366904,35.5086195934294,21.000000000000008,30.000000000000008,0.0,21.655514176599949,34.38301687536243,16.000000000000005,30.000000000000008,914.7370476018517,21.567611848203656,34.558297086018537,21.500000000000008,30.000000000000008,0.0,20.862720081729927,42.92055717639661,19.000000000000005,30.000000000000008,0.0,18.062758503514265,42.57625289984465,12.000000000000004,30.000000000000008,0.0,22.150143790609734,33.743601205621818,16.000000000000005,30.000000000000008,0.0,19.74193809771824,38.99871598714313,10.000000000000002,30.000000000000008,0.0,17.365103561066915,45.36596125921649,16.000000000000005,30.000000000000008,0.0,18.565659944538014,42.160228482140357,16.000000000000005,30.000000000000008,0.0,20.14279979628158,0.0,0.0,0.0,19.398407558080185,0.0,0.0,527.2555636282064,527.8677733425036,541.029719442547,947.7405452970829,549.4278537386535,577.218562401317,571.5146293463336,578.58633568595,581.7360465518857,9570.780041563885,81.67657703483161,81.67657703483161,162.00000000000007,0.0,162.00000000000007,162.00000000000007,16.0,19.0,16.0,16.0,16.0,12.0,21.0,10.0,1.0,0.0,0.0,0.0,914.7370476018517,0.0,0.0,0.0,0.0,0.0,0.0,0.0,0.0,81.67657703483161,81.67657703483161,0.3400000000000001,0.7718876996077413,0.36028137401965967,81.67657703483161,0.35426478194388757,0.0,0.002016 
 03/13  17:30:00,11.17,69.5,1.835,23.0,274.0,0.0,4.0,0.0,0.0,0.0,0.0,0.0,0.0,0.0,0.0,1386.0,0.0,705.6072156710084,11.828482671255287,30.310131107990587,21.157306198819044,563.1377862000956,0.0,11.82848267125528,16.170432585109805,0.0,0.0,20.96718175377888,-680.1458757889599,22.308510669561984,-175.75367484332919,20.70970948659982,-135.17069661528508,20.30427582930568,-27.974053219777877,17.982941429027574,28.032793247829198,22.351637844144233,-419.4308001305981,18.928250578945197,242.05088874925293,16.99338991612312,149.6241302034592,18.27412698706074,183.85159273847263,432.4805022386005,156.9810102991947,0.0,0.0,0.0,0.0,0.0,0.0,0.0,0.0,0.0,0.0,0.0,0.0,0.0,0.0,0.0,0.0,0.0,0.0,0.0,0.0,0.0,0.0,1.019892477054599,0.3113224899434062,293.5978569775301,351.51958173865509,6184.314612514461,0.1825981716462226,0.02786907381657853,117.47472892913453,140.7648843820529,2469.155109348045,1.9667689074469133,0.3716494534102255,157.0162422007051,188.09266131177783,3260.8183356803958,0.1965229113409065,0.03713584870387497,10.27582783405896,12.321799560374683,204.77494224606154,0.0,0.0,9.241135482140703,11.197116849940466,130.8880274973317,0.0,0.0,92.34375518833679,110.45851209239538,1998.4752732712155,0.0,0.0,275.629965937572,332.1866628252254,4761.144812856287,0.0,0.0,37.97235083259071,46.117845554442947,485.0834335783084,0.0,0.0,134.28059421941988,162.42535686149842,2039.8334541570003,22.712786355394909,15.578042767760567,252.27545328244015,303.2760098561938,5109.452254117076,0.0,0.0,163.20704293441777,196.96797296606406,2698.3075727016355,1156.818230040552,21.67500234024691,34.7300610320482,21.666666666666658,29.99999999999999,0.0,21.598572937775779,34.55536376376604,15.999999999999993,29.99999999999999,0.0,21.316666561877807,35.301248524348149,20.999999999999994,29.99999999999999,0.0,20.824544183672424,46.063181427472688,18.999999999999994,29.99999999999999,0.0,18.080852703819788,42.81196973407216,11.999999999999995,29.99999999999999,0.0,21.877593689398468,34.20763349586548,15.999999999999993,29.99999999999999,0.0,19.648607397019945,39.26538585070576,9.999999999999997,29.99999999999999,0.0,17.386193586362457,45.380165673839218,15.999999999999993,29.99999999999999,0.0,18.596912051102217,42.02633663797404,15.999999999999993,29.99999999999999,0.0,20.031386480504808,0.0,0.0,0.0,19.259312791955627,0.0,0.0,539.9600721608554,529.631284455947,539.2454482788484,1122.1221097776257,557.8721744975317,569.654081271677,568.7758765471582,578.9273626294266,577.2106763794562,10145.728903182142,81.29634278110152,81.29634278110152,161.99999999999995,0.0,161.99999999999995,161.99999999999995,16.0,19.0,16.0,16.0,16.0,12.0,21.0,10.0,1.0,0.0,1156.818230040552,0.0,0.0,0.0,0.0,0.0,0.0,0.0,0.0,0.0,0.0,81.29634278110152,81.29634278110152,0.3399999999999999,0.7720618051959388,0.36028137401965945,81.29634278110152,0.35426478194388735,0.0,0.002061 
 03/13  17:40:00,10.853333333333334,70.66666666666667,2.0433333333333336,19.166666666666669,228.33333333333335,0.0,4.0,0.0,0.0,0.0,0.0,0.0,0.0,0.0,0.0,924.0,0.0,543.9218764572413,9.466241229499266,24.256925921151706,16.309242612401474,434.0983598693594,0.0,9.466241229499263,12.941069441475547,0.0,0.0,20.943234864394126,-379.9165216213662,22.3133666972081,-371.14805708709278,20.78629249097328,-96.61058441210432,20.29890854063052,-33.03002142086267,18.007057920001594,26.828965374315297,22.103614564659517,-351.1101074309885,18.959603627685536,194.6609574651439,17.007604462693583,141.49498032584558,18.277112947165283,160.82921256378865,454.42463055506019,201.28202452276407,0.0,0.0,0.0,0.0,0.0,0.0,0.0,0.0,0.0,0.0,0.0,0.0,0.0,0.0,0.0,0.0,0.0,0.0,0.0,0.0,0.0,0.0,1.0658024332228389,0.32533651807778976,235.37229799298658,281.48961382640456,5185.619845346599,0.16965216007894763,0.025893186825236219,128.4987098919709,153.4635696526352,2801.1738760820396,2.37980416016371,0.44969844296366426,174.5220077628265,208.7599886201944,3837.8200213061356,0.18746093073065168,0.035423456298309088,10.099499119593063,12.08279621333702,207.08411556861535,0.0,0.0,9.059123338621847,10.970406053702714,134.4149590178678,0.0,0.0,87.61280649563074,104.8146513452466,1911.154950074338,0.0,0.0,273.8144257651311,329.7880408913377,4904.599860779461,0.0,0.0,38.41358081331885,46.624322265328249,516.2187130590605,0.0,0.0,135.1081775292933,163.31372744755636,2135.8004604788459,22.939569550812114,15.733586797539182,190.0694347096575,228.55699118356825,3972.187014198673,0.0,0.0,164.5428273483688,198.51891478474946,2785.1057714101655,787.2421631349434,21.716117970164779,34.57773636321003,22.000000000000008,30.00000000000001,0.0,21.75318857462675,34.454620542225928,21.000000000000008,30.00000000000001,934.052012219392,21.56785790270297,35.436554657041487,21.500000000000008,30.00000000000001,0.0,20.789811160265776,48.98366062045215,19.000000000000008,30.00000000000001,0.0,18.09333412046065,42.9898714350839,12.000000000000004,30.00000000000001,0.0,21.63632795647611,34.744732010716479,16.000000000000008,30.00000000000001,0.0,19.64420274916425,39.322424831722887,10.000000000000004,30.00000000000001,0.0,17.392645688061039,45.24722874316795,16.000000000000008,30.00000000000001,0.0,18.58117481592562,41.979686420875,16.000000000000008,30.00000000000001,0.0,20.04602282421871,0.0,0.0,0.0,19.131494647005569,0.0,0.0,537.9119658493316,533.6473170620618,567.9711708469968,1284.6307967087653,562.5818349938254,567.3640059201582,565.9039454147296,571.7999085518254,570.6558379132849,10613.54207268753,80.98692448872483,84.5512516273273,162.00000000000007,0.0,162.00000000000007,162.00000000000007,21.0,19.0,16.0,16.0,16.0,12.0,21.0,10.0,1.0,0.0,787.2421631349434,0.0,934.052012219392,0.0,0.0,0.0,0.0,0.0,5394.052922475901,3236431.7534855387,4219973.901087537,80.98692448872483,84.61178573489481,0.34980176408253008,0.7649715239035112,0.36028137401965967,84.61178573489481,0.3542647819438876,4219973.901087537,0.22154464285655196 
 03/13  17:50:00,10.536666666666667,71.83333333333333,2.251666666666667,15.333333333333336,182.66666666666669,0.0,4.0,0.0,0.0,0.0,0.0,0.0,0.0,0.0,0.0,924.0,0.0,392.75361285063999,7.216281053750601,18.491452040360483,11.776530471503657,313.45252183155267,0.0,7.216281053750597,9.865203301049903,0.0,0.0,20.779691997123025,-33.947906793540827,22.12614502955416,-329.01345860004769,20.688389603569236,-221.76216619499955,20.307219062225586,-19.26737699202326,18.026126972765856,24.86940667340579,21.89995089169897,-307.6679790168157,18.92921270513535,176.68175327405243,17.006291386018338,125.15246926190969,18.261865588341978,128.21283381039758,489.2998045037989,235.39616063684617,0.0,0.0,0.0,0.0,0.0,0.0,0.0,0.0,0.0,0.0,0.0,0.0,0.0,0.0,0.0,0.0,0.0,0.0,0.0,0.0,0.0,0.0,1.1298890401265367,0.3448989743975997,262.02053657495358,313.5894566295748,5691.203954908653,0.20044099178201309,0.030592336963066716,154.719639774227,184.9719171300139,3446.974019751609,2.011999552647252,0.38019643851988907,76.65934879573647,91.69529842680872,1675.8274273129937,0.22563278791262285,0.042636581238212917,13.56459774023408,16.263025105816067,286.4537974825521,0.0,0.0,8.839353053644239,10.704873729064048,136.9646406207208,0.0,0.0,81.18446685059996,97.17175651514455,1797.459079603634,0.0,0.0,270.81659181132695,326.31396352584098,4975.119052146152,0.0,0.0,37.64188988672893,45.69665268789069,528.6852286932167,0.0,0.0,136.97774949759885,165.6254044339069,2241.7715738322215,23.456454151134954,16.08810298431753,216.4804089624184,259.9237939615375,4687.167747085792,0.0,0.0,165.84828311747027,200.21577362695258,2870.6667835530358,0.0,21.205187661940657,36.320253681571788,21.0,30.0,0.0,21.60821634761298,35.773198753852458,21.0,30.0,0.0,21.311130642810036,36.57767457247128,21.0,30.0,0.0,20.79075178745042,49.14575548230031,19.0,30.0,0.0,18.09784685535724,43.1012072008311,12.0,30.0,0.0,21.476567419326899,35.130466931169717,16.0,30.0,0.0,19.548643563923834,39.68471568096523,10.0,30.0,0.0,17.371071417040377,45.30947123027394,16.0,30.0,0.0,18.535902214135399,42.111198276716638,16.0,30.0,0.0,20.06566105451109,0.0,0.0,0.0,18.99802221875921,0.0,0.0,564.5690120649381,583.0589970649678,593.7475711613089,1287.2121952038388,563.0943090826202,563.5491391056316,565.2619504580823,565.5798459631877,564.1824748612655,0.0,81.35694370310452,81.35694370310452,162.0,0.0,162.0,162.0,21.0,19.0,16.0,16.0,16.0,12.0,21.0,10.0,1.0,0.0,0.0,0.0,0.0,0.0,0.0,0.0,0.0,0.0,0.0,0.0,0.0,81.35694370310452,81.35694370310452,0.0,0.0,0.0,81.35694370310452,0.0,0.0,0.0021420000000000004 
 03/13  18:00:00,10.22,73.0,2.46,0.0,0.0,0.0,4.0,0.0,0.0,0.0,0.0,0.0,0.0,0.0,0.0,926.0,0.0,0.0,0.0,0.0,0.0,0.0,0.0,0.0,0.0,0.0,0.0,20.972635021387434,-239.36725994572908,21.713531183598897,-470.3376923768951,20.82547996425952,-213.93227183594497,20.29923391049681,-47.137296520531098,18.01849129058337,20.38002378157961,21.586001457783355,-300.79422121713699,18.8564219601437,145.26834068452536,16.991415841225569,107.88885558699769,18.225150204610764,84.38158628265819,412.55151155217529,223.53229348277319,0.0,0.0,0.0,0.0,0.0,0.0,0.0,0.0,0.0,0.0,0.0,0.0,0.0,0.0,0.0,0.0,0.0,0.0,0.0,0.0,0.0,0.0,1.1789964357592316,0.35988902190452745,198.20156085224384,236.94935989921692,4597.968002819827,0.20512002501360539,0.03130647512417665,149.286694733733,178.8141139546002,3313.863424145924,2.337779624806113,0.4417572987161969,48.08192475091971,57.39364296242138,1176.006350799808,0.14507015893548293,0.027413106374807804,15.58271275870704,18.657679892818316,336.1933234156119,0.0,0.0,8.387836161071638,10.158407909315134,135.01631094385176,0.0,0.0,81.36928546343111,97.47507446226158,1817.3642792650413,0.0,0.0,254.2714506511483,306.5521422072828,4751.579925280263,0.0,0.0,36.1927873653038,43.94511494273291,528.8938074748544,0.0,0.0,124.70420960918567,150.83145336278717,2102.9446224337586,23.04177711501257,15.80368800755321,159.8421962070984,192.34971450809855,3530.063638341412,0.0,0.0,152.2985504129798,184.0140726017575,2663.533275185246,666.3085526017999,21.512245705768629,36.43307689786908,21.5,30.0,0.0,21.184221186948809,37.22829517268946,21.0,30.0,1161.6739752746794,21.514982432647835,38.07837605644353,21.5,30.0,0.0,20.768354864974677,49.83258221790994,19.0,30.0,0.0,18.074348751604427,43.30554172527508,12.0,30.0,0.0,21.24679800924431,35.828645394319028,16.0,30.0,0.0,19.38270866479681,40.309076257306639,10.0,30.0,0.0,17.33015045267621,45.54880320206466,16.0,30.0,0.0,18.460081729194284,42.46232933467816,16.0,30.0,0.0,19.68947486739775,0.0,0.0,0.0,18.762100502689586,0.0,0.0,602.5372368795825,596.4013676240573,705.8869436648151,1311.8655931971949,564.0723009971835,567.4916169873602,569.8800812016549,564.4540126432588,564.6852129512761,10785.116908137179,80.87338711723302,84.6931393239905,162.0,0.0,162.0,162.0,21.0,19.0,16.0,16.0,16.0,12.0,21.0,10.0,1.0,0.0,666.3085526017999,0.0,1161.6739752746794,0.0,0.0,0.0,0.0,0.0,5780.169918514762,3468101.951108857,4491256.0854186839,80.87338711723302,84.7580113971683,0.36267233061715878,0.7697056791330343,0.36028137401965956,84.7580113971683,0.3542647819438875,4491256.0854186839,0.23572331644177159 
 03/13  18:10:00,9.861666666666669,74.33333333333334,2.5116666666666669,0.0,0.0,0.0,0.0,0.0,0.0,0.0,0.0,4.0,0.0,0.0,0.0,926.0,0.0,0.0,0.0,0.0,0.0,0.0,0.0,0.0,0.0,0.0,0.0,20.711611593067894,-328.95172073975257,21.801809866690414,-17.87102783370905,20.545704444877708,-447.4656287609132,20.33368952443503,339.9797013135876,18.030831197123729,22.406066336841265,21.378109701131444,-246.02731288337237,18.87679353157819,166.77903813321519,16.977358307556963,104.05853202557558,18.186572431727677,80.63741239790306,539.2295447335446,314.45141278170515,0.0,0.0,0.0,0.0,0.0,0.0,0.0,0.0,0.0,0.0,0.0,0.0,0.0,0.0,0.0,0.0,0.0,0.0,0.0,0.0,0.0,0.0,1.1433345545545666,0.3490032217810033,130.44925661473355,156.18278977948814,2996.419490496306,0.21751576628502548,0.03319837702762904,5.686969885699317,6.80522180584215,138.89525946749104,2.244915852482989,0.42420934476246976,273.82891708108977,327.92373107280477,6262.612931022339,0.2942483818360806,0.05560249089873026,288.70406606951095,346.13010438097475,6480.117078990659,0.0,0.0,8.941601723078567,10.829675854155373,150.32544249403805,0.0,0.0,73.63852472768719,88.26504681570467,1671.4293523781074,0.0,0.0,274.4736320733348,330.868364684414,5339.709907203849,0.0,0.0,37.89878755795499,46.024740658390488,578.8978375941374,0.0,0.0,141.29324869720615,170.95340862563129,2466.445340814649,24.341118591561349,16.694868718492015,286.8886376213412,345.0153197057082,6454.553126764743,0.0,0.0,170.32417801267116,205.88352516595226,3066.046766516286,215.57773305730047,21.112102309899038,41.57139931028659,21.0,30.0,0.0,21.52713988073997,40.08270359107297,21.0,30.0,216.65020553208545,21.062030792691787,42.138387253230607,21.0,30.0,0.0,20.92902169195682,40.72770750919051,16.0,30.0,0.0,18.065098895332718,43.58134000960442,12.0,30.0,0.0,21.060876030046737,36.55073705664927,16.0,30.0,0.0,19.40093803222129,41.558426683626368,10.0,30.0,0.0,17.293248834903939,45.96354223760018,16.0,30.0,0.0,18.38948307131055,43.002688157272249,16.0,30.0,0.0,20.081044170497856,0.0,0.0,0.0,18.649001568924473,0.0,0.0,859.3558993500443,812.9150558648181,883.6076066330838,775.1770328567689,569.0984535887636,578.4530313521103,632.4554163961261,570.4909132056582,573.4290745744677,3279.9475292752674,81.79046074480402,81.79046074480402,240.0,0.0,240.0,240.0,21.0,16.0,16.0,16.0,16.0,12.0,21.0,10.0,1.0,0.0,215.57773305730047,0.0,216.65020553208545,0.0,0.0,0.0,0.0,0.0,0.0,0.0,0.0,81.79046074480402,81.79046074480402,0.17,0.31072517642224847,0.18014068700982978,81.79046074480402,0.17713239097194376,0.0,0.00328 
 03/13  18:20:00,9.503333333333334,75.66666666666667,2.5633333333333336,0.0,0.0,0.0,0.0,0.0,0.0,0.0,0.0,4.0,0.0,0.0,0.0,1856.0,0.0,0.0,0.0,0.0,0.0,0.0,0.0,0.0,0.0,0.0,0.0,21.134030140575093,-300.854694179058,21.976215061899436,-63.77553340127932,21.013851362229123,-912.5279601467801,20.341450693646509,393.7555081956825,18.050495477841964,20.05614803244862,21.208899873485384,-237.01226503134979,18.88702132132029,178.70915459283379,16.967816545457287,92.68957522226413,18.1554878098953,51.951494233858287,557.4502896238503,345.15323468707586,0.0,0.0,0.0,0.0,0.0,0.0,0.0,0.0,0.0,0.0,0.0,0.0,0.0,0.0,0.0,0.0,0.0,0.0,0.0,0.0,0.0,0.0,1.2056547458148544,0.3680264791864635,134.1205465657073,160.38824652367755,3329.90072365297,0.18202409035213847,0.027781454571449705,16.031263603072384,19.16070676206393,405.1881050939328,2.400810980039334,0.45366798564613278,288.8552024984723,345.68365859650518,7197.730989994021,0.30340430339929327,0.05733263480712268,272.36190584336318,326.69772908786447,6334.351113697396,0.0,0.0,8.916871100176128,10.811660549521252,156.47052276924476,0.0,0.0,74.15153205602099,89.03950687320425,1714.5985266355893,0.0,0.0,270.3998467198467,326.3086498406831,5460.38314756556,0.0,0.0,37.57779684096785,45.68713877641764,599.3911383679404,0.0,0.0,136.96505709628185,165.90642953576919,2475.917086952993,25.074340968044255,17.197764724310195,288.0467642832267,346.68824044228958,6682.122281394279,0.0,0.0,165.59206724410729,200.51809715954892,3023.731816605892,699.0586707197701,21.817895245595524,37.01379096751432,21.75,30.0,0.0,21.88103422415741,42.25207814767071,21.0,30.0,1574.8123975654995,21.75887121455454,38.0484660917969,21.5,30.0,0.0,20.95058889875679,40.62447008639299,16.0,30.0,0.0,18.06757652114846,43.96183200890806,12.0,30.0,0.0,20.904687771380187,37.536256811260937,16.0,30.0,0.0,19.40713658741157,41.51900763743302,10.0,30.0,0.0,17.264782121556359,46.662993539163917,16.0,30.0,0.0,18.334856424887819,43.825380185689727,16.0,30.0,0.0,19.943487745205397,0.0,0.0,0.0,18.41318144330407,0.0,0.0,675.7245741305718,986.6555562146672,727.8690931718704,769.1763244211818,582.477032058508,611.2494385830459,625.2912450586134,593.7542471102156,602.3460693285823,6797.202583801876,82.69834538882489,86.0863382007196,240.0,0.0,240.0,240.0,21.0,16.0,16.0,16.0,16.0,12.0,21.0,10.0,1.0,0.0,699.0586707197701,0.0,1574.8123975654995,0.0,0.0,0.0,0.0,0.0,5127.461003417736,3076476.6020506417,4038067.9966369217,82.69834538882489,86.14387756602983,0.2559153667805912,0.5713712144018461,0.27021103051474468,86.14387756602983,0.2656985864579156,4038067.9966369217,0.2132462024917866 
 03/13  18:30:00,9.145,77.0,2.615,0.0,0.0,0.0,0.0,0.0,0.0,0.0,0.0,4.0,0.0,0.0,0.0,930.0,0.0,0.0,0.0,0.0,0.0,0.0,0.0,0.0,0.0,0.0,0.0,21.09413000871229,-467.60695216285105,22.094152648185344,-139.06307750108994,20.805864445351696,-540.0371462568801,20.288286183119405,80.365616652256,18.07526628441978,17.759139575141718,21.059460056369674,-193.0689159825465,18.871244769680638,112.29927968350967,16.94971335741483,85.5352382609858,18.107624914333607,41.5846397882633,573.9096642319528,411.43275341858137,0.0,0.0,0.0,0.0,0.0,0.0,0.0,0.0,0.0,0.0,0.0,0.0,0.0,0.0,0.0,0.0,0.0,0.0,0.0,0.0,0.0,0.0,1.3177872939181339,0.4022549737234842,134.86208450052687,160.98428685404734,3480.9667856308544,0.08466521606462724,0.012922041523905257,30.808715543933688,36.70159071285517,809.6764809511067,2.6936550117674518,0.5090051042644468,282.25967620647085,337.7561409723237,7072.5617916858759,0.2902609213078605,0.05484900251471286,211.02484838068887,253.20648867789226,5027.251394118108,0.0,0.0,8.23437486950734,9.974463245923286,150.75485540640296,0.0,0.0,73.17194339650379,87.79631605050226,1725.7413421067334,0.0,0.0,267.23576784948019,322.2253558669303,5556.885131024786,0.0,0.0,37.562016689977017,45.623312682678349,623.6483121306379,0.0,0.0,139.9470414400239,169.37189484465999,2610.471979694569,25.466910316921739,17.467016678272804,290.32947576037199,349.25312010364066,6882.521184981892,0.0,0.0,169.01814914639375,204.54931593351675,3158.004923011071,867.8348196402036,21.59181339935464,38.6889667431064,21.5,30.0,0.0,22.129043522044545,43.25607133439762,21.0,30.0,1181.1829206300459,21.38779179158163,38.81615743316836,21.5,30.0,0.0,20.822738694727865,40.4547688354219,16.0,30.0,0.0,18.079840686158137,44.364719085074387,12.0,30.0,0.0,20.766971746251298,38.44061715609197,16.0,30.0,0.0,19.33838617661243,41.85066889870541,10.0,30.0,0.0,17.221478255619709,47.35561493667433,16.0,30.0,0.0,18.25394092021712,44.454492297197109,16.0,30.0,0.0,19.878837222051325,0.0,0.0,0.0,18.255677854498506,0.0,0.0,741.7617575677577,1072.0064423819536,718.8040180065088,736.8352098900053,597.7450596413621,638.5251548839791,630.2514064694371,615.4597349005557,618.5546592583505,7955.846752580934,82.74417653189544,82.74417653189544,240.0,0.0,240.0,240.0,21.0,16.0,16.0,16.0,16.0,12.0,21.0,10.0,1.0,0.0,867.8348196402036,0.0,1181.1829206300459,0.0,0.0,0.0,0.0,0.0,0.0,0.0,0.0,82.74417653189544,82.74417653189544,0.34,0.7685743661802944,0.36028137401965956,82.74417653189544,0.3542647819438875,0.0,0.003253333333333333 
 03/13  18:40:00,8.786666666666667,78.33333333333334,2.666666666666667,0.0,0.0,0.0,0.0,0.0,0.0,0.0,0.0,4.0,0.0,0.0,0.0,4185.0,0.0,0.0,0.0,0.0,0.0,0.0,0.0,0.0,0.0,0.0,0.0,21.101982542247855,-384.14377763515099,22.105611860793809,-192.155237398012,20.993958215615863,-635.7411078628554,20.193759206527383,317.41603589727517,18.09942665101456,14.971017957358903,20.94793794761642,-193.86023556535495,18.83812270833672,132.03778687263753,17.914398110724649,-7.010748480165597,18.060039446903269,-4.271716750431171,556.0991624885359,417.1518671541029,0.0,0.0,0.0,0.0,0.0,0.0,0.0,0.0,0.0,0.0,0.0,0.0,0.0,0.0,0.0,0.0,0.0,0.0,0.0,0.0,0.0,0.0,1.3371950933280359,0.4081792104175942,131.25869357292334,157.4386515546698,3384.302963543399,0.04715546389719284,0.007197109874418942,36.70918171266396,43.85521815416681,993.5864485632294,2.6262909726128216,0.49627569399335377,239.44370639934327,287.15644183396628,6202.159080362361,0.31616365295391715,0.05974369859295497,257.3019459859911,309.3526121686771,6224.5897680755119,0.0,0.0,8.13121292573295,9.86589182617016,154.96944034819385,0.0,0.0,73.84406311382955,88.78589427948875,1782.5110103778246,0.0,0.0,257.3517673361868,310.9464179371184,5501.157076671417,0.0,0.0,20.758537577854093,25.186616969499914,407.73832657274058,0.0,0.0,146.69422593014947,177.89096090572964,2820.0964792235956,26.030815578730583,17.853782975809769,255.50346400196725,308.3241180217884,6209.317786987047,0.0,0.0,160.8960462992743,195.22929307430955,3055.9592888343229,511.3006274046894,21.40826580907311,39.29268448240104,21.222222222222265,30.000000000000065,0.0,22.192277500544955,42.650311558287707,21.000000000000044,30.000000000000065,938.011509944499,21.424015353265934,38.685759159912709,21.222222222222265,30.000000000000065,0.0,20.708314919179104,40.55656020190099,16.000000000000033,30.000000000000065,0.0,18.090744045911369,44.68701432888965,12.000000000000029,30.000000000000065,0.0,20.681096276171738,39.32070722965726,19.000000000000044,30.000000000000065,0.0,19.2660563868495,42.870593474880127,10.000000000000022,30.000000000000065,1294.2300428079923,18.6890374427519,43.5036955244134,20.700000000000047,30.000000000000065,0.0,18.175351951871457,45.20824372805636,16.000000000000033,30.000000000000065,0.0,19.609505448803945,0.0,0.0,0.0,18.042971583320985,0.0,0.0,743.7780474880453,1037.6821604311716,711.5591723114094,721.6957936724409,610.5820451579127,669.9014558120117,665.4052516838656,626.0434577865104,638.4237535068184,9944.372431920663,81.42947312787675,83.05071721659277,240.0000000000005,0.0,240.0000000000005,240.0000000000005,21.0,16.0,19.0,16.0,19.7,12.0,21.0,10.0,1.0,0.0,511.3006274046894,0.0,938.011509944499,0.0,0.0,0.0,1294.2300428079923,0.0,2453.440196148734,1472064.1176892359,1918021.385908025,81.42947312787675,83.07825132338017,0.34622578431606945,0.7702535587379737,0.36028137401966039,83.07825132338017,0.3542647819438883,1918021.385908025,0.1029771120672173 
 03/13  18:50:00,8.428333333333335,79.66666666666666,2.7183333333333339,0.0,0.0,0.0,0.0,0.0,0.0,0.0,0.0,4.0,0.0,0.0,0.0,1860.0,0.0,0.0,0.0,0.0,0.0,0.0,0.0,0.0,0.0,0.0,0.0,21.219774269045375,-653.9098703420702,22.11048877250832,-174.16390218209194,20.72464537842655,-297.49856052085627,20.21887573834644,304.1018530902411,18.128081829155478,14.533216944006796,20.827202149801303,-177.31226501730942,18.849615500004079,126.77559595701814,18.95929725361492,-88.32465731840347,17.991616276252075,-16.682308846571688,607.0523687973523,524.739107772222,0.0,0.0,0.0,0.0,0.0,0.0,0.0,0.0,0.0,0.0,0.0,0.0,0.0,0.0,0.0,0.0,0.0,0.0,0.0,0.0,0.0,0.0,1.3084970911563943,0.3994191364946259,187.21227486959766,224.2297311518718,5032.643146287868,0.07119044865911964,0.010865453092051229,33.018406391467689,39.416805451168197,921.7485175463393,2.7428491971400659,0.5183010576606324,260.69089973897169,312.5530330641242,6860.126473054288,0.3325079761146862,0.06283219503300947,272.68611647775296,327.57136754085107,6819.985712361156,0.0,0.0,8.380865068208323,10.161441174880965,166.22840302488499,0.0,0.0,70.72349965583484,85.01511969355704,1743.3117211503719,0.0,0.0,261.6850468601416,315.9428824672532,5789.882554290165,0.0,0.0,24.8985746218705,29.910776684121755,614.8324474697715,0.0,0.0,165.97161526735335,201.19839734656413,3276.484036499025,26.78193730340015,18.368955626474734,274.13136958568227,330.54329761632996,6868.861423543136,0.0,0.0,170.79165575711009,207.13612348170484,3332.8438124837396,614.7731138844536,21.607572121171896,38.62009538443615,21.5,30.0,0.0,22.244308827307618,42.38632275092797,21.0,30.0,23.950120382487474,21.300747592775666,38.929655115943578,21.0,30.0,0.0,20.75667560225788,40.42539535729609,16.0,30.0,0.0,18.11097078466424,45.19714780852395,12.0,30.0,0.0,20.567585264162568,40.01512689476176,19.0,30.0,0.0,19.27394696087251,43.17273161799404,10.0,30.0,1016.1414006941171,20.537566577667755,39.25617081459552,20.7,30.0,0.0,18.065237846177433,46.15236902966265,16.0,30.0,0.0,19.660204485160784,0.0,0.0,0.0,17.93228030985801,0.0,0.0,728.6346371615401,1019.6201541668993,705.5019237668375,716.8759369886307,631.7732943739385,687.3852197574764,677.1678658094298,648.4184505230239,662.5482831833233,8280.305556844749,82.52983061185101,82.52983061185101,240.0,0.0,240.0,240.0,21.0,16.0,19.0,16.0,19.7,12.0,21.0,10.0,1.0,0.0,614.7731138844536,0.0,23.950120382487474,0.0,0.0,0.0,1016.1414006941171,0.0,0.0,0.0,0.0,82.52983061185101,82.52983061185101,0.34,0.7693208162027141,0.36028137401965956,82.52983061185101,0.3542647819438875,0.0,0.003186666666666667 
 03/13  19:00:00,8.07,81.0,2.77,0.0,0.0,0.0,0.0,0.0,0.0,0.0,0.0,4.0,0.0,0.0,0.0,1860.0,0.0,0.0,0.0,0.0,0.0,0.0,0.0,0.0,0.0,0.0,0.0,20.93133457087029,190.68125368493919,22.101229339726929,-190.29968565450253,21.08578618313918,-1835.4975642724263,20.334050845725586,508.09633965497758,18.15678251654323,11.022717096456958,20.71927755537567,-179.78187318036454,18.76861930492306,72.09899658205132,18.822514897161164,-54.29105820399462,17.92530187073783,-41.78352877333782,702.0116113478034,509.64110638716786,0.0,0.0,0.0,0.0,0.0,0.0,0.0,0.0,0.0,0.0,0.0,0.0,0.0,0.0,0.0,0.0,0.0,0.0,0.0,0.0,0.0,0.0,1.449231738788941,0.44237843064375489,208.29649004612763,249.7019724253579,5600.06985821003,0.07591284680661531,0.011586209830069493,37.065155183840989,44.258927407241348,1062.7663694563815,2.300517102388861,0.43471600574241539,456.49952752197808,546.767133189448,12557.55079103805,0.3177918306461356,0.060051366335248577,306.7505250942893,368.19226064790129,8034.797928584292,0.0,0.0,7.852905815852404,9.519794392893428,161.8434412156052,0.0,0.0,73.0450057367723,87.82975571041546,1839.5818498049146,0.0,0.0,251.45346300231925,303.7586907726467,5663.954766935667,0.0,0.0,24.34269321895867,29.31865065363325,592.2264164454866,0.0,0.0,163.25431032461638,198.00050008363906,3309.8403461630157,27.38802674302854,18.78465483060943,463.2113873354507,557.5300640050143,12036.418882252241,0.0,0.0,165.83352248748796,201.27631743914643,3294.2257460026905,0.0,21.244845098433488,39.929829963417109,21.0,30.0,0.0,22.26284070889616,42.155034013832807,21.0,30.0,2378.009758114362,21.687883490282809,37.97219874025469,21.75,30.0,0.0,20.986537853078884,39.951875267883689,16.0,30.0,0.0,18.131534764653638,45.660735111157439,12.0,30.0,0.0,20.468255345510504,40.82615327188271,19.0,30.0,0.0,19.105446097527329,44.21637646779806,10.0,30.0,304.68844095400979,20.04352334333124,41.1623317136959,19.95,30.0,0.0,17.96187056920251,47.036072113659788,16.0,30.0,0.0,20.054274810048996,0.0,0.0,0.0,17.74050675176453,0.0,0.0,749.1157832512793,1002.4027145878794,697.2984396638641,715.982590323846,650.9941116930374,710.7928850651013,699.9026099436479,676.6833450337966,683.1787412811585,10037.597171542588,81.36777499761398,84.96726609660964,240.0,0.0,240.0,240.0,21.0,16.0,19.0,16.0,19.7,12.0,21.0,10.0,1.0,0.0,0.0,0.0,2378.009758114362,0.0,0.0,0.0,304.68844095400979,0.0,5447.193738438604,3268316.243063162,4261452.077545632,81.36777499761398,85.02839740496097,0.35157312461462017,0.7665441420738599,0.36028137401965956,85.02839740496097,0.3542647819438875,4261452.077545632,0.22472884136570618 
 03/13  19:10:00,7.965000000000001,81.5,2.786666666666667,0.0,0.0,0.0,0.0,1.0,2.0,0.0,0.0,4.0,0.0,0.0,0.0,1860.0,0.0,0.0,0.0,0.0,0.0,0.0,0.0,0.0,0.0,0.0,0.0,21.19966667589147,-617.6399924377652,22.085575063645643,-198.3013351234061,21.01269079500654,-660.675059175949,20.305851114575796,199.18555044192386,18.185283041610107,9.629386522910963,20.763520828416753,-19.669213858116366,18.66173549865879,32.64196966542386,19.13823607537404,-135.22708955341995,17.852439640596498,-70.31179641894573,621.4299590826631,560.3028867930013,0.0,0.0,0.0,0.0,0.0,0.0,0.0,0.0,0.0,0.0,0.0,0.0,0.0,0.0,0.0,0.0,0.0,0.0,0.0,0.0,0.0,0.0,1.359130985025831,0.414875148054283,179.22654471549329,214.53033637466727,5032.972618332276,0.061791644510004298,0.00943095917429858,35.05073591978138,41.88154757367799,1011.9995864887959,2.7641111243502878,0.52231880656657,263.0043090447095,314.6351249642155,7360.036508463275,0.32156939150811406,0.06076519113909939,206.61923487681609,247.83324963928949,5417.358504879375,0.0,0.0,7.188791661873797,8.71206970414619,150.03587758713423,0.0,0.0,11.524471462485199,13.848017187915336,295.9425476126577,0.0,0.0,187.5285082205604,226.67428496839927,4187.53122484318,0.0,0.0,35.70818258126194,42.92096601512965,914.6884415673815,0.0,0.0,158.61099448645764,192.43443606123913,3214.388378009032,27.72848073248295,19.018162367958135,270.99765598824538,326.43309389651508,7130.825750533253,0.0,0.0,161.88373851993243,196.58168576398848,3198.4892618875626,1074.4462811750155,21.726245284085544,38.600225239714749,21.75,30.0,0.0,22.262396699004595,42.03378982990424,21.0,30.0,1353.3170314239979,21.54188433517877,38.81714698176793,21.5,30.0,0.0,20.86310281900256,40.60183684879873,16.0,30.0,0.0,18.153604057833318,46.16712626102451,12.0,30.0,0.0,20.614197812983418,42.691832959384758,19.0,30.0,0.0,18.895485135104676,45.30202820217929,10.0,30.0,654.1588516827043,20.581836057288358,41.19921973782658,20.45,30.0,0.0,17.84844375464173,48.06208326822372,16.0,30.0,0.0,19.64025173574696,0.0,0.0,0.0,17.576778046292515,0.0,0.0,733.201702281139,989.2765674935548,721.0054123261392,730.6804060764221,672.4324159861824,834.9381564807061,717.4252777825656,750.2188019542043,709.0331016993437,9983.361835570644,81.40371052519194,83.11353413539865,270.0,0.0,270.0,270.0,21.0,16.0,19.0,16.0,19.7,12.0,21.0,10.0,1.0,0.0,1074.4462811750155,0.0,1353.3170314239979,0.0,0.0,0.0,654.1588516827043,0.0,2587.659976532664,1552595.9859195986,2023119.578016452,81.40371052519194,83.1425726165248,0.34125533255108889,0.7683682781544478,0.36028137401965956,83.1425726165248,0.3542647819438875,2023119.578016452,0.1086672180568555 
 03/13  19:20:00,7.860000000000001,82.0,2.8033333333333338,0.0,0.0,0.0,0.0,1.0,2.0,0.0,0.0,4.0,0.0,0.0,0.0,1861.0,0.0,0.0,0.0,0.0,0.0,0.0,0.0,0.0,0.0,0.0,0.0,21.164140220433688,-484.35234646619667,22.08210212283926,-195.88885312463658,20.748876983206974,-297.98894237541438,20.257372754463945,131.38835159771078,18.21469630856734,9.009056770165622,20.861915257951229,-18.86699220013847,18.6203300771854,10.9674915109008,18.893163428196514,-71.29469220981437,17.779488913266826,-82.91017172009947,655.36348846245,560.4608840429639,0.0,0.0,0.0,0.0,0.0,0.0,0.0,0.0,0.0,0.0,0.0,0.0,0.0,0.0,0.0,0.0,0.0,0.0,0.0,0.0,0.0,0.0,1.409562854589632,0.4302694916329768,224.7572923035856,269.6158618007375,6174.303122539364,0.041054979901607568,0.0062660225735054289,38.48469183006864,45.93795638420862,1120.7103201681924,2.7720125237555059,0.5238118903544041,282.87330496303249,339.500484247529,7772.735279967028,0.31467020618154936,0.05946149020815367,181.24195263081138,217.6129018594864,4759.898839801539,0.0,0.0,6.934640506424322,8.40674851741782,146.5537567288498,0.0,0.0,12.451529592166406,14.945244814074102,327.4238598673412,0.0,0.0,192.6810652788456,233.02280928020427,4315.077469380298,0.0,0.0,26.22441767308434,31.586344329727468,644.4149935082375,0.0,0.0,161.3920404225954,195.9038352520958,3271.482903712376,28.191577262724189,19.33578687429643,291.9145673081545,352.12447009389157,7759.165978305674,0.0,0.0,163.90465065944637,199.18626395883326,3213.821357171773,672.0585994828102,21.399864441446085,39.670690260218368,21.25,30.0,0.0,22.28702918161775,42.33165648380089,21.0,30.0,45.87217916385961,21.244195754927174,39.496491009710677,21.0,30.0,0.0,20.77993712283464,40.85521610671631,16.0,30.0,0.0,18.178770640501435,46.68491683075117,12.0,30.0,0.0,20.81827007025474,44.64679516782884,19.0,30.0,0.0,18.815921431596835,45.967530823408527,10.0,30.0,356.62029778644946,19.941671456269277,43.960329893743089,19.95,30.0,0.0,17.740040146124195,49.04888381125849,16.0,30.0,0.0,19.61679245088685,0.0,0.0,0.0,17.390992106866677,0.0,0.0,746.724304044955,1005.9121357555843,716.9939657478512,730.0699539957195,695.0456586017201,974.4692658118263,734.1782773234515,805.8293859826438,733.3028572742683,3725.6920671677296,82.08207609389447,82.08207609389447,270.0,0.0,270.0,270.0,21.0,16.0,19.0,16.0,19.7,12.0,21.0,10.0,1.0,0.0,672.0585994828102,0.0,45.87217916385961,0.0,0.0,0.0,356.62029778644946,0.0,0.0,0.0,0.0,82.08207609389447,82.08207609389447,0.17,0.34690640303121259,0.18014068700982978,82.08207609389447,0.17713239097194376,0.0,0.0033750000000000006 
 03/13  19:30:00,7.755000000000001,82.5,2.8200000000000005,0.0,0.0,0.0,0.0,1.0,2.0,0.0,0.0,4.0,0.0,0.0,0.0,1864.0,0.0,0.0,0.0,0.0,0.0,0.0,0.0,0.0,0.0,0.0,0.0,21.29685931045968,-74.16856887788095,22.066693546299356,-161.8129858386277,21.21394412485599,-1685.561452354937,20.35437780065628,552.850020731345,18.244275354739047,8.214366967699661,20.92404138741545,-32.0745031637978,18.558674761773589,30.825310984698718,19.252187063118869,-148.1520901476523,17.708140727102689,-93.02164407006285,812.0425758240285,673.1081982319736,0.0,0.0,0.0,0.0,0.0,0.0,0.0,0.0,0.0,0.0,0.0,0.0,0.0,0.0,0.0,0.0,0.0,0.0,0.0,0.0,0.0,0.0,1.3905474545706034,0.4244650349727116,166.37381366446093,199.23190461738484,4656.986810194135,0.11562666321090835,0.01764753712010201,32.782231310540179,39.13700394200278,964.1258722989978,2.3210990954466497,0.43860527124842227,418.41703132752289,500.5751354015241,12058.36879213434,0.3393432786623499,0.06412382438819914,331.50836140734136,398.0132149190835,8906.104640825843,0.0,0.0,7.405329401995128,8.975737093667153,158.49640466011216,0.0,0.0,12.974597335223198,15.562435381601905,347.35003792691546,0.0,0.0,196.2602697867996,237.43605578483469,4397.645616066554,0.0,0.0,38.64800829625264,46.443098405479968,1007.8823547058211,0.0,0.0,168.97242467595306,205.17472309661435,3426.850560208894,28.97222188356278,19.871208424940187,419.8983067603086,505.6483373024787,11180.90024871751,0.0,0.0,172.6818957979893,209.89226789250149,3404.1031006052119,0.0,21.513983291690367,39.49618890159307,21.0,30.0,0.0,22.288313164681463,42.53320843487823,21.0,30.0,2583.1232661500068,21.956092626117603,37.77954897553049,22.0,30.0,0.0,21.01575983032656,40.22485948118967,16.0,30.0,0.0,18.20539051685948,47.210939474807478,12.0,30.0,0.0,20.95296836319314,46.16259442704258,19.0,30.0,0.0,18.715181345152197,46.67926179613524,10.0,30.0,621.5780458742978,20.59861142139443,42.53415563197442,20.45,30.0,0.0,17.63587921529108,50.0671835775962,16.0,30.0,0.0,20.003333155074356,0.0,0.0,0.0,17.334145885075214,0.0,0.0,750.5489005153326,1014.6728890148472,712.6077929217554,724.2071828193011,718.6535142561056,1074.9917973066172,750.7413102986139,817.4118423621762,760.5592393933305,9061.362718574781,82.01336475317798,83.72203613985286,270.0,0.0,270.0,270.0,21.0,16.0,19.0,16.0,19.7,12.0,21.0,10.0,1.0,0.0,0.0,0.0,2583.1232661500068,0.0,0.0,0.0,621.5780458742978,0.0,2585.9179312514654,1551550.7587508793,2034864.2021320612,82.01336475317798,83.75105505239832,0.3411972643750489,0.7662482042261876,0.36028137401965956,83.75105505239832,0.3542647819438875,2034864.2021320612,0.10909793851086718 
 03/13  19:40:00,7.65,83.0,2.836666666666667,0.0,0.0,0.0,0.0,1.0,2.0,0.0,0.0,4.0,0.0,0.0,0.0,1865.0,0.0,0.0,0.0,0.0,0.0,0.0,0.0,0.0,0.0,0.0,0.0,21.118276027196328,-219.95860096729894,22.055044804693698,-213.05996045329,21.066479317037783,-474.6044978503669,20.311555226287063,60.53244140590891,18.272997775324304,8.105201380136947,20.96186823178376,-20.08761806894256,18.488875114727514,-7.140291768274892,18.999448168762439,-92.05671824695915,17.64029189627488,-117.29895464125161,616.4829277728979,597.3840816276331,0.0,0.0,0.0,0.0,0.0,0.0,0.0,0.0,0.0,0.0,0.0,0.0,0.0,0.0,0.0,0.0,0.0,0.0,0.0,0.0,0.0,0.0,1.4621989603489916,0.4463366789832086,173.67484400168542,208.43578271185789,4804.604054179639,0.020605876126751633,0.003144974988820457,42.21353933601013,50.40504779719312,1246.4564311749805,2.596018380091073,0.49055524945031639,232.51379900891986,279.0544933808183,6513.3812275741479,0.29455074145645618,0.055659626125558598,149.91511795807146,180.0688233506175,4024.1155792569536,0.0,0.0,6.553945215326748,7.94251621099522,142.03460968884816,0.0,0.0,13.684548391278824,16.406407110239799,371.7629284705956,0.0,0.0,184.3145518274709,223.0635857333354,4124.571235040401,0.0,0.0,29.228748044018127,35.20348803136059,731.7995986480904,0.0,0.0,157.25726416445128,190.999187403779,3192.9879502901114,29.020721498661126,19.904472907174989,241.81872534446775,291.8228709384716,6626.660859550369,0.0,0.0,160.02458595949819,194.66269734565177,3108.4479736610267,508.1590730451531,21.266826583092997,40.185272017458377,21.25,30.0,0.0,22.285504490460995,42.18353587419223,21.0,30.0,832.4938213943076,21.44630935337966,39.090880812015978,21.25,30.0,0.0,20.852274110623008,40.79081654884974,16.0,30.0,0.0,18.23168248339204,47.7899797999078,12.0,30.0,0.0,21.04614086724244,47.379726269067308,19.0,30.0,0.0,18.59006719752627,47.52563956166667,10.0,30.0,358.2338304832259,19.958702403256134,44.803911873912849,19.95,30.0,0.0,17.538711233482198,50.93618470613796,16.0,30.0,0.0,19.46480203604646,0.0,0.0,0.0,17.08105206259489,0.0,0.0,751.7129595993559,991.9236398679869,715.9804621921173,730.8767470571542,745.1579451343982,1150.1606171611732,770.551755453945,843.1673563117612,782.2922377610571,5682.400028187395,80.88077311818174,82.92548688195609,270.0,0.0,270.0,270.0,21.0,16.0,19.0,16.0,19.7,12.0,21.0,10.0,1.0,0.0,508.1590730451531,0.0,832.4938213943076,0.0,0.0,0.0,358.2338304832259,0.0,3093.8363265195805,1856301.7959117483,2402697.318598572,80.88077311818174,82.96021290964883,0.1881278775506527,0.34793731367594307,0.18014068700982978,82.96021290964883,0.17713239097194376,2402697.318598572,0.12813526056712577 
 03/13  19:50:00,7.545,83.5,2.8533333333333337,0.0,0.0,0.0,0.0,1.0,2.0,0.0,0.0,4.0,0.0,0.0,0.0,2335.0,0.0,0.0,0.0,0.0,0.0,0.0,0.0,0.0,0.0,0.0,0.0,21.182909007521958,-687.1413606562234,22.023423917917058,-190.47234176620305,21.033052682449143,-342.87803562981886,20.234140272007374,267.7387887714625,18.29954804862892,6.1021158235499979,20.974840102806775,-40.15738561103226,18.496735238046239,49.76692609219827,19.29971392566258,-158.09088887084216,17.57303244189188,-114.27563763372237,687.5782224295855,713.5224867682455,0.0,0.0,0.0,0.0,0.0,0.0,0.0,0.0,0.0,0.0,0.0,0.0,0.0,0.0,0.0,0.0,0.0,0.0,0.0,0.0,0.0,0.0,1.3498398325403512,0.4120390209219631,185.43687320879958,222.20231534959835,5318.937324153719,0.08788395032241249,0.01341330133125954,34.34799937931945,41.028934349880177,1021.596856488795,2.6189751581507858,0.4948932649566868,247.6645536691874,297.1664465923378,6992.953350026728,0.3349522194166481,0.06329407018455179,255.26273892421103,306.8436756029449,6848.144456751241,0.0,0.0,7.38917666304372,8.956567469887754,162.0708647715404,0.0,0.0,13.714731525629447,16.443469793659163,376.5915433962053,0.0,0.0,199.32408270255108,241.2558182595192,4516.4418115083849,0.0,0.0,36.77203842821266,44.20710667519228,969.6221677946066,0.0,0.0,169.05326083049776,205.42824574884276,3438.047448938641,29.728541166797429,20.38994593058809,261.07495759298856,315.2396006514195,7071.514800886105,0.0,0.0,172.35404321561186,209.72039822410467,3374.3836402707627,618.812426706263,21.61454853637676,39.258323932738637,21.4,30.0,0.0,22.25496951323003,42.27848605332363,21.0,30.0,0.0,21.32488553733063,39.42368020030482,21.0,30.0,0.0,20.75988857710737,40.97617746626934,16.0,30.0,0.0,18.2554276665547,48.2632760542689,12.000000000000002,30.0,0.0,21.086641864729093,48.11986706119373,19.0,30.0,0.0,18.62187894918142,47.65107859976542,10.0,30.0,516.4807419225288,20.5271784517853,43.50203693797996,20.3,30.0,0.0,17.44693749074272,51.61051560381913,16.0,30.0,0.0,19.473610492571745,0.0,0.0,0.0,17.0473383985703,0.0,0.0,745.9847082306135,990.6820335565179,717.2479814251306,726.6249074207641,766.7136729517233,1192.1428285896228,778.669786573026,853.5938782860777,796.7107194158772,6476.117802285985,82.59070194495388,82.59070194495388,270.0,0.0,270.0,270.0,21.0,16.0,19.0,16.0,19.7,12.0,21.0,10.0,1.0,0.0,618.812426706263,0.0,0.0,0.0,0.0,0.0,516.4807419225288,0.0,0.0,0.0,0.0,82.59070194495388,82.59070194495388,0.272,0.5842949005616681,0.28822509921572767,82.59070194495388,0.28341182555511,0.0,0.0031800000000000007 
 03/13  20:00:00,7.44,84.0,2.87,0.0,0.0,0.0,0.0,1.0,2.0,0.0,0.0,4.0,0.0,0.0,0.0,1872.0,0.0,0.0,0.0,0.0,0.0,0.0,0.0,0.0,0.0,0.0,0.0,21.41527725399651,-1135.454221976175,22.000107218589677,-188.9372327933284,21.04392142274174,-359.0880812819014,20.19522271902165,314.23621837675798,18.32534753577815,6.2820438209589188,20.96648697875981,-45.130336303561509,18.501506002488108,60.97835656696293,19.180110018024956,-120.96634338684794,17.517668955950115,-121.84093878200292,714.6278797913265,721.2350898621612,0.0,0.0,0.0,0.0,0.0,0.0,0.0,0.0,0.0,0.0,0.0,0.0,0.0,0.0,0.0,0.0,0.0,0.0,0.0,0.0,0.0,0.0,1.326598666502203,0.4049446478944454,242.73908111192743,290.6397169320645,7119.80247551432,0.09905477358850334,0.015118249937195261,33.530867882445658,40.06379695326397,1003.6018778360492,2.673470002543898,0.5051908546001322,281.782925001468,337.46989306482387,8127.344382545864,0.3502877027339402,0.06619193173354877,262.6123547682155,315.40702658315817,7078.779887221766,0.0,0.0,7.639063181116269,9.255040473715301,169.59189775649134,0.0,0.0,13.957523070234656,16.729528812599328,386.49290975863178,0.0,0.0,206.40238738417123,249.7604464027141,4725.749800751826,0.0,0.0,32.630687650544178,39.279268642989588,844.0396075084627,0.0,0.0,171.95377635278374,208.96858414756114,3510.2100630686029,30.237081006263666,20.73873868742365,299.10207983088096,360.75619523091629,8095.097378980836,0.0,0.0,174.73492521162638,212.6631910351636,3421.870881021885,1598.7073012485546,21.884906591971498,38.28185748877743,22.0,30.0,0.0,22.23468976441356,42.56392436251654,21.0,30.0,1171.8854215381048,21.49807280160066,39.14325023855182,21.5,30.0,0.0,20.688535505336906,41.318637373212357,16.0,30.0,0.0,18.28019273582377,48.656021225114049,12.0,30.0,0.0,21.094916885712526,48.63902616625868,19.0,30.0,0.0,18.633391503195065,47.66387265633087,10.0,30.0,627.0678129896579,20.149854155093178,44.73072938062009,20.2,30.0,0.0,17.375395779264716,52.07954397061188,16.0,30.0,0.0,19.510049949661505,0.0,0.0,0.0,16.941576392185256,0.0,0.0,727.0681124908567,1002.9658412926749,722.8692406271507,734.2175428586676,785.0692061281227,1217.5816385298336,779.1205420327173,862.2853446434458,804.8293617060258,9876.877338129394,81.47407307028017,84.95447694580719,270.0,0.0,270.0,270.0,21.0,16.0,19.0,16.0,19.7,12.0,21.0,10.0,1.0,0.0,1598.7073012485546,0.0,1171.8854215381048,0.0,0.0,0.0,627.0678129896579,0.0,5267.174196343695,3160304.517806217,4097390.2811897529,81.47407307028017,85.01358575776158,0.3455724732114565,0.7685447402065415,0.36028137401965956,85.01358575776158,0.3542647819438875,4097390.2811897529,0.2162292946218671 
 03/13  20:10:00,7.265000000000001,84.5,2.7633333333333338,0.0,0.0,0.0,0.0,0.0,2.0,0.0,0.0,4.0,0.0,0.0,0.0,1873.0,0.0,0.0,0.0,0.0,0.0,0.0,0.0,0.0,0.0,0.0,0.0,21.079224096232808,-373.03075709994257,21.973453561056347,-230.53351102374939,21.10257836350913,-533.8613836237696,20.211953576327063,140.9992129361708,18.35136443078919,8.433646628540672,21.044059873993253,-35.856180404701778,18.45216356047841,-44.766832827387137,19.02930088567728,-104.62103795000917,17.45997040636515,-123.14818094947532,667.5628732841099,740.8071860705911,0.0,0.0,0.0,0.0,0.0,0.0,0.0,0.0,0.0,0.0,0.0,0.0,0.0,0.0,0.0,0.0,0.0,0.0,0.0,0.0,0.0,0.0,1.4469982341592416,0.4416966526737612,114.15713862320257,136.88183017293424,3255.424530690506,0.04960975255523513,0.007571696055438818,40.114521476227597,47.92266714210976,1210.484261570435,2.521558158060701,0.47648491270988327,203.21936033890175,243.69959454621626,5882.626294731345,0.3161864605553628,0.05974800841938071,211.18154853463364,253.7772279468296,5771.355868337792,0.0,0.0,6.853383501354738,8.303030324272893,154.95767639762668,0.0,0.0,14.482485175119838,17.35075348531386,409.285346852579,0.0,0.0,201.9737312652261,244.52234853663624,4647.1262541613509,0.0,0.0,31.079329905363055,37.436563981668,800.950427819783,0.0,0.0,173.9638949848969,211.48309480812297,3587.9009314230718,30.437814419237598,20.876415925403025,213.51120825084093,257.9539618359743,5928.887072315105,0.0,0.0,176.90697588895825,215.3984506829674,3492.5351623319,122.7363823388024,21.238694647747779,40.580488080123348,21.0,30.0,0.0,22.20417979001629,42.50818682808576,21.0,30.0,856.6172536814669,21.493458440686369,39.121351985025928,21.25,30.0,0.0,20.70057536025653,41.151696362431717,16.0,30.0,0.0,18.30685431138484,49.03668659675216,12.0,30.0,0.0,21.20609882629202,48.787222572045539,19.0,30.0,0.0,18.50846746592659,48.49662682288876,10.0,30.0,0.0,19.937087545540149,44.769682089824289,12.0,30.0,0.0,17.29979729412552,52.55546406579303,16.0,30.0,0.0,19.09646105685019,0.0,0.0,0.0,16.84087434232304,0.0,0.0,766.829973380006,995.608468096306,721.4917031161472,726.3811399343319,803.3284862929519,1239.68580210964,798.1094217778142,825.9129632901088,811.3946467036058,4397.084324826332,81.06604605787403,81.06604605787403,570.0,0.0,570.0,570.0,21.0,16.0,19.0,16.0,12.0,12.0,21.0,10.0,1.0,0.0,122.7363823388024,0.0,856.6172536814669,0.0,0.0,0.0,0.0,0.0,0.0,0.0,0.0,81.06604605787403,81.06604605787403,0.17,0.34781497666028768,0.18014068700982978,81.06604605787403,0.17713239097194376,0.0,0.0066500000000000009 
 03/13  20:20:00,7.090000000000001,85.0,2.6566666666666669,0.0,0.0,0.0,0.0,0.0,2.0,0.0,0.0,4.0,0.0,0.0,0.0,1876.0,0.0,0.0,0.0,0.0,0.0,0.0,0.0,0.0,0.0,0.0,0.0,21.45767967606134,-929.0649245379561,21.96074967882661,-150.0705531749172,21.19979034661659,-185.62087117108559,20.250179172215405,363.02984614445816,18.374257848624376,5.475569563406111,21.12076419180207,-63.19180498589307,18.469054015351398,78.31998194717221,18.543454725106039,-45.009263227975399,17.392127310295089,-163.99918466397299,778.201452284151,724.5207664476805,0.0,0.0,0.0,0.0,0.0,0.0,0.0,0.0,0.0,0.0,0.0,0.0,0.0,0.0,0.0,0.0,0.0,0.0,0.0,0.0,0.0,0.0,1.3926911453619897,0.4251193972411446,226.21250743528646,270.73315692832,6729.90036468105,0.1569113879494694,0.0239486245344123,28.98579753541904,34.61443651617139,889.0632676481814,2.6166223299846766,0.49444866401826867,264.5583239220089,317.20596097158468,7751.735254448432,0.35444314165015247,0.06697716206541049,279.4343554471556,335.7621053172754,7782.601417035717,0.0,0.0,7.90930769050012,9.58112760649134,182.00146684386366,0.0,0.0,14.67906273362487,17.579378126522007,423.3476117695669,0.0,0.0,214.6631298361521,259.78294038246266,5048.431382199253,0.0,0.0,21.588367157717955,26.08245818279367,529.7626804460036,0.0,0.0,172.68634630978446,209.96164366964576,3589.642564344766,31.244373705129818,21.42961159473925,282.13101077232406,340.45555676044065,7954.0717528728559,0.0,0.0,174.15729954714113,212.1449252760333,3438.345402697482,1177.1357786940994,21.745982540811029,38.67264477831757,21.75,30.0,0.0,22.210521709752244,42.9683918140946,21.0,30.0,0.0,21.434191051492279,39.40707060653056,21.0,30.0,0.0,20.812135470670574,40.97981435405665,16.0,30.0,0.0,18.32834285004175,49.31281852207984,12.0,30.0,0.0,21.323003699884358,48.59921774500901,19.0,30.0,0.0,18.58555343198176,48.22149252898901,10.0,30.0,0.0,19.106348918825785,46.892386005200759,12.0,30.0,0.0,17.201787062725189,53.136128467997149,16.0,30.0,0.0,19.564028469853036,0.0,0.0,0.0,16.657356556013985,0.0,0.0,730.8430048812816,1022.7646232498514,730.6075306831903,732.4437683448487,816.123781496998,1244.2799805727007,793.5145043956485,808.0872009163109,818.7202610571098,6851.704310053921,81.93028937191335,83.68504217932125,570.0,0.0,570.0,570.0,21.0,16.0,19.0,16.0,12.0,12.0,21.0,10.0,1.0,0.0,1177.1357786940994,0.0,0.0,0.0,0.0,0.0,0.0,0.0,2655.5868618365027,1593352.1171019015,2074391.3638223275,81.93028937191335,83.71484370737058,0.2585195620612168,0.5751866420199621,0.27021103051474468,83.71484370737058,0.2656985864579156,2074391.3638223275,0.11448668425209437 
 03/13  20:30:00,6.915,85.5,2.55,0.0,0.0,0.0,0.0,0.0,2.0,0.0,0.0,4.0,0.0,0.0,0.0,940.0,0.0,0.0,0.0,0.0,0.0,0.0,0.0,0.0,0.0,0.0,0.0,21.219851651693149,-424.99560881287018,21.940128757286055,-220.6263811324094,21.117996116836218,-747.7448141596306,20.206248983855056,187.0418161939342,18.398983347668673,10.01524077959158,21.177643597226177,-45.16653543027502,18.41729281843583,-50.15767914834623,18.211044126129719,-18.2261166770856,17.328346500999069,-144.75976156301523,743.6666934932864,780.4490332629357,0.0,0.0,0.0,0.0,0.0,0.0,0.0,0.0,0.0,0.0,0.0,0.0,0.0,0.0,0.0,0.0,0.0,0.0,0.0,0.0,0.0,0.0,1.5021969037334977,0.4585460634107136,191.45677587660726,229.40418812105396,5624.614449722649,0.06442186290417984,0.009832396658147107,40.49873654476041,48.29691347847682,1249.7027741633338,2.5773658800905738,0.48703058958627645,257.90422626282875,308.63574310948629,7725.915171567426,0.32649423767152888,0.06169581210724277,217.05709511568896,260.67055404811938,6084.789546002987,0.0,0.0,7.040487748018512,8.518163404959808,164.94010351970617,0.0,0.0,15.031354832983024,17.966905786931024,441.70288748329679,0.0,0.0,211.8368062983031,256.1976158848869,5004.937753010526,0.0,0.0,18.123220114098705,21.917180073418533,432.12838234962296,0.0,0.0,177.86652120906923,216.07594630521533,3733.5950658247768,31.20994199872964,21.405995883902368,270.3902209555631,325.9702077547755,7693.538708049934,0.0,0.0,179.55756009250616,218.52027578323459,3590.1285497948385,776.5061509537147,21.40813744500933,39.89818471921715,21.5,30.0,0.0,22.18399243490643,42.711899799512277,21.0,30.0,1361.0962989281148,21.56877916018191,38.722637655812338,21.5,30.0,0.0,20.702834428678174,41.38006971216753,16.0,30.0,0.0,18.356574480427825,49.565370879695937,12.0,30.0,0.0,21.418135373575333,48.596522710107368,19.0,30.0,0.0,18.454258820413715,48.63087174799679,10.0,30.0,0.0,18.553707760518,48.50923361156461,12.0,30.0,0.0,17.12004948695872,53.35099507993522,16.0,30.0,0.0,19.449366635257776,0.0,0.0,0.0,16.603898825120014,0.0,0.0,752.6611979649536,1006.0059061096814,710.7911030447324,739.2954469991367,829.0222206154042,1253.6550422669703,793.7449636497045,804.3405628934495,814.7106744371176,9826.557955499884,81.50730542415676,85.15379077697098,570.0,0.0,570.0,570.0,21.0,16.0,19.0,16.0,12.0,12.0,21.0,10.0,1.0,0.0,776.5061509537147,0.0,1361.0962989281148,0.0,0.0,0.0,0.0,0.0,5518.254829207142,3310952.8975242858,4296937.048287452,81.50730542415676,85.21572020376238,0.35394182764023809,0.7674515848863366,0.36028137401965956,85.21572020376238,0.3542647819438875,4296937.048287452,0.2300273931776142 
 03/13  20:40:00,6.74,86.0,2.4433333333333335,0.0,0.0,0.0,0.0,0.0,2.0,0.0,0.0,4.0,0.0,0.0,0.0,940.0,0.0,0.0,0.0,0.0,0.0,0.0,0.0,0.0,0.0,0.0,0.0,21.11671780790677,-432.12463248153588,21.925075591339558,-163.22962911575645,20.872207339217863,-343.07029641148076,20.238587484896504,289.38099511568228,18.42125901940267,7.532643960390203,21.211099488574,-64.64793014394218,18.394694249160815,28.53471018825985,17.99902536476857,-17.821895175310887,17.26269582780875,-165.31472713577569,803.3189734553162,813.4521692345315,0.0,0.0,0.0,0.0,0.0,0.0,0.0,0.0,0.0,0.0,0.0,0.0,0.0,0.0,0.0,0.0,0.0,0.0,0.0,0.0,0.0,0.0,1.4726592977998659,0.4495297001831092,168.63036982054815,201.8579188232087,4942.490705868772,0.1459340149236078,0.022273201300916945,32.31970971155092,38.540682949596817,1011.6984260279394,2.721812081160797,0.5143257900908538,245.7575836020863,294.7942777185223,7186.064216878467,0.344671675737466,0.06513070214237829,208.49155842552458,250.42219930391514,5971.7176397439829,0.0,0.0,7.7469493662853818,9.3709104943987,184.6367639958084,0.0,0.0,15.318716123981027,18.306893382885936,457.0334382849833,0.0,0.0,224.2188769555967,271.1929890007889,5371.412753430157,0.0,0.0,10.489923406311135,12.693508756023606,246.88338910053708,0.0,0.0,180.83073513451803,219.76192121811904,3828.052769826696,31.837416804834484,21.836362691930384,263.21296285212227,317.31146425003126,7714.701278977696,0.0,0.0,183.47488463472616,223.37133167377915,3704.930092786607,203.2139423262884,21.210299142602975,40.30712996102939,21.0,30.0,0.0,22.18037272514632,42.8461696584802,21.0,30.0,0.0,21.016484407674029,40.737723527858708,21.0,30.0,0.0,20.794145073451508,41.052965575990359,16.0,30.0,0.0,18.38026063690748,49.71012174085499,12.0,30.0,0.0,21.4675673715388,48.56840116016255,19.0,30.0,0.0,18.44187067265643,48.78477415205079,10.0,30.0,0.0,18.23160077822599,49.534670497770139,12.0,30.0,0.0,17.028471727631648,53.72397228887448,16.0,30.0,0.0,19.5667778312026,0.0,0.0,0.0,16.52102193448365,0.0,0.0,752.4956150059903,1015.0408086155096,749.3523446556164,736.0191953699005,836.7550772804975,1255.3756466777546,797.8251422831231,805.0910772796622,815.1910025596102,3175.229912919492,81.95573090026579,81.95573090026579,570.0,0.0,570.0,570.0,21.0,16.0,19.0,16.0,12.0,12.0,21.0,10.0,1.0,0.0,203.2139423262884,0.0,0.0,0.0,0.0,0.0,0.0,0.0,0.0,0.0,0.0,81.95573090026579,81.95573090026579,0.17,0.3105605135040368,0.18014068700982978,81.95573090026579,0.17713239097194376,0.0,0.006555 
 03/13  20:50:00,6.5649999999999999,86.5,2.3366666666666666,0.0,0.0,0.0,0.0,0.0,2.0,0.0,0.0,4.0,0.0,0.0,0.0,1884.0,0.0,0.0,0.0,0.0,0.0,0.0,0.0,0.0,0.0,0.0,0.0,21.45034421092528,-1066.9845084644829,21.90166181729063,-205.7428546905902,21.103776425395436,-508.256650580048,20.14708813168025,295.0863875403668,18.43783683080773,6.688080633946612,21.228805846667897,-64.59239035311725,18.37955841904723,23.29351749682496,17.85761413713322,-13.31071587089167,17.218283286521808,-169.602334121779,725.1090313619952,794.2347219387543,0.0,0.0,0.0,0.0,0.0,0.0,0.0,0.0,0.0,0.0,0.0,0.0,0.0,0.0,0.0,0.0,0.0,0.0,0.0,0.0,0.0,0.0,1.4631876323807769,0.44663847142270365,221.44216255380679,265.25160589923959,6858.30429355029,0.12535742873586426,0.019132696693507976,35.40439926652338,42.325486099145567,1117.322474586115,2.7666033496808128,0.5227897486169338,258.5732495284674,309.544567525989,7947.187324328769,0.36202863624826306,0.06841055106732104,250.326135175326,300.63219839516099,7157.51935667686,0.0,0.0,7.842863100867733,9.496553755682685,189.94499566849366,0.0,0.0,15.649578822629913,18.730531751315327,473.2173192578433,0.0,0.0,217.37384580455174,263.2437729830947,5274.365878497208,0.0,0.0,10.149227208867237,12.307734014149759,238.7104855433516,0.0,0.0,174.1976002237298,211.99520911622583,3733.5202177799994,31.882309260639283,21.867153128010487,273.424944151536,329.9529136000216,7920.701829798112,0.0,0.0,176.2711811981649,214.97542243842674,3565.3842291430598,1562.9225221131392,21.818197342084046,38.49579130540004,22.0,30.0,0.0,22.149118514188218,42.597365820415088,21.0,30.0,1335.2103653398709,21.487585224575065,39.25593766380435,21.5,30.0,0.0,20.60764430158723,41.7454080750029,16.0,30.0,0.0,18.39577852939002,49.800569089379738,12.0,30.0,0.0,21.49691628941375,48.45769735826212,19.0,30.0,0.0,18.41872426449372,48.6569655200506,10.0,30.0,0.0,18.03939563585438,50.15295359601097,12.0,30.0,0.0,16.981985337319885,53.84606251165715,16.0,30.0,0.0,19.25448557236301,0.0,0.0,0.0,16.359817886618303,0.0,0.0,736.487916400506,999.2775893856134,733.0011224761022,749.0408409569709,841.7261349838964,1250.7608510070873,788.8075907838904,804.9491211939028,812.9590323439711,9306.884674038161,81.85100336653665,83.5796137320241,570.0,0.0,570.0,570.0,21.0,16.0,19.0,16.0,12.0,12.0,21.0,10.0,1.0,0.0,1562.9225221131392,0.0,1335.2103653398709,0.0,0.0,0.0,0.0,0.0,2616.0634431624619,1569638.065897477,2034895.2225857005,81.85100336653665,83.60897127462266,0.34220211477208209,0.7713352304826922,0.36028137401965956,83.60897127462266,0.3542647819438875,2034895.2225857005,0.11221121824112308 
 03/13  21:00:00,6.39,87.0,2.23,0.0,0.0,0.0,0.0,0.0,2.0,0.0,0.0,4.0,0.0,0.0,0.0,1885.0,0.0,0.0,0.0,0.0,0.0,0.0,0.0,0.0,0.0,0.0,0.0,21.30193380197634,-374.9917353413906,21.884495018035279,-204.84950556939254,21.16869348531244,-615.5721659059038,20.189648075957999,143.8407827215076,18.454109150088386,8.58576436000368,21.23756108179535,-58.94190476470237,18.356755263624387,-58.125030306362308,17.71151054064186,-36.44763261868721,17.164648941469375,-163.80318512395207,777.6622364200796,856.275483635405,0.0,0.0,0.0,0.0,0.0,0.0,0.0,0.0,0.0,0.0,0.0,0.0,0.0,0.0,0.0,0.0,0.0,0.0,0.0,0.0,0.0,0.0,1.5520808891979457,0.4737731652008381,214.0937107575283,257.2374581016803,6452.086989822055,0.11054114288664489,0.01687135880443298,39.056493320550469,46.65849654322298,1244.5814355467238,2.7355728713767655,0.5169260905851788,300.6857216555428,360.888923743098,9208.447466870562,0.34049588993948479,0.06434162697269173,187.92310100605077,225.79420372889525,5463.901649731881,0.0,0.0,7.600819544902306,9.2052917314994,187.04893374238265,0.0,0.0,15.852591540675914,18.972303835694548,485.4763426396159,0.0,0.0,221.86891929760984,268.7985900976987,5436.37104122785,0.0,0.0,13.489708052199927,16.376039491380838,316.55079606021,0.0,0.0,177.53316081417877,216.13324138780909,3846.089202757235,32.065787222269808,21.992995351351039,307.91529809265878,371.8238669622171,9119.288696361553,0.0,0.0,186.88870851633033,227.98715612425918,3836.808609244975,514.6666399187981,21.325450422817896,40.1194502825205,21.25,30.0,0.0,22.13629177193529,42.72836627779737,21.0,30.0,965.2909150701445,21.46525212642778,39.196110149622487,21.25,30.0,0.0,20.671889788890068,41.459598868651557,16.0,30.0,0.0,18.41304120946269,49.83273174632022,12.0,30.0,0.0,21.51326398665244,48.359648562607869,19.0,30.0,0.0,18.354641437279967,48.90035710830663,10.0,30.0,0.0,17.824079891647874,50.886509438090218,12.0,30.0,0.0,16.916801393554008,53.95072002962482,16.0,30.0,0.0,19.395651128943809,0.0,0.0,0.0,16.329231637928034,0.0,0.0,762.4118273977431,1008.5184719151604,731.5015597718332,746.5134144330921,844.4548435580616,1245.907488303238,791.5829858507177,806.4048631115675,808.2550823969446,3963.7364264452137,81.54859637197657,81.54859637197657,570.0,0.0,570.0,570.0,21.0,16.0,19.0,16.0,12.0,12.0,21.0,10.0,1.0,0.0,514.6666399187981,0.0,965.2909150701445,0.0,0.0,0.0,0.0,0.0,0.0,0.0,0.0,81.54859637197657,81.54859637197657,0.17,0.3475212957934689,0.18014068700982978,81.54859637197657,0.17713239097194376,0.0,0.0062383333333333348 
 03/13  21:10:00,6.323333333333333,87.5,2.1950000000000005,0.0,0.0,0.0,0.0,0.0,2.0,0.0,0.0,4.0,0.0,0.0,0.0,944.0,0.0,0.0,0.0,0.0,0.0,0.0,0.0,0.0,0.0,0.0,0.0,21.235913402022186,-589.0021837244963,21.85262055947348,-199.31787151037077,20.90088485823647,-343.52197605099357,20.14571210310024,204.89454185797423,18.468207783912299,4.7629059625702159,21.24594938840464,-67.57483036151325,18.317595627980667,14.457146272443879,17.581191444696495,-34.38002006528751,17.11767434792055,-165.45536930430718,786.6874276104973,847.2923824578152,0.0,0.0,0.0,0.0,0.0,0.0,0.0,0.0,0.0,0.0,0.0,0.0,0.0,0.0,0.0,0.0,0.0,0.0,0.0,0.0,0.0,0.0,1.4994495882013346,0.45770744450590197,195.86894751940685,234.4155396150085,5908.868783437417,0.13238392431867447,0.020205116654254349,35.98067655475276,42.953083624060699,1149.801617148994,2.815802232861893,0.5320865897320284,275.5395859428794,330.4984847991167,8274.402101770333,0.35551575247604269,0.06717984740665958,226.4304613337029,272.05731355798528,6585.12378642644,0.0,0.0,7.977363860439121,9.64634007323031,197.67740842996535,0.0,0.0,15.979843315008651,19.09561783744148,492.13689717067327,0.0,0.0,219.57553523175074,265.6854053020875,5390.992336383148,0.0,0.0,13.895084755052836,16.847326647859018,322.6639982239235,0.0,0.0,171.7218010477347,208.8245977477818,3725.5491603064426,32.234486622093388,22.108701386895335,279.9072125260841,337.61309597338149,8282.522190187206,0.0,0.0,181.3018573339679,220.9816800673903,3695.5700673865196,375.7650812029877,21.2876686223236,40.35408803378543,21.0,30.0,0.0,22.094467812220424,42.60651723445527,21.0,30.0,0.0,20.998133571493655,40.754358083171847,21.0,30.0,0.0,20.616113247231053,41.285048464275217,16.0,30.0,0.0,18.42701217088205,49.903283059752229,12.0,30.0,0.0,21.529029381901343,48.26850916593226,19.0,30.0,0.0,18.31082925066771,49.26137349353705,10.0,30.0,0.0,17.637786339744048,51.53676744334922,12.0,30.0,0.0,16.860978085939217,54.17873261424076,16.0,30.0,0.0,19.35667845231132,0.0,0.0,0.0,16.186290962643925,0.0,0.0,771.4555622858145,999.910333734294,755.1768378382424,732.8037086733414,848.8589805274113,1241.9306875944904,801.7387163132032,808.2056672489238,809.9231487024274,5161.234763079567,81.36645134713629,81.36645134713629,570.0,0.0,570.0,570.0,21.0,16.0,19.0,16.0,12.0,12.0,21.0,10.0,1.0,0.0,375.7650812029877,0.0,0.0,0.0,0.0,0.0,0.0,0.0,0.0,0.0,0.0,81.36645134713629,81.36645134713629,0.17,0.30934668618488717,0.18014068700982978,81.36645134713629,0.17713239097194376,0.0,0.0060799999999999999 
 03/13  21:20:00,6.256666666666668,88.0,2.16,0.0,0.0,0.0,0.0,0.0,2.0,0.0,0.0,4.0,0.0,0.0,0.0,1892.0,0.0,0.0,0.0,0.0,0.0,0.0,0.0,0.0,0.0,0.0,0.0,21.550156235086989,-813.8418407688133,21.83703624056507,-181.50727746794946,21.22418136929123,-1034.0769450162057,20.169289036971688,482.01400728602496,18.477203780541808,4.409793279672826,21.240630050823229,-76.14027575805466,18.3311066569671,10.07165585416169,17.482180406896356,-43.25259039198414,17.067338217958488,-185.6316159077369,784.473005717221,902.3798186533425,0.0,0.0,0.0,0.0,0.0,0.0,0.0,0.0,0.0,0.0,0.0,0.0,0.0,0.0,0.0,0.0,0.0,0.0,0.0,0.0,0.0,0.0,1.504711738295113,0.4593137174283007,175.81845695470256,210.65210576525039,5576.810049788549,0.16764904723221484,0.025587461421278214,31.703671441685655,37.918672124150919,1017.9764829406239,2.6066870544398705,0.4925712498941556,305.59290491108899,365.84462780684137,9622.711418391684,0.3798221035013932,0.07177288425952251,316.34550607185909,379.99717176873039,9288.102473153487,0.0,0.0,8.290616351700184,10.037926633484809,206.65663990618567,0.0,0.0,15.948656432938947,19.08955588561809,493.0599859070279,0.0,0.0,229.9374705777048,278.549386386524,5690.972528650345,0.0,0.0,17.17029331575237,20.857783838378948,396.64568182665399,0.0,0.0,176.59784787863678,215.06841559301535,3832.9350563471018,32.544287624477068,22.321184927624885,313.7869874371619,378.6995515009019,9248.745379400454,0.0,0.0,189.58471604887456,231.3988330048061,3875.9216760022029,1309.509516547747,21.861782491182355,38.50229802060912,22.0,30.0,0.0,22.08177753261083,42.928559409114118,21.0,30.0,1550.0389417633183,21.65261625898119,38.8970351268553,21.5,30.0,0.0,20.682659155182017,41.4436561509675,16.0,30.0,0.0,18.434270111601923,49.89184008307637,12.0,30.0,0.0,21.523454470016636,48.151290466896828,19.0,30.0,0.0,18.34392512253757,48.93943559826139,10.0,30.0,0.0,17.506876047977046,52.03806554715273,12.0,30.0,0.0,16.79833420532981,54.48770467289714,16.0,30.0,0.0,19.33480995204539,0.0,0.0,0.0,16.14907315879238,0.0,0.0,748.7192980579733,1017.724545950384,742.1283637020498,750.2230995601357,849.0746752416388,1234.663502488952,793.3667474134127,811.3338451748992,814.0922772137401,10263.556911958483,81.21839103576736,84.75234978867609,570.0,0.0,570.0,570.0,21.0,16.0,19.0,16.0,12.0,12.0,21.0,10.0,1.0,0.0,1309.509516547747,0.0,1550.0389417633183,0.0,0.0,0.0,0.0,0.0,5348.1422490457,3208885.3494274199,4205029.405710744,81.21839103576736,84.8123681402384,0.34827140830152339,0.7651920100749752,0.36028137401965956,84.8123681402384,0.3542647819438875,4205029.405710744,0.22458319576362535 
 03/13  21:30:00,6.1899999999999999,88.5,2.125,0.0,0.0,0.0,0.0,0.0,2.0,0.0,0.0,4.0,0.0,0.0,0.0,1892.0,0.0,0.0,0.0,0.0,0.0,0.0,0.0,0.0,0.0,0.0,0.0,21.501707608801867,-526.4689921321799,21.830562844812705,-176.01496753658967,21.304876836954468,-1260.7219522467468,20.30469114718717,331.4425208703112,18.48698261226444,5.422922473887084,21.232088397071139,-71.22299369815159,18.292079452959464,-39.13370725877007,17.386574039930193,-43.884087338719528,17.019804915479413,-176.88179480496,890.0030002090311,922.7979815334629,0.0,0.0,0.0,0.0,0.0,0.0,0.0,0.0,0.0,0.0,0.0,0.0,0.0,0.0,0.0,0.0,0.0,0.0,0.0,0.0,0.0,0.0,1.5781209318664887,0.4817218961741418,250.63793105486554,300.2844329681364,7870.121906362507,0.1553153906645695,0.02370503520521513,34.57761520227085,41.356221611071337,1114.0477163102447,2.5576621813051205,0.48330729049605478,381.93403615667,457.45645015404667,12059.199381962966,0.3544109575393788,0.06697108041182515,256.4959180657968,307.86717136831217,7664.624872438321,0.0,0.0,8.15321110224,9.871475860706227,204.52269014995296,0.0,0.0,16.054076709249036,19.216724384498787,498.2852537592127,0.0,0.0,230.53870644800134,279.39824748771675,5696.07029346912,0.0,0.0,18.54743529299479,22.546664593891057,426.4486743748108,0.0,0.0,177.95791455498049,216.79652381369355,3868.0676850728784,32.61395948512737,22.36897084027941,389.832509012433,470.03783542645876,11648.089582428272,0.0,0.0,192.84957137617156,235.46219614285824,3950.8500340823277,650.0099952012644,21.684558887048597,39.4045228127075,21.5,30.0,0.0,22.082162902746889,43.05121157936036,21.0,30.0,1646.5841396011402,21.666239831217206,38.65042671625618,21.5,30.0,0.0,20.879215924372504,40.97972261961432,16.0,30.0,0.0,18.445164169726675,49.88060881614369,12.0,30.0,0.0,21.516400307842895,48.180730695264369,19.0,30.0,0.0,18.252632457711,49.344349747026907,10.0,30.0,0.0,17.37949200842776,52.47965110520869,12.0,30.0,0.0,16.744373597090207,54.618794678410207,16.0,30.0,0.0,19.6934013597045,0.0,0.0,0.0,16.09953085176496,0.0,0.0,775.6142693509544,1026.9747743175979,734.220894460988,754.6478029652976,850.3815095807296,1235.8841819241707,800.2963169024016,813.087532564545,813.504190924933,9639.342622603237,81.63114965044693,83.44346933160928,570.0,0.0,570.0,570.0,21.0,16.0,19.0,16.0,12.0,12.0,21.0,10.0,1.0,0.0,650.0099952012644,0.0,1646.5841396011402,0.0,0.0,0.0,0.0,0.0,2742.6149792711196,1645568.9875626716,2137249.230776218,81.63114965044693,83.47424853628385,0.34642049930903737,0.7681409681615657,0.36028137401965956,83.47424853628385,0.3542647819438875,2137249.230776218,0.1169002933336967 
 03/13  21:40:00,6.123333333333333,89.0,2.09,0.0,0.0,0.0,0.0,0.0,2.0,0.0,0.0,4.0,0.0,0.0,0.0,1894.0,0.0,0.0,0.0,0.0,0.0,0.0,0.0,0.0,0.0,0.0,0.0,21.587209838747027,-896.5362907953809,21.819203517324988,-198.4064028663429,21.121564828791848,-423.3231858627403,20.265000241950078,66.65631600798747,18.494479386592908,4.713227678202912,21.222532108297864,-72.84512797761392,18.25949143373561,-26.86751810531814,17.304834106013439,-47.18559062162734,16.97218931374226,-189.102856036091,783.4380853906471,945.8630243219923,0.0,0.0,0.0,0.0,0.0,0.0,0.0,0.0,0.0,0.0,0.0,0.0,0.0,0.0,0.0,0.0,0.0,0.0,0.0,0.0,0.0,0.0,1.5439293927903964,0.471284918434187,233.41524465899586,279.33876741166,7378.018954814443,0.13793661416108159,0.021052596788931865,35.75467615208832,42.76021534517983,1155.5189968324542,2.879318341829657,0.5440888778967608,259.6200702080154,311.07451329237838,8118.58259237779,0.3456503300954717,0.06531563304903092,181.15284869843434,217.66667212568098,5390.431989235364,0.0,0.0,8.273312485296639,10.017050401842783,208.7941290784553,0.0,0.0,16.145221268368706,19.32686046897636,503.0452778991139,0.0,0.0,232.96897357415794,282.3918483132847,5766.479766265168,0.0,0.0,19.952828497374854,24.262863920870463,457.352361698817,0.0,0.0,178.13053586511539,217.05543971324199,3876.010399837466,32.51116531767962,22.298467296076564,268.25391488803168,323.6009059256199,8160.074249257443,0.0,0.0,194.44753488663239,237.48769840491009,3977.605813188348,1015.4507595301619,21.68803565270514,39.248884914555379,21.5,30.0,0.0,22.071186846259427,42.87870924096694,21.0,30.0,859.5919728175746,21.40564606502519,39.71799161089902,21.25,30.0,0.0,20.773074533495938,41.28978333837927,16.0,30.0,0.0,18.452876443844443,49.93059226081234,12.0,30.0,0.0,21.507822230287414,48.2486457539231,19.0,30.0,0.0,18.20545866669679,49.670355438564389,10.0,30.0,0.0,17.27455501377487,52.905624330504689,12.0,30.0,0.0,16.68659112751484,54.983331194440598,16.0,30.0,0.0,19.338628471955859,0.0,0.0,0.0,16.014471026604804,0.0,0.0,770.6019775682237,1018.3318265380003,759.3008909723412,758.652536231565,854.373144435529,1239.3811318807346,809.7366798810042,817.5433075246103,821.4556106407475,6816.84646859401,82.22726595586905,82.22726595586905,570.0,0.0,570.0,570.0,21.0,16.0,19.0,16.0,12.0,12.0,21.0,10.0,1.0,0.0,1015.4507595301619,0.0,859.5919728175746,0.0,0.0,0.0,0.0,0.0,0.0,0.0,0.0,82.22726595586905,82.22726595586905,0.255,0.5398202515509578,0.27021103051474468,82.22726595586905,0.2656985864579156,0.0,0.005605 
 03/13  21:50:00,6.056666666666667,89.5,2.0549999999999999,0.0,0.0,0.0,0.0,0.0,2.0,0.0,0.0,4.0,0.0,0.0,0.0,1422.0,0.0,0.0,0.0,0.0,0.0,0.0,0.0,0.0,0.0,0.0,0.0,21.659407034176505,-964.8091118452537,21.80937517047493,-173.93003346346428,21.151503217383607,-613.0369631924458,20.191044544337115,234.63765676685993,18.498467148491704,2.6173247172989728,21.20700206287303,-80.04400597722898,18.275795483119244,-6.167963280406795,17.231137384655204,-47.52658615016052,16.924146672185459,-189.07444995411988,842.1366037409177,974.0268040521124,0.0,0.0,0.0,0.0,0.0,0.0,0.0,0.0,0.0,0.0,0.0,0.0,0.0,0.0,0.0,0.0,0.0,0.0,0.0,0.0,0.0,0.0,1.5168049362738714,0.4630051698027695,244.59024359911133,292.6113054008234,7823.73021450952,0.1668362313251986,0.02546340526941373,32.31749244983587,38.621869765552109,1050.0857274975106,2.8761954028469129,0.5434987533724331,312.1559981364264,374.0260211840522,9829.253137047433,0.3680923212583814,0.06955637211987559,245.2297003531051,294.80844866887755,7291.154031670883,0.0,0.0,8.514885646563006,10.306060921972796,216.11272198642906,0.0,0.0,16.154327142055764,19.330241521366014,504.9920477606924,0.0,0.0,237.56616306466899,287.7994865486307,5933.762751306446,0.0,0.0,20.666400962993405,25.12517856762551,472.7725516709744,0.0,0.0,179.42994139099663,218.5776575357218,3909.03328285807,32.65517983972546,22.39724268842627,321.7455144938098,388.1123566261364,9716.660448954579,0.0,0.0,196.35234372736438,239.75010432126744,4019.0568513024566,1106.2017600746277,21.77411627632475,38.795489612631659,22.000000000000019,30.00000000000002,0.0,22.067766627617997,43.18685724413734,21.000000000000015,30.00000000000002,861.0731292928776,21.522701209572064,39.30618097545289,21.33333333333335,30.00000000000002,0.0,20.682050087251115,41.47509555748648,16.000000000000015,30.00000000000002,0.0,18.455391779156309,49.92386726350867,12.00000000000001,30.00000000000002,0.0,21.489384756247156,48.18692829609652,19.000000000000015,30.00000000000002,0.0,18.24950401024235,49.41332283301894,10.000000000000007,30.00000000000002,0.0,17.18196136487061,53.295933970107679,12.00000000000001,30.00000000000002,0.0,16.629880738047839,55.203427628493347,16.000000000000015,30.00000000000002,0.0,19.515687562714328,0.0,0.0,0.0,15.952365636346876,0.0,0.0,758.035603672901,1036.2611788756563,753.0915066491946,757.172375447893,855.3033196853721,1234.6002907773319,805.4606600597103,821.9806389498258,823.2206893539435,9753.471558375575,81.55569261694713,83.98881964189106,570.0000000000005,0.0,570.0000000000005,570.0000000000005,21.0,16.0,19.0,16.0,12.0,12.0,21.0,10.0,1.0,0.0,1106.2017600746277,0.0,861.0731292928776,0.0,0.0,0.0,0.0,0.0,3682.0667399051897,2209240.043943112,2864952.8514486385,81.55569261694713,84.030142216202,0.3494022246635065,0.771122536025346,0.3602813740196598,84.030142216202,0.3542647819438878,2864952.8514486385,0.15486754827532923 
 03/13  22:00:00,5.99,90.0,2.02,0.0,0.0,0.0,0.0,0.0,2.0,0.0,0.0,4.0,0.0,0.0,0.0,1896.0,0.0,0.0,0.0,0.0,0.0,0.0,0.0,0.0,0.0,0.0,0.0,21.609153661342558,-978.747612402899,21.80581601711509,-168.0161217773267,21.086176284793475,-271.5764500674545,20.185871209900399,272.456456017876,18.501473649702747,3.0300640949454307,21.188569241486804,-83.24250033404536,18.276133920582937,-16.510337525413889,17.16762525959986,-49.549487808517969,16.88136008450313,-190.04155921103144,810.4425617143375,1021.5947656532167,0.0,0.0,0.0,0.0,0.0,0.0,0.0,0.0,0.0,0.0,0.0,0.0,0.0,0.0,0.0,0.0,0.0,0.0,0.0,0.0,0.0,0.0,1.512680383273054,0.46174614874024846,239.8114634495749,287.22347347462928,7609.626122684242,0.1737328961756834,0.026516009794823479,31.5367911407293,37.70238030965495,1029.6362608683442,2.9080083267604586,0.5495102658277511,285.5230391915556,342.6347882033235,8923.128079049133,0.38054343585786495,0.07190919044933197,272.2723445849882,327.4126031295803,8127.699179661011,0.0,0.0,8.681402125387385,10.512810656366359,221.55968079120854,0.0,0.0,16.147510392830804,19.334160620700957,506.2881232365843,0.0,0.0,245.70777407735904,297.7965858303625,6172.737057688766,0.0,0.0,22.093876790223545,26.8805286362045,505.1376255888978,0.0,0.0,185.0656531268637,225.58433359342818,4039.783004451375,32.73028460540965,22.44875487339483,299.31878919742936,361.5065958804753,9063.988977351393,0.0,0.0,203.53062497092,248.63702876412317,4190.983405855719,823.1188535093661,21.638292650469304,39.089398386596858,21.75,30.0,0.0,22.072505823919934,43.52110970524677,21.0,30.0,0.0,21.275897721515795,39.88392508430873,21.0,30.0,0.0,20.683557333890275,41.5584863884322,16.0,30.0,0.0,18.458024468387025,49.87972296790543,12.0,30.0,0.0,21.468441661314715,48.17559200658207,19.0,30.0,0.0,18.254394994667498,49.32994118434105,10.0,30.0,0.0,17.106124135766519,53.53312234194095,12.0,30.0,0.0,16.58270417594759,55.27662702373546,16.0,30.0,0.0,19.39344349290292,0.0,0.0,0.0,15.945417991562652,0.0,0.0,756.9748906811909,1056.0301715216452,752.5206528618967,762.1287178457515,854.5823002300766,1232.0810902741683,803.4481324215124,822.2679447441294,820.6238143640966,6188.756674674523,82.22922410709656,82.22922410709656,570.0,0.0,570.0,570.0,21.0,16.0,19.0,16.0,12.0,12.0,21.0,10.0,1.0,0.0,823.1188535093661,0.0,0.0,0.0,0.0,0.0,0.0,0.0,0.0,0.0,0.0,82.22922410709656,82.22922410709656,0.255,0.5755632022284614,0.27021103051474468,82.22922410709656,0.2656985864579156,0.0,0.006175 
 03/13  22:10:00,5.811666666666667,90.33333333333333,2.038333333333333,0.0,0.0,0.0,0.0,0.0,2.0,0.0,0.0,4.0,0.0,0.0,0.0,4750.0,0.0,0.0,0.0,0.0,0.0,0.0,0.0,0.0,0.0,0.0,0.0,21.52383611221927,-685.6218490398069,21.79264240640469,-179.49148943165879,21.17225562707254,-812.0772156176482,20.22119355536148,419.12404901406986,18.502138887818015,-1.236331360633704,21.172936784637625,-52.263610486830767,18.377001710852995,83.325646732081,17.08775480590554,-100.78024201610585,18.294015625059026,-316.3222204978097,820.3742208928284,858.1246073385312,0.0,0.0,0.0,0.0,0.0,0.0,0.0,0.0,0.0,0.0,0.0,0.0,0.0,0.0,0.0,0.0,0.0,0.0,0.0,0.0,0.0,0.0,1.5846008613941983,0.48369989664047566,169.24751131141847,203.05594269198725,5446.079531487501,0.17799008328734507,0.02716576362749467,32.5757495190755,38.98253260192967,1074.462945576518,2.777568262375631,0.5248617275842087,278.29249860750368,333.85080411731539,8951.827372791115,0.37905579329077546,0.07162807885313216,284.3715864692847,342.02333406184428,8632.774024398022,0.0,0.0,8.108709676312485,9.82748296373866,209.86097115904284,0.0,0.0,14.841776350322988,17.791471866742048,470.3876881000676,0.0,0.0,168.5312464440506,204.35129231396759,4355.901773346862,0.0,0.0,34.11014371616542,41.52547089353399,784.1004527263175,0.0,0.0,118.29556503212362,143.32718615650399,3090.8643902676815,32.979841674624939,22.61991884405003,291.0493085478548,351.80052914451496,8937.142259793673,0.0,0.0,129.36720561970308,158.33492098022658,2650.58451206901,813.2171570811602,21.60890825621271,39.21409813433431,21.500000000000005,30.0,0.0,22.061602504351887,43.57370541310348,21.000000000000005,30.0,1063.2665591050994,21.5204482020111,39.013480433736237,21.300000000000006,30.0,0.0,20.758620899580817,41.17744824956775,15.999999999999999,30.0,0.0,18.457363236144884,49.74642931863382,12.0,30.0,0.0,21.460312999187687,47.069954396570917,19.0,30.0,0.0,18.47755647344194,48.440808385438248,10.0,30.0,0.0,16.996480866904244,53.889647799243409,12.0,30.0,2855.1426875396434,18.62751678540944,48.53944243225857,20.0,30.0,0.0,19.339573117367896,0.0,0.0,0.0,15.60540462797281,0.0,0.0,762.3432819401666,1058.8241509593946,740.5075634211262,754.8528331792682,849.6971161895506,1212.6229787909943,796.8101801554058,823.4316530717226,815.049877184447,10251.276273622869,81.22651911021817,84.03967274944007,570.0,0.0,570.0,570.0,21.0,16.0,19.0,19.0,12.0,12.0,21.0,10.0,1.0,0.0,813.2171570811602,0.0,1063.2665591050994,0.0,0.0,0.0,0.0,2855.1426875396434,4257.328032327288,2554396.8193963726,3347316.566412056,81.22651911021817,84.08744943726323,0.3459109344109096,0.7676134015175667,0.3602813740196596,84.08744943726323,0.3542647819438876,3347316.566412056,0.18052046145342699 
 03/13  22:20:00,5.633333333333334,90.66666666666667,2.0566666666666668,0.0,0.0,0.0,0.0,0.0,2.0,0.0,0.0,4.0,0.0,0.0,0.0,950.0,0.0,0.0,0.0,0.0,0.0,0.0,0.0,0.0,0.0,0.0,0.0,21.392922116178249,-336.23456863125286,21.765813486171575,-209.2826803652871,21.09239418386896,-375.15396684364057,20.255340097992844,183.7304002796302,18.49539314451806,-2.8238220498621446,21.175810008112209,-33.353238812328189,18.365939300628363,-38.18382514941072,16.947775261196477,-120.79204944716389,18.776163648395717,-167.4735101845663,609.8649829362591,799.0483146574179,0.0,0.0,0.0,0.0,0.0,0.0,0.0,0.0,0.0,0.0,0.0,0.0,0.0,0.0,0.0,0.0,0.0,0.0,0.0,0.0,0.0,0.0,1.6624338390484515,0.5074584368279766,110.43884614712015,132.54261622018147,3530.3822547116994,0.14591851145293079,0.022270835081338645,38.31181310809853,45.728288868860037,1273.1657489897294,2.8484181912339885,0.5382498471719557,161.39346847244108,193.83291854677914,5152.774788560192,0.35324386084032169,0.0667505405971885,175.5604231625612,211.01201138097788,5425.63052868875,0.0,0.0,7.306606580852142,8.838579731111257,191.6455835124814,0.0,0.0,14.418906841472229,17.24358884030802,462.9573336318783,0.0,0.0,134.36632297418283,162.50002848438226,3504.57515435372,0.0,0.0,40.5607930682614,49.33392885407001,930.8497813644644,0.0,0.0,110.24541500171685,132.87183271000067,3073.8282562117526,32.92701223894002,22.58368466319618,173.1045793225246,209.37094234567966,5605.5157199698819,0.0,0.0,103.900246863366,126.76298648697724,2160.403639899112,693.6176783963445,21.46623262328911,40.32339683328115,21.5,30.0,0.0,22.026431118420719,43.231152095867049,21.0,30.0,1109.8616579695507,21.48089646216758,39.00350903879006,21.5,30.0,0.0,20.78728992887612,41.086880798724539,16.0,30.0,0.0,18.44520715187985,49.36093920964883,12.0,30.0,0.0,21.482266473898627,45.49958079728131,19.0,30.0,0.0,18.435543974856374,48.5808247669829,10.0,30.0,0.0,16.780734145033607,54.75136280610966,12.0,30.0,0.0,19.35274782723856,45.85438933634167,19.0,30.0,0.0,18.586909790889508,0.0,0.0,0.0,15.517807082360136,0.0,0.0,804.5656006135291,1037.880663087827,736.095838035686,755.2112486021252,832.1277793560753,1195.5883238640334,798.9460928617991,831.1136890310668,797.8248717373228,7855.727970082487,82.81052050419899,82.81052050419899,570.0,0.0,570.0,570.0,21.0,16.0,19.0,19.0,12.0,12.0,21.0,10.0,1.0,0.0,693.6176783963445,0.0,1109.8616579695507,0.0,0.0,0.0,0.0,0.0,0.0,0.0,0.0,82.81052050419899,82.81052050419899,0.34,0.7702294850583147,0.36028137401965956,82.81052050419899,0.3542647819438875,0.0,0.00646 
 03/13  22:30:00,5.455,91.0,2.075,0.0,0.0,0.0,0.0,0.0,2.0,0.0,0.0,4.0,0.0,0.0,0.0,2854.0,0.0,0.0,0.0,0.0,0.0,0.0,0.0,0.0,0.0,0.0,0.0,21.39209385104442,-451.48164243283198,21.72774628471761,-220.53575310103347,21.28868116604999,-1273.5585010102405,20.22175301125749,357.3452876370976,18.488256980611717,-7.445014801984669,21.168194212221758,-55.97814258675719,18.124445629645849,-142.1736745450836,16.872247630055904,-65.71570485974243,18.937756668305519,-603.6279356712767,832.0059560662124,1272.4398148571887,0.0,0.0,0.0,0.0,0.0,0.0,0.0,0.0,0.0,0.0,0.0,0.0,0.0,0.0,0.0,0.0,0.0,0.0,0.0,0.0,0.0,0.0,1.6619132123330243,0.5072995153641715,159.1063146347935,190.75479266083745,5186.661005462121,0.172668212861969,0.026353512341570383,35.662966564268689,42.66225604819747,1195.8010521636034,2.7488714530423157,0.5194390500835826,279.41259496897927,334.89378897445348,9188.275705115797,0.3652967568167105,0.06902810975372462,248.6539269671062,299.0085126140161,7728.7061960938849,0.0,0.0,7.981119636313582,9.671525970613418,212.0203967542553,0.0,0.0,16.259676888520198,19.481929234564118,527.6607118574932,0.0,0.0,211.25184630640664,256.2948547676743,5421.865869723958,0.0,0.0,41.42292686011668,50.493365620337147,959.1215271715835,0.0,0.0,185.51572254832045,223.75736535778547,5368.472492077592,33.26320074305259,22.814266627608114,284.47126618930226,343.59527649276449,8969.331683590697,0.0,0.0,179.91594843510556,219.58107659347423,3991.5353676088836,406.9731958685422,21.335465217227659,39.852147124418888,21.166666666666687,30.00000000000002,0.0,21.979807950285445,42.903820305002067,21.000000000000019,30.00000000000002,1454.6034325271983,21.486027052873525,38.67384992703957,21.33333333333335,30.00000000000002,0.0,20.752171521187319,40.82511982854069,16.00000000000001,30.00000000000002,0.0,18.434220909192758,49.22807972111768,12.00000000000001,30.00000000000002,0.0,21.479373709136007,44.73974818830776,19.000000000000015,30.00000000000002,0.0,17.9927608920366,50.076822224631758,10.000000000000007,30.00000000000002,0.0,16.69750052652573,54.86529741253935,12.00000000000001,30.00000000000002,1531.945066142362,19.58350497464057,45.390280081820488,19.666666666666683,30.00000000000002,0.0,19.148345879992257,0.0,0.0,0.0,16.118287680585366,0.0,0.0,768.2457090187585,1017.7319204501448,726.3880385363783,742.9987593656484,826.2103292474999,1179.8426789141077,809.8283775875143,828.0891827333901,811.1050802463657,8335.256996042217,81.4854404281772,82.70293322314829,570.0000000000005,0.0,570.0000000000005,570.0000000000005,21.0,16.0,19.0,19.0,12.0,12.0,21.0,10.0,1.0,0.0,406.9731958685422,0.0,1454.6034325271983,0.0,0.0,0.0,0.0,1531.945066142362,1842.4381666661803,1105462.8999997073,1431848.3910932828,81.4854404281772,82.7236102926056,0.2880812722222062,0.6177024650549128,0.3002344783497165,82.7236102926056,0.29522065161990648,1431848.3910932828,0.08091611633685071 
 03/13  22:40:00,5.276666666666667,91.33333333333333,2.0933333333333334,0.0,0.0,0.0,0.0,0.0,2.0,0.0,0.0,0.0,0.0,0.0,0.0,2380.0,0.0,0.0,0.0,0.0,0.0,0.0,0.0,0.0,0.0,0.0,0.0,21.175318477085975,-241.38574049891356,21.347184778648449,-644.0480708222773,20.892659655506387,-510.8454339095059,20.259530860948535,197.1084606469627,18.47511584799637,-11.091256803135366,21.03434372581904,-76.15056823248574,18.04020201875003,-16.609035648485408,16.865123094576007,-37.37884800549564,18.69673107211758,-505.65373999228066,940.0391097461911,1199.146280388143,0.0,0.0,0.0,0.0,0.0,0.0,0.0,0.0,0.0,0.0,0.0,0.0,0.0,0.0,0.0,0.0,0.0,0.0,0.0,0.0,0.0,0.0,1.6004392545092746,0.48853457097352706,314.02999820033258,377.13508353398677,10153.139534354881,0.27264861537238929,0.041613036534247447,203.96410095811712,244.872852905949,6645.620769526212,2.728524055505001,0.5155941147968637,240.29992209816045,288.6468517389694,7814.387550251214,0.35111669735941355,0.06634858226746286,186.81134562457138,224.79759347168977,5898.732724850181,0.0,0.0,8.875060559464928,10.754105968975065,238.66164448359485,0.0,0.0,15.537223958181162,18.632355127770166,505.2787299651275,0.0,0.0,219.8975987565855,266.97897126027177,5688.071941987776,0.0,0.0,39.84056895445196,48.557913858243299,939.5137859526868,0.0,0.0,189.13502241833784,228.6143009675658,5374.471733214567,33.46773800558578,22.954552815902465,378.6290303230897,457.11867148166757,12123.174818278201,0.0,0.0,183.09719231504887,223.57344919188174,4148.353993718338,0.0,21.140644252952649,41.405697747133377,22.0,30.0,0.0,21.32643722782284,39.96044168224746,12.000000000000002,30.0,0.0,21.118314072736124,40.51265140571893,22.0,30.0,0.0,20.79764884283512,41.670570174731327,12.000000000000002,30.0,0.0,18.41435258516626,49.171432025253569,12.000000000000002,30.0,0.0,21.324238500204463,44.146125944693768,12.000000000000002,30.0,0.0,17.89286102432102,50.727731134287967,10.0,30.0,0.0,16.728664812336146,54.55309782521542,12.000000000000002,30.0,0.0,19.169732548761635,46.84666270034844,19.200000000000004,30.0,0.0,19.556455476302433,0.0,0.0,0.0,16.220595630074283,0.0,0.0,828.3775040689066,778.7300856006947,780.0840831769228,795.1729549310849,824.007010161135,1144.9300995896279,828.6785171570617,825.2992934590373,828.8025905955647,0.0,80.21823190725653,80.21823190725653,60.0,0.0,60.0,60.0,12.0,12.0,12.0,19.0,12.0,12.0,21.0,10.0,0.0,0.0,0.0,0.0,0.0,0.0,0.0,0.0,0.0,0.0,0.0,0.0,0.0,80.21823190725653,80.21823190725653,0.0,0.0,0.0,80.21823190725653,0.0,0.0,0.00068 
 03/13  22:50:00,5.098333333333334,91.66666666666667,2.1116666666666665,0.0,0.0,0.0,0.0,0.0,2.0,0.0,0.0,0.0,0.0,0.0,0.0,952.0,0.0,0.0,0.0,0.0,0.0,0.0,0.0,0.0,0.0,0.0,0.0,20.826495995016776,-184.15909113397357,21.001320651771477,-318.07355101260807,20.528747863778805,-43.199284156469278,20.113510273451685,73.91917364150925,18.46257890425839,-9.13756493428329,20.885693996095797,-67.1398778252468,18.08491583521311,1.0541169388998242,16.847970689235646,-48.622009803687209,18.242542703896747,-165.95045524201624,642.2584247528325,966.3007610661878,0.0,0.0,0.0,0.0,0.0,0.0,0.0,0.0,0.0,0.0,0.0,0.0,0.0,0.0,0.0,0.0,0.0,0.0,0.0,0.0,0.0,0.0,1.6085505623972894,0.49101055018232278,166.84854588368627,200.40798375499694,5291.205187282993,0.29587836332286779,0.04515848036063305,99.06609984388763,118.9714362485243,3165.4061098826048,2.7491272103210839,0.5194873791234098,140.65599355382009,169.02733799254254,4500.859098133443,0.32885744772755379,0.06214237485403508,91.8586688128737,110.57227920689009,2899.5199097278939,0.0,0.0,8.374540150453364,10.133282116138963,228.02480514022853,0.0,0.0,14.187953850702762,17.002639340381607,460.8161111020308,0.0,0.0,179.30295841044447,217.33339980800955,4739.038349960493,0.0,0.0,37.33440516758384,45.43315291430385,894.3082313463472,0.0,0.0,147.66745230497475,178.73458383862289,4027.039671414207,33.29918713241006,22.83894865048702,147.05458512729269,177.95620364357507,4959.811308041856,0.0,0.0,141.62546266588289,173.03575680650193,3108.2857593151845,0.0,20.578632097334699,41.29350460972061,22.0,30.0,0.0,20.79612575861317,40.12386303402143,12.0,30.0,0.0,20.55869872843417,41.80364952497875,22.0,30.0,0.0,20.51945379554536,42.10704557146535,12.0,30.0,0.0,18.397338641149248,49.200078554754728,12.0,30.0,0.0,21.11109255426006,43.63911634979836,12.0,30.0,0.0,18.00038119254005,50.10412728599074,10.0,30.0,0.0,16.72803573477249,54.66874512876396,12.0,30.0,0.0,18.40292700033904,49.15216861073429,20.0,30.0,0.0,18.531319130309748,0.0,0.0,0.0,15.628583363455006,0.0,0.0,754.491739164281,725.2208811677658,775.5286592871453,783.9547372624138,826.4394436600878,1112.014502200028,819.5318876560218,834.0437618091856,831.2585876282204,0.0,80.21823190725651,80.21823190725651,60.0,0.0,60.0,60.0,12.0,12.0,12.0,19.0,12.0,12.0,21.0,10.0,0.0,0.0,0.0,0.0,0.0,0.0,0.0,0.0,0.0,0.0,0.0,0.0,0.0,80.21823190725651,80.21823190725651,0.0,0.0,0.0,80.21823190725651,0.0,0.0,0.0007033333333333333 
 03/13  23:00:00,4.92,92.0,2.13,0.0,0.0,0.0,0.0,0.0,2.0,0.0,0.0,0.0,0.0,0.0,0.0,1428.0,0.0,0.0,0.0,0.0,0.0,0.0,0.0,0.0,0.0,0.0,0.0,20.614790917202023,-181.51245638237593,20.777512330925224,-308.2744638809149,20.3494302503832,-153.6936789533949,19.95199046093196,-2.3739495692618699,18.455733937851059,-4.809430159489109,20.78666367969589,-56.70460849894478,18.18813201288245,92.89860161472726,16.782647043827674,-107.1684713418073,18.0926801226256,-39.93955109995298,444.93159674932579,533.7948127909945,0.0,0.0,0.0,0.0,0.0,0.0,0.0,0.0,0.0,0.0,0.0,0.0,0.0,0.0,0.0,0.0,0.0,0.0,0.0,0.0,0.0,0.0,1.6111424788183957,0.49180173346104918,114.9454736650683,138.37934319681885,3641.202520516448,0.29900587702461475,0.04563581761669948,79.1628372112247,95.35399451252163,2509.5479058386406,2.6454684527099969,0.49989955644557818,39.2830138972932,47.23818597874167,1308.2763226710234,0.3098047390185097,0.05854208976162319,43.83383551472359,52.717854806206108,1372.481872930945,0.0,0.0,7.273551694949667,8.80784025092166,200.61432807201616,0.0,0.0,13.09136164109597,15.708384772332064,426.8321519029041,0.0,0.0,104.53100168305383,126.750410776452,2841.4868575781958,0.0,0.0,35.55399291996982,43.31097137632834,857.87609448527,0.0,0.0,75.14786594090248,91.12929190162585,2045.4523570023158,33.0289279675538,22.653585711628148,86.03285122255966,104.468427580174,3155.3056353319927,0.0,0.0,70.53702337875215,86.51935360015108,1459.147450678352,0.0,20.28943467509882,40.95515519816907,22.000000000000019,30.00000000000002,0.0,20.475521442779603,40.51669475879811,12.00000000000001,30.00000000000002,0.0,20.315333006814279,41.47735082585378,22.000000000000019,30.00000000000002,0.0,20.23826805818072,42.634609479431407,12.00000000000001,30.00000000000002,0.0,18.393191316626547,49.05976289935616,12.00000000000001,30.00000000000002,0.0,20.991922850779667,43.26849996150235,12.00000000000001,30.00000000000002,0.0,18.212812525790328,48.437479435366949,10.000000000000007,30.00000000000002,0.0,16.63295659230708,55.09158675171612,12.00000000000001,30.00000000000002,0.0,18.198766972219077,49.33045158006885,20.000000000000015,30.00000000000002,0.0,17.789110609963556,0.0,0.0,0.0,14.832701678623583,0.0,0.0,711.9821804965518,713.2461571489563,737.5495549442455,776.1210726243634,822.3800597245562,1097.6765787280913,781.7596024977358,842.5563418568186,814.278174657109,0.0,80.21823190725657,80.21823190725657,60.00000000000004,0.0,60.00000000000004,60.00000000000004,12.0,12.0,12.0,19.0,12.0,12.0,21.0,10.0,0.0,0.0,0.0,0.0,0.0,0.0,0.0,0.0,0.0,0.0,0.0,0.0,0.0,80.21823190725657,80.21823190725657,0.0,0.0,0.0,80.21823190725657,0.0,0.0,0.0007266666666666668 
 03/13  23:10:00,4.821666666666667,92.16666666666667,2.1066666666666666,0.0,0.0,0.0,0.0,0.0,2.0,0.0,0.0,0.0,0.0,0.0,0.0,1904.0,0.0,0.0,0.0,0.0,0.0,0.0,0.0,0.0,0.0,0.0,0.0,20.457394065348685,-71.94445851261242,20.59091076563511,-437.58874069214496,20.140113984709254,-171.89579323373619,19.772206865200994,-110.29345679319235,18.44998508007467,-1.6063207083481004,20.702860515788325,-50.15640450468911,18.328065802633814,76.38272730872143,16.673821294494976,-137.98407019268934,17.943247484637113,-233.41765729386737,557.1509267395945,660.8504301945897,0.0,0.0,0.0,0.0,0.0,0.0,0.0,0.0,0.0,0.0,0.0,0.0,0.0,0.0,0.0,0.0,0.0,0.0,0.0,0.0,0.0,0.0,1.5961050429518369,0.4872115515725998,127.5159919287436,153.67285696374396,4009.256178110824,0.293397287156652,0.04477980573208974,94.981226797304,114.43974700079767,2978.215621637939,2.6533549462133827,0.5013898235475026,100.33753975927718,120.79339811797613,3173.459363247031,0.30902083921072207,0.05839396054624375,66.22839062397685,79.77420839308225,2040.5196949295813,0.0,0.0,6.571915929237521,7.961963560750835,182.5535991738213,0.0,0.0,12.793696929951468,15.364241467196875,417.244183953888,0.0,0.0,120.03871469339171,145.31992379512747,3353.575333259287,0.0,0.0,37.737999371199268,46.01653726546579,905.3645117535697,0.0,0.0,62.2664536606531,75.49998970244413,1673.6823824918402,32.824339528390868,22.51326442276466,139.3238911745632,169.01254071405675,4672.657442319046,0.0,0.0,83.25455011761231,102.04223793781512,1721.598610250743,0.0,20.10039648296541,40.90228015097682,22.0,30.0,0.0,20.219534906867819,40.014897908277308,12.0,30.0,0.0,20.015786901333294,41.37485205229113,22.0,30.0,0.0,19.93509125488175,42.246241690840758,12.0,30.0,0.0,18.392283829753145,48.67331529714507,12.0,30.0,0.0,20.89461219286239,42.781871760516,12.0,30.0,0.0,18.47162138564762,47.033825189061307,10.0,30.0,0.0,16.46224075267572,55.3894390407837,12.0,30.0,0.0,17.964023438281616,49.67421472503946,20.0,30.0,0.0,18.09084190232879,0.0,0.0,0.0,14.717970762742356,0.0,0.0,693.1110268625147,669.6009589827939,704.8486117386718,730.3712569227113,809.1425122140453,1079.7864421941695,761.480521621665,839.2364145618475,805.3873364912078,0.0,80.21823190725651,80.21823190725651,60.0,0.0,60.0,60.0,12.0,12.0,12.0,19.0,12.0,12.0,21.0,10.0,0.0,0.0,0.0,0.0,0.0,0.0,0.0,0.0,0.0,0.0,0.0,0.0,0.0,80.21823190725651,80.21823190725651,0.0,0.0,0.0,80.21823190725651,0.0,0.0,0.00075 
 03/13  23:20:00,4.723333333333334,92.33333333333334,2.0833333333333337,0.0,0.0,0.0,0.0,0.0,2.0,0.0,0.0,0.0,0.0,0.0,0.0,952.0,0.0,0.0,0.0,0.0,0.0,0.0,0.0,0.0,0.0,0.0,0.0,20.25295342602797,-270.2275378838908,20.438069731239684,-194.0037796608567,19.984363221130758,-125.49268344583902,19.632834641678543,13.514657120224229,18.444307361899044,0.8481582940957537,20.62071767294995,-52.339688411479617,18.296099151814546,1.9651238123674376,16.58136575121827,-119.90907456241757,17.638825925607919,-381.9253456934139,456.9441731448171,899.5841129925852,0.0,0.0,0.0,0.0,0.0,0.0,0.0,0.0,0.0,0.0,0.0,0.0,0.0,0.0,0.0,0.0,0.0,0.0,0.0,0.0,0.0,0.0,1.5994056835643876,0.48821907312710247,129.1755886594947,155.6493252382126,4007.387253705753,0.2982691864352924,0.045523380103066609,61.28090437834253,73.8850708659165,1914.02653994433,2.665465052337093,0.5036782033894736,94.05404007752556,113.27512232422163,2969.3233405989169,0.3131005036121355,0.05916487218672248,89.27675875024383,107.49814246906998,2736.1819186853015,0.0,0.0,6.47102660045153,7.829476243218758,181.0886455924133,0.0,0.0,12.884505066026194,15.459617526886817,420.41686012539108,0.0,0.0,160.02472041951956,193.60298394635826,4476.448931488465,0.0,0.0,37.94614158059203,46.24029946700877,908.4917382476683,0.0,0.0,95.29010512319064,115.62596544198488,2487.37833200595,32.70583995290783,22.43198899376395,105.58983157246891,128.09099224181854,3685.432710333317,0.0,0.0,122.83040485375429,150.30918489496856,2628.459911779523,0.0,19.779588377701786,40.8970533705438,22.0,30.0,0.0,20.050155666107096,40.07729006620335,12.0,30.0,0.0,19.822255214898087,41.26100389620598,22.0,30.0,0.0,19.735664558579118,42.13783721565579,12.0,30.0,0.0,18.39277560192962,48.25592820269407,12.0,30.0,0.0,20.796804235701335,42.284818470207508,12.0,30.0,0.0,18.394533733828376,47.238437123407077,10.0,30.0,0.0,16.332027243489823,54.93001907792353,12.0,30.0,0.0,17.45497394437715,50.89169942349058,20.0,30.0,0.0,17.729670235563746,0.0,0.0,0.0,15.015183035799226,0.0,0.0,664.1762737978859,657.2753346321247,682.5993814825938,707.2640452846636,796.5829526089557,1061.176621278355,765.5408755231049,810.7855696159726,798.7327436506985,0.0,80.21823190725651,80.21823190725651,60.0,0.0,60.0,60.0,12.0,12.0,12.0,19.0,12.0,12.0,21.0,10.0,0.0,0.0,0.0,0.0,0.0,0.0,0.0,0.0,0.0,0.0,0.0,0.0,0.0,80.21823190725651,80.21823190725651,0.0,0.0,0.0,80.21823190725651,0.0,0.0,0.0007666666666666667 
 03/13  23:30:00,4.625,92.5,2.06,0.0,0.0,0.0,0.0,0.0,2.0,0.0,0.0,0.0,0.0,0.0,0.0,1428.0,0.0,0.0,0.0,0.0,0.0,0.0,0.0,0.0,0.0,0.0,0.0,20.15438432590588,-73.17816942956321,20.28182399014124,-446.9448291797995,19.825120021343904,-130.4909852014622,19.51615134948677,-92.32444929788635,18.436327685695248,0.4472315468163969,20.54740535192193,-60.707675105219468,18.146161636379686,-89.82397553011647,16.54326845544013,-85.14865690403156,17.376285274791763,-413.3634823374596,550.4381684637726,1018.8389386121022,0.0,0.0,0.0,0.0,0.0,0.0,0.0,0.0,0.0,0.0,0.0,0.0,0.0,0.0,0.0,0.0,0.0,0.0,0.0,0.0,0.0,0.0,1.5854236497294146,0.48395105303095667,156.6026350821054,188.93854882077737,4857.82893522813,0.2888881756091442,0.04409160189394752,116.94718787258296,141.09804577669704,3627.0222420918209,2.6664309072112379,0.5038607156483821,127.49546576450624,153.77625770425068,3971.7164986184359,0.3089265042294871,0.05837613458607084,93.12521435566984,112.2967934669063,2836.9538399249997,0.0,0.0,6.667496320599745,8.07351952423357,187.86402740575964,0.0,0.0,13.54720582321184,16.274122910743907,442.5574144911941,0.0,0.0,188.54005249062608,228.56185092658354,5209.949121836282,0.0,0.0,34.66708931192854,42.29091610023916,835.19510971028,0.0,0.0,128.10467321412046,155.8460041382416,3273.9632336890765,32.5526149216567,22.326896379737108,166.31683284309214,201.861064047205,5446.481589865085,0.0,0.0,155.13355147287587,189.97888100221778,3388.3496668654699,0.0,19.715762347807016,40.78728407106682,21.999999999999994,29.99999999999999,0.0,19.827778939308219,40.13343207438431,11.999999999999995,29.99999999999999,0.0,19.612103169477935,41.31600764006865,21.999999999999994,29.99999999999999,0.0,19.556959155605065,41.86900236595429,11.999999999999995,29.99999999999999,0.0,18.390079288257924,47.991597115352,11.999999999999995,29.99999999999999,0.0,20.715480565239177,41.95613968589784,11.999999999999995,29.99999999999999,0.0,18.11400610008625,47.56517125411567,9.999999999999997,29.99999999999999,0.0,16.3080098430244,54.27141993531026,11.999999999999995,29.99999999999999,0.0,17.054860739558987,51.565733396171328,19.999999999999994,29.99999999999999,0.0,17.985347673139534,0.0,0.0,0.0,15.159095684850307,0.0,0.0,655.7078516469899,641.6405833550009,666.1873502345214,681.3622040468737,792.5837389113959,1044.7239720051628,751.0671685508771,786.0894472915212,778.9939231709502,0.0,80.21823190725647,80.21823190725647,59.99999999999998,0.0,59.99999999999998,59.99999999999998,12.0,12.0,12.0,19.0,12.0,12.0,21.0,10.0,0.0,0.0,0.0,0.0,0.0,0.0,0.0,0.0,0.0,0.0,0.0,0.0,0.0,80.21823190725647,80.21823190725647,0.0,0.0,0.0,80.21823190725647,0.0,0.0,0.0007833333333333334 
 03/13  23:40:00,4.526666666666667,92.66666666666667,2.0366666666666668,0.0,0.0,0.0,0.0,0.0,2.0,0.0,0.0,0.0,0.0,0.0,0.0,952.0,0.0,0.0,0.0,0.0,0.0,0.0,0.0,0.0,0.0,0.0,0.0,20.046955886966864,-164.73101602596356,20.17787280017473,-202.69809772647705,19.708953805258326,-194.69166311268897,19.422124468214688,-9.083667510633637,18.421521142983467,-2.123927431777901,20.46653518465539,-66.62368563744733,18.01052955961322,-81.254185848336,16.522032332815294,-76.44236164166719,17.16121476832287,-368.79763795843078,425.00593044721168,1013.6387598326231,0.0,0.0,0.0,0.0,0.0,0.0,0.0,0.0,0.0,0.0,0.0,0.0,0.0,0.0,0.0,0.0,0.0,0.0,0.0,0.0,0.0,0.0,1.5787966277736945,0.481928152556073,99.77699762505248,120.41448301058128,3111.6002116728707,0.2929399940834515,0.044710011306998118,56.92323058422804,68.74441395949046,1766.5188116737989,2.656488202575515,0.501981897690007,94.65338202391667,114.16897778886707,2963.0175774602996,0.3100176352600321,0.05858231958806352,84.1009220249292,101.38221064316075,2564.0953208800085,0.0,0.0,6.961184614998824,8.423369448100868,197.35940904812242,0.0,0.0,13.786472771510056,16.554726060850667,450.6201584173367,0.0,0.0,195.02195349857423,236.42806839602938,5343.165967605337,0.0,0.0,31.57610040050269,38.48955825092909,767.2936086607831,0.0,0.0,135.86636518168269,165.33837227000397,3419.170187723962,32.470194808041117,22.270366809356064,103.08151148150239,125.1998842229423,3604.3496402342855,0.0,0.0,161.34388635337855,197.48232485053229,3536.2669396111148,0.0,19.58279423428992,40.72800503884112,22.000000000000008,30.00000000000001,0.0,19.746585246477527,39.923578263858207,12.000000000000004,30.00000000000001,0.0,19.479442646964274,40.96951906701551,22.000000000000008,30.00000000000001,0.0,19.44150421780418,41.89226726046054,12.000000000000004,30.00000000000001,0.0,18.375658034961913,47.658154589773847,12.000000000000004,30.00000000000001,0.0,20.619193606154647,41.61258354640381,12.000000000000004,30.00000000000001,0.0,17.887710057380894,47.85617252348117,10.000000000000004,30.00000000000001,0.0,16.309592655472949,53.78811271566528,12.000000000000004,30.00000000000001,0.0,16.749947461049197,52.13655435741962,20.000000000000008,30.00000000000001,0.0,17.504626489944326,0.0,0.0,0.0,15.094407262271842,0.0,0.0,644.4716773168525,628.0418217555703,643.4793512758806,672.8108497656335,785.7660385263855,1024.4708004335647,739.297442303443,772.9491757748027,767.4917394196097,0.0,80.21823190725654,80.21823190725654,60.00000000000002,0.0,60.00000000000002,60.00000000000002,12.0,12.0,12.0,19.0,12.0,12.0,21.0,10.0,0.0,0.0,0.0,0.0,0.0,0.0,0.0,0.0,0.0,0.0,0.0,0.0,0.0,80.21823190725654,80.21823190725654,0.0,0.0,0.0,80.21823190725654,0.0,0.0,0.0007999999999999999 
 03/13  23:50:00,4.428333333333333,92.83333333333333,2.013333333333333,0.0,0.0,0.0,0.0,0.0,2.0,0.0,0.0,0.0,0.0,0.0,0.0,952.0,0.0,0.0,0.0,0.0,0.0,0.0,0.0,0.0,0.0,0.0,0.0,19.78822617234836,-202.57895260297847,20.095302125079838,-407.85895700786207,19.54120926941612,-122.40293289171132,19.302225930894765,-154.2513201984125,18.401533720759188,-4.494848446864211,20.389255072579716,-69.67152101296563,17.860795392223055,-140.39843945972553,16.5004851297713,-70.65909272153209,16.987862802486036,-380.7158470420518,653.9680568636777,979.856129692499,0.0,0.0,0.0,0.0,0.0,0.0,0.0,0.0,0.0,0.0,0.0,0.0,0.0,0.0,0.0,0.0,0.0,0.0,0.0,0.0,0.0,0.0,1.5662470181871533,0.47809738039900898,381.2583258155415,460.2707092942826,11524.788793441321,0.2689042464906967,0.04104155166219425,251.7828090221867,303.417420936046,7790.8456382749159,2.5556854569906828,0.48293375982439226,191.39483341674714,231.15660832268206,5856.559867196917,0.3075741452148328,0.058120586775289629,195.71962915583993,236.35287886070916,5933.342875639917,0.0,0.0,6.8242857039104909,8.26149473306981,194.53823119293538,0.0,0.0,14.01136544023392,16.83044017780122,458.3490661319921,0.0,0.0,195.8733375296208,237.71816651410226,5311.629675441769,0.0,0.0,26.090745330847104,31.803660374530858,639.1484451776057,0.0,0.0,143.62864266314353,174.95627503854008,3577.520196119203,32.260400616119429,22.12647504534941,422.3518775389639,511.7317822075295,12812.908996767273,0.0,0.0,166.04788551662899,203.35273772595054,3634.330562415611,0.0,19.15844139557959,41.06502817949412,22.0,30.0,0.0,19.66554629996467,39.86168520965518,12.0,30.0,0.0,19.251610307666185,41.276339467992169,22.0,30.0,0.0,19.257198179251448,41.28787401546741,12.0,30.0,0.0,18.35315523011227,47.24573110575798,12.0,30.0,0.0,20.52992803992835,41.29694317094875,12.0,30.0,0.0,17.63678755840967,47.827385369805,10.0,30.0,0.0,16.3073043840555,53.117535394486207,12.0,30.0,0.0,16.51531105318311,52.07772648114074,20.0,30.0,0.0,18.219076207246496,0.0,0.0,0.0,14.977461056591029,0.0,0.0,619.5875269792541,621.5645100451948,636.209751853833,637.477328905311,773.6167032549952,1005.7795916460191,717.4150137850554,755.1953752286204,745.3849609843412,0.0,80.21823190725651,80.21823190725651,60.0,0.0,60.0,60.0,12.0,12.0,12.0,19.0,12.0,12.0,21.0,10.0,0.0,0.0,0.0,0.0,0.0,0.0,0.0,0.0,0.0,0.0,0.0,0.0,0.0,80.21823190725651,80.21823190725651,0.0,0.0,0.0,80.21823190725651,0.0,0.0,0.0008066666666666666 
 03/13  24:00:00,4.33,93.0,1.99,0.0,0.0,0.0,0.0,0.0,2.0,0.0,0.0,0.0,0.0,0.0,0.0,952.0,0.0,0.0,0.0,0.0,0.0,0.0,0.0,0.0,0.0,0.0,0.0,19.756935678998599,-304.15548037291048,19.815997196889897,-346.3387040896432,19.440839517585716,-147.44741535797267,19.165245070793249,-96.14385386013703,18.380512051951635,-8.401877264878749,20.318869179430327,-76.2864244236049,17.736297747167304,-98.05860238716287,16.475866394376856,-68.73830529158659,16.84200770017963,-365.3637460242344,649.1874255121202,935.8535228449905,0.0,0.0,0.0,0.0,0.0,0.0,0.0,0.0,0.0,0.0,0.0,0.0,0.0,0.0,0.0,0.0,0.0,0.0,0.0,0.0,0.0,0.0,1.5605848087102659,0.4763689892277979,367.43131909097056,443.6953758637201,11151.883576407827,0.2787309958164398,0.0425413607778449,218.751865919031,264.26848027167918,6643.800132988417,2.63215613129217,0.49738400062210338,173.7796036094075,209.7323090873968,5334.834857289552,0.3005931408042519,0.0568014249441141,57.8903681815371,69.89282930485054,1748.1286034135197,0.0,0.0,7.133633417985482,8.63282365203414,204.47229187171474,0.0,0.0,14.163296780928498,17.02038063130675,464.05876557619185,0.0,0.0,194.20859976508107,235.8444728833797,5234.552011600723,0.0,0.0,23.214471253108955,28.299874645764907,572.8947786698054,0.0,0.0,141.61155891399396,172.63676470873038,3504.538045119636,32.24385857898403,22.11512934086697,370.12835388131028,448.4570123764432,11399.854794791074,0.0,0.0,162.21845744879929,198.79121644170017,3537.9451888496967,0.0,19.176808016871634,40.70575102051781,22.0,30.0,0.0,19.235779084468616,40.29271107931232,12.0,30.0,0.0,19.141049696839788,40.774847907479628,22.0,30.0,0.0,19.074743450560104,41.20599012874251,12.0,30.0,0.0,18.330663757240488,46.77153196364683,12.0,30.0,0.0,20.45346348520648,40.83477341566855,12.0,30.0,0.0,17.454966587664424,47.68217603736339,10.0,30.0,0.0,16.296971656824906,52.45183765590257,12.0,30.0,0.0,16.331353105272997,51.91673069904475,20.0,30.0,0.0,18.183464128296565,0.0,0.0,0.0,14.834581125956565,0.0,0.0,611.3542091444831,602.0359519116239,611.2957522207723,620.9870361410433,760.2621484664876,981.290232885671,698.3869911204483,737.6704353504169,726.090426964333,0.0,80.21823190725651,80.21823190725651,60.0,0.0,60.0,60.0,12.0,12.0,12.0,19.0,12.0,12.0,21.0,10.0,0.0,0.0,0.0,0.0,0.0,0.0,0.0,0.0,0.0,0.0,0.0,0.0,0.0,80.21823190725651,80.21823190725651,0.0,0.0,0.0,80.21823190725651,0.0,0.0,0.0008133333333333332 
 03/14  00:10:00,4.206666666666667,93.0,1.975,0.0,0.0,0.0,0.0,0.0,2.0,2.0,0.0,0.0,0.0,0.0,0.0,1428.0,0.0,0.0,0.0,0.0,0.0,0.0,0.0,0.0,0.0,0.0,0.0,19.594831915691999,-117.62700768825413,19.771721230495119,-345.1618884407824,19.320523987068098,-267.8046973577228,19.083324771016,-98.14032175716982,18.357872433620828,-4.265472329644155,20.24717055171932,-74.7224793608958,17.861464840182927,59.79128955798221,16.428382582729136,-104.95982567262596,16.895203287881015,-135.60535059711544,514.9209814539278,529.133111499685,0.0,0.0,0.0,0.0,0.0,0.0,0.0,0.0,0.0,0.0,0.0,0.0,0.0,0.0,0.0,0.0,0.0,0.0,0.0,0.0,0.0,0.0,1.5693430282830603,0.4790424384258426,216.85709790536596,262.0484865838896,6603.644928717544,0.2858608430493102,0.043629554799955779,103.21170664323457,124.7743157242877,3162.3296005983027,2.6426713399831684,0.4993710015085353,199.0244639312249,240.4513386517684,6053.039225568153,0.30103045559003618,0.056884061902879087,120.91864507634233,146.12496398356275,3651.065454233305,0.0,0.0,6.413388297522257,7.770069401181174,185.12656821372813,0.0,0.0,13.92812498423887,16.75604633309056,457.69872436886205,0.0,0.0,85.03024010205728,103.23700523491107,2363.7509025915408,0.0,0.0,27.138393700416477,33.1095867119728,673.3677451511678,0.0,0.0,31.85841409374034,38.83979714936554,807.4561085616552,32.21795004115066,22.097359424657524,260.28447173320827,315.6387393701366,8202.964731729155,0.0,0.0,68.19536007270037,83.82000228469815,1412.5129447869529,0.0,19.00044875335626,40.885326943215307,22.0,30.0,0.0,19.247488226249297,39.633572138317578,12.0,30.0,0.0,18.985828990905007,40.776986286174977,22.0,30.0,0.0,18.984421052184794,41.22773634970461,12.0,30.0,0.0,18.30770290062393,46.31985116837036,12.0,30.0,0.0,20.376658556947147,40.528242560223009,12.0,30.0,0.0,17.759790995266667,45.573676864128007,10.0,30.0,0.0,16.240931051122894,52.065785118007038,12.0,30.0,0.0,16.508714311617444,51.07145428119285,20.0,30.0,0.0,17.690540924479998,0.0,0.0,0.0,14.161368286700573,0.0,0.0,604.890060925138,584.1580310813818,601.4090799043536,616.911631529541,746.9820198600553,967.8486741816918,659.0056925695626,724.4343553910786,770.9342763324008,0.0,80.21823190725651,80.21823190725651,60.0,0.0,60.0,60.0,12.0,12.0,12.0,19.0,12.0,12.0,21.0,10.0,0.0,0.0,0.0,0.0,0.0,0.0,0.0,0.0,0.0,0.0,0.0,0.0,0.0,80.21823190725651,80.21823190725651,0.0,0.0,0.0,80.21823190725651,0.0,0.0,0.00082 
 03/14  00:20:00,4.083333333333334,93.0,1.9600000000000002,0.0,0.0,0.0,0.0,0.0,2.0,2.0,0.0,0.0,0.0,0.0,0.0,952.0,0.0,0.0,0.0,0.0,0.0,0.0,0.0,0.0,0.0,0.0,0.0,19.55066075062502,-179.61012027184416,19.69782733935622,-224.91662458025929,19.257921308653388,-83.48408725856894,18.982836677356557,-60.33888429124136,18.338182803869527,-1.7974141997791549,20.179366123684348,-68.5901791863158,17.944572206824444,20.815029351959767,16.335187921103868,-129.64374221480564,16.986588733590595,-162.11026815467319,443.4074533265748,590.8395102699772,0.0,0.0,0.0,0.0,0.0,0.0,0.0,0.0,0.0,0.0,0.0,0.0,0.0,0.0,0.0,0.0,0.0,0.0,0.0,0.0,0.0,0.0,1.5757251758946358,0.4809905909324286,145.8358270181211,176.23514132740116,4480.942934233958,0.28956732443941476,0.044195257087822768,82.87333663004111,100.25547654591125,2553.1658634951379,2.671957660598285,0.5049050756988447,88.7774302496133,107.1848917072187,2774.910454341426,0.31142087037227009,0.05884748117389833,90.58389615604271,109.37471073334456,2742.425876467054,0.0,0.0,6.142810653625038,7.436534537683977,178.67586110638625,0.0,0.0,13.541340928024355,16.282433333400719,446.529583464137,0.0,0.0,86.96746796181954,105.4464861856399,2467.893828090493,0.0,0.0,31.24485953671705,38.111138186369277,774.7151867022562,0.0,0.0,31.945754667656034,38.88865100079366,830.4263635832388,32.273153491108519,22.135221873188294,139.8027550245776,169.91193048538436,4686.842469461304,0.0,0.0,71.01306293757718,87.25840166418952,1471.6988087102123,0.0,18.988372629346729,40.13083639665434,22.0,30.0,0.0,19.197282043862488,39.355783601181069,12.0,30.0,0.0,18.964171471111706,40.82169769005287,22.0,30.0,0.0,18.85888880556162,41.25351348726469,12.0,30.0,0.0,18.29119482234949,45.73937722449776,12.0,30.0,0.0,20.304809008348607,40.122833330397757,12.0,30.0,0.0,17.9266249071361,44.64793734888959,10.0,30.0,0.0,16.102474816340874,51.78128103260059,12.0,30.0,0.0,16.70960689956029,49.986429897831047,20.0,30.0,0.0,17.37223975283558,0.0,0.0,0.0,14.038899562230489,0.0,0.0,582.444708649366,572.9920216625903,604.0816527447793,614.6470260126778,731.6702844426962,960.1757824818883,654.4095380726802,708.7825925836269,803.2413501887479,0.0,80.21823190725651,80.21823190725651,60.0,0.0,60.0,60.0,12.0,12.0,12.0,19.0,12.0,12.0,21.0,10.0,0.0,0.0,0.0,0.0,0.0,0.0,0.0,0.0,0.0,0.0,0.0,0.0,0.0,80.21823190725651,80.21823190725651,0.0,0.0,0.0,80.21823190725651,0.0,0.0,0.00083 
 03/14  00:30:00,3.96,93.0,1.9449999999999999,0.0,0.0,0.0,0.0,0.0,2.0,2.0,0.0,0.0,0.0,0.0,0.0,952.0,0.0,0.0,0.0,0.0,0.0,0.0,0.0,0.0,0.0,0.0,0.0,19.355890996729614,-175.70498640540974,19.659383688730068,-365.33510173401739,19.147054279355655,-245.4703726313769,18.91036815487614,-89.59417467804133,18.318000091727336,-0.04719864878273938,20.119941497660215,-58.14988632792159,17.94226635385597,-26.395063271520486,16.234473162239266,-148.71540043965298,17.04021646029065,-151.12397850037588,638.5255763806144,611.1036216033178,0.0,0.0,0.0,0.0,0.0,0.0,0.0,0.0,0.0,0.0,0.0,0.0,0.0,0.0,0.0,0.0,0.0,0.0,0.0,0.0,0.0,0.0,1.61160060221111,0.49194157576651717,404.4816157536708,489.0228762251371,12262.201204380191,0.2803054878307394,0.04278166786183447,241.22850814475954,291.1856419711388,7477.795748558567,2.5628861143744254,0.48429442826425286,259.9574070715498,314.193371672853,7939.384650036231,0.3017234915278597,0.057015021074803409,119.81733082975595,144.8024848545846,3634.160777154655,0.0,0.0,5.884010517233852,7.125898932648794,172.42357779656957,0.0,0.0,12.981343461333852,15.611535020794293,429.89328770136219,0.0,0.0,81.24783559339895,98.54901691417445,2327.5503182717077,0.0,0.0,35.85574819628641,43.770206258514978,887.8229065704738,0.0,0.0,28.41240682066815,34.57706188569999,752.6160828096777,32.28524951949523,22.14351818895421,479.4488416905404,581.2918454822057,14612.672253691539,0.0,0.0,70.11109427102393,86.19647225478555,1455.9207255347927,0.0,18.68453885194468,40.47914667555847,22.0,30.0,0.0,19.19645095657865,39.11227013165686,12.0,30.0,0.0,18.820744303113725,40.33903793729246,22.0,30.0,0.0,18.772291265046819,40.77084302909457,12.0,30.0,0.0,18.274606727763286,45.10918378473697,12.0,30.0,0.0,20.249182520729734,39.73181499699584,12.0,30.0,0.0,17.93030126124892,43.74831514320439,10.0,30.0,0.0,15.95518078739391,51.087770105912,12.0,30.0,0.0,16.834337344099319,48.81038641283238,20.0,30.0,0.0,17.925267006834255,0.0,0.0,0.0,13.933017653435165,0.0,0.0,574.9792487392042,571.4059205464055,587.5975244762858,600.4994331656315,715.3847014618395,961.7210163311194,641.630396042206,686.2315652431225,806.9075328628159,0.0,80.21823190725651,80.21823190725651,60.0,0.0,60.0,60.0,12.0,12.0,12.0,19.0,12.0,12.0,21.0,10.0,0.0,0.0,0.0,0.0,0.0,0.0,0.0,0.0,0.0,0.0,0.0,0.0,0.0,80.21823190725651,80.21823190725651,0.0,0.0,0.0,80.21823190725651,0.0,0.0,0.0008400000000000001 
 03/14  00:40:00,3.836666666666667,93.0,1.9300000000000002,0.0,0.0,0.0,0.0,0.0,2.0,2.0,0.0,0.0,0.0,0.0,0.0,952.0,0.0,0.0,0.0,0.0,0.0,0.0,0.0,0.0,0.0,0.0,0.0,19.41115601338869,-262.908347449812,19.467373927310235,-265.5840363351058,18.973115690709549,-115.48615050850549,18.852705883554685,-152.01116943199305,18.296589376457065,-1.4076263866988513,20.065648806818638,-57.92974325616797,17.8937308741283,-3.1448826902674229,16.14020873019809,-157.14822062982638,17.076456139906765,-152.7536331530883,647.9909011666769,621.6398940207172,0.0,0.0,0.0,0.0,0.0,0.0,0.0,0.0,0.0,0.0,0.0,0.0,0.0,0.0,0.0,0.0,0.0,0.0,0.0,0.0,0.0,0.0,1.5862972847351916,0.48421773038314766,364.957923133623,441.21612728570906,11207.982587832066,0.27926572160262766,0.04262297338257443,192.41337970528248,232.76757997031945,5916.883065580787,2.800465941719166,0.5291885755327225,336.9854558846934,407.5881303533695,10251.434500537776,0.31253081535124818,0.05905722134377325,191.45259800447634,231.53898150901984,5823.220130896792,0.0,0.0,5.9139036819204648,7.159143187922812,174.57246380368918,0.0,0.0,12.981398597168188,15.61530452728072,431.91706509915516,0.0,0.0,85.19561186797177,103.3218011989963,2449.2993168629884,0.0,0.0,38.18291288142493,46.63229168952215,945.2810795243125,0.0,0.0,27.31945543670639,33.2357960827116,735.2603629364203,32.34651946882505,22.18554147381691,506.6249980676024,614.4795593753555,15521.220837728906,0.0,0.0,70.61472412074912,86.8462873303408,1468.6910833318175,0.0,18.846821201145575,39.711612630398587,22.0,30.0,0.0,18.922872111655957,39.33495098640152,12.0,30.0,0.0,18.576982493790589,40.439555673076217,22.0,30.0,0.0,18.71854679875697,40.397369913479199,12.0,30.0,0.0,18.256555815860034,44.544557038037478,12.0,30.0,0.0,20.201113960630037,39.26043131251901,12.0,30.0,0.0,17.857827096462139,43.3938832882693,10.0,30.0,0.0,15.825880841889754,50.61884040497542,12.0,30.0,0.0,16.92154731961775,47.793894272867508,20.0,30.0,0.0,17.915787823577309,0.0,0.0,0.0,13.822533138273082,0.0,0.0,570.2015088103594,563.3626120346733,573.4627857693517,586.9995569620028,702.669062336001,956.8539353453341,632.7578239128037,674.5558906775692,807.5141855206169,0.0,80.21823190725651,80.21823190725651,60.0,0.0,60.0,60.0,12.0,12.0,12.0,19.0,12.0,12.0,21.0,10.0,0.0,0.0,0.0,0.0,0.0,0.0,0.0,0.0,0.0,0.0,0.0,0.0,0.0,80.21823190725651,80.21823190725651,0.0,0.0,0.0,80.21823190725651,0.0,0.0,0.00085 
 03/14  00:50:00,3.7133333333333335,93.0,1.9149999999999999,0.0,0.0,0.0,0.0,0.0,2.0,2.0,0.0,0.0,0.0,0.0,0.0,952.0,0.0,0.0,0.0,0.0,0.0,0.0,0.0,0.0,0.0,0.0,0.0,19.22252169874832,-112.55906855733156,19.46765514172202,-324.90810619616379,18.96612655391437,-234.84605586850558,18.720202994555828,-82.25644577581079,18.26987219736276,-1.2339065739245428,20.006986512169037,-54.31145439830894,17.879666864956606,-37.21584463540239,16.049890355790497,-161.81348655629359,17.09847997790406,-146.21288232681315,628.3436979292492,619.8428807656821,0.0,0.0,0.0,0.0,0.0,0.0,0.0,0.0,0.0,0.0,0.0,0.0,0.0,0.0,0.0,0.0,0.0,0.0,0.0,0.0,0.0,0.0,1.5947428267999318,0.4867957346764139,365.8351189111912,442.5166756272224,11189.488785778443,0.27281297607841578,0.04163812211209032,187.19278462758389,226.01684727999089,5818.219205719352,2.715076023929193,0.5130529145746776,320.66912772257686,387.9819565058899,9851.356633867425,0.3128528142329604,0.05911806769330316,165.24456176234555,199.9506781216381,5014.135042268605,0.0,0.0,5.817085397303815,7.0461340368607419,172.86522654190135,0.0,0.0,12.908792985905578,15.53120998890618,431.2984249475271,0.0,0.0,81.05590582863033,98.33728297023689,2349.956456137843,0.0,0.0,39.243242723140287,47.94974700260633,972.2473906376188,0.0,0.0,25.216155743105035,30.6722297341065,687.9519668447777,32.356988199971628,22.192721673505923,483.531190251319,586.6115093321874,14865.34174755332,0.0,0.0,68.95805708441117,84.84952627058948,1435.3980464898955,0.0,18.58780396872557,40.153453344633408,22.0,30.0,0.0,19.00221528517013,38.89889671764986,12.0,30.0,0.0,18.632434408621874,39.89842987956419,22.0,30.0,0.0,18.536631759678927,40.392470805335609,12.0,30.0,0.0,18.229786082925135,43.96153531942839,12.0,30.0,0.0,20.144457961511699,38.857159803023737,12.0,30.0,0.0,17.85225882933974,43.02415012718265,10.0,30.0,0.0,15.70715869851267,50.264095004218507,12.0,30.0,0.0,16.98171696821229,46.95829969229885,20.0,30.0,0.0,17.79491684652049,0.0,0.0,0.0,13.704007272484333,0.0,0.0,568.3677943467842,559.0040349343317,565.1597509914527,578.0009897082678,688.604673325103,953.5931153930112,629.2386359579323,663.7640385970055,807.110497128074,0.0,80.21823190725651,80.21823190725651,60.0,0.0,60.0,60.0,12.0,12.0,12.0,19.0,12.0,12.0,21.0,10.0,0.0,0.0,0.0,0.0,0.0,0.0,0.0,0.0,0.0,0.0,0.0,0.0,0.0,80.21823190725651,80.21823190725651,0.0,0.0,0.0,80.21823190725651,0.0,0.0,0.0008366666666666668 
 03/14  01:00:00,3.59,93.0,1.9,0.0,0.0,0.0,0.0,0.0,2.0,2.0,0.0,0.0,0.0,0.0,0.0,952.0,0.0,0.0,0.0,0.0,0.0,0.0,0.0,0.0,0.0,0.0,0.0,19.24697380868448,-259.1303083413768,19.29223696734268,-264.64946156205499,18.80859924428578,-109.17273623578967,18.691948839582044,-139.4645257365887,18.243629443905684,-2.393829082020673,19.952232258999538,-54.46860823854573,17.8196297520976,-16.370693918958297,15.964624531394705,-166.8027976096646,17.109579524499446,-145.00319233524079,639.7476441389645,626.084889851734,0.0,0.0,0.0,0.0,0.0,0.0,0.0,0.0,0.0,0.0,0.0,0.0,0.0,0.0,0.0,0.0,0.0,0.0,0.0,0.0,0.0,0.0,1.598917104395777,0.48806993418674518,374.0149052910484,452.41301287844058,11549.30945721114,0.2809727760559444,0.04288351282905134,202.09671705600909,244.61573476161068,6248.365221846438,2.8430402607321527,0.5372336093598173,331.5364271639861,401.21521482975097,10150.544696068875,0.3150747705288802,0.059537938497520818,185.42661392936606,224.3833707912758,5667.32276003703,0.0,0.0,5.907936866808219,7.153840358663482,176.75817043559187,0.0,0.0,12.788589060832568,15.38995848630581,429.23230367012328,0.0,0.0,83.49370128708589,101.29138547628844,2426.882011791086,0.0,0.0,40.61879323694404,49.64837527113133,1007.9306412046822,0.0,0.0,24.30004910575671,29.554224086635935,670.839031777142,32.357560963687848,22.193114515560948,510.5869292062231,619.5906445822539,15753.075600621463,0.0,0.0,68.98403499705106,84.90883971062056,1439.0542007356667,0.0,18.680289410427745,39.4326871469285,22.0,30.0,0.0,18.75038091411949,38.934930387055789,12.0,30.0,0.0,18.413766641928299,40.01074099321771,22.0,30.0,0.0,18.53658544958528,40.1211907743849,12.0,30.0,0.0,18.205245556229188,43.495270287434298,12.0,30.0,0.0,20.09456999668223,38.47761461943141,12.0,30.0,0.0,17.763891439479154,42.72124747498279,10.0,30.0,0.0,15.599688309988352,50.02109717036471,12.0,30.0,0.0,17.018953452697674,46.26670707853506,20.0,30.0,0.0,17.769145380447598,0.0,0.0,0.0,13.59941116299251,0.0,0.0,559.3019983448403,545.9075958053256,556.2611039039204,574.8638834424438,677.9149195473322,947.952125721145,619.126076190305,658.3343920884609,807.7883733554719,0.0,80.21823190725651,80.21823190725651,60.0,0.0,60.0,60.0,12.0,12.0,12.0,19.0,12.0,12.0,21.0,10.0,0.0,0.0,0.0,0.0,0.0,0.0,0.0,0.0,0.0,0.0,0.0,0.0,0.0,80.21823190725651,80.21823190725651,0.0,0.0,0.0,80.21823190725651,0.0,0.0,0.0008233333333333333 
 03/14  01:10:00,3.54,93.16666666666667,1.9283333333333333,0.0,0.0,0.0,0.0,0.0,2.0,2.0,0.0,0.0,0.0,0.0,0.0,952.0,0.0,0.0,0.0,0.0,0.0,0.0,0.0,0.0,0.0,0.0,0.0,19.061206941546979,-110.58772777619925,19.298701712609004,-314.81164005006419,18.806582026514336,-227.0272004082235,18.57378140830868,-82.33422411422544,18.212691026628677,-2.339379393979982,19.89348543685491,-51.89412821098696,17.79559597465129,-46.966190036256879,15.881580931382772,-170.8908799450403,17.114188498417464,-135.9606175833827,617.8580247114869,619.8648165417081,0.0,0.0,0.0,0.0,0.0,0.0,0.0,0.0,0.0,0.0,0.0,0.0,0.0,0.0,0.0,0.0,0.0,0.0,0.0,0.0,0.0,0.0,1.597186178117563,0.4875415684119545,368.9706494513043,446.57666405794626,11295.095317232683,0.273763207820767,0.041783151376795949,190.0335759541065,229.5871416250125,5915.098984762997,2.733851727005856,0.5166008554432836,327.4883179868799,396.45586474571555,10074.964221105623,0.31262735021039669,0.059075463002720447,170.54846641140626,206.49550013898623,5180.905675425009,0.0,0.0,5.791632344007105,7.016886559485815,173.4997685044272,0.0,0.0,12.734555513639485,15.328081165703022,427.2702387072654,0.0,0.0,79.05602841783287,95.94758460163546,2303.243755016919,0.0,0.0,41.11068240348904,50.26940858156596,1016.0001278532002,0.0,0.0,22.30507701502021,27.126433587722194,619.1327091726943,32.26207566803603,22.12762391497671,493.71567541289917,599.2875411605457,15201.206461533751,0.0,0.0,67.0234064994458,82.53618711806661,1388.697738834339,0.0,18.424950661216657,39.8516127275777,22.0,30.0,0.0,18.8383396968559,38.53121468213621,12.0,30.0,0.0,18.47391807537711,39.50058915328275,22.0,30.0,0.0,18.375949734740453,40.05963737078374,12.0,30.0,0.0,18.173073243035277,42.991395851647059,12.0,30.0,0.0,20.03676210155208,38.107364783476317,12.0,30.0,0.0,17.74501626407087,42.463034698224877,10.0,30.0,0.0,15.497197434811353,49.80047920375422,12.0,30.0,0.0,17.04467605493244,45.70315223256213,20.0,30.0,0.0,17.66073093885968,0.0,0.0,0.0,13.47797812809937,0.0,0.0,557.2615675409218,543.7242541244767,549.7818772947197,566.1545261773447,665.4095972988231,943.2580740971732,616.4894265449202,650.3186699577893,809.952812059871,0.0,80.21823190725651,80.21823190725651,60.0,0.0,60.0,60.0,12.0,12.0,12.0,19.0,12.0,12.0,21.0,10.0,0.0,0.0,0.0,0.0,0.0,0.0,0.0,0.0,0.0,0.0,0.0,0.0,0.0,80.21823190725651,80.21823190725651,0.0,0.0,0.0,80.21823190725651,0.0,0.0,0.00081 
 03/14  01:20:00,3.49,93.33333333333334,1.9566666666666668,0.0,0.0,0.0,0.0,0.0,2.0,2.0,0.0,0.0,0.0,0.0,0.0,952.0,0.0,0.0,0.0,0.0,0.0,0.0,0.0,0.0,0.0,0.0,0.0,19.092315248909345,-254.54916098119976,19.133395286976549,-255.96291041861196,18.658268206470635,-106.11530976352424,18.554848196473384,-136.6040905142313,18.183013007575995,-3.4383916031790564,19.838551061603597,-52.14442624138917,17.73008681390124,-25.97344953090669,15.801422531987856,-175.6304339109363,17.11362908910963,-133.88177872226727,624.6746109221385,624.7239211829656,0.0,0.0,0.0,0.0,0.0,0.0,0.0,0.0,0.0,0.0,0.0,0.0,0.0,0.0,0.0,0.0,0.0,0.0,0.0,0.0,0.0,0.0,1.5903272029078708,0.4854478641354917,373.74024145805086,452.3191685139238,11508.398942223906,0.2792845483995846,0.042625846825333438,201.97794820860873,244.59919349402754,6227.239645780952,2.825047362499452,0.5338335907973267,331.99807149398307,401.9902192927791,10135.718892849905,0.31282156585206469,0.059112162859422629,184.93068873780053,223.89412193162088,5636.782063220418,0.0,0.0,5.877763997467351,7.119413720699289,176.3402363867254,0.0,0.0,12.607996019442185,15.179164040296087,423.0475897299404,0.0,0.0,81.3518839153811,98.73286820079912,2363.0859279619346,0.0,0.0,42.179369277156769,51.592882937126827,1038.6358832954196,0.0,0.0,21.53332648433816,26.186589924085529,600.5313589460484,32.237707632083878,22.110910584419675,511.183288531701,620.6138460278048,15734.87029649967,0.0,0.0,66.97323843082246,82.50090893585053,1380.4630674749188,0.0,18.528962349513326,39.10853399157224,22.0,30.0,0.0,18.60196413901847,38.53326935576272,12.0,30.0,0.0,18.268725311695289,39.613315454969868,22.0,30.0,0.0,18.390568470569997,39.78154148108204,12.0,30.0,0.0,18.14453952316456,42.59704450805313,12.0,30.0,0.0,19.985792874744058,37.79267016076557,12.0,30.0,0.0,17.65101955797244,42.18916386060218,10.0,30.0,0.0,15.400834479169081,49.59577629831672,12.0,30.0,0.0,17.06003949023856,45.184718740512767,20.0,30.0,0.0,17.635572032156384,0.0,0.0,0.0,13.373181928076744,0.0,0.0,548.1274902015164,531.0904776073787,542.0246034268457,563.4748417991809,655.6870581931751,937.09318771619,606.7257127028529,645.9915288210075,812.5505478285011,0.0,80.21823190725651,80.21823190725651,60.0,0.0,60.0,60.0,12.0,12.0,12.0,19.0,12.0,12.0,21.0,10.0,0.0,0.0,0.0,0.0,0.0,0.0,0.0,0.0,0.0,0.0,0.0,0.0,0.0,80.21823190725651,80.21823190725651,0.0,0.0,0.0,80.21823190725651,0.0,0.0,0.0007766666666666666 
 03/14  01:30:00,3.44,93.5,1.9849999999999999,0.0,0.0,0.0,0.0,0.0,2.0,2.0,0.0,0.0,0.0,0.0,0.0,952.0,0.0,0.0,0.0,0.0,0.0,0.0,0.0,0.0,0.0,0.0,0.0,18.912512662726379,-109.50541993466413,19.14154692627138,-305.6636889273284,18.659362948447069,-220.11205337854063,18.442531645391467,-83.28203384918925,18.148912078362075,-3.385139051982648,19.77968363955581,-50.01514780492627,17.7031066574247,-53.45742669601236,15.721393222508171,-179.78784193007415,17.111519406689568,-123.07080716126387,605.3239427893714,617.566182017642,0.0,0.0,0.0,0.0,0.0,0.0,0.0,0.0,0.0,0.0,0.0,0.0,0.0,0.0,0.0,0.0,0.0,0.0,0.0,0.0,0.0,0.0,1.5895568051638105,0.48521269998895319,366.3730681054561,443.6590424092633,11186.068192207214,0.2729630008262795,0.04166101966213058,189.30309917419195,228.8266646537375,5877.263175715569,2.723219614871762,0.5145917639591389,326.9581670922148,396.01237867211128,10034.549551956625,0.3104548796908366,0.05866494325223669,171.00570407548174,207.15621681567735,5182.839059326592,0.0,0.0,5.763538797621766,6.984526099540913,173.09460505341185,0.0,0.0,12.564827719380986,15.13011999262585,421.4367757166741,0.0,0.0,77.17993225685513,93.70838403229452,2246.8737149467058,0.0,0.0,42.53384094320056,52.04523176299737,1043.6597168734682,0.0,0.0,19.607501337487414,23.843853072232464,549.3187428878507,32.14848506992123,22.049715411468616,492.6545178987104,598.2771479944717,15143.117084344158,0.0,0.0,65.02266557903796,80.13672866173653,1331.2157068628742,0.0,18.28187606915663,39.512317678366887,22.0,30.0,0.0,18.69015976401353,38.185287248721618,12.0,30.0,0.0,18.331932272332759,39.13910613217331,22.0,30.0,0.0,18.237924176676473,39.69781985503582,12.0,30.0,0.0,18.108735259815576,42.16281781051467,12.0,30.0,0.0,19.927342053396808,37.45889018886375,12.0,30.0,0.0,17.630490902645055,41.97337864027025,10.0,30.0,0.0,15.305219832443541,49.41199106512088,12.0,30.0,0.0,17.073605982238854,44.73752690673984,20.0,30.0,0.0,17.53446656334127,0.0,0.0,0.0,13.252841337610516,0.0,0.0,546.1224712419997,530.3409384872707,536.6822284054774,554.7863985697034,644.3620432704483,932.1231074767776,603.6169970787173,638.1717215696074,816.8917028887863,0.0,80.21823190725651,80.21823190725651,60.0,0.0,60.0,60.0,12.0,12.0,12.0,19.0,12.0,12.0,21.0,10.0,0.0,0.0,0.0,0.0,0.0,0.0,0.0,0.0,0.0,0.0,0.0,0.0,0.0,80.21823190725651,80.21823190725651,0.0,0.0,0.0,80.21823190725651,0.0,0.0,0.0007433333333333333 
 03/14  01:40:00,3.39,93.66666666666667,2.013333333333333,0.0,0.0,0.0,0.0,0.0,2.0,2.0,0.0,0.0,0.0,0.0,0.0,952.0,0.0,0.0,0.0,0.0,0.0,0.0,0.0,0.0,0.0,0.0,0.0,18.946045750273329,-249.6166327917108,18.982026169393117,-250.1078350294174,18.516945838237484,-104.22966784158052,18.427709091555955,-135.1215244644727,18.11645025320501,-4.457980267670607,19.72448678133071,-50.28091408008183,17.63654984590463,-33.156660596153418,15.64306180791678,-184.4754915911709,17.10707993109663,-119.78616623376831,611.7299717176429,621.6765434037151,0.0,0.0,0.0,0.0,0.0,0.0,0.0,0.0,0.0,0.0,0.0,0.0,0.0,0.0,0.0,0.0,0.0,0.0,0.0,0.0,0.0,0.0,1.583523870518682,0.4833711448469725,367.8606918027046,445.41604004947507,11302.943792292675,0.27845312762467858,0.042498951102667669,199.1659500120792,241.30754168831346,6126.784886182479,2.812879342894495,0.5315342673647951,327.0570142236195,396.18814211049587,9966.088762690692,0.3108803036544362,0.05874533326803403,182.24060257472019,220.73406067656883,5544.534112376657,0.0,0.0,5.856390746486598,7.095623275045625,176.10723785127787,0.0,0.0,12.435037973621708,14.977216311936513,417.0890154672634,0.0,0.0,79.44022743256808,96.45183255828488,2305.942006760253,0.0,0.0,43.50890119657665,53.25460996712668,1064.0689277216707,0.0,0.0,18.84246925392731,22.91301348150136,530.0937479716297,32.12418097616447,22.033045937012674,503.346302725963,611.3626627684663,15478.36061108232,0.0,0.0,64.92902927586394,80.04651440181996,1322.491705649902,0.0,18.389934063194614,38.76899504679515,22.0,30.0,0.0,18.461971916813189,38.17711772947101,12.0,30.0,0.0,18.134773640212538,39.248671127016169,22.0,30.0,0.0,18.258514855610735,39.43038253745304,12.0,30.0,0.0,18.077168818132554,41.823404448117837,12.0,30.0,0.0,19.87557505435732,37.18944951478669,12.0,30.0,0.0,17.53755501679622,41.70173664074498,10.0,30.0,0.0,15.213265565230433,49.22534308232905,12.0,30.0,0.0,17.081966801383908,44.29991693811698,20.0,30.0,0.0,17.50693028814915,0.0,0.0,0.0,13.149406188462209,0.0,0.0,536.798813478859,518.0757014125381,529.501969108023,552.3935498196188,635.1125663090052,925.7058216767023,593.5942467806593,634.0162313081139,821.3885545264411,0.0,80.21823190725651,80.21823190725651,60.0,0.0,60.0,60.0,12.0,12.0,12.0,19.0,12.0,12.0,21.0,10.0,0.0,0.0,0.0,0.0,0.0,0.0,0.0,0.0,0.0,0.0,0.0,0.0,0.0,80.21823190725651,80.21823190725651,0.0,0.0,0.0,80.21823190725651,0.0,0.0,0.0007099999999999999 
 03/14  01:50:00,3.34,93.83333333333334,2.0416666666666667,0.0,0.0,0.0,0.0,0.0,2.0,2.0,0.0,0.0,0.0,0.0,0.0,952.0,0.0,0.0,0.0,0.0,0.0,0.0,0.0,0.0,0.0,0.0,0.0,18.769960278815025,-108.45306946898745,18.990567722831018,-297.8399823141888,18.51898814193011,-214.85681530448347,18.319003560561336,-84.49084764942882,18.079706618030565,-4.423565461460697,19.665672880658258,-48.302991030117,17.607279906444007,-59.32285849280038,15.563825962063583,-188.82282563699267,17.10435660738921,-105.68661639443161,593.3054105090296,611.9761704414491,0.0,0.0,0.0,0.0,0.0,0.0,0.0,0.0,0.0,0.0,0.0,0.0,0.0,0.0,0.0,0.0,0.0,0.0,0.0,0.0,0.0,0.0,1.5829516620622628,0.4831964780409838,360.4242181108668,436.655360069641,10982.752917934045,0.27243136993571906,0.041579879416318538,186.41882394203729,225.4499687134207,5774.665180783449,2.714457104207851,0.512935960734666,322.14386106009246,390.3626910624204,9868.775071606675,0.308480828810195,0.0582919177645871,168.48501273875216,204.19691798083478,5098.372339374864,0.0,0.0,5.733233051227446,6.949509021972773,172.55287181064288,0.0,0.0,12.38478844865933,14.919389111949937,415.2392275853488,0.0,0.0,75.15780952033558,91.28964210415198,2186.205230282442,0.0,0.0,43.82075833187075,53.65497627900022,1068.0756675207129,0.0,0.0,16.7355167584303,20.349895408412729,472.91965217225836,32.03394211033962,21.971153710795357,484.9447540649814,589.1681562933727,14894.131546271205,0.0,0.0,62.779393537077819,77.43332152327534,1269.840202045137,0.0,18.147051371511738,39.17361950705053,22.0,30.0,0.0,18.548844068931545,37.87095203238196,12.0,30.0,0.0,18.197718346191999,38.80780310156387,22.0,30.0,0.0,18.11047605522881,39.33498942486533,12.0,30.0,0.0,18.03847445274292,41.44497616935266,12.0,30.0,0.0,19.81695678479594,36.8866665586208,12.0,30.0,0.0,17.51511324204033,41.512822849000347,10.0,30.0,0.0,15.11996467345874,49.05854352903454,12.0,30.0,0.0,17.094599958961909,43.904265489861,20.0,30.0,0.0,17.408196204979967,0.0,0.0,0.0,13.02805376584432,0.0,0.0,535.0120614687912,518.3158259210534,524.9483323279309,543.5852117875685,624.2005903624518,920.692213103047,589.5467425078731,625.7550150548341,829.0603476417657,0.0,80.21823190725651,80.21823190725651,60.0,0.0,60.0,60.0,12.0,12.0,12.0,19.0,12.0,12.0,21.0,10.0,0.0,0.0,0.0,0.0,0.0,0.0,0.0,0.0,0.0,0.0,0.0,0.0,0.0,80.21823190725651,80.21823190725651,0.0,0.0,0.0,80.21823190725651,0.0,0.0,0.0007066666666666668 
 03/14  02:00:00,3.29,94.0,2.07,0.0,0.0,0.0,0.0,0.0,2.0,2.0,0.0,0.0,0.0,0.0,0.0,952.0,0.0,0.0,0.0,0.0,0.0,0.0,0.0,0.0,0.0,0.0,0.0,18.80432018902212,-244.7121526553883,18.834580906885788,-245.8596474703504,18.380589259794449,-102.83042763805952,18.306084279791589,-134.39027812078167,18.0449424546273,-5.258856035245174,19.610280288218488,-48.79474053164867,17.540004733465709,-39.51477594664743,15.485521941820704,-193.71478161100664,17.101396933696458,-99.34070150530875,599.4138339822102,613.6502717232802,0.0,0.0,0.0,0.0,0.0,0.0,0.0,0.0,0.0,0.0,0.0,0.0,0.0,0.0,0.0,0.0,0.0,0.0,0.0,0.0,0.0,0.0,1.577644005818851,0.48157631435251865,358.4846779700839,434.25964728075817,10994.58682024209,0.278083529254293,0.042442541094977578,194.69562190526188,235.9970683679299,5977.110520514843,2.804246800000057,0.5299030234316058,318.5988624519187,386.1005466315013,9694.897458497177,0.3090815841435871,0.058405439180572,177.96673677908917,215.6453027481773,5406.870314446132,0.0,0.0,5.887350158090783,7.135133671796197,177.38939009081066,0.0,0.0,12.310802313733984,14.833508264185634,412.74941712487739,0.0,0.0,77.25113355190786,93.83214210730341,2240.720824591212,0.0,0.0,44.77913262927386,54.844882118289387,1087.8885579315577,0.0,0.0,15.724481869223326,19.120261824547723,446.2637607325471,32.00711351487085,21.95275275368372,490.1257585252745,595.5464843892751,15068.04276349787,0.0,0.0,62.42894521599701,77.02613751579732,1255.9911826362223,0.0,18.256720429121708,38.42985038691475,22.0,30.0,0.0,18.325193431898918,37.86142028869774,12.0,30.0,0.0,18.005875089738013,38.91459227804101,22.0,30.0,0.0,18.1333932738307,39.08109752492209,12.0,30.0,0.0,18.004578419021667,41.14457819076709,12.0,30.0,0.0,19.764579465344,36.64348278109135,12.0,30.0,0.0,17.42348727709078,41.237661774927108,10.0,30.0,0.0,15.028847592889953,48.893857352717997,12.0,30.0,0.0,17.10541173626938,43.50972886463096,20.0,30.0,0.0,17.379018623078609,0.0,0.0,0.0,12.922970386573585,0.0,0.0,525.2966235826073,506.3120922454319,518.0740788049319,541.3429743657177,615.1986857169277,913.4835271560032,578.4462177220892,621.4021933930048,837.4439331117123,0.0,80.21823190725651,80.21823190725651,60.0,0.0,60.0,60.0,12.0,12.0,12.0,19.0,12.0,12.0,21.0,10.0,0.0,0.0,0.0,0.0,0.0,0.0,0.0,0.0,0.0,0.0,0.0,0.0,0.0,80.21823190725651,80.21823190725651,0.0,0.0,0.0,80.21823190725651,0.0,0.0,0.0007033333333333333 
 03/14  02:10:00,3.1950000000000005,94.33333333333334,2.0216666666666667,0.0,0.0,0.0,0.0,0.0,2.0,2.0,0.0,0.0,0.0,0.0,0.0,952.0,0.0,0.0,0.0,0.0,0.0,0.0,0.0,0.0,0.0,0.0,0.0,18.630225930733425,-107.58076536291083,18.843659749125579,-291.6853239588577,18.3821269392624,-210.8501486680816,18.200011773841923,-86.2701090879832,18.00625607676031,-5.262965871264484,19.552442284296853,-46.85733436215236,17.50789976196747,-65.12086021644336,15.405553577885176,-198.86516775480153,17.105333897257496,-76.79222934430024,582.9701462022658,596.9079500049867,0.0,0.0,0.0,0.0,0.0,0.0,0.0,0.0,0.0,0.0,0.0,0.0,0.0,0.0,0.0,0.0,0.0,0.0,0.0,0.0,0.0,0.0,1.5835595873712585,0.4833820474271241,352.0634946952796,426.6837740826744,10742.328401592382,0.2733128921155198,0.04171442187355309,182.0049804618412,220.20009771563844,5642.105711407094,2.7286552148019469,0.5156188992445102,314.48755876798085,381.2340895113664,9648.168756884166,0.30786576728949896,0.05817569298743365,163.9621713341496,198.79010647028788,4970.264244879385,0.0,0.0,5.7699959741078239,6.995562534199903,174.5052010319343,0.0,0.0,12.255969288085213,14.769424811896397,411.8514876198707,0.0,0.0,72.26764664142387,87.80920622431022,2106.640730656577,0.0,0.0,45.11653656288199,55.274149986941548,1096.4029691619097,0.0,0.0,12.861332277504476,15.635578500806855,368.08396718999736,31.901243603263646,21.880139645585495,472.7148165214977,574.5180984652996,14557.2733214608,0.0,0.0,59.544147245757198,73.49855482136758,1194.0263002883185,0.0,18.015338205911548,38.84091094755452,22.0,30.0,0.0,18.41029797662425,37.58158810007497,12.0,30.0,0.0,18.066115385392018,38.5011501031553,22.0,30.0,0.0,17.988033189340059,38.97516478103891,12.0,30.0,0.0,17.964103064322559,40.80389297472047,12.0,30.0,0.0,19.70616088113466,36.361319478650958,12.0,30.0,0.0,17.397654719252434,41.06112986633775,10.0,30.0,0.0,14.934626852787936,48.73434312883197,12.0,30.0,0.0,17.129678998972435,43.13468645732323,20.0,30.0,0.0,17.277809617012005,0.0,0.0,0.0,12.793146755666382,0.0,0.0,523.7675604873848,507.20288388634187,514.0323712620585,532.2099537102785,605.0515425636071,907.2247058322676,571.4825885896883,612.072933579541,853.919950665829,0.0,80.21823190725651,80.21823190725651,60.0,0.0,60.0,60.0,12.0,12.0,12.0,19.0,12.0,12.0,21.0,10.0,0.0,0.0,0.0,0.0,0.0,0.0,0.0,0.0,0.0,0.0,0.0,0.0,0.0,80.21823190725651,80.21823190725651,0.0,0.0,0.0,80.21823190725651,0.0,0.0,0.0007000000000000001 
 03/14  02:20:00,3.1000000000000007,94.66666666666667,1.9733333333333334,0.0,0.0,0.0,0.0,0.0,2.0,2.0,0.0,0.0,0.0,0.0,0.0,952.0,0.0,0.0,0.0,0.0,0.0,0.0,0.0,0.0,0.0,0.0,0.0,18.66338121329001,-240.83764643586256,18.691206012272916,-242.6118689905411,18.24667091121395,-100.68222177787811,18.18789064833967,-135.46281103222874,17.96920585716856,-6.2249126084398089,19.498415678622679,-47.28364080494521,17.439583196024523,-46.123358184165457,15.325304107957307,-204.85794262888295,17.1152311287642,-53.55842213363991,590.5483967078872,584.5951907731037,0.0,0.0,0.0,0.0,0.0,0.0,0.0,0.0,0.0,0.0,0.0,0.0,0.0,0.0,0.0,0.0,0.0,0.0,0.0,0.0,0.0,0.0,1.5858298257661217,0.48407503839014706,345.40582783270698,418.5559126185491,10636.343397878138,0.28073964331994619,0.04284793090963769,188.05260914796464,228.017968180384,5796.20759020309,2.838771844210052,0.5364270302740085,307.4089094662853,372.63893716640896,9400.660997077412,0.30979104088070349,0.0585395013002085,172.41520840531417,208.9751761442369,5262.814990261059,0.0,0.0,5.914128639486352,7.168797214798154,179.56710388924089,0.0,0.0,12.145552456645504,14.638296022621577,409.2355083482637,0.0,0.0,73.70712504349187,89.55458639819784,2149.1819995154489,0.0,0.0,46.1663410597704,56.57440562673662,1122.1944862440838,0.0,0.0,11.117078787028014,13.513657793390437,320.9972597079169,31.86700292272588,21.856654953858638,471.84594961338765,573.5046120897222,14596.70090104709,0.0,0.0,57.56788253359419,71.08568307497342,1151.332365845451,0.0,18.12284548023885,38.090745954020878,22.0,30.0,0.0,18.190329570226866,37.5641179261808,12.0,30.0,0.0,17.878058587568995,38.59695586775399,22.0,30.0,0.0,18.010875835084769,38.72776071565943,12.0,30.0,0.0,17.927650845734307,40.525757846768019,12.0,30.0,0.0,19.654570657635106,36.1218922437417,12.0,30.0,0.0,17.306150001131046,40.76704932026243,10.0,30.0,0.0,14.840342090523539,48.59572751498801,12.0,30.0,0.0,17.162806957790659,42.73777565628939,20.0,30.0,0.0,17.24366777388849,0.0,0.0,0.0,12.669283442953322,0.0,0.0,513.5477130578164,495.5076308582785,507.3021762393164,529.8975564334767,594.2277402091647,898.4834913164449,556.5099817825137,606.3852604524077,873.5354490899554,0.0,80.21823190725651,80.21823190725651,60.0,0.0,60.0,60.0,12.0,12.0,12.0,19.0,12.0,12.0,21.0,10.0,0.0,0.0,0.0,0.0,0.0,0.0,0.0,0.0,0.0,0.0,0.0,0.0,0.0,80.21823190725651,80.21823190725651,0.0,0.0,0.0,80.21823190725651,0.0,0.0,0.0007133333333333332 
 03/14  02:30:00,3.005,95.0,1.9249999999999999,0.0,0.0,0.0,0.0,0.0,2.0,2.0,0.0,0.0,0.0,0.0,0.0,952.0,0.0,0.0,0.0,0.0,0.0,0.0,0.0,0.0,0.0,0.0,0.0,18.490611863305284,-106.60784562459321,18.699530220551347,-287.7362081781698,18.246476601446667,-207.847635861026,18.082793843180875,-88.67680400216614,17.92865711859055,-6.363626397191794,19.44124740438567,-45.304908584849957,17.402203750034528,-72.72400664258135,15.242266510053487,-210.8066338808502,17.128633891167234,-46.38018496356068,574.4728818804124,583.1649874581744,0.0,0.0,0.0,0.0,0.0,0.0,0.0,0.0,0.0,0.0,0.0,0.0,0.0,0.0,0.0,0.0,0.0,0.0,0.0,0.0,0.0,0.0,1.5902504790844008,0.48542444416495758,342.9792330721971,415.7991164778323,10510.68512473028,0.27530440514720885,0.0420183768539696,177.30735724180853,214.58755473057097,5516.525749154943,2.760652091174515,0.5216651721796137,305.7871832108989,370.81013168996608,9423.231458995419,0.30838363016379546,0.05827355067343072,158.4425421904582,192.15862432298486,4826.035613065773,0.0,0.0,5.8163454113815729,7.052926922385485,177.23582481646288,0.0,0.0,12.06760045537856,14.546656384159544,407.5562660382334,0.0,0.0,68.25252083870707,82.96040343715049,1999.1440659177793,0.0,0.0,46.62660419547182,57.15596420850858,1133.263983682762,0.0,0.0,11.92181504839689,14.492926763306109,347.33339182322256,31.769347715266638,21.789676073571088,459.02667818688226,558.0559915138398,14216.541745156695,0.0,0.0,56.70452184053149,70.04331562426715,1132.0244327402066,0.0,17.882751347627904,38.51053911683274,22.0,30.0,0.0,18.27269454893201,37.301820419511347,12.0,30.0,0.0,17.933953827727394,38.20714062592211,22.0,30.0,0.0,17.866308986760566,38.61210217631471,12.0,30.0,0.0,17.885382815623179,40.207297602550827,12.0,30.0,0.0,19.596950514808435,35.84887632811633,12.0,30.0,0.0,17.272218101414397,40.60765184083712,10.0,30.0,0.0,14.741271689298895,48.46816434252577,12.0,30.0,0.0,17.199315780151588,42.270734153863447,20.0,30.0,0.0,17.141737086455409,0.0,0.0,0.0,12.554582792833175,0.0,0.0,511.94835305507265,496.6379383344291,503.36764810649427,519.6365556655242,582.3955407149556,888.2547794241032,545.6383484772018,599.6206093970948,879.3916023778974,0.0,80.21823190725651,80.21823190725651,60.0,0.0,60.0,60.0,12.0,12.0,12.0,19.0,12.0,12.0,21.0,10.0,0.0,0.0,0.0,0.0,0.0,0.0,0.0,0.0,0.0,0.0,0.0,0.0,0.0,80.21823190725651,80.21823190725651,0.0,0.0,0.0,80.21823190725651,0.0,0.0,0.0007266666666666667 
 03/14  02:40:00,2.91,95.33333333333334,1.8766666666666665,0.0,0.0,0.0,0.0,0.0,2.0,2.0,0.0,0.0,0.0,0.0,0.0,952.0,0.0,0.0,0.0,0.0,0.0,0.0,0.0,0.0,0.0,0.0,0.0,18.521477578584759,-238.63954760681555,18.552827547516637,-234.66863931656327,18.11503258790217,-97.11261570135867,18.07081641274923,-137.2157095492339,17.889474890645528,-7.114210891283349,19.387233008646768,-46.5409180225557,17.33176559325138,-54.434236242934279,15.161908996578891,-214.07672548168513,17.131413452376948,-50.63473034046393,580.3220686694003,594.7149499541346,0.0,0.0,0.0,0.0,0.0,0.0,0.0,0.0,0.0,0.0,0.0,0.0,0.0,0.0,0.0,0.0,0.0,0.0,0.0,0.0,0.0,0.0,1.5934171255984598,0.4863910639799938,325.47039184090809,394.5326801440848,10062.670504305215,0.2838169331159248,0.043317602734420767,175.7057984390695,213.11387518000314,5439.895176783139,2.8666867583420849,0.5417019573586708,293.6853029924953,356.0941226406177,9027.08951311247,0.3104196906869455,0.05865829378060193,165.36209279934458,200.48102186338168,5071.419732356598,0.0,0.0,6.038874732923431,7.321605053043042,184.70765587666339,0.0,0.0,12.043697104228098,14.519449936437715,407.82362293991619,0.0,0.0,71.83587326001666,87.30650773270418,2104.262145925565,0.0,0.0,47.52811686034203,58.2747515976868,1155.5870360591328,0.0,0.0,14.033427619655783,17.050232133806838,412.01909997850307,31.74588727983543,21.773585239942,445.295939871776,541.4079238868765,13873.208547760747,0.0,0.0,57.6304426227109,71.20083512924033,1151.774522892285,0.0,17.986116294571788,37.76711716179898,22.0,30.0,0.0,18.0628840502303,37.273757943009119,12.0,30.0,0.0,17.752795093782344,38.29365595067375,22.0,30.0,0.0,17.88887302640203,38.36822393278267,12.0,30.0,0.0,17.846588900483959,39.946076112013489,12.0,30.0,0.0,19.544943551402605,35.61746114224331,12.0,30.0,0.0,17.1787906052902,40.37739152028048,10.0,30.0,0.0,14.648261617743849,48.39854956161648,12.0,30.0,0.0,17.214732941115274,41.86730463001163,20.0,30.0,0.0,17.099836935175227,0.0,0.0,0.0,12.468317083988794,0.0,0.0,502.0401900089809,486.0616364883131,497.25364313527458,516.3144207666851,571.0223883718603,875.6337750540125,540.865618150573,605.7170140877863,876.8807122774019,0.0,80.21823190725651,80.21823190725651,60.0,0.0,60.0,60.0,12.0,12.0,12.0,19.0,12.0,12.0,21.0,10.0,0.0,0.0,0.0,0.0,0.0,0.0,0.0,0.0,0.0,0.0,0.0,0.0,0.0,80.21823190725651,80.21823190725651,0.0,0.0,0.0,80.21823190725651,0.0,0.0,0.00074 
 03/14  02:50:00,2.8150000000000006,95.66666666666666,1.8283333333333334,0.0,0.0,0.0,0.0,0.0,2.0,2.0,0.0,0.0,0.0,0.0,0.0,952.0,0.0,0.0,0.0,0.0,0.0,0.0,0.0,0.0,0.0,0.0,0.0,18.351926426613006,-105.91971579551773,18.55840285297304,-285.8859492534714,18.112000393336289,-204.7796064815111,17.966318401318419,-91.51288776743923,17.84747494574956,-7.045826050016515,19.3297805441281,-45.031545916032829,17.290963747481319,-79.31191563444168,15.08371377758516,-214.7635211113876,17.125897405866284,-53.806255719480478,566.6844403591995,600.5447821315506,0.0,0.0,0.0,0.0,0.0,0.0,0.0,0.0,0.0,0.0,0.0,0.0,0.0,0.0,0.0,0.0,0.0,0.0,0.0,0.0,0.0,0.0,1.5981396243061735,0.48783260815206766,334.6197401986634,405.78496836097829,10299.395497127833,0.27737419565324569,0.042334278945855566,173.26929104133718,209.76747306507094,5411.229181230101,2.792677201074733,0.5277167802484382,296.12822973867119,359.2138830072861,9167.017095061565,0.3092809222123508,0.0584431069940194,152.36575466609919,184.84490910998444,4663.347292349421,0.0,0.0,6.021413493067897,7.302633473890536,184.81963343385736,0.0,0.0,12.018408373335012,14.49128571722496,407.894509946252,0.0,0.0,67.40067564967076,81.95204026858323,1982.6666500243132,0.0,0.0,47.63194102429658,58.41701996565587,1158.9916218667473,0.0,0.0,15.548401513871284,18.893809008992507,459.4891853623399,31.660063013186524,21.71472085952437,445.06065461596969,541.2445557435365,13863.31896582189,0.0,0.0,57.68720358536086,71.29088013767657,1153.849877453546,0.0,17.750626209811636,38.18722288042629,22.0,30.0,0.0,18.13806984296609,37.03372625625397,12.0,30.0,0.0,17.802469703425858,37.92982077820474,22.0,30.0,0.0,17.74472803862173,38.25441866522911,12.0,30.0,0.0,17.803216907049277,39.660368338866238,12.0,30.0,0.0,19.486564614254968,35.37767037601043,12.0,30.0,0.0,17.140383409067718,40.28931647235129,10.0,30.0,0.0,14.559831205287339,48.30441290456196,12.0,30.0,0.0,17.21603256899344,41.407759945258607,20.0,30.0,0.0,17.003604420978897,0.0,0.0,0.0,12.379355418834625,0.0,0.0,500.40332110706086,487.5311012751339,493.9323395754373,505.83547778240037,562.352125765202,863.1767943918062,544.0191005028131,613.5362273298622,856.4025246892543,0.0,80.21823190725651,80.21823190725651,60.0,0.0,60.0,60.0,12.0,12.0,12.0,19.0,12.0,12.0,21.0,10.0,0.0,0.0,0.0,0.0,0.0,0.0,0.0,0.0,0.0,0.0,0.0,0.0,0.0,80.21823190725651,80.21823190725651,0.0,0.0,0.0,80.21823190725651,0.0,0.0,0.00075 
 03/14  03:00:00,2.72,96.0,1.78,0.0,0.0,0.0,0.0,0.0,2.0,2.0,0.0,0.0,0.0,0.0,0.0,952.0,0.0,0.0,0.0,0.0,0.0,0.0,0.0,0.0,0.0,0.0,0.0,18.380025973262208,-237.34748680532813,18.41700934135025,-225.78358010551097,17.985424678993604,-92.32948758511339,17.954027552989545,-139.68106237334497,17.806650636388186,-7.752413666236052,19.27490575056995,-47.00907641070958,17.221206487031588,-60.03277222757856,15.008143091284019,-217.5430214918715,17.11486915127755,-57.53151402674564,569.4177414158558,610.4850078686404,0.0,0.0,0.0,0.0,0.0,0.0,0.0,0.0,0.0,0.0,0.0,0.0,0.0,0.0,0.0,0.0,0.0,0.0,0.0,0.0,0.0,0.0,1.602046851104057,0.48902529032480376,303.2393424925896,367.70494571536997,9412.565090782195,0.28721836312592849,0.04383674650884134,161.84833376282928,196.3660865250949,5034.17720176914,2.89533347643213,0.5471151693938268,278.0569282948694,337.2224835822323,8592.977469287232,0.31156992798671848,0.05887564776770945,157.58805070150249,191.10888275663235,4855.806526873766,0.0,0.0,6.214021182601338,7.53546299014609,191.42424476289404,0.0,0.0,12.06921664193997,14.554368592869413,410.656606466782,0.0,0.0,71.53044096195797,86.96347885367772,2104.736764747816,0.0,0.0,48.348032159175179,59.307248453598329,1177.7362374870807,0.0,0.0,16.231552242599205,19.720331694684519,482.55282813807886,31.64840128612243,21.706722418465327,414.8977604966578,504.6150195717251,13027.331893514849,0.0,0.0,58.433380107971888,72.22581456835994,1170.7866981843368,0.0,17.849201888367746,37.478950436145037,22.0,30.0,0.0,17.93814392383578,37.022991611632807,12.0,30.0,0.0,17.630141123335357,38.017776097681849,22.0,30.0,0.0,17.76637675343109,38.02204756009701,12.0,30.0,0.0,17.762824701574105,39.421708798304198,12.0,30.0,0.0,19.432783730299556,35.17279717089869,12.0,30.0,0.0,17.050598677757756,40.08101904458046,10.0,30.0,0.0,14.476170337125219,48.21682763285273,12.0,30.0,0.0,17.20861694556968,41.049320756727087,20.0,30.0,0.0,16.949398732071616,0.0,0.0,0.0,12.29927894528305,0.0,0.0,491.9407736094232,478.9058694593846,489.65917921783457,503.16359472600836,554.9498789939464,850.5086263394469,540.9603352779236,619.0830279246584,844.298218432042,0.0,80.21823190725651,80.21823190725651,60.0,0.0,60.0,60.0,12.0,12.0,12.0,19.0,12.0,12.0,21.0,10.0,0.0,0.0,0.0,0.0,0.0,0.0,0.0,0.0,0.0,0.0,0.0,0.0,0.0,80.21823190725651,80.21823190725651,0.0,0.0,0.0,80.21823190725651,0.0,0.0,0.0007599999999999999 
 03/14  03:10:00,2.6133333333333339,96.16666666666666,1.7666666666666667,0.0,0.0,0.0,0.0,0.0,2.0,2.0,0.0,0.0,0.0,0.0,0.0,952.0,0.0,0.0,0.0,0.0,0.0,0.0,0.0,0.0,0.0,0.0,0.0,18.212931109143648,-105.22822037519109,18.418550017942054,-286.1231338125847,17.978224802298827,-203.12981753824716,17.84968440072644,-94.5467590157873,17.763226330644206,-7.7304898554621819,19.215847695197767,-47.13340765775504,17.179018352302579,-84.15793565650722,14.933658487146666,-217.88118013011604,17.099274464964176,-58.253577281016479,562.2905358491244,615.455888970463,0.0,0.0,0.0,0.0,0.0,0.0,0.0,0.0,0.0,0.0,0.0,0.0,0.0,0.0,0.0,0.0,0.0,0.0,0.0,0.0,0.0,0.0,1.6077954664565637,0.490780056915923,328.49910045247875,398.50216745008438,10162.995359241264,0.27956462350574909,0.042668593331158289,170.64478263645229,206.66752164611243,5353.82397634798,2.817860137127741,0.5324754605305635,287.5560147441663,348.9447507759569,8948.986401492217,0.31047437175903327,0.05866862656066386,147.00846728973904,178.40781696919314,4524.671232634086,0.0,0.0,6.205907254683666,7.528008076960795,191.98325921332498,0.0,0.0,12.44293690355708,15.007695096787132,424.5932605818922,0.0,0.0,66.96742746043336,81.45499873473054,1980.3656902028579,0.0,0.0,48.34162425486769,59.316577313660157,1180.3853446913896,0.0,0.0,18.099122136609198,21.9917062743906,541.5029984405944,31.64049406327816,21.70129908318119,433.66992985520656,527.586714563606,13594.669188412863,0.0,0.0,58.40192651670509,72.20956496292709,1173.220526751943,0.0,17.617553735918557,37.89944527623882,22.0,30.0,0.0,18.004296382996779,36.803255079421948,12.0,30.0,0.0,17.671183332509597,37.68511142202388,22.0,30.0,0.0,17.6224540544029,37.93362679895597,12.0,30.0,0.0,17.718174490712813,39.174125872925348,12.0,30.0,0.0,19.372053437612466,34.980996353213757,12.0,30.0,0.0,17.011152436290783,39.98864345642897,10.0,30.0,0.0,14.394819924965505,48.09406480341163,12.0,30.0,0.0,17.194702688720054,40.65963625245935,20.0,30.0,0.0,16.863275072960243,0.0,0.0,0.0,12.215611332411405,0.0,0.0,490.54811873507938,481.0299796982629,487.1223617552263,494.55927838416729,550.3103732655338,839.6349705497316,543.545560147893,624.3399572367474,825.9229809698213,0.0,80.21823190725651,80.21823190725651,60.0,0.0,60.0,60.0,12.0,12.0,12.0,19.0,12.0,12.0,21.0,10.0,0.0,0.0,0.0,0.0,0.0,0.0,0.0,0.0,0.0,0.0,0.0,0.0,0.0,80.21823190725651,80.21823190725651,0.0,0.0,0.0,80.21823190725651,0.0,0.0,0.0007700000000000001 
 03/14  03:20:00,2.506666666666667,96.33333333333333,1.7533333333333335,0.0,0.0,0.0,0.0,0.0,2.0,2.0,0.0,0.0,0.0,0.0,0.0,952.0,0.0,0.0,0.0,0.0,0.0,0.0,0.0,0.0,0.0,0.0,0.0,18.237101259115975,-238.24026192386919,18.280181339480003,-217.9785682068191,17.855584168666945,-87.85927996765531,17.835958903774264,-144.33969861428114,17.720818157458309,-8.400453599107124,19.158530453595618,-49.31089612547683,17.11057915041877,-64.48952798338655,14.860808256607449,-220.51785846533677,17.081246749371265,-61.92032902973125,564.5604799715147,625.0649439855571,0.0,0.0,0.0,0.0,0.0,0.0,0.0,0.0,0.0,0.0,0.0,0.0,0.0,0.0,0.0,0.0,0.0,0.0,0.0,0.0,0.0,0.0,1.6118862074527432,0.4920287568537067,284.2653767150223,344.8498889300696,8870.172363872298,0.2906641135169775,0.04436265468818339,150.3470413987137,182.48613623304409,4705.289991196263,2.9043269413416166,0.5488146147659896,264.5501112640998,320.9518051189752,8232.208863929902,0.31303942037642987,0.059153329625175696,151.17783628357115,183.407697742619,4687.160859695554,0.0,0.0,6.382234525194486,7.741784957745145,198.29315632045403,0.0,0.0,12.495234525008748,15.074148124156637,427.6914202998689,0.0,0.0,71.43947513119878,86.88943977982356,2115.564926710174,0.0,0.0,49.02159053159834,60.16554395751855,1200.0702469348135,0.0,0.0,18.126600845403119,22.02571467555369,545.6409968196758,31.77954652248406,21.796671140249708,388.403296012185,472.61284204186077,12311.138997021917,0.0,0.0,59.15322000176758,73.1546284214175,1192.5029909828136,0.0,17.708751695987407,37.24236359937122,22.0,30.0,0.0,17.8110346458938,36.82371354268576,12.0,30.0,0.0,17.506359476625098,37.778985743840568,22.0,30.0,0.0,17.64157530445962,37.708677125660049,12.0,30.0,0.0,17.676123696659578,38.956775532171707,12.0,30.0,0.0,19.314717716011864,34.812858891823449,12.0,30.0,0.0,16.925357428998848,39.80513364525888,10.0,30.0,0.0,14.316168887831989,47.98691645763021,12.0,30.0,0.0,17.177411161534509,40.349583835823597,20.0,30.0,0.0,16.789288315436108,0.0,0.0,0.0,12.140946907404237,0.0,0.0,483.7445050440988,474.49296169408856,484.48849882652476,492.41607797248187,545.138448833598,828.6497354079185,539.5283284835086,625.4164205875422,815.7633489073839,0.0,80.21823190725651,80.21823190725651,60.0,0.0,60.0,60.0,12.0,12.0,12.0,19.0,12.0,12.0,21.0,10.0,0.0,0.0,0.0,0.0,0.0,0.0,0.0,0.0,0.0,0.0,0.0,0.0,0.0,80.21823190725651,80.21823190725651,0.0,0.0,0.0,80.21823190725651,0.0,0.0,0.0007733333333333332 
 03/14  03:30:00,2.4000000000000005,96.5,1.74,0.0,0.0,0.0,0.0,0.0,2.0,2.0,0.0,0.0,0.0,0.0,0.0,952.0,0.0,0.0,0.0,0.0,0.0,0.0,0.0,0.0,0.0,0.0,0.0,18.071186445146965,-103.99530418886752,18.27785435202246,-288.22526015153678,17.843736402754815,-204.70310456345943,17.730160690689496,-98.14144545865429,17.676049100323494,-8.345251173796939,19.098331585463506,-49.13347206940779,17.066999165234308,-88.65542438220678,14.788768660269206,-220.43654301188463,17.059809070258447,-62.565822662224039,564.940170430169,629.2301632443348,0.0,0.0,0.0,0.0,0.0,0.0,0.0,0.0,0.0,0.0,0.0,0.0,0.0,0.0,0.0,0.0,0.0,0.0,0.0,0.0,0.0,0.0,1.6166796927610508,0.4934919697072805,327.12161422139345,397.0009234431044,10176.526952254033,0.28134287121398807,0.042939998659033588,170.54432167477479,206.63874858583379,5379.009424894058,2.8157156113056427,0.5320702213351556,284.616796105247,345.5251021224336,8908.122196647444,0.3114024234691958,0.058843995364549459,145.0409101510247,176.09463416617974,4491.154234347465,0.0,0.0,6.348550636123306,7.703210438669322,198.05873601825966,0.0,0.0,12.855115994882722,15.510975892668935,441.22983773118639,0.0,0.0,66.67595962360218,81.13369277426792,1984.1862882108608,0.0,0.0,48.943932639617788,60.086750021255379,1201.4286022098914,0.0,0.0,20.06198033494141,24.37913074815531,607.3867049605308,31.841023506275876,21.838836424057538,430.5546216336383,524.0316592163983,13581.08876823484,0.0,0.0,59.06504555587859,73.06696467527965,1194.3974228242365,0.0,17.47948088724109,37.66210855818941,22.0,30.0,0.0,17.868250052878464,36.61134665392939,12.0,30.0,0.0,17.537738683487868,37.473109936860158,22.0,30.0,0.0,17.49517658349859,37.66028338786332,12.0,30.0,0.0,17.63020646770991,38.73610675327034,12.0,30.0,0.0,19.252310045136637,34.65794835211753,12.0,30.0,0.0,16.88432537548267,39.70937982488174,10.0,30.0,0.0,14.239124189178657,47.84581946015252,12.0,30.0,0.0,17.155385720228077,40.016733001594278,20.0,30.0,0.0,16.71988945446563,0.0,0.0,0.0,12.062067379538057,0.0,0.0,482.95901922599486,476.82897269121477,482.6966570444352,485.7625980842363,542.4079219536664,820.3096703149139,541.2776429101616,627.0946325414307,801.2960575248408,0.0,80.21823190725651,80.21823190725651,60.0,0.0,60.0,60.0,12.0,12.0,12.0,19.0,12.0,12.0,21.0,10.0,0.0,0.0,0.0,0.0,0.0,0.0,0.0,0.0,0.0,0.0,0.0,0.0,0.0,80.21823190725651,80.21823190725651,0.0,0.0,0.0,80.21823190725651,0.0,0.0,0.0007766666666666666 
 03/14  03:40:00,2.2933333333333336,96.66666666666666,1.7266666666666666,0.0,0.0,0.0,0.0,0.0,2.0,2.0,0.0,0.0,0.0,0.0,0.0,476.0,0.0,0.0,0.0,0.0,0.0,0.0,0.0,0.0,0.0,0.0,0.0,18.033305047103853,-212.71281625463963,18.229652102086609,-108.09189245910307,17.82286401270434,-3.2056051299587127,17.673931738578987,-158.51979614163475,17.62709700777712,-8.74565546186372,19.032871490941429,-50.82917993191131,17.017063114311147,-57.655129115124058,14.716624346467694,-214.8663800052591,17.034990296139485,-64.31802846343021,518.2092689264027,639.8293819375394,0.0,0.0,0.0,0.0,0.0,0.0,0.0,0.0,0.0,0.0,0.0,0.0,0.0,0.0,0.0,0.0,0.0,0.0,0.0,0.0,0.0,0.0,1.6068799544734763,0.4905005966036252,199.4787170283152,241.7878848945085,6239.282455726833,0.29876087367770595,0.04559842394348381,47.56193105612923,57.569090476383667,1522.9552711547465,2.9866532088123836,0.5643713546508663,272.6878016104203,330.335191537147,8623.231497147961,0.3184650858349263,0.060178587648323168,112.39929395503254,136.24630915145506,3493.6427648175829,0.0,0.0,6.542046993299673,7.9237478709252289,204.88436914794594,0.0,0.0,12.808497353076963,15.42974959848165,440.7121567443567,0.0,0.0,73.7923837930193,89.61473497754692,2204.9096477844657,0.0,0.0,49.4697895349397,60.63047939945914,1217.8842519423207,0.0,0.0,19.427811296614484,23.566902499091357,591.521027847214,32.0076574373832,21.95312581439178,274.59394630362189,333.9715139793882,8927.954850853377,0.0,0.0,59.710763116150527,73.74133348750017,1212.7793658006245,0.0,17.446757948491134,37.35919513531543,22.0,30.0,0.0,17.855822838598884,36.375235385918909,12.0,30.0,0.0,17.576639159555623,37.68832297736953,22.0,30.0,0.0,17.429539735325979,37.4295512830078,12.0,30.0,0.0,17.57641835389067,38.52798725069199,12.0,30.0,0.0,19.179180122901977,34.51428037583695,12.0,30.0,0.0,16.83667979085028,39.835729359233557,10.0,30.0,0.0,14.16126863850355,47.90461780673911,12.0,30.0,0.0,17.12779289511314,39.744277824591097,20.0,30.0,0.0,16.476686746039144,0.0,0.0,0.0,11.993632157711597,0.0,0.0,477.77414789168958,474.2773519690275,491.7852592726426,480.2100827975763,540.7493501360486,812.7344557150743,537.6539054713894,628.5198260497313,793.4262359043444,0.0,80.21823190725651,80.21823190725651,60.0,0.0,60.0,60.0,12.0,12.0,12.0,19.0,12.0,12.0,21.0,10.0,0.0,0.0,0.0,0.0,0.0,0.0,0.0,0.0,0.0,0.0,0.0,0.0,0.0,80.21823190725651,80.21823190725651,0.0,0.0,0.0,80.21823190725651,0.0,0.0,0.00078 
 03/14  03:50:00,2.1866666666666667,96.83333333333334,1.7133333333333334,0.0,0.0,0.0,0.0,0.0,2.0,2.0,0.0,0.0,0.0,0.0,0.0,952.0,0.0,0.0,0.0,0.0,0.0,0.0,0.0,0.0,0.0,0.0,0.0,18.051017907914376,-126.85668949037472,18.134146118664778,-267.331449649025,17.7233959934292,-149.25380112537324,17.659492193002067,-83.21815457231355,17.587731780314909,-8.158886976079558,18.98139532476847,-49.1123766117033,16.964223419742983,-77.13514802144073,14.656332069450852,-220.76675804575917,17.01349608516014,-65.90278489098029,542.6752951633716,646.8489652004556,0.0,0.0,0.0,0.0,0.0,0.0,0.0,0.0,0.0,0.0,0.0,0.0,0.0,0.0,0.0,0.0,0.0,0.0,0.0,0.0,0.0,0.0,1.6239116187504668,0.49569951732309738,215.64108493550106,261.7678233272721,6842.929057706942,0.2918816594491346,0.044548482821906997,114.50755539621643,139.11055143678949,3636.885133581681,2.8766878546334455,0.5435918092655794,209.55987349627248,254.37596960903444,6630.700786243413,0.3199964843941329,0.060467967572587457,114.86020717710801,139.47196804827474,3602.661492076372,0.0,0.0,6.436843065412797,7.811602172032399,202.50079953898007,0.0,0.0,12.875811375461112,15.542140486605053,444.5705529037172,0.0,0.0,70.16299567637404,85.37650716557246,2102.736354509347,0.0,0.0,49.694891473766649,61.031970089436928,1228.4883102909553,0.0,0.0,19.70381243612878,23.9478131489548,603.276806594848,32.13550030354173,22.040809536036865,283.51510083570158,345.492180485384,9256.948350138,0.0,0.0,59.939443953018528,74.17815671680606,1222.0876687699284,0.0,17.56878500553256,37.01882627901641,22.0,30.0,0.0,17.710835536393135,36.46415262728026,12.0,30.0,0.0,17.423222074015045,37.44354243482107,22.0,30.0,0.0,17.465455940837424,37.54132023117853,12.0,30.0,0.0,17.54252129652917,38.44003873971107,12.0,30.0,0.0,19.134537706852286,34.45579051948259,12.0,30.0,0.0,16.77526772231991,39.61673926322445,10.0,30.0,0.0,14.105678292863506,47.8380105976484,12.0,30.0,0.0,17.1082968106344,39.638575555117018,20.0,30.0,0.0,16.46825311401343,0.0,0.0,0.0,11.925237749780843,0.0,0.0,477.32735774738605,469.1501055754734,480.88627171306589,484.45373438065396,538.1132784045774,807.9409482119659,537.1927597924428,626.2946726740765,790.6807170640063,0.0,80.21823190725651,80.21823190725651,60.0,0.0,60.0,60.0,12.0,12.0,12.0,19.0,12.0,12.0,21.0,10.0,0.0,0.0,0.0,0.0,0.0,0.0,0.0,0.0,0.0,0.0,0.0,0.0,0.0,80.21823190725651,80.21823190725651,0.0,0.0,0.0,80.21823190725651,0.0,0.0,0.0007933333333333334 
 03/14  04:00:00,2.08,97.0,1.7,0.0,0.0,0.0,0.0,0.0,2.0,2.0,0.0,0.0,0.0,0.0,0.0,952.0,0.0,0.0,0.0,0.0,0.0,0.0,0.0,0.0,0.0,0.0,0.0,17.873243555538779,-149.20457722931406,18.099294566628477,-293.56848855634669,17.669956222820156,-203.0027361456232,17.57397192841608,-108.38809853935709,17.54175212249045,-8.74331519824969,18.92206849469535,-49.6491137336854,16.911235641625497,-92.98688281893783,14.583933988767502,-223.9696945729819,16.986538547498186,-68.44968370447202,589.523352223342,650.0567083483039,0.0,0.0,0.0,0.0,0.0,0.0,0.0,0.0,0.0,0.0,0.0,0.0,0.0,0.0,0.0,0.0,0.0,0.0,0.0,0.0,0.0,0.0,1.6434286901996079,0.5016571093405396,346.41985402597438,420.6721363284509,10871.498323515023,0.28720298638338306,0.04383439963116347,192.7719471355397,233.72727015793994,6150.3227239971179,2.795119280466129,0.5281782464977569,268.2334500939742,325.7496993781007,8486.048920605494,0.31343452335600488,0.059227990052155097,131.27371278992366,159.43011654988266,4113.57048190732,0.0,0.0,6.501897655108122,7.89256009680587,205.3681684178301,0.0,0.0,13.111137319651851,15.828370400726275,453.9814676950598,0.0,0.0,66.63085268123106,81.12250579059453,2004.7069516834404,0.0,0.0,49.833871009832069,61.22083343497032,1235.0227252313567,0.0,0.0,21.926514421511777,26.64897177886506,674.8343344865087,32.18815025558361,22.07692061425488,438.4324552124108,533.8794624020966,13966.553582590055,0.0,0.0,60.06256300658961,74.35086926369255,1229.1670405521837,0.0,17.282871617625746,37.420907145926047,22.0,30.0,0.0,17.711833717280358,36.34692150775143,12.0,30.0,0.0,17.380069070000169,37.23581198962897,22.0,30.0,0.0,17.34336412876195,37.35022337870808,12.0,30.0,0.0,17.495774842838185,38.26828829741554,12.0,30.0,0.0,19.0737504148854,34.34864158281374,12.0,30.0,0.0,16.71724245925873,39.399560758148499,10.0,30.0,0.0,14.026307185176535,47.675368459313848,12.0,30.0,0.0,17.079078443654085,39.38779011761598,20.0,30.0,0.0,16.547311631312398,0.0,0.0,0.0,11.853200217417273,0.0,0.0,474.0997476000399,472.620073806166,479.25382984993839,477.5608857375488,535.1981120288596,802.7043049606625,535.7077539142688,623.1926335874464,778.6959906992922,0.0,80.21823190725651,80.21823190725651,60.0,0.0,60.0,60.0,12.0,12.0,12.0,19.0,12.0,12.0,21.0,10.0,0.0,0.0,0.0,0.0,0.0,0.0,0.0,0.0,0.0,0.0,0.0,0.0,0.0,80.21823190725651,80.21823190725651,0.0,0.0,0.0,80.21823190725651,0.0,0.0,0.0008066666666666666 
 03/14  04:10:00,2.02,97.0,1.6533333333333334,0.0,0.0,0.0,0.0,0.0,2.0,2.0,0.0,0.0,0.0,0.0,0.0,952.0,0.0,0.0,0.0,0.0,0.0,0.0,0.0,0.0,0.0,0.0,0.0,17.90250815919058,-234.8320093577122,17.93232068022099,-242.60939283218114,17.533828126899473,-92.40695455800915,17.555315102212995,-153.5481184890109,17.496291045297857,-9.618459105504528,18.86526499170229,-52.347218781902089,16.835743286588924,-75.96838437194424,14.514810408513519,-225.44224078837204,16.959397223205,-71.79418930535116,583.1729874752409,654.2834511835829,0.0,0.0,0.0,0.0,0.0,0.0,0.0,0.0,0.0,0.0,0.0,0.0,0.0,0.0,0.0,0.0,0.0,0.0,0.0,0.0,0.0,0.0,1.634218832409143,0.49884579743868837,312.0241079148162,378.91409988004269,9857.633967152662,0.2917545192449766,0.04452907802884258,171.99993743677329,208.98285493618966,5434.8338895353949,2.9155318914243657,0.5509319522721781,268.1674961376828,325.662462603418,8445.15655696931,0.31440877042501388,0.0594120881377577,147.4956806308686,179.0874149142009,4634.479730090442,0.0,0.0,6.671892719755572,8.098819181449425,210.95264792705803,0.0,0.0,13.278427912524162,16.034211696533313,459.8976763640271,0.0,0.0,69.97884210795348,85.18988214970168,2099.9782677176046,0.0,0.0,50.23305460474509,61.724383967101207,1243.7385004821213,0.0,0.0,22.241407466211468,27.03838869149895,685.9625748369574,32.16062022291571,22.058038561670594,415.44796489259127,506.02257840215489,13287.328200742115,0.0,0.0,60.48342449582195,74.88621911403,1236.8511515734522,0.0,17.3928400270782,36.85556197173811,22.0,30.0,0.0,17.462379747152036,36.633322135427309,12.0,30.0,0.0,17.189226625609245,37.4200430651794,22.0,30.0,0.0,17.352809674905754,37.14197969141869,12.0,30.0,0.0,17.450581942916533,38.092256514041178,12.0,30.0,0.0,19.015847310162955,34.22407563993245,12.0,30.0,0.0,16.619922876131555,39.34961068460595,10.0,30.0,0.0,13.952907276399588,47.530603875554287,12.0,30.0,0.0,17.05002050036217,39.12402823662887,20.0,30.0,0.0,16.480849301276487,0.0,0.0,0.0,11.784086107955926,0.0,0.0,472.2787405029119,471.40685694848426,477.742218878985,475.9681292641335,531.215483173327,794.822036515408,534.3741922324709,624.0506130066435,765.8133454965624,0.0,80.21823190725651,80.21823190725651,60.0,0.0,60.0,60.0,12.0,12.0,12.0,19.0,12.0,12.0,21.0,10.0,0.0,0.0,0.0,0.0,0.0,0.0,0.0,0.0,0.0,0.0,0.0,0.0,0.0,80.21823190725651,80.21823190725651,0.0,0.0,0.0,80.21823190725651,0.0,0.0,0.00082 
 03/14  04:20:00,1.9600000000000002,97.0,1.606666666666667,0.0,0.0,0.0,0.0,0.0,2.0,2.0,0.0,0.0,0.0,0.0,0.0,952.0,0.0,0.0,0.0,0.0,0.0,0.0,0.0,0.0,0.0,0.0,0.0,17.727623297018725,-99.73423902020295,17.931514272212227,-284.6461325563314,17.519037620949584,-209.95813600528437,17.441622113303678,-110.34906104214952,17.44867823090897,-9.576413338262995,18.805795878482699,-52.42818839975439,16.789723652409493,-98.8631353958981,14.446584873920994,-224.52670927683767,16.929787766223627,-72.98753602601295,566.7013190028429,656.3245461548096,0.0,0.0,0.0,0.0,0.0,0.0,0.0,0.0,0.0,0.0,0.0,0.0,0.0,0.0,0.0,0.0,0.0,0.0,0.0,0.0,0.0,0.0,1.633214588801362,0.4985392517708676,317.78781207323166,386.0395934141928,9971.638383746336,0.28544183097982137,0.04356560301889825,165.29820241270944,200.4894773379865,5250.796571120335,2.8193155754164769,0.5327504866622218,279.4746593683149,339.61292115008208,8823.58127658588,0.3122961232688686,0.05901287287771514,143.10581521554975,173.9156336735334,4473.946307118875,0.0,0.0,6.595443349761271,8.008284728813415,208.7136550966402,0.0,0.0,13.520560876146968,16.32907887716778,468.272471522485,0.0,0.0,65.58424071231403,79.8787795370724,1970.9643266337094,0.0,0.0,50.068817326851689,61.537910604214918,1238.7074719618398,0.0,0.0,23.664681320039635,28.768005696451949,731.2143400099326,32.083859156191,22.00539036775789,419.7272814096576,511.37181531005128,13376.180680232348,0.0,0.0,60.269828865689969,74.64018353346916,1231.5373993220679,0.0,17.148544131179638,37.316316873170269,22.0,30.0,0.0,17.525946030366066,36.37517817807354,12.0,30.0,0.0,17.21562508894212,37.14610157282269,22.0,30.0,0.0,17.190478188675777,37.21658862287356,12.0,30.0,0.0,17.401812299337786,37.934405055178817,12.0,30.0,0.0,18.953064874722004,34.13333957390145,12.0,30.0,0.0,16.57721907865928,39.264182141039388,10.0,30.0,0.0,13.881301822080573,47.39479952342667,12.0,30.0,0.0,17.017419012299997,38.89215507374574,20.0,30.0,0.0,16.380755083794278,0.0,0.0,0.0,11.714880995421004,0.0,0.0,472.76640892982916,472.72064457003,477.22893693839935,472.4525978089831,530.5287363489595,791.4124335595539,536.4686809069094,624.4235912587252,758.2551550483377,0.0,80.21823190725651,80.21823190725651,60.0,0.0,60.0,60.0,12.0,12.0,12.0,19.0,12.0,12.0,21.0,10.0,0.0,0.0,0.0,0.0,0.0,0.0,0.0,0.0,0.0,0.0,0.0,0.0,0.0,80.21823190725651,80.21823190725651,0.0,0.0,0.0,80.21823190725651,0.0,0.0,0.0008266666666666667 
 03/14  04:30:00,1.9,97.0,1.56,0.0,0.0,0.0,0.0,0.0,2.0,2.0,0.0,0.0,0.0,0.0,0.0,476.0,0.0,0.0,0.0,0.0,0.0,0.0,0.0,0.0,0.0,0.0,0.0,17.69245889775779,-203.44375395847875,17.88229613180853,-110.95829989029039,17.495024640838709,-3.1441283742478847,17.380669768813676,-171.55373635297657,17.39691374216258,-9.865191259652392,18.741884880618409,-53.858741711003919,16.736164440244936,-68.81743523129762,14.378201616042155,-219.20340448922276,16.897358655216999,-74.05881765683978,517.6391445189474,664.7686474646971,0.0,0.0,0.0,0.0,0.0,0.0,0.0,0.0,0.0,0.0,0.0,0.0,0.0,0.0,0.0,0.0,0.0,0.0,0.0,0.0,0.0,0.0,1.618977539431985,0.4941933881050016,192.12035235187478,233.10947439011989,6043.7276200687879,0.30142143804229978,0.04600449298569899,48.640095710604359,58.93934322412532,1563.4109512453043,2.9913176604331945,0.5652527703010574,272.5600674096251,330.5303095584985,8663.468535997998,0.318450038714663,0.06017574427714718,117.17299797938837,142.17622623306529,3663.4691873788767,0.0,0.0,6.788359315815159,8.228312866843606,214.94869396070627,0.0,0.0,13.442635781568903,16.209337319072277,465.45491893622389,0.0,0.0,72.2318488235817,87.80814796121585,2172.021824947315,0.0,0.0,50.5490672125958,62.02612055683151,1249.846108036414,0.0,0.0,22.405266856534245,27.191821067858215,693.5685587718986,32.11039878991779,22.023593134374349,274.4819967088509,334.17516852311896,8978.106510704341,0.0,0.0,60.826451442323968,75.20368360924558,1243.6614843355179,0.0,17.123044982297384,37.02745840278961,22.0,30.0,0.0,17.509561214853794,36.10737753542483,12.0,30.0,0.0,17.24920299756789,37.30950088140955,22.0,30.0,0.0,17.115626930018018,37.02350553503844,12.0,30.0,0.0,17.345084225398499,37.78551839269285,12.0,30.0,0.0,18.88094168915851,34.04229899698577,12.0,30.0,0.0,16.525113075314495,39.40065065414565,10.0,30.0,0.0,13.808715506612952,47.458833456762317,12.0,30.0,0.0,16.979885554484853,38.719075757216298,20.0,30.0,0.0,16.15201101093497,0.0,0.0,0.0,11.656715349756635,0.0,0.0,468.7012324475977,465.7892735638895,482.10495372926729,464.39531960134806,530.5547290597273,788.4168709442979,533.2454318235056,625.7409052902063,757.4030903722043,0.0,80.21823190725651,80.21823190725651,60.0,0.0,60.0,60.0,12.0,12.0,12.0,19.0,12.0,12.0,21.0,10.0,0.0,0.0,0.0,0.0,0.0,0.0,0.0,0.0,0.0,0.0,0.0,0.0,0.0,80.21823190725651,80.21823190725651,0.0,0.0,0.0,80.21823190725651,0.0,0.0,0.0008333333333333334 
 03/14  04:40:00,1.8399999999999999,97.0,1.5133333333333333,0.0,0.0,0.0,0.0,0.0,2.0,2.0,0.0,0.0,0.0,0.0,0.0,952.0,0.0,0.0,0.0,0.0,0.0,0.0,0.0,0.0,0.0,0.0,0.0,17.708736523238636,-119.2022072691866,17.790586004604188,-265.97587971516716,17.397981410417814,-146.56829455956086,17.367346440846317,-90.04332814249438,17.355418735570077,-9.361964691830963,18.692188150523088,-52.21869609647311,16.682743704487643,-86.42949693843434,14.321380222832488,-223.58838970780165,16.871174077455096,-75.29639117837434,533.7358470038471,668.6128910667425,0.0,0.0,0.0,0.0,0.0,0.0,0.0,0.0,0.0,0.0,0.0,0.0,0.0,0.0,0.0,0.0,0.0,0.0,0.0,0.0,0.0,0.0,1.6292077154812704,0.4973161524668102,206.7837619444989,251.2687639215622,6577.78781238288,0.2939482688523878,0.04486389939749509,112.85734535563577,137.23239269697997,3590.311370392189,2.8870105794543878,0.5455424375386222,204.03151488820854,247.9022749178136,6473.821905583637,0.3198131972374051,0.060433332811301029,112.57903373466714,136.82413629559307,3541.9411501363149,0.0,0.0,6.668924342631366,8.098879698075104,211.452343029755,0.0,0.0,13.479631742494142,16.28557118936036,467.10166548855099,0.0,0.0,68.75944388536746,83.74821683175802,2067.347499987589,0.0,0.0,50.65093330913561,62.27409520779729,1253.121827876708,0.0,0.0,23.348813631282256,28.39114265343457,724.3056113299533,32.102726085773458,22.018330648678643,275.2688546837512,335.7714016372007,9031.228781598686,0.0,0.0,60.8929630092465,75.43571201076969,1244.9657861140677,0.0,17.241129687204784,36.70162071311369,22.0,30.0,0.0,17.370878222362948,36.248227307830848,12.0,30.0,0.0,17.100756013267885,37.14355383091291,22.0,30.0,0.0,17.15434863572594,37.13300404389719,12.0,30.0,0.0,17.30943601409951,37.72670612030706,12.0,30.0,0.0,18.837428535509056,34.00318368657217,12.0,30.0,0.0,16.465065676398845,39.207365242205167,10.0,30.0,0.0,13.757933791203034,47.400881396473199,12.0,30.0,0.0,16.955656583373174,38.643985909517457,20.0,30.0,0.0,16.138123182367758,0.0,0.0,0.0,11.597536475726518,0.0,0.0,468.70532548426027,466.4636097138616,475.9944869138849,472.25493704084627,528.7537227792254,785.3105168464972,532.9168641452856,624.3374694989072,753.5236536778185,0.0,80.21823190725651,80.21823190725651,60.0,0.0,60.0,60.0,12.0,12.0,12.0,19.0,12.0,12.0,21.0,10.0,0.0,0.0,0.0,0.0,0.0,0.0,0.0,0.0,0.0,0.0,0.0,0.0,0.0,80.21823190725651,80.21823190725651,0.0,0.0,0.0,80.21823190725651,0.0,0.0,0.0008400000000000001 
 03/14  04:50:00,1.78,97.0,1.4666666666666666,0.0,0.0,0.0,0.0,0.0,2.0,2.0,0.0,0.0,0.0,0.0,0.0,476.0,0.0,0.0,0.0,0.0,0.0,0.0,0.0,0.0,0.0,0.0,0.0,17.756938016945129,-17.716729015646707,17.65077309237,-382.845051851451,17.336297869293906,-143.52826600204345,17.374616936698354,-9.112334619625927,17.30356130735091,-8.74174976232706,18.630394687816229,-50.97786882664411,16.615928293474583,-92.89225893999037,14.252674375059304,-219.06152584355233,16.837520258694533,-75.08270481402406,475.65322475966607,673.1720876840357,0.0,0.0,0.0,0.0,0.0,0.0,0.0,0.0,0.0,0.0,0.0,0.0,0.0,0.0,0.0,0.0,0.0,0.0,0.0,0.0,0.0,0.0,1.641458552240982,0.5010557241272839,175.85660383543979,213.14898408596648,5677.45059848622,0.28933926031360898,0.044160448765813337,169.87877235582719,206.08695773533823,5361.552507036701,2.8454746395914078,0.5376936204821257,77.4884580762078,94.0403566687762,2512.5970593414306,0.3181392304279896,0.06011701255253014,72.77017742815211,88.25319605360295,2310.9805209838907,0.0,0.0,6.645073313309319,8.056827113127169,210.83427222669494,0.0,0.0,13.622175660970222,16.431358824111663,472.0145275507477,0.0,0.0,66.37348709765462,80.72514361296082,1993.3787455622588,0.0,0.0,50.62506716560155,62.14302944416944,1251.5681891353486,0.0,0.0,24.43650220436643,29.661943330570769,759.3787803178298,32.048660046795777,21.981248317418236,187.36323116476653,228.30724154970333,6363.24958431415,0.0,0.0,60.84973695906187,75.2585768818687,1244.9725299915947,0.0,17.406252211578939,36.199643946413939,22.0,30.0,0.0,17.15940527198755,36.55908075573222,12.0,30.0,0.0,17.04056660394578,36.9786487078829,22.0,30.0,0.0,17.216691940268569,37.003532241642698,12.0,30.0,0.0,17.253310750305439,37.602915931674768,12.0,30.0,0.0,18.769035450773555,33.92976817100874,12.0,30.0,0.0,16.381660636635688,39.1879295696596,10.0,30.0,0.0,13.683578484455746,47.41712639522561,12.0,30.0,0.0,16.917140523055193,38.49378494494059,20.0,30.0,0.0,15.883491076418187,0.0,0.0,0.0,11.540565305686752,0.0,0.0,468.80835733778619,467.53741566997356,478.97064983816736,476.51598556868597,525.5774764738118,780.3196741315843,532.8273147758658,622.5398959980671,744.8615073507369,0.0,80.21823190725651,80.21823190725651,60.0,0.0,60.0,60.0,12.0,12.0,12.0,19.0,12.0,12.0,21.0,10.0,0.0,0.0,0.0,0.0,0.0,0.0,0.0,0.0,0.0,0.0,0.0,0.0,0.0,80.21823190725651,80.21823190725651,0.0,0.0,0.0,80.21823190725651,0.0,0.0,0.0008366666666666668 
 03/14  05:00:00,1.72,97.0,1.42,0.0,0.0,0.0,0.0,0.0,2.0,2.0,0.0,0.0,0.0,0.0,0.0,1428.0,0.0,0.0,0.0,0.0,0.0,0.0,0.0,0.0,0.0,0.0,0.0,17.573382999301495,-187.39326023108849,17.63109350930459,-186.86656707901558,17.31477305291208,-61.70353782529632,17.303313107136199,-165.82860099639823,17.262442935660827,-10.208511624186882,18.582506455485225,-54.50730987606913,16.577604846810425,-86.1986689169311,14.198125991089237,-224.84809745905489,16.810903486165004,-79.00029804409559,511.5641466708422,673.8246706247827,0.0,0.0,0.0,0.0,0.0,0.0,0.0,0.0,0.0,0.0,0.0,0.0,0.0,0.0,0.0,0.0,0.0,0.0,0.0,0.0,0.0,0.0,1.6513352233905053,0.504070581010533,206.44723878459727,251.2806028878798,6532.279214829755,0.30561105136556479,0.04664393335860272,124.42198189258437,151.26845399944956,3956.7351432605339,2.86966007133359,0.5422638078861665,167.04873509331149,203.253353944352,5344.19249003811,0.31155281474165977,0.058872413972346927,77.16606937517416,93.88083047642366,2439.208600851929,0.0,0.0,6.78668239875111,8.249263166055599,215.6163758588462,0.0,0.0,13.597577866583823,16.44254039192462,471.54753162898069,0.0,0.0,68.68794042229618,83.74976796853648,2067.2080954240948,0.0,0.0,50.87354908383465,62.60851137254072,1258.7345495539892,0.0,0.0,25.06873154294701,30.50280218144553,780.5965635713722,32.045802921557278,21.979288697913107,244.14802779710159,298.2342345761339,8102.083045190242,0.0,0.0,61.1033922051778,75.76824825672593,1250.285500817298,0.0,17.073817350588514,36.780660614126897,22.000000000000019,30.00000000000002,0.0,17.215391888981239,36.376727941751308,12.00000000000001,30.00000000000002,0.0,17.0649492891004,36.9756122226872,22.000000000000019,30.00000000000002,0.0,17.10015823096382,36.71176233320102,12.00000000000001,30.00000000000002,0.0,17.21884952949584,37.54559250181215,12.00000000000001,30.00000000000002,0.0,18.727853687823435,33.90546338902894,12.00000000000001,30.00000000000002,0.0,16.356127451703775,39.10474051331732,10.000000000000007,30.00000000000002,0.0,13.636403717127692,47.33710449561079,12.00000000000001,30.00000000000002,0.0,16.89306187075944,38.402796018975127,20.000000000000015,30.00000000000002,0.0,15.936552562060326,0.0,0.0,0.0,11.483748872578899,0.0,0.0,469.1689433785666,467.11156566147727,477.0217447001995,464.30461240846736,524.9468488730258,779.721831011683,530.664105466514,622.2149524002887,740.5702884407596,0.0,80.21823190725657,80.21823190725657,60.00000000000004,0.0,60.00000000000004,60.00000000000004,12.0,12.0,12.0,19.0,12.0,12.0,21.0,10.0,0.0,0.0,0.0,0.0,0.0,0.0,0.0,0.0,0.0,0.0,0.0,0.0,0.0,80.21823190725657,80.21823190725657,0.0,0.0,0.0,80.21823190725657,0.0,0.0,0.0008333333333333335 
 03/14  05:10:00,1.705,97.0,1.4466666666666668,0.0,0.0,0.0,0.0,0.0,2.0,2.0,0.0,0.0,0.0,0.0,0.0,952.0,0.0,0.0,0.0,0.0,0.0,0.0,0.0,0.0,0.0,0.0,0.0,17.492152219324578,-255.0065631995899,17.589223103456196,-140.92350999988754,17.293176872343986,-32.573609148961399,17.263741827537709,-50.02043186656908,17.212303665524318,-10.200725167207935,18.523643285616495,-54.31700556097988,16.524186392787649,-78.15625671574571,14.13248807331193,-223.29080131669424,16.777368376512855,-80.30935478729242,430.4129150472302,677.3837165193965,0.0,0.0,0.0,0.0,0.0,0.0,0.0,0.0,0.0,0.0,0.0,0.0,0.0,0.0,0.0,0.0,0.0,0.0,0.0,0.0,0.0,0.0,1.6434385360246569,0.5016601147816413,159.90785571548083,194.3844444844085,5033.885743449911,0.30665360376980829,0.046803053078420069,93.2730578611889,113.38173530669732,2964.825441396086,2.866854575911546,0.5417336689175258,73.31585118995014,89.05541230013239,2399.9665669524185,0.31653657264348958,0.05981416716619227,49.42115023583109,60.054010781710207,1567.0477938419968,0.0,0.0,6.80881874912952,8.272049956623452,215.84435067030615,0.0,0.0,13.604391784975617,16.444084556944575,470.5857074651127,0.0,0.0,70.2846214557025,85.64471098120612,2109.903905599489,0.0,0.0,51.057120625889329,62.80760968226594,1257.877242000199,0.0,0.0,24.77495976340455,30.133024439118839,770.4568764448399,32.02093138066111,21.962230027888283,142.84517921297613,174.4731083820754,5004.012754494952,0.0,0.0,61.291461334313868,75.9654520563565,1249.3720960521687,0.0,16.98515903405429,36.7611723618561,22.0,30.0,0.0,17.193205354343797,36.28368570713857,12.0,30.0,0.0,17.078678918406234,36.79163220215415,22.0,30.0,0.0,17.08184382142668,36.60615909759535,12.0,30.0,0.0,17.166926805616048,37.462691721708527,12.0,30.0,0.0,18.66569542655887,33.86489118265061,12.0,30.0,0.0,16.30185797805128,39.08751644385107,10.0,30.0,0.0,13.567480403738003,47.31554213796737,12.0,30.0,0.0,16.856217906330078,38.279560355134368,20.0,30.0,0.0,15.603381631939272,0.0,0.0,0.0,11.42960344413845,0.0,0.0,467.8991509724767,466.6312146479487,480.39535653715748,468.0479119696465,523.9122498541545,777.8474919099597,530.7645030535435,621.9565556622712,735.383984079785,0.0,80.21823190725651,80.21823190725651,60.0,0.0,60.0,60.0,12.0,12.0,12.0,19.0,12.0,12.0,21.0,10.0,0.0,0.0,0.0,0.0,0.0,0.0,0.0,0.0,0.0,0.0,0.0,0.0,0.0,80.21823190725651,80.21823190725651,0.0,0.0,0.0,80.21823190725651,0.0,0.0,0.00083 
 03/14  05:20:00,1.69,97.0,1.4733333333333334,0.0,0.0,0.0,0.0,0.0,2.0,2.0,0.0,0.0,0.0,0.0,0.0,952.0,0.0,0.0,0.0,0.0,0.0,0.0,0.0,0.0,0.0,0.0,0.0,17.314388037181826,-94.95047924797655,17.56829775996217,-289.48193653643878,17.19648197737626,-224.81519937955273,17.158153875527917,-172.98690624172787,17.16260781064422,-10.755614750886182,18.466235197978326,-54.527154168756,16.466628490600585,-107.98942379794483,14.068283920145302,-223.97596078262917,16.743017907256296,-83.11248125692339,582.987749582514,673.813074058379,0.0,0.0,0.0,0.0,0.0,0.0,0.0,0.0,0.0,0.0,0.0,0.0,0.0,0.0,0.0,0.0,0.0,0.0,0.0,0.0,0.0,0.0,1.6471179302763893,0.5027832510001188,383.0826857618356,465.9387870627376,11912.775252206136,0.29031080435536357,0.04430873082346819,213.8193792988593,259.6631097397851,6781.82816134167,2.7662804952715485,0.5227287406030894,323.7587788944701,393.70382229482848,10205.007129770907,0.2997776201799843,0.05664732051775968,169.31544977951124,205.97602269571542,5286.316065026269,0.0,0.0,6.7972179761837669,8.259870926143993,215.0040392576853,0.0,0.0,13.92316412608999,16.831273610192846,480.4097917714931,0.0,0.0,63.1498893078586,76.98951568234937,1890.3330129010577,0.0,0.0,50.78431633372659,62.485789149419087,1245.9333384857483,0.0,0.0,27.574832474526294,33.53766006077304,856.2672844916867,31.872236308560156,21.860244381728508,515.1390516599083,628.2183145662032,16162.956112223259,0.0,0.0,60.904189238759368,75.49963227385647,1236.068823807233,0.0,16.73925286900193,37.2133887327388,22.0,30.0,0.0,17.19900996937774,36.127229883468398,12.0,30.0,0.0,16.93661876719765,36.71895705990974,22.0,30.0,0.0,16.907007147325034,36.78635097929842,12.0,30.0,0.0,17.116236327449188,37.37462491990598,12.0,30.0,0.0,18.606365423045383,33.81450357575048,12.0,30.0,0.0,16.2360431971114,39.009674607201748,10.0,30.0,0.0,13.50098896712916,47.15659532422754,12.0,30.0,0.0,16.81838568377389,38.104511067955247,20.0,30.0,0.0,16.079527248699966,0.0,0.0,0.0,11.370903334285158,0.0,0.0,468.314840277608,467.96419501659639,469.90966468380739,467.0697118958918,524.5027440279844,776.7433227553992,537.0589395988225,623.139545551828,727.6995419485966,0.0,80.21823190725651,80.21823190725651,60.0,0.0,60.0,60.0,12.0,12.0,12.0,19.0,12.0,12.0,21.0,10.0,0.0,0.0,0.0,0.0,0.0,0.0,0.0,0.0,0.0,0.0,0.0,0.0,0.0,80.21823190725651,80.21823190725651,0.0,0.0,0.0,80.21823190725651,0.0,0.0,0.0008400000000000001 
 03/14  05:30:00,1.6749999999999999,97.0,1.5,0.0,0.0,0.0,0.0,0.0,2.0,2.0,0.0,0.0,0.0,0.0,0.0,476.0,0.0,0.0,0.0,0.0,0.0,0.0,0.0,0.0,0.0,0.0,0.0,17.323452777449505,-187.52563002706939,17.500103209633868,-123.01946959449106,17.147911160669417,-0.2948136239556334,17.070162122516217,-195.56074549497954,17.10857285944462,-10.778095525176724,18.4042473783368,-55.555468901224688,16.40958403813218,-75.00891247468917,14.003376078665383,-219.5018374423505,16.705664728087358,-83.58444802227541,519.8985739515356,680.3217117540937,0.0,0.0,0.0,0.0,0.0,0.0,0.0,0.0,0.0,0.0,0.0,0.0,0.0,0.0,0.0,0.0,0.0,0.0,0.0,0.0,0.0,0.0,1.6122170071452982,0.49212973356083586,180.29509465890798,218.956432654839,5641.526538104717,0.30054812096453989,0.04587120283341573,53.66714491741626,65.09808899741187,1709.868492875997,2.956870934777367,0.5587435628831006,269.1906574410633,326.74378377261987,8506.860313366607,0.31291524169996839,0.05912986426681184,125.33412738714716,152.2146756359598,3895.0220374489506,0.0,0.0,6.927872183401719,8.404174069761277,218.59360809577673,0.0,0.0,13.88034302653882,16.753487715750056,477.6138783114579,0.0,0.0,70.77122514171012,86.11805167111803,2112.0278819732086,0.0,0.0,51.32519781270581,63.048633993650039,1254.0667846199763,0.0,0.0,26.121228452956627,31.718225301829948,809.8989457395982,31.911784894294198,21.88736961199877,271.06434006941256,330.3008802610415,8819.67368296494,0.0,0.0,61.52129854582219,76.13512676638799,1245.4228158905808,0.0,16.79899688330473,36.791419142820107,22.0,30.0,0.0,17.14421270900835,35.96237410029365,12.0,30.0,0.0,16.924961914840723,36.954628872650847,22.0,30.0,0.0,16.792075757316519,36.77084535302207,12.0,30.0,0.0,17.057206845892734,37.29474361409934,12.0,30.0,0.0,18.537560849135713,33.75994127759249,12.0,30.0,0.0,16.17854748653953,39.1166314778188,10.0,30.0,0.0,13.432781244004146,47.20368182845002,12.0,30.0,0.0,16.775264930803929,37.992472571382197,20.0,30.0,0.0,15.83327143988699,0.0,0.0,0.0,11.327944575610755,0.0,0.0,464.8944820156682,460.85899982679237,476.9944554116978,460.31239489167577,526.8960229028872,775.722000610482,531.9199671241626,624.3819704704772,728.1987137282137,0.0,80.21823190725651,80.21823190725651,60.0,0.0,60.0,60.0,12.0,12.0,12.0,19.0,12.0,12.0,21.0,10.0,0.0,0.0,0.0,0.0,0.0,0.0,0.0,0.0,0.0,0.0,0.0,0.0,0.0,80.21823190725651,80.21823190725651,0.0,0.0,0.0,80.21823190725651,0.0,0.0,0.00085 
 03/14  05:40:00,1.6599999999999998,97.0,1.5266666666666667,0.0,0.0,0.0,0.0,0.0,2.0,2.0,0.0,0.0,0.0,0.0,0.0,952.0,0.0,0.0,0.0,0.0,0.0,0.0,0.0,0.0,0.0,0.0,0.0,17.3318134463571,-109.13924214193503,17.412422108265554,-255.1650741791667,17.045863989434645,-146.46829561823825,17.053780337475965,-94.27995691363936,17.06527975322073,-10.258281831263574,18.355282637428357,-54.15680559449024,16.357071175682735,-91.5166293630989,13.950151839138912,-221.75822440631908,16.675748496966397,-85.12104545700095,523.591837763729,681.2481045633278,0.0,0.0,0.0,0.0,0.0,0.0,0.0,0.0,0.0,0.0,0.0,0.0,0.0,0.0,0.0,0.0,0.0,0.0,0.0,0.0,0.0,0.0,1.6103831652616175,0.49156995276606149,195.4488974951069,237.7104504281608,6158.288220671879,0.2922375700769785,0.04460280373580258,108.73513283239713,132.32591339437409,3424.5280231139815,2.847691344715127,0.5381124990013468,199.6954479519137,242.847934851685,6277.2835390961349,0.31507793915465989,0.05953853725522671,111.75282886840441,135.92897442758767,3485.2394321990425,0.0,0.0,6.808393690277139,8.274365962552038,214.46648983889549,0.0,0.0,13.891883552396348,16.798765931074649,477.13689619038999,0.0,0.0,67.95178661725022,82.84087199625518,2021.7569703369798,0.0,0.0,51.39188299248467,63.24981011457777,1252.1722078786252,0.0,0.0,26.532585977410898,32.276898054906727,821.753156808312,31.85611198067125,21.849185171928164,265.6608938531882,324.331254247061,8649.726621466103,0.0,0.0,61.53771576828782,76.2979064519425,1241.7656140436862,0.0,16.89862344474922,36.518200823933337,22.0,30.0,0.0,17.0152400319559,36.11832636653278,12.0,30.0,0.0,16.767706785809417,36.91988226362473,22.0,30.0,0.0,16.83151056459821,36.84629598385182,12.0,30.0,0.0,17.020036577302457,37.25982916627939,12.0,30.0,0.0,18.495010675978795,33.734507766490029,12.0,30.0,0.0,16.12175602402644,38.96537904054621,10.0,30.0,0.0,13.386979284751627,47.15410467697255,12.0,30.0,0.0,16.74747601899847,37.944160094074948,20.0,30.0,0.0,15.798377003837054,0.0,0.0,0.0,11.283753353234932,0.0,0.0,464.5967055695668,460.1693100794155,470.73521162714357,467.7248923363338,525.3777757584546,773.1962300548162,531.5898454181589,624.2936383017826,726.5437647200979,0.0,80.21823190725651,80.21823190725651,60.0,0.0,60.0,60.0,12.0,12.0,12.0,19.0,12.0,12.0,21.0,10.0,0.0,0.0,0.0,0.0,0.0,0.0,0.0,0.0,0.0,0.0,0.0,0.0,0.0,80.21823190725651,80.21823190725651,0.0,0.0,0.0,80.21823190725651,0.0,0.0,0.00086 
 03/14  05:50:00,1.645,97.0,1.5533333333333335,0.0,0.0,0.0,0.0,0.0,2.0,2.0,0.0,0.0,0.0,0.0,0.0,476.0,0.0,0.0,0.0,0.0,0.0,0.0,0.0,0.0,0.0,0.0,0.0,17.36937948434504,-15.370323205920613,17.279331053015519,-358.37145614360909,16.997568713574596,-115.4368195619245,17.06123987384599,-9.92173420412064,17.011339960828538,-9.646179495874464,18.294358962103798,-52.956090365712899,16.29196540077293,-96.46020077053254,13.88660375965758,-217.00488111365326,16.637761795766058,-84.77125314968566,439.4421535123802,682.99186634128,0.0,0.0,0.0,0.0,0.0,0.0,0.0,0.0,0.0,0.0,0.0,0.0,0.0,0.0,0.0,0.0,0.0,0.0,0.0,0.0,0.0,0.0,1.6166681450560435,0.49348844476680206,162.7664925587997,197.4793989143892,5184.606310171561,0.28691774129263838,0.04379086405565299,160.19949573878606,194.52158526718319,4991.39448447273,2.798235913199009,0.5287671793648923,62.75484354335488,76.21851572821547,2028.5864462168827,0.31203939645663389,0.058964360630505249,61.621789762364958,74.79702856560827,1935.9071864143833,0.0,0.0,6.775164428283045,8.220894782437434,212.90115826358668,0.0,0.0,13.996918725120885,16.89900901179567,479.45722159871829,0.0,0.0,65.94344012146905,80.27568237495733,1954.199920506323,0.0,0.0,51.326548864757537,63.069005278464619,1245.6194982514044,0.0,0.0,27.31271104036488,33.170040331358169,844.6008250086486,31.763526464335177,21.785683446046084,161.7738373101541,197.35377141995276,5507.309106137788,0.0,0.0,61.43998502010052,76.04993086803685,1236.82448525525,0.0,17.041125313612264,36.07680415949209,22.0,30.0,0.0,16.815475861011064,36.45082318546752,12.0,30.0,0.0,16.735134153234026,36.80539912646663,22.0,30.0,0.0,16.895609472060607,36.70840175705082,12.0,30.0,0.0,16.961682937277567,37.17898065296224,12.0,30.0,0.0,18.42799251946813,33.68607317706005,12.0,30.0,0.0,16.042679664881708,38.96910085387438,10.0,30.0,0.0,13.320446610124473,47.1562302191235,12.0,30.0,0.0,16.70400694309146,37.8407527095108,20.0,30.0,0.0,15.470136559641319,0.0,0.0,0.0,11.242463593787195,0.0,0.0,463.2619262315146,462.05956312479466,477.2079154962749,471.57318262727679,522.6802768282972,769.1440691630164,531.5743776274934,621.9262058680952,721.6055225450077,0.0,80.21823190725651,80.21823190725651,60.0,0.0,60.0,60.0,12.0,12.0,12.0,19.0,12.0,12.0,21.0,10.0,0.0,0.0,0.0,0.0,0.0,0.0,0.0,0.0,0.0,0.0,0.0,0.0,0.0,80.21823190725651,80.21823190725651,0.0,0.0,0.0,80.21823190725651,0.0,0.0,0.0008833333333333333 
 03/14  06:00:00,1.63,97.0,1.58,0.0,0.0,0.0,0.0,0.0,2.0,2.0,0.0,0.0,0.0,0.0,0.0,1428.0,0.0,0.0,0.0,0.0,0.0,0.0,0.0,0.0,0.0,0.0,0.0,17.193025393161027,-173.9605965187082,17.256789838823566,-186.8400158979046,16.969573101112226,-65.1262394843871,16.988901766762536,-170.87067267080097,16.968845721267546,-10.925095947210546,18.247055343160633,-56.07029533610286,16.251766612136707,-92.24958011181919,13.83657395566579,-220.1237504555233,16.608321734585425,-88.16097590176253,489.83385779309699,680.3620791063298,0.0,0.0,0.0,0.0,0.0,0.0,0.0,0.0,0.0,0.0,0.0,0.0,0.0,0.0,0.0,0.0,0.0,0.0,0.0,0.0,0.0,0.0,1.6217149039490849,0.4950289694594281,198.9119905012934,242.3029754728102,6193.920362225099,0.3006278277130492,0.04588336808807226,121.93998052654865,148.37736118163546,3814.503007862165,2.781847051629794,0.5256702667478831,144.7078142544395,176.217030362944,4571.609845533683,0.30395836180796789,0.05743733216325926,66.55655344389506,81.0368600207726,2073.7786101148287,0.0,0.0,6.868838361869674,8.354794142976047,215.49117586453088,0.0,0.0,13.965168146464656,16.901215703269345,477.50851789487066,0.0,0.0,67.39458787097328,82.24177558399527,1994.758265066943,0.0,0.0,51.41597439245948,63.33428372658504,1244.6976169247778,0.0,0.0,27.940759058221347,34.012486065156469,863.0777946977532,31.751647095511424,21.77753573080347,226.93615456158677,277.4488518135861,7450.14501616869,0.0,0.0,61.51570919637375,76.33052198995995,1234.5307728090116,0.0,16.725184579456927,36.68609190024411,22.000000000000019,30.00000000000002,0.0,16.860920103699749,36.30733395664505,12.00000000000001,30.00000000000002,0.0,16.742830970417356,36.7832442659499,22.000000000000019,30.00000000000002,0.0,16.777322277111858,36.50867867006211,12.00000000000001,30.00000000000002,0.0,16.926280674843136,37.14398650305144,12.00000000000001,30.00000000000002,0.0,18.387721172139235,33.675137338163278,12.00000000000001,30.00000000000002,0.0,16.01382297708347,38.91021034068149,10.000000000000007,30.00000000000002,0.0,13.279845028592213,47.0771828897148,12.00000000000001,30.00000000000002,0.0,16.67779463514279,37.77263967783007,20.000000000000015,30.00000000000002,0.0,15.578663823129674,0.0,0.0,0.0,11.200495628081035,0.0,0.0,465.53242095435089,462.79163269402218,473.4162639056845,459.089916359773,522.118273886593,768.8759549797452,529.2787611794695,621.1237517860727,718.3009583637756,0.0,80.21823190725657,80.21823190725657,60.00000000000004,0.0,60.00000000000004,60.00000000000004,12.0,12.0,12.0,19.0,12.0,12.0,21.0,10.0,0.0,0.0,0.0,0.0,0.0,0.0,0.0,0.0,0.0,0.0,0.0,0.0,0.0,80.21823190725657,80.21823190725657,0.0,0.0,0.0,80.21823190725657,0.0,0.0,0.0009066666666666668 
 03/14  06:10:00,1.6566666666666668,97.16666666666667,1.6883333333333335,0.0,0.0,0.0,0.0,0.0,2.0,2.0,0.0,0.0,0.0,0.0,0.0,4770.0,0.0,0.0,0.0,0.0,0.0,0.0,0.0,0.0,0.0,0.0,0.0,18.344448055849889,-1005.6167624341169,17.426073182481738,712.1593050013246,18.394661076400916,-2526.57971342774,17.256727629419296,908.1619341101789,16.919513950597147,-14.787741349040742,18.97222628117848,-120.22953344155259,16.332494154920555,135.5445563619193,14.874636739263256,-309.4965000378316,17.992437105201508,-242.53084651768814,807.5795734723379,800.5277589637649,0.0,0.0,0.0,0.0,0.0,0.0,0.0,0.0,0.0,0.0,0.0,0.0,0.0,0.0,0.0,0.0,0.0,0.0,0.0,0.0,0.0,0.0,1.6015014649868685,0.4888588110460526,373.93407799934649,452.3221854695177,13017.526923994887,0.3947878930762517,0.06025456243532535,326.39940462971119,396.6365300721831,10484.848651394146,2.314921726390972,0.4374379679499193,475.4660302608367,574.3155044617026,16921.75409049929,0.381302669179752,0.07205265857516097,333.2112735081607,404.68742124367909,10798.78957974396,0.0,0.0,9.892274165293065,12.041121233860772,308.80423912720706,0.0,0.0,18.298767546512854,22.06776855883282,667.0786481608551,0.0,0.0,75.56348142388294,92.20794398112247,2264.7535651256496,0.0,0.0,42.14572874794613,51.69887530873467,1145.4607367121196,0.0,0.0,44.40069296864369,53.64836461918595,1566.6357928189378,32.9946082248935,22.63004679347977,647.797534670673,788.9878124301908,20933.80700526431,0.0,0.0,55.26399850910441,68.6148289277329,1116.3938573620724,2054.565963726248,18.517920028813199,32.62815408350502,21.999999999999998,30.0,0.0,17.262902506875986,35.288322230524688,15.999999999999999,30.0,4636.011885066228,18.847002416572548,31.962761267296665,21.999999999999998,30.0,0.0,17.37590208268255,35.037038319993289,15.999999999999999,30.0,0.0,16.877614642139624,37.07204938784877,12.0,30.0,1275.1917746142972,19.54142083348548,31.233379167111147,19.799999999999998,30.0,0.0,16.228733980552968,38.08243915306015,10.0,30.0,1458.0850092078488,14.918630488022814,42.20263340136103,16.999999999999998,30.0,2885.7477110122424,18.770100297572328,32.96135034603114,20.0,30.0,0.0,16.48128327879079,0.0,0.0,0.0,11.296693905808633,0.0,0.0,465.0190936196978,464.3167426138468,464.31548817498608,462.94587082733798,520.9713748445805,758.20085580007,514.8358405193386,626.3403662769479,695.3057206039416,12338.822646221699,79.84543055784495,87.86382110920803,60.0,0.0,60.0,60.0,16.0,16.0,19.0,19.0,16.0,12.0,21.0,10.0,1.0,0.0,2054.565963726248,0.0,4636.011885066228,0.0,1275.1917746142972,0.0,1458.0850092078488,2885.7477110122424,12132.767968097918,7279660.78085875,9495859.663371217,79.84543055784495,87.99999999999999,0.40442559893659726,0.7665465603023962,0.3602813740196596,87.99999999999999,0.3542647819438876,9495859.663371217,0.4947147024953034 
 03/14  06:20:00,1.6833333333333334,97.33333333333334,1.7966666666666669,0.0,0.0,0.0,0.0,0.0,2.0,2.0,0.0,0.0,0.0,0.0,0.0,1908.0,0.0,0.0,0.0,0.0,0.0,0.0,0.0,0.0,0.0,0.0,0.0,19.08983880119564,-1411.8341993367467,18.038216257598564,757.5806050025408,19.23326654810831,-3404.7076188691719,18.01886167428505,811.2101872783642,16.861566007877504,-13.940056504772855,18.94530468594895,-115.88280393258717,16.650832100603514,177.16221083268364,15.938580559246074,-239.94750619867157,18.319850890030027,-211.57226318989809,1079.687299132327,736.0021529348067,0.0,0.0,0.0,0.0,0.0,0.0,0.0,0.0,0.0,0.0,0.0,0.0,0.0,0.0,0.0,0.0,0.0,0.0,0.0,0.0,0.0,0.0,1.6664439485358067,0.508682523973079,431.1425960051664,519.6387024329295,15847.398422237078,0.4285243879254528,0.06540360011072234,376.9233421752501,456.4457306752221,12819.28030013217,2.285913565944593,0.431956456149772,548.9815548269007,660.80903652509,20589.48164113058,0.3967260369362223,0.07496712716103973,374.3030913376001,452.81717193966019,12950.457664010053,0.0,0.0,11.537467477479519,14.043260189748775,358.2372939010577,0.0,0.0,19.968142923247084,24.08251916479211,723.6737625478678,0.0,0.0,78.0785135839768,95.0529592101363,2420.528770856764,0.0,0.0,24.4796954788971,29.822925957095906,758.2546366942606,0.0,0.0,45.3516104715145,54.73948097842758,1628.3930539403762,34.13283367790697,23.410722687179005,740.5572015525513,899.7406953060342,24890.577116003868,0.0,0.0,44.69743923648789,55.46788958720973,905.5099842205274,1903.6941759919046,19.727561368240317,30.19270445027611,22.0,30.0,0.0,18.344755768255049,32.9353283126145,16.0,30.0,4234.7648090804309,20.118343801800909,29.454129408260479,22.0,30.0,0.0,18.65936204049249,32.27292109108929,16.0,30.0,0.0,16.81669332069542,36.93713510242751,12.0,30.0,0.0,19.51688065091025,31.133862528439079,19.0,30.0,0.0,16.787690280611679,36.54081805515483,10.0,30.0,922.2203719058142,16.86267256752769,37.08631406676744,17.0,30.0,0.0,19.31944281990922,31.528624490345775,19.0,30.0,0.0,17.40086933932553,0.0,0.0,0.0,11.337919647199968,0.0,0.0,464.7521535406872,466.4056890136594,463.10758131272089,463.28239239616189,519.1296820023601,727.6110449448597,506.2410608960091,637.840128913912,654.3948239631152,10372.914052107066,81.14606606414546,86.3457956198344,60.0,0.0,60.0,60.0,16.0,16.0,19.0,19.0,16.0,12.0,21.0,10.0,1.0,0.0,1903.6941759919046,0.0,4234.7648090804309,0.0,0.0,0.0,922.2203719058142,0.0,7869.196352845,4721517.811707,6170092.2768743759,81.14606606414546,86.43410428960749,0.3473065450948334,0.764208670173105,0.36028137401965956,86.43410428960749,0.3542647819438875,6170092.2768743759,0.32179813173080087 
 03/14  06:30:00,1.71,97.5,1.905,7.0,0.0,0.0,0.0,0.0,2.0,2.0,0.0,0.0,0.0,0.0,0.0,1908.0,0.0,10.050921781429587,2.459640472866328,6.302740893664426,0.30137899503579598,8.021609737492753,0.0,2.459640472866327,3.362515003445631,0.0,0.0,19.747214583647499,-1244.3180093470647,18.573609086260818,997.0276428939001,19.94001625781984,-3162.5928159360248,18.620529671474068,1002.0076979273481,16.8118685130851,-9.235659178982644,18.70894856840053,-67.6499691891583,17.075359862343775,418.83920273014237,15.75544798912528,-417.7290619025774,18.589753641886277,-183.83733480176859,1399.907513657069,815.72772737703,0.0,0.0,0.0,0.0,0.0,0.0,0.0,0.0,0.0,0.0,0.0,0.0,0.0,0.0,0.0,0.0,0.0,0.0,0.0,0.0,0.0,0.0,1.8077500225112898,0.5518162461878173,450.1641810247176,540.7330089604416,17379.631796295762,0.45439827182383216,0.06935260558971798,385.50448992518377,465.3536566118898,13778.0163187856,2.5136746368323505,0.474995207262349,549.7520142260921,659.5266811749573,21639.309149687608,0.4125601698924285,0.07795921577710288,369.0658004014791,444.9545293365323,13457.172304070085,0.0,0.0,12.631371765226799,15.378710493481682,390.340770501586,0.0,0.0,18.929418938606859,22.85871964546701,671.4835121200299,0.0,0.0,92.91232860895903,112.81915183904209,3015.486036999543,0.0,0.0,39.66535249629065,48.36859439865632,1188.681573520694,0.0,0.0,37.08712891306161,44.68461597348475,1359.2676369898048,35.492901889068409,24.343554107728687,746.1711296739718,903.3244187373447,26641.14106658604,0.0,0.0,52.74086032304464,65.44044097208212,1061.7023846714658,1907.6373848275867,20.723884675040318,28.339311830163675,22.0,30.0,0.0,19.268084090411017,31.0324202934361,16.0,30.0,4299.612143604513,21.118819379179955,27.656761287170946,22.0,30.0,0.0,19.65364305812331,30.283879625370476,16.0,30.0,0.0,16.768130040161883,36.82758652865771,12.0,30.0,0.0,19.144131783633214,31.70681500927816,19.0,30.0,0.0,17.56762126214521,34.660523295285219,10.0,30.0,418.56541615803118,16.275737814030273,38.26929540722872,16.25,30.0,1342.358976596363,19.7128411844432,30.62865196449177,19.75,30.0,0.0,18.44436032207775,0.0,0.0,0.0,11.301456997314182,0.0,0.0,466.1750076615815,469.39362276591216,466.2305150836502,466.1270561407223,518.7918590674104,711.7136819709193,497.16654989534069,639.1095935117845,656.5901849494993,10962.669711737115,80.75591501278062,86.2841917727068,60.0,0.0,60.0,60.0,16.0,16.0,19.0,19.0,16.0,12.0,21.0,10.0,1.0,0.0,1907.6373848275867,0.0,4299.612143604513,0.0,0.0,0.0,418.56541615803118,1342.358976596363,8365.801036390512,5019480.621834307,6546935.1601712829,80.75591501278062,86.3780802647097,0.3638600345463504,0.7656991539679647,0.36028137401965956,86.3780802647097,0.3542647819438875,6546935.1601712829,0.3414172949955734 
 03/14  06:40:00,1.7366666666666669,97.66666666666666,2.013333333333333,15.833333333333333,7.666666666666665,0.0,0.0,0.0,2.0,2.0,0.0,0.0,0.0,0.0,0.0,1431.0,0.0,22.8034771324714,10.736450181273272,27.5116655366383,0.6837672163490988,18.199386847000718,0.0,10.736450181273263,14.677541379129803,0.0,0.0,20.10469346343143,-1339.8715021479557,18.976355611198558,839.6008971713709,20.388960589465918,-3379.921086203883,19.054018711624069,845.7835318916011,16.770313732788304,-4.337493856225823,19.011352423928537,-68.7494052791987,17.479951282142858,396.6970409428597,16.13534890994993,-430.33460816056506,18.45989100483714,-117.13069744682344,1477.0005650573003,791.9120082981636,0.0,0.0,0.0,0.0,0.0,0.0,0.0,0.0,0.0,0.0,0.0,0.0,0.0,0.0,0.0,0.0,0.0,0.0,0.0,0.0,0.0,0.0,1.853248808703666,0.5657047645615592,451.42565663331586,541.282099416628,17808.423015638426,0.46124530763199508,0.07039763547496879,385.05627048869959,463.7938647726665,14178.372717905135,2.58632205252115,0.48872298800475308,547.3248655896309,655.26334192595,22090.619336773,0.41714008027336399,0.0788246561363122,365.4034691756334,439.5597629474067,13721.356182864494,0.0,0.0,12.821689267879482,15.609790770520752,394.6241399727219,0.0,0.0,18.07330175166907,21.792675958889629,654.7797100205262,0.0,0.0,94.46434001364537,114.41592024384582,3180.6520030128106,0.0,0.0,37.27863818391361,45.3472676758673,1165.718621932735,0.0,0.0,32.61434606741645,39.34976427992646,1174.247690180953,36.02871840292818,24.711055146041305,741.4506115520737,896.2933211519983,27020.914104962034,0.0,0.0,51.08254308790394,63.36633389358654,1030.3696099993322,1915.0190578397576,21.197717895954399,27.513324049820257,22.000000000000019,30.00000000000002,0.0,19.871198119404246,29.874049972329098,16.000000000000015,30.00000000000002,4320.969370548957,21.672492914385879,26.71792343341179,22.000000000000019,30.00000000000002,0.0,20.258146485578857,29.155739533986389,16.000000000000015,30.00000000000002,0.0,16.730679659659378,36.76486855814674,12.00000000000001,30.00000000000002,861.8172272919657,19.58795646494762,30.734927127109139,19.666666666666683,30.00000000000002,0.0,18.224062203813,33.21213656579147,10.000000000000007,30.00000000000002,952.9833171744404,16.985365266935248,36.39345923261013,17.000000000000015,30.00000000000002,0.0,19.413681475781119,31.12942814482749,19.000000000000015,30.00000000000002,0.0,18.824213761002853,0.0,0.0,0.0,11.35921260983438,0.0,0.0,467.67651596501477,471.2135038455225,467.21557810771039,468.2763942916927,519.4676352462662,704.4660452391421,495.15578094253416,621.5819758480186,660.7420984200297,9944.784638055637,81.4292086769164,83.73202488827772,60.00000000000004,0.0,60.00000000000004,60.00000000000004,16.0,16.0,19.0,19.0,16.0,12.0,21.0,10.0,1.0,0.0,1915.0190578397576,0.0,4320.969370548957,0.0,861.8172272919657,0.0,952.9833171744404,0.0,3485.064484549456,2091038.690729672,2706175.0701091687,81.4292086769164,83.77113435237182,0.3428354828183154,0.7712741805267536,0.3602813740196598,83.77113435237182,0.3542647819438878,2706175.0701091687,0.14172110364567676 
 03/14  06:50:00,1.7633333333333333,97.83333333333334,2.1216666666666668,24.666666666666666,15.33333333333333,0.0,0.0,0.0,2.0,2.0,0.0,0.0,0.0,0.0,0.0,1908.0,0.0,35.29227833055811,17.58340049654536,45.056658804843937,1.0582473313479853,28.166669299337419,0.0,17.58340049654534,24.037841559960488,0.0,0.0,20.382640495688685,-1242.0438139657645,19.249187472472856,834.5218534637015,20.623831396136006,-3025.4411329549695,19.3343909102876,835.4183521130617,16.736565168016534,0.03875450865261598,19.09783539608647,-47.83401184758023,17.75348334333885,377.48164208133655,16.036162272793825,-465.5459866870993,18.805887219170068,-94.68606823912339,1569.656131476113,885.4141436443626,0.0,0.0,0.0,0.0,0.0,0.0,0.0,0.0,0.0,0.0,0.0,0.0,0.0,0.0,0.0,0.0,0.0,0.0,0.0,0.0,0.0,0.0,1.9196782478768407,0.5859823711467768,441.5317562978697,528.9600763081024,17687.80750936521,0.46443122315745097,0.07088388631829228,370.95679738288256,446.3610943110184,13911.427334453572,2.7441467643064927,0.5185462517585967,528.7016574425543,632.6520926401119,21548.602728211295,0.4235011608028524,0.0800266743769562,355.1220358247321,426.78872924388198,13558.188233820883,0.0,0.0,12.652219144757558,15.409760306191386,388.0535996290115,0.0,0.0,16.353130260625233,19.71316153968951,596.2107613926014,0.0,0.0,104.37753560480228,126.27977432165727,3591.7308194164145,0.0,0.0,43.76772801714958,53.31816614529971,1332.846225527985,0.0,0.0,23.65969864629585,28.518346749831147,862.5863405479297,36.608513660420658,25.10871993170142,717.2807210588097,866.1283391715913,26742.790086318575,0.0,0.0,58.11741170516845,72.07987796538896,1180.586680861795,1845.371795645797,21.54288664530312,26.924021424460734,22.0,30.0,0.0,20.25481982936636,29.156371116772904,16.0,30.0,3805.3097422550315,21.896679211662439,26.34285550443245,22.0,30.0,0.0,20.61307295906881,28.5115660027083,16.0,30.0,0.0,16.703857003807277,36.73063542602685,12.0,30.0,0.0,19.711231053423786,30.4559801466083,19.0,30.0,0.0,18.63741642211252,32.32936548336254,10.0,30.0,673.4402782036052,16.583138941997978,37.14770661969998,16.25,30.0,1511.3746260135213,19.648614180215309,30.649389669814643,19.5,30.0,0.0,19.225279549774734,0.0,0.0,0.0,11.451067773992829,0.0,0.0,469.61903358130169,473.08293476544449,469.4243349494804,471.7193664912218,518.5944775154889,712.7871668555092,495.8942391370713,588.8638874281729,679.9089859489516,11141.07863678588,80.63781065025946,86.52814538605492,60.0,0.0,60.0,60.0,16.0,16.0,19.0,19.0,16.0,12.0,21.0,10.0,1.0,0.0,1845.371795645797,0.0,3805.3097422550315,0.0,0.0,0.0,673.4402782036052,1511.3746260135213,8913.149879763325,5347889.927857995,6971256.944697266,80.63781065025946,86.62818282443807,0.38210499599211086,0.7658919095525394,0.36028137401965956,86.62818282443807,0.3542647819438875,6971256.944697266,0.3635286944575912 
 03/14  07:00:00,1.79,98.0,2.23,33.5,23.0,0.0,0.0,0.0,2.0,2.0,0.0,0.0,0.0,0.0,0.0,1908.0,0.0,47.939874607375909,23.434671421267518,60.050282502822259,1.4374892519676535,38.26068890270063,0.0,23.434671421267493,32.03697252672137,0.0,0.0,20.390590965804316,-1247.4172844535579,19.396953252961099,562.394057222928,20.653066787733168,-1532.0365748407967,19.39693634876905,522.0525884710496,16.7074215477574,3.568849587766522,18.84964047914763,-44.92096495330074,17.917777026216304,318.6735179506844,16.10027191194615,-469.32143900500219,18.963453491187616,-113.6939380041569,1518.9696279723476,989.450486710533,0.0,0.0,0.0,0.0,0.0,0.0,0.0,0.0,0.0,0.0,0.0,0.0,0.0,0.0,0.0,0.0,0.0,0.0,0.0,0.0,0.0,0.0,1.9616065814905897,0.5987810077810103,439.5213194005953,527.0441308464651,17426.67233798061,0.4266248606194689,0.0651136844657309,289.558926034814,348.27740764446596,10928.875562009429,3.0004852467606888,0.5669851184355045,388.2115619616912,464.72143154516029,15636.290720990462,0.4087293170977482,0.07723532069118446,256.0143037811418,307.5610308142047,9744.965741875209,0.0,0.0,12.463793343753789,15.183024968204573,381.07968195035809,0.0,0.0,16.08108589081491,19.410921731556689,574.4339478589726,0.0,0.0,99.91369757828899,120.80907543759258,3473.52185726294,0.0,0.0,45.978498171894077,56.00656255022914,1405.0908957869593,0.0,0.0,30.399738693017274,36.60326005208642,1126.6424517849087,36.69306360749217,25.166710293204518,557.5916815270039,673.3277428854107,21005.168179682587,0.0,0.0,62.07923123896612,76.94437991960554,1286.430791498004,1838.6938231732873,21.443876492767325,27.074450479651114,22.0,30.0,0.0,20.402675919027119,28.866010762485517,16.0,30.0,2215.5525730810879,21.660452170300176,26.714528274994334,21.5,30.0,0.0,20.550803800386605,28.600663975980234,16.0,30.0,0.0,16.68209830573392,36.68960109508181,12.0,30.0,0.0,19.350321359874504,31.08167105217062,19.0,30.0,0.0,18.851890338329186,31.840919852564988,10.0,30.0,401.32148218556588,16.682617279051308,36.742429652052909,16.5,30.0,0.0,20.058542793635433,29.84907336135746,19.0,30.0,0.0,19.18265473599521,0.0,0.0,0.0,11.688816239717124,0.0,0.0,473.84442473071467,477.7511447168768,473.3255685588767,475.3568932800712,515.6494041099192,719.2867075355464,492.9578781407106,563.3835891045533,673.0867378282824,10944.784206830736,80.7677029189449,86.37934705330663,60.0,0.0,60.0,60.0,16.0,16.0,19.0,19.0,16.0,12.0,21.0,10.0,1.0,0.0,1838.6938231732873,0.0,2215.5525730810879,0.0,0.0,0.0,401.32148218556588,0.0,8491.80937485278,5095085.624911668,6624787.405154383,80.7677029189449,86.47465140008812,0.3680603124950927,0.7671925827346642,0.36028137401965956,86.47465140008812,0.3542647819438875,6624787.405154383,0.3455356117346946 
 03/14  07:10:00,1.9683333333333333,97.83333333333334,2.2483333333333337,42.33333333333334,30.66666666666667,0.0,0.0,0.0,2.0,2.0,0.0,0.0,0.0,0.0,0.0,2385.0,0.0,60.69033220343761,26.796562246293275,68.66501254348093,1.8198158279597972,48.436805479586478,0.0,26.79656224629325,36.632932165457429,0.0,0.0,20.54466215672053,-1446.19641700713,19.46014753379336,726.4303089064564,20.610000457803964,-1752.4908765684264,19.52081469839659,612.9887816056719,16.679633424619416,3.881458867580352,18.697181630549588,-35.728482322350739,17.992798608701749,361.7545113984915,16.413166371925838,-486.754068877745,18.54317879540379,-61.81802046999812,1534.460971597339,920.9231396148235,0.0,0.0,0.0,0.0,0.0,0.0,0.0,0.0,0.0,0.0,0.0,0.0,0.0,0.0,0.0,0.0,0.0,0.0,0.0,0.0,0.0,0.0,1.9267693248219602,0.5881469245488279,434.6249953923515,520.664073642788,17244.077703148734,0.4438460825915087,0.06774207609760512,337.2622891933622,405.61943885935366,12632.812971317393,2.8922198560679477,0.54652680575736,399.69708419163706,478.9474234316799,15938.85144340435,0.41511055963645329,0.07844114883530862,305.67566774774607,367.3837057701516,11600.019454472233,0.0,0.0,12.359509526343994,15.059196088543392,372.8142316970637,0.0,0.0,15.413213527750124,18.620456886049259,537.6687368065617,0.0,0.0,104.88178367157846,126.80045078934258,3622.186349912612,0.0,0.0,44.06161636762429,53.61039481807063,1367.5949685556153,0.0,0.0,22.327493461402058,26.956432713842387,791.4574494067397,36.68406309979973,25.16053710548679,634.8218612188684,766.4398490233725,23698.541826718538,0.0,0.0,60.15402246760016,74.57800863413188,1224.760702592329,1721.0596612623108,21.568795140565237,26.864629905808859,22.0,30.0,0.0,20.448575087066354,28.796907344101844,16.0,30.0,1837.016460926101,21.549035298004179,26.901685639090649,21.6,30.0,0.0,20.701556679147076,28.347359150994735,16.0,30.0,0.0,16.65968696051659,36.676879281339399,12.000000000000002,30.0,0.0,19.103627982414538,32.8772611390134,19.0,30.0,0.0,18.923663195328506,31.681717076328135,10.0,30.0,1354.6058594373208,17.144967198795283,35.63372778937337,20.7,30.0,0.0,19.36777308917549,32.361688824358648,19.0,30.0,0.0,19.33782520165985,0.0,0.0,0.0,11.690178728939685,0.0,0.0,475.25591831805635,480.3897234751875,475.26866152421249,478.2295644945974,513.0024163061636,755.3262504230116,492.17846970764915,552.3921827428885,698.8740074409914,10328.499453425182,81.17532890913918,84.28486679258596,60.0,0.0,60.0,60.0,16.0,16.0,19.0,19.0,19.7,12.0,21.0,10.0,1.0,0.0,1721.0596612623108,0.0,1837.016460926101,0.0,0.0,0.0,1354.6058594373208,0.0,4705.3588569358639,2823215.3141615178,3671268.6552148668,81.17532890913918,84.33767706880421,0.3608452952311954,0.7675215330021205,0.36028137401965956,84.33767706880421,0.35426478194388757,3671268.6552148668,0.19197597007117307 
 03/14  07:20:00,2.146666666666667,97.66666666666667,2.2666666666666668,51.166666666666667,38.333333333333339,0.0,0.0,0.0,2.0,2.0,0.0,0.0,0.0,0.0,0.0,1908.0,0.0,73.50965516903834,29.159577205261976,74.72018213355818,2.2042077011705079,58.66788715793144,0.0,29.159577205261944,39.86335276576543,0.0,0.0,20.592569927633855,-1315.4253757411494,19.546145368299688,604.9102663216727,20.63453355402316,-1798.3662650070692,19.54707775540205,644.7107442235415,16.651437932776188,3.7127808965149144,19.190986536529388,-43.616192588060659,18.113924813657513,343.81746092550216,17.170326516414624,-452.2975718399782,19.174084894932066,-76.64277909679595,1494.7726918680065,798.6022509560694,0.0,0.0,0.0,0.0,0.0,0.0,0.0,0.0,0.0,0.0,0.0,0.0,0.0,0.0,0.0,0.0,0.0,0.0,0.0,0.0,0.0,0.0,1.8895575879004783,0.5767880304946516,389.0880080006862,466.0502899225682,15307.923694286143,0.42893912646393225,0.06546689964345731,313.0139900867,376.24086220077347,11651.271663098456,2.786892625560858,0.526623700975219,392.09504609247485,469.51321266678635,15436.531381450463,0.4094154911429235,0.07736498320916921,307.0271057197252,368.80924032703669,11522.727550070489,0.0,0.0,12.39878512565052,15.103463590886204,368.8501092869211,0.0,0.0,15.295556934260368,18.42404070180777,547.3009925166309,0.0,0.0,91.6348010683202,110.71816491788357,3159.624160929188,0.0,0.0,32.92220576101758,39.88534894168283,1087.6823601402026,0.0,0.0,22.886037315913705,27.511121533428928,840.2268570240859,36.47133342968584,25.014631981951895,612.3628378057409,738.9725674217882,22655.77865591835,0.0,0.0,48.97804461586365,60.74768184180045,963.9865198828793,1879.0978166801199,21.554106069636576,26.92217515102771,22.0,30.0,0.0,20.50812460051585,28.73522719767845,16.0,30.0,2424.3431056663609,21.521714169163674,26.990605118484568,21.5,30.0,0.0,20.655158886455316,28.466902871066748,16.0,30.0,0.0,16.63419843113637,36.69740726577807,12.0,30.0,908.2272383602852,19.736937467938775,33.197058565480649,19.75,30.0,0.0,19.086070213683109,31.363306025215225,10.0,30.0,1327.0912953978578,18.381983002325194,32.95497502123733,20.7,30.0,1483.6115755364907,20.115730062826473,32.187103696393098,19.25,30.0,0.0,19.310632510827618,0.0,0.0,0.0,11.535639296996245,0.0,0.0,477.3104958776486,482.4694714286597,477.5604717854884,480.27621224838938,508.86388850593866,801.9115711553214,487.2887346508552,537.5105109570395,744.318414687007,11320.060262040468,80.51953702176783,86.25035362542113,60.0,0.0,60.0,60.0,16.0,16.0,19.0,19.0,19.7,12.0,21.0,10.0,1.0,0.0,1879.0978166801199,0.0,2424.3431056663609,0.0,908.2272383602852,0.0,1327.0912953978578,1483.6115755364907,8672.026121761712,5203215.673057027,6809786.917674007,80.51953702176783,86.34768191635667,0.37406753739205708,0.7644223231406683,0.36028137401965956,86.34768191635667,0.3542647819438875,6809786.917674007,0.35521891971904837 
 03/14  07:30:00,2.325,97.5,2.285,60.0,46.0,0.0,0.0,0.0,2.0,2.0,0.0,0.0,0.0,0.0,0.0,1431.0,0.0,86.37736077423472,31.1708292932617,79.87398186102239,2.590050698665819,68.93758679949586,0.0,31.17082929326167,42.61288685264333,0.0,0.0,20.617840148367195,-1255.4774899162993,19.600234638557148,490.12746712352398,20.730670266583876,-1723.6193222069447,19.615488215433943,514.3989777504455,16.625331824966638,3.6908025770330434,19.160604771670017,-31.82346432744148,18.19997735720252,318.91903857604987,17.836003063493246,-279.39372319518147,19.0469569983041,-44.88830046182104,1438.5748738667415,568.1634292190825,0.0,0.0,0.0,0.0,0.0,0.0,0.0,0.0,0.0,0.0,0.0,0.0,0.0,0.0,0.0,0.0,0.0,0.0,0.0,0.0,0.0,0.0,1.8547162303259315,0.5661526954596859,383.2294066840538,458.99289617347156,14925.927895832729,0.4100852507593027,0.06258932398646253,287.59990242999126,345.64847100734246,10609.944976294719,2.7710218633256686,0.5236246907266947,369.9787865336639,442.6807940015791,14538.577551887098,0.39640426885924359,0.07490632442540502,277.40594234667148,333.1015960797159,10326.350182332713,0.0,0.0,12.575835938372207,15.31773901996876,368.9698969191106,0.0,0.0,14.912984565568197,17.956135613835259,529.4328482467566,0.0,0.0,75.9157624739595,91.67196204748028,2603.954850695825,0.0,0.0,19.755814547412095,23.855971601472175,683.0325584002429,0.0,0.0,24.009089718751239,28.88737360524209,865.0025190969717,36.233756094392848,24.851684564055455,557.6274805220869,672.8886476923749,20476.615511492768,0.0,0.0,32.722642389132889,40.61604834038672,617.456882552622,1733.7566438717568,21.5652988774905,26.94381341303933,21.999999999999994,29.99999999999999,0.0,20.52808483872097,28.748314778483285,15.999999999999993,29.99999999999999,2836.2503884099307,21.66484029012559,26.793594632320685,21.666666666666658,29.99999999999999,0.0,20.675186764994785,28.463810207048004,15.999999999999993,29.99999999999999,0.0,16.61144858818757,36.78773874484009,11.999999999999995,29.99999999999999,0.0,19.80332728441268,34.13360666582588,18.999999999999994,29.99999999999999,0.0,19.17886291268409,31.205250110827728,9.999999999999997,29.99999999999999,1273.908229594038,19.45455799729202,30.97817390610515,20.69999999999999,29.99999999999999,0.0,20.068223578588495,32.91367933440885,18.999999999999994,29.99999999999999,0.0,19.275634139317828,0.0,0.0,0.0,11.261827743523103,0.0,0.0,478.09699470233559,483.2656939782617,477.75872507843055,480.45347668250175,506.312130752481,819.1499422041028,481.8587734285972,536.9887648851225,743.9087318607694,10232.799080811103,81.23860498522956,86.13290941842763,59.99999999999998,0.0,59.99999999999998,59.99999999999998,16.0,16.0,19.0,19.0,19.7,12.0,21.0,10.0,1.0,0.0,1733.7566438717568,0.0,2836.2503884099307,0.0,0.0,0.0,1273.908229594038,0.0,7406.521121007643,4443912.672604587,5804003.061496118,81.23860498522956,86.216030955679,0.3602173707002547,0.7655876587170438,0.36028137401965945,86.216030955679,0.35426478194388735,5804003.061496118,0.3029581591977982 
 03/14  07:40:00,2.5033333333333336,97.33333333333333,2.3033333333333334,70.66666666666666,49.333333333333339,0.0,0.0,1.0,2.0,0.0,0.0,0.0,0.0,0.0,4.0,4293.0,0.0,101.24670641944661,33.44128425732286,85.69198457841158,3.0359133119345276,80.8047894124985,0.0,33.441284257322838,45.716770922499488,0.0,0.0,20.616888904852258,-1638.6528833013909,19.632419444715489,565.0059049681163,20.72432464794572,-1211.9217595229953,19.69701550653292,442.938312986366,16.597574939702775,-2.333586848024841,18.973298736757827,-68.37368118123614,17.30766539188214,-768.0980295059834,18.458911546143427,-182.6685980227315,18.506281591306889,-574.0580559296361,1437.7033416721836,2360.8752071627375,0.0,0.0,0.0,0.0,0.0,0.0,0.0,0.0,0.0,0.0,0.0,0.0,0.0,0.0,0.0,0.0,0.0,0.0,0.0,0.0,0.0,0.0,1.8408762867437399,0.5619280484565765,366.0180738094005,438.7637107284952,14095.497288648312,0.4105955213617384,0.0626672041150396,300.6921752700835,361.65645818207147,10986.322031826332,2.597672166783542,0.49086775638389065,274.7191328071806,329.3004311660793,10673.693248837197,0.3810250758991691,0.07200020330672144,272.34022672931078,327.3648053691404,10075.31449150303,0.0,0.0,12.754774218610207,15.54766653109311,368.83066766841889,0.0,0.0,16.202046167727905,19.540363621178217,559.0831515920182,0.0,0.0,257.80104084377998,313.4282380857672,7790.501011097416,0.0,0.0,32.83388698160174,39.46458432719897,1194.6359712464453,0.0,0.0,186.50145506301767,225.32270996915663,6294.300214791068,36.13356541167279,24.782966674672769,564.9465845551297,682.2180445159986,20612.478146548783,0.0,0.0,192.32651484376343,236.85313983581026,4400.62398762573,1788.4217351556839,21.4976404173801,27.42074351693887,22.000000000000055,30.000000000000076,0.0,20.536952567952139,29.028516654787475,16.00000000000004,30.000000000000076,1185.3315086899584,21.52915022277913,28.022344561509539,21.444444444444494,30.000000000000076,0.0,20.762725302870348,29.074071902883646,19.00000000000005,30.000000000000076,0.0,16.584325282013994,37.221101411134998,12.000000000000032,30.000000000000076,0.0,19.48389916165699,35.6090720995783,19.00000000000005,30.000000000000076,0.0,17.335001888224736,36.3755933668707,10.000000000000025,30.000000000000076,948.6434367465167,20.412319077638167,30.293441876006875,20.477777777777825,30.000000000000076,0.0,19.118649184887937,32.795919850306038,12.000000000000032,30.000000000000076,0.0,19.373925223102135,0.0,0.0,0.0,13.449120423237569,0.0,0.0,494.75057574210936,495.2617398135576,526.7344240914925,514.3608447048382,524.4928800974303,841.851152687066,567.250156524196,596.1560606658694,588.2584375986162,10192.252134961505,81.2655516958369,83.61804435182346,220.00000000000055,0.0,220.00000000000055,220.00000000000055,16.0,19.0,19.0,12.0,19.7,12.0,21.0,10.0,1.0,0.0,1788.4217351556839,0.0,1185.3315086899584,0.0,0.0,0.0,948.6434367465167,0.0,3560.162912339487,2136097.747403688,2771393.7069953985,81.2655516958369,83.65799748686176,0.3453387637446502,0.7694803401615845,0.36028137401966056,83.65799748686176,0.3542647819438884,2771393.7069953985,0.14847580609709405 
 03/14  07:50:00,2.6816666666666668,97.16666666666667,2.3216666666666665,81.33333333333333,52.66666666666667,0.0,0.0,1.0,2.0,0.0,0.0,0.0,0.0,0.0,4.0,1908.0,0.0,116.05254441767258,35.44135114777373,90.81713409760404,3.4798718327670046,92.62130892014662,0.0,35.441351147773698,48.45101399632509,0.0,0.0,20.56590988949378,-1476.797523782267,19.63932988376551,478.2571123872485,20.715504692547698,-1444.2078052170105,19.717066211708326,614.5270216737727,16.559288395189357,-9.264169073461219,18.780075696532259,-87.50695713901621,16.653000648160334,-100.2716333258677,18.59343659513415,-297.45723867671668,17.761675102383707,-465.9665956716774,1432.4131477397069,1909.0015652472549,0.0,0.0,0.0,0.0,0.0,0.0,0.0,0.0,0.0,0.0,0.0,0.0,0.0,0.0,0.0,0.0,0.0,0.0,0.0,0.0,0.0,0.0,1.8728492698396647,0.5716878113063689,351.0432173061785,420.7603714835505,13290.276394238788,0.409686881303021,0.06252852278739638,285.5415831884144,343.25928550661407,10301.950757341338,2.122695525639536,0.40111404490543026,316.60435182425496,379.0899517900004,12205.078640315793,0.3713257328203402,0.0701673720371013,308.1822091513138,370.1414083157355,11290.519906457394,0.0,0.0,12.52139813018385,15.257455311040755,356.3863827786289,0.0,0.0,16.98519032421148,20.49728728567254,569.404220419075,0.0,0.0,265.7291070596821,323.9455088712232,7488.9022584281869,0.0,0.0,47.511742158484938,57.08657566135126,1715.1048945133278,0.0,0.0,179.28249204703605,217.4433842464049,5579.922387430052,35.97234197219024,24.672388183943938,585.2967033861197,706.2065015695902,21114.12983112313,0.0,0.0,196.66662501333239,241.65377824259279,4666.795351653416,1848.2967129871364,21.34493923267965,28.025714315839929,22.0,30.0,0.0,20.483446601595096,29.477619767253868,16.0,30.0,1340.0463282988463,21.623154555373,28.1798111901531,21.5,30.0,0.0,20.76695095366778,29.482042000917617,19.0,30.0,0.0,16.53762268493987,37.86355866829513,12.0,30.0,0.0,19.1518197698986,36.917517482652147,19.0,30.0,0.0,16.39666565273852,38.731123615609,10.0,30.0,895.1559339817832,20.50350355333645,30.814350922680235,20.2,30.0,0.0,17.889920475095225,35.197490152330868,12.0,30.0,0.0,19.414595404445664,0.0,0.0,0.0,14.107838154160966,0.0,0.0,511.1984374376938,510.87533000824808,541.8640429228215,533.1619920622717,550.39739193544,862.0968443180457,568.8030325587841,624.8969136736848,570.3887867602655,10388.003385736973,81.13606384248188,84.7584922588776,220.0,0.0,220.0,220.0,16.0,19.0,19.0,12.0,19.7,12.0,21.0,10.0,1.0,0.0,1848.2967129871364,0.0,1340.0463282988463,0.0,0.0,0.0,895.1559339817832,0.0,5481.885129846027,3289131.0779076155,4300556.653274353,81.13606384248188,84.82001311902505,0.3527295043282009,0.7659869486595488,0.36028137401965956,84.82001311902505,0.3542647819438875,4300556.653274353,0.2279922793035997 
 03/14  08:00:00,2.86,97.0,2.34,92.0,56.0,0.0,0.0,1.0,2.0,0.0,0.0,0.0,0.0,0.0,4.0,954.0,0.0,130.78943354510745,37.28634733813077,95.54492465266272,3.9217631017627476,104.38280266400831,0.0,37.28634733813073,50.97326366647545,0.0,0.0,20.598150981667624,-1513.844669655271,19.64119359877479,452.4640074400868,20.63675975980672,-996.489225970307,19.672327946778297,330.03437763932745,16.52005154716171,-9.29913346446341,19.073070664116416,-103.5207664203565,16.727600136542749,19.94500066420096,18.395292493322473,-268.8343858025348,17.338801281136747,-251.59368575844429,1355.7939128430317,1508.2257672964107,0.0,0.0,0.0,0.0,0.0,0.0,0.0,0.0,0.0,0.0,0.0,0.0,0.0,0.0,0.0,0.0,0.0,0.0,0.0,0.0,0.0,0.0,1.7746809551191006,0.5417219032720088,348.05395450496476,416.79292922328559,13046.409354306048,0.38897148073994816,0.0593668316147662,278.6980321552827,334.77574303133107,9928.775175805253,2.4176371572697787,0.45684753538733549,241.88389561937297,289.66593367205049,9149.811739641,0.35297891001700257,0.0667004743040443,240.7416420920171,289.08457774752596,8661.724125620558,0.0,0.0,12.117052829784992,14.753260488902829,339.36168990249316,0.0,0.0,16.982481747444266,20.445470892959727,575.3654369676394,0.0,0.0,231.92060676364179,282.30625794169387,6544.934584418546,0.0,0.0,45.81081976664468,55.10930636318093,1591.7842242327725,0.0,0.0,145.26054116404073,176.42070952056637,4291.297797697959,35.6507991485709,24.45185126788128,511.2942430584678,616.6688313512283,18252.521536590208,0.0,0.0,158.924139514417,195.39565244732808,3590.7175602966665,1868.4800415158744,21.33967695982558,28.20311494297187,22.0,30.0,0.0,20.434035980160624,29.78955179841075,16.0,30.0,1687.1543745013885,21.540160538788517,28.634680048714768,21.5,30.0,0.0,20.58909258330773,30.032522758023445,19.0,30.0,0.0,16.490256658970944,38.26676306524645,12.0,30.0,833.6555313163592,19.517669702802058,36.39397298690889,19.5,30.0,0.0,16.61462520581412,38.23474922898927,10.0,30.0,880.668185527271,20.007036445020345,31.869502260309809,20.2,30.0,0.0,17.269572987061104,36.65364928491134,12.0,30.0,0.0,19.27678667233506,0.0,0.0,0.0,13.672556543592155,0.0,0.0,517.9178903235217,520.592773263485,560.1095648781275,544.6270927868382,560.9711350055386,874.6287640373303,563.3092094704529,624.6295797026949,567.7543017424498,9473.149302205118,81.74098234843777,85.33371986746519,220.0,0.0,220.0,220.0,16.0,19.0,19.0,12.0,19.7,12.0,21.0,10.0,1.0,0.0,1868.4800415158744,0.0,1687.1543745013885,0.0,833.6555313163592,0.0,880.668185527271,0.0,5437.002701452561,3262201.620871537,4274654.481231318,81.74098234843777,85.39473647760832,0.35123342338175209,0.7631899944134843,0.36028137401965956,85.39473647760832,0.3542647819438875,4274654.481231318,0.22664536635736189 
 03/14  08:10:00,3.1816666666666668,97.0,2.42,102.66666666666667,59.333333333333339,0.0,4.0,0.0,0.0,0.0,0.0,0.0,0.0,0.0,0.0,2862.0,0.0,145.45126006892716,39.083018509817538,100.14888599474326,4.361403794095776,116.08439125716649,0.0,39.0830185098175,53.42944937235414,0.0,0.0,20.639344961522906,-1379.4600988708745,19.675864617848718,466.55075596116958,20.69195793541307,-709.9757165943038,19.577408630532,-32.91069878685686,16.497002607092786,2.263135704985699,18.975026034099366,-363.78953519508726,17.280129555149935,510.2043581266455,18.013972787561877,-135.9879960053119,17.05820875802781,-651.3153505827745,1143.2648274806293,1266.2545286122573,0.0,0.0,0.0,0.0,0.0,0.0,0.0,0.0,0.0,0.0,0.0,0.0,0.0,0.0,0.0,0.0,0.0,0.0,0.0,0.0,0.0,0.0,1.7139834816980775,0.5231939809823192,372.0020772543851,445.9399972878341,13718.155060106674,0.387558654233606,0.05915119875360287,288.52726082815857,346.98332804786437,10101.082663491643,2.235715462180234,0.42247079784207006,130.727473814326,156.53799759722933,4945.253132371633,0.3898991078035804,0.07367708008382092,26.46194738540467,31.821928536832023,931.6057149261912,0.0,0.0,11.389824184103868,13.88567160322364,311.0389203634177,0.0,0.0,87.14252392712078,105.1658360466007,2875.6804371633209,0.0,0.0,252.54796586587217,306.4347731064307,7515.042155756855,0.0,0.0,34.99842444655036,42.2488206225015,1153.2810518011114,0.0,0.0,121.26483252041999,147.56475266997092,3376.7836728225395,35.42359381227471,24.296017703892127,309.3898907449752,374.3819317653709,10845.165718174672,0.0,0.0,126.48750193075611,155.69512382898109,2701.737037430548,1824.7803949197019,21.37638976552535,28.58201803533686,21.999999999999994,30.0,0.0,20.456891955334699,30.162151362232075,15.999999999999999,30.0,1189.7029733568728,21.484526539396318,28.344846678057445,21.33333333333333,30.0,0.0,20.31652764366558,33.166688440806158,18.999999999999998,30.0,0.0,16.473876350173673,38.673763243693958,11.999999999999997,30.0,0.0,19.373796883429678,33.81469670625738,15.999999999999999,30.0,0.0,17.72199883513896,36.66469534749383,9.999999999999999,30.0,0.0,19.306844405883497,33.07592746442135,15.999999999999999,30.0,0.0,16.862155591582764,38.10228014258887,11.999999999999997,30.0,0.0,18.62568137794984,0.0,0.0,0.0,13.27474992177949,0.0,0.0,533.5593031533047,534.0709483119672,527.9763452521172,701.6934011667289,575.4889759548153,671.7982573929654,611.7229409428389,609.5419431827211,589.0082635949575,9624.959131691527,81.64066749228371,82.92475033591198,132.0,0.0,132.0,132.0,16.0,19.0,16.0,12.0,16.0,12.0,21.0,10.0,1.0,0.0,1824.7803949197019,0.0,1189.7029733568728,0.0,0.0,0.0,0.0,0.0,1943.096457331511,1165857.874398907,1511275.5080799717,81.64066749228371,82.94655832545927,0.34810321524438367,0.7705664319690944,0.3602813740196595,82.94655832545927,0.3542647819438874,1511275.5080799717,0.08120432642015853 
 03/14  08:20:00,3.5033333333333336,97.0,2.5,113.33333333333334,62.666666666666667,0.0,4.0,0.0,0.0,0.0,0.0,0.0,0.0,0.0,0.0,1431.0,0.0,159.70153270558516,40.87825797311716,104.74917953671381,4.788704387440093,127.45752464750797,0.0,40.87825797311713,55.883677824322997,0.0,0.0,20.63522455309515,-1520.634196241529,19.69806663599334,445.6641155031332,20.340210716380029,-450.0935309630445,19.484217118671859,-61.100125645400627,16.48772381164022,12.61164160803851,18.5920927661951,-136.67762734468745,17.493880982025169,84.35626677103517,17.323338281243115,-37.74676523257047,16.446294633240635,-718.6813894511906,1131.5935697962023,1609.6142267865553,0.0,0.0,0.0,0.0,0.0,0.0,0.0,0.0,0.0,0.0,0.0,0.0,0.0,0.0,0.0,0.0,0.0,0.0,0.0,0.0,0.0,0.0,1.6803384786873686,0.5129238335431527,369.2319247166937,442.4664421916908,13324.635286196819,0.37670501658184976,0.05749466065046546,279.3755870667173,335.77620051296756,9601.364810845207,2.3507062457975618,0.4441999708612172,106.63708860809874,127.88290777746795,3876.752489711835,0.38455927031825579,0.07266804049853658,27.47842130623467,33.035022966070417,937.7786761103112,0.0,0.0,10.419839329552382,12.693589511046242,277.7999186429739,0.0,0.0,65.9841219015425,79.75368663853026,2055.4221884914325,0.0,0.0,302.7947482673495,366.8958267595489,8939.299628814748,0.0,0.0,24.107278635698976,29.204959312188615,721.4942640263018,0.0,0.0,200.626867896776,244.8163738972846,5102.37826160364,35.1786432744747,24.12801321980433,304.56452416629238,368.3236079943029,10458.62305943809,0.0,0.0,204.50787163514497,250.90391985150107,4576.979377670516,1789.5236190090455,21.332301239753613,28.87592142201082,21.999999999999994,29.999999999999998,0.0,20.456155043380134,30.362441919945185,15.999999999999997,29.999999999999998,267.57867238129747,21.09037576835484,29.291563432742593,20.999999999999998,29.999999999999998,0.0,20.109430722403144,36.10921744524045,18.999999999999998,29.999999999999998,0.0,16.479399942715398,39.03003004977373,11.999999999999997,29.999999999999998,0.0,18.77665284394382,34.19805553447619,15.999999999999997,29.999999999999998,0.0,17.96513990188054,35.80536768879026,9.999999999999999,29.999999999999998,0.0,18.11422438807723,35.545979692106069,15.999999999999997,29.999999999999998,0.0,15.88430168797327,40.93878223666362,11.999999999999997,29.999999999999998,0.0,18.59703536131222,0.0,0.0,0.0,14.234622358051114,0.0,0.0,538.3500276717666,537.340133528392,534.644398628222,853.0099764131589,587.8661777353711,605.4874139402398,588.162022916967,601.3786775414425,601.6534448224061,9513.223343878859,81.71460849151048,83.98157376337292,132.0,0.0,132.0,132.0,16.0,19.0,16.0,12.0,16.0,12.0,21.0,10.0,1.0,0.0,1789.5236190090455,0.0,267.57867238129747,0.0,0.0,0.0,0.0,0.0,3430.8615281911395,2058516.9169146845,2668125.857490767,81.71460849151048,84.02007435949736,0.3410287176063713,0.7680173707878202,0.3602813740196595,84.02007435949736,0.35426478194388746,2668125.857490767,0.14131654458951987 
 03/14  08:30:00,3.825,97.0,2.58,124.0,66.0,0.0,4.0,0.0,0.0,0.0,0.0,0.0,0.0,0.0,0.0,2385.0,0.0,174.2128789456793,42.63257086441814,109.24460185139124,5.223833254089984,139.03901927816436,0.0,42.63257086441812,58.281956549531759,0.0,0.0,20.71419037876469,-1499.7484233552144,19.735955074517134,556.9563662821158,20.667762551006363,-780.2922417784175,19.424473376297429,-56.36126945733622,16.48101430110978,13.594173042289107,18.388558783963686,-130.2959861217738,17.29297899022702,67.23401532080644,16.925514682981168,-23.24798248979613,16.174136004213744,-473.93216132754255,1134.672764809924,1514.7008139874905,0.0,0.0,0.0,0.0,0.0,0.0,0.0,0.0,0.0,0.0,0.0,0.0,0.0,0.0,0.0,0.0,0.0,0.0,0.0,0.0,0.0,0.0,1.6741590572252672,0.511037563255576,406.39795484453227,486.855353336044,14496.894537354567,0.3899090023527888,0.0595099209940154,311.68529714098897,374.60388940750718,10526.32544782145,1.9841104992833976,0.3749263982017004,137.8380854534555,165.07806822015506,5033.787010352832,0.41045760777108578,0.07756190623036388,34.5119829991637,41.51802187519062,1143.7086984573815,0.0,0.0,10.23309553483151,12.469528953151855,266.1713766180106,0.0,0.0,63.04065395928126,76.29516764492206,1883.6270334910349,0.0,0.0,324.62129645141706,394.05035341017239,9147.241232161483,0.0,0.0,17.25822642380619,20.96283940831453,482.56420626396678,0.0,0.0,221.10531328741829,270.283649818822,5351.902022583718,35.14946034203234,24.107997491105868,340.43797392857018,411.5286033517691,11428.321219227539,0.0,0.0,224.07657896045374,275.0103827786854,4920.494905687605,1760.0250096292103,21.437345830669778,29.16607604552479,22.0,30.0,0.0,20.490373727650618,30.71985747097773,16.0,30.0,1330.8430111664148,21.557636386827647,28.990167195356947,21.4,30.0,0.0,19.98046960964782,36.946790667182778,19.0,30.0,0.0,16.485463817400747,39.138361229808577,12.000000000000002,30.0,0.0,18.47145589505915,34.72455608343057,16.0,30.0,0.0,17.594721456498854,36.73515766770759,10.0,30.0,0.0,17.46431177478609,36.99823049206972,16.0,30.0,0.0,15.567657749605767,41.718958929087687,12.000000000000002,30.0,0.0,18.76841327265179,0.0,0.0,0.0,14.4196522180896,0.0,0.0,555.3312965279368,550.1986245798429,554.2568412744147,884.0206171235727,587.6326823005277,588.8859458405486,580.6693378721469,594.8150688382984,588.4926959365429,9016.764089975684,82.04290092957472,82.04290092957473,132.0,0.0,132.0,132.0,16.0,19.0,16.0,12.0,16.0,12.0,21.0,10.0,1.0,0.0,1760.0250096292103,0.0,1330.8430111664148,0.0,0.0,0.0,0.0,0.0,0.0,0.0,0.0,82.04290092957472,82.04290092957472,0.34,0.7703896750985059,0.36028137401965956,82.04290092957472,0.35426478194388757,0.0,0.00253 
 03/14  08:40:00,4.1466666666666669,97.0,2.66,131.33333333333335,67.66666666666666,0.0,0.0,1.0,2.0,0.0,0.0,0.0,0.0,0.0,0.0,4293.0,0.0,191.02731473794038,45.20532597992922,115.83720916842884,5.728015073118835,152.4585408510297,0.0,45.2053259799292,61.79910784523156,0.0,0.0,20.774080457219179,-1433.7376467536424,19.815608305310858,531.2084878370068,20.717855969113147,-1921.4377685904356,19.574238760830555,757.0943188487983,16.469270242187233,10.931814567711854,19.056715661355285,-113.19843911187683,17.185347737118769,9.241565643372601,17.683210482896855,-125.18211332238964,16.03699701481869,-388.68027153882306,1280.7279864898747,1461.8662246195602,0.0,0.0,0.0,0.0,0.0,0.0,0.0,0.0,0.0,0.0,0.0,0.0,0.0,0.0,0.0,0.0,0.0,0.0,0.0,0.0,0.0,0.0,1.5780946729686405,0.4817138806375593,410.6085475824983,491.78447563747695,14442.521606615735,0.36787515725838618,0.056147002023563357,302.0567487529382,362.9619617555903,10050.617101789736,2.075788541747999,0.39225029133560188,440.0121791281614,526.9819989983195,15561.922199048004,0.3836238782827436,0.07249128463392754,360.30526658115869,433.3488569675759,11829.017281481572,0.0,0.0,11.033606082592183,13.448385220035915,279.57855289399108,0.0,0.0,18.541021375389435,22.35677536798093,581.3135204372893,0.0,0.0,279.88371083595117,340.0580383103293,7594.109476546799,0.0,0.0,29.371681560942329,35.49094750120778,878.4414887929828,0.0,0.0,225.8482971188691,276.27413336539038,5257.114227701214,34.99931075492802,24.005014235204468,655.4921469100328,790.7305614881155,21430.94662448592,0.0,0.0,229.81655489392785,282.0241386538782,4935.10198241904,1860.393590490592,21.51954197822269,29.913688872448014,22.000000000000055,30.000000000000076,0.0,20.57456963710019,31.50867637037706,16.00000000000004,30.000000000000076,2427.501962014212,21.54619662104994,29.767901699513879,21.55555555555561,30.000000000000076,0.0,20.34740791339551,32.10459246754766,16.00000000000004,30.000000000000076,0.0,16.480346087462004,39.3444098746805,12.000000000000032,30.000000000000076,1208.3013964695843,19.558864993286389,33.59967069754034,19.77777777777783,30.000000000000076,0.0,17.397008636603056,37.713796905539599,10.000000000000025,30.000000000000076,1341.5721612655296,18.652504737787714,35.10548899132393,20.700000000000054,30.000000000000076,0.0,15.43436413245488,42.39453543662221,12.000000000000032,30.000000000000076,0.0,19.430838853187529,0.0,0.0,0.0,14.51063549662615,0.0,0.0,602.1155730382717,595.7712421705884,591.9756998293849,602.1024684214331,586.502031906251,662.6177338011515,590.2287153057016,637.9677776299536,587.7803420521846,10242.08491476139,81.23257009661828,85.15949455580854,60.00000000000015,0.0,60.00000000000015,60.00000000000015,16.0,16.0,19.0,12.0,19.7,12.0,21.0,10.0,1.0,0.0,1860.393590490592,0.0,2427.501962014212,0.0,1208.3013964695843,0.0,1341.5721612655296,0.0,5942.833171805767,3565699.9030834517,4656002.21104529,81.23257009661828,85.22618676962013,0.34920555017130386,0.7665062139650171,0.36028137401966056,85.22618676962013,0.3542647819438884,4656002.21104529,0.24324211497435506 
 03/14  08:50:00,4.468333333333333,97.0,2.74,138.66666666666667,69.33333333333334,0.0,0.0,1.0,2.0,0.0,0.0,0.0,0.0,0.0,0.0,2385.0,0.0,210.24006067825023,47.754156753607919,122.36851188237488,6.3041089852233489,167.7921274350664,0.0,47.75415675360789,65.28355275182841,0.0,0.0,20.838255971870966,-1516.7242683621303,19.899264792094628,502.95360316718839,20.741403633887125,-1310.4861898552588,19.76862754085071,471.1890057751989,16.454101234632014,9.933759409212782,19.110977720424854,-117.14586293649836,17.107192137816989,39.21361594776354,18.628383975892036,-319.95725154986629,15.971139441906669,-288.65421551936347,1261.1692584409246,1466.9165737632509,0.0,0.0,0.0,0.0,0.0,0.0,0.0,0.0,0.0,0.0,0.0,0.0,0.0,0.0,0.0,0.0,0.0,0.0,0.0,0.0,0.0,0.0,1.5515080207117674,0.473598296920564,422.71161355103706,505.99523645365238,14620.799759583208,0.35534458054141229,0.054234520839653879,289.67348151860838,347.82164225825206,9498.084127388265,1.960520349563054,0.3704686979522024,369.07863195857399,441.9692075031031,12727.97850190962,0.35861322879196969,0.06776516039152865,311.9313653534583,374.6728624707106,10202.328020174762,0.0,0.0,11.063139193104237,13.47960179846637,272.77288217281116,0.0,0.0,18.61612121304833,22.432647943905989,571.9977952580784,0.0,0.0,274.871510418797,333.9806817160238,7210.095884243388,0.0,0.0,47.2288300196719,56.76765985391633,1516.5259906820039,0.0,0.0,228.75555735476508,279.7473050598328,5160.619698033948,34.81797173152715,23.880639047686669,594.8487039992659,717.0812501167651,19240.628894312507,0.0,0.0,234.2786017318745,287.11065072857459,5003.609427673904,1856.8705829848928,21.574633340427146,29.847206992211367,22.0,30.0,0.0,20.659213922983093,31.561147709331587,16.0,30.0,1767.2273655130844,21.445609435272965,30.15206510666932,21.400000000000003,30.0,0.0,20.605310326386566,31.644995953195918,16.0,30.0,0.0,16.46844049277715,39.70758142803647,12.000000000000002,30.0,0.0,19.59120820365778,35.31565428415787,19.0,30.0,0.0,17.27127518570542,38.33165881347524,10.0,30.0,1278.8689711243606,20.265869162496754,32.44012995068397,20.7,30.0,0.0,15.405878067498766,42.998345552164739,12.000000000000002,30.0,0.0,19.506288584838104,0.0,0.0,0.0,14.786021771343347,0.0,0.0,592.7138330252813,597.9885653081149,592.6098529784326,592.7066008110874,589.6022483422396,764.7274181259066,596.5700839849337,655.406534253944,601.4352144329532,9905.711482320545,81.45501566221434,84.33119870391555,60.0,0.0,60.0,60.0,16.0,16.0,19.0,12.0,19.7,12.0,21.0,10.0,1.0,0.0,1856.8705829848928,0.0,1767.2273655130844,0.0,0.0,0.0,1278.8689711243606,0.0,4352.614032736221,2611568.4196417324,3424635.000503473,81.45501566221434,84.38004584023605,0.3490871344245407,0.7663922057703135,0.36028137401965956,84.38004584023605,0.35426478194388757,3424635.000503473,0.17920435335951399 
 03/14  09:00:00,4.79,97.0,2.82,146.0,71.0,0.0,0.0,1.0,2.0,0.0,0.0,0.0,0.0,0.0,0.0,954.0,0.0,231.18358476213133,50.27942926990362,128.839448019064,6.932099388102003,184.5070290695869,0.0,50.2794292699036,68.73579173451924,0.0,0.0,20.718240969017736,-1633.2193863689882,19.95383262504946,399.8249862405637,20.586385761195414,-496.4379138516515,19.709180722782475,200.36620137258388,16.438456771124196,10.030245367885187,18.90567584841556,-101.30575547310235,17.085335035661126,41.97288052091881,18.93802642132205,-407.07973710637716,15.96789944652173,-242.05849944435296,1194.2816627381272,1431.0003186316699,0.0,0.0,0.0,0.0,0.0,0.0,0.0,0.0,0.0,0.0,0.0,0.0,0.0,0.0,0.0,0.0,0.0,0.0,0.0,0.0,0.0,0.0,1.4703705268740173,0.448831052159346,432.8639241549138,517.9506658468229,14478.553335881568,0.3225081424970201,0.04922285447146217,257.85335645863776,309.3236980909672,8301.354454683991,2.131540021388809,0.4027853403984902,247.49980106429377,296.40546149589786,8301.043568804456,0.3319850100230456,0.0627333730202278,236.69291247883644,284.2390572881251,7518.723999305045,0.0,0.0,10.89355480433688,13.258651631373656,261.1488722237723,0.0,0.0,18.148264249742988,21.866351904247133,533.0593858376501,0.0,0.0,271.3937717753091,329.39527293798678,6926.13964263675,0.0,0.0,53.81647261530246,64.53106975174163,1735.345071420616,0.0,0.0,228.3436635665288,278.85410667401507,5027.435470677146,34.454275904207637,23.63119060645243,498.9034765316826,601.0379292840694,15883.419445801894,0.0,0.0,234.32393976112304,286.6010327318959,4953.864988386722,1848.1497419547566,21.330715467291847,30.350327661331645,22.0,30.0,0.0,20.687145526829146,31.562095910942476,16.0,30.0,1428.5378929596466,21.41744506528356,30.202028336327318,21.5,30.0,0.0,20.42754717254269,32.04909206598997,16.0,30.0,0.0,16.45492948548769,40.06283164082971,12.0,30.0,0.0,19.221679501948765,37.40472955298861,19.0,30.0,0.0,17.24319818636835,38.565731430945039,10.0,30.0,1020.4801361691648,20.71906927001295,31.798427801156359,20.7,30.0,0.0,15.464841433120427,43.13275386647422,12.0,30.0,0.0,19.445340025737086,0.0,0.0,0.0,15.00980530162028,0.0,0.0,586.450627152723,594.4065753321395,585.9001507371205,590.3845091238025,594.061483373413,829.0167837353567,599.6357828187851,650.5383785464658,608.9681198102585,11028.46065922721,80.71247945095621,87.87830056853005,60.0,0.0,60.0,60.0,16.0,16.0,19.0,12.0,19.7,12.0,21.0,10.0,1.0,0.0,1848.1497419547566,0.0,1428.5378929596466,0.0,0.0,0.0,1020.4801361691648,0.0,10844.288637593225,6506573.182555935,8479015.104005598,80.71247945095621,88.0,0.3614762879197742,0.7675083836661796,0.36028137401965956,88.0,0.3542647819438875,8479015.104005598,0.4420254520749577 
 03/14  09:10:00,5.033333333333333,96.50000000000002,2.9333333333333337,153.33333333333335,72.66666666666667,0.0,0.0,0.0,0.0,0.0,0.0,0.0,0.0,0.0,0.0,4293.0,0.0,253.8596315416771,52.78119051133525,135.2501379223926,7.612038584473809,202.60463798869288,0.0,52.78119051133522,72.15588902196933,0.0,0.0,20.117894892900354,-234.4308220710584,19.84206457794167,-74.06472160418618,20.131453021780943,-891.7227745180896,19.595314057782873,157.08983030458777,16.425695525752297,9.65905893505841,18.663950135636847,-274.87981094138459,17.09611167745967,56.929609450709907,18.34636455585663,-246.36903896219779,15.98420597242712,-197.6267283934621,866.0476155696371,1277.3739890670602,0.0,0.0,0.0,0.0,0.0,0.0,0.0,0.0,0.0,0.0,0.0,0.0,0.0,0.0,0.0,0.0,0.0,0.0,0.0,0.0,0.0,0.0,1.4369007272994417,0.4386143856225401,166.9755019738822,200.79766110570294,5291.52856536934,0.2823455016443156,0.04309302528148896,107.83039751451638,129.73442946888484,3378.941166754055,1.7525532466402137,0.3311703035979241,256.9490556122816,308.7949799439915,8271.263298865062,0.29872789954153136,0.05644896060875495,195.93936052050993,235.88252269174238,6057.556950820133,0.0,0.0,9.992312756941633,12.178997918303527,234.30346587366925,0.0,0.0,80.02737286877292,96.7312109262777,2246.0703216722179,0.0,0.0,320.6139109856403,389.5876203963645,8045.96798599471,0.0,0.0,46.648255934733857,56.23736182382131,1385.1031656172643,0.0,0.0,218.5668308027457,267.1999285024078,4734.756193725241,33.8842008599981,23.240192633743555,282.25426773741858,341.49671955716669,8877.48504542939,0.0,0.0,223.98541773305386,274.31442536233097,4626.5707115212239,0.0,20.456776179908816,32.228624540367089,21.999999999999994,29.999999999999994,0.0,20.4096493115023,32.287809034566077,15.999999999999997,29.999999999999994,0.0,20.598431051459575,32.096874177804519,21.66666666666666,29.999999999999994,0.0,20.228725338703997,32.661437863537788,15.999999999999997,29.999999999999994,0.0,16.44606734529674,40.4060888365185,11.999999999999997,29.999999999999994,0.0,18.79853868627108,36.46806001475627,15.999999999999997,29.999999999999994,0.0,17.283587550745105,39.268354441775027,9.999999999999999,29.999999999999994,0.0,19.590337695324938,33.90427443530295,11.999999999999997,29.999999999999994,0.0,15.542878697151754,43.52713211701001,11.999999999999997,29.999999999999994,0.0,18.399639635418198,0.0,0.0,0.0,15.018405037031022,0.0,0.0,585.928872297219,587.1595960445023,572.3396288119136,580.8575421134329,603.4015255157508,693.0204088991618,633.5433461603855,631.6271387567738,626.2535291981573,0.0,80.60363911115047,80.60363911115047,59.999999999999989,0.0,59.999999999999989,59.999999999999989,16.0,16.0,16.0,12.0,12.0,12.0,21.0,10.0,0.0,0.0,0.0,0.0,0.0,0.0,0.0,0.0,0.0,0.0,0.0,0.0,0.0,80.60363911115047,80.60363911115047,0.0,0.0,0.0,80.60363911115047,0.0,0.0,0.00111 
 03/14  09:20:00,5.276666666666667,96.0,3.046666666666667,160.66666666666667,74.33333333333333,0.0,0.0,0.0,0.0,0.0,0.0,0.0,0.0,0.0,0.0,1908.0,0.0,278.17849298138608,55.25924879281395,141.6000903628684,8.341236719209084,222.01335912894639,0.0,55.25924879281392,75.54358256612972,0.0,0.0,19.629545565769008,-94.17667952836679,19.51321349469179,-271.29648644771268,19.542199150092189,-264.3649521010185,19.31161797231757,-97.04937826561076,16.41083061414021,7.436312228047059,18.40534992762241,-194.34265342080475,17.01361594787812,5.649516242398475,17.614495595521228,-104.18283026651933,15.983294427191222,-229.95836447140716,691.9526440298072,1096.8083740995162,0.0,0.0,0.0,0.0,0.0,0.0,0.0,0.0,0.0,0.0,0.0,0.0,0.0,0.0,0.0,0.0,0.0,0.0,0.0,0.0,0.0,0.0,1.3572858841227134,0.4143119304403888,128.9541478137829,155.32715996894977,3820.245081274409,0.25058376975687376,0.038245386104528978,91.85269158118764,110.58684806911487,2707.7735395122674,1.7158365079815877,0.3242321443653795,158.39620823150643,190.96816750819807,4675.665145861626,0.2643746903815272,0.04995742448630522,104.14281966202225,125.50265847224134,3067.0852392598028,0.0,0.0,9.01743889423324,10.983491594671408,206.67796409235917,0.0,0.0,71.51396847708296,86.51816673645924,1911.4139287267804,0.0,0.0,299.13221926540799,363.4253940800775,7274.288405432564,0.0,0.0,34.08376064293569,41.25597215468274,906.473502148357,0.0,0.0,202.98019173074875,247.9571956173237,4306.315472119603,33.2116434030161,22.77890494034027,163.79435523716607,198.67084079558306,5026.246286913854,0.0,0.0,207.02323610360549,253.5092241463442,4109.955456027834,0.0,19.712236677615729,33.97766777635934,22.000000000000005,30.000000000000008,0.0,19.77042369670423,34.03822259798642,16.000000000000005,30.000000000000008,0.0,19.638075851595045,34.27140853362644,22.000000000000005,30.000000000000008,0.0,19.682628020317403,34.027209595396218,16.000000000000005,30.000000000000008,0.0,16.431419082331023,40.84453701474904,12.000000000000002,30.000000000000008,0.0,18.37249166065491,36.707780379277028,16.000000000000005,30.000000000000008,0.0,17.14042354319238,39.64664646621835,10.000000000000002,30.000000000000008,0.0,18.267381118546465,36.86426363519865,12.000000000000002,30.000000000000008,0.0,15.569558579217507,43.73769173338074,12.000000000000002,30.000000000000008,0.0,17.504907274359579,0.0,0.0,0.0,14.865190198606922,0.0,0.0,578.6240840994511,565.0232364339363,566.1080462618558,574.7299250496511,614.2770232560973,633.6369684416009,622.9137327895752,627.0968604287355,630.3102095187467,0.0,80.6036391111505,80.6036391111505,60.000000000000017,0.0,60.000000000000017,60.000000000000017,16.0,16.0,16.0,12.0,12.0,12.0,21.0,10.0,0.0,0.0,0.0,0.0,0.0,0.0,0.0,0.0,0.0,0.0,0.0,0.0,0.0,80.6036391111505,80.6036391111505,0.0,0.0,0.0,80.6036391111505,0.0,0.0,0.0010833333333333333 
 03/14  09:30:00,5.52,95.5,3.16,168.0,76.0,0.0,0.0,0.0,0.0,0.0,0.0,0.0,0.0,0.0,0.0,1908.0,0.0,303.9938186691508,57.713224838650237,147.88833341969369,9.115305545197947,242.61639177287158,0.0,57.713224838650209,78.89835386837813,0.0,0.0,19.18908717206781,-208.899258264252,19.10303996973905,-454.9398720265674,19.114596605180254,-308.8263632775021,18.988508271435266,-277.93429339055208,16.3930377333772,3.683901659261977,18.25794940472486,-180.03977571912857,16.8806722601356,-44.6872867757138,17.217567716323477,-52.786762838111517,15.944235477478525,-269.25037188334206,681.1839137046093,898.0427859612694,0.0,0.0,0.0,0.0,0.0,0.0,0.0,0.0,0.0,0.0,0.0,0.0,0.0,0.0,0.0,0.0,0.0,0.0,0.0,0.0,0.0,0.0,1.307064100231461,0.3989817155773691,280.4570744112937,338.6359465007519,7775.591502039352,0.23283588901256306,0.035536613097155538,143.03695455641438,172.73017973875086,3930.308003855972,1.390832564522157,0.26281794492104268,209.23365105113184,252.83485711284744,5741.853676292383,0.22919341916406534,0.043309414052166528,124.8753529575179,150.70701547308114,3460.0111084897878,0.0,0.0,7.965574904398334,9.700235717520972,178.26775383906495,0.0,0.0,67.71322821063888,81.96675046294574,1745.3864058347172,0.0,0.0,273.53793482909466,332.5252218577042,6388.327718700589,0.0,0.0,23.47176549062679,28.46512620700551,580.5666455850052,0.0,0.0,182.3981271348035,222.80401447424493,3761.566118634723,32.46168907756827,22.26453297501254,320.5006668221354,388.82687750076379,8807.370719069404,0.0,0.0,184.93685778176525,226.5707321978482,3506.1485194589006,0.0,19.023389387145309,36.1067011941424,22.0,30.0,0.0,19.003089628688096,36.71167535744605,16.0,30.0,0.0,18.952447871734017,36.42355419432311,22.0,30.0,0.0,19.108164714277476,36.030422449324408,16.0,30.0,0.0,16.412018691577907,41.14136398614999,12.0,30.0,0.0,18.143614162089344,37.312168130066108,16.0,30.0,0.0,16.906327602992446,40.475440147576829,10.0,30.0,0.0,17.610728616957674,38.520344970653557,12.0,30.0,0.0,15.524167353586542,44.021792455778449,12.0,30.0,0.0,17.549650619341599,0.0,0.0,0.0,14.674529601967029,0.0,0.0,553.2777341041706,526.1336643405997,545.626107459499,548.8576348545794,614.7362377309278,615.2335583719786,605.2483310898302,619.2312579505106,616.7847419195457,0.0,80.60363911115049,80.60363911115049,60.0,0.0,60.0,60.0,16.0,16.0,16.0,12.0,12.0,12.0,21.0,10.0,0.0,0.0,0.0,0.0,0.0,0.0,0.0,0.0,0.0,0.0,0.0,0.0,0.0,80.60363911115049,80.60363911115049,0.0,0.0,0.0,80.60363911115049,0.0,0.0,0.0010566666666666667 
 03/14  09:40:00,5.763333333333333,95.0,3.273333333333333,183.0,80.66666666666666,0.0,0.0,0.0,0.0,0.0,0.0,0.0,0.0,0.0,0.0,1431.0,0.0,346.16890411282506,62.31774928662295,159.68730045582795,10.379922619727886,276.2760702888749,0.0,62.31774928662292,85.1930878796451,0.0,0.0,18.927154193062536,-125.84754054850035,18.965335214492748,-191.78664204947305,18.93223593094374,-254.31972611808267,18.728461988429005,-154.8285676158137,16.37589790757867,3.2176303538636858,18.155946111764196,-169.40664873888543,16.814046035584206,-15.558528879126861,16.94276521306113,-34.03457773617355,15.90663973022417,-248.7970578849147,587.2397131249802,826.4561487416571,0.0,0.0,0.0,0.0,0.0,0.0,0.0,0.0,0.0,0.0,0.0,0.0,0.0,0.0,0.0,0.0,0.0,0.0,0.0,0.0,0.0,0.0,1.2534895839256164,0.3826280781213729,159.61641073011479,192.65532654708384,4240.5208738766309,0.23094040687464338,0.035247314846557329,64.16790585808664,77.39150512826149,1703.104491871557,1.2137601630230964,0.2293575515916662,187.5156559256232,226.37352128506167,4974.619680265131,0.23785382298915487,0.044945922711480536,115.37833470491623,139.35059337723107,3044.5204555111438,0.0,0.0,7.879105954873957,9.591794108820244,172.10810299999393,0.0,0.0,66.77286041085968,80.83856800656321,1667.0861297937314,0.0,0.0,270.0399809962847,328.22794109103418,6126.473643372623,0.0,0.0,20.75925635892507,25.20441155921881,486.339173886706,0.0,0.0,177.5006351491695,216.75547178236327,3557.1542305381965,32.27707466067472,22.13791128990038,212.36735017747282,257.5354922362627,5798.33052103961,0.0,0.0,179.46598223651314,219.75623783469789,3318.5348138791207,0.0,18.70709595055728,37.1745073429701,22.000000000000019,30.00000000000002,0.0,18.80752017756897,37.20379487851869,16.000000000000015,30.00000000000002,0.0,18.753452346025147,37.11589596225289,22.000000000000019,30.00000000000002,0.0,18.693490395976,37.17064087321555,16.000000000000015,30.00000000000002,0.0,16.393895690058377,41.410126573558688,12.00000000000001,30.00000000000002,0.0,17.98321715897447,37.816438697232367,16.000000000000015,30.00000000000002,0.0,16.8212469949163,40.84245263396294,10.000000000000007,30.00000000000002,0.0,17.191006262964856,39.66988056500017,12.00000000000001,30.00000000000002,0.0,15.483717963054,44.268612879234229,12.00000000000001,30.00000000000002,0.0,17.26881340431118,0.0,0.0,0.0,14.692248245800997,0.0,0.0,541.788678293707,528.871062022732,538.9146127926072,542.5686979241775,611.1417098098574,605.0348303777981,596.8472496772885,610.9092897614968,608.1698635827502,0.0,80.60363911115054,80.60363911115054,60.00000000000004,0.0,60.00000000000004,60.00000000000004,16.0,16.0,16.0,12.0,12.0,12.0,21.0,10.0,0.0,0.0,0.0,0.0,0.0,0.0,0.0,0.0,0.0,0.0,0.0,0.0,0.0,80.60363911115054,80.60363911115054,0.0,0.0,0.0,80.60363911115054,0.0,0.0,0.00103 
 03/14  09:50:00,6.006666666666667,94.5,3.3866666666666669,198.0,85.33333333333333,0.0,0.0,0.0,0.0,0.0,0.0,0.0,0.0,0.0,0.0,1431.0,0.0,391.31730909185287,66.8523320422208,171.30704642389865,11.73369320070562,312.3087230796422,0.0,66.85233204222077,91.39220629482344,0.0,0.0,18.738495530553608,-110.8795018638861,18.860896964388567,-253.8540773360289,18.678428939806407,-223.16256339064499,18.585158662328593,-157.97913800041273,16.36007384970931,2.2078684482598227,18.092734223325516,-165.36231959417894,16.752535490065016,-21.660385467579564,16.756487518617939,-21.37736771128673,15.890200333600589,-230.91928415646715,497.45985694720226,729.4976724046634,0.0,0.0,0.0,0.0,0.0,0.0,0.0,0.0,0.0,0.0,0.0,0.0,0.0,0.0,0.0,0.0,0.0,0.0,0.0,0.0,0.0,0.0,1.2024704931715594,0.3670544850951039,155.47724698917259,187.80401422567196,3985.851918957683,0.217074489709071,0.033131027122874117,109.85017923361228,132.63846378454444,2823.5346251655685,1.184497971621361,0.22382803696548798,179.5626528332795,217.06990310001189,4559.166263940235,0.2301319532643358,0.04348676365539228,89.72193514019786,108.49293058142571,2288.2666202915854,0.0,0.0,7.534933500770116,9.171677441986527,160.5817347779412,0.0,0.0,65.38388214336597,79.17002361104602,1586.9092701926589,0.0,0.0,260.27491632567088,316.39597748164399,5730.7503938457289,0.0,0.0,15.932342525034463,19.35464513295399,356.9013243689728,0.0,0.0,168.39396459788154,205.6018991340834,3288.4603415584299,31.992432374707286,21.942683384572925,184.91774305475153,224.52825409787773,4913.89418772431,0.0,0.0,169.51658233643082,207.53994195508143,3047.1213121567459,0.0,18.498398321357795,38.03006985037567,22.000000000000019,30.00000000000002,0.0,18.62584182409655,37.96902857350598,16.000000000000015,30.00000000000002,0.0,18.397858259396548,38.3967226870931,22.000000000000019,30.00000000000002,0.0,18.483949610086396,37.9834169242965,16.000000000000015,30.00000000000002,0.0,16.378469034585373,41.67721917869587,12.00000000000001,30.00000000000002,0.0,17.882958700016219,38.31226119882758,16.000000000000015,30.00000000000002,0.0,16.736083697011457,41.37737883280359,10.000000000000007,30.00000000000002,0.0,16.931790571902306,40.501719169015249,12.00000000000001,30.00000000000002,0.0,15.479162166191678,44.597529111478049,12.00000000000001,30.00000000000002,0.0,17.029305194734627,0.0,0.0,0.0,14.686853947176587,0.0,0.0,533.0363071483953,523.0420804181472,528.605640309607,536.6009017155877,604.2954966512308,590.737877567009,581.8801831821811,600.8215773930895,592.1971326933566,0.0,80.60363911115054,80.60363911115054,60.00000000000004,0.0,60.00000000000004,60.00000000000004,16.0,16.0,16.0,12.0,12.0,12.0,21.0,10.0,0.0,0.0,0.0,0.0,0.0,0.0,0.0,0.0,0.0,0.0,0.0,0.0,0.0,80.60363911115054,80.60363911115054,0.0,0.0,0.0,80.60363911115054,0.0,0.0,0.0010366666666666669 
 03/14  10:00:00,6.25,94.0,3.5,213.0,90.0,0.0,0.0,0.0,0.0,0.0,0.0,0.0,0.0,0.0,0.0,477.0,0.0,439.2977016197989,71.31518247560145,182.74298282509495,13.172379506741889,350.60155447814136,0.0,71.31518247560142,97.4932611871625,0.0,0.0,18.628721049883845,-37.09839668606037,18.688927117812093,-335.98007123656319,18.579627358227847,-179.85200172597753,18.513797271900793,-39.29655590847733,16.34371076141754,2.2308736394955988,18.04935276963106,-156.3697147904245,16.710156097497604,-11.716520592721281,16.59109420495065,-13.479854336543895,15.872116979863403,-231.82951055575269,411.47564185237118,682.6714114884189,0.0,0.0,0.0,0.0,0.0,0.0,0.0,0.0,0.0,0.0,0.0,0.0,0.0,0.0,0.0,0.0,0.0,0.0,0.0,0.0,0.0,0.0,1.1597768726481022,0.3540222443980776,117.09398777494929,141.08911541903425,2933.858484046132,0.20985308958880809,0.03202885982735166,103.78916927757811,125.10671564754611,2555.039543496857,1.1450011851042417,0.2163645474497812,56.28729000788794,67.84461125645652,1413.8936516243708,0.22665524079824377,0.04282978851062806,65.73663098683726,79.22268922136976,1634.3604743259189,0.0,0.0,7.427958226975397,9.01731153531623,154.3926440947444,0.0,0.0,64.55957463029969,77.97826351089343,1525.757742881422,0.0,0.0,257.272271748686,311.93222504484597,5513.7047653647,0.0,0.0,14.978951041323894,18.16208027884011,321.33298506109818,0.0,0.0,166.28049669522259,202.47412799402776,3160.3389864246989,31.91505892285007,21.889615173422553,120.08447217756536,145.51047126427165,3268.7157774703939,0.0,0.0,167.27074927871719,204.16352789039434,2953.968022000742,0.0,18.427684511854598,38.61192951810262,22.0,30.0,0.0,18.303710998788085,39.0791309802139,16.0,30.0,0.0,18.329644418230989,38.84953081873373,22.0,30.0,0.0,18.41101512286427,38.012236134451537,16.0,30.0,0.0,16.361819348366255,41.9923765962509,12.0,30.0,0.0,17.807688248222609,38.67139960211047,16.0,30.0,0.0,16.688388784086265,41.74904089639537,10.0,30.0,0.0,16.699096228930036,41.31789157907915,12.0,30.0,0.0,15.465624994726618,44.81081372910986,12.0,30.0,0.0,16.75394133145297,0.0,0.0,0.0,14.777587113624714,0.0,0.0,520.9111350560683,514.9624159172961,521.4202987371286,542.2647641355242,594.6593435239379,581.063404815036,572.825984440937,589.491589610789,584.7579795023744,0.0,80.60363911115049,80.60363911115049,60.0,0.0,60.0,60.0,16.0,16.0,16.0,12.0,12.0,12.0,21.0,10.0,0.0,0.0,0.0,0.0,0.0,0.0,0.0,0.0,0.0,0.0,0.0,0.0,0.0,80.60363911115049,80.60363911115049,0.0,0.0,0.0,80.60363911115049,0.0,0.0,0.0010433333333333335 
 03/14  10:10:00,6.58,92.83333333333334,3.546666666666667,228.0,94.66666666666667,0.0,0.0,0.0,0.0,0.0,0.0,0.0,0.0,0.0,0.0,1431.0,0.0,489.97505525903417,75.70381795437142,193.98874794010065,14.69193282458536,391.0468012012959,0.0,75.70381795437138,103.49285860996022,0.0,0.0,18.434157557019089,-138.304128386716,18.68432275691799,-214.9234806468397,18.502525642176495,-122.51829412133884,18.446577532089696,-145.83124115077357,16.332105109276158,1.92172619486171,18.042267323341887,-158.38721561331188,16.674318203452175,-21.29960877336028,16.504348572417457,-10.546472793580069,15.876861425350532,-183.98411333536388,446.1936377031664,611.5235415123359,0.0,0.0,0.0,0.0,0.0,0.0,0.0,0.0,0.0,0.0,0.0,0.0,0.0,0.0,0.0,0.0,0.0,0.0,0.0,0.0,0.0,0.0,1.126666205345533,0.34391520309692716,198.12607319916607,239.56095042997658,4703.489036442519,0.20676883437140779,0.03155812490406102,106.38266724540375,128.53586414140492,2545.956036018213,1.0701523049740849,0.20222076813569263,102.57834186445463,123.99166701761436,2470.909614325235,0.20643785965254159,0.039009421703050179,55.737226764749198,67.33726450345228,1335.5482914592427,0.0,0.0,7.2026386025146149,8.765859115375545,144.65500873819617,0.0,0.0,64.85869230057887,78.5391849344391,1485.8522449659654,0.0,0.0,250.2942100587229,304.2818654172337,5173.170481750185,0.0,0.0,12.041471786731244,14.642448503198616,247.9673550202163,0.0,0.0,160.4940119043634,195.90170110203062,2949.3382205679256,31.640316722622808,21.70117745035859,178.3790426153442,216.57350610965319,4458.298293126222,0.0,0.0,161.0713152369263,197.04493136973898,2756.1622638337,0.0,18.156066441736838,39.48091051866878,22.0,30.0,0.0,18.313664640120348,39.30331550324788,16.0,30.0,0.0,18.29053388149136,39.031867274852057,22.0,30.0,0.0,18.308874167594977,38.773653246728219,16.0,30.0,0.0,16.354081198646865,42.15882767869224,12.0,30.0,0.0,17.787397892117107,38.918206511142958,16.0,30.0,0.0,16.64916181654831,42.02426292709704,10.0,30.0,0.0,16.610068051845287,41.66292825850088,12.0,30.0,0.0,15.495196938043776,44.92882589299403,12.0,30.0,0.0,16.936578872732356,0.0,0.0,0.0,14.847330971489257,0.0,0.0,517.5306854430467,510.4571552869912,521.2016643517051,528.5003164284007,589.4872166648861,573.5765145557614,566.3368911118627,584.7438942205297,576.7144180119929,0.0,80.60363911115049,80.60363911115049,60.0,0.0,60.0,60.0,16.0,16.0,16.0,12.0,12.0,12.0,21.0,10.0,0.0,0.0,0.0,0.0,0.0,0.0,0.0,0.0,0.0,0.0,0.0,0.0,0.0,80.60363911115049,80.60363911115049,0.0,0.0,0.0,80.60363911115049,0.0,0.0,0.00105 
 03/14  10:20:00,6.91,91.66666666666667,3.5933333333333334,243.0,99.33333333333334,0.0,0.0,0.0,0.0,0.0,0.0,0.0,0.0,0.0,0.0,954.0,0.0,543.2345757191123,80.01511148258865,205.0363289016953,16.288911090892289,433.5528470142214,0.0,80.01511148258861,109.38672372269143,0.0,0.0,18.402447287418548,-37.194229423018899,18.657521599557989,-220.8075367504092,18.4240681420655,-99.13207080005623,18.380122804337029,-109.98847271018166,16.319600238350018,1.8207099658459783,18.04184380287382,-159.90104028052975,16.651417057781417,-1.7052148959655825,16.40980086329361,-7.310293754669232,15.896905251014472,-172.12231920610066,326.32042024261457,550.9565177147515,0.0,0.0,0.0,0.0,0.0,0.0,0.0,0.0,0.0,0.0,0.0,0.0,0.0,0.0,0.0,0.0,0.0,0.0,0.0,0.0,0.0,0.0,1.0678779075836087,0.3259700572599538,129.43493144306405,156.50679502434049,3007.8974620002197,0.19690729557881507,0.03005300604072269,80.77342819354263,97.62891536279196,1868.7884112846717,1.025509444276143,0.19378485341574892,66.1194433389517,79.87773400480757,1548.5835829275198,0.19776402197452953,0.03737037452277578,32.76431541717619,39.51944085666037,757.7852131533244,0.0,0.0,7.170806163547683,8.720330782417366,139.01933932278897,0.0,0.0,64.83399526231102,78.45453154553079,1439.1028878112539,0.0,0.0,245.3404935086881,298.0356586105705,4899.498866946808,0.0,0.0,10.507024411997645,12.772684924353746,206.8731572642617,0.0,0.0,154.76374910685215,188.72885064185835,2753.9788693867087,31.40712729367879,21.54123957042442,106.02118317849926,128.82568897115557,2741.097726699784,0.0,0.0,154.97921522967358,189.38845636936808,2573.409275612624,0.0,18.216614347193553,39.38168798032652,22.0,30.0,0.0,18.24490809939641,39.815789831608757,16.0,30.0,0.0,18.230213229054927,39.41321392684925,22.0,30.0,0.0,18.223434649221834,39.3505645798504,16.0,30.0,0.0,16.343790635660168,42.40685395272127,12.0,30.0,0.0,17.76735359784393,39.150064872883067,16.0,30.0,0.0,16.6381794360626,42.223887677778609,10.0,30.0,0.0,16.494718454847637,42.13552011866454,12.0,30.0,0.0,15.543559848239735,44.999437016539328,12.0,30.0,0.0,16.59795550600859,0.0,0.0,0.0,14.93399286110903,0.0,0.0,518.1426818036262,503.5643372752338,516.973232355141,520.710912672984,581.7264065047527,566.5111249059507,560.5998761696903,578.0097934901002,569.6637611105383,0.0,80.60363911115049,80.60363911115049,60.0,0.0,60.0,60.0,16.0,16.0,16.0,12.0,12.0,12.0,21.0,10.0,0.0,0.0,0.0,0.0,0.0,0.0,0.0,0.0,0.0,0.0,0.0,0.0,0.0,80.60363911115049,80.60363911115049,0.0,0.0,0.0,80.60363911115049,0.0,0.0,0.0010433333333333335 
 03/14  10:30:00,7.24,90.5,3.6399999999999999,258.0,104.0,0.0,0.0,0.0,0.0,0.0,0.0,0.0,0.0,0.0,0.0,954.0,0.0,598.9906107188599,84.2453100511315,215.87610871688819,17.960746049801079,478.0513335928906,0.0,84.24531005113146,115.16972587735332,0.0,0.0,18.279871726945055,-74.75101811589184,18.66427810108771,-281.4899654372423,18.330257345592256,-236.02332377417179,18.27398414804693,-145.76395336997894,16.309788092517957,2.2122208794980766,18.059819601755586,-151.86871215614748,16.65125080880695,3.75091456178734,16.33074974029408,-9.495561832939132,15.931315487750294,-137.53491246215709,464.66790057757955,503.40270728027419,0.0,0.0,0.0,0.0,0.0,0.0,0.0,0.0,0.0,0.0,0.0,0.0,0.0,0.0,0.0,0.0,0.0,0.0,0.0,0.0,0.0,0.0,1.0021505086063567,0.30590674865883907,184.28253518866814,222.5908513106716,4093.7293576176036,0.17923877968122124,0.027356346105192498,106.83887150325764,128.96232726029468,2394.5775837858147,0.9917627033853192,0.18740791825119419,215.24402372376478,260.05855847950786,4799.929433842274,0.1960901302108652,0.037054068444985859,131.50408216654749,158.8906694051352,2902.873472210313,0.0,0.0,7.0427968038849129,8.564135793927605,131.67586907734666,0.0,0.0,63.652735302454328,77.01356535263968,1370.489197257999,0.0,0.0,238.02543865966818,289.08232241126856,4603.71595494836,0.0,0.0,7.278868533355729,8.849745891072179,137.02667956594616,0.0,0.0,148.29561486128433,180.76452570646507,2559.6362718228599,31.242768024770095,21.428510305054944,261.8135396864682,317.25983571686677,5912.728280103852,0.0,0.0,149.5171313753022,182.60632387487903,2417.1779747137518,0.0,18.068648849591104,40.44481849863604,22.0,30.0,0.0,18.226463662903716,40.49466491939298,16.0,30.0,0.0,18.125247013682946,40.395716721494768,22.0,30.0,0.0,18.04641803665197,40.212234601168628,16.0,30.0,0.0,16.337725903002565,42.655338959397187,12.0,30.0,0.0,17.771982008558113,39.42505435049122,16.0,30.0,0.0,16.66257801438138,42.59187986671621,10.0,30.0,0.0,16.401774282896328,42.537073340303738,12.0,30.0,0.0,15.616166199434316,45.14239471675039,12.0,30.0,0.0,17.098158794079404,0.0,0.0,0.0,15.05545324383328,0.0,0.0,504.60532219688,493.1906801678136,502.43812853447778,512.1585465120394,573.899793707631,556.7455283717354,548.4379879120281,572.43920052622,558.5083951885941,0.0,80.60363911115049,80.60363911115049,60.0,0.0,60.0,60.0,16.0,16.0,16.0,12.0,12.0,12.0,21.0,10.0,0.0,0.0,0.0,0.0,0.0,0.0,0.0,0.0,0.0,0.0,0.0,0.0,0.0,80.60363911115049,80.60363911115049,0.0,0.0,0.0,80.60363911115049,0.0,0.0,0.0010366666666666667 
 03/14  10:40:00,7.57,89.33333333333334,3.6866666666666667,252.5,143.5,0.0,0.0,0.0,0.0,0.0,0.0,0.0,0.0,0.0,0.0,954.0,0.0,697.6770921144232,84.93029003434124,217.63144667974206,20.91982511319625,556.8121035719057,0.0,84.9302900343412,116.10614544598995,0.0,0.0,18.24702494940167,-33.07188145585724,18.649351293677669,-351.98184750395219,18.256379643454087,-14.340086985719609,18.301738635738344,-34.5942086642533,16.305743991437859,2.493685547213147,18.11187103632443,-152.53107343333137,16.655812098314855,21.465164567097874,16.24981520426966,-21.93794418679815,15.968977312108234,-115.32799864055005,258.4399086150345,464.6895713158701,0.0,0.0,0.0,0.0,0.0,0.0,0.0,0.0,0.0,0.0,0.0,0.0,0.0,0.0,0.0,0.0,0.0,0.0,0.0,0.0,0.0,0.0,0.9604879574684576,0.2931892422064889,123.05641580577127,148.63980941394386,2661.3209650783744,0.1688730573647455,0.02577427615457044,109.94311551971983,132.76233334120097,2370.017058341097,0.9525987270502987,0.1800073180367156,62.433403506505097,75.44113822838054,1357.6933015898129,0.18836909277534678,0.03559506666200807,8.89570101420738,10.746522711074503,195.7097186323952,0.0,0.0,7.066939706577596,8.592263569486438,127.34002897945214,0.0,0.0,63.84122103649442,77.22382272278523,1335.225635372528,0.0,0.0,235.4917160812543,285.9246496070281,4410.447359869328,0.0,0.0,10.806161948351882,13.140176617902008,193.90446227494466,0.0,0.0,141.50384816166068,172.41408411596513,2367.2717306003407,31.05260127443397,21.298080435139906,79.85648018792918,96.9711823233836,2030.3833591161329,0.0,0.0,148.0747996242044,180.73374512372107,2331.894264853699,0.0,18.097244379537146,41.046315472827007,22.0,30.0,0.0,18.13223327312543,41.50976626534583,16.0,30.0,0.0,18.0799545443965,40.88302869677471,22.0,30.0,0.0,18.140882447433684,39.554111428004379,16.0,30.0,0.0,16.338070784211696,42.94263241189291,12.0,30.0,0.0,17.80208528884942,39.74387474291733,16.0,30.0,0.0,16.695255097181439,42.95473221201624,10.0,30.0,0.0,16.300076283872849,43.10092103034373,12.0,30.0,0.0,15.690520735381446,45.36469792840655,12.0,30.0,0.0,16.50922793457457,0.0,0.0,0.0,15.186317869492493,0.0,0.0,491.81625635141287,480.0933768405398,495.5304687869218,523.0981700959569,565.0642980056744,545.1993735653982,537.1608014585102,563.3963820993251,547.2378040576359,0.0,80.60363911115049,80.60363911115049,60.0,0.0,60.0,60.0,16.0,16.0,16.0,12.0,12.0,12.0,21.0,10.0,0.0,0.0,0.0,0.0,0.0,0.0,0.0,0.0,0.0,0.0,0.0,0.0,0.0,80.60363911115049,80.60363911115049,0.0,0.0,0.0,80.60363911115049,0.0,0.0,0.0010299999999999999 
 03/14  10:50:00,7.9,88.16666666666666,3.7333333333333336,247.0,183.0,0.0,0.0,0.0,0.0,0.0,0.0,0.0,0.0,0.0,0.0,954.0,0.0,770.7857379011672,85.27365256704778,218.5114140672292,23.111966962759145,615.1594944916694,0.0,85.27365256704774,116.57554806014572,0.0,0.0,18.13138666575952,-139.43321792771168,18.571768290397015,-381.67471597448596,18.111557096625078,-213.15316940246749,18.27073099876062,-153.82537009154215,16.303609189447167,2.5853689417091347,18.175511425472103,-157.37632503622945,16.656306247932628,28.66906189394058,16.174711065829553,-21.888242212214864,16.011960835666615,-91.3078305217914,448.5501940377744,415.9541592368628,0.0,0.0,0.0,0.0,0.0,0.0,0.0,0.0,0.0,0.0,0.0,0.0,0.0,0.0,0.0,0.0,0.0,0.0,0.0,0.0,0.0,0.0,0.9344035670124797,0.2852269740575335,333.47713187201426,403.0482928301926,6869.2725329461159,0.15492486294415826,0.023645430852283008,187.37072994706069,226.57897598766079,3817.3291286233118,0.8876455190767212,0.16773346921328828,215.1903292034685,259.9594919005914,4398.537188629539,0.16273071880343915,0.030750324792788949,100.22086464185949,120.94434207503612,2076.608189969959,0.0,0.0,6.912013604751179,8.401469034582089,119.91819509483685,0.0,0.0,65.74727414979077,79.5014245768874,1336.8999240907525,0.0,0.0,230.5802598401847,279.8946349343784,4170.270236166419,0.0,0.0,13.140076349260506,15.98043932060272,224.4426590973111,0.0,0.0,134.1317698943131,163.36641384137367,2174.392892412486,30.783572399708036,21.113561316672187,381.74865511346197,462.4402100981771,7829.175731357506,0.0,0.0,143.4263011783654,174.95925075382019,2197.4885224076717,0.0,17.94598934444025,41.71519924942503,22.0,30.0,0.0,17.917366354040426,42.560670532730799,16.0,30.0,0.0,17.853599799657617,42.22401274812694,22.0,30.0,0.0,18.093439697659595,40.77310212304204,16.0,30.0,0.0,16.34189439447473,43.28804313298495,12.0,30.0,0.0,17.84962796628735,40.1254503155444,16.0,30.0,0.0,16.7120972112226,43.351931507351469,10.0,30.0,0.0,16.20744373712281,43.77446224674891,12.0,30.0,0.0,15.771308262208983,45.621656399500057,12.0,30.0,0.0,17.190670065351143,0.0,0.0,0.0,15.312754846374777,0.0,0.0,489.4674982909653,475.69981994134357,485.83734247001117,501.24217113592399,555.4362899155246,532.6783768782191,527.4607598105899,551.7708614721021,535.9653904699146,0.0,80.60363911115049,80.60363911115049,60.0,0.0,60.0,60.0,16.0,16.0,16.0,12.0,12.0,12.0,21.0,10.0,0.0,0.0,0.0,0.0,0.0,0.0,0.0,0.0,0.0,0.0,0.0,0.0,0.0,80.60363911115049,80.60363911115049,0.0,0.0,0.0,80.60363911115049,0.0,0.0,0.0010333333333333332 
 03/14  11:00:00,8.23,87.0,3.78,241.5,222.5,0.0,0.0,0.0,0.0,0.0,0.0,0.0,0.0,0.0,0.0,477.0,0.0,851.3606720945124,85.58392663286038,219.30659811337314,25.527982123993004,679.46565374336,0.0,85.58392663286034,116.99971623146353,0.0,0.0,18.070793387009425,10.636042957827158,18.70633620880983,-309.0675390313854,18.168719562655349,-28.561307732594288,18.163956415794794,-149.17533424832528,16.3052089525875,2.672682624072081,18.262035481453997,-156.30911684342574,16.63020659790333,5.8136669692003128,16.10024165042666,-21.03747614228638,16.042996958253707,-111.90007209478608,342.21475435317918,387.6952035962131,0.0,0.0,0.0,0.0,0.0,0.0,0.0,0.0,0.0,0.0,0.0,0.0,0.0,0.0,0.0,0.0,0.0,0.0,0.0,0.0,0.0,0.0,0.8591662441192982,0.2622607582781741,271.19023345593009,327.0189681416542,5388.4475601016279,0.13957551522487267,0.021302734313930505,166.99563053977676,201.190493608162,3366.1233320644089,0.7948965198154842,0.15020720329090787,98.314182084678,118.50658594844366,1983.6580236992266,0.1456374764623295,0.027520309233244418,91.88616090901826,110.77735502190802,1819.73049795939,0.0,0.0,6.542035929095128,7.935411329732463,109.20709190680951,0.0,0.0,64.44283596749905,77.7337863845832,1277.1109838457992,0.0,0.0,226.68102327718419,274.6103791828069,3930.6582954890047,0.0,0.0,13.750141706523435,16.691976951573115,222.98301504063719,0.0,0.0,134.5095817439975,163.4386984345106,2103.9373765405237,30.314857817878335,20.79208355135689,225.57278205689333,272.8942772581264,4562.307153377997,0.0,0.0,144.74569204576248,176.0834189348414,2166.5133412126685,0.0,17.93983993087038,41.50915337955335,22.0,30.0,0.0,18.108492275527725,42.68917708286154,16.0,30.0,0.0,18.045360331928717,41.40457122092205,22.0,30.0,0.0,17.922150047665434,42.960037154580088,16.0,30.0,0.0,16.350502447585673,43.66033249547522,12.0,30.0,0.0,17.9269263231685,40.221796072253379,16.0,30.0,0.0,16.675317992321465,43.594951324040227,10.0,30.0,0.0,16.11159678467818,44.51394866201579,12.0,30.0,0.0,15.8235900933992,45.74820247751663,12.0,30.0,0.0,16.949880776326564,0.0,0.0,0.0,15.473412459020605,0.0,0.0,493.93971495492095,464.75883210014248,491.78193118708296,469.434044101862,545.2439266896926,525.5470055945255,524.6972080496777,539.9056619660493,530.1630715833547,0.0,80.60363911115049,80.60363911115049,60.0,0.0,60.0,60.0,16.0,16.0,16.0,12.0,12.0,12.0,21.0,10.0,0.0,0.0,0.0,0.0,0.0,0.0,0.0,0.0,0.0,0.0,0.0,0.0,0.0,80.60363911115049,80.60363911115049,0.0,0.0,0.0,80.60363911115049,0.0,0.0,0.0010366666666666667 
 03/14  11:10:00,8.546666666666667,85.0,3.885,236.0,262.0,0.0,0.0,0.0,0.0,0.0,0.0,0.0,0.0,0.0,0.0,477.0,0.0,986.540591187751,86.33628891428534,221.23461138880144,29.58129945516812,787.3514506578124,0.0,86.33628891428529,118.0282525103327,0.0,0.0,18.068674262017845,1.077623241789297,18.784129485466637,-362.05206702978378,18.048324507658557,-185.67491979789475,18.198824301430624,-24.84203876871834,16.313766006999744,2.3263946423682,18.36179573905728,-183.9999899586578,16.66332241397852,42.319566530541127,16.04690969033671,-16.2442709721588,16.07946996462638,-78.76140208403422,367.5188240237967,318.4784237548938,0.0,0.0,0.0,0.0,0.0,0.0,0.0,0.0,0.0,0.0,0.0,0.0,0.0,0.0,0.0,0.0,0.0,0.0,0.0,0.0,0.0,0.0,0.8004758145688716,0.24434548674263482,203.3486710804705,245.09255758258255,3931.594604258888,0.13036025183165005,0.01989625333205892,149.9851968065476,180.6973662522337,2933.1459308139767,0.7837259505313832,0.14809636253427503,99.84817911849429,120.41067046830162,1911.833428027126,0.15529271604943785,0.029344806509719918,61.1688547054533,73.72905141058219,1185.671534971999,0.0,0.0,6.928797944920035,8.402991125639318,111.36968468197168,0.0,0.0,68.32208350527495,82.38666686336832,1318.0676749513437,0.0,0.0,224.74379671999919,272.1521215481787,3789.6233589888549,0.0,0.0,14.466474735633762,17.562595731021664,223.52709408222266,0.0,0.0,124.77763923873862,151.55962275270427,1887.402975605968,30.402211036859315,20.851996595925465,210.10175707899647,254.03627798531648,4193.7736208569299,0.0,0.0,135.5771189620202,164.86198798999437,1965.3951978404458,0.0,17.989664409382998,42.48566323970166,22.0,30.0,0.0,18.13218304983552,41.80376391208193,16.0,30.0,0.0,17.8579677491904,42.3911214354853,22.0,30.0,0.0,18.028485802672884,41.513832189988729,16.0,30.0,0.0,16.365954623383126,43.86645466412003,12.0,30.0,0.0,17.98854147447391,40.1794160802238,16.0,30.0,0.0,16.761677035265394,43.490457710621679,10.0,30.0,0.0,16.054349914512984,44.972228081119848,12.0,30.0,0.0,15.891653691339842,45.745882154917847,12.0,30.0,0.0,17.079528034909445,0.0,0.0,0.0,15.563744242547351,0.0,0.0,474.92142328595568,480.7710782275009,483.67471088340246,491.19168414765087,539.063229351369,523.4666420776529,521.2435662549511,532.8391944292889,525.8293732869927,0.0,80.60363911115049,80.60363911115049,60.0,0.0,60.0,60.0,16.0,16.0,16.0,12.0,12.0,12.0,21.0,10.0,0.0,0.0,0.0,0.0,0.0,0.0,0.0,0.0,0.0,0.0,0.0,0.0,0.0,80.60363911115049,80.60363911115049,0.0,0.0,0.0,80.60363911115049,0.0,0.0,0.00104 
 03/14  11:20:00,8.863333333333334,83.0,3.99,230.5,301.5,0.0,0.0,0.0,0.0,0.0,0.0,0.0,0.0,0.0,0.0,477.0,0.0,1083.2293096498816,86.4001400923975,221.3983557703025,32.480478704252188,864.5178505783811,0.0,86.40014009239747,118.11554191167342,0.0,0.0,18.009683649555595,-25.33884089314779,18.919030981334225,-293.4402202852798,18.073485309293539,-9.018114315184903,18.124337849705264,-174.6953507436042,16.324526666189784,3.1162674984984166,18.473912010824287,-184.18360822034175,16.68405879836307,46.40021105095366,15.999560683842514,-14.717327093254199,16.11451278773634,-69.99881188098061,335.83263372930016,299.1344962203193,0.0,0.0,0.0,0.0,0.0,0.0,0.0,0.0,0.0,0.0,0.0,0.0,0.0,0.0,0.0,0.0,0.0,0.0,0.0,0.0,0.0,0.0,0.7524251168853609,0.22967799660725303,150.84593462829558,181.8542771593076,2801.9068315957799,0.12487901113402068,0.01905967813400804,120.03140867470931,144.52361324901083,2304.1059340010699,0.7910556041207424,0.14948140667436558,202.57794739981106,244.17410081711405,3781.2170418859529,0.14771727481480796,0.02791331723635826,98.42815029659369,118.67461802341724,1814.3693644186,0.0,0.0,7.032131072556513,8.526661009426006,108.73196243273479,0.0,0.0,67.40282621373805,81.24444045349306,1268.805620711396,0.0,0.0,227.80563357199547,275.77024671668638,3714.58895585193,0.0,0.0,16.805758320757517,20.403554623827529,247.04434000447336,0.0,0.0,124.75713546128383,151.48839409218986,1820.6541457895212,30.348056636660027,20.814853660260657,201.66203984172516,243.8290246205737,3878.5900936116988,0.0,0.0,138.3325973572127,168.09215389877378,1963.7079544295485,0.0,17.92457454078241,42.192858706279157,22.0,30.0,0.0,18.275962258596615,41.51433136095229,16.0,30.0,0.0,17.980499766837448,42.03386823361176,22.0,30.0,0.0,17.885765687251849,42.40129165327788,16.0,30.0,0.0,16.385540271397905,44.026312950633457,12.0,30.0,0.0,18.079406734560189,40.033248323399849,16.0,30.0,0.0,16.80862869512228,43.7653575154121,10.0,30.0,0.0,16.00420116857155,45.32355079276324,12.0,30.0,0.0,15.951021240907549,45.65235041255271,12.0,30.0,0.0,17.043713545568897,0.0,0.0,0.0,15.738760993313063,0.0,0.0,484.16177641601407,478.9580653565562,483.95953968147958,481.8994870913212,533.7459682600157,520.9872357115118,513.9846822931593,528.2745076689856,524.4922147004204,0.0,80.60363911115049,80.60363911115049,60.0,0.0,60.0,60.0,16.0,16.0,16.0,12.0,12.0,12.0,21.0,10.0,0.0,0.0,0.0,0.0,0.0,0.0,0.0,0.0,0.0,0.0,0.0,0.0,0.0,80.60363911115049,80.60363911115049,0.0,0.0,0.0,80.60363911115049,0.0,0.0,0.0010433333333333335 
 03/14  11:30:00,9.18,81.0,4.095,225.0,341.0,0.0,0.0,0.0,0.0,0.0,0.0,0.0,0.0,0.0,0.0,477.0,0.0,1185.7228474164222,86.45538959580265,221.5400599473714,35.5537125655879,946.3170141612372,0.0,86.4553895958026,118.19107217155575,0.0,0.0,18.048380420275828,44.84721016430376,18.97546826969109,-461.9639217758113,18.00332586925913,-115.62231705805061,18.158532009796084,-26.30943562445509,16.33880659592753,3.472549821972109,18.60230032372945,-191.89482675443925,16.691441165576124,46.94888524758335,15.962167253643845,-8.590434701481968,16.156350662031448,-46.00970323788442,343.47953113701717,268.5747350766205,0.0,0.0,0.0,0.0,0.0,0.0,0.0,0.0,0.0,0.0,0.0,0.0,0.0,0.0,0.0,0.0,0.0,0.0,0.0,0.0,0.0,0.0,0.709007539801651,0.2164247679492219,200.13382503518973,241.13527119105079,3635.4121056543865,0.09077642269535702,0.013854765368644235,190.79628837126118,229.73210440759534,3520.0889748069505,0.7168887458084113,0.1354665052548019,91.14144077453055,109.8778026933593,1630.8098934667983,0.14850352012900437,0.02806188966912402,94.43540737869523,113.81403813110103,1699.662399274515,0.0,0.0,6.843428892023094,8.296081275763659,101.68137209596601,0.0,0.0,68.7583660133916,82.83519411539125,1264.3030764063429,0.0,0.0,227.3174905949911,275.1417633979978,3567.526116710736,0.0,0.0,18.121552886048293,22.001065470313248,253.33625269515097,0.0,0.0,124.19266605822428,150.74831731005339,1749.3488570288008,30.308469189246556,20.787701775889276,217.6268524809651,263.0271827222083,4029.4480259248127,0.0,0.0,139.46281730529376,169.3432475885412,1934.4440586033639,0.0,18.05887997435724,41.97154605678823,22.0,30.0,0.0,18.230920758321344,41.874227271028839,16.0,30.0,0.0,17.883203879785986,42.531351098655189,22.0,30.0,0.0,17.992714095976905,41.898876422779199,16.0,30.0,0.0,16.408716593023969,44.218398019590548,12.0,30.0,0.0,18.18579727597961,40.10198883231414,16.0,30.0,0.0,16.827486438608177,43.636472108861557,10.0,30.0,0.0,15.969722540034367,45.60051949879078,12.0,30.0,0.0,16.022560425869214,45.60498462215636,12.0,30.0,0.0,17.136076830802894,0.0,0.0,0.0,15.901593011117452,0.0,0.0,481.3383764280361,475.50624311115208,480.5056821982413,486.1331396154227,528.1452375534241,514.2391725816511,515.2111190912616,524.2369299021527,520.9142391890056,0.0,80.60363911115049,80.60363911115049,60.0,0.0,60.0,60.0,16.0,16.0,16.0,12.0,12.0,12.0,21.0,10.0,0.0,0.0,0.0,0.0,0.0,0.0,0.0,0.0,0.0,0.0,0.0,0.0,0.0,80.60363911115049,80.60363911115049,0.0,0.0,0.0,80.60363911115049,0.0,0.0,0.0010466666666666667 
 03/14  11:40:00,9.496666666666668,79.0,4.2,212.16666666666667,396.16666666666665,0.0,0.0,0.0,0.0,0.0,0.0,0.0,0.0,0.0,0.0,477.0,0.0,1307.8412434144476,85.02045094199659,217.8632510925275,39.21538897640472,1043.7785758465889,0.0,85.02045094199655,116.22940224228184,0.0,0.0,18.014106675276048,12.527303075055898,19.12489600635503,-375.3985911408399,18.021730921071425,-0.454474730309812,18.124980664557137,-119.39227038590298,16.35828233433306,3.8148395897276545,18.74580851347089,-213.34614406923675,16.732621845649548,69.56475125367888,15.93306283578659,-1.8971353777207015,16.202582945058376,-24.656471343065279,302.59551736171309,226.32370583282774,0.0,0.0,0.0,0.0,0.0,0.0,0.0,0.0,0.0,0.0,0.0,0.0,0.0,0.0,0.0,0.0,0.0,0.0,0.0,0.0,0.0,0.0,0.6486065193085696,0.19798733800627889,161.4910338976085,194.57235386910936,2819.933680700126,0.09342076095342848,0.014258357898874922,149.08536966418274,179.4091496832246,2695.517123885502,0.7181112213799465,0.13569750970898468,183.41323456858073,221.0396481536992,3183.4555468955315,0.13899462167925973,0.026265045668794345,67.21476637110385,81.01227258973649,1158.4776846590995,0.0,0.0,7.128377153132822,8.639620576605744,101.69149192983945,0.0,0.0,71.2810037618286,85.83490258572863,1279.952776349792,0.0,0.0,226.77783300477638,274.3714850462733,3450.682628040632,0.0,0.0,19.95257019466939,24.222376782562468,265.07214074207817,0.0,0.0,118.4592915041079,143.72939971329968,1609.801551794853,30.303822065424755,20.784514448165134,182.395353142908,220.4664178727528,3291.620013961751,0.0,0.0,134.5121834256174,163.2391564790859,1816.341840397573,0.0,18.02750619333723,42.24435801793354,22.0,30.0,0.0,18.37011298680083,41.48160902983554,16.0,30.0,0.0,17.975556920629605,42.05302802347373,22.0,30.0,0.0,17.93045126133517,42.40587794412089,16.0,30.0,0.0,16.437509733602807,44.31963537327266,12.0,30.0,0.0,18.294827879206389,39.82137765219957,16.0,30.0,0.0,16.913420430851749,43.63065531665805,10.0,30.0,0.0,15.94791848133599,45.9940953902297,12.0,30.0,0.0,16.099660879655305,45.72186882386389,12.0,30.0,0.0,17.07182494281307,0.0,0.0,0.0,16.043038396526354,0.0,0.0,478.8712981291108,475.6786948381609,484.08016264799877,480.32335308182396,524.1098254546241,514.2460796099182,510.45676963788289,518.1449867568209,514.9575667639595,0.0,80.60363911115049,80.60363911115049,60.0,0.0,60.0,60.0,16.0,16.0,16.0,12.0,12.0,12.0,21.0,10.0,0.0,0.0,0.0,0.0,0.0,0.0,0.0,0.0,0.0,0.0,0.0,0.0,0.0,80.60363911115049,80.60363911115049,0.0,0.0,0.0,80.60363911115049,0.0,0.0,0.00105 
 03/14  11:50:00,9.813333333333335,77.0,4.305,199.33333333333335,451.3333333333333,0.0,0.0,0.0,0.0,0.0,0.0,0.0,0.0,0.0,0.0,477.0,0.0,1497.978273093372,84.35253359819636,216.15189108998457,44.91656829235451,1195.5250544862648,0.0,84.35253359819632,115.31630859531782,0.0,0.0,18.04314625986285,58.41485772499982,19.245706848715736,-523.077065987156,18.014254988136107,-15.181460800443802,18.15325052368758,-26.149298021400229,16.38903214353313,4.338437017290033,18.935000124986638,-221.81543107545259,16.756318712265899,70.84238110989281,15.91140906175747,4.736508402354389,16.249422726975199,-9.89079605883262,293.04642559006336,203.45088478554499,0.0,0.0,0.0,0.0,0.0,0.0,0.0,0.0,0.0,0.0,0.0,0.0,0.0,0.0,0.0,0.0,0.0,0.0,0.0,0.0,0.0,0.0,0.6098374190574346,0.18615305832034025,201.3403404812037,242.47976767673607,3421.4696862514945,0.06029134576448446,0.00920197584928029,196.9665069686263,236.99475892683987,3434.758515706728,0.6719313810146853,0.12697116043361407,99.96309484214602,120.44538720470716,1678.9583831341384,0.13575292989484473,0.025652481083681915,64.87814516767725,78.17256185676323,1086.516723727675,0.0,0.0,7.01915549480978,8.504990990851127,96.15941507692217,0.0,0.0,71.95462368022136,86.59106643121094,1266.5637135980224,0.0,0.0,226.42005711507628,273.86499929192868,3317.5495912226567,0.0,0.0,21.562983116586769,26.175767390086926,271.91356673447367,0.0,0.0,118.36070011803357,143.56054625675706,1549.0325323242958,30.29158684250614,20.776122662898595,165.27097155279288,199.72482904453094,2914.345186354682,0.0,0.0,135.4308816713768,164.23462708119863,1787.8606822553532,0.0,18.126973476934127,42.00655138596336,22.0,30.0,0.0,18.375115223447425,41.670029606433917,16.0,30.0,0.0,17.996432211075324,42.22822629492876,22.0,30.0,0.0,18.01086486604982,41.88722960874447,16.0,30.0,0.0,16.4793690933246,44.38557146234425,12.0,30.0,0.0,18.44259984064606,39.65294161158457,16.0,30.0,0.0,16.956033374419957,43.69967651136137,10.0,30.0,0.0,15.936012767251225,46.1295735096644,12.0,30.0,0.0,16.173745787658633,45.510115270516397,12.0,30.0,0.0,17.109778115294174,0.0,0.0,0.0,16.216947177490238,0.0,0.0,477.92874493334707,472.03687239317147,480.7360740976495,485.74950792134737,520.1491693221676,509.7762949322297,507.24935939416147,516.1607359527484,514.7018466439694,0.0,80.60363911115049,80.60363911115049,60.0,0.0,60.0,60.0,16.0,16.0,16.0,12.0,12.0,12.0,21.0,10.0,0.0,0.0,0.0,0.0,0.0,0.0,0.0,0.0,0.0,0.0,0.0,0.0,0.0,80.60363911115049,80.60363911115049,0.0,0.0,0.0,80.60363911115049,0.0,0.0,0.0010333333333333332 
 03/14  12:00:00,10.13,75.0,4.41,186.5,506.5,0.0,0.0,0.0,0.0,0.0,0.0,0.0,0.0,0.0,0.0,477.0,0.0,1637.5012235830023,82.73647958408265,212.01098271116917,49.10011087231756,1306.8769955217377,0.0,82.7364795840826,113.10704023728685,0.0,0.0,18.03311150338466,46.57627727821,19.414009119012517,-494.65094709637835,18.00997475754967,0.5943828446161206,18.178428259944213,-22.864584533885649,16.42229576311398,4.713075146231262,19.12573246905356,-246.53498121180565,16.80012327267296,88.05472298716359,15.897510325649309,13.196966991899672,16.29924360174303,9.574777301149425,267.90952638054207,170.10432672135449,0.0,0.0,0.0,0.0,0.0,0.0,0.0,0.0,0.0,0.0,0.0,0.0,0.0,0.0,0.0,0.0,0.0,0.0,0.0,0.0,0.0,0.0,0.5531870954063471,0.16886052973331723,179.84689050415313,216.56137436740816,2942.815182570968,0.05947829147110546,0.009077883313660785,174.9489541449111,210.39657347729966,2980.2823852591707,0.6380745416168042,0.12057342056251029,116.76125564587982,140.6590622733179,1888.9988490667229,0.13128359851299194,0.024807936226944804,10.347041592959818,12.464329392141896,169.45677329730916,0.0,0.0,7.215699101394502,8.74069385659623,94.82495658765417,0.0,0.0,74.50796817679891,89.606564471971,1285.6441875122128,0.0,0.0,228.1995983419879,275.9113847955213,3232.9801139917465,0.0,0.0,22.864060853960305,27.751887338002996,273.4239862885137,0.0,0.0,116.40125764122344,141.12806801529278,1466.0704245918924,30.32573250276591,20.799542182967025,143.14923425568683,172.98044022643837,2469.5854059643027,0.0,0.0,134.18606026880139,162.614543506767,1727.5694312442054,0.0,18.135524793832564,42.16775069030346,22.0,30.0,0.0,18.49772996905328,41.34037520956054,16.0,30.0,0.0,18.02338736261893,42.20069270879513,22.0,30.0,0.0,18.064760479442506,41.582528626284219,16.0,30.0,0.0,16.525127905456875,44.44786765370485,12.0,30.0,0.0,18.593741904142577,39.43988232482107,16.0,30.0,0.0,17.038167765855098,43.55117319014701,10.0,30.0,0.0,15.935696575531264,46.316498031010208,12.0,30.0,0.0,16.252452190760047,45.48736524407743,12.0,30.0,0.0,17.100829330069489,0.0,0.0,0.0,16.37821096989523,0.0,0.0,474.6710135280315,471.5159136577961,479.48959234648319,489.29491195622429,516.28134869637,506.6297860982551,505.47695869478118,512.544320562669,510.7046603897918,0.0,80.60363911115049,80.60363911115049,60.0,0.0,60.0,60.0,16.0,16.0,16.0,12.0,12.0,12.0,21.0,10.0,0.0,0.0,0.0,0.0,0.0,0.0,0.0,0.0,0.0,0.0,0.0,0.0,0.0,80.60363911115049,80.60363911115049,0.0,0.0,0.0,80.60363911115049,0.0,0.0,0.0010166666666666666 
 03/14  12:10:00,10.486666666666669,73.16666666666667,4.543333333333334,173.66666666666667,561.6666666666667,0.0,0.0,0.0,0.0,0.0,0.0,0.0,0.0,0.0,0.0,477.0,0.0,1781.2984516924394,81.03107778539426,207.6411227861005,53.41181499576051,1421.6401855380182,0.0,81.03107778539422,110.775626683862,0.0,0.0,18.059686325400067,77.7422333573686,19.55784581589875,-600.0188185766083,17.99888682164253,0.7173370761902334,18.196226423364853,-21.122603570344155,16.460217771748828,5.293767833697018,19.33210548919306,-264.829481625427,16.839844733558246,95.64215933925334,15.890018971737114,21.45607079948354,16.350695533381459,26.234395461377063,286.1544295357244,145.44513468150218,0.0,0.0,0.0,0.0,0.0,0.0,0.0,0.0,0.0,0.0,0.0,0.0,0.0,0.0,0.0,0.0,0.0,0.0,0.0,0.0,0.0,0.0,0.5019630790115596,0.15322438309266166,207.72731677196658,250.02550095870988,3278.4703044893797,0.023672331315833279,0.003612993180072234,204.36212963414466,245.6919825208797,3350.199039600869,0.5962378238404857,0.11266776716562471,117.16905623697095,141.11959965042827,1811.175098255305,0.12078069168148927,0.022823259954929937,9.886165989564175,11.905974765387592,155.3094791212585,0.0,0.0,7.213613109826319,8.735065014771804,90.24723595342894,0.0,0.0,76.62199181197316,92.08037719425981,1291.738690813083,0.0,0.0,229.0863046470411,276.8678785814659,3109.0258050585705,0.0,0.0,24.079700035470589,29.221121776935627,270.6973358106103,0.0,0.0,115.8277290121971,140.36849717205608,1392.3684722311505,30.42624652189349,20.868481839433128,172.5004874688606,208.31270406727075,2799.1873178866119,0.0,0.0,134.3949996884974,162.74199662252534,1679.0457334475573,0.0,18.21653489570485,41.96660931092255,22.0,30.0,0.0,18.543321426219025,41.25958218447724,16.0,30.0,0.0,18.03251936847971,42.35015451104113,22.0,30.0,0.0,18.103589484441178,41.39560944145679,16.0,30.0,0.0,16.57574905450813,44.46350400518486,12.0,30.0,0.0,18.761390385250335,39.11974377957816,16.0,30.0,0.0,17.105861216731296,43.538048605164728,10.0,30.0,0.0,15.94395409977029,46.490728427545857,12.0,30.0,0.0,16.33159623833321,45.43878474679463,12.0,30.0,0.0,17.245691433466548,0.0,0.0,0.0,16.553496765523318,0.0,0.0,473.64348102864059,470.148597085983,476.33230575913708,491.03627843244188,513.0018187042766,504.38402097322958,502.136699814133,509.04929056644297,507.5484183093594,0.0,80.60363911115049,80.60363911115049,60.0,0.0,60.0,60.0,16.0,16.0,16.0,12.0,12.0,12.0,21.0,10.0,0.0,0.0,0.0,0.0,0.0,0.0,0.0,0.0,0.0,0.0,0.0,0.0,0.0,80.60363911115049,80.60363911115049,0.0,0.0,0.0,80.60363911115049,0.0,0.0,0.001 
 03/14  12:20:00,10.843333333333334,71.33333333333334,4.676666666666667,160.83333333333335,616.8333333333334,0.0,0.0,0.0,0.0,0.0,0.0,0.0,0.0,0.0,0.0,477.0,0.0,1958.4188647529516,81.6906636641652,209.33140650016584,58.72269665367022,1562.9982330883179,0.0,81.69066366416516,111.67733058648303,0.0,0.0,18.068416442587645,78.24117378346,19.766953575897504,-583.5569104194656,17.997823022520359,19.33733299825053,18.210092822027226,-23.01840041126809,16.505815115161434,5.760093829184854,19.561338820538855,-290.67444085738137,16.891091014262338,109.99671492027119,15.89019983637252,30.577380779553438,16.40630899625716,44.121434620019957,266.1566376181063,117.93396433640555,0.0,0.0,0.0,0.0,0.0,0.0,0.0,0.0,0.0,0.0,0.0,0.0,0.0,0.0,0.0,0.0,0.0,0.0,0.0,0.0,0.0,0.0,0.4291694177479285,0.13100409577165096,200.5669354857514,241.33941935120294,3032.266243882193,0.0,0.0,197.48753423571677,237.2652233948132,3153.883717214185,0.5702549722242252,0.10775793125930185,147.59984968603403,177.72877926878994,2178.53555725589,0.1146718890295256,0.021668913270885407,21.609547670559459,26.01734223706932,322.44873468746496,0.0,0.0,7.3533616420143999,8.90086493357631,87.48258739872033,0.0,0.0,78.91376103357327,94.75875238105394,1301.095234274235,0.0,0.0,230.79302239675548,278.7976892872326,3004.065634447558,0.0,0.0,25.185392978292215,30.555724586751766,265.55650028259717,0.0,0.0,114.71719737703086,138.9593134128141,1314.0681207953535,30.534284591766207,20.942582024531015,165.43368114505538,199.7258771611485,2571.1201188411675,0.0,0.0,133.9493523326281,162.07737128590697,1621.2151815814582,0.0,18.251850473121679,41.91436967351364,22.0,30.0,0.0,18.698066387109589,40.86586137221449,16.0,30.0,0.0,18.058810064470184,42.25675497857442,22.0,30.0,0.0,18.129383297421567,41.50572616774929,16.0,30.0,0.0,16.63467587908642,44.45959421780131,12.0,30.0,0.0,18.941655460991865,38.824644199654077,16.0,30.0,0.0,17.19374824412507,43.41502538339122,10.0,30.0,0.0,15.961677534577606,46.56469045017771,12.0,30.0,0.0,16.414378247873743,45.30373649445784,12.0,30.0,0.0,17.274000349956166,0.0,0.0,0.0,16.723943626398577,0.0,0.0,472.25076070460787,469.89951054838749,476.08491812848578,487.6337552129585,509.7251997848908,501.2337874194754,499.6649096441482,506.60961063582848,505.4125052728906,0.0,80.60363911115049,80.60363911115049,60.0,0.0,60.0,60.0,16.0,16.0,16.0,12.0,12.0,12.0,21.0,10.0,0.0,0.0,0.0,0.0,0.0,0.0,0.0,0.0,0.0,0.0,0.0,0.0,0.0,80.60363911115049,80.60363911115049,0.0,0.0,0.0,80.60363911115049,0.0,0.0,0.0009766666666666668 
 03/14  12:30:00,11.2,69.5,4.8100000000000009,148.0,672.0,0.0,0.0,0.0,0.0,0.0,0.0,0.0,0.0,0.0,0.0,477.0,0.0,2113.4188120061596,79.4838691822967,203.67674614708518,63.370306966537487,1686.7021732541094,0.0,79.48386918229666,108.66047522218801,0.0,0.0,18.118870089254587,113.0513596599576,19.94371594273636,-695.2428278439402,17.996118388437915,26.13081203436832,18.21493466320996,-27.19895965577132,16.555298677517095,6.300874319687779,19.79981912609181,-314.9196380514586,16.94318250599295,119.38152238488329,15.89539706966433,39.63227773951064,16.46308455016778,61.17433081149056,281.06772315082346,95.30097330299305,0.0,0.0,0.0,0.0,0.0,0.0,0.0,0.0,0.0,0.0,0.0,0.0,0.0,0.0,0.0,0.0,0.0,0.0,0.0,0.0,0.0,0.0,0.3726972940908529,0.11376596278719564,230.0972108601681,276.71948303048398,3362.1706764485036,0.0,0.0,228.7232318001161,274.67929678017569,3518.6330009745399,0.5383497517295469,0.10172897802901496,163.60884006422507,196.9602878921195,2301.0564435956137,0.10836317097110894,0.020476789677080295,21.931491878532037,26.39913889060494,311.60354536939419,0.0,0.0,7.362875156194649,8.908831548533812,83.14714480567828,0.0,0.0,81.42664603384552,97.69454603045797,1314.3881100294446,0.0,0.0,232.88810805357668,281.19856961524718,2900.8207172973595,0.0,0.0,26.199838621991959,31.77802265047733,258.3520814901357,0.0,0.0,115.08563276912737,139.33978360620896,1253.553650121724,30.668742496322407,21.03480280954898,200.80786850089377,242.27717637029623,2934.7821226604426,0.0,0.0,135.00857659116114,163.2308397477459,1583.1980712804885,0.0,18.367835475792974,41.635133167991067,22.0,30.0,0.0,18.769234354205606,40.763485802272807,16.0,30.0,0.0,18.08086010791476,42.21606427406664,22.0,30.0,0.0,18.14129332281256,41.61332204563753,16.0,30.0,0.0,16.698143515057319,44.43215636521893,12.0,30.0,0.0,19.13454480343522,38.471743374752197,16.0,30.0,0.0,17.278750594986638,43.27765354230231,10.0,30.0,0.0,15.986399615357565,46.65738571292248,12.0,30.0,0.0,16.498743440213436,45.223482181226888,12.0,30.0,0.0,17.418472214017446,0.0,0.0,0.0,16.900910681492318,0.0,0.0,471.5644455803858,468.0441286551982,475.2526657038101,484.59221679757629,506.66771428525336,498.6199869492441,497.5715599181011,503.5593994228566,502.3463464854274,0.0,80.60363911115049,80.60363911115049,60.0,0.0,60.0,60.0,16.0,16.0,16.0,12.0,12.0,12.0,21.0,10.0,0.0,0.0,0.0,0.0,0.0,0.0,0.0,0.0,0.0,0.0,0.0,0.0,0.0,80.60363911115049,80.60363911115049,0.0,0.0,0.0,80.60363911115049,0.0,0.0,0.0009533333333333333 
 03/14  12:40:00,11.556666666666667,67.66666666666667,4.943333333333333,141.83333333333335,686.5,0.0,0.0,0.0,0.0,0.0,0.0,0.0,0.0,0.0,0.0,477.0,0.0,2184.5634375115234,77.89953003444474,199.6169689690208,65.50354151219466,1743.4819142008506,0.0,77.8995300344447,106.49456349079165,0.0,0.0,18.146205628381673,113.41936875235115,20.13199485222551,-676.4383864040083,18.011054724334366,53.375775355798399,18.222196038331235,-20.308436337989748,16.601291805520114,7.079548995004586,20.00945645760276,-340.6821156879637,17.00845336984494,134.8535913336873,15.906393931707444,49.304724313552927,16.522715285860025,78.59427089849942,255.9988334945092,72.95630132399129,0.0,0.0,0.0,0.0,0.0,0.0,0.0,0.0,0.0,0.0,0.0,0.0,0.0,0.0,0.0,0.0,0.0,0.0,0.0,0.0,0.0,0.0,0.27255883960130336,0.08319866898696683,222.26996303001637,267.20853312520327,3110.224423928472,0.0,0.0,221.15613281152145,265.4129763151547,3309.151325325017,0.5307124724085136,0.10028580355414094,182.5529830707333,219.68968598549353,2452.3223042554229,0.10820130018877046,0.02044620184972986,25.171967979972377,30.292869699100849,339.8610280240978,0.0,0.0,7.543320665393997,9.123692533405024,80.56266970907055,0.0,0.0,83.88909256275912,100.57003080372304,1322.9752454200507,0.0,0.0,235.9022321673175,284.682674979026,2816.9546673917477,0.0,0.0,27.24861814238351,33.04059099335203,250.48834305170184,0.0,0.0,114.8610403090578,139.00186232241294,1187.156053211513,30.813671791791657,21.1342056185128,188.73585559103516,227.66466216263897,2631.6337263471739,0.0,0.0,135.43611816044,163.62311099650294,1535.8389155600956,0.0,18.425813532917,41.56053202863138,22.0,30.0,0.0,18.923754406619996,40.34195536936798,16.0,30.0,0.0,18.133386525478544,42.159058561855918,22.0,30.0,0.0,18.158226976744339,41.65388294545873,16.0,30.0,0.0,16.757133697707248,44.404533531483917,12.0,30.0,0.0,19.314037894242614,38.13288139094671,16.0,30.0,0.0,17.386384172716526,43.105819057617747,10.0,30.0,0.0,16.018455108290984,46.706197961060997,12.0,30.0,0.0,16.585716252618373,45.10050836175036,12.0,30.0,0.0,17.437345720704334,0.0,0.0,0.0,17.072534073929466,0.0,0.0,469.7970614335262,467.95553875032086,473.367747462985,482.622298642015,503.8390909861726,496.4350562175231,495.0685659836901,500.82902936455346,499.82343784952936,0.0,80.60363911115049,80.60363911115049,60.0,0.0,60.0,60.0,16.0,16.0,16.0,12.0,12.0,12.0,21.0,10.0,0.0,0.0,0.0,0.0,0.0,0.0,0.0,0.0,0.0,0.0,0.0,0.0,0.0,80.60363911115049,80.60363911115049,0.0,0.0,0.0,80.60363911115049,0.0,0.0,0.00093 
 03/14  12:50:00,11.913333333333333,65.83333333333333,5.076666666666666,135.66666666666667,701.0,0.0,0.0,0.0,0.0,0.0,0.0,0.0,0.0,0.0,0.0,477.0,0.0,2252.6433812268844,76.26494886274327,195.4284431553532,67.54488226929164,1797.8157566005935,0.0,76.26494886274323,104.25996710370632,0.0,0.0,18.206670013538586,143.6662607027938,20.277661347529198,-768.4099818967989,18.021633616751886,61.710077959937738,18.23033196174003,-16.003129411367355,16.6475111394846,8.012414553232702,20.214117365024426,-358.69013628022869,17.067763450294753,142.5044358735795,15.922211199489276,58.733115365726238,16.585117137118148,96.10994256947788,264.23087192823916,60.77379097811536,0.0,0.0,0.0,0.0,0.0,0.0,0.0,0.0,0.0,0.0,0.0,0.0,0.0,0.0,0.0,0.0,0.0,0.0,0.0,0.0,0.0,0.0,0.199880410280292,0.061013556251615388,243.46070276549953,292.5177565696978,3287.340356070903,0.0,0.0,243.7603595722308,292.4324955470996,3502.218874321159,0.4912338960022284,0.09282575510246194,174.16582804413353,209.53290123154663,2225.332632880885,0.10777704648308578,0.02036603297110464,12.85773842309458,15.470375469363049,165.31007845467043,0.0,0.0,7.570193147455764,9.152776176387928,76.18760311092653,0.0,0.0,85.70232158703627,102.66355614981826,1319.4842323384917,0.0,0.0,238.90609656634752,288.1684374102874,2722.004104781767,0.0,0.0,28.189752992092037,34.171438828975897,240.6358248440391,0.0,0.0,116.55525481397952,140.9843227754565,1140.5139777133903,30.981445481704875,21.249276736423103,211.2170161811147,254.6320409389898,2787.450720987931,0.0,0.0,137.8341949398666,166.400647877781,1506.0495240309445,0.0,18.548063923853829,41.228712677894119,22.0,30.0,0.0,18.989758922617165,40.144415010201829,16.0,30.0,0.0,18.17079772454284,42.17333340053598,22.0,30.0,0.0,18.175348488648127,41.56451057585018,16.0,30.0,0.0,16.81437476211598,44.37635469461586,12.0,30.0,0.0,19.49175631844057,37.81656513573199,16.0,30.0,0.0,17.4773017806812,42.95703840886115,10.0,30.0,0.0,16.05614354204917,46.711564966295387,12.0,30.0,0.0,16.675609123351465,44.94994814145526,12.0,30.0,0.0,17.563255098230444,0.0,0.0,0.0,17.230534991331355,0.0,0.0,469.40383279235166,467.8689585602972,470.8387893479724,483.3318053448553,501.1341706939902,493.9607226445931,492.95740364485615,498.50359331889987,497.61767163348437,0.0,80.60363911115049,80.60363911115049,60.0,0.0,60.0,60.0,16.0,16.0,16.0,12.0,12.0,12.0,21.0,10.0,0.0,0.0,0.0,0.0,0.0,0.0,0.0,0.0,0.0,0.0,0.0,0.0,0.0,80.60363911115049,80.60363911115049,0.0,0.0,0.0,80.60363911115049,0.0,0.0,0.0009166666666666667 
 03/14  13:00:00,12.27,64.0,5.21,129.5,715.5,0.0,0.0,0.0,0.0,0.0,0.0,0.0,0.0,0.0,0.0,477.0,0.0,2317.4143975104555,74.5736142925718,191.0944833505673,69.48700561337826,1849.50877019875,0.0,74.57361429257176,101.94778451816758,0.0,0.0,18.228464770294143,133.0832621678619,20.459774190673185,-742.8415058569954,18.049356127118494,93.76576982362713,18.236047107175268,-17.380570082872056,16.694612895175358,8.916408484175179,20.412692155152678,-380.9004349558113,17.137198342854604,156.17051617444487,15.941362914513473,67.63830822265448,16.647835485574775,109.87593926233376,242.69268832906074,46.58759080743221,0.0,0.0,0.0,0.0,0.0,0.0,0.0,0.0,0.0,0.0,0.0,0.0,0.0,0.0,0.0,0.0,0.0,0.0,0.0,0.0,0.0,0.0,0.05265107265612136,0.016071756000037048,238.76964577113177,286.80564575676638,3065.0106845475449,0.0,0.0,231.5372542007519,277.57819622175017,3229.294895947251,0.5002581709619941,0.09453102247959076,199.20088313057745,239.55948222668884,2426.429593261178,0.10744821863002445,0.02030389618859116,82.18376098501858,98.85512307921694,991.1910410152585,0.0,0.0,7.75329640320804,9.370684806513549,73.2512453392671,0.0,0.0,87.5574232177444,104.80757044595052,1313.8066156192995,0.0,0.0,241.71983982013348,291.404912995552,2630.1800034303084,0.0,0.0,29.11009393700396,35.27597429605718,229.56451410321064,0.0,0.0,116.64376576518463,141.02415993842363,1076.7412080818688,31.15558630941758,21.368714889861175,206.26883634645564,248.60820552659963,2574.7328774858494,0.0,0.0,138.51582192020013,167.11094041024874,1453.0025903855045,0.0,18.582875456767434,41.11151340551811,22.0,30.0,0.0,19.1439794910883,39.79533243106344,16.0,30.0,0.0,18.239433345707924,41.98499660116745,22.0,30.0,0.0,18.18658115372833,41.98840700480171,16.0,30.0,0.0,16.87113087435315,44.342952534581957,12.0,30.0,0.0,19.660757909018565,37.500626571574077,16.0,30.0,0.0,17.585494826792134,42.75080741432454,10.0,30.0,0.0,16.096719934229438,46.719624943634958,12.0,30.0,0.0,16.763388164805045,44.82113997099367,12.0,30.0,0.0,17.5954772908057,0.0,0.0,0.0,17.376621911523999,0.0,0.0,469.2400793293458,466.58913115039396,470.29279981457298,473.6424241359859,498.5546994594209,491.9588845022789,490.9507277030661,496.02785767154907,495.1956217046521,0.0,80.60363911115049,80.60363911115049,60.0,0.0,60.0,60.0,16.0,16.0,16.0,12.0,12.0,12.0,21.0,10.0,0.0,0.0,0.0,0.0,0.0,0.0,0.0,0.0,0.0,0.0,0.0,0.0,0.0,80.60363911115049,80.60363911115049,0.0,0.0,0.0,80.60363911115049,0.0,0.0,0.0009033333333333332 
 03/14  13:10:00,12.489999999999999,63.66666666666667,5.288333333333333,123.33333333333334,730.0,0.0,0.0,0.0,0.0,0.0,0.0,0.0,0.0,0.0,0.0,477.0,0.0,2378.6433428797329,72.81894213688324,186.59821763558649,71.3229208144819,1898.3748852735269,0.0,72.81894213688321,99.5490146513035,0.0,0.0,18.306651785459239,174.3221197210314,20.593354095349086,-844.592439463755,18.06298347487793,91.18941398982679,18.24794129232888,-7.064644011942619,16.74305171099548,9.75829028678379,20.610136462101666,-397.15861409317679,17.197894787308415,161.32333894614568,15.963040040387412,75.63190054150982,16.711079370516729,123.22136897017981,254.38903830294295,38.371441756696189,0.0,0.0,0.0,0.0,0.0,0.0,0.0,0.0,0.0,0.0,0.0,0.0,0.0,0.0,0.0,0.0,0.0,0.0,0.0,0.0,0.0,0.0,0.007365238914143512,0.002248241426783734,258.79770607916597,310.6607461537084,3282.2288267126275,0.0,0.0,260.74678685041757,312.51185464723116,3544.8759297953117,0.4714402337974196,0.0890854561219614,193.33104409415203,232.4440742702564,2280.9636541723796,0.10481751859027026,0.019806787337541617,97.56069145387525,117.3255295322284,1137.0032102375092,0.0,0.0,7.718543019059973,9.325433285688119,70.33114451571942,0.0,0.0,89.16195584692594,106.65048853126196,1327.937320057579,0.0,0.0,243.6696474198144,293.6254117162242,2584.278771173048,0.0,0.0,29.81447807505242,36.11891542208812,224.16573147719698,0.0,0.0,118.07904071739033,142.69539379135734,1057.392159083041,31.23659998975625,21.424279828365063,227.9182441306006,274.54696610838166,2753.541163325552,0.0,0.0,140.51832764540513,169.41945826116763,1450.598303471254,0.0,18.732246438936327,40.77365693657142,22.0,30.0,0.0,19.1923534133308,39.560250033402628,16.0,30.0,0.0,18.273680700266458,41.873233690337759,22.0,30.0,0.0,18.20963565983075,41.983115314544267,16.0,30.0,0.0,16.928273826828428,44.29731218402687,12.0,30.0,0.0,19.830853186707466,37.18765695942475,16.0,30.0,0.0,17.67260938063904,42.58665888084002,10.0,30.0,0.0,16.13843066046105,46.711161260521,12.0,30.0,0.0,16.85022343436186,44.67919716781584,12.0,30.0,0.0,17.710591723784576,0.0,0.0,0.0,17.518065294277635,0.0,0.0,467.8143013767482,468.42412985999058,470.0624162124752,471.88931575679308,496.1716183025967,489.82803794263938,489.29867130265668,493.7816542761185,493.0485539408034,0.0,80.60363911115049,80.60363911115049,60.0,0.0,60.0,60.0,16.0,16.0,16.0,12.0,12.0,12.0,21.0,10.0,0.0,0.0,0.0,0.0,0.0,0.0,0.0,0.0,0.0,0.0,0.0,0.0,0.0,80.60363911115049,80.60363911115049,0.0,0.0,0.0,80.60363911115049,0.0,0.0,0.0008900000000000001 
 03/14  13:20:00,12.71,63.333333333333339,5.366666666666667,117.16666666666666,744.5,0.0,0.0,0.0,0.0,0.0,0.0,0.0,0.0,0.0,0.0,477.0,0.0,2436.1069600536004,70.9943445760747,181.9227647983409,73.04593357740274,1944.2359221950783,0.0,70.99434457607465,97.054651454263,0.0,0.0,18.30265938673694,140.0248019524879,20.780403482381915,-793.4772770425479,18.10326179998686,132.77240223505943,18.260080706877269,-4.036043945068741,16.79315717502574,10.685982643702403,20.801882464577206,-419.3266462404463,17.27258287113351,175.3515864680303,15.987470039329282,83.86716214649198,16.773737679369938,134.35701078793728,237.51094057499359,28.038814418624498,0.0,0.0,0.0,0.0,0.0,0.0,0.0,0.0,0.0,0.0,0.0,0.0,0.0,0.0,0.0,0.0,0.0,0.0,0.0,0.0,0.0,0.0,0.0,0.0,260.00208147802166,312.102207774015,3166.4265986598136,0.0,0.0,236.53879079869135,283.28345278501828,3190.807250499969,0.505240414051745,0.09547248942776743,220.47784379014238,264.9673581582866,2539.758305491492,0.11332452525658038,0.021414309383329619,104.86063038551761,126.07934130309207,1179.344819203596,0.0,0.0,7.957037952023168,9.610215814465392,69.85081703262689,0.0,0.0,90.76412132856287,108.49188885310963,1340.1090033299896,0.0,0.0,246.7037072518796,297.12215647398866,2561.280664806665,0.0,0.0,30.660754243554437,37.13298058154506,219.42123615583629,0.0,0.0,118.04324563202415,142.58993734089925,1023.8230103388016,31.34470737867381,21.49842755738945,228.28769131424748,274.93105165519156,2654.1207287295349,0.0,0.0,141.01020828432116,169.91355413877114,1428.2672660765452,0.0,18.704369380642384,40.75120046325233,22.0,30.0,0.0,19.36505467871967,39.30236588457275,16.0,30.0,0.0,18.360105582284999,41.69647977336947,22.0,30.0,0.0,18.23058673139727,41.91476821521964,16.0,30.0,0.0,16.98645743667375,44.23871736756798,12.0,30.0,0.0,19.992124273177777,36.86799157716148,16.0,30.0,0.0,17.78548040678726,42.37772796003625,10.0,30.0,0.0,16.182578204239687,46.68177541840108,12.0,30.0,0.0,16.934165216681217,44.53274324713233,12.0,30.0,0.0,17.734124944605406,0.0,0.0,0.0,17.64554263504394,0.0,0.0,469.21338885195038,465.42404914310807,468.57976350507826,471.5244122488221,493.95478896162379,488.39997072956006,487.1570421640588,491.68580976715176,491.0578888076246,0.0,80.60363911115049,80.60363911115049,60.0,0.0,60.0,60.0,16.0,16.0,16.0,12.0,12.0,12.0,21.0,10.0,0.0,0.0,0.0,0.0,0.0,0.0,0.0,0.0,0.0,0.0,0.0,0.0,0.0,80.60363911115049,80.60363911115049,0.0,0.0,0.0,80.60363911115049,0.0,0.0,0.0009233333333333333 
 03/14  13:30:00,12.93,63.0,5.445,111.0,759.0,0.0,0.0,0.0,0.0,0.0,0.0,0.0,0.0,0.0,0.0,477.0,0.0,2489.5892366739997,69.09329414250213,177.05139829149585,74.64956684452084,1986.9194834521689,0.0,69.09329414250209,94.45577138389835,0.0,0.0,18.416387527913757,210.70464970082686,20.887010081190775,-938.0149403612777,18.10691971666409,104.66667312318623,18.282181393201399,13.253187539587089,16.844689481552643,11.320042423206872,20.993878633573599,-432.90748974381816,17.328145104485104,175.6578116266228,16.0130478927502,90.49042615203075,16.83686202640687,146.18231506514895,252.26763834946906,24.43476376936451,0.0,0.0,0.0,0.0,0.0,0.0,0.0,0.0,0.0,0.0,0.0,0.0,0.0,0.0,0.0,0.0,0.0,0.0,0.0,0.0,0.0,0.0,0.0,0.0,279.9512668485611,335.743799201257,3405.0193008540757,0.0,0.0,283.9451205966327,340.0109445276354,3702.903567874934,0.4320707697277007,0.08164602602564264,196.82345848270743,236.5086498092834,2180.972215083174,0.10693211520423568,0.020206370975857078,132.22853019103264,158.94054487159247,1437.8723186421656,0.0,0.0,7.776142116407249,9.388443562515225,65.68005907349422,0.0,0.0,92.2056875424903,110.13610476097868,1350.374043692834,0.0,0.0,248.06705081094607,298.64934692082996,2499.957333046045,0.0,0.0,31.133040747013259,37.693841298029187,211.48653990233044,0.0,0.0,120.29668818208499,145.24907837624313,1009.4545854613804,31.402232353158597,21.537882272399594,250.89650215310849,301.98556465587907,2831.4272008350078,0.0,0.0,143.72205924331073,173.0792842606648,1428.0864573739803,0.0,18.92190514703709,40.35648953157919,22.0,30.0,0.0,19.364399241794439,39.35713478311723,16.0,30.0,0.0,18.366261018081678,41.59190951748361,22.0,30.0,0.0,18.270420600005534,41.88082940455091,16.0,30.0,0.0,17.04519859319579,44.17244202329596,12.0,30.0,0.0,20.158012742383,36.58166996159791,16.0,30.0,0.0,17.85796798681342,42.21337098093337,10.0,30.0,0.0,16.22605529499604,46.636807259900148,12.0,30.0,0.0,17.017869557491946,44.37550477967402,12.0,30.0,0.0,17.862331096082554,0.0,0.0,0.0,17.773906403926327,0.0,0.0,466.39043357383988,464.76645478592647,469.87477226177676,469.6301948808571,491.83922781640958,486.0703415786564,486.28009308103756,489.89772688815756,489.29899775125576,0.0,80.60363911115049,80.60363911115049,60.0,0.0,60.0,60.0,16.0,16.0,16.0,12.0,12.0,12.0,21.0,10.0,0.0,0.0,0.0,0.0,0.0,0.0,0.0,0.0,0.0,0.0,0.0,0.0,0.0,80.60363911115049,80.60363911115049,0.0,0.0,0.0,80.60363911115049,0.0,0.0,0.0009566666666666667 
 03/14  13:40:00,13.149999999999999,62.666666666666667,5.523333333333333,108.5,754.8333333333333,0.0,0.0,0.0,0.0,0.0,0.0,0.0,0.0,0.0,0.0,477.0,0.0,2498.5685479307314,67.75791892630119,173.62949091457515,74.91879454347174,1994.0856390985805,0.0,67.75791892630116,92.63021222220817,0.0,0.0,18.370856423129195,136.97960942096507,21.069557811160768,-822.2699019732263,18.167590481648113,176.3424779563702,18.296548323212745,7.09219006247713,16.89426339082752,12.35123525329567,21.158505093240195,-456.4494142781309,17.41189432748221,194.1132668994269,16.04178517091529,98.40412964813982,16.898691459240977,154.24749239102858,230.25349949153498,15.054204479478358,0.0,0.0,0.0,0.0,0.0,0.0,0.0,0.0,0.0,0.0,0.0,0.0,0.0,0.0,0.0,0.0,0.0,0.0,0.0,0.0,0.0,0.0,0.0,0.0,282.5185082546845,338.91781169979887,3240.449882450679,0.0,0.0,237.35440106908326,283.9806186923187,3087.010730760055,0.49934271610283517,0.09435803403303767,242.81063132121103,291.59771669410858,2640.679842699348,0.11640188017036005,0.021995820138012095,119.9922762462608,144.20695708529218,1255.592017501763,0.0,0.0,8.169786487931596,9.86036904594887,66.24812262310981,0.0,0.0,93.80209084799262,111.97368455644804,1358.0687976744526,0.0,0.0,251.57692059350632,302.6971121507188,2486.063295500025,0.0,0.0,32.027940584054949,38.76532898994371,206.1558031393712,0.0,0.0,119.33601664506023,144.02879059387076,966.689611333099,31.524403319697407,21.621675802261604,251.321042804894,302.445167732256,2714.8830406652339,0.0,0.0,143.248242939083,172.42032395749164,1390.4131336405613,0.0,18.79863312621402,40.724540969787437,22.0,30.0,0.0,19.572507521730935,38.871721314736948,16.0,30.0,0.0,18.489084924361074,41.43206800493993,22.0,30.0,0.0,18.28901132772712,41.75203845954179,16.0,30.0,0.0,17.101201953572457,44.09896580269886,12.0,30.0,0.0,20.299612451437068,36.28982780182891,16.0,30.0,0.0,17.984507908096238,41.99122455331832,10.0,30.0,0.0,16.272979320190254,46.595390611572579,12.0,30.0,0.0,17.097040160105256,44.24016411949428,12.0,30.0,0.0,17.871190066182458,0.0,0.0,0.0,17.883315863417953,0.0,0.0,465.766843364695,464.6957929818361,467.04532340602949,470.8292609048058,489.9827366193732,485.2068186713038,483.8651009528266,487.8396630000937,487.35593401181287,0.0,80.60363911115049,80.60363911115049,60.0,0.0,60.0,60.0,16.0,16.0,16.0,12.0,12.0,12.0,21.0,10.0,0.0,0.0,0.0,0.0,0.0,0.0,0.0,0.0,0.0,0.0,0.0,0.0,0.0,80.60363911115049,80.60363911115049,0.0,0.0,0.0,80.60363911115049,0.0,0.0,0.00099 
 03/14  13:50:00,13.370000000000001,62.333333333333339,5.601666666666667,106.0,750.6666666666666,0.0,0.0,0.0,0.0,0.0,0.0,0.0,0.0,0.0,0.0,954.0,0.0,2502.734024878673,66.38111327779515,170.1014151305374,75.04368118587718,1997.4099185999078,0.0,66.38111327779513,90.74801451851889,0.0,0.0,18.47862165499079,232.85221001246465,21.159701155873799,-930.1033553570142,18.17714523836769,153.0028156870285,18.322712569803508,34.98840557286985,16.9376604176349,13.811602344871972,21.303332573022759,-454.81259961082926,17.467958254327539,204.25964882437803,16.06851284731661,108.72518231558331,16.957369261123639,180.22954974194728,237.58566721497574,22.001310553240275,0.0,0.0,0.0,0.0,0.0,0.0,0.0,0.0,0.0,0.0,0.0,0.0,0.0,0.0,0.0,0.0,0.0,0.0,0.0,0.0,0.0,0.0,0.0,0.0,290.70516903553007,349.2290167167614,3322.2487231236025,0.0,0.0,279.3197224150563,334.9372284995932,3509.2554522897164,0.42330250868676297,0.07998913618419559,219.13915894475964,263.63192207828737,2289.6005447805084,0.11236548966207244,0.021233085726015196,150.7315011265958,181.5126253529065,1521.7928727913787,0.0,0.0,8.004064028589279,9.677601966847245,61.97402847667074,0.0,0.0,95.02032830190027,113.60838160411193,1354.744853241277,0.0,0.0,253.96771271127256,306.1099931624459,2430.032468753049,0.0,0.0,32.637591785117397,39.57571925668552,197.95871582187187,0.0,0.0,122.6404768066156,148.27710018131445,955.7601630752729,31.61789010393817,21.68579568171343,262.0267632109241,315.88777315855256,2746.6798980653977,0.0,0.0,147.1818911097864,177.4343536620459,1398.1007202153756,0.0,19.004272079499786,40.259044291164268,22.0,30.0,0.0,19.581394745970266,38.92547035103872,16.0,30.0,0.0,18.498521146021774,41.47899770965584,22.0,30.0,0.0,18.332843136984569,41.815855750163738,16.0,30.0,0.0,17.143719592592569,44.05202192684376,12.0,30.0,0.0,20.416198397603887,36.1281777801091,16.0,30.0,0.0,18.05338182405917,41.88634055889276,10.0,30.0,0.0,16.31311270137448,46.546392883216658,12.0,30.0,0.0,17.16920051437266,44.119501352654499,12.0,30.0,0.0,17.973782739110854,0.0,0.0,0.0,18.005594501793767,0.0,0.0,465.2557421287903,464.0602281363791,466.2772128829905,467.791777024397,488.4066554740176,482.78665184974116,482.2172354863968,486.2892236284236,485.5205300301586,0.0,80.60363911115049,80.60363911115049,60.0,0.0,60.0,60.0,16.0,16.0,16.0,12.0,12.0,12.0,21.0,10.0,0.0,0.0,0.0,0.0,0.0,0.0,0.0,0.0,0.0,0.0,0.0,0.0,0.0,80.60363911115049,80.60363911115049,0.0,0.0,0.0,80.60363911115049,0.0,0.0,0.0010266666666666669 
 03/14  14:00:00,13.59,62.0,5.68,103.5,746.5,0.0,0.0,0.0,0.0,0.0,0.0,0.0,0.0,0.0,0.0,477.0,0.0,2502.175444444869,64.96253700727223,166.46629942301977,75.02691871499727,1996.9639722456519,0.0,64.96253700727219,88.80871320770307,0.0,0.0,18.566116942664963,229.63179738445434,21.267271575036149,-972.8278388743929,18.214309278507828,159.59525816835049,18.356659482185138,37.307759551609709,16.993178788353228,14.227429436099726,21.469070891930337,-472.6389487744027,17.537989846845237,196.9111579915807,16.106710708088568,111.26542731662357,17.032508098295439,174.75947281632944,220.62298836693845,18.177690848920976,0.0,0.0,0.0,0.0,0.0,0.0,0.0,0.0,0.0,0.0,0.0,0.0,0.0,0.0,0.0,0.0,0.0,0.0,0.0,0.0,0.0,0.0,0.0,0.0,276.2029053859264,330.8522512548982,3111.758862411992,0.0,0.0,281.1328840629146,336.1639431741215,3450.0001346220435,0.4024172030880321,0.07604255538322605,225.7093036691763,270.91176408849028,2285.5014923908308,0.11094707266624689,0.02096505530352359,157.43334696403435,189.08203790701888,1536.0291314096792,0.0,0.0,8.08365734030669,9.749889497041384,60.03614073612671,0.0,0.0,95.41148859792682,113.75024929312844,1349.6160970302659,0.0,0.0,255.76903529495949,307.48034640275588,2380.7061812929985,0.0,0.0,33.1712234726407,40.12338422396691,190.31647608583615,0.0,0.0,123.77024215255952,149.2479833234563,934.0498813127988,31.69081033549187,21.735809557950537,247.60004133250653,297.7447549171878,2500.5818621778346,0.0,0.0,148.71592715490994,178.81061449949937,1376.1022704082905,0.0,19.146287775502516,39.97976020238526,22.0,30.0,0.0,19.652975175233367,38.88214864584819,16.0,30.0,0.0,18.564758926366399,41.37665616393346,22.0,30.0,0.0,18.385501696041407,41.75458641441034,16.0,30.0,0.0,17.20931807738046,43.99369572654635,12.0,30.0,0.0,20.58329257980325,35.84883516111954,16.0,30.0,0.0,18.146188847209655,41.72906118340101,10.0,30.0,0.0,16.37300904611984,46.49799899480245,12.0,30.0,0.0,17.268785139323226,43.953243494441029,12.0,30.0,0.0,17.997297601134556,0.0,0.0,0.0,18.105345978703015,0.0,0.0,464.6848295465746,462.1169428167391,465.65488981076018,466.8418822718158,485.79704381239329,480.59886777475887,480.46323587712177,483.74749546900866,483.23649875501078,0.0,80.60363911115049,80.60363911115049,60.0,0.0,60.0,60.0,16.0,16.0,16.0,12.0,12.0,12.0,21.0,10.0,0.0,0.0,0.0,0.0,0.0,0.0,0.0,0.0,0.0,0.0,0.0,0.0,0.0,80.60363911115049,80.60363911115049,0.0,0.0,0.0,80.60363911115049,0.0,0.0,0.0010633333333333333 
 03/14  14:10:00,13.623333333333335,61.833333333333339,5.743333333333333,101.0,742.3333333333333,0.0,0.0,0.0,0.0,0.0,0.0,0.0,0.0,0.0,0.0,477.0,0.0,2496.9817871298457,63.501927192220609,162.72347027691255,74.87117519489107,1992.818814719522,0.0,63.50192719222058,86.8119488547537,0.0,0.0,18.54259476764137,174.3415241366838,21.393174643413816,-917.8730807756765,18.268152559572728,205.5535263612128,18.37903848585318,36.96952215915644,17.042193203381829,14.952141668190962,21.600981313625064,-491.5586454850186,17.613964188732387,210.99507058296877,16.137014413244633,116.40158557876544,17.08945100244926,176.83104325830665,222.3887046571199,12.516604549718068,0.0,0.0,0.0,0.0,0.0,0.0,0.0,0.0,0.0,0.0,0.0,0.0,0.0,0.0,0.0,0.0,0.0,0.0,0.0,0.0,0.0,0.0,0.0,0.0,289.29860695552056,346.59247218279389,3189.7394190188435,0.0,0.0,254.0697627417923,303.6275442311961,3165.79222116478,0.4624350090721702,0.08738378856239047,250.05380074567123,299.99031620009228,2565.027962747806,0.12101646804974734,0.02286781331249949,155.78544755147034,187.05894691731408,1519.1333544257755,0.0,0.0,8.361287603972884,10.081611780968905,62.39138345949319,0.0,0.0,96.77388929201627,115.3151185468112,1383.9089141115688,0.0,0.0,257.5025459931828,309.4101185649879,2434.0405702488289,0.0,0.0,33.719360419391048,40.77471722987119,194.18028519097238,0.0,0.0,122.32556611800166,147.45170277717492,931.5921171803763,31.972416033059067,21.928954755184554,259.20890361180889,311.6247779236106,2609.8703187431194,0.0,0.0,147.59494628925106,177.39069648142223,1379.5979041824926,0.0,19.05997031438163,40.31003855152765,22.0,30.0,0.0,19.782937812522058,38.651399542952777,16.0,30.0,0.0,18.664974517019468,41.171932151954738,22.0,30.0,0.0,18.416969150638506,41.72303601535026,16.0,30.0,0.0,17.260909962127678,43.93739512251024,12.0,30.0,0.0,20.697154137576157,35.64454699401687,16.0,30.0,0.0,18.25279127871786,41.52879705890166,10.0,30.0,0.0,16.4175134315496,46.45643631095612,12.0,30.0,0.0,17.33726823476973,43.84344092085535,12.0,30.0,0.0,18.036502825100038,0.0,0.0,0.0,18.186687535340988,0.0,0.0,462.8777784318483,461.64159017336757,465.1979220199962,466.3924106625121,483.9964554151998,479.5246343017914,478.9300565293765,481.98757909689228,481.58970620747217,0.0,80.60363911115049,80.60363911115049,60.0,0.0,60.0,60.0,16.0,16.0,16.0,12.0,12.0,12.0,21.0,10.0,0.0,0.0,0.0,0.0,0.0,0.0,0.0,0.0,0.0,0.0,0.0,0.0,0.0,80.60363911115049,80.60363911115049,0.0,0.0,0.0,80.60363911115049,0.0,0.0,0.0011 
 03/14  14:20:00,13.656666666666667,61.66666666666667,5.806666666666667,98.5,738.1666666666667,0.0,0.0,0.0,0.0,0.0,0.0,0.0,0.0,0.0,0.0,477.0,0.0,2487.2407584788327,61.999107250414549,158.87247542711428,74.5790804619081,1985.0444431901124,0.0,61.99910725041452,84.75748005838064,0.0,0.0,18.668441571526679,252.62593661247957,21.4404902464559,-1033.0231819240126,18.261723715112553,150.9194695281485,18.414319591950127,59.351948464474848,17.09113161056908,15.371583704478383,21.728467009452474,-494.5755425264538,17.66016423987965,204.17280500259768,16.166391857196794,119.88013316789284,17.146865784150877,184.0120091745821,237.03832568532745,17.6275706809065,0.0,0.0,0.0,0.0,0.0,0.0,0.0,0.0,0.0,0.0,0.0,0.0,0.0,0.0,0.0,0.0,0.0,0.0,0.0,0.0,0.0,0.0,0.0,0.0,291.365364731176,348.7481388662883,3325.413379960464,0.0,0.0,297.73457264774927,355.8034266744497,3671.225538236593,0.3869876931833878,0.0731269261495442,215.0044015261109,257.92931396299726,2178.8773209962025,0.11540237897738322,0.021806949920140436,175.32206137302613,210.44827498419546,1717.744083063762,0.0,0.0,8.125409377503637,9.794231746231452,60.88531645977697,0.0,0.0,97.38046884949105,115.97613446115884,1408.3158460033074,0.0,0.0,258.3381596480118,310.32531496328206,2447.79885929916,0.0,0.0,33.92816705161035,41.01612566264249,195.87578875824077,0.0,0.0,125.16012959514643,150.81261215197848,962.3078346129978,32.18292007548548,22.073333385106645,263.72310721752145,316.92102643403907,2681.032845312455,0.0,0.0,150.842478353061,181.21406538793969,1426.6509892730185,0.0,19.289515251307493,39.81330903031412,22.0,30.0,0.0,19.752128973384257,38.75119095095367,16.0,30.0,0.0,18.637759087904365,41.35515991174671,22.0,30.0,0.0,18.475107682286887,41.63407564526704,16.0,30.0,0.0,17.310617013712159,43.88062622797605,12.0,30.0,0.0,20.814312659436817,35.46112925224893,16.0,30.0,0.0,18.298543736074369,41.472785589784049,10.0,30.0,0.0,16.45867265609722,46.39963486283651,12.0,30.0,0.0,17.407716871406298,43.7087186276154,12.0,30.0,0.0,18.119486040306428,0.0,0.0,0.0,18.27643196082107,0.0,0.0,462.3401373006692,461.28696375837066,463.4561569419452,465.7530859076184,482.36774378612565,477.9397546538997,477.6924995064081,480.7928452925304,480.434335347808,0.0,80.60363911115049,80.60363911115049,60.0,0.0,60.0,60.0,16.0,16.0,16.0,12.0,12.0,12.0,21.0,10.0,0.0,0.0,0.0,0.0,0.0,0.0,0.0,0.0,0.0,0.0,0.0,0.0,0.0,80.60363911115049,80.60363911115049,0.0,0.0,0.0,80.60363911115049,0.0,0.0,0.00112 
 03/14  14:30:00,13.69,61.5,5.869999999999999,96.0,734.0,0.0,0.0,0.0,0.0,0.0,0.0,0.0,0.0,0.0,0.0,477.0,0.0,2473.0388575170229,60.45399197593188,154.91309676251425,74.15322817660617,1973.7098919274709,0.0,60.45399197593185,82.6451903356284,0.0,0.0,18.59544322969966,155.7672683481178,21.581930594220645,-900.5290713453815,18.3307656139377,236.40990245172726,18.427825416960127,38.71932525982811,17.140174877983957,16.274534867064916,21.840409544698387,-512.2932434140871,17.739219876880477,220.53742888699527,16.197903237969127,125.67968735006184,17.201137478259289,185.54516217104993,230.31284416058407,12.4657810072531,0.0,0.0,0.0,0.0,0.0,0.0,0.0,0.0,0.0,0.0,0.0,0.0,0.0,0.0,0.0,0.0,0.0,0.0,0.0,0.0,0.0,0.0,0.0,0.0,302.3604697040329,362.1025564114666,3314.1663077402824,0.0,0.0,244.5213234965591,291.9861973312509,3089.6377106099046,0.5023355791618009,0.09492357882876061,262.52948299383277,314.7590105588254,2711.5338483543166,0.12707155671291793,0.024012009960868838,152.63483657292827,183.18457552974909,1488.064435273457,0.0,0.0,8.554817396958649,10.308699283284883,64.37411403456983,0.0,0.0,98.33846960262126,117.06435415396088,1433.7484858685864,0.0,0.0,260.9549540193167,313.30701361068159,2512.6978549339476,0.0,0.0,34.669241518652437,41.9000844306903,200.8852206046396,0.0,0.0,123.3546148151015,148.58481892555569,955.7917907172684,32.469432094882197,22.269843686476137,271.8732843120744,326.66077566585269,2743.4505856676598,0.0,0.0,149.45640421906269,179.48465892911816,1423.1431873555094,0.0,19.096571259728166,40.33253022639963,22.0,30.0,0.0,19.94101603732442,38.3481028771295,16.0,30.0,0.0,18.768979069379794,41.09776826914299,22.0,30.0,0.0,18.484442090679968,41.71003166325898,16.0,30.0,0.0,17.360547549567547,43.82305440298856,12.0,30.0,0.0,20.90924943492678,35.30017583242572,16.0,30.0,0.0,18.40985656914635,41.26940336252268,10.0,30.0,0.0,16.503071910787044,46.35092536302366,12.0,30.0,0.0,17.471613493653299,43.610199835616828,12.0,30.0,0.0,18.130833044395116,0.0,0.0,0.0,18.34298056858581,0.0,0.0,461.8701079551509,460.71586466808579,462.83485106170857,464.24805133599917,480.78765341524089,476.8811174340268,476.22897547652169,479.3372999844003,478.9819764246134,0.0,80.60363911115049,80.60363911115049,60.0,0.0,60.0,60.0,16.0,16.0,16.0,12.0,12.0,12.0,21.0,10.0,0.0,0.0,0.0,0.0,0.0,0.0,0.0,0.0,0.0,0.0,0.0,0.0,0.0,80.60363911115049,80.60363911115049,0.0,0.0,0.0,80.60363911115049,0.0,0.0,0.00114 
 03/14  14:40:00,13.723333333333333,61.33333333333333,5.933333333333333,100.0,688.3333333333334,0.0,0.0,0.0,0.0,0.0,0.0,0.0,0.0,0.0,0.0,954.0,0.0,2357.3710005521877,60.016193800147089,153.79106466469023,70.68495926874299,1881.3963411963123,0.0,60.01619380014706,82.0466870377696,0.0,0.0,18.707308886632214,250.75631270299528,21.583879023140093,-998.8000250376354,18.331769049512994,189.7937713968504,18.457443600507067,68.66397865557701,17.175250365627805,17.32360912755874,21.898789731813488,-502.05632972101696,17.784837638117318,221.96056332222543,16.225780269556766,131.66170780840197,17.252266423847837,201.50844680333604,243.46925321797063,23.8355463840644,0.0,0.0,0.0,0.0,0.0,0.0,0.0,0.0,0.0,0.0,0.0,0.0,0.0,0.0,0.0,0.0,0.0,0.0,0.0,0.0,0.0,0.0,0.0,0.0,304.95546708523178,365.72690634607207,3446.3003400898944,0.0,0.0,287.3436505826263,343.97240535234467,3584.967688157147,0.4366059681310868,0.08250301740950245,230.49661768309097,276.86407386160587,2357.984517594906,0.12364833797031227,0.02336514322946187,173.4185357086027,208.5602837826746,1693.8237868123047,0.0,0.0,8.312508336457566,10.035331050637609,62.4581178432354,0.0,0.0,98.82628497538073,117.85796768750649,1446.3302442444338,0.0,0.0,261.5084307005471,314.56159021760336,2522.0072802551537,0.0,0.0,34.93952996679448,42.30651891248422,202.45324371030683,0.0,0.0,125.94626921299516,151.98696136934485,981.3503732336421,32.702556419968647,22.42973691355875,276.9617222873733,333.40384761051225,2815.7614689522545,0.0,0.0,152.49508012820577,183.4566975324882,1465.928655880471,0.0,19.303325990008895,39.89476343575984,22.0,30.0,0.0,19.902519398548269,38.52488384854664,16.0,30.0,0.0,18.75147100826443,41.205180825194528,22.0,30.0,0.0,18.53049417862257,41.69413644141214,16.0,30.0,0.0,17.390080843799294,43.80782259853411,12.0,30.0,0.0,20.974852592966177,35.24105867293447,16.0,30.0,0.0,18.4533187316281,41.23656382984478,10.0,30.0,0.0,16.537881525002903,46.334391824745399,12.0,30.0,0.0,17.52884868826758,43.54814882662873,12.0,30.0,0.0,18.205264397616526,0.0,0.0,0.0,18.424436162639439,0.0,0.0,460.86709540470926,459.5344754652947,462.0774165478108,463.25991628297836,479.5508703824437,475.20245806413859,474.7838049490457,477.8842305981347,477.30881150160169,0.0,80.60363911115049,80.60363911115049,60.0,0.0,60.0,60.0,16.0,16.0,16.0,12.0,12.0,12.0,21.0,10.0,0.0,0.0,0.0,0.0,0.0,0.0,0.0,0.0,0.0,0.0,0.0,0.0,0.0,80.60363911115049,80.60363911115049,0.0,0.0,0.0,80.60363911115049,0.0,0.0,0.0011599999999999998 
 03/14  14:50:00,13.756666666666668,61.166666666666667,5.996666666666666,104.0,642.6666666666666,0.0,0.0,0.0,0.0,0.0,0.0,0.0,0.0,0.0,0.0,477.0,0.0,2236.994861408271,59.64207748696089,152.8322194636961,67.07551583368613,1785.3251717725485,0.0,59.642077486960868,81.53524167410783,0.0,0.0,18.795590925284438,255.34180841996204,21.577850463719146,-1016.0648888147734,18.35514462523019,187.22316557378873,18.49113649545692,68.2266364700854,17.21411432940075,17.722546864354628,21.946506602834967,-503.5002507857844,17.840116981915707,213.2557279695411,16.263132918499847,132.39584019924224,17.315023444131819,194.4159223677343,232.91689856798258,25.911962690694055,0.0,0.0,0.0,0.0,0.0,0.0,0.0,0.0,0.0,0.0,0.0,0.0,0.0,0.0,0.0,0.0,0.0,0.0,0.0,0.0,0.0,0.0,0.0,0.0,285.0867664215428,340.92299082451469,3280.2775520482907,0.0,0.0,291.92836684433169,348.55096089005647,3623.648856829531,0.4383211510472715,0.08282712604823728,231.05335608686273,276.933653155519,2361.262623277032,0.12505259608452166,0.023630498126326839,177.7875150434854,213.24541866018255,1741.7288642384063,0.0,0.0,8.358858680402632,10.067483788566279,62.9020445230946,0.0,0.0,98.71096302193462,117.4199918891614,1452.4501029365163,0.0,0.0,262.1669842213302,314.5646819376695,2543.3326010986177,0.0,0.0,35.25686097299118,42.58597906941473,205.6293317291911,0.0,0.0,126.58848249672958,152.36762743896262,997.9674212005399,32.916119130850827,22.57621339564529,257.0952598986085,308.7486156553234,2613.7089401579758,0.0,0.0,153.45517797371918,184.14824847196886,1482.7453168490693,0.0,19.440311263532096,39.641171612094428,22.0,30.0,0.0,19.897946091716073,38.63491719737434,16.0,30.0,0.0,18.78350702316459,41.21110530224251,22.0,30.0,0.0,18.577734135860199,41.65047843165796,16.0,30.0,0.0,17.429060936095519,43.81820391236431,12.0,30.0,0.0,21.047758411088503,35.1786375145862,16.0,30.0,0.0,18.514937990583407,41.16369744112876,10.0,30.0,0.0,16.589815135100595,46.29975873196065,12.0,30.0,0.0,17.607329215647505,43.43208802680485,12.0,30.0,0.0,18.198584287874238,0.0,0.0,0.0,18.482034903029953,0.0,0.0,459.7077454135803,458.36319049682427,460.9517825689871,462.25853424747216,477.47759492751268,473.27997721247996,473.31643763982359,475.9988559603347,475.6316237796407,0.0,80.60363911115049,80.60363911115049,60.0,0.0,60.0,60.0,16.0,16.0,16.0,12.0,12.0,12.0,21.0,10.0,0.0,0.0,0.0,0.0,0.0,0.0,0.0,0.0,0.0,0.0,0.0,0.0,0.0,80.60363911115049,80.60363911115049,0.0,0.0,0.0,80.60363911115049,0.0,0.0,0.0011966666666666667 
 03/14  15:00:00,13.79,61.0,6.06,108.0,597.0,0.0,0.0,0.0,0.0,0.0,0.0,0.0,0.0,0.0,0.0,477.0,0.0,2112.248419048329,59.337195726007198,152.0507906616255,63.335032145990087,1685.7661225870043,0.0,59.33719572600717,81.1184451923484,0.0,0.0,18.71147893983407,156.31679577941396,21.611120204547654,-892.3158516519616,18.417460290784363,250.2783349306519,18.509875243382014,56.45071602053304,17.24491708724873,18.643874556357049,21.957720231870647,-505.06783532269676,17.904152225667816,223.30043764115909,16.294855061917788,135.15220303137517,17.363314922135243,190.62169363039448,236.66050004184036,25.54127797545516,0.0,0.0,0.0,0.0,0.0,0.0,0.0,0.0,0.0,0.0,0.0,0.0,0.0,0.0,0.0,0.0,0.0,0.0,0.0,0.0,0.0,0.0,0.0,0.0,303.80287488353675,363.5271869226194,3343.257159782934,0.0,0.0,244.35833552066519,291.6102854752036,3068.4475843473367,0.5134924392096354,0.09703182902676409,263.86718890439007,316.10141754180065,2737.503930468357,0.13382674399130926,0.025288500376286699,166.21184282103568,199.32512154251908,1622.131352399333,0.0,0.0,8.68505403700566,10.458077667221574,65.19183136962492,0.0,0.0,98.7897769053505,117.4891536169163,1451.5987527551698,0.0,0.0,262.9297593568945,315.3499376250364,2575.263573437605,0.0,0.0,35.71020764143991,43.121921649883329,208.6614450218923,0.0,0.0,124.3913454307832,149.67698740259957,984.7651210776115,33.18432864021274,22.760170535125345,273.27707800567335,328.10155357664459,2762.2901158171696,0.0,0.0,151.45896233333765,181.70786341181828,1463.69414642478,0.0,19.222314949941504,40.26021513541767,22.0,30.0,0.0,20.00573357941805,38.418594328327987,16.0,30.0,0.0,18.895415708572647,40.982027758527539,22.0,30.0,0.0,18.593022749810137,41.66630843620624,16.0,30.0,0.0,17.45380302928172,43.83316526778695,12.0,30.0,0.0,21.07241692326672,35.162746967984087,16.0,30.0,0.0,18.59612509655614,41.037264266222177,10.0,30.0,0.0,16.62917691052973,46.27952214882754,12.0,30.0,0.0,17.658041905436453,43.37866426628854,12.0,30.0,0.0,18.23347806189419,0.0,0.0,0.0,18.51725470360691,0.0,0.0,458.85694210850076,457.796092287949,460.13731040587359,461.5516502676208,476.03377873461718,472.5377479669737,471.89842749286319,474.4918993530987,474.20125760735785,0.0,80.60363911115049,80.60363911115049,60.0,0.0,60.0,60.0,16.0,16.0,16.0,12.0,12.0,12.0,21.0,10.0,0.0,0.0,0.0,0.0,0.0,0.0,0.0,0.0,0.0,0.0,0.0,0.0,0.0,80.60363911115049,80.60363911115049,0.0,0.0,0.0,80.60363911115049,0.0,0.0,0.0012333333333333333 
 03/14  15:10:00,13.708333333333334,61.333333333333339,6.023333333333333,112.0,551.3333333333333,0.0,0.0,0.0,0.0,0.0,0.0,0.0,0.0,0.0,0.0,4780.0,0.0,1983.3349116118316,59.10541323005757,151.4566823811983,59.46960234263114,1582.8813973600728,0.0,59.10541323005754,80.80158094785236,0.0,0.0,19.80739430288702,-630.2985236445333,21.808871853509385,-60.02246308952506,19.858767982314125,-1955.1204595943778,18.87462627071239,1122.5076073066289,17.27041252124683,24.168657452443129,21.9564313817761,-463.0202483596743,17.996377627603068,318.3001737765038,16.319773331067059,143.77237250958536,17.406824666836056,222.72489281212175,476.4262023741934,63.01512753622692,0.0,0.0,0.0,0.0,0.0,0.0,0.0,0.0,0.0,0.0,0.0,0.0,0.0,0.0,0.0,0.0,0.0,0.0,0.0,0.0,0.0,0.0,0.05923794791536367,0.018082401683566446,263.0677214041052,314.13295221835707,3813.12072226474,0.0650303669999129,0.009925269688631396,200.1038913394257,239.3027997199569,2734.4344952218559,0.06763688326689502,0.012780968115437462,456.8215396235214,544.8891861014647,6855.083097808637,0.21970655904861809,0.04151673451410016,400.1814289384459,480.3546515134736,4590.581471405978,0.0,0.0,9.802925316564224,11.84769093070475,75.49695686828216,0.0,0.0,94.11169077091953,112.36333149450579,1401.8709698466824,0.0,0.0,280.3371469857242,337.3483800593357,2870.5435482572427,0.0,0.0,36.67460754433137,44.45324780985119,222.25260153570876,0.0,0.0,134.06071817250456,161.90199179959107,1094.8263654695177,34.162418204210748,23.431013857483376,551.1149584645582,661.8908109492899,6407.682567228232,0.0,0.0,162.11250663919743,195.18284652587634,1616.0399197920004,1907.105317645388,20.841082030336716,36.53681715413501,21.999999999999998,30.0,0.0,20.443439959404203,37.4258924006203,15.999999999999999,30.0,4319.774692783949,21.00017592192396,36.2224253456791,21.999999999999998,30.0,0.0,19.30645312764825,40.124902954665348,15.999999999999999,30.0,0.0,17.4696595742429,43.87476076204554,12.0,30.0,0.0,21.09644225626452,35.22670863537152,15.999999999999999,30.0,0.0,18.735073384566655,40.88433722684925,10.0,30.0,0.0,16.655266453520658,46.31870875770383,12.0,30.0,0.0,17.700937867251459,43.410617876347057,15.999999999999999,30.0,0.0,19.001292692771334,0.0,0.0,0.0,18.58822420544697,0.0,0.0,457.72734862730837,457.6373950173738,457.1913995179278,458.2405998090249,474.7382857364649,470.45487642799449,468.85233812082717,472.8767388082704,471.9948577518429,10446.824098435702,81.09718845922282,85.3038165572188,60.0,0.0,60.0,60.0,16.0,16.0,16.0,16.0,12.0,12.0,21.0,10.0,1.0,0.0,1907.105317645388,0.0,4319.774692783949,0.0,0.0,0.0,0.0,0.0,6366.180861164299,3819708.516698579,4975058.659542143,81.09718845922282,85.37525906736969,0.3482060287054766,0.7671658938437725,0.3602813740196596,85.37525906736969,0.3542647819438876,4975058.659542143,0.25997305029619147 
 03/14  15:20:00,13.626666666666667,61.66666666666667,5.986666666666666,116.0,505.6666666666667,0.0,0.0,0.0,0.0,0.0,0.0,0.0,0.0,0.0,0.0,1434.0,0.0,1829.888903105133,55.75532336028983,142.87209560374363,54.86857969011936,1460.4175690603752,0.0,55.7553233602898,76.22175410964053,0.0,0.0,20.34302829736373,-1018.4177334836236,22.36231752802302,-96.6384456389314,20.432554891588354,-2014.4477222290435,19.602420840809129,731.7608967257356,17.30544691675859,27.920930091636906,21.964471216322314,-426.660075267088,18.184494238101978,274.8148557565102,16.36449959419445,150.17376936123004,17.48192579672004,233.27657025735813,593.5043709708186,94.39343065109851,0.0,0.0,0.0,0.0,0.0,0.0,0.0,0.0,0.0,0.0,0.0,0.0,0.0,0.0,0.0,0.0,0.0,0.0,0.0,0.0,0.0,0.0,0.22134773324101726,0.06756646313828364,306.75160063668008,365.100915904604,4947.4936882557499,0.07657383387691129,0.011687093082556662,152.20368274663935,181.45547433620914,2376.668586690759,0.15543874288277188,0.029372400393569897,470.423618886422,559.5494256879499,7714.268668967753,0.2221842941536773,0.04198493842662078,399.20756036865819,477.14211068361308,5489.79576368266,0.0,0.0,10.275593173649597,12.40690427925935,81.53586625335487,0.0,0.0,90.65521418453803,108.10078547499129,1376.672166686783,0.0,0.0,293.29691158434107,352.3018393607735,3197.665055668621,0.0,0.0,38.2535350326417,46.310679828357439,242.95049218012918,0.0,0.0,143.65921774214633,173.25883988519304,1225.3805954997507,34.725058119682618,23.81691229059164,582.6095930571007,697.872340219178,7672.605955997244,0.0,0.0,173.56826774987457,208.68639052616437,1795.7010207900647,1620.4815795749337,21.709342188313859,34.651436187945218,21.999999999999994,29.99999999999999,0.0,21.43670305234481,35.22709913535578,15.999999999999993,29.99999999999999,2750.9164703121098,21.802444813258789,34.51637377683225,21.999999999999994,29.99999999999999,0.0,20.44490500665034,37.451699447862498,15.999999999999993,29.99999999999999,0.0,17.503131641774045,43.96749209398198,11.999999999999995,29.99999999999999,0.0,21.15939553854715,35.21056998557293,15.999999999999993,29.99999999999999,0.0,18.987014028915348,40.36345271528096,9.999999999999997,29.99999999999999,0.0,16.716339543355305,46.3504747921317,11.999999999999995,29.99999999999999,0.0,17.798414343098459,43.32681355090196,15.999999999999993,29.99999999999999,0.0,19.79321513834135,0.0,0.0,0.0,18.693023281101398,0.0,0.0,457.38198132783898,457.413117092117,456.33731281181317,457.2561058581074,471.98336457227017,468.3462537021673,467.05241414996007,469.9859550668024,469.3503928161405,8391.413951011273,82.45617214964949,84.85772253643308,59.99999999999998,0.0,59.99999999999998,59.99999999999998,16.0,16.0,16.0,16.0,12.0,12.0,21.0,10.0,1.0,0.0,1620.4815795749337,0.0,2750.9164703121098,0.0,0.0,0.0,0.0,0.0,3634.3316410234167,2180598.9846140507,2834687.5070456245,82.45617214964949,84.89850883460079,0.3478110547007805,0.7672218974543821,0.36028137401965945,84.89850883460079,0.35426478194388735,2834687.5070456245,0.14870375036637249 
 03/14  15:30:00,13.545,62.0,5.949999999999999,120.0,460.0,0.0,0.0,0.0,0.0,0.0,0.0,0.0,0.0,0.0,0.0,1914.0,0.0,1704.910265526677,55.32461082137325,141.76825870320168,51.12113758472326,1360.6732491891187,0.0,55.32461082137322,75.63293741457638,0.0,0.0,20.229600995629217,74.4644837519827,22.496406589078889,-574.7501538231586,20.452576399774487,-1136.4557117716286,19.836984955532409,453.8801594868594,17.338250507110176,29.17989552449356,21.97186007713292,-400.5817317857412,18.249641897053985,248.67013540042854,16.411283258063116,155.81261623034079,17.55595017161481,238.84752498868648,609.445638816429,116.7695599744593,0.0,0.0,0.0,0.0,0.0,0.0,0.0,0.0,0.0,0.0,0.0,0.0,0.0,0.0,0.0,0.0,0.0,0.0,0.0,0.0,0.0,0.0,0.35255545707339716,0.10761766088931538,282.11284672777,336.2947488629418,4321.224520091995,0.03356468932078803,0.005122815830401104,203.29215323949135,242.04707773883565,3295.2727908941335,0.3328381681650941,0.06289458960035795,343.794673640088,409.23817779194305,5577.071417359597,0.17431407597371138,0.03293916779548589,288.9140789754718,345.09897169663989,4184.017765839282,0.0,0.0,10.006445677459095,12.085957647533473,81.58214712548745,0.0,0.0,90.17961180975036,107.5420646925167,1395.3916431148949,0.0,0.0,291.24916786239637,349.9391469585487,3252.6364019694158,0.0,0.0,38.77482050374393,46.95262930038901,257.3072953215308,0.0,0.0,144.6762446704942,174.51905521916448,1283.86693857925,34.7205337550801,23.813809159862904,437.55190473868677,523.5431982729936,6230.5217347748,0.0,0.0,175.39788135325217,210.94325363305317,1866.7820090522644,0.0,21.15695909715366,35.88698894676676,21.0,30.0,0.0,21.62455704947793,35.005198358157247,16.0,30.0,1761.156600995967,21.549870043950607,35.13046448348974,21.5,30.0,0.0,20.702768299955264,36.897520831269648,16.0,30.0,0.0,17.529297823367786,44.036557385011828,12.0,30.0,0.0,21.222066329681178,35.18859436788382,16.0,30.0,0.0,19.038541269168186,40.347253290171199,10.0,30.0,0.0,16.775534628571458,46.336214724540287,12.0,30.0,0.0,17.88913712280003,43.22887673803256,16.0,30.0,0.0,19.98989094158478,0.0,0.0,0.0,18.76144526951432,0.0,0.0,456.76104935678657,454.62522684969727,455.42771945822099,456.8154265796366,469.9253324290707,466.36896644911936,465.3360540516147,467.843510858384,467.21742724586468,6357.911784031378,81.78633386448891,81.78633386448891,60.0,0.0,60.0,60.0,16.0,16.0,16.0,16.0,12.0,12.0,21.0,10.0,1.0,0.0,0.0,0.0,1761.156600995967,0.0,0.0,0.0,0.0,0.0,0.0,0.0,0.0,81.78633386448891,81.78633386448891,0.255,0.5406807870940705,0.27021103051474468,81.78633386448891,0.2656985864579156,0.0,0.00133 
 03/14  15:40:00,13.463333333333335,62.333333333333339,5.913333333333333,115.66666666666666,407.83333333333339,0.0,0.0,0.0,0.0,0.0,0.0,0.0,0.0,0.0,0.0,1918.0,0.0,1537.757612360477,52.10232070801365,133.51109585402805,46.109120246925318,1227.270210946584,0.0,52.10232070801363,71.22782253248158,0.0,0.0,20.40491072311097,-155.7223862287114,22.39763300120049,-399.59000944610508,20.539239170997904,-982.7756048704648,19.858590068459124,386.20781687178478,17.364071114287709,28.861150372267287,21.93631978306807,-404.3847219026853,18.284747034276209,273.92887870505697,16.452227269816647,151.76427784282209,17.612091862998164,214.7053911310423,616.6889458061958,116.0321518054398,0.0,0.0,0.0,0.0,0.0,0.0,0.0,0.0,0.0,0.0,0.0,0.0,0.0,0.0,0.0,0.0,0.0,0.0,0.0,0.0,0.0,0.0,0.3654533259896671,0.11155473931308527,275.36689733012198,328.1513871826472,4411.42809534883,0.03434923675048117,0.00524255750159969,210.47335841805205,250.75425778246408,3404.5551413114756,0.38140254179755497,0.07207153095191898,317.9028539235979,378.41508418439858,5188.009921901762,0.15829429598788065,0.029911998485994075,238.1359845772114,284.18113782519188,3465.703759550722,0.0,0.0,9.982489316514866,12.054605401486083,83.41561761201604,0.0,0.0,90.86611736433778,108.3571015432384,1423.5046719726507,0.0,0.0,284.62501722870976,341.9237047817335,3238.2807931739337,0.0,0.0,38.44911407419866,46.5483631102245,265.13541618749425,0.0,0.0,138.14941994993905,166.60328471611136,1264.855186715647,34.33240198199086,23.547600810693337,445.71813346338186,533.1408801781163,6475.361481296257,0.0,0.0,168.29487873262418,202.39298657526289,1817.5872074913216,855.897985429127,21.47120491883649,35.415789741551069,21.500000000000008,30.00000000000001,0.0,21.516826758934849,35.344330154920118,16.000000000000008,30.00000000000001,1589.6287292689122,21.665272319868174,35.09919404463106,21.500000000000008,30.00000000000001,0.0,20.64163485549041,37.22933566800389,16.000000000000008,30.00000000000001,0.0,17.547294391199224,44.152100502130398,12.000000000000004,30.00000000000001,0.0,21.236557219858267,35.33168551073843,19.000000000000008,30.00000000000001,0.0,19.06013859187288,40.51625680748387,10.000000000000004,30.00000000000001,0.0,16.821405516054449,46.41306091547916,16.000000000000008,30.00000000000001,0.0,17.94640347429035,43.28220538685409,16.000000000000008,30.00000000000001,0.0,20.096737651061706,0.0,0.0,0.0,18.756963488709663,0.0,0.0,453.7775388279569,453.0995142848359,452.1598718519515,454.1252797332893,467.5980805618447,463.4229756070746,462.10011274107117,465.07200559068226,464.3016340380694,6841.237232193496,82.30152830509684,84.08191299777406,60.00000000000002,0.0,60.00000000000002,60.00000000000002,16.0,16.0,19.0,16.0,16.0,12.0,21.0,10.0,1.0,0.0,855.897985429127,0.0,1589.6287292689122,0.0,0.0,0.0,0.0,0.0,2694.337203078896,1616602.3218473376,2098014.0460896308,82.30152830509684,84.11214984032728,0.2598112401026299,0.5391141724887039,0.27021103051474468,84.11214984032728,0.2656985864579156,2098014.0460896308,0.11045673039666078 
 03/14  15:50:00,13.381666666666668,62.666666666666667,5.876666666666667,111.33333333333334,355.6666666666667,0.0,0.0,0.0,0.0,0.0,0.0,0.0,0.0,0.0,0.0,1921.0,0.0,1372.1200589668213,48.973852318821567,125.49435928738957,41.14253433828612,1095.0763783709768,0.0,48.973852318821538,66.9509690603947,0.0,0.0,20.342065410604094,24.20938382956774,22.40260553334781,-560.3517051665949,20.519233874031664,-384.96955291635916,19.887467394819077,226.68836698250625,17.388245739040835,31.026396226166896,21.878250420462949,-362.5231757798322,18.372645977947675,235.86628167314076,16.49396000352948,157.14911393010164,17.665921095947444,228.27843346732448,570.5051320340735,158.66241534857,0.0,0.0,0.0,0.0,0.0,0.0,0.0,0.0,0.0,0.0,0.0,0.0,0.0,0.0,0.0,0.0,0.0,0.0,0.0,0.0,0.0,0.0,0.34724799717222129,0.10599755713437768,272.72175134509589,325.34018503112358,4300.899262488513,0.01150606370338403,0.0017561147288437166,186.29018821806538,221.7374678352024,3069.8218684471287,0.5906842512449961,0.11161833923752766,283.30258924951229,337.7898009417281,4582.636122800278,0.17371266009221743,0.03282552155937592,200.91023725585885,239.93291060317149,2939.9809128401486,0.0,0.0,9.930581247174937,11.992744442207404,84.95256150833696,0.0,0.0,87.09228669665373,103.84973199029585,1378.4038558541552,0.0,0.0,290.740466272059,349.1860359945055,3409.2688538715794,0.0,0.0,39.72188866307437,48.08365494820043,284.3827424491556,0.0,0.0,145.70159493505575,175.68719945902638,1375.4611044487106,34.032391290969687,23.341832161158906,338.027005728577,404.84177084761,4986.9071697373769,0.0,0.0,177.21571315150193,213.09824958164467,1961.1387917619912,0.0,21.19019660904159,36.14682348933667,21.0,30.0,0.0,21.60077144356793,35.33421174961479,16.0,30.0,951.8217323427664,21.465193098375953,35.63799142223365,21.25,30.0,0.0,20.61758883957925,37.449871582217,16.0,30.0,0.0,17.563577975942679,44.30560532657878,12.0,30.0,0.0,21.23477271555243,35.513782943092738,19.0,30.0,0.0,19.15243276046305,40.48568629350736,10.0,30.0,0.0,16.86977710141112,46.526740466206259,16.0,30.0,0.0,18.006128451276106,43.364735777535688,16.0,30.0,0.0,19.97107013766871,0.0,0.0,0.0,18.806974450014907,0.0,0.0,451.91231466988548,450.5204023415007,450.62131823165955,451.7792581326008,464.90106079976456,460.52389676459617,459.2419281771303,461.8479382869548,461.0179800030527,4395.677477712742,81.10315859512599,81.10315859512599,60.0,0.0,60.0,60.0,16.0,16.0,19.0,16.0,16.0,12.0,21.0,10.0,1.0,0.0,0.0,0.0,951.8217323427664,0.0,0.0,0.0,0.0,0.0,0.0,0.0,0.0,81.10315859512599,81.10315859512599,0.17,0.3477878186073379,0.18014068700982978,81.10315859512599,0.17713239097194376,0.0,0.0013833333333333335 
 03/14  16:00:00,13.3,63.0,5.84,107.0,303.5,0.0,0.0,0.0,0.0,0.0,0.0,0.0,0.0,0.0,0.0,962.0,0.0,1147.8888442802239,44.45855348375638,113.92396200189819,34.4190504350912,916.1196173679571,0.0,44.458553483756357,60.7782132265902,0.0,0.0,20.08559137445149,173.01877163731298,22.193041425417115,-536.7809572499764,20.17234513784375,-572.0981679127526,19.8531149603169,317.7881805866482,17.40151561898434,28.853526461464584,21.770473122531607,-365.59379023217687,18.356317785509576,220.42023724983938,16.52791270685765,147.5382921136253,17.708272216666204,199.40975606387384,607.3809711145541,145.75484989532607,0.0,0.0,0.0,0.0,0.0,0.0,0.0,0.0,0.0,0.0,0.0,0.0,0.0,0.0,0.0,0.0,0.0,0.0,0.0,0.0,0.0,0.0,0.3991795322753253,0.12184967407671714,260.0506753513395,310.04858213915136,4010.9560486085667,0.008395051042232161,0.0012812959466166304,208.35161271804959,247.99466265234418,3378.765041463122,0.43476537945339058,0.0821552115369219,286.26293672375717,341.3702901769172,4451.896629362367,0.1575590483952554,0.029773062810894814,252.24287186547915,301.24500618722598,3688.463192847371,0.0,0.0,9.610131374640428,11.592394754626449,83.85936250347777,0.0,0.0,88.74955028267687,105.73255091251414,1409.9217400157655,0.0,0.0,280.03927836577977,336.0364169198199,3291.271316135475,0.0,0.0,38.34245641336095,46.355212300268238,283.51647580076937,0.0,0.0,138.58909807465279,166.90163274680448,1341.799719725348,33.49438758924552,22.972830993995566,434.98496543551269,520.2131864701343,6430.636173850402,0.0,0.0,168.64820269211658,202.6014003736133,1877.6604942093355,146.05706396458965,20.951710722677949,36.78722391743473,21.0,30.0,0.0,21.36854057905545,35.92603633120673,16.0,30.0,528.3824187289671,21.013208902167436,36.697304655155807,21.0,30.0,0.0,20.53720264940165,37.749281258153818,16.0,30.0,0.0,17.565303701461447,44.47820719323282,12.0,30.0,0.0,21.17990246612542,35.72919759815342,19.0,30.0,0.0,19.08204837742759,40.71622348339187,10.0,30.0,0.0,16.902786117243907,46.56480354762117,16.0,30.0,0.0,18.0426476569625,43.352283294883509,16.0,30.0,0.0,20.095612582198265,0.0,0.0,0.0,18.75681501260472,0.0,0.0,450.29516075658668,449.2201869749206,449.5463097772075,450.1398822980427,462.5349100711029,458.9975935358415,458.5134619932252,460.17007472430449,459.87026241840649,6775.016603552705,83.52457223500454,83.52457223500454,60.0,0.0,60.0,60.0,16.0,16.0,19.0,16.0,16.0,12.0,21.0,10.0,1.0,0.0,146.05706396458965,0.0,528.3824187289671,0.0,0.0,0.0,0.0,0.0,0.0,0.0,0.0,83.52457223500454,83.52457223500454,0.34,0.7676662308175069,0.36028137401965956,83.52457223500454,0.3542647819438875,0.0,0.0014066666666666666 
 03/14  16:10:00,13.09,64.0,5.880000000000001,102.66666666666666,251.33333333333332,0.0,0.0,0.0,2.0,0.0,0.0,0.0,0.0,0.0,4.0,1924.0,0.0,992.8985883663881,41.52566091316403,106.40840688861187,29.771722441950794,792.4233217053122,0.0,41.52566091316401,56.768726726061739,0.0,0.0,20.679039398530486,-767.4967288714183,22.190176512209477,-43.22659565150957,20.8176676458692,-1209.945101162015,19.98924757432652,637.9418022655091,17.409498270863656,25.031459583685775,21.849109653302258,-74.01874187152426,18.284450490250778,153.72524630338308,16.545465192238259,135.52719839774995,17.720817110269608,153.36251644266214,658.5418648396644,116.77867299680725,0.0,0.0,0.0,0.0,0.0,0.0,0.0,0.0,0.0,0.0,0.0,0.0,0.0,0.0,0.0,0.0,0.0,0.0,0.0,0.0,0.0,0.0,0.50376423819298,0.15377418748259465,253.93848500614059,302.16696737613349,4451.824164707287,0.10564360929322118,0.016123871992249875,196.1798241852215,233.72113876597883,3329.924041148093,0.37969966152152936,0.07174974707511896,325.3541877925573,386.9558296477895,5773.177852829721,0.20817796913571816,0.03933824057742216,332.7126042253344,397.2224302010302,5177.050933108646,0.0,0.0,9.261423329728892,11.18205346223463,84.59269917832668,0.0,0.0,13.419785311839075,15.985231695487212,226.17088847336476,0.0,0.0,198.6913368107001,238.8202260398474,2346.5238048594535,0.0,0.0,37.533099342436809,45.424644202786108,294.13467889812719,0.0,0.0,123.9750748051553,149.47357249017365,1249.5827932070575,33.979353297204529,23.30545493635428,507.9021147821936,607.5386560442707,7830.918371516625,0.0,0.0,152.71085738842766,183.72219838816666,1733.3908656297654,1291.4712576706875,21.793121479895868,35.11878228499769,21.75,30.0,0.0,21.5468888548938,35.548324477473759,16.0,30.0,987.6605066384037,21.947702660314599,35.361498544068577,21.5,30.0,0.0,20.779203381231925,37.67011102345495,16.0,30.0,0.0,17.5562466876726,44.62655947236043,12.0,30.0,0.0,21.454048101033714,36.74104924021587,19.0,30.0,0.0,18.897482279404618,41.40612694979471,10.0,30.0,0.0,16.910266172174287,46.65316414989647,16.0,30.0,0.0,18.02846408974562,43.511261899119478,16.0,30.0,0.0,20.245736288434164,0.0,0.0,0.0,18.65184782020886,0.0,0.0,454.5148797404897,450.29517326264047,487.5153852227883,472.63889884252316,460.9705933649466,549.9196050558207,455.79737163646589,459.2063286567014,458.7848086470223,6328.5107529731189,82.27871075195347,82.27871075195347,1744.0,0.0,1744.0,1744.0,16.0,16.0,19.0,16.0,16.0,12.0,21.0,10.0,1.0,0.0,1291.4712576706875,0.0,987.6605066384037,0.0,0.0,0.0,0.0,0.0,0.0,0.0,0.0,82.27871075195347,82.27871075195347,0.255,0.578028656240193,0.27021103051474468,82.27871075195347,0.2656985864579156,0.0,0.04156533333333333 
 03/14  16:20:00,12.880000000000003,65.0,5.92,98.33333333333334,199.16666666666664,0.0,0.0,0.0,2.0,0.0,0.0,0.0,0.0,0.0,4.0,964.0,0.0,842.8037065883073,38.77464401980725,99.3589138772767,25.27118199364987,672.6339951999282,0.0,38.774644019807229,53.00787806517402,0.0,0.0,20.418488652396765,-203.05202220414777,22.205669628398938,-436.9720652000974,20.667123514442076,-781.1985117421564,20.15143132906652,393.1058418069033,17.413716898597757,23.017750664009584,22.00290254340984,-62.16750589921958,18.216352454788117,87.83865619851304,16.555605956103859,125.90808445231153,17.71761885729739,142.3618784117516,649.2659587492526,130.97982892926303,0.0,0.0,0.0,0.0,0.0,0.0,0.0,0.0,0.0,0.0,0.0,0.0,0.0,0.0,0.0,0.0,0.0,0.0,0.0,0.0,0.0,0.0,0.6924527736726825,0.2113714205350069,290.5507202793191,345.4986053914082,5045.791111270815,0.06319426672004799,0.009645034603181929,248.2391554967755,295.00879661084869,4331.6139287150349,0.2869642447236448,0.054226047755790807,284.4874180777571,338.5791361630977,4964.011443402719,0.15916388132128557,0.03007631922170928,285.65927965660026,340.65369502304,4667.96201505603,0.0,0.0,8.176674699253443,9.866568041754322,77.97801874865029,0.0,0.0,13.177476137991011,15.653248831802582,236.8693423099324,0.0,0.0,187.09561612380618,224.77796593783206,2231.7558807316065,0.0,0.0,36.10866566112733,43.65496707127912,298.1973493106907,0.0,0.0,121.17303875722786,145.93936555607565,1265.2073560142933,33.965197110745489,23.295745617795267,510.341676586628,609.7662113734334,8072.201553012394,0.0,0.0,149.36871581576453,179.5330290466357,1737.592806317341,639.8117177004294,21.29221870204082,36.29134398511322,21.5,30.0,0.0,21.66402834755491,35.5362486806342,16.0,30.0,0.0,21.5714168993036,36.53392580959947,21.0,30.0,0.0,20.973779010473103,37.5505277724895,16.0,30.0,0.0,17.54262606676773,44.86534947672528,12.0,30.0,0.0,21.814643042013758,38.11714353784382,19.0,30.0,0.0,18.73382827123058,41.93933725027904,10.0,30.0,0.0,16.90605683850361,46.85673933297344,16.0,30.0,0.0,17.995325823611794,43.7800771213693,16.0,30.0,0.0,20.24130024147654,0.0,0.0,0.0,18.579809519623625,0.0,0.0,456.6338026168496,458.8993820501116,500.8789977391093,486.9597906640499,460.6228331817936,669.4462246174896,457.80255771478769,459.0635064087204,458.7813544738101,8095.410140715847,82.65206348363813,82.65206348363813,1744.0,0.0,1744.0,1744.0,16.0,16.0,19.0,16.0,16.0,12.0,21.0,10.0,1.0,0.0,639.8117177004294,0.0,0.0,0.0,0.0,0.0,0.0,0.0,0.0,0.0,0.0,82.65206348363813,82.65206348363813,0.34,0.7709821075883692,0.36028137401965956,82.65206348363813,0.3542647819438875,0.0,0.04253422222222223 
 03/14  16:30:00,12.67,66.0,5.96,94.0,147.0,0.0,0.0,0.0,2.0,0.0,0.0,0.0,0.0,0.0,4.0,964.0,0.0,650.2229475034209,34.89825867303243,89.42574413265926,19.496727315440468,518.9371877357455,0.0,34.89825867303241,47.70856540893139,0.0,0.0,20.222155241557446,-35.19099456181357,22.0110097475472,-250.70141959342937,20.736610741049544,-766.8014688650728,20.108916635234026,370.16198593916217,17.4134084353609,22.693615950221898,22.041795585141153,-72.06136745305202,18.1840053013781,160.97310059787425,16.55891248509449,118.56191140682722,17.7116642749025,124.79233593324625,668.9423155940667,151.66427512235078,0.0,0.0,0.0,0.0,0.0,0.0,0.0,0.0,0.0,0.0,0.0,0.0,0.0,0.0,0.0,0.0,0.0,0.0,0.0,0.0,0.0,0.0,0.5904176549189572,0.18022516938918108,239.41557739837794,285.27908428962589,4012.909979515821,0.07864013931752702,0.012002463265800828,189.86686767878843,225.73979155576436,3362.4695610809997,0.5246470746836616,0.09913965885934653,279.44371269359547,332.2258730121869,5036.8275196946419,0.1932364122700535,0.036514817133419027,285.8679838938997,340.80520237046889,4712.030073200605,0.0,0.0,8.538414698289012,10.302183129033577,84.7960450860967,0.0,0.0,13.756175200143847,16.327087302400245,257.8037855118048,0.0,0.0,193.0101663938329,231.93418007078595,2362.8240835798408,0.0,0.0,36.56007405445327,44.20216689751469,316.5609999275261,0.0,0.0,123.71575385372205,149.0364657578582,1336.2575410555053,34.15840691216172,23.42826262836882,448.4303064606587,535.5930304207083,7379.031556619191,0.0,0.0,152.41062231196544,183.24391522486966,1820.3963545876264,36.52127089787195,20.97453158413517,37.332405778426068,21.0,30.0,0.0,21.524015336824449,36.269676124431807,16.0,30.0,0.0,21.630415654371576,36.87031662394251,21.0,30.0,0.0,20.848116619900844,38.38062107037477,16.0,30.0,0.0,17.52614443851709,45.147817295924529,12.0,30.0,0.0,21.993171201138276,39.082165980239668,19.0,30.0,0.0,18.67887900774444,42.50120421205922,10.0,30.0,0.0,16.89210167273476,47.31101336883062,16.0,30.0,0.0,17.961281558727728,44.295453575375507,16.0,30.0,0.0,20.258702672287094,0.0,0.0,0.0,18.51892106341321,0.0,0.0,469.0644821259838,476.02866606287656,519.6715456985518,508.1782178309734,463.0442974448612,736.0543749946046,466.49823945862809,467.3033063546509,468.0360856317738,6543.007173233651,83.67826466135564,83.67826466135564,1744.0,0.0,1744.0,1744.0,16.0,16.0,19.0,16.0,16.0,12.0,21.0,10.0,1.0,0.0,36.52127089787195,0.0,0.0,0.0,0.0,0.0,0.0,0.0,0.0,0.0,0.0,83.67826466135564,83.67826466135564,0.34,0.7666972054192567,0.36028137401965956,83.67826466135564,0.3542647819438875,0.0,0.04350311111111111 
 03/14  16:40:00,12.46,67.0,6.0,82.83333333333334,124.83333333333333,0.0,0.0,0.0,2.0,0.0,0.0,0.0,0.0,0.0,4.0,1928.0,0.0,559.8183439876769,30.69405926150353,78.6525811720395,16.78597260899356,446.78605571221876,0.0,30.694059261503516,41.96110607302727,0.0,0.0,20.798507590607494,-768.1125602817019,21.913363774424356,-11.508447490681647,20.756384490167979,-761.1524557045714,20.128269270752744,351.1514054071504,17.417564373841505,21.175015112023006,22.03763027335853,-88.8044929428888,18.21075771149686,221.32009821285829,16.562553732906186,111.6726857596654,17.702151218530937,101.00122539529287,695.2684570374868,138.24185618061848,0.0,0.0,0.0,0.0,0.0,0.0,0.0,0.0,0.0,0.0,0.0,0.0,0.0,0.0,0.0,0.0,0.0,0.0,0.0,0.0,0.0,0.0,0.6023601484907426,0.1838706191974184,275.43910192867596,327.73327466506006,5172.686011377979,0.13082407725149648,0.019967044757554406,210.96849566218294,251.35465837858849,3825.2806650676077,0.600157803911329,0.1134085041404628,274.42906593940315,326.74736043319697,5045.147230557999,0.20055225682787085,0.03789725185711844,282.64845552769557,337.3778900793198,4778.96050148381,0.0,0.0,9.207725779242553,11.118212773908056,95.1184330757016,0.0,0.0,13.90404472142639,16.518551163894569,268.1741207623735,0.0,0.0,184.03056531826855,221.27636187566083,2346.078529102735,0.0,0.0,35.99077519667751,43.55527167656871,326.2246504045588,0.0,0.0,111.12947556561554,133.9930174073353,1239.4812580192157,34.29181045187452,23.519760255057976,476.3421451280467,569.6498266485937,8086.660271104932,0.0,0.0,138.6181870460947,166.87344937682077,1675.0837858644227,1245.6331966773069,21.790706750475633,35.99470955929988,21.75,30.0,0.0,21.488032350220299,36.585400628271028,16.0,30.0,0.0,21.59401740385225,37.23474780819706,21.0,30.0,0.0,20.851347811908576,38.78241437376752,19.0,30.0,0.0,17.513130744323328,45.432418353534348,12.0,30.0,0.0,22.06005995788506,39.82163970365192,19.0,30.0,0.0,18.720773774699553,42.749311696948009,10.0,30.0,0.0,16.881457073243206,47.69280614889858,16.0,30.0,0.0,17.925724114791536,44.71738333661577,16.0,30.0,0.0,20.320641000696079,0.0,0.0,0.0,18.377250761513964,0.0,0.0,488.289772944511,485.36370687872536,531.278686006009,524.132010073613,466.9693030218805,776.4040548384795,475.64714176361226,474.55301837358879,475.4189998835433,5819.919034748977,82.72722332463484,82.72722332463484,1744.0,0.0,1744.0,1744.0,16.0,19.0,19.0,16.0,16.0,12.0,21.0,10.0,1.0,0.0,1245.6331966773069,0.0,0.0,0.0,0.0,0.0,0.0,0.0,0.0,0.0,0.0,82.72722332463484,82.72722332463484,0.255,0.5777492084477376,0.27021103051474468,82.72722332463484,0.2656985864579156,0.0,0.044472000000000008 
 03/14  16:50:00,12.25,68.0,6.04,71.66666666666667,102.66666666666669,0.0,0.0,0.0,2.0,0.0,0.0,0.0,0.0,0.0,4.0,966.0,0.0,471.4386772204954,26.515743338902248,67.94575050595825,14.135935634849876,376.25101489890269,0.0,26.515743338902234,36.24903142883754,0.0,0.0,20.555201581535277,-269.23272423044366,21.88319660192713,-347.2585140653696,20.807754312851686,-796.0347169266233,20.140457014045823,377.20976073410568,17.424922934402795,21.375046132718269,22.00284217319399,-72.50075257034138,18.23066357289762,88.62542102285124,16.56474221932949,106.96008445885559,17.69226089498477,107.25662464055904,672.533487922301,187.01920762878218,0.0,0.0,0.0,0.0,0.0,0.0,0.0,0.0,0.0,0.0,0.0,0.0,0.0,0.0,0.0,0.0,0.0,0.0,0.0,0.0,0.0,0.0,0.7601996211286214,0.2320511664006781,283.50401359769298,337.15984873070706,5267.43704779917,0.08686875898849543,0.013258357598976714,238.4763380118008,283.5235111008793,4407.657025593642,0.45990767978347726,0.08690621311101236,282.02677235167007,335.3110859041418,5315.734558320934,0.18300298645002156,0.03458106319917262,285.7277441788229,340.6339347062533,4951.8684253669239,0.0,0.0,8.284531845751144,9.996358512044658,89.03010114992765,0.0,0.0,14.225007773016549,16.87250547967524,280.96962113350926,0.0,0.0,186.78096429063303,224.381838345993,2451.897738422878,0.0,0.0,35.54943201014625,42.97747660344203,336.73911571522356,0.0,0.0,121.09476994949977,145.857398009172,1395.8607166681937,34.231908159047637,23.478675006205515,499.61536766770225,596.7615051663114,8564.339863415225,0.0,0.0,149.13583183183409,179.3567928709021,1853.8521156187892,702.5619548836157,21.325828438664414,37.1471325824094,21.5,30.0,0.0,21.520236616399659,36.82020133649257,16.0,30.0,0.0,21.61925871907623,37.38477812200784,21.0,30.0,0.0,20.850069098309868,38.980930494646589,19.0,30.0,0.0,17.50653717546692,45.803663668548768,12.0,30.0,0.0,22.079718435858337,40.616408639685499,19.0,30.0,0.0,18.69961363633962,43.02420287419784,10.0,30.0,0.0,16.87036922428262,48.12750497736444,16.0,30.0,0.0,17.897406243796575,45.15292894402376,16.0,30.0,0.0,20.214250285675456,0.0,0.0,0.0,18.33670905767758,0.0,0.0,491.7421080350631,496.2945499569905,538.6616834699923,531.5106128677268,473.85230727655576,812.5329842296017,482.83960121292815,484.60495291317,485.13577045689217,6437.867874179188,83.7475246464206,83.7475246464206,1744.0,0.0,1744.0,1744.0,16.0,19.0,19.0,16.0,16.0,12.0,21.0,10.0,1.0,0.0,702.5619548836157,0.0,0.0,0.0,0.0,0.0,0.0,0.0,0.0,0.0,0.0,83.7475246464206,83.7475246464206,0.34,0.7703638949933838,0.36028137401965956,83.7475246464206,0.3542647819438875,0.0,0.04621600000000001 
 03/14  17:00:00,12.04,69.0,6.08,60.5,80.5,0.0,0.0,0.0,2.0,0.0,0.0,0.0,0.0,0.0,4.0,966.0,0.0,385.21276776293998,22.366133638369904,57.312485477295258,11.550479046009848,307.43487595201796,0.0,22.36613363836989,30.576200366571216,0.0,0.0,20.336220795005148,-122.32203078063049,21.725581761347788,-138.37890089817894,20.85538451608646,-779.0266640113023,20.162980555024526,366.4292992765122,17.435921119341317,22.177136400099017,21.94601773699048,-79.60110405857057,18.21028765115736,148.99188758944048,16.564686778682387,102.9182465527075,17.68628082401822,98.15780781683907,703.6752763527366,226.85567236899807,0.0,0.0,0.0,0.0,0.0,0.0,0.0,0.0,0.0,0.0,0.0,0.0,0.0,0.0,0.0,0.0,0.0,0.0,0.0,0.0,0.0,0.0,0.7232500088461554,0.22077228597257493,248.1958295198312,295.79549032342649,4477.100609950872,0.12347186282772016,0.0188449119089927,198.29999118384343,235.91348216231379,3728.4081218184576,0.621218046893097,0.11738814189211966,281.8787170867498,335.07662053448686,5451.3211931956889,0.207325140511812,0.03917708626451473,287.8899130375719,343.1689382764557,5120.057972248296,0.0,0.0,8.735452311143753,10.53937093536379,97.62039330734128,0.0,0.0,14.159738850671979,16.79451527275495,285.0638327576133,0.0,0.0,198.42872893124025,238.41471831225153,2676.0019379959869,0.0,0.0,36.46841604376003,44.08937361720736,360.0683403514705,0.0,0.0,128.46821238120706,154.77547520219458,1530.283475603952,34.43660152403416,23.619068260654438,459.36687723496859,548.7150251232904,8181.057578324786,0.0,0.0,157.49576471371774,189.4735813826262,2008.4365131407458,103.7899947630984,20.975325532038235,38.362302021279408,21.0,30.0,0.0,21.403980809818785,37.40065709025623,16.0,30.0,0.0,21.648254370018124,37.67077522772543,21.0,30.0,0.0,20.86501791775248,39.36294114100065,19.0,30.0,0.0,17.506986296119274,46.18907284363986,12.0,30.0,0.0,22.058673163888274,41.263404210924978,19.0,30.0,0.0,18.662241432025625,43.70241948351587,10.0,30.0,0.0,16.85670070458139,48.704527497866298,16.0,30.0,0.0,17.876072804425378,45.755025375055769,16.0,30.0,0.0,20.26230706075213,0.0,0.0,0.0,18.282519811333477,0.0,0.0,508.02218937992026,508.42975665364329,551.8928535973482,546.8711101108661,483.4728180532736,836.3378306791349,500.44393788355088,499.125652626357,500.8794174581284,5207.920182671988,84.56053704730987,84.56053704730987,1744.0,0.0,1744.0,1744.0,16.0,19.0,19.0,16.0,16.0,12.0,21.0,10.0,1.0,0.0,103.7899947630984,0.0,0.0,0.0,0.0,0.0,0.0,0.0,0.0,0.0,0.0,84.56053704730987,84.56053704730987,0.34,0.7685851225232048,0.36028137401965956,84.56053704730987,0.3542647819438875,0.0,0.04796 
 03/14  17:10:00,11.795,70.0,6.121666666666667,49.33333333333333,58.33333333333332,0.0,4.0,0.0,0.0,0.0,0.0,0.0,0.0,0.0,0.0,1932.0,0.0,301.0849783167971,18.24708462919122,46.75753827790393,9.027934619377782,240.29323570937422,0.0,18.24708462919121,24.94514808633664,0.0,0.0,20.96523840337464,-1200.6624400212527,21.628069822758456,23.44045854832825,20.54425205851214,1.2869041725361968,20.19051545233902,-45.45316071593649,17.45219020220207,29.832830910144169,21.582794384304248,-523.1603552488483,18.467506436751849,386.6583948284183,16.57215362892432,109.59560433849708,17.69014402511033,118.36919075940136,701.5982596941713,306.0125298319185,0.0,0.0,0.0,0.0,0.0,0.0,0.0,0.0,0.0,0.0,0.0,0.0,0.0,0.0,0.0,0.0,0.0,0.0,0.0,0.0,0.0,0.0,0.7526314050346811,0.2297409661278025,408.5707625658899,486.03139457435347,8261.194794634475,0.14927207451399367,0.022782673155371439,164.83504865186363,196.46558969029287,3169.6752516146154,0.7585148154524402,0.1433323536380273,198.45890679482137,236.65311838449356,3759.3726735709908,0.20452197150380536,0.03864738690548097,20.705698914481454,24.718548318186458,379.26122788023386,0.0,0.0,11.124854690086155,13.434876448101607,130.10727210202735,0.0,0.0,101.51711446154542,120.923054547391,1984.209658162522,0.0,0.0,306.4391204068501,367.82816698185459,4589.535263313476,0.0,0.0,38.71640841400465,46.84983524233446,401.82811734209289,0.0,0.0,145.92247105573146,175.9331291567221,1811.2925081636022,34.70227056474798,23.80128296621947,354.7465451105937,424.4284634638261,6584.547140257819,0.0,0.0,177.1228717047062,213.24324518554574,2343.908752123549,1807.5101504014838,21.855462679158188,36.73418590517967,22.0,30.0,0.0,21.35758360822848,37.7919251474914,16.0,30.0,0.0,21.17413954315076,38.243887639020247,21.0,30.0,0.0,20.79615853528282,42.412180090139859,19.0,30.0,0.0,17.51817313665324,46.809919991701509,12.0,30.0,0.0,21.48619494365888,38.52816591280592,16.0,30.0,0.0,19.166868282274895,43.84317429185785,10.0,30.0,0.0,16.859443702664448,49.4433999514752,16.0,30.0,0.0,17.877158085006788,46.660033873784119,16.0,30.0,0.0,20.177766914601027,0.0,0.0,0.0,18.266361130549134,0.0,0.0,520.5287639521212,519.0179772208442,520.4211322219394,714.3353258174241,504.90659456881925,600.6975635309889,567.6073359435351,523.6745603435073,534.8669691408412,9444.099960544117,81.76025480240708,83.49040171295246,162.0,0.0,162.0,162.0,16.0,19.0,16.0,16.0,16.0,12.0,21.0,10.0,1.0,0.0,1807.5101504014838,0.0,0.0,0.0,0.0,0.0,0.0,0.0,2618.386522832919,1571031.9136997516,2033468.5933768606,81.76025480240708,83.51978535118708,0.3422795507610973,0.7712907952530071,0.36028137401965956,83.51978535118708,0.3542647819438875,2033468.5933768606,0.11035736685559676 
 03/14  17:20:00,11.55,71.0,6.163333333333334,38.166666666666667,36.16666666666666,0.0,4.0,0.0,0.0,0.0,0.0,0.0,0.0,0.0,0.0,966.0,0.0,182.91987320039716,13.595853468362467,34.83891221543149,5.484800367848406,145.9868040411136,0.0,13.59585346836246,18.586562457537516,0.0,0.0,21.09329573247519,-1527.0394962976989,21.666690016692578,79.89879696792514,20.377708907967184,293.01170566211297,20.142028119380407,-52.23013756802729,17.474223575498784,31.676985241222327,21.161828669090569,-322.24554393306905,18.589280492856945,216.53018489675379,16.592768728610659,114.20235303719562,17.714176866103267,128.19900076858904,730.5635849839564,389.2364594063042,0.0,0.0,0.0,0.0,0.0,0.0,0.0,0.0,0.0,0.0,0.0,0.0,0.0,0.0,0.0,0.0,0.0,0.0,0.0,0.0,0.0,0.0,0.7815162942819627,0.23855808738765653,426.85062507951639,507.0781746402201,8901.836746525882,0.15057435210026819,0.022981433470736905,139.5021070108841,165.98670718916197,2808.6519146174425,0.9936098986214133,0.1877569725286118,223.8567800118766,266.66694652994706,4295.707030046933,0.20963504118926019,0.03961357543258884,16.19090362603026,19.30314392753619,301.7135456395429,0.0,0.0,10.692554167178795,12.89637397119187,130.9188528979911,0.0,0.0,86.57274417602113,103.20041995707887,1642.4492769882268,0.0,0.0,310.612179579516,372.3509919176801,4873.4022713635,0.0,0.0,40.616496612647519,49.08908652440144,444.18215093938667,0.0,0.0,158.23957794200536,190.5700673092955,2054.6975834666225,35.0881011982785,24.06591303036935,365.9590130207798,437.27306438302358,7003.116536647549,0.0,0.0,191.6964626965027,230.55887497563669,2637.8144277698168,1851.9043552062395,21.924358297871156,36.6188729117265,22.0,30.0,0.0,21.563622193536504,37.38667641332577,16.0,30.0,0.0,21.0392519666889,38.6071214909782,21.0,30.0,0.0,20.673920953727625,46.2336933447758,19.0,30.0,0.0,17.541587623903525,47.50513480217319,12.0,30.0,0.0,20.950087912483704,39.0780908640763,16.0,30.0,0.0,19.279246146272965,43.18222202745652,10.0,30.0,0.0,16.886871916018835,50.24826178474245,16.0,30.0,0.0,17.913159986872967,47.17452919955335,16.0,30.0,0.0,20.21066205320136,0.0,0.0,0.0,18.28979237441783,0.0,0.0,518.6296487692739,519.0780956468661,519.270706012471,922.8600386206169,530.6954981253981,557.889434467965,546.8253695825207,555.4976861690502,558.1665508721518,8561.78585846892,82.34367948068976,82.34367948068976,162.0,0.0,162.0,162.0,16.0,19.0,16.0,16.0,16.0,12.0,21.0,10.0,1.0,0.0,1851.9043552062395,0.0,0.0,0.0,0.0,0.0,0.0,0.0,0.0,0.0,0.0,82.34367948068976,82.34367948068976,0.34,0.7710162668204958,0.36028137401965956,82.34367948068976,0.3542647819438875,0.0,0.0047610000000000009 
 03/14  17:30:00,11.305,72.0,6.205,27.0,14.0,0.0,4.0,0.0,0.0,0.0,0.0,0.0,0.0,0.0,0.0,483.0,0.0,98.56528118782558,9.66233326383601,24.75938823066789,2.9554577405351516,78.66418082658082,0.0,9.662333263836004,13.209142119083217,0.0,0.0,21.22941477692921,-1457.7424434020796,21.617201572388859,32.78001406313251,20.330412195753398,316.0059067263901,20.112785356274594,-50.23487808757375,17.49391174815134,30.26361321380199,20.880899961475305,-237.69456599535534,18.57302462032871,195.795146827817,16.612950659783566,115.40613461461476,17.73635848317835,130.10385929316545,711.5496956612133,415.6836984651927,0.0,0.0,0.0,0.0,0.0,0.0,0.0,0.0,0.0,0.0,0.0,0.0,0.0,0.0,0.0,0.0,0.0,0.0,0.0,0.0,0.0,0.0,0.8119218870024624,0.2478394038469055,387.0629300780786,458.57002608844206,8359.616617002612,0.14373894259537449,0.021938178051797084,84.06152522801944,99.74934198584491,1739.5207540335499,1.0735387596396598,0.2028606877625964,241.67272526230679,287.3222290430901,4746.876862274823,0.20513247836049343,0.03876275101294281,12.326056008550589,14.639959007279194,234.9784576876504,0.0,0.0,10.208358628755088,12.281864720151507,130.47644574801283,0.0,0.0,78.29858495127574,93.21108465742911,1475.1116985725587,0.0,0.0,298.41284894771305,356.97301877035366,4787.198150342934,0.0,0.0,40.27587414619616,48.5607173917114,462.91825664877526,0.0,0.0,153.47346349201505,184.38868904237544,2079.5235072729067,35.40449087419708,24.28291555157551,317.41445203359566,378.61095346418429,6227.301363719675,0.0,0.0,186.52384665930397,223.91031473348805,2622.6327359523586,1792.1369338647756,22.045042769497223,36.46004769882638,22.0,30.0,0.0,21.583199295888716,37.42540773993861,16.0,30.0,0.0,21.015357399429264,38.83258751165334,21.0,30.0,0.0,20.59980820891722,49.72812308246793,19.0,30.0,0.0,17.557939803659047,47.79405556820176,12.0,30.0,0.0,20.629565642949765,39.74561923037741,16.0,30.0,0.0,19.203167191890555,43.518983356674308,10.0,30.0,0.0,16.91325474160137,50.17352564206961,16.0,30.0,0.0,17.943905478096828,46.99574755690119,16.0,30.0,0.0,20.05017240898451,0.0,0.0,0.0,18.18754145270751,0.0,0.0,522.812524103249,521.0136383469603,525.3253894860837,1118.744526162032,539.2092131720206,547.6120038636037,549.150125026277,551.7854365319612,550.5280625708376,8376.59545390714,82.46619999015084,82.46619999015084,162.0,0.0,162.0,162.0,16.0,19.0,16.0,16.0,16.0,12.0,21.0,10.0,1.0,0.0,1792.1369338647756,0.0,0.0,0.0,0.0,0.0,0.0,0.0,0.0,0.0,0.0,82.46619999015084,82.46619999015084,0.34,0.772044262017832,0.36028137401965956,82.46619999015084,0.3542647819438875,0.0,0.004905 
 03/14  17:40:00,11.06,73.0,6.246666666666666,22.5,11.666666666666668,0.0,4.0,0.0,0.0,0.0,0.0,0.0,0.0,0.0,0.0,966.0,0.0,86.58511168460709,7.928208374191972,20.31575476772093,2.5962333992068955,69.10288308289023,0.0,7.928208374191968,10.838461922687916,0.0,0.0,20.674931520785799,-105.13447829850156,21.47004758329718,-242.67825878255963,20.718366011989106,-133.23502275995089,20.11294765943498,-39.53423462045714,17.51202472893718,25.684628477414749,20.72808556646746,-195.036006745554,18.517760098829116,115.0216506178349,16.614414911339048,97.08987834299683,17.729959065675368,81.87907631167946,717.5986395168629,437.4426740348986,0.0,0.0,0.0,0.0,0.0,0.0,0.0,0.0,0.0,0.0,0.0,0.0,0.0,0.0,0.0,0.0,0.0,0.0,0.0,0.0,0.0,0.0,0.8903284880038653,0.27177304273622268,459.0230672991279,547.4674231752688,9023.612054707834,0.12336276110012061,0.01882826024116615,213.43934418039357,253.9010458795521,4397.691549430474,0.9812827924029467,0.18542758737772997,215.11186212773243,256.11363512809427,4525.052643393445,0.15911844022740738,0.03006773246927576,10.652789044110009,12.693864340987528,207.68286288205946,0.0,0.0,9.291015718457669,11.207493833223257,123.48991399109909,0.0,0.0,72.95517826327492,87.1050599247983,1391.6774199580462,0.0,0.0,281.8093546734475,338.1405983314837,4582.862353027164,0.0,0.0,38.9202482601024,47.04812883406096,465.79243354840596,0.0,0.0,149.57168794328295,180.16273871700819,2092.3291676321939,35.58553778121437,24.407090384920705,401.28504952479707,479.9261353330943,7865.033205749717,0.0,0.0,181.72948255387366,218.7934480666446,2597.370438593849,0.0,20.79647897986064,39.40505466471997,21.0,30.0,0.0,21.382369868090494,37.993800196738209,21.0,30.0,1096.2097699866907,21.58928320514919,37.83750714501591,21.5,30.0,0.0,20.585017888144408,51.33430195247708,19.0,30.0,0.0,17.565466745757435,47.90137367291582,12.0,30.0,0.0,20.499918966101384,40.106896649906278,16.0,30.0,0.0,19.059389861606456,43.835494005152209,10.0,30.0,0.0,16.901676604912898,50.215679102253627,16.0,30.0,0.0,17.915998104287078,47.10525101342829,16.0,30.0,0.0,19.9841587060737,0.0,0.0,0.0,18.055443230996209,0.0,0.0,524.1232292273867,522.2948555445116,542.7307178851729,1211.900501348465,541.6219571712575,546.1881968925179,542.3447645956796,548.4479467950694,547.6336508376749,8209.178041108698,82.57688587369495,82.57688587369495,162.0,0.0,162.0,162.0,21.0,19.0,16.0,16.0,16.0,12.0,21.0,10.0,1.0,0.0,0.0,0.0,1096.2097699866907,0.0,0.0,0.0,0.0,0.0,0.0,0.0,0.0,82.57688587369495,82.57688587369495,0.34,0.7696928982273652,0.36028137401965956,82.57688587369495,0.3542647819438875,0.0,0.0050490000000000009 
 03/14  17:50:00,10.815,74.0,6.288333333333334,18.000000000000005,9.333333333333334,0.0,4.0,0.0,0.0,0.0,0.0,0.0,0.0,0.0,0.0,1932.0,0.0,76.43657175091987,6.179259997709529,15.834137816518397,2.2919296325320546,61.00338995888179,0.0,6.179259997709526,8.447516895945509,0.0,0.0,21.11166824075669,-1108.8508961858352,21.273010121089699,43.221666837157048,20.6437188069462,-203.95666180909644,20.120920789129916,-40.826815365637788,17.52847740562502,22.729914536087919,20.580940423876485,-214.2184054439091,18.464619198287527,195.88874418786419,16.59933184669663,78.36334821747039,17.697021489925985,33.299804468038477,732.7886794642614,403.42526883498888,0.0,0.0,0.0,0.0,0.0,0.0,0.0,0.0,0.0,0.0,0.0,0.0,0.0,0.0,0.0,0.0,0.0,0.0,0.0,0.0,0.0,0.0,0.9803856548763845,0.2992630204140368,385.751189412597,459.2160045490086,8482.62871166728,0.20270073323637029,0.030937230347431366,204.45329448669555,243.90205280613399,4255.821110551538,0.8878512399925382,0.16777234315807605,151.9076223413892,181.14203306472315,3227.2831675209415,0.16560136362701956,0.03129277468386611,10.263362405305783,12.24190284744004,205.48819901744597,0.0,0.0,9.668962199303725,11.674645212218123,133.4305762402347,0.0,0.0,73.78924855076854,88.259831847279,1422.6657921535626,0.0,0.0,274.70297884251075,330.0756809056987,4557.900349335005,0.0,0.0,37.569681125616707,45.47252868883078,465.4785328360885,0.0,0.0,137.95690845890497,166.40989009803639,1980.2938239032463,36.004139733350587,24.69419734797709,326.3799665573077,390.9286946611644,6670.833791235622,0.0,0.0,168.37530110117795,203.10634234227286,2419.4526340811496,1634.1957360739039,21.760693687125774,37.29739129261196,21.75,30.0,0.0,21.15303463587626,38.73582315067725,21.0,30.0,0.0,21.288479065330117,38.546140011993248,21.0,30.0,0.0,20.58587514030475,53.01575693677633,19.0,30.0,0.0,17.57071335169816,47.98070206682995,12.0,30.0,0.0,20.352008493837393,40.47892210009307,16.0,30.0,0.0,18.98007065756437,44.12370174570566,10.0,30.0,0.0,16.863740593512526,50.361096229792938,16.0,30.0,0.0,17.850455865009324,47.31797938621865,16.0,30.0,0.0,19.90454614061607,0.0,0.0,0.0,17.842347861009146,0.0,0.0,527.3340950036185,530.7771585068001,537.738279853096,1310.866793794082,542.0200330115235,542.3667139085885,540.4459174899696,545.4471096630837,544.1833735289586,9516.82638501383,81.71223026941931,83.40121663736557,162.0,0.0,162.0,162.0,21.0,19.0,16.0,16.0,16.0,12.0,21.0,10.0,1.0,0.0,1634.1957360739039,0.0,0.0,0.0,0.0,0.0,0.0,0.0,2556.155698902953,1533693.4193417719,1986168.1164408376,81.71223026941931,83.42990123294324,0.3402051899634318,0.7687892173727282,0.36028137401965956,83.42990123294324,0.3542647819438875,1986168.1164408376,0.10844674205492355 
 03/14  18:00:00,10.57,75.0,6.33,0.0,0.0,0.0,4.0,0.0,0.0,0.0,0.0,0.0,0.0,0.0,0.0,483.0,0.0,0.0,0.0,0.0,0.0,0.0,0.0,0.0,0.0,0.0,0.0,21.12353600640502,-1581.3337312228323,21.338881288517937,160.17440403473484,20.333757241894824,248.3252525386215,20.111366102986297,-53.82440995238102,17.545974691055649,23.6009387366978,20.393632183833284,-174.5331330287354,18.54014654001005,177.82852281699707,16.580476679579627,83.50212439775828,17.65282161078322,53.60600961469572,818.208018752508,469.0312247882166,0.0,0.0,0.0,0.0,0.0,0.0,0.0,0.0,0.0,0.0,0.0,0.0,0.0,0.0,0.0,0.0,0.0,0.0,0.0,0.0,0.0,0.0,1.0111670438669159,0.30865904879942487,453.4388507809233,538.0315991652587,10111.479321587925,0.20871547637996663,0.03185523143772385,193.20700011239934,229.4417383600281,4212.175711454768,1.1180158489208545,0.21126527757385769,205.52035246769706,244.36669428952733,4341.867431653849,0.17517109788010069,0.03310111448981493,11.685978483250003,13.869734126681458,239.17443873030693,0.0,0.0,9.845211608807152,11.845659835942279,141.14274285250893,0.0,0.0,70.37398392569929,83.92852685540056,1365.6395452773002,0.0,0.0,284.9110455666517,341.035391824523,4929.598229641333,0.0,0.0,38.997756990702189,47.04361304491013,500.13195324492036,0.0,0.0,146.0689171665037,175.62821076185734,2150.346427612894,36.39375761517718,24.961424976116044,394.56574606029246,470.52422039638477,8334.46440553685,0.0,0.0,178.0140842579502,214.04792964977077,2619.7567856911625,1779.25997908431,21.639980782014488,37.6297724196712,22.0,30.0,0.0,21.396069433613769,38.18662718285551,21.0,30.0,31.367761629510967,21.00102881591821,39.544197398703399,21.0,30.0,0.0,20.560309797977188,54.31073225211431,19.0,30.0,0.0,17.585245016266297,48.065054930615797,12.0,30.0,0.0,20.157662119646476,41.03552718958309,16.0,30.0,0.0,19.084863711864466,43.84988282400841,10.0,30.0,0.0,16.826889505183265,50.51864929547634,16.0,30.0,0.0,17.779147455844354,47.57377838358441,16.0,30.0,0.0,20.152555739838307,0.0,0.0,0.0,17.763080484734915,0.0,0.0,526.464009225458,529.9610667427525,556.244305274697,1381.052968410105,540.6072626417013,538.8483285850224,536.8658967216873,541.0231292226087,540.4727975276068,11164.142764769704,80.62273048582175,87.87680178743458,162.0,0.0,162.0,162.0,21.0,19.0,16.0,16.0,16.0,12.0,21.0,10.0,1.0,0.0,1779.25997908431,0.0,31.367761629510967,0.0,0.0,0.0,0.0,0.0,10977.704892220578,6586622.935332347,8544678.797627375,80.62273048582175,88.0,0.3659234964073526,0.7708450008865486,0.36028137401965956,88.0,0.3542647819438875,8544678.797627375,0.44960629747662347 
 03/14  18:10:00,10.405000000000002,75.5,6.306666666666667,0.0,0.0,0.0,0.0,0.0,0.0,0.0,0.0,4.0,0.0,0.0,0.0,1932.0,0.0,0.0,0.0,0.0,0.0,0.0,0.0,0.0,0.0,0.0,0.0,21.192149097424069,-646.8625513989186,21.43617756489236,-23.555141222861225,20.940722075715699,-1193.6173581730732,20.176956663817827,499.2199859766806,17.563121800093165,21.93309217859884,20.294309675369509,-152.63634166865053,18.52026814416033,143.2155079985887,16.571479408666268,70.53778667553235,17.6293106895044,18.88654299037512,774.1590569069649,517.9050414344797,0.0,0.0,0.0,0.0,0.0,0.0,0.0,0.0,0.0,0.0,0.0,0.0,0.0,0.0,0.0,0.0,0.0,0.0,0.0,0.0,0.0,0.0,0.9783898933297552,0.29865381359272138,257.5497534313948,306.511667095434,5896.134753571318,0.21582721017913893,0.032940660894251978,13.037458252062655,15.515146000723617,297.6353830282226,0.9393015419753126,0.1774946224443146,428.7970776571509,510.1588486405917,9896.341803769461,0.26648260308655249,0.05035574510327898,322.4307085891257,384.7275963347928,6768.874694886909,0.0,0.0,9.561900817572765,11.54495225854594,140.3753419748767,0.0,0.0,64.80143552045327,77.57887666776995,1270.0125129447948,0.0,0.0,287.177193517604,345.0109321748527,5024.470276028951,0.0,0.0,38.737942938708,46.898721713579707,507.81708945543996,0.0,0.0,153.94046157559124,185.76569137601264,2304.060226022176,37.05021355046509,25.41166910182792,427.8040717181764,512.3996097588708,8978.743172373703,0.0,0.0,185.8016467990571,224.25236141907267,2765.9533945221539,776.1125304265864,21.729217423081125,40.49332773904782,21.75,30.0,0.0,21.569346869761689,40.727963191217018,21.0,30.0,1774.9167298379562,21.81013528101473,40.82985311941809,21.5,30.0,0.0,20.778135950936365,43.201366430924917,16.0,30.0,0.0,17.59360498248011,48.12982451205188,12.0,30.0,0.0,20.09133529430063,41.39796242895765,16.0,30.0,0.0,19.0180189344182,44.80156098072338,10.0,30.0,0.0,16.80438299897753,50.630098925492237,16.0,30.0,0.0,17.738411270845135,47.779507229353637,16.0,30.0,0.0,19.924670752583638,0.0,0.0,0.0,17.683032302163327,0.0,0.0,724.4726934063752,701.8965344378504,760.1217742786993,742.9290629061677,542.1970684002762,547.6487652407243,573.51228496935,538.7758286907476,539.7548596168433,6259.207019814738,82.30656669544217,82.30656669544217,240.0,0.0,240.0,240.0,21.0,16.0,16.0,16.0,16.0,12.0,21.0,10.0,1.0,0.0,776.1125304265864,0.0,1774.9167298379562,0.0,0.0,0.0,0.0,0.0,0.0,0.0,0.0,82.30656669544217,82.30656669544217,0.255,0.5766173899343208,0.27021103051474468,82.30656669544217,0.2656985864579156,0.0,0.008 
 03/14  18:20:00,10.240000000000002,76.0,6.283333333333334,0.0,0.0,0.0,0.0,0.0,0.0,0.0,0.0,4.0,0.0,0.0,0.0,968.0,0.0,0.0,0.0,0.0,0.0,0.0,0.0,0.0,0.0,0.0,0.0,20.6673494797192,-124.9765026994537,21.545176711284716,-82.4103645533082,20.718531419676127,-560.1703448664448,20.213053785914945,94.11942299678003,17.582842263067719,19.4493666465207,20.18976057759358,-130.6929847585891,18.454284446615078,87.85201146687632,16.556272399015179,68.13419886416625,17.592973694031785,19.662162949658524,655.5020129614645,544.5274178437671,0.0,0.0,0.0,0.0,0.0,0.0,0.0,0.0,0.0,0.0,0.0,0.0,0.0,0.0,0.0,0.0,0.0,0.0,0.0,0.0,0.0,0.0,1.065305600467254,0.3251848597274891,86.7987056251536,103.44733721488082,1898.7495537614055,0.10468727757172787,0.015977911717296686,21.738900633420763,25.77406280487653,506.5950430535761,1.0379553687466275,0.19613669099520557,254.37120173075119,303.0934597273386,5664.65403206371,0.24306382025422167,0.04593042710775162,232.66214227999235,277.54721283071856,4998.829326091845,0.0,0.0,8.96708698479927,10.814252168575166,134.92135419422795,0.0,0.0,63.74511422410531,76.23265502019803,1258.9112875269685,0.0,0.0,281.9413343138914,338.45730888465615,4951.1655665669409,0.0,0.0,38.45669897126214,46.505348747433327,514.7129391913807,0.0,0.0,154.68378748815315,186.46631303346153,2349.5763729301836,37.20941344554221,25.520859702017988,238.58906156728933,286.0164319275515,5141.251735759838,0.0,0.0,186.62724997501517,225.02691119271567,2806.6260008572664,144.7985027614546,20.973310508227429,41.965692505125527,21.0,30.0,0.0,21.77860642361683,44.11817770424436,21.0,30.0,1336.1153106282489,21.477534018259577,40.584677810401938,21.5,30.0,0.0,20.795594035968717,43.01058712223784,16.0,30.0,0.0,17.60773375046461,48.48200010163852,12.0,30.0,0.0,19.996400316052996,42.364075617139999,16.0,30.0,0.0,18.877608832753148,45.549049196660678,10.0,30.0,0.0,16.77233599039263,51.22320629153057,16.0,30.0,0.0,17.679630274478975,48.541139231759547,16.0,30.0,0.0,19.329986269714924,0.0,0.0,0.0,17.58991206947605,0.0,0.0,695.6686606566157,928.1719818095733,689.6403475048796,732.0867783379374,557.2200648810815,584.9053770047976,591.1403200327469,557.7869581660702,565.7727156029334,9519.86671425421,81.71023490789678,81.71023490789678,240.0,0.0,240.0,240.0,21.0,16.0,16.0,16.0,16.0,12.0,21.0,10.0,1.0,0.0,144.7985027614546,0.0,1336.1153106282489,0.0,0.0,0.0,0.0,0.0,0.0,0.0,0.0,81.71023490789678,81.71023490789678,0.34,0.7678563555642521,0.36028137401965956,81.71023490789678,0.3542647819438875,0.0,0.008066666666666667 
 03/14  18:30:00,10.075,76.5,6.26,0.0,0.0,0.0,0.0,0.0,0.0,0.0,0.0,4.0,0.0,0.0,0.0,1936.0,0.0,0.0,0.0,0.0,0.0,0.0,0.0,0.0,0.0,0.0,0.0,21.2782528450019,-1233.610803297248,21.566904936572766,-121.27153570050041,20.799044025848806,-226.1676944872993,20.071759933361976,281.02772494439616,17.59878549919415,17.2863869202168,20.098453340828458,-146.57965339158046,18.43294800876069,173.29040717263843,16.5411795293991,56.16066414441224,17.55682642275987,-12.609088491691864,756.6675631834819,530.4946084156852,0.0,0.0,0.0,0.0,0.0,0.0,0.0,0.0,0.0,0.0,0.0,0.0,0.0,0.0,0.0,0.0,0.0,0.0,0.0,0.0,0.0,0.0,1.0220825638769756,0.3119910146144614,291.9840411460784,347.1092681212752,6958.609761599602,0.07563974802348697,0.011544528086612787,24.5852113948193,29.226498818823193,581.8017421728802,1.19708768935266,0.22620704636293663,294.2081390184053,350.8861118521428,6604.455998329916,0.29017220244371358,0.05483223780115523,262.7883648499095,313.8531336721662,5576.88208823002,0.0,0.0,9.205554581576461,11.11188102181185,141.73389367596259,0.0,0.0,64.66227107912175,77.44334507951463,1288.0954403042879,0.0,0.0,281.29857852265368,338.0475238991997,5023.811590266326,0.0,0.0,38.36820284299216,46.45083772330483,523.8331703911316,0.0,0.0,149.09336849093593,179.94601059980855,2296.5331476581116,37.685388509834258,25.84731722210855,300.62143367310878,360.6351482850025,6405.215964656039,0.0,0.0,180.381445029872,217.84382585074347,2715.925059575343,1799.281025801311,21.909294091156917,39.404345530273378,22.0,30.0,0.0,21.828361561161367,45.257280730187748,21.0,30.0,0.0,21.190139754911209,41.12671232942768,21.0,30.0,0.0,20.590555761619656,42.81072779103757,16.0,30.0,0.0,17.616229470037966,48.79395616066278,12.0,30.0,0.0,19.914845229946793,42.98884021315447,16.0,30.0,0.0,18.861615083531139,46.12327208407135,10.0,30.0,0.0,16.73974942346654,51.95296403080183,16.0,30.0,0.0,17.62031948089012,49.330514299298318,16.0,30.0,0.0,19.413417631934885,0.0,0.0,0.0,17.429574711363526,0.0,0.0,677.1655285999046,997.0231361512092,674.9446150221919,684.3777421086676,570.9734098531365,605.3137645786055,614.9100980739053,584.2419523839208,592.8055876580291,9115.331544551844,81.97768883824488,81.97768883824489,240.0,0.0,240.0,240.0,21.0,16.0,16.0,16.0,16.0,12.0,21.0,10.0,1.0,0.0,1799.281025801311,0.0,0.0,0.0,0.0,0.0,0.0,0.0,0.0,0.0,0.0,81.97768883824488,81.97768883824488,0.34,0.770214343013759,0.36028137401965956,81.97768883824488,0.3542647819438875,0.0,0.008133333333333333 
 03/14  18:40:00,9.91,77.0,6.236666666666667,0.0,0.0,0.0,0.0,0.0,0.0,0.0,0.0,4.0,0.0,0.0,0.0,4356.0,0.0,0.0,0.0,0.0,0.0,0.0,0.0,0.0,0.0,0.0,0.0,21.30869500521737,-1604.418155595835,21.58127250970435,-135.33203807439777,20.468866308458986,290.0858398444794,20.050899856486816,230.17303850487799,17.616476037122838,17.818148564913419,20.01046573648571,-122.8434616781004,18.49344421800828,147.97146666089945,17.524565686007774,-19.24330609626286,17.516707116527536,-15.282378484750585,709.4834018033515,582.5105708728257,0.0,0.0,0.0,0.0,0.0,0.0,0.0,0.0,0.0,0.0,0.0,0.0,0.0,0.0,0.0,0.0,0.0,0.0,0.0,0.0,0.0,0.0,0.9992569551872272,0.30502349059439246,318.39612262132808,378.9805295474494,7653.492246503698,0.05466989921720483,0.008344001712027618,25.529044554011507,30.350803377268265,614.1059876006491,1.2947776775676717,0.24466698366736107,247.42294628875144,295.22201278589929,5614.686385547652,0.30873676139163538,0.05834027993039227,262.1741986465776,313.4204738389768,5633.283802068456,0.0,0.0,9.123619595666,11.019743703757938,143.76008820017877,0.0,0.0,59.243938281498007,71.01365084539872,1190.878618311912,0.0,0.0,279.7211353245599,336.3068858744015,5131.14249791665,0.0,0.0,22.80993580567333,27.547073119952964,374.7135736045361,0.0,0.0,166.26591050049005,200.8205521147502,2596.560861104077,38.07289226336233,26.11309483083842,262.68414741583748,315.47468322665108,5673.831316253582,0.0,0.0,183.44495705411078,221.73448139320193,2808.479017350593,1790.2716599905132,21.849401106692228,39.33917273122013,22.000000000000047,30.000000000000065,0.0,21.868821328189374,45.95972401268101,21.000000000000044,30.000000000000065,0.0,21.13035475914249,41.12290516684175,21.000000000000044,30.000000000000065,0.0,20.55619295144736,42.76237496608036,16.000000000000033,30.000000000000065,0.0,17.629783717827555,49.180529933452998,12.000000000000029,30.000000000000065,0.0,19.83859859112635,43.483819787980987,19.000000000000044,30.000000000000065,0.0,18.941209239028816,46.22987353788117,10.000000000000022,30.000000000000065,1307.6916737416132,18.25904425774471,47.746523055409948,20.700000000000047,30.000000000000065,0.0,17.559593421376947,50.122355121826647,16.000000000000033,30.000000000000065,0.0,19.235415294384369,0.0,0.0,0.0,17.390286695897225,0.0,0.0,659.5132502430645,1037.847547525447,661.8228320930585,672.0758786808445,588.2846048818869,618.1953705490722,627.5887018530647,606.1468689227884,617.1885757242563,9956.793720806918,81.42126154946893,83.02250185506652,240.0000000000005,0.0,240.0000000000005,240.0000000000005,21.0,16.0,19.0,16.0,19.7,12.0,21.0,10.0,1.0,0.0,1790.2716599905132,0.0,0.0,0.0,0.0,0.0,1307.6916737416132,0.0,2423.1963032152627,1453917.7819291559,1897279.7077210192,81.42126154946893,83.04969623120857,0.34521765455162059,0.7689675638386232,0.36028137401966039,83.04969623120857,0.3542647819438883,1897279.7077210192,0.10685854480149301 
 03/14  18:50:00,9.745,77.5,6.213333333333334,0.0,0.0,0.0,0.0,0.0,0.0,0.0,0.0,4.0,0.0,0.0,0.0,2420.0,0.0,0.0,0.0,0.0,0.0,0.0,0.0,0.0,0.0,0.0,0.0,21.35474536260231,-1600.6697540020805,21.58031715244489,-146.07918014169224,20.4278516827557,310.94770291781756,20.02118385706568,237.4098276528926,17.635637144724485,17.19157595430918,19.93293201931546,-114.55780908685974,18.484388655682446,116.63821949367922,18.697473287462395,-110.06122994824138,17.47807590203902,-19.607575254794033,717.8772206138038,647.2639650735775,0.0,0.0,0.0,0.0,0.0,0.0,0.0,0.0,0.0,0.0,0.0,0.0,0.0,0.0,0.0,0.0,0.0,0.0,0.0,0.0,0.0,0.0,1.002705952033208,0.30607629793443477,314.7631461588318,374.51047776915916,7653.684388218185,0.03747719569422221,0.0057199627127933788,26.769905967212869,31.80758656821037,653.0416412175464,1.2991593182281372,0.24549495809299658,246.6404086404139,294.1704838296352,5663.829911173059,0.31010613540961065,0.0585990429723376,263.82268419775326,315.278242426565,5734.9143240137059,0.0,0.0,9.071940686784448,10.950764458685314,146.29858329115496,0.0,0.0,57.87082897495047,69.34353894335416,1175.0523474494249,0.0,0.0,276.89275113984515,332.7597055186487,5153.2943706559349,0.0,0.0,27.07190784586216,32.35680797725611,580.0566392496445,0.0,0.0,181.9852394241143,219.74597926317677,2882.2868546934735,38.40424059127755,26.340357058489415,262.12666185219185,314.7139769830898,5734.149044976504,0.0,0.0,188.0556037646935,227.1875888097058,2934.0248697540589,1806.5569206726926,21.82062385660586,39.37952610957785,22.0,30.0,0.0,21.881905840591537,46.136253834776,21.0,30.0,0.0,21.09761765945961,41.17370325403462,21.0,30.0,0.0,20.513777070488815,42.830259603013669,16.0,30.0,0.0,17.64648668920003,49.54065510843161,12.000000000000002,30.0,0.0,19.771973055507144,43.92150150096768,19.0,30.0,0.0,18.906631735865259,46.515303934939399,10.0,30.0,1205.3043943240287,20.269592277747415,42.40918007731422,20.7,30.0,0.0,17.501172792260815,50.61376938537466,16.0,30.0,0.0,19.174551438241399,0.0,0.0,0.0,17.36746266371474,0.0,0.0,655.6781037945627,1044.3919294726302,657.1833593064316,666.3006656031897,604.2032652656012,628.3728480613576,634.0841121091588,620.2245974598723,627.8754106771096,9545.920614784762,81.69296511783016,83.08578358781655,240.0,0.0,240.0,240.0,21.0,16.0,19.0,16.0,19.7,12.0,21.0,10.0,1.0,0.0,1806.5569206726926,0.0,0.0,0.0,0.0,0.0,1205.3043943240287,0.0,2107.8637951410416,1264718.2770846249,1637884.6810718284,81.69296511783016,83.10943826927691,0.3422621265047014,0.7698707123835951,0.36028137401965956,83.10943826927691,0.35426478194388757,1637884.6810718284,0.09338333674906842 
 03/14  19:00:00,9.58,78.0,6.19,0.0,0.0,0.0,0.0,0.0,0.0,0.0,0.0,4.0,0.0,0.0,0.0,484.0,0.0,0.0,0.0,0.0,0.0,0.0,0.0,0.0,0.0,0.0,0.0,21.456201275920919,-1700.2786490839954,21.571914403533897,-149.10710243542395,20.410217082843095,339.8567933928625,19.99848166215342,242.9886498027263,17.65682228130078,16.453407927401316,19.845425194337829,-110.66638406789707,18.45785040393384,122.95142836834748,19.041779557817369,-163.55126670481446,17.452603525253566,3.066522829911264,722.3604075410149,696.0747767365392,0.0,0.0,0.0,0.0,0.0,0.0,0.0,0.0,0.0,0.0,0.0,0.0,0.0,0.0,0.0,0.0,0.0,0.0,0.0,0.0,0.0,0.0,1.0092411126533243,0.30807115770858498,318.14309867111697,376.8435869026561,7904.789443767937,0.03811969814885106,0.005818024747993141,27.011902648012016,31.941427014840749,668.3645790544797,1.318684832662771,0.24918458667096966,246.66145387934385,292.98422736036607,5749.873251002226,0.3136033684883149,0.059259895783884127,263.9666044237186,314.1866958250339,5812.454118902699,0.0,0.0,9.099957782323493,10.938801772026825,150.2784931069202,0.0,0.0,58.29671845504462,69.58924304490498,1193.3297349975588,0.0,0.0,276.13704685976446,330.56005180500309,5202.967362785883,0.0,0.0,35.38458882522701,42.08722409678652,797.1771498742976,0.0,0.0,186.69599804330793,224.5591158097015,3009.6850154784685,38.73743613833095,26.568886240281868,262.2823451413041,313.65007389006919,5830.276987270106,0.0,0.0,191.35889501030233,230.23816538189633,3054.7835131548465,1909.2479855403195,21.916529468255296,39.138919545358998,22.0,30.0,0.0,21.88206250205222,46.1659628393954,21.0,30.0,0.0,21.096615495306656,41.19217131206842,21.0,30.0,0.0,20.480830021172009,42.91781028866146,16.0,30.0,0.0,17.667930104458145,49.88182246816318,12.0,30.0,0.0,19.67981929429834,44.36578834411897,19.0,30.0,0.0,18.848410208590818,46.7998611296471,10.0,30.0,779.280161956285,20.738164946611005,41.50845447771001,20.7,30.0,0.0,17.469246870795084,50.87585816106389,16.0,30.0,0.0,19.145612890812289,0.0,0.0,0.0,17.376352927388799,0.0,0.0,653.1865387781028,1041.035310023883,655.5635100466457,663.7061818870168,619.2657631443398,635.2305205372237,637.6207845580574,633.4110719711326,632.921397082954,8785.593310598695,82.19578105554082,82.19578105554082,240.0,0.0,240.0,240.0,21.0,16.0,19.0,16.0,19.7,12.0,21.0,10.0,1.0,0.0,1909.2479855403195,0.0,0.0,0.0,0.0,0.0,779.280161956285,0.0,0.0,0.0,0.0,82.19578105554082,82.19578105554082,0.34,0.7712652259052562,0.36028137401965956,82.19578105554082,0.3542647819438875,0.0,0.008226666666666665 
 03/14  19:10:00,9.451666666666667,78.16666666666667,6.323333333333334,0.0,0.0,0.0,0.0,1.0,2.0,0.0,0.0,4.0,0.0,0.0,0.0,1936.0,0.0,0.0,0.0,0.0,0.0,0.0,0.0,0.0,0.0,0.0,0.0,21.434207163336774,-1086.0893946597799,21.564698598592679,-130.87776652036363,20.87961851174031,-818.8540990464398,20.088146518701558,532.6875085269239,17.671767161152439,15.335074538416507,19.8955145662567,-39.98053866619726,18.429254923314536,93.17627154387674,18.653142005004967,-98.83186111882239,17.433114220116054,-24.876244812205188,805.9772628405335,664.9224030001719,0.0,0.0,0.0,0.0,0.0,0.0,0.0,0.0,0.0,0.0,0.0,0.0,0.0,0.0,0.0,0.0,0.0,0.0,0.0,0.0,0.0,0.0,1.0679360679282768,0.32598781072291729,221.52282273649653,263.71585912861317,5548.4627039010069,0.09002668859585185,0.013740337087278976,24.17039498402941,28.719188639071054,605.4489788361777,1.2229854610724774,0.23110080519132235,325.78083558985426,387.52997129217865,8026.453924254616,0.3307770666915093,0.06250511464314232,331.8588833581908,396.070856524419,7528.442598612817,0.0,0.0,9.290132470752369,11.208413054051118,155.94385695532226,0.0,0.0,12.364559053513924,14.805025992342952,259.3611303931374,0.0,0.0,227.76816270301857,273.7587585047937,4318.194831593873,0.0,0.0,31.277672616848368,37.44952547406572,664.9774377385957,0.0,0.0,181.94477071138636,219.70010992391293,2969.6933374114375,39.569476549063278,27.139558675626398,330.2375976697979,395.97017450877356,7410.959337441915,0.0,0.0,186.1680944032289,224.94367687370397,2974.20377067501,1318.8723916998052,21.910816844319759,39.32228442688623,22.0,30.0,0.0,21.886864055026267,46.34691870219986,21.0,30.0,1407.3975850973848,21.6428936856583,39.70836403146737,21.5,30.0,0.0,20.67062748351851,42.302114678396097,16.0,30.0,0.0,17.67781098660519,49.99347036044081,12.0,30.0,0.0,19.810409770818987,45.50604741548883,19.0,30.0,0.0,18.780521233141074,47.17048724770045,10.0,30.0,105.04287795771373,19.931766828727374,44.65559595727089,19.7,30.0,0.0,17.443173476072134,51.11831533134804,16.0,30.0,0.0,19.33654579076431,0.0,0.0,0.0,17.254192387751496,0.0,0.0,663.2397004193056,1051.1178678229208,647.3238797985742,656.158817117239,624.2634702909725,728.5423068701796,643.7111123201795,688.2932665847925,638.0373258132911,10251.000372181166,81.22670893828654,84.65378613359131,270.0,0.0,270.0,270.0,21.0,16.0,19.0,16.0,19.7,12.0,21.0,10.0,1.0,0.0,1318.8723916998052,0.0,1407.3975850973848,0.0,0.0,0.0,105.04287795771373,0.0,5186.55331375385,3111931.98825231,4064113.891222632,81.22670893828654,84.7119892814831,0.3428851104584617,0.7663421938365315,0.36028137401965956,84.7119892814831,0.3542647819438875,4064113.891222632,0.22060392234357685 
 03/14  19:20:00,9.323333333333335,78.33333333333334,6.456666666666668,0.0,0.0,0.0,0.0,1.0,2.0,0.0,0.0,4.0,0.0,0.0,0.0,1936.0,0.0,0.0,0.0,0.0,0.0,0.0,0.0,0.0,0.0,0.0,0.0,21.345413313747874,-575.6128629958123,21.55534821418516,-143.94776871936183,20.99100063145633,-1230.1386828183977,20.227815749411965,355.76082495444669,17.68700424280726,12.939435415119917,19.976760772614229,-30.208155453203419,18.333430583475065,44.44012189155296,19.060740806253077,-172.20199077312186,17.38828414618476,-52.006735217653389,870.9468571902457,695.2793285079911,0.0,0.0,0.0,0.0,0.0,0.0,0.0,0.0,0.0,0.0,0.0,0.0,0.0,0.0,0.0,0.0,0.0,0.0,0.0,0.0,0.0,0.0,1.181318960544567,0.36059797330420248,251.21699293128087,298.8661428430505,6254.2578949464109,0.06685575521946244,0.0102038698442403,29.5407407796095,35.11810450711297,746.1407860529498,1.164170140089333,0.21998679895867979,382.2069766335533,454.6512583809707,9542.130633843013,0.2905450473740433,0.05490269224755163,263.0582686962837,313.64574362864138,6138.920719194904,0.0,0.0,8.818044736765174,10.63625418495032,150.53821211377088,0.0,0.0,13.022321597782544,15.57722431513259,280.81448341591189,0.0,0.0,214.06622071829015,257.4414602996213,4033.6142893064668,0.0,0.0,39.96793071376834,47.720408193368189,912.0108573704188,0.0,0.0,178.19414012180645,215.2148324042047,2930.2703795097856,40.14371535122578,27.533412449400406,383.43373680552807,459.20889780659078,8903.129682646135,0.0,0.0,183.5329796405123,221.80378185845789,2953.792997089576,738.7255505976178,21.706368213387877,40.227914656076148,21.5,30.0,0.0,21.882571727689805,45.94456910188356,21.0,30.0,1753.0147356531653,21.668066443311838,39.69023132164589,21.5,30.0,0.0,20.86553317926602,41.94829864527205,16.0,30.0,0.0,17.6897633222772,50.298327584822299,12.0,30.0,0.0,19.97825724602492,47.3925371538245,19.0,30.0,0.0,18.5879591007843,48.26712025199614,10.0,30.0,1020.4018542326618,20.625109861420307,43.34937953936067,20.7,30.0,0.0,17.372811906277897,51.957091369498048,16.0,30.0,0.0,19.65815667447782,0.0,0.0,0.0,17.1800696554205,0.0,0.0,685.9577420842902,1027.138745126809,650.8584596593166,664.7257852783029,638.1287693310075,866.317077935997,667.1459968155302,722.5547090667216,663.5283766658786,10495.775492665538,81.06475323375666,86.45992680708807,270.0,0.0,270.0,270.0,21.0,16.0,19.0,16.0,19.7,12.0,21.0,10.0,1.0,0.0,738.7255505976178,0.0,1753.0147356531653,0.0,0.0,0.0,1020.4018542326618,0.0,8164.6607337040409,4898796.440222424,6400991.642691167,81.06475323375666,86.55155476511033,0.3571553577901347,0.7651287567129852,0.36028137401965956,86.55155476511033,0.3542647819438875,6400991.642691167,0.3421515654199407 
 03/14  19:30:00,9.195,78.5,6.59,0.0,0.0,0.0,0.0,1.0,2.0,0.0,0.0,4.0,0.0,0.0,0.0,1938.0,0.0,0.0,0.0,0.0,0.0,0.0,0.0,0.0,0.0,0.0,0.0,21.3132441775311,-971.9246202668322,21.532556627364806,-191.03465505482664,20.806756841257405,-327.12769411719855,20.186415904551298,72.54510238773264,17.700114565109204,11.748259422988554,20.02923023820663,-30.289778982295148,18.291315257137396,61.3518496012382,18.755361341172774,-107.6068066360665,17.345852551878573,-58.105019571462438,695.559861784338,638.4695769706675,0.0,0.0,0.0,0.0,0.0,0.0,0.0,0.0,0.0,0.0,0.0,0.0,0.0,0.0,0.0,0.0,0.0,0.0,0.0,0.0,0.0,0.0,1.1929001950240195,0.3641331486642307,183.30502574851739,218.06215633010135,4541.410181085001,0.04816999738775335,0.0073519532032590589,32.16467547052461,38.23285009293343,818.5651535500664,1.294929150826711,0.2446956067321828,186.45763300798044,221.85005316976624,4624.828806749881,0.27709703708492369,0.052361496047793578,163.97559087386805,195.68781788182106,3823.616361769762,0.0,0.0,8.658194733569549,10.443087504730002,150.2430972349083,0.0,0.0,13.204901703323568,15.787680534758472,291.04701210373596,0.0,0.0,210.86400794617377,253.6329585141171,3999.3202040537455,0.0,0.0,32.12940468230777,38.45447248197601,697.8483779506105,0.0,0.0,171.76926065526016,207.4837059841824,2849.1100179347788,40.577150968750888,27.830693394205008,192.9277405320277,231.4711774037961,4642.828570164245,0.0,0.0,176.4303232788734,213.32455192984782,2830.8190072976969,990.354381048867,21.512166615783089,40.37189102544875,21.5,30.0,0.0,21.853269653924259,45.48420890081409,21.0,30.0,842.9993809423208,21.368258405206036,40.67807878351581,21.25,30.0,0.0,20.75197689795502,42.259815973126567,16.0,30.0,0.0,17.699881855671309,50.715036767588639,12.0,30.0,0.0,20.09160007171243,48.94687304286158,19.0,30.0,0.0,18.518286545945395,48.869325400442189,10.0,30.0,96.58734174764483,19.934477408110454,45.79837886128226,19.7,30.0,0.0,17.31242835783788,52.75879217404683,16.0,30.0,0.0,18.76175486507616,0.0,0.0,0.0,17.02438392553205,0.0,0.0,671.0315967210568,997.865649715798,667.2811140640565,667.2414906611384,657.5978237482979,971.7061282770138,686.5206291239614,749.3683527699519,690.026484843796,6444.771185138853,82.55491940376089,84.2406880908131,270.0,0.0,270.0,270.0,21.0,16.0,19.0,16.0,19.7,12.0,21.0,10.0,1.0,0.0,990.354381048867,0.0,842.9993809423208,0.0,0.0,0.0,96.58734174764483,0.0,2551.2907503252338,1530774.4501951403,1988435.7809084242,82.55491940376089,84.26931803948722,0.25504302501084116,0.536817205824148,0.27021103051474468,84.26931803948722,0.2656985864579156,1988435.7809084242,0.11272866060723808 
 03/14  19:40:00,9.066666666666667,78.66666666666667,6.7233333333333349,0.0,0.0,0.0,0.0,1.0,2.0,0.0,0.0,4.0,0.0,0.0,0.0,2910.0,0.0,0.0,0.0,0.0,0.0,0.0,0.0,0.0,0.0,0.0,0.0,21.15870355396246,-970.4119626386454,21.511209818223997,-152.76936401645694,20.641154106240227,-379.0144606560349,20.11810634222953,289.05539640513896,17.71171272542334,12.197219388328032,20.0502342519424,-41.10632792272506,18.317685588606886,58.11525821594749,19.09560749944495,-163.80489579378495,17.302628959540667,-61.10586055962734,815.0426859175375,724.1736364090627,0.0,0.0,0.0,0.0,0.0,0.0,0.0,0.0,0.0,0.0,0.0,0.0,0.0,0.0,0.0,0.0,0.0,0.0,0.0,0.0,0.0,0.0,1.1733484479619392,0.3581649719053536,208.3031973445481,248.0967245739538,5274.174085494652,0.08919184441184162,0.01361291886627619,27.685718934006958,32.89898697177268,711.9227736914045,1.2857299886242384,0.2429572918791077,252.0361986220343,300.5472613281609,6232.314470667742,0.31002083937503929,0.0585829250519726,267.28884654244225,319.40063973232,6260.684541079809,0.0,0.0,9.086628706344318,10.966146151057144,160.2019051739461,0.0,0.0,13.22934064151016,15.818410638804389,296.34042461273227,0.0,0.0,221.006635252159,265.891353276673,4275.448449959211,0.0,0.0,36.93034530050104,44.12088764339096,851.8078007031929,0.0,0.0,181.13322635186223,218.8972441410708,3029.2145036543035,41.375766535116337,28.378440696238905,264.00511387812767,317.13515918654539,6238.8465401998869,0.0,0.0,186.40514482209779,225.4414528604056,3038.45207024942,915.660918031644,21.557011173084669,40.13552896277572,21.499999999999987,29.99999999999998,0.0,21.83611766372898,45.8065035937106,20.999999999999987,29.99999999999998,26.823805979144617,21.28329131121386,40.57336845517121,20.999999999999987,29.99999999999998,0.0,20.674177692621716,42.33799877712887,15.999999999999988,29.99999999999998,0.0,17.70925604401351,51.016418494296157,11.999999999999993,29.99999999999998,0.0,20.143482384940524,49.811871926716978,18.999999999999987,29.99999999999998,0.0,18.5791030381986,48.65469460402817,9.999999999999993,29.99999999999998,873.5430097410716,20.470309412517297,44.478797648271079,20.533333333333319,29.99999999999998,0.0,17.250724140107097,53.16353166550526,15.999999999999988,29.99999999999998,0.0,19.13502301260783,0.0,0.0,0.0,17.02128720206825,0.0,0.0,665.5610093934226,1015.2663941649581,653.0209139282715,663.6276012874132,671.9739464802622,1029.4640154462732,686.5876356330658,762.2101744589876,699.5712443722734,9551.26193110597,81.6894465660391,81.6894465660391,269.99999999999985,0.0,269.99999999999985,269.99999999999985,21.0,16.0,19.0,16.0,19.7,12.0,21.0,10.0,1.0,0.0,915.660918031644,0.0,26.823805979144617,0.0,0.0,0.0,873.5430097410716,0.0,0.0,0.0,0.0,81.6894465660391,81.6894465660391,0.3399999999999998,0.7706276972092699,0.3602813740196593,81.6894465660391,0.3542647819438872,0.0,0.009360000000000002 
 03/14  19:50:00,8.938333333333335,78.83333333333334,6.8566666666666669,0.0,0.0,0.0,0.0,1.0,2.0,0.0,0.0,4.0,0.0,0.0,0.0,1940.0,0.0,0.0,0.0,0.0,0.0,0.0,0.0,0.0,0.0,0.0,0.0,21.299324988880067,-670.3516384985187,21.49893606395021,-123.70509050494576,21.106253832835045,-1232.5566265740086,20.21332244935185,493.48634886154925,17.72355473315981,11.391332102040082,20.056279257439316,-47.460122276718227,18.28599637982511,105.97591043235048,18.909681110452476,-114.90130581032082,17.272289221770565,-59.74339091679781,936.115886715947,689.4742118414838,0.0,0.0,0.0,0.0,0.0,0.0,0.0,0.0,0.0,0.0,0.0,0.0,0.0,0.0,0.0,0.0,0.0,0.0,0.0,0.0,0.0,0.0,1.2242452177096408,0.3737012264070943,225.77617898444459,268.70220431719818,5779.1207462917859,0.13605045648750756,0.02076472168612753,24.242786760970437,28.819845466767466,630.8304628428005,1.2318623020648308,0.23277821278624928,352.8294676535892,419.7900610611654,9162.475090505131,0.3230378246932943,0.061042672844537838,315.2412027686669,376.2006951075262,7588.038499721518,0.0,0.0,9.338235183748504,11.262310360355709,167.30789244072876,0.0,0.0,13.513394521405932,16.147942650021184,306.99531289683525,0.0,0.0,220.9304609154657,265.7123520136929,4311.889442325745,0.0,0.0,33.71195802941528,40.357219957016919,751.2989174147534,0.0,0.0,177.89497839909283,214.93445788374056,3008.7402854269887,42.20089014712811,28.944369099539185,356.1616301174796,427.03460809665958,8547.183994798534,0.0,0.0,182.86421875543909,221.1383312211646,3002.3433676628708,908.6111786927656,21.652057836212099,39.887906213132769,21.75,30.0,0.0,21.8311422170943,45.982024122231738,21.0,30.0,1858.1463692181774,21.79251469678091,39.249385317580308,21.5,30.0,0.0,20.867317895867715,41.63913026525661,16.0,30.0,0.0,17.720786374344664,51.288232080117577,12.0,30.0,0.0,20.172896192402868,50.55965399247624,19.0,30.0,0.0,18.532743296156686,48.89539811653102,10.0,30.0,363.85364225022246,19.952903779034665,46.014675916588547,19.95,30.0,0.0,17.213294927140834,53.42501837212741,16.0,30.0,0.0,19.458707548365639,0.0,0.0,0.0,16.949308955288616,0.0,0.0,667.4281270639925,1027.529126977084,650.9929132473093,655.8955154548675,686.2719432787586,1075.3175615071933,692.6868064375956,766.5527300194939,706.9390572248406,9486.100840937555,81.73237211715969,85.39560898007193,270.0,0.0,270.0,270.0,21.0,16.0,19.0,16.0,19.7,12.0,21.0,10.0,1.0,0.0,908.6111786927656,0.0,1858.1463692181774,0.0,0.0,0.0,363.85364225022246,0.0,5543.574313897591,3326144.588338555,4353512.606836074,81.73237211715969,85.45782290311598,0.3547858104632531,0.7651865315465505,0.36028137401965956,85.45782290311598,0.3542647819438875,4353512.606836074,0.23580265555547587 
 03/14  20:00:00,8.81,79.0,6.99,0.0,0.0,0.0,0.0,1.0,2.0,0.0,0.0,4.0,0.0,0.0,0.0,970.0,0.0,0.0,0.0,0.0,0.0,0.0,0.0,0.0,0.0,0.0,0.0,21.36300055306466,-893.6934312781771,21.4954493137895,-149.74445084533688,20.395761365493195,-245.1323776137151,20.15406182811894,2.068741806415801,17.734007618296717,12.053428107243093,20.04857785060117,-37.073369393413717,18.28081601476591,35.286007552205777,19.31649842546321,-186.51339740952597,17.235774113747288,-64.64177616998404,936.4886273918337,750.1751675875225,0.0,0.0,0.0,0.0,0.0,0.0,0.0,0.0,0.0,0.0,0.0,0.0,0.0,0.0,0.0,0.0,0.0,0.0,0.0,0.0,0.0,0.0,1.2488149699680682,0.3812011507839036,200.25821870565989,237.4561146658388,5294.237120503938,0.08204047742107507,0.012521440387831972,30.30185656446762,35.93076989912719,794.6474439109844,1.3672748851004669,0.2583663804044723,385.31805617287446,459.18498211988529,9337.113483693884,0.29434047922099307,0.05561989403268952,250.75191572933972,299.1465931864846,6045.745287924527,0.0,0.0,9.046937119610586,10.897737289731007,164.67341340409406,0.0,0.0,13.902624549192622,16.58507658428571,319.72982191070346,0.0,0.0,221.67549565170439,266.30045447825855,4370.294254992439,0.0,0.0,37.24047198464695,44.37578687020547,895.7761645663811,0.0,0.0,182.8956148301054,220.70957129920434,3123.3474236425697,42.69502560372591,29.283282307082254,373.08089119537245,446.68819018273828,8935.939840107529,0.0,0.0,188.6098031408044,227.76956100679394,3145.7227837002158,1283.176290733517,21.708228673229,39.99206031140411,21.5,30.0,0.0,21.83627345429276,46.02866650825874,21.0,30.0,197.6866183382138,20.7636324458554,41.94217287317154,21.0,30.0,0.0,20.688879761225068,41.97310087527947,16.0,30.0,0.0,17.731671847467113,51.51507432771551,12.0,30.0,0.0,20.18065129223246,51.1224550870751,19.0,30.0,0.0,18.500602160224284,49.16686980423954,10.0,30.0,806.1532056879861,20.73053739166589,43.946909123090588,20.7,30.0,0.0,17.16259523083029,53.68311665101645,16.0,30.0,0.0,19.431071152086909,0.0,0.0,0.0,16.946156390422965,0.0,0.0,682.8814586348403,1033.75190455554,660.2806841250923,652.1431367042662,698.7991425409741,1107.3182411208728,701.6865169122791,772.8224047771021,711.4166758342486,10286.53218269024,81.20319479822652,84.74927010370604,270.0,0.0,270.0,270.0,21.0,16.0,19.0,16.0,19.7,12.0,21.0,10.0,1.0,0.0,1283.176290733517,0.0,197.6866183382138,0.0,0.0,0.0,806.1532056879861,0.0,5366.460103441591,3219876.0620649547,4170814.528293705,81.20319479822652,84.80949423455522,0.34888200344805306,0.7703434837047531,0.36028137401965956,84.80949423455522,0.3542647819438875,4170814.528293705,0.22636235547127266 
 03/14  20:10:00,8.791666666666668,79.16666666666667,7.115,0.0,0.0,0.0,0.0,0.0,2.0,0.0,0.0,4.0,0.0,0.0,0.0,2425.0,0.0,0.0,0.0,0.0,0.0,0.0,0.0,0.0,0.0,0.0,0.0,20.975673464120939,-316.00090041039899,21.475788412360886,-151.05348230521396,20.767502773349155,-1293.9243660489217,20.095332167549946,462.17027158726838,17.741962465540128,10.876632180463787,20.13214088449771,-37.57863649622953,18.229646126746038,34.64281871493731,18.880187472180027,-120.87541705523131,17.211041615207589,-60.5895255475416,911.2867525964048,713.9131453471481,0.0,0.0,0.0,0.0,0.0,0.0,0.0,0.0,0.0,0.0,0.0,0.0,0.0,0.0,0.0,0.0,0.0,0.0,0.0,0.0,0.0,0.0,1.2715830141936218,0.3881511032337063,220.05627989233774,262.6094079095324,5539.313845087015,0.09293109613116227,0.01418362273064137,31.614396937241584,37.57164112352997,828.804989004082,1.2416857089984288,0.23463448771701235,377.1963363625606,449.33194288006646,9770.451948526052,0.3111117360343572,0.05878906576612947,273.6691677904638,326.83880910481329,6577.68760686192,0.0,0.0,8.818338523602498,10.637960751370992,160.9224543700503,0.0,0.0,14.3595884853476,17.15219151583506,333.90087411897619,0.0,0.0,215.30678940543519,259.13891564184078,4213.013151698798,0.0,0.0,35.78015884059646,42.8530190173625,805.17965131546,0.0,0.0,178.04370944289566,215.2250223088418,3036.8756799404566,42.91817884235585,29.436336654565069,375.8704028437437,450.9773037037701,9088.076613683546,0.0,0.0,183.4949264845809,222.0187151505531,3037.321334655034,43.63216587590986,21.205336761109334,41.126524758113038,21.0,30.0,0.0,21.813196789655494,45.5011338590017,21.0,30.0,1614.0315434399943,21.53583089204341,39.81408491654987,21.4,30.0,0.0,20.665899624978239,42.20234832568095,16.0,30.0,0.0,17.738844307910396,51.72422360356388,12.000000000000002,30.0,0.0,20.295987524380914,51.20850732298163,19.0,30.0,0.0,18.40839302707668,49.47377642716635,10.0,30.0,0.0,19.87365897707778,45.5462516691715,12.000000000000002,30.0,0.0,17.13549917798133,53.91594396379137,16.0,30.0,0.0,19.36579749462359,0.0,0.0,0.0,16.865832170889193,0.0,0.0,680.6069473564666,1003.9552850131113,653.6270535703618,663.5901474013347,710.5934073606875,1131.0041126663164,705.2829066298016,727.0313810099779,719.1116874089089,5640.379955846687,81.97050400006,83.31888924312287,570.0,0.0,570.0,570.0,21.0,16.0,19.0,16.0,12.0,12.0,21.0,10.0,1.0,0.0,43.63216587590986,0.0,1614.0315434399943,0.0,0.0,0.0,0.0,0.0,2040.6853061453306,1224411.1836871983,1598501.0236521855,81.97050400006,83.34178930088189,0.20402284353817769,0.42900068374032238,0.21616882441179575,83.34178930088189,0.21255886916633252,1598501.0236521855,0.10326205322991367 
 03/14  20:20:00,8.773333333333334,79.33333333333334,7.240000000000001,0.0,0.0,0.0,0.0,0.0,2.0,0.0,0.0,4.0,0.0,0.0,0.0,1944.0,0.0,0.0,0.0,0.0,0.0,0.0,0.0,0.0,0.0,0.0,0.0,21.31632527144981,-432.89971643802849,21.4646101677413,-116.91105570808407,21.183247792499878,-1739.5725711933397,20.244583366450358,517.8181123891777,17.747637116883007,10.047866161900217,20.21973599636469,-55.364048225738859,18.247713970558644,102.95824461308735,18.33943386655728,-45.81601543374313,17.175386566616099,-89.20251356557833,995.2811974463202,695.5201965629046,0.0,0.0,0.0,0.0,0.0,0.0,0.0,0.0,0.0,0.0,0.0,0.0,0.0,0.0,0.0,0.0,0.0,0.0,0.0,0.0,0.0,0.0,1.2644563141417518,0.3859756758674456,151.32064505298573,180.01155780142958,3988.915165074647,0.1535196295268755,0.023430956887496268,23.77527858143522,28.25898950870599,626.0621253407078,1.250211491033636,0.23624555764052083,373.0814773930996,443.49808998507708,9912.069559764654,0.329038403156629,0.062176569001630568,329.3432885466427,392.9040546599095,8059.681717540382,0.0,0.0,9.334547985991338,11.255465168871299,170.78226767447368,0.0,0.0,14.274432803436249,17.036894562737534,336.14531622402537,0.0,0.0,223.71908761936846,269.08276160752077,4413.618733308902,0.0,0.0,24.642208634606349,29.606493680695974,511.0303184056618,0.0,0.0,176.74173438364205,213.59508702759517,3002.9971929010127,43.399720204808549,29.766611937454436,367.87696849435636,440.95183726150597,8956.122078797194,0.0,0.0,180.8901686749538,218.88795490528248,2946.2408425787427,793.5566522036252,21.764798255659927,39.71604431613045,21.5,30.0,0.0,21.80891795714252,45.769189722037648,21.0,30.0,2671.893360809117,21.97411222709944,38.421207339141869,22.0,30.0,0.0,20.913182807723016,41.356615247646377,16.0,30.0,0.0,17.7436361240318,51.86181350253344,12.0,30.0,0.0,20.430399063444303,51.02064517648374,19.0,30.0,0.0,18.469622668864177,49.28770233824492,10.0,30.0,0.0,18.949574132387938,47.95931521506718,12.0,30.0,0.0,17.083811212538718,54.11804901356496,16.0,30.0,0.0,19.542908064377408,0.0,0.0,0.0,16.71428243978437,0.0,0.0,681.604409499731,1021.8700243443636,638.9482688289754,655.9896185936111,718.874956805792,1142.7785810428659,707.3266515616962,712.6260437384625,721.5355523562794,9083.355375130417,81.99884252847264,81.99884252847264,570.0,0.0,570.0,570.0,21.0,16.0,19.0,16.0,12.0,12.0,21.0,10.0,1.0,0.0,793.5566522036252,0.0,2671.893360809117,0.0,0.0,0.0,0.0,0.0,0.0,0.0,0.0,81.99884252847264,81.99884252847264,0.34,0.7714052138441234,0.36028137401965956,81.99884252847264,0.3542647819438875,0.0,0.02026666666666667 
 03/14  20:30:00,8.754999999999999,79.5,7.365,0.0,0.0,0.0,0.0,0.0,2.0,0.0,0.0,4.0,0.0,0.0,0.0,1946.0,0.0,0.0,0.0,0.0,0.0,0.0,0.0,0.0,0.0,0.0,0.0,21.102147460294874,-222.89586821604235,21.451312893862786,-173.97962621658423,21.22700214781866,-1616.4539607240295,20.24756467010221,222.2210426793481,17.75284282058438,10.531100740227985,20.281296872205446,-38.53476219984623,18.202118504228719,-8.993722497907357,18.012966178141025,-16.24355445467124,17.12875458621739,-101.47332715206812,885.5332956128118,666.0824024796859,0.0,0.0,0.0,0.0,0.0,0.0,0.0,0.0,0.0,0.0,0.0,0.0,0.0,0.0,0.0,0.0,0.0,0.0,0.0,0.0,0.0,0.0,1.3646285545372093,0.416553282825766,223.4202611351094,266.03054184467296,5697.225123211813,0.08273750037144666,0.01262782362201567,34.88262068514616,41.451005941195848,914.9840292544075,1.2370406848982756,0.23375674317805668,343.98839114901736,409.14369819234,8921.057209384036,0.28198926059973886,0.053285952494281699,197.95346389336476,235.95450672933999,4840.346640558511,0.0,0.0,8.426881285049302,10.161006087812505,154.57936800601738,0.0,0.0,15.270371737805958,18.218045420482555,363.0292271315269,0.0,0.0,215.3070459220291,259.0944978480712,4205.102184629732,0.0,0.0,14.338833387351999,17.24802249213781,281.73342710431657,0.0,0.0,171.81835533137133,207.70116328178833,2902.8492353590106,43.35260059504387,29.734293960935444,337.3260673701547,403.9915342361652,8322.497697325589,0.0,0.0,175.17543363423253,212.06233561257637,2820.125003711811,514.4789618951045,21.29553877335992,40.848268534254007,21.25,30.0,0.0,21.790318514974488,45.32698040069573,21.0,30.0,1977.1720290482704,21.68782808165306,38.748624129012487,21.5,30.0,0.0,20.847252365633353,41.49571125228054,16.0,30.0,0.0,17.749509473357095,51.993802251133988,12.0,30.0,0.0,20.52785609201017,50.98528465926513,19.0,30.0,0.0,18.35234819431424,49.579420764432757,10.0,30.0,0.0,18.41880297534272,49.53536428501605,12.0,30.0,0.0,17.016418440917105,54.27991517995515,16.0,30.0,0.0,19.310466164046575,0.0,0.0,0.0,16.601500026538639,0.0,0.0,683.521828444673,998.4967128132142,624.531345639701,658.5288012126296,727.6857524368304,1155.1099395026577,707.2274311214262,712.0025078789472,721.2781307241969,7554.006083988255,81.2208881830946,82.96550214511567,570.0,0.0,570.0,570.0,21.0,16.0,19.0,16.0,12.0,12.0,21.0,10.0,1.0,0.0,514.4789618951045,0.0,1977.1720290482704,0.0,0.0,0.0,0.0,0.0,2640.258604587348,1584155.162752409,2053651.8360733698,81.2208881830946,82.99513148191167,0.25800862015291167,0.5384174695875423,0.27021103051474468,82.99513148191167,0.2656985864579156,2053651.8360733698,0.12718322880914857 
 03/14  20:40:00,8.736666666666667,79.66666666666666,7.49,0.0,0.0,0.0,0.0,0.0,2.0,0.0,0.0,4.0,0.0,0.0,0.0,1950.0,0.0,0.0,0.0,0.0,0.0,0.0,0.0,0.0,0.0,0.0,0.0,21.09968821951466,-371.94294031006918,21.42482682165123,-155.03209423636128,21.28250631687665,-1471.8150168281564,20.23212348556615,282.82897016303095,17.756953435039536,10.832775177237622,20.32739285429074,-48.10867438959977,18.17159311001691,36.59520282059566,17.774199977909534,-18.51017532999947,17.086534231765236,-101.93920247499409,923.9443657618988,708.7878301728379,0.0,0.0,0.0,0.0,0.0,0.0,0.0,0.0,0.0,0.0,0.0,0.0,0.0,0.0,0.0,0.0,0.0,0.0,0.0,0.0,0.0,0.0,1.336284275752948,0.4079011830747705,278.5023970002164,331.9017830358276,7070.553834365899,0.10869554371859684,0.016589673949724796,31.863159228803825,37.85825513753324,835.699186903586,1.2745061370918856,0.2408363826704244,386.07996596452997,459.3195710799264,10022.03826602943,0.29531605176986105,0.05580424258689738,206.45603702539055,246.08546398220998,5048.248285225245,0.0,0.0,8.716747204492457,10.510974839730468,160.29751438054326,0.0,0.0,15.328136135086348,18.280509966136987,366.99597590603926,0.0,0.0,223.2255772388235,268.68123732781137,4352.291769051999,0.0,0.0,11.28977357980764,13.60727813297935,214.51106441049689,0.0,0.0,174.71292775955843,211.25480477114025,2938.344450265652,43.66123215276793,29.94597541342109,382.6325659607344,458.25046571050839,9416.519871332033,0.0,0.0,180.4143327902454,218.45635776164409,2899.0843864790178,502.10292362116027,21.291670855142063,40.69952680580638,21.25,30.0,0.0,21.756617826344074,44.9886874934831,21.0,30.0,1832.0053784198904,21.708898139157559,38.894123840568628,21.5,30.0,0.0,20.81947457151333,41.74386186914362,16.0,30.0,0.0,17.7545097419466,52.07635876026605,12.0,30.0,0.0,20.596386167437705,50.90281787584755,19.0,30.0,0.0,18.314587781680399,49.61375783352274,10.0,30.0,0.0,18.046992034733436,50.71465572846651,12.0,30.0,0.0,16.959138444602929,54.409808589011849,16.0,30.0,0.0,19.466818389073518,0.0,0.0,0.0,16.562535992869049,0.0,0.0,678.4567456607356,979.1344539688131,637.4758903552613,670.656944529344,734.5894178027485,1160.439172150615,706.6263520870101,714.5174882604096,721.5423933434714,7050.426680221797,81.7444130415576,83.46241793490074,570.0,0.0,570.0,570.0,21.0,16.0,19.0,16.0,12.0,12.0,21.0,10.0,1.0,0.0,502.10292362116027,0.0,1832.0053784198904,0.0,0.0,0.0,0.0,0.0,2600.0292484812387,1560017.549088743,2026226.2040850069,81.7444130415576,83.49159536137455,0.2566676416160413,0.5401502366208147,0.27021103051474468,83.49159536137455,0.2656985864579156,2026226.2040850069,0.12588376261242036 
 03/14  20:50:00,8.718333333333334,79.83333333333334,7.615,0.0,0.0,0.0,0.0,0.0,2.0,0.0,0.0,4.0,0.0,0.0,0.0,1952.0,0.0,0.0,0.0,0.0,0.0,0.0,0.0,0.0,0.0,0.0,0.0,21.04859981367551,-201.50498631394465,21.41130091453106,-124.17141602383183,21.206858433868314,-1198.5354206533878,20.27348028157793,293.5421751476845,17.759558786945396,10.641603257304539,20.357160035447849,-53.51026534673164,18.161985064210869,49.31594894442969,17.587078963840314,-34.02788295748202,17.051898076617709,-98.55103416566453,954.7837597223022,737.8075561508831,0.0,0.0,0.0,0.0,0.0,0.0,0.0,0.0,0.0,0.0,0.0,0.0,0.0,0.0,0.0,0.0,0.0,0.0,0.0,0.0,0.0,0.0,1.338328279174096,0.4085251157430086,244.15114566983613,291.36487322302869,6132.575888389203,0.12944334528130822,0.019756310329869996,29.81299545893446,35.42488414195237,783.069596724767,1.2736056932267644,0.2406662307684741,386.14311083408179,459.6497157332606,10069.941473008188,0.2973819941865028,0.05619463231037466,223.552186835376,266.5428289881901,5502.154238089925,0.0,0.0,8.866458637983867,10.69036494181604,163.4311133550979,0.0,0.0,15.455353479119456,18.428708323005407,371.91449414009829,0.0,0.0,227.31458266466016,273.60160413168605,4434.617335959057,0.0,0.0,14.20741735276106,17.134970039315144,262.43534684207267,0.0,0.0,173.6749136772719,210.0267693676194,2912.19212925166,43.94071383004065,30.137663806612254,380.78030378012,456.2992734108758,9418.336045705566,0.0,0.0,185.72837320564526,224.91108447610268,2975.5792490495607,0.0,21.142809259605337,40.993481700944737,21.0,30.0,0.0,21.744997087628673,45.08329950293068,21.0,30.0,957.2774700997529,21.58754302945824,39.44113669518353,21.5,30.0,0.0,20.89055990574621,41.39856244328446,16.0,30.0,0.0,17.757676761140738,52.0993837861414,12.0,30.0,0.0,20.64063657748883,50.77356923679569,19.0,30.0,0.0,18.302666414200357,49.536967392064457,10.0,30.0,0.0,17.768667354811883,51.627513098343047,12.0,30.0,0.0,16.915564996514154,54.49412903681467,16.0,30.0,0.0,19.530355306590019,0.0,0.0,0.0,16.52045571209851,0.0,0.0,677.6955907557076,986.2001290477706,652.2953520903942,664.8264147113041,738.6321198017404,1160.1045322951803,704.4286580694823,717.8984162366827,721.7167714965351,4656.431901337306,81.04269961488763,81.04269961488763,570.0,0.0,570.0,570.0,21.0,16.0,19.0,16.0,12.0,12.0,21.0,10.0,1.0,0.0,0.0,0.0,957.2774700997529,0.0,0.0,0.0,0.0,0.0,0.0,0.0,0.0,81.04269961488763,81.04269961488763,0.17,0.38534999095210289,0.18014068700982978,81.04269961488763,0.17713239097194376,0.0,0.020456666666666669 
 03/14  21:00:00,8.7,80.0,7.74,0.0,0.0,0.0,0.0,0.0,2.0,0.0,0.0,4.0,0.0,0.0,0.0,978.0,0.0,0.0,0.0,0.0,0.0,0.0,0.0,0.0,0.0,0.0,0.0,21.29984847430285,-622.9176321166833,21.402647332270843,-144.33225983660078,20.99420041874409,-720.8995414051742,20.19683111489217,134.42577422646424,17.7597962564085,9.674817987525444,20.379558592878614,-51.6067612533364,18.14247176874893,41.21517647324845,17.42591742335898,-29.743034671131626,17.023477865716648,-95.61437786173883,907.7234825586515,716.2590724879678,0.0,0.0,0.0,0.0,0.0,0.0,0.0,0.0,0.0,0.0,0.0,0.0,0.0,0.0,0.0,0.0,0.0,0.0,0.0,0.0,0.0,0.0,1.3372994619862997,0.408211068982387,218.31563787462384,259.27261252676257,5741.969304242479,0.10511135819425482,0.01604263708703523,32.50366303532411,38.569425758838708,853.8007400833579,1.3239211072401114,0.25017405654575056,286.65919458374358,341.41798946348725,7284.724447430113,0.28542988903416385,0.053936109038957628,174.05231116526097,207.69029571801188,4245.496354700098,0.0,0.0,8.690125265842,10.462110748479873,160.53190476700346,0.0,0.0,15.721465813508173,18.71491978977968,380.052926364594,0.0,0.0,220.90794113407024,265.51568565446748,4305.088262286754,0.0,0.0,15.128646079428645,18.223197063268665,272.6259591300312,0.0,0.0,166.64495871870896,201.2563951603988,2789.980845742314,43.99019621831388,30.17160234452256,281.1183534130208,336.997926502679,6992.545883712037,0.0,0.0,179.55951949322447,217.19403385060918,2845.3454668201136,1057.6099372327538,21.667914296277617,39.724827496419838,21.5,30.0,0.0,21.73978469967344,45.03246300367591,21.0,30.0,1438.1071098933927,21.472033687890574,39.849137108684988,21.5,30.0,0.0,20.735708069152225,41.72205250511679,16.0,30.0,0.0,17.75762349961834,52.128369108974457,12.0,30.0,0.0,20.67654475542669,50.66200932492305,19.0,30.0,0.0,18.273607486317649,49.69583786656686,10.0,30.0,0.0,17.534520458597034,52.38743451683007,12.0,30.0,0.0,16.882252182987807,54.56143822292818,16.0,30.0,0.0,19.243557723736836,0.0,0.0,0.0,16.4176644775308,0.0,0.0,679.2455265374142,984.7420279597477,660.5420508097723,662.1781342524735,742.3412663415159,1159.391751763097,708.3035564066199,720.067121827326,721.0126545346675,9666.682424435108,81.6130941736225,85.07773991685559,570.0,0.0,570.0,570.0,21.0,16.0,19.0,16.0,12.0,12.0,21.0,10.0,1.0,0.0,1057.6099372327538,0.0,1438.1071098933927,0.0,0.0,0.0,0.0,0.0,5243.352568117937,3146011.5408707626,4081381.0827638788,81.6130941736225,85.13658110341021,0.3447784189372646,0.770102283580018,0.36028137401965956,85.13658110341021,0.3542647819438875,4081381.0827638788,0.23262514963705503 
 03/14  21:10:00,8.69,80.16666666666667,7.791666666666667,0.0,0.0,0.0,0.0,0.0,2.0,0.0,0.0,4.0,0.0,0.0,0.0,978.0,0.0,0.0,0.0,0.0,0.0,0.0,0.0,0.0,0.0,0.0,0.0,20.84267384420338,-286.2434649265972,21.3956021166264,-132.24149577556785,20.74503929653323,-651.1009039994369,20.197208750993594,330.13960807278365,17.76058408429713,11.828001777130709,20.386580853742676,-59.51330315442203,18.16486900509284,31.022909100685867,17.295459221151533,-37.250111623920989,16.9985698852459,-81.94140418391726,887.2015116713014,832.3917964339048,0.0,0.0,0.0,0.0,0.0,0.0,0.0,0.0,0.0,0.0,0.0,0.0,0.0,0.0,0.0,0.0,0.0,0.0,0.0,0.0,0.0,0.0,1.346928020431732,0.41115018938697558,118.90798387404601,141.71075738802905,2982.3919091028276,0.13442884221324459,0.020517222560019013,28.20462674608185,33.43933516211097,742.5920927546399,1.320578603138506,0.2495424420140791,244.48976404956358,291.2490635871087,6124.893530546842,0.3038779066615108,0.057422128998773757,237.75408000587658,283.5687317537087,5809.7613570216949,0.0,0.0,9.05001478046707,10.89838289541007,167.40881985267289,0.0,0.0,15.447810638191673,18.388256091890317,374.0346407129989,0.0,0.0,245.140717726873,294.6666403536598,4800.858014764637,0.0,0.0,22.147744161470049,26.709839624570685,391.9008429630061,0.0,0.0,181.08454341429587,218.73963235157982,3025.575208476786,44.19985062470903,30.31539823368247,241.2270549974819,289.2327860806162,6082.294924560244,0.0,0.0,201.89265949026436,244.15159694107644,3250.436846214546,53.27084270516097,21.002438121668626,41.84005261264063,21.0,30.0,0.0,21.741052993290297,45.556690100659469,21.0,30.0,283.2461732681882,21.05854355036969,40.68422212087715,21.0,30.0,0.0,20.785630624451696,41.12530228452805,16.0,30.0,0.0,17.760172764039866,52.02937333812885,12.0,30.0,0.0,20.68537067235985,50.55642958123467,19.0,30.0,0.0,18.307894265993374,49.46015795887356,10.0,30.0,0.0,17.350779662346477,52.974039627680969,12.0,30.0,0.0,16.855053163951447,54.58480932918578,16.0,30.0,0.0,19.168640935096734,0.0,0.0,0.0,16.53239891976099,0.0,0.0,705.7088799717108,1015.206427852672,651.9517253675556,639.7340304527893,739.9757696615377,1155.3051915261208,704.3770707989806,721.3971861163138,719.6914433832702,3175.7747021066945,82.16247937993157,82.16247937993157,570.0,0.0,570.0,570.0,21.0,16.0,19.0,16.0,12.0,12.0,21.0,10.0,1.0,0.0,53.27084270516097,0.0,283.2461732681882,0.0,0.0,0.0,0.0,0.0,0.0,0.0,0.0,82.16247937993157,82.16247937993157,0.17,0.31020833509764519,0.18014068700982978,82.16247937993157,0.17713239097194376,0.0,0.02033 
 03/14  21:20:00,8.68,80.33333333333334,7.843333333333335,0.0,0.0,0.0,0.0,0.0,2.0,0.0,0.0,4.0,0.0,0.0,0.0,1960.0,0.0,0.0,0.0,0.0,0.0,0.0,0.0,0.0,0.0,0.0,0.0,21.321499897013056,-665.6199670795344,21.381100024743973,-119.54723527873802,21.225651144075763,-1159.0073491502572,20.23498082682791,431.52622245377827,17.758360608619634,8.593700834827289,20.389121145635195,-70.55677898570196,18.170248685008465,110.9391276673964,17.201566154381298,-35.23487537311118,16.98603846522606,-98.51592495851696,901.4466694936564,778.8056921543932,0.0,0.0,0.0,0.0,0.0,0.0,0.0,0.0,0.0,0.0,0.0,0.0,0.0,0.0,0.0,0.0,0.0,0.0,0.0,0.0,0.0,0.0,1.2804993840665014,0.39087282785912749,161.63103409958956,192.07226584999649,4229.866216376628,0.16410367728093856,0.025046348791352044,22.984063103592207,27.33508588569688,606.1648221645755,1.3257033876473852,0.25051084422664129,291.1889847213721,346.368251209341,7678.489213146913,0.33339771913454799,0.06300032485535674,296.3399577945477,353.506250734054,7289.429616283547,0.0,0.0,9.401431432873244,11.33301780112842,174.02331970832516,0.0,0.0,15.311561714362579,18.256825521153254,371.10885170812636,0.0,0.0,239.17142439352626,287.7585833158582,4705.277120967759,0.0,0.0,22.235687885482226,26.852446777084006,388.54449770835586,0.0,0.0,170.98212607578965,206.78829619505889,2857.2336286522615,44.284356456383367,30.373358337711506,292.69822003600367,351.11413761123125,7217.29763776794,0.0,0.0,191.463443317768,231.90394022343623,3036.8672441296009,964.9470966531972,21.74910418475836,39.57506995478569,21.75,30.0,0.0,21.72599250414117,45.7172825186423,21.0,30.0,1729.5046696368382,21.76817602091242,38.7078931008767,21.5,30.0,0.0,20.853117852424984,41.06140711792472,16.0,30.0,0.0,17.757085115546784,52.009562621360519,12.0,30.0,0.0,20.69031325421176,50.5018030656678,19.0,30.0,0.0,18.34492143082125,49.51625088209446,10.0,30.0,0.0,17.23463031772464,53.32031684277605,12.0,30.0,0.0,16.847208141805834,54.63338725150828,16.0,30.0,0.0,19.19845469178683,0.0,0.0,0.0,16.40386896473967,0.0,0.0,684.6100783728773,1023.0392042427144,638.7721973579357,645.3705353543942,739.7900809748114,1153.32309736959,712.9631075319586,721.0239843570832,721.7546401051462,6964.25786698961,82.45907687631261,85.88587165236824,570.0,0.0,570.0,570.0,21.0,16.0,19.0,16.0,12.0,12.0,21.0,10.0,1.0,0.0,964.9470966531972,0.0,1729.5046696368382,0.0,0.0,0.0,0.0,0.0,5186.125288656223,3111675.173193734,4071560.7639488077,82.45907687631261,85.94407000384359,0.25787084295520748,0.5724889191722025,0.27021103051474468,85.94407000384359,0.2656985864579156,4071560.7639488077,0.23198782639200467 
 03/14  21:30:00,8.67,80.5,7.8950000000000009,0.0,0.0,0.0,0.0,0.0,2.0,0.0,0.0,4.0,0.0,0.0,0.0,982.0,0.0,0.0,0.0,0.0,0.0,0.0,0.0,0.0,0.0,0.0,0.0,21.18895440488233,-735.7836898601968,21.37308090122096,-154.6285962558855,20.595659249085164,-315.14264348064537,20.184146019521383,23.521365023079399,17.755078109775114,10.660714966442527,20.384879687754507,-55.79265568118507,18.170793752394105,-6.187527868738471,17.106405099747229,-32.794790449616758,16.956922080194518,-95.87455051494453,906.4183565769436,826.43304825729,0.0,0.0,0.0,0.0,0.0,0.0,0.0,0.0,0.0,0.0,0.0,0.0,0.0,0.0,0.0,0.0,0.0,0.0,0.0,0.0,0.0,0.0,1.3491235351490636,0.4118203709246226,171.0403423622788,203.32431061610903,4456.054795260571,0.10060028233093282,0.015354133444892069,31.57828813089119,37.4460356936296,830.0364339121165,1.3466210921923363,0.25446354727746348,286.72129116417269,341.7888287365051,7061.018380943784,0.2962102684606105,0.055973217774113837,233.19495153050418,278.22635170481547,5706.647056999971,0.0,0.0,8.767929133725036,10.559815324100783,162.45483075443696,0.0,0.0,15.658009070646243,18.64064557943606,379.85976940916296,0.0,0.0,240.28975354298519,288.81929881814548,4716.720458378635,0.0,0.0,23.650872106442465,28.541055134386533,408.04870337266586,0.0,0.0,175.29645374244906,211.76739417426504,2921.1111147144777,44.11923390767863,30.26010556082211,292.2300493372545,350.2957937371891,7203.035348400615,0.0,0.0,197.93028137393126,239.42652353593483,3151.7677916807535,1128.754883508114,21.491956107435905,39.858615068721508,21.5,30.0,0.0,21.719415225847798,45.7830000975176,21.0,30.0,234.53775622768877,20.84819390859267,41.01780498704561,21.0,30.0,0.0,20.70809254547177,41.40669984112522,16.0,30.0,0.0,17.754139537269447,51.99809606629023,12.0,30.0,0.0,20.688096975972884,50.45809735010626,19.0,30.0,0.0,18.31278520317926,49.466710508083888,10.0,30.0,0.0,17.10891383929814,53.826034080864307,12.0,30.0,0.0,16.811128227401797,54.84930327333642,16.0,30.0,0.0,19.24787070021376,0.0,0.0,0.0,16.42430059655132,0.0,0.0,665.8173488809824,1026.5955880028174,643.1133662257889,644.4320025638085,740.0555867873446,1151.287491973109,706.9546088377936,725.693311603122,726.1626428395053,6346.165204093813,83.80827410980169,83.80827410980169,570.0,0.0,570.0,570.0,21.0,16.0,19.0,16.0,12.0,12.0,21.0,10.0,1.0,0.0,1128.754883508114,0.0,234.53775622768877,0.0,0.0,0.0,0.0,0.0,0.0,0.0,0.0,83.80827410980169,83.80827410980169,0.34,0.7705602247698593,0.36028137401965956,83.80827410980169,0.3542647819438875,0.0,0.020203333333333335 
 03/14  21:40:00,8.66,80.66666666666667,7.946666666666667,0.0,0.0,0.0,0.0,0.0,2.0,0.0,0.0,4.0,0.0,0.0,0.0,1964.0,0.0,0.0,0.0,0.0,0.0,0.0,0.0,0.0,0.0,0.0,0.0,21.153329327487059,-241.63682714497009,21.34919176493784,-135.13219572740608,21.25667907440146,-1623.7745026848305,20.166857075141679,501.84373055259587,17.751979928158258,9.34217560934421,20.38782168332269,-58.991653970359468,18.110867236179958,41.885298612605769,17.038842721488395,-31.827810140806606,16.934623480964718,-103.74071373589504,960.9816469150703,784.6857686940982,0.0,0.0,0.0,0.0,0.0,0.0,0.0,0.0,0.0,0.0,0.0,0.0,0.0,0.0,0.0,0.0,0.0,0.0,0.0,0.0,0.0,0.0,1.340381175128957,0.409151762859877,251.31570528628448,299.7143549948527,6389.571129199212,0.1346189902798716,0.02054624393770934,29.774401038868608,35.40076880835402,782.5405475564942,1.2333764471842275,0.2330643324233235,407.75374597476636,485.27800605666627,10750.375112736367,0.31415350167357017,0.05936385141223924,279.167645065736,333.16220741196227,6846.413378536325,0.0,0.0,8.855648358725276,10.677603685482844,164.19376779971334,0.0,0.0,15.839104160200128,18.885545130989358,384.77564158748626,0.0,0.0,232.6812775544704,280.1391779415078,4528.8188489128729,0.0,0.0,23.194489667946728,28.03738923478466,397.09640588670518,0.0,0.0,167.1519151346879,202.22979936479462,2780.5998759629439,44.18285492438662,30.303741374750776,399.75572635447869,479.2768071389561,9802.381796078591,0.0,0.0,189.2665099333365,229.3681440975093,2971.6342365700877,0.0,21.22068776908159,40.47660600743286,21.0,30.0,0.0,21.6894011546585,45.19608779889169,21.0,30.0,2023.1561078632263,21.7061785989547,38.90683304768712,21.5,30.0,0.0,20.759396826865168,41.372393730126727,16.0,30.0,0.0,17.751488598518895,52.044734102641587,12.0,30.0,0.0,20.69732030797862,50.53245427509219,19.0,30.0,0.0,18.22022530044892,49.64200656226079,10.0,30.0,0.0,17.032378775986225,54.050004862356967,12.0,30.0,0.0,16.78761470173555,54.81022211131524,16.0,30.0,0.0,19.408331489952105,0.0,0.0,0.0,16.30335907368809,0.0,0.0,663.9344991935832,990.1850951547076,641.5312565136793,649.5920417883835,742.8626957092888,1156.8648095998149,702.8072845266504,724.9654704000305,722.1277145351269,4213.59831444814,82.82546885897894,82.82546885897894,570.0,0.0,570.0,570.0,21.0,16.0,19.0,16.0,12.0,12.0,21.0,10.0,1.0,0.0,0.0,0.0,2023.1561078632263,0.0,0.0,0.0,0.0,0.0,0.0,0.0,0.0,82.82546885897894,82.82546885897894,0.17,0.38343552180118858,0.18014068700982978,82.82546885897894,0.17713239097194376,0.0,0.020139999999999999 
 03/14  21:50:00,8.65,80.83333333333333,7.998333333333334,0.0,0.0,0.0,0.0,0.0,2.0,0.0,0.0,4.0,0.0,0.0,0.0,984.0,0.0,0.0,0.0,0.0,0.0,0.0,0.0,0.0,0.0,0.0,0.0,21.409941444589628,-979.1475990633953,21.34234800598029,-127.15749106244141,20.87276244840851,-793.968570607065,20.145145823001344,33.48236702669101,17.745930010507636,8.621198907361532,20.38176934072076,-65.32698219416119,18.132040746313458,68.4043665555264,16.968770896942269,-33.26318082759275,16.900702254717165,-109.92981403296472,1018.6176710976688,804.9399656656424,0.0,0.0,0.0,0.0,0.0,0.0,0.0,0.0,0.0,0.0,0.0,0.0,0.0,0.0,0.0,0.0,0.0,0.0,0.0,0.0,0.0,0.0,1.2643637489551672,0.3859474203159851,298.1125869075121,353.84946853181489,7900.718211714786,0.12872311902569678,0.019646385687682664,28.417691473614306,33.74009647593571,747.6586285897488,1.4253025637999484,0.2693315502267477,475.85486404497848,566.2653220780183,12127.387259166446,0.3049647495747081,0.05762750369892442,242.0268138433746,288.7912852626255,5891.764677716812,0.0,0.0,9.115947262980054,10.976587668217196,169.11699574654203,0.0,0.0,15.764367187347834,18.769781181806793,383.214105425046,0.0,0.0,236.44743745182155,284.2384220961196,4634.922763698172,0.0,0.0,24.63997451374025,29.75134571563448,418.16732152371096,0.0,0.0,166.66644832593409,201.41434758295265,2761.660330555757,44.17433303480266,30.297896457340657,461.42249510935587,552.3189757621395,11150.227615297357,0.0,0.0,190.06070355038617,230.0895229736518,2960.638979412079,1385.1809702254757,21.801314494323699,39.01731936349965,21.5,30.0,0.0,21.689718603135419,45.383874021930839,21.0,30.0,1309.5652014918354,21.232214876424544,40.13737002927611,21.5,30.0,0.0,20.65039894392899,41.63496058536989,16.0,30.0,0.0,17.74431762874103,52.009481955711567,12.0,30.0,0.0,20.69196257155828,50.39817302038686,19.0,30.0,0.0,18.27650559047158,49.4818942870246,10.0,30.0,0.0,16.94587938185625,54.25381773136276,12.0,30.0,0.0,16.742674662099078,54.887743640915477,16.0,30.0,0.0,19.568124827236848,0.0,0.0,0.0,16.22974044717276,0.0,0.0,661.4350087716548,1001.4879890712387,645.6388795316109,648.7942039298789,741.3199954882431,1149.3916550367138,703.8344354896922,722.0607305392664,719.5762686203241,10302.149474394342,81.19276764788003,84.9951491396593,570.0,0.0,570.0,570.0,21.0,16.0,19.0,16.0,12.0,12.0,21.0,10.0,1.0,0.0,1385.1809702254757,0.0,1309.5652014918354,0.0,0.0,0.0,0.0,0.0,5753.913087936736,3452347.8527620418,4477196.573872217,81.19276764788003,85.05972620042999,0.3617971029312246,0.7677302707480734,0.36028137401965956,85.05972620042999,0.3542647819438875,4477196.573872217,0.2528592218413553 
 03/14  22:00:00,8.64,81.0,8.05,0.0,0.0,0.0,0.0,0.0,2.0,0.0,0.0,4.0,0.0,0.0,0.0,1476.0,0.0,0.0,0.0,0.0,0.0,0.0,0.0,0.0,0.0,0.0,0.0,21.47321537740155,-1314.578090390685,21.33850976704006,-123.789793239277,21.07677484452519,-511.0901934747821,20.062240594350866,339.16485822944409,17.740216671765283,9.681847883886754,20.367124126303755,-73.69560561848886,18.18632195842443,61.479294232636117,16.911004070244155,-33.27296251828014,16.871588566087508,-106.07937791865706,915.4214829063132,885.0790301538191,0.0,0.0,0.0,0.0,0.0,0.0,0.0,0.0,0.0,0.0,0.0,0.0,0.0,0.0,0.0,0.0,0.0,0.0,0.0,0.0,0.0,0.0,1.2290557506693616,0.37516964306146607,267.5796318176431,318.0982100046,7089.488861274291,0.15394610182421165,0.023496047286967613,24.65837839451706,29.300293773230913,650.4712898827103,1.432280254067535,0.27065008580263358,304.5338207068827,362.391087753156,7920.624658777971,0.3435793765551248,0.0649242964011952,273.63127687504598,326.8304020259285,6596.686386503878,0.0,0.0,9.53712978811718,11.495578172977652,177.0054729118462,0.0,0.0,15.488225837253609,18.462115766212358,376.2051061199048,0.0,0.0,252.55051969713427,303.795324978543,4996.110634470076,0.0,0.0,26.813653390080157,32.41571936655012,452.11834667302227,0.0,0.0,177.74698839349694,215.02070641929033,2936.6491368834647,44.25194715896594,30.3511297386598,318.4401374553246,381.978636524588,7752.462889811991,0.0,0.0,203.65865828470505,246.73170078676544,3196.273458535465,1501.750078060521,21.820738298412445,38.778879965957049,22.000000000000019,30.00000000000002,0.0,21.692897125641357,45.83543134766478,21.000000000000015,30.00000000000002,774.6309169936455,21.57368168681156,39.35467733952638,21.33333333333335,30.00000000000002,0.0,20.566531660371397,41.99825809131458,16.000000000000015,30.00000000000002,0.0,17.738927294312516,51.89182506067362,12.00000000000001,30.00000000000002,0.0,20.673161253516974,50.222303803734309,19.000000000000015,30.00000000000002,0.0,18.360855300763956,49.06512388997187,10.000000000000007,30.00000000000002,0.0,16.88038755435869,54.41028358058024,12.00000000000001,30.00000000000002,0.0,16.708777642675039,54.92759811602473,16.000000000000015,30.00000000000002,0.0,19.190819195058475,0.0,0.0,0.0,16.278448263064364,0.0,0.0,650.6130425244417,1027.3856141352258,649.3295341697045,656.6354078494657,735.8381941630935,1137.851916484589,697.3170595218444,719.8033960913248,716.892561031198,8871.898853280603,82.13867765164882,82.13867765164882,570.0000000000005,0.0,570.0000000000005,570.0000000000005,21.0,16.0,19.0,16.0,12.0,12.0,21.0,10.0,1.0,0.0,1501.750078060521,0.0,774.6309169936455,0.0,0.0,0.0,0.0,0.0,0.0,0.0,0.0,82.13867765164882,82.13867765164882,0.3400000000000003,0.7700293104981563,0.3602813740196598,82.13867765164882,0.3542647819438878,0.0,0.01995 
 03/14  22:10:00,8.711666666666668,81.0,8.083333333333334,0.0,0.0,0.0,0.0,0.0,2.0,0.0,0.0,4.0,0.0,0.0,0.0,4920.0,0.0,0.0,0.0,0.0,0.0,0.0,0.0,0.0,0.0,0.0,0.0,21.322907109519215,-768.7671603683442,21.328287091380078,-154.48113912944567,21.14922900854746,-788.7814896325199,20.13186257581614,356.1203908986826,17.733770744025678,6.59101206992641,20.358289380611667,-40.520488701659029,18.292385861297967,107.57507016477374,16.849239236457586,-63.261060865088527,18.23884004803674,-298.42161912927818,840.9039951442908,788.634807155842,0.0,0.0,0.0,0.0,0.0,0.0,0.0,0.0,0.0,0.0,0.0,0.0,0.0,0.0,0.0,0.0,0.0,0.0,0.0,0.0,0.0,0.0,1.297315427662121,0.3960059302997928,173.87923786416008,207.31885491939705,4516.5979650478379,0.1294805289417276,0.019761985491716664,28.85812192831337,34.31642854419443,754.7704272519231,1.3340749699712374,0.2520927758826981,264.21257190415465,315.02633278305407,6796.629318628012,0.3227440876373435,0.06098716697606643,272.36892540498516,325.6256550737284,6575.413566650849,0.0,0.0,9.385238294781019,11.327032104287432,172.64821493507115,0.0,0.0,14.333089175967168,17.111698014383426,345.8333161015358,0.0,0.0,178.22434424515218,214.59045816877069,3559.30538788316,0.0,0.0,39.0452833699039,47.252641407273468,645.9368646025878,0.0,0.0,123.41092527684327,148.43465218813214,2509.3444770627436,44.14186975566022,30.275630833786168,269.61016637119317,324.0631337137523,6607.196106529922,0.0,0.0,135.99659854856228,165.07995867478975,2076.3789928209537,901.6547295748659,21.504717115046085,39.85352331057673,21.5,30.0,0.0,21.679212342180699,46.03563361745825,21.000000000000005,30.0,871.2056605152918,21.407233026421385,39.622394777422048,21.2,30.0,0.0,20.68203038075558,41.65645723149949,15.999999999999999,30.0,0.0,17.731936746581753,51.67401389565094,12.0,30.0,0.0,20.667803034285034,48.97478422263663,19.0,30.0,0.0,18.56785275423459,48.25391597965469,10.0,30.0,0.0,16.801327266163516,54.532200225801499,12.0,30.0,2784.579990284289,18.726103456635899,48.217891514990068,20.0,30.0,0.0,19.080672598960999,0.0,0.0,0.0,16.05431698620434,0.0,0.0,666.2038244470182,1036.2058472166787,640.7112893781805,653.541940799716,725.680812528291,1112.6908116635987,689.2591130162017,714.7754749585727,705.471953324868,10024.306105279853,81.3765795329137,84.29134598188475,570.0,0.0,570.0,570.0,21.0,16.0,19.0,19.0,12.0,12.0,21.0,10.0,1.0,0.0,901.6547295748659,0.0,871.2056605152918,0.0,0.0,0.0,0.0,2784.579990284289,4410.939035846298,2646563.4215077788,3448134.9782754664,81.3765795329137,84.34084839254882,0.3510313011948766,0.7687414131169398,0.3602813740196596,84.34084839254882,0.3542647819438876,3448134.9782754664,0.19915801887032429 
 03/14  22:20:00,8.783333333333335,81.0,8.116666666666668,0.0,0.0,0.0,0.0,0.0,2.0,0.0,0.0,4.0,0.0,0.0,0.0,984.0,0.0,0.0,0.0,0.0,0.0,0.0,0.0,0.0,0.0,0.0,0.0,21.347003371876107,-427.7479916591542,21.30387357524134,-132.93084896153915,21.53024804975073,-2350.7941133849847,20.292737265158004,579.8291086766421,17.722976605892815,5.914574587005376,20.369718094710707,-32.07289715086728,18.316487534111297,102.865167030674,16.750768323387008,-77.33129287029317,18.67917700644206,-159.44747992218255,992.498115519983,683.7650660134068,0.0,0.0,0.0,0.0,0.0,0.0,0.0,0.0,0.0,0.0,0.0,0.0,0.0,0.0,0.0,0.0,0.0,0.0,0.0,0.0,0.0,0.0,1.3127402222664213,0.4007143535611787,208.21589600718557,247.26745365084123,5472.434002050463,0.16057163701366104,0.024507270606480625,25.674882773968599,30.490503850831236,667.3689979590862,1.2069693129278483,0.2280743221707953,429.681927892131,509.4697035574298,11521.475336900274,0.33026233566697807,0.06240784876549092,337.24607075646926,401.54691117787498,8314.297631168583,0.0,0.0,9.775063462409549,11.772177795174827,178.16580929510213,0.0,0.0,13.308411152106706,15.853479919900085,319.9483807061706,0.0,0.0,140.41096795946158,168.53738333310415,2794.8739191244196,0.0,0.0,44.12639582303565,53.33453550836094,711.2434005358282,0.0,0.0,111.78411304195353,133.8374115534105,2374.226793682147,44.246659393404559,30.347503013309038,415.9000120992845,497.2704591378831,10130.854486083952,0.0,0.0,101.62569121424136,123.00499030816974,1516.2373118198323,653.6952314821404,21.759551412605608,39.14657551284151,22.0,30.0,0.0,21.64314828392807,45.86816933538397,21.0,30.0,2812.3230334816028,22.168382518819564,37.684667034830059,22.0,30.0,0.0,20.978496901295924,40.822611165177878,16.0,30.0,0.0,17.717642494341857,51.38760752214482,12.0,30.0,0.0,20.694135317665507,47.29515471335864,19.0,30.0,0.0,18.605056219406,48.12001443170071,10.0,30.0,0.0,16.654993451562214,55.03319589228183,12.0,30.0,0.0,19.310214576908625,46.08285032172304,19.0,30.0,0.0,19.558394262121028,0.0,0.0,0.0,15.917655042998714,0.0,0.0,661.1881353043964,1020.8897828824943,631.988588911777,648.38558311887,711.2366977381282,1094.1328234814158,688.6708259234669,716.562188740389,690.3643980637073,8073.42934201187,82.66618311713893,86.16007379636187,570.0,0.0,570.0,570.0,21.0,16.0,19.0,19.0,12.0,12.0,21.0,10.0,1.0,0.0,653.6952314821404,0.0,2812.3230334816028,0.0,0.0,0.0,0.0,0.0,5287.56655321802,3172539.931930812,4135911.6863558439,82.66618311713893,86.21941165901612,0.3462522184406007,0.7674861461264873,0.36028137401965956,86.21941165901612,0.3542647819438875,4135911.6863558439,0.2347007410238372 
 03/14  22:30:00,8.855,81.0,8.15,0.0,0.0,0.0,0.0,0.0,2.0,0.0,0.0,4.0,0.0,0.0,0.0,1968.0,0.0,0.0,0.0,0.0,0.0,0.0,0.0,0.0,0.0,0.0,0.0,21.07380120396854,-414.5603188002069,21.308215813414358,-137.7828616815368,21.104157061264908,-543.6783717585333,20.387052890095477,104.93756634368867,17.714405593760735,5.054922966926412,20.37077555479846,-38.08697770091247,18.194379353616389,-35.77109872190795,16.690048746759908,-43.9428898516548,18.89193907972914,-453.73886635161559,827.732667011107,1021.2551599516047,0.0,0.0,0.0,0.0,0.0,0.0,0.0,0.0,0.0,0.0,0.0,0.0,0.0,0.0,0.0,0.0,0.0,0.0,0.0,0.0,0.0,0.0,1.3119606021895534,0.4004763742947355,173.8640126773548,207.24556576730888,4366.15288117384,0.13225547308510325,0.020185511765125648,27.614254689847365,32.798734880394658,713.3256603584491,1.3197206657609698,0.24938032232822567,251.99869978238554,300.69377114751856,6325.3608703005379,0.2837931800301198,0.05362682918180644,131.31835726058865,156.8634267058448,3263.5378405779267,0.0,0.0,9.964738976407212,12.018626652858327,179.94513251170623,0.0,0.0,14.320529386968144,17.079151704903447,342.25747311184207,0.0,0.0,191.3456063529717,230.18703929282052,3688.3221574318865,0.0,0.0,46.666696348454959,56.49369031852637,738.9365112193241,0.0,0.0,163.96289756846483,196.27029800836815,3612.5260822846914,44.05108152523533,30.213361814290367,233.31968278196934,280.2351717774976,5865.79170428996,0.0,0.0,156.23888291934856,189.13072057764124,2434.5237664369089,182.48973122501543,21.251938112888376,40.594059989072459,21.0,30.0,0.0,21.656711082261248,46.16695861142879,21.0,30.0,775.881225877568,21.353062284145595,39.89836977286023,21.25,30.0,0.0,21.048541978423044,40.7705872531825,16.0,30.0,0.0,17.708477030834719,51.25606021745239,12.0,30.0,0.0,20.69834998098763,46.44563061640817,19.0,30.0,0.0,18.353919431068719,48.95472467200429,10.0,30.0,0.0,16.585514440520574,55.15105019280056,12.0,30.0,1470.9509362118939,19.683912105401356,45.038452806780998,19.75,30.0,0.0,19.010763890461904,0.0,0.0,0.0,16.357093889407584,0.0,0.0,670.3187974251102,1038.9699302653233,646.8299428864275,653.8341424121256,704.6756858490488,1080.3807041754167,693.659642134555,713.3960549817882,692.4892155891287,7439.466571017804,83.08571133600697,83.08571133600697,570.0,0.0,570.0,570.0,21.0,16.0,19.0,19.0,12.0,12.0,21.0,10.0,1.0,0.0,182.48973122501543,0.0,775.881225877568,0.0,0.0,0.0,0.0,1470.9509362118939,0.0,0.0,0.0,83.08571133600697,83.08571133600697,0.34,0.7701696576726294,0.36028137401965956,83.08571133600697,0.3542647819438875,0.0,0.019411666666666669 
 03/14  22:40:00,8.926666666666668,81.0,8.183333333333334,0.0,0.0,0.0,0.0,0.0,2.0,0.0,0.0,0.0,0.0,0.0,0.0,4920.0,0.0,0.0,0.0,0.0,0.0,0.0,0.0,0.0,0.0,0.0,0.0,20.805780290923566,-33.282297540342117,20.986769173526797,-554.4213334423739,20.835716665752988,-674.7311106493471,20.223739093534705,156.8612642153156,17.70336795187391,2.65053865421188,20.264635651866489,-54.9188057391761,18.030432550229564,7.880381593011134,16.69120726796444,-6.095525550650633,18.667380698717805,-444.9699500946807,825.0029816611249,999.2025841267004,0.0,0.0,0.0,0.0,0.0,0.0,0.0,0.0,0.0,0.0,0.0,0.0,0.0,0.0,0.0,0.0,0.0,0.0,0.0,0.0,0.0,0.0,1.1981759865379307,0.36574358563428907,190.65782659754633,227.73719065073025,4643.257528955916,0.2076050276682343,0.03168574903361329,136.96130138134519,163.47963395469595,3374.603856988076,1.1802939325571272,0.22303362293218588,200.40827054951809,239.2881259682405,4983.003515561869,0.25882254095278059,0.04890826548616413,170.01109431840735,203.23527792178997,4071.2099729811036,0.0,0.0,10.272610223177832,12.399059572039534,183.7166069047546,0.0,0.0,14.3165332702078,17.104443745503095,336.8258408495444,0.0,0.0,207.52900012481363,250.1908925678124,3872.402639169663,0.0,0.0,43.359609659518238,52.53218559776242,683.3990198336221,0.0,0.0,178.11301251707213,213.8596819784779,3744.144916568527,43.77081646479518,30.021136121258708,263.3612012372915,316.4819832706495,6455.076965929536,0.0,0.0,171.17818918091937,207.4792888272804,2680.6531874187769,0.0,20.922117711028358,42.65019162779875,21.999999999999998,30.0,0.0,21.107464359458658,41.67102123268071,12.0,30.0,0.0,21.10094248061893,41.02210898722589,21.4,30.0,0.0,20.7746408491784,41.851801178277117,12.0,30.0,0.0,17.69557970261234,51.309091903793468,12.0,30.0,0.0,20.5805572913205,46.00891397090963,12.0,30.0,0.0,18.08960155737841,50.34882716243697,10.0,30.0,0.0,16.624316654071504,54.90943485476842,12.0,30.0,0.0,19.26159721021181,46.7292662438946,19.200000000000004,30.0,0.0,19.071450123307984,0.0,0.0,0.0,16.53252642391985,0.0,0.0,734.688768974945,705.4998850600147,669.4792471708595,671.4909927052422,706.2351640509335,1056.6683018563145,720.7860314333391,711.2737493188708,719.1173568066798,0.0,82.45444217305551,82.45444217305551,60.0,0.0,60.0,60.0,12.0,12.0,12.0,19.0,12.0,12.0,21.0,10.0,0.0,0.0,0.0,0.0,0.0,0.0,0.0,0.0,0.0,0.0,0.0,0.0,0.0,82.45444217305551,82.45444217305551,0.0,0.0,0.0,82.45444217305551,0.0,0.0,0.0020199999999999998 
 03/14  22:50:00,8.998333333333333,81.0,8.216666666666667,0.0,0.0,0.0,0.0,0.0,2.0,0.0,0.0,0.0,0.0,0.0,0.0,1476.0,0.0,0.0,0.0,0.0,0.0,0.0,0.0,0.0,0.0,0.0,0.0,20.484085697284678,-135.20807672671385,20.63786767246468,-312.9380913513491,20.348007661486745,-305.6341718930064,20.01157847413353,-36.7642518653373,17.689963255939405,1.6626539904367912,20.138315179961837,-46.17448834525167,18.038943254678214,42.354002809210559,16.68048084658475,-31.73867622727496,18.216771021799504,-128.87774060347415,808.5433889697191,735.3975477276177,0.0,0.0,0.0,0.0,0.0,0.0,0.0,0.0,0.0,0.0,0.0,0.0,0.0,0.0,0.0,0.0,0.0,0.0,0.0,0.0,0.0,0.0,1.150604613945303,0.3512224096292137,227.7648093638304,271.91963445824106,5239.8091945368419,0.20201861999656083,0.030833122710097833,115.11534455432246,137.35310178517723,2673.7844057926756,1.1398776124771544,0.21539637423982534,214.56787638581523,256.3883945308179,4928.949242597966,0.22982451225796125,0.043428668227127997,133.60732887881887,159.6851418912994,3079.0053485730106,0.0,0.0,9.446635367666474,11.390150829240819,167.2801497650411,0.0,0.0,13.220359401857666,15.785708097298797,304.37230254715225,0.0,0.0,157.85627742778574,190.1206957189676,2931.297296370207,0.0,0.0,40.24665063433076,48.69795488944597,628.7848941979437,0.0,0.0,129.22639453034527,155.44195385177938,2499.2765485684628,43.39240271930575,29.761593085943625,282.99220854396097,339.52521313655179,6635.774695597405,0.0,0.0,122.26701169943478,148.3501042389901,1761.1077940955925,0.0,20.38351082486316,42.97539938378704,22.000000000000019,30.00000000000002,0.0,20.555009754921654,42.010421547654477,12.00000000000001,30.00000000000002,0.0,20.311331563612258,42.83531430642917,22.000000000000019,30.00000000000002,0.0,20.372080768533939,42.882957206928889,12.00000000000001,30.00000000000002,0.0,17.678904182744984,51.486275417179,12.00000000000001,30.00000000000002,0.0,20.39467064190844,45.57980974808859,12.00000000000001,30.00000000000002,0.0,18.124307460659968,50.03650491860983,10.000000000000007,30.00000000000002,0.0,16.62621476127704,55.15497019608024,12.00000000000001,30.00000000000002,0.0,18.483108497597227,49.10703505874032,20.000000000000015,30.00000000000002,0.0,19.047612205397866,0.0,0.0,0.0,15.918502923781763,0.0,0.0,673.961040672289,643.962500528801,655.4668358972193,667.7118134870555,712.7387441255719,1028.7532294460535,710.0798595653084,724.238104061503,720.9932300202413,0.0,82.45444217305558,82.45444217305558,60.00000000000004,0.0,60.00000000000004,60.00000000000004,12.0,12.0,12.0,19.0,12.0,12.0,21.0,10.0,0.0,0.0,0.0,0.0,0.0,0.0,0.0,0.0,0.0,0.0,0.0,0.0,0.0,82.45444217305558,82.45444217305558,0.0,0.0,0.0,82.45444217305558,0.0,0.0,0.0019766666666666667 
 03/14  23:00:00,9.07,81.0,8.25,0.0,0.0,0.0,0.0,0.0,2.0,0.0,0.0,0.0,0.0,0.0,0.0,984.0,0.0,0.0,0.0,0.0,0.0,0.0,0.0,0.0,0.0,0.0,0.0,20.247475883085316,-195.80703932892858,20.426972079205976,-153.04793232627743,20.155090444815906,-133.40992008457534,19.787580261837719,-42.911304684098698,17.67577913411081,0.901400887311695,20.04533336645359,-42.1364463299856,18.114202603236416,116.45770805642792,16.620850438764387,-64.60369500751904,18.032529250554516,-31.819468848356224,546.9883176979251,464.6910551968491,0.0,0.0,0.0,0.0,0.0,0.0,0.0,0.0,0.0,0.0,0.0,0.0,0.0,0.0,0.0,0.0,0.0,0.0,0.0,0.0,0.0,0.0,1.0989177524798737,0.33544497938946085,139.4536394061023,166.65191318970128,3111.480083136231,0.19932226769498558,0.030421591528538705,73.00446803560726,87.33169269211852,1649.0687329842659,1.0843238516274938,0.20489868700443954,140.88617062102294,168.33645008039054,3156.8797077861838,0.21990593907024393,0.04155441025514812,102.02797976046679,121.82573680030835,2251.7897903018194,0.0,0.0,8.865735276312721,10.678663883254912,155.4255167174637,0.0,0.0,12.634945642025965,15.079217949592799,286.0109070098266,0.0,0.0,107.72471506249642,129.5513267934508,2016.1779262409976,0.0,0.0,38.677503017282237,46.765380050460617,591.6135770030985,0.0,0.0,77.09902795650186,92.7612200328555,1433.991492739231,42.96454982343434,29.46814116833632,143.4891616543423,172.51485319724635,3488.381670188523,0.0,0.0,72.50428279807129,88.07457500717604,946.0256879522931,0.0,20.026698132940476,43.24979045377303,22.0,30.0,0.0,20.252003231994338,42.665321070825459,12.0,30.0,0.0,20.0788087148253,43.36297208867937,22.0,30.0,0.0,19.98217846641623,43.78720223592383,12.0,30.0,0.0,17.662440564718286,51.542446994678247,12.0,30.0,0.0,20.270160818478183,45.25321299860522,12.0,30.0,0.0,18.284551807668114,49.09121871895637,10.0,30.0,0.0,16.53500554284787,55.618139825275409,12.0,30.0,0.0,18.192785080539346,49.81077391057306,20.0,30.0,0.0,18.288213147670754,0.0,0.0,0.0,15.350512027622301,0.0,0.0,634.0148260492356,635.2107195113451,649.2536896337372,659.2686499507067,713.1178001750068,1013.5105470122634,685.8719349291217,732.7494366363226,710.3607020313666,0.0,82.45444217305551,82.45444217305551,60.0,0.0,60.0,60.0,12.0,12.0,12.0,19.0,12.0,12.0,21.0,10.0,0.0,0.0,0.0,0.0,0.0,0.0,0.0,0.0,0.0,0.0,0.0,0.0,0.0,82.45444217305551,82.45444217305551,0.0,0.0,0.0,82.45444217305551,0.0,0.0,0.0019333333333333336 
 03/14  23:10:00,9.113333333333334,80.83333333333333,8.311666666666668,0.0,0.0,0.0,0.0,0.0,2.0,0.0,0.0,0.0,0.0,0.0,0.0,1476.0,0.0,0.0,0.0,0.0,0.0,0.0,0.0,0.0,0.0,0.0,0.0,20.091634710200496,-93.51855068260346,20.259746287714067,-314.2066615945135,19.96143506274192,-189.20054936972157,19.65878434539563,-69.7276927619952,17.66272671894272,1.7323977486939082,19.975327255224046,-35.991755837422797,18.19125420348478,81.1147475413333,16.5413915979713,-95.0009684783748,17.888158380445789,-158.60691082473989,526.2744320267884,530.089427905931,0.0,0.0,0.0,0.0,0.0,0.0,0.0,0.0,0.0,0.0,0.0,0.0,0.0,0.0,0.0,0.0,0.0,0.0,0.0,0.0,0.0,0.0,1.0558503957339248,0.3222986555964362,140.6228165657851,168.38136404469018,3076.631963415156,0.18562868657439308,0.028331606620023369,93.44907283166339,111.95807803655694,2061.0752371145756,1.0387007912278826,0.19627754936278964,130.21893483601463,155.8472039413818,2840.58234900514,0.207449586395514,0.039200602115554417,98.65858272987063,118.05413080298186,2130.163472418161,0.0,0.0,8.091734281925313,9.755575493863354,140.9279042279731,0.0,0.0,12.351432140216595,14.75971432676799,276.5134573513204,0.0,0.0,121.58056698657214,146.12865726101945,2302.839894363089,0.0,0.0,39.54154657206684,47.871954449623178,591.5113516443446,0.0,0.0,53.37567594868341,64.22500732708065,958.8951521620383,42.640364480349578,29.245791824656786,158.6773639475527,191.06321130262905,3726.7368830404195,0.0,0.0,80.81955507911937,98.15613255634992,1032.8535535045147,0.0,19.84800802149849,43.466450545352959,22.0,30.0,0.0,20.007313960492998,42.891288880099917,12.0,30.0,0.0,19.81912226052717,43.67106700791637,22.0,30.0,0.0,19.782874672026308,44.055417618793658,12.0,30.0,0.0,17.649860906733929,51.451449132762878,12.0,30.0,0.0,20.188065887810148,44.984169293268667,12.0,30.0,0.0,18.425554117314975,48.38977940551622,10.0,30.0,0.0,16.41155036541613,55.9384675457339,12.0,30.0,0.0,17.965719020633505,50.389145083598538,20.0,30.0,0.0,18.20045332165493,0.0,0.0,0.0,15.264654446133453,0.0,0.0,617.3280948533964,607.3290113325168,625.2781860001937,642.4456497111714,706.4713993545844,1000.6045969661461,671.5262431216792,730.6153539388329,706.7189018964408,0.0,82.45444217305551,82.45444217305551,60.0,0.0,60.0,60.0,12.0,12.0,12.0,19.0,12.0,12.0,21.0,10.0,0.0,0.0,0.0,0.0,0.0,0.0,0.0,0.0,0.0,0.0,0.0,0.0,0.0,82.45444217305551,82.45444217305551,0.0,0.0,0.0,82.45444217305551,0.0,0.0,0.0018900000000000002 
 03/14  23:20:00,9.156666666666668,80.66666666666667,8.373333333333335,0.0,0.0,0.0,0.0,0.0,2.0,0.0,0.0,0.0,0.0,0.0,0.0,984.0,0.0,0.0,0.0,0.0,0.0,0.0,0.0,0.0,0.0,0.0,0.0,19.96487870013472,-115.37847939914036,20.12168308599584,-210.51152026742626,19.82218344063393,-209.2036918397048,19.55190703469389,-3.827796181811294,17.64925130772294,2.7905592158506069,19.90709781153568,-37.51482578420158,18.13919118574017,27.769948268780355,16.472503134881195,-78.181258852072,17.640731578340114,-274.3618052662348,364.2595878638592,708.394920653722,0.0,0.0,0.0,0.0,0.0,0.0,0.0,0.0,0.0,0.0,0.0,0.0,0.0,0.0,0.0,0.0,0.0,0.0,0.0,0.0,0.0,0.0,1.0219533092971085,0.311951559614502,96.11848153090726,115.08898610444945,2076.382174031266,0.18719623204120856,0.028570853486142943,63.85316262198634,76.54528066195391,1378.3983251620196,1.0141254974697105,0.19163369188770047,52.07118236422616,62.208539261040957,1117.8937021866307,0.2036136009749145,0.03847573714567544,53.46103070293678,63.83974041858918,1135.8202850679168,0.0,0.0,7.8418299071260109,9.447025559746085,135.7166296912246,0.0,0.0,12.341316986919879,14.74022702163142,273.28013926328756,0.0,0.0,156.76747759753963,188.38966951524237,2922.657804234561,0.0,0.0,39.163722439023519,47.39647444159828,575.0955447238234,0.0,0.0,87.22708640922372,105.07606118585174,1492.5958417742509,42.38481456608798,29.070517535039778,87.00237736368274,104.80705241466488,2241.800606629459,0.0,0.0,116.81626913974415,141.73025429627234,1529.4182618487587,0.0,19.695554638055673,43.56752371725909,22.0,30.0,0.0,19.84175802946467,43.034758190379267,12.0,30.0,0.0,19.660628828135765,43.67092047343409,22.0,30.0,0.0,19.63385478591885,44.36960640000106,12.0,30.0,0.0,17.63768639886404,51.29754088729054,12.0,30.0,0.0,20.10604341915496,44.727044659872777,12.0,30.0,0.0,18.319833804181678,48.68113358244141,10.0,30.0,0.0,16.316505790745418,55.82447999800617,12.0,30.0,0.0,17.55409407923147,51.489808754263979,20.0,30.0,0.0,17.673070407706559,0.0,0.0,0.0,15.497142305578075,0.0,0.0,597.5269102973618,588.1884471115823,598.9890687832474,638.0315328391055,696.7408966567139,987.3859790077938,672.4133862291308,709.2679667442419,699.9593120314178,0.0,82.45444217305551,82.45444217305551,60.0,0.0,60.0,60.0,12.0,12.0,12.0,19.0,12.0,12.0,21.0,10.0,0.0,0.0,0.0,0.0,0.0,0.0,0.0,0.0,0.0,0.0,0.0,0.0,0.0,82.45444217305551,82.45444217305551,0.0,0.0,0.0,82.45444217305551,0.0,0.0,0.0018733333333333337 
 03/14  23:30:00,9.2,80.5,8.434999999999999,0.0,0.0,0.0,0.0,0.0,2.0,0.0,0.0,0.0,0.0,0.0,0.0,984.0,0.0,0.0,0.0,0.0,0.0,0.0,0.0,0.0,0.0,0.0,0.0,19.71539572160581,-150.47543779115677,20.016302641702564,-342.7537949045145,19.616523024575785,-179.53946505271643,19.420625241659694,-156.3725555011024,17.63548756400281,3.594241595093422,19.840665731812778,-45.23702145029094,17.981007905528018,-62.391539007504437,16.448198616662894,-49.934111842735209,17.412867055670739,-304.08710678467767,609.1324313501891,764.7943661750028,0.0,0.0,0.0,0.0,0.0,0.0,0.0,0.0,0.0,0.0,0.0,0.0,0.0,0.0,0.0,0.0,0.0,0.0,0.0,0.0,0.0,0.0,0.9800476231491171,0.2991598361261042,333.610870226934,399.63313519362989,6855.455597460699,0.15930691000222436,0.024314241453330947,240.33580280808318,287.4603351102296,5098.901876842499,0.9392857282682046,0.17749163421545822,205.96786558102239,246.8299833841433,4254.812400211984,0.19213429872817817,0.0363065568269422,203.25842342238236,243.5072737356099,4215.4871221358139,0.0,0.0,7.244737089519,8.7314114144367,124.57733603470928,0.0,0.0,12.94392734873083,15.46486958041322,283.4815255932845,0.0,0.0,180.0663219794074,216.70120425914997,3239.2871618286555,0.0,0.0,34.30515808917025,41.52123588828424,500.1337227525574,0.0,0.0,117.0332371391851,141.22664004020138,1914.3840151784728,42.09963399156611,28.874920433172926,414.91974533691816,498.6926845602253,8555.829093942826,0.0,0.0,144.45550386932428,175.30207942274257,1898.52852888117,0.0,19.294376936998487,44.2811785365172,22.0,30.0,0.0,19.721886961310696,43.22392197650399,12.0,30.0,0.0,19.367612748827086,44.31687505317684,22.0,30.0,0.0,19.421368806548867,44.25699105294423,12.0,30.0,0.0,17.62601236406641,51.110192523844919,12.0,30.0,0.0,20.026046978264927,44.55131659606212,12.0,30.0,0.0,18.02322927021553,49.1452688906459,10.0,30.0,0.0,16.30799527225292,55.36813677100274,12.0,30.0,0.0,17.20075526426607,52.18406065439396,20.0,30.0,0.0,18.428961787540375,0.0,0.0,0.0,15.57598475303491,0.0,0.0,573.6161145938215,579.8527880844077,589.3158807473449,594.5124432206475,687.1159091318582,972.6381143616554,649.9795996942542,685.584398634353,677.8307132096198,0.0,82.45444217305551,82.45444217305551,60.0,0.0,60.0,60.0,12.0,12.0,12.0,19.0,12.0,12.0,21.0,10.0,0.0,0.0,0.0,0.0,0.0,0.0,0.0,0.0,0.0,0.0,0.0,0.0,0.0,82.45444217305551,82.45444217305551,0.0,0.0,0.0,82.45444217305551,0.0,0.0,0.0018566666666666667 
 03/14  23:40:00,9.243333333333334,80.33333333333333,8.496666666666667,0.0,0.0,0.0,0.0,0.0,2.0,0.0,0.0,0.0,0.0,0.0,0.0,984.0,0.0,0.0,0.0,0.0,0.0,0.0,0.0,0.0,0.0,0.0,0.0,19.65653905045205,-259.03602112438696,19.779045906798467,-264.06388674747088,19.532412921081986,-162.86442295876737,19.288979053682078,-55.30977410005255,17.61993095403598,1.9539960092399014,19.779442133294439,-51.51593786604491,17.854360203281446,-30.864843585755808,16.425573889620894,-51.12642613013327,17.23972032583476,-280.9025466384194,536.8411165489488,725.3811691265696,0.0,0.0,0.0,0.0,0.0,0.0,0.0,0.0,0.0,0.0,0.0,0.0,0.0,0.0,0.0,0.0,0.0,0.0,0.0,0.0,0.0,0.0,0.9479477211006969,0.289361331227319,276.7676059069251,331.6734038712724,5621.380126975072,0.16660958796130244,0.025428813791407578,156.85938380772994,188.0404241405031,3212.93189493731,0.934453360558975,0.17657848838982904,131.9740695311821,158.08104052001785,2709.1938242696307,0.1835723449591407,0.0346886517307522,46.371471953988748,55.595967340874029,943.1288272998182,0.0,0.0,7.188316875453969,8.660547464193544,122.77367422308342,0.0,0.0,13.125907953904268,15.689353860640777,284.5471427029437,0.0,0.0,181.96040249936824,219.13628381798939,3183.1621305864089,0.0,0.0,31.50869611980211,38.14140563253472,455.85439316618706,0.0,0.0,119.06073778208364,143.81650303861108,1879.3591260363447,41.91409295353877,28.74766320544498,258.62167157482966,311.03808198286125,5483.890331776782,0.0,0.0,144.40085284112986,175.313941611106,1859.7071044191767,0.0,19.26260673082741,44.16550053084269,22.0,30.0,0.0,19.36843761990824,43.72200376455068,12.0,30.0,0.0,19.302347097069587,44.098515256170248,22.0,30.0,0.0,19.243606156248718,44.44966349471531,12.0,30.0,0.0,17.61160958618877,50.91172268750158,12.0,30.0,0.0,19.956038794637395,44.2883054705531,12.0,30.0,0.0,17.821780963508894,49.37800672757365,10.0,30.0,0.0,16.296397293126764,54.96602480757012,12.0,30.0,0.0,16.95653041182497,52.56634320314387,20.0,30.0,0.0,18.231039269245906,0.0,0.0,0.0,15.486388300145503,0.0,0.0,561.0311568868003,550.8697781970179,564.1072908577454,576.8010535348274,678.0796093342088,949.1284809631221,630.1440424717205,665.7241113347918,658.1091389830478,0.0,82.45444217305551,82.45444217305551,60.0,0.0,60.0,60.0,12.0,12.0,12.0,19.0,12.0,12.0,21.0,10.0,0.0,0.0,0.0,0.0,0.0,0.0,0.0,0.0,0.0,0.0,0.0,0.0,0.0,82.45444217305551,82.45444217305551,0.0,0.0,0.0,82.45444217305551,0.0,0.0,0.00184 
 03/14  23:50:00,9.286666666666667,80.16666666666667,8.558333333333332,0.0,0.0,0.0,0.0,0.0,2.0,0.0,0.0,0.0,0.0,0.0,0.0,984.0,0.0,0.0,0.0,0.0,0.0,0.0,0.0,0.0,0.0,0.0,0.0,19.462723421530887,-86.12239060071352,19.75097008941593,-273.34637494940037,19.426376960244189,-285.9875919269498,19.17162747722019,-94.05379084683136,17.602413537105997,3.2637097760303819,19.71665255192328,-51.200093151237869,17.76747959895924,-77.11337801434002,16.40138306422603,-50.973072562876328,17.109883439642347,-274.8788019493145,558.4964242789893,711.8928630201713,0.0,0.0,0.0,0.0,0.0,0.0,0.0,0.0,0.0,0.0,0.0,0.0,0.0,0.0,0.0,0.0,0.0,0.0,0.0,0.0,0.0,0.0,0.9117259153462594,0.27830461396405967,357.2552222762099,428.30651615838129,7093.735348272217,0.14233811801024399,0.021724376985690475,173.87294390567619,208.10144776367356,3542.791320170121,0.8703772688146689,0.1644703833738982,315.2494249478078,377.9214960080785,6331.069201077594,0.17243665165638764,0.03258440129561368,162.80632807194776,195.237906597045,3230.5086008545379,0.0,0.0,6.644773549754785,8.009576990722,112.68350409823545,0.0,0.0,13.377616627019377,15.99463444232535,286.9315737068801,0.0,0.0,180.4564288226392,217.4387391446762,3095.5906677358086,0.0,0.0,29.013196916347917,35.12657719164244,416.2707279336633,0.0,0.0,122.57556638693524,148.13760496778265,1882.5482727907523,41.65882961180574,28.572585467630839,459.9693670384537,552.9284324102301,9179.737426419717,0.0,0.0,146.115147846021,177.43104509731365,1846.6990655708606,0.0,19.01266316273349,44.83452507866451,22.0,30.0,0.0,19.402595315729366,43.53795106139842,12.0,30.0,0.0,19.18192561870174,44.18797200519349,22.0,30.0,0.0,19.066303953284448,44.71789185199982,12.0,30.0,0.0,17.594672154186303,50.68024330443285,12.0,30.0,0.0,19.883072028748747,44.09667691257462,12.0,30.0,0.0,17.692232143830773,49.525303690264809,10.0,30.0,0.0,16.280496102503265,54.62300459839598,12.0,30.0,0.0,16.78841294911978,52.738042109015967,20.0,30.0,0.0,18.300870624982815,0.0,0.0,0.0,15.412823515858845,0.0,0.0,560.1766244036954,545.3421914997903,548.8862613470126,562.9922074657707,665.0976406208001,929.4705225972246,617.9390997250066,647.6951956928988,639.9044016911635,0.0,82.45444217305551,82.45444217305551,60.0,0.0,60.0,60.0,12.0,12.0,12.0,19.0,12.0,12.0,21.0,10.0,0.0,0.0,0.0,0.0,0.0,0.0,0.0,0.0,0.0,0.0,0.0,0.0,0.0,82.45444217305551,82.45444217305551,0.0,0.0,0.0,82.45444217305551,0.0,0.0,0.00184 
 03/14  24:00:00,9.33,80.0,8.62,0.0,0.0,0.0,0.0,0.0,2.0,0.0,0.0,0.0,0.0,0.0,0.0,984.0,0.0,0.0,0.0,0.0,0.0,0.0,0.0,0.0,0.0,0.0,0.0,19.469922614700267,-221.06728378362187,19.594748303015579,-212.10943862847308,19.238175228348056,-156.6007646373173,19.120166734542374,-133.19909349130195,17.584988934437079,1.7835143078100089,19.66004908822157,-55.535923813447428,17.67562739994669,-44.12702208716473,16.373837684456974,-50.286969153704379,16.995184312139786,-259.7774737166892,538.4497191099181,700.4004252310783,0.0,0.0,0.0,0.0,0.0,0.0,0.0,0.0,0.0,0.0,0.0,0.0,0.0,0.0,0.0,0.0,0.0,0.0,0.0,0.0,0.0,0.0,0.8721837560766614,0.2662343577767587,303.40146130801647,363.8664313154186,6006.99305931129,0.14627860638190966,0.022325794624833585,142.70932123583087,171.2845292447879,2844.4694919330788,0.8980196275999812,0.16969380718064654,293.1636824122435,351.6543605521174,5729.8651329795579,0.17399376368500264,0.03287864015211689,166.29303016030713,199.46504914366126,3268.8504632697797,0.0,0.0,7.051168214529914,8.497365572350978,118.7309172076636,0.0,0.0,13.432603665931339,16.066449455933325,285.3193400707548,0.0,0.0,184.34547079999499,222.2360352619968,3097.7391016372405,0.0,0.0,27.892541089403286,33.773846782271309,396.44590664148009,0.0,0.0,124.99739101180417,151.17151562681102,1873.1785714611272,41.50149979040741,28.464677496850088,405.57409576667126,487.83309444317356,8084.642205640737,0.0,0.0,147.85862043063305,179.612939880625,1841.2024416407294,0.0,19.083812787153698,44.38381373645943,22.0,30.0,0.0,19.187935241161989,43.79975622514699,12.0,30.0,0.0,18.920012528703049,44.73858188387392,22.0,30.0,0.0,19.022549726629685,44.74265893603329,12.0,30.0,0.0,17.578501791833909,50.471094011835038,12.0,30.0,0.0,19.820814212848828,43.88609676090567,12.0,30.0,0.0,17.561457814711337,49.656389117041459,10.0,30.0,0.0,16.25745550747963,54.394390105077807,12.0,30.0,0.0,16.644274839613673,52.94031431364128,20.0,30.0,0.0,18.23851252717677,0.0,0.0,0.0,15.363084339068351,0.0,0.0,544.6221745262687,524.5142994290886,538.0274692843202,557.3794263852539,655.8220319486152,908.0849443500215,604.0619555441344,634.4286348645305,627.5701704344865,0.0,82.45444217305551,82.45444217305551,60.0,0.0,60.0,60.0,12.0,12.0,12.0,19.0,12.0,12.0,21.0,10.0,0.0,0.0,0.0,0.0,0.0,0.0,0.0,0.0,0.0,0.0,0.0,0.0,0.0,82.45444217305551,82.45444217305551,0.0,0.0,0.0,82.45444217305551,0.0,0.0,0.00184 
 03/15  00:10:00,9.333333333333334,79.83333333333334,8.613333333333334,0.0,0.0,0.0,0.0,0.0,2.0,2.0,0.0,0.0,0.0,0.0,0.0,984.0,0.0,0.0,0.0,0.0,0.0,0.0,0.0,0.0,0.0,0.0,0.0,19.306809271591719,-91.03449410621761,19.574154613802479,-270.178637879726,19.2161045802098,-246.3518373628085,19.005639952168367,-70.28619755750515,17.563915379223944,1.1400814246352838,19.60540101359875,-48.23101123803556,17.761788327049957,49.97124658170469,16.31763381019512,-84.50820096420876,17.049834688080826,-103.04907432508856,501.7157163499014,428.3789630546314,0.0,0.0,0.0,0.0,0.0,0.0,0.0,0.0,0.0,0.0,0.0,0.0,0.0,0.0,0.0,0.0,0.0,0.0,0.0,0.0,0.0,0.0,0.875468933907074,0.2672371593122937,315.5680833148093,378.57066834972798,6149.432264133644,0.1352050710655145,0.02063569460706876,154.5106738631966,185.0380174802136,3075.551067261373,0.8589979416620623,0.16232009479630814,265.20249491785855,318.21371326729527,5185.380723994108,0.1740079964899504,0.03288132964662706,134.30141243953308,161.14283882483074,2602.0592533053816,0.0,0.0,6.477987770769953,7.81126571924921,108.76430004550481,0.0,0.0,12.843000013258433,15.365655381410335,271.27308326421697,0.0,0.0,87.26057486410673,105.1493768521463,1503.153253239872,0.0,0.0,32.383475998292087,39.23097712287047,454.91094739756587,0.0,0.0,28.74497357644723,34.74585063608501,439.6322690292284,41.07392083704892,28.171413468483494,388.11748653699979,466.8411468910469,7670.669336197069,0.0,0.0,69.56443861216423,84.64269837449312,803.8195462059384,0.0,18.871943651162736,44.87150190749058,22.0,30.0,0.0,19.2214871597187,43.65272063770114,12.0,30.0,0.0,18.956429445767719,44.4781325304553,22.0,30.0,0.0,18.866933960726166,44.97237718149032,12.0,30.0,0.0,17.556347672723655,50.204510467994527,12.0,30.0,0.0,19.76261925155533,43.717792316099728,12.0,30.0,0.0,17.777292342727134,48.48059741126215,10.0,30.0,0.0,16.17684933982656,54.32911344482502,12.0,30.0,0.0,16.802523988235259,52.26082442131276,20.0,30.0,0.0,18.120860280672575,0.0,0.0,0.0,14.921247114057242,0.0,0.0,538.6588138175387,521.3790054952604,528.620707221667,547.8996199094804,639.8205995414269,899.9638335773047,578.2407532281757,621.7823909808026,680.0688736027406,0.0,82.45444217305551,82.45444217305551,60.0,0.0,60.0,60.0,12.0,12.0,12.0,19.0,12.0,12.0,21.0,10.0,0.0,0.0,0.0,0.0,0.0,0.0,0.0,0.0,0.0,0.0,0.0,0.0,0.0,82.45444217305551,82.45444217305551,0.0,0.0,0.0,82.45444217305551,0.0,0.0,0.00184 
 03/15  00:20:00,9.336666666666666,79.66666666666667,8.606666666666668,0.0,0.0,0.0,0.0,0.0,2.0,2.0,0.0,0.0,0.0,0.0,0.0,984.0,0.0,0.0,0.0,0.0,0.0,0.0,0.0,0.0,0.0,0.0,0.0,19.314218119886829,-207.12265686177035,19.433132118667804,-198.1644350535944,19.07005731706183,-139.65967669399744,18.97457972661523,-118.35510558930719,17.542802223569756,0.2180445370016315,19.558290267147805,-45.98565567630007,17.786032834334855,43.459800655388338,16.253563560950519,-91.060617810346,17.126884623720927,-109.79747701593823,499.42102251770577,456.60923485191918,0.0,0.0,0.0,0.0,0.0,0.0,0.0,0.0,0.0,0.0,0.0,0.0,0.0,0.0,0.0,0.0,0.0,0.0,0.0,0.0,0.0,0.0,0.8634811924883428,0.2635778975849642,292.1000996196218,350.5719006758369,5694.212707108582,0.14521134717133825,0.022162904024929526,139.5107979785952,167.57848456913738,2736.3700261702808,0.8927986658164991,0.16870723087991297,280.48283641116998,336.6991318254853,5393.762564417326,0.17354730946763637,0.032794276165464156,158.8771931237808,190.73060844566568,3069.8249603940414,0.0,0.0,6.651390138780139,8.019355350984683,111.3591292352455,0.0,0.0,12.442163710581403,14.891696658938013,261.6402184690655,0.0,0.0,89.48932273790791,107.80315288130629,1552.0173455984614,0.0,0.0,35.541927770324928,43.07626382165773,492.7336948492592,0.0,0.0,27.74443638173807,33.52210368100688,433.2243818151478,40.6969559479607,27.912864161838625,389.8184606950499,469.19958329997368,7671.523906323764,0.0,0.0,70.79419034517153,86.17433724830522,805.599044044636,0.0,18.93725576936309,44.410017378518308,22.0,30.0,0.0,19.02989161754018,43.86215832525381,12.0,30.0,0.0,18.76238835938472,44.81737907863247,22.0,30.0,0.0,18.85534131517071,44.87748226033794,12.0,30.0,0.0,17.535051519068529,49.98990824547698,12.0,30.0,0.0,19.716774757833876,43.54567520507997,12.0,30.0,0.0,17.836980326702535,47.99815323806368,10.0,30.0,0.0,16.0876636042439,54.209436096899697,12.0,30.0,0.0,16.966331436441345,51.44577086374186,20.0,30.0,0.0,18.109378224900064,0.0,0.0,0.0,14.837004853711843,0.0,0.0,523.7567506204184,502.4539290329437,518.4528314100376,543.46137844655,630.1495890610364,897.7865444572133,567.9832569605594,604.946512604718,710.0096231864969,0.0,82.45444217305551,82.45444217305551,60.0,0.0,60.0,60.0,12.0,12.0,12.0,19.0,12.0,12.0,21.0,10.0,0.0,0.0,0.0,0.0,0.0,0.0,0.0,0.0,0.0,0.0,0.0,0.0,0.0,82.45444217305551,82.45444217305551,0.0,0.0,0.0,82.45444217305551,0.0,0.0,0.00185 
 03/15  00:30:00,9.34,79.5,8.6,0.0,0.0,0.0,0.0,0.0,2.0,2.0,0.0,0.0,0.0,0.0,0.0,984.0,0.0,0.0,0.0,0.0,0.0,0.0,0.0,0.0,0.0,0.0,0.0,19.16341376056432,-89.18860575232429,19.422835922020796,-252.2203300433896,19.062545799741306,-223.95691015866579,18.880791698243529,-64.91405315398265,17.520072005417505,0.18646402093035875,19.511969689448948,-40.890492182110737,17.79398175643376,6.86937141877047,16.192792355000095,-93.89014112279802,17.179049143217214,-107.40530460439686,472.02687987148968,456.0930459374233,0.0,0.0,0.0,0.0,0.0,0.0,0.0,0.0,0.0,0.0,0.0,0.0,0.0,0.0,0.0,0.0,0.0,0.0,0.0,0.0,0.0,0.0,0.8537572651856671,0.2606096658075907,306.9481293155872,368.51748529460999,5894.852989591045,0.1323582248341416,0.02020119426650513,152.2572667943601,182.48262489282085,2988.5210530923197,0.840660540955031,0.15885497750473005,257.02919268068356,308.64541816368458,4954.144655283728,0.16986914775255153,0.03209923426918962,129.8214148114937,155.88669723267965,2479.845742621741,0.0,0.0,6.323752614845726,7.62874703906585,105.55023919763772,0.0,0.0,12.240379304151635,14.653980114549661,256.2529316630404,0.0,0.0,85.035505222676,102.46661896675002,1479.1279917630464,0.0,0.0,36.71097676495378,44.51259405971345,502.8592578183069,0.0,0.0,25.352896014302006,30.6255036267947,401.3495946647023,40.2733899366462,27.62235249427038,378.45789702650679,455.524898149929,7393.115926626993,0.0,0.0,68.75959295056674,83.73517805808149,770.9139201460687,0.0,18.73786602768984,44.86831125121286,22.0,30.0,0.0,19.0765998947457,43.69644767894215,12.0,30.0,0.0,18.816914112691145,44.50973717950859,22.0,30.0,0.0,18.733144117884558,44.965004909933089,12.0,30.0,0.0,17.511596809990374,49.74934042457812,12.0,30.0,0.0,19.671350183422818,43.38933775831259,12.0,30.0,0.0,17.865013483786556,47.731369017532617,10.0,30.0,0.0,16.007509532540934,54.15369618385574,12.0,30.0,0.0,17.077718624691749,50.82608564227001,20.0,30.0,0.0,18.01933067368182,0.0,0.0,0.0,14.75673982750515,0.0,0.0,520.2970049242214,502.06864060505105,511.5506605398594,532.4606303907162,616.8129795807586,898.5961486424075,564.408311458662,595.5035948557829,724.5149367074594,0.0,82.45444217305551,82.45444217305551,60.0,0.0,60.0,60.0,12.0,12.0,12.0,19.0,12.0,12.0,21.0,10.0,0.0,0.0,0.0,0.0,0.0,0.0,0.0,0.0,0.0,0.0,0.0,0.0,0.0,82.45444217305551,82.45444217305551,0.0,0.0,0.0,82.45444217305551,0.0,0.0,0.00186 
 03/15  00:40:00,9.343333333333334,79.33333333333334,8.593333333333334,0.0,0.0,0.0,0.0,0.0,2.0,2.0,0.0,0.0,0.0,0.0,0.0,492.0,0.0,0.0,0.0,0.0,0.0,0.0,0.0,0.0,0.0,0.0,0.0,19.120117023214186,-181.05376188810716,19.37222348395987,-98.75914826209783,19.047254101260557,-33.450994469176297,18.824214402078519,-120.61719393183421,17.494808871829066,-0.13133496642308274,19.463186069202608,-42.4262178194553,17.78261362865293,34.22876689379427,16.134225463464249,-89.50967213161084,17.220241912963148,-110.86015653635764,409.62712539676616,460.55956065263538,0.0,0.0,0.0,0.0,0.0,0.0,0.0,0.0,0.0,0.0,0.0,0.0,0.0,0.0,0.0,0.0,0.0,0.0,0.0,0.0,0.0,0.0,0.8288042774412452,0.2529927586816988,193.4682916432767,231.92261400620917,3690.7683809558309,0.14966715081834718,0.022842971736621977,48.620506547746028,58.213383901996618,960.798618837722,0.905844121721411,0.1711723586019296,232.5992678937481,278.633990725809,4515.565479348113,0.17316799203765019,0.03272259864657032,90.73699598621634,108.78160944358814,1720.9615669922319,0.0,0.0,6.683599593537298,8.043461262316834,111.19391625661511,0.0,0.0,12.084216738568867,14.437132033597317,251.78760178491096,0.0,0.0,88.88145929989433,106.83822029194805,1545.4890664772884,0.0,0.0,37.269594414549619,45.0967122885032,504.9025223076195,0.0,0.0,25.17912534086872,30.336606776297566,403.02870961879037,39.89943259536747,27.365865977618303,230.66685085768354,277.38114355224647,4662.782079985266,0.0,0.0,68.90499931063114,83.73708173592149,764.1581238974038,0.0,18.698486133665548,44.68104059061002,22.0,30.0,0.0,19.057802474810289,43.642631614617169,12.0,30.0,0.0,18.872855814804063,44.70705057181294,22.0,30.0,0.0,18.665298567551706,44.89860440570957,12.0,30.0,0.0,17.48383255499614,49.522649294077279,12.0,30.0,0.0,19.619091865517036,43.232031527763847,12.0,30.0,0.0,17.86375175854845,47.78243376694974,10.0,30.0,0.0,15.93273103748166,54.22326363603833,12.0,30.0,0.0,17.166040295883499,50.307624922687057,20.0,30.0,0.0,17.814530344966675,0.0,0.0,0.0,14.697263121297544,0.0,0.0,505.099811328232,500.311123026014,536.6342636873056,521.9880103981035,604.9847924677699,898.2435695432439,566.6597939251061,591.00357266581,732.0714793593986,0.0,82.45444217305551,82.45444217305551,60.0,0.0,60.0,60.0,12.0,12.0,12.0,19.0,12.0,12.0,21.0,10.0,0.0,0.0,0.0,0.0,0.0,0.0,0.0,0.0,0.0,0.0,0.0,0.0,0.0,82.45444217305551,82.45444217305551,0.0,0.0,0.0,82.45444217305551,0.0,0.0,0.0018700000000000002 
 03/15  00:50:00,9.346666666666668,79.16666666666667,8.586666666666666,0.0,0.0,0.0,0.0,0.0,2.0,2.0,0.0,0.0,0.0,0.0,0.0,984.0,0.0,0.0,0.0,0.0,0.0,0.0,0.0,0.0,0.0,0.0,0.0,19.137462628332576,-94.7824690417824,19.285020960295286,-238.34478165039617,18.939192229955905,-184.9232533162094,18.80991027100278,-50.595695875174218,17.47372910209355,-0.43037354395175955,19.42528740960018,-38.29629548940832,17.75263605886954,12.680197480864536,16.089636906730875,-95.15376585225977,17.233269253897157,-107.6683667689502,433.3986824072613,462.50507510094669,0.0,0.0,0.0,0.0,0.0,0.0,0.0,0.0,0.0,0.0,0.0,0.0,0.0,0.0,0.0,0.0,0.0,0.0,0.0,0.0,0.0,0.0,0.8243192999858302,0.25162371794439267,214.26961092331289,257.46468412638338,4138.376751551411,0.13871730418087076,0.021171749722355125,110.18080552233893,132.50475388380193,2140.8283920322376,0.8468606852756191,0.16002658451920244,212.39497727854315,255.21991327682799,4052.6075701023676,0.17266443724183618,0.03262744467910736,114.58477654348306,137.77316901064169,2179.584765796528,0.0,0.0,6.3976489666130729,7.718988924853024,106.12840072218663,0.0,0.0,11.924534106379067,14.28489310608871,247.60605845093108,0.0,0.0,85.35778933220425,102.87583093048285,1476.090925339738,0.0,0.0,38.25204421447714,46.41061358648156,514.1557795567271,0.0,0.0,23.643310530445349,28.556953321556528,379.6622134331681,39.54349114311873,27.121736037804348,274.64775514167976,331.1411115428929,5459.265378778461,0.0,0.0,67.78632783403688,82.60257196650534,743.3674792263946,0.0,18.817188857368046,44.35181695966719,22.0,30.0,0.0,18.932634578867906,43.70838745041361,12.0,30.0,0.0,18.706801731695518,44.60832129506365,22.0,30.0,0.0,18.695984276508363,44.97357041045452,12.0,30.0,0.0,17.465241262791893,49.444475726572729,12.0,30.0,0.0,19.588590064892764,43.168530567747939,12.0,30.0,0.0,17.82107081227264,47.59933080448531,10.0,30.0,0.0,15.885054324058082,54.242120492121888,12.0,30.0,0.0,17.197628716745876,50.08116832853342,20.0,30.0,0.0,17.872452658343144,0.0,0.0,0.0,14.640818047702038,0.0,0.0,506.8257085624997,482.41349261816228,502.1041116494373,531.9005704842602,600.291370157267,898.2415748774134,554.7619818669023,588.3977556159606,736.2652125055564,0.0,82.45444217305551,82.45444217305551,60.0,0.0,60.0,60.0,12.0,12.0,12.0,19.0,12.0,12.0,21.0,10.0,0.0,0.0,0.0,0.0,0.0,0.0,0.0,0.0,0.0,0.0,0.0,0.0,0.0,82.45444217305551,82.45444217305551,0.0,0.0,0.0,82.45444217305551,0.0,0.0,0.00186 
 03/15  01:00:00,9.35,79.0,8.58,0.0,0.0,0.0,0.0,0.0,2.0,2.0,0.0,0.0,0.0,0.0,0.0,492.0,0.0,0.0,0.0,0.0,0.0,0.0,0.0,0.0,0.0,0.0,0.0,19.16670261218354,-24.07743714463959,19.172244428149157,-305.30331287943866,18.866164426166944,-192.9560160671449,18.800819994761527,-6.594948905786168,17.446840373626203,-0.2992783936285548,19.37908224149673,-36.096591410281749,17.717239761081076,6.9600110733858859,16.034727283026208,-93.36124437566082,17.248098960868988,-104.68821281460009,392.2403685343288,461.133761743027,0.0,0.0,0.0,0.0,0.0,0.0,0.0,0.0,0.0,0.0,0.0,0.0,0.0,0.0,0.0,0.0,0.0,0.0,0.0,0.0,0.0,0.0,0.8264603795562651,0.25227728313683309,166.3078554009756,199.2498719630976,3251.76130397335,0.1347447698676108,0.020565441066485166,147.78753356498056,177.1728572907318,2830.916920195022,0.817706742879129,0.15451752510943488,112.07886468990773,134.4288614524796,2127.7069106919245,0.16890290713065093,0.031916649117658898,101.08673018598046,121.18816364325707,1926.9377007112647,0.0,0.0,6.255053088062197,7.531124622078604,103.40313501587809,0.0,0.0,11.840425854048874,14.153880586756009,244.77221662770797,0.0,0.0,83.34802498619892,100.24983274083268,1433.2944765944827,0.0,0.0,38.5636280474761,46.6937378940658,513.0890324968473,0.0,0.0,22.513821623931919,27.126330281124934,363.1788165280545,39.13664792731606,26.842694051657117,199.57756388530573,240.10735613462945,4072.223817906264,0.0,0.0,66.60244883367489,80.99225362085942,722.3541872346791,0.0,18.937919001822029,43.84956201785067,22.0,30.0,0.0,18.775978378426275,43.94078085052875,12.0,30.0,0.0,18.62767589306342,44.47185106411696,22.0,30.0,0.0,18.721035242382553,44.895919099097309,12.0,30.0,0.0,17.435688029707785,49.301559344925667,12.0,30.0,0.0,19.540192286711198,43.0738469519713,12.0,30.0,0.0,17.771931599695014,47.5647708985528,10.0,30.0,0.0,15.817255198003713,54.306906413175877,12.0,30.0,0.0,17.2341826914396,49.79597931028958,20.0,30.0,0.0,17.731324535120007,0.0,0.0,0.0,14.582062254189449,0.0,0.0,496.0286304881404,471.2924829475784,482.2253364043361,533.8252055307961,591.3588846215589,897.2484366267754,548.9789833959919,583.72471081538,742.242199295288,0.0,82.45444217305551,82.45444217305551,60.0,0.0,60.0,60.0,12.0,12.0,12.0,19.0,12.0,12.0,21.0,10.0,0.0,0.0,0.0,0.0,0.0,0.0,0.0,0.0,0.0,0.0,0.0,0.0,0.0,82.45444217305551,82.45444217305551,0.0,0.0,0.0,82.45444217305551,0.0,0.0,0.00185 
 03/15  01:10:00,9.345,78.50000000000002,8.465,0.0,0.0,0.0,0.0,0.0,2.0,2.0,0.0,0.0,0.0,0.0,0.0,1476.0,0.0,0.0,0.0,0.0,0.0,0.0,0.0,0.0,0.0,0.0,0.0,19.022240975026159,-159.65051420794738,19.150869208063705,-156.1389735399524,18.85732214483425,-69.51261866400924,18.75182645510027,-84.85829234747696,17.425246127692814,-1.3594049291505619,19.343259068774964,-36.92025113355387,17.700351512809904,12.307653283044754,15.993975786960787,-99.28795090375775,17.2513910166209,-99.61318458965374,371.18087271677009,452.87149174807976,0.0,0.0,0.0,0.0,0.0,0.0,0.0,0.0,0.0,0.0,0.0,0.0,0.0,0.0,0.0,0.0,0.0,0.0,0.0,0.0,0.0,0.0,0.8277268408124123,0.25266387082185967,189.4529428118584,228.0772934143696,3602.0645685253177,0.14656112755937693,0.022368914462664367,105.02478501857434,126.27094750037426,2020.5479663457959,0.8277769226526808,0.15642043134026477,144.24419575751723,173.64741315491447,2750.64080903911,0.16115832806685533,0.030453198803260634,64.09954128886349,77.18630104267467,1214.102683646488,0.0,0.0,6.375592281631544,7.702456366510765,105.17993883374709,0.0,0.0,11.566281484086732,13.872753419257223,238.4570245670784,0.0,0.0,83.70599182123537,101.01590754162183,1438.075997512958,0.0,0.0,39.269488630272459,47.71064509433141,519.4699196962492,0.0,0.0,20.928877098327534,25.30004377240467,338.2339300297762,38.825348925828148,26.629183076699698,198.6652536501823,240.00286877563043,4042.718407148807,0.0,0.0,65.29333688873538,79.67891118424956,700.3334604288243,0.0,18.68589408973993,44.40031181917047,22.0,30.0,0.0,18.816597224540705,43.893026448657398,12.0,30.0,0.0,18.681268688041958,44.52466524760064,22.0,30.0,0.0,18.65222045717107,44.759777713075049,12.0,30.0,0.0,17.417194211819028,49.21869887593249,12.0,30.0,0.0,19.511172086173518,43.037148632121418,12.0,30.0,0.0,17.76193592710284,47.4588947296909,10.0,30.0,0.0,15.776894339255815,54.28867416976307,12.0,30.0,0.0,17.247988419594678,49.64708503283728,20.0,30.0,0.0,17.65098540684441,0.0,0.0,0.0,14.520047948953323,0.0,0.0,493.03189938716278,481.17236575601876,500.84582596552698,521.5654805928859,584.5296258416812,897.7241416320678,542.349758711973,578.7157192421853,745.4307091152241,0.0,82.45444217305551,82.45444217305551,60.0,0.0,60.0,60.0,12.0,12.0,12.0,19.0,12.0,12.0,21.0,10.0,0.0,0.0,0.0,0.0,0.0,0.0,0.0,0.0,0.0,0.0,0.0,0.0,0.0,82.45444217305551,82.45444217305551,0.0,0.0,0.0,82.45444217305551,0.0,0.0,0.00184 
 03/15  01:20:00,9.34,78.0,8.350000000000002,0.0,0.0,0.0,0.0,0.0,2.0,2.0,0.0,0.0,0.0,0.0,0.0,492.0,0.0,0.0,0.0,0.0,0.0,0.0,0.0,0.0,0.0,0.0,0.0,19.004437487225297,-93.47473677871222,19.08095242706807,-211.17641226631259,18.86996160027296,-39.5755412561989,18.74158188857118,-11.659638559041924,17.395740487436656,-1.3188035061326958,19.296197949527618,-35.693626160136719,17.670271417771695,15.172340106164029,15.93925957249851,-96.98741267983383,17.257726424448735,-97.61087421686728,209.627797805691,452.22767208846087,0.0,0.0,0.0,0.0,0.0,0.0,0.0,0.0,0.0,0.0,0.0,0.0,0.0,0.0,0.0,0.0,0.0,0.0,0.0,0.0,0.0,0.0,0.8178332865165594,0.24964386035304013,110.29550744986672,132.26046279608756,2116.0501159625875,0.1485166946056562,0.02266738318157146,76.35090227809424,91.55474133417191,1459.423669419078,0.8159676099346722,0.15418889076618906,64.43923634953005,77.25822156875276,1248.1170532596237,0.1632712392153394,0.030852463948476826,62.94122300989562,75.48032200875802,1196.74942683529,0.0,0.0,6.36251932733331,7.662943014023009,104.65619151229727,0.0,0.0,11.474197012604812,13.721714905280848,235.62167044296155,0.0,0.0,83.20894854057916,100.11099050798477,1425.2900078540675,0.0,0.0,39.49778812898847,47.849003916799407,517.7766815326605,0.0,0.0,20.22852150283793,24.37292817689349,328.1053434100669,38.46850677826249,26.38443537603738,66.16519661912577,79.79016819893384,1656.0813582777205,0.0,0.0,64.56451225635124,78.55665891532849,686.1846210666312,0.0,18.717323107641325,44.106408719850467,22.0,30.0,0.0,18.734444502833008,43.84597284724164,12.0,30.0,0.0,18.75933378769024,44.15502595175313,22.0,30.0,0.0,18.676755427031894,44.58377972888242,12.0,30.0,0.0,17.38350667443548,49.071941927175519,12.0,30.0,0.0,19.458879114242039,42.9725131403538,12.0,30.0,0.0,17.727107050776519,47.351576370620687,10.0,30.0,0.0,15.708964521570167,54.28776478165035,12.0,30.0,0.0,17.268118398611635,49.37777054286889,20.0,30.0,0.0,17.099517011397656,0.0,0.0,0.0,14.463895103266097,0.0,0.0,486.6142510311789,473.4841335342177,496.669421379898,520.1608456042743,572.8893484198426,897.582678717267,533.3160764277033,572.0818600928071,750.2953326737744,0.0,82.45444217305551,82.45444217305551,60.0,0.0,60.0,60.0,12.0,12.0,12.0,19.0,12.0,12.0,21.0,10.0,0.0,0.0,0.0,0.0,0.0,0.0,0.0,0.0,0.0,0.0,0.0,0.0,0.0,82.45444217305551,82.45444217305551,0.0,0.0,0.0,82.45444217305551,0.0,0.0,0.0018366666666666666 
 03/15  01:30:00,9.335,77.5,8.235,0.0,0.0,0.0,0.0,0.0,2.0,2.0,0.0,0.0,0.0,0.0,0.0,984.0,0.0,0.0,0.0,0.0,0.0,0.0,0.0,0.0,0.0,0.0,0.0,18.900488461017099,-202.8502104607253,19.102851704468426,-29.89771633402627,18.75852911199014,-177.577841320483,18.67830245676941,-151.14914766179596,17.372468707201919,-1.812698582289542,19.259887021068267,-34.89692553532649,17.650014985494303,15.550871710870752,15.89854456015862,-101.1811710692001,17.25704173511671,-94.7749691066922,323.37519659030365,450.91063419331285,0.0,0.0,0.0,0.0,0.0,0.0,0.0,0.0,0.0,0.0,0.0,0.0,0.0,0.0,0.0,0.0,0.0,0.0,0.0,0.0,0.0,0.0,0.828075961142044,0.25277043990904887,115.55610990591339,138.8697028306324,2161.3789124965448,0.14752232880792694,0.0225156179499278,8.80665135893418,10.573582351611094,172.9141679510376,0.8247300058853589,0.1558446723139379,176.92386284708693,212.59067759491405,3344.5527828905035,0.15811086163014466,0.02987733590894645,92.8726799517419,111.63315400118734,1742.4740771832715,0.0,0.0,6.397473471483366,7.724474329476715,104.99680230008318,0.0,0.0,11.314348260337124,13.565203590124123,231.69065759701938,0.0,0.0,83.24199764168469,100.39721923008561,1423.4890286180565,0.0,0.0,40.15622129413182,48.77185584193274,523.3575692718544,0.0,0.0,19.312621467963383,23.32619850186675,313.6012311313549,38.24295426668698,26.229735436685183,155.9236417446891,187.97164024726878,3239.0359695170948,0.0,0.0,64.00750122588451,78.08184784883523,674.4302303514317,0.0,18.56736995353496,44.41757097376109,22.0,30.0,0.0,18.84178166187135,43.53918225883566,12.0,30.0,0.0,18.58162359021652,44.464984373453379,22.0,30.0,0.0,18.580181655345727,44.48213364968528,12.0,30.0,0.0,17.362666506057395,48.99099054084604,12.0,30.0,0.0,19.427864320677079,42.93566896841828,12.0,30.0,0.0,17.710387016872155,47.33180444976058,10.0,30.0,0.0,15.66822076091863,54.26735658507099,12.0,30.0,0.0,17.274889185524637,49.23848974551628,20.0,30.0,0.0,17.425712994912347,0.0,0.0,0.0,14.415473343935212,0.0,0.0,493.74396421712086,475.69447043286427,499.18663705929057,506.43015368460149,565.7207280312532,897.4306378157753,534.840432865042,566.5341042948688,752.4418585304125,0.0,82.45444217305551,82.45444217305551,60.0,0.0,60.0,60.0,12.0,12.0,12.0,19.0,12.0,12.0,21.0,10.0,0.0,0.0,0.0,0.0,0.0,0.0,0.0,0.0,0.0,0.0,0.0,0.0,0.0,82.45444217305551,82.45444217305551,0.0,0.0,0.0,82.45444217305551,0.0,0.0,0.0018333333333333334 
 03/15  01:40:00,9.33,77.0,8.120000000000001,0.0,0.0,0.0,0.0,0.0,2.0,2.0,0.0,0.0,0.0,0.0,0.0,984.0,0.0,0.0,0.0,0.0,0.0,0.0,0.0,0.0,0.0,0.0,0.0,18.783367170131826,-56.825170657302809,19.066636067384665,-241.42214653701468,18.704355878457315,-209.18074329868433,18.569249514215728,-61.26350012724561,17.34620177385964,-1.4787153631856427,19.220079252021919,-32.4403836980201,17.609405781108273,-11.65826369297747,15.850073922421718,-104.29098909441666,17.260331044594638,-82.20236396698332,436.6674917735927,430.20202132204715,0.0,0.0,0.0,0.0,0.0,0.0,0.0,0.0,0.0,0.0,0.0,0.0,0.0,0.0,0.0,0.0,0.0,0.0,0.0,0.0,0.0,0.0,0.8018819474479042,0.24477470923318199,336.1419442214608,404.32465226198226,6248.371433760871,0.1200622409470285,0.018324517849058074,171.1747187698356,205.52489854684036,3275.2907468987416,0.7988670854921662,0.15095749914817964,297.59261127268999,357.97471352004166,5580.9205461751339,0.15797943099410695,0.029852500187850889,156.43977145124155,188.23012063760224,2895.6229057462189,0.0,0.0,6.071021928293536,7.333523341766332,99.38814024608345,0.0,0.0,11.380637335717316,13.646997286234346,232.29941786210638,0.0,0.0,77.20872173985853,93.1613131579802,1313.5459913058158,0.0,0.0,40.21564830325438,48.85841373572375,520.036598537266,0.0,0.0,16.678228588048847,20.144052910918665,271.5033771182341,37.84232884260176,25.95495805391068,441.5975586228714,532.3771769950814,8271.62850357354,0.0,0.0,60.90611629321309,74.32374507505037,633.419229815992,0.0,18.42670416191404,44.64021547920984,22.0,30.0,0.0,18.80187815004097,43.51017176685832,12.0,30.0,0.0,18.53292073616324,44.34789321531579,22.0,30.0,0.0,18.426907040989087,44.69824615248369,12.0,30.0,0.0,17.336234241964314,48.85240935212331,12.0,30.0,0.0,19.388791613912298,42.86183424683692,12.0,30.0,0.0,17.65709588712895,47.18678913294287,10.0,30.0,0.0,15.612044839630619,54.184662101607049,12.0,30.0,0.0,17.290045976182556,49.01289756764716,20.0,30.0,0.0,17.809368454473135,0.0,0.0,0.0,14.342697009334746,0.0,0.0,489.2838056856469,480.77707436574897,490.5505007214364,499.6672603587383,558.7000491600836,895.4092461113934,529.0792509253229,562.0803105251277,761.3446091786059,0.0,82.45444217305551,82.45444217305551,60.0,0.0,60.0,60.0,12.0,12.0,12.0,19.0,12.0,12.0,21.0,10.0,0.0,0.0,0.0,0.0,0.0,0.0,0.0,0.0,0.0,0.0,0.0,0.0,0.0,82.45444217305551,82.45444217305551,0.0,0.0,0.0,82.45444217305551,0.0,0.0,0.0018299999999999999 
 03/15  01:50:00,9.325000000000001,76.5,8.004999999999999,0.0,0.0,0.0,0.0,0.0,2.0,2.0,0.0,0.0,0.0,0.0,0.0,984.0,0.0,0.0,0.0,0.0,0.0,0.0,0.0,0.0,0.0,0.0,0.0,18.813815251476116,-170.69480504491276,18.921564387764854,-193.67696291456014,18.57846936190044,-115.43848582192413,18.562153873028053,-95.50691569889205,17.319911709179399,-2.1871997688639626,19.182538286177509,-33.16951016933527,17.55454448769845,5.61760011279398,15.803371942442056,-105.55468180051548,17.26431479044517,-76.72637468409272,423.13909367281488,423.4544751094587,0.0,0.0,0.0,0.0,0.0,0.0,0.0,0.0,0.0,0.0,0.0,0.0,0.0,0.0,0.0,0.0,0.0,0.0,0.0,0.0,0.0,0.0,0.7936734054328836,0.24226904927743704,284.4095134602867,342.130468202788,5325.912923988042,0.12891420515056957,0.019675550236655918,144.79845862417182,174.33933727754,2717.9588827848467,0.8180683687545468,0.15458585955301344,248.67486975503443,299.1481193286312,4590.562860643846,0.15695087651259108,0.029658139930572759,134.85252779626905,162.22105631194035,2501.8176977101759,0.0,0.0,6.1573396403965969,7.435273091477818,100.53892529636858,0.0,0.0,11.265834586641408,13.512266075242927,229.2954768026376,0.0,0.0,78.03572464400392,94.1657627589665,1315.7611336323956,0.0,0.0,40.692780085997487,49.44949946677589,522.3293002996362,0.0,0.0,15.504806729060878,18.72742462376107,253.02225907727658,37.54377294206061,25.75018720305942,365.28918407402707,440.554763197402,6919.280618317234,0.0,0.0,59.90963324463594,73.12484663065968,616.9389675280997,0.0,18.520863633726259,44.08322537074527,22.0,30.0,0.0,18.58290147998497,43.75528857334581,12.0,30.0,0.0,18.354642731032969,44.5726248726081,22.0,30.0,0.0,18.44976506342993,44.521041627557028,12.0,30.0,0.0,17.30991391199325,48.74919730210473,12.0,30.0,0.0,19.353317480206387,42.765495730712618,12.0,30.0,0.0,17.577436910460585,47.14907723981059,10.0,30.0,0.0,15.55940119447773,54.08019870161504,12.0,30.0,0.0,17.304958743688155,48.7688595314099,20.0,30.0,0.0,17.76680063973,0.0,0.0,0.0,14.287014806165402,0.0,0.0,486.19564522829048,475.40761101879959,485.07466099773935,500.17867795438709,553.9127883199769,890.870736701358,524.4665392570976,558.22651677004,772.0805010347315,0.0,82.45444217305551,82.45444217305551,60.0,0.0,60.0,60.0,12.0,12.0,12.0,19.0,12.0,12.0,21.0,10.0,0.0,0.0,0.0,0.0,0.0,0.0,0.0,0.0,0.0,0.0,0.0,0.0,0.0,82.45444217305551,82.45444217305551,0.0,0.0,0.0,82.45444217305551,0.0,0.0,0.0018333333333333334 
 03/15  02:00:00,9.32,76.0,7.89,0.0,0.0,0.0,0.0,0.0,2.0,2.0,0.0,0.0,0.0,0.0,0.0,492.0,0.0,0.0,0.0,0.0,0.0,0.0,0.0,0.0,0.0,0.0,0.0,18.807042047630689,-18.468316557642539,18.85342569892277,-255.57625846097563,18.53866511778905,-176.2198819158284,18.53901534672923,-7.1477954018178029,17.290257394063674,-1.8751237438466149,19.139721931794399,-30.163621840404177,17.50589636181618,-17.497653351747887,15.75686726657695,-101.59022724456782,17.26954519603742,-71.31304618408126,379.7542834131327,420.88188131183827,0.0,0.0,0.0,0.0,0.0,0.0,0.0,0.0,0.0,0.0,0.0,0.0,0.0,0.0,0.0,0.0,0.0,0.0,0.0,0.0,0.0,0.0,0.7807905118122213,0.23833654206722264,231.43120124666448,277.7018559852712,4374.093332052226,0.12034775917846093,0.018368095112707713,171.4317464973286,205.79178956174528,3201.808087800072,0.7621217370515689,0.14401393368321414,135.73341572752634,163.0350425970256,2500.2269064161448,0.15349346349595725,0.029004811696137037,79.41992304105709,95.33907363486945,1477.2641969454494,0.0,0.0,5.615129952644678,6.7671274145303299,91.41710447196881,0.0,0.0,11.201150135592054,13.405827717259232,227.16759112605986,0.0,0.0,73.41463387439578,88.41841906811047,1228.8697485045214,0.0,0.0,40.41816249811086,49.01177811667555,515.1530364112006,0.0,0.0,14.495294190487167,17.46625291123894,237.2777828073523,37.173501859021587,25.496228984239779,260.77873620663197,313.993657597198,5036.113115842486,0.0,0.0,58.419982183236118,71.15644186605747,596.507265264838,0.0,18.590148412857205,43.989138608252918,22.0,30.0,0.0,18.502435039489325,43.6958402226321,12.0,30.0,0.0,18.326451622928237,44.23282205436475,22.0,30.0,0.0,18.451921444674018,44.60298582944224,12.0,30.0,0.0,17.277280126391017,48.612899107571198,12.0,30.0,0.0,19.30722361425387,42.67917150454922,12.0,30.0,0.0,17.50856973179771,47.19894947421906,10.0,30.0,0.0,15.506866691223343,54.10392455964706,12.0,30.0,0.0,17.322021837206603,48.53318322899581,20.0,30.0,0.0,17.620130897503036,0.0,0.0,0.0,14.237005981126162,0.0,0.0,486.8802300886869,467.412154310846,471.8565504224017,506.8406751663697,546.3358811292002,887.2417602820585,525.745309056556,555.2776039717137,786.3323873348674,0.0,82.45444217305551,82.45444217305551,60.0,0.0,60.0,60.0,12.0,12.0,12.0,19.0,12.0,12.0,21.0,10.0,0.0,0.0,0.0,0.0,0.0,0.0,0.0,0.0,0.0,0.0,0.0,0.0,0.0,82.45444217305551,82.45444217305551,0.0,0.0,0.0,82.45444217305551,0.0,0.0,0.0018366666666666666 
 03/15  02:10:00,9.32,75.83333333333334,7.736666666666666,0.0,0.0,0.0,0.0,0.0,2.0,2.0,0.0,0.0,0.0,0.0,0.0,984.0,0.0,0.0,0.0,0.0,0.0,0.0,0.0,0.0,0.0,0.0,0.0,18.68426916448165,-130.35934132541343,18.840556396455029,-148.3522001361788,18.5284465843688,-108.43466018847221,18.488063281880807,-81.17980102946717,17.266080446723096,-2.4556523619472445,19.105225337119653,-32.23104192010956,17.48994289295132,0.40758329730738299,15.719318376189403,-105.65698084311794,17.272989673647353,-61.6953699413597,380.56680069285087,406.8878760280862,0.0,0.0,0.0,0.0,0.0,0.0,0.0,0.0,0.0,0.0,0.0,0.0,0.0,0.0,0.0,0.0,0.0,0.0,0.0,0.0,0.0,0.0,0.785414127341044,0.2397479021187558,221.6529481570613,266.78104998281528,4096.069191704002,0.1339230395465966,0.020440024350823657,107.73742364360814,129.46246934339067,2016.4900029077042,0.7868343073778559,0.14868373155288287,183.69911560588299,221.2235000255902,3397.3536851312849,0.15226286906507553,0.028772273065962866,94.60613156046091,113.91282228718697,1743.460563576737,0.0,0.0,6.070511775503284,7.335363053713793,98.54150196553249,0.0,0.0,11.056452224176188,13.266005774229754,223.4869016043017,0.0,0.0,74.87353160142735,90.39749761434989,1252.9757192816092,0.0,0.0,40.818610291327988,49.62281984439787,517.1202041257684,0.0,0.0,12.733244439719627,15.380681235538223,208.68732506749684,36.78682195172799,25.23101642779698,261.22202447218987,315.2746138864453,5030.688340912044,0.0,0.0,56.753139144677607,69.30744871633013,572.5454335419383,0.0,18.375086011186626,44.27023441567859,22.0,30.0,0.0,18.545774480723858,43.63037379529882,12.0,30.0,0.0,18.368092038159543,44.345544550462538,22.0,30.0,0.0,18.373970118321254,44.42168466242738,12.0,30.0,0.0,17.25576098453663,48.537558168342787,12.0,30.0,0.0,19.276176141437337,42.640892574230068,12.0,30.0,0.0,17.508429218500319,47.12434868920052,10.0,30.0,0.0,15.470699288291743,54.054217072961957,12.0,30.0,0.0,17.335061846981135,48.388401831823347,20.0,30.0,0.0,17.612153730570708,0.0,0.0,0.0,14.17827882358896,0.0,0.0,483.00339585098626,471.5968996510917,484.740062560258,498.4383918667661,542.1598084985435,886.5123193674946,517.1823858283617,551.8234849429921,798.6909891706737,0.0,82.45444217305551,82.45444217305551,60.0,0.0,60.0,60.0,12.0,12.0,12.0,19.0,12.0,12.0,21.0,10.0,0.0,0.0,0.0,0.0,0.0,0.0,0.0,0.0,0.0,0.0,0.0,0.0,0.0,82.45444217305551,82.45444217305551,0.0,0.0,0.0,82.45444217305551,0.0,0.0,0.00184 
 03/15  02:20:00,9.32,75.66666666666667,7.583333333333334,0.0,0.0,0.0,0.0,0.0,2.0,2.0,0.0,0.0,0.0,0.0,0.0,492.0,0.0,0.0,0.0,0.0,0.0,0.0,0.0,0.0,0.0,0.0,0.0,18.575752706764694,-169.97307483541955,18.857150327335675,-21.380730835711803,18.527577587007117,-33.62885361781446,18.420268550728367,-119.06611807030868,17.235920323285506,-2.267692743294532,19.06289983370705,-32.33217679059169,17.464253241306346,7.229087984193939,15.672372911602594,-104.75045887018723,17.282879622520228,-52.71843082452426,324.3444224468876,398.74196203274257,0.0,0.0,0.0,0.0,0.0,0.0,0.0,0.0,0.0,0.0,0.0,0.0,0.0,0.0,0.0,0.0,0.0,0.0,0.0,0.0,0.0,0.0,0.7902226697887751,0.24121571116873478,138.43987250172399,166.36281856427679,2519.5643721862236,0.13811338660108309,0.021079576709567017,10.061126935915909,12.073264487465324,192.9403392639754,0.7978400636693868,0.15076342850895448,180.35487633181666,216.5546796756877,3351.493778774269,0.15125878161265614,0.0285825362079849,86.33659342743947,103.72708718348253,1575.8258011195758,0.0,0.0,6.250031199983374,7.534607313017458,101.07852633176351,0.0,0.0,10.97870878949827,13.144676153219379,220.98954218413247,0.0,0.0,74.58452632986585,89.84062340125698,1245.1696638550187,0.0,0.0,41.08568138683432,49.84203695541011,516.1635736395147,0.0,0.0,11.166921367112416,13.455253450073898,183.63885744050033,36.335689474167399,24.921597718907689,178.82064839510725,215.48547394600559,3553.954922977879,0.0,0.0,55.19928064926657,67.2673371934222,551.125340506107,0.0,18.214008514847899,44.40068550399016,22.0,30.0,0.0,18.63084217847899,43.21341098509781,12.0,30.0,0.0,18.419145130508278,44.375694980908509,22.0,30.0,0.0,18.27678903434566,44.27267678564407,12.0,30.0,0.0,17.222574862551846,48.405938845733249,12.0,30.0,0.0,19.229305197681119,42.55779738029983,12.0,30.0,0.0,17.485998668205089,47.15035909449473,10.0,30.0,0.0,15.41582031448638,54.101121349636539,12.0,30.0,0.0,17.359815918104695,48.16015594771771,20.0,30.0,0.0,17.425838297332168,0.0,0.0,0.0,14.125159481381744,0.0,0.0,480.2819488826687,469.48454104985759,495.68637387666259,490.4759934430782,535.3903983472193,883.9849311732338,510.4633238019991,549.3703430774506,824.1381206988759,0.0,82.45444217305551,82.45444217305551,60.0,0.0,60.0,60.0,12.0,12.0,12.0,19.0,12.0,12.0,21.0,10.0,0.0,0.0,0.0,0.0,0.0,0.0,0.0,0.0,0.0,0.0,0.0,0.0,0.0,82.45444217305551,82.45444217305551,0.0,0.0,0.0,82.45444217305551,0.0,0.0,0.00184 
 03/15  02:30:00,9.32,75.5,7.43,0.0,0.0,0.0,0.0,0.0,2.0,2.0,0.0,0.0,0.0,0.0,0.0,984.0,0.0,0.0,0.0,0.0,0.0,0.0,0.0,0.0,0.0,0.0,0.0,18.604712997957468,-74.1025404389261,18.772830155191927,-204.34546010408978,18.42820722807174,-164.1500744730747,18.405075921245765,-56.41004049462981,17.211507959722469,-2.6663040285647527,19.030848736513293,-29.65295088682558,17.42496191896931,-8.870021330737018,15.634906464396316,-108.57325017595656,17.291258688461565,-37.807259007114428,366.99593393912576,384.5538272612557,0.0,0.0,0.0,0.0,0.0,0.0,0.0,0.0,0.0,0.0,0.0,0.0,0.0,0.0,0.0,0.0,0.0,0.0,0.0,0.0,0.0,0.0,0.7671720020831008,0.23417948781535437,211.73696471092124,255.0407288476694,3909.297856331319,0.12218927862995326,0.018649157300053917,98.9346461113288,119.31627880731858,1838.1440903919764,0.7718238760389773,0.1458472932802301,204.8980121443677,246.7205527526383,3739.9340372559738,0.15302422377946357,0.028916142059611399,110.43352225015923,132.98962122089615,2018.8275228508147,0.0,0.0,5.897263095618575,7.125774288976112,95.08683962694613,0.0,0.0,10.863957481884063,13.039594181180036,218.04104441510973,0.0,0.0,70.82864685088316,85.52966461314415,1175.028789605667,0.0,0.0,41.38671161546866,50.33305273020269,516.7290318537973,0.0,0.0,9.932604248530368,11.995159191719808,163.70010105183685,35.913094798995917,24.631752262685823,275.9645060523642,333.30337634560359,5239.377114082061,0.0,0.0,52.75333852211119,64.45326060648502,520.533615692621,0.0,18.347890933374236,44.03044235546998,22.0,30.0,0.0,18.48864590777348,43.36344194965956,12.0,30.0,0.0,18.258046323462446,44.30176638561832,22.0,30.0,0.0,18.29586048504497,44.39488004090887,12.0,30.0,0.0,17.201003015313739,48.36314630722738,12.0,30.0,0.0,19.202665064626289,42.50899128358699,12.0,30.0,0.0,17.435608799696,47.003160159321037,10.0,30.0,0.0,15.379281800517094,54.03727817339225,12.0,30.0,0.0,17.380529845288636,48.00860806910963,20.0,30.0,0.0,17.552657987518047,0.0,0.0,0.0,14.068990118565468,0.0,0.0,478.98124312827965,464.6695475365822,478.7682164595224,495.40290826969547,531.4189560460332,881.118544877927,505.4463704773395,546.8918829274015,841.8575479156782,0.0,82.45444217305551,82.45444217305551,60.0,0.0,60.0,60.0,12.0,12.0,12.0,19.0,12.0,12.0,21.0,10.0,0.0,0.0,0.0,0.0,0.0,0.0,0.0,0.0,0.0,0.0,0.0,0.0,0.0,82.45444217305551,82.45444217305551,0.0,0.0,0.0,82.45444217305551,0.0,0.0,0.00184 
 03/15  02:40:00,9.32,75.33333333333334,7.276666666666667,0.0,0.0,0.0,0.0,0.0,2.0,2.0,0.0,0.0,0.0,0.0,0.0,492.0,0.0,0.0,0.0,0.0,0.0,0.0,0.0,0.0,0.0,0.0,0.0,18.636127930640514,-9.096327756485153,18.667243007880935,-279.73285623962058,18.378908364837956,-145.9569425924501,18.39901090761534,-6.217010537324313,17.181080378720034,-2.5470900156666689,18.99122818525904,-28.245479547001425,17.3823885870749,-12.94332381786171,15.587618683605794,-107.8343512985914,17.306327379788024,-33.242868733311187,329.0007324063181,380.52397730544888,0.0,0.0,0.0,0.0,0.0,0.0,0.0,0.0,0.0,0.0,0.0,0.0,0.0,0.0,0.0,0.0,0.0,0.0,0.0,0.0,0.0,0.0,0.7603087656496443,0.23208448279903674,180.27728873777154,216.47135969632044,3365.2304360975824,0.11890142607750451,0.018147348302427429,156.73394947127387,188.299211901075,2874.7883751666215,0.7542471453840873,0.14252591560545875,90.84418654268335,109.18077487431137,1657.4013532299946,0.1519727765555834,0.02871745588729844,71.73469758630286,86.17118619923954,1315.9712488414423,0.0,0.0,5.786553512312467,6.9779367287684679,92.95459000866964,0.0,0.0,10.77526653462193,12.905674061050816,215.4367041474058,0.0,0.0,68.78952492801006,82.90307706365799,1133.8942347053954,0.0,0.0,41.54234588668159,50.41772545986612,514.1825584670993,0.0,0.0,10.434467656634384,12.571663446506735,172.68625975666994,35.45612913750845,24.31833274177535,193.52453815807878,233.2198365540679,3782.56371505855,0.0,0.0,51.81949707356478,63.17669234852911,506.7440231339211,0.0,18.46343945672129,43.539029290063968,22.0,30.0,0.0,18.33118863259037,43.58332805172348,12.0,30.0,0.0,18.212573027808998,44.05467031066118,22.0,30.0,0.0,18.319934325576634,44.37651544771122,12.0,30.0,0.0,17.167588690459835,48.26531835036598,12.0,30.0,0.0,19.159868028218854,42.42221391913362,12.0,30.0,0.0,17.379196156250666,46.95066773790983,10.0,30.0,0.0,15.323200280375719,54.06041213058359,12.0,30.0,0.0,17.412296325022067,47.7413237450836,20.0,30.0,0.0,17.42605103453593,0.0,0.0,0.0,14.023800096005378,0.0,0.0,470.61509389776577,460.7940720675412,470.09805263149266,500.51245185623437,524.1848734874288,875.3397727176647,501.74830948384717,545.4317391024412,856.6693379974624,0.0,82.45444217305551,82.45444217305551,60.0,0.0,60.0,60.0,12.0,12.0,12.0,19.0,12.0,12.0,21.0,10.0,0.0,0.0,0.0,0.0,0.0,0.0,0.0,0.0,0.0,0.0,0.0,0.0,0.0,82.45444217305551,82.45444217305551,0.0,0.0,0.0,82.45444217305551,0.0,0.0,0.00184 
 03/15  02:50:00,9.32,75.16666666666666,7.123333333333333,0.0,0.0,0.0,0.0,0.0,2.0,2.0,0.0,0.0,0.0,0.0,0.0,984.0,0.0,0.0,0.0,0.0,0.0,0.0,0.0,0.0,0.0,0.0,0.0,18.490113799478693,-137.1475786989722,18.65688185254101,-128.18558197344874,18.361239760536223,-106.75168674614179,18.348947177390469,-78.83691450987908,17.15653902811061,-2.7894942843796146,18.958746435132256,-30.206804508936899,17.360992299987353,-8.53076149772346,15.551117233751083,-110.16457284734168,17.30999759578538,-35.78092939332046,359.7367965992962,380.47391283671245,0.0,0.0,0.0,0.0,0.0,0.0,0.0,0.0,0.0,0.0,0.0,0.0,0.0,0.0,0.0,0.0,0.0,0.0,0.0,0.0,0.0,0.0,0.7667580189129509,0.23405311932629764,228.34931980185196,275.04465430658686,4141.229317214751,0.13298477380748342,0.020296821399188558,115.31464707986726,138.71228840678067,2123.448221192497,0.7517268206973535,0.14204966377501017,175.40891035577455,211.34491294436197,3195.8097374570527,0.1452162434041422,0.02744071114968672,85.30012978197488,102.77853847198657,1549.86540402548,0.0,0.0,6.062400840945635,7.329764651144886,97.09716367757165,0.0,0.0,10.65795477874022,12.796757645874518,212.4088028173636,0.0,0.0,69.72330489674819,84.23999736666005,1147.2938631153407,0.0,0.0,41.92266871112859,51.00657682466964,515.7643881022054,0.0,0.0,12.305621487209173,14.861317449308214,203.8029745481553,35.04700193397163,24.03772423454845,264.94897528318196,319.92371612731696,5010.881125549452,0.0,0.0,52.09437763034508,63.66964255586837,505.96534358493229,0.0,18.200315960840503,44.15235880153267,22.0,30.0,0.0,18.382613449920059,43.50274459529395,12.0,30.0,0.0,18.23170358927745,44.11597231192864,22.0,30.0,0.0,18.24159561919044,44.17894570466676,12.0,30.0,0.0,17.146037738986658,48.191518810844588,12.0,30.0,0.0,19.13051671493116,42.38506434185235,12.0,30.0,0.0,17.366152855143804,46.849273538992168,10.0,30.0,0.0,15.288115041002273,54.03738958482758,12.0,30.0,0.0,17.421231474086825,47.576362448865847,20.0,30.0,0.0,17.52187795980327,0.0,0.0,0.0,13.992580800782817,0.0,0.0,474.6606582845001,464.82245982078327,477.2161871615862,489.72932418456176,520.3507291107005,872.4466009048604,497.17320455984005,548.1441866435662,850.0374401079353,0.0,82.45444217305551,82.45444217305551,60.0,0.0,60.0,60.0,12.0,12.0,12.0,19.0,12.0,12.0,21.0,10.0,0.0,0.0,0.0,0.0,0.0,0.0,0.0,0.0,0.0,0.0,0.0,0.0,0.0,82.45444217305551,82.45444217305551,0.0,0.0,0.0,82.45444217305551,0.0,0.0,0.0018299999999999999 
 03/15  03:00:00,9.32,75.0,6.97,0.0,0.0,0.0,0.0,0.0,2.0,2.0,0.0,0.0,0.0,0.0,0.0,492.0,0.0,0.0,0.0,0.0,0.0,0.0,0.0,0.0,0.0,0.0,0.0,18.409579191317879,-143.8423420790441,18.67448863453928,-20.787964091613448,18.350842434233159,-32.99577242943633,18.283472581324888,-115.25177869837171,17.126059603727979,-2.6122517926475554,18.91891858437564,-30.29031788095307,17.324822313997247,-2.6385306883116756,15.507941169986678,-107.76008392315385,17.31180348234988,-37.562879993293908,292.50795062469117,379.5040350590825,0.0,0.0,0.0,0.0,0.0,0.0,0.0,0.0,0.0,0.0,0.0,0.0,0.0,0.0,0.0,0.0,0.0,0.0,0.0,0.0,0.0,0.0,0.7724322393211638,0.2357851768379621,119.21151565983178,143.34321094819883,2143.5190416836046,0.13269406343011307,0.02025245168347269,10.378097917397302,12.463222547297697,195.41137433663898,0.7655815777319764,0.14466772065985956,165.4419826906051,198.8016945516854,3023.4305699543886,0.1442113713306979,0.027250826026208966,87.52831426234607,105.22790662639943,1574.9810181623412,0.0,0.0,6.172897314565181,7.4461013009445839,98.49152964907052,0.0,0.0,10.603626977384485,12.70475683398542,210.48476336973315,0.0,0.0,70.36298289250206,84.8213981701719,1152.2905030665634,0.0,0.0,42.01566436457226,51.01218043637105,512.9796117253503,0.0,0.0,13.33142800969217,16.063050231634457,221.04872211371814,34.59045254556379,23.72459022329479,164.09758368292848,197.86688212233654,3233.6428670864854,0.0,0.0,52.05114637777005,63.47944407356384,502.6284675627069,0.0,18.09603978146992,44.20030207632887,22.0,30.0,0.0,18.464604739243815,43.15772240687599,12.0,30.0,0.0,18.261013265428479,44.17058708801315,22.0,30.0,0.0,18.1463657454343,44.07754266464258,12.0,30.0,0.0,17.112725658963297,48.070764051260528,12.0,30.0,0.0,19.086342406692077,42.304913973859509,12.0,30.0,0.0,17.324825328769188,46.97907923929081,10.0,30.0,0.0,15.239445607673943,54.02965202619255,12.0,30.0,0.0,17.427853545338878,47.322844976342839,20.0,30.0,0.0,17.30268028515184,0.0,0.0,0.0,13.963241143256095,0.0,0.0,473.76983701315455,465.2750258936779,486.2562939945154,481.07440690156479,515.7703892176218,865.378970998984,499.08351233892025,556.2797517988056,834.8030546685409,0.0,82.45444217305551,82.45444217305551,60.0,0.0,60.0,60.0,12.0,12.0,12.0,19.0,12.0,12.0,21.0,10.0,0.0,0.0,0.0,0.0,0.0,0.0,0.0,0.0,0.0,0.0,0.0,0.0,0.0,82.45444217305551,82.45444217305551,0.0,0.0,0.0,82.45444217305551,0.0,0.0,0.0018199999999999998 
 03/15  03:10:00,9.291666666666668,75.16666666666667,6.871666666666667,0.0,0.0,0.0,0.0,0.0,2.0,2.0,0.0,0.0,0.0,0.0,0.0,492.0,0.0,0.0,0.0,0.0,0.0,0.0,0.0,0.0,0.0,0.0,0.0,18.507676937338738,2.077904761532409,18.52206011441561,-318.9124070318858,18.19038628328039,-245.29038218407096,18.29915466341314,5.2970826009909619,17.098372235363969,-2.7213338333664298,18.884017846777348,-26.36864861055517,17.273200598391435,-22.058415649519249,15.4708059868641,-106.97995642227511,17.30882516161023,-38.857833704188127,367.5285895666493,380.2969876652419,0.0,0.0,0.0,0.0,0.0,0.0,0.0,0.0,0.0,0.0,0.0,0.0,0.0,0.0,0.0,0.0,0.0,0.0,0.0,0.0,0.0,0.0,0.7402185451996017,0.22595193687411534,241.06726198413277,289.58120960395987,4459.7237530385059,0.10993461385610563,0.01677878721857534,177.23101726974353,213.0428965351218,3210.100289222799,0.7246970851642577,0.13694200399929289,165.00139025203095,198.48426832002307,2930.8208955756538,0.15123589988710249,0.02857821237473591,104.18803142027224,125.20511272075814,1896.8183779594063,0.0,0.0,5.653909928218861,6.8205079199147209,90.2217075479085,0.0,0.0,10.567957123063485,12.663112315233797,209.7032440665296,0.0,0.0,66.08124295185826,79.67977116457783,1076.2970499815056,0.0,0.0,41.98604558286025,50.9814319788063,511.95194407104568,0.0,0.0,13.464074876688104,16.22252409675601,223.99482720091837,34.56215875988981,23.705184334629509,298.2749438992418,359.37323972933009,5571.981918741351,0.0,0.0,51.969495284426567,63.382296265426777,502.2740164592444,0.0,18.360541948002898,43.57621695417882,22.0,30.0,0.0,18.187134568424079,43.645848746396577,12.0,30.0,0.0,17.97603916976293,44.26976915018076,22.0,30.0,0.0,18.22651096585138,44.24980053368406,12.0,30.0,0.0,17.08502400403031,48.04185284733165,12.0,30.0,0.0,19.05405639599603,42.2583573376407,12.0,30.0,0.0,17.251385895049024,46.94020244245975,10.0,30.0,0.0,15.202980105534986,53.988585913963799,12.0,30.0,0.0,17.427153652672869,47.178876443215738,20.0,30.0,0.0,17.50890185471538,0.0,0.0,0.0,13.938805222238097,0.0,0.0,472.03860645879777,459.3257170385524,462.9416057266464,490.67665331974549,513.9218712847821,857.7791709259961,502.81888463557467,564.65041694564,826.0000569882033,0.0,82.45444217305551,82.45444217305551,60.0,0.0,60.0,60.0,12.0,12.0,12.0,19.0,12.0,12.0,21.0,10.0,0.0,0.0,0.0,0.0,0.0,0.0,0.0,0.0,0.0,0.0,0.0,0.0,0.0,82.45444217305551,82.45444217305551,0.0,0.0,0.0,82.45444217305551,0.0,0.0,0.00181 
 03/15  03:20:00,9.263333333333334,75.33333333333334,6.773333333333333,0.0,0.0,0.0,0.0,0.0,2.0,2.0,0.0,0.0,0.0,0.0,0.0,984.0,0.0,0.0,0.0,0.0,0.0,0.0,0.0,0.0,0.0,0.0,0.0,18.360425391535729,-128.91909205312096,18.51406465862415,-106.261681295769,18.21602211813143,-39.50486812408826,18.23816866873527,-91.86435510535546,17.073506269049774,-2.934110734265076,18.850133275367339,-30.606246031243047,17.257288804808668,-8.057576979402029,15.437176340909789,-108.55383718835015,17.303519487507445,-40.85613853335508,339.6090606546236,380.2192194340547,0.0,0.0,0.0,0.0,0.0,0.0,0.0,0.0,0.0,0.0,0.0,0.0,0.0,0.0,0.0,0.0,0.0,0.0,0.0,0.0,0.0,0.0,0.7546606866916044,0.23036040497301719,232.72008370412883,280.52438505808257,4189.566203429281,0.13094511307487659,0.019985517868570909,116.04545107506508,139.67180045131176,2121.6835531134099,0.7667620569197959,0.14489078928945507,190.50912561417517,229.81472422204508,3441.5091311393828,0.14085590248637426,0.026616761618740407,96.22985119061824,116.0967350318141,1735.2150717303669,0.0,0.0,6.174259537160369,7.466936032987984,98.57594068896515,0.0,0.0,10.58327673130303,12.711463053484025,209.88890542453403,0.0,0.0,69.2795791097162,83.73424976426301,1132.0201463884969,0.0,0.0,42.38689398428352,51.59069861329465,516.5371309877132,0.0,0.0,14.605918096884978,17.639353758345434,243.61929045486049,34.46059724015441,23.6355262278151,280.0834725389723,338.50912701221196,5229.6559815561799,0.0,0.0,52.377326924654777,64.03122390328847,506.36670331725215,0.0,18.09073945027221,44.15351064606067,22.0,30.0,0.0,18.252174550620546,43.5702625580562,12.0,30.0,0.0,18.09672094345885,44.223817812171038,22.0,30.0,0.0,18.12489338043277,44.0996923819294,12.0,30.0,0.0,17.063038840212849,47.98476384917975,12.0,30.0,0.0,19.02309623865898,42.240303849452917,12.0,30.0,0.0,17.25077586127739,46.860612790005998,10.0,30.0,0.0,15.172891726619304,54.009410446178637,12.0,30.0,0.0,17.42310497232382,47.051583348974919,20.0,30.0,0.0,17.40132952335216,0.0,0.0,0.0,13.91332814883146,0.0,0.0,472.42389711522176,463.72392125776289,476.53609736417857,480.25635845297168,513.3579568108442,854.8328304544652,503.6706037292007,571.2353544391642,816.758087276628,0.0,82.45444217305551,82.45444217305551,60.0,0.0,60.0,60.0,12.0,12.0,12.0,19.0,12.0,12.0,21.0,10.0,0.0,0.0,0.0,0.0,0.0,0.0,0.0,0.0,0.0,0.0,0.0,0.0,0.0,82.45444217305551,82.45444217305551,0.0,0.0,0.0,82.45444217305551,0.0,0.0,0.0018233333333333333 
 03/15  03:30:00,9.235,75.5,6.675,0.0,0.0,0.0,0.0,0.0,2.0,2.0,0.0,0.0,0.0,0.0,0.0,492.0,0.0,0.0,0.0,0.0,0.0,0.0,0.0,0.0,0.0,0.0,0.0,18.33969669361038,-83.55510269172828,18.474467366356877,-131.17061595338783,18.21859820983129,-33.60561976491317,18.176636513185309,-108.1960331718351,17.042564025116623,-2.737698937453814,18.807829364788977,-30.560459214817287,17.22278086762261,-6.065077015912266,15.397605984503743,-106.02229444147929,17.295394828223388,-41.8088616387555,280.97381114799375,379.97558796999786,0.0,0.0,0.0,0.0,0.0,0.0,0.0,0.0,0.0,0.0,0.0,0.0,0.0,0.0,0.0,0.0,0.0,0.0,0.0,0.0,0.0,0.0,0.7460567322912483,0.22773404526594882,121.7035106434867,146.32070292746273,2211.0814490068316,0.1352046800103183,0.020635634922209754,70.02230824805165,84.15489469656,1282.1272292209883,0.7538733409706773,0.1424552798508461,153.35954379078778,184.34275594348197,2793.4185422308116,0.14450206217959059,0.027305756269763897,72.30637695135087,86.95111022108616,1299.0302648099765,0.0,0.0,6.2624581278271809,7.555738460393531,99.94840093737396,0.0,0.0,10.615285446821959,12.72260967472201,210.22030000991863,0.0,0.0,69.5814510132181,83.90394695284225,1135.8382508741425,0.0,0.0,42.34622453644743,51.428264818796339,515.0508988941612,0.0,0.0,15.15791068281249,18.263471501352386,253.52248535007275,34.38858463766335,23.586134868081868,152.04853350395619,183.40100481578168,3016.7187118866174,0.0,0.0,52.305739231015078,63.80132487201872,505.9048330133032,0.0,18.10723722172349,43.83971498011854,22.0,30.0,0.0,18.217766041211879,43.480319626692317,12.0,30.0,0.0,18.14193444805775,44.14051550461213,22.0,30.0,0.0,18.042727143043657,44.02173945175636,12.0,30.0,0.0,17.028979055852127,47.89722813010557,12.0,30.0,0.0,18.976297268968655,42.19379724026203,12.0,30.0,0.0,17.21233067526256,46.977181437333538,10.0,30.0,0.0,15.130630332507679,54.008487548968357,12.0,30.0,0.0,17.41468887366808,46.87239741465352,20.0,30.0,0.0,17.16922524848746,0.0,0.0,0.0,13.885329235728488,0.0,0.0,465.93204104978187,464.569653514291,481.84697270073777,473.98921175848,513.7350642928374,848.2478598581996,506.2052228732674,578.1861175929066,805.718530443906,0.0,82.45444217305551,82.45444217305551,60.0,0.0,60.0,60.0,12.0,12.0,12.0,19.0,12.0,12.0,21.0,10.0,0.0,0.0,0.0,0.0,0.0,0.0,0.0,0.0,0.0,0.0,0.0,0.0,0.0,82.45444217305551,82.45444217305551,0.0,0.0,0.0,82.45444217305551,0.0,0.0,0.0018366666666666666 
 03/15  03:40:00,9.206666666666667,75.66666666666667,6.576666666666666,0.0,0.0,0.0,0.0,0.0,2.0,2.0,0.0,0.0,0.0,0.0,0.0,492.0,0.0,0.0,0.0,0.0,0.0,0.0,0.0,0.0,0.0,0.0,0.0,18.36167285107566,-22.10094275215488,18.408629450832089,-191.22367343768338,18.090491926334097,-203.70214196884536,18.19028548907308,2.7657580349755337,17.014553919451104,-2.8526690930975464,18.770484903732468,-29.61247601545392,17.191170554951996,-11.424384705231205,15.362698230597328,-105.69227771561077,17.28671078701332,-42.36754414501638,305.918312673979,381.67588473851267,0.0,0.0,0.0,0.0,0.0,0.0,0.0,0.0,0.0,0.0,0.0,0.0,0.0,0.0,0.0,0.0,0.0,0.0,0.0,0.0,0.0,0.0,0.7386217123837839,0.22546450316965323,125.89117865194324,151.295150611737,2317.6931065415085,0.1314638753343629,0.020064694037601178,97.62981380500445,117.3655398152011,1775.522284158832,0.7251746632568943,0.13703224929268605,125.22019629959621,150.6411935444161,2234.7904524208749,0.15201357335422045,0.028725165032921466,102.0657726582556,122.69046694599575,1853.5378438576832,0.0,0.0,6.141352993469145,7.410091149152954,98.02132296520394,0.0,0.0,10.629146582187019,12.74044411955449,210.31702482110448,0.0,0.0,68.61335404496994,82.74684480126925,1119.1118515517017,0.0,0.0,42.43759135434991,51.54391995180007,515.7200534355983,0.0,0.0,15.225837701665049,18.345296914406544,255.26520633102019,34.32398187021838,23.54182569973827,174.8968051788194,210.92007920098764,3415.587838049755,0.0,0.0,52.40042520019302,63.919896971621138,507.0134197538288,0.0,18.20314683666787,43.65299052452253,22.0,30.0,0.0,18.131647410916839,43.60673263668626,12.0,30.0,0.0,17.919960892849056,44.24200741294547,22.0,30.0,0.0,18.116991838838826,44.19547529751191,12.0,30.0,0.0,17.000777333621053,47.88444684350516,12.0,30.0,0.0,18.939017206994074,42.19418592162284,12.0,30.0,0.0,17.176914059256324,46.79977834174153,10.0,30.0,0.0,15.096870575396267,53.9677738310188,12.0,30.0,0.0,17.40610776356738,46.78394050757278,20.0,30.0,0.0,17.213283281852229,0.0,0.0,0.0,13.858593144310547,0.0,0.0,471.252481793285,460.8151719741994,466.5495518508033,486.54620574920718,514.4841479610226,844.9628329791244,504.1208139128671,583.3256923700403,801.1280714641848,0.0,82.45444217305551,82.45444217305551,60.0,0.0,60.0,60.0,12.0,12.0,12.0,19.0,12.0,12.0,21.0,10.0,0.0,0.0,0.0,0.0,0.0,0.0,0.0,0.0,0.0,0.0,0.0,0.0,0.0,82.45444217305551,82.45444217305551,0.0,0.0,0.0,82.45444217305551,0.0,0.0,0.00185 
 03/15  03:50:00,9.178333333333335,75.83333333333333,6.478333333333333,0.0,0.0,0.0,0.0,0.0,2.0,2.0,0.0,0.0,0.0,0.0,0.0,984.0,0.0,0.0,0.0,0.0,0.0,0.0,0.0,0.0,0.0,0.0,0.0,18.235083841150169,-115.47767262433445,18.391259358652556,-133.48621008858039,18.090734465014543,-71.44421022011557,18.123400082349265,-100.39665712396959,16.989601836230887,-2.9663905803397059,18.73686832161182,-30.214166350282768,17.165762212408194,-15.761998141819504,15.330755463816399,-107.2995892949001,17.27796216219446,-43.3644142316499,330.830948964458,383.18848126773539,0.0,0.0,0.0,0.0,0.0,0.0,0.0,0.0,0.0,0.0,0.0,0.0,0.0,0.0,0.0,0.0,0.0,0.0,0.0,0.0,0.0,0.0,0.7432812150954896,0.22688681779471604,204.30368786205626,246.23517860597554,3677.0569663022845,0.12552466907442146,0.01915822177570535,96.70746929450915,116.34161899908172,1761.6276204612819,0.7539662019531798,0.14247282727762285,182.180276447868,219.76544498555993,3282.350295678648,0.14207016674132107,0.02684621442579762,95.80421717281087,115.56440204386084,1721.7308428938164,0.0,0.0,6.115430300110649,7.397056709144318,97.65705064858202,0.0,0.0,10.784813079585764,12.956931465403443,213.300189043915,0.0,0.0,67.93467721918822,82.12629079332349,1108.62293852125,0.0,0.0,42.697428303213758,51.98194203830506,518.7213228399005,0.0,0.0,15.908290520689058,19.21129260635609,267.26878022185317,34.21584242030154,23.467655981002438,246.6914781433813,298.1384544939509,4632.4436676018899,0.0,0.0,52.61874006492827,64.33804203036525,509.03079911902548,0.0,17.98596678148519,44.07524358407878,22.0,30.0,0.0,18.153103173682568,43.54712280912804,12.0,30.0,0.0,17.981355470754065,44.22899906660696,22.0,30.0,0.0,18.004203556920137,44.096363470222247,12.0,30.0,0.0,16.978720138363859,47.839081526064379,12.0,30.0,0.0,18.90918968166371,42.18043460454001,12.0,30.0,0.0,17.154223341446067,46.784736758587168,10.0,30.0,0.0,15.068487086002464,53.9741398776564,12.0,30.0,0.0,17.39815317418512,46.68812369181685,20.0,30.0,0.0,17.269679311695456,0.0,0.0,0.0,13.830791143556441,0.0,0.0,467.47799624488069,462.96322821842906,475.5410704090028,473.7144343371416,514.6819443258171,842.3208943616369,507.6667358703533,584.144430848474,797.0999683794771,0.0,82.45444217305551,82.45444217305551,60.0,0.0,60.0,60.0,12.0,12.0,12.0,19.0,12.0,12.0,21.0,10.0,0.0,0.0,0.0,0.0,0.0,0.0,0.0,0.0,0.0,0.0,0.0,0.0,0.0,82.45444217305551,82.45444217305551,0.0,0.0,0.0,82.45444217305551,0.0,0.0,0.0018999999999999998 
 03/15  04:00:00,9.15,76.0,6.38,0.0,0.0,0.0,0.0,0.0,2.0,2.0,0.0,0.0,0.0,0.0,0.0,492.0,0.0,0.0,0.0,0.0,0.0,0.0,0.0,0.0,0.0,0.0,0.0,18.139122061052384,-140.72709628488247,18.39381865583586,-20.61367573730672,18.085867702663984,-28.64253720623583,18.062653645880276,-108.71225151025738,16.958581661027738,-2.792549270081679,18.694736461209958,-31.40043569761349,17.129390657898584,-8.409824547642075,15.292920703341217,-105.04053647889805,17.266188499035019,-44.09506158907163,277.3161236165297,382.19354716917226,0.0,0.0,0.0,0.0,0.0,0.0,0.0,0.0,0.0,0.0,0.0,0.0,0.0,0.0,0.0,0.0,0.0,0.0,0.0,0.0,0.0,0.0,0.7568404007768531,0.2310257633628978,116.88167529908883,140.63509748703567,2084.0494291065199,0.13001004723009813,0.019842803301297029,10.398562357663116,12.49630358216405,193.9817426693669,0.7511521765984107,0.1419410764547262,156.68749885496929,188.40799811321794,2841.166212151157,0.14275316128978983,0.02697527613185748,79.5018317139472,95.63336150735091,1423.061367227366,0.0,0.0,6.269787462453457,7.566149278857916,100.08465258379228,0.0,0.0,10.949555669158885,13.127267831670477,216.23424381687048,0.0,0.0,68.82380589679188,83.01170280253514,1121.6065457416854,0.0,0.0,42.6059186894396,51.7574001200499,516.7715496922784,0.0,0.0,16.668388355485449,20.08394141712653,280.64326311467706,34.09512215587867,23.384857445732977,155.40352275507656,187.4914530491791,3060.494132545186,0.0,0.0,52.47552821667803,64.02231786589847,507.28831719260537,0.0,17.848151347966338,44.25166904079487,22.0,30.0,0.0,18.20735848375909,43.29918044729382,12.0,30.0,0.0,18.01546636867976,44.153893005156479,22.0,30.0,0.0,17.92510007424052,44.039791575850298,12.0,30.0,0.0,16.94452896339401,47.76201636595283,12.0,30.0,0.0,18.861850198708696,42.153533870343668,12.0,30.0,0.0,17.112663529775614,46.89784547287712,10.0,30.0,0.0,15.028102846723464,53.95962118403341,12.0,30.0,0.0,17.38488449859476,46.54185448993363,20.0,30.0,0.0,17.0678600057206,0.0,0.0,0.0,13.79729089368841,0.0,0.0,464.2866000309867,461.58648187657658,478.6792818974486,465.949615026113,515.7482615847505,836.9777552378952,508.69607710708285,588.5362327799666,790.0950595438583,0.0,82.45444217305551,82.45444217305551,60.0,0.0,60.0,60.0,12.0,12.0,12.0,19.0,12.0,12.0,21.0,10.0,0.0,0.0,0.0,0.0,0.0,0.0,0.0,0.0,0.0,0.0,0.0,0.0,0.0,82.45444217305551,82.45444217305551,0.0,0.0,0.0,82.45444217305551,0.0,0.0,0.0019500000000000002 
 03/15  04:10:00,9.083333333333334,76.16666666666667,6.296666666666667,0.0,0.0,0.0,0.0,0.0,2.0,2.0,0.0,0.0,0.0,0.0,0.0,492.0,0.0,0.0,0.0,0.0,0.0,0.0,0.0,0.0,0.0,0.0,0.0,18.231053179933867,6.0153894260784,18.239619813684948,-306.91283865014159,17.93248996744721,-230.25916349655109,18.07577795326086,3.20262574469416,16.930518877855666,-2.8238132512802567,18.65690974602151,-28.596415656462569,17.075629571001636,-28.95979525662051,15.258951646984661,-104.55052035595623,17.25457080789296,-43.89126261528031,352.88005363737286,383.25258716057786,0.0,0.0,0.0,0.0,0.0,0.0,0.0,0.0,0.0,0.0,0.0,0.0,0.0,0.0,0.0,0.0,0.0,0.0,0.0,0.0,0.0,0.0,0.7346286159975238,0.22424560927885346,239.86502573431009,288.3617342585948,4414.892670282567,0.10983732557632887,0.016763938580025778,175.17820178493765,210.7301311260537,3157.041083079639,0.7175788969668269,0.13559691930590082,153.34298827712346,184.58033910551215,2718.089904681991,0.1472299363463098,0.027821227578667754,89.82862449553487,108.02319955882882,1633.2745288429092,0.0,0.0,5.705139585696262,6.885732121904777,91.52938174047046,0.0,0.0,11.199156236360967,13.428812932367987,221.89275886259177,0.0,0.0,63.69875542499595,76.85600403095437,1036.978019615004,0.0,0.0,42.42744728650778,51.5492096182721,517.6674985202262,0.0,0.0,16.923659372123479,20.393293218177388,286.8707418904,34.09292436213701,23.383350042617989,285.6585033889691,344.41938681680576,5333.637015449194,0.0,0.0,52.2498270670269,63.7564980150611,508.82795021677927,0.0,18.100322476132264,43.69595384118442,22.0,30.0,0.0,17.928540542522858,43.94946268085908,12.0,30.0,0.0,17.742392387932786,44.50067188634505,22.0,30.0,0.0,18.000276839261056,44.169233473262099,12.0,30.0,0.0,16.91622032992828,47.76226366496436,12.0,30.0,0.0,18.82583389237592,42.15641995030733,12.0,30.0,0.0,17.03518293638149,46.91392377908304,10.0,30.0,0.0,14.995714944207436,53.915820865891657,12.0,30.0,0.0,17.37359642879947,46.47444404288162,20.0,30.0,0.0,17.26622978777012,0.0,0.0,0.0,13.76445387423519,0.0,0.0,467.8807077379959,460.5311857440527,465.2112545096628,477.88043461817389,516.7870235834172,830.977598034366,509.8852409739453,592.0568705410075,787.5122380239209,0.0,82.45444217305551,82.45444217305551,60.0,0.0,60.0,60.0,12.0,12.0,12.0,19.0,12.0,12.0,21.0,10.0,0.0,0.0,0.0,0.0,0.0,0.0,0.0,0.0,0.0,0.0,0.0,0.0,0.0,82.45444217305551,82.45444217305551,0.0,0.0,0.0,82.45444217305551,0.0,0.0,0.002 
 03/15  04:20:00,9.016666666666668,76.33333333333334,6.213333333333334,0.0,0.0,0.0,0.0,0.0,2.0,2.0,0.0,0.0,0.0,0.0,0.0,984.0,0.0,0.0,0.0,0.0,0.0,0.0,0.0,0.0,0.0,0.0,0.0,18.088312974251339,-122.64653788208216,18.22806473222675,-97.08397588109256,17.96022032247827,-20.332599787748337,18.01291810687372,-92.0234623180057,16.90528237593265,-3.1110450159528257,18.620258304814834,-32.66948098451013,17.058183956965715,-14.78921719901723,15.22682192921178,-107.14023692000217,17.242801515682197,-45.8250692760746,314.92528240646427,383.50185383753026,0.0,0.0,0.0,0.0,0.0,0.0,0.0,0.0,0.0,0.0,0.0,0.0,0.0,0.0,0.0,0.0,0.0,0.0,0.0,0.0,0.0,0.0,0.7570450774819414,0.23108824098960363,224.20296673452729,270.4605075835876,4038.4172551505946,0.13309483130543188,0.020313618941610484,111.10088475107065,133.83548940812839,2029.1046647278063,0.7598594114693891,0.14358643451802523,166.03773604232218,200.51069358034463,3006.0389900896004,0.1396319637904515,0.026385480686026358,74.64817789461577,90.20963812728123,1349.0140497984813,0.0,0.0,6.2150141925215529,7.52024061514744,100.24770060054584,0.0,0.0,11.158965044720479,13.412676580215863,221.8251401706811,0.0,0.0,67.03525952389647,81.07841963925626,1099.825063823927,0.0,0.0,42.694410734323287,51.9993189013087,524.1181564287246,0.0,0.0,18.09632488984517,21.856952162173827,308.7146024965024,34.02975095995785,23.340021234539,252.59335401521879,305.59095285565288,4757.498001404738,0.0,0.0,52.53527574425564,64.26237745627157,514.6707525695181,0.0,17.839608532632178,44.28286616255515,22.0,30.0,0.0,17.98768411077957,43.83046478590494,12.0,30.0,0.0,17.864049874244679,44.35546422427166,22.0,30.0,0.0,17.897572710613909,44.0379900401754,12.0,30.0,0.0,16.893586525571096,47.73408619886405,12.0,30.0,0.0,18.793372845646425,42.17338236986143,12.0,30.0,0.0,17.032094325922935,46.87138700213832,10.0,30.0,0.0,14.966665320814224,53.93654700508233,12.0,30.0,0.0,17.362517284703324,46.39680889588216,20.0,30.0,0.0,17.11310878940523,0.0,0.0,0.0,13.726891393377017,0.0,0.0,466.232398924271,463.24689917857986,475.17781252858688,464.1139556746318,517.4523912489872,829.6074478226648,509.8972408342476,596.915788809793,781.5446504066301,0.0,82.45444217305551,82.45444217305551,60.0,0.0,60.0,60.0,12.0,12.0,12.0,19.0,12.0,12.0,21.0,10.0,0.0,0.0,0.0,0.0,0.0,0.0,0.0,0.0,0.0,0.0,0.0,0.0,0.0,82.45444217305551,82.45444217305551,0.0,0.0,0.0,82.45444217305551,0.0,0.0,0.0020066666666666667 
 03/15  04:30:00,8.95,76.5,6.13,0.0,0.0,0.0,0.0,0.0,2.0,2.0,0.0,0.0,0.0,0.0,0.0,492.0,0.0,0.0,0.0,0.0,0.0,0.0,0.0,0.0,0.0,0.0,0.0,18.0873313998774,-58.99430135982266,18.17912434142424,-134.99899763734676,17.95893375064319,-33.114607290901407,17.957743999470229,-98.14820589148758,16.873811651115909,-2.9103770054612996,18.575056603748015,-32.69974584251605,17.022693389361174,-13.094438264514793,15.188057909868832,-104.99808707965303,17.227175206372196,-46.894588759551428,241.49845407949625,384.6522435304332,0.0,0.0,0.0,0.0,0.0,0.0,0.0,0.0,0.0,0.0,0.0,0.0,0.0,0.0,0.0,0.0,0.0,0.0,0.0,0.0,0.0,0.0,0.7581810418369338,0.23143499445571853,97.33092291397854,117.10595823361833,1786.7148717799235,0.13847901478044473,0.02113538076624614,68.18678500977465,82.03100951190236,1250.1974663719068,0.748553419234878,0.14145000363470867,114.78467572572998,138.09905756392448,2105.159176877593,0.1449419843625048,0.027388885933957817,56.26242828231188,67.7100554144205,1020.3612453560671,0.0,0.0,6.272062351239836,7.572260680924929,101.61945033670578,0.0,0.0,11.271877055788899,13.521134741251949,224.572926995531,0.0,0.0,67.43798998231522,81.38469222663002,1110.4884810914408,0.0,0.0,42.60486935876631,51.78225332858478,525.4349156404186,0.0,0.0,18.10126576267837,21.81688232020784,310.7295800060737,33.99738688020015,23.317823648971307,113.59909336747944,137.19282746227985,2369.7799546482176,0.0,0.0,52.43046293617071,64.00140620339406,516.5585297552383,0.0,17.894204352781285,43.97848816980082,22.0,30.0,0.0,17.936064462562848,43.72598852929633,12.0,30.0,0.0,17.897202490268204,44.16057074889634,22.0,30.0,0.0,17.830360545043754,44.027994244231638,12.0,30.0,0.0,16.858569384527333,47.69008405608696,12.0,30.0,0.0,18.743422741957948,42.187142509346,12.0,30.0,0.0,16.99198983550852,47.01728578252617,10.0,30.0,0.0,14.924549844176397,53.96135852510999,12.0,30.0,0.0,17.344594497731053,46.293328284954998,20.0,30.0,0.0,16.813995884129036,0.0,0.0,0.0,13.68471603467955,0.0,0.0,464.8655956980472,456.44397036758365,473.8623981054988,458.6600725596624,518.8288906409357,826.1717674149085,513.7395665580795,601.4856329970941,776.9223426403297,0.0,82.45444217305551,82.45444217305551,60.0,0.0,60.0,60.0,12.0,12.0,12.0,19.0,12.0,12.0,21.0,10.0,0.0,0.0,0.0,0.0,0.0,0.0,0.0,0.0,0.0,0.0,0.0,0.0,0.0,82.45444217305551,82.45444217305551,0.0,0.0,0.0,82.45444217305551,0.0,0.0,0.0020133333333333337 
 03/15  04:40:00,8.883333333333333,76.66666666666666,6.046666666666667,0.0,0.0,0.0,0.0,0.0,2.0,2.0,0.0,0.0,0.0,0.0,0.0,492.0,0.0,0.0,0.0,0.0,0.0,0.0,0.0,0.0,0.0,0.0,0.0,18.09190690650098,-22.415823287396507,18.13991405967763,-132.6029429316759,17.849864673634867,-174.88653526268628,17.96547513244137,-0.22316986786745475,16.84530581979802,-3.054435983234015,18.534754947736105,-32.04272405095486,16.997408422700816,-13.044418598965877,15.152576863666532,-105.9586757900122,17.21230600174852,-47.5731811172534,231.52865629814642,388.29835807721886,0.0,0.0,0.0,0.0,0.0,0.0,0.0,0.0,0.0,0.0,0.0,0.0,0.0,0.0,0.0,0.0,0.0,0.0,0.0,0.0,0.0,0.0,0.7597742924899644,0.23192133470389637,63.473972434205467,76.35866073255949,1185.7608142588984,0.14079582472748615,0.02148898423801681,59.60318763359541,71.71379611337933,1097.9636686460468,0.7438633903227518,0.14056375478510056,84.54201544102136,101.78645692980199,1534.6580999077783,0.15289778245942846,0.028892249141993274,85.35950661898795,102.70205416074146,1569.0626891444914,0.0,0.0,6.2850201914522378,7.588981537073398,102.3250008530339,0.0,0.0,11.177389966132909,13.410212733510944,223.32975962686269,0.0,0.0,67.91443110225386,81.97156555668173,1124.5834434259212,0.0,0.0,42.78749943400311,52.01333865370721,530.4630722334385,0.0,0.0,18.016694928479873,21.717040295451996,311.17703514195957,33.97093813188567,23.299683218028588,101.64460230452251,122.80233331901613,2172.6531264518205,0.0,0.0,52.65699030585798,64.28973646110491,521.4655564639265,0.0,17.9492960307829,43.77642039001826,22.0,30.0,0.0,17.907606097462037,43.796740556271419,12.0,30.0,0.0,17.713289966037718,44.403188776313317,22.0,30.0,0.0,17.892885571326088,44.152879240452019,12.0,30.0,0.0,16.829493230067045,47.70770538156061,12.0,30.0,0.0,18.703329018387675,42.22376050314988,12.0,30.0,0.0,16.96957896769382,46.877617913768897,10.0,30.0,0.0,14.888522093274116,53.95623455239126,12.0,30.0,0.0,17.328934086369686,46.26775496989859,20.0,30.0,0.0,16.7276522070209,0.0,0.0,0.0,13.641796760956386,0.0,0.0,465.5446522639846,460.9326593725876,471.67882636051999,475.628497783607,520.4249470175386,825.3701073452119,511.7574794468056,602.8533152316711,777.031478922324,0.0,82.45444217305551,82.45444217305551,60.0,0.0,60.0,60.0,12.0,12.0,12.0,19.0,12.0,12.0,21.0,10.0,0.0,0.0,0.0,0.0,0.0,0.0,0.0,0.0,0.0,0.0,0.0,0.0,0.0,82.45444217305551,82.45444217305551,0.0,0.0,0.0,82.45444217305551,0.0,0.0,0.00202 
 03/15  04:50:00,8.816666666666667,76.83333333333334,5.963333333333333,0.0,0.0,0.0,0.0,0.0,2.0,2.0,0.0,0.0,0.0,0.0,0.0,984.0,0.0,0.0,0.0,0.0,0.0,0.0,0.0,0.0,0.0,0.0,0.0,17.963883234648443,-114.3234932823857,18.105611202066659,-153.01116921219137,17.832029410231987,-94.6616009732943,17.88339538264829,-117.75468996372774,16.819936712647107,-3.156350200755597,18.499225061472424,-31.50297843935701,16.969276676996374,-23.130702918222825,15.119066941470859,-109.43170033757269,17.19872318846971,-48.07654092099932,333.132271995938,392.9521462124751,0.0,0.0,0.0,0.0,0.0,0.0,0.0,0.0,0.0,0.0,0.0,0.0,0.0,0.0,0.0,0.0,0.0,0.0,0.0,0.0,0.0,0.0,0.7637543138537803,0.23313623744010393,191.01736084641585,230.40913564890679,3486.750012212129,0.13061527202187749,0.019935175827514884,92.65657607950561,111.58233871417602,1707.0885401937936,0.7685252752623684,0.1452239749173032,183.14645897566417,221.0967843747629,3345.8959501083124,0.14719415121396385,0.027814465459932694,97.27889652720872,117.4290687319057,1772.4233982545143,0.0,0.0,6.098041761752903,7.381742147737412,99.80759448624701,0.0,0.0,11.294101181878397,13.582348510428126,226.4401396487237,0.0,0.0,65.97363396270362,79.82899275667197,1097.4780798415132,0.0,0.0,43.04983780450087,52.45897208072218,536.6723972909217,0.0,0.0,18.92933720530001,22.868956253917987,328.9427080614371,33.93469169035533,23.274822832891183,240.42921434171223,290.80157818553928,4587.98572453737,0.0,0.0,52.891408333814229,64.7355144041828,526.1046375717795,0.0,17.730315663838057,44.21356120214125,22.0,30.0,0.0,17.88866339465946,43.78183841737168,12.0,30.0,0.0,17.733822779197419,44.36068543614719,22.0,30.0,0.0,17.753487182570198,44.18015004948218,12.0,30.0,0.0,16.806760072155105,47.69302493392266,12.0,30.0,0.0,18.672702950483698,42.234832864906298,12.0,30.0,0.0,16.94075923380828,46.81146130502554,10.0,30.0,0.0,14.856415447597073,53.999522462871528,12.0,30.0,0.0,17.316440984515724,46.210250367347338,20.0,30.0,0.0,17.014180525721096,0.0,0.0,0.0,13.597085266633503,0.0,0.0,460.73368598393338,462.17752402575209,472.61525568387699,462.17194285582897,520.9141342951251,824.3951794328569,511.31485589891227,601.6977287361368,773.9129397314192,0.0,82.45444217305551,82.45444217305551,60.0,0.0,60.0,60.0,12.0,12.0,12.0,19.0,12.0,12.0,21.0,10.0,0.0,0.0,0.0,0.0,0.0,0.0,0.0,0.0,0.0,0.0,0.0,0.0,0.0,82.45444217305551,82.45444217305551,0.0,0.0,0.0,82.45444217305551,0.0,0.0,0.0021233333333333336 
 03/15  05:00:00,8.75,77.0,5.88,0.0,0.0,0.0,0.0,0.0,2.0,2.0,0.0,0.0,0.0,0.0,0.0,492.0,0.0,0.0,0.0,0.0,0.0,0.0,0.0,0.0,0.0,0.0,0.0,17.869543633528225,-132.6800335617636,18.0959452577034,-18.930962300528507,17.81771940309098,-24.124169302383053,17.81875572243161,-112.87872644193794,16.788308469508629,-2.9675961094890228,18.4541058212414,-32.84364246037171,16.929295741887846,-15.798432624806538,15.078351250805178,-107.46729330739004,17.18085629461888,-49.334373327942788,283.64960067140967,394.57775870614639,0.0,0.0,0.0,0.0,0.0,0.0,0.0,0.0,0.0,0.0,0.0,0.0,0.0,0.0,0.0,0.0,0.0,0.0,0.0,0.0,0.0,0.0,0.7865059576431914,0.24008118365176785,116.43901746874266,140.26415688097843,2114.0672305263244,0.13673400966459327,0.020869049094107644,10.219023253176637,12.295706375483242,193.50361401502463,0.780692738216764,0.14752319316265387,164.6786198938781,198.2523300699585,3035.3530829739709,0.14757703325331787,0.027886816563363158,86.19576840110908,103.80547574662066,1570.3526866437797,0.0,0.0,6.266424659137238,7.568820449195927,103.01324668585488,0.0,0.0,11.435397517872492,13.724916635043947,229.78504902726503,0.0,0.0,66.7949362086214,80.64834194590653,1114.1468635312099,0.0,0.0,42.97498494409865,52.26010159527157,537.8376295740076,0.0,0.0,19.325372175798177,23.299619767006889,337.7873881163158,33.84215737921075,23.211356227167874,163.4764711929944,197.44906213542058,3253.8521926322675,0.0,0.0,52.773076545516797,64.46067498635479,526.6331457273852,0.0,17.595562395408906,44.383728896982798,22.0,30.0,0.0,17.925563386011498,43.59880215231266,12.0,30.0,0.0,17.752843288087634,44.31253742877189,22.0,30.0,0.0,17.673076304911178,44.14530493522789,12.0,30.0,0.0,16.771553191848779,47.63776265840258,12.0,30.0,0.0,18.622777561378539,42.23433505734944,12.0,30.0,0.0,16.89305113493139,46.965317518974448,10.0,30.0,0.0,14.810353531884776,54.032084741724499,12.0,30.0,0.0,17.295867188182837,46.11237628358465,20.0,30.0,0.0,16.826394092149557,0.0,0.0,0.0,13.54342696284789,0.0,0.0,457.06563075625976,462.0047349768931,472.26582684991646,452.5513671357173,521.2448409764636,821.4202959750238,512.9734536557668,605.0437734468352,767.5493676733938,0.0,82.45444217305551,82.45444217305551,60.0,0.0,60.0,60.0,12.0,12.0,12.0,19.0,12.0,12.0,21.0,10.0,0.0,0.0,0.0,0.0,0.0,0.0,0.0,0.0,0.0,0.0,0.0,0.0,0.0,82.45444217305551,82.45444217305551,0.0,0.0,0.0,82.45444217305551,0.0,0.0,0.0022266666666666669 
 03/15  05:10:00,8.705,77.33333333333334,5.87,0.0,0.0,0.0,0.0,0.0,2.0,2.0,0.0,0.0,0.0,0.0,0.0,492.0,0.0,0.0,0.0,0.0,0.0,0.0,0.0,0.0,0.0,0.0,0.0,17.951258590067704,6.05177488611298,17.948948657234469,-287.0238604722226,17.67178690940129,-219.29937212238475,17.831511902806147,1.2237709338282912,16.759925482220074,-2.970438399684099,18.415780186580414,-30.276356823948619,16.87567732559792,-34.81364953989487,15.042526266816655,-108.30251395350229,17.16536338405932,-48.62876314053335,348.89563719584296,397.64283075379628,0.0,0.0,0.0,0.0,0.0,0.0,0.0,0.0,0.0,0.0,0.0,0.0,0.0,0.0,0.0,0.0,0.0,0.0,0.0,0.0,0.0,0.0,0.7587135854707434,0.231597553562498,231.2322544386841,278.3342048670678,4310.678570503155,0.11735003017499232,0.01791056626602447,168.7522731909791,203.2508666369372,3082.987862819421,0.7407908196896182,0.13998314808949709,147.06189818122855,177.2274331119058,2649.3679775551488,0.15098511488957365,0.028530822919420559,85.37627277869575,102.79194791445366,1576.2043237263802,0.0,0.0,5.704394083512594,6.891256317189871,93.98003843521234,0.0,0.0,11.647118376813456,13.982062966032064,234.26622191815717,0.0,0.0,61.941889320268327,74.81704662833872,1029.5670433557789,0.0,0.0,42.796133387916707,52.05450035663541,536.3766092216616,0.0,0.0,20.55286736887726,24.78315323498362,360.51111576227376,33.87986343282127,23.237217717984416,273.2129993910641,329.8317775007608,5194.57746033863,0.0,0.0,52.537114322258577,64.18962923623974,523.4386713555551,0.0,17.82547359279258,43.9535510544797,22.0,30.0,0.0,17.66107418977313,44.19190591411484,12.0,30.0,0.0,17.49326755303047,44.693343630950668,22.0,30.0,0.0,17.74842150872225,44.29599744798785,12.0,30.0,0.0,16.742855186049508,47.65399917461311,12.0,30.0,0.0,18.58540653653991,42.257646965791959,12.0,30.0,0.0,16.816683824797285,46.97411561956125,10.0,30.0,0.0,14.772973193504067,54.008784655718439,12.0,30.0,0.0,17.280050207856925,46.066615240683379,20.0,30.0,0.0,16.993572648719807,0.0,0.0,0.0,13.48944235664857,0.0,0.0,466.63359978149398,462.104174934751,467.3836051073435,470.70175379979357,522.0474545364467,817.2236468796448,513.0502295107893,606.9824713103332,759.6355837659252,0.0,82.45444217305551,82.45444217305551,60.0,0.0,60.0,60.0,12.0,12.0,12.0,19.0,12.0,12.0,21.0,10.0,0.0,0.0,0.0,0.0,0.0,0.0,0.0,0.0,0.0,0.0,0.0,0.0,0.0,82.45444217305551,82.45444217305551,0.0,0.0,0.0,82.45444217305551,0.0,0.0,0.0023300000000000006 
 03/15  05:20:00,8.66,77.66666666666667,5.86,0.0,0.0,0.0,0.0,0.0,2.0,2.0,0.0,0.0,0.0,0.0,0.0,984.0,0.0,0.0,0.0,0.0,0.0,0.0,0.0,0.0,0.0,0.0,0.0,17.811823736766728,-118.89832464371057,17.935496450514298,-92.84841225329638,17.694990474747934,-24.90424995441026,17.768166456293689,-95.50766162426889,16.734451229849936,-3.322210945515451,18.37991857314786,-34.03998122169122,16.855069078474885,-22.89214551588043,15.008233622650739,-113.10706078395526,17.15021532183127,-51.554448991819928,315.2370294113525,399.90279732964248,0.0,0.0,0.0,0.0,0.0,0.0,0.0,0.0,0.0,0.0,0.0,0.0,0.0,0.0,0.0,0.0,0.0,0.0,0.0,0.0,0.0,0.0,0.7756503495492522,0.2367675059674152,220.14698714696753,265.8871572889253,4011.4890293735654,0.13761931519089744,0.021004168985179707,109.15103794414375,131.65824683220706,2014.0706925267232,0.7716287032520208,0.14581041255707129,164.1778139361802,198.49168197697146,3008.7807885271429,0.1417852346837229,0.026792372389214445,74.58616704120189,90.23901419506616,1365.2131959524605,0.0,0.0,6.177359548323789,7.481748185028666,102.03595777925229,0.0,0.0,11.614208289290806,13.976236188708607,233.84808444125799,0.0,0.0,65.14340741638856,78.87712120313037,1087.5180252695926,0.0,0.0,43.07639694983942,52.52414343714313,540.7516485743813,0.0,0.0,21.002085045250785,25.383353393369139,369.59688179436446,33.87061349312876,23.230873452077348,249.86733964730588,302.6525857107248,4769.5831583637159,0.0,0.0,52.82291918659581,64.7022735200167,525.1755051567895,0.0,17.572119585647898,44.491145211257038,22.0,30.0,0.0,17.71218753372839,44.10106053529017,12.0,30.0,0.0,17.603015143612809,44.55355196443869,22.0,30.0,0.0,17.64444928006654,44.1692115096528,12.0,30.0,0.0,16.72001836413582,47.637886780453047,12.0,30.0,0.0,18.55227908157118,42.28213636001129,12.0,30.0,0.0,16.80809268792219,46.972206871405997,10.0,30.0,0.0,14.738551621895246,54.05350313769503,12.0,30.0,0.0,17.26506928331111,46.018961211309598,20.0,30.0,0.0,16.854313116952519,0.0,0.0,0.0,13.43462701897926,0.0,0.0,461.9663236019862,463.8781272566015,473.0451652402668,453.89169871384288,522.4238124581657,816.729428980457,513.883367477342,610.6203179507602,756.0748824725205,0.0,82.45444217305551,82.45444217305551,60.0,0.0,60.0,60.0,12.0,12.0,12.0,19.0,12.0,12.0,21.0,10.0,0.0,0.0,0.0,0.0,0.0,0.0,0.0,0.0,0.0,0.0,0.0,0.0,0.0,82.45444217305551,82.45444217305551,0.0,0.0,0.0,82.45444217305551,0.0,0.0,0.00236 
 03/15  05:30:00,8.615,78.0,5.85,0.0,0.0,0.0,0.0,0.0,2.0,2.0,0.0,0.0,0.0,0.0,0.0,492.0,0.0,0.0,0.0,0.0,0.0,0.0,0.0,0.0,0.0,0.0,0.0,17.81220162733905,-53.99157318702055,17.88794305515652,-123.5813211199702,17.6925228264435,-31.51081000247723,17.70642918056842,-110.58215306585316,16.702779948192246,-3.129633807742181,18.335146800161917,-34.06012488479007,16.816626946171483,-21.406122656856497,14.966099954868309,-111.28225275972864,17.130666411762087,-52.22741685577455,242.31929658708533,403.07023790618339,0.0,0.0,0.0,0.0,0.0,0.0,0.0,0.0,0.0,0.0,0.0,0.0,0.0,0.0,0.0,0.0,0.0,0.0,0.0,0.0,0.0,0.0,0.7712752368354858,0.23543200147603356,90.0180853200033,108.44993420124686,1668.605376074623,0.14174202330872774,0.021633397940892513,63.64992121264413,76.67619972558987,1176.6112509978808,0.7571232941676173,0.14306940554943643,116.03487418865527,139.7879399938182,2147.5360765072248,0.14578771335210689,0.027548698668198574,63.78602795593463,76.86650863537776,1166.7731569448864,0.0,0.0,6.241817024097433,7.543420608952075,103.27806832430257,0.0,0.0,11.710562857671855,14.06482221825561,235.79573847829477,0.0,0.0,65.30823384327309,78.9088629985143,1090.799819915248,0.0,0.0,43.04261102709371,52.37879861859949,540.2466775382396,0.0,0.0,21.446845806593325,25.869478054259497,378.572835220746,33.8948993157894,23.247530394917296,114.8031434885476,138.8233254202017,2414.5003170547386,0.0,0.0,52.772756984768559,64.51438022685142,523.963697090055,0.0,17.628779103606655,44.22283707317225,22.0,30.0,0.0,17.662103935547767,43.98151872971938,12.0,30.0,0.0,17.633214569572084,44.345060326572859,22.0,30.0,0.0,17.563732900046383,44.23282660180922,12.0,30.0,0.0,16.684914543178807,47.607661315313929,12.0,30.0,0.0,18.501843726683526,42.30632684348136,12.0,30.0,0.0,16.763556008274997,47.14752804780714,10.0,30.0,0.0,14.689160277234718,54.11662092887728,12.0,30.0,0.0,17.24213432166828,45.94173122362404,20.0,30.0,0.0,16.558690529482946,0.0,0.0,0.0,13.3802448756651,0.0,0.0,464.83774985392855,451.99064125742987,468.50462434771466,449.58975468060836,523.1057528937389,814.5144558921811,519.4043410966697,613.2507600067939,749.6127479184278,0.0,82.45444217305551,82.45444217305551,60.0,0.0,60.0,60.0,12.0,12.0,12.0,19.0,12.0,12.0,21.0,10.0,0.0,0.0,0.0,0.0,0.0,0.0,0.0,0.0,0.0,0.0,0.0,0.0,0.0,82.45444217305551,82.45444217305551,0.0,0.0,0.0,82.45444217305551,0.0,0.0,0.0023899999999999999 
 03/15  05:40:00,8.57,78.33333333333333,5.84,0.0,0.0,0.0,0.0,0.0,2.0,2.0,0.0,0.0,0.0,0.0,0.0,492.0,0.0,0.0,0.0,0.0,0.0,0.0,0.0,0.0,0.0,0.0,0.0,17.814837724315454,-20.908346977527118,17.855014675415334,-114.5658393694257,17.583141155338056,-175.11114945055943,17.717689054705134,-0.22807082329018159,16.6740800920618,-3.3197672471178238,18.295595467839339,-33.502683954242858,16.789874714262678,-20.633462681381844,14.92843315698467,-112.99006647480928,17.11241768613489,-53.54148341989162,221.26801183753197,407.3042263567397,0.0,0.0,0.0,0.0,0.0,0.0,0.0,0.0,0.0,0.0,0.0,0.0,0.0,0.0,0.0,0.0,0.0,0.0,0.0,0.0,0.0,0.0,0.7647271965530149,0.233433210181018,55.43564460586549,66.78054053912116,1043.6554102527449,0.14259359155277102,0.021763368674110354,51.886891570786058,62.513773166053848,962.5871663814528,0.7488522997345893,0.14150648143132836,85.6835410696124,103.30047372278385,1565.5746540518765,0.15409180176913973,0.029117876373609163,85.49142219709288,102.99946295981505,1583.0480878216047,0.0,0.0,6.271104087380121,7.58020863742312,103.98423073047529,0.0,0.0,11.624830702443719,13.964964780153763,234.23752505454369,0.0,0.0,66.06400936457261,79.8373008870548,1106.442583303761,0.0,0.0,43.262431702599197,52.658687518757009,543.4951690842518,0.0,0.0,20.823647646561257,25.121544659709355,368.6934792157878,33.92941007063852,23.271200322797346,95.21187425656193,115.19567359081239,2077.6579374164209,0.0,0.0,53.03931683626749,64.8568060329891,526.0869087355422,0.0,17.678596052154757,44.03797238689541,22.0,30.0,0.0,17.64343290343746,44.081636366559859,12.0,30.0,0.0,17.44730134798627,44.70252858757286,22.0,30.0,0.0,17.634725261249625,44.31984407565696,12.0,30.0,0.0,16.655805773145717,47.64015079176056,12.0,30.0,0.0,18.461901804178166,42.35168138103653,12.0,30.0,0.0,16.739691709737487,47.029068547533558,10.0,30.0,0.0,14.64836810922498,54.135113643346759,12.0,30.0,0.0,17.222306733992448,45.95274855187632,20.0,30.0,0.0,16.436870484101595,0.0,0.0,0.0,13.32927855554188,0.0,0.0,464.0379573114861,459.4092386234713,471.71125438011998,467.04116251936156,524.9288760732951,814.2506720584323,517.4679627903021,613.8923539737544,752.6781199064568,0.0,82.45444217305551,82.45444217305551,60.0,0.0,60.0,60.0,12.0,12.0,12.0,19.0,12.0,12.0,21.0,10.0,0.0,0.0,0.0,0.0,0.0,0.0,0.0,0.0,0.0,0.0,0.0,0.0,0.0,82.45444217305551,82.45444217305551,0.0,0.0,0.0,82.45444217305551,0.0,0.0,0.00242 
 03/15  05:50:00,8.525,78.66666666666667,5.83,0.0,0.0,0.0,0.0,0.0,2.0,2.0,0.0,0.0,0.0,0.0,0.0,984.0,0.0,0.0,0.0,0.0,0.0,0.0,0.0,0.0,0.0,0.0,0.0,17.691242465463828,-110.215351340697,17.81576373471563,-154.3948577340841,17.56813903760903,-89.54810701919723,17.634871155319769,-123.51061170208755,16.648539966806028,-3.3917873617950109,18.260978976830857,-33.04038302706573,16.76097151137225,-29.80922871268467,14.893360075829989,-117.22026042652749,17.096046420497666,-54.436859429106679,328.68054352835545,412.4048020581812,0.0,0.0,0.0,0.0,0.0,0.0,0.0,0.0,0.0,0.0,0.0,0.0,0.0,0.0,0.0,0.0,0.0,0.0,0.0,0.0,0.0,0.0,0.7627630868810182,0.23283366510409599,180.94939144888219,218.5675665922132,3318.1376699832078,0.13186920840463896,0.020126558059316084,89.97946765895037,108.52212124055359,1663.4288643262758,0.7686581375515572,0.14524908116998443,179.45248166784305,216.94390908759318,3294.106046048306,0.14696029177630033,0.02777027433414593,96.15977754060222,116.24258458897569,1760.0815219164213,0.0,0.0,6.08934297910261,7.379066503127948,101.23221196964204,0.0,0.0,11.73380138005896,14.12954217999462,236.7472929488151,0.0,0.0,64.64009993637942,78.31261041744115,1084.6457806690019,0.0,0.0,43.57405070236754,53.167800001704737,548.1937484764003,0.0,0.0,21.82719521758187,26.392833071548908,387.69270488690918,33.97160028663633,23.300137370806817,232.30936498239283,281.3928287875153,4468.20351399275,0.0,0.0,53.325890902209838,65.36997120497338,528.569960672688,0.0,17.467777357607845,44.50009303773979,22.0,30.0,0.0,17.610391655392755,44.130664990481417,12.0,30.0,0.0,17.472293981797799,44.64160091686615,22.0,30.0,0.0,17.492339042205815,44.44120275061705,12.0,30.0,0.0,16.633138532647334,47.63718170149295,12.0,30.0,0.0,18.431690611477948,42.372215097171878,12.0,30.0,0.0,16.710576181786246,46.98917117313472,10.0,30.0,0.0,14.61291118818886,54.20179824371782,12.0,30.0,0.0,17.206796716524459,45.918416630023,20.0,30.0,0.0,16.74048177390999,0.0,0.0,0.0,13.281476342352665,0.0,0.0,456.6293842436096,459.896990148791,470.3412816942531,454.67593988662807,525.4769823743061,813.6718956960285,515.0587358372123,613.0451978271193,750.5072649345436,0.0,82.45444217305551,82.45444217305551,60.0,0.0,60.0,60.0,12.0,12.0,12.0,19.0,12.0,12.0,21.0,10.0,0.0,0.0,0.0,0.0,0.0,0.0,0.0,0.0,0.0,0.0,0.0,0.0,0.0,82.45444217305551,82.45444217305551,0.0,0.0,0.0,82.45444217305551,0.0,0.0,0.0024333333333333335 
 03/15  06:00:00,8.48,79.0,5.82,0.0,0.0,0.0,0.0,0.0,2.0,2.0,0.0,0.0,0.0,0.0,0.0,492.0,0.0,0.0,0.0,0.0,0.0,0.0,0.0,0.0,0.0,0.0,0.0,17.599142073878605,-127.22127044021909,17.80524082999934,-18.68868760503932,17.553491418123739,-24.510221865371933,17.57340449986623,-115.2106689142538,16.61677589156605,-3.217492870333558,18.217161880624695,-34.15388571844039,16.719857162436765,-23.663247847937784,14.850855897730558,-115.17061675351465,17.074789005137487,-55.43704628153114,275.0906868635175,414.55719014729518,0.0,0.0,0.0,0.0,0.0,0.0,0.0,0.0,0.0,0.0,0.0,0.0,0.0,0.0,0.0,0.0,0.0,0.0,0.0,0.0,0.0,0.0,0.7815939075833613,0.23858177887159993,107.80081361700185,130.0404450232082,1963.2107445460527,0.13651778866468615,0.020836048330996054,10.097544781570022,12.167549209498573,191.2486447161823,0.7707585938128948,0.1456459927839938,154.2823605572851,186.00518490598473,2849.9264460807646,0.14599805902119,0.027588446527057818,83.97460616401189,101.27103822444917,1534.422102785049,0.0,0.0,6.232462680544366,7.536395349970094,103.79020392728074,0.0,0.0,11.845051058645196,14.235948975127679,239.0371379686755,0.0,0.0,65.3397387657013,78.99672812606153,1096.3477082036396,0.0,0.0,43.53590072485832,53.01645562769653,547.6017824732975,0.0,0.0,22.440264922616185,27.080663000567637,399.7006235010274,33.95639071529595,23.289705566046615,152.98860683974295,185.05598089692584,3080.5122530045539,0.0,0.0,53.25619903390012,65.15706367286463,527.4296030439339,0.0,17.33657840593898,44.75153185855223,22.0,30.0,0.0,17.643715275406618,44.00807994439375,12.0,30.0,0.0,17.488195969731394,44.56822969960283,22.0,30.0,0.0,17.41766234100724,44.49844600450586,12.0,30.0,0.0,16.59810059388174,47.60691991340234,12.0,30.0,0.0,18.3828751408374,42.3954318261871,12.0,30.0,0.0,16.661558798276187,47.1365229937445,10.0,30.0,0.0,14.563189098336734,54.264234937240498,12.0,30.0,0.0,17.18193488250844,45.857253555513469,20.0,30.0,0.0,16.53902273122923,0.0,0.0,0.0,13.229616486198833,0.0,0.0,452.99917770443667,460.38821585165069,468.118446473194,447.3321650154878,525.1617574053768,811.2617976715317,516.1428362898396,615.0185760445427,743.5216473579576,0.0,82.45444217305551,82.45444217305551,60.0,0.0,60.0,60.0,12.0,12.0,12.0,19.0,12.0,12.0,21.0,10.0,0.0,0.0,0.0,0.0,0.0,0.0,0.0,0.0,0.0,0.0,0.0,0.0,0.0,82.45444217305551,82.45444217305551,0.0,0.0,0.0,82.45444217305551,0.0,0.0,0.0024466666666666666 
 03/15  06:10:00,8.473333333333335,79.00000000000002,5.823333333333334,0.0,0.0,0.0,0.0,0.0,2.0,2.0,0.0,0.0,0.0,0.0,0.0,4930.0,0.0,0.0,0.0,0.0,0.0,0.0,0.0,0.0,0.0,0.0,0.0,18.86279081441645,-1004.7965308295453,17.973704586430956,749.9103804860366,18.991756871156235,-2399.752183480329,17.876708033351357,965.4034648557143,16.59335651470561,-3.8904620306681609,18.92892867799041,-98.2494189409444,16.822082497022856,197.58055896921185,15.782121926052425,-185.23470177311337,18.34090038163903,-176.03664299505486,583.59059972166,514.1173393384353,0.0,0.0,0.0,0.0,0.0,0.0,0.0,0.0,0.0,0.0,0.0,0.0,0.0,0.0,0.0,0.0,0.0,0.0,0.0,0.0,0.0,0.0,0.7623114522435117,0.2326958034931355,385.24646119523848,462.9160127917595,8607.85096252546,0.25753882944608205,0.03930690315111143,330.8549049632544,399.41777412866488,6483.016748399592,0.5852511749405417,0.11059168082776681,494.69489806254986,593.8525240901976,11335.409566531649,0.24993336799930827,0.04722852758868258,347.97692914512836,420.00664861667556,6875.534284317748,0.0,0.0,10.324347963116133,12.530168202491467,171.59137620970035,0.0,0.0,17.617453237935587,21.160975182086149,398.3751863877262,0.0,0.0,72.77438570462306,88.25990701739622,1257.2014126506,0.0,0.0,33.00459968008364,40.17858410955716,510.4068631205098,0.0,0.0,38.0692287834611,45.771927051727377,837.3791393232997,35.11408382944112,24.083733765048789,673.9444803054311,815.1396382419781,13122.499968894459,0.0,0.0,46.81116210214283,57.50239583991407,470.09077013994127,2246.0925360655039,19.29363563706787,39.69333846322446,21.999999999999998,30.0,0.0,18.008432579742637,42.98649231827546,15.999999999999999,30.0,4531.589620159117,19.599700879090759,38.93679466507634,21.999999999999998,30.0,0.0,18.072179706192924,42.801399456064078,15.999999999999999,30.0,0.0,16.579808939277535,47.58493468031056,12.0,30.0,1240.472697180519,19.54003749322972,39.42134969391919,19.799999999999998,30.0,0.0,16.89821503603549,46.266363548195908,10.0,30.0,1261.7682746067872,16.144603553745303,49.00258853233558,16.999999999999998,30.0,2379.089747362574,19.128744516459805,40.56002841600974,19.9,30.0,0.0,17.45633383385313,0.0,0.0,0.0,13.29683337135374,0.0,0.0,460.6488870950243,462.33753704221126,459.567600920432,458.3382926662526,524.1962865010523,793.0614995872743,500.63533882671859,620.9702188247209,718.258567895554,12491.603762142835,79.74413546489683,87.20494917912076,60.0,0.0,60.0,60.0,16.0,16.0,19.0,19.0,16.0,12.0,21.0,10.0,1.0,0.0,2246.0925360655039,0.0,4531.589620159117,0.0,1240.472697180519,0.0,1261.7682746067872,2379.089747362574,11288.377349105538,6773026.409463321,8815732.540535856,79.74413546489683,87.33165856419004,0.4102792449701846,0.7678678878924106,0.3602813740196596,87.33165856419004,0.3542647819438876,8815732.540535856,0.4608780921078645 
 03/15  06:20:00,8.466666666666667,79.0,5.826666666666667,0.0,0.0,0.0,0.0,0.0,2.0,2.0,0.0,0.0,0.0,0.0,0.0,1479.0,0.0,0.0,0.0,0.0,0.0,0.0,0.0,0.0,0.0,0.0,0.0,19.554884615346503,-1458.2326120377803,18.554493166701595,732.4528880591524,19.832368143404055,-3429.573882934658,18.658469724893899,745.4675313395804,16.564697297834287,1.0051879635161259,18.941311238165029,-89.31784893472953,17.22044824942723,292.68526957807605,15.936056273450454,-206.9264735097597,18.466858259456655,-152.51197276322686,785.3210945079576,522.2508365145083,0.0,0.0,0.0,0.0,0.0,0.0,0.0,0.0,0.0,0.0,0.0,0.0,0.0,0.0,0.0,0.0,0.0,0.0,0.0,0.0,0.0,0.0,0.882095325113537,0.26925986725077435,441.89655634466126,529.1056145461741,10684.355000551097,0.30614642178356818,0.04672564435036143,383.5417717731321,461.4164197221668,8227.292664966128,0.641155293947433,0.12115557330828286,549.9722547049873,657.6294566251427,13760.173866362875,0.26918778504510645,0.05086692839098758,377.61219913774417,453.84237398048085,8346.643522233477,0.0,0.0,11.909726401995887,14.44902979623274,197.54218172258806,0.0,0.0,18.604674851424876,22.3443481538631,417.6131673271609,0.0,0.0,80.11133715802923,96.83125312703715,1496.556416527786,0.0,0.0,33.96341395078626,41.23515111024463,546.7662370689283,0.0,0.0,37.51937620836394,45.09788665293614,827.784254152739,36.016862335399107,24.702923412482244,752.9601476637849,908.5093514573973,15609.701790497707,0.0,0.0,45.740810058781139,56.106805217243948,466.4420705454458,1883.3832154393725,20.410652557684409,36.97686296642599,21.999999999999994,29.99999999999999,0.0,19.02445919437967,40.31499828635737,15.999999999999993,29.99999999999999,4261.361450278827,20.885797257680836,35.906900285283558,21.999999999999994,29.99999999999999,0.0,19.374354664798866,39.434524542107748,15.999999999999993,29.99999999999999,0.0,16.552711054315418,47.49127420687964,11.999999999999995,29.99999999999999,0.0,19.52916306639452,39.36344710028088,18.999999999999994,29.99999999999999,0.0,17.592983408412584,44.18542582888307,9.999999999999997,29.99999999999999,0.0,16.32556652782246,48.32165325868479,15.999999999999993,29.99999999999999,0.0,19.320399997608708,39.89107888343223,18.999999999999994,29.99999999999999,0.0,18.20050240964811,0.0,0.0,0.0,13.359970689695276,0.0,0.0,460.43497919124379,463.69957040025647,460.0060903973199,459.97325354883096,522.047770571263,744.2250512374485,489.88486026779779,646.5836855676342,672.9599652440693,11840.506807601192,80.17516623623156,87.86932759722748,59.99999999999998,0.0,59.99999999999998,59.99999999999998,16.0,16.0,19.0,19.0,16.0,12.0,21.0,10.0,1.0,0.0,1883.3832154393725,0.0,4261.361450278827,0.0,0.0,0.0,0.0,0.0,11642.773856166823,6985664.313700097,9122481.34370954,80.17516623623156,87.99999999999997,0.3880924618722274,0.7659568775887001,0.36028137401965945,87.99999999999997,0.35426478194388735,9122481.34370954,0.4768490298728961 
 03/15  06:30:00,8.46,79.0,5.83,7.0,0.0,0.0,0.0,0.0,2.0,2.0,0.0,0.0,0.0,0.0,0.0,1479.0,0.0,10.033852591719489,2.4554633366033076,6.292037216953956,0.3008671843687453,8.007987006503742,0.0,2.4554633366033067,3.3568045414855236,0.0,0.0,20.167995564100758,-1229.4072448855569,19.088172843663214,1067.0340153838056,20.533453557157558,-3090.208987291206,19.232396831372314,1014.5209393231995,16.55087203854562,12.275654261058375,18.734835146772534,-44.8723744191842,17.623460667401866,405.3553484935369,16.252007324922098,-300.23537925756116,19.0650910241323,-149.20662252206666,1088.7622773036306,615.5556365586118,0.0,0.0,0.0,0.0,0.0,0.0,0.0,0.0,0.0,0.0,0.0,0.0,0.0,0.0,0.0,0.0,0.0,0.0,0.0,0.0,0.0,0.0,1.0959768285587784,0.3345472614648284,468.97893752227847,559.9305620992543,12139.156169269987,0.34681329960486426,0.05293243278462517,401.02148236000837,480.95967329177076,9331.258104617027,0.8161147185133679,0.15421668906148296,548.1504184729072,653.0892148551828,14815.595481911594,0.2912636467742998,0.05503848200572555,376.0621362481585,450.4148080633116,9033.219899728248,0.0,0.0,12.586244144964134,15.272014029846933,208.8912413706998,0.0,0.0,16.557917617739297,19.907363547005063,360.785080705646,0.0,0.0,102.62247854370875,123.79640924930956,2057.178903645549,0.0,0.0,44.606717845736358,54.106771695687388,754.561056336306,0.0,0.0,28.094671884294,33.660405034361449,665.1334452854487,37.2732097388079,25.5646157330644,768.6496904209996,923.9735886626219,17666.88729931354,0.0,0.0,57.9014178281798,71.02866927623042,601.8139528163591,1879.9194756903424,21.304294272846275,34.993280235648487,21.999999999999994,29.99999999999999,0.0,19.937440605338496,38.07314399314736,15.999999999999993,29.99999999999999,4117.12490739822,21.89093615263706,33.745699094209708,21.999999999999994,29.99999999999999,0.0,20.32176447923862,37.17232738116966,15.999999999999993,29.99999999999999,0.0,16.549785476969335,47.38811623517935,11.999999999999995,29.99999999999999,0.0,19.19117628747196,40.133205535542369,18.999999999999994,29.99999999999999,0.0,18.29706242418085,42.246433053044437,9.999999999999997,29.99999999999999,1008.4310581562459,16.74169036246548,46.91513307762093,16.66666666666666,29.99999999999999,1868.044998764079,20.015936674353769,38.20161928766132,19.66666666666666,29.99999999999999,0.0,19.277470979760083,0.0,0.0,0.0,13.451402054335816,0.0,0.0,465.07466239933526,469.0911693357604,464.8621775122561,466.30952447079786,523.745315997643,735.2523533258325,499.20044754495407,614.9648018631302,683.0132581532964,12439.024899900645,79.77906581054097,87.86271283761382,59.99999999999998,0.0,59.99999999999998,59.99999999999998,16.0,16.0,19.0,19.0,16.0,12.0,21.0,10.0,1.0,0.0,1879.9194756903424,0.0,4117.12490739822,0.0,0.0,0.0,1008.4310581562459,1868.044998764079,12231.296873863448,7338778.124318073,9600649.53529215,79.77906581054097,87.99999999999997,0.40770989579544839,0.7645773961339885,0.36028137401965945,87.99999999999997,0.35426478194388735,9600649.53529215,0.5017337758351919 
 03/15  06:40:00,8.453333333333334,79.0,5.833333333333334,12.0,14.999999999999997,0.0,0.0,0.0,2.0,2.0,0.0,0.0,0.0,0.0,0.0,3451.0,0.0,18.990457546301849,10.937564590326176,28.02698439080992,0.5694320981822818,15.156217556435762,0.0,10.937564590326167,14.952480023744569,0.0,0.0,20.356848812003518,-1273.7376174863119,19.39696051553654,683.4544486929885,20.48676147741395,-1737.086134456966,19.514298375456439,602.7102886447966,16.543955494114564,17.698599002465195,18.865784268864649,-48.03977120780276,17.89098678175197,328.67479262930797,16.35816024624732,-286.9386978702804,19.226508742734035,-171.18872502407229,1102.788070055471,737.146782176345,0.0,0.0,0.0,0.0,0.0,0.0,0.0,0.0,0.0,0.0,0.0,0.0,0.0,0.0,0.0,0.0,0.0,0.0,0.0,0.0,0.0,0.0,1.1420563531528552,0.34861305041295978,427.0404960265151,510.08972016533667,11221.391734469033,0.31124815195423319,0.04750429669631157,335.7825072435969,402.6191643126561,8065.760449377382,0.9661285094002271,0.18256396625098798,407.3704639277737,486.13651727137889,10833.692139450912,0.27510300124358,0.05198469411254349,295.7616413742948,354.2165746344133,7267.940279714116,0.0,0.0,12.65222628510384,15.368320840396184,210.25494186654093,0.0,0.0,17.86891773361861,21.51140379585408,389.1512830514389,0.0,0.0,95.59708105805787,115.25929362240253,1991.2923936614905,0.0,0.0,45.310760759565528,54.99881326434892,766.6693074089423,0.0,0.0,37.49355240349883,44.9507453046924,905.9725444546436,37.418742303892368,25.664432307196436,623.0177558625126,749.0602081462645,14777.92924440678,0.0,0.0,60.49241411933295,74.2149028839523,652.4743522720963,1850.7571108400153,21.475931541961228,34.59870504641462,22.000000000000015,30.00000000000002,0.0,20.33141584977709,37.13343152766853,16.00000000000001,30.00000000000002,2299.427741234204,21.546245916998143,34.46179524983488,21.57142857142859,30.00000000000002,0.0,20.602400985217995,36.5135764240599,16.00000000000001,30.00000000000002,0.0,16.553890798107145,47.302410405706968,12.00000000000001,30.00000000000002,488.9995742436683,19.175647750555073,40.11719335999531,19.142857142857158,30.00000000000002,0.0,18.685257054069206,41.19582671441667,10.000000000000007,30.00000000000002,0.0,16.725406476087597,46.8597670753676,16.00000000000001,30.00000000000002,0.0,20.38428173425421,37.34246852905147,19.000000000000015,30.00000000000002,0.0,19.49277591244323,0.0,0.0,0.0,13.634758243144919,0.0,0.0,468.50036528680217,472.95934223368979,468.9252158247821,468.6166292921884,523.6398656099541,726.2470343549235,496.5448947103302,597.7369181555434,667.5798501377309,9868.472965820005,81.4795211293434,85.66033124287825,60.00000000000004,0.0,60.00000000000004,60.00000000000004,16.0,16.0,19.0,19.0,16.0,12.0,21.0,10.0,1.0,0.0,1850.7571108400153,0.0,2299.427741234204,0.0,488.9995742436683,0.0,0.0,0.0,6326.828811406924,3796097.286844148,4960495.7834065,81.4795211293434,85.73133527794315,0.3566085794278498,0.7669440486044048,0.3602813740196598,85.73133527794315,0.35426478194388785,4960495.7834065,0.260465780737138 
 03/15  06:50:00,8.446666666666666,79.0,5.836666666666667,16.999999999999998,29.999999999999994,0.0,0.0,0.0,2.0,2.0,0.0,0.0,0.0,0.0,0.0,1972.0,0.0,27.13133065858505,16.642683333086504,42.64607574186581,0.8135385500980608,21.653430585447187,0.0,16.642683333086489,22.751809877271904,0.0,0.0,20.479496081816369,-1357.363902532953,19.521873724762558,568.0607351568719,20.592902484623964,-1387.9828117942389,19.584019752142696,491.92992129220559,16.539208727396916,18.827178331969578,19.194544980943474,-49.0348729834833,18.016285331624247,277.35468153262527,16.202170730156149,-283.2936079246111,18.75853258520928,-101.45582094319795,1084.3677344467624,726.5156330582731,0.0,0.0,0.0,0.0,0.0,0.0,0.0,0.0,0.0,0.0,0.0,0.0,0.0,0.0,0.0,0.0,0.0,0.0,0.0,0.0,0.0,0.0,1.1811658143124498,0.36055122537010067,422.53696053796298,504.4779653982144,11157.34427319647,0.2985550687476189,0.04556701293461826,303.36915410587519,363.5211149117819,7370.101410833372,1.0475174819389326,0.19794359069140833,357.60944399893369,426.57630931186307,9500.546201359986,0.2785585389226727,0.05263766797480586,276.22827988383019,330.68358052256635,6796.26289728204,0.0,0.0,12.277177696446195,14.908229054422922,204.3284592451139,0.0,0.0,15.175099184592123,18.21913926634528,352.8235442044267,0.0,0.0,102.80211277438849,123.85222995365619,2173.2665485249365,0.0,0.0,50.36067835195463,61.17191619030106,827.2845962503718,0.0,0.0,27.885676766651593,33.52318694733461,630.3854002924164,37.469859030375797,25.699491790381214,572.5009655419051,688.0070785685456,13717.311267318826,0.0,0.0,64.47344001432852,79.06695582717453,704.5744160335039,1842.4818420271027,21.555485185140328,34.4210977267037,22.0,30.0,0.0,20.462767804290416,36.81728182190314,16.0,30.0,1958.5065431362946,21.53728618302788,34.472109559277388,21.5,30.0,0.0,20.60063594916484,36.510853125352628,16.0,30.0,0.0,16.558061823668156,47.23028323844227,12.0,30.0,368.41682287031429,19.911147531765903,38.272523774703568,19.5,30.0,0.0,18.83637075932762,40.79157361248564,10.0,30.0,737.8723891829974,16.464093096438547,47.60322729984296,16.5,30.0,0.0,19.556803827939644,39.27975663091824,19.0,30.0,0.0,19.541767216843235,0.0,0.0,0.0,13.697202331613264,0.0,0.0,470.99380536623729,474.44780507551448,471.9608461553501,474.2349261516924,523.0746785508001,728.2475347892081,499.4265828756171,582.1190044775622,668.3423762461462,9899.103537752655,81.45941276005061,83.20223026246802,60.0,0.0,60.0,60.0,16.0,16.0,19.0,19.0,16.0,12.0,21.0,10.0,1.0,0.0,1842.4818420271027,0.0,1958.5065431362946,0.0,368.41682287031429,0.0,737.8723891829974,0.0,2637.5426342054599,1582525.5805232758,2047965.759868366,81.45941276005061,83.23182908941611,0.3429180878068487,0.7688076620537563,0.36028137401965956,83.23182908941611,0.3542647819438875,2047965.759868366,0.10897421951315505 
 03/15  07:00:00,8.44,79.0,5.84,22.0,45.0,0.0,0.0,0.0,2.0,2.0,0.0,0.0,0.0,0.0,0.0,1972.0,0.0,35.470109035603758,21.346024836002728,54.69817486405448,1.0635799066060632,28.308598533441097,0.0,21.3460248360027,29.18163429443736,0.0,0.0,20.610061195521526,-1423.8932105116783,19.580452192466866,591.4543220643268,20.715243775983298,-1202.283073697364,19.618228570836533,472.73145005992526,16.531483256234304,17.39138163371706,18.990320832266744,-23.503015760703108,18.11942134193975,314.8767872055489,16.223538865668759,-269.187896138281,18.809451757341706,-89.21898918700623,1087.909113366743,706.2455147774568,0.0,0.0,0.0,0.0,0.0,0.0,0.0,0.0,0.0,0.0,0.0,0.0,0.0,0.0,0.0,0.0,0.0,0.0,0.0,0.0,0.0,0.0,1.2007945185413243,0.36654289332763259,446.7511264381587,533.2638861793748,11879.47779231703,0.2958643000332398,0.04515633394890718,295.46653055917138,353.94750246989909,7204.895633597773,1.1058705807666003,0.20897025335725637,354.3552387523058,422.5554545319228,9446.752981754194,0.28620759881815918,0.05408306855974284,237.3589170857985,283.94447856946018,5842.127693621087,0.0,0.0,11.539428163350906,14.013190916079763,192.13878396930145,0.0,0.0,13.855476530357864,16.653258052695237,312.49594947225429,0.0,0.0,106.61382588738702,128.4006585903428,2283.906431895368,0.0,0.0,46.20177964128408,56.11550560679617,762.2587855595002,0.0,0.0,16.38960155277371,19.72035028289921,361.3286003367653,37.57302253510975,25.77024865233866,565.8444577681216,679.7508053996461,13659.086786740638,0.0,0.0,63.6111997919472,78.02737258805452,693.0879276966036,1866.6238578759358,21.65234119711907,34.194197037207278,22.0,30.0,0.0,20.498039361255708,36.71399756758326,16.0,30.0,1779.2051079652375,21.683879838668515,34.132795335093287,21.5,30.0,0.0,20.567247331651143,36.56532889570252,16.0,30.0,0.0,16.553975078869138,47.190078782070809,12.0,30.0,0.0,19.552982448280138,39.11591175977824,19.0,30.0,0.0,18.972656119530819,40.40221561654193,10.0,30.0,0.0,16.488811988524,47.40356722858954,16.0,30.0,744.3629356254808,19.303655351550569,39.8422744605853,19.25,30.0,0.0,19.612718480090167,0.0,0.0,0.0,13.67203673067088,0.0,0.0,477.13007640154276,481.4746105297116,476.1926153190245,483.2668249812956,517.6595504433039,749.0945965848637,494.6596354329291,542.8068399831436,694.7878745492983,10453.91677246311,81.09249596796522,86.31947922606659,60.0,0.0,60.0,60.0,16.0,16.0,19.0,19.0,16.0,12.0,21.0,10.0,1.0,0.0,1866.6238578759358,0.0,1779.2051079652375,0.0,0.0,0.0,0.0,744.3629356254808,7910.4039987193259,4746242.399231596,6200225.811198819,81.09249596796522,86.40825075418272,0.3486801332906442,0.767284446521485,0.36028137401965956,86.40825075418272,0.3542647819438875,6200225.811198819,0.3248517421823386 
 03/15  07:10:00,8.443333333333334,79.16666666666667,5.8100000000000009,27.0,60.00000000000001,0.0,0.0,0.0,2.0,2.0,0.0,0.0,0.0,0.0,0.0,2958.0,0.0,45.17012196077828,28.059961702238505,71.90231702774125,1.3544379721664053,36.05016147193536,0.0,28.059961702238469,38.360095006053487,0.0,0.0,20.69673722038708,-1452.579576069741,19.6630599237041,603.7538287096045,20.670799548521854,-1297.9669208703265,19.720829421864264,520.8429569138046,16.525251025057288,20.332161010710249,18.835165686158797,-30.216372093238264,18.203694559369059,317.772941906387,16.78113407833238,-323.82942443113219,19.008069056551827,-77.75105979027771,1086.133932973255,674.2834539751781,0.0,0.0,0.0,0.0,0.0,0.0,0.0,0.0,0.0,0.0,0.0,0.0,0.0,0.0,0.0,0.0,0.0,0.0,0.0,0.0,0.0,0.0,1.1805487021337685,0.3603628516891845,431.64193308363158,515.4238748436229,11495.865060503897,0.30036696741237059,0.045843554244867298,309.1999722660774,370.52257610384677,7585.125885054563,1.0750598252609738,0.2031481151286799,357.8341975833028,427.0232908993483,9550.052096954256,0.2883971014108734,0.05449680676698286,289.30901186539219,346.4964743289959,7155.826540465867,0.0,0.0,12.14066437964605,14.750233106014023,202.01330519581658,0.0,0.0,14.844810554287788,17.863956692009663,327.190392164222,0.0,0.0,100.44748419540606,121.00691059625417,2168.934385725595,0.0,0.0,43.884993306760488,53.194152891342039,796.7415937871751,0.0,0.0,23.8404440230357,28.636201044397894,551.0415752830257,37.556913616740278,25.75920001148167,591.7972932761234,711.2642452005077,14319.538357581441,0.0,0.0,58.97108167312985,72.37713913879742,643.4609465263392,1825.6813432876584,21.655933344946747,34.17415417581087,21.999999999999994,30.0,0.0,20.580161504681546,36.5307713354065,15.999999999999999,30.0,1791.801450097541,21.579521444545337,34.34575166136823,21.499999999999994,30.0,0.0,20.671511226481195,36.321326999521989,15.999999999999999,30.0,0.0,16.55165538466657,47.14965148548375,11.999999999999997,30.0,0.0,19.292202496538434,41.08867609992531,18.999999999999998,30.0,0.0,19.06509601257877,40.14244140943755,9.999999999999999,30.0,1348.543584729172,17.38589582584841,44.768435250702868,20.699999999999997,30.0,207.16154213026585,19.837140801443483,39.6672893596677,19.33333333333333,30.0,0.0,19.6712512585267,0.0,0.0,0.0,13.681223913188342,0.0,0.0,479.6991405915811,485.3150238876764,480.06539642704049,483.15155867958358,510.86720475486677,783.0080466203989,490.29546672904407,525.4868614761174,720.4184778249696,9628.2495160808,81.63852342778705,82.85362752066979,60.0,0.0,60.0,60.0,16.0,16.0,19.0,19.0,19.7,12.0,21.0,10.0,1.0,0.0,1825.6813432876584,0.0,1791.801450097541,0.0,0.0,0.0,1348.543584729172,207.16154213026585,1838.8271659125149,1103296.2995475094,1428302.471016478,81.63852342778705,82.8742640220357,0.3446275721970838,0.7691021082221454,0.3602813740196595,82.8742640220357,0.3542647819438874,1428302.471016478,0.07667172849285686 
 03/15  07:20:00,8.446666666666668,79.33333333333334,5.78,32.0,75.0,0.0,0.0,0.0,2.0,2.0,0.0,0.0,0.0,0.0,0.0,1972.0,0.0,53.92849020784174,29.347887068960277,75.2026153546334,1.6170621108331185,43.0402168717352,0.0,29.347887068960234,40.12078662610698,0.0,0.0,20.665797221272926,-1614.8400113586138,19.72174343993361,503.216550128072,20.58456160209724,-488.3394422781198,19.739194225797644,279.73608677234736,16.51913301069676,17.673558458715708,18.711956775277444,-23.642672415217125,18.33121707652407,340.7656523876395,17.764781664332923,-270.0219058360153,18.716711149843829,-33.16199248951729,1045.9551467813993,503.1617262262771,0.0,0.0,0.0,0.0,0.0,0.0,0.0,0.0,0.0,0.0,0.0,0.0,0.0,0.0,0.0,0.0,0.0,0.0,0.0,0.0,0.0,0.0,1.1735088508931245,0.3582139349490613,435.6764314493733,520.2532610368792,11488.987417565757,0.2802379254574527,0.042771356144299877,280.29647296665,335.82599070162328,6896.206311386795,1.1378448918611906,0.2150122622564609,243.29658275387198,290.85974863159086,6340.0312290253509,0.27410721841161,0.051796526532806117,236.26125186664783,283.0717825965737,5818.146926519636,0.0,0.0,11.649686439969177,14.150982718864866,193.69062834848908,0.0,0.0,13.83783842910671,16.656835269347757,299.51505260925378,0.0,0.0,86.38193481651219,103.9799042059518,1895.1500277950723,0.0,0.0,25.18113538969752,30.372607281328503,533.8857465093154,0.0,0.0,15.82234252711291,19.036557276935445,351.6884323975312,37.41397483751547,25.661162439996909,510.03840468594,613.169165393381,12390.625187673662,0.0,0.0,42.138918175491948,51.756956047881818,440.70782671592908,1820.1587031947798,21.51784867606543,34.47485136885466,22.000000000000005,30.000000000000008,0.0,20.616536975887898,36.48615651575467,16.000000000000005,30.000000000000008,954.0473427680156,21.335196756797204,34.874015845646798,21.250000000000005,30.000000000000008,0.0,20.614303869675124,36.494689300694428,16.000000000000005,30.000000000000008,0.0,16.547427215415554,47.141615872892568,12.000000000000002,30.000000000000008,0.0,19.088812997423415,43.36447125491366,19.000000000000005,30.000000000000008,0.0,19.24791584025164,39.67446541854642,10.000000000000002,30.000000000000008,1285.4402507431678,19.037801250968124,40.40905353326971,20.700000000000004,30.000000000000008,0.0,19.36382180513018,42.39697056425217,19.000000000000005,30.000000000000008,0.0,19.615192186484696,0.0,0.0,0.0,13.440219585034083,0.0,0.0,481.3317918307333,488.24964147192437,481.8738204152743,487.4344005327067,506.71262202254328,820.9794253088624,486.13758272732869,528.9511511018842,756.174809087885,8862.920364740548,82.14459753127622,82.14459753127622,60.000000000000017,0.0,60.000000000000017,60.000000000000017,16.0,16.0,19.0,19.0,19.7,12.0,21.0,10.0,1.0,0.0,1820.1587031947798,0.0,954.0473427680156,0.0,0.0,0.0,1285.4402507431678,0.0,0.0,0.0,0.0,82.14459753127622,82.14459753127622,0.3400000000000001,0.7692937663373676,0.3602813740196596,82.14459753127622,0.35426478194388757,0.0,0.0024033333333333334 
 03/15  07:30:00,8.45,79.5,5.75,37.0,90.0,0.0,0.0,0.0,2.0,2.0,0.0,0.0,0.0,0.0,0.0,3944.0,0.0,62.79714712606695,29.954702936453978,76.75761419859862,1.8829939724788512,50.118300877886479,0.0,29.954702936453935,40.95034992256657,0.0,0.0,20.76041024906619,-1302.1480542425427,19.722645047594957,543.2946346960002,20.71765862068087,-1306.679353231828,19.714226600928045,590.1823275256882,16.508925659976418,15.348119651133814,18.656024324325388,-23.226025155944016,18.41291428432618,320.19355380364666,18.51644824331089,-61.113150894973568,18.8229919659544,-127.89972270814461,1060.9907450573138,384.86503895911616,0.0,0.0,0.0,0.0,0.0,0.0,0.0,0.0,0.0,0.0,0.0,0.0,0.0,0.0,0.0,0.0,0.0,0.0,0.0,0.0,0.0,0.0,1.1355078003364552,0.34661410266680567,405.0217844919532,483.8120548753343,10739.971127695157,0.28911007714255967,0.04412546964935282,299.7550201138719,359.25958272322807,7343.3029389443249,1.034426757775685,0.19546990887673569,374.9955532212965,447.77330764646276,9943.777164379773,0.28747953735476025,0.05432341975713532,305.17125195392085,365.7337345541202,7475.342699992154,0.0,0.0,11.486419355685705,13.959584399978816,190.61962200132809,0.0,0.0,14.09876363206049,16.979435750132227,302.86555788898127,0.0,0.0,73.20380771518777,88.12584960816256,1619.7300217920479,0.0,0.0,18.504248444061394,22.18058486929959,448.23035555069188,0.0,0.0,16.622703144590646,19.99453460016607,370.65905950193067,37.400017121850179,25.65158924681083,598.6553169958744,719.6624059204814,14453.280878764726,0.0,0.0,28.656777466635995,35.24421114010098,286.67332808892766,1825.7725169793992,21.593700823243958,34.38084449663503,22.0,30.0,0.0,20.56674673407274,36.68042120080174,16.0,30.0,1448.3969968448919,21.532999271333187,34.518640369480049,21.375,30.0,0.0,20.555621629114986,36.702329451142698,16.0,30.0,0.0,16.535331512842214,47.170202473508627,12.0,30.0,3.4409840589047615,19.011732411436186,44.713998967806059,19.0,30.0,0.0,19.342614320247458,39.48765692895485,10.0,30.0,1132.2790909772155,20.34902161005972,37.415602109148867,20.7,30.0,891.0374661063545,19.45959976201962,43.09312310098023,19.5,30.0,0.0,19.664920231319927,0.0,0.0,0.0,13.22980014545308,0.0,0.0,485.65029203531528,492.6366418387581,485.9411725303548,491.4572715679645,502.74454410289658,856.6095518240503,485.5948314536944,533.3276342124754,792.7966592796445,10110.981519082194,81.31917606577184,84.22179911645692,60.0,0.0,60.0,60.0,16.0,16.0,19.0,19.0,19.7,12.0,21.0,10.0,1.0,0.0,1825.7725169793992,0.0,1448.3969968448919,0.0,3.4409840589047615,0.0,1132.2790909772155,891.0374661063545,4392.236949328897,2635342.1695973386,3433572.0516695126,81.31917606577184,84.27109529190479,0.3589078983109632,0.7685522993523314,0.36028137401965956,84.27109529190479,0.3542647819438875,3433572.0516695126,0.1809524133534813 
 03/15  07:40:00,8.453333333333334,79.66666666666666,5.720000000000001,46.166666666666667,110.5,0.0,0.0,1.0,2.0,0.0,0.0,0.0,0.0,0.0,4.0,3451.0,0.0,78.13646134768432,32.53057729528449,83.35825734759757,2.3429513337973999,62.36061273070689,0.0,32.530577295284448,44.471765460368718,0.0,0.0,20.829495564790059,-1543.1312718209416,19.81331456209701,571.6043264038614,20.706180338341825,-1087.2635413400709,19.842433664538786,499.4346001498253,16.50161072409591,16.43155265034367,19.14061231272269,-54.43538869314148,17.871454403959189,-424.298167481676,18.623887931360274,-75.65531830198808,18.815445189309288,-312.82667402650216,1066.6330995134027,1473.421205542646,0.0,0.0,0.0,0.0,0.0,0.0,0.0,0.0,0.0,0.0,0.0,0.0,0.0,0.0,0.0,0.0,0.0,0.0,0.0,0.0,0.0,0.0,1.1395007061296037,0.3478329383790002,372.9197134125871,445.33184608985609,9963.436857790166,0.2911301148316557,0.04443377820995969,304.5753015800195,364.97196840782785,7524.520079959431,1.0361254780012324,0.1957909066517826,290.335067868827,346.6355872788822,7709.228455172547,0.28372036924624297,0.05361307053028025,289.12087819343346,346.24854633586195,7165.775345864364,0.0,0.0,12.277875824080299,14.921670107931489,203.52045965811883,0.0,0.0,14.677996463492443,17.627836712993049,337.7683034609714,0.0,0.0,210.57953801729892,254.43910331784827,4150.424641079749,0.0,0.0,23.726817048786854,28.45230657200068,566.350148058327,0.0,0.0,147.8224785422136,177.79576654414425,3286.5961051421256,37.44686864839322,25.683723352807456,587.1244217077725,705.6107857191375,14291.501119959994,0.0,0.0,146.0954688926318,178.58314256486168,1888.5938277554984,1812.2681766299002,21.691873355819376,34.42984546135449,22.000000000000015,30.00000000000002,0.0,20.678858273014414,36.5949787942586,16.00000000000001,30.00000000000002,1273.479095471738,21.53933721771337,35.40060793933509,21.428571428571446,30.00000000000002,0.0,20.703427558810984,37.034315437401527,19.000000000000015,30.00000000000002,0.0,16.528476193249739,47.39959893076322,12.00000000000001,30.00000000000002,766.7732844054657,19.795070019827898,43.27106967295107,19.571428571428588,30.00000000000002,0.0,18.190010816201235,43.311716844664399,10.000000000000007,30.00000000000002,534.695889189704,20.217792962825667,38.92493542820537,19.9857142857143,30.00000000000002,0.0,19.443878731602458,40.63589807050052,12.00000000000001,30.00000000000002,0.0,19.752461294987279,0.0,0.0,0.0,14.600580635923233,0.0,0.0,500.65604012824789,501.0454018442582,535.545623910543,525.1947489373854,512.2147121043103,874.3753208444736,547.8487697770088,594.801476786037,594.9181905061378,9916.445004659457,81.44794973250154,83.45257370040004,220.00000000000018,0.0,220.00000000000018,220.00000000000018,16.0,19.0,19.0,12.0,19.7,12.0,21.0,10.0,1.0,0.0,1812.2681766299002,0.0,1273.479095471738,0.0,766.7732844054657,0.0,534.695889189704,0.0,3033.7351164692156,1820241.0698815264,2355811.308595348,81.44794973250154,83.48661887026984,0.3439816467394502,0.7698882892522705,0.3602813740196598,83.48661887026984,0.35426478194388785,2355811.308595348,0.13133885471362478 
 03/15  07:50:00,8.456666666666667,79.83333333333334,5.6899999999999999,55.33333333333333,131.0,0.0,0.0,1.0,2.0,0.0,0.0,0.0,0.0,0.0,4.0,1479.0,0.0,93.50726918544074,34.100243571472017,87.38055580692017,2.8038540279188175,74.62807032256443,0.0,34.100243571471967,46.61761826377963,0.0,0.0,20.850529457168017,-1535.1079718423603,19.873268875473646,516.7510968992129,20.664119597641247,-697.4927141822788,19.858776026053314,227.1271312481448,16.4921478929815,12.43909168808122,19.018446540309414,-64.31507985487544,17.353220941991,-23.59569690681445,18.8261009815182,-185.89452840638416,18.262514593087006,-280.0648140385046,1033.1218273019763,1350.2861465178476,0.0,0.0,0.0,0.0,0.0,0.0,0.0,0.0,0.0,0.0,0.0,0.0,0.0,0.0,0.0,0.0,0.0,0.0,0.0,0.0,0.0,0.0,1.0529547655592558,0.32141476360172668,366.1890118033872,436.99174682519119,9753.738292528029,0.2710701441809387,0.04137212212773794,293.39092129173789,351.2407809344638,7274.409341487259,1.1365454889974008,0.21476672127690894,216.77111103683576,259.0268884365465,5659.081670794854,0.26639817764110687,0.05033979169333089,219.3345161682759,262.6883052577806,5419.411633802787,0.0,0.0,12.39846628796716,15.057568629623728,205.18350817956768,0.0,0.0,15.536307532866154,18.657940953992953,349.56055908327508,0.0,0.0,232.58506695828573,281.6064606727637,4247.458204326533,0.0,0.0,37.05512944425233,44.36130388097223,902.5828143565007,0.0,0.0,155.70506838733429,187.80375945599725,3194.3417649936625,37.3128173865847,25.59178147228034,506.02568248233367,607.9968242107863,12370.996319191598,0.0,0.0,164.2332501901107,200.30050415114395,2312.5220330423064,1849.844384342735,21.65312513782001,34.69151245342711,22.000000000000019,30.00000000000002,0.0,20.725754670614795,36.713482994828478,16.000000000000015,30.00000000000002,1002.0349442963316,21.374305567890734,36.214028662239197,21.33333333333335,30.00000000000002,0.0,20.654798229257496,37.582144300095048,19.000000000000015,30.00000000000002,0.0,16.51661311937412,47.9201969238379,12.00000000000001,30.00000000000002,0.0,19.538308768931779,44.61598293911578,19.000000000000015,30.00000000000002,0.0,17.38026212219777,45.818447497445649,10.000000000000007,30.00000000000002,587.4393704633626,20.531802051550785,38.829821847936958,20.36666666666668,30.00000000000002,0.0,18.515829146989768,42.573712075733229,12.00000000000001,30.00000000000002,0.0,19.696646895390317,0.0,0.0,0.0,15.263068473853784,0.0,0.0,510.4914033694231,512.720039805556,558.9893621690594,546.9707145692136,538.9206920940162,888.9241991988265,560.5101073675531,631.6772126177214,557.6634617607683,9225.36854928793,81.90496410095506,81.90496410095507,220.00000000000018,0.0,220.00000000000018,220.00000000000018,16.0,19.0,19.0,12.0,19.7,12.0,21.0,10.0,1.0,0.0,1849.844384342735,0.0,1002.0349442963316,0.0,0.0,0.0,587.4393704633626,0.0,0.0,0.0,0.0,81.90496410095506,81.90496410095506,0.3400000000000003,0.7716968193664108,0.3602813740196598,81.90496410095506,0.3542647819438878,0.0,0.008885555555555557 
 03/15  08:00:00,8.46,80.0,5.66,64.5,151.5,0.0,0.0,1.0,2.0,0.0,0.0,0.0,0.0,0.0,4.0,1479.0,0.0,108.91693077555969,35.043127361277047,89.79676608693255,3.265922709905531,86.92654731820132,0.0,35.043127361276997,47.906611888945679,0.0,0.0,20.900523850512419,-1499.071209615207,19.91414442190107,530.078585583634,20.429878798965569,-660.5107439228467,19.841645151993889,407.5998605517195,16.480753118944528,11.1042067886495,18.85394406131124,-55.35095845557298,17.508488634020759,181.33500525475075,18.745538192198354,-159.9619217488127,17.97688408979242,-81.11643713465226,1070.4150790880263,761.4703690669788,0.0,0.0,0.0,0.0,0.0,0.0,0.0,0.0,0.0,0.0,0.0,0.0,0.0,0.0,0.0,0.0,0.0,0.0,0.0,0.0,0.0,0.0,1.1236516183168169,0.3429949994862081,373.9205363918205,446.1191485229283,9984.618557622676,0.28522332893403937,0.04353225411081191,299.77252847800977,358.8176599136274,7444.427701555551,1.0542711388330429,0.19921979191856463,252.8384316615461,302.31699954552939,6499.468038672701,0.26639262511476177,0.050338742463106937,255.87114069376083,306.4740673137273,6303.6588038868289,0.0,0.0,12.01833593506482,14.59667555973252,198.46457567880885,0.0,0.0,16.400583701232365,19.716839051769428,359.8625826246746,0.0,0.0,159.28331096022584,192.62460274706315,3020.882578779204,0.0,0.0,33.37315785815937,40.005867316180587,795.7426023948053,0.0,0.0,85.84816677234608,103.69307085439614,1689.8996731754194,37.39757493513273,25.649914221627417,548.6290661071638,658.8704611212598,13476.240853997755,0.0,0.0,87.33262660326794,106.81147460722251,1089.2391074451189,1822.82585332162,21.68956978231086,35.110592080854669,22.000000000000019,30.00000000000002,0.0,20.74802931350867,37.20229225979626,16.000000000000015,30.00000000000002,110.68267468767893,21.12831551145247,37.19465959281429,21.000000000000015,30.00000000000002,0.0,20.632306463558249,38.02516145238701,19.000000000000015,30.00000000000002,0.0,16.50153256517083,48.27434271479436,12.00000000000001,30.00000000000002,0.0,19.25253081032196,45.756719210102129,19.000000000000015,30.00000000000002,0.0,17.738952416341218,45.01913653165561,10.000000000000007,30.00000000000002,874.1525559282586,20.221627196032864,39.726897337806928,20.36666666666668,30.00000000000002,0.0,18.10279938282926,43.8696657825423,12.00000000000001,30.00000000000002,0.0,19.815227203599208,0.0,0.0,0.0,14.47068905757739,0.0,0.0,536.0277716219987,539.5581996802556,579.2075687179035,564.1447743456824,551.0073511967519,891.37550003935,558.9950348986151,635.9323789269473,558.1241803776725,9194.089512179831,81.925546588789,84.23309242579731,220.00000000000018,0.0,220.00000000000018,220.00000000000018,16.0,19.0,19.0,12.0,19.7,12.0,21.0,10.0,1.0,0.0,1822.82585332162,0.0,110.68267468767893,0.0,0.0,0.0,874.1525559282586,0.0,3492.215067351846,2095329.0404111059,2724088.686461998,81.925546588789,84.27228221463617,0.34307383557839507,0.7683979803329708,0.3602813740196598,84.27228221463617,0.3542647819438878,2724088.686461998,0.15058705614046836 
 03/15  08:10:00,8.563333333333335,79.5,5.958333333333334,73.66666666666667,172.00000000000004,0.0,4.0,0.0,0.0,0.0,0.0,0.0,0.0,0.0,0.0,2958.0,0.0,124.2160307072195,35.75157281819023,91.61224774794217,3.7246771987308318,99.13679651519507,0.0,35.75157281819019,48.87511053916405,0.0,0.0,20.925942716565666,-1462.5408509626155,19.960055495445688,493.4936233095719,20.74292619008572,-403.87381679679137,19.81312631295628,-13.141938410584956,16.474180078894404,15.960623562378416,18.648253941760609,-93.8161822667073,17.860397261173327,400.13290257296947,18.493798777079627,-99.98899663779076,17.716725020761979,-507.96458517952927,939.8477801872555,926.6158545554043,0.0,0.0,0.0,0.0,0.0,0.0,0.0,0.0,0.0,0.0,0.0,0.0,0.0,0.0,0.0,0.0,0.0,0.0,0.0,0.0,0.0,0.0,1.1344935281511535,0.34630449577263536,399.9989726036748,477.67123969087438,10580.885130318464,0.2859442913931441,0.043642291116169729,293.7818161783849,351.86885836381989,7251.3473913283009,0.9675309366387912,0.18282897517739819,117.87395845235619,140.86304905341474,3160.7124144621609,0.3108227365706285,0.05873445513428352,28.571010555595895,34.244957617504429,694.2966693846727,0.0,0.0,10.723569275117765,13.034931275839611,174.6726250805674,0.0,0.0,57.80471474615128,69.69730584877682,1219.8147610805723,0.0,0.0,205.67720494216776,248.2524031927678,4131.087028972925,0.0,0.0,30.918695412560586,37.164562913085067,706.343562208416,0.0,0.0,106.94571539557845,129.37460786867903,1973.8446389375086,38.01174705539508,26.071157102465766,335.73507948774286,404.0889463779101,8200.0391520104,0.0,0.0,110.57336615010567,135.08572446702625,1415.0831637965085,1749.2594973481292,21.679167499147217,35.420704150684127,21.999999999999994,30.0,0.0,20.777625156185804,37.409920688759317,15.999999999999999,30.0,1016.6845461677189,21.636612956328358,35.4916093312497,21.333333333333333,30.0,0.0,20.4580133079767,41.016591309655989,18.999999999999998,30.0,0.0,16.49572964064955,48.70874729931932,11.999999999999997,30.0,0.0,18.909076454192705,44.03392172395578,15.999999999999999,30.0,0.0,18.397511428039317,44.08781525704468,9.999999999999999,30.0,0.0,19.761832387821078,40.53537041696808,15.999999999999999,30.0,0.0,17.680195659618947,45.579522716842607,11.999999999999997,30.0,0.0,19.379429006619025,0.0,0.0,0.0,14.623946293556277,0.0,0.0,550.2449789996757,551.6951645768642,547.4267886414781,717.7811333402553,568.1988234909846,703.3858777188411,609.1513526705695,613.0782985965187,583.4728577059068,9412.407028265734,81.78127152551292,82.93860178681564,132.0,0.0,132.0,132.0,16.0,19.0,16.0,12.0,16.0,12.0,21.0,10.0,1.0,0.0,1749.2594973481292,0.0,1016.6845461677189,0.0,0.0,0.0,0.0,0.0,1751.4857476003286,1050891.4485601977,1360462.9116146554,81.78127152551292,82.95825709672535,0.3417161915866776,0.7705996821889937,0.3602813740196595,82.95825709672535,0.3542647819438874,1360462.9116146554,0.07613407140396209 
 03/15  08:20:00,8.666666666666668,79.0,6.256666666666668,82.83333333333334,192.5,0.0,4.0,0.0,0.0,0.0,0.0,0.0,0.0,0.0,0.0,1479.0,0.0,139.70339420561894,36.71943019577625,94.09246399647182,4.189077569119422,111.49730655051835,0.0,36.71943019577621,50.19824495219311,0.0,0.0,20.820714949555037,-1464.8369026766434,19.955860122707777,342.3099874069242,20.582050564170716,-63.888576884475209,19.773166548572158,-48.412018716842329,16.477917321802253,22.92570758442178,18.47199215970007,-25.78343285808781,17.98385059252888,103.88363082594151,17.850136045945644,-25.691296670651995,17.209616656537649,-539.513006030959,908.1169989456946,1176.2285846295714,0.0,0.0,0.0,0.0,0.0,0.0,0.0,0.0,0.0,0.0,0.0,0.0,0.0,0.0,0.0,0.0,0.0,0.0,0.0,0.0,0.0,0.0,1.1392069880314946,0.34774328083989455,386.4064339678623,461.5611563895111,9962.39790687393,0.2602411733637112,0.03971934880398522,240.67626100382143,288.2422948688361,5870.391350574479,1.1016885739912959,0.20818000264385792,113.6414392547087,135.97975627865837,2866.8863826927438,0.27775066029633579,0.0524850076145759,22.481723316141684,26.938113610989409,537.6327454398,0.0,0.0,10.415537079550529,12.649877678907018,167.72586330257529,0.0,0.0,32.03482805919395,38.64228508282624,651.6942272856331,0.0,0.0,244.7190384425311,295.09027619853898,4912.37997240384,0.0,0.0,21.13818361522054,25.49186684926515,431.073886925514,0.0,0.0,174.00264088470218,210.97389979185918,2919.8123918243165,38.43355627173372,26.36046383520832,321.0961667262707,386.29023475241868,7795.960955683622,0.0,0.0,177.3836865421863,216.14199249622957,2474.269948100172,1792.4528696446506,21.48754536572037,35.89288058024515,21.999999999999994,29.999999999999998,0.0,20.718430159744487,37.62598033595388,15.999999999999997,29.999999999999998,908.9065055918979,21.305210110164336,36.268425182598537,21.33333333333333,29.999999999999998,0.0,20.342733365621407,44.03676034017766,18.999999999999998,29.999999999999998,0.0,16.50791495066321,49.077395781493638,11.999999999999997,29.999999999999998,0.0,18.63664665298384,43.652892513774009,15.999999999999997,29.999999999999998,0.0,18.52577901497443,43.4385399914373,9.999999999999999,29.999999999999998,0.0,18.633255005262325,43.297371175114459,15.999999999999997,29.999999999999998,0.0,16.87188997585472,48.350164460446709,11.999999999999997,29.999999999999998,0.0,19.246962546925479,0.0,0.0,0.0,15.377273533547868,0.0,0.0,551.7940923599023,553.956828831258,550.101015707665,885.2423073468185,584.642410115352,625.5771737140667,587.6664950536995,601.5159976139515,600.5574767734968,7548.768616342561,83.0133886670847,83.0133886670847,132.0,0.0,132.0,132.0,16.0,19.0,16.0,12.0,16.0,12.0,21.0,10.0,1.0,0.0,1792.4528696446506,0.0,908.9065055918979,0.0,0.0,0.0,0.0,0.0,0.0,0.0,0.0,83.0133886670847,83.0133886670847,0.33999999999999999,0.7683943237257219,0.3602813740196595,83.0133886670847,0.35426478194388746,0.0,0.005382666666666667 
 03/15  08:30:00,8.77,78.5,6.555,92.0,213.0,0.0,4.0,0.0,0.0,0.0,0.0,0.0,0.0,0.0,0.0,986.0,0.0,155.2260148358832,37.985167466686259,97.33598653475028,4.654535957734251,123.8859641853088,0.0,37.985167466686238,51.92860376308697,0.0,0.0,20.82378200747612,-1616.555922046925,19.91613152754295,441.38679666070677,20.655934785072668,-124.5698654108204,19.73669500045591,-50.543913010983718,16.484449848912385,24.42006522017192,18.353351685429499,-23.714361967244714,17.81419940918243,101.9714371502223,17.444394156110329,-7.746789319493587,16.947862716773078,-347.9804350291688,891.7086946283453,1137.2923176647528,0.0,0.0,0.0,0.0,0.0,0.0,0.0,0.0,0.0,0.0,0.0,0.0,0.0,0.0,0.0,0.0,0.0,0.0,0.0,0.0,0.0,0.0,1.1721087963912276,0.35778656788499016,365.8851525491976,436.5878086678157,9353.574613659785,0.2828986864129626,0.043177455191233619,279.6310342890898,334.5383574880069,6705.324790874661,0.9939179366802508,0.18781518077858112,34.86390772305577,41.631834808842,913.9784399507938,0.28467721626664158,0.05379388062483777,25.929117376719025,31.022451558087597,608.8871143603137,0.0,0.0,10.35206122437796,12.561603886063559,164.84776308544668,0.0,0.0,35.9364946601049,43.30525135539226,709.7196495704301,0.0,0.0,270.3719743579936,326.1715280886676,5204.940214927674,0.0,0.0,15.29349417547969,18.47120189730456,287.20300656144976,0.0,0.0,194.00108369341965,235.3967894044756,3092.1889635160907,39.074738421793657,26.80023211371308,299.35444027755968,359.91406102569598,7134.232121360052,0.0,0.0,197.1852452018121,240.05041149847487,2773.8999376237418,1795.3529941740458,21.421425550705999,36.16686030365401,22.0,30.0,0.0,20.62590419953414,37.89006070545554,16.0,30.0,0.0,21.367359542147157,36.196372623891189,21.0,30.0,0.0,20.251241056211844,45.52533362928178,19.0,30.0,0.0,16.52284338313317,49.18052382826423,12.0,30.0,0.0,18.458336909109794,43.81501129420669,16.0,30.0,0.0,18.202361060206785,44.32194539927869,10.0,30.0,0.0,17.945995054640585,45.138000732929828,16.0,30.0,0.0,16.530377512021283,49.325445195244359,12.0,30.0,0.0,19.159896852107594,0.0,0.0,0.0,15.580881438959283,0.0,0.0,557.8382799351383,554.9981200705529,555.1723429633257,963.6504891436414,588.2508352535242,601.8863810608151,584.4383346677712,595.8943521477459,592.1328130732615,8845.180687466109,82.15637936845573,82.15637936845573,132.0,0.0,132.0,132.0,16.0,19.0,16.0,12.0,16.0,12.0,21.0,10.0,1.0,0.0,1795.3529941740458,0.0,0.0,0.0,0.0,0.0,0.0,0.0,0.0,0.0,0.0,82.15637936845573,82.15637936845573,0.34,0.7665752934136356,0.36028137401965956,82.15637936845573,0.3542647819438875,0.0,0.005375333333333334 
 03/15  08:40:00,8.873333333333333,78.0,6.8533333333333339,100.5,224.0,0.0,0.0,1.0,2.0,0.0,0.0,0.0,0.0,0.0,0.0,4437.0,0.0,178.17303065152323,41.36173175097682,105.98836290720816,5.342607757843709,142.19991476166906,0.0,41.3617317509768,56.54462313310272,0.0,0.0,20.93003899538541,-1429.4371057074955,19.955973425850716,493.26031549463866,20.75233905465395,-1387.170051906528,19.817387411425789,584.495063779937,16.487021562638586,23.14838411173008,19.191770227301704,-79.98221765050062,17.73724506771069,69.87028541397152,18.253260883581814,-102.29104239315373,16.843737913461056,-290.46227395091565,1047.8947783718068,1089.1279671467592,0.0,0.0,0.0,0.0,0.0,0.0,0.0,0.0,0.0,0.0,0.0,0.0,0.0,0.0,0.0,0.0,0.0,0.0,0.0,0.0,0.0,0.0,1.0932189797589172,0.33370542727683769,410.657255738535,490.4772070973092,10544.543511868626,0.2767714027482469,0.04224227758672889,289.462761042194,346.8161742061451,6897.118059451572,1.0001872008004909,0.1889998489796851,380.0348514698036,453.8712950966308,9775.145138786856,0.2872979531101159,0.0542891067857363,321.1703871717495,385.0200793512727,7542.981807510563,0.0,0.0,11.26158115173832,13.68845944114717,177.03315885056765,0.0,0.0,17.339544244800146,20.84847746847819,378.98457879763017,0.0,0.0,253.69460379666709,306.74984469909369,4759.498745550649,0.0,0.0,26.76116335091845,32.17873947834077,573.6714429726362,0.0,0.0,200.36374395517854,243.6216548438635,3112.6212115325417,39.71013918667445,27.23603510745855,603.6980620143694,725.7090601140278,14068.116242919965,0.0,0.0,204.5191333869521,249.35922641081587,2854.868361716095,1838.6613035950605,21.58942402531935,36.67823468343661,22.000000000000055,30.000000000000076,0.0,20.656399075453245,38.65579808428641,16.00000000000004,30.000000000000076,1810.6278421789594,21.51108477451354,36.688144108726429,21.444444444444497,30.000000000000076,0.0,20.469457562486306,39.46039425269515,16.00000000000004,30.000000000000076,0.0,16.528462717761884,49.27113937456609,12.000000000000032,30.000000000000076,1181.4936431889192,19.614321407584943,41.82450223850204,19.77777777777783,30.000000000000076,0.0,18.062048676044463,45.07637844541275,10.000000000000025,30.000000000000076,1316.3857731980207,19.217012994821137,42.420527526277918,20.700000000000054,30.000000000000076,0.0,16.436322594871244,49.75304301307814,12.000000000000032,30.000000000000076,0.0,19.654318511144465,0.0,0.0,0.0,15.63257115589984,0.0,0.0,614.4731400026883,604.7265174346218,603.0142877407757,626.0701596226663,589.5723777811936,675.2017100612083,597.5843971586546,644.5349912154867,593.2192227988073,10199.504574994517,81.26076237137898,84.33631363265107,60.00000000000015,0.0,60.00000000000015,60.00000000000015,16.0,16.0,19.0,12.0,19.7,12.0,21.0,10.0,1.0,0.0,1838.6613035950605,0.0,1810.6278421789594,0.0,1181.4936431889192,0.0,1316.3857731980207,0.0,4654.506304288359,2792703.782573007,3652014.1076032507,81.26076237137898,84.38854670319697,0.3440390990318347,0.7674088166429566,0.36028137401966056,84.38854670319697,0.3542647819438884,3652014.1076032507,0.19234473359536903 
 03/15  08:50:00,8.976666666666667,77.5,7.151666666666667,109.0,235.0,0.0,0.0,1.0,2.0,0.0,0.0,0.0,0.0,0.0,0.0,1479.0,0.0,209.13337526716959,44.7192111789883,114.59183766980311,6.2709553341614658,166.9092177786263,0.0,44.71921117898828,61.134552057671289,0.0,0.0,20.956743883608476,-1360.7144018688776,20.038201581633467,390.9165152317695,20.845242125374197,-1242.8639849645986,19.95171948575797,385.3620068517323,16.490597277662354,22.98317119470255,19.155156855132494,-82.44213643697882,17.68508431912461,56.72053478012099,19.271987743720787,-287.5884651812897,16.77308767638265,-217.06676096601363,1045.8157033885796,1127.3618531566836,0.0,0.0,0.0,0.0,0.0,0.0,0.0,0.0,0.0,0.0,0.0,0.0,0.0,0.0,0.0,0.0,0.0,0.0,0.0,0.0,0.0,0.0,1.0658782763036006,0.3253596692013435,419.50064827402346,500.6451395311746,10707.339229798941,0.2575663908828553,0.03931110971960555,264.2638832742399,316.32921417029527,6284.74647374452,1.0072944323794087,0.1903428632614153,395.40035791655949,471.4935473878278,10092.734198720336,0.27667082607930607,0.05228095730901477,246.6486498832628,295.1272942212174,5862.11131882822,0.0,0.0,11.231303015098768,13.639000084020788,174.36021876125268,0.0,0.0,17.291386727659775,20.765708829528636,375.14485813135766,0.0,0.0,254.17511324765,307.12608661479876,4668.307956522512,0.0,0.0,43.22264194635441,51.64497092915319,1053.1901412638472,0.0,0.0,208.27137039093533,253.02628734342179,3168.301748002033,40.22614771641084,27.589950422778388,579.910776651074,696.4647278327537,13485.304667307199,0.0,0.0,214.27976147072929,260.7308607589562,3068.852922421035,1754.8077279471436,21.68373999063257,36.39645287672184,22.000000000000019,30.00000000000002,0.0,20.741783269170705,38.605107955305168,16.000000000000015,30.00000000000002,2073.8826632778739,21.56689798217417,36.72672697671559,21.666666666666687,30.00000000000002,0.0,20.643316242205377,38.71951827642942,16.000000000000015,30.00000000000002,0.0,16.53532389707645,49.46617550938193,12.00000000000001,30.00000000000002,0.0,19.660083845528925,43.515291976335209,19.000000000000015,30.00000000000002,0.0,17.966644529724129,45.479157012237759,10.000000000000007,30.00000000000002,1272.7034860787497,20.978294036330504,38.58596291448946,20.700000000000015,30.00000000000002,0.0,16.378679046339113,50.23980512758345,12.00000000000001,30.00000000000002,0.0,19.713687774167604,0.0,0.0,0.0,15.917157824993833,0.0,0.0,609.2067881960614,613.2940391076918,610.6010926981231,606.0724483438248,594.7367641723083,782.564903696109,602.8061537035084,666.8365689638806,605.1824890157404,9267.145001551171,81.87725861370338,84.24140946227959,60.00000000000004,0.0,60.00000000000004,60.00000000000004,16.0,16.0,19.0,12.0,19.7,12.0,21.0,10.0,1.0,0.0,1754.8077279471436,0.0,2073.8826632778739,0.0,0.0,0.0,1272.7034860787497,0.0,3577.7922171568177,2146675.330294089,2777678.9052909074,81.87725861370338,84.2815605921306,0.3459264072385607,0.7684747979816237,0.3602813740196598,84.2815605921306,0.3542647819438878,2777678.9052909074,0.1468593030751272 
 03/15  09:00:00,9.08,77.0,7.45,117.5,246.0,0.0,0.0,1.0,2.0,0.0,0.0,0.0,0.0,0.0,0.0,2961.0,0.0,247.08320806473584,48.0562779043916,123.1430080577239,7.40887933063104,197.19675702276659,0.0,48.05627790439158,65.69657527019044,0.0,0.0,20.832284193173444,-728.4157051146639,20.018121231687056,308.28086360545867,20.887649221487999,-1542.2604053704209,20.018045694085524,364.6118938422744,16.49309262700473,20.94157929624989,19.011629282187469,-72.08215773010454,17.622590804758617,78.82969961202272,18.9671045413576,-238.18247657012518,16.77301698779464,-150.97171244165987,1012.4956495923375,1014.4979121189583,0.0,0.0,0.0,0.0,0.0,0.0,0.0,0.0,0.0,0.0,0.0,0.0,0.0,0.0,0.0,0.0,0.0,0.0,0.0,0.0,0.0,0.0,1.06918021271351,0.32636758629838477,313.69208720687149,374.95631360149187,7776.889842520147,0.25690868790456936,0.03921072770216255,241.05442829146268,288.7956774379183,5634.911669575672,0.909916744027109,0.17194193953649057,376.53260271145259,449.44035705404738,9546.074737234178,0.24688608078733838,0.046652698561477318,273.36527405777488,327.38389365388749,6437.4972322094149,0.0,0.0,10.966728744903954,13.32717084888567,167.99138817704378,0.0,0.0,16.656922394413109,20.035250593549827,348.85416101869756,0.0,0.0,238.41320884210576,288.4217053770216,4277.455495515942,0.0,0.0,46.536643180567349,55.83497489198022,1056.6216857953837,0.0,0.0,195.8526693123956,238.10865275787729,2958.4057870584058,40.70846230733483,27.920756040696007,507.23107538867137,609.6658858676434,11760.524995831487,0.0,0.0,202.14636429860898,246.14435044885745,2875.031666826708,860.2829887564694,21.30127470013734,37.060827409805778,21.499999999999969,29.999999999999959,0.0,20.63653242899968,38.72364806506288,15.999999999999977,29.999999999999959,1912.504636407452,21.585302958259115,36.426984091175217,21.499999999999969,29.999999999999959,0.0,20.718373372712393,38.47323921560267,15.999999999999977,29.999999999999959,0.0,16.53868127568435,49.63502303531344,11.999999999999983,29.999999999999959,0.0,19.38539680432974,45.327241025440638,18.99999999999997,29.999999999999959,0.0,17.858724298497767,45.97996609673654,9.999999999999986,29.999999999999959,208.45517537979854,20.261594186655829,40.53749989611865,19.69999999999997,29.999999999999959,0.0,16.432699468069008,50.437165388379579,11.999999999999983,29.999999999999959,0.0,19.635425636953028,0.0,0.0,0.0,15.973190626870484,0.0,0.0,593.8549137745453,603.3876546546642,592.6262843357401,598.3913487100573,600.2180735444227,840.6853178390489,609.8659803604746,664.8625242414695,619.3461705107213,7129.118850573086,81.05813385929602,83.4778716354516,59.999999999999918,0.0,59.999999999999918,59.999999999999918,16.0,16.0,19.0,12.0,19.7,12.0,21.0,10.0,1.0,0.0,860.2829887564694,0.0,1912.504636407452,0.0,0.0,0.0,208.45517537979854,0.0,3661.8093123110477,2197085.5873866316,2843422.938089598,81.05813385929602,83.51896681586887,0.23539364374370146,0.4876792341702097,0.2401875826797727,83.51896681586887,0.23617652129592468,2843422.938089598,0.1502579927806591 
 03/15  09:10:00,9.218333333333334,76.33333333333334,7.313333333333334,126.0,257.0,0.0,0.0,0.0,0.0,0.0,0.0,0.0,0.0,0.0,0.0,3458.0,0.0,292.0617542597394,51.371570965425338,131.63838643967282,8.757555859072307,233.09383731572496,0.0,51.37157096542531,70.22883223275139,0.0,0.0,20.385100788371596,-339.9123364671092,19.99008074191451,122.2692685187223,20.38629978087711,-735.4286217804472,19.989254954702028,70.8302293560342,16.49562718964639,19.25203258534755,18.806028781051539,-170.61189662053247,17.66112314047005,83.32692927703178,18.40629174870353,-122.45398689408724,16.768816531747459,-169.48297184872482,719.5801468927051,928.8924995736353,0.0,0.0,0.0,0.0,0.0,0.0,0.0,0.0,0.0,0.0,0.0,0.0,0.0,0.0,0.0,0.0,0.0,0.0,0.0,0.0,0.0,0.0,1.0405266070780024,0.31762106443162466,216.35525575409,259.37612052408908,5106.805625917824,0.22452411845499768,0.03426802784722187,147.56613280182095,177.17915757825575,3387.9415127379468,0.9417778196583526,0.17796255095584904,235.9103340645059,282.74189042060956,5634.06945020137,0.20831342264760914,0.03936383647914003,144.23472821361325,173.1196188758434,3350.6118276193667,0.0,0.0,10.037421268051169,12.200830950408238,150.96214193907893,0.0,0.0,69.84883700917874,84.1732498544401,1390.9066158205588,0.0,0.0,290.86696068553928,351.80468102389309,5182.85680260872,0.0,0.0,35.46232044461294,42.693058622237149,731.5542821981206,0.0,0.0,193.10953297581177,234.7640671105891,2870.642302923337,40.07321988548807,27.48506164985466,286.14225137665547,344.9421593248952,6696.928215098198,0.0,0.0,198.56724215480714,241.83692366400707,2747.493705740361,0.0,20.72445812308528,38.3257639281665,21.999999999999998,29.999999999999994,0.0,20.50922589839273,38.92734532009384,16.0,29.999999999999994,0.0,20.824643052436806,37.99256487501907,21.57142857142857,29.999999999999994,0.0,20.613059243579334,38.61264504598316,16.0,29.999999999999994,0.0,16.54138530578287,49.91980175097009,12.0,29.999999999999994,0.0,18.99277711153382,44.433566219778139,16.0,29.999999999999994,0.0,17.938736957596335,46.33786606827563,10.0,29.999999999999994,0.0,19.32577340414365,42.64102928294252,12.0,29.999999999999994,0.0,16.453752144385097,50.766898021340619,12.0,29.999999999999994,0.0,18.837712221456394,0.0,0.0,0.0,15.924647938306519,0.0,0.0,587.0937736957645,594.9985975165424,578.3616264661629,589.5217415106439,611.5527310021273,709.8127831061096,640.7768710981894,647.1247222491198,635.1399066371694,0.0,79.47304207433666,79.47304207433666,59.999999999999989,0.0,59.999999999999989,59.999999999999989,16.0,16.0,16.0,12.0,12.0,12.0,21.0,10.0,0.0,0.0,0.0,0.0,0.0,0.0,0.0,0.0,0.0,0.0,0.0,0.0,0.0,79.47304207433666,79.47304207433666,0.0,0.0,0.0,79.47304207433666,0.0,0.0,0.0023799999999999999 
 03/15  09:20:00,9.356666666666668,75.66666666666667,7.176666666666668,134.5,268.0,0.0,0.0,0.0,0.0,0.0,0.0,0.0,0.0,0.0,0.0,1976.0,0.0,343.79096719595887,54.663708893676268,140.07443262784359,10.308647799893354,274.37855230231505,0.0,54.66370889367624,74.72943437329755,0.0,0.0,19.891361348370947,-148.85393390236926,19.80411147397497,-124.92077439871616,19.89612928882986,-181.92080218758418,19.699782828943435,-106.24550944333352,16.496861616035408,15.510600839225433,18.624601289563665,-119.34122854889393,17.57305031664363,31.194134031931755,17.90966868422094,-53.23061103594753,16.75601305849611,-172.62555305544016,538.0996956972003,793.3959335667066,0.0,0.0,0.0,0.0,0.0,0.0,0.0,0.0,0.0,0.0,0.0,0.0,0.0,0.0,0.0,0.0,0.0,0.0,0.0,0.0,0.0,0.0,0.9666541017602941,0.29507145963378947,137.37800776446279,165.06220104716273,2983.5192059073058,0.18012676250024768,0.027491874618474925,89.34915463229021,107.36177514096679,1956.789146314445,0.9221206033708949,0.1742480354064428,106.60219662309751,128.1771254717129,2332.6288531765296,0.17850747480270166,0.03373157120232457,81.85827604066469,98.37785380993422,1789.7535929150709,0.0,0.0,9.031233847528572,10.971409758229467,133.2805067004856,0.0,0.0,61.53826064058703,74.20941247145139,1167.4249059418774,0.0,0.0,270.1573963781421,326.78097986183527,4653.426071730402,0.0,0.0,25.777534477636779,31.1171542686524,478.5054628013337,0.0,0.0,179.30707217268754,217.88686879865578,2614.327421233269,39.20054933631596,26.886522178543193,148.53927467554917,179.5393558411597,3442.0056802097089,0.0,0.0,183.5414024111698,223.4987626884056,2459.6140975971695,0.0,19.964144288578106,40.10552883693626,22.0,30.0,0.0,20.08645534314358,39.74683246550441,16.0,30.0,0.0,20.03498687023628,39.74016704162106,22.0,30.0,0.0,20.057058135405119,39.87064847708827,16.0,30.0,0.0,16.541131369077236,50.18340494160046,12.0,30.0,0.0,18.66366271361205,44.34318693151971,16.0,30.0,0.0,17.779819596738546,46.64567425252523,10.0,30.0,0.0,18.4324911790763,44.892559517799188,12.0,30.0,0.0,16.45219980238912,50.87532954912431,12.0,30.0,0.0,17.83844578175445,0.0,0.0,0.0,15.845886667835768,0.0,0.0,582.3151777399564,577.6053814341883,566.7615693214184,581.7434488857166,621.9699809116766,644.4056041349603,629.4258021686218,637.6728281385756,638.3729052010515,0.0,79.47304207433668,79.47304207433668,60.0,0.0,60.0,60.0,16.0,16.0,16.0,12.0,12.0,12.0,21.0,10.0,0.0,0.0,0.0,0.0,0.0,0.0,0.0,0.0,0.0,0.0,0.0,0.0,0.0,79.47304207433668,79.47304207433668,0.0,0.0,0.0,79.47304207433668,0.0,0.0,0.0023533333333333337 
 03/15  09:30:00,9.495000000000001,75.0,7.04,143.0,279.0,0.0,0.0,0.0,0.0,0.0,0.0,0.0,0.0,0.0,0.0,3458.0,0.0,401.76303519651426,57.931298114844967,148.44757540512806,12.04692864905569,320.6456226989585,0.0,57.931298114844938,79.19647657010812,0.0,0.0,19.62273155017271,-72.00121247436346,19.60851147189718,-260.5153735219646,19.646531943279365,-255.3211782846196,19.462697639676809,-152.89527447130789,16.496517344230037,12.198723245494368,18.539383677700124,-111.03671843622255,17.492696845110247,13.256522952203718,17.627227541782767,-27.48741768227269,16.73575426933383,-182.27560839505905,444.49762510111659,667.9966366956519,0.0,0.0,0.0,0.0,0.0,0.0,0.0,0.0,0.0,0.0,0.0,0.0,0.0,0.0,0.0,0.0,0.0,0.0,0.0,0.0,0.0,0.0,0.8808624526871345,0.26888353256628008,120.45732637219135,144.9298983304467,2492.687010296247,0.16239558234669039,0.024785650541314133,62.74517481627445,75.47151574002553,1299.8365207022285,0.8400171038467346,0.15873339074957183,90.22499466118258,108.52012592788637,1878.3271062870077,0.1634224753826351,0.030881042211382254,63.43031507989654,76.28730250805923,1309.2987420282753,0.0,0.0,8.421021946672269,10.23473377505065,121.82800945818907,0.0,0.0,58.37393489949502,70.46632606232001,1071.6648978416773,0.0,0.0,252.45434880110299,305.6610247981521,4208.445467966343,0.0,0.0,18.717295839328889,22.640203265108608,324.30894508129196,0.0,0.0,164.0565457590309,199.46349693754196,2339.5080004211638,38.45551076158994,26.37552178435522,109.62363113082947,132.75698080354747,2466.452596221239,0.0,0.0,167.10230471772509,203.63649671883503,2164.7418124357066,0.0,19.614253449352114,40.77644237503613,21.999999999999976,29.999999999999969,0.0,19.681121827571816,40.39838077479422,15.999999999999983,29.999999999999969,0.0,19.67675508838615,40.40295393551396,21.999999999999976,29.999999999999969,0.0,19.646143564535099,40.731902827191138,15.999999999999983,29.999999999999969,0.0,16.537897370835105,50.26945009632419,11.999999999999986,29.999999999999969,0.0,18.498497781849435,44.563433761878709,15.999999999999983,29.999999999999969,0.0,17.644129110046977,46.84044747582499,9.99999999999999,29.999999999999969,0.0,17.966479165899285,46.13432921563633,11.999999999999986,29.999999999999969,0.0,16.43430948665907,50.775601012678539,11.999999999999986,29.999999999999969,0.0,17.533094790018106,0.0,0.0,0.0,15.768246465866316,0.0,0.0,565.3240611058648,548.3809794516328,547.6954760475665,568.04016481804,623.3839619247422,627.5307170630556,614.927940207082,631.5233460553307,627.9590466869476,0.0,79.4730420743366,79.4730420743366,59.999999999999939,0.0,59.999999999999939,59.999999999999939,16.0,16.0,16.0,12.0,12.0,12.0,21.0,10.0,0.0,0.0,0.0,0.0,0.0,0.0,0.0,0.0,0.0,0.0,0.0,0.0,0.0,79.4730420743366,79.4730420743366,0.0,0.0,0.0,79.4730420743366,0.0,0.0,0.0023266666666666667 
 03/15  09:40:00,9.633333333333333,74.33333333333333,6.903333333333334,146.83333333333335,276.5,0.0,0.0,0.0,0.0,0.0,0.0,0.0,0.0,0.0,0.0,988.0,0.0,448.5634181077665,59.34312654641113,152.06536007138315,13.450221355383997,357.9965748492883,0.0,59.3431265464111,81.12655307348428,0.0,0.0,19.311820965462546,-219.45225538093747,19.45826799343466,-117.91894954383194,19.43196211089953,-98.2877705452268,19.247535105134298,-133.16995325066666,16.495675237999828,11.35234319979875,18.482535802429298,-102.05421034537059,17.436424747677394,28.54658829834715,17.40247347223343,-13.877682688273092,16.71625742347625,-166.73642104229334,374.50554134426639,608.9011948167979,0.0,0.0,0.0,0.0,0.0,0.0,0.0,0.0,0.0,0.0,0.0,0.0,0.0,0.0,0.0,0.0,0.0,0.0,0.0,0.0,0.0,0.0,0.8378752549163357,0.25576167732488877,129.8393916292155,156.14209972699156,2521.714355398837,0.1569506171994577,0.023954611904679125,53.604588918807468,64.43577917836244,1064.6806457776018,0.8015557463223696,0.1514655605295483,65.7776848119363,78.99840097634984,1317.6320881916605,0.15623995371742806,0.029523800778047613,29.95427274675684,35.95579658064341,586.1624500961524,0.0,0.0,8.224148258469992,9.978862319925377,116.6400776670998,0.0,0.0,57.51306880898788,69.341961545919,1026.57842502029,0.0,0.0,247.03462068032042,298.69104745062688,4007.2213959333405,0.0,0.0,15.95373838813545,19.289818796392426,260.70374528338,0.0,0.0,159.1502665710174,193.18545563658456,2219.674670476221,37.93246313249401,26.016778554522639,90.5153878135458,109.43577663059617,2041.8341063934573,0.0,0.0,161.68789114163719,196.684791168422,2060.8816891520457,0.0,19.148885113909917,41.67847886131149,21.999999999999994,29.99999999999999,0.0,19.394642910119605,40.994434958921718,15.999999999999995,29.99999999999999,0.0,19.384362907814038,41.10261812073729,21.999999999999994,29.99999999999999,0.0,19.291706784095895,41.467590134698379,15.999999999999995,29.99999999999999,0.0,16.535454014944628,50.26941002479522,11.999999999999997,29.99999999999999,0.0,18.380836969175879,44.73425429482198,15.999999999999995,29.99999999999999,0.0,17.5584481991231,46.9932004233801,9.999999999999997,29.99999999999999,0.0,17.612981402678409,47.049748348154697,11.999999999999997,29.99999999999999,0.0,16.417754049776627,50.699358427572018,11.999999999999997,29.99999999999999,0.0,17.38485683827369,0.0,0.0,0.0,15.804738726393478,0.0,0.0,541.3537943566649,537.8266080957469,544.1655608200399,554.0221566078603,620.1899090505992,615.9808060631797,607.8268560400059,622.9866662839363,619.5580964735175,0.0,79.47304207433665,79.47304207433665,59.99999999999998,0.0,59.99999999999998,59.99999999999998,16.0,16.0,16.0,12.0,12.0,12.0,21.0,10.0,0.0,0.0,0.0,0.0,0.0,0.0,0.0,0.0,0.0,0.0,0.0,0.0,0.0,79.47304207433665,79.47304207433665,0.0,0.0,0.0,79.47304207433665,0.0,0.0,0.0023 
 03/15  09:50:00,9.771666666666669,73.66666666666667,6.766666666666667,150.66666666666667,274.0,0.0,0.0,0.0,0.0,0.0,0.0,0.0,0.0,0.0,0.0,1976.0,0.0,496.3060066849239,60.717171516944677,155.5863243560813,14.881765253037625,396.0994870855741,0.0,60.717171516944649,83.00497672108506,0.0,0.0,19.158695274950945,27.68961296083296,19.352807545596805,-330.9482924593684,19.24150468497678,-240.452709807921,19.11831900968764,-97.68831103467255,16.495451546902716,9.528183142650477,18.466672102381364,-107.54179811151221,17.375662308033687,5.0454978768907499,17.273029025407817,-8.763987644514345,16.712801941062865,-151.9832968417329,457.2119964299634,521.5951089225221,0.0,0.0,0.0,0.0,0.0,0.0,0.0,0.0,0.0,0.0,0.0,0.0,0.0,0.0,0.0,0.0,0.0,0.0,0.0,0.0,0.0,0.0,0.7662916564193155,0.23391076203275813,186.52827386507347,224.85320483099427,3519.1457391417018,0.13386102746956386,0.020430559748101933,112.45183104842525,135.4509012544986,2149.1417483325506,0.7210391792285219,0.13625078972572228,106.86954535055021,128.78109369481732,2041.4539073208158,0.13923179505743814,0.026309863011609613,64.20910759076003,77.33404570091344,1219.5072012444758,0.0,0.0,7.784734691852752,9.456584830681895,108.17130515169456,0.0,0.0,57.13035928218454,68.97070171297725,997.9093764194468,0.0,0.0,232.84612052355176,281.9650920994365,3667.5055804870059,0.0,0.0,12.106702191785399,14.663339334065166,190.10836093703726,0.0,0.0,147.50603183429113,179.2647387018502,2018.2719869985552,37.30958596098104,25.589565130988377,173.80801522997514,210.40550831923174,3446.3480207631557,0.0,0.0,149.39584947297849,181.95235882188178,1862.8181772817489,0.0,19.025160460151086,41.92869611090031,22.0,30.0,0.0,19.163677017048813,41.42597371344417,16.0,30.0,0.0,19.112276602790588,41.620031652098798,22.0,30.0,0.0,19.102094653373418,41.80362023514642,16.0,30.0,0.0,16.534599946266274,50.22426588614351,12.0,30.0,0.0,18.33163807072038,44.74071997088553,16.0,30.0,0.0,17.465071370290536,47.07011568442886,10.0,30.0,0.0,17.438146261805483,47.485160498604418,12.0,30.0,0.0,16.42851492812341,50.50554294913899,12.0,30.0,0.0,17.72066570533869,0.0,0.0,0.0,15.80900086590895,0.0,0.0,535.8035580563649,524.5223883356546,529.2614584278067,541.5783790345589,615.8154391335077,606.2572526625446,593.670798279216,616.9632813663632,609.1789825141009,0.0,79.47304207433668,79.47304207433668,60.0,0.0,60.0,60.0,16.0,16.0,16.0,12.0,12.0,12.0,21.0,10.0,0.0,0.0,0.0,0.0,0.0,0.0,0.0,0.0,0.0,0.0,0.0,0.0,0.0,79.47304207433668,79.47304207433668,0.0,0.0,0.0,79.47304207433668,0.0,0.0,0.0022866666666666666 
 03/15  10:00:00,9.91,73.0,6.63,154.5,271.5,0.0,0.0,0.0,0.0,0.0,0.0,0.0,0.0,0.0,0.0,988.0,0.0,544.2039909590324,62.055382428072309,159.01546348035925,16.317968257736493,434.3264150809614,0.0,62.05538242807228,84.83441249272754,0.0,0.0,19.05561793160878,-95.59137637826416,19.293748145179675,-131.7592339682619,19.14071028964389,-80.30160014190496,19.036211448704884,-34.25783995861204,16.496114281772408,9.18921404795168,18.462190887993978,-108.84544717045708,17.34880711847211,25.40465834061797,17.15443072884355,-5.032090863614059,16.71276897011785,-142.07235386939784,198.61658479285544,473.0052131357579,0.0,0.0,0.0,0.0,0.0,0.0,0.0,0.0,0.0,0.0,0.0,0.0,0.0,0.0,0.0,0.0,0.0,0.0,0.0,0.0,0.0,0.0,0.7286911003973018,0.2224331808294572,112.39694596828537,135.40722101263445,2081.7586014431155,0.1344361569367828,0.020518338970815447,50.36591135921727,60.73422977286374,933.5827047150502,0.7011030128753324,0.13248356252368344,30.15986594996119,36.36022521211557,570.5343866787827,0.13564838934126584,0.02563272663289225,6.738260194243065,8.10856866297921,126.88269196437223,0.0,0.0,7.763482196066715,9.419965206279919,105.71457429765404,0.0,0.0,57.507823139699869,69.35838721770537,984.407639503667,0.0,0.0,229.45374632870063,277.5648799384844,3536.59092236791,0.0,0.0,10.26374834562597,12.425038289387049,154.95771762403059,0.0,0.0,142.74259199471755,173.26392108971727,1916.8375356208988,36.758095155406667,25.211313549661648,58.30041063615281,70.69302827389989,1412.5625746971203,0.0,0.0,144.18520099446546,175.3653135845696,1774.1565340835696,0.0,18.92182508375236,42.13736584479653,22.0,30.0,0.0,19.04845622581874,41.66644581175106,16.0,30.0,0.0,19.02632899994714,41.83941889319621,22.0,30.0,0.0,18.99412822041949,42.123795463034308,16.0,30.0,0.0,16.535816090404887,50.11857128886285,12.0,30.0,0.0,18.2956291945088,44.69293935549464,16.0,30.0,0.0,17.436102206512176,47.053614089572409,10.0,30.0,0.0,17.27463658289393,47.85675625424854,12.0,30.0,0.0,16.441933710023237,50.31140669275027,12.0,30.0,0.0,16.919751335271579,0.0,0.0,0.0,15.86803111924355,0.0,0.0,530.5345480858538,519.718596152652,528.6928904019001,544.2920508243346,608.0513359392304,595.2276388181444,586.4331785484612,608.5549210978004,599.245188745248,0.0,79.47304207433668,79.47304207433668,60.0,0.0,60.0,60.0,16.0,16.0,16.0,12.0,12.0,12.0,21.0,10.0,0.0,0.0,0.0,0.0,0.0,0.0,0.0,0.0,0.0,0.0,0.0,0.0,0.0,79.47304207433668,79.47304207433668,0.0,0.0,0.0,79.47304207433668,0.0,0.0,0.002273333333333333 
 03/15  10:10:00,10.085,71.83333333333334,6.745,158.33333333333335,269.0,0.0,0.0,0.0,0.0,0.0,0.0,0.0,0.0,0.0,0.0,2470.0,0.0,591.638197090627,63.35962148358242,162.35754923142953,17.740264767112558,472.1832030532231,0.0,63.359621483582397,86.61740616217301,0.0,0.0,18.964293261174157,-10.414099638415884,19.270310148130585,-293.36236504018958,19.042026903575175,-186.8930635468695,18.976319543625828,-92.41214386362111,16.497890585295239,8.9234798992842,18.476130738454779,-109.68084108934582,17.329887876024075,23.33364166273532,17.073992678710597,-4.939860459509731,16.72072849461402,-120.82175030040506,365.47138639582928,426.5097768371294,0.0,0.0,0.0,0.0,0.0,0.0,0.0,0.0,0.0,0.0,0.0,0.0,0.0,0.0,0.0,0.0,0.0,0.0,0.0,0.0,0.0,0.0,0.6866179461328557,0.20959033764739186,150.26886021370886,181.22692638312715,2690.3428654453866,0.12325261144810472,0.018811448633715617,88.33025861602805,106.4667301346824,1596.1990270385896,0.6485682800002766,0.1225563643235595,80.53054224096506,97.05471973633138,1456.0549690609315,0.12557630116812266,0.0237294597823361,45.29382051873228,54.557377323591989,813.413148473719,0.0,0.0,7.618847305036924,9.256749936788078,101.03409107560408,0.0,0.0,57.19481627112803,69.07429946571972,957.6860925408669,0.0,0.0,222.67004344195824,269.7366479653798,3344.049352161725,0.0,0.0,7.6081816000746589,9.224166880484836,110.63123617853104,0.0,0.0,136.46254198672586,165.8495077949948,1790.2893719554477,36.89211921792337,25.303236774981749,124.3822352771185,150.6968109042056,2417.1880229246,0.0,0.0,138.0981191783857,168.14669283553836,1667.7997216183813,0.0,18.8546658226026,42.16343326928936,22.0,30.0,0.0,18.9657510449615,41.66340955039083,16.0,30.0,0.0,18.91696012691562,41.975041080178147,22.0,30.0,0.0,18.910972641366138,42.21981507010394,16.0,30.0,0.0,16.53903267607525,50.00865557408783,12.000000000000002,30.0,0.0,18.289331301622569,44.573411717254959,16.0,30.0,0.0,17.419252333129763,46.91159035431902,10.0,30.0,0.0,17.178841284105187,48.06238092650115,12.000000000000002,30.0,0.0,16.4684431076207,50.047493222908297,12.000000000000002,30.0,0.0,17.421957629346954,0.0,0.0,0.0,15.935277238122096,0.0,0.0,519.5936450927932,504.116361580078,517.9827315014557,535.627048845058,601.1964919621729,585.2918402019676,573.1905769834781,602.9337600892966,587.6716268839925,0.0,79.47304207433668,79.47304207433668,60.0,0.0,60.0,60.0,16.0,16.0,16.0,12.0,12.0,12.0,21.0,10.0,0.0,0.0,0.0,0.0,0.0,0.0,0.0,0.0,0.0,0.0,0.0,0.0,0.0,79.47304207433668,79.47304207433668,0.0,0.0,0.0,79.47304207433668,0.0,0.0,0.00226 
 03/15  10:20:00,10.260000000000002,70.66666666666667,6.860000000000001,162.16666666666669,266.5,0.0,0.0,0.0,0.0,0.0,0.0,0.0,0.0,0.0,0.0,494.0,0.0,638.1519332309566,64.63169016000885,165.61719779190737,19.134961116563994,509.3053703036796,0.0,64.6316901600088,88.35642048442169,0.0,0.0,18.895623198730605,-27.673976630107974,19.235457084380525,-230.29276041505546,18.992440938809133,-19.470763206659286,18.845241317246047,-153.52412448731298,16.50202102118622,8.81538857913256,18.503230924110129,-111.65551491074143,17.321802812845204,32.23579469100878,16.977842757915448,-7.533668790744741,16.734207124560755,-123.27973932426358,275.8247038932386,396.1719241771443,0.0,0.0,0.0,0.0,0.0,0.0,0.0,0.0,0.0,0.0,0.0,0.0,0.0,0.0,0.0,0.0,0.0,0.0,0.0,0.0,0.0,0.0,0.6487747056990381,0.19803867695330835,85.93129238542176,103.22874707042554,1504.3076317218607,0.11654928582603815,0.01778835253755161,74.22861025064268,89.1517905272631,1302.5663955468729,0.6318043583663746,0.1193885786784533,55.222693066528837,66.31094998429995,982.4190050867903,0.1210081393705035,0.02286623948800141,52.65750361893633,63.281717136582567,905.4874584726208,0.0,0.0,7.618274622783221,9.22110719481832,98.45774589707081,0.0,0.0,57.25418084267531,68.88621403504871,940.0946299970162,0.0,0.0,220.36699534241814,265.94544021585195,3233.0843511197138,0.0,0.0,7.606994047618671,9.19151491537301,105.89543004817965,0.0,0.0,133.38801064567728,161.48303562730414,1711.7554622194248,36.955454915631438,25.346676896866563,81.38964880821873,98.32476149917565,1675.6755821627865,0.0,0.0,136.50921723079467,165.5384640198305,1624.3379149232456,0.0,18.803496920928077,42.18321417631909,22.0,30.0,0.0,18.877442484263189,41.78241802890785,16.0,30.0,0.0,18.911988543811807,42.11330641264533,22.0,30.0,0.0,18.692883441921859,42.43197447408864,16.0,30.0,0.0,16.546541488491827,49.783979907151458,12.0,30.0,0.0,18.301393481129329,44.32145894449248,16.0,30.0,0.0,17.421151750611416,46.7635430172282,10.0,30.0,0.0,17.044791678072714,48.30643337343554,12.0,30.0,0.0,16.501184907467335,49.73458705794346,12.0,30.0,0.0,17.193194586895524,0.0,0.0,0.0,16.022642182689997,0.0,0.0,512.5727088983628,497.8593080447946,528.4715389412187,509.8482035722451,587.634839587738,569.4842375784288,563.6849918737836,591.8639704285814,574.1090543836541,0.0,79.47304207433668,79.47304207433668,60.0,0.0,60.0,60.0,16.0,16.0,16.0,12.0,12.0,12.0,21.0,10.0,0.0,0.0,0.0,0.0,0.0,0.0,0.0,0.0,0.0,0.0,0.0,0.0,0.0,79.47304207433668,79.47304207433668,0.0,0.0,0.0,79.47304207433668,0.0,0.0,0.0022433333333333335 
 03/15  10:30:00,10.435,69.5,6.975,166.0,264.0,0.0,0.0,0.0,0.0,0.0,0.0,0.0,0.0,0.0,0.0,1482.0,0.0,683.4327000599495,65.87334399692745,168.7989076390466,20.492687179354968,545.4435146002958,0.0,65.8733439969274,90.05385541516961,0.0,0.0,18.81869178735534,-46.03124315117291,19.246227660516678,-249.5474770862014,18.83396561950897,-227.44523677328733,18.81561398943456,-65.63653149829571,16.505543829044858,9.159824086590984,18.536814170298613,-112.11685204192072,17.314918812539959,34.24812538287034,16.916871259180135,-17.813644336330407,16.749088662519659,-87.73653176300677,400.98317303822457,372.99817574881146,0.0,0.0,0.0,0.0,0.0,0.0,0.0,0.0,0.0,0.0,0.0,0.0,0.0,0.0,0.0,0.0,0.0,0.0,0.0,0.0,0.0,0.0,0.5938283895942675,0.1812662971899473,146.933918028061,177.07319703353867,2486.9468119171867,0.10018133768554169,0.015290191954447752,96.01205093381813,115.57821673448703,1645.210169935755,0.6105597864025872,0.11537410929754105,155.28727063317033,187.37046778152055,2606.053824835557,0.12489829755035939,0.023601341184875156,100.75667120728864,121.53969143806333,1694.3104970446089,0.0,0.0,7.548223083392699,9.163976789009484,94.88069884172332,0.0,0.0,57.817199326696037,69.76757137948849,930.322736723484,0.0,0.0,218.94618961427049,265.0295630033836,3132.7678519392495,0.0,0.0,11.052515705285583,13.396060403173135,148.24703504820745,0.0,0.0,128.59579021026912,156.13801444232764,1612.2591940447424,37.105142118502218,25.449343016805366,189.32493054266798,229.1246300570058,3322.514727978616,0.0,0.0,136.99853476476387,166.58173659301267,1605.148997556387,0.0,18.72950627481462,42.26936495072872,21.999999999999994,29.99999999999999,0.0,18.862732192434817,41.68082969311387,15.999999999999993,29.99999999999999,0.0,18.659782834869558,42.41871482594092,21.999999999999994,29.99999999999999,0.0,18.68722671214461,42.532755216715,15.999999999999993,29.99999999999999,0.0,16.55222582138465,49.673152479451989,11.999999999999995,29.99999999999999,0.0,18.319530650146978,44.18141226214134,15.999999999999993,29.99999999999999,0.0,17.42222606145736,46.61123252751074,9.999999999999997,29.99999999999999,0.0,16.975138424194676,48.40634951338199,11.999999999999995,29.99999999999999,0.0,16.536231376956786,49.48667416944126,11.999999999999995,29.99999999999999,0.0,17.617317063343508,0.0,0.0,0.0,16.113551148429587,0.0,0.0,507.2431583290312,491.86893413795516,505.56124538708829,517.6329392149996,581.6313711037905,563.2779197928571,554.111229291599,584.4088799747178,565.4752891083607,0.0,79.47304207433665,79.47304207433665,59.99999999999998,0.0,59.99999999999998,59.99999999999998,16.0,16.0,16.0,12.0,12.0,12.0,21.0,10.0,0.0,0.0,0.0,0.0,0.0,0.0,0.0,0.0,0.0,0.0,0.0,0.0,0.0,79.47304207433665,79.47304207433665,0.0,0.0,0.0,79.47304207433665,0.0,0.0,0.002226666666666667 
 03/15  10:40:00,10.61,68.33333333333334,7.09,166.83333333333335,287.66666666666665,0.0,0.0,0.0,0.0,0.0,0.0,0.0,0.0,0.0,0.0,988.0,0.0,757.3488364227599,67.10408978221702,171.95274046001968,22.70904058870162,604.4353480416892,0.0,67.10408978221699,91.7363782123494,0.0,0.0,18.766051662343015,-13.534642557344345,19.248832768972539,-280.7931327342977,18.794154400413907,-112.89165575922289,18.785892548218468,-56.98959528909578,16.51384782243587,9.19488054259202,18.594701940185688,-117.10868963584224,17.310957433854634,41.265739940226939,16.84551759917815,-17.132265695170397,16.77693881701461,-79.59165106687468,315.86003322548518,342.9845952009915,0.0,0.0,0.0,0.0,0.0,0.0,0.0,0.0,0.0,0.0,0.0,0.0,0.0,0.0,0.0,0.0,0.0,0.0,0.0,0.0,0.0,0.0,0.5676108208214792,0.1732633763191329,114.43482754966755,137.84361630437503,1892.2719052870603,0.0931779935811714,0.014221305491631784,104.50249644417721,125.8387527324293,1742.4702763227727,0.5751360275489041,0.1086802773146078,97.14630980313388,117.0474341753101,1602.2347618446293,0.11609222688689042,0.021937306667968713,63.62387719269236,76.56921239643842,1044.0404576491413,0.0,0.0,7.543048924701591,9.149560425407554,92.2951803928099,0.0,0.0,58.70705868463483,70.77374740086147,928.3892408569968,0.0,0.0,216.80725107131068,262.2183388646607,3027.425549440667,0.0,0.0,12.745261891964294,15.44070737651133,164.02654333738929,0.0,0.0,124.13142772568972,150.56689648019779,1525.1784030493764,37.202836460809148,25.516348738552244,121.20351141041735,146.6077884183793,2189.48993495537,0.0,0.0,134.41958885509644,163.26628626244367,1549.2030563467188,0.0,18.701523571048499,42.16917440593782,22.000000000000008,30.00000000000001,0.0,18.8050338253206,41.69129308680602,16.000000000000008,30.00000000000001,0.0,18.663807257926814,42.32745150601232,22.000000000000008,30.00000000000001,0.0,18.657620342832386,42.489615231306,16.000000000000008,30.00000000000001,0.0,16.564015132489805,49.49245928763416,12.000000000000004,30.00000000000001,0.0,18.359267576708136,43.94090159929089,16.000000000000008,30.00000000000001,0.0,17.428289612751159,46.48094617291842,10.000000000000004,30.00000000000001,0.0,16.88140322125436,48.51642560530637,12.000000000000004,30.00000000000001,0.0,16.589785004820898,49.20037018137918,12.000000000000004,30.00000000000001,0.0,17.382877222780786,0.0,0.0,0.0,16.196586923730828,0.0,0.0,497.94515435830518,487.26390166067918,503.34969091884019,510.90104647842426,572.4066170154376,554.4512795197614,547.3248161599972,572.746837414793,558.2342566854959,0.0,79.4730420743367,79.4730420743367,60.00000000000002,0.0,60.00000000000002,60.00000000000002,16.0,16.0,16.0,12.0,12.0,12.0,21.0,10.0,0.0,0.0,0.0,0.0,0.0,0.0,0.0,0.0,0.0,0.0,0.0,0.0,0.0,79.4730420743367,79.4730420743367,0.0,0.0,0.0,79.4730420743367,0.0,0.0,0.00221 
 03/15  10:50:00,10.785,67.16666666666666,7.205,167.66666666666669,311.33333333333339,0.0,0.0,0.0,0.0,0.0,0.0,0.0,0.0,0.0,0.0,494.0,0.0,835.590217012541,68.34715702687818,175.13814773439294,25.055084375001763,666.8791131703812,0.0,68.34715702687815,93.43574537863856,0.0,0.0,18.679233593883013,-40.971850215770249,19.285812257202136,-278.3745297512273,18.77503956942101,-19.60412553448532,18.698130736347488,-168.2379118120557,16.526526781410508,9.186577509172196,18.67141473079567,-123.5024910530542,17.31780219860472,45.52902514198104,16.779984190731058,-16.74452744448689,16.804354356226225,-78.70564381820668,337.42337866390519,317.1084763065719,0.0,0.0,0.0,0.0,0.0,0.0,0.0,0.0,0.0,0.0,0.0,0.0,0.0,0.0,0.0,0.0,0.0,0.0,0.0,0.0,0.0,0.0,0.5366656467612182,0.16381735249121436,127.12407564411,152.8043902763173,2028.0263167192457,0.08767644105037007,0.01338163019694293,99.43629993034713,119.44027752488609,1622.2989312954649,0.5550599995719832,0.1048866212343128,148.65286828273646,178.60908997710588,2400.3866937566397,0.10471119005363203,0.01978669502147241,73.54261152966297,88.42558340620383,1157.0213418439058,0.0,0.0,7.554361776954184,9.141250593724651,90.02998894822906,0.0,0.0,59.297196571800309,71.30432341943599,924.1605928498998,0.0,0.0,215.12459051289327,259.5529694316693,2937.975633768476,0.0,0.0,14.591666942338552,17.64397288075736,180.1067047500446,0.0,0.0,119.76873932194288,144.90347788285514,1441.1999440749742,37.342214599564417,25.611944169797277,146.53161968247793,176.817208781045,2511.585441740619,0.0,0.0,132.2077954695432,160.15188008091045,1500.4295765283173,0.0,18.592387325761238,42.293625012822989,22.0,30.0,0.0,18.801978649965425,41.63887671410158,16.0,30.0,0.0,18.69412860762433,42.308122915137449,22.0,30.0,0.0,18.503616578281166,42.54366382038815,16.0,30.0,0.0,16.58246488408381,49.273210703486707,12.0,30.0,0.0,18.42158183581987,43.630527858475009,16.0,30.0,0.0,17.45185885893373,46.29013730854821,10.0,30.0,0.0,16.794638663791255,48.59431937095518,12.0,30.0,0.0,16.640091166866197,48.92335718700128,12.0,30.0,0.0,17.481808977394178,0.0,0.0,0.0,16.285953950058745,0.0,0.0,492.3350051094055,486.83978602541677,506.39952981656816,493.70965730742997,562.3685653791956,545.475753011684,540.375073720168,560.6930845442503,551.1684199026209,0.0,79.47304207433668,79.47304207433668,60.0,0.0,60.0,60.0,16.0,16.0,16.0,12.0,12.0,12.0,21.0,10.0,0.0,0.0,0.0,0.0,0.0,0.0,0.0,0.0,0.0,0.0,0.0,0.0,0.0,79.47304207433668,79.47304207433668,0.0,0.0,0.0,79.47304207433668,0.0,0.0,0.0021699999999999998 
 03/15  11:00:00,10.96,66.0,7.32,168.5,335.0,0.0,0.0,0.0,0.0,0.0,0.0,0.0,0.0,0.0,0.0,988.0,0.0,968.7854405463017,70.52992108755419,180.73147606241143,29.0488903305487,773.1809321535411,0.0,70.52992108755415,96.41974933530294,0.0,0.0,18.652072975841344,-7.6293524763887039,19.346831348817849,-312.8703669972947,18.655808250003365,-168.00027501803698,18.693122233433188,-73.01928235218975,16.542945035426749,9.485980806123337,18.7674962447754,-130.625826300889,17.31873862003614,51.179219873044079,16.74015008305782,-13.450137765463126,16.827638181099958,-53.790022319026778,388.5076465827465,292.0290883992002,0.0,0.0,0.0,0.0,0.0,0.0,0.0,0.0,0.0,0.0,0.0,0.0,0.0,0.0,0.0,0.0,0.0,0.0,0.0,0.0,0.0,0.0,0.4850350318945361,0.1480570915428987,172.40889288006609,207.69989568833484,2688.668556650926,0.06908425803893924,0.010543995427188528,129.8919776609705,156.36906858858215,2070.868427256746,0.5232018574970503,0.09886656415288181,192.68690252679299,232.13673883861419,2966.747206585719,0.10870423278849273,0.0205412382442352,117.15365346872227,141.1994124618841,1808.6716094701665,0.0,0.0,7.5243761951657899,9.124613616837925,87.23068780042013,0.0,0.0,61.401996851035239,73.98309357923319,941.8956143782428,0.0,0.0,213.82513774405596,258.54967415282649,2847.171582298676,0.0,0.0,16.23333036464215,19.674431463781486,193.15451875336249,0.0,0.0,115.75654656059248,140.34672006393485,1360.2570369049127,37.4948977790265,25.716665143365235,233.29509982772067,281.98274012398988,3712.5418311917858,0.0,0.0,130.31871888826158,158.16560558197848,1456.4582485849226,0.0,18.605257952183206,42.18912038408766,22.0,30.0,0.0,18.800253590885924,41.493013408909558,16.0,30.0,0.0,18.502837869679636,42.48340277098417,22.0,30.0,0.0,18.5364101031754,42.53489582587831,16.0,30.0,0.0,16.60170769785141,49.115630458510739,12.0,30.0,0.0,18.480486253636955,43.3689346107888,16.0,30.0,0.0,17.462483859888296,46.137523704581507,10.0,30.0,0.0,16.754333720727787,48.594757241700957,12.0,30.0,0.0,16.680708682530825,48.666606332813277,12.0,30.0,0.0,17.6822708932686,0.0,0.0,0.0,16.380681314387876,0.0,0.0,490.79525495171438,482.50980544119849,492.01071801474589,498.86869019419336,556.7005042015883,539.6583576914126,533.9977269868866,553.2853348033178,543.8173524214101,0.0,79.47304207433668,79.47304207433668,60.0,0.0,60.0,60.0,16.0,16.0,16.0,12.0,12.0,12.0,21.0,10.0,0.0,0.0,0.0,0.0,0.0,0.0,0.0,0.0,0.0,0.0,0.0,0.0,0.0,79.47304207433668,79.47304207433668,0.0,0.0,0.0,79.47304207433668,0.0,0.0,0.00213 
 03/15  11:10:00,11.161666666666669,65.0,7.326666666666667,169.33333333333335,358.6666666666667,0.0,0.0,0.0,0.0,0.0,0.0,0.0,0.0,0.0,0.0,494.0,0.0,1057.5083588298692,71.74452425390634,183.84394678405705,31.709217659613139,843.9898979306736,0.0,71.7445242539063,98.08020394854658,0.0,0.0,18.639689129731779,18.69423859175822,19.409923695520435,-362.37256018528299,18.608609836905886,-122.76663269336086,18.700182356836245,-24.06573932740639,16.565625716226813,9.2952049220047,18.882777091293236,-141.66815409213724,17.328314674112279,53.432533710039937,16.69649003549245,-11.266874407800856,16.86111359087272,-54.571557107548418,336.4618707631016,267.26809180800867,0.0,0.0,0.0,0.0,0.0,0.0,0.0,0.0,0.0,0.0,0.0,0.0,0.0,0.0,0.0,0.0,0.0,0.0,0.0,0.0,0.0,0.0,0.42959611922437748,0.13113434652758777,153.01587834253369,183.88405549607533,2332.7352328413719,0.049938346497625598,0.007621847756047863,147.69049309686086,177.3916186254674,2296.423593309861,0.5045767803289453,0.09534708622995945,69.80786758197185,83.94104887844438,1045.838013869201,0.10412319116865522,0.01967558412106107,75.40001259597497,90.62388182607599,1138.3586604025468,0.0,0.0,7.474790714201602,9.04267338000821,84.07851026765202,0.0,0.0,62.43535146886479,75.0312177424979,944.8719735732631,0.0,0.0,212.3978528324522,256.21402172767668,2751.8475328869706,0.0,0.0,17.08870311256698,20.66860315575229,194.5512528095336,0.0,0.0,112.86554479669046,136.49574955431596,1292.9781932413255,37.200232746166687,25.51456292604026,170.4958921184286,205.6460619632011,2718.393220108449,0.0,0.0,128.72736732919288,155.8173748625937,1412.4180789752302,0.0,18.634946033626595,42.00717177703733,22.0,30.0,0.0,18.807374934895976,41.241121710091878,16.0,30.0,0.0,18.469417772044286,42.27059398685894,22.0,30.0,0.0,18.571484860486597,42.507948544825719,16.0,30.0,0.0,16.633999952301865,48.86178132023526,12.0,30.0,0.0,18.581365886831099,42.969692463204328,16.0,30.0,0.0,17.486809871037346,45.9296698196096,10.0,30.0,0.0,16.701989834951804,48.576765540254957,12.0,30.0,0.0,16.737439445644417,48.360065550128258,12.0,30.0,0.0,17.581835609760544,0.0,0.0,0.0,16.483132382549564,0.0,0.0,487.70019552789946,474.2436238356584,481.2306265748332,502.2040019894352,547.8906539530004,532.2717526283836,527.5032388018237,543.1104163361376,537.0177619380113,0.0,79.47304207433668,79.47304207433668,60.0,0.0,60.0,60.0,16.0,16.0,16.0,12.0,12.0,12.0,21.0,10.0,0.0,0.0,0.0,0.0,0.0,0.0,0.0,0.0,0.0,0.0,0.0,0.0,0.0,79.47304207433668,79.47304207433668,0.0,0.0,0.0,79.47304207433668,0.0,0.0,0.00209 
 03/15  11:20:00,11.363333333333335,64.0,7.333333333333334,170.16666666666667,382.33333333333339,0.0,0.0,0.0,0.0,0.0,0.0,0.0,0.0,0.0,0.0,494.0,0.0,1149.3636097963154,72.96539893797918,186.97248754348935,34.46346628041462,917.2987430851179,0.0,72.96539893797915,99.74923220198798,0.0,0.0,18.5818806992866,-12.305750274373168,19.501802200751294,-349.07630896229878,18.635233316810216,-6.776087813053891,18.62238148565607,-163.20277674355612,16.588369731323838,9.526703696532764,18.99893350424245,-156.2845770526742,17.348072437334566,64.8893622758651,16.666042842880097,-7.295948764723903,16.889547494693603,-41.23596959116412,338.32240162770816,240.55340406513916,0.0,0.0,0.0,0.0,0.0,0.0,0.0,0.0,0.0,0.0,0.0,0.0,0.0,0.0,0.0,0.0,0.0,0.0,0.0,0.0,0.0,0.0,0.40948150078525649,0.12499435310905266,161.23918465625466,193.8139612257445,2368.2477243273,0.04751397284988424,0.00725182735804094,133.42240334501254,160.21423307211303,2035.0982264918997,0.4929274839463341,0.09314578305864216,204.29570158977914,245.53627487543776,3006.059893679027,0.08980731382640062,0.01697039187951636,92.03331464419296,110.68058639730671,1323.329808917021,0.0,0.0,7.586507920938738,9.176639736742642,82.65476853113592,0.0,0.0,64.39487948394631,77.3601162627606,959.5993997745023,0.0,0.0,212.86110996998827,256.7257626632049,2688.5492991734438,0.0,0.0,18.871838568634386,22.82704326779611,205.91340951015463,0.0,0.0,110.00942070271677,133.01606086975083,1225.07601545321,36.96642212033827,25.354198985142856,202.03940444172918,243.63231473369138,3061.531915847799,0.0,0.0,126.72728649544281,153.33758283024788,1364.4004259088768,0.0,18.563886301930365,41.95646373188946,22.0,30.0,0.0,18.865211444479898,41.10652815079796,16.0,30.0,0.0,18.578038329993416,42.319400634041297,22.0,30.0,0.0,18.41986757212752,42.364645620505488,16.0,30.0,0.0,16.66392767330228,48.65077800526691,12.0,30.0,0.0,18.671694297621476,42.6234781707008,16.0,30.0,0.0,17.53022847515582,45.73343606392663,10.0,30.0,0.0,16.6719893408143,48.55551215757245,12.0,30.0,0.0,16.783994045254123,48.13167658784979,12.0,30.0,0.0,17.64861342918775,0.0,0.0,0.0,16.586509294432387,0.0,0.0,478.8291727443938,476.4986170954595,495.1749709087267,480.9594978616258,541.6064385871673,527.2047850290677,523.8504140104634,536.8622825545713,532.54766361725,0.0,79.47304207433668,79.47304207433668,60.0,0.0,60.0,60.0,16.0,16.0,16.0,12.0,12.0,12.0,21.0,10.0,0.0,0.0,0.0,0.0,0.0,0.0,0.0,0.0,0.0,0.0,0.0,0.0,0.0,79.47304207433668,79.47304207433668,0.0,0.0,0.0,79.47304207433668,0.0,0.0,0.00208 
 03/15  11:30:00,11.565000000000002,63.0,7.34,171.0,406.0,0.0,0.0,0.0,0.0,0.0,0.0,0.0,0.0,0.0,0.0,494.0,0.0,1244.0015719171395,74.18849292304677,190.1067141592873,37.30115288708025,992.8284375901139,0.0,74.18849292304673,101.42129440814498,0.0,0.0,18.6036089451504,40.86065230838631,19.571170596317349,-431.25347558177239,18.541455204035917,-144.68861284584,18.664040714264993,-7.812862437684998,16.613948431192904,9.657781589876322,19.126893529081046,-165.82211634676197,17.357642252270197,64.88419657145642,16.642971932214019,-2.6927725436715947,16.9201243183386,-30.14892695588742,343.2543891324658,221.42722905611027,0.0,0.0,0.0,0.0,0.0,0.0,0.0,0.0,0.0,0.0,0.0,0.0,0.0,0.0,0.0,0.0,0.0,0.0,0.0,0.0,0.0,0.0,0.3763743020208557,0.11488837058023679,178.3168744485325,214.26549543654415,2576.547589822043,0.014784978333186693,0.0022565595746621939,174.8778596361064,209.99437515709568,2592.945438060924,0.40323778541493796,0.07619761629156048,130.14003842137667,156.50287431156435,1822.665218934595,0.10195370454706591,0.019265628221289849,136.02307774624883,163.49632684100065,1931.1923152631803,0.0,0.0,7.466660718227297,9.03039063368688,78.75736059895182,0.0,0.0,66.04193221907082,79.30866880779176,970.3459678604523,0.0,0.0,212.35402499522946,256.0916325240168,2602.495469078122,0.0,0.0,19.92834426450836,24.105970093086439,208.42311543174012,0.0,0.0,109.69713830744118,132.6128464348593,1186.8427417293636,36.70975053346852,25.178155372749339,225.45019815019368,271.77319256516338,3293.8022156911608,0.0,0.0,126.86115435634666,153.431245232996,1343.8442208778436,0.0,18.654128419198736,41.71446191417317,22.0,30.0,0.0,18.85955273151545,40.98343968338607,16.0,30.0,0.0,18.424104531037849,42.22038183254478,22.0,30.0,0.0,18.53715677156155,42.43914145676072,16.0,30.0,0.0,16.696886981842078,48.4441083673375,12.0,30.0,0.0,18.773481539483279,42.273504623156579,16.0,30.0,0.0,17.548816676009566,45.55976820160801,10.0,30.0,0.0,16.652515806058326,48.497983986817427,12.0,30.0,0.0,16.831969653829458,47.87877469949671,12.0,30.0,0.0,17.732083261223676,0.0,0.0,0.0,16.70588426500641,0.0,0.0,479.72737726381276,472.03870735761378,476.1501249056769,496.15993051687618,536.1757313989285,522.9463975984912,518.6786541430895,531.2835311760354,527.857217817258,0.0,79.47304207433668,79.47304207433668,60.0,0.0,60.0,60.0,16.0,16.0,16.0,12.0,12.0,12.0,21.0,10.0,0.0,0.0,0.0,0.0,0.0,0.0,0.0,0.0,0.0,0.0,0.0,0.0,0.0,79.47304207433668,79.47304207433668,0.0,0.0,0.0,79.47304207433668,0.0,0.0,0.00207 
 03/15  11:40:00,11.766666666666668,62.0,7.346666666666667,165.5,441.0,0.0,0.0,0.0,0.0,0.0,0.0,0.0,0.0,0.0,0.0,494.0,0.0,1349.268676729034,73.91382763148873,189.4030157059506,40.45754856993541,1076.8411311191915,0.0,73.91382763148869,101.04580613090362,0.0,0.0,18.554823654293103,4.227723912526926,19.705199233827675,-382.42581832888029,18.577159298501987,7.414644188706006,18.608748126888068,-138.03037305941053,16.643440525812566,9.974132085082204,19.266592499333315,-184.00632818296254,17.38856300071107,79.91297178881996,16.626293249162708,2.752840591921995,16.953297819839358,-16.595905705010865,320.19265750067646,194.6435765500928,0.0,0.0,0.0,0.0,0.0,0.0,0.0,0.0,0.0,0.0,0.0,0.0,0.0,0.0,0.0,0.0,0.0,0.0,0.0,0.0,0.0,0.0,0.31860939194917617,0.09725561414810018,181.3745501141219,217.98454768197164,2521.5585050745319,0.009974131225715118,0.0015223033006280705,151.16716372733866,181.4438162986825,2213.5278304852124,0.4611532774400782,0.08714158681785306,227.74318343387464,273.73253768102986,3148.296869053932,0.08383888124026484,0.01584257015122162,93.67452660976652,112.64611286480127,1270.4656554435119,0.0,0.0,7.6351883766764809,9.232772039899772,77.95332005214489,0.0,0.0,68.15224941187282,81.81083458562786,987.8254466789662,0.0,0.0,213.27902611072134,257.1452600606322,2551.832591892818,0.0,0.0,21.277528211068799,25.738091031319866,213.3178619923809,0.0,0.0,106.65698617874112,128.91026442663878,1121.0890006948162,36.471350135142909,25.01464343974137,225.47590378488125,271.80192867382319,3180.9748217846215,0.0,0.0,124.55895329312888,150.5852945258804,1295.839223910319,0.0,18.588649395488038,41.745631671037958,22.0,30.0,0.0,18.97382939650098,40.66384517216301,16.0,30.0,0.0,18.547209980295965,42.17966085538168,22.0,30.0,0.0,18.42372406468054,42.181955724505538,16.0,30.0,0.0,16.734252835995127,48.21877562582246,12.0,30.0,0.0,18.88045657024377,41.88854203017404,16.0,30.0,0.0,17.60955859266302,45.30396072760878,10.0,30.0,0.0,16.642683067871017,48.43183276546297,12.0,30.0,0.0,16.88421822301878,47.63595363028742,12.0,30.0,0.0,17.727770352059659,0.0,0.0,0.0,16.81711979553765,0.0,0.0,475.27726895648495,471.95734963352086,487.36084423349618,476.0021487192745,530.8194247870356,518.0958385587376,515.0799200002084,526.6729329952722,523.8740209659673,0.0,79.47304207433668,79.47304207433668,60.0,0.0,60.0,60.0,16.0,16.0,16.0,12.0,12.0,12.0,21.0,10.0,0.0,0.0,0.0,0.0,0.0,0.0,0.0,0.0,0.0,0.0,0.0,0.0,0.0,79.47304207433668,79.47304207433668,0.0,0.0,0.0,79.47304207433668,0.0,0.0,0.0020599999999999999 
 03/15  11:50:00,11.968333333333334,61.0,7.3533333333333339,160.0,476.0,0.0,0.0,0.0,0.0,0.0,0.0,0.0,0.0,0.0,0.0,494.0,0.0,1457.8938985661762,73.6242753491751,188.6611685333174,43.7146353833833,1163.5338979821236,0.0,73.62427534917507,100.64996620864584,0.0,0.0,18.601045279520457,66.0908897276804,19.80115830172013,-493.65250110227046,18.479005891924655,-148.1660346924,18.64584883639217,-11.347034763569355,16.676507829708738,10.189416205296482,19.421726907878197,-194.98574462355465,17.406014156477516,79.55684404104159,16.615004129591683,8.011783225947056,16.987787252894,-5.736174180353373,341.2189671791966,178.75091908648757,0.0,0.0,0.0,0.0,0.0,0.0,0.0,0.0,0.0,0.0,0.0,0.0,0.0,0.0,0.0,0.0,0.0,0.0,0.0,0.0,0.0,0.0,0.25209074951628326,0.0769507782406237,194.90888627222493,234.13763143518166,2678.3813310138054,0.0,0.0,193.24824468080323,231.9402312921606,2753.9419060017846,0.4142826236566279,0.0782846983478133,111.86223218625776,134.53640596138585,1464.8574745153522,0.09714577807678564,0.01835710092153923,118.2390130929608,142.11933508864036,1578.678158729372,0.0,0.0,7.504195506392892,9.072816891392284,74.1399691743497,0.0,0.0,69.76160740201212,83.70444784624897,999.8128273038091,0.0,0.0,213.6178648544457,257.5212044543475,2479.930925768177,0.0,0.0,22.09633664064917,26.728097497326517,212.27421238094898,0.0,0.0,107.37576019123633,129.75208282494433,1095.6387052123549,36.24624478316535,24.860250194214929,257.407441244557,310.1352475227678,3525.050311129651,0.0,0.0,125.6835165800558,151.87166470827843,1288.6471708788959,0.0,18.71781992709564,41.3737776427695,22.0,30.0,0.0,18.983466780116357,40.523211600121367,16.0,30.0,0.0,18.377195749448164,42.160657105613747,22.0,30.0,0.0,18.524784216129967,42.251932648332168,16.0,30.0,0.0,16.775624705814687,47.98925303477161,12.0,30.0,0.0,19.0054830323119,41.476477172661997,16.0,30.0,0.0,17.637787641973657,45.13060896712508,10.0,30.0,0.0,16.63998970373837,48.324683398394018,12.0,30.0,0.0,16.936759891233327,47.36427359579945,12.0,30.0,0.0,17.864094013467687,0.0,0.0,0.0,16.94782606293956,0.0,0.0,474.59440602326108,468.51918582294726,471.4805700693642,488.4030046810924,526.0188921020483,513.9784880849496,511.2987326626898,521.6950070404861,519.0955180143393,0.0,79.47304207433668,79.47304207433668,60.0,0.0,60.0,60.0,16.0,16.0,16.0,12.0,12.0,12.0,21.0,10.0,0.0,0.0,0.0,0.0,0.0,0.0,0.0,0.0,0.0,0.0,0.0,0.0,0.0,79.47304207433668,79.47304207433668,0.0,0.0,0.0,79.47304207433668,0.0,0.0,0.0020466666666666669 
 03/15  12:00:00,12.17,60.0,7.36,154.5,511.0,0.0,0.0,0.0,0.0,0.0,0.0,0.0,0.0,0.0,0.0,494.0,0.0,1569.3594092168292,73.31237192343004,187.86204528453687,47.05688639150975,1252.4934638152827,0.0,73.31237192342999,100.22357057877083,0.0,0.0,18.560769756122203,26.131734241799678,19.958253706548235,-447.33533959314448,18.53845354539533,33.64469230416762,18.600211424374256,-123.19491556837193,16.713354477106117,10.590642288208017,19.584982903938604,-216.67303563433917,17.44795910626005,96.78550007588729,16.60952572024818,14.393510805392112,17.025194056009956,7.700059331030388,303.48034468720109,154.1459480698104,0.0,0.0,0.0,0.0,0.0,0.0,0.0,0.0,0.0,0.0,0.0,0.0,0.0,0.0,0.0,0.0,0.0,0.0,0.0,0.0,0.0,0.0,0.21415172924646057,0.06536988072236282,212.76244130989003,255.6336140116553,2809.008402219459,0.0,0.0,175.46626185170545,210.49265773205827,2474.9681619182017,0.4665111409838771,0.0881540326878075,269.1747263868983,323.5178325090951,3496.4151153290656,0.08400693406258413,0.015874326164509467,102.34375477570927,123.06102012544823,1304.8716213546284,0.0,0.0,7.709626361949573,9.319454177689919,73.69449987139224,0.0,0.0,72.06508308105139,86.42805272821843,1021.4630033762459,0.0,0.0,215.5836532035118,259.8152132455771,2446.9100705720177,0.0,0.0,23.256937920174857,28.13063433200993,214.06889151896764,0.0,0.0,105.08227530108336,126.95201531825318,1040.8021013151313,36.00827315397571,24.697032341547133,266.91432125492647,321.632419473196,3484.5783924692329,0.0,0.0,124.03610317679623,149.81450018253904,1250.498066714156,0.0,18.65534873009661,41.414020093764637,22.0,30.0,0.0,19.116882824555526,40.16678482244224,16.0,30.0,0.0,18.543450813363216,41.983137040312829,22.0,30.0,0.0,18.429182231283194,42.01115060340867,16.0,30.0,0.0,16.821357023450884,47.74726288924921,12.0,30.0,0.0,19.132888310471779,41.064533426883858,16.0,30.0,0.0,17.714220339567527,44.81842463507333,10.0,30.0,0.0,16.64546370107537,48.206500617427369,12.0,30.0,0.0,16.993327555511188,47.10388425284584,12.0,30.0,0.0,17.819438249650515,0.0,0.0,0.0,17.067967945882996,0.0,0.0,471.10470813179236,468.93247644606699,480.6192413220368,472.12428537617839,521.4436579117137,510.2602670030202,507.3123595908988,517.4220340896059,515.280498349025,0.0,79.47304207433668,79.47304207433668,60.0,0.0,60.0,60.0,16.0,16.0,16.0,12.0,12.0,12.0,21.0,10.0,0.0,0.0,0.0,0.0,0.0,0.0,0.0,0.0,0.0,0.0,0.0,0.0,0.0,79.47304207433668,79.47304207433668,0.0,0.0,0.0,79.47304207433668,0.0,0.0,0.002033333333333333 
 03/15  12:10:00,12.333333333333334,59.33333333333333,7.376666666666667,149.0,546.0,0.0,0.0,0.0,0.0,0.0,0.0,0.0,0.0,0.0,0.0,494.0,0.0,1716.9510687403213,75.0918446960492,192.4219524926648,51.48236045491359,1370.2849029424993,0.0,75.09184469604915,102.65624476923172,0.0,0.0,18.632642301993096,99.12005874530405,20.065683376826848,-594.2302846255207,18.54522238327175,0.6481213116421714,18.63948402487452,-10.083840247792068,16.756851789358934,10.822060399661666,19.77290214445579,-230.30731431191726,17.472857824951914,95.82659174724904,16.608741109045835,20.069786359122078,17.065058489581383,19.14092499504295,277.7815706506344,140.9994523179621,0.0,0.0,0.0,0.0,0.0,0.0,0.0,0.0,0.0,0.0,0.0,0.0,0.0,0.0,0.0,0.0,0.0,0.0,0.0,0.0,0.0,0.0,0.22227609509536004,0.06784984587770453,227.07041086970237,272.6434998852592,2998.713079331641,0.0,0.0,227.15635894635356,272.49388384687605,3123.9577727514158,0.37447571725825437,0.07076260719165807,116.77141025824412,140.32650385595904,1486.7984230194734,0.09297100251484747,0.017568216650575859,121.7720625938268,146.35132947363946,1535.5000521323182,0.0,0.0,7.5599377418579138,9.136204400052778,70.53567209530785,0.0,0.0,73.86984995938119,88.54107971892683,1044.3789153999772,0.0,0.0,216.57487372186899,260.9581053520637,2401.637709571709,0.0,0.0,23.814665430493993,28.802149486626346,211.73626257512727,0.0,0.0,106.78799804848168,128.97780789671735,1034.4110610918672,35.871935143353919,24.603522046196109,189.87223448615928,228.80002177027164,2510.1126424352439,0.0,0.0,126.08571003080057,152.20663469776819,1264.1176115437848,0.0,18.824952793190798,40.947119283643029,22.0,30.0,0.0,19.10685386451098,40.06128526440924,16.0,30.0,0.0,18.572743806317406,41.67129042246633,22.0,30.0,0.0,18.526536436138874,42.04143769528941,16.0,30.0,0.0,16.874201199438379,47.48573467010127,12.0,30.0,0.0,19.28265211084597,40.58892796182731,16.0,30.0,0.0,17.750755129267163,44.631299042691619,10.0,30.0,0.0,16.65618575947357,48.07168964828644,12.0,30.0,0.0,17.0513821442031,46.83365773063471,12.0,30.0,0.0,17.794469763579519,0.0,0.0,0.0,17.20676205441727,0.0,0.0,470.9091684968346,465.46448781560448,473.16232445219449,481.67721736787538,517.1566952976667,506.064784352405,504.2419455663299,513.4450630653951,511.4824688465261,0.0,79.47304207433668,79.47304207433668,60.0,0.0,60.0,60.0,16.0,16.0,16.0,12.0,12.0,12.0,21.0,10.0,0.0,0.0,0.0,0.0,0.0,0.0,0.0,0.0,0.0,0.0,0.0,0.0,0.0,79.47304207433668,79.47304207433668,0.0,0.0,0.0,79.47304207433668,0.0,0.0,0.00202 
 03/15  12:20:00,12.496666666666668,58.66666666666667,7.3933333333333339,143.5,581.0,0.0,0.0,0.0,0.0,0.0,0.0,0.0,0.0,0.0,0.0,494.0,0.0,1834.7841453697138,74.5914280107549,191.13976691836937,55.01553844929036,1464.3263402845678,0.0,74.59142801075487,101.97213722146654,0.0,0.0,18.59856276122226,49.36711975883918,20.241218817846094,-534.0183669401422,18.56940156758854,35.806380302574329,18.668855674544696,-16.43297164696878,16.802817640922478,11.363547382309037,19.9602474639696,-256.8679703606467,17.527759013744814,115.4274430255955,16.612410467106615,26.982650235402845,17.106832715122324,32.38999414243517,256.56705346200308,118.27723958240131,0.0,0.0,0.0,0.0,0.0,0.0,0.0,0.0,0.0,0.0,0.0,0.0,0.0,0.0,0.0,0.0,0.0,0.0,0.0,0.0,0.0,0.0,0.14396253173609209,0.043944606757048868,202.74311975460837,243.47143263513017,2583.661930533528,0.0,0.0,180.0651445182307,215.87977058829305,2468.978543860579,0.41788531068401377,0.07896547820937526,159.36217800099534,191.44778236902116,1996.7736472714303,0.08969574261498599,0.016949308884162126,73.47503465691557,88.28513629368409,910.1150915843589,0.0,0.0,7.869615535305027,9.507938814917376,71.68214646822546,0.0,0.0,76.26805829555052,91.36297184337814,1075.1375874413535,0.0,0.0,219.51298190315428,264.392535442134,2402.995081090854,0.0,0.0,24.732693549945539,29.908556782037093,212.4808245947956,0.0,0.0,104.9119387297202,126.67624584858625,994.061405309608,35.810031657354958,24.561064236868977,163.5319276782955,197.04640923127159,2145.3897774191098,0.0,0.0,124.68443494318322,150.43954614907626,1239.598852562758,0.0,18.761697109264437,40.98063997525953,22.0,30.0,0.0,19.254068038110579,39.61245361175113,16.0,30.0,0.0,18.642260743049975,41.44467345868229,22.0,30.0,0.0,18.57922702731358,41.728888197220218,16.0,30.0,0.0,16.93051166769113,47.21498763910457,12.0,30.0,0.0,19.429767970325039,40.14486130060418,16.0,30.0,0.0,17.846583141608723,44.2702163556085,10.0,30.0,0.0,16.67361338200508,47.91355212957682,12.0,30.0,0.0,17.112690206279038,46.553330479376437,12.0,30.0,0.0,17.782959247709188,0.0,0.0,0.0,17.3315229245132,0.0,0.0,467.7039491142826,463.79039683193397,472.2965467005492,476.469093219903,513.0621307050125,503.09652860312687,500.6967849212574,509.3916054635146,507.6289092546535,0.0,79.47304207433668,79.47304207433668,60.0,0.0,60.0,60.0,16.0,16.0,16.0,12.0,12.0,12.0,21.0,10.0,0.0,0.0,0.0,0.0,0.0,0.0,0.0,0.0,0.0,0.0,0.0,0.0,0.0,79.47304207433668,79.47304207433668,0.0,0.0,0.0,79.47304207433668,0.0,0.0,0.0020233333333333337 
 03/15  12:30:00,12.66,58.0,7.41,138.0,616.0,0.0,0.0,0.0,0.0,0.0,0.0,0.0,0.0,0.0,0.0,494.0,0.0,1953.5534094626892,74.05904337938633,189.7756601196688,58.57678677651414,1559.1149302329905,0.0,74.0590433793863,101.24432706777584,0.0,0.0,18.67352766707272,119.50753831973998,20.349811223848943,-692.3656796686046,18.561229837424717,9.565119004843837,18.69403157663485,-10.440931358818489,16.852033468184549,11.719396415360052,20.160766622178877,-271.2004055301204,17.55953576383571,112.8424050912954,16.619429994585198,33.052166989223909,17.150620357078539,44.668891063234699,287.16663701780638,109.28403775608968,0.0,0.0,0.0,0.0,0.0,0.0,0.0,0.0,0.0,0.0,0.0,0.0,0.0,0.0,0.0,0.0,0.0,0.0,0.0,0.0,0.0,0.0,0.1769285741186412,0.05400750125721649,233.40919172709256,280.1190205512659,2973.846594681423,0.0,0.0,234.18080111444108,280.74353377955978,3126.378463103515,0.34993726595139876,0.06612571163102775,121.55431180304788,146.01906853633819,1482.5077028648935,0.07800787360377888,0.014740716856345211,83.42291637727154,100.21507858573679,1012.8455123527946,0.0,0.0,7.698163211507404,9.298231079481459,68.46436771026953,0.0,0.0,78.0631944488745,93.45422197470579,1100.0147957403845,0.0,0.0,221.53234994589327,266.7649170796693,2370.677439517657,0.0,0.0,25.366769182649333,30.670911945056316,210.50834240582183,0.0,0.0,107.73365390634976,130.04566125000495,998.4466460899939,35.70144286388308,24.486586326394439,197.08916736243595,237.33239824392553,2502.856586706733,0.0,0.0,128.09986011595746,154.47305690082855,1267.7041797409054,0.0,18.927580863041745,40.46970634997041,22.0,30.0,0.0,19.239494070320263,39.71712806007774,16.0,30.0,0.0,18.64091334448445,41.3299378334972,22.0,30.0,0.0,18.625060411976226,41.533867542197707,16.0,30.0,0.0,16.989910454411697,46.9401307270094,12.0,30.0,0.0,19.59495581107375,39.64256400457689,16.0,30.0,0.0,17.89064671314083,44.06625840046597,10.0,30.0,0.0,16.694667120345838,47.75323186822188,12.0,30.0,0.0,17.175884038982216,46.27748799702546,12.0,30.0,0.0,17.94439155265767,0.0,0.0,0.0,17.475329126755577,0.0,0.0,465.6147462745197,466.7096478925428,469.4411812972499,474.4146235266702,509.25772202713838,499.2600633246394,497.9669033448466,505.92829065159546,504.376433059702,0.0,79.47304207433668,79.47304207433668,60.0,0.0,60.0,60.0,16.0,16.0,16.0,12.0,12.0,12.0,21.0,10.0,0.0,0.0,0.0,0.0,0.0,0.0,0.0,0.0,0.0,0.0,0.0,0.0,0.0,79.47304207433668,79.47304207433668,0.0,0.0,0.0,79.47304207433668,0.0,0.0,0.0020266666666666668 
 03/15  12:40:00,12.823333333333335,57.33333333333333,7.426666666666666,134.83333333333332,617.1666666666667,0.0,0.0,0.0,0.0,0.0,0.0,0.0,0.0,0.0,0.0,494.0,0.0,1994.5793346917427,72.98179029919878,187.015230966332,59.80692334035276,1591.8572203408283,0.0,72.98179029919875,99.7716404354822,0.0,0.0,18.657346996486774,78.68055954340616,20.52560754095753,-583.1745147580305,18.58157329437194,51.576329430444278,18.70884286654482,-14.447362387666147,16.897429815130069,12.387381481322166,20.32900571087469,-297.76254794964646,17.621334495585054,132.6479575700214,16.63061452195642,40.380578767424939,17.196434118606363,57.706558556180429,252.3539495582445,89.57316736926259,0.0,0.0,0.0,0.0,0.0,0.0,0.0,0.0,0.0,0.0,0.0,0.0,0.0,0.0,0.0,0.0,0.0,0.0,0.0,0.0,0.0,0.0,0.07899708749961242,0.024113885073141766,205.82255866615857,247.01670826286373,2538.0401083230497,0.0,0.0,193.62484115732659,231.95748685697652,2592.984777599524,0.3871979646258828,0.07316665998221522,163.56945589133864,196.43818773237155,1958.1097602443516,0.08824958089147732,0.016676035693778777,11.54818246714185,13.870103341057713,137.83673278263422,0.0,0.0,7.9936453002961989,9.652616960450788,69.30268150275332,0.0,0.0,80.56417441569185,96.39420702379738,1131.15198251836,0.0,0.0,224.60519168450996,270.3504514046206,2375.142641738672,0.0,0.0,26.189298873412868,31.66025573537423,209.98508274288086,0.0,0.0,106.20668105823745,128.1643397073335,962.803743209669,35.62434309244536,24.433705824722478,167.9970126597594,202.31652881706843,2104.2926150296818,0.0,0.0,126.94872490871141,153.00944909017546,1245.028225498063,0.0,18.891303475315256,40.62919284461002,22.0,30.0,0.0,19.428164720656523,39.17275429209118,16.0,30.0,0.0,18.698478703267854,41.08431850079673,22.0,30.0,0.0,18.649409267945356,41.54111942903385,16.0,30.0,0.0,17.04489982388254,46.679732276068737,12.0,30.0,0.0,19.737130496328036,39.23270916762912,16.0,30.0,0.0,17.99420555600758,43.677676264990747,10.0,30.0,0.0,16.721565835177836,47.572184051841279,12.0,30.0,0.0,17.241557479446809,45.99158210366227,12.0,30.0,0.0,17.902668898974768,0.0,0.0,0.0,17.5975593293668,0.0,0.0,468.4797160091494,464.46137215032015,467.0008081235728,478.0218411167387,505.6358256305134,496.92233748805458,494.39344883875926,502.3701498974335,500.96697630197817,0.0,79.47304207433668,79.47304207433668,60.0,0.0,60.0,60.0,16.0,16.0,16.0,12.0,12.0,12.0,21.0,10.0,0.0,0.0,0.0,0.0,0.0,0.0,0.0,0.0,0.0,0.0,0.0,0.0,0.0,79.47304207433668,79.47304207433668,0.0,0.0,0.0,79.47304207433668,0.0,0.0,0.00203 
 03/15  12:50:00,12.986666666666667,56.66666666666667,7.443333333333333,131.66666666666669,618.3333333333333,0.0,0.0,0.0,0.0,0.0,0.0,0.0,0.0,0.0,0.0,494.0,0.0,2031.7953133729025,71.87644030063355,184.18279989929196,60.9228199103218,1621.5588261728456,0.0,71.8764403006335,98.2605431856053,0.0,0.0,18.7427910396242,144.17042762478378,20.60083699230544,-752.1751909378709,18.578922067274968,34.80442130060965,18.72430054164431,-8.828825931617758,16.942014719604964,12.980974231227436,20.493082168039075,-307.2602794486006,17.66076175751583,130.7560466873274,16.644360323999867,46.53152679121729,17.24406561955505,69.94523856344586,284.59491000784058,84.65947659181347,0.0,0.0,0.0,0.0,0.0,0.0,0.0,0.0,0.0,0.0,0.0,0.0,0.0,0.0,0.0,0.0,0.0,0.0,0.0,0.0,0.0,0.0,0.09029972252467755,0.02756401786467569,245.8743059025714,294.88612926275217,3036.134387365853,0.0,0.0,247.79769587350823,296.8662377133338,3221.990016067093,0.3663171754987135,0.0692209326339217,149.6144727741967,179.6574592591382,1742.7749292788338,0.07920264510060657,0.01496648622460441,70.72673232421285,84.93613486767038,818.994434994621,0.0,0.0,7.841280765569148,9.46625953210633,66.18331738747647,0.0,0.0,81.99761090834612,98.053864100175,1147.679312396046,0.0,0.0,227.09997624177138,273.2809913710021,2349.910694191265,0.0,0.0,26.86775983906325,32.474841526061769,208.01225379121258,0.0,0.0,109.29564322361118,131.851874994582,969.0557798228882,35.52589536912854,24.366183380746607,210.8312897326776,253.72835852657355,2546.8588851559795,0.0,0.0,130.6653233079895,157.4064868959776,1272.5352810711113,0.0,19.067385870320626,40.0960643788314,22.0,30.0,0.0,19.39936674432607,39.11624121992346,16.0,30.0,0.0,18.703489264558063,41.1331517589303,22.0,30.0,0.0,18.67675511083289,41.22922738166802,16.0,30.0,0.0,17.09710805301144,46.428228167062858,12.0,30.0,0.0,19.88286067044696,38.78547763022341,16.0,30.0,0.0,18.047327904116945,43.497013793283517,10.0,30.0,0.0,16.750750284443304,47.39149948347211,12.0,30.0,0.0,17.30883125300104,45.70768923157599,12.0,30.0,0.0,18.071213297261637,0.0,0.0,0.0,17.729945487759996,0.0,0.0,465.87996500206898,461.0821411181562,469.609288694151,470.4489351908779,502.15020493074237,493.2387309988045,493.15510518805328,499.31921847468967,498.02048405171879,0.0,79.47304207433668,79.47304207433668,60.0,0.0,60.0,60.0,16.0,16.0,16.0,12.0,12.0,12.0,21.0,10.0,0.0,0.0,0.0,0.0,0.0,0.0,0.0,0.0,0.0,0.0,0.0,0.0,0.0,79.47304207433668,79.47304207433668,0.0,0.0,0.0,79.47304207433668,0.0,0.0,0.0020366666666666668 
 03/15  13:00:00,13.15,56.0,7.46,128.5,619.5,0.0,0.0,0.0,0.0,0.0,0.0,0.0,0.0,0.0,0.0,494.0,0.0,2065.1654377253364,70.74090414821521,181.2730133713922,61.92339981069763,1648.191090129383,0.0,70.74090414821517,96.70817917485539,0.0,0.0,18.696971382153146,78.49796530418644,20.77581451856596,-617.5638171119144,18.61128052788291,84.17181743825313,18.73466525102322,-11.619726834805079,16.9866704286667,13.82213224434804,20.645893426982146,-328.75412300270866,17.724775737218154,147.84960781112933,16.66144117787267,53.53034216702031,17.29261910816448,80.96217940682527,255.74785994132527,71.39230808047796,0.0,0.0,0.0,0.0,0.0,0.0,0.0,0.0,0.0,0.0,0.0,0.0,0.0,0.0,0.0,0.0,0.0,0.0,0.0,0.0,0.0,0.0,0.0,0.0,231.94790204075412,278.2658826224749,2737.3885896661865,0.0,0.0,198.5671452668227,237.69594214437627,2596.7077426292159,0.42917685851455175,0.08109917961348297,189.97188492216803,228.04356107942619,2177.89324155731,0.09292452785767068,0.01755943459139657,75.72222597055384,90.92186227393346,854.1161485994903,0.0,0.0,8.144401637157785,9.829744096687959,66.85869868566989,0.0,0.0,83.6191841450408,99.94095939324542,1163.9302273932663,0.0,0.0,230.3009575311617,277.0171748948708,2353.100540160004,0.0,0.0,27.67788547281917,33.447864689827479,206.8829320655583,0.0,0.0,108.49570277421057,130.84731723138067,940.3669222454902,35.45891200409644,24.320241429421438,195.11577860045657,234.81489265652994,2296.830009470981,0.0,0.0,130.26371008482415,156.85254464302785,1252.9700119171219,0.0,18.961995000481058,40.24962644923669,22.0,30.0,0.0,19.60466038141903,38.677443933814398,16.0,30.0,0.0,18.779440248105194,40.84523247948644,22.0,30.0,0.0,18.692735140621719,41.20205856176197,16.0,30.0,0.0,17.148329920201367,46.19342349739679,12.0,30.0,0.0,20.0117422313877,38.438254208928679,16.0,30.0,0.0,18.149040411200795,43.11807463871444,10.0,30.0,0.0,16.784086354836224,47.18572045162801,12.0,30.0,0.0,17.376019781656355,45.418906691965279,12.0,30.0,0.0,18.049568826406607,0.0,0.0,0.0,17.836474003490385,0.0,0.0,463.17782526744198,463.7140407996492,466.8852980792582,471.43376889684427,499.15979271068098,491.7818924736224,489.7113345920863,495.88867023874988,494.82913749443949,0.0,79.47304207433668,79.47304207433668,60.0,0.0,60.0,60.0,16.0,16.0,16.0,12.0,12.0,12.0,21.0,10.0,0.0,0.0,0.0,0.0,0.0,0.0,0.0,0.0,0.0,0.0,0.0,0.0,0.0,79.47304207433668,79.47304207433668,0.0,0.0,0.0,79.47304207433668,0.0,0.0,0.0020433333333333338 
 03/15  13:10:00,13.166666666666668,56.0,7.501666666666667,125.33333333333334,620.6666666666666,0.0,0.0,0.0,0.0,0.0,0.0,0.0,0.0,0.0,0.0,494.0,0.0,2094.666874632714,69.57302626552877,178.2803478504656,62.80797840413953,1671.7357893713052,0.0,69.57302626552874,95.11160156684866,0.0,0.0,18.82203073350769,177.49951257646354,20.823817253379855,-819.8810765386006,18.59750753380024,40.52073050849776,18.75148633909089,1.2669868824168589,17.030965965965267,14.131540068801371,20.796298425961508,-335.6416571820114,17.760283990331354,142.0526062062654,16.678663527056597,58.480911673432277,17.34124705895127,90.88650216365068,292.21755853475409,70.50523920735941,0.0,0.0,0.0,0.0,0.0,0.0,0.0,0.0,0.0,0.0,0.0,0.0,0.0,0.0,0.0,0.0,0.0,0.0,0.0,0.0,0.0,0.0,0.06619567026109022,0.020206248553446345,268.62730077524466,321.9657571540035,3297.04060419108,0.0,0.0,272.5423982190847,326.3087959270645,3516.5890862214125,0.3611773005859781,0.06824967887112211,149.21991400319556,179.1306503616728,1698.7655903484413,0.08429166718421413,0.015928130609261926,99.68220254184071,119.67284435785725,1126.6054393837833,0.0,0.0,7.856121252640066,9.479694699247038,64.9999429006131,0.0,0.0,84.99493139433733,101.53370654289285,1202.648945844398,0.0,0.0,230.88067799023222,277.6598317312474,2369.8946576330147,0.0,0.0,28.025377007737079,33.86212345495949,210.30299024895477,0.0,0.0,111.13987100468133,133.99771477639127,974.2608256363742,35.42461341017237,24.296717016579139,235.65227943337488,283.43778507336017,2770.891660298667,0.0,0.0,133.36405438954842,160.51619927804408,1307.9616932223347,0.0,19.21536384091501,39.65192127333966,22.0,30.0,0.0,19.534159869897115,38.78653579818015,16.0,30.0,0.0,18.75586153575899,40.80083109300197,22.0,30.0,0.0,18.723508567517628,41.0257014030689,16.0,30.0,0.0,17.19762370240139,45.9655161078117,12.0,30.0,0.0,20.14596943525305,38.035233828328788,16.0,30.0,0.0,18.189907422445868,42.94465736190538,10.0,30.0,0.0,16.815769256120558,47.031363331963039,12.0,30.0,0.0,17.44236776768715,45.17517621043013,12.0,30.0,0.0,18.197072106371658,0.0,0.0,0.0,17.947968022715775,0.0,0.0,464.77974940473788,462.2759596249434,464.37159898250209,468.44906301099805,496.25755745718518,488.5083152500708,487.779058518507,493.9157625978903,492.9962188987116,0.0,79.47304207433668,79.47304207433668,60.0,0.0,60.0,60.0,16.0,16.0,16.0,12.0,12.0,12.0,21.0,10.0,0.0,0.0,0.0,0.0,0.0,0.0,0.0,0.0,0.0,0.0,0.0,0.0,0.0,79.47304207433668,79.47304207433668,0.0,0.0,0.0,79.47304207433668,0.0,0.0,0.00205 
 03/15  13:20:00,13.183333333333334,56.0,7.543333333333333,122.16666666666667,621.8333333333334,0.0,0.0,0.0,0.0,0.0,0.0,0.0,0.0,0.0,0.0,494.0,0.0,2120.288058351755,68.37062039031427,175.1992011835233,63.576208901009518,1692.183693440769,0.0,68.37062039031425,93.46782157532482,0.0,0.0,18.742281141307058,75.98370766659173,21.00539020961321,-634.733749375725,18.64670646948074,119.73824102072558,18.755857044005617,-11.201695685364826,17.07598711925357,15.139127367610456,20.934376200295817,-357.9697444027711,17.833698805782775,163.63934706062356,16.69820732003285,64.87095940184338,17.38838499672101,97.71930517173223,265.7982406193287,59.54140109992932,0.0,0.0,0.0,0.0,0.0,0.0,0.0,0.0,0.0,0.0,0.0,0.0,0.0,0.0,0.0,0.0,0.0,0.0,0.0,0.0,0.0,0.0,0.0,0.0,250.65684777150327,300.6005130860418,2974.8793300133695,0.0,0.0,198.79818881557146,237.80795746509188,2651.9341309320368,0.47413738316239437,0.08959512153484402,208.39180584124615,250.0529096461401,2409.3661544883455,0.11174931400996732,0.02111665041760531,14.053174849474372,16.869853010758975,159.55500005095687,0.0,0.0,8.331325844824898,10.050852656328037,69.47678704025145,0.0,0.0,86.37774704922323,103.13947607018986,1238.6634710435679,0.0,0.0,234.38056503380026,281.7402482579288,2452.326070624046,0.0,0.0,28.906254341948484,34.920525767422009,217.91141635713115,0.0,0.0,109.15760327798357,131.57290752000689,966.7174823181485,35.476777419877837,24.332494801013615,214.3727275899416,257.87736345848796,2519.0934091551609,0.0,0.0,131.77879330545819,158.55374382165696,1309.926350082084,0.0,19.030322418420483,40.05033386880329,22.0,30.0,0.0,19.772376840195464,38.18865687877947,16.0,30.0,0.0,18.86297058157228,40.55283648384908,22.0,30.0,0.0,18.726655696170139,41.084349216880109,16.0,30.0,0.0,17.2473268002771,45.73662740374914,12.0,30.0,0.0,20.26011246336991,37.71845758486022,16.0,30.0,0.0,18.306515197953418,42.566981886093227,10.0,30.0,0.0,16.850028650199428,46.83544107383189,12.0,30.0,0.0,17.50443219213128,44.90632903766777,12.0,30.0,0.0,18.14471769647835,0.0,0.0,0.0,18.031640468235037,0.0,0.0,463.3554312700697,461.3860887102242,465.60532610872459,471.4482463825325,493.4446361361369,486.80766368551039,485.59086941080559,490.9336958379675,489.99162468110276,0.0,79.47304207433668,79.47304207433668,60.0,0.0,60.0,60.0,16.0,16.0,16.0,12.0,12.0,12.0,21.0,10.0,0.0,0.0,0.0,0.0,0.0,0.0,0.0,0.0,0.0,0.0,0.0,0.0,0.0,79.47304207433668,79.47304207433668,0.0,0.0,0.0,79.47304207433668,0.0,0.0,0.0020466666666666669 
 03/15  13:30:00,13.2,56.0,7.585,119.0,623.0,0.0,0.0,0.0,0.0,0.0,0.0,0.0,0.0,0.0,0.0,988.0,0.0,2142.0259423047766,67.13150358860109,172.0239797560566,64.2279999558176,1709.532370947324,0.0,67.13150358860107,91.77385496404742,0.0,0.0,18.849445937476184,190.3571833357446,21.067221105584009,-801.296937010975,18.645046560788307,87.48226301302293,18.771447688578193,12.003286916723937,17.11607941384885,16.098774017012404,21.061353130572809,-355.75860335021937,17.872564694593707,166.29091635470378,16.715833598203326,72.34634587968788,17.43232807219554,117.24257923857363,285.11742380170338,67.68208676053382,0.0,0.0,0.0,0.0,0.0,0.0,0.0,0.0,0.0,0.0,0.0,0.0,0.0,0.0,0.0,0.0,0.0,0.0,0.0,0.0,0.0,0.0,0.043019341247138357,0.01313166704735603,269.56690572982736,323.76616814736129,3306.384052041868,0.0,0.0,259.41068728112227,311.10078268686297,3429.5340464878397,0.44495728622775657,0.08408111984651487,181.03605010243087,217.61121746517603,2086.1337399613205,0.10415031809666936,0.01968071014676291,113.87991485287691,137.00668972198026,1286.0374543236256,0.0,0.0,8.09926554171485,9.790145526150003,67.87507799819855,0.0,0.0,87.59582293360171,104.78340947897039,1269.9611211462025,0.0,0.0,236.41126530305946,284.7480625195824,2485.340789354602,0.0,0.0,29.448321675659238,35.648059445216478,222.5949436721048,0.0,0.0,112.76079049227556,136.18698701776879,1006.8480416311552,35.45793265224525,24.319569720332824,236.60564104288648,285.1738549880839,2783.6232639013526,0.0,0.0,136.01823757524614,163.95375591749193,1374.272687315404,0.0,19.247690796617034,39.438146658175487,22.0,30.0,0.0,19.737504700207773,38.21786543878232,16.0,30.0,0.0,18.857269937768629,40.49343799989801,22.0,30.0,0.0,18.755630959402227,40.84573133605815,16.0,30.0,0.0,17.286006889508927,45.560015365047409,12.0,30.0,0.0,20.360159280732984,37.41239796186941,16.0,30.0,0.0,18.350306855004143,42.36710711217354,10.0,30.0,0.0,16.878332645871447,46.67210202234754,12.0,30.0,0.0,17.559582623896419,44.66530303356001,12.0,30.0,0.0,18.23496141790367,0.0,0.0,0.0,18.132234797506784,0.0,0.0,461.1122371162586,459.9540709785588,463.73634494192808,466.617472435723,491.3577523912353,484.03803451922718,482.96155528657047,488.55990796369886,487.3455383471406,0.0,79.47304207433668,79.47304207433668,60.0,0.0,60.0,60.0,16.0,16.0,16.0,12.0,12.0,12.0,21.0,10.0,0.0,0.0,0.0,0.0,0.0,0.0,0.0,0.0,0.0,0.0,0.0,0.0,0.0,79.47304207433668,79.47304207433668,0.0,0.0,0.0,79.47304207433668,0.0,0.0,0.0020433333333333338 
 03/15  13:40:00,13.216666666666665,56.0,7.626666666666667,118.33333333333333,622.3333333333334,0.0,0.0,0.0,0.0,0.0,0.0,0.0,0.0,0.0,0.0,494.0,0.0,2161.920573003218,66.66962254451264,170.84038725384876,64.82452291272172,1725.4099780628517,0.0,66.6696225445126,91.14242855938076,0.0,0.0,18.91983570604538,179.7293733118113,21.150504793469105,-833.629437066109,18.669523039840557,99.76784506660624,18.79242392064426,13.90018063161915,17.167672313649324,16.34496921067347,21.208878725410004,-371.9927123859288,17.928886294624783,162.53404049831807,16.74175428722775,74.35746970748574,17.488317344021167,113.55121104022146,276.4464086081862,65.22052862572764,0.0,0.0,0.0,0.0,0.0,0.0,0.0,0.0,0.0,0.0,0.0,0.0,0.0,0.0,0.0,0.0,0.0,0.0,0.0,0.0,0.0,0.0,0.0,0.0,254.3883729222044,304.6869026069221,3170.5993050612548,0.0,0.0,258.48102423977329,309.1592817983177,3432.88355881858,0.4710640495272719,0.08901437065897053,192.8216705923173,231.31251482581758,2232.858790636936,0.11127461126668607,0.0210269484630926,123.05018225176358,147.66889386453813,1394.0858756685753,0.0,0.0,8.192029277302625,9.878402586040114,69.3801902793804,0.0,0.0,88.05389345198043,105.04258834767409,1299.0096655218372,0.0,0.0,238.44027197713658,286.47221728159078,2535.5325982911379,0.0,0.0,29.956450657358397,36.17669657103552,228.01057884115526,0.0,0.0,113.76615069393057,137.05191109263294,1029.5239159011497,35.43868765939123,24.30637013675668,221.35821881724784,266.1606675493524,2618.4184951330646,0.0,0.0,137.40455332326165,165.20387188924898,1405.6799993746718,0.0,19.364980603680868,39.18240623984477,22.0,30.0,0.0,19.777673053598627,38.09601024054583,16.0,30.0,0.0,18.90595312996281,40.270281908947747,22.0,30.0,0.0,18.78911790046551,40.67536138345307,16.0,30.0,0.0,17.34636035601643,45.27575505932379,12.0,30.0,0.0,20.504697251194704,36.99802593990107,16.0,30.0,0.0,18.426744183287228,42.081275422233407,10.0,30.0,0.0,16.920438186575966,46.44052072394012,12.0,30.0,0.0,17.635186147011074,44.361037059775799,12.0,30.0,0.0,18.236351446167374,0.0,0.0,0.0,18.211195431267404,0.0,0.0,462.48018013123495,459.4195363223012,460.8159302972187,464.20908582184208,487.8002594861396,480.9999701655072,480.3216217914183,485.33258348480237,484.4843140392336,0.0,79.47304207433668,79.47304207433668,60.0,0.0,60.0,60.0,16.0,16.0,16.0,12.0,12.0,12.0,21.0,10.0,0.0,0.0,0.0,0.0,0.0,0.0,0.0,0.0,0.0,0.0,0.0,0.0,0.0,79.47304207433668,79.47304207433668,0.0,0.0,0.0,79.47304207433668,0.0,0.0,0.00204 
 03/15  13:50:00,13.233333333333335,56.0,7.668333333333333,117.66666666666666,621.6666666666666,0.0,0.0,0.0,0.0,0.0,0.0,0.0,0.0,0.0,0.0,494.0,0.0,2177.956181142362,66.179261381503,169.58381133355875,65.30533441966674,1738.207734560231,0.0,66.17926138150296,90.47206767293564,0.0,0.0,18.87840543071225,118.94925447347305,21.274179820832765,-761.073576136032,18.70946924333383,139.3501157041319,18.807567165128888,13.48764501761434,17.214311949816876,16.903295460592007,21.33327967056865,-389.45020564880817,17.990058373605128,174.76390855675346,16.763250612413886,78.47076217030258,17.53251469329431,116.64617336818719,272.1563551575564,61.21079627350355,0.0,0.0,0.0,0.0,0.0,0.0,0.0,0.0,0.0,0.0,0.0,0.0,0.0,0.0,0.0,0.0,0.0,0.0,0.0,0.0,0.0,0.0,0.0,0.0,260.7878664005353,312.4538602833734,3183.9015378663746,0.0,0.0,224.61520834494199,268.51564907561547,3034.175653300334,0.5329177816381377,0.10070252865422108,219.57966948332195,263.3191446212177,2569.4218996681299,0.12300745427074055,0.02324403897784212,122.98861093622435,147.5767113624716,1394.3161256458189,0.0,0.0,8.435284543389145,10.169454335298769,71.9880882626028,0.0,0.0,89.31327872544311,106.50097461652102,1332.768881607188,0.0,0.0,240.7564131228898,289.1510357489453,2593.7097407435978,0.0,0.0,30.51677583366372,36.8473433627475,233.19026745540396,0.0,0.0,112.98760589933448,136.08180656733178,1030.6173061203327,35.45505669174505,24.317597182266846,226.34500218959347,272.12532357900207,2668.741448432973,0.0,0.0,136.91393978173483,164.5684655018965,1413.3183725205034,0.0,19.25401375597231,39.37700291281625,22.0,30.0,0.0,19.910192680185273,37.749523364237067,16.0,30.0,0.0,18.984434389871728,40.13726071828177,22.0,30.0,0.0,18.80975556527289,40.54715755437267,16.0,30.0,0.0,17.39586378503787,45.05356266671593,12.0,30.0,0.0,20.608718893213273,36.7161261933267,16.0,30.0,0.0,18.513920861703349,41.8079448626439,10.0,30.0,0.0,16.952456635933026,46.26054767263106,12.0,30.0,0.0,17.688331411980849,44.134429222121358,12.0,30.0,0.0,18.252346833212223,0.0,0.0,0.0,18.274775926707439,0.0,0.0,460.2160475950318,458.27047505611258,463.0780212729463,462.0792104462305,485.2824707812083,479.4310297687196,478.9121723753034,482.77995128778937,482.06291889374719,0.0,79.47304207433668,79.47304207433668,60.0,0.0,60.0,60.0,16.0,16.0,16.0,12.0,12.0,12.0,21.0,10.0,0.0,0.0,0.0,0.0,0.0,0.0,0.0,0.0,0.0,0.0,0.0,0.0,0.0,79.47304207433668,79.47304207433668,0.0,0.0,0.0,79.47304207433668,0.0,0.0,0.0020366666666666668 
 03/15  14:00:00,13.25,56.0,7.71,117.0,621.0,0.0,0.0,0.0,0.0,0.0,0.0,0.0,0.0,0.0,0.0,494.0,0.0,2190.1271091267565,65.6595828684793,168.2521067398906,65.67026485160327,1747.9211253383006,0.0,65.65958286847928,89.76162774633365,0.0,0.0,18.996209208869268,205.22476178571015,21.308961803891774,-900.9970131479076,18.694755728161135,85.13636097934614,18.833238810646983,30.588562601735249,17.26086369954809,16.871369167497904,21.45634565299765,-394.6170506998578,18.02360566799702,167.2836542272671,16.784136784568419,80.90652897305472,17.576840199886495,122.0313538918108,292.2347301786667,67.07101967178369,0.0,0.0,0.0,0.0,0.0,0.0,0.0,0.0,0.0,0.0,0.0,0.0,0.0,0.0,0.0,0.0,0.0,0.0,0.0,0.0,0.0,0.0,0.05880751799650123,0.017951012819444825,272.3611770692921,326.04890001574548,3438.111591580973,0.0,0.0,278.1035207242198,332.50226354358929,3715.9618892317955,0.44260873277550547,0.08363732667715526,176.9997738909878,212.27297254284395,2052.1640689418056,0.11295950913975513,0.021345334304564455,144.93067908319186,173.8667236072205,1649.7803650762776,0.0,0.0,8.160859964062903,9.83642329754342,70.15609760292866,0.0,0.0,90.20190348229092,107.51452836667926,1362.1775988791483,0.0,0.0,241.2292161742077,289.6718613764127,2605.15228934096,0.0,0.0,30.636565579259288,36.986120364804808,234.85970440308413,0.0,0.0,115.77594868057216,139.406299591212,1064.4676559822759,35.38749264171558,24.271256955909189,241.0612332393319,289.7026286195748,2861.921744496408,0.0,0.0,139.99206656677465,168.21721128586337,1460.1126842040613,0.0,19.479122067023846,38.79355124715748,22.0,30.0,0.0,19.853584248755813,37.842150055524758,16.0,30.0,0.0,18.947561810758726,40.154754852982389,22.0,30.0,0.0,18.85161927242619,40.48672757190629,16.0,30.0,0.0,17.444167891219239,44.84878599514197,12.0,30.0,0.0,20.717423919426616,36.42531153304618,16.0,30.0,0.0,18.54447331614721,41.67112696054066,10.0,30.0,0.0,16.981817467981899,46.11040100995685,12.0,30.0,0.0,17.741822782061939,43.929972660900279,12.0,30.0,0.0,18.34906064516318,0.0,0.0,0.0,18.345813550520746,0.0,0.0,459.06636199983117,456.8768940659086,460.9154184865734,463.7027487070963,483.20259380417687,477.7525749192204,477.1690744330433,480.95563308719849,480.4100890553069,0.0,79.47304207433668,79.47304207433668,60.0,0.0,60.0,60.0,16.0,16.0,16.0,12.0,12.0,12.0,21.0,10.0,0.0,0.0,0.0,0.0,0.0,0.0,0.0,0.0,0.0,0.0,0.0,0.0,0.0,79.47304207433668,79.47304207433668,0.0,0.0,0.0,79.47304207433668,0.0,0.0,0.002033333333333333 
 03/15  14:10:00,13.205000000000002,56.16666666666667,7.696666666666666,116.33333333333333,620.3333333333333,0.0,0.0,0.0,0.0,0.0,0.0,0.0,0.0,0.0,0.0,494.0,0.0,2198.4210716950226,65.10970158886936,166.84300475355304,65.91894585766456,1754.540345842906,0.0,65.10970158886933,89.0098983479929,0.0,0.0,18.913731794709436,103.19492350655492,21.454413210123677,-747.9220152783109,18.749604845616969,166.78915529447478,18.840890691218623,12.398402425648783,17.308205855301766,17.57921009063324,21.56666505984966,-413.6151180711963,18.091821538573606,184.40060538997569,16.80644921994579,85.28025025878105,17.618726196602368,123.76232407737735,279.9002628822127,62.43316199008859,0.0,0.0,0.0,0.0,0.0,0.0,0.0,0.0,0.0,0.0,0.0,0.0,0.0,0.0,0.0,0.0,0.0,0.0,0.0,0.0,0.0,0.0,0.0,0.0,273.39943006293376,327.5078814589894,3366.2296347433846,0.0,0.0,217.25656056981118,259.56998354653748,3007.1191337478146,0.5792505725365628,0.10945778014674282,232.13222356900986,278.2803092324942,2763.1758084719137,0.13002774940123258,0.024570625359265409,116.308270426487,139.52519754276057,1335.6249548637282,0.0,0.0,8.566379075062628,10.323214346359473,75.27085833989584,0.0,0.0,91.31715686992745,108.80778304513368,1403.3354124026035,0.0,0.0,244.2134899305934,293.14796577570515,2708.2732147517019,0.0,0.0,31.348659514868034,37.84063354846291,245.2064512059971,0.0,0.0,114.03755235914267,137.28643334703006,1070.032405732686,35.42677616752569,24.298200389249453,239.17660284354714,287.44942624347757,2855.248164571797,0.0,0.0,138.58663345789749,166.4962268100885,1471.660891084565,0.0,19.278007668236659,39.242112809021318,22.0,30.0,0.0,20.050543449811707,37.37197056058063,16.0,30.0,0.0,19.0570850430109,39.84226993465736,22.0,30.0,0.0,18.85433766142619,40.41833151293195,16.0,30.0,0.0,17.49329178075205,44.644727371892177,12.0,30.0,0.0,20.807085427146274,36.18278843247225,16.0,30.0,0.0,18.644442617559855,41.35198194307847,10.0,30.0,0.0,17.01372023564354,45.96570733778766,12.0,30.0,0.0,17.790521392558469,43.74734493640599,12.0,30.0,0.0,18.326108749314597,0.0,0.0,0.0,18.394910074717794,0.0,0.0,457.6796135799706,456.51524871266209,459.6392354385612,461.9367214872719,481.1816601184083,476.2315070768744,475.24119586905166,479.42312344510835,478.91499147223916,0.0,79.47304207433668,79.47304207433668,60.0,0.0,60.0,60.0,16.0,16.0,16.0,12.0,12.0,12.0,21.0,10.0,0.0,0.0,0.0,0.0,0.0,0.0,0.0,0.0,0.0,0.0,0.0,0.0,0.0,79.47304207433668,79.47304207433668,0.0,0.0,0.0,79.47304207433668,0.0,0.0,0.00203 
 03/15  14:20:00,13.16,56.333333333333339,7.683333333333334,115.66666666666667,619.6666666666667,0.0,0.0,0.0,0.0,0.0,0.0,0.0,0.0,0.0,0.0,988.0,0.0,2202.816935763298,64.52867549794532,165.35409155714644,66.05074379090769,1758.0485301842228,0.0,64.52867549794529,88.2155916313496,0.0,0.0,19.020608068624818,209.01593337447594,21.49426662891928,-885.5475981098462,18.74579184198967,123.08288415418792,18.86038973844009,35.53701617597926,17.350288080286775,18.039254493941145,21.66770443216501,-410.5970911015338,18.127432444986263,184.14436674226728,16.825774387466209,89.68827999989515,17.65766643631018,136.44086933813834,296.68408104078028,73.7423891228641,0.0,0.0,0.0,0.0,0.0,0.0,0.0,0.0,0.0,0.0,0.0,0.0,0.0,0.0,0.0,0.0,0.0,0.0,0.0,0.0,0.0,0.0,0.06739152496725301,0.02057128356753755,281.3595408066283,337.55344778033358,3605.8629541038856,0.0,0.0,268.804364905268,321.97585637608156,3719.445042976002,0.5253664358387165,0.09927559256211577,198.85470015502896,238.83148864344055,2378.981574200896,0.12714000171788535,0.02402494363527689,141.43712430014495,170.04579335913884,1645.0146178960222,0.0,0.0,8.309256833296276,10.03326023629492,74.3829403145053,0.0,0.0,92.1854299670868,110.05101411854719,1438.9201700242648,0.0,0.0,245.38154125163607,295.1521960491667,2758.9382609330248,0.0,0.0,31.603017966069893,38.22671633747396,251.59177202129886,0.0,0.0,117.1718379776264,141.34828857879189,1119.9505298578893,35.399151966443628,24.27925374927547,250.19532829464283,301.2978248308491,3034.975977920426,0.0,0.0,142.1270489741841,171.0826924880697,1541.250166517998,0.0,19.48552490462493,38.724215561137167,22.0,30.0,0.0,20.00999995492375,37.453849908934959,16.0,30.0,0.0,19.038204181312289,39.8435672172059,22.0,30.0,0.0,18.88609427876072,40.278831066707969,16.0,30.0,0.0,17.531072361375963,44.48667205737743,12.0,30.0,0.0,20.886651345938227,35.949998559409639,16.0,30.0,0.0,18.67759970327502,41.210950421317637,10.0,30.0,0.0,17.03849230438035,45.83014417329744,12.0,30.0,0.0,17.833980160310284,43.55656498039548,12.0,30.0,0.0,18.395074160910757,0.0,0.0,0.0,18.463895650251584,0.0,0.0,457.2491511390416,456.21041870610739,458.08039367072038,459.9707349502104,479.59926067888036,474.1221827942526,473.43006111331035,477.57928332677309,476.73247044052286,0.0,79.47304207433668,79.47304207433668,60.0,0.0,60.0,60.0,16.0,16.0,16.0,12.0,12.0,12.0,21.0,10.0,0.0,0.0,0.0,0.0,0.0,0.0,0.0,0.0,0.0,0.0,0.0,0.0,0.0,79.47304207433668,79.47304207433668,0.0,0.0,0.0,79.47304207433668,0.0,0.0,0.0020233333333333337 
 03/15  14:30:00,13.115,56.5,7.67,115.0,619.0,0.0,0.0,0.0,0.0,0.0,0.0,0.0,0.0,0.0,0.0,494.0,0.0,2203.282308373031,63.91548970028923,163.78276666558495,66.06468738416241,1758.4198261042423,0.0,63.91548970028919,87.37732015742331,0.0,0.0,19.096024358319736,205.1551310028026,21.552315427126446,-913.124532386415,18.76715401988345,131.76498412706133,18.882589860456073,35.769383794677199,17.40341435429606,18.068746884386088,21.783205556626535,-423.0761076025815,18.17762429503734,179.13668172630606,16.852160663708568,90.7000955544438,17.70603216990647,132.52592531659594,286.04641300464575,75.12490836921461,0.0,0.0,0.0,0.0,0.0,0.0,0.0,0.0,0.0,0.0,0.0,0.0,0.0,0.0,0.0,0.0,0.0,0.0,0.0,0.0,0.0,0.0,0.08480688585657999,0.025887327795048839,262.4838935278062,314.06117094187968,3450.597414765738,0.0,0.0,268.43587784566497,320.7160737966368,3755.567719453394,0.5481664924299348,0.10358399327852135,207.03691727381853,248.1665179509514,2509.4988767893439,0.1324127343716347,0.025021302791314184,146.27779513314645,175.42975226396346,1724.717261043,0.0,0.0,8.380889352662262,10.095855412392007,76.8048052181311,0.0,0.0,92.47058893061829,110.10507537473342,1472.7203607046272,0.0,0.0,247.24463653651149,296.6762507474447,2833.0270423924005,0.0,0.0,31.97441012199367,38.58594556416153,259.9805694423491,0.0,0.0,118.31440211014656,142.37800523808796,1156.419887417871,35.37136550802209,24.260195821688684,231.2560587308015,277.86932001152339,2846.8985379140065,0.0,0.0,143.5815740920182,172.41686367058299,1586.1038331721798,0.0,19.60494858479934,38.407432183079759,22.0,30.0,0.0,20.034521195907737,37.3444577071149,16.0,30.0,0.0,19.073985714986699,39.746325244539978,22.0,30.0,0.0,18.91850426898226,40.151812084651229,16.0,30.0,0.0,17.59029253595365,44.234515554466508,12.0,30.0,0.0,21.000012058925738,35.63724205036615,16.0,30.0,0.0,18.738199905529219,41.00440143704564,10.0,30.0,0.0,17.076182120509814,45.637381359858689,12.0,30.0,0.0,17.89456341788192,43.32030134334676,12.0,30.0,0.0,18.3749808944932,0.0,0.0,0.0,18.518022989046949,0.0,0.0,456.31830089493,454.4090953108291,457.90090115683349,458.45139463698259,476.9302192308873,471.74806425862269,471.8009233893438,475.10771562897619,474.53758190971538,0.0,79.47304207433668,79.47304207433668,60.0,0.0,60.0,60.0,16.0,16.0,16.0,12.0,12.0,12.0,21.0,10.0,0.0,0.0,0.0,0.0,0.0,0.0,0.0,0.0,0.0,0.0,0.0,0.0,0.0,79.47304207433668,79.47304207433668,0.0,0.0,0.0,79.47304207433668,0.0,0.0,0.0020166666666666668 
 03/15  14:40:00,13.07,56.66666666666667,7.656666666666666,111.16666666666667,608.8333333333334,0.0,0.0,0.0,0.0,0.0,0.0,0.0,0.0,0.0,0.0,494.0,0.0,2164.440631589681,61.829528440289617,158.43747948996018,64.90002130521084,1727.4205094237125,0.0,61.829528440289589,84.52565296836409,0.0,0.0,19.038891257821616,128.1669431561404,21.637082707033604,-830.3823485387948,18.8133021292497,179.42093987051704,18.89524797556714,31.84861069884755,17.448056215141784,18.513042429994188,21.863394233168813,-435.9098697473464,18.235840290843819,189.82859460550754,16.874002074870086,93.56705684130316,17.74415962940827,133.10858423788978,289.1514202730341,73.65066583101907,0.0,0.0,0.0,0.0,0.0,0.0,0.0,0.0,0.0,0.0,0.0,0.0,0.0,0.0,0.0,0.0,0.0,0.0,0.0,0.0,0.0,0.0,0.020937883177904225,0.006391295231350496,275.55859879177128,329.8672374149293,3563.583203632905,0.0,0.0,231.5546055499052,276.53534676585425,3312.67315958784,0.6205348375702622,0.11725903960133455,234.99607362170216,281.58871217611809,2910.148748149819,0.14470639447632228,0.027344367814875708,142.45160697666035,170.82566518133224,1697.1599943078484,0.0,0.0,8.629308685626042,10.39325089618745,80.64419073255908,0.0,0.0,93.3340782962462,111.10276409055519,1507.976764957444,0.0,0.0,249.40544340848909,299.18136253021916,2919.300239998675,0.0,0.0,32.445658320681328,39.14977591632653,268.68442039763388,0.0,0.0,117.51945256121167,141.39715406790263,1169.4071056838146,35.39755102635311,24.27815571080461,242.655068115607,291.53326808152596,3006.8246723189697,0.0,0.0,143.01905439883655,171.71175083294228,1604.7090724721175,0.0,19.452882029491844,38.73309895978922,22.0,30.0,0.0,20.148739127589829,37.06115622927396,16.0,30.0,0.0,19.160323406906135,39.49768274931634,22.0,30.0,0.0,18.93407585092969,40.11365143152942,16.0,30.0,0.0,17.635036184407345,44.05169484261697,12.0,30.0,0.0,21.071641183772895,35.45764857122826,16.0,30.0,0.0,18.81646517220222,40.75115277963779,10.0,30.0,0.0,17.105295863765286,45.4881458594549,12.0,30.0,0.0,17.93722366876174,43.146563322747827,12.0,30.0,0.0,18.397714866081775,0.0,0.0,0.0,18.55943549196418,0.0,0.0,455.0063093705954,453.6998174495079,456.79720165251299,458.5842442963371,475.14992421361509,470.911991191379,470.0745875523342,473.1881300927912,472.7552396579108,0.0,79.47304207433668,79.47304207433668,60.0,0.0,60.0,60.0,16.0,16.0,16.0,12.0,12.0,12.0,21.0,10.0,0.0,0.0,0.0,0.0,0.0,0.0,0.0,0.0,0.0,0.0,0.0,0.0,0.0,79.47304207433668,79.47304207433668,0.0,0.0,0.0,79.47304207433668,0.0,0.0,0.00201 
 03/15  14:50:00,13.025000000000003,56.83333333333333,7.643333333333333,107.33333333333333,598.6666666666666,0.0,0.0,0.0,0.0,0.0,0.0,0.0,0.0,0.0,0.0,494.0,0.0,2121.8834452390144,59.71479720641089,153.01846910812857,63.62394736943469,1693.4558829519186,0.0,59.714797206410867,81.63465504382362,0.0,0.0,19.169596839194047,225.54228125297233,21.620718289745239,-964.6327583331713,18.78906181332918,107.01714866338716,18.920979806683119,52.99327056961829,17.490336856419437,18.210353654897064,21.93590156905029,-434.40303017748149,18.2615824797603,178.71554498273327,16.89404102928212,94.39925819140604,17.782552900208466,136.36719251846717,308.8036801477083,83.04995832707937,0.0,0.0,0.0,0.0,0.0,0.0,0.0,0.0,0.0,0.0,0.0,0.0,0.0,0.0,0.0,0.0,0.0,0.0,0.0,0.0,0.0,0.0,0.1756361304643631,0.05361298243722928,280.0749512424024,334.98134550923768,3785.8915057691799,0.0,0.0,287.58951399250557,343.5508541763402,4088.4260212980509,0.5302910373675237,0.10020616730300905,185.41154315803244,222.21317039843908,2290.9871980201867,0.13452664321131153,0.025420756464722504,162.09801119631957,194.3504891850634,1959.8682259694247,0.0,0.0,8.278116831847746,9.968629095471439,78.788838120836,0.0,0.0,93.79663020028049,111.62334551417631,1537.0926026285573,0.0,0.0,248.82020242795856,298.4573277818106,2941.472359805351,0.0,0.0,32.36744968023518,39.05087202168939,272.6429121816289,0.0,0.0,120.15612077367004,144.54378661637248,1217.0097595154378,35.328330091721429,24.23067907525476,250.53944019088986,300.91419961792379,3162.4866316434165,0.0,0.0,145.82688633031004,175.0484688983878,1663.9854351608486,0.0,19.699048907770675,38.1228892171459,22.0,30.0,0.0,20.057226298879454,37.261093268384318,16.0,30.0,0.0,19.099376150408149,39.609660449430787,22.0,30.0,0.0,18.978325786575235,39.96273345032805,16.0,30.0,0.0,17.67544285721256,43.88615714125679,12.0,30.0,0.0,21.143516986721904,35.25441800878458,16.0,30.0,0.0,18.82941711704001,40.68510178795047,10.0,30.0,0.0,17.130522115341117,45.37820104452142,12.0,30.0,0.0,17.980507723256094,42.99510652362887,12.0,30.0,0.0,18.476864897503654,0.0,0.0,0.0,18.609371827196346,0.0,0.0,454.25310473884118,453.3657338450398,455.53906934795,457.31879565972266,473.5211825827184,469.13959836616825,469.01323514461219,472.1152604122962,471.72448289429658,0.0,79.47304207433668,79.47304207433668,60.0,0.0,60.0,60.0,16.0,16.0,16.0,12.0,12.0,12.0,21.0,10.0,0.0,0.0,0.0,0.0,0.0,0.0,0.0,0.0,0.0,0.0,0.0,0.0,0.0,79.47304207433668,79.47304207433668,0.0,0.0,0.0,79.47304207433668,0.0,0.0,0.0020266666666666668 
 03/15  15:00:00,12.98,57.0,7.63,103.5,588.5,0.0,0.0,0.0,0.0,0.0,0.0,0.0,0.0,0.0,0.0,494.0,0.0,2075.8014456142525,57.57183956586832,147.52712871451775,62.242183553679257,1656.6781398177464,0.0,57.571839565868298,78.70506948139558,0.0,0.0,19.05241566986326,96.5095018295724,21.728049163175635,-774.9873563136371,18.851784644093806,203.92436301899398,18.922037296850506,26.247531834771509,17.53178110503808,18.92767903909902,21.990665266852166,-447.1384238094911,18.324492486940703,194.57717270003014,16.915444503489974,97.75528619428497,17.817552973664456,135.2958975157726,299.20528196278067,80.36793687905174,0.0,0.0,0.0,0.0,0.0,0.0,0.0,0.0,0.0,0.0,0.0,0.0,0.0,0.0,0.0,0.0,0.0,0.0,0.0,0.0,0.0,0.0,0.05244050433685313,0.016007479956304375,287.13064636776149,343.73534876983879,3747.428910211855,0.0,0.0,215.9777177241872,257.82428171189596,3172.889068563191,0.6659483743915363,0.12584058473007116,246.27464075711425,295.02349281440748,3125.214030749668,0.14966087508082699,0.028280588639612044,129.7563821281215,155.57426494306925,1578.705989224491,0.0,0.0,8.728461236526807,10.509241950603589,84.56074418967514,0.0,0.0,94.33174728761608,112.23859331229017,1563.1355494419218,0.0,0.0,251.42588679229787,301.48335660439627,3039.4582943498928,0.0,0.0,33.017678473058989,39.83046968869755,283.0070461542542,0.0,0.0,117.90465938692579,141.81309565101032,1213.9355737983615,35.36281333002356,24.25433013033167,254.01899188469595,305.1030988609109,3217.2572076266199,0.0,0.0,143.82407614211025,172.62631943227704,1660.505339337608,0.0,19.42076751784985,38.775217890612058,22.0,30.0,0.0,20.25221863042599,36.80015735586697,16.0,30.0,0.0,19.222354442216,39.28185170628951,22.0,30.0,0.0,18.968887173786717,39.95582357692494,16.0,30.0,0.0,17.714814260109067,43.72653164323634,12.0,30.0,0.0,21.191110094313385,35.12758108898864,16.0,30.0,0.0,18.918133888386835,40.412281926452809,10.0,30.0,0.0,17.158604101657603,45.24443690345939,12.0,30.0,0.0,18.01858606354941,42.84202800442839,12.0,30.0,0.0,18.458765786133346,0.0,0.0,0.0,18.631344236110278,0.0,0.0,453.8661608404324,452.9354947678591,454.7025699978376,456.3406421310365,471.97323228002036,468.2565236459719,467.4454004347373,470.56287279917896,470.17552793622056,0.0,79.47304207433668,79.47304207433668,60.0,0.0,60.0,60.0,16.0,16.0,16.0,12.0,12.0,12.0,21.0,10.0,0.0,0.0,0.0,0.0,0.0,0.0,0.0,0.0,0.0,0.0,0.0,0.0,0.0,79.47304207433668,79.47304207433668,0.0,0.0,0.0,79.47304207433668,0.0,0.0,0.0020433333333333338 
 03/15  15:10:00,12.896666666666669,57.83333333333333,7.573333333333333,99.66666666666666,578.3333333333334,0.0,0.0,0.0,0.0,0.0,0.0,0.0,0.0,0.0,0.0,4950.0,0.0,2026.3824070055569,55.40126594450248,141.9650228231191,60.760360219787859,1617.2371411288162,0.0,55.40126594450245,75.73773077948334,0.0,0.0,20.188729955761287,-669.9240615314787,21.966712084542935,-27.015884069786567,20.183329702178427,-1940.6511326549035,19.26609957076863,1066.4876332779448,17.566298415457596,24.52016793367686,22.03719617401825,-411.43065576085447,18.417530217332009,296.1678126711828,16.93282879497411,105.99083035897205,17.850450493416525,166.4911796934246,562.9213589453548,125.9509140237916,0.0,0.0,0.0,0.0,0.0,0.0,0.0,0.0,0.0,0.0,0.0,0.0,0.0,0.0,0.0,0.0,0.0,0.0,0.0,0.0,0.0,0.0,0.3354067175025509,0.10238300290065655,270.99535561978726,323.5753984511419,4540.902462865556,0.10182614905299964,0.01554123154044561,212.71467044940699,254.4353134350241,3357.480993034405,0.34619344876028637,0.0654182631822159,447.1612995985932,533.3749670591823,7700.23828477431,0.23741217342593097,0.0448624666337738,389.80884664632,467.7978529174134,5386.662083870863,0.0,0.0,9.846880427565952,11.899298424460497,97.5401731239879,0.0,0.0,90.51399738773142,108.10847628722341,1521.9889429825797,0.0,0.0,272.74091201982369,328.1154117276225,3423.9727937153018,0.0,0.0,34.28643257562169,41.517436742456357,300.91825084902089,0.0,0.0,130.34726036254569,157.3548218494197,1372.8218848519674,36.436482841035118,24.99072897190338,558.5585938047719,670.9078519474232,7821.851988407896,0.0,0.0,157.5008954461025,189.71017438380276,1868.5025698563318,1937.3773378931854,21.135713760501824,34.893179518400248,21.999999999999998,30.0,0.0,20.682965744898014,35.85240916347777,15.999999999999999,30.0,4102.020728634621,21.27909261968742,34.58753095209861,21.999999999999998,30.0,0.0,19.654173977263466,38.23931659851284,15.999999999999999,30.0,0.0,17.740784850965338,43.60966562026579,12.0,30.0,0.0,21.23626693941407,34.97460126769004,15.999999999999999,30.0,0.0,19.066095795633303,39.95286437205616,10.0,30.0,0.0,17.178389233850596,45.1278274548064,12.0,30.0,0.0,18.053977284309175,42.6694345738819,15.999999999999999,30.0,0.0,19.28182675166097,0.0,0.0,0.0,18.70782118339595,0.0,0.0,452.70356536478905,452.64407765644969,452.19361827202189,453.2029011301016,470.5688605234232,466.0421377585245,464.2443456073067,468.76853734930287,467.69980982911297,10295.575091178976,81.19722258777006,84.69488636297398,60.0,0.0,60.0,60.0,16.0,16.0,16.0,16.0,12.0,12.0,21.0,10.0,1.0,0.0,1937.3773378931854,0.0,4102.020728634621,0.0,0.0,0.0,0.0,0.0,5293.268608951563,3175961.165370937,4136863.61206419,81.19722258777006,84.7542883053238,0.3464422869650522,0.7669788145103056,0.3602813740196596,84.7542883053238,0.3542647819438876,4136863.61206419,0.2171769078273379 
 03/15  15:20:00,12.813333333333335,58.66666666666667,7.516666666666667,95.83333333333333,568.1666666666666,0.0,0.0,0.0,0.0,0.0,0.0,0.0,0.0,0.0,0.0,1980.0,0.0,1973.8092181891462,53.20373681645043,136.33384419108828,59.18396123963382,1575.278848913824,0.0,53.2037368164504,72.73354185630596,0.0,0.0,20.698695632822508,-1246.3482006482373,22.538505697716969,-114.08396118215706,20.490210074316538,-946.3361436318,19.85089277975947,500.16303257164148,17.61800096343605,28.311323121673455,22.11879074787302,-383.5959333184892,18.608861513735137,264.1413751882724,16.96914248980488,116.66298504293337,17.91429828031646,186.56467375518379,610.6272534635541,165.49010636066306,0.0,0.0,0.0,0.0,0.0,0.0,0.0,0.0,0.0,0.0,0.0,0.0,0.0,0.0,0.0,0.0,0.0,0.0,0.0,0.0,0.0,0.0,0.4348206360609303,0.13272913188673086,316.218946568845,376.7814835700545,5713.263033145179,0.09277253875580165,0.014159422887027113,161.59910374189497,192.6744992461832,2855.228923101143,0.6176329630812165,0.11671068841292833,346.8494466272681,413.7184054492273,6046.5490067094619,0.23901575756238103,0.04516548706772127,330.32221825775818,395.1742081209543,5156.913405580996,0.0,0.0,10.328020809506663,12.471818726627284,105.17602308981184,0.0,0.0,87.29725402170017,104.15284958502528,1501.7018005683386,0.0,0.0,289.0374591418354,347.201809114658,3825.9259280031226,0.0,0.0,36.686199092914907,44.3865529084104,332.0722432135609,0.0,0.0,141.78281285351114,171.00164946050684,1542.0662001629915,37.00409107058995,25.380035027839477,457.0933582022051,548.2963441969064,6982.550129109552,0.0,0.0,171.50864715938963,206.3677451788302,2104.7110968112549,1721.530956747792,21.850397053835026,33.377122979722759,22.0,30.0,0.0,21.613179092678707,33.86336730756469,16.0,30.0,1527.5588080817414,21.497924326669869,34.114386398520078,21.5,30.0,0.0,20.523985964751455,36.21429526705617,16.0,30.0,0.0,17.795464341355456,43.3673704407467,12.0,30.0,0.0,21.347826572761237,34.67546344952537,16.0,30.0,0.0,19.32896990961803,39.24286108261573,10.0,30.0,0.0,17.23045947070007,44.870161185093767,12.0,30.0,0.0,18.141409248224649,42.33816341702693,16.0,30.0,0.0,19.77908365272391,0.0,0.0,0.0,18.82812918339042,0.0,0.0,451.4140576535412,452.0406869647586,451.2681441642984,452.5946110046639,467.5936599179902,463.4723584402343,461.911539014603,465.3529682163831,464.43055256658888,8760.863355562062,82.21197027833678,84.05923059042779,60.0,0.0,60.0,60.0,16.0,16.0,16.0,16.0,12.0,12.0,21.0,10.0,1.0,0.0,1721.530956747792,0.0,1527.5588080817414,0.0,0.0,0.0,0.0,0.0,2795.4344884554568,1677260.6930732739,2176412.0986316155,82.21197027833678,84.09060320301048,0.3481811496151819,0.770295878778261,0.36028137401965956,84.09060320301048,0.3542647819438875,2176412.0986316155,0.11522342912884401 
 03/15  15:30:00,12.73,59.5,7.46,92.0,558.0,0.0,0.0,0.0,0.0,0.0,0.0,0.0,0.0,0.0,0.0,1981.0,0.0,1918.2572334784493,50.9799386273213,130.63535212237398,57.51824456765657,1530.9432120244729,0.0,50.97993862732128,69.6934411350538,0.0,0.0,20.44426318457697,47.66773418010234,22.66562800262711,-694.5930188894593,20.56776205181263,-374.1020636392291,19.961588766838575,239.8079532813997,17.66795126076925,28.43397452444316,22.20330787817194,-365.62778988091136,18.667199892952227,208.20806999569869,17.011007614784086,121.97576763111516,17.983716694653184,194.45937374338724,641.5233254328273,193.9570427647909,0.0,0.0,0.0,0.0,0.0,0.0,0.0,0.0,0.0,0.0,0.0,0.0,0.0,0.0,0.0,0.0,0.0,0.0,0.0,0.0,0.0,0.0,0.5636228026983452,0.1720460325697025,290.061164598805,346.1444414672884,5049.39580404152,0.026207590975926448,0.003999937572638347,245.5625228371957,292.7083235639601,4412.395958502055,0.6784779005219362,0.12820822005327599,219.51608177782138,261.8039988328927,3841.2921069929686,0.18874934174680672,0.035666920209147138,224.6316985957641,268.58372784235407,3583.6426271421566,0.0,0.0,9.756295556713484,11.779252712145704,101.97266365502319,0.0,0.0,88.873429968939,105.98366501007362,1564.8741024857039,0.0,0.0,284.4593557291198,341.67176767722938,3834.5563393492486,0.0,0.0,36.93041225291069,44.67538285008563,344.8229353453961,0.0,0.0,142.849622930228,172.25045733894803,1604.2827099938377,37.05996816882875,25.418359512228233,377.80618032319446,452.9543969217368,6100.712323160992,0.0,0.0,173.2327896019267,208.40877949263959,2180.63623438826,0.0,21.31888142693623,34.50783434503714,21.0,30.0,0.0,21.70012109612957,33.69857365027609,16.0,30.0,895.524399750511,21.493269331278726,34.1385966981721,21.25,30.0,0.0,20.61274176404467,36.02745650605129,16.0,30.0,0.0,17.845077785939226,43.1497210601887,12.0,30.0,0.0,21.46969355518697,34.34447876333722,16.0,30.0,0.0,19.36782784904742,39.08086341375003,10.0,30.0,0.0,17.288627583103449,44.60029597655459,12.0,30.0,0.0,18.235584946211739,41.9889505634212,16.0,30.0,0.0,19.988455347329056,0.0,0.0,0.0,18.903941452581117,0.0,0.0,450.2256971468536,449.35952986277956,449.6811116361846,450.361546814021,464.72086803517609,459.8013549823228,458.7167844213167,461.6946148082515,460.6184498040287,4499.954059982092,80.79888313900318,80.79888313900318,60.0,0.0,60.0,60.0,16.0,16.0,16.0,16.0,12.0,12.0,21.0,10.0,1.0,0.0,0.0,0.0,895.524399750511,0.0,0.0,0.0,0.0,0.0,0.0,0.0,0.0,80.79888313900318,80.79888313900318,0.17,0.3480826960943837,0.18014068700982978,80.79888313900318,0.17713239097194376,0.0,0.00204 
 03/15  15:40:00,12.646666666666669,60.33333333333333,7.403333333333332,89.16666666666667,524.6666666666666,0.0,0.0,0.0,0.0,0.0,0.0,0.0,0.0,0.0,0.0,1489.0,0.0,1800.1825915668865,48.574150792315048,124.47047157334771,53.977811580840718,1436.7088557935579,0.0,48.57415079231502,66.40454677038739,0.0,0.0,20.514468296590864,45.0263481342445,22.579017485096398,-680.0890510454758,20.5523729105999,-637.9172036583625,19.97046003843581,291.0048307316167,17.710208340899976,26.965916394907674,22.231939842186024,-390.4633931862078,18.67846687121229,212.5438425521802,17.043917845129845,115.62831914303882,18.032198853821649,167.95332329132376,642.7317285785113,181.5141717658618,0.0,0.0,0.0,0.0,0.0,0.0,0.0,0.0,0.0,0.0,0.0,0.0,0.0,0.0,0.0,0.0,0.0,0.0,0.0,0.0,0.0,0.0,0.553091738884646,0.16883142212596048,259.8548980026899,309.8907263419907,4550.670039988138,0.025829192779640337,0.0039421844901771,227.04380015296673,270.5190896811747,4065.065154400303,0.6044147595691549,0.11421291753007476,267.5128302116091,319.21381696905629,4681.905901045827,0.1841178666339545,0.03479173594745929,249.67985307156358,298.6476689325849,4008.481107276838,0.0,0.0,9.720841123706446,11.730924150097856,104.01811018784446,0.0,0.0,90.52745336592969,107.89210700891167,1619.4090382127054,0.0,0.0,278.5181871998159,334.4245190327246,3794.67919041983,0.0,0.0,36.21280224641671,43.78438498365825,347.0821357147948,0.0,0.0,137.4590092919275,165.65766766545225,1581.348195842535,36.95297173477379,25.344973754988908,403.20808886874337,483.2231806594363,6546.742413790379,0.0,0.0,166.9869110116101,200.8305131325131,2123.9664674955986,569.7026564388284,21.344110298670456,34.476314798438618,21.33333333333335,30.00000000000002,0.0,21.55724319202134,34.01262702640424,16.000000000000015,30.00000000000002,1102.000394687897,21.415261456381914,34.326470285180828,21.33333333333335,30.00000000000002,0.0,20.593252789813833,36.085032191563239,16.000000000000015,30.00000000000002,0.0,17.884757662543725,42.97524923542902,12.00000000000001,30.00000000000002,0.0,21.527601822475967,34.194133586291638,19.000000000000015,30.00000000000002,0.0,19.35562410115434,39.088673218792987,10.000000000000007,30.00000000000002,0.0,17.32711746355328,44.4384797018857,16.000000000000015,30.00000000000002,0.0,18.2876224101441,41.81771895383512,16.000000000000015,30.00000000000002,0.0,19.987782425785875,0.0,0.0,0.0,18.885108781673478,0.0,0.0,449.117266640853,447.9656620712119,448.43264078400525,449.17970779186205,462.2120261067367,458.05266749741477,457.34805584330516,459.56828612801686,459.0464578303571,5965.465684984027,81.5252091189765,81.5252091189765,60.00000000000004,0.0,60.00000000000004,60.00000000000004,16.0,16.0,19.0,16.0,16.0,12.0,21.0,10.0,1.0,0.0,569.7026564388284,0.0,1102.000394687897,0.0,0.0,0.0,0.0,0.0,0.0,0.0,0.0,81.5252091189765,81.5252091189765,0.22666666666666686,0.4643076927726495,0.24018758267977323,81.5252091189765,0.23617652129592518,0.0,0.00203 
 03/15  15:50:00,12.563333333333333,61.16666666666667,7.346666666666667,86.33333333333334,491.33333333333339,0.0,0.0,0.0,0.0,0.0,0.0,0.0,0.0,0.0,0.0,1491.0,0.0,1681.1457680262732,46.214486836660977,118.4237880761792,50.40852913908844,1341.7066045598127,0.0,46.21448683666095,63.17870724566596,0.0,0.0,20.601291401725225,-9.157143596779563,22.60108829878297,-502.8463870867572,20.33792551985412,-353.7545340394836,20.04426577279044,389.4623396737925,17.748361885589995,29.86764337009906,22.237014652599357,-363.8827148414795,18.760148481154539,236.71424932497355,17.074017619112867,119.90334052250162,18.073722691617705,177.79510033375346,642.221441565356,228.34257610776496,0.0,0.0,0.0,0.0,0.0,0.0,0.0,0.0,0.0,0.0,0.0,0.0,0.0,0.0,0.0,0.0,0.0,0.0,0.0,0.0,0.0,0.0,0.5847031705750124,0.17848082129884403,212.75715213672766,253.6582413409257,3713.4305695443329,0.06399488405027218,0.009767228945401746,145.5361540232384,173.21936304629288,2643.6519285123265,0.7032989333662785,0.13289851348569149,248.4758376518447,296.60168912568715,4316.6724063531969,0.20615629090556487,0.03895621521269179,260.19031809406075,311.0734885711597,4274.855143503371,0.0,0.0,10.049838763801894,12.126818427402127,109.9332602146209,0.0,0.0,87.28746334702166,104.00869214814697,1583.330895398215,0.0,0.0,289.49297429760989,347.47936425579538,4053.3429523040497,0.0,0.0,37.65866988281808,45.52753089957799,369.9668471626486,0.0,0.0,145.81886701918229,175.70722952341095,1715.2463603129566,37.24612351573951,25.54603807663893,324.415228578409,388.6314297990843,5428.781791591932,0.0,0.0,176.86822889328205,212.67278377104669,2300.6639661568849,0.0,21.294109787594829,34.620133559378029,21.000000000000015,30.00000000000002,0.0,21.65583403038628,33.86569213066904,16.000000000000015,30.00000000000002,147.86009123460173,21.14892739672841,34.93680668255733,21.000000000000015,30.00000000000002,0.0,20.700213202528468,35.8950377115619,16.000000000000015,30.00000000000002,0.0,17.919513506524507,42.828025709851839,12.00000000000001,30.00000000000002,0.0,21.570514251725187,34.07946062189406,19.000000000000015,30.00000000000002,0.0,19.461124528943139,38.81055823747464,10.000000000000007,30.00000000000002,0.0,17.36227187699132,44.29493984606144,16.000000000000015,30.00000000000002,0.0,18.333035977735958,41.65670796288815,16.000000000000015,30.00000000000002,0.0,19.97553676117309,0.0,0.0,0.0,18.944531897482898,0.0,0.0,448.00692449813166,445.8991357943809,446.97921047688529,447.4779604328164,459.7444737218146,455.63922646922227,454.6769664673478,457.06539832157577,456.2968081484398,2788.599847035886,82.85043799709665,82.85043799709665,60.00000000000004,0.0,60.00000000000004,60.00000000000004,16.0,16.0,19.0,16.0,16.0,12.0,21.0,10.0,1.0,0.0,0.0,0.0,147.86009123460173,0.0,0.0,0.0,0.0,0.0,0.0,0.0,0.0,82.85043799709665,82.85043799709665,0.11333333333333343,0.20543344017800556,0.12009379133988661,82.85043799709665,0.11808826064796259,0.0,0.0020266666666666668 
 03/15  16:00:00,12.48,62.0,7.29,83.5,458.0,0.0,0.0,0.0,0.0,0.0,0.0,0.0,0.0,0.0,0.0,1992.0,0.0,1535.866891124056,41.30883034871338,105.85314978154104,46.052393692602468,1225.760874113479,0.0,41.30883034871336,56.4723029055018,0.0,0.0,20.358253699583579,277.7075492897361,22.51982597657266,-507.1743001603372,20.7817942291591,-1253.2608334244747,20.142923705622324,479.45667602791107,17.77804031110452,27.331161696388607,22.202777024512913,-383.86117551371856,18.76746219081114,211.40250752985049,17.09690804141313,111.70047699442205,18.104424125055169,153.22862165845459,666.6769860645159,204.65418127591239,0.0,0.0,0.0,0.0,0.0,0.0,0.0,0.0,0.0,0.0,0.0,0.0,0.0,0.0,0.0,0.0,0.0,0.0,0.0,0.0,0.0,0.0,0.6274930714713158,0.1915424516090708,291.25838686398228,347.6973024183839,5106.672105976397,0.0876578929493528,0.013378799290194263,170.0823789070013,202.7861666135195,3103.074214810493,0.48493880632994759,0.0916362067894837,388.13568786011526,462.55424992889587,7193.257981357559,0.189151486800643,0.03574291133798997,282.1954975086986,337.2728484947218,4766.311264706419,0.0,0.0,9.82387249595403,11.85631342138034,109.5524926303501,0.0,0.0,89.88277325398465,107.14611818878203,1644.012159935023,0.0,0.0,277.8691529129225,333.6564502820148,3920.930817766617,0.0,0.0,36.024856961470849,43.562175219636809,361.5930900536111,0.0,0.0,136.9581853950177,165.06346674940392,1641.0199658435229,37.122869688285039,25.461501843816906,470.3924171727865,563.3218288698787,7907.7064320566919,0.0,0.0,166.33529252342184,200.10275345004465,2173.5070063453306,0.0,21.151103837152414,34.97156813287957,21.0,30.0,0.0,21.55594123386849,34.12811874614759,16.0,30.0,1798.6720152313943,21.652158626120064,33.93999766363438,21.5,30.0,0.0,20.83830764787086,35.647250952749889,16.0,30.0,0.0,17.94139337890088,42.73387102802198,12.0,30.0,0.0,21.56326249110368,34.088583283530059,19.0,30.0,0.0,19.431746608342814,38.88170660722633,10.0,30.0,0.0,17.384092148140526,44.21364688256503,16.0,30.0,0.0,18.358088767668556,41.57896882813256,16.0,30.0,0.0,20.094960667981359,0.0,0.0,0.0,18.890705667754717,0.0,0.0,445.72996066552346,444.57882664123818,445.49508556023667,446.1699747015105,457.74755598517506,454.06029831288086,453.25676508562966,455.3960250479471,454.90154550171766,5224.691282312255,81.74560191368889,83.56694784225218,60.0,0.0,60.0,60.0,16.0,16.0,19.0,16.0,16.0,12.0,21.0,10.0,1.0,0.0,0.0,0.0,1798.6720152313943,0.0,0.0,0.0,0.0,0.0,2756.2601079655207,1653756.0647793124,2153446.1063132856,81.74560191368889,83.59788034257271,0.17687533693218403,0.3828917951990025,0.18014068700982978,83.59788034257271,0.17713239097194376,2153446.1063132856,0.11400253086162418 
 03/15  16:10:00,12.376666666666667,62.5,7.261666666666667,80.66666666666667,424.66666666666665,0.0,0.0,0.0,2.0,0.0,0.0,0.0,0.0,0.0,4.0,1497.0,0.0,1421.0709766399724,39.00665174142693,99.95378558014206,42.61027506552869,1134.1432713768509,0.0,39.00665174142691,53.325050210236458,0.0,0.0,20.799885847845269,-437.0932967412991,22.52665979437097,-382.2325640083145,20.5914510056869,-623.0151144688319,20.174218905790427,262.29792473694308,17.800875840232309,21.151174221586325,22.369437870438625,-65.6046039293148,18.63782090792428,86.84851450681558,17.111108954515026,103.52855075125717,18.114961322174549,115.76116743921816,688.3630920559269,165.13458532033506,0.0,0.0,0.0,0.0,0.0,0.0,0.0,0.0,0.0,0.0,0.0,0.0,0.0,0.0,0.0,0.0,0.0,0.0,0.0,0.0,0.0,0.0,0.626121151332359,0.1911236725678752,243.277768433321,289.63937136398507,4583.583706552193,0.09482058815146005,0.01447200673862333,207.61466172703789,247.33854356673826,3860.114767066306,0.6415432144162465,0.12122887649588943,240.2396705427988,286.4851274272216,4342.443809315018,0.18998853046616616,0.03590108285452874,247.5074404923347,295.6843693907651,4213.321756250261,0.0,0.0,8.53143416893306,10.289862187099823,97.10903975641296,0.0,0.0,13.076819889425295,15.55740199312661,251.23562948141018,0.0,0.0,186.80053244874996,224.4600558799357,2564.0694743796568,0.0,0.0,35.15114539729031,42.487672346293908,360.7465771996676,0.0,0.0,118.47679151473742,142.76535687283846,1442.4989216252673,37.276836552396,25.567103259530876,417.06968863760837,499.27898742136468,7156.815825198151,0.0,0.0,146.59764617970795,176.38388231972253,1914.7246626331574,1067.8307472552368,21.692104008405683,33.89001583136903,21.666666666666666,30.0,0.0,21.63221670048477,34.004791502861589,16.0,30.0,0.0,21.352617678118138,35.390241333968727,21.0,30.0,0.0,20.812701502428057,36.22853044546131,16.0,30.0,0.0,17.95146824383382,42.68919055234851,12.0,30.0,0.0,21.92526501170557,35.04280730528648,19.0,30.0,0.0,19.129292262273578,39.63200146555073,10.0,30.0,0.0,17.39143637429483,44.19089842150017,16.0,30.0,0.0,18.348630556281735,41.60654054099154,16.0,30.0,0.0,20.180331529275969,0.0,0.0,0.0,18.776645511068304,0.0,0.0,444.72379805754709,444.50309177167858,490.05572505222929,472.4973241423683,456.14160526922606,550.4311676154515,451.13080704518509,454.18650483526735,453.77946845209729,7817.612774806967,82.83563324782887,82.83563324782887,1744.0,0.0,1744.0,1744.0,16.0,16.0,19.0,16.0,16.0,12.0,21.0,10.0,1.0,0.0,1067.8307472552368,0.0,0.0,0.0,0.0,0.0,0.0,0.0,0.0,0.0,0.0,82.83563324782887,82.83563324782887,0.34,0.7710264226630141,0.36028137401965956,82.83563324782887,0.3542647819438875,0.0,0.05871466666666667 
 03/15  16:20:00,12.273333333333336,63.0,7.233333333333333,77.83333333333333,391.33333333333339,0.0,0.0,0.0,2.0,0.0,0.0,0.0,0.0,0.0,4.0,1996.0,0.0,1308.7122194216973,36.80401743442439,94.30950709678965,39.24123464030697,1044.470751242809,0.0,36.80401743442437,50.31388212038586,0.0,0.0,20.60467583829143,-3.7811444620219847,22.57492441548504,-530.2580791009903,20.746501541091456,-771.6998963374722,20.163598429469237,330.67152886410897,17.81812457467717,19.208567376911917,22.58368807729731,-71.59716687495569,18.621309766071886,106.61537896811456,17.115749328648226,93.08846990989571,18.104240167219296,92.57023498550075,659.974770951319,167.7256675595977,0.0,0.0,0.0,0.0,0.0,0.0,0.0,0.0,0.0,0.0,0.0,0.0,0.0,0.0,0.0,0.0,0.0,0.0,0.0,0.0,0.0,0.0,0.6237726059257079,0.19040677836560075,194.5072471372622,231.93246931597794,3545.912249370498,0.0780416542455891,0.011911119390352429,169.05636726789815,201.2054091565554,3215.7641907246836,0.6881309724853715,0.1300323077258828,262.73641264247029,313.13784104887199,4889.964948363976,0.2082015557504099,0.03934269760967684,272.67322214902017,325.81516495610256,4671.529614772194,0.0,0.0,8.363497998030088,10.093339620635082,96.98813151503248,0.0,0.0,14.019950608960464,16.658123066460097,282.6965805601127,0.0,0.0,181.08369638095457,217.68428078333603,2506.939375486886,0.0,0.0,34.435610041076518,41.638237747160868,360.0099433257712,0.0,0.0,113.70420099090406,137.04780023985968,1398.404203282891,37.46484968915574,25.696056028227536,392.9502022030947,470.4567346684348,6822.447612532567,0.0,0.0,141.16451375509866,169.92533834210372,1845.1190827281415,0.0,21.332631573432978,34.83946469381471,21.0,30.0,0.0,21.775540450158414,34.044317984016249,16.0,30.0,0.0,21.50989620487161,35.392626967332109,21.0,30.0,0.0,20.768050788085526,36.86199069340825,16.0,30.0,0.0,17.954323971077014,42.69792079569304,12.0,30.0,0.0,22.311401570188595,36.05711663127382,19.0,30.0,0.0,19.084831914846146,39.81543077471554,10.0,30.0,0.0,17.382522800256944,44.28546881029527,16.0,30.0,0.0,18.306667939471994,41.79516144052156,16.0,30.0,0.0,20.10953600882325,0.0,0.0,0.0,18.681721408573165,0.0,0.0,454.1656096768868,460.2817152698668,504.14356639360769,496.66420604935748,455.4857066268336,651.3178442101666,452.1667011486744,455.1984614042515,455.0467578113834,0.0,84.78743979308256,84.78743979308256,1744.0,0.0,1744.0,1744.0,16.0,16.0,19.0,16.0,16.0,12.0,21.0,10.0,1.0,0.0,0.0,0.0,0.0,0.0,0.0,0.0,0.0,0.0,0.0,0.0,0.0,84.78743979308256,84.78743979308256,0.0,0.0,0.0,84.78743979308256,0.0,0.0,0.05881155555555557 
 03/15  16:30:00,12.17,63.5,7.205,75.0,358.0,0.0,0.0,0.0,2.0,0.0,0.0,0.0,0.0,0.0,4.0,499.0,0.0,1197.5681327873547,34.61769692075038,88.70704137970773,35.90861687650801,955.7676615109972,0.0,34.61769692075037,47.32501622284161,0.0,0.0,20.39781091806639,200.19810529475763,22.379397445039318,-578.2256650171021,20.837519895788256,-799.8153645403309,20.21856929374917,334.38154927006328,17.833423910607367,17.683069310730333,22.75824917046988,-80.51233185767092,18.539995137667114,106.85993295780827,17.1142050731599,88.00956671905988,18.089710742175819,87.07235992402184,681.7249726096088,165.88120899124989,0.0,0.0,0.0,0.0,0.0,0.0,0.0,0.0,0.0,0.0,0.0,0.0,0.0,0.0,0.0,0.0,0.0,0.0,0.0,0.0,0.0,0.0,0.7300508203257735,0.22284823575267813,232.71379531668826,276.9595860388498,4152.15571415854,0.08267048627011814,0.012617595584572367,221.0993026548813,262.68760826307308,4144.2124442229,0.5537275248013153,0.10463483083925085,272.8634334151951,324.01642207285416,5178.1408482406109,0.189506825039669,0.0358100576416608,277.0156848540121,329.8054149298131,4843.921804999371,0.0,0.0,8.008807341093198,9.63227715052029,94.63620086598879,0.0,0.0,14.721945321844095,17.40074774092667,309.93119590172616,0.0,0.0,171.22696945670175,205.2512528615797,2351.042808647118,0.0,0.0,33.10124937865136,39.89181025581699,351.9803106971188,0.0,0.0,107.8834808993587,129.61392575257904,1340.7826774591923,37.506628519265309,25.724710918563319,445.6776553369825,531.8400940718433,7812.243097665456,0.0,0.0,134.37048094071873,161.24023032540468,1764.5453338076907,2.3607530228820945,21.000246223594226,35.89340186248132,21.0,30.0,0.0,21.487459580755098,35.0467709856165,16.0,30.0,0.0,21.590976460686489,35.524620600269638,21.0,30.0,0.0,20.84014694936603,36.974416961700779,16.0,30.0,0.0,17.956473773701985,42.81795100640641,12.0,30.0,0.0,22.661031310367897,37.019427050915137,19.0,30.0,0.0,18.919541667646294,40.44730154579948,10.0,30.0,0.0,17.3643418585693,44.518069254136268,16.0,30.0,0.0,18.263482747461369,42.07268546582188,16.0,30.0,0.0,20.18389569698487,0.0,0.0,0.0,18.604055518463335,0.0,0.0,469.6060057018167,477.45245547356395,517.1536926350287,508.65374799972099,458.62955712611639,737.7394389510873,460.2193031109466,460.1841783148339,459.9424888999668,5649.896614452379,84.26848961254693,84.26848961254693,1744.0,0.0,1744.0,1744.0,16.0,16.0,19.0,16.0,16.0,12.0,21.0,10.0,1.0,0.0,2.3607530228820945,0.0,0.0,0.0,0.0,0.0,0.0,0.0,0.0,0.0,0.0,84.26848961254693,84.26848961254693,0.34,0.6136114056311779,0.36028137401965956,84.26848961254693,0.3542647819438875,0.0,0.058908444444444447 
 03/15  16:40:00,12.066666666666667,64.0,7.176666666666666,67.0,332.83333333333339,0.0,0.0,0.0,2.0,0.0,0.0,0.0,0.0,0.0,4.0,2000.0,0.0,1091.0966401624269,30.81524701782918,78.96332004779997,32.71610219414445,870.7936933879549,0.0,30.815247017829166,42.12677892374437,0.0,0.0,20.952301039725847,-691.5312706600807,22.411410099412213,-99.59336315618089,20.904286861783473,-791.1652135534146,20.257306760986343,350.7441478032956,17.84822534754192,17.388940938436919,22.796651735319956,-98.39273568166175,18.59229144289079,188.12823789531127,17.115793427689469,82.34891787798796,18.083164603504366,70.39468754798929,709.9029904078952,181.1326782823221,0.0,0.0,0.0,0.0,0.0,0.0,0.0,0.0,0.0,0.0,0.0,0.0,0.0,0.0,0.0,0.0,0.0,0.0,0.0,0.0,0.0,0.0,0.6807802399032558,0.2078083760388449,238.9384819567839,284.49896146255517,4705.390155546046,0.13448944416960999,0.020526471942858665,176.04758599793346,209.83036838653752,3392.711907747304,0.7142487801987405,0.13496764554020045,274.0468579354196,326.4714790408275,5277.0422583268159,0.21803076846699877,0.04120006962717285,282.45127258438,337.33502674724226,5016.826853752258,0.0,0.0,8.993089776882087,10.849489796799598,108.13297141731826,0.0,0.0,15.1321530775666,17.94689663868721,323.75206849922406,0.0,0.0,179.2244150236629,215.41323355083876,2535.639512958802,0.0,0.0,33.890240516556307,40.97180712005581,366.6658789256015,0.0,0.0,109.14706617619302,131.54149769628135,1373.6433354234885,37.853752727366998,25.962793365820994,437.82909685043105,524.1077750525153,7860.092730709259,0.0,0.0,136.06286959802936,163.80528695678678,1798.4187540357289,1149.8445642411235,21.828860242555906,34.527005799416887,21.75,30.0,0.0,21.68589714354511,34.733299236364199,16.0,30.0,0.0,21.627202383313823,35.72494510754099,21.0,30.0,0.0,20.878530054917325,37.219660177377487,19.0,30.0,0.0,17.958122879221358,42.90468698659615,12.0,30.0,0.0,22.738082862894005,37.36532454788539,19.0,30.0,0.0,19.022412554370346,40.49884256275626,10.0,30.0,0.0,17.35480874267097,44.78286774941334,16.0,30.0,0.0,18.240634075437116,42.405975727258759,16.0,30.0,0.0,20.263942690338568,0.0,0.0,0.0,18.543123310691937,0.0,0.0,487.4963335911563,483.41064520807478,530.329866238762,522.2526416396742,461.20673596809908,761.0827583660231,471.291988494826,468.15548762032179,469.62635272847998,6645.061142420553,82.08964465433928,82.08964465433928,1744.0,0.0,1744.0,1744.0,16.0,19.0,19.0,16.0,16.0,12.0,21.0,10.0,1.0,0.0,1149.8445642411235,0.0,0.0,0.0,0.0,0.0,0.0,0.0,0.0,0.0,0.0,82.08964465433928,82.08964465433928,0.255,0.5778788388230329,0.27021103051474468,82.08964465433928,0.2656985864579156,0.0,0.05900533333333333 
 03/15  16:50:00,11.963333333333333,64.5,7.148333333333333,59.00000000000001,307.6666666666667,0.0,0.0,0.0,2.0,0.0,0.0,0.0,0.0,0.0,4.0,1000.0,0.0,986.3970108319015,27.033977619710766,69.27388024239755,29.57671702310968,787.2338419387621,0.0,27.03397761971075,36.957496980507297,0.0,0.0,20.46263635760593,131.90672064502088,22.448773720967677,-538.8139668504005,20.97054034319078,-851.1358104261644,20.307776786925844,355.9281937978194,17.864920896376164,18.382593731432679,22.829383633145008,-84.749489948666,18.60891683970668,71.54987968684509,17.11774527236692,80.65313070742468,18.077980396674719,77.69436687181815,690.8819134652677,224.7395495674532,0.0,0.0,0.0,0.0,0.0,0.0,0.0,0.0,0.0,0.0,0.0,0.0,0.0,0.0,0.0,0.0,0.0,0.0,0.0,0.0,0.0,0.0,0.8134084522833467,0.2482931783526699,272.73051806537105,324.85495964565549,5032.272020388232,0.06748170301595703,0.010299405222215666,230.7972691702673,274.2753698719548,4486.486730124369,0.5964915685014451,0.11271571589218546,279.3922961735793,332.358645404594,5458.670985266605,0.20086226924692975,0.0379558331910298,283.79770395538687,338.46609362075756,5134.645233137439,0.0,0.0,8.119942622268255,9.788166529075,99.45453507572658,0.0,0.0,15.496116781432106,18.34429452502112,337.61266450117247,0.0,0.0,181.97764754436629,218.52547362672824,2605.1370645198569,0.0,0.0,33.585705777992178,40.562136147211038,370.0210570795537,0.0,0.0,118.79949746922179,143.02427559232155,1516.4806781361686,37.89245478842051,25.98933798931449,486.0846655238255,580.8907275186753,8707.652954564925,0.0,0.0,146.32289015415916,175.9689682563709,1961.6222592720056,0.0,20.99900556186733,36.386408466551618,21.0,30.0,0.0,21.791002105546768,34.79969843651715,16.0,30.0,0.0,21.668634818080649,35.84070376696278,21.0,30.0,0.0,20.940864774373908,37.272628042866177,19.0,30.0,0.0,17.965039792795,43.118488661421917,12.0,30.0,0.0,22.831469270306309,37.857012436934088,19.0,30.0,0.0,19.00354990574956,40.74300351577283,10.0,30.0,0.0,17.34771671606279,45.152135610870939,16.0,30.0,0.0,18.224284276705104,42.76737161901346,16.0,30.0,0.0,20.191748613734484,0.0,0.0,0.0,18.5327402572571,0.0,0.0,490.31869277828437,495.8513674521008,538.8758619026394,530.5597417614811,468.5930433580654,791.6460492736562,479.0022611743326,479.73856923341546,480.80723132084918,0.0,81.91913188794124,81.91913188794124,1744.0,0.0,1744.0,1744.0,16.0,19.0,19.0,16.0,16.0,12.0,21.0,10.0,1.0,0.0,0.0,0.0,0.0,0.0,0.0,0.0,0.0,0.0,0.0,0.0,0.0,81.91913188794124,81.91913188794124,0.0,0.0,0.0,81.91913188794124,0.0,0.0,0.05900533333333333 
 03/15  17:00:00,11.86,65.0,7.12,51.0,282.5,0.0,0.0,0.0,2.0,0.0,0.0,0.0,0.0,0.0,4.0,1503.0,0.0,884.0015915591515,23.27711659914168,59.64699355084517,26.506423551336164,705.5129677607088,0.0,23.27711659914167,31.821583139895297,0.0,0.0,21.04259951084361,-556.5464989952229,22.260732896505709,-202.49686033582416,21.01185246671893,-838.695746318273,20.339681618855658,328.58681920178148,17.878872561066893,16.151132931325276,22.82278834019081,-99.92358561463027,18.577566849093516,164.73147589507955,17.117781457593784,75.10732451844362,18.072934541515719,58.07054057419893,715.4119790670702,206.03107906554838,0.0,0.0,0.0,0.0,0.0,0.0,0.0,0.0,0.0,0.0,0.0,0.0,0.0,0.0,0.0,0.0,0.0,0.0,0.0,0.0,0.0,0.0,0.79579221695769,0.2429158171421522,242.0719239976949,288.1028785289725,4856.904905215471,0.13438417574033119,0.0205104053327734,189.60194862471796,225.95587707250864,3690.070969141317,0.6489994525985364,0.12263784062708563,269.5770641806117,320.9187180767893,5330.276389350145,0.20339122951274925,0.038433716839143868,274.1981435965011,327.2021424077665,5033.825623843635,0.0,0.0,8.701407569251847,10.491082811769397,108.45896481882396,0.0,0.0,15.619119476241924,18.50329313660753,344.45992120038866,0.0,0.0,173.92152123412945,209.00898862665145,2505.1398741468176,0.0,0.0,33.03887770627967,39.92489174632482,370.2080586795579,0.0,0.0,106.85280886849725,128.7471741264248,1382.3782748843644,38.074222540567379,26.114007229470109,440.2112006292127,526.6699468645699,8109.226545211471,0.0,0.0,133.28793381490559,160.4763597870585,1783.4654395126925,1110.8742822108846,21.858405673805568,34.83826089138356,21.666666666666687,30.00000000000002,0.0,21.56625179694346,35.40027938085139,16.000000000000015,30.00000000000002,0.0,21.68127377126794,36.03136174330715,21.000000000000015,30.00000000000002,0.0,20.97137851110163,37.43636416709832,19.000000000000015,30.00000000000002,0.0,17.968442692964286,43.352227128957768,12.00000000000001,30.00000000000002,0.0,22.865183209350318,38.19085687809739,19.000000000000015,30.00000000000002,0.0,18.943371394418486,41.192539064863158,10.000000000000007,30.00000000000002,0.0,17.337342118060027,45.49396306722988,16.000000000000015,30.00000000000002,0.0,18.206125919624779,43.114619123735938,16.000000000000015,30.00000000000002,0.0,20.25954374252816,0.0,0.0,0.0,18.41461271514928,0.0,0.0,504.3690740329939,501.62594926535828,548.6136591360034,540.2326378432414,477.0913871105254,808.1782567180403,489.75837581848489,490.1846857759439,491.4060571014262,9810.681493291731,81.51792487506607,81.51792487506607,1744.0000000000014,0.0,1744.0000000000014,1744.0000000000014,16.0,19.0,19.0,16.0,16.0,12.0,21.0,10.0,1.0,0.0,1110.8742822108846,0.0,0.0,0.0,0.0,0.0,0.0,0.0,0.0,0.0,0.0,81.51792487506607,81.51792487506607,0.3400000000000003,0.7702469723371779,0.3602813740196598,81.51792487506607,0.3542647819438878,0.0,0.05900533333333334 
 03/15  17:10:00,11.736666666666667,65.66666666666667,7.193333333333333,43.0,257.3333333333333,0.0,4.0,0.0,0.0,0.0,0.0,0.0,0.0,0.0,0.0,2004.0,0.0,784.5012731635126,19.547946649630235,50.091072003329589,23.522939374728638,626.1026547613825,0.0,19.547946649630224,26.72352509281083,0.0,0.0,20.741549791950609,-57.533660817357489,22.252214639791999,-540.5323024508566,20.70485873825914,-102.35449603938588,20.38033681028217,-34.900654683129548,17.899098476140936,27.609511309712646,22.459381095605786,-626.9550036323935,18.9286155735737,339.1805406130361,17.124158306228304,88.1183637032363,18.07630896650584,107.67538254387296,564.8181653230238,371.217042854013,0.0,0.0,0.0,0.0,0.0,0.0,0.0,0.0,0.0,0.0,0.0,0.0,0.0,0.0,0.0,0.0,0.0,0.0,0.0,0.0,0.0,0.0,0.7785657811888676,0.2376574423653442,226.33573118418145,269.98735986751145,4362.059087272442,0.12152359928534856,0.01854755788848421,182.07709741669383,216.85442759115177,3616.5645830300788,0.7665008845259282,0.14484143698524727,68.43471148923064,81.58007771137484,1319.9594038996282,0.19998642498866077,0.037790329740865599,19.082687445803637,22.7972684297972,357.0381360160237,0.0,0.0,11.113606101171867,13.407753964131049,141.6521229985023,0.0,0.0,109.69940565984219,130.392718148164,2318.956428968622,0.0,0.0,311.4570441259361,373.5144252521538,4962.795243231288,0.0,0.0,37.1052573606481,44.849956460896709,425.44219600860699,0.0,0.0,151.31775025037016,182.32209729065336,1997.3627342083269,38.302644712827589,26.27067538602716,173.58907238907774,208.16435397639033,3411.2327521315339,0.0,0.0,182.6707704940143,219.8099863597525,2548.0957074468499,0.0,21.27898150824855,36.260448693073197,21.0,30.0,0.0,21.63157831892585,35.43519279963758,16.0,30.0,0.0,21.26307606354942,36.54095908321513,21.0,30.0,0.0,20.92645420449459,40.50086359441376,19.0,30.0,0.0,17.984967819651734,43.828581197051338,12.0,30.0,0.0,22.248854762034467,35.33457496190324,16.0,30.0,0.0,19.59519648861824,41.0962475328882,10.0,30.0,0.0,17.341875892052685,46.20302914181214,16.0,30.0,0.0,18.211108399060117,44.03278052504427,16.0,30.0,0.0,19.681513691915197,0.0,0.0,0.0,18.55798139002447,0.0,0.0,508.8610953653533,502.6082836924433,522.3982927863328,711.2833566303016,496.0882978080853,580.268535814304,557.1923390349543,516.1481870473249,527.3965137663176,0.0,81.35106706622035,81.35106706622035,162.0,0.0,162.0,162.0,16.0,19.0,16.0,16.0,16.0,12.0,21.0,10.0,1.0,0.0,0.0,0.0,0.0,0.0,0.0,0.0,0.0,0.0,0.0,0.0,0.0,81.35106706622035,81.35106706622035,0.0,0.0,0.0,81.35106706622035,0.0,0.0,0.005481 
 03/15  17:20:00,11.613333333333334,66.33333333333334,7.266666666666667,35.0,232.16666666666667,0.0,4.0,0.0,0.0,0.0,0.0,0.0,0.0,0.0,0.0,1004.0,0.0,688.6221549738666,15.849911869935286,40.6149411887726,20.648036240316796,549.5823952073926,0.0,15.849911869935279,21.668031183370759,0.0,0.0,20.96673827471907,-211.69949980762523,21.981957110803827,-513.3527476993299,20.872731116130745,-168.2023971662732,20.369249173695424,-43.843237207893569,17.925014238111026,27.98631870360299,22.076213089724015,-419.62199559975309,18.931299260081035,176.98699351618598,17.147680826480049,92.1011601956501,18.114940434412824,113.34845537484944,532.7557980419751,415.31433583170385,0.0,0.0,0.0,0.0,0.0,0.0,0.0,0.0,0.0,0.0,0.0,0.0,0.0,0.0,0.0,0.0,0.0,0.0,0.0,0.0,0.0,0.0,0.8078584103935098,0.2465990263716452,182.59967256683144,217.32771908131884,3672.3360908335196,0.12686162457780843,0.019362274813462825,150.02272624161822,178.8276558685227,2911.758864284409,0.855499690215417,0.16165904954939859,70.73474430489837,83.91226664983853,1483.1528645796232,0.1484147032396571,0.028045106432285917,13.088178196241485,15.596343518415996,246.77408691391435,0.0,0.0,10.336791525889808,12.452740009553713,134.92836464367168,0.0,0.0,96.98173188377521,115.36160225750831,1970.4922503489616,0.0,0.0,305.28732263321958,365.83755304276289,4905.874448574542,0.0,0.0,37.759181059857798,45.581676943251917,445.1795186652303,0.0,0.0,156.95581543997506,188.89696772129919,2130.5349361990067,38.421479204524079,26.352180524364948,136.72253933824306,164.04747037869357,2691.248178928162,0.0,0.0,189.46721679695257,227.78457014985799,2689.6905922395928,717.0940509098274,21.600525508615129,35.61482357064334,21.5,30.0,0.0,21.250366389713795,36.4341950240847,16.0,30.0,989.8193509964364,21.51349023871048,35.9644347173764,21.5,30.0,0.0,20.866130165302857,44.80121173768477,19.0,30.0,0.0,18.011675217596357,44.411555775060389,12.0,30.0,0.0,21.707679513131134,35.850130062866728,16.0,30.0,0.0,19.53518090976653,40.849750513898438,10.0,30.0,0.0,17.377612992851224,46.908033675973438,16.0,30.0,0.0,18.27393770604291,44.41307629463,16.0,30.0,0.0,19.20002337650766,0.0,0.0,0.0,18.573230012263964,0.0,0.0,506.0043238473391,504.76501976961029,520.5566360984715,951.0433127116269,520.7113040324387,544.7590451103006,537.9494225590744,545.829318940345,548.7811066535405,10297.946323628079,81.1956218365691,84.82731703804137,162.0,0.0,162.0,162.0,16.0,19.0,16.0,16.0,16.0,12.0,21.0,10.0,1.0,0.0,717.0940509098274,0.0,989.8193509964364,0.0,0.0,0.0,0.0,0.0,5495.896406451569,3297537.8438709417,4273013.402632093,81.1956218365691,84.88899527896304,0.353196546881719,0.7686988145772291,0.36028137401965956,84.88899527896304,0.3542647819438875,4273013.402632093,0.22767769693686885 
 03/15  17:30:00,11.489999999999999,67.0,7.34,27.0,207.0,0.0,4.0,0.0,0.0,0.0,0.0,0.0,0.0,0.0,0.0,1506.0,0.0,589.0498276994182,12.186695002166277,31.228038172348979,17.662395472288073,470.11464056121806,0.0,12.186695002166271,16.660135999244873,0.0,0.0,20.839118396877845,-171.6866880650816,21.929261350611477,-265.53196689390577,20.670790806594036,-323.04112138625518,20.371464555365877,-36.454538358185747,17.94391714480271,25.421518457218825,21.833260710598809,-352.4760818529182,18.920378449575027,159.52083315653298,17.1583420955432,82.37228913775877,18.126677991269554,81.7822261573028,588.9881981074686,403.29775826666187,0.0,0.0,0.0,0.0,0.0,0.0,0.0,0.0,0.0,0.0,0.0,0.0,0.0,0.0,0.0,0.0,0.0,0.0,0.0,0.0,0.0,0.0,0.8823767649632374,0.26934577685080499,237.55282875502736,283.46643150723318,4620.009714364833,0.16802990769864996,0.025645590308096754,141.34622454725304,168.51761708215538,2801.986813080134,0.764592056200728,0.1444807362435238,108.53368935657226,129.38938769714128,2127.226397548244,0.13777145708969386,0.026033911014681365,12.422785407548425,14.804769918228338,236.76245890256849,0.0,0.0,10.044448756316826,12.109027979834677,133.85630530301297,0.0,0.0,88.06019364741653,104.91700214298106,1766.2271260642954,0.0,0.0,287.99931479106928,345.45521756115945,4662.455369040357,0.0,0.0,36.52989615454444,44.130065424448847,440.4411636028308,0.0,0.0,145.65565824671507,175.42445114847389,2015.4094572416848,38.87145986154568,26.660809232884558,183.81713343594107,220.52052814697675,3613.5696919376998,0.0,0.0,176.69619469389643,212.69781121502849,2504.3185691423957,0.0,21.102366417761617,36.865828499144189,20.999999999999994,29.99999999999999,0.0,21.331117294718085,36.39624282361981,15.999999999999993,29.99999999999999,2.564842423763295,21.267170202327788,36.84924557651674,20.999999999999994,29.99999999999999,0.0,20.8463487464784,47.319656006503468,18.999999999999994,29.99999999999999,0.0,18.02365303454194,44.59806825380827,11.999999999999995,29.99999999999999,0.0,21.44946386654291,36.31360088922919,15.999999999999993,29.99999999999999,0.0,19.470243126339896,41.03953580442918,9.999999999999997,29.99999999999999,0.0,17.38609154506714,46.905143512140657,15.999999999999993,29.99999999999999,0.0,18.280444259680985,44.29764736695286,15.999999999999993,29.99999999999999,0.0,19.381835461130718,0.0,0.0,0.0,18.436194546783747,0.0,0.0,511.4052609780559,510.60856562325798,530.2178470607937,1093.6282519535876,527.989442189903,537.4287411799145,536.4769781246239,545.2040229685115,543.0024376421918,2171.0578874005348,81.43921026098809,81.43921026098809,161.99999999999995,0.0,161.99999999999995,161.99999999999995,16.0,19.0,16.0,16.0,16.0,12.0,21.0,10.0,1.0,0.0,0.0,0.0,2.564842423763295,0.0,0.0,0.0,0.0,0.0,0.0,0.0,0.0,81.43921026098809,81.43921026098809,0.1133333333333333,0.2069244548959644,0.12009379133988647,81.43921026098809,0.11808826064796245,0.0,0.005481 
 03/15  17:40:00,11.366666666666666,67.66666666666667,7.413333333333332,22.5,172.5,0.0,4.0,0.0,0.0,0.0,0.0,0.0,0.0,0.0,0.0,2012.0,0.0,461.05792087101158,9.825023916057374,25.17630355924418,13.824613044863544,367.9655833692104,0.0,9.825023916057369,13.431552575021597,0.0,0.0,21.031940609329454,-325.5459373855515,21.85255362622756,-115.15604332969719,21.032286356499968,-775.2597542360022,20.385185093666395,-26.68276479239978,17.955786732366556,23.024781601157707,21.616205555729274,-321.3678734576914,18.895602919943714,172.71006351051853,17.154923210329508,69.49514344173858,18.112764211257706,46.249050033715118,724.5258908346741,405.0276618017275,0.0,0.0,0.0,0.0,0.0,0.0,0.0,0.0,0.0,0.0,0.0,0.0,0.0,0.0,0.0,0.0,0.0,0.0,0.0,0.0,0.0,0.0,0.9731157795744919,0.2970438887590025,324.1646955420145,386.1042935821298,6640.1330386013319,0.1942848311146469,0.029652752001624994,126.4811140978673,150.69977903473967,2544.101821177368,0.6423728688624122,0.12138565171247406,207.24540198550006,246.70717559429563,4341.083749656844,0.14605932151527332,0.027600022962069788,12.965306700200742,15.4641531246596,250.50274274559019,0.0,0.0,9.974516895371677,12.027258501497002,135.48913934505914,0.0,0.0,84.69279453782578,101.01616200493625,1685.1622298133187,0.0,0.0,281.15953079410806,337.4274211071439,4586.493890146781,0.0,0.0,35.60939078564735,43.03521585114838,437.1347026632826,0.0,0.0,140.64313192840945,169.4690378413357,1971.4367499942674,39.34493795550147,26.985554153293209,263.50027076981857,315.64918914487796,5166.982751357392,0.0,0.0,170.6979109537788,205.65282291139358,2411.8022446372508,786.3261398427399,21.515811425322505,36.33177956261871,21.500000000000008,30.00000000000001,0.0,21.32236320635416,36.647716863843168,21.000000000000008,30.00000000000001,1408.528386987533,21.791041706685847,35.7244983344388,21.500000000000008,30.00000000000001,0.0,20.85064549943982,48.74879195228955,19.000000000000008,30.00000000000001,0.0,18.027033605768535,44.71897761435833,12.000000000000004,30.00000000000001,0.0,21.240124701780148,36.79312735877707,16.000000000000008,30.00000000000001,0.0,19.406911743236699,41.210281691608148,10.000000000000004,30.00000000000001,0.0,17.370234533720294,46.84079984583216,16.000000000000008,30.00000000000001,0.0,18.245582543093354,44.309555395286327,16.000000000000008,30.00000000000001,0.0,19.74076221585456,0.0,0.0,0.0,18.288209463116894,0.0,0.0,526.1614144301515,519.0902015001423,526.3180347298634,1175.1502035410927,531.2476271811514,535.5084177923891,533.7481971442334,538.495746339698,536.9113166307859,9541.445183265123,81.69590912360244,83.51838028172858,162.00000000000007,0.0,162.00000000000007,162.00000000000007,21.0,19.0,16.0,16.0,16.0,12.0,21.0,10.0,1.0,0.0,786.3261398427399,0.0,1408.528386987533,0.0,0.0,0.0,0.0,0.0,2757.9611189313948,1654776.6713588369,2144154.6187409728,81.69590912360244,83.54933189218261,0.3469320372977133,0.7691438439113805,0.36028137401965967,83.54933189218261,0.35426478194388769,2144154.6187409728,0.1169770401745306 
 03/15  17:50:00,11.243333333333333,68.33333333333333,7.486666666666666,18.000000000000005,138.00000000000004,0.0,4.0,0.0,0.0,0.0,0.0,0.0,0.0,0.0,0.0,1509.0,0.0,342.5115313402793,7.543863898238311,19.330886797270204,10.270051349569546,273.3549091175221,0.0,7.543863898238308,10.31303388507737,0.0,0.0,21.21074139976706,-1063.1506249339767,21.92457304699728,2.473006719322427,20.83530658952247,-115.01767534414808,20.397267173535334,-50.08899139526064,17.966271509918444,23.404584213929014,21.41376209467318,-271.37558006702838,18.940847975210127,153.1229322319791,17.146823606558223,67.16135026168708,18.087920961472244,38.582510847189379,650.5897701282738,461.0518115144299,0.0,0.0,0.0,0.0,0.0,0.0,0.0,0.0,0.0,0.0,0.0,0.0,0.0,0.0,0.0,0.0,0.0,0.0,0.0,0.0,0.0,0.0,0.92507577686945,0.28237966326906319,300.1150501635619,357.0566049077302,6384.0531293504259,0.17100382510853313,0.026099484906674798,91.58576982524942,109.22479531958057,1906.1556823694469,0.9984124221796871,0.1886644788699335,212.09871833687599,252.69954847009474,4335.044916119592,0.14334574706062537,0.02708725379074555,14.141649049688873,16.84342483142302,276.39406989084969,0.0,0.0,10.056732272479137,12.12268856147089,139.2006947369756,0.0,0.0,79.05027274160655,94.31102691849958,1564.4301139728978,0.0,0.0,288.72478178364409,346.3172425054649,4809.06000605094,0.0,0.0,37.29458395138259,45.05721593140942,465.6841688004781,0.0,0.0,146.90675318258887,176.9636914093049,2082.443982103423,39.68524169062133,27.218958635542785,242.72181149876435,290.68738486927279,4890.6716430189649,0.0,0.0,178.57545682146614,215.09634059797254,2543.4603669449268,1409.8702230442164,21.85987106317299,35.57808169887768,22.000000000000019,30.00000000000002,0.0,21.61339424266466,36.17755278566515,21.000000000000015,30.00000000000002,733.055617124003,21.366203782490694,37.07205055922038,21.33333333333335,30.00000000000002,0.0,20.847082890313204,49.92097110546036,19.000000000000015,30.00000000000002,0.0,18.030422677934469,44.80850897917837,12.00000000000001,30.00000000000002,0.0,21.056844770495859,37.23477029198336,16.000000000000015,30.00000000000002,0.0,19.45479055618587,41.14396811223122,10.000000000000007,30.00000000000002,0.0,17.349589620734557,46.898316636844359,16.000000000000015,30.00000000000002,0.0,18.198775049420325,44.45990648657964,16.000000000000015,30.00000000000002,0.0,19.71009190210737,0.0,0.0,0.0,18.218552421357093,0.0,0.0,521.5973482281085,531.0629206788597,547.7278245049977,1240.5404059775404,532.7757856692467,534.4190886658744,533.0561145872645,535.7267290116088,535.121135013864,9175.830448479848,81.93767970215393,81.93767970215395,162.0000000000001,0.0,162.0000000000001,162.0000000000001,21.0,19.0,16.0,16.0,16.0,12.0,21.0,10.0,1.0,0.0,1409.8702230442164,0.0,733.055617124003,0.0,0.0,0.0,0.0,0.0,0.0,0.0,0.0,81.93767970215393,81.93767970215393,0.3400000000000003,0.7689111350035296,0.3602813740196598,81.93767970215393,0.3542647819438878,0.0,0.0054719999999999998 
 03/15  18:00:00,11.12,69.0,7.56,13.5,103.5,0.0,4.0,0.0,0.0,0.0,0.0,0.0,0.0,0.0,0.0,503.0,0.0,21.957693627354116,5.373440676498571,13.769239778474349,0.6584045641378756,17.524351596616595,0.0,5.373440676498569,7.34590079085653,0.0,0.0,21.32722383600558,-682.8076617708903,21.867755614472548,58.19959502585698,21.160376778528375,-626.260674767931,20.413338060737958,-29.25642385744254,17.95885684967626,23.845960982793373,21.122079598341153,-236.31883706047257,18.967917942612865,170.22726722805238,17.142646627234947,67.90059636858155,18.071734096783737,48.76440205439849,698.6078627530651,487.54775131323097,0.0,0.0,0.0,0.0,0.0,0.0,0.0,0.0,0.0,0.0,0.0,0.0,0.0,0.0,0.0,0.0,0.0,0.0,0.0,0.0,0.0,0.0,0.9661430944816086,0.29491547450598556,244.63680510337603,289.94703432447468,5378.399622235108,0.2109918799525937,0.032202667880432498,171.12303264057409,203.02415558305629,3665.7107501562397,0.837129413835534,0.15818771992357034,120.27689858023197,142.56106908514077,2652.003041316982,0.21073233307125659,0.03982092461663955,17.695378801442638,20.998863447948727,351.7050342554417,0.0,0.0,10.233892940169737,12.298448164736373,144.0268128802715,0.0,0.0,77.82827237671143,92.63474112320832,1524.705896831461,0.0,0.0,290.8578484835746,347.7781749715774,4936.576887258091,0.0,0.0,36.84067993810976,44.37602425814405,468.5885279848916,0.0,0.0,148.1859434162984,177.98459789412179,2130.5832882442307,40.283950216978919,27.629595484896386,182.79109321416613,218.34936122041408,3870.8228996558129,0.0,0.0,179.3541925462458,215.45495876887058,2565.9544958308727,966.2693634632586,22.031229139904295,35.632446586352568,22.0,30.0,0.0,21.7710261489652,35.67660843350056,21.0,30.0,1047.4209448914306,22.03026682862471,35.45625121661269,22.0,30.0,0.0,20.863583524533849,49.33989961570907,19.0,30.0,0.0,18.017662497584757,44.93891125635157,12.0,30.0,0.0,20.822873591111674,37.82412317338783,16.0,30.0,0.0,19.484945724801454,41.047939787555787,10.0,30.0,0.0,17.337265460819368,46.964618604252027,16.0,30.0,0.0,18.17095613696679,44.568277313200159,16.0,30.0,0.0,19.706697018737036,0.0,0.0,0.0,18.121498045089444,0.0,0.0,547.1867830238666,516.2110997862744,535.4696057471107,1205.2899193217107,532.7082113346035,532.437855268409,529.2004864833098,533.6730766711689,533.3531097355379,6651.425610390955,83.60660821989828,83.60660821989828,162.0,0.0,162.0,162.0,21.0,19.0,16.0,16.0,16.0,12.0,21.0,10.0,1.0,0.0,966.2693634632586,0.0,1047.4209448914306,0.0,0.0,0.0,0.0,0.0,0.0,0.0,0.0,83.60660821989828,83.60660821989828,0.34,0.7697126630335601,0.36028137401965956,83.60660821989828,0.3542647819438875,0.0,0.005463000000000001 
 03/15  18:10:00,11.069999999999999,69.66666666666667,7.583333333333333,0.0,0.0,0.0,0.0,0.0,0.0,0.0,0.0,4.0,0.0,0.0,0.0,2013.0,0.0,0.0,0.0,0.0,0.0,0.0,0.0,0.0,0.0,0.0,0.0,21.134281298038876,-483.223171510164,21.93139164742996,-92.86306926816192,20.964323638343914,-588.1131736473046,20.363709984134247,177.5045096691736,17.96507661355767,21.011331159368937,20.97423233126821,-195.49355567929286,18.92110143806898,83.77033709439138,17.135696080671683,55.81386903290877,18.052246938616187,10.253831889724552,639.1767344706834,529.0628674948393,0.0,0.0,0.0,0.0,0.0,0.0,0.0,0.0,0.0,0.0,0.0,0.0,0.0,0.0,0.0,0.0,0.0,0.0,0.0,0.0,0.0,0.0,0.9383378105379635,0.28642790309461649,122.69251118069713,145.9863667519898,2617.6803056404266,0.10250220741766283,0.015644415051535845,20.69755993661297,24.5931044468199,454.3557809782159,0.9631759199844636,0.18200603174309605,197.32507119446439,235.17465358869834,4105.88764089432,0.22515841964712125,0.042546942488118136,174.46054295938672,208.42584029035596,3450.0345369145254,0.0,0.0,9.494166144276083,11.449887732506314,134.42223860234916,0.0,0.0,71.48140997812446,85.39902017381454,1394.2338208690479,0.0,0.0,285.2668424773232,342.4018077379395,4797.440972516638,0.0,0.0,37.07245067220177,44.81226897394596,473.82780869850219,0.0,0.0,152.05176112749477,183.28113207267146,2190.0058780769788,40.19568917505373,27.569059790846187,207.87763021759236,249.34905508255975,4174.619552757951,0.0,0.0,183.5321811612689,221.30815939156308,2607.8862249373539,663.7140684337951,21.516363894753913,38.992863616684697,21.25,30.0,0.0,21.93928884927958,38.5776645488107,21.0,30.0,876.5446101713749,21.449553312072035,39.329897805539399,21.25,30.0,0.0,20.84804821509579,41.001500832948497,16.0,30.0,0.0,18.012952342930448,45.02985127855118,12.0,30.0,0.0,20.73237625544344,38.25879023276149,16.0,30.0,0.0,19.35791903043603,42.143014745093,10.0,30.0,0.0,17.320491361211137,47.06846886907042,16.0,30.0,0.0,18.13617873182118,44.76435850435233,16.0,30.0,0.0,19.35981684535999,0.0,0.0,0.0,18.02484331792397,0.0,0.0,677.1684881120908,703.4807158615237,688.4136821825757,704.0670519524798,534.5686880772513,543.1352158445059,566.5279425201459,533.0379614613419,534.3519061636119,4514.151140753223,82.82771542498065,84.6011574209965,240.0,0.0,240.0,240.0,21.0,16.0,16.0,16.0,16.0,12.0,21.0,10.0,1.0,0.0,663.7140684337951,0.0,876.5446101713749,0.0,0.0,0.0,0.0,0.0,2683.8413216562905,1610304.7929937742,2093918.6693778637,82.82771542498065,84.63127635351225,0.174461377388543,0.3461074423972551,0.18014068700982978,84.63127635351225,0.17713239097194376,2093918.6693778637,0.11696377080764892 
 03/15  18:20:00,11.02,70.33333333333334,7.6066666666666669,0.0,0.0,0.0,0.0,0.0,0.0,0.0,0.0,4.0,0.0,0.0,0.0,1513.0,0.0,0.0,0.0,0.0,0.0,0.0,0.0,0.0,0.0,0.0,0.0,20.826159762372279,-353.0606311535279,21.986025131874216,-160.15330720468305,20.961222283180015,-622.4772114160727,20.29347765049077,202.54223294147773,17.971407456600234,18.096143799338067,20.826660676890094,-184.61152107625936,18.8517110614886,106.25013156379278,17.119983152910089,46.692418877852777,18.014808730385277,-10.075375601787524,634.4247429408094,528.6968409218017,0.0,0.0,0.0,0.0,0.0,0.0,0.0,0.0,0.0,0.0,0.0,0.0,0.0,0.0,0.0,0.0,0.0,0.0,0.0,0.0,0.0,0.0,0.9811018118115061,0.29948162753708976,136.6684192905222,162.83840006804395,2804.246187287822,0.030080307675046385,0.004591011549915504,30.12073971399682,35.744512460794229,669.249322738512,0.9987168599183773,0.18872200678729729,222.11319271376258,264.70111684137665,4636.185801834827,0.23905685438634548,0.045173252907472666,217.3343643185072,259.5544168112409,4270.6939705680219,0.0,0.0,9.17277166751366,11.057454460439676,130.68907600050904,0.0,0.0,72.60141399141554,86.73018208253478,1404.0543164233137,0.0,0.0,277.9571922732319,333.61423289340078,4632.522270222764,0.0,0.0,36.28161523439619,43.84178960967649,465.0505065965385,0.0,0.0,146.92669984697046,177.0623542446142,2112.755238671678,40.283473036731908,27.629268200776339,221.01643250198809,265.174755927667,4419.317570403941,0.0,0.0,177.4017969015839,213.9391441786079,2477.812880146044,144.5344816823052,21.168711990682739,39.97544263727606,20.999999999999994,29.99999999999999,0.0,22.080673590328958,41.48834650847991,20.999999999999994,29.99999999999999,913.1592023304751,21.47222313575155,39.20967130624026,21.333333333333326,29.99999999999999,0.0,20.750108716044186,41.03365549803651,15.999999999999993,29.99999999999999,0.0,18.006289911563365,45.383757486186109,11.999999999999995,29.99999999999999,0.0,20.59536951499129,39.30208611299806,15.999999999999993,29.99999999999999,0.0,19.229896294592039,42.890354409625007,9.999999999999997,29.99999999999999,0.0,17.287406469365036,47.63512055486307,15.999999999999993,29.99999999999999,0.0,18.072560469836256,45.52618787336911,15.999999999999993,29.99999999999999,0.0,19.343698386342419,0.0,0.0,0.0,17.851007004203777,0.0,0.0,680.8412049620918,884.0547944213925,679.6492640123322,685.6400438963742,547.8079088316889,579.8549523734365,584.7344809445801,551.5683887500956,560.0167236301325,5660.9282353086459,81.50294678262392,81.50294678262392,239.99999999999992,0.0,239.99999999999992,239.99999999999992,21.0,16.0,16.0,16.0,16.0,12.0,21.0,10.0,1.0,0.0,144.5344816823052,0.0,913.1592023304751,0.0,0.0,0.0,0.0,0.0,0.0,0.0,0.0,81.50294678262392,81.50294678262392,0.2266666666666666,0.46377345652052839,0.24018758267977295,81.50294678262392,0.2361765212959249,0.0,0.008026666666666667 
 03/15  18:30:00,10.969999999999999,71.0,7.63,0.0,0.0,0.0,0.0,0.0,0.0,0.0,0.0,4.0,0.0,0.0,0.0,4545.0,0.0,0.0,0.0,0.0,0.0,0.0,0.0,0.0,0.0,0.0,0.0,21.190601834950799,-775.0658541034695,21.99197923206716,-169.57014235250336,21.044467522905817,-422.7965790261484,20.28178550933758,271.395405348712,17.98013727742361,16.774757631638797,20.700963403235567,-173.49976120357327,18.843478545328219,118.03317444841922,17.100978789023516,36.940551890640808,17.97071567959101,-35.95531052079412,691.5832858997155,557.4914499925775,0.0,0.0,0.0,0.0,0.0,0.0,0.0,0.0,0.0,0.0,0.0,0.0,0.0,0.0,0.0,0.0,0.0,0.0,0.0,0.0,0.0,0.0,0.9644346060762489,0.29439395789873287,212.1680761115711,252.73981283874086,4583.157377227904,0.007324149037261153,0.001117849364661348,31.616969311352866,37.56741805095529,708.146788734334,1.0725529621354502,0.2026744070550738,265.7680181613647,317.09478194900427,5569.614535368827,0.26805523420000207,0.05065291651549544,261.3096838604371,312.314917832954,5154.894575334677,0.0,0.0,9.215181609810866,11.11929850808973,132.18353310423613,0.0,0.0,70.1285043593213,83.89414531592195,1348.0230563662227,0.0,0.0,280.9856098086871,337.56689124763008,4707.465715369978,0.0,0.0,36.46886000324685,44.1143418083972,468.330102269978,0.0,0.0,149.46542847870729,180.32175761640597,2142.5892571144138,40.57540202604133,27.829493845021493,271.16335415273047,325.5362866944366,5380.841835759043,0.0,0.0,180.05178840530037,217.41590011583319,2490.7726428832049,985.7940956371481,21.602456550512036,38.78747437837005,21.555555555555548,29.99999999999999,0.0,22.13612104273022,42.43278422814924,20.999999999999994,29.99999999999999,0.0,21.325339815905065,39.234567278889468,20.999999999999994,29.99999999999999,0.0,20.752161078242563,40.76432117460389,15.999999999999993,29.99999999999999,0.0,18.004951483122889,45.76864594509959,11.999999999999997,29.99999999999999,0.0,20.484371890216445,40.12478359512496,15.999999999999993,29.99999999999999,0.0,19.223828760924037,43.473841674936839,9.999999999999997,29.99999999999999,0.0,17.249543049257907,48.423849665129917,15.999999999999993,29.99999999999999,0.0,18.000629750721907,46.42640781451618,15.999999999999993,29.99999999999999,0.0,19.492754247415808,0.0,0.0,0.0,17.733811066585099,0.0,0.0,660.1178070710932,937.7839826316712,650.0791388809639,660.4398972564906,562.8412799381144,605.2508168850113,606.6888768399435,578.5193204648282,588.2767969957888,5427.431193780485,81.93930354487776,82.7238329689643,239.99999999999992,0.0,239.99999999999992,239.99999999999992,21.0,16.0,16.0,16.0,16.0,12.0,21.0,10.0,1.0,0.0,985.7940956371481,0.0,0.0,0.0,0.0,0.0,0.0,0.0,1187.2745750815525,712364.7450489316,926138.6425697891,81.93930354487776,82.73715688304424,0.19068693028049617,0.42751904805253418,0.2001563188998108,82.73715688304424,0.19681376774660409,926138.6425697891,0.056132542746962398 
 03/15  18:40:00,10.92,71.66666666666667,7.653333333333332,0.0,0.0,0.0,0.0,0.0,0.0,0.0,0.0,4.0,0.0,0.0,0.0,4554.0,0.0,0.0,0.0,0.0,0.0,0.0,0.0,0.0,0.0,0.0,0.0,21.128694713398809,-464.4995012688538,21.98287912085153,-178.96242657979935,21.007648311486759,-848.4604061662911,20.32241110638902,352.1488448859356,17.99059214596674,15.04915310263415,20.58391019299215,-162.26400483953095,18.82756686551941,110.03129912699971,18.106861477512845,-22.071633249484344,17.917462003872719,-63.97694769864558,698.0445020021491,563.0953056804026,0.0,0.0,0.0,0.0,0.0,0.0,0.0,0.0,0.0,0.0,0.0,0.0,0.0,0.0,0.0,0.0,0.0,0.0,0.0,0.0,0.0,0.0,0.979139788375662,0.2988827192843908,141.08946953267449,168.08470754277665,3035.403204488302,0.01849538240283264,0.0028228605620929019,32.60057050672252,38.74619176645996,734.9862226970749,0.9938919279197694,0.1878102660468201,266.87053750446219,317.98501704380717,5751.274844250866,0.2627566689478911,0.049651675916079298,274.73495492993939,328.18578522784687,5495.530667678188,0.0,0.0,9.02243673421698,10.884977667230917,130.38268242184567,0.0,0.0,68.8729199522207,82.41618683912786,1316.3273357342628,0.0,0.0,269.3652615248229,323.61605133726456,4518.1779884818529,0.0,0.0,18.866367155303128,22.724118347092479,296.4499559622823,0.0,0.0,161.59783226926073,194.9795772656095,2305.1218040780479,40.729039562677538,27.93486938455256,274.97568573233488,329.942602616804,5503.848573525532,0.0,0.0,172.74675543337907,208.66801254904704,2362.9545806345997,697.0973689964857,21.544500128404427,39.11615442211738,21.44444444444449,30.000000000000065,0.0,22.158780432422497,42.73185997199484,21.000000000000044,30.000000000000065,1198.135374563315,21.543881967069479,38.60272720012731,21.33333333333338,30.000000000000065,0.0,20.834954654579076,40.41906591625746,16.000000000000033,30.000000000000065,0.0,18.007493482994815,46.32725976120991,12.000000000000029,30.000000000000065,0.0,20.37617649139394,41.10320405670738,19.000000000000044,30.000000000000065,0.0,19.182862692591546,44.28053744171862,10.000000000000022,30.000000000000065,1308.4627476297147,18.808738782334744,44.58193320764202,20.700000000000047,30.000000000000065,0.0,17.914499808667615,47.540893193379478,16.000000000000033,30.000000000000065,0.0,19.50520251662021,0.0,0.0,0.0,17.604902256277105,0.0,0.0,653.7495464157389,941.9133875437195,623.0262593502689,632.7591097973706,583.5218361905709,632.9335786781035,629.1588902501507,602.853529114686,617.5926498862043,9884.947876766591,81.46876276255598,83.8333502905255,240.0000000000005,0.0,240.0000000000005,240.0000000000005,21.0,16.0,19.0,16.0,19.7,12.0,21.0,10.0,1.0,0.0,697.0973689964857,0.0,1198.135374563315,0.0,0.0,0.0,1308.4627476297147,0.0,3578.4472270999915,2147068.336259991,2790648.1189522689,81.46876276255598,83.87350883664229,0.3459482409033336,0.7687913570755977,0.36028137401966039,83.87350883664229,0.3542647819438883,2790648.1189522689,0.15303370218551799 
 03/15  18:50:00,10.870000000000001,72.33333333333333,7.676666666666667,0.0,0.0,0.0,0.0,0.0,0.0,0.0,0.0,4.0,0.0,0.0,0.0,1518.0,0.0,0.0,0.0,0.0,0.0,0.0,0.0,0.0,0.0,0.0,0.0,21.22397130829029,-621.1605275741084,21.97036829412658,-187.23571749498013,21.09845821264376,-839.4540201068555,20.361070025042979,311.90363973847919,18.00332702132456,14.726906230850519,20.476050235981256,-152.65702828627625,18.80428789589005,99.69533823059048,19.132742650176494,-100.94724976374909,17.861619932195106,-58.52075099748471,635.5860081497615,628.670493862497,0.0,0.0,0.0,0.0,0.0,0.0,0.0,0.0,0.0,0.0,0.0,0.0,0.0,0.0,0.0,0.0,0.0,0.0,0.0,0.0,0.0,0.0,0.970769874545464,0.29632780053280369,142.53227108096128,169.55231385428426,3115.43247268452,0.021423388944910899,0.0032697480074650364,32.80703749826065,38.94757586734858,743.9557695275644,0.9831827775882779,0.18578661708017367,235.06848520300347,279.6446645556101,5091.091218068532,0.2580849378443242,0.048768884702253278,224.68460049866185,267.8639888425506,4568.62967607628,0.0,0.0,9.022631196236749,10.871921409741296,131.46313478692503,0.0,0.0,68.66417947840866,82.09234246785079,1305.800024491288,0.0,0.0,267.70294134209458,321.3124456569576,4488.978019321268,0.0,0.0,25.206943284576153,30.069214278620487,498.84299247438397,0.0,0.0,171.96149490666623,207.31845814295958,2441.9238734348475,40.84084672166509,28.011554678782667,245.88796662852384,294.61252320682368,4998.358837372078,0.0,0.0,177.75478044319346,214.49526620519627,2437.6652712749234,1086.6886608770827,21.672414668366227,38.759616111188119,21.666666666666687,30.00000000000002,0.0,22.172691426189748,42.824941964072127,21.000000000000015,30.00000000000002,1612.060273250115,21.65376186605481,38.39366458175405,21.666666666666687,30.00000000000002,0.0,20.887414221976344,40.50348152281571,16.000000000000015,30.00000000000002,0.0,18.01523564335012,46.86696572279895,12.00000000000001,30.00000000000002,0.0,20.275047250156474,41.719416626575469,19.000000000000015,30.00000000000002,0.0,19.127279709863129,44.66323335421754,10.000000000000007,30.00000000000002,940.9551708138322,20.622188066194089,40.20809759528575,20.700000000000015,30.00000000000002,0.0,17.829448585596987,48.115672490708387,16.000000000000015,30.00000000000002,0.0,19.293385161166098,0.0,0.0,0.0,17.568999422550556,0.0,0.0,638.8223687074689,934.1839629332835,615.0842870594084,640.374068853451,602.7688195522737,644.914151906308,635.7384061686612,617.861515096378,626.6414189500769,10101.175648870903,81.3257471452412,83.77343047627082,240.00000000000018,0.0,240.00000000000018,240.00000000000018,21.0,16.0,19.0,16.0,19.7,12.0,21.0,10.0,1.0,0.0,1086.6886608770827,0.0,1612.060273250115,0.0,0.0,0.0,940.9551708138322,0.0,3704.071409928629,2222442.8459571755,2882418.236054734,81.3257471452412,83.81500026498272,0.3501357136642878,0.7706096165764733,0.3602813740196598,83.81500026498272,0.3542647819438878,2882418.236054734,0.15779241494151287 
 03/15  19:00:00,10.82,73.0,7.7,0.0,0.0,0.0,0.0,0.0,0.0,0.0,0.0,4.0,0.0,0.0,0.0,2025.0,0.0,0.0,0.0,0.0,0.0,0.0,0.0,0.0,0.0,0.0,0.0,21.13925224642206,-365.5272317319526,21.949493713489458,-204.34188107461763,20.769858150017748,-517.4523727139078,20.38438331900978,142.05905593421245,18.01598508064452,13.008321512447268,20.378660367756006,-136.71873829491654,18.780782683436884,51.60127302825049,18.82140861488861,-68.0475293721289,17.822102664512657,-59.55504557198742,657.6417318771937,645.0054088460656,0.0,0.0,0.0,0.0,0.0,0.0,0.0,0.0,0.0,0.0,0.0,0.0,0.0,0.0,0.0,0.0,0.0,0.0,0.0,0.0,0.0,0.0,0.9937423086029138,0.3033401430411825,114.12388620649958,136.01557627207519,2443.8382038624515,0.0,0.0,35.57147268750191,42.21746433058137,809.4021525040608,1.0209619139486468,0.19292553173632788,192.9946319928698,230.2375740650886,4063.1767009002885,0.2381625595283141,0.04500426294941687,207.1174035001112,247.3280173773148,4219.180506423048,0.0,0.0,8.69227518923671,10.478848914747111,127.65481522529119,0.0,0.0,67.15756588483633,80.3442848990644,1272.245521476641,0.0,0.0,267.4775514314449,321.2513547577185,4478.140414287828,0.0,0.0,27.528826748332688,32.973831601886917,509.9574664429168,0.0,0.0,176.32706733326914,212.72509158495695,2502.917087398002,40.93034735601365,28.07294057339757,203.88811681718475,244.80844830715678,4209.455145129631,0.0,0.0,180.58499567094226,218.06856564803773,2468.4050426654346,558.688130894447,21.47503819023633,39.656949627264378,21.25,30.0,0.0,22.167948027925399,42.98817575821835,21.0,30.0,133.1042971622558,21.18309889530233,39.684586018308909,21.0,30.0,0.0,20.906463370549618,40.46643650492694,16.0,30.0,0.0,18.023058870680449,47.20714146199505,12.0,30.0,0.0,20.18676575012889,42.14291430161972,19.0,30.0,0.0,19.063120289595319,45.01000357189411,10.0,30.0,88.98416327673039,19.938102947039334,42.31892802184056,19.7,30.0,0.0,17.775012492165549,48.49686563716253,16.0,30.0,0.0,19.25772977663763,0.0,0.0,0.0,17.496196897003637,0.0,0.0,657.5913068751704,931.8990356690135,618.6104259791237,629.6149747694382,614.2636075481264,649.4547066243622,637.5011202534254,629.2211490693871,631.4676593878508,3952.9965704939907,81.28615457919287,81.28615457919287,240.0,0.0,240.0,240.0,21.0,16.0,19.0,16.0,19.7,12.0,21.0,10.0,1.0,0.0,558.688130894447,0.0,133.1042971622558,0.0,0.0,0.0,88.98416327673039,0.0,0.0,0.0,0.0,81.28615457919287,81.28615457919287,0.17,0.3478099874666037,0.18014068700982978,81.28615457919287,0.17713239097194376,0.0,0.007893333333333334 
 03/15  19:10:00,10.786666666666667,73.33333333333334,7.701666666666667,0.0,0.0,0.0,0.0,1.0,2.0,0.0,0.0,4.0,0.0,0.0,0.0,2028.0,0.0,0.0,0.0,0.0,0.0,0.0,0.0,0.0,0.0,0.0,0.0,21.25146968979039,-76.0919721977366,21.93146270897285,-145.16702805975209,21.23965073490473,-1750.066240009949,20.44276335301636,499.3010865257661,18.028391949739043,12.247251146391676,20.419087208573577,-25.393764260001917,18.673966989672928,7.705699183234401,19.329897661417879,-137.83093618706307,17.773401732217324,-85.55041034442275,872.8806084956968,682.6979620167126,0.0,0.0,0.0,0.0,0.0,0.0,0.0,0.0,0.0,0.0,0.0,0.0,0.0,0.0,0.0,0.0,0.0,0.0,0.0,0.0,0.0,0.0,1.0019826178112002,0.3058554999423688,211.52230066328969,251.85082469147199,4574.771836562986,0.01116947287278883,0.0017047425019518974,30.856069840578735,36.62880465282743,704.6497931316667,0.8767697261345383,0.16567833071325373,446.10323084122606,530.5228782079933,9992.519401876429,0.2621320560328184,0.04953364626470489,323.3468369484642,385.7506882264698,6687.20787433054,0.0,0.0,8.49094700881481,10.234629571209048,125.41358829307218,0.0,0.0,12.409885972359835,14.835923086028537,239.02734314320919,0.0,0.0,209.57676176707686,251.8766698188768,3441.7834810452288,0.0,0.0,36.977369196670618,44.15285825233482,737.6500775665506,0.0,0.0,175.62017256554393,211.9150975777374,2478.8315368615387,41.184075190935327,28.246965151533155,437.4889917934235,523.65336080353,8928.366734582558,0.0,0.0,180.6336729066798,218.16261359413304,2456.0890976130215,0.0,21.501613662719039,39.885439056986879,21.0,30.0,0.0,22.171557249752284,43.204614198662749,21.0,30.0,2565.74428755235,21.93924532694681,38.215944529018958,22.0,30.0,0.0,21.058796633551475,40.69138124784733,16.0,30.0,0.0,18.03134914470745,47.601522651439299,12.0,30.0,0.0,20.313595678048498,43.846807037431478,19.0,30.0,0.0,18.866040899357409,45.9889755615226,10.0,30.0,924.8681235254455,20.667767330944728,41.6198531699184,20.45,30.0,0.0,17.700603372649746,49.30112469209378,16.0,30.0,0.0,19.996442444367607,0.0,0.0,0.0,17.42447302417535,0.0,0.0,665.2907592079849,934.3265012575149,624.9256100365948,649.2126971872365,626.4805208272146,761.758761086822,644.9541170420187,688.6949783601222,646.009455776596,10869.132846156903,80.81777928037404,84.6478835854117,270.0,0.0,270.0,270.0,21.0,16.0,19.0,16.0,19.7,12.0,21.0,10.0,1.0,0.0,0.0,0.0,2565.74428755235,0.0,0.0,0.0,924.8681235254455,0.0,5795.756583636727,3477453.9501820357,4534889.665964714,80.81777928037404,84.71293147158494,0.36319188612122429,0.766030581646207,0.36028137401965956,84.71293147158494,0.3542647819438875,4534889.665964714,0.24467926263016519 
 03/15  19:20:00,10.753333333333334,73.66666666666667,7.703333333333333,0.0,0.0,0.0,0.0,1.0,2.0,0.0,0.0,4.0,0.0,0.0,0.0,2029.0,0.0,0.0,0.0,0.0,0.0,0.0,0.0,0.0,0.0,0.0,0.0,21.06502665658857,-231.1007856958845,21.92174081394377,-201.1448450733971,20.80304618336304,-443.1618137748719,20.397225848635544,42.926276376636909,18.039443279392356,10.051772833790011,20.5110127602924,-14.92214902832663,18.57800991403437,2.5557640494594127,18.948850229125627,-88.63417451536265,17.72322869694673,-100.58668908072832,618.0433072641355,593.6505537157261,0.0,0.0,0.0,0.0,0.0,0.0,0.0,0.0,0.0,0.0,0.0,0.0,0.0,0.0,0.0,0.0,0.0,0.0,0.0,0.0,0.0,0.0,1.048614367594551,0.32008985579809248,171.83513706277828,204.94568191003124,3633.402670586447,0.0,0.0,40.054030247327798,47.54404549834223,917.2773296057403,1.007413293699537,0.19036532382833283,225.90012047137507,269.5461127551956,4781.808860544756,0.2141602388079416,0.04046867702342055,146.59312320470876,174.9645945448548,3003.540861680793,0.0,0.0,7.724912854608981,9.310382174574766,114.72665448212605,0.0,0.0,13.565137584932922,16.200174773764265,267.27714570504357,0.0,0.0,193.5845331313098,232.74636508875535,3132.2098774891794,0.0,0.0,30.33157193067931,36.301248786556879,566.7719643515613,0.0,0.0,160.63144703763028,193.84423754726977,2255.0060838941928,40.837726909729848,28.00941489007535,228.11568598561815,273.64451909252406,4806.897493966962,0.0,0.0,164.90190119809894,199.2768196609177,2183.353208610781,510.77341725284557,21.258128873962744,40.777162446568137,21.25,30.0,0.0,22.174918464474957,43.16505307108545,21.0,30.0,82.74808020891406,21.20282694054186,40.1436989328983,21.0,30.0,0.0,20.89392577275396,41.161574568368198,16.0,30.0,0.0,18.03820062389992,48.101126588074368,12.0,30.0,0.0,20.50605735616282,45.91676763223083,19.0,30.0,0.0,18.70955729631597,47.00249525765985,10.0,30.0,31.01099760089074,19.99264803311126,44.37703930947658,19.7,30.0,0.0,17.628279557656577,50.17967806581859,16.0,30.0,0.0,19.35243294235047,0.0,0.0,0.0,17.21315487512098,0.0,0.0,669.102498626546,922.7977311492969,624.3950841356345,643.7319256787761,643.1048563142623,902.4819539316054,662.5364405406458,729.2915808688176,666.1491686371933,4830.386216368659,81.91388894659473,81.91388894659473,270.0,0.0,270.0,270.0,21.0,16.0,19.0,16.0,19.7,12.0,21.0,10.0,1.0,0.0,510.77341725284557,0.0,82.74808020891406,0.0,0.0,0.0,31.01099760089074,0.0,0.0,0.0,0.0,81.91388894659473,81.91388894659473,0.17,0.3472338643770483,0.18014068700982978,81.91388894659473,0.17713239097194376,0.0,0.008775000000000002 
 03/15  19:30:00,10.719999999999999,74.0,7.705,0.0,0.0,0.0,0.0,1.0,2.0,0.0,0.0,4.0,0.0,0.0,0.0,2032.0,0.0,0.0,0.0,0.0,0.0,0.0,0.0,0.0,0.0,0.0,0.0,21.312973174962168,-365.0021316216523,21.901162281826495,-138.75976636943117,21.293851609377446,-1513.8667827661598,20.45464868339231,505.6088194858353,18.05034090089848,10.321539418350213,20.561550593626686,-41.270444252712739,18.587030112534579,74.58035909134697,19.287194786798339,-141.67594630921759,17.668250266227536,-105.69306888959273,843.8786414455703,708.2652497318582,0.0,0.0,0.0,0.0,0.0,0.0,0.0,0.0,0.0,0.0,0.0,0.0,0.0,0.0,0.0,0.0,0.0,0.0,0.0,0.0,0.0,0.0,0.9618648836257561,0.29360954933631136,177.52047998164233,211.18759574051814,3954.0849116673996,0.03447154085886803,0.005261224184808918,27.82879154703932,33.03182887429065,639.6864431360473,0.9325700906910572,0.17622261728855966,388.8094722626126,462.382329302676,8779.949392623139,0.27764712745792488,0.052465443586153587,331.50309827864808,395.43874056625625,6904.879536239983,0.0,0.0,8.834903990322092,10.646635336772164,131.9595527788612,0.0,0.0,13.490990541806334,16.10081514976347,269.64509174312016,0.0,0.0,212.72051749033779,255.70040259124304,3472.4250692528728,0.0,0.0,37.46313072966464,44.754275494585758,740.0732640606364,0.0,0.0,176.0839079302827,212.53144220093953,2455.9840402058778,41.25807570218436,28.297719960345935,385.4355414090558,461.5603246392583,7911.42635199188,0.0,0.0,180.91687203998328,218.58945291969017,2418.4878549255965,429.5540030499938,21.74322708127437,39.690821040342587,21.5,30.0,0.0,22.169668207135744,43.69779567386972,21.0,30.0,2334.913454986419,21.958521467503059,38.53734645750626,22.0,30.0,0.0,21.067100741782079,41.028693555701348,16.0,30.0,0.0,18.046716738840133,48.643445585387258,12.0,30.0,0.0,20.616972688151859,47.284466498952998,19.0,30.0,0.0,18.749269731464528,47.341450187311028,10.0,30.0,761.5584260214986,20.50789672709688,43.42104340081566,20.45,30.0,0.0,17.54868684843077,51.12696788421168,16.0,30.0,0.0,19.886182335572579,0.0,0.0,0.0,17.240715537735377,0.0,0.0,666.129242112823,942.1168325198024,625.9142713663516,647.7589937310524,660.0285356234683,989.2570938108921,672.5539324028787,744.011110558742,686.1958354991501,10021.733699014916,81.37813248742532,85.1410287089908,270.0,0.0,270.0,270.0,21.0,16.0,19.0,16.0,19.7,12.0,21.0,10.0,1.0,0.0,429.5540030499938,0.0,2334.913454986419,0.0,0.0,0.0,761.5584260214986,0.0,5694.152626692399,3416491.576015439,4464390.575037073,81.37813248742532,85.20493517879115,0.35980508755641335,0.7656912885719496,0.36028137401965956,85.20493517879115,0.3542647819438875,4464390.575037073,0.24083330990192787 
 03/15  19:40:00,10.686666666666668,74.33333333333334,7.706666666666667,0.0,0.0,0.0,0.0,1.0,2.0,0.0,0.0,4.0,0.0,0.0,0.0,2033.0,0.0,0.0,0.0,0.0,0.0,0.0,0.0,0.0,0.0,0.0,0.0,21.118874758011278,-171.00091433665785,21.88933904920335,-199.7774922895755,20.843826095258629,-500.4333702952283,20.40773390426255,41.18030227866825,18.060781864450964,9.511006749002377,20.588362053682788,-21.453406545728627,18.536920159328156,-12.16644949039869,19.103516826494535,-92.21553002378312,17.628383843742627,-104.75524865556759,626.2706085906209,627.8503186202295,0.0,0.0,0.0,0.0,0.0,0.0,0.0,0.0,0.0,0.0,0.0,0.0,0.0,0.0,0.0,0.0,0.0,0.0,0.0,0.0,0.0,0.0,1.0550613950746342,0.322057812904345,159.33868574592447,190.10289553229138,3386.887566431288,0.0,0.0,40.19212094957639,47.70470022421895,924.9586848093857,1.0238117502472509,0.19346404955541403,227.2936011493028,271.1732083740089,4847.886341358512,0.21758610996537579,0.04111604496700221,149.18506542670645,178.03814080473397,3078.46408007335,0.0,0.0,7.710764427572222,9.291106522597904,115.82285696738743,0.0,0.0,14.295474249009894,17.052937340711169,288.6779096868658,0.0,0.0,197.8342841038855,237.87241308954249,3201.634551217033,0.0,0.0,29.45496109105486,35.249486025878699,553.5358977880721,0.0,0.0,164.7984269084139,198.9258122488185,2293.3233935125447,40.852545299861109,28.019578394966478,229.8702212062567,275.72263172170968,4877.291511662375,0.0,0.0,168.9531275783224,204.23146371865739,2214.6243496445169,501.8829684499153,21.314713834457835,41.21404848257852,21.25,30.0,0.0,22.164150020327435,43.642567101377398,21.0,30.0,126.08366757149332,21.21485916489936,40.408132551335409,21.0,30.0,0.0,20.90016271143851,41.547541479609808,16.0,30.0,0.0,18.05537528553331,49.226047936514699,12.0,30.0,0.0,20.688478604486169,48.482350228964808,19.0,30.0,0.0,18.64278934716168,48.158140595777,10.0,30.0,335.4015171294862,19.981510012189859,45.42886455196567,19.95,30.0,0.0,17.49842389745442,51.82731042032212,16.0,30.0,0.0,19.368417866646433,0.0,0.0,0.0,17.078653087445234,0.0,0.0,683.7261918926824,929.305135633849,620.181524307178,645.5386629328518,679.4902959722635,1055.8976814737965,688.1558051608585,764.7167669373439,700.8427187887535,4517.674540666088,81.67910728180239,81.67910728180239,270.0,0.0,270.0,270.0,21.0,16.0,19.0,16.0,19.7,12.0,21.0,10.0,1.0,0.0,501.8829684499153,0.0,126.08366757149332,0.0,0.0,0.0,335.4015171294862,0.0,0.0,0.0,0.0,81.67910728180239,81.67910728180239,0.17,0.3478284378099973,0.18014068700982978,81.67910728180239,0.17713239097194376,0.0,0.008595 
 03/15  19:50:00,10.653333333333333,74.66666666666666,7.708333333333333,0.0,0.0,0.0,0.0,1.0,2.0,0.0,0.0,4.0,0.0,0.0,0.0,2036.0,0.0,0.0,0.0,0.0,0.0,0.0,0.0,0.0,0.0,0.0,0.0,21.282137920388604,-75.48933634043874,21.864056421423649,-146.78748491896546,21.303913669069208,-1808.7397571454322,20.460697597837276,497.16669503348296,18.07052051301593,9.134283764033399,20.59673463761873,-37.34320334146997,18.506971399863727,32.93048519142076,19.35697601031403,-150.1497318429208,17.588238728743329,-100.99080465817792,880.9806689238517,735.8457563866991,0.0,0.0,0.0,0.0,0.0,0.0,0.0,0.0,0.0,0.0,0.0,0.0,0.0,0.0,0.0,0.0,0.0,0.0,0.0,0.0,0.0,0.0,1.0181743906178813,0.3107980435341518,213.122549627662,253.70747290662309,4669.44500376929,0.015046340770066025,0.0022964500564813838,31.57700461421465,37.48244685628121,728.042478335348,0.8781584532810038,0.1659407508089577,453.0980207709757,538.7343414389713,10283.093836377155,0.26288188725523239,0.049675337727746089,324.5270668138867,387.0674380915918,6802.062404078862,0.0,0.0,8.400557971841757,10.120862024182266,126.89777262671073,0.0,0.0,14.203662777025685,16.93823485688916,288.6850607849041,0.0,0.0,207.97843288128366,250.1022768966386,3363.409128787882,0.0,0.0,39.78151809458815,47.52430132136632,789.4294497247003,0.0,0.0,175.99092605203033,212.4767967792601,2442.6785885999145,41.18628779947066,28.248482715686337,444.2129452930809,531.6026373918885,9192.76367127975,0.0,0.0,181.0430352470263,218.81472536725128,2401.1245858637419,0.0,21.49777941814154,40.95671164256464,21.0,30.0,0.0,22.14592219864758,43.9081074394049,21.0,30.0,2590.748361644823,21.952327692384605,39.054853249845489,22.0,30.0,0.0,21.065009706037274,41.7289429283645,16.0,30.0,0.0,18.06404634538268,49.813699097206228,12.0,30.0,0.0,20.72117704603292,49.372280298908389,19.0,30.0,0.0,18.604268794716423,48.7588169087544,10.0,30.0,428.5522258620033,20.469991516890944,44.46320055866258,20.2,30.0,0.0,17.446164052921739,52.665236209090569,16.0,30.0,0.0,20.004369627277435,0.0,0.0,0.0,17.118801752122339,0.0,0.0,687.9675722076493,932.8967664602899,637.949868831691,669.3493667712145,698.8013571044631,1098.8284288709299,701.8048137563058,772.4775454111011,720.9206471287607,8878.888916232494,82.13404740225035,82.13404740225036,270.0,0.0,270.0,270.0,21.0,16.0,19.0,16.0,19.7,12.0,21.0,10.0,1.0,0.0,0.0,0.0,2590.748361644823,0.0,0.0,0.0,428.5522258620033,0.0,0.0,0.0,0.0,82.13404740225035,82.13404740225035,0.34,0.7711814400175732,0.36028137401965956,82.13404740225035,0.3542647819438875,0.0,0.008535 
 03/15  20:00:00,10.62,75.0,7.71,0.0,0.0,0.0,0.0,1.0,2.0,0.0,0.0,4.0,0.0,0.0,0.0,2038.0,0.0,0.0,0.0,0.0,0.0,0.0,0.0,0.0,0.0,0.0,0.0,21.100141404133607,-239.69449839896039,21.85156590160245,-198.42927658321384,20.86132428420224,-457.5809021268092,20.412822533520829,36.504077895909748,18.078553699854195,8.448396628572866,20.593254713766205,-25.158413616565526,18.471536135795735,-7.08148372902383,19.255837378361208,-115.01884794647447,17.550110851154267,-125.60724045562142,623.0358835281298,661.6753770579533,0.0,0.0,0.0,0.0,0.0,0.0,0.0,0.0,0.0,0.0,0.0,0.0,0.0,0.0,0.0,0.0,0.0,0.0,0.0,0.0,0.0,0.0,1.0651621732124013,0.32514107851416398,171.0506343740485,203.97042376111706,3662.804150446872,0.0,0.0,39.946948021534208,47.4141802809518,922.5745373630925,1.0233677264258204,0.19338014482725258,225.56138755139456,269.07781029344849,4839.0487796241709,0.21709697582173732,0.041023615990502127,146.17408938500118,174.419052314342,3034.996250658068,0.0,0.0,7.6529027408647078,9.219155070265007,116.22363397628813,0.0,0.0,14.63700147563393,17.451855481015718,298.9482961006016,0.0,0.0,198.54066082675838,238.76864671789458,3200.320757740061,0.0,0.0,31.309291160729417,37.428335367861119,604.3883851366218,0.0,0.0,166.2519180711535,200.7157346492715,2301.8950981188338,40.84701941408372,28.01578834985167,227.69207751216099,273.08987283520437,4866.3217847973269,0.0,0.0,170.4339206688523,206.07777515002074,2212.2068890913417,509.0816336504213,21.25932371323276,41.797663906744357,21.25,30.0,0.0,22.137379630720969,44.038835884793588,21.0,30.0,75.00904894670888,21.212735986085467,40.989178662569347,21.0,30.0,0.0,20.8977937988599,42.16698642584974,16.0,30.0,0.0,18.070778108289809,50.39203693886823,12.0,30.0,0.0,20.737802986930775,50.15321670064543,19.0,30.0,0.0,18.541805725432586,49.43807056637654,10.0,30.0,619.0349991000744,20.13865614697771,45.89212057659539,20.2,30.0,0.0,17.39495239529416,53.32640090698334,16.0,30.0,0.0,19.350756300536788,0.0,0.0,0.0,16.94664224015521,0.0,0.0,691.2749370192034,932.6696524680218,637.4408689754527,663.3143174740986,717.8741166684624,1132.6845207742252,716.9386970635624,793.0171508804511,733.8404216562346,7135.892734850502,81.5573063012507,81.5573063012507,270.0,0.0,270.0,270.0,21.0,16.0,19.0,16.0,19.7,12.0,21.0,10.0,1.0,0.0,509.0816336504213,0.0,75.00904894670888,0.0,0.0,0.0,619.0349991000744,0.0,0.0,0.0,0.0,81.5573063012507,81.5573063012507,0.255,0.5411348920078782,0.27021103051474468,81.5573063012507,0.2656985864579156,0.0,0.008475000000000002 
 03/15  20:10:00,10.601666666666667,75.33333333333333,7.718333333333333,0.0,0.0,0.0,0.0,0.0,2.0,0.0,0.0,4.0,0.0,0.0,0.0,2040.0,0.0,0.0,0.0,0.0,0.0,0.0,0.0,0.0,0.0,0.0,0.0,21.394827784652255,-549.9488259588447,21.832444351155837,-127.91275451297065,21.29155574895331,-1286.4482015971176,20.470483287293768,503.0455982995918,18.085981784475757,8.446694813622486,20.668468456846477,-54.495318839012927,18.518228193202739,97.80826119246626,19.12984943458345,-102.98284035057486,17.510821587063114,-110.78453344574928,817.8415522919545,720.4982525082219,0.0,0.0,0.0,0.0,0.0,0.0,0.0,0.0,0.0,0.0,0.0,0.0,0.0,0.0,0.0,0.0,0.0,0.0,0.0,0.0,0.0,0.0,0.967849222162305,0.2954362705013141,164.54259286444597,195.66838002610613,3750.4075082883407,0.07305976762350979,0.011150758184296367,25.885672175456308,30.732816367896999,600.0021410061693,0.9745124439288898,0.18414823203493767,352.7304143678525,419.5635023816326,8052.382851688402,0.2888042857847831,0.05457375014829611,336.66196452320949,401.49242245638467,7097.000216576948,0.0,0.0,8.939412842382844,10.767081718463853,136.22607259684848,0.0,0.0,14.34225704009631,17.09390868469997,296.2594359430251,0.0,0.0,218.89265305063607,263.1235649866404,3583.4257500124865,0.0,0.0,30.156932077213189,36.08389659594338,571.469123085208,0.0,0.0,177.35134862460047,214.13896676817277,2445.1989752588126,41.30858690349072,28.33236413133795,356.4325047453007,427.0254501238514,7394.184879217712,0.0,0.0,181.22178605681612,219.10488691330159,2363.440921078699,647.3534660881248,21.87837953623904,40.201800392448507,21.75,30.0,0.0,22.12864775284012,44.688338224928219,21.0,30.0,2085.7698172271877,21.962318598432057,39.448167388422017,22.0,30.0,0.0,21.07285009574355,41.9677988068181,16.0,30.0,0.0,18.077855921180828,50.85131511871382,12.0,30.0,0.0,20.838267416734369,50.282441726940138,19.0,30.0,0.0,18.650254032964214,49.358379482763279,10.0,30.0,0.0,19.972865724919609,45.90817624084238,12.0,30.0,0.0,17.346679410756374,53.88806788399283,16.0,30.0,0.0,19.798258076004396,0.0,0.0,0.0,16.9587606396689,0.0,0.0,681.5351516123393,960.5436334163302,647.1073923966199,666.9962695091269,730.2550710391187,1147.7766856408724,718.6252539274183,755.4002811064063,741.7682592835802,8893.183479253086,82.12453704424977,83.82106893117533,570.0,0.0,570.0,570.0,21.0,16.0,19.0,16.0,12.0,12.0,21.0,10.0,1.0,0.0,647.3534660881248,0.0,2085.7698172271877,0.0,0.0,0.0,0.0,0.0,2567.564013716357,1540538.4082298142,1998565.3950236773,82.12453704424977,83.84988167471468,0.3405854671238786,0.7684392715694439,0.36028137401965956,83.84988167471468,0.3542647819438875,1998565.3950236773,0.12169040054123126 
 03/15  20:20:00,10.583333333333333,75.66666666666667,7.726666666666667,0.0,0.0,0.0,0.0,0.0,2.0,0.0,0.0,4.0,0.0,0.0,0.0,2041.0,0.0,0.0,0.0,0.0,0.0,0.0,0.0,0.0,0.0,0.0,0.0,21.14923478733904,-199.45428116837946,21.825130169858214,-195.45549759676283,20.882592924217677,-512.5965948571288,20.420449495307698,32.04398795216525,18.093074311480956,9.201993802665385,20.749187764372978,-33.89772592958846,18.49043727500137,-36.668799858032347,18.672168383299849,-43.485060510512997,17.47808136196226,-122.79418768310302,672.4805343579274,672.0565585816664,0.0,0.0,0.0,0.0,0.0,0.0,0.0,0.0,0.0,0.0,0.0,0.0,0.0,0.0,0.0,0.0,0.0,0.0,0.0,0.0,0.0,0.0,1.0788808009603966,0.3293286938218548,166.90312227555413,199.09729689067849,3584.040751802087,0.0,0.0,39.855741725744298,47.302516107655367,922.5513481739251,1.0493447204641662,0.19828887385944195,238.0115197245964,283.90920415960127,5130.622623313373,0.2226036532336701,0.0420641823948734,150.96261068296603,180.13703424548656,3147.005342889353,0.0,0.0,7.683992495630763,9.255382763357606,117.49508909046495,0.0,0.0,15.145256394617283,18.04159335262296,317.23260831128268,0.0,0.0,206.61413755766916,248.44287533130012,3356.0358889364485,0.0,0.0,21.767386449844808,26.116257570412978,380.1888074816795,0.0,0.0,170.02097820898457,205.32102707942034,2336.721712944037,40.88749849076797,28.043551776932774,240.93271263993683,288.98200031225789,5124.404641126573,0.0,0.0,173.20775423163023,209.50935286642599,2221.6184531499086,473.24755537299287,21.31086788190535,42.12853409164012,21.25,30.0,0.0,22.125974772798878,44.68485586197966,21.0,30.0,116.80560467082063,21.219331601128169,41.34186102411192,21.0,30.0,0.0,20.90118555705058,42.57645735527138,16.0,30.0,0.0,18.085362969126729,51.26789399095989,12.0,30.0,0.0,20.967807390593824,50.365041567362059,19.0,30.0,0.0,18.566482883869488,49.875878507669089,10.0,30.0,0.0,19.191847278123018,47.96715475203493,12.0,30.0,0.0,17.30590402751597,54.161735288972327,16.0,30.0,0.0,19.354897011819305,0.0,0.0,0.0,16.831558149343253,0.0,0.0,702.1508132763399,952.64200908494,642.296573162028,670.3469110514457,741.4175718505719,1162.6047781620405,722.5065386566856,733.514593903553,737.3753142168647,4569.589103355478,82.04892221395879,82.04892221395879,570.0,0.0,570.0,570.0,21.0,16.0,19.0,16.0,12.0,12.0,21.0,10.0,1.0,0.0,473.24755537299287,0.0,116.80560467082063,0.0,0.0,0.0,0.0,0.0,0.0,0.0,0.0,82.04892221395879,82.04892221395879,0.17,0.34714486216915377,0.18014068700982978,82.04892221395879,0.17713239097194376,0.0,0.017163333333333334 
 03/15  20:30:00,10.565,76.0,7.734999999999999,0.0,0.0,0.0,0.0,0.0,2.0,0.0,0.0,4.0,0.0,0.0,0.0,2044.0,0.0,0.0,0.0,0.0,0.0,0.0,0.0,0.0,0.0,0.0,0.0,21.407983215777809,-443.1356511937938,21.804689955161476,-127.84555441537543,21.312387581401639,-1448.2446148356972,20.472995529582727,492.1130374714935,18.099322143423458,8.381092298294036,20.805056420474018,-60.71817369076942,18.501479421612698,87.9868518035164,18.38270469890958,-18.93437485086085,17.436165528152359,-136.18734698407548,823.73059625724,707.4425170168547,0.0,0.0,0.0,0.0,0.0,0.0,0.0,0.0,0.0,0.0,0.0,0.0,0.0,0.0,0.0,0.0,0.0,0.0,0.0,0.0,0.0,0.0,0.988142657850507,0.30163084793971525,154.90263352568844,184.34654497217188,3560.6451633390095,0.07470163914839015,0.011401349076372126,26.4416786968555,31.39970280103629,613.9536501800375,0.9941166680043937,0.18785273393884995,365.23202258475797,434.51699370441727,8346.45274723176,0.2899114225950963,0.05478295967405446,333.7085608579847,397.9413585200068,7056.688136433865,0.0,0.0,8.83499872535429,10.639479873541888,135.54695026572225,0.0,0.0,14.893616267759727,17.736491822890608,314.91981840618976,0.0,0.0,223.10749855032166,268.21298243339637,3654.357780271425,0.0,0.0,14.824719184761065,17.813978789486894,245.6421714563704,0.0,0.0,175.8677338886541,212.4200839950379,2403.6521912527416,41.32231575757681,28.341780354990968,369.90512988051258,443.1687677466836,7699.527178985235,0.0,0.0,178.01230521512646,215.348069112154,2274.9643159557238,551.0499882006575,21.910128611152755,40.753243415211858,21.75,30.0,0.0,22.111981005010774,45.0960255512849,21.0,30.0,2228.261326630223,21.948873180819626,39.95173087814554,22.0,30.0,0.0,21.0666888520719,42.7003993800014,16.0,30.0,0.0,18.09197942387608,51.63123864197469,12.0,30.0,0.0,21.05105245778514,50.41450000460793,19.0,30.0,0.0,18.616883808217695,49.94829383387818,10.0,30.0,0.0,18.719427962300075,49.50460811630054,12.0,30.0,0.0,17.24872477533522,54.69603860735553,16.0,30.0,0.0,19.805993950598155,0.0,0.0,0.0,16.787877038893716,0.0,0.0,704.0844873661031,966.4389413765484,659.5392817086456,692.5344324645128,749.4413863490511,1167.0777797129115,723.087094402924,730.8400834206816,741.9702219882769,8697.288909673387,82.25410233618791,82.25410233618791,570.0,0.0,570.0,570.0,21.0,16.0,19.0,16.0,12.0,12.0,21.0,10.0,1.0,0.0,551.0499882006575,0.0,2228.261326630223,0.0,0.0,0.0,0.0,0.0,0.0,0.0,0.0,82.25410233618791,82.25410233618791,0.34,0.7708102042867783,0.36028137401965956,82.25410233618791,0.3542647819438875,0.0,0.01656166666666667 
 03/15  20:40:00,10.546666666666667,76.33333333333333,7.743333333333333,0.0,0.0,0.0,0.0,0.0,2.0,0.0,0.0,4.0,0.0,0.0,0.0,2045.0,0.0,0.0,0.0,0.0,0.0,0.0,0.0,0.0,0.0,0.0,0.0,21.201810527042715,-243.36628068827884,21.795283053734186,-195.7835745653095,20.89948413826764,-519.9397752868879,20.421676161793508,30.347764510760386,18.10460823147266,9.45358672935643,20.84199095049302,-41.14372164305382,18.47337494796922,-42.56335148492917,18.183077167567736,-10.922483028768355,17.403182053541579,-126.49190400964472,675.3562282641592,691.1358393449366,0.0,0.0,0.0,0.0,0.0,0.0,0.0,0.0,0.0,0.0,0.0,0.0,0.0,0.0,0.0,0.0,0.0,0.0,0.0,0.0,0.0,0.0,1.0897774726202974,0.3326549061722519,161.58835380805724,192.68999097328283,3497.4521179011214,0.0,0.0,39.53558807077139,46.92480326710482,916.2309740179526,1.0711793255953564,0.20241483854787543,229.54648495792748,273.77128693440559,4961.271565831983,0.228114058857238,0.043105453298797797,152.41016095341724,181.82823864558066,3185.8230491110177,0.0,0.0,7.717680520516127,9.29481582699588,118.78433473023017,0.0,0.0,15.507599181325493,18.462724117268878,330.283205050043,0.0,0.0,211.83082864415398,254.73515176094379,3443.7468656192506,0.0,0.0,10.940275731241713,13.160743922201379,175.22581147338927,0.0,0.0,170.86359350880847,206.4015768964647,2329.0061898320689,40.920936575772987,28.066485991613857,231.44695499629919,277.6027942674584,4944.660576945974,0.0,0.0,173.0200123202377,209.36282000089643,2192.1427104958418,495.0827666390741,21.35900141544652,42.55417222942929,21.25,30.0,0.0,22.10162815514722,45.2565937424433,21.0,30.0,115.81338073114381,21.221406512236905,41.79104699400565,21.0,30.0,0.0,20.89515968110288,43.096068740310048,16.0,30.0,0.0,18.09804649314306,51.97192457243242,12.0,30.0,0.0,21.110791687079474,50.59971571484223,19.0,30.0,0.0,18.535325124333736,50.525720819298907,10.0,30.0,0.0,18.415732407536895,50.616795271418499,12.0,30.0,0.0,17.211285228500189,55.08516815247038,16.0,30.0,0.0,19.35298043179626,0.0,0.0,0.0,16.715864131189428,0.0,0.0,717.5348956851054,967.708891268403,652.8987091013848,682.5797556621806,756.675626855906,1174.7366474456119,729.9967006484264,731.6671145172375,743.7432863087058,5125.077964183898,81.45781633033886,83.2063340776679,570.0,0.0,570.0,570.0,21.0,16.0,19.0,16.0,12.0,12.0,21.0,10.0,1.0,0.0,495.0827666390741,0.0,115.81338073114381,0.0,0.0,0.0,0.0,0.0,2646.1605210526397,1587696.3126315838,2056345.9631866429,81.45781633033886,83.23602971369812,0.17320535070175467,0.34764195726917748,0.18014068700982978,83.23602971369812,0.17713239097194376,2056345.9631866429,0.12288999008570545 
 03/15  20:50:00,10.528333333333333,76.66666666666667,7.751666666666667,0.0,0.0,0.0,0.0,0.0,2.0,0.0,0.0,4.0,0.0,0.0,0.0,2048.0,0.0,0.0,0.0,0.0,0.0,0.0,0.0,0.0,0.0,0.0,0.0,21.427874077393687,-458.31732040285228,21.77425470829427,-127.5095842269584,21.32119116949972,-1449.915741913544,20.472859283212985,486.40621579283927,18.108788866203253,8.122127474582996,20.86772841720819,-64.79664090049642,18.477369612392314,81.10714490359055,18.024535262467319,-26.13214737515834,17.369811367228754,-132.87273798037428,822.8039363783141,737.9056808234072,0.0,0.0,0.0,0.0,0.0,0.0,0.0,0.0,0.0,0.0,0.0,0.0,0.0,0.0,0.0,0.0,0.0,0.0,0.0,0.0,0.0,0.0,1.0071620612859736,0.30743652664407009,165.18405981124949,196.59458287813045,3808.9382192799614,0.07601756775125351,0.011602192880227949,26.74920137822607,31.769363357900209,621.6604221182489,0.9984526487217578,0.1886720802573239,370.1643096945435,440.4184921484683,8471.338553283149,0.2898316004143959,0.05476787611761069,332.0540245780233,395.95234243630667,7041.608766905265,0.0,0.0,8.762845852144429,10.55121405936715,135.2826929168518,0.0,0.0,15.193686984779112,18.086657809032706,325.2387758920447,0.0,0.0,225.1752420484129,270.72942998360397,3685.9016665262849,0.0,0.0,11.770165453167233,14.172348584364537,183.6026912404726,0.0,0.0,174.38584305433509,210.67949993602458,2368.995304920062,41.327156421271897,28.345100426112418,375.3284449069407,449.66453843110386,7835.328991730059,0.0,0.0,181.13361189673209,219.17700569865964,2299.0658285358388,540.3074617082988,21.91013282923639,41.16487035949457,21.75,30.0,0.0,22.084542975943096,45.6162348234289,21.0,30.0,2219.5278157046934,21.93707827269717,40.432392659908959,22.0,30.0,0.0,21.05798014507313,43.21305578794982,16.0,30.0,0.0,18.10259507632535,52.298307759192088,12.0,30.0,0.0,21.147346313645146,50.73420810790377,19.0,30.0,0.0,18.574109412216364,50.635401240083357,10.0,30.0,0.0,18.18224767271964,51.624485125074389,12.0,30.0,0.0,17.169548790927274,55.60693202975088,16.0,30.0,0.0,19.801516288689866,0.0,0.0,0.0,16.704400672449308,0.0,0.0,712.5453785568897,978.6052543692964,671.2374162314353,704.5320318286747,762.8082047531824,1176.528296074617,731.3925481593501,736.5811589345939,750.4537316261097,8439.389307003761,82.42465736173819,82.42465736173819,570.0,0.0,570.0,570.0,21.0,16.0,19.0,16.0,12.0,12.0,21.0,10.0,1.0,0.0,540.3074617082988,0.0,2219.5278157046934,0.0,0.0,0.0,0.0,0.0,0.0,0.0,0.0,82.42465736173819,82.42465736173819,0.34,0.7694446515554874,0.36028137401965956,82.42465736173819,0.3542647819438875,0.0,0.015168333333333333 
 03/15  21:00:00,10.51,77.0,7.76,0.0,0.0,0.0,0.0,0.0,2.0,0.0,0.0,4.0,0.0,0.0,0.0,2049.0,0.0,0.0,0.0,0.0,0.0,0.0,0.0,0.0,0.0,0.0,0.0,21.19944196899469,-247.73739544133208,21.765413964115184,-192.40686071606656,20.911510246255859,-527.616772248921,20.42376257351807,29.85109456055352,18.111925990222234,9.4730646374218,20.882930747521994,-45.18211513397321,18.454545371612807,-43.87708976476665,17.886963355962075,-33.94730893421546,17.347846965394895,-117.19051587626518,676.8200505955508,727.6705414139265,0.0,0.0,0.0,0.0,0.0,0.0,0.0,0.0,0.0,0.0,0.0,0.0,0.0,0.0,0.0,0.0,0.0,0.0,0.0,0.0,0.0,0.0,1.0990235601981003,0.33547727722774747,162.81213570414105,194.14594219669966,3533.965948691442,0.0,0.0,39.2122478629634,46.54296477694549,909.583160826588,1.0799672705331994,0.2040754479465608,229.66313095880279,273.9032731103443,4979.068480587721,0.22996804255044096,0.04345579035344688,151.6063295146306,180.8612167737999,3179.6026980826147,0.0,0.0,7.713218805548511,9.288647128878928,119.42535243632378,0.0,0.0,15.711228742574953,18.6999788344528,337.71801428316317,0.0,0.0,215.76355186576579,259.48054358745926,3511.4197602074425,0.0,0.0,14.136078735512069,17.032583846343685,215.54958085007289,0.0,0.0,168.49333869710959,203.57125819311228,2289.1294122665706,40.93714133793706,28.077600368955467,231.29144123203614,277.41039559097728,4959.261536090541,0.0,0.0,179.4915723832659,217.2262393065069,2267.754240874367,465.8216023561928,21.340900390655454,43.01750162660474,21.25,30.0,0.0,22.074193850096238,45.77907633585951,21.0,30.0,116.95249097210709,21.219066697614239,42.24699022855757,21.0,30.0,0.0,20.89215457904897,43.56233887460282,16.0,30.0,0.0,18.106573158266696,52.60443522610215,12.0,30.0,0.0,21.174011451401819,50.95969745807931,19.0,30.0,0.0,18.506007373054368,51.15652938674746,10.0,30.0,0.0,17.985768955820764,52.609112045662588,12.0,30.0,0.0,17.151006700717028,55.90256154686149,16.0,30.0,0.0,19.347092615366458,0.0,0.0,0.0,16.66035839495331,0.0,0.0,725.8236963186807,979.9655346813117,663.5166491064913,692.7262360492487,768.3779637996848,1182.3841388971426,738.2281722414133,743.6816423539906,751.8498454700888,4774.4654031994309,81.72850338549645,81.72850338549645,570.0,0.0,570.0,570.0,21.0,16.0,19.0,16.0,12.0,12.0,21.0,10.0,1.0,0.0,465.8216023561928,0.0,116.95249097210709,0.0,0.0,0.0,0.0,0.0,0.0,0.0,0.0,81.72850338549645,81.72850338549645,0.17,0.34743005811878616,0.18014068700982978,81.72850338549645,0.17713239097194376,0.0,0.014376666666666666 
 03/15  21:10:00,10.471666666666666,77.33333333333334,7.626666666666667,0.0,0.0,0.0,0.0,0.0,2.0,0.0,0.0,4.0,0.0,0.0,0.0,2052.0,0.0,0.0,0.0,0.0,0.0,0.0,0.0,0.0,0.0,0.0,0.0,21.43965817309727,-454.3877038283731,21.74746364194991,-122.33857114646159,21.339466424919516,-1461.865576079194,20.479404677556546,490.2003269062752,18.11405130919105,8.023926613038498,20.892509777084187,-68.4572454472009,18.464776536221785,79.9089862285482,17.7688973696158,-39.90675042871155,17.323370896509596,-126.62810837791608,822.1106601765027,771.8517559923569,0.0,0.0,0.0,0.0,0.0,0.0,0.0,0.0,0.0,0.0,0.0,0.0,0.0,0.0,0.0,0.0,0.0,0.0,0.0,0.0,0.0,0.0,1.0094155528898857,0.30812440564404328,154.87779120305917,184.28965354619289,3589.567738061442,0.09120886422706172,0.013920766823422118,25.791359375927127,30.627811485959574,601.6096207840058,1.0151998386398007,0.1918367042025323,364.792490360577,433.93558690235377,8406.371645299623,0.29376613579455365,0.0555113635288272,334.3679508269698,398.6787359724281,7131.630618149057,0.0,0.0,8.794498678838828,10.588253055137362,136.89400776451226,0.0,0.0,15.277314540959504,18.18176605018925,329.9278728383745,0.0,0.0,231.05797211811848,277.7879566580142,3801.8552984690215,0.0,0.0,17.675477157814677,21.30393886230996,264.99294745903299,0.0,0.0,172.8096478807152,208.78640742662655,2351.406073923006,41.04326961207656,28.1503906804366,369.00469836916587,442.034100001081,7752.889316343533,0.0,0.0,187.18783806659634,226.51505244627749,2379.665113872861,554.4854216205023,21.90987922065326,41.56347333765058,21.75,30.0,0.0,22.061223268266248,46.18416046424297,21.0,30.0,2229.3746121691995,21.949456317111609,40.75830013039373,22.0,30.0,0.0,21.06371803686926,43.57684379273948,16.0,30.0,0.0,18.109086842311215,52.890752832633257,12.0,30.0,0.0,21.186592163955319,51.10202155632837,19.0,30.0,0.0,18.558960135850798,51.190374482154677,10.0,30.0,0.0,17.82001197136423,53.5390841089693,12.0,30.0,0.0,17.122777792584406,56.336188711695999,16.0,30.0,0.0,19.805228166834444,0.0,0.0,0.0,16.658207539404523,0.0,0.0,721.1647309820041,994.4606163115132,677.7867931399817,710.8400128165567,772.9358959448706,1182.6292294214507,739.289829447844,751.2106562249401,757.8122034000236,9791.46276907298,81.53058825062777,83.36080774642909,570.0,0.0,570.0,570.0,21.0,16.0,19.0,16.0,12.0,12.0,21.0,10.0,1.0,0.0,554.4854216205023,0.0,2229.3746121691995,0.0,0.0,0.0,0.0,0.0,2769.674268194051,1661804.5609164306,2152528.187815175,81.53058825062777,83.39189094937956,0.3473224756064684,0.7698162686947517,0.36028137401965956,83.39189094937956,0.3542647819438875,2152528.187815175,0.12551646576638909 
 03/15  21:20:00,10.433333333333334,77.66666666666667,7.493333333333334,0.0,0.0,0.0,0.0,0.0,2.0,0.0,0.0,4.0,0.0,0.0,0.0,2053.0,0.0,0.0,0.0,0.0,0.0,0.0,0.0,0.0,0.0,0.0,0.0,21.21245618512124,-250.97836732237659,21.740685711429064,-188.37177385768713,20.923571020887658,-530.1117121333427,20.4288136913964,27.089720487141677,18.115074899209739,9.332773957728577,20.896837035973328,-47.03973484234834,18.43384326688768,-48.65687462309006,17.67078942418474,-37.09803145034638,17.30504570824543,-118.07574552625533,675.1220956960508,750.7967001979575,0.0,0.0,0.0,0.0,0.0,0.0,0.0,0.0,0.0,0.0,0.0,0.0,0.0,0.0,0.0,0.0,0.0,0.0,0.0,0.0,0.0,0.0,1.1105864830537665,0.3390068629590251,163.5118180880938,194.95553213006643,3574.409817721947,0.0,0.0,38.93557271972527,46.21052207266497,907.4680972045969,1.0905142000467543,0.20606844294156363,231.18956300149856,275.6841649341131,5049.99701834121,0.23184834054256679,0.043811099875768467,152.1708834399148,181.50876658714254,3215.1864358694786,0.0,0.0,7.646340707767355,9.206511594584115,119.63826702956016,0.0,0.0,15.73566622718231,18.72450829023103,341.38082382951776,0.0,0.0,219.39355448283485,263.8333822137439,3590.9589905859454,0.0,0.0,18.40957006464364,22.199309751082305,272.6911179334346,0.0,0.0,167.03766840471827,201.81130842012267,2281.101753681833,40.318244467629138,27.653116918812864,232.87546975248245,279.2624099076611,5027.155840211693,0.0,0.0,182.53135678997965,220.91494480877896,2313.385056104951,468.5139624990905,21.34216773466288,43.38601544883978,21.25,30.0,0.0,22.05263468933951,46.264710426390539,21.0,30.0,114.56742828810735,21.22126963958527,42.59091565314975,21.0,30.0,0.0,20.893981331553193,43.9378460962492,16.0,30.0,0.0,18.11091759335449,53.17020281386429,12.0,30.0,0.0,21.1981528921229,51.355787852159107,19.0,30.0,0.0,18.475090131668574,51.74368740990798,10.0,30.0,0.0,17.689206492057346,54.30818083830572,12.0,30.0,0.0,17.108355341093565,56.59761795712925,16.0,30.0,0.0,19.365100846728354,0.0,0.0,0.0,16.602310834813254,0.0,0.0,733.0634373267278,991.958690254149,669.6624416384625,699.6953560480749,777.8221150095392,1189.3550494433596,746.0409179816982,756.4394312490299,759.4972234638058,3826.643040101246,82.84890468079149,82.84890468079149,570.0,0.0,570.0,570.0,21.0,16.0,19.0,16.0,12.0,12.0,21.0,10.0,1.0,0.0,468.5139624990905,0.0,114.56742828810735,0.0,0.0,0.0,0.0,0.0,0.0,0.0,0.0,82.84890468079149,82.84890468079149,0.17,0.34677487025959288,0.18014068700982978,82.84890468079149,0.17713239097194376,0.0,0.012761666666666666 
 03/15  21:30:00,10.395,78.0,7.359999999999999,0.0,0.0,0.0,0.0,0.0,2.0,0.0,0.0,4.0,0.0,0.0,0.0,2056.0,0.0,0.0,0.0,0.0,0.0,0.0,0.0,0.0,0.0,0.0,0.0,21.450192566209198,-471.5769109490893,21.723357905733093,-121.78970265087122,21.340284274012796,-1446.4014555983609,20.478688628780455,481.08301865554179,18.114935138115358,7.59498858847202,20.898803017535554,-69.24672499475313,18.43641593830739,73.47983841331689,17.587710707749275,-39.98602407550601,17.279775845013213,-130.93446712631454,814.509711108808,788.6455971641751,0.0,0.0,0.0,0.0,0.0,0.0,0.0,0.0,0.0,0.0,0.0,0.0,0.0,0.0,0.0,0.0,0.0,0.0,0.0,0.0,0.0,0.0,1.0260694147381145,0.31320800205681156,166.51757647605454,198.13666770631557,3884.5662617969089,0.09132979990665749,0.013939224649978252,25.97962736379601,30.852541847631046,608.8049659686296,1.0185838528976624,0.19247616267907459,368.90272337235288,438.8310638034267,8534.546439814727,0.292989916132526,0.055364685588156829,331.3906552830956,395.070959355346,7114.061360934167,0.0,0.0,8.668126205099707,10.434063942162398,136.2989181970009,0.0,0.0,15.303344910368815,18.20902440726849,333.24495468171349,0.0,0.0,232.48011828519578,279.49629785732579,3840.836802384328,0.0,0.0,20.38346413774547,24.58368811984497,299.10504763577719,0.0,0.0,171.26589902635087,206.92239829498639,2341.577761971853,40.40592877114607,27.71325704468181,373.94238713030179,447.89363967759609,7906.65128506151,0.0,0.0,188.58492738770793,228.22456899170167,2401.2455416890709,565.5954479527168,21.9102490995324,41.87689756090454,21.75,30.0,0.0,22.039037434144715,46.57654550231998,21.0,30.0,2207.2355664362405,21.93150277569738,41.17311238133472,22.0,30.0,0.0,21.05460407939888,44.00529125202054,16.0,30.0,0.0,18.110928161376088,53.439946953852729,12.0,30.0,0.0,21.200732690581046,51.522463454067608,19.0,30.0,0.0,18.514455066336738,51.793309525743527,10.0,30.0,0.0,17.581443923953385,54.99317094869627,12.0,30.0,0.0,17.07760190663889,57.024100969137439,16.0,30.0,0.0,19.8055679971495,0.0,0.0,0.0,16.590185510816494,0.0,0.0,726.3779101784071,1001.5545696727575,686.7682775799191,720.1815509113046,782.1241921572536,1190.7048222022036,746.6806700018242,761.9382013179007,765.5934181861259,10493.786696865542,81.06613382315655,84.5745464811455,570.0,0.0,570.0,570.0,21.0,16.0,19.0,16.0,12.0,12.0,21.0,10.0,1.0,0.0,565.5954479527168,0.0,2207.2355664362405,0.0,0.0,0.0,0.0,0.0,5309.519040797371,3185711.424478423,4139479.602650701,81.06613382315655,84.63413097520886,0.3469839680265791,0.7684384453708167,0.36028137401965956,84.63413097520886,0.3542647819438875,4139479.602650701,0.22719127267116979 
 03/15  21:40:00,10.356666666666666,78.33333333333333,7.226666666666667,0.0,0.0,0.0,0.0,0.0,2.0,0.0,0.0,4.0,0.0,0.0,0.0,2057.0,0.0,0.0,0.0,0.0,0.0,0.0,0.0,0.0,0.0,0.0,0.0,21.230687995998907,-254.04708951308874,21.71792931495192,-184.95228155026957,20.931595664646225,-534.1273455959829,20.430502336258664,28.445804596332324,18.113821086195146,9.173696454547553,20.896528246375895,-48.573317320646257,18.407548861998245,-52.28899425049963,17.517488573179649,-36.695547772078729,17.25965528642797,-121.9310945458949,670.1231317605898,769.4895319376369,0.0,0.0,0.0,0.0,0.0,0.0,0.0,0.0,0.0,0.0,0.0,0.0,0.0,0.0,0.0,0.0,0.0,0.0,0.0,0.0,0.0,0.0,1.1199408734223376,0.34186229347446198,163.0924499807474,194.42419681001415,3591.984848639667,0.0,0.0,38.59556171001092,45.803420012792219,903.8998760161527,1.0990786645818669,0.20768682248334603,230.0260487341454,274.258196335985,5058.124720949164,0.23380110836936866,0.04418010362232966,151.9206443166775,181.1810717791975,3232.5303614354318,0.0,0.0,7.588804434351542,9.135857487323307,119.90572728200356,0.0,0.0,15.736352041969802,18.72208297844738,343.9531757677219,0.0,0.0,221.61162510727633,266.49641565467035,3644.9014117715757,0.0,0.0,20.455438086051893,24.678509467990016,298.27808409222646,0.0,0.0,166.67750839113666,201.38039208582814,2285.9569120672065,39.69351190430685,27.22463093573859,231.78875543175367,277.91326880091347,5038.822433334048,0.0,0.0,184.37633719455045,223.16528761504305,2341.44001273749,480.3453590194193,21.350856273107519,43.709691367439507,21.25,30.0,0.0,22.03231887271324,46.68547477514811,21.0,30.0,114.77235323555422,21.220303333682105,42.970337857639758,21.0,30.0,0.0,20.8918261060902,44.31599734010459,16.0,30.0,0.0,18.110534478656136,53.698820845125229,12.0,30.0,0.0,21.203298288971895,51.77422666168502,19.0,30.0,0.0,18.437221679232715,52.31510419229258,10.0,30.0,0.0,17.49535621987547,55.55243178000306,12.0,30.0,0.0,17.05982518069479,57.27156194886947,16.0,30.0,0.0,19.368598672091957,0.0,0.0,0.0,16.5371304117787,0.0,0.0,740.2279403285286,1001.5311803710954,678.7793461854002,707.6682497517401,786.4584570391671,1197.272865297218,753.3483339431066,765.5373570992343,766.7718271186102,3810.928408406568,81.77713583178435,81.77713583178435,570.0,0.0,570.0,570.0,21.0,16.0,19.0,16.0,12.0,12.0,21.0,10.0,1.0,0.0,480.3453590194193,0.0,114.77235323555422,0.0,0.0,0.0,0.0,0.0,0.0,0.0,0.0,81.77713583178435,81.77713583178435,0.17,0.3473541884508127,0.18014068700982978,81.77713583178435,0.17713239097194376,0.0,0.011115 
 03/15  21:50:00,10.318333333333334,78.66666666666667,7.093333333333333,0.0,0.0,0.0,0.0,0.0,2.0,0.0,0.0,4.0,0.0,0.0,0.0,2060.0,0.0,0.0,0.0,0.0,0.0,0.0,0.0,0.0,0.0,0.0,0.0,21.46002210257634,-459.4594669311547,21.702233088396519,-118.52743676137291,21.355504897754494,-1479.7288728549339,20.485045360407363,485.542997547348,18.111736466330748,7.271719807046296,20.893356411723617,-70.50391262458078,18.407610415456867,69.13649520666468,17.45577642852349,-39.26606481440925,17.233431987469016,-134.80295104512335,813.1397985616627,806.337143439257,0.0,0.0,0.0,0.0,0.0,0.0,0.0,0.0,0.0,0.0,0.0,0.0,0.0,0.0,0.0,0.0,0.0,0.0,0.0,0.0,0.0,0.0,1.0387842714546057,0.3170892159507343,164.77713195579435,196.04556217069166,3869.3283353276099,0.09650029469240976,0.014728372205801244,25.662537567454739,30.47452558827002,604.5125185358963,1.0222514060231734,0.1931691999287932,372.35934377555977,442.8592790105117,8688.68345073923,0.2942677568035583,0.055606152079281618,333.31109664964506,397.3049592730765,7209.699913629278,0.0,0.0,8.595471961146929,10.345017787231912,136.44412453643904,0.0,0.0,15.289889806112396,18.190333731470937,335.24263775531429,0.0,0.0,234.2210632929681,281.58857434171036,3886.668650241524,0.0,0.0,21.86755475222313,26.38414802902527,317.3036804162971,0.0,0.0,171.22620590923584,206.88106789603919,2350.487487107573,39.78677256177163,27.28859572137973,377.6705742317285,452.28765751130018,8042.379588991774,0.0,0.0,190.1644548474415,230.15472049225455,2426.469792895102,542.2098897412386,21.910508174462639,42.21388139819617,21.75,30.0,0.0,22.020762100125159,46.99659278724693,21.0,30.0,2233.873627338355,21.946452549649388,41.4290596666817,22.0,30.0,0.0,21.061398728075724,44.3013052032782,16.0,30.0,0.0,18.108519910571727,53.95420524635581,12.0,30.0,0.0,21.199316028750098,51.94417287957661,19.0,30.0,0.0,18.47319480581429,52.36893132060391,10.0,30.0,0.0,17.420891670820276,56.08589970100348,12.0,30.0,0.0,17.02737279150604,57.694008798381137,16.0,30.0,0.0,19.824116042757806,0.0,0.0,0.0,16.525498148740036,0.0,0.0,734.3587102239013,1012.0201296286325,692.3935452822568,725.7040439740655,790.5486894773009,1198.927609944742,754.4763217499827,770.2613093529342,773.0299283020454,8779.277397766671,82.19991365594697,82.19991365594697,570.0,0.0,570.0,570.0,21.0,16.0,19.0,16.0,12.0,12.0,21.0,10.0,1.0,0.0,542.2098897412386,0.0,2233.873627338355,0.0,0.0,0.0,0.0,0.0,0.0,0.0,0.0,82.19991365594697,82.19991365594697,0.34,0.7709434328644287,0.36028137401965956,82.19991365594697,0.3542647819438875,0.0,0.010386666666666666 
 03/15  22:00:00,10.28,79.0,6.96,0.0,0.0,0.0,0.0,0.0,2.0,0.0,0.0,4.0,0.0,0.0,0.0,2061.0,0.0,0.0,0.0,0.0,0.0,0.0,0.0,0.0,0.0,0.0,0.0,21.247085622698124,-257.54933999264508,21.698300970420349,-181.52901821380795,20.940600603934706,-534.735832607978,20.434941661284719,25.510060752213236,18.108769524351744,9.06875925789673,20.88686247727188,-49.65599578028602,18.37862729174097,-56.01537813270738,17.401989456634668,-36.1239100194461,17.21244689398803,-125.71550139337364,667.6504036261995,785.642879058802,0.0,0.0,0.0,0.0,0.0,0.0,0.0,0.0,0.0,0.0,0.0,0.0,0.0,0.0,0.0,0.0,0.0,0.0,0.0,0.0,0.0,0.0,1.1294969088427982,0.3447792762035403,163.27308924199185,194.61396552748139,3622.1315122206935,0.0,0.0,38.33104277644621,45.48543921099961,902.321499022351,1.1078802716238417,0.20935001353436173,231.04016847823216,275.42921330656079,5118.37032179729,0.23533275861806056,0.044469531106965328,152.60441077763654,181.9717515397911,3270.8418050468919,0.0,0.0,7.529091386771929,9.062768838076451,120.06274056151483,0.0,0.0,15.722049042038325,18.70270192851828,345.83275672391695,0.0,0.0,223.24248772226174,268.4558896393964,3688.639815513307,0.0,0.0,21.60518047768129,26.07377995133207,312.55863138813165,0.0,0.0,166.86144935700185,201.60951933412538,2297.2085668044958,39.06693482671173,26.794879853711757,232.94831143787958,279.2577983887703,5098.254406227775,0.0,0.0,185.76582171582727,224.8655004144963,2363.719975954091,494.91899954951239,21.358940312113857,44.00783516905777,21.25,30.0,0.0,22.015943968181199,47.0787306140939,21.0,30.0,112.39781799411029,21.22302361015549,43.24600599461601,21.0,30.0,0.0,20.893691056214676,44.62769634174836,16.0,30.0,0.0,18.10627291123402,54.20209249881076,12.0,30.0,0.0,21.196545678961106,52.19079048762492,19.0,30.0,0.0,18.39740684444655,52.87298878830823,10.0,30.0,0.0,17.359580199871116,56.53504837590698,12.0,30.0,0.0,17.008120420432645,57.93862736177958,16.0,30.0,0.0,19.38585516476864,0.0,0.0,0.0,16.471747075906959,0.0,0.0,746.9836911549757,1011.1219189629804,683.5649643492061,713.7011019060792,794.7947786804501,1205.4077796377997,760.9027376784936,773.6276588044084,774.470605085353,4966.1555502074029,81.48444369283647,83.17149810626177,570.0,0.0,570.0,570.0,21.0,16.0,19.0,16.0,12.0,12.0,21.0,10.0,1.0,0.0,494.91899954951239,0.0,112.39781799411029,0.0,0.0,0.0,0.0,0.0,2553.2347004723189,1531940.8202833913,1984930.7559689556,81.48444369283647,83.20014989083802,0.17010782334907732,0.347628787538798,0.18014068700982978,83.20014989083802,0.17713239097194376,1984930.7559689556,0.11287473264371903 
 03/15  22:10:00,10.265,79.16666666666667,6.948333333333333,0.0,0.0,0.0,0.0,0.0,2.0,0.0,0.0,4.0,0.0,0.0,0.0,5160.0,0.0,0.0,0.0,0.0,0.0,0.0,0.0,0.0,0.0,0.0,0.0,21.34104492736937,-622.1518045715636,21.675115474328388,-154.95054600883445,21.177644279090864,-695.9230956659711,20.41383798545209,333.0055540095747,18.10274211080697,2.482746964098311,20.883724897130099,-43.782216975652769,18.46867096094436,106.17034760517683,17.337810245045419,-71.7730697648609,18.501317319269526,-285.93632182303647,699.8399981276275,740.7955309335877,0.0,0.0,0.0,0.0,0.0,0.0,0.0,0.0,0.0,0.0,0.0,0.0,0.0,0.0,0.0,0.0,0.0,0.0,0.0,0.0,0.0,0.0,1.0711831179554464,0.32697897373487369,153.10277422440678,182.33163079991093,3522.245163020972,0.05439082595761396,0.008301408113188944,30.524591941505294,36.25023458863869,719.046799601934,1.0915089110511443,0.20625640798396537,246.343925829382,293.3832839408723,5644.678720843448,0.27480687585214355,0.051928736933511628,258.32414908838066,308.39602405219139,5542.288393415409,0.0,0.0,8.616701399492286,10.379456120693228,137.50804635355693,0.0,0.0,14.481214358409077,17.244289014128105,318.94801361495487,0.0,0.0,167.33774503833673,201.25147569549774,2830.4117063711107,0.0,0.0,34.29007341850766,41.39864390551524,490.60359149234827,0.0,0.0,121.30774139618217,145.57806697751594,2167.0993796183117,39.23092650370819,26.90735699842812,255.25597921986486,306.18272472816377,5514.8862641235859,0.0,0.0,127.8437754915562,154.87849491166905,1610.3471011506604,413.4185460312822,21.595689565498046,42.897091766988037,21.400000000000003,30.0,0.0,21.988616627275815,47.124470083436118,21.000000000000005,30.0,957.2404968427526,21.560764866549485,42.491781861327769,21.300000000000006,30.0,0.0,20.91272210361345,44.40034619791673,15.999999999999999,30.0,0.0,18.098071085668104,54.30811011626984,12.0,30.0,0.0,21.197688032445819,51.16592139386171,19.0,30.0,0.0,18.614128719630476,52.096432128129219,10.0,30.0,0.0,17.27343161294954,57.078534944766179,12.0,30.0,2454.028889006613,18.984342862227277,51.23510299997684,19.9,30.0,0.0,19.486851505472445,0.0,0.0,0.0,16.289162893193855,0.0,0.0,713.7669386750719,1004.6240915057098,686.3247596546149,698.3786343281873,792.1848831170946,1185.3581248162089,750.8622077139405,778.5668972411143,767.9323421047287,9101.950470623433,81.43458417988099,83.538560005292,570.0,0.0,570.0,570.0,21.0,16.0,19.0,19.0,12.0,12.0,21.0,10.0,1.0,0.0,413.4185460312822,0.0,957.2404968427526,0.0,0.0,0.0,0.0,2454.028889006613,3184.0901208360967,1910454.0725016576,2484746.90958622,81.43458417988099,83.57429249952787,0.3101363373612033,0.6916788254842817,0.3242532366176936,83.57429249952787,0.31883830374949886,2484746.90958622,0.13813683929848348 
 03/15  22:20:00,10.25,79.33333333333334,6.936666666666667,0.0,0.0,0.0,0.0,0.0,2.0,0.0,0.0,4.0,0.0,0.0,0.0,1551.0,0.0,0.0,0.0,0.0,0.0,0.0,0.0,0.0,0.0,0.0,0.0,21.35691986883781,-607.0422747324761,21.657996862596599,-155.00715587710176,21.24467096151958,-921.2070878964937,20.426468098857016,300.5909832529988,18.090253460813277,0.9724638004160128,20.885080467670556,-38.76879264757477,18.444058041975887,51.14815637608746,17.253833514140824,-61.90723689249017,18.700623370667985,-198.01952957869839,703.2802040551309,740.0503821198503,0.0,0.0,0.0,0.0,0.0,0.0,0.0,0.0,0.0,0.0,0.0,0.0,0.0,0.0,0.0,0.0,0.0,0.0,0.0,0.0,0.0,0.0,1.0589616224202235,0.3232483584921316,142.45984264949557,169.40210065973779,3302.454395888042,0.06151817672943663,0.009389221112551376,30.47939983077218,36.17367828888092,717.8215339885303,1.107594899690454,0.20929608837688097,265.9271297284264,315.97336983615346,6116.30881643106,0.27513236815299216,0.05199024341515343,225.09809064647255,268.03362737519788,4869.034474570452,0.0,0.0,8.83609499337832,10.628598198545653,140.98597993427493,0.0,0.0,13.857955063629472,16.48082906712108,305.9642346399178,0.0,0.0,161.4187340876012,193.82601662866225,2724.8498182359928,0.0,0.0,38.55304919388164,46.52621179427785,544.4600905179173,0.0,0.0,132.18158183618596,158.33760592799818,2410.5601188999605,39.13723200414799,26.84309465305075,270.29221265157215,323.48671136933458,5815.532367512791,0.0,0.0,124.16959961794231,150.1517861890905,1587.1373917762285,1034.7425810332803,21.72213744966321,42.52562499861105,21.666666666666658,29.99999999999999,0.0,21.967406134194918,47.21404830274978,20.999999999999994,29.99999999999999,1618.3855505446275,21.638070801153924,42.218204148307247,21.666666666666658,29.99999999999999,0.0,20.917720237843616,44.51754564481974,15.999999999999993,29.99999999999999,0.0,18.080088918446184,54.21745000507702,11.999999999999995,29.99999999999999,0.0,21.208213432595334,49.61799239268101,18.999999999999994,29.99999999999999,0.0,18.55570628699436,52.33597497960807,9.999999999999997,29.99999999999999,0.0,17.156401083749793,57.65684878122538,11.999999999999995,29.99999999999999,0.0,19.266774929122517,50.13183222075331,18.999999999999994,29.99999999999999,0.0,19.507067857838679,0.0,0.0,0.0,16.43822453391281,0.0,0.0,708.767705160837,1002.4128339487206,677.7008227938591,703.0273651015082,778.3279001321521,1157.7019215208268,751.2294546967788,782.0597144129864,756.8712042250267,7626.530923987084,82.96198710775468,82.96198710775468,569.9999999999998,0.0,569.9999999999998,569.9999999999998,21.0,16.0,19.0,19.0,12.0,12.0,21.0,10.0,1.0,0.0,1034.7425810332803,0.0,1618.3855505446275,0.0,0.0,0.0,0.0,0.0,0.0,0.0,0.0,82.96198710775468,82.96198710775468,0.3399999999999999,0.7709953050030582,0.36028137401965945,82.96198710775468,0.35426478194388735,0.0,0.00836 
 03/15  22:30:00,10.235,79.5,6.925,0.0,0.0,0.0,0.0,0.0,2.0,0.0,0.0,4.0,0.0,0.0,0.0,2068.0,0.0,0.0,0.0,0.0,0.0,0.0,0.0,0.0,0.0,0.0,0.0,21.302597496448738,-366.30890983651377,21.64853414179299,-174.60751538889776,20.934933439316397,-589.8479800693192,20.46839767125985,159.49435163028626,18.08000742919416,1.076911958730392,20.88066197417985,-35.742778960271127,18.41976584862087,-61.26180828577753,17.20382346925262,-57.25631935972456,19.018456620832958,-377.8013470183581,685.3521890377517,903.8483165966774,0.0,0.0,0.0,0.0,0.0,0.0,0.0,0.0,0.0,0.0,0.0,0.0,0.0,0.0,0.0,0.0,0.0,0.0,0.0,0.0,0.0,0.0,1.1078872881591382,0.3381829328935098,145.8975175048061,173.6854735005001,3291.0790904808866,0.028632103551331987,0.004369979174501219,34.32209535398138,40.717631600456957,807.8397060426186,1.1086458441531429,0.20949467954518959,221.00416551137003,263.33966389528777,4912.855361722963,0.24944190287844296,0.04713565814029533,183.77331458419236,219.26623243500274,3984.598089395283,0.0,0.0,8.545340517578394,10.286802122698296,136.37986400772705,0.0,0.0,14.52082219668348,17.27567980069693,320.9716477533245,0.0,0.0,177.25410831000398,212.97903781628075,2966.7245596329755,0.0,0.0,40.333126721182328,48.70272119877453,566.3199824741289,0.0,0.0,151.89737378084909,181.69002874522199,2921.456791310379,38.97314314055609,26.730550850861524,217.38234470093136,260.6366756891564,4767.818240892064,0.0,0.0,145.5784258756401,175.97163558202068,1914.3252126965916,488.338711993697,21.43497202554343,43.572050628995089,21.25,30.0,0.0,21.958987310957477,47.36584128800062,21.0,30.0,156.50053275215283,21.206211162662258,43.416400727696629,21.0,30.0,0.0,20.97174333052268,44.290038868794287,16.0,30.0,0.0,18.067537470837914,54.18442451071051,12.0,30.0,0.0,21.20708032013936,48.79013720617506,19.0,30.0,0.0,18.488262177872128,52.57178021876534,10.0,30.0,0.0,17.101057947909586,57.77977437584418,12.0,30.0,1391.0597473721269,19.687664057755375,48.85489544512354,19.75,30.0,0.0,19.384812370408484,0.0,0.0,0.0,16.547502508934416,0.0,0.0,723.2289706430076,1006.7680069753037,680.0483527067748,695.1617475146725,770.6056923205085,1141.7963142756294,751.1782797487977,777.5265253519489,755.9322522035204,8244.866493397298,82.55319239491925,82.55319239491925,570.0,0.0,570.0,570.0,21.0,16.0,19.0,19.0,12.0,12.0,21.0,10.0,1.0,0.0,488.338711993697,0.0,156.50053275215283,0.0,0.0,0.0,0.0,1391.0597473721269,0.0,0.0,0.0,82.55319239491925,82.55319239491925,0.34,0.7704614941042899,0.36028137401965956,82.55319239491925,0.3542647819438875,0.0,0.00779 
 03/15  22:40:00,10.219999999999999,79.66666666666666,6.913333333333333,0.0,0.0,0.0,0.0,0.0,2.0,0.0,0.0,0.0,0.0,0.0,0.0,2585.0,0.0,0.0,0.0,0.0,0.0,0.0,0.0,0.0,0.0,0.0,0.0,21.031148882776415,-269.84090508467787,21.29038681664052,-567.8630010985494,20.690434676364807,-86.121086783862,20.333639297080585,56.626868085571299,18.0697664417722,0.02155989947319753,20.76381811261763,-56.198779488743408,18.309068554112977,14.886515249376002,17.178178678737578,-28.66028246916795,18.838451683899274,-351.88846052831635,787.2771124951775,915.1266567884932,0.0,0.0,0.0,0.0,0.0,0.0,0.0,0.0,0.0,0.0,0.0,0.0,0.0,0.0,0.0,0.0,0.0,0.0,0.0,0.0,0.0,0.0,0.963122826585771,0.2939935368088435,343.8083289207277,409.8527075168441,7551.916333118364,0.13210696364750874,0.02016284548954652,218.75030670642833,260.58965235441027,4903.453785082671,1.0992752228078229,0.20772396500525773,245.68700391445726,292.97331142866627,5306.29562559935,0.23693886318983305,0.044773027813649498,151.38175662872693,180.65652277475983,3211.955558095977,0.0,0.0,9.439806627730507,11.36683616591958,150.70033532654717,0.0,0.0,14.343214233903004,17.085173891151727,313.86706181658016,0.0,0.0,195.9947444501341,235.8103180461873,3230.908754940327,0.0,0.0,39.770419977267888,48.04784413817181,558.780850835861,0.0,0.0,166.56008523737874,199.6994699690139,3085.004747208727,38.81395030585753,26.621365093180765,367.97815376614389,440.47941995103869,7937.251753271935,0.0,0.0,159.56670631632518,193.0448420997339,2133.721521692094,0.0,21.11084270779252,45.85257038224571,21.60000000000001,30.00000000000001,0.0,21.34081497904235,44.23731677905134,12.000000000000006,30.00000000000001,0.0,20.88736845621451,46.307164956046367,22.000000000000008,30.00000000000001,0.0,20.72664645535974,46.67327527581236,12.000000000000006,30.00000000000001,0.0,18.055202268985377,54.275462162158657,12.000000000000006,30.00000000000001,0.0,21.076381471648824,48.42736847156071,12.000000000000006,30.00000000000001,0.0,18.317876418176576,53.88267883642814,10.000000000000004,30.00000000000001,0.0,17.090546112395147,57.73305305405477,12.000000000000006,30.00000000000001,0.0,19.33312107606858,50.412743658272,19.000000000000008,30.00000000000001,0.0,19.80045396245063,0.0,0.0,0.0,16.71822170235897,0.0,0.0,795.7048745497912,739.7224053453864,784.9770663150576,781.6348098624844,769.4451648523755,1117.2103719410725,783.0553817541518,772.4615973958612,778.0413480262661,0.0,83.18331603515014,83.18331603515014,60.00000000000002,0.0,60.00000000000002,60.00000000000002,12.0,12.0,12.0,19.0,12.0,12.0,21.0,10.0,0.0,0.0,0.0,0.0,0.0,0.0,0.0,0.0,0.0,0.0,0.0,0.0,0.0,83.18331603515014,83.18331603515014,0.0,0.0,0.0,83.18331603515014,0.0,0.0,0.00076 
 03/15  22:50:00,10.205,79.83333333333334,6.9016666666666659,0.0,0.0,0.0,0.0,0.0,2.0,0.0,0.0,0.0,0.0,0.0,0.0,1034.0,0.0,0.0,0.0,0.0,0.0,0.0,0.0,0.0,0.0,0.0,0.0,20.754685095060738,-61.35493577993111,20.947706022076284,-312.59228024278948,20.4740959679141,-125.51451944214569,20.199033890035126,64.2330769486598,18.058868367187406,-0.1554257385611777,20.63166843815671,-50.19023508699618,18.32477220017067,35.119808835522238,17.160332398525648,-34.340590475382899,18.45569653644611,-112.49761783712302,533.7668658659222,727.1520081830222,0.0,0.0,0.0,0.0,0.0,0.0,0.0,0.0,0.0,0.0,0.0,0.0,0.0,0.0,0.0,0.0,0.0,0.0,0.0,0.0,0.0,0.0,0.9565668337068576,0.2919923179813363,164.33766847483447,195.91440058339445,3500.7533546325519,0.16606627788496607,0.025345891008083954,117.2334079484348,139.68493738771083,2509.877758051136,1.007020713787716,0.19029114017152616,141.41822100454284,168.56052560385178,2974.819861627702,0.21233534939235214,0.040123837753656858,129.54027512714877,154.4064681997853,2691.993012708974,0.0,0.0,8.93174737366363,10.736995466464455,142.65070187842867,0.0,0.0,13.117714645861217,15.609689562062912,282.4931811486276,0.0,0.0,160.58347195933937,192.892381387559,2665.572093820321,0.0,0.0,37.16292068111237,44.82108367476687,522.9115788076091,0.0,0.0,131.38484706498208,157.65466260592093,2265.0833690087,38.42902208384096,26.357353966969116,158.8124431346439,190.28150768516435,3516.843882493672,0.0,0.0,124.67168270290027,150.818274312516,1571.3881514901955,0.0,20.705633171196078,45.52458541045929,22.0,30.0,0.0,20.804197282945205,44.89642251155024,12.0,30.0,0.0,20.550635121232334,46.76192981155219,22.0,30.0,0.0,20.492800247872233,47.47299585597624,12.0,30.0,0.0,18.041529914066204,54.525312120354659,12.0,30.0,0.0,20.880261403373095,48.0755803915706,12.0,30.0,0.0,18.368072992145664,53.495637290090467,10.0,30.0,0.0,17.08351223169779,57.9749991560584,12.0,30.0,0.0,18.668895667470204,52.719523421574667,19.5,30.0,0.0,19.01275506537809,0.0,0.0,0.0,16.27967665715466,0.0,0.0,716.8059290906676,693.6657663251534,756.6360997436982,787.1029671291267,775.4298896520647,1088.6008243026982,770.7727217924874,780.9179772527349,784.5702274872701,0.0,83.1833160351501,83.1833160351501,60.0,0.0,60.0,60.0,12.0,12.0,12.0,19.0,12.0,12.0,21.0,10.0,0.0,0.0,0.0,0.0,0.0,0.0,0.0,0.0,0.0,0.0,0.0,0.0,0.0,83.1833160351501,83.1833160351501,0.0,0.0,0.0,83.1833160351501,0.0,0.0,0.0007266666666666667 
 03/15  23:00:00,10.19,80.0,6.89,0.0,0.0,0.0,0.0,0.0,2.0,0.0,0.0,0.0,0.0,0.0,0.0,1034.0,0.0,0.0,0.0,0.0,0.0,0.0,0.0,0.0,0.0,0.0,0.0,20.498090779842966,-194.7293263265692,20.729954665098498,-283.16890286928767,20.176625932701847,-184.4882541298266,20.01936335594891,-136.8850733821523,18.04912960581816,0.2349366355929874,20.539952818833674,-41.67750723009257,18.461324066146326,136.77274778262268,17.087456256890414,-92.51443191497833,18.28911385477808,-64.15077944732076,601.9679550983856,369.2315379508037,0.0,0.0,0.0,0.0,0.0,0.0,0.0,0.0,0.0,0.0,0.0,0.0,0.0,0.0,0.0,0.0,0.0,0.0,0.0,0.0,0.0,0.0,0.8853297227272134,0.27024716810965,242.87284153900942,289.67466862488018,4962.165303243288,0.15521159088857973,0.02368919274856223,102.88730093186757,122.75988178260455,2139.8609295466428,0.957307365942207,0.18089708351137707,335.04526923124686,399.79466877914077,6702.909736524673,0.19152171544473729,0.036190800348589808,194.34338505174765,231.927721064357,3920.0521690408247,0.0,0.0,7.678548718337966,9.228249821477953,122.71197365013126,0.0,0.0,12.127932924564224,14.436710290811036,258.7087064859058,0.0,0.0,100.48158503970211,120.54475856784545,1726.3076092932416,0.0,0.0,36.02499440436179,43.4552567723363,499.6023897586918,0.0,0.0,33.82444086526647,40.62545934209968,565.8973992023058,37.89161909929787,25.98876481433325,378.56249236239679,453.2270729891789,7611.71308144294,0.0,0.0,57.394507889502268,69.58086610868574,645.4407245068924,0.0,20.292338651876166,46.53695440100955,22.0,30.0,0.0,20.486233514952468,45.677081408588588,12.0,30.0,0.0,20.05239186914008,47.25858085556862,22.0,30.0,0.0,20.16840960653223,47.0830477719478,12.0,30.0,0.0,18.031381171194384,54.49972203839988,12.0,30.0,0.0,20.761884465807435,47.78647620251666,12.0,30.0,0.0,18.643092184471109,52.123495470302859,10.0,30.0,0.0,16.96726595494041,58.60975090647129,12.0,30.0,0.0,18.404822798630734,53.40875669952143,20.0,30.0,0.0,19.227108584490446,0.0,0.0,0.0,15.63535062529181,0.0,0.0,702.6797888715028,683.2457468641073,704.7124035459818,714.8494036229058,769.939775657303,1073.3096010737464,741.1150978975358,792.226403954608,776.3020701142066,0.0,83.1833160351501,83.1833160351501,60.0,0.0,60.0,60.0,12.0,12.0,12.0,19.0,12.0,12.0,21.0,10.0,0.0,0.0,0.0,0.0,0.0,0.0,0.0,0.0,0.0,0.0,0.0,0.0,0.0,83.1833160351501,83.1833160351501,0.0,0.0,0.0,83.1833160351501,0.0,0.0,0.0006933333333333333 
 03/15  23:10:00,10.13,80.33333333333334,6.888333333333333,0.0,0.0,0.0,0.0,0.0,2.0,0.0,0.0,0.0,0.0,0.0,0.0,1034.0,0.0,0.0,0.0,0.0,0.0,0.0,0.0,0.0,0.0,0.0,0.0,20.242552659173599,-98.52374692638387,20.592698933957729,-315.6549097621605,20.083948060864935,-244.70500735418046,19.81835873257853,-46.45543984009237,18.040276943158234,2.2997504484164894,20.461401188255665,-38.34802961561502,18.449309565539957,3.426079836953704,17.020701175190579,-76.36635849818856,18.056736437044934,-307.82168420005839,571.3247757925428,689.2517301915791,0.0,0.0,0.0,0.0,0.0,0.0,0.0,0.0,0.0,0.0,0.0,0.0,0.0,0.0,0.0,0.0,0.0,0.0,0.0,0.0,0.0,0.0,0.8999932038301486,0.2747232001923531,346.9702594316918,414.2044578280161,6903.235771856859,0.13227814695984636,0.020188972368718924,174.80935161403179,208.2677887370001,3565.0183463240284,0.9049219267238768,0.17099809650866916,286.0158033165104,341.53563630913296,5691.376563455435,0.18630039170364705,0.03520415565072694,143.1892339727946,170.9603266349457,2817.5293458460257,0.0,0.0,6.8734683376616909,8.264214669986894,110.58148911852889,0.0,0.0,12.268828441366488,14.609629831691198,260.91396620993319,0.0,0.0,153.06670832410118,183.66065851507308,2636.449721316304,0.0,0.0,35.73813283966736,43.12997344871792,493.49294659408926,0.0,0.0,91.67951085891099,110.21654130967517,1470.8362297147233,37.6592524470488,25.829391253119895,431.5384188024203,516.5699427771533,8549.512898597808,0.0,0.0,118.16150293008238,143.08365090813664,1406.341020692918,0.0,19.913855442475126,47.22782378715177,22.0,30.0,0.0,20.325139869762155,45.79918257314269,12.0,30.0,0.0,19.961134984970948,46.99608875473557,22.0,30.0,0.0,19.849857419054744,47.547764719604789,12.0,30.0,0.0,18.02427179076307,54.41457517863566,12.0,30.0,0.0,20.666546670359897,47.54911453591496,12.0,30.0,0.0,18.596213580598044,52.097463245126977,10.0,30.0,0.0,16.87547420717373,58.55098134620993,12.0,30.0,0.0,17.998564047269868,54.44951529788146,20.0,30.0,0.0,19.124875391934887,0.0,0.0,0.0,15.907973722302199,0.0,0.0,679.28758041212,664.3978836894137,674.5707949236437,687.8114621807083,763.0897322524386,1059.7051871167983,736.9787574651812,769.6425478235285,761.5893038117174,0.0,83.1833160351501,83.1833160351501,60.0,0.0,60.0,60.0,12.0,12.0,12.0,19.0,12.0,12.0,21.0,10.0,0.0,0.0,0.0,0.0,0.0,0.0,0.0,0.0,0.0,0.0,0.0,0.0,0.0,83.1833160351501,83.1833160351501,0.0,0.0,0.0,83.1833160351501,0.0,0.0,0.0006600000000000001 
 03/15  23:20:00,10.07,80.66666666666667,6.886666666666667,0.0,0.0,0.0,0.0,0.0,2.0,0.0,0.0,0.0,0.0,0.0,0.0,1034.0,0.0,0.0,0.0,0.0,0.0,0.0,0.0,0.0,0.0,0.0,0.0,20.1816028423229,-216.75425796532819,20.36855176141183,-231.6012873015104,19.876845737878413,-126.92037371810693,19.737036592972513,-109.10238306817746,18.030870165499939,2.293787237605059,20.390286491458686,-47.05964135289338,18.333094870546444,-12.87130602666275,16.98584283224563,-58.95346474755104,17.820017685224444,-300.9032149160157,545.9928734166642,714.218465751582,0.0,0.0,0.0,0.0,0.0,0.0,0.0,0.0,0.0,0.0,0.0,0.0,0.0,0.0,0.0,0.0,0.0,0.0,0.0,0.0,0.0,0.0,0.8739755960644357,0.26678131747998648,322.399805479207,385.14277643873859,6394.085690629892,0.14118518782252599,0.021548410839823868,154.78137088843128,185.07548545014545,3098.112833797368,0.9234662951178391,0.17450232334048366,312.3615568176265,373.26819489874085,6086.763926520465,0.18186706282660348,0.03436641398839824,176.52893889913987,210.97991337522923,3454.6565104577778,0.0,0.0,6.863221203835161,8.248056056244679,111.15659476421317,0.0,0.0,12.57275443348654,14.978232918131697,266.8597864398078,0.0,0.0,170.4573479367607,204.6769808790182,2882.240867063143,0.0,0.0,32.29723614439522,38.979402163363527,447.9614623076387,0.0,0.0,110.16009695564422,132.62649908382537,1701.0372625485769,37.50729414025572,25.72516744873507,438.06524245563528,524.9047391298904,8620.049366221165,0.0,0.0,134.86961722554259,163.31806107286588,1632.4353239462496,0.0,19.871434600633834,46.89844590797987,22.0,30.0,0.0,20.000918456689154,46.186164166393798,12.0,30.0,0.0,19.659548347070499,47.46321651074783,22.0,30.0,0.0,19.742050801529289,47.58469522797259,12.0,30.0,0.0,18.016986766759844,54.32621138684266,12.0,30.0,0.0,20.5830183834291,47.29949797210797,12.0,30.0,0.0,18.379324617074699,52.50017275844281,10.0,30.0,0.0,16.845187343649874,58.3374734922845,12.0,30.0,0.0,17.631467624298965,55.41033148926037,20.0,30.0,0.0,19.025913804000817,0.0,0.0,0.0,15.942046016055782,0.0,0.0,654.0709739562451,633.6297369903191,651.0856549818088,672.6547106159269,759.2315896249587,1041.2245451035847,721.8714967308978,753.7129818849826,747.7170075620129,0.0,83.1833160351501,83.1833160351501,60.0,0.0,60.0,60.0,12.0,12.0,12.0,19.0,12.0,12.0,21.0,10.0,0.0,0.0,0.0,0.0,0.0,0.0,0.0,0.0,0.0,0.0,0.0,0.0,0.0,83.1833160351501,83.1833160351501,0.0,0.0,0.0,83.1833160351501,0.0,0.0,0.0006433333333333332 
 03/15  23:30:00,10.01,81.0,6.885,0.0,0.0,0.0,0.0,0.0,2.0,0.0,0.0,0.0,0.0,0.0,0.0,1034.0,0.0,0.0,0.0,0.0,0.0,0.0,0.0,0.0,0.0,0.0,0.0,19.975683943422639,-80.3387235617447,20.316144589348654,-287.80702971312646,19.834313777751168,-226.54783759648309,19.600167753561459,-54.36824480900759,18.019059248356187,2.749372901243717,20.318103820067749,-48.30237345579516,18.243409245096978,-61.73055602045633,16.959254158048418,-54.84595331426118,17.64684658496475,-288.89081504400226,507.59280795007546,710.4408617045829,0.0,0.0,0.0,0.0,0.0,0.0,0.0,0.0,0.0,0.0,0.0,0.0,0.0,0.0,0.0,0.0,0.0,0.0,0.0,0.0,0.0,0.0,0.8601319122675366,0.26255552877519436,337.3050846835247,403.14305429676849,6579.463964489703,0.12601778907161513,0.01923348429053955,167.70484075875698,200.03404276095106,3355.9112209497695,0.8671135917493429,0.16385366435172775,284.7349028446142,340.40653053434718,5565.495913083794,0.17765305161009938,0.03357011557258112,144.9157566968911,173.2366792237433,2799.183810260847,0.0,0.0,6.344904080605081,7.629063715895928,103.39541033460717,0.0,0.0,12.830183729735915,15.289193769571373,271.729825819055,0.0,0.0,174.48708454776165,209.6267213723616,2920.6181822619084,0.0,0.0,29.042181677514227,35.055293073771519,405.33340304465988,0.0,0.0,118.65898821486948,142.95273224651863,1787.5790691495589,37.34640416129971,25.614817668929854,422.91104647899427,506.75352253049456,8268.59744281311,0.0,0.0,141.35456267278003,171.1759521797947,1712.9347271880229,0.0,19.592858469726957,47.530475705933017,22.0,30.0,0.0,19.989678798046726,46.0323201873452,12.0,30.0,0.0,19.654095680090977,47.12530733180999,22.0,30.0,0.0,19.54177978208771,47.77661949507866,12.0,30.0,0.0,18.006243338361885,54.161736799652818,12.0,30.0,0.0,20.497610843174848,47.111074943579449,12.0,30.0,0.0,18.22787338020452,52.7244714223143,10.0,30.0,0.0,16.827417541322136,58.079663358614478,12.0,30.0,0.0,17.38434530582004,55.930782696889917,20.0,30.0,0.0,18.873864253003803,0.0,0.0,0.0,15.894175376169088,0.0,0.0,644.5852483488828,623.6278510668266,631.602338146612,650.656309132569,749.572855454822,1023.8941516141313,708.943963023313,739.0084462352944,731.7561599154097,0.0,83.1833160351501,83.1833160351501,60.0,0.0,60.0,60.0,12.0,12.0,12.0,19.0,12.0,12.0,21.0,10.0,0.0,0.0,0.0,0.0,0.0,0.0,0.0,0.0,0.0,0.0,0.0,0.0,0.0,83.1833160351501,83.1833160351501,0.0,0.0,0.0,83.1833160351501,0.0,0.0,0.0006266666666666667 
 03/15  23:40:00,9.95,81.33333333333334,6.883333333333333,0.0,0.0,0.0,0.0,0.0,2.0,0.0,0.0,0.0,0.0,0.0,0.0,1034.0,0.0,0.0,0.0,0.0,0.0,0.0,0.0,0.0,0.0,0.0,0.0,19.956397594649304,-206.20782002116358,20.137821185283515,-218.03175248431558,19.668462229642608,-127.98533360807142,19.548328590001547,-107.59317538429969,18.00718042245824,2.639789666748783,20.25265059575314,-53.606184053181099,18.14172688651835,-39.181457977674657,16.93219927856493,-52.51578605723773,17.503157314240583,-268.561449215694,499.8955813132088,692.861934118519,0.0,0.0,0.0,0.0,0.0,0.0,0.0,0.0,0.0,0.0,0.0,0.0,0.0,0.0,0.0,0.0,0.0,0.0,0.0,0.0,0.0,0.0,0.8439761272417683,0.25762397046452026,314.52084555280438,376.08967591326816,6159.019324968841,0.13631989977121823,0.020805845508427693,151.5178496640151,181.34964011538976,2992.1251374378177,0.8881417338311817,0.16782723617369273,302.7372937938078,362.10579652299239,5829.885909268194,0.17478590119471258,0.03302832600051257,171.7314630444002,205.43695294576328,3317.8555316752128,0.0,0.0,6.466279603650026,7.77175203754916,106.03630894568239,0.0,0.0,12.96129355377465,15.451339767281168,274.2209270482871,0.0,0.0,178.32942345498257,214.3616046856405,2948.809641098158,0.0,0.0,27.06978949430537,32.6763823203259,380.0060628431373,0.0,0.0,122.2062183183618,147.34860809405786,1808.8825622008722,37.25644422335885,25.55311675127494,425.64267812576505,510.4317808754349,8312.603393991296,0.0,0.0,143.4778745460344,173.8030700777935,1740.758877011464,0.0,19.617597137423496,46.98452080897873,22.0,30.0,0.0,19.74150271320469,46.16324457896532,12.0,30.0,0.0,19.420926483563414,47.43701107252076,22.0,30.0,0.0,19.490940895665906,47.72227003798631,12.0,30.0,0.0,17.996373707141616,54.00273925421517,12.0,30.0,0.0,20.424053324967838,46.89029998168735,12.0,30.0,0.0,18.066610318226929,52.89423866950081,10.0,30.0,0.0,16.806951897033696,57.8333142473989,12.0,30.0,0.0,17.18962506256844,56.31240003791223,20.0,30.0,0.0,18.817032799706476,0.0,0.0,0.0,15.837941721328378,0.0,0.0,618.4107867711464,590.4133319038724,610.9897386246973,640.0534666742799,742.9802982253859,1003.0008279900097,691.3656753569362,725.4490515134808,718.549579936103,0.0,83.1833160351501,83.1833160351501,60.0,0.0,60.0,60.0,12.0,12.0,12.0,19.0,12.0,12.0,21.0,10.0,0.0,0.0,0.0,0.0,0.0,0.0,0.0,0.0,0.0,0.0,0.0,0.0,0.0,83.1833160351501,83.1833160351501,0.0,0.0,0.0,83.1833160351501,0.0,0.0,0.00061 
 03/15  23:50:00,9.889999999999999,81.66666666666667,6.881666666666666,0.0,0.0,0.0,0.0,0.0,2.0,0.0,0.0,0.0,0.0,0.0,0.0,1034.0,0.0,0.0,0.0,0.0,0.0,0.0,0.0,0.0,0.0,0.0,0.0,19.782170509382497,-83.71871270297015,20.10763298562078,-269.4118178790475,19.64576357520962,-214.90809775377148,19.435751007844073,-59.419628930145339,17.99234244397916,2.6835033782355426,20.186108903284958,-53.18079841865415,18.077471957722865,-75.70113139535488,16.905773929243858,-51.618518647397767,17.393983104836115,-266.44820177251838,470.56925692633197,691.7692876138372,0.0,0.0,0.0,0.0,0.0,0.0,0.0,0.0,0.0,0.0,0.0,0.0,0.0,0.0,0.0,0.0,0.0,0.0,0.0,0.0,0.0,0.0,0.8359977450473934,0.2551885668642837,321.6582941992459,384.7413705558759,6220.625598639163,0.12381482380938019,0.018897256381163034,158.8892490104259,189.67029444012668,3150.0604643512094,0.8426221025444738,0.1592256429600291,273.9485789995398,327.7724246997913,5310.049334999644,0.17225993067097376,0.03255100730744023,141.1704933009208,168.89338817376345,2703.987195838401,0.0,0.0,6.480010214753039,7.792139265542793,106.86047242485722,0.0,0.0,13.135361125097754,15.662800371085524,277.54477243458407,0.0,0.0,178.4852256597156,214.62395186452324,2941.6380548460667,0.0,0.0,25.079625413710035,30.278464727476647,354.1182381710371,0.0,0.0,125.71924142545916,151.63561024740103,1841.886642944307,37.140693772089779,25.473726867002598,402.9944771455606,483.2239628668889,7854.584017374378,0.0,0.0,145.90699441691496,176.7686115791558,1768.4254437106425,0.0,19.385112540029004,47.50450081964188,22.0,30.0,0.0,19.763942297104948,45.990406153076737,12.0,30.0,0.0,19.446196343264498,47.06301438162513,22.0,30.0,0.0,19.335218069475084,47.76616960837366,12.0,30.0,0.0,17.981757419829344,53.77701829391097,12.0,30.0,0.0,20.348317022846687,46.710070488053,12.0,30.0,0.0,17.975647405122346,52.90220417231495,10.0,30.0,0.0,16.7866534180014,57.567581531855,12.0,30.0,0.0,17.053759405275579,56.41669949809183,20.0,30.0,0.0,18.68928982175951,0.0,0.0,0.0,15.77287049539241,0.0,0.0,610.1283829836394,584.9722600609265,594.747875442605,617.3546157763665,730.9149527987563,984.2219498491052,677.8100368663419,710.5935498283669,701.5426294070206,0.0,83.1833160351501,83.1833160351501,60.0,0.0,60.0,60.0,12.0,12.0,12.0,19.0,12.0,12.0,21.0,10.0,0.0,0.0,0.0,0.0,0.0,0.0,0.0,0.0,0.0,0.0,0.0,0.0,0.0,83.1833160351501,83.1833160351501,0.0,0.0,0.0,83.1833160351501,0.0,0.0,0.0006066666666666666 
 03/15  24:00:00,9.83,82.0,6.88,0.0,0.0,0.0,0.0,0.0,2.0,0.0,0.0,0.0,0.0,0.0,0.0,1034.0,0.0,0.0,0.0,0.0,0.0,0.0,0.0,0.0,0.0,0.0,0.0,19.777864728805239,-198.25163954739674,19.957059911245638,-202.95695399338434,19.50366497888089,-125.49720453901318,19.39865711826694,-105.9155570546136,17.97669594841806,1.0384406174655823,20.125587549504794,-56.86287764788989,17.998382082990298,-50.3360604151253,16.87780086315629,-50.622492971588318,17.295024215572214,-254.3953713932401,467.9291856087066,681.1408674764348,0.0,0.0,0.0,0.0,0.0,0.0,0.0,0.0,0.0,0.0,0.0,0.0,0.0,0.0,0.0,0.0,0.0,0.0,0.0,0.0,0.0,0.0,0.8261898249238242,0.25219469625269366,294.0273644180165,351.8279942834142,5722.098507661671,0.1353222746668269,0.020653582824607283,139.01168633412835,166.50480292330557,2729.4108046737526,0.8676050338689145,0.1639465294536876,286.69083291656377,343.13213511543338,5494.619520276987,0.1708962215744685,0.03229331473440447,163.75399642023604,196.02983544882205,3145.8477994509087,0.0,0.0,6.746136759268023,8.109580682016166,111.86581776248053,0.0,0.0,13.143443699783538,15.677631556522835,277.6342063679012,0.0,0.0,180.67976336515069,217.34936664213758,2959.1154746234508,0.0,0.0,23.959594442129267,28.928446271244917,340.09169585254917,0.0,0.0,126.95043812549761,153.20818355797423,1845.221861082572,37.08059122902182,25.43250427230578,396.1404502085859,475.35655438751396,7738.327506280185,0.0,0.0,146.5003419900191,177.54695331765144,1776.7399650680782,0.0,19.431755245684639,46.92695668562932,22.0,30.0,0.0,19.560096929451633,46.0438995947588,12.0,30.0,0.0,19.25019292987065,47.30216537997681,22.0,30.0,0.0,19.31123806001277,47.64964354868572,12.0,30.0,0.0,17.966447946687628,53.56708808068936,12.0,30.0,0.0,20.28300666440556,46.50495072996162,12.0,30.0,0.0,17.863344535109186,52.90350101763658,10.0,30.0,0.0,16.762842664394279,57.31608209667772,12.0,30.0,0.0,16.93348195176031,56.51989166427309,20.0,30.0,0.0,18.64522563400366,0.0,0.0,0.0,15.714490898744204,0.0,0.0,586.0295161637358,554.770686259448,576.4138841152035,607.7542908731757,721.1689127812903,964.0277408498772,660.0368406216014,696.329052049672,687.6290239976272,0.0,83.1833160351501,83.1833160351501,60.0,0.0,60.0,60.0,12.0,12.0,12.0,19.0,12.0,12.0,21.0,10.0,0.0,0.0,0.0,0.0,0.0,0.0,0.0,0.0,0.0,0.0,0.0,0.0,0.0,83.1833160351501,83.1833160351501,0.0,0.0,0.0,83.1833160351501,0.0,0.0,0.0006033333333333332 
 03/18  00:10:00,8.488333333333334,76.66666666666667,5.325,0.0,0.0,0.0,0.0,0.0,2.0,2.0,0.0,0.0,0.0,0.0,0.0,1204.0,0.0,0.0,0.0,0.0,0.0,0.0,0.0,0.0,0.0,0.0,0.0,19.75849199656468,-200.48289684302109,19.816667545650444,-193.61695868366997,19.594846804961898,-158.9378618659348,19.497424637454175,-134.510958832685,17.275734750082614,1.9908357768522649,19.43171473912031,-34.97060614735233,18.052020037097799,72.39313161125256,16.587621686906375,-106.56894019095546,17.456328511251369,-118.07565104606306,521.4347367270948,471.881636318981,0.0,0.0,0.0,0.0,0.0,0.0,0.0,0.0,0.0,0.0,0.0,0.0,0.0,0.0,0.0,0.0,0.0,0.0,0.0,0.0,0.0,0.0,1.076500864813574,0.32860221758656107,346.009892368428,412.46279061202667,7622.529455249773,0.18484965073787427,0.028212706156574217,170.46174344560976,203.32766093474073,3767.4027033001468,1.0707339782477626,0.20233068372028779,326.37866229017689,389.15808186331688,7114.561277190726,0.2058150693823974,0.03889173646681734,183.58162035985175,218.8214951789418,4024.637904828386,0.0,0.0,7.10953628342819,8.532737011525358,126.90670629244633,0.0,0.0,11.274250472154233,13.425073600551102,252.86654169602998,0.0,0.0,88.92670387820167,106.45907706614949,1729.861895721151,0.0,0.0,34.02081306091743,40.96784849214145,547.8277956897129,0.0,0.0,27.226368379348079,32.69197404056497,482.766851739985,36.81588889384028,25.250952602085254,472.245794077057,564.4466444503967,10437.39543624948,0.0,0.0,69.01129551807947,83.54805566676315,902.8106419260307,0.0,19.396611092056557,41.417438281705688,22.0,30.0,0.0,19.478108412258778,40.74091786634304,12.0,30.0,0.0,19.26236982000613,41.594424779097497,22.0,30.0,0.0,19.370045081068719,41.7488520279433,12.0,30.0,0.0,17.271727889283797,49.672321658637347,12.0,30.0,0.0,19.619266702162539,42.95276698336464,12.0,30.0,0.0,18.084581903564986,45.665594491059547,10.0,30.0,0.0,16.385402667455574,51.877449451691308,12.0,30.0,0.0,17.21146762635505,49.26395298515428,20.0,30.0,0.0,18.657071415341556,0.0,0.0,0.0,14.852754640692965,0.0,0.0,560.123305630972,541.1093795564675,554.1369807619033,572.5079955250826,655.0690362568159,962.8942060177682,599.2912234720143,640.1138610292137,697.5173190709952,0.0,84.25795294087011,84.25795294087011,60.0,0.0,60.0,60.0,12.0,12.0,12.0,19.0,12.0,12.0,21.0,10.0,0.0,0.0,0.0,0.0,0.0,0.0,0.0,0.0,0.0,0.0,0.0,0.0,0.0,84.25795294087011,84.25795294087011,0.0,0.0,0.0,84.25795294087011,0.0,0.0,0.0015099999999999999 
 03/18  00:20:00,8.146666666666669,78.33333333333334,4.960000000000001,0.0,0.0,0.0,0.0,0.0,2.0,2.0,0.0,0.0,0.0,0.0,0.0,1204.0,0.0,0.0,0.0,0.0,0.0,0.0,0.0,0.0,0.0,0.0,0.0,19.591242296888717,-82.78705625215298,19.789669926985004,-224.53480427948558,19.57549481057962,-241.5191468453686,19.37809714471607,-83.53203622786487,17.255807560898754,1.4488538599573673,19.38127709083062,-29.162980010260413,18.092632276165504,19.269055278008638,16.517483315666728,-114.93160552611289,17.517893619154767,-118.07008167216219,501.2365865801421,490.2041528535326,0.0,0.0,0.0,0.0,0.0,0.0,0.0,0.0,0.0,0.0,0.0,0.0,0.0,0.0,0.0,0.0,0.0,0.0,0.0,0.0,0.0,0.0,1.1239340092444952,0.34308119940308159,331.9018018384424,395.6200889577324,7422.180593273228,0.18923304545254306,0.02888172244391683,164.35395923760155,195.61488329435333,3744.1095886451655,1.0802081875813484,0.2041209727100054,301.79600150259736,359.73077364628548,6796.257251238414,0.21383211642232703,0.04040667354919254,163.47292076930473,194.90727069464954,3646.9905626685397,0.0,0.0,6.781521441969167,8.140370921430132,125.40779161829983,0.0,0.0,10.97417382915464,13.06517652825789,252.48898420208207,0.0,0.0,85.63089411792292,102.47727027134133,1739.0323784590665,0.0,0.0,36.411030149666149,43.84896993509934,604.5535587798886,0.0,0.0,25.135478818437364,30.155688193436839,470.3144351033148,35.912455672895649,24.63131390459236,441.12917236402668,527.1293898387203,9998.839400515928,0.0,0.0,68.26143634317256,82.65161673658048,924.8958804931694,0.0,19.17593617433776,41.81514875285215,22.0,30.0,0.0,19.502963444275474,40.611082824180737,12.0,30.0,0.0,19.299804951740378,41.23787655096848,22.0,30.0,0.0,19.207605133668083,41.805137170685359,12.0,30.0,0.0,17.249338938194879,49.191466957629909,12.0,30.0,0.0,19.56782721993961,42.64964497548648,12.0,30.0,0.0,18.17544213628866,45.10838198269116,10.0,30.0,0.0,16.29025826830538,51.5636214725901,12.0,30.0,0.0,17.360618550969798,48.467517806840579,20.0,30.0,0.0,18.54044608754065,0.0,0.0,0.0,14.739578503128256,0.0,0.0,556.344787107118,540.4136052221476,546.838663466521,563.3814506748574,640.8479767305053,964.8612712985265,597.5559491457386,626.6718789600313,735.5630104380068,0.0,84.25795294087011,84.25795294087011,60.0,0.0,60.0,60.0,12.0,12.0,12.0,19.0,12.0,12.0,21.0,10.0,0.0,0.0,0.0,0.0,0.0,0.0,0.0,0.0,0.0,0.0,0.0,0.0,0.0,84.25795294087011,84.25795294087011,0.0,0.0,0.0,84.25795294087011,0.0,0.0,0.00153 
 03/18  00:30:00,7.805,80.0,4.595000000000001,0.0,0.0,0.0,0.0,0.0,2.0,2.0,0.0,0.0,0.0,0.0,0.0,1204.0,0.0,0.0,0.0,0.0,0.0,0.0,0.0,0.0,0.0,0.0,0.0,19.590124059183695,-190.57772866912365,19.647020511176593,-185.11300870432297,19.427147299709377,-151.25288470275064,19.350290195202264,-128.62304246760596,17.235312334920889,1.1089734141583279,19.33690630163887,-28.428369481491047,18.05874234083675,28.752270948056095,16.448723304419109,-119.57848489485309,17.556916843296379,-115.00892328371532,506.2880961492192,492.2045192756501,0.0,0.0,0.0,0.0,0.0,0.0,0.0,0.0,0.0,0.0,0.0,0.0,0.0,0.0,0.0,0.0,0.0,0.0,0.0,0.0,0.0,0.0,1.1611887259500796,0.35445321304947488,336.9428473064114,401.63348294581575,7774.678586878055,0.2024969912659131,0.03090613419809419,167.6419919443625,199.95345345749178,3878.124198535732,1.1519181250441775,0.2176716033719157,318.0562224848834,379.20242598587415,7268.12697678938,0.22117010315909509,0.04179329235810563,178.8482767537564,213.15834204724238,4107.94456495495,0.0,0.0,6.929329517849252,8.312854237499567,132.58413497571358,0.0,0.0,10.741618075898135,12.78767212559882,253.5650750259446,0.0,0.0,85.99136191079168,102.86959370444944,1796.9825041047894,0.0,0.0,38.004441314632639,45.76834738733355,650.4307446611492,0.0,0.0,23.333542202406109,27.97713250321121,457.04940406593877,35.08476078010811,24.063621934230537,462.10946575589397,552.2708122721097,10720.569589820316,0.0,0.0,67.30501688496435,81.4929943973585,945.9068550858883,0.0,19.22908334447104,41.30963973727334,22.0,30.0,0.0,19.30698925398028,40.61580881465127,12.0,30.0,0.0,19.097345436964536,41.46000424863733,22.0,30.0,0.0,19.207321877980488,41.63663540278013,12.0,30.0,0.0,17.226918523313075,48.86350907885509,12.0,30.0,0.0,19.52610055619388,42.37622197219999,12.0,30.0,0.0,18.12732903366816,44.815513247577147,10.0,30.0,0.0,16.200566059391286,51.324914758251917,12.0,30.0,0.0,17.45873570443017,47.75939513113321,20.0,30.0,0.0,18.500431516883368,0.0,0.0,0.0,14.644961410584834,0.0,0.0,546.2700470016434,524.0705234625029,538.6161876960592,561.26914084137,635.9584451308411,967.0065612335563,589.1767549696988,619.5701882867966,754.291026640685,0.0,84.25795294087011,84.25795294087011,60.0,0.0,60.0,60.0,12.0,12.0,12.0,19.0,12.0,12.0,21.0,10.0,0.0,0.0,0.0,0.0,0.0,0.0,0.0,0.0,0.0,0.0,0.0,0.0,0.0,84.25795294087011,84.25795294087011,0.0,0.0,0.0,84.25795294087011,0.0,0.0,0.00155 
 03/18  00:40:00,7.463333333333333,81.66666666666667,4.23,0.0,0.0,0.0,0.0,0.0,2.0,2.0,0.0,0.0,0.0,0.0,0.0,1204.0,0.0,0.0,0.0,0.0,0.0,0.0,0.0,0.0,0.0,0.0,0.0,19.432366380519626,-80.49536356598674,19.626895688274833,-216.43306332414933,19.414493183607989,-231.11577687566024,19.240111390636814,-84.19529797005544,17.21378969758624,0.296444503719826,19.29044894077863,-25.249916120225408,18.045182819724709,1.122176439949726,16.38202884445899,-123.53019939400213,17.582916483416399,-106.80938720251845,489.3774638206114,484.9631448622896,0.0,0.0,0.0,0.0,0.0,0.0,0.0,0.0,0.0,0.0,0.0,0.0,0.0,0.0,0.0,0.0,0.0,0.0,0.0,0.0,0.0,0.0,1.2039545008197644,0.3675074788827119,324.18624589109109,386.3898027835111,7595.008107202434,0.20620143181247295,0.031471525001903689,161.26793311084084,191.92996543845545,3843.2692311656708,1.1585905843060452,0.21893246113114996,297.62111908343419,354.73432047627468,7019.635662818217,0.2280397938933293,0.043091419858905747,161.87264532242737,192.9893337347313,3784.8050488565188,0.0,0.0,6.62949048537779,7.954694488517065,131.08762266402716,0.0,0.0,10.61323975492847,12.632186691563743,256.7813649919794,0.0,0.0,81.80474167299625,97.85723168725018,1764.3044779419645,0.0,0.0,38.6449256974562,46.539322376468017,681.5864030475543,0.0,0.0,20.90695686861487,25.05314105666146,426.6344311515961,34.26384251388593,23.500577855888854,434.8469674450955,519.5679066948153,10338.04788461129,0.0,0.0,64.87349605263015,78.55665232945367,943.0704116642262,0.0,19.018898357325868,41.68060522671436,22.0,30.0,0.0,19.339399040099005,40.499157634533407,12.0,30.0,0.0,19.141121107307293,41.11255361269728,22.0,30.0,0.0,19.058543655465898,41.640736980314468,12.0,30.0,0.0,17.203467099994854,48.45266942092587,12.0,30.0,0.0,19.47986406851315,42.10444671823696,12.0,30.0,0.0,18.120300409436678,44.60662239080857,10.0,30.0,0.0,16.116399857494217,51.22766173417402,12.0,30.0,0.0,17.52722148780654,47.23578245567254,20.0,30.0,0.0,18.393912096955626,0.0,0.0,0.0,14.539605337138007,0.0,0.0,543.706297058616,525.5866632113668,533.2617522521845,551.6184165539323,624.6425783729828,970.1344780782911,587.3945391799584,615.6050014942283,770.0182610719002,0.0,84.25795294087011,84.25795294087011,60.0,0.0,60.0,60.0,12.0,12.0,12.0,19.0,12.0,12.0,21.0,10.0,0.0,0.0,0.0,0.0,0.0,0.0,0.0,0.0,0.0,0.0,0.0,0.0,0.0,84.25795294087011,84.25795294087011,0.0,0.0,0.0,84.25795294087011,0.0,0.0,0.00157 
 03/18  00:50:00,7.121666666666667,83.33333333333334,3.865,0.0,0.0,0.0,0.0,0.0,2.0,2.0,0.0,0.0,0.0,0.0,0.0,1204.0,0.0,0.0,0.0,0.0,0.0,0.0,0.0,0.0,0.0,0.0,0.0,19.436601229347234,-183.1927229646708,19.492511176493147,-181.64195413415974,19.27477813136459,-146.98870455431826,19.218068455751945,-127.24201094551336,17.191196566436245,-0.02668027328174105,19.24789150946956,-25.5040539953184,17.993628612634436,16.061999354428055,16.31709685437612,-127.46563788152594,17.597767583173849,-101.45819215095259,495.0307708200353,482.2654349542729,0.0,0.0,0.0,0.0,0.0,0.0,0.0,0.0,0.0,0.0,0.0,0.0,0.0,0.0,0.0,0.0,0.0,0.0,0.0,0.0,0.0,0.0,1.2323443592797326,0.37617349184363016,326.46671956324999,389.10561378136659,7885.127808885282,0.21731465977912585,0.033167683116472199,162.8981370848542,194.2747569654754,3942.1471182479097,1.2200019574116868,0.23053702898935889,309.39679013448156,368.8201507541943,7406.347134156973,0.23377925804241199,0.04417597468677474,174.36735817531469,207.78052343046705,4194.691597000127,0.0,0.0,6.777974839194983,8.127708147507273,138.33586876268817,0.0,0.0,10.459223134054906,12.447699412981035,259.3414681749815,0.0,0.0,82.31557495744686,98.44067945040092,1819.1063854247296,0.0,0.0,39.59936821276252,47.68703754153073,719.4235432722753,0.0,0.0,19.395153645730326,23.232154383666768,410.709893730707,33.523919259245818,22.99308591169124,449.66302552429627,537.3127078664959,10940.23283684181,0.0,0.0,63.82016836623853,77.28079862186314,959.8057924821501,0.0,19.07861101666463,41.1491430325611,22.0,30.0,0.0,19.154109874995535,40.47522205780534,12.0,30.0,0.0,18.949046137150086,41.30986840552812,22.0,30.0,0.0,19.066840638557644,41.46026616091777,12.0,30.0,0.0,17.178934148250119,48.1842398197133,12.0,30.0,0.0,19.439911851915118,41.86901934005887,12.0,30.0,0.0,18.044343130562557,44.404649793754327,10.0,30.0,0.0,16.036526090538979,51.06580758595957,12.0,30.0,0.0,17.57159939285083,46.757391335623797,20.0,30.0,0.0,18.354709407644493,0.0,0.0,0.0,14.443718352351329,0.0,0.0,533.6392642406786,509.97929845151585,525.5283078579328,550.0206054784301,620.3399612517476,970.4955835308092,577.6540311986296,610.8826803677619,781.2938379367183,0.0,84.25795294087011,84.25795294087011,60.0,0.0,60.0,60.0,12.0,12.0,12.0,19.0,12.0,12.0,21.0,10.0,0.0,0.0,0.0,0.0,0.0,0.0,0.0,0.0,0.0,0.0,0.0,0.0,0.0,84.25795294087011,84.25795294087011,0.0,0.0,0.0,84.25795294087011,0.0,0.0,0.00157 
 03/18  01:00:00,6.78,85.0,3.5,0.0,0.0,0.0,0.0,0.0,2.0,2.0,0.0,0.0,0.0,0.0,0.0,1204.0,0.0,0.0,0.0,0.0,0.0,0.0,0.0,0.0,0.0,0.0,0.0,19.285065170034885,-78.28241270737817,19.4760162399673,-211.47579473537668,19.2657999243253,-224.40587128298285,19.112147719861157,-86.02376660166647,17.167992015800807,-0.7979054189879946,19.202851016283334,-23.261797060415064,17.969680873493929,-7.5781688699592,16.25289518386582,-131.42269463047456,17.608814827044428,-90.6866731027896,479.6727355230105,473.2431635551485,0.0,0.0,0.0,0.0,0.0,0.0,0.0,0.0,0.0,0.0,0.0,0.0,0.0,0.0,0.0,0.0,0.0,0.0,0.0,0.0,0.0,0.0,1.264938102871313,0.3861227420242103,314.2536864670455,374.49140675491926,7706.147520752071,0.21918064709241198,0.0334524797149591,156.45845341721538,186.1810236123552,3896.386854742811,1.2176679634139934,0.23009598703968138,290.1104345723603,345.7430506716384,7158.550569465533,0.2387706268730722,0.04511916607578839,158.16382127261978,188.54496020022578,3871.8817628116069,0.0,0.0,6.4900828431377139,7.784206656459803,136.58933548055274,0.0,0.0,10.379960241569652,12.35096865362518,263.50024118988378,0.0,0.0,78.24396689711901,93.57142526627553,1779.33737596675,0.0,0.0,39.92516605360234,48.07787582924584,746.691603919772,0.0,0.0,17.128001439841549,20.506355480890787,375.617354363436,32.802285841263799,22.498138437080799,423.28762522009029,505.6808849150481,10545.568592959191,0.0,0.0,61.40281575441257,74.3612841873286,952.5651653852258,0.0,18.87501560702504,41.510038332768,22.0,30.0,0.0,19.189525688673855,40.36414054875427,12.0,30.0,0.0,18.995335289293175,40.971052050894,22.0,30.0,0.0,18.92324031582963,41.44539459780146,12.0,30.0,0.0,17.154036822101497,47.83062528927686,12.0,30.0,0.0,19.39460089176078,41.62689031052702,12.0,30.0,0.0,18.022648680793318,44.25926563655881,10.0,30.0,0.0,15.958603634426105,50.987802421396477,12.0,30.0,0.0,17.607824893103677,46.37350989198423,20.0,30.0,0.0,18.25019744239642,0.0,0.0,0.0,14.333900896316102,0.0,0.0,531.8600737044578,512.7766346357479,521.3943254781943,540.2372795222858,610.2510040829744,970.781644408703,574.951614540628,605.9570598675985,795.2962339275189,0.0,84.25795294087011,84.25795294087011,60.0,0.0,60.0,60.0,12.0,12.0,12.0,19.0,12.0,12.0,21.0,10.0,0.0,0.0,0.0,0.0,0.0,0.0,0.0,0.0,0.0,0.0,0.0,0.0,0.0,84.25795294087011,84.25795294087011,0.0,0.0,0.0,84.25795294087011,0.0,0.0,0.00157 
 03/18  01:10:00,6.705,85.50000000000002,3.575,0.0,0.0,0.0,0.0,0.0,2.0,2.0,0.0,0.0,0.0,0.0,0.0,1204.0,0.0,0.0,0.0,0.0,0.0,0.0,0.0,0.0,0.0,0.0,0.0,19.292053807314227,-178.5435553147081,19.344858609504216,-180.14757572925147,19.130804952480014,-145.43498934621494,19.092793287142407,-128.0610756991623,17.143798953201534,-1.0120672823308042,19.15978071373842,-24.07812585085955,17.916096478691097,8.441146019712506,16.189277818565004,-135.7118702529175,17.615099255963615,-84.18177203783734,488.69616145389139,472.5175732762182,0.0,0.0,0.0,0.0,0.0,0.0,0.0,0.0,0.0,0.0,0.0,0.0,0.0,0.0,0.0,0.0,0.0,0.0,0.0,0.0,0.0,0.0,1.2555027803135955,0.38324260693333198,314.5089900177297,374.906673902915,7772.605228257511,0.22285964284353777,0.03401398700298196,156.70973308067327,186.92153229721937,3878.6089062984758,1.242503167445454,0.23478895832302616,300.2700153202911,357.9714266952028,7358.05271725997,0.2374363159622805,0.04486702871547249,169.99147415810175,202.58078145296265,4186.731999256748,0.0,0.0,6.716650299794692,8.052948584122847,142.02191147310777,0.0,0.0,10.323361796623818,12.28555704791761,262.7973763202075,0.0,0.0,79.3324719865384,94.87429301483374,1804.0495280202873,0.0,0.0,40.815984871986149,49.16191530654008,763.3589625844579,0.0,0.0,15.778109682843504,18.889635488753279,349.1494449714321,33.02657612229761,22.65197264903815,434.6084593253835,519.381782463483,10844.689203755737,0.0,0.0,60.677144287148909,73.50364647332862,938.856429784909,0.0,18.93736435470142,40.97425660439231,22.0,30.0,0.0,19.008826542264978,40.350390919145947,12.0,30.0,0.0,18.80803064126731,41.17127705957783,22.0,30.0,0.0,18.935047516577879,41.27593664553774,12.0,30.0,0.0,17.128077340991454,47.610117518344349,12.0,30.0,0.0,19.354172514407084,41.42905749174638,12.0,30.0,0.0,17.946726852727083,44.06609047906467,10.0,30.0,0.0,15.882106738280342,50.8673653397052,12.0,30.0,0.0,17.633313114863353,46.01554112136217,20.0,30.0,0.0,18.20927045846391,0.0,0.0,0.0,14.23710898050301,0.0,0.0,521.179297083582,497.72801989743246,513.7721706479146,538.7595271518783,604.9931685720604,968.0255318575706,563.558576845883,601.0256338468703,807.4727666680326,0.0,84.25795294087011,84.25795294087011,60.0,0.0,60.0,60.0,12.0,12.0,12.0,19.0,12.0,12.0,21.0,10.0,0.0,0.0,0.0,0.0,0.0,0.0,0.0,0.0,0.0,0.0,0.0,0.0,0.0,84.25795294087011,84.25795294087011,0.0,0.0,0.0,84.25795294087011,0.0,0.0,0.00157 
 03/18  01:20:00,6.630000000000001,86.0,3.6500000000000005,0.0,0.0,0.0,0.0,0.0,2.0,2.0,0.0,0.0,0.0,0.0,0.0,1204.0,0.0,0.0,0.0,0.0,0.0,0.0,0.0,0.0,0.0,0.0,0.0,19.14414473765252,-78.78890903091269,19.32877991836694,-209.06345491862977,19.12451778023565,-222.53803864971725,18.98868462615629,-88.50737985727892,17.119487120605976,-1.6815357830181484,19.11333548904818,-22.364112242300224,17.888545756862045,-14.01612899154452,16.12520992319575,-140.11711641510898,17.62346143044328,-69.30167201679643,476.38218273157147,462.30244747987367,0.0,0.0,0.0,0.0,0.0,0.0,0.0,0.0,0.0,0.0,0.0,0.0,0.0,0.0,0.0,0.0,0.0,0.0,0.0,0.0,0.0,0.0,1.2688374121289173,0.38731300736535936,305.19928505793106,363.83903652283399,7495.851505531368,0.22069494574976038,0.03368359977865695,151.96932054561598,180.91412113600235,3787.377668205486,1.2197846509976245,0.23049596579698126,281.92092903494815,336.12167873925037,6965.811078217688,0.23876822700799919,0.04511871258654556,153.50175068080143,183.06214963448063,3765.0164322959428,0.0,0.0,6.487576410628762,7.782338592719319,137.83385773334994,0.0,0.0,10.327698168799718,12.29215718878244,263.51799447571269,0.0,0.0,75.29453805401357,90.07063206624247,1719.9408935608813,0.0,0.0,41.14303777264517,49.56824096559172,769.4766287889863,0.0,0.0,13.276110995726097,15.890311358176416,296.54353369145067,33.2354673502045,22.795245096162213,410.06125806452237,490.08231075848587,10254.904859892056,0.0,0.0,58.191289698700348,70.51926339898015,896.1605321818315,0.0,18.73680983672,41.364337023492577,22.0,30.0,0.0,19.04470060604433,40.26623041376173,12.0,30.0,0.0,18.8564411844876,40.86326717507344,22.0,30.0,0.0,18.79324249765256,41.27754305779327,12.0,30.0,0.0,17.102556052426644,47.30063216574694,12.0,30.0,0.0,19.30762076229022,41.223487727155568,12.0,30.0,0.0,17.92114008592682,43.955502862543607,10.0,30.0,0.0,15.80526704313829,50.79698172875694,12.0,30.0,0.0,17.66269374848132,45.69871864967651,20.0,30.0,0.0,18.101057417314754,0.0,0.0,0.0,14.124227942427089,0.0,0.0,519.9961550742968,501.0297588668918,510.322796800986,528.7064373990096,594.8264251831904,964.3534728224665,558.2842911200089,593.9442074849665,826.045026028565,0.0,84.25795294087011,84.25795294087011,60.0,0.0,60.0,60.0,12.0,12.0,12.0,19.0,12.0,12.0,21.0,10.0,0.0,0.0,0.0,0.0,0.0,0.0,0.0,0.0,0.0,0.0,0.0,0.0,0.0,84.25795294087011,84.25795294087011,0.0,0.0,0.0,84.25795294087011,0.0,0.0,0.0015633333333333335 
 03/18  01:30:00,6.555,86.5,3.725,0.0,0.0,0.0,0.0,0.0,2.0,2.0,0.0,0.0,0.0,0.0,0.0,602.0,0.0,0.0,0.0,0.0,0.0,0.0,0.0,0.0,0.0,0.0,0.0,19.070873610173643,-179.86741418260045,19.311243392805574,-16.58492303092487,19.106487069872757,-46.791360909195649,18.92362776121412,-150.56133518043954,17.092284543902318,-0.8723793472233581,19.062741995264699,-24.722530520510703,17.85692848045433,14.449942133706373,16.06090550984094,-135.6674048586583,17.630103896612604,-65.87237896524278,429.74884899022256,468.2283996028657,0.0,0.0,0.0,0.0,0.0,0.0,0.0,0.0,0.0,0.0,0.0,0.0,0.0,0.0,0.0,0.0,0.0,0.0,0.0,0.0,0.0,0.0,1.260664918216021,0.38481835110379156,191.2741172467235,227.73750699063567,4686.771282756306,0.23375552467299386,0.03567697263018832,24.306836638178493,28.894710106123779,618.8057173304121,1.2755908017783014,0.24104134576309559,247.2991731692553,294.1135020606403,6177.443363830495,0.23998500678877333,0.045348640738619289,122.00922904692738,145.2285892311115,2993.7541043305716,0.0,0.0,7.0284747184635869,8.410700532406258,150.00996682400715,0.0,0.0,10.302727437431788,12.23688685522376,263.40852940712258,0.0,0.0,79.19380494610499,94.51002587801655,1816.532269070491,0.0,0.0,41.69661664967675,50.1320711048519,780.0859681574742,0.0,0.0,12.710509085918499,15.177516385921346,286.50640813128,33.49135509332094,22.970751092812724,247.28972291305505,295.24639883343067,6412.548713861176,0.0,0.0,58.16811694652302,70.35246463077007,894.5896733871541,0.0,18.636557652974106,41.0778385003387,22.0,30.0,0.0,19.089387014329355,40.08740615361246,12.0,30.0,0.0,18.899981972462986,41.3962713973713,22.0,30.0,0.0,18.71241199671109,40.947464217529148,12.0,30.0,0.0,17.07203323325839,47.008106537332917,12.0,30.0,0.0,19.252373586151163,41.00860735740041,12.0,30.0,0.0,17.891542674199248,44.18668966661895,10.0,30.0,0.0,15.728510116856102,50.84108812251489,12.0,30.0,0.0,17.686957906667414,45.37575326029513,20.0,30.0,0.0,17.869977814300474,0.0,0.0,0.0,14.034735619141923,0.0,0.0,503.07287315263366,500.9084188435034,540.9278547518635,512.4905300784244,584.8685482483045,958.1141841394341,559.6621319252868,589.3865004799152,845.0822519655277,0.0,84.25795294087011,84.25795294087011,60.0,0.0,60.0,60.0,12.0,12.0,12.0,19.0,12.0,12.0,21.0,10.0,0.0,0.0,0.0,0.0,0.0,0.0,0.0,0.0,0.0,0.0,0.0,0.0,0.0,84.25795294087011,84.25795294087011,0.0,0.0,0.0,84.25795294087011,0.0,0.0,0.0015566666666666665 
 03/18  01:40:00,6.48,87.0,3.8,0.0,0.0,0.0,0.0,0.0,2.0,2.0,0.0,0.0,0.0,0.0,0.0,1204.0,0.0,0.0,0.0,0.0,0.0,0.0,0.0,0.0,0.0,0.0,0.0,19.100904086886766,-83.01563301935221,19.209670610156765,-213.36421699718745,18.988371314481669,-202.27256404160745,18.906181282559314,-76.34608566053839,17.06941815438192,-2.0941816231838858,19.0230648930673,-21.27502105995572,17.813479687799828,-7.272295275929537,16.007675422373575,-144.5862436225509,17.632268072010477,-52.117911045401687,470.58739613305718,464.0810369401578,0.0,0.0,0.0,0.0,0.0,0.0,0.0,0.0,0.0,0.0,0.0,0.0,0.0,0.0,0.0,0.0,0.0,0.0,0.0,0.0,0.0,0.0,1.2634965373373466,0.38568270370492876,244.92425442399259,292.1928108693456,6107.828913630688,0.22301758574666326,0.03403809306267755,111.11743812545817,132.6909221571515,2781.9170500103339,1.2458482426317617,0.23542105869836775,249.6009587003796,297.71715109745767,6178.769160293361,0.24531484951024475,0.04635579166860254,136.1749175014536,162.4178748305855,3369.095229220952,0.0,0.0,6.627574885512204,7.947996877466576,142.12203446296474,0.0,0.0,10.240440894423035,12.191515596831872,262.60948722479216,0.0,0.0,75.04540443945709,89.77540140872256,1723.5719758004767,0.0,0.0,42.30456672429575,50.98522191373361,792.9342873138705,0.0,0.0,10.958278952778262,13.116999056846524,248.87251394796244,33.76637115252019,23.159376647819074,326.30166151758609,390.45268596432808,8323.498354640547,0.0,0.0,56.4815324943603,68.48839094237714,865.7774076748356,0.0,18.783125819511086,40.866413833689069,22.0,30.0,0.0,18.927733554346135,39.90798065158767,12.0,30.0,0.0,18.71039324214726,40.946763411319967,22.0,30.0,0.0,18.744839488847725,41.262545766011587,12.0,30.0,0.0,17.05058073406399,46.916956827727677,12.0,30.0,0.0,19.219803642802739,40.91767178754486,12.0,30.0,0.0,17.833307032873728,43.81391101275216,10.0,30.0,0.0,15.672798395647515,50.79731504249149,12.0,30.0,0.0,17.702719578461485,45.19307463872343,20.0,30.0,0.0,17.92117184025704,0.0,0.0,0.0,13.935056285415488,0.0,0.0,507.8580088696574,477.63085393526407,501.87288297550597,527.6892702492121,579.9402689949272,954.0914681377579,542.8399412490933,586.1475821902295,859.3524151488284,0.0,84.25795294087011,84.25795294087011,60.0,0.0,60.0,60.0,12.0,12.0,12.0,19.0,12.0,12.0,21.0,10.0,0.0,0.0,0.0,0.0,0.0,0.0,0.0,0.0,0.0,0.0,0.0,0.0,0.0,84.25795294087011,84.25795294087011,0.0,0.0,0.0,84.25795294087011,0.0,0.0,0.00155 
 03/18  01:50:00,6.405,87.5,3.875,0.0,0.0,0.0,0.0,0.0,2.0,2.0,0.0,0.0,0.0,0.0,0.0,602.0,0.0,0.0,0.0,0.0,0.0,0.0,0.0,0.0,0.0,0.0,0.0,19.124253990843067,-16.632782241056704,19.081780149366446,-288.0578036157285,18.884763635542777,-243.02421730965399,18.900661251251159,-7.479671684041932,17.04045429576744,-2.1850128419732757,18.973163387856148,-19.84206301625329,17.764706389577513,-13.338618786667212,15.938480735297649,-144.70334860513345,17.647360164629207,-35.78069753361018,456.64772071044538,456.8907909074319,0.0,0.0,0.0,0.0,0.0,0.0,0.0,0.0,0.0,0.0,0.0,0.0,0.0,0.0,0.0,0.0,0.0,0.0,0.0,0.0,0.0,0.0,1.2679487966751387,0.3870417572268433,212.10090088404355,252.27952612188299,5362.346332595463,0.2228836881846966,0.034017656926846249,153.54775089571,182.75271925873973,3820.9418650708205,1.2325229674941803,0.23290305508204474,146.0536002409242,173.93474362723837,3610.066093289593,0.24725940944190359,0.04672324441456983,95.18953260645543,113.24661599791894,2378.9987567095838,0.0,0.0,6.5501396901223238,7.839299863422101,141.0744532778496,0.0,0.0,10.246055959585775,12.1726926778339,263.3110624862823,0.0,0.0,72.23578630190399,86.24648032208026,1661.0675099920835,0.0,0.0,42.6427830141559,51.29149195087839,798.7382298610039,0.0,0.0,8.724012154359898,10.414415415927828,200.20502647028108,34.00805806716192,23.325142707244124,255.4192458194001,304.96232100151107,6656.657795118669,0.0,0.0,54.34697238400897,65.77262418295526,829.6152006857907,0.0,18.89110084908453,40.405223793795858,22.0,30.0,0.0,18.744273549243265,40.11451830183798,12.0,30.0,0.0,18.56917370136801,40.63078052373878,22.0,30.0,0.0,18.784784653297817,41.3265211162152,12.0,30.0,0.0,17.017702212836427,46.7352219239628,12.0,30.0,0.0,19.166243539035884,40.75694215378833,12.0,30.0,0.0,17.766954270180084,43.64573168883998,10.0,30.0,0.0,15.586354280528859,50.8702328057546,12.0,30.0,0.0,17.742646976067225,44.91754540002733,20.0,30.0,0.0,17.79848188836911,0.0,0.0,0.0,13.824579974363609,0.0,0.0,498.1575932082824,468.12654782326208,473.5971596171557,537.3259747951892,569.4531714261094,944.3017419377743,528.1121703699939,581.01905737756,896.8713758056969,0.0,84.25795294087011,84.25795294087011,60.0,0.0,60.0,60.0,12.0,12.0,12.0,19.0,12.0,12.0,21.0,10.0,0.0,0.0,0.0,0.0,0.0,0.0,0.0,0.0,0.0,0.0,0.0,0.0,0.0,84.25795294087011,84.25795294087011,0.0,0.0,0.0,84.25795294087011,0.0,0.0,0.00155 
 03/18  02:00:00,6.33,88.0,3.95,0.0,0.0,0.0,0.0,0.0,2.0,2.0,0.0,0.0,0.0,0.0,0.0,1806.0,0.0,0.0,0.0,0.0,0.0,0.0,0.0,0.0,0.0,0.0,0.0,18.988047447222969,-137.9914457131156,19.048694519424666,-139.20740614278925,18.89419841600204,-56.08642631699381,18.827639135023675,-143.7094261344769,17.01813713873128,-2.3311632424635055,18.933253370250126,-23.171614806441313,17.739578622292684,-7.0766622204393319,15.884191599813143,-155.9687270872651,17.648570382902315,-37.77848925909944,411.1496378547809,463.7520593438471,0.0,0.0,0.0,0.0,0.0,0.0,0.0,0.0,0.0,0.0,0.0,0.0,0.0,0.0,0.0,0.0,0.0,0.0,0.0,0.0,0.0,0.0,1.2812277611387358,0.39109516518276468,181.27040763599249,216.60471783433867,4522.4784712933719,0.23635317780646876,0.03607343983615217,97.69115319007537,116.58928847871369,2451.2728720282218,1.2527623355130353,0.23672757662755793,164.03584170844287,195.99461281527966,4105.482616687158,0.2385200883785478,0.04507182320078381,86.76404414847518,103.66892860432869,2160.3099413099509,0.0,0.0,7.013909936503592,8.420294292142084,151.78990027224649,0.0,0.0,10.214449454285188,12.172519957490629,263.2370881060806,0.0,0.0,74.78460917562544,89.55780800370938,1727.684642232649,0.0,0.0,43.56324230114081,52.56332303132021,817.3287125473925,0.0,0.0,12.287803548160476,14.711135957868397,283.9525146879069,34.23369933107861,23.479903519258337,219.43089812777377,263.1210808386368,5803.358510383431,0.0,0.0,55.11520044202318,66.91821759686886,840.1785420105459,0.0,18.654502013836227,40.749169725117457,22.000000000000019,30.00000000000002,0.0,18.76910778734745,40.22882149617729,12.00000000000001,30.00000000000002,0.0,18.665938951760415,40.96238012415669,22.000000000000019,30.00000000000002,0.0,18.66989259068076,40.902708372213549,12.00000000000001,30.00000000000002,0.0,16.99870909444329,46.59788937627673,12.00000000000001,30.00000000000002,0.0,19.132427349400439,40.68317313760077,12.00000000000001,30.00000000000002,0.0,17.749694502285509,43.605397225212197,10.000000000000007,30.00000000000002,0.0,15.52958389587555,50.86620530781225,12.00000000000001,30.00000000000002,0.0,17.752981113246258,44.72093153829464,20.000000000000015,30.00000000000002,0.0,17.57753827073929,0.0,0.0,0.0,13.7409747697886,0.0,0.0,491.8908562306364,478.5060132471983,505.3405119792527,510.97929669481518,562.4522605013336,938.434360676419,523.1507394109905,574.952859336516,890.079686208516,0.0,84.25795294087019,84.25795294087019,60.00000000000004,0.0,60.00000000000004,60.00000000000004,12.0,12.0,12.0,19.0,12.0,12.0,21.0,10.0,0.0,0.0,0.0,0.0,0.0,0.0,0.0,0.0,0.0,0.0,0.0,0.0,0.0,84.25795294087019,84.25795294087019,0.0,0.0,0.0,84.25795294087019,0.0,0.0,0.0015500000000000002 
 03/18  02:10:00,6.355,88.16666666666667,4.025,0.0,0.0,0.0,0.0,0.0,2.0,2.0,0.0,0.0,0.0,0.0,0.0,1204.0,0.0,0.0,0.0,0.0,0.0,0.0,0.0,0.0,0.0,0.0,0.0,18.92528034558547,-175.35407716885039,18.99824432095241,-108.7962885023469,18.87174876176271,-136.27592064592728,18.813775784632765,-4.378126087262352,16.990380315231996,-2.3448232316444406,18.886167209391794,-23.140825894882086,17.70054561995648,-4.164150595011506,15.817448660061347,-156.33189353627575,17.647755007242638,-40.15174412539136,287.476602850317,472.667161942686,0.0,0.0,0.0,0.0,0.0,0.0,0.0,0.0,0.0,0.0,0.0,0.0,0.0,0.0,0.0,0.0,0.0,0.0,0.0,0.0,0.0,0.0,1.272107846802196,0.3883113085476789,124.2523272103112,148.23737139790854,3091.768442388401,0.2391273327464309,0.036496845657269679,84.3823365492708,100.66357615056333,2106.8457485704159,1.2284230936331047,0.23212832457163738,41.43731986066133,49.367204698930837,1055.949034768687,0.2412094058802425,0.04558000866973591,27.965537319650218,33.284444777215167,702.0449434351599,0.0,0.0,7.1172413201803519,8.537155811299725,153.25494292326335,0.0,0.0,10.188416668982012,12.133613131353635,261.0704086498586,0.0,0.0,75.43365202056995,90.26588385125075,1732.3113520631765,0.0,0.0,43.947380845994349,52.99701372387494,815.2623233344079,0.0,0.0,13.150696634894473,15.730308531091936,303.40193487643855,34.37338116898037,23.57570724895774,92.96382597941073,111.40709924895357,2775.618465738742,0.0,0.0,55.50888393838591,67.35861172096628,834.3498722643972,0.0,18.593700208978608,40.683182619747899,22.0,30.0,0.0,18.729994026197877,40.3013092542632,12.0,30.0,0.0,18.670646934914424,40.711518286982897,22.0,30.0,0.0,18.70143659622664,40.75904455646175,12.0,30.0,0.0,16.969363554632957,46.41363376298655,12.0,30.0,0.0,19.08231116629643,40.57580481155665,12.0,30.0,0.0,17.705402415035967,43.534655180360498,10.0,30.0,0.0,15.44848797297773,50.89024534222631,12.0,30.0,0.0,17.759913875690857,44.43949318199134,20.0,30.0,0.0,17.09705016832079,0.0,0.0,0.0,13.659882305506482,0.0,0.0,481.91338290834747,480.4811358039958,499.2566357867147,520.5078363678243,553.4098014956553,928.0911789921893,517.1686640407686,576.6818652076337,874.3770399469822,0.0,84.25795294087011,84.25795294087011,60.0,0.0,60.0,60.0,12.0,12.0,12.0,19.0,12.0,12.0,21.0,10.0,0.0,0.0,0.0,0.0,0.0,0.0,0.0,0.0,0.0,0.0,0.0,0.0,0.0,84.25795294087011,84.25795294087011,0.0,0.0,0.0,84.25795294087011,0.0,0.0,0.00155 
 03/18  02:20:00,6.380000000000001,88.33333333333334,4.1000000000000009,0.0,0.0,0.0,0.0,0.0,2.0,2.0,0.0,0.0,0.0,0.0,0.0,1204.0,0.0,0.0,0.0,0.0,0.0,0.0,0.0,0.0,0.0,0.0,0.0,18.808606794825196,-59.876426502220969,18.96224855316916,-224.12240783755034,18.730744650394173,-189.16999236837774,18.75617531609091,-166.4770364783235,16.962989344985166,-3.2255167247550959,18.840408654524013,-22.65420561412793,17.65403767173097,-27.929345337430278,15.752005360834792,-162.29043497865315,17.640445211012094,-43.173751011423068,484.44806275697649,477.502410855186,0.0,0.0,0.0,0.0,0.0,0.0,0.0,0.0,0.0,0.0,0.0,0.0,0.0,0.0,0.0,0.0,0.0,0.0,0.0,0.0,0.0,0.0,1.2538330774161706,0.38273292961421576,226.37494139339769,270.1573690263548,5537.652322517126,0.22736133413051547,0.034701058322728257,192.18485734555578,229.1201255868765,4769.214679833081,1.2078329438378584,0.22823751773202173,222.78806671829595,265.9488909243289,5443.70241002054,0.23147077109668053,0.04373975266377181,187.775287126145,223.96727302285059,4629.3841312012159,0.0,0.0,6.919583023796067,8.302578379551712,148.25487845625367,0.0,0.0,10.156732128611674,12.09667535102739,258.7845160312287,0.0,0.0,72.2663176802296,86.50502029179967,1648.148620873044,0.0,0.0,44.514322364992519,53.69170874839938,816.507748469111,0.0,0.0,15.499631810880864,18.540521667900788,356.632585252999,34.47329682881178,23.64423650810137,358.34194976124527,428.75825011122648,8975.359907031494,0.0,0.0,55.97120755569027,67.93355156014911,829.4017771038955,0.0,18.447780306284366,41.06233604235808,22.0,30.0,0.0,18.70981755990972,40.277301894870848,12.0,30.0,0.0,18.447373554689045,41.13432287546311,22.0,30.0,0.0,18.616293988683844,40.68879929604407,12.0,30.0,0.0,16.94119513830225,46.21757556425547,12.0,30.0,0.0,19.03462808349343,40.47950686494863,12.0,30.0,0.0,17.648034112133816,43.479644032868247,10.0,30.0,0.0,15.369772362055109,50.80410254685974,12.0,30.0,0.0,17.755578486559675,44.13686965890742,20.0,30.0,0.0,17.70164060864859,0.0,0.0,0.0,13.57995291025225,0.0,0.0,487.30399822293659,480.5183799290346,499.9182093536261,502.0722302091257,546.4410071315923,917.563905309896,519.893236902878,585.4732393620727,847.6354285415174,0.0,84.25795294087011,84.25795294087011,60.0,0.0,60.0,60.0,12.0,12.0,12.0,19.0,12.0,12.0,21.0,10.0,0.0,0.0,0.0,0.0,0.0,0.0,0.0,0.0,0.0,0.0,0.0,0.0,0.0,84.25795294087011,84.25795294087011,0.0,0.0,0.0,84.25795294087011,0.0,0.0,0.0015733333333333335 
 03/18  02:30:00,6.405,88.5,4.175000000000001,0.0,0.0,0.0,0.0,0.0,2.0,2.0,0.0,0.0,0.0,0.0,0.0,1806.0,0.0,0.0,0.0,0.0,0.0,0.0,0.0,0.0,0.0,0.0,0.0,18.832861171411606,-95.44668188662607,18.854388182899009,-174.74896916585335,18.73874801262601,-136.7623847884527,18.65552289011808,-55.52349520105385,16.93631947707223,-3.0510880333452414,18.799281004461528,-22.774136163078738,17.599847390189689,-18.015465916458497,15.694208916086449,-161.73661037581005,17.630512831950694,-46.38190381807793,397.6215606793747,484.8716554927268,0.0,0.0,0.0,0.0,0.0,0.0,0.0,0.0,0.0,0.0,0.0,0.0,0.0,0.0,0.0,0.0,0.0,0.0,0.0,0.0,0.0,0.0,1.2400571586401513,0.3785278262027323,155.50496946670118,185.66850409587557,3830.939580631347,0.2255560593496037,0.034425527983761246,113.16250003863164,135.1534015439728,2775.4680032033836,1.2052454354320026,0.22774857056538218,107.80398955658252,128.7765750758748,2661.77082536677,0.23613062470082503,0.044620299452158899,93.93909821525713,112.28095723045382,2288.887692379921,0.0,0.0,7.0156322793160819,8.421901409148669,149.56118060301109,0.0,0.0,10.19374366873321,12.150408233887891,258.38907526562107,0.0,0.0,73.86786808323487,88.48075080640192,1669.9954942749096,0.0,0.0,44.82729684461695,54.11577613132407,814.2424114368446,0.0,0.0,15.148536659906658,18.132075985560218,347.47872630349817,34.626622560982209,23.74939818997408,189.0419132676611,226.6944410482368,4973.613361732584,0.0,0.0,56.29368222925925,68.38504567213585,823.2737079843439,0.0,18.54235908080706,40.73287927111852,21.999999999999994,29.99999999999999,0.0,18.57124657511992,40.499240674309607,11.999999999999995,29.99999999999999,0.0,18.525985185876796,40.856569047338897,21.999999999999994,29.99999999999999,0.0,18.486744761127114,40.90304587676124,11.999999999999995,29.99999999999999,0.0,16.915114321907358,46.098925631851759,11.999999999999995,29.99999999999999,0.0,18.995530973039317,40.393000509660009,11.999999999999995,29.99999999999999,0.0,17.57760332929959,43.57604875436691,9.999999999999997,29.99999999999999,0.0,15.307125755682458,50.84400957259345,11.999999999999995,29.99999999999999,0.0,17.747749815114437,43.92459848439749,19.999999999999994,29.99999999999999,0.0,17.394150105714844,0.0,0.0,0.0,13.5102939933857,0.0,0.0,485.352854143693,475.10155031660977,497.23204267026036,496.1111734826469,543.2226690852986,906.4041684397114,519.7976142809135,587.9589266677542,832.5766536319334,0.0,84.25795294087009,84.25795294087009,59.99999999999998,0.0,59.99999999999998,59.99999999999998,12.0,12.0,12.0,19.0,12.0,12.0,21.0,10.0,0.0,0.0,0.0,0.0,0.0,0.0,0.0,0.0,0.0,0.0,0.0,0.0,0.0,84.25795294087009,84.25795294087009,0.0,0.0,0.0,84.25795294087009,0.0,0.0,0.0015966666666666669 
 03/18  02:40:00,6.430000000000001,88.66666666666666,4.25,0.0,0.0,0.0,0.0,0.0,2.0,2.0,0.0,0.0,0.0,0.0,0.0,602.0,0.0,0.0,0.0,0.0,0.0,0.0,0.0,0.0,0.0,0.0,0.0,18.701577307777094,-150.67681681596157,18.869585617936886,-23.01001714770292,18.730418272090007,-49.98463352993169,18.595932938097705,-139.98893727714364,16.90462547391882,-2.779133778115779,18.747857036459103,-23.173647797480453,17.562932594680974,-12.413887879694818,15.629329702126503,-158.2830914546633,17.614464752145027,-47.808455451568558,280.8364554705878,492.16768784565559,0.0,0.0,0.0,0.0,0.0,0.0,0.0,0.0,0.0,0.0,0.0,0.0,0.0,0.0,0.0,0.0,0.0,0.0,0.0,0.0,0.0,0.0,1.2381867725827958,0.3779568902877889,75.95967484417985,90.48336841538304,1852.7274335685143,0.22916383619298395,0.03497616547511966,7.903314301473934,9.40408744524951,200.32709898030559,1.1960718503055697,0.2260150888710451,92.6382328788167,110.2597226376068,2293.760139868631,0.23179434200223848,0.043800896069961927,60.28835439620195,71.79874027130696,1460.4991753410714,0.0,0.0,7.1621430504897909,8.573124494176979,151.87140353911077,0.0,0.0,10.17921597241944,12.098921934979569,256.4273646489681,0.0,0.0,74.92933654831217,89.49591613892938,1685.1963568484012,0.0,0.0,45.11557049120583,54.313822580512347,810.5350547469255,0.0,0.0,15.598103771116242,18.615881901976804,356.5652688621636,34.74744023927065,23.83226353859443,89.94138689007781,107.6574168825935,2652.509304084029,0.0,0.0,56.59574862615378,68.56181536937389,816.9824938490165,0.0,18.337589619254869,41.17995801284401,22.00000000000001,30.000000000000015,0.0,18.665666758768905,40.23238301669364,12.000000000000006,30.000000000000015,0.0,18.567996054862375,40.759705784143488,22.00000000000001,30.000000000000015,0.0,18.406280173931305,41.00220579630054,12.000000000000006,30.000000000000015,0.0,16.879376624607035,45.95564077379313,12.000000000000006,30.000000000000015,0.0,18.93614583941748,40.31980259185314,12.000000000000006,30.000000000000015,0.0,17.539715739573418,43.58382188007332,10.000000000000004,30.000000000000015,0.0,15.2295390320716,50.927270415753067,12.000000000000006,30.000000000000015,0.0,17.72954013303808,43.69820648643853,20.000000000000008,30.000000000000015,0.0,16.943681004790944,0.0,0.0,0.0,13.438930787899155,0.0,0.0,483.94893852280998,473.63433252047107,504.1682368725256,489.1827055418714,540.3273394404608,894.6295954296446,520.1277282192583,592.1521230954178,816.577578784136,0.0,84.25795294087016,84.25795294087016,60.00000000000003,0.0,60.00000000000003,60.00000000000003,12.0,12.0,12.0,19.0,12.0,12.0,21.0,10.0,0.0,0.0,0.0,0.0,0.0,0.0,0.0,0.0,0.0,0.0,0.0,0.0,0.0,84.25795294087016,84.25795294087016,0.0,0.0,0.0,84.25795294087016,0.0,0.0,0.00162 
 03/18  02:50:00,6.455,88.83333333333334,4.325,0.0,0.0,0.0,0.0,0.0,2.0,2.0,0.0,0.0,0.0,0.0,0.0,1806.0,0.0,0.0,0.0,0.0,0.0,0.0,0.0,0.0,0.0,0.0,0.0,18.70547169912394,-48.95437668520061,18.765880977750017,-275.0579835566233,18.607151103552505,-205.86793965716854,18.57530022924477,-51.67794992360175,16.88045087729753,-3.5009251232598359,18.711065341019819,-22.796867702124737,17.520596859976704,-27.8260246112024,15.580903340118184,-165.44942373170137,17.60103784380091,-49.81063799913765,395.43239437838238,497.1155863052225,0.0,0.0,0.0,0.0,0.0,0.0,0.0,0.0,0.0,0.0,0.0,0.0,0.0,0.0,0.0,0.0,0.0,0.0,0.0,0.0,0.0,0.0,1.2133055971866323,0.37036190390312376,175.25136762810218,209.3953315059115,4255.416607011495,0.21573510468203956,0.03292660327869959,100.10105074675868,119.54983986712897,2428.4911269134547,1.1811773456875166,0.22320055663029438,139.34048329819727,166.6457884438826,3364.9176624993576,0.23107312551120214,0.043664611774603599,75.40543489132138,90.17304061297918,1822.716698999564,0.0,0.0,6.983972891889733,8.38397089752285,147.37954172995968,0.0,0.0,10.450875215897437,12.458317075148609,261.984612220561,0.0,0.0,73.22246463135845,87.71530411190739,1635.31126158271,0.0,0.0,45.45999798044324,54.891718326946989,809.8454827323274,0.0,0.0,16.338000114189943,19.554697937921504,372.0755331961398,34.919845382859197,23.950511236528969,203.3356289221523,243.94273266409076,5247.010253101689,0.0,0.0,56.90196491514442,69.14258586571572,810.6058548868909,0.0,18.419083016462709,40.923547342607097,22.000000000000019,30.00000000000002,0.0,18.496183769862964,40.607790754807499,12.00000000000001,30.00000000000002,0.0,18.36624105813203,41.10394098310862,22.000000000000019,30.00000000000002,0.0,18.424191440518855,41.00006896870577,12.00000000000001,30.00000000000002,0.0,16.859040115751499,45.9085525909249,12.00000000000001,30.00000000000002,0.0,18.90560382091335,40.29346734555084,12.00000000000001,30.00000000000002,0.0,17.491289478257188,43.6397620378509,10.000000000000007,30.00000000000002,0.0,15.183804973658173,50.949884812034358,12.00000000000001,30.00000000000002,0.0,17.71787606546962,43.60803104841858,20.000000000000015,30.00000000000002,0.0,17.256449276392254,0.0,0.0,0.0,13.37362816134049,0.0,0.0,481.51974450876426,469.12420875040797,489.5377476928833,493.9498216973808,539.6136149184463,887.3965471354202,521.2537314204226,593.6607235503363,810.7317994350693,0.0,84.25795294087019,84.25795294087019,60.00000000000004,0.0,60.00000000000004,60.00000000000004,12.0,12.0,12.0,19.0,12.0,12.0,21.0,10.0,0.0,0.0,0.0,0.0,0.0,0.0,0.0,0.0,0.0,0.0,0.0,0.0,0.0,84.25795294087019,84.25795294087019,0.0,0.0,0.0,84.25795294087019,0.0,0.0,0.0016233333333333335 
 03/18  03:00:00,6.48,89.0,4.4,0.0,0.0,0.0,0.0,0.0,2.0,2.0,0.0,0.0,0.0,0.0,0.0,1806.0,0.0,0.0,0.0,0.0,0.0,0.0,0.0,0.0,0.0,0.0,0.0,18.618904008670378,-138.40714443005568,18.632956392241874,-258.16829480411,18.541677272101457,-197.0497684059284,18.53266525016562,-99.20511786060261,16.851501745210876,-3.797180665123518,18.66657514433485,-24.80738107219931,17.471572013535213,-32.53105738247726,15.520709980334818,-168.37030106682497,17.583160483401167,-52.049901450288569,416.4085682242118,501.2355295073619,0.0,0.0,0.0,0.0,0.0,0.0,0.0,0.0,0.0,0.0,0.0,0.0,0.0,0.0,0.0,0.0,0.0,0.0,0.0,0.0,0.0,0.0,1.2099007482705864,0.36932257273216959,227.7495566645747,272.0705825999989,5449.160229504772,0.2250460429851317,0.03434768665829241,123.16741716479872,147.14584988908735,2939.5438600342247,1.1474939949595294,0.2168355999545598,128.49246094000439,153.47462945887347,3089.0328245815087,0.21953310372334093,0.04148395761967896,43.86080526596627,52.38608534160512,1052.3043401080045,0.0,0.0,7.086227300665213,8.507195650515849,148.75577216279536,0.0,0.0,10.507140421575209,12.526074719071018,261.906859774067,0.0,0.0,72.46927090151354,86.82701529149075,1606.2041209009067,0.0,0.0,45.79946428864469,55.3101754880552,807.2599403429269,0.0,0.0,17.547438746235309,21.00125311908463,398.0283574892528,35.06601646471179,24.05076575083116,222.07557904116403,266.18854562462487,5622.7579502856819,0.0,0.0,57.21317641173448,69.530374208071,804.5616212070638,0.0,18.295476268682017,41.217542461259188,22.000000000000019,30.00000000000002,0.0,18.30904305405312,41.072205683036887,12.00000000000001,30.00000000000002,0.0,18.29862111102638,41.19297507199491,22.000000000000019,30.00000000000002,0.0,18.37831309749888,41.01221525659639,12.00000000000001,30.00000000000002,0.0,16.82968234470769,45.83383580229828,12.00000000000001,30.00000000000002,0.0,18.859685797492497,40.26983481234238,12.00000000000001,30.00000000000002,0.0,17.430724194744156,43.70019960450769,10.000000000000007,30.00000000000002,0.0,15.115135264676387,50.98140238770864,12.00000000000001,30.00000000000002,0.0,17.69858305753268,43.47208683793979,20.000000000000015,30.00000000000002,0.0,17.272171569895734,0.0,0.0,0.0,13.308507519942396,0.0,0.0,480.7597148634049,459.55391452371318,475.95232818330899,481.0469436901477,538.4253906555682,878.3324123163259,520.717319937066,596.1491994306545,799.7672673415827,0.0,84.25795294087019,84.25795294087019,60.00000000000004,0.0,60.00000000000004,60.00000000000004,12.0,12.0,12.0,19.0,12.0,12.0,21.0,10.0,0.0,0.0,0.0,0.0,0.0,0.0,0.0,0.0,0.0,0.0,0.0,0.0,0.0,84.25795294087019,84.25795294087019,0.0,0.0,0.0,84.25795294087019,0.0,0.0,0.0016266666666666665 
 03/18  03:10:00,6.57,88.66666666666667,4.446666666666667,0.0,0.0,0.0,0.0,0.0,2.0,2.0,0.0,0.0,0.0,0.0,0.0,602.0,0.0,0.0,0.0,0.0,0.0,0.0,0.0,0.0,0.0,0.0,0.0,18.62492063717416,-35.806393953071168,18.59642866722843,-154.43823573370674,18.557704892268207,-47.02305818041668,18.42347110703298,-168.757210769244,16.8184961605821,-3.4251849604034989,18.617379024586904,-25.14585635149126,17.413248764866454,-28.389743542413727,15.46095691010039,-162.08675584301069,17.562577585956278,-52.510857223708857,296.6392071616792,504.5345155153316,0.0,0.0,0.0,0.0,0.0,0.0,0.0,0.0,0.0,0.0,0.0,0.0,0.0,0.0,0.0,0.0,0.0,0.0,0.0,0.0,0.0,0.0,1.1807483090594549,0.3604237817641804,113.14572130582816,134.71689547865808,2719.3557677985529,0.2216150762563706,0.03382403483766341,64.40571085286106,76.70347814444244,1528.5169368631389,1.1352310808524815,0.2145183448322906,80.99484707672507,96.4297029977542,1956.2661232534068,0.2168921798942131,0.040984916835641167,76.55753788348123,91.20729365784143,1800.7443301565925,0.0,0.0,7.081038216821017,8.476272883728127,146.89104692473809,0.0,0.0,10.714590847699983,12.737719847587476,264.0079560429931,0.0,0.0,72.02374611891195,86.0532507860418,1573.0674005891215,0.0,0.0,45.716402578598479,55.05664350912017,791.4279652245618,0.0,0.0,17.900665278913235,21.362627738069077,402.0503426534636,35.003874668795578,24.008144491629346,104.28373172939763,124.8106117487522,2902.753548144855,0.0,0.0,57.05843771387576,69.14897847696136,784.8790124626457,0.0,18.377259544070115,40.9540798190765,22.0,30.0,0.0,18.307616552713058,41.100862635086887,12.0,30.0,0.0,18.394440745792289,40.96304952482236,22.0,30.0,0.0,18.206141076412508,41.366864602960458,12.0,30.0,0.0,16.792662219224455,45.777363289710027,12.0,30.0,0.0,18.800797155137308,40.27661501555594,12.0,30.0,0.0,17.3552533131953,43.87963294635882,10.0,30.0,0.0,15.04606713592863,51.110817208515317,12.0,30.0,0.0,17.673654007975583,43.35024542772151,20.0,30.0,0.0,16.870809673114608,0.0,0.0,0.0,13.245157803776639,0.0,0.0,470.8330248884793,463.76079758068956,484.07234465072198,464.71743179337519,537.6768750924176,867.2727297302824,521.5929147267309,600.5685766846769,787.7417874983446,0.0,84.25795294087011,84.25795294087011,60.0,0.0,60.0,60.0,12.0,12.0,12.0,19.0,12.0,12.0,21.0,10.0,0.0,0.0,0.0,0.0,0.0,0.0,0.0,0.0,0.0,0.0,0.0,0.0,0.0,84.25795294087011,84.25795294087011,0.0,0.0,0.0,84.25795294087011,0.0,0.0,0.00163 
 03/18  03:20:00,6.660000000000001,88.33333333333334,4.493333333333334,0.0,0.0,0.0,0.0,0.0,2.0,2.0,0.0,0.0,0.0,0.0,0.0,1204.0,0.0,0.0,0.0,0.0,0.0,0.0,0.0,0.0,0.0,0.0,0.0,18.51006213109495,-126.34949827756987,18.57046332087096,-168.62088845123436,18.443045623322637,-201.58048273943269,18.40537934063422,-92.78589354907285,16.792632518497358,-3.851387059818805,18.581271501251913,-25.04323182369012,17.382474712557554,-28.368281692075017,15.41429921452757,-167.18747607089336,17.546176867256706,-54.07374336606631,406.9336474579568,507.6157585036094,0.0,0.0,0.0,0.0,0.0,0.0,0.0,0.0,0.0,0.0,0.0,0.0,0.0,0.0,0.0,0.0,0.0,0.0,0.0,0.0,0.0,0.0,1.1610768860853487,0.3544190738966266,147.24955960308749,175.6860305852035,3454.232040745881,0.21082984231884906,0.032177936861851209,108.20597092565811,129.02109768017898,2537.977541520012,1.1155888902603866,0.21080666860551529,123.41186137838969,147.35126605575,2896.803075833888,0.22131397651678928,0.04182047931156259,119.42955658456114,142.593128952821,2790.8415748737536,0.0,0.0,7.0751601046753429,8.488314506297808,145.10649948805216,0.0,0.0,10.791575421906967,12.856945070470023,263.13829511431649,0.0,0.0,72.90015183929487,87.29573149117653,1575.0872662395273,0.0,0.0,46.02134199390207,55.54745118128595,783.8588606492028,0.0,0.0,18.63995454753485,22.290965314436805,414.5044200210734,35.08696724514279,24.06513528473443,205.04225450317973,245.57734397586803,5112.532061745428,0.0,0.0,57.31919546250228,69.62198159315675,771.3582194979963,0.0,18.19200828030954,41.437177518696589,22.0,30.0,0.0,18.3110258632449,41.09979415860895,12.0,30.0,0.0,18.208807701225955,41.42014820788194,22.0,30.0,0.0,18.231658125388699,41.34106005141567,12.0,30.0,0.0,16.7701979451913,45.767688035602308,12.0,30.0,0.0,18.767376912528296,40.299525311789569,12.0,30.0,0.0,17.33198734218807,43.88541183963376,10.0,30.0,0.0,15.001462451253632,51.17616539437475,12.0,30.0,0.0,17.65766960519594,43.3121113585412,20.0,30.0,0.0,17.197791566891597,0.0,0.0,0.0,13.191239114589479,0.0,0.0,470.4621330042498,463.47112593144569,479.5970656626997,473.88898441820768,537.2973081340094,862.838665663756,516.0481199101239,601.5275546512989,782.7236955976123,0.0,84.25795294087011,84.25795294087011,60.0,0.0,60.0,60.0,12.0,12.0,12.0,19.0,12.0,12.0,21.0,10.0,0.0,0.0,0.0,0.0,0.0,0.0,0.0,0.0,0.0,0.0,0.0,0.0,0.0,84.25795294087011,84.25795294087011,0.0,0.0,0.0,84.25795294087011,0.0,0.0,0.0016133333333333332 
 03/18  03:30:00,6.75,88.0,4.54,0.0,0.0,0.0,0.0,0.0,2.0,2.0,0.0,0.0,0.0,0.0,0.0,1204.0,0.0,0.0,0.0,0.0,0.0,0.0,0.0,0.0,0.0,0.0,0.0,18.472076418603274,-147.28119759965194,18.4532119340702,-184.21880582576888,18.406527090880539,-185.3753881624407,18.311256672686917,-114.00329611342863,16.763021991981018,-4.153568845701884,18.541279742150818,-26.814261991584375,17.33339428908325,-25.460517493982708,15.35937250406683,-169.59176375315895,17.526466218376965,-57.19380738459665,427.67461778247209,508.1633099573987,0.0,0.0,0.0,0.0,0.0,0.0,0.0,0.0,0.0,0.0,0.0,0.0,0.0,0.0,0.0,0.0,0.0,0.0,0.0,0.0,0.0,0.0,1.1329581842699155,0.34583583158422329,189.78033051045146,226.53730275244232,4392.652409084376,0.2118995805741235,0.03234120582633143,150.2254020642006,179.3834852785221,3450.395953541975,1.0931396400989054,0.20656455784181894,147.21750759134236,175.67178007084605,3415.8255937733867,0.21948676880637819,0.04147520196643578,133.45443705407713,159.29575420681426,3057.7935405677637,0.0,0.0,7.214752582165022,8.65395398837105,146.21667006466675,0.0,0.0,10.848577130462522,12.926279768564643,261.6617590066389,0.0,0.0,74.0064973286299,88.6097551710821,1576.8668434146539,0.0,0.0,46.35021897297844,55.95096132256391,775.2852159485987,0.0,0.0,19.396757096860289,23.198205448896439,426.93674590260948,35.093342419929047,24.069507832598807,261.584554846494,313.16851916995997,6302.168674510129,0.0,0.0,57.582214578783418,69.94640915349848,758.4762457906297,0.0,18.176203472712296,41.49309778842685,22.0,30.0,0.0,18.13577563403149,41.5720550445012,12.0,30.0,0.0,18.197040297876627,41.46592606942875,22.0,30.0,0.0,18.089270041026489,41.72171254421824,12.0,30.0,0.0,16.74062022006354,45.762141487268028,12.0,30.0,0.0,18.72545847584171,40.33064298696637,12.0,30.0,0.0,17.273345302409614,44.00943926357603,10.0,30.0,0.0,14.940503678453294,51.259026500467559,12.0,30.0,0.0,17.635754803149529,43.262251305804657,20.0,30.0,0.0,17.265892897930074,0.0,0.0,0.0,13.141741080280522,0.0,0.0,470.8171010610474,459.8497331472147,482.53223323532407,472.849571843607,535.9329054341674,855.5858171026746,515.2937687369911,599.9659134885906,773.3053338655511,0.0,84.25795294087011,84.25795294087011,60.0,0.0,60.0,60.0,12.0,12.0,12.0,19.0,12.0,12.0,21.0,10.0,0.0,0.0,0.0,0.0,0.0,0.0,0.0,0.0,0.0,0.0,0.0,0.0,0.0,84.25795294087011,84.25795294087011,0.0,0.0,0.0,84.25795294087011,0.0,0.0,0.0015966666666666666 
 03/18  03:40:00,6.84,87.66666666666667,4.586666666666667,0.0,0.0,0.0,0.0,0.0,2.0,2.0,0.0,0.0,0.0,0.0,0.0,1204.0,0.0,0.0,0.0,0.0,0.0,0.0,0.0,0.0,0.0,0.0,0.0,18.340070535091536,-88.50204412761059,18.4479086632171,-205.0815061560936,18.309138600475458,-126.71584416676979,18.305090869452113,-142.0928526317714,16.73335176838599,-4.435680041192796,18.50069901416619,-26.424300348490534,17.290217617324616,-44.600538708645448,15.307947986052602,-168.69751155058828,17.505393878654688,-57.64883935718086,380.1738916907275,508.8803936391927,0.0,0.0,0.0,0.0,0.0,0.0,0.0,0.0,0.0,0.0,0.0,0.0,0.0,0.0,0.0,0.0,0.0,0.0,0.0,0.0,0.0,0.0,1.1161217753887026,0.3406965126339141,181.14337484878758,216.1564698205479,4111.589607095861,0.1992276862970797,0.03040715602824782,125.68518628922843,149.89396903349164,2865.61639474902,1.0648113094390853,0.2012115097201598,119.23720938521235,142.3177005059058,2724.3247607336868,0.20349391255209704,0.03845312028573261,117.26500222209495,139.9518156191715,2666.3019372449109,0.0,0.0,6.902802898721448,8.281864655808017,138.22933752899517,0.0,0.0,11.13719060420328,13.269881935558502,265.64437961455988,0.0,0.0,70.48546553387129,84.41879460540827,1482.5092096702666,0.0,0.0,46.35112128463986,55.95635170745612,761.7537096345068,0.0,0.0,20.59631627970804,24.628715024591317,448.6002451603266,35.05320980448974,24.041982033257719,220.77916750053255,264.31001201980669,5317.703399095979,0.0,0.0,57.47294965487971,69.81653451863135,741.3762964726129,0.0,17.99066197602386,42.003882992723287,22.0,30.0,0.0,18.178660526361616,41.48147359977319,12.0,30.0,0.0,18.067578740083158,41.82039928247022,22.0,30.0,0.0,18.11867625167583,41.668577250590079,12.0,30.0,0.0,16.711253112895699,45.77396347995782,12.0,30.0,0.0,18.682220533047074,40.385225622644288,12.0,30.0,0.0,17.22588691930033,44.132356509472007,10.0,30.0,0.0,14.886470000398102,51.360605509717078,12.0,30.0,0.0,17.61216813537026,43.24156659177636,20.0,30.0,0.0,17.104896539278444,0.0,0.0,0.0,13.098590780838308,0.0,0.0,470.08962293917525,459.57938395292009,484.95966336982328,475.5885962125968,535.2946449164401,850.1794605966525,516.3596672412498,599.9253652408544,765.7105976771047,0.0,84.25795294087011,84.25795294087011,60.0,0.0,60.0,60.0,12.0,12.0,12.0,19.0,12.0,12.0,21.0,10.0,0.0,0.0,0.0,0.0,0.0,0.0,0.0,0.0,0.0,0.0,0.0,0.0,0.0,84.25795294087011,84.25795294087011,0.0,0.0,0.0,84.25795294087011,0.0,0.0,0.00158 
 03/18  03:50:00,6.93,87.33333333333333,4.633333333333333,0.0,0.0,0.0,0.0,0.0,2.0,2.0,0.0,0.0,0.0,0.0,0.0,1204.0,0.0,0.0,0.0,0.0,0.0,0.0,0.0,0.0,0.0,0.0,0.0,18.333515594249545,-147.5256938645539,18.33934092364801,-159.15076402557407,18.285526347730248,-185.03024926986519,18.20355824948205,-106.87397575761134,16.703474877738957,-4.309884912017878,18.461937945722214,-28.252021356357774,17.242840954593047,-25.212790813962557,15.258408006386024,-168.03635232263583,17.48446041464412,-60.62400213580008,389.50620541537,508.51916807274156,0.0,0.0,0.0,0.0,0.0,0.0,0.0,0.0,0.0,0.0,0.0,0.0,0.0,0.0,0.0,0.0,0.0,0.0,0.0,0.0,0.0,0.0,1.0930259187954344,0.33364649535880167,151.1583288610042,180.4542379087681,3399.635463393447,0.20510305278693514,0.031303884735490717,124.49289007971243,148.66000934542525,2788.314553512627,1.0487754619386265,0.1981813042212069,152.8926932788083,182.5388817073366,3456.5062523808626,0.21243660983191785,0.04014297237942513,124.93591099271019,149.13569680517359,2788.756696480112,0.0,0.0,7.249209540710279,8.695634318967306,143.40702486779817,0.0,0.0,11.070436270644877,13.191419151614218,261.1581661670547,0.0,0.0,74.14554035625449,88.79043440879932,1538.050201457866,0.0,0.0,46.587792100123369,56.24593127167685,752.3156065051758,0.0,0.0,20.208787343957753,24.167973423205689,435.53733633276718,35.10977392469789,24.080777726130245,227.1409968207609,271.9610255338784,5400.289784241516,0.0,0.0,57.70186278062789,70.09534550935806,729.5877872554729,0.0,18.028978742965266,41.930297972725877,22.0,30.0,0.0,18.025433606439245,41.92830078103131,12.0,30.0,0.0,18.072659457712754,41.83175697004786,22.0,30.0,0.0,17.970857168216456,42.08700523514479,12.0,30.0,0.0,16.681811907480186,45.803248296559988,12.0,30.0,0.0,18.641826012137274,40.445017788766239,12.0,30.0,0.0,17.17378087744624,44.27747612268506,10.0,30.0,0.0,14.835543567486976,51.485720283292909,12.0,30.0,0.0,17.589184136034974,43.23969376501667,20.0,30.0,0.0,17.11470768519031,0.0,0.0,0.0,13.063923649074738,0.0,0.0,464.16732954102778,450.2384722392862,484.1259155225342,468.7456707488968,534.6940457880887,844.0012887156704,513.7398305872297,601.4381092930067,759.9165296283494,0.0,84.25795294087011,84.25795294087011,60.0,0.0,60.0,60.0,12.0,12.0,12.0,19.0,12.0,12.0,21.0,10.0,0.0,0.0,0.0,0.0,0.0,0.0,0.0,0.0,0.0,0.0,0.0,0.0,0.0,84.25795294087011,84.25795294087011,0.0,0.0,0.0,84.25795294087011,0.0,0.0,0.0015833333333333336 
 03/18  04:00:00,7.02,87.0,4.68,0.0,0.0,0.0,0.0,0.0,2.0,2.0,0.0,0.0,0.0,0.0,0.0,1204.0,0.0,0.0,0.0,0.0,0.0,0.0,0.0,0.0,0.0,0.0,0.0,18.215573049777903,-82.22705100858161,18.33576247351414,-201.54553339425798,18.19819335452941,-120.31348756237276,18.20477069397709,-136.44181341671698,16.67347224308257,-4.5655797539480009,18.42269145947546,-27.56638730135262,17.19744092615715,-47.52336793598511,15.212082426263976,-166.14142937601606,17.462420893714098,-60.458088052776989,362.44280389173857,507.18671677387797,0.0,0.0,0.0,0.0,0.0,0.0,0.0,0.0,0.0,0.0,0.0,0.0,0.0,0.0,0.0,0.0,0.0,0.0,0.0,0.0,0.0,0.0,1.0714926415141442,0.3270734558956484,185.40102875389085,221.26807397429409,4095.2578643872809,0.19084520147607623,0.02912777800306414,126.95145679901639,151.42774691614663,2820.428054614471,1.0169426070701869,0.19216602552346699,115.57251935593277,137.9588455388533,2573.349268976004,0.19409505120827845,0.03667706938931942,113.278669656916,135.207523841527,2510.439640684952,0.0,0.0,6.857034380407108,8.226843029740309,133.9926796935196,0.0,0.0,11.3662960285677,13.543682841456441,265.13739518982006,0.0,0.0,69.52951683356145,83.2837602781287,1422.7434530411584,0.0,0.0,46.43311009945222,56.061451689865467,737.0565599933678,0.0,0.0,21.73291699675641,25.986277838731558,463.355636148652,35.073527304112747,24.055917218184335,217.96093789273307,260.9522551474457,5120.446143711108,0.0,0.0,57.42948630989199,69.76398426499932,711.8600760047254,0.0,17.87006494046308,42.39230099699199,22.0,30.0,0.0,18.066369400286328,41.85285075207497,12.0,30.0,0.0,17.96121038885832,42.15044316415814,22.0,30.0,0.0,18.011937198243627,42.008716055993847,12.0,30.0,0.0,16.652336069375445,45.852888500487377,12.0,30.0,0.0,18.600354131562079,40.52691531726208,12.0,30.0,0.0,17.122401904156264,44.43696300024297,10.0,30.0,0.0,14.790332674975723,51.60518568578891,12.0,30.0,0.0,17.564905738589297,43.26660812762543,20.0,30.0,0.0,17.013359172235206,0.0,0.0,0.0,13.032625609084992,0.0,0.0,466.52284228926518,452.15284698992789,484.26162410420076,472.39829316567929,534.2602844802466,838.9310378560783,514.3454295089232,600.9126525143672,754.5418352115316,0.0,84.25795294087011,84.25795294087011,60.0,0.0,60.0,60.0,12.0,12.0,12.0,19.0,12.0,12.0,21.0,10.0,0.0,0.0,0.0,0.0,0.0,0.0,0.0,0.0,0.0,0.0,0.0,0.0,0.0,84.25795294087011,84.25795294087011,0.0,0.0,0.0,84.25795294087011,0.0,0.0,0.0015866666666666668 
 03/18  04:10:00,7.028333333333332,87.0,4.691666666666666,0.0,0.0,0.0,0.0,0.0,2.0,2.0,0.0,0.0,0.0,0.0,0.0,1204.0,0.0,0.0,0.0,0.0,0.0,0.0,0.0,0.0,0.0,0.0,0.0,18.2168179149804,-141.40461658218283,18.228883510845717,-157.3816723145751,18.177229577447279,-178.63110951493537,18.107674264904895,-106.73344265374067,16.643084825522494,-4.419790511879654,18.38287003289907,-29.209534820742137,17.152147469654545,-27.195895567373783,15.165999063635603,-165.04393384817105,17.439804061584455,-62.982573726245338,376.3421587949756,505.8501771601767,0.0,0.0,0.0,0.0,0.0,0.0,0.0,0.0,0.0,0.0,0.0,0.0,0.0,0.0,0.0,0.0,0.0,0.0,0.0,0.0,0.0,0.0,1.0630632761955093,0.3245003895590688,147.33779702403406,175.91808010913463,3252.7274741514177,0.1994519292429795,0.030441381142090885,121.0694073979562,144.59274900021448,2661.777128920652,1.0164032717064596,0.1920641102997846,145.79310961763958,174.07805851073838,3237.126711115839,0.20572174044572365,0.038874100613326457,121.1893857008134,144.6796858252898,2657.4098053917698,0.0,0.0,7.221245865158512,8.662103141901096,140.5461642584899,0.0,0.0,11.283070671419586,13.44568711926674,262.1139570086023,0.0,0.0,73.364488500622,87.86585444921451,1492.7074800081514,0.0,0.0,46.63715214921491,56.31098215267096,735.3577273083545,0.0,0.0,21.282606963160406,25.451563622963087,452.37048328438768,35.12564234479191,24.09166141618102,219.98210896594919,263.41642257612627,5153.608456884974,0.0,0.0,57.66003029200423,70.04324749691294,710.791755538226,0.0,17.92046315097634,42.30499694598803,22.0,30.0,0.0,17.918242079885645,42.31761136677585,12.0,30.0,0.0,17.970668103480084,42.15689767471153,22.0,30.0,0.0,17.873246472671484,42.42403278878283,12.0,30.0,0.0,16.622382755654706,45.915758783197748,12.0,30.0,0.0,18.560454577243698,40.61498999587354,12.0,30.0,0.0,17.07427116001074,44.599784012259089,10.0,30.0,0.0,14.746271745186402,51.746836488103578,12.0,30.0,0.0,17.541113298671957,43.30625157393813,20.0,30.0,0.0,17.01944220152768,0.0,0.0,0.0,13.007817672604933,0.0,0.0,461.7014791256192,445.6422766972339,483.28532076246509,465.20180823118246,533.4338946436742,833.2344861119111,512.9977315168559,603.1847287237922,749.0644314980746,0.0,84.25795294087011,84.25795294087011,60.0,0.0,60.0,60.0,12.0,12.0,12.0,19.0,12.0,12.0,21.0,10.0,0.0,0.0,0.0,0.0,0.0,0.0,0.0,0.0,0.0,0.0,0.0,0.0,0.0,84.25795294087011,84.25795294087011,0.0,0.0,0.0,84.25795294087011,0.0,0.0,0.00159 
 03/18  04:20:00,7.036666666666667,87.0,4.703333333333333,0.0,0.0,0.0,0.0,0.0,2.0,2.0,0.0,0.0,0.0,0.0,0.0,1204.0,0.0,0.0,0.0,0.0,0.0,0.0,0.0,0.0,0.0,0.0,0.0,18.105029143778006,-79.31686107336236,18.22304055023475,-199.0568442035369,18.093469377082188,-116.09295451093613,18.10724881879687,-136.94282187790487,16.61233191643879,-4.612589044835531,18.341575910734023,-28.38684268195408,17.108830904160297,-48.577021956976299,15.12177070471557,-163.08016557933946,17.4159093679216,-62.598452759510909,351.1269114329061,504.69083250141366,0.0,0.0,0.0,0.0,0.0,0.0,0.0,0.0,0.0,0.0,0.0,0.0,0.0,0.0,0.0,0.0,0.0,0.0,0.0,0.0,0.0,0.0,1.0548924062269674,0.3220062290070108,182.06170072111008,217.3045012775343,3979.0378044355968,0.18815689390038993,0.028717474649021664,123.28248533513681,147.07082836038047,2708.148236036139,0.9987646679386099,0.18873104080472603,111.89631757360327,133.5812395154876,2466.7288343813695,0.19038864507140705,0.035976690300719389,109.4933174220113,130.7011535431291,2401.1362201877739,0.0,0.0,6.8419837793027569,8.208844993348383,132.6322457881538,0.0,0.0,11.535341943616789,13.746246853739813,266.8153573212526,0.0,0.0,68.82415488922828,82.44819217573719,1392.7367050693752,0.0,0.0,46.47739710473449,56.12026284090976,728.2188816251908,0.0,0.0,22.829672045246125,27.297453772587489,483.6916231227,35.0754886755825,24.057262466105976,210.21428616958577,251.70224690645905,4904.954552388634,0.0,0.0,57.414615047792739,69.74429003178276,703.7310479798941,0.0,17.770136503588469,42.73820835080625,22.0,30.0,0.0,17.95772714220548,42.23493206704801,12.0,30.0,0.0,17.86576611371307,42.46171661082329,22.0,30.0,0.0,17.913286071240397,42.337698918568438,12.0,30.0,0.0,16.59191520981804,45.99901118469725,12.0,30.0,0.0,18.518412626594708,40.72492107844201,12.0,30.0,0.0,17.02603637001065,44.760013222623147,10.0,30.0,0.0,14.705499033168913,51.88574646729735,12.0,30.0,0.0,17.515752409195878,43.371677522270378,20.0,30.0,0.0,16.90570378880595,0.0,0.0,0.0,12.981914393481106,0.0,0.0,465.2522373407759,448.69993077513268,483.08261805712018,469.4162526250889,533.316616767336,829.405240852255,513.9587884918963,601.8661485204551,744.2178553247633,0.0,84.25795294087011,84.25795294087011,60.0,0.0,60.0,60.0,12.0,12.0,12.0,19.0,12.0,12.0,21.0,10.0,0.0,0.0,0.0,0.0,0.0,0.0,0.0,0.0,0.0,0.0,0.0,0.0,0.0,84.25795294087011,84.25795294087011,0.0,0.0,0.0,84.25795294087011,0.0,0.0,0.0016066666666666667 
 03/18  04:30:00,7.045,87.0,4.715,0.0,0.0,0.0,0.0,0.0,2.0,2.0,0.0,0.0,0.0,0.0,0.0,1806.0,0.0,0.0,0.0,0.0,0.0,0.0,0.0,0.0,0.0,0.0,0.0,18.12196566427674,-88.06232488043979,18.144258417522978,-139.94973263205439,18.077473737805524,-145.72598971811139,18.055140182964217,-40.86432794630591,16.582599743492155,-4.392487551272503,18.30328156453528,-29.23781932429501,17.05863259173583,-39.02259081998195,15.080525835881968,-161.22054859220075,17.393818189486266,-63.635926697282439,305.7815365436145,504.1640150528403,0.0,0.0,0.0,0.0,0.0,0.0,0.0,0.0,0.0,0.0,0.0,0.0,0.0,0.0,0.0,0.0,0.0,0.0,0.0,0.0,0.0,0.0,1.041418275149933,0.3178932463827634,149.98737486259174,179.28783074423743,3292.4114459210998,0.19304820007201779,0.02946401100000271,95.96814282126135,114.72718982915714,2095.983348708051,0.9930257815968014,0.18764659516190505,77.1055199775709,92.16462273876076,1705.8373239325686,0.19514074547613056,0.03687466845731867,59.02143945126413,70.61378810735377,1289.5108135703866,0.0,0.0,6.983874714767608,8.383810089285382,134.84844368485077,0.0,0.0,11.56040736763315,13.786670580012148,266.3264102389487,0.0,0.0,69.93334042847295,83.83473910151092,1405.634872771725,0.0,0.0,46.47026417972523,56.153586413958517,723.8869175748188,0.0,0.0,22.805700743644296,27.289806281484226,481.7437100863727,35.08367632723418,24.062878139392443,143.04624893765607,171.67265237486672,3489.072886877366,0.0,0.0,57.40481776337129,69.78157589531083,699.7615408304324,0.0,17.851288576065387,42.52883642694309,21.999999999999994,29.99999999999999,0.0,17.865186233068898,42.51621743071637,11.999999999999995,29.99999999999999,0.0,17.88406807467412,42.432175717454288,21.999999999999994,29.99999999999999,0.0,17.864480330109968,42.4892078949013,11.999999999999995,29.99999999999999,0.0,16.563763844775055,46.07912600933296,11.999999999999995,29.99999999999999,0.0,18.481677088028719,40.822044947176689,11.999999999999995,29.99999999999999,0.0,16.968353114937459,44.936127444480508,9.999999999999997,29.99999999999999,0.0,14.669897776255985,52.01183181495551,11.999999999999995,29.99999999999999,0.0,17.494159849992064,43.43082307412611,19.999999999999994,29.99999999999999,0.0,16.719637113097407,0.0,0.0,0.0,12.958272794047,0.0,0.0,464.0180954580442,449.9615390630303,476.2816523904795,464.35197811075559,532.5288717658042,824.5703164516839,514.7210586395045,603.7891381674255,737.9660163005599,0.0,84.25795294087009,84.25795294087009,59.99999999999998,0.0,59.99999999999998,59.99999999999998,12.0,12.0,12.0,19.0,12.0,12.0,21.0,10.0,0.0,0.0,0.0,0.0,0.0,0.0,0.0,0.0,0.0,0.0,0.0,0.0,0.0,84.25795294087009,84.25795294087009,0.0,0.0,0.0,84.25795294087009,0.0,0.0,0.0016233333333333335 
 03/18  04:40:00,7.053333333333333,87.0,4.726666666666667,0.0,0.0,0.0,0.0,0.0,2.0,2.0,0.0,0.0,0.0,0.0,0.0,602.0,0.0,0.0,0.0,0.0,0.0,0.0,0.0,0.0,0.0,0.0,0.0,18.065023342795745,-92.53776883733512,18.176062577425115,-20.829474403681826,18.074535480101227,-45.99046649407503,17.995300116559279,-161.39327493361825,16.547032389487567,-4.100796602088993,18.2561912885229,-29.04510421599214,17.022003163915657,-32.52413641300747,15.03361639508836,-158.02705505413526,17.366065408143876,-63.51911320841262,207.54273611379913,504.9974797735715,0.0,0.0,0.0,0.0,0.0,0.0,0.0,0.0,0.0,0.0,0.0,0.0,0.0,0.0,0.0,0.0,0.0,0.0,0.0,0.0,0.0,0.0,1.0484362644448893,0.3200354897572924,44.39442472536217,52.90988073278908,984.0196893417594,0.1940308539374581,0.029613988696193254,7.59876466480416,9.050437716586542,171.60204859922238,0.9934591067037815,0.18772847821311079,69.94803600395334,83.32504677909513,1555.8523972233189,0.19105734165962244,0.036103050200230999,66.61568274408023,79.39785046571264,1444.4342954488687,0.0,0.0,7.079781702960018,8.474834048266857,136.07699494299468,0.0,0.0,11.560757386074938,13.748404352784848,265.0253766383128,0.0,0.0,70.5514001579716,84.33339530339259,1412.6846776419539,0.0,0.0,46.529188227191479,56.06587249669275,719.851826544756,0.0,0.0,23.11613958631198,27.58186969460276,486.6172151285696,35.07603136881038,24.05763468368341,67.61971145406918,80.9941901894946,1930.1627840726542,0.0,0.0,57.46482112815555,69.6517738155332,696.7135125832022,0.0,17.790831087185798,42.73040215418027,22.00000000000001,30.000000000000015,0.0,17.979765790958696,42.223109728455707,12.000000000000006,30.000000000000015,0.0,17.933835037628979,42.290390427719639,22.00000000000001,30.000000000000015,0.0,17.7738754461482,42.7918374866675,12.000000000000006,30.000000000000015,0.0,16.524094937960819,46.202220931795,12.000000000000006,30.000000000000015,0.0,18.427777838000336,40.97334891829911,12.000000000000006,30.000000000000015,0.0,16.934658698117635,45.039695703497518,10.000000000000004,30.000000000000015,0.0,14.62219331103317,52.181064059658478,12.000000000000006,30.000000000000015,0.0,17.461739180057628,43.52906034809073,20.000000000000008,30.000000000000015,0.0,16.335811668594105,0.0,0.0,0.0,12.931999184603129,0.0,0.0,467.9082319456204,450.29323190377786,481.56562888698906,455.35893792863257,531.8492565001317,820.8586066010437,514.9004145132567,604.4587368643345,733.6147713342494,0.0,84.25795294087016,84.25795294087016,60.00000000000003,0.0,60.00000000000003,60.00000000000003,12.0,12.0,12.0,19.0,12.0,12.0,21.0,10.0,0.0,0.0,0.0,0.0,0.0,0.0,0.0,0.0,0.0,0.0,0.0,0.0,0.0,84.25795294087016,84.25795294087016,0.0,0.0,0.0,84.25795294087016,0.0,0.0,0.00164 
 03/18  04:50:00,7.061666666666667,87.0,4.738333333333333,0.0,0.0,0.0,0.0,0.0,2.0,2.0,0.0,0.0,0.0,0.0,0.0,1806.0,0.0,0.0,0.0,0.0,0.0,0.0,0.0,0.0,0.0,0.0,0.0,18.044596925920957,-59.36364628709882,18.101585331571515,-223.88724951357416,17.970578790352904,-182.31192469807238,17.987578329230535,-42.99133220951563,16.520236745285844,-4.391019471504766,18.222471325682393,-28.4014949147916,16.99045875328614,-36.23267163523424,14.996652852338049,-159.88028258503358,17.34532338625779,-65.38177762217225,331.95400446591818,505.05311022935606,0.0,0.0,0.0,0.0,0.0,0.0,0.0,0.0,0.0,0.0,0.0,0.0,0.0,0.0,0.0,0.0,0.0,0.0,0.0,0.0,0.0,0.0,1.0240608587838045,0.3125948897386463,146.4933127566389,175.12603387352736,3196.770054480448,0.18321207345994129,0.02796277067459424,84.73907601447545,101.25877612691797,1845.5370888248386,1.0014732550119217,0.18924286753815626,117.61877703540057,140.76330374658839,2555.3030304878936,0.19710598191668333,0.03724602832892734,67.01240181058711,80.20693107514835,1456.1027411706289,0.0,0.0,7.00342068515315,8.407553011034267,134.11789756657613,0.0,0.0,11.622166439051047,13.86145573651465,265.4752112616678,0.0,0.0,70.75779275781206,84.82461695892724,1411.42594263984,0.0,0.0,46.75159055576389,56.49684213271765,719.4515795872374,0.0,0.0,22.89752319855299,27.398554061612239,480.5627869896402,35.14872885778519,24.10749578723267,166.95055798969359,200.41329616611686,3959.294028183865,0.0,0.0,57.683513283721428,70.11870871890416,694.985227799916,0.0,17.80635993541251,42.6948935343925,22.000000000000019,30.00000000000002,0.0,17.861985939868267,42.57891344015606,12.00000000000001,30.00000000000002,0.0,17.767337880604506,42.79028754715377,22.000000000000019,30.00000000000002,0.0,17.816341988227526,42.65266162623999,12.00000000000001,30.00000000000002,0.0,16.502091200952426,46.26949620933303,12.00000000000001,30.00000000000002,0.0,18.400096036642088,41.05021058193347,12.00000000000001,30.00000000000002,0.0,16.909646564202164,45.13506573267124,10.000000000000007,30.00000000000002,0.0,14.593496389284177,52.289301626981018,12.00000000000001,30.00000000000002,0.0,17.443552607224839,43.58332505825456,20.000000000000015,30.00000000000002,0.0,16.68652336932226,0.0,0.0,0.0,12.905889315904849,0.0,0.0,461.7322308301173,452.5387582622251,470.5596154430372,466.5871491106809,531.7609572670962,819.2381857405218,514.869081606927,603.9195336944166,734.0656307013418,0.0,84.25795294087019,84.25795294087019,60.00000000000004,0.0,60.00000000000004,60.00000000000004,12.0,12.0,12.0,19.0,12.0,12.0,21.0,10.0,0.0,0.0,0.0,0.0,0.0,0.0,0.0,0.0,0.0,0.0,0.0,0.0,0.0,84.25795294087019,84.25795294087019,0.0,0.0,0.0,84.25795294087019,0.0,0.0,0.0016366666666666665 
 03/18  05:00:00,7.07,87.0,4.75,0.0,0.0,0.0,0.0,0.0,2.0,2.0,0.0,0.0,0.0,0.0,0.0,1806.0,0.0,0.0,0.0,0.0,0.0,0.0,0.0,0.0,0.0,0.0,0.0,17.97017327933347,-114.0978994122301,17.993167733802978,-216.59590360492138,17.916607808050146,-170.476276441737,17.96070815520568,-92.8759146442615,16.488463107736757,-4.56479249754235,18.18235299270801,-29.382337667266734,16.94839489608695,-41.872943327565469,14.952846938053395,-159.50385285911319,17.320281774501614,-66.18617773204714,352.82104276838768,504.22767211963818,0.0,0.0,0.0,0.0,0.0,0.0,0.0,0.0,0.0,0.0,0.0,0.0,0.0,0.0,0.0,0.0,0.0,0.0,0.0,0.0,0.0,0.0,1.0274137785219094,0.3136183695121826,199.360464550824,238.3304811197159,4298.227592820962,0.19120279405096364,0.029182355624383976,109.24781434856436,130.61984120971079,2346.5939105204877,0.9728958076997328,0.18384274521914854,111.19984708723308,132.9094683973346,2409.2571656723987,0.18392459103216589,0.03475521372489909,41.431485443638297,49.51698535564579,896.5753967660472,0.0,0.0,7.013628208766288,8.41999267207622,133.74550328794067,0.0,0.0,11.595792779989788,13.830446103881214,263.7437755604334,0.0,0.0,69.71384115157358,83.57897840020584,1383.0345327463038,0.0,0.0,46.77744913837304,56.53097967402702,715.0579258363972,0.0,0.0,23.886838723944178,28.582226465543199,499.65264558236836,35.157907025776399,24.113790827007155,190.72754175430033,228.76301063307003,4415.422260552819,0.0,0.0,57.68335664010582,70.11898783798509,690.503546227535,0.0,17.706631749804303,43.00896563897719,22.000000000000019,30.00000000000002,0.0,17.709545814286679,43.06489335255317,12.00000000000001,30.00000000000002,0.0,17.71690592010159,43.00047138274995,22.000000000000019,30.00000000000002,0.0,17.794641305865225,42.76926819020275,12.00000000000001,30.00000000000002,0.0,16.4703018163529,46.3777372526147,12.00000000000001,30.00000000000002,0.0,18.35956332727729,41.17325343383237,12.00000000000001,30.00000000000002,0.0,16.863424776838536,45.30861952341865,10.000000000000007,30.00000000000002,0.0,14.551169641917714,52.45937449381779,12.00000000000001,30.00000000000002,0.0,17.417233309156626,43.674806939832929,20.000000000000015,30.00000000000002,0.0,16.71612731190631,0.0,0.0,0.0,12.876304300432289,0.0,0.0,467.0797728725005,450.038406179615,463.12131735275139,459.3357564278558,531.2594584672703,817.5990536713914,516.6480360958058,602.794502070464,729.683590282705,0.0,84.25795294087019,84.25795294087019,60.00000000000004,0.0,60.00000000000004,60.00000000000004,12.0,12.0,12.0,19.0,12.0,12.0,21.0,10.0,0.0,0.0,0.0,0.0,0.0,0.0,0.0,0.0,0.0,0.0,0.0,0.0,0.0,84.25795294087019,84.25795294087019,0.0,0.0,0.0,84.25795294087019,0.0,0.0,0.0016333333333333335 
 03/18  05:10:00,7.045000000000001,87.16666666666667,4.76,0.0,0.0,0.0,0.0,0.0,2.0,2.0,0.0,0.0,0.0,0.0,0.0,602.0,0.0,0.0,0.0,0.0,0.0,0.0,0.0,0.0,0.0,0.0,0.0,17.969766097074307,-30.371594387098413,17.961225325619556,-133.46570181632729,17.927091767416657,-43.482951427106858,17.853391037843488,-177.3902925042148,16.4520998833313,-4.131577249400323,18.134986429575009,-29.25182860897627,16.898351920601358,-38.0099401268626,14.906442762461733,-154.9938567741808,17.29118952832456,-65.67139154093991,271.9408723735187,505.1039665800197,0.0,0.0,0.0,0.0,0.0,0.0,0.0,0.0,0.0,0.0,0.0,0.0,0.0,0.0,0.0,0.0,0.0,0.0,0.0,0.0,0.0,0.0,1.019469196053078,0.31119328328848536,110.50536272647558,131.66803611904255,2411.18526080022,0.19171176281310466,0.029260037059387159,58.4802906533539,69.69330237476555,1261.9151127181706,0.9761564283619287,0.18445888668970696,85.89562920197541,102.33588129823667,1883.0019269313874,0.18467378495727433,0.034896784761389697,83.38117383897709,99.39835464666499,1783.2477010956484,0.0,0.0,7.006989238676793,8.38771695118231,133.4556917523485,0.0,0.0,11.696309817755076,13.910865096784742,265.489666301168,0.0,0.0,69.39889245118329,82.96563498950752,1372.6550833628938,0.0,0.0,46.66719989341004,56.23697620758211,711.6015178534253,0.0,0.0,24.282600134877915,28.971982118502415,507.73895943201065,35.14973778301982,24.108187779848995,105.02526005251248,125.72341066402646,2657.3500945726707,0.0,0.0,57.56242700412086,69.76823823471287,688.7102271596316,0.0,17.768214982178255,42.877127871199267,22.0,30.0,0.0,17.710420370252498,43.05361797973424,12.0,30.0,0.0,17.796806408055859,42.77132985184252,22.0,30.0,0.0,17.6236677250666,43.288523867576468,12.0,30.0,0.0,16.42948477207588,46.52302594342252,12.0,30.0,0.0,18.305907256159374,41.340126989644478,12.0,30.0,0.0,16.80416121334586,45.48818081534686,10.0,30.0,0.0,14.503936366688656,52.63560472474658,12.0,30.0,0.0,17.38380466789669,43.794381866985677,20.0,30.0,0.0,16.41304874622542,0.0,0.0,0.0,12.845888672482622,0.0,0.0,462.6033889925467,454.15453463340119,468.0650366217053,454.1596748271558,531.5247086510664,816.015593639953,515.7825102154837,604.3756440663132,723.9173155658308,0.0,84.25795294087011,84.25795294087011,60.0,0.0,60.0,60.0,12.0,12.0,12.0,19.0,12.0,12.0,21.0,10.0,0.0,0.0,0.0,0.0,0.0,0.0,0.0,0.0,0.0,0.0,0.0,0.0,0.0,84.25795294087011,84.25795294087011,0.0,0.0,0.0,84.25795294087011,0.0,0.0,0.00163 
 03/18  05:20:00,7.0200000000000009,87.33333333333334,4.77,0.0,0.0,0.0,0.0,0.0,2.0,2.0,0.0,0.0,0.0,0.0,0.0,1204.0,0.0,0.0,0.0,0.0,0.0,0.0,0.0,0.0,0.0,0.0,0.0,17.897247475350285,-81.49825264869014,17.93887671959356,-136.0934443593028,17.806122067375939,-203.59645913564465,17.835374756021698,-94.24787021213524,16.423610634982127,-4.330925147163157,18.0983309384159,-29.201755954100748,16.871835047123285,-33.624616709689238,14.86811196888571,-156.96948640913343,17.26788992052169,-67.84626186642129,361.49768858482278,505.2983019635941,0.0,0.0,0.0,0.0,0.0,0.0,0.0,0.0,0.0,0.0,0.0,0.0,0.0,0.0,0.0,0.0,0.0,0.0,0.0,0.0,0.0,0.0,1.0150036245617214,0.3098301662276317,120.83535846979319,144.29091733437478,2616.1668821914224,0.185415626562064,0.028299088303123326,96.1517157814397,114.7417935854007,2074.1561858288198,0.9872987687642412,0.18656439319052182,161.84179328780193,193.32769013036717,3473.387445220471,0.19517485478023914,0.03688111390405122,114.11828986687405,136.3211983447969,2450.8308491278264,0.0,0.0,7.082676389464145,8.497019411774172,134.85099732073804,0.0,0.0,11.709518368097769,13.95661617750538,265.5333321993875,0.0,0.0,71.1151468691584,85.20153559285476,1407.5164808465327,0.0,0.0,46.885741255893758,56.62265898161289,714.0363721477186,0.0,0.0,23.59969494219432,28.215428525874829,493.4329910847993,35.25407738945695,24.179751295923848,187.3413006761595,224.50364849045318,4333.176274599424,0.0,0.0,57.80884337804913,70.21910135606706,690.5285540108805,0.0,17.665255549795885,43.153119965071628,22.0,30.0,0.0,17.718810309341327,43.03131598598799,12.0,30.0,0.0,17.596377937874704,43.340363111945567,22.0,30.0,0.0,17.651757764911218,43.19663568456661,12.0,30.0,0.0,16.404470608225475,46.60721423338029,12.0,30.0,0.0,18.273771817413484,41.43289610312266,12.0,30.0,0.0,16.789056331601047,45.558705037649378,10.0,30.0,0.0,14.472008390597433,52.76524738888227,12.0,30.0,0.0,17.362090393739075,43.86248245722518,20.0,30.0,0.0,16.65036874783091,0.0,0.0,0.0,12.813245458518106,0.0,0.0,463.8374405989365,454.90074583451919,465.04990885941586,458.6740844688687,531.2278427707803,815.6062922503531,513.886484683248,604.2157414544911,726.5506089485489,0.0,84.25795294087011,84.25795294087011,60.0,0.0,60.0,60.0,12.0,12.0,12.0,19.0,12.0,12.0,21.0,10.0,0.0,0.0,0.0,0.0,0.0,0.0,0.0,0.0,0.0,0.0,0.0,0.0,0.0,84.25795294087011,84.25795294087011,0.0,0.0,0.0,84.25795294087011,0.0,0.0,0.00162 
 03/18  05:30:00,6.995,87.5,4.779999999999999,0.0,0.0,0.0,0.0,0.0,2.0,2.0,0.0,0.0,0.0,0.0,0.0,1204.0,0.0,0.0,0.0,0.0,0.0,0.0,0.0,0.0,0.0,0.0,0.0,17.80007729470642,-179.8284792251834,17.8090165767099,-202.10589108468185,17.734921228455936,-163.97302529647005,17.779541616332886,-114.76561403637223,16.39112702681225,-4.627196149391281,18.05738038659885,-30.110900490301988,16.82193315221357,-40.41704273625214,14.823660741642277,-157.50749441497329,17.24126005581885,-69.25152048310975,397.6524083942177,503.82427297218546,0.0,0.0,0.0,0.0,0.0,0.0,0.0,0.0,0.0,0.0,0.0,0.0,0.0,0.0,0.0,0.0,0.0,0.0,0.0,0.0,0.0,0.0,1.0233093231003106,0.31236548324185306,272.4776370848196,325.5848197179371,5811.090734377578,0.1887103886951605,0.02880195187655075,147.49988485308183,176.2924493738908,3131.1092504735954,0.9654131220492188,0.1824287834560127,162.61508139558888,194.17252011004758,3476.2136088412796,0.18224183748351126,0.034437233084563718,62.58065008239973,74.6230306511431,1335.0157442832904,0.0,0.0,7.009925176355409,8.40791040996038,133.34878537614336,0.0,0.0,11.779808476464453,14.041320982260534,266.7627679709999,0.0,0.0,69.39503364181366,83.13270348963659,1368.4332783747644,0.0,0.0,46.83443641415698,56.56240627256636,711.4631126368925,0.0,0.0,24.895837431294454,29.768428325960536,520.3907575520766,35.27383779409327,24.19330438552351,288.07625254807626,345.0008321773292,6373.028064118298,0.0,0.0,57.71507910186901,70.10593343603949,687.8337515824248,0.0,17.52209833977279,43.575167056521809,22.0,30.0,0.0,17.514541867984734,43.61778931217933,12.0,30.0,0.0,17.51492390532838,43.60773954330416,22.0,30.0,0.0,17.587666340396749,43.407699925780068,12.0,30.0,0.0,16.371603407009674,46.72494090271451,12.0,30.0,0.0,18.232971953714054,41.55800131494848,12.0,30.0,0.0,16.72656512999327,45.76332053620045,10.0,30.0,0.0,14.427949108672449,52.950482805892367,12.0,30.0,0.0,17.3342625253238,43.964287002806148,20.0,30.0,0.0,16.738880003674966,0.0,0.0,0.0,12.774814700224061,0.0,0.0,462.2019826499293,452.206035364209,457.1456290668616,452.3737371726713,530.6879022274404,813.1042604632216,514.5936048225308,603.098232817367,720.8442912664491,0.0,84.25795294087011,84.25795294087011,60.0,0.0,60.0,60.0,12.0,12.0,12.0,19.0,12.0,12.0,21.0,10.0,0.0,0.0,0.0,0.0,0.0,0.0,0.0,0.0,0.0,0.0,0.0,0.0,0.0,84.25795294087011,84.25795294087011,0.0,0.0,0.0,84.25795294087011,0.0,0.0,0.00161 
 03/18  05:40:00,6.970000000000001,87.66666666666667,4.789999999999999,0.0,0.0,0.0,0.0,0.0,2.0,2.0,0.0,0.0,0.0,0.0,0.0,602.0,0.0,0.0,0.0,0.0,0.0,0.0,0.0,0.0,0.0,0.0,0.0,17.78028077420225,-13.76842370277518,17.766242222465466,-188.31523248701797,17.661388439836658,-195.70302660443668,17.780729556145759,-4.120830701644309,16.355327771514188,-4.254657224882294,18.011491073564274,-28.350735364579636,16.75196674039171,-61.88095365502977,14.779014638965226,-152.4897814010808,17.211804418954047,-67.5540557143297,356.08150804631807,506.21366857265346,0.0,0.0,0.0,0.0,0.0,0.0,0.0,0.0,0.0,0.0,0.0,0.0,0.0,0.0,0.0,0.0,0.0,0.0,0.0,0.0,0.0,0.0,1.0027909324769005,0.3061022382408121,253.98243191903604,302.71864702511308,5453.3214286153729,0.17796111385124906,0.02716134216288905,140.27966426622349,167.24413390171186,2980.8678148237165,0.9212864419591957,0.17409040853348377,142.69819555805638,170.16603553359065,3029.7133512298989,0.1791941536681191,0.03386132911340118,29.909247919296229,35.640132595127898,647.4271443052064,0.0,0.0,6.444522899273837,7.71425780825718,122.4521479677087,0.0,0.0,12.034403092814197,14.313924963773756,272.0155648749575,0.0,0.0,63.80873211711825,76.30137998187881,1249.4571382010805,0.0,0.0,46.46441257235194,55.99597218760384,704.2597797220038,0.0,0.0,26.13354119667087,31.178056643051748,546.0143260255002,35.210361019163389,24.149767502855555,237.25314489909696,283.74932737018556,5292.247853494085,0.0,0.0,57.26677997499236,69.41164681736021,681.184626055275,0.0,17.57399653039483,43.41591191852458,22.0,30.0,0.0,17.489440589623137,43.71306952252736,12.0,30.0,0.0,17.42405940348587,43.88807968210054,22.0,30.0,0.0,17.641263120583017,43.245671835425067,12.0,30.0,0.0,16.332261088803866,46.863149567839318,12.0,30.0,0.0,18.1825637420324,41.70862339416369,12.0,30.0,0.0,16.628738744196146,46.066052530217927,10.0,30.0,0.0,14.38349627079124,53.11886932365786,12.0,30.0,0.0,17.30130559675194,44.08079805152112,20.0,30.0,0.0,16.577045340397996,0.0,0.0,0.0,12.736688374792065,0.0,0.0,463.56707090429605,446.51894790880979,452.5337257067726,458.67778266650319,530.4342775819491,809.6862620080472,516.1347391744882,603.779756582955,712.9952903697264,0.0,84.25795294087011,84.25795294087011,60.0,0.0,60.0,60.0,12.0,12.0,12.0,19.0,12.0,12.0,21.0,10.0,0.0,0.0,0.0,0.0,0.0,0.0,0.0,0.0,0.0,0.0,0.0,0.0,0.0,84.25795294087011,84.25795294087011,0.0,0.0,0.0,84.25795294087011,0.0,0.0,0.0015999999999999999 
 03/18  05:50:00,6.944999999999999,87.83333333333334,4.799999999999999,0.0,0.0,0.0,0.0,0.0,2.0,2.0,0.0,0.0,0.0,0.0,0.0,1204.0,0.0,0.0,0.0,0.0,0.0,0.0,0.0,0.0,0.0,0.0,0.0,17.682861660870754,-106.93570479259734,17.75184970648676,-111.42548993218361,17.65470247277925,-102.50235642464554,17.70849378901464,-125.7723811503343,16.326396585334856,-4.471308134800466,17.97382168395442,-31.28193492561894,16.725859364017233,-40.15746278856227,14.74084581761094,-155.11943342059966,17.187300830953395,-71.00777914315575,363.75054901274828,503.18027614474036,0.0,0.0,0.0,0.0,0.0,0.0,0.0,0.0,0.0,0.0,0.0,0.0,0.0,0.0,0.0,0.0,0.0,0.0,0.0,0.0,0.0,0.0,1.007870214191326,0.30765269053459279,179.705368772346,214.6608804584357,3819.808674537392,0.18514287350348297,0.028257459325928416,88.42583308797274,105.5349664830726,1887.4692007420304,0.9638548541361285,0.1821343261784068,151.38227732521055,180.9682524590196,3238.4702389712349,0.18075384139035206,0.03415605468449584,81.66542872583895,97.70372069154543,1741.4206798264277,0.0,0.0,6.946836674234036,8.334111753444633,131.94451544436937,0.0,0.0,12.13801678213385,14.468456036618364,274.03955861837997,0.0,0.0,68.18722602755523,81.71371221204586,1336.944357970504,0.0,0.0,46.50005225871793,56.16111479048077,703.8604471112485,0.0,0.0,26.317597103637256,31.464334671827989,549.7566562978684,35.32232891018438,24.226563038535248,211.93111546598974,254.0656364890861,4800.462440290255,0.0,0.0,57.30468185917775,69.6126019202477,678.9034029786417,0.0,17.412094091277714,43.891479149142217,22.0,30.0,0.0,17.52334793777547,43.602722080138089,12.0,30.0,0.0,17.47572907253157,43.71645468316598,22.0,30.0,0.0,17.519851738579758,43.60039308924303,12.0,30.0,0.0,16.306702204127356,46.95087187517858,12.0,30.0,0.0,18.148186743470278,41.80920795368593,12.0,30.0,0.0,16.62001976031967,46.09334898670296,10.0,30.0,0.0,14.350993950575854,53.24396900877004,12.0,30.0,0.0,17.27811254772756,44.15581224892158,20.0,30.0,0.0,16.54539166739906,0.0,0.0,0.0,12.690034016013703,0.0,0.0,459.18990989537675,451.91172550246128,460.9067452681469,455.1086856293322,530.3853683785036,807.6351595347453,513.7873263928607,606.5269498294872,710.8737393522974,0.0,84.25795294087011,84.25795294087011,60.0,0.0,60.0,60.0,12.0,12.0,12.0,19.0,12.0,12.0,21.0,10.0,0.0,0.0,0.0,0.0,0.0,0.0,0.0,0.0,0.0,0.0,0.0,0.0,0.0,84.25795294087011,84.25795294087011,0.0,0.0,0.0,84.25795294087011,0.0,0.0,0.0015999999999999999 
 03/18  06:00:00,6.92,88.0,4.81,0.0,0.0,0.0,0.0,0.0,2.0,2.0,0.0,0.0,0.0,0.0,0.0,602.0,0.0,0.0,0.0,0.0,0.0,0.0,0.0,0.0,0.0,0.0,0.0,17.636907797476334,-101.5673218740967,17.756281588113877,-16.041366561501435,17.654852094372524,-38.952211537509359,17.613414163646995,-182.09809167185586,16.290278960824844,-4.24292878215843,17.926891944216025,-31.099696093127535,16.69198174931631,-34.37937714214422,14.693527514295262,-153.27995703864804,17.15617932989757,-70.99649206437448,284.5860968243287,506.5212032215013,0.0,0.0,0.0,0.0,0.0,0.0,0.0,0.0,0.0,0.0,0.0,0.0,0.0,0.0,0.0,0.0,0.0,0.0,0.0,0.0,0.0,0.0,1.0102539955002084,0.3083803405067791,64.7648634977716,77.22692963364166,1387.5052158972447,0.18770215576089656,0.028648070171077009,7.481405064255746,8.914545062744907,164.89113412807877,0.9713305753560281,0.18354697191157,123.70358046288136,147.42934831650596,2667.289251838843,0.18207360566892,0.034405443248095229,99.86430747531618,119.0782988480704,2111.2055161296605,0.0,0.0,7.067178057594652,8.459494183183681,134.06335224698857,0.0,0.0,12.098988170942662,14.391610796835293,272.6006624291235,0.0,0.0,69.32391218307758,82.88770832836191,1359.116415461376,0.0,0.0,46.64361788963085,56.214907672453197,703.8797003014493,0.0,0.0,26.1898001083681,31.244102960227424,546.7091626477228,35.352253661714467,24.24708755947495,117.18655866004913,140.28435927262729,2875.598560316233,0.0,0.0,57.47544130068768,69.66994972840186,679.0251643916942,0.0,17.374300878207675,44.01487090809612,22.0,30.0,0.0,17.583240573499553,43.450003455193797,12.0,30.0,0.0,17.528293331238744,43.56016390140841,22.0,30.0,0.0,17.378197351856217,44.01743659374954,12.0,30.0,0.0,16.266920463749125,47.09096993358613,12.0,30.0,0.0,18.0958515579665,41.96584505830012,12.0,30.0,0.0,16.59158705773345,46.18034437801741,10.0,30.0,0.0,14.300486634360985,53.43332696470537,12.0,30.0,0.0,17.2424776042758,44.27334962265707,20.0,30.0,0.0,16.235402767443938,0.0,0.0,0.0,12.64680476387594,0.0,0.0,461.8100794334913,450.3390118362436,465.06204914059586,451.3333739489495,529.9259079723591,804.7080339871164,513.7205209442309,607.0749546277511,709.398350232257,0.0,84.25795294087011,84.25795294087011,60.0,0.0,60.0,60.0,12.0,12.0,12.0,19.0,12.0,12.0,21.0,10.0,0.0,0.0,0.0,0.0,0.0,0.0,0.0,0.0,0.0,0.0,0.0,0.0,0.0,84.25795294087011,84.25795294087011,0.0,0.0,0.0,84.25795294087011,0.0,0.0,0.0015999999999999999 
 03/18  06:10:00,6.966666666666667,88.00000000000002,4.8999999999999999,0.0,0.0,0.0,0.0,0.0,2.0,2.0,0.0,0.0,0.0,0.0,0.0,6030.0,0.0,0.0,0.0,0.0,0.0,0.0,0.0,0.0,0.0,0.0,0.0,18.823917566010218,-889.1682050048522,17.921883722816525,711.9318156536758,19.06279162415845,-2536.0532913368667,17.92334875848434,944.132554292917,16.26485608342262,-2.566433353655026,18.749709546504147,-97.68068269522908,16.799394622247815,192.39379744544173,15.69139002073193,-230.43259628922866,18.411729103930534,-197.95235221467534,665.4156862496121,604.4448626096552,0.0,0.0,0.0,0.0,0.0,0.0,0.0,0.0,0.0,0.0,0.0,0.0,0.0,0.0,0.0,0.0,0.0,0.0,0.0,0.0,0.0,0.0,0.9966613698387655,0.3042311873744706,385.4687149891154,458.03820597846109,9594.381275040234,0.294455346646287,0.04494129222318178,329.9000332151695,393.7696868014551,7346.356048737142,0.800081511155172,0.15118698245562596,513.9855098059686,609.9870125033458,13158.43543629556,0.28071629720728238,0.05304540763554088,351.56485012992428,419.5004227035275,7918.126531217894,0.0,0.0,11.00582770074136,13.220454317350957,207.1967282771343,0.0,0.0,17.883450798017486,21.244783148735477,448.64115220395197,0.0,0.0,75.84883243020566,90.95711998314623,1516.8461377884638,0.0,0.0,36.5367673009845,43.99666464036353,655.5097126078634,0.0,0.0,40.615666866697647,48.268631774503038,1008.7684765951707,36.75258824797442,25.207536521244465,675.620599659109,808.0535153046989,15052.122794033481,0.0,0.0,50.404068159026419,61.33202971398312,597.1111847178805,2021.7102915013425,19.194682628973927,39.32453289189779,21.999999999999998,30.0,0.0,17.944377313264459,42.49028120307533,15.999999999999999,30.0,4553.782523553266,19.57736894540083,38.40844483331245,21.999999999999998,30.0,0.0,18.06184812286031,42.1914318588389,15.999999999999999,30.0,0.0,16.24859334611047,47.16343906958135,12.0,30.0,1484.0364848158275,19.37713746732805,38.769870382279908,19.9,30.0,0.0,16.8438600999764,45.499208447609387,10.0,30.0,1367.5643229297417,15.93887489115881,48.169608522962779,16.999999999999998,30.0,2331.1382811085907,19.18162486893906,39.27027418501747,19.9,30.0,0.0,17.359274353967824,0.0,0.0,0.0,12.719737014989882,0.0,0.0,458.1717800315102,458.1346240197885,456.81719118942899,456.4452825113841,527.8203430546942,786.725778207646,497.54584842987375,610.755043994552,691.2802106090578,12191.054157995923,79.9430851632848,87.21318788640702,60.0,0.0,60.0,60.0,16.0,16.0,19.0,19.0,16.0,12.0,21.0,10.0,1.0,0.0,2021.7102915013425,0.0,4553.782523553266,0.0,1484.0364848158275,0.0,1367.5643229297417,2331.1382811085907,11000.280443615991,6600168.266169593,8611368.256691374,79.9430851632848,87.33665836573032,0.4006760147871996,0.7660692671308365,0.3602813740196596,87.33665836573032,0.3542647819438876,8611368.256691374,0.44939114934795146 
 03/18  06:20:00,7.013333333333334,88.0,4.99,7.5,0.0,0.0,0.0,0.0,2.0,2.0,0.0,0.0,0.0,0.0,0.0,1809.0,0.0,10.68597590818881,2.9267027352810985,7.499565278643217,0.3204212870417087,8.528445145445059,0.0,2.926702735281097,4.001024526377146,0.0,0.0,19.576560966957904,-1508.6915350971838,18.503955754245909,734.0917869523082,19.887452328332097,-3545.5487425022186,18.705367050305577,743.6591471090449,16.236463729298209,3.2716515953265068,18.825298843327354,-92.589325607156,17.20960849647431,290.49609247082835,15.877215053580706,-254.91860301702332,18.5076686719107,-160.71797441719674,886.9367662906876,602.2357883519252,0.0,0.0,0.0,0.0,0.0,0.0,0.0,0.0,0.0,0.0,0.0,0.0,0.0,0.0,0.0,0.0,0.0,0.0,0.0,0.0,0.0,0.0,1.0947960623916578,0.3341868322318856,446.8847572115319,528.8083660541743,11996.416416118254,0.3394267967002549,0.051805066651443038,386.73818808097806,459.93485929954729,9281.52175134098,0.8485669340305466,0.16034900491884858,568.6392473901562,671.9512365418448,15687.662548086977,0.3005726845250341,0.0567975594340578,383.58232559847638,455.59759880602987,9491.588966521258,0.0,0.0,12.513214709810807,15.02202448145745,233.84981105423487,0.0,0.0,18.956723517977517,22.50427360997586,474.9559547348407,0.0,0.0,83.25227913176416,99.46698503632246,1775.9394048229809,0.0,0.0,35.819211588396949,42.993292753771857,671.8633003646944,0.0,0.0,38.673487106972817,45.945305686452417,956.3509896168428,37.892044682990619,25.989056709870114,761.2218206061223,908.0307548473833,17799.67999504231,0.0,0.0,48.65015961681359,59.10754152693784,577.0182972636146,2029.1794586544848,20.43787736261839,36.3808272478731,21.999999999999994,29.99999999999999,0.0,18.964312445391938,39.86166281185301,15.999999999999993,29.99999999999999,4271.515835089142,20.83332630692366,35.50695892258868,21.999999999999994,29.99999999999999,0.0,19.361696088054815,38.892328037863887,15.999999999999993,29.99999999999999,0.0,16.22451455236317,47.27838737918667,11.999999999999995,29.99999999999999,0.0,19.508049037917745,38.48666929254685,18.999999999999994,29.99999999999999,0.0,17.565631536209979,43.49590662675638,9.999999999999997,29.99999999999999,24.29964762243995,16.27076139756811,47.11508931374661,15.999999999999993,29.99999999999999,0.0,19.323754731344953,38.92464730633156,18.999999999999994,29.99999999999999,0.0,18.093240200821758,0.0,0.0,0.0,12.767012287575316,0.0,0.0,457.94584579545656,461.22397193636825,457.35271534251606,457.3586721257895,522.8540670897019,737.5892426902765,486.5909898276195,631.4413858605533,657.1608555881303,11935.841430338773,80.11212196651586,87.86827477662406,59.99999999999998,0.0,59.99999999999998,59.99999999999998,16.0,16.0,19.0,19.0,16.0,12.0,21.0,10.0,1.0,0.0,2029.1794586544848,0.0,4271.515835089142,0.0,0.0,0.0,24.29964762243995,0.0,11736.516418983816,7041909.851390293,9217939.457587894,80.11212196651586,87.99999999999997,0.3912172139661272,0.7640698252876557,0.36028137401965945,87.99999999999997,0.35426478194388735,9217939.457587894,0.4809361851279039 
 03/18  06:30:00,7.0600000000000009,88.0,5.08,9.0,0.0,0.0,0.0,0.0,2.0,2.0,0.0,0.0,0.0,0.0,0.0,2412.0,0.0,12.885493313128317,3.1533108659125306,8.080246695948013,0.3863742435050072,10.283872849719943,0.0,3.1533108659125288,4.31081502118999,0.0,0.0,20.08760530223517,-1312.896445566861,18.93692022867441,908.9938055979706,20.48505888389076,-3372.1848554336268,19.201238700022527,866.5636208877195,16.21901589911513,12.053579647640703,18.56520555494557,-54.691129425899649,17.565365774228448,373.2669996156744,16.230436820555988,-311.00877730544348,18.77306608114706,-127.65628726955484,1110.9126507970423,636.1132431171332,0.0,0.0,0.0,0.0,0.0,0.0,0.0,0.0,0.0,0.0,0.0,0.0,0.0,0.0,0.0,0.0,0.0,0.0,0.0,0.0,0.0,0.0,1.2297051468848115,0.3753678714544602,463.803168096895,547.7051125303995,13028.589157995366,0.36501992671390917,0.055711222025932417,398.12247604493117,472.47680914413976,10061.06682249827,0.9611624138511603,0.18162555061435388,568.5664464876508,670.3387876416063,16466.187385022677,0.3097001051702936,0.05852231768146135,373.94277183721996,443.0807203426919,9784.44500518389,0.0,0.0,13.087453695993615,15.717201884486288,243.1523574836491,0.0,0.0,17.85380523867981,21.229720826538988,431.7594231064156,0.0,0.0,94.39065763167877,112.59705805779338,2113.3888852714765,0.0,0.0,38.01637219694983,45.56464640879176,750.3879934165955,0.0,0.0,32.12372660605387,38.117872607188427,813.6135359420887,39.06394239771977,26.792827433278313,763.0315317432037,907.8955690071456,19068.601989180203,0.0,0.0,52.18261212277548,63.42235130861552,615.2118680811843,1930.443096113885,21.133339497965566,34.87080387361524,22.0,30.0,0.0,19.67962413552536,38.136805148879769,16.0,30.0,4357.008850981671,21.606128692676149,33.878082136031149,22.0,30.0,0.0,20.15032257899341,37.04490636698527,16.0,30.0,0.0,16.217813402999505,47.32725388274035,12.0,30.0,13.655182448528649,19.10633025134475,39.480240300778209,19.0,30.0,0.0,18.174111308655158,41.874843655522408,10.0,30.0,780.8456636900149,16.815587604534718,45.53740658809652,16.75,30.0,1119.5662161624558,19.71715540425413,38.00756183303728,19.75,30.0,0.0,18.922558286419198,0.0,0.0,0.0,12.780097604270006,0.0,0.0,460.14234365724999,463.79152520765447,459.83971338189078,460.511062339046,521.4356704109754,720.7960503587365,489.8031217277838,625.0845312516874,663.1674198935383,11273.863753010453,80.55012861110632,87.87558935766274,60.0,0.0,60.0,60.0,16.0,16.0,19.0,19.0,16.0,12.0,21.0,10.0,1.0,0.0,1930.443096113885,0.0,4357.008850981671,0.0,13.655182448528649,0.0,780.8456636900149,1119.5662161624558,11085.59357250427,6651356.143502561,8707336.128327847,80.55012861110632,88.0,0.3695197857501423,0.7639253394572991,0.36028137401965956,88.0,0.3542647819438875,8707336.128327847,0.4543881453397147 
 03/18  06:40:00,7.106666666666667,88.0,5.17,15.999999999999999,51.999999999999989,0.0,0.0,0.0,2.0,2.0,0.0,0.0,0.0,0.0,0.0,4221.0,0.0,26.648427217959214,28.523970067936568,73.09120430931739,0.7990588906051456,21.268030116859959,0.0,28.52397006793654,38.99442962064285,0.0,0.0,20.363449800005328,-1471.6291394714547,19.314723619607208,843.6565630738027,20.58362542334291,-1840.8012359486089,19.57901995272747,583.1166411878372,16.210507817338848,19.67499754450971,18.99404260246914,-52.98411690610986,17.865482275741227,350.9100822258534,16.058632275075909,-328.85895337430318,18.736774720549854,-108.2246299731905,1211.8514827854927,773.715253251605,0.0,0.0,0.0,0.0,0.0,0.0,0.0,0.0,0.0,0.0,0.0,0.0,0.0,0.0,0.0,0.0,0.0,0.0,0.0,0.0,0.0,0.0,1.3367816003308968,0.4080529915539983,463.75956540019106,547.2531101413198,13297.89844447387,0.35670436852377598,0.054442058688000057,362.4287235971327,429.60336303709149,9512.042440104873,1.1592367157596402,0.21905455702185229,408.59714146149636,482.28617196024387,11849.812457717004,0.30767281749238936,0.058139232330383528,300.3398308657879,355.6298621435793,8108.355532695313,0.0,0.0,13.206038578696365,15.867592297182445,244.1880739419478,0.0,0.0,16.199524341081316,19.230738289553828,411.04742806922618,0.0,0.0,107.05856881546294,127.54863339415543,2484.622079651484,0.0,0.0,49.07963546125366,58.948542511804259,911.6491092584477,0.0,0.0,27.762621621555974,32.98128923566171,695.0942670075201,39.82666606193134,27.315957518471469,654.0199610923822,777.5777582525038,17057.72393551629,0.0,0.0,63.83446226863902,77.5525845889318,772.4696157699333,1845.7415959432624,21.48521479629784,34.15602363397667,22.00000000000002,30.000000000000033,0.0,20.25096306589152,36.836649354333108,16.000000000000019,30.000000000000033,2242.6910664279555,21.564508256446218,33.99812663185085,21.57142857142859,30.000000000000033,0.0,20.63011496326322,35.98589497021027,16.000000000000019,30.000000000000033,0.0,16.22210450343256,47.34201694209412,12.000000000000015,30.000000000000033,808.3974130114835,19.782199974195558,37.86305060451599,19.571428571428596,30.000000000000033,0.0,18.64555927044531,40.68104454383695,10.00000000000001,30.000000000000033,409.6855182410882,16.27461567289171,47.17789292127803,16.285714285714307,30.000000000000033,0.0,19.578269869823708,38.36456261405998,19.00000000000002,30.000000000000033,0.0,19.386695291366534,0.0,0.0,0.0,12.979682362717324,0.0,0.0,463.87015973069767,467.5400331700834,464.82573858565118,466.220462542013,519.4571869142212,717.0660537749266,492.8937071924621,589.6658789285191,667.3983694446785,10264.53849012113,81.21769077932241,85.31736778463584,60.000000000000067,0.0,60.000000000000067,60.000000000000067,16.0,16.0,19.0,19.0,16.0,12.0,21.0,10.0,1.0,0.0,1845.7415959432624,0.0,2242.6910664279555,0.0,808.3974130114835,0.0,409.6855182410882,0.0,6204.169691376334,3722501.8148257976,4859082.897476653,81.21769077932241,85.38699391017969,0.35251994209349715,0.7668889389913054,0.36028137401966,85.38699391017969,0.35426478194388796,4859082.897476653,0.2542823106687859 
 03/18  06:50:00,7.153333333333333,88.0,5.26,22.999999999999998,103.99999999999997,0.0,0.0,0.0,2.0,2.0,0.0,0.0,0.0,0.0,0.0,3618.0,0.0,41.17404058398392,52.84868099258913,135.4219979085811,1.2346149504145308,32.86090465920904,0.0,52.84868099258907,72.24815362661755,0.0,0.0,20.452595624415655,-1415.5957705255149,19.497278486044679,650.7793385326852,20.64435899609952,-1360.4384559762264,19.676042898703459,489.82050079680968,16.20372707885062,19.34585490193871,18.842058972399689,-27.668381602079778,18.048217111056279,345.6455460972639,16.43074806842161,-345.15416706529347,18.72216976283559,-62.56244077826202,1220.8171709765832,728.3451446268591,0.0,0.0,0.0,0.0,0.0,0.0,0.0,0.0,0.0,0.0,0.0,0.0,0.0,0.0,0.0,0.0,0.0,0.0,0.0,0.0,0.0,0.0,1.3600126691106674,0.4151442823903131,442.7302769625803,522.2884633664089,12665.609846688096,0.337486482972443,0.05150892597259503,323.60455660894896,383.2193637113943,8602.017850534648,1.2270274578125685,0.23186459898196658,357.3574508400985,421.7754172973117,10311.048221958297,0.30876815276400307,0.05834621178458098,280.11793774271998,331.58217301758875,7550.419405499,0.0,0.0,12.470269221366483,14.981696090320064,229.4599215186376,0.0,0.0,14.662975683973916,17.419732346665005,362.76642087194969,0.0,0.0,106.35945176115048,126.58902832332703,2512.7233342806127,0.0,0.0,44.12526001719411,52.89220904260754,866.3881068940806,0.0,0.0,17.539687804055857,20.86607935842634,423.3937218381525,40.170731221390628,27.55194185280562,595.7659289556607,707.9083719078859,15708.335695743406,0.0,0.0,60.2036926684579,73.13357022048622,724.5846939148235,1854.7642710752057,21.502368411437357,34.156073457303119,21.999999999999969,29.999999999999959,0.0,20.465874298649795,36.38402222269309,15.999999999999977,29.999999999999959,1958.4073447938363,21.54368867036321,34.07775380758555,21.499999999999969,29.999999999999959,0.0,20.646116993122275,35.98349642904545,15.999999999999977,29.999999999999959,0.0,16.224503170893799,47.36806918527438,11.999999999999983,29.999999999999959,0.0,19.490214781133504,38.577870324518297,18.99999999999997,29.999999999999959,0.0,18.913781440314698,40.04360905508141,9.999999999999986,29.999999999999959,463.5967844717911,16.86757249493773,45.478174436326629,16.49999999999998,29.999999999999959,509.7334086978424,19.180974606205465,39.34518872587376,19.16666666666664,29.999999999999959,0.0,19.485468519145578,0.0,0.0,0.0,12.99562792591268,0.0,0.0,467.5626739587091,471.83991195969147,468.34041286836466,472.20486651110027,515.2515761559826,729.7349607647243,487.93321911443567,554.9052882674946,687.7934725684079,9913.132204655718,81.45010777009904,83.86086109882626,59.999999999999918,0.0,59.999999999999918,59.999999999999918,16.0,16.0,19.0,19.0,16.0,12.0,21.0,10.0,1.0,0.0,1854.7642710752057,0.0,1958.4073447938363,0.0,0.0,0.0,463.5967844717911,509.7334086978424,3648.2364578635317,2188941.874718122,2852132.631117534,81.45010777009904,83.90180369349986,0.34827454859545078,0.7691748779098097,0.360281374019659,83.90180369349986,0.354264781943887,2852132.631117534,0.1499642301514451 
 03/18  07:00:00,7.2,88.0,5.35,30.0,156.0,0.0,0.0,0.0,2.0,2.0,0.0,0.0,0.0,0.0,0.0,6030.0,0.0,54.759696831441477,64.35933886472117,164.91752075561934,1.6419897312374635,43.703640777583419,0.0,64.3593388647211,87.98409561551688,0.0,0.0,20.534631171571286,-1363.8446609401054,19.576810428585977,583.1776426494602,20.732297779918829,-1410.7778016194298,19.7476571732863,511.82604840137949,16.19688926505582,23.8637536278032,18.642669770391774,-37.837573783309718,18.134701839363485,274.85965489717457,16.19811147975744,-336.50836056754289,19.273268520927908,-122.72878780252391,1216.5098856803286,857.0074621892159,0.0,0.0,0.0,0.0,0.0,0.0,0.0,0.0,0.0,0.0,0.0,0.0,0.0,0.0,0.0,0.0,0.0,0.0,0.0,0.0,0.0,0.0,1.35683339271359,0.41417380729963079,420.9715447372391,496.69892039984486,12035.619023635549,0.3306725366289791,0.05046894637194431,310.9305196496222,368.2084434928006,8270.562657375991,1.2327005016595072,0.23293660273233333,360.8142430467234,425.8054229201271,10397.277887370821,0.31158741058231878,0.05887895135720308,283.5417052284683,335.67672684696705,7616.978356329072,0.0,0.0,12.825146500526824,15.410917962472168,234.77384324671685,0.0,0.0,16.096553075972407,19.148060622900894,386.1005463735803,0.0,0.0,108.70138746313879,129.3776095431814,2574.86289616819,0.0,0.0,52.53353021023747,63.09014646105328,977.9780985337338,0.0,0.0,28.28783644026989,33.54567844081123,727.0623178494399,40.47549297066025,27.7609691156792,586.9065943006139,697.3981398750425,15487.947562759451,0.0,0.0,69.46996036832418,84.3455853242565,862.0820443533655,1838.734459004058,21.53735978190044,34.13842359009139,21.999999999999998,30.0,0.0,20.523557063792866,36.31129244539393,15.999999999999999,30.0,1843.3515633848843,21.541757576674699,34.13436721582967,21.5,30.0,0.0,20.65775923107198,36.011626820476468,15.999999999999999,30.0,0.0,16.22502221278239,47.40745582797769,12.0,30.0,0.0,19.15198529653316,39.4252749850829,19.0,30.0,0.0,18.996619783246584,39.89121811873262,10.0,30.0,642.1698123961214,16.400873879371937,46.90132648104033,16.499999999999998,30.0,576.3915305487883,20.03503765999879,37.32148520919182,19.2,30.0,0.0,19.53013901102761,0.0,0.0,0.0,13.22961294850324,0.0,0.0,471.8803422534212,476.77119929043865,472.3031551845205,474.9574382157743,507.71226982237587,735.6230814617175,485.86915290563408,527.9006664052081,684.7929167474645,10517.964622066182,81.05012240699816,84.64612231499646,60.0,0.0,60.0,60.0,16.0,16.0,19.0,19.0,16.0,12.0,21.0,10.0,1.0,0.0,1838.734459004058,0.0,1843.3515633848843,0.0,0.0,0.0,642.1698123961214,576.3915305487883,5441.927999641015,3265156.7997846088,4240901.495322969,81.05012240699816,84.7071943313347,0.3513975999880339,0.7683062794433802,0.3602813740196596,84.7071943313347,0.3542647819438876,4240901.495322969,0.22222354442346108 
 03/18  07:10:00,7.33,87.33333333333334,5.385,37.00000000000001,208.00000000000004,0.0,0.0,0.0,2.0,2.0,0.0,0.0,0.0,0.0,0.0,4221.0,0.0,68.90647422649904,71.18353346574034,182.40426420840039,2.0661922335235087,54.99423193997722,0.0,71.18353346574026,97.31328700974493,0.0,0.0,20.60325115332052,-1478.5391826878634,19.638978866672674,584.3490896797673,20.741592004034787,-1110.070429152253,19.8348680937157,445.69346958724636,16.192080573807809,23.82634998317406,18.98350218199925,-37.77500710546693,18.18419180276979,281.5017551964826,16.11115338342305,-324.91976054795216,18.811370751586688,-80.00665258036338,1189.1826435130975,813.123550331627,0.0,0.0,0.0,0.0,0.0,0.0,0.0,0.0,0.0,0.0,0.0,0.0,0.0,0.0,0.0,0.0,0.0,0.0,0.0,0.0,0.0,0.0,1.3617742641765228,0.4156820098218934,431.48789808302038,508.8855248873651,12239.801182222838,0.3270945143785416,0.049922850179875088,305.17507294642646,361.2531708846124,8061.836475567105,1.2362511278045219,0.23360754493660663,319.72247991088957,377.35222533521968,9104.678453163991,0.30706277995540878,0.058023956907673607,269.415708998403,318.8618012367581,7196.491049751767,0.0,0.0,12.66793185922649,15.217943978521287,228.58500406722076,0.0,0.0,14.775557088497556,17.541113303432366,365.08069988891256,0.0,0.0,109.5380795468593,130.3125543245411,2574.69448961153,0.0,0.0,51.66733958219166,62.03108880339339,945.9887611657654,0.0,0.0,22.70103014375186,26.96818749965843,553.8033891049464,40.51452929509105,27.78774300074833,567.0069253380024,673.5597456728693,14875.98314003379,0.0,0.0,67.59687828812281,82.03803866787249,824.4992697916442,1821.369593965658,21.558921577603124,34.146708666530418,21.999999999999998,29.999999999999994,0.0,20.564437895137269,36.28679915013379,16.0,29.999999999999994,1536.515334723633,21.516279917860858,34.23958311682715,21.428571428571428,29.999999999999994,0.0,20.70567231501328,35.97445340298685,16.0,29.999999999999994,0.0,16.226357258720705,47.45732608622386,12.0,29.999999999999994,778.9849031208914,19.68175966244763,39.42829916865764,19.42857142857143,29.999999999999994,0.0,19.03735068804675,39.84623095393848,10.0,29.999999999999994,3.30057422619199,16.370733172184197,47.060693106218028,16.0,29.999999999999994,0.0,19.487682698976565,39.85711191904828,19.0,29.999999999999994,0.0,19.555265691782876,0.0,0.0,0.0,13.260865635476275,0.0,0.0,474.3991128182474,479.41702195525388,475.2245709794082,478.7279493506724,503.787608906835,762.6091177185112,487.06861727273067,528.4716081569159,695.8591876942662,9799.749601756896,81.52513987526707,82.50322801432411,59.999999999999989,0.0,59.999999999999989,59.999999999999989,16.0,16.0,19.0,19.0,16.0,12.0,21.0,10.0,1.0,0.0,1821.369593965658,0.0,1536.515334723633,0.0,778.9849031208914,0.0,3.30057422619199,0.0,1480.2444184204642,888146.6510522785,1149275.873297907,81.52513987526707,82.51983919795508,0.340770052042587,0.7697594135374792,0.3602813740196596,82.51983919795508,0.35426478194388746,1149275.873297907,0.06150234541149118 
 03/18  07:20:00,7.460000000000001,86.66666666666667,5.42,44.0,260.0,0.0,0.0,0.0,2.0,2.0,0.0,0.0,0.0,0.0,0.0,4221.0,0.0,83.59585206230118,74.9562262533238,192.071724681756,2.5066670718083978,66.7178964114298,0.0,74.9562262533237,102.47084407614709,0.0,0.0,20.658574196646954,-1449.6256808305867,19.71562519377283,585.1367311264349,20.786727988656226,-1037.4428347833389,19.899571040090256,455.3973516494583,16.185871738937544,23.264371218833067,18.952690257354324,-23.916268274952125,18.258307700701395,315.9420480084498,16.36290580539168,-317.43286704167596,18.58161973376511,-51.756745104676657,1187.1707357943199,733.3488591350015,0.0,0.0,0.0,0.0,0.0,0.0,0.0,0.0,0.0,0.0,0.0,0.0,0.0,0.0,0.0,0.0,0.0,0.0,0.0,0.0,0.0,0.0,1.3568062246802604,0.41416551424916367,434.8278793021899,512.8093954995222,12213.651653379158,0.32571344866641108,0.04971206481477579,303.46176331179279,359.1269382563283,7981.648264585305,1.222875761965388,0.2310800759571784,320.6683357597262,378.45504503503556,9049.401558611826,0.30469009960875056,0.057575604612386688,270.53906301603947,320.1421983930547,7174.2740394832239,0.0,0.0,12.438327759434408,14.941316220662312,221.08666305791116,0.0,0.0,14.469448165586288,17.174863976434894,352.1844474248438,0.0,0.0,106.95749324672976,127.18657434709414,2505.9944292831685,0.0,0.0,45.09529681176607,54.058135887511827,847.6391155971254,0.0,0.0,15.777124957787168,18.760640898997875,368.6307980723384,40.591638362405308,27.84062987819294,566.4005600960966,672.6801213554663,14778.029289295602,0.0,0.0,61.33038025931842,74.41719616921844,731.9924896388748,1846.406895410547,21.560673341328024,34.279585671992467,21.99999999999999,29.99999999999999,0.0,20.6393213745147,36.286514495556229,15.999999999999993,29.99999999999999,1509.1604713382895,21.518360492754768,34.372154922620108,21.42857142857142,29.99999999999999,0.0,20.742422734794098,36.07147851109909,15.999999999999993,29.99999999999999,0.0,16.223649829446573,47.564526293161218,11.999999999999993,29.99999999999999,0.0,19.60391536103674,41.50918372162993,18.999999999999994,29.99999999999999,0.0,19.134827258220125,39.74914530025253,9.999999999999997,29.99999999999999,639.7238352527718,16.732117262341956,46.17234178467734,16.571428571428567,29.99999999999999,27.372991260985687,19.096973255687109,42.44018978515501,18.999999999999994,29.99999999999999,0.0,19.61406755352452,0.0,0.0,0.0,13.258800713887162,0.0,0.0,479.85314169716949,485.4997161125653,480.371782397641,485.8989705267928,501.27123432202469,811.5469974239694,488.32831923117706,519.3698283225306,744.6029500209354,9917.379925047127,81.44733926773215,84.39929894713538,59.99999999999998,0.0,59.99999999999998,59.99999999999998,16.0,16.0,19.0,19.0,16.0,12.0,21.0,10.0,1.0,0.0,1846.406895410547,0.0,1509.1604713382895,0.0,0.0,0.0,639.7238352527718,27.372991260985687,4467.486077882081,2680491.6467292506,3490952.901033194,81.44733926773215,84.44943302232524,0.34320191688178366,0.7687145568949667,0.3602813740196595,84.44943302232524,0.35426478194388746,3490952.901033194,0.18328955085372607 
 03/18  07:30:00,7.59,86.0,5.455,51.0,312.0,0.0,0.0,0.0,2.0,2.0,0.0,0.0,0.0,0.0,0.0,6030.0,0.0,98.80861653039909,75.8081928801868,194.255007003345,2.962838067763767,78.85929918511131,0.0,75.80819288018668,103.635547046709,0.0,0.0,20.689165951063214,-1421.712173811178,19.744903633194548,504.05589022771746,20.80841535242083,-1090.0056308867139,19.914585218754256,417.84967248891027,16.180951234568377,26.46821877805585,18.769829305238475,-26.913218706327365,18.276273242627533,242.02306699012085,16.25398205445873,-312.6344035042303,19.011159796416587,-103.93355600582589,1156.2261334238336,829.5519428941429,0.0,0.0,0.0,0.0,0.0,0.0,0.0,0.0,0.0,0.0,0.0,0.0,0.0,0.0,0.0,0.0,0.0,0.0,0.0,0.0,0.0,0.0,1.3215314462573627,0.4033978773679374,415.9016742861664,490.53230196986535,11583.024035586901,0.3131471707557335,0.04779413473072856,290.06392795146038,343.28385774430395,7543.267234217596,1.2247240568925722,0.23142933803714525,319.0414581550068,376.475288808684,8900.59439881697,0.30218996939349998,0.0571031688196334,265.4426205358807,314.11529813197446,6940.385611814441,0.0,0.0,12.706544884537874,15.264221223306358,222.46431866448655,0.0,0.0,14.806205727045267,17.59107008433542,347.30590970024528,0.0,0.0,109.43206195658216,130.1610252543725,2529.9471021819606,0.0,0.0,54.09454367040882,64.95571346915452,958.7456672001802,0.0,0.0,26.1944495793636,31.062307448287308,640.2622146479537,40.558257077609,27.817734621131014,548.38093637002,651.296381060192,14142.956687100046,0.0,0.0,70.27895383814109,85.22303530932743,852.4030286633542,1822.3838650796425,21.562561585741116,34.39604435786075,21.999999999999998,30.0,0.0,20.622198986658348,36.473243756773339,15.999999999999999,30.0,1468.7745989886667,21.472557614812474,34.58794789290033,21.4,30.0,0.0,20.6903585962515,36.29720484979138,15.999999999999999,30.0,0.0,16.22265114055233,47.70102464370086,12.0,30.0,0.0,19.285131947931509,43.592757440176217,19.0,30.0,0.0,19.10973496339387,39.9577095363125,10.0,30.0,539.4223578715254,16.345678067225085,47.59172680233623,16.4,30.0,817.5531038141376,19.774063221716568,41.363651032405417,19.4,30.0,0.0,19.588056712987667,0.0,0.0,0.0,13.490624184515472,0.0,0.0,483.3531908825661,489.7866793553064,483.91043905158906,488.2238227457409,499.3772900591562,840.7312050134043,490.62493867555249,515.9799382350295,756.7885632523278,10226.085704383657,81.24314020729811,83.4842815412677,60.0,0.0,60.0,60.0,16.0,16.0,19.0,19.0,16.0,12.0,21.0,10.0,1.0,0.0,1822.3838650796425,0.0,1468.7745989886667,0.0,0.0,0.0,539.4223578715254,817.5531038141376,3391.445858340472,2034867.515004283,2633855.6219043817,81.24314020729811,83.52234356119713,0.3510481952780158,0.7700420874328439,0.3602813740196596,83.52234356119713,0.3542647819438876,2633855.6219043817,0.1387404923390278 
 03/18  07:40:00,7.720000000000001,85.33333333333334,5.489999999999999,60.5,300.5,0.0,0.0,0.0,2.0,2.0,0.0,0.0,0.0,0.0,0.0,4824.0,0.0,114.55225563910881,68.38582494364582,175.23571380993986,3.4349184792418114,91.42429368669338,0.0,68.3858249436457,93.48860735245833,0.0,0.0,20.754812794377913,-1511.0972975104388,19.783319414329278,536.390851593422,20.81409455903764,-954.4590106650023,19.955204825627268,395.4933477478621,16.178075296543786,25.777195388324086,18.814312491981636,-22.54754284135054,18.304927853552834,288.54301359289016,16.44783546957553,-315.8767596456853,18.792561626730028,-62.188363380953997,1138.4047954000294,758.431254237751,0.0,0.0,0.0,0.0,0.0,0.0,0.0,0.0,0.0,0.0,0.0,0.0,0.0,0.0,0.0,0.0,0.0,0.0,0.0,0.0,0.0,0.0,1.305793758708342,0.39859394343966489,430.16412870057357,507.1322098051037,11900.462013914941,0.3121874570642175,0.047647658282084507,295.85279822849898,350.0574596769835,7624.98936053499,1.217613373268852,0.23008567144158219,304.0679689365304,358.8506381810914,8398.82690099184,0.29965485703941038,0.056624122645391228,261.5695586573476,309.48366318110257,6788.447559080231,0.0,0.0,12.47589530625676,14.984693754397107,215.1555367236564,0.0,0.0,14.224848819659512,16.907836821982909,324.9358340206547,0.0,0.0,108.21138919857978,128.6627814430216,2478.7099142870386,0.0,0.0,49.22631842906849,59.01822584094599,894.3793450603378,0.0,0.0,20.968462892167,24.906392678775636,490.6579849904081,40.60476900889857,27.849635808572424,550.2366645283383,653.3492192767154,14075.695265110118,0.0,0.0,65.67660035681918,79.60998932118427,783.704681724006,1820.5994043540923,21.606027564854608,34.4223139460623,22.000000000000008,30.00000000000001,0.0,20.638120260429227,36.577431103247338,16.000000000000008,30.00000000000001,1269.566191441142,21.475166375510175,34.70501822539764,21.375000000000008,30.00000000000001,0.0,20.72176524561781,36.36829782300919,16.000000000000008,30.00000000000001,0.0,16.223664394968354,47.92431323680178,12.000000000000004,30.00000000000001,0.0,19.100750854478276,44.840476421994029,19.000000000000008,30.00000000000001,0.0,19.13517992849906,40.09050869783536,10.000000000000004,30.00000000000001,170.64946449815364,16.70213154903409,47.00668455262589,16.250000000000008,30.00000000000001,0.0,19.381111883780883,42.803322849484057,19.000000000000008,30.00000000000001,0.0,19.621160155323506,0.0,0.0,0.0,13.527285675391609,0.0,0.0,486.4233262893511,493.4928769261168,487.21331186133406,491.9427310638162,502.68284774241,854.3106653678475,495.87356925768236,533.429270116681,752.2129511814269,9582.073845224666,81.66909479635608,82.52268559052263,60.00000000000002,0.0,60.00000000000002,60.00000000000002,16.0,16.0,19.0,19.0,16.0,12.0,21.0,10.0,1.0,0.0,1820.5994043540923,0.0,1269.566191441142,0.0,0.0,0.0,170.64946449815364,0.0,1291.8327598051924,775099.6558831155,1011257.0182590834,81.66909479635608,82.53718239593452,0.34056109199350656,0.7698450783939929,0.36028137401965967,82.53718239593452,0.35426478194388769,1011257.0182590834,0.05438536494947237 
 03/18  07:50:00,7.85,84.66666666666666,5.5249999999999999,70.0,289.0,0.0,0.0,0.0,2.0,2.0,0.0,0.0,0.0,0.0,0.0,4824.0,0.0,129.82447255261963,61.82149443371807,158.4150882672565,3.8928628139442065,103.61304340956886,0.0,61.82149443371797,84.51466987228439,0.0,0.0,20.77979904811187,-1462.5778137697158,19.843941156106035,534.7651502545971,20.558870928811684,-902.4290299745354,19.992892084691229,418.02635463468166,16.174300037717758,26.39972060346262,18.620811168231069,-16.950449098825275,18.34780259288812,273.1509413180207,16.27250766132834,-275.4184896705625,18.93226340020184,-65.4994603627867,1139.758283437909,753.3938850644413,0.0,0.0,0.0,0.0,0.0,0.0,0.0,0.0,0.0,0.0,0.0,0.0,0.0,0.0,0.0,0.0,0.0,0.0,0.0,0.0,0.0,0.0,1.3165611854408995,0.4018807037365383,431.19654940251908,508.345905032949,11801.388122948343,0.31348620182391787,0.047845879399254869,294.19376731070948,348.0143392043899,7537.915533942361,1.1996079744038189,0.2266832907036696,306.97762679345217,362.31733518265886,8378.993565989327,0.2979176165383751,0.05629584590672241,264.32597367084557,312.698247886406,6813.229787516714,0.0,0.0,12.284876790645902,14.753631375699066,208.58515395800036,0.0,0.0,14.444971520633676,17.17195842017385,323.9263764243312,0.0,0.0,110.29550920340891,131.10661808957966,2506.352427825312,0.0,0.0,49.92862889638796,59.91024333720832,864.9155284945141,0.0,0.0,17.359623295713097,20.619847833355388,397.0080316864187,40.69109220873941,27.908842392825397,551.218412676932,654.385936212973,14006.384159815736,0.0,0.0,66.9539145014136,81.10715638217212,800.635630455332,1811.664954099387,21.592328125157328,34.668397804209487,22.0,30.0,0.0,20.694589853039994,36.68092111177481,16.0,30.0,835.4899931946601,21.392666745657104,35.09822406732179,21.25,30.0,0.0,20.766216094259926,36.518811697376118,16.0,30.0,0.0,16.222424455799638,48.166311521096577,12.0,30.0,5.2959606800626199,19.01995367759393,45.725767103942938,19.0,30.0,0.0,19.17753592509372,40.22408892755344,10.0,30.0,604.0779743539779,16.404122022334318,48.077829961160748,16.5,30.0,717.3869473709713,19.23495721083588,43.91174088807131,19.25,30.0,0.0,19.6689824499693,0.0,0.0,0.0,13.666457104512345,0.0,0.0,492.985254036444,500.0388388840588,493.47350112220229,499.62613210720687,505.8438148483992,875.5387629638184,500.96722061399017,528.4382842998651,780.6176796086173,9793.35089181401,81.5293486093965,83.31129221907632,60.0,0.0,60.0,60.0,16.0,16.0,19.0,19.0,16.0,12.0,21.0,10.0,1.0,0.0,1811.664954099387,0.0,835.4899931946601,0.0,5.2959606800626199,0.0,604.0779743539779,717.3869473709713,2696.693854500346,1618016.3127002074,2101038.7568646317,81.5293486093965,83.34155553721549,0.3448897951500115,0.7701295771388236,0.36028137401965956,83.34155553721549,0.3542647819438875,2101038.7568646317,0.11107734869029419 
 03/18  08:00:00,7.98,84.0,5.56,79.5,277.5,0.0,0.0,0.0,2.0,2.0,0.0,0.0,0.0,0.0,0.0,2412.0,0.0,144.63457041329699,56.32498761030459,144.33069587904277,4.336950023630298,115.4329731095272,0.0,56.32498761030452,77.00052832836556,0.0,0.0,20.695293077263483,-1224.610395441794,19.88707471458769,578.5991983922986,20.87383126776706,-1320.7833139317434,20.053062252761288,533.0649276344941,16.17351665438563,31.270502737375467,19.289192950109887,-40.92969875823803,18.362528858376657,265.16349404679229,16.27467518984917,-278.85630558250048,19.156460344952956,-101.7420124182872,1152.9720924597405,774.5640267645185,0.0,0.0,0.0,0.0,0.0,0.0,0.0,0.0,0.0,0.0,0.0,0.0,0.0,0.0,0.0,0.0,0.0,0.0,0.0,0.0,0.0,0.0,1.2991715570698133,0.39657251436807486,416.7136878293849,490.95773311701069,11267.083701263637,0.3188705108135662,0.04866766038058093,307.9265952104936,363.85452694543349,7824.020265050361,1.13616235026029,0.21469432166672154,349.22220669386379,411.39210202237816,9584.431462097506,0.30020904249214006,0.05672884400834088,290.15392572707727,342.78472698931048,7454.8953436642609,0.0,0.0,13.06567005081557,15.678594507825045,218.5158917607597,0.0,0.0,15.146412330174713,17.928724473487465,363.5530202649166,0.0,0.0,108.71834299119606,129.15237165060644,2440.8277478409925,0.0,0.0,53.21108746271621,63.81718538476993,905.4913863593733,0.0,0.0,26.485688695253967,31.359707799372708,631.2583104666986,40.78219521484925,27.97132730785272,590.5431324360604,700.1774030012365,14862.017354016425,0.0,0.0,68.93201693245725,83.40243012504272,828.3594615813549,1448.759780272956,21.573864550146078,34.779485463629978,21.75,30.0,0.0,20.717259691751744,36.705408370691959,16.0,30.0,1831.9060208706792,21.667809395489586,34.59483333305461,21.5,30.0,0.0,20.854723523038844,36.3802955400246,16.0,30.0,0.0,16.226322766349875,48.3673716241892,12.0,30.0,882.107125098185,19.96832790556206,43.46630457096949,19.75,30.0,0.0,19.16992925877971,40.33765605983688,10.0,30.0,0.0,16.381854936811096,48.3589377291719,16.0,30.0,261.81419386557107,19.89549483990517,42.36048834252607,19.5,30.0,0.0,19.752950954814378,0.0,0.0,0.0,13.83622807147269,0.0,0.0,494.9301274883981,501.4661211964543,495.84555203977797,499.6500776070396,508.02213402751718,883.6341060118823,502.454149735542,530.4841342736872,775.0131753301217,9501.49898724089,81.72229417199891,83.43437156723182,60.0,0.0,60.0,60.0,16.0,16.0,19.0,19.0,16.0,12.0,21.0,10.0,1.0,0.0,1448.759780272956,0.0,1831.9060208706792,0.0,882.107125098185,0.0,0.0,261.81419386557107,2591.0674977685669,1554640.49866114,2012765.3887794924,81.72229417199891,83.46344832510977,0.3413689165922856,0.7687013771065602,0.36028137401965956,83.46344832510977,0.3542647819438875,2012765.3887794924,0.10651046688320026 
 03/18  08:10:00,8.148333333333334,82.83333333333333,6.014999999999999,89.00000000000002,266.0,0.0,0.0,0.0,2.0,2.0,0.0,0.0,0.0,0.0,0.0,2412.0,0.0,153.37613523853023,49.05315999527295,125.69713887698,4.599074741070084,122.40966601744397,0.0,49.053159995272888,67.05938866679561,0.0,0.0,20.70461175096278,-1314.5150364558004,19.920118852079257,357.08099579604916,20.85090328656472,-972.3601235230308,20.010183585907926,314.24008467298088,16.17427826115933,28.77263255772212,19.0944279237514,-27.142803400768999,18.358910714559863,230.18948581583619,16.596288449292609,-294.8345641553774,18.881349840184777,-75.12850481115004,1089.235147469396,705.5271232387245,0.0,0.0,0.0,0.0,0.0,0.0,0.0,0.0,0.0,0.0,0.0,0.0,0.0,0.0,0.0,0.0,0.0,0.0,0.0,0.0,0.0,0.0,1.2505647486524399,0.3817352712614286,461.33061037617048,544.3645735213196,12056.415134051025,0.28745588533708008,0.04387299837257022,262.2541217546965,309.91555798284159,6582.512321895498,1.1777473452311345,0.22255240839590607,337.88391776052336,397.714654223491,9069.357679345361,0.2849660752746861,0.05384846471554913,241.52800861226224,285.2410117254982,6059.167402096609,0.0,0.0,12.51572054962321,15.01868853451608,205.16943984644039,0.0,0.0,13.908170408234226,16.47985183253068,322.110361179347,0.0,0.0,104.9553852960824,124.70026131795831,2314.9473089076734,0.0,0.0,50.93720777052608,61.00148896386368,896.6073977072933,0.0,0.0,22.755592442871348,26.99694480648737,515.4578400652906,42.08971787057314,28.868119252793659,527.2149035292412,625.3905999240907,12972.928723085679,0.0,0.0,66.44883191628229,80.3808744368641,787.9247938516561,1967.6696631595062,21.425043006294808,35.21712725197322,22.0,30.0,0.0,20.706630730223027,36.832403143813468,16.0,30.0,1850.5510501531126,21.53632874871315,34.96035993743281,21.5,30.0,0.0,20.702058414963838,36.83716123350136,16.0,30.0,0.0,16.231642201519884,48.66163442136454,12.0,30.0,0.0,19.709069490742963,44.55867087456225,19.0,30.0,0.0,19.134417639905246,40.69811715779378,10.0,30.0,1045.7680523169698,16.91635475968081,47.51660255001994,16.75,30.0,0.0,19.44073744629332,43.68309928971157,19.0,30.0,0.0,19.533946770986959,0.0,0.0,0.0,13.9233940006849,0.0,0.0,495.7680557717626,501.92884599729498,497.2917988243665,502.57193651232498,516.6416229547422,885.9534268521422,511.9243460539358,562.9697797420151,765.3997758523198,9205.62785356454,81.91796096175904,83.66737646298947,60.0,0.0,60.0,60.0,16.0,16.0,19.0,19.0,16.0,12.0,21.0,10.0,1.0,0.0,1967.6696631595062,0.0,1850.5510501531126,0.0,0.0,0.0,1045.7680523169698,0.0,2647.517771597142,1588510.6629582854,2063364.6586470633,81.91796096175904,83.69708734586127,0.34325059238657149,0.7671389407337056,0.36028137401965956,83.69708734586127,0.3542647819438875,2063364.6586470633,0.10916496224964728 
 03/18  08:20:00,8.316666666666669,81.66666666666667,6.47,98.5,254.5,0.0,0.0,0.0,2.0,2.0,0.0,0.0,0.0,0.0,0.0,2412.0,0.0,167.05705903814326,46.72179582214727,119.72323664439267,5.009302819760671,133.32839873024094,0.0,46.72179582214723,63.87223709033158,0.0,0.0,20.715356259050397,-698.1527787671453,19.840084823647,315.9174503676902,20.983115697090456,-1444.1268670493999,20.018066460808464,349.5145697285668,16.171231180613469,27.652160042428777,18.925290709330115,-15.994174449439342,18.356939513642616,233.0915472373506,16.606538340754655,-278.0004121110239,18.681377898715796,-54.15793319133506,1099.1190276987459,673.1297231438496,0.0,0.0,0.0,0.0,0.0,0.0,0.0,0.0,0.0,0.0,0.0,0.0,0.0,0.0,0.0,0.0,0.0,0.0,0.0,0.0,0.0,0.0,1.2813554349767323,0.3911341376607852,336.86672759114915,397.1756500327543,8755.936286048536,0.2872233597403204,0.043837509117875528,232.81194151002428,275.1240684740003,5668.401543250048,1.0862748595475734,0.20526735819115153,379.9625188265634,447.3729436323805,10053.02581489702,0.2670749121387187,0.05046767047216905,232.71475845747788,274.7010387499922,5766.089880419802,0.0,0.0,12.054499562588518,14.462445597946026,193.4442982345905,0.0,0.0,13.084935049067898,15.513866552309012,290.9274609755336,0.0,0.0,101.53491613693731,120.62859149337864,2196.993363654035,0.0,0.0,45.311648561555177,54.22748747400983,793.1541651015386,0.0,0.0,16.405282266574959,19.475069458644734,355.4448475970971,43.69100756172002,29.96639750460908,494.9735226989039,586.923127138541,12095.928161470503,0.0,0.0,62.90910549631706,76.07789994357961,730.4525364755173,972.2781280058737,21.324341745337465,35.53266718277945,21.5,30.0,0.0,20.515893469938264,37.40939384640468,16.0,30.0,1908.9877328590833,21.68369611371729,34.75715902255521,21.5,30.0,0.0,20.69712651194029,36.98675350447342,16.0,30.0,0.0,16.229688572802379,48.8830793091131,12.0,30.0,0.0,19.41036212642118,46.0725937380665,19.0,30.0,0.0,19.098692964965737,40.88807986791898,10.0,30.0,0.0,16.96193824905272,47.25063884737289,16.0,30.0,0.0,19.116175843837298,45.2145017988753,19.0,30.0,0.0,19.51981104585684,0.0,0.0,0.0,13.968418479704618,0.0,0.0,500.0975165901542,506.8604273763153,498.6337961905112,506.58041938587936,520.9805655202499,912.5333233883566,512.9212595845642,549.1310536071587,799.6744131028304,8887.136775990173,82.12863961964412,82.12863961964412,60.0,0.0,60.0,60.0,16.0,16.0,19.0,19.0,16.0,12.0,21.0,10.0,1.0,0.0,972.2781280058737,0.0,1908.9877328590833,0.0,0.0,0.0,0.0,0.0,0.0,0.0,0.0,82.12863961964412,82.12863961964412,0.34,0.7713790435659993,0.36028137401965956,82.12863961964412,0.3542647819438875,0.0,0.00188 
 03/18  08:30:00,8.485,80.5,6.924999999999999,108.0,243.0,0.0,0.0,0.0,2.0,2.0,0.0,0.0,0.0,0.0,0.0,2412.0,0.0,180.35622718240939,45.73533130572358,117.19555929557417,5.40808344826548,143.94244878134254,0.0,45.73533130572352,62.52366530781577,0.0,0.0,20.821117818251808,-1625.6576699261455,19.91739470782384,534.016528584018,20.551853022664674,-329.28493993213626,20.022840452754794,194.127210600716,16.173554159537028,35.223638065300807,18.806279673978297,-20.02138859112469,18.40032018517301,259.3714526414385,16.10741718979013,-224.70394717903924,19.06935544512139,-106.60373995445704,1148.7529187957753,771.5305276588357,0.0,0.0,0.0,0.0,0.0,0.0,0.0,0.0,0.0,0.0,0.0,0.0,0.0,0.0,0.0,0.0,0.0,0.0,0.0,0.0,0.0,0.0,1.2607406031429758,0.3848414539508473,477.44791079702318,562.594091748756,12407.151124715947,0.29216772819003197,0.044592144107147738,278.59963137014798,329.260844714507,6757.619650133793,1.2528130291660878,0.23673715592707635,282.8113429643968,333.7222179064971,7188.608809454252,0.2830560141096745,0.05348753101089842,191.4440322510152,226.1101285407887,4662.245433868522,0.0,0.0,13.010054235955728,15.607327781751908,204.55721596366838,0.0,0.0,15.23005480531529,18.06911559643478,327.3244905597688,0.0,0.0,116.13578384048773,137.9406775575945,2488.4191999646366,0.0,0.0,56.78207909207671,68.13271367975458,884.6229634494292,0.0,0.0,23.607401352884126,27.935763188864159,535.4344100880589,45.44411383130027,31.168802353429546,522.1644028567569,619.3175338945886,12649.525774080756,0.0,0.0,74.72882689292945,90.26159590564471,884.1074175704043,1816.6206566453766,21.55224822667023,35.14530242766835,22.0,30.0,0.0,20.644903055787297,37.24363953374738,16.0,30.0,102.08127168947115,21.208471247344229,35.868572547305017,21.0,30.0,0.0,20.670553092706827,37.16960072567784,16.0,30.0,0.0,16.23831873997639,48.97499929612674,12.0,30.0,0.0,19.19952042098852,46.8815942061779,19.0,30.0,0.0,19.165930160926409,40.772814645213617,10.0,30.0,18.970313864567176,16.166567554512374,49.570155095741,16.0,30.0,996.1186613103172,19.73607153400367,43.66673993538106,19.75,30.0,0.0,19.624443439801767,0.0,0.0,0.0,14.258468095980705,0.0,0.0,503.37331191587927,511.1156036271414,501.4849469887298,510.12274044762958,520.1188999980548,916.8594074343025,511.0586481653088,535.0601320416515,807.1259526152322,8758.128053193504,82.21387939398022,82.21387939398022,60.0,0.0,60.0,60.0,16.0,16.0,19.0,19.0,16.0,12.0,21.0,10.0,1.0,0.0,1816.6206566453766,0.0,102.08127168947115,0.0,0.0,0.0,18.970313864567176,996.1186613103172,0.0,0.0,0.0,82.21387939398022,82.21387939398022,0.34,0.7710845061354276,0.36028137401965956,82.21387939398022,0.3542647819438875,0.0,0.0018899999999999998 
 03/18  08:40:00,8.653333333333335,79.33333333333333,7.379999999999999,112.66666666666666,246.33333333333332,0.0,0.0,0.0,2.0,2.0,0.0,0.0,0.0,0.0,0.0,4824.0,0.0,188.43849366975273,46.1151556789208,118.16891755737491,5.650437615040501,150.39294299502596,0.0,46.11515567892078,63.04291402226786,0.0,0.0,20.910989880286743,-1490.6614541117354,19.983673593882629,504.0882568416705,20.825888996314935,-1048.042789349979,20.056271350901758,428.001144728333,16.179871140023047,37.5375333700433,18.713637269632679,-23.00339856987506,18.443992816362223,314.6619418956256,16.88967108303641,-274.54495563067447,19.113209409166957,-71.18792332634533,1175.3512091855733,659.8867984021766,0.0,0.0,0.0,0.0,0.0,0.0,0.0,0.0,0.0,0.0,0.0,0.0,0.0,0.0,0.0,0.0,0.0,0.0,0.0,0.0,0.0,0.0,1.2449323184183783,0.3800159702131802,427.15935247527178,503.22073094060309,11058.860941287076,0.29993356396418549,0.04577740597743979,291.3480669660542,344.3975824121834,7005.367615698759,1.1553102536783522,0.2183125951773153,323.0037716015281,380.8512655879344,8335.942564483268,0.29242579100546087,0.055258085979867869,270.51886016082269,319.8125824627755,6526.784507075359,0.0,0.0,13.329017598181789,15.997915320211959,205.3657684051619,0.0,0.0,15.489936542766574,18.400550280806479,323.25921562707296,0.0,0.0,108.1437014087394,128.48673290632503,2292.9761221276814,0.0,0.0,46.58697464418189,55.73503127454477,811.4298088217416,0.0,0.0,23.91525896347972,28.35995504282827,530.8819484017108,47.177437294311548,32.357638747813137,554.0909221139276,657.4390675682747,13209.30823868847,0.0,0.0,65.31567073944942,78.92348673372885,762.2265793545566,1823.9338799736002,21.657340695766299,34.959334898790569,22.0,30.0,0.0,20.713716572460294,37.14606401753196,16.0,30.0,1425.9010916022763,21.491505938596548,35.331018427782868,21.375,30.0,0.0,20.752815350759954,37.00678712246534,16.0,30.0,0.0,16.252335286506896,49.0838221752468,12.0,30.0,2.7410222304021625,19.051340800873189,47.11134177063604,19.0,30.0,0.0,19.22983901380104,40.70637714610866,10.0,30.0,1344.2988803373842,17.372058975353906,46.38063725439881,20.7,30.0,0.0,19.723599740550946,43.4167552876118,19.0,30.0,0.0,19.63722039420895,0.0,0.0,0.0,14.346010898979803,0.0,0.0,503.25313410500436,512.0519075911037,504.1869962776451,508.40802116686168,522.6155692391053,900.195697755531,513.3318476992469,556.1386025580165,777.8397028473985,10528.940791416622,81.04287563902328,85.42276644268189,60.0,0.0,60.0,60.0,16.0,16.0,19.0,19.0,19.7,12.0,21.0,10.0,1.0,0.0,1823.9338799736002,0.0,1425.9010916022763,0.0,2.7410222304021625,0.0,1344.2988803373842,0.0,6628.387049338505,3977032.229603103,5164524.491679642,81.04287563902328,85.49715152876762,0.3484462349779502,0.7671512842569611,0.36028137401965956,85.49715152876762,0.3542647819438875,5164524.491679642,0.27045527356734147 
 03/18  08:50:00,8.821666666666668,78.16666666666667,7.835,117.33333333333334,249.66666666666669,0.0,0.0,0.0,2.0,2.0,0.0,0.0,0.0,0.0,0.0,3015.0,0.0,212.83786373672178,48.0641077241227,123.16307701108112,6.3820515122868939,169.86593627292974,0.0,48.06410772412267,65.7072792273787,0.0,0.0,20.988395111967877,-1494.1677885301288,20.050523507045484,517.2249422488123,20.873450427055734,-1036.897761292004,20.10871629528958,429.649588098729,16.18685363067967,38.31029997157315,19.481158695169925,-37.22294796999681,18.59018907281383,356.2283140385456,17.984723202118859,-220.93138799552109,18.863971192555757,-61.12508623124341,1205.4079416592309,492.27622327492505,0.0,0.0,0.0,0.0,0.0,0.0,0.0,0.0,0.0,0.0,0.0,0.0,0.0,0.0,0.0,0.0,0.0,0.0,0.0,0.0,0.0,0.0,1.2422265409241356,0.37919003080712318,433.174849837769,509.9710681988154,11114.505557511517,0.3003241447525869,0.045837018429882008,291.5360872494139,344.303534025634,6949.810525708818,1.1609260336610539,0.219373778091658,331.31680978153778,390.2901495575768,8406.896074063488,0.29354585498879817,0.055469738282085807,267.58433040061029,315.9868777856096,6402.876411090436,0.0,0.0,13.34163890953153,16.004500760120153,201.3552230020566,0.0,0.0,15.232599745939368,18.016859783488355,344.3114943088586,0.0,0.0,92.87297615466723,110.21736394818736,1980.3159903831686,0.0,0.0,24.406895378713654,29.037323189574857,498.90276352072388,0.0,0.0,16.91488887288149,20.068245387512805,357.4696211420432,48.92326141578267,33.555048982018309,556.5890099621404,659.8473250142749,13125.004887895466,0.0,0.0,46.53198798008496,56.23837468375687,515.3901896509884,1861.8741669979689,21.723677751267254,34.84495351152429,22.0,30.0,0.0,20.77652253833394,37.01442468391997,16.0,30.0,1540.1312891536416,21.51507089692752,35.31468173108922,21.400000000000003,30.0,0.0,20.80729809302916,36.94912861989911,16.0,30.0,0.0,16.265114296972713,49.19710014998792,12.000000000000002,30.0,1060.8127491895182,20.12615574524652,44.10013332512882,19.6,30.0,0.0,19.469278604798963,40.100200807132278,10.0,30.0,1307.3894432325083,19.232153474898053,41.38890851495221,20.7,30.0,0.0,19.359471881959509,44.93121559085144,19.0,30.0,0.0,19.650374865051306,0.0,0.0,0.0,14.209415329881601,0.0,0.0,503.76431413541527,510.7777315397036,504.3192933879617,510.63910120247319,525.6645823224625,899.9357957088837,509.5716701114399,561.0467685599103,801.9410742051475,10339.113042829606,81.16832479939098,85.6115592193613,60.0,0.0,60.0,60.0,16.0,16.0,19.0,19.0,19.7,12.0,21.0,10.0,1.0,0.0,1861.8741669979689,0.0,1540.1312891536416,0.0,1060.8127491895182,0.0,1307.3894432325083,0.0,6723.870958768795,4034322.575261277,5278805.864105999,81.16832479939098,85.68702009033837,0.36012903195895987,0.7656507448299306,0.36028137401965956,85.68702009033837,0.35426478194388757,5278805.864105999,0.27637790493351196 
 03/18  09:00:00,8.99,77.0,8.29,122.0,253.0,0.0,0.0,0.0,2.0,2.0,0.0,0.0,0.0,0.0,0.0,1809.0,0.0,238.20641764146945,49.98697648383747,128.09039918664127,7.142725828907782,190.11242390232688,0.0,49.98697648383745,68.33598660373078,0.0,0.0,20.90715700396872,-1659.1098043531038,20.111902316600586,346.00899633974316,20.6867980643733,-210.4280040757053,20.081422743732447,140.8301991798195,16.194238772709949,37.14390884477146,19.361161590940676,-22.74418871201182,18.717064111290239,311.6572108140353,18.774844511404184,-100.68375775066323,19.05027643225241,-226.32814530851847,1160.3238029202685,507.159257169028,0.0,0.0,0.0,0.0,0.0,0.0,0.0,0.0,0.0,0.0,0.0,0.0,0.0,0.0,0.0,0.0,0.0,0.0,0.0,0.0,0.0,0.0,1.2473308189080537,0.3807481132197969,436.2275188403121,513.6357951045384,10891.347788442949,0.271779597860318,0.04148040260383368,236.18164456220706,278.8557103637641,5569.219481157778,1.2618631517356214,0.23844730758420688,233.99118995738739,275.9489751006269,5703.574330482398,0.2785807139455945,0.05264185826636332,162.0510868425389,191.4141644436038,3794.956316775517,0.0,0.0,12.929049246593177,15.49989721696072,191.03715128545046,0.0,0.0,14.534599267610226,17.18857774155133,319.93482635232177,0.0,0.0,86.03196035502889,101.94749291309543,1837.1755543616385,0.0,0.0,18.799926568771576,22.19741205744384,435.15210467479218,0.0,0.0,24.3532740683551,28.834618626948207,511.55978162902218,50.53651607640378,34.661533660084938,456.00443559235046,540.8007165602162,10652.880567068212,0.0,0.0,45.59693442047808,55.02504829792183,496.2933471032353,1885.8036920879654,21.532223946720025,35.240112337190428,22.000000000000019,30.00000000000002,0.0,20.813453621318894,36.938089696010248,16.000000000000015,30.00000000000002,964.2258040935785,21.273453492299937,35.850200860212947,21.33333333333335,30.00000000000002,0.0,20.690847170968053,37.355606270577357,16.000000000000015,30.00000000000002,0.0,16.27730884401055,49.197881739953349,12.00000000000001,30.00000000000002,0.0,19.990576094035587,44.934410874544379,19.000000000000015,30.00000000000002,0.0,19.6544840120429,39.7715809547843,10.000000000000007,30.00000000000002,1043.750355769947,20.577006948359274,38.15601899346458,20.700000000000015,30.00000000000002,902.5329771058503,19.389516637525888,44.926036904863028,19.33333333333335,30.00000000000002,0.0,19.49503711084023,0.0,0.0,0.0,14.298439371452936,0.0,0.0,501.6619856778326,510.2356329782274,503.83620009485437,519.6644802073453,523.6971556214279,914.4530605713263,516.1598918497227,564.0227031968955,805.287740762426,8607.378950517963,82.31356252874864,82.31356252874864,60.00000000000004,0.0,60.00000000000004,60.00000000000004,16.0,16.0,19.0,19.0,19.7,12.0,21.0,10.0,1.0,0.0,1885.8036920879654,0.0,964.2258040935785,0.0,0.0,0.0,1043.750355769947,902.5329771058503,0.0,0.0,0.0,82.31356252874864,82.31356252874864,0.3400000000000003,0.7711559815709816,0.3602813740196598,82.31356252874864,0.3542647819438878,0.0,0.0018600000000000004 
 03/18  09:10:00,9.113333333333334,76.66666666666667,8.306666666666667,126.66666666666666,256.3333333333333,0.0,0.0,1.0,2.0,0.0,0.0,0.0,0.0,0.0,4.0,3618.0,0.0,269.56770234897189,51.88367734053008,132.95066713318466,8.083088957873516,215.14164280221724,0.0,51.88367734053005,70.92892047273841,0.0,0.0,20.982348719716965,-1485.5365650260729,20.1144330893988,423.04981467653507,20.871415524295295,-845.4358290359164,20.03828057152976,303.19710811396046,16.200392811014735,38.342600385455337,19.21032296596219,-25.320555714646575,18.381950384750917,-154.51675210335586,18.612924565172948,-27.183053545030299,19.080681032782594,-121.57223096626865,1172.565062423117,902.0630870038121,0.0,0.0,0.0,0.0,0.0,0.0,0.0,0.0,0.0,0.0,0.0,0.0,0.0,0.0,0.0,0.0,0.0,0.0,0.0,0.0,0.0,0.0,1.1685873098269948,0.3567116330363232,351.26030223812708,413.67206206118439,8758.724781018536,0.2791232656471614,0.04260123102062902,272.2770972964697,321.60759341692116,6323.938657073505,1.2057840444126052,0.22785034852845907,241.51505973971485,284.80647051426367,5901.574516381225,0.28841852906540246,0.05450085583246453,244.24059084848708,288.7261570108718,5611.715786428952,0.0,0.0,13.341300009975452,16.002350361354446,194.0012634313675,0.0,0.0,14.677979010898705,17.384249622391665,311.0042886036689,0.0,0.0,163.79013184019429,194.62889818398242,3204.3776823029404,0.0,0.0,16.869020182419566,19.972486484693616,368.47205633563245,0.0,0.0,108.90442996120629,129.02772394388027,2287.2546927797877,50.62591803181844,34.722851873675207,508.2194751151465,602.9011840478742,11655.48404184232,0.0,0.0,97.21728032532681,116.96295458192903,1199.573494916451,1799.9353608486395,21.631928172147196,35.2072932751509,21.999999999999994,30.0,0.0,20.76650899837052,37.15377990153178,15.999999999999999,30.0,763.2057763029872,21.35420075398354,36.615685642684088,21.16666666666666,30.0,0.0,20.628423642038894,38.01131209991336,18.999999999999998,30.0,0.0,16.28605301497088,49.34407520737388,11.999999999999997,30.0,0.0,19.699954335422388,46.135085724945167,18.999999999999998,30.0,0.0,18.943070990336236,42.09778630809872,9.999999999999999,30.0,246.54511963406456,20.02928103333116,40.694825275087989,19.866666666666665,30.0,0.0,19.653138668904626,41.30996571405162,11.999999999999997,30.0,0.0,19.54892603184382,0.0,0.0,0.0,15.026356034387899,0.0,0.0,510.77658195293506,514.5099224894589,552.5459778295834,541.0603708754558,530.4242029478152,927.9004306420325,547.0195922982152,630.2121247239362,617.9035468868814,9422.085682457073,81.774848551239,84.08852658820108,219.99999999999998,0.0,219.99999999999998,219.99999999999998,16.0,19.0,19.0,12.0,19.7,12.0,21.0,10.0,1.0,0.0,1799.9353608486395,0.0,763.2057763029872,0.0,0.0,0.0,246.54511963406456,0.0,3501.483726827376,2100890.236096426,2735853.1126656734,81.774848551239,84.12782052215266,0.34338279089424586,0.7682840619123399,0.3602813740196595,84.12782052215266,0.3542647819438874,2735853.1126656734,0.14901102852528168 
 03/18  09:20:00,9.236666666666669,76.33333333333334,8.323333333333335,131.33333333333335,259.6666666666667,0.0,0.0,1.0,2.0,0.0,0.0,0.0,0.0,0.0,4.0,1809.0,0.0,306.47508035830438,53.75482825310126,137.7454642114889,9.189748690689264,244.59713633902687,0.0,53.75482825310123,73.48692563106934,0.0,0.0,21.02313473643992,-1494.440009243761,20.184055981365387,427.40280945222778,21.02940370989802,-1428.0988110008398,20.17163369244321,592.4414904451312,16.207797088315944,35.12547503502846,19.087446407326966,-37.40109501108812,17.926272188372516,-5.495079026024548,18.969678487679098,-113.22112671082059,18.693905534639059,-145.23031764290617,1218.022793609794,988.7441393864051,0.0,0.0,0.0,0.0,0.0,0.0,0.0,0.0,0.0,0.0,0.0,0.0,0.0,0.0,0.0,0.0,0.0,0.0,0.0,0.0,0.0,0.0,1.2387043078193692,0.37811486807673047,354.8653655862553,417.4907805772464,8804.84883111887,0.29467472187484169,0.0449747744009221,280.44809748177786,330.9134118018684,6475.0305259413039,0.9641297476877175,0.1821862712939754,336.86067924560799,396.07120393115687,8408.905797734627,0.28945274757384656,0.05469628638961573,331.02116047301527,390.406739111058,7681.805827272177,0.0,0.0,13.58131513077737,16.275571274517039,194.35958430493299,0.0,0.0,15.876746985769707,18.802134010164687,324.82795403750779,0.0,0.0,196.62113261834925,234.0866956630927,3533.8171532229318,0.0,0.0,30.178137661253478,35.58887617565921,689.2381753245309,0.0,0.0,128.80300519891109,152.92331666635318,2524.0193934108085,50.80092556913402,34.84288447814404,602.8080349174692,713.8232470303653,13712.94644346377,0.0,0.0,127.4987841633626,153.0772722487103,1674.7258345928167,1796.9927428445845,21.694219630481375,35.318772161765007,21.999999999999994,29.999999999999998,0.0,20.822233844684314,37.21213974515387,15.999999999999997,29.999999999999998,1203.53607729669,21.78639854457219,35.71903133916825,21.66666666666666,29.999999999999998,0.0,20.869117387979349,37.704721426852149,18.999999999999998,29.999999999999998,0.0,16.295319251831179,49.74482850914344,11.999999999999997,29.999999999999998,0.0,19.448171245794545,46.80658231578984,18.999999999999998,29.999999999999998,0.0,18.167267382718174,44.48864071848263,9.999999999999999,29.999999999999998,909.4640659665465,20.67373712030696,39.594608803173148,20.699999999999997,29.999999999999998,0.0,19.001169163404926,42.11440433063403,11.999999999999997,29.999999999999998,0.0,19.741940852344869,0.0,0.0,0.0,15.682006794676159,0.0,0.0,523.1964763107094,523.1937988129221,554.3654234729066,551.732008577356,550.7654412243165,921.3103058402367,563.4547134893965,659.1692309631493,558.3387276624278,10537.329097967613,81.0373318199379,85.69441236519438,219.99999999999995,0.0,219.99999999999995,219.99999999999995,16.0,19.0,19.0,12.0,19.7,12.0,21.0,10.0,1.0,0.0,1796.9927428445845,0.0,1203.53607729669,0.0,0.0,0.0,909.4640659665465,0.0,7047.905128118176,4228743.076870906,5500007.135746945,81.0373318199379,85.77350505329923,0.3482635042706058,0.7670666042941954,0.3602813740196595,85.77350505329923,0.35426478194388746,5500007.135746945,0.29264925994773 
 03/18  09:30:00,9.36,76.0,8.34,136.0,263.0,0.0,0.0,1.0,2.0,0.0,0.0,0.0,0.0,0.0,4.0,2412.0,0.0,348.243264692634,55.600930986194729,142.47607604044289,10.442157039872262,277.9319843783593,0.0,55.6009309861947,76.01068802903267,0.0,0.0,21.08113606413491,-1577.0461493501776,20.266968826934048,417.634881309069,20.903751009884496,-847.8744333013574,20.251707628368736,254.8359364737123,16.212589825066407,33.34509497315807,19.017376122494114,-40.102374042667097,17.955956039720399,205.27777713243337,18.90418774192969,-118.94437108472687,18.438888177416126,-81.9024410500848,1158.5529191377228,693.9154096807655,0.0,0.0,0.0,0.0,0.0,0.0,0.0,0.0,0.0,0.0,0.0,0.0,0.0,0.0,0.0,0.0,0.0,0.0,0.0,0.0,0.0,0.0,1.1574606176038476,0.35331520683878128,359.7314955822765,423.2842558340155,8871.621065694804,0.2790534007004829,0.04259056787247907,277.49302628019589,327.47804203087676,6372.706586181926,1.0995478440154075,0.2077754807285351,233.1049759181027,274.29940868097818,5680.145637526681,0.27158647002384947,0.0513201946379156,228.7685589759,269.78513360189097,5278.391541831293,0.0,0.0,13.488308974523829,16.16906539360644,189.73501299805947,0.0,0.0,16.643900862824464,19.730965663455075,331.5797945406448,0.0,0.0,166.9071708739878,198.79607776972865,2992.283634170938,0.0,0.0,32.49008458173778,38.40443634683753,712.5212601050724,0.0,0.0,95.38877724241209,113.50363560150749,1775.5221768867514,50.83271539910456,34.86468820240369,500.3134980309445,592.7337314605499,11365.354166650051,0.0,0.0,93.89365505747128,112.91031933397065,1185.6758405328945,1866.12825739914,21.750210652236583,35.352644959636439,22.0,30.0,0.0,20.889209191533845,37.320626780716747,16.0,30.0,1244.6895767041174,21.510292911852575,36.87731773890365,21.5,30.0,0.0,20.90393737167627,38.03034008213878,19.0,30.0,0.0,16.298920924969605,49.98008685796824,12.0,30.0,0.0,19.29700076540461,47.055783858251277,19.0,30.0,0.0,18.291360290897904,44.14428856330348,10.0,30.0,593.5785847900821,20.335062727908175,40.32361137526802,19.95,30.0,0.0,18.60695038458433,43.29931272926938,12.0,30.0,0.0,19.658299492698345,0.0,0.0,0.0,15.495682445639073,0.0,0.0,528.9623166692478,535.03520386118,584.8787709056251,573.395503522303,560.8802964411725,910.2987052240228,557.0105736519943,647.0223987462384,562.6870579779513,8482.857399202523,82.39592664211438,82.39592664211438,220.0,0.0,220.0,220.0,16.0,19.0,19.0,12.0,19.7,12.0,21.0,10.0,1.0,0.0,1866.12825739914,0.0,1244.6895767041174,0.0,0.0,0.0,593.5785847900821,0.0,0.0,0.0,0.0,82.39592664211438,82.39592664211438,0.34,0.7711427740211004,0.36028137401965956,82.39592664211438,0.3542647819438875,0.0,0.006551111111111111 
 03/18  09:40:00,9.483333333333335,75.66666666666667,8.356666666666668,137.83333333333335,237.5,0.0,4.0,0.0,0.0,0.0,0.0,0.0,0.0,0.0,0.0,3015.0,0.0,374.5818448759853,55.64291537547927,142.58361965662699,11.231899788974966,298.95245090843107,0.0,55.64291537547924,76.06808387222078,0.0,0.0,21.047248715755339,-1648.6457813617654,20.32727305140243,370.51199035480479,20.776480349946007,-143.10160575553653,20.29215927447543,-30.642639285597505,16.218367166255804,34.83955527581165,18.89766068861629,-47.09089562977967,18.268364190019356,356.2880106243656,18.613205117426629,-64.0761755121839,18.194142753122585,-387.38989589969739,1012.4222485350948,739.9244300095515,0.0,0.0,0.0,0.0,0.0,0.0,0.0,0.0,0.0,0.0,0.0,0.0,0.0,0.0,0.0,0.0,0.0,0.0,0.0,0.0,0.0,0.0,1.201394411434959,0.3667260108165322,386.14799386304306,454.53998396671,9348.742154729605,0.28062804281024386,0.04283089786481134,266.26620655341307,314.27167418251408,6064.838856801557,1.104168335872438,0.20864858954505645,82.0631142016441,96.69023273119237,1972.334118152629,0.267446342312419,0.05053785757982219,17.81424186677331,21.025822423059336,410.3034455049394,0.0,0.0,11.983498528139295,14.36665970103351,165.7041047208384,0.0,0.0,49.04012299501609,58.25824174674906,945.5351932680956,0.0,0.0,196.47857674620793,233.41540214179518,3706.4477910447369,0.0,0.0,26.37057073537609,31.238873328986988,548.782588418321,0.0,0.0,100.45524966921357,119.57642824080361,1752.8963705893958,50.87388956977118,34.89292837432868,306.261119268494,363.4084525222761,7010.008451359972,0.0,0.0,104.91497896108368,125.97809679054547,1308.9369601686,1795.426455990582,21.65219190081674,35.755976371992399,22.000000000000008,30.00000000000001,0.0,20.919229390767418,37.43454622610593,16.000000000000005,30.00000000000001,0.0,21.427442218982834,36.27662096387019,21.000000000000008,30.00000000000001,0.0,20.882201138411788,41.298810464877579,19.000000000000008,30.00000000000001,0.0,16.30495694425789,50.301629555615658,12.000000000000006,30.00000000000001,0.0,19.0783115674797,44.52651160543243,16.000000000000005,30.00000000000001,0.0,18.876424500561219,43.28472084220972,10.000000000000004,30.00000000000001,0.0,19.823341008226107,41.10334305048478,16.000000000000005,30.00000000000001,0.0,18.20911525595023,44.81275398395145,12.000000000000006,30.00000000000001,0.0,19.28489173412554,0.0,0.0,0.0,15.540368707260845,0.0,0.0,535.4054008169055,541.2008506212534,537.9013384032433,759.0223910533346,574.6349966682061,711.6036925003143,596.2882448580903,614.4707909259403,582.7733866885329,9743.602482810687,81.56226264499938,82.95637205294739,132.00000000000007,0.0,132.00000000000007,132.00000000000007,16.0,19.0,16.0,12.0,16.0,12.0,21.0,10.0,1.0,0.0,1795.426455990582,0.0,0.0,0.0,0.0,0.0,0.0,0.0,2109.8154960552185,1265889.2976331288,1639694.2984067009,81.56226264499938,82.98004865881994,0.34232718320184066,0.7690824515406187,0.36028137401965967,82.98004865881994,0.35426478194388769,1639694.2984067009,0.08913610351714842 
 03/18  09:50:00,9.606666666666668,75.33333333333333,8.373333333333333,139.66666666666667,212.0,0.0,4.0,0.0,0.0,0.0,0.0,0.0,0.0,0.0,0.0,1809.0,0.0,397.01688988774716,55.60309224685151,142.48152854179683,11.904595983331787,316.85753725181686,0.0,55.60309224685148,76.01364263620593,0.0,0.0,20.935732812336626,-1627.4351055557752,20.319125015462974,238.94708413251483,20.772785102646468,-36.520782071035259,20.266647115917903,-54.90374173980841,16.23228024859309,40.66478047101501,18.801159111637973,-9.428157108299623,18.350151667605617,146.85795897811034,18.024797318930714,-9.2620299405989,17.78847770891153,-413.6365578189583,1001.6897271348541,905.3661033079628,0.0,0.0,0.0,0.0,0.0,0.0,0.0,0.0,0.0,0.0,0.0,0.0,0.0,0.0,0.0,0.0,0.0,0.0,0.0,0.0,0.0,0.0,1.2323797288393386,0.3761842884124969,371.55743844351709,437.39562226022687,8741.042656683767,0.26269669455007046,0.04009412309982764,217.02602906625038,256.05356080005807,4854.55939834918,1.175941456141784,0.222211159512809,87.52930782687646,102.92171157438544,2090.774785633266,0.2190729604610358,0.04139700688984049,13.512917182270645,15.926118888143094,305.7838385431263,0.0,0.0,11.771763049994622,14.100608948241462,160.33478895462958,0.0,0.0,28.118207570951204,33.41061785800431,526.1113603719007,0.0,0.0,227.07850511355066,269.52889159712756,4258.252340642468,0.0,0.0,16.151622943058393,19.193335419228018,299.6534524694771,0.0,0.0,153.40258813706795,182.90879739645596,2458.2481899736,50.812434041463337,34.85077780621632,291.4669139781838,345.6638113659991,6567.920911055352,0.0,0.0,158.51747377780183,189.901160843848,2120.949956304396,1835.6320860497027,21.412000119746318,36.261052626371178,22.000000000000019,30.00000000000002,0.0,20.82831951996348,37.710836475244118,16.000000000000015,30.00000000000002,809.9901862830875,21.36704370372432,36.63903028262453,21.33333333333335,30.00000000000002,0.0,20.79065357622338,45.29306912265072,19.000000000000015,30.00000000000002,0.0,16.32588887340685,50.55166972254571,12.00000000000001,30.00000000000002,0.0,18.917267411500423,43.635589355977469,16.000000000000015,30.00000000000002,0.0,18.95601715956586,42.76045130295739,10.000000000000007,30.00000000000002,0.0,18.789601151897409,43.52876793503389,16.000000000000015,30.00000000000002,0.0,17.565846888430085,46.91224615027318,12.00000000000001,30.00000000000002,0.0,19.199902928896429,0.0,0.0,0.0,16.16650836430419,0.0,0.0,529.7574967691945,540.7823305297986,549.0953492242028,980.2293198800537,587.0771126738601,626.5458893026854,574.9334263202957,597.6795752585128,593.3207679290855,9487.757882772585,81.73142460203397,81.73142460203397,132.0000000000001,0.0,132.0000000000001,132.0000000000001,16.0,19.0,16.0,12.0,16.0,12.0,21.0,10.0,1.0,0.0,1835.6320860497027,0.0,809.9901862830875,0.0,0.0,0.0,0.0,0.0,0.0,0.0,0.0,81.73142460203397,81.73142460203397,0.3400000000000003,0.7719938002299589,0.3602813740196598,81.73142460203397,0.3542647819438878,0.0,0.003835333333333334 
 03/18  10:00:00,9.73,75.0,8.39,141.5,186.5,0.0,4.0,0.0,0.0,0.0,0.0,0.0,0.0,0.0,0.0,1809.0,0.0,414.3204227996255,55.488244796598689,142.18718471265846,12.42342544824341,330.66720937140635,0.0,55.48824479659866,75.85663746457914,0.0,0.0,20.913839752799328,-1533.3096246179733,20.374929626589699,421.1669017646264,20.7771414050968,-234.98886888987642,20.25332245034734,-53.02011386164388,16.24824864086831,41.66311031936483,18.739630579603248,-19.36229128845417,18.241494918312229,151.85791862877839,17.625634999583114,-44.86295082091192,17.587290395090727,-257.720435748657,1017.334331074187,868.5203931506642,0.0,0.0,0.0,0.0,0.0,0.0,0.0,0.0,0.0,0.0,0.0,0.0,0.0,0.0,0.0,0.0,0.0,0.0,0.0,0.0,0.0,0.0,1.2711845897882744,0.38802948406235518,426.88686812959738,502.76158697390579,9713.154140101313,0.2954445838321602,0.045092274699658197,267.0920457309278,314.9892841245791,5949.007335244652,1.05880255276014,0.20007606817085056,163.42496873518784,192.31984725563229,3724.2964861301418,0.23991905731486597,0.04533617863092708,17.530955651917624,20.672486605233894,389.4944166562562,0.0,0.0,11.86867354407717,14.214677792000782,159.21669194944026,0.0,0.0,31.25025227878013,37.10926086849574,569.6185967322134,0.0,0.0,252.80224173075616,300.2863956107096,4579.25773459455,0.0,0.0,14.833936821098034,17.658488377254416,250.18667928596489,0.0,0.0,168.09241064286133,200.65431619104235,2574.291026847522,51.03525804027549,35.00360633763755,355.66544016149967,421.2998793831375,7871.451211262223,0.0,0.0,182.30566937534312,218.34359188493449,2452.4172990153508,1646.3406604666457,21.299076842196667,36.992702811369529,22.000000000000019,30.00000000000002,0.0,20.895825022015047,37.930146412822129,16.000000000000015,30.00000000000002,0.0,21.301335325516349,37.016963034619099,21.000000000000015,30.00000000000002,0.0,20.735748894370546,46.89788868650516,19.000000000000015,30.00000000000002,0.0,16.348649550530845,50.4558387288953,12.00000000000001,30.00000000000002,0.0,18.80763654680033,43.477884628008258,16.000000000000015,30.00000000000002,0.0,18.746531915380929,43.31162094522729,10.000000000000007,30.00000000000002,0.0,18.10620138287106,45.271758229909369,16.000000000000015,30.00000000000002,0.0,17.31404168243794,47.38388714741733,12.00000000000001,30.00000000000002,0.0,19.2640666546123,0.0,0.0,0.0,16.35386338065126,0.0,0.0,551.5958493602559,559.1310569172395,557.967435276012,1065.8983598825944,581.4125422042525,594.7717678406866,567.4920912665145,586.3941205884001,571.4210554521503,9875.47693209394,81.4750297868174,83.81782836344924,132.0000000000001,0.0,132.0000000000001,132.0000000000001,16.0,19.0,16.0,12.0,16.0,12.0,21.0,10.0,1.0,0.0,1646.3406604666457,0.0,0.0,0.0,0.0,0.0,0.0,0.0,3545.511720272877,2127307.032163725,2753805.1844467029,81.4750297868174,83.85761686083797,0.34485039067576275,0.7688538263972022,0.3602813740196598,83.85761686083797,0.3542647819438878,2753805.1844467029,0.14699653625789523 
 03/18  10:10:00,9.773333333333334,75.0,8.445,143.33333333333335,161.0,0.0,0.0,1.0,2.0,0.0,0.0,0.0,0.0,0.0,0.0,4824.0,0.0,425.6691547711158,55.305126178472779,141.71789322796304,12.76370237183162,339.7244103432673,0.0,55.30512617847275,75.60630043050803,0.0,0.0,21.071740640766806,-1186.1780955230786,20.422482696973348,334.62306065510679,20.951866379408423,-1205.3910150246778,20.250071047029196,331.2785459385301,16.261408845259255,43.36157196244944,19.487530812571685,-63.663659715438118,18.19125628692006,108.54686300606477,18.444950242231888,-71.56362342345988,17.486680395210063,-223.3060425324045,1108.2911413334824,868.2328592340581,0.0,0.0,0.0,0.0,0.0,0.0,0.0,0.0,0.0,0.0,0.0,0.0,0.0,0.0,0.0,0.0,0.0,0.0,0.0,0.0,0.0,0.0,1.1915005381056319,0.36370590296264707,374.795188524263,440.83478569473689,8886.928667551709,0.2768312572879325,0.042251412894983599,249.64504795192034,294.4793808112078,5536.489958441035,1.051822128403596,0.19875701594928125,329.8220017779991,388.13684909551827,7832.066537385621,0.264927027060827,0.05006179649675488,255.80662884900986,301.7442903466445,5619.646577847323,0.0,0.0,12.582104062449137,15.079849241398444,168.0730448835518,0.0,0.0,17.360618910949783,20.55544211825602,349.83490995741348,0.0,0.0,243.85061732798546,289.9673397848403,4347.468053495421,0.0,0.0,21.926130500492428,25.96336079320473,432.04881944354869,0.0,0.0,182.71896515102504,218.35227763374858,2742.219835521014,51.31885188746557,35.19811514915336,502.6215725469407,595.2174712563767,11007.441345759977,0.0,0.0,190.11022514026,227.7541706040883,2588.1139148525505,1730.8829760735483,21.64755234078433,37.51989968713671,22.0,30.0,0.0,20.90665682323839,39.00766447649218,16.0,30.0,1599.5649379157563,21.613267397206348,37.77583513637653,21.375,30.0,0.0,20.779689569733767,40.83731121626082,16.0,30.0,0.0,16.365702575637195,50.4686320590798,12.0,30.0,879.1009055047307,19.824630421082394,41.85262534475842,19.625,30.0,0.0,18.649051772735885,44.15612632700552,10.0,30.0,1316.7614322082207,19.39674652144175,42.52226762733605,20.7,30.0,0.0,17.20549038501776,47.91318015859843,12.0,30.0,0.0,19.670705050120686,0.0,0.0,0.0,16.480016109996364,0.0,0.0,632.2125230109575,619.9868074430448,642.9827085715717,708.4978817575664,579.3202278795002,663.8783893077,591.5403145386194,636.6356168776683,575.9195385190797,10281.843070936113,81.20622838534917,84.85049548982129,60.0,0.0,60.0,60.0,16.0,16.0,19.0,12.0,19.7,12.0,21.0,10.0,1.0,0.0,1730.8829760735483,0.0,1599.5649379157563,0.0,879.1009055047307,0.0,1316.7614322082207,0.0,5514.858830397648,3308915.2982385887,4305044.672247688,81.20622838534917,84.91238724339175,0.3538286276799216,0.7673704152847711,0.36028137401965956,84.91238724339175,0.3542647819438875,4305044.672247688,0.22557232295687985 
 03/18  10:20:00,9.816666666666667,75.0,8.500000000000002,145.16666666666667,135.5,0.0,0.0,1.0,2.0,0.0,0.0,0.0,0.0,0.0,0.0,1206.0,0.0,401.71943073121238,55.30640688065342,141.72110850587547,12.045572779230885,320.610295317655,0.0,55.30640688065339,75.6080512474851,0.0,0.0,21.079495456010258,-1705.1339170015172,20.47706030848984,335.57512025500548,20.71482536507289,-459.7594121927068,20.199772415665668,39.60499197278841,16.275406529413944,43.63253429469401,19.3904106619967,-63.53333227801818,18.164999849837334,136.2918059679214,19.187763995892018,-167.1299372930613,17.412149118065139,-180.84584130633449,1137.7518598157968,867.803430106263,0.0,0.0,0.0,0.0,0.0,0.0,0.0,0.0,0.0,0.0,0.0,0.0,0.0,0.0,0.0,0.0,0.0,0.0,0.0,0.0,0.0,0.0,1.1445921655869085,0.3493871079325117,461.5807531338468,542.066637352759,10756.228643097205,0.25399387398439607,0.03876585378272223,245.11035334028828,288.615876248425,5444.172591734989,1.202942462245206,0.22731339044694,340.53992999018257,400.13848161477758,7876.287896491387,0.26467907227551376,0.050014941851004097,209.3111934792122,246.83800757663006,4551.249984763846,0.0,0.0,12.77044385951358,15.276134907362412,170.02044084217639,0.0,0.0,17.80394303654871,21.041667048133076,354.1045256387009,0.0,0.0,248.23612137606399,294.66903802262297,4380.364044870692,0.0,0.0,32.69936045402598,38.50520792856738,711.9804080241495,0.0,0.0,190.68786381116878,227.50586095230453,2817.2657785820886,51.48945331108105,35.315125727764797,578.5761146255691,683.8006691977182,12527.16480199352,0.0,0.0,197.7768924894744,236.31758521687866,2752.3632460353576,1896.969814747958,21.59370224015251,37.74815351955767,22.0,30.0,0.0,20.973330137833153,39.10708577534622,16.0,30.0,1053.2328603280276,21.288131247547157,38.43523901059852,21.5,30.0,0.0,20.65522796966919,40.00840284698822,16.0,30.0,0.0,16.386678548495369,50.69885458795903,12.0,30.0,0.0,19.75652578857636,43.95580662286409,19.0,30.0,0.0,18.598258389492725,44.4751261841675,10.0,30.0,806.1740445948292,20.742307977649149,39.9384492513449,20.7,30.0,0.0,17.128619493686445,48.49852543569749,12.0,30.0,0.0,19.780854543067109,0.0,0.0,0.0,16.67677076790769,0.0,0.0,636.1820178174053,632.7712716907714,632.8478821476231,639.4609616713831,586.7583071141833,776.2365547642369,599.1256239885465,673.0061459789596,590.4936733740376,8631.209804227961,82.29775110154154,82.29775110154154,60.0,0.0,60.0,60.0,16.0,16.0,19.0,12.0,19.7,12.0,21.0,10.0,1.0,0.0,1896.969814747958,0.0,1053.2328603280276,0.0,0.0,0.0,806.1740445948292,0.0,0.0,0.0,0.0,82.29775110154154,82.29775110154154,0.34,0.7717581519671947,0.36028137401965956,82.29775110154154,0.3542647819438875,0.0,0.0016866666666666667 
 03/18  10:30:00,9.86,75.0,8.555,147.0,110.0,0.0,0.0,1.0,2.0,0.0,0.0,0.0,0.0,0.0,0.0,3015.0,0.0,397.5868031999973,55.09220032435644,141.17214420786525,11.921647573094895,317.3119762989032,0.0,55.09220032435641,75.31521464500975,0.0,0.0,21.063799955372116,-1545.0603663014929,20.48531130667029,244.68659351073365,20.586767332546115,-379.914499105866,20.123243760434645,276.91780440150037,16.28489963324416,42.64135801805524,19.298667165028236,-57.425786076152288,18.138871902738815,119.4084211189249,18.89960489217369,-129.79349776911779,17.394566050058417,-116.37194482682463,1068.6118603553164,816.3118339123755,0.0,0.0,0.0,0.0,0.0,0.0,0.0,0.0,0.0,0.0,0.0,0.0,0.0,0.0,0.0,0.0,0.0,0.0,0.0,0.0,0.0,0.0,1.1272452316405475,0.3440919510502282,412.05144799998,484.7143906113905,9597.869626203985,0.2418221253640377,0.03690813879182505,213.61644213637585,251.8918684236135,4714.705329472155,1.1362039844155703,0.21470218904300279,275.25764372673538,324.42662153104069,6214.153024122092,0.28224885485456449,0.05333500658627446,263.91774769565458,311.65588160834559,5632.647919454836,0.0,0.0,12.522604235860653,14.998660005319835,165.83347518803996,0.0,0.0,17.250999846857327,20.426434143033654,336.07753866952978,0.0,0.0,243.15989020287413,289.07761033178277,4244.257592994674,0.0,0.0,35.43333511059377,41.916156325580917,722.1136645999047,0.0,0.0,188.3210763613135,224.9769288905175,2771.7800044770149,51.666043975595929,35.43624415335798,468.0042332619071,554.456668965521,10104.421951818547,0.0,0.0,195.62879726817398,234.02886316234484,2729.0778492029587,1814.1944504898063,21.580132383780084,37.49733109451758,22.0,30.0,0.0,20.94589355120092,39.134166465119019,16.0,30.0,27.351510971075315,21.174638997559567,38.48032806577552,21.0,30.0,0.0,20.564033755619005,39.999720394606708,16.0,30.0,0.0,16.397326315099084,50.90474976274545,12.000000000000002,30.0,0.0,19.59283793476572,45.34393281040214,19.0,30.0,0.0,18.547429857055265,44.92541774685722,10.0,30.0,244.93749211746508,20.036087390978257,41.986168336534948,19.9,30.0,0.0,17.14734717843691,48.95785186709957,12.000000000000002,30.0,0.0,19.595750259037766,0.0,0.0,0.0,16.741199962316935,0.0,0.0,614.7575245699994,627.210471228789,617.4517087228064,622.7238096554613,594.6516558396546,827.5851686370384,611.8108947062027,676.6107257058363,612.3438413529126,9676.027906858977,81.60691783506006,83.01558294532195,60.0,0.0,60.0,60.0,16.0,16.0,19.0,12.0,19.7,12.0,21.0,10.0,1.0,0.0,1814.1944504898063,0.0,27.351510971075315,0.0,0.0,0.0,244.93749211746508,0.0,2131.8212606103677,1279092.7563662204,1656039.5154059157,81.60691783506006,83.03950675534142,0.3430607086870123,0.7683050752386093,0.36028137401965956,83.03950675534142,0.35426478194388757,1656039.5154059157,0.08777738813444094 
 03/18  10:40:00,9.903333333333335,75.0,8.610000000000002,147.33333333333332,116.0,0.0,0.0,0.0,0.0,0.0,0.0,0.0,0.0,0.0,0.0,2412.0,0.0,423.00880265593528,55.51334965056184,142.25135008854498,12.683917881135836,337.6010469618244,0.0,55.513349650561817,75.8909577032651,0.0,0.0,20.95983262215877,-1172.3032415359276,20.51235801122014,360.9946427639675,21.05098437505609,-1282.0049344569709,20.271768349396305,483.26076240811156,16.29499978654835,41.82180650789873,19.14204381418562,-106.2378844555634,18.18794707178978,186.56024937939675,18.479947228400208,-66.06912772698425,17.388423919243068,-118.85602893980058,1125.636372803603,777.9898715333266,0.0,0.0,0.0,0.0,0.0,0.0,0.0,0.0,0.0,0.0,0.0,0.0,0.0,0.0,0.0,0.0,0.0,0.0,0.0,0.0,0.0,0.0,1.1854821669705682,0.36186879333655927,406.1705060725839,477.6744501600531,9408.931809601083,0.2748993672098513,0.041956557876961429,259.5042197688283,305.7689726856074,5711.5352618610199,1.0438890548794202,0.1972579468781974,360.6071681338853,423.96395246872086,8535.911223252777,0.2898145523125811,0.05476465463200699,307.11008872523,362.17227245320125,6700.121130571379,0.0,0.0,11.947120917327306,14.302687659926937,157.3807988759267,0.0,0.0,63.55894218940308,75.3378176719869,1197.9873181887556,0.0,0.0,291.3132377160728,346.0618401784302,5114.549120916827,0.0,0.0,28.427615039816915,33.69513678580655,540.4655341473563,0.0,0.0,186.84073646134878,223.0910563862135,2740.282539184706,52.06560414086027,35.71029090593984,557.7503241284468,659.9645592700384,12045.733921177121,0.0,0.0,193.6514170677807,231.55821778034915,2683.5684997200817,1285.9330292783544,21.58810777302561,37.37493404634339,21.75,30.0,0.0,20.95594122396724,38.93011261096409,16.0,30.0,1814.3811358498466,21.7398406881219,37.04024266215997,21.5,30.0,0.0,20.847038420291204,39.15501366276751,16.0,30.0,0.0,16.40677243138664,51.26951260425067,12.0,30.0,0.0,19.303938628235846,44.23404093525488,16.0,30.0,0.0,18.645664565885999,45.13639055699335,10.0,30.0,0.0,19.356693555589435,43.417237475999417,16.0,30.0,0.0,17.165508347752274,49.330932334737699,12.0,30.0,0.0,19.78934863351818,0.0,0.0,0.0,16.74035273489173,0.0,0.0,605.1766440843819,612.8952717177328,604.9660257624639,609.27071545501,609.9208465480981,699.6915634654938,637.8704736002992,652.7447537003845,630.117081768624,9122.910343544943,81.9726279067078,85.36053011959095,60.0,0.0,60.0,60.0,16.0,16.0,16.0,12.0,16.0,12.0,21.0,10.0,1.0,0.0,1285.9330292783544,0.0,1814.3811358498466,0.0,0.0,0.0,0.0,0.0,5127.324148410493,3076394.489046296,4034723.1110424876,81.9726279067078,85.41806794622917,0.3409108049470165,0.7642173192004573,0.36028137401965956,85.41806794622917,0.3542647819438875,4034723.1110424876,0.21144560177420936 
 03/18  10:50:00,9.946666666666668,75.0,8.665000000000001,147.66666666666669,122.0,0.0,0.0,0.0,0.0,0.0,0.0,0.0,0.0,0.0,0.0,2412.0,0.0,449.3129626437239,55.92822186443476,143.31447124161248,13.472639311170186,358.5941601922753,0.0,55.92822186443473,76.45811947306422,0.0,0.0,21.007204889656387,-1455.9265332009596,20.56763379606025,224.95677235099289,20.98767710860192,-783.7418908385239,20.27241482837335,224.47186130676415,16.30671552660933,41.35120666007104,19.010078784859787,-61.934512272170028,18.216803694188067,137.09917475648036,18.035195862449539,-16.180046539396757,17.378795884364096,-113.55269160348553,1099.2419654509263,705.2391462369769,0.0,0.0,0.0,0.0,0.0,0.0,0.0,0.0,0.0,0.0,0.0,0.0,0.0,0.0,0.0,0.0,0.0,0.0,0.0,0.0,0.0,0.0,1.1574782107110413,0.35332057714012257,461.7667629474829,543.5178526754954,10571.354846212915,0.2575147763266793,0.039303232040091468,245.05211429453957,288.79057169906789,5391.966277603053,1.151860928403565,0.21766079523876903,336.95966787150248,395.90755636544079,7834.78034302008,0.27623486585492798,0.05219857631423429,239.0480806004374,281.7128034361268,5162.299778675526,0.0,0.0,11.765196799719817,14.082749953394134,154.21502732159792,0.0,0.0,49.557809498862258,58.78182106697099,908.0482297311457,0.0,0.0,274.286606910017,325.7559670476026,4809.8005095295579,0.0,0.0,14.463243470342198,17.182159414288006,251.5374089643781,0.0,0.0,177.74187140713205,212.1743064387573,2593.5505347157538,52.18516092123189,35.79229144117414,521.1920887382221,616.7542108377871,11177.515320948623,0.0,0.0,182.86393779963047,218.62803617949695,2511.5325544049826,2022.8519377755986,21.59248952144462,37.17021432738592,22.0,30.0,0.0,20.985328682450708,38.66760186306305,16.0,30.0,1524.459874452013,21.57217139372791,37.297169704560079,21.5,30.0,0.0,20.767716852500287,39.215790307652799,16.0,30.0,0.0,16.418756556007187,51.53401488994917,12.0,30.0,0.0,19.08412208038432,43.999488586927267,16.0,30.0,0.0,18.679900008157185,44.848750560874957,10.0,30.0,0.0,18.603966411849798,45.28822853872644,16.0,30.0,0.0,17.172919073594959,49.4343193259335,12.0,30.0,0.0,19.709110075704435,0.0,0.0,0.0,16.7186345388594,0.0,0.0,585.914912993583,596.1568456970504,594.0223510370163,598.7683982105619,620.4703204111602,641.2879282550617,619.2574916049125,639.1097399608627,630.4571634605135,9842.251377396733,81.49699846223189,83.30771373699912,60.0,0.0,60.0,60.0,16.0,16.0,16.0,12.0,16.0,12.0,21.0,10.0,1.0,0.0,2022.8519377755986,0.0,1524.459874452013,0.0,0.0,0.0,0.0,0.0,2740.1895593662918,1644113.735619775,2131493.3014747255,81.49699846223189,83.33846569352686,0.3463396519788764,0.770071399833556,0.36028137401965956,83.33846569352686,0.3542647819438875,2131493.3014747255,0.11245765167668572 
 03/18  11:00:00,9.99,75.0,8.72,148.0,128.0,0.0,0.0,0.0,0.0,0.0,0.0,0.0,0.0,0.0,0.0,2413.0,0.0,476.3741905221153,56.33695070131804,144.36185020162234,14.284061003558947,380.19148069409916,0.0,56.33695070131802,77.01688278075987,0.0,0.0,20.82538698668456,-568.2843508217784,20.524788979394275,63.15059391475768,20.97170086657813,-690.0353480626563,20.251378483979236,94.69961782200392,16.319043496133415,39.771275145509637,18.946536282821833,-43.996399566981668,18.16479915058241,93.33804091459069,17.72491157970375,-28.157447331157984,17.37955453269051,-87.21496570330305,990.3197197973836,685.7474664881133,0.0,0.0,0.0,0.0,0.0,0.0,0.0,0.0,0.0,0.0,0.0,0.0,0.0,0.0,0.0,0.0,0.0,0.0,0.0,0.0,0.0,0.0,1.1973952339348244,0.36550526066386587,272.79771867788846,321.6062653880921,6046.542706005806,0.23384050431234508,0.03568994266061433,120.58584833239304,142.21827616426413,2610.6722310407478,1.099113265000777,0.20769336073332909,283.65570534714876,334.09621551003718,6416.355125514026,0.24392154945588863,0.04609250745576126,180.27796366758819,212.58982902370225,3857.470160883865,0.0,0.0,11.302740547139323,13.527597945401736,147.42467088521784,0.0,0.0,43.02579208896394,51.02832751464375,774.9277559277953,0.0,0.0,262.90132316059109,312.35210450818189,4526.226425214064,0.0,0.0,13.206520648812607,15.719722678934119,215.77171021979386,0.0,0.0,171.10268624614157,204.25182960781164,2489.248592178633,52.274909902816748,35.85384766997034,359.88011281855878,426.48822378528356,7813.519604564082,0.0,0.0,183.2653093609731,219.0866917823241,2522.3779258064407,625.8302582519893,21.143452959491947,38.099391755027728,21.25,30.0,0.0,20.842129956280439,38.876608728360697,16.0,30.0,1052.2824388167526,21.44512848906088,37.38643562065868,21.25,30.0,0.0,20.70945367101065,39.19473058008407,16.0,30.0,0.0,16.431251808738258,51.56174418531347,12.0,30.0,0.0,18.97316684704025,44.06072539017764,16.0,30.0,0.0,18.56046883435947,45.032947960913819,10.0,30.0,0.0,18.09432860951384,46.620241745641568,16.0,30.0,0.0,17.196278281929187,49.16661639072479,12.0,30.0,0.0,19.39884947778635,0.0,0.0,0.0,16.779704413760969,0.0,0.0,575.711643774825,583.3776332912696,572.7052647731457,582.9431759780539,618.6553693072831,621.2171875159062,605.4229326007265,627.6785700855024,613.5731888257035,5102.8964262935619,80.54860546449356,82.44552359934686,60.0,0.0,60.0,60.0,16.0,16.0,16.0,12.0,16.0,12.0,21.0,10.0,1.0,0.0,625.8302582519893,0.0,1052.2824388167526,0.0,0.0,0.0,0.0,0.0,2870.498194489151,1722298.9166934908,2234144.931657,80.54860546449356,82.4777395666127,0.1806832731496384,0.3481186380562466,0.18014068700982978,82.4777395666127,0.17713239097194376,2234144.931657,0.117775536446164 
 03/18  11:10:00,10.075000000000001,75.33333333333333,8.611666666666669,148.33333333333332,134.0,0.0,0.0,0.0,0.0,0.0,0.0,0.0,0.0,0.0,0.0,2416.0,0.0,504.08186764423319,56.739426512248858,145.3932058432473,15.114866093575595,402.30472470345799,0.0,56.739426512248829,77.56709772790689,0.0,0.0,20.885197593177496,-1403.116289958196,20.61081581858876,422.7175868038985,20.934666638254016,-355.3388511031717,20.26537688697566,290.18314249498806,16.332757790987665,43.168815258832768,18.915749676743617,-31.225111641863238,18.219551352109354,196.1646812392455,17.484809105361788,-37.06322691780852,17.38472792421,-76.09908026846392,1091.5773863139366,702.1056713845239,0.0,0.0,0.0,0.0,0.0,0.0,0.0,0.0,0.0,0.0,0.0,0.0,0.0,0.0,0.0,0.0,0.0,0.0,0.0,0.0,0.0,0.0,1.1655770032666353,0.3557927360398765,439.97172640716726,517.5951620078339,9971.364052245173,0.26909196880987959,0.041070202809810687,257.0349702084633,302.99447140514959,5589.975908177954,1.1458385858974474,0.2165227864507649,274.7297235151259,323.5313570160871,6124.825063572298,0.2784444823142694,0.05261611532771529,251.54572888789438,296.6890228931516,5359.285483105879,0.0,0.0,11.944804270628243,14.293678074706883,154.08872846654897,0.0,0.0,38.72428768392106,45.94844175560557,686.2402829600428,0.0,0.0,271.40444069921178,322.2705251910819,4693.8568752536489,0.0,0.0,21.738227570733355,25.896629957961648,334.9372260196449,0.0,0.0,170.18915542846819,203.10180825903147,2454.2877829893498,51.89467848055236,35.59305794276569,506.39053258472566,599.1950238707484,10888.355933607461,0.0,0.0,191.8130750722792,229.18292502338023,2640.3111848668925,1484.1025651579326,21.489742199174896,37.17112494483486,21.75,30.0,0.0,21.00502155838725,38.3091621460376,16.0,30.0,0.0,21.241333676599689,37.735522924738578,21.0,30.0,0.0,20.76964890337728,38.85667040614443,16.0,30.0,0.0,16.44651852118856,51.45015517749739,12.0,30.0,0.0,18.910084519540957,44.036210991020279,16.0,30.0,0.0,18.690339999472778,44.471386964522718,10.0,30.0,0.0,17.722543518942908,47.53909334531407,16.0,30.0,0.0,17.219109233033217,48.9072226185402,12.0,30.0,0.0,19.82065590340351,0.0,0.0,0.0,16.871664714897038,0.0,0.0,557.5548895917185,562.2230669226169,558.4082458924866,561.151140934378,609.7824815490445,603.4069349671858,586.5961015873829,612.03928040269,597.7224817172996,8687.761056169447,82.26037999785102,83.95548828572271,60.0,0.0,60.0,60.0,16.0,16.0,16.0,12.0,16.0,12.0,21.0,10.0,1.0,0.0,1484.1025651579326,0.0,0.0,0.0,0.0,0.0,0.0,0.0,2565.4116379292106,1539246.9827575263,2003373.930666338,82.26037999785102,83.98427685182409,0.34051372126430709,0.7673173511781453,0.36028137401965956,83.98427685182409,0.3542647819438875,2003373.930666338,0.10575544439464961 
 03/18  11:20:00,10.16,75.66666666666667,8.503333333333334,148.66666666666667,140.0,0.0,0.0,0.0,0.0,0.0,0.0,0.0,0.0,0.0,0.0,2416.0,0.0,532.3365648534593,57.13532261061385,146.4077008935761,15.962073227349034,424.8545386632885,0.0,57.13532261061382,78.10831770913714,0.0,0.0,20.951312649448405,-1540.697239286278,20.636447446652868,164.28235031176383,21.008457780195699,-861.3593729776499,20.218876395942876,285.68851382551568,16.347012950541435,39.98369032434837,18.90824665635557,-34.952534490013878,18.219590858058134,139.10366482654173,17.30830954037983,-26.43526827741138,17.40053256623655,-61.47503432269491,1043.8815360682766,637.9101553890369,0.0,0.0,0.0,0.0,0.0,0.0,0.0,0.0,0.0,0.0,0.0,0.0,0.0,0.0,0.0,0.0,0.0,0.0,0.0,0.0,0.0,0.0,1.091459845405315,0.33316845097842337,473.0264082057127,556.7998848975426,10526.423646800358,0.23827392607448578,0.036366594333712729,258.75596252260649,304.88252249353118,5559.179671367538,1.0752335378139797,0.20318094063000378,337.57551229439687,396.583462402074,7673.902982236743,0.271662294971695,0.05133452285935278,262.663718273712,309.59140967519957,5503.974787451959,0.0,0.0,11.443710970369079,13.690899973433702,145.97691516362648,0.0,0.0,39.4653478248855,46.82990503247014,690.1813973672095,0.0,0.0,263.2107614878063,312.5225282466231,4494.809462924671,0.0,0.0,24.15723652885155,28.801451718916164,355.86255300721407,0.0,0.0,159.46019347712358,190.24301006749364,2284.204782830497,51.058669699929748,35.01966371737295,537.3331827326862,635.7126422007516,11183.077242998248,0.0,0.0,184.19149299777284,220.01927776231339,2515.0432533941486,2070.2373721869,21.470647007676395,37.17679530673623,22.0,30.0,0.0,20.948932213885109,38.39123642157056,16.0,30.0,1691.3636546747353,21.532827829742339,37.05630448866009,21.5,30.0,0.0,20.65600178395676,39.09562216973736,16.0,30.0,0.0,16.461075232896034,51.28751775809696,12.0,30.0,0.0,18.879287968553528,43.96116125505304,16.0,30.0,0.0,18.665897606492729,44.411106639469348,10.0,30.0,0.0,17.465034113506204,48.10011101342251,16.0,30.0,0.0,17.258097389532943,48.60833628237411,12.0,30.0,0.0,19.680776198645576,0.0,0.0,0.0,16.90050064315598,0.0,0.0,542.35252972477,550.0445447103354,549.7437449550621,552.8853528644934,597.7135533105197,587.2215672909923,570.7238518627594,592.663346479443,580.8695272679482,9952.702784241123,81.42395156087402,84.90182265032394,60.0,0.0,60.0,60.0,16.0,16.0,16.0,12.0,16.0,12.0,21.0,10.0,1.0,0.0,2070.2373721869,0.0,1691.3636546747353,0.0,0.0,0.0,0.0,0.0,5263.345075062346,3158007.0450374076,4103064.0475305889,81.42395156087402,84.96088844716246,0.3454448358354116,0.7683291277397244,0.36028137401965956,84.96088844716246,0.3542647819438875,4103064.0475305889,0.21492266380492404 
 03/18  11:30:00,10.245000000000001,76.0,8.395,149.0,146.0,0.0,0.0,0.0,0.0,0.0,0.0,0.0,0.0,0.0,0.0,2417.0,0.0,605.338370405627,56.79971533005555,145.54775907728178,18.150998758229567,483.116522525929,0.0,56.79971533005552,77.64951711263054,0.0,0.0,20.840527222102268,-533.6489321409774,20.639578093717906,53.00546123065271,21.00962230588732,-701.6441919680899,20.256664140884454,112.1435054426729,16.365002901007395,39.05756790219819,18.933428547953406,-29.825856706685529,18.18684533750656,96.19814097377912,17.182452552396673,-16.203936666592683,17.42055524389456,-44.65196638440648,952.4272812401187,625.4392399660646,0.0,0.0,0.0,0.0,0.0,0.0,0.0,0.0,0.0,0.0,0.0,0.0,0.0,0.0,0.0,0.0,0.0,0.0,0.0,0.0,0.0,0.0,1.109009980013787,0.3385256349248434,263.97810362589726,311.10202061221079,5722.844071412022,0.21651144817126825,0.03304509282223264,116.87307534396824,137.7939902266667,2476.34862957949,1.0194753240169253,0.19264461905081738,291.9772897929377,343.7596827793971,6456.328926440985,0.2317571433564335,0.0437938668473986,188.62603717328404,222.3695151511453,3932.63060611462,0.0,0.0,11.032360237840578,13.19730569174326,139.2111032354213,0.0,0.0,36.65370741522659,43.46604506772273,634.9411194276136,0.0,0.0,259.124632753018,307.7406109707238,4337.582999528204,0.0,0.0,26.893284633189823,32.08247008315601,382.5332408518126,0.0,0.0,157.23521236972503,187.57345514578723,2238.38191736994,50.32134165147354,34.513951749981867,361.3293016428015,427.98226039176287,7633.678329070221,0.0,0.0,184.84733086449578,220.7575129094732,2519.7948085611367,611.8838661939445,21.16919987766005,37.870509884266457,21.25,30.0,0.0,20.87387254852862,38.558187245307859,16.0,30.0,1042.1729375479438,21.45085936242028,37.22334436251329,21.25,30.0,0.0,20.692772947903277,38.99430079066904,16.0,30.0,0.0,16.47921470297989,51.10766489723528,12.0,30.0,0.0,18.881856633862428,43.83862888708745,16.0,30.0,0.0,18.581432085302159,44.574962640660448,10.0,30.0,0.0,17.293343639743794,48.45492004224482,16.0,30.0,0.0,17.301630919333378,48.35372439755099,12.0,30.0,0.0,19.45160630913091,0.0,0.0,0.0,16.97694682316218,0.0,0.0,537.4723592222953,542.7765364804453,534.9837655206827,541.7957455202239,584.8834008449172,573.6818480695738,560.1934099281493,574.8422987282717,566.3721582773967,5005.899423583337,80.66846970448685,82.53247241785953,60.0,0.0,60.0,60.0,16.0,16.0,16.0,12.0,16.0,12.0,21.0,10.0,1.0,0.0,611.8838661939445,0.0,1042.1729375479438,0.0,0.0,0.0,0.0,0.0,2820.743114444115,1692445.868666469,2196044.7972905056,80.66846970448685,82.56412937199693,0.1790247704814705,0.3480159066592581,0.18014068700982978,82.56412937199693,0.17713239097194376,2196044.7972905056,0.11574099612577293 
 03/18  11:40:00,10.33,76.33333333333333,8.286666666666667,148.33333333333335,140.83333333333335,0.0,0.0,0.0,0.0,0.0,0.0,0.0,0.0,0.0,0.0,1815.0,0.0,613.1836571409315,56.39486754799892,144.51033754698339,18.386232350872164,489.37772401436328,0.0,56.3948675479989,77.09605950112412,0.0,0.0,20.86304161950505,-1188.1897277959297,20.684262612569165,263.20159979233167,20.654853737962499,-480.48275379877466,20.2207536436891,213.6217428814606,16.380147891705449,39.46850013773689,18.950759936723814,-32.63568933484251,18.21182598806873,167.73123391768676,17.087489738276955,-11.420041154912506,17.432273323788146,-57.64070004933157,985.1548039941065,598.9127594657113,0.0,0.0,0.0,0.0,0.0,0.0,0.0,0.0,0.0,0.0,0.0,0.0,0.0,0.0,0.0,0.0,0.0,0.0,0.0,0.0,0.0,0.0,1.0381584990313287,0.31689819872751209,371.40346685739237,436.6930013560278,8185.694352185777,0.23072953060248822,0.03521512982333462,203.72709392799997,239.94534022259348,4307.581244057873,1.0485338132842693,0.19813564121017963,300.63616692323367,354.00959109323778,6438.771434357392,0.25651744238695725,0.048472683746590587,244.8766710270682,288.6372210169668,5030.690883478422,0.0,0.0,11.343295411551404,13.560648809917585,141.55308088787525,0.0,0.0,38.675851361492309,45.872880754838039,663.6770452078604,0.0,0.0,261.84812835864269,310.724961662306,4373.141363660559,0.0,0.0,28.620885420787439,34.1315889044961,394.9276248711101,0.0,0.0,154.70389461195789,184.40607496945797,2182.811025719395,49.7593257669089,34.12848132161108,459.70870270697199,543.6947863748221,9503.44392068435,0.0,0.0,182.84271630496259,218.18195001946587,2471.969229553924,1312.6633423165047,21.472600719196767,37.207676682284198,21.666666666666687,30.00000000000002,0.0,20.93557685074103,38.42283009408367,16.000000000000015,30.00000000000002,101.2381378874702,21.07944636582697,38.07725656264981,21.000000000000015,30.00000000000002,0.0,20.644979448587788,39.10185435646584,16.000000000000015,30.00000000000002,0.0,16.49568460340764,50.95930099863142,12.00000000000001,30.00000000000002,0.0,18.888130234215177,43.74578153801985,16.000000000000015,30.00000000000002,0.0,18.64897239325109,44.36215351770372,10.000000000000007,30.00000000000002,0.0,17.167332055259768,48.75921586886043,16.000000000000015,30.00000000000002,0.0,17.32408280480813,48.24804347332691,12.00000000000001,30.00000000000002,0.0,19.64876768872123,0.0,0.0,0.0,17.007687494538059,0.0,0.0,531.8853084420375,536.384248221602,530.6315247819198,534.0226187227999,574.1464103387297,563.1981776416063,553.7747028170746,565.4628424498912,561.4274800393889,10057.888558695086,81.35442599243075,83.60768209046563,60.00000000000004,0.0,60.00000000000004,60.00000000000004,16.0,16.0,16.0,12.0,16.0,12.0,21.0,10.0,1.0,0.0,1312.6633423165047,0.0,101.2381378874702,0.0,0.0,0.0,0.0,0.0,3410.1342384017386,2046080.5430410417,2651292.5995159929,81.35442599243075,83.64594985930715,0.3403378079467248,0.7709309040887092,0.3602813740196598,83.64594985930715,0.3542647819438878,2651292.5995159929,0.13939721517483165 
 03/18  11:50:00,10.415,76.66666666666667,8.178333333333335,147.66666666666667,135.66666666666667,0.0,0.0,0.0,0.0,0.0,0.0,0.0,0.0,0.0,0.0,2420.0,0.0,571.3062974222037,56.77503816249675,145.4844800582286,17.130558355921218,455.9558305552415,0.0,56.77503816249672,77.61578155368426,0.0,0.0,20.89330024062229,-959.403446250059,20.752862234063174,264.2296697647862,21.15442712546158,-1274.2229505822953,20.346090090955334,443.83811551645797,16.39250215511671,40.324069408673498,18.958587412883973,-30.825214006797866,18.233266182095965,171.67200502006154,17.02153532126083,-1.340456958544081,17.443542769738806,-36.770157095371818,1009.7604119422936,575.535552288791,0.0,0.0,0.0,0.0,0.0,0.0,0.0,0.0,0.0,0.0,0.0,0.0,0.0,0.0,0.0,0.0,0.0,0.0,0.0,0.0,0.0,0.0,1.0818657847600127,0.33023986103785488,390.60449217356338,459.0715267735517,8597.94305817762,0.2471755186179823,0.0377252012542708,236.0796147747466,277.84855070267738,4982.005368125818,0.9024981218933201,0.17054008350213918,356.3217310760526,418.5599371348066,8065.733240525529,0.2605677849470281,0.049238054600723359,293.61793578447716,345.8945106779747,6129.467371071107,0.0,0.0,11.387003467674019,13.61524982240444,140.46392933813216,0.0,0.0,38.89358477813242,46.12758731581697,661.8505267262141,0.0,0.0,263.11099088165977,312.27519301772136,4363.0075141261609,0.0,0.0,30.296044046057057,36.151437249210989,408.1774835604071,0.0,0.0,154.577769802611,184.30477746399718,2161.454742828322,49.28862900963677,33.80564403953141,528.4440800196314,624.4981539744597,10929.020958843266,0.0,0.0,183.5029289367387,218.97988516652789,2480.377502811095,1220.9835555794055,21.537978753060686,37.076925214815,21.75,30.0,0.0,21.01737300204394,38.25200634205777,16.0,30.0,1803.9996388980704,21.75838604156783,36.587447628974377,21.5,30.0,0.0,20.888343504676777,38.564807034571959,16.0,30.0,0.0,16.510852742746978,50.84532295605021,12.0,30.0,0.0,18.90244460588744,43.67086764923778,16.0,30.0,0.0,18.67801425416231,44.2656497522959,10.0,30.0,0.0,17.08890531562304,48.95416279251391,16.0,30.0,0.0,17.34807908559879,48.14101660814214,12.0,30.0,0.0,19.885509538331417,0.0,0.0,0.0,17.096832680935934,0.0,0.0,526.8917765523909,530.7243383199225,525.7615857076502,528.3421312808647,565.5427049853145,556.0383412345123,547.2643950298937,557.934610945263,554.2523832946985,9745.934768382678,81.56068270424558,83.40134778873719,60.0,0.0,60.0,60.0,16.0,16.0,16.0,12.0,16.0,12.0,21.0,10.0,1.0,0.0,1220.9835555794055,0.0,1803.9996388980704,0.0,0.0,0.0,0.0,0.0,2785.464682432097,1671278.8094592584,2165684.49680335,81.56068270424558,83.43260839246058,0.3478488227477366,0.7683999866787767,0.36028137401965956,83.43260839246058,0.3542647819438875,2165684.49680335,0.11414226050044088 
 03/18  12:00:00,10.5,77.0,8.07,147.0,130.5,0.0,0.0,0.0,0.0,0.0,0.0,0.0,0.0,0.0,0.0,2420.0,0.0,573.8753793024226,56.3810015889345,144.47475887830809,17.20758731929247,458.0061470646684,0.0,56.38100158893448,77.07710368383879,0.0,0.0,21.00207856937994,-1191.1270942812712,20.82423595317641,138.19408747545254,21.06654065534318,-749.6856445641879,20.34786961073854,206.644219500625,16.406033924640047,39.934156597424948,18.97195606405807,-30.689663938031118,18.275193869302059,135.28085660279977,16.975312817292058,7.713809708054612,17.465102907722984,-22.932374977852534,985.9002810819379,561.5563939277608,0.0,0.0,0.0,0.0,0.0,0.0,0.0,0.0,0.0,0.0,0.0,0.0,0.0,0.0,0.0,0.0,0.0,0.0,0.0,0.0,0.0,0.0,0.9980040173662363,0.3046410309420746,438.04904306380538,515.2382628911175,9517.761517431014,0.21969670751770085,0.03353124351613261,226.407274047808,266.5375639819882,4772.0217477830669,1.00216826619301,0.18937419996088634,332.61611309474025,390.47077208553017,7363.975680795555,0.24623565351385766,0.046529790913427359,229.71400785378257,270.4407912308872,4723.020350934023,0.0,0.0,11.198331899851038,13.388412207687399,136.51831810709118,0.0,0.0,36.6430599364794,43.46094763445363,617.9419307508049,0.0,0.0,259.6129550345813,308.0263360658818,4289.682933066673,0.0,0.0,32.21346558721337,38.444503679237879,425.3772154532253,0.0,0.0,152.52694764933038,181.7972785796237,2118.2088176071376,48.55666725740578,33.30361265940041,496.8239144072992,587.1771133579598,10160.133911599014,0.0,0.0,182.4525962834703,217.63918018938524,2456.718536176415,1751.540907093154,21.573445966066048,37.102042676317669,22.0,30.0,0.0,21.090092000384897,38.16191448529675,16.0,30.0,1428.8300431927233,21.580151602657204,37.05986601522451,21.5,30.0,0.0,20.813092165520915,38.80014903196563,16.0,30.0,0.0,16.525424073055559,50.7547381423923,12.0,30.0,0.0,18.913350444903455,43.6261691930849,16.0,30.0,0.0,18.736139408903726,44.13100549345085,10.0,30.0,0.0,17.04001099153185,49.08041076454196,16.0,30.0,0.0,17.387191315397325,48.01094973465483,12.0,30.0,0.0,19.843593748922126,0.0,0.0,0.0,17.154363394758783,0.0,0.0,517.7431177484161,522.580246032074,520.7788299015606,523.7785630017415,556.0722551586192,546.7691511993158,536.3883455812392,547.522162207368,543.3571604775887,9267.478420979542,81.8770181560852,83.68379824066006,60.0,0.0,60.0,60.0,16.0,16.0,16.0,12.0,16.0,12.0,21.0,10.0,1.0,0.0,1751.540907093154,0.0,1428.8300431927233,0.0,0.0,0.0,0.0,0.0,2734.2406057303799,1640544.363438228,2130349.2839272988,81.8770181560852,83.71448336459437,0.346141353524346,0.7702240960349648,0.36028137401965956,83.71448336459437,0.3542647819438875,2130349.2839272988,0.11230149609755286 
 03/18  12:10:00,10.568333333333334,77.0,8.151666666666668,146.33333333333332,125.33333333333333,0.0,0.0,0.0,0.0,0.0,0.0,0.0,0.0,0.0,0.0,2421.0,0.0,574.8401843528199,55.97618787375321,143.43742068282627,17.236512711413185,458.7761061229596,0.0,55.97618787375318,76.52369264433372,0.0,0.0,20.87133973408868,-356.8451725382281,20.799521639316759,35.34733813513511,21.059986061676434,-676.9729921867922,20.332284720706534,94.95495348281406,16.41929665699622,38.90915704157611,18.990719251416694,-28.067589359371085,18.234193021211465,99.97688463916939,16.943466518486617,14.3178788884926,17.48927558528482,-14.127106536842576,851.5818483137891,546.9026077848232,0.0,0.0,0.0,0.0,0.0,0.0,0.0,0.0,0.0,0.0,0.0,0.0,0.0,0.0,0.0,0.0,0.0,0.0,0.0,0.0,0.0,0.0,1.0081423987600214,0.3077357749572715,244.4996461403579,288.24344171921958,5130.457576959219,0.19430950018518029,0.029656517122280264,70.6085860449126,83.29997097358891,1474.7332117912222,0.9546460110236856,0.18039418197726493,302.88543650920078,356.4208808370426,6524.622190611315,0.21675757985450659,0.04095948220984628,182.43224874137619,214.95752342361329,3709.7501063173497,0.0,0.0,10.793963494987928,12.905343518078809,130.3960360527949,0.0,0.0,35.88358451265706,42.531338848117027,601.9358431861091,0.0,0.0,255.20841928165317,302.9220042827218,4133.6149210709559,0.0,0.0,32.64305481451669,38.96529654719682,424.75082281583357,0.0,0.0,150.97426701593296,179.96202132455498,2088.048904896994,48.547552393793399,33.2973610382671,335.0831138694237,396.78744103698286,6930.843712696828,0.0,0.0,181.28891964518457,216.2553305609586,2436.125788130537,540.8762008300456,21.22103747365913,37.97997116782378,21.25,30.0,0.0,21.00881497573944,38.425348667455008,16.0,30.0,1003.1517110881631,21.478170036191256,37.42334348835422,21.25,30.0,0.0,20.765369955506693,39.02391271142882,16.0,30.0,0.0,16.539253126449418,50.708319417764197,12.0,30.0,0.0,18.935590758197337,43.58846304004635,16.0,30.0,0.0,18.638009216872594,44.45313829323935,10.0,30.0,0.0,17.01159536657584,49.201152958508568,16.0,30.0,0.0,17.42884085068696,47.931930728983228,12.0,30.0,0.0,19.381511735045117,0.0,0.0,0.0,17.212051136445909,0.0,0.0,513.4322038241636,516.7073631067967,509.4455612771775,515.228656409286,546.8211247770264,538.2002274876372,528.6349741140351,536.9760537029869,533.3559937083938,4776.0725431377709,80.8240210566269,82.60767152268436,60.0,0.0,60.0,60.0,16.0,16.0,16.0,12.0,16.0,12.0,21.0,10.0,1.0,0.0,540.8762008300456,0.0,1003.1517110881631,0.0,0.0,0.0,0.0,0.0,2699.274323075528,1619564.593845317,2102840.1006821205,80.8240210566269,82.6379638289112,0.17497581076918429,0.3478879786507908,0.18014068700982978,82.6379638289112,0.17713239097194376,2102840.1006821205,0.11086768523547026 
 03/18  12:20:00,10.636666666666667,77.0,8.233333333333335,145.66666666666669,120.16666666666667,0.0,0.0,0.0,0.0,0.0,0.0,0.0,0.0,0.0,0.0,3030.0,0.0,574.2773995989029,55.5620672666467,142.37623303088433,17.21963397095287,458.32691099695969,0.0,55.56206726664667,75.95755837796718,0.0,0.0,21.06388274800208,-1282.832642077501,20.78887626110668,166.77929669621654,21.007889720010675,-596.0454597063235,20.288635889954834,183.5808507725118,16.430495867287236,39.367786632578937,19.002567177881759,-32.93945185215698,18.244901519330456,175.51638918922584,16.916239762111986,14.719967508638684,17.502088762069314,-24.68394744680591,1000.5808949424809,520.4155647246271,0.0,0.0,0.0,0.0,0.0,0.0,0.0,0.0,0.0,0.0,0.0,0.0,0.0,0.0,0.0,0.0,0.0,0.0,0.0,0.0,0.0,0.0,0.9821437504750525,0.29979967963218948,360.59178392966097,423.9037594546059,7764.487743653808,0.21143775544256933,0.032270719695141839,185.6760813734572,218.70284510959258,3825.129792949286,0.9762859717057034,0.18448336577961145,270.47914101717859,318.32522476728,5762.341546731786,0.23975563900746178,0.04530529837631552,233.82199616234915,275.7377171844548,4687.671893748168,0.0,0.0,11.132359247711097,13.311813940647584,133.16819939620536,0.0,0.0,39.86463741969595,47.28115093584551,663.8336282931618,0.0,0.0,257.79881723779826,306.01991975258559,4157.49220523387,0.0,0.0,33.14161812130669,39.56847787880127,424.9544920093785,0.0,0.0,147.10368689171774,175.355589513512,2019.5253543671809,48.749504202588827,33.43587393867548,418.41898277268498,495.1495749568594,8378.483784412301,0.0,0.0,177.3460715787582,211.58058698799935,2355.354860518298,1414.1291693194799,21.54042575926315,37.35039751508827,21.799999999999998,30.0,0.0,20.985267053263756,38.57208904429683,16.0,30.0,787.3142794737679,21.358849037899593,37.765121164606828,21.200000000000004,30.0,0.0,20.706069679486569,39.27286090864855,16.0,30.0,0.0,16.549151426140506,50.69712681984459,12.000000000000002,30.0,0.0,18.944131820433314,43.60850322546347,16.0,30.0,0.0,18.67307943381063,44.41361912315695,10.0,30.0,0.0,16.98546749726851,49.3182517449325,16.0,30.0,0.0,17.44641237964639,47.918203664046227,12.000000000000002,30.0,0.0,19.58548619339234,0.0,0.0,0.0,17.2044577084941,0.0,0.0,505.1124829496179,510.2831045237627,504.69754581431359,506.7230074155593,539.0799323070662,530.4086128897383,522.8825780914852,530.9579055891272,528.4468352680078,9702.838551850247,81.58920442325226,83.0007669634678,60.0,0.0,60.0,60.0,16.0,16.0,16.0,12.0,16.0,12.0,21.0,10.0,1.0,0.0,1414.1291693194799,0.0,787.3142794737679,0.0,0.0,0.0,0.0,0.0,2136.2016149254056,1281720.9689552433,1659262.7478791965,81.58920442325226,83.0247399814667,0.34320672049751357,0.7694879263991599,0.36028137401965956,83.0247399814667,0.35426478194388757,1659262.7478791965,0.08777832955638489 
 03/18  12:30:00,10.705,77.0,8.315000000000002,145.0,115.0,0.0,0.0,0.0,0.0,0.0,0.0,0.0,0.0,0.0,0.0,1818.0,0.0,572.2647370541806,55.13995801682592,141.29457399098585,17.159281270612593,456.72058298839968,0.0,55.1399580168259,75.38050303135324,0.0,0.0,21.133369457239036,-1529.4707776139513,20.83704406137896,184.9627185444193,20.93673999692467,-374.40837212888786,20.275195628603563,209.11323007686642,16.444682356471455,40.50359452883582,19.01717666456825,-29.42241846052054,18.290246512065737,161.21661586112345,16.89433019298295,19.12233747094296,17.513088641773984,-19.404953287435388,952.655569372143,524.0876394324115,0.0,0.0,0.0,0.0,0.0,0.0,0.0,0.0,0.0,0.0,0.0,0.0,0.0,0.0,0.0,0.0,0.0,0.0,0.0,0.0,0.0,0.0,0.9815907196551142,0.29963086680559039,394.930562460171,463.6054669809302,8579.486325448079,0.2126888701203722,0.03246167126379306,209.225495985203,246.20385790890374,4299.91297740716,0.9876035128146983,0.18662197898992786,247.19546942115836,290.8384172006886,5153.30675113796,0.24823892880739474,0.04690833877690751,245.1007823342141,288.86511324121866,4869.465326870557,0.0,0.0,11.258289101595157,13.452941294392243,133.48418380338846,0.0,0.0,38.13449591328163,45.198042138810439,631.0653003119307,0.0,0.0,260.130179257458,308.51605615972178,4194.919723563162,0.0,0.0,34.06199553509025,40.64421454682094,430.802947552458,0.0,0.0,149.81784942645224,178.46680273867845,2041.588465420484,48.9299378480581,33.55962815367497,453.3666204980801,535.8293248177258,9094.682169625901,0.0,0.0,180.84343943023925,215.56599430327845,2401.036667867715,1811.9742177102576,21.642502921560977,37.17442127805158,21.999999999999994,29.99999999999999,0.0,21.043026138146673,38.51946493794853,15.999999999999993,29.99999999999999,0.0,21.159657260768367,38.27874866466166,20.999999999999994,29.99999999999999,0.0,20.681598478194759,39.38626064667639,15.999999999999993,29.99999999999999,0.0,16.564655923686439,50.68791661882847,11.999999999999995,29.99999999999999,0.0,18.960050377249407,43.61682692282176,15.999999999999993,29.99999999999999,0.0,18.742575168267508,44.28239100813458,9.999999999999997,29.99999999999999,0.0,16.96577822984521,49.43390060208591,15.999999999999993,29.99999999999999,0.0,17.463863430943954,47.9181437400314,11.999999999999995,29.99999999999999,0.0,19.79055450312135,0.0,0.0,0.0,17.27183888862271,0.0,0.0,500.64964121530928,504.1332319587624,501.6498553648909,503.65749674378307,531.6926194810975,524.2272175274541,517.6010363512222,525.2678561098694,523.4360655739297,9439.249797355702,81.7635501605532,81.76355016055321,59.99999999999998,0.0,59.99999999999998,59.99999999999998,16.0,16.0,16.0,12.0,16.0,12.0,21.0,10.0,1.0,0.0,1811.9742177102576,0.0,0.0,0.0,0.0,0.0,0.0,0.0,0.0,0.0,0.0,81.7635501605532,81.7635501605532,0.3399999999999999,0.7703285052562446,0.36028137401965945,81.7635501605532,0.35426478194388735,0.0,0.0014733333333333337 
 03/18  12:40:00,10.773333333333334,77.0,8.396666666666669,143.5,185.83333333333332,0.0,0.0,0.0,0.0,0.0,0.0,0.0,0.0,0.0,0.0,606.0,0.0,799.1776564024118,56.664695531230709,145.2019135035495,23.96318746771247,637.8177220175271,0.0,56.66469553123068,77.46493481114413,0.0,0.0,21.197673330087807,-1694.4319307058075,20.974444662898809,112.90258626004658,20.609260480733167,4.622860161569408,20.219848191477735,150.54299506280047,16.48260312227432,40.41565526859315,19.13618045566733,-29.58869175024371,18.30761138950441,143.11648721226636,16.87984922383656,23.380172924159536,17.530896414768067,-15.850760140443534,911.5869581423253,527.4230608411838,0.0,0.0,0.0,0.0,0.0,0.0,0.0,0.0,0.0,0.0,0.0,0.0,0.0,0.0,0.0,0.0,0.0,0.0,0.0,0.0,0.0,0.0,0.9643482939269197,0.29436761108880346,420.08075836307577,491.61975441411149,9123.529520140806,0.19403362929717769,0.029614412285894045,174.3646231453599,204.46548625781339,3588.153118041036,1.03380244975234,0.19535193683906666,213.95180143748295,250.98608875215846,4370.533997613128,0.24731926327147758,0.04673455466203281,224.8813705529664,264.20974482562249,4384.761950953782,0.0,0.0,11.204596711224845,13.34433956299175,132.29744543598123,0.0,0.0,35.15264820483442,41.51687069428473,582.6047770985102,0.0,0.0,260.4625619722165,307.91473070750006,4172.374261647602,0.0,0.0,34.907999639069128,41.524170966720337,436.2024584054492,0.0,0.0,152.79773975814178,181.42161325042813,2070.6963562687617,48.96460660312322,33.583406449330087,389.7099827464302,459.261906945442,7769.7038754347599,0.0,0.0,184.64009066011506,219.33215967100089,2456.7925847993526,1914.2628576060322,21.703481934772808,37.11227106060206,22.00000000000001,30.000000000000015,0.0,21.12134355320598,38.39799172166626,16.000000000000008,30.000000000000015,151.2304944696281,21.00334989372096,38.69665104708679,21.00000000000001,30.000000000000015,0.0,20.559326372385688,39.716558909981348,16.000000000000008,30.000000000000015,0.0,16.606627963408099,50.61774201111412,12.000000000000006,30.000000000000015,0.0,19.038905003677486,43.467361684510077,16.000000000000008,30.000000000000015,0.0,18.75383106701032,44.30463219973591,10.000000000000004,30.000000000000015,0.0,16.955399927028077,49.537312886274687,16.000000000000008,30.000000000000015,0.0,17.492147273642304,47.895600793323,12.000000000000006,30.000000000000015,0.0,19.654530320115069,0.0,0.0,0.0,17.35334992596673,0.0,0.0,495.39980707675047,500.10224107344245,498.6678146989131,502.65540385513847,523.9898272217844,518.1801633528995,513.4546550935487,519.2303809005629,518.1770345028981,8592.877905100266,82.32320216046061,82.32320216046061,60.00000000000003,0.0,60.00000000000003,60.00000000000003,16.0,16.0,16.0,12.0,16.0,12.0,21.0,10.0,1.0,0.0,1914.2628576060322,0.0,151.2304944696281,0.0,0.0,0.0,0.0,0.0,0.0,0.0,0.0,82.32320216046061,82.32320216046061,0.3400000000000002,0.7721875891504307,0.3602813740196597,82.32320216046061,0.35426478194388769,0.0,0.00145 
 03/18  12:50:00,10.841666666666667,77.0,8.478333333333334,142.0,256.66666666666665,0.0,0.0,0.0,0.0,0.0,0.0,0.0,0.0,0.0,0.0,2424.0,0.0,1053.684133355343,59.61533426811062,152.76304002503239,31.59447127934562,840.9369658862963,0.0,59.615334268110597,81.49868166640894,0.0,0.0,21.173031225278359,-922.477616254334,21.15236409727006,175.12658713247925,21.21578606460221,-1221.0192426827526,20.395887968348064,485.36893685458429,16.523053853960414,40.73117100713337,19.289700663549334,-40.80070886325626,18.330323780248507,175.861201522167,16.873825548377189,29.605405252313234,17.547933415540166,2.4094968508334206,982.2919092829293,497.99648001010817,0.0,0.0,0.0,0.0,0.0,0.0,0.0,0.0,0.0,0.0,0.0,0.0,0.0,0.0,0.0,0.0,0.0,0.0,0.0,0.0,0.0,0.0,1.0185998305840552,0.31092790921369209,405.72655209041508,476.85263802214788,8600.625320719013,0.2217894048414909,0.033850641764574317,197.19485132507959,231.86871784508217,4075.0624554279968,0.8612744811793769,0.1627502798902829,370.5876860767838,435.20277524112705,8114.979916048026,0.26023505198137417,0.04917517989066026,301.4630397953418,355.08036239777348,6053.4205179207979,0.0,0.0,11.294642441736242,13.497916389494506,132.5715277827482,0.0,0.0,42.26824420801226,50.08299489526801,700.9288453575175,0.0,0.0,264.4700560855269,313.73747092674406,4216.81392522718,0.0,0.0,34.637302258896088,41.34987001845462,427.9613012927263,0.0,0.0,149.89849241039458,178.60937955222614,2016.9144756915985,49.339840424188157,33.84076846652138,526.2329201854248,621.672417079267,10500.314119443654,0.0,0.0,181.2661419654777,216.06969244203067,2402.307166526506,967.0443148761569,21.570524391940887,37.4750019722307,21.75,30.0,0.0,21.22482336887265,38.2140933348865,16.0,30.0,1796.1281155773289,21.835805247173086,36.87887191823932,21.5,30.0,0.0,20.911807785899748,38.97534412742634,16.0,30.0,0.0,16.643812185939564,50.53781464310123,12.0,30.0,0.0,19.11727791384095,43.30063030506541,16.0,30.0,0.0,18.789013049140505,44.28098056623251,10.0,30.0,0.0,16.957294814433923,49.582326529261539,16.0,30.0,0.0,17.51648807303575,47.88634959453638,12.0,30.0,0.0,19.97883126550959,0.0,0.0,0.0,17.399594537936474,0.0,0.0,494.32703990129456,496.8533415836413,494.2361309740418,496.2827037075208,520.5473442374594,514.5926898839475,508.4889224247415,515.7284453788593,513.7273973383224,7214.797388445044,81.87958750263411,83.66389432902958,60.0,0.0,60.0,60.0,16.0,16.0,16.0,12.0,16.0,12.0,21.0,10.0,1.0,0.0,967.0443148761569,0.0,1796.1281155773289,0.0,0.0,0.0,0.0,0.0,2700.2665800070619,1620159.9480042372,2102532.326256875,81.87958750263411,83.69419778243392,0.2600088860002354,0.5763656406288251,0.27021103051474468,83.69419778243392,0.2656985864579156,2102532.326256875,0.11077501429869086 
 03/18  13:00:00,10.91,77.0,8.56,140.5,327.5,0.0,0.0,0.0,0.0,0.0,0.0,0.0,0.0,0.0,0.0,1214.0,0.0,1240.9296177494817,61.88087998820129,158.5686478236433,37.20896870265418,990.3759473964465,0.0,61.880879988201268,84.59585442756432,0.0,0.0,21.02200992508248,-270.1499195311444,21.293715791806489,-211.50587507966385,20.897911400911537,-668.2714983001724,20.42519553987498,48.39440759468789,16.5790237759733,37.7953650723378,19.48768414102485,-52.98485466789339,18.308062487677828,96.8266749352606,16.872345456355789,33.8953109906505,17.57404718002063,7.8309416139404679,897.7165964645856,475.70343192796329,0.0,0.0,0.0,0.0,0.0,0.0,0.0,0.0,0.0,0.0,0.0,0.0,0.0,0.0,0.0,0.0,0.0,0.0,0.0,0.0,0.0,0.0,0.9652677601326878,0.2946482784287814,247.18117509145277,290.3040712040973,5186.324829631894,0.17326377259217458,0.02644440973629038,198.37087499841199,233.07687453593526,4061.546524420301,0.9422522405827858,0.17805219965661113,377.00603812911,443.07879698712818,7767.0146404632819,0.21038038913136576,0.03975441971492172,243.5156118774963,286.6122576055755,4848.717322614129,0.0,0.0,10.71638122241804,12.790410683951177,125.72524034068752,0.0,0.0,43.69459052939909,51.683690640751269,732.1728907129223,0.0,0.0,262.8282206741859,311.49805442989466,4122.587811628247,0.0,0.0,34.798910242418397,41.49286333097105,425.6968055413247,0.0,0.0,149.64818239734235,178.0773726625187,2004.5353531189367,49.25764344898528,33.78439194031914,405.19745123457326,478.6958476190186,8024.8446047062939,0.0,0.0,181.45639883686614,215.96985994106067,2414.2376755975935,715.5494475818581,21.49771786257203,37.64926001391083,21.5,30.0,0.0,21.2217717629396,38.31545126728413,16.0,30.0,1198.5886336232903,21.34757436947214,38.04443450239157,21.5,30.0,0.0,20.867009538388439,39.163380974063787,16.0,30.0,0.0,16.710447064266245,50.39143819381879,12.0,30.0,0.0,19.275394412513334,42.9388318357924,16.0,30.0,0.0,18.725283889237166,44.493463719311929,10.0,30.0,0.0,16.96376365780514,49.63165526797402,16.0,30.0,0.0,17.554500803134009,47.8279264461375,12.0,30.0,0.0,19.721000486369499,0.0,0.0,0.0,17.494882456933515,0.0,0.0,495.0330337897554,492.6818001671769,493.07511699186667,492.715029725857,515.2765147947222,509.9344799668127,506.4897296782524,511.18534262570418,510.0539014817011,8680.202524396927,82.26537529749503,82.26537529749503,60.0,0.0,60.0,60.0,16.0,16.0,16.0,12.0,16.0,12.0,21.0,10.0,1.0,0.0,715.5494475818581,0.0,1198.5886336232903,0.0,0.0,0.0,0.0,0.0,0.0,0.0,0.0,82.26537529749503,82.26537529749503,0.34,0.7655074169818146,0.36028137401965956,82.26537529749503,0.3542647819438875,0.0,0.0014366666666666664 
 03/18  13:10:00,11.005,76.5,8.665000000000001,139.0,398.33333333333339,0.0,0.0,0.0,0.0,0.0,0.0,0.0,0.0,0.0,0.0,1822.0,0.0,1432.9266771800135,64.08222328536424,164.20973240458449,42.965938413318308,1143.6070953007657,0.0,64.08222328536421,87.60525760908658,0.0,0.0,20.66948375889639,-252.88417467134787,21.354358898907138,-167.35352209964018,21.03930395768466,-802.2534715349875,20.32075700496887,204.7468995505548,16.632154911183834,35.58210955420723,19.69251132506378,-84.88610248308882,18.292744641707665,142.27905799180068,16.874594233674427,37.03767087521722,17.599823625094794,13.508825481463948,844.0748879009354,418.92884932987729,0.0,0.0,0.0,0.0,0.0,0.0,0.0,0.0,0.0,0.0,0.0,0.0,0.0,0.0,0.0,0.0,0.0,0.0,0.0,0.0,0.0,0.0,0.9326009445705064,0.28467672300687016,215.1178289729014,253.3180193145588,4291.409090417174,0.17399468734128716,0.026555965711429667,107.22319828965269,126.13934743712214,2158.154017910038,0.8907293378566572,0.16831620140904339,264.0673394885981,310.5168485467494,5418.282507746331,0.2197225679061873,0.04151975961946093,221.88239774217423,261.46796116459287,4284.176080238266,0.0,0.0,10.601821146190412,12.659747283010859,123.5308249800814,0.0,0.0,53.274299177004809,63.02798456085111,897.3677943123162,0.0,0.0,262.8440411307294,311.7625746025335,4060.995434765369,0.0,0.0,34.22764897354064,40.840439030750477,412.7813683900406,0.0,0.0,141.0138288208679,167.90468173816965,1871.5305536672273,49.4957899764582,33.94772975065722,326.9320793408872,386.787334079725,6421.937514237603,0.0,0.0,171.81918312780108,204.6371284293935,2258.962269846828,49.48596402688299,20.997676482401447,38.90530805933561,21.0,30.0,0.0,21.126240222047387,38.59993868259639,16.0,30.0,1087.4392025112748,21.497860028011865,37.82131837211936,21.333333333333337,30.0,0.0,20.698605429256565,39.626556030192357,16.0,30.0,0.0,16.76783377000348,50.255469824070278,12.0,30.0,0.0,19.41996875416292,42.60200446312403,16.0,30.0,0.0,18.704001966398445,44.61345826965274,10.0,30.0,0.0,16.974263743398379,49.64568492034857,16.0,30.0,0.0,17.590496368630054,47.76790080487808,12.0,30.0,0.0,19.46071456178269,0.0,0.0,0.0,17.513180263057554,0.0,0.0,490.2441131032582,490.0303042793307,486.1413402649887,489.99082298427165,511.76330001157108,506.63512690240347,502.9525953571099,508.16474443122555,506.9883467770393,6816.192728141173,81.18561483325019,83.55235963784004,60.0,0.0,60.0,60.0,16.0,16.0,16.0,12.0,16.0,12.0,21.0,10.0,1.0,0.0,49.48596402688299,0.0,1087.4392025112748,0.0,0.0,0.0,0.0,0.0,3581.7137512371248,2149028.2507422745,2784303.7024641719,81.18561483325019,83.59255482167552,0.23272379170790415,0.46377787837487086,0.24018758267977304,83.59255482167552,0.236176521295925,2784303.7024641719,0.14621379252813694 
 03/18  13:20:00,11.100000000000002,76.0,8.770000000000002,137.5,469.1666666666667,0.0,0.0,0.0,0.0,0.0,0.0,0.0,0.0,0.0,0.0,2432.0,0.0,1628.4888577950106,66.20229181780046,169.64254516162667,48.829804969756967,1299.6835112448023,0.0,66.20229181780043,90.50355202540114,0.0,0.0,21.167149617142245,-1385.5269286837066,21.559203838980879,30.304081843541895,21.01270596152285,-360.44309489295849,20.33238597215038,196.29290705275435,16.691877619166964,37.050454255360779,19.9179208449298,-104.49993739789807,18.35097878734436,205.49048358219444,16.878866058530425,42.40314246525173,17.624342928693126,23.47073721421748,955.4026330150978,409.1518573347937,0.0,0.0,0.0,0.0,0.0,0.0,0.0,0.0,0.0,0.0,0.0,0.0,0.0,0.0,0.0,0.0,0.0,0.0,0.0,0.0,0.0,0.0,0.9357203295608062,0.28562891622735239,385.05024636469889,452.0524799652953,8104.978741756524,0.18625059106893222,0.028426524888420673,145.46070217461284,171.02734383574768,2943.241042677083,0.971885547335184,0.1836518419000726,274.38741010066635,323.0407013463613,5506.221263320606,0.24318840630281683,0.045953969444976709,243.7819506570652,287.3148699208419,4660.271603681482,0.0,0.0,11.010200872683244,13.14691419632359,127.64282796622423,0.0,0.0,57.8894486715169,68.47639180219837,982.3145483147673,0.0,0.0,272.7677193931967,323.47196516485516,4225.730890076233,0.0,0.0,35.424384939763317,42.27561032078734,421.19782440172579,0.0,0.0,143.0539870862893,170.34577217695648,1880.4391653659889,49.95369953578387,34.26179666377496,404.251670916947,478.10173689235696,7782.915506243582,0.0,0.0,174.7355676430685,208.0725318127564,2300.5899546045168,1849.2769274964465,21.73106891047077,37.343766699325509,22.0,30.0,0.0,21.266698608887315,38.35693463919393,16.0,30.0,0.0,21.16747489019321,38.63677973145219,21.0,30.0,0.0,20.705187216935195,39.709743459339978,16.0,30.0,0.0,16.835005967833778,50.10427706401197,12.0,30.0,0.0,19.58450716779913,42.237233333644358,16.0,30.0,0.0,18.822031176093405,44.3773937788045,10.0,30.0,0.0,16.98571175228087,49.67576722889015,16.0,30.0,0.0,17.6233260668956,47.74132904218354,12.0,30.0,0.0,19.689439567623109,0.0,0.0,0.0,17.619343182037384,0.0,0.0,482.8186972378594,485.90563142992149,483.6182563811352,485.54392947024089,507.9196791796098,502.5269445017385,498.3354280977461,504.62297932319799,503.16584787946649,9329.226687872282,81.83628151239269,83.53137023375284,60.0,0.0,60.0,60.0,16.0,16.0,16.0,12.0,16.0,12.0,21.0,10.0,1.0,0.0,1849.2769274964465,0.0,0.0,0.0,0.0,0.0,0.0,0.0,2565.382064892245,1539229.2389353472,1994590.5675050624,81.83628151239269,83.5601584675499,0.3405127354964082,0.7675697915342096,0.36028137401965956,83.5601584675499,0.3542647819438875,1994590.5675050624,0.10513870951026323 
 03/18  13:30:00,11.195,75.5,8.875,136.0,540.0,0.0,0.0,0.0,0.0,0.0,0.0,0.0,0.0,0.0,0.0,608.0,0.0,1867.406971317877,70.24324539897565,179.99750633603194,55.99367466996074,1490.3617980905486,0.0,70.2432453989756,96.02784193476927,0.0,0.0,21.288645439318758,-1517.816511423136,21.959877104731754,-41.5668633448754,20.63685358686685,33.75542246506302,20.31243368838229,166.49057583118339,16.77972658602127,37.16344616470218,20.230680129902497,-123.03377316722572,18.42489809062971,160.75096926296647,16.89594932705497,48.43553521024364,17.667682667808557,31.91496120191914,815.737905743852,408.9630766885348,0.0,0.0,0.0,0.0,0.0,0.0,0.0,0.0,0.0,0.0,0.0,0.0,0.0,0.0,0.0,0.0,0.0,0.0,0.0,0.0,0.0,0.0,0.9098119309500699,0.2777203696428785,337.06634970076046,394.0972709341473,7157.708558153018,0.16381669453939433,0.025002548006623067,74.93621968404313,87.67461152436879,1561.959909075624,1.0442145587414902,0.19731945554449935,227.6025928093147,266.91144479435948,4455.166648789286,0.25506407823089607,0.0481980495523235,239.45064446676677,281.1539029630389,4505.589074186403,0.0,0.0,11.019337849815507,13.10435135889003,128.18699449969248,0.0,0.0,57.322117476183368,67.4856934594895,994.7698166534535,0.0,0.0,280.6845263198461,331.53288641425777,4348.046999539616,0.0,0.0,36.673531043942478,43.60202749777983,431.55807712865649,0.0,0.0,150.69989868708786,178.75646959442194,1972.4577129575208,50.24319436324078,34.46035278685926,292.9245002483983,345.3672274905485,5631.3151988536969,0.0,0.0,183.80558657013655,217.93269054696283,2453.9511738592534,1787.2893838311327,21.886481842433836,37.0500295803408,22.0,30.0,0.0,21.687635307978785,37.49201089764386,16.0,30.0,81.65626864436135,21.0019175305142,39.13207348665995,21.0,30.0,0.0,20.64373439099119,39.92045864290149,16.0,30.0,0.0,16.949836276725546,49.857310857908817,12.0,30.0,0.0,19.877576531977814,41.58813810437948,16.0,30.0,0.0,18.917625167315156,44.215324825865277,10.0,30.0,0.0,17.018062651028126,49.68845413606838,16.0,30.0,0.0,17.689228254212258,47.64393127590394,12.0,30.0,0.0,19.41893701780028,0.0,0.0,0.0,17.809196621876617,0.0,0.0,479.84244607333098,480.4208566735254,478.88376517664218,482.8349264423732,501.9483428513926,496.541119514228,493.45573006773608,499.2483794128443,498.3523018902035,11230.431959566668,80.57888012145433,87.87606949935699,60.0,0.0,60.0,60.0,16.0,16.0,16.0,12.0,16.0,12.0,21.0,10.0,1.0,0.0,1787.2893838311327,0.0,81.65626864436135,0.0,0.0,0.0,0.0,0.0,11042.887077127814,6625732.246276689,8596432.36761987,80.57888012145433,88.0,0.3680962359042605,0.7707537223504246,0.36028137401965956,88.0,0.3542647819438875,8596432.36761987,0.44842448311623336 
 03/18  13:40:00,11.290000000000001,75.0,8.98,133.83333333333335,527.0,0.0,0.0,0.0,0.0,0.0,0.0,0.0,0.0,0.0,0.0,2432.0,0.0,1848.26860767272,68.88962103082436,176.52881739467498,55.41980588873087,1475.087518755549,0.0,68.88962103082433,94.17733479880799,0.0,0.0,21.164216310246048,-735.7910110785692,22.080615823556096,-198.5340912411212,21.27885188632131,-1244.9178959573874,20.478523067111504,460.6124523835747,16.825660000579427,37.85652802935503,20.392892816576933,-146.43938287762479,18.47572903653373,206.2891292109489,16.9101444115896,62.11037484538082,17.704388157329114,73.15594129821989,910.4130539475532,382.9631660251025,0.0,0.0,0.0,0.0,0.0,0.0,0.0,0.0,0.0,0.0,0.0,0.0,0.0,0.0,0.0,0.0,0.0,0.0,0.0,0.0,0.0,0.0,0.9498016167015544,0.2899272334253829,377.15388345484709,443.0800071389507,7723.535966239004,0.17581509071060864,0.026833805053511699,132.45465344962254,155.46218366797323,2727.191053492061,0.9369201281724355,0.17704461983606119,373.5168422917753,438.4409817400699,7880.087990982623,0.2692491609481217,0.050878526256258809,296.50891990682018,349.0131252143631,5722.609009603043,0.0,0.0,11.024138946799836,13.153935426608126,127.06878799639313,0.0,0.0,64.55413198651547,76.23398213249819,1122.6871306176716,0.0,0.0,285.6454494046719,338.495078981657,4411.688830021171,0.0,0.0,36.585803619703209,43.647158482626497,425.1823288802733,0.0,0.0,148.77397643360798,177.06572141835754,1933.3492254365474,50.88253197296203,34.89885594853363,480.89064840390179,567.849606289253,9276.386185600153,0.0,0.0,181.6949292301216,216.10984290571518,2430.816938852925,728.6084210690242,21.601236224992634,37.76812501430847,21.75,30.0,0.0,21.6991025873633,37.504064203779,16.0,30.0,1831.9801517097856,21.875087351765154,37.15992796858694,21.5,30.0,0.0,20.968622994921064,39.2385430068651,16.0,30.0,0.0,16.996188663684486,49.76660664503427,12.0,30.0,0.0,19.999575473286954,41.329291546887947,16.0,30.0,0.0,18.99560518278942,44.065849689787878,10.0,30.0,0.0,17.044576124272966,49.68219285782394,16.0,30.0,0.0,17.74303514721945,47.574223896738207,12.0,30.0,0.0,19.935434742176473,0.0,0.0,0.0,17.92459647086752,0.0,0.0,477.12489896842188,478.4156866227281,476.2138566033217,477.69320933186887,499.2531776490289,493.6668162491388,490.23119798872468,495.87728868576837,494.24350804113848,6902.416505349891,82.53575847371214,84.27108349929886,60.0,0.0,60.0,60.0,16.0,16.0,16.0,12.0,16.0,12.0,21.0,10.0,1.0,0.0,728.6084210690242,0.0,1831.9801517097856,0.0,0.0,0.0,0.0,0.0,2626.215125065672,1575729.0750394033,2062641.14730718,82.53575847371214,84.30055507911705,0.25754050416885579,0.5746738531770284,0.27021103051474468,84.30055507911705,0.2656985864579156,2062641.14730718,0.10865733965997338 
 03/18  13:50:00,11.385000000000002,74.5,9.084999999999999,131.66666666666667,514.0,0.0,0.0,0.0,0.0,0.0,0.0,0.0,0.0,0.0,0.0,1218.0,0.0,1824.9756886595315,67.52764896057686,173.0387356957424,54.7213646240978,1456.4975312897812,0.0,67.52764896057683,92.3154157212022,0.0,0.0,21.13010351584913,-228.25059745512818,22.131331803353509,-503.048839985433,20.550794965231835,-224.85789873458089,20.4999724820379,29.88611925529267,16.880809136496404,36.262111116481609,20.56578850834989,-163.53763144920186,18.49519463507722,147.64839214483528,16.93447713137489,66.4018565318288,17.757931534717707,73.87435961527763,875.7869733825255,360.8110594390896,0.0,0.0,0.0,0.0,0.0,0.0,0.0,0.0,0.0,0.0,0.0,0.0,0.0,0.0,0.0,0.0,0.0,0.0,0.0,0.0,0.0,0.0,0.9181955773971277,0.28027948027995355,250.68757697193878,293.73372188353428,5167.076921287575,0.13793178906697133,0.02105186035820686,157.194387170143,184.1842891244698,3176.2782105787566,1.0298318052795644,0.19460162609213239,408.70526621956489,480.60263346067196,7688.41912706644,0.22782419388448472,0.0430506791164937,249.75352701080846,293.7426211535875,4757.77670807639,0.0,0.0,10.732284711966195,12.786842121414744,123.07689228392903,0.0,0.0,65.56511048645837,77.27920243680197,1151.0606615992584,0.0,0.0,283.89259147732465,335.98064393944699,4334.326106135986,0.0,0.0,36.97583086309656,44.04760251421756,425.8040612139387,0.0,0.0,147.9827233247798,175.84990283028146,1917.8179941680874,51.073320872359548,35.02971253248255,414.4627230687989,489.0586671010989,7826.158131389789,0.0,0.0,181.5011434213809,215.5165376204568,2433.9868689648576,636.3386194423288,21.67307943562296,37.60101038162634,21.5,30.0,0.0,21.63534187190558,37.74942119032468,16.0,30.0,139.37707045703574,20.820476658038598,39.64662391536818,21.0,30.0,0.0,20.91727945874073,39.42732898678069,16.0,30.0,0.0,17.06331713834358,49.64421883902881,12.0,30.0,0.0,20.18209802197682,40.92687993213259,16.0,30.0,0.0,19.0021217123727,44.08252183650939,10.0,30.0,0.0,17.087218869521018,49.63262054568967,16.0,30.0,0.0,17.821637958148537,47.40112598569557,12.0,30.0,0.0,19.829621177975527,0.0,0.0,0.0,18.03765944360802,0.0,0.0,476.852573754951,473.2932207413902,475.22302147634675,474.5218521375489,495.1430203575916,490.4032154656179,488.4813856938275,492.2090961743263,491.39692594768249,8143.779321203207,82.62001797538956,82.62001797538956,60.0,0.0,60.0,60.0,16.0,16.0,16.0,12.0,16.0,12.0,21.0,10.0,1.0,0.0,636.3386194423288,0.0,139.37707045703574,0.0,0.0,0.0,0.0,0.0,0.0,0.0,0.0,82.62001797538956,82.62001797538956,0.34,0.7693940756693092,0.36028137401965956,82.62001797538956,0.3542647819438875,0.0,0.0013833333333333335 
 03/18  14:00:00,11.48,74.0,9.19,129.5,501.0,0.0,0.0,0.0,0.0,0.0,0.0,0.0,0.0,0.0,0.0,2436.0,0.0,1797.7491957905068,66.15834329011052,169.52986019004323,53.90497694478323,1434.7681991796977,0.0,66.1583432901105,90.44347105610217,0.0,0.0,21.09105034148012,-73.82649666286898,22.133206005477385,-288.55759791612447,21.22657921116074,-1357.8731135830922,20.491200513894506,399.38367372208969,16.922591448407617,36.935333370612017,20.691596093423799,-188.45596705920333,18.52699184139304,188.66710812139309,16.954438767687156,70.76702763496445,17.800580071834085,82.63313692713655,832.4250246895763,337.93840427316015,0.0,0.0,0.0,0.0,0.0,0.0,0.0,0.0,0.0,0.0,0.0,0.0,0.0,0.0,0.0,0.0,0.0,0.0,0.0,0.0,0.0,0.0,0.939609848555221,0.28681619308767428,274.7095788847941,323.0512174225954,5417.958848286695,0.16841234308673729,0.025703959567572853,88.58123484774248,104.00373695414291,1773.2365708477128,0.8862274783038511,0.16746550988356979,407.06947077868366,477.8869131514465,8362.134914326653,0.24472026640860426,0.04624343658514819,237.1455292227077,278.9197775085121,4508.538835287485,0.0,0.0,10.965333090543443,13.076769696409116,124.56230524285995,0.0,0.0,69.86926868304387,82.41493378310763,1228.146958156288,0.0,0.0,283.3159226783732,335.62194683325699,4295.512759022076,0.0,0.0,36.562703226841289,43.601312779070649,416.27609740642108,0.0,0.0,143.55515810802877,170.7441414395201,1848.8564314603182,51.423957797122,35.27020425042662,391.6882885308105,462.88618583345279,7396.946929461451,0.0,0.0,176.45137059164319,209.71006961842574,2353.7462962373958,0.0,21.38832214625151,38.34284493950008,21.0,30.0,0.0,21.572815872312387,37.94609735564549,16.0,30.0,1813.5672072652506,21.772169484126168,37.498659738146418,21.5,30.0,0.0,20.947244055444224,39.397523478241797,16.0,30.0,0.0,17.106672020944836,49.57143003087713,12.0,30.0,0.0,20.294072177902636,40.69659077735225,16.0,30.0,0.0,19.04738709688202,44.039997906286547,10.0,30.0,0.0,17.119706342495847,49.593066502894988,16.0,30.0,0.0,17.879290484527055,47.29580222530309,12.0,30.0,0.0,19.660366912962578,0.0,0.0,0.0,18.100467273514398,0.0,0.0,472.2064065649315,470.39417009738988,470.8742482284549,472.20365498937056,492.259523389699,487.6672486477245,484.6121069920347,489.48963168817098,488.39766331190779,3994.881348421639,82.99985833195938,82.99985833195938,60.0,0.0,60.0,60.0,16.0,16.0,16.0,12.0,16.0,12.0,21.0,10.0,1.0,0.0,0.0,0.0,1813.5672072652506,0.0,0.0,0.0,0.0,0.0,0.0,0.0,0.0,82.99985833195938,82.99985833195938,0.17,0.3856889684822924,0.18014068700982978,82.99985833195938,0.17713239097194376,0.0,0.0013666666666666667 
 03/18  14:10:00,11.483333333333335,73.16666666666667,9.198333333333335,127.33333333333334,488.0,0.0,0.0,0.0,0.0,0.0,0.0,0.0,0.0,0.0,0.0,1220.0,0.0,1726.0386753045669,62.52683400156374,160.22421366452404,51.75475889771038,1377.5366556257837,0.0,62.52683400156371,85.4789225366754,0.0,0.0,21.13625361425663,-391.6885309794761,22.1536422184556,-477.28131667789287,20.90293260040391,-759.2719314617125,20.488919562597027,14.503495650837977,16.962178289886425,36.49386387649119,20.79457111106179,-202.82882598322818,18.551703308732806,172.65764214018419,16.974167126122774,72.70181361993002,17.84071946070916,78.2427322279691,921.4734134689697,324.6179403521678,0.0,0.0,0.0,0.0,0.0,0.0,0.0,0.0,0.0,0.0,0.0,0.0,0.0,0.0,0.0,0.0,0.0,0.0,0.0,0.0,0.0,0.0,0.9036105134738138,0.2758273850652667,288.0993155160908,337.66776014340265,5869.143525590511,0.14656632698083325,0.0223697080251577,144.65422678870898,169.62375486276904,2880.1752281379087,1.0182761763150894,0.19241802273527773,425.4013837447791,499.36317229125526,8329.034510721978,0.21989638466733758,0.04155260481242205,242.81297587503668,285.6009913757174,4551.3778918341899,0.0,0.0,10.933253797780897,13.021600108714598,125.11583879390637,0.0,0.0,70.92605686185118,83.53397787436005,1261.767482499697,0.0,0.0,282.13284152484348,333.80501134018285,4291.634104916437,0.0,0.0,37.02376755719439,44.09349096704311,423.7340610022226,0.0,0.0,141.78367259580865,168.41458194096405,1840.6126496792809,51.26153862641475,35.15880564225978,446.6210041397323,527.0743890660667,8252.57365543349,0.0,0.0,175.06968903574978,207.7897818717496,2353.907676363121,790.6753713105679,21.6932726777898,37.67818018087107,21.5,30.0,0.0,21.52683405026071,38.098482805431228,16.0,30.0,1249.7722127007519,21.29053505950552,38.683623830348668,21.5,30.0,0.0,20.87192973453505,39.61627473155856,16.0,30.0,0.0,17.151082671816128,49.51949587924945,12.0,30.0,0.0,20.40504815397096,40.48053547581632,16.0,30.0,0.0,19.074337919741426,44.010973662983769,10.0,30.0,0.0,17.151583738965809,49.570410982090979,16.0,30.0,0.0,17.93333973303922,47.199928776139987,12.0,30.0,0.0,19.804734092673138,0.0,0.0,0.0,18.15625102951779,0.0,0.0,469.9025975997107,467.18607792424816,468.9417910007791,469.60287273936685,488.7904390420324,484.78342266763618,482.7402335595956,486.53736367091019,485.82866268105649,9665.859084503027,81.61356857798418,85.22647481985783,60.0,0.0,60.0,60.0,16.0,16.0,16.0,12.0,16.0,12.0,21.0,10.0,1.0,0.0,790.6753713105679,0.0,1249.7722127007519,0.0,0.0,0.0,0.0,0.0,5467.492642140856,3280495.585284514,4258825.722489136,81.61356857798418,85.28783396187046,0.35224975473802858,0.7701940440656658,0.36028137401965956,85.28783396187046,0.3542647819438875,4258825.722489136,0.2228089375694351 
 03/18  14:20:00,11.486666666666669,72.33333333333334,9.206666666666667,125.16666666666666,475.0,0.0,0.0,0.0,0.0,0.0,0.0,0.0,0.0,0.0,0.0,1831.0,0.0,1692.2005160632987,61.070590908958468,156.49256328046824,50.74012349894454,1350.530621733173,0.0,61.07059090895844,83.48812782437217,0.0,0.0,20.925050817865363,-184.54076152190764,22.163943726494517,-441.0774030393095,21.089579055060633,-689.216459579928,20.40682526885306,229.64368004074573,16.99606683598378,36.97407162355787,20.87928247693221,-208.42644269382942,18.586746750304696,170.35734696020814,16.99148195788527,75.68920406455563,17.87384608955123,84.83355856848596,780.8624525133652,323.685583734386,0.0,0.0,0.0,0.0,0.0,0.0,0.0,0.0,0.0,0.0,0.0,0.0,0.0,0.0,0.0,0.0,0.0,0.0,0.0,0.0,0.0,0.0,0.9159639402311659,0.2795982723538356,304.8347296010025,358.54824439976826,5846.027628331862,0.14773091286836957,0.022547453123988024,143.4292732819569,168.33031769481026,2837.419471041835,0.9587286919833571,0.18116566364009019,280.9838434020602,330.21714429661736,5520.1351559757499,0.23609188483265826,0.04461297899332164,222.77073001738544,262.3934777670452,4116.157945537858,0.0,0.0,10.941860300119324,13.04239892965349,125.8403190418141,0.0,0.0,73.05984487179183,86.10121632960969,1310.3031147724265,0.0,0.0,281.8727486226288,333.76094296556746,4305.901954912826,0.0,0.0,36.939872114507277,44.03140345836499,424.34543534163989,0.0,0.0,141.5431522689077,168.25526342487388,1847.8726079056515,51.09605506502017,35.045305257215478,346.3607250748205,409.2974961873737,6517.285299770247,0.0,0.0,174.6516974224546,207.44333936998954,2365.0190565315399,0.0,21.10323550344153,39.077934656697347,20.999999999999994,29.99999999999999,0.0,21.500840139832805,38.13899410803291,15.999999999999993,29.99999999999999,989.3611367958451,21.566640474152515,37.98244885453218,21.333333333333326,29.99999999999999,0.0,20.759866647940265,39.895251644729459,15.999999999999993,29.99999999999999,0.0,17.18384319326116,49.48363940663054,11.999999999999995,29.99999999999999,0.0,20.484002857087945,40.33969654459632,15.999999999999993,29.99999999999999,0.0,19.110911604585266,43.975287223190679,9.999999999999997,29.99999999999999,0.0,17.17698644644074,49.55637466038999,15.999999999999993,29.99999999999999,0.0,17.974395892894763,47.14496336061579,11.999999999999995,29.99999999999999,0.0,19.464631205912779,0.0,0.0,0.0,18.208536763407495,0.0,0.0,466.3580051620402,464.7264976759301,466.3181005536876,467.96733216949908,486.1775521701509,482.02285912456275,479.61432887383168,484.05110016742307,483.1291780632162,5483.308201089325,81.78790542942702,81.78790542942702,59.99999999999998,0.0,59.99999999999998,59.99999999999998,16.0,16.0,16.0,12.0,16.0,12.0,21.0,10.0,1.0,0.0,0.0,0.0,989.3611367958451,0.0,0.0,0.0,0.0,0.0,0.0,0.0,0.0,81.78790542942702,81.78790542942702,0.2266666666666666,0.4633902585956167,0.24018758267977295,81.78790542942702,0.2361765212959249,0.0,0.0013433333333333334 
 03/18  14:30:00,11.49,71.5,9.215,123.0,462.0,0.0,0.0,0.0,0.0,0.0,0.0,0.0,0.0,0.0,0.0,3057.0,0.0,1655.3443596778816,59.604740131187437,152.7362929841537,49.63499493353543,1321.1159565828148,0.0,59.604740131187408,81.48419867804306,0.0,0.0,21.017388139677729,-215.95247745708586,22.115049418299877,-455.5215682351559,21.150501973155334,-1180.7132591461896,20.441169417335997,276.6362081794017,17.027623859413965,36.308425312649777,20.949794794241148,-226.34349359042938,18.58568898854009,187.11870143016714,17.006722243905075,74.47392677465409,17.903345467947426,77.46653407812447,866.5143999358573,305.2404227339479,0.0,0.0,0.0,0.0,0.0,0.0,0.0,0.0,0.0,0.0,0.0,0.0,0.0,0.0,0.0,0.0,0.0,0.0,0.0,0.0,0.0,0.0,0.9260487524287928,0.2826766643555534,262.98762014581117,309.24435505137446,5178.434515762908,0.16024882522355225,0.024458001407746074,189.94987090831234,223.28378174427895,3723.202863550084,0.8863225945458034,0.16748348347426376,302.9070904676516,355.9984927101908,6042.592841371036,0.22879223786692536,0.043233605039101539,240.23093891520896,282.94848757643,4460.9263493872999,0.0,0.0,10.974182798360126,13.087991532885037,126.77571699635392,0.0,0.0,75.76285447624052,89.33011888624744,1367.5517251470658,0.0,0.0,277.52995601134855,328.8596145883881,4230.563823537408,0.0,0.0,36.36869577858129,43.377949614611029,418.9722438316579,0.0,0.0,136.58829652504867,162.4652573841126,1791.1701146725739,51.013447496971718,34.98864711726456,398.1805175498584,470.707377717401,7439.403439454147,0.0,0.0,169.0129800178716,200.88737287840437,2289.9044266981275,726.9019978451574,21.37947863007697,38.40002397216565,21.4,30.0,0.0,21.36267198329132,38.431296897056629,16.0,30.0,1385.9373040526155,21.493094642363127,38.126539993609799,21.4,30.0,0.0,20.806908693662565,39.76378281262936,16.0,30.0,0.0,17.21301945593743,49.461810468855407,12.000000000000002,30.0,0.0,20.547468793960744,40.24057282724041,16.0,30.0,0.0,19.097592791896984,44.05910274268872,10.0,30.0,0.0,17.196942149509618,49.568906168430377,16.0,30.0,0.0,18.007660272876156,47.11952619428846,12.000000000000002,30.0,0.0,19.688969696139066,0.0,0.0,0.0,18.216010210723334,0.0,0.0,462.9204792611836,461.2457149475779,460.8341423441778,463.7787140356187,483.2005111020168,478.3814642501745,475.8713844033035,480.82079642706386,479.61255369172758,6099.316322083675,81.24371611727642,82.78951608904932,60.0,0.0,60.0,60.0,16.0,16.0,16.0,12.0,16.0,12.0,21.0,10.0,1.0,0.0,726.9019978451574,0.0,1385.9373040526155,0.0,0.0,0.0,0.0,0.0,2339.1230278637956,1403473.8167182774,1817030.394553077,81.24371611727642,82.81576890427376,0.21397076759545986,0.4313810926364457,0.21616882441179575,82.81576890427376,0.21255886916633252,1817030.394553077,0.09582224718342665 
 03/18  14:40:00,11.493333333333333,70.66666666666667,9.223333333333333,116.5,445.0,0.0,0.0,0.0,0.0,0.0,0.0,0.0,0.0,0.0,0.0,2449.0,0.0,1591.8783386158967,56.57216004726777,144.96532178140544,47.73197697103363,1270.4641815540079,0.0,56.572160047267747,77.33843178901187,0.0,0.0,20.95897777892217,-175.27315258441053,22.216025355786728,-420.286615239921,21.096377096860079,-560.708483768056,20.492300684652237,124.75645124880461,17.05779653465666,37.11197889091228,21.00021129878601,-220.62998355085788,18.648531814844384,162.1502980343658,17.02081037091773,77.76691107607306,17.928410151084447,83.74760753330136,729.7647285234557,323.4690212089405,0.0,0.0,0.0,0.0,0.0,0.0,0.0,0.0,0.0,0.0,0.0,0.0,0.0,0.0,0.0,0.0,0.0,0.0,0.0,0.0,0.0,0.0,0.9376402546780586,0.2862149739554514,219.37205015902848,257.9510655063781,4215.501905244337,0.1472697659299935,0.02247707050213577,127.46843195420502,149.51165424230806,2524.7150408494455,0.9674066503421741,0.1828054894826483,218.68294061469647,257.30540960749928,4292.159897005003,0.2267892918889885,0.04285511940457076,201.22321337624863,237.12973040781919,3757.6360863177376,0.0,0.0,10.957020172030158,13.06535384395866,127.15284529741789,0.0,0.0,74.94304738758759,88.33620664718755,1359.9152955711334,0.0,0.0,281.7306297165901,333.701990746046,4337.491903790286,0.0,0.0,37.13075254184331,44.27702412152351,428.94111306090317,0.0,0.0,140.5051952804913,167.0733114914845,1849.9129223131473,50.898978242606649,34.91013596886603,268.0210862475799,317.11435062310758,5112.949892818348,0.0,0.0,173.74309432135505,206.43033597953409,2371.4781675544656,0.0,21.22388431354505,38.67986272071944,21.000000000000008,30.00000000000001,0.0,21.537176284826466,37.941970331476188,16.000000000000008,30.00000000000001,796.6496524137302,21.41495827038605,38.23594613175709,21.250000000000008,30.00000000000001,0.0,20.86837943028724,39.55461259499325,16.000000000000008,30.00000000000001,0.0,17.242716668105154,49.433846681189468,12.000000000000004,30.00000000000001,0.0,20.59957143165806,40.14415264630628,16.000000000000008,30.00000000000001,0.0,19.17841562960801,43.853044685209457,10.000000000000004,30.00000000000001,0.0,17.2159037098606,49.57252523349691,16.000000000000008,30.00000000000001,0.0,18.036883567723295,47.08325115536251,12.000000000000004,30.00000000000001,0.0,19.436877596850978,0.0,0.0,0.0,18.269604126455648,0.0,0.0,460.19238147055509,458.92269138936117,458.9302012554555,460.2057196240431,479.69799862425256,474.8563811617454,472.6340895975094,477.14346222988015,476.00715101553916,4345.740489010314,83.03854726144387,83.03854726144387,60.00000000000002,0.0,60.00000000000002,60.00000000000002,16.0,16.0,16.0,12.0,16.0,12.0,21.0,10.0,1.0,0.0,0.0,0.0,796.6496524137302,0.0,0.0,0.0,0.0,0.0,0.0,0.0,0.0,83.03854726144387,83.03854726144387,0.17,0.3460279716995041,0.18014068700982978,83.03854726144387,0.17713239097194376,0.0,0.00133 
 03/18  14:50:00,11.496666666666667,69.83333333333333,9.231666666666666,110.0,428.0,0.0,0.0,0.0,0.0,0.0,0.0,0.0,0.0,0.0,0.0,3067.0,0.0,1525.6508490956142,53.52073879247787,137.14607203859669,45.74615796244041,1217.6085106118795,0.0,53.52073879247784,73.1669075909623,0.0,0.0,20.977387220733605,-382.4238871729984,22.130199042216753,-440.31090888801847,21.090237259208729,-644.5163394471937,20.441419173287934,133.0745923225939,17.083732156135775,36.48067756362718,21.037974357079344,-234.54567449623984,18.64068318982548,188.87935593231598,17.03455657038218,76.59130216705803,17.952993630148528,76.37077221560922,852.6715987166853,308.8139802918411,0.0,0.0,0.0,0.0,0.0,0.0,0.0,0.0,0.0,0.0,0.0,0.0,0.0,0.0,0.0,0.0,0.0,0.0,0.0,0.0,0.0,0.0,0.9254263995332103,0.2824866909442034,279.04623805360316,328.0741353618682,5453.119125303503,0.15416940661288207,0.02353012921442034,166.05847700702757,195.2981189624996,3251.939949988263,0.9577786428519226,0.1809861381050497,246.59210214997607,290.1774856780221,4843.064671550193,0.22188886347700788,0.04192911252399997,195.89228207536127,230.95190162635596,3622.0742868300378,0.0,0.0,10.986535372970876,13.1025842140533,127.92830718515444,0.0,0.0,76.73443829308103,90.4624709086909,1398.185856778958,0.0,0.0,278.1406447517353,329.5760515802439,4267.69149144229,0.0,0.0,36.79890712204877,43.89188976395424,426.1625842723971,0.0,0.0,136.24635399390037,162.05402857779985,1800.3471364959824,50.79367215041634,34.8379095681868,356.82313027343596,422.06291026414086,6700.284112831466,0.0,0.0,168.9843260744086,200.8518529788749,2304.4309872755045,725.7977384281112,21.29032825943201,38.42431603341545,21.4,30.0,0.0,21.363781996108086,38.22857870162265,16.0,30.0,771.2230807664836,21.334873293659798,38.31109904159478,21.200000000000004,30.0,0.0,20.781398200349146,39.66137194877237,16.0,30.0,0.0,17.265529316542279,49.4018099581833,12.000000000000002,30.0,0.0,20.641503016389348,40.047402603509528,16.0,30.0,0.0,19.154517752662647,43.908997679458177,10.0,30.0,0.0,17.233508712701366,49.5455179280463,16.0,30.0,0.0,18.064472279862579,47.01898939279893,12.000000000000002,30.0,0.0,19.706153393677753,0.0,0.0,0.0,18.266695090279354,0.0,0.0,456.14221125385418,454.66137203739165,455.6079473764955,457.05333684617519,476.3833960199555,471.2528042279644,468.92858343370406,473.63916193823919,472.4839943178379,6183.525996941591,80.87521382986728,83.73951622272389,60.0,0.0,60.0,60.0,16.0,16.0,16.0,12.0,16.0,12.0,21.0,10.0,1.0,0.0,725.7977384281112,0.0,771.2230807664836,0.0,0.0,0.0,0.0,0.0,4334.648020284903,2600788.8121709425,3766326.7129690635,80.87521382986728,83.78816158618597,0.2124882673428301,0.4307490084462441,0.21616882441179575,83.78816158618597,0.21255886916633252,3766326.7129690635,0.1972089890743913 
 03/18  15:00:00,11.5,69.0,9.24,103.5,411.0,0.0,0.0,0.0,0.0,0.0,0.0,0.0,0.0,0.0,0.0,1228.0,0.0,1456.9801137281139,50.452576197106868,129.28392488407264,43.68707970834925,1162.802914380288,0.0,50.45257619710684,68.97249671109776,0.0,0.0,21.286103529611105,-1279.082892180531,22.313596905003423,-35.94504035329851,21.127755301385038,-92.56282196312805,20.42022355800784,189.37862910136665,17.11028120587507,38.554815513568,21.055136272606896,-236.64809555035004,18.768550247876087,244.73914537817019,17.04696262718783,78.03811570744006,17.971536265355526,74.60095222364908,828.175014627076,323.4264464714711,0.0,0.0,0.0,0.0,0.0,0.0,0.0,0.0,0.0,0.0,0.0,0.0,0.0,0.0,0.0,0.0,0.0,0.0,0.0,0.0,0.0,0.0,0.9126372601332036,0.27858280223846268,370.78297876178228,434.92404580381926,7181.009575686854,0.18563507806297115,0.028332582121943098,173.33987458397307,203.01915144989048,3554.092638594666,1.0973588957719239,0.20736184727360625,266.6399759919361,313.0161722498494,5265.47534087365,0.2648353700991892,0.05004447658714837,241.9214214481624,284.7213521922454,4453.631937001587,0.0,0.0,11.516432087971939,13.713543947001215,134.65222595638779,0.0,0.0,76.56971705233961,90.13865111640226,1397.9761670686335,0.0,0.0,288.2889677980711,340.8507111061297,4546.718796341127,0.0,0.0,38.13535578229376,45.41779383371055,442.73838497857,0.0,0.0,139.2040646039285,165.31879320429096,1844.3803141444817,50.86732678983233,34.88842715352013,396.80035976377487,467.77031198855777,7549.338144194502,0.0,0.0,172.76214916361296,205.02969716970808,2361.9731713476178,1592.5049296007176,21.778303883596963,37.210830592419259,22.0,30.0,0.0,21.730321706318067,37.353926951979449,16.0,30.0,0.0,21.393697433716424,38.12626852172575,21.0,30.0,0.0,20.748325447138389,39.6780515287475,16.0,30.0,0.0,17.29129299386048,49.3433479989518,12.0,30.0,0.0,20.66104447914072,39.992690891432648,16.0,30.0,0.0,19.371182131236528,43.303652859698839,10.0,30.0,0.0,17.249535187131305,49.49985832825266,16.0,30.0,0.0,18.08373138403163,46.96045988127483,12.0,30.0,0.0,19.7847859490617,0.0,0.0,0.0,18.285474400872855,0.0,0.0,453.9808832457667,455.30459607554919,455.42202105871959,455.39338218837147,472.75623317150197,468.7385166603311,466.62357716943907,470.59632345199437,469.9323989796103,5302.106395220124,84.49826686210645,84.49826686210645,60.0,0.0,60.0,60.0,16.0,16.0,16.0,12.0,16.0,12.0,21.0,10.0,1.0,0.0,1592.5049296007176,0.0,0.0,0.0,0.0,0.0,0.0,0.0,0.0,0.0,0.0,84.49826686210645,84.49826686210645,0.34,0.7685824258338756,0.36028137401965956,84.49826686210645,0.3542647819438875,0.0,0.0013900000000000002 
 03/18  15:10:00,11.49,69.0,9.316666666666667,97.0,394.0,0.0,0.0,0.0,0.0,0.0,0.0,0.0,0.0,0.0,0.0,1228.0,0.0,1386.1813731693426,47.36977928726398,121.38427987474553,41.56419459548918,1106.2989836013326,0.0,47.36977928726396,64.75807961385321,0.0,0.0,21.437512918897136,-1081.8171675923196,22.476568729331988,-374.9606584299301,20.937458254772886,88.5922623174838,20.39460372841621,148.8482279915479,17.13463699428944,38.511015497283839,21.060647280847666,-226.3909036920886,18.827536452586665,173.9633235371457,17.062838439840996,81.69569819674246,17.994679512279875,81.81274435587557,671.4193121305775,340.78100023846175,0.0,0.0,0.0,0.0,0.0,0.0,0.0,0.0,0.0,0.0,0.0,0.0,0.0,0.0,0.0,0.0,0.0,0.0,0.0,0.0,0.0,0.0,0.8937294165265464,0.27281117720590555,299.4270976977619,350.7775398014188,6271.5035086608099,0.14143420748392314,0.02158641750365127,74.79714459601124,87.53307373750255,1539.643652657535,1.1515147691276524,0.21759538343304098,230.72951418680936,270.88698860444188,4534.708564617986,0.2646724621672224,0.050013692775363247,191.92562622099309,225.63040333455894,3527.8021986840315,0.0,0.0,11.271296274703957,13.423522206951578,132.49392273980716,0.0,0.0,75.44084792520474,88.83353609862724,1380.266302687297,0.0,0.0,286.1487837671514,338.2853338337469,4547.987782218817,0.0,0.0,38.316003233832649,45.63315451160645,447.3909191424874,0.0,0.0,139.52698266786303,165.66812405717043,1859.7819023250916,51.03399931861868,35.002743016885258,238.85977768312348,282.34574394328527,4551.51066862395,0.0,0.0,173.40047001250759,205.74787933289549,2386.0063692075,1585.9401052733979,22.03998837759378,36.47045423438669,22.0,30.0,0.0,21.96946545930791,36.675079327464178,16.0,30.0,0.0,21.34192186756327,38.16758995361492,21.0,30.0,0.0,20.68613092263282,39.793675046507548,16.0,30.0,0.0,17.31281655014118,49.264438823506129,12.0,30.0,0.0,20.671587789628555,39.926448410075327,16.0,30.0,0.0,19.42787582909878,43.09019168701055,10.0,30.0,0.0,17.27276876190958,49.38985084782671,16.0,30.0,0.0,18.113512143177453,46.826576015194039,16.0,30.0,0.0,19.343639584388784,0.0,0.0,0.0,18.311070583229808,0.0,0.0,451.48697400554547,452.67547661640278,454.6432197472299,455.77871053404416,469.4602976798685,465.244902051447,462.880738069543,466.73242591111286,465.79813802554727,9940.66462704063,81.43196452862549,81.43196452862549,60.0,0.0,60.0,60.0,16.0,16.0,16.0,16.0,16.0,12.0,21.0,10.0,1.0,0.0,1585.9401052733979,0.0,0.0,0.0,0.0,0.0,0.0,0.0,0.0,0.0,0.0,81.43196452862549,81.43196452862549,0.34,0.7710807608983017,0.36028137401965956,81.43196452862549,0.3542647819438875,0.0,0.0014199999999999999 
 03/18  15:20:00,11.48,69.0,9.393333333333335,90.5,377.0,0.0,0.0,0.0,0.0,0.0,0.0,0.0,0.0,0.0,0.0,2456.0,0.0,1313.5663862692196,44.27445279896889,113.45253068777419,39.38685060878092,1048.3455302079663,0.0,44.274452798968869,60.52653363293758,0.0,0.0,21.055567140438897,-70.54894884155647,22.290839555159836,-550.9603324825494,21.209344068870214,-1136.958033721166,20.509470988098756,400.478552869959,17.156849838901157,38.78935014591596,21.079536677285476,-206.34932191119345,18.790316107582325,133.3637774294666,17.073324575131438,82.46372368215828,18.015166497760899,91.69560910397104,901.0764316957134,369.84895403463477,0.0,0.0,0.0,0.0,0.0,0.0,0.0,0.0,0.0,0.0,0.0,0.0,0.0,0.0,0.0,0.0,0.0,0.0,0.0,0.0,0.0,0.0,0.9555083664398876,0.2916692205249962,311.2498452048788,366.1742264301211,6085.25290753678,0.1588347319994961,0.024242175213598308,140.43898756469904,165.06749863595219,2821.96389763739,0.9450796144247073,0.1785864728693703,388.24097695702519,455.7963908126427,7874.0227346724609,0.2617681126938693,0.049464873902847549,296.9254224246837,349.67231738471107,5580.540343312818,0.0,0.0,10.94136161552897,13.046875095446414,129.20652539548099,0.0,0.0,73.22628700686768,86.30510818879412,1347.9443757780985,0.0,0.0,286.8601652072663,339.75450365185295,4506.680603235792,0.0,0.0,37.893547927344119,45.19616152315207,444.1084258024405,0.0,0.0,146.82571527969319,174.613225126555,1966.6018787381632,51.33399868768959,35.20850390102168,456.9789048053566,539.6642806121898,8609.66487434748,0.0,0.0,180.93953123613569,215.01003375040205,2511.45162940559,0.0,21.30179347327254,38.094256704989678,21.0,30.0,0.0,21.631443291675848,37.31311647101829,16.0,30.0,1410.0943555522343,21.681669407596674,37.22704585783714,21.5,30.0,0.0,20.916997704208265,39.07866159925319,16.0,30.0,0.0,17.330529004699366,49.18566658599897,12.0,30.0,0.0,20.718305353005755,39.76720985834349,16.0,30.0,0.0,19.322518087881844,43.30262506466953,10.0,30.0,0.0,17.285514117797335,49.31046306306255,16.0,30.0,0.0,18.137673930814704,46.71349448641641,16.0,30.0,0.0,19.909563253887023,0.0,0.0,0.0,18.370397644835284,0.0,0.0,450.29400217560819,449.55912832759057,450.29725969085777,452.2651263861836,466.817854495997,462.4809905885785,460.33691032660007,464.27964201194859,463.3222166923586,6842.721320107425,81.65006750726455,81.65006750726455,60.0,0.0,60.0,60.0,16.0,16.0,16.0,16.0,16.0,12.0,21.0,10.0,1.0,0.0,0.0,0.0,1410.0943555522343,0.0,0.0,0.0,0.0,0.0,0.0,0.0,0.0,81.65006750726455,81.65006750726455,0.255,0.5776567361180067,0.27021103051474468,81.65006750726455,0.2656985864579156,0.0,0.0014399999999999999 
 03/18  15:30:00,11.469999999999999,69.0,9.469999999999999,84.0,360.0,0.0,0.0,0.0,0.0,0.0,0.0,0.0,0.0,0.0,0.0,2461.0,0.0,1239.442808517865,41.16868603533653,105.49403144166638,37.164272694203038,989.1880912669568,0.0,41.16868603533651,56.280715004109008,0.0,0.0,20.784777558761676,-13.338296992171764,22.089065051601155,-744.642304068044,21.045007741126459,-242.77964005756895,20.530520298046576,4.626712637807486,17.175580884874216,35.93222193554932,21.06907896889522,-226.7694702972707,18.742090727314108,143.90123938202897,17.078415693301289,74.09017828982002,18.027064929284476,61.39004019963181,600.6747547943974,342.7672332438526,0.0,0.0,0.0,0.0,0.0,0.0,0.0,0.0,0.0,0.0,0.0,0.0,0.0,0.0,0.0,0.0,0.0,0.0,0.0,0.0,0.0,0.0,0.9570790114315795,0.29214866038815,185.55010456151758,218.50510765779382,3570.9228812554968,0.1487923265765985,0.022709451553204898,168.8938059203864,198.7592281665344,3299.451524685819,0.9778474298293849,0.18477842589368582,122.00543701998899,143.5474269400665,2402.8324809244388,0.2060135982240994,0.03892925136509813,129.64211231734846,152.75234334094433,2430.928536470349,0.0,0.0,10.815138646989525,12.897000908542467,128.19593296988274,0.0,0.0,76.27928737484726,89.91902988847962,1405.2107988093636,0.0,0.0,276.40954340311489,327.4971374455864,4299.053412031834,0.0,0.0,37.09297191195774,44.24234317656595,435.7085185850104,0.0,0.0,136.5688210275616,162.41535905728512,1833.6386428884035,50.94367747351392,34.940793877581587,156.52156271775665,185.61849665379203,3131.4996543719696,0.0,0.0,169.7426673082559,201.77651480023546,2327.551766336669,16.94686779196042,21.096877780825769,38.39626102132998,21.0,30.0,0.0,21.30107140416687,37.81701274787477,16.0,30.0,824.4549565001195,21.322102187924153,37.9348510925411,21.25,30.0,0.0,20.886592379521678,39.025726980189748,16.0,30.0,0.0,17.342256242212949,49.08381679500629,12.0,30.0,0.0,20.714614503635976,39.67670437178985,16.0,30.0,0.0,19.232167899009139,43.43038455048039,10.0,30.0,0.0,17.28798421134549,49.20301240188692,16.0,30.0,0.0,18.142848618667608,46.58897592010439,16.0,30.0,0.0,19.02180552326237,0.0,0.0,0.0,18.275099709021267,0.0,0.0,446.39672008228549,443.61494435232199,447.7173830235593,449.64179551399629,463.4181203790469,458.4273733993791,456.42751770217287,460.34552188556526,459.18102575565458,4844.981816781625,81.14068328009617,81.14068328009617,60.0,0.0,60.0,60.0,16.0,16.0,16.0,16.0,16.0,12.0,21.0,10.0,1.0,0.0,16.94686779196042,0.0,824.4549565001195,0.0,0.0,0.0,0.0,0.0,0.0,0.0,0.0,81.14068328009617,81.14068328009617,0.17,0.3478428745039985,0.18014068700982978,81.14068328009617,0.17713239097194376,0.0,0.0014600000000000002 
 03/18  15:40:00,11.46,69.0,9.546666666666667,79.5,354.66666666666665,0.0,0.0,0.0,0.0,0.0,0.0,0.0,0.0,0.0,0.0,5544.0,0.0,1200.1162886014013,39.046158551398729,100.0550750607932,35.985073194349329,957.8018739717575,0.0,39.046158551398708,53.37905901466698,0.0,0.0,21.2899014608562,-1273.2809882925063,22.10939454597761,-2.4748632764996385,21.168158873833165,-337.3313965698426,20.471302136644256,198.22036483511949,17.195166891426589,38.06283243005762,21.055466495651197,-221.43079043355764,18.786905159040079,219.8671154638817,17.080184016044038,75.41144156549412,18.029830850285998,64.11690283625379,855.6791259835072,373.6062120944912,0.0,0.0,0.0,0.0,0.0,0.0,0.0,0.0,0.0,0.0,0.0,0.0,0.0,0.0,0.0,0.0,0.0,0.0,0.0,0.0,0.0,0.0,0.9650218747211898,0.29457322183186565,345.7444527706693,406.2821234382446,7114.11238504371,0.18536291136246653,0.028291042637739157,127.72404369056616,150.43572219106199,2524.9453495592617,1.0329024486069787,0.19518186859542356,253.34730962683143,298.36417939325306,4999.857264325487,0.2530700691356699,0.047821252671139517,240.268950449339,283.3849746560752,4476.554089459137,0.0,0.0,11.257171461121614,13.433867787826064,133.95039804887478,0.0,0.0,74.85865771840797,88.32388782818829,1378.2914521890357,0.0,0.0,287.2767763578416,340.51688651336999,4523.177664585179,0.0,0.0,38.15487137053324,45.54153856944119,448.82528756271196,0.0,0.0,141.83094840895169,168.7895587038066,1905.9186640794727,51.20708300811578,35.121456109818868,357.2085509209535,422.91671569549478,6780.509825292085,0.0,0.0,175.73292068564423,209.0406191282163,2412.7734933334988,1803.0232623023517,21.79930926864587,36.64748818630122,22.000000000000047,30.000000000000065,0.0,21.448759904980258,37.468871826414638,16.000000000000033,30.000000000000065,0.0,21.351841295666064,37.68396824960995,21.000000000000044,30.000000000000065,0.0,20.820811049606968,38.989067707525048,16.000000000000033,30.000000000000065,0.0,17.355293622199054,48.953388696753098,12.000000000000029,30.000000000000065,0.0,20.69924897381743,39.61002251976086,19.000000000000044,30.000000000000065,0.0,19.31946226391194,43.05364208590964,10.000000000000022,30.000000000000065,0.0,17.28631162011923,49.09550640534709,16.000000000000033,30.000000000000065,0.0,18.138409794001494,46.48361855563071,16.000000000000033,30.000000000000065,0.0,19.77258066592062,0.0,0.0,0.0,18.272988990481,0.0,0.0,443.20870910343799,443.7751759037868,443.6733407763661,445.07659904534406,460.09128493970209,455.03174605508078,452.5747598320449,457.01563762697506,455.8049251856822,9869.575478820576,81.47894879843617,82.31774864530559,60.00000000000013,0.0,60.00000000000013,60.00000000000013,16.0,16.0,19.0,16.0,16.0,12.0,21.0,10.0,1.0,0.0,1803.0232623023517,0.0,0.0,0.0,0.0,0.0,0.0,0.0,1269.3151374112459,761589.0824467476,989978.4044751803,81.47894879843617,82.33199425132982,0.3445327268025979,0.7709199070066789,0.36028137401966039,82.33199425132982,0.3542647819438883,989978.4044751803,0.05295887703270939 
 03/18  15:50:00,11.45,69.0,9.623333333333333,75.0,349.33333333333339,0.0,0.0,0.0,0.0,0.0,0.0,0.0,0.0,0.0,0.0,1232.0,0.0,1159.130221407547,36.89782506206466,94.54999200842936,34.75611300879732,925.0911900275976,0.0,36.89782506206465,50.442124259372338,0.0,0.0,21.403651529061454,-1350.843607495597,22.324891006349973,-222.72232479224113,20.77899334136255,125.7129944269418,20.452173943157264,133.52931359729156,17.219935035021729,38.407925027774357,21.049691888305277,-209.02218960884307,18.85990137324616,183.81897496326565,17.087191604315139,76.78330398953847,18.040152856056439,65.54742845823512,813.3247216098744,397.2116100797675,0.0,0.0,0.0,0.0,0.0,0.0,0.0,0.0,0.0,0.0,0.0,0.0,0.0,0.0,0.0,0.0,0.0,0.0,0.0,0.0,0.0,0.0,0.9180996911997169,0.28025021098892458,355.49600374594788,416.94232440842446,7410.577512559803,0.1627401842283034,0.024838245456090259,112.78573993048865,132.3534838288608,2322.248100556608,1.1531147562579203,0.2178977241606048,255.0557942071374,299.89500772124236,4934.7351191829479,0.26666929914599565,0.05039102402607626,215.41468958596099,253.72870112792035,4003.991382250561,0.0,0.0,11.222812524015442,13.368346328711827,134.31874389279799,0.0,0.0,73.05192451267759,86.03784411078941,1347.2651013846194,0.0,0.0,291.69951264097099,345.0452611002107,4653.061124228668,0.0,0.0,39.009800640254059,46.47886869638444,460.474688898659,0.0,0.0,146.2201405630069,173.70423276375406,1971.4046682524677,51.18190268727784,35.10418565656917,320.0940063583397,378.39902940019956,6107.260659428599,0.0,0.0,180.94476825468917,214.84807698026374,2497.223325128364,1590.2168170867308,21.945511856076963,36.29817041744333,22.0,30.0,0.0,21.821063877306128,36.587649110332439,16.0,30.0,0.0,21.14091630079179,38.148267796015357,21.0,30.0,0.0,20.777139993577359,39.04799876399872,16.0,30.0,0.0,17.378043217174996,48.760852330519238,12.0,30.0,0.0,20.70136030467991,39.52525220859374,19.0,30.0,0.0,19.41355632909785,42.74985853478755,10.0,30.0,0.0,17.29459052111346,48.94968067403646,16.0,30.0,0.0,18.148332126985737,46.36420498359541,16.0,30.0,0.0,19.68603694975789,0.0,0.0,0.0,18.296944781404034,0.0,0.0,442.6554049149542,442.97950963903898,443.07773397083226,443.9951281142004,456.3210901628771,452.6043852168797,451.11891669395808,453.93716386156356,453.42593311941638,6556.868488855597,83.66902625336638,83.66902625336638,60.0,0.0,60.0,60.0,16.0,16.0,19.0,16.0,16.0,12.0,21.0,10.0,1.0,0.0,1590.2168170867308,0.0,0.0,0.0,0.0,0.0,0.0,0.0,0.0,0.0,0.0,83.66902625336638,83.66902625336638,0.34,0.7684341767475955,0.36028137401965956,83.66902625336638,0.3542647819438875,0.0,0.0015433333333333335 
 03/18  16:00:00,11.44,69.0,9.7,70.5,344.0,0.0,0.0,0.0,0.0,0.0,0.0,0.0,0.0,0.0,0.0,1232.0,0.0,1116.6228669405148,34.724232469652,88.98018387289473,33.48153781760692,891.1663835002513,0.0,34.72423246965199,47.470658395156558,0.0,0.0,20.993694072492109,-272.5766255208764,22.131732584953509,-636.3165143589331,20.71823678944218,13.549869597123689,20.435011603375423,169.5946938949055,17.243148066212265,37.95642877933025,21.050905895346597,-194.36752386507238,18.843698743498665,144.8637073259515,17.095577251229707,79.30836364028039,18.054246495373378,74.31567517728672,673.8280636887416,422.555154559273,0.0,0.0,0.0,0.0,0.0,0.0,0.0,0.0,0.0,0.0,0.0,0.0,0.0,0.0,0.0,0.0,0.0,0.0,0.0,0.0,0.0,0.0,0.9054517417942583,0.2763894205721179,261.7237693739242,307.75419463173946,5154.396744663845,0.13883883540801257,0.02119029844444636,159.7789123838292,187.82921293984553,3174.9663755318786,1.103106338701303,0.20844790980750256,224.19356755481977,263.803743177304,4319.4656032996449,0.26452156124308576,0.04998517786150523,235.96965973922549,277.97168432563219,4378.929557001869,0.0,0.0,10.87613591175753,12.955940287964485,130.80910184520418,0.0,0.0,71.06989243457181,83.70089757066887,1314.7157685472203,0.0,0.0,289.40174366370607,342.4525107011368,4588.969714010822,0.0,0.0,38.91180073961023,46.36894514914284,460.9898736610188,0.0,0.0,149.00676069700539,177.03962394612896,2017.2711410410705,51.03213155437134,35.00146197144812,232.16533233731844,274.86558815681317,4442.014954466197,0.0,0.0,183.86488154100773,218.34835929686626,2546.098398718459,221.51062335983168,21.318196527028225,37.6684672891342,21.0,30.0,0.0,21.435754061473398,37.33603091269856,16.0,30.0,58.30473116445418,21.079730314115936,38.22503507115395,21.0,30.0,0.0,20.755559219079335,39.033924311139418,16.0,30.0,0.0,17.39711345279765,48.6028508368635,12.0,30.0,0.0,20.71920836529614,39.38884583097145,19.0,30.0,0.0,19.35334206710221,42.80707866541091,10.0,30.0,0.0,17.305765541554558,48.79423477304519,16.0,30.0,0.0,18.166077315330936,46.188072768825609,16.0,30.0,0.0,19.286518136678866,0.0,0.0,0.0,18.31019046749057,0.0,0.0,441.6272796791841,440.02709188380137,441.59648309985365,442.512420358654,453.5798126827827,449.9020819744934,448.4294787145947,451.0346029320525,450.3058567861119,4100.793348477218,82.52278426964087,82.52278426964087,60.0,0.0,60.0,60.0,16.0,16.0,19.0,16.0,16.0,12.0,21.0,10.0,1.0,0.0,221.51062335983168,0.0,58.30473116445418,0.0,0.0,0.0,0.0,0.0,0.0,0.0,0.0,82.52278426964087,82.52278426964087,0.17,0.308607643926773,0.18014068700982978,82.52278426964087,0.17713239097194376,0.0,0.0016066666666666667 
 03/18  16:10:00,11.448333333333335,68.66666666666667,9.686666666666668,66.0,338.66666666666665,0.0,0.0,0.0,2.0,0.0,0.0,0.0,0.0,0.0,4.0,2468.0,0.0,1072.7402804443312,32.52594679723721,83.34710123534409,32.165727036555988,856.1440197450943,0.0,32.5259467972372,44.46543521847807,0.0,0.0,21.32687522461919,-664.3825668421937,22.152797001200314,-161.14865205678098,21.397235596993185,-1371.3054898834444,20.576003913120706,473.9872031037871,17.26326073495461,35.65585573723993,21.179791688294807,-59.29095865096966,18.774683153953853,104.36052060589282,17.096589559417486,69.37443329822765,18.057666336885555,45.94861057109847,895.1053248730254,379.5958957930002,0.0,0.0,0.0,0.0,0.0,0.0,0.0,0.0,0.0,0.0,0.0,0.0,0.0,0.0,0.0,0.0,0.0,0.0,0.0,0.0,0.0,0.0,1.0077081169195684,0.30760321029290857,229.56011290141928,269.8243129824649,4684.196298328368,0.19964494139780754,0.03047083965168003,179.59703485470608,211.1663046315577,3618.8720840348516,0.8689907634289587,0.1642083831120482,298.7280480232014,350.69984893406606,6267.095161394229,0.2597823371533916,0.049089632871011239,302.43216312031367,356.19604733164035,5792.1105677789769,0.0,0.0,11.097716947486676,13.238083863006743,133.57862242572245,0.0,0.0,14.931659127328532,17.593063459763209,282.52930963843,0.0,0.0,220.92073751043103,261.9047157507942,3442.831453725522,0.0,0.0,37.21597130010521,44.410818531661167,440.0388178922602,0.0,0.0,137.5607418315525,163.6706790201684,1858.7015642356683,50.93325220057387,34.93364348461858,441.71800049449566,522.0413496687447,8444.700472286155,0.0,0.0,170.42102943300456,202.74152710948236,2320.3642035658529,884.3334706966894,21.711302134961558,36.724718435061138,21.5,30.0,0.0,21.57684029798363,37.0862387226781,16.0,30.0,1009.4396054325006,22.05063370285236,36.61103831026348,21.5,30.0,0.0,21.04040783748591,38.70654772207748,16.0,30.0,0.0,17.410359175677266,48.47978689703043,12.0,30.0,0.0,20.94608015609884,40.325468614203519,19.0,30.0,0.0,19.22164864983892,43.05912928550519,10.0,30.0,0.0,17.30245442097545,48.73304373074551,16.0,30.0,0.0,18.16107754244173,46.13437581223929,16.0,30.0,0.0,19.939929653841497,0.0,0.0,0.0,18.19964060733276,0.0,0.0,441.0476960396355,445.00365551506067,481.72043241892495,466.3194325236034,451.3997008595554,538.8336029901045,446.0849019883666,449.37673023277537,448.7203801470043,4878.798724193679,81.2568314281783,81.2568314281783,1744.0,0.0,1744.0,1744.0,16.0,16.0,19.0,16.0,16.0,12.0,21.0,10.0,1.0,0.0,884.3334706966894,0.0,1009.4396054325006,0.0,0.0,0.0,0.0,0.0,0.0,0.0,0.0,81.2568314281783,81.2568314281783,0.17,0.3839608365342917,0.18014068700982978,81.2568314281783,0.17713239097194376,0.0,0.04854133333333334 
 03/18  16:20:00,11.456666666666667,68.33333333333334,9.673333333333332,61.5,333.33333333333339,0.0,0.0,0.0,2.0,0.0,0.0,0.0,0.0,0.0,4.0,617.0,0.0,1027.6389402655655,30.303524919160464,77.65217123033998,30.81337261215674,820.1489826745058,0.0,30.30352491916045,41.427216018779208,0.0,0.0,20.86617910877289,87.25062556109515,22.07819277718718,-474.64606367616218,21.308036411501754,-975.2840279600678,20.726003276929565,285.37917202109568,17.2804112352878,30.679634756993097,21.401091851250308,-56.04101521964117,18.66586225645254,93.53191454689386,17.087020777734858,65.60200005575007,18.04417997775705,40.2063574165868,880.6970688354522,362.92635914981659,0.0,0.0,0.0,0.0,0.0,0.0,0.0,0.0,0.0,0.0,0.0,0.0,0.0,0.0,0.0,0.0,0.0,0.0,0.0,0.0,0.0,0.0,1.0992005881528,0.33553131506495728,194.82594105177754,228.66683867675588,3772.3979416384729,0.18064399565396623,0.027570817407504005,174.71974669444067,204.88011771919035,3462.0549369740899,0.7374279701258771,0.13934768898826103,274.8112778362861,321.780913446601,5651.388702742936,0.21620953245286973,0.04085592072049691,272.51443205626279,319.67613487783708,5308.2925874394409,0.0,0.0,10.099861147287144,12.005875604151204,121.6643425876191,0.0,0.0,14.137600223335316,16.566621417945997,277.7743550042169,0.0,0.0,206.03284940749769,243.58854294710148,3124.7148465332627,0.0,0.0,35.638385183545597,42.38466254221642,419.6072426709717,0.0,0.0,129.7953713570539,153.91550292003658,1745.286284825879,50.5633297746449,34.67992439961928,388.1275061595909,457.16438736417009,7559.634050054707,0.0,0.0,161.50002691112878,191.5283423552162,2167.399210221107,0.0,21.14081870950117,38.30066552560304,21.0,30.0,0.0,21.42216443915104,37.498668937633237,16.0,30.0,0.0,21.795104250294693,37.37465917854602,21.0,30.0,0.0,21.249443058744423,38.72766740774203,16.0,30.0,0.0,17.41933597601542,48.34937363091215,12.0,30.0,0.0,21.325423603706555,41.697238777863457,19.0,30.0,0.0,19.010520296444015,43.608831599568478,10.0,30.0,0.0,17.281393825476479,48.70287687992864,16.0,30.0,0.0,18.131345950153059,46.14426590267433,16.0,30.0,0.0,20.102663961343475,0.0,0.0,0.0,18.10450597932109,0.0,0.0,457.8986187131512,453.6812416757667,493.27211411394918,498.2720238802208,449.4477351675757,674.7898248428539,446.2229275103836,448.4415237567531,448.04932136471549,0.0,80.96065100189057,80.96065100189057,1744.0,0.0,1744.0,1744.0,16.0,16.0,19.0,16.0,16.0,12.0,21.0,10.0,1.0,0.0,0.0,0.0,0.0,0.0,0.0,0.0,0.0,0.0,0.0,0.0,0.0,80.96065100189057,80.96065100189057,0.0,0.0,0.0,80.96065100189057,0.0,0.0,0.04873511111111112 
 03/18  16:30:00,11.465,68.0,9.66,57.0,328.0,0.0,0.0,0.0,2.0,0.0,0.0,0.0,0.0,0.0,4.0,617.0,0.0,982.1163962873936,28.08509326270943,71.96746641719438,29.448388682872094,783.8177882777418,0.0,28.085093262709419,38.394451754560368,0.0,0.0,20.75933403757217,57.90163697703156,22.01142506124316,-403.86898263302558,21.404659674186868,-892.1034711408101,20.711088693572664,229.13996787589714,17.292228041523495,27.41635762862512,21.50404625913988,-62.29566508395453,18.624530373941817,91.92151004509924,17.0772276072108,58.535627819942877,18.028881512163609,23.200550689278317,838.9790051132786,333.4328697231267,0.0,0.0,0.0,0.0,0.0,0.0,0.0,0.0,0.0,0.0,0.0,0.0,0.0,0.0,0.0,0.0,0.0,0.0,0.0,0.0,0.0,0.0,1.1184395729781614,0.3414040210556048,183.27324034035585,215.25513587753856,3498.1331502961886,0.18890096410057886,0.028831038476889328,161.48442385416917,189.4353276155153,3176.3791601187469,0.6658214131525527,0.12581659356624207,238.70276056636173,279.4182358744236,4964.171585596854,0.18533863559653727,0.03502241791317785,232.14517880490085,272.42864220079056,4494.050511239334,0.0,0.0,9.903217936682737,11.774277738061342,119.18535297230243,0.0,0.0,14.828200168147774,17.36491148137728,295.9002259463218,0.0,0.0,192.72777996291959,227.95169395745084,2893.301225182787,0.0,0.0,34.37888292119599,40.897180777803857,402.7748429812943,0.0,0.0,119.09221966406845,141.2643270453977,1592.0470580448928,50.129783186413359,34.38256734321905,339.3759956952056,399.96195888870258,6610.67615584375,0.0,0.0,149.5014182585784,177.39564024784955,1971.4838091451216,25.891609398352263,21.00048654861395,38.52825548095766,21.0,30.0,0.0,21.35200954271955,37.754626792386719,16.0,30.0,0.0,21.921425844753484,37.27871704602378,21.0,30.0,0.0,21.193734512500936,38.76411400338526,16.0,30.0,0.0,17.42109974351696,48.31463527768225,12.0,30.0,0.0,21.49194024323286,42.23693433197958,19.0,30.0,0.0,18.938849782246483,43.88797254076433,10.0,30.0,0.0,17.259298112677994,48.79098896078384,16.0,30.0,0.0,18.09875192295282,46.263352735829837,16.0,30.0,0.0,19.975169762346189,0.0,0.0,0.0,17.992910779457739,0.0,0.0,454.7875522599824,458.9716016047297,504.5305010588495,491.9255028003111,449.2182565311958,728.0681816023777,451.7745083869056,449.7503058075297,449.42085370845907,2158.6526560655095,86.57498690949145,86.57498690949145,1744.0,0.0,1744.0,1744.0,16.0,16.0,19.0,16.0,16.0,12.0,21.0,10.0,1.0,0.0,25.891609398352263,0.0,0.0,0.0,0.0,0.0,0.0,0.0,0.0,0.0,0.0,86.57498690949145,86.57498690949145,0.34,0.6196761328091717,0.36028137401965956,86.57498690949145,0.3542647819438875,0.0,0.0489288888888889 
 03/18  16:40:00,11.473333333333333,67.66666666666667,9.646666666666665,51.5,322.83333333333339,0.0,0.0,0.0,2.0,0.0,0.0,0.0,0.0,0.0,4.0,2472.0,0.0,931.7433636027004,25.453199793989165,65.22328265586919,27.937964479565168,743.6154625836302,0.0,25.453199793989154,34.79645384646389,0.0,0.0,21.23378308470931,-568.2990214308452,22.0562155289416,-136.78605759753124,21.43323580149645,-947.3509651677259,20.733125322584173,284.60364038621358,17.305299103703786,29.292107561807258,21.554331072070704,-78.87054514442022,18.666879049892139,147.11942039942415,17.067208401702286,50.470286087436878,18.010649916236014,-0.08031083993114408,884.8252480074239,360.1388664907686,0.0,0.0,0.0,0.0,0.0,0.0,0.0,0.0,0.0,0.0,0.0,0.0,0.0,0.0,0.0,0.0,0.0,0.0,0.0,0.0,0.0,0.0,1.0646882020299966,0.3249963986660551,250.08972117138945,294.1894712763367,5090.893030286946,0.2084534472414264,0.031815239200461909,196.94515355214245,231.82280016046867,3927.1920546029316,0.7633355630540517,0.1442433036761247,266.5246513232203,313.22969382661429,5524.131735455125,0.21790086048084096,0.041175521632811958,265.583304840747,312.82429668562556,5155.0134775952569,0.0,0.0,10.82879699499666,12.923099068600008,130.2175753668442,0.0,0.0,15.68723472037651,18.444701820531873,314.5283615117486,0.0,0.0,203.61141224686646,241.62548640609149,3092.4687092743045,0.0,0.0,35.30843880013323,42.162336433086519,411.52585391944947,0.0,0.0,124.37428864450023,148.0806881816251,1651.9197765556003,49.99461341439213,34.28985830891094,431.35334184765079,509.92087464042637,8389.871339100127,0.0,0.0,155.31818376978073,184.99004021799079,2034.889082968479,856.5699085018866,21.66372278589563,37.22113088703195,21.5,30.0,0.0,21.50726096814008,37.57480576492958,16.0,30.0,0.0,21.897121741873208,37.50713609896475,21.0,30.0,0.0,21.232449644848147,38.961211504134919,19.0,30.0,0.0,17.426687663393709,48.32104145591497,12.0,30.0,0.0,21.55449330459664,42.45483085941229,19.0,30.0,0.0,19.03617881919711,43.69870610239766,10.0,30.0,0.0,17.239371407068817,48.9637751467831,16.0,30.0,0.0,18.066327444832763,46.48685147062926,16.0,30.0,0.0,20.21358100174626,0.0,0.0,0.0,17.957358152340534,0.0,0.0,470.4657885689415,470.80719935580427,518.1443521637818,510.6013176438617,451.37424610192957,747.4718634582844,458.51609419692678,455.6962360915058,457.0495146400034,2315.5785574427329,84.45707626722118,84.4570762672212,1744.0,0.0,1744.0,1744.0,16.0,19.0,19.0,16.0,16.0,12.0,21.0,10.0,1.0,0.0,856.5699085018866,0.0,0.0,0.0,0.0,0.0,0.0,0.0,0.0,0.0,0.0,84.45707626722118,84.45707626722118,0.17,0.38276529020000407,0.18014068700982978,84.45707626722118,0.17713239097194376,0.0,0.04912266666666667 
 03/18  16:50:00,11.481666666666668,67.33333333333333,9.633333333333333,46.00000000000001,317.66666666666665,0.0,0.0,0.0,2.0,0.0,0.0,0.0,0.0,0.0,4.0,618.0,0.0,910.5713301679797,24.415024348109755,62.56291242585257,27.303116974271505,726.7181317015444,0.0,24.415024348109744,33.37718930293071,0.0,0.0,20.80981622700301,88.67944157631064,21.998896965583357,-444.89828404248785,21.459324815404167,-993.8919221173219,20.77701992107236,282.7248859159281,17.324117457315525,27.964893699774679,21.630744858456198,-67.53541511654078,18.626772098541069,82.78855481569645,17.059343832156686,56.35724525436467,17.99467633349482,20.628994709123618,860.4938458141714,387.9835078145952,0.0,0.0,0.0,0.0,0.0,0.0,0.0,0.0,0.0,0.0,0.0,0.0,0.0,0.0,0.0,0.0,0.0,0.0,0.0,0.0,0.0,0.0,1.1111428344654686,0.3391766893972737,194.07216192095229,227.93206101470245,3731.6068393195248,0.1840089565351363,0.028084395075570254,173.2989746103009,203.3233962649908,3414.6182333005069,0.6682989613437124,0.12628476215867585,271.6911642802254,318.1597022225955,5622.507925034506,0.20256241956615207,0.03827710120297657,267.2202928237235,313.56219963774347,5218.4423857209599,0.0,0.0,9.965111981949898,11.850996881094897,120.03662635315506,0.0,0.0,15.438113069147823,18.069706389647057,313.0675389598776,0.0,0.0,203.98749497980718,241.3537149778879,3053.688497333047,0.0,0.0,35.00979265053998,41.665535591824497,406.7243213292429,0.0,0.0,130.02975860505459,154.31506277025623,1720.1276566110467,49.591742611047738,34.01354088549228,384.63702962322989,453.1910502248121,7495.025388931119,0.0,0.0,161.24773662078284,191.41149873340687,2111.1825943853257,0.0,21.09052993127308,38.6669780140892,21.0,30.0,0.0,21.384027566841288,38.13675837901678,16.0,30.0,0.0,21.885025869814848,37.712664330815339,21.0,30.0,0.0,21.29585854450806,38.94848438523841,19.0,30.0,0.0,17.441287461386446,48.41559671332931,12.0,30.0,0.0,21.673758845364156,42.81343393226644,19.0,30.0,0.0,18.93140552381214,44.098806950568249,10.0,30.0,0.0,17.224325032323227,49.19653027831108,16.0,30.0,0.0,18.042264566312079,46.724851763848857,16.0,30.0,0.0,20.13802551241178,0.0,0.0,0.0,17.95948385081219,0.0,0.0,478.5035989262793,492.09254102664866,531.9450027557663,520.6551021350747,460.6537607974397,783.2975161384736,465.08814108567796,467.39457141746257,468.1128105049704,0.0,83.97253144506837,83.97253144506837,1744.0,0.0,1744.0,1744.0,16.0,19.0,19.0,16.0,16.0,12.0,21.0,10.0,1.0,0.0,0.0,0.0,0.0,0.0,0.0,0.0,0.0,0.0,0.0,0.0,0.0,83.97253144506837,83.97253144506837,0.0,0.0,0.0,83.97253144506837,0.0,0.0,0.04941333333333333 
 03/18  17:00:00,11.49,67.0,9.62,40.5,312.5,0.0,0.0,0.0,2.0,0.0,0.0,0.0,0.0,0.0,4.0,618.0,0.0,857.0365197154197,21.59158068737828,55.327893716654468,25.697888769872426,683.9924288597936,0.0,21.59158068737827,29.517327760024235,0.0,0.0,20.73969529816512,54.46956351715289,21.91400499153513,-393.876324748705,21.520069744896547,-947.4206060138895,20.775098512798225,248.7875944007319,17.335677013112105,25.16775207903106,21.66027752045762,-70.62431258476124,18.58957481179982,79.6107474881037,17.052804245107269,50.91005003585087,17.982882592588056,9.100509348440938,836.2685952051397,365.50585427250555,0.0,0.0,0.0,0.0,0.0,0.0,0.0,0.0,0.0,0.0,0.0,0.0,0.0,0.0,0.0,0.0,0.0,0.0,0.0,0.0,0.0,0.0,1.1426548710005969,0.34879574816868039,194.43410272377336,228.45809739688876,3703.092738820989,0.1908165129591971,0.029123399413796874,171.9286158143851,201.8176439029851,3353.4276084500636,0.5667661833137212,0.10709867409556338,253.66941531774257,297.0282604439068,5281.925710319549,0.17564286643365185,0.03319026198670669,245.14656628546093,287.7249536896553,4773.700739643285,0.0,0.0,9.724811236864982,11.566978655795549,117.08107464926896,0.0,0.0,15.640262287591856,18.304959099660385,318.5244766504689,0.0,0.0,191.4967704587583,226.6627334948332,2839.2198062161016,0.0,0.0,33.68104691617297,40.09234967110564,389.82104636432958,0.0,0.0,120.16720334763366,142.6433790447939,1582.8613969530546,49.175095323114707,33.72777457003753,365.55566488647738,430.87412281566199,7105.950426483434,0.0,0.0,150.00175727616887,178.16191573569763,1928.0909409968325,46.9316323427181,21.001561690888,39.05278104735387,21.0,30.0,0.0,21.286898303808266,38.39326432323579,16.0,30.0,0.0,21.96063914943437,37.610543572712298,21.0,30.0,0.0,21.274013418082736,39.13007004890917,19.0,30.0,0.0,17.44549728963003,48.485159080781709,12.0,30.0,0.0,21.725632375235237,42.98828106337832,19.0,30.0,0.0,18.865067614101436,44.38637917393888,10.0,30.0,0.0,17.20969839491643,49.392377482587267,16.0,30.0,0.0,18.02075680094278,46.91539236567949,16.0,30.0,0.0,20.079623888627979,0.0,0.0,0.0,17.845256326691965,0.0,0.0,491.1484654943407,494.209645831078,536.7399200324665,530.1907391785129,465.45053867386,799.4534502339002,471.8214710406669,475.1782682620434,474.8620173830352,5788.073845884745,84.17717971508609,84.17717971508609,1744.0,0.0,1744.0,1744.0,16.0,19.0,19.0,16.0,16.0,12.0,21.0,10.0,1.0,0.0,46.9316323427181,0.0,0.0,0.0,0.0,0.0,0.0,0.0,0.0,0.0,0.0,84.17717971508609,84.17717971508609,0.34,0.6148474633625798,0.36028137401965956,84.17717971508609,0.3542647819438875,0.0,0.049704 
 03/18  17:10:00,11.403333333333335,67.33333333333334,9.488333333333334,35.0,307.33333333333339,0.0,4.0,0.0,0.0,0.0,0.0,0.0,0.0,0.0,0.0,2476.0,0.0,803.0449262845707,18.729295017382026,47.99334559450945,24.078964322174885,640.9021742642591,0.0,18.729295017382019,25.604366245655429,0.0,0.0,21.207741833218344,-677.1317467143435,21.96035849534329,-148.06064983517877,21.15803913713051,-265.14044661443816,20.823414788067148,-50.060195225525678,17.352348777089217,34.13801234963678,21.42687542677068,-417.96414121852,18.811994471797797,276.10308215026955,17.047645790268754,52.018870357032657,17.969113785630399,5.392057465438484,783.7488487468634,487.84299131645846,0.0,0.0,0.0,0.0,0.0,0.0,0.0,0.0,0.0,0.0,0.0,0.0,0.0,0.0,0.0,0.0,0.0,0.0,0.0,0.0,0.0,0.0,1.0164859596979783,0.31028264948045738,352.54528338199216,415.1141966001731,7190.747350186534,0.19646446824764733,0.02998541945171662,154.73392064636179,182.1906397536982,3098.3804381930924,0.8701384214527722,0.16442524970762899,161.03147619717303,189.88560614046993,3231.4315351745929,0.19122558243346966,0.036134841729680577,13.44129758652492,15.844925961572653,267.3908177845497,0.0,0.0,11.883899470593836,14.190117020312425,145.4488717829086,0.0,0.0,96.26670402564008,113.42784826498402,1901.061897570337,0.0,0.0,306.3401521071064,363.3294418822993,4868.446936102808,0.0,0.0,37.306940163917349,44.57527817560578,437.51299050498616,0.0,0.0,147.73258097303035,176.00267336595227,1965.074461116321,48.62693414393697,33.35180668308435,283.9620695962837,336.44115998514658,5620.885510970768,0.0,0.0,180.9768742233533,215.63557094576005,2394.632144456508,898.8630586312172,21.580205377472376,37.787011704098137,21.5,30.0,0.0,21.46143400876355,38.12695273101871,16.0,30.0,0.0,21.41810575342947,38.25582979676781,21.0,30.0,0.0,21.266932823842308,42.32459795190054,19.0,30.0,0.0,17.460548885621589,48.79384169334258,12.0,30.0,0.0,21.30637979044252,39.984900174567417,16.0,30.0,0.0,19.32073661425002,44.43791405212473,10.0,30.0,0.0,17.20075589022,49.855087322473817,16.0,30.0,0.0,18.00035347996758,47.6249972684558,16.0,30.0,0.0,19.808153891279884,0.0,0.0,0.0,17.938363670444475,0.0,0.0,501.04505005309286,504.3147100833622,505.5148862168162,709.846702302315,482.0276547986192,573.1767283912534,537.3260969103898,494.40205956669549,505.17506959337768,4382.039360263172,81.67422480614325,81.67422480614325,162.0,0.0,162.0,162.0,16.0,19.0,16.0,16.0,16.0,12.0,21.0,10.0,1.0,0.0,898.8630586312172,0.0,0.0,0.0,0.0,0.0,0.0,0.0,0.0,0.0,0.0,81.67422480614325,81.67422480614325,0.17,0.38499398257412356,0.18014068700982978,81.67422480614325,0.17713239097194376,0.0,0.004644 
 03/18  17:20:00,11.316666666666669,67.66666666666667,9.356666666666666,29.5,302.16666666666665,0.0,4.0,0.0,0.0,0.0,0.0,0.0,0.0,0.0,0.0,1239.0,0.0,749.0186600851627,15.829288296437089,40.56214059722087,22.459000404838294,597.7842496229612,0.0,15.829288296437082,21.63983719482757,0.0,0.0,20.982300774178527,-459.0648831077574,21.866182139303235,-546.6382105212051,21.264861784334966,-481.01867926508228,20.830461093794228,-69.4134027001993,17.374272581637756,32.594510730491837,21.16534082311858,-276.5721187194242,18.815360912857565,104.89706905704588,17.051336709134227,57.18399236097946,17.969235450305314,22.250068114851275,653.0393844417504,529.682727701474,0.0,0.0,0.0,0.0,0.0,0.0,0.0,0.0,0.0,0.0,0.0,0.0,0.0,0.0,0.0,0.0,0.0,0.0,0.0,0.0,0.0,0.0,1.0291937114495898,0.31416169458168188,336.2784476360954,395.08931835623289,6885.970650871358,0.15420315312863587,0.02353527978153783,175.71579965878903,206.65391620096117,3426.861340469891,0.94215599734413,0.17803401310357717,128.33399102758879,150.69898802908458,2682.071365710288,0.1137359683263285,0.021492057506864789,13.573748920900691,15.939117192506098,270.3233234271672,0.0,0.0,10.774365611182919,12.851388510933056,134.29918313312528,0.0,0.0,85.47339583747824,100.73450779950997,1641.9549802863178,0.0,0.0,298.3989469356841,353.7253122025061,4754.740373140782,0.0,0.0,37.52212475848498,44.789891201774157,447.38649637943356,0.0,0.0,154.9619565078812,184.46116946460416,2091.379162923993,47.8457965031846,32.81604698435159,269.1872722138813,318.3751420188316,5221.5140557966519,0.0,0.0,189.0954022791006,225.0998210474989,2552.234103895893,691.0512102887668,21.302656092538773,38.375650152295708,21.5,30.0,0.0,21.308657013971108,38.12797221413108,16.0,30.0,1048.7256423419404,21.61622131176872,37.829908387801399,21.5,30.0,0.0,21.245506656102273,46.61108357216527,19.0,30.0,0.0,17.483664481766505,49.205962033738469,12.0,30.0,0.0,20.944043388813687,40.02107023646565,16.0,30.0,0.0,19.249546690493653,44.24175280292051,10.0,30.0,0.0,17.20901674674048,50.47999759333919,16.0,30.0,0.0,18.007461106091705,48.061916918622049,16.0,30.0,0.0,19.437433368696796,0.0,0.0,0.0,17.994364954796706,0.0,0.0,499.3847557507055,494.277981654654,514.3666593832326,952.1840177650416,505.23413278058686,528.3299660529829,519.5489118897389,524.2662404932122,527.7159219722182,11024.539237852361,80.71502522054488,84.5917144808732,162.0,0.0,162.0,162.0,16.0,19.0,16.0,16.0,16.0,12.0,21.0,10.0,1.0,0.0,691.0512102887668,0.0,1048.7256423419404,0.0,0.0,0.0,0.0,0.0,5866.231877765946,3519739.1266595677,4555952.986968814,80.71502522054488,84.6575535342387,0.3655410625921982,0.6959689324165229,0.36028137401965956,84.6575535342387,0.3542647819438875,4555952.986968814,0.24162555532237835 
 03/18  17:30:00,11.23,68.0,9.225,24.0,297.0,0.0,4.0,0.0,0.0,0.0,0.0,0.0,0.0,0.0,0.0,1861.0,0.0,695.7296154858706,12.893076172032906,33.03816262551834,20.861141884516934,555.2546954922611,0.0,12.8930761720329,17.625812612567175,0.0,0.0,21.191812028141734,-623.0715209518146,21.753100516032697,-126.32293741478222,21.0742698700928,-404.0935295641193,20.831791574509354,-73.8170948031726,17.388782270117348,30.64382042885225,21.016251271433604,-252.73985303738517,18.795941310981104,143.73168929598669,17.050150207448327,51.72123203570494,17.965645330978288,7.601133250278808,657.0609669141695,500.7664711200124,0.0,0.0,0.0,0.0,0.0,0.0,0.0,0.0,0.0,0.0,0.0,0.0,0.0,0.0,0.0,0.0,0.0,0.0,0.0,0.0,0.0,0.0,1.0582360251097838,0.3230268696916311,289.620161566793,340.77981255835706,5963.538542862709,0.2098635630972026,0.03203045834816889,133.08909690696488,156.63958233364338,2666.4534673017394,0.8978939083727846,0.16967005071292227,132.4613761138024,156.06840906576077,2671.1011794880225,0.10851680018676714,0.02050582014111245,15.843101806199832,18.637895572722475,317.3071635735041,0.0,0.0,10.758758961406624,12.844285237079309,136.20112031665136,0.0,0.0,79.36218827723008,93.68901986550753,1510.7924633878554,0.0,0.0,287.19409149350317,340.83244084366938,4603.233930195589,0.0,0.0,36.54945996061754,43.67293055380974,442.0754990148117,0.0,0.0,145.03410237451673,172.82389308357683,1981.6524312770676,47.343394814073317,32.471464207183348,215.7405022924026,255.52088007176622,4385.150633609175,0.0,0.0,177.68561364807375,211.82917071755259,2387.9524365475087,760.4626146184088,21.56034505145875,37.78813362917192,21.333333333333326,29.99999999999999,0.0,21.23524426325242,38.42418111467477,15.999999999999993,29.99999999999999,0.0,21.33142407287456,38.62244383533421,20.999999999999994,29.99999999999999,0.0,21.225936491482395,48.02701759125657,18.999999999999994,29.99999999999999,0.0,17.4930451311525,49.29376139850885,11.999999999999995,29.99999999999999,0.0,20.764167160379406,40.30086859241028,15.999999999999993,29.99999999999999,0.0,19.211989644428877,44.24775866331039,9.999999999999997,29.99999999999999,0.0,17.206864466474316,50.482432120141428,15.999999999999993,29.99999999999999,0.0,18.00315966098432,47.96004497951436,15.999999999999993,29.99999999999999,0.0,19.468844351320258,0.0,0.0,0.0,17.875111637408719,0.0,0.0,509.1013832094457,505.2597448871941,529.000699727231,1035.3152979072566,511.91463295779365,521.2457657563195,518.648570502309,525.8205757742744,524.4978148792468,5426.754494657526,81.68747932247369,81.6874793224737,161.99999999999995,0.0,161.99999999999995,161.99999999999995,16.0,19.0,16.0,16.0,16.0,12.0,21.0,10.0,1.0,0.0,760.4626146184088,0.0,0.0,0.0,0.0,0.0,0.0,0.0,0.0,0.0,0.0,81.68747932247369,81.68747932247369,0.2266666666666666,0.4637890293551834,0.24018758267977295,81.68747932247369,0.2361765212959249,0.0,0.004788000000000001 
 03/18  17:40:00,11.143333333333335,68.33333333333334,9.093333333333334,20.0,247.5,0.0,4.0,0.0,0.0,0.0,0.0,0.0,0.0,0.0,0.0,1863.0,0.0,552.1650483182762,10.365277351519208,26.560710508615334,16.556417845085777,440.67723171134869,0.0,10.365277351519202,14.170119980479227,0.0,0.0,21.1909172691974,-551.3164563442156,21.702302712833857,-222.48042766138105,21.259510365211506,-517.723754250709,20.840924065496919,-60.79336799165037,17.3945900584281,28.766470910302638,20.86292107563586,-212.15050315615776,18.77394805430845,111.41670634915809,17.040257946788115,45.92155023899623,17.944921206472743,-9.20989431550394,777.2271987319944,531.1595138525947,0.0,0.0,0.0,0.0,0.0,0.0,0.0,0.0,0.0,0.0,0.0,0.0,0.0,0.0,0.0,0.0,0.0,0.0,0.0,0.0,0.0,0.0,1.0823412216715097,0.33038498830021675,391.20028871529316,460.4908755077844,8111.739156197943,0.19363070652439158,0.029552916136201418,185.7422221760262,219.06913479470686,3732.7667642877447,0.9052252234502509,0.17105540881524029,184.29835763248884,216.4194046997594,3961.4397286396335,0.10799716812914306,0.020407628142317285,15.29826526793798,18.02009090828928,309.0789235496203,0.0,0.0,10.31567405034567,12.317092099967447,132.4439623973206,0.0,0.0,73.44638207114595,86.75397818491216,1391.4712011019836,0.0,0.0,284.2039106339365,337.45294704218807,4571.6855212245859,0.0,0.0,36.504848308756489,43.637482439182409,446.790567215578,0.0,0.0,148.24096367888357,176.73407734077285,2041.9198597407672,46.82002181796533,32.112497817534549,326.146625135304,386.09335583043926,6511.748267913577,0.0,0.0,180.8979861880927,215.77232522341996,2446.0584531185315,684.582244723438,21.554564084718995,37.992762926484008,21.333333333333344,30.00000000000001,0.0,21.237928019234464,38.790065972585129,21.000000000000008,30.00000000000001,1220.487052185204,21.674959745541366,38.29668716800269,21.666666666666676,30.00000000000001,0.0,21.227104374210354,48.71943872908999,19.000000000000008,30.00000000000001,0.0,17.493920190701016,49.28308826277897,12.000000000000006,30.00000000000001,0.0,20.627770902533447,40.50831211486386,16.000000000000008,30.00000000000001,0.0,19.15087672228054,44.16372331437302,10.000000000000004,30.00000000000001,0.0,17.18980634818431,50.253438203545119,16.000000000000008,30.00000000000001,0.0,17.969415579185929,47.76256670018167,16.000000000000008,30.00000000000001,0.0,19.84430412621873,0.0,0.0,0.0,17.82317563967916,0.0,0.0,525.0516120292222,529.8552447672355,558.5635851397423,1081.9815215780787,515.0235285552243,519.9265520964812,513.5605754597485,519.1118495922705,517.6520264662797,9978.839329188078,81.40668155772471,83.7382015351728,162.00000000000007,0.0,162.00000000000007,162.00000000000007,21.0,19.0,16.0,16.0,16.0,12.0,21.0,10.0,1.0,0.0,684.582244723438,0.0,1220.487052185204,0.0,0.0,0.0,0.0,0.0,3528.4603797165029,2117076.2278299,2745342.2402567539,81.40668155772471,83.77779848450501,0.3442820126572168,0.7676489300869275,0.3602813740196597,83.77779848450501,0.3542647819438876,2745342.2402567539,0.14761779649335123 
 03/18  17:50:00,11.056666666666667,68.66666666666666,8.961666666666666,16.0,198.00000000000004,0.0,4.0,0.0,0.0,0.0,0.0,0.0,0.0,0.0,0.0,1863.0,0.0,406.71318734673579,7.971629287098731,20.42703050654945,12.19510698015236,324.5935689200244,0.0,7.971629287098727,10.897821602577287,0.0,0.0,21.101250308308854,-230.4228232965749,21.659067764148675,-123.02926702790626,21.068203448911374,-295.9036426842462,20.85258736074688,-77.8848416083568,17.395345797817716,28.032968087976337,20.706359815312376,-193.01966443274646,18.764222938543705,112.78611242507405,17.027653638648187,42.63221600533988,17.920687895150296,-15.94687833300669,547.8903797740117,550.1565061732664,0.0,0.0,0.0,0.0,0.0,0.0,0.0,0.0,0.0,0.0,0.0,0.0,0.0,0.0,0.0,0.0,0.0,0.0,0.0,0.0,0.0,0.0,1.0682864739680578,0.32609477227352226,276.72156440026279,326.73096475322338,5596.739587466692,0.19501372994108077,0.029764000296257775,63.41177249077042,74.81785723473266,1292.8317192421894,1.0078232157595422,0.1904427845350611,189.97050413579053,224.06459918614847,3970.527843665003,0.08455025064830453,0.0159769936977144,19.708993271953007,23.20237006767327,400.95083519669836,0.0,0.0,10.212526995803846,12.1972871465844,132.8271440888992,0.0,0.0,70.54564734151045,83.3819623846891,1331.3917364539894,0.0,0.0,284.1874398800944,337.55671652214007,4609.747975182936,0.0,0.0,36.71525921820231,43.90434920723273,454.4072057082327,0.0,0.0,148.80608386922155,177.48754899500794,2065.5065723751788,46.083386500708289,31.607260974422738,203.34540172519938,241.37133961661244,4231.418260388242,0.0,0.0,181.57694451580597,216.70715235753569,2459.330289413008,427.6318789392704,21.388437453505646,38.21136197878925,21.33333333333335,30.00000000000002,0.0,21.301981955811678,38.36498264595054,21.000000000000015,30.00000000000002,0.0,21.411789082728065,38.35470746813384,21.000000000000015,30.00000000000002,0.0,21.232049155854904,48.98841270499378,19.000000000000015,30.00000000000002,0.0,17.48867002522413,49.23590700055037,12.00000000000001,30.00000000000002,0.0,20.49827780405293,40.71723853590762,16.000000000000015,30.00000000000002,0.0,19.12790135846623,44.146396405328,10.000000000000007,30.00000000000002,0.0,17.16944486261841,50.11517108279055,16.000000000000015,30.00000000000002,0.0,17.93294506612725,47.718446168065707,16.000000000000015,30.00000000000002,0.0,18.6275747913673,0.0,0.0,0.0,17.744112722929587,0.0,0.0,524.3142150087999,524.9422401421919,540.9986394836715,1103.775977362461,516.9072699880802,520.0697409355889,516.3552555795254,516.9158954586237,517.235345588225,6553.702355235631,81.64948539326207,81.64948539326207,162.0000000000001,0.0,162.0000000000001,162.0000000000001,21.0,19.0,16.0,16.0,16.0,12.0,21.0,10.0,1.0,0.0,427.6318789392704,0.0,0.0,0.0,0.0,0.0,0.0,0.0,0.0,0.0,0.0,81.64948539326207,81.64948539326207,0.22666666666666686,0.46113660507708245,0.24018758267977323,81.64948539326207,0.23617652129592518,0.0,0.004896000000000001 
 03/18  18:00:00,10.97,69.0,8.83,12.0,148.5,0.0,4.0,0.0,0.0,0.0,0.0,0.0,0.0,0.0,0.0,6224.0,0.0,275.9359983476778,5.7199333056210019,14.657113312607209,8.273811148119514,220.22162868141823,0.0,5.719933305620998,7.819582484120328,0.0,0.0,21.12834134331253,-215.9681565642224,21.545555392118737,-233.68646553712157,21.096489050632955,-521.2518118005127,20.84110561774532,-97.14638139611576,17.392519082373334,25.526669830577974,20.542397409565689,-192.4226392153232,18.744888090143733,90.91859430080113,17.01294279024043,33.366712440289379,17.89515365954342,-40.59693220406452,568.1950667171809,536.1237669755557,0.0,0.0,0.0,0.0,0.0,0.0,0.0,0.0,0.0,0.0,0.0,0.0,0.0,0.0,0.0,0.0,0.0,0.0,0.0,0.0,0.0,0.0,1.073279756105592,0.32761897317020507,211.90553565540626,250.24419185000773,4331.239033637138,0.20183156270570916,0.030804573062531924,94.61887881250212,111.83126914394227,1940.6547621071757,0.9233439189690088,0.17447919859580678,123.03838536214107,144.86818053426289,2633.010778863427,0.08083448045411672,0.015274845134942688,18.182848284225757,21.45889307292928,372.34268416846967,0.0,0.0,10.10979245581154,12.092223489536329,133.05226087108336,0.0,0.0,70.78681918855529,83.83782635629246,1329.7571444325595,0.0,0.0,277.3674208954882,329.9393106725161,4523.912354033071,0.0,0.0,35.572990375041829,42.598580775373978,444.8700421096272,0.0,0.0,142.7563868599908,170.50375574698178,1995.954065458555,45.497984601671728,31.205750755604766,147.52440603929876,175.4047135616077,3162.1393434913536,0.0,0.0,174.1432937753448,208.21048502820708,2335.908738225696,0.0,21.190521583659565,38.80318218335324,21.000000000000005,30.0,0.0,21.231920900855273,38.56260489060497,21.000000000000005,30.0,1195.7821360581325,21.375313625374085,39.3497216331113,21.4,30.0,0.0,21.209309844335246,48.55683592473723,19.0,30.0,0.0,17.478005499605737,49.158716228401079,12.0,30.0,0.0,20.360613195779803,40.90581548571961,15.999999999999999,30.0,0.0,19.08510020330873,44.26570926638523,10.0,30.0,0.0,17.145895995636896,50.08029249634964,15.999999999999999,30.0,0.0,17.89519974294541,47.71100421688816,15.999999999999999,30.0,0.0,18.936436206993986,0.0,0.0,0.0,17.59286272235903,0.0,0.0,539.6131236326129,533.9472856639065,592.7821709944914,1083.2672438555665,517.0084356498948,518.1083835023578,522.3759744279073,517.5153899277121,517.5131565875104,4994.83500067009,81.1514362472642,81.88295637414879,161.99999999999998,0.0,161.99999999999998,161.99999999999998,21.0,19.0,16.0,16.0,16.0,12.0,21.0,10.0,1.0,0.0,0.0,0.0,1195.7821360581325,0.0,0.0,0.0,0.0,0.0,1107.0115660806285,664206.9396483771,859533.8022661009,81.1514362472642,81.89538001438345,0.17290038553602098,0.3700003002636831,0.18014068700982978,81.89538001438345,0.17713239097194378,859533.8022661009,0.04962775771783725 
 03/18  18:10:00,10.866666666666668,69.33333333333333,8.695,0.0,0.0,0.0,0.0,0.0,0.0,0.0,0.0,4.0,0.0,0.0,0.0,2492.0,0.0,0.0,0.0,0.0,0.0,0.0,0.0,0.0,0.0,0.0,0.0,21.401936132170559,-516.3824193292619,21.563365475028087,-19.17706124372063,21.323724730640678,-1207.1732260758986,20.626683065346066,22.213821387714235,17.375535834434495,26.597213675683947,20.303075912849566,-160.1093461091093,18.751920321803366,145.49184792796906,16.989826904942697,30.208004938013859,17.854045377180115,-49.18880599692443,842.2072967344288,586.7519787374215,0.0,0.0,0.0,0.0,0.0,0.0,0.0,0.0,0.0,0.0,0.0,0.0,0.0,0.0,0.0,0.0,0.0,0.0,0.0,0.0,0.0,0.0,0.9721436913878968,0.29674715854331409,263.3066162072236,309.8734377485692,5769.385356228551,0.21417474755040356,0.03268845353333388,12.553582450123482,14.783938109291825,270.3476346994437,0.9370087861947266,0.1770613730526695,482.39349601646759,567.7787505318089,10368.511980765044,0.23095648060148778,0.043642570030515439,302.67075347288979,357.24602187517959,6067.9282990437009,0.0,0.0,10.385362623164486,12.415045575283719,138.4247731368587,0.0,0.0,66.97610257344479,79.33761485947702,1249.313528643144,0.0,0.0,286.9827730939877,341.08839120131509,4757.566127846656,0.0,0.0,36.63896498426789,43.85065270330739,463.38470001311398,0.0,0.0,151.25089171351716,180.55796875279845,2128.7105724346786,45.40842368249636,31.144323513372006,443.2725933900245,524.8828484524204,8967.356061998147,0.0,0.0,183.073775604214,218.7745151387544,2470.8066058390224,883.3738371359334,21.787307540443878,40.81977210011409,21.5,30.0,0.0,21.48025665546463,41.38231160443706,21.0,30.0,1409.4049806369683,21.691215822686087,41.106015265548908,21.5,30.0,0.0,20.881013788190864,43.90330158506252,16.0,30.0,0.0,17.45566633605689,49.23284157008442,12.0,30.0,0.0,20.181115284681654,41.614086489495139,16.0,30.0,0.0,19.11167559240088,44.98577982604561,10.0,30.0,0.0,17.110386545186644,50.14216897111781,16.0,30.0,0.0,17.835147307963227,47.95865262862066,16.0,30.0,0.0,19.957725739623766,0.0,0.0,0.0,17.523706157125745,0.0,0.0,736.7800155666952,729.8878868644719,744.1074553668809,780.473632297611,523.1852940611318,536.3467354523277,565.586206396371,521.2048460359524,525.5969287245494,9783.276699591252,81.53600572664608,84.95365561295648,240.0,0.0,240.0,240.0,21.0,16.0,16.0,16.0,16.0,12.0,21.0,10.0,1.0,0.0,883.3738371359334,0.0,1409.4049806369683,0.0,0.0,0.0,0.0,0.0,5172.3001725476319,3103380.103528579,4046486.7766560206,81.53600572664608,85.011698653845,0.34241000575158778,0.7669611903956335,0.36028137401965956,85.011698653845,0.3542647819438875,4046486.7766560206,0.2177773123861131 
 03/18  18:20:00,10.763333333333334,69.66666666666667,8.56,0.0,0.0,0.0,0.0,0.0,0.0,0.0,0.0,4.0,0.0,0.0,0.0,1870.0,0.0,0.0,0.0,0.0,0.0,0.0,0.0,0.0,0.0,0.0,0.0,20.93451529297198,-238.5841535954753,21.71040055352917,-98.25487661753837,21.219166602102179,-575.7589798676402,20.65553726843289,106.21430619361941,17.37007943303157,24.263065162813928,20.153809369849286,-121.99009478746328,18.73690119735578,57.351323433786678,16.973139920110606,31.07816357364852,17.82019253133788,-40.629632949003269,672.3505989838316,616.3781827121569,0.0,0.0,0.0,0.0,0.0,0.0,0.0,0.0,0.0,0.0,0.0,0.0,0.0,0.0,0.0,0.0,0.0,0.0,0.0,0.0,0.0,0.0,1.0718634335526825,0.3271866402785965,155.1156939120577,183.1326646990712,3235.7497139407239,0.0939642475108886,0.014341307617656988,24.397726754821947,28.67186569900634,537.2632137907913,1.0138321445124917,0.19157825860024409,213.6609384166947,252.19233126624324,4522.600106472322,0.22878712077066494,0.04323263808969478,174.5138872404251,206.22423363442329,3574.744687384734,0.0,0.0,9.604630319858654,11.481253975606255,129.7167062085457,0.0,0.0,64.02416739833834,75.83795973515052,1190.6850628417329,0.0,0.0,281.61524642796936,334.738634586713,4694.743148074081,0.0,0.0,36.46627705203639,43.64138811123743,467.15724208847549,0.0,0.0,153.52638172580914,183.28810971024135,2179.320502682489,44.75136334914151,30.69366484851956,212.20782605215619,252.1164931560525,4431.391222870074,0.0,0.0,185.30677879760686,221.45853555949157,2519.5854524740568,146.4266198425373,21.1665625900194,40.32848812995223,20.999999999999994,29.99999999999999,0.0,21.783045214116095,44.03456746291316,20.999999999999994,29.99999999999999,810.5876271745009,21.504628698865493,40.21279049840843,21.333333333333326,29.99999999999999,0.0,20.998349553371459,42.002795357740648,15.999999999999993,29.99999999999999,0.0,17.437708865233068,49.654830605044,11.999999999999995,29.99999999999999,0.0,20.045028918320904,42.69659109637291,15.999999999999993,29.99999999999999,0.0,19.050541811025448,45.38713166809861,9.999999999999997,29.99999999999999,0.0,17.085504954179624,50.87853364581672,15.999999999999993,29.99999999999999,0.0,17.78800637238277,48.920879563465337,15.999999999999993,29.99999999999999,0.0,19.16755476020487,0.0,0.0,0.0,17.468735865332925,0.0,0.0,625.1412755340411,922.9133396651846,666.1976173145555,693.3781760771224,544.0013118170988,578.1376764771308,579.4192418570252,553.4639481632848,566.0885065606838,4644.140028509077,83.25260291948732,83.25260291948732,239.99999999999992,0.0,239.99999999999992,239.99999999999992,21.0,16.0,16.0,16.0,16.0,12.0,21.0,10.0,1.0,0.0,146.4266198425373,0.0,810.5876271745009,0.0,0.0,0.0,0.0,0.0,0.0,0.0,0.0,83.25260291948732,83.25260291948732,0.2266666666666666,0.4620900521425252,0.24018758267977295,83.25260291948732,0.2361765212959249,0.0,0.0074 
 03/18  18:30:00,10.66,70.0,8.425,0.0,0.0,0.0,0.0,0.0,0.0,0.0,0.0,4.0,0.0,0.0,0.0,4368.0,0.0,0.0,0.0,0.0,0.0,0.0,0.0,0.0,0.0,0.0,0.0,21.26672634851274,-647.0702962217193,21.754334691122318,-137.24381812147497,21.287920818957077,-524.1687008998569,20.589890017424584,159.55701754314979,17.367712197374226,22.859214623090673,20.035328854146557,-114.66987660013645,18.701583889003069,95.9731607391793,16.956665981507123,21.540132396419048,17.78869976744941,-68.31983200771673,698.672090199663,631.7908000613136,0.0,0.0,0.0,0.0,0.0,0.0,0.0,0.0,0.0,0.0,0.0,0.0,0.0,0.0,0.0,0.0,0.0,0.0,0.0,0.0,0.0,0.0,1.0674208656827574,0.32583054508020639,186.68611346698936,220.3106261027256,4102.057573814515,0.056008258718646449,0.008548269035202443,27.199053797474144,32.006089281525209,608.9594196784411,1.1128307072030833,0.2102854699930239,234.0790026088055,276.4678503785048,5021.453669841632,0.25907348841087615,0.048955685640755069,223.36546008450206,264.12915639151506,4575.532722212492,0.0,0.0,9.56866914770695,11.450912405428767,130.99405791073318,0.0,0.0,61.53728845908033,73.00493467365436,1144.5716088612317,0.0,0.0,279.48443899078247,332.5971188802084,4695.46342445807,0.0,0.0,36.29183709157764,43.481001053898499,470.60371119866309,0.0,0.0,151.94495157361468,181.6074429990994,2174.8512131236686,44.426182730255849,30.47063287397518,236.66928937574827,281.3502954609961,4957.20662823732,0.0,0.0,183.23886950791798,219.31882525111193,2480.3010941046816,739.4382045877118,21.542922543584817,39.927075008933417,21.428571428571407,29.999999999999969,0.0,21.898301694299044,44.727474102883089,20.99999999999998,29.999999999999969,0.0,21.351006888621094,40.05742019970986,20.99999999999998,29.999999999999969,0.0,20.919552944201756,41.44818495992649,15.999999999999983,29.999999999999969,0.0,17.425188303634568,49.94145665303333,11.999999999999986,29.999999999999969,0.0,19.938191207229158,43.226810931168589,15.999999999999983,29.999999999999969,0.0,19.011891351103235,45.842852381272148,9.99999999999999,29.999999999999969,0.0,17.058802458322654,51.44125505172293,15.999999999999983,29.999999999999969,0.0,17.742225826573038,49.380192210369077,15.999999999999983,29.999999999999969,0.0,19.43579161117879,0.0,0.0,0.0,17.332964274033807,0.0,0.0,657.5348313969125,977.7568184746153,640.4046169142129,655.1877170465092,558.7181247353249,594.9622856227451,601.4700769423886,577.9127057791412,584.8852466438518,3424.6078917396609,82.1114485064737,82.1114485064737,239.99999999999975,0.0,239.99999999999975,239.99999999999975,21.0,16.0,16.0,16.0,16.0,12.0,21.0,10.0,1.0,0.0,739.4382045877118,0.0,0.0,0.0,0.0,0.0,0.0,0.0,0.0,0.0,0.0,82.1114485064737,82.1114485064737,0.14571428571428558,0.3290470798223809,0.1544063031512825,82.1114485064737,0.15182776369023735,0.0,0.00744 
 03/18  18:40:00,10.556666666666667,70.33333333333333,8.29,0.0,0.0,0.0,0.0,0.0,0.0,0.0,0.0,4.0,0.0,0.0,0.0,5625.0,0.0,0.0,0.0,0.0,0.0,0.0,0.0,0.0,0.0,0.0,0.0,21.22922789743768,-436.90989411845706,21.774598779650327,-138.81839759517778,21.23927697477685,-856.0171947480582,20.60388083297211,271.48855317017537,17.36774805993622,21.91784560539571,19.9274300848894,-103.18346781002853,18.689528262515787,100.91540092717074,17.954225290633255,-31.7805414541551,17.741835658893977,-96.4707298830575,727.2109754365017,640.1361144634115,0.0,0.0,0.0,0.0,0.0,0.0,0.0,0.0,0.0,0.0,0.0,0.0,0.0,0.0,0.0,0.0,0.0,0.0,0.0,0.0,0.0,0.0,1.0738165418174719,0.32778282717261128,145.46464985318696,171.72881377868075,3201.9219805311129,0.04955977983314331,0.007564068961102479,28.01959305326137,32.99214977623284,636.6338235021184,1.0751075566260498,0.20315713466100766,260.5593126361752,307.4676005995566,5776.372854415108,0.2663073074308546,0.05032262045178668,252.9065286711501,299.0381873545558,5263.591465071699,0.0,0.0,9.489419649511453,11.359035765752076,131.7557185195665,0.0,0.0,59.444984627183419,70.56995732595122,1106.6123090067575,0.0,0.0,270.45974203830857,321.9899507493173,4588.917675250652,0.0,0.0,20.779480482096735,24.811850109072294,327.86216108763508,0.0,0.0,162.93071248926328,194.8201631107789,2343.6342356165839,44.03983713574713,30.205649612995363,263.40413998893117,313.0043114198268,5555.524563998394,0.0,0.0,177.5646708026511,212.6779623450865,2403.701662461708,658.755959363426,21.545531468050585,39.787557859322038,21.44444444444449,30.000000000000065,0.0,21.970452380879338,44.69669642055009,21.000000000000044,30.000000000000065,1144.3976866459757,21.59200012827619,39.00971621130061,21.33333333333338,30.000000000000065,0.0,20.976531278540155,40.782347123647628,16.000000000000033,30.000000000000065,0.0,17.416946480812255,50.28110635578843,12.000000000000029,30.000000000000065,0.0,19.837969592160034,43.856887771670098,19.000000000000044,30.000000000000065,0.0,18.99021573660946,46.15271806011994,10.000000000000022,30.000000000000065,1299.3694935318595,18.611048087575534,46.955995573669508,20.700000000000047,30.000000000000065,0.0,17.672235351523708,49.9430170941476,16.000000000000033,30.000000000000065,0.0,19.55142032301127,0.0,0.0,0.0,17.226734313336899,0.0,0.0,652.340235401637,985.0731299075712,618.6125017576908,631.2364751507638,577.1438257950423,618.3006272030841,618.184014332654,594.3681151897827,605.8214127783558,9930.83703668619,81.43841806164973,83.0730766461747,240.0000000000005,0.0,240.0000000000005,240.0000000000005,21.0,16.0,19.0,16.0,19.7,12.0,21.0,10.0,1.0,0.0,658.755959363426,0.0,1144.3976866459757,0.0,0.0,0.0,1299.3694935318595,0.0,2473.7170911012765,1484230.2546607638,1930766.2990900926,81.43841806164973,83.100838575634,0.3469016808144877,0.7698869434044635,0.36028137401966039,83.100838575634,0.3542647819438883,1930766.2990900926,0.10787984755268483 
 03/18  18:50:00,10.453333333333334,70.66666666666667,8.155,0.0,0.0,0.0,0.0,0.0,0.0,0.0,0.0,4.0,0.0,0.0,0.0,2500.0,0.0,0.0,0.0,0.0,0.0,0.0,0.0,0.0,0.0,0.0,0.0,21.248543382485587,-486.7341442610517,21.779582691177184,-166.21147336565606,21.199110984912687,-703.7908436982284,20.577020866220776,156.3822971858292,17.36954362297402,19.845045999287139,19.82848495197264,-95.94137069970441,18.646428902357493,64.35033201687338,19.048840450191464,-122.6733096716216,17.68241101491988,-99.89975088154029,668.1235576543991,703.4198351817106,0.0,0.0,0.0,0.0,0.0,0.0,0.0,0.0,0.0,0.0,0.0,0.0,0.0,0.0,0.0,0.0,0.0,0.0,0.0,0.0,0.0,0.0,1.061014709314916,0.32387506389344208,124.93030056147554,147.2959643155326,2771.5659836399388,0.03766038870564573,0.005747922574121754,31.53190670482478,37.10880037775428,725.0143513125922,1.0825741132400735,0.20456804860923545,229.90883264574888,271.15447622306626,5080.862843435205,0.25525539574699016,0.04823420176624907,210.73386394411512,248.9328351951848,4421.231409483952,0.0,0.0,9.201856670122908,11.008378610869049,129.62704192546097,0.0,0.0,60.09733391808381,71.31649710753418,1120.40925487228,0.0,0.0,264.6653229089942,315.00401871862769,4499.62902377245,0.0,0.0,28.767624234064099,33.99791075735894,588.6141641537769,0.0,0.0,175.70109603528409,210.06283910531278,2534.4862675941797,43.47195542921045,29.8161559871128,236.42084884297106,280.79724482192878,5045.244255906604,0.0,0.0,181.4169434171839,217.17398614072,2489.298569712345,895.2620361873017,21.51736007011855,39.913252116743468,21.5,30.0,0.0,22.009243069753386,44.226858833893107,21.0,30.0,1297.6038213279426,21.487876936152096,39.18832290292595,21.5,30.0,0.0,20.91722603769685,40.821427746626607,16.0,30.0,0.0,17.411741067286618,50.58929704366142,12.0,30.0,0.0,19.743884553575979,44.38051373041966,19.0,30.0,0.0,18.8982071282038,46.64547854010841,10.0,30.0,1039.919005177644,20.578371149702279,41.72802868741717,20.7,30.0,0.0,17.583916760733908,50.4191929975959,16.0,30.0,0.0,19.369725927235558,0.0,0.0,0.0,17.211545226426549,0.0,0.0,657.1989868767643,964.2073749347685,616.1989553140795,627.5245135959426,594.4514416362865,635.3375785493767,631.2354862052175,610.3923426265637,617.7802764165631,10923.158830566166,80.78199390320668,84.62157005663458,240.0,0.0,240.0,240.0,21.0,16.0,19.0,16.0,19.7,12.0,21.0,10.0,1.0,0.0,895.2620361873017,0.0,1297.6038213279426,0.0,0.0,0.0,1039.919005177644,0.0,5810.000480850091,3486000.288510055,4525507.515322696,80.78199390320668,84.68677880623786,0.363666682695003,0.7705828641383158,0.36028137401965956,84.68677880623786,0.3542647819438875,4525507.515322696,0.24284639079678028 
 03/18  19:00:00,10.35,71.0,8.02,0.0,0.0,0.0,0.0,0.0,0.0,0.0,0.0,4.0,0.0,0.0,0.0,2501.0,0.0,0.0,0.0,0.0,0.0,0.0,0.0,0.0,0.0,0.0,0.0,21.281788088562054,-345.07149462692169,21.769665228471859,-173.07206509045526,21.02489389658678,-579.2409208521922,20.54091897127293,64.94247254812399,17.37236525417649,18.474366542951004,19.736479809532928,-84.55908828420457,18.606365586490996,29.85649642735234,18.904493739778468,-84.41308586318692,17.638383673758147,-97.88238582417375,672.8848597184431,693.9508157161765,0.0,0.0,0.0,0.0,0.0,0.0,0.0,0.0,0.0,0.0,0.0,0.0,0.0,0.0,0.0,0.0,0.0,0.0,0.0,0.0,0.0,0.0,1.0962035796557006,0.33461647730638,132.73833870292499,156.53661590029786,2953.773464647639,0.016812927692970788,0.002566075655215322,34.13188828283639,40.165155978230099,792.1670001429761,1.1044769314104189,0.20870690313877916,233.1217343453731,275.3019766488473,5087.102381906407,0.2440345891286538,0.04611386793814319,206.5025573503096,244.2406849146179,4341.583638030157,0.0,0.0,8.876043082844387,10.62124639200431,126.85745931224762,0.0,0.0,57.51243610928725,68.28115242968868,1074.482683057567,0.0,0.0,263.14273248776149,313.34094875110466,4487.599805462374,0.0,0.0,27.574803607959944,32.70136788365791,534.7731940385913,0.0,0.0,177.8156425258087,212.68561982263908,2582.5906376051896,42.996802093664999,29.4902620669856,234.18845372986147,278.27521853861097,5056.251414706376,0.0,0.0,182.37625891004763,218.441384619133,2510.5301648064439,481.54010377199878,21.518283092193017,39.94006620715051,21.25,30.0,0.0,22.01999375734706,43.79107697859669,21.0,30.0,153.66584399042618,21.286710654941083,39.48976514921612,21.0,30.0,0.0,20.858242457545928,40.790771083520549,16.0,30.0,0.0,17.40861662010449,50.83495142771841,12.0,30.0,0.0,19.65561510924561,44.81131561960865,19.0,30.0,0.0,18.8171395951871,46.99563782988231,10.0,30.0,320.9677149094162,20.036251397093186,43.37662162617404,19.95,30.0,0.0,17.52621537953499,50.84764324816768,16.0,30.0,0.0,19.412135139067958,0.0,0.0,0.0,17.12762291428504,0.0,0.0,662.5481388041004,942.9336722807666,611.8396068176123,622.6812600684102,608.6326413687177,648.2205656851933,640.7514797680444,627.0882985099424,632.6649875459343,3489.980840086663,82.61827544689609,82.61827544689609,240.0,0.0,240.0,240.0,21.0,16.0,19.0,16.0,19.7,12.0,21.0,10.0,1.0,0.0,481.54010377199878,0.0,153.66584399042618,0.0,0.0,0.0,320.9677149094162,0.0,0.0,0.0,0.0,82.61827544689609,82.61827544689609,0.17,0.3464418272219403,0.18014068700982978,82.61827544689609,0.17713239097194376,0.0,0.007559999999999999 
 03/18  19:10:00,10.333333333333334,71.33333333333334,7.961666666666667,0.0,0.0,0.0,0.0,1.0,2.0,0.0,0.0,4.0,0.0,0.0,0.0,2504.0,0.0,0.0,0.0,0.0,0.0,0.0,0.0,0.0,0.0,0.0,0.0,21.33245149229694,-80.92448702064849,21.767047390456289,-121.52942885034537,21.445474631832334,-1734.6096474157139,20.65948605980847,449.362601186358,17.37728173503595,19.374186181052566,19.761013113571047,-26.07143665057626,18.54294039232713,26.766678503652657,19.226969064950425,-152.91909055446986,17.593281688460754,-103.29104672426388,868.8317224582274,763.8343857122811,0.0,0.0,0.0,0.0,0.0,0.0,0.0,0.0,0.0,0.0,0.0,0.0,0.0,0.0,0.0,0.0,0.0,0.0,0.0,0.0,0.0,0.0,1.0738937675187597,0.3278064003415017,184.2414176527977,217.32394532938248,4124.70327392961,0.05390931102554154,0.008227916823190102,27.14714739173242,31.943436789809185,633.4044119933844,0.9632497333990272,0.18201997985620325,427.50097112763276,503.74847962378217,9922.03782526208,0.2728319391359617,0.051555544054414519,318.60967063212049,376.6069484779125,6865.205042624934,0.0,0.0,9.37913325457456,11.225444033478523,134.40543281402678,0.0,0.0,12.174899334690182,14.450811822537695,229.92598088648959,0.0,0.0,219.4084405923185,261.42905746381947,3705.625489761451,0.0,0.0,39.636625223252938,46.91350955978202,814.1390191541824,0.0,0.0,181.89024090526244,217.65374633813128,2626.215243909266,43.09271726670066,29.556047508025153,413.4903714336453,490.4829292380626,8852.384710999237,0.0,0.0,187.47369013489959,224.588701618576,2587.9700080079567,0.0,21.51854138250987,39.91464783581326,21.0,30.0,0.0,22.045248707233364,44.00567886145303,21.0,30.0,2463.661085788429,21.98091924362741,37.83598494045732,22.0,30.0,0.0,21.13821433324048,40.37503473000915,16.0,30.0,0.0,17.409689495228304,51.066762439722257,12.0,30.0,0.0,19.740252467879054,46.25405558656746,19.0,30.0,0.0,18.71399731382821,47.25525696397002,10.0,30.0,642.8633257087502,20.599085843367598,42.7752278377859,20.45,30.0,0.0,17.46444100306404,51.21676483728362,16.0,30.0,0.0,20.006213445234715,0.0,0.0,0.0,17.12729157140742,0.0,0.0,662.7891222613455,959.8586789856073,613.1955404037358,638.7599991030378,623.4101066791183,752.7740864611479,644.1290530367352,686.0789729171584,645.3353914586887,9881.23420561622,81.47124902540667,83.17025786060583,270.0,0.0,270.0,270.0,21.0,16.0,19.0,16.0,19.7,12.0,21.0,10.0,1.0,0.0,0.0,0.0,2463.661085788429,0.0,0.0,0.0,642.8633257087502,0.0,2571.3089755719045,1542785.3853431426,2000512.9834721748,81.47124902540667,83.19911267094978,0.3407102991857302,0.7695187245453892,0.36028137401965956,83.19911267094978,0.3542647819438875,2000512.9834721748,0.11257667514055309 
 03/18  19:20:00,10.316666666666667,71.66666666666667,7.903333333333333,0.0,0.0,0.0,0.0,1.0,2.0,0.0,0.0,4.0,0.0,0.0,0.0,2505.0,0.0,0.0,0.0,0.0,0.0,0.0,0.0,0.0,0.0,0.0,0.0,21.16843967624128,-183.91298855318724,21.76206532486658,-184.52623258450547,21.00308702059856,-492.47071396147057,20.611170955092775,-7.420356791764817,17.38169719470161,16.245592603446754,19.830556492876036,-9.980025827770249,18.462801058860359,0.07128252356210396,18.97530705499102,-95.18386929473195,17.54824381081204,-128.1204308676438,646.7204691269418,660.5460186122969,0.0,0.0,0.0,0.0,0.0,0.0,0.0,0.0,0.0,0.0,0.0,0.0,0.0,0.0,0.0,0.0,0.0,0.0,0.0,0.0,0.0,0.0,1.1331540425376077,0.3458956173802221,161.2337795911783,190.7102846979465,3514.1163151334887,0.0,0.0,37.34279310562199,43.95221709809073,871.3844711514507,1.079900687137842,0.20406286605023478,224.1493785100331,265.13014055291748,4931.557567862099,0.2224571873706624,0.04203650555001178,128.9028585970248,152.54601650409314,2754.0991369808627,0.0,0.0,8.6074460488564,10.303124326902342,123.65741309612321,0.0,0.0,13.025679910542206,15.450028330115885,250.27358116950868,0.0,0.0,203.61534163152386,242.74214551452892,3392.9820718335274,0.0,0.0,30.231727105465447,35.86678637247327,583.5440076935333,0.0,0.0,167.1672936840848,200.09226898142266,2399.250429832182,42.51770939604497,29.161666252431404,225.09029500167117,267.7811525710698,4937.768904233202,0.0,0.0,171.81257154730654,206.0001535141637,2302.8699018043964,502.2892050750504,21.2991287547209,40.65960199880632,21.25,30.0,0.0,22.05230800427844,43.66990830875103,21.0,30.0,60.489979339566847,21.240450900725408,39.427095255712618,21.0,30.0,0.0,20.97781713919878,40.83928644907029,16.0,30.0,0.0,17.40957865563457,51.35075686618134,12.0,30.0,0.0,19.890348214306124,48.13501932655053,19.0,30.0,0.0,18.58000800360142,47.88747548070914,10.0,30.0,373.16868768195766,19.94510531621119,45.191919296417328,19.95,30.0,0.0,17.40231336569665,51.68927624192156,16.0,30.0,0.0,19.17261580347456,0.0,0.0,0.0,16.907672999057817,0.0,0.0,674.8564528620266,942.6203800201333,605.8834067705789,643.1736882423718,640.830320715668,891.5091663460869,659.2763196781494,727.529487530134,662.7997240961817,4679.829003108509,81.60817838744079,81.60817838744079,270.0,0.0,270.0,270.0,21.0,16.0,19.0,16.0,19.7,12.0,21.0,10.0,1.0,0.0,502.2892050750504,0.0,60.489979339566847,0.0,0.0,0.0,373.16868768195766,0.0,0.0,0.0,0.0,81.60817838744079,81.60817838744079,0.17,0.3479337820634316,0.18014068700982978,81.60817838744079,0.17713239097194376,0.0,0.008535 
 03/18  19:30:00,10.3,72.0,7.845,0.0,0.0,0.0,0.0,1.0,2.0,0.0,0.0,4.0,0.0,0.0,0.0,3135.0,0.0,0.0,0.0,0.0,0.0,0.0,0.0,0.0,0.0,0.0,0.0,21.351454181894306,-491.90979215572619,21.734522219998579,-137.93519675208138,21.402315886519987,-1027.8519692926544,20.608912064440437,328.3273855325986,17.38580112033945,16.8160053872477,19.866587527876438,-35.16284911516813,18.472156519472997,75.52418482253835,19.288647569518284,-159.76656917280557,17.499592625756159,-121.06815305182683,771.5493286455542,753.3960147359642,0.0,0.0,0.0,0.0,0.0,0.0,0.0,0.0,0.0,0.0,0.0,0.0,0.0,0.0,0.0,0.0,0.0,0.0,0.0,0.0,0.0,0.0,1.043542979385488,0.3185418129992333,173.95982760419848,205.32780205496878,3980.955533304574,0.056983963769734326,0.00869718616754187,26.71400570331941,31.46671019468127,624.5005002551908,1.0431897666745589,0.19712580624991678,298.1656582357673,351.83853605249399,6824.955796052105,0.26839434318828206,0.05071699606732463,268.2331960476543,317.2373500397633,5763.324625789413,0.0,0.0,9.445333439110805,11.309806633873955,136.04725901305316,0.0,0.0,12.974256254613512,15.388469425835775,251.7469826766098,0.0,0.0,216.31731019520226,257.9278417862448,3630.197867235176,0.0,0.0,38.23433147380976,45.28367571822519,782.9282580655463,0.0,0.0,176.65966221766696,211.5630548903832,2519.362345960398,42.63494427892085,29.242074265377818,295.38676186239408,350.95510435782639,6395.823761413807,0.0,0.0,181.8039819101428,218.0267094220511,2451.37014872201,450.3051160183396,21.701994153078056,39.16201602460856,21.6,30.0,0.0,22.030475312955553,43.79591703567501,21.0,30.0,1393.1114255634375,21.753616425401128,38.38027718502283,21.4,30.0,0.0,21.04000274288526,40.35180427289387,16.0,30.0,0.0,17.410346077707396,51.567776429205689,12.000000000000002,30.0,0.0,19.969513873757973,49.31219058568736,19.0,30.0,0.0,18.620784289271005,47.82082871933257,10.0,30.0,519.1399466748871,20.52413678618067,43.704727325090228,20.3,30.0,0.0,17.338344207715946,52.12572360430872,16.0,30.0,0.0,19.642294811911755,0.0,0.0,0.0,16.928771613630546,0.0,0.0,649.0679875052846,947.6565651690683,614.2317077000373,627.3054733591102,654.6689478776174,976.7182772997666,664.6199994939465,736.3712797913474,675.8520662570372,5159.83924978424,82.42184485938992,83.77932894644468,270.0,0.0,270.0,270.0,21.0,16.0,19.0,16.0,19.7,12.0,21.0,10.0,1.0,0.0,450.3051160183396,0.0,1393.1114255634375,0.0,0.0,0.0,519.1399466748871,0.0,2054.4421824141797,1232665.3094485077,1596715.7996267987,82.42184485938992,83.80238353278077,0.20448140608047267,0.46072606535036728,0.21616882441179575,83.80238353278077,0.21255886916633252,1596715.7996267987,0.09154922158059352 
 03/18  19:40:00,10.283333333333334,72.33333333333333,7.786666666666667,0.0,0.0,0.0,0.0,1.0,2.0,0.0,0.0,4.0,0.0,0.0,0.0,1256.0,0.0,0.0,0.0,0.0,0.0,0.0,0.0,0.0,0.0,0.0,0.0,20.86773844920622,-104.36376540459696,21.73061996508682,-159.05778476704678,21.2526969063291,-730.3449184008487,20.61067165791068,123.23473156381215,17.39216608219609,16.849675439448619,19.88038806808016,-22.384915840458633,18.443408901005016,4.3317783390048139,19.180020793778895,-117.58158190868596,17.467173379515317,-104.67063545923611,646.0439634116146,743.1767839456338,0.0,0.0,0.0,0.0,0.0,0.0,0.0,0.0,0.0,0.0,0.0,0.0,0.0,0.0,0.0,0.0,0.0,0.0,0.0,0.0,0.0,0.0,1.0816669185772064,0.33017915707484937,96.16982659146423,113.52778607346279,2078.1102478080786,0.02988685734869887,0.00456148616433133,32.876666246543667,38.63342805877329,769.7374213426037,1.0711433737398446,0.20240804492438495,200.788945277791,237.01265865608509,4508.194728890599,0.24085696018254716,0.04551340895361812,175.42058967486075,207.48460689479877,3780.2807837369884,0.0,0.0,8.88224195584941,10.622503043359302,128.3791330765596,0.0,0.0,13.18124746640965,15.603204978129215,257.4902152771608,0.0,0.0,214.1841044109556,255.11256875540733,3578.024422072557,0.0,0.0,33.8739820275343,40.137105928792689,668.9301638104779,0.0,0.0,177.71699209303513,212.58213261720227,2529.187586541597,42.24922855952872,28.977523017509417,201.14526953202424,239.12216095290135,4460.642125547376,0.0,0.0,182.69000146729668,218.83823956175287,2457.161985412898,43.67966169099202,20.98569184309312,41.57133877503939,21.0,30.0,0.0,22.041462663325427,43.99642669503438,21.0,30.0,1290.2062611153215,21.61001234703064,38.51631111122468,21.5,30.0,0.0,21.015854577907129,40.434346647187208,16.0,30.0,0.0,17.415792878263603,51.781427317377538,12.0,30.0,0.0,20.014863502787024,50.291585056823,19.0,30.0,0.0,18.561486278002513,48.19312919771741,10.0,30.0,633.3965634919645,20.202179893872328,44.673459998580188,20.2,30.0,0.0,17.302969022251433,52.34018746451379,16.0,30.0,0.0,19.3321306337006,0.0,0.0,0.0,16.893366560019844,0.0,0.0,682.2517066305718,959.8912613787164,602.8967634305734,628.3940600718008,669.1640991266295,1043.4472233846855,674.241431093791,743.1954177687208,682.1443003049216,10506.459721830863,81.05771458780223,84.74526048231367,270.0,0.0,270.0,270.0,21.0,16.0,19.0,16.0,19.7,12.0,21.0,10.0,1.0,0.0,43.67966169099202,0.0,1290.2062611153215,0.0,0.0,0.0,633.3965634919645,0.0,5580.325524116424,3348195.3144698545,4336997.879767356,81.05771458780223,84.80788725341472,0.35601085080388086,0.7718531385322157,0.36028137401965956,84.80788725341472,0.3542647819438875,4336997.879767356,0.2340288897479025 
 03/18  19:50:00,10.266666666666668,72.66666666666667,7.728333333333333,0.0,0.0,0.0,0.0,1.0,2.0,0.0,0.0,4.0,0.0,0.0,0.0,5652.0,0.0,0.0,0.0,0.0,0.0,0.0,0.0,0.0,0.0,0.0,0.0,21.28696644038805,-646.1773788546516,21.710069964687287,-161.62328748186139,21.30270243426834,-474.2148447782326,20.547427023391124,162.68663326199866,17.396548791286607,15.846125042107343,19.8822372342149,-28.785496741905506,18.417985011507136,50.97371571541078,19.07310888407552,-128.23282465249788,17.4383325697611,-125.6599681142888,701.7369923897081,741.9899735572242,0.0,0.0,0.0,0.0,0.0,0.0,0.0,0.0,0.0,0.0,0.0,0.0,0.0,0.0,0.0,0.0,0.0,0.0,0.0,0.0,0.0,0.0,1.0467562860910654,0.3195226758519745,182.13766411084675,215.27706531398395,4141.137876685379,0.022822888112482198,0.003483346781514387,31.2530580165296,36.83383350475813,731.5529116713249,1.0953721859254522,0.20698642969112919,237.35346846105467,280.7942638254501,5301.298297586121,0.2584804108245029,0.04884361504620248,231.0466196964854,273.68627854060687,4922.669470709126,0.0,0.0,9.092883698780759,10.896435379586569,131.7576804559048,0.0,0.0,13.367609759035683,15.861135006293797,262.03304115406959,0.0,0.0,214.61090267586315,256.175776362585,3584.5746210420209,0.0,0.0,34.85027729443572,41.380467101337469,688.6196588264018,0.0,0.0,175.99144317753284,210.9913660502569,2498.62650176001,42.11028783606533,28.88222759675272,245.09924819759886,291.8342563004976,5320.152550735866,0.0,0.0,180.7367292846902,217.0139165382004,2410.8540206419777,786.7528618616113,21.537489119855765,39.53556893116294,21.444444444444505,30.000000000000087,0.0,22.024546191827583,43.853821875028838,21.000000000000058,30.000000000000087,0.0,21.384206759811879,39.40876015114155,21.000000000000058,30.000000000000087,0.0,20.923015760386268,40.71991132606039,16.000000000000044,30.000000000000087,0.0,17.41808306248785,51.964160820985899,12.000000000000036,30.000000000000087,0.0,20.034465544115496,50.876557330831079,19.000000000000058,30.000000000000087,0.0,18.544176094221215,48.231812385293299,10.000000000000029,30.000000000000087,0.6743305910162275,20.09530391551942,45.139391008967098,19.700000000000054,30.000000000000087,0.0,17.26959661194076,52.60851278524155,16.000000000000044,30.000000000000087,0.0,19.46946909960424,0.0,0.0,0.0,16.821306573233345,0.0,0.0,646.5835736011031,948.8503136214213,620.8863996191384,630.4622360508214,680.0485681461082,1080.2064676210917,676.2849200130938,752.15978530776,691.4557404193588,5075.725657207744,81.70026642301838,81.70026642301838,270.0000000000008,0.0,270.0000000000008,270.0000000000008,21.0,16.0,19.0,16.0,19.7,12.0,21.0,10.0,1.0,0.0,786.7528618616113,0.0,0.0,0.0,0.0,0.0,0.6743305910162275,0.0,0.0,0.0,0.0,81.70026642301838,81.70026642301838,0.18888888888888945,0.410369967996149,0.20015631889981146,81.70026642301838,0.19681376774660473,0.0,0.00837 
 03/18  20:00:00,10.25,73.0,7.67,0.0,0.0,0.0,0.0,1.0,2.0,0.0,0.0,4.0,0.0,0.0,0.0,2516.0,0.0,0.0,0.0,0.0,0.0,0.0,0.0,0.0,0.0,0.0,0.0,21.280160754651904,-789.7447532903686,21.683210760409538,-165.6089342104486,21.275261478944068,-688.2320142772508,20.49131973637851,214.22996879542417,17.400892117549558,15.477643106810703,19.875516915086118,-30.55457678159361,18.411002096553525,42.623893996500559,19.349521342161567,-168.73602622936216,17.400478214108106,-123.58292756977358,702.1306840384743,779.5305030399638,0.0,0.0,0.0,0.0,0.0,0.0,0.0,0.0,0.0,0.0,0.0,0.0,0.0,0.0,0.0,0.0,0.0,0.0,0.0,0.0,0.0,0.0,1.0126164504371747,0.30910148059742817,203.74298559621688,240.48879847007457,4649.092026944701,0.021985957702939587,0.003355610150021304,31.01097819776055,36.549173645742957,725.1826235593918,1.1080781851006454,0.20938741215053775,274.7643768797528,323.98315164046297,6294.653791061161,0.2649570097718145,0.0500674621639861,225.11034932591813,266.30599545640879,4778.355420607405,0.0,0.0,9.089648548098705,10.885102364976924,132.11690260182764,0.0,0.0,13.42777230013386,15.921434697892753,263.91159294843899,0.0,0.0,216.35983277502286,258.128798918867,3615.752717308871,0.0,0.0,38.32925447486812,45.40558169847861,786.9958252082483,0.0,0.0,179.08516144312564,214.61006429722978,2532.515310580042,41.88301589117989,28.72634834786001,276.89058940133227,328.8744881625878,5984.311760064627,0.0,0.0,184.0744131341225,220.89613481159433,2459.9218677928399,1274.1990836287205,21.665030623773935,39.26657701391601,21.75,30.0,0.0,21.9920587535697,43.84705169888646,21.0,30.0,1317.8241997303965,21.509445503733134,39.348306973230197,21.5,30.0,0.0,20.830732405058549,41.26478911341296,16.0,30.0,0.0,17.421419644681007,52.15685245173253,12.0,30.0,0.0,20.041068594474888,51.38093276075187,19.0,30.0,0.0,18.529519594178507,48.29602810520485,10.0,30.0,764.5124666853648,20.4924305561879,44.02658573128129,20.45,30.0,0.0,17.22210929521801,52.88019244839899,16.0,30.0,0.0,19.47453906004584,0.0,0.0,0.0,16.814039020663583,0.0,0.0,647.826541127795,942.8624975875973,631.7754195109653,645.665337446524,692.0396183292527,1110.7125709159614,678.2024979340915,756.2431318879937,698.2941270478268,9630.208392020682,81.63722348398685,83.3786522646011,270.0,0.0,270.0,270.0,21.0,16.0,19.0,16.0,19.7,12.0,21.0,10.0,1.0,0.0,1274.1990836287205,0.0,1317.8241997303965,0.0,0.0,0.0,764.5124666853648,0.0,2635.4430956793214,1581265.8574075928,2052939.784777084,81.63722348398685,83.40822750644273,0.34284810318931077,0.7687840380694156,0.36028137401965956,83.40822750644273,0.3542647819438875,2052939.784777084,0.11498786880840835 
 03/18  20:10:00,10.231666666666668,73.0,7.5616666666666669,0.0,0.0,0.0,0.0,0.0,2.0,0.0,0.0,4.0,0.0,0.0,0.0,2517.0,0.0,0.0,0.0,0.0,0.0,0.0,0.0,0.0,0.0,0.0,0.0,21.24845892318981,-525.8081867770045,21.671366142168247,-161.1641930075541,21.052882030446278,-402.7441650090864,20.497532047779239,81.1966729937792,17.405775829584333,16.15259664674366,19.954158659453158,-26.810790984247974,18.406991138135596,3.0402382037982536,18.92884003791385,-84.79324541668223,17.372551394121169,-114.83668312696523,732.0471571591049,748.1715085853512,0.0,0.0,0.0,0.0,0.0,0.0,0.0,0.0,0.0,0.0,0.0,0.0,0.0,0.0,0.0,0.0,0.0,0.0,0.0,0.0,0.0,0.0,1.0768927340210604,0.32872183578176447,228.74861177199356,270.6155363496861,5087.52325705202,0.00581747849941893,0.0008878935438673581,34.096204679972277,40.165249490544209,798.0133058045815,1.1180482484076977,0.21127139992586889,300.4301142150705,355.4929756812804,6692.246813177222,0.2498113890973892,0.04720547790955955,191.05377810605595,226.1819315326423,4060.5592504432399,0.0,0.0,8.851314163779432,10.602966904513544,129.08248245422619,0.0,0.0,13.789733507450859,16.345078505092219,274.46412694159718,0.0,0.0,219.2336962655246,261.6529676266428,3664.627841595989,0.0,0.0,29.26469088704442,34.77603574626164,556.3883821803231,0.0,0.0,180.2523399184859,216.093518191073,2545.884009829346,41.63087233302514,28.553410379303945,302.2222714151809,359.60009618787117,6516.942086501554,0.0,0.0,184.48156192606326,221.49099343596274,2452.208582542369,664.6152011025672,21.388673078273169,40.32851696992056,21.25,30.0,0.0,21.98745095469924,44.12586959470583,21.0,30.0,0.0,21.28317241944549,40.047400754425769,21.0,30.0,0.0,20.834573603814396,41.38716496445386,16.0,30.0,0.0,17.426252580377207,52.33293785127523,12.0,30.0,0.0,20.14824891967996,51.38360582344848,19.0,30.0,0.0,18.509376769310998,48.60162823448511,10.0,30.0,0.0,19.70170616362114,45.59553763944193,12.0,30.0,0.0,17.193090335377304,53.03334197849833,16.0,30.0,0.0,19.478224240074046,0.0,0.0,0.0,16.757456138173155,0.0,0.0,668.0908529609926,957.0997803610945,639.3468847212213,651.5197013580042,702.8100404433637,1130.7633356449415,690.8809911247687,719.4546759346356,702.5469513923924,4762.461157200234,82.06462898333938,83.75696694774433,570.0,0.0,570.0,570.0,21.0,16.0,19.0,16.0,12.0,12.0,21.0,10.0,1.0,0.0,664.6152011025672,0.0,0.0,0.0,0.0,0.0,0.0,0.0,2561.22311551967,1536733.869311802,1993749.2775662854,82.06462898333938,83.78570846455641,0.17037410385065566,0.3470143412743314,0.18014068700982978,83.78570846455641,0.17713239097194376,1993749.2775662854,0.12077496243344685 
 03/18  20:20:00,10.213333333333335,73.0,7.453333333333334,0.0,0.0,0.0,0.0,0.0,2.0,0.0,0.0,4.0,0.0,0.0,0.0,1890.0,0.0,0.0,0.0,0.0,0.0,0.0,0.0,0.0,0.0,0.0,0.0,21.410243165045864,-593.8967101723342,21.63868342008295,-181.32104699234334,21.424584009886887,-1340.8640687657895,20.47948123902841,281.8087512649071,17.409301647657594,14.740128439184345,20.04819217300121,-28.396866209581757,18.36020227175706,9.181562032920735,18.48267614859277,-42.068611130090008,17.34085645769594,-134.56818672609306,717.8564311342468,716.312547042647,0.0,0.0,0.0,0.0,0.0,0.0,0.0,0.0,0.0,0.0,0.0,0.0,0.0,0.0,0.0,0.0,0.0,0.0,0.0,0.0,0.0,0.0,1.1017077636698627,0.3362966311568566,219.04435429690319,258.2396652330648,5103.4759700375,0.0010505653301133597,0.00016034269385124534,34.50764829950553,40.654980122549748,806.0676381265548,1.0121377534586043,0.19125807888484587,324.62981762446807,382.50905615066326,7530.113230206851,0.2567550306395288,0.04851757948592756,256.87215687550886,303.8599759744716,5475.045715146951,0.0,0.0,8.646467279279662,10.35398177731583,126.4832381572813,0.0,0.0,14.102580829496454,16.70123236007487,285.23593939468398,0.0,0.0,212.3834112978887,253.458563412008,3527.114238635334,0.0,0.0,24.152764049844895,28.780948810847386,425.9494253327255,0.0,0.0,173.21636962639065,207.6191934092907,2439.9168305524055,41.37404995099969,28.377263340877705,327.9201274093874,389.19572934198887,7036.702192567807,0.0,0.0,176.7959521467593,212.3023441287416,2307.1330225898275,928.4646769463252,21.698823072864838,39.48014030303375,21.333333333333326,29.99999999999999,0.0,21.94349093621782,43.94776192516822,20.999999999999994,29.99999999999999,2073.2793621905668,21.71092865920215,38.94864709637089,21.666666666666658,29.99999999999999,0.0,20.83553995264003,41.44807493362379,15.999999999999993,29.99999999999999,0.0,17.428409510850068,52.54226326742457,11.999999999999995,29.99999999999999,0.0,20.293781855304354,51.284780532018078,18.999999999999994,29.99999999999999,0.0,18.435454789278525,48.83111611031562,9.999999999999997,29.99999999999999,0.0,18.94270654403547,47.47118160796323,11.999999999999995,29.99999999999999,0.0,17.15329933609116,53.25707695420869,15.999999999999993,29.99999999999999,0.0,19.538163261847634,0.0,0.0,0.0,16.61552907664786,0.0,0.0,661.5064312455261,940.8719475731584,635.0896325201118,654.4039020214947,714.2423818375582,1148.4152336146595,690.951459891767,700.0713621903718,706.2025689549292,8892.92293896401,82.12477883213652,82.12477883213652,569.9999999999998,0.0,569.9999999999998,569.9999999999998,21.0,16.0,19.0,16.0,12.0,12.0,21.0,10.0,1.0,0.0,928.4646769463252,0.0,2073.2793621905668,0.0,0.0,0.0,0.0,0.0,0.0,0.0,0.0,82.12477883213652,82.12477883213652,0.3399999999999999,0.7715158162661775,0.36028137401965945,82.12477883213652,0.35426478194388735,0.0,0.01691 
 03/18  20:30:00,10.195,73.0,7.345,0.0,0.0,0.0,0.0,0.0,2.0,0.0,0.0,4.0,0.0,0.0,0.0,1890.0,0.0,0.0,0.0,0.0,0.0,0.0,0.0,0.0,0.0,0.0,0.0,21.332992472742658,-445.89255197219748,21.628549130677074,-135.45598606003848,21.083207608416026,-489.6438667769936,20.582562320029504,197.20403619500358,17.41484298829203,17.408614420809927,20.10773901270904,-41.068751205473507,18.37806473395868,40.31864284630318,18.20673606958198,-25.85916606663448,17.301594274245877,-128.95279848348336,754.1645410535842,795.1938687223903,0.0,0.0,0.0,0.0,0.0,0.0,0.0,0.0,0.0,0.0,0.0,0.0,0.0,0.0,0.0,0.0,0.0,0.0,0.0,0.0,0.0,0.0,1.1039773925674744,0.3369894360706575,183.66361277936688,217.09438210866944,4122.205149925975,0.05482627726613926,0.008367868935613438,29.694066247391949,34.97709424289371,696.0974163748979,1.1075202242517546,0.20928197737183569,255.25703079754448,301.6767430526311,5695.975412269053,0.26139077571009469,0.0493935706179317,233.10794976311494,275.9222060273983,5045.091356613665,0.0,0.0,9.119180757335723,10.922342113174203,133.88388332871237,0.0,0.0,14.024227508095678,16.6051934767938,286.5565627248709,0.0,0.0,233.3804109473532,278.56918536930268,3903.754138925219,0.0,0.0,14.164833481282856,16.90112003415569,237.57351938670616,0.0,0.0,185.74085286837545,222.7434882055672,2604.8031361242867,41.37748672694659,28.37962052602647,259.216610763382,308.1441162122432,5717.735758498796,0.0,0.0,190.599481198982,228.90228170279586,2523.0053146340799,0.0,21.361381897907575,40.30820923853534,20.999999999999994,29.99999999999999,0.0,21.943455750639829,44.3464066234828,20.999999999999994,29.99999999999999,75.38518279923147,21.341704099853194,39.92146811708026,20.999999999999994,29.99999999999999,0.0,21.010706799541276,41.10082650933744,15.999999999999993,29.99999999999999,0.0,17.435481042583875,52.6151229249116,11.999999999999995,29.99999999999999,0.0,20.380085550607978,51.21074096415319,18.999999999999994,29.99999999999999,0.0,18.477441693303477,48.63753226475854,9.999999999999997,29.99999999999999,0.0,18.502233957588858,48.78211439630951,11.999999999999995,29.99999999999999,0.0,17.103126063498669,53.38005684997138,15.999999999999993,29.99999999999999,0.0,19.680941342416675,0.0,0.0,0.0,16.675861604392567,0.0,0.0,664.2750034489211,963.747194081106,640.706814206744,659.889488570402,719.2563066348117,1156.628165080185,687.8311115317881,698.8282994107017,703.58807736116,2978.295717388892,82.37679001024373,82.37679001024373,569.9999999999998,0.0,569.9999999999998,569.9999999999998,21.0,16.0,19.0,16.0,12.0,12.0,21.0,10.0,1.0,0.0,0.0,0.0,75.38518279923147,0.0,0.0,0.0,0.0,0.0,0.0,0.0,0.0,82.37679001024373,82.37679001024373,0.1133333333333333,0.20571013112535556,0.12009379133988647,82.37679001024373,0.11808826064796245,0.0,0.01672 
 03/18  20:40:00,10.176666666666666,73.0,7.236666666666666,0.0,0.0,0.0,0.0,0.0,2.0,0.0,0.0,4.0,0.0,0.0,0.0,2524.0,0.0,0.0,0.0,0.0,0.0,0.0,0.0,0.0,0.0,0.0,0.0,21.334809381605937,-265.1210737788872,21.619368708214276,-134.20678502791368,21.472345400686554,-1299.8757121546585,20.613428582258469,305.3463264424611,17.416950812528545,13.802006184683052,20.152170063570954,-39.16102635994659,18.338797701836975,38.33231895660401,18.026618218373608,-9.77116196073014,17.273162028848053,-144.0435762510956,794.8735097595288,697.0769735835997,0.0,0.0,0.0,0.0,0.0,0.0,0.0,0.0,0.0,0.0,0.0,0.0,0.0,0.0,0.0,0.0,0.0,0.0,0.0,0.0,0.0,0.0,1.133199044567108,0.3459093542634641,254.1603531694456,300.13932365339749,5821.012669223863,0.04727166345003059,0.007214844848905767,30.651570593794607,36.15586860556819,719.0286990102711,0.9819870993022871,0.18556067636097646,380.98505570526836,449.9317189276277,8826.261341937938,0.24954054335730609,0.04715429768656576,251.25735804698645,297.42707170227836,5488.950462214558,0.0,0.0,8.759611402796452,10.495128620502366,128.95084044258273,0.0,0.0,14.395894451888477,17.05429721780517,296.5156597092614,0.0,0.0,214.22224707727166,255.844872071427,3567.1117242653538,0.0,0.0,12.215627631015528,14.601601985974814,199.32755304542807,0.0,0.0,169.19120459371275,203.00820668778244,2369.027658395482,41.067186302266,28.16679444599864,379.0166841979454,450.3101130436848,8257.807834761994,0.0,0.0,171.34072884434529,206.00843690828979,2202.2775695441689,657.7655445238521,21.5451616278079,39.75810625579976,21.5,30.0,0.0,21.93724822518966,44.39061826089119,21.0,30.0,1786.2822666662724,21.795131838673649,38.787590283427579,21.5,30.0,0.0,21.082088898528178,40.62331715076719,16.0,30.0,0.0,17.435674737488186,52.712814319750417,12.0,30.0,0.0,20.445793081943429,51.16653909243212,19.0,30.0,0.0,18.41672804882706,48.88127804826311,10.0,30.0,0.0,18.24241942214432,49.56967463528167,12.0,30.0,0.0,17.071340722974378,53.5412789236599,16.0,30.0,0.0,19.843915730071289,0.0,0.0,0.0,16.477342261958193,0.0,0.0,657.8284894588559,965.9018067446662,638.1821061080125,644.3261614719153,724.0305283196399,1161.6776313969122,690.1862491435916,697.658031773597,705.7256838195593,10546.444023330798,81.03128289790712,84.65386587454973,570.0,0.0,570.0,570.0,21.0,16.0,19.0,16.0,12.0,12.0,21.0,10.0,1.0,0.0,657.7655445238521,0.0,1786.2822666662724,0.0,0.0,0.0,0.0,0.0,5482.110808775758,3289266.4852654549,4271494.297050165,81.03128289790712,84.71538935964327,0.35273702695919198,0.7692983516586222,0.36028137401965956,84.71538935964327,0.3542647819438875,4271494.297050165,0.23864770344660858 
 03/18  20:50:00,10.158333333333335,73.0,7.128333333333333,0.0,0.0,0.0,0.0,0.0,2.0,0.0,0.0,4.0,0.0,0.0,0.0,2524.0,0.0,0.0,0.0,0.0,0.0,0.0,0.0,0.0,0.0,0.0,0.0,21.192191508743187,-132.78384157168467,21.614801889195446,-145.94730197593703,21.385584883273809,-1295.7824906625934,20.59967339193448,236.12766636914263,17.418142232087634,14.534835394014323,20.18422036366166,-36.26380289699006,18.336390719140149,-16.83898903398267,17.875874927227089,-21.293263225120726,17.23484773711179,-140.22258943671228,826.740550153675,749.6499755041161,0.0,0.0,0.0,0.0,0.0,0.0,0.0,0.0,0.0,0.0,0.0,0.0,0.0,0.0,0.0,0.0,0.0,0.0,0.0,0.0,0.0,0.0,1.1414244705725403,0.348420168062436,263.91320645322369,312.1694680790553,5893.502327923256,0.029892465073592245,0.004562342044199061,33.64526115520963,39.68649664107095,790.2430509373537,1.0146477743408225,0.19173238366228705,425.23654032706329,502.3279948037174,9742.392494799564,0.2465494494654655,0.04658908720057926,218.9719103873215,259.06258956307416,4777.733102169046,0.0,0.0,8.540785220994952,10.235413877506204,126.07404215394199,0.0,0.0,14.622637196441872,17.322208140294046,303.0707072697987,0.0,0.0,219.92736345493098,262.7502745832544,3661.4459964037557,0.0,0.0,10.49282758729261,12.55705949559356,167.19903881623368,0.0,0.0,174.20798373586153,209.10717468414127,2429.5832870621095,40.776802304458609,27.96762846670687,410.991105607352,488.18826218186526,8911.371998555112,0.0,0.0,180.04332563548196,216.5159238439862,2325.1190096208795,0.0,21.331929674766366,40.407697677452429,21.0,30.0,0.0,21.93813237914265,44.35104214654672,21.0,30.0,1438.0022733550819,21.60700745417353,39.15464615944653,21.5,30.0,0.0,21.03181582694661,40.980814999299479,16.0,30.0,0.0,17.436151059701545,52.757088491590909,12.0,30.0,0.0,20.491596944500264,51.14689782318385,19.0,30.0,0.0,18.39656304638801,48.97957718731784,10.0,30.0,0.0,18.024077452973147,50.275300157968249,12.0,30.0,0.0,17.02339570217363,53.652009529224539,16.0,30.0,0.0,19.96272832475782,0.0,0.0,0.0,16.485383864652215,0.0,0.0,666.7163023917547,964.4552174845157,634.8934431995142,657.2264111723984,726.2292354028215,1165.0357758162955,692.1662333994835,698.5466537250344,703.6053603396741,6697.866860973513,81.69684853840357,83.4725870080801,570.0,0.0,570.0,570.0,21.0,16.0,19.0,16.0,12.0,12.0,21.0,10.0,1.0,0.0,0.0,0.0,1438.0022733550819,0.0,0.0,0.0,0.0,0.0,2687.3131188886738,1612387.8713332043,2091911.9002740202,81.69684853840357,83.50274494234235,0.2595771039629558,0.5772238165376826,0.27021103051474468,83.50274494234235,0.2656985864579156,2091911.9002740202,0.12477108548091572 
 03/18  21:00:00,10.14,73.0,7.02,0.0,0.0,0.0,0.0,0.0,2.0,0.0,0.0,4.0,0.0,0.0,0.0,1896.0,0.0,0.0,0.0,0.0,0.0,0.0,0.0,0.0,0.0,0.0,0.0,21.466288823315798,-918.8929479548179,21.609919977941034,-138.82339435810585,21.159051898143948,-230.95922089324103,20.535468874287877,-21.81397928725545,17.41871973517231,13.655703122862093,20.208762632458325,-45.85766714579646,18.330797992293,60.02254172488519,17.75010727975461,-27.526938502455665,17.202978212810323,-141.3007379207127,737.0317172870806,733.8556668058117,0.0,0.0,0.0,0.0,0.0,0.0,0.0,0.0,0.0,0.0,0.0,0.0,0.0,0.0,0.0,0.0,0.0,0.0,0.0,0.0,0.0,0.0,1.0561857297914493,0.32240101641985666,240.18447024542744,283.24121862782229,5617.815223675101,0.03176382595657276,0.004847958784580707,31.301506661991927,36.911453056073117,736.6759425919863,1.1970789087159819,0.22620538713453954,283.0345617919369,334.7264007111694,6353.312862675788,0.2533880481394029,0.04788133940653874,158.55431171646308,187.85479981782883,3424.5696148554968,0.0,0.0,8.902990914636867,10.66561426934525,131.78064576551248,0.0,0.0,14.571742607325606,17.254541873384935,303.56808372470359,0.0,0.0,220.7906941791497,263.6495985395101,3694.8907542602189,0.0,0.0,12.243334006517557,14.64224085345474,190.99941347951566,0.0,0.0,169.37561584619213,203.26097367012023,2356.4637314328467,40.48433796758676,27.767035643063659,280.96012533688227,334.1286293454619,6154.762692048607,0.0,0.0,177.5143343871344,213.43440176096395,2274.892231223374,1262.5180383186956,21.7311878464983,39.24571295740209,21.666666666666687,30.00000000000002,0.0,21.939132853811445,44.39367370958994,21.000000000000015,30.00000000000002,653.7093799529295,21.322299206592317,40.2450156785012,21.33333333333335,30.00000000000002,0.0,20.89162707311675,41.308360670727,16.000000000000015,30.00000000000002,0.0,17.436031143905568,52.81384044408976,12.00000000000001,30.00000000000002,0.0,20.525242586512186,51.07579897852178,19.000000000000015,30.00000000000002,0.0,18.417863966197165,48.951421515490668,10.000000000000007,30.00000000000002,0.0,17.84973585017434,50.88205047015852,12.00000000000001,30.00000000000002,0.0,16.985950075218399,53.85656630440378,16.000000000000015,30.00000000000002,0.0,19.671832700802918,0.0,0.0,0.0,16.418546512544098,0.0,0.0,656.331582459662,967.5688718613039,656.2920928041924,656.1200101154536,728.7582629074575,1164.0087087080415,693.7409545503933,700.9064904195277,706.7403952079405,8812.975970799802,82.17749393087664,84.5851483055813,570.0000000000005,0.0,570.0000000000005,570.0000000000005,21.0,16.0,19.0,16.0,12.0,12.0,21.0,10.0,1.0,0.0,1262.5180383186956,0.0,653.7093799529295,0.0,0.0,0.0,0.0,0.0,3643.5592815649877,2186135.5689389908,2837806.362101859,82.17749393087664,84.62603826972777,0.3481186427188331,0.7686057676977601,0.3602813740196598,84.62603826972777,0.3542647819438878,2837806.362101859,0.16301926416263 
 03/18  21:10:00,10.028333333333335,73.0,6.866666666666666,0.0,0.0,0.0,0.0,0.0,2.0,0.0,0.0,4.0,0.0,0.0,0.0,1896.0,0.0,0.0,0.0,0.0,0.0,0.0,0.0,0.0,0.0,0.0,0.0,21.3205644484262,-766.5872476504932,21.603920176865146,-120.39456158671706,21.17624519829038,-236.3285010088693,20.469626557168735,206.42303369297162,17.419553902418025,15.133672231471659,20.216519408470896,-53.18853974105085,18.377658827163015,45.89498374559116,17.62991823477405,-41.15224807964057,17.181590895912217,-122.20923324770016,788.894637210203,803.291415987338,0.0,0.0,0.0,0.0,0.0,0.0,0.0,0.0,0.0,0.0,0.0,0.0,0.0,0.0,0.0,0.0,0.0,0.0,0.0,0.0,0.0,0.0,1.0661388640835954,0.3254392137007312,309.378480114953,365.37706408661929,7194.758770948212,0.0703105824892307,0.01073116338358222,27.97603609058708,32.99228083277575,665.8397618098211,1.2076858025585089,0.22820971325746587,329.35093527864816,389.9085033591047,7392.214059354743,0.2757496678739177,0.0521068911326375,221.75255498315,262.71196477954046,4801.783467787307,0.0,0.0,9.221805745208526,11.048557240366915,138.62090701189195,0.0,0.0,14.437285174962686,17.096707020862455,304.31742040828308,0.0,0.0,236.7599709362678,282.68117693980858,4047.73674349011,0.0,0.0,18.331451352794617,21.946271066960585,284.280565890348,0.0,0.0,176.71559473104169,212.10308444532616,2493.5210708292067,40.62345879280368,27.86245459040034,333.32321576937798,396.3716339092177,7389.499518547298,0.0,0.0,191.81435403724553,230.60677210670955,2528.5970571803848,649.2468891645864,21.66697695110931,39.449009548278947,21.666666666666669,30.0,0.0,21.942399175515573,44.876555225458769,21.0,30.0,0.0,21.254832907556904,40.527309780648689,21.0,30.0,0.0,20.836329575551269,41.49167162716719,16.0,30.0,0.0,17.437337049238346,52.77858517756586,12.0,30.0,0.0,20.535737202749425,51.00324160432828,19.0,30.0,0.0,18.48755718432613,48.82326904972142,10.0,30.0,0.0,17.68063233953935,51.49940589148473,12.0,30.0,0.0,16.970892970930735,53.90347822362355,16.0,30.0,0.0,19.83341105243557,0.0,0.0,0.0,16.488008880381356,0.0,0.0,661.201777505275,996.1865957731959,665.1124142249294,659.7748896415154,727.3355070943003,1160.5988263366899,698.2358543961659,704.547790033433,706.8309365430671,7818.371248360192,82.83523569384038,82.83523569384038,570.0,0.0,570.0,570.0,21.0,16.0,19.0,16.0,12.0,12.0,21.0,10.0,1.0,0.0,649.2468891645864,0.0,0.0,0.0,0.0,0.0,0.0,0.0,0.0,0.0,0.0,82.83523569384038,82.83523569384038,0.34,0.766853413168562,0.36028137401965956,82.83523569384038,0.3542647819438875,0.0,0.014915000000000002 
 03/18  21:20:00,9.916666666666668,73.0,6.713333333333334,0.0,0.0,0.0,0.0,0.0,2.0,0.0,0.0,4.0,0.0,0.0,0.0,1264.0,0.0,0.0,0.0,0.0,0.0,0.0,0.0,0.0,0.0,0.0,0.0,21.497025536740059,-1060.7202905335844,21.59225623631534,-148.44319549066905,21.037313365530879,-29.125427875315837,20.417958413182519,155.87329661635887,17.420703597469058,15.649773771007404,20.219746583227498,-48.20103566069383,18.375867805476788,15.042797779486137,17.523799089483906,-38.40991608880529,17.164651856341317,-118.33230851926146,659.6971254197852,813.8205708060668,0.0,0.0,0.0,0.0,0.0,0.0,0.0,0.0,0.0,0.0,0.0,0.0,0.0,0.0,0.0,0.0,0.0,0.0,0.0,0.0,0.0,0.0,1.0922795732614499,0.3334186731567308,249.74454927372865,294.699061813915,5928.929385398699,0.04601618275205628,0.007023226915759506,31.155852465984233,36.697953733391489,747.3279183103775,1.2259205595313132,0.2316554345297267,221.12624457298427,261.3911026300318,5017.436268423582,0.2857869136840132,0.05400357401436377,238.09803245755348,281.8867371634461,5165.683497730384,0.0,0.0,9.07681836104174,10.8677182169303,138.5550262432513,0.0,0.0,14.60774297641921,17.281645119666604,311.4468967748966,0.0,0.0,236.91981399595995,282.67405588075499,4104.668930248512,0.0,0.0,19.408433665996875,23.228964319692808,299.9574554306964,0.0,0.0,176.8568010759651,212.1143244414501,2532.1315281273784,40.426134834071458,27.727115798402929,235.08128383042968,279.6520946798687,5243.404659367407,0.0,0.0,193.1977956279547,232.08585525259464,2590.9211862314625,1414.8458001231884,21.769700938565735,39.13840624186945,22.0,30.0,0.0,21.931691117455587,44.94975409695006,21.0,30.0,0.0,21.213467345044657,40.52550963256549,21.0,30.0,0.0,20.744741453189307,41.98199373163688,16.0,30.0,0.0,17.439215678352299,52.78851588436433,12.0,30.0,0.0,20.542511860069454,50.92818756424795,19.0,30.0,0.0,18.488626291897654,48.69764457044455,10.0,30.0,0.0,17.53696293201819,52.04378219519893,12.0,30.0,0.0,16.959428950519319,54.01121990790091,16.0,30.0,0.0,19.392068245625589,0.0,0.0,0.0,16.487998096961236,0.0,0.0,660.4095633029274,1000.3557823143235,660.8552547632365,673.7660735937864,728.096096124829,1156.8881712258979,693.269635517893,708.1611623833035,709.7381000421051,9836.860325154745,81.5006140440412,81.5006140440412,570.0,0.0,570.0,570.0,21.0,16.0,19.0,16.0,12.0,12.0,21.0,10.0,1.0,0.0,1414.8458001231884,0.0,0.0,0.0,0.0,0.0,0.0,0.0,0.0,0.0,0.0,81.5006140440412,81.5006140440412,0.34,0.7683637741569374,0.36028137401965956,81.5006140440412,0.3542647819438875,0.0,0.014471666666666668 
 03/18  21:30:00,9.805,73.0,6.56,0.0,0.0,0.0,0.0,0.0,2.0,0.0,0.0,4.0,0.0,0.0,0.0,632.0,0.0,0.0,0.0,0.0,0.0,0.0,0.0,0.0,0.0,0.0,0.0,21.703535279114648,-1651.384937984967,21.565600365719598,-146.80089814566737,20.96667658294621,202.90043272627373,20.359938429653988,123.67417335130631,17.421049853592075,15.335161542087235,20.219499946702265,-55.052886002759127,18.39811095943943,50.50472931263539,17.428591954030219,-37.04528286378377,17.152320628211347,-110.5775905344226,700.2377301715751,820.1103941045622,0.0,0.0,0.0,0.0,0.0,0.0,0.0,0.0,0.0,0.0,0.0,0.0,0.0,0.0,0.0,0.0,0.0,0.0,0.0,0.0,0.0,0.0,1.0485912034077223,0.3200827849229922,316.65289474390905,372.3864291047307,7755.460871335236,0.06534733001252961,0.00997364621680855,28.647382098706769,33.650340121826328,692.6202964754441,1.3304706671929035,0.25141169070160698,246.60414223905338,290.76055008345028,5691.2164613763229,0.2977747332644366,0.056268846043922248,219.47174463364346,259.3138223161859,4774.04356639615,0.0,0.0,9.32438265407971,11.136079371593132,144.51897967835715,0.0,0.0,14.476484012118324,17.075834617193708,312.07255633701387,0.0,0.0,239.67977433290975,285.21571160419588,4231.7272584198749,0.0,0.0,21.284970264155129,25.425173208340767,328.61845877706579,0.0,0.0,174.93508162703314,209.29054498132425,2544.2692481872456,40.37441745031198,27.691644341777776,261.4153533608728,310.16661792817617,5865.667156459696,0.0,0.0,193.16396096187334,231.49923369829907,2621.6765859746089,1831.9427011191354,22.05210267045563,38.427450478177679,22.0,30.0,0.0,21.89783770163077,45.18247997659444,21.0,30.0,0.0,21.291439260847043,40.21895385486084,21.0,30.0,0.0,20.651231105951653,42.14814006554906,16.0,30.0,0.0,17.439607460845733,52.748930000309197,12.0,30.0,0.0,20.543008996767246,50.846178705390858,19.0,30.0,0.0,18.53813475259576,48.49028124435056,10.0,30.0,0.0,17.40923472494556,52.46685650160611,12.0,30.0,0.0,16.95601985704592,53.948096698599,16.0,30.0,0.0,19.480493284259607,0.0,0.0,0.0,16.45187436197259,0.0,0.0,659.6765933856517,1010.7429872237544,657.3861302896632,671.5262760771371,726.6570578401905,1152.3401020157538,691.8213164401465,708.6312443401092,706.9804854805698,8218.26230377623,82.5708802229589,82.5708802229589,570.0,0.0,570.0,570.0,21.0,16.0,19.0,16.0,12.0,12.0,21.0,10.0,1.0,0.0,1831.9427011191354,0.0,0.0,0.0,0.0,0.0,0.0,0.0,0.0,0.0,0.0,82.5708802229589,82.5708802229589,0.34,0.7721465563949942,0.36028137401965956,82.5708802229589,0.3542647819438875,0.0,0.014028333333333332 
 03/18  21:40:00,9.693333333333336,73.0,6.406666666666666,0.0,0.0,0.0,0.0,0.0,2.0,0.0,0.0,4.0,0.0,0.0,0.0,632.0,0.0,0.0,0.0,0.0,0.0,0.0,0.0,0.0,0.0,0.0,0.0,21.707071135145904,-1623.601970499758,21.55597833596328,-126.5689356610302,21.001174945197307,234.51086546493753,20.37906129108135,206.2529910593894,17.421275887633287,15.702966691662823,20.211052902617227,-61.83193242417076,18.43147103536558,58.35045730092861,17.355271982635153,-38.92678772161628,17.132899611467985,-118.59147645540725,683.8558279988702,865.3074561876574,0.0,0.0,0.0,0.0,0.0,0.0,0.0,0.0,0.0,0.0,0.0,0.0,0.0,0.0,0.0,0.0,0.0,0.0,0.0,0.0,0.0,0.0,1.034917846468293,0.315908988543435,329.23229657922146,387.3531115153666,8078.7330710820519,0.09785016068528095,0.014934395708986715,25.20924481166207,29.610908971927338,616.1606345472338,1.3453475790133974,0.2542228985286088,256.89865648885219,302.80306499477026,6043.684445161222,0.3229606235916209,0.0610280845789155,275.6046787240017,325.5995468311209,6094.5078214651489,0.0,0.0,9.572916606728182,11.434338507103608,150.5523334757782,0.0,0.0,14.2158239761204,16.771535959750538,309.3393013917134,0.0,0.0,248.01474355976809,295.10626679489,4463.745011765772,0.0,0.0,23.329148511749584,27.878260725412024,361.4201877780847,0.0,0.0,178.89668762302703,214.06519703359369,2635.792414445734,40.358457854246029,27.68069811676683,272.63839342986327,323.6003267287286,6107.761236615452,0.0,0.0,199.41294554761945,239.00724316438648,2757.004487454976,1738.5740399587083,21.960570737425063,38.510045346323177,22.0,30.0,0.0,21.89747783372957,45.684831255776028,21.0,30.0,0.0,21.407666560155595,40.01971258294299,21.0,30.0,0.0,20.723191058958795,41.84725379515142,16.0,30.0,0.0,17.439746464638707,52.62851630968797,12.0,30.0,0.0,20.531206646362027,50.692832110454357,19.0,30.0,0.0,18.59703008671212,48.28780721571294,10.0,30.0,0.0,17.320753517543385,52.76906731642781,12.0,30.0,0.0,16.936592825795889,54.042402091623198,16.0,30.0,0.0,19.403880977819595,0.0,0.0,0.0,16.464547546842039,0.0,0.0,654.5738912336733,1040.8552850955258,662.2916741463889,667.3585013794168,721.5602598134943,1143.142049583415,690.9154211890831,709.2815792069068,708.4564481346358,7082.6863030997269,83.3215619987541,83.3215619987541,570.0,0.0,570.0,570.0,21.0,16.0,19.0,16.0,12.0,12.0,21.0,10.0,1.0,0.0,1738.5740399587083,0.0,0.0,0.0,0.0,0.0,0.0,0.0,0.0,0.0,0.0,83.3215619987541,83.3215619987541,0.34,0.7702902027002834,0.36028137401965956,83.3215619987541,0.3542647819438875,0.0,0.013584999999999998 
 03/18  21:50:00,9.581666666666667,73.0,6.253333333333333,0.0,0.0,0.0,0.0,0.0,2.0,0.0,0.0,4.0,0.0,0.0,0.0,2528.0,0.0,0.0,0.0,0.0,0.0,0.0,0.0,0.0,0.0,0.0,0.0,21.559285666205726,-1149.0922351667855,21.540040761059964,-143.54765847553456,20.875905600028234,40.36534997434683,20.376712797183929,161.685430320136,17.421679499049075,15.874704757798753,20.206752582984487,-53.989413198304138,18.392197498070354,15.132783651431965,17.303737056185854,-38.82582297620115,17.117402103099928,-117.2245909139499,709.0527145792848,880.8858564675079,0.0,0.0,0.0,0.0,0.0,0.0,0.0,0.0,0.0,0.0,0.0,0.0,0.0,0.0,0.0,0.0,0.0,0.0,0.0,0.0,0.0,0.0,1.1083812926526696,0.3383337279159553,278.194937864365,328.91556848493408,6682.7096724074749,0.07576588795001554,0.011563780212151336,29.035009391386646,34.26597043402254,713.9085084170081,1.323123930768733,0.25002341851261025,256.5284718237278,303.79381745728349,5984.152466347936,0.3069025015020269,0.057993669973927967,244.694403442749,290.2794299375423,5464.5037527829649,0.0,0.0,9.252975327737529,11.096572971405755,147.54644656576134,0.0,0.0,14.450019518676296,17.12781936595364,317.4882024527445,0.0,0.0,246.92010106064329,295.06304147030019,4456.914307122187,0.0,0.0,24.26086461656558,29.112551820508334,378.85351156755407,0.0,0.0,179.234539246663,215.34649448396318,2676.9988557715939,40.209305713416849,27.578398980395656,271.46598862112656,323.4083850213399,6187.265096439821,0.0,0.0,201.1989549041782,242.14127577128725,2816.8024254976087,984.2467699271088,21.605283320785447,39.45219493118082,21.75,30.0,0.0,21.880912553200799,45.514621075090179,21.0,30.0,0.0,21.191811378417755,40.45513790115142,21.0,30.0,0.0,20.722756124911365,41.89824266028658,16.0,30.0,0.0,17.440030199804096,52.62887162683202,12.0,30.0,0.0,20.531330238335245,50.745217576341328,19.0,30.0,0.0,18.512414979741775,48.52203466566408,10.0,30.0,0.0,17.272649933613509,52.87103342812403,12.0,30.0,0.0,16.927939394769945,53.95695209075146,16.0,30.0,0.0,19.458275754422365,0.0,0.0,0.0,16.441117430303959,0.0,0.0,664.742022822973,1031.559486224739,662.92952125353,673.5480933193819,722.149711928763,1146.2415156584348,692.5162771153499,707.5000929708959,705.1016375313473,6764.985876230934,81.86590350718586,81.86590350718586,570.0,0.0,570.0,570.0,21.0,16.0,19.0,16.0,12.0,12.0,21.0,10.0,1.0,0.0,984.2467699271088,0.0,0.0,0.0,0.0,0.0,0.0,0.0,0.0,0.0,0.0,81.86590350718586,81.86590350718586,0.255,0.5781060711859928,0.27021103051474468,81.86590350718586,0.2656985864579156,0.0,0.01323666666666667 
 03/18  22:00:00,9.47,73.0,6.1,0.0,0.0,0.0,0.0,0.0,2.0,0.0,0.0,4.0,0.0,0.0,0.0,632.0,0.0,0.0,0.0,0.0,0.0,0.0,0.0,0.0,0.0,0.0,0.0,21.050668342110528,-69.50858083395178,21.494483370560425,-185.44651519463538,20.806388343686295,-802.7823455790385,20.335372433915248,166.36188731663607,17.42062657819233,15.303347671207746,20.212721063541783,-35.01946228045517,18.241477306999138,-33.1288020830325,17.236614566832423,-34.180294506587987,17.093334136972609,-116.03574835476411,646.2485439012653,883.7660610487164,0.0,0.0,0.0,0.0,0.0,0.0,0.0,0.0,0.0,0.0,0.0,0.0,0.0,0.0,0.0,0.0,0.0,0.0,0.0,0.0,0.0,0.0,1.234040258605838,0.37669116563059776,73.64886984895347,86.90762035992295,1728.1645171961732,0.0,0.0,37.60150184767613,44.20755911938286,925.995910141776,1.2047881259011478,0.22766215531011869,240.9473698939364,284.4863096797489,5596.251345388176,0.2739274142195387,0.05176254992810631,225.83413171643412,266.9140658658544,5069.582678823675,0.0,0.0,8.278804367882401,9.890457662510219,133.93975648453415,0.0,0.0,14.860052840115216,17.532028696394567,330.6515796845077,0.0,0.0,235.68581075209128,280.8457696084462,4183.04535785333,0.0,0.0,23.126487753045376,27.654629592937245,362.84318164412999,0.0,0.0,176.558704765173,211.33970678733099,2669.669418796785,39.81147274419708,27.30553686158923,222.80886088760364,264.66026651853948,5161.369379633906,0.0,0.0,197.92509291471809,237.3510671978044,2793.1066671208379,50.498309713557,21.00274864821669,42.803577099710988,21.0,30.0,0.0,21.808697516047649,44.35577980339457,21.0,30.0,839.9458856907127,21.020658059842103,40.2337615432936,21.0,30.0,0.0,20.661989600102996,41.95256235546584,16.0,30.0,0.0,17.437843977999866,52.74403282261188,12.0,30.0,0.0,20.551150521933015,51.087443558270198,19.0,30.0,0.0,18.23737251070978,49.288773454582138,10.0,30.0,0.0,17.189792193830234,53.12753003319822,12.0,30.0,0.0,16.901684245943529,54.075227405634169,16.0,30.0,0.0,19.242602947944599,0.0,0.0,0.0,16.37874564184391,0.0,0.0,762.3160712830172,964.7249408966659,636.7175586207792,673.1738381653942,729.4353960801719,1168.4114227208827,691.3858030503751,708.9200240466622,708.5767052160152,6724.319890984801,83.55842960761902,83.55842960761902,570.0,0.0,570.0,570.0,21.0,16.0,19.0,16.0,12.0,12.0,21.0,10.0,1.0,0.0,50.498309713557,0.0,839.9458856907127,0.0,0.0,0.0,0.0,0.0,0.0,0.0,0.0,83.55842960761902,83.55842960761902,0.34,0.6190430577590309,0.36028137401965956,83.55842960761902,0.3542647819438875,0.0,0.012888333333333332 
 03/18  22:10:00,9.373333333333335,73.33333333333334,6.076666666666666,0.0,0.0,0.0,0.0,0.0,2.0,0.0,0.0,4.0,0.0,0.0,0.0,6330.0,0.0,0.0,0.0,0.0,0.0,0.0,0.0,0.0,0.0,0.0,0.0,21.38991503040741,-519.710963144074,21.4828732230014,-133.3049122501151,21.177415230080926,-956.0614945833472,20.431000565639797,384.9364926936366,17.416262119880316,10.080420372814752,20.208642349024815,-34.88913559131218,18.35917877144795,118.99917457696816,17.1755657481511,-77.8644160931336,18.412417988233466,-296.01732050159947,729.4502689553611,752.241310086068,0.0,0.0,0.0,0.0,0.0,0.0,0.0,0.0,0.0,0.0,0.0,0.0,0.0,0.0,0.0,0.0,0.0,0.0,0.0,0.0,0.0,0.0,1.2006495202166597,0.36649863254476797,139.3177636278402,164.97371937447677,3418.255683520492,0.11003324143421303,0.016793840267737029,27.266162444066866,32.22139426412053,679.1828599945202,1.1945471709131835,0.2257269786306092,269.521205891066,319.1349577106069,6646.648582181383,0.298573136167547,0.056419715829090517,272.12332014462518,323.0672204825671,6265.19990668155,0.0,0.0,9.495300512495782,11.398549211736798,155.2561358645396,0.0,0.0,13.646591396049335,16.195132493236334,305.9901071844246,0.0,0.0,169.39876547395199,202.63546763713124,3124.2111129230959,0.0,0.0,35.19149888203431,42.27150857972141,552.803590176062,0.0,0.0,120.81688415156096,144.2005380460659,2349.758174787281,40.1191033846553,27.516531813892536,274.38042962108377,327.2992699281174,6401.076956198968,0.0,0.0,127.12423209221423,153.25857461604907,1766.8722055146678,645.3431710102852,21.547023881664047,39.853376864563028,21.400000000000003,30.0,0.0,21.811449002343907,44.760277641245647,21.000000000000005,30.0,1227.4403329200334,21.6015591623907,38.972563300743107,21.400000000000003,30.0,0.0,20.871278192845169,40.988836418795219,15.999999999999999,30.0,0.0,17.43052796589302,52.68879019436507,12.0,30.0,0.0,20.547583915536586,49.81995981554462,19.0,30.0,0.0,18.527772292263856,48.592850343548928,10.0,30.0,0.0,17.114100058389217,53.439874081003178,12.0,30.0,2626.5697098567009,18.90850222996341,47.63455939289413,20.0,30.0,0.0,19.45411087554935,0.0,0.0,0.0,16.064527791667119,0.0,0.0,689.6718847873935,991.6148259356337,651.349954634901,660.4637134724412,726.8185375467424,1143.2817780541496,705.742769809672,713.4683716516778,706.8559963414402,10284.138631317514,81.20468323732229,82.83276916813877,570.0,0.0,570.0,570.0,21.0,16.0,19.0,19.0,12.0,12.0,21.0,10.0,1.0,0.0,645.3431710102852,0.0,1227.4403329200334,0.0,0.0,0.0,0.0,2626.5697098567009,2463.442874564399,1478065.7247386394,1919223.008556874,81.20468323732229,82.8604194721184,0.35411476248548,0.7706024478878584,0.3602813740196596,82.8604194721184,0.3542647819438876,1919223.008556874,0.11233959644495748 
 03/18  22:20:00,9.276666666666668,73.66666666666667,6.053333333333334,0.0,0.0,0.0,0.0,0.0,2.0,0.0,0.0,4.0,0.0,0.0,0.0,2532.0,0.0,0.0,0.0,0.0,0.0,0.0,0.0,0.0,0.0,0.0,0.0,21.445545415808039,-834.7726568150383,21.47217953792699,-128.5395235843137,21.160165850892107,-701.1947664361951,20.441742724433959,221.85227612677705,17.407793702911364,10.269376261427198,20.207499544199693,-34.139523696334197,18.33753486331453,58.53811664452655,17.084317389658055,-59.7587610997665,18.698354370888326,-269.98749237613267,774.6604223802879,855.3370382094222,0.0,0.0,0.0,0.0,0.0,0.0,0.0,0.0,0.0,0.0,0.0,0.0,0.0,0.0,0.0,0.0,0.0,0.0,0.0,0.0,0.0,0.0,1.1713469089543372,0.357554001512313,191.75735630774998,226.61123122066818,4845.690488328772,0.1084071456059823,0.016545657143770193,27.048614708670774,31.95829311587823,678.8342679039722,1.3005546368047534,0.24575862373483638,314.14572954040519,371.65134648846915,7702.7629293009999,0.3027892792848616,0.05721641709842432,233.95263752311684,277.3204146058554,5444.98350780381,0.0,0.0,10.033526830915037,12.037275662083062,165.82055567550635,0.0,0.0,13.246181746850459,15.712321948457693,299.76997714757297,0.0,0.0,177.92130780708946,212.68576094258484,3302.2284706192688,0.0,0.0,40.82849615513163,49.05914907556608,640.139608167718,0.0,0.0,147.3985164673524,175.67984444851889,2980.193379940533,40.13989533819864,27.530792413030633,308.57966675354978,367.5811871601365,7198.811580301381,0.0,0.0,137.75158707736024,165.8483864629185,1991.452620144607,1259.8938148609159,21.781907056399008,38.8248654616079,21.75,30.0,0.0,21.80642555634217,44.84876319855511,21.0,30.0,1345.8339626185139,21.453943495437885,39.36846076104025,21.5,30.0,0.0,20.85360640048087,41.092593616001327,16.0,30.0,0.0,17.41817654322828,52.49700403450014,12.0,30.0,0.0,20.55241824242976,48.065547353535489,19.0,30.0,0.0,18.465241931156407,48.52548332016046,10.0,30.0,0.0,16.988544462976816,53.921241616529368,12.0,30.0,0.0,19.333405682741174,46.22948037666253,19.0,30.0,0.0,19.54992992056851,0.0,0.0,0.0,16.309715404877985,0.0,0.0,671.5225762815253,1004.2821385753911,657.1900017384382,668.4407986161771,719.6463590663624,1115.07634871417,700.6758658159257,720.9021065697963,710.2376727308677,9749.332980731451,81.55847461338316,83.25116607522985,570.0,0.0,570.0,570.0,21.0,16.0,19.0,19.0,12.0,12.0,21.0,10.0,1.0,0.0,1259.8938148609159,0.0,1345.8339626185139,0.0,0.0,0.0,0.0,0.0,2561.7575634400056,1537054.5380640033,1992472.0195224158,81.55847461338316,83.27991359560201,0.3403919187813335,0.7705303319669643,0.36028137401965956,83.27991359560201,0.3542647819438875,1992472.0195224158,0.11583187834849895 
 03/18  22:30:00,9.18,74.0,6.029999999999999,0.0,0.0,0.0,0.0,0.0,2.0,0.0,0.0,4.0,0.0,0.0,0.0,2532.0,0.0,0.0,0.0,0.0,0.0,0.0,0.0,0.0,0.0,0.0,0.0,21.298827362976739,-355.3502727059231,21.466211529392795,-147.71852556484289,20.959131132013739,-523.839525860915,20.438861771505267,114.69343292677081,17.401029278683347,9.40763175254537,20.205274547393175,-20.44505019959027,18.3969909158974,-11.718791189596118,17.008629523955127,-88.07679885354543,18.982198378368964,-335.58068205480915,724.2821251171358,851.9889355638283,0.0,0.0,0.0,0.0,0.0,0.0,0.0,0.0,0.0,0.0,0.0,0.0,0.0,0.0,0.0,0.0,0.0,0.0,0.0,0.0,0.0,0.0,1.263558007373061,0.3857014674520944,208.20310015330677,247.0295244913575,5033.287858998417,0.07173684230856886,0.01094884650619183,32.558462779888078,38.4427114706529,822.2069859354308,1.2841425946152132,0.24265733080408423,296.25071003879858,351.27922303070576,7221.586502897787,0.2775738683047171,0.05245160020875226,175.25848442106199,207.92425326750627,4104.353708372568,0.0,0.0,9.27991542719683,11.137662785507708,155.04987053099399,0.0,0.0,13.232649814269685,15.69555194631807,302.184929844105,0.0,0.0,156.78233224344303,187.3116511689464,2953.691660932879,0.0,0.0,43.975334923918889,52.86793677401573,689.1630290974156,0.0,0.0,132.723410662724,157.80668395688134,2843.473990966734,40.05651674124228,27.473605446668239,289.1630163157412,344.83087066547798,6923.218381183115,0.0,0.0,124.43506338761168,149.711840287014,1817.3460709359354,493.8507914158029,21.346779372983165,40.31644055928124,21.25,30.0,0.0,21.807606067782915,44.8571981823722,21.0,30.0,149.22233642354588,21.249532972556549,39.769083068042927,21.0,30.0,0.0,20.8391779884223,41.14117326669208,16.0,30.0,0.0,17.40977442362385,52.290616320274597,12.0,30.0,0.0,20.556242036767338,47.01124351095617,19.0,30.0,0.0,18.567885729187507,48.0614928953979,10.0,30.0,0.0,16.884455539078496,54.074241146332969,12.0,30.0,1390.013247720112,19.70603148368698,44.90476857668813,19.75,30.0,0.0,19.404526536534975,0.0,0.0,0.0,16.111485682414114,0.0,0.0,700.5072041385784,1011.5036995908066,660.6646590434334,676.1097680572748,714.6577786100492,1103.5017195149117,702.0846891253943,722.1814057043434,705.6893952513336,8525.669171210187,82.3676004369187,82.3676004369187,570.0,0.0,570.0,570.0,21.0,16.0,19.0,19.0,12.0,12.0,21.0,10.0,1.0,0.0,493.8507914158029,0.0,149.22233642354588,0.0,0.0,0.0,0.0,1390.013247720112,0.0,0.0,0.0,82.3676004369187,82.3676004369187,0.34,0.7713119019349216,0.36028137401965956,82.3676004369187,0.3542647819438875,0.0,0.011906666666666668 
 03/18  22:40:00,9.083333333333334,74.33333333333334,6.006666666666667,0.0,0.0,0.0,0.0,0.0,2.0,0.0,0.0,0.0,0.0,0.0,0.0,2532.0,0.0,0.0,0.0,0.0,0.0,0.0,0.0,0.0,0.0,0.0,0.0,21.328048810092015,-131.6730236007147,21.25529165325174,-159.30091131160624,21.304549979627077,-1662.5660897398516,20.560108433903318,495.5302585128238,17.395215722401916,11.828712782338898,20.08794723859217,-51.00164538298934,18.27090385602822,47.12506182506331,16.97561072327167,-32.12241283826478,18.80522976119866,-317.9787683025879,974.2335899698892,913.5529652063123,0.0,0.0,0.0,0.0,0.0,0.0,0.0,0.0,0.0,0.0,0.0,0.0,0.0,0.0,0.0,0.0,0.0,0.0,0.0,0.0,0.0,0.0,1.2109786774889844,0.3696516109551235,327.20799993838059,387.9357610967946,8015.051333386752,0.25027479572644897,0.038198228895978177,162.11299870289833,192.2944264782766,4060.0073619078086,1.0493026647808686,0.1982809268293403,457.5089204322897,541.1739345311135,11606.301429373292,0.28402326765420829,0.05367030756882242,302.71347977459979,358.94050666892567,7285.933469498579,0.0,0.0,10.79130364553587,12.954754774840487,182.31849398325526,0.0,0.0,13.84041275967719,16.4407305450773,315.2246525269357,0.0,0.0,188.3720071518212,225.358128619162,3533.861340526897,0.0,0.0,41.25639949715474,49.61444255355242,653.6945248806064,0.0,0.0,156.8450468268107,187.00751724420588,3237.8122322570709,40.263349307888457,27.615465917618978,549.4850941442974,654.0583979011118,13044.501212280244,0.0,0.0,147.4242619422988,177.5707196853363,2187.9221609050866,0.0,21.31313372651416,39.782072055960508,21.0,30.0,0.0,21.488196849971808,39.60135440825702,12.0,30.0,2020.895759663033,21.780360164827277,38.09999586208629,21.75,30.0,0.0,21.111405914993605,40.25247833232554,16.0,30.0,0.0,17.404059547691476,52.18819957907411,12.0,30.0,0.0,20.417475030745423,46.322028329118399,12.0,30.0,0.0,18.36113028710246,48.79180011014823,10.0,30.0,0.0,16.87131423971239,53.91859309240576,12.0,30.0,0.0,19.336621275512017,46.09782591860099,19.0,30.0,0.0,20.10957360441359,0.0,0.0,0.0,16.323637887150903,0.0,0.0,677.593358003174,693.4965887158792,648.7060916746352,674.2336168814861,716.2677526083118,1071.3107575147729,716.321138180108,722.7038143432546,722.6986736649167,6923.691229078093,82.09223314417236,83.78960013630038,60.0,0.0,60.0,60.0,12.0,16.0,12.0,19.0,12.0,12.0,21.0,10.0,1.0,0.0,0.0,0.0,2020.895759663033,0.0,0.0,0.0,0.0,0.0,2568.826658397139,1541295.9950382834,2001035.8664523513,82.09223314417236,83.81842706269842,0.25562755527990468,0.5756467575000506,0.27021103051474468,83.81842706269842,0.2656985864579156,2001035.8664523513,0.10527386505552226 
 03/18  22:50:00,8.986666666666669,74.66666666666666,5.983333333333333,0.0,0.0,0.0,0.0,0.0,2.0,0.0,0.0,0.0,0.0,0.0,0.0,3804.0,0.0,0.0,0.0,0.0,0.0,0.0,0.0,0.0,0.0,0.0,0.0,21.358448532916186,-556.7826178676476,21.027552879106009,-81.04693651130644,21.32111091673689,-1028.1512051184687,20.56633395749592,180.13034277829429,17.38778565607582,9.812349940701879,19.957327227686883,-55.33689676246407,18.19213369017459,-22.59198644629575,16.950788957702249,-33.413089110333199,19.23784819045382,-642.259005227673,769.088231501347,1197.7364802391556,0.0,0.0,0.0,0.0,0.0,0.0,0.0,0.0,0.0,0.0,0.0,0.0,0.0,0.0,0.0,0.0,0.0,0.0,0.0,0.0,0.0,0.0,1.203279891402016,0.367301554152019,240.38139990014074,284.5793244075174,6073.21294494629,0.24244284310828799,0.03700287593227834,148.22693808708693,175.57601461101073,3608.1204457233418,1.1402281004657227,0.21546260401846588,272.6890799548522,322.95763161733268,6839.850611128856,0.25704210657325768,0.04857182663893749,175.90957612921756,208.53889337420109,4262.418875093571,0.0,0.0,11.015074775565111,13.22737971248223,188.08012127095584,0.0,0.0,14.133008173946588,16.79863819220663,319.5779710853772,0.0,0.0,224.34069534015937,268.60069528013528,4185.24605607795,0.0,0.0,42.170930902362567,50.74056054232459,675.2173519022636,0.0,0.0,193.7385655717952,230.656655038206,4226.190833222327,40.04485071639523,27.465604057884219,331.96738687794149,395.2044828343219,8110.264625720488,0.0,0.0,185.8024014049684,223.62816252465155,2900.7955245192727,875.8797740558813,21.50011140230365,38.693533733997657,21.333333333333305,29.999999999999959,0.0,21.154475330000609,39.4074676693715,11.999999999999983,29.999999999999959,1414.910954755057,21.453387234120119,38.58993233554136,21.333333333333305,29.999999999999959,0.0,21.045817736099797,39.724061617597779,15.999999999999977,29.999999999999959,0.0,17.39512133905474,52.05712180884046,11.999999999999983,29.999999999999959,0.0,20.242975480559449,45.841566146536937,11.999999999999983,29.999999999999959,0.0,18.213235974290855,48.84372543089456,9.999999999999986,29.999999999999959,0.0,16.85554543531885,53.91025300803436,11.999999999999983,29.999999999999959,1461.0106049361912,19.770379162016945,44.5645362659716,19.49999999999997,29.999999999999959,0.0,19.395298463175658,0.0,0.0,0.0,16.558026180522977,0.0,0.0,648.1776025810756,644.4261588381683,637.6575329908218,645.1463780344406,716.0799945108505,1046.0900978976072,703.6101276602187,727.0718935121939,713.4541882341054,9717.121695951268,81.57971159561004,83.96799354848143,59.999999999999918,0.0,59.999999999999918,59.999999999999918,12.0,16.0,12.0,19.0,12.0,12.0,21.0,10.0,1.0,0.0,875.8797740558813,0.0,1414.910954755057,0.0,0.0,0.0,0.0,1461.0106049361912,3614.272832474554,2168563.6994847359,2826220.3595944924,81.57971159561004,84.00855450459314,0.34714242774915157,0.7690472162207174,0.360281374019659,84.00855450459314,0.354264781943887,2826220.3595944924,0.14811012536558025 
 03/18  23:00:00,8.89,75.0,5.96,0.0,0.0,0.0,0.0,0.0,2.0,0.0,0.0,0.0,0.0,0.0,0.0,1902.0,0.0,0.0,0.0,0.0,0.0,0.0,0.0,0.0,0.0,0.0,0.0,21.291337204549757,-518.0029476331766,20.913402456632335,-171.29174615656985,20.88414072759841,-444.69851645372855,20.504151424800189,65.06302985687388,17.380049582948037,9.990268347005675,19.83468510731535,-48.338137980832758,18.18824597146031,15.369911751152977,16.946540921561494,-25.20436649162777,18.71828626069951,-341.456373362778,664.2063564983472,999.6134763875165,0.0,0.0,0.0,0.0,0.0,0.0,0.0,0.0,0.0,0.0,0.0,0.0,0.0,0.0,0.0,0.0,0.0,0.0,0.0,0.0,0.0,0.0,1.2121213162132576,0.370000401774499,160.7483859946762,190.57270320231579,4033.4630071820258,0.22993404925019149,0.035093719360529868,92.96635637273285,110.31934950638163,2261.634803006208,1.1757008014795918,0.22216568433098883,124.73537782994626,148.05545348320897,3069.4922707734356,0.244930045708122,0.04628307742028006,122.67925396940619,145.64609539536859,2969.3154092360266,0.0,0.0,10.601691658475792,12.727239364422904,182.97306928388677,0.0,0.0,12.716604164601919,15.12381799037044,286.2153123631695,0.0,0.0,204.33694540406058,244.66816134795153,3860.325544770541,0.0,0.0,40.25847670454892,48.412267990859998,654.4304281568398,0.0,0.0,173.02589729298334,206.5266430860453,3578.4832535054108,39.863671310937458,27.34133834769376,191.14632097063774,228.28268583372845,4813.261337814076,0.0,0.0,165.21967256256253,199.02872761064143,2553.874208958049,650.685155520413,21.394576784548705,38.66464677155853,21.33333333333335,30.00000000000002,0.0,21.016991232227296,39.39511061803074,12.00000000000001,30.00000000000002,180.88185843009246,21.047216044194849,38.99511066391858,21.000000000000015,30.00000000000002,0.0,20.92619595355218,39.647212989985977,16.000000000000015,30.00000000000002,0.0,17.386954048674775,51.81349694431496,12.00000000000001,30.00000000000002,0.0,20.077362036625475,45.36684786938952,12.00000000000001,30.00000000000002,0.0,18.222164025850643,48.41694973911797,10.000000000000007,30.00000000000002,0.0,16.877910734226306,53.56656503147545,12.00000000000001,30.00000000000002,114.784086637712,19.11982133675472,46.05093770888243,19.000000000000015,30.00000000000002,0.0,18.880789352434979,0.0,0.0,0.0,16.425197487189533,0.0,0.0,637.4598849020395,631.8251115822886,615.909050211041,630.3868449692288,711.4620643561185,1016.0523489357756,690.6316277174128,721.6250972477385,702.065658380538,6960.66154842912,83.40219491865838,83.40219491865838,60.00000000000004,0.0,60.00000000000004,60.00000000000004,12.0,16.0,12.0,19.0,12.0,12.0,21.0,10.0,1.0,0.0,650.685155520413,0.0,180.88185843009246,0.0,0.0,0.0,0.0,114.784086637712,0.0,0.0,0.0,83.40219491865838,83.40219491865838,0.3400000000000003,0.7704457160652309,0.3602813740196598,83.40219491865838,0.3542647819438878,0.0,0.0010733333333333333 
 03/18  23:10:00,8.88,75.0,5.915,0.0,0.0,0.0,0.0,0.0,2.0,0.0,0.0,0.0,0.0,0.0,0.0,6340.0,0.0,0.0,0.0,0.0,0.0,0.0,0.0,0.0,0.0,0.0,0.0,20.92017608401587,-539.1128720247809,20.730173837306304,-99.00400071724,20.67465178260057,-181.8004166828558,20.35536023382986,10.009734162441993,17.370922524315917,7.161539921970279,19.754217999178196,-38.9752098449696,18.220990540815146,44.42802229032423,16.90319616425098,-77.13516358053227,18.47967016700185,-129.27266311378623,488.3701221181346,676.1903808939031,0.0,0.0,0.0,0.0,0.0,0.0,0.0,0.0,0.0,0.0,0.0,0.0,0.0,0.0,0.0,0.0,0.0,0.0,0.0,0.0,0.0,0.0,1.174812480462094,0.3586118682729225,169.96989702755369,202.16092431889479,4139.456433656322,0.22384476303487933,0.034164341122539586,81.59380223424756,97.09921596338536,1951.5829723241405,1.1425141262608765,0.21589458168194959,87.46700117170826,104.07356998216292,2123.1341563886287,0.23045370700890215,0.04354756368271014,73.61325343465797,87.64713654756508,1751.7960000117749,0.0,0.0,9.780545148000313,11.757513496513323,168.78313720649084,0.0,0.0,11.737793889572452,13.983033267570962,262.25090234118928,0.0,0.0,146.2417629019344,175.30606481925677,2786.7075831149847,0.0,0.0,37.9895570189846,45.75033589445643,613.7948058933905,0.0,0.0,116.0194166715279,138.86046510713909,2312.7470087558369,39.419116793933159,27.0364312715591,145.00956962732887,173.63900352210897,3761.1284601941326,0.0,0.0,107.06436806672603,129.46684952337447,1505.4209057008869,0.0,20.817402096790589,39.19786317396942,21.699999999999997,30.0,0.0,20.762576260898553,39.263053126377439,12.0,30.0,0.0,20.780748037026166,39.26519019360143,21.999999999999998,30.0,0.0,20.67729193325013,39.881788053671389,12.0,30.0,0.0,17.376504023722334,51.488592430324107,12.0,30.0,0.0,19.983867205061295,45.01059277067983,12.0,30.0,0.0,18.29560987951644,47.33142629242685,10.0,30.0,0.0,16.817706462089647,53.38908899052234,12.0,30.0,0.0,18.72913787026858,46.49172187238093,20.0,30.0,0.0,18.563485878956436,0.0,0.0,0.0,15.721638921625278,0.0,0.0,603.7737296941909,601.8018653384547,602.4826333738536,616.5973390492807,701.9299225700041,1007.920935671097,661.5007838429655,711.9526566637048,676.7974691668429,0.0,84.30155533825202,84.30155533825202,60.0,0.0,60.0,60.0,12.0,12.0,12.0,19.0,12.0,12.0,21.0,10.0,0.0,0.0,0.0,0.0,0.0,0.0,0.0,0.0,0.0,0.0,0.0,0.0,0.0,84.30155533825202,84.30155533825202,0.0,0.0,0.0,84.30155533825202,0.0,0.0,0.0010000000000000003 
 03/18  23:20:00,8.870000000000001,75.0,5.87,0.0,0.0,0.0,0.0,0.0,2.0,0.0,0.0,0.0,0.0,0.0,0.0,3170.0,0.0,0.0,0.0,0.0,0.0,0.0,0.0,0.0,0.0,0.0,0.0,20.56370293585045,-212.2406443662524,20.544800011724669,-184.84320887369905,20.419567980912278,-239.65338912370729,20.177299432791103,-114.73106647126667,17.358361733876675,5.037593219131759,19.688427341009793,-30.267658312907309,18.24890368234308,91.11192399342653,16.818785937880337,-100.14598802264109,18.296988425108027,-42.61144246182084,510.6398032336072,483.196791989678,0.0,0.0,0.0,0.0,0.0,0.0,0.0,0.0,0.0,0.0,0.0,0.0,0.0,0.0,0.0,0.0,0.0,0.0,0.0,0.0,0.0,0.0,1.1405602370316089,0.34815636051025919,141.45955577821068,168.41098235210013,3272.8675949480486,0.2087937852538528,0.03186718334155263,59.61616338543201,71.00030212116737,1391.9768066621569,1.0911179626120554,0.2061825326175464,113.1916119150963,134.59946952449847,2633.9459020944548,0.21188902745471403,0.04003949876317347,67.6398642836858,80.45116879015743,1562.7830913991709,0.0,0.0,8.869974399671186,10.658580038495174,152.98282712858825,0.0,0.0,11.063097535492308,13.176127689602707,245.6735072309055,0.0,0.0,105.00399631152482,125.81669198351904,2016.825100058463,0.0,0.0,37.76619114181992,45.48301420614996,601.0091063451516,0.0,0.0,76.46598615934419,91.61127102910051,1482.5865141586888,39.001338108141428,26.74988896305997,139.5615988503395,167.1061902016699,3490.73719867318,0.0,0.0,71.14355877153274,86.15825601446018,936.4993061698956,0.0,20.304390117518449,39.91505256580254,22.0,30.0,0.0,20.46828419953273,39.278545889648757,12.000000000000002,30.0,0.0,20.37541604473312,39.82558376093276,22.0,30.0,0.0,20.367037501514269,40.068313691157118,12.000000000000002,30.0,0.0,17.35991259559124,50.997261532759619,12.000000000000002,30.0,0.0,19.90288077864318,44.49348496112998,12.000000000000002,30.0,0.0,18.369877418501348,46.30860406738762,10.0,30.0,0.0,16.684038180706894,53.23848070409707,12.000000000000002,30.0,0.0,18.440879662180458,46.69733582555263,20.0,30.0,0.0,18.515295170327258,0.0,0.0,0.0,15.250530106733967,0.0,0.0,583.2172315727838,573.104624114194,586.3059503285965,594.578291748341,686.0798979165332,999.5806263517756,633.0715423977996,696.183442617255,654.8601104483873,0.0,84.30155533825202,84.30155533825202,60.0,0.0,60.0,60.0,12.0,12.0,12.0,19.0,12.0,12.0,21.0,10.0,0.0,0.0,0.0,0.0,0.0,0.0,0.0,0.0,0.0,0.0,0.0,0.0,0.0,84.30155533825202,84.30155533825202,0.0,0.0,0.0,84.30155533825202,0.0,0.0,0.0009833333333333333 
 03/18  23:30:00,8.86,75.0,5.825,0.0,0.0,0.0,0.0,0.0,2.0,0.0,0.0,0.0,0.0,0.0,0.0,1268.0,0.0,0.0,0.0,0.0,0.0,0.0,0.0,0.0,0.0,0.0,0.0,20.332068396151369,-194.06659703316883,20.374898338607438,-187.34189927168087,20.254834269464096,-113.48726996352412,20.00652934374727,-14.964825894862273,17.344604930094279,4.95565565970486,19.63023109208637,-26.12471780867304,18.363591344229499,108.05056904074923,16.72105490261857,-114.15499374501633,18.164305981809,-83.14529244545656,389.598031504167,466.629616386758,0.0,0.0,0.0,0.0,0.0,0.0,0.0,0.0,0.0,0.0,0.0,0.0,0.0,0.0,0.0,0.0,0.0,0.0,0.0,0.0,0.0,0.0,1.1155950204756518,0.34053572053591327,154.8227198219882,184.21682141252445,3495.053144065073,0.20658495945444689,0.03153006096679592,75.69639584731694,90.0845060262532,1728.8712001449194,1.0763162489149679,0.20338553456443088,46.439999992952497,55.22639544605353,1077.977750333066,0.2112989977189748,0.03992800410411466,5.5930917870290319,6.648018751263981,130.9833966543513,0.0,0.0,8.5353335747942,10.24268340410439,147.13971910205863,0.0,0.0,10.825350874608122,12.878984187249565,239.25564633400286,0.0,0.0,102.57366524322566,122.54356860612109,2020.1665293962474,0.0,0.0,38.910462209662458,46.82106902523297,608.3407203573681,0.0,0.0,54.40717790802628,65.11670060497002,1034.3025445970907,38.66196446667067,26.51712240512392,93.68830257837081,112.20853749332687,2492.363181471102,0.0,0.0,64.14254927501085,77.5630801563605,814.1857498278446,0.0,19.99481648851465,40.25611298106712,22.0,30.0,0.0,20.214970024294325,39.57129442652861,12.0,30.0,0.0,20.15804897538522,40.18530272926604,22.0,30.0,0.0,20.100274419167797,40.35920735052322,12.0,30.0,0.0,17.34278453874432,50.45913966953042,12.0,30.0,0.0,19.834755204868114,43.91137241992112,12.0,30.0,0.0,18.593226508043057,45.21521438802497,10.0,30.0,0.0,16.53045800615578,53.27439285586692,12.0,30.0,0.0,18.237103487998426,46.97429640628614,20.0,30.0,0.0,18.167907120764256,0.0,0.0,0.0,15.022310275627547,0.0,0.0,566.5848496302847,560.2810744678936,580.5463295687913,580.6929939366901,668.142390065783,987.8297710320117,616.2543185282949,685.2799524725128,645.5625377387494,0.0,84.30155533825202,84.30155533825202,60.0,0.0,60.0,60.0,12.0,12.0,12.0,19.0,12.0,12.0,21.0,10.0,0.0,0.0,0.0,0.0,0.0,0.0,0.0,0.0,0.0,0.0,0.0,0.0,0.0,84.30155533825202,84.30155533825202,0.0,0.0,0.0,84.30155533825202,0.0,0.0,0.0009666666666666668 
 03/18  23:40:00,8.850000000000002,75.0,5.78,0.0,0.0,0.0,0.0,0.0,2.0,0.0,0.0,0.0,0.0,0.0,0.0,2536.0,0.0,0.0,0.0,0.0,0.0,0.0,0.0,0.0,0.0,0.0,0.0,20.21593028767542,-81.48853360398243,20.241472628922119,-252.95194130094314,20.0976402154472,-235.7698960310786,19.893773588434848,-114.38166535408311,17.33316629841329,5.591774041076761,19.585078376669008,-24.344952902735018,18.329187629443525,17.76695195107618,16.654070362106837,-99.97402403575762,17.96964981942901,-294.21718081228678,486.2175742716604,717.8243148302128,0.0,0.0,0.0,0.0,0.0,0.0,0.0,0.0,0.0,0.0,0.0,0.0,0.0,0.0,0.0,0.0,0.0,0.0,0.0,0.0,0.0,0.0,1.0912435471306866,0.3331024258640679,155.39797479415356,185.28054146463664,3477.0413242809315,0.19931723465786622,0.030420823360480195,78.10236694760646,93.16186266491312,1760.6282879340709,1.0519856394349543,0.19878791372542607,124.64485168681276,148.52200143089875,2800.0921946212995,0.20387586013349863,0.03852529480980699,75.55474450357178,90.02863791200275,1685.7520848384098,0.0,0.0,7.905212000659191,9.499868763171815,136.2528933957759,0.0,0.0,10.814845131193284,12.886127003938606,238.27224669585557,0.0,0.0,146.62745803293317,175.48190906935626,2866.377072453839,0.0,0.0,39.42443709892909,47.52488196952113,610.301049435804,0.0,0.0,77.9766331545562,93.49208273602521,1430.670204246826,38.35528603094162,26.30678054248397,164.31185938380265,196.86738484797508,3936.4758914068218,0.0,0.0,106.61033150535116,128.9970807424118,1409.541790897234,0.0,19.90555380891118,40.26145464154703,22.0,30.0,0.0,20.03383160110702,39.62380661340811,12.0,30.0,0.0,19.935920712265078,40.232895996473278,22.0,30.0,0.0,19.926986605170457,40.48296350950767,12.0,30.0,0.0,17.33187910397137,50.08495726477823,12.0,30.0,0.0,19.78995753224052,43.52402339448521,12.0,30.0,0.0,18.516092762811014,45.33899132744074,10.0,30.0,0.0,16.442347395741434,52.76977144980431,12.0,30.0,0.0,17.91542927078086,47.74928445927682,20.0,30.0,0.0,18.446711780141354,0.0,0.0,0.0,15.282495173315344,0.0,0.0,558.8093248420677,545.5748286328251,561.1930000431668,569.6091382031732,655.7264298601795,979.6167641074351,616.8509296965241,661.2972964678236,645.0855887118605,0.0,84.30155533825202,84.30155533825202,60.0,0.0,60.0,60.0,12.0,12.0,12.0,19.0,12.0,12.0,21.0,10.0,0.0,0.0,0.0,0.0,0.0,0.0,0.0,0.0,0.0,0.0,0.0,0.0,0.0,84.30155533825202,84.30155533825202,0.0,0.0,0.0,84.30155533825202,0.0,0.0,0.0009499999999999999 
 03/18  23:50:00,8.84,75.0,5.735,0.0,0.0,0.0,0.0,0.0,2.0,0.0,0.0,0.0,0.0,0.0,0.0,1268.0,0.0,0.0,0.0,0.0,0.0,0.0,0.0,0.0,0.0,0.0,0.0,20.09301458654439,-144.2222786232103,20.138729121102338,-145.18151193510034,19.976867266911797,-205.33284277020358,19.794592793263598,-14.56056627287488,17.32019945806404,5.9824211311453159,19.534022428389187,-27.835652586258534,18.23731228071272,2.4245827545751128,16.613927101894306,-84.12947239225196,17.71050170039856,-321.8024974934756,331.85255024864798,800.4975956303244,0.0,0.0,0.0,0.0,0.0,0.0,0.0,0.0,0.0,0.0,0.0,0.0,0.0,0.0,0.0,0.0,0.0,0.0,0.0,0.0,0.0,0.0,1.0803642288408158,0.32978151063516966,107.33733720874591,127.88503325064119,2387.121302868396,0.20064395691785298,0.030623314547901859,60.507351700093227,72.12802838137626,1349.891410235558,1.0381419966263819,0.19617195703446375,53.34914377450014,63.46220926826578,1193.5400536404716,0.2052257636705504,0.03878037862255297,45.37570821693482,53.91976218258928,1004.000631799327,0.0,0.0,7.789555279059952,9.351199078908405,134.25846662430309,0.0,0.0,10.971101768586883,13.060884241348973,240.76221064881174,0.0,0.0,166.55213694744536,199.23710513606168,3206.49095271342,0.0,0.0,38.05091122437139,45.829348477311089,587.1074644297844,0.0,0.0,98.77413797818588,118.48324901524366,1736.3409922894435,38.090264783012219,26.12501013924021,86.15075152261443,103.21804247532083,2287.7883439547288,0.0,0.0,127.32188203393675,153.84384107612829,1717.3383754656139,0.0,19.762961851416635,40.224017180068859,22.0,30.0,0.0,19.92192226909078,39.75771668246126,12.0,30.0,0.0,19.796508926158528,40.22824088687767,22.0,30.0,0.0,19.79776498972129,40.698841908598868,12.0,30.0,0.0,17.319249328055635,49.69491092723855,12.0,30.0,0.0,19.731797339937704,43.14747415620487,12.0,30.0,0.0,18.350704112096169,45.61464102005536,10.0,30.0,0.0,16.4045506501378,52.1991335519285,12.0,30.0,0.0,17.503491205237667,48.587889716844369,20.0,30.0,0.0,17.93831758426324,0.0,0.0,0.0,15.409362907436052,0.0,0.0,544.5654261441813,540.667850857709,549.0434443782588,567.2201903887706,643.0967453295044,969.7441730853998,611.9219571885612,638.5606762062232,633.6420746981708,0.0,84.30155533825202,84.30155533825202,60.0,0.0,60.0,60.0,12.0,12.0,12.0,19.0,12.0,12.0,21.0,10.0,0.0,0.0,0.0,0.0,0.0,0.0,0.0,0.0,0.0,0.0,0.0,0.0,0.0,84.30155533825202,84.30155533825202,0.0,0.0,0.0,84.30155533825202,0.0,0.0,0.0009333333333333333 
 03/18  24:00:00,8.83,75.0,5.69,0.0,0.0,0.0,0.0,0.0,2.0,0.0,0.0,0.0,0.0,0.0,0.0,1268.0,0.0,0.0,0.0,0.0,0.0,0.0,0.0,0.0,0.0,0.0,0.0,19.904101587615928,-117.65670897154814,20.04949459847539,-281.1486079744236,19.771811171621989,-212.0461523990034,19.677284314965797,-177.50538732826409,17.30645333696191,5.613266507324084,19.480563244094776,-37.20981225804394,18.086997109017859,-68.37154616965472,16.598058050326949,-63.903419491868479,17.494574554936134,-342.02026027440186,570.3791015908955,822.7685767574799,0.0,0.0,0.0,0.0,0.0,0.0,0.0,0.0,0.0,0.0,0.0,0.0,0.0,0.0,0.0,0.0,0.0,0.0,0.0,0.0,0.0,0.0,1.0364144965262479,0.31636584143047866,275.08068677185568,327.91590480587936,5931.2272512324739,0.18032507994333606,0.027522142848494515,229.5473066255194,273.30142624499356,5067.2941916018739,1.0015193047736926,0.18925156930719817,238.97603503726914,284.98065299287807,5144.284830730505,0.1988372166649248,0.037573170193674367,218.44432368412553,260.33888188778988,4747.253673585664,0.0,0.0,7.500881665389466,9.008881304796898,129.2516882623174,0.0,0.0,12.265118176777215,14.608025370540848,267.91864650724258,0.0,0.0,184.35352424947025,220.82396774302533,3457.867512541089,0.0,0.0,32.6633592811874,39.343119581600237,505.10952455683499,0.0,0.0,121.57418932112714,146.0593401942097,2064.9055443950276,37.766074607942019,25.90265748144172,422.20894110110506,504.8057880356568,9144.504707654312,0.0,0.0,147.22967379961905,177.95647177592196,1994.7054261475842,0.0,19.491743023053134,40.70854507274313,22.0,30.0,0.0,19.81750711915643,39.765578970346158,12.0,30.0,0.0,19.48467214407657,40.864717558475117,22.0,30.0,0.0,19.61126027930903,40.587580871129727,12.0,30.0,0.0,17.306192583022843,49.319090636789358,12.0,30.0,0.0,19.668174270883399,42.843289355126668,12.0,30.0,0.0,18.080303461247334,45.848853248587619,10.0,30.0,0.0,16.41114366018526,51.63135810846609,12.0,30.0,0.0,17.180111994131964,48.99798519376144,20.0,30.0,0.0,18.687740726615436,0.0,0.0,0.0,15.43364318775115,0.0,0.0,538.7459801774509,533.3425456404705,544.3530866734357,545.8383932918146,632.6924693293178,950.4832761941682,595.8008245305091,623.1192625717924,616.9875090093206,0.0,84.30155533825202,84.30155533825202,60.0,0.0,60.0,60.0,12.0,12.0,12.0,19.0,12.0,12.0,21.0,10.0,0.0,0.0,0.0,0.0,0.0,0.0,0.0,0.0,0.0,0.0,0.0,0.0,0.0,84.30155533825202,84.30155533825202,0.0,0.0,0.0,84.30155533825202,0.0,0.0,0.0009166666666666667 
 03/19  00:10:00,8.783333333333334,75.0,5.693333333333333,0.0,0.0,0.0,0.0,0.0,2.0,2.0,0.0,0.0,0.0,0.0,0.0,1268.0,0.0,0.0,0.0,0.0,0.0,0.0,0.0,0.0,0.0,0.0,0.0,19.842962144372579,-239.04343454932497,19.835768273241237,-233.83705781287928,19.73542220050384,-186.80477364810259,19.535583501333105,-67.21439917387829,17.28924902944369,2.6892615289093699,19.433485276211614,-35.922467660158989,18.09776089713351,75.9084452495224,16.546921612255525,-103.76160678424196,17.499257238989544,-118.90424196722666,499.1756419336498,481.69674428005626,0.0,0.0,0.0,0.0,0.0,0.0,0.0,0.0,0.0,0.0,0.0,0.0,0.0,0.0,0.0,0.0,0.0,0.0,0.0,0.0,0.0,0.0,1.0407133087999965,0.3176780551892542,275.7545508794184,328.86482162804807,5953.214219075431,0.1893469796074591,0.02889911166170011,180.61451073665706,215.4342855223702,3895.9078808804108,0.991658313618741,0.1873881922937909,119.07097862292722,141.87591646994873,2587.644950643118,0.20284764947216289,0.038330999522328577,102.46584817759126,122.06717432395965,2201.4830695108569,0.0,0.0,7.430219790750872,8.922038224004762,128.46849575084694,0.0,0.0,11.426092944200061,13.61253904336785,249.60216777806685,0.0,0.0,91.60905401249289,109.70585860567857,1740.7043235338156,0.0,0.0,35.288703563297108,42.523987620324387,544.3103363520393,0.0,0.0,27.402685359030295,32.91247309037157,472.8833729350579,37.79150832134676,25.920101729318774,270.4364217154085,323.5335976463958,6021.760638754826,0.0,0.0,70.33232560158015,85.1782856854102,885.4083035712699,0.0,19.45263358676815,40.4446700508771,22.0,30.0,0.0,19.49476766265522,40.13489289322938,12.0,30.0,0.0,19.503671640329644,40.630159966333717,22.0,30.0,0.0,19.419190891337299,40.73662297080081,12.0,30.0,0.0,17.287279013183797,48.902668947122489,12.0,30.0,0.0,19.61958255567469,42.45373446174202,12.0,30.0,0.0,18.15567948268173,44.698373490634519,10.0,30.0,0.0,16.34253385702641,51.30401421193423,12.0,30.0,0.0,17.269388673520685,48.46192879082189,20.0,30.0,0.0,18.45038299023689,0.0,0.0,0.0,14.90521639302947,0.0,0.0,526.2229631640562,518.056176711872,539.1683598797752,537.9205842724537,623.402607106173,940.2818342853542,568.0555023389936,611.6879769869134,670.2245817470996,0.0,84.30155533825202,84.30155533825202,60.0,0.0,60.0,60.0,12.0,12.0,12.0,19.0,12.0,12.0,21.0,10.0,0.0,0.0,0.0,0.0,0.0,0.0,0.0,0.0,0.0,0.0,0.0,0.0,0.0,84.30155533825202,84.30155533825202,0.0,0.0,0.0,84.30155533825202,0.0,0.0,0.0009 
 03/19  00:20:00,8.736666666666669,75.0,5.696666666666667,0.0,0.0,0.0,0.0,0.0,2.0,2.0,0.0,0.0,0.0,0.0,0.0,1268.0,0.0,0.0,0.0,0.0,0.0,0.0,0.0,0.0,0.0,0.0,0.0,19.654030623818167,-103.17492361363839,19.799612786275089,-259.0023658706923,19.625456732406979,-151.2114995974439,19.478513696947773,-135.91226103391865,17.27018612194624,1.9431909116691344,19.385741111711618,-29.263220706371187,18.123642935708923,16.916462343354398,16.483413388359375,-112.09945556283924,17.55665048672241,-115.7018179452603,476.8229330908489,493.76338152754627,0.0,0.0,0.0,0.0,0.0,0.0,0.0,0.0,0.0,0.0,0.0,0.0,0.0,0.0,0.0,0.0,0.0,0.0,0.0,0.0,0.0,0.0,1.0368571798927267,0.31650097066322549,275.98083252566769,329.1814684491976,5872.402340694812,0.17724793130799464,0.02705249256837525,180.6971276520365,215.34918010626934,3908.1395719539257,0.9767835581375031,0.18457739193830376,138.75275793552255,165.53768449446143,2992.8889009368615,0.18903911005603275,0.03572167612547859,133.07570285215324,158.7609910980835,2851.672615850841,0.0,0.0,7.002425740065554,8.413337004539308,121.45553764596937,0.0,0.0,11.097755894706907,13.224941655583328,242.41318921904159,0.0,0.0,86.91132081762768,104.09982150170032,1670.202087913975,0.0,0.0,37.45835223447258,45.15952636411723,574.9836424773384,0.0,0.0,24.69469360629906,29.652865911283067,435.24706395101307,37.716335233388928,25.868542684080205,288.3499568752928,345.1508529177904,6325.243843278886,0.0,0.0,68.8961158395979,83.4905190378393,857.3711237125472,0.0,19.201272484241345,40.79528771560442,22.0,30.0,0.0,19.505895488731786,39.97435603148912,12.0,30.0,0.0,19.370572626752428,40.54437778328726,22.0,30.0,0.0,19.360007393510274,40.50036436787947,12.0,30.0,0.0,17.266221373979407,48.40177955936555,12.0,30.0,0.0,19.569632137535029,42.12892398143485,12.0,30.0,0.0,18.218364430125584,44.11430478731128,10.0,30.0,0.0,16.256601329040988,50.81538151808558,12.0,30.0,0.0,17.40940025109997,47.614105202666227,20.0,30.0,0.0,18.345387571965575,0.0,0.0,0.0,14.784908671144195,0.0,0.0,518.0135302707896,516.2711338752034,528.3229202315804,528.37882271004,609.0425363208078,939.4868696404283,562.5166824378906,594.1100942919941,705.6203012801886,0.0,84.30155533825202,84.30155533825202,60.0,0.0,60.0,60.0,12.0,12.0,12.0,19.0,12.0,12.0,21.0,10.0,0.0,0.0,0.0,0.0,0.0,0.0,0.0,0.0,0.0,0.0,0.0,0.0,0.0,84.30155533825202,84.30155533825202,0.0,0.0,0.0,84.30155533825202,0.0,0.0,0.0009 
 03/19  00:30:00,8.690000000000002,75.0,5.7,0.0,0.0,0.0,0.0,0.0,2.0,2.0,0.0,0.0,0.0,0.0,0.0,1268.0,0.0,0.0,0.0,0.0,0.0,0.0,0.0,0.0,0.0,0.0,0.0,19.67051110252808,-183.91741876051084,19.654078971452678,-174.5691029321888,19.560203055257536,-234.4544462152403,19.33839719511457,-114.0210032217783,17.250929071006867,1.8285837274473096,19.343951695867007,-30.00596909460549,18.09740600332267,39.10996880214998,16.419591901684315,-116.96635239068883,17.593261139055224,-118.4602035955246,497.66499244446279,504.14216514064426,0.0,0.0,0.0,0.0,0.0,0.0,0.0,0.0,0.0,0.0,0.0,0.0,0.0,0.0,0.0,0.0,0.0,0.0,0.0,0.0,0.0,0.0,1.0247583403997017,0.31280779621480517,205.5999883627436,245.32882684313547,4408.966953199123,0.18631713014931207,0.02843668042571918,165.6653178889167,197.75772301004765,3546.811546899562,1.009615136010064,0.19078139380386706,234.98190446882496,280.4755637438635,5057.376007318598,0.20571084926975678,0.03887204256798124,177.80668438339149,212.25041512334969,3757.707770242528,0.0,0.0,7.369419412957583,8.85348558731905,128.22997822664213,0.0,0.0,10.87161436346659,12.960570306373534,237.66191327995336,0.0,0.0,90.31381607460932,108.17723696228394,1738.5701960996012,0.0,0.0,39.1965478988418,47.2771584001551,598.9060197502918,0.0,0.0,23.98097970056582,28.787528924361369,429.35279062032819,37.77385404485133,25.907993172051677,317.3995624335545,379.9780586061641,6939.438018319641,0.0,0.0,69.39183190186513,84.12135568976595,859.7283148891378,0.0,19.29990224917549,40.344075545182509,22.0,30.0,0.0,19.309510746493169,40.13835216578586,12.0,30.0,0.0,19.314912026453756,40.39708990451716,22.0,30.0,0.0,19.15291601262502,40.71209533123345,12.0,30.0,0.0,17.245870546176279,48.00664023192618,12.0,30.0,0.0,19.52911796294866,41.8110731373735,12.0,30.0,0.0,18.18791186242892,43.93457460828477,10.0,30.0,0.0,16.172616219000856,50.50392394236173,12.0,30.0,0.0,17.501249153021374,46.88743825506245,20.0,30.0,0.0,18.360354334310885,0.0,0.0,0.0,14.70930116916004,0.0,0.0,513.8485146659846,507.380221319271,521.3734158568198,522.4861905326459,601.2390503106419,939.1699484255767,559.6765045643755,585.5893455541459,722.3429718469774,0.0,84.30155533825202,84.30155533825202,60.0,0.0,60.0,60.0,12.0,12.0,12.0,19.0,12.0,12.0,21.0,10.0,0.0,0.0,0.0,0.0,0.0,0.0,0.0,0.0,0.0,0.0,0.0,0.0,0.0,84.30155533825202,84.30155533825202,0.0,0.0,0.0,84.30155533825202,0.0,0.0,0.0009 
 03/19  00:40:00,8.643333333333335,75.0,5.703333333333333,0.0,0.0,0.0,0.0,0.0,2.0,2.0,0.0,0.0,0.0,0.0,0.0,1268.0,0.0,0.0,0.0,0.0,0.0,0.0,0.0,0.0,0.0,0.0,0.0,19.50213671690127,-115.12008061134702,19.634259647931957,-238.1497327009297,19.4179432667284,-171.9084083595444,19.316505256827044,-133.7655428642338,17.230819890064816,1.1203153741768262,19.300854504700795,-26.04456492808373,18.075425444154086,3.0561559398195188,16.360223167201256,-118.78814478468849,17.615398141014969,-107.46838949549482,482.0605731045116,493.6604227891585,0.0,0.0,0.0,0.0,0.0,0.0,0.0,0.0,0.0,0.0,0.0,0.0,0.0,0.0,0.0,0.0,0.0,0.0,0.0,0.0,0.0,0.0,1.0254501751622763,0.31301897898726385,234.26181908385466,279.65113087353316,4964.696881961853,0.17350126068642802,0.02648065639292247,176.46991761102624,210.47694881367426,3794.1725632555055,0.9812804441993049,0.18542714365066238,164.18087096316629,196.0688824815997,3489.623745845365,0.1894118827955228,0.03579211693037088,162.61756118219894,194.17336062844783,3453.9418093041215,0.0,0.0,6.975208664241551,8.384392712142433,121.75215431827022,0.0,0.0,10.903100919527958,13.000876976323588,238.47589316610758,0.0,0.0,84.63045724082787,101.41385184813126,1633.2942528694376,0.0,0.0,39.70131997853619,47.90349123724823,604.6243574669816,0.0,0.0,21.233490200708695,25.491498226466939,384.6653235380601,37.7412420959981,25.885625580245617,313.75761389567438,375.74145714510339,6841.771266425763,0.0,0.0,66.66758359495273,80.85910534763765,820.6142267734572,0.0,19.063983339539364,40.61105346694127,22.0,30.0,0.0,19.338436132068475,39.90660030914864,12.0,30.0,0.0,19.11903170105785,40.664577176825357,22.0,30.0,0.0,19.167849121236168,40.54214139012606,12.0,30.0,0.0,17.22474407075289,47.58456687532671,12.0,30.0,0.0,19.485973769386015,41.515676282009547,12.0,30.0,0.0,18.16213718859344,43.58187841446505,10.0,30.0,0.0,16.09894495587003,50.355884529312067,12.0,30.0,0.0,17.561578295109688,46.34409175330613,20.0,30.0,0.0,18.278170734622429,0.0,0.0,0.0,14.621113400403769,0.0,0.0,505.1412792863626,505.8081859525133,519.7371959912072,524.0086411907852,590.122380652063,940.0088740740357,550.5197999699545,580.5959548198537,734.2228461116669,0.0,84.30155533825202,84.30155533825202,60.0,0.0,60.0,60.0,12.0,12.0,12.0,19.0,12.0,12.0,21.0,10.0,0.0,0.0,0.0,0.0,0.0,0.0,0.0,0.0,0.0,0.0,0.0,0.0,0.0,84.30155533825202,84.30155533825202,0.0,0.0,0.0,84.30155533825202,0.0,0.0,0.0009 
 03/19  00:50:00,8.596666666666668,75.0,5.706666666666667,0.0,0.0,0.0,0.0,0.0,2.0,2.0,0.0,0.0,0.0,0.0,0.0,1268.0,0.0,0.0,0.0,0.0,0.0,0.0,0.0,0.0,0.0,0.0,0.0,19.51131519188406,-179.23522149765814,19.4868687610468,-196.00159855445419,19.39150728682327,-204.03812033453279,19.20114438546657,-96.55125055653252,17.209846854534484,0.8797347530560984,19.261147996847165,-27.260100549157586,18.027778783752859,22.54596412844171,16.302156080729938,-121.85448887468613,17.63038570235919,-104.16387366611622,482.2518082276447,489.10884657738077,0.0,0.0,0.0,0.0,0.0,0.0,0.0,0.0,0.0,0.0,0.0,0.0,0.0,0.0,0.0,0.0,0.0,0.0,0.0,0.0,0.0,0.0,1.0129042742312387,0.3091893388984245,223.74559655508797,267.22243910812736,4778.095359787003,0.18473342193996229,0.02819496671855347,175.86192577109137,210.12162278080658,3736.1785466915109,0.9771623491500558,0.1846489699830038,167.97695409769498,200.5411410823023,3585.1792432351269,0.20138990173815123,0.038055536987556908,155.8245620228874,186.09853829123169,3280.998973555013,0.0,0.0,7.250646162690448,8.714239831042605,126.9397468518631,0.0,0.0,10.786131783769946,12.865935398186633,236.15898833375958,0.0,0.0,85.9425427242151,103.00179291764765,1655.2919122470024,0.0,0.0,40.391300378813529,48.75580494860705,613.3568806234616,0.0,0.0,20.03055885388033,24.04341153071684,366.5414887361419,37.793378990935369,25.92138476744539,306.29135069030169,366.90458972235697,6702.4094689856869,0.0,0.0,65.78661756784578,79.81867960037687,805.8677449902875,0.0,19.146096474529317,40.176041262643249,22.0,30.0,0.0,19.128959892592698,40.016316761549358,12.0,30.0,0.0,19.138906432129084,40.48324770514235,22.0,30.0,0.0,19.00669581801066,40.6919889623897,12.0,30.0,0.0,17.202852882849564,47.251827494648399,12.0,30.0,0.0,19.448110652540337,41.23084365018772,12.0,30.0,0.0,18.09499155352825,43.39290337385796,10.0,30.0,0.0,16.028288647920964,50.124675793029968,12.0,30.0,0.0,17.60515302098071,45.85419838281035,20.0,30.0,0.0,18.231045243517337,0.0,0.0,0.0,14.543361959268351,0.0,0.0,501.8359948388302,495.41469158367007,520.7394852843498,521.7223305831136,583.3118026273537,936.690648489117,542.0676681107323,574.2734372940349,744.6994464648844,0.0,84.30155533825202,84.30155533825202,60.0,0.0,60.0,60.0,12.0,12.0,12.0,19.0,12.0,12.0,21.0,10.0,0.0,0.0,0.0,0.0,0.0,0.0,0.0,0.0,0.0,0.0,0.0,0.0,0.0,84.30155533825202,84.30155533825202,0.0,0.0,0.0,84.30155533825202,0.0,0.0,0.0008766666666666667 
 03/19  01:00:00,8.55,75.0,5.71,0.0,0.0,0.0,0.0,0.0,2.0,2.0,0.0,0.0,0.0,0.0,0.0,1268.0,0.0,0.0,0.0,0.0,0.0,0.0,0.0,0.0,0.0,0.0,0.0,19.356812234196526,-108.17029432501067,19.478803195506758,-222.89250052799435,19.26390449518056,-168.060586655331,19.184485785648016,-136.43482987929338,17.188307193430334,0.2234606509549053,19.218757503654904,-24.671744658394006,18.001337072508354,-3.039245605981705,16.246384795879604,-124.09194754945873,17.638410858019669,-93.39456413240038,469.6817371565139,480.64734651341669,0.0,0.0,0.0,0.0,0.0,0.0,0.0,0.0,0.0,0.0,0.0,0.0,0.0,0.0,0.0,0.0,0.0,0.0,0.0,0.0,0.0,0.0,1.0171151388267906,0.3104747066015845,217.3253176838229,259.62881292033077,4590.092717542253,0.1733462566815523,0.026456998883020806,166.7581763712892,199.04774631348193,3567.1791513916089,0.9711432508240601,0.18351157422979223,171.87131316871138,205.4099352109073,3632.7451126071098,0.18762109858329632,0.035453722332444499,169.07704580626675,202.03130736037799,3576.147994666495,0.0,0.0,6.942105898420154,8.348242789852066,121.90351851455907,0.0,0.0,10.795819353746652,12.880458295239614,236.50933411623653,0.0,0.0,81.89053877820658,98.18791262628463,1580.7608955798963,0.0,0.0,40.84263721118526,49.317351030793009,618.8087978907241,0.0,0.0,17.848174289955396,21.428127335806737,329.32840500232876,37.77672886917118,25.90996493084444,310.7705988062255,372.416162828694,6766.401080765777,0.0,0.0,63.72639327750907,77.35517496865214,776.5815546745184,0.0,18.931560987984655,40.4503351261651,22.0,30.0,0.0,19.180494421099139,39.75726062290712,12.0,30.0,0.0,18.96350730305284,40.67199434032649,22.0,30.0,0.0,19.024276464346334,40.50280287453637,12.0,30.0,0.0,17.18058951201501,46.877146811772437,12.0,30.0,0.0,19.405568145730773,40.96390206893652,12.0,30.0,0.0,18.066725652244008,43.20509248672194,10.0,30.0,0.0,15.962605425213022,49.97479561606904,12.0,30.0,0.0,17.634807518286647,45.44899760101133,20.0,30.0,0.0,18.15274976891285,0.0,0.0,0.0,14.46363178149992,0.0,0.0,495.9353295546756,494.7546282739855,517.681898513049,522.0581272979817,573.0371112527084,934.6685784363197,537.6726199004161,568.0374717399423,753.6468279199299,0.0,84.30155533825202,84.30155533825202,60.0,0.0,60.0,60.0,12.0,12.0,12.0,19.0,12.0,12.0,21.0,10.0,0.0,0.0,0.0,0.0,0.0,0.0,0.0,0.0,0.0,0.0,0.0,0.0,0.0,84.30155533825202,84.30155533825202,0.0,0.0,0.0,84.30155533825202,0.0,0.0,0.0008533333333333332 
 03/19  01:10:00,8.513333333333334,75.33333333333333,5.718333333333334,0.0,0.0,0.0,0.0,0.0,2.0,2.0,0.0,0.0,0.0,0.0,0.0,1268.0,0.0,0.0,0.0,0.0,0.0,0.0,0.0,0.0,0.0,0.0,0.0,19.369326211049154,-167.89700092344629,19.349249025991499,-182.58192068105564,19.246107055684463,-197.07363198036138,19.067312889492617,-105.0558970548841,17.165795109785443,0.019417190235472505,19.1794596186629,-26.008481391856436,17.955205948691075,17.088325714722715,16.191018258368403,-126.8698524280777,17.644828660778218,-90.20939971020337,473.6030376863682,477.982147883929,0.0,0.0,0.0,0.0,0.0,0.0,0.0,0.0,0.0,0.0,0.0,0.0,0.0,0.0,0.0,0.0,0.0,0.0,0.0,0.0,0.0,0.0,0.9964853983194721,0.30417747201449088,205.7869908444818,245.89972380678075,4374.493409391686,0.18231456605291036,0.02782578846961391,168.4438342872058,201.37468628874746,3565.363755460028,0.976497591552012,0.18452335441270077,175.98351029331975,210.24780716758654,3736.9955920553,0.20014940200849452,0.03782112660780318,167.4657674157295,200.16389782751373,3504.321966886469,0.0,0.0,7.2265217526624749,8.688424672185779,127.09855323774895,0.0,0.0,10.676337207784386,12.74098209368509,233.8967174632058,0.0,0.0,83.6363600752099,100.28779132109082,1610.4700702881654,0.0,0.0,41.452845885589038,50.069380388194158,625.8121561156165,0.0,0.0,16.972024888271887,20.372001167461357,315.2737913485223,37.852560964354449,25.961975970064786,310.5433937755581,372.2196728504189,6767.403862193667,0.0,0.0,63.193003675940499,76.7265598631842,765.937372451594,0.0,19.01618980848977,40.040230024590538,22.0,30.0,0.0,18.999953533860205,39.882855933306988,12.0,30.0,0.0,18.99517729470093,40.47452323837079,22.0,30.0,0.0,18.856173698831069,40.679271218672969,12.0,30.0,0.0,17.157183206355115,46.59033754869619,12.0,30.0,0.0,19.367646557316065,40.72151056716385,12.0,30.0,0.0,18.00587078926948,43.05577516391966,10.0,30.0,0.0,15.89768078625157,49.78767018301805,12.0,30.0,0.0,17.659634687786153,45.066769799378,20.0,30.0,0.0,18.118404188338496,0.0,0.0,0.0,14.393456636550216,0.0,0.0,493.7043803393019,487.3122095998069,519.3588307831712,519.1483800100705,565.8157707336611,930.1051140510872,530.1695960413019,562.7334194012447,764.1576535515621,0.0,84.30155533825202,84.30155533825202,60.0,0.0,60.0,60.0,12.0,12.0,12.0,19.0,12.0,12.0,21.0,10.0,0.0,0.0,0.0,0.0,0.0,0.0,0.0,0.0,0.0,0.0,0.0,0.0,0.0,84.30155533825202,84.30155533825202,0.0,0.0,0.0,84.30155533825202,0.0,0.0,0.00083 
 03/19  01:20:00,8.476666666666667,75.66666666666667,5.726666666666667,0.0,0.0,0.0,0.0,0.0,2.0,2.0,0.0,0.0,0.0,0.0,0.0,634.0,0.0,0.0,0.0,0.0,0.0,0.0,0.0,0.0,0.0,0.0,0.0,19.354599064475985,-36.78028162297687,19.29127966759778,-245.25495740298903,19.22332473855712,-58.34994143023641,19.03019465499109,-130.23666239434034,17.140458986734886,-0.37938759974116467,19.13520134516729,-22.010212625227895,17.90684193307821,-8.07335744450711,16.136642438575035,-122.18845265703999,17.6477694775715,-84.05012901728367,408.52613065985318,480.7057857121599,0.0,0.0,0.0,0.0,0.0,0.0,0.0,0.0,0.0,0.0,0.0,0.0,0.0,0.0,0.0,0.0,0.0,0.0,0.0,0.0,0.0,0.0,0.9999942736835965,0.3052485572904751,189.38634861888537,225.79696959708037,4070.9833307283386,0.16901686367327382,0.025796224614358034,152.85519135423093,182.35241786063717,3233.689242664533,0.9734701858430487,0.18395128228326702,101.42208072801312,120.92171434680077,2179.5176235401575,0.182015662416168,0.03439449403177777,93.98661106654387,112.16471292546174,1968.88953994696,0.0,0.0,6.658801939485194,7.990489392458265,117.27691733289407,0.0,0.0,10.67726164618229,12.716170530437902,233.79972044688373,0.0,0.0,79.23764580431757,94.83945373194297,1521.1781796029587,0.0,0.0,41.57211024863264,50.114047518090369,625.7438249406822,0.0,0.0,15.928084096802355,19.077412176674608,297.7290793150783,37.832389016236778,25.948140614702873,203.7932961311238,244.01228542100857,4593.930772428342,0.0,0.0,62.18621110101795,75.35680810266286,751.270518087713,0.0,19.074686725393577,39.988885311679137,22.0,30.0,0.0,18.945947702086256,39.570144904781518,12.0,30.0,0.0,19.024278052995105,40.87401211579083,22.0,30.0,0.0,18.830936876791918,39.98372655941409,12.0,30.0,0.0,17.128731624991496,46.29815684767712,12.0,30.0,0.0,19.320147221898084,40.49411252756958,12.0,30.0,0.0,17.936044442185798,43.030213448202648,10.0,30.0,0.0,15.834924001976157,49.759919137654197,12.0,30.0,0.0,17.677897341028758,44.72456083541331,20.0,30.0,0.0,17.870701152149186,0.0,0.0,0.0,14.334288695842265,0.0,0.0,497.23715702697589,475.554220896287,549.6697179192044,488.0981434108519,556.2415112017939,925.8023325030621,528.1479416012961,558.3288423821729,774.2542907936264,0.0,84.30155533825202,84.30155533825202,60.0,0.0,60.0,60.0,12.0,12.0,12.0,19.0,12.0,12.0,21.0,10.0,0.0,0.0,0.0,0.0,0.0,0.0,0.0,0.0,0.0,0.0,0.0,0.0,0.0,84.30155533825202,84.30155533825202,0.0,0.0,0.0,84.30155533825202,0.0,0.0,0.0008133333333333332 
 03/19  01:30:00,8.440000000000002,76.0,5.734999999999999,0.0,0.0,0.0,0.0,0.0,2.0,2.0,0.0,0.0,0.0,0.0,0.0,1268.0,0.0,0.0,0.0,0.0,0.0,0.0,0.0,0.0,0.0,0.0,0.0,19.226479137520003,-148.4285865249467,19.27368060120788,-150.57911111993554,19.123852719179764,-190.29429081393438,19.01478985560953,-82.9087065619151,17.11990851566376,-0.5098346767459958,19.09893272154502,-24.44779536820772,17.88933684701577,7.169541595275405,16.092723201869043,-127.31086116440781,17.64633434964488,-77.31993336609964,451.22675391978739,470.82546209511409,0.0,0.0,0.0,0.0,0.0,0.0,0.0,0.0,0.0,0.0,0.0,0.0,0.0,0.0,0.0,0.0,0.0,0.0,0.0,0.0,0.0,0.0,1.0020550523125667,0.30587761059602155,180.27397079300963,215.52966312393807,3816.2961962003967,0.18232086327774156,0.027826749584514887,135.0103193907227,161.31707794722059,2874.1026990910238,0.9565214995268507,0.1807485826770316,143.82048945327225,172.0240601071339,3047.703742034266,0.19290923195991728,0.03645299167798889,141.09321180479038,168.764396781171,2973.4039431652547,0.0,0.0,7.110026894303285,8.553224619257048,125.45849564820091,0.0,0.0,10.60578970382985,12.6615260268229,232.2701496051069,0.0,0.0,80.86058079126812,97.00517643373905,1557.449185456149,0.0,0.0,41.89476538713184,50.62401755796327,629.937236387462,0.0,0.0,14.65607119922688,17.59566296498387,275.1991673269046,37.97273223852426,26.044397968809514,250.90387240243838,301.03497342180756,5556.88303913083,0.0,0.0,61.022994625872659,74.13444071594452,732.9056603032997,0.0,18.86206429444014,40.14216530944839,22.0,30.0,0.0,18.98713988718347,39.74692787391831,12.0,30.0,0.0,18.875384584324498,40.47515822798918,22.0,30.0,0.0,18.85841513759398,40.580574971836,12.0,30.0,0.0,17.110480283871284,46.13198262389505,12.0,30.0,0.0,19.28754985976017,40.375401033659588,12.0,30.0,0.0,17.93273364698662,42.99267499474619,10.0,30.0,0.0,15.791852671757877,49.74193392279659,12.0,30.0,0.0,17.687004811470734,44.548152961519907,20.0,30.0,0.0,17.94757505415472,0.0,0.0,0.0,14.263589326390225,0.0,0.0,486.9674306735198,484.8497120414486,512.4061035733589,521.5798601548644,550.7485809173161,923.7221037652832,523.0814211676438,555.2844209621995,781.9037774986264,0.0,84.30155533825202,84.30155533825202,60.0,0.0,60.0,60.0,12.0,12.0,12.0,19.0,12.0,12.0,21.0,10.0,0.0,0.0,0.0,0.0,0.0,0.0,0.0,0.0,0.0,0.0,0.0,0.0,0.0,84.30155533825202,84.30155533825202,0.0,0.0,0.0,84.30155533825202,0.0,0.0,0.0007966666666666668 
 03/19  01:40:00,8.403333333333333,76.33333333333333,5.743333333333333,0.0,0.0,0.0,0.0,0.0,2.0,2.0,0.0,0.0,0.0,0.0,0.0,634.0,0.0,0.0,0.0,0.0,0.0,0.0,0.0,0.0,0.0,0.0,0.0,19.13339613197626,-169.3874860526339,19.285883747557969,-14.203656996086238,19.018895779967687,-236.6344206828253,19.011992363423695,-5.763455932081342,17.09383980759329,-0.16089548081160388,19.053960591254197,-25.09310423212048,17.861751439275534,14.991285202621839,16.037312135901428,-126.26525785204422,17.648277859864629,-72.11867534392582,383.95258839808687,468.07355448385899,0.0,0.0,0.0,0.0,0.0,0.0,0.0,0.0,0.0,0.0,0.0,0.0,0.0,0.0,0.0,0.0,0.0,0.0,0.0,0.0,0.0,0.0,0.9971924664813412,0.3043933047867342,98.8362909899746,117.99033696635874,2084.922168030679,0.18920345438368989,0.028877206102516773,45.29478873802415,54.00870066886752,979.1187042185947,0.9509225240715853,0.17969057522138807,125.15047403992802,149.4112998388449,2630.3937226933278,0.20072279999600843,0.03792947845729561,127.83924135220664,152.495538361737,2713.7136594261016,0.0,0.0,7.3428258479965129,8.813829298655142,129.73718846945469,0.0,0.0,10.598588978492457,12.627689825868752,231.94868667539908,0.0,0.0,81.36449624216182,97.39822582614892,1569.556098320199,0.0,0.0,42.14634817376161,50.82930172127294,631.5830517152675,0.0,0.0,13.722402737817975,16.435727735307894,259.19921757998926,38.02123260066146,26.07766296341665,164.75450440294689,197.40679330450019,3812.2207170914487,0.0,0.0,60.19845556942876,72.99006637646758,720.0530560037554,0.0,18.742343097609834,40.19827175241737,22.0,30.0,0.0,19.07258343015715,39.62192995835706,12.0,30.0,0.0,18.729699604861304,40.20737091028991,22.0,30.0,0.0,18.90135328754355,40.86037341220702,12.0,30.0,0.0,17.0816842305323,45.886950447042149,12.0,30.0,0.0,19.237752799208967,40.188639139501777,12.0,30.0,0.0,17.9074565369351,43.00974885558348,10.0,30.0,0.0,15.72614886503252,49.772056910295308,12.0,30.0,0.0,17.702338047998379,44.29082327766942,20.0,30.0,0.0,17.686527854142129,0.0,0.0,0.0,14.199847120391758,0.0,0.0,480.6814827255003,488.32768533501987,479.7590342920039,545.7688011760156,542.3466565700147,918.720399638706,519.8312319528747,552.0803413679839,797.0605935775595,0.0,84.30155533825202,84.30155533825202,60.0,0.0,60.0,60.0,12.0,12.0,12.0,19.0,12.0,12.0,21.0,10.0,0.0,0.0,0.0,0.0,0.0,0.0,0.0,0.0,0.0,0.0,0.0,0.0,0.0,84.30155533825202,84.30155533825202,0.0,0.0,0.0,84.30155533825202,0.0,0.0,0.00078 
 03/19  01:50:00,8.366666666666668,76.66666666666667,5.751666666666666,0.0,0.0,0.0,0.0,0.0,2.0,2.0,0.0,0.0,0.0,0.0,0.0,1268.0,0.0,0.0,0.0,0.0,0.0,0.0,0.0,0.0,0.0,0.0,0.0,19.130135316122926,-105.6595287969485,19.18318459215915,-219.27258055931089,19.014675057463408,-103.04733348710124,18.91583287713253,-146.84768279912306,17.07217669936299,-0.9967978266449222,19.019384176281514,-22.62400635203673,17.8243807256138,1.1023126219586175,15.992328943471449,-132.03289906805458,17.648957541802184,-59.940094356438269,439.53891054434646,461.33146975760226,0.0,0.0,0.0,0.0,0.0,0.0,0.0,0.0,0.0,0.0,0.0,0.0,0.0,0.0,0.0,0.0,0.0,0.0,0.0,0.0,0.0,0.0,0.9933238015864294,0.30321239364665128,167.94751814114847,200.91366798502549,3567.342258047389,0.17208902771644303,0.02626511412033624,122.61318749199316,146.78383853453807,2604.7002468649236,0.9780873901524992,0.18482376987008687,145.06871727083667,173.5330832095225,3075.780014242252,0.18972777197802274,0.03585180876379869,142.71866453828029,170.75917655689998,2991.847038100879,0.0,0.0,7.085980474681764,8.524262450252497,125.4094174117408,0.0,0.0,10.550601202900453,12.600269914057686,231.0103911600242,0.0,0.0,78.56893469389022,94.27290390469435,1513.842397044577,0.0,0.0,42.86788484238652,51.823903792573748,641.5233199825518,0.0,0.0,11.794207017989493,14.158024525433059,223.87310358675394,38.09389229125871,26.12749814215276,239.75536236139784,287.8704000883335,5320.839911804648,0.0,0.0,58.775217108907117,71.43840057684906,699.7969444540768,0.0,18.815529316543583,40.10188948610731,22.0,30.0,0.0,18.900825197244094,39.748537204869197,12.0,30.0,0.0,18.796293639117047,40.583130561002679,22.0,30.0,0.0,18.7355045187863,40.58888808296887,12.0,30.0,0.0,17.062007274743487,45.79408530378126,12.0,30.0,0.0,19.208821427642748,40.11256242687647,12.0,30.0,0.0,17.860983955767197,42.8954019243687,10.0,30.0,0.0,15.680773515324324,49.67963247041655,12.0,30.0,0.0,17.7150694825839,44.13873714886953,20.0,30.0,0.0,17.81117211916043,0.0,0.0,0.0,14.136955917259078,0.0,0.0,483.6514220307671,480.9475302154131,513.5404366182168,513.3972519215691,538.259440058391,915.4674165324918,512.7628813584554,547.5417360336503,810.8825164812639,0.0,84.30155533825202,84.30155533825202,60.0,0.0,60.0,60.0,12.0,12.0,12.0,19.0,12.0,12.0,21.0,10.0,0.0,0.0,0.0,0.0,0.0,0.0,0.0,0.0,0.0,0.0,0.0,0.0,0.0,84.30155533825202,84.30155533825202,0.0,0.0,0.0,84.30155533825202,0.0,0.0,0.0007999999999999999 
 03/19  02:00:00,8.33,77.0,5.76,0.0,0.0,0.0,0.0,0.0,2.0,2.0,0.0,0.0,0.0,0.0,0.0,634.0,0.0,0.0,0.0,0.0,0.0,0.0,0.0,0.0,0.0,0.0,0.0,19.14415530357997,-25.987750639365915,19.056197946520788,-304.2107386612888,19.01715697261296,-51.57361052571832,18.855484408717616,-131.13541250244135,17.044802551184003,-1.1743622911306489,18.976490998817533,-20.776705847942254,17.77370226099397,-9.575569410854769,15.936394293323123,-130.49579681503338,17.655896061741474,-49.370709555272188,390.7830569098005,455.2657506949852,0.0,0.0,0.0,0.0,0.0,0.0,0.0,0.0,0.0,0.0,0.0,0.0,0.0,0.0,0.0,0.0,0.0,0.0,0.0,0.0,0.0,0.0,0.9867636951502988,0.30120991915454789,188.69643438485199,225.13407440586912,4051.7974374530456,0.16780855442530466,0.025611806230968358,148.55429698757212,177.37579095143458,3119.008589568186,0.9605606695492666,0.18151184231845558,75.10189133977788,89.60882170880019,1616.9163925226208,0.18359116775306259,0.034692208570117639,67.92902593996611,81.11662334659096,1423.0402138686323,0.0,0.0,6.880735676776956,8.261341287021546,121.91683276330878,0.0,0.0,10.537887134802,12.55984386021762,230.64070841683617,0.0,0.0,75.6244088295507,90.57376133851116,1452.5626606597494,0.0,0.0,43.124225248266579,52.033677548493148,643.082230757558,0.0,0.0,10.201035611344312,12.217466555702803,194.93021720974074,38.123177988798548,26.147584354457174,173.75488349783914,208.2502553788602,3982.9723147347256,0.0,0.0,57.27105205409402,69.47514750145379,679.1183812846552,0.0,18.91107561685304,39.8684390034785,22.0,30.0,0.0,18.71144112244021,39.99966275757369,12.0,30.0,0.0,18.857855318907924,40.60153033491161,22.0,30.0,0.0,18.670521834667466,40.26846242761268,12.0,30.0,0.0,17.031416170353127,45.65613438151999,12.0,30.0,0.0,19.162545261018,40.005406444221168,12.0,30.0,0.0,17.789344750096448,42.869814095607868,10.0,30.0,0.0,15.61409054041246,49.69870455083737,12.0,30.0,0.0,17.738717078418238,43.90369530962174,20.0,30.0,0.0,17.609727335887155,0.0,0.0,0.0,14.07352766503253,0.0,0.0,486.52008222028788,474.1705193284914,532.5650098310919,492.22047367497438,531.1609987223037,909.466919193355,504.6318596952763,543.1596809451999,838.1819488945214,0.0,84.30155533825202,84.30155533825202,60.0,0.0,60.0,60.0,12.0,12.0,12.0,19.0,12.0,12.0,21.0,10.0,0.0,0.0,0.0,0.0,0.0,0.0,0.0,0.0,0.0,0.0,0.0,0.0,0.0,84.30155533825202,84.30155533825202,0.0,0.0,0.0,84.30155533825202,0.0,0.0,0.00082 
 03/19  02:10:00,8.278333333333335,77.16666666666667,5.776666666666666,0.0,0.0,0.0,0.0,0.0,2.0,2.0,0.0,0.0,0.0,0.0,0.0,1268.0,0.0,0.0,0.0,0.0,0.0,0.0,0.0,0.0,0.0,0.0,0.0,18.9834759961875,-164.2554215778173,19.04024833564907,-131.93014931054996,18.91292384029184,-187.40445930626539,18.837104876904954,-82.21504153313799,17.022747205842209,-1.290001031528476,18.939804412826186,-23.684876517044985,17.75009820412627,-3.704204475701772,15.8911555844438,-135.98353432286855,17.66097586467515,-36.43051170503753,448.1358965733025,442.48691709505285,0.0,0.0,0.0,0.0,0.0,0.0,0.0,0.0,0.0,0.0,0.0,0.0,0.0,0.0,0.0,0.0,0.0,0.0,0.0,0.0,0.0,0.0,0.994539784068486,0.3035835726704781,201.10430502258726,240.62222439424449,4228.97977663343,0.18457251113891999,0.028170407682985348,140.46184222633816,167.98912692938164,2977.022580152491,0.9393767333479267,0.177508830942541,134.36455236110363,160.80860879700033,2844.9748907583059,0.18745887195219494,0.035423067262319519,132.32635669808469,158.36406053571319,2788.325763621123,0.0,0.0,7.265563518131321,8.744068572102157,129.16961810436835,0.0,0.0,10.484772043792465,12.524978152297756,229.8045846143346,0.0,0.0,76.38020371959422,91.68743692194724,1472.5157512568276,0.0,0.0,43.54865569703621,52.66639446085627,649.8272134121075,0.0,0.0,11.03588025332521,13.245520059003575,212.36489399682996,38.28263509595081,26.2569513689649,248.6247576650982,298.52147021512948,5495.486157705649,0.0,0.0,55.65506158483842,67.67560245101089,657.8990417899852,0.0,18.628217210266116,40.377100253478719,22.0,30.0,0.0,18.767103236994769,40.01257115150782,12.0,30.0,0.0,18.69445155447024,40.50000524156265,22.0,30.0,0.0,18.69109521714828,40.563633160899168,12.0,30.0,0.0,17.011872275572939,45.559784526126907,12.0,30.0,0.0,19.129423693875134,39.95909718718845,12.0,30.0,0.0,17.774493992145385,42.86910455930404,10.0,30.0,0.0,15.568875671223659,49.71645608875892,12.0,30.0,0.0,17.757832127410198,43.72245284550452,20.0,30.0,0.0,17.73650990141727,0.0,0.0,0.0,14.004749183937396,0.0,0.0,477.8234655824249,480.76454893294388,502.2521481760654,512.061956232881,526.3346973033409,906.5452620240385,499.66060720982468,538.4902324895918,843.5782167577977,0.0,84.30155533825202,84.30155533825202,60.0,0.0,60.0,60.0,12.0,12.0,12.0,19.0,12.0,12.0,21.0,10.0,0.0,0.0,0.0,0.0,0.0,0.0,0.0,0.0,0.0,0.0,0.0,0.0,0.0,84.30155533825202,84.30155533825202,0.0,0.0,0.0,84.30155533825202,0.0,0.0,0.0008400000000000001 
 03/19  02:20:00,8.226666666666667,77.33333333333334,5.793333333333334,0.0,0.0,0.0,0.0,0.0,2.0,2.0,0.0,0.0,0.0,0.0,0.0,1268.0,0.0,0.0,0.0,0.0,0.0,0.0,0.0,0.0,0.0,0.0,0.0,18.87208775357923,-161.6845225768675,18.97643353608639,-195.2433341446739,18.830959771575985,-274.5034170001218,18.712339245545999,-140.1167875663632,16.996777697470486,-2.131475371080356,18.90006837924629,-21.5514543766881,17.696251403266275,-20.509253512286706,15.836141531685211,-139.56430322687823,17.663362355303435,-40.023218009467459,472.2134397866821,446.1709504466405,0.0,0.0,0.0,0.0,0.0,0.0,0.0,0.0,0.0,0.0,0.0,0.0,0.0,0.0,0.0,0.0,0.0,0.0,0.0,0.0,0.0,0.0,0.9766903980597881,0.29813504214279248,264.0216083603801,315.88522935144416,5514.622075402932,0.1622478540242645,0.024763103483556857,100.95313717384753,120.58703722383129,2125.5611219782838,0.9438075921920857,0.17834610585640327,309.60811861584906,370.50978063929179,6494.543555583787,0.19059835598006387,0.036016318212408127,165.21031898292245,197.75637434341517,3433.020448554572,0.0,0.0,6.974283857881137,8.394158198778868,124.34393631845922,0.0,0.0,10.491014748129562,12.533571130387689,230.22744588359533,0.0,0.0,73.88897770478431,88.71710144211127,1421.6779286629135,0.0,0.0,44.17192336972853,53.43204836505602,658.1119213156231,0.0,0.0,12.80322910826362,15.36586355710223,247.99946920289015,38.367679966829459,26.315281184382355,381.5084286799844,457.6677233017972,8119.2781662811689,0.0,0.0,56.25345924088613,68.41322482535753,665.3338864891289,0.0,18.47386997102981,40.685838513834898,22.0,30.0,0.0,18.69828895120434,39.96911074304464,12.0,30.0,0.0,18.59121355443958,40.57470359902521,22.0,30.0,0.0,18.48951662812357,40.80490743455972,12.0,30.0,0.0,16.984856107865704,45.47932761667856,12.0,30.0,0.0,19.090606924241159,39.8871574393319,12.0,30.0,0.0,17.70085621817976,43.021003631937357,10.0,30.0,0.0,15.504690439339229,49.69150816536792,12.0,30.0,0.0,17.76992750400726,43.498457703268588,20.0,30.0,0.0,17.76691577857621,0.0,0.0,0.0,13.955577475832197,0.0,0.0,485.1585600219894,470.98077465894098,494.45609604379026,500.04888952845558,522.5942031352196,898.3769123486867,509.7548872450268,542.9237925119203,838.1470507115403,0.0,84.30155533825202,84.30155533825202,60.0,0.0,60.0,60.0,12.0,12.0,12.0,19.0,12.0,12.0,21.0,10.0,0.0,0.0,0.0,0.0,0.0,0.0,0.0,0.0,0.0,0.0,0.0,0.0,0.0,84.30155533825202,84.30155533825202,0.0,0.0,0.0,84.30155533825202,0.0,0.0,0.00083 
 03/19  02:30:00,8.175,77.5,5.8100000000000009,0.0,0.0,0.0,0.0,0.0,2.0,2.0,0.0,0.0,0.0,0.0,0.0,634.0,0.0,0.0,0.0,0.0,0.0,0.0,0.0,0.0,0.0,0.0,0.0,18.80085695294344,-175.35421297648737,18.964216849073247,-31.372833010128944,18.795834607976887,-40.67132394403052,18.666060628321213,-149.21518160518463,16.968408409804675,-1.2647409772123979,18.85403816954092,-24.974408123290858,17.65848213667909,2.9258780261056929,15.783537825906864,-134.66253986071366,17.660225860276648,-41.697541867445298,416.15590117994909,445.1119919584137,0.0,0.0,0.0,0.0,0.0,0.0,0.0,0.0,0.0,0.0,0.0,0.0,0.0,0.0,0.0,0.0,0.0,0.0,0.0,0.0,0.0,0.0,0.9771011310383546,0.2982604185098763,179.4586413446768,214.47371226167636,3728.1975637297057,0.1794454036950885,0.02738788212684501,27.980389617818238,33.39896437697093,600.9674865350264,1.0020736345490995,0.18935631794200678,239.4775901812075,285.957659673202,5068.406125443884,0.18586796577205046,0.03512244251172532,119.85875313999323,143.2178082215585,2493.286661388212,0.0,0.0,7.4786762115559048,8.980773337285834,133.69032266482336,0.0,0.0,10.574906607570313,12.608198979154903,232.1648762108535,0.0,0.0,77.55376835150298,92.90790554284185,1494.5313914332037,0.0,0.0,44.10065364852385,53.2352873004707,656.6793421855947,0.0,0.0,14.282259673727547,17.101962248884715,278.29317064498857,38.443556199704079,26.367322496367689,237.92264712589796,285.1774864041035,5247.630481164678,0.0,0.0,56.18145462897561,68.18606318614488,664.4522290568634,0.0,18.393950492981018,40.64284071919863,22.0,30.0,0.0,18.74250749440237,39.887985674314027,12.0,30.0,0.0,18.606178094701833,40.7158734352708,22.0,30.0,0.0,18.44906330153702,40.506264923776978,12.0,30.0,0.0,16.953527606306048,45.36268203622475,12.0,30.0,0.0,19.038751839925696,39.80633487072583,12.0,30.0,0.0,17.663388761425496,43.11867014376148,10.0,30.0,0.0,15.445635458674314,49.913200734411628,12.0,30.0,0.0,17.772643773281325,43.24824841119308,20.0,30.0,0.0,17.548183478102936,0.0,0.0,0.0,13.901135826848512,0.0,0.0,471.65082996096649,474.86557635541956,511.0653042761792,477.9439255484092,519.5624957191964,886.2585032072963,512.033579162101,556.9634889719554,819.2002352908838,0.0,84.30155533825202,84.30155533825202,60.0,0.0,60.0,60.0,12.0,12.0,12.0,19.0,12.0,12.0,21.0,10.0,0.0,0.0,0.0,0.0,0.0,0.0,0.0,0.0,0.0,0.0,0.0,0.0,0.0,84.30155533825202,84.30155533825202,0.0,0.0,0.0,84.30155533825202,0.0,0.0,0.00082 
 03/19  02:40:00,8.123333333333333,77.66666666666667,5.826666666666667,0.0,0.0,0.0,0.0,0.0,2.0,2.0,0.0,0.0,0.0,0.0,0.0,1268.0,0.0,0.0,0.0,0.0,0.0,0.0,0.0,0.0,0.0,0.0,0.0,18.818169528950479,-89.24816452056985,18.87882946320256,-201.54768564875713,18.692004072832675,-193.3048831476799,18.65484842034088,-75.44041322503063,16.94512953574436,-1.9822298533705976,18.818238101175785,-22.775084777093157,17.615433748573005,-15.185294025496205,15.741187702390878,-138.0431069874752,17.652913135182034,-43.629979066896058,447.7424911269122,449.4084544163803,0.0,0.0,0.0,0.0,0.0,0.0,0.0,0.0,0.0,0.0,0.0,0.0,0.0,0.0,0.0,0.0,0.0,0.0,0.0,0.0,0.0,0.0,0.9710050479029614,0.29639958727196627,212.87789702026886,254.93020234294236,4495.743118158401,0.1697978377467606,0.02591542090152024,100.8606373100867,120.88861479337197,2135.064644506861,0.9612075850984705,0.18163408637537244,216.69129791298819,259.4375714021627,4539.082210139713,0.18987692367732354,0.03587999313630451,117.72757322442041,140.95095621343882,2469.622235753377,0.0,0.0,7.1833741534271919,8.644259263326682,128.81528337188633,0.0,0.0,10.535671050440059,12.589531367960096,231.68430569413872,0.0,0.0,74.68556190238137,89.67229580382623,1438.6504588017597,0.0,0.0,44.29617982057661,53.59234543041636,660.5006642122432,0.0,0.0,14.458522524106013,17.34887417344169,283.0121157884109,38.60140130070755,26.475583882515474,277.94524818813616,333.9114123631349,6075.468378869133,0.0,0.0,56.39993700102396,68.60543256307031,667.6938141809319,0.0,18.511679117661737,40.46170800715603,22.0,30.0,0.0,18.608074335557278,40.04819456271632,12.0,30.0,0.0,18.440729433364866,40.70059125284726,22.0,30.0,0.0,18.486999281505768,40.67735064069362,12.0,30.0,0.0,16.932492558309087,45.339980390374979,12.0,30.0,0.0,19.0081550149992,39.78683473480588,12.0,30.0,0.0,17.609517893786355,43.05304436186735,10.0,30.0,0.0,15.405960532744409,49.8643934311561,12.0,30.0,0.0,17.76844810577135,43.16407063966063,20.0,30.0,0.0,17.584730834646324,0.0,0.0,0.0,13.856499941614688,0.0,0.0,478.95334397222976,463.21274215401027,481.5189064378775,494.5839055068237,519.8115003960706,879.9105478530782,505.68130794884868,562.1630459741609,813.0168063262515,0.0,84.30155533825202,84.30155533825202,60.0,0.0,60.0,60.0,12.0,12.0,12.0,19.0,12.0,12.0,21.0,10.0,0.0,0.0,0.0,0.0,0.0,0.0,0.0,0.0,0.0,0.0,0.0,0.0,0.0,84.30155533825202,84.30155533825202,0.0,0.0,0.0,84.30155533825202,0.0,0.0,0.00081 
 03/19  02:50:00,8.071666666666668,77.83333333333333,5.843333333333334,0.0,0.0,0.0,0.0,0.0,2.0,2.0,0.0,0.0,0.0,0.0,0.0,634.0,0.0,0.0,0.0,0.0,0.0,0.0,0.0,0.0,0.0,0.0,0.0,18.838117671349637,-26.539789058401767,18.767253809658308,-268.1064658726873,18.609699498232847,-221.2616856948839,18.658704908599498,-7.7647002290573259,16.915935064235968,-1.9147457120637626,18.773356299739655,-21.849202415386288,17.5680016862569,-18.752287063302448,15.689618455079789,-135.46220079685373,17.641487180794966,-44.78211063835431,414.86246055196627,453.6586023200582,0.0,0.0,0.0,0.0,0.0,0.0,0.0,0.0,0.0,0.0,0.0,0.0,0.0,0.0,0.0,0.0,0.0,0.0,0.0,0.0,0.0,0.0,0.9727649157402346,0.2969367874664941,182.36232698125026,217.74844387027296,3903.7039536853415,0.16903265847162889,0.025798635297867659,136.01536079622287,162.50842013267204,2856.1003226846567,0.9485099479599244,0.17923468404382554,116.16465897185646,138.84275801072728,2430.76916272512,0.18961539361593733,0.03583057324564196,74.37596586958002,88.82507461457351,1577.1308635506414,0.0,0.0,7.103499033642153,8.531024884282287,127.7085259240882,0.0,0.0,10.53425922697145,12.56215940024334,231.80218847297233,0.0,0.0,73.596669929408,88.19774871279148,1416.8535206547863,0.0,0.0,44.43082533049576,53.64768001438363,662.2372764285102,0.0,0.0,14.763239816900278,17.677359569744224,290.2767829229604,38.71002562322647,26.550086161335039,202.5485008353805,242.85593383477917,4571.078516995823,0.0,0.0,56.55780076862001,68.65631986470129,670.6521120607431,0.0,18.61179875951459,40.17177383189197,22.0,30.0,0.0,18.44736647224961,40.33679022585027,12.0,30.0,0.0,18.336257751682976,40.66487580295976,22.0,30.0,0.0,18.5388732485329,40.63100030219869,12.0,30.0,0.0,16.900023019621615,45.30542434901117,12.0,30.0,0.0,18.9588940770749,39.763835347424,12.0,30.0,0.0,17.54813130300109,43.028037910954427,10.0,30.0,0.0,15.347922336627575,49.925847411002347,12.0,30.0,0.0,17.757487754007589,43.04049766469188,20.0,30.0,0.0,17.42174701583537,0.0,0.0,0.0,13.8118464858861,0.0,0.0,475.6461627919785,457.8133703500634,464.21814254535448,501.9559296714045,520.3014198948115,870.2943514803994,501.1669521310233,566.2133682155184,803.281180951705,0.0,84.30155533825202,84.30155533825202,60.0,0.0,60.0,60.0,12.0,12.0,12.0,19.0,12.0,12.0,21.0,10.0,0.0,0.0,0.0,0.0,0.0,0.0,0.0,0.0,0.0,0.0,0.0,0.0,0.0,84.30155533825202,84.30155533825202,0.0,0.0,0.0,84.30155533825202,0.0,0.0,0.0008166666666666667 
 03/19  03:00:00,8.02,78.0,5.86,0.0,0.0,0.0,0.0,0.0,2.0,2.0,0.0,0.0,0.0,0.0,0.0,1902.0,0.0,0.0,0.0,0.0,0.0,0.0,0.0,0.0,0.0,0.0,0.0,18.70623706647826,-137.79242010091424,18.741579170023927,-131.24005596914453,18.618297862086356,-55.53538194620467,18.5914562451948,-142.5895807587745,16.89343547429224,-2.0705271608743507,18.73810125411459,-24.755558966106436,17.541605920757666,-14.339361868437069,15.649605594574649,-139.65421053463718,17.630247701392908,-47.31953593493215,375.53659089794197,454.71527947462325,0.0,0.0,0.0,0.0,0.0,0.0,0.0,0.0,0.0,0.0,0.0,0.0,0.0,0.0,0.0,0.0,0.0,0.0,0.0,0.0,0.0,0.0,0.989599904810389,0.3020756730190445,172.80157449191433,207.2701771577181,3631.490735259801,0.18184367166525379,0.027753918141827526,94.35468903908279,113.04928107362419,1996.4298043613306,0.9574260101087445,0.18091950304398067,127.9449892298014,153.48888778164574,2708.676625459838,0.18156402702351288,0.03430915098705839,66.90781970690412,80.2487982093676,1409.3950264590422,0.0,0.0,7.411142843182832,8.926763700215233,133.67714714983277,0.0,0.0,10.57156844026483,12.643669331737489,232.98520880640633,0.0,0.0,74.95555569819364,90.08797518225254,1447.4879625451745,0.0,0.0,44.70967690259013,54.14425548102921,667.5993486909546,0.0,0.0,15.784868691543914,18.95480823740239,311.5687950018644,38.83000991040663,26.632379911115689,189.59956258071584,228.2518701394881,4316.461044788086,0.0,0.0,56.85678933745123,69.22661458681853,674.5956048625728,0.0,18.384828025067259,40.598334397476929,22.000000000000019,30.00000000000002,0.0,18.47485536077296,40.28333278590418,12.00000000000001,30.00000000000002,0.0,18.422323030817276,40.62735682047375,22.000000000000019,30.00000000000002,0.0,18.429715275289266,40.45549134322815,12.00000000000001,30.00000000000002,0.0,16.881216846282169,45.264921280948268,12.00000000000001,30.00000000000002,0.0,18.928550353871253,39.75607486183751,12.00000000000001,30.00000000000002,0.0,17.529478930834473,43.07185643752562,10.000000000000007,30.00000000000002,0.0,15.312179533970549,49.966507594048767,12.00000000000001,30.00000000000002,0.0,17.748069499853697,42.968089839507459,20.000000000000015,30.00000000000002,0.0,17.24083327545864,0.0,0.0,0.0,13.765539938446363,0.0,0.0,471.1189969544219,462.6098589549491,482.58460926144326,474.5215378701725,519.5002135871193,865.4555808654125,503.6978092073224,570.4580048688295,795.9372963018191,0.0,84.30155533825209,84.30155533825209,60.00000000000004,0.0,60.00000000000004,60.00000000000004,12.0,12.0,12.0,19.0,12.0,12.0,21.0,10.0,0.0,0.0,0.0,0.0,0.0,0.0,0.0,0.0,0.0,0.0,0.0,0.0,0.0,84.30155533825209,84.30155533825209,0.0,0.0,0.0,84.30155533825209,0.0,0.0,0.0008233333333333334 
 03/19  03:10:00,7.98,78.0,5.91,0.0,0.0,0.0,0.0,0.0,2.0,2.0,0.0,0.0,0.0,0.0,0.0,1268.0,0.0,0.0,0.0,0.0,0.0,0.0,0.0,0.0,0.0,0.0,0.0,18.6300391860809,-209.42923329180986,18.69980997565257,-97.62449691552547,18.61028723311825,-76.56973678953273,18.582235052489886,-7.188927070137225,16.86568395325982,-1.9697627875786737,18.694605693834597,-24.856278901378148,17.505311335408395,-7.738294815081417,15.601043179079778,-138.99326604760575,17.61484287589372,-48.54194492155483,276.5451261598996,458.42913703925276,0.0,0.0,0.0,0.0,0.0,0.0,0.0,0.0,0.0,0.0,0.0,0.0,0.0,0.0,0.0,0.0,0.0,0.0,0.0,0.0,0.0,0.0,0.9910011756601136,0.30250341137366107,140.61106266335134,168.40993453430264,2946.0531249319985,0.186368885693808,0.02844457962359707,78.80784636936306,94.36514276821549,1670.426700833248,0.953419840648124,0.18016247933638028,38.42633990596239,46.004397427248047,833.2284934030244,0.18549301053987139,0.035051589293248548,3.1380604878187308,3.755610968555483,70.43438932339328,0.0,0.0,7.536405076772598,9.071396108384676,136.13089945323135,0.0,0.0,10.530654189325832,12.588164528554936,232.02512214189603,0.0,0.0,76.19905284937926,91.52177909675648,1472.1503373129584,0.0,0.0,44.87092224008653,54.31086495970411,669.0664463969545,0.0,0.0,16.053692533604595,19.265103952790797,317.7027404594357,39.01005096512433,26.755864859481716,87.89712932103298,105.78613684090196,2284.296862053473,0.0,0.0,57.080669680883818,69.46137172131393,676.6806415245087,0.0,18.294180566706836,40.67433912787493,22.0,30.0,0.0,18.44793399680158,40.29580478543578,12.0,30.0,0.0,18.45195336240248,40.415078103538309,22.0,30.0,0.0,18.466817003144663,40.28263053970644,12.0,30.0,0.0,16.852158603460269,45.226179390628129,12.0,30.0,0.0,18.882808319848239,39.75493465569878,12.0,30.0,0.0,17.4917441250433,43.112596922875457,10.0,30.0,0.0,15.259808257811783,50.01659569717059,12.0,30.0,0.0,17.731891233775877,42.88484773502205,20.0,30.0,0.0,16.839654064673007,0.0,0.0,0.0,13.71907591555971,0.0,0.0,465.2083147682081,463.24745862143279,480.95845777198317,477.49450416879918,519.0327779043519,858.1490595715553,503.5344373831374,573.369025696682,786.8396521523637,0.0,84.30155533825202,84.30155533825202,60.0,0.0,60.0,60.0,12.0,12.0,12.0,19.0,12.0,12.0,21.0,10.0,0.0,0.0,0.0,0.0,0.0,0.0,0.0,0.0,0.0,0.0,0.0,0.0,0.0,84.30155533825202,84.30155533825202,0.0,0.0,0.0,84.30155533825202,0.0,0.0,0.00083 
 03/19  03:20:00,7.9399999999999999,78.0,5.960000000000001,0.0,0.0,0.0,0.0,0.0,2.0,2.0,0.0,0.0,0.0,0.0,0.0,1268.0,0.0,0.0,0.0,0.0,0.0,0.0,0.0,0.0,0.0,0.0,0.0,18.469293071968055,-85.24345830494895,18.66875748353246,-211.9940408535249,18.52737090655667,-249.6141293542787,18.472371945528538,-159.18123184361549,16.83837880940886,-2.6114084956121674,18.651532197248448,-25.158183312764807,17.457175310229169,-40.132559137642378,15.553289629518588,-140.45319397526533,17.598383928738607,-48.85897880785171,497.47258978404627,456.00942107277106,0.0,0.0,0.0,0.0,0.0,0.0,0.0,0.0,0.0,0.0,0.0,0.0,0.0,0.0,0.0,0.0,0.0,0.0,0.0,0.0,0.0,0.0,1.0010685011303569,0.305576465546507,368.2157505422823,441.23222722623486,7595.865027606769,0.17218828597975423,0.026280263427923418,198.83235940087602,237.97077955774203,4210.265402677298,0.9037240612710292,0.170771742492636,320.3790651057442,383.722211411265,6745.431029498403,0.16700912361246116,0.03155879130998887,171.24183123095987,205.22453243258873,3578.4373829569988,0.0,0.0,7.117147234630303,8.57063026853471,128.7518685543367,0.0,0.0,11.061136225307522,13.223748417196259,243.64291597103654,0.0,0.0,69.1963500529239,83.15499027290776,1335.0880658060162,0.0,0.0,44.622660284597667,54.02299632381094,664.4851203825026,0.0,0.0,18.832059686511746,22.59984651941687,373.57944621371999,39.15568760779483,26.85575281741759,492.9726584260329,592.1132281046567,10287.402175461586,0.0,0.0,56.726718883684309,69.04731696477009,671.0070404850128,0.0,18.06679521823972,41.17587353701151,22.0,30.0,0.0,18.433006724783377,40.237364322778848,12.0,30.0,0.0,18.331348850596645,40.45717421280634,22.0,30.0,0.0,18.275440329299224,40.59945206441744,12.0,30.0,0.0,16.824184612250638,45.171046172158948,12.0,30.0,0.0,18.838037751593139,39.75233927233731,12.0,30.0,0.0,17.4307663942416,43.111936589637647,10.0,30.0,0.0,15.20873435662237,50.00886537688177,12.0,30.0,0.0,17.714621971407497,42.77090385277773,20.0,30.0,0.0,17.488404023623319,0.0,0.0,0.0,13.665314008503597,0.0,0.0,465.7739288473635,464.2228054705396,466.20902041758316,464.90173220288036,518.8591303099678,850.9362416711369,506.35589690281327,580.4837838980494,771.1644455890956,0.0,84.30155533825202,84.30155533825202,60.0,0.0,60.0,60.0,12.0,12.0,12.0,19.0,12.0,12.0,21.0,10.0,0.0,0.0,0.0,0.0,0.0,0.0,0.0,0.0,0.0,0.0,0.0,0.0,0.0,84.30155533825202,84.30155533825202,0.0,0.0,0.0,84.30155533825202,0.0,0.0,0.0008400000000000001 
 03/19  03:30:00,7.9,78.0,6.01,0.0,0.0,0.0,0.0,0.0,2.0,2.0,0.0,0.0,0.0,0.0,0.0,634.0,0.0,0.0,0.0,0.0,0.0,0.0,0.0,0.0,0.0,0.0,0.0,18.468170382817705,-160.90346101138494,18.62203475191324,-48.784783056443078,18.486315219039665,-36.40995326892153,18.39132022308848,-169.59479878258845,16.80818172208461,-2.0374485966849535,18.604570500463916,-27.23826398707365,17.4159669922499,-5.721392023010139,15.505363268251064,-136.87624926992408,17.579499425582108,-51.26232963890459,419.21876055830219,459.8121834822555,0.0,0.0,0.0,0.0,0.0,0.0,0.0,0.0,0.0,0.0,0.0,0.0,0.0,0.0,0.0,0.0,0.0,0.0,0.0,0.0,0.0,0.0,0.9812001074776043,0.29951163231917107,151.58943804337944,181.33505730639718,3150.0626606240036,0.18140845922121955,0.02768749377613241,29.910022660228198,35.740974792750758,639.432517673672,0.9856119283152777,0.18624564027121658,216.9047374029464,259.2502203793716,4593.850915993724,0.18278701710783186,0.034540252665879029,116.70427330780872,139.57218548148337,2429.012974528723,0.0,0.0,7.646725541904848,9.18737066644756,138.48914629077474,0.0,0.0,11.19046329675989,13.353380202412277,246.3322795478131,0.0,0.0,76.0941185853452,91.24085404262476,1467.5088099017717,0.0,0.0,44.95511608065293,54.31861196088693,668.7088809317384,0.0,0.0,18.052287401106445,21.621884228962874,358.9281879418581,39.38077650183658,27.010134774922219,215.2606113709377,258.3032507332318,4805.276936204629,0.0,0.0,57.15722898960487,69.43471643838065,675.5350781435624,0.0,18.102963363775517,40.88846975270673,22.0,30.0,0.0,18.41222389881696,40.12694868428275,12.0,30.0,0.0,18.326755516365205,40.636394196444808,22.0,30.0,0.0,18.171770061989599,40.69133916010418,12.0,30.0,0.0,16.790791465420729,45.12269383876357,12.0,30.0,0.0,18.78536829208894,39.74212555328948,12.0,30.0,0.0,17.38838602221971,43.2524133689815,10.0,30.0,0.0,15.157200080841188,50.08901378820505,12.0,30.0,0.0,17.69310810505673,42.674892558143117,20.0,30.0,0.0,17.206191715308944,0.0,0.0,0.0,13.617646285031793,0.0,0.0,457.3065696079861,456.5810986537835,478.25312322048179,455.4052776895469,520.2011274666412,840.1405090692002,508.182997046088,584.594633049309,763.1064728945247,0.0,84.30155533825202,84.30155533825202,60.0,0.0,60.0,60.0,12.0,12.0,12.0,19.0,12.0,12.0,21.0,10.0,0.0,0.0,0.0,0.0,0.0,0.0,0.0,0.0,0.0,0.0,0.0,0.0,0.0,84.30155533825202,84.30155533825202,0.0,0.0,0.0,84.30155533825202,0.0,0.0,0.00085 
 03/19  03:40:00,7.859999999999999,78.0,6.0600000000000009,0.0,0.0,0.0,0.0,0.0,2.0,2.0,0.0,0.0,0.0,0.0,0.0,1268.0,0.0,0.0,0.0,0.0,0.0,0.0,0.0,0.0,0.0,0.0,0.0,18.477229248297588,-87.87837866825203,18.539463578202136,-186.0536040267658,18.37326974620835,-196.8971045991816,18.373444584008973,-83.81948238157497,16.783569942947645,-2.549012967597818,18.56760758633572,-25.547462567192328,17.37575000665999,-23.069871715622868,15.465057123927594,-140.69676912799924,17.563468886726349,-51.78600639213255,452.6168623020335,465.4249355251011,0.0,0.0,0.0,0.0,0.0,0.0,0.0,0.0,0.0,0.0,0.0,0.0,0.0,0.0,0.0,0.0,0.0,0.0,0.0,0.0,0.0,0.0,0.9722547940765327,0.2967810726729343,203.12166220677498,243.50970751526047,4273.019206025769,0.17258742436581227,0.026341181985014084,92.4599047105854,110.93921184025223,1948.8054415476939,0.9540951373370021,0.18029008642044642,211.69400496844686,253.7145025333584,4422.90592466938,0.18703962365539879,0.035343844228155469,115.13143393306722,137.9634731951167,2411.7455862958915,0.0,0.0,7.367738576345673,8.871285919318883,133.6709643883707,0.0,0.0,11.236129908246597,13.438522412118264,247.46707714965687,0.0,0.0,73.44200772109294,88.25996688174533,1415.0075386039455,0.0,0.0,45.176182185241788,54.71079078080958,672.129900929284,0.0,0.0,18.21966646268961,21.87072139185203,363.0961446967108,39.58300495100363,27.148837414954487,265.57101197181165,319.3960765283977,5817.783011510621,0.0,0.0,57.42450212090192,69.92023276520684,677.9828445493376,0.0,18.194666579826796,40.68110977113969,22.0,30.0,0.0,18.287261372719209,40.312196679770227,12.0,30.0,0.0,18.140523640307053,40.83919145346948,22.0,30.0,0.0,18.201991209406637,40.73785007255991,12.0,30.0,0.0,16.76869305909198,45.1246044457674,12.0,30.0,0.0,18.753269805499554,39.751875869716929,12.0,30.0,0.0,17.340555738793634,43.178860041300698,10.0,30.0,0.0,15.120029074123721,50.0964869594622,12.0,30.0,0.0,17.67846303868365,42.650313814170718,20.0,30.0,0.0,17.250847769292407,0.0,0.0,0.0,13.572507114503356,0.0,0.0,461.09609672100836,451.9790541491981,463.88367772136726,465.81190876051689,520.6329093217121,834.7285484453241,502.877552370571,584.1020829130262,761.9453922016601,0.0,84.30155533825202,84.30155533825202,60.0,0.0,60.0,60.0,12.0,12.0,12.0,19.0,12.0,12.0,21.0,10.0,0.0,0.0,0.0,0.0,0.0,0.0,0.0,0.0,0.0,0.0,0.0,0.0,0.0,84.30155533825202,84.30155533825202,0.0,0.0,0.0,84.30155533825202,0.0,0.0,0.00086 
 03/19  03:50:00,7.819999999999999,78.0,6.11,0.0,0.0,0.0,0.0,0.0,2.0,2.0,0.0,0.0,0.0,0.0,0.0,634.0,0.0,0.0,0.0,0.0,0.0,0.0,0.0,0.0,0.0,0.0,0.0,18.49399121680822,-21.710293742823525,18.425102542778878,-264.14862062399245,18.289288525606634,-215.83524146911214,18.373921351960747,-6.3901794718294699,16.752745132243257,-2.431396492750366,18.52140491691638,-24.68429296284171,17.32690963222172,-28.5935572823023,15.415729388895194,-138.17941230385373,17.542555302534596,-51.72763625846608,412.6284947460226,470.1874973927172,0.0,0.0,0.0,0.0,0.0,0.0,0.0,0.0,0.0,0.0,0.0,0.0,0.0,0.0,0.0,0.0,0.0,0.0,0.0,0.0,0.0,0.0,0.9697559940092646,0.2960183131896412,184.42858628065134,220.48352080636085,3923.8895709614996,0.16945601772087147,0.025863250567898577,133.64097887286884,159.86619949791365,2788.6876878062614,0.9426895574209471,0.17813483700320247,108.58306273374126,129.92883805192145,2263.861048592213,0.18682766999259099,0.03530379251560675,60.12484838225271,71.88538044399118,1272.3191194224326,0.0,0.0,7.243063770478097,8.70450894566306,131.553968319124,0.0,0.0,11.370523065147367,13.572883010772602,250.29889890772697,0.0,0.0,71.73678159036749,86.05637722372674,1379.5283564543339,0.0,0.0,45.23594343952125,54.678384074054637,671.9943711850068,0.0,0.0,18.837082008684904,22.56603539532545,376.17331033677928,39.74174759408402,27.25771439923459,193.06199934682759,231.78678677196508,4366.95691637863,0.0,0.0,57.51346942740652,69.89307770501233,678.50614473447,0.0,18.28543549800702,40.424309468098318,22.0,30.0,0.0,18.11934813897113,40.60986917617401,12.0,30.0,0.0,18.031768640953414,40.88018764843382,22.0,30.0,0.0,18.250033779848786,40.6687946188877,12.0,30.0,0.0,16.734464099611789,45.10789514434209,12.0,30.0,0.0,18.70228177812413,39.76079598734007,12.0,30.0,0.0,17.277577595823187,43.206218340743259,10.0,30.0,0.0,15.065153804188224,50.16393119534296,12.0,30.0,0.0,17.654706927828327,42.59883751543146,20.0,30.0,0.0,17.066090928572938,0.0,0.0,0.0,13.525237092548583,0.0,0.0,460.99540094339155,449.61501616920045,457.17966525918447,470.4458589375825,520.1020651504874,826.5094909686596,499.8354607855781,581.722278414275,757.0242003338032,0.0,84.30155533825202,84.30155533825202,60.0,0.0,60.0,60.0,12.0,12.0,12.0,19.0,12.0,12.0,21.0,10.0,0.0,0.0,0.0,0.0,0.0,0.0,0.0,0.0,0.0,0.0,0.0,0.0,0.0,84.30155533825202,84.30155533825202,0.0,0.0,0.0,84.30155533825202,0.0,0.0,0.00088 
 03/19  04:00:00,7.78,78.0,6.16,0.0,0.0,0.0,0.0,0.0,2.0,2.0,0.0,0.0,0.0,0.0,0.0,1902.0,0.0,0.0,0.0,0.0,0.0,0.0,0.0,0.0,0.0,0.0,0.0,18.361769956216877,-134.93583169838889,18.397582730036505,-126.85952423934057,18.294115450822785,-57.998029062476287,18.298077363674726,-162.1444086080821,16.728932596395468,-2.728114726073786,18.485282382186996,-27.544923573494154,17.298923225460308,-24.52324501876094,15.376690676229263,-142.76273857889295,17.525731545746156,-54.10560585830157,388.62060965295998,471.28840167537046,0.0,0.0,0.0,0.0,0.0,0.0,0.0,0.0,0.0,0.0,0.0,0.0,0.0,0.0,0.0,0.0,0.0,0.0,0.0,0.0,0.0,0.0,0.987366108197151,0.3013938059209865,171.32025583652067,205.74408543116449,3573.98511688054,0.1821200549643047,0.02779610118502821,94.413799948784,113.26864361181639,1982.6864632286047,0.9466677681844236,0.17888657751028434,131.57481295193683,158.00843483951773,2768.6732124989055,0.1780353424990495,0.03364235496958609,72.7663695073536,87.36244006615162,1524.4370117203144,0.0,0.0,7.50729424240285,9.049026649790358,136.61186496366464,0.0,0.0,11.415765488058387,13.667036223803258,251.41957611182489,0.0,0.0,73.22412065461762,88.10143389728126,1410.6589327457485,0.0,0.0,45.43557122255823,55.084308062530769,675.2316754775268,0.0,0.0,19.853489868511138,23.85149625677929,397.324774861449,39.92244854995748,27.38165195470338,194.1792386822504,234.0359733162453,4389.490808566657,0.0,0.0,57.742858731359238,70.38589391375602,679.8003830862139,0.0,18.055206904440117,40.868060227100418,22.000000000000019,30.00000000000002,0.0,18.14353307412682,40.558057763658727,12.00000000000001,30.00000000000002,0.0,18.108424166760729,40.810403250299149,22.000000000000019,30.00000000000002,0.0,18.12408919232974,40.62522998691029,12.00000000000001,30.00000000000002,0.0,16.714462324755869,45.08656822960207,12.00000000000001,30.00000000000002,0.0,18.671173844347984,39.77208135580241,12.00000000000001,30.00000000000002,0.0,17.257288784006655,43.22205684541032,10.000000000000007,30.00000000000002,0.0,15.030221246029953,50.18391958349768,12.00000000000001,30.00000000000002,0.0,17.639621348260307,42.5598066337493,20.000000000000015,30.00000000000002,0.0,16.93215152962651,0.0,0.0,0.0,13.474724292628185,0.0,0.0,458.53925862807736,452.9946331393004,465.45884893699556,453.5599155894671,519.063018285635,823.3349056629991,499.82613890888,582.240843005061,751.198116891537,0.0,84.30155533825209,84.30155533825209,60.00000000000004,0.0,60.00000000000004,60.00000000000004,12.0,12.0,12.0,19.0,12.0,12.0,21.0,10.0,0.0,0.0,0.0,0.0,0.0,0.0,0.0,0.0,0.0,0.0,0.0,0.0,0.0,84.30155533825209,84.30155533825209,0.0,0.0,0.0,84.30155533825209,0.0,0.0,0.0009000000000000001 
 03/19  04:10:00,7.738333333333333,77.66666666666667,6.168333333333334,0.0,0.0,0.0,0.0,0.0,2.0,2.0,0.0,0.0,0.0,0.0,0.0,1268.0,0.0,0.0,0.0,0.0,0.0,0.0,0.0,0.0,0.0,0.0,0.0,18.291953170036927,-196.25179465694874,18.356436868229737,-91.66387192326465,18.277610560979725,-85.5101992361997,18.257534335061125,-82.46863091555416,16.69962909273174,-2.6509710218792295,18.44126920068858,-27.70471534944889,17.260295892942076,-18.15932557106362,15.329137006352486,-142.34587577459184,17.504389903485114,-55.39780966407886,316.9731254082044,474.83481442402799,0.0,0.0,0.0,0.0,0.0,0.0,0.0,0.0,0.0,0.0,0.0,0.0,0.0,0.0,0.0,0.0,0.0,0.0,0.0,0.0,0.0,0.0,0.9871206017104557,0.3013188649909816,141.28420560464424,169.4405664266559,2943.3783365220485,0.18619570052488627,0.02841814721075798,77.20502341707149,92.56327709044656,1624.637869868024,0.9460768032635558,0.17877490613445885,63.897938592373737,76.55935041654482,1362.6869373289556,0.18345356739914765,0.03466620699152449,26.133243650466388,31.28044262528519,550.4520178819109,0.0,0.0,7.613723760927314,9.171494337064765,138.75121775536335,0.0,0.0,11.432796974646904,13.68136251632022,251.75665784389759,0.0,0.0,74.33461626133868,89.38256364535937,1432.566666827091,0.0,0.0,45.5483039741642,55.19465009532229,676.2012363483045,0.0,0.0,19.717830094988775,23.67797830183398,395.4361830061418,39.9538814166021,27.403210848149599,111.26235045464509,133.98391938873196,2741.089512774333,0.0,0.0,57.87529075369952,70.51392269494164,680.3962356010699,0.0,17.97521850191888,40.88625782975994,22.0,30.0,0.0,18.116538199737528,40.56095452194213,12.0,30.0,0.0,18.120168163006043,40.62482661773692,22.0,30.0,0.0,18.102515194397314,40.50683566284969,12.0,30.0,0.0,16.683717918498617,45.06503575944979,12.0,30.0,0.0,18.62429878243124,39.79148861170668,12.0,30.0,0.0,17.21665950116796,43.26527732360701,10.0,30.0,0.0,14.978592660579979,50.238679963319,12.0,30.0,0.0,17.616215222558716,42.5130864812174,20.0,30.0,0.0,16.632036404899887,0.0,0.0,0.0,13.423043297554785,0.0,0.0,456.1114449190036,453.63919237617787,464.8262188062072,449.3286879755669,517.9170529142607,818.3307510090672,500.17713172873899,582.6629407364289,743.962642677534,0.0,84.30155533825202,84.30155533825202,60.0,0.0,60.0,60.0,12.0,12.0,12.0,19.0,12.0,12.0,21.0,10.0,0.0,0.0,0.0,0.0,0.0,0.0,0.0,0.0,0.0,0.0,0.0,0.0,0.0,84.30155533825202,84.30155533825202,0.0,0.0,0.0,84.30155533825202,0.0,0.0,0.00092 
 03/19  04:20:00,7.696666666666667,77.33333333333334,6.176666666666668,0.0,0.0,0.0,0.0,0.0,2.0,2.0,0.0,0.0,0.0,0.0,0.0,1268.0,0.0,0.0,0.0,0.0,0.0,0.0,0.0,0.0,0.0,0.0,0.0,18.146940356977106,-73.88883532030741,18.32573027427137,-204.0742627514269,18.19233570471482,-254.30600084953313,18.145625555211294,-133.9801167712726,16.670950001499024,-3.1362965983674799,18.3983389507077,-27.740349124675704,17.213833841700635,-45.6915731558463,15.28159082016363,-144.56862049664665,17.482344723242187,-56.590792379004657,497.6309295975907,473.54733033781499,0.0,0.0,0.0,0.0,0.0,0.0,0.0,0.0,0.0,0.0,0.0,0.0,0.0,0.0,0.0,0.0,0.0,0.0,0.0,0.0,0.0,0.0,0.9885853678483041,0.30176598530168016,353.527859890768,424.19473803832957,7258.767497027842,0.16873869422313216,0.025753768959574508,180.22733628094898,215.9782807766279,3787.0859983792895,0.9203953550269308,0.17392202475943523,335.834398928805,402.8209027650632,7021.174426394386,0.1704548411481669,0.032209909514014898,182.70004145568289,219.26680393449318,3782.7066941770829,0.0,0.0,7.167159255711306,8.637564623518014,130.81911770422213,0.0,0.0,11.843239700640084,14.174904294411727,260.77135520463949,0.0,0.0,68.7306605318417,82.68867443142506,1323.5205781245705,0.0,0.0,45.358412522076509,54.97986511755012,672.6062907558495,0.0,0.0,22.395650516252127,26.895398608561128,449.9914128041959,39.931072642442817,27.3875669701254,489.13051726094076,588.3096646400368,10159.087930074675,0.0,0.0,57.5449655433643,70.13228107205049,674.8610047597626,0.0,17.774079174993319,41.3098918860308,22.0,30.0,0.0,18.100700859031009,40.47457120530078,12.0,30.0,0.0,17.994646922685278,40.735311504070228,22.0,30.0,0.0,17.92429208781869,40.89248420379737,12.0,30.0,0.0,16.654392287247974,45.013247008537309,12.0,30.0,0.0,18.57956319842978,39.79134751741091,12.0,30.0,0.0,17.16040454644701,43.21395100198927,10.0,30.0,0.0,14.926817939184624,50.22404014924794,12.0,30.0,0.0,17.592099805244787,42.42642412580099,20.0,30.0,0.0,17.167201029857116,0.0,0.0,0.0,13.366027343965655,0.0,0.0,456.06410870975437,455.4176543542502,457.9201168477224,455.0367330148639,517.1583960622229,813.785832321895,501.6251736744188,584.555358166089,732.7149140795146,0.0,84.30155533825202,84.30155533825202,60.0,0.0,60.0,60.0,12.0,12.0,12.0,19.0,12.0,12.0,21.0,10.0,0.0,0.0,0.0,0.0,0.0,0.0,0.0,0.0,0.0,0.0,0.0,0.0,0.0,84.30155533825202,84.30155533825202,0.0,0.0,0.0,84.30155533825202,0.0,0.0,0.0009266666666666668 
 03/19  04:30:00,7.655,77.0,6.1850000000000009,0.0,0.0,0.0,0.0,0.0,2.0,2.0,0.0,0.0,0.0,0.0,0.0,634.0,0.0,0.0,0.0,0.0,0.0,0.0,0.0,0.0,0.0,0.0,0.0,18.126660728556137,-158.15801414030194,18.281980984678186,-41.56625336619527,18.15270443245769,-35.94014817419884,18.084061604156895,-163.80763513041439,16.639342238146058,-2.6941798567150387,18.35178089005006,-29.321680022293493,17.171373598753136,-16.356787353628989,15.234079510684098,-140.82248408778015,17.457817610103385,-58.14902493126476,417.9726081484996,477.9038639030564,0.0,0.0,0.0,0.0,0.0,0.0,0.0,0.0,0.0,0.0,0.0,0.0,0.0,0.0,0.0,0.0,0.0,0.0,0.0,0.0,0.0,0.0,0.9776777442743403,0.29843642987617227,156.14741269097656,187.06025413736058,3220.597471007157,0.18053474756364766,0.027554143401045125,29.01771272894174,34.724568170317,616.2971111386389,0.9870047972443649,0.1865088430166979,219.78671993952603,263.0749766175459,4620.838607693297,0.18355229178643268,0.03468486239350579,116.20483648070183,139.17187588712953,2404.251820507793,0.0,0.0,7.644421869489896,9.192827427781439,139.69737200943994,0.0,0.0,11.864629070214264,14.17476787304443,261.13287941680229,0.0,0.0,74.28379305400132,89.1804977343901,1430.043361677477,0.0,0.0,45.638146362347679,55.21449205659662,676.194366821152,0.0,0.0,21.50655369267903,25.778763932711873,432.8990668075687,39.99257994323961,27.429753047489457,218.07110832288707,262.05112313676508,4835.824453740902,0.0,0.0,57.88372150307402,70.4127275967,678.1578129669135,0.0,17.77088633999781,41.06990716504311,22.0,30.0,0.0,18.083353598849226,40.34592849818094,12.0,30.0,0.0,17.99247423761391,40.92462117874652,22.0,30.0,0.0,17.85281584952048,40.826484262002718,12.0,30.0,0.0,16.619505990650425,44.960406766128148,12.0,30.0,0.0,18.52734513172237,39.78003797896138,12.0,30.0,0.0,17.11602209136226,43.39012853556309,10.0,30.0,0.0,14.875273671674613,50.29249585449518,12.0,30.0,0.0,17.56354476937951,42.357021731592848,20.0,30.0,0.0,16.884524119727705,0.0,0.0,0.0,13.31558479007935,0.0,0.0,451.168136476842,451.24404852967788,466.17653520443118,447.0628042637415,517.5771025508503,807.7971467782718,501.95350924203356,585.7663406374408,727.7346244947808,0.0,84.30155533825202,84.30155533825202,60.0,0.0,60.0,60.0,12.0,12.0,12.0,19.0,12.0,12.0,21.0,10.0,0.0,0.0,0.0,0.0,0.0,0.0,0.0,0.0,0.0,0.0,0.0,0.0,0.0,84.30155533825202,84.30155533825202,0.0,0.0,0.0,84.30155533825202,0.0,0.0,0.0009333333333333333 
 03/19  04:40:00,7.613333333333333,76.66666666666667,6.193333333333333,0.0,0.0,0.0,0.0,0.0,2.0,2.0,0.0,0.0,0.0,0.0,0.0,1268.0,0.0,0.0,0.0,0.0,0.0,0.0,0.0,0.0,0.0,0.0,0.0,18.13481962758963,-87.18382157900988,18.200071675143357,-178.0788804760012,18.043896605442194,-192.49405597870328,18.06680710989786,-92.23075872808363,16.613557886327308,-3.202592610211539,18.315257183180216,-27.834484899133345,17.12899514332819,-33.13781619985616,15.194243093465222,-144.72725673063008,17.438082749961148,-58.72430922461865,450.95584699374379,481.9556425109221,0.0,0.0,0.0,0.0,0.0,0.0,0.0,0.0,0.0,0.0,0.0,0.0,0.0,0.0,0.0,0.0,0.0,0.0,0.0,0.0,0.0,0.0,0.9728468797679846,0.2969618070109843,204.45144269866376,245.4632736694595,4270.338444073296,0.17263040574599265,0.026347742024724155,91.49697482347949,109.95090039061644,1915.151262471105,0.9523876079321023,0.179967424023451,212.60555445487715,255.16784353111985,4413.454928364728,0.18558278474709748,0.035068553429156729,116.96722172475219,140.3509718542835,2435.1624060172355,0.0,0.0,7.331140609470783,8.83522482505351,134.22208116386626,0.0,0.0,11.91199834958394,14.264005013704712,262.3737935158041,0.0,0.0,71.4384923455195,85.96125959990968,1373.919677527941,0.0,0.0,45.737887908746859,55.46270471852944,678.0131203241938,0.0,0.0,22.013187749600325,26.445398692391437,444.05349730394689,40.039580046901139,27.46198905823124,267.112227099121,321.703823564161,5818.372899334514,0.0,0.0,57.9782523194055,70.69228000868699,678.2690078795579,0.0,17.859683463602058,40.86885525567324,22.0,30.0,0.0,17.95772505649545,40.47231715048528,12.0,30.0,0.0,17.813696317571,41.03069550437452,22.0,30.0,0.0,17.880861468057846,40.89525695278273,12.0,30.0,0.0,16.59640556438727,44.96702966098754,12.0,30.0,0.0,18.49559894187759,39.79054891308442,12.0,30.0,0.0,17.065858270444477,43.2875627887786,10.0,30.0,0.0,14.838295378023384,50.29137081037163,12.0,30.0,0.0,17.545329385526295,42.3413057813234,20.0,30.0,0.0,16.933791389672707,0.0,0.0,0.0,13.266084880881684,0.0,0.0,454.2871181518861,448.35966897653148,457.5157410530591,455.66088285173296,517.4433500372504,804.347663585761,499.89329219959367,585.4345056907619,724.9396695968173,0.0,84.30155533825202,84.30155533825202,60.0,0.0,60.0,60.0,12.0,12.0,12.0,19.0,12.0,12.0,21.0,10.0,0.0,0.0,0.0,0.0,0.0,0.0,0.0,0.0,0.0,0.0,0.0,0.0,0.0,84.30155533825202,84.30155533825202,0.0,0.0,0.0,84.30155533825202,0.0,0.0,0.00094 
 03/19  04:50:00,7.571666666666667,76.33333333333333,6.201666666666666,0.0,0.0,0.0,0.0,0.0,2.0,2.0,0.0,0.0,0.0,0.0,0.0,634.0,0.0,0.0,0.0,0.0,0.0,0.0,0.0,0.0,0.0,0.0,0.0,18.153699983262297,-18.278849698418527,18.084105618314554,-264.7366735214209,17.951036221244246,-227.591388559576,18.069337137462506,-7.90761278716991,16.581289498219716,-3.0718157416696956,18.269661884690515,-26.895882985134337,17.077498126827849,-38.366595207891808,15.145402675821839,-142.14244057036559,17.412678008134,-58.718270009172218,420.7122157590529,485.82785062583528,0.0,0.0,0.0,0.0,0.0,0.0,0.0,0.0,0.0,0.0,0.0,0.0,0.0,0.0,0.0,0.0,0.0,0.0,0.0,0.0,0.0,0.0,0.9685988788210429,0.2956651034252268,194.90682481451,233.36875448999136,4118.444105040484,0.16881321326606736,0.02576514243987597,137.3194552172628,164.5262309408353,2845.2212407633126,0.9390001837855228,0.17743767645229084,119.1711194539769,142.8294913001214,2462.349642291569,0.18626949791526083,0.035198317822233707,62.87716094606885,75.28754450674501,1323.4182189322033,0.0,0.0,7.156494910656837,8.608992478799373,131.1760654408968,0.0,0.0,12.038203892676288,14.388258424366758,265.0846902823999,0.0,0.0,69.69554889723065,83.7218264074946,1337.6734660761047,0.0,0.0,45.71437144956779,55.332212722826238,676.8389210302086,0.0,0.0,22.665123846392658,27.175723874967216,457.9925014902864,40.04296672220116,27.464311880796413,208.0972984634625,250.18738895123253,4645.721117163662,0.0,0.0,57.9348193586392,70.50870422654141,677.0686204320717,0.0,17.9540825447927,40.62715893779548,22.0,30.0,0.0,17.784479059163869,40.67531622860551,12.0,30.0,0.0,17.685489309984079,40.97546279597143,22.0,30.0,0.0,17.933368598907554,40.863437448884209,12.0,30.0,0.0,16.560623047009569,44.95351604886158,12.0,30.0,0.0,18.445306079280173,39.79302108329675,12.0,30.0,0.0,16.999490585471006,43.25331414460272,10.0,30.0,0.0,14.783760352086058,50.352991232464578,12.0,30.0,0.0,17.516213086530983,42.29776810563855,20.0,30.0,0.0,16.789058221719868,0.0,0.0,0.0,13.215547131445833,0.0,0.0,455.8511550946611,446.7172526120747,453.48502322044217,461.44962890240518,516.7832166497088,799.1038563390205,497.9373244200029,583.9223850820753,719.4420118467878,0.0,84.30155533825202,84.30155533825202,60.0,0.0,60.0,60.0,12.0,12.0,12.0,19.0,12.0,12.0,21.0,10.0,0.0,0.0,0.0,0.0,0.0,0.0,0.0,0.0,0.0,0.0,0.0,0.0,0.0,84.30155533825202,84.30155533825202,0.0,0.0,0.0,84.30155533825202,0.0,0.0,0.00093 
 03/19  05:00:00,7.53,76.0,6.21,0.0,0.0,0.0,0.0,0.0,2.0,2.0,0.0,0.0,0.0,0.0,0.0,1902.0,0.0,0.0,0.0,0.0,0.0,0.0,0.0,0.0,0.0,0.0,0.0,18.023278684949028,-131.0355844788185,18.05884154344712,-115.73584368542342,17.961883495652218,-50.746857725749169,17.99115593164602,-172.24820116066628,16.556376665811436,-3.373034622647758,18.233976215840877,-29.878979060357368,17.04869676043393,-33.19843951523507,15.106603683022133,-147.02944910759363,17.392664627044085,-61.44321095400366,385.35244428698476,486.52016270503477,0.0,0.0,0.0,0.0,0.0,0.0,0.0,0.0,0.0,0.0,0.0,0.0,0.0,0.0,0.0,0.0,0.0,0.0,0.0,0.0,0.0,0.0,0.9877491341957763,0.3015107247239857,171.14976052791213,205.87313941996497,3547.139384332133,0.1826690414540338,0.027879890331812264,93.35125798442793,112.17976408304318,1947.9382943840879,0.9487413560261097,0.1792784119474888,139.6760218145148,167.99860195429128,2918.2341829387466,0.17691411968622387,0.03343048368976265,79.86050149916753,96.02712025736702,1663.157757812582,0.0,0.0,7.437788483560997,8.974194139421192,136.60747970810272,0.0,0.0,12.05188499357131,14.447108785691537,265.57940329870669,0.0,0.0,71.35796573939872,85.97224709644012,1372.3639270755564,0.0,0.0,45.85832779183323,55.67303200167398,679.4278469620078,0.0,0.0,23.463077416969406,28.213835158656324,475.09336077679549,40.05734713022467,27.474174986436709,201.76143816465055,243.53470834986659,4519.6183521202769,0.0,0.0,58.064738148640348,70.88320683638622,677.1820465269741,0.0,17.725678289393604,40.94560360802463,22.000000000000019,30.00000000000002,0.0,17.812456913096253,40.5964597852498,12.00000000000001,30.00000000000002,0.0,17.775111022729303,40.925263558131,22.000000000000019,30.00000000000002,0.0,17.801538911171627,40.58706053126429,12.00000000000001,30.00000000000002,0.0,16.539745019062904,44.920224805527549,12.00000000000001,30.00000000000002,0.0,18.414520017640475,39.788711784092999,12.00000000000001,30.00000000000002,0.0,16.97931519572424,43.27152043790813,10.000000000000007,30.00000000000002,0.0,14.748738085889827,50.36457914843692,12.00000000000001,30.00000000000002,0.0,17.498210702226677,42.25358103724915,20.000000000000015,30.00000000000002,0.0,16.629939525179404,0.0,0.0,0.0,13.16317729630822,0.0,0.0,453.98502489827106,449.4674732990276,459.7021334139875,447.1495730151388,515.9238389565305,797.4742501048754,498.23295453878429,584.0354234615783,714.9533119965768,0.0,84.30155533825209,84.30155533825209,60.00000000000004,0.0,60.00000000000004,60.00000000000004,12.0,12.0,12.0,19.0,12.0,12.0,21.0,10.0,0.0,0.0,0.0,0.0,0.0,0.0,0.0,0.0,0.0,0.0,0.0,0.0,0.0,84.30155533825209,84.30155533825209,0.0,0.0,0.0,84.30155533825209,0.0,0.0,0.00092 
 03/19  05:10:00,7.485,76.0,6.188333333333333,0.0,0.0,0.0,0.0,0.0,2.0,2.0,0.0,0.0,0.0,0.0,0.0,1268.0,0.0,0.0,0.0,0.0,0.0,0.0,0.0,0.0,0.0,0.0,0.0,17.954091304922124,-192.36795190816066,18.021574249399177,-87.72911220159563,17.949699296601705,-82.39040998550297,17.950825351247219,-87.27149710652104,16.5257779128398,-3.3140185498395597,18.190553796817317,-29.828532062497119,17.009204419657296,-27.610426547964154,15.059244210760406,-146.64105407901287,17.367458091583047,-62.39132554387112,311.7781478498878,489.83048020070387,0.0,0.0,0.0,0.0,0.0,0.0,0.0,0.0,0.0,0.0,0.0,0.0,0.0,0.0,0.0,0.0,0.0,0.0,0.0,0.0,0.0,0.0,0.9854490963910993,0.3008086374820206,139.11598410477098,167.0937972059376,2880.2026870150846,0.18615697037656218,0.028412236015958819,76.94554155711958,92.38843653026834,1610.2190624195446,0.9446998918542158,0.1785147187933137,63.955901676799289,76.74390304585534,1356.1823955164837,0.18292575796168743,0.034566469758444327,27.806283608100939,33.337021652528189,582.4082061400179,0.0,0.0,7.523488698718831,9.071620183329554,138.4080846060594,0.0,0.0,12.037172910380125,14.422616038403046,265.3003253000257,0.0,0.0,72.2483922527436,86.99074562938938,1390.386115187124,0.0,0.0,45.94610415451234,55.7514555845503,680.2935359097726,0.0,0.0,23.3451731416341,28.05784300673625,473.6233481955557,39.977085374142507,27.419125771016817,111.52653615503985,134.49478451837445,2735.404682023303,0.0,0.0,58.14119746793599,70.94131388799193,677.3623117709119,0.0,17.64561470742869,40.837025464181227,22.0,30.0,0.0,17.790678112839367,40.500011503190979,12.0,30.0,0.0,17.793667439581726,40.588910024145977,22.0,30.0,0.0,17.781268290643746,40.352923880017197,12.0,30.0,0.0,16.50772965197662,44.874942448875248,12.0,30.0,0.0,18.36832839903639,39.774911566750549,12.0,30.0,0.0,16.93844365192687,43.276578297453848,10.0,30.0,0.0,14.697058807397849,50.38822152222294,12.0,30.0,0.0,17.470435815633917,42.190167448341217,20.0,30.0,0.0,16.327788005457273,0.0,0.0,0.0,13.11056532221112,0.0,0.0,452.32524845117765,449.9585919408389,460.50811656545229,444.32208602204,515.0483505105635,794.7685488221081,499.0603227315482,583.9617055688075,710.0432635363255,0.0,84.30155533825202,84.30155533825202,60.0,0.0,60.0,60.0,12.0,12.0,12.0,19.0,12.0,12.0,21.0,10.0,0.0,0.0,0.0,0.0,0.0,0.0,0.0,0.0,0.0,0.0,0.0,0.0,0.0,84.30155533825202,84.30155533825202,0.0,0.0,0.0,84.30155533825202,0.0,0.0,0.0009099999999999999 
 03/19  05:20:00,7.44,76.0,6.166666666666667,0.0,0.0,0.0,0.0,0.0,2.0,2.0,0.0,0.0,0.0,0.0,0.0,1268.0,0.0,0.0,0.0,0.0,0.0,0.0,0.0,0.0,0.0,0.0,0.0,17.813721755118704,-68.819865251382,17.99050634984917,-198.98138665969874,17.867872130233449,-249.51477962513128,17.84151309896889,-135.52914309987365,16.49597934740003,-3.5273903981677394,18.148262124029885,-29.92784382394416,16.962930698840269,-52.57415237311602,15.011997117912554,-148.71983185809666,17.34169074048311,-64.75339237250444,489.75966146955309,487.77014172658076,0.0,0.0,0.0,0.0,0.0,0.0,0.0,0.0,0.0,0.0,0.0,0.0,0.0,0.0,0.0,0.0,0.0,0.0,0.0,0.0,0.0,0.0,0.9855412427707334,0.30083676519253157,354.1851240668507,425.62157312208947,7233.682858908315,0.16872296834857088,0.025751368795569428,181.8880124800946,218.30228736390459,3801.374625284301,0.9161366774410782,0.17311728598659838,338.5100539226304,406.6293939897056,7041.957141015457,0.1690109584135317,0.03193706697156683,185.47182869760844,222.92170834889917,3822.308518166112,0.0,0.0,7.077926907095451,8.538022086254446,130.44478715992,0.0,0.0,12.398649809476109,14.857742087485395,273.3323556612279,0.0,0.0,66.9300078283384,80.62748506545322,1287.6255053026067,0.0,0.0,45.67500582340777,55.43605116270652,675.8017730658562,0.0,0.0,25.463970625418285,30.606695742676018,517.5147225153739,39.841802217246499,27.326338969304879,493.45996111506198,594.3835051662047,10199.21470201584,0.0,0.0,57.68502816016547,70.4035783171591,670.6791867277434,0.0,17.451904331667217,41.18160050457209,22.0,30.0,0.0,17.772687409624209,40.35796618373632,12.0,30.0,0.0,17.673565240599375,40.588285624684029,22.0,30.0,0.0,17.608001230840693,40.73517032761758,12.0,30.0,0.0,16.47748876670486,44.77197416204356,12.0,30.0,0.0,18.324320371510987,39.72046896273184,12.0,30.0,0.0,16.883913435468658,43.10637116105708,10.0,30.0,0.0,14.64552638694478,50.29940107253803,12.0,30.0,0.0,17.44201247544965,42.058652168839589,20.0,30.0,0.0,16.860557571520127,0.0,0.0,0.0,13.052892437260585,0.0,0.0,452.389418280352,452.01604468976947,454.45560990098809,451.34964184065657,514.5580883340249,792.3285977443322,500.8832546116768,585.3291906975459,702.9411460637468,0.0,84.30155533825202,84.30155533825202,60.0,0.0,60.0,60.0,12.0,12.0,12.0,19.0,12.0,12.0,21.0,10.0,0.0,0.0,0.0,0.0,0.0,0.0,0.0,0.0,0.0,0.0,0.0,0.0,0.0,84.30155533825202,84.30155533825202,0.0,0.0,0.0,84.30155533825202,0.0,0.0,0.0009099999999999999 
 03/19  05:30:00,7.395,76.0,6.145,0.0,0.0,0.0,0.0,0.0,2.0,2.0,0.0,0.0,0.0,0.0,0.0,634.0,0.0,0.0,0.0,0.0,0.0,0.0,0.0,0.0,0.0,0.0,0.0,17.784011580420246,-160.88158494538039,17.958667566185608,-18.176715937607584,17.829853530419038,-35.270373644775649,17.77919183075918,-170.82466887152078,16.463162757168278,-3.2466192168236889,18.10247480821488,-31.227945991497394,16.919634171125673,-25.23807730478029,14.964770732879757,-145.0840632942568,17.313235469698339,-65.5098090768355,413.1963977364949,492.350106010849,0.0,0.0,0.0,0.0,0.0,0.0,0.0,0.0,0.0,0.0,0.0,0.0,0.0,0.0,0.0,0.0,0.0,0.0,0.0,0.0,0.0,0.0,0.9768070825972404,0.29817066013346779,160.18571351488934,192.201020795509,3280.8034278086659,0.1805296137360516,0.027553359849824725,23.657104585579864,28.350005935275509,501.5338120551059,0.9816823774347558,0.1855030947533553,223.43177217596256,267.82965361609026,4675.745625853693,0.18114783931274709,0.034230506294925747,122.7296161897225,147.20655764304824,2527.4838952974366,0.0,0.0,7.524285946855293,9.056970718914366,138.86323075536337,0.0,0.0,12.37948773845176,14.807925565483725,272.8898411697437,0.0,0.0,72.29190396116046,86.90259471298995,1390.7249468827147,0.0,0.0,45.97450266510932,55.69435507628252,679.9708242815603,0.0,0.0,24.742646001965939,29.68380123410673,503.6673077988457,39.794677135050189,27.29401723940343,221.62359972869388,266.696420811848,4887.338405958332,0.0,0.0,58.01639204439978,70.67534184768245,674.3456553262544,0.0,17.428465354960204,40.886581644254878,22.0,30.0,0.0,17.77732954428232,40.2141738469033,12.0,30.0,0.0,17.672727323359227,40.86776035730446,22.0,30.0,0.0,17.533947724126916,40.57489229824201,12.0,30.0,0.0,16.44143463995972,44.66105772029395,12.0,30.0,0.0,18.273105559918937,39.64378525220237,12.0,30.0,0.0,16.838848467498626,43.29457481363662,10.0,30.0,0.0,14.594224409749705,50.31542759809783,12.0,30.0,0.0,17.408856751964863,41.954887488035669,20.0,30.0,0.0,16.59251356275387,0.0,0.0,0.0,13.003564267880254,0.0,0.0,448.0531489696863,450.85722247772727,462.0318692271398,444.0541939768934,515.3055011067055,788.9061776502298,500.7011881492136,586.290081741879,701.1363056963214,0.0,84.30155533825202,84.30155533825202,60.0,0.0,60.0,60.0,12.0,12.0,12.0,19.0,12.0,12.0,21.0,10.0,0.0,0.0,0.0,0.0,0.0,0.0,0.0,0.0,0.0,0.0,0.0,0.0,0.0,84.30155533825202,84.30155533825202,0.0,0.0,0.0,84.30155533825202,0.0,0.0,0.0009099999999999999 
 03/19  05:40:00,7.35,76.0,6.123333333333333,0.0,0.0,0.0,0.0,0.0,2.0,2.0,0.0,0.0,0.0,0.0,0.0,1268.0,0.0,0.0,0.0,0.0,0.0,0.0,0.0,0.0,0.0,0.0,0.0,17.80097590456846,-81.41535437339326,17.873285295080728,-176.80870732714926,17.719895143128384,-192.6953885909479,17.763844801093584,-94.63681276509738,16.436308377639166,-3.7300831316859446,18.066650273395234,-29.654222511597255,16.875353952822523,-41.763185933177059,14.92536086621374,-148.7229150335304,17.29063779468786,-66.37830056150335,447.74114307952098,495.0251908552859,0.0,0.0,0.0,0.0,0.0,0.0,0.0,0.0,0.0,0.0,0.0,0.0,0.0,0.0,0.0,0.0,0.0,0.0,0.0,0.0,0.0,0.0,0.9674468904269888,0.295313458616297,216.07413897657023,259.7840748284601,4491.574018057913,0.17008961039714483,0.025959952746816979,95.69667802139307,115.16504716767399,1993.9525338847173,0.9451396064802147,0.17859780923662417,222.3248829116298,267.2131618228381,4592.61394239793,0.18357480200481128,0.0346891160250966,122.58652836821469,147.29106182851843,2542.0137946672368,0.0,0.0,7.146215969960945,8.619770205218096,132.16019572456785,0.0,0.0,12.430463263312685,14.901797290652365,274.313844795965,0.0,0.0,69.18008095073917,83.3461435190249,1329.736427805773,0.0,0.0,46.00764372706115,55.85875208238417,681.1486513577602,0.0,0.0,25.129358226986235,30.213384721679636,512.6475364682284,39.73097611713993,27.250326554965669,282.7217086311196,340.941296662738,6104.511150844074,0.0,0.0,58.00509530952204,70.8208789255335,673.5891373201519,0.0,17.535777627039758,40.724372890708277,22.0,30.0,0.0,17.640057309971849,40.24727695675699,12.0,30.0,0.0,17.49039832704627,40.86853548853793,22.0,30.0,0.0,17.566147378058344,40.726537768105448,12.0,30.0,0.0,16.417476047247314,44.64402549527335,12.0,30.0,0.0,18.242146433845833,39.627227865560858,12.0,30.0,0.0,16.78690940149258,43.11861189055182,10.0,30.0,0.0,14.557844594031638,50.259027563960788,12.0,30.0,0.0,17.38789745671059,41.92035185036099,20.0,30.0,0.0,16.65327660723034,0.0,0.0,0.0,12.954047047104151,0.0,0.0,451.99948996537077,446.71038724065718,454.8069554045949,452.32726299824528,515.2840511528355,786.5154450151413,499.9835284406063,586.4693201920927,699.61176732198,0.0,84.30155533825202,84.30155533825202,60.0,0.0,60.0,60.0,12.0,12.0,12.0,19.0,12.0,12.0,21.0,10.0,0.0,0.0,0.0,0.0,0.0,0.0,0.0,0.0,0.0,0.0,0.0,0.0,0.0,84.30155533825202,84.30155533825202,0.0,0.0,0.0,84.30155533825202,0.0,0.0,0.0009099999999999999 
 03/19  05:50:00,7.305,76.0,6.101666666666667,0.0,0.0,0.0,0.0,0.0,2.0,2.0,0.0,0.0,0.0,0.0,0.0,634.0,0.0,0.0,0.0,0.0,0.0,0.0,0.0,0.0,0.0,0.0,0.0,17.822191355226175,-14.591087349039299,17.757637397051249,-261.68612859343559,17.629114677604169,-225.85553426120988,17.769264713074678,-9.375371362341867,16.40275042217251,-3.5637955286799469,18.02187624649619,-28.710387396068428,16.823705662670599,-46.28383745136762,14.877006592068938,-146.1222548879664,17.261727808616656,-66.366478491811,417.3785900143075,498.2689916605434,0.0,0.0,0.0,0.0,0.0,0.0,0.0,0.0,0.0,0.0,0.0,0.0,0.0,0.0,0.0,0.0,0.0,0.0,0.0,0.0,0.0,0.0,0.9606118781790405,0.29322706904122117,202.15360117131272,242.3854532569095,4253.071926018393,0.16658157332764093,0.025424538053669254,141.11660043797839,169.3144887265887,2912.371896312975,0.9299373191231557,0.17572511699228195,123.36262528028044,148.0625130219721,2537.6182063724729,0.18441148228807367,0.034847218875297358,62.801170554077199,75.29851494359565,1317.7927042159009,0.0,0.0,6.964655163311383,8.385654986319914,128.9743451216285,0.0,0.0,12.517001865695687,14.97764028835422,276.2473240083105,0.0,0.0,67.54615416174913,81.24147808856103,1296.1755100667199,0.0,0.0,45.97187250900398,55.71289791514634,680.1333536209179,0.0,0.0,25.59179573180847,30.7103835970402,522.9161987936863,39.627352207244367,27.17925391443373,217.0471543991543,261.27484658029689,4806.168242623485,0.0,0.0,57.9208028864118,70.58733862533339,672.4241612041778,0.0,17.63251627106423,40.48489129749618,22.0,30.0,0.0,17.466211535761017,40.42163214933948,12.0,30.0,0.0,17.36545252012323,40.739153843913438,22.0,30.0,0.0,17.623656294951258,40.73188363795047,12.0,30.0,0.0,16.38038820642134,44.594464948674467,12.0,30.0,0.0,18.192855845283476,39.58784450346254,12.0,30.0,0.0,16.721302999561457,43.021825117808798,10.0,30.0,0.0,14.504017163317063,50.267067159700719,12.0,30.0,0.0,17.354674677970516,41.84971777455247,20.0,30.0,0.0,16.51429539000676,0.0,0.0,0.0,12.904744596090746,0.0,0.0,454.0817168117415,444.749730985142,451.34778293257167,458.5438802543803,515.0451810528132,783.1535599401696,498.28664364108576,585.5920859653891,696.7135031624952,0.0,84.30155533825202,84.30155533825202,60.0,0.0,60.0,60.0,12.0,12.0,12.0,19.0,12.0,12.0,21.0,10.0,0.0,0.0,0.0,0.0,0.0,0.0,0.0,0.0,0.0,0.0,0.0,0.0,0.0,84.30155533825202,84.30155533825202,0.0,0.0,0.0,84.30155533825202,0.0,0.0,0.0009166666666666667 
 03/19  06:00:00,7.26,76.0,6.08,0.0,0.0,0.0,0.0,0.0,2.0,2.0,0.0,0.0,0.0,0.0,0.0,1268.0,0.0,0.0,0.0,0.0,0.0,0.0,0.0,0.0,0.0,0.0,0.0,17.658076630140415,-148.33788071260325,17.737160806748514,-119.06991107277895,17.625514277201704,-125.3198757739392,17.681714138783986,-148.6396973997405,16.375659797228665,-3.811158841375402,17.985245464778808,-30.978072726004286,16.79353034499031,-43.54079742450199,14.837307410277692,-149.67536928464063,17.23821971076486,-68.60511307122329,462.68727397060868,499.1146656746878,0.0,0.0,0.0,0.0,0.0,0.0,0.0,0.0,0.0,0.0,0.0,0.0,0.0,0.0,0.0,0.0,0.0,0.0,0.0,0.0,0.0,0.0,0.9821126968489311,0.2997902005033367,252.20084201975357,303.2753896138348,5180.345134683315,0.1775663233767646,0.027101087206465904,126.1499622999568,151.56170225719678,2620.8256042044815,0.9348657535386136,0.17665641601258767,220.14889064235809,264.7656468671074,4562.989600701393,0.17378571359348289,0.032839326075865999,115.29345002068499,138.71585964126994,2387.935485839914,0.0,0.0,7.141468646152839,8.61856827012025,132.5295108479022,0.0,0.0,12.491416025628988,14.979454884253549,275.92440385956618,0.0,0.0,68.38998297113113,82.4416774599693,1315.5620183796914,0.0,0.0,46.062016127960479,55.94668426797321,682.1037260812273,0.0,0.0,26.22587398624332,31.537906833416174,536.9618796438242,39.557283310908669,27.131195686494296,319.43967610032169,385.21608373228949,6828.274209755769,0.0,0.0,57.967241272596329,70.80511598944453,672.2193062870886,0.0,17.334936845455613,40.989639203150847,22.0,30.0,0.0,17.502532310020677,40.464173963514557,12.0,30.0,0.0,17.42509733178964,40.81027238062292,22.0,30.0,0.0,17.471825476119279,40.63696150113956,12.0,30.0,0.0,16.35641374139273,44.53297490960941,12.0,30.0,0.0,18.159520640801384,39.561415317090339,12.0,30.0,0.0,16.699606845418317,43.053044865061909,10.0,30.0,0.0,14.46695741474015,50.25676798212925,12.0,30.0,0.0,17.332487783719686,41.78755258847151,20.0,30.0,0.0,16.617417242978087,0.0,0.0,0.0,12.854211187500639,0.0,0.0,450.82362984022878,449.3271006805873,455.46176698720066,449.4781264317246,514.3805134574495,782.5053024392598,498.86697237891698,585.7846780886389,693.7545540008007,0.0,84.30155533825202,84.30155533825202,60.0,0.0,60.0,60.0,12.0,12.0,12.0,19.0,12.0,12.0,21.0,10.0,0.0,0.0,0.0,0.0,0.0,0.0,0.0,0.0,0.0,0.0,0.0,0.0,0.0,84.30155533825202,84.30155533825202,0.0,0.0,0.0,84.30155533825202,0.0,0.0,0.0009233333333333333 
 03/19  06:10:00,7.2299999999999999,76.33333333333334,6.068333333333333,0.0,0.0,0.0,0.0,0.0,2.0,2.0,0.0,0.0,0.0,0.0,0.0,6350.0,0.0,0.0,0.0,0.0,0.0,0.0,0.0,0.0,0.0,0.0,0.0,18.83630489787019,-932.8033181376929,17.89467585698171,748.8821979126943,19.047516537592274,-2443.0726574391339,17.96280623527697,856.5681531310497,16.348411154711557,-1.84990993980565,18.78335758133445,-97.12380261571626,16.88075679987743,187.0202859694304,15.771492549080799,-217.2897788203456,18.43627491909406,-192.20240120757746,694.5693551921038,587.2899704230357,0.0,0.0,0.0,0.0,0.0,0.0,0.0,0.0,0.0,0.0,0.0,0.0,0.0,0.0,0.0,0.0,0.0,0.0,0.0,0.0,0.0,0.0,0.9843972966534582,0.3004875752910435,388.24966011650926,464.3543661146968,9475.479399455657,0.295061631054808,0.045033826473566549,332.67961207709666,399.71819751433977,7227.596438856299,0.7847125628858905,0.14828279721955607,486.32829867870955,580.7182756157661,12273.306814441867,0.26891331447319069,0.05081506320355075,332.5737082369594,399.25439757814709,7381.599419759064,0.0,0.0,11.193477206706185,13.525613743146966,207.81414217867195,0.0,0.0,17.995421321620499,21.509787429848605,445.2439517959013,0.0,0.0,75.04847212449964,90.53870583926214,1479.9369756287395,0.0,0.0,35.268541952778289,42.71690942099952,625.0747251680045,0.0,0.0,40.90373995570565,48.91711416457949,999.6041568532321,40.47831719708928,27.762906170843136,652.3123162853153,785.1949068015417,14285.89571235073,0.0,0.0,50.00716089038456,61.18643894146221,588.0314614823664,2008.2097279821738,19.152506803409218,36.40512657430039,21.999999999999998,30.0,0.0,17.872076343720726,39.406821007578958,15.999999999999999,30.0,4518.13381444372,19.5205833423509,35.540301516400038,21.999999999999998,30.0,0.0,18.086846433422385,38.91098833027627,15.999999999999999,30.0,0.0,16.332344960238136,44.41770163402539,12.0,30.0,1452.865356456136,19.402980888592489,36.514401851256469,19.9,30.0,0.0,16.915010002031349,42.16191387599706,10.0,30.0,1300.894453076904,16.055818589072936,45.29487655442298,16.999999999999998,30.0,2186.809674427992,19.195164773464677,37.045379662366709,19.799999999999998,30.0,0.0,17.268362833623529,0.0,0.0,0.0,12.911013775645188,0.0,0.0,451.6665060996725,452.0634346937442,450.530979738813,450.7836988603219,512.5080513367683,765.3656193118766,485.5992244559432,591.3151710758907,672.2664501473013,12783.558497379447,79.55078607613662,87.19123914036409,60.0,0.0,60.0,60.0,16.0,16.0,19.0,19.0,16.0,12.0,21.0,10.0,1.0,0.0,2008.2097279821738,0.0,4518.13381444372,0.0,1452.865356456136,0.0,1300.894453076904,2186.809674427992,11559.609022586976,6935765.4135521859,9023491.456794097,79.55078607613662,87.32099939795813,0.41932030075289919,0.7681175719157121,0.3602813740196596,87.32099939795813,0.3542647819438876,9023491.456794097,0.47015155575329317 
 03/19  06:20:00,7.200000000000001,76.66666666666667,6.056666666666667,12.5,0.0,0.0,0.0,0.0,2.0,2.0,0.0,0.0,0.0,0.0,0.0,1905.0,0.0,17.07292771217012,7.295573463423288,18.694586868432777,0.5119359578654283,13.62585807022195,0.0,7.295573463423282,9.973602036606997,0.0,0.0,19.56297506710181,-1506.149260967896,18.493424192265278,718.8499774729551,19.862106342768457,-3466.153281582037,18.701195931974895,697.2036669133591,16.32243210019601,3.9403079788796528,18.85305946755013,-90.61172671168356,17.280681131933407,281.9380708912078,15.928606724444112,-241.24433107208842,18.487638685832523,-148.6029508534967,928.229108504057,585.3221244751505,0.0,0.0,0.0,0.0,0.0,0.0,0.0,0.0,0.0,0.0,0.0,0.0,0.0,0.0,0.0,0.0,0.0,0.0,0.0,0.0,0.0,0.0,1.0955177272754513,0.33440712065795205,444.4735507132012,529.5371147487067,11760.883867865556,0.3379549469820414,0.05158042536355942,383.2166467182598,458.78813961036499,9071.769957161425,0.8562738336971014,0.161805335165741,553.051910413815,657.9824103684957,15054.970846641989,0.29464332500778186,0.05567712112769873,371.16762768146347,443.78589736770337,9068.340439529866,0.0,0.0,12.603832907943403,15.223030748138985,234.2842112273304,0.0,0.0,18.84155668264968,22.509462945324729,468.3932607811995,0.0,0.0,83.81368643424874,100.76558495365623,1775.8861729096905,0.0,0.0,35.26663889765314,42.59577294179046,653.1246712610214,0.0,0.0,37.614765103209297,44.98472610487584,916.5872889798872,41.25297006336431,28.294218150455629,744.5126311759264,894.1079275744393,17198.37814000053,0.0,0.0,48.94277063497836,59.806884440931529,581.3281248097128,1982.7712827998658,20.351997318843549,33.70964015867209,21.999999999999994,29.99999999999999,0.0,18.919985773361888,36.877330002567969,15.999999999999993,29.99999999999999,4166.619181962377,20.756666451950893,32.86843777603568,21.999999999999994,29.99999999999999,0.0,19.319753133305164,35.940070772941499,15.999999999999993,29.99999999999999,0.0,16.31035782731178,44.15350571339288,11.999999999999995,29.99999999999999,0.0,19.523775692954957,36.05158829516472,18.999999999999994,29.99999999999999,0.0,17.620674808645299,40.15196794340069,9.999999999999997,29.99999999999999,6.314741168799387,16.2899309663932,44.453960544102709,15.999999999999993,29.99999999999999,0.0,19.254125613710749,36.62411328632535,18.999999999999994,29.99999999999999,0.0,18.023477656614629,0.0,0.0,0.0,12.93101143375316,0.0,0.0,451.5773564785079,454.46649106459656,451.16446664440607,451.19490923289086,508.5978412416309,721.0753153148471,476.8152890261354,612.7770864006727,642.0997937216782,12806.562340377779,79.53590394380635,87.85865210656852,59.99999999999998,0.0,59.99999999999998,59.99999999999998,16.0,16.0,19.0,19.0,16.0,12.0,21.0,10.0,1.0,0.0,1982.7712827998658,0.0,4166.619181962377,0.0,0.0,0.0,6.314741168799387,0.0,12592.696548107338,7555617.928864406,9848204.960299232,79.53590394380635,87.99999999999997,0.41975655160357797,0.7672282420882868,0.36028137401965945,87.99999999999997,0.35426478194388735,9848204.960299232,0.51307665793556 
 03/19  06:30:00,7.17,77.0,6.045,15.0,0.0,0.0,0.0,0.0,2.0,2.0,0.0,0.0,0.0,0.0,0.0,2540.0,0.0,21.162336437249676,6.514429053976121,16.69296630727024,0.6345573672963571,16.889598581704307,0.0,6.514429053976117,8.905718406621486,0.0,0.0,20.086304905159055,-1315.3468008721757,18.920512201396897,896.564554113037,20.470995625358737,-3403.756275099786,19.17988695195188,865.453635761954,16.306857584552405,12.819319044243145,18.61278884855112,-53.84550354235759,17.626286508271649,364.091651588585,16.274768617234999,-300.32001886035507,18.794399844567275,-124.98633004970859,1157.3098215243336,628.1782751210792,0.0,0.0,0.0,0.0,0.0,0.0,0.0,0.0,0.0,0.0,0.0,0.0,0.0,0.0,0.0,0.0,0.0,0.0,0.0,0.0,0.0,0.0,1.2423022936335229,0.3792131543447872,460.796469936745,547.8192946399321,12872.096012960574,0.36514057542637437,0.05572963605408644,393.8143858486857,470.50045113743126,9887.368222345127,0.9742016544718759,0.18408950386845736,566.1640496880878,672.0164018849542,16308.078718913526,0.3109659903404931,0.05876152500765174,371.4323360390843,443.0749924506697,9653.381084985012,0.0,0.0,13.19066769033467,15.938830477086606,245.8660983795258,0.0,0.0,17.86104156401542,21.374026867618775,431.3282592792274,0.0,0.0,95.22866916648806,114.32296414302594,2130.8235510766137,0.0,0.0,37.98566426608591,45.81906192205835,746.5231378505609,0.0,0.0,31.5672881683441,37.69834539224057,797.8175723694149,42.07143956949559,28.855582695127305,755.843152841343,905.4953500428745,18776.16304249018,0.0,0.0,52.923886138416509,64.7001113024043,634.1208290024509,1932.9473632087207,21.077362494881667,32.20843554344242,22.0,30.0,0.0,19.629453643420697,35.244594853687747,16.0,30.0,4360.002895616923,21.54803240775461,31.28234409028194,22.0,30.0,0.0,20.091396001001745,34.23322677925122,16.0,30.0,0.0,16.30524076692761,43.969833775675649,12.0,30.0,0.0,19.12884520176962,36.81135736855484,19.0,30.0,0.0,18.21173227305986,38.63448603914472,10.0,30.0,761.5396179574375,16.824692682983906,42.761055830730629,16.75,30.0,1142.479132642415,19.718862406553904,35.49942731254956,19.75,30.0,0.0,18.8374363724921,0.0,0.0,0.0,12.952234138845382,0.0,0.0,453.5991525438042,457.0170574878788,453.37990664759749,454.02408602335876,507.9625165731484,707.3328805335591,480.58610000024148,606.0788725154375,650.5152401067919,11364.766697574878,80.48999485583096,87.87458514178714,60.0,0.0,60.0,60.0,16.0,16.0,19.0,19.0,16.0,12.0,21.0,10.0,1.0,0.0,1932.9473632087207,0.0,4360.002895616923,0.0,0.0,0.0,761.5396179574375,1142.479132642415,11174.978464859032,6704987.078915421,8774025.730957818,80.48999485583096,88.0,0.3724992821619678,0.7642401492650819,0.36028137401965956,88.0,0.3542647819438875,8774025.730957818,0.45725933800980658 
 03/19  06:40:00,7.140000000000001,77.33333333333334,6.033333333333333,21.666666666666666,29.33333333333333,0.0,0.0,0.0,2.0,2.0,0.0,0.0,0.0,0.0,0.0,4445.0,0.0,33.50589791726421,23.333094323836023,59.78991073366915,1.0046814473347672,26.740954865213948,0.0,23.333094323836009,31.898108933489874,0.0,0.0,20.430424720851329,-1437.0667416904867,19.314921047335074,911.6351469354344,20.39428889851363,-2180.5776506622175,19.588510903630846,683.2425307021073,16.30010489669394,21.26178822051032,19.233166794090683,-58.99852804046108,17.931225536322385,360.4922707539477,16.10537175988845,-316.50159246690228,18.759030943469143,-106.88589500703006,1287.120711467394,768.4275097750741,0.0,0.0,0.0,0.0,0.0,0.0,0.0,0.0,0.0,0.0,0.0,0.0,0.0,0.0,0.0,0.0,0.0,0.0,0.0,0.0,0.0,0.0,1.3642730237689569,0.41644475695023155,466.646925440074,554.1704433547735,13484.173326649965,0.3699534068676729,0.05646419518737384,374.83268259460746,447.2053055904959,9866.462017331496,1.1648503530960608,0.22011533505216603,453.65786807933559,538.7579429960981,13252.38783112677,0.3181216872366816,0.06011369751260051,321.5705227128318,383.1961671621384,8722.66787302012,0.0,0.0,13.459038557762187,16.27204891693871,251.84465863902757,0.0,0.0,16.701511768380006,19.941901692620609,431.4417134260007,0.0,0.0,108.74120325386463,130.38241994214958,2542.5719823651704,0.0,0.0,49.06483820259609,59.311260959672157,915.9082077231697,0.0,0.0,27.46492508444141,32.83932855778592,690.554538233737,42.60703494443283,29.222932060653567,687.1296145475283,822.2636626307935,17985.378558515593,0.0,0.0,64.5688857957792,78.9130701150803,803.4742721288895,1863.0851885910866,21.54678145237486,31.247859046922735,22.00000000000002,30.000000000000033,0.0,20.240574879566766,33.88766841195506,16.000000000000019,30.000000000000033,2191.567957459474,21.606271140553447,31.1425727500939,21.571428571428596,30.000000000000033,0.0,20.654921999225356,33.02204896840958,16.000000000000019,30.000000000000033,0.0,16.311367758161859,43.80016919386064,12.000000000000015,30.000000000000033,1017.7037560514798,19.97941285235553,34.809885752541728,19.428571428571453,30.000000000000033,0.0,18.695667094710985,37.41563564049193,10.00000000000001,30.000000000000033,384.4474520161334,16.29747556355802,43.95461362195738,16.285714285714307,30.000000000000033,0.0,19.589091796647666,35.71079195262149,19.00000000000002,30.000000000000033,0.0,19.382026683467374,0.0,0.0,0.0,13.146976170081248,0.0,0.0,457.2068154303956,460.58002627851035,457.70559863204366,459.1033553183382,506.6872766214613,704.0071331285599,483.3658039724914,573.2961626368964,654.9519664448046,10049.791984848722,81.35975961609009,84.35270369479243,60.000000000000067,0.0,60.000000000000067,60.000000000000067,16.0,16.0,19.0,19.0,16.0,12.0,21.0,10.0,1.0,0.0,1863.0851885910866,0.0,2191.567957459474,0.0,1017.7037560514798,0.0,384.4474520161334,0.0,4529.446809396194,2717668.085637712,3536300.750724438,81.35975961609009,84.40353382114125,0.345267274598921,0.7669086064632393,0.36028137401966,84.40353382114125,0.35426478194388796,3536300.750724438,0.1849376390376708 
 03/19  06:50:00,7.11,77.66666666666666,6.0216666666666669,28.33333333333333,58.66666666666666,0.0,0.0,0.0,2.0,2.0,0.0,0.0,0.0,0.0,0.0,2540.0,0.0,44.479740611959858,34.109110147796879,87.40291691609198,1.3337368499319847,35.49917140885937,0.0,34.10911014779684,46.62973954583305,0.0,0.0,20.591622224746119,-1192.0899147737155,19.534566483685905,708.4517292695168,20.677989068215568,-2107.4509875545006,19.73318060769163,663.8199938975317,16.295444406268176,21.584185186309698,19.02666340418869,-35.94013140515503,18.131633586501687,354.9056894694005,16.56728739585511,-342.47549070930617,18.791200826037867,-80.7231081555449,1323.6344703951828,727.322444032776,0.0,0.0,0.0,0.0,0.0,0.0,0.0,0.0,0.0,0.0,0.0,0.0,0.0,0.0,0.0,0.0,0.0,0.0,0.0,0.0,0.0,0.0,1.3892394235099502,0.42406575809217048,420.4116418074599,498.8530593457216,12277.030581938365,0.3601543823108727,0.05496861756881452,346.77105320409876,413.07941092434228,9343.660820654422,1.211432205811246,0.22891765038005414,469.8921380424324,557.4490926182525,13746.305555026644,0.3241857210977759,0.061259584485596329,327.94436558293287,390.28133528487219,8997.92474600894,0.0,0.0,12.863761923976707,15.54647378053096,241.65032120052957,0.0,0.0,15.55860559696858,18.58250235885445,396.1094929055032,0.0,0.0,106.56522729504819,127.60930785940799,2558.8574821522895,0.0,0.0,42.83429425378903,51.63885542350773,868.9927347929977,0.0,0.0,18.92148549933872,22.641489433687725,465.24119154546659,42.721077058300469,29.301150245747928,665.9772352367063,795.8529391891344,17778.33406353579,0.0,0.0,60.87275270578182,74.38003556869069,761.9937848513806,1788.265881678891,21.673979537557267,30.983493336405588,22.0,30.0,0.0,20.517853463974779,33.27984309538196,16.0,30.0,2687.3485173840865,21.70368829591086,30.92608468260843,21.75,30.0,0.0,20.774262758224365,32.751733572694977,16.0,30.0,0.0,16.316517784754557,43.654674992845077,12.0,30.0,0.0,19.74312753307714,35.27573172415537,19.0,30.0,0.0,18.99266668198684,36.66047759422527,10.0,30.0,627.5126149165749,17.08651607646547,41.61705420847248,16.75,30.0,721.4344355461509,19.29840246641768,36.298402023385268,19.25,30.0,0.0,19.574273173479598,0.0,0.0,0.0,13.153665980370544,0.0,0.0,459.7433283592078,463.4936548315749,459.70219324350605,462.98292201602058,503.62057018138827,715.2785705610673,479.0182176453975,543.8544689192671,674.4540208324942,9386.040273015049,81.79866548164506,83.63097913669599,60.0,0.0,60.0,60.0,16.0,16.0,19.0,19.0,16.0,12.0,21.0,10.0,1.0,0.0,1788.265881678891,0.0,2687.3485173840865,0.0,0.0,0.0,627.5126149165749,721.4344355461509,2772.8399916658038,1663703.994999482,2173676.074765321,81.79866548164506,83.66209790542263,0.3474279997221935,0.76784557626278,0.36028137401965956,83.66209790542263,0.3542647819438875,2173676.074765321,0.1141411558877967 
 03/19  07:00:00,7.08,78.0,6.01,35.0,88.0,0.0,0.0,0.0,2.0,2.0,0.0,0.0,0.0,0.0,0.0,2540.0,0.0,57.674581714181609,45.903743633068007,117.62608450368448,1.7293893225190738,46.02995959150366,0.0,45.90374363306796,62.75389772743478,0.0,0.0,20.543178564726064,-833.7017894201285,19.57414857338444,389.96129253055576,20.476052635914628,-1531.1733466247338,19.805549612678428,472.7198826714541,16.289207342415403,22.803029940389437,18.79130752381178,-35.46684999931304,18.180486993634909,194.77083979772056,16.015662945807759,-314.80361646611046,19.017108557462984,-117.43555707986673,1233.4576097838563,880.4978829210604,0.0,0.0,0.0,0.0,0.0,0.0,0.0,0.0,0.0,0.0,0.0,0.0,0.0,0.0,0.0,0.0,0.0,0.0,0.0,0.0,0.0,0.0,1.446326127810433,0.44149149200562667,366.5616246248779,435.4353394819892,10521.22944065234,0.3215996848554447,0.04908420098526324,242.67017488057258,289.05328895142898,6541.840054489423,1.2306197867392164,0.23254342153046424,435.58052517920376,516.8128255569002,12594.046856071658,0.309441086213113,0.05847337230028589,277.6875725063812,330.40366567301626,7632.512890560245,0.0,0.0,12.429223950142127,15.021815854719752,234.2566802646146,0.0,0.0,14.6733612519131,17.550198619688119,363.18711856302095,0.0,0.0,106.20992911718537,127.19862367540822,2556.2621389801117,0.0,0.0,55.052526594866289,66.57164268380466,1022.2997966685075,0.0,0.0,28.237336264928694,33.71251116337639,727.5597431852452,42.507109958225118,29.15439640481833,527.9397769269596,631.0945639920091,14182.85360018615,0.0,0.0,72.19613678573785,88.1522738866478,941.6890526258036,1305.2939018304542,21.501470092711878,31.27407806970251,21.75,30.0,0.0,20.479055116419514,33.3080837235932,16.0,30.0,2032.1721309362879,21.502281490618765,31.272225401075909,21.5,30.0,0.0,20.746009816058696,32.7650226920648,16.0,30.0,0.0,16.316362641981426,43.53561843854271,12.0,30.0,0.0,19.34421637947441,36.08327506356464,19.0,30.0,0.0,18.987270388759993,36.595489476880249,10.0,30.0,77.95346836498209,16.17045313290244,43.9151674308711,16.0,30.0,319.81521134918037,19.87062393644879,34.92144672095955,19.5,30.0,0.0,19.396784271504857,0.0,0.0,0.0,13.386600366283539,0.0,0.0,464.44403895919518,468.9627239104645,464.26625033238846,466.58557860861978,497.13701794660929,724.3978510649702,477.6475749468058,518.618719391336,667.662584345323,9615.072574291196,81.64697046609766,83.7124199715999,60.0,0.0,60.0,60.0,16.0,16.0,19.0,19.0,16.0,12.0,21.0,10.0,1.0,0.0,1305.2939018304542,0.0,2032.1721309362879,0.0,0.0,0.0,77.95346836498209,319.81521134918037,3125.1611492113,1875096.68952678,2426160.8184312919,81.64697046609766,83.7474981610251,0.35917203830704338,0.7700212424402412,0.36028137401965956,83.7474981610251,0.3542647819438875,2426160.8184312919,0.12733036255842718 
 03/19  07:10:00,7.183333333333334,78.33333333333333,5.965000000000001,41.66666666666667,117.33333333333334,0.0,0.0,0.0,2.0,2.0,0.0,0.0,0.0,0.0,0.0,2540.0,0.0,69.55475483214677,50.29474852881582,128.87788106995814,2.0856237464442879,55.51154302696055,0.0,50.29474852881577,68.75673432287798,0.0,0.0,20.779285176097493,-1206.886225918797,19.58751127091889,656.2741360886124,20.806556137376945,-2097.0055595508399,19.92131221888812,536.7038028498246,16.281097303250499,21.67830164275621,18.618570052950344,-28.24007042570355,18.21322391670289,341.9704640682013,16.683499680891587,-335.6154236490205,18.733820379888337,-46.5047512621793,1223.0408979739178,712.0773670419145,0.0,0.0,0.0,0.0,0.0,0.0,0.0,0.0,0.0,0.0,0.0,0.0,0.0,0.0,0.0,0.0,0.0,0.0,0.0,0.0,0.0,0.0,1.3733629483392143,0.41921945920000439,373.4521850214231,442.83713873504987,10910.209201540616,0.3444419704262698,0.05257050830681773,288.2307651156054,343.0903536350632,7732.072186762578,1.2131653778877943,0.22924515833102694,438.2467119642375,519.7959673047276,12819.55214793654,0.31751825656155516,0.05999967055207012,312.22501422566486,371.4721016063516,8579.85978148855,0.0,0.0,12.398345393063133,14.984050477326085,230.94365013007858,0.0,0.0,14.693876911875197,17.585279923674535,352.8193491857706,0.0,0.0,104.26498384659057,124.8479661913653,2496.028095319521,0.0,0.0,42.31328409340215,50.99356231493019,863.0965366524854,0.0,0.0,17.72443878729995,21.19537028938245,436.07590045052117,42.36649706709018,29.05795409265445,603.7747240109433,721.3619311411538,16098.123627694804,0.0,0.0,59.445039400150097,72.63015516324285,744.59335806784,1622.3255075792568,21.797061248747359,30.695728128954323,22.0,30.0,0.0,20.461998215204948,33.353440943043327,16.0,30.0,2705.642358559677,21.77370755117587,30.747145845767564,21.75,30.0,0.0,20.86816374723835,32.51971043590926,16.0,30.0,0.0,16.310760110673024,43.45349132133099,12.0,30.0,5.870682263575307,19.073919408446206,38.0511239974297,19.0,30.0,0.0,19.026816019807577,36.45540566410979,10.0,30.0,1036.55748135086,17.223374720997449,41.010833349026629,16.75,30.0,0.0,19.37551689795475,37.2652256854678,19.0,30.0,0.0,19.469860855420295,0.0,0.0,0.0,13.23239430101131,0.0,0.0,468.93711108323159,475.04166500303196,468.78349302219416,472.07018019957317,493.8878907538083,763.3856100708157,478.23114258357819,515.225281989065,699.0565777999469,9812.074725077415,81.51699669434582,81.51699669434582,60.0,0.0,60.0,60.0,16.0,16.0,19.0,19.0,16.0,12.0,21.0,10.0,1.0,0.0,1622.3255075792568,0.0,2705.642358559677,0.0,5.870682263575307,0.0,1036.55748135086,0.0,0.0,0.0,0.0,81.51699669434582,81.51699669434582,0.34,0.771871010707327,0.36028137401965956,81.51699669434582,0.3542647819438875,0.0,0.0012300000000000002 
 03/19  07:20:00,7.286666666666667,78.66666666666667,5.92,48.333333333333339,146.66666666666669,0.0,0.0,0.0,2.0,2.0,0.0,0.0,0.0,0.0,0.0,2540.0,0.0,81.71687653665639,53.04525440512472,135.92600176212509,2.450313799647009,65.21816337216272,0.0,53.04525440512466,72.51688438471861,0.0,0.0,20.77095837869342,-1446.032793783802,19.699442774340996,556.75411114398,20.787883020851525,-1296.1541416908499,19.946486184395654,414.2835734864325,16.27465894496391,23.00458341666713,19.25148370648716,-32.6310551481384,18.30960385558968,265.7255520657126,16.310166615421289,-329.04693683347696,18.851414975212874,-81.0024977828052,1205.6002358078177,817.7837521243096,0.0,0.0,0.0,0.0,0.0,0.0,0.0,0.0,0.0,0.0,0.0,0.0,0.0,0.0,0.0,0.0,0.0,0.0,0.0,0.0,0.0,0.0,1.3976441562713176,0.4266313053331251,419.05667929693677,497.35039247186969,12055.30219499899,0.32858436291732437,0.050150238540495179,285.1468605238861,339.477137539626,7624.205592216169,1.2688430291747144,0.23976625645780706,358.276503896957,424.99442865076017,10297.783045752163,0.3142050409139516,0.05937359049772327,270.5090703192665,321.7890593770192,7356.881761975317,0.0,0.0,12.340050336978792,14.914947898282544,227.1944463603435,0.0,0.0,14.601292328833015,17.417866531116397,373.0232428559008,0.0,0.0,109.98753058932735,131.6579569678294,2633.3248473647079,0.0,0.0,50.05821226460307,60.461755967642407,945.0935301007137,0.0,0.0,15.902614920521826,19.019715272583903,385.05127944953486,42.07463950285408,28.85777743679979,557.0950379839566,665.5917008272616,14799.564359881806,0.0,0.0,67.75974871265594,82.75668373189503,850.5544946679102,1834.7148782910536,21.68398298519333,30.983778005226609,22.0,30.0,0.0,20.577943929838459,33.173226681573698,16.0,30.0,1785.0442940654548,21.553919591751755,31.232388538501238,21.5,30.0,0.0,20.805419894751546,32.738173392541188,16.0,30.0,0.0,16.307587616319986,43.4027848367242,12.0,30.0,870.0584735474607,19.959873459782544,37.61321048794092,19.75,30.0,0.0,19.137549435386587,36.25248827060547,10.0,30.0,0.0,16.53977963862525,42.769305311219287,16.0,30.0,700.1823623160299,19.2549428521774,39.01149809799826,19.25,30.0,0.0,19.519276218063046,0.0,0.0,0.0,13.348045902732688,0.0,0.0,473.7199086270547,477.8796063128069,473.58686752224988,479.8551435806168,490.0096591854946,811.7403357203075,480.0409246293887,497.7467283468916,748.7410780370274,11379.667021012892,80.48006926960933,86.31338341781115,60.0,0.0,60.0,60.0,16.0,16.0,19.0,19.0,16.0,12.0,21.0,10.0,1.0,0.0,1834.7148782910536,0.0,1785.0442940654548,0.0,870.0584735474607,0.0,0.0,700.1823623160299,8826.942052674098,5296165.231604459,6909018.861587767,80.48006926960933,86.4124524573216,0.3792314017558033,0.7661050481072025,0.36028137401965956,86.4124524573216,0.3542647819438875,6909018.861587767,0.3605156474692305 
 03/19  07:30:00,7.390000000000001,79.0,5.875,55.0,176.0,0.0,0.0,0.0,2.0,2.0,0.0,0.0,0.0,0.0,0.0,1905.0,0.0,94.14807012250123,54.1844982588179,138.8453644985773,2.8230733455690966,75.13954348679477,0.0,54.18449825881783,74.07431710420966,0.0,0.0,20.747633698625557,-1270.936168396343,19.77489180420234,456.4884285561212,20.863856749120015,-1393.084078855807,19.984473969401639,393.09231637092958,16.271430035742815,26.141848985850336,19.0336130794619,-27.282363037880928,18.33245429509297,230.5512734552298,16.472248521492703,-356.70246022033435,19.136894384907678,-105.32416716131468,1191.815004137697,829.2508477362333,0.0,0.0,0.0,0.0,0.0,0.0,0.0,0.0,0.0,0.0,0.0,0.0,0.0,0.0,0.0,0.0,0.0,0.0,0.0,0.0,0.0,0.0,1.3757329068160376,0.41994288974848517,405.9641831163432,481.85625933831127,11570.601405672154,0.3199020342700391,0.04882509680556152,279.95494168881728,333.3539933508623,7458.622176777742,1.2490182571268529,0.23602007882215665,349.58760324482219,414.43688530562499,10042.142838818096,0.30256765235341279,0.0571745374817484,240.00644004196279,285.46169749606397,6487.458447886473,0.0,0.0,12.840751956830811,15.516997790756282,233.7774155530626,0.0,0.0,14.801783998746363,17.6705422330075,366.61317733284116,0.0,0.0,106.95112574009403,128.00372095493499,2538.4176307972168,0.0,0.0,53.24956128097937,64.254359662697,1014.0466557439519,0.0,0.0,26.22096731796688,31.26430151410203,662.7052516875137,41.79999542037554,28.669407009859769,537.7915867248815,642.5410905635201,14237.452560060421,0.0,0.0,68.75448358088241,83.90231293867299,865.8140893853731,1700.8819804191394,21.62758067552025,31.127121870131775,21.999999999999994,29.99999999999999,0.0,20.648730462033116,33.09504670355358,15.999999999999993,29.99999999999999,2311.484869864965,21.658200101761474,31.086198395513465,21.666666666666658,29.99999999999999,0.0,20.80684092192179,32.76332892582512,15.999999999999993,29.99999999999999,0.0,16.309424403252409,43.397809274362469,11.999999999999995,29.99999999999999,0.0,19.67102509281883,39.44219054205961,18.999999999999994,29.99999999999999,0.0,19.13669781449649,36.29320976945077,9.999999999999997,29.99999999999999,933.2802658799321,16.73969420849389,42.39831196288152,16.66666666666666,29.99999999999999,399.9953494068053,19.94354045812015,37.95832141782902,19.66666666666666,29.99999999999999,0.0,19.577462820535275,0.0,0.0,0.0,13.47488661706278,0.0,0.0,474.9313779561714,480.410087513573,474.87068118535628,480.07843014309227,488.12692122567219,835.1912204434007,480.07847705926999,501.3369779192955,749.689118244712,8363.480742785556,82.47482379624975,82.47482379624975,59.99999999999998,0.0,59.99999999999998,59.99999999999998,16.0,16.0,19.0,19.0,16.0,12.0,21.0,10.0,1.0,0.0,1700.8819804191394,0.0,2311.484869864965,0.0,0.0,0.0,933.2802658799321,399.9953494068053,0.0,0.0,0.0,82.47482379624975,82.47482379624975,0.3399999999999999,0.7686437043470898,0.36028137401965945,82.47482379624975,0.35426478194388735,0.0,0.0012633333333333336 
 03/19  07:40:00,7.493333333333333,79.33333333333333,5.83,62.83333333333333,189.5,0.0,0.0,0.0,2.0,2.0,0.0,0.0,0.0,0.0,0.0,2540.0,0.0,107.52891648771441,52.7177257131884,135.08695100408969,3.22430688179024,85.81882171484087,0.0,52.71772571318833,72.06912783133444,0.0,0.0,20.69210643580812,-936.9782760402821,19.73815137307224,402.3693778048346,20.89480188530056,-1489.497523798958,20.00392905557181,376.83566268126619,16.267876162853935,23.962708420351399,18.8562274046673,-18.998393909747926,18.315151056401704,233.4807113255565,16.46840039113497,-316.0248939482367,18.891201349183885,-69.81857659177811,1131.0614941932509,753.180673151236,0.0,0.0,0.0,0.0,0.0,0.0,0.0,0.0,0.0,0.0,0.0,0.0,0.0,0.0,0.0,0.0,0.0,0.0,0.0,0.0,0.0,0.0,1.3527336597703035,0.41292236256724787,331.4227406866278,393.7134972025118,9269.060253693235,0.3136096017560778,0.04786471333273473,264.558011222956,315.21625045690947,6933.823353325677,1.1789097905547337,0.22277206926582286,318.2427077674794,377.59082580314216,9036.336972907857,0.28607499818528417,0.054058011750809559,241.62802101050276,287.5634725960015,6464.68798347479,0.0,0.0,12.474693411341987,15.081012625577964,224.4702616102311,0.0,0.0,13.516409748592512,16.159227997034347,324.06717048429416,0.0,0.0,100.7806821105733,120.67896218343421,2358.264679306358,0.0,0.0,48.01438095137378,57.961632698289168,901.0666303064687,0.0,0.0,24.29372384895144,29.037190199120624,589.4704978889146,41.44042717215033,28.42278955565868,498.1737086384959,595.5444588913765,13068.582831940592,0.0,0.0,63.410286966382859,77.4089713348892,782.7338742137115,1224.3010318025438,21.384629041118126,31.68846540873372,21.500000000000008,30.00000000000001,0.0,20.527839147141088,33.432046552586637,16.000000000000008,30.00000000000001,1927.5976036421385,21.566721617777288,31.35580383284698,21.500000000000008,30.00000000000001,0.0,20.79086216367261,32.868612935547947,16.000000000000008,30.00000000000001,0.0,16.308704312757766,43.513233377672907,12.000000000000004,30.00000000000001,0.0,19.366502427453527,40.90839987070484,19.000000000000008,30.00000000000001,0.0,19.07293201728257,36.58699482758544,10.000000000000004,30.00000000000001,0.0,16.69933847360675,43.03394237715431,16.000000000000008,30.00000000000001,0.0,19.509862486334855,39.14950791149132,19.000000000000008,30.00000000000001,0.0,19.465174377629049,0.0,0.0,0.0,13.460118320074347,0.0,0.0,475.77422055031129,481.9825674011448,476.01335732503699,479.50746743557365,492.36073391585645,848.7153571094611,485.8010865600986,530.018585743636,733.975495678904,9127.685900337921,81.96957830396468,81.96957830396468,60.00000000000002,0.0,60.00000000000002,60.00000000000002,16.0,16.0,19.0,19.0,16.0,12.0,21.0,10.0,1.0,0.0,1224.3010318025438,0.0,1927.5976036421385,0.0,0.0,0.0,0.0,0.0,0.0,0.0,0.0,81.96957830396468,81.96957830396468,0.34000000000000016,0.7717649194087731,0.36028137401965967,81.96957830396468,0.35426478194388769,0.0,0.0012799999999999999 
 03/19  07:50:00,7.596666666666667,79.66666666666667,5.785,70.66666666666666,203.0,0.0,0.0,0.0,2.0,2.0,0.0,0.0,0.0,0.0,0.0,2540.0,0.0,120.91531126423301,50.7647904851522,130.08277717356862,3.6257073976356049,96.50253474773612,0.0,50.76479048515212,69.39931731330505,0.0,0.0,20.769092489776818,-1636.0082359265553,19.79517298463758,558.7059698865965,20.5075869322024,-323.5355480260009,19.95595764971644,194.5851383771119,16.262955828477297,24.90138279986094,18.725015979121119,-16.994122860354524,18.349364074721529,269.6240631382202,16.328379213246014,-310.42082571832176,18.671038293062535,-66.60867008874277,1150.6028262050878,803.1326081206287,0.0,0.0,0.0,0.0,0.0,0.0,0.0,0.0,0.0,0.0,0.0,0.0,0.0,0.0,0.0,0.0,0.0,0.0,0.0,0.0,0.0,0.0,1.3393946183415984,0.40885061609938908,480.50566981824638,570.7052590514802,13412.758179783326,0.30823867599527168,0.0470449749687533,283.1127785929861,337.28859164332587,7399.5246024141019,1.3259474368592399,0.2505569608577552,277.5217163791125,330.0775723017999,7591.052619296418,0.2960932654229389,0.0559511083565644,187.27323242173279,222.9503526671068,4921.382360852739,0.0,0.0,12.25682344997303,14.817910738596355,217.90680822161154,0.0,0.0,14.02217628048765,16.775754590764416,327.15094632991448,0.0,0.0,114.26608195047572,136.8173050930098,2659.585532949727,0.0,0.0,54.4104564022914,65.75407796324844,979.5802819166402,0.0,0.0,18.278426753687378,21.870013092183627,426.29634970722318,41.24288450267149,28.287300756290468,522.3301109552209,624.4244296491423,13637.96103001063,0.0,0.0,70.54884850148875,86.0898116278029,877.7941475692938,1825.0806953894158,21.526894968217549,31.61624611278623,22.0,30.0,0.0,20.603317081687615,33.5074264326304,16.0,30.0,117.96546722985359,21.193043615686336,32.25697092585522,21.0,30.0,0.0,20.65297664247942,33.40803727300509,16.0,30.0,0.0,16.305587293195026,43.713762189081098,12.0,30.0,0.0,19.141744017935996,42.11679031212338,19.0,30.0,0.0,19.11592613029496,36.74939220123631,10.0,30.0,613.8346319901416,16.434779251930939,43.93516279201878,16.5,30.0,0.0,19.14080564471478,40.65465559133583,19.0,30.0,0.0,19.607914279794004,0.0,0.0,0.0,13.613487971265787,0.0,0.0,480.79356934084668,488.04236415320818,480.7679450212344,488.57472826657667,497.8659858679375,870.5689093733532,493.09248097900248,528.7324796900373,760.9732413204121,10321.721922448147,81.17992156734685,84.70387062999166,60.0,0.0,60.0,60.0,16.0,16.0,19.0,19.0,16.0,12.0,21.0,10.0,1.0,0.0,1825.0806953894158,0.0,117.96546722985359,0.0,0.0,0.0,613.8346319901416,0.0,5333.001349849088,3199800.809909453,4143866.9236714786,81.17992156734685,84.7637189837834,0.3477667116616363,0.7696255393796075,0.36028137401965956,84.7637189837834,0.3542647819438875,4143866.9236714786,0.2167844133642502 
 03/19  08:00:00,7.7,80.0,5.74,78.5,216.5,0.0,0.0,0.0,2.0,2.0,0.0,0.0,0.0,0.0,0.0,2540.0,0.0,134.13295694237514,48.58306670216084,124.49234953443858,4.022048645219883,107.05157736237737,0.0,48.58306670216077,66.416735495104,0.0,0.0,20.813831019687539,-665.8901076714101,19.845798039560877,472.00464990890716,20.866422381281948,-1904.7740364957895,20.064110318390886,656.3586198013104,16.258630037575359,25.4361628482108,18.991577536375364,-28.828631476891517,18.38659910453486,236.73760199707784,16.32452912310675,-280.2956057405196,19.01854334353036,-84.32846876574982,1174.6954025706319,767.3280392019444,0.0,0.0,0.0,0.0,0.0,0.0,0.0,0.0,0.0,0.0,0.0,0.0,0.0,0.0,0.0,0.0,0.0,0.0,0.0,0.0,0.0,0.0,1.3450356879384913,0.41057255431577879,382.57218773265466,454.4778903073254,10593.975150369348,0.32605274230233807,0.04976384955774391,292.75374767446456,348.76647470080749,7612.753594232301,1.075170899472675,0.20316910420874438,498.3868950343891,591.6952334814869,13883.05089401358,0.30457001391678248,0.05755291268268753,329.5117703470023,392.21943988323087,8720.182214933531,0.0,0.0,12.362813573192924,14.945705231324772,217.13921389505897,0.0,0.0,14.65432391412321,17.514295022741437,346.3108292674861,0.0,0.0,104.57364425682504,125.19414931907531,2421.335437260654,0.0,0.0,49.756998246103339,60.12084315138496,883.185083752386,0.0,0.0,22.782788819562549,27.179863027299896,554.6254688721748,41.068489653003037,28.1676883765453,614.3549942607114,734.2273730885513,15830.909585478334,0.0,0.0,66.31718547223695,80.89351607430054,819.5929025319629,923.1645859667918,21.468883675717558,31.94877094998169,21.5,30.0,0.0,20.636791612747886,33.676598726814237,16.0,30.0,2362.220184120977,21.65611909633356,31.62062691087467,21.75,30.0,0.0,20.888001237379183,33.13344241223423,16.0,30.0,0.0,16.30297020775284,43.87939272857402,12.0,30.0,743.1395709462383,19.41093842839475,41.81654785030775,19.5,30.0,0.0,19.157014390362688,36.82441322905284,10.0,30.0,0.0,16.417432800624156,43.91498381263373,16.0,30.0,865.2794485157428,19.69767296225041,39.61415365197447,19.5,30.0,0.0,19.708758659650884,0.0,0.0,0.0,13.673114242524332,0.0,0.0,486.0364681279654,493.0491089817677,486.6762293839697,489.5598995595931,498.5216416311171,883.6241424324603,492.4771000907091,514.8626857659355,777.1599644151152,9840.902373473878,81.49769141054391,85.31954158720915,60.0,0.0,60.0,60.0,16.0,16.0,19.0,19.0,16.0,12.0,21.0,10.0,1.0,0.0,923.1645859667918,0.0,2362.220184120977,0.0,743.1395709462383,0.0,0.0,865.2794485157428,5783.313350208495,3469988.010125097,4541583.902901433,81.49769141054391,85.38444929088078,0.36277711167361656,0.7654758363707642,0.36028137401965956,85.38444929088078,0.3542647819438875,4541583.902901433,0.2374890296175412 
 03/19  08:10:00,7.835,80.0,6.001666666666667,86.33333333333334,230.0,0.0,0.0,0.0,2.0,2.0,0.0,0.0,0.0,0.0,0.0,1905.0,0.0,147.5198770750323,46.55367548665261,119.29226931149619,4.423466051578994,117.73572206708589,0.0,46.553675486652569,63.64240384570851,0.0,0.0,20.82035445812248,-1034.7323434848314,19.84650874454893,429.85312922803259,20.939884686974957,-1440.546402786923,20.11656050861057,343.62912610404819,16.257522897714176,27.72595274362618,19.156719269950757,-31.15752742813678,18.348494868855825,222.1613688447657,16.53678405446432,-314.0336781337013,18.91992487198732,-84.9176063677838,1130.305139107577,754.9447226232726,0.0,0.0,0.0,0.0,0.0,0.0,0.0,0.0,0.0,0.0,0.0,0.0,0.0,0.0,0.0,0.0,0.0,0.0,0.0,0.0,0.0,0.0,1.3146578088924819,0.4012996974641275,383.560392540252,455.2159441207418,10591.66826584818,0.31072373639917508,0.047424257692181798,278.13497964617366,331.21899727335775,7127.523666783203,1.1534293099280438,0.21795716362963797,363.5589616048815,431.26926114011328,10059.682159267955,0.2791234428261286,0.052744414744166388,211.73743889482518,251.76771374247523,5572.481560052659,0.0,0.0,12.67122098909509,15.313648281803385,219.1691588541201,0.0,0.0,14.024492385918963,16.73570724034064,336.74805901188497,0.0,0.0,105.32055129968806,126.08676738653787,2389.7894071496568,0.0,0.0,52.55390818613017,63.421412421991309,953.7165370735414,0.0,0.0,24.980473889623135,29.84620519850124,588.6006279269619,41.78051532753866,28.65604617801006,519.160155176759,620.1901341147755,13309.262568527725,0.0,0.0,68.08644449336123,82.99205828753364,843.1297744953973,1572.7935754019919,21.597787112571685,31.79725265518126,21.666666666666666,30.0,0.0,20.585204199235933,33.86926793904202,16.0,30.0,2364.433250267768,21.652391662934855,31.720252609339565,21.666666666666666,30.0,0.0,20.88157678177786,33.24925834754613,16.0,30.0,0.0,16.306301415378316,44.07867311919513,12.0,30.0,0.0,19.741492017440437,41.26165621257619,19.0,30.0,0.0,19.061005764833554,37.19044255873487,10.0,30.0,926.837677299116,16.767864780202048,43.483543278706537,16.666666666666669,30.0,0.0,19.503817873187335,39.90533793612089,19.0,30.0,0.0,19.589898422452458,0.0,0.0,0.0,13.824484174955999,0.0,0.0,487.06406533337477,493.1317246110491,487.14657908582867,493.1578469522283,502.3560801100309,883.251104216449,496.3028608009274,537.2846801689634,751.2956217029398,7897.991661015088,82.78251909198025,82.78251909198025,60.0,0.0,60.0,60.0,16.0,16.0,19.0,19.0,16.0,12.0,21.0,10.0,1.0,0.0,1572.7935754019919,0.0,2364.433250267768,0.0,0.0,0.0,926.837677299116,0.0,0.0,0.0,0.0,82.78251909198025,82.78251909198025,0.34,0.7691544252990441,0.36028137401965956,82.78251909198025,0.3542647819438875,0.0,0.00135 
 03/19  08:20:00,7.970000000000001,80.0,6.263333333333334,94.16666666666666,243.5,0.0,0.0,0.0,2.0,2.0,0.0,0.0,0.0,0.0,0.0,2540.0,0.0,160.88885850491,45.02022748878937,115.36301923835576,4.824346095182717,128.40555575191918,0.0,45.02022748878932,61.54606417464673,0.0,0.0,20.753191939142814,-807.2449480160617,19.84890063822831,371.49886650736587,20.97100783913721,-1519.0433859052649,20.10834039314109,334.20882389573628,16.255209781058107,25.627550951419935,18.969666372087049,-19.263322886564283,18.376034584499736,236.82712948408665,16.576532517439163,-280.8849098063243,18.722337697812717,-46.309940161793097,1091.8129416144607,668.721749163142,0.0,0.0,0.0,0.0,0.0,0.0,0.0,0.0,0.0,0.0,0.0,0.0,0.0,0.0,0.0,0.0,0.0,0.0,0.0,0.0,0.0,0.0,1.2894178620435164,0.39359519598397937,329.0404415617691,390.93365352551299,8869.086085559611,0.3030128719164855,0.04624738582363942,261.26717829134148,311.2896640449486,6606.35298707301,1.1137285264741002,0.2104551259399283,336.66215878167409,399.5626508253664,9204.237945640445,0.2679690726368159,0.05063663504097049,227.90301456615044,271.18004540959097,5900.140194242901,0.0,0.0,12.257598558448306,14.819122693219456,208.63930002982989,0.0,0.0,13.432673256524545,16.051066975235629,311.48378784730599,0.0,0.0,100.64996929071013,120.51884515888227,2261.48742577184,0.0,0.0,45.650156974431798,55.082724037729949,824.3516759183808,0.0,0.0,18.86107825062554,22.56847194156275,427.497252850359,42.53885595726195,29.17617006670917,480.77086640631128,574.7105924303005,12187.972316715217,0.0,0.0,61.207484409075117,74.6335809075868,737.7968710724675,1080.7667458790716,21.356974259435064,32.43088342302789,21.5,30.0,0.0,20.5428341658139,34.103934200494709,16.0,30.0,1924.011692485873,21.571896160951885,32.03784063006846,21.5,30.0,0.0,20.83567655129685,33.48927627956536,16.0,30.0,0.0,16.306352333780514,44.318648807532017,12.0,30.0,0.0,19.456369692929774,42.379843401986928,19.0,30.0,0.0,19.086713921359899,37.353106868326438,10.0,30.0,0.0,16.83054168665889,43.671555644428909,16.0,30.0,0.0,19.182451357385419,41.085027324885739,19.0,30.0,0.0,19.46988248772207,0.0,0.0,0.0,13.80200041478049,0.0,0.0,487.54816466563048,494.1074702005763,487.85046717262147,493.3319606083535,508.84290569184545,893.0374034996817,501.55069160506897,552.4027115111354,767.0818873494061,10502.338214453683,81.06040055912155,84.78482259363344,60.0,0.0,60.0,60.0,16.0,16.0,19.0,19.0,16.0,12.0,21.0,10.0,1.0,0.0,1080.7667458790716,0.0,1924.011692485873,0.0,0.0,0.0,0.0,0.0,5636.041591637218,3381624.9549823307,4395602.118524295,81.06040055912155,84.84807564401206,0.3578680530545739,0.7703209245108212,0.36028137401965956,84.84807564401206,0.3542647819438875,4395602.118524295,0.22994464349659669 
 03/19  08:30:00,8.105,80.0,6.525,102.0,257.0,0.0,0.0,0.0,2.0,2.0,0.0,0.0,0.0,0.0,0.0,2540.0,0.0,174.23269106824459,44.34507302777131,113.63310138114058,5.224472547256719,139.05532367523393,0.0,44.34507302777127,60.62307683976572,0.0,0.0,20.859904290423626,-1663.8646263740507,19.91851784995743,535.0354019630786,20.58377414069364,-324.91645194450987,20.05038227057116,174.95270612876699,16.254508043160479,30.605455418465426,18.850083292462864,-16.744200056720133,18.42419009964359,256.58326832535729,16.10629314960817,-236.37199706135926,18.949831101387106,-92.2991238956335,1145.452237195328,777.9520840239929,0.0,0.0,0.0,0.0,0.0,0.0,0.0,0.0,0.0,0.0,0.0,0.0,0.0,0.0,0.0,0.0,0.0,0.0,0.0,0.0,0.0,0.0,1.2897110202369467,0.3936846826120106,473.9468716205144,562.7716850378738,12795.356463901362,0.29768759915282269,0.045434615255314819,278.4030309842894,331.6033225603848,7015.546883951753,1.2777963895980716,0.24145812350681634,271.278241786607,322.61683525530887,7162.718073680077,0.28655043642449426,0.05414785268792407,192.3985037388585,229.03463586526244,4874.768882572334,0.0,0.0,12.58687219966939,15.21582726318786,210.8803399695894,0.0,0.0,14.5906074306404,17.44538413946722,328.41383680107739,0.0,0.0,115.9677292282877,138.82939267964063,2590.4300672520027,0.0,0.0,56.28265402308861,68.08145452149712,920.6911849147166,0.0,0.0,19.968051662469809,23.839569498316409,462.40469984876907,43.49961294093022,29.835125473889055,516.9100690701597,617.8762397922586,13018.222995100175,0.0,0.0,73.30280464722356,89.29279204348318,906.6850691044087,1822.1322361838398,21.57147123035845,32.29481931571429,22.0,30.0,0.0,20.645535181058617,34.21520325242395,16.0,30.0,74.7382579474702,21.214010274679958,32.98431697648889,21.0,30.0,0.0,20.69531144928304,34.10614017764585,16.0,30.0,0.0,16.310016133567875,44.535315881037238,12.0,30.0,0.0,19.247080547473027,43.298876084981788,19.0,30.0,0.0,19.159519146060789,37.45145461331844,10.0,30.0,47.79891701070327,16.110240621127454,45.578750038607569,16.0,30.0,878.7541213888974,19.488192731492764,40.83052047161189,19.5,30.0,0.0,19.634646469648595,0.0,0.0,0.0,14.095218608026232,0.0,0.0,492.1177054988152,499.8980213062153,491.9529279567732,500.41912875115897,510.5294366918446,906.8413820984216,502.6470437870244,530.173666675643,795.3062338755403,8047.5323625945079,82.68373354114799,82.68373354114799,60.0,0.0,60.0,60.0,16.0,16.0,19.0,19.0,16.0,12.0,21.0,10.0,1.0,0.0,1822.1322361838398,0.0,74.7382579474702,0.0,0.0,0.0,47.79891701070327,878.7541213888974,0.0,0.0,0.0,82.68373354114799,82.68373354114799,0.34,0.7686696466082863,0.36028137401965956,82.68373354114799,0.3542647819438875,0.0,0.0013966666666666668 
 03/19  08:40:00,8.24,80.0,6.786666666666667,113.0,258.6666666666667,0.0,0.0,0.0,2.0,2.0,0.0,0.0,0.0,0.0,0.0,5080.0,0.0,190.53831338763536,46.62906337080418,119.48582163124354,5.71340612019085,152.06885677572883,0.0,46.62906337080416,63.745464798857678,0.0,0.0,20.94772434381437,-1481.4530396878002,19.99276107446388,507.0412571946795,20.860271387180334,-1034.9347530720918,20.077185307658124,427.79942402890517,16.259066061957378,35.03016265328605,18.76495646867441,-26.941559179916795,18.46882265173427,299.4309543453794,16.905935601695835,-293.6986543687252,19.549953415498128,-109.43863508741191,1162.589181334392,707.414600932406,0.0,0.0,0.0,0.0,0.0,0.0,0.0,0.0,0.0,0.0,0.0,0.0,0.0,0.0,0.0,0.0,0.0,0.0,0.0,0.0,0.0,0.0,1.251438301307221,0.38200192347595265,424.27218936817908,503.76291690526628,11425.147238017833,0.30159871418997349,0.046031549784794487,290.7880618177466,346.4409024421484,7290.776062130562,1.162917554916783,0.21975010485955846,320.99284696619636,381.44604959976138,8615.262494810002,0.2935403383659043,0.05546869583633866,267.66485376571037,318.9168137038014,6735.261961652412,0.0,0.0,13.274177991508323,16.0545037570962,219.03829042559046,0.0,0.0,16.3921056611052,19.621170527279746,359.6996878893213,0.0,0.0,104.89879885634064,125.62374111988685,2326.888477784015,0.0,0.0,47.683747286220668,57.49952651182773,875.797576196701,0.0,0.0,29.393805270983007,35.064115600382738,708.3281317431992,44.408813175061258,30.45871959880746,550.9955120102194,658.858926575811,13701.703544352767,0.0,0.0,65.72367628464854,80.07451578963581,813.9368881266805,1828.6878905011704,21.666471533931455,32.3356895621429,22.0,30.0,0.0,20.723537378318264,34.29193821514625,16.0,30.0,1415.2925830299726,21.4998392255378,32.6644647250788,21.375,30.0,0.0,20.767128161360828,34.13776887027417,16.0,30.0,0.0,16.32166216378689,44.75010264832459,12.0,30.0,0.0,19.097391317573427,43.58398049773961,19.0,30.0,0.0,19.22399124721444,37.53735073859402,10.0,30.0,1346.800391079785,17.35192581383463,42.54102712868418,20.7,30.0,421.7555149159293,20.193902035743265,38.895309769047447,19.25,30.0,0.0,19.663395899925207,0.0,0.0,0.0,14.238945287798695,0.0,0.0,494.187154220356,502.40433012653087,494.96798433993248,498.05188034527267,512.5181134300531,891.7164992939347,503.58398491865588,543.5004171599169,766.1845351317406,10616.946878434488,80.98458423198749,84.76258075442613,60.0,0.0,60.0,60.0,16.0,16.0,19.0,19.0,19.7,12.0,21.0,10.0,1.0,0.0,1828.6878905011704,0.0,1415.2925830299726,0.0,0.0,0.0,1346.800391079785,421.7555149159293,5717.01301213069,3430207.8072784144,4474204.046992963,80.98458423198749,84.82674367746484,0.36056710040435638,0.768273327456803,0.36028137401965956,84.82674367746484,0.3542647819438875,4474204.046992963,0.23407861044363405 
 03/19  08:50:00,8.375,80.0,7.048333333333333,124.0,260.3333333333333,0.0,0.0,0.0,2.0,2.0,0.0,0.0,0.0,0.0,0.0,3175.0,0.0,223.24402620774166,50.550817922973617,129.53521976599007,6.694087658886227,178.17111896875313,0.0,50.55081792297359,69.10680059852989,0.0,0.0,20.962561593406396,-1391.7256112986068,20.06474912478332,503.10584295906008,20.902701713169749,-1009.256825232913,20.136693335994609,438.07286147170569,16.266448698424456,34.743190187703209,19.141981825743213,-30.58465808521275,18.610152331226453,343.9039010718564,18.004804181956108,-243.15496496073593,19.14909873647256,-33.9077837338844,1188.1408926530219,478.4063073003931,0.0,0.0,0.0,0.0,0.0,0.0,0.0,0.0,0.0,0.0,0.0,0.0,0.0,0.0,0.0,0.0,0.0,0.0,0.0,0.0,0.0,0.0,1.2407524060869449,0.3787400506980907,419.55899007668907,498.20084282917278,11109.997171974952,0.29858330956431869,0.04557132319357733,288.9832199635299,344.031966925727,7205.717318952313,1.1389856956486529,0.21522783364487026,318.86595968910538,378.6188011674132,8456.053791877599,0.29137889422814558,0.05506025968029961,267.0081440544631,317.7936762419401,6689.625017986129,0.0,0.0,13.138601029098805,15.884536968830643,213.55699674368473,0.0,0.0,15.07089390261449,18.00149667245152,343.57518429620549,0.0,0.0,89.35635108239669,106.89970178373605,1997.7839974426325,0.0,0.0,25.76175994785275,30.889874414794745,554.1016165108738,0.0,0.0,18.92279096921922,22.610996681344184,436.22020953549318,45.320389193939188,31.08394320571962,558.9215117824084,667.8190034203674,13795.182967730145,0.0,0.0,43.20062601228122,52.665655298661977,510.47719180528977,1525.1979700045918,21.597455120207955,32.643225385394057,21.8,30.0,0.0,20.788604043315709,34.33389724307529,16.0,30.0,1485.3732654386793,21.53318999487821,32.79278630851085,21.400000000000003,30.0,0.0,20.831419464551379,34.22234923199455,16.0,30.0,0.0,16.33527470356926,45.070333493233999,12.000000000000002,30.0,737.106227026508,19.699279734953444,41.934253246479659,19.400000000000003,30.0,0.0,19.456818301751,37.20661359776845,10.0,30.0,1321.8568296177344,19.22015573385328,38.27653868736988,20.7,30.0,0.0,19.779613845728286,40.3275278895327,19.0,30.0,0.0,19.704864205738678,0.0,0.0,0.0,14.052879256801078,0.0,0.0,495.3618659802521,502.70867178869198,495.6740533796743,500.0147053036363,518.6028277222015,879.7507427997022,501.5390259080099,563.9619592405084,772.4802396378681,10166.045500880715,81.28287694799269,85.45970065892442,60.0,0.0,60.0,60.0,16.0,16.0,19.0,19.0,19.7,12.0,21.0,10.0,1.0,0.0,1525.1979700045918,0.0,1485.3732654386793,0.0,737.106227026508,0.0,1321.8568296177344,0.0,6321.121832639101,3792673.099583461,4954594.822760583,81.28287694799269,85.53063699163917,0.3467040610879701,0.7663137483891118,0.36028137401965956,85.53063699163917,0.35426478194388757,4954594.822760583,0.259085597450217 
 03/19  09:00:00,8.51,80.0,7.31,135.0,262.0,0.0,0.0,0.0,2.0,2.0,0.0,0.0,0.0,0.0,0.0,1905.0,0.0,258.56248667730059,54.406712856276858,139.41585545511115,7.753110931971282,206.3585846846747,0.0,54.406712856276829,74.3781013060812,0.0,0.0,20.930959912216829,-1147.9436937106526,20.103173520928395,357.8132019107976,21.012983375902296,-1373.181909238263,20.184087735965286,355.56501845406577,16.270329358256789,30.568611446824478,19.18658172961942,-16.006082462693308,18.698733162167448,288.09918719890188,18.909390655132286,-110.12388872452905,18.938242247890373,-82.88454137367346,1097.5163527207838,373.6622201503666,0.0,0.0,0.0,0.0,0.0,0.0,0.0,0.0,0.0,0.0,0.0,0.0,0.0,0.0,0.0,0.0,0.0,0.0,0.0,0.0,0.0,0.0,1.2028400678998246,0.3671672978937197,335.4086942272544,398.01804444011278,8791.502410662146,0.282339771245065,0.04309215067842877,248.13590550845596,295.2105562186201,6119.689063835336,1.1097921474689557,0.2097112901490848,292.591609843178,346.9343888334888,7723.355636266473,0.27447102041723628,0.05186527218768639,232.89840529839763,276.92929159895416,5796.078682727369,0.0,0.0,12.519695789835465,15.127329086992841,200.21457971470236,0.0,0.0,13.120218093048877,15.655809495243883,296.13979092365107,0.0,0.0,75.72108055588741,90.48481221342473,1691.63613257924,0.0,0.0,18.81203228397949,22.383206594659727,462.1650789695059,0.0,0.0,16.086138435426969,19.212223109466636,353.66226519830107,46.10164267383699,31.61978235516944,473.2718650377382,565.2519258147986,11595.664570244575,0.0,0.0,31.055755653041737,37.839476909326659,348.23194338446498,1640.3246103201,21.563786444520106,32.87894886002209,21.666666666666687,30.00000000000002,0.0,20.773539857627797,34.498393597431277,16.000000000000015,30.00000000000002,2194.1898218211028,21.663196968068588,32.719188500162477,21.666666666666687,30.00000000000002,0.0,20.855986459986867,34.32192779944324,16.000000000000015,30.00000000000002,0.0,16.3408349691506,45.309936724569478,12.00000000000001,30.00000000000002,0.0,19.70089259537408,42.514612684564017,19.000000000000015,30.00000000000002,0.0,19.57856669060545,37.04806376807449,10.000000000000007,30.00000000000002,1221.849040719886,20.701359569695329,35.07171839732958,20.700000000000015,30.00000000000002,0.0,19.413026505470009,42.12783574716185,19.000000000000015,30.00000000000002,0.0,19.442155728293707,0.0,0.0,0.0,13.927981817916738,0.0,0.0,493.6945860583392,502.61963570808288,492.93149686842176,502.7329780366391,519.8025970599736,900.1401844506054,496.7133495273573,562.6566617669807,815.7255401674619,9378.40885207675,81.80364835863628,84.19044180198797,60.00000000000004,0.0,60.00000000000004,60.00000000000004,16.0,16.0,19.0,19.0,19.7,12.0,21.0,10.0,1.0,0.0,1640.3246103201,0.0,2194.1898218211028,0.0,0.0,0.0,1221.849040719886,0.0,3612.0227796561109,2167213.6677936648,2809602.129170814,81.80364835863628,84.23097747826653,0.34706742598853726,0.7679400403347991,0.3602813740196598,84.23097747826653,0.3542647819438878,2809602.129170814,0.14757264405021568 
 03/19  09:10:00,8.728333333333334,79.0,7.206666666666667,146.0,263.6666666666667,0.0,0.0,1.0,2.0,0.0,0.0,0.0,0.0,0.0,4.0,3175.0,0.0,300.6866131880505,58.196483645935078,149.127050769782,9.016198375496156,239.9775754295291,0.0,58.19648364593505,79.5590052960841,0.0,0.0,21.06154275909263,-1529.814025130825,20.175352924702339,463.06520791737389,20.634119355157034,-668.6918317964974,20.213981480596439,189.89165941418399,16.274574380501219,33.63134220447887,19.08879836926274,-11.885504467063563,18.678261633399396,230.16482062468078,18.705115467210044,-35.02675089206541,18.613218543770718,-429.82948435597998,1135.5413081054686,781.7235027797808,0.0,0.0,0.0,0.0,0.0,0.0,0.0,0.0,0.0,0.0,0.0,0.0,0.0,0.0,0.0,0.0,0.0,0.0,0.0,0.0,0.0,0.0,1.1470732950614074,0.350144473461968,359.2489787405167,426.2803170488436,9394.647926046677,0.2815856878730802,0.04297705858868745,285.5456053738811,339.9062813809152,6943.959416601292,1.17107119426665,0.2212908530360262,212.02732515783775,252.14878257689629,5350.846265457665,0.2706694702793139,0.05114691426290889,215.53515639494843,256.6555494181741,5257.363786667013,0.0,0.0,12.405904256452486,14.99789646251817,193.0152751387483,0.0,0.0,14.17175251119979,16.932817411546315,307.9341883021792,0.0,0.0,129.91754124224566,155.25718360714519,2823.2397204952178,0.0,0.0,21.422236621846506,25.5535108245623,497.0071132794186,0.0,0.0,73.63935791833919,88.1699877169135,1488.5645872543692,45.597512940263658,31.274014362320764,493.1855764637352,589.4715871375523,11898.344624757217,0.0,0.0,77.86068375003643,94.53148244526418,969.2221944036946,1806.5444993868796,21.76579055675082,32.77202080113983,22.0,30.0,0.0,20.839543044380208,34.64677019353984,16.0,30.0,35.6223486689729,21.211236338630184,34.852493144185,21.0,30.0,0.0,20.85756635982844,35.19573172620641,19.0,30.0,0.0,16.3469895439479,45.53929017825941,12.000000000000002,30.0,0.0,19.492828707328078,43.58692085433333,19.0,30.0,0.0,19.488261304538186,38.042845643703639,10.0,30.0,0.0,20.218384221472154,37.50960922920687,19.7,30.0,0.0,18.854032718868774,41.27570578768709,12.000000000000002,30.0,0.0,19.69899699968606,0.0,0.0,0.0,14.597284553840428,0.0,0.0,500.3673646905014,505.0866201159423,549.1503991135455,533.9641737303839,522.5635293099963,918.240530166785,540.3997028336734,621.3988371178588,664.60486142738,9330.727274170733,81.83527570435301,83.21046882133551,220.0,0.0,220.0,220.0,16.0,19.0,19.0,12.0,19.7,12.0,21.0,10.0,1.0,0.0,1806.5444993868796,0.0,35.6223486689729,0.0,0.0,0.0,0.0,0.0,2081.2165861453447,1248729.9516872066,1616745.6675431145,81.83527570435301,83.23382416578971,0.3413738862048448,0.7692919314468242,0.36028137401965956,83.23382416578971,0.35426478194388757,1616745.6675431145,0.08957077471224195 
 03/19  09:20:00,8.946666666666668,78.0,7.1033333333333339,157.0,265.3333333333333,0.0,0.0,1.0,2.0,0.0,0.0,0.0,0.0,0.0,4.0,2540.0,0.0,348.9837189663599,61.92071760524649,158.6703105692908,10.464379195299707,278.52315075037918,0.0,61.92071760524645,84.65031547034423,0.0,0.0,21.126370284866803,-1481.1230858324785,20.273854283655269,459.3439738362126,21.005600868997158,-1134.4606013648098,20.24733946122143,471.6994029456607,16.290053015782605,42.45686187637122,19.02896498372708,-18.877649688216225,18.568381331907923,101.83897397682495,18.89421286069898,-82.75661222874462,18.002200638063689,-619.0504607272866,1155.252441028968,1213.5271792840627,0.0,0.0,0.0,0.0,0.0,0.0,0.0,0.0,0.0,0.0,0.0,0.0,0.0,0.0,0.0,0.0,0.0,0.0,0.0,0.0,0.0,0.0,1.1929577216333334,0.36415070867928375,361.75781490260717,429.05167397497777,9356.351106574199,0.2906992585699909,0.04436801870726356,288.8846399809596,343.6887646238343,6948.048467824265,1.011715286194731,0.19117824758025912,288.9845372327382,342.78400662840826,7443.403744492348,0.2797765584594427,0.052867830396720067,289.7255019994641,344.63216324894656,6983.075673635946,0.0,0.0,12.170725594150012,14.708468701070949,184.5639400489,0.0,0.0,15.502250808083194,18.526017816024678,325.44936674523856,0.0,0.0,214.85679878237716,257.01621571856966,4463.526247708194,0.0,0.0,29.61007117849919,35.25139817634742,688.2323958319738,0.0,0.0,163.72705410306899,196.80176021234696,2938.4991283991287,45.14369159301083,30.962751435535556,570.748166566243,681.4501793200756,13534.064305404565,0.0,0.0,169.47299190134036,204.96507468965747,2447.768141244979,1816.1574242682376,21.841730818762778,33.08565299300929,22.0,30.0,0.0,20.927885157211674,34.89305029171627,16.0,30.0,1375.3957560643508,21.782044568892233,33.91681306654587,21.5,30.0,0.0,20.92498289515104,35.561514770798428,19.0,30.0,0.0,16.372210631447766,45.97583592448575,12.0,30.0,0.0,19.340523759314825,44.26895071479663,19.0,30.0,0.0,19.250546704957406,38.970324178751898,10.0,30.0,807.4141204731973,20.48622535170164,37.61314493141907,20.2,30.0,0.0,17.825292082936387,42.645118820950127,12.0,30.0,0.0,19.864048070372506,0.0,0.0,0.0,15.92748854299157,0.0,0.0,520.1336038073392,520.4529760712743,559.8069513135657,553.9216616144017,539.3033870155343,926.0315182894896,559.5813356169798,661.1175432082996,572.2954266162878,8473.147595540297,82.40231882263541,82.40231882263542,220.0,0.0,220.0,220.0,16.0,19.0,19.0,12.0,19.7,12.0,21.0,10.0,1.0,0.0,1816.1574242682376,0.0,1375.3957560643508,0.0,0.0,0.0,807.4141204731973,0.0,0.0,0.0,0.0,82.40231882263541,82.40231882263541,0.34,0.7710422698956381,0.36028137401965956,82.40231882263541,0.3542647819438875,0.0,0.005561111111111111 
 03/19  09:30:00,9.165,77.0,7.0,168.0,267.0,0.0,0.0,1.0,2.0,0.0,0.0,0.0,0.0,0.0,4.0,1270.0,0.0,402.611528137656,65.57997198099567,168.04706267035466,12.072398178543125,321.3230994593098,0.0,65.57997198099563,89.65279362746364,0.0,0.0,21.199293420998808,-1505.1053048474842,20.373949239891176,419.65816197969346,20.808264821850388,-434.81230004861257,20.225563480918085,84.30835544245838,16.31357139595093,43.51894786275565,18.995054019404905,-28.674147666187254,18.347016263547894,110.90109005188697,18.838704509096745,-86.80445181334523,17.61672366910896,-374.4224320813187,1088.0849280028388,1152.1852742305924,0.0,0.0,0.0,0.0,0.0,0.0,0.0,0.0,0.0,0.0,0.0,0.0,0.0,0.0,0.0,0.0,0.0,0.0,0.0,0.0,0.0,0.0,1.0595217845317762,0.3234193481476728,362.58059173888446,429.439318623983,9268.783256326804,0.26411062922335878,0.040309925095140228,280.92410382513006,333.7827384598803,6675.689550421663,1.172535465581468,0.22156754829581788,218.23921592542693,259.28006511622535,5293.291303166371,0.2628526226632945,0.04966980775950386,211.63035799641313,251.7477082958271,4980.837191882089,0.0,0.0,12.027831452996228,14.517897455769856,177.93718707849298,0.0,0.0,16.287674245956326,19.44947760811003,331.57588692048429,0.0,0.0,243.39173253729354,291.2897453689285,4767.739478858594,0.0,0.0,29.672185174302926,35.353221883177,656.9926003448902,0.0,0.0,190.13010889199846,228.77184085570355,3140.2693129696378,44.46680324622006,30.498493310164663,493.0991281976194,588.3910357212259,11535.955614167286,0.0,0.0,196.06223361301023,236.6883234574509,2872.011537709999,1818.9605812488154,21.91563283757141,33.13705284251672,22.0,30.0,0.0,21.004993186508054,35.010990240082097,16.0,30.0,831.3536322383294,21.422101863058296,35.2875559826352,21.5,30.0,0.0,20.79354711480309,35.820738904801917,19.0,30.0,0.0,16.408041202604033,46.25886619737001,12.0,30.0,0.0,19.23653421973993,44.482801885344048,19.0,30.0,0.0,18.84634387247575,39.983498911411178,10.0,30.0,668.1038241223417,20.199743890602787,38.254431607371959,20.2,30.0,0.0,17.27923922057977,44.28841435097918,12.0,30.0,0.0,19.81051002945646,0.0,0.0,0.0,16.322369131867487,0.0,0.0,527.5223630687499,531.7392911286393,593.8158292872266,548.4335637310476,550.6537567214589,915.5123833339367,554.2842101912622,651.7569093575253,572.3137119178712,7757.541158260114,82.87542022965926,82.87542022965926,220.0,0.0,220.0,220.0,16.0,19.0,19.0,12.0,19.7,12.0,21.0,10.0,1.0,0.0,1818.9605812488154,0.0,831.3536322383294,0.0,0.0,0.0,668.1038241223417,0.0,0.0,0.0,0.0,82.87542022965926,82.87542022965926,0.34,0.7705600164510551,0.36028137401965956,82.87542022965926,0.3542647819438875,0.0,0.005622222222222223 
 03/19  09:40:00,9.383333333333333,76.0,6.8966666666666669,177.66666666666667,274.0,0.0,4.0,0.0,0.0,0.0,0.0,0.0,0.0,0.0,0.0,3175.0,0.0,461.0599847673084,68.95213349505949,176.68816240397815,13.824962753941968,367.97036450085258,0.0,68.95213349505944,94.2627940767845,0.0,0.0,20.82267064928765,-1160.2601499061798,20.440740989777106,296.5275115235548,20.8537042109118,-253.8191117691102,20.14352556803114,-47.94846166485359,16.32775069009748,36.705677035436639,18.922963448652309,-53.82540824856625,18.235707426212345,75.06539820543658,18.61321597072401,-94.61452154115873,17.48754465476233,-262.4008083980449,907.6375588652107,1021.2450296847297,0.0,0.0,0.0,0.0,0.0,0.0,0.0,0.0,0.0,0.0,0.0,0.0,0.0,0.0,0.0,0.0,0.0,0.0,0.0,0.0,0.0,0.0,1.0706228714030835,0.32680795830374956,353.7748551468517,420.23889330514427,8659.984110135101,0.2484392228670273,0.03791807430815435,227.39085190679405,270.6691457939181,5313.429980116476,0.9490339734023088,0.17933370623626403,115.62865700876677,137.32651050121735,2810.4513651899017,0.290604298597853,0.0549138886239329,28.883877208815684,34.40718527703248,655.8781828201142,0.0,0.0,10.975289962334962,13.264325675539407,157.7790764172619,0.0,0.0,52.25989714415899,62.56963095867726,1024.2389032509237,0.0,0.0,281.1531684497112,337.1547129271213,5279.468275356919,0.0,0.0,31.29489146957333,37.38458693769786,658.0055381843066,0.0,0.0,194.27475108159,234.18189960754979,3074.674835360438,43.79845488061821,30.040092510712087,286.23454023072966,342.50583962698905,6686.713462988461,0.0,0.0,200.15879429772216,241.9196568628458,2863.861559122361,1087.1645738280125,21.50303999621278,34.39119761668837,21.6,30.0,0.0,21.01280977523235,35.36431793858531,16.0,30.0,0.0,21.465124556248168,34.70870448892715,21.0,30.0,0.0,20.580152682731837,38.85203950260032,19.0,30.0,0.0,16.422830632041163,46.599592635136598,12.000000000000002,30.0,0.0,19.071340540662829,41.92939852822275,16.0,30.0,0.0,18.65388780199074,41.218682757218058,10.0,30.0,0.0,19.77974353297095,38.65364517578238,16.0,30.0,0.0,17.154368453772859,44.9796058761074,12.000000000000002,30.0,0.0,19.320597442285807,0.0,0.0,0.0,16.373898075593759,0.0,0.0,541.5906323967113,543.4896353435674,556.6888711550423,702.2118619884577,564.4436428767169,714.538553505005,589.7033948236561,611.1388249590584,582.24022140678,7267.841960972574,81.75015426272205,83.15146078919429,132.0,0.0,132.0,132.0,16.0,19.0,16.0,12.0,16.0,12.0,21.0,10.0,1.0,0.0,1087.1645738280125,0.0,0.0,0.0,0.0,0.0,0.0,0.0,2120.6963835794997,1272417.8301476998,1647467.1828351755,81.75015426272205,83.17525962603219,0.27468987945265,0.5865696654419217,0.28822509921572767,83.17525962603219,0.28341182555511,1647467.1828351755,0.08907829350742915 
 03/19  09:50:00,9.601666666666667,75.0,6.793333333333333,187.33333333333332,281.0,0.0,4.0,0.0,0.0,0.0,0.0,0.0,0.0,0.0,0.0,2544.0,0.0,524.0935893694925,72.2819905671793,185.22085924734226,15.715010557245812,418.2769850652835,0.0,72.28199056717927,98.81496114666705,0.0,0.0,20.93206140909257,-1210.4878503423366,20.398048559281795,178.64897432898602,20.85866174868822,-429.90429087002988,20.17087024289985,-52.40495007883814,16.338453280753105,32.646898560258438,18.844995530979543,-50.822047880957487,18.119938947725218,96.30388942860145,18.030345191891038,-32.052734936678948,17.405328258473746,-220.86008792775284,927.7029746286758,852.0235680123317,0.0,0.0,0.0,0.0,0.0,0.0,0.0,0.0,0.0,0.0,0.0,0.0,0.0,0.0,0.0,0.0,0.0,0.0,0.0,0.0,0.0,0.0,1.0728547226772505,0.3274892315864623,325.00590767016475,385.8196385787732,7769.086677111074,0.23470902271738759,0.03582250041474169,202.75809347459339,241.22692379137173,4570.476175758483,0.9005102874664358,0.1701644534139146,122.2262254945692,144.79026945969754,2981.2948663122999,0.2383447730274441,0.04503869482755933,20.29721546815228,24.155736001207825,453.06881301805387,0.0,0.0,10.572168819584356,12.772695225186864,147.47672918104963,0.0,0.0,48.21226571121711,57.751588773337207,907.2269465339443,0.0,0.0,266.85025312101927,320.1299318453451,4798.128599107327,0.0,0.0,21.909000323903613,26.26630673496518,407.84068993605998,0.0,0.0,180.76594137909894,217.91102926734235,2752.6232900058814,43.04413219570214,29.522724414061835,263.309933484416,315.10740243320529,5881.799294772989,0.0,0.0,185.34163782752126,224.0037520014526,2552.13827736563,1744.5217510730118,21.50169138494407,34.63167919381209,22.0,30.0,0.0,20.826132775108989,36.026189013395228,16.0,30.0,1303.313284677401,21.491495911419084,34.68211686949849,21.5,30.0,0.0,20.58739059383878,42.018902921768539,19.0,30.0,0.0,16.431498504214465,46.98264317833636,12.0,30.0,0.0,18.900104824865055,40.942268077940799,16.0,30.0,0.0,18.473195498638974,41.72217695810326,10.0,30.0,0.0,18.75449000260171,40.972136108514039,16.0,30.0,0.0,17.075453154992635,45.495094556556029,12.0,30.0,0.0,19.117109550316699,0.0,0.0,0.0,16.324806880768386,0.0,0.0,541.8668733163667,545.3762648324346,542.748826338693,891.365628997571,577.1774201267754,611.9636168935588,579.5075945175537,591.8101491595315,588.2836118084593,8385.569542460287,82.4601644226066,84.16623149265667,132.0,0.0,132.0,132.0,16.0,19.0,16.0,12.0,16.0,12.0,21.0,10.0,1.0,0.0,1744.5217510730118,0.0,1303.313284677401,0.0,0.0,0.0,0.0,0.0,2581.9804548241124,1549188.2728944675,2012020.4762831473,82.4601644226066,84.1952061752601,0.34106601516080378,0.7704327960336206,0.36028137401965956,84.1952061752601,0.3542647819438875,2012020.4762831473,0.10813039810005702 
 03/19  10:00:00,9.82,74.0,6.69,197.0,288.0,0.0,4.0,0.0,0.0,0.0,0.0,0.0,0.0,0.0,0.0,1909.0,0.0,590.9377208461101,75.56898077581018,193.64371182703878,17.71931495339244,471.6247443272435,0.0,75.56898077581013,103.30852596421949,0.0,0.0,20.76999785399424,-534.4153653993245,20.389083566066846,107.4772792630372,20.94229648690876,-596.6956431391029,20.211558245704788,-49.899110827067307,16.349721939999307,29.67223582953813,18.81650187139102,-49.30820677931255,18.06112542170731,67.81349762946903,17.661876654994097,-7.915051299845938,17.352589784619576,-189.04920754954689,787.814711011811,742.9749499753218,0.0,0.0,0.0,0.0,0.0,0.0,0.0,0.0,0.0,0.0,0.0,0.0,0.0,0.0,0.0,0.0,0.0,0.0,0.0,0.0,0.0,0.0,1.077025278066802,0.32876229489218658,293.6451669591068,349.1260936252519,6643.645111446576,0.23002843395892848,0.035108124841106338,146.4301405388553,174.34403070698918,3211.2844911397698,0.7660947537607499,0.14476469269855456,140.84005825400707,167.18212181600223,3250.54969864373,0.19426228235331453,0.03670867013479112,16.989883530235859,20.219547473434284,372.5300684599984,0.0,0.0,10.125595935956263,12.228792940687536,136.94235998872666,0.0,0.0,45.84674389046175,54.91434546160912,833.9295029169309,0.0,0.0,256.1687862076648,307.31923645766008,4438.7934777192199,0.0,0.0,13.104022468693318,15.740776387730114,221.78267704996245,0.0,0.0,171.86049674535358,207.13113877223689,2526.274738144839,42.33532304251273,29.036572731490247,223.93306139300354,268.16754485060047,4917.877480946582,0.0,0.0,175.4268960852455,211.92814233749307,2345.6275369219158,670.1006092528093,21.1327881876836,35.63406881529214,21.33333333333335,30.00000000000002,0.0,20.70772758107808,36.4665036715029,16.000000000000015,30.00000000000002,985.1315991452581,21.579616880081788,34.813079038005557,21.33333333333335,30.00000000000002,0.0,20.61891311077312,43.936356350715779,19.000000000000015,30.00000000000002,0.0,16.440843114959784,47.176311339405959,12.00000000000001,30.00000000000002,0.0,18.80496920958961,40.94377164746605,16.000000000000015,30.00000000000002,0.0,18.363383127744397,42.05951246445244,10.000000000000007,30.00000000000002,0.0,18.127183344768715,42.62126026699596,16.000000000000015,30.00000000000002,0.0,17.03271311239471,45.687649591993977,12.00000000000001,30.00000000000002,0.0,18.918401027737205,0.0,0.0,0.0,16.34807905248534,0.0,0.0,546.0345214212082,549.0920584028246,550.9083690769268,1004.3897073991752,579.2698429433634,586.0204869197672,573.3709235975322,586.1068550164258,581.7720453796457,4665.021613994759,82.43133948641138,82.43133948641138,132.0000000000001,0.0,132.0000000000001,132.0000000000001,16.0,19.0,16.0,12.0,16.0,12.0,21.0,10.0,1.0,0.0,670.1006092528093,0.0,985.1315991452581,0.0,0.0,0.0,0.0,0.0,0.0,0.0,0.0,82.43133948641138,82.43133948641138,0.22666666666666686,0.46302218056315,0.24018758267977323,82.43133948641138,0.23617652129592518,0.0,0.003600666666666666 
 03/19  10:10:00,9.993333333333334,73.5,6.735,206.66666666666669,295.0,0.0,0.0,1.0,2.0,0.0,0.0,0.0,0.0,0.0,0.0,5733.0,0.0,660.8653576959326,78.81255743302802,201.95531908385545,19.81607655583234,527.4334141679947,0.0,78.81255743302798,107.7427411656026,0.0,0.0,21.005582105407126,-1673.2867734052464,20.463946441327328,362.78758610974566,20.879726700633876,-496.0227328415084,20.203499107113684,191.25080494143368,16.36495612691925,34.086864675222468,19.454207151515996,-66.043078803679,18.063500740625167,135.89760278008803,18.479213673092425,-79.50531106122249,17.3296262943,-155.216029583596,1032.1298432770494,745.4467499494989,0.0,0.0,0.0,0.0,0.0,0.0,0.0,0.0,0.0,0.0,0.0,0.0,0.0,0.0,0.0,0.0,0.0,0.0,0.0,0.0,0.0,0.0,0.9742402703031123,0.297387139897165,425.6746867079045,505.40596329945989,9897.510681323278,0.23158336653470427,0.03534544666280591,248.66068668582657,296.17212251779815,5386.6920433587979,0.9326118572701316,0.17623050968823354,246.87533508596847,293.5878519843578,5599.914037917449,0.2325639053972952,0.04394631621264081,233.45026011186065,278.087000970182,4994.419353310587,0.0,0.0,11.558398773270849,13.970291978409339,152.58653755698666,0.0,0.0,16.57609447720875,19.806478518385718,326.6825123305708,0.0,0.0,235.43383276764937,282.6296553953937,4013.1255968724428,0.0,0.0,23.70872803044724,28.316733304600203,461.0345440952153,0.0,0.0,180.2635616594053,217.41564813276697,2585.9058262172009,42.57347302727976,29.199912913086263,474.265617717364,567.0006674585233,10014.279128279599,0.0,0.0,184.57812938328864,222.99539478278514,2470.313402504773,1808.3487931732569,21.597852881430549,35.83162963317485,21.999999999999994,29.999999999999994,0.0,20.785511865826828,37.43916583811981,15.999999999999997,29.999999999999994,480.17096622438199,21.24896444044434,36.546416901294858,21.111111111111108,29.999999999999994,0.0,20.637824033751114,38.429617898139628,15.999999999999997,29.999999999999994,0.0,16.457230632627906,47.36280673107431,11.999999999999997,29.999999999999994,788.6291915852096,19.7616435223512,39.762821630947197,19.555555555555555,29.999999999999994,0.0,18.401121131450844,42.61157005850858,9.999999999999999,29.999999999999994,1298.5460973391378,19.397432193065137,40.25238381641953,20.7,29.999999999999994,0.0,17.032781407077619,46.000462963704638,11.999999999999997,29.999999999999994,0.0,19.60748392040814,0.0,0.0,0.0,16.530886634083879,0.0,0.0,615.3406450740495,607.5754688276807,611.3955175104861,647.2202048350334,580.2949117308422,661.5504441808906,591.2147255383995,637.5247802886959,583.3352270116299,10033.806702029173,81.37035170975146,83.65959221305431,59.999999999999989,0.0,59.999999999999989,59.999999999999989,16.0,16.0,19.0,12.0,19.7,12.0,21.0,10.0,1.0,0.0,1808.3487931732569,0.0,480.17096622438199,0.0,788.6291915852096,0.0,1298.5460973391378,0.0,3464.5390852273569,2078723.4511364136,2704173.619816944,81.37035170975146,83.69847111655732,0.34215130284091196,0.7697737272846494,0.36028137401965945,83.69847111655732,0.3542647819438875,2704173.619816944,0.14229702823048114 
 03/19  10:20:00,10.166666666666668,73.0,6.780000000000001,216.33333333333335,302.0,0.0,0.0,1.0,2.0,0.0,0.0,0.0,0.0,0.0,0.0,1911.0,0.0,733.2313819747878,82.01217307720853,210.15427797426148,21.985951812798004,585.1881327864765,0.0,82.01217307720849,112.1168583292703,0.0,0.0,21.15394031598313,-1081.9544715622442,20.626908119393439,360.69821766270607,21.157730480112826,-1623.527669511308,20.336158822017184,541.7052225552899,16.389191893801198,35.36688314580864,19.541999609598379,-68.28154789307892,18.069655691656508,124.61662226684588,19.306530291226687,-205.49806881708987,17.338511227568323,-99.9812246387728,985.4989427255287,755.6069243518266,0.0,0.0,0.0,0.0,0.0,0.0,0.0,0.0,0.0,0.0,0.0,0.0,0.0,0.0,0.0,0.0,0.0,0.0,0.0,0.0,0.0,0.0,0.9403982577515075,0.28705685523550286,379.29544882413895,449.5964531635303,8831.706155860235,0.24606894813321696,0.037556310765143,274.83727902094929,326.5753562112951,5955.898005130284,0.7555753078333889,0.14277689112497905,431.2946692674054,510.9597264067377,10061.001727243642,0.2509307976665349,0.04741700636177906,327.13486928426706,388.7893519922226,7067.8327691011,0.0,0.0,11.738573738175834,14.169879652614024,151.5653392325949,0.0,0.0,17.024139769385834,20.309748318198439,330.2662855752077,0.0,0.0,234.14817650463415,280.7758964032009,3913.8043809270777,0.0,0.0,40.27038261426639,47.86250333341695,861.6741342992737,0.0,0.0,186.47794247526987,224.63885370572798,2627.222687653677,42.82360831753998,29.37147346882029,594.2500407850291,708.5358106361579,12555.201531114697,0.0,0.0,192.64648508284177,232.2176827783594,2643.653444086148,1513.7675536060306,21.804623898448186,35.375790274638237,21.999999999999994,29.999999999999998,0.0,20.953545898569364,37.30417826313864,15.999999999999997,29.999999999999998,1790.209416296514,21.830565019910595,35.328625992148527,21.66666666666666,29.999999999999998,0.0,20.89963752522267,37.37230922180879,15.999999999999997,29.999999999999998,0.0,16.488093927186396,47.69290461051846,11.999999999999997,29.999999999999998,0.0,19.784487642132136,41.667138528310889,18.999999999999998,29.999999999999998,0.0,18.411079077161828,42.84383482893244,9.999999999999999,29.999999999999998,778.23800425019,20.809370469879359,37.73547134432127,20.36666666666666,29.999999999999998,0.0,17.080434454278789,46.33493468477302,11.999999999999997,29.999999999999998,0.0,19.95791111581416,0.0,0.0,0.0,16.88087044483276,0.0,0.0,612.3263378216896,618.2026353180015,609.5516382863618,612.4823625610625,587.1207298609567,774.8692976241216,599.4213302466525,664.9874979199896,597.9331492585013,10994.072491415995,80.73499666568059,86.0298957512087,59.99999999999999,0.0,59.99999999999999,59.99999999999999,16.0,16.0,19.0,12.0,19.7,12.0,21.0,10.0,1.0,0.0,1513.7675536060306,0.0,1790.209416296514,0.0,0.0,0.0,778.23800425019,0.0,8011.990316931016,4807194.19015861,6265480.977460431,80.73499666568059,86.1198207155396,0.38039967723103387,0.7665495719564195,0.3602813740196595,86.1198207155396,0.35426478194388746,6265480.977460431,0.3275083441612758 
 03/19  10:30:00,10.34,72.5,6.825,226.0,309.0,0.0,0.0,1.0,2.0,0.0,0.0,0.0,0.0,0.0,0.0,2548.0,0.0,807.4897317519603,85.16725674212356,218.23912522432139,24.212567314763065,644.4530938854326,0.0,85.16725674212352,116.43009690110103,0.0,0.0,21.06518176720414,-749.122420914573,20.771544692320327,208.00121727778294,21.08647438108614,-1267.9558755467329,20.465318357810525,280.6273549284756,16.414544445602709,34.7224175102764,19.55878401310195,-59.4757127770316,18.08293014669343,117.84749051997847,19.079419244313216,-155.60852617945637,17.38903840281459,-48.22643740337844,943.1472069683305,658.8145040679624,0.0,0.0,0.0,0.0,0.0,0.0,0.0,0.0,0.0,0.0,0.0,0.0,0.0,0.0,0.0,0.0,0.0,0.0,0.0,0.0,0.0,0.0,0.9441879432633127,0.28821365789478417,316.4777441803158,375.4261615426625,7150.601697389371,0.21815278589021615,0.033295602242096478,169.3447110977549,201.23418355839542,3655.096652189056,0.7667417294776915,0.14488694812503626,376.13615857885909,446.14350508223108,8508.47487596191,0.21826424420658423,0.04124418824765384,265.2078379406208,315.13752493815778,5701.425465380961,0.0,0.0,11.289955269034643,13.631038666459077,142.4501811874827,0.0,0.0,15.75990488268511,18.80986418369261,298.2137515064617,0.0,0.0,223.07296754155784,267.5717804576635,3655.357166119472,0.0,0.0,38.7387834148899,46.16909429518519,775.0169378974399,0.0,0.0,177.69656785452009,214.05925594341529,2478.919491241102,42.84111342863448,29.38347971785631,498.9116810071047,594.9750615108709,10527.405330180703,0.0,0.0,183.92169493850649,221.68739004316374,2506.573107661313,980.7376165270158,21.557464153848444,35.83200047200128,21.5,30.0,0.0,21.06277017039137,37.02287464938437,16.0,30.0,1715.428995104511,21.604170999946438,35.751786975351368,21.5,30.0,0.0,21.030688270194728,37.01998964494482,16.0,30.0,0.0,16.518368277478456,47.936202065293588,12.0,30.0,0.0,19.71860139857778,43.04556399152774,19.0,30.0,0.0,18.422002631168998,43.08720083263325,10.0,30.0,610.3346814629056,20.274666487893826,39.34625331696878,19.95,30.0,0.0,17.190548038861406,46.47234873346611,12.0,30.0,0.0,19.93193166762311,0.0,0.0,0.0,17.01141786021804,0.0,0.0,601.1804584689447,614.5681455833558,595.2837247600052,600.843003683674,594.4855995281265,838.3589235009715,607.4501715531227,669.8770642407401,613.0588546873105,9584.771673397252,81.6672585215506,85.10233239991655,60.0,0.0,60.0,60.0,16.0,16.0,19.0,12.0,19.7,12.0,21.0,10.0,1.0,0.0,980.7376165270158,0.0,1715.428995104511,0.0,0.0,0.0,610.3346814629056,0.0,5198.643473048092,3119186.0838288555,4071642.424585467,81.6672585215506,85.16067135803387,0.34328811576826975,0.7667391489719105,0.36028137401965956,85.16067135803387,0.3542647819438875,4071642.424585467,0.21345207274511097 
 03/19  10:40:00,10.513333333333334,72.0,6.87,230.66666666666667,314.3333333333333,0.0,0.0,0.0,0.0,0.0,0.0,0.0,0.0,0.0,0.0,3188.0,0.0,871.1095497715005,86.84856676907907,222.54746663109024,26.120185632557125,695.2274909852289,0.0,86.84856676907903,118.7285751760553,0.0,0.0,20.98463495118827,-825.9796843006403,20.831340908689577,60.52921446502562,21.001508036199817,-728.7252058425993,20.43114167171154,146.2810503502339,16.44013121578674,34.1932824833194,19.502248226815636,-152.28029815733724,18.160175418215034,165.27530783034897,18.831306771497056,-108.2895302888455,17.435194731833648,-39.25895909019238,834.3555642617721,620.7946816962267,0.0,0.0,0.0,0.0,0.0,0.0,0.0,0.0,0.0,0.0,0.0,0.0,0.0,0.0,0.0,0.0,0.0,0.0,0.0,0.0,0.0,0.0,0.9020809508550476,0.27536048560898898,295.83459896414106,351.17173386049879,6490.808437176845,0.19183647414384442,0.029279071145275408,167.08019052197276,198.61183349498746,3529.644260333428,0.8440468441274451,0.15949486850480838,259.34358555331149,307.47640251110308,5775.528161582032,0.2032678849313604,0.03841040909511724,181.35301577830774,215.5654078588318,3794.50237315922,0.0,0.0,10.647849628932992,12.857026834832764,131.20387157764629,0.0,0.0,67.87423670406028,81.10946924074503,1235.6449297012244,0.0,0.0,276.8631049441517,331.94333501848515,4518.0057239825559,0.0,0.0,33.443464932957109,39.92444418448752,632.6476870038775,0.0,0.0,177.46911334338734,213.72668351932644,2444.050672206802,42.76100585199682,29.328536249654908,359.3558343834373,428.8607645812906,7510.518014346713,0.0,0.0,183.32084947838963,220.89423011899857,2469.841426657741,1074.9213161263984,21.49127702944114,35.9741905496072,21.60000000000001,30.00000000000001,0.0,21.036242974927146,37.012899370274187,16.000000000000005,30.00000000000001,1304.888916075587,21.444153127542437,36.081132299418218,21.400000000000007,30.00000000000001,0.0,20.917435136305028,37.24688610030483,16.000000000000005,30.00000000000001,0.0,16.548122412232109,48.260548497772429,12.000000000000006,30.00000000000001,0.0,19.526231998476704,41.693774509937728,16.000000000000005,30.00000000000001,0.0,18.56794351668607,43.340446492657118,10.000000000000004,30.00000000000001,0.0,19.859013220668268,40.06394110145142,16.000000000000005,30.00000000000001,0.0,17.277503150981173,46.71297049368395,12.000000000000006,30.00000000000001,0.0,19.698015861010917,0.0,0.0,0.0,17.11219876784612,0.0,0.0,589.4636145999089,597.3137292245453,587.608785990054,593.2640009648451,607.1597816839556,704.239799956667,638.1946214089064,646.8356525884178,630.7859015523374,7949.0644622117929,81.63306116551382,83.25673119283198,60.00000000000002,0.0,60.00000000000002,60.00000000000002,16.0,16.0,16.0,12.0,16.0,12.0,21.0,10.0,1.0,0.0,1074.9213161263984,0.0,1304.888916075587,0.0,0.0,0.0,0.0,0.0,2456.7879682790087,1474072.780967405,1907705.9182235487,81.63306116551382,83.2843065001104,0.28589293227596709,0.5854134161231861,0.28822509921572778,83.2843065001104,0.28341182555511015,1907705.9182235487,0.10095070774762453 
 03/19  10:50:00,10.686666666666668,71.5,6.914999999999999,235.33333333333332,319.6666666666667,0.0,0.0,0.0,0.0,0.0,0.0,0.0,0.0,0.0,0.0,2553.0,0.0,934.9568805938467,88.50538255953662,226.7930413370315,28.034625568127237,746.183460983417,0.0,88.50538255953657,120.99356797269232,0.0,0.0,20.88102245415581,-411.67783639440258,20.86657253906016,30.311555885294,21.01210223993445,-745.6617609064199,20.38307557145042,96.09576968554893,16.46714319224514,32.83234999283738,19.450780497815104,-107.56535493010472,18.180605564317135,121.2990316819496,18.291314196814989,-34.32489432660745,17.47707182181971,-35.77926741726287,721.4526537633217,528.5820799092076,0.0,0.0,0.0,0.0,0.0,0.0,0.0,0.0,0.0,0.0,0.0,0.0,0.0,0.0,0.0,0.0,0.0,0.0,0.0,0.0,0.0,0.0,0.8688685755558012,0.26522239791080629,159.82947856899203,190.09284685401586,3386.05167628936,0.1760374420932057,0.026867741467216996,87.116654039305,103.78648877555765,1807.0768986759709,0.814066532469671,0.15382965466169147,216.6226982088245,257.3820583680968,4633.069307847329,0.19092122552800162,0.03607732908692395,182.52007692443437,217.20605646234277,3717.9471177829379,0.0,0.0,10.076296151103298,12.161385365661256,121.22768919162776,0.0,0.0,59.51640007681055,71.14210944677659,1044.7020574720899,0.0,0.0,263.58219315875297,315.92160356151808,4216.67681679453,0.0,0.0,21.917365054720674,26.247708840729364,367.0674006629507,0.0,0.0,168.60204009502719,202.94190495870579,2287.198525443158,42.66581977562193,29.263250874912165,261.7356138050458,313.02097596890158,5407.248442680473,0.0,0.0,173.23749441409727,208.6558124738291,2290.6259064926796,581.6148557107244,21.271871231855117,36.45980227372149,21.25,30.0,0.0,20.991030851023873,37.095873329028439,16.0,30.0,1022.2616367988158,21.383288628002469,36.20523603193302,21.25,30.0,0.0,20.814926908792875,37.48795057952621,16.0,30.0,0.0,16.57912716386068,48.55540285645969,12.0,30.0,0.0,19.37555098693904,41.283127898833779,16.0,30.0,0.0,18.582314011043793,43.22767964680355,10.0,30.0,0.0,18.92468051638919,42.341305694950069,16.0,30.0,0.0,17.35168737689345,46.73304745605805,12.0,30.0,0.0,19.250549055371196,0.0,0.0,0.0,17.16296424009233,0.0,0.0,580.4907059524601,587.9243125050213,570.8793056220604,583.3794605496576,619.0664609451494,642.3313920636011,624.9727235977977,636.6282764865691,635.987983006662,3849.736220173023,83.45103648861239,83.4510364886124,60.0,0.0,60.0,60.0,16.0,16.0,16.0,12.0,16.0,12.0,21.0,10.0,1.0,0.0,581.6148557107244,0.0,1022.2616367988158,0.0,0.0,0.0,0.0,0.0,0.0,0.0,0.0,83.45103648861239,83.45103648861239,0.17,0.3460051678103572,0.18014068700982978,83.45103648861239,0.17713239097194376,0.0,0.0017633333333333334 
 03/19  11:00:00,10.86,71.0,6.96,240.0,325.0,0.0,0.0,0.0,0.0,0.0,0.0,0.0,0.0,0.0,0.0,3195.0,0.0,998.7980262870846,90.13797225603959,230.97653627606284,29.94887978768409,797.1344918875554,0.0,90.13797225603955,123.2254418621981,0.0,0.0,21.092285636878719,-1485.4108488594016,20.961193476805876,183.61697273481517,20.979187582733155,-408.02830626470719,20.3247436550031,190.71048243453374,16.495894187158599,35.858011613199938,19.469830540560709,-88.55201039414807,18.236051837642177,200.17600453353556,17.972131930857225,-12.446893320296818,17.51047061846147,-26.497376301005717,960.7413230163643,485.8572585954162,0.0,0.0,0.0,0.0,0.0,0.0,0.0,0.0,0.0,0.0,0.0,0.0,0.0,0.0,0.0,0.0,0.0,0.0,0.0,0.0,0.0,0.0,0.8602579217361261,0.2625939932039457,381.4227694040225,452.2991913645005,8260.642619483231,0.18992082283645096,0.028986694572107904,198.37154346577183,235.80542485911026,4060.9255088149809,0.8689820894987692,0.16420674404738654,247.1487115042853,293.701538017472,5156.046035082087,0.22479344115198486,0.04247797451851564,240.7095197984341,286.4837633602624,4766.268403334191,0.0,0.0,10.514792569245526,12.689902170933692,123.48895428853591,0.0,0.0,55.45361684468567,66.30704831839629,949.6108724746154,0.0,0.0,262.111370631356,314.07486311672047,4155.594785929572,0.0,0.0,12.542322190225593,15.050061979277889,192.2742912781883,0.0,0.0,163.4311350325263,196.6927323393029,2177.242349055568,42.902755519366717,29.425758243735758,430.86280779935427,514.459451915247,8482.224787960804,0.0,0.0,168.34101544780004,202.70548526506955,2195.278806991396,1646.8590866037394,21.682582329703548,35.551887866284889,22.0,30.0,0.0,21.065176549077223,36.923723063387537,16.0,30.0,0.0,21.219974414880136,36.57127358550391,21.0,30.0,0.0,20.71842763682438,37.716070414612747,16.0,30.0,0.0,16.612453004387914,48.65006168197748,12.000000000000002,30.0,0.0,19.336838896133427,41.25106210729485,16.0,30.0,0.0,18.68887301965572,42.90023638485083,10.0,30.0,0.0,18.39898149990058,43.74011205120359,16.0,30.0,0.0,17.406032309056124,46.54841158142637,12.000000000000002,30.0,0.0,19.753565564410598,0.0,0.0,0.0,17.250016190413886,0.0,0.0,565.7894629431258,574.623054458807,565.5489884358614,570.210278138717,620.5122808755459,623.7409974429658,609.3592680829331,630.8842284211219,624.1474656887629,8222.399845242066,82.56812706398799,82.56812706398799,60.0,0.0,60.0,60.0,16.0,16.0,16.0,12.0,16.0,12.0,21.0,10.0,1.0,0.0,1646.8590866037394,0.0,0.0,0.0,0.0,0.0,0.0,0.0,0.0,0.0,0.0,82.56812706398799,82.56812706398799,0.34,0.7693091448655028,0.36028137401965956,82.56812706398799,0.35426478194388757,0.0,0.0017766666666666669 
 03/19  11:10:00,11.028333333333335,70.0,7.013333333333334,244.66666666666667,330.33333333333339,0.0,0.0,0.0,0.0,0.0,0.0,0.0,0.0,0.0,0.0,1278.0,0.0,1062.4606450170518,91.74642047159488,235.09816809997595,31.85778068801826,847.9430393294699,0.0,91.74642047159483,125.42431251696795,0.0,0.0,21.101963654098854,-1533.097561643137,21.11351072535301,94.0390945377153,20.9184232776459,-136.30122981045134,20.280832440510623,116.50384586490282,16.532701899768989,36.48478404545091,19.535870237292764,-80.05890420762853,18.29900258917322,160.26389767950423,17.717991615978137,-11.736937167930336,17.55236674467912,-13.103835689068547,823.8942158714726,463.3200688823872,0.0,0.0,0.0,0.0,0.0,0.0,0.0,0.0,0.0,0.0,0.0,0.0,0.0,0.0,0.0,0.0,0.0,0.0,0.0,0.0,0.0,0.0,0.8228250418319039,0.2511675951867839,403.66151915841138,478.2018939883726,8587.059193746045,0.16597014108101658,0.025331218113708269,157.67950373062303,187.18001302419965,3216.291558962621,0.93482092716795,0.17664794542100346,216.90800512080939,257.14804591254758,4540.611473398199,0.22353729937870987,0.04224060834820669,206.96005001841966,246.09551635442933,3989.8166504294169,0.0,0.0,10.462578082925888,12.607028144951049,120.27806441886713,0.0,0.0,52.76101817728377,62.987318407955218,889.1133308846345,0.0,0.0,263.7712531144756,315.5134518704758,4137.705842998955,0.0,0.0,14.167424393890189,16.983365105927875,199.80850737242634,0.0,0.0,162.58989591761122,195.35984417516495,2132.28213305848,42.95636154451589,29.462525064825728,375.2080337159851,447.4315342220141,7360.959675176055,0.0,0.0,173.25960172515199,208.19738052637445,2261.4187337903197,1777.7148869959547,21.645117401612134,35.633143499585958,22.0,30.0,0.0,21.200548998496929,36.62082182393962,16.0,30.0,870.9005613859595,21.47127888202614,36.04174742295082,21.5,30.0,0.0,20.61442605718227,37.966263576718677,16.0,30.0,0.0,16.658959209249724,48.62525989409709,12.0,30.0,0.0,19.369816877139156,41.11980004418764,16.0,30.0,0.0,18.77549887810227,42.64958359459659,10.0,30.0,0.0,17.990970430596918,44.85329080356367,16.0,30.0,0.0,17.472755953013313,46.3181391815475,12.0,30.0,0.0,19.765542964210526,0.0,0.0,0.0,17.426744177055914,0.0,0.0,562.4198745603957,567.396263849351,565.3989917834451,568.3340079668483,616.1559281326432,611.1732736743561,602.1584211380372,623.0532793633967,613.7440631736133,8076.138893430696,82.66441119829912,86.14016761462188,60.0,0.0,60.0,60.0,16.0,16.0,16.0,12.0,16.0,12.0,21.0,10.0,1.0,0.0,1777.7148869959547,0.0,870.9005613859595,0.0,0.0,0.0,0.0,0.0,5260.150362129387,3156090.217277632,4114103.754163936,82.66441119829912,86.19919749729046,0.3453383454043129,0.7683263867050242,0.36028137401965956,86.19919749729046,0.3542647819438875,4114103.754163936,0.2157233952165247 
 03/19  11:20:00,11.196666666666666,69.0,7.066666666666667,249.33333333333335,335.6666666666667,0.0,0.0,0.0,0.0,0.0,0.0,0.0,0.0,0.0,0.0,1917.0,0.0,1125.814266469461,93.33060795292886,239.15763106714562,33.757416161759568,898.5049761405114,0.0,93.3306079529288,127.59001690873567,0.0,0.0,21.2239917288423,-1520.7465415011132,21.241553507964885,121.1532034432854,20.938973733205907,-285.00277571770848,20.329575631767516,276.75017840115705,16.567902029195229,38.404140995981538,19.623909765770926,-77.63930603851756,18.34349008112969,185.18203289368518,17.559022506103653,-9.51309862692945,17.604830259878903,26.702432349161719,846.7350612920179,442.6625732789148,0.0,0.0,0.0,0.0,0.0,0.0,0.0,0.0,0.0,0.0,0.0,0.0,0.0,0.0,0.0,0.0,0.0,0.0,0.0,0.0,0.0,0.0,0.8248437437912766,0.2517838045760917,384.7196547910351,455.69123996166129,8178.509554033077,0.1729701409685474,0.026399594164918703,176.67503025375823,209.70844240517659,3577.207256936215,0.871973243900249,0.16477196596754518,263.7213049446855,313.10474072802585,5335.447108792027,0.24256895020445183,0.04583691424876259,275.2759511759404,327.43339479620246,5260.107300675389,0.0,0.0,10.560698622134853,12.732015617653083,118.63461962329296,0.0,0.0,52.25431128636939,62.41063572596958,869.0387106429694,0.0,0.0,267.132789999618,319.6907095253632,4133.296624071994,0.0,0.0,21.17960230789808,25.435578036285589,282.2503459355106,0.0,0.0,157.06155202718979,188.79956604558709,2031.5675106902657,43.208408039538358,29.63539646058872,442.7292569186956,527.9744939094546,8541.803991124703,0.0,0.0,177.3245332782794,213.1267363865627,2309.517902120127,1777.3989379852583,21.816393170130384,35.25553828695713,21.999999999999994,29.99999999999999,0.0,21.300399918091679,36.39251493377868,15.999999999999993,29.99999999999999,0.0,21.2566773728858,36.486594028952037,20.999999999999994,29.99999999999999,0.0,20.71349752000971,37.73170525466069,15.999999999999993,29.99999999999999,0.0,16.69984930092165,48.54058284829246,11.999999999999995,29.99999999999999,0.0,19.431512388919118,40.939123050172188,15.999999999999993,29.99999999999999,0.0,18.84072809929108,42.45088107915444,9.999999999999997,29.99999999999999,0.0,17.757808118443884,45.48812939145912,15.999999999999993,29.99999999999999,0.0,17.555574942444279,46.04835718564773,11.999999999999995,29.99999999999999,0.0,19.93860986851287,0.0,0.0,0.0,17.58668584996276,0.0,0.0,557.2535817623204,561.9132161473463,558.0910114347385,562.4139362875172,610.6564393811995,602.712655513707,592.3411114759824,612.9567309771347,603.7403989408414,8945.058886465438,82.09031584620468,82.09031584620468,59.99999999999998,0.0,59.99999999999998,59.99999999999998,16.0,16.0,16.0,12.0,16.0,12.0,21.0,10.0,1.0,0.0,1777.3989379852583,0.0,0.0,0.0,0.0,0.0,0.0,0.0,0.0,0.0,0.0,82.09031584620468,82.09031584620468,0.3399999999999999,0.7712611553145845,0.36028137401965945,82.09031584620468,0.35426478194388735,0.0,0.00179 
 03/19  11:30:00,11.364999999999999,68.0,7.12,254.0,341.0,0.0,0.0,0.0,0.0,0.0,0.0,0.0,0.0,0.0,0.0,639.0,0.0,1188.7531408855708,94.89018431982005,243.15402718907274,35.6446153348098,948.7359043578993,0.0,94.89018431982001,129.72207604117453,0.0,0.0,21.26527465345288,-1686.198897561968,21.394292546093966,59.760416677170727,20.611209861577579,167.37342547952177,20.325373573253665,155.21832239504148,16.61421904564689,38.41117078781525,19.743935393016704,-82.16264795672555,18.39545404573559,171.17403196808847,17.421625435412925,3.0088784768458938,17.673278346505108,22.779332802872888,809.2420781603996,413.2174567897755,0.0,0.0,0.0,0.0,0.0,0.0,0.0,0.0,0.0,0.0,0.0,0.0,0.0,0.0,0.0,0.0,0.0,0.0,0.0,0.0,0.0,0.0,0.7859288554618129,0.23990502303474144,414.734156145143,489.81778666988807,8679.472715593482,0.15192951494633245,0.023188265406949399,145.3526202002854,171.88754640340924,2932.92118037886,0.943913263417246,0.17836607396395436,218.18039518843634,258.33803448691199,4258.498962283906,0.23396937475338978,0.04421189999119231,230.55885933284123,273.3702553077057,4304.189148180765,0.0,0.0,10.52787824064805,12.650307607726197,115.97168857716157,0.0,0.0,51.71287643022156,61.54670443365075,854.378568507988,0.0,0.0,268.00410450232428,319.66255221171789,4093.9972417946958,0.0,0.0,24.33963573091552,29.166578485529038,306.5165582664114,0.0,0.0,153.98353067453426,184.4532891341057,1971.95479082355,43.255724324319519,29.667849330809007,366.110392291064,435.28840118433507,6983.993909168346,0.0,0.0,178.3806098150661,213.6224091696651,2316.1762409953828,1908.989564672141,21.811551221779206,35.25519188456032,22.0,30.0,0.0,21.43274133324232,36.09352239357142,16.0,30.0,0.0,21.05933451670019,36.92784086938044,21.0,30.0,0.0,20.655037117637304,37.86180763344832,16.0,30.0,0.0,16.75999850684359,48.374258833218828,12.0,30.0,0.0,19.54531825289076,40.62266667506302,16.0,30.0,0.0,18.910469748946054,42.24916883444469,10.0,30.0,0.0,17.552650723134815,46.04069580231665,16.0,30.0,0.0,17.659984487618599,45.71804588702507,12.0,30.0,0.0,19.849641103583005,0.0,0.0,0.0,17.736295261794294,0.0,0.0,548.0265335424601,558.4845576819984,556.6922185644611,560.4023768074496,600.8423634674402,591.668026430568,585.4990558418955,598.0799982169256,593.2783465817443,8075.309622142025,82.66538909619313,82.66538909619313,60.0,0.0,60.0,60.0,16.0,16.0,16.0,12.0,16.0,12.0,21.0,10.0,1.0,0.0,1908.989564672141,0.0,0.0,0.0,0.0,0.0,0.0,0.0,0.0,0.0,0.0,82.66538909619313,82.66538909619313,0.34,0.7719438559000444,0.36028137401965956,82.66538909619313,0.3542647819438875,0.0,0.00179 
 03/19  11:40:00,11.533333333333332,67.0,7.173333333333334,254.16666666666669,342.6666666666667,0.0,0.0,0.0,0.0,0.0,0.0,0.0,0.0,0.0,0.0,639.0,0.0,1234.0257558035588,95.07857023567816,243.63677448625709,37.00209363719968,984.8675064500892,0.0,95.07857023567812,129.97961387058442,0.0,0.0,21.22125856432651,-1567.9344390812992,21.51121423338771,27.043075062158107,20.596421597874014,247.59028795821735,20.30073770992101,132.55594595670306,16.653579703148855,38.57343469668821,19.85459096718436,-89.82502089014547,18.433686091451329,175.6036797094749,17.350958788013913,15.303916474563615,17.725137160384567,36.2026931990231,773.6213200784936,379.9893359087293,0.0,0.0,0.0,0.0,0.0,0.0,0.0,0.0,0.0,0.0,0.0,0.0,0.0,0.0,0.0,0.0,0.0,0.0,0.0,0.0,0.0,0.0,0.7296736679970395,0.2227331098892063,414.18456996692677,489.3495896688946,8426.56956208467,0.13219541587888537,0.020176345524860415,112.97584955594798,133.55893827776237,2257.9762458031716,0.9864297572553092,0.1864001808872468,229.5435407941787,271.73792969989929,4421.276486069572,0.23694329347388369,0.04477386497994779,220.10200709906733,261.01343284631408,4007.1803304572306,0.0,0.0,10.484064667987287,12.594951228485689,112.84465536048615,0.0,0.0,53.24699554757163,63.34831081016278,871.5955421614716,0.0,0.0,269.0622736863046,320.8522419602086,4044.896219111712,0.0,0.0,28.02556151898058,33.591542755193049,338.5844378064017,0.0,0.0,150.9149278848457,180.72196648965673,1902.9581428155082,43.34214302856823,29.7271214187711,340.4905828879779,404.89807397007589,6367.990053583193,0.0,0.0,177.55663070813476,212.53046418690037,2289.6636387285809,1747.736167698602,21.686496031065834,35.51025536378203,22.00000000000001,30.000000000000015,0.0,21.50730018069992,35.91974603914002,16.000000000000008,30.000000000000015,0.0,21.10216339846265,36.82055312704296,21.00000000000001,30.000000000000015,0.0,20.591134308345518,38.0085767479075,16.000000000000008,30.000000000000015,0.0,16.805444554340295,48.2350685553161,12.000000000000006,30.000000000000015,0.0,19.6409916012341,40.37082805426658,16.000000000000008,30.000000000000015,0.0,18.960353205895069,42.10237370895641,10.000000000000004,30.000000000000015,0.0,17.467120312184517,46.26975921169827,16.000000000000008,30.000000000000015,0.0,17.733179927637484,45.493348833540689,12.000000000000006,30.000000000000015,0.0,19.7830309374573,0.0,0.0,0.0,17.863847778105517,0.0,0.0,547.6553859508064,551.2072751550893,549.5210337361318,558.4432707974684,595.0033914482949,587.2197901849594,578.3558904232012,591.4294322205625,589.0346171368565,7024.98796725317,83.35969965373957,83.35969965373957,60.00000000000003,0.0,60.00000000000003,60.00000000000003,16.0,16.0,16.0,12.0,16.0,12.0,21.0,10.0,1.0,0.0,1747.736167698602,0.0,0.0,0.0,0.0,0.0,0.0,0.0,0.0,0.0,0.0,83.35969965373957,83.35969965373957,0.3400000000000002,0.7701228993166956,0.3602813740196597,83.35969965373957,0.35426478194388769,0.0,0.00179 
 03/19  11:50:00,11.701666666666665,66.0,7.226666666666667,254.33333333333332,344.33333333333339,0.0,0.0,0.0,0.0,0.0,0.0,0.0,0.0,0.0,0.0,1278.0,0.0,1277.6532077867092,95.24621665851153,244.06637527288982,38.310242196078757,1019.6861179059845,0.0,95.24621665851147,130.20879924066996,0.0,0.0,21.24474707354898,-1655.6755156713544,21.61789864974061,21.779195978905706,20.56980851929,261.51931500901449,20.308082344873758,151.38293161442017,16.689104878977586,39.50251526449003,19.957829345421727,-95.7747186428669,18.473382912975646,194.25434224196034,17.314467420268625,30.65287348335596,17.776267592615946,67.07602676090665,729.5819420984171,349.27742464799169,0.0,0.0,0.0,0.0,0.0,0.0,0.0,0.0,0.0,0.0,0.0,0.0,0.0,0.0,0.0,0.0,0.0,0.0,0.0,0.0,0.0,0.0,0.6850611309645185,0.20911511934203864,400.96639505467456,474.7087283658967,7969.785582617075,0.12026935014911969,0.018356127922637315,89.66569144621625,106.09712636962675,1775.19338083639,0.988471696572611,0.18678603487766655,249.53064094892404,296.02456522011797,4714.581595541726,0.244416999921293,0.046186129992685748,236.62413221321155,281.2556300850123,4228.717116596147,0.0,0.0,10.457525288806242,12.589206063489826,109.69622348578828,0.0,0.0,55.51586146920755,66.17471606293324,898.1171163790253,0.0,0.0,269.39024266879269,321.90139722759519,3985.211034146119,0.0,0.0,30.73981488271641,36.929568290183159,358.84822456041788,0.0,0.0,147.16888748402224,176.59386557334589,1824.8990403717533,43.47469476068672,29.818034815285828,329.3960742683266,392.4710952675722,6013.321814134859,0.0,0.0,175.25544144378203,210.1606268955297,2242.3428781871009,1789.5954012423609,21.680026065835805,35.49936792171964,22.0,30.0,0.0,21.56784038903735,35.77136448406811,16.0,30.0,0.0,21.090451180260197,36.82329493100855,21.0,30.0,0.0,20.596542449864879,37.97750088777072,16.0,30.0,0.0,16.841662581966987,48.11717578783983,12.0,30.0,0.0,19.719231378847306,40.159801966560788,16.0,30.0,0.0,19.01388971287845,41.94228970844377,10.0,30.0,0.0,17.43632019246607,46.34537890633325,16.0,30.0,0.0,17.80236132731396,45.28022750230521,12.0,30.0,0.0,19.67316155513037,0.0,0.0,0.0,17.98770866803816,0.0,0.0,543.4149916884553,550.5594913390771,548.1074361887967,550.8634647603342,589.9365556284093,580.8264198456469,573.8267625847223,586.0321868830297,582.8389594235057,8776.548233405081,82.20176002427565,82.20176002427565,60.0,0.0,60.0,60.0,16.0,16.0,16.0,12.0,16.0,12.0,21.0,10.0,1.0,0.0,1789.5954012423609,0.0,0.0,0.0,0.0,0.0,0.0,0.0,0.0,0.0,0.0,82.20176002427565,82.20176002427565,0.34,0.7671702291141556,0.36028137401965956,82.20176002427565,0.3542647819438875,0.0,0.0017866666666666665 
 03/19  12:00:00,11.87,65.0,7.28,254.5,346.0,0.0,0.0,0.0,0.0,0.0,0.0,0.0,0.0,0.0,0.0,1278.0,0.0,1319.6065767238159,95.39373275974644,244.44439046008226,39.568193848882177,1053.1686578157019,0.0,95.3937327597464,130.410464934955,0.0,0.0,21.248684193914199,-1137.5212643122396,21.629954727058278,-180.82629479497929,20.842910599433158,-347.8916502544971,20.299519024447308,126.56466577717856,16.729139395030708,37.52087902672014,20.06610561598106,-117.2110890572958,18.499137445918039,182.73425476458579,17.29302364378375,41.951822442638789,17.841469783437775,74.46258516697844,725.0652344843611,289.69623494113469,0.0,0.0,0.0,0.0,0.0,0.0,0.0,0.0,0.0,0.0,0.0,0.0,0.0,0.0,0.0,0.0,0.0,0.0,0.0,0.0,0.0,0.0,0.675202342276189,0.20610572108552784,330.02641815575796,390.6198775318759,6315.9087145027319,0.12484042042537605,0.01905378822121124,155.99672653925283,184.77073340359454,2994.478189515166,0.869567182715669,0.1643173058797561,221.15076520504506,261.82216526837967,4321.285187432706,0.21078096589189639,0.03983011449204389,209.39147177723215,248.8265213930148,3655.951712861114,0.0,0.0,10.198402228254148,12.273930825191983,104.37748619237365,0.0,0.0,60.48209283352289,72.07471300970397,968.0196749526361,0.0,0.0,258.6135865486934,308.96993569742599,3748.6643444968478,0.0,0.0,31.24913127187294,37.54045771850663,353.2968133208328,0.0,0.0,133.4185306116537,160.02359772099875,1632.9648958236413,43.457167905801579,29.806013652813165,348.41930277126468,414.9042960517722,6254.354924585029,0.0,0.0,161.0541211050708,193.0668396410967,2025.2666292763398,1391.97332896474,21.63474655953052,35.562952384867539,22.0,30.0,0.0,21.436045818926858,36.00152331211839,16.0,30.0,1065.7856702207778,21.508066511926786,35.85615451038288,21.5,30.0,0.0,20.56006337694911,37.98810911990672,16.0,30.0,0.0,16.88522686581034,47.96478252470318,12.0,30.0,0.0,19.805281406611898,39.916110046474987,16.0,30.0,0.0,19.033240423830237,41.864622785452628,10.0,30.0,0.0,17.42331610136689,46.34922954642116,16.0,30.0,0.0,17.893045133168817,44.984510491915,12.0,30.0,0.0,19.73163263639651,0.0,0.0,0.0,18.04878477444803,0.0,0.0,537.1589220656747,539.5583493803542,538.7120237223505,539.1522232443315,582.1100226099609,571.3773144933505,565.3943020557517,575.5061333183854,571.7905720650396,9736.902257272695,81.56666221895041,85.0395500449651,60.0,0.0,60.0,60.0,16.0,16.0,16.0,12.0,16.0,12.0,21.0,10.0,1.0,0.0,1391.97332896474,0.0,1065.7856702207778,0.0,0.0,0.0,0.0,0.0,5255.813402060733,3153488.0412364399,4090357.4085776058,81.56666221895041,85.09853120944718,0.3451937800686911,0.7713522613697886,0.36028137401965956,85.09853120944718,0.3542647819438875,4090357.4085776058,0.21448191857936889 
 03/19  12:10:00,12.018333333333333,64.5,7.333333333333334,254.66666666666669,347.6666666666667,0.0,0.0,0.0,0.0,0.0,0.0,0.0,0.0,0.0,0.0,1917.0,0.0,1359.8507857915047,95.52135506808695,244.77142608810673,40.77489682802968,1085.2871316739116,0.0,95.5213550680869,130.58493430611038,0.0,0.0,21.259555327297404,-988.9110270666104,21.72893591778101,-131.5597617594958,20.896920552635824,-480.9892579860231,20.389289502589706,236.62787605528073,16.76902660603028,38.85547193873769,20.178825905460255,-110.58008616206794,18.536779252259615,176.7197008604241,17.278946256357196,48.91408677864767,17.89096897716992,81.46332079526504,751.0373129102627,290.53928829397537,0.0,0.0,0.0,0.0,0.0,0.0,0.0,0.0,0.0,0.0,0.0,0.0,0.0,0.0,0.0,0.0,0.0,0.0,0.0,0.0,0.0,0.0,0.6794053591358868,0.2073886932649227,302.5881634557289,358.32763094515919,5823.000423665282,0.12056197000427654,0.01840078907269178,133.0157229722683,157.62916209218523,2527.0659162267559,0.8309830071900293,0.15702626742064053,276.4754870860501,327.91376824003677,5236.60587530153,0.2260419184319647,0.0427138923718754,249.37127349989803,296.64111280866646,4361.055592192914,0.0,0.0,10.19384719573234,12.276389737978967,102.10530372577456,0.0,0.0,58.16408500475305,69.33303557644942,924.7018991244914,0.0,0.0,263.9858205305195,315.58736071475939,3769.5421788097507,0.0,0.0,32.408309314035637,38.96290817491145,356.1561573684981,0.0,0.0,139.9603071532135,167.97365726490069,1687.3068534486529,43.73707200365139,29.997991772051728,389.6322465849641,464.42152568523638,6891.157851834681,0.0,0.0,168.75654753901655,202.35380119287857,2124.33896318997,1320.9667894928933,21.660941416354704,35.477288018983127,22.0,30.0,0.0,21.514995915581609,35.815902279694089,16.0,30.0,756.6045360388537,21.4516219095488,35.94985919058847,21.333333333333337,30.0,0.0,20.725130930074003,37.57977980624794,16.0,30.0,0.0,16.927943424682739,47.8152283612405,12.0,30.0,0.0,19.90339071140672,39.652057124171609,16.0,30.0,0.0,19.078718516595627,41.714174912106887,10.0,30.0,0.0,17.416297875808163,46.34694668831322,16.0,30.0,0.0,17.953491300469659,44.793816206604549,12.0,30.0,0.0,19.925115975371129,0.0,0.0,0.0,18.20823737980499,0.0,0.0,533.6434115040579,538.0930803502135,534.6612137287989,535.2645600865103,575.5599197785266,565.2054081771095,559.1758808006681,569.2316810676075,566.5295665430106,7873.910969200211,82.79851703227422,82.79851703227424,60.0,0.0,60.0,60.0,16.0,16.0,16.0,12.0,16.0,12.0,21.0,10.0,1.0,0.0,1320.9667894928933,0.0,756.6045360388537,0.0,0.0,0.0,0.0,0.0,0.0,0.0,0.0,82.79851703227422,82.79851703227422,0.34,0.768186645277191,0.36028137401965956,82.79851703227422,0.3542647819438875,0.0,0.0017800000000000004 
 03/19  12:20:00,12.166666666666668,64.0,7.386666666666668,254.83333333333332,349.3333333333333,0.0,0.0,0.0,0.0,0.0,0.0,0.0,0.0,0.0,0.0,1278.0,0.0,1398.3456631088407,95.62895128882869,245.04714311332399,41.92914659410192,1116.0094786748412,0.0,95.62895128882863,130.73202649724534,0.0,0.0,21.141011980573418,-498.79238944887768,21.77868005716649,-305.6320342167646,20.730380637137686,-581.587342013795,20.462605118889355,268.10623150659196,16.81295452533046,37.902720488249517,20.302787428768494,-119.25620968522799,18.546812676024019,149.41018686974895,17.276792534422193,55.41845130994352,17.94918940512312,85.84935052549963,725.1316097357922,265.2723824914933,0.0,0.0,0.0,0.0,0.0,0.0,0.0,0.0,0.0,0.0,0.0,0.0,0.0,0.0,0.0,0.0,0.0,0.0,0.0,0.0,0.0,0.0,0.6856633638399956,0.2092989511111098,241.95975912878766,286.5532691414933,4588.927990705355,0.10689257579528744,0.01631449569525144,121.52164789567809,143.8420842659307,2250.798578632794,0.719568567881936,0.13597289642515804,278.161183253431,329.8543533562216,5053.472619988203,0.21212099865208973,0.04008333307862616,269.9728521849141,320.6196757716167,4691.330663400784,0.0,0.0,9.954025405847954,11.97697648320418,97.6848263239859,0.0,0.0,58.60762696692663,69.78305922778172,927.4945086404944,0.0,0.0,261.3471480014526,312.203945433108,3648.8639733064067,0.0,0.0,32.55674055843223,39.11111215202685,348.5890573204573,0.0,0.0,138.7054112137393,166.28704475661017,1651.885989318378,43.85316076645493,30.077613694413544,361.30354688477748,430.27346576671246,6303.050015614064,0.0,0.0,167.6111726383051,200.7371794686458,2098.5419468713646,790.9984028603955,21.6340702241069,35.536743013461457,22.0,30.0,0.0,21.48597923664284,35.847933371272038,16.0,30.0,343.0479136879766,21.218620890241156,36.42078014924875,21.0,30.0,0.0,20.827468830381819,37.330972348618299,16.0,30.0,0.0,16.977341680960806,47.63945976358431,12.0,30.0,0.0,20.01876432069333,39.34541083199157,16.0,30.0,0.0,19.068678050936897,41.71656569740058,10.0,30.0,0.0,17.425194356975085,46.29368977445316,16.0,30.0,0.0,18.030463457246399,44.55231846940195,12.0,30.0,0.0,19.899173069104458,0.0,0.0,0.0,18.3252283700089,0.0,0.0,533.2321190026934,531.3215522820806,526.3431785139951,533.2540091013204,568.6025991437932,559.4875344023392,554.1829677520138,563.1112934739083,561.2169385437414,9192.919703964519,81.92634112863624,85.33457502882163,60.0,0.0,60.0,60.0,16.0,16.0,16.0,12.0,16.0,12.0,21.0,10.0,1.0,0.0,790.9984028603955,0.0,343.0479136879766,0.0,0.0,0.0,0.0,0.0,5158.064086374019,3094838.4518244115,4019730.182156304,81.92634112863624,85.39245815500684,0.3419354695458007,0.7678639761655938,0.36028137401965956,85.39245815500684,0.3542647819438875,4019730.182156304,0.2108159694721278 
 03/19  12:30:00,12.315,63.5,7.4399999999999999,255.0,351.0,0.0,0.0,0.0,0.0,0.0,0.0,0.0,0.0,0.0,0.0,2556.0,0.0,1435.048502179308,95.71602131934449,245.27026001044772,43.0296626093659,1145.3016151728485,0.0,95.71602131934445,130.8510578301534,0.0,0.0,21.107682147287706,-109.70795213189013,21.813386776511405,-96.84603033750978,21.174129021507896,-1232.5652056225477,20.61403360634449,368.16628329824428,16.852197595952043,38.041936278423609,20.412500512695595,-139.54336487311856,18.561973605456186,188.7746769427331,17.27988219239543,61.63254029067582,17.99837454914333,91.48070051050923,701.2289641761086,224.0261073728184,0.0,0.0,0.0,0.0,0.0,0.0,0.0,0.0,0.0,0.0,0.0,0.0,0.0,0.0,0.0,0.0,0.0,0.0,0.0,0.0,0.0,0.0,0.7288019109828252,0.2224670057945132,242.46278254313396,287.8745208261954,4413.319331282167,0.13691530821803572,0.020896719813497518,65.38097718753135,77.4912210944593,1201.5675334397204,0.5691746097005914,0.10755378112256077,365.38924828699859,433.04804286284499,6941.105326638288,0.19111595366812973,0.03611412578762843,259.7893559627467,308.65111250980797,4571.280933506859,0.0,0.0,10.110442348990148,12.176354663651419,96.95599729737933,0.0,0.0,62.82103178567638,74.85939690474216,985.8012257995027,0.0,0.0,256.69971890998718,306.97028057657919,3515.4262729221888,0.0,0.0,32.35094111385393,38.90490134303046,337.4424129914632,0.0,0.0,130.48993879545794,156.58153145165819,1529.7587985485105,44.03841407678331,30.204673578040688,352.98194852699165,420.8459691399702,6170.334468818513,0.0,0.0,158.8392826729543,190.39603205703953,1963.7422179694693,0.0,21.371581812653586,36.077543196952309,21.0,30.0,0.0,21.472081696900447,35.85736922094978,16.0,30.0,1737.9691507184526,21.781994311373997,35.18558277384916,21.5,30.0,0.0,21.073358662043345,36.74081479485425,16.0,30.0,0.0,17.01680888706863,47.497158293676388,12.0,30.0,0.0,20.10451835243306,39.11427898487891,16.0,30.0,0.0,19.086818046541919,41.64375963678559,10.0,30.0,0.0,17.438501347700439,46.22825530562537,16.0,30.0,0.0,18.08925992590145,44.35967556777388,12.0,30.0,0.0,19.86148462663887,0.0,0.0,0.0,18.39860831911944,0.0,0.0,525.8581279467225,526.5758529094851,521.8757511247088,524.7168261209785,563.2599791770203,554.1119117200984,548.2853236764069,557.8360607866052,555.4127246142173,5061.4215465918409,81.06756077339669,82.75439328521083,60.0,0.0,60.0,60.0,16.0,16.0,16.0,12.0,16.0,12.0,21.0,10.0,1.0,0.0,0.0,0.0,1737.9691507184526,0.0,0.0,0.0,0.0,0.0,2552.8991976553404,1531739.5185932043,1983484.5765707286,81.06756077339669,82.78304130116105,0.17009663992184469,0.3840271873233424,0.18014068700982978,82.78304130116105,0.17713239097194376,1983484.5765707286,0.10494119798167792 
 03/19  12:40:00,12.463333333333333,63.0,7.493333333333334,252.0,353.66666666666665,0.0,0.0,0.0,0.0,0.0,0.0,0.0,0.0,0.0,0.0,1280.0,0.0,1464.2021992279857,94.97286130884705,243.3659375617949,43.903818418921158,1168.5688307824462,0.0,94.972861308847,129.83510175331,0.0,0.0,21.088453167816355,-217.36286379284594,21.871969596884499,-337.35871571612759,20.88688579960809,-696.3610680552647,20.592319416976659,16.05473915698758,16.896581936488226,37.26402146731684,20.527137181470978,-150.52996574252439,18.577399555157979,164.34803772585293,17.287771743307478,65.87153464235178,18.047516980918745,88.87321547185729,717.9634468402383,198.65090994232743,0.0,0.0,0.0,0.0,0.0,0.0,0.0,0.0,0.0,0.0,0.0,0.0,0.0,0.0,0.0,0.0,0.0,0.0,0.0,0.0,0.0,0.0,0.6512743969417412,0.19880170846817497,245.63348384788555,290.77221294225606,4524.098928616665,0.09332971017856463,0.014244461260464688,130.40028999102024,154.3418739637375,2337.4489473748,0.7070618911795901,0.13360957883212214,396.2074035186951,469.60566456484238,7054.447877971719,0.15402414275108,0.029105091222804224,226.95005172082484,269.4150841017536,3875.332148640076,0.0,0.0,10.005928070244716,12.034432110999984,93.94347976976985,0.0,0.0,63.549422054196437,75.61333311273467,990.7954868310403,0.0,0.0,253.9769294440338,303.3443111252833,3407.6634956598456,0.0,0.0,32.93477329523259,39.556295261359569,334.8800251964953,0.0,0.0,127.91392582429796,153.27657640845113,1476.5667326593103,44.04770120517264,30.21104335059853,396.8597773642726,472.514119845739,6690.057377680816,0.0,0.0,156.74548135993937,187.60386284511328,1919.2251513447287,615.761899365981,21.609485584162479,35.55848669129426,21.5,30.0,0.0,21.45026037475675,35.87779215258203,16.0,30.0,1224.8346883671407,21.33696463705122,36.163789632518987,21.5,30.0,0.0,20.95258201404446,37.000446279480559,16.0,30.0,0.0,17.066471011952055,47.31923604054336,12.0,30.0,0.0,20.204209806379269,38.85189986130667,16.0,30.0,0.0,19.096847598386739,41.60339531167533,10.0,30.0,0.0,17.456785846452179,46.14679331934782,16.0,30.0,0.0,18.149084766621095,44.17026470184287,12.0,30.0,0.0,20.019426179018767,0.0,0.0,0.0,18.48919765040815,0.0,0.0,522.9066496197565,517.4162559174658,518.8581681898635,519.6208987047378,556.9260473817585,548.8224274017126,545.1975881003884,552.1894529116528,550.626382583328,6237.047172426277,83.88045976911288,83.88045976911288,60.0,0.0,60.0,60.0,16.0,16.0,16.0,12.0,16.0,12.0,21.0,10.0,1.0,0.0,615.761899365981,0.0,1224.8346883671407,0.0,0.0,0.0,0.0,0.0,0.0,0.0,0.0,83.88045976911288,83.88045976911288,0.34,0.7676590106380443,0.36028137401965956,83.88045976911288,0.3542647819438875,0.0,0.00181 
 03/19  12:50:00,12.611666666666667,62.5,7.546666666666666,249.0,356.3333333333333,0.0,0.0,0.0,0.0,0.0,0.0,0.0,0.0,0.0,0.0,1280.0,0.0,1491.3466493739675,94.20439902608534,241.39677642653957,44.71772757336033,1190.2324838836528,0.0,94.2043990260853,128.78455555199586,0.0,0.0,20.947671887690004,-133.31861370760044,21.96309463601235,-186.12550243751458,20.705437646776664,-360.06370264431328,20.590014939344667,268.5587679922869,16.941741909733467,41.00969307135381,20.64978570398408,-134.33855827165167,18.64313466371678,188.6965626485944,17.307353030021308,79.92295719064203,18.107534434535347,123.6914435333365,738.5443049686937,225.34955262682889,0.0,0.0,0.0,0.0,0.0,0.0,0.0,0.0,0.0,0.0,0.0,0.0,0.0,0.0,0.0,0.0,0.0,0.0,0.0,0.0,0.0,0.0,0.680472720150499,0.20771450554044536,219.9142505476118,260.7458660182685,3775.308651590728,0.10540168156847897,0.01608694773633684,163.38773816561383,193.40473692833613,2915.47038792288,0.6744516200940416,0.12744739608730949,216.9361061522493,257.4241103037928,3720.494069027273,0.18038010820932438,0.034085432390272927,213.73796712820508,253.79623352010356,3594.72010351113,0.0,0.0,10.113845823180118,12.162253415454363,92.93652569387416,0.0,0.0,62.47765918503087,74.30358944994463,970.0159388555994,0.0,0.0,264.07905436094509,315.30515032767166,3518.8802575841348,0.0,0.0,34.633113552508067,41.59328168125147,344.2721009616973,0.0,0.0,137.58742465888759,164.82598062853976,1569.3309688288489,44.39203476703474,30.447211774372258,344.8463890882606,410.3724942270584,5951.718784626059,0.0,0.0,168.102083207849,201.07612156229596,2068.923279132108,0.0,21.156631015816936,36.51899234763983,21.0,30.0,0.0,21.545502963566798,35.656688761680808,16.0,30.0,6.565654416219234,21.113148941308233,36.621855235468178,21.0,30.0,0.0,20.98056116376613,36.90468904005001,16.0,30.0,0.0,17.117645960450916,47.13566082682601,12.0,30.0,0.0,20.32327144481068,38.534647812010927,16.0,30.0,0.0,19.200526608428868,41.296612587174369,10.0,30.0,0.0,17.494210893279285,46.00439612754399,16.0,30.0,0.0,18.232041974083424,43.9050634819301,12.0,30.0,0.0,20.208567983568018,0.0,0.0,0.0,18.67186781530001,0.0,0.0,512.349310554951,511.73935903631988,512.1752128532576,509.0482739517102,550.332866908417,540.2524364112672,534.8145558979542,545.1324733090697,542.6012621753419,2912.352259176636,84.1719480889312,84.1719480889312,60.0,0.0,60.0,60.0,16.0,16.0,16.0,12.0,16.0,12.0,21.0,10.0,1.0,0.0,0.0,0.0,6.565654416219234,0.0,0.0,0.0,0.0,0.0,0.0,0.0,0.0,84.1719480889312,84.1719480889312,0.17,0.30725663220996715,0.18014068700982978,84.1719480889312,0.17713239097194376,0.0,0.0018266666666666666 
 03/19  13:00:00,12.76,62.0,7.6,246.0,359.0,0.0,0.0,0.0,0.0,0.0,0.0,0.0,0.0,0.0,0.0,2564.0,0.0,1516.4383428060212,93.40955686648866,239.36001525568202,45.47008544688878,1210.2578497023558,0.0,93.40955686648862,127.69794605906438,0.0,0.0,20.772756929182209,182.817482131695,21.978286638976216,-301.95027836766396,21.199423985572019,-1233.232614796906,20.670475577460218,321.48572751883855,16.98183031190237,38.41618323596741,20.75253630050804,-175.05709738682254,18.63760514707139,188.21063909945543,17.323734673354147,76.55266659745905,18.156446147587418,101.26294271831194,692.7425119442044,157.5964082002488,0.0,0.0,0.0,0.0,0.0,0.0,0.0,0.0,0.0,0.0,0.0,0.0,0.0,0.0,0.0,0.0,0.0,0.0,0.0,0.0,0.0,0.0,0.6737956909122065,0.20567634032729138,252.44880040369845,299.719615762269,4311.325581162388,0.11071402731062645,0.01689774531602968,115.28067669043574,136.85350161388019,2003.137534553542,0.45006139722549889,0.08504561549990533,351.4671061000113,416.47371743086657,6316.523936345699,0.16031624066921014,0.030294074200531007,229.34216451834136,272.3380878265827,3847.229359194491,0.0,0.0,10.15111528868255,12.217756034109162,91.01272583315162,0.0,0.0,67.55200654768338,80.4077025648017,1038.2085525790959,0.0,0.0,249.1600956626537,297.8318845842473,3229.3777684895169,0.0,0.0,32.76939970632284,39.39292138669861,317.433486396955,0.0,0.0,121.17994395712914,145.29807754308889,1358.220644087443,44.367436191189678,30.430340323175373,381.703894565201,454.7393707412446,6336.936490850335,0.0,0.0,149.46006303039494,178.9662806051123,1794.5608481708183,0.0,21.248042098634984,36.31076315189814,21.0,30.0,0.0,21.452598026654827,35.85023016126585,16.0,30.0,1730.1100359649677,21.752199596130095,35.218080964091658,21.5,30.0,0.0,21.091116699562116,36.6622057527208,16.0,30.0,0.0,17.157033323387134,46.99218636388808,12.0,30.0,0.0,20.39724267783308,38.33911362524148,16.0,30.0,0.0,19.170437854246896,41.35670123763505,10.0,30.0,0.0,17.518511081755557,45.905717447160608,16.0,30.0,0.0,18.284048658271009,43.73616805961998,12.0,30.0,0.0,20.01801946721249,0.0,0.0,0.0,18.6734356570767,0.0,0.0,507.4939132174686,504.0898114552032,504.8858844734032,506.96994887137358,544.5774009732476,534.6622473845541,529.781615162359,538.7605190051758,536.2976731316452,4606.220595817617,82.6877369231643,82.68773692316431,60.0,0.0,60.0,60.0,16.0,16.0,16.0,12.0,16.0,12.0,21.0,10.0,1.0,0.0,0.0,0.0,1730.1100359649677,0.0,0.0,0.0,0.0,0.0,0.0,0.0,0.0,82.6877369231643,82.6877369231643,0.17,0.3858537015303716,0.18014068700982978,82.6877369231643,0.17713239097194376,0.0,0.0018433333333333334 
 03/19  13:10:00,12.828333333333334,61.833333333333339,7.628333333333333,243.0,361.66666666666665,0.0,0.0,0.0,0.0,0.0,0.0,0.0,0.0,0.0,0.0,641.0,0.0,1539.4396806137539,92.58696508959875,237.25214412462658,46.15976464986677,1228.6149208987036,0.0,92.5869650895987,126.57340073546267,0.0,0.0,20.616849043880444,83.63564374316593,21.948589973616948,-506.99593368417757,20.668689707969607,-223.66085405238165,20.588159114725863,24.44270830029427,17.031236289414303,37.5764038132188,20.865166008486527,-181.80715895512959,18.669661470681406,172.07144043474183,17.339823485774894,77.39517954313215,18.198386769088367,93.03381025206818,606.9431559275981,145.4321939915817,0.0,0.0,0.0,0.0,0.0,0.0,0.0,0.0,0.0,0.0,0.0,0.0,0.0,0.0,0.0,0.0,0.0,0.0,0.0,0.0,0.0,0.0,0.6048005241110344,0.18461554460043787,183.62058151839248,217.3637928297704,3017.545276541757,0.07731613568859763,0.011800387009859224,171.3500464554543,202.6428077413353,2903.4437222188614,0.6430330036146813,0.12151039372915373,85.25890006420289,100.92481688085086,1408.1908470322672,0.13314002953362676,0.025158735739536417,92.2018724915702,109.19724157339594,1487.2581420607592,0.0,0.0,10.079322449650661,12.086864745966683,90.18689030522617,0.0,0.0,67.68543801740843,80.25841008196261,1045.4558874916195,0.0,0.0,249.8140802064326,297.5350951715979,3221.4597615924637,0.0,0.0,33.579728397633747,40.22274663544118,322.4037574578299,0.0,0.0,121.705950204318,145.38860436529166,1359.3736207678269,44.26731117188649,30.3616674704297,198.92410584613297,236.56574743888573,3336.3568030733924,0.0,0.0,150.7496769460134,179.82115900949226,1815.2522977243608,28.07908768319608,21.000895682760356,36.86373970907463,21.0,30.0,0.0,21.287278395953505,36.18718616086381,16.0,30.0,274.2979313872132,21.0077655985397,36.82467226642041,21.0,30.0,0.0,20.861084655466866,37.18571210543278,16.0,30.0,0.0,17.215601945763085,46.781059132858619,12.0,30.0,0.0,20.503525228912694,38.06277145268588,16.0,30.0,0.0,19.20424373316382,41.25492404405002,10.0,30.0,0.0,17.542894211285,45.80622875352326,16.0,30.0,0.0,18.33138713723477,43.583740654856047,12.0,30.0,0.0,19.65121218878341,0.0,0.0,0.0,18.758239543574253,0.0,0.0,506.06474720363448,484.81271624356318,490.08139663002665,507.53366853816478,535.6626468604812,525.63306172218,525.8132813697515,532.1822692582081,530.6289888251147,8832.37996898187,82.16484558683216,82.16484558683217,60.0,0.0,60.0,60.0,16.0,16.0,16.0,12.0,16.0,12.0,21.0,10.0,1.0,0.0,28.07908768319608,0.0,274.2979313872132,0.0,0.0,0.0,0.0,0.0,0.0,0.0,0.0,82.16484558683216,82.16484558683216,0.34,0.615637157879993,0.36028137401965956,82.16484558683216,0.3542647819438875,0.0,0.00186 
 03/19  13:20:00,12.896666666666669,61.66666666666667,7.656666666666667,240.0,364.33333333333339,0.0,0.0,0.0,0.0,0.0,0.0,0.0,0.0,0.0,0.0,2568.0,0.0,1560.3198486931192,91.73498934906769,235.06897507741483,46.78584123242966,1245.2791050216466,0.0,91.73498934906765,125.40868530582553,0.0,0.0,21.14282000024928,-675.8254102824719,22.092204717175947,-30.996112623288356,21.234106612895077,-1006.2589968096493,20.687479525565928,354.5949425359588,17.06767674725612,41.01694998068295,20.950815842316709,-187.19734864212468,18.751808364203535,249.9885045780552,17.35454464889986,87.39721091213181,18.233854990104488,117.29720274019587,706.6766287476717,145.66655147538928,0.0,0.0,0.0,0.0,0.0,0.0,0.0,0.0,0.0,0.0,0.0,0.0,0.0,0.0,0.0,0.0,0.0,0.0,0.0,0.0,0.0,0.0,0.6194421148954593,0.18908489465673362,294.08489622587777,348.2042836269362,5232.595043719854,0.13988913426292697,0.021350600467479696,196.14700525355765,232.62497144001987,3379.649834326949,0.5718010407220303,0.10805008328080698,289.4440360703945,342.81787233594386,5179.795495174978,0.19036367481422709,0.03597197180918878,254.6809042240466,302.3157818548293,4201.071413987783,0.0,0.0,10.616298223775996,12.771543280722993,94.15943744450498,0.0,0.0,70.0447530317949,83.32379874220158,1078.7646889871297,0.0,0.0,259.4447047843545,309.86447332544079,3382.7895586782144,0.0,0.0,34.474476013952379,41.42723727302535,327.440855100129,0.0,0.0,124.55063714329785,149.25031282037248,1382.4399228634782,44.64849486017707,30.62311032933956,428.1606367321646,509.6832567614142,7022.7166523549999,0.0,0.0,154.03257589577425,184.27555362995373,1860.6561298168334,1063.1947063202502,21.819389373196516,35.05423936045771,21.75,30.0,0.0,21.51849792599859,35.69898760442127,16.0,30.0,1624.9579141646235,21.857726524681384,34.98009432267528,21.5,30.0,0.0,21.082094762821364,36.67420398442042,16.0,30.0,0.0,17.248090944393878,46.66840572555056,12.0,30.0,0.0,20.555968533862854,37.92952586238594,16.0,30.0,0.0,19.34774153525803,40.8675951319106,10.0,30.0,0.0,17.563120775656459,45.72973684998956,16.0,30.0,0.0,18.36816593236179,43.46435545993801,12.0,30.0,0.0,20.20318919259413,0.0,0.0,0.0,18.84915317278712,0.0,0.0,491.08124735103629,491.6405572363707,491.76731565549206,494.3565186672407,531.8601781598504,522.4608786257322,516.7744626613189,527.1033137617001,524.716854595278,6355.049182749413,82.2804072661258,82.2804072661258,60.0,0.0,60.0,60.0,16.0,16.0,16.0,12.0,16.0,12.0,21.0,10.0,1.0,0.0,1063.1947063202502,0.0,1624.9579141646235,0.0,0.0,0.0,0.0,0.0,0.0,0.0,0.0,82.2804072661258,82.2804072661258,0.255,0.5780648919683381,0.27021103051474468,82.2804072661258,0.2656985864579156,0.0,0.0018633333333333337 
 03/19  13:30:00,12.965,61.5,7.685,237.0,367.0,0.0,0.0,0.0,0.0,0.0,0.0,0.0,0.0,0.0,0.0,1286.0,0.0,1579.0550821649707,90.85175326536083,232.80569996815667,47.34760261296094,1260.231435538696,0.0,90.85175326536079,124.20123461707185,0.0,0.0,20.628663659617336,107.0633465007495,22.28591317491287,-434.0623089962055,20.626307378977417,-211.04406035908688,20.71442562663696,41.43509345428674,17.116440645100945,39.452191909814647,21.067715021525055,-175.2959697978995,18.786025488828189,145.9188804479909,17.381542795282365,91.25242420458153,18.290225617096909,123.8382390932411,712.0176195191616,147.47805087244434,0.0,0.0,0.0,0.0,0.0,0.0,0.0,0.0,0.0,0.0,0.0,0.0,0.0,0.0,0.0,0.0,0.0,0.0,0.0,0.0,0.0,0.0,0.6372559876345548,0.19452258474803264,292.9935973804362,347.358743446237,4754.37007201969,0.07032918046255203,0.010734001902098906,251.67977916859318,297.64468197848148,4375.6306883196079,0.6339876024503914,0.11980113424988506,270.437311336255,321.04068846329008,4316.581941473603,0.14441074600557098,0.027288500756910605,233.2935166701041,276.79598408763527,3799.6921337491105,0.0,0.0,10.01490384227501,12.033374081067276,88.52950530724877,0.0,0.0,69.17466905081546,82.15142327599512,1071.8563171755516,0.0,0.0,257.0744168495919,306.69299449580378,3319.559592465893,0.0,0.0,34.7863223724803,41.74873046587084,328.3913411585681,0.0,0.0,129.0598157035863,154.44233670053473,1433.2521838750113,44.57962073147208,30.575871557936968,452.80580300918197,538.507998048223,7249.340181349915,0.0,0.0,159.39534257948817,190.39977013277326,1940.602075478842,0.0,21.002435414369374,36.855389185687929,21.0,30.0,0.0,21.729140037896565,35.24804711066605,16.0,30.0,119.20201505771452,20.92390302016258,37.03081482308397,21.0,30.0,0.0,21.058019681791433,36.72988724180674,16.0,30.0,0.0,17.303191291693226,46.48261957438001,12.0,30.0,0.0,20.67285595283771,37.64342050562952,16.0,30.0,0.0,19.3537970209199,40.845196686624237,10.0,30.0,0.0,17.603518433817074,45.59384673729506,16.0,30.0,0.0,18.441072139706138,43.25051536188526,12.0,30.0,0.0,20.23666456395376,0.0,0.0,0.0,18.968091585794839,0.0,0.0,492.3370845330438,489.44902137720455,491.147199635245,490.3234895070478,525.2024826607723,516.2971189318212,513.7128404517674,520.9098142889994,519.2672485531996,4625.0283964150889,81.90188827230905,81.90188827230905,60.0,0.0,60.0,60.0,16.0,16.0,16.0,12.0,16.0,12.0,21.0,10.0,1.0,0.0,0.0,0.0,119.20201505771452,0.0,0.0,0.0,0.0,0.0,0.0,0.0,0.0,81.90188827230905,81.90188827230905,0.17,0.3090507980727874,0.18014068700982978,81.90188827230905,0.17713239097194376,0.0,0.0018666666666666667 
 03/19  13:40:00,13.033333333333334,61.33333333333333,7.713333333333333,228.16666666666667,377.5,0.0,0.0,0.0,0.0,0.0,0.0,0.0,0.0,0.0,0.0,2576.0,0.0,1599.7300485999984,88.62375184308309,227.09652509618469,47.96752378301829,1276.7318227480567,0.0,88.62375184308304,121.15538775743845,0.0,0.0,21.113064384990403,-369.89720238929206,22.28399405915978,-153.11270880059295,21.242018073397789,-955.288421989796,20.71568704987225,332.7656750371797,17.158176978877689,40.994392497211837,21.16923045541381,-209.30703773753204,18.811822590589637,257.2716868961943,17.403819779838174,94.87570764196079,18.33438558142258,121.13569381658977,706.75848382808,117.54622743659525,0.0,0.0,0.0,0.0,0.0,0.0,0.0,0.0,0.0,0.0,0.0,0.0,0.0,0.0,0.0,0.0,0.0,0.0,0.0,0.0,0.0,0.0,0.635882321433483,0.1941032727208434,283.3681895000553,335.6476178725759,4927.5266349981479,0.10417719672099185,0.015900060549601935,175.8730462269699,208.60816000742393,3014.950739068272,0.5523727732629713,0.10437883092648742,325.5418888712884,385.5529535567695,5768.108895514284,0.18427477477962823,0.03482138601277932,247.9846056918628,294.2847007167922,4030.445603739454,0.0,0.0,10.587554826864118,12.73042116295025,92.97956634461757,0.0,0.0,72.72688916993292,86.44179884785049,1127.6658516327039,0.0,0.0,256.10940041863429,305.77822826192667,3296.246826116707,0.0,0.0,34.62932056784038,41.59743707648489,324.11918852995236,0.0,0.0,120.4121022985507,144.21641359707605,1331.9130741765349,44.79273811545733,30.72204260319434,410.304632012771,488.5254777032237,6614.793987405026,0.0,0.0,149.84136827627428,179.14604219433893,1814.8217992050894,669.0673533884582,21.748640992205489,35.21725618515858,21.5,30.0,0.0,21.657216612801933,35.406823603782,16.0,30.0,1577.7244895048528,21.873123342875226,34.95953534114498,21.5,30.0,0.0,21.08627636573003,36.67328745410599,16.0,30.0,0.0,17.343599502062923,46.34884501292635,12.0,30.0,0.0,20.75075737410229,37.45423096020254,16.0,30.0,0.0,19.403228866301335,40.709684164263027,10.0,30.0,0.0,17.63339819089774,45.49453422836187,16.0,30.0,0.0,18.48960618646181,43.10669342059869,12.0,30.0,0.0,20.243826454646248,0.0,0.0,0.0,19.006312369622138,0.0,0.0,489.14496218757378,489.4212562830137,486.21317194644959,487.6529853389504,520.6097221949453,512.0290833864442,508.01061256218318,515.9567556822303,514.1591338144839,7280.685440303617,81.45583487320946,83.15971503698687,60.0,0.0,60.0,60.0,16.0,16.0,16.0,12.0,16.0,12.0,21.0,10.0,1.0,0.0,669.0673533884582,0.0,1577.7244895048528,0.0,0.0,0.0,0.0,0.0,2578.6740483753867,1547204.4290252319,2003468.7811492095,81.45583487320946,83.18865257866176,0.2559558016125129,0.5784339788313573,0.27021103051474468,83.18865257866176,0.2656985864579156,2003468.7811492095,0.1060503766197589 
 03/19  13:50:00,13.101666666666667,61.166666666666667,7.741666666666666,219.33333333333335,388.0,0.0,0.0,0.0,0.0,0.0,0.0,0.0,0.0,0.0,0.0,1290.0,0.0,1618.1748080400899,86.32778189827701,221.21318031421567,48.52057272729203,1291.4522994873494,0.0,86.32778189827697,118.016622774492,0.0,0.0,20.704396092308838,150.62362343705264,22.441614317068607,-499.7658242006703,20.63689167661157,-204.1852035430784,20.74188690330052,24.42710123883262,17.208082527122813,39.87829500014115,21.27716557592536,-197.94028586044079,18.870173001267469,160.12641595586593,17.430179061351987,97.46731397098779,18.381501593757997,126.31278349863851,685.4753672935603,125.8358166284711,0.0,0.0,0.0,0.0,0.0,0.0,0.0,0.0,0.0,0.0,0.0,0.0,0.0,0.0,0.0,0.0,0.0,0.0,0.0,0.0,0.0,0.0,0.6201779993022903,0.18930952359654774,252.33271183210284,298.8076843472349,4115.714042307673,0.05918661887105895,0.009033366738562112,213.98860619150958,252.87278080714109,3672.3491409079908,0.6409126309808474,0.12110971862827809,311.888668273749,370.0906315928345,4897.452317923206,0.14907373733788055,0.028169640464452095,231.4767596954259,274.59097595904498,3713.0533498605798,0.0,0.0,10.144182916112852,12.182577908792457,88.78540510434911,0.0,0.0,71.84953420918856,85.26381811941899,1118.3984026296358,0.0,0.0,256.18361854175978,305.4694516058575,3288.2398091237284,0.0,0.0,35.131450701844347,42.14598835702783,326.5555854990126,0.0,0.0,125.40256084632154,149.9833200040029,1384.1893330476337,44.74718361509781,30.690798089916208,412.6239226481699,490.58229310602226,6521.2015814370929,0.0,0.0,155.75636151212434,185.93470423353765,1893.681899676114,0.0,21.158836282841564,36.5131613387248,21.0,30.0,0.0,21.817239615082128,35.07675306348757,16.0,30.0,103.30446748801842,20.928060362266558,37.03530254268576,21.0,30.0,0.0,21.068254043543648,36.72365637683671,16.0,30.0,0.0,17.398768272097283,46.17231632794384,12.0,30.0,0.0,20.85089557142805,37.217565847414288,16.0,30.0,0.0,19.456596566383298,40.57104278761662,10.0,30.0,0.0,17.670293129363864,45.37752295817421,16.0,30.0,0.0,18.547004532684427,42.94298634887184,12.0,30.0,0.0,20.213664774485375,0.0,0.0,0.0,19.099678444936886,0.0,0.0,488.9270604934742,485.35724185692689,485.1824697560255,484.4922575403523,515.0901221921995,507.81737996316488,505.59367056447595,511.25344325475649,510.04815097034637,2870.1682714666346,82.63691573187494,82.63691573187494,60.0,0.0,60.0,60.0,16.0,16.0,16.0,12.0,16.0,12.0,21.0,10.0,1.0,0.0,0.0,0.0,103.30446748801842,0.0,0.0,0.0,0.0,0.0,0.0,0.0,0.0,82.63691573187494,82.63691573187494,0.17,0.3097509065925845,0.18014068700982978,82.63691573187494,0.17713239097194376,0.0,0.0018833333333333335 
 03/19  14:00:00,13.17,61.0,7.77,210.5,398.5,0.0,0.0,0.0,0.0,0.0,0.0,0.0,0.0,0.0,0.0,2584.0,0.0,1634.2531519462432,83.96085351663703,215.14800394837705,49.0026652771308,1304.284158934856,0.0,83.96085351663699,114.7808522286972,0.0,0.0,21.105756797198287,-328.5675107582424,22.421727326288818,-177.31104761429675,21.243964383613567,-941.1533873805533,20.73065851112343,322.249819113237,17.251646770942985,41.514682646300347,21.376108121585497,-224.97835504590683,18.898800358844697,252.23786109614049,17.453194529718517,101.26223887032467,18.422525541249799,127.62019346084117,677.4235758385644,108.71504489896825,0.0,0.0,0.0,0.0,0.0,0.0,0.0,0.0,0.0,0.0,0.0,0.0,0.0,0.0,0.0,0.0,0.0,0.0,0.0,0.0,0.0,0.0,0.6067793691604346,0.18521958765581035,270.2119602825644,320.0377101977159,4619.988580722604,0.09424994425689241,0.014384912127120332,148.05264465334666,175.58450944134473,2512.9148252318539,0.5613801402179924,0.10608090329138184,333.9364082073171,395.457681232748,5825.404726200981,0.18562007204430204,0.03507559940368518,246.14532062616267,292.0505660834335,3927.317487880146,0.0,0.0,10.633848169154014,12.779933380562535,92.4907185207788,0.0,0.0,74.23359449355458,88.16502610462789,1156.3376244227848,0.0,0.0,257.50243073983179,307.2915065488427,3293.49116827589,0.0,0.0,35.143816581998958,42.199865051290519,323.7920621096348,0.0,0.0,120.49820553026912,144.2485934622219,1323.749668396811,44.93876819910838,30.82220041091111,392.0375573234284,466.7255564034783,6226.508366362044,0.0,0.0,150.30365573921714,179.58948561917067,1819.0967494127736,597.1869610908841,21.738132676175956,35.25782738076341,21.5,30.0,0.0,21.7252805305346,35.277950328588499,16.0,30.0,1538.6804820300598,21.855216254453436,35.018308498967957,21.5,30.0,0.0,21.077569486714226,36.71411597312992,16.0,30.0,0.0,17.440866547340059,46.04060548880315,12.0,30.0,0.0,20.928979050176893,37.03547853421376,16.0,30.0,0.0,19.503801330494058,40.44986909007658,10.0,30.0,0.0,17.699601885799848,45.286898946176368,16.0,30.0,0.0,18.59164605839041,42.817310498571739,12.0,30.0,0.0,20.22678786277782,0.0,0.0,0.0,19.14274213017246,0.0,0.0,484.44286634602568,483.85678683786656,481.2598120546837,482.37201529341538,511.3255101874342,504.3577729398904,500.93530409204728,507.4584747531332,506.08963912638486,6739.637351314548,81.98463406157673,81.98463406157673,60.0,0.0,60.0,60.0,16.0,16.0,16.0,12.0,16.0,12.0,21.0,10.0,1.0,0.0,597.1869610908841,0.0,1538.6804820300598,0.0,0.0,0.0,0.0,0.0,0.0,0.0,0.0,81.98463406157673,81.98463406157673,0.255,0.578765362379958,0.27021103051474468,81.98463406157673,0.2656985864579156,0.0,0.0018966666666666666 
 03/19  14:10:00,13.216666666666665,61.16666666666667,7.743333333333333,201.66666666666669,409.0,0.0,0.0,0.0,0.0,0.0,0.0,0.0,0.0,0.0,0.0,1294.0,0.0,1717.604713995589,82.65580281278452,211.80382464565913,51.50190915961917,1370.8060200592454,0.0,82.65580281278447,112.99674897443274,0.0,0.0,20.761833329480877,174.66833288986528,22.59396915813997,-579.5810785183427,20.652726238471148,-189.21729329026858,20.751368177877518,-6.115981861129512,17.308647893881223,40.08438841397111,21.504121250663596,-217.2260801556356,18.95192707479376,167.6036276800114,17.480798543134968,103.18962022572089,18.468136171375315,131.2757604221665,636.8832963777204,116.73478028733325,0.0,0.0,0.0,0.0,0.0,0.0,0.0,0.0,0.0,0.0,0.0,0.0,0.0,0.0,0.0,0.0,0.0,0.0,0.0,0.0,0.0,0.0,0.5919002349186082,0.18067772738663255,216.58683552451493,256.1624663238655,3548.105661018373,0.053582573159987639,0.00817804840659152,177.490760432253,209.59119658784844,2979.7720149004896,0.6436171944173845,0.1216207850372987,308.1309307607817,365.51540218813229,4777.940831581203,0.15332185203960109,0.028972383227437845,226.18708857794594,268.3039621120234,3572.6966514473244,0.0,0.0,10.199535922419225,12.242941882508891,88.99118877082148,0.0,0.0,73.96558504837864,87.70642043050393,1160.8290423006759,0.0,0.0,257.1406707468004,306.47101353818246,3287.981072814763,0.0,0.0,35.529560071945237,42.60831650633737,326.60911954999878,0.0,0.0,124.59852833643817,148.95325428291799,1370.6016848597874,44.68978564971683,30.651430486774247,370.56284140775258,440.4942452428986,5768.285702609994,0.0,0.0,155.1241935875817,185.08109473254963,1886.6783927100055,0.0,21.26127495598591,36.303293988874859,21.0,30.0,0.0,21.878937037022277,34.985926822722877,16.0,30.0,78.0732042765507,20.94274673504907,37.028976769705838,21.0,30.0,0.0,21.05145516961842,36.80288924154377,16.0,30.0,0.0,17.502417189684388,45.855615904344748,12.0,30.0,0.0,21.0356369521838,36.79314846023344,16.0,30.0,0.0,19.550469285835669,40.33336297855755,10.0,30.0,0.0,17.736236346127386,45.17903940024508,16.0,30.0,0.0,18.64594409718523,42.6698199610161,12.0,30.0,0.0,20.112973675668856,0.0,0.0,0.0,19.220340140731048,0.0,0.0,485.4116554679281,479.82189627607019,480.54074988509537,478.7707587475662,506.7784584571284,500.7406109137406,499.0296914333466,503.66757357843439,502.68691326622698,4665.0062242454109,81.79247232923498,81.79247232923498,60.0,0.0,60.0,60.0,16.0,16.0,16.0,12.0,16.0,12.0,21.0,10.0,1.0,0.0,0.0,0.0,78.0732042765507,0.0,0.0,0.0,0.0,0.0,0.0,0.0,0.0,81.79247232923498,81.79247232923498,0.17,0.30918620970558866,0.18014068700982978,81.79247232923498,0.17713239097194376,0.0,0.00191 
 03/19  14:20:00,13.263333333333334,61.333333333333339,7.716666666666667,192.83333333333335,419.5,0.0,0.0,0.0,0.0,0.0,0.0,0.0,0.0,0.0,0.0,2592.0,0.0,1729.6999619045833,80.20083310078621,205.51303764938928,51.86456925704134,1380.4589993517525,0.0,80.20083310078619,109.64061925520629,0.0,0.0,20.84467117588757,171.60473151669636,22.512366926915285,-388.27119961271708,21.216978440333358,-1094.5180482021322,20.73731608090791,318.1052539206812,17.356285843953754,40.143924651256657,21.611153614956245,-245.27603171883073,18.958005874337795,214.6190054148674,17.50346433291422,104.05200406571044,18.50620562777869,128.20352870536545,659.6752506901835,98.7698854044952,0.0,0.0,0.0,0.0,0.0,0.0,0.0,0.0,0.0,0.0,0.0,0.0,0.0,0.0,0.0,0.0,0.0,0.0,0.0,0.0,0.0,0.0,0.5706422672753239,0.17418872627451888,252.13308756225823,299.006308611858,4123.982404341996,0.07429130035859653,0.011338721055951852,144.35617029073286,171.0889962159058,2416.3956796405275,0.4821270526511384,0.09110488523264146,362.65422380682858,429.51493760055259,6202.5943715831949,0.16776251507752577,0.03170115553241226,226.46872499126216,268.69926728752048,3568.4152569066375,0.0,0.0,10.410060619519811,12.505595281003139,90.80200083497604,0.0,0.0,76.91880204472506,91.28240651013525,1212.3693421748909,0.0,0.0,253.35857366320608,302.2848301528166,3213.6735156376037,0.0,0.0,34.84318186162707,41.827199821504127,318.7769921593776,0.0,0.0,118.40126570515688,141.6856505501824,1300.206344082821,44.59405116047229,30.585768971517355,402.8923807052817,479.50559582980056,6312.907865991691,0.0,0.0,147.896620237316,176.640279522919,1792.6075681703665,0.0,21.417103121025649,35.99900123740994,21.0,30.0,0.0,21.670307168835124,35.46369755606859,16.0,30.0,1551.5274146085376,21.77058904987397,35.263319279993158,21.5,30.0,0.0,21.063958257068955,36.801997407873219,16.0,30.0,0.0,17.54877584980522,45.71940132136527,12.0,30.0,0.0,21.120308914183349,36.60557857298603,16.0,30.0,0.0,19.548180572808108,40.34771033501474,10.0,30.0,0.0,17.762785411338755,45.10371661099141,16.0,30.0,0.0,18.6855461912309,42.565584223495488,12.0,30.0,0.0,20.245422566627384,0.0,0.0,0.0,19.248473391087904,0.0,0.0,479.2441941995523,475.298474776753,477.2253855529688,477.58996264717276,503.69122199845557,497.59782527044208,495.04768092963777,500.4989201819461,499.37311707410199,5536.735315319349,81.3112349882034,83.22906751447454,60.0,0.0,60.0,60.0,16.0,16.0,16.0,12.0,16.0,12.0,21.0,10.0,1.0,0.0,0.0,0.0,1551.5274146085376,0.0,0.0,0.0,0.0,0.0,2902.1114780399909,1741266.8868239944,2268875.148507765,81.3112349882034,83.26163867753768,0.18173704926799973,0.3831155053056867,0.18014068700982978,83.26163867753768,0.17713239097194376,2268875.148507765,0.11990150772240375 
 03/19  14:30:00,13.309999999999999,61.5,7.6899999999999999,184.0,430.0,0.0,0.0,0.0,0.0,0.0,0.0,0.0,0.0,0.0,0.0,1298.0,0.0,1738.6814138071414,77.66118023306696,199.00524976274495,52.13386307884488,1387.626884511615,0.0,77.66118023306692,106.16872124187667,0.0,0.0,20.733945591706886,176.59392162251425,22.61155648549819,-541.7398136904894,20.618403925658368,-130.44572601126948,20.765144755227156,27.86365184394117,17.409910725374038,39.196794855518849,21.71393844406831,-253.84947810279483,19.00108408608157,191.60107394465923,17.527523962363035,105.23300012970276,18.54284773648385,125.21289399777561,638.1999806036729,97.78874570669268,0.0,0.0,0.0,0.0,0.0,0.0,0.0,0.0,0.0,0.0,0.0,0.0,0.0,0.0,0.0,0.0,0.0,0.0,0.0,0.0,0.0,0.0,0.5245548643414011,0.16012053246074516,260.46986365811827,308.5930042723791,4146.532888928414,0.04228287983768144,0.006453430988657119,197.40472336868636,233.33026931199948,3323.5823012345656,0.6242165042497359,0.11795474381136359,377.47356416056348,447.76253469941698,5728.269782255165,0.1411852308920477,0.026678992987915277,226.21449008370008,268.2663981130873,3520.2556016274249,0.0,0.0,10.30585621384053,12.363817926804126,90.11684295703114,0.0,0.0,77.93555313240626,92.34927469859251,1234.7448416014173,0.0,0.0,253.62759355446878,302.1962544173597,3217.3770129200968,0.0,0.0,35.33447817933685,42.36058828302673,322.0652554745032,0.0,0.0,118.6133365880502,141.7479456411186,1300.826523426831,44.36180125277929,30.42647548201598,419.4679404736132,498.76400429192048,6439.099042426802,0.0,0.0,148.5735490630853,177.20773513407057,1799.0126446351385,0.0,21.25057844721602,36.39875718748988,21.0,30.0,0.0,21.75225285473899,35.33160874179072,16.0,30.0,109.46782794778429,20.867591197675084,37.273005490611897,21.0,30.0,0.0,21.054892053562697,36.85571603233718,16.0,30.0,0.0,17.606845410848324,45.55427979290926,12.0,30.0,0.0,21.209040665474256,36.415250363938017,16.0,30.0,0.0,19.59579636999183,40.23661947826652,10.0,30.0,0.0,17.792396889283049,45.02374099605753,16.0,30.0,0.0,18.72509497900507,42.46519113843186,12.0,30.0,0.0,20.22122494916514,0.0,0.0,0.0,19.289324588565756,0.0,0.0,476.3662448108504,473.56620151437707,475.73873851883857,475.9090124742098,499.9209351961874,494.3605950412784,492.6293956749735,497.3494517462167,496.53219380662019,4902.113120405412,81.73099511199988,81.73099511199988,60.0,0.0,60.0,60.0,16.0,16.0,16.0,12.0,16.0,12.0,21.0,10.0,1.0,0.0,0.0,0.0,109.46782794778429,0.0,0.0,0.0,0.0,0.0,0.0,0.0,0.0,81.73099511199988,81.73099511199988,0.17,0.30903071253841515,0.18014068700982978,81.73099511199988,0.17713239097194376,0.0,0.00193 
 03/19  14:40:00,13.356666666666666,61.666666666666667,7.663333333333334,177.0,426.1666666666667,0.0,0.0,0.0,0.0,0.0,0.0,0.0,0.0,0.0,0.0,2600.0,0.0,1711.2937784495576,75.12079082057139,192.49553362382276,51.312642980250377,1365.7689393282304,0.0,75.12079082057135,102.69581631599687,0.0,0.0,20.776346974904496,226.0298096521724,22.616671515214969,-481.42178866684255,21.25040662083473,-1147.1264737791574,20.773083362614078,310.5823206760615,17.45412255405166,39.31050076383495,21.79170626981996,-264.6177867416271,19.028202907040055,205.37926991482255,17.548533324569037,105.66904662780729,18.575146709742329,127.85127985303825,642.898722019037,96.62961643136009,0.0,0.0,0.0,0.0,0.0,0.0,0.0,0.0,0.0,0.0,0.0,0.0,0.0,0.0,0.0,0.0,0.0,0.0,0.0,0.0,0.0,0.0,0.5535132107946511,0.16896007655514384,287.0446922421821,340.4021986202734,4609.881910279548,0.06739048285032387,0.010285482730513413,170.74952254687813,202.28314311346069,2847.0267661493464,0.4261481128520408,0.08052685428043102,383.92376457432496,454.6126819496103,6525.9058147891869,0.15927094636760465,0.030096550711943425,234.82500298581238,278.59705177875818,3666.788194453078,0.0,0.0,10.356610969355942,12.43574590613332,90.4396621680386,0.0,0.0,79.39955813497287,94.16694175249762,1260.3650918022702,0.0,0.0,253.2279445564597,302.01813411774006,3200.653271433468,0.0,0.0,34.84991392832835,41.82304340578058,315.8785250463377,0.0,0.0,117.93213848048473,141.07257383264068,1289.5080809959698,44.318708834229479,30.396919639389226,448.38172871936447,533.4636236049769,6940.420201455898,0.0,0.0,147.34169071379697,175.9097973903048,1780.5327239712404,0.0,21.355653536804704,36.22902907876229,21.0,30.0,0.0,21.709843294244636,35.48173877624262,16.0,30.0,1620.4521618289169,21.81077119676606,35.26594743524113,21.5,30.0,0.0,21.101448638778409,36.804112112754399,16.0,30.0,0.0,17.649050303169348,45.439497043084859,12.0,30.0,0.0,21.274712817650959,36.283555163182658,16.0,30.0,0.0,19.621422782999497,40.20020228589222,10.0,30.0,0.0,17.81543937286496,44.96855506701296,16.0,30.0,0.0,18.757448694442119,42.39196346868279,12.0,30.0,0.0,20.303377465805139,0.0,0.0,0.0,19.32614441711086,0.0,0.0,473.1787203708253,470.64934428970499,472.1289647041666,472.91250941534829,497.042948925887,491.12067252664647,488.7361159663861,494.3527751545222,493.22175471203556,4772.290714822164,81.04559111429401,82.74084765387501,60.0,0.0,60.0,60.0,16.0,16.0,16.0,12.0,16.0,12.0,21.0,10.0,1.0,0.0,0.0,0.0,1620.4521618289169,0.0,0.0,0.0,0.0,0.0,2565.6357922037516,1539381.4753222508,1997118.8275927595,81.04559111429401,82.76963873778259,0.17052119307345837,0.38493280199561877,0.18014068700982978,82.76963873778259,0.17713239097194376,1997118.8275927595,0.10579017903482349 
 03/19  14:50:00,13.403333333333333,61.833333333333339,7.636666666666667,170.0,422.3333333333333,0.0,0.0,0.0,0.0,0.0,0.0,0.0,0.0,0.0,0.0,1302.0,0.0,1680.983968963545,72.53240064265792,185.86281625969765,50.40380274140476,1341.5788362536665,0.0,72.53240064265788,99.15729070462459,0.0,0.0,20.736660427921806,187.09848723751839,22.682072497009807,-549.9652269108633,20.6370472269236,-113.19421837172013,20.802412816476058,36.12557014130607,17.50191592204812,38.6487732534724,21.864820226314053,-270.96346369590608,19.066803618947377,194.1213580955964,17.57164873405368,107.24738967387487,18.609785164467007,125.2548423457124,631.1158299690378,96.8094226115827,0.0,0.0,0.0,0.0,0.0,0.0,0.0,0.0,0.0,0.0,0.0,0.0,0.0,0.0,0.0,0.0,0.0,0.0,0.0,0.0,0.0,0.0,0.5048615191795906,0.15410913283870288,282.17745741687056,334.30514256177778,4452.09443378783,0.03696694881720206,0.005642086205311671,204.92349791269289,242.21229500961153,3425.598125918593,0.5938130488028788,0.11220957082442915,388.27153937387257,460.5164646555274,5828.367223244953,0.1354974010701813,0.025604195213564108,224.88778537036775,266.62081203909289,3475.3547741507279,0.0,0.0,10.293919202177559,12.34399761421788,89.95610896905336,0.0,0.0,80.04354610768331,94.79265365702536,1274.3033878284703,0.0,0.0,254.02007713925827,302.55837939672758,3207.8507975728246,0.0,0.0,35.41855399371991,42.44898192134934,319.68213428801547,0.0,0.0,118.15849788432628,141.15593810533449,1289.789068382287,44.10495374285242,30.250311209089465,441.3190447472436,524.6020783590484,6719.826759382613,0.0,0.0,148.06284352394494,176.53704666297115,1785.406762236813,0.0,21.275381635436376,36.44682807044765,21.0,30.0,0.0,21.77757909550008,35.38526896490994,16.0,30.0,70.60460342915698,20.884640145150649,37.33848117797528,21.0,30.0,0.0,21.097466286361443,36.85864824157501,16.0,30.0,0.0,17.699226638112419,45.31147148506429,12.0,30.0,0.0,21.345489414153023,36.14715257822425,16.0,30.0,0.0,19.662844578495123,40.114218769571149,10.0,30.0,0.0,17.84303958477293,44.90869254732644,16.0,30.0,0.0,18.794979395558444,42.31032223170101,12.0,30.0,0.0,20.28422380705576,0.0,0.0,0.0,19.359909163212799,0.0,0.0,471.2686386976162,468.9137976742357,470.8556789520774,471.13164305152699,493.45106582010939,488.0625113066212,486.608685813545,491.0597422185436,490.24722584592817,3020.9584481826288,82.20337978789198,82.20337978789198,60.0,0.0,60.0,60.0,16.0,16.0,16.0,12.0,16.0,12.0,21.0,10.0,1.0,0.0,0.0,0.0,70.60460342915698,0.0,0.0,0.0,0.0,0.0,0.0,0.0,0.0,82.20337978789198,82.20337978789198,0.17,0.31031236277493109,0.18014068700982978,82.20337978789198,0.17713239097194376,0.0,0.0019566666666666666 
 03/19  15:00:00,13.45,62.0,7.61,163.0,418.5,0.0,0.0,0.0,0.0,0.0,0.0,0.0,0.0,0.0,0.0,2608.0,0.0,1647.8657247469549,69.8953276551121,179.1053501403766,49.41075280314611,1315.1473497106748,0.0,69.89532765511206,95.55221200160963,0.0,0.0,20.775095634428874,232.54076971893984,22.685525639542474,-508.12843525986,21.249448015151743,-1086.4840443607637,20.798163799476098,287.87735635339757,17.542544469650275,38.80023645878197,21.922485079297077,-276.5191652523598,19.096567737206145,202.85655263013815,17.59221868683349,107.30005543119944,18.639765002883477,127.20012836425826,632.9279215721558,100.29443222626424,0.0,0.0,0.0,0.0,0.0,0.0,0.0,0.0,0.0,0.0,0.0,0.0,0.0,0.0,0.0,0.0,0.0,0.0,0.0,0.0,0.0,0.0,0.5281635070737983,0.16122207175634874,294.1770467516311,348.79877728195717,4669.830335073206,0.05922586781692052,0.009039357114914609,181.6961333650444,215.18053466558,3010.115225697569,0.42415057058140728,0.08014938975461214,380.41335881385057,450.409951241112,6390.057398796359,0.1545671360395471,0.029207697664313506,234.20837483659663,277.827449847679,3616.1517841699089,0.0,0.0,10.32546793383742,12.393269260402337,89.99783430816419,0.0,0.0,80.83298303923283,95.81668788879631,1286.9316224342247,0.0,0.0,254.00360596903745,302.8353795205717,3197.5138280400299,0.0,0.0,35.06080022516237,42.06421866889401,314.5929108120481,0.0,0.0,118.1946589051791,141.33761922734144,1285.6907965990668,44.05435904077811,30.215609767337538,456.03842556642089,542.4128765079679,6993.13646516702,0.0,0.0,147.6744856685287,176.24966315840036,1774.4044028423114,0.0,21.35994791126977,36.33760011104805,21.0,30.0,0.0,21.74930639349545,35.5224175322117,16.0,30.0,1553.5679333154008,21.801272942060856,35.4042235969847,21.5,30.0,0.0,21.117832244945498,36.88670096684311,16.0,30.0,0.0,17.736039961918338,45.224238863441517,12.0,30.0,0.0,21.395798995779566,36.06223889907761,16.0,30.0,0.0,19.69162033697445,40.08662775096292,10.0,30.0,0.0,17.864942426766527,44.871101825245819,16.0,30.0,0.0,18.82454109020343,42.25936990034566,12.0,30.0,0.0,20.354181971044669,0.0,0.0,0.0,19.387229404729554,0.0,0.0,468.54431726196307,466.34600793694656,467.64390181488786,468.36452945603198,490.7541856561242,485.1403785101084,483.0296632343692,488.1870402425121,487.143052386697,4261.239963841284,83.21123328417173,83.21123328417173,60.0,0.0,60.0,60.0,16.0,16.0,16.0,12.0,16.0,12.0,21.0,10.0,1.0,0.0,0.0,0.0,1553.5679333154008,0.0,0.0,0.0,0.0,0.0,0.0,0.0,0.0,83.21123328417173,83.21123328417173,0.17,0.3853873015197493,0.18014068700982978,83.21123328417173,0.17713239097194376,0.0,0.0019733333333333336 
 03/19  15:10:00,13.49,62.0,7.566666666666666,156.0,414.6666666666667,0.0,0.0,0.0,0.0,0.0,0.0,0.0,0.0,0.0,0.0,1306.0,0.0,1612.0526044549857,67.20898005932809,172.2216189868198,48.33689818708211,1286.5651098759434,0.0,67.20898005932804,91.87977117339078,0.0,0.0,20.750569424907178,193.23935762090697,22.732595358587035,-562.5171169993664,20.654949245426285,-100.74387607733115,20.8211435254403,36.35685469859209,17.586723943736574,38.15134787397534,21.976791517094946,-280.524581255808,19.132061336064653,193.49734474804428,17.614080333437696,108.27558977454408,18.671292291305887,123.64146415216146,617.8042996562072,103.18630820873796,0.0,0.0,0.0,0.0,0.0,0.0,0.0,0.0,0.0,0.0,0.0,0.0,0.0,0.0,0.0,0.0,0.0,0.0,0.0,0.0,0.0,0.0,0.48582385598781549,0.14829788033816103,282.7519562883383,334.90187947828226,4423.82568708783,0.0319480685725916,0.004876078841970635,211.02496738443299,249.3664940662125,3501.2501452711869,0.5796949729984784,0.10954175604657572,377.5211699870513,447.6465720946443,5613.743230399741,0.13332750065744895,0.025194161121966917,218.37306420943373,258.8406085059661,3341.668016569709,0.0,0.0,10.26212670310584,12.300074041515553,89.52677276234765,0.0,0.0,81.2479937067408,96.16647757299654,1295.7502174075276,0.0,0.0,254.6187867630103,303.14617036571226,3202.6871509838158,0.0,0.0,35.58383769890875,42.6320968603745,318.22382603714746,0.0,0.0,118.35434452097802,141.33256851482339,1285.7971726848228,43.814979598368868,30.05142633632982,436.36869126574677,518.5686486979013,6594.13716187341,0.0,0.0,148.26921691548425,176.72041454173576,1775.7353729147872,0.0,21.298774205036915,36.520698850065588,21.0,30.0,0.0,21.80293327323183,35.460586130139919,16.0,30.0,51.70102808370879,20.903030459732876,37.42655094224495,21.0,30.0,0.0,21.109579599878736,36.955140381688028,16.0,30.0,0.0,17.7805688980552,45.12499569328284,12.0,30.0,0.0,21.450468250840197,35.97148174343015,16.0,30.0,0.0,19.727158523987364,40.02219382950953,10.0,30.0,0.0,17.890263972649277,44.82972821999722,16.0,30.0,0.0,18.858108882714224,42.19840174625054,16.0,30.0,0.0,20.314301902271333,0.0,0.0,0.0,19.40788898230783,0.0,0.0,466.87748982240279,464.73389892718867,466.5412052820045,466.7715897708542,487.41988947762368,482.35131752878649,481.07990596337887,485.15650930648146,484.41782260045337,3582.9497934412249,83.65966125181144,83.65966125181144,60.0,0.0,60.0,60.0,16.0,16.0,16.0,16.0,16.0,12.0,21.0,10.0,1.0,0.0,0.0,0.0,51.70102808370879,0.0,0.0,0.0,0.0,0.0,0.0,0.0,0.0,83.65966125181144,83.65966125181144,0.17,0.30736221776992797,0.18014068700982978,83.65966125181144,0.17713239097194376,0.0,0.00199 
 03/19  15:20:00,13.53,62.0,7.523333333333333,149.0,410.83333333333339,0.0,0.0,0.0,0.0,0.0,0.0,0.0,0.0,0.0,0.0,2616.0,0.0,1573.6581940488086,64.47285073422059,165.21032350260888,47.185644733756557,1255.9227687207265,0.0,64.47285073422055,88.13927494699715,0.0,0.0,20.798633654286058,236.21676662603796,22.72979309210821,-506.9350248481817,21.270554360955069,-1085.5071610124933,20.826237212061508,293.7870448458202,17.624766654182574,38.25760474008534,22.01782871063275,-283.68901631450196,19.16114897240415,201.44418351079868,17.632748416008864,107.36806377954435,18.697437305627113,123.61365779722428,621.3071742364741,109.5650412775401,0.0,0.0,0.0,0.0,0.0,0.0,0.0,0.0,0.0,0.0,0.0,0.0,0.0,0.0,0.0,0.0,0.0,0.0,0.0,0.0,0.0,0.0,0.5175429887242047,0.15798015528821877,292.52892123280437,346.71545466139357,4615.909046861726,0.05772590782551907,0.008810425492295342,181.508097778428,214.87421114321828,2988.4638330173977,0.4030554284026675,0.07616315729453283,378.4901701762271,447.97819800510509,6318.681397962984,0.15323485158204956,0.028955943231679799,232.96818984663828,276.2508051169156,3575.066101573271,0.0,0.0,10.301031116178237,12.357391898070699,89.6891563669526,0.0,0.0,81.62326129456869,96.69770922909373,1300.8036022434658,0.0,0.0,254.8022147474701,303.64038251272646,3197.4916680749786,0.0,0.0,35.23110703028301,42.250896984232188,313.44022659804588,0.0,0.0,118.63118606202707,141.7933657939824,1284.6285263497403,43.7517095977352,30.00803127416681,453.26026996758676,538.9111265268679,6902.465830936504,0.0,0.0,148.12625004817736,176.72012141757606,1765.7786334860237,0.0,21.39361710377931,36.3885134499765,21.0,30.0,0.0,21.781558856965427,35.582593271516028,16.0,30.0,1575.5196970478287,21.834364196423736,35.45743600117603,21.5,30.0,0.0,21.14974506657051,36.94183796523459,16.0,30.0,0.0,17.813697585966378,45.05766273539541,12.0,30.0,0.0,21.48824701017205,35.92312767352141,16.0,30.0,0.0,19.754867728738245,40.00892504426899,10.0,30.0,0.0,17.909096372982366,44.811585816276728,16.0,30.0,0.0,18.88266345823343,42.17208354664784,16.0,30.0,0.0,20.387720993168246,0.0,0.0,0.0,19.42227309803736,0.0,0.0,464.4407374103593,462.3886448553999,463.6003668110734,464.29108348535518,484.9280610365309,479.7007070250013,477.8137302330977,482.52028985090956,481.56989642555996,5218.449752742961,80.8056290420728,82.61738586162325,60.0,0.0,60.0,60.0,16.0,16.0,16.0,16.0,16.0,12.0,21.0,10.0,1.0,0.0,0.0,0.0,1575.5196970478287,0.0,0.0,0.0,0.0,0.0,2741.7641050637,1645058.4630382199,2130691.4229031086,80.8056290420728,82.64815550703909,0.17639213683545669,0.3861330449251529,0.18014068700982978,82.64815550703909,0.17713239097194376,2130691.4229031086,0.11281595399096166 
 03/19  15:30:00,13.57,62.0,7.48,142.0,407.0,0.0,0.0,0.0,0.0,0.0,0.0,0.0,0.0,0.0,0.0,1310.0,0.0,1532.7964971034353,61.6865041604992,158.07034786771795,45.96041080576458,1223.3113115105612,0.0,61.68650416049917,84.33012793453999,0.0,0.0,20.77661014011278,195.50440828474803,22.769128239303798,-560.0769181886039,20.67062384388938,-86.59731177961294,20.848892216411696,39.311386546007728,17.666212379927506,37.58696582859119,22.055495135130223,-285.2018494362794,19.194025621298424,191.41722685213063,17.6524601178949,107.94444386507098,18.724638848112379,119.76960020309116,608.3643271620231,115.34876729575126,0.0,0.0,0.0,0.0,0.0,0.0,0.0,0.0,0.0,0.0,0.0,0.0,0.0,0.0,0.0,0.0,0.0,0.0,0.0,0.0,0.0,0.0,0.47084303353466208,0.1437249797114353,282.42051217868336,334.37890290606148,4389.529191077883,0.030415537304253737,0.00464217602323775,211.18633003460915,249.45786121883666,3482.7980084150769,0.5671336259277812,0.10716810769610381,377.91854020753308,447.96945386393119,5567.813424172931,0.13113039678555572,0.024778986542999937,218.6267531403273,259.0416099628956,3322.925460054294,0.0,0.0,10.230949282185126,12.256345897205865,89.07755787812178,0.0,0.0,81.85172588633907,96.82940937941592,1304.4136467457557,0.0,0.0,255.41244929976117,303.94786165876448,3200.233250785027,0.0,0.0,35.75109517136257,42.81505523066438,316.73370378168496,0.0,0.0,118.93040369459911,141.95672110139447,1284.8345335889429,43.5102653702552,29.842431666841713,436.8901425140799,518.967160818468,6558.13054227738,0.0,0.0,148.86386666087814,177.36687977499484,1765.3135410597709,0.0,21.330536406479845,36.577679047943437,21.0,30.0,0.0,21.835812572715306,35.51699235750429,16.0,30.0,24.817777070401076,20.91713420228102,37.525643136287389,21.0,30.0,0.0,21.140819825967289,37.012686378506149,16.0,30.0,0.0,17.85418469388123,44.98551568889354,12.0,30.0,0.0,21.52872681490737,35.873307037076418,16.0,30.0,0.0,19.78575287558703,39.96339610318688,10.0,30.0,0.0,17.93070019038143,44.79537256663225,16.0,30.0,0.0,18.910294970749786,42.138990300995157,16.0,30.0,0.0,20.356649584147787,0.0,0.0,0.0,19.431271951917546,0.0,0.0,462.88798710091228,460.9503582931791,462.5877783901289,462.82568938819187,481.85983194371149,477.166582937719,476.029395404752,479.7460617267568,479.07664391879259,2923.247386894598,82.32304831187881,82.32304831187881,60.0,0.0,60.0,60.0,16.0,16.0,16.0,16.0,16.0,12.0,21.0,10.0,1.0,0.0,0.0,0.0,24.817777070401076,0.0,0.0,0.0,0.0,0.0,0.0,0.0,0.0,82.32304831187881,82.32304831187881,0.17,0.3102190202585749,0.18014068700982978,82.32304831187881,0.17713239097194376,0.0,0.00205 
 03/19  15:40:00,13.61,62.0,7.4366666666666669,131.5,412.83333333333339,0.0,0.0,0.0,0.0,0.0,0.0,0.0,0.0,0.0,0.0,2624.0,0.0,1504.1641311899198,57.98598920296549,148.58786611621037,45.10186677597828,1200.4599460770278,0.0,57.98598920296546,79.27124343396027,0.0,0.0,20.81793464584109,229.90482575832903,22.760478358953816,-516.7671156851186,21.267710690348247,-1029.7082086056624,20.840249165328197,275.5583274528601,17.70306777124295,37.4633880470342,22.08847294788197,-287.5159652730972,19.218916619054235,196.7859264987046,17.6688105396764,106.26537732020518,18.746181110740389,117.97693863794211,610.2405628634233,122.82169914420547,0.0,0.0,0.0,0.0,0.0,0.0,0.0,0.0,0.0,0.0,0.0,0.0,0.0,0.0,0.0,0.0,0.0,0.0,0.0,0.0,0.0,0.0,0.49202152504745047,0.15018972071045495,292.8110975699859,346.93341764444076,4577.343073395391,0.05085855659131933,0.007762294962045077,186.66692835256269,220.89221157158713,3052.519542848185,0.4064853185114766,0.0768112846771498,374.4528198128901,443.0928977410864,6182.638376215159,0.15021363554536056,0.028385040730415816,232.612010977103,275.7507391478326,3530.970978352022,0.0,0.0,10.248238376310925,12.287800801918167,89.00829760797189,0.0,0.0,82.10482386235963,97.21892219855767,1306.1701621336488,0.0,0.0,255.3574745872724,304.1671519861766,3188.4517126324014,0.0,0.0,35.39158785886076,42.42675109512277,311.6749755052828,0.0,0.0,119.17624966215993,142.38416759311338,1281.9765303853265,43.42811635476333,29.786088034817113,453.52218842891969,539.0096964916737,6848.6227693867099,0.0,0.0,148.67941959124193,177.32552220547115,1751.4941485470138,0.0,21.406425943027874,36.488576218542217,21.0,30.0,0.0,21.807161067922296,35.65576308663735,16.0,30.0,1509.572188889102,21.82111958594156,35.61081436269713,21.5,30.0,0.0,21.155834594744129,37.05863010931901,16.0,30.0,0.0,17.885183059916565,44.93518107198149,12.0,30.0,0.0,21.558065903475986,35.851953374024528,19.0,30.0,0.0,19.806358505435079,39.97790316600857,10.0,30.0,0.0,17.9461378592559,44.79819692862958,16.0,30.0,0.0,18.929251110394664,42.13868022630733,16.0,30.0,0.0,20.422389622010088,0.0,0.0,0.0,19.43418009756395,0.0,0.0,460.67872696902819,458.84000857001146,459.9310197181793,460.5527319938194,479.57578496383078,474.7342738332344,473.041865739317,477.3347423268722,476.4701285166308,4934.305161950433,81.35302353403321,83.06914835993998,60.0,0.0,60.0,60.0,16.0,16.0,19.0,16.0,16.0,12.0,21.0,10.0,1.0,0.0,0.0,0.0,1509.572188889102,0.0,0.0,0.0,0.0,0.0,2597.1867780152058,1558312.0668091234,2020059.988053638,81.35302353403321,83.09829385662731,0.17157289260050685,0.3852633859378621,0.18014068700982978,83.09829385662731,0.17713239097194376,2020059.988053638,0.1071231193787892 
 03/19  15:50:00,13.649999999999999,62.0,7.393333333333333,121.0,418.6666666666667,0.0,0.0,0.0,0.0,0.0,0.0,0.0,0.0,0.0,0.0,1314.0,0.0,1472.1684769113454,54.18198720297392,138.8402007718605,44.14247574912952,1174.9243713384088,0.0,54.18198720297389,74.07088430049598,0.0,0.0,20.799465335919558,195.3186845821483,22.792930391585803,-564.2700161119446,20.68478004774059,-79.64279477774017,20.857210953965294,39.88598082226281,17.743921955928366,36.685823675330997,22.12038606674146,-288.7534441311973,19.247514391480949,187.9362913552768,17.685290323546576,106.32724832502822,18.767734648842667,113.84022733945995,594.5111227724483,130.38498951365546,0.0,0.0,0.0,0.0,0.0,0.0,0.0,0.0,0.0,0.0,0.0,0.0,0.0,0.0,0.0,0.0,0.0,0.0,0.0,0.0,0.0,0.0,0.45117857889102827,0.13772239892888533,279.36337209356079,330.64763647336488,4305.500449035771,0.026273133108270925,0.0040099409505908009,214.04382842528455,252.7556459487293,3501.443297334942,0.5545406857917812,0.10478848937864349,367.2668500429812,435.1989598815835,5360.725720931834,0.12953520451988494,0.024477551874505837,213.11366634418898,252.44345115645786,3206.3391817041426,0.0,0.0,10.174990642034246,12.183072952427216,88.34328608894529,0.0,0.0,82.31054590200565,97.32508984557222,1308.1796663093156,0.0,0.0,255.84852285687894,304.33656328227667,3186.432894926975,0.0,0.0,35.84678983001295,42.913312603603099,314.01045064872678,0.0,0.0,119.42058697389051,142.4836880587821,1279.8731719953908,43.18394850925112,29.618620376715456,429.0034140298744,509.42616310340119,6389.166637352612,0.0,0.0,149.29888415300833,177.83638162074898,1746.118028938552,0.0,21.348419767592398,36.66720762475694,21.0,30.0,0.0,21.85142817083671,35.61297846617143,16.0,30.0,12.197557276552644,20.931167868693384,37.62639679519493,21.0,30.0,0.0,21.14481218184062,37.135336927150209,16.0,30.0,0.0,17.924293849361736,44.879483325985777,12.0,30.0,0.0,21.59084656467735,35.825953580346048,19.0,30.0,0.0,19.83078749445877,39.95366107050489,10.0,30.0,0.0,17.963022232720534,44.80604528320079,16.0,30.0,0.0,18.9497251612902,42.13317871169627,16.0,30.0,0.0,20.377528135724938,0.0,0.0,0.0,19.43164429246869,0.0,0.0,459.2978205706114,457.5106205261451,459.0413626265185,459.23766044431695,476.76722870162697,472.4230975275591,471.4097609203598,474.7995931771227,474.19148123825416,2634.391367871785,82.8733921551163,82.8733921551163,60.0,0.0,60.0,60.0,16.0,16.0,19.0,16.0,16.0,12.0,21.0,10.0,1.0,0.0,0.0,0.0,12.197557276552644,0.0,0.0,0.0,0.0,0.0,0.0,0.0,0.0,82.8733921551163,82.8733921551163,0.17,0.3096167522734398,0.18014068700982978,82.8733921551163,0.17713239097194376,0.0,0.00212 
 03/19  16:00:00,13.69,62.0,7.35,110.5,424.5,0.0,0.0,0.0,0.0,0.0,0.0,0.0,0.0,0.0,0.0,2632.0,0.0,1436.7486933768824,50.273115360576998,128.82380852044734,43.08041344794728,1146.6560309069067,0.0,50.273115360576969,68.72716014178225,0.0,0.0,20.84347077322008,226.49712835966739,22.779207254483308,-514.9593001293758,21.276857614701514,-1012.5111758813853,20.851148426704314,275.71059928590946,17.779804366233639,36.438361045409028,22.143869121042415,-290.79192739809096,19.270177063853887,192.4655709687222,17.69877278469516,103.96635811496265,18.78438016049749,110.71326543337477,597.4495379700475,139.4137226625976,0.0,0.0,0.0,0.0,0.0,0.0,0.0,0.0,0.0,0.0,0.0,0.0,0.0,0.0,0.0,0.0,0.0,0.0,0.0,0.0,0.0,0.0,0.4732809330934503,0.14446914929592503,290.71858004072456,344.3387289626813,4507.4674384753739,0.04742546831254149,0.007238319339520985,186.84308875931328,221.02424803042426,3031.091343565129,0.38931414688918977,0.07356654325192554,371.5021722768791,439.4703285981568,6078.664876616551,0.1483387471319338,0.02803075342629133,231.3831070773736,274.20139318273166,3480.1617349309597,0.0,0.0,10.19540670353377,12.218276150542899,88.27905591801086,0.0,0.0,82.4671150529782,97.6030710659236,1307.3370416487147,0.0,0.0,256.0603855323484,304.8778628999364,3176.27573282814,0.0,0.0,35.483364998279828,42.5211562889862,308.6617635650151,0.0,0.0,119.89029129309717,143.18183477920776,1277.9313224248936,43.10406310336607,29.563829289002805,450.21812556125078,534.8909994522802,6740.696657119843,0.0,0.0,149.34016883731,178.0710492351896,1731.874658698549,0.0,21.425582088220275,36.57773359320895,21.0,30.0,0.0,21.82449179172832,35.75081125318953,16.0,30.0,1499.7303651631799,21.830673029313176,35.72002153788842,21.5,30.0,0.0,21.16727927171176,37.16650867984728,16.0,30.0,0.0,17.95416599924273,44.840859816163348,12.0,30.0,0.0,21.613645003556458,35.82484395644187,19.0,30.0,0.0,19.84805021188877,39.984069635965258,10.0,30.0,0.0,17.97435095843293,44.828645238368988,16.0,30.0,0.0,18.962631197585237,42.1569195089943,16.0,30.0,0.0,20.44547923762384,0.0,0.0,0.0,19.424175105688666,0.0,0.0,457.27437580350667,455.5777181446766,456.59522307827026,457.1758515353243,474.6770579472045,470.2081824093161,468.68301593531978,472.59704652900197,471.80794188458358,4692.955941863849,81.6730228625808,81.6730228625808,60.0,0.0,60.0,60.0,16.0,16.0,19.0,16.0,16.0,12.0,21.0,10.0,1.0,0.0,0.0,0.0,1499.7303651631799,0.0,0.0,0.0,0.0,0.0,0.0,0.0,0.0,81.6730228625808,81.6730228625808,0.17,0.38497442860498218,0.18014068700982978,81.6730228625808,0.17713239097194376,0.0,0.0021599999999999998 
 03/19  16:10:00,13.621666666666667,62.333333333333339,7.343333333333334,100.0,430.3333333333333,0.0,0.0,0.0,2.0,0.0,0.0,0.0,0.0,0.0,4.0,1974.0,0.0,1397.8350004651409,46.2581174577545,118.53547041754908,41.913587558609268,1115.5992341110633,0.0,46.25811745775448,63.23835361254562,0.0,0.0,20.79689368861996,162.33268325079434,22.786263354503057,-595.1980704807478,21.28519510989004,-654.9498938225537,20.92296127243342,204.594150884847,17.813353273109564,29.420734904899669,22.351725910698005,-45.84811407833814,19.152907964299865,47.510660746587749,17.70793672824739,97.78241102847324,18.793640390408468,88.25971495030095,618.0903036125068,116.13762904079553,0.0,0.0,0.0,0.0,0.0,0.0,0.0,0.0,0.0,0.0,0.0,0.0,0.0,0.0,0.0,0.0,0.0,0.0,0.0,0.0,0.0,0.0,0.5879303440412695,0.17946591698451454,231.57880990926277,274.18370131951317,3566.0530079906168,0.04597373602461631,0.0070167484775055439,219.0179775483189,258.84905384787387,3588.025362933098,0.3165987011841985,0.05982590725324993,237.95009799198858,281.2594892622201,3886.9289643722479,0.13441831247017467,0.025400285803132015,238.2958043048938,282.201373772989,3645.858662082749,0.0,0.0,8.705430064154612,10.427300214812189,77.0221574981463,0.0,0.0,12.96914425446463,15.318238010913844,216.4168974893081,0.0,0.0,171.98343500925055,204.8930838484542,2068.5586424930468,0.0,0.0,34.18847553865453,40.95239011687555,302.4582689210414,0.0,0.0,106.13940587117507,126.73085257001978,1146.2768186266019,43.187602724618198,29.621126697269007,404.19922470888459,479.87700116880355,6169.891923728477,0.0,0.0,134.48546362772857,160.35213998885636,1561.206000426384,0.0,21.309005220927149,36.92576449786538,21.0,30.0,0.0,21.83444541848224,35.804859494132688,16.0,30.0,0.0,21.80411996052745,36.652228573122467,21.0,30.0,0.0,21.27097963081378,37.492126537559659,16.0,30.0,0.0,17.97989121873572,44.836867901833247,12.0,30.0,0.0,21.969059675172557,36.81800332824271,19.0,30.0,0.0,19.582397499270916,40.7476043877239,10.0,30.0,0.0,17.979407078570298,44.890809245507778,16.0,30.0,0.0,18.96371513586183,42.22760643364382,16.0,30.0,0.0,20.51287387164717,0.0,0.0,0.0,19.35737362596532,0.0,0.0,456.37543515966237,453.88451935682238,499.6893301783073,483.5658052276799,472.47991497844677,565.7683779099148,465.61204553380329,470.269576189753,469.5396056672939,0.0,81.54724781925306,81.54724781925306,1744.0,0.0,1744.0,1744.0,16.0,16.0,19.0,16.0,16.0,12.0,21.0,10.0,1.0,0.0,0.0,0.0,0.0,0.0,0.0,0.0,0.0,0.0,0.0,0.0,0.0,81.54724781925306,81.54724781925306,0.0,0.0,0.0,81.54724781925306,0.0,0.0,0.06394666666666667 
 03/19  16:20:00,13.553333333333333,62.66666666666667,7.336666666666667,89.5,436.1666666666667,0.0,0.0,0.0,2.0,0.0,0.0,0.0,0.0,0.0,4.0,1316.0,0.0,1355.3432554390975,42.13579585933624,107.9721176447542,40.63947511339873,1081.6868276523206,0.0,42.13579585933622,57.602827454709998,0.0,0.0,20.77912101596985,176.35568595939186,22.750864072163887,-571.7841629616187,21.488379470335624,-845.1105663369071,20.977906033822089,266.71390879935827,17.839705149388409,26.1873762178991,22.609979855594529,-58.86264835911197,19.07448352621424,97.31072758537857,17.706708131574403,88.64614594866464,18.782152584905579,64.5817246914005,634.073258058379,95.10620160889266,0.0,0.0,0.0,0.0,0.0,0.0,0.0,0.0,0.0,0.0,0.0,0.0,0.0,0.0,0.0,0.0,0.0,0.0,0.0,0.0,0.0,0.0,0.6918300191820528,0.21118132453664618,242.1421033687891,286.519321704601,3743.0762380976227,0.06903028987039635,0.010535758527227771,226.20887991666013,267.1932878783126,3715.4824921246247,0.13472849709339916,0.025458899677513078,265.1344500684198,312.7339953850736,4507.308519373465,0.12813967461852006,0.02421384629979592,260.5238246987622,308.0466964077308,4073.0495725519065,0.0,0.0,8.60697326898663,10.299789676857463,77.63030951151477,0.0,0.0,13.865629664952488,16.332386252725919,244.55990286975533,0.0,0.0,154.86186569434,184.41749660527337,1838.4421771578703,0.0,0.0,32.48386106289016,38.87816905499015,291.0244291009199,0.0,0.0,91.16947971714358,108.76360045826874,991.2840844033241,43.220092386015789,29.643410415648697,439.1951269320694,520.8152427567429,6772.540304725846,0.0,0.0,117.76671892572716,140.33045808770593,1359.8415836465629,0.0,21.265874750890054,37.14183275473367,21.0,30.0,0.0,21.7837874883514,36.13582473991176,16.0,30.0,0.0,22.078576720690547,36.2397174723827,21.0,30.0,0.0,21.369095795069066,37.696228182760489,16.0,30.0,0.0,17.996654387833318,44.88285195659351,12.0,30.0,0.0,22.391388522176585,37.961789941049058,19.0,30.0,0.0,19.436978073354909,41.20122890451319,10.0,30.0,0.0,17.966158184681576,45.0444299991297,16.0,30.0,0.0,18.930896421184337,42.42136837849124,16.0,30.0,0.0,20.568773699393135,0.0,0.0,0.0,19.25853689147128,0.0,0.0,458.50015640058,462.54858940058127,504.7672293596812,501.1746730890667,471.0257409480813,676.0094982003661,464.20918129366256,469.6407818716242,468.9044136990082,0.0,81.54724781925306,81.54724781925306,1744.0,0.0,1744.0,1744.0,16.0,16.0,19.0,16.0,16.0,12.0,21.0,10.0,1.0,0.0,0.0,0.0,0.0,0.0,0.0,0.0,0.0,0.0,0.0,0.0,0.0,81.54724781925306,81.54724781925306,0.0,0.0,0.0,81.54724781925306,0.0,0.0,0.064528 
 03/19  16:30:00,13.485,63.0,7.33,79.0,442.0,0.0,0.0,0.0,2.0,0.0,0.0,0.0,0.0,0.0,4.0,658.0,0.0,1310.2789389578816,37.95497744884926,97.25886640968516,39.288224930052077,1045.7212745964314,0.0,37.95497744884925,51.88733171985503,0.0,0.0,20.774098913700919,179.6337147575432,22.73965980289202,-544.8383816483747,21.60322473107987,-861.6933679120448,21.061550060049379,254.68982782733839,17.866427167855457,24.221774832138466,22.815135575987534,-70.30253793729048,19.04826991599745,102.15844603662299,17.699510700871764,82.77162585568613,18.762841154069457,54.18749229376044,644.8842279118471,94.74630958663238,0.0,0.0,0.0,0.0,0.0,0.0,0.0,0.0,0.0,0.0,0.0,0.0,0.0,0.0,0.0,0.0,0.0,0.0,0.0,0.0,0.0,0.0,0.7760248566779487,0.23688182438276826,247.6001041827492,292.2749419344726,3852.758927617293,0.08813480549887815,0.013451588140854419,229.42186956149747,270.3037492018471,3801.535291510979,0.008850873265726044,0.001672500617106207,262.7521721132767,309.07389665878176,4564.8001405129939,0.11214365742810133,0.021191167314456029,254.27479693027335,299.83000169927808,4077.7425251220558,0.0,0.0,8.541503647627876,10.196104963872518,78.55000607901259,0.0,0.0,14.641080260482072,17.17504465782535,269.49369611862138,0.0,0.0,147.07186631401954,174.73155991188686,1751.348294793383,0.0,0.0,31.515909382192669,37.62905384696776,285.3128192055437,0.0,0.0,84.97147119641265,101.12505943735535,928.5303030036973,43.174499165950617,29.61213934564515,440.3934651342221,520.9014972878167,6907.559963018651,0.0,0.0,110.83364118387085,131.76020004367104,1280.4893955471426,0.0,21.243599385237475,37.43177864537014,21.0,30.0,0.0,21.785131644661197,36.43417146130371,16.0,30.0,0.0,22.202619453792825,36.263412905671788,21.0,30.0,0.0,21.50978628347679,37.51030021698224,16.0,30.0,0.0,18.01485687845358,44.97010811730503,12.0,30.0,0.0,22.71836182662398,38.74526032548995,19.0,30.0,0.0,19.38465210241023,41.47886024029013,10.0,30.0,0.0,17.942808272513969,45.330669742092158,16.0,30.0,0.0,18.88786979903029,42.72337522686879,16.0,30.0,0.0,20.62412620957484,0.0,0.0,0.0,19.191111485362133,0.0,0.0,467.8508379762972,476.50373109338906,518.2369571157949,503.88564982233017,470.5867708490718,748.4257966451869,465.9439042371641,473.28722177593587,471.85185196962689,0.0,81.54724781925306,81.54724781925306,1744.0,0.0,1744.0,1744.0,16.0,16.0,19.0,16.0,16.0,12.0,21.0,10.0,1.0,0.0,0.0,0.0,0.0,0.0,0.0,0.0,0.0,0.0,0.0,0.0,0.0,81.54724781925306,81.54724781925306,0.0,0.0,0.0,81.54724781925306,0.0,0.0,0.06510933333333334 
 03/19  16:40:00,13.416666666666665,63.33333333333333,7.323333333333333,70.66666666666667,428.6666666666667,0.0,0.0,0.0,2.0,0.0,0.0,0.0,0.0,0.0,4.0,658.0,0.0,1226.3801968379656,34.07747302754392,87.3228208296992,36.772542102336277,978.7623662729684,0.0,34.077473027543899,46.5864892038868,0.0,0.0,20.78658697169507,183.13877876407606,22.708085216782409,-536.4003369883467,21.663337078979063,-909.3406776968714,21.123920052232344,281.81608069429788,17.88864516401268,23.34620347760233,22.9190033367435,-76.65759843397564,19.037129345667294,99.29911240497404,17.696181207651358,79.1592494453339,18.751522600039637,49.9714406495209,659.2360008222786,105.41264118142863,0.0,0.0,0.0,0.0,0.0,0.0,0.0,0.0,0.0,0.0,0.0,0.0,0.0,0.0,0.0,0.0,0.0,0.0,0.0,0.0,0.0,0.0,0.8468672492040252,0.25850648632601505,252.37033244800143,297.8574454576216,3967.1193513038676,0.10280337670200614,0.015690381059524747,232.81050077593683,274.276760843484,3884.4636975063465,0.0,0.0,277.72639350462716,326.6261906622638,4876.401125333752,0.11305566711178528,0.021363504745235307,267.0402354270023,314.7266557318517,4371.620316601145,0.0,0.0,8.50786236811148,10.154451106046717,79.63762112728927,0.0,0.0,15.19102295574435,17.80520102526628,286.4216280257905,0.0,0.0,145.32775852588163,172.65538927831447,1743.2069611274729,0.0,0.0,31.013473293748246,37.02681381352955,284.12706554232485,0.0,0.0,84.3518091155594,100.38484535449905,929.2341109169519,43.15735395968137,29.60037994491179,459.1689830499785,542.9547706220069,7297.926019645368,0.0,0.0,109.92743856549429,130.6905056687612,1273.5672799896927,0.0,21.253634545737783,37.6255921305009,21.0,30.0,0.0,21.774213072759637,36.59008676624129,16.0,30.0,0.0,22.228975804638787,36.303402958235448,21.0,30.0,0.0,21.612093975526279,37.562766590695307,19.0,30.0,0.0,18.028319473995415,45.06488157482478,12.0,30.0,0.0,22.880862019493408,39.141733260228637,19.0,30.0,0.0,19.359410873950624,41.704818755578937,10.0,30.0,0.0,17.928199387931174,45.566679111358947,16.0,30.0,0.0,18.863435745379783,42.96051583029149,16.0,30.0,0.0,20.679338041115295,0.0,0.0,0.0,19.138146939704126,0.0,0.0,477.5646954232839,479.53093579479426,518.9877941255877,517.261317636393,471.78240252381536,780.3225532745634,470.45356831231256,477.0105876968406,475.3167357945519,0.0,81.54724781925306,81.54724781925306,1744.0,0.0,1744.0,1744.0,16.0,19.0,19.0,16.0,16.0,12.0,21.0,10.0,1.0,0.0,0.0,0.0,0.0,0.0,0.0,0.0,0.0,0.0,0.0,0.0,0.0,81.54724781925306,81.54724781925306,0.0,0.0,0.0,81.54724781925306,0.0,0.0,0.06569066666666668 
 03/19  16:50:00,13.348333333333333,63.666666666666667,7.316666666666666,62.333333333333339,415.3333333333333,0.0,0.0,0.0,2.0,0.0,0.0,0.0,0.0,0.0,4.0,658.0,0.0,1154.5946325234123,32.4959928378421,83.27021145023579,34.62006701078989,921.4708559983378,0.0,32.49599283784209,44.424485885032897,0.0,0.0,20.790898607701334,176.26296311636907,22.68506384180983,-501.9172019908947,21.755756547851435,-877.3873237788357,21.154848925608478,258.8510985851626,17.910379823627247,22.584336027472206,22.986925411275516,-81.61867032005262,19.034213809028068,98.76718828779576,17.69497308958539,76.1964481208629,18.743020595262288,45.47729682497402,662.3337171258718,118.01705333625159,0.0,0.0,0.0,0.0,0.0,0.0,0.0,0.0,0.0,0.0,0.0,0.0,0.0,0.0,0.0,0.0,0.0,0.0,0.0,0.0,0.0,0.0,0.8734863911871945,0.26663198754187869,246.93101925006457,291.4154504777709,3911.495009891097,0.11229066011979419,0.01713837913916273,226.64415671538243,266.97512730034307,3817.796919601067,0.0,0.0,259.7387174591335,305.32980978412305,4647.870021320707,0.10215942868908466,0.01930450277571516,248.0017711980314,292.2287025927231,4108.202437781669,0.0,0.0,8.519173711518148,10.166424887916337,81.13272901928113,0.0,0.0,15.520704064346324,18.1811115526933,297.8734252815443,0.0,0.0,145.11917360340869,172.39377560773256,1757.3630119224434,0.0,0.0,30.871334375489796,36.854093115122477,286.37406930887877,0.0,0.0,84.26210213301752,100.27291006221374,936.4858961508803,43.1085615919961,29.56691467215097,434.54944565465248,513.7495171707963,7017.778139679071,0.0,0.0,109.82098987780026,130.57374175223505,1274.5943009052958,0.0,21.244510166201939,37.78084253455862,21.0,30.0,0.0,21.786437536155004,36.65275117982312,16.0,30.0,0.0,22.333169335372874,36.21187125501802,21.0,30.0,0.0,21.64273255970141,37.59581312781023,19.0,30.0,0.0,18.041229633688187,45.18395195637447,12.0,30.0,0.0,22.9861665302046,39.41871875770624,19.0,30.0,0.0,19.348322962940374,41.93101678804971,10.0,30.0,0.0,17.91687377216015,45.829235326742999,16.0,30.0,0.0,18.843633062833854,43.22412717770671,16.0,30.0,0.0,20.69364057346822,0.0,0.0,0.0,19.079251335949477,0.0,0.0,480.58946859554256,482.7626257773052,524.8979139751862,518.1265113295141,474.3734465663207,799.0111069095191,476.3902408672761,482.9660549200593,481.164178942222,0.0,81.54724781925306,81.54724781925306,1744.0,0.0,1744.0,1744.0,16.0,19.0,19.0,16.0,16.0,12.0,21.0,10.0,1.0,0.0,0.0,0.0,0.0,0.0,0.0,0.0,0.0,0.0,0.0,0.0,0.0,81.54724781925306,81.54724781925306,0.0,0.0,0.0,81.54724781925306,0.0,0.0,0.0654968888888889 
 03/19  17:00:00,13.28,64.0,7.31,54.0,402.0,0.0,0.0,0.0,2.0,0.0,0.0,0.0,0.0,0.0,4.0,658.0,0.0,1070.314402028036,28.327873774875415,72.58948898071279,32.09294644774349,854.2074968432836,0.0,28.3278737748754,38.72635112103606,0.0,0.0,20.80834489144844,181.12063217808828,22.643216217442228,-496.0369612247687,21.797444768641158,-926.3724440042952,21.20381543843037,289.44874857916877,17.930219405433794,22.05649563309379,23.022407749238967,-84.06403009680332,19.031182312960874,94.89315768217239,17.69272854994265,72.65709400439937,18.734039415257159,40.85025979511556,672.7776626961204,133.48029831852,0.0,0.0,0.0,0.0,0.0,0.0,0.0,0.0,0.0,0.0,0.0,0.0,0.0,0.0,0.0,0.0,0.0,0.0,0.0,0.0,0.0,0.0,0.9203690035138001,0.2809429192655068,251.52110761663017,296.7853645057479,4027.3556979842308,0.12081945152615908,0.01844008722926726,230.54373347459979,271.5465046674637,3908.0237140910287,0.0,0.0,276.5895308675499,325.0928443907171,4989.462190220167,0.10548002928553239,0.019931978323040886,263.4258071241571,310.28515657735616,4439.842914463997,0.0,0.0,8.48700430449186,10.126501972814526,82.1829264336558,0.0,0.0,15.745400705401809,18.437069450234767,306.2380828279069,0.0,0.0,145.4143070374318,172.73262604822919,1776.9097710386964,0.0,0.0,30.611109416310467,36.54038231145796,287.43259646486788,0.0,0.0,85.21220304055244,101.39719449424317,955.6602040471781,43.072116007130698,29.541917700364,455.3620133880541,538.228021531869,7429.047752022654,0.0,0.0,110.64164735035343,131.561117799937,1285.4651336926996,0.0,21.261781602196924,37.84491823995204,21.0,30.0,0.0,21.771307425377338,36.91302365288585,16.0,30.0,0.0,22.338330188407047,36.38165537705581,21.0,30.0,0.0,21.72211379443075,37.559673263869779,19.0,30.0,0.0,18.05252720545937,45.33998672925165,12.0,30.0,0.0,23.050034857632025,39.63411672521953,19.0,30.0,0.0,19.334730253199859,42.14855387046417,10.0,30.0,0.0,17.904779381360297,46.11499766680417,16.0,30.0,0.0,18.82550039056038,43.507794632402177,16.0,30.0,0.0,20.733070212299613,0.0,0.0,0.0,19.01608807062837,0.0,0.0,484.2185932793297,492.7143459579247,532.2843115965133,524.0992975054147,478.56620768410758,810.5577236899562,481.2220616309939,489.9187460483888,488.1016628070857,0.0,81.54724781925306,81.54724781925306,1744.0,0.0,1744.0,1744.0,16.0,19.0,19.0,16.0,16.0,12.0,21.0,10.0,1.0,0.0,0.0,0.0,0.0,0.0,0.0,0.0,0.0,0.0,0.0,0.0,0.0,81.54724781925306,81.54724781925306,0.0,0.0,0.0,81.54724781925306,0.0,0.0,0.0653031111111111 
 03/19  17:10:00,13.081666666666667,64.66666666666667,7.255,45.666666666666667,388.6666666666667,0.0,4.0,0.0,0.0,0.0,0.0,0.0,0.0,0.0,0.0,2632.0,0.0,986.3933438464399,24.119145561958445,61.80471162374871,29.5765960299785,787.2307951445528,0.0,24.119145561958434,32.97270057028449,0.0,0.0,20.902876950082985,223.86209768740174,22.615593241550564,-467.33852351696648,21.349502678337964,-372.8119641527444,21.26055864308568,-41.785415849443399,17.955159117963136,34.59549194669181,22.713660275417408,-589.2157686428187,19.33995441722746,362.9397264721879,17.698294154657778,83.32603743628158,18.737299522816309,72.77140542785128,569.0780805251948,254.41820511246693,0.0,0.0,0.0,0.0,0.0,0.0,0.0,0.0,0.0,0.0,0.0,0.0,0.0,0.0,0.0,0.0,0.0,0.0,0.0,0.0,0.0,0.0,0.6979417836473632,0.21304694250530016,319.3935139931394,378.16852793363196,5341.759241478931,0.11042966149711842,0.01685434394034164,167.8382094183961,198.33755503363268,2917.9930588969998,0.4563406837760594,0.08623217758428942,150.34759367412114,177.9985595373575,2606.316621950758,0.07567972529425812,0.014300779534062378,12.808003385700485,15.132351443808416,221.91705270288606,0.0,0.0,11.32279594501713,13.55690281853862,114.61427568568193,0.0,0.0,108.57511685950564,128.02460444339665,2039.2097103575459,0.0,0.0,285.2082683828901,339.13351491421,3940.122175364454,0.0,0.0,35.46801565546444,42.47654392256187,347.4943832556084,0.0,0.0,129.05985324495578,154.03744215828028,1500.7978691944973,42.95326977944016,29.460404512647587,263.81329436913907,313.62995824150917,4432.689619743294,0.0,0.0,159.3426487474847,189.97275403148843,1951.1744173902305,0.0,21.430682286123206,37.92017328158828,21.0,30.0,0.0,21.79856513065117,37.00218420428514,16.0,30.0,0.0,21.645320802633344,37.452485719571857,21.0,30.0,0.0,21.71793307286301,40.87059479975446,19.0,30.0,0.0,18.075264750761364,45.783610836836988,12.0,30.0,0.0,22.489746091494707,36.615289284844688,16.0,30.0,0.0,19.943987603574749,42.343764564189239,10.0,30.0,0.0,17.91041424440766,46.74996601253598,16.0,30.0,0.0,18.834276638525418,44.40540664806422,16.0,30.0,0.0,20.25619523250598,0.0,0.0,0.0,19.11752076702406,0.0,0.0,501.7895306915568,492.64043876658357,500.8415291344541,709.5122615620783,495.62506863006777,579.2973906420684,557.3107381261013,511.86756944183966,522.1374357768713,0.0,81.54724781925306,81.54724781925306,162.0,0.0,162.0,162.0,16.0,19.0,16.0,16.0,16.0,12.0,21.0,10.0,1.0,0.0,0.0,0.0,0.0,0.0,0.0,0.0,0.0,0.0,0.0,0.0,0.0,81.54724781925306,81.54724781925306,0.0,0.0,0.0,81.54724781925306,0.0,0.0,0.006048 
 03/19  17:20:00,12.883333333333333,65.33333333333334,7.200000000000001,37.33333333333333,375.33333333333339,0.0,4.0,0.0,0.0,0.0,0.0,0.0,0.0,0.0,0.0,1316.0,0.0,903.3054973819591,19.871100540924258,50.91919116679049,27.085229613715428,720.919076865498,0.0,19.871100540924247,27.16530096204253,0.0,0.0,20.850295710874258,145.9720758550775,22.50016103531655,-556.9404012232885,21.053084517500296,-89.2898975801113,21.261530707883936,-67.87372110337839,17.988014857473009,35.2882208787141,22.395170403689865,-389.5530658536045,19.401035046422018,176.5334034590769,17.71845316281675,89.07537720428354,18.763687546838008,84.89892372506484,524.1776678736519,309.66917718962898,0.0,0.0,0.0,0.0,0.0,0.0,0.0,0.0,0.0,0.0,0.0,0.0,0.0,0.0,0.0,0.0,0.0,0.0,0.0,0.0,0.0,0.0,0.742715650184647,0.22671417893304247,240.98942829000209,285.0403808553634,4061.7886770264879,0.10108588003153993,0.01542824786806165,189.51413105000317,223.76806392757349,3318.152215718009,0.7365869317955613,0.1391887626219882,104.11030075936222,123.10210474702088,1741.4844604310134,0.028737025343739478,0.0054302768979099529,18.43871115094779,21.727119516203876,324.21749782164627,0.0,0.0,10.637964163081343,12.717701170890905,112.73736780814289,0.0,0.0,95.25173781930997,112.35497653181531,1739.045553901317,0.0,0.0,285.82396518954547,339.481160556065,4084.138405848582,0.0,0.0,37.01608131122566,44.27062096008271,379.92696887844786,0.0,0.0,140.13090959405543,167.05745820108735,1698.5097381856354,42.76724774499149,29.33281738339609,194.29549693380648,230.79625972916328,3382.67319091392,0.0,0.0,172.4420625052174,205.37492933109105,2189.490377546189,0.0,21.291162998095204,38.22897493447452,21.0,30.0,0.0,21.65877374337014,37.42854136303153,16.0,30.0,0.0,21.197071058334097,39.10417116434472,21.0,30.0,0.0,21.683911184764477,44.59998052955238,19.0,30.0,0.0,18.1118734316956,46.413168054192997,12.0,30.0,0.0,22.024588315081304,36.99552573885676,16.0,30.0,0.0,19.98470638984793,41.784363763855299,10.0,30.0,0.0,17.943255926651394,47.5709103340027,16.0,30.0,0.0,18.882090887343339,44.95027032310114,16.0,30.0,0.0,19.997555243170944,0.0,0.0,0.0,19.16093363386183,0.0,0.0,494.9925389201969,491.22399582339156,532.2014998753278,909.4564609408403,520.5711144645212,542.5741187605928,534.7152039553212,543.7000542103825,546.9648442554701,0.0,81.54724781925306,81.54724781925306,162.0,0.0,162.0,162.0,16.0,19.0,16.0,16.0,16.0,12.0,21.0,10.0,1.0,0.0,0.0,0.0,0.0,0.0,0.0,0.0,0.0,0.0,0.0,0.0,0.0,81.54724781925306,81.54724781925306,0.0,0.0,0.0,81.54724781925306,0.0,0.0,0.006065999999999999 
 03/19  17:30:00,12.684999999999999,66.0,7.145,29.0,362.0,0.0,4.0,0.0,0.0,0.0,0.0,0.0,0.0,0.0,0.0,658.0,0.0,821.6434165932078,15.584550192394627,39.93500720054712,24.636614649242256,655.7452530945798,0.0,15.58455019239462,21.305261651842377,0.0,0.0,20.779387462627136,121.36641615173267,22.333851761485698,-569.4549343696654,20.92563289599073,-16.642040528619874,21.244380822596413,-89.4374122455655,18.01380373450887,32.85792420780126,22.19412812344507,-326.1410116267457,19.373598660415504,163.00349293120599,17.73347759753566,87.98854506529233,18.779652051609383,79.41535187003865,471.1819009602359,303.27222547938347,0.0,0.0,0.0,0.0,0.0,0.0,0.0,0.0,0.0,0.0,0.0,0.0,0.0,0.0,0.0,0.0,0.0,0.0,0.0,0.0,0.0,0.0,0.7772241308782517,0.23724790319848955,192.62733099032938,227.32943361782507,3268.2598367197194,0.10951001231059002,0.016713982342886147,186.60267357781064,219.97949790736286,3266.4464172173427,0.8266628959164034,0.15620991986326603,28.900405035693326,34.08985196380345,497.3981967929452,0.0,0.0,24.087309288131558,28.321271558798835,430.15495039569438,0.0,0.0,10.206875403561137,12.169870289417812,112.76063616218919,0.0,0.0,88.89795581768326,104.68272132272506,1614.1959044938568,0.0,0.0,268.76149074821896,318.50225138646035,3900.9231674118066,0.0,0.0,36.14474207785388,43.118141290927798,387.170738338154,0.0,0.0,129.11168337212039,153.52506729169944,1623.4592889869119,42.58674042705482,29.209012638583564,159.74213355173098,189.3962680842271,2877.858456823155,0.0,0.0,160.4570591950233,190.70135316306048,2068.896132235952,0.0,21.13693254286325,38.725167363161869,21.0,30.0,0.0,21.444213393025135,38.18340492255449,16.0,30.0,0.0,21.05021759524512,42.09989700253103,21.0,30.0,0.0,21.629290899322588,45.442513169239528,19.0,30.0,0.0,18.134779792268817,46.640479111846278,12.0,30.0,0.0,21.768229384058797,37.4665571718153,16.0,30.0,0.0,19.895121696455033,42.0930733144619,10.0,30.0,0.0,17.965312765096774,47.485352661256147,16.0,30.0,0.0,18.90724902166928,44.74332601514576,16.0,30.0,0.0,19.77537215674311,0.0,0.0,0.0,19.056001475516493,0.0,0.0,496.1205687152192,497.7671294092656,678.0739855672507,937.7731053645794,528.4707074930681,533.7158323143536,534.0524109846166,540.079920392061,538.7238193348388,0.0,81.54724781925306,81.54724781925306,162.0,0.0,162.0,162.0,16.0,19.0,16.0,16.0,16.0,12.0,21.0,10.0,1.0,0.0,0.0,0.0,0.0,0.0,0.0,0.0,0.0,0.0,0.0,0.0,0.0,81.54724781925306,81.54724781925306,0.0,0.0,0.0,81.54724781925306,0.0,0.0,0.006084000000000001 
 03/19  17:40:00,12.486666666666665,66.66666666666666,7.09,24.166666666666669,301.6666666666667,0.0,4.0,0.0,0.0,0.0,0.0,0.0,0.0,0.0,0.0,658.0,0.0,656.1292348035079,12.52458840083365,32.093891583781189,19.67373919184968,523.6500041814754,0.0,12.524588400833645,17.122061892528067,0.0,0.0,20.71765849529139,100.43611593073729,22.18879653275679,-504.58028471964647,20.86864102507863,-120.10620631731081,21.23661946458057,-91.88805618829679,18.024817871245049,30.738210258881624,22.016683099173919,-293.7361522180058,19.354902896429488,146.68008037426626,17.73368323696269,78.76694562190846,18.773725172452659,56.31916960417493,491.50694752752136,313.535415455347,0.0,0.0,0.0,0.0,0.0,0.0,0.0,0.0,0.0,0.0,0.0,0.0,0.0,0.0,0.0,0.0,0.0,0.0,0.0,0.0,0.0,0.0,0.8155142045401115,0.24893595987182894,236.18229720225276,278.7705674540249,4040.1951965516889,0.1304856549963181,0.01991539300920606,164.29298350493765,193.73625196552229,2910.487722348952,0.7852505483188438,0.14838445735427895,67.13167228992229,79.21415969604539,1157.15353399535,0.0,0.0,24.094765625319725,28.3303838383197,438.5724981402625,0.0,0.0,9.947991329773594,11.860330920717134,113.92189051787735,0.0,0.0,85.25957477425374,100.44803461575518,1555.506125575126,0.0,0.0,261.1485771431727,309.5415446451699,3861.7841160183036,0.0,0.0,35.51394945678976,42.36540302404957,394.13024443897759,0.0,0.0,125.53469837016562,149.2757739381738,1624.1254486580415,42.498838470933559,29.148723231092985,180.4027271203438,213.8830900916196,3261.118671375968,0.0,0.0,156.2940306946039,185.8122142471295,2044.9967460150904,0.0,21.00937088800798,40.04185659897871,21.0,30.0,0.0,21.34677343562234,38.406988100068627,21.0,30.0,148.41430165328158,21.00402092574423,41.27314152169548,21.0,30.0,0.0,21.60269609621156,45.668706366037799,19.0,30.0,0.0,18.13687291684849,46.765559566907189,12.0,30.0,0.0,21.608659102309287,37.8631363441056,16.0,30.0,0.0,19.831634379000357,42.175618375633117,10.0,30.0,0.0,17.95822378116633,47.46645210369035,16.0,30.0,0.0,18.88931240887197,44.77429636877908,16.0,30.0,0.0,19.779964028108517,0.0,0.0,0.0,18.95020722811269,0.0,0.0,549.4781348922745,495.21034590303369,613.4006922870576,941.8680528111937,530.8640052913074,532.40166349035,528.3605067497424,536.1024889281916,535.4248772848202,10278.549638850112,81.20849908272077,81.20849908272078,162.0,0.0,162.0,162.0,21.0,19.0,16.0,16.0,16.0,12.0,21.0,10.0,1.0,0.0,0.0,0.0,148.41430165328158,0.0,0.0,0.0,0.0,0.0,0.0,0.0,0.0,81.20849908272077,81.20849908272077,0.34,0.6187035752887286,0.36028137401965956,81.20849908272077,0.3542647819438875,0.0,0.006102 
 03/19  17:50:00,12.288333333333334,67.33333333333334,7.035,19.333333333333337,241.33333333333338,0.0,4.0,0.0,0.0,0.0,0.0,0.0,0.0,0.0,0.0,2636.0,0.0,483.1561303431765,9.629623280246026,24.67559302940896,14.487215139921528,385.60190747170307,0.0,9.62962328024602,13.16442509161635,0.0,0.0,21.207624221880953,-225.8831730962329,22.126136528344774,-152.00855092325595,21.41017022992398,-642.5006773574003,21.249938056338399,-58.65850735664455,18.030456123081465,28.971906700672009,21.846845044614349,-281.93156528621298,19.3532917917372,157.5890052210466,17.72507434680709,63.360344526278257,18.75535742424608,17.11022099745105,569.6459598036561,321.0092580283708,0.0,0.0,0.0,0.0,0.0,0.0,0.0,0.0,0.0,0.0,0.0,0.0,0.0,0.0,0.0,0.0,0.0,0.0,0.0,0.0,0.0,0.0,0.9399300823126185,0.2869139445398714,306.2407377000034,361.9583056278128,5717.119687388513,0.18498960477658583,0.028234066663093077,139.58559420446154,165.0745081826304,2559.7757803907309,0.5736223930057902,0.10839425415831264,187.43607486576537,221.36170551692158,3581.3608355041758,0.04328787407675874,0.008179870384875044,17.530309610473038,20.704850316401747,327.14054084390195,0.0,0.0,10.109922880202039,12.09598228350152,119.65659919919709,0.0,0.0,81.23371382882597,96.09202757273983,1496.221527041284,0.0,0.0,259.1428240467911,308.26162983636677,3924.7598197319537,0.0,0.0,34.714240995880157,41.56223004455936,397.45560976519098,0.0,0.0,123.05124407599561,146.86406224285344,1631.4579088787555,42.69919326924925,29.286140788236808,247.02317153457933,293.50548586004995,4506.800702637347,0.0,0.0,152.72076462811624,182.30417858041853,2014.6406726863325,722.0042884623263,21.599413469020605,38.662720877003739,21.5,30.0,0.0,21.44751405813062,38.850932624505237,21.0,30.0,1261.2866016104877,21.918877936685314,38.28185129742819,21.5,30.0,0.0,21.622341290350428,46.59111604808987,19.0,30.0,0.0,18.1319082718006,46.85407149877104,12.0,30.0,0.0,21.498961167636865,38.190137611252087,16.0,30.0,0.0,19.814246861388779,42.52988096848286,10.0,30.0,0.0,17.93685515952918,47.557752251949377,16.0,30.0,0.0,18.85347880909825,44.92350565363585,16.0,30.0,0.0,19.957162755082174,0.0,0.0,0.0,18.805646075609077,0.0,0.0,542.6573618627185,534.3037254226169,565.3917764937933,996.6871400114784,531.7421809531414,533.5872892805086,538.3452661197706,534.2550178471445,533.826424422571,9238.24591223631,81.89646792136539,81.89646792136539,162.0,0.0,162.0,162.0,21.0,19.0,16.0,16.0,16.0,12.0,21.0,10.0,1.0,0.0,722.0042884623263,0.0,1261.2866016104877,0.0,0.0,0.0,0.0,0.0,0.0,0.0,0.0,81.89646792136539,81.89646792136539,0.34,0.770750728178072,0.36028137401965956,81.89646792136539,0.3542647819438875,0.0,0.006038999999999999 
 03/19  18:00:00,12.09,68.0,6.98,14.5,181.0,0.0,4.0,0.0,0.0,0.0,0.0,0.0,0.0,0.0,0.0,2636.0,0.0,327.85743955469555,6.908788949588289,17.703517484463004,9.830652392882424,261.65960038796029,0.0,6.908788949588286,9.444838282221792,0.0,0.0,21.013134188164878,-118.25948446630719,22.076072699578267,-418.1396295448192,21.022020481806729,-129.15372394179003,21.261701664978007,-79.2242305586162,18.03309594782461,27.3788164018967,21.657536036822245,-239.78125255640715,19.350157944207603,98.9995336668062,17.707855312774926,58.11328726854623,18.719721615882216,4.42537025083152,604.0853296968594,369.25519628295185,0.0,0.0,0.0,0.0,0.0,0.0,0.0,0.0,0.0,0.0,0.0,0.0,0.0,0.0,0.0,0.0,0.0,0.0,0.0,0.0,0.0,0.0,0.9057495034035712,0.2764803123942525,298.2361644350925,353.06566855305388,5545.405783561563,0.1393939496556488,0.02127502284121624,184.84348995718453,218.70728640961054,3471.435818424609,0.8640236508271999,0.1632697752885866,98.71289648798234,116.89858670798705,1834.4602173162014,0.00654934522574775,0.0012375935800732707,22.929607518409374,27.06546928436025,436.6034468235088,0.0,0.0,9.725431909683982,11.636247365741364,118.83726460454409,0.0,0.0,77.03777297380529,91.1581532165844,1427.846194716224,0.0,0.0,260.09783765773707,309.4517148849884,4018.925705569354,0.0,0.0,35.447574190347207,42.445477281048209,417.7161792631448,0.0,0.0,128.33624417898509,153.20887051640626,1737.8656613586825,42.57013705889389,29.197624868925865,242.75574932651905,288.8502164715929,4482.727805220598,0.0,0.0,158.94981374366336,189.8122063884568,2127.8757656119666,0.0,21.32147864066205,39.45023419477393,21.0,30.0,0.0,21.50291900794338,39.007798401350118,21.0,30.0,0.0,21.287892588705508,40.6342883667251,21.0,30.0,0.0,21.631185012606239,47.150170586861189,19.0,30.0,0.0,18.123757260535727,47.047611570039617,12.0,30.0,0.0,21.355675722300366,38.72216298333321,16.0,30.0,0.0,19.768466813774887,42.797230391010639,10.0,30.0,0.0,17.903650293366107,47.848266983929928,16.0,30.0,0.0,18.794172904583449,45.314714452561947,16.0,30.0,0.0,19.87707596581666,0.0,0.0,0.0,18.701465647797144,0.0,0.0,545.7981346680012,544.0952159560562,608.5527069835287,1026.561545506899,533.5940376023017,535.8359303562419,537.0836008475928,534.4365504760007,534.8801296631947,0.0,81.51872833069939,81.51872833069939,162.0,0.0,162.0,162.0,21.0,19.0,16.0,16.0,16.0,12.0,21.0,10.0,1.0,0.0,0.0,0.0,0.0,0.0,0.0,0.0,0.0,0.0,0.0,0.0,0.0,81.51872833069939,81.51872833069939,0.0,0.0,0.0,81.51872833069939,0.0,0.0,0.005976 
 03/19  18:10:00,11.826666666666668,68.83333333333334,6.988333333333334,0.0,0.0,0.0,0.0,0.0,0.0,0.0,0.0,4.0,0.0,0.0,0.0,3300.0,0.0,0.0,0.0,0.0,0.0,0.0,0.0,0.0,0.0,0.0,0.0,20.901046216586196,136.01384685925368,22.07520965412175,-57.7990822285487,21.270189129472013,-968.9808239423707,21.03476021896322,-58.01122429118658,18.02020881710702,25.597444670868336,21.39998341645851,-221.26692464840344,19.31230483045244,103.39414809180963,17.68851268916222,49.64690974281244,18.683221583993168,-13.085431284706465,701.1798368764488,384.99208703241097,0.0,0.0,0.0,0.0,0.0,0.0,0.0,0.0,0.0,0.0,0.0,0.0,0.0,0.0,0.0,0.0,0.0,0.0,0.0,0.0,0.0,0.0,0.9606285934934304,0.2932321713960411,209.5428249748151,247.96809660441486,3933.3753313362487,0.11603045897951717,0.01770916651091532,17.40985409037913,20.54758233718233,348.9872290765197,0.7040842959078808,0.13304691910579767,388.23825388729338,458.7571373584766,7619.649280653737,0.14087229713512126,0.026619859624928425,227.92053451027963,269.8434422352296,4304.116175144631,0.0,0.0,9.664851406121013,11.568309979173238,122.83532563573246,0.0,0.0,76.11363918484894,90.14617448273488,1425.0189737368508,0.0,0.0,258.58089954788439,307.7814697816307,4094.651235049159,0.0,0.0,34.66337863096304,41.52159956845091,424.5389533860644,0.0,0.0,128.41077987916439,153.35223766917859,1792.426450509578,42.889426633752368,29.416616346880919,352.97628706693288,419.1954816093706,6667.81428147821,0.0,0.0,157.82979662280878,188.60891658238337,2146.544220221037,0.0,21.172317661862935,42.43345950532959,21.0,30.0,0.0,21.773929013530127,41.101321269537859,21.0,30.0,1154.114227283042,21.628799959642035,41.776097797898149,21.400000000000003,30.0,0.0,21.27840489108454,42.297467893540247,16.0,30.0,0.0,18.102859885786374,47.33015762648967,12.000000000000002,30.0,0.0,21.179748507017004,39.52964561535502,16.0,30.0,0.0,19.694467301678175,43.66800332249517,10.0,30.0,0.0,17.86908098062391,48.18473643573815,16.0,30.0,0.0,18.737081952690049,45.75149178713258,16.0,30.0,0.0,20.22450486139972,0.0,0.0,0.0,18.541139518668957,0.0,0.0,691.5735593535619,700.1916167835092,716.656744604506,697.3197372689386,537.9525485516998,551.91577460887,566.8644320745741,538.8387324770056,542.7803304599747,5354.009596477577,81.83334607497352,81.83334607497352,240.0,0.0,240.0,240.0,21.0,16.0,16.0,16.0,16.0,12.0,21.0,10.0,1.0,0.0,0.0,0.0,1154.114227283042,0.0,0.0,0.0,0.0,0.0,0.0,0.0,0.0,81.83334607497352,81.83334607497352,0.20400000000000002,0.4625536288401936,0.21616882441179575,81.83334607497352,0.21255886916633252,0.0,0.00876 
 03/19  18:20:00,11.563333333333333,69.66666666666667,6.996666666666668,0.0,0.0,0.0,0.0,0.0,0.0,0.0,0.0,4.0,0.0,0.0,0.0,1322.0,0.0,0.0,0.0,0.0,0.0,0.0,0.0,0.0,0.0,0.0,0.0,20.86419098355127,-38.241107214386378,22.269328018437287,-119.066605761912,21.221017064694686,-513.7365056422896,20.89755094067981,-59.629744339782067,18.017047259769514,24.223783214289484,21.20350009280152,-185.94878852012449,19.284353229430644,105.25801394646897,17.664383284153208,44.950520821847138,18.638257784310114,-21.14183941020019,631.3514319113865,425.3271968009976,0.0,0.0,0.0,0.0,0.0,0.0,0.0,0.0,0.0,0.0,0.0,0.0,0.0,0.0,0.0,0.0,0.0,0.0,0.0,0.0,0.0,0.0,1.012935480603804,0.3091988646531758,172.3477876092556,203.8501155484584,3309.847367023719,0.05191257472501501,0.007923164640570057,28.790908373167459,33.86057022311134,611.5014424403693,0.8981668510358221,0.1697216271798606,281.650863669965,332.8141531596242,5583.599959693943,0.17985433945799798,0.033986080774376026,154.16346871969183,182.30907125033623,2947.6747931459888,0.0,0.0,9.430194323011815,11.271548142626827,124.4746752337083,0.0,0.0,74.81761312039245,88.52886506160427,1412.75955775047,0.0,0.0,257.6746360704717,306.28817045111387,4189.022835396598,0.0,0.0,35.022969037383138,41.893545918885539,444.7122713629308,0.0,0.0,128.75524073357077,153.56904255268803,1848.2598909639192,43.06373834952679,29.53617170749438,264.7573201561346,314.3909824467363,5199.520353164673,0.0,0.0,158.36845828260216,189.06774293992363,2187.33721643851,78.89767570967949,21.096761314470343,42.64644571370556,21.0,30.0,0.0,22.193501702755684,43.521789235338477,21.0,30.0,1063.438181258222,21.563246096706054,41.03321163908213,21.5,30.0,0.0,21.099526012144595,42.633407798873637,16.0,30.0,0.0,18.0801725758529,47.81179760285893,12.0,30.0,0.0,20.98822400356007,40.62733024619022,16.0,30.0,0.0,19.637532631221327,44.29769151539189,10.0,30.0,0.0,17.826183277167809,48.80805245540535,16.0,30.0,0.0,18.666790973177617,46.41244025313281,16.0,30.0,0.0,19.96353957356675,0.0,0.0,0.0,18.377047532771678,0.0,0.0,691.6173951473674,896.2509836427724,667.3391442516258,690.6684213041092,551.4904856231505,582.6323529375616,588.3467098179278,556.763884181719,561.2462187828742,9840.548226540119,81.49817499235678,81.49817499235678,240.0,0.0,240.0,240.0,21.0,16.0,16.0,16.0,16.0,12.0,21.0,10.0,1.0,0.0,78.89767570967949,0.0,1063.438181258222,0.0,0.0,0.0,0.0,0.0,0.0,0.0,0.0,81.49817499235678,81.49817499235678,0.34,0.7689518216044622,0.36028137401965956,81.49817499235678,0.3542647819438875,0.0,0.008706666666666667 
 03/19  18:30:00,11.3,70.5,7.005000000000001,0.0,0.0,0.0,0.0,0.0,0.0,0.0,0.0,4.0,0.0,0.0,0.0,2644.0,0.0,0.0,0.0,0.0,0.0,0.0,0.0,0.0,0.0,0.0,0.0,21.27546498637914,-521.7411394702112,22.32691195251327,-169.172737078767,21.273982438686035,-406.04935391308029,20.810230652742818,167.11307619393848,18.021764183163854,23.226650265000218,21.06234818730504,-160.5549617826142,19.293142877661489,116.1353154675985,17.641977997422335,35.54460840713381,18.59279588169095,-47.40309731269599,644.306264562269,477.86618708382187,0.0,0.0,0.0,0.0,0.0,0.0,0.0,0.0,0.0,0.0,0.0,0.0,0.0,0.0,0.0,0.0,0.0,0.0,0.0,0.0,0.0,0.0,1.0195555922104889,0.31121965574190749,223.99935857839689,264.759590614589,4663.300647463444,0.003109843240829821,0.0004746402992719507,34.19675309092476,40.28056654867504,751.5669745821463,1.0736396787745828,0.20287975789391217,273.5937026563653,323.69461593209339,5532.06463683481,0.2488985132598796,0.04703297680647762,219.38193020507794,259.7876430226977,4270.326331944263,0.0,0.0,9.443200205826813,11.300969218000175,129.49074659820384,0.0,0.0,70.66998361591627,83.75981350774868,1355.5074742776079,0.0,0.0,264.6001140802087,314.87481811703619,4450.416050943854,0.0,0.0,35.88401915213777,42.9812222197278,471.8434952883567,0.0,0.0,135.42878615503009,161.74846602085607,1996.897043400109,43.45599110346624,29.805206518152436,272.14805373141288,323.6410063779391,5430.943685517384,0.0,0.0,165.69539455543319,198.12205277123179,2336.8539315626578,780.2775953485817,21.649711656660089,40.883591363681407,21.5,30.0,0.0,22.340873141379949,43.863679377582979,21.0,30.0,0.0,21.39254336211601,41.06950143320072,21.0,30.0,0.0,21.025168550807206,42.30950797947281,16.0,30.0,0.0,18.07179043558905,48.207141872685557,12.0,30.0,0.0,20.87104468650632,41.47694328065761,16.0,30.0,0.0,19.65495434162576,44.665164884314688,10.0,30.0,0.0,17.78635980927919,49.43071246131929,16.0,30.0,0.0,18.597077426637385,47.169456464155327,16.0,30.0,0.0,19.87234651272639,0.0,0.0,0.0,18.255450258162449,0.0,0.0,670.9135835620024,931.0081903017269,645.4840537289399,662.3250847400876,564.8494276487064,609.3769216802949,605.6307177767837,576.0815320754971,583.976604039358,3849.4897866086205,82.52487889422928,82.52487889422928,240.0,0.0,240.0,240.0,21.0,16.0,16.0,16.0,16.0,12.0,21.0,10.0,1.0,0.0,780.2775953485817,0.0,0.0,0.0,0.0,0.0,0.0,0.0,0.0,0.0,0.0,82.52487889422928,82.52487889422928,0.17,0.38306890253005779,0.18014068700982978,82.52487889422928,0.17713239097194376,0.0,0.008653333333333333 
 03/19  18:40:00,11.036666666666666,71.33333333333333,7.013333333333334,0.0,0.0,0.0,0.0,0.0,0.0,0.0,0.0,4.0,0.0,0.0,0.0,5296.0,0.0,0.0,0.0,0.0,0.0,0.0,0.0,0.0,0.0,0.0,0.0,21.272266484792604,-755.310486419309,22.320767414863025,-251.06327033493293,20.887867878537294,102.06916903336813,20.766338911991626,9.035182345755502,18.029941352254505,21.77724768706711,20.940487722093054,-146.04833872100324,19.269479609634148,105.25532636188109,18.631484534969716,-25.282140434687038,18.539282311380697,-75.77869736570506,462.135145105364,487.96187548127389,0.0,0.0,0.0,0.0,0.0,0.0,0.0,0.0,0.0,0.0,0.0,0.0,0.0,0.0,0.0,0.0,0.0,0.0,0.0,0.0,0.0,0.0,1.049256851060753,0.3202859740722689,194.46347812881244,229.73961656066008,4131.267793492349,0.0,0.0,39.84077829921966,46.97575116159145,898.891800926715,1.1637848037776256,0.21991398408496333,148.22820558736999,175.43800083952099,3003.2316788929658,0.23940512975739623,0.04523906458000683,86.89527021148587,102.9861512079555,1729.0830082165599,0.0,0.0,9.198873166629087,11.01441267755379,130.98255719041303,0.0,0.0,70.2576667229897,83.34512586166216,1370.7325078868815,0.0,0.0,254.0876132931061,302.6313437485581,4377.658323892586,0.0,0.0,20.500675102661526,24.485271446230656,332.3396623655559,0.0,0.0,144.10361938494399,172.25082668048666,2178.3180705273518,43.45586477149906,29.80511987071267,158.9874634949989,189.20281520044757,3436.331520657396,0.0,0.0,158.72455880178476,190.02822983137794,2275.7373671383445,1157.045510059566,21.486578865171834,40.879135734476168,21.625,30.0,0.0,22.375178281936497,43.32167887502365,21.0,30.0,0.0,21.074984969099789,41.750414919247649,21.0,30.0,0.0,20.961273976315775,42.48977053170183,16.0,30.0,0.0,18.069495582062829,48.69430587092672,12.0,30.0,0.0,20.77006522443368,42.29401281473803,19.0,30.0,0.0,19.594906547698974,45.23496490574026,10.0,30.0,1292.2144217600219,19.314656124953229,45.44272247425756,20.7,30.0,0.0,18.516899442878818,48.03432522114306,16.0,30.0,0.0,19.238065484885199,0.0,0.0,0.0,18.10492142388529,0.0,0.0,647.1002430954026,900.253638648068,639.2248182276304,662.9458114007726,582.768467318603,634.7534509296436,622.1643064053729,596.2326088552504,608.9694620128925,10104.583870947394,81.32352281050609,83.11972822882727,240.0,0.0,240.0,240.0,21.0,16.0,19.0,16.0,19.7,12.0,21.0,10.0,1.0,0.0,1157.045510059566,0.0,0.0,0.0,0.0,0.0,1292.2144217600219,0.0,2718.2488542613416,1630949.3125568049,2111200.1762315679,81.32352281050609,83.15023375982313,0.3456082951420447,0.7693840404880161,0.36028137401965956,83.15023375982313,0.3542647819438875,2111200.1762315679,0.11838240916404153 
 03/19  18:50:00,10.773333333333334,72.16666666666667,7.0216666666666669,0.0,0.0,0.0,0.0,0.0,0.0,0.0,0.0,4.0,0.0,0.0,0.0,1324.0,0.0,0.0,0.0,0.0,0.0,0.0,0.0,0.0,0.0,0.0,0.0,20.87010733504311,-304.4182568383244,22.28785119930251,-256.5570808230318,20.906168498680793,-351.8593257298012,20.66915037967999,55.393391992636228,18.041134179639337,21.07267896228157,20.818279832023515,-121.09458766801436,19.245742162124036,56.31637416227022,19.41127539931491,-59.9136856210194,18.466569695332745,-86.73316296227267,612.10016243074,558.7711167235452,0.0,0.0,0.0,0.0,0.0,0.0,0.0,0.0,0.0,0.0,0.0,0.0,0.0,0.0,0.0,0.0,0.0,0.0,0.0,0.0,0.0,0.0,1.1072571068147513,0.3379905698457727,198.00126987649868,234.40570164931374,4051.0903442496658,0.0,0.0,43.157893826076328,50.76161318667151,996.2056358586157,1.12905888705536,0.21335201947380207,227.7177052086079,269.19729908140246,4709.144925835078,0.2346128201853523,0.04433348831922755,137.91602806324912,163.15336841238872,2779.969997799799,0.0,0.0,8.89226620843153,10.628039189214667,131.43670183436729,0.0,0.0,68.82605840054481,81.51946660939076,1364.0902564749973,0.0,0.0,248.0027657574674,294.8844015267274,4373.3805832870789,0.0,0.0,19.565349477339397,23.142188177734405,390.17776840721958,0.0,0.0,156.73487074461424,187.0580571262454,2418.6944906761366,43.622871531282587,29.919664973444854,232.1397493470193,275.83374913235277,4892.516718220695,0.0,0.0,162.90862060115894,194.68830988913775,2392.511645544752,102.11997996265414,20.953926444421968,42.25345285555801,21.0,30.0,0.0,22.369172404569846,42.91246516105173,21.0,30.0,370.6972779114364,21.078200870930418,41.519583520676757,21.0,30.0,0.0,20.829820386556287,42.641511411956859,16.0,30.0,0.0,18.072554156505605,49.18254617804621,12.0,30.0,0.0,20.654358219258307,42.8473593718674,19.0,30.0,0.0,19.528695009036949,45.48383457940829,10.0,30.0,653.2144514418262,20.716111723530003,41.9372768395762,20.7,30.0,0.0,18.404994341190347,48.64317452084235,16.0,30.0,0.0,19.600484097408289,0.0,0.0,0.0,18.00743348710202,0.0,0.0,648.7599749831411,874.1946253218523,628.8207120007371,652.6158558745269,601.2401465636239,645.2630907271334,624.1789141996119,610.195404466167,619.1666009505046,8640.822034606894,82.2914547033626,82.2914547033626,240.0,0.0,240.0,240.0,21.0,16.0,19.0,16.0,19.7,12.0,21.0,10.0,1.0,0.0,102.11997996265414,0.0,370.6972779114364,0.0,0.0,0.0,653.2144514418262,0.0,0.0,0.0,0.0,82.2914547033626,82.2914547033626,0.34,0.7690030414517326,0.36028137401965956,82.2914547033626,0.3542647819438875,0.0,0.008533333333333334 
 03/19  19:00:00,10.51,73.0,7.03,0.0,0.0,0.0,0.0,0.0,0.0,0.0,0.0,4.0,0.0,0.0,0.0,2648.0,0.0,0.0,0.0,0.0,0.0,0.0,0.0,0.0,0.0,0.0,0.0,21.317071178852367,-242.43314283676285,22.26876125666535,-182.76064230518785,21.356797385052518,-1058.6822784314884,20.770807865395708,347.5287461475839,18.054110217356329,19.727814945173749,20.716104798754946,-133.8132915020991,19.209638938606063,104.56565044922263,19.057393905143728,-42.38295837712644,18.405657443709275,-97.4136504816513,676.1097235804894,575.7240841912633,0.0,0.0,0.0,0.0,0.0,0.0,0.0,0.0,0.0,0.0,0.0,0.0,0.0,0.0,0.0,0.0,0.0,0.0,0.0,0.0,0.0,0.0,1.1093915550042233,0.33864211080714998,105.3363821849468,124.46575853812252,2377.363792550603,0.04067531359346466,0.006208075945278489,33.73665731076679,39.75589391721189,798.4150812409022,1.097809405759777,0.20744697765679843,275.6523043802525,325.68443947317476,6228.662217464923,0.278116916144753,0.05255421695857009,263.66600660324527,312.17200262641708,5594.6751911620199,0.0,0.0,9.301675793463178,11.130082413987794,142.53042933669645,0.0,0.0,66.9701665122554,79.45508693140028,1350.8426960208395,0.0,0.0,256.9327392345848,305.91157044435217,4647.729531638496,0.0,0.0,23.49308779404049,27.933541506319349,451.6956528666215,0.0,0.0,162.30406998543868,194.0315447832222,2563.842065928314,44.126939339529027,30.265390493504137,271.4456243160217,322.96858629507826,5837.949830456896,0.0,0.0,166.69510941742056,199.56929618026516,2499.374558637054,556.8103522064475,21.723890682064608,40.62349168548845,21.5,30.0,0.0,22.390366118224514,43.15854875058018,21.0,30.0,1449.3696360053307,21.786802188219153,39.45685234832455,21.5,30.0,0.0,21.080189892629023,41.47879343869888,16.0,30.0,0.0,18.078835975682574,49.474025158766057,12.0,30.0,0.0,20.5644185879966,43.153097985456039,19.0,30.0,0.0,19.491047433241623,45.91001725716809,10.0,30.0,2.5452417299108447,20.02961493499124,44.05394871079115,19.7,30.0,0.0,18.32016408470754,49.097519799081627,16.0,30.0,0.0,19.683465117704509,0.0,0.0,0.0,17.897362782094779,0.0,0.0,667.0882750023958,891.5010758516659,613.8861653790882,627.7330800153616,612.8368532662323,647.6843805244837,637.8770577514864,622.4798046489539,626.3552793795202,7463.087818663167,81.81692760231744,83.77768136595239,240.0,0.0,240.0,240.0,21.0,16.0,19.0,16.0,19.7,12.0,21.0,10.0,1.0,0.0,556.8103522064475,0.0,1449.3696360053307,0.0,0.0,0.0,2.5452417299108447,0.0,2966.986919798835,1780192.151879301,2316342.6821911747,81.81692760231744,83.81098147411469,0.2688995639932945,0.5376245695996741,0.27021103051474468,83.81098147411469,0.2656985864579156,2316342.6821911747,0.12891648614060775 
 03/19  19:10:00,10.351666666666667,73.33333333333334,7.0649999999999999,0.0,0.0,0.0,0.0,1.0,2.0,0.0,0.0,4.0,0.0,0.0,0.0,2652.0,0.0,0.0,0.0,0.0,0.0,0.0,0.0,0.0,0.0,0.0,0.0,21.29620885118043,-334.88733133806638,22.25170910013547,-214.79999892441135,21.398895526398066,-1100.8368316671964,20.792610463109378,152.4141479677735,18.066560508954887,16.8797719052193,20.74314489337199,-10.871364414040443,19.104523319894665,-13.266150330566916,19.634338113096214,-115.22314759963868,18.3378477115361,-122.29673651641474,750.9645770837256,594.2232148431358,0.0,0.0,0.0,0.0,0.0,0.0,0.0,0.0,0.0,0.0,0.0,0.0,0.0,0.0,0.0,0.0,0.0,0.0,0.0,0.0,0.0,0.0,1.1783367277825479,0.3596876458432686,218.81097303747826,258.53196702992087,4948.397768071556,0.020389417841949456,0.003111938010065546,38.76318372528678,45.68987874503785,929.4853901759132,1.092748837919028,0.20649071011319507,352.6002745169177,416.47078281357008,8062.1510417033609,0.25472717986870876,0.04813438773029264,225.5475482200033,266.8353270345115,4856.100363401734,0.0,0.0,8.399077674689833,10.047791952046703,131.48583925512953,0.0,0.0,13.158585665296157,15.600754529030887,272.45424361677768,0.0,0.0,188.93491767628573,225.12138247199364,3393.9499157437437,0.0,0.0,33.859614558731419,40.1142898582993,712.9936006997148,0.0,0.0,156.24725214599483,186.8496812316125,2487.678023398965,44.34473566173745,30.414770687062736,350.9725748866134,417.1761733419223,7586.616730030546,0.0,0.0,161.83728325970928,193.83818390290069,2433.499213399151,656.5308321399115,21.572212590333398,40.88057086221576,21.5,30.0,0.0,22.397440951625805,42.86120559224389,21.0,30.0,1505.4056253745444,21.69438271153551,39.57731142159167,21.5,30.0,0.0,21.08430377881325,41.60001895404429,16.0,30.0,0.0,18.084711737297356,49.81995583017272,12.0,30.0,0.0,20.678683109023255,44.924087613481919,19.0,30.0,0.0,19.264579660168395,46.78104484226088,10.0,30.0,958.8723856607699,20.85000842847101,42.955879457433798,20.45,30.0,0.0,18.220746541537968,49.844466442807,16.0,30.0,0.0,19.850193259914204,0.0,0.0,0.0,17.75696620483854,0.0,0.0,662.9774100650697,879.1789576611276,613.1953671083516,637.7461114784574,627.3332974615387,765.3735796352956,648.0718334290987,687.7891881345614,645.168072941392,9016.101017485096,82.04335326050944,82.04335326050944,270.0,0.0,270.0,270.0,21.0,16.0,19.0,16.0,19.7,12.0,21.0,10.0,1.0,0.0,656.5308321399115,0.0,1505.4056253745444,0.0,0.0,0.0,958.8723856607699,0.0,0.0,0.0,0.0,82.04335326050944,82.04335326050944,0.34,0.7694205119260711,0.36028137401965956,82.04335326050944,0.3542647819438875,0.0,0.00945 
 03/19  19:20:00,10.193333333333336,73.66666666666667,7.1000000000000009,0.0,0.0,0.0,0.0,1.0,2.0,0.0,0.0,4.0,0.0,0.0,0.0,2652.0,0.0,0.0,0.0,0.0,0.0,0.0,0.0,0.0,0.0,0.0,0.0,21.055285277069446,-321.1807533705969,22.226811230897487,-238.58765176922817,21.03464401324041,-318.65944757753416,20.756535018082827,-36.650211734769758,18.079581317433289,16.72921980173932,20.815640904305405,-11.390490779130176,19.032072080457377,-9.090514591465763,19.340269273284329,-73.62644078283233,18.273711745118896,-127.6094732949282,621.4596913282945,588.7967101177501,0.0,0.0,0.0,0.0,0.0,0.0,0.0,0.0,0.0,0.0,0.0,0.0,0.0,0.0,0.0,0.0,0.0,0.0,0.0,0.0,0.0,0.0,1.2136987410758882,0.3704819111953261,168.48909041071728,199.41406861575627,3745.557740331123,0.005950972958932037,0.0009082681561251583,41.9821925997568,49.461364988771467,1019.2542953029711,1.1821856951587538,0.22339109885841913,204.9027252602825,242.47602222196123,4525.757196682871,0.24613158881205544,0.0465101263817187,146.82146052692102,173.93890551246668,3188.706968788605,0.0,0.0,8.267121706480993,9.891138941615682,132.1873903910366,0.0,0.0,13.986963437678991,16.565973077341739,298.52995008559449,0.0,0.0,189.15124713076825,225.48573540599956,3414.360491313526,0.0,0.0,28.442066316402746,33.76211194145035,576.3898909333432,0.0,0.0,155.62544232510329,186.16456844009179,2500.8869457903876,44.539274609545319,30.548199320675815,201.8554303872241,240.26394712171828,4602.032000611669,0.0,0.0,160.8501901182127,192.76167215188384,2422.346249263206,109.41365960102063,21.25997978600207,41.3464187656587,21.0,30.0,0.0,22.39128314367244,42.51263939615244,21.0,30.0,0.0,21.23454168639274,40.78563891747637,21.0,30.0,0.0,21.020505814472857,41.377960308555007,16.0,30.0,0.0,18.092702434546444,50.211557798642008,12.0,30.0,0.0,20.843388755547815,46.85880370177224,19.0,30.0,0.0,19.145418515632394,47.35665773043571,10.0,30.0,0.0,20.29794404419571,45.288583859184829,19.7,30.0,0.0,18.13303418763786,50.5660936762917,16.0,30.0,0.0,19.400636312911545,0.0,0.0,0.0,17.605321537223685,0.0,0.0,653.0638108248546,863.7091349205414,621.0416411675178,622.9616993180334,645.457092636725,901.3968534712919,661.5658027947084,731.733219331598,666.5613041091593,2411.9725833456966,81.54028828117832,81.54028828117832,270.0,0.0,270.0,270.0,21.0,16.0,19.0,16.0,19.7,12.0,21.0,10.0,1.0,0.0,109.41365960102063,0.0,0.0,0.0,0.0,0.0,0.0,0.0,0.0,0.0,0.0,81.54028828117832,81.54028828117832,0.085,0.15469045313562475,0.09007034350491489,81.54028828117832,0.08856619548597188,0.0,0.009465000000000002 
 03/19  19:30:00,10.035,74.0,7.135,0.0,0.0,0.0,0.0,1.0,2.0,0.0,0.0,4.0,0.0,0.0,0.0,2656.0,0.0,0.0,0.0,0.0,0.0,0.0,0.0,0.0,0.0,0.0,0.0,21.359480026943296,-927.8228005562224,22.190365303146366,-209.6373628249272,21.287387230010198,-480.0517075034413,20.64901633576595,186.4864849283813,18.091759064277669,15.04887449344973,20.85129138268559,-29.95253647805808,19.035317393921866,77.27910356566417,19.321332718531246,-64.12634798085634,18.202486972093703,-158.26502321002728,722.0274217167819,598.7884551584132,0.0,0.0,0.0,0.0,0.0,0.0,0.0,0.0,0.0,0.0,0.0,0.0,0.0,0.0,0.0,0.0,0.0,0.0,0.0,0.0,0.0,0.0,1.1081117717202092,0.3382514565690504,221.99517109197985,262.6182481825578,5161.457512675088,0.025959888340995858,0.003962131920176413,35.149036718458599,41.41924951745638,863.2512954314514,1.3121153935566424,0.24794319606134597,293.19499220584717,346.3791269994297,6827.130310445091,0.298942056931007,0.05648942874735581,215.8218953701018,255.52742676593256,4702.257289260855,0.0,0.0,8.995480183559844,10.761142602112724,146.8360496794566,0.0,0.0,14.318555731242937,16.949732945962677,312.7382386226616,0.0,0.0,200.01709945104407,238.3759240083819,3692.869805174576,0.0,0.0,24.115806991375544,28.630401594701767,491.2133165962442,0.0,0.0,156.60214328453336,187.35679916927843,2534.7625620490136,44.98670844250436,30.85508123628558,296.4580772725387,352.6809304482178,6596.411633538812,0.0,0.0,160.72756926588469,192.67647439615889,2422.3475213571075,1395.1624870528527,21.765579796818938,39.48873284272029,22.0,30.0,0.0,22.36672753550937,42.68666503409239,21.0,30.0,1180.650083286176,21.54833816074935,39.9395610524902,21.5,30.0,0.0,20.877068710115585,41.944434685948738,16.0,30.0,0.0,18.09977421308673,50.498385701153598,12.0,30.0,0.0,20.93749550006584,47.99105407761441,19.0,30.0,0.0,19.193164845569453,46.98885982720008,10.0,30.0,587.3464545530353,20.13362904606439,46.204423890864308,20.2,30.0,0.0,18.0308648862204,51.04989971445284,16.0,30.0,0.0,19.608797100047604,0.0,0.0,0.0,17.446733848258455,0.0,0.0,629.5254449685901,874.9136544385726,623.2047540482149,638.2159007588598,660.451606682673,981.7981523114673,656.7713872132997,761.7829120934839,677.1127476781992,8699.68702779163,82.25248927094725,83.98318254395181,270.0,0.0,270.0,270.0,21.0,16.0,19.0,16.0,19.7,12.0,21.0,10.0,1.0,0.0,1395.1624870528527,0.0,1180.650083286176,0.0,0.0,0.0,587.3464545530353,0.0,2619.2125192726055,1571527.5115635633,2038744.3763587883,82.25248927094725,84.01257546123479,0.3423070839757535,0.7698893305771309,0.36028137401965956,84.01257546123479,0.3542647819438875,2038744.3763587883,0.11549470757065698 
 03/19  19:40:00,9.876666666666667,74.33333333333334,7.17,0.0,0.0,0.0,0.0,1.0,2.0,0.0,0.0,4.0,0.0,0.0,0.0,2656.0,0.0,0.0,0.0,0.0,0.0,0.0,0.0,0.0,0.0,0.0,0.0,21.40449101929105,-752.8826655246671,22.178942073760657,-187.49696108629827,21.17621660713109,-340.49734128684579,20.69749415865305,133.49283460146217,18.105787995295537,16.329452122636427,20.85670931983848,-31.670358042476069,19.049166881572483,24.322002580409163,19.34926028755578,-75.55601827066022,18.14349602008418,-129.59841289191105,772.9255602671765,693.969428140349,0.0,0.0,0.0,0.0,0.0,0.0,0.0,0.0,0.0,0.0,0.0,0.0,0.0,0.0,0.0,0.0,0.0,0.0,0.0,0.0,0.0,0.0,1.1849286690667862,0.36169983793247448,229.65616058847233,271.6287816284389,5449.042520912437,0.03574646971679517,0.005455810396336259,35.145163195508818,41.39398370149803,875.6575302990935,1.3107572360490588,0.24768655254139444,310.63850938755487,367.52755586900727,7254.26109568001,0.2977207107321672,0.05625863770449115,234.67259192255606,277.9506320596165,5219.954315192881,0.0,0.0,9.077414627289804,10.860020154031567,151.28239231921465,0.0,0.0,14.583259830379096,17.257579020011418,324.264205297145,0.0,0.0,212.3357237948684,253.0785399073313,3989.94330799041,0.0,0.0,29.11500701048597,34.585508950382287,601.3042508797107,0.0,0.0,171.6219342060801,205.40724581739279,2809.0252116030826,45.41733660419757,31.150436628393409,313.9589519261983,373.7395742083148,7114.704540059976,0.0,0.0,176.7639623742416,211.9071619936287,2731.246547172422,646.6339268407019,21.6466250923306,40.14449743277444,21.5,30.0,0.0,22.383528581822696,43.18875256296138,21.0,30.0,0.0,21.4896402788077,39.97958001230971,21.0,30.0,0.0,20.971125963547786,41.64091913865471,16.0,30.0,0.0,18.111758260403066,50.689765270425187,12.0,30.0,0.0,20.977296865993357,48.77751604544067,19.0,30.0,0.0,19.19813168966645,47.153281911479748,10.0,30.0,0.0,20.141470874336429,46.203913794449068,19.7,30.0,0.0,17.95934320282781,51.341674899176059,16.0,30.0,0.0,19.721749411969684,0.0,0.0,0.0,17.47972798421561,0.0,0.0,651.3790452238864,909.1830767659384,623.4105962441397,640.4764582457228,673.362066387748,1033.9907619712106,669.501911869022,765.6015432524032,685.2529367583571,4610.513320226408,81.78771024612422,81.78771024612422,270.0,0.0,270.0,270.0,21.0,16.0,19.0,16.0,19.7,12.0,21.0,10.0,1.0,0.0,646.6339268407019,0.0,0.0,0.0,0.0,0.0,0.0,0.0,0.0,0.0,0.0,81.78771024612422,81.78771024612422,0.17,0.3856487574338261,0.18014068700982978,81.78771024612422,0.17713239097194376,0.0,0.009495 
 03/19  19:50:00,9.718333333333334,74.66666666666666,7.205,0.0,0.0,0.0,0.0,1.0,2.0,0.0,0.0,4.0,0.0,0.0,0.0,1330.0,0.0,0.0,0.0,0.0,0.0,0.0,0.0,0.0,0.0,0.0,0.0,20.876971590867858,-71.41086818327767,22.14188494367236,-237.30360640450409,21.371099090084,-1047.1498725466782,20.701355104098754,134.5415157522193,18.12078787487242,16.63077425205165,20.85478869333889,-17.753421064986925,18.941802428903629,-28.80391779691263,19.397926875869478,-67.19428057349995,18.098691019686699,-128.60118313275326,757.9804937059398,677.5016987227073,0.0,0.0,0.0,0.0,0.0,0.0,0.0,0.0,0.0,0.0,0.0,0.0,0.0,0.0,0.0,0.0,0.0,0.0,0.0,0.0,0.0,0.0,1.3098108511472689,0.3998201621328659,216.30514683765734,255.92677188131138,4857.066414947465,0.008779172050811637,0.0013399224741776004,42.98991533308026,50.56309016560802,1080.623278391069,1.2116190551612598,0.22895295826932358,292.27277590867518,344.70022298058009,7057.561882978183,0.26731201007725499,0.050512473559571977,203.67285085726034,241.07597766282277,4600.641288033407,0.0,0.0,8.340787421031484,9.96514228416924,141.92917978062628,0.0,0.0,14.976329524474132,17.691042373913264,338.63831565042326,0.0,0.0,198.90847191237209,236.9273941110113,3728.446127758715,0.0,0.0,25.615284820285618,30.379814626502804,538.7226007182776,0.0,0.0,165.02322030535448,197.28668136787446,2737.3447621821626,45.51575052457761,31.217935887913329,296.65283205866538,352.4720233684204,6808.798158999516,0.0,0.0,170.1999238995599,203.87223848282197,2636.768061461825,3.9160940250940046,20.85926803563197,42.15421597219441,21.0,30.0,0.0,22.34490561751077,42.81179608392985,21.0,30.0,1651.5447689467797,21.700030165918379,39.33314677154701,21.5,30.0,0.0,20.996284447084287,41.51048997002819,16.0,30.0,0.0,18.125954837279804,50.93649606742041,12.0,30.0,0.0,21.005346335644597,49.53483693026808,19.0,30.0,0.0,19.005183642831989,47.83708311245084,10.0,30.0,609.6914320382891,20.211679079743197,46.09247935125413,20.2,30.0,0.0,17.906745559773836,51.578373991016878,16.0,30.0,0.0,19.606922303566156,0.0,0.0,0.0,17.335855084506926,0.0,0.0,654.6325366150772,888.268949653419,619.811419048559,639.215291595139,689.2537020782987,1081.1726469701408,675.8611653249125,776.4199731971953,689.8868078525416,10609.233003729261,80.98968465397269,84.84335463021948,270.0,0.0,270.0,270.0,21.0,16.0,19.0,16.0,19.7,12.0,21.0,10.0,1.0,0.0,3.9160940250940046,0.0,1651.5447689467797,0.0,0.0,0.0,609.6914320382891,0.0,5831.437910749167,3498862.7464495,4534316.301886483,80.98968465397269,84.90880273972249,0.3643812636916389,0.7678589727599109,0.36028137401965956,84.90880273972249,0.3542647819438875,4534316.301886483,0.24535444769809715 
 03/19  20:00:00,9.56,75.0,7.24,0.0,0.0,0.0,0.0,1.0,2.0,0.0,0.0,4.0,0.0,0.0,0.0,3325.0,0.0,0.0,0.0,0.0,0.0,0.0,0.0,0.0,0.0,0.0,0.0,21.472013620920366,-740.6225183961479,22.10499545656929,-197.94852669634504,21.299552501633337,-403.2585891927564,20.687949595648953,168.4228190570837,18.13186507164087,13.155009763140255,20.839564037125748,-33.02954763990133,18.918968885798735,59.05510163413675,19.499618055428614,-90.98879843522978,18.046782621783849,-164.89985349283817,765.0972962874217,689.0980308658782,0.0,0.0,0.0,0.0,0.0,0.0,0.0,0.0,0.0,0.0,0.0,0.0,0.0,0.0,0.0,0.0,0.0,0.0,0.0,0.0,0.0,0.0,1.250397534499284,0.38168422909013546,239.4061695082308,283.10352841469946,5867.692799054292,0.04795445834632939,0.0073190565241650468,36.137458277045457,42.605159518854339,918.5880129932441,1.3001649674269254,0.2456849900655567,274.6800424439945,325.2746472996139,6513.007472735308,0.29343830154393815,0.055449414501877947,227.44100680880207,269.5281587056796,5205.3734935167599,0.0,0.0,8.87647067992718,10.619068649410894,153.98580620241376,0.0,0.0,15.12996007027608,17.90515891529002,346.80282289029909,0.0,0.0,201.37457729726897,240.18987239085869,3837.1123832318169,0.0,0.0,30.676544325143479,36.43961803803322,656.7194423692045,0.0,0.0,162.2795599276168,194.32762370784378,2721.188971107425,45.94528258595739,31.512539496541434,278.52401141285466,331.82963095969367,6545.694797711538,0.0,0.0,167.4428729418475,200.9351748297455,2609.0943411975997,980.9119686380589,21.723047844336436,39.526929086125239,21.6,30.0,0.0,22.314723377263169,42.78433024256773,21.0,30.0,0.0,21.38537359365297,40.1174008111659,21.0,30.0,0.0,20.99277922527163,41.38708063086398,16.0,30.0,0.0,18.13349821876329,51.095858858178988,12.000000000000002,30.0,0.0,21.00531842430378,49.862323994661718,19.0,30.0,0.0,19.004191023135119,47.754293510897138,10.0,30.0,0.0,20.209464928027466,46.04091076457898,19.7,30.0,0.0,17.838896347621426,51.95388041971396,16.0,30.0,0.0,19.56064765815781,0.0,0.0,0.0,17.220408125662805,0.0,0.0,637.7475344266604,887.1794705531164,625.4412978659394,637.4978300734814,699.4725955875881,1100.5622545454397,676.5320875138127,773.2741550949969,699.6542063499438,5177.168263600999,82.8789148754214,82.8789148754214,270.0,0.0,270.0,270.0,21.0,16.0,19.0,16.0,19.7,12.0,21.0,10.0,1.0,0.0,980.9119686380589,0.0,0.0,0.0,0.0,0.0,0.0,0.0,0.0,0.0,0.0,82.8789148754214,82.8789148754214,0.20400000000000002,0.46115439312556785,0.21616882441179575,82.8789148754214,0.21255886916633252,0.0,0.009645 
 03/19  20:10:00,9.430000000000002,75.83333333333333,7.243333333333334,0.0,0.0,0.0,0.0,0.0,2.0,0.0,0.0,4.0,0.0,0.0,0.0,1998.0,0.0,0.0,0.0,0.0,0.0,0.0,0.0,0.0,0.0,0.0,0.0,21.195683175382038,-129.71672869995019,22.07220975497242,-224.7988868599939,21.488898427948635,-1543.1474018002708,20.697514426643019,255.13084304563686,18.142157349594464,14.143928329599401,20.910285693082125,-26.46582412347872,18.88843088308693,-37.048644459621758,18.990420867188158,-37.70425359341989,17.98565515435142,-158.8941816424461,841.9134546532062,691.9400112092953,0.0,0.0,0.0,0.0,0.0,0.0,0.0,0.0,0.0,0.0,0.0,0.0,0.0,0.0,0.0,0.0,0.0,0.0,0.0,0.0,0.0,0.0,1.3535656235216476,0.4131763197563027,257.2901236475011,304.28241332195406,6135.800377274421,0.02724175393308422,0.0041577768518138318,41.24379148224295,48.57845754647876,1055.9944901458812,1.1853167161030949,0.2239827505863748,383.7271472720778,452.5598031963609,9583.436217748895,0.2761701639816163,0.052186349958733228,242.15515218527492,286.5934179888673,5627.402702677155,0.0,0.0,8.280096163998424,9.90010897772888,145.96373872934917,0.0,0.0,15.483334620847764,18.30045074044383,362.1082640579856,0.0,0.0,197.38708274227145,235.37641423755088,3783.601482938141,0.0,0.0,25.622037820679368,30.495319137194785,519.794601440183,0.0,0.0,163.05467657733736,195.19806758048976,2752.1592306041704,45.95848921176687,31.521597538934765,382.2080988811729,454.0050646958845,8933.814564344295,0.0,0.0,168.09449392278936,201.6712593728518,2632.1954747332094,399.41846039845356,21.26276556302756,40.66697195549311,21.333333333333337,30.0,0.0,22.283192017558876,42.73775048360706,21.0,30.0,2143.6053606162097,21.83662394087694,38.74758355847458,21.666666666666666,30.0,0.0,21.025252725280294,41.03681168265714,16.0,30.0,0.0,18.14219070671284,51.20014662240851,12.0,30.0,0.0,21.110107433409753,49.72931548045575,19.0,30.0,0.0,18.928089727666085,48.09285847507901,10.0,30.0,0.0,19.491657018243577,47.17655208243252,12.0,30.0,0.0,17.759400940296155,52.19480022399009,16.0,30.0,0.0,19.734103050509228,0.0,0.0,0.0,17.12497102293024,0.0,0.0,639.8572420508132,885.7978008330152,615.1292402628199,628.886764040786,708.5673174000684,1113.9673692861975,684.2062797539983,722.4415791229098,702.0201084580533,8761.397125006646,82.21170114751249,82.21170114751249,570.0,0.0,570.0,570.0,21.0,16.0,19.0,16.0,12.0,12.0,21.0,10.0,1.0,0.0,399.41846039845356,0.0,2143.6053606162097,0.0,0.0,0.0,0.0,0.0,0.0,0.0,0.0,82.21170114751249,82.21170114751249,0.34,0.7711776634054579,0.36028137401965956,82.21170114751249,0.3542647819438875,0.0,0.020519999999999998 
 03/19  20:20:00,9.3,76.66666666666667,7.246666666666667,0.0,0.0,0.0,0.0,0.0,2.0,0.0,0.0,4.0,0.0,0.0,0.0,2664.0,0.0,0.0,0.0,0.0,0.0,0.0,0.0,0.0,0.0,0.0,0.0,21.157663470083905,-332.4842380270925,22.046056014866126,-204.6714984874094,21.076237160061859,-443.2336230416313,20.72448533839158,41.19891081517977,18.15050790408852,11.744342893290977,20.982311705624367,-37.40202498482185,18.857919907416418,20.664240515822713,18.723402732262067,-19.387045150559375,17.93037555509446,-179.7788435359846,769.5659805213163,678.413224340964,0.0,0.0,0.0,0.0,0.0,0.0,0.0,0.0,0.0,0.0,0.0,0.0,0.0,0.0,0.0,0.0,0.0,0.0,0.0,0.0,0.0,0.0,1.3291997921464254,0.40573864229133868,197.2847064887121,233.54723487945419,4771.737534649867,0.03391534920814147,0.0051763353492279419,38.74593483129654,45.66265956616199,1001.0741569925149,1.3252267468667545,0.2504207760519189,259.23046882140337,307.197794159983,6197.990536677712,0.2799241183044794,0.052895713965321108,150.81401985810315,178.8486767530361,3564.490524825118,0.0,0.0,8.442028011463142,10.09693593679139,151.12272695059699,0.0,0.0,15.827171356294404,18.70930446413551,377.71687060464839,0.0,0.0,202.09595483741968,241.10431051644145,3912.6263604509078,0.0,0.0,17.434963684355517,20.79587018781568,343.4450710841364,0.0,0.0,159.72357276686496,191.3329368014391,2715.450615788559,46.052505427460648,31.586080540096476,254.9149976722418,303.74187861415097,6225.7184770031449,0.0,0.0,163.48928666868847,196.32876215547879,2553.364406818765,71.72022630352328,21.311633913076237,40.645738568028857,21.0,30.0,0.0,22.26670706889234,42.68729432624679,21.0,30.0,0.0,21.17901613508279,40.541634359317978,21.0,30.0,0.0,21.058977848223177,41.03262618871419,16.0,30.0,0.0,18.147823133742205,51.280786794586287,12.0,30.0,0.0,21.225149133829694,49.46402808973858,19.0,30.0,0.0,18.89494278528842,48.134238716500217,10.0,30.0,0.0,19.05508830307201,48.01657577985928,12.0,30.0,0.0,17.68861477309749,52.35955336381343,16.0,30.0,0.0,19.508773711076239,0.0,0.0,0.0,16.971635601340716,0.0,0.0,649.0888575808376,884.7342240883115,627.704089960819,635.7212054692209,715.7356681383524,1120.140740223972,684.6545533563188,699.7955371911356,701.5151399384309,1872.5999505382172,83.37102468686999,83.37102468686999,570.0,0.0,570.0,570.0,21.0,16.0,19.0,16.0,12.0,12.0,21.0,10.0,1.0,0.0,71.72022630352328,0.0,0.0,0.0,0.0,0.0,0.0,0.0,0.0,0.0,0.0,83.37102468686999,83.37102468686999,0.085,0.15390330237932973,0.09007034350491489,83.37102468686999,0.08856619548597188,0.0,0.02033 
 03/19  20:30:00,9.17,77.5,7.25,0.0,0.0,0.0,0.0,0.0,2.0,0.0,0.0,4.0,0.0,0.0,0.0,2668.0,0.0,0.0,0.0,0.0,0.0,0.0,0.0,0.0,0.0,0.0,0.0,21.407277468089178,-940.5316508299243,22.019318227756206,-183.65937627012932,21.345500065771014,-607.2992339117977,20.599159749824314,174.47143622743037,18.157479941500975,11.82166086063593,21.02307506245988,-53.99821868807649,18.889551902315245,55.70071689255201,18.529193385207738,-11.306352463656424,17.864917632970653,-189.6151127932808,850.1770735028704,718.6956489948032,0.0,0.0,0.0,0.0,0.0,0.0,0.0,0.0,0.0,0.0,0.0,0.0,0.0,0.0,0.0,0.0,0.0,0.0,0.0,0.0,0.0,0.0,1.2398125733756725,0.37845316647609059,252.88090677193908,299.18085147545079,6323.953509826653,0.08635598496575106,0.013180095385493142,33.04274214957696,38.95464584454919,862.532557837475,1.437106573912917,0.2715620887968476,338.58839872568975,400.2008110856181,8425.9506406809,0.324061463648026,0.06123610424187942,190.6917991215998,225.79056205157958,4486.182886744637,0.0,0.0,9.145877633716529,10.93792660208734,166.2182233365479,0.0,0.0,15.882557022122854,18.771817030648774,385.14098374063397,0.0,0.0,216.81218898047679,258.57814152381396,4287.836953280577,0.0,0.0,11.420366521937844,13.633102984022884,221.0366688447299,0.0,0.0,166.5679089862156,199.57832175565094,2846.9258685286629,46.25295765755179,31.72356492287504,334.9395143835251,398.6456192432778,8012.048089941585,0.0,0.0,169.7592499466692,203.87869226272253,2679.125098369659,1409.592739408272,21.76500258189588,39.46944592662172,22.0,30.0,0.0,22.2475794182484,42.78130863334984,21.0,30.0,1265.115920014767,21.559345911849,39.91805787024714,21.5,30.0,0.0,20.861197338528755,42.2336842109588,16.0,30.0,0.0,18.152996339684628,51.24042646139303,12.0,30.0,0.0,21.29040464261243,49.14834692780706,19.0,30.0,0.0,18.974089723432436,47.87524318547124,10.0,30.0,0.0,18.754719240320303,48.8148211872969,12.0,30.0,0.0,17.60140559969185,52.61478469444816,16.0,30.0,0.0,19.639447349910939,0.0,0.0,0.0,16.91914109840458,0.0,0.0,651.8743563687724,892.9742547618608,647.8469761294979,674.3292525259553,718.1993310693302,1115.3997205191404,688.7224491341366,696.1950035479074,704.423383202329,9330.154880244168,81.8356605417026,83.54166046534607,570.0,0.0,570.0,570.0,21.0,16.0,19.0,16.0,12.0,12.0,21.0,10.0,1.0,0.0,1409.592739408272,0.0,1265.115920014767,0.0,0.0,0.0,0.0,0.0,2581.8789372826324,1549127.3623695793,2010730.2304687068,81.8356605417026,83.5706340075806,0.34106263124275446,0.769501737206278,0.36028137401965956,83.5706340075806,0.3542647819438875,2010730.2304687068,0.12469797198437274 
 03/19  20:40:00,9.04,78.33333333333333,7.253333333333334,0.0,0.0,0.0,0.0,0.0,2.0,0.0,0.0,4.0,0.0,0.0,0.0,2668.0,0.0,0.0,0.0,0.0,0.0,0.0,0.0,0.0,0.0,0.0,0.0,21.44928952792747,-837.2838776771623,22.01134668050375,-181.37542470679245,21.210164001668823,-388.4321255548052,20.64675457417905,153.5447405154017,18.165731163191916,13.619249739982351,21.04268003305092,-54.2017213975613,18.915434934214589,5.554238616794919,18.368699941254499,-34.913998021296468,17.819648763833436,-158.50175768427699,834.8520262864613,808.6172556117276,0.0,0.0,0.0,0.0,0.0,0.0,0.0,0.0,0.0,0.0,0.0,0.0,0.0,0.0,0.0,0.0,0.0,0.0,0.0,0.0,0.0,0.0,1.3208362593570862,0.4031856713544219,237.11656491202607,280.4606883719264,6015.381557357766,0.09984042669966639,0.015238160363196947,33.55704361589113,39.54074140228458,885.7721758396319,1.4343433686229195,0.2710399411607936,298.54005873011479,353.18287804731599,7457.031434270801,0.3224523382339016,0.060932036703307167,218.79438296852283,259.06409597620816,5231.511493159963,0.0,0.0,9.18433729917404,10.985434172595133,169.48305665025257,0.0,0.0,16.00314554735261,18.911870537155193,393.2721956740083,0.0,0.0,228.70739472061153,272.7775126456834,4595.090743781676,0.0,0.0,13.215774292024037,15.789940329639702,253.01834751151945,0.0,0.0,175.85022165252389,210.76530522999958,3036.083342381794,46.441936305740799,31.853179907915508,299.9749749696483,357.21967711026698,7331.81999431207,0.0,0.0,186.656818118204,224.15859482674589,3015.3516372297256,703.5489687463993,21.625411136926247,40.44413256631769,21.5,30.0,0.0,22.25865215382705,43.530342201883559,21.0,30.0,0.0,21.472786675737586,40.21653369414935,21.0,30.0,0.0,20.95649428577217,41.98792107698259,16.0,30.0,0.0,18.16192657038104,51.202148708440969,12.0,30.0,0.0,21.324534799369539,49.02684320431092,19.0,30.0,0.0,19.00136752099239,47.85782097841427,10.0,30.0,0.0,18.512793772707768,49.53589441865756,12.0,30.0,0.0,17.55512930938058,52.64880346954793,16.0,30.0,0.0,19.572105505280466,0.0,0.0,0.0,16.97672618761513,0.0,0.0,684.7848475606713,937.5222170626058,654.9335064806975,677.2545844639217,721.529135729585,1115.781988186962,695.0527690143308,698.1044562304703,704.0740872766913,4698.699900719399,81.6458981744646,81.6458981744646,570.0,0.0,570.0,570.0,21.0,16.0,19.0,16.0,12.0,12.0,21.0,10.0,1.0,0.0,703.5489687463993,0.0,0.0,0.0,0.0,0.0,0.0,0.0,0.0,0.0,0.0,81.6458981744646,81.6458981744646,0.17,0.3854395441850376,0.18014068700982978,81.6458981744646,0.17713239097194376,0.0,0.01995 
 03/19  20:50:00,8.91,79.16666666666667,7.256666666666666,0.0,0.0,0.0,0.0,0.0,2.0,0.0,0.0,4.0,0.0,0.0,0.0,1336.0,0.0,0.0,0.0,0.0,0.0,0.0,0.0,0.0,0.0,0.0,0.0,20.90002661443218,-109.62343645023748,21.97326490416986,-233.45384011799286,21.401866665303279,-1123.9914653668857,20.633479602686017,129.7623885477219,18.174507300598465,14.823378621237652,21.062642141912137,-39.902517180946237,18.801980796080977,-51.84310179926206,18.227427733546663,-30.10507201464236,17.789679644103456,-152.52045598894575,814.862712772865,791.0384418453859,0.0,0.0,0.0,0.0,0.0,0.0,0.0,0.0,0.0,0.0,0.0,0.0,0.0,0.0,0.0,0.0,0.0,0.0,0.0,0.0,0.0,0.0,1.434405255465594,0.4378526420835147,221.05775038687407,261.5784035841631,5311.810925106422,0.0464326423527988,0.007086789125885043,42.06067850275379,49.4904557546929,1115.1324416827684,1.3258481117995698,0.2505381919500322,292.7037723928969,345.2127817389807,7536.325555936521,0.28815693982736048,0.054451424759516319,202.8001112481232,240.0828399558666,4889.572878657066,0.0,0.0,8.379419817959523,10.009404967516831,157.02762087797309,0.0,0.0,16.33396860386317,19.26962782035026,406.97642542444859,0.0,0.0,214.82560210941558,256.07271877134647,4289.460996025078,0.0,0.0,12.633247550426413,15.081879322344296,240.0781338360145,0.0,0.0,169.25325067108754,202.61556423436839,2958.9137420399958,46.303510233335817,31.758237471423749,295.34358440692349,351.079727772385,7259.977915639214,0.0,0.0,180.31293366004469,216.33425254781117,2927.1702462449109,26.771876993848794,20.82251692300947,42.45802818058486,21.0,30.0,0.0,22.20960907035763,43.3888722199883,21.0,30.0,1728.6910661516477,21.675147308278274,39.651860995476528,21.5,30.0,0.0,20.94324918231458,41.861652608701749,16.0,30.0,0.0,18.172307034427037,51.284809636359188,12.0,30.0,0.0,21.363970634271558,49.112372743968368,19.0,30.0,0.0,18.797131980934976,48.53519873371713,10.0,30.0,0.0,18.307435161999618,50.24176384104785,12.0,30.0,0.0,17.529777605464348,52.825188212941259,16.0,30.0,0.0,19.46455472392961,0.0,0.0,0.0,16.88108771743903,0.0,0.0,685.3499475259848,924.4047156422856,651.5077663716412,670.7741918164568,729.9737546081069,1127.5008788418077,698.6905528342937,703.4637091425684,709.065206082423,10071.031955091517,81.34571535634345,84.84424071465695,570.0,0.0,570.0,570.0,21.0,16.0,19.0,16.0,12.0,12.0,21.0,10.0,1.0,0.0,26.771876993848794,0.0,1728.6910661516477,0.0,0.0,0.0,0.0,0.0,5294.573445318961,3176744.0671913765,4116770.2690240188,81.34571535634345,84.90365728954825,0.34648578151063205,0.7678429154844646,0.36028137401965956,84.90365728954825,0.3542647819438875,4116770.2690240188,0.23408538732258234 
 03/19  21:00:00,8.78,80.0,7.26,0.0,0.0,0.0,0.0,0.0,2.0,0.0,0.0,4.0,0.0,0.0,0.0,2672.0,0.0,0.0,0.0,0.0,0.0,0.0,0.0,0.0,0.0,0.0,0.0,21.46466479883663,-687.5266422724117,21.937991889301445,-191.37244807795049,21.08240621749031,-538.7263023042174,20.60798915272737,158.9076021963249,18.179443395839806,11.287224708546305,21.071416475812329,-53.8854336523564,18.787154176932405,42.2015134114863,18.127695506864833,-39.06752012429202,17.7502992219771,-183.54391871186909,870.0938717206427,767.8645393480504,0.0,0.0,0.0,0.0,0.0,0.0,0.0,0.0,0.0,0.0,0.0,0.0,0.0,0.0,0.0,0.0,0.0,0.0,0.0,0.0,0.0,0.0,1.370859678440109,0.4184553352991786,269.41438369624299,318.57740315015658,6967.759972407063,0.08768582791667835,0.013383062868845906,36.043247907543278,42.50048485160259,963.7717106788383,1.4120238958097158,0.2668223537055398,324.9365529827834,384.8522860391811,8110.772238883666,0.31206657285585517,0.05896949600450776,221.94125520870754,263.0042788786635,5395.827111230159,0.0,0.0,8.801413457415379,10.52508525665858,167.28599943912483,0.0,0.0,16.381924420448777,19.355689871715226,412.85443303185778,0.0,0.0,215.26497271313276,256.86331271256526,4361.893764644399,0.0,0.0,15.341111236949394,18.340379851170675,291.3736448574883,0.0,0.0,161.35507790557018,193.4161916027071,2847.9034330348488,46.508496337367279,31.89883150711063,325.37685218527465,387.49767343568888,8090.914713250498,0.0,0.0,174.74134789211423,209.98409086260308,2836.9059406820917,863.4079355696641,21.61853190762516,40.13742676025521,21.5,30.0,0.0,22.17524380917596,43.37425960693774,21.0,30.0,29.630188501514668,21.24018991017719,40.684551216583169,21.0,30.0,0.0,20.917924638074628,41.84799245110149,16.0,30.0,0.0,18.17604846715994,51.35446640917143,12.0,30.0,0.0,21.38077799695097,49.127960245060439,19.0,30.0,0.0,18.816746095030259,48.395841064912868,10.0,30.0,0.0,18.174623960959747,50.72206188797243,12.0,30.0,0.0,17.48363865366762,53.04729394354183,16.0,30.0,0.0,19.584218925923225,0.0,0.0,0.0,16.7469806634098,0.0,0.0,670.5376014204386,920.5938798681372,651.5493774434478,668.0265758251029,735.5001972801837,1131.484588121044,697.0922684670429,707.9046668981748,713.473164860356,6844.893781867295,81.85913778891264,81.85913778891264,570.0,0.0,570.0,570.0,21.0,16.0,19.0,16.0,12.0,12.0,21.0,10.0,1.0,0.0,863.4079355696641,0.0,29.630188501514668,0.0,0.0,0.0,0.0,0.0,0.0,0.0,0.0,81.85913778891264,81.85913778891264,0.255,0.5390604781612809,0.27021103051474468,81.85913778891264,0.2656985864579156,0.0,0.020076666666666668 
 03/19  21:10:00,8.703333333333334,80.5,7.226666666666667,0.0,0.0,0.0,0.0,0.0,2.0,0.0,0.0,4.0,0.0,0.0,0.0,2676.0,0.0,0.0,0.0,0.0,0.0,0.0,0.0,0.0,0.0,0.0,0.0,21.19139513617194,126.83990691503425,21.91370982537307,-195.72371821433229,21.495255659744218,-2153.11513598974,20.701116562135508,378.41881572532636,18.181170378335425,10.457015584896198,21.071452833659298,-50.680196860408958,18.75553148245038,-35.23429356034876,18.028350522803366,-40.673755621995528,17.698784123760885,-184.3924085901258,937.1102268872119,775.1039217593432,0.0,0.0,0.0,0.0,0.0,0.0,0.0,0.0,0.0,0.0,0.0,0.0,0.0,0.0,0.0,0.0,0.0,0.0,0.0,0.0,0.0,0.0,1.4498132066590999,0.4425559238886142,212.07942727646339,250.90831298713676,5378.867254040049,0.10730310790789863,0.016377153221596255,36.61756805911065,43.17537311327715,983.5306728352396,1.2373087488632857,0.23380739774438517,434.6742810176823,513.5073361939469,11414.57901382902,0.3045269878248285,0.05754478227982397,283.1735793039121,335.31999181645389,7035.68661878298,0.0,0.0,8.373103993205165,10.011151238726077,160.42166599588883,0.0,0.0,16.601928716859104,19.612499304555607,421.03982882827588,0.0,0.0,214.50480532677043,256.0014540298464,4346.429185470703,0.0,0.0,16.577382480507475,19.83160177767838,313.12853054120037,0.0,0.0,161.73419689472719,193.8974751957645,2859.1526362477318,46.35530607007622,31.793762736677804,422.8860018324999,502.8401987365985,10527.427539319804,0.0,0.0,176.7000488353595,212.36947039830899,2874.4647861331789,0.0,21.29475118026398,41.41924934494748,21.0,30.0,0.0,22.151942230350526,43.45092279344938,21.0,30.0,2846.330035647043,21.882097258528483,38.66184966364684,22.0,30.0,0.0,21.11916655502912,41.08776421078515,16.0,30.0,0.0,18.17624947007721,51.38379143635281,12.0,30.0,0.0,21.385962801387057,49.06279919352346,19.0,30.0,0.0,18.742895353971706,48.82814783199742,10.0,30.0,0.0,18.03842992092917,51.199328099293648,12.0,30.0,0.0,17.419809745290057,53.27407438128372,16.0,30.0,0.0,19.769760267655568,0.0,0.0,0.0,16.688908632239504,0.0,0.0,697.2905017371259,924.2379196822519,630.5001764519824,658.3703058999586,739.5225004163877,1130.5123971850194,709.0108772383396,712.7729197985868,717.1241219931867,9096.099057551339,81.99043530678654,81.99043530678654,570.0,0.0,570.0,570.0,21.0,16.0,19.0,16.0,12.0,12.0,21.0,10.0,1.0,0.0,0.0,0.0,2846.330035647043,0.0,0.0,0.0,0.0,0.0,0.0,0.0,0.0,81.99043530678654,81.99043530678654,0.34,0.7707795679451893,0.36028137401965956,81.99043530678654,0.3542647819438875,0.0,0.020139999999999999 
 03/19  21:20:00,8.626666666666667,81.0,7.193333333333333,0.0,0.0,0.0,0.0,0.0,2.0,0.0,0.0,4.0,0.0,0.0,0.0,2677.0,0.0,0.0,0.0,0.0,0.0,0.0,0.0,0.0,0.0,0.0,0.0,21.268645769156728,-162.74102951025703,21.899041998031924,-207.55034605689014,21.10160501880499,-551.1496494926525,20.6467013560742,-27.67258690390412,18.182149169913378,11.215051725277207,21.069919504276066,-47.317049763242639,18.707451513147239,-36.49367667824322,17.944425556998917,-43.75765415227781,17.65118249166803,-190.08292615206597,747.7453298957101,787.2701386409508,0.0,0.0,0.0,0.0,0.0,0.0,0.0,0.0,0.0,0.0,0.0,0.0,0.0,0.0,0.0,0.0,0.0,0.0,0.0,0.0,0.0,0.0,1.4501140054836937,0.4426477428216403,177.15562315357898,209.92072360844524,4466.682618724724,0.051835344595395047,0.00791137738024955,40.98882982508529,48.31256641529431,1104.751423849037,1.3806856327568107,0.2609005352904027,261.9303170426378,310.29763260352368,6645.816362126632,0.2809925796323231,0.053097615198851668,143.76339137154339,170.4045839158613,3559.685592150716,0.0,0.0,8.140919939591852,9.732936740791982,157.21304495578239,0.0,0.0,16.730614573058049,19.76092876979153,426.9153554878418,0.0,0.0,213.8341602680689,255.24240267559288,4335.793078298176,0.0,0.0,17.986595682889115,21.524385088218684,338.6293988239848,0.0,0.0,160.40602023991444,192.3193018949807,2842.1901095856439,45.93759857541213,31.507269256112587,254.37550461159655,303.1637631502923,6549.500157840657,0.0,0.0,176.69997440471367,212.40561471281039,2873.792166396022,491.16512178211647,21.288977966736224,41.24233678247787,21.25,30.0,0.0,22.14595409840073,43.24460601357031,21.0,30.0,81.13416586342501,21.222152102762295,40.39461136341929,21.0,30.0,0.0,20.961113755699225,41.61106786811267,16.0,30.0,0.0,18.17664706102729,51.46117344445628,12.0,30.0,0.0,21.38954147552997,49.103905409015329,19.0,30.0,0.0,18.671687109790616,48.99684089498734,10.0,30.0,0.0,17.927942766666918,51.64138417920333,12.0,30.0,0.0,17.362640110526024,53.56469411241437,16.0,30.0,0.0,19.225704856983179,0.0,0.0,0.0,16.609304397441187,0.0,0.0,689.7256359597454,914.3381248977723,638.2737219202884,666.0328430904694,745.6037630661505,1135.0743067807032,709.445391178556,719.3450862079258,723.700347406899,3450.784602937451,82.15748376903233,82.15748376903234,570.0,0.0,570.0,570.0,21.0,16.0,19.0,16.0,12.0,12.0,21.0,10.0,1.0,0.0,491.16512178211647,0.0,81.13416586342501,0.0,0.0,0.0,0.0,0.0,0.0,0.0,0.0,82.15748376903233,82.15748376903233,0.17,0.3469966309107477,0.18014068700982978,82.15748376903233,0.17713239097194376,0.0,0.020139999999999999 
 03/19  21:30:00,8.55,81.5,7.16,0.0,0.0,0.0,0.0,0.0,2.0,0.0,0.0,4.0,0.0,0.0,0.0,2680.0,0.0,0.0,0.0,0.0,0.0,0.0,0.0,0.0,0.0,0.0,0.0,21.446442246660316,-104.41348862471841,21.87491260076787,-162.9652985609007,21.537416777790356,-1902.989777490291,20.698148867199003,410.98365935016229,18.182631475801338,10.07090424618481,21.063061426427248,-58.532715789929799,18.691056902779189,-1.0991129383919543,17.871093076408309,-44.70064845669785,17.605381082741759,-189.8181843886664,997.6441780406576,838.3738644510204,0.0,0.0,0.0,0.0,0.0,0.0,0.0,0.0,0.0,0.0,0.0,0.0,0.0,0.0,0.0,0.0,0.0,0.0,0.0,0.0,0.0,0.0,1.4503666736383805,0.4427248698529854,251.32584558502476,297.12761439272836,6550.882050960098,0.1344510816234209,0.020520616853391468,33.55008851164492,39.55372458901513,910.5341252087433,1.2594248533668507,0.23798655581384188,456.8819564089133,539.4922947589903,12196.329477247737,0.3177453058593793,0.06004257480335964,305.71919482290039,361.9289409924695,7689.791403856096,0.0,0.0,8.615750676661375,10.29791148270772,167.69906500411416,0.0,0.0,16.531891417824605,19.523503144119478,424.1203254359351,0.0,0.0,224.36252365099748,267.79035059462367,4576.191518850457,0.0,0.0,19.12033140463717,22.88522205801976,359.3936366179707,0.0,0.0,167.17229024760955,200.45150468854849,2970.0461464890724,46.043179217022657,31.579683962292639,444.5064950534226,528.4866478667041,11171.673597949537,0.0,0.0,184.65336405411504,221.95102910410976,3029.3393560480965,0.0,21.51468721754108,40.71474085470805,21.0,30.0,0.0,22.128444729821959,43.27507823965228,21.0,30.0,2556.5873338850958,21.93456166222678,38.80823084997557,22.0,30.0,0.0,21.132374717509245,41.4309712435928,16.0,30.0,0.0,18.17704163403676,51.49620521618783,12.0,30.0,0.0,21.38352511132689,49.08519735698709,19.0,30.0,0.0,18.657751837314103,49.02309351979995,10.0,30.0,0.0,17.83468484252159,52.0079729204794,12.0,30.0,0.0,17.30948525601827,53.79538131048772,16.0,30.0,0.0,19.850437862116509,0.0,0.0,0.0,16.598044298932139,0.0,0.0,693.6270752957036,915.9355592248635,647.1108589362466,680.5771574130309,749.7681277008187,1135.2921440676803,711.0659301265596,724.7643763405683,728.1974842620261,9864.056920449253,81.48254260872852,85.00319565689972,570.0,0.0,570.0,570.0,21.0,16.0,19.0,16.0,12.0,12.0,21.0,10.0,1.0,0.0,0.0,0.0,2556.5873338850958,0.0,0.0,0.0,0.0,0.0,5328.017017368238,3196810.210420943,4145277.1019081484,81.48254260872852,85.0629880334237,0.34760056724560797,0.7684822830935991,0.36028137401965956,85.0629880334237,0.3542647819438875,4145277.1019081484,0.2356944092992237 
 03/19  21:40:00,8.473333333333333,82.0,7.126666666666667,0.0,0.0,0.0,0.0,0.0,2.0,0.0,0.0,4.0,0.0,0.0,0.0,2681.0,0.0,0.0,0.0,0.0,0.0,0.0,0.0,0.0,0.0,0.0,0.0,21.28091055185054,-211.87388804721639,21.862846515883569,-213.28057112401945,21.105740687584519,-532.0478028587877,20.649111483321975,-18.089662631362218,18.181208653802494,10.659690074258734,21.05259984129178,-49.99891936610473,18.661939430021975,-46.95468202025427,17.8069458304524,-45.36809375063669,17.563957134710696,-190.59635580552323,715.6231722207192,823.2857390134818,0.0,0.0,0.0,0.0,0.0,0.0,0.0,0.0,0.0,0.0,0.0,0.0,0.0,0.0,0.0,0.0,0.0,0.0,0.0,0.0,0.0,0.0,1.460942238427602,0.44595306423308986,168.403597187421,199.45109754333289,4307.297812093899,0.06196980967925786,0.009458151660448392,40.47607336884778,47.69837443970886,1101.2321852220837,1.397141921731218,0.26401018929161348,229.67029198314209,272.0309514264367,5902.564117687647,0.28412837025878248,0.05369016822728313,126.05810866745192,149.36844437551165,3163.8792481210186,0.0,0.0,8.09272182917402,9.672216194728945,158.71760325373578,0.0,0.0,16.784775126135867,19.819900383514729,432.8527610664844,0.0,0.0,219.13265759115979,261.5439362091858,4484.268163062932,0.0,0.0,19.617520683551044,23.48252654118952,368.71383484600099,0.0,0.0,163.5312653469516,196.07532393363727,2915.786704442581,45.5455392004401,31.238367078491167,226.32429580731856,269.7316555003813,5955.792437408301,0.0,0.0,181.4217184655928,218.0902575329037,2972.1261790150476,487.8389667166927,21.295391363686574,41.28305403046147,21.25,30.0,0.0,22.119627930554203,43.41607970781329,21.0,30.0,53.02829730746195,21.225136378882128,40.384153127479809,21.0,30.0,0.0,20.977957864867976,41.61149107498091,16.0,30.0,0.0,18.17530334855122,51.52287734661771,12.0,30.0,0.0,21.375469015805249,49.125233077781327,19.0,30.0,0.0,18.61225823878017,49.18665528452948,10.0,30.0,0.0,17.75642645206489,52.29807330688203,12.0,30.0,0.0,17.264003820134336,53.939780161803138,16.0,30.0,0.0,19.085702310570807,0.0,0.0,0.0,16.514110061639973,0.0,0.0,695.2533765709027,923.3889455751628,640.1001431562227,670.9439783337539,753.0977313713158,1138.137673498115,713.8426395036181,728.597841284804,729.8112582995123,3806.3932128933399,81.71440090971174,81.71440090971174,570.0,0.0,570.0,570.0,21.0,16.0,19.0,16.0,12.0,12.0,21.0,10.0,1.0,0.0,487.8389667166927,0.0,53.02829730746195,0.0,0.0,0.0,0.0,0.0,0.0,0.0,0.0,81.71440090971174,81.71440090971174,0.17,0.34744508740324356,0.18014068700982978,81.71440090971174,0.17713239097194376,0.0,0.020139999999999999 
 03/19  21:50:00,8.396666666666667,82.5,7.093333333333333,0.0,0.0,0.0,0.0,0.0,2.0,0.0,0.0,4.0,0.0,0.0,0.0,2684.0,0.0,0.0,0.0,0.0,0.0,0.0,0.0,0.0,0.0,0.0,0.0,21.54705777395154,-480.729007834325,21.838472159408928,-143.30642828463179,21.517070953504076,-1528.948092677996,20.69381309875888,404.3461494446269,18.17911021424859,9.232123031635638,21.037734345575325,-69.65613841543063,18.677121751810156,46.19476229894735,17.74824651097773,-47.92732313330248,17.52201435142583,-192.7281172508574,941.7627297888744,877.1533127210682,0.0,0.0,0.0,0.0,0.0,0.0,0.0,0.0,0.0,0.0,0.0,0.0,0.0,0.0,0.0,0.0,0.0,0.0,0.0,0.0,0.0,0.0,1.4082058914775968,0.42985527822881466,184.2764156104755,217.74687773051816,5012.116381102955,0.16725491354092016,0.025527306706489649,28.315154616609566,33.388234390524157,776.8143737995833,1.3433616170600358,0.2538476222713598,366.55628553119109,433.03163206475417,9881.12987334,0.3384392249054064,0.06395299034493694,313.2421756506654,370.6894728932119,7975.571863481465,0.0,0.0,9.078695030059155,10.84667148956245,179.39663793351677,0.0,0.0,16.3599713471428,19.317199158217226,423.7747121084896,0.0,0.0,234.07990418505484,279.26813051046067,4850.407419751921,0.0,0.0,21.161522626524506,25.329402848358506,398.01076045463659,0.0,0.0,170.88298016634946,204.89004953904039,3056.9930590533338,45.73821678891875,31.370519059615064,371.68642568443149,442.32947242504107,9458.089185004808,0.0,0.0,190.13728027486924,228.51830914184255,3148.404761060663,548.0898384068385,21.910822341761258,39.57641069055304,21.75,30.0,0.0,22.10250321742021,43.686130585952998,21.0,30.0,2194.482695471382,21.929366540347627,38.837963286774037,22.0,30.0,0.0,21.134483529345667,41.39366687724188,16.0,30.0,0.0,18.173130955213748,51.502143753586597,12.0,30.0,0.0,21.35745467134801,49.09887193494046,19.0,30.0,0.0,18.66660029715359,48.92989838246672,10.0,30.0,0.0,17.686109083985337,52.536341565218219,12.0,30.0,0.0,17.216908347070125,54.098927067421417,16.0,30.0,0.0,19.62618983744706,0.0,0.0,0.0,16.52141064200399,0.0,0.0,686.9087218850141,937.367035490765,649.7242038103543,681.2344279330044,754.034928078363,1136.0116044412553,711.5253921950142,730.9676474176305,731.5240564132907,8974.201457803498,82.07095970040555,83.81656010823618,570.0,0.0,570.0,570.0,21.0,16.0,19.0,16.0,12.0,12.0,21.0,10.0,1.0,0.0,548.0898384068385,0.0,2194.482695471382,0.0,0.0,0.0,0.0,0.0,2641.7499505133735,1585049.970308024,2057002.081956249,82.07095970040555,83.84620619815679,0.34305833168377916,0.7685145784881223,0.36028137401965956,83.84620619815679,0.3542647819438875,2057002.081956249,0.1272307749283916 
 03/19  22:00:00,8.32,83.0,7.06,0.0,0.0,0.0,0.0,0.0,2.0,0.0,0.0,4.0,0.0,0.0,0.0,2685.0,0.0,0.0,0.0,0.0,0.0,0.0,0.0,0.0,0.0,0.0,0.0,21.3229219427187,-252.12393488698525,21.829823362947577,-208.2572222044157,21.111081536619854,-572.8818020017727,20.635385020569595,-22.370679752731435,18.1756751862911,10.4704472965864,21.019493311741657,-51.840459187326988,18.656913833204407,-75.87058724814051,17.69530526990831,-45.11249283373181,17.490515874871187,-177.01537489811677,764.9325449944395,867.5299059187901,0.0,0.0,0.0,0.0,0.0,0.0,0.0,0.0,0.0,0.0,0.0,0.0,0.0,0.0,0.0,0.0,0.0,0.0,0.0,0.0,0.0,0.0,1.4699957804196109,0.4487166606897469,175.10931844451958,207.24383397559735,4553.42000576037,0.07229526973307145,0.011034076577086607,39.78839834512381,46.873733038444857,1093.0151174142653,1.4237881181273649,0.26904537379579848,241.99685853515613,286.47506643458106,6289.710412059727,0.29069835712167699,0.05493166234347635,129.66759426767863,153.60216725023884,3289.964204963285,0.0,0.0,8.1236913772584,9.706629230188295,161.70079683462229,0.0,0.0,16.7536084954285,19.77970899442547,435.9030420319179,0.0,0.0,226.71444418078154,270.51363321855407,4707.8645246794089,0.0,0.0,21.290006185537114,25.48838928363221,401.17852454790349,0.0,0.0,168.8165964475793,202.40581883087777,3037.086141678004,45.204010300950297,31.004122291461117,236.608476633398,281.880351079076,6256.780927499194,0.0,0.0,188.46206952479765,226.51425572387059,3132.837306948979,467.33188481957236,21.34871322332572,41.16702723127162,21.25,30.0,0.0,22.097728615751259,43.80351068290418,21.0,30.0,91.61860785729704,21.23152694004393,40.34954498624132,21.0,30.0,0.0,20.9655232279596,41.682852143207529,16.0,30.0,0.0,18.169766612421449,51.466882002614877,12.0,30.0,0.0,21.33978927336335,49.16332049985364,19.0,30.0,0.0,18.611570971012087,49.138846740869897,10.0,30.0,0.0,17.62578156202637,52.68513429376676,12.0,30.0,0.0,17.19038181448805,54.08826626248747,16.0,30.0,0.0,19.16239928605058,0.0,0.0,0.0,16.48096363953687,0.0,0.0,698.132971098809,943.6729626759217,640.4972105140196,674.6898265531535,754.0048266359444,1138.6107768287853,714.4858522003599,730.6386603140428,728.8893005031779,4652.7531966667579,81.89778557632833,81.89778557632833,570.0,0.0,570.0,570.0,21.0,16.0,19.0,16.0,12.0,12.0,21.0,10.0,1.0,0.0,467.33188481957236,0.0,91.61860785729704,0.0,0.0,0.0,0.0,0.0,0.0,0.0,0.0,81.89778557632833,81.89778557632833,0.17,0.34729319263886396,0.18014068700982978,81.89778557632833,0.17713239097194376,0.0,0.020393333333333334 
 03/19  22:10:00,8.24,83.33333333333334,7.113333333333333,0.0,0.0,0.0,0.0,0.0,2.0,0.0,0.0,4.0,0.0,0.0,0.0,6720.0,0.0,0.0,0.0,0.0,0.0,0.0,0.0,0.0,0.0,0.0,0.0,21.38707207823743,-309.78617701476119,21.79277972114028,-200.84329224996248,21.361026854905199,-941.9949147066267,20.60369092700047,238.2503987155922,18.169247955359759,3.7156560049389499,21.00738623052564,-40.519521493954119,18.70274849916943,35.24600513052991,17.62869476677257,-86.76288904483129,18.721069559100966,-295.2921770412312,807.2327317072916,798.0287833301437,0.0,0.0,0.0,0.0,0.0,0.0,0.0,0.0,0.0,0.0,0.0,0.0,0.0,0.0,0.0,0.0,0.0,0.0,0.0,0.0,0.0,0.0,1.4499385278147135,0.44259417820961957,138.59245067265659,164.0674505443212,3671.085534320635,0.12034672476833174,0.01836793723570387,35.236178137066158,41.545779524920849,971.9941047494584,1.405980330661527,0.2656803345921254,250.2147489810052,295.9827807345094,6699.362334337098,0.3140431853525836,0.05934300554659553,217.21131712260869,257.4536605416836,5531.236303702692,0.0,0.0,8.856259670278237,10.588417199295105,177.51070655632265,0.0,0.0,15.721613157073366,18.578711185711968,411.2481878517318,0.0,0.0,167.68683034613395,200.13311001172316,3542.321263725159,0.0,0.0,32.90594613390294,39.40708614855301,618.8358587816412,0.0,0.0,121.68592384572733,144.9346668303915,2678.0601574598306,45.55435703187101,31.244414973848444,245.45647576648524,292.57222724542216,6487.076308875476,0.0,0.0,130.84274285003918,157.4016348131167,2162.8855235525495,0.0,21.33779585842344,40.82963875033098,21.000000000000005,30.0,0.0,22.054844105567616,43.607046892556059,21.000000000000005,30.0,1043.974789611259,21.481138672883814,39.68683077713645,21.300000000000006,30.0,0.0,20.971318207296826,41.23106523370724,15.999999999999999,30.0,0.0,18.160818151444958,51.3755990287934,12.0,30.0,0.0,21.333432497765175,48.0267787046449,19.0,30.0,0.0,18.744081985160919,48.58995113220081,10.0,30.0,0.0,17.535653222611637,52.99040572987738,12.0,30.0,2290.6294418502855,19.112542948536267,47.87864829465572,19.9,30.0,0.0,19.164415253263138,0.0,0.0,0.0,16.261747163875627,0.0,0.0,680.1194065470384,927.8304983611315,638.6011690560845,653.2159899218046,750.2338720056617,1117.5982521322929,709.3045480064318,732.5829476881947,723.7611443743854,9241.680259969771,81.30409914055386,83.47093652398982,570.0,0.0,570.0,570.0,21.0,16.0,19.0,19.0,12.0,12.0,21.0,10.0,1.0,0.0,0.0,0.0,1043.974789611259,0.0,0.0,0.0,0.0,2290.6294418502855,3279.1228116096315,1967473.686965779,2560463.2912394,81.30409914055386,83.50773661616701,0.3133040937203211,0.6921033405528416,0.3242532366176936,83.50773661616701,0.31883830374949886,2560463.2912394,0.15366409114444877 
 03/19  22:20:00,8.16,83.66666666666667,7.166666666666667,0.0,0.0,0.0,0.0,0.0,2.0,0.0,0.0,4.0,0.0,0.0,0.0,2019.0,0.0,0.0,0.0,0.0,0.0,0.0,0.0,0.0,0.0,0.0,0.0,21.490205393882719,-677.799679890303,21.756914977807484,-182.5311117821546,21.429438280393179,-1050.919095045602,20.611151151764824,278.2223845585647,18.15525143504528,1.7402233178640923,20.99767480895017,-40.97031614240194,18.67193234141746,44.16171553543911,17.53136602146481,-84.24061745927199,18.89739206962013,-185.34205677399565,848.7517802358834,770.0644613017084,0.0,0.0,0.0,0.0,0.0,0.0,0.0,0.0,0.0,0.0,0.0,0.0,0.0,0.0,0.0,0.0,0.0,0.0,0.0,0.0,0.0,0.0,1.4301429933045649,0.43655158525780349,143.6552615422215,169.32722537647994,3969.8988509650728,0.14626701300908447,0.022324025184536694,31.42594451575496,37.03109865758252,870.3970970329013,1.4465897687581535,0.27335407572905398,261.67117894438027,308.64228307621615,7099.584698893979,0.3313846054840823,0.06261991789192782,223.30396709098916,263.8953911221281,5752.410270481582,0.0,0.0,9.520129535444413,11.365687749318415,191.97802831184488,0.0,0.0,14.78939268369557,17.455663391360856,389.15398765335535,0.0,0.0,160.3343824465525,191.05026791131008,3405.7841987637095,0.0,0.0,37.57716071900086,44.98300934590027,703.0749044086008,0.0,0.0,129.85208785335079,154.38341312569149,2920.303646647166,45.87518972290738,31.46446483052632,257.04371193005155,305.6755225453612,6762.180987289879,0.0,0.0,121.12831097464285,145.49286723578585,2019.9124487909363,1127.221630596853,21.786577529373799,39.52128852792335,21.666666666666658,29.99999999999999,0.0,22.012659138474644,43.702277880132808,20.999999999999994,29.99999999999999,1733.030772034453,21.685204006716533,39.24367069399805,21.666666666666658,29.99999999999999,0.0,20.988038411944495,41.43078900967524,15.999999999999993,29.99999999999999,0.0,18.140238474510828,51.102535724078069,11.999999999999995,29.99999999999999,0.0,21.33067117933897,46.38169105537267,18.999999999999994,29.99999999999999,0.0,18.697635177405347,48.71519358982535,9.999999999999997,29.99999999999999,0.0,17.395595778031955,53.487228535399498,11.999999999999995,29.99999999999999,0.0,19.36069163154359,46.90732523103478,18.999999999999994,29.99999999999999,0.0,19.22389274340485,0.0,0.0,0.0,16.316733352196754,0.0,0.0,669.4709179271347,929.0423027649599,642.0628437878922,666.4718244929549,736.7641678621637,1088.1342555350582,710.3441981231904,736.3027497335111,717.6122981956103,8651.788266541804,82.2839890148358,84.69868250122238,569.9999999999998,0.0,569.9999999999998,569.9999999999998,21.0,16.0,19.0,19.0,12.0,12.0,21.0,10.0,1.0,0.0,1127.221630596853,0.0,1733.030772034453,0.0,0.0,0.0,0.0,0.0,3654.200524752145,2192520.3148512879,2844342.885551576,82.2839890148358,84.73969201285347,0.3484733508250714,0.7690343110999529,0.36028137401965945,84.73969201285347,0.35426478194388735,2844342.885551576,0.16810916338201527 
 03/19  22:30:00,8.08,84.0,7.22,0.0,0.0,0.0,0.0,0.0,2.0,0.0,0.0,4.0,0.0,0.0,0.0,2694.0,0.0,0.0,0.0,0.0,0.0,0.0,0.0,0.0,0.0,0.0,0.0,21.367213239026975,-380.62279920467815,21.74305863043235,-197.8099419986666,21.08735273993596,-604.8980097482568,20.661792113905919,113.9355793157678,18.14401105569349,2.523395648289565,20.983158577540374,-31.815919149586166,18.765017977535629,20.604407348098449,17.458860593869404,-103.4077066318792,19.040949989894516,-158.64706692031587,782.0713787545501,702.4282639840625,0.0,0.0,0.0,0.0,0.0,0.0,0.0,0.0,0.0,0.0,0.0,0.0,0.0,0.0,0.0,0.0,0.0,0.0,0.0,0.0,0.0,0.0,1.489707877426628,0.4547337843182625,157.78892506360953,186.50467269545377,4217.78966695695,0.12619768915514549,0.01926094156824565,35.03320712969485,41.253919318403507,974.3800919676596,1.459830591558852,0.27585612085390268,210.9923042217958,249.62587369549397,5577.734671173226,0.308151123435285,0.05822961516161845,142.68049703430956,169.04498575816766,3716.3430515615775,0.0,0.0,8.996888676686421,10.748914876931377,182.59905617496777,0.0,0.0,14.620990268473128,17.264011603529914,386.66599726246997,0.0,0.0,136.4360687518328,162.60327180003777,2956.251481431733,0.0,0.0,39.58846363225548,47.41865415254898,739.6072242013598,0.0,0.0,109.7438736730571,130.47729246077484,2516.982739217168,46.03506154502747,31.574116286027079,202.20218585947846,240.9701228892766,5509.919894034885,0.0,0.0,102.14017587168796,122.82288356487863,1681.3622020406625,473.0676480440377,21.41592728965233,40.4163746696088,21.25,30.0,0.0,22.006809506164897,43.98934886557015,21.0,30.0,109.40708535028489,21.20336406034537,40.277453522402499,21.0,30.0,0.0,21.06242298791299,41.047520922380467,16.0,30.0,0.0,18.12662748203692,50.92002996452022,12.0,30.0,0.0,21.319808027582164,45.534607533479697,19.0,30.0,0.0,18.85989970841254,47.876751966823778,10.0,30.0,0.0,17.301732120517586,53.70291472616552,12.0,30.0,977.1932591843378,19.475597244219846,46.356056042322219,19.5,30.0,0.0,19.041323799234769,0.0,0.0,0.0,16.053063699632557,0.0,0.0,671.0158681700261,945.6600470497108,636.305440217439,657.4515860963307,728.4894366849644,1074.9438441441599,696.9531255443349,735.5563967911385,708.0122228761588,5868.067443766351,83.46204960606755,85.15929906541926,570.0,0.0,570.0,570.0,21.0,16.0,19.0,19.0,12.0,12.0,21.0,10.0,1.0,0.0,473.0676480440377,0.0,109.40708535028489,0.0,0.0,0.0,0.0,977.1932591843378,2568.6489356692666,1541189.3614015599,2001251.4339774429,83.46204960606755,85.18812399572058,0.2556216311889756,0.5373683565951553,0.27021103051474468,85.18812399572058,0.2656985864579156,2001251.4339774429,0.1239517412334937 
 03/19  22:40:00,8.0,84.33333333333334,7.273333333333333,0.0,0.0,0.0,0.0,0.0,2.0,0.0,0.0,0.0,0.0,0.0,0.0,3370.0,0.0,0.0,0.0,0.0,0.0,0.0,0.0,0.0,0.0,0.0,0.0,21.603129033532708,-808.3947324992989,21.437175923595093,-431.61907223989939,21.308638135757975,-668.5984816559907,20.66419854063888,306.25472541213267,18.134596380105067,4.14291881302935,20.86110611583446,-54.10337137560801,18.733229917999418,54.5221937204217,17.384619805858578,-78.95257564197195,19.129290956765176,-226.1871159083699,1080.2355996858142,863.2476988414514,0.0,0.0,0.0,0.0,0.0,0.0,0.0,0.0,0.0,0.0,0.0,0.0,0.0,0.0,0.0,0.0,0.0,0.0,0.0,0.0,0.0,0.0,1.420714773321326,0.4336736182299531,362.4993753878547,427.8911751291786,9967.607280270107,0.2543690742453634,0.038823118779817398,214.91119195590574,254.07124673647506,5795.191946231173,1.4395280714608676,0.27201966580893208,284.96643854541858,336.42955069940668,7782.215690721972,0.33111119300974409,0.06256825264734395,231.78426610365384,274.1752991194855,6079.49473525498,0.0,0.0,10.783883399986353,12.885179490234318,220.36080621486108,0.0,0.0,14.629804968516062,17.292053555128168,385.40545731788719,0.0,0.0,171.63281530544769,204.60446598030104,3738.1329956174247,0.0,0.0,42.763554379857257,51.25165363839196,798.0741861861504,0.0,0.0,138.82844095713959,165.10415920595234,3215.0320100529149,46.57663073489426,31.945562918308839,427.2691167738141,507.4721817806896,11352.917866552285,0.0,0.0,128.63578298013563,154.67104956492484,2180.75771685247,716.1146462197808,21.7241452897901,41.06514105482801,21.400000000000007,30.00000000000001,0.0,21.5057684454583,41.824011252755,12.000000000000006,30.00000000000001,908.9970126066781,21.659056204559865,40.33264510450383,21.400000000000007,30.00000000000001,0.0,21.1016615429044,41.63204029092128,16.000000000000005,30.00000000000001,0.0,18.116894146178756,50.82117866921959,12.000000000000006,30.00000000000001,0.0,21.182192998390435,45.15744012573295,12.000000000000006,30.00000000000001,0.0,18.80917023378958,48.74765301889848,10.000000000000004,30.00000000000001,0.0,17.208923773022485,53.79329433960709,12.000000000000006,30.00000000000001,0.0,19.515198930932,46.51275209268219,19.000000000000008,30.00000000000001,0.0,19.82472379404711,0.0,0.0,0.0,16.308315945013985,0.0,0.0,749.8305967218827,760.3486274074272,699.7049437634025,694.6985424668435,724.9766226051877,1055.8611456526858,732.1452333329531,729.7638449776027,724.6799645472949,3977.873411307286,81.04945256319002,81.04945256319002,60.00000000000002,0.0,60.00000000000002,60.00000000000002,12.0,16.0,12.0,19.0,12.0,12.0,21.0,10.0,1.0,0.0,716.1146462197808,0.0,908.9970126066781,0.0,0.0,0.0,0.0,0.0,0.0,0.0,0.0,81.04945256319002,81.04945256319002,0.13600000000000013,0.3076701914234463,0.14411254960786397,81.04945256319002,0.14170591277755513,0.0,0.0020599999999999999 
 03/19  22:50:00,7.92,84.66666666666667,7.326666666666666,0.0,0.0,0.0,0.0,0.0,2.0,0.0,0.0,0.0,0.0,0.0,0.0,2025.0,0.0,0.0,0.0,0.0,0.0,0.0,0.0,0.0,0.0,0.0,0.0,21.228750150177853,-151.85119051033034,21.159759943738956,-189.88982960549977,21.48764793344226,-1414.2431164541513,20.67666824900224,246.3268144246442,18.125107243465963,3.3142850611528757,20.717107179758068,-45.05016316871401,18.76169517643195,48.855569276328768,17.337043274243809,-88.16293311254056,18.7715499656817,-73.23042436303169,1033.9589331421124,666.1159285017493,0.0,0.0,0.0,0.0,0.0,0.0,0.0,0.0,0.0,0.0,0.0,0.0,0.0,0.0,0.0,0.0,0.0,0.0,0.0,0.0,0.0,0.0,1.4675039606108387,0.4479560319324909,308.5229939787027,364.4161163173718,8230.631481898487,0.2727978662992251,0.041635815979735247,112.9207998419212,133.55605628046798,2976.6031193966475,1.2842891971762847,0.24268503348002383,343.45485151152379,404.4810379024659,9554.064738714418,0.2901742324045706,0.054832621391642247,206.64711263213827,244.12136392917913,5454.217809164036,0.0,0.0,9.843774449563245,11.7529817480882,202.54292895204953,0.0,0.0,13.386128475771942,15.817226474950534,349.7642947794267,0.0,0.0,131.47107519429569,156.62969124684742,2896.923224059797,0.0,0.0,40.75081212969471,48.81194866923644,763.1272228455578,0.0,0.0,103.2743443078243,122.95909462274396,2315.2622752619465,46.59464709846009,31.957919820617378,414.93092983419128,492.4418555383701,10937.401139382306,0.0,0.0,95.25815116511135,114.6483747665925,1553.8926079013307,415.1483320255548,21.25086540070189,40.96557485331508,21.33333333333335,30.00000000000002,0.0,21.11767662068422,41.679392147507929,12.00000000000001,30.00000000000002,2076.4738125970327,21.768141960160848,39.382805428959787,21.666666666666687,30.00000000000002,0.0,21.101866026815189,41.50924722687784,16.000000000000015,30.00000000000002,0.0,18.107107183087654,50.86041040787022,12.00000000000001,30.00000000000002,0.0,20.989593197451698,44.879526707106439,12.00000000000001,30.00000000000002,0.0,18.861740572278927,48.215760725955238,10.000000000000007,30.00000000000002,0.0,17.15879573963032,53.99002267052515,12.00000000000001,30.00000000000002,56.049802270061118,19.045592218251284,47.90957520667559,19.000000000000015,30.00000000000002,0.0,19.737579954938885,0.0,0.0,0.0,15.865647504133245,0.0,0.0,680.1177001597027,701.0906384181237,664.4447996451797,689.7371104720825,727.5570751630478,1037.1825404420268,716.4317936336845,733.303444177327,727.3148902661818,7339.651188639555,83.15164385475299,83.15164385475299,60.00000000000004,0.0,60.00000000000004,60.00000000000004,12.0,16.0,12.0,19.0,12.0,12.0,21.0,10.0,1.0,0.0,415.1483320255548,0.0,2076.4738125970327,0.0,0.0,0.0,0.0,56.049802270061118,0.0,0.0,0.0,83.15164385475299,83.15164385475299,0.3400000000000003,0.7686819612287055,0.3602813740196598,83.15164385475299,0.3542647819438878,0.0,0.00196 
 03/19  23:00:00,7.84,85.0,7.38,0.0,0.0,0.0,0.0,0.0,2.0,0.0,0.0,0.0,0.0,0.0,0.0,2700.0,0.0,0.0,0.0,0.0,0.0,0.0,0.0,0.0,0.0,0.0,0.0,21.489132702974275,-1018.7076542698196,21.088912725562886,123.26214147767598,21.304594863363876,-527.2848149630211,20.66437951681791,84.24401018943382,18.11451653128919,3.4279227182444176,20.603910627203548,-55.134350639766839,18.713839067798348,-64.62074190698945,17.26858146480523,-95.73510025518681,19.311169053736607,-359.03690759192707,1027.9158678607128,1035.4234672174624,0.0,0.0,0.0,0.0,0.0,0.0,0.0,0.0,0.0,0.0,0.0,0.0,0.0,0.0,0.0,0.0,0.0,0.0,0.0,0.0,0.0,0.0,1.4606129057509732,0.4458525353330199,364.04927655764046,429.5632577559778,9906.33930356585,0.29469365121714666,0.04497766349468049,171.75804049586953,202.92436483632583,4557.079226967359,1.4116965336097427,0.26676049387939218,270.82395121175667,319.9695367962626,7362.080662796502,0.2925972093936937,0.05529047796555057,125.59814886190573,148.7142431817256,3332.0314876899576,0.0,0.0,11.091977172063619,13.243902604061152,229.73870085711628,0.0,0.0,14.464484210224736,17.104026792657508,376.19114282122367,0.0,0.0,182.9417612763824,217.87151880922029,4009.096632570753,0.0,0.0,44.58317106730304,53.42266061742184,833.9122992549317,0.0,0.0,151.87107870761509,180.12596005764613,3670.215733604633,46.816961639605548,32.11039892977062,380.3856332563626,451.7284321328508,10157.398742759273,0.0,0.0,142.6232347545672,171.2344112881443,2456.2739412372109,988.27305878209,21.557411541081146,39.753404803821847,21.5,30.0,0.0,21.09179486968368,41.16526504289086,12.0,30.0,651.6715364971423,21.409324261739067,40.193263176322769,21.25,30.0,0.0,21.064394245376879,41.11776052041075,16.0,30.0,0.0,18.096439964895219,50.73546394461181,12.0,30.0,0.0,20.847645693153895,44.5802814852002,12.0,30.0,0.0,18.752120354180187,48.290888356683868,10.0,30.0,0.0,17.068461339855256,54.35897769308376,12.0,30.0,1135.4836903816097,19.889995513737167,45.100854404733698,19.75,30.0,0.0,19.682506312541027,0.0,0.0,0.0,16.1760005502799,0.0,0.0,658.8828051189443,673.2956768043983,662.7222591523604,665.9335787492812,722.7900374136101,1016.2728808134305,708.0301673923334,738.9871013207862,713.0104913659097,10417.120928690523,81.11679675515383,84.77509199303668,60.0,0.0,60.0,60.0,12.0,16.0,12.0,19.0,12.0,12.0,21.0,10.0,1.0,0.0,988.27305878209,0.0,651.6715364971423,0.0,0.0,0.0,0.0,1135.4836903816097,5536.097205880723,3321658.3235284339,4303245.96153713,81.11679675515383,84.83722199088266,0.35453657352935749,0.7694535377309393,0.36028137401965956,84.83722199088266,0.3542647819438875,4303245.96153713,0.22562878999993078 
 03/19  23:10:00,7.808333333333334,85.00000000000002,7.331666666666667,0.0,0.0,0.0,0.0,0.0,2.0,0.0,0.0,0.0,0.0,0.0,0.0,4050.0,0.0,0.0,0.0,0.0,0.0,0.0,0.0,0.0,0.0,0.0,0.0,21.01793998176143,-210.15562702540485,21.041721133612709,-244.99468155966845,21.053210495058094,-705.8217317132194,20.57310858618196,109.53841287663983,18.102518412269938,1.309259859082952,20.501194172970803,-48.37702061873278,18.555801977874617,-64.36598024655373,17.24499741721945,-62.39864074005996,18.966268360119046,-246.2150637467695,784.200958491421,918.23639468378,0.0,0.0,0.0,0.0,0.0,0.0,0.0,0.0,0.0,0.0,0.0,0.0,0.0,0.0,0.0,0.0,0.0,0.0,0.0,0.0,0.0,0.0,1.4288944925732359,0.43617048002846028,198.70510779816835,235.23693298841216,5251.46286365295,0.27046690076432569,0.04128005200920721,88.80187020450897,105.09622157165254,2350.832052209804,1.340775925222917,0.25335901837167748,199.6809554856431,236.31988503726246,5367.080239858609,0.2802129073753972,0.05295028484040006,136.0888654826372,161.22359917518564,3574.8636253917904,0.0,0.0,10.191699134989865,12.176793475630458,211.43807093537783,0.0,0.0,13.329063455408204,15.777527102722397,344.2988501724636,0.0,0.0,180.29753741007438,215.14830152856897,3884.2117267613455,0.0,0.0,40.918877596428888,49.05876562061922,767.6772757296469,0.0,0.0,150.4460145191199,179.0416180781704,3471.8495003288405,46.40511700803104,31.82792661730525,245.85230093204056,292.79664970168337,6741.84192647479,0.0,0.0,142.99168918271062,171.9187097045767,2474.329778836858,0.0,20.944665455072223,41.000606914158748,21.999999999999994,30.0,0.0,21.040320054201247,40.70155337584407,11.999999999999997,30.0,0.0,21.1275492901715,40.25891604488841,21.33333333333333,30.0,0.0,20.920617581995314,41.1426071298009,11.999999999999997,30.0,0.0,18.083787146689603,50.581429873462017,11.999999999999997,30.0,0.0,20.722669054093,44.34069769742667,11.999999999999997,30.0,0.0,18.492442799527696,48.71340008481858,9.999999999999999,30.0,0.0,17.066339374711445,54.0116223558186,11.999999999999997,30.0,0.0,19.271280620811998,46.61341104426598,18.999999999999998,30.0,0.0,18.957236753665705,0.0,0.0,0.0,16.292562209302635,0.0,0.0,647.893942805078,645.0441870782763,633.2601969828713,650.9242390769125,716.9196156428349,998.1927419550029,694.585945225558,725.9447768139449,704.1849183139772,0.0,79.41118864101836,79.41118864101836,60.0,0.0,60.0,60.0,12.0,12.0,12.0,19.0,12.0,12.0,21.0,10.0,0.0,0.0,0.0,0.0,0.0,0.0,0.0,0.0,0.0,0.0,0.0,0.0,0.0,79.41118864101836,79.41118864101836,0.0,0.0,0.0,79.41118864101836,0.0,0.0,0.0017600000000000003 
 03/19  23:20:00,7.776666666666667,85.0,7.283333333333334,0.0,0.0,0.0,0.0,0.0,2.0,0.0,0.0,0.0,0.0,0.0,0.0,2025.0,0.0,0.0,0.0,0.0,0.0,0.0,0.0,0.0,0.0,0.0,0.0,20.711143029577923,-160.95067301596488,20.795661177752565,-268.21767020764056,20.60778168221252,-317.60673853627307,20.365355753727898,-142.385180350718,18.087435570910217,-0.1047780346647943,20.417976347100074,-42.21031845218396,18.516485810928417,-23.002538858570007,17.219378019698888,-76.40312091876905,18.695054189043164,-105.80203638779099,844.1228313799867,723.3950394201987,0.0,0.0,0.0,0.0,0.0,0.0,0.0,0.0,0.0,0.0,0.0,0.0,0.0,0.0,0.0,0.0,0.0,0.0,0.0,0.0,0.0,0.0,1.3819716223922023,0.42184725958247928,247.53839418906399,292.92810613648609,6296.915054582188,0.24949739905786773,0.03807957861078566,107.60315364012976,127.19988028012952,2759.3214767326014,1.3442679275178269,0.2540188827509122,244.78213775333809,289.86630482948967,6223.865124831659,0.25928518350377596,0.048995688492776998,134.6750536821026,159.45538185240239,3435.564730604094,0.0,0.0,9.272676475488492,11.068682471770892,192.62471310830473,0.0,0.0,13.062379306535409,15.451060697053805,335.6237877739813,0.0,0.0,145.1383755068072,173.07430849591914,3123.754444631541,0.0,0.0,38.31708080323992,45.893997829901717,719.9074805096202,0.0,0.0,117.43839982643411,139.86138476459997,2613.5185669660888,45.97010723572194,31.52956600529626,308.25453942395907,366.51743700682587,8062.5092477372859,0.0,0.0,110.41433522909347,132.8408008639342,1821.8400123577345,0.0,20.467302140975226,41.78829922543445,21.999999999999994,29.999999999999998,0.0,20.642151073755018,40.81309175517772,11.999999999999997,29.999999999999998,0.0,20.406546037070656,41.61692194737896,21.999999999999994,29.999999999999998,0.0,20.529591830914226,41.621353921551058,11.999999999999997,29.999999999999998,0.0,18.065494897481157,50.38388101365901,11.999999999999997,29.999999999999998,0.0,20.619154591257744,44.0570198802016,11.999999999999997,29.999999999999998,0.0,18.453831729018729,48.41255138516804,9.999999999999999,29.999999999999998,0.0,17.047263225703956,53.77175235317047,11.999999999999997,29.999999999999998,0.0,18.81955791401767,47.65239774730783,19.666666666666666,29.999999999999998,0.0,19.11224582380727,0.0,0.0,0.0,15.83929387649105,0.0,0.0,628.0669467133142,602.4033599586389,612.4618106928544,627.3443599086777,708.2721802356888,985.4738597710334,678.0230489923912,716.7494076345288,692.3971444537589,0.0,79.41118864101836,79.41118864101836,59.99999999999999,0.0,59.99999999999999,59.99999999999999,12.0,12.0,12.0,19.0,12.0,12.0,21.0,10.0,0.0,0.0,0.0,0.0,0.0,0.0,0.0,0.0,0.0,0.0,0.0,0.0,0.0,79.41118864101836,79.41118864101836,0.0,0.0,0.0,79.41118864101836,0.0,0.0,0.001736666666666667 
 03/19  23:30:00,7.745,85.0,7.234999999999999,0.0,0.0,0.0,0.0,0.0,2.0,0.0,0.0,0.0,0.0,0.0,0.0,1350.0,0.0,0.0,0.0,0.0,0.0,0.0,0.0,0.0,0.0,0.0,0.0,20.50441380259084,-217.97578250940706,20.612149488765355,-157.36193339948387,20.44940119896342,-208.5235345192914,20.147417433717089,-88.66931509406573,18.07113974886485,-0.739210512240362,20.345287570410834,-42.01986321744141,18.54073420959427,30.82889944278668,17.16450037601974,-95.34534019319631,18.559081259410474,-49.89693205768617,675.1475198166945,564.5888705330299,0.0,0.0,0.0,0.0,0.0,0.0,0.0,0.0,0.0,0.0,0.0,0.0,0.0,0.0,0.0,0.0,0.0,0.0,0.0,0.0,0.0,0.0,1.3502261438307657,0.41215694256128379,145.69816450858984,172.5008365030456,3652.8286425700837,0.24955837870831169,0.03808888563924171,97.76353278435917,115.76617072217184,2474.55905629786,1.312614598768139,0.24803752811189334,163.56717810644478,193.65788643548394,4120.503088203863,0.26278022331711328,0.049656126855085639,129.0974639628036,152.78726791871544,3216.7454213070207,0.0,0.0,8.95067109914417,10.672174750253259,186.1698980705908,0.0,0.0,12.97954597928565,15.342852318101795,332.2057070590777,0.0,0.0,117.53225129754378,139.96254429879535,2553.1706502420058,0.0,0.0,37.29740136411071,44.635395250090279,697.6520964676179,0.0,0.0,90.67137364619312,107.93877663814416,1987.4378678607328,45.52428983388062,31.223792753004554,196.01450806739485,233.33618719223717,5265.531262819341,0.0,0.0,82.68704929202232,99.50238547106415,1307.508754490728,0.0,20.178096817449437,41.86966807428081,22.0,30.0,0.0,20.383759899696807,41.38506796348508,12.0,30.0,0.0,20.231248362989559,41.92036036085707,22.0,30.0,0.0,20.17170076752741,42.26362282209225,12.0,30.0,0.0,18.046677870241405,50.15946737872788,12.0,30.0,0.0,20.534718337202876,43.74482533445074,12.0,30.0,0.0,18.529627140938623,47.709049929210269,10.0,30.0,0.0,16.972868104470579,53.79927342633413,12.0,30.0,0.0,18.6209938885853,47.90752226302344,20.0,30.0,0.0,18.5891434302733,0.0,0.0,0.0,15.475404919159559,0.0,0.0,598.252599124547,599.4880284980849,607.0029381066556,615.0685740387683,698.18212718676,970.6422598529664,658.3376388925245,711.3813535512029,678.8620817528631,0.0,79.41118864101837,79.41118864101837,60.0,0.0,60.0,60.0,12.0,12.0,12.0,19.0,12.0,12.0,21.0,10.0,0.0,0.0,0.0,0.0,0.0,0.0,0.0,0.0,0.0,0.0,0.0,0.0,0.0,79.41118864101837,79.41118864101837,0.0,0.0,0.0,79.41118864101837,0.0,0.0,0.0017133333333333335 
 03/19  23:40:00,7.713333333333333,85.0,7.186666666666667,0.0,0.0,0.0,0.0,0.0,2.0,0.0,0.0,0.0,0.0,0.0,0.0,1350.0,0.0,0.0,0.0,0.0,0.0,0.0,0.0,0.0,0.0,0.0,0.0,20.2290484434224,-127.31400279372625,20.48083278701941,-379.5734906975413,20.20128744982251,-230.09296051603833,20.01071013866499,-202.0662584696429,18.056265459951797,0.9913293023358138,20.282175264890776,-33.180844764139198,18.630668394385994,49.22180698999686,17.07769273517846,-132.12446129294933,18.43876834760207,-123.13512915777679,759.7292790253798,515.9168332737208,0.0,0.0,0.0,0.0,0.0,0.0,0.0,0.0,0.0,0.0,0.0,0.0,0.0,0.0,0.0,0.0,0.0,0.0,0.0,0.0,0.0,0.0,1.3184064484347918,0.40244397082869118,322.40210255959598,382.01508384190768,7849.278190543283,0.22497390026701265,0.03433667586492869,250.5334936427833,296.4841901232431,6242.439806505417,1.2494539250962467,0.23610240459112764,230.01494673184187,272.63942581224526,5623.41263451655,0.2442932751516113,0.04616275040657811,229.28126299876176,271.6527278780701,5630.566783352953,0.0,0.0,7.901586708607102,9.42431445856542,164.6022549254509,0.0,0.0,12.675702304203894,14.985010531919049,323.5368579349248,0.0,0.0,110.26149952939429,131.19056847173378,2444.196705315816,0.0,0.0,39.02878764859743,46.72582451905029,722.1916427149026,0.0,0.0,42.949022935099808,51.13230646518497,928.3334110644041,45.05623779543306,30.90276940701858,451.3415313927776,536.8299295352044,11075.046308975427,0.0,0.0,70.67131883974366,85.06497092504383,1091.2974554637809,0.0,19.766222960295843,42.535087651839578,22.000000000000008,30.00000000000001,0.0,20.203891614452837,41.38956180520621,12.000000000000004,30.00000000000001,0.0,19.85780598813646,42.61897602002274,22.000000000000008,30.00000000000001,0.0,19.963873667697567,42.28518596124152,12.000000000000004,30.00000000000001,0.0,18.032492955219039,49.702638033925037,12.000000000000004,30.00000000000001,0.0,20.467425830320136,43.39135006941288,12.000000000000004,30.00000000000001,0.0,18.720139311081824,46.49749920092823,10.000000000000004,30.00000000000001,0.0,16.839111208260574,53.593373600006248,12.000000000000004,30.00000000000001,0.0,18.43883199902854,48.05489116074553,20.000000000000008,30.00000000000001,0.0,18.827214304669729,0.0,0.0,0.0,15.269757852500853,0.0,0.0,580.9529180101004,580.0300693167856,596.237146384675,593.0476898377805,679.4939759395609,955.0565318278221,632.479249128587,692.7419034415557,666.756906931201,0.0,79.4111886410184,79.4111886410184,60.00000000000002,0.0,60.00000000000002,60.00000000000002,12.0,12.0,12.0,19.0,12.0,12.0,21.0,10.0,0.0,0.0,0.0,0.0,0.0,0.0,0.0,0.0,0.0,0.0,0.0,0.0,0.0,79.4111886410184,79.4111886410184,0.0,0.0,0.0,79.4111886410184,0.0,0.0,0.00169 
 03/19  23:50:00,7.6816666666666679,85.0,7.138333333333333,0.0,0.0,0.0,0.0,0.0,2.0,0.0,0.0,0.0,0.0,0.0,0.0,1350.0,0.0,0.0,0.0,0.0,0.0,0.0,0.0,0.0,0.0,0.0,0.0,20.21272219746022,-232.8878684030251,20.210186382542948,-264.20344512468275,20.120830952885464,-308.3645676827409,19.790901998905534,-110.01478921689977,18.041168838910644,1.6091690857990245,20.22533842849034,-39.14487161330186,18.582391545802147,11.227797359320903,17.017425975442053,-106.96182347424906,18.22119600767669,-308.43414405301589,716.0724128917791,730.3256270158051,0.0,0.0,0.0,0.0,0.0,0.0,0.0,0.0,0.0,0.0,0.0,0.0,0.0,0.0,0.0,0.0,0.0,0.0,0.0,0.0,0.0,0.0,1.287095704370433,0.39288635664543139,278.19922410736538,329.76469008487416,6797.048114782239,0.2352273822166372,0.03590161511242936,218.8999721594966,259.5719057329984,5311.085869939296,1.2409350059167584,0.23449263150354475,209.13437690178999,247.7627294199353,5090.250655715481,0.25607609156469449,0.048389284120312629,195.09822139522363,231.2561589077073,4683.434145374193,0.0,0.0,7.839419631847489,9.343677563626376,163.5783926217228,0.0,0.0,12.863354540606512,15.209547932927226,327.6514003827143,0.0,0.0,148.37705378124344,176.5602778104036,3271.0311588916199,0.0,0.0,38.44496783809586,46.037146865217277,708.2733963164169,0.0,0.0,80.47499076497906,95.94916466189635,1688.1816460005017,44.78620615353378,30.717562519570504,384.32550980483316,457.23510524731867,9485.921868123414,0.0,0.0,109.50597343738241,131.73972579786463,1742.0100975145297,0.0,19.815475134210048,42.16077431486178,22.0,30.0,0.0,19.794794572842485,41.95478453983232,12.0,30.0,0.0,19.80544777965884,42.509911017938879,22.0,30.0,0.0,19.627901809676609,42.86854250290196,12.0,30.0,0.0,18.019104007028646,49.36427690500155,12.0,30.0,0.0,20.409209375473176,43.061401201070669,12.0,30.0,0.0,18.62816438221168,46.451145990701707,10.0,30.0,0.0,16.767141320864924,52.93597044500979,12.0,30.0,0.0,18.072816959301503,48.61400913040202,20.0,30.0,0.0,18.681211246485704,0.0,0.0,0.0,15.471494448302547,0.0,0.0,571.856498925315,559.6071385051315,587.1857976280121,581.4769885498409,667.198442675034,938.9490509174626,623.7246546331592,658.9742019635557,650.4429733164825,0.0,79.41118864101837,79.41118864101837,60.0,0.0,60.0,60.0,12.0,12.0,12.0,19.0,12.0,12.0,21.0,10.0,0.0,0.0,0.0,0.0,0.0,0.0,0.0,0.0,0.0,0.0,0.0,0.0,0.0,79.41118864101837,79.41118864101837,0.0,0.0,0.0,79.41118864101837,0.0,0.0,0.00169 
 03/19  24:00:00,7.65,85.0,7.09,0.0,0.0,0.0,0.0,0.0,2.0,0.0,0.0,0.0,0.0,0.0,0.0,1350.0,0.0,0.0,0.0,0.0,0.0,0.0,0.0,0.0,0.0,0.0,0.0,19.979042885002465,-123.88363022235035,20.17201814253942,-316.1475173149224,19.909760586266026,-206.30553237222694,19.73949613691462,-188.89296613222906,18.025150166657619,2.5518158123070409,20.1616211485271,-42.36655604039828,18.491199872350209,-70.3259258225562,16.991186977076447,-85.26706874810736,17.991480172368506,-366.6370301942238,680.3428678722858,827.4838877745779,0.0,0.0,0.0,0.0,0.0,0.0,0.0,0.0,0.0,0.0,0.0,0.0,0.0,0.0,0.0,0.0,0.0,0.0,0.0,0.0,0.0,0.0,1.2794503688724249,0.39055261565092339,263.5615059792052,312.5224974641014,6303.3522210243449,0.21766058893068347,0.03322048060602617,209.81091905760872,248.52040885204662,5095.471914997232,1.2269886487166624,0.23185726544154629,217.06159117693694,257.5062802555527,5187.889816178011,0.2386073686124991,0.045088316064342218,214.76454989380395,254.70386853595165,5144.1824832204279,0.0,0.0,7.250378372195096,8.645535868677247,151.52173450533213,0.0,0.0,13.242952749677606,15.659780409004739,336.28293865287449,0.0,0.0,170.1903872385471,202.6223577953296,3709.424810883248,0.0,0.0,34.90873739811782,41.79803149628724,644.6949840247083,0.0,0.0,107.31598075440812,128.08170807794139,2182.9386716161027,44.44284494320033,30.482061003566768,394.7234716302788,469.78214607393616,9622.17526335887,0.0,0.0,135.14690743327538,162.5024739600999,2181.8277771659638,0.0,19.479962239799659,42.68713320835403,22.0,30.0,0.0,19.81260802845053,41.65053857373743,12.0,30.0,0.0,19.506619382941325,43.02057076320948,22.0,30.0,0.0,19.58994246620461,42.68876905103661,12.0,30.0,0.0,18.005193717263457,48.99550248663609,12.0,30.0,0.0,20.337791443498248,42.798764132569818,12.0,30.0,0.0,18.464544380313883,46.59494524728558,10.0,30.0,0.0,16.759136885108075,52.44692098434383,12.0,30.0,0.0,17.716683215643437,49.23239665799473,20.0,30.0,0.0,18.557278361037466,0.0,0.0,0.0,15.563982362903051,0.0,0.0,558.234968188362,549.9583726047642,576.7904774316207,571.2977255724518,653.2032353636827,923.2867873375376,613.2292977226673,640.1269961077803,633.9366785450698,0.0,79.41118864101837,79.41118864101837,60.0,0.0,60.0,60.0,12.0,12.0,12.0,19.0,12.0,12.0,21.0,10.0,0.0,0.0,0.0,0.0,0.0,0.0,0.0,0.0,0.0,0.0,0.0,0.0,0.0,79.41118864101837,79.41118864101837,0.0,0.0,0.0,79.41118864101837,0.0,0.0,0.00169 
 03/20  00:10:00,7.621666666666668,85.00000000000002,7.095,0.0,0.0,0.0,0.0,0.0,2.0,2.0,0.0,0.0,0.0,0.0,0.0,1350.0,0.0,0.0,0.0,0.0,0.0,0.0,0.0,0.0,0.0,0.0,0.0,19.971214257930798,-225.11641351263916,19.972301414501744,-240.38025163788053,19.871584132941938,-274.3005170665947,19.570510361515156,-111.63388785135476,18.00606485782969,-0.09026664547401708,20.103837905053284,-43.40500193592004,18.482599226426239,45.38002804419534,16.936691855496656,-118.21247934720532,17.979204463121353,-120.26976486974047,667.9767961267917,504.9870721531445,0.0,0.0,0.0,0.0,0.0,0.0,0.0,0.0,0.0,0.0,0.0,0.0,0.0,0.0,0.0,0.0,0.0,0.0,0.0,0.0,0.0,0.0,1.2607828479647872,0.38485434919560049,270.12480969350187,320.41128188479669,6480.824781521254,0.22907668739937823,0.03496286437719448,216.35723924827637,256.7514132109714,5161.396645612316,1.2169762113648096,0.22996527047709942,211.26771682882413,250.49331574793735,5057.220696757149,0.25060503784864127,0.047355449328919347,198.8541949283782,235.91006723073009,4687.100370242952,0.0,0.0,7.370234043961917,8.784218386352077,154.15734348689944,0.0,0.0,12.929268349499669,15.292471921807945,327.54035539310589,0.0,0.0,90.12524872460821,107.26036225450726,1974.4415942707329,0.0,0.0,36.57210101416499,43.79876039688861,672.481657645542,0.0,0.0,25.166675781521989,30.021939904864309,516.2788805278369,44.46589913597503,30.497873207115945,385.2637925819357,458.6167680635859,9371.694481996841,0.0,0.0,70.44113622844665,84.82625502130705,1075.7102440851064,0.0,19.540309476055247,42.28077143740059,22.0,30.0,0.0,19.525456599212256,41.98435535562106,12.0,30.0,0.0,19.524703592796628,42.76951842323472,22.0,30.0,0.0,19.345306085277018,43.0179556631,12.0,30.0,0.0,17.98622173400752,48.64510540466799,12.0,30.0,0.0,20.278181630658957,42.519175678648419,12.0,30.0,0.0,18.493266937145728,45.757523633499399,10.0,30.0,0.0,16.68997536006018,52.236060871898,12.0,30.0,0.0,17.777611730343659,48.851627882419638,20.0,30.0,0.0,18.47067094320056,0.0,0.0,0.0,15.094677371894829,0.0,0.0,549.4614448971549,533.8523412610309,570.2364324846008,560.9212686356582,641.6024138911727,912.4253801302764,586.4520578471323,629.0126419368385,689.3895697220033,0.0,79.41118864101837,79.41118864101837,60.0,0.0,60.0,60.0,12.0,12.0,12.0,19.0,12.0,12.0,21.0,10.0,0.0,0.0,0.0,0.0,0.0,0.0,0.0,0.0,0.0,0.0,0.0,0.0,0.0,79.41118864101837,79.41118864101837,0.0,0.0,0.0,79.41118864101837,0.0,0.0,0.00169 
 03/20  00:20:00,7.593333333333334,85.0,7.1000000000000009,0.0,0.0,0.0,0.0,0.0,2.0,2.0,0.0,0.0,0.0,0.0,0.0,1350.0,0.0,0.0,0.0,0.0,0.0,0.0,0.0,0.0,0.0,0.0,0.0,19.768240534027095,-121.2706033928016,19.956384595285578,-299.00715855828596,19.69508902638201,-207.8069779621078,19.54894056099667,-174.78376505167899,17.984391494693356,-0.07305971738959727,20.045702289213926,-38.299471488137019,18.499211723453106,-3.4271791546332226,16.86961750758949,-126.99822730410006,18.026674552293757,-113.12475182841445,646.8015972979956,515.6701262597344,0.0,0.0,0.0,0.0,0.0,0.0,0.0,0.0,0.0,0.0,0.0,0.0,0.0,0.0,0.0,0.0,0.0,0.0,0.0,0.0,0.0,0.0,1.2646168962059093,0.3860246935915474,258.6710449014708,306.92668655382547,6100.716119264364,0.2161127026910799,0.0329842342324603,206.8849448623397,245.22190819420809,4955.428667213421,1.2065430627383909,0.2279937760276628,215.9552114061405,256.35950151714209,5089.010740045707,0.23474111766290499,0.04435773198467591,213.21560775185783,253.0260779687352,5036.335984891535,0.0,0.0,7.083561048423702,8.446974201625278,148.24051012798868,0.0,0.0,12.75860467344848,15.092003385430955,322.4159557118811,0.0,0.0,85.60949415694219,101.89810772950631,1887.8595340900679,0.0,0.0,38.604154591406587,46.24355873539754,705.2968055084953,0.0,0.0,22.3864256272892,26.698659511511975,465.66612833408797,44.43064675397914,30.473694618641397,390.51918108429609,465.0266200270602,9416.722852592065,0.0,0.0,68.90613685277252,83.01720144253824,1039.0013586648925,0.0,19.253018906435857,42.67378950808603,22.0,30.0,0.0,19.57724265693873,41.64303825146417,12.0,30.0,0.0,19.278312827444347,43.11700260040042,22.0,30.0,0.0,19.36193767961462,42.759450537889509,12.0,30.0,0.0,17.963878461221247,48.20435045417223,12.0,30.0,0.0,20.217670597329396,42.235597622515488,12.0,30.0,0.0,18.540956514870098,45.25561835395082,10.0,30.0,0.0,16.601927664432844,51.93202179901837,12.0,30.0,0.0,17.900494644487048,48.17114689432218,20.0,30.0,0.0,18.36751582771332,0.0,0.0,0.0,14.9693582521261,0.0,0.0,536.2333819023191,527.8937621277828,561.4892152914852,556.2321526207156,625.0970106374768,907.4651646373995,579.2043810234176,612.8417453730115,729.4792016875242,0.0,79.41118864101837,79.41118864101837,60.0,0.0,60.0,60.0,12.0,12.0,12.0,19.0,12.0,12.0,21.0,10.0,0.0,0.0,0.0,0.0,0.0,0.0,0.0,0.0,0.0,0.0,0.0,0.0,0.0,79.41118864101837,79.41118864101837,0.0,0.0,0.0,79.41118864101837,0.0,0.0,0.0017066666666666665 
 03/20  00:30:00,7.565,85.0,7.105,0.0,0.0,0.0,0.0,0.0,2.0,2.0,0.0,0.0,0.0,0.0,0.0,1350.0,0.0,0.0,0.0,0.0,0.0,0.0,0.0,0.0,0.0,0.0,0.0,19.78721522731014,-211.69762296278533,19.782978086860298,-226.1973151666184,19.678249864845875,-252.5301509803644,19.396896915204424,-117.23819637766974,17.96192408113057,-0.9601596883462662,19.99341539094003,-38.50344682972238,18.457989605354883,14.552999570504199,16.80107055767708,-132.56552987690589,18.060265361540748,-109.31310939358252,646.6912858159594,515.5549678068408,0.0,0.0,0.0,0.0,0.0,0.0,0.0,0.0,0.0,0.0,0.0,0.0,0.0,0.0,0.0,0.0,0.0,0.0,0.0,0.0,0.0,0.0,1.2421039581019118,0.37915261236322098,251.521892743053,298.4527496295159,5962.837485935629,0.22627228286219359,0.034534841706684,212.14756201381693,251.87483147413475,5005.904922966956,1.207150830331164,0.2281086225115579,215.55812164277794,255.72265249498185,5103.908962786292,0.24761747987380995,0.046790907005633,207.228139593228,246.00564932907896,4824.532153230069,0.0,0.0,7.326756922649276,8.732785197970106,153.40218268387336,0.0,0.0,12.601454959081356,14.909041676408169,317.89685674411109,0.0,0.0,87.19318885138826,103.76440578660103,1917.6258059852594,0.0,0.0,39.87393655854822,47.778440675488827,723.794871763627,0.0,0.0,20.7354726381072,24.714361004717604,436.0652788696303,44.47985481248577,30.50744500170493,389.91784990194778,464.3540845098744,9389.237245102402,0.0,0.0,67.9532065887283,81.8869890703387,1014.4463081033136,0.0,19.355857596587229,42.17967124594023,22.0,30.0,0.0,19.332859655765149,41.93361057617681,12.0,30.0,0.0,19.32962267338626,42.79353850021599,22.0,30.0,0.0,19.14208119424368,43.04639369900242,12.0,30.0,0.0,17.941054691022275,47.877428245315218,12.0,30.0,0.0,20.166800751808464,41.98896480211136,12.0,30.0,0.0,18.48332191644767,45.03212382371029,10.0,30.0,0.0,16.51364375381543,51.68391867463751,12.0,30.0,0.0,17.987737530451299,47.54681318159184,20.0,30.0,0.0,18.31613366307648,0.0,0.0,0.0,14.86555783089935,0.0,0.0,529.665004635408,515.8311170373057,557.9512201372734,549.5961095208729,615.2434397895995,903.4648683053063,568.3299557761816,602.2727070439183,752.3923562837517,0.0,79.41118864101837,79.41118864101837,60.0,0.0,60.0,60.0,12.0,12.0,12.0,19.0,12.0,12.0,21.0,10.0,0.0,0.0,0.0,0.0,0.0,0.0,0.0,0.0,0.0,0.0,0.0,0.0,0.0,79.41118864101837,79.41118864101837,0.0,0.0,0.0,79.41118864101837,0.0,0.0,0.0017233333333333335 
 03/20  00:40:00,7.536666666666667,85.0,7.109999999999999,0.0,0.0,0.0,0.0,0.0,2.0,2.0,0.0,0.0,0.0,0.0,0.0,1350.0,0.0,0.0,0.0,0.0,0.0,0.0,0.0,0.0,0.0,0.0,0.0,19.596615404640624,-118.95148213771108,19.77766762745808,-287.53792764266975,19.519561583064175,-205.26147788226036,19.39268590933134,-167.40317157779556,17.93798381027186,-1.0789928831874818,19.939396609314483,-35.462876889166469,18.43747807644811,-18.569523577102929,16.734615819585437,-136.52416563865257,18.080828118456659,-93.35263263689942,627.404426170554,504.99354761970019,0.0,0.0,0.0,0.0,0.0,0.0,0.0,0.0,0.0,0.0,0.0,0.0,0.0,0.0,0.0,0.0,0.0,0.0,0.0,0.0,0.0,0.0,1.2466991694506927,0.380555302030126,254.31607151570675,301.89985047474746,5941.1143649984219,0.21366649995609508,0.03261088216668118,204.4367004322374,242.43655421811889,4849.599392161492,1.1873188321772175,0.22436107939856726,214.52163684875189,254.7685919010128,5007.304727967713,0.2308472163490701,0.04362192296845617,211.22876746645697,250.77515561983217,4941.934890307208,0.0,0.0,7.042440685658802,8.398630139850573,147.50146446148893,0.0,0.0,12.543265277629342,14.8415492390736,315.78679326920317,0.0,0.0,81.53104411628314,97.05773932108585,1794.8900118016655,0.0,0.0,40.612676422748069,48.672864079299717,732.8662138139487,0.0,0.0,17.590768115262806,20.96718451613429,372.80033316813,44.461170984952577,30.494630305180104,386.8181501638112,460.7893873208716,9258.875740206975,0.0,0.0,65.06251052635418,78.43566286210188,961.0112621347014,0.0,19.08329525947613,42.55567875541148,22.0,30.0,0.0,19.398145398857744,41.57582172797323,12.0,30.0,0.0,19.10734190930166,43.05925488688465,22.0,30.0,0.0,19.189906648560507,42.72816687862511,12.0,30.0,0.0,17.916621353116459,47.47998119944308,12.0,30.0,0.0,20.112248343831813,41.71739966226821,12.0,30.0,0.0,18.46493630427301,44.79608166808234,10.0,30.0,0.0,16.431226836223869,51.57704785607989,12.0,30.0,0.0,18.046090666706804,47.05703624478586,20.0,30.0,0.0,18.217583834490335,0.0,0.0,0.0,14.757832941478668,0.0,0.0,518.2890370545292,511.2862920732433,549.79995065794,546.112540259863,600.910639731027,899.2311669999232,561.4286894343997,594.3068874307694,768.8787652116616,0.0,79.41118864101837,79.41118864101837,60.0,0.0,60.0,60.0,12.0,12.0,12.0,19.0,12.0,12.0,21.0,10.0,0.0,0.0,0.0,0.0,0.0,0.0,0.0,0.0,0.0,0.0,0.0,0.0,0.0,79.41118864101837,79.41118864101837,0.0,0.0,0.0,79.41118864101837,0.0,0.0,0.00174 
 03/20  00:50:00,7.508333333333334,85.0,7.115,0.0,0.0,0.0,0.0,0.0,2.0,2.0,0.0,0.0,0.0,0.0,0.0,675.0,0.0,0.0,0.0,0.0,0.0,0.0,0.0,0.0,0.0,0.0,0.0,19.530436355837709,-218.8986426013189,19.76186137336607,-28.279323246915739,19.432633972909338,-287.31311847435338,19.36203965246201,-10.186846675618654,17.910571976467169,-1.3433876272179646,19.882029580296796,-37.16651850646048,18.401726385375267,10.419098905533247,16.66812081914874,-131.74852779869299,18.097080205737215,-96.55575518932688,561.5974875583306,511.91878615079579,0.0,0.0,0.0,0.0,0.0,0.0,0.0,0.0,0.0,0.0,0.0,0.0,0.0,0.0,0.0,0.0,0.0,0.0,0.0,0.0,0.0,0.0,1.2271057001990838,0.37457438956015989,137.58707403836977,163.08502279578966,3204.5330944690006,0.23590418660988997,0.036004912486246948,80.67156708673406,95.45790126393779,1938.1166884689845,1.1824464479860464,0.2234403718794495,164.50473862315298,194.99152822228298,3825.122892058084,0.25512541014215908,0.04820963910471636,168.48384868386399,199.48175864193903,3959.348014131492,0.0,0.0,7.475862626263492,8.892188950784535,156.60089943665157,0.0,0.0,12.431030012876303,14.676142599690606,312.2537029935101,0.0,0.0,85.91014893905589,102.00989573255969,1889.3384355896297,0.0,0.0,40.79723442643091,48.78730341231949,732.1906565227354,0.0,0.0,17.794863269048255,21.150806949184664,379.8800034383616,44.516688984510789,30.532708494177507,238.39461952073908,283.62976609659509,5950.611090116211,0.0,0.0,65.30686936974904,78.55747160690729,957.6288140751113,0.0,19.010606113724447,42.209037700281587,22.0,30.0,0.0,19.462198687563217,41.789351342006138,12.0,30.0,0.0,19.011318575028697,42.18691303488694,22.0,30.0,0.0,19.20668311610428,43.753037923780208,12.0,30.0,0.0,17.88631287410153,47.11736511568343,12.0,30.0,0.0,20.049775227895596,41.41805063726696,12.0,30.0,0.0,18.425273727485789,44.96599568822181,10.0,30.0,0.0,16.349776725614765,51.56772481120976,12.0,30.0,0.0,18.09247146372935,46.59340991931308,20.0,30.0,0.0,17.960373433745038,0.0,0.0,0.0,14.673121978553559,0.0,0.0,500.91307649333398,526.4480178405638,499.8522291617494,600.1079507364941,587.7927008396182,892.0454469561506,560.8622375436664,588.3873970594499,782.8375333294063,0.0,79.41118864101837,79.41118864101837,60.0,0.0,60.0,60.0,12.0,12.0,12.0,19.0,12.0,12.0,21.0,10.0,0.0,0.0,0.0,0.0,0.0,0.0,0.0,0.0,0.0,0.0,0.0,0.0,0.0,79.41118864101837,79.41118864101837,0.0,0.0,0.0,79.41118864101837,0.0,0.0,0.0017333333333333335 
 03/20  01:00:00,7.48,85.0,7.12,0.0,0.0,0.0,0.0,0.0,2.0,2.0,0.0,0.0,0.0,0.0,0.0,1350.0,0.0,0.0,0.0,0.0,0.0,0.0,0.0,0.0,0.0,0.0,0.0,19.544412589304643,-131.73476328663583,19.634890226122903,-278.91485861057779,19.430295717674306,-148.75071874218248,19.253863141091533,-167.32128395336896,17.88727084071894,-1.9890085551510879,19.83744574031728,-33.630399131276679,18.36133169800283,-7.964506242235984,16.613834741127925,-140.8662759376441,18.10111448777362,-83.40104901290741,610.3675099092816,507.8032780768823,0.0,0.0,0.0,0.0,0.0,0.0,0.0,0.0,0.0,0.0,0.0,0.0,0.0,0.0,0.0,0.0,0.0,0.0,0.0,0.0,0.0,0.0,1.233423621092915,0.37650293684154925,208.21549122906016,247.25240116468195,4898.83221737208,0.21429871423249775,0.03270737396710894,164.61386114505013,195.57867050587209,3881.0119170839509,1.2091607681709916,0.22848842935959785,182.84499965899333,217.0984265980127,4288.817487564297,0.23704687538907655,0.04479343828213841,179.61000498303748,213.33621954768808,4164.540872693924,0.0,0.0,7.085750402449992,8.44666261855527,148.47030318647558,0.0,0.0,12.384631173656928,14.657702356529918,310.7723163488638,0.0,0.0,81.9089890471248,97.49426909072999,1796.704722775226,0.0,0.0,41.83056770493182,50.14893366955012,748.0229880503734,0.0,0.0,15.420687137166905,18.369065574860117,330.6244579304045,44.58498589698914,30.579551369677064,314.5369663966684,374.9946844573058,7640.270446108825,0.0,0.0,63.625551845282107,76.7321756998695,924.6574916743796,0.0,19.134251352312469,42.18003227245646,22.0,30.0,0.0,19.250491597635695,41.54669639590606,12.0,30.0,0.0,19.09872787247823,42.94383888624128,22.0,30.0,0.0,19.02238286271496,42.84852348233861,12.0,30.0,0.0,17.865286621916036,46.988974129959839,12.0,30.0,0.0,20.013140308666548,41.31814389096051,12.0,30.0,0.0,18.371421361680853,44.69211995662243,10.0,30.0,0.0,16.291912914751256,51.49029409641372,12.0,30.0,0.0,18.11590815964188,46.35040805626919,20.0,30.0,0.0,18.05388809751205,0.0,0.0,0.0,14.581706845259245,0.0,0.0,511.87530906871026,497.363651403056,548.863208954923,538.8347036193052,582.0776566648325,888.9735751880603,548.8492172180752,583.8623021599344,794.2579663945508,0.0,79.41118864101837,79.41118864101837,60.0,0.0,60.0,60.0,12.0,12.0,12.0,19.0,12.0,12.0,21.0,10.0,0.0,0.0,0.0,0.0,0.0,0.0,0.0,0.0,0.0,0.0,0.0,0.0,0.0,79.41118864101837,79.41118864101837,0.0,0.0,0.0,79.41118864101837,0.0,0.0,0.0017266666666666666 
 03/20  01:10:00,7.448333333333334,85.00000000000002,7.151666666666667,0.0,0.0,0.0,0.0,0.0,2.0,2.0,0.0,0.0,0.0,0.0,0.0,1350.0,0.0,0.0,0.0,0.0,0.0,0.0,0.0,0.0,0.0,0.0,0.0,19.39049613465749,-121.06358691406285,19.59228028954187,-295.2666332418503,19.310460391730893,-201.71502173015507,19.223335477515229,-167.83396372150083,17.86015777564471,-2.3304869461758388,19.78633306209948,-32.881428355815959,18.325315237723978,-26.17456667169131,16.54550803854754,-149.55128156339743,18.117977750109178,-46.44429668734975,625.0363104531725,477.2562471338291,0.0,0.0,0.0,0.0,0.0,0.0,0.0,0.0,0.0,0.0,0.0,0.0,0.0,0.0,0.0,0.0,0.0,0.0,0.0,0.0,0.0,0.0,1.2293606598717082,0.3752627166885557,266.7390071286369,316.78428664037338,6180.324770600308,0.21126990112169734,0.032245100903799967,215.7105276436763,255.89990863883245,5090.689968094488,1.1753350297410228,0.22209656646655769,213.24028566363149,253.33588716184503,4940.275950618364,0.22860643670204046,0.043198495219584357,210.5566570194258,250.05393258599492,4894.844474278672,0.0,0.0,7.095440990684739,8.462770445125666,148.73232238106807,0.0,0.0,12.286445112452773,14.542813330050454,307.8410201446734,0.0,0.0,76.27746437951575,90.82747466914783,1672.2221560646495,0.0,0.0,42.623800448911129,51.111167215365629,757.7509912061265,0.0,0.0,11.515474649172504,13.717059442220295,248.61759854294417,44.64858104769387,30.623169442862748,397.7690719304816,473.98881208586718,9431.23527002575,0.0,0.0,58.67393532298439,70.79243577337897,841.3815324566044,0.0,18.904264321785399,42.43435824053117,22.0,30.0,0.0,19.245266235364228,41.40786351281072,12.0,30.0,0.0,18.930347061177405,42.9412324432159,22.0,30.0,0.0,19.025607632288599,42.589523973130528,12.0,30.0,0.0,17.83764594754492,46.71345228593119,12.0,30.0,0.0,19.96187169671861,41.12438142947315,12.0,30.0,0.0,18.328939487156189,44.4605972473152,10.0,30.0,0.0,16.207072268040315,51.44201775840807,12.0,30.0,0.0,18.16323820325676,46.003386397850338,20.0,30.0,0.0,18.052193679369056,0.0,0.0,0.0,14.453057101190903,0.0,0.0,501.0343123576293,495.1286459798271,536.138168595162,533.1792042088796,570.1822636102523,883.084952193253,534.3355368864533,574.6652930183029,816.5821878151704,0.0,79.41118864101837,79.41118864101837,60.0,0.0,60.0,60.0,12.0,12.0,12.0,19.0,12.0,12.0,21.0,10.0,0.0,0.0,0.0,0.0,0.0,0.0,0.0,0.0,0.0,0.0,0.0,0.0,0.0,79.41118864101837,79.41118864101837,0.0,0.0,0.0,79.41118864101837,0.0,0.0,0.00172 
 03/20  01:20:00,7.416666666666667,85.0,7.183333333333334,0.0,0.0,0.0,0.0,0.0,2.0,2.0,0.0,0.0,0.0,0.0,0.0,1350.0,0.0,0.0,0.0,0.0,0.0,0.0,0.0,0.0,0.0,0.0,0.0,19.418458949348698,-201.35895883991726,19.414901824721313,-228.57257215487653,19.302326069170584,-234.25799914436448,19.08099942551425,-122.9275450359005,17.831969719001834,-3.0936988382717347,19.73793794813801,-34.41739463080816,18.264007598981828,-8.661407948030046,16.47506423159772,-155.759453183569,18.141458857046545,-34.01989604659113,618.819482307963,468.2225648059921,0.0,0.0,0.0,0.0,0.0,0.0,0.0,0.0,0.0,0.0,0.0,0.0,0.0,0.0,0.0,0.0,0.0,0.0,0.0,0.0,0.0,0.0,1.2142971697359189,0.370664581726471,244.59349416242294,290.4666085525199,5709.037817471277,0.22170624309320098,0.03383794919004899,201.9748357354042,239.98325237625734,4687.799540313026,1.1717433585375586,0.22141786820437626,209.51001548591518,248.75883810292445,4881.777476230155,0.24030288136332929,0.04540870774061398,194.98972972591288,231.64229043317284,4472.200486475332,0.0,0.0,7.403751198346855,8.825942930734622,155.22530881588433,0.0,0.0,12.229544244622194,14.47691224769837,306.06121686026577,0.0,0.0,78.03223542966751,92.90026150560206,1702.065531565537,0.0,0.0,43.51472900523169,52.193130725180669,768.8177660024355,0.0,0.0,11.873801190333144,14.13574990351499,258.3699942247843,44.768829975306918,30.705644701856607,368.7030172700071,439.40107887134055,8789.206266118068,0.0,0.0,57.19377638119609,69.02344054026023,811.6816109779715,0.0,19.013793894833947,41.95468817619265,22.0,30.0,0.0,18.98443449747596,41.74838011357396,12.0,30.0,0.0,18.98338413258873,42.60595841551655,22.0,30.0,0.0,18.81528575758039,42.7946853925384,12.0,30.0,0.0,17.808726100043037,46.51337054630261,12.0,30.0,0.0,19.91525860065237,40.96444794205744,12.0,30.0,0.0,18.24293099019041,44.347606889794977,10.0,30.0,0.0,16.11962328433646,51.32489607608004,12.0,30.0,0.0,18.21715671323757,45.61324456284369,20.0,30.0,0.0,17.98522763078691,0.0,0.0,0.0,14.346928909995328,0.0,0.0,496.7645889281026,484.63208441520319,532.293099274604,522.9509339222341,559.0858980852411,873.3195996617789,519.2349357005687,566.5767662655048,834.2408293130068,0.0,79.41118864101837,79.41118864101837,60.0,0.0,60.0,60.0,12.0,12.0,12.0,19.0,12.0,12.0,21.0,10.0,0.0,0.0,0.0,0.0,0.0,0.0,0.0,0.0,0.0,0.0,0.0,0.0,0.0,79.41118864101837,79.41118864101837,0.0,0.0,0.0,79.41118864101837,0.0,0.0,0.0016966666666666665 
 03/20  01:30:00,7.385,85.0,7.215,0.0,0.0,0.0,0.0,0.0,2.0,2.0,0.0,0.0,0.0,0.0,0.0,1350.0,0.0,0.0,0.0,0.0,0.0,0.0,0.0,0.0,0.0,0.0,0.0,19.23981163222777,-114.02275674697421,19.411671781403503,-274.47783317297219,19.158560605619998,-194.2228241008529,19.08114280379584,-170.96008709429089,17.803198896052629,-3.1437018772518,19.686425202442725,-32.938051362814778,18.228438650965815,-37.27666502629381,16.407951402905675,-157.755447459621,18.153858226963366,-36.50473674866177,600.2791698164328,475.9150156152566,0.0,0.0,0.0,0.0,0.0,0.0,0.0,0.0,0.0,0.0,0.0,0.0,0.0,0.0,0.0,0.0,0.0,0.0,0.0,0.0,0.0,0.0,1.2157123320517414,0.37109656045535457,239.66002916178386,284.7008379366965,5515.655805981454,0.20933830786589786,0.03195029118832385,192.45132148653034,228.40021561514917,4491.538216316655,1.158932102414179,0.21899699592104678,204.25569690138344,242.7375652829454,4697.553789131391,0.22393873251940245,0.042316464950756308,201.2537163370313,239.08926068797968,4640.040664536653,0.0,0.0,7.158438527000032,8.538042216854797,150.12138663181279,0.0,0.0,12.220472711361556,14.467883483866136,305.3407429280142,0.0,0.0,73.42728453191603,87.46028798716947,1601.0762848910086,0.0,0.0,43.963339065096977,52.74047677646789,772.5835437862786,0.0,0.0,14.422914454314683,17.169614291957538,315.5465940571672,44.814383027720257,30.73688822203036,365.03412193988518,435.12348681876628,8654.053248819386,0.0,0.0,57.58034929324869,69.50393361063527,811.7707759738786,0.0,18.752220851065674,42.37971265867685,22.0,30.0,0.0,19.048373870502187,41.43068277367641,12.0,30.0,0.0,18.775908016122338,42.86329341269095,22.0,30.0,0.0,18.866156643495068,42.49808840081462,12.0,30.0,0.0,17.779556893527546,46.25601185508381,12.0,30.0,0.0,19.862715636425727,40.76973028362152,12.0,30.0,0.0,18.204809003853258,44.24304484540355,10.0,30.0,0.0,16.03998385594737,51.31333479173411,12.0,30.0,0.0,18.247612508970624,45.20103517826104,20.0,30.0,0.0,17.883231442589357,0.0,0.0,0.0,14.268242275682248,0.0,0.0,489.30694470166216,480.53619635269049,525.3227363538813,520.2749558761424,547.634562938795,861.623781215985,515.4911393709849,565.7876380665812,826.3342950785452,0.0,79.41118864101837,79.41118864101837,60.0,0.0,60.0,60.0,12.0,12.0,12.0,19.0,12.0,12.0,21.0,10.0,0.0,0.0,0.0,0.0,0.0,0.0,0.0,0.0,0.0,0.0,0.0,0.0,0.0,79.41118864101837,79.41118864101837,0.0,0.0,0.0,79.41118864101837,0.0,0.0,0.0016733333333333336 
 03/20  01:40:00,7.3533333333333339,85.0,7.246666666666666,0.0,0.0,0.0,0.0,0.0,2.0,2.0,0.0,0.0,0.0,0.0,0.0,675.0,0.0,0.0,0.0,0.0,0.0,0.0,0.0,0.0,0.0,0.0,0.0,19.191378307877053,-199.65080774408126,19.400275270333088,-23.978952599119567,19.083044756436448,-270.3916621749886,19.058784951942447,-10.139302949078229,17.771084984771105,-2.8689133957403216,19.630969742855656,-35.1154594034611,18.18143694070222,-10.359467900936125,16.343016273495448,-150.88072475142713,18.15851373128557,-40.22957212235201,522.8215523688568,480.5188338569783,0.0,0.0,0.0,0.0,0.0,0.0,0.0,0.0,0.0,0.0,0.0,0.0,0.0,0.0,0.0,0.0,0.0,0.0,0.0,0.0,0.0,0.0,1.19953134898061,0.3661573104336417,123.91285781903315,146.9713428149389,2852.508071324552,0.2295208479192193,0.03503065444432529,69.92904884532509,82.81838048846839,1654.299922066535,1.155918193591497,0.21842747422363899,153.3996938559961,181.9560280395371,3518.75171310352,0.24694148682083037,0.046663168333490229,155.1607295574314,183.84782138198589,3598.910512069259,0.0,0.0,7.630749759137448,9.078327892994583,160.0246184941845,0.0,0.0,12.252968564918313,14.47476232493836,305.56251440290716,0.0,0.0,79.3538697954743,94.28429395649624,1726.6728194876928,0.0,0.0,44.02279664837765,52.697674699458108,770.1359436437538,0.0,0.0,14.390216084406314,17.08856825702855,316.28437023331318,44.920561805360019,30.80971317240057,214.11382531894973,254.96747859618854,5337.762793020688,0.0,0.0,57.69009098229882,69.48643443038324,809.0359066611884,0.0,18.708496952621819,42.10729189760731,22.0,30.0,0.0,19.113122221585159,41.52653629839237,12.0,30.0,0.0,18.691566052398064,42.146916230053729,22.0,30.0,0.0,18.89366804226929,43.34239014555508,12.0,30.0,0.0,17.74442322025791,46.02565880499447,12.0,30.0,0.0,19.801555861618064,40.55006823941494,12.0,30.0,0.0,18.150990781668157,44.43315192422833,10.0,30.0,0.0,15.964918138306845,51.39997137183343,12.0,30.0,0.0,18.26438136125067,44.81369949988112,20.0,30.0,0.0,17.586345032476144,0.0,0.0,0.0,14.196895655768076,0.0,0.0,478.9621294507007,491.0210911551091,479.6083866105135,571.6488204135195,538.2720573639074,846.4383288315411,516.5728219543081,571.1306141313771,815.8546796544756,0.0,79.41118864101837,79.41118864101837,60.0,0.0,60.0,60.0,12.0,12.0,12.0,19.0,12.0,12.0,21.0,10.0,0.0,0.0,0.0,0.0,0.0,0.0,0.0,0.0,0.0,0.0,0.0,0.0,0.0,79.41118864101837,79.41118864101837,0.0,0.0,0.0,79.41118864101837,0.0,0.0,0.00165 
 03/20  01:50:00,7.321666666666666,85.0,7.278333333333333,0.0,0.0,0.0,0.0,0.0,2.0,2.0,0.0,0.0,0.0,0.0,0.0,1350.0,0.0,0.0,0.0,0.0,0.0,0.0,0.0,0.0,0.0,0.0,0.0,19.199210835944887,-129.16784840065839,19.281894435570075,-266.9014514156395,19.08400619857246,-141.60711626931608,18.952884755841319,-173.5886701125105,17.744356284093869,-3.4490272581383865,19.58753824127343,-32.760577699778199,18.137778614525815,-24.742809164143638,16.289889496053179,-157.97776648428818,18.153980227963947,-42.20212360186383,586.3061314496954,490.2015120050255,0.0,0.0,0.0,0.0,0.0,0.0,0.0,0.0,0.0,0.0,0.0,0.0,0.0,0.0,0.0,0.0,0.0,0.0,0.0,0.0,0.0,0.0,1.2053899419110948,0.3679456477140094,194.8587743353229,231.55209418955699,4521.650055015327,0.2115676844389358,0.03229055012804271,152.78652673890154,181.65455235599894,3549.7810496547965,1.1849177104067248,0.22390735268456636,175.46616297115762,208.49048895203783,4059.842774559062,0.23186080061536264,0.043813454386878798,172.07916930659509,204.53587237712999,3937.5802962273335,0.0,0.0,7.331208163863711,8.740823282921177,153.79754039081213,0.0,0.0,12.197766472337595,14.443905180184573,303.95943582674127,0.0,0.0,76.10471303741947,90.6302785544126,1652.3554399123437,0.0,0.0,44.73237758801535,53.67716792163367,780.3814514689314,0.0,0.0,15.572339312086209,18.53416872722051,343.12004262061546,45.072178260360988,30.913702510535665,295.79432463887317,352.90569377111935,7132.872531756557,0.0,0.0,58.41363861429949,70.52833987514153,815.5047210542045,0.0,18.808596495276534,42.00835522375694,22.0,30.0,0.0,18.91321757200921,41.43627675359567,12.0,30.0,0.0,18.774727623507738,42.73035459988837,22.0,30.0,0.0,18.707954534848793,42.61719050450312,12.0,30.0,0.0,17.72068194247279,45.9553110810741,12.0,30.0,0.0,19.7648827698141,40.48674127496538,12.0,30.0,0.0,18.098148088286153,44.27822169240622,10.0,30.0,0.0,15.911796980504157,51.370999419987878,12.0,30.0,0.0,18.26517605330953,44.651097693727709,20.0,30.0,0.0,17.71472140657835,0.0,0.0,0.0,14.13607197220613,0.0,0.0,483.92554880194776,470.34246039363907,524.1038421554142,511.8225932791339,534.7348444112737,838.9864891108475,512.434101604495,571.626003913731,807.165076562525,0.0,79.41118864101837,79.41118864101837,60.0,0.0,60.0,60.0,12.0,12.0,12.0,19.0,12.0,12.0,21.0,10.0,0.0,0.0,0.0,0.0,0.0,0.0,0.0,0.0,0.0,0.0,0.0,0.0,0.0,79.41118864101837,79.41118864101837,0.0,0.0,0.0,79.41118864101837,0.0,0.0,0.0016333333333333335 
 03/20  02:00:00,7.29,85.0,7.31,0.0,0.0,0.0,0.0,0.0,2.0,2.0,0.0,0.0,0.0,0.0,0.0,675.0,0.0,0.0,0.0,0.0,0.0,0.0,0.0,0.0,0.0,0.0,0.0,19.236373034953809,-23.710352507396239,19.132807437914289,-374.28934328356538,19.098820252549634,-57.91323039882354,18.85857425010871,-205.06827795142727,17.710388835909677,-3.5184373499427865,19.533780329991357,-30.611696161064857,18.074457757050206,-40.97797111495538,16.22501307082811,-155.33366526436567,18.14499618303166,-43.32578320015534,548.1151021720707,498.37057447975647,0.0,0.0,0.0,0.0,0.0,0.0,0.0,0.0,0.0,0.0,0.0,0.0,0.0,0.0,0.0,0.0,0.0,0.0,0.0,0.0,0.0,0.0,1.2053572969261753,0.3679356828223978,211.05420116321398,250.0486666459683,4966.303244532599,0.20275875891252155,0.030946086525110128,177.62896354021269,210.67575029743549,4069.4930931639839,1.174338723495642,0.2219082999802801,116.45543641889441,137.98050944274227,2732.4904919204489,0.219310327230751,0.04144186077678589,109.82208682018124,130.30091880704925,2494.9970360152399,0.0,0.0,6.949696905528968,8.26844552874367,145.76656350285556,0.0,0.0,12.17980570386574,14.390899199910088,302.99743868962829,0.0,0.0,71.55178453209985,85.04691250016714,1545.7628622420226,0.0,0.0,44.98079122905976,53.85974721842146,781.0617004034276,0.0,0.0,16.283576390385567,19.33438502490949,359.71615517247576,45.1385523616518,30.95922658549507,240.28468331363119,286.0924939669203,5894.854168072545,0.0,0.0,58.65404614872767,70.66254442179353,815.9284102984842,0.0,18.955462284023488,41.633418058021437,22.0,30.0,0.0,18.689333751368499,41.542667006930738,12.0,30.0,0.0,18.867931732080373,42.939332412649537,22.0,30.0,0.0,18.580097982605716,41.8872245590752,12.0,30.0,0.0,17.6831614417366,45.86571147971957,12.0,30.0,0.0,19.70685619466301,40.4000705646968,12.0,30.0,0.0,18.007634722004619,44.22547383967549,10.0,30.0,0.0,15.83584430646644,51.42572828011696,12.0,30.0,0.0,18.259052536496485,44.43305645432271,20.0,30.0,0.0,17.54710026026843,0.0,0.0,0.0,14.076924004160857,0.0,0.0,483.4002785565678,456.084869492895,554.1613819268852,459.1848997833461,530.4176078503488,827.8206503894808,509.41472169444008,572.0409015520323,793.492419763752,0.0,79.41118864101837,79.41118864101837,60.0,0.0,60.0,60.0,12.0,12.0,12.0,19.0,12.0,12.0,21.0,10.0,0.0,0.0,0.0,0.0,0.0,0.0,0.0,0.0,0.0,0.0,0.0,0.0,0.0,79.41118864101837,79.41118864101837,0.0,0.0,0.0,79.41118864101837,0.0,0.0,0.0016166666666666665 
 03/20  02:10:00,7.1850000000000009,85.16666666666667,7.368333333333333,0.0,0.0,0.0,0.0,0.0,2.0,2.0,0.0,0.0,0.0,0.0,0.0,2025.0,0.0,0.0,0.0,0.0,0.0,0.0,0.0,0.0,0.0,0.0,0.0,19.096125783914677,-161.79343372154487,19.12831975332991,-80.98282696072727,18.97616722367323,-301.0732500131754,18.86366385953146,-25.768960558222564,17.683723374975079,-3.817726999677963,19.488745045953196,-35.40373382078462,18.05191304720851,-22.324888216030258,16.174900629767686,-160.83154198444255,18.13268473532392,-48.02526811274738,487.26605375923739,498.71531673665626,0.0,0.0,0.0,0.0,0.0,0.0,0.0,0.0,0.0,0.0,0.0,0.0,0.0,0.0,0.0,0.0,0.0,0.0,0.0,0.0,0.0,0.0,1.2099553295008088,0.3693392336693556,145.6476082174947,173.41152971529199,3386.514952740145,0.2314846100345505,0.03533037393689721,97.31228575839066,115.87469207840805,2266.749577521046,1.1576978509282723,0.2187637662373909,141.4837921703307,168.34965929660465,3284.6852331918955,0.23876129767533287,0.04511740318883839,129.09046415538658,153.63358608326997,2979.9833243778969,0.0,0.0,7.682728675731069,9.168628804002195,162.327832861754,0.0,0.0,12.213640337629898,14.474930453338203,305.31485439181497,0.0,0.0,77.64468169218134,92.56059938212845,1691.9560918013268,0.0,0.0,45.24045001350997,54.33651234582334,790.60039965025,0.0,0.0,17.027258935448246,20.27737429413075,379.1620643088121,45.3896386003274,31.131439369223189,203.93424404982799,243.8826253016831,5132.751428652604,0.0,0.0,58.998023024974447,71.30014192945629,825.308298036454,0.0,18.708042851686039,42.00557198164721,22.0,30.0,0.0,18.785388532104816,41.542150201476449,12.0,30.0,0.0,18.669274025609594,42.22042369369923,22.0,30.0,0.0,18.667094375914969,42.651370589146569,12.0,30.0,0.0,17.660834498947865,45.77243724660152,12.0,30.0,0.0,19.66891473084909,40.33438263733892,12.0,30.0,0.0,18.00212263262485,44.20993912087637,10.0,30.0,0.0,15.790028758465855,51.46958104678892,12.0,30.0,0.0,18.249174337053366,44.29530336935997,20.0,30.0,0.0,17.274294775959988,0.0,0.0,0.0,14.01311146506211,0.0,0.0,482.34579922641788,466.2591865208811,494.58405589659727,515.4736162558774,527.9000188999669,822.4160744907496,508.64943682714718,577.663563598592,784.8645517184162,0.0,79.41118864101837,79.41118864101837,60.0,0.0,60.0,60.0,12.0,12.0,12.0,19.0,12.0,12.0,21.0,10.0,0.0,0.0,0.0,0.0,0.0,0.0,0.0,0.0,0.0,0.0,0.0,0.0,0.0,79.41118864101837,79.41118864101837,0.0,0.0,0.0,79.41118864101837,0.0,0.0,0.0016 
 03/20  02:20:00,7.08,85.33333333333334,7.426666666666668,0.0,0.0,0.0,0.0,0.0,2.0,2.0,0.0,0.0,0.0,0.0,0.0,2025.0,0.0,0.0,0.0,0.0,0.0,0.0,0.0,0.0,0.0,0.0,0.0,19.017566853568654,-168.833361431905,19.024010894657189,-317.8233360568294,18.81758887615848,-229.9622018473062,18.827909703770908,-127.7964329667752,17.651899300249935,-3.833402010542195,19.435856277827445,-35.14514341576463,17.989110143795437,-49.22538383227719,16.113664636342933,-162.98719926992727,18.11594647722441,-49.51094713442002,584.3147954484006,501.97787340132137,0.0,0.0,0.0,0.0,0.0,0.0,0.0,0.0,0.0,0.0,0.0,0.0,0.0,0.0,0.0,0.0,0.0,0.0,0.0,0.0,0.0,0.0,1.21284150992108,0.3702202411236507,324.02840370790917,385.6061859157985,7545.291200059501,0.20754447309996583,0.03167650688338916,175.08161885632354,208.37078364219964,4056.134220606368,1.1716130291432936,0.22139324057885369,268.9447080953919,320.47458322363738,6137.629840898688,0.2256441597775263,0.042638730116690507,134.17716230986415,159.78461357182489,3115.816743430215,0.0,0.0,7.197463896056389,8.587820735685153,153.11394994495692,0.0,0.0,12.749553105486001,15.11064905492625,320.0440299931394,0.0,0.0,71.13932246919,84.80297331003136,1552.8267467787046,0.0,0.0,45.42967135783545,54.56771573849852,797.3769918937946,0.0,0.0,19.31883991695522,23.004589300019199,433.5650611625423,45.55529059582778,31.24505527834553,407.0861508018194,486.4223614929501,9541.525792681581,0.0,0.0,59.11996500386242,71.45145317915589,831.8838488467026,0.0,18.617248340166748,41.91400641782979,21.999999999999994,29.99999999999999,0.0,18.629465738830949,41.69486502177578,11.999999999999995,29.99999999999999,0.0,18.432651677541388,42.47339205309733,21.999999999999994,29.99999999999999,0.0,18.630241341785248,41.943201071164867,11.999999999999995,29.99999999999999,0.0,17.62877210598639,45.64959493709068,11.999999999999995,29.99999999999999,0.0,19.61638479313641,40.210509507168307,11.999999999999995,29.99999999999999,0.0,17.913477691702757,44.12377220912795,9.999999999999997,29.99999999999999,0.0,15.722460415359647,51.39498799142976,11.999999999999995,29.99999999999999,0.0,18.232708814473896,44.06102509629373,19.999999999999994,29.99999999999999,0.0,17.45915553067001,0.0,0.0,0.0,13.948334977460036,0.0,0.0,477.29889652366708,470.77998097615446,483.7874328284788,483.06061966810565,526.0997317352276,811.014399493366,510.2769968745512,580.8939059029358,769.1289984499808,0.0,79.41118864101833,79.41118864101833,59.99999999999998,0.0,59.99999999999998,59.99999999999998,12.0,12.0,12.0,19.0,12.0,12.0,21.0,10.0,0.0,0.0,0.0,0.0,0.0,0.0,0.0,0.0,0.0,0.0,0.0,0.0,0.0,79.41118864101833,79.41118864101833,0.0,0.0,0.0,79.41118864101833,0.0,0.0,0.0015966666666666669 
 03/20  02:30:00,6.975,85.5,7.484999999999999,0.0,0.0,0.0,0.0,0.0,2.0,2.0,0.0,0.0,0.0,0.0,0.0,1350.0,0.0,0.0,0.0,0.0,0.0,0.0,0.0,0.0,0.0,0.0,0.0,18.927879109618137,-112.06225754156276,18.97781047300556,-230.59658755862803,18.803849437598115,-266.5979247443106,18.741435511071736,-117.80019199164508,17.618166931263525,-3.8829571092388308,19.379362627884235,-35.907210999030329,17.941091326476795,-40.572608606055158,16.05424853142257,-160.41785160151245,18.096905628745455,-50.1041829131039,569.1773376946526,507.6037444302482,0.0,0.0,0.0,0.0,0.0,0.0,0.0,0.0,0.0,0.0,0.0,0.0,0.0,0.0,0.0,0.0,0.0,0.0,0.0,0.0,0.0,0.0,1.2253412128595043,0.37403577926114298,191.149312915059,227.0455013477586,4469.199549911263,0.21871099873902573,0.03338079956334337,85.65773946310418,101.61522716629091,1994.8117211553952,1.1887925742274024,0.22463956429089247,210.74877415659257,250.54905265256122,4892.513579738839,0.23253289679721143,0.04394045668881545,122.16184883956618,145.22441294100637,2834.4708150597409,0.0,0.0,7.329676506193113,8.739914548404684,156.96346895256915,0.0,0.0,12.881960905511331,15.256064767161586,324.57412900959846,0.0,0.0,73.18153615996086,87.18824334688444,1605.3234790823004,0.0,0.0,45.484047567689447,54.59449948797147,802.2455133131871,0.0,0.0,19.613592742588929,23.333848095286,443.5356010799813,45.826435940529737,31.431026022311209,263.4556643968498,314.2907572866344,6461.2809539193299,0.0,0.0,59.25952302204213,71.5708786143359,838.8655589664877,0.0,18.51764113091196,41.88715845240266,22.0,30.0,0.0,18.62638609112824,41.56869626945405,12.0,30.0,0.0,18.476461908408987,42.16250559865925,22.0,30.0,0.0,18.515786795625816,41.94745367302892,12.0,30.0,0.0,17.593391743469029,45.51956014594583,12.0,30.0,0.0,19.55689644989613,40.11901061382692,12.0,30.0,0.0,17.86222298361016,44.10472514138547,10.0,30.0,0.0,15.658658243794497,51.43036374824034,12.0,30.0,0.0,18.213129174923219,43.85587697889933,20.0,30.0,0.0,17.327832903593405,0.0,0.0,0.0,13.883911167449537,0.0,0.0,470.97408795792878,469.8054170893199,479.3296728161821,472.67655274491508,524.4116259276405,801.5442504493016,509.0106926102047,585.8772538300666,755.9617875983852,0.0,79.41118864101837,79.41118864101837,60.0,0.0,60.0,60.0,12.0,12.0,12.0,19.0,12.0,12.0,21.0,10.0,0.0,0.0,0.0,0.0,0.0,0.0,0.0,0.0,0.0,0.0,0.0,0.0,0.0,79.41118864101837,79.41118864101837,0.0,0.0,0.0,79.41118864101837,0.0,0.0,0.0015933333333333336 
 03/20  02:40:00,6.869999999999999,85.66666666666666,7.543333333333333,0.0,0.0,0.0,0.0,0.0,2.0,2.0,0.0,0.0,0.0,0.0,0.0,1350.0,0.0,0.0,0.0,0.0,0.0,0.0,0.0,0.0,0.0,0.0,0.0,18.847999808325349,-236.17783703449369,18.842085704250985,-207.43663309458695,18.652710223130055,-164.87574559308193,18.70001340306387,-192.58929851846325,17.58514622760093,-4.0743827045124469,19.324896301880018,-37.824495250259378,17.883435903849326,-38.50895870523507,15.99452322854302,-165.155169048931,18.07594775458007,-53.88635439936759,649.1440649576582,510.3879173607991,0.0,0.0,0.0,0.0,0.0,0.0,0.0,0.0,0.0,0.0,0.0,0.0,0.0,0.0,0.0,0.0,0.0,0.0,0.0,0.0,0.0,0.0,1.234675391124156,0.3768850400256888,351.93978684859226,418.4258692916777,8181.315459305897,0.21835107851624664,0.033325866684408848,178.71142281097122,212.59430632533288,4145.762399734842,1.2165600545369964,0.22988663162074775,338.74090012730206,402.78284844687075,7792.797795692359,0.22835278636212334,0.04315056431634984,187.3526824627608,222.6246772613389,4363.948074356276,0.0,0.0,7.516100388475269,8.959077595495043,162.01677891174647,0.0,0.0,13.078476202931585,15.49020815910968,330.83129917404008,0.0,0.0,73.41369852124723,87.44838925343726,1615.3220300205917,0.0,0.0,45.89257190516216,55.088108085727828,813.1672433823854,0.0,0.0,21.010822717264266,24.99671042242775,478.5656584861217,46.04524012929956,31.58109748237283,486.68848712208429,580.3857577907261,11405.783579712763,0.0,0.0,59.67630016502349,72.07878777493056,849.1263539271216,0.0,18.41461870801372,41.984929206152987,22.000000000000008,30.00000000000001,0.0,18.436019330204066,41.97798905579524,12.000000000000004,30.00000000000001,0.0,18.258475109467704,42.51103997264762,22.000000000000008,30.00000000000001,0.0,18.484852945997014,41.842827497363519,12.000000000000004,30.00000000000001,0.0,17.55992290343795,45.383049238140589,12.000000000000004,30.00000000000001,0.0,19.501760335127039,40.03513719829765,12.000000000000004,30.00000000000001,0.0,17.78791899964304,44.07282001332301,10.000000000000004,30.00000000000001,0.0,15.593535636664104,51.2707145053282,12.000000000000004,30.00000000000001,0.0,18.19087313474466,43.63637058381181,20.000000000000008,30.00000000000001,0.0,17.512780001929945,0.0,0.0,0.0,13.814459278433596,0.0,0.0,468.2625942968329,471.2329741254349,474.7707573995158,469.6228525183933,522.7809103976877,792.8610635638767,508.88697209121286,586.0515300344846,743.3453006045193,0.0,79.4111886410184,79.4111886410184,60.00000000000002,0.0,60.00000000000002,60.00000000000002,12.0,12.0,12.0,19.0,12.0,12.0,21.0,10.0,0.0,0.0,0.0,0.0,0.0,0.0,0.0,0.0,0.0,0.0,0.0,0.0,0.0,79.4111886410184,79.4111886410184,0.0,0.0,0.0,79.4111886410184,0.0,0.0,0.00159 
 03/20  02:50:00,6.765000000000001,85.83333333333334,7.601666666666667,0.0,0.0,0.0,0.0,0.0,2.0,2.0,0.0,0.0,0.0,0.0,0.0,1350.0,0.0,0.0,0.0,0.0,0.0,0.0,0.0,0.0,0.0,0.0,0.0,18.668678913654945,-99.61174507094165,18.835533911085187,-257.9885657924581,18.660641588775414,-292.07945457409826,18.556140154327879,-124.0062844648819,17.55136184266176,-4.049037245161756,19.268036194255079,-38.222747871808739,17.842936965298884,-60.266479981163687,15.93496673962356,-165.2705399669395,18.05250029355637,-55.448358169897577,631.9580841427551,512.3649262189864,0.0,0.0,0.0,0.0,0.0,0.0,0.0,0.0,0.0,0.0,0.0,0.0,0.0,0.0,0.0,0.0,0.0,0.0,0.0,0.0,0.0,0.0,1.2464517059519807,0.38047976372160588,335.09012656048528,398.3972647350171,7741.51308323671,0.21416699210750812,0.03268726985767829,172.12120244870125,204.38150622087796,4036.4275430240179,1.1723053581364993,0.22152406616335974,311.84209130615667,370.7432299387463,7256.561454626364,0.22974280498544254,0.043413228455299029,167.2340790941452,198.89219097703495,3870.399959044982,0.0,0.0,7.236913968912984,8.629954133534716,157.0225018909112,0.0,0.0,13.41228151626975,15.885201921876057,340.49618620880508,0.0,0.0,69.16701221713022,82.42573298955597,1531.3401123327165,0.0,0.0,45.69023369890442,54.85040102213252,813.395487810171,0.0,0.0,22.49919621088728,26.763115261919056,515.995736790707,46.23936365197979,31.714241187914817,452.8035615798395,539.9705410132052,10669.185755548446,0.0,0.0,59.447010074224788,71.81120147698948,849.8596783982018,0.0,18.165997191104777,42.52078759443117,22.0,30.0,0.0,18.490922136206117,41.68957148743014,12.0,30.0,0.0,18.330219889790024,42.12152681081483,22.0,30.0,0.0,18.276148083032909,42.206395555056968,12.0,30.0,0.0,17.52543963733195,45.22122897574173,12.0,30.0,0.0,19.442501618274674,39.96965807007439,12.0,30.0,0.0,17.74846746051266,44.027475214631909,10.0,30.0,0.0,15.52937647944362,51.203654882974529,12.0,30.0,0.0,18.165326490085407,43.427188057001817,20.0,30.0,0.0,17.388435384931534,0.0,0.0,0.0,13.742109024077033,0.0,0.0,467.5751966418943,469.5820368024323,471.9114073720774,466.86593964722399,521.1274176348401,786.5258880679047,510.8997726012583,587.7585415179001,731.811133488648,0.0,79.41118864101837,79.41118864101837,60.0,0.0,60.0,60.0,12.0,12.0,12.0,19.0,12.0,12.0,21.0,10.0,0.0,0.0,0.0,0.0,0.0,0.0,0.0,0.0,0.0,0.0,0.0,0.0,0.0,79.41118864101837,79.41118864101837,0.0,0.0,0.0,79.41118864101837,0.0,0.0,0.0015833333333333336 
 03/20  03:00:00,6.66,86.0,7.66,0.0,0.0,0.0,0.0,0.0,2.0,2.0,0.0,0.0,0.0,0.0,0.0,1350.0,0.0,0.0,0.0,0.0,0.0,0.0,0.0,0.0,0.0,0.0,0.0,18.68588942112494,-232.14561236059672,18.68484163427977,-206.50581079781979,18.499317755502497,-162.91248576883573,18.54376415623573,-186.7208997896223,17.517633338808488,-4.363825104776112,19.213315574991886,-39.663896931904819,17.774906423586374,-41.88035594443818,15.876199996080834,-167.6949959039972,18.028463618742764,-58.14784894002412,648.556802894348,518.6551897794575,0.0,0.0,0.0,0.0,0.0,0.0,0.0,0.0,0.0,0.0,0.0,0.0,0.0,0.0,0.0,0.0,0.0,0.0,0.0,0.0,0.0,0.0,1.2492364290902556,0.3813298013096018,348.052674543926,413.89521858698938,8116.859165035101,0.22186189512601763,0.03386170560531405,178.1499437687009,211.96784954372584,4151.5605854597329,1.2354670045803902,0.2334593735034752,332.14461763976,395.012297297942,7676.559207832339,0.23185479825751413,0.04381232015448111,183.9094609778399,218.5873108263894,4295.204454482957,0.0,0.0,7.529515752364324,8.974349712998725,164.42397946343477,0.0,0.0,13.445280638286884,15.9255116657683,342.68100051161277,0.0,0.0,73.12268206101416,87.1126627415992,1620.897141721543,0.0,0.0,46.22068999445676,55.48880144184084,826.7911943780384,0.0,0.0,22.660146168265915,26.95474456770416,523.2406474739626,46.47785033453486,31.877812300778375,479.2125262738355,571.5786964524493,11311.963289232943,0.0,0.0,60.05951594548769,72.55359253397967,863.1456346719103,0.0,18.243598543013055,42.09929228299993,22.0,30.0,0.0,18.275285357435494,41.978077249531498,12.0,30.0,0.0,18.095484251940318,42.558238302491947,22.0,30.0,0.0,18.30271194491401,42.01567578755154,12.0,30.0,0.0,17.4914869250331,45.129992155750027,12.0,30.0,0.0,19.387558047780268,39.9347041638038,12.0,30.0,0.0,17.658968176932399,44.03617248134039,10.0,30.0,0.0,15.466564191606594,51.151101596895049,12.0,30.0,0.0,18.139681559101605,43.26006205138313,20.0,30.0,0.0,17.35477246097568,0.0,0.0,0.0,13.67377497323605,0.0,0.0,464.7982038832786,465.21254523324469,469.8928794161949,466.65815607780317,520.2604628346435,779.7178904867687,507.47846689018516,587.2350079504231,722.8288473472015,0.0,79.41118864101837,79.41118864101837,60.0,0.0,60.0,60.0,12.0,12.0,12.0,19.0,12.0,12.0,21.0,10.0,0.0,0.0,0.0,0.0,0.0,0.0,0.0,0.0,0.0,0.0,0.0,0.0,0.0,79.41118864101837,79.41118864101837,0.0,0.0,0.0,79.41118864101837,0.0,0.0,0.0015766666666666666 
 03/20  03:10:00,6.658333333333334,86.16666666666667,7.713333333333334,0.0,0.0,0.0,0.0,0.0,2.0,2.0,0.0,0.0,0.0,0.0,0.0,1350.0,0.0,0.0,0.0,0.0,0.0,0.0,0.0,0.0,0.0,0.0,0.0,18.515104344706438,-98.13157742674594,18.683542037993463,-252.96740596336509,18.512405775317068,-287.05319157437045,18.41222477329984,-125.37079903060749,17.48302773430068,-4.190687401581897,19.15830485934894,-39.74569261878247,17.736631741391446,-64.35060778931188,15.818140356340079,-167.88850292090354,18.003038126837248,-59.762471242193218,629.2218002235959,520.5624924354952,0.0,0.0,0.0,0.0,0.0,0.0,0.0,0.0,0.0,0.0,0.0,0.0,0.0,0.0,0.0,0.0,0.0,0.0,0.0,0.0,0.0,0.0,1.2428936165634275,0.37939365584964215,342.81136118623456,407.699461070889,7881.399229496477,0.21338821847518758,0.032568409413184919,176.8896060410852,210.10024254464009,4133.419156779616,1.1705195753416318,0.22118661665563725,323.7452793522302,384.98780182329508,7504.750021380636,0.22876845746145825,0.04322911138727478,175.40025914504884,208.66396955271484,4039.566910849295,0.0,0.0,7.168477704676682,8.547950521409775,156.0585612262993,0.0,0.0,13.719734277623854,16.250815425814716,348.11322330748046,0.0,0.0,68.17770410705536,81.25694781397677,1507.162748619539,0.0,0.0,45.952835258334889,55.1728789428397,816.3713948388196,0.0,0.0,24.030748997103499,28.58226124476385,553.5502814347643,46.519372222135888,31.906290961684435,469.3821277337035,559.8659777521934,11001.44287392357,0.0,0.0,59.686167362434648,72.11431937275217,848.9484293638126,0.0,18.007895078067564,42.61372474419864,22.0,30.0,0.0,18.336199256431738,41.72505245346524,12.0,30.0,0.0,18.175672967118698,42.16895860885985,22.0,30.0,0.0,18.11312385130636,42.315806343886738,12.0,30.0,0.0,17.456333105525589,44.9766404950825,12.0,30.0,0.0,19.32878097560849,39.86327082430975,12.0,30.0,0.0,17.624486665459714,44.026021746826518,10.0,30.0,0.0,15.403928977283464,51.13569353627726,12.0,30.0,0.0,18.111208008250487,43.09694545774467,20.0,30.0,0.0,17.255923936506993,0.0,0.0,0.0,13.598983730219452,0.0,0.0,464.1859427611171,465.1058397699994,467.7567035924643,463.6402048582312,518.4334721380672,774.2807000552657,509.7145737345928,587.1554775459476,714.5126496062508,0.0,79.41118864101837,79.41118864101837,60.0,0.0,60.0,60.0,12.0,12.0,12.0,19.0,12.0,12.0,21.0,10.0,0.0,0.0,0.0,0.0,0.0,0.0,0.0,0.0,0.0,0.0,0.0,0.0,0.0,79.41118864101837,79.41118864101837,0.0,0.0,0.0,79.41118864101837,0.0,0.0,0.00157 
 03/20  03:20:00,6.656666666666667,86.33333333333334,7.7666666666666679,0.0,0.0,0.0,0.0,0.0,2.0,2.0,0.0,0.0,0.0,0.0,0.0,1350.0,0.0,0.0,0.0,0.0,0.0,0.0,0.0,0.0,0.0,0.0,0.0,18.541359074702926,-228.02184524243695,18.54171394253115,-201.81978997068019,18.359185406676283,-160.94090255857555,18.41076985888799,-183.6619994615653,17.448800442505907,-4.519265731240623,19.10619826748365,-40.829448509604109,17.669821141028736,-46.623507103067598,15.760867574122195,-170.3062493497356,17.97751967208812,-62.230378263024537,635.4902268664664,526.3313716856433,0.0,0.0,0.0,0.0,0.0,0.0,0.0,0.0,0.0,0.0,0.0,0.0,0.0,0.0,0.0,0.0,0.0,0.0,0.0,0.0,0.0,0.0,1.2272144930888969,0.37460759862298445,350.9292099802485,417.40151300689078,8088.127592459875,0.2172006068887516,0.0331502757766715,179.95843351152826,214.16537368915278,4143.726934495103,1.211828139046889,0.2289924676959353,335.32396762529967,398.8886018790916,7655.472522744733,0.2275216274844708,0.042993504815659628,185.42484765421436,220.43567601229985,4278.901986060584,0.0,0.0,7.4667218436211579,8.899097644508306,162.04446370400007,0.0,0.0,13.709975061675,16.240649265347576,346.4653385534399,0.0,0.0,72.21102504962471,86.03707245074532,1583.7525368137686,0.0,0.0,46.45768981944722,55.78161965285406,819.7468649167364,0.0,0.0,24.117068585791963,28.6854311035169,554.2302098396376,46.61346510120339,31.97082654403526,484.08833902829738,577.4954444173409,11288.972948965078,0.0,0.0,60.20867301651741,72.74927141001831,848.3460620748335,0.0,18.101189313202924,42.17043911574142,22.0,30.0,0.0,18.13283694966222,42.002883025102139,12.0,30.0,0.0,17.95435972599421,42.604054325913597,22.0,30.0,0.0,18.157382710233255,42.114314348712827,12.0,30.0,0.0,17.422260517988279,44.9151359490198,12.0,30.0,0.0,19.27573919710398,39.85250231663016,12.0,30.0,0.0,17.53815163085092,44.01168829508937,10.0,30.0,0.0,15.342659305452067,51.09854402006417,12.0,30.0,0.0,18.083365061294005,42.97922761524555,20.0,30.0,0.0,17.228242338869415,0.0,0.0,0.0,13.531398531650734,0.0,0.0,461.4846382747635,460.59786222743426,465.93306888583836,463.8488003958655,517.6733673538328,769.0579148615019,505.47295126489186,586.1279955151354,708.0697486315124,0.0,79.41118864101837,79.41118864101837,60.0,0.0,60.0,60.0,12.0,12.0,12.0,19.0,12.0,12.0,21.0,10.0,0.0,0.0,0.0,0.0,0.0,0.0,0.0,0.0,0.0,0.0,0.0,0.0,0.0,79.41118864101837,79.41118864101837,0.0,0.0,0.0,79.41118864101837,0.0,0.0,0.0015466666666666665 
 03/20  03:30:00,6.655,86.5,7.82,0.0,0.0,0.0,0.0,0.0,2.0,2.0,0.0,0.0,0.0,0.0,0.0,1350.0,0.0,0.0,0.0,0.0,0.0,0.0,0.0,0.0,0.0,0.0,0.0,18.376589612414887,-97.05877188878003,18.54365096109195,-246.79249460388497,18.376302317098209,-281.29212552732499,18.285837055105604,-126.00832096772092,17.413655183313418,-4.261645612187266,19.052349806881514,-40.8062253590592,17.633304656072626,-67.22383711537555,15.7035749765179,-170.31304545794434,17.950281183361996,-63.86975614007787,617.9909769971009,528.3736536179213,0.0,0.0,0.0,0.0,0.0,0.0,0.0,0.0,0.0,0.0,0.0,0.0,0.0,0.0,0.0,0.0,0.0,0.0,0.0,0.0,0.0,0.0,1.2223601686434654,0.37312581460423246,340.59434966054678,405.1349694421563,7740.145992228325,0.20985485582576914,0.03202912939953742,175.90591014174619,208.97077999476393,4064.096395739766,1.1511216062654879,0.2175210896193288,323.52494162552218,384.7917003737052,7415.499397663771,0.22457488037033097,0.04243667429522504,176.23244998937663,209.69277304116504,4012.3287843619457,0.0,0.0,7.181638581048737,8.563093281779772,155.37172139677689,0.0,0.0,13.94024185798241,16.513568808692975,350.74740115449256,0.0,0.0,67.74880316538969,80.75419696617178,1482.2404198321397,0.0,0.0,46.23547362936735,55.519996469172898,810.2854174722272,0.0,0.0,25.305106139721909,30.095846880682339,580.0371239239082,46.664330410856027,32.00571358769275,468.0229313163584,558.3215113813262,10853.646877848052,0.0,0.0,59.89236761519455,72.37743772260976,835.6488590598215,0.0,17.873963836726433,42.69118461532105,22.0,30.0,0.0,18.19815414542506,41.79783860157016,12.0,30.0,0.0,18.041307167755428,42.24055627109318,22.0,30.0,0.0,17.978533462538473,42.396491367533609,12.0,30.0,0.0,17.386838146293678,44.77485149978398,12.0,30.0,0.0,19.21885426830852,39.78594630945658,12.0,30.0,0.0,17.50754135470889,44.03021017182574,10.0,30.0,0.0,15.281380971089114,51.10329777348318,12.0,30.0,0.0,18.05312810797615,42.85128099634987,20.0,30.0,0.0,17.134599030570326,0.0,0.0,0.0,13.461841009750819,0.0,0.0,461.0788284905735,461.3908444816442,464.2823085672318,460.5743053310225,515.5649109628039,764.626041476112,507.7163048699549,585.5380230614476,701.6372285671874,0.0,79.41118864101837,79.41118864101837,60.0,0.0,60.0,60.0,12.0,12.0,12.0,19.0,12.0,12.0,21.0,10.0,0.0,0.0,0.0,0.0,0.0,0.0,0.0,0.0,0.0,0.0,0.0,0.0,0.0,79.41118864101837,79.41118864101837,0.0,0.0,0.0,79.41118864101837,0.0,0.0,0.0015233333333333334 
 03/20  03:40:00,6.653333333333334,86.66666666666667,7.873333333333334,0.0,0.0,0.0,0.0,0.0,2.0,2.0,0.0,0.0,0.0,0.0,0.0,1350.0,0.0,0.0,0.0,0.0,0.0,0.0,0.0,0.0,0.0,0.0,0.0,18.405032336466378,-223.74962752474404,18.406466293617706,-198.76833328495423,18.227829624295276,-159.85859470827746,18.28817280309663,-182.188093825549,17.378889227945185,-4.65293864173664,19.001167497512058,-41.723593867733,17.56801578655238,-49.923493402685839,15.647217386110477,-172.38207154343957,17.923009146323137,-66.11393976283296,624.0908741037456,533.7007752318795,0.0,0.0,0.0,0.0,0.0,0.0,0.0,0.0,0.0,0.0,0.0,0.0,0.0,0.0,0.0,0.0,0.0,0.0,0.0,0.0,0.0,0.0,1.2079678755072827,0.36873256273116075,346.7315369114007,412.46945456066518,7903.714356021315,0.21376645496673525,0.03262613781543579,177.9229312891049,211.77392950583579,4051.741550768,1.1922671475136553,0.22529613520666209,331.45808856966257,394.34321390765299,7484.893717607534,0.22362766420719425,0.042257684090550678,183.4797167753549,218.15167475100004,4188.300898901552,0.0,0.0,7.426392888004623,8.850668343197397,160.1582962499101,0.0,0.0,13.91204731761929,16.48139867290778,348.65493834680526,0.0,0.0,71.79348526238542,85.54795298971536,1558.8073374844917,0.0,0.0,46.74248368471703,56.13096857524612,813.6954173646374,0.0,0.0,25.274565653544856,30.059819935394246,577.8820802614573,46.76186654386998,32.07261079826475,478.0615600207042,570.369317253394,11039.153288058209,0.0,0.0,60.42761004755792,73.02623189263488,835.7287354369101,0.0,17.970967426801914,42.26523516009355,22.0,30.0,0.0,18.001985340089019,42.08590938467934,12.0,30.0,0.0,17.82725007876184,42.68253041708207,22.0,30.0,0.0,18.02905347149301,42.210662772597519,12.0,30.0,0.0,17.352437221509807,44.73623935238275,12.0,30.0,0.0,19.167239579749749,39.79542406903488,12.0,30.0,0.0,17.42511480482018,44.01723678795929,10.0,30.0,0.0,15.221768193228217,51.08280387356845,12.0,30.0,0.0,18.02354230428461,42.77119048008808,20.0,30.0,0.0,17.105974544769553,0.0,0.0,0.0,13.399883375968884,0.0,0.0,458.36175634602099,456.78985610841957,462.57169282759267,461.1172661000817,514.7329647783597,760.5305408796729,503.097599974684,584.2835359145272,696.8781935802394,0.0,79.41118864101837,79.41118864101837,60.0,0.0,60.0,60.0,12.0,12.0,12.0,19.0,12.0,12.0,21.0,10.0,0.0,0.0,0.0,0.0,0.0,0.0,0.0,0.0,0.0,0.0,0.0,0.0,0.0,79.41118864101837,79.41118864101837,0.0,0.0,0.0,79.41118864101837,0.0,0.0,0.0015 
 03/20  03:50:00,6.651666666666667,86.83333333333333,7.926666666666667,0.0,0.0,0.0,0.0,0.0,2.0,2.0,0.0,0.0,0.0,0.0,0.0,1350.0,0.0,0.0,0.0,0.0,0.0,0.0,0.0,0.0,0.0,0.0,0.0,18.243890317682735,-95.86036349917322,18.40947365643015,-242.06298541465049,18.24626356286808,-276.8612659785895,18.16671241590641,-126.96887566485066,17.343098764589607,-4.32598471577073,18.948204072894545,-41.64449329745747,17.53199040283478,-69.79223639168697,15.590966753501418,-172.01241575258644,17.89423140417177,-67.73349045919679,607.0067365320829,535.2389837482228,0.0,0.0,0.0,0.0,0.0,0.0,0.0,0.0,0.0,0.0,0.0,0.0,0.0,0.0,0.0,0.0,0.0,0.0,0.0,0.0,0.0,0.0,1.2037777767915757,0.3674535338191623,334.9905069654193,398.5148809664023,7530.980613170861,0.20678839384472418,0.0315611101716612,173.18698387028784,205.76875321795144,3957.8201586069319,1.1325523648446288,0.2140121626690531,318.44324874987367,378.79527578219799,7221.276865762767,0.22066859286484259,0.041698524728806227,173.9021074983329,206.94649000401598,3917.494215732627,0.0,0.0,7.1859119307951169,8.56762042227477,154.47854046834648,0.0,0.0,14.12212629624069,16.730304267912737,352.3996017435545,0.0,0.0,67.44908123174653,80.40349377030002,1460.966899946246,0.0,0.0,46.51967946271176,55.86805429221104,804.4130083613454,0.0,0.0,26.37765402086826,31.369075769687684,601.4710798345975,46.81514270853758,32.1091513775978,460.0846479897418,548.9064659857963,10569.890934767607,0.0,0.0,60.11544240470095,72.65758151505475,823.8191055295083,0.0,17.748195316111855,42.799314213042027,22.0,30.0,0.0,18.068068295795635,41.91313357125618,12.0,30.0,0.0,17.915745529898574,42.34733433406258,22.0,30.0,0.0,17.85534115964433,42.49799987653087,12.0,30.0,0.0,17.31646630801805,44.62236296344152,12.0,30.0,0.0,19.111705888966264,39.74753256792984,12.0,30.0,0.0,17.395565338339297,44.05872051835155,10.0,30.0,0.0,15.162366784732292,51.1071339218923,12.0,30.0,0.0,17.991848562810476,42.67622736730307,20.0,30.0,0.0,17.013278337465637,0.0,0.0,0.0,13.336006167684222,0.0,0.0,458.1397777189036,458.16399675599697,461.2260364832849,457.636802295091,512.5295946733313,756.8159839628147,505.4530993958586,583.4564209510834,691.6120301745928,0.0,79.41118864101837,79.41118864101837,60.0,0.0,60.0,60.0,12.0,12.0,12.0,19.0,12.0,12.0,21.0,10.0,0.0,0.0,0.0,0.0,0.0,0.0,0.0,0.0,0.0,0.0,0.0,0.0,0.0,79.41118864101837,79.41118864101837,0.0,0.0,0.0,79.41118864101837,0.0,0.0,0.0015199999999999999 
 03/20  04:00:00,6.65,87.0,7.98,0.0,0.0,0.0,0.0,0.0,2.0,2.0,0.0,0.0,0.0,0.0,0.0,1350.0,0.0,0.0,0.0,0.0,0.0,0.0,0.0,0.0,0.0,0.0,0.0,18.273531461529715,-219.90457893178246,18.27518518712921,-196.44465147342454,18.100757514234425,-158.93343848635596,18.170586390712239,-181.38486497027635,17.30773730310176,-4.753990710835964,18.897687662732627,-42.477401598311278,17.468278879826479,-52.561918696499109,15.535715987187628,-173.7848990463891,17.865469471547596,-69.74529223569255,613.092071545042,540.0152919032022,0.0,0.0,0.0,0.0,0.0,0.0,0.0,0.0,0.0,0.0,0.0,0.0,0.0,0.0,0.0,0.0,0.0,0.0,0.0,0.0,0.0,0.0,1.1901127448429887,0.36328227864560105,338.71809398743889,402.98322743780155,7638.876832393089,0.21091838089973309,0.03219145007627184,173.81854049106352,206.912425760854,3915.9244424269656,1.174883646092197,0.22201127099247876,323.970324780444,385.4675852936366,7239.953629671627,0.22005351706046467,0.04158229725254433,179.81843722242869,213.8177817508847,4062.263868326515,0.0,0.0,7.394257050426404,8.81201410017491,158.4442803583902,0.0,0.0,14.079400080718728,16.680816813841795,349.9587163092771,0.0,0.0,71.5816630156821,85.30238003625786,1539.0607887717652,0.0,0.0,47.018873275323709,56.46913388682249,807.7181144252297,0.0,0.0,26.245430803837338,31.212095290855545,596.8734834984823,46.91419164644567,32.17708617726042,466.33875164005647,556.4283363759871,10674.473487661526,0.0,0.0,60.65120025573943,73.30569003937251,824.3511506353385,0.0,17.84675757048455,42.393967307771678,22.0,30.0,0.0,17.87592703221847,42.22476557895578,12.0,30.0,0.0,17.705843271344869,42.803182307496609,22.0,30.0,0.0,17.908091795827354,42.32943534683762,12.0,30.0,0.0,17.281574313638033,44.60482129023109,12.0,30.0,0.0,19.06101904276106,39.77381100012539,12.0,30.0,0.0,17.316466999124935,44.0610426206079,10.0,30.0,0.0,15.104704572109118,51.10907615284311,12.0,30.0,0.0,17.960822352857805,42.627196479160179,20.0,30.0,0.0,16.98430919982824,0.0,0.0,0.0,13.279068967265852,0.0,0.0,455.33803973436258,453.479667855814,459.5785888593719,458.44326415229537,511.6454487398804,753.3966507190254,500.56304659421996,582.1844071550718,687.876629504772,0.0,79.41118864101837,79.41118864101837,60.0,0.0,60.0,60.0,12.0,12.0,12.0,19.0,12.0,12.0,21.0,10.0,0.0,0.0,0.0,0.0,0.0,0.0,0.0,0.0,0.0,0.0,0.0,0.0,0.0,79.41118864101837,79.41118864101837,0.0,0.0,0.0,79.41118864101837,0.0,0.0,0.0015400000000000002 
 03/20  04:10:00,6.69,87.0,8.016666666666668,0.0,0.0,0.0,0.0,0.0,2.0,2.0,0.0,0.0,0.0,0.0,0.0,1350.0,0.0,0.0,0.0,0.0,0.0,0.0,0.0,0.0,0.0,0.0,0.0,18.115337788040216,-94.71920532440618,18.279993647877235,-237.4061250591201,18.120442651004255,-272.2436973981994,18.05262491781074,-127.79642318330389,17.271400245810456,-4.3674876547487859,18.84638561966993,-42.376660834601157,17.431883044187395,-72.03354736006748,15.481180768177549,-173.04857337195245,17.835885731361814,-71.3495414034544,593.2696801608399,540.8204472421488,0.0,0.0,0.0,0.0,0.0,0.0,0.0,0.0,0.0,0.0,0.0,0.0,0.0,0.0,0.0,0.0,0.0,0.0,0.0,0.0,0.0,0.0,1.1799254706506484,0.36017261008872056,326.604573815752,388.59402968386555,7239.97666538693,0.202818190272479,0.03095515724549435,169.07875204578765,200.92203728775213,3808.9630526578746,1.108534165505295,0.20947357624816619,309.86517029127017,368.65247616550877,6928.532517514341,0.21577200828902638,0.04077324419671699,169.48448040383637,201.72248766342086,3765.48040986046,0.0,0.0,7.184351317322253,8.56575528101069,152.85591368926783,0.0,0.0,14.279011294586276,16.918356335402338,352.25767848573698,0.0,0.0,67.18070989224157,80.0943417673443,1435.3629442081715,0.0,0.0,46.775190954919789,56.184425206665569,794.419529463881,0.0,0.0,27.312218666739989,32.48021946542305,617.1531466176634,46.980866724508917,32.22281668347663,447.25821892093105,533.6770812671691,10150.94326907137,0.0,0.0,60.31204873279546,72.90770016359746,807.6922007331801,0.0,17.627937195338036,42.94616939802751,22.0,30.0,0.0,17.94263270822276,42.07435356784204,12.0,30.0,0.0,17.79543747226097,42.49579285487475,22.0,30.0,0.0,17.73848888280047,42.635489534697658,12.0,30.0,0.0,17.24519147100619,44.525862597170348,12.0,30.0,0.0,19.006912139657357,39.7532594306427,12.0,30.0,0.0,17.28662162779413,44.124503580844159,10.0,30.0,0.0,15.047657488879985,51.15339674741166,12.0,30.0,0.0,17.928157304128619,42.56621081991182,20.0,30.0,0.0,16.894078752520018,0.0,0.0,0.0,13.220496245154305,0.0,0.0,455.2911335621466,455.23520357193129,458.42636553138689,454.76234540129919,509.45643496899415,750.2028284199466,503.05267529964137,581.2273664454806,683.3366282714017,0.0,79.41118864101837,79.41118864101837,60.0,0.0,60.0,60.0,12.0,12.0,12.0,19.0,12.0,12.0,21.0,10.0,0.0,0.0,0.0,0.0,0.0,0.0,0.0,0.0,0.0,0.0,0.0,0.0,0.0,79.41118864101837,79.41118864101837,0.0,0.0,0.0,79.41118864101837,0.0,0.0,0.00156 
 03/20  04:20:00,6.73,87.0,8.053333333333335,0.0,0.0,0.0,0.0,0.0,2.0,2.0,0.0,0.0,0.0,0.0,0.0,1350.0,0.0,0.0,0.0,0.0,0.0,0.0,0.0,0.0,0.0,0.0,0.0,18.146518056289549,-215.18498213428939,18.1503524912547,-194.1341902486406,17.979003594797086,-157.47616534696136,18.059048390406717,-179.66070605381584,17.235678291094847,-4.827514472444932,18.798362381567978,-43.16347368820885,17.369959567617636,-54.48397424185555,15.428081188506699,-174.4038739462501,17.806582015406268,-73.13335008084477,597.0696449187844,544.7412570871599,0.0,0.0,0.0,0.0,0.0,0.0,0.0,0.0,0.0,0.0,0.0,0.0,0.0,0.0,0.0,0.0,0.0,0.0,0.0,0.0,0.0,0.0,1.1606749474730949,0.35429638201254429,327.3429715821915,389.53613130255266,7252.658603103421,0.20599583038851133,0.0314401450531916,168.10490929340967,200.15588883026948,3720.467066201423,1.1468774764085994,0.21671909985045346,312.77281721459766,372.21004237830047,6869.541439723673,0.214414138018614,0.04051665495438661,174.2931611109417,207.28767777222215,3869.8076026838186,0.0,0.0,7.36897934601949,8.78274611313435,155.66495244294098,0.0,0.0,14.222879538728007,16.854033611817856,348.3724460253152,0.0,0.0,71.47503961864968,85.19276174050616,1510.3337175896859,0.0,0.0,47.26149340869621,56.773306938556448,793.6550655006487,0.0,0.0,27.095343394117806,32.22476967624604,608.3589733007416,47.09746833308981,32.30279035191346,449.25393293785239,536.1375242437806,10130.068726001493,0.0,0.0,60.837284403979499,73.54647264984826,803.6441587333812,0.0,17.729131007459299,42.56555265897113,22.0,30.0,0.0,17.755595542282003,42.421007335699318,12.0,30.0,0.0,17.591307519199149,42.969707131310538,22.0,30.0,0.0,17.79377581352022,42.48500051085364,12.0,30.0,0.0,17.210187813216274,44.52923702624972,12.0,30.0,0.0,18.958019743747199,39.79393726956543,12.0,30.0,0.0,17.211192574680906,44.153441678927297,10.0,30.0,0.0,14.99285538546564,51.181437508900177,12.0,30.0,0.0,17.896406287907206,42.54616027151165,20.0,30.0,0.0,16.869025000756009,0.0,0.0,0.0,13.170688686886095,0.0,0.0,452.31224167916209,450.4437680218258,456.8020535951126,455.79777577870808,508.50903132009219,747.1561818809298,497.9112147202976,580.0360913511395,680.2425469361181,0.0,79.41118864101837,79.41118864101837,60.0,0.0,60.0,60.0,12.0,12.0,12.0,19.0,12.0,12.0,21.0,10.0,0.0,0.0,0.0,0.0,0.0,0.0,0.0,0.0,0.0,0.0,0.0,0.0,0.0,79.41118864101837,79.41118864101837,0.0,0.0,0.0,79.41118864101837,0.0,0.0,0.0015466666666666665 
 03/20  04:30:00,6.77,87.0,8.09,0.0,0.0,0.0,0.0,0.0,2.0,2.0,0.0,0.0,0.0,0.0,0.0,1350.0,0.0,0.0,0.0,0.0,0.0,0.0,0.0,0.0,0.0,0.0,0.0,17.992043178959336,-93.41836148377206,18.156375330516693,-233.08760858791403,17.999100369711984,-267.28939124958927,17.94466608293228,-128.40351872198608,17.198947143646785,-4.3862908383726879,18.748793841366028,-43.04606419572934,17.333360554419074,-73.71412918360159,15.37560428366637,-173.0341399072122,17.776338979263558,-74.65424341083718,576.8293132698864,544.3947160734393,0.0,0.0,0.0,0.0,0.0,0.0,0.0,0.0,0.0,0.0,0.0,0.0,0.0,0.0,0.0,0.0,0.0,0.0,0.0,0.0,0.0,0.0,1.1509686649871345,0.35133353632085909,314.9401991030488,374.77544623707515,6861.9701730987949,0.1979970892711663,0.030219335969347728,163.4560001216456,194.27908650338879,3617.2916821639867,1.0793429307447185,0.20395746990640946,297.2947923885224,353.7680042983384,6531.728111196904,0.20997899648303967,0.03967857076399085,162.86602659170104,193.8825964548882,3557.0853474431726,0.0,0.0,7.180326157355177,8.561496040070172,150.58634389566795,0.0,0.0,14.417669158618452,17.085682326448308,350.5122226763531,0.0,0.0,66.93962811439246,79.82175425649837,1405.3843155970436,0.0,0.0,46.99033330542688,56.454709391681507,780.2603920291812,0.0,0.0,28.12408912868578,33.4475950128993,627.3341308011459,47.16901030080209,32.35185891687387,428.81177730120836,511.75296654791159,9590.342259420691,0.0,0.0,60.474426156147817,73.1170126828658,787.8157208805403,0.0,17.515108204057215,43.131968147189798,22.0,30.0,0.0,17.82287924907783,42.283136785683428,12.0,30.0,0.0,17.68080935051256,42.68993500441562,22.0,30.0,0.0,17.629243976827735,42.81162178794591,12.0,30.0,0.0,17.173576347308065,44.48561577186135,12.0,30.0,0.0,18.905990117105195,39.80126036006829,12.0,30.0,0.0,17.18083889212081,44.2336869882883,10.0,30.0,0.0,14.939238402888016,51.238687411688889,12.0,30.0,0.0,17.86331275114601,42.51568875393383,20.0,30.0,0.0,16.777456606599857,0.0,0.0,0.0,13.12082187945077,0.0,0.0,452.45458748656326,452.45673156790397,455.74123576866659,451.8641724560109,506.39000535082507,744.3552166607551,500.52731038175946,578.9194655568365,676.1919730135487,0.0,79.41118864101837,79.41118864101837,60.0,0.0,60.0,60.0,12.0,12.0,12.0,19.0,12.0,12.0,21.0,10.0,0.0,0.0,0.0,0.0,0.0,0.0,0.0,0.0,0.0,0.0,0.0,0.0,0.0,79.41118864101837,79.41118864101837,0.0,0.0,0.0,79.41118864101837,0.0,0.0,0.0015333333333333334 
 03/20  04:40:00,6.8100000000000009,87.0,8.126666666666667,0.0,0.0,0.0,0.0,0.0,2.0,2.0,0.0,0.0,0.0,0.0,0.0,1350.0,0.0,0.0,0.0,0.0,0.0,0.0,0.0,0.0,0.0,0.0,0.0,18.022727444044159,-210.83237009460755,18.0295781325226,-192.51168172559529,17.8614433195905,-155.63611315092704,17.951581087694973,-178.52014157602344,17.162842213789668,-4.886456664473897,18.701837491029818,-43.790602624170478,17.27364336044338,-55.56107698880919,15.32464228177901,-173.85573508671565,17.746325717535606,-76.17000156537086,581.2859165244599,547.2519967084732,0.0,0.0,0.0,0.0,0.0,0.0,0.0,0.0,0.0,0.0,0.0,0.0,0.0,0.0,0.0,0.0,0.0,0.0,0.0,0.0,0.0,0.0,1.1326699755055559,0.3457478557709267,313.29893138152417,372.8952810975991,6818.861752710455,0.2015703479832311,0.030764705125645776,161.31995697721818,192.11418234912919,3507.7196908945645,1.1209261562514757,0.21181522226974229,298.72631444083665,355.53894424022817,6450.40327022139,0.20918427551566094,0.039528396733873937,167.63629996442746,199.40221003032429,3658.5022330511,0.0,0.0,7.35904312500497,8.771738345300915,153.21351644839656,0.0,0.0,14.34511329308665,17.001795378015644,346.2651510145656,0.0,0.0,71.52447696376535,85.26743494781177,1485.4789506094103,0.0,0.0,47.46503779373447,57.028847822168419,779.4099753128833,0.0,0.0,27.81053596754958,33.07714009762668,616.3174944652135,47.29201037668863,32.436221108839948,428.2386087708178,511.1328975893172,9521.15651979649,0.0,0.0,61.00154784252296,73.75590762583295,784.6434579548079,0.0,17.615198465002039,42.78828292942102,22.0,30.0,0.0,17.63960458284075,42.67541500683884,12.0,30.0,0.0,17.482502555864437,43.180944514316269,22.0,30.0,0.0,17.684744327961746,42.677610349481749,12.0,30.0,0.0,17.138310581492474,44.506464720843258,12.0,30.0,0.0,18.858535316164898,39.85425104416301,12.0,30.0,0.0,17.1099791927412,44.294560231904,10.0,30.0,0.0,14.887975880958339,51.290297989998418,12.0,30.0,0.0,17.831067149646019,42.520661039059508,20.0,30.0,0.0,16.754325174047133,0.0,0.0,0.0,13.079852435000813,0.0,0.0,449.2056300631252,447.57257441259727,454.13270031134018,453.1035718709643,505.356020682334,741.5005876993996,495.0698676836359,577.7906066911421,673.6058770414159,0.0,79.41118864101837,79.41118864101837,60.0,0.0,60.0,60.0,12.0,12.0,12.0,19.0,12.0,12.0,21.0,10.0,0.0,0.0,0.0,0.0,0.0,0.0,0.0,0.0,0.0,0.0,0.0,0.0,0.0,79.41118864101837,79.41118864101837,0.0,0.0,0.0,79.41118864101837,0.0,0.0,0.0015199999999999999 
 03/20  04:50:00,6.85,87.0,8.163333333333333,0.0,0.0,0.0,0.0,0.0,2.0,2.0,0.0,0.0,0.0,0.0,0.0,1350.0,0.0,0.0,0.0,0.0,0.0,0.0,0.0,0.0,0.0,0.0,0.0,17.8714644895685,-91.85788795000508,18.035978462751076,-229.79694060241469,17.880719064005438,-263.13302589242087,17.83984547154138,-128.84398897356278,17.125697632519768,-4.386051422691082,18.653435964542113,-43.659555360644677,17.236497234583028,-74.93476917236592,15.274525842327089,-171.87845483005777,17.715533142013613,-77.59643372381015,560.3333409456564,545.6643442235122,0.0,0.0,0.0,0.0,0.0,0.0,0.0,0.0,0.0,0.0,0.0,0.0,0.0,0.0,0.0,0.0,0.0,0.0,0.0,0.0,0.0,0.0,1.123264266633762,0.34287676026671617,302.75957030235346,360.32532258476138,6484.3493566253659,0.19347095895210895,0.02952853463860027,157.86770915972074,187.67042481014816,3431.7378158515177,1.0508485289286916,0.1985730402359584,283.0491367271591,336.87386952414468,6110.077547283612,0.20438930436162756,0.03862231752865221,155.4252732862849,185.0555698995418,3337.3245699641558,0.0,0.0,7.176425787736218,8.55734333633375,148.31333150350648,0.0,0.0,14.541411643748305,17.235063411645958,348.3911441331404,0.0,0.0,66.98194327162858,79.88472041239266,1381.8509758490346,0.0,0.0,47.14674426270173,56.652613854846197,765.6703887905628,0.0,0.0,28.83225218309888,34.29151923649633,634.7177405518855,47.3662927479005,32.48716923724315,408.7143257026071,487.84043442654197,9011.77899815161,0.0,0.0,60.59201457025139,73.26729576373896,769.2965946678505,0.0,17.40562765477009,43.36864728459477,22.0,30.0,0.0,17.706420132355434,42.54313207276738,12.0,30.0,0.0,17.56958017173323,42.932908929909398,22.0,30.0,0.0,17.52412008358312,43.03691531799596,12.0,30.0,0.0,17.101350208409053,44.50182361121162,12.0,30.0,0.0,18.80800981089504,39.894585714990487,12.0,30.0,0.0,17.07850146567941,44.38900652027302,10.0,30.0,0.0,14.838247904896925,51.36174232795284,12.0,30.0,0.0,17.797689302175365,42.52255938489203,20.0,30.0,0.0,16.660628503321726,0.0,0.0,0.0,13.038083469951318,0.0,0.0,449.6096949700447,449.7442497248569,453.0461768807681,448.90659893237469,503.3306962399105,739.0343438877052,497.5847149000473,576.4513371949616,669.8382681342876,0.0,79.41118864101837,79.41118864101837,60.0,0.0,60.0,60.0,12.0,12.0,12.0,19.0,12.0,12.0,21.0,10.0,0.0,0.0,0.0,0.0,0.0,0.0,0.0,0.0,0.0,0.0,0.0,0.0,0.0,79.41118864101837,79.41118864101837,0.0,0.0,0.0,79.41118864101837,0.0,0.0,0.00156 
 03/20  05:00:00,6.89,87.0,8.2,0.0,0.0,0.0,0.0,0.0,2.0,2.0,0.0,0.0,0.0,0.0,0.0,675.0,0.0,0.0,0.0,0.0,0.0,0.0,0.0,0.0,0.0,0.0,0.0,17.832549029666447,-195.9509916234183,18.027921461370043,-31.388733717125775,17.880455737393555,-45.38889657364416,17.791093490660157,-202.23194669077203,17.08498903912189,-4.812810564583742,18.601609086209196,-44.248464604501638,17.192616793159006,-49.014271576448667,15.22338108941955,-168.65933320194996,17.682307462719927,-76.82908306838829,483.35598630361167,550.0509872209054,0.0,0.0,0.0,0.0,0.0,0.0,0.0,0.0,0.0,0.0,0.0,0.0,0.0,0.0,0.0,0.0,0.0,0.0,0.0,0.0,0.0,0.0,1.1056729497967113,0.33750700543245157,172.01007337356658,204.4378559608659,3647.099867259388,0.20447459818358044,0.03120796675573572,27.963948767876454,33.19055212743885,614.8490474831522,1.1169206180732688,0.21105831785209168,237.8888317760759,282.4529707024143,5164.055241121344,0.20796071952810525,0.03929718811944542,127.25964671065978,151.1983755046504,2710.4334315275366,0.0,0.0,7.475812318764707,8.894076658166569,153.29030562325478,0.0,0.0,14.41185568940284,17.046805678790159,342.6084195532693,0.0,0.0,73.61644905411244,87.58903394403183,1506.9026282934777,0.0,0.0,47.607705253158488,57.086574546790128,764.5268489938584,0.0,0.0,28.072501184147077,33.317882364595728,613.82177790396,47.4597769596965,32.551287352329577,235.24421152759957,280.5344365959872,5413.561600095525,0.0,0.0,61.1545592340039,73.78701013114542,767.9199737263487,0.0,17.366282082567623,43.36755608533352,22.0,30.0,0.0,17.759086595132,42.35759403527105,12.0,30.0,0.0,17.64462077860578,42.83177495731302,22.0,30.0,0.0,17.46761671646626,43.08574496928907,12.0,30.0,0.0,17.057300380391309,44.54203844518285,12.0,30.0,0.0,18.750000537225085,39.971937754368948,12.0,30.0,0.0,17.039198567766844,44.530893964481169,10.0,30.0,0.0,14.785674367906469,51.486209401499809,12.0,30.0,0.0,17.759765081548389,42.56545529523847,20.0,30.0,0.0,16.389849588072285,0.0,0.0,0.0,13.007763197097898,0.0,0.0,440.1248225009061,445.75309878645967,463.2668595555678,437.28782485599279,503.0861509191747,737.0653165369671,498.4117587438651,576.4764667417851,669.9664884421083,0.0,79.41118864101837,79.41118864101837,60.0,0.0,60.0,60.0,12.0,12.0,12.0,19.0,12.0,12.0,21.0,10.0,0.0,0.0,0.0,0.0,0.0,0.0,0.0,0.0,0.0,0.0,0.0,0.0,0.0,79.41118864101837,79.41118864101837,0.0,0.0,0.0,79.41118864101837,0.0,0.0,0.0015999999999999999 
 03/20  05:10:00,6.971666666666666,86.66666666666667,8.23,0.0,0.0,0.0,0.0,0.0,2.0,2.0,0.0,0.0,0.0,0.0,0.0,1350.0,0.0,0.0,0.0,0.0,0.0,0.0,0.0,0.0,0.0,0.0,0.0,17.865321351109715,-104.76335739982597,17.94141674983733,-215.59282444300107,17.766137460723443,-225.04117358980194,17.79095472387939,-107.36573880615606,17.052145935226734,-4.556067239208858,18.56200160863792,-42.6336432259381,17.14737906337743,-62.77156855125895,15.181671519574359,-169.6874971190225,17.65616942985808,-77.92059579561163,522.5505472131044,549.6000300672702,0.0,0.0,0.0,0.0,0.0,0.0,0.0,0.0,0.0,0.0,0.0,0.0,0.0,0.0,0.0,0.0,0.0,0.0,0.0,0.0,0.0,0.0,1.081471117487385,0.33011938873241306,227.50226732173838,270.9051948850278,4850.409452176608,0.19046857002319388,0.02907029457008454,103.04563107154714,122.83713693890866,2198.220145257545,1.0597392909102026,0.20025307840328855,229.38276778452625,273.0721179518675,4854.333091933851,0.20714438222843124,0.03914292937045184,125.06000319479857,148.8418892960577,2656.6250369439587,0.0,0.0,7.183866850885286,8.56429998176959,145.6652425232836,0.0,0.0,14.469478852996759,17.152603009619388,340.50801309536288,0.0,0.0,70.4686364257364,84.02244245219549,1423.552414636184,0.0,0.0,47.590808243651917,57.190573210336939,752.7701245686312,0.0,0.0,28.383369883317064,33.75982387392071,614.3807688527247,47.49249866074952,32.573730219992828,292.21907501930039,349.19619604328059,6518.166656487541,0.0,0.0,61.0831996091507,73.86002921185903,752.7088273371976,0.0,17.510926482389828,43.050400222039417,22.0,30.0,0.0,17.61466907927077,42.72920311586299,12.0,30.0,0.0,17.45096322254993,43.229574398137319,22.0,30.0,0.0,17.53004281832257,43.038123043200148,12.0,30.0,0.0,17.029312532977209,44.58961203484252,12.0,30.0,0.0,18.71550802585371,40.03237863191393,12.0,30.0,0.0,16.989890628717295,44.55754715881449,10.0,30.0,0.0,14.750886876245131,51.550292466653647,12.0,30.0,0.0,17.73575995514028,42.603219494202949,20.0,30.0,0.0,16.480068175475926,0.0,0.0,0.0,12.976584431890899,0.0,0.0,446.27232405524139,441.45764536789616,450.89976544026617,449.4200911016969,502.5085013912477,735.3141157384532,492.6391287497492,575.1397673059657,668.7202602137444,0.0,79.41118864101837,79.41118864101837,60.0,0.0,60.0,60.0,12.0,12.0,12.0,19.0,12.0,12.0,21.0,10.0,0.0,0.0,0.0,0.0,0.0,0.0,0.0,0.0,0.0,0.0,0.0,0.0,0.0,79.41118864101837,79.41118864101837,0.0,0.0,0.0,79.41118864101837,0.0,0.0,0.00164 
 03/20  05:20:00,7.053333333333334,86.33333333333334,8.26,0.0,0.0,0.0,0.0,0.0,2.0,2.0,0.0,0.0,0.0,0.0,0.0,675.0,0.0,0.0,0.0,0.0,0.0,0.0,0.0,0.0,0.0,0.0,0.0,17.91071256639961,-21.71080574581265,17.8185178353218,-329.70315906229919,17.69211753766402,-248.61272807485239,17.81781622525456,-11.055116119424156,17.011365450727909,-3.974935591611171,18.513242341022626,-41.32855645071402,17.093123632231554,-67.98493371071163,15.131791884761825,-166.2168528180141,17.623322099017416,-77.52384401545658,475.56451160380677,550.1691724307241,0.0,0.0,0.0,0.0,0.0,0.0,0.0,0.0,0.0,0.0,0.0,0.0,0.0,0.0,0.0,0.0,0.0,0.0,0.0,0.0,0.0,0.0,1.0574477752541507,0.3227862561825857,208.49444819420476,247.4888358841957,4464.499180423427,0.182239532264905,0.027814336426267556,154.58883097391223,183.65005833204359,3226.79116925865,1.0260586655414095,0.19388863672362242,116.3872900227397,138.29728439829655,2433.2832226166699,0.20264593864429199,0.03829288334170293,57.81707707908986,68.63795943805123,1232.2265156154579,0.0,0.0,6.974721443802176,8.298214270778376,139.7180294315102,0.0,0.0,14.535451283852226,17.194510205069226,338.2534210282193,0.0,0.0,68.61260081312317,81.65129633552695,1366.3183414959786,0.0,0.0,47.542098310591068,57.01290014870787,739.4574497011427,0.0,0.0,28.76906529128481,34.144467909232499,616.0667194995949,47.44929230823306,32.54409623335602,215.4282265729515,256.9022357383234,4910.553531442338,0.0,0.0,60.97159886991337,73.56528349327076,737.9996269496141,0.0,17.660918104572685,42.64420091401655,22.0,30.0,0.0,17.42530644760264,43.28516427797285,12.0,30.0,0.0,17.360950788488954,43.47377663351278,22.0,30.0,0.0,17.626314550423176,42.78905561673788,12.0,30.0,0.0,16.98553031684724,44.659892855826189,12.0,30.0,0.0,18.66170093216144,40.12825838087593,12.0,30.0,0.0,16.92458587528218,44.71233733739793,10.0,30.0,0.0,14.699425290631112,51.67406086883496,12.0,30.0,0.0,17.6984558451379,42.66122979698012,20.0,30.0,0.0,16.32042073290585,0.0,0.0,0.0,12.949261811559883,0.0,0.0,448.85045332957477,439.2102585507489,445.99452387088896,455.4072139439957,500.81572659411588,732.4950957901501,488.8980715737684,573.0165233400574,665.6657367437814,0.0,79.41118864101837,79.41118864101837,60.0,0.0,60.0,60.0,12.0,12.0,12.0,19.0,12.0,12.0,21.0,10.0,0.0,0.0,0.0,0.0,0.0,0.0,0.0,0.0,0.0,0.0,0.0,0.0,0.0,79.41118864101837,79.41118864101837,0.0,0.0,0.0,79.41118864101837,0.0,0.0,0.0016733333333333336 
 03/20  05:30:00,7.135,86.0,8.29,0.0,0.0,0.0,0.0,0.0,2.0,2.0,0.0,0.0,0.0,0.0,0.0,2025.0,0.0,0.0,0.0,0.0,0.0,0.0,0.0,0.0,0.0,0.0,0.0,17.766147031391399,-151.09600667209674,17.805991902769465,-135.50588757740537,17.71443401597449,-57.21310944623957,17.741486605097849,-200.91694007830695,16.97920414563172,-4.987020376165766,18.47565062435715,-44.05897893528656,17.063197098914836,-58.912067116235878,15.09255118023346,-167.93904971166976,17.59805098783134,-79.96776543712042,442.01847452519709,547.4184166345539,0.0,0.0,0.0,0.0,0.0,0.0,0.0,0.0,0.0,0.0,0.0,0.0,0.0,0.0,0.0,0.0,0.0,0.0,0.0,0.0,0.0,0.0,1.0623617750529975,0.3242862561211835,182.05401923973114,217.11888016482687,3764.9574567473266,0.19743172095367193,0.03013304654360071,104.53560587977376,124.54451257060647,2177.0553023421246,1.0113933830374789,0.19111741931925148,142.21502527661239,169.57151582891394,2973.667558397818,0.1887824971688325,0.03567318540605298,82.47123687215827,98.30352346326666,1716.7458129741922,0.0,0.0,7.312044792531582,8.72528662291436,144.81934384257517,0.0,0.0,14.398741872258198,17.08179585588293,331.6413703693721,0.0,0.0,71.28906717792718,85.08164140944308,1405.0730416391758,0.0,0.0,47.71026958625536,57.380614186830928,730.8371805843453,0.0,0.0,29.05846101064057,34.5855900434814,615.9106168648791,47.44776368224582,32.54304779303554,211.6647188074049,253.37328849805429,4785.449082799876,0.0,0.0,61.146055230399387,73.98878884796314,726.2111318232404,0.0,17.40106442026881,43.37465194915268,21.999999999999994,29.99999999999999,0.0,17.48266026078532,43.1598912465772,11.999999999999995,29.99999999999999,0.0,17.47354949460575,43.19225087466193,21.999999999999994,29.99999999999999,0.0,17.49019658029961,43.15024109687989,11.999999999999995,29.99999999999999,0.0,16.95895029059995,44.70591242943628,11.999999999999995,29.99999999999999,0.0,18.629350593946968,40.193365048789789,11.999999999999995,29.99999999999999,0.0,16.909120846808727,44.768264058589178,9.999999999999997,29.99999999999999,0.0,14.668279135892679,51.74273515205742,11.999999999999995,29.99999999999999,0.0,17.67623193071344,42.69813829310475,19.999999999999994,29.99999999999999,0.0,16.202191801843257,0.0,0.0,0.0,12.922166623433196,0.0,0.0,445.2301878799541,442.06530646179626,451.88273378882936,438.93316245065855,499.49345337101377,732.1177137186214,489.7226790869541,572.1047524023878,663.1337990000448,0.0,79.41118864101833,79.41118864101833,59.99999999999998,0.0,59.99999999999998,59.99999999999998,12.0,12.0,12.0,19.0,12.0,12.0,21.0,10.0,0.0,0.0,0.0,0.0,0.0,0.0,0.0,0.0,0.0,0.0,0.0,0.0,0.0,79.41118864101833,79.41118864101833,0.0,0.0,0.0,79.41118864101833,0.0,0.0,0.0017066666666666667 
 03/20  05:40:00,7.216666666666667,85.66666666666667,8.32,0.0,0.0,0.0,0.0,0.0,2.0,2.0,0.0,0.0,0.0,0.0,0.0,675.0,0.0,0.0,0.0,0.0,0.0,0.0,0.0,0.0,0.0,0.0,0.0,17.647616880772487,-198.3944799649631,17.850298279145286,-9.176763966748244,17.65744839201509,-189.31982621934513,17.762210758471725,-9.797473838086493,16.935906062335769,-4.924155136186927,18.425250391981366,-43.17270594263791,17.025203966567696,-50.04294982374088,15.042679902227587,-164.344019538919,17.563333549664038,-79.67690270831602,280.7467316932658,546.9441988950191,0.0,0.0,0.0,0.0,0.0,0.0,0.0,0.0,0.0,0.0,0.0,0.0,0.0,0.0,0.0,0.0,0.0,0.0,0.0,0.0,0.0,0.0,1.0402764429085139,0.3175447017425258,83.56462080784016,99.3173742932444,1702.7485046985262,0.1971339269534027,0.03008759568885879,36.76667582660122,43.638817078254508,772.3072401845543,0.9882671450923474,0.18674738191465385,58.67699027624779,69.69590405372175,1221.2557550838176,0.19609131278783629,0.03705429191002198,55.22238242783739,65.55083942922579,1154.6885475620648,0.0,0.0,7.482750679291339,8.903027179542108,146.30756157162367,0.0,0.0,14.338101935401511,16.962532680771209,326.4090284731292,0.0,0.0,73.10664295725866,86.99340024942149,1424.7069439810717,0.0,0.0,47.74811252097065,57.264195491179027,718.7714573007364,0.0,0.0,28.59150064286957,33.93363547484878,599.26543870131,47.38309049758293,32.49869032756033,77.73893753931867,92.88753149941711,2137.3677191601298,0.0,0.0,61.19365538150579,73.83018764359504,713.8870258161986,0.0,17.22418349367988,43.97274103585962,22.00000000000001,30.000000000000015,0.0,17.6202562808353,42.79752174965123,12.000000000000006,30.000000000000015,0.0,17.400775021228076,43.47652211145229,22.00000000000001,30.000000000000015,0.0,17.590401299352864,42.87912423003568,12.000000000000006,30.000000000000015,0.0,16.91035083808541,44.80857006454365,12.000000000000006,30.000000000000015,0.0,18.57133201865618,40.32818362825826,12.000000000000006,30.000000000000015,0.0,16.877166239027987,44.863274125215088,10.000000000000004,30.000000000000015,0.0,14.615639481460715,51.88432337263972,12.000000000000006,30.000000000000015,0.0,17.635447060779805,42.78450455019236,20.000000000000008,30.000000000000015,0.0,15.674649524814999,0.0,0.0,0.0,12.898291017219196,0.0,0.0,446.14795979187769,444.248694579404,453.6929519368227,447.29090743085478,498.49222461353926,731.715271180941,489.5581542267514,570.5580392786999,661.6169944520857,0.0,79.4111886410184,79.4111886410184,60.00000000000003,0.0,60.00000000000003,60.00000000000003,12.0,12.0,12.0,19.0,12.0,12.0,21.0,10.0,0.0,0.0,0.0,0.0,0.0,0.0,0.0,0.0,0.0,0.0,0.0,0.0,0.0,79.4111886410184,79.4111886410184,0.0,0.0,0.0,79.4111886410184,0.0,0.0,0.00174 
 03/20  05:50:00,7.298333333333334,85.33333333333334,8.350000000000002,0.0,0.0,0.0,0.0,0.0,2.0,2.0,0.0,0.0,0.0,0.0,0.0,2025.0,0.0,0.0,0.0,0.0,0.0,0.0,0.0,0.0,0.0,0.0,0.0,17.686073960910634,-77.73163593440651,17.752820002097445,-227.97426184086474,17.638052449461669,-110.81138392729653,17.655421774995366,-235.28047077808245,16.904053593164418,-4.853690950252744,18.38947118741109,-42.619160882534249,16.982169419248654,-62.03241416920966,15.005192034733794,-165.04315611524133,17.538279252105597,-80.96766535383414,392.91184674203597,545.0757125293791,0.0,0.0,0.0,0.0,0.0,0.0,0.0,0.0,0.0,0.0,0.0,0.0,0.0,0.0,0.0,0.0,0.0,0.0,0.0,0.0,0.0,0.0,1.0157423012844813,0.3100556475227357,142.3125912440537,169.70032756986326,2902.7685753329708,0.18178617634526759,0.0277451429098394,67.04858132618948,80.05957562410964,1363.9517757908323,0.9752411080409656,0.18428592366609349,134.33257219065906,160.01179399324153,2750.690299495648,0.18514071676101258,0.034985018284393928,96.22221610094289,114.69702070960044,1954.3500261612972,0.0,0.0,7.242549620897996,8.641265024755353,139.97996565632628,0.0,0.0,14.453967949303895,17.149159746014445,325.6914514608591,0.0,0.0,70.76194787133463,84.44208317890628,1360.3862624362942,0.0,0.0,47.83159685413683,57.52923588770379,709.0008587951368,0.0,0.0,29.270643792039704,34.84048300089122,607.1552257072515,47.434003575166759,32.53361013385927,162.643894345679,194.76336188188874,3719.2312992678987,0.0,0.0,61.21190005584525,74.06220920850514,701.0248387659572,0.0,17.38085224437761,43.53195074784905,22.000000000000019,30.00000000000002,0.0,17.449651846229068,43.399628511964149,12.00000000000001,30.00000000000002,0.0,17.41928722462602,43.41075587718093,22.000000000000019,30.00000000000002,0.0,17.39497313361377,43.53202185119922,12.00000000000001,30.00000000000002,0.0,16.884723766863276,44.87245778780238,12.00000000000001,30.00000000000002,0.0,18.541948206072818,40.40392340168335,12.00000000000001,30.00000000000002,0.0,16.831826601522964,45.0211158229037,10.000000000000007,30.00000000000002,0.0,14.586942071526672,51.964820963808907,12.00000000000001,30.00000000000002,0.0,17.613922587028385,42.83829094178043,20.000000000000015,30.00000000000002,0.0,15.98047718273467,0.0,0.0,0.0,12.877953459593494,0.0,0.0,446.9578947586873,434.0998938842451,451.79570690058656,438.9305616657654,497.88870497298469,730.4772517293916,491.5622929099155,569.5889057942032,659.5778024775657,0.0,79.41118864101843,79.41118864101843,60.00000000000004,0.0,60.00000000000004,60.00000000000004,12.0,12.0,12.0,19.0,12.0,12.0,21.0,10.0,0.0,0.0,0.0,0.0,0.0,0.0,0.0,0.0,0.0,0.0,0.0,0.0,0.0,79.41118864101843,79.41118864101843,0.0,0.0,0.0,79.41118864101843,0.0,0.0,0.0017600000000000003 
 03/20  06:00:00,7.38,85.0,8.38,0.0,0.0,0.0,0.0,0.0,2.0,2.0,0.0,0.0,0.0,0.0,0.0,675.0,0.0,0.0,0.0,0.0,0.0,0.0,0.0,0.0,0.0,0.0,0.0,17.717097279665035,-18.694625420102967,17.60531719759409,-360.2142309027913,17.478045180853344,-298.34531364655506,17.677608086671588,-7.735580275848179,16.86143404937811,-4.218603388910964,18.3416903402417,-41.332854152140729,16.9281748543756,-64.24982255158966,14.957790653102933,-161.01478217422665,17.503832934709665,-80.55555255856337,450.33280916993138,544.2144710620441,0.0,0.0,0.0,0.0,0.0,0.0,0.0,0.0,0.0,0.0,0.0,0.0,0.0,0.0,0.0,0.0,0.0,0.0,0.0,0.0,0.0,0.0,0.9840728000794882,0.30038852261278639,197.7072658163018,234.69958707817845,4038.8363747590226,0.17313842978695435,0.02642527927151318,135.56462643183122,161.08583922454725,2683.3758106947304,0.9476763248518102,0.17907715889112067,112.5859818207118,133.81131161106175,2230.1781201375417,0.18630523832854585,0.03520507149065491,46.757108278660968,55.504686988216388,954.8354230396428,0.0,0.0,7.063763334410338,8.404727035444603,134.76149226991707,0.0,0.0,14.520045841733222,17.178698575936929,323.3989092844299,0.0,0.0,69.49140214969613,82.70214752028487,1316.1082660579035,0.0,0.0,47.76177361603656,57.28308494803034,695.6604079812088,0.0,0.0,29.39829916385141,34.89060437306697,602.881808512185,47.439382867069607,32.53729963447848,193.53956955434655,230.82194862426577,4257.545222411918,0.0,0.0,61.085311473924537,73.69248890191958,687.4139667368293,0.0,17.49952006579884,43.23759820212897,22.0,30.0,0.0,17.21167828392644,44.13648294380202,12.0,30.0,0.0,17.14707017623784,44.30713400916685,22.0,30.0,0.0,17.506208843013796,43.19298371534615,12.0,30.0,0.0,16.837551410573704,44.99903908880122,12.0,30.0,0.0,18.48785170853932,40.557476194231707,12.0,30.0,0.0,16.76629333965642,45.30453112391591,10.0,30.0,0.0,14.538018808609028,52.128205167587207,12.0,30.0,0.0,17.573680627475608,42.95176616186742,20.0,30.0,0.0,16.14379119015429,0.0,0.0,0.0,12.859918120257197,0.0,0.0,442.3079595596423,441.1410591074959,447.9223403846819,449.4027125662606,497.4987417489156,728.4567575516545,486.02641728652795,568.5146530221298,658.4934036647617,0.0,79.41118864101837,79.41118864101837,60.0,0.0,60.0,60.0,12.0,12.0,12.0,19.0,12.0,12.0,21.0,10.0,0.0,0.0,0.0,0.0,0.0,0.0,0.0,0.0,0.0,0.0,0.0,0.0,0.0,79.41118864101837,79.41118864101837,0.0,0.0,0.0,79.41118864101837,0.0,0.0,0.0017800000000000002 
 03/20  06:10:00,7.476666666666667,84.50000000000002,8.403333333333335,0.0,0.0,0.0,0.0,0.0,2.0,2.0,0.0,0.0,0.0,0.0,0.0,6760.0,0.0,0.0,0.0,0.0,0.0,0.0,0.0,0.0,0.0,0.0,0.0,18.775715062585208,-1037.1216878638637,17.822821178741927,811.0679346192662,18.991729329115026,-2484.792455041781,17.928755293892647,792.1299843631604,16.829820642153878,-7.208994752201698,19.038106102991408,-100.87392691767916,17.039363532585307,189.38202032351848,15.907021790741324,-232.47717926290367,18.658089103785465,-201.83393507790795,793.5671751185438,611.6999207255658,0.0,0.0,0.0,0.0,0.0,0.0,0.0,0.0,0.0,0.0,0.0,0.0,0.0,0.0,0.0,0.0,0.0,0.0,0.0,0.0,0.0,0.0,1.009286349954721,0.308084966408645,410.95570532840278,486.72330329454288,9618.709504697186,0.30507545477486006,0.04656218784720086,343.67011132667985,408.86926017326257,7129.535313919902,0.8026852737755441,0.15167900109137276,509.44051998025926,602.4606655481318,12318.931516951514,0.26738167506477786,0.05052563776734274,341.66608138309246,406.1008514413384,7283.619870601135,0.0,0.0,11.587021928513284,13.835798654474682,218.06048042159814,0.0,0.0,18.88699617874547,22.33460984395617,459.09660675775,0.0,0.0,77.31632338720371,92.28703639730449,1487.9883275000817,0.0,0.0,37.056870269490207,44.40669297477898,640.5422696487647,0.0,0.0,42.64984062624964,50.46414518872436,1022.8616254467582,48.33361071935591,33.15062463604659,683.3069363098982,814.644471295854,14317.93115820982,0.0,0.0,51.62934356212381,62.52784278095182,577.657808454624,2026.3940291201582,19.060577123581063,39.338387205503909,21.999999999999998,30.0,0.0,17.73269141504516,42.71621163676603,15.999999999999999,30.0,4571.032405254657,19.42703657515294,38.45526190315488,21.999999999999998,30.0,0.0,18.025404460735407,41.93404248852833,15.999999999999999,30.0,0.0,16.812248115240189,45.096892901831598,12.0,30.0,1125.3403655653127,19.603899251550975,37.86221776349074,19.7,30.0,0.0,17.0312291040287,44.59150684001086,10.0,30.0,1263.8619473897548,16.161071528295417,47.034186933799698,16.999999999999998,30.0,2014.0841607240146,19.38161311647914,38.41614924612848,19.799999999999998,30.0,0.0,17.14896003184439,0.0,0.0,0.0,12.93597426275153,0.0,0.0,443.6179168759726,444.2062774858575,444.3112807085681,444.0287634159581,495.2842283580667,717.5219152043914,472.14022670046907,573.3434458312954,641.0426511491879,12024.456098285658,80.05341428103167,87.2040137628097,60.0,0.0,60.0,60.0,16.0,16.0,19.0,19.0,16.0,12.0,21.0,10.0,1.0,0.0,2026.3940291201582,0.0,4571.032405254657,0.0,1125.3403655653127,0.0,1263.8619473897548,2014.0841607240146,10819.80724021295,6491884.344127769,8464616.014705336,80.05341428103167,87.32545468037144,0.3946602413404315,0.7666260712821453,0.3602813740196596,87.32545468037144,0.3542647819438876,8464616.014705336,0.4419600327646775 
 03/20  06:20:00,7.573333333333334,84.0,8.426666666666668,9.166666666666668,0.0,0.0,0.0,0.0,2.0,2.0,0.0,0.0,0.0,0.0,0.0,2028.0,0.0,13.09940090124908,3.4705108972125364,8.893055136932118,0.39278832603620947,10.454592040939876,0.0,3.4705108972125346,4.744451512419437,0.0,0.0,19.513619832761586,-1547.8591530323952,18.469257538412298,714.7255788229392,19.814427337141983,-3568.1333833382075,18.657847956071188,697.4183606229893,16.7905063285333,-1.8364436948673789,18.978253133921926,-83.17041220422623,17.448975781756667,261.80776567101938,16.04002091289058,-253.42736654233219,18.63941441447621,-147.50845013241233,1005.7460748131582,619.2305457291113,0.0,0.0,0.0,0.0,0.0,0.0,0.0,0.0,0.0,0.0,0.0,0.0,0.0,0.0,0.0,0.0,0.0,0.0,0.0,0.0,0.0,0.0,1.107463822607091,0.3380536699044843,454.963739259891,536.4566903218159,11522.137879364825,0.34223591916152226,0.05223380939583672,389.2922338463471,461.27246302396,8782.741617871114,0.8579870443958775,0.16212907112544928,562.4590281477453,662.2737398239285,14669.345928439932,0.295564210450546,0.05585113576162997,374.7827362007967,443.4795497685973,8741.238167146186,0.0,0.0,12.932568786468055,15.432845410185973,239.94821646728216,0.0,0.0,19.175424288843887,22.672109060880716,456.77080359159216,0.0,0.0,89.32841093062874,106.21792936049616,1829.9547437786164,0.0,0.0,37.73490925418997,45.101623333811478,664.3893815151125,0.0,0.0,37.53076280302883,44.408330989066367,882.9277553327522,49.04698766895485,33.639909237966289,752.731317038369,894.8675482469589,16567.019236006272,0.0,0.0,53.07804524787855,64.17458666711269,588.9391529816288,2019.4044794603056,20.28183525939546,36.438480442313508,21.999999999999994,29.99999999999999,0.0,18.853419742759038,39.81863851548506,15.999999999999993,29.99999999999999,4250.302792615609,20.686479773200945,35.54355716250586,21.999999999999994,29.99999999999999,0.0,19.25390307461617,38.838863480170719,15.999999999999993,29.99999999999999,0.0,16.77351488674537,45.26393197453916,11.999999999999995,29.99999999999999,0.0,19.49988868284439,38.15424024899454,18.999999999999994,29.99999999999999,0.0,17.752197669670197,42.634932464100049,9.999999999999997,29.99999999999999,0.0,16.304196480214004,46.58104612422193,15.999999999999993,29.99999999999999,0.0,19.328676036386246,38.56450233410733,18.999999999999994,29.99999999999999,0.0,17.887340117821834,0.0,0.0,0.0,12.979918748661209,0.0,0.0,444.36865016047656,446.56578859940887,444.03130362626089,444.4418281762197,490.90408043811478,687.9486828745207,467.18214558724199,589.2966472192298,619.6822760363489,10232.098156317306,81.23899255037068,83.96214323743308,59.99999999999998,0.0,59.99999999999998,59.99999999999998,16.0,16.0,19.0,19.0,16.0,12.0,21.0,10.0,1.0,0.0,2019.4044794603056,0.0,4250.302792615609,0.0,0.0,0.0,0.0,0.0,4120.3800892365629,2472228.0535419385,3213063.7462752966,81.23899255037068,84.00839137633929,0.36401266964121867,0.7688674160896013,0.36028137401965945,84.00839137633929,0.35426478194388735,3213063.7462752966,0.16893264813964874 
 03/20  06:30:00,7.67,83.5,8.45,11.0,0.0,0.0,0.0,0.0,2.0,2.0,0.0,0.0,0.0,0.0,0.0,2028.0,0.0,15.7575015568842,3.856142692521667,9.881228156406847,0.47249201207596749,12.576013786620083,0.0,3.856142692521665,5.271639413186712,0.0,0.0,20.201963675583046,-1178.4515958915868,19.013291941923784,976.7213254138413,20.5327187490711,-3336.984516692806,19.279834074842179,991.9498893165924,16.76726155215953,9.867786369126213,18.796403297641743,-33.733660766226069,17.84625453729036,372.2452551936025,16.23974712841145,-324.5767896825455,18.799578083063623,-82.2217440641657,1352.7533228565658,687.4245706562448,0.0,0.0,0.0,0.0,0.0,0.0,0.0,0.0,0.0,0.0,0.0,0.0,0.0,0.0,0.0,0.0,0.0,0.0,0.0,0.0,0.0,0.0,1.3363863226464688,0.4079323329201674,469.3970911294215,551.4710939105985,12743.49314489295,0.3772281494637074,0.057574503886402218,392.14100081881466,463.1319731546828,9477.106747193902,1.0175570758051638,0.19228213828517833,585.9927541564877,687.6504516498339,16243.770173335452,0.32221490071183225,0.060887169446680277,382.7465480896691,451.2140981581854,9626.164067969336,0.0,0.0,13.124457966726795,15.66241925187103,240.66186119925244,0.0,0.0,16.33967782084171,19.336177178378706,376.86822821446529,0.0,0.0,112.8883049284926,133.9449894637058,2438.705306165657,0.0,0.0,46.67877070573382,55.75200356202199,838.5679635886943,0.0,0.0,21.320080973113208,25.225698768727307,495.56329582946219,50.11303604361849,34.371080962701309,764.4868337296459,905.2428241727156,18448.14625538393,0.0,0.0,63.27971445443424,76.48944535056839,706.0349352068248,1910.1218872493788,21.346898101809648,34.14991119914224,21.999999999999994,29.99999999999999,0.0,19.79059313396251,37.580347191164097,15.999999999999993,29.99999999999999,4303.756386810688,21.676823955927607,33.47108722535715,21.999999999999994,29.99999999999999,0.0,20.302139963834209,36.41236837444025,15.999999999999993,29.99999999999999,0.0,16.762464749135128,45.336052317502169,11.999999999999995,29.99999999999999,0.0,19.20912434624516,38.879724233723,18.999999999999994,29.99999999999999,0.0,18.45125211551692,40.82746400762535,9.999999999999997,29.99999999999999,823.6702052541718,16.596606338017474,45.81811988894799,16.66666666666666,29.99999999999999,917.2152865318324,19.347274789637756,38.555231673845948,19.33333333333333,29.99999999999999,0.0,19.01977191861569,0.0,0.0,0.0,13.108688266284315,0.0,0.0,447.6230301517395,451.0772472243026,447.38006611854657,449.6040427862114,490.0267155912623,691.9561126502756,470.8396734835625,551.383133031057,644.6589088876647,10570.246860664418,81.01552614950555,83.55141479000354,59.99999999999998,0.0,59.99999999999998,59.99999999999998,16.0,16.0,19.0,19.0,16.0,12.0,21.0,10.0,1.0,0.0,1910.1218872493788,0.0,4303.756386810688,0.0,0.0,0.0,823.6702052541718,917.2152865318324,3837.4047203633369,2302442.832218003,2979680.726206483,81.01552614950555,83.59448259769173,0.35458015734544448,0.7716858989367563,0.36028137401965945,83.59448259769173,0.35426478194388735,2979680.726206483,0.15685006442940378 
 03/20  06:40:00,7.7666666666666679,83.0,8.473333333333333,19.666666666666666,6.333333333333332,0.0,0.0,0.0,2.0,2.0,0.0,0.0,0.0,0.0,0.0,5408.0,0.0,29.269419772350383,10.732525933497535,27.50163898945955,0.877649364081673,23.359830356864327,0.0,10.732525933497528,14.672176634904492,0.0,0.0,20.40016834586177,-1468.0600951180502,19.372074846105638,809.6570147970438,20.644461786627013,-1948.663152266855,19.617035785183327,554.5867883428801,16.7524038644632,16.326791304649065,18.863751992957405,-38.131006087848408,18.139102379516716,342.78729852818676,16.103193859517277,-316.88442568168997,18.951351401254155,-96.18162662833022,1384.149016432345,811.177771500178,0.0,0.0,0.0,0.0,0.0,0.0,0.0,0.0,0.0,0.0,0.0,0.0,0.0,0.0,0.0,0.0,0.0,0.0,0.0,0.0,0.0,0.0,1.3772045766139663,0.4203921174035306,457.44345139689639,537.6364675535767,12485.576092855523,0.35993527655074727,0.054935176518734318,357.0921749090063,421.5155900127139,8896.965426759585,1.1992462581889519,0.2266149391891444,410.74593691560377,482.61307944680518,11366.462622063795,0.31049284017620967,0.05867211643541374,295.44622827727428,348.2945156303642,7593.029405666524,0.0,0.0,13.409257191572424,16.017256237230588,243.1695520488048,0.0,0.0,16.854006897421806,19.973324869376368,381.28282428567288,0.0,0.0,115.34304174775495,136.750300137411,2569.5268713761158,0.0,0.0,50.73978112878352,60.675225927069828,881.0142665185165,0.0,0.0,24.950233385373755,29.50586661183612,593.9286994924303,50.35351287641297,34.53601706201165,642.3182760470608,760.7446028581667,15946.066253265413,0.0,0.0,69.72271573488402,84.27138635305129,789.89655607313,1814.7811823598457,21.506717833885167,33.839261314199038,22.0,30.0,0.0,20.299141968375147,36.43632427718357,16.0,30.0,2504.4106029056595,21.61791742274204,33.61740050654093,21.625,30.0,0.0,20.69434398902447,35.55944139990918,16.0,30.0,0.0,16.76028022769887,45.37566919058161,12.0,30.0,0.0,19.080215186920115,39.211155977684857,19.0,30.0,0.0,18.899929110516856,39.723419044788,10.0,30.0,3.424570621219294,16.385106367125869,46.47542412849213,16.0,30.0,0.0,19.689349558773157,37.78058350071602,19.0,30.0,0.0,19.30457757475459,0.0,0.0,0.0,13.291550457198593,0.0,0.0,451.3232310252123,455.3209273593514,451.74171087288377,453.84503230747438,486.38921783368519,693.5836103512,467.2392760670283,523.4445034032045,650.6204212997902,10272.784222184788,81.21226972983331,84.78410765304418,60.0,0.0,60.0,60.0,16.0,16.0,19.0,19.0,16.0,12.0,21.0,10.0,1.0,0.0,1814.7811823598457,0.0,2504.4106029056595,0.0,0.0,0.0,3.424570621219294,0.0,5405.404771910964,3243242.863146578,4220175.111896617,81.21226972983331,84.84476931866843,0.3501801590636988,0.7680502617519979,0.36028137401965956,84.84476931866843,0.3542647819438875,4220175.111896617,0.22140910581862409 
 03/20  06:50:00,7.863333333333333,82.5,8.496666666666667,28.33333333333333,12.666666666666665,0.0,0.0,0.0,2.0,2.0,0.0,0.0,0.0,0.0,0.0,4732.0,0.0,41.816766010850248,16.97620576189139,43.500785305560679,1.2538848827437326,33.37383653685186,0.0,16.976205761891376,23.207760323369084,0.0,0.0,20.48464117111376,-1381.0359384126603,19.532752795605967,622.1896203596863,20.71036623436425,-1658.7427069649094,19.67014158856731,515.4366370243693,16.740092113700148,17.548090259930498,18.91285673572853,-31.4244692945521,18.289045764317465,314.55271144742599,16.33851932930263,-323.64029038493887,18.63873242654453,-72.39447701571078,1370.6297172393343,804.3148605856536,0.0,0.0,0.0,0.0,0.0,0.0,0.0,0.0,0.0,0.0,0.0,0.0,0.0,0.0,0.0,0.0,0.0,0.0,0.0,0.0,0.0,0.0,1.3936689282131818,0.4254178657549401,436.4441857120573,512.8219556499487,11837.457588286034,0.34232574554602199,0.05224751916148083,321.78393551808429,379.51786827292946,8066.980290506908,1.2394490665538145,0.2342118417524219,383.7437231547216,450.7642922416982,10532.682211621139,0.31255908523391237,0.05906256334730021,286.5267767360172,337.68354287022739,7302.473991503069,0.0,0.0,12.749802820921675,15.227480071191483,228.66734328448875,0.0,0.0,16.22353728765503,19.218096714917804,365.95071787268815,0.0,0.0,115.69717750114214,137.0634178038073,2600.554094995457,0.0,0.0,48.88965756157093,58.40092172336013,871.7492097720088,0.0,0.0,18.023866228162043,21.350438147122057,409.1468118501782,50.383240433616588,34.55640633307042,598.9191616103731,708.942708071437,14928.880371962045,0.0,0.0,69.92892502412923,84.47659241354833,799.036149756374,1835.882120964952,21.52264463367726,33.830493231323519,22.000000000000037,30.000000000000044,0.0,20.471327319602258,36.07627082033718,16.00000000000002,30.000000000000044,2216.5205556139555,21.60368130448054,33.67246600154223,21.571428571428599,30.000000000000044,0.0,20.67901727948831,35.61799270988196,16.00000000000002,30.000000000000044,0.0,16.758022838736939,45.41973819100248,12.000000000000018,30.000000000000044,490.5120408307639,19.157993046720887,39.05051030786258,19.285714285714314,30.000000000000044,0.0,19.107369078766199,39.24414108246252,10.000000000000015,30.000000000000044,654.363471850884,16.71186161264132,45.56752657911446,16.571428571428596,30.000000000000044,0.0,19.20789616389622,38.95838175995033,19.00000000000003,30.000000000000044,0.0,19.384962747778098,0.0,0.0,0.0,13.443525563302716,0.0,0.0,454.66110204957399,459.2092517413483,455.1002113116126,458.76779851259689,481.5868474237379,700.2261237761978,465.5846158734749,501.81094712289447,659.3981661026454,10322.120769680898,81.17963187575963,83.3120973611192,60.000000000000088,0.0,60.000000000000088,60.000000000000088,16.0,16.0,19.0,19.0,16.0,12.0,21.0,10.0,1.0,0.0,1835.882120964952,0.0,2216.5205556139555,0.0,490.5120408307639,0.0,654.363471850884,0.0,3226.98807948586,1936192.8476915132,2505946.649446722,81.17963187575963,83.34831370436018,0.3504234121733386,0.770140709100444,0.3602813740196601,83.34831370436018,0.35426478194388807,2505946.649446722,0.13229589243789625 
 03/20  07:00:00,7.96,82.0,8.52,37.0,19.0,0.0,0.0,0.0,2.0,2.0,0.0,0.0,0.0,0.0,0.0,4732.0,0.0,54.376049689658938,21.592653925855175,55.33024437590601,1.6304786850949989,43.397373621059518,0.0,21.592653925855154,29.51879495838944,0.0,0.0,20.56123854657199,-1546.7999071056516,19.64562788074667,623.9490407824258,20.682793638773079,-1103.1326304841262,19.744984398989368,455.74808257146466,16.72958552509325,22.701621349570329,19.501652059691439,-37.776284849155079,18.388125663721917,269.91325689681869,16.1907569632258,-279.8503078473946,18.958485867792285,-136.12582696249783,1354.224009130865,867.6075400738814,0.0,0.0,0.0,0.0,0.0,0.0,0.0,0.0,0.0,0.0,0.0,0.0,0.0,0.0,0.0,0.0,0.0,0.0,0.0,0.0,0.0,0.0,1.410005213440372,0.430404521807196,436.7012392017984,513.0524251048184,11769.31836181131,0.33596242687315527,0.05127631667783207,305.4093898411181,360.07114068773458,7670.113210823033,1.2794570621203512,0.24177193161760275,316.7142549688786,372.3149608106332,8573.473936193008,0.31323171814014219,0.05918966707107759,267.77232919194048,315.6178638049754,6800.651342290489,0.0,0.0,13.275637676783127,15.853775035546374,235.47173016219706,0.0,0.0,15.629910908709844,18.45208466494389,379.7029183560313,0.0,0.0,116.74514989019906,138.23372067018335,2628.1481463724869,0.0,0.0,52.78233964704828,63.11800927013887,885.1242657442119,0.0,0.0,23.267594449826384,27.503734728475057,545.117791518096,50.43286158923813,34.59044004748849,564.1761712701959,667.7579070918787,14099.370646754061,0.0,0.0,74.78372113209216,90.2742307179725,867.6616865732439,1846.6187607133298,21.532069128683636,33.855821540893369,22.000000000000037,30.000000000000044,0.0,20.593922873979975,35.849321196130379,16.00000000000002,30.000000000000044,1452.8329907770213,21.487026391586526,33.95423628212052,21.42857142857146,30.000000000000044,0.0,20.725532876017558,35.55941952931322,16.00000000000002,30.000000000000044,0.0,16.75673997699208,45.46836378954884,12.000000000000018,30.000000000000044,477.8536137914509,20.157604165640483,36.72748035289969,19.285714285714318,30.000000000000044,0.0,19.225540392484825,39.003042884558798,10.000000000000015,30.000000000000044,399.86647308629406,16.27480602993989,46.91014939961953,16.28571428571431,30.000000000000044,873.7305152661877,19.70356475158918,37.79544712207342,19.42857142857146,30.000000000000044,0.0,19.4403327197735,0.0,0.0,0.0,13.628562443557858,0.0,0.0,459.59757008243317,463.250125305344,460.0469158817158,463.9822416651864,476.13138047405706,711.002575282604,466.49214206449519,483.3356761125607,659.1780426709765,10295.088376401127,81.19752972146415,84.24978178034462,60.000000000000088,0.0,60.000000000000088,60.000000000000088,16.0,16.0,19.0,19.0,16.0,12.0,21.0,10.0,1.0,0.0,1846.6187607133298,0.0,1452.8329907770213,0.0,477.8536137914509,0.0,399.86647308629406,873.7305152661877,4619.103828800166,2771462.2972800957,3608593.8676137768,81.19752972146415,84.30161915308585,0.3482558419123868,0.7688961782389769,0.3602813740196601,84.30161915308585,0.35426478194388807,3608593.8676137768,0.1896602144492497 
 03/20  07:10:00,8.038333333333334,81.33333333333334,8.801666666666666,45.66666666666667,25.333333333333337,0.0,0.0,0.0,2.0,2.0,0.0,0.0,0.0,0.0,0.0,4056.0,0.0,66.95708258376523,25.467647350209889,65.25976971088895,2.0077249669797858,53.43827222315143,0.0,25.467647350209867,34.816204751155527,0.0,0.0,20.619776493561603,-1450.0959614933498,19.689809355163626,551.0581073120529,20.74691533748708,-1250.3803131376477,19.754180555537674,463.43914342215,16.719844271080619,21.5832884430848,19.21326710762155,-24.252970019872519,18.4350555861826,323.75943656620975,17.085321512973459,-353.56347616314238,18.827239503115814,-54.91430210094987,1352.4550615909616,716.5575126830056,0.0,0.0,0.0,0.0,0.0,0.0,0.0,0.0,0.0,0.0,0.0,0.0,0.0,0.0,0.0,0.0,0.0,0.0,0.0,0.0,0.0,0.0,1.3923780201285164,0.42502381566804528,429.6714993721914,504.5385585839301,11513.151654487305,0.3294322780565695,0.05027965171803564,297.95423842577255,351.1041820372897,7434.94084718259,1.2794204374511962,0.24176501085623515,340.0218484236135,399.5122186848388,9169.085271463511,0.31485008440842157,0.059495480802800728,272.73691922512787,321.3766779586008,6854.350759119498,0.0,0.0,13.119385964028517,15.66247873473882,230.50250710719309,0.0,0.0,15.058810710499156,17.788011736526255,353.50312134083517,0.0,0.0,108.81225942531477,128.79703375788297,2440.5534886699499,0.0,0.0,42.61948299563908,50.73171421850522,828.5821423329102,0.0,0.0,17.48313014453249,20.681957283150948,398.76393688115845,51.42169155997131,35.26864990395838,561.863583742567,664.8113505524233,13912.459368980037,0.0,0.0,61.58761508768869,74.3617949756478,694.1470055680597,1840.0457458048259,21.53618012877113,33.85798480209927,21.999999999999994,30.0,0.0,20.593350813236208,35.8800071658778,15.999999999999999,30.0,1815.8399121197159,21.557088006469667,33.821858304049957,21.499999999999998,30.0,0.0,20.674088159413985,35.704711222602508,15.999999999999999,30.0,0.0,16.753481571236756,45.51247996847077,11.999999999999997,30.0,0.0,19.810301933379255,38.988019888528338,18.999999999999998,30.0,0.0,19.27001333698534,38.91536812432658,9.999999999999999,30.0,1333.0834668012893,17.802314127769124,42.6296274307139,20.699999999999997,30.0,0.0,19.450344798619495,39.69177872824632,18.999999999999998,30.0,0.0,19.404764811838925,0.0,0.0,0.0,13.538616239097053,0.0,0.0,460.76438734412246,465.3494006990962,461.17943579969258,465.6281040628848,473.96642710341998,746.0478908573562,465.36281791954107,486.55544529777117,683.3720994933937,9970.505153394028,81.41218593567486,84.88568015315764,60.0,0.0,60.0,60.0,16.0,16.0,19.0,19.0,19.7,12.0,21.0,10.0,1.0,0.0,1840.0457458048259,0.0,1815.8399121197159,0.0,0.0,0.0,1333.0834668012893,0.0,5256.725028779347,3154035.017267608,4103424.8416549668,81.41218593567486,84.94467161617993,0.3452241676259782,0.7679288098807786,0.3602813740196595,84.94467161617993,0.3542647819438874,4103424.8416549668,0.2154180917660583 
 03/20  07:20:00,8.116666666666668,80.66666666666667,9.083333333333334,54.333333333333339,31.666666666666669,0.0,0.0,0.0,2.0,2.0,0.0,0.0,0.0,0.0,0.0,6760.0,0.0,79.5579911449003,28.73495499926705,73.6321367135493,2.385567544670161,63.49503701568073,0.0,28.734954999267026,39.28286201754229,0.0,0.0,20.65685819368386,-1476.6738445180743,19.733118847567554,515.6986986516223,20.744238659395074,-1184.9233849090495,19.792859774929199,445.2989544932901,16.707570306025834,20.70595476207169,19.04927475359069,-21.452823244783528,18.578171605196567,345.0035425288071,18.025302261592395,-184.8317382788841,18.86188005642928,-199.65544045678599,1352.0562939396194,644.9595592996137,0.0,0.0,0.0,0.0,0.0,0.0,0.0,0.0,0.0,0.0,0.0,0.0,0.0,0.0,0.0,0.0,0.0,0.0,0.0,0.0,0.0,0.0,1.401140855247562,0.4276986737629921,416.9403817960043,489.6457564600104,11106.19598407629,0.32738665536693997,0.04996743824281746,291.2820358090995,343.25756062447069,7229.557316936911,1.2779160328034765,0.24148073182227465,328.63787688827019,386.20532683294166,8798.805055892559,0.3147789812919347,0.05948204483974578,275.08387148413297,324.17579348495749,6870.013325345264,0.0,0.0,12.729301344688436,15.198458832212547,221.35742657725417,0.0,0.0,15.271200512281009,18.052532406757626,347.81369165418018,0.0,0.0,94.87921239119607,112.22796366995269,2151.806018156355,0.0,0.0,19.06286781384786,22.594434245728548,420.43487660994676,0.0,0.0,20.93567543891169,24.767336939021079,461.6872223791284,52.45948833585918,35.98044467480055,557.5007478137454,659.7230621140483,13737.043492758368,0.0,0.0,52.8902772197443,63.876787982315267,578.2852816732058,1829.854391608903,21.53169555023508,33.91701190227351,22.0,30.000000000000008,0.0,20.60821656824607,35.92386345696631,16.000000000000005,30.000000000000008,1371.4981531038303,21.475130968426919,34.03868891353372,21.400000000000007,30.000000000000008,0.0,20.681798499604864,35.768607879249987,16.000000000000005,30.000000000000008,0.0,16.744309341394609,45.574822466193349,12.0,30.000000000000008,0.0,19.530779536051328,41.491131832668809,19.000000000000005,30.000000000000008,0.0,19.484548427601465,38.50163466066076,10.000000000000002,30.000000000000008,1276.576886659698,19.33968957211257,38.756899747428708,20.700000000000004,30.000000000000008,290.68742363410697,19.16205364052809,41.85710799481897,19.100000000000006,30.000000000000008,0.0,19.40307396723036,0.0,0.0,0.0,13.457023095742779,0.0,0.0,463.8530990234382,469.28359816110437,463.990010546367,469.9301044928407,472.0003505435852,792.776667087734,469.75310222748257,483.6571562893127,722.7880397142734,10041.104736244404,81.36547858887825,84.2430574037304,60.000000000000017,0.0,60.000000000000017,60.000000000000017,16.0,16.0,19.0,19.0,19.7,12.0,21.0,10.0,1.0,0.0,1829.854391608903,0.0,1371.4981531038303,0.0,0.0,0.0,1276.576886659698,290.68742363410697,4354.715107132233,2612829.0642793399,3408320.435729716,81.36547858887825,84.29192824491267,0.3491571702377412,0.7685584111491686,0.36028137401965967,84.29192824491267,0.35426478194388769,3408320.435729716,0.17927266265794529 
 03/20  07:30:00,8.195,80.0,9.365,63.0,38.0,0.0,0.0,0.0,2.0,2.0,0.0,0.0,0.0,0.0,0.0,3380.0,0.0,92.17395152153611,31.476747945234928,80.65790408199207,2.7638617698606287,73.5638180528722,0.0,31.4767479452349,43.031100843038078,0.0,0.0,20.75874203885776,-1433.158304278262,19.781992547929528,575.3586354258681,20.540230294864654,-1318.6551200051047,19.84950822756678,512.7872320232284,16.695344017472928,22.343690319856245,18.918417761229354,-25.570897431751477,18.68508371053987,335.1746979093093,18.732674362467969,-61.052840868183199,19.08661302170703,-127.1536798080594,1379.8957275401998,441.9727864630389,0.0,0.0,0.0,0.0,0.0,0.0,0.0,0.0,0.0,0.0,0.0,0.0,0.0,0.0,0.0,0.0,0.0,0.0,0.0,0.0,0.0,0.0,1.3896265552377348,0.42418393017024877,425.62830337529689,499.3080639872933,11344.614991865321,0.33387411807698916,0.050957588229088707,307.3349220549288,361.8446953611967,7600.605502997179,1.2745685105555516,0.24084816903921997,358.56946848936277,421.00232205983948,9549.800665797708,0.31942497957517848,0.060359973464697357,284.3127212753406,334.72995149570917,7084.764188092416,0.0,0.0,13.265584863722785,15.827684996051012,228.30685679403028,0.0,0.0,15.889943354164956,18.780965706438825,352.59328244653059,0.0,0.0,84.05104834411358,99.29981524760632,1916.052460220427,0.0,0.0,17.011717893508594,20.02678012510399,417.7869616562046,0.0,0.0,16.932141323200708,19.978855330402256,393.3002256241499,53.55423624794206,36.73130058157893,582.4913888075877,688.6424008578823,14284.382204671441,0.0,0.0,33.224498328275419,40.135434480566079,345.54383674645899,1846.6231556287394,21.63433730174671,33.737867295040249,22.0,30.0,0.0,20.645405458215543,35.906831518802359,16.0,30.0,1429.7870727204257,21.4977267488148,34.035221408573267,21.4,30.0,0.0,20.735427376311486,35.69621408466422,16.0,30.0,0.0,16.734561897585104,45.67500704322091,12.000000000000002,30.0,0.0,19.308724376934177,43.25761262521875,19.0,30.0,0.0,19.626663691332177,38.19346768039904,10.0,30.0,821.1719165617174,20.54174007227262,36.16468273813262,20.5,30.0,606.859414417902,19.852264632772113,40.905114098579989,19.400000000000003,30.0,0.0,19.458384984254694,0.0,0.0,0.0,13.231867094132327,0.0,0.0,465.85425153828728,472.49702200167186,466.22544645898958,471.2139156452173,471.50224441016646,821.0205205846917,468.59853576851529,491.6545494550727,736.4967199800352,10561.409815884354,81.02128032529076,84.17016655630329,60.0,0.0,60.0,60.0,16.0,16.0,19.0,19.0,19.7,12.0,21.0,10.0,1.0,0.0,1846.6231556287394,0.0,1429.7870727204257,0.0,0.0,0.0,821.1719165617174,606.859414417902,4764.817550594621,2858890.5303567724,3721336.119363891,81.02128032529076,84.22364509809074,0.3628272516864874,0.769336351444273,0.36028137401965956,84.22364509809074,0.35426478194388757,3721336.119363891,0.1955494782069223 
 03/20  07:40:00,8.273333333333334,79.33333333333334,9.646666666666667,70.83333333333333,47.83333333333333,0.0,0.0,1.0,2.0,0.0,0.0,0.0,0.0,0.0,4.0,2704.0,0.0,103.97168023801595,33.76670511800906,86.52586937720256,3.1176219953725119,82.9795801545248,0.0,33.76670511800903,46.161645910760018,0.0,0.0,20.743845839503544,-1442.0210157313787,19.821828221175204,475.4984949363011,20.798292767493039,-1343.215196179141,19.955045735327699,551.2797052356541,16.68299454476334,19.758021999018284,18.822478607278734,-23.207090212443263,18.260098178958857,-222.90569278016893,18.499699681397695,-23.26312544321786,18.783371928368255,-56.90416685122034,1400.2940600581842,1032.035149425913,0.0,0.0,0.0,0.0,0.0,0.0,0.0,0.0,0.0,0.0,0.0,0.0,0.0,0.0,0.0,0.0,0.0,0.0,0.0,0.0,0.0,0.0,1.4888924016174577,0.45448486007858909,362.35863961330758,425.09221887133858,9546.530822174744,0.3406583066227088,0.05199302604131698,288.84224015049946,339.87447146127877,7101.080446663706,1.1737346069798598,0.22179414342023058,308.6975264212117,361.98950692219469,8238.239186447012,0.31245004530110279,0.05904195867367776,302.2491267536635,355.46385449428046,7559.169974719558,0.0,0.0,13.2223669222132,15.769349972729156,225.1457826115227,0.0,0.0,15.733171557902838,18.595659319800693,341.8530853530122,0.0,0.0,159.6080322209923,189.03107122846354,3324.4350891170809,0.0,0.0,17.26687208550589,20.36381780325252,399.8998568390691,0.0,0.0,104.91468023063416,123.9841355340829,2305.631370274038,54.645164378509438,37.47953661077466,581.1541987268277,686.570731905688,14230.51510423134,0.0,0.0,92.62917291488495,111.46758737299222,1087.392425761143,1805.7313577236283,21.54084774496272,34.03767443382751,22.0,30.0,0.0,20.651889617755687,35.951616198336569,16.0,30.0,1529.997616104731,21.66939614489074,34.36145613234257,21.5,30.0,0.0,20.866612830705429,35.80048894998203,19.0,30.0,0.0,16.723237490346088,45.8814545944483,12.0,30.0,0.0,19.151068974190879,44.30101100622757,19.0,30.0,0.0,18.70976761483807,40.869954615500407,10.0,30.0,406.24743183346387,19.895128148019368,38.988537330191999,19.95,30.0,0.0,19.294636163150778,39.98688538699814,12.0,30.0,0.0,19.513901818434748,0.0,0.0,0.0,14.014803629290944,0.0,0.0,472.6919357570463,475.5094785954294,506.64848834823757,492.1209063872954,479.41066136387368,831.731302503337,501.5545306663065,566.3165496797562,546.2755135556621,9935.589694603976,81.43526239719648,84.93114123773856,220.0,0.0,220.0,220.0,16.0,19.0,19.0,12.0,19.7,12.0,21.0,10.0,1.0,0.0,1805.7313577236283,0.0,1529.997616104731,0.0,0.0,0.0,406.24743183346387,0.0,5290.5688846936159,3174341.3308161695,4115415.574654795,81.43526239719648,84.99051286597227,0.34635229615645388,0.7696343463162214,0.36028137401965956,84.99051286597227,0.3542647819438875,4115415.574654795,0.22148160988204936 
 03/20  07:50:00,8.351666666666667,78.66666666666666,9.928333333333335,78.66666666666666,57.666666666666667,0.0,0.0,1.0,2.0,0.0,0.0,0.0,0.0,0.0,4.0,2028.0,0.0,115.83027470210966,35.576342300300918,91.16304504310975,3.473207735446919,92.4439238387334,0.0,35.57634230030089,48.635557136150769,0.0,0.0,20.750784100603516,-1590.7558257719589,19.84623288538428,480.65502584498588,20.854999065737624,-1225.328147378611,19.970311455134899,430.466190136984,16.66683847340466,15.952567606275345,18.74508432740142,-30.864584736804156,17.800441198686273,-72.22986502328064,18.868981802823599,-123.52723464771424,18.4621624299106,-127.76377397782997,1367.422993079028,1139.0749233242007,0.0,0.0,0.0,0.0,0.0,0.0,0.0,0.0,0.0,0.0,0.0,0.0,0.0,0.0,0.0,0.0,0.0,0.0,0.0,0.0,0.0,0.0,1.4410145475582086,0.439870130512274,369.89003135823568,433.7133319580213,9661.768252283422,0.3329362924788015,0.05081445245402959,290.30580086364247,341.39275619433206,7088.93485329643,1.227306163055078,0.23191726437170807,268.6207320902819,314.67321426345839,7084.813420633793,0.309644996726809,0.05851190414338797,262.84820645828577,308.73944243845497,6520.657322751485,0.0,0.0,13.641935802386872,16.26035004078494,229.60612793905629,0.0,0.0,16.584873491869226,19.59494835417942,353.8947767361958,0.0,0.0,192.689981136842,228.66276783215754,3703.864661984318,0.0,0.0,32.64960576406406,38.38191239696502,786.9563909642254,0.0,0.0,121.70346977923542,144.02972489782418,2530.9391754242099,55.64439203240654,38.164877937178747,543.2452667960151,641.369763271048,13208.461551223785,0.0,0.0,119.51849442558822,143.4535955225424,1522.1081948399297,1854.9243405230046,21.508242645650808,34.22576111397619,22.000000000000019,30.00000000000002,0.0,20.649173822997939,36.10401743505047,16.000000000000015,30.00000000000002,1836.3061903967187,21.66871116366032,34.68685613359917,21.666666666666687,30.00000000000002,0.0,20.806198766464239,36.51288170633349,19.000000000000015,30.00000000000002,0.0,16.704508458102084,46.29708473338304,12.00000000000001,30.00000000000002,4.270326237858492,19.031980788161865,44.980222011584647,19.000000000000015,30.00000000000002,0.0,17.94282284305214,43.10672561125463,10.000000000000007,30.00000000000002,660.9672179341449,20.53109285872607,38.08236248684024,20.36666666666668,30.00000000000002,0.0,18.756603672879778,40.88184013643735,12.00000000000001,30.00000000000002,0.0,19.399854807370237,0.0,0.0,0.0,14.594096657308218,0.0,0.0,479.95790799770909,483.8096023882042,525.4154574977504,524.1127026499153,500.45924990507776,839.1461916170749,514.3006402449382,601.1675967882426,511.24354021109346,9550.678207448866,81.68976870537752,84.1002600189862,220.00000000000018,0.0,220.00000000000018,220.00000000000018,16.0,19.0,19.0,12.0,19.7,12.0,21.0,10.0,1.0,0.0,1854.9243405230046,0.0,1836.3061903967187,0.0,4.270326237858492,0.0,660.9672179341449,0.0,3647.84798277209,2188708.789663252,2842322.147215302,81.68976870537752,84.14119816377327,0.34826159942573656,0.7708848886808559,0.3602813740196598,84.14119816377327,0.3542647819438878,2842322.147215302,0.15508519609964017 
 03/20  08:00:00,8.43,78.0,10.21,86.5,67.5,0.0,0.0,1.0,2.0,0.0,0.0,0.0,0.0,0.0,4.0,2704.0,0.0,131.33174996082523,39.764560403006189,101.89520373736375,3.9380238088176324,104.81561540442972,0.0,39.76456040300616,54.361168811274009,0.0,0.0,20.752733196514997,-1539.3807278878085,19.860074147325855,423.5226811526268,20.781697332874935,-871.4123684116978,19.975000279364438,213.32761178676788,16.648871441007797,13.189941948321178,19.259637184898389,-72.43688157744924,17.70520949795705,79.80361548586689,18.715329600217897,-122.9257676255508,18.207546310335109,-113.69204070442879,1333.516108894055,939.3460225756395,0.0,0.0,0.0,0.0,0.0,0.0,0.0,0.0,0.0,0.0,0.0,0.0,0.0,0.0,0.0,0.0,0.0,0.0,0.0,0.0,0.0,0.0,1.4306673905069363,0.43671165766389999,356.84509198167907,418.5539154815097,9220.866903684524,0.32440032202402549,0.049511648660565548,274.04100743574079,322.34434602140535,6633.144394029612,1.318162719904389,0.249085925907859,221.02083626712824,259.4184104337728,5691.01243168122,0.29848067378452167,0.056402243723454568,219.85791352084284,258.57503476554288,5383.381386923639,0.0,0.0,13.724799784964614,16.36282906082796,228.1893155852592,0.0,0.0,17.657785033844179,20.8063927241867,402.8089985878357,0.0,0.0,183.73414617949983,218.21144194875809,3467.9126395218879,0.0,0.0,32.81818135989647,38.67223130303172,758.8006645457656,0.0,0.0,109.5571416294648,129.89649213304598,2179.17011748499,56.64521649190321,38.85131446632595,483.90412367806609,571.8281463462217,11719.256908557827,0.0,0.0,108.33904826426589,130.1220555055962,1364.146464271025,1850.2022928390723,21.445168906623377,34.598288463705959,22.0,30.0,0.0,20.621512855704184,36.38469196205541,16.0,30.0,941.4061128421959,21.37818027154025,35.673521222269389,21.25,30.0,0.0,20.744105526728889,36.86596869035276,19.0,30.0,0.0,16.682515576670089,46.56788568453395,12.0,30.0,800.361166007817,19.88273085650733,42.72803511667097,19.75,30.0,0.0,17.844274294865618,43.47669870442158,10.0,30.0,722.9162126875174,20.04866450421904,39.19471391801677,20.2,30.0,0.0,18.355083384809669,42.0312989683167,12.0,30.0,0.0,19.312594133227763,0.0,0.0,0.0,14.59550297496792,0.0,0.0,493.9404781437341,495.5610789698918,541.9144055038372,532.630377284621,510.06856656600299,835.1131130799902,514.792865186005,596.2422649487576,514.0960417082115,9917.419811368354,81.44733065179674,83.14837058752666,220.0,0.0,220.0,220.0,16.0,19.0,19.0,12.0,19.7,12.0,21.0,10.0,1.0,0.0,1850.2022928390723,0.0,941.4061128421959,0.0,800.361166007817,0.0,722.9162126875174,0.0,2574.3798659550968,1544627.919573058,2000559.6319751756,81.44733065179674,83.17725989270039,0.34081266219850328,0.7694667828338864,0.36028137401965956,83.17725989270039,0.3542647819438875,2000559.6319751756,0.11111798975159799 
 03/20  08:10:00,8.57,77.33333333333333,10.166666666666668,94.33333333333334,77.33333333333334,0.0,4.0,0.0,0.0,0.0,0.0,0.0,0.0,0.0,0.0,3380.0,0.0,143.4056092241527,40.53309189942085,103.86461094856075,4.300065073161035,114.45176958297074,0.0,40.53309189942081,55.411809632899167,0.0,0.0,20.751182304297666,-1657.477633566341,19.872791655193106,430.27142099339906,20.826610139958114,-391.0998887988563,19.89604082832489,-20.577127605180026,16.634505841388206,18.786803727619114,19.030930014288715,-166.53921753330563,18.07676932945781,417.01959616518379,18.48995094359703,-75.56911201360775,17.934602879245064,-476.7283731929718,1171.6894194325149,915.9513116333803,0.0,0.0,0.0,0.0,0.0,0.0,0.0,0.0,0.0,0.0,0.0,0.0,0.0,0.0,0.0,0.0,0.0,0.0,0.0,0.0,0.0,0.0,1.4272880510018058,0.4356801132484145,402.30565700743707,471.9824310643121,10181.322698374572,0.32486727890995639,0.04958291802655013,274.2458219531268,322.6128904605086,6553.467126346688,1.257673143837097,0.2376555449427622,128.83296500467098,151.09669596865425,3295.330718922348,0.3173367400401887,0.0599653703779646,20.800486054649359,24.471414307780639,500.59482227345287,0.0,0.0,12.426965344119389,14.817101427142852,202.7138883736922,0.0,0.0,71.30448138387065,84.22431823789887,1548.0386480082419,0.0,0.0,219.40063854333628,259.77710866570257,4398.783919784055,0.0,0.0,28.341456850761046,33.44697841148482,630.3301614168947,0.0,0.0,100.63981431228587,119.41481062620596,1867.320217453735,56.168026210026308,38.524023463666889,328.70556639124495,388.868021038008,7901.460832560901,0.0,0.0,107.41131276875706,128.84185091516208,1334.2075538883156,1823.625209314284,21.361778165965199,35.06753399071696,22.0,30.0,0.0,20.60659370953808,36.69708838382657,16.0,30.0,750.4313631109629,21.462255955148696,34.944701285894009,21.200000000000004,30.0,0.0,20.518360961946404,40.336027829365367,19.0,30.0,0.0,16.668077060830386,46.97477553991226,12.000000000000002,30.0,0.0,19.426942886193286,41.12716550094307,16.0,30.0,0.0,18.59026469593761,42.35179859315361,10.0,30.0,0.0,19.672424314876844,39.709234975524939,16.0,30.0,0.0,17.906494769470688,43.64627921608677,12.000000000000002,30.0,0.0,18.81354160608753,0.0,0.0,0.0,14.551924923406716,0.0,0.0,508.98283732419847,509.3335366349123,512.8810392340704,706.1054896729531,527.3109724635708,634.8123085735922,565.8541778696931,571.8630055091043,535.2245112329399,9104.61869301859,81.98476966527453,83.36757082151053,132.0,0.0,132.0,132.0,16.0,19.0,16.0,12.0,16.0,12.0,21.0,10.0,1.0,0.0,1823.625209314284,0.0,750.4313631109629,0.0,0.0,0.0,0.0,0.0,2092.7190353840885,1255631.4212304529,1625794.2005476668,81.98476966527453,83.39105537572822,0.3417573011794696,0.7675967216671193,0.36028137401965956,83.39105537572822,0.35426478194388757,1625794.2005476668,0.08867729842847867 
 03/20  08:20:00,8.71,76.66666666666667,10.123333333333335,102.16666666666667,87.16666666666667,0.0,4.0,0.0,0.0,0.0,0.0,0.0,0.0,0.0,0.0,2704.0,0.0,155.47594366201944,41.23960994818365,105.67511513844603,4.662001079260844,124.08511533895207,0.0,41.23960994818362,56.37767337004998,0.0,0.0,20.711754084312877,-1392.775852088801,19.873409775069719,355.4169465391178,20.484797844428365,-453.4215177277938,19.867499405903915,-43.51296317334656,16.63339519302574,28.295315758917086,18.777144738925164,-43.28436806134488,18.20883089748692,93.39797903813587,17.917338805249125,-16.694085698818897,17.43546624908955,-567.766303223207,1107.3890788685936,1222.6814588591777,0.0,0.0,0.0,0.0,0.0,0.0,0.0,0.0,0.0,0.0,0.0,0.0,0.0,0.0,0.0,0.0,0.0,0.0,0.0,0.0,0.0,0.0,1.4194385350362174,0.43328404610385148,370.6816463929152,434.8196183518978,9268.350034686322,0.319718402039899,0.04879706990840949,261.7154453312493,307.8169351746725,6160.6830767917549,1.282899144887,0.24242236297940296,127.85367372022825,150.12245657552419,3182.666365732544,0.2994539915702552,0.056586166207531197,19.083653019665396,22.44276862893204,450.53764937882627,0.0,0.0,11.874215200387546,14.149794949361953,190.53221426174995,0.0,0.0,47.28396010923653,55.904152660213799,974.9333860384955,0.0,0.0,265.9432329295936,314.6242909335692,5321.859481521887,0.0,0.0,17.919485977908388,21.21395545567588,358.47861840364387,0.0,0.0,173.65420203336596,206.5620241875092,2923.6336835757467,55.71520710125177,38.2134479432454,296.68787327105965,351.09151779241406,7044.919747720431,0.0,0.0,179.3942160026899,214.6279979881593,2438.385582040684,1791.6812181616193,21.331719001788586,35.14226093574624,22.0,30.0,0.0,20.56517146321552,36.86151098817176,16.0,30.0,133.31291864814629,21.135652270487478,35.493282359796278,21.0,30.0,0.0,20.422602036532127,43.44903543649281,19.0,30.0,0.0,16.67703774964668,47.26785703310557,12.0,30.0,0.0,19.02659719215639,41.20721015057427,16.0,30.0,0.0,18.730136695615398,41.6401248786687,10.0,30.0,0.0,18.673723487201106,42.01130437475425,16.0,30.0,0.0,17.104493667710775,46.26971030147516,12.0,30.0,0.0,18.68325088096432,0.0,0.0,0.0,15.378511203381264,0.0,0.0,509.6486479753528,512.2396763094949,505.1545642213242,881.7501692856545,542.0682166335416,567.053269075314,541.6990140780532,558.5532332114947,553.3259082842067,8406.325092321038,82.4464848200989,82.4464848200989,132.0,0.0,132.0,132.0,16.0,19.0,16.0,12.0,16.0,12.0,21.0,10.0,1.0,0.0,1791.6812181616193,0.0,133.31291864814629,0.0,0.0,0.0,0.0,0.0,0.0,0.0,0.0,82.4464848200989,82.4464848200989,0.34,0.7691334413006541,0.36028137401965956,82.4464848200989,0.3542647819438875,0.0,0.004157999999999999 
 03/20  08:30:00,8.85,76.0,10.08,110.0,97.0,0.0,4.0,0.0,0.0,0.0,0.0,0.0,0.0,0.0,0.0,2704.0,0.0,167.53662620830463,42.08251236324236,107.83509939510472,5.0236480882663969,133.7107624893273,0.0,42.08251236324233,57.52998487587448,0.0,0.0,20.97738614841405,-1226.9878965773924,19.89309665291968,549.4183366636819,20.949855162489987,-1432.5322415446295,19.853632763083469,-25.65313026426935,16.633517977522318,27.119889205101587,18.611654236464728,-53.550074930683368,18.027978398979266,99.3268377757945,17.538666898490726,-18.826780271640844,17.16199474718527,-395.19639118149396,1214.023154647126,1134.6146096188789,0.0,0.0,0.0,0.0,0.0,0.0,0.0,0.0,0.0,0.0,0.0,0.0,0.0,0.0,0.0,0.0,0.0,0.0,0.0,0.0,0.0,0.0,1.4489895861001386,0.44230451346158075,438.392669166495,513.3114180680655,11182.249051155175,0.3537619412789701,0.05399297028067309,284.9344501609335,334.6025462963601,6665.51510143454,1.0264984120290069,0.19397173318764308,236.01480987233408,276.3506596092858,6109.280152654081,0.3214862229243708,0.060749475231362568,28.328620026568477,33.27970237018593,654.9116367877846,0.0,0.0,11.928189146832203,14.208661584297968,188.1861575794873,0.0,0.0,47.05432112455196,55.65450403516393,931.681995205664,0.0,0.0,284.0538932703172,336.4029413771183,5421.232628851192,0.0,0.0,11.666287797278065,13.832197141829474,214.50160442536353,0.0,0.0,188.98773550163436,225.0918504374801,3003.906020726332,55.48538810865044,38.055821748045577,369.7983237668746,437.2486551446399,8469.775281587334,0.0,0.0,195.43717174181038,233.76863343250336,2639.449383563753,1654.686455450868,21.747090607338703,34.446688474590377,22.0,30.0,0.0,20.584530729920428,36.97265159151971,16.0,30.0,2425.86744451779,21.9432989845745,34.0579843259771,22.0,30.0,0.0,20.373219693547477,44.38531555578182,19.0,30.0,0.0,16.684579105501034,47.28400260326108,12.0,30.0,0.0,18.760737894874518,41.595781101955818,16.0,30.0,0.0,18.386287365317395,42.45786574677128,10.0,30.0,0.0,18.03371928302595,43.60812873975752,16.0,30.0,0.0,16.745694217010099,47.13855993083656,12.0,30.0,0.0,18.838795510603249,0.0,0.0,0.0,15.509937865213776,0.0,0.0,520.7528230841904,520.3646298573383,521.4710650786341,933.5617589357016,540.8451199153141,544.0397193324022,532.1099764948685,550.0351451550299,537.7351548623467,10464.106964575898,81.08573527581179,84.70171409249713,132.0,0.0,132.0,132.0,16.0,19.0,16.0,12.0,16.0,12.0,21.0,10.0,1.0,0.0,1654.686455450868,0.0,2425.86744451779,0.0,0.0,0.0,0.0,0.0,5472.135123322477,3283281.0739934865,4251935.26246697,81.08573527581179,84.7631254170303,0.3524045041107492,0.7699817377490252,0.36028137401965956,84.7631254170303,0.3542647819438875,4251935.26246697,0.2252806336482825 
 03/20  08:40:00,8.99,75.33333333333333,10.036666666666667,121.83333333333333,117.83333333333334,0.0,0.0,1.0,2.0,0.0,0.0,0.0,0.0,0.0,0.0,6084.0,0.0,185.55166991117768,45.408237507692529,116.35723704514369,5.56384223571732,148.0886145544453,0.0,45.408237507692508,62.076503287371568,0.0,0.0,20.939075630205929,-1495.8205402708414,20.011854638460684,459.3276223993513,20.88521439564859,-1571.9228978913243,19.9215784879504,562.8999625048159,16.632503180170326,28.157435299848097,19.204346123194769,-79.5496092070164,17.998546428533815,52.64109384741731,18.359017936800094,-90.7864471467604,17.021306075679797,-309.4650112935715,1298.9127016955336,1171.6723974777177,0.0,0.0,0.0,0.0,0.0,0.0,0.0,0.0,0.0,0.0,0.0,0.0,0.0,0.0,0.0,0.0,0.0,0.0,0.0,0.0,0.0,0.0,1.3274808015649576,0.4052139198916241,416.1759066495108,487.6784007177832,10413.889229559869,0.31427543892820766,0.04796633683275464,286.57323097462048,336.7786783745689,6676.824821225107,1.222161973415219,0.2309451952787645,393.2032505748881,460.5290903024938,9839.633994199112,0.3226945554969827,0.060977807161183537,323.1539249653025,379.90311540557595,7421.165334773353,0.0,0.0,12.810158112163054,15.266607476561762,198.54759574831545,0.0,0.0,18.991652043915047,22.39693766979382,405.1733536652681,0.0,0.0,268.50252445843577,318.1870742986583,5017.073835133911,0.0,0.0,25.98313460708406,30.63110436986122,546.7723705309743,0.0,0.0,206.1648867687529,245.776190302429,3153.7856364585529,55.1556388735327,37.82965629186066,600.4817558222137,708.5120446371075,13716.467056906231,0.0,0.0,212.53986580280887,254.12979674023206,2896.408959836001,1854.2898903406786,21.62558449863241,35.52178012402317,22.000000000000047,30.000000000000065,0.0,20.73984198243047,37.38043992855821,16.000000000000033,30.000000000000065,1684.7905055339734,21.546516428415179,35.739234780429729,21.44444444444449,30.000000000000065,0.0,20.554827996780717,38.17144607287304,16.000000000000033,30.000000000000065,0.0,16.689127714334409,47.337816117114218,12.000000000000029,30.000000000000065,943.6226154316536,19.705902611936396,40.300091194020058,19.66666666666671,30.000000000000065,0.0,18.32872725438179,43.00167825392654,10.000000000000022,30.000000000000065,1331.946163931154,19.308625671216118,40.95318929325213,20.700000000000047,30.000000000000065,0.0,16.58649239794636,47.770188183777,12.000000000000029,30.000000000000065,0.0,19.499113686322955,0.0,0.0,0.0,15.71917426456036,0.0,0.0,572.5666640770157,565.9312343774643,574.5111445073305,587.2840649599083,540.4003905527959,617.3772653033126,549.5594440962394,596.428109297174,541.7168750434365,10222.523766543429,81.24554193008913,85.04848672168055,60.00000000000013,0.0,60.00000000000013,60.00000000000013,16.0,16.0,19.0,12.0,19.7,12.0,21.0,10.0,1.0,0.0,1854.2898903406786,0.0,1684.7905055339734,0.0,943.6226154316536,0.0,1331.946163931154,0.0,5755.398945207308,3453239.367124375,4508413.687187921,81.24554193008913,85.11307334915205,0.3429577426180216,0.7660857962975758,0.36028137401966039,85.11307334915205,0.3542647819438883,4508413.687187921,0.23634751173377198 
 03/20  08:50:00,9.129999999999999,74.66666666666667,9.993333333333333,133.66666666666667,138.66666666666667,0.0,0.0,1.0,2.0,0.0,0.0,0.0,0.0,0.0,0.0,1352.0,0.0,215.43447822764427,49.8131122844911,127.64464068976625,6.459885900720087,171.9380071151611,0.0,49.813112284491079,68.09830106175278,0.0,0.0,20.886366375973787,-1765.9039553077774,20.07386486764672,444.47840130370607,20.306745876013154,-196.7442750214168,19.970551038905066,63.570432245524447,16.631410979343124,27.733283514519969,19.159343054553923,-77.52173244302009,17.936704244269096,89.56585586992515,19.15651620515358,-220.4524361659611,16.94262044245385,-255.73445814969183,1277.2399532188229,1161.8651210081385,0.0,0.0,0.0,0.0,0.0,0.0,0.0,0.0,0.0,0.0,0.0,0.0,0.0,0.0,0.0,0.0,0.0,0.0,0.0,0.0,0.0,0.0,1.2680776255129565,0.38708108226891227,487.80296666245206,570.6014258942063,11836.414635249756,0.28766772434881618,0.043905330334068407,271.1598012907923,318.0226634333012,6267.516691625508,1.3295745297978319,0.2512423525695073,355.45091582952287,416.8260448287154,8225.39801369092,0.30000248009198918,0.05668981105290799,215.98064115939824,253.67005582946497,4942.170229441896,0.0,0.0,12.841739934294982,15.273621166390678,195.49374830527467,0.0,0.0,19.164731568762237,22.55860232124406,398.82212030587939,0.0,0.0,270.6115907236905,320.1475115458735,4928.679898121734,0.0,0.0,37.61090338453398,44.08470575664567,866.1538217420025,0.0,0.0,212.04316315759315,252.34204708002228,3154.061571614775,54.67319287396492,37.49876054455757,604.2971401329983,711.5758589551551,13680.22937849529,0.0,0.0,219.44873065998503,261.66447196722938,3022.8290064641184,1893.8543910792647,21.448804722682355,35.86843098336752,22.0,30.0,0.0,20.790832768701244,37.421635803480359,16.0,30.0,157.30339074193283,20.76746188176813,37.50694108171268,21.0,30.0,0.0,20.55293283900403,37.86263295535743,16.0,30.0,0.0,16.691343972063586,47.528229466486539,12.0,30.0,0.0,19.576905315907525,42.481321412412928,19.0,30.0,0.0,18.22867251360139,43.383865373622217,10.0,30.0,899.3260611706858,20.74533495720256,38.07663063401981,20.7,30.0,0.0,16.513062751236505,48.2056773780587,12.0,30.0,0.0,19.580045925664803,0.0,0.0,0.0,15.937165336402785,0.0,0.0,569.833999733926,575.8222000496605,576.535899820553,568.4369595693197,546.1959864045814,728.1688572551889,555.2434479338217,623.2829083043787,551.2647863092575,10439.509174236582,81.10202256560325,84.66965724891489,60.0,0.0,60.0,60.0,16.0,16.0,19.0,12.0,19.7,12.0,21.0,10.0,1.0,0.0,1893.8543910792647,0.0,157.30339074193283,0.0,0.0,0.0,899.3260611706858,0.0,5399.053195857639,3239431.9175145837,4194572.106678631,81.10202256560325,84.73024752957187,0.34996843986192135,0.772152625844453,0.36028137401965956,84.73024752957187,0.3542647819438875,4194572.106678631,0.2200144162139555 
 03/20  09:00:00,9.27,74.0,9.95,145.5,159.5,0.0,0.0,1.0,2.0,0.0,0.0,0.0,0.0,0.0,0.0,2704.0,0.0,247.65882473163993,54.21268205222331,138.9184559540933,7.426140146943204,197.65616395005447,0.0,54.21268205222328,74.11284648654233,0.0,0.0,20.811643163893846,-1223.3025228519296,20.12082313857401,456.8816905016736,21.053067477779476,-1535.4316034143988,20.020351924471126,584.1614941792288,16.629824638441009,26.90599285080333,19.045760304928966,-70.5933796384617,17.911712723032325,97.56871502636568,18.849915777451839,-172.50961689671898,16.929079824084054,-181.99183173949246,1240.227117953008,1081.2700290786698,0.0,0.0,0.0,0.0,0.0,0.0,0.0,0.0,0.0,0.0,0.0,0.0,0.0,0.0,0.0,0.0,0.0,0.0,0.0,0.0,0.0,0.0,1.2828003453625226,0.391575196997107,432.9518649199842,506.95206467375939,10505.674426663372,0.2976546582967585,0.045429587652130429,267.1240909042044,313.4109283620784,6117.8087708471089,1.1172797484857025,0.2111261807418184,393.8393574661136,460.8061913452067,9760.731896195415,0.3097405378457623,0.058529958020741148,310.1158920483909,364.0094733502923,7067.943089058493,0.0,0.0,12.730581508756528,15.15443455542066,190.15280514762686,0.0,0.0,18.952996975374146,22.34394084558256,381.1568975386117,0.0,0.0,263.5726324436135,312.1388287721177,4707.942144552364,0.0,0.0,40.77312896564243,47.99639939777603,870.6112719697192,0.0,0.0,207.78977802020979,247.48955189826635,3044.5558451739809,54.345112689542649,37.273739841935988,579.6203351475941,683.0584680071193,12995.257080142133,0.0,0.0,215.30694269459566,256.9025585386642,2940.1355547859686,1484.5356348246478,21.551682501802376,35.54314052993942,21.75,30.0,0.0,20.809295075737468,37.29130205439874,16.0,30.0,2071.3226082562748,21.764700206866029,35.070481771571198,21.5,30.0,0.0,20.701755416873618,37.45825949950845,16.0,30.0,0.0,16.69135561524932,47.66828744263106,12.0,30.0,0.0,19.362812015144116,43.88151963518148,19.0,30.0,0.0,18.19429485762724,43.63468317221253,10.0,30.0,339.3229276241181,20.001416508926544,40.005336903667707,19.95,30.0,0.0,16.546356311834744,48.4482863785708,12.0,30.0,0.0,19.54720916591546,0.0,0.0,0.0,16.02213497577057,0.0,0.0,562.7344837478642,570.5191178382527,561.2554846127866,564.3473624488904,551.5800913977673,775.7874446092417,562.9646564327896,622.9685317501932,566.604796789519,9560.225045752039,81.68352415866673,83.38575250041359,60.0,0.0,60.0,60.0,16.0,16.0,19.0,12.0,19.7,12.0,21.0,10.0,1.0,0.0,1484.5356348246478,0.0,2071.3226082562748,0.0,0.0,0.0,339.3229276241181,0.0,2576.1766442006489,1545705.9865203894,2001215.8842886878,81.68352415866673,83.41466198866672,0.3408725548066883,0.7691042641423955,0.36028137401965956,83.41466198866672,0.3542647819438875,2001215.8842886878,0.10594655931634513 
 03/20  09:10:00,9.401666666666668,73.5,9.838333333333333,157.33333333333335,180.33333333333338,0.0,0.0,0.0,0.0,0.0,0.0,0.0,0.0,0.0,0.0,2704.0,0.0,286.4213194240513,58.60351226019414,150.16988161646183,8.588438060447756,228.5923523516477,0.0,58.60351226019411,80.11544427055049,0.0,0.0,20.14065077335298,-169.9122428026369,19.948379406255243,-281.3541000878731,20.119360707379675,-448.6513344155958,19.868072721328788,-190.22963418327346,16.625560426798449,19.954630590782828,18.86028732802793,-139.08532173927564,17.83515293350046,2.2306060041187267,18.454142010565087,-101.95827845184965,16.928504399353998,-183.3293579210922,803.9261268038199,927.0305187653021,0.0,0.0,0.0,0.0,0.0,0.0,0.0,0.0,0.0,0.0,0.0,0.0,0.0,0.0,0.0,0.0,0.0,0.0,0.0,0.0,0.0,0.0,1.1542629514016983,0.3523391182544867,164.83065271738634,193.76147835215853,3612.496747523255,0.2111389002247667,0.03222510687191189,108.69453747373915,127.79753166923328,2375.0207657551525,1.1264672442447763,0.21286229105154515,217.03067436629125,255.2065450991363,4776.625568918622,0.2221850076679451,0.04198507325546958,137.26067991702647,161.47099212952794,2976.972158960667,0.0,0.0,10.441490624455719,12.42734496834904,153.02964742094486,0.0,0.0,64.96273119813526,76.67502931034247,1245.8810852901273,0.0,0.0,289.49859626278956,342.93033880217379,5007.641297088166,0.0,0.0,32.114284262049498,37.866927204812558,635.4949135947971,0.0,0.0,191.5369056280745,228.03875037915408,2767.2042646879697,52.85988807914057,36.255067269643749,218.97549117801058,259.25209113242439,4885.8068646493279,0.0,0.0,198.23181238526363,236.53430830791005,2617.2389242895517,0.0,20.362346778534513,38.099745713175099,22.0,30.0,0.0,20.371726587409748,37.96000195189983,16.0,30.0,0.0,20.38053166637416,37.837503465583477,21.75,30.0,0.0,20.278427479397807,38.21052007690858,16.0,30.0,0.0,16.684666024416126,47.98838454846444,12.0,30.0,0.0,19.018186909353046,42.99861731472691,16.0,30.0,0.0,18.041166937714054,44.522570617280738,10.0,30.0,0.0,19.346998382222439,41.36462165026029,12.0,30.0,0.0,16.578039523586896,48.8193106227341,12.0,30.0,0.0,18.317638320791674,0.0,0.0,0.0,15.929570178112911,0.0,0.0,555.2548455909804,546.324242048455,539.0838874109302,548.9187408255045,565.2435425672068,659.2429127927561,587.9320705216023,606.0769265974252,587.6501237287289,0.0,81.55440076776276,81.55440076776276,60.0,0.0,60.0,60.0,16.0,16.0,16.0,12.0,12.0,12.0,21.0,10.0,0.0,0.0,0.0,0.0,0.0,0.0,0.0,0.0,0.0,0.0,0.0,0.0,0.0,81.55440076776276,81.55440076776276,0.0,0.0,0.0,81.55440076776276,0.0,0.0,0.0018700000000000002 
 03/20  09:20:00,9.533333333333335,73.0,9.726666666666667,169.16666666666669,201.16666666666667,0.0,0.0,0.0,0.0,0.0,0.0,0.0,0.0,0.0,0.0,2704.0,0.0,332.5406156803015,62.98210570320444,161.38995588574077,9.971326473222561,265.39992986224618,0.0,62.98210570320441,86.10131346913029,0.0,0.0,19.645576995280075,-189.62130630187859,19.564419923955286,-397.89270388752359,19.58378877025249,-374.2896351139435,19.539782641923965,-243.1371007206339,16.616299058509719,13.808842850716232,18.696394595304854,-119.08445606680596,17.691684210119939,-23.252696995713906,17.99007522894842,-47.10851793587716,16.90789406910225,-210.67156927893326,772.7349917741074,748.6705971531262,0.0,0.0,0.0,0.0,0.0,0.0,0.0,0.0,0.0,0.0,0.0,0.0,0.0,0.0,0.0,0.0,0.0,0.0,0.0,0.0,0.0,0.0,1.0345079913894833,0.31578388015551997,301.34091007805889,355.28717550100199,6066.825737880436,0.17902322684369177,0.02732344732046578,142.06131028677795,167.47876350113564,2857.5166368142497,0.9657103177893687,0.18248494289292689,263.4931449226398,310.97983202259959,5219.664630507332,0.18073638847720706,0.03415275670393178,152.57153603615545,179.85767203279779,3099.286859215949,0.0,0.0,9.321294603231408,11.091337287281686,133.8229117769551,0.0,0.0,61.622456749180269,72.80286922224392,1130.8845787049009,0.0,0.0,259.9993144529429,308.1753656580531,4303.685359636787,0.0,0.0,23.882804881122718,28.23691010816689,428.3861325462914,0.0,0.0,168.47568401819198,200.5465901328618,2383.3603145153695,51.576683200255128,35.374954183988439,359.70857587268497,426.27227162699639,7146.67795881302,0.0,0.0,173.83077749577513,207.48735390722943,2194.4183680743,0.0,19.571461447727594,39.628141872057657,22.0,30.0,0.0,19.624320227693326,39.17568102555431,16.0,30.0,0.0,19.47681607015872,39.751179774650179,22.0,30.0,0.0,19.68726855073698,39.27628968135342,16.0,30.0,0.0,16.668444333606574,48.22529873144529,12.0,30.0,0.0,18.725726838711546,42.74031488413389,16.0,30.0,0.0,17.794712633733135,45.01877490455584,10.0,30.0,0.0,18.513449018290989,43.25604725658321,12.0,30.0,0.0,16.56096361129999,48.87715086894953,12.0,30.0,0.0,18.0391142141714,0.0,0.0,0.0,15.771546441220936,0.0,0.0,528.7153241785154,505.3810142947041,520.9045663222128,523.8760554842291,573.5054883663629,593.2898853483478,575.1317148190351,589.173472642477,586.9176358950765,0.0,81.55440076776276,81.55440076776276,60.0,0.0,60.0,60.0,16.0,16.0,16.0,12.0,12.0,12.0,21.0,10.0,0.0,0.0,0.0,0.0,0.0,0.0,0.0,0.0,0.0,0.0,0.0,0.0,0.0,81.55440076776276,81.55440076776276,0.0,0.0,0.0,81.55440076776276,0.0,0.0,0.00186 
 03/20  09:30:00,9.665,72.5,9.614999999999999,181.0,222.0,0.0,0.0,0.0,0.0,0.0,0.0,0.0,0.0,0.0,0.0,1352.0,0.0,405.06789218680339,68.12482988492366,174.56807640034323,12.14604488696753,323.28343022213098,0.0,68.12482988492363,93.13180731990915,0.0,0.0,19.397283288799778,-63.14610481417958,19.38758315133421,-191.4024286367178,19.379434573451606,-290.8892858018812,19.26637784740759,-149.08065137773429,16.609206497522103,13.175912388306472,18.60220138178469,-105.20906012418618,17.62173744812295,10.38658282130109,17.671372250903699,-24.78034117700531,16.881326769007158,-199.39869620710898,688.604763907013,688.9647281620719,0.0,0.0,0.0,0.0,0.0,0.0,0.0,0.0,0.0,0.0,0.0,0.0,0.0,0.0,0.0,0.0,0.0,0.0,0.0,0.0,0.0,0.0,0.9602336293241827,0.29311160846281528,157.90743452794323,185.91674702498194,3037.3821295451045,0.17847543712506598,0.02723984083105403,68.3561371401507,80.50942308400382,1313.7163004136899,0.9109545681829923,0.17213805143291623,228.23902938554392,268.82242196150636,4338.551695174506,0.18084334547624623,0.034172967777068439,148.7391452120111,175.18358283820334,2832.643675278623,0.0,0.0,9.21916738655851,10.955814725994739,129.6858990746531,0.0,0.0,60.42263240101858,71.34153426064523,1071.4963175900726,0.0,0.0,256.3426390780647,303.5339996551187,4129.894787334062,0.0,0.0,20.64285880796175,24.425712455640509,343.76828058255657,0.0,0.0,163.86225337327358,194.8050257925762,2266.0919353938008,50.70727558114393,34.7786526619643,232.3432244819648,274.9050949775337,4621.967017186535,0.0,0.0,168.56121810934287,200.90642557875379,2091.2478241496407,0.0,19.276048714229263,40.17709131036266,22.0,30.0,0.0,19.303983889013169,39.91365600589824,16.0,30.0,0.0,19.222034688234005,40.27605456792825,22.0,30.0,0.0,19.225734100660437,40.29728011057921,16.0,30.0,0.0,16.6557794988571,48.31164506749967,12.0,30.0,0.0,18.540141749686904,42.97923013724883,16.0,30.0,0.0,17.703105943132493,45.147979268805958,10.0,30.0,0.0,17.971768989130067,44.599855118526267,12.0,30.0,0.0,16.534417206048145,48.83294727419877,12.0,30.0,0.0,17.831412707611084,0.0,0.0,0.0,15.79595116730431,0.0,0.0,516.1782193536441,501.9749299662799,512.6008913421108,515.7704074350172,574.6603295695976,577.0606134903164,567.3828694146494,580.6846733521763,580.0690133838385,0.0,81.55440076776276,81.55440076776276,60.0,0.0,60.0,60.0,16.0,16.0,16.0,12.0,12.0,12.0,21.0,10.0,0.0,0.0,0.0,0.0,0.0,0.0,0.0,0.0,0.0,0.0,0.0,0.0,0.0,81.55440076776276,81.55440076776276,0.0,0.0,0.0,81.55440076776276,0.0,0.0,0.00185 
 03/20  09:40:00,9.796666666666667,72.0,9.503333333333332,188.5,231.83333333333332,0.0,0.0,0.0,0.0,0.0,0.0,0.0,0.0,0.0,0.0,2028.0,0.0,456.9875319282487,70.86912785029027,181.600299875304,13.702844681133456,364.7201010166399,0.0,70.86912785029023,96.88347069684044,0.0,0.0,19.17584305428152,-200.8289899160503,19.279420945063295,-238.32596899222816,19.194122361439349,-110.12040745514045,19.12303772532193,-225.76730529053206,16.603892202887509,11.410907199091211,18.563672781861614,-103.4811142206097,17.564937906057403,5.8799066920679909,17.491377231053609,-13.592123918269666,16.872428597349378,-182.35331161469714,480.60946607350027,592.9854054768601,0.0,0.0,0.0,0.0,0.0,0.0,0.0,0.0,0.0,0.0,0.0,0.0,0.0,0.0,0.0,0.0,0.0,0.0,0.0,0.0,0.0,0.0,0.8923278183598031,0.2723833389376691,139.03527771438048,163.96632094656949,2555.8241291902279,0.15944780030816819,0.024335744857779053,79.54408087506815,93.73471134282574,1461.575622279608,0.852491900363488,0.16109068412008482,123.42485724884495,145.45684356529467,2278.2415801939948,0.16759103593933503,0.031668752067145717,101.30816999193128,119.36612420889557,1840.7450091557917,0.0,0.0,8.823967242118894,10.49187270305977,121.62506803473431,0.0,0.0,58.89515768427934,69.59164344871938,1019.1079234893223,0.0,0.0,244.8261058568671,290.1377977453676,3841.019875079678,0.0,0.0,15.123529037316704,17.919844331732166,239.8130158817965,0.0,0.0,152.82641843183104,181.78928165836386,2073.7783112961,49.68935316237042,34.080489137428319,168.89731675261567,200.00121529277647,3367.0942617469256,0.0,0.0,156.41090534094423,186.53506243031777,1897.842565346313,0.0,18.981209092646478,40.78238130710482,22.000000000000019,30.00000000000002,0.0,19.09328057792085,40.31430733974524,16.000000000000015,30.00000000000002,0.0,19.005250598764908,40.77757396120767,22.000000000000019,30.00000000000002,0.0,19.005788106730976,40.78901273327196,16.000000000000015,30.00000000000002,0.0,16.648327227928907,48.299623163212057,12.00000000000001,30.00000000000002,0.0,18.45760705828804,43.04910718425495,16.000000000000015,30.00000000000002,0.0,17.624542080030414,45.196665179028,10.000000000000007,30.00000000000002,0.0,17.705957507174593,45.25322292610362,12.00000000000001,30.00000000000002,0.0,16.539211203162809,48.64779841375521,12.00000000000001,30.00000000000002,0.0,17.300463783436478,0.0,0.0,0.0,15.793893295331696,0.0,0.0,505.3118571173377,490.97327245996316,509.53371320626538,509.49752125892339,572.126230888495,567.5174538570059,556.758433338083,575.1227065722638,570.709347670094,0.0,81.55440076776282,81.55440076776282,60.00000000000004,0.0,60.00000000000004,60.00000000000004,16.0,16.0,16.0,12.0,12.0,12.0,21.0,10.0,0.0,0.0,0.0,0.0,0.0,0.0,0.0,0.0,0.0,0.0,0.0,0.0,0.0,81.55440076776282,81.55440076776282,0.0,0.0,0.0,81.55440076776282,0.0,0.0,0.00184 
 03/20  09:50:00,9.928333333333335,71.5,9.391666666666666,196.0,241.66666666666669,0.0,0.0,0.0,0.0,0.0,0.0,0.0,0.0,0.0,0.0,1352.0,0.0,513.515712700956,73.59197926241792,188.57756856434376,15.39782926901661,409.8347985693194,0.0,73.5919792624179,100.60581500952891,0.0,0.0,19.041724048803375,-13.661110455367862,19.211301891083154,-162.37979737176677,19.072910339624629,-166.36757839959149,19.050212166413347,-29.89885180660329,16.598945355814089,10.29014169449178,18.546897485542546,-101.91215687475472,17.51682421281685,3.766836413976307,17.344055303975254,-7.30560545075474,16.868766110489007,-170.47156892499789,186.16735451649999,532.9668345096839,0.0,0.0,0.0,0.0,0.0,0.0,0.0,0.0,0.0,0.0,0.0,0.0,0.0,0.0,0.0,0.0,0.0,0.0,0.0,0.0,0.0,0.0,0.8242039699780523,0.25158851342431395,104.11840240602274,122.81097483909207,1869.6748197476769,0.15044211083488538,0.02296125012742451,50.004524013995759,59.06616083326392,897.2038887040702,0.7846128960632196,0.14826396373076718,45.99154300197831,54.17252580057677,830.1112609282014,0.15031499582312075,0.02840419422205607,6.515612729616733,7.680614370734838,119.54647554935032,0.0,0.0,8.503998652467982,10.101589415661003,114.84386158615502,0.0,0.0,58.08553469548603,68.5814787153609,983.63305087036,0.0,0.0,237.2764616868559,280.97095113113508,3631.7384007161674,0.0,0.0,12.416236649591547,14.708506674680774,188.41614457904007,0.0,0.0,146.6775358481271,174.29506860323733,1954.273746034608,48.71204648262973,33.410182772722738,40.13299568890971,47.745763376617677,1178.5263714340113,0.0,0.0,149.75200114466058,178.3834617110203,1792.680978978603,0.0,18.879879019293044,41.00987625953607,22.0,30.0,0.0,18.953618118738789,40.55488461994632,16.0,30.0,0.0,18.87085178663607,40.861566653164519,22.0,30.0,0.0,18.940306074175255,41.127802556208518,16.0,30.0,0.0,16.641611030308114,48.230290954104187,12.0,30.0,0.0,18.403241249664324,43.04161022587563,16.0,30.0,0.0,17.56413700367726,45.244496459160647,10.0,30.0,0.0,17.493361937083568,45.73864818893309,12.0,30.0,0.0,16.54937472510812,48.45383372902141,12.0,30.0,0.0,16.46644037512123,0.0,0.0,0.0,15.846817990119823,0.0,0.0,502.55700163119277,481.88384811494418,488.27930678522406,522.9831732019322,566.5511523866205,557.7190916770953,549.0947958451006,567.8756532439295,561.6626689538795,0.0,81.55440076776276,81.55440076776276,60.0,0.0,60.0,60.0,16.0,16.0,16.0,12.0,12.0,12.0,21.0,10.0,0.0,0.0,0.0,0.0,0.0,0.0,0.0,0.0,0.0,0.0,0.0,0.0,0.0,81.55440076776276,81.55440076776276,0.0,0.0,0.0,81.55440076776276,0.0,0.0,0.0018333333333333334 
 03/20  10:00:00,10.06,71.0,9.28,203.5,251.5,0.0,0.0,0.0,0.0,0.0,0.0,0.0,0.0,0.0,0.0,3380.0,0.0,574.0850448539515,76.29260650050978,195.49788961046506,17.21398573442707,458.174695098426,0.0,76.29260650050975,104.29777719139016,0.0,0.0,18.94475555405453,-84.01847691180437,19.192628231042869,-291.1649362017413,18.988603467110687,-141.01084546456637,18.971012948023185,-159.18759324879316,16.596490785142966,9.683889046591482,18.55565464946041,-104.04596483335227,17.49197466965699,11.87367001360508,17.24762795325664,-5.117784453167872,16.874660892516454,-149.30153044818599,367.6374812528786,472.0050854498803,0.0,0.0,0.0,0.0,0.0,0.0,0.0,0.0,0.0,0.0,0.0,0.0,0.0,0.0,0.0,0.0,0.0,0.0,0.0,0.0,0.0,0.0,0.765806157829083,0.23376256343989106,119.19811279719052,140.65789709812399,2084.30938430235,0.1375119965554079,0.020987789462058597,70.15530364064554,82.79705969945619,1232.5854705426667,0.7413563973001528,0.1400900221655618,85.12456270740079,100.47252503739887,1493.2656203613333,0.14334735995526474,0.02708755857053377,54.36911029238034,64.19682605610964,948.8728261441548,0.0,0.0,8.347932604840644,9.927844758652487,110.44592010726464,0.0,0.0,58.275347474023259,68.88919795725453,969.1092969191733,0.0,0.0,229.73651119381484,272.37951091379775,3445.3823681421938,0.0,0.0,9.142951124951559,10.847792905569918,134.1013130033703,0.0,0.0,138.75714247202769,165.06117591711047,1818.1450077649677,48.00817737820013,32.9274193266119,105.83667368820912,125.64198467376942,2146.943466723221,0.0,0.0,141.32868166896737,168.5110864397139,1669.546844530835,0.0,18.794152015164629,41.05947169257681,22.0,30.0,0.0,18.88297475041635,40.63049626019526,16.0,30.0,0.0,18.803296209546287,41.10167955803594,22.0,30.0,0.0,18.81223911402016,41.13023584560482,16.0,30.0,0.0,16.639312637281326,48.13454237999727,12.000000000000002,30.0,0.0,18.385362147723524,42.93700337488087,16.0,30.0,0.0,17.544157359822106,45.10727559051268,10.0,30.0,0.0,17.372167700869356,45.98986480706675,12.000000000000002,30.0,0.0,16.57453635128266,48.18326966712437,12.000000000000002,30.0,0.0,16.985638445860848,0.0,0.0,0.0,15.904083683761595,0.0,0.0,487.42937177925378,470.7173048597992,492.0312128736088,496.0293589380881,560.4545777215294,547.5706498302003,536.1899229587714,562.1121582455808,550.3559285542233,0.0,81.55440076776276,81.55440076776276,60.0,0.0,60.0,60.0,16.0,16.0,16.0,12.0,12.0,12.0,21.0,10.0,0.0,0.0,0.0,0.0,0.0,0.0,0.0,0.0,0.0,0.0,0.0,0.0,0.0,81.55440076776276,81.55440076776276,0.0,0.0,0.0,81.55440076776276,0.0,0.0,0.0018266666666666666 
 03/20  10:10:00,10.185000000000003,70.33333333333334,9.475,211.0,261.3333333333333,0.0,0.0,0.0,0.0,0.0,0.0,0.0,0.0,0.0,0.0,676.0,0.0,638.1194614165721,78.97020055338746,202.35918971537374,19.13404097555004,509.28003754131199,0.0,78.97020055338742,107.95825126280835,0.0,0.0,18.864924043333688,-22.734407476233174,19.140727274351023,-248.62738343796947,18.960814391866735,-18.293897886465858,18.82906881267579,-207.72326410610959,16.596290394851864,9.532663761396578,18.580778515248285,-105.50435276787312,17.47126349701358,17.71804592429271,17.138789320394986,-5.814189419538707,16.885255607262537,-150.51324161342746,366.2108283404,431.8791242497491,0.0,0.0,0.0,0.0,0.0,0.0,0.0,0.0,0.0,0.0,0.0,0.0,0.0,0.0,0.0,0.0,0.0,0.0,0.0,0.0,0.0,0.0,0.7564872550095689,0.23091796550963646,93.5290072332519,110.01911622081117,1607.017842018019,0.1357950581951275,0.020725741482772818,84.7158384565635,99.64907655712725,1448.2989566853296,0.734318568730961,0.1387601225871053,78.90288095641387,92.78051172677822,1371.700458754044,0.13800388551345,0.026077831729676865,77.71943606743926,91.47315008448914,1302.3317948931595,0.0,0.0,8.345581709843883,9.88632182825697,108.3757942915629,0.0,0.0,58.58539297853965,68.98817693920955,960.4091161158588,0.0,0.0,226.3020026272639,267.2788299886408,3331.6605989773167,0.0,0.0,8.720185640617926,10.30942622637863,123.09157088120876,0.0,0.0,134.94450773446315,159.8825122084355,1742.8683900028869,48.743667137746928,33.43187046484701,105.97121113477694,125.40583867154078,2111.637435023713,0.0,0.0,138.6679107778886,164.63900721293536,1630.670652762623,0.0,18.744761406200586,41.07079436515712,22.0,30.0,0.0,18.75742686726067,40.978719343782007,16.0,30.0,0.0,18.838001176632358,41.03250017960762,22.0,30.0,0.0,18.580755408211119,41.514871268097959,16.0,30.0,0.0,16.64051357180445,47.927154970035129,12.0,30.0,0.0,18.389361428389728,42.69899569333842,16.0,30.0,0.0,17.52904264204847,44.99111097086284,10.0,30.0,0.0,17.217984542934393,46.258591968158089,12.0,30.0,0.0,16.604550008687043,47.87219366772759,12.0,30.0,0.0,17.007793787588839,0.0,0.0,0.0,16.00266629326139,0.0,0.0,476.3788311145298,470.82961929347308,493.47792519261,477.30924310714286,547.605165689151,531.2490774862273,525.3609026299724,550.8458003817472,536.8041621931742,0.0,81.55440076776276,81.55440076776276,60.0,0.0,60.0,60.0,16.0,16.0,16.0,12.0,12.0,12.0,21.0,10.0,0.0,0.0,0.0,0.0,0.0,0.0,0.0,0.0,0.0,0.0,0.0,0.0,0.0,81.55440076776276,81.55440076776276,0.0,0.0,0.0,81.55440076776276,0.0,0.0,0.0018199999999999998 
 03/20  10:20:00,10.310000000000003,69.66666666666667,9.67,218.5,271.1666666666667,0.0,0.0,0.0,0.0,0.0,0.0,0.0,0.0,0.0,0.0,2028.0,0.0,705.0740839495035,81.62391492509346,209.15929952366526,21.14165706160904,562.7159640491515,0.0,81.62391492509342,111.5860799996327,0.0,0.0,18.775273383294338,-60.46283599904652,19.173469700231516,-241.11430532041784,18.791384538538887,-261.6857360312795,18.806669353648858,-86.63741759696689,16.598360592513865,10.125843156691394,18.619061176614737,-107.17704548002352,17.465685128691584,25.61839498122662,17.07132413247085,-18.71256937760549,16.90080092310388,-108.75280910449658,461.4618767525891,402.24076757819048,0.0,0.0,0.0,0.0,0.0,0.0,0.0,0.0,0.0,0.0,0.0,0.0,0.0,0.0,0.0,0.0,0.0,0.0,0.0,0.0,0.0,0.0,0.7313850020024013,0.22325549511672808,137.92762325018274,162.6798728813556,2297.250294823849,0.1259587807498761,0.01922447813642797,84.95619790060005,100.05567633113827,1429.0487301153613,0.744933225789161,0.14076591568200323,174.0696497355133,205.6250654424272,2870.8820205431586,0.15246618813249969,0.028810693146730835,111.93901045759006,132.19174809080168,1851.0243942473654,0.0,0.0,8.385012293436616,9.961096043031415,106.78250809690204,0.0,0.0,59.19384413416391,69.895157061901,957.0032777343895,0.0,0.0,224.40776031600155,265.7776241039085,3250.0843454922407,0.0,0.0,10.766181045355719,12.763928929009492,147.46655510182979,0.0,0.0,130.01581925790215,154.46065434470905,1655.3163968203917,49.59977244790234,34.019048318177187,182.66083713845382,216.56120184767642,3235.6115208001795,0.0,0.0,139.19926447810057,165.66893122210016,1631.5938251754929,0.0,18.65195713187607,41.337103321858197,21.999999999999994,29.99999999999999,0.0,18.779998680905235,40.85684825217457,15.999999999999993,29.99999999999999,0.0,18.561340259599409,41.55046539030829,21.999999999999994,29.99999999999999,0.0,18.597235644492245,41.541364204481599,15.999999999999993,29.99999999999999,0.0,16.644894338452106,47.81217189589222,11.999999999999995,29.99999999999999,0.0,18.407096173231527,42.555791848770969,15.999999999999993,29.99999999999999,0.0,17.539708130179009,44.8345644777255,9.999999999999997,29.99999999999999,0.0,17.14017174808042,46.383499572402659,11.999999999999995,29.99999999999999,0.0,16.643474525833619,47.611328687539899,11.999999999999995,29.99999999999999,0.0,17.27118917237553,0.0,0.0,0.0,16.114991542687656,0.0,0.0,479.0315193429873,466.37007757842528,477.3034790296482,484.3911931137622,541.5158189067698,524.7067556515817,516.6313830328647,544.6175635176421,527.669436243634,0.0,81.55440076776273,81.55440076776273,59.99999999999998,0.0,59.99999999999998,59.99999999999998,16.0,16.0,16.0,12.0,12.0,12.0,21.0,10.0,0.0,0.0,0.0,0.0,0.0,0.0,0.0,0.0,0.0,0.0,0.0,0.0,0.0,81.55440076776273,81.55440076776273,0.0,0.0,0.0,81.55440076776273,0.0,0.0,0.00184 
 03/20  10:30:00,10.435,69.0,9.864999999999999,226.0,281.0,0.0,0.0,0.0,0.0,0.0,0.0,0.0,0.0,0.0,0.0,1352.0,0.0,774.4605686448238,84.25285343914007,215.89592237265206,23.22219122244202,618.0927324294662,0.0,84.25285343914003,115.18003826066112,0.0,0.0,18.705921462413899,-28.14453166468911,19.1493426733339,-294.09611284341897,18.744779369385328,-157.2117419772619,18.79497288384546,-65.7043048345979,16.603650669609658,10.369452242840226,18.673677260162536,-111.88981817885338,17.45913646190585,31.094965157147727,16.989339477241275,-20.63533906366891,16.932544827562226,-97.58034164638775,379.92817692661427,371.66558238881,0.0,0.0,0.0,0.0,0.0,0.0,0.0,0.0,0.0,0.0,0.0,0.0,0.0,0.0,0.0,0.0,0.0,0.0,0.0,0.0,0.0,0.0,0.7352542506365098,0.22443658444337909,131.17008688370724,154.6787207666086,2143.8672026642454,0.128347939134607,0.019589123799543193,97.89295354255032,115.4395237721964,1607.1991435152268,0.7339625664995746,0.1386928508124669,114.11924096272523,134.58408382405993,1858.2354738940208,0.14558215100938005,0.02750985468809146,57.77166285527933,68.06529046057719,942.4966882358808,0.0,0.0,8.438325101426902,10.013934977734169,105.48467374949391,0.0,0.0,60.0225332490559,70.79405493372888,959.7925068393624,0.0,0.0,222.7482612276603,263.54543506397558,3172.5906515624149,0.0,0.0,13.317413748693614,15.780989851902899,176.21770917571457,0.0,0.0,124.97058893251384,148.29039858255568,1574.7712509996916,50.36948634604559,34.54697280250041,122.4961385894048,145.20086379655295,2276.1002567413809,0.0,0.0,137.26632687297178,163.1579169632076,1599.517698880814,0.0,18.600603706200617,41.3673646709248,22.0,30.0,0.0,18.67554516639226,41.046698766081849,16.0,30.0,0.0,18.554890921235768,41.509294629266289,22.0,30.0,0.0,18.60223653177988,41.47028037101825,16.0,30.0,0.0,16.65397907298399,47.640778899585978,12.0,30.0,0.0,18.44548317987526,42.33975819333932,16.0,30.0,0.0,17.545714276100328,44.72103691842321,10.0,30.0,0.0,17.029137046409347,46.53955418138381,12.0,30.0,0.0,16.705669464437098,47.309068162386939,12.0,30.0,0.0,17.022799676925297,0.0,0.0,0.0,16.2084667033088,0.0,0.0,471.23896971238266,461.24024061543119,473.76009053044728,480.1721547495937,532.4631455717216,516.5560568965271,510.1577384932937,533.6938728687467,520.4694165063859,0.0,81.55440076776276,81.55440076776276,60.0,0.0,60.0,60.0,16.0,16.0,16.0,12.0,12.0,12.0,21.0,10.0,0.0,0.0,0.0,0.0,0.0,0.0,0.0,0.0,0.0,0.0,0.0,0.0,0.0,81.55440076776276,81.55440076776276,0.0,0.0,0.0,81.55440076776276,0.0,0.0,0.00186 
 03/20  10:40:00,10.56,68.33333333333333,10.059999999999999,229.33333333333335,296.6666666666667,0.0,0.0,0.0,0.0,0.0,0.0,0.0,0.0,0.0,0.0,1352.0,0.0,844.8007889594888,85.92880793352563,220.1905698639232,25.33132155874126,674.2306548158613,0.0,85.92880793352559,117.47119511656389,0.0,0.0,18.5745129488744,-142.4554570407613,19.189659075356905,-211.97070180961556,18.58329159098043,-168.03963485983983,18.752995620457477,-202.13835570371067,16.611163412379655,10.87741656955993,18.73851247429656,-116.80412027285778,17.461394012217128,40.31458310602557,16.922799370708419,-20.840436368401478,16.969799429261714,-72.70293511825347,542.2110833165546,340.2008203875981,0.0,0.0,0.0,0.0,0.0,0.0,0.0,0.0,0.0,0.0,0.0,0.0,0.0,0.0,0.0,0.0,0.0,0.0,0.0,0.0,0.0,0.0,0.7312412636524963,0.2232116189415435,228.83313087099908,269.92451965761736,3594.7168851166754,0.11695415171464133,0.017850145255592394,80.482239633607,95.04172785634256,1292.3212172025367,0.7522164661075437,0.14214218936272567,311.3007787971725,367.1292337524932,4830.336712255824,0.13906602325201346,0.026278538029480999,191.6659468459069,225.91809291410744,3040.624090201787,0.0,0.0,8.46143759450891,10.038357548615704,103.82549153691217,0.0,0.0,61.96921030650958,73.06315842298838,980.9556608708379,0.0,0.0,218.46685235780257,258.40011730110657,3064.562218422414,0.0,0.0,17.003379652702408,20.15339228344721,217.9203021718281,0.0,0.0,115.59943181529121,137.10286541100599,1443.4702346190332,51.21949786183238,35.129971098650489,356.47441302082719,421.77177343805968,5638.454832604337,0.0,0.0,132.35889124389849,157.23996998120158,1532.0936359222924,0.0,18.411014512588378,41.75543541162878,22.000000000000008,30.00000000000001,0.0,18.691143400158795,40.93648150795684,16.000000000000008,30.00000000000001,0.0,18.30739540725763,42.05023587770805,22.000000000000008,30.00000000000001,0.0,18.53622099447307,41.49497312040272,16.000000000000008,30.00000000000001,0.0,16.665769297417499,47.45823417103712,12.000000000000004,30.00000000000001,0.0,18.49310167219539,42.055558191915299,16.000000000000008,30.00000000000001,0.0,17.56499313863025,44.49540739274353,10.000000000000004,30.00000000000001,0.0,16.944666844926684,46.587461465317399,12.000000000000004,30.00000000000001,0.0,16.776460229164415,46.91227576841008,12.000000000000004,30.00000000000001,0.0,17.49289763589387,0.0,0.0,0.0,16.29812449045771,0.0,0.0,464.42782198606599,457.8934515022984,466.5529445065185,469.7033478558063,523.043052877655,504.8379582333922,498.2650486049737,520.2966007266367,508.05887558728127,0.0,81.55440076776279,81.55440076776279,60.00000000000002,0.0,60.00000000000002,60.00000000000002,16.0,16.0,16.0,12.0,12.0,12.0,21.0,10.0,0.0,0.0,0.0,0.0,0.0,0.0,0.0,0.0,0.0,0.0,0.0,0.0,0.0,81.55440076776279,81.55440076776279,0.0,0.0,0.0,81.55440076776279,0.0,0.0,0.00188 
 03/20  10:50:00,10.685,67.66666666666667,10.255,232.66666666666669,312.3333333333333,0.0,0.0,0.0,0.0,0.0,0.0,0.0,0.0,0.0,0.0,1352.0,0.0,917.7632102969938,87.5992970480496,224.47121270904138,27.51907722424965,732.4613268862896,0.0,87.59929704804957,119.75488038383944,0.0,0.0,18.455475782723928,-1.6777649130131068,19.267664365469679,-382.1986172174737,18.57992125160701,-228.75234590204946,18.633491079723976,-126.19444230960198,16.620938941754653,11.098226922293293,18.81211117183448,-121.22602358834979,17.46385253868803,30.730965894477778,16.86786087461473,-18.051634491025824,17.004833314731426,-66.03909969972574,524.1411452617731,312.49089019407668,0.0,0.0,0.0,0.0,0.0,0.0,0.0,0.0,0.0,0.0,0.0,0.0,0.0,0.0,0.0,0.0,0.0,0.0,0.0,0.0,0.0,0.0,0.7328287401455726,0.2236961966256327,303.43729579901545,357.58419194932835,4651.707954845252,0.09060047408788215,0.013827911185574197,156.69831182929293,184.30849851005625,2479.482582543833,0.7228146193717795,0.13658628483971653,273.7221437661109,322.81674903090086,4197.001202892187,0.13950336269846076,0.026361179648235205,146.73752019675568,173.07631775749838,2241.546246088931,0.0,0.0,8.343515097030659,9.897335196491927,100.49186409629255,0.0,0.0,63.749460537892158,75.13412238981377,999.5560893312379,0.0,0.0,212.97516136878779,251.8398209278157,2941.90670172311,0.0,0.0,18.106266815587867,21.462469060775076,225.15094571643716,0.0,0.0,109.63718193165063,129.96002244590773,1354.5625733113289,52.04924381806019,35.699069834060498,384.63292819082985,454.7145555043952,5915.685755283894,0.0,0.0,128.47838678582824,152.53597866478635,1476.662176429857,0.0,18.278273926792737,42.02084016731757,22.0,30.0,0.0,18.752993614781894,40.706781497285607,16.0,30.0,0.0,18.364369390680325,41.7905300217125,22.0,30.0,0.0,18.35083348380082,41.86459656998818,16.0,30.0,0.0,16.680026371870249,47.25772675415304,12.0,30.0,0.0,18.546336712857319,41.761734704519188,16.0,30.0,0.0,17.58442806171667,44.299816004165148,10.0,30.0,0.0,16.87879341759804,46.591663848696729,12.0,30.0,0.0,16.83786576046935,46.570586521869007,12.0,30.0,0.0,17.452711227338406,0.0,0.0,0.0,16.384584805532648,0.0,0.0,459.5724564978161,453.8619430154397,459.8151640889556,462.4579729118509,512.8900873710575,493.6693959898838,488.92332945026268,507.65379218116376,497.66666902249826,0.0,81.55440076776276,81.55440076776276,60.0,0.0,60.0,60.0,16.0,16.0,16.0,12.0,12.0,12.0,21.0,10.0,0.0,0.0,0.0,0.0,0.0,0.0,0.0,0.0,0.0,0.0,0.0,0.0,0.0,81.55440076776276,81.55440076776276,0.0,0.0,0.0,81.55440076776276,0.0,0.0,0.0018866666666666663 
 03/20  11:00:00,10.81,67.0,10.45,236.0,328.0,0.0,0.0,0.0,0.0,0.0,0.0,0.0,0.0,0.0,0.0,676.0,0.0,992.9988991457657,89.2627056970231,228.7337119383915,29.774995572283268,792.5062680323902,0.0,89.26270569702304,122.02888611790368,0.0,0.0,18.421329519074065,-88.58549823446538,19.287152416930235,-256.5024243075677,18.581581723500457,0.6183751201479026,18.588645713513416,-195.5236624850595,16.634513924929484,10.92714960082344,18.901294885989505,-139.5319838281889,17.48106591623467,60.45567924206716,16.816797376458675,-15.513315880142955,17.036375590675509,-65.56974361580797,481.15529759790118,276.0015791839105,0.0,0.0,0.0,0.0,0.0,0.0,0.0,0.0,0.0,0.0,0.0,0.0,0.0,0.0,0.0,0.0,0.0,0.0,0.0,0.0,0.0,0.0,0.7092891299516064,0.2165107234284513,212.99473485922867,250.6804498237091,3167.0640435702605,0.11750553023006059,0.017934299485662484,108.89505213506966,127.95347322944015,1715.941046616277,0.8218124077872175,0.15529334992199884,280.78313114658649,330.22463632890188,4281.766082981848,0.14874008323166344,0.02810659169154637,129.4989388146063,152.3922635595192,1930.2689613475719,0.0,0.0,8.776212520085885,10.382735567742144,103.861373664282,0.0,0.0,64.55551572425647,75.87312209711776,1005.4796137265503,0.0,0.0,215.0338453575357,253.59317450600674,2936.865346241726,0.0,0.0,19.24702913860517,22.761573412637138,232.14773792435114,0.0,0.0,104.96334152425965,124.09942230470462,1281.5333327212325,52.90408205633109,36.28537863945892,277.1581545691225,327.2349770639691,4296.071832217098,0.0,0.0,124.5632894445715,147.49310633500438,1418.666087739043,0.0,18.248928178806719,41.98547617966118,22.0,30.0,0.0,18.724278909320849,40.75088283049832,16.0,30.0,0.0,18.447424870680757,41.65162678193941,22.0,30.0,0.0,18.284336610331754,41.91509241481782,16.0,30.0,0.0,16.69979095422219,47.039601948064397,12.0,30.0,0.0,18.619995008592569,41.48791840723297,16.0,30.0,0.0,17.632509313273404,44.10180124295205,10.0,30.0,0.0,16.81563241694954,46.60659018552223,12.0,30.0,0.0,16.891118481510575,46.306330882162949,12.0,30.0,0.0,17.33226011182519,0.0,0.0,0.0,16.459419236911978,0.0,0.0,453.2139355054076,452.97957948273116,466.01759214841447,454.8047352117855,502.7180863713221,488.31328244184166,485.0214665127157,496.43348560915066,491.0280836842499,0.0,81.55440076776276,81.55440076776276,60.0,0.0,60.0,60.0,16.0,16.0,16.0,12.0,12.0,12.0,21.0,10.0,0.0,0.0,0.0,0.0,0.0,0.0,0.0,0.0,0.0,0.0,0.0,0.0,0.0,81.55440076776276,81.55440076776276,0.0,0.0,0.0,81.55440076776276,0.0,0.0,0.0018933333333333333 
 03/20  11:10:00,10.96,66.33333333333334,10.64,239.33333333333335,343.6666666666667,0.0,0.0,0.0,0.0,0.0,0.0,0.0,0.0,0.0,0.0,1352.0,0.0,1070.1998605670022,90.91714298708766,232.97322183732039,32.08984147721223,854.1196702612508,0.0,90.91714298708762,124.29062732417809,0.0,0.0,18.466592603205855,28.315163266394849,19.29639074994151,-433.079404060049,18.49025501499596,-155.8858765328223,18.60528154286851,-92.12877051494502,16.647214516520607,11.724898170255387,18.989626622459605,-137.53097267887189,17.473451066155414,49.824462609777587,16.7856807689056,-11.209108994577776,17.058893506057744,-51.25196929817275,490.09010126429487,270.8316594438952,0.0,0.0,0.0,0.0,0.0,0.0,0.0,0.0,0.0,0.0,0.0,0.0,0.0,0.0,0.0,0.0,0.0,0.0,0.0,0.0,0.0,0.0,0.7363432130923634,0.2247689905654345,228.82437998248734,269.82758032135987,3408.818863010764,0.10468262698835015,0.015977201921298868,175.4066133357892,206.70044037818759,2675.179756114596,0.765500100956227,0.14465232444373156,206.6859788137119,243.65497882827217,3033.1711330670948,0.15219451959030934,0.028759357443369106,114.76361932153861,135.31635746887489,1692.4037659568178,0.0,0.0,8.630961051495108,10.231472747291349,99.77413022901902,0.0,0.0,65.49298173490368,77.11849251930528,1008.0905979870975,0.0,0.0,214.92508789076465,254.00848026777403,2864.743978376794,0.0,0.0,21.420551407776146,25.386682111779306,250.6212856797641,0.0,0.0,106.23650562546398,125.86148926034213,1271.6575223515202,53.9887787614269,37.02934071428458,279.0119769997999,330.1956258926099,4256.493608918437,0.0,0.0,127.4672412980625,151.19316355819258,1442.9357710782172,0.0,18.416700944393406,41.52770477110225,22.0,30.0,0.0,18.629182811409906,40.892885964557937,16.0,30.0,0.0,18.297317240574875,41.856424429610019,22.0,30.0,0.0,18.356873110656509,41.777064693978648,16.0,30.0,0.0,16.71571945059256,46.910212897735238,12.0,30.0,0.0,18.683163920978339,41.25359855474716,16.0,30.0,0.0,17.620724539718478,44.04859612561802,10.0,30.0,0.0,16.787393340010405,46.61649415173599,12.0,30.0,0.0,16.925516454876236,46.14812756826148,12.0,30.0,0.0,17.351939109838644,0.0,0.0,0.0,16.57993762252272,0.0,0.0,452.78880555015447,447.0989649040813,453.9457734324211,459.16864127676117,497.558741606117,483.35459420802598,479.62535340216507,491.87167985941547,487.6212807777849,0.0,81.55440076776276,81.55440076776276,60.0,0.0,60.0,60.0,16.0,16.0,16.0,12.0,12.0,12.0,21.0,10.0,0.0,0.0,0.0,0.0,0.0,0.0,0.0,0.0,0.0,0.0,0.0,0.0,0.0,81.55440076776276,81.55440076776276,0.0,0.0,0.0,81.55440076776276,0.0,0.0,0.0018999999999999998 
 03/20  11:20:00,11.110000000000002,65.66666666666667,10.83,242.66666666666667,359.3333333333333,0.0,0.0,0.0,0.0,0.0,0.0,0.0,0.0,0.0,0.0,676.0,0.0,1149.0896854256039,92.56044420579642,237.18419504300517,34.45532689678585,917.0809338561321,0.0,92.56044420579637,126.5371446766306,0.0,0.0,18.477996912665224,32.790852438371079,19.333720178285384,-446.31640553262425,18.473678500751445,-111.49358193394755,18.64868858425722,-24.326889151067918,16.66714058200362,11.992290384120907,19.101435926344807,-149.77857780974274,17.489195054710146,57.02665860723755,16.75440118088288,-8.280918007437322,17.091621506038586,-50.59480388368138,397.1983296066337,249.83896841559636,0.0,0.0,0.0,0.0,0.0,0.0,0.0,0.0,0.0,0.0,0.0,0.0,0.0,0.0,0.0,0.0,0.0,0.0,0.0,0.0,0.0,0.0,0.7441839469994886,0.2271623769839709,164.7833585389011,193.72932242168435,2427.815468682036,0.1122945548948717,0.017138973579803375,164.18198383941266,192.94424882673585,2449.9092992450484,0.7936073047322273,0.1499635874399523,54.883315819981017,64.56149421481736,798.6675948138534,0.15770827315157819,0.029801260988582415,58.485302519184987,68.76202410619595,857.4724922569739,0.0,0.0,8.813233107670783,10.422220055732233,99.73572285043176,0.0,0.0,66.36990387216754,77.94126436936144,1014.6587873900907,0.0,0.0,215.64428966173399,254.224432095064,2825.342578461503,0.0,0.0,22.64235196407796,26.775480683313167,256.68849598909466,0.0,0.0,104.42191969062634,123.38891390616651,1229.5576208033702,55.02646463495155,37.74105942040574,154.44421852794305,182.45556740792689,2496.608702269166,0.0,0.0,126.58749372745258,149.73593168376685,1419.7699581592686,0.0,18.480297753002647,41.316356049953679,22.0,30.0,0.0,18.606528354174985,40.86126000196299,16.0,30.0,0.0,18.314087831149967,41.71021364595963,22.0,30.0,0.0,18.45693053677881,41.535802076659717,16.0,30.0,0.0,16.743713221480108,46.70579105192038,12.0,30.0,0.0,18.78204344519657,40.92593271137995,16.0,30.0,0.0,17.656518922787805,43.86265986338497,10.0,30.0,0.0,16.753952617205063,46.60301840480431,12.0,30.0,0.0,16.977507436541477,45.90547061239484,12.0,30.0,0.0,17.07956002311657,0.0,0.0,0.0,16.67881692887506,0.0,0.0,450.43887956973159,442.11946639084627,448.30134831192466,460.9904838525964,489.771063198903,478.3040588243387,474.32753093030109,484.748211328283,481.95603879944709,0.0,81.55440076776276,81.55440076776276,60.0,0.0,60.0,60.0,16.0,16.0,16.0,12.0,12.0,12.0,21.0,10.0,0.0,0.0,0.0,0.0,0.0,0.0,0.0,0.0,0.0,0.0,0.0,0.0,0.0,81.55440076776276,81.55440076776276,0.0,0.0,0.0,81.55440076776276,0.0,0.0,0.0018999999999999998 
 03/20  11:30:00,11.260000000000002,65.0,11.02,246.0,375.0,0.0,0.0,0.0,0.0,0.0,0.0,0.0,0.0,0.0,0.0,676.0,0.0,1229.4121213884942,94.19016551462265,241.36036894683915,36.86376817971749,981.1855460189813,0.0,94.19016551462259,128.76509726271616,0.0,0.0,18.369819781163508,-45.05337638396486,19.42395920497338,-393.56541469458446,18.515273482684024,-4.075801475823937,18.540155844879704,-240.62941759900424,16.687579817615974,12.634258740525639,19.210850098770238,-164.17531652041044,17.5144017819946,70.26516471343439,16.73412071273298,-2.8629644672072347,17.120282367576217,-38.247822518319029,449.35488245202398,227.96790254913595,0.0,0.0,0.0,0.0,0.0,0.0,0.0,0.0,0.0,0.0,0.0,0.0,0.0,0.0,0.0,0.0,0.0,0.0,0.0,0.0,0.0,0.0,0.7863793691141044,0.24004254246462287,166.77535713301618,196.16833960509343,2348.2738465879826,0.13134551390042857,0.020046629105682016,123.51210488375706,145.0903755142346,1824.6620136323334,0.8226637917725066,0.1554542312495289,210.4790747710925,247.442397506204,3020.271510635783,0.1531918341455523,0.02894781446439007,105.73302631929715,124.3960329016423,1470.245646071144,0.0,0.0,9.116983288045303,10.778994438981958,100.8983285107429,0.0,0.0,68.19782924106159,80.05368486491627,1033.3430120794038,0.0,0.0,217.8403530716137,256.7304232806672,2810.880562164069,0.0,0.0,23.99245668604921,28.36962708082108,264.02293948238158,0.0,0.0,102.12119883264625,120.63514227003691,1180.4526289985607,56.19920292611095,38.545406670858,206.73013775533756,244.06527605551566,3129.7840903135427,0.0,0.0,125.38076532738315,148.23893493024574,1392.197970953238,0.0,18.2988303904149,41.67970720521583,22.0,30.0,0.0,18.681970279221326,40.66351086321377,16.0,30.0,0.0,18.442657982600115,41.492986154591537,22.0,30.0,0.0,18.232298366520138,41.85764410704301,16.0,30.0,0.0,16.770373835977418,46.53748887500625,12.0,30.0,0.0,18.867082030245645,40.641548682302957,16.0,30.0,0.0,17.709171432166668,43.67496418224695,10.0,30.0,0.0,16.73845581820991,46.58436584450598,12.0,30.0,0.0,17.02144266308304,45.72280795305923,12.0,30.0,0.0,17.22588089627015,0.0,0.0,0.0,16.775572748735944,0.0,0.0,444.2064879209124,442.4899075688778,456.1636765676637,444.59859993757569,484.30043515659636,473.9897703324196,471.7921675123901,480.8721595839502,478.7179688591023,0.0,81.55440076776276,81.55440076776276,60.0,0.0,60.0,60.0,16.0,16.0,16.0,12.0,12.0,12.0,21.0,10.0,0.0,0.0,0.0,0.0,0.0,0.0,0.0,0.0,0.0,0.0,0.0,0.0,0.0,81.55440076776276,81.55440076776276,0.0,0.0,0.0,81.55440076776276,0.0,0.0,0.0018999999999999998 
 03/20  11:40:00,11.41,64.33333333333334,11.21,246.16666666666667,365.16666666666665,0.0,0.0,0.0,0.0,0.0,0.0,0.0,0.0,0.0,0.0,1352.0,0.0,1255.8863748317522,93.92281072229257,240.67525818177968,37.65758046493896,1002.3143076051549,0.0,93.92281072229253,128.39960299216313,0.0,0.0,18.39778239042854,39.65030006699317,19.456531064819683,-468.55308389270479,18.40615326727944,-161.48352185252726,18.560881138009209,-82.6849633708348,16.703012042552037,13.494135271323274,19.296898407813957,-169.89331119729469,17.521754841586746,72.12209006835337,16.72176773362316,4.742731920047106,17.147746739286086,-19.05427636299214,481.47149789587777,214.6718910885811,0.0,0.0,0.0,0.0,0.0,0.0,0.0,0.0,0.0,0.0,0.0,0.0,0.0,0.0,0.0,0.0,0.0,0.0,0.0,0.0,0.0,0.0,0.7949982769346667,0.24267346670777374,214.00441321981755,252.2065561221669,2990.246459726299,0.11746017301350578,0.017927376833563156,176.5058710268843,207.83230765479915,2543.165285109691,0.8306951984734962,0.15697188179771288,211.33960115133812,249.07195399718567,2891.640400670595,0.16819424229177713,0.0317827366386578,124.791152826254,147.12240710319044,1719.0073403455818,0.0,0.0,9.0990710920969,10.779471183466388,98.26097019268068,0.0,0.0,70.42675954916305,82.82344516817975,1054.5986215450033,0.0,0.0,217.42754798578677,256.76945992620997,2744.731671694213,0.0,0.0,25.084716690257033,29.722782350640828,268.25061444930386,0.0,0.0,101.29814306685353,119.90206386898783,1148.0548232076233,57.33549066825593,39.32475354475717,270.56282769841075,320.05641926472239,3878.242549551335,0.0,0.0,125.45371453010447,148.58588177113,1380.7097781369676,0.0,18.406571074301835,41.39744582159517,22.0,30.0,0.0,18.656713078026159,40.70331091488402,16.0,30.0,0.0,18.25085438750242,41.84123957603223,22.0,30.0,0.0,18.319007616704778,41.7079482274803,16.0,30.0,0.0,16.78926740644016,46.41588712283854,12.0,30.0,0.0,18.93279366945709,40.41537780060935,16.0,30.0,0.0,17.72220296518102,43.556903504311218,10.0,30.0,0.0,16.735699464160129,46.52142985387085,12.0,30.0,0.0,17.062226155330415,45.52626907737683,12.0,30.0,0.0,17.331623172220419,0.0,0.0,0.0,16.881246355017134,0.0,0.0,444.78495025824557,441.60451615379909,447.1258375059501,449.9787635297814,480.43769944154396,470.1066553880911,466.93673805394919,476.8034872671377,474.1279726039507,0.0,81.55440076776276,81.55440076776276,60.0,0.0,60.0,60.0,16.0,16.0,16.0,12.0,12.0,12.0,21.0,10.0,0.0,0.0,0.0,0.0,0.0,0.0,0.0,0.0,0.0,0.0,0.0,0.0,0.0,81.55440076776276,81.55440076776276,0.0,0.0,0.0,81.55440076776276,0.0,0.0,0.0018999999999999998 
 03/20  11:50:00,11.56,63.666666666666667,11.399999999999999,246.33333333333335,355.33333333333339,0.0,0.0,0.0,0.0,0.0,0.0,0.0,0.0,0.0,0.0,676.0,0.0,1278.5212913215285,93.62845440621718,239.920953995015,38.336271735356209,1020.3789313164945,0.0,93.62845440621713,127.99719559153638,0.0,0.0,18.422141792864797,51.25357029983934,19.485523886961557,-516.0312764689952,18.451582759355654,-12.377437478147386,18.610381883079556,-11.865798889433734,16.723413420090816,13.845096018127834,19.394554959247509,-180.5099250642038,17.544500336919339,75.34833748811616,16.712345446206265,7.486480391124815,17.184504478837185,-19.98863188064206,343.54787530697197,198.7221614737191,0.0,0.0,0.0,0.0,0.0,0.0,0.0,0.0,0.0,0.0,0.0,0.0,0.0,0.0,0.0,0.0,0.0,0.0,0.0,0.0,0.0,0.0,0.8344858958447675,0.25472707443368977,182.86899250759692,214.89782185045449,2530.90954074276,0.11990872379545127,0.01830108727036802,184.42504955461136,216.6152427466504,2597.241799061672,0.8623003545645228,0.16294413351559396,91.51759955656887,107.58237476815286,1254.8285695774694,0.17562749610469018,0.033187357540568809,8.932562825820286,10.498980240766425,124.44294429531345,0.0,0.0,9.239767998202407,10.919457115035766,97.53374457226353,0.0,0.0,71.24283409416812,83.55932160469726,1058.8644793006668,0.0,0.0,218.01300473951359,256.8155586393775,2705.2959490541145,0.0,0.0,25.876107386419674,30.589108043052656,268.9465232937268,0.0,0.0,100.10402386416527,118.18093744418718,1115.8024543713846,58.3965130966709,40.05247811842999,124.57935290912107,147.17681137465008,1968.2188584569393,0.0,0.0,124.99961394236429,147.6464108765996,1361.4924021111759,0.0,18.486151904481546,41.14054358275126,22.0,30.0,0.0,18.639062302011238,40.69765807331404,16.0,30.0,0.0,18.38633213116564,41.44283075897078,22.0,30.0,0.0,18.42720666480881,41.3856707596866,16.0,30.0,0.0,16.817303806509913,46.231448120252739,12.0,30.0,0.0,19.027771596182939,40.10366034292805,16.0,30.0,0.0,17.764249364186797,43.37727155485801,10.0,30.0,0.0,16.734697177139535,46.42535830151424,12.0,30.0,0.0,17.11843348112539,45.27928887506975,12.0,30.0,0.0,16.94821302594172,0.0,0.0,0.0,16.975106622816559,0.0,0.0,442.1226840612234,439.0855484022715,444.97140134866648,448.1840367610462,474.32124410500719,465.367325100831,463.24608555696445,471.03866282401045,469.15415019954568,0.0,81.55440076776276,81.55440076776276,60.0,0.0,60.0,60.0,16.0,16.0,16.0,12.0,12.0,12.0,21.0,10.0,0.0,0.0,0.0,0.0,0.0,0.0,0.0,0.0,0.0,0.0,0.0,0.0,0.0,81.55440076776276,81.55440076776276,0.0,0.0,0.0,81.55440076776276,0.0,0.0,0.0018999999999999998 
 03/20  12:00:00,11.71,63.0,11.59,246.5,345.5,0.0,0.0,0.0,0.0,0.0,0.0,0.0,0.0,0.0,0.0,676.0,0.0,1297.4592974722833,93.31029259499917,239.10564625756016,38.904112611318428,1035.4930866168789,0.0,93.31029259499913,127.56224427424194,0.0,0.0,18.36789630796047,5.993217010263834,19.54322837227508,-468.5709715660587,18.46489762117333,-7.4893899374737888,18.59274683881208,-117.71644285412072,16.74124997090847,14.663826174489543,19.477219376787266,-191.38242607105395,17.574046610198317,86.95905170908554,16.706665590097069,12.646006788898717,17.214363258105917,-11.249024910194749,353.5203892692098,183.70479444074773,0.0,0.0,0.0,0.0,0.0,0.0,0.0,0.0,0.0,0.0,0.0,0.0,0.0,0.0,0.0,0.0,0.0,0.0,0.0,0.0,0.0,0.0,0.8741993238706353,0.2668496104611219,149.12074268435814,175.26499116738223,1996.545811277916,0.14628184696154868,0.022326289218795586,135.30322654267537,158.8671879303198,1879.4378197683778,0.8903778209037235,0.16824977719269158,129.40903716600173,152.07503594364438,1744.1167537450284,0.17444727747233949,0.03296433814670057,43.779210853854269,51.45740653374073,583.5001544967314,0.0,0.0,9.543180401179017,11.275620622235686,98.27511250611404,0.0,0.0,72.50855521462576,85.0116111399736,1065.7078402845814,0.0,0.0,219.88053388558519,258.93088755222558,2685.6742102513346,0.0,0.0,26.709244371699798,31.569213863461113,269.7437365090224,0.0,0.0,98.35148955156233,116.07843834405958,1074.949254628214,59.618272684258197,40.89044765724157,125.1028008548276,147.76238563554888,1940.0128231603717,0.0,0.0,124.04461206845439,146.45674286577745,1333.4992407995019,0.0,18.400617391219695,41.32664985588087,22.0,30.0,0.0,18.69162381207302,40.55691464713737,16.0,30.0,0.0,18.439055344100259,41.29697144885428,22.0,30.0,0.0,18.382385044136698,41.42011582464437,16.0,30.0,0.0,16.8394956842892,46.09454455323475,12.0,30.0,0.0,19.097479967716465,39.88470566106595,16.0,30.0,0.0,17.818671905999005,43.17452971641452,10.0,30.0,0.0,16.73836349648198,46.35163455553158,12.0,30.0,0.0,17.1615625140885,45.100852850571317,12.0,30.0,0.0,16.97220037343064,0.0,0.0,0.0,17.056469661899109,0.0,0.0,440.6422351882823,439.41354634404629,444.86054168595708,443.78747862691696,470.2232921399235,462.709921603476,460.1350173673211,467.5558659322988,466.1040098724542,0.0,81.55440076776276,81.55440076776276,60.0,0.0,60.0,60.0,16.0,16.0,16.0,12.0,12.0,12.0,21.0,10.0,0.0,0.0,0.0,0.0,0.0,0.0,0.0,0.0,0.0,0.0,0.0,0.0,0.0,81.55440076776276,81.55440076776276,0.0,0.0,0.0,81.55440076776276,0.0,0.0,0.0018999999999999998 
 03/20  12:10:00,11.788333333333334,63.0,11.65,246.66666666666669,335.66666666666665,0.0,0.0,0.0,0.0,0.0,0.0,0.0,0.0,0.0,0.0,676.0,0.0,1312.8388697923684,92.97119230343589,238.23668176806414,39.365255272347869,1047.7672904454735,0.0,92.97119230343583,127.09866846686973,0.0,0.0,18.391073200730284,55.609444129698207,19.541519055208555,-574.1937078360625,18.365189999881303,-148.4044534558211,18.640363013771386,-17.455747571464145,16.759152822281849,15.191545696152162,19.5581420225039,-195.15017135380959,17.584181342945084,82.48747012236345,16.70399789307291,16.942350359444846,17.243889785566507,-5.067340461413551,417.29933259148768,177.78024058800748,0.0,0.0,0.0,0.0,0.0,0.0,0.0,0.0,0.0,0.0,0.0,0.0,0.0,0.0,0.0,0.0,0.0,0.0,0.0,0.0,0.0,0.0,0.8857604031344826,0.2703786334354343,180.666953361773,212.2571670482764,2415.5410816092496,0.13720157959436467,0.020940412026001933,175.5394978262351,206.13734261995666,2384.9926719851375,0.8760679072968547,0.16554571188527118,79.34662591064004,93.2902756892128,1033.58991564004,0.1759653355513019,0.033251197194123557,74.92657395650275,88.02257136734275,1000.9400169400491,0.0,0.0,9.461067297097613,11.176416238079894,96.33461090314587,0.0,0.0,73.33227572755307,85.94571561691893,1076.4458409056757,0.0,0.0,219.61393642119993,258.5742743872851,2652.751344478208,0.0,0.0,27.2143416193306,32.16150773678362,270.9072093639553,0.0,0.0,99.12647723488984,116.96197269097815,1075.8186530771907,60.063912226220697,41.19609892059034,169.47376386315407,200.01233486182773,2458.8950554247287,0.0,0.0,125.33256526715462,147.91549244404374,1348.6327477044152,0.0,18.478688683666247,41.11471221275558,22.0,30.0,0.0,18.618378820304814,40.691541400747279,16.0,30.0,0.0,18.262130650729295,41.65924603006317,22.0,30.0,0.0,18.490380997834053,41.17025504749397,16.0,30.0,0.0,16.861005525618667,45.96705972255319,12.0,30.0,0.0,19.169213717464876,39.65762371754085,16.0,30.0,0.0,17.83026119002646,43.10100035909094,10.0,30.0,0.0,16.745133335517389,46.27592652672402,12.0,30.0,0.0,17.203003425273346,44.93031693408466,12.0,30.0,0.0,17.159789546897654,0.0,0.0,0.0,17.142261696885578,0.0,0.0,440.5631657062905,436.99520524813996,439.685513499097,445.6744864075463,466.56918310040506,459.6388410209492,457.90900743402968,464.5767286979168,463.256545205119,0.0,81.55440076776276,81.55440076776276,60.0,0.0,60.0,60.0,16.0,16.0,16.0,12.0,12.0,12.0,21.0,10.0,0.0,0.0,0.0,0.0,0.0,0.0,0.0,0.0,0.0,0.0,0.0,0.0,0.0,81.55440076776276,81.55440076776276,0.0,0.0,0.0,81.55440076776276,0.0,0.0,0.0018999999999999998 
 03/20  12:20:00,11.866666666666668,63.00000000000001,11.71,246.83333333333335,325.83333333333339,0.0,0.0,0.0,0.0,0.0,0.0,0.0,0.0,0.0,0.0,1352.0,0.0,1324.7964025807597,92.61368576465468,237.3205494722249,39.723789464929158,1057.310397963191,0.0,92.61368576465464,126.60992992408552,0.0,0.0,18.335730513769577,16.941768125069303,19.606934342363546,-474.00746813834169,18.373303771270199,-37.94406624711519,18.57214474197614,-158.42793775291239,16.775058136316429,15.95481373348099,19.626034498663534,-202.51087523494358,17.606400051730554,93.7250654059012,16.704336803233806,23.31551134313702,17.270970955595236,7.847031114026777,449.89787674416587,166.46227969110078,0.0,0.0,0.0,0.0,0.0,0.0,0.0,0.0,0.0,0.0,0.0,0.0,0.0,0.0,0.0,0.0,0.0,0.0,0.0,0.0,0.0,0.0,0.881037592841586,0.2689369941518883,186.91302958449669,220.10787382252986,2435.0787633391867,0.13788892569044579,0.021045318328822617,165.25237865257948,194.32280152490513,2245.0540516890089,0.9182607527272123,0.17351866075722084,160.89795370587178,189.75605927933158,2082.8088210425955,0.17460785582056585,0.03299468174991795,102.98526703184696,121.3899549394745,1326.215164518577,0.0,0.0,9.573831111039962,11.333124464132535,96.2526036494493,0.0,0.0,74.93031122206311,87.98790787012178,1094.9106192127813,0.0,0.0,219.3517376198816,258.7775008686413,2630.16132364613,0.0,0.0,27.954848927092664,33.105148850129939,274.32681598202199,0.0,0.0,96.74430934170911,114.37599487097562,1041.168330972336,60.508605284575029,41.501101018227057,222.33390035110575,262.9092765347307,3047.954300329169,0.0,0.0,123.47371950732838,145.99262064912217,1325.13755875582,0.0,18.386439871365157,41.3209046123893,22.0,30.0,0.0,18.70124747360621,40.5244872053395,16.0,30.0,0.0,18.320434764994418,41.559443175600247,22.0,30.0,0.0,18.34385719193795,41.479712559310588,16.0,30.0,0.0,16.877770495516484,45.86710662647995,12.0,30.0,0.0,19.21857843627221,39.489247000217307,16.0,30.0,0.0,17.86773716961647,42.94169721906175,10.0,30.0,0.0,16.755236642135345,46.18974068206502,12.0,30.0,0.0,17.238892958737279,44.76822776419745,12.0,30.0,0.0,17.26975774555389,0.0,0.0,0.0,17.210148465250155,0.0,0.0,437.49380845739918,436.18040322202037,441.4797682001889,440.11954934689279,463.8217909905635,456.80129993666119,454.5970992577545,461.54899670562846,459.9195059025625,0.0,81.55440076776276,81.55440076776276,60.0,0.0,60.0,60.0,16.0,16.0,16.0,12.0,12.0,12.0,21.0,10.0,0.0,0.0,0.0,0.0,0.0,0.0,0.0,0.0,0.0,0.0,0.0,0.0,0.0,81.55440076776276,81.55440076776276,0.0,0.0,0.0,81.55440076776276,0.0,0.0,0.0018933333333333333 
 03/20  12:30:00,11.945,63.0,11.77,247.0,316.0,0.0,0.0,0.0,0.0,0.0,0.0,0.0,0.0,0.0,0.0,676.0,0.0,1333.4693336148612,92.23996246650148,236.36286005571399,39.983836224500219,1064.2320971282348,0.0,92.23996246650143,126.0990218417702,0.0,0.0,18.371687961926864,59.3230199408672,19.64387283006684,-531.9547129484517,18.382248489446117,3.3348521020616319,18.533665900656879,-158.82644250049635,16.79561760506226,16.061385089394663,19.703151056512256,-212.3017563729568,17.63090135830989,95.16371313548462,16.708425148620795,25.31221713380819,17.305320628272264,6.418648607877003,415.49159819506988,154.6289016408282,0.0,0.0,0.0,0.0,0.0,0.0,0.0,0.0,0.0,0.0,0.0,0.0,0.0,0.0,0.0,0.0,0.0,0.0,0.0,0.0,0.0,0.0,0.8954583303930273,0.27333892869140027,176.52053938592995,207.32842143084606,2305.5503730124689,0.13487832508757678,0.020585824952316358,179.1550724168555,210.2568482078892,2410.218929429437,0.9315082976832825,0.1760219761306279,181.98042984934978,213.82576886218173,2335.8156834958356,0.17978264508296835,0.03397253308446113,77.20666724015418,90.74202135423013,976.296292886633,0.0,0.0,9.646577480403156,11.391143105904588,95.97418674378084,0.0,0.0,75.71922507312442,88.68434154952235,1105.5819874162565,0.0,0.0,218.84801274040337,257.54017362615238,2607.594382918083,0.0,0.0,28.294436964588298,33.42699109747216,274.098901504325,0.0,0.0,95.10965964852535,112.1625775833823,1017.9379091501702,60.89781664940417,41.76804982812359,188.1153703039681,221.92752606873646,2602.526866816247,0.0,0.0,122.06108446977334,143.95536986746425,1305.784572631282,0.0,18.48132235828044,41.10585813475141,22.0,30.0,0.0,18.71210991087211,40.50561464651767,16.0,30.0,0.0,18.365542057863175,41.412796200636709,22.0,30.0,0.0,18.28619228118779,41.61889830409361,16.0,30.0,0.0,16.903077042530048,45.71590600269944,12.0,30.0,0.0,19.29163613758992,39.25626365328061,16.0,30.0,0.0,17.907770112937464,42.79238729442131,10.0,30.0,0.0,16.76989238515115,46.07188758926339,12.0,30.0,0.0,17.287433590129106,44.565457764718647,12.0,30.0,0.0,17.18760539322264,0.0,0.0,0.0,17.27138363038178,0.0,0.0,436.73955914785526,433.72602781823727,439.6934563119234,435.64100086513499,459.46332363060619,453.1634897259691,451.7149890057857,457.5077250986833,456.30566344666866,0.0,81.55440076776276,81.55440076776276,60.0,0.0,60.0,60.0,16.0,16.0,16.0,12.0,12.0,12.0,21.0,10.0,0.0,0.0,0.0,0.0,0.0,0.0,0.0,0.0,0.0,0.0,0.0,0.0,0.0,81.55440076776276,81.55440076776276,0.0,0.0,0.0,81.55440076776276,0.0,0.0,0.0018866666666666663 
 03/20  12:40:00,12.023333333333334,63.0,11.83,248.33333333333335,305.1666666666667,0.0,0.0,0.0,0.0,0.0,0.0,0.0,0.0,0.0,0.0,676.0,0.0,1339.6176743327533,92.1274836510539,236.07459672776904,40.16818473552495,1069.1389516260629,0.0,92.12748365105385,125.94525477349963,0.0,0.0,18.354382175173386,45.7812459449533,19.689322127912015,-522.7074831749314,18.393199396519159,3.015720434043942,18.588662823571313,-18.550548334282668,16.814324141229496,16.658456646675519,19.770596444812328,-216.69598865186436,17.65562488965139,99.16272629135074,16.711720144081324,28.24880668774449,17.332426764719537,9.514462390100562,314.85188430608198,149.90921132999848,0.0,0.0,0.0,0.0,0.0,0.0,0.0,0.0,0.0,0.0,0.0,0.0,0.0,0.0,0.0,0.0,0.0,0.0,0.0,0.0,0.0,0.0,0.8881843950055025,0.27111855769398737,173.74111273605605,204.0506122987871,2235.0412346389305,0.13788391809242937,0.021044554043411078,168.45797608034679,197.6467917735352,2252.3945394779696,0.9462615916191846,0.178809824569007,114.4783920585043,134.47543632925244,1464.506900220397,0.19366883192795368,0.036596529086914898,96.15139540243693,112.94143849879804,1225.1072290148755,0.0,0.0,9.758256511100056,11.520759759977567,95.94602408038708,0.0,0.0,76.17202421723676,89.1855574280843,1108.7547747662887,0.0,0.0,220.64251736765784,259.5841366828578,2610.843038885322,0.0,0.0,28.819817596616084,34.042157221482529,275.26470836545249,0.0,0.0,95.65484602948856,112.77801410314283,1015.1477332260572,61.2785401783923,42.029177077086639,113.79572731130939,134.35449702920674,1708.9304458931395,0.0,0.0,122.96804030583449,144.97445388273486,1311.5312863251684,0.0,18.461236251324764,41.15799860141065,22.0,30.0,0.0,18.75018792234028,40.49315745503494,16.0,30.0,0.0,18.404232114821235,41.31356086419206,22.0,30.0,0.0,18.418552213274937,41.280614683537418,16.0,30.0,0.0,16.923992094509495,45.604481881038058,12.0,30.0,0.0,19.349626668021747,39.089229129498,16.0,30.0,0.0,17.946410000781755,42.66209925180609,10.0,30.0,0.0,16.780937283682375,45.98824158258425,12.0,30.0,0.0,17.32192063378216,44.424264971469437,12.0,30.0,0.0,16.916218936519607,0.0,0.0,0.0,17.335489451205434,0.0,0.0,434.6180884192239,434.63351933833038,437.49331286904939,440.09331179702346,456.55630284168549,451.1524718480406,449.68814365551989,454.7725568503873,453.8090074126182,0.0,81.55440076776276,81.55440076776276,60.0,0.0,60.0,60.0,16.0,16.0,16.0,12.0,12.0,12.0,21.0,10.0,0.0,0.0,0.0,0.0,0.0,0.0,0.0,0.0,0.0,0.0,0.0,0.0,0.0,81.55440076776276,81.55440076776276,0.0,0.0,0.0,81.55440076776276,0.0,0.0,0.00188 
 03/20  12:50:00,12.101666666666667,63.0,11.89,249.66666666666669,294.3333333333333,0.0,0.0,0.0,0.0,0.0,0.0,0.0,0.0,0.0,0.0,676.0,0.0,1342.7486794317916,92.00135958374006,235.7513661817084,40.262059729754657,1071.6377008008336,0.0,92.00135958374001,125.77283361141649,0.0,0.0,18.371511409935235,71.0574131377034,19.662411946967369,-638.3013789771658,18.38921306606907,-5.513329383181826,18.641552712076324,-8.808796745511245,16.833348180515448,17.084517950585338,19.834735180620073,-220.96150767381324,17.672618664639538,98.5666464054093,16.716829137688096,31.536534403208976,17.359548930013014,13.752730526443884,347.9950178818008,145.35408547471253,0.0,0.0,0.0,0.0,0.0,0.0,0.0,0.0,0.0,0.0,0.0,0.0,0.0,0.0,0.0,0.0,0.0,0.0,0.0,0.0,0.0,0.0,0.9255051708152904,0.2825107359021033,182.68909070079364,214.49000764085953,2339.2589141841438,0.1390517148183537,0.021222789196940436,185.9920076827725,218.2642922052974,2419.2931273770698,0.937778698169286,0.17720685906449103,81.18700832929247,95.35349214126872,1030.224269141924,0.18424149732355345,0.0348150977557735,6.289128881018414,7.383935965911424,82.47913840930498,0.0,0.0,9.761608622712706,11.522440016583948,94.8386147740816,0.0,0.0,76.8746346266137,89.97929948435609,1115.2300753282178,0.0,0.0,220.73364721911759,259.63812927290305,2586.7038042610818,0.0,0.0,29.13168239221056,34.404646424165168,274.37862870454065,0.0,0.0,95.74933071101083,112.86160209296584,1007.5162749789753,61.74463592777716,42.348858661026877,122.87526813456459,145.00795452024674,1805.615672668129,0.0,0.0,123.51608260118938,145.57162995856405,1312.4999284808878,0.0,18.511964475722555,41.10305467533618,22.0,30.0,0.0,18.64467575360948,40.85205446872672,16.0,30.0,0.0,18.411418241606577,41.30021637375337,22.0,30.0,0.0,18.51261615615039,41.0594792848278,16.0,30.0,0.0,16.944844325074784,45.50230568456205,12.0,30.0,0.0,19.405703839531158,38.9335164863238,16.0,30.0,0.0,17.96858390804089,42.57791008811191,10.0,30.0,0.0,16.793727844445909,45.915081590779539,12.0,30.0,0.0,17.356380084449829,44.29676531055483,12.0,30.0,0.0,17.00622435249475,0.0,0.0,0.0,17.395848020250484,0.0,0.0,435.25359430030286,430.7401251428979,435.70271732038835,441.248958194403,454.0041218592061,449.20637522360837,447.5411866917828,452.59847724339576,451.7645620705727,0.0,81.55440076776276,81.55440076776276,60.0,0.0,60.0,60.0,16.0,16.0,16.0,12.0,12.0,12.0,21.0,10.0,0.0,0.0,0.0,0.0,0.0,0.0,0.0,0.0,0.0,0.0,0.0,0.0,0.0,81.55440076776276,81.55440076776276,0.0,0.0,0.0,81.55440076776276,0.0,0.0,0.0019133333333333334 
 03/20  13:00:00,12.18,63.0,11.95,251.0,283.5,0.0,0.0,0.0,0.0,0.0,0.0,0.0,0.0,0.0,0.0,676.0,0.0,1343.0349336707264,91.86260928804815,235.39577989044575,40.27063611167547,1071.8660830846209,0.0,91.8626092880481,125.58315143788612,0.0,0.0,18.299842380158795,12.550193918546029,19.751450865210719,-465.3182038354389,18.39381800831081,10.49172961666136,18.54045264694632,-210.13884033326759,16.85281170641953,17.608140413055425,19.89320119297855,-228.6030271710606,17.698286989854706,104.59593565441173,16.723552519012999,34.648689440028309,17.386472978690735,17.26969801879568,401.8364689246073,138.40725179766106,0.0,0.0,0.0,0.0,0.0,0.0,0.0,0.0,0.0,0.0,0.0,0.0,0.0,0.0,0.0,0.0,0.0,0.0,0.0,0.0,0.0,0.0,0.9360314970417396,0.2857239001958912,144.85301158380455,170.1194988125835,1796.5227149491898,0.16015498002150087,0.02444367826945984,131.00755243407719,153.63663193723543,1722.9125405391756,0.9410436342056289,0.17782381598745829,165.976601080643,194.89343411405938,2075.8134341086185,0.18007625996813704,0.034028015866994897,84.16864107890669,98.87667357009463,1026.08987073501,0.0,0.0,9.950331276508509,11.7428618164664,95.5147571700462,0.0,0.0,77.52032596792145,90.70819902100891,1119.688090097598,0.0,0.0,221.48108125429332,260.4467963025303,2577.6924589222155,0.0,0.0,29.49884028633508,34.83209469041376,274.0061990063591,0.0,0.0,94.4317464526445,111.28136720506176,984.9871047905537,62.22447435836452,42.67796595223905,161.96322920425639,191.00338196072668,2228.4220414924695,0.0,0.0,122.52552948250161,144.36205386928385,1294.0307460717439,0.0,18.37818340620528,41.54501243275472,22.0,30.0,0.0,18.796514010907808,40.526768943100289,16.0,30.0,0.0,18.43652648407552,41.27936999710516,22.0,30.0,0.0,18.29700663978602,41.799992888771019,16.0,30.0,0.0,16.965928900967769,45.405235607252908,12.0,30.0,0.0,19.454241517862987,38.7996346643984,16.0,30.0,0.0,18.008171914710954,42.47533172194646,10.0,30.0,0.0,16.80792435966868,45.84332898020634,12.0,30.0,0.0,17.390007054756628,44.17508333318217,12.0,30.0,0.0,17.16802253335794,0.0,0.0,0.0,17.443240054636303,0.0,0.0,431.6998536182933,431.06889780936117,438.51741492154476,432.5908885538113,451.58654383091558,447.06985325793417,446.2059846461023,450.5276695736646,449.7132298350691,0.0,81.55440076776276,81.55440076776276,60.0,0.0,60.0,60.0,16.0,16.0,16.0,12.0,12.0,12.0,21.0,10.0,0.0,0.0,0.0,0.0,0.0,0.0,0.0,0.0,0.0,0.0,0.0,0.0,0.0,81.55440076776276,81.55440076776276,0.0,0.0,0.0,81.55440076776276,0.0,0.0,0.0019466666666666667 
 03/20  13:10:00,12.251666666666667,62.5,11.885000000000002,252.33333333333335,272.66666666666665,0.0,0.0,0.0,0.0,0.0,0.0,0.0,0.0,0.0,0.0,676.0,0.0,1340.6596168674378,91.71179144016932,235.00926971489106,40.199406473343739,1069.97029271195,0.0,91.71179144016928,125.37697200561772,0.0,0.0,18.366081113152768,96.30526188309614,19.723745741007435,-648.3975640958424,18.266795529789709,-154.5387723991712,18.59692954539966,-7.917268984379916,16.871999206183064,17.41714636557674,19.950888835637348,-230.10352126735917,17.70384352504739,97.34847381644704,16.73083166976374,36.61968130282082,17.412748280852925,19.538446399572878,451.6462157996766,136.14959943503437,0.0,0.0,0.0,0.0,0.0,0.0,0.0,0.0,0.0,0.0,0.0,0.0,0.0,0.0,0.0,0.0,0.0,0.0,0.0,0.0,0.0,0.0,0.8975313159921764,0.27397170817832008,211.06901154871069,247.68797317297254,2644.9862104985829,0.12216911512743414,0.01864607984240448,215.45825364070354,252.70579291989757,2753.3848649053868,0.8984540157951719,0.16977589111775744,113.7512368483901,133.64069566125662,1355.4122107901135,0.18767375678705495,0.03546367286225527,115.12822460480752,135.1488112883667,1418.6045975303185,0.0,0.0,9.650932455833257,11.385890518223432,91.61389941756352,0.0,0.0,78.27459419731322,91.55143636098623,1126.8744345293399,0.0,0.0,219.3815216524158,257.9127632921158,2520.6844926654555,0.0,0.0,29.479966245390714,34.79951301341143,270.3157625364478,0.0,0.0,95.2579565744164,112.21456758360873,985.6720361004277,61.77522205295861,42.36983679901141,228.898664745254,269.7002969020439,2950.1330724017059,0.0,0.0,123.17893206199496,145.06900854654007,1295.5004699454769,0.0,18.533057931393445,41.1883327421296,22.0,30.0,0.0,18.68427690277801,40.83466357757826,16.0,30.0,0.0,18.195722678424326,42.07359940299627,22.0,30.0,0.0,18.442308928860613,41.265100914700479,16.0,30.0,0.0,16.985843683547434,45.32022131762915,12.0,30.0,0.0,19.50508740243736,38.6762608622363,16.0,30.0,0.0,18.006646723416578,42.486270068700239,10.0,30.0,0.0,16.82128759477964,45.771477666416348,12.0,30.0,0.0,17.421793457350998,44.06025742099883,12.0,30.0,0.0,17.349038581645954,0.0,0.0,0.0,17.495068906963107,0.0,0.0,431.5758909751884,431.3567169671955,432.2225383287599,438.56322122639969,449.5926467335924,445.5223888012199,443.9506457156341,448.4143852729114,447.73235099632969,0.0,81.55440076776276,81.55440076776276,60.0,0.0,60.0,60.0,16.0,16.0,16.0,12.0,12.0,12.0,21.0,10.0,0.0,0.0,0.0,0.0,0.0,0.0,0.0,0.0,0.0,0.0,0.0,0.0,0.0,81.55440076776276,81.55440076776276,0.0,0.0,0.0,81.55440076776276,0.0,0.0,0.00198 
 03/20  13:20:00,12.323333333333335,62.00000000000001,11.82,253.66666666666667,261.83333333333339,0.0,0.0,0.0,0.0,0.0,0.0,0.0,0.0,0.0,0.0,676.0,0.0,1335.8168000266872,91.54896282912246,234.5919814594784,40.05418997349213,1066.1052160546638,0.0,91.5489628291224,125.15437294950556,0.0,0.0,18.228304814727666,-23.68970512881151,19.827454692179008,-445.64213437370838,18.337040833802296,51.99837978669348,18.493462627783268,-221.12297128822139,16.891618855229298,17.743151442874479,20.00032784100747,-240.5830546053653,17.739756870236577,111.81492416214678,16.73985265080851,39.56226053480475,17.438347879432933,21.499767529003749,451.7039804994092,124.78686178057433,0.0,0.0,0.0,0.0,0.0,0.0,0.0,0.0,0.0,0.0,0.0,0.0,0.0,0.0,0.0,0.0,0.0,0.0,0.0,0.0,0.0,0.0,0.8388388765632392,0.2560558231267519,217.92648789304119,255.9089868337653,2580.8603348615886,0.13389011324920919,0.020434998969659523,147.5233494523224,172.86944142210039,1918.1032162973684,0.9523301250367451,0.1799565617983268,286.89646098504655,336.77470074948266,3460.7666848290557,0.17507720532448008,0.03308337213236584,130.69914782571136,153.49812852414034,1534.106040906646,0.0,0.0,9.925771120439056,11.706349851638557,93.17634379018279,0.0,0.0,79.06158972083704,92.43610760198225,1132.5226980017627,0.0,0.0,220.59668717094417,259.22108643624719,2528.4811931540455,0.0,0.0,30.0986388149524,35.5189065151051,272.5261518961896,0.0,0.0,92.22866936115486,108.60702746236477,946.3692610454048,61.33431277597534,42.067429887500249,282.7480110456057,333.01301020145248,3472.4950065452565,0.0,0.0,120.30337262651583,141.6286424733273,1256.131493593729,0.0,18.25766697298534,41.94777029129072,22.0,30.0,0.0,18.87179361261293,40.403848741220169,16.0,30.0,0.0,18.37357650411337,41.52111211497059,22.0,30.0,0.0,18.218925908949154,42.081597799051319,16.0,30.0,0.0,17.006214898471798,45.24680675447269,12.0,30.0,0.0,19.54321794908863,38.588441605425739,16.0,30.0,0.0,18.066916393686804,42.32867084435571,10.0,30.0,0.0,16.836748534771059,45.715089556075287,12.0,30.0,0.0,17.452012957340096,43.97120824461842,12.0,30.0,0.0,17.394065478334718,0.0,0.0,0.0,17.53063505044394,0.0,0.0,431.2080663020517,429.64856896681348,434.93126889507809,430.27523288957596,447.5151332753641,443.6341466915724,442.35294514755449,446.8170183998734,446.09922495864557,0.0,81.55440076776276,81.55440076776276,60.0,0.0,60.0,60.0,16.0,16.0,16.0,12.0,12.0,12.0,21.0,10.0,0.0,0.0,0.0,0.0,0.0,0.0,0.0,0.0,0.0,0.0,0.0,0.0,0.0,81.55440076776276,81.55440076776276,0.0,0.0,0.0,81.55440076776276,0.0,0.0,0.00203 
 03/20  13:30:00,12.395,61.5,11.754999999999999,255.0,251.0,0.0,0.0,0.0,0.0,0.0,0.0,0.0,0.0,0.0,0.0,1352.0,0.0,1328.7113986381656,91.37362799969974,234.14264583416913,39.84113093706773,1060.4343943482186,0.0,91.37362799969969,124.91467694471774,0.0,0.0,18.32300288103454,116.30351753036757,19.818698815545319,-608.8981626952032,18.28153393910231,-67.66734798964944,18.527488275883678,-39.729079199090737,16.90908569959165,17.852579307096108,20.04565794024669,-238.34343854595955,17.743459039570526,103.90088703047695,16.747931621905559,42.38130470368475,17.461329768011625,27.419959205736406,424.40595072597946,124.9235723684028,0.0,0.0,0.0,0.0,0.0,0.0,0.0,0.0,0.0,0.0,0.0,0.0,0.0,0.0,0.0,0.0,0.0,0.0,0.0,0.0,0.0,0.0,0.816667867044809,0.24928811570354368,234.8976619419385,276.2463266135257,2846.931507934027,0.0971919688423024,0.014833939078495484,224.04227927232649,263.2117215645445,2844.4546481187019,0.88057248207008,0.16639691649094488,167.63114002538726,197.1337503125837,1967.9706207247066,0.17899451531086908,0.0338236045560977,88.03850965267378,103.64847836096483,1038.3446089831387,0.0,0.0,9.59144132665013,11.33316733193077,88.9101277294439,0.0,0.0,79.76171226560823,93.42587864717308,1136.0571884093145,0.0,0.0,217.6181082622836,256.2254625504968,2459.5272292811234,0.0,0.0,29.924060301076623,35.380148147893027,267.22412985498388,0.0,0.0,93.20922325264172,109.9728258586417,947.1169751179322,60.868079256953738,41.74765381135374,247.90941225736484,292.7031696587384,3058.8087418677,0.0,0.0,121.07396977206767,142.79571814885316,1258.247618689078,0.0,18.47803993839767,41.3899538234662,22.0,30.0,0.0,18.798294792400087,40.58070697856594,16.0,30.0,0.0,18.266081975820418,41.91332936204104,22.0,30.0,0.0,18.322059675659138,41.711110569708,16.0,30.0,0.0,17.021802207106309,45.19606872374538,12.0,30.0,0.0,19.578775943455918,38.512834118326079,16.0,30.0,0.0,18.061228147933606,42.36080426862851,10.0,30.0,0.0,16.848880774775205,45.682909221397128,12.0,30.0,0.0,17.47714331146366,43.90845237992091,12.0,30.0,0.0,17.358270464796385,0.0,0.0,0.0,17.581641394244806,0.0,0.0,430.2448623601876,429.571225561563,431.38730449241646,433.1605016699832,445.92555081400726,441.75351651856865,440.6296583615775,444.7794296076171,443.86607389935707,0.0,81.55440076776276,81.55440076776276,60.0,0.0,60.0,60.0,16.0,16.0,16.0,12.0,12.0,12.0,21.0,10.0,0.0,0.0,0.0,0.0,0.0,0.0,0.0,0.0,0.0,0.0,0.0,0.0,0.0,81.55440076776276,81.55440076776276,0.0,0.0,0.0,81.55440076776276,0.0,0.0,0.00208 
 03/20  13:40:00,12.466666666666667,61.0,11.690000000000002,245.0,230.0,0.0,0.0,0.0,0.0,0.0,0.0,0.0,0.0,0.0,0.0,676.0,0.0,1190.419199415458,87.38543984199903,223.9229648527101,35.69448680454012,950.0646480090927,0.0,87.38543984199899,119.46252136963683,0.0,0.0,18.36466871696325,93.37674406719089,19.76563285288244,-616.064099728379,18.313816377344496,16.9057446243296,18.586792679033544,-9.083977966317434,16.91942700685604,18.118064321063174,20.048611310964615,-239.09415187896685,17.77006142026514,107.41532812179503,16.758115277246,42.86754473245287,17.487288044864316,24.888962744735637,340.89320913989016,120.86055733677677,0.0,0.0,0.0,0.0,0.0,0.0,0.0,0.0,0.0,0.0,0.0,0.0,0.0,0.0,0.0,0.0,0.0,0.0,0.0,0.0,0.0,0.0,0.7890406527183621,0.24085490009718014,202.57715821091044,237.51650320566416,2458.782780207789,0.09796258706379317,0.014951554802166235,208.4657727242946,244.26489673470207,2596.5745015094387,0.8756926288869835,0.16547479759769158,144.40162885803003,169.42803050451449,1698.1968505109726,0.17372059405471489,0.03282702079643137,17.564496806016256,20.602609572837687,210.36866609614416,0.0,0.0,9.675191215641889,11.403880772554159,88.53754642800353,0.0,0.0,79.6576502299884,93.06508272289723,1127.373609890414,0.0,0.0,219.22259444960756,257.44408665469657,2463.0115786729968,0.0,0.0,30.23146561961118,35.653611595391378,266.7023746652626,0.0,0.0,93.25791174155106,109.74009169078249,940.5513766293661,60.37417311060759,41.408897881075187,146.69811370181146,172.83332514701153,1931.270478819086,0.0,0.0,121.18775004806403,142.55052961221046,1252.0062151949574,0.0,18.557834627283353,41.191386235996358,22.0,30.0,0.0,18.74296116315904,40.73237064137622,16.0,30.0,0.0,18.351502554411259,41.70025698713761,22.0,30.0,0.0,18.439078779475378,41.43130176533044,16.0,30.0,0.0,17.03388000429985,45.16865321461502,12.0,30.0,0.0,19.60481990905018,38.468794713659907,16.0,30.0,0.0,18.09967593133886,42.266084193081599,10.0,30.0,0.0,16.86636656385167,45.64595846120177,12.0,30.0,0.0,17.51078547063101,43.82972624300095,12.0,30.0,0.0,17.15174270594542,0.0,0.0,0.0,17.622899314664925,0.0,0.0,429.47553321204807,428.5837710420445,430.8550902452809,432.7513997687775,443.34951174336268,439.4293887178113,439.0930386523732,442.4316191366597,441.7321281203667,0.0,81.55440076776276,81.55440076776276,60.0,0.0,60.0,60.0,16.0,16.0,16.0,12.0,12.0,12.0,21.0,10.0,0.0,0.0,0.0,0.0,0.0,0.0,0.0,0.0,0.0,0.0,0.0,0.0,0.0,81.55440076776276,81.55440076776276,0.0,0.0,0.0,81.55440076776276,0.0,0.0,0.00213 
 03/20  13:50:00,12.538333333333333,60.5,11.625,235.0,209.0,0.0,0.0,0.0,0.0,0.0,0.0,0.0,0.0,0.0,0.0,676.0,0.0,1120.1826534199013,83.7599111261095,214.63257948935695,33.588455780159339,894.009365597727,0.0,83.75991112610947,114.50614874644816,0.0,0.0,18.273089052005817,11.02243239645577,19.77412985235032,-508.2224865961671,18.334400715344598,29.73240894932951,18.53879960848325,-143.13111136847147,16.92850348981714,18.73602717553581,20.04620153293947,-237.47689458001742,17.793246062514624,111.31428237053479,16.766199249205859,45.076261408628969,17.508370508723507,27.417138433928814,389.35716224438877,117.66244941664263,0.0,0.0,0.0,0.0,0.0,0.0,0.0,0.0,0.0,0.0,0.0,0.0,0.0,0.0,0.0,0.0,0.0,0.0,0.0,0.0,0.0,0.0,0.759395533575017,0.23180571842949239,187.6220679468933,220.06684813729738,2181.8701571399608,0.11611812923113674,0.017722547196449443,154.89275694132378,181.40696769246004,1926.6643218401335,0.8391680101411835,0.15857294220354949,192.35037112094077,225.589378419537,2249.6385069623368,0.16376605594682398,0.030945966732204068,64.52062604883364,75.68794849612178,744.5835320844551,0.0,0.0,9.802675236428755,11.550921320059997,88.4025911669195,0.0,0.0,79.27424406459977,92.59134287292042,1111.446446558899,0.0,0.0,219.74868026705094,257.96673195712136,2450.758600289003,0.0,0.0,30.407982343320485,35.850835787676029,264.64575890929037,0.0,0.0,92.67886899942096,109.02094508376918,925.8736285021448,59.99017061787874,41.1455216857879,188.3939206099722,221.77827145486536,2359.457989893806,0.0,0.0,120.60348489495176,141.81162427779379,1235.8557417361829,0.0,18.371062534999319,41.670128410508969,22.0,30.0,0.0,18.80731584089732,40.53073405910055,16.0,30.0,0.0,18.403223249903428,41.556027892877889,22.0,30.0,0.0,18.334480668534729,41.73420497011936,16.0,30.0,0.0,17.040213752336436,45.15359350925273,12.0,30.0,0.0,19.611437031679576,38.451289093089297,16.0,30.0,0.0,18.131785039750704,42.19114642865278,10.0,30.0,0.0,16.87978098573073,45.62123870210551,12.0,30.0,0.0,17.53626848300355,43.77034506704033,12.0,30.0,0.0,17.31390947310985,0.0,0.0,0.0,17.65429079857688,0.0,0.0,428.9071940814642,428.1491520204301,430.799215347214,429.4596904568844,441.7235834518674,438.69735854445949,437.59620278302699,440.5160824764355,440.03431305461387,0.0,81.55440076776276,81.55440076776276,60.0,0.0,60.0,60.0,16.0,16.0,16.0,12.0,12.0,12.0,21.0,10.0,0.0,0.0,0.0,0.0,0.0,0.0,0.0,0.0,0.0,0.0,0.0,0.0,0.0,81.55440076776276,81.55440076776276,0.0,0.0,0.0,81.55440076776276,0.0,0.0,0.0020766666666666669 
 03/20  14:00:00,12.61,60.0,11.56,225.0,188.0,0.0,0.0,0.0,0.0,0.0,0.0,0.0,0.0,0.0,0.0,676.0,0.0,1047.4618053350123,80.1053490845561,205.26779957278283,31.407934515926578,835.9713919692065,0.0,80.10534908455606,109.51008536592252,0.0,0.0,18.347963101838177,104.06797875441043,19.701450238277773,-607.0235900699445,18.27337222197376,-66.24584490445068,18.583298118844636,-11.600472218847245,16.935582018775344,18.467443636641577,20.035328721493188,-230.85918069943274,17.78828895937214,98.76688343133537,16.77304269944386,45.77364368442841,17.527973713142559,28.469930859364469,387.0465948002384,119.05922074039063,0.0,0.0,0.0,0.0,0.0,0.0,0.0,0.0,0.0,0.0,0.0,0.0,0.0,0.0,0.0,0.0,0.0,0.0,0.0,0.0,0.0,0.0,0.7488426461324356,0.2285844463163723,213.0367600798506,249.67105399871955,2514.418300942472,0.08537912684791435,0.013031002266165194,220.58306845693319,258.3705604134834,2665.7681664363997,0.7587717013810965,0.1433808959525882,82.9373451350678,97.28222919231523,944.0391550116607,0.15539036200494939,0.02936325812640766,85.3242536714451,100.02851799188305,990.1524954443089,0.0,0.0,9.42240781081822,11.099852311375854,83.66658506399874,0.0,0.0,79.11575260537075,92.38184770660978,1098.0014036331346,0.0,0.0,215.3050864519812,252.70608643447393,2360.018199450912,0.0,0.0,30.05311085117691,35.422029382356047,257.830969915278,0.0,0.0,93.04975844883366,109.42035091156994,920.3108610185913,59.502714689071307,40.811189773025599,192.63799786819497,226.69226121122478,2374.643573151833,0.0,0.0,120.71717466779013,141.89623045654725,1225.4973645093492,0.0,18.537932323282118,41.206292882853258,22.0,30.0,0.0,18.702247886750276,40.765820617928927,16.0,30.0,0.0,18.290012034124133,41.847068261874927,22.0,30.0,0.0,18.446381635241406,41.428937555139757,16.0,30.0,0.0,17.043503700487066,45.14881205898574,12.0,30.0,0.0,19.613144564982635,38.45387614332901,16.0,30.0,0.0,18.10810302715831,42.253322722598387,10.0,30.0,0.0,16.890542808751339,45.59214076517475,12.0,30.0,0.0,17.559550823672944,43.70825056433695,12.0,30.0,0.0,17.34649428430862,0.0,0.0,0.0,17.679717119744585,0.0,0.0,428.3731081554213,428.2400706330615,429.2410538988879,430.980858337507,440.2586271117936,437.21388870376776,436.7184151676519,439.477566804465,439.0149033212311,0.0,81.55440076776276,81.55440076776276,60.0,0.0,60.0,60.0,16.0,16.0,16.0,12.0,12.0,12.0,21.0,10.0,0.0,0.0,0.0,0.0,0.0,0.0,0.0,0.0,0.0,0.0,0.0,0.0,0.0,81.55440076776276,81.55440076776276,0.0,0.0,0.0,81.55440076776276,0.0,0.0,0.0020233333333333337 
 03/20  14:10:00,12.656666666666667,59.83333333333333,11.64,215.0,167.0,0.0,0.0,0.0,0.0,0.0,0.0,0.0,0.0,0.0,0.0,676.0,0.0,972.6465364562362,76.42739808854049,195.84308898981858,29.164613470866127,776.261887862991,0.0,76.42739808854044,104.48204751141921,0.0,0.0,18.24358949892816,-0.5161259322894694,19.726254198516153,-432.45531953786669,18.306541475583573,42.71365993178915,18.499063667826996,-180.5873414268549,16.941601668756826,18.953535637656957,20.008318834810635,-233.35694147476353,17.816987107957126,112.36432810847782,16.779464894661069,47.287318308665138,17.544433282647654,27.36386087046003,408.7636276746616,110.65230191549154,0.0,0.0,0.0,0.0,0.0,0.0,0.0,0.0,0.0,0.0,0.0,0.0,0.0,0.0,0.0,0.0,0.0,0.0,0.0,0.0,0.0,0.0,0.7440014099859349,0.22710665750486415,194.15989590690283,227.6800946260962,2192.260011383396,0.11526893413812337,0.017592938665769745,147.60367299490987,172.78876446044013,1805.714983034333,0.8318552935547147,0.15719109855531275,236.26158306126056,276.99637633818437,2692.4592573790216,0.15701687785791414,0.029670611840119818,101.33600049690799,118.85127928886603,1131.8525669688423,0.0,0.0,9.79332561437804,11.534774994127087,86.07850341821377,0.0,0.0,79.23045719187262,92.50629217766634,1089.240918128416,0.0,0.0,215.27026284442625,252.58290223774393,2358.7276796004296,0.0,0.0,30.461796225156573,35.89635103622355,259.09405476748989,0.0,0.0,88.42464406157957,103.95738025047987,869.407677440267,60.08866089071872,41.21307331325016,232.2126300770245,273.16213934778429,2759.0994619140208,0.0,0.0,116.22971612757353,136.60050582878655,1168.0468037920496,0.0,18.32239431998398,41.73307322187531,22.0,30.0,0.0,18.82497110384275,40.42952016495895,16.0,30.0,0.0,18.378020492546939,41.60562096254212,22.0,30.0,0.0,18.273123416490706,41.84998263774337,16.0,30.0,0.0,17.045763218849169,45.15028987748713,12.0,30.0,0.0,19.59437678507688,38.49977585331054,16.0,30.0,0.0,18.154430672437735,42.13182847997194,10.0,30.0,0.0,16.901142054189824,45.57362333876533,12.0,30.0,0.0,17.578024353782035,43.66792354272717,12.0,30.0,0.0,17.405606220626809,0.0,0.0,0.0,17.67568920214349,0.0,0.0,428.2221970170157,427.04512273495205,429.6520996642702,427.5913575107172,438.9340015112086,436.4263559581502,435.4262799095818,438.1391975212819,437.7367830820656,0.0,81.55440076776276,81.55440076776276,60.0,0.0,60.0,60.0,16.0,16.0,16.0,12.0,12.0,12.0,21.0,10.0,0.0,0.0,0.0,0.0,0.0,0.0,0.0,0.0,0.0,0.0,0.0,0.0,0.0,81.55440076776276,81.55440076776276,0.0,0.0,0.0,81.55440076776276,0.0,0.0,0.00197 
 03/20  14:20:00,12.703333333333335,59.66666666666667,11.72,205.0,146.0,0.0,0.0,0.0,0.0,0.0,0.0,0.0,0.0,0.0,0.0,676.0,0.0,896.1249494585309,72.73140494733537,186.37214913050807,26.87012977138132,715.1905945035957,0.0,72.73140494733532,99.42934467658106,0.0,0.0,18.34616110393894,116.02004329839292,19.62496228032493,-591.8607564115582,18.21794224486362,-101.00525762185498,18.545110537725994,-8.26031533137575,16.945814066079718,18.70390214263847,19.97773893779133,-219.48610929169355,17.804046547746525,94.04766098332675,16.783324946900409,46.36799732072723,17.558190775001976,26.013109881245783,414.2822579916574,120.65270464877722,0.0,0.0,0.0,0.0,0.0,0.0,0.0,0.0,0.0,0.0,0.0,0.0,0.0,0.0,0.0,0.0,0.0,0.0,0.0,0.0,0.0,0.0,0.7813748699639087,0.23851491757140073,227.2521984026234,266.23705780163388,2642.9326432140767,0.08497678324600563,0.012969594512516123,235.33584026526783,275.5866279774577,2786.9680764657916,0.7925232031848155,0.14975873076054722,103.29344104480627,121.15376283395055,1137.8799789223334,0.16533146937563487,0.031241774258434397,104.63628677337539,122.64663329161697,1185.222948358341,0.0,0.0,9.366868329952075,11.03065150798181,81.43858760269505,0.0,0.0,78.32120395624074,91.43361039762213,1067.3296462659394,0.0,0.0,211.60471463407866,248.27399335708467,2282.6372939459349,0.0,0.0,30.238382356894435,35.62644938499384,254.65481831041493,0.0,0.0,90.85564113823789,106.79212461977747,887.3417610872731,60.60264692138821,41.565601454998787,236.54895502496053,278.2032780644511,2785.9480247318849,0.0,0.0,118.80520100790754,139.59904553652982,1185.1441675227587,0.0,18.546999688982358,41.1311747813926,22.0,30.0,0.0,18.67479455131802,40.80459824735386,16.0,30.0,0.0,18.20866510420929,42.01637784202408,22.0,30.0,0.0,18.40246185441979,41.530564556318818,16.0,30.0,0.0,17.045380078892835,45.1564999133371,12.0,30.0,0.0,19.581040635549586,38.532339908601027,16.0,30.0,0.0,18.11575083973001,42.227529309572677,10.0,30.0,0.0,16.90646918247852,45.56424352394533,12.0,30.0,0.0,17.59272655832987,43.6318828461959,12.0,30.0,0.0,17.421293091973955,0.0,0.0,0.0,17.686178261972555,0.0,0.0,427.20301614099608,427.3412203040939,428.0495467592938,429.753424442334,437.7017683318119,435.068373935672,434.83989487617819,437.1213872905652,436.69954006520518,0.0,81.55440076776276,81.55440076776276,60.0,0.0,60.0,60.0,16.0,16.0,16.0,12.0,12.0,12.0,21.0,10.0,0.0,0.0,0.0,0.0,0.0,0.0,0.0,0.0,0.0,0.0,0.0,0.0,0.0,81.55440076776276,81.55440076776276,0.0,0.0,0.0,81.55440076776276,0.0,0.0,0.0019633333333333336 
 03/20  14:30:00,12.75,59.5,11.8,195.0,125.0,0.0,0.0,0.0,0.0,0.0,0.0,0.0,0.0,0.0,0.0,1352.0,0.0,818.2829177459574,69.02244399078528,176.86798315908315,24.536053698516385,653.0654739390689,0.0,69.02244399078525,94.3589138550146,0.0,0.0,18.273745196200225,25.655030489054754,19.60235700802503,-460.6727747256041,18.249597604711228,40.405140098264158,18.511564235096946,-99.09558857433903,16.949211091785139,19.006187074065708,19.937208033497759,-218.7955592172775,17.820681797702986,103.46080369859419,16.78596756185864,46.48538065230946,17.567804219133988,23.177239361096555,380.9661686164359,117.07656568468224,0.0,0.0,0.0,0.0,0.0,0.0,0.0,0.0,0.0,0.0,0.0,0.0,0.0,0.0,0.0,0.0,0.0,0.0,0.0,0.0,0.0,0.0,0.7849786922843554,0.23961498543478494,214.87647165982748,252.4022304647753,2412.473386676448,0.1092194504879831,0.016669635300363723,179.63670021155006,210.65754029972949,2125.5945477313837,0.8566229424871783,0.16187130432486369,174.39908106703428,205.16688766943634,1929.845658810427,0.1653441392583005,0.03124416841615655,60.7766168078566,71.55038644719156,671.4587621148854,0.0,0.0,9.656876112634733,11.396197591078334,83.00371229985027,0.0,0.0,77.85563683087008,91.08646082986107,1049.530890931082,0.0,0.0,210.94153568597467,247.9902158327869,2264.7374603673017,0.0,0.0,30.591345719315905,36.116653825720927,254.86825044283806,0.0,0.0,86.88583209292036,102.33038126069352,841.415199023057,61.163935187239577,41.95057283075418,213.06182634408592,251.30229308150224,2503.021302547071,0.0,0.0,114.98987825723455,135.40112456285838,1131.0921821117882,0.0,18.39056857834946,41.51936911431321,22.0,30.0,0.0,18.724998263272317,40.6552567908727,16.0,30.0,0.0,18.299876124642368,41.76912314743467,22.0,30.0,0.0,18.332649060470659,41.67009061365431,16.0,30.0,0.0,17.04450081937325,45.15897408699346,12.0,30.0,0.0,19.556026951540077,38.58813543574182,16.0,30.0,0.0,18.139817250732983,42.162134110378108,10.0,30.0,0.0,16.910031262187279,45.555346746346248,12.0,30.0,0.0,17.600488491302689,43.610820048664248,12.0,30.0,0.0,17.324544322540257,0.0,0.0,0.0,17.66490709501621,0.0,0.0,426.9308989897666,426.5424975535371,428.1155641072519,427.3906046632343,436.72825419092217,434.1066355408757,433.2759448476926,435.9717123721059,435.4691209808705,0.0,81.55440076776276,81.55440076776276,60.0,0.0,60.0,60.0,16.0,16.0,16.0,12.0,12.0,12.0,21.0,10.0,0.0,0.0,0.0,0.0,0.0,0.0,0.0,0.0,0.0,0.0,0.0,0.0,0.0,81.55440076776276,81.55440076776276,0.0,0.0,0.0,81.55440076776276,0.0,0.0,0.0019566666666666666 
 03/20  14:40:00,12.796666666666667,59.33333333333333,11.879999999999999,182.33333333333332,107.16666666666667,0.0,0.0,0.0,0.0,0.0,0.0,0.0,0.0,0.0,0.0,676.0,0.0,740.0081633138788,64.67038048857055,165.7158984134775,22.189001978397795,590.5949947203067,0.0,64.6703804885705,88.40931309686327,0.0,0.0,18.30721742771356,68.4354073446084,19.523453423082026,-494.92118437273987,18.256909546428319,19.557588758526437,18.48875053816985,-110.68608961506789,16.951072566243199,19.116089793567654,19.88326890703464,-212.05842878358363,17.82702118363642,101.58848566193956,16.787597883531239,46.21931390373925,17.576598969438046,21.2133963745614,348.37004968154636,119.91640174752274,0.0,0.0,0.0,0.0,0.0,0.0,0.0,0.0,0.0,0.0,0.0,0.0,0.0,0.0,0.0,0.0,0.0,0.0,0.0,0.0,0.0,0.0,0.8104931780435938,0.247403290001097,169.57005935337373,198.65105810226576,1915.1510676085473,0.1191279589428739,0.018181922915579048,175.0917080754419,204.98944195307517,2032.6920725995499,0.8608117117101296,0.16266283290062925,164.75093474685264,193.09817117510617,1816.4435866090285,0.16843288725641948,0.03182783205903617,55.255133519295998,64.76644355187993,605.9815085505587,0.0,0.0,9.718456698193558,11.441025718311803,82.58753210534343,0.0,0.0,77.45174989214847,90.40955084738386,1030.7450263805716,0.0,0.0,209.9491943111802,246.2269477012869,2236.277484655605,0.0,0.0,30.580192728080314,36.016426556792868,252.11268790273489,0.0,0.0,85.59629964934469,100.57107320765923,822.5816235121633,61.68888077853544,42.310617817925557,161.92051453992313,190.50381041934438,1965.3480592349736,0.0,0.0,113.74565043355465,133.63039104674292,1103.1651194817912,0.0,18.46419786852473,41.31674697710031,22.0,30.0,0.0,18.65004039976763,40.829254683645029,16.0,30.0,0.0,18.324140962168845,41.68204241674355,22.0,30.0,0.0,18.306440578480698,41.720113883567957,16.0,30.0,0.0,17.04153682213275,45.169490712249729,12.0,30.0,0.0,19.5133519248199,38.6868436665001,16.0,30.0,0.0,18.14297371502368,42.14732225257635,10.0,30.0,0.0,16.91232819795948,45.548952213410618,12.0,30.0,0.0,17.60924220512397,43.5852453896188,12.0,30.0,0.0,17.218363211191485,0.0,0.0,0.0,17.64103752364694,0.0,0.0,426.7792082120265,425.6115573373328,427.1682123067036,426.4471873741943,435.16046028791137,432.910578016575,432.2051080665909,434.31844894335878,433.9641218024578,0.0,81.55440076776276,81.55440076776276,60.0,0.0,60.0,60.0,16.0,16.0,16.0,12.0,12.0,12.0,21.0,10.0,0.0,0.0,0.0,0.0,0.0,0.0,0.0,0.0,0.0,0.0,0.0,0.0,0.0,81.55440076776276,81.55440076776276,0.0,0.0,0.0,81.55440076776276,0.0,0.0,0.0019500000000000002 
 03/20  14:50:00,12.843333333333334,59.16666666666667,11.959999999999999,169.66666666666669,89.33333333333334,0.0,0.0,0.0,0.0,0.0,0.0,0.0,0.0,0.0,0.0,676.0,0.0,596.0143004644876,59.48549602909968,152.429760167745,17.871397882807778,475.67482933033775,0.0,59.48549602909965,81.32118295002683,0.0,0.0,18.25172730858172,25.690493587129823,19.454075867127757,-432.9946160273885,18.254880646551784,17.482916180153553,18.522128638087034,-5.453746011368537,16.946428337214067,19.45480928761981,19.803999274106283,-199.2137874090863,17.830292495241389,97.24911076881745,16.786564432745359,44.82075059784438,17.58109026471167,17.69701851435957,287.77339622349657,129.1914578683154,0.0,0.0,0.0,0.0,0.0,0.0,0.0,0.0,0.0,0.0,0.0,0.0,0.0,0.0,0.0,0.0,0.0,0.0,0.0,0.0,0.0,0.0,0.8197665150598793,0.25023397895600715,170.96872247684653,200.33206559861615,1878.2374819809718,0.12966669642531565,0.019790399332313133,153.12125547249554,179.24044597499913,1762.169649354769,0.8758515519516116,0.16550482841111337,114.55100004358805,134.23503680069994,1256.886991235519,0.1789622734584,0.033817511991383209,8.177677081382319,9.580655886192004,92.1124462177016,0.0,0.0,9.755514880288049,11.483110841664532,81.80536224435785,0.0,0.0,75.99622219412633,88.71081645957631,996.9670754138535,0.0,0.0,210.22704008082708,246.51479279353974,2218.048809906578,0.0,0.0,30.789904348952559,36.25765006353946,250.82223224039019,0.0,0.0,86.37865422921591,101.47262940560651,822.3742797910827,62.210723281687339,42.66853448675402,112.64880986392699,132.59374547261724,1459.443056440702,0.0,0.0,114.75720638826305,134.8076625830811,1096.7491803204642,0.0,18.35482595386326,41.5847444679069,22.0,30.0,0.0,18.645675208779055,40.83539459848303,16.0,30.0,0.0,18.33200153329957,41.652984714905759,22.0,30.0,0.0,18.400710692318655,41.46695969937829,16.0,30.0,0.0,17.03230577196539,45.19311524322154,12.0,30.0,0.0,19.464007677831824,38.799566919788869,16.0,30.0,0.0,18.139666808461464,42.15104911424899,10.0,30.0,0.0,16.910432978157507,45.54943197425811,12.0,30.0,0.0,17.611750261881388,43.57289569310239,12.0,30.0,0.0,17.04070585784015,0.0,0.0,0.0,17.616965785529844,0.0,0.0,425.84289263223527,425.6791535305968,427.0229904629039,427.21504220157376,434.0741349818658,431.99766043186687,431.54541025437086,433.47678026589599,433.1504789929651,0.0,81.55440076776276,81.55440076776276,60.0,0.0,60.0,60.0,16.0,16.0,16.0,12.0,12.0,12.0,21.0,10.0,0.0,0.0,0.0,0.0,0.0,0.0,0.0,0.0,0.0,0.0,0.0,0.0,0.0,81.55440076776276,81.55440076776276,0.0,0.0,0.0,81.55440076776276,0.0,0.0,0.0019566666666666666 
 03/20  15:00:00,12.89,59.0,12.04,157.0,71.5,0.0,0.0,0.0,0.0,0.0,0.0,0.0,0.0,0.0,0.0,676.0,0.0,518.4371068285659,55.015139390529537,140.97456299951407,15.545263192979594,413.76107693816319,0.0,55.015139390529508,75.20986650611263,0.0,0.0,18.275470102035095,70.14246327072397,19.32879321298676,-508.99035246374026,18.238775510063698,3.0709063876734037,18.431898830604476,-174.0743299590613,16.943445231478984,19.16244733338266,19.731077293851706,-188.75496995470804,17.81820805730179,87.50719894171016,16.783794475041846,43.39885478142878,17.583061914149764,14.360863715705819,385.44853890396919,135.18712044123778,0.0,0.0,0.0,0.0,0.0,0.0,0.0,0.0,0.0,0.0,0.0,0.0,0.0,0.0,0.0,0.0,0.0,0.0,0.0,0.0,0.0,0.0,0.8513292177006907,0.25986850357163945,169.13975337599465,198.11581887037958,1862.1856845597509,0.1310277668917679,0.019998132919988998,175.52896319929364,205.53633497097085,1955.0434527885219,0.8757985879052642,0.16549482008791847,80.96960796965905,94.87417275207079,880.2864196476663,0.16648403760669285,0.03145956870874769,77.34587112191946,90.65492720915096,820.7434413706696,0.0,0.0,9.612339371836902,11.31306316471358,79.5245303039948,0.0,0.0,75.00278646365027,87.55261619956174,969.1492981141548,0.0,0.0,206.34217976173214,241.9460732621661,2144.7432341518785,0.0,0.0,30.6284322709822,36.062126935921479,246.33369884009248,0.0,0.0,85.23389164720627,100.11156158243199,803.295790099995,62.819858052356668,43.08632239530637,184.5066357287638,216.9479953298752,2164.3995270398365,0.0,0.0,113.77655774162547,133.65035304615794,1068.5159960598224,0.0,18.414212661202293,41.42489122198841,22.0,30.0,0.0,18.504297767510339,41.186067917305638,16.0,30.0,0.0,18.3118298159906,41.692081137924208,22.0,30.0,0.0,18.226060560454724,41.91186999169666,16.0,30.0,0.0,17.023100227935545,45.21550136122015,12.0,30.0,0.0,19.41075473625631,38.92353941915848,16.0,30.0,0.0,18.10768372883254,42.22682384991569,10.0,30.0,0.0,16.90570361074313,45.556760982232628,12.0,30.0,0.0,17.610904112440328,43.56918287074372,12.0,30.0,0.0,17.29521477210353,0.0,0.0,0.0,17.580415849451897,0.0,0.0,425.8290832442204,424.62299410948699,427.368667551609,425.128802565006,433.146778480586,431.32006969422357,430.7184407482509,432.5762929289914,432.2959788333052,0.0,81.55440076776276,81.55440076776276,60.0,0.0,60.0,60.0,16.0,16.0,16.0,12.0,12.0,12.0,21.0,10.0,0.0,0.0,0.0,0.0,0.0,0.0,0.0,0.0,0.0,0.0,0.0,0.0,0.0,81.55440076776276,81.55440076776276,0.0,0.0,0.0,81.55440076776276,0.0,0.0,0.0019633333333333336 
 03/20  15:10:00,12.718333333333334,60.833333333333339,11.636666666666667,144.33333333333332,53.66666666666666,0.0,0.0,0.0,0.0,0.0,0.0,0.0,0.0,0.0,0.0,6770.0,0.0,441.0698013998582,50.5308805801362,129.48374638308494,13.225422488473159,352.0148405067532,0.0,50.53088058013618,69.0795447393264,0.0,0.0,19.44604994240784,-1105.8493055745442,19.515952201081104,563.1192360290694,19.64150377700001,-2255.082985115515,18.73348090598204,888.6899745851486,16.944056827796858,24.83836878431333,19.666705301079426,-160.28939686383593,17.91780539012317,244.1367580637456,16.780215185844367,44.0178848712941,17.58280067529823,16.039833584043028,710.6188270264329,180.166627094154,0.0,0.0,0.0,0.0,0.0,0.0,0.0,0.0,0.0,0.0,0.0,0.0,0.0,0.0,0.0,0.0,0.0,0.0,0.0,0.0,0.0,0.0,0.8642124717168831,0.26380112079269937,388.62222679978017,453.7911386498632,5821.120007229528,0.2550008770863632,0.03891954778485397,308.78635171473339,362.0288664682642,3903.283924324788,0.729775888392868,0.13790171738338406,478.20721541649319,557.9145755987302,7389.725862269609,0.2677909306043039,0.050602972525378677,359.47003033349287,421.69853207477737,4449.229545398423,0.0,0.0,11.043562767089045,13.047430082397007,95.06638077626116,0.0,0.0,69.69853168255394,81.70281128031313,920.0858290833726,0.0,0.0,234.35431228532588,275.64476146934745,2608.0178022358088,0.0,0.0,32.4868337905726,38.399477272672488,271.9634115111783,0.0,0.0,99.6916039470508,117.52371627977016,972.6473049537866,61.85012884149849,42.421213197186919,648.8294345238629,762.6616820782509,7897.6573234113989,0.0,0.0,128.70548395697387,151.7405317265048,1256.1186780540684,2314.7209589451415,20.137332355019664,37.35256775847117,21.999999999999998,30.0,0.0,19.015118641579677,39.9916066568876,15.999999999999999,30.0,4349.91580970089,20.366288747868216,36.84161292945386,21.999999999999998,30.0,0.0,18.877158121891733,40.35790289078456,15.999999999999999,30.0,0.0,17.02212577974163,45.22496915641948,12.0,30.0,0.0,19.38388601276929,39.00318046257044,15.999999999999999,30.0,0.0,18.302570239157494,41.75873565352842,10.0,30.0,0.0,16.901533002091229,45.574711914886758,12.0,30.0,0.0,17.60881219872207,43.585353766812897,15.999999999999999,30.0,0.0,18.180127368797846,0.0,0.0,0.0,17.591306028912148,0.0,0.0,425.03043596527245,425.0364243127966,425.06619413795968,425.3072409021836,432.29556059025659,430.1424414182237,428.91001918020199,431.5830308595028,431.00473804137888,10557.607359783346,81.02391502659964,85.26196333626857,60.0,0.0,60.0,60.0,16.0,16.0,16.0,16.0,12.0,12.0,21.0,10.0,1.0,0.0,2314.7209589451415,0.0,4349.91580970089,0.0,0.0,0.0,0.0,0.0,6413.680987011008,3848208.592206605,5005222.262009815,81.02391502659964,85.33393946592159,0.3497893662337003,0.7671969409402297,0.3602813740196596,85.33393946592159,0.3542647819438876,5005222.262009815,0.2622415576245104 
 03/20  15:20:00,12.546666666666669,62.66666666666667,11.233333333333335,131.66666666666667,35.83333333333333,0.0,0.0,0.0,0.0,0.0,0.0,0.0,0.0,0.0,0.0,2031.0,0.0,364.23919439939257,46.035622054639237,117.96474804067998,10.921675051496147,290.69694419086695,0.0,46.035622054639208,62.934185528052797,0.0,0.0,20.088941929655939,-1371.9368578067418,20.078014130933135,468.6484630144937,20.484426835968386,-3342.4298203554319,19.485474478332656,691.4881141880273,16.951491413705918,30.824579706076905,19.606181051723824,-118.16999598991527,18.14221114085187,207.75216037430369,16.78235785203492,50.32091286086951,17.590988166766189,30.58946424077172,896.5706784876877,247.63088643527977,0.0,0.0,0.0,0.0,0.0,0.0,0.0,0.0,0.0,0.0,0.0,0.0,0.0,0.0,0.0,0.0,0.0,0.0,0.0,0.0,0.0,0.0,0.9374721569005087,0.2861636620575423,438.5260886176444,510.32546818012886,7424.827476267074,0.2882036802051702,0.043987130678444768,351.5725689735279,410.67208576641169,5204.603662518144,0.713739939474193,0.13487149271999114,554.4495751023201,644.2935698391067,9873.208717971651,0.2785068734290307,0.05262790503194076,392.62619560825478,458.5927490137783,5861.075261919176,0.0,0.0,11.621434045462646,13.716198751748895,104.27907467869409,0.0,0.0,63.57162604970343,74.4472001263413,859.3586999952324,0.0,0.0,255.5464477526445,299.93599089117427,3097.4744229669138,0.0,0.0,34.54561764807619,40.79012271057159,301.51822148192476,0.0,0.0,120.28518671455572,141.66127652344879,1218.4039684214645,60.70276497798821,41.63426953222785,734.1419749162244,860.7329963759191,10112.88618591302,0.0,0.0,151.4077431308226,178.27170852179195,1559.730163553621,1850.6997246574584,21.148081712998328,35.11871273968803,21.999999999999994,29.99999999999999,0.0,20.044088320734759,37.56016245257157,15.999999999999993,29.99999999999999,4189.358824776224,21.633865326922654,34.102699392902298,21.999999999999994,29.99999999999999,0.0,20.123542999792254,37.39149589365891,15.999999999999993,29.99999999999999,0.0,17.03313399346551,45.216831585202559,11.999999999999995,29.99999999999999,0.0,19.37204194095,39.06150880730564,15.999999999999993,29.99999999999999,0.0,18.645388786928934,40.899531212735258,9.999999999999997,29.99999999999999,0.0,16.908239433040323,45.582044804285349,11.999999999999995,29.99999999999999,0.0,17.62388830816273,43.573502657288717,15.999999999999993,29.99999999999999,0.0,18.987411723004706,0.0,0.0,0.0,17.693849009096718,0.0,0.0,424.9563284962953,425.08804162641186,424.803662483115,425.0011624053866,430.6304255210638,428.8377980232781,428.0486862901514,429.78935047809378,429.3018386559179,10167.768608352328,81.28153535128188,84.00019282544906,59.99999999999998,0.0,59.99999999999998,59.99999999999998,16.0,16.0,16.0,16.0,12.0,12.0,21.0,10.0,1.0,0.0,1850.6997246574584,0.0,4189.358824776224,0.0,0.0,0.0,0.0,0.0,4113.592180380965,2468155.3082285805,3207231.023051818,81.28153535128188,84.04636465468386,0.3637864060126988,0.7688726695836864,0.36028137401965945,84.04636465468386,0.35426478194388735,3207231.023051818,0.16874934653202793 
 03/20  15:30:00,12.375,64.5,10.829999999999999,119.0,18.0,0.0,0.0,0.0,0.0,0.0,0.0,0.0,0.0,0.0,0.0,2708.0,0.0,248.21103716806773,41.22385277277558,105.63471343671675,7.442610402104046,198.09592535236343,0.0,41.22385277277556,56.35613211664081,0.0,0.0,20.50392004375663,-1228.1293433265446,20.398587086987506,516.9194147719372,20.63771048892675,-2162.460433504765,19.876240405278069,660.5381363562228,16.961643720556184,37.39870027432333,19.546698809970274,-76.33973894353773,18.27448445898908,219.63742972224828,16.7955369505941,60.901743770857937,17.612917456721577,57.753867193457839,1082.4991637054937,340.5463558661968,0.0,0.0,0.0,0.0,0.0,0.0,0.0,0.0,0.0,0.0,0.0,0.0,0.0,0.0,0.0,0.0,0.0,0.0,0.0,0.0,0.0,0.0,1.0078341351093463,0.3076416773838054,424.7027744261934,493.55355381616746,7764.282779360705,0.28739006892304366,0.043862953132332679,334.4075441696955,389.9996371115843,5442.985963466951,0.8106215763396206,0.15317868033628516,494.3148004603188,574.6129128507937,8976.617021198192,0.2706993776300074,0.051152565689721717,355.7276704071068,414.77724001914688,5837.029590483433,0.0,0.0,12.069984935948794,14.250704338257107,112.81782357998019,0.0,0.0,55.395753140957527,64.89236649712915,768.4813158485298,0.0,0.0,271.41694376702989,318.48627491142829,3484.139344060529,0.0,0.0,36.945074435061538,43.63746723190828,336.8225637423826,0.0,0.0,139.79749988818134,164.70138578744634,1474.2077869577022,59.491592093893057,40.803561106922547,680.4093645467806,796.1636915256095,10634.512870907602,0.0,0.0,173.47231170506988,204.28278458066064,1878.419474867058,1834.0696275157034,21.681672800948247,34.08888086163135,22.0,30.0,0.0,20.64347695842005,36.281021789169567,16.0,30.0,2292.6566631427065,21.642142235948357,34.196579558786797,21.75,30.0,0.0,20.711435477110024,36.15026223197432,16.0,30.0,0.0,17.050068899932115,45.19535452927426,12.0,30.0,0.0,19.380453631530235,39.07192747639499,16.0,30.0,0.0,18.84281271733015,40.45585586076513,10.0,30.0,0.0,16.932490547472548,45.545905021035078,12.0,30.0,0.0,17.66302027107111,43.50275738632088,16.0,30.0,0.0,19.670364092399397,0.0,0.0,0.0,17.79404932360593,0.0,0.0,424.823303693381,424.9881679195247,424.6872712133856,424.8457877302516,429.4490840314427,428.0086380683437,427.19471454253076,428.55002670529867,428.1584479989471,9972.461193067984,81.41068728578868,85.2283610284874,60.0,0.0,60.0,60.0,16.0,16.0,16.0,16.0,12.0,12.0,21.0,10.0,1.0,0.0,1834.0696275157034,0.0,2292.6566631427065,0.0,0.0,0.0,0.0,0.0,5776.958016696924,3466174.810018154,4514019.711212773,81.41068728578868,85.29319780244548,0.3625652672232308,0.767107177593461,0.36028137401965956,85.29319780244548,0.3542647819438875,4514019.711212773,0.23670569164973088 
 03/20  15:40:00,12.203333333333334,66.33333333333333,10.426666666666666,105.5,15.0,0.0,0.0,0.0,0.0,0.0,0.0,0.0,0.0,0.0,0.0,2031.0,0.0,212.9866860462175,36.74455467488364,94.15665594738035,6.386410959749777,169.98358916502893,0.0,36.74455467488362,50.23259201993917,0.0,0.0,20.550227457186137,-1151.8763766390255,20.572559005635655,270.8194602020674,20.669522965508734,-1291.2324002653004,19.979071351577617,344.13863593394196,16.977312913053866,38.430462455807177,19.50596763217294,-57.373295627155908,18.347576395670175,168.0705462347136,16.815867055180115,64.40283516709181,17.64279872055721,63.551363614888369,1073.1612588200654,388.05686342171659,0.0,0.0,0.0,0.0,0.0,0.0,0.0,0.0,0.0,0.0,0.0,0.0,0.0,0.0,0.0,0.0,0.0,0.0,0.0,0.0,0.0,0.0,0.9941748191259706,0.3034721670103697,411.6488713483698,478.44560910090868,7611.609468539916,0.23719014458475663,0.03620118201843051,247.7079272963787,288.61308747162976,4256.181182145312,0.9170621367807409,0.17329216492455436,424.21231000481438,492.62718179414449,7858.087560604361,0.25064210945097389,0.04736245454477965,257.1633929308815,299.53380386638397,4361.801657579095,0.0,0.0,11.79951393478801,13.92633369273613,114.75251983008883,0.0,0.0,49.823772618181987,58.34189033401424,708.5207743058538,0.0,0.0,272.66984722388249,319.76605927668006,3633.0611753817904,0.0,0.0,37.98271417565873,44.84354471521377,361.73271228601808,0.0,0.0,146.52722218473952,172.5442214345041,1608.7882472718753,57.78299132844744,39.63168129523146,571.3781764457219,668.1148367665251,9383.03152394187,0.0,0.0,181.05578447106127,213.11178934371129,2036.9255668429788,1630.4394397926904,21.67503479977313,34.20076014008416,22.000000000000008,30.00000000000001,0.0,20.940871330626785,35.72541530871569,16.000000000000008,30.00000000000001,2214.126123277653,21.58315552245738,34.44120495061934,21.666666666666676,30.00000000000001,0.0,20.759425474461794,36.11638571445255,16.000000000000008,30.00000000000001,0.0,17.0687474213668,45.18548355733926,12.000000000000006,30.00000000000001,0.0,19.38470482670332,39.11081221171831,19.000000000000008,30.00000000000001,0.0,18.919408344831337,40.33061500618505,10.000000000000004,30.00000000000001,0.0,16.965705885460179,45.50182523892977,16.000000000000008,30.00000000000001,0.0,17.710973792194765,43.42463584019432,16.000000000000008,30.00000000000001,0.0,19.772094876887047,0.0,0.0,0.0,17.836408969030076,0.0,0.0,424.7347664741012,424.8398632892048,424.6008697243618,424.8531721057966,428.3911857200179,427.2684434205088,426.6347638397182,427.59336914138899,427.3462630119168,8681.475810478712,82.26433708919299,84.78868770203042,60.00000000000002,0.0,60.00000000000002,60.00000000000002,16.0,16.0,19.0,16.0,16.0,12.0,21.0,10.0,1.0,0.0,1630.4394397926904,0.0,2214.126123277653,0.0,0.0,0.0,0.0,0.0,3819.964098055509,2291978.458833304,2977927.45482151,82.26433708919299,84.8315595557053,0.35399880326851709,0.769265070095605,0.3602813740196597,84.8315595557053,0.3542647819438876,2977927.45482151,0.1568322276507185 
 03/20  15:50:00,12.031666666666667,68.16666666666667,10.023333333333332,92.0,12.000000000000002,0.0,0.0,0.0,0.0,0.0,0.0,0.0,0.0,0.0,0.0,2708.0,0.0,178.18401643206208,32.22895848778099,82.58558746711717,5.3428555355564379,142.20779362031434,0.0,32.22895848778098,44.0594296833558,0.0,0.0,20.548714363275715,-731.4387076831447,20.53928325785401,182.2335174594814,20.78100049194689,-1459.2145328127697,20.004870734703297,360.1022072249052,16.989632672180748,35.6512822510625,19.458857354071556,-59.964731022766958,18.33016130409959,164.22585587560253,16.83004718982903,59.97771310230428,17.661347915296376,49.28534291559572,979.1497437409917,376.81241896853387,0.0,0.0,0.0,0.0,0.0,0.0,0.0,0.0,0.0,0.0,0.0,0.0,0.0,0.0,0.0,0.0,0.0,0.0,0.0,0.0,0.0,0.0,0.9449510775261457,0.28844660486146087,279.51936730904779,325.09148134589807,5169.986109017057,0.21653823802813577,0.03304918162822585,191.11157078408645,222.66197529078898,3334.6649598686856,0.830331442381494,0.15690314481887647,340.85499369012009,396.03105732750518,6410.047501765004,0.23044581441478285,0.04354607226280854,265.99205513623118,309.99572459110245,4576.003065099956,0.0,0.0,11.331188353291307,13.3774426128233,114.29088779060129,0.0,0.0,50.50429152953785,59.15258871449842,733.740908308389,0.0,0.0,264.0871152662326,309.8870708241318,3572.93031627153,0.0,0.0,36.94762937936984,43.635251814466368,365.8600372097472,0.0,0.0,140.1109477742503,165.05007203858936,1592.7350989994509,55.99031916523424,38.40213934515381,448.16366986727436,524.2567408831469,7589.551917049224,0.0,0.0,173.16660373838739,203.95951508697429,1986.459645608442,1080.984304286595,21.405279980331416,35.024764896171969,21.5,30.0,0.0,20.888044689432286,35.992608916230498,16.0,30.0,1938.8520626228884,21.591912841724999,34.693449591420449,21.5,30.0,0.0,20.752569670101367,36.33865526280489,16.0,30.0,0.0,17.078984235346316,45.21187110947825,12.0,30.0,0.0,19.368985147793454,39.217058526933488,19.0,30.0,0.0,18.850038893926489,40.61784105793539,10.0,30.0,0.0,16.984815884823573,45.517126084700297,16.0,30.0,0.0,17.735884236597728,43.433508762397959,16.0,30.0,0.0,19.56169593582085,0.0,0.0,0.0,17.774783238742569,0.0,0.0,424.4269890829198,424.6963638170605,424.24530660958569,424.5590516099311,427.62965916175099,426.68690890172936,426.1102602152914,426.91627985031496,426.6997691075416,8071.451499905128,82.6679309077985,82.6679309077985,60.0,0.0,60.0,60.0,16.0,16.0,19.0,16.0,16.0,12.0,21.0,10.0,1.0,0.0,1080.984304286595,0.0,1938.8520626228884,0.0,0.0,0.0,0.0,0.0,0.0,0.0,0.0,82.6679309077985,82.6679309077985,0.34,0.7691682064337011,0.36028137401965956,82.6679309077985,0.3542647819438875,0.0,0.00199 
 03/20  16:00:00,11.86,70.0,9.62,78.5,9.0,0.0,0.0,0.0,0.0,0.0,0.0,0.0,0.0,0.0,0.0,2708.0,0.0,143.9757241650671,27.673924935640973,70.9134638270363,4.317122330498615,114.90636543010763,0.0,27.673924935640959,37.83235347883221,0.0,0.0,20.710116893618929,-1516.5901126362106,20.570030417306165,314.10383368935029,20.41275415810066,-212.37016708700276,19.976532468558419,189.22131932982689,17.001962827229144,37.63958950590519,19.404450434929808,-43.096660930501119,18.394635122592335,192.16287264653057,16.837443421626256,58.75352914650017,17.665538938325004,43.62735402642738,1037.5478030813875,434.2400781965084,0.0,0.0,0.0,0.0,0.0,0.0,0.0,0.0,0.0,0.0,0.0,0.0,0.0,0.0,0.0,0.0,0.0,0.0,0.0,0.0,0.0,0.0,0.9180537118807237,0.2802361757877667,464.0270373105241,539.370217944087,8896.504522499306,0.20833186480896835,0.03179668266315146,230.6341095672143,268.689094226595,4136.920785288056,0.9803918421956144,0.18525922943983648,291.7629019332811,339.69349572844,5381.545597133716,0.23928638202011666,0.0452166254762125,207.15434021079038,241.42403412310973,3590.392097081196,0.0,0.0,11.577305905417184,13.667484748409418,120.96907341106577,0.0,0.0,44.616136323005807,52.26139777391256,660.8445021041699,0.0,0.0,269.584414324976,316.2131756032941,3789.0513945910795,0.0,0.0,38.42203795091693,45.373055261850797,394.13125829762739,0.0,0.0,148.30828529621159,174.68954871637454,1737.1105378224445,54.381096547088308,37.29842012831847,490.306935956243,573.5059195699462,8528.163945433314,0.0,0.0,182.40524047691313,214.82104816858368,2154.9725590256059,1804.7594388951803,21.650904456501324,34.8318944676501,22.0,30.0,0.0,20.98332571010454,36.16167748614495,16.0,30.0,51.49629541951435,21.224549918264914,35.734157459979019,21.0,30.0,0.0,20.64666008180425,36.9182417900686,16.0,30.0,0.0,17.08970215564547,45.323559248579957,12.0,30.0,0.0,19.3401206629502,39.4773419120863,19.0,30.0,0.0,18.947129974043738,40.66280890194464,10.0,30.0,0.0,16.99202619254497,45.71436017788105,16.0,30.0,0.0,17.73808597938152,43.68215133321195,16.0,30.0,0.0,19.79416732491922,0.0,0.0,0.0,17.776201099481907,0.0,0.0,424.049244936256,424.23183043032608,424.0600811998343,424.2137478657952,426.80979607669908,425.9236526031607,425.298031287398,426.0353576553106,425.77336429359885,10054.560117263685,81.35660533640064,83.1573651898413,60.0,0.0,60.0,60.0,16.0,16.0,19.0,16.0,16.0,12.0,21.0,10.0,1.0,0.0,1804.7594388951803,0.0,51.49629541951435,0.0,0.0,0.0,0.0,0.0,2725.139605335534,1635083.7632013204,2116232.028664615,81.35660533640064,83.18794807026515,0.34583798684451785,0.7697070535979071,0.36028137401965956,83.18794807026515,0.3542647819438875,2116232.028664615,0.11204406549055998 
 03/20  16:10:00,11.688333333333333,71.83333333333334,9.453333333333334,65.0,5.999999999999998,0.0,0.0,0.0,2.0,0.0,0.0,0.0,0.0,0.0,4.0,2708.0,0.0,110.60436036280973,23.074414426512889,59.12737140164974,3.316484118787547,88.27288202352185,0.0,23.074414426512879,31.544473902096386,0.0,0.0,20.86905780560135,-1358.4298776111105,20.600812693596934,336.41612462439528,20.89210651482272,-1469.168518016529,20.117394241250844,621.6837696360226,17.0153536171311,38.02866500916713,19.43526877431364,-33.89870915448648,18.41429780579473,172.76037546851604,16.84086429958575,54.2927963579736,17.66526009619536,35.58036644480467,1103.5207646956288,429.78084907393215,0.0,0.0,0.0,0.0,0.0,0.0,0.0,0.0,0.0,0.0,0.0,0.0,0.0,0.0,0.0,0.0,0.0,0.0,0.0,0.0,0.0,0.0,0.9962441809895062,0.3041038403508871,349.9137365109639,406.42413465866226,6938.2637537935029,0.24410885248748682,0.03725715086805355,262.3412398928715,305.4575523649612,4836.379759407422,0.7027888198850604,0.13280212015968646,355.35965548407628,412.74795665336009,7099.85135208875,0.2588292066889888,0.04890952507350506,355.1792685806456,413.85402226797108,6455.288760601266,0.0,0.0,12.3628777805408,14.593118820772605,133.69007112580125,0.0,0.0,17.07238866729421,19.988420561957768,261.61161874760998,0.0,0.0,239.18267291044629,280.5203852825809,3443.8980749076779,0.0,0.0,37.217062608557238,43.945593028331888,394.5793853850431,0.0,0.0,146.52225417480637,172.5696237396507,1765.1569311646668,53.896780096966249,36.96624149311815,608.4727853674733,711.3081587326411,10766.878005429118,0.0,0.0,178.97741503426236,210.79623122630015,2158.0416781100796,1831.9055162504884,21.789661302100183,35.079012903940419,22.0,30.0,0.0,21.06620135250955,36.51234495827046,16.0,30.0,1043.3638883040417,21.84921836629721,35.47942152170126,21.5,30.0,0.0,20.942801030752244,37.37998618674915,16.0,30.0,0.0,17.101759976824498,45.54779519360365,12.0,30.0,0.0,19.43008784196097,40.81081921116198,19.0,30.0,0.0,18.949468462281787,41.1033708157979,10.0,30.0,0.0,16.99332977604506,46.03529678346335,16.0,30.0,0.0,17.734722944029504,44.03686969370516,16.0,30.0,0.0,19.950093814671555,0.0,0.0,0.0,17.726341935293659,0.0,0.0,434.3252962242554,431.82545787263117,465.18473448921409,463.374533304732,426.04325919767839,513.9559269323781,427.62160419025556,425.57898115153025,425.43922214451529,10564.896226356366,81.01903248632013,84.7542413440044,1744.0,0.0,1744.0,1744.0,16.0,16.0,19.0,16.0,16.0,12.0,21.0,10.0,1.0,0.0,1831.9055162504884,0.0,1043.3638883040417,0.0,0.0,0.0,0.0,0.0,5652.344754417718,3391406.8526506305,4392115.433966778,81.01903248632013,84.8176775904503,0.35841149181392398,0.7704837093190886,0.36028137401965956,84.8176775904503,0.3542647819438875,4392115.433966778,0.28681400256627256 
 03/20  16:20:00,11.516666666666668,73.66666666666667,9.286666666666666,51.5,2.999999999999999,0.0,0.0,0.0,2.0,0.0,0.0,0.0,0.0,0.0,4.0,677.0,0.0,81.28636272374891,18.267826618815645,46.81065600375695,2.4373840975804579,64.87434672008057,0.0,18.267826618815638,24.97350395870207,0.0,0.0,21.024526005938698,-1439.7370910019709,20.653162521205965,342.19875017902998,20.775720945885224,-835.9617655933053,20.126447906886136,333.86851758094056,17.031561797290907,38.344426813691487,19.494476247787384,-38.8059876872062,18.454723708659438,175.1034384938048,16.843728129473456,55.58140479267263,17.663282177604836,38.052666070186209,1096.1904580398878,459.17314350805648,0.0,0.0,0.0,0.0,0.0,0.0,0.0,0.0,0.0,0.0,0.0,0.0,0.0,0.0,0.0,0.0,0.0,0.0,0.0,0.0,0.0,0.0,0.9372469555659098,0.28609491928141325,359.9119311240526,416.27800740259837,7385.459882643239,0.2359307772045977,0.036008970879822608,269.54894938478909,312.5919269859171,5121.475801346415,0.9135370298366086,0.17262604494266987,261.41529062278746,302.72164418580777,5162.881913692053,0.24244623337654146,0.045813725127842288,269.0802204245072,312.34462988779429,4946.565186921639,0.0,0.0,12.44630497839557,14.639335796827709,139.33237634119244,0.0,0.0,17.30349507996126,20.166757349207719,275.8361619194643,0.0,0.0,243.89484624007589,285.00301026036717,3617.3650177958236,0.0,0.0,38.08598194579516,44.815469499943848,417.22558812866807,0.0,0.0,149.65083325005103,175.6450499970558,1853.8818326471824,53.23651869270356,36.513387306381058,530.2897336346855,617.3811703481003,9736.291140870642,0.0,0.0,182.8907883095184,214.66794909058096,2257.9653774774435,1809.4109084439536,21.966639469372195,34.86302554105295,22.0,30.0,0.0,21.183303740435674,36.58754646197704,16.0,30.0,0.0,21.55076829077333,36.524427832911438,21.0,30.0,0.0,20.858544163906289,37.94065567026566,16.0,30.0,0.0,17.119044736534627,45.960726350964538,12.0,30.0,0.0,19.5701892671193,42.64486186721135,19.0,30.0,0.0,18.994176805164707,41.23461288947911,10.0,30.0,0.0,16.99622262405066,46.34250519496071,16.0,30.0,0.0,17.73167031689237,44.31018725230612,16.0,30.0,0.0,19.987623399141744,0.0,0.0,0.0,17.69640271304928,0.0,0.0,437.9238358288526,439.8156330638195,479.6995891609223,473.5543282411832,429.40529895331778,637.5332270969789,430.0935113773331,425.8800016330098,427.0865418451215,10136.467299646609,81.30246913323714,81.30246913323714,1744.0,0.0,1744.0,1744.0,16.0,16.0,19.0,16.0,16.0,12.0,21.0,10.0,1.0,0.0,1809.4109084439536,0.0,0.0,0.0,0.0,0.0,0.0,0.0,0.0,0.0,0.0,81.30246913323714,81.30246913323714,0.34,0.7625834635246036,0.36028137401965956,81.30246913323714,0.3542647819438875,0.0,0.05881155555555557 
 03/20  16:30:00,11.344999999999999,75.5,9.12,38.0,0.0,0.0,0.0,0.0,2.0,0.0,0.0,0.0,0.0,0.0,4.0,677.0,0.0,54.64131509066783,13.371707890112765,34.26452365204699,1.6384312207348433,43.60906475605617,0.0,13.371707890112758,18.2801384585283,0.0,0.0,21.13253725131922,-1498.9113320065845,20.6660616044133,335.98313970890197,20.79117238843876,-836.9568479711234,20.095983218052568,328.8420095288566,17.045443382104783,38.38251150452817,19.50413881936116,-39.80217158024857,18.480028431752289,170.36039384159086,16.84436197300706,53.585927895786429,17.65858025011803,33.33997786355849,1087.5171556889255,490.3420017426006,0.0,0.0,0.0,0.0,0.0,0.0,0.0,0.0,0.0,0.0,0.0,0.0,0.0,0.0,0.0,0.0,0.0,0.0,0.0,0.0,0.0,0.0,0.8949338392773507,0.2731788276182389,356.4577768215702,412.0987690929438,7490.293807095109,0.2252117486789117,0.034372977515096419,261.7278740750088,303.47273847525448,5080.034645937017,0.9798852435660183,0.18516350029592189,267.00485221232068,309.17731552826316,5348.683746596106,0.25678437827447406,0.048523125146348069,276.50053807586036,321.01979996368797,5139.044468447885,0.0,0.0,12.384752599199948,14.565351577410967,143.17365445083338,0.0,0.0,17.31895836069356,20.17683972050878,283.56505412394736,0.0,0.0,246.14921005626318,287.60918269318139,3742.304069410926,0.0,0.0,38.35841572641234,45.131571464468617,433.2191684107941,0.0,0.0,152.14228064824966,178.55672070528008,1934.2786544698639,52.57345708223741,36.058612539257499,528.9501403417252,615.8364611327489,9882.862079978904,0.0,0.0,185.53614472145646,217.7877378180287,2344.6102045077157,1863.6367436767326,22.05014031688488,35.20278575975281,22.0,30.0,0.0,21.221668484672148,36.53244382632028,16.0,30.0,0.0,21.519824417688989,37.11414105779478,21.0,30.0,0.0,20.787609338998668,38.20658409652985,16.0,30.0,0.0,17.131492786366058,46.13614055804039,12.0,30.0,0.0,19.61868811748974,43.39058263475034,19.0,30.0,0.0,19.011069882277984,41.26364425000772,10.0,30.0,0.0,16.994899734909614,46.74975563020971,16.0,30.0,0.0,17.72381051423418,44.6867780406861,16.0,30.0,0.0,19.97273171690368,0.0,0.0,0.0,17.670791066482669,0.0,0.0,457.2293618115381,442.4850038755181,498.5804321277801,477.27780190190529,430.44665010058147,682.8027345861467,431.3099418252634,434.93477935869955,435.324125084684,8364.760481832847,82.47402464562393,82.47402464562393,1744.0,0.0,1744.0,1744.0,16.0,16.0,19.0,16.0,16.0,12.0,21.0,10.0,1.0,0.0,1863.6367436767326,0.0,0.0,0.0,0.0,0.0,0.0,0.0,0.0,0.0,0.0,82.47402464562393,82.47402464562393,0.34,0.7725815144223417,0.36028137401965956,82.47402464562393,0.3542647819438875,0.0,0.05919911111111111 
 03/20  16:40:00,11.173333333333334,77.33333333333334,8.953333333333334,32.666666666666667,0.0,0.0,0.0,0.0,2.0,0.0,0.0,0.0,0.0,0.0,4.0,677.0,0.0,46.885010572613108,11.473601335574456,29.400693870365573,1.4058568774675702,37.41878278272234,0.0,11.47360133557445,15.685282893992947,0.0,0.0,21.09057792676251,-1447.65752399148,20.694154744779597,367.0130704830244,20.80424059615777,-861.8941353463142,20.09452980538249,339.59224064270168,17.06077457967514,38.564083062813669,19.501549282599954,-40.89192997855753,18.512838476298044,173.61231579266133,16.84459038781737,51.983934247700748,17.65315796482459,30.30499624580625,1096.3275645461436,513.6196403594004,0.0,0.0,0.0,0.0,0.0,0.0,0.0,0.0,0.0,0.0,0.0,0.0,0.0,0.0,0.0,0.0,0.0,0.0,0.0,0.0,0.0,0.0,0.864781159316943,0.2639747128562097,374.2338459843846,432.9062529706818,7858.317260454528,0.22757499297965048,0.03473366803718719,277.0711749924962,321.1414761583216,5504.350183728545,1.026193663337801,0.19391414651130035,281.1993337758778,325.64696717173418,5708.351008729988,0.2718806673868961,0.051375787488075589,291.92585646023198,338.89354581098629,5515.6983786755949,0.0,0.0,12.482640351021246,14.679011907317566,148.90679415727559,0.0,0.0,17.626823101201738,20.531103555109124,295.171405719043,0.0,0.0,247.8236883454614,289.4936082987626,3869.141815395601,0.0,0.0,38.46617270548217,45.25732430837229,447.37037257995987,0.0,0.0,153.10285589808277,179.68522697048085,1995.88131096078,51.95979320780752,35.63771824952506,559.2356764687385,650.9994938883253,10629.30285451208,0.0,0.0,186.4167085291942,218.84112311505843,2405.288014075538,1735.2685316046937,21.866701094141715,35.61654307314203,22.0,30.0,0.0,21.285015166975936,36.93296231729075,16.0,30.0,0.0,21.483436457655168,37.188154093083507,21.0,30.0,0.0,20.77205746313184,38.77394640058113,19.0,30.0,0.0,17.145430059625534,46.23474245093024,12.0,30.0,0.0,19.63627679495735,43.90192072886741,19.0,30.0,0.0,19.04729888599404,41.62015186112992,10.0,30.0,0.0,16.99215774896011,46.80048983512124,16.0,30.0,0.0,17.714486613323886,44.721698165381919,16.0,30.0,0.0,20.00316269174547,0.0,0.0,0.0,17.63218285846742,0.0,0.0,452.32289010585557,462.0820906536958,492.04186508399519,495.56607869651529,431.0086210129043,708.7650898593165,444.08169960663749,432.9779646211294,432.57972921042639,7150.090019728674,83.27700872336119,83.27700872336119,1744.0,0.0,1744.0,1744.0,16.0,19.0,19.0,16.0,16.0,12.0,21.0,10.0,1.0,0.0,1735.2685316046937,0.0,0.0,0.0,0.0,0.0,0.0,0.0,0.0,0.0,0.0,83.27700872336119,83.27700872336119,0.34,0.7704621526415849,0.36028137401965956,83.27700872336119,0.3542647819438875,0.0,0.05958666666666667 
 03/20  16:50:00,11.001666666666667,79.16666666666666,8.786666666666666,27.333333333333337,0.0,0.0,0.0,0.0,2.0,0.0,0.0,0.0,0.0,0.0,4.0,2031.0,0.0,39.15051462542581,9.580831728703972,24.550539716880157,1.1739364527162109,31.24590598791352,0.0,9.580831728703967,13.097723341538885,0.0,0.0,21.069600763466914,-1146.2701104107035,20.64033309525609,231.96954190275654,20.82165255727843,-910.6039836040891,20.09596935428281,326.45861883351878,17.072078300522955,35.46814030384101,19.490578882742633,-39.458700089493877,18.47697460268921,132.8711293269111,16.842611518395928,46.89946703987906,17.64431278429005,16.241933711536768,1033.4113075192839,521.804747855776,0.0,0.0,0.0,0.0,0.0,0.0,0.0,0.0,0.0,0.0,0.0,0.0,0.0,0.0,0.0,0.0,0.0,0.0,0.0,0.0,0.0,0.0,0.9162610630756545,0.279688969192813,296.8087644286477,344.4974502183761,6244.318586587109,0.21136679473873538,0.03225988930688882,205.90691729669167,239.3969150477944,4120.915017291789,0.9537224017523243,0.18021965263649385,276.3914184659678,321.09563938426836,5688.880491536252,0.25642430477377045,0.04845508404644191,284.82713771700096,331.7095884360439,5466.933764692794,0.0,0.0,11.922454139553029,14.061705618717946,146.36523153120874,0.0,0.0,16.548446551620907,19.337375342592379,282.6726405566916,0.0,0.0,243.6471023960547,285.5963255765298,3838.6321768087948,0.0,0.0,37.807035805541087,44.618465627053428,451.9203484406736,0.0,0.0,152.87337513476747,179.97986890071284,2039.621022783163,51.24882678510586,35.15008695823451,481.1672655348444,562.014503753707,9281.414333848312,0.0,0.0,185.70296889321507,218.71804812269898,2436.3662925518067,1430.5926680060828,21.73864861770287,36.38466382532714,22.000000000000019,30.00000000000002,0.0,21.176610653109678,37.41061108471569,16.000000000000015,30.00000000000002,0.0,21.46220618705685,37.75274154837196,21.000000000000015,30.00000000000002,0.0,20.757358144203314,39.04723753191,19.000000000000015,30.00000000000002,0.0,17.151263584216978,46.42046985042908,12.00000000000001,30.00000000000002,0.0,19.639380126578314,44.30708033656981,19.000000000000015,30.00000000000002,0.0,18.948224793198329,42.062965875947899,10.000000000000007,30.00000000000002,0.0,16.98546887473657,47.05307877924146,16.000000000000015,30.00000000000002,0.0,17.699420897811558,45.08784551633128,16.000000000000015,30.00000000000002,0.0,19.831621727598497,0.0,0.0,0.0,17.57038734676746,0.0,0.0,466.1867032545605,465.151042607824,506.7758084580976,497.10807125995907,434.52904141966556,727.4261583565946,445.2581348583142,437.7609788195747,439.8198538076142,7375.767766171396,83.1277757262079,83.1277757262079,1744.0000000000014,0.0,1744.0000000000014,1744.0000000000014,16.0,19.0,19.0,16.0,16.0,12.0,21.0,10.0,1.0,0.0,1430.5926680060828,0.0,0.0,0.0,0.0,0.0,0.0,0.0,0.0,0.0,0.0,83.1277757262079,83.1277757262079,0.3400000000000003,0.7698157153279976,0.3602813740196598,83.1277757262079,0.3542647819438878,0.0,0.060168 
 03/20  17:00:00,10.83,81.0,8.62,22.0,0.0,0.0,0.0,0.0,2.0,0.0,0.0,0.0,0.0,0.0,4.0,2031.0,0.0,31.439567493597264,7.693824938478968,19.715152456890885,0.942722126795652,25.091823241456767,0.0,7.693824938478963,10.51804199634572,0.0,0.0,20.860494688160537,-967.6053395694257,20.549377869975893,183.44867079883188,20.80259131629979,-903.1429688941178,20.09069591384449,296.25972056333645,17.081460757256389,32.1733446232211,19.47436662651497,-40.77942914870391,18.44126137327129,121.36268259072382,16.83212885450895,37.01960097720708,17.619808189881515,-10.463679458881423,995.898003537824,513.6335961241855,0.0,0.0,0.0,0.0,0.0,0.0,0.0,0.0,0.0,0.0,0.0,0.0,0.0,0.0,0.0,0.0,0.0,0.0,0.0,0.0,0.0,0.0,0.9440709237596574,0.2881779376555733,286.97739902746198,333.1343963590358,6000.284177018844,0.21753916542010566,0.033201948324191977,217.00548527276238,252.29126728536697,4356.988987682368,0.8935483875858697,0.16884890166021747,271.0274166297546,314.95744760846358,5626.880625760735,0.24359462926397947,0.0460307311534353,276.77737801438277,322.3541138680498,5393.814391506615,0.0,0.0,11.677835446187526,13.770756012333717,147.43150376060698,0.0,0.0,16.20326249848591,18.92928752027936,282.0741536201874,0.0,0.0,237.47526501894195,278.37885306028059,3784.768651351965,0.0,0.0,36.87580261813547,43.514692830717489,451.8076275822751,0.0,0.0,148.99003553152415,175.39687891082918,2026.3441354534699,50.54773621287987,34.66922922694097,467.1922666917345,545.6540637532118,9108.042763522384,0.0,0.0,180.84207346673498,213.03248524641726,2395.3115451528326,1023.6023277517288,21.55179383801829,37.58243827513731,21.666666666666687,30.00000000000002,0.0,21.0230697051226,38.670321708667319,16.000000000000015,30.00000000000002,0.0,21.37936415474004,38.84478007079436,21.000000000000015,30.00000000000002,0.0,20.733274319384877,40.05251160513845,19.000000000000015,30.00000000000002,0.0,17.154798462189186,46.86147899143189,12.00000000000001,30.00000000000002,0.0,19.633479822552354,44.956693715385849,19.000000000000015,30.00000000000002,0.0,18.866738511883818,43.0577540853724,10.000000000000007,30.00000000000002,0.0,16.963608220917999,47.82100716866175,16.000000000000015,30.00000000000002,0.0,17.65725344492732,45.97061233629971,16.000000000000015,30.00000000000002,0.0,19.71721851839701,0.0,0.0,0.0,17.459303461534299,0.0,0.0,484.4822165061985,486.1493290974841,528.3584198497839,519.0699807054848,442.48499811886168,752.090361768413,461.78971576501626,451.5486532724667,455.2499879949572,9236.902794563288,81.8973136431757,81.8973136431757,1744.0000000000014,0.0,1744.0000000000014,1744.0000000000014,16.0,19.0,19.0,16.0,16.0,12.0,21.0,10.0,1.0,0.0,1023.6023277517288,0.0,0.0,0.0,0.0,0.0,0.0,0.0,0.0,0.0,0.0,81.8973136431757,81.8973136431757,0.3400000000000003,0.7722363913366271,0.3602813740196598,81.8973136431757,0.3542647819438878,0.0,0.060749333333333339 
 03/20  17:10:00,10.681666666666667,82.33333333333333,8.586666666666666,16.666666666666666,0.0,0.0,4.0,0.0,0.0,0.0,0.0,0.0,0.0,0.0,0.0,2708.0,0.0,23.754997252664297,5.813273045606266,14.896305508279522,0.7122986980619702,18.958791599071135,0.0,5.813273045606263,7.94718498520961,0.0,0.0,20.923001984009706,-1448.1499719139625,20.50203308679292,168.8959936535275,20.527677912862147,-34.608887501979669,20.093746763711815,-49.118174168242209,17.090284953973034,30.69610422213968,19.349856301642747,-79.68860160079118,18.44896634074295,129.22946651873964,16.820621896626368,37.005971274893969,17.592510749409777,-7.826362198104789,904.8088737791895,541.6123645199552,0.0,0.0,0.0,0.0,0.0,0.0,0.0,0.0,0.0,0.0,0.0,0.0,0.0,0.0,0.0,0.0,0.0,0.0,0.0,0.0,0.0,0.0,1.0011401120226645,0.30559832479324319,360.24354100604088,418.5267783530445,7645.1968826431589,0.2133816840751574,0.032567412099383,194.82491721267528,226.84919663326944,3940.5001189153356,0.9628112993973852,0.18193713140540167,102.5481414860183,119.24219648883487,2107.0358835639037,0.24117369426836605,0.04557326044375774,20.81904201427358,24.26652954866542,412.49343648669199,0.0,0.0,10.938976022199928,12.9060490551267,141.42360724826973,0.0,0.0,58.847471749603219,68.87233694436068,1023.017806704097,0.0,0.0,284.8040082839826,333.9786008727115,4632.8302225525389,0.0,0.0,37.39313542551547,44.147413796862689,467.72005287636849,0.0,0.0,153.04959400178604,180.27081669566375,2114.861084404415,50.706593905057037,34.77818512006656,284.7417089533907,333.13440477819275,5758.469012985353,0.0,0.0,185.84368163272047,219.0261045563465,2505.8607448307595,1819.6775649768547,21.475385327014583,38.35650450834923,22.0,30.0,0.0,20.96514318344846,39.320075728605299,16.0,30.0,38.496340168511178,21.070930532463608,39.20593226189248,21.0,30.0,0.0,20.637884643461605,43.26685181254318,19.0,30.0,0.0,17.159158755844705,47.457025317839029,12.0,30.0,0.0,19.463491557463969,43.1968476780938,16.0,30.0,0.0,18.88546052597976,43.89661293812742,10.0,30.0,0.0,16.94319900767103,48.51610056317109,16.0,30.0,0.0,17.617345132026427,46.745943718391959,16.0,30.0,0.0,19.367917149351045,0.0,0.0,0.0,17.430995470586006,0.0,0.0,489.6114548720042,491.06666814204166,497.872093146065,686.9686373727417,458.94710541523707,578.9045095500268,498.2366167299574,468.19145530779618,476.09887681842698,9654.800811935369,81.62098835277493,83.330389083983,162.0,0.0,162.0,162.0,16.0,19.0,16.0,16.0,16.0,12.0,21.0,10.0,1.0,0.0,1819.6775649768547,0.0,38.496340168511178,0.0,0.0,0.0,0.0,0.0,2587.0206488412438,1552212.3893047462,2009559.4397052166,81.62098835277493,83.35942038321989,0.3412340216280415,0.7683229974226908,0.36028137401965956,83.35942038321989,0.3542647819438875,2009559.4397052166,0.11019409086467128 
 03/20  17:20:00,10.533333333333334,83.66666666666667,8.553333333333335,11.333333333333333,0.0,0.0,4.0,0.0,0.0,0.0,0.0,0.0,0.0,0.0,0.0,2708.0,0.0,16.101764103132486,3.9403898999378867,10.097109293012926,0.48281489551593106,12.850769741765305,0.0,3.9403898999378845,5.386811732905989,0.0,0.0,21.041203402880386,-777.1121725489634,20.49962511095824,337.2715724276766,20.855486884224896,-826.719959070733,20.08763674166044,-20.863660747205985,17.09939889610008,31.514211463578094,19.211064969308688,-47.956881043019738,18.4550892484792,127.34662873310163,16.809304760321234,32.83515655824374,17.5678699030402,-15.949965081159462,889.627409906295,563.4595789083094,0.0,0.0,0.0,0.0,0.0,0.0,0.0,0.0,0.0,0.0,0.0,0.0,0.0,0.0,0.0,0.0,0.0,0.0,0.0,0.0,0.0,0.0,1.0607537253989413,0.32379539847342539,344.2373088086308,400.01316784520187,7515.284766485727,0.2660169462169017,0.04060087701723164,259.15765119788218,301.8398384680236,5341.969440701801,0.7983712189161187,0.15086379798112607,181.30022494594938,210.61755988104978,3972.075894423985,0.27592533632847995,0.05214008622987148,27.70117715438448,32.27081783089935,554.09082701271,0.0,0.0,11.2303317631974,13.249716755981213,148.65693101616979,0.0,0.0,45.79552027729818,53.63646069122804,793.629927027895,0.0,0.0,274.56044077752167,321.94914001316968,4547.553055212614,0.0,0.0,36.88869087053926,43.5516554311873,470.93578346656366,0.0,0.0,155.11493505427849,182.70473646738075,2178.3810927206056,51.14585716082755,35.079463073269938,278.5745899426548,326.3189343831903,5688.3697736226,0.0,0.0,187.60791812155655,221.12245299506095,2567.9865446837059,907.8652283004844,21.57673557283875,38.73728350360631,21.5,30.0,0.0,21.00833180552977,39.92153807062894,16.0,30.0,1226.7729894187913,21.652662625610686,38.64599783370872,21.5,30.0,0.0,20.60130925793578,45.62662222429021,19.0,30.0,0.0,17.16557819137401,48.206660905598727,12.0,30.0,0.0,19.28455255135172,43.20069215924872,16.0,30.0,0.0,18.885270639274269,44.55243775248457,10.0,30.0,0.0,16.923539482555336,49.6078600978764,16.0,30.0,0.0,17.58105556362175,47.87302853386789,16.0,30.0,0.0,19.14595796637886,0.0,0.0,0.0,17.38309487631469,0.0,0.0,499.72943178609537,496.81660758579036,498.5455171398908,814.1688711324891,476.05993996738996,511.3376427550458,495.91711678580347,490.3144292828904,494.3333745693625,4026.272028802637,83.03140346776407,83.03140346776407,162.0,0.0,162.0,162.0,16.0,19.0,16.0,16.0,16.0,12.0,21.0,10.0,1.0,0.0,907.8652283004844,0.0,1226.7729894187913,0.0,0.0,0.0,0.0,0.0,0.0,0.0,0.0,83.03140346776407,83.03140346776407,0.17,0.3854803301752666,0.18014068700982978,83.03140346776407,0.17713239097194376,0.0,0.005679 
 03/20  17:30:00,10.385,85.0,8.52,6.0,0.0,0.0,4.0,0.0,0.0,0.0,0.0,0.0,0.0,0.0,0.0,2034.0,0.0,8.489343307842118,2.0774942678994194,5.323505519626275,0.2545548299253642,6.775319771719616,0.0,2.077494267899418,2.8400921689353475,0.0,0.0,20.93177748597255,-1018.2969603665196,20.44478890322248,181.94174342638895,20.90223714223162,-754.7963321974273,20.086881603224606,-33.02593016592333,17.10840696333167,29.96835581365569,19.10553639104095,-37.648017863735798,18.41556882267785,109.42960531188688,16.79920534662936,31.956684651946099,17.547161147283228,-15.411152634803323,1005.5395160585482,565.5108051503285,0.0,0.0,0.0,0.0,0.0,0.0,0.0,0.0,0.0,0.0,0.0,0.0,0.0,0.0,0.0,0.0,0.0,0.0,0.0,0.0,0.0,0.0,1.10774197064688,0.3381385746785347,360.41117861641728,418.6356414450939,7899.414741506713,0.24340784254500143,0.03715015911858995,210.85345091489715,245.4679418530198,4369.425706390957,0.8995387041619489,0.16998085868517555,208.97018861525479,242.32344655029079,4673.020613777931,0.24727082405178014,0.046725401370328798,20.314140427680944,23.64705146261211,412.5405965778898,0.0,0.0,11.00559014334837,12.978920683004457,149.09776577689568,0.0,0.0,43.607606538847289,51.07587718050759,757.9554321272008,0.0,0.0,269.412271475655,315.8924151939583,4500.936755387051,0.0,0.0,36.65031421528802,43.25829527417876,477.71595307203429,0.0,0.0,153.02398476394075,180.20319540272539,2186.630796214073,51.26958135800479,35.1643219190705,291.36482040583516,341.133852001035,5945.850327167723,0.0,0.0,185.4469801905882,218.55441632318833,2571.088790476808,1518.2322236558553,21.58614399736889,39.06439071391081,21.666666666666658,29.99999999999999,0.0,20.915122995821038,40.53155932130534,15.999999999999993,29.99999999999999,1589.7044448343029,21.62483008573401,39.033995270189517,21.666666666666658,29.99999999999999,0.0,20.579824005717165,47.48054537610034,18.999999999999994,29.99999999999999,0.0,17.172379032742513,48.83206064803376,11.999999999999995,29.99999999999999,0.0,19.157686704776866,43.77967679966533,15.999999999999993,29.99999999999999,0.0,18.80660529396797,45.134019959686458,9.999999999999997,29.99999999999999,0.0,16.90840988789648,50.221491985038529,15.999999999999993,29.99999999999999,0.0,17.55457391891291,48.35947254002829,15.999999999999993,29.99999999999999,0.0,19.128881060909526,0.0,0.0,0.0,17.321644258354046,0.0,0.0,504.91373497351096,502.93804411346675,503.3585963765464,909.0128783472453,485.90372475467759,500.24000316813399,498.6373039275897,494.9896506938311,496.1599645502467,7742.830226503868,82.88511739417049,82.8851173941705,161.99999999999995,0.0,161.99999999999995,161.99999999999995,16.0,19.0,16.0,16.0,16.0,12.0,21.0,10.0,1.0,0.0,1518.2322236558553,0.0,1589.7044448343029,0.0,0.0,0.0,0.0,0.0,0.0,0.0,0.0,82.88511739417049,82.88511739417049,0.3399999999999999,0.7677061482640597,0.36028137401965945,82.88511739417049,0.35426478194388735,0.0,0.005660999999999999 
 03/20  17:40:00,10.236666666666667,86.33333333333333,8.486666666666667,5.0,0.0,0.0,4.0,0.0,0.0,0.0,0.0,0.0,0.0,0.0,0.0,2712.0,0.0,7.068636643808104,1.7298219163559634,4.432607455834713,0.21195463185969025,5.641458034706883,0.0,1.7298219163559626,2.3647977056816416,0.0,0.0,20.84160503366258,-76.67355934574727,21.01830661825193,-915.0787374449556,20.573014469777,-361.12489732013207,20.094244233102175,-37.59005811935663,17.11440701844296,26.741870217480437,19.020378530223448,-34.91173285020706,18.37717209996983,91.55745271178972,16.786422370410393,26.016412513466788,17.522507584679134,-30.684610514771529,922.7968252130796,553.4257295796069,0.0,0.0,0.0,0.0,0.0,0.0,0.0,0.0,0.0,0.0,0.0,0.0,0.0,0.0,0.0,0.0,0.0,0.0,0.0,0.0,0.0,0.0,1.092336317167748,0.3334359942514495,309.47557331729379,360.13908176323596,6653.234157985587,0.17905219615467647,0.027327868765976275,237.85012794679035,276.1496285348211,5342.51527406545,1.0265549531659893,0.19398241745389079,122.79887285430979,142.89339851384166,2663.4251916224486,0.2384650835981853,0.04506142925135777,17.990806487936696,20.96754565635065,370.8337000936782,0.0,0.0,10.559914957280125,12.459098258514441,146.21536443119389,0.0,0.0,40.9446850475481,47.99122197583905,716.0248724140342,0.0,0.0,260.70759382409377,305.9095124651568,4389.90464228825,0.0,0.0,35.99222585413328,42.50177533981653,478.3239218500015,0.0,0.0,148.32766705476963,174.775590310131,2153.0526257529347,51.253149970263,35.153052105804558,239.40840087678456,280.5684053376698,5072.798979319263,0.0,0.0,180.08214245890719,212.40774168419746,2512.545123979166,0.0,21.14817023751427,40.43471459671493,21.000000000000008,30.00000000000001,1952.8135938406697,21.69255189549468,39.32582287839328,22.000000000000008,30.00000000000001,54.88127063774397,21.170844789522048,40.40654216533997,21.000000000000008,30.00000000000001,0.0,20.575385789553495,48.75638921254109,19.000000000000008,30.00000000000001,0.0,17.17409862391618,49.32016072656615,12.000000000000004,30.00000000000001,0.0,19.06065788530476,44.36294092126062,16.000000000000008,30.00000000000001,0.0,18.722092704476009,45.722020666502938,10.000000000000004,30.00000000000001,0.0,16.887606381363793,50.73291979588504,16.000000000000008,30.00000000000001,0.0,17.518792447946756,48.90391077769879,16.000000000000008,30.00000000000001,0.0,19.060992769171564,0.0,0.0,0.0,17.214529291354219,0.0,0.0,508.2860161272765,510.79636968536598,508.49730695646056,971.382434090325,491.2908349835918,499.27916357464098,500.49978615131206,497.5796096793626,498.43154279540587,8343.897644042641,82.48776273233963,82.48776273233963,162.00000000000007,0.0,162.00000000000007,162.00000000000007,21.0,19.0,16.0,16.0,16.0,12.0,21.0,10.0,1.0,0.0,0.0,1952.8135938406697,54.88127063774397,0.0,0.0,0.0,0.0,0.0,0.0,0.0,0.0,82.48776273233963,82.48776273233963,0.34000000000000016,0.7703283406422584,0.36028137401965967,82.48776273233963,0.35426478194388769,0.0,0.0056430000000000008 
 03/20  17:50:00,10.088333333333333,87.66666666666667,8.453333333333334,4.0,0.0,0.0,4.0,0.0,0.0,0.0,0.0,0.0,0.0,0.0,0.0,2712.0,0.0,5.6510691658467568,1.3829177798363726,3.5436778998297817,0.16944856063571954,4.510101647281251,0.0,1.3829177798363719,1.8905534506075915,0.0,0.0,20.737624661333244,327.947385861326,21.1493520777927,-1014.9370658072296,21.047954012381824,-1098.7534315605115,20.11270753475895,-7.929687935324807,17.11728804977583,24.872426091127765,18.94073810572944,-32.79488897506798,18.34363497584527,110.22717142987631,16.7667371732464,17.727803255806806,17.485094737401984,-52.331685909222418,1080.1739564976288,553.1797847489033,0.0,0.0,0.0,0.0,0.0,0.0,0.0,0.0,0.0,0.0,0.0,0.0,0.0,0.0,0.0,0.0,0.0,0.0,0.0,0.0,0.0,0.0,1.13768864061262,0.3472798048268072,433.53496588451938,504.01888442270026,9651.733178247821,0.18142765066997525,0.027690422873927854,218.21937873493438,253.3016467321719,5026.562567307811,0.9043979115458176,0.17089907625582349,218.41705481289356,253.42998858983095,5109.662966640303,0.28484744511578838,0.05382604782989196,28.848533396457559,33.583957649400577,602.3891270699693,0.0,0.0,10.559649057584715,12.457536038725668,149.29409708560793,0.0,0.0,38.38905356348971,45.00819195169321,675.935969184694,0.0,0.0,257.1935308947146,301.81030047587719,4382.022220230769,0.0,0.0,35.035651886326387,41.37511729191503,473.7619319490748,0.0,0.0,147.62850310356388,173.97251236421458,2169.9915895970295,51.48388960678726,35.311309744024189,369.0354483894713,431.38638142801059,8030.886470256839,0.0,0.0,178.4144624240552,210.4983021201046,2506.7926463125688,0.0,21.405840638609086,40.546094506043768,21.0,30.0,1297.3956934848503,21.84491865274974,39.7134597040546,21.75,30.0,2071.0033825344237,21.98731033426641,39.34763019358675,22.0,30.0,0.0,20.595284108226609,49.13161325790841,19.0,30.0,0.0,17.171688664220644,49.90670678422888,12.0,30.0,0.0,18.96984160302716,45.157878265579359,16.0,30.0,0.0,18.67277831443051,46.63396915970867,10.0,30.0,0.0,16.85477419927077,51.51186258203254,16.0,30.0,0.0,17.46087196882703,49.81214879353901,16.0,30.0,0.0,19.769693783932607,0.0,0.0,0.0,17.11266258757245,0.0,0.0,517.0719885970134,520.9273615178817,521.4957046724633,968.4451774992838,495.89292788407047,501.7035861277004,505.21917866802399,501.2152329710934,502.5271438889905,10093.33787136785,81.33094256900634,84.88045848536197,162.0,0.0,162.0,162.0,21.0,19.0,16.0,16.0,16.0,12.0,21.0,10.0,1.0,0.0,0.0,1297.3956934848503,2071.0033825344237,0.0,0.0,0.0,0.0,0.0,5371.654973193605,3222992.9839161636,4225473.82978729,81.33094256900634,84.94074104920586,0.34905516577312026,0.7646610930635039,0.36028137401965956,84.94074104920586,0.3542647819438875,4225473.82978729,0.22538563914893909 
 03/20  18:00:00,9.94,89.0,8.42,3.0,0.0,0.0,4.0,0.0,0.0,0.0,0.0,0.0,0.0,0.0,0.0,2712.0,0.0,4.2363174753608379,1.0367027169150214,2.656514056160015,0.12702691931677358,3.380992508609163,0.0,1.0367027169150208,1.4172512113842804,0.0,0.0,20.738400748819868,-1097.7082525125048,20.718247854857795,-92.06447825792589,20.69756433122845,-244.52633833117069,20.126410430818806,-50.36425593646601,17.121300557121136,25.827341025238085,18.87260133301215,-25.00138002670525,18.354848851075127,117.30312254354658,16.74916258092929,17.873617447326866,17.450965222792296,-49.234062244524697,981.5632513473968,586.7732413231479,0.0,0.0,0.0,0.0,0.0,0.0,0.0,0.0,0.0,0.0,0.0,0.0,0.0,0.0,0.0,0.0,0.0,0.0,0.0,0.0,0.0,0.0,1.1594708302030759,0.35392882484831375,382.0397587151174,443.8918806146005,8620.611097778525,0.22645073708313338,0.034562078309391539,163.91208503998477,190.600837432349,3619.046643322798,1.095047512447132,0.20692507793785568,159.81060574614754,185.84217050939325,3559.166642385808,0.24083190463232397,0.0455086743447324,15.688641640446363,18.264829812197257,334.0746125507982,0.0,0.0,10.917397392368981,12.879045835085567,157.6273201713034,0.0,0.0,33.771994283791119,39.60617907626141,599.9163272911661,0.0,0.0,259.61792318876987,304.6238844416987,4509.007677997473,0.0,0.0,36.180715713821708,42.72955331509785,498.14850800218837,0.0,0.0,152.1688877824833,179.34663470620138,2268.030214069167,51.08361861291602,35.036775454674927,307.10924049495329,359.17602167466478,6707.0114331688969,0.0,0.0,184.19183459315779,217.32648861806644,2633.6584974012869,1198.4284894913706,21.359409134825339,41.58961007363925,21.5,30.0,0.0,21.190804909413005,41.65379909298685,21.0,30.0,0.0,21.27568340385219,41.48625167488047,21.0,30.0,0.0,20.59577943385552,50.18309791049133,19.0,30.0,0.0,17.173451624320877,50.59841861542737,12.0,30.0,0.0,18.8973899634265,46.017120660847329,16.0,30.0,0.0,18.69016055163408,47.457361716368477,10.0,30.0,0.0,16.82869121036105,52.442751076568487,16.0,30.0,0.0,17.414079793284317,50.816629508586007,16.0,30.0,0.0,19.33776675972596,0.0,0.0,0.0,17.087175308401088,0.0,0.0,534.6800584050798,526.1568378261968,525.0373417467342,1007.3971409567582,501.5567915295082,507.3428791697685,516.9757316242447,507.39389242041156,509.9005389077803,9526.857214466905,81.7055722671156,83.43937673246926,162.0,0.0,162.0,162.0,21.0,19.0,16.0,16.0,16.0,12.0,21.0,10.0,1.0,0.0,1198.4284894913706,0.0,0.0,0.0,0.0,0.0,0.0,0.0,2623.9162337564405,1574349.740253864,2037851.3123250518,81.7055722671156,83.46882248812676,0.34246387445854806,0.7674802205771731,0.36028137401965956,83.46882248812676,0.3542647819438875,2037851.3123250518,0.11164726824090268 
 03/20  18:10:00,9.806666666666667,88.83333333333334,8.331666666666667,1.9999999999999996,0.0,0.0,0.0,0.0,0.0,0.0,0.0,4.0,0.0,0.0,0.0,6780.0,0.0,2.822651057652557,0.6907532396688978,1.7700307608438493,0.08463781933070214,2.252749514103878,0.0,0.6907532396688975,0.9443120479143183,0.0,0.0,20.78521355165946,-571.391938325469,20.646546497139278,-36.94450138412442,20.733292563723866,-1306.922308068271,20.14938576271487,394.6162947269044,17.126608081008287,26.97752601794531,18.816195186729048,-18.16241605642183,18.378824753998957,102.35850861453928,16.73683212181198,20.74197899675453,17.42652125459501,-37.646646582220459,914.5530571436726,627.4821593152117,0.0,0.0,0.0,0.0,0.0,0.0,0.0,0.0,0.0,0.0,0.0,0.0,0.0,0.0,0.0,0.0,0.0,0.0,0.0,0.0,0.0,0.0,1.1088723634941158,0.3384836274402062,131.61344648100769,153.07102599944859,3047.642068334352,0.2543068995856116,0.03881362936288334,18.03135527729534,20.997348032159505,405.62958897269086,1.0943086068563704,0.20678545103106023,277.4526416588766,322.5004223958694,6458.414603698964,0.28121883893847907,0.0531403701697806,272.5060588464665,317.6308265530106,5867.486992619178,0.0,0.0,11.208200596326878,13.233043476755836,164.9091509168387,0.0,0.0,24.547358303106145,28.831344390160387,440.0717544684129,0.0,0.0,259.4935463592124,304.6782604287161,4597.137055018477,0.0,0.0,36.803630633590007,43.50249140774463,515.3478310083715,0.0,0.0,159.689780641939,188.37226849006795,2413.5427971138367,50.79517377434457,34.83893948857654,281.1549073812388,329.5750129302928,6071.444407330669,0.0,0.0,192.30778158148125,227.06627652570257,2804.1422379749708,820.3028135474007,21.50984537529565,42.462155287758339,21.500000000000005,30.0,0.0,21.100423153560628,44.40943163211671,21.000000000000005,30.0,1580.7285724239765,21.52232115981796,42.723939379473609,21.400000000000007,30.0,0.0,20.72944367523944,45.38543011672849,15.999999999999999,30.0,0.0,17.178552121286914,51.35244880639004,12.0,30.0,0.0,18.843119311733788,46.8087025299844,15.999999999999999,30.0,0.0,18.734332205936164,48.4484150405694,10.0,30.0,0.0,16.81251405038225,53.36192128194021,15.999999999999999,30.0,0.0,17.3852166786828,51.83465431693512,15.999999999999999,30.0,0.0,18.94150636563691,0.0,0.0,0.0,17.096465087044348,0.0,0.0,614.1571477731004,672.546577818006,628.8201497419768,675.3842256401723,512.0303894314235,518.4216341699374,553.8825532720061,520.5388729979051,528.5049640281045,6037.360370722519,81.6861816209755,83.125525246562,240.0,0.0,240.0,240.0,21.0,16.0,16.0,16.0,16.0,12.0,21.0,10.0,1.0,0.0,820.3028135474007,0.0,1580.7285724239765,0.0,0.0,0.0,0.0,0.0,2178.20043302897,1306920.259817382,1702231.7575020206,81.6861816209755,83.14997007961739,0.2086066811009657,0.4456452728688718,0.21616882441179573,83.14997007961739,0.21255886916633255,1702231.7575020206,0.09695605139010505 
 03/20  18:20:00,9.673333333333334,88.66666666666667,8.243333333333334,0.0,0.0,0.0,0.0,0.0,0.0,0.0,0.0,4.0,0.0,0.0,0.0,2716.0,0.0,0.0,0.0,0.0,0.0,0.0,0.0,0.0,0.0,0.0,0.0,21.03756462279521,-529.27208952039,20.662779315759054,-34.72211412996597,21.02502449338057,-1788.216980104392,20.258172458559856,498.4780576230387,17.131887139997084,27.248879973457848,18.760045692750439,-16.772660645200746,18.38584909376241,146.52638144282538,16.72666053073329,18.91877024129394,17.40818003564602,-41.00615548444853,1099.239058094026,643.0856476500062,0.0,0.0,0.0,0.0,0.0,0.0,0.0,0.0,0.0,0.0,0.0,0.0,0.0,0.0,0.0,0.0,0.0,0.0,0.0,0.0,0.0,0.0,1.132855700610207,0.3458045484158141,133.55144594281843,155.02386437491627,3200.4810929099937,0.2660066065838613,0.04059929892916077,19.486252293438118,22.646505427264417,444.9076854635141,1.1083204098663653,0.20943318402614623,351.08143608969268,407.4619683665905,8389.093334614952,0.30494625321604548,0.05762400854422626,328.64159446423118,382.51454517622906,7288.270178726676,0.0,0.0,11.528705845676378,13.59990469675683,172.85172914996495,0.0,0.0,21.580446227381306,25.303359711466997,390.15952856559957,0.0,0.0,259.0451485856152,303.8603130457939,4667.423634252355,0.0,0.0,36.76636269807071,43.424775158059798,523.8302772332099,0.0,0.0,160.45840897511946,189.14132066746439,2462.0010219058465,50.63198903768888,34.72701580088402,349.5894235759531,409.18776918857597,7609.892555942539,0.0,0.0,192.80028497978879,227.49485895188696,2848.334347367702,973.1495404472096,21.77112092460414,41.914006294968647,21.75,30.0,0.0,21.136702760235516,47.595800490005988,21.0,30.0,2307.900185046154,21.806192198978324,42.10761138767303,21.75,30.0,0.0,20.93907256474852,44.31145886025982,16.0,30.0,0.0,17.184177252204074,52.34461341658206,12.0,30.0,0.0,18.786301555333158,47.65137991728321,16.0,30.0,0.0,18.75098814553622,48.997473422094859,10.0,30.0,0.0,16.800070349443318,54.465253847682138,16.0,30.0,0.0,17.364944064746426,52.82675437994812,16.0,30.0,0.0,19.286093591835426,0.0,0.0,0.0,17.056738841318216,0.0,0.0,615.9970107039509,869.592195205279,626.3357908696237,627.2901123559218,532.9966921244057,537.032103217985,572.3241981702876,547.248019320139,554.840385644208,6894.311993245608,81.67108757246409,83.38708449709289,240.0,0.0,240.0,240.0,21.0,16.0,16.0,16.0,16.0,12.0,21.0,10.0,1.0,0.0,973.1495404472096,0.0,2307.900185046154,0.0,0.0,0.0,0.0,0.0,2596.9934297563966,1558196.0578538378,2046271.0788520105,81.67108757246409,83.41622782159192,0.2565664476585466,0.5732856636074705,0.27021103051474468,83.41622782159192,0.2656985864579156,2046271.0788520105,0.11483276276697122 
 03/20  18:30:00,9.54,88.5,8.155,0.0,0.0,1.0,0.0,0.0,0.0,0.0,0.0,4.0,0.0,0.0,0.0,2040.0,0.0,0.0,0.0,0.0,0.0,0.0,0.0,0.0,0.0,0.0,0.0,20.951151255075094,-537.643203219388,20.560322950041895,-48.49927545840503,21.0274139147149,-1389.991627253218,20.179573545496269,251.23163190468365,17.133372509119654,25.674369423968348,18.626585350546354,-11.749517491135706,18.38392423406278,87.77193443552032,16.683044136210478,18.703281953339297,17.354702347372574,-39.15717995545278,986.0414183498042,669.7835501305672,0.0,0.0,0.0,0.0,0.0,0.0,0.0,0.0,0.0,0.0,0.0,0.0,0.0,0.0,0.0,0.0,0.0,0.0,0.0,0.0,0.0,0.0,1.185086841073213,0.36174811998571818,143.05154734854288,166.08569705229218,3427.231875755003,0.22310220749451976,0.034051008469859537,17.22563394712759,20.01684380379568,396.7219288948447,1.1696820942688995,0.22102836248467487,329.7678448776767,382.6304870575766,7861.601707020191,0.2906440366233864,0.054921397699052579,269.08213080400949,313.0325139682774,6029.150535150791,0.0,0.0,11.022872512280973,12.997588153877091,168.1928545957311,0.0,0.0,23.092313469526084,27.09859813291983,420.26787338113516,0.0,0.0,258.9622470106988,303.71708973599388,4718.777932914821,0.0,0.0,36.55250199515286,43.1601885157843,528.5725081998421,0.0,0.0,160.76371555732386,189.45836834897663,2498.1670400593668,50.15156370582035,34.3975059710702,312.49025801667008,365.68618585747915,6928.071553776287,0.0,0.0,193.03285164541405,227.74588555369167,2878.395955786612,971.952720713957,21.64192574014114,42.23708668269818,21.666666666666658,29.99999999999999,0.0,21.10888955423095,49.71026341902302,20.999999999999994,29.99999999999999,2108.9430269699935,21.629877516715813,42.33917835959534,21.666666666666658,29.99999999999999,0.0,20.868460903359876,44.43601482356997,15.999999999999993,29.99999999999999,0.0,17.182741969101547,53.08879230466049,11.999999999999995,29.99999999999999,0.0,18.704677612649016,48.583785219454167,15.999999999999993,29.99999999999999,0.0,18.719827322018348,49.4701551961537,9.999999999999997,29.99999999999999,0.0,16.771548710613005,55.25899141335655,15.999999999999993,29.99999999999999,0.0,17.327527724045106,53.52615909660454,15.999999999999993,29.99999999999999,0.0,19.174424161508516,0.0,0.0,0.0,16.989325676333693,0.0,0.0,611.2094505246741,985.2511058756243,605.1516566406247,618.8194415544256,549.5708626706839,556.4740647037393,582.1246030015822,565.8237876160068,570.678163850383,10535.979850770314,81.03823315134717,87.88374055869815,239.99999999999992,0.0,239.99999999999992,239.99999999999992,21.0,16.0,16.0,16.0,16.0,12.0,21.0,10.0,1.0,0.0,971.952720713957,0.0,2108.9430269699935,0.0,0.0,0.0,0.0,0.0,10360.032112552854,6216019.2675317139,8138711.866979911,81.03823315134717,87.99999999999997,0.3453344037517618,0.7637418206775608,0.36028137401965945,87.99999999999997,0.35426478194388735,8138711.866979911,0.4316263504162886 
 03/20  18:40:00,9.406666666666667,88.33333333333334,8.066666666666667,0.0,0.0,1.0,0.0,0.0,0.0,0.0,0.0,4.0,0.0,0.0,0.0,6120.0,0.0,0.0,0.0,0.0,0.0,0.0,0.0,0.0,0.0,0.0,0.0,20.93255072111918,-521.8541249138615,20.51974421108953,-61.47052171140337,20.98532191297174,-1284.4791441356397,20.135782701248215,306.2242198402848,17.131514329383596,24.08978873422959,19.213398618781249,-132.14314456375758,18.382939084788057,127.40938767546011,17.71050070234621,-36.86543356871918,17.311915121194646,-88.58823807640434,932.950853707427,709.283901601183,0.0,0.0,0.0,0.0,0.0,0.0,0.0,0.0,0.0,0.0,0.0,0.0,0.0,0.0,0.0,0.0,0.0,0.0,0.0,0.0,0.0,0.0,1.1891757878751604,0.36299627224516597,118.84026642916862,138.21330813006589,2850.9060699575386,0.19509102758966799,0.029775797861671013,15.290137490585878,17.785369354474577,354.5216717241975,1.1789293164019408,0.22277575895728347,263.3143797347434,305.9945997638825,6341.520342219711,0.28932273581701359,0.054671718786283868,263.4514384631955,307.02688017098788,5919.162712850911,0.0,0.0,10.701039942758474,12.633870437912949,165.98750670241399,0.0,0.0,57.72974372546859,67.50410424878385,1181.11510223731,0.0,0.0,284.490640192783,334.0209973501638,5258.789976426227,0.0,0.0,21.6609911292873,25.505875560008719,377.43697399534457,0.0,0.0,173.3223649909982,204.51726126794015,2718.1742621741316,49.70664556424136,34.09234949536454,267.1412809724304,313.19895100579915,6032.118101881255,0.0,0.0,188.4995553578476,222.78714304904055,2807.3008702329118,755.4392335350831,21.503712524448348,42.57837886385613,21.444444444444494,30.000000000000076,0.0,21.056588560849059,51.479528956390748,21.00000000000005,30.000000000000076,1565.8281404211576,21.541851693149213,42.251089626533588,21.444444444444494,30.000000000000076,0.0,20.810000821974709,44.3236794966545,16.00000000000004,30.000000000000076,0.0,17.176748954826527,53.648714126861538,12.000000000000032,30.000000000000076,1014.3242826020787,19.66712903664913,46.38926729363696,19.666666666666719,30.000000000000076,0.0,18.718918432094428,49.72669741672084,10.000000000000025,30.000000000000076,1334.6677305426579,18.37537161265796,50.36157001050991,20.700000000000054,30.000000000000076,0.0,17.266513504975224,54.19087346144087,16.00000000000004,30.000000000000076,0.0,18.93794781497266,0.0,0.0,0.0,16.843664272238365,0.0,0.0,602.3398858601513,1071.9347866496649,579.6735269927912,592.599208049842,561.5013442257158,574.5216411207363,586.3117233679528,575.2105599421157,580.6125416367763,9988.51219626632,81.40026365116592,84.55549934976007,240.0000000000006,0.0,240.0000000000006,240.0000000000006,21.0,16.0,19.0,16.0,19.7,12.0,21.0,10.0,1.0,0.0,755.4392335350831,0.0,1565.8281404211576,0.0,1014.3242826020787,0.0,1334.6677305426579,0.0,4774.976349987899,2864985.8099927317,3744500.407719469,81.40026365116592,84.60908572658586,0.34805476722181935,0.7677305085841288,0.36028137401966056,84.60908572658586,0.3542647819438884,3744500.407719469,0.20311402120141243 
 03/20  18:50:00,9.273333333333334,88.16666666666667,7.9783333333333339,0.0,0.0,1.0,0.0,0.0,0.0,0.0,0.0,4.0,0.0,0.0,0.0,3400.0,0.0,0.0,0.0,0.0,0.0,0.0,0.0,0.0,0.0,0.0,0.0,21.004328268041215,-455.337583994479,20.815002667261159,-93.94684886740615,21.096632342009216,-1437.6011215993618,20.097079235604548,299.4864224239613,17.12892777607808,23.146116296381388,19.0710286054291,-102.85225439777307,18.35972129529677,43.81141752368786,18.951494098872169,-141.60520435882547,17.246061788491077,-85.33405815920597,934.1816579271224,806.9373992468109,0.0,0.0,0.0,0.0,0.0,0.0,0.0,0.0,0.0,0.0,0.0,0.0,0.0,0.0,0.0,0.0,0.0,0.0,0.0,0.0,0.0,0.0,1.200135143582476,0.3663416189201697,142.10392715350927,165.14334428577485,3441.183340733997,0.15882375553295076,0.024240499928716538,18.696260689013866,21.700461197652915,447.519025914072,1.1724912754434567,0.22155919792960264,291.22462786267536,338.294650589768,7059.85022926844,0.28560510495540505,0.05396921862347032,259.44671571707957,302.33056528060379,5872.443366281307,0.0,0.0,10.350160699827225,12.21529687146446,163.19396638865903,0.0,0.0,59.26032541527805,69.39668805442172,1192.3113111447929,0.0,0.0,284.75522461365588,334.32030026848636,5306.764931103022,0.0,0.0,31.421411249537266,36.60758264892053,702.9081657543068,0.0,0.0,191.04664232240592,225.43430341779186,3012.499318089087,49.289069295077,33.80594601857134,281.25334874993578,329.5098967367406,6421.9454756066629,0.0,0.0,197.12366540251876,232.8584163083486,2991.6525960737806,792.8516241763593,21.487818479871103,42.774405356427049,21.4,30.0,830.5167100905067,21.308184212779787,51.75173850662088,21.4,30.0,1731.331822259713,21.524741674036027,42.13696819047237,21.4,30.0,0.0,20.74823783950964,44.391583607416617,16.0,30.0,0.0,17.170388200875146,54.19060359690304,12.000000000000002,30.0,0.0,19.430451729793857,47.609715202893898,19.0,30.0,0.0,18.657717565423565,50.13541537489943,10.0,30.0,1270.3524324611915,20.482049173999866,44.4573315127337,20.7,30.0,0.0,17.17128980480255,54.81209766976211,16.0,30.0,0.0,18.982499722799177,0.0,0.0,0.0,16.850215713045757,0.0,0.0,607.528980719293,1123.4514823565219,567.9972921735503,582.9983368388706,572.5098973435136,587.8605790038456,590.3714666034287,582.4253228031796,585.7738045096298,9956.617457289769,81.42130428229686,84.39278932751359,240.0,0.0,240.0,240.0,21.0,16.0,19.0,16.0,19.7,12.0,21.0,10.0,1.0,0.0,792.8516241763593,830.5167100905067,1731.331822259713,0.0,0.0,0.0,1270.3524324611915,0.0,4496.682917658281,2698009.750594969,3517067.59657821,81.42130428229686,84.44325500823473,0.3538894305886094,0.768719243430546,0.36028137401965956,84.44325500823473,0.35426478194388757,3517067.59657821,0.19124751502206695 
 03/20  19:00:00,9.14,88.0,7.89,0.0,0.0,1.0,0.0,0.0,0.0,0.0,0.0,4.0,0.0,0.0,0.0,3402.0,0.0,0.0,0.0,0.0,0.0,0.0,0.0,0.0,0.0,0.0,0.0,20.96596087047696,-789.9751529333498,20.983839768869488,-162.0228918719065,20.992388032650508,-561.6754043550016,20.04838859045193,170.4624214999213,17.125727926791947,21.721855691084707,19.008255963972656,-61.863522739550038,18.286702290875483,69.62465510310503,18.865131294366795,-124.85461829539563,17.202821937909954,-80.83895026083354,919.2667736522644,798.9291413592099,0.0,0.0,0.0,0.0,0.0,0.0,0.0,0.0,0.0,0.0,0.0,0.0,0.0,0.0,0.0,0.0,0.0,0.0,0.0,0.0,0.0,0.0,1.2474477039232229,0.3807837924063562,241.29109301720585,280.8053057624175,5805.254232744484,0.0541800850748875,0.008269243753798459,31.038886729350794,36.01621500237658,769.0660812862913,1.3526499899014564,0.2556027947659594,284.9095824281638,331.59658138801947,6892.988960439249,0.3007653139418275,0.05683395955060987,196.27100768124894,228.7451634599843,4464.683383877454,0.0,0.0,10.182460780295996,12.018186789408754,163.13930013169469,0.0,0.0,46.939187909111,54.99752122436729,933.1196009411733,0.0,0.0,272.26246414883237,319.8030680966202,5081.6145618121,0.0,0.0,33.86289850946179,39.560595368638747,735.4191599731272,0.0,0.0,190.67069853449523,225.08350827587749,3038.5133754301016,49.0054174020213,33.61139739507635,285.46637309435297,334.72553009813387,6637.585226944648,0.0,0.0,196.0683024480741,231.73638729055222,2994.923754734227,771.6439311168986,21.352130542756446,43.35701987716029,21.4,30.0,0.0,21.74958203726583,49.40132807046672,21.0,30.0,863.8658869777516,21.40055793043687,42.8982515777274,21.200000000000004,30.0,0.0,20.66332512551545,44.892169024938088,16.0,30.0,0.0,17.163680063199089,54.63276960563613,12.000000000000002,30.0,349.10269892969827,19.168938070158988,48.80408855865636,19.0,30.0,0.0,18.533961989692018,50.9410093277349,10.0,30.0,255.13478914893268,20.14871710576648,45.765171011485879,19.7,30.0,0.0,17.11886492162372,55.376323888691697,16.0,30.0,0.0,19.05015958996515,0.0,0.0,0.0,16.762053093380194,0.0,0.0,618.944985960002,1041.6157043312897,597.9716110915647,599.2868312930951,581.0480035397934,600.1075170037188,601.7509533342436,590.9936611960759,592.8837304384306,5171.900191897208,81.88502908034545,83.41242526281228,240.0,0.0,240.0,240.0,21.0,16.0,19.0,16.0,19.7,12.0,21.0,10.0,1.0,0.0,771.6439311168986,0.0,863.8658869777516,0.0,349.10269892969827,0.0,255.13478914893268,0.0,2311.305101493768,1386783.0608962607,1802607.87975625,81.88502908034545,83.4383655205979,0.2130435033831256,0.4314140805587281,0.21616882441179575,83.4383655205979,0.21255886916633252,1802607.87975625,0.102055609747325 
 03/20  19:10:00,9.025,87.33333333333334,7.7716666666666669,0.0,0.0,1.0,0.0,1.0,2.0,0.0,0.0,4.0,0.0,0.0,0.0,5450.0,0.0,0.0,0.0,0.0,0.0,0.0,0.0,0.0,0.0,0.0,0.0,21.069080874669198,-849.4744903772148,20.782647029019338,-123.60880502276778,21.092947391287198,-927.9264554281981,19.993957393733547,353.1101422772233,17.121407158648453,21.003185530770489,19.34793558840596,-48.42773256718263,18.259516380229287,35.17935694072844,19.01971738170012,-166.58525040574654,17.154074196794086,-94.22255542460676,954.3948644495738,849.9500871128348,0.0,0.0,0.0,0.0,0.0,0.0,0.0,0.0,0.0,0.0,0.0,0.0,0.0,0.0,0.0,0.0,0.0,0.0,0.0,0.0,0.0,0.0,1.2127515389040947,0.37019277744325237,183.6156337497076,213.60565912724963,4561.854463293277,0.12907394406415027,0.019699930412721349,24.178002409369506,28.091901120656045,593.0320041373852,1.2683987899758347,0.23968231103095906,287.24663625575075,334.18777779452787,7047.319346501029,0.31432888187278826,0.05939699203945353,289.0847296807023,337.36487941035406,6602.921687586,0.0,0.0,10.488183163554244,12.385658777627502,170.28243043605063,0.0,0.0,14.161371489664783,16.562513078155268,304.34006030503766,0.0,0.0,238.02748174285748,279.76499472142407,4479.533556451417,0.0,0.0,38.950698783649468,45.47557909008011,874.1122861907429,0.0,0.0,192.77018021161235,227.6923837369375,3091.8463173293278,48.6383919182488,33.35966523885378,291.1749486931156,341.70205438766609,6682.278329937076,0.0,0.0,198.70553001165818,234.98433923421158,3056.5321068762557,1191.5446583410506,21.57137662225653,42.602781280937339,21.625,30.0,0.0,21.456275264504506,50.12528173926077,21.0,30.0,1078.4697791819477,21.435953118705,42.562030084067568,21.25,30.0,0.0,20.611501789359143,45.001686610820069,16.0,30.0,0.0,17.15583745427647,55.03395874607071,12.0,30.0,396.28653400712758,19.890243099514938,48.20739219468889,19.375,30.0,0.0,18.494921091374115,51.1854832832861,10.0,30.0,547.6121650569995,20.39338924887034,46.01500705414436,20.2,30.0,0.0,17.05416623399798,55.92402740025556,16.0,30.0,0.0,18.926400106135654,0.0,0.0,0.0,16.70091153083929,0.0,0.0,611.4055988128099,1018.638766051061,588.379629468427,600.4044087315941,589.4630528747188,691.9885915001199,603.6196220694831,640.9535666821136,601.9484349934421,8971.91247565609,81.24403042948159,83.91179588633419,270.0,0.0,270.0,270.0,21.0,16.0,19.0,16.0,19.7,12.0,21.0,10.0,1.0,0.0,1191.5446583410506,0.0,1078.4697791819477,0.0,396.28653400712758,0.0,547.6121650569995,0.0,4037.253852955882,2422352.311773529,3156894.052523942,81.24403042948159,83.95710340016507,0.30457512843186276,0.6534983459927186,0.3152462022672021,83.95710340016507,0.30998168420090158,3156894.052523942,0.17347349073124505 
 03/20  19:20:00,8.91,86.66666666666667,7.653333333333334,0.0,0.0,0.0,0.0,1.0,2.0,0.0,0.0,4.0,0.0,0.0,0.0,1364.0,0.0,0.0,0.0,0.0,0.0,0.0,0.0,0.0,0.0,0.0,0.0,21.42445376293166,-755.6891734625606,20.766541771752295,-87.24526423841673,21.502246085271734,-2524.0071268752838,20.222860205064323,574.914741316421,17.118822295245797,19.255182118781108,19.272879789537237,-48.15399067426162,18.21139198606687,67.11409587930484,18.98830857251879,-132.75878925954943,17.14370931010945,-89.1637681702482,1068.2712850294502,826.4684148680881,0.0,0.0,0.0,0.0,0.0,0.0,0.0,0.0,0.0,0.0,0.0,0.0,0.0,0.0,0.0,0.0,0.0,0.0,0.0,0.0,0.0,0.0,1.2605567670670484,0.3847853379325545,227.7157384254084,263.5257622151759,6017.998861628072,0.17664019899359274,0.026959737331134424,18.610101539524565,21.599261910055519,456.80649160763906,1.1413522492577409,0.21567502820441065,459.3362584878687,531.6589192397582,11920.242589871283,0.3254867768517326,0.06150543780267054,358.5252364069428,416.84600902587888,8503.437489869595,0.0,0.0,10.43658593506985,12.298608577243755,171.8286319089056,0.0,0.0,13.761019167592196,16.068294468006603,291.81580248200415,0.0,0.0,236.32384324520315,277.2713299405316,4467.4274221074579,0.0,0.0,36.031424197389757,42.029859859513539,798.0168719644908,0.0,0.0,189.72778470096609,223.68408090830895,3071.894942812415,48.44195721390466,33.22493636070279,442.4316643871743,516.6025136033973,10337.698848857102,0.0,0.0,195.30189444765319,230.57155101369808,3014.634247223177,1369.4054236921125,22.231581522035886,40.81250621510722,22.0,30.0,0.0,21.28059326065498,51.247497052298538,21.0,30.0,2969.6647007335357,22.170095876854789,40.5327848226877,22.0,30.0,0.0,20.921675779700338,44.03918496970633,16.0,30.0,0.0,17.152124223093016,55.3825633914745,12.0,30.0,0.0,19.62240403546941,51.211740968588859,19.0,30.0,0.0,18.417918948458224,51.47874559731382,10.0,30.0,733.260638444452,20.156548645332799,47.3029789151787,20.2,30.0,0.0,17.011031023031906,56.26658577860221,16.0,30.0,0.0,19.44903848241531,0.0,0.0,0.0,16.607392824524138,0.0,0.0,603.9111358977114,1054.4731414938363,582.8295387590575,595.5808525806566,597.4456732437468,823.248408035249,605.122909279119,673.9307867381128,608.4555069185118,7598.24911332041,82.98051382655032,82.98051382655032,270.0,0.0,270.0,270.0,21.0,16.0,19.0,16.0,19.7,12.0,21.0,10.0,1.0,0.0,1369.4054236921125,0.0,2969.6647007335357,0.0,0.0,0.0,733.260638444452,0.0,0.0,0.0,0.0,82.98051382655032,82.98051382655032,0.34,0.7670254365780538,0.36028137401965956,82.98051382655032,0.3542647819438875,0.0,0.00927 
 03/20  19:30:00,8.795,86.0,7.535,0.0,0.0,0.0,0.0,1.0,2.0,0.0,0.0,4.0,0.0,0.0,0.0,3411.0,0.0,0.0,0.0,0.0,0.0,0.0,0.0,0.0,0.0,0.0,0.0,21.097991099055557,-647.6877167117857,20.747016636641093,-82.8780011677415,20.885152463548466,-534.4121122057939,20.325165531970457,132.555014953422,17.118817506896535,20.513719148457687,19.184730102612368,-41.99214676673327,18.23384488804686,46.15809863455834,19.15239932939869,-171.54081978789803,17.11624411272279,-95.04203663687022,882.7141996732485,870.7248458405666,0.0,0.0,0.0,0.0,0.0,0.0,0.0,0.0,0.0,0.0,0.0,0.0,0.0,0.0,0.0,0.0,0.0,0.0,0.0,0.0,0.0,0.0,1.2672974582801149,0.38684293598294108,185.72885162436348,216.17599336790765,4654.950465689123,0.1744323085287498,0.02662275771195815,19.870357691133778,23.067536802105189,490.36268445239866,1.2930891379871055,0.24434790967254464,234.0085137371279,272.58656882376808,5784.454862861885,0.2904566114201712,0.05488598099398548,184.53653792039737,215.27719755675094,4467.280519766146,0.0,0.0,10.675835169522636,12.60543514953778,178.19913115562336,0.0,0.0,14.791936871005385,17.317831861859806,313.0958980496157,0.0,0.0,240.4795173146947,282.6205962823226,4616.673585079914,0.0,0.0,40.03161489793684,46.726849040674178,914.1234021814724,0.0,0.0,194.5674546481927,229.80316549881895,3182.249501179422,48.01094875618237,32.92932013455582,229.28997208742948,269.1544721787754,5645.526212128302,0.0,0.0,200.56326612218425,237.1595027021371,3153.10728268866,425.380472763427,21.50216979980726,42.68406253095469,21.200000000000004,30.0,0.0,21.247813658719254,52.29197810786446,21.0,30.0,156.14872801495117,21.257098335927905,42.630019572180419,21.0,30.0,0.0,21.0100734730733,43.799946900928137,16.0,30.0,0.0,17.153220964020389,55.57582139794682,12.000000000000002,30.0,0.0,19.47994232424208,52.57203776280788,19.0,30.0,0.0,18.45106851650924,51.47693995667814,10.0,30.0,282.8659652903184,20.36205555504742,46.82584701664992,20.1,30.0,0.0,16.979158570921745,56.611127207452437,16.0,30.0,0.0,18.949059634122734,0.0,0.0,0.0,16.636735242801025,0.0,0.0,615.2006321203917,1115.6640479670012,578.9505553115296,600.7443397330427,603.1638183360194,877.0832127124879,611.188367339117,677.5355339767823,617.844148216089,7748.765642595173,81.491228775356,81.491228775356,270.0,0.0,270.0,270.0,21.0,16.0,19.0,16.0,19.7,12.0,21.0,10.0,1.0,0.0,425.380472763427,0.0,156.14872801495117,0.0,0.0,0.0,282.8659652903184,0.0,0.0,0.0,0.0,81.491228775356,81.491228775356,0.272,0.5871771646108914,0.28822509921572767,81.491228775356,0.28341182555511,0.0,0.009225 
 03/20  19:40:00,8.68,85.33333333333334,7.416666666666666,0.0,0.0,0.0,0.0,1.0,2.0,0.0,0.0,4.0,0.0,0.0,0.0,2732.0,0.0,0.0,0.0,0.0,0.0,0.0,0.0,0.0,0.0,0.0,0.0,21.123616017904188,-675.6175325833399,20.708920326805548,-62.94612542905173,21.41934711197038,-1528.3779170983938,20.28071892707852,457.0863804513276,17.11635815620469,18.814416992602916,19.108955346708848,-46.6768865440213,18.192676914537424,107.18034225529891,19.154102584880456,-166.92858689442853,17.089072092606537,-106.79124245917888,1062.8573130079597,838.8303862186767,0.0,0.0,0.0,0.0,0.0,0.0,0.0,0.0,0.0,0.0,0.0,0.0,0.0,0.0,0.0,0.0,0.0,0.0,0.0,0.0,0.0,0.0,1.2841745615947935,0.3919946769214877,243.48732576143278,283.02356906119459,6215.34611134877,0.2094235297208657,0.031963298186945317,14.234304328490792,16.55966134109384,355.1902645636501,1.222775481247652,0.23106112646403105,349.7205810241994,406.19330276738949,9088.637086993982,0.3132383597480137,0.059190922099019948,290.72744796332247,338.54616482203667,7063.659085467693,0.0,0.0,10.848892377209815,12.80168841272047,183.5285737958983,0.0,0.0,15.026633409049185,17.581817166287153,317.97635533354136,0.0,0.0,238.98058368470465,280.8064821104806,4618.998327593868,0.0,0.0,39.07557702554986,45.59925561928788,899.8355961264097,0.0,0.0,190.4538349066078,224.9076258526181,3147.5128838696466,47.784826065319709,32.77422912573369,345.8468551153808,405.03687737135729,8349.800110403514,0.0,0.0,196.0985859260948,231.86696624458296,3105.2420488630466,696.5866133409542,21.621240029271193,41.91777422830424,21.75,30.0,0.0,21.19079501180467,52.63347578042131,21.0,30.0,2143.337959644675,21.91308984563248,40.895122046461199,21.5,30.0,0.0,20.976236329449763,43.499958003313029,16.0,30.0,0.0,17.149533813574796,55.78907019702481,12.0,30.0,0.0,19.36158085664271,53.842854796111577,19.0,30.0,0.0,18.400151971321269,51.690844259708779,10.0,30.0,825.3695459144369,20.334734643916819,46.978919669525819,20.45,30.0,0.0,16.948048450120408,56.89858813527918,16.0,30.0,0.0,19.167185871745425,0.0,0.0,0.0,16.575961929118848,0.0,0.0,599.4237739340996,1136.788955783768,584.8508051169546,592.7102752053463,610.7335819603745,931.2115303798179,616.8214445563201,684.573685145588,626.6395433365311,9628.102896312954,81.6385881837504,85.1358944567529,270.0,0.0,270.0,270.0,21.0,16.0,19.0,16.0,19.7,12.0,21.0,10.0,1.0,0.0,696.5866133409542,0.0,2143.337959644675,0.0,0.0,0.0,825.3695459144369,0.0,5292.730316374219,3175638.189824532,4140111.4860877238,81.6385881837504,85.19529032752853,0.3464243438791407,0.7668733662706332,0.36028137401965956,85.19529032752853,0.3542647819438875,4140111.4860877238,0.22446579727656164 
 03/20  19:50:00,8.565,84.66666666666666,7.298333333333333,0.0,0.0,0.0,0.0,1.0,2.0,0.0,0.0,4.0,0.0,0.0,0.0,2732.0,0.0,0.0,0.0,0.0,0.0,0.0,0.0,0.0,0.0,0.0,0.0,21.090660858215658,-750.0948552545403,20.686212983260796,-96.85855033098048,21.201809116904557,-1271.301593693443,20.216367735958657,207.1076501443199,17.11224610090798,17.550364854440774,19.048806659906448,-37.240993172622527,18.192097424540056,43.6517782237604,19.109162641376046,-145.58744411696268,17.058197250043038,-99.62653420924176,983.8937306775904,795.0878434038039,0.0,0.0,0.0,0.0,0.0,0.0,0.0,0.0,0.0,0.0,0.0,0.0,0.0,0.0,0.0,0.0,0.0,0.0,0.0,0.0,0.0,0.0,1.268734966626555,0.38728173584449179,223.6888045129128,259.86984278306695,5783.956361270304,0.16721994727122736,0.025521969974241049,20.345514222100915,23.673912248726198,507.6560119097446,1.3224798662256237,0.24990171319456237,322.5609762723828,374.44651133132455,8334.500294494348,0.3026208922300325,0.05718459792706583,221.847215643579,258.3218760811033,5358.579976647388,0.0,0.0,10.347795082284387,12.211034694059136,177.32794149502724,0.0,0.0,14.46858598525606,16.934575893379458,307.2201327960972,0.0,0.0,233.77821492121388,274.6979680560705,4564.937383357912,0.0,0.0,36.152572554105677,42.23596733674179,823.2424064058314,0.0,0.0,186.80484179028907,220.62082547791327,3117.3257487280545,47.216978314996357,32.38475878943509,309.70431509429866,362.5733926818368,7530.643184436127,0.0,0.0,192.0421812803933,227.11184306250147,3063.715878406776,1279.0087758559053,21.658611667347836,42.07977475713582,21.75,30.0,0.0,21.151157956806473,52.861079851140569,21.0,30.0,1781.7030526286247,21.579381618621995,41.660250313274428,21.5,30.0,0.0,20.798755522063844,44.07001786544256,16.0,30.0,0.0,17.144097189160577,56.0076394122075,12.0,30.0,0.0,19.278411940282138,54.694231795454758,19.0,30.0,0.0,18.384346133345276,51.893648495786489,10.0,30.0,312.81443674492126,20.095931966124334,47.87568588365061,19.7,30.0,0.0,16.91257666361944,57.17654137392142,16.0,30.0,0.0,19.026455709427425,0.0,0.0,0.0,16.516830655094986,0.0,0.0,630.035914806141,1156.946556623819,599.2387820289284,612.2457248051562,621.4774867552774,969.0016903064945,633.2533363075231,698.801761728326,639.1283448863197,9583.54578979618,81.66804508219669,85.1520805520888,270.0,0.0,270.0,270.0,21.0,16.0,19.0,16.0,19.7,12.0,21.0,10.0,1.0,0.0,1279.0087758559053,0.0,1781.7030526286247,0.0,0.0,0.0,312.81443674492126,0.0,5272.66627112337,3163599.7626740226,4124864.5502345508,81.66804508219669,85.21125104057157,0.34575554237077907,0.7659251745019573,0.36028137401965956,85.21125104057157,0.3542647819438875,4124864.5502345508,0.22362795661219668 
 03/20  20:00:00,8.45,84.0,7.18,0.0,0.0,0.0,0.0,1.0,2.0,0.0,0.0,4.0,0.0,0.0,0.0,2732.0,0.0,0.0,0.0,0.0,0.0,0.0,0.0,0.0,0.0,0.0,0.0,21.082037357624679,-653.0790527534507,20.671964996737179,-70.48280905398171,21.289645691657826,-1165.0874125529034,20.205003287224057,291.9756080181171,17.108742203193154,18.716391495753727,19.000851228066254,-35.79471968739631,18.171875623679236,39.46608693944904,19.279660815578056,-194.6629831528506,17.041904742282694,-71.23812246130524,953.2820279247626,879.0782455984147,0.0,0.0,0.0,0.0,0.0,0.0,0.0,0.0,0.0,0.0,0.0,0.0,0.0,0.0,0.0,0.0,0.0,0.0,0.0,0.0,0.0,0.0,1.3002277988077676,0.3968949324810035,227.18273914763589,264.6982974864403,5770.2261263832019,0.1721074075896183,0.02626791935128485,20.279331349216695,23.593334310631535,509.9400470896246,1.3150732498932008,0.24850212583015897,328.4531601691898,382.02422235270759,8495.249815336118,0.30790809344217087,0.05818369112663848,214.97696556261608,250.23673309383913,5249.551082044706,0.0,0.0,10.364933723619118,12.233455909756416,179.94983652707914,0.0,0.0,14.4077869593428,16.869079232653616,307.5256217511493,0.0,0.0,238.76448907392325,280.6922570143372,4698.248602248563,0.0,0.0,43.38963531810243,50.63123998209754,1026.7973477630786,0.0,0.0,195.2936953154358,230.7267901430616,3300.539386752159,46.94315694835849,32.196952639477718,322.83199338077488,378.3182575858379,7935.326976839879,0.0,0.0,201.34726402255638,238.10656174780099,3297.7242695753759,895.712738568616,21.474564387533247,42.37231452854826,21.5,30.0,0.0,21.13157571879402,52.89017129125527,21.0,30.0,1508.0146548200319,21.724065657542199,40.64089737251348,21.5,30.0,0.0,20.787951941528303,44.010014551371529,16.0,30.0,0.0,17.14117974713808,56.186772780067119,12.0,30.0,0.0,19.215635701886784,55.30894875334412,19.0,30.0,0.0,18.34115451302685,52.05091221201543,10.0,30.0,452.31388116760845,20.432773885445678,46.825087819409997,20.2,30.0,0.0,16.90330919142398,57.27880313109705,16.0,30.0,0.0,19.093941151860933,0.0,0.0,0.0,16.61671683447806,0.0,0.0,636.5647530786845,1169.281978081259,583.811954235613,622.1656985902487,633.9109822091848,999.3269497757159,645.1152575059136,705.3236716833504,652.0155216797988,9261.23835602051,81.88119625027093,83.6714679331479,270.0,0.0,270.0,270.0,21.0,16.0,19.0,16.0,19.7,12.0,21.0,10.0,1.0,0.0,895.712738568616,0.0,1508.0146548200319,0.0,0.0,0.0,452.31388116760845,0.0,2709.2840713551329,1625570.4428130796,2108961.2429724705,81.88119625027093,83.70187268961726,0.3453094690451711,0.7689698235753222,0.36028137401965956,83.70187268961726,0.3542647819438875,2108961.2429724705,0.11875598463456848 
 03/20  20:10:00,8.315,83.83333333333333,7.148333333333333,0.0,0.0,0.0,0.0,0.0,2.0,0.0,0.0,4.0,0.0,0.0,0.0,2732.0,0.0,0.0,0.0,0.0,0.0,0.0,0.0,0.0,0.0,0.0,0.0,21.034108646761113,-520.7319154935,20.664121370062636,-74.2119050698592,21.341389761759495,-1339.865174835017,20.214742613605034,279.13767043692777,17.10411868044999,18.378885572403619,19.05488762854771,-37.01379523242635,18.17059238401133,55.46727335173682,18.6901451250729,-78.87071644802896,17.022184705613087,-108.47279137784608,996.4887244247423,801.243645144559,0.0,0.0,0.0,0.0,0.0,0.0,0.0,0.0,0.0,0.0,0.0,0.0,0.0,0.0,0.0,0.0,0.0,0.0,0.0,0.0,0.0,0.0,1.3387836753455669,0.4086641255633599,231.40644039923564,269.72022641968388,5926.688935699322,0.17933450501136129,0.027370956198315218,20.273108307229554,23.587681842742076,515.1024085092903,1.3486285130408269,0.25484287850355777,351.5755450103559,408.92090488040898,9192.891069189847,0.3122317033840448,0.05900069980802054,206.87848149547347,240.83993767285379,5111.985102594439,0.0,0.0,10.31130904408424,12.171266656915018,181.70407073071238,0.0,0.0,14.486451239254916,16.95833861812339,314.9850680779573,0.0,0.0,238.74743307214303,280.6780027636391,4764.454512097218,0.0,0.0,28.83286474878257,33.76702115136299,632.5258028963633,0.0,0.0,189.0268000157019,223.34118720052568,3236.9379308605246,46.97397505461356,32.21808988656624,331.7814589619226,388.90870789802787,8220.420868519685,0.0,0.0,193.56455456161113,229.04765785662537,3159.0057088766354,754.2563783282101,21.455513948171217,42.069415593291157,21.5,30.0,0.0,21.122793803817609,52.66917925226411,21.0,30.0,1675.6153858245503,21.721434188412596,40.28465100544321,21.5,30.0,0.0,20.797151802746808,43.57897363451459,16.0,30.0,0.0,17.136338563122263,56.21331370679518,12.0,30.0,0.0,19.283587602612064,55.3354866707306,19.0,30.0,0.0,18.34685272897101,51.79034137451595,10.0,30.0,0.0,19.396122935493627,49.14235070493601,12.0,30.0,0.0,16.878804444472235,57.20633712221234,16.0,30.0,0.0,19.06414408776237,0.0,0.0,0.0,16.449093480109164,0.0,0.0,633.6016247627604,1171.3682352562406,583.9386355013128,619.4216520497175,643.4360116403232,1024.746232466738,648.7733192480858,673.5403269894882,658.063227837019,8235.090487957119,82.55954829773776,84.3809019236953,570.0,0.0,570.0,570.0,21.0,16.0,19.0,16.0,12.0,12.0,21.0,10.0,1.0,0.0,754.2563783282101,0.0,1675.6153858245503,0.0,0.0,0.0,0.0,0.0,2756.271743522348,1653763.0461134089,2148032.8296963416,82.55954829773776,84.41183455474315,0.34687572478407827,0.7700037500640684,0.36028137401965956,84.41183455474315,0.3542647819438875,2148032.8296963416,0.13079270714420977 
 03/20  20:20:00,8.18,83.66666666666667,7.116666666666667,0.0,0.0,0.0,0.0,0.0,2.0,0.0,0.0,4.0,0.0,0.0,0.0,2732.0,0.0,0.0,0.0,0.0,0.0,0.0,0.0,0.0,0.0,0.0,0.0,21.176044483693525,-552.8387545780468,20.654998225453534,-71.58250555294456,21.36692021493127,-1350.3055434000394,20.221239097894526,282.75533728203177,17.098455977573559,18.232216363140056,19.12307722385347,-40.51581095850037,18.162730086358736,51.1057742374046,18.28111297771911,-34.153646427207608,16.984531016153583,-119.55356250317459,1001.3588468966445,792.6763415111443,0.0,0.0,0.0,0.0,0.0,0.0,0.0,0.0,0.0,0.0,0.0,0.0,0.0,0.0,0.0,0.0,0.0,0.0,0.0,0.0,0.0,0.0,1.3696382763527347,0.41808250193917426,230.91490650794044,269.11925960572,6000.501286792588,0.18665975353212678,0.02848897337181422,20.148688695660334,23.449512234749379,517.0908044616748,1.374865644810695,0.25980076432552826,342.48604683186087,398.36585446169536,9046.42306639807,0.3172998103389546,0.059958391976370848,211.433044603097,246.1864986566119,5282.161546854386,0.0,0.0,10.28441718349156,12.140309088555636,183.8854446624887,0.0,0.0,14.669570715657582,17.16666383790207,325.79815355739449,0.0,0.0,241.5446505161734,284.01242609884175,4878.93066176022,0.0,0.0,20.4149125183604,23.964804592988889,427.01733703706096,0.0,0.0,188.58950407718857,222.89142069310635,3261.893012874223,47.009247775943908,32.242282425201597,328.92437876842907,385.60932707228286,8247.415729953076,0.0,0.0,192.2797097758623,227.6165877654488,3159.826384094147,978.7016048292803,21.582837596402358,41.417340202331029,21.5,30.0,0.0,21.11113910385916,52.32562512189091,21.0,30.0,1676.034498200739,21.72609270513925,39.96910615184939,21.5,30.0,0.0,20.803722530826044,43.21344666383144,16.0,30.0,0.0,17.13031479676443,56.1363597735805,12.0,30.0,0.0,19.387293582873299,55.09447876405508,19.0,30.0,0.0,18.33310598762133,51.44608189344605,10.0,30.0,0.0,18.720487166646526,50.7161902542415,12.0,30.0,0.0,16.828170177120059,56.98550937782143,16.0,30.0,0.0,19.0333872095531,0.0,0.0,0.0,16.367285282268097,0.0,0.0,632.4529825145551,1167.6430148040575,584.3191502000537,618.5886542348553,650.272493787336,1042.6350909222784,646.29037638904,655.8371469055194,655.0785319544598,9206.898395130043,81.91696340685948,85.51403477031909,570.0,0.0,570.0,570.0,21.0,16.0,19.0,16.0,12.0,12.0,21.0,10.0,1.0,0.0,978.7016048292803,0.0,1676.034498200739,0.0,0.0,0.0,0.0,0.0,5443.538994382841,3266123.3966297048,4269546.316480251,81.91696340685948,85.57512498352806,0.35145129981276138,0.7655784121815235,0.36028137401965956,85.57512498352806,0.3542647819438875,4269546.316480251,0.24088974179030643 
 03/20  20:30:00,8.045,83.5,7.085,0.0,0.0,0.0,0.0,0.0,2.0,0.0,0.0,4.0,0.0,0.0,0.0,2050.0,0.0,0.0,0.0,0.0,0.0,0.0,0.0,0.0,0.0,0.0,0.0,21.136106235857363,-693.691353394237,20.64725183984585,-88.86256093420806,20.897082485321698,-738.4322780090397,20.216257095753819,172.60330759917205,17.09131658046451,17.86450052538132,19.169377849403227,-43.95099022193172,18.17183550142284,31.96425186014069,18.003732830400325,-17.957409734180407,16.94642007028211,-121.34712067947896,1013.6296431941976,801.3814237893148,0.0,0.0,0.0,0.0,0.0,0.0,0.0,0.0,0.0,0.0,0.0,0.0,0.0,0.0,0.0,0.0,0.0,0.0,0.0,0.0,0.0,0.0,1.3856074648299353,0.4229571015964393,192.21549525294959,223.5279484884759,5075.702234574964,0.18855827943151885,0.02877873617697173,21.04271040502936,24.435468839370779,545.2394113566793,1.4191577072331865,0.2681703906336331,285.3119000236029,332.2247232030844,7364.97544001978,0.3182169213857287,0.06013169338354658,229.2017578176953,267.2871277129068,5766.412155807044,0.0,0.0,10.244386094463867,12.090661311057702,185.7813595575008,0.0,0.0,14.596022104134326,17.071418951582659,329.9917539460058,0.0,0.0,243.26783611153983,285.89171948742497,4985.549638316529,0.0,0.0,16.80257139830157,19.758250702888377,342.81001112884476,0.0,0.0,188.59513503868545,222.81770980618917,3295.018785776495,47.012890678854649,32.244780986868757,280.5849576699818,329.09134581668476,7129.208505977374,0.0,0.0,191.89975251789719,227.0859861460135,3186.0819063028204,757.2480887379302,21.576974929523698,41.46021474789417,21.333333333333326,29.99999999999999,0.0,21.101187061646259,52.48187660941957,20.999999999999994,29.99999999999999,355.103774226399,21.113351102157439,41.565276918619279,20.999999999999994,29.99999999999999,0.0,20.787471399029586,42.91443615970687,15.999999999999993,29.99999999999999,0.0,17.12210200172522,55.96665045184754,11.999999999999995,29.99999999999999,0.0,19.456415158188187,54.73170691862305,18.999999999999994,29.99999999999999,0.0,18.348029213140906,51.201103151056759,9.999999999999997,29.99999999999999,0.0,18.287635749343598,51.84277590066901,11.999999999999995,29.99999999999999,0.0,16.77885090363052,56.964041786756727,15.999999999999993,29.99999999999999,0.0,19.039483863516148,0.0,0.0,0.0,16.316802320418448,0.0,0.0,645.4261570986653,1190.6983996141783,595.891395967099,613.5510230296349,652.4294421676259,1046.0621030004555,645.0251126461125,651.4853107580965,654.3100233490425,5501.57672596398,81.83780625968241,81.83780625968241,569.9999999999998,0.0,569.9999999999998,569.9999999999998,21.0,16.0,19.0,16.0,12.0,12.0,21.0,10.0,1.0,0.0,757.2480887379302,0.0,355.103774226399,0.0,0.0,0.0,0.0,0.0,0.0,0.0,0.0,81.83780625968241,81.83780625968241,0.2266666666666666,0.4632349786687065,0.24018758267977295,81.83780625968241,0.2361765212959249,0.0,0.018651666666666668 
 03/20  20:40:00,7.91,83.33333333333333,7.053333333333334,0.0,0.0,0.0,0.0,0.0,2.0,0.0,0.0,4.0,0.0,0.0,0.0,2736.0,0.0,0.0,0.0,0.0,0.0,0.0,0.0,0.0,0.0,0.0,0.0,21.02460139429747,-197.89880141036265,20.629942789955537,-73.64023602451022,21.36695568330378,-1742.7194875959315,20.246529612112757,428.3274647629467,17.08352957428394,16.31664479796313,19.203487538709778,-46.42462153831238,18.110881457002749,41.3065071635206,17.8218003319003,-10.431614315571398,16.912756331492028,-124.00143298951643,1054.0304942878934,768.406360295909,0.0,0.0,0.0,0.0,0.0,0.0,0.0,0.0,0.0,0.0,0.0,0.0,0.0,0.0,0.0,0.0,0.0,0.0,0.0,0.0,0.0,0.0,1.4527117273983064,0.44344069822903139,227.01199055671786,264.67352238062179,5978.907370843795,0.21399806851156176,0.032661487868065,19.1359188718626,22.263291365998897,501.17803276705106,1.310168943195709,0.247575386091404,386.65821701943715,449.69042568580559,10532.056866311099,0.32045399004754857,0.060554419888047727,273.307541836882,318.6641420989292,7011.13848409823,0.0,0.0,10.066665579173428,11.886179841696296,185.0937832513297,0.0,0.0,14.104507138599449,16.502048270187467,323.9945238490256,0.0,0.0,237.3496736550785,279.1811011856412,4883.630119921039,0.0,0.0,12.585416372885535,14.81758750679586,253.75406449406595,0.0,0.0,183.23287334541645,216.6430822418079,3236.3662006391839,47.09617778121422,32.30190519973542,372.3295911215119,436.45550331775419,9540.638504995688,0.0,0.0,186.1486960330136,220.4711532630009,3113.446458157373,0.0,21.1891353564901,42.01473977022375,21.000000000000008,30.00000000000001,0.0,21.076746409484728,51.665292494451289,21.000000000000008,30.00000000000001,2057.897607050751,21.70730774417091,40.13292740374438,21.500000000000008,30.00000000000001,0.0,20.888799974214274,42.43729846227202,16.000000000000008,30.00000000000001,0.0,17.113323307631938,55.85961517012257,12.000000000000004,30.00000000000001,0.0,19.50676701561222,54.66933665141624,19.000000000000008,30.00000000000001,0.0,18.2514465787148,51.3168854275894,10.000000000000004,30.00000000000001,0.0,18.030749586513698,52.534515441722188,12.000000000000004,30.00000000000001,0.0,16.738467580424577,56.90080829121756,16.000000000000008,30.00000000000001,0.0,19.130208391210073,0.0,0.0,0.0,16.240905315783157,0.0,0.0,635.5609235035504,1156.8950144440219,606.5514008593374,614.9345216497131,655.8867023510665,1060.888692735347,646.5625102764167,650.7128088992115,655.2372727364257,4938.446828031352,80.64270593370873,82.42999452849679,570.0000000000002,0.0,570.0000000000002,570.0000000000002,21.0,16.0,19.0,16.0,12.0,12.0,21.0,10.0,1.0,0.0,0.0,0.0,2057.897607050751,0.0,0.0,0.0,0.0,0.0,2704.7743294374465,1622864.5976624678,2105107.065073506,80.64270593370873,82.46034862222723,0.17515914431458166,0.385718114698192,0.18014068700982989,82.46034862222723,0.1771323909719439,2105107.065073506,0.12789556738382233 
 03/20  20:50:00,7.7749999999999999,83.16666666666667,7.0216666666666669,0.0,0.0,0.0,0.0,0.0,2.0,0.0,0.0,4.0,0.0,0.0,0.0,1370.0,0.0,0.0,0.0,0.0,0.0,0.0,0.0,0.0,0.0,0.0,0.0,21.206270999382775,-930.6548638334853,20.623597402676205,-72.50987461445237,20.999548405382308,-913.2570695291361,20.14950627945484,12.809584292134787,17.073185946182578,16.24438916560095,19.2276454369468,-51.62344477379611,18.117648879780515,74.51177437086153,17.66529543131876,-12.887327365720239,16.876420194461234,-123.04185197857942,1180.1203013098285,773.6320792179008,0.0,0.0,0.0,0.0,0.0,0.0,0.0,0.0,0.0,0.0,0.0,0.0,0.0,0.0,0.0,0.0,0.0,0.0,0.0,0.0,0.0,0.0,1.4115225569621855,0.4308676913803985,288.9355191182476,335.25466900878,7919.704295950682,0.20918550751297278,0.03192697001113748,19.04985901906177,22.132467907893678,503.91503409900477,1.5015645908362739,0.2837423641036044,431.18292729870429,501.36517822110729,11523.007707768922,0.3178629449615362,0.06006480441450039,207.95876313414068,242.4891496660805,5320.125800071208,0.0,0.0,10.363268051072723,12.218989830887349,193.14089336597255,0.0,0.0,14.693624582369403,17.159515623090365,342.5592049571518,0.0,0.0,239.44809478415429,281.2250015115667,5008.073566698101,0.0,0.0,12.17638286981872,14.322098154055542,243.49066539153547,0.0,0.0,180.89801574499033,213.62993882859855,3228.654658606242,47.108732830770218,32.31051634483555,411.2460319925884,481.3866773883997,10497.346721372374,0.0,0.0,185.18019604993794,219.07873494676739,3122.975960030866,1323.7918977360258,21.680621764583586,40.487992707164369,21.5,30.0,0.0,21.07229692356487,51.584989159028378,21.0,30.0,1454.0010790846127,21.325894105678228,41.07650724622451,21.5,30.0,0.0,20.658337988947687,42.93382937012911,16.0,30.0,0.0,17.101081865222946,55.715040545163279,12.0,30.0,0.0,19.542556510077107,54.45172252335432,19.0,30.0,0.0,18.284984759001508,51.13090649345952,10.0,30.0,0.0,17.809882540459616,53.119651963148509,12.0,30.0,0.0,16.692797362581595,56.91544917455769,16.0,30.0,0.0,19.36093413997152,0.0,0.0,0.0,16.171850499562486,0.0,0.0,628.1943984303821,1165.2377730830027,611.5821823319814,617.6953828715136,658.1081884571293,1065.258364390716,649.4380465563468,651.2369478223393,656.475604086482,8230.798923950773,82.5622545527437,85.99105592534633,570.0,0.0,570.0,570.0,21.0,16.0,19.0,16.0,12.0,12.0,21.0,10.0,1.0,0.0,1323.7918977360258,0.0,1454.0010790846127,0.0,0.0,0.0,0.0,0.0,5189.160144941011,3113496.086964607,4047358.2512785608,82.5622545527437,86.04928835549251,0.34297200483136705,0.7656002910353086,0.36028137401965956,86.04928835549251,0.3542647819438875,4047358.2512785608,0.2287659623998185 
 03/20  21:00:00,7.64,83.0,6.99,0.0,0.0,0.0,0.0,0.0,2.0,0.0,0.0,4.0,0.0,0.0,0.0,2055.0,0.0,0.0,0.0,0.0,0.0,0.0,0.0,0.0,0.0,0.0,0.0,21.32423701020956,-1530.7779859786209,20.623098762337464,-64.92914755802058,21.119607371948214,-283.8485253075047,20.05469885942651,327.0461235255852,17.06513844641323,18.777860773538916,19.235117333545895,-59.763146364300698,18.18679751327945,85.10478155003094,17.535458281237469,-36.51544522813219,16.84936608425622,-112.15274700742288,1033.621875812975,858.5751272863367,0.0,0.0,0.0,0.0,0.0,0.0,0.0,0.0,0.0,0.0,0.0,0.0,0.0,0.0,0.0,0.0,0.0,0.0,0.0,0.0,0.0,0.0,1.3880102225199494,0.42369054411475906,283.42358723833368,329.19201967342146,7907.793018750097,0.23077659972570903,0.035222313755450127,15.769628481419416,18.335252570669267,423.0038612157093,1.546571993855493,0.2922471643717866,298.8669869273051,347.87535394929025,8045.642160713708,0.365189063380017,0.06900775952003348,283.71476224706978,331.1220517417146,7237.920101631438,0.0,0.0,10.946650311914063,12.921154383067222,206.79753820734363,0.0,0.0,15.775977874823813,18.446373716027684,372.18267105368076,0.0,0.0,256.25786140588078,301.1473027208654,5485.192275469693,0.0,0.0,15.337559643132569,18.06289302073746,305.42315677375458,0.0,0.0,189.526906497211,224.0522261811197,3423.2994282928987,47.1926146112629,32.3680484302215,311.6610942838597,365.6706522616442,8037.39520984029,0.0,0.0,201.18197232311617,238.16921977766249,3475.71896840464,1773.6985326607733,21.818874149451426,39.53200711163224,22.000000000000019,30.00000000000002,0.0,21.076413121172899,52.33520232552425,21.000000000000015,30.00000000000002,0.0,21.28694928610011,40.87046385727122,21.000000000000015,30.00000000000002,0.0,20.560712708397554,43.12953118849377,16.000000000000015,30.00000000000002,0.0,17.094365774080069,55.4658763613879,12.00000000000001,30.00000000000002,0.0,19.550272700235106,53.89594636355056,19.000000000000015,30.00000000000002,0.0,18.40321555765547,50.31445327521644,10.000000000000007,30.00000000000002,0.0,17.63346866196025,53.609975017239239,12.00000000000001,30.00000000000002,0.0,16.665188743689684,56.80865401131671,16.000000000000015,30.00000000000002,0.0,18.94820962442926,0.0,0.0,0.0,16.24458844414495,0.0,0.0,610.4958196226381,1217.801335980102,609.4013377179277,621.6013594683527,654.4239611670802,1043.0882036698013,642.161760173373,653.7025038049884,656.9369579568319,9242.538263538561,81.89351670230607,84.1669889282139,570.0000000000005,0.0,570.0000000000005,570.0000000000005,21.0,16.0,19.0,16.0,12.0,12.0,21.0,10.0,1.0,0.0,1773.6985326607733,0.0,0.0,0.0,0.0,0.0,0.0,0.0,3440.6995024621658,2064419.7014772979,2673047.311759443,81.89351670230607,84.20560003401966,0.3413566500820724,0.7696186909085403,0.3602813740196598,84.20560003401966,0.3542647819438878,2673047.311759443,0.15717512687815775 
 03/20  21:10:00,7.611666666666666,82.33333333333334,6.951666666666666,0.0,0.0,0.0,0.0,0.0,2.0,0.0,0.0,4.0,0.0,0.0,0.0,2055.0,0.0,0.0,0.0,0.0,0.0,0.0,0.0,0.0,0.0,0.0,0.0,21.203105786323339,-943.1159720732752,20.6067296171958,-98.29449641553755,21.32362774083594,-1528.5557466662277,20.067371851992424,380.9620329759006,17.057694915642839,18.445090752560096,19.246170134864145,-47.93918522454901,18.146425894366467,12.306531443588025,17.403709755224406,-42.7475656928904,16.840613733573926,-99.80264613335992,1052.9593384905166,860.6758410478494,0.0,0.0,0.0,0.0,0.0,0.0,0.0,0.0,0.0,0.0,0.0,0.0,0.0,0.0,0.0,0.0,0.0,0.0,0.0,0.0,0.0,0.0,1.4312354735710904,0.4368850651926406,262.59662609153289,305.3909725944915,7152.375315958301,0.203362432355363,0.03103822227645956,21.520895871271759,25.04079990187856,574.3166129262419,1.4640354877717637,0.27665069685785417,379.8296707620077,440.7797131780227,10644.629082779451,0.3537516293330721,0.0668464908036795,293.4407749983329,342.09292289326808,7532.192667769577,0.0,0.0,10.286038502582015,12.143271897432186,194.78714283090887,0.0,0.0,15.074328997267278,17.628805094158908,356.9983473711581,0.0,0.0,251.68585570324707,295.9196997623967,5357.745028498137,0.0,0.0,18.97114719275443,22.370564703279535,372.58367822334005,0.0,0.0,185.86484367222858,219.75424792753726,3369.4095113034197,46.881838960259987,32.15489640621399,375.45030095004776,439.72367640128996,9679.286520501293,0.0,0.0,202.1460373285198,239.36798069700229,3499.227876504234,1055.5436961188664,21.516587662093849,40.57324078095806,21.666666666666669,30.0,0.0,21.046824037833276,51.7385803381261,21.0,30.0,2175.5059309811229,21.681209292189089,39.656355884443467,21.666666666666666,30.0,0.0,20.575581322380687,42.93422385675628,16.0,30.0,0.0,17.088060905503139,55.1899178816342,12.0,30.0,0.0,19.568190226204679,53.6676866707053,19.0,30.0,0.0,18.311187908632275,50.15989980229527,10.0,30.0,0.0,17.45215632075548,53.82924025921184,12.0,30.0,0.0,16.669485756079788,56.121094935526219,16.0,30.0,0.0,19.003388915630933,0.0,0.0,0.0,16.232696314633605,0.0,0.0,647.2900460656838,1195.4214325956028,618.8433610145974,635.3718689998091,654.9991911728212,1046.194449874123,642.580551859274,652.2973888418057,649.5619439679996,10138.641985523034,81.30098481137179,85.94960146139583,570.0,0.0,570.0,570.0,21.0,16.0,19.0,16.0,12.0,12.0,21.0,10.0,1.0,0.0,1055.5436961188664,0.0,2175.5059309811229,0.0,0.0,0.0,0.0,0.0,7035.112010524356,4221067.206314614,5502459.115944119,81.30098481137179,86.02855040446144,0.3478370670174786,0.7681358119118273,0.36028137401965956,86.02855040446144,0.3542647819438875,5502459.115944119,0.3041778740290942 
 03/20  21:20:00,7.583333333333334,81.66666666666667,6.913333333333334,0.0,0.0,0.0,0.0,0.0,2.0,0.0,0.0,4.0,0.0,0.0,0.0,2740.0,0.0,0.0,0.0,0.0,0.0,0.0,0.0,0.0,0.0,0.0,0.0,21.186812479839618,-1071.5178804213788,20.5981490598137,-82.89179358073452,20.801556855707234,-470.6049586892211,20.161524638798804,165.13614623329273,17.04863171509466,17.3575503282986,19.25441425310579,-53.48921575386218,18.108408649315054,51.066273052171258,17.29819181528274,-42.28972682209994,16.821893183625819,-108.2826451711453,950.6618108257233,853.9111775391814,0.0,0.0,0.0,0.0,0.0,0.0,0.0,0.0,0.0,0.0,0.0,0.0,0.0,0.0,0.0,0.0,0.0,0.0,0.0,0.0,0.0,0.0,1.441319255150491,0.43996314259783,205.22327638917748,238.58461979724889,5675.725953802923,0.2154949547831459,0.03288995036372801,19.20940120440096,22.352117200208327,514.2689668429466,1.505770740041298,0.2845371768785523,254.22635532489799,296.4267522775876,6798.82895157534,0.3394685110164667,0.0641474888542076,239.36438681978295,279.43315431632888,6207.064287546677,0.0,0.0,10.332779993557269,12.206115155817124,196.07230679808678,0.0,0.0,14.642079550544132,17.132914574623194,347.8940101423477,0.0,0.0,251.91663594407027,296.40014275066917,5355.740737951359,0.0,0.0,20.161141311271359,23.793766097197769,391.75738454579956,0.0,0.0,183.06552488245036,216.58803779390645,3322.6317746052138,46.68846442909694,32.022266412275,257.17986634420466,302.17367563397399,6774.186892337076,0.0,0.0,200.5631712812757,237.67301260236065,3462.637600934933,1406.7773005539437,21.5447506987545,40.09427251103571,21.75,30.0,0.0,21.036288682200053,51.49693807537309,21.0,30.0,30.10030790562223,21.077732153262553,41.01502338709279,21.0,30.0,0.0,20.714982338704048,42.347363862763518,16.0,30.0,0.0,17.078806378067143,54.959294697057419,12.0,30.0,0.0,19.57921795540161,53.455870167238519,19.0,30.0,0.0,18.267879602824043,50.20352140930232,10.0,30.0,0.0,17.31691431027078,53.9737085359903,12.0,30.0,0.0,16.65131804532163,56.02704641560044,16.0,30.0,0.0,18.795781182883986,0.0,0.0,0.0,16.180441558156354,0.0,0.0,639.6653405026094,1194.8799778344179,623.4777036136663,636.2107329636158,656.7874035178957,1049.5072525441943,649.9691110119853,653.117569031744,655.4097031887214,8226.916521102936,82.5650236586986,82.5650236586986,570.0,0.0,570.0,570.0,21.0,16.0,19.0,16.0,12.0,12.0,21.0,10.0,1.0,0.0,1406.7773005539437,0.0,30.10030790562223,0.0,0.0,0.0,0.0,0.0,0.0,0.0,0.0,82.5650236586986,82.5650236586986,0.34,0.7692731439569724,0.36028137401965956,82.5650236586986,0.3542647819438875,0.0,0.017384999999999999 
 03/20  21:30:00,7.555,81.0,6.875,0.0,0.0,0.0,0.0,0.0,2.0,0.0,0.0,4.0,0.0,0.0,0.0,2740.0,0.0,0.0,0.0,0.0,0.0,0.0,0.0,0.0,0.0,0.0,0.0,21.32992081490967,-556.7712436164574,20.597069104822503,-49.32419287616635,21.337650997891236,-2042.9100106805459,20.231922181132619,548.8990362926757,17.039345302822903,18.73293388874849,19.256270653632805,-59.72815957026614,18.13037370688093,64.97308632905151,17.20244169293722,-43.64165603547133,16.799706603069855,-107.91188617127,1160.9428524773962,899.5434824676718,0.0,0.0,0.0,0.0,0.0,0.0,0.0,0.0,0.0,0.0,0.0,0.0,0.0,0.0,0.0,0.0,0.0,0.0,0.0,0.0,0.0,0.0,1.451800842905556,0.44316265045957139,202.6196657170484,235.7128326531371,5702.503476269634,0.2524327842373019,0.03852759222181044,13.046080470861523,15.182612564369374,353.06310921914777,1.414819648338374,0.2673506516134495,417.1987259779311,485.2192894878297,11728.501880984602,0.3653855065943069,0.06904488030882593,345.2989167815015,402.84371390181618,9078.923164314625,0.0,0.0,10.73981740259784,12.688953219748843,204.23070149624497,0.0,0.0,15.291591274223333,17.89503203135552,364.2554666516056,0.0,0.0,260.51609276374747,306.52088220878695,5576.537504294966,0.0,0.0,22.472128468531225,26.539621885056055,432.744266881186,0.0,0.0,186.74395922922086,220.98631736479104,3391.8461634741709,46.75183507196937,32.065730502036618,402.1894974152823,471.7363933989497,10478.366396169604,0.0,0.0,206.86333730755715,245.16837607994496,3586.083490011698,640.598071459403,21.7280710742442,39.17066706124954,21.5,30.0,0.0,21.045804316893418,52.13819302475628,21.0,30.0,2827.54813809099,21.879334473628007,38.437075122129687,22.0,30.0,0.0,20.89821027115751,41.27789147130579,16.0,30.0,0.0,17.069784608025559,54.597057720729569,12.0,30.0,0.0,19.58092780797048,52.99987879760501,19.0,30.0,0.0,18.313820498065114,49.45611502858127,10.0,30.0,0.0,17.19479003579601,53.944044794545728,12.0,30.0,0.0,16.628225071471158,55.52462713024373,16.0,30.0,0.0,19.312967945170006,0.0,0.0,0.0,16.186762539129775,0.0,0.0,631.423210667538,1248.5419250712158,617.6153791327831,632.944153258497,657.0205234619459,1041.5903063750464,646.0493084121658,655.3314899389648,655.8376804969997,10124.712326991079,81.31022043049403,84.77281977163139,570.0,0.0,570.0,570.0,21.0,16.0,19.0,16.0,12.0,12.0,21.0,10.0,1.0,0.0,640.598071459403,0.0,2827.54813809099,0.0,0.0,0.0,0.0,0.0,5240.257403903343,3144154.4423420059,4073184.7255634015,81.31022043049403,84.83162620348483,0.3446752467967782,0.769718250116979,0.36028137401965956,84.83162620348483,0.3542647819438875,4073184.7255634015,0.22852560572929687 
 03/20  21:40:00,7.526666666666666,80.33333333333334,6.836666666666666,0.0,0.0,0.0,0.0,0.0,2.0,0.0,0.0,4.0,0.0,0.0,0.0,2740.0,0.0,0.0,0.0,0.0,0.0,0.0,0.0,0.0,0.0,0.0,0.0,21.260201805910925,-693.874926023424,20.598471401742857,-70.90962894051052,21.29912557661462,-1300.919232448257,20.22502735767869,222.2737944745254,17.02922805778713,17.10228386729193,19.259451780881745,-53.62609029026484,18.093369763322415,52.42555541322872,17.121016090076247,-43.43752929859218,16.77593839372888,-122.07753996744782,1051.5286479303973,866.6038928601806,0.0,0.0,0.0,0.0,0.0,0.0,0.0,0.0,0.0,0.0,0.0,0.0,0.0,0.0,0.0,0.0,0.0,0.0,0.0,0.0,0.0,0.0,1.461353252701614,0.44607852646569426,231.16317178854573,268.9572249316737,6473.903012690054,0.22136376653860408,0.0337856786536331,18.416402009410058,21.466291832902919,495.8074432106561,1.4877498223890263,0.2811318636411615,358.568813325621,417.1093168629671,9965.97462870349,0.3366738953139101,0.06361940576604497,218.39790118949774,254.54627278844886,5736.99134716868,0.0,0.0,10.433821326773304,12.327206845097344,198.8010267986221,0.0,0.0,15.511597732876967,18.150443543697369,370.6326032828478,0.0,0.0,252.64041942483494,297.33352044144308,5390.883985096538,0.0,0.0,22.820931105890368,26.962723194639677,436.4315758087655,0.0,0.0,180.17444538407774,213.25195334998103,3273.5905718590176,46.39518682088864,31.821115789361224,340.3417745426515,399.11600645631088,8994.032672147088,0.0,0.0,200.73267766818396,238.00496391622245,3453.6967138841725,941.0312347825657,21.61644846874784,39.46501115459147,21.5,30.0,0.0,21.046504757339457,51.52440220855223,21.0,30.0,1560.572605681377,21.69353873512351,38.30120085295222,21.5,30.0,0.0,20.807238161627358,41.239100055013988,16.0,30.0,0.0,17.05902856760919,54.26873061322007,12.0,30.0,0.0,19.588651680144957,52.80449771022825,19.0,30.0,0.0,18.24647913768945,49.37081271812906,10.0,30.0,0.0,17.096355435892794,53.810293448906879,12.0,30.0,0.0,16.601492362753004,55.18129667709583,16.0,30.0,0.0,19.175680676915133,0.0,0.0,0.0,16.08966498054708,0.0,0.0,651.3977052182046,1236.2462658541727,610.3572179431983,637.8816326136652,660.4121487975701,1051.4221810157783,653.6147461173441,657.0079366891882,658.2512521305491,7929.370672173908,82.76183300271708,82.76183300271708,570.0,0.0,570.0,570.0,21.0,16.0,19.0,16.0,12.0,12.0,21.0,10.0,1.0,0.0,941.0312347825657,0.0,1560.572605681377,0.0,0.0,0.0,0.0,0.0,0.0,0.0,0.0,82.76183300271708,82.76183300271708,0.34,0.7703810822048958,0.36028137401965956,82.76183300271708,0.3542647819438875,0.0,0.016055 
 03/20  21:50:00,7.498333333333333,79.66666666666667,6.798333333333334,0.0,0.0,0.0,0.0,0.0,2.0,0.0,0.0,4.0,0.0,0.0,0.0,2742.0,0.0,0.0,0.0,0.0,0.0,0.0,0.0,0.0,0.0,0.0,0.0,21.047757299864487,-320.28260193611416,20.583502678415088,-113.89037016710475,21.40119120455148,-1998.2279636737065,20.194982630574903,253.75244634503378,17.017809565681806,16.198293961033686,19.263441178022818,-42.546516022358648,18.035092618920705,-31.98192498569324,17.049890673111145,-40.59587932818951,16.74823647922497,-118.16573753072339,991.092424041407,869.2485404446732,0.0,0.0,0.0,0.0,0.0,0.0,0.0,0.0,0.0,0.0,0.0,0.0,0.0,0.0,0.0,0.0,0.0,0.0,0.0,0.0,0.0,0.0,1.5212350185152568,0.4643574537592358,209.77059226541042,244.18044397249938,5762.081522483997,0.1926963584423727,0.029410311117578259,25.11315791789523,29.248174541679999,673.6308125000688,1.4055428534306854,0.2655976669370155,332.67587998946189,386.9532143978006,9240.124415397679,0.31820263082315516,0.06012899297489702,205.68023529346406,239.7716142131112,5399.332491021631,0.0,0.0,9.65345295294081,11.409067732246914,184.2622277321084,0.0,0.0,14.402939766654506,16.857558438767648,345.22252077932139,0.0,0.0,246.26666797192144,290.01904090017947,5213.551515258878,0.0,0.0,22.72024976406842,26.85973150302245,432.23086888004908,0.0,0.0,178.83063874935699,211.72967255654334,3248.9940405477998,46.00649533391621,31.554523548639386,316.7914542083423,371.40314812330436,8393.469484679414,0.0,0.0,199.69233217837249,236.86718203971064,3426.3160400820217,594.6320997973588,21.307720783071887,40.24395441344382,21.25,30.0,0.0,21.020359990360939,50.38871774409998,21.0,30.0,2194.2313042029165,21.670208670220356,37.245307414076808,21.5,30.0,0.0,20.756098201922293,40.78834957879321,16.0,30.0,0.0,17.046811636105816,54.028452136697648,12.0,30.0,0.0,19.597943172150857,52.7900149329196,19.0,30.0,0.0,18.130343219773104,49.558411531667,10.0,30.0,0.0,17.013356185457316,53.695122597658009,12.0,30.0,0.0,16.57081079797469,54.96625067277188,16.0,30.0,0.0,18.75942607381262,0.0,0.0,0.0,16.035669323016554,0.0,0.0,672.6563547871621,1192.1780616823403,585.0680006122557,632.6507535606133,667.4271085557116,1072.1854221675977,664.7486239240557,661.5663101103717,665.3417341252591,7421.866055826573,81.99965592788428,83.78412759557927,570.0,0.0,570.0,570.0,21.0,16.0,19.0,16.0,12.0,12.0,21.0,10.0,1.0,0.0,594.6320997973588,0.0,2194.2313042029165,0.0,0.0,0.0,0.0,0.0,2700.515780024478,1620309.4680146869,2103033.320728983,81.99965592788428,83.81443384853611,0.26001719266748266,0.5372277299325876,0.27021103051474468,83.81443384853611,0.2656985864579156,2103033.320728983,0.12481106601124044 
 03/20  22:00:00,7.47,79.0,6.76,0.0,0.0,0.0,0.0,0.0,2.0,0.0,0.0,4.0,0.0,0.0,0.0,2058.0,0.0,0.0,0.0,0.0,0.0,0.0,0.0,0.0,0.0,0.0,0.0,21.071395347047266,-489.674313338613,20.869692193901999,-81.08639969376502,21.410256148023146,-1704.912265395311,20.23627085850478,334.38472300892559,17.004790572510158,16.49485279437919,19.2638032658237,-55.53607410949944,18.034368505705076,48.789197177608659,16.985450029534968,-43.168083376251498,16.71538071014897,-133.66041593289246,1102.4856220793018,903.2912230960906,0.0,0.0,0.0,0.0,0.0,0.0,0.0,0.0,0.0,0.0,0.0,0.0,0.0,0.0,0.0,0.0,0.0,0.0,0.0,0.0,0.0,0.0,1.4605232462373264,0.445825166739111,268.69140885551038,312.8094292088034,7312.725894562904,0.23013288009773165,0.03512406594898228,17.133614498235468,19.90520948325682,476.2633606706135,1.445877395407757,0.27321946247312148,428.4203745955716,497.9959291078761,12055.398723557388,0.3429237584558151,0.06480040787146924,277.03561197864578,323.10395393637278,7316.579982036298,0.0,0.0,10.329659249970602,12.205603046355615,197.49064508752523,0.0,0.0,15.293094050351379,17.891639141405166,367.45677335321695,0.0,0.0,254.05807486808286,299.0365920044014,5413.308814085189,0.0,0.0,23.710358828669876,28.024198809659404,449.0113813177947,0.0,0.0,181.1775314701206,214.43948099518327,3287.4439087597504,46.019679102361049,31.563565913827916,408.1798415855676,478.1449858634786,10786.888417248192,0.0,0.0,202.78330934818286,240.4592077193783,3473.8368384141087,470.7506626006611,21.423450293887894,39.15237090646395,21.000000000000015,30.00000000000002,686.6248570703953,21.2960879292079,49.247075433966227,21.33333333333335,30.00000000000002,1998.5164318939515,21.70167623793452,37.55411600266567,22.000000000000019,30.00000000000002,0.0,20.83536619715327,40.037854473114069,16.000000000000015,30.00000000000002,0.0,17.032300188248806,53.804296507105139,12.00000000000001,30.00000000000002,0.0,19.59782614923105,52.560477998591597,19.000000000000015,30.00000000000002,0.0,18.169830773697229,49.11506014888972,10.000000000000007,30.00000000000002,0.0,16.93854511941749,53.77481670794651,12.00000000000001,30.00000000000002,0.0,16.528626071591196,55.06809417200877,16.000000000000015,30.00000000000002,0.0,19.40816007981456,0.0,0.0,0.0,15.990183668471048,0.0,0.0,645.43091188684,1197.4089090198318,606.7921309634328,621.5207350587143,672.8736510021295,1077.8907578746644,661.6727826805907,669.1925334115626,673.1544367406057,9717.453565826007,81.57954106254155,83.88366920769225,570.0000000000005,0.0,570.0000000000005,570.0000000000005,21.0,16.0,19.0,16.0,12.0,12.0,21.0,10.0,1.0,0.0,470.7506626006611,686.6248570703953,1998.5164318939515,0.0,0.0,0.0,0.0,0.0,3487.0479594448395,2092228.7756669019,2733303.660456218,81.57954106254155,83.92280095277741,0.3429015986481615,0.7666041089678697,0.3602813740196598,83.92280095277741,0.3542647819438878,2733303.660456218,0.15698345701039002 
 03/20  22:10:00,7.385,79.50000000000002,6.67,0.0,0.0,0.0,0.0,0.0,2.0,0.0,0.0,4.0,0.0,0.0,0.0,6860.0,0.0,0.0,0.0,0.0,0.0,0.0,0.0,0.0,0.0,0.0,0.0,21.064953245276727,-805.4435436573192,21.123736043967314,-211.03768175414829,21.00415063303868,-485.97647491381829,20.228153113298235,135.0327261423833,16.991774990769274,13.605143859180818,19.27141077891228,-10.702889580658649,18.08728229426571,119.36101430282106,16.910989210825126,-82.33190091132018,18.17901321207065,-319.1441888501031,914.338356074655,784.6665997745162,0.0,0.0,0.0,0.0,0.0,0.0,0.0,0.0,0.0,0.0,0.0,0.0,0.0,0.0,0.0,0.0,0.0,0.0,0.0,0.0,0.0,0.0,1.5387964386924409,0.4697180826289503,196.3282690155936,228.70843264743827,5446.699526324191,0.11898347672088187,0.018159871294395895,34.984780580473117,40.68254467011772,996.5054981854732,1.562217599942502,0.29520362810704889,230.98661384735676,269.68152945864849,6323.548224241626,0.3340513936729811,0.06312384612112265,197.05466820883189,230.3104470921369,5219.455443638576,0.0,0.0,9.901736201109959,11.713493117076777,190.6979051054716,0.0,0.0,13.499659384817294,15.81974301837977,327.14460938999238,0.0,0.0,178.4214622488272,210.24152341145098,3865.8965265162157,0.0,0.0,35.89154585240439,42.46779917277099,678.2906498072246,0.0,0.0,127.89527981373202,150.44028083434609,2866.1596948563867,45.56034663122993,31.24852306668721,228.30462971935064,268.6913104687409,6207.3907933267059,0.0,0.0,133.94653650012564,159.1434204169512,2280.415596189537,1119.8478733669443,21.317947454691827,39.24744219510135,21.599999999999999,30.0,157.9721870466559,21.843073834883844,45.48432981346754,21.200000000000004,30.0,0.0,21.144605244368884,39.01074641459502,21.000000000000005,30.0,0.0,20.79852037191389,40.185596111412667,15.999999999999999,30.0,0.0,17.018212375925804,53.638085569660827,12.0,30.0,0.0,19.620013727478516,51.468880963589018,19.0,30.0,0.0,18.29538300715884,48.424178423399087,10.0,30.0,0.0,16.841153484156864,53.88788540528589,12.0,30.0,2881.1880907392285,18.58962939818857,48.08376627573449,20.0,30.0,0.0,18.72999971094624,0.0,0.0,0.0,15.742220744310267,0.0,0.0,663.273175471257,1085.5330487320728,629.0274833651347,639.1131320505007,678.8751587655797,1083.4211324522888,673.265169819767,675.6978666817495,675.6012892733832,10332.571048917565,81.17274561745204,84.71875579512046,570.0,0.0,570.0,570.0,21.0,16.0,19.0,19.0,12.0,12.0,21.0,10.0,1.0,0.0,1119.8478733669443,157.9721870466559,0.0,0.0,0.0,0.0,0.0,2881.1880907392285,5366.35958964296,3219815.753785776,4188903.983218705,81.17274561745204,84.77897881988317,0.3488786529880986,0.7677476728401735,0.3602813740196596,84.77897881988317,0.3542647819438876,4188903.983218705,0.23207300712737273 
 03/20  22:20:00,7.300000000000001,80.0,6.58,0.0,0.0,0.0,0.0,0.0,2.0,0.0,0.0,4.0,0.0,0.0,0.0,1372.0,0.0,0.0,0.0,0.0,0.0,0.0,0.0,0.0,0.0,0.0,0.0,21.24196738431801,-1674.1568692294559,20.906742471288277,-145.42115032990376,20.759592104676309,191.94193219974887,20.066972731306025,149.13150608678553,16.975267993137064,15.298632541577235,19.289133990844399,-19.584890905997214,18.188972882586158,137.09053578430759,16.792590896870636,-94.4379134705706,18.437258468383399,-213.1741737601717,976.4253155298284,776.2712550786087,0.0,0.0,0.0,0.0,0.0,0.0,0.0,0.0,0.0,0.0,0.0,0.0,0.0,0.0,0.0,0.0,0.0,0.0,0.0,0.0,0.0,0.0,1.4277119734706108,0.4358095157114197,310.6185462972289,361.16075808200255,8662.251179578312,0.16839783249557206,0.02570174488638157,26.165272155692017,30.433033197826107,734.7027601643117,1.6882492890152903,0.3190191400255652,261.0911841496497,303.9407331303752,7122.626817797534,0.3566297110351192,0.06739034600058941,188.5573608393275,220.08756134584508,4928.926524798042,0.0,0.0,11.096542655156345,13.100233695140368,215.26063511109215,0.0,0.0,13.152668164046379,15.377055283092897,321.87840942178618,0.0,0.0,165.5334938052968,194.41473395875966,3680.0138680779025,0.0,0.0,43.043755338168178,50.87874010884835,806.9730387037876,0.0,0.0,131.30036205377048,153.84122078613707,3084.117767983616,45.29658053194187,31.067613533567824,270.6531183314609,317.47601657886147,7264.251831990533,0.0,0.0,118.08505912614683,139.90350644817623,2035.1883938268034,1794.3082426364748,21.605089254389033,37.74064821451583,22.0,30.0,0.0,21.481278050367164,45.11680330653799,21.0,30.0,0.0,21.010661097132233,39.69950386707038,21.0,30.0,0.0,20.52823911866702,40.977771504567019,16.0,30.0,0.0,16.99852912289423,53.18414544320859,12.0,30.0,0.0,19.65173472656791,49.3958548068471,19.0,30.0,0.0,18.47677823733326,47.50030415068073,10.0,30.0,0.0,16.665788341369223,54.338797205233728,12.0,30.0,9.04047468914225,19.196610450732025,45.63150330530577,19.0,30.0,0.0,18.822531398317716,0.0,0.0,0.0,15.770823659126002,0.0,0.0,630.6308321363247,1019.1057117325072,652.4673768132941,652.2698719717691,677.8873539339052,1071.3162770849224,671.086986163097,684.4477489147129,672.1291364447096,7122.191206439575,83.29525879913406,83.29525879913406,570.0,0.0,570.0,570.0,21.0,16.0,19.0,19.0,12.0,12.0,21.0,10.0,1.0,0.0,1794.3082426364748,0.0,0.0,0.0,0.0,0.0,0.0,9.04047468914225,0.0,0.0,0.0,83.29525879913406,83.29525879913406,0.34,0.7688266758181237,0.36028137401965956,83.29525879913406,0.3542647819438875,0.0,0.01368 
 03/20  22:30:00,7.215,80.5,6.49,0.0,0.0,0.0,0.0,0.0,2.0,0.0,0.0,4.0,0.0,0.0,0.0,2744.0,0.0,0.0,0.0,0.0,0.0,0.0,0.0,0.0,0.0,0.0,0.0,21.244892964019205,-803.8868680219791,20.831101300966734,-89.71902537347937,21.33294115998995,-1718.8379449609416,20.17535506199799,605.8349294048894,16.965889086581016,18.861444717660505,19.28573217548835,-34.715934587350009,18.108250739658648,10.075843726065614,16.73074482469755,-40.07320343415597,18.920050986476335,-612.3429850115974,1068.8866368839209,1218.6793396437288,0.0,0.0,0.0,0.0,0.0,0.0,0.0,0.0,0.0,0.0,0.0,0.0,0.0,0.0,0.0,0.0,0.0,0.0,0.0,0.0,0.0,0.0,1.486660123298967,0.45380345644046618,218.28661655218657,254.33416203460502,6219.570874067058,0.2358779094816787,0.03600090193554315,17.277076622407564,20.13446857547729,487.49068597675457,1.4775262919901183,0.27919997958996958,372.393962478621,433.0871333687866,10823.65041491242,0.3747229382052168,0.07080932316803038,331.2951078700013,386.7037943172589,8885.38713295896,0.0,0.0,11.8828240336765,14.050610745920093,232.35308854731432,0.0,0.0,13.908674228204584,16.286532379322133,342.4914883058135,0.0,0.0,226.47302965399727,266.58201258818937,4989.2716283112,0.0,0.0,46.77388332212775,55.388068068508989,879.7086214055302,0.0,0.0,194.99088855233866,228.29506697444715,4870.872180682498,45.157417651640219,30.97216574186573,368.4059209526908,432.4226606521231,9851.450892351288,0.0,0.0,182.3349445744721,215.95336472458605,3381.3611907515889,1072.0349872413427,21.640982218194166,37.86035095842238,21.75,30.0,0.0,21.365351484864044,46.57611253025804,21.0,30.0,2457.30303308268,21.96363633941922,36.84192887163767,21.75,30.0,0.0,20.78698547054762,39.943845859070709,16.0,30.0,0.0,16.992229255700207,52.806630816718058,12.0,30.0,0.0,19.64527579423324,47.963412184557167,19.0,30.0,0.0,18.292921756430375,47.776023334374958,10.0,30.0,0.0,16.60582138743885,54.136902014288079,12.0,30.0,1494.7497900067484,19.83433346708406,43.59024601550584,19.75,30.0,0.0,19.158097657575028,0.0,0.0,0.0,16.39948535089654,0.0,0.0,641.8675553791408,1090.527882410683,629.7338853833488,643.1000813275559,675.3945570745987,1039.5469351073428,665.52200051716,683.0196241323874,671.2389602916539,8965.74993726583,82.0765384981631,83.86634841821446,570.0,0.0,570.0,570.0,21.0,16.0,19.0,19.0,12.0,12.0,21.0,10.0,1.0,0.0,1072.0349872413427,0.0,2457.30303308268,0.0,0.0,0.0,0.0,1494.7497900067484,2708.5859861524147,1625151.5916914489,2105881.2362099618,82.0765384981631,83.89674533241809,0.34528619953841385,0.7691928287712879,0.36028137401965956,83.89674533241809,0.3542647819438875,2105881.2362099618,0.12261582428291802 
 03/20  22:40:00,7.13,81.0,6.4,0.0,0.0,0.0,0.0,0.0,2.0,0.0,0.0,0.0,0.0,0.0,0.0,4802.0,0.0,0.0,0.0,0.0,0.0,0.0,0.0,0.0,0.0,0.0,0.0,20.68036619724805,-208.1232117751147,20.52229494835874,-389.3123963273313,20.775316716091536,-741.242008439868,20.265126041636394,48.394701347463769,16.956766824123194,16.4986648121775,19.174079311306615,-33.67306727735666,18.062689547926224,17.577500401385536,16.723862808616756,-41.00826758587796,18.435015651809889,-262.33623052889785,991.9022670347683,892.5515750288195,0.0,0.0,0.0,0.0,0.0,0.0,0.0,0.0,0.0,0.0,0.0,0.0,0.0,0.0,0.0,0.0,0.0,0.0,0.0,0.0,0.0,0.0,1.4803413094922318,0.4518746365971407,227.1011671507974,265.3169707094636,6174.950857951449,0.27029584945349058,0.04125394527678431,100.06104725228458,116.89585406949621,2715.880159340247,1.4347394827402296,0.27111479265688429,215.67266232138793,252.0081831600108,5949.06863472624,0.3009937219200266,0.05687712054422273,145.92984134290882,170.68583960067566,3979.1212110951398,0.0,0.0,11.173127606673628,13.225188246377123,220.20986844575186,0.0,0.0,12.168035950144562,14.274271413635886,298.81418196341567,0.0,0.0,184.5706908985152,217.5957228601087,4078.2810741751707,0.0,0.0,43.360709709077699,51.386254845100747,825.2018980618002,0.0,0.0,153.5096081099975,180.50074463462574,3623.0646173769657,44.48129485949654,30.50843268826927,274.81658965176248,323.27125857912207,7548.013516121194,0.0,0.0,143.37146613097537,170.28333381536943,2584.820293165928,0.0,20.808324546724174,41.395802606271939,21.857142857142877,30.00000000000002,0.0,20.852282833117319,41.85968162916073,12.00000000000001,30.00000000000002,0.0,20.956733298912778,39.49248115603906,21.57142857142859,30.00000000000002,0.0,20.863553098674918,39.83740545537145,12.00000000000001,30.00000000000002,0.0,16.98510802017948,52.56400604174182,12.00000000000001,30.00000000000002,0.0,19.518635633222997,47.126703214107127,12.00000000000001,30.00000000000002,0.0,18.225388154624996,48.4474674162907,10.000000000000007,30.00000000000002,0.0,16.633776291257555,53.51322688641669,12.00000000000001,30.00000000000002,0.0,18.982339377041116,46.17550459709114,19.428571428571446,30.00000000000002,0.0,18.810654494117047,0.0,0.0,0.0,16.05204756369997,0.0,0.0,735.6971916464553,775.9500311858565,659.4380116461143,657.5346541947517,678.3142592340222,1012.6262425105542,701.6382784226759,679.1585655276466,692.6942242777013,0.0,82.09608875972916,82.09608875972916,60.00000000000004,0.0,60.00000000000004,60.00000000000004,12.0,12.0,12.0,19.0,12.0,12.0,21.0,10.0,0.0,0.0,0.0,0.0,0.0,0.0,0.0,0.0,0.0,0.0,0.0,0.0,0.0,82.09608875972916,82.09608875972916,0.0,0.0,0.0,82.09608875972916,0.0,0.0,0.00132 
 03/20  22:50:00,7.045,81.5,6.3100000000000009,0.0,0.0,0.0,0.0,0.0,2.0,0.0,0.0,0.0,0.0,0.0,0.0,2058.0,0.0,0.0,0.0,0.0,0.0,0.0,0.0,0.0,0.0,0.0,0.0,20.200799823116328,-180.7791070532553,20.14086362297495,-296.46234882754296,20.294076987869749,-370.43970851267809,19.922239753529909,-125.85982994539981,16.93995311811114,11.550385470807584,19.05732333830511,-23.091688694454548,18.0221033590554,49.79495638603464,16.669990212374687,-69.56084334961587,18.084481974720249,-68.22551642871582,881.1518383098035,631.8768305622025,0.0,0.0,0.0,0.0,0.0,0.0,0.0,0.0,0.0,0.0,0.0,0.0,0.0,0.0,0.0,0.0,0.0,0.0,0.0,0.0,0.0,0.0,1.4534876043195353,0.4436775348960734,277.47866433364029,324.3915433201372,7120.654995301898,0.2602446763818999,0.03971988345267096,149.02585545321666,174.15048723021043,3865.8475987057347,1.3564649281749953,0.25632368257275076,220.44072977224188,257.64686407727376,5717.887983345217,0.26833595283425018,0.050705962364748727,123.47343712137388,144.35772916616586,3210.736200096717,0.0,0.0,9.924131376926852,11.739020969010064,196.9053600182866,0.0,0.0,11.857560538590692,13.90517632167585,289.3929561186771,0.0,0.0,131.02294143685558,154.41198182092433,2903.007754753712,0.0,0.0,40.30092154849715,47.728549732822617,768.6122070621091,0.0,0.0,104.64186232985044,123.22428748895878,2365.4976424913704,43.68874071507895,29.964842740109057,329.3584613206959,386.7451050252343,8636.815593620486,0.0,0.0,96.03959429477115,114.26023117245754,1623.3672897158008,0.0,20.024946614062796,42.20454474378435,22.000000000000019,30.00000000000002,0.0,20.232914340491658,40.99488384503047,12.00000000000001,30.00000000000002,0.0,20.19088871508993,40.88531985631523,22.000000000000019,30.00000000000002,0.0,20.226467640662724,41.12570780701214,12.00000000000001,30.00000000000002,0.0,16.963005847096086,52.56267835074982,12.00000000000001,30.00000000000002,0.0,19.349660652221475,46.807858978376199,12.00000000000001,30.00000000000002,0.0,18.17340034381429,48.144896482907437,10.000000000000007,30.00000000000002,0.0,16.563860497291267,53.775364081032957,12.00000000000001,30.00000000000002,0.0,18.38021443874931,47.98505420855191,20.000000000000015,30.00000000000002,0.0,18.56591724532598,0.0,0.0,0.0,15.358169183343307,0.0,0.0,684.7483962008853,658.1800649718953,643.1770449410992,654.8447883086608,688.9126314890783,1012.1249874225072,695.7242114151745,692.0090898298247,704.2739574939642,0.0,82.09608875972916,82.09608875972916,60.00000000000004,0.0,60.00000000000004,60.00000000000004,12.0,12.0,12.0,19.0,12.0,12.0,21.0,10.0,0.0,0.0,0.0,0.0,0.0,0.0,0.0,0.0,0.0,0.0,0.0,0.0,0.0,82.09608875972916,82.09608875972916,0.0,0.0,0.0,82.09608875972916,0.0,0.0,0.0012100000000000002 
 03/20  23:00:00,6.96,82.0,6.22,0.0,0.0,0.0,0.0,0.0,2.0,0.0,0.0,0.0,0.0,0.0,0.0,2058.0,0.0,0.0,0.0,0.0,0.0,0.0,0.0,0.0,0.0,0.0,0.0,19.9262180549932,-175.94499055961888,19.807140259667393,-293.7021148615321,19.87950464588496,-333.14620830192657,19.63931092145611,-169.7466970388961,16.917383890696589,6.526207565433789,18.97549880957924,-16.995561934520305,18.044204297154225,83.95554565613799,16.569839316454023,-118.32285653756398,17.884795867171318,-94.05942791953756,863.7432440296259,448.74288258019996,0.0,0.0,0.0,0.0,0.0,0.0,0.0,0.0,0.0,0.0,0.0,0.0,0.0,0.0,0.0,0.0,0.0,0.0,0.0,0.0,0.0,0.0,1.3724362309830137,0.4189365784441438,368.9799100217264,432.5997640408407,9300.417266925748,0.2417236626551821,0.03689311090585811,182.42231533138094,213.87845240394968,4602.172692057636,1.2965894729370427,0.24500934862755936,353.00025726063657,414.16531404869957,8827.390327664625,0.25136868038399437,0.04749975063945474,192.5287993391766,225.73122815469427,4883.3720122096469,0.0,0.0,8.581676629212515,10.149914990109643,171.22006564438704,0.0,0.0,11.294089181697116,13.250446173789572,275.30081697831067,0.0,0.0,104.34039997086754,122.89373057776956,2341.9346251520057,0.0,0.0,38.77449774352013,45.94345926935985,734.3371728371521,0.0,0.0,47.235644572725217,55.664209334444468,1044.0540641220283,42.772190056026889,29.336207171486238,499.9166283153156,588.4917934524322,12522.482038679505,0.0,0.0,65.93146110681123,78.54501129757786,1055.7446248453662,0.0,19.63616597567102,42.31784024851974,22.000000000000019,30.00000000000002,0.0,19.701376546399098,41.2249195738883,12.00000000000001,30.00000000000002,0.0,19.543594031834908,41.804545914800488,22.000000000000019,30.00000000000002,0.0,19.748550158930919,42.029868532514658,12.00000000000001,30.00000000000002,0.0,16.932052886035178,52.39368571845056,12.00000000000001,30.00000000000002,0.0,19.245063006114575,46.3782957915711,12.00000000000001,30.00000000000002,0.0,18.235485004146758,46.768887620706028,10.000000000000007,30.00000000000002,0.0,16.407552574880915,54.28457385967526,12.00000000000001,30.00000000000002,0.0,18.048494029291235,48.52078874718804,20.000000000000015,30.00000000000002,0.0,18.56821324197221,0.0,0.0,0.0,14.879650993677006,0.0,0.0,646.8681569028975,613.5674419167493,618.9097931858056,645.7651313157543,690.7392425267963,1010.9767334967594,660.3761365704594,708.1078323431013,696.1406807796261,0.0,82.09608875972916,82.09608875972916,60.00000000000004,0.0,60.00000000000004,60.00000000000004,12.0,12.0,12.0,19.0,12.0,12.0,21.0,10.0,0.0,0.0,0.0,0.0,0.0,0.0,0.0,0.0,0.0,0.0,0.0,0.0,0.0,82.09608875972916,82.09608875972916,0.0,0.0,0.0,82.09608875972916,0.0,0.0,0.0011000000000000003 
 03/20  23:10:00,6.878333333333333,82.33333333333334,6.08,0.0,0.0,0.0,0.0,0.0,2.0,0.0,0.0,0.0,0.0,0.0,0.0,1372.0,0.0,0.0,0.0,0.0,0.0,0.0,0.0,0.0,0.0,0.0,0.0,19.74934524663356,-95.50033047226134,19.643562108962955,-192.7954492951906,19.71091574137126,-334.2269707713758,19.416204274914713,-96.3261680867372,16.894908705642967,6.715844034454165,18.90136803343679,-16.295165654658946,18.04346663581839,53.81433099993569,16.47017367244281,-116.4445831593448,17.717293612613156,-122.63160113269987,725.9406277341527,509.5094032345429,0.0,0.0,0.0,0.0,0.0,0.0,0.0,0.0,0.0,0.0,0.0,0.0,0.0,0.0,0.0,0.0,0.0,0.0,0.0,0.0,0.0,0.0,1.358892464083779,0.41480233946391306,189.82201075557379,222.32719447201027,4765.184912317334,0.2492983876892101,0.03804920447027016,67.88056609240462,79.42532197495714,1690.9586233909534,1.2929249982376976,0.24431689309102384,248.13478545729846,290.88192220296528,6154.148157608945,0.25438050488373145,0.04806887847387213,156.93732818678769,183.97545200304578,3899.0573269885,0.0,0.0,8.47760711202572,10.02187087608629,170.1012449795988,0.0,0.0,10.734612518623584,12.589646919408935,261.5299441023963,0.0,0.0,116.46012602341028,137.01049512980544,2634.841206141993,0.0,0.0,39.01173926319443,46.21447378009807,734.3829807595865,0.0,0.0,46.164120757031529,54.359972669287909,1001.3799948635726,42.12547745763173,28.892645718540295,286.5551950835487,337.24797543365176,7366.410114286333,0.0,0.0,73.36654995579299,87.29192151678007,1181.5058541719873,0.0,19.43942738400137,41.86454675958464,22.0,30.0,0.0,19.50567916039223,41.12912233918008,12.0,30.0,0.0,19.367231592882864,42.181125223687327,22.0,30.0,0.0,19.402161293095227,42.21099141494329,12.0,30.0,0.0,16.904071644262808,52.02982403160173,12.0,30.0,0.0,19.150800111334463,45.91726275862324,12.0,30.0,0.0,18.242853965694324,46.66373895000113,10.0,30.0,0.0,16.262303731650627,54.317401731457909,12.0,30.0,0.0,17.78849490774862,48.86910258211235,20.0,30.0,0.0,18.118641952982587,0.0,0.0,0.0,14.8117462906133,0.0,0.0,610.3084483015114,591.6571736417652,616.4773234672455,619.2890239309681,684.6532128769692,1007.6941186330696,658.9845766455705,703.228394818288,685.6885171652959,0.0,82.0960887597291,82.0960887597291,60.0,0.0,60.0,60.0,12.0,12.0,12.0,19.0,12.0,12.0,21.0,10.0,0.0,0.0,0.0,0.0,0.0,0.0,0.0,0.0,0.0,0.0,0.0,0.0,0.0,82.0960887597291,82.0960887597291,0.0,0.0,0.0,82.0960887597291,0.0,0.0,0.00099 
 03/20  23:20:00,6.796666666666667,82.66666666666667,5.94,0.0,0.0,0.0,0.0,0.0,2.0,0.0,0.0,0.0,0.0,0.0,0.0,2058.0,0.0,0.0,0.0,0.0,0.0,0.0,0.0,0.0,0.0,0.0,0.0,19.56128164955833,-215.57569076218315,19.483953415283474,-224.32058113059225,19.53557878185518,-210.61940590072914,19.283679185558954,-167.54892394245935,16.87486341337462,7.187145902244781,18.8404444592613,-18.611345377982287,17.959462121767247,-12.545356404544384,16.404902590788625,-95.47321834186274,17.49171939930263,-292.1101046548349,605.0077218881725,724.3338466510284,0.0,0.0,0.0,0.0,0.0,0.0,0.0,0.0,0.0,0.0,0.0,0.0,0.0,0.0,0.0,0.0,0.0,0.0,0.0,0.0,0.0,0.0,1.336723540327313,0.40803526872018089,213.74216809088245,250.79105159731143,5266.845960608046,0.2428751075779294,0.03706885036293183,104.25900123312074,122.26575561137547,2578.338407371565,1.2795365885431736,0.24178695928631395,188.01358359309266,220.62876252748874,4635.711798377111,0.2510595515106029,0.047441336264286228,95.86684968947884,112.4823305261776,2359.2407572371068,0.0,0.0,8.038893254221602,9.513474784218698,162.26745580139795,0.0,0.0,10.917576483470607,12.819276863599115,266.283847744316,0.0,0.0,152.5520024555767,179.76848662834045,3432.3430243072436,0.0,0.0,37.95710421840157,45.02581869536277,715.1739301336805,0.0,0.0,85.42131958285145,100.86477134479256,1809.8498787234169,41.39077417610202,28.388734002813459,250.40047611603468,295.0344134237584,6436.751515627875,0.0,0.0,113.82168575762651,135.5257618687731,1891.7387470225818,0.0,19.180641918314327,41.89503976484905,21.999999999999994,29.99999999999999,0.0,19.301005328364963,41.468545800655757,11.999999999999995,29.99999999999999,0.0,19.177533470773495,42.22101963347899,21.999999999999994,29.99999999999999,0.0,19.213249995011855,42.229644682573219,11.999999999999995,29.99999999999999,0.0,16.882703882713046,51.742992359556627,11.999999999999995,29.99999999999999,0.0,19.081111252047788,45.59538622196007,11.999999999999995,29.99999999999999,0.0,18.091505990542939,46.72255229048167,9.999999999999997,29.99999999999999,0.0,16.187264149215705,53.821908618111397,11.999999999999995,29.99999999999999,0.0,17.41740231169523,49.59418430429072,19.999999999999994,29.99999999999999,0.0,17.738511196302935,0.0,0.0,0.0,15.025181109729149,0.0,0.0,589.466870529804,585.3338702814237,600.1512066511557,604.058314215976,679.028877672641,1004.2306266453869,649.9412416890007,686.0548249220949,678.2099370159306,0.0,82.09608875972907,82.09608875972907,59.99999999999998,0.0,59.99999999999998,59.99999999999998,12.0,12.0,12.0,19.0,12.0,12.0,21.0,10.0,0.0,0.0,0.0,0.0,0.0,0.0,0.0,0.0,0.0,0.0,0.0,0.0,0.0,82.09608875972907,82.09608875972907,0.0,0.0,0.0,82.09608875972907,0.0,0.0,0.0009600000000000001 
 03/20  23:30:00,6.715,83.0,5.8,0.0,0.0,0.0,0.0,0.0,2.0,0.0,0.0,0.0,0.0,0.0,0.0,1372.0,0.0,0.0,0.0,0.0,0.0,0.0,0.0,0.0,0.0,0.0,0.0,19.359520642301076,-273.63747077275186,19.3260099352664,-127.97172116377124,19.426497246943538,-142.51413143652327,19.16321940872077,-82.9800040817438,16.85290329299163,7.037765681125222,18.7759707393045,-24.179595574997934,17.83679335570654,-13.90571105793606,16.36604663214993,-80.97352290090226,17.250417875477223,-300.0091223241543,521.0245488770238,775.0353470676928,0.0,0.0,0.0,0.0,0.0,0.0,0.0,0.0,0.0,0.0,0.0,0.0,0.0,0.0,0.0,0.0,0.0,0.0,0.0,0.0,0.0,0.0,1.3287132543634686,0.40559012648457529,164.04285226526418,192.64106101793505,3970.4222522001584,0.25169515147088108,0.038415010908254127,114.43851658234975,134.33031450274243,2816.6260526907437,1.2762078894782454,0.2411579534161462,83.35062784528053,97.80164317221179,2074.7653013596857,0.2522909661846139,0.04767402989127245,79.01342885752644,92.71116615682812,1941.6393838079999,0.0,0.0,8.01361147076854,9.475551532419548,162.722793895733,0.0,0.0,11.008737135117198,12.921511273187808,268.71684176217948,0.0,0.0,168.90994499598077,199.04307649388427,3763.576140564837,0.0,0.0,35.71947483985046,42.346634179159909,677.0784340916628,0.0,0.0,102.0244294434731,120.5588598079066,2107.0899081817144,40.76753223868486,27.961270396903204,166.3190619032598,196.21315457332566,4454.269206405952,0.0,0.0,129.3725341460406,153.9444666844322,2176.9931404026194,0.0,18.913897856783707,42.12683092793021,22.0,30.0,0.0,19.09825182152123,41.77270350038249,12.0,30.0,0.0,19.08915592435513,41.99749692382838,22.0,30.0,0.0,19.06474615670176,42.27136480681845,12.0,30.0,0.0,16.858760329195947,51.39203029460286,12.0,30.0,0.0,19.003354855200933,45.26269463473254,12.0,30.0,0.0,17.889290057906785,47.06934300002487,10.0,30.0,0.0,16.159973767557824,53.30100773524347,12.0,30.0,0.0,17.044437794958989,50.24807821895941,20.0,30.0,0.0,17.459456703184146,0.0,0.0,0.0,15.050604612000417,0.0,0.0,574.43263766203,578.3838018152223,585.8184017348542,592.7329806032021,670.9603578612403,996.5764025028636,644.0237312601905,670.126597093948,665.218994503465,0.0,82.0960887597291,82.0960887597291,60.0,0.0,60.0,60.0,12.0,12.0,12.0,19.0,12.0,12.0,21.0,10.0,0.0,0.0,0.0,0.0,0.0,0.0,0.0,0.0,0.0,0.0,0.0,0.0,0.0,82.0960887597291,82.0960887597291,0.0,0.0,0.0,82.0960887597291,0.0,0.0,0.00093 
 03/20  23:40:00,6.633333333333333,83.33333333333334,5.66,0.0,0.0,0.0,0.0,0.0,2.0,0.0,0.0,0.0,0.0,0.0,0.0,1372.0,0.0,0.0,0.0,0.0,0.0,0.0,0.0,0.0,0.0,0.0,0.0,19.128638809083108,-102.70254615459464,19.23003858710605,-295.6761696294734,19.29578046085583,-191.9086192686524,19.05756308476797,-189.52853381858587,16.829737509678915,5.093117081537175,18.71087082045426,-30.372507507522998,17.67751655999556,-92.77222679987929,16.339368702574214,-69.30074053201347,17.050168784494198,-323.861613931933,608.1198266745307,761.3543174572853,0.0,0.0,0.0,0.0,0.0,0.0,0.0,0.0,0.0,0.0,0.0,0.0,0.0,0.0,0.0,0.0,0.0,0.0,0.0,0.0,0.0,0.0,1.3003820659742447,0.3969420225806609,355.64679374201946,418.00825617215505,8537.701230159706,0.23309295820928306,0.03557584832254017,238.44795774235554,280.0052937933907,5839.201220007515,1.1994721813020606,0.22665763063153089,171.63315934677486,201.65715444554798,4216.917266747082,0.23067013558626327,0.04358846099513668,162.3564565544532,190.7369181740919,3963.420519685278,0.0,0.0,7.342355615029199,8.687571851874944,149.9457886030663,0.0,0.0,12.243676357430484,14.377996276488738,299.03090170215878,0.0,0.0,174.49666690794335,205.89170495139639,3828.0468834142955,0.0,0.0,29.553228718891803,35.03977006147896,564.6596235337803,0.0,0.0,116.09635623979909,137.3684248349955,2352.0847262906388,40.032922243803287,27.45742266378828,374.7690029186098,442.1473780807455,9147.180799562218,0.0,0.0,139.7184279677775,166.34978889635159,2349.920091513899,0.0,18.61940615531315,42.46934577306341,22.000000000000008,30.00000000000001,0.0,18.991932710634843,41.54694488863572,12.000000000000004,30.00000000000001,0.0,18.933046726798176,41.81312218708679,22.000000000000008,30.00000000000001,0.0,18.92353865068319,41.78064428243576,12.000000000000004,30.00000000000001,0.0,16.83353392618694,50.99420660563153,12.000000000000004,30.00000000000001,0.0,18.924479007094168,44.97012296868711,12.000000000000004,30.00000000000001,0.0,17.619215947525093,47.203372281430549,10.000000000000004,30.00000000000001,0.0,16.15300624118445,52.67490357493469,12.000000000000004,30.00000000000001,0.0,16.750547472289477,50.468711860087569,20.000000000000008,30.00000000000001,0.0,17.71677200984741,0.0,0.0,0.0,14.962417688611592,0.0,0.0,561.6376667725833,563.5841213064671,567.1316244128261,565.1949909155912,661.8703232819594,979.4492894450946,627.129549249457,655.3045091787528,648.5609613240094,0.0,82.09608875972913,82.09608875972913,60.00000000000002,0.0,60.00000000000002,60.00000000000002,12.0,12.0,12.0,19.0,12.0,12.0,21.0,10.0,0.0,0.0,0.0,0.0,0.0,0.0,0.0,0.0,0.0,0.0,0.0,0.0,0.0,82.09608875972913,82.09608875972913,0.0,0.0,0.0,82.09608875972913,0.0,0.0,0.0009 
 03/20  23:50:00,6.551666666666666,83.66666666666666,5.52,0.0,0.0,0.0,0.0,0.0,2.0,0.0,0.0,0.0,0.0,0.0,0.0,1372.0,0.0,0.0,0.0,0.0,0.0,0.0,0.0,0.0,0.0,0.0,0.0,19.173280023988434,-147.05709131377263,19.049119540378098,-153.7657176261523,19.171813046937986,-374.05700265127327,18.860246704494246,-140.51529221923784,16.805019153109634,4.129675768895282,18.652215446705488,-34.50811227300741,17.549207184472718,-61.119229630134217,16.3083285808778,-68.61914885976046,16.878372495406447,-317.7837885094357,609.4296724300702,764.9427003528876,0.0,0.0,0.0,0.0,0.0,0.0,0.0,0.0,0.0,0.0,0.0,0.0,0.0,0.0,0.0,0.0,0.0,0.0,0.0,0.0,0.0,0.0,1.2633477926385608,0.38563729934022009,204.5181351529924,240.41108619821,4999.712572433037,0.23718921769822116,0.036201040552231559,150.19073305407279,176.60845552379926,3643.027306446872,1.248227498237238,0.23587065348398313,340.3063202411818,400.0810899876125,8299.792241693254,0.24809068809525842,0.04688032654861269,218.98373144496527,257.5507562505395,5260.383138043097,0.0,0.0,7.413531186992763,8.769983515356792,152.2284715651793,0.0,0.0,11.732819891359192,13.783127540795953,286.9946364598022,0.0,0.0,183.37061961069817,216.52615270035472,3984.7168204407309,0.0,0.0,27.538859407826835,32.660668665704978,529.6830808821734,0.0,0.0,123.20053096529438,145.9304165683578,2460.2082848373886,39.51243818010802,27.100437709264769,362.44941760257356,427.73133819281989,8921.369441311326,0.0,0.0,145.38374745464075,173.1823225685145,2448.4074286816696,0.0,18.792418088371116,41.986579268725517,22.0,30.0,0.0,18.752023771982676,41.59152768511041,12.0,30.0,0.0,18.783753766967196,41.78255118248988,22.0,30.0,0.0,18.628248129333977,42.214281057841798,12.0,30.0,0.0,16.806624508257955,50.6128416817087,12.0,30.0,0.0,18.85831271876708,44.58247864831394,12.0,30.0,0.0,17.42913555625726,47.256686259162069,10.0,30.0,0.0,16.13389088722379,52.09605889086322,12.0,30.0,0.0,16.51317202791452,50.58789196304366,20.0,30.0,0.0,17.69996868488057,0.0,0.0,0.0,14.888864640576675,0.0,0.0,561.7947796051103,545.1499895868733,554.5625834681529,555.2287341477195,653.8313354181321,963.0317258351545,614.833578380031,641.2334186840469,634.2075445208111,0.0,82.0960887597291,82.0960887597291,60.0,0.0,60.0,60.0,12.0,12.0,12.0,19.0,12.0,12.0,21.0,10.0,0.0,0.0,0.0,0.0,0.0,0.0,0.0,0.0,0.0,0.0,0.0,0.0,0.0,82.0960887597291,82.0960887597291,0.0,0.0,0.0,82.0960887597291,0.0,0.0,0.0008733333333333334 
 03/20  24:00:00,6.47,84.0,5.38,0.0,0.0,0.0,0.0,0.0,2.0,0.0,0.0,0.0,0.0,0.0,0.0,686.0,0.0,0.0,0.0,0.0,0.0,0.0,0.0,0.0,0.0,0.0,0.0,19.065393718901903,-113.4334425284369,18.977428164542759,-200.59097388288274,19.115287831362254,-70.63448083097137,18.750247835863669,-213.7717088585232,16.777092240689524,4.4040722780052878,18.587099199284976,-32.15593914968497,17.475205643935369,-59.57944557217343,16.274290711365908,-67.37242781678992,16.73625015368048,-288.29275398659186,545.7407575134639,785.4250483233718,0.0,0.0,0.0,0.0,0.0,0.0,0.0,0.0,0.0,0.0,0.0,0.0,0.0,0.0,0.0,0.0,0.0,0.0,0.0,0.0,0.0,0.0,1.2676904227008122,0.3869628884923114,169.48191097884956,198.8784827914413,4142.033357013414,0.22874989550166975,0.03491298771393006,106.65020750293466,125.16701909896226,2594.6393618122235,1.2836766523634125,0.24256928427124206,253.5679340099236,297.38366305244258,6241.733710786486,0.23799615204076547,0.04497281784594962,137.4292964891647,161.40356682548498,3287.376189569115,0.0,0.0,7.12889483723923,8.41566404017912,147.1676681786261,0.0,0.0,11.816967888908707,13.854103859269058,289.3143121139648,0.0,0.0,183.85314642166547,216.66710410651178,3994.4347073347055,0.0,0.0,26.88779876645785,31.817846807216875,520.4169511477928,0.0,0.0,125.27178273107974,148.13223775830142,2478.0329106459128,38.95655197046884,26.7191714475095,252.39137914304428,297.45702261534719,6397.105636332579,0.0,0.0,147.1559826343559,174.92967984380608,2483.2444819975969,0.0,18.681265608612816,41.915889080244337,22.0,30.0,0.0,18.691327596016327,41.06293763038198,12.0,30.0,0.0,18.803870145516148,42.21327564112238,22.0,30.0,0.0,18.48264986510562,41.656793954317759,12.0,30.0,0.0,16.774477650953079,50.17397059374902,12.0,30.0,0.0,18.77947611122474,44.22591445135951,12.0,30.0,0.0,17.337351859002106,47.295122749261299,10.0,30.0,0.0,16.1077822871108,51.738201870665857,12.0,30.0,0.0,16.32799206040048,50.87898384774986,20.0,30.0,0.0,17.48757096338896,0.0,0.0,0.0,14.819338357903942,0.0,0.0,550.5008526834437,523.4968177182383,570.5743530684894,525.741117116116,642.3349570887145,947.3155019017595,608.8382517064847,631.4264210022692,627.3378876679092,0.0,82.0960887597291,82.0960887597291,60.0,0.0,60.0,60.0,12.0,12.0,12.0,19.0,12.0,12.0,21.0,10.0,0.0,0.0,0.0,0.0,0.0,0.0,0.0,0.0,0.0,0.0,0.0,0.0,0.0,82.0960887597291,82.0960887597291,0.0,0.0,0.0,82.0960887597291,0.0,0.0,0.0008466666666666667 
 03/21  00:10:00,6.333333333333333,83.83333333333333,5.298333333333334,0.0,0.0,0.0,0.0,0.0,2.0,2.0,0.0,0.0,0.0,0.0,0.0,1372.0,0.0,0.0,0.0,0.0,0.0,0.0,0.0,0.0,0.0,0.0,0.0,18.94207948041653,-204.78821581823378,18.97028017254975,-20.45463299528282,18.941645008795726,-279.9310389066368,18.71421771783051,-118.28044137125153,16.75322051103568,2.5562228003520177,18.53614117807006,-35.213250909651808,17.556661669612017,61.92724978237925,16.228889187171679,-87.7959692762812,16.80175539737467,-113.46776208703813,553.0137596370723,450.33484728697456,0.0,0.0,0.0,0.0,0.0,0.0,0.0,0.0,0.0,0.0,0.0,0.0,0.0,0.0,0.0,0.0,0.0,0.0,0.0,0.0,0.0,0.0,1.2941491818607092,0.39503943280241429,160.06489844144788,188.30438164445497,3896.742934842139,0.23915026313220934,0.03650034541089887,37.453393029780659,44.116046148432818,929.4410647037219,1.2732198209553734,0.2405933146174176,280.70686340038119,330.3675411796082,6834.543072739013,0.25736298953581795,0.04863246211939112,167.91003865959727,197.67724099344617,4073.632217992532,0.0,0.0,7.224250333636702,8.550437601036429,150.74047522285606,0.0,0.0,11.509500731714084,13.53048827306179,283.7488059665267,0.0,0.0,90.45114918084733,106.7868170209382,2026.9817934376225,0.0,0.0,28.642534772208209,33.980749470773449,559.3178881385998,0.0,0.0,30.239265349334397,35.82350114770317,617.5320109616952,38.8068010800968,26.616461646156936,266.5020627612216,314.8323605529382,6759.552033419233,0.0,0.0,69.44199046098294,82.90732262854263,1116.9638450242924,0.0,18.525985965746714,41.95133987172319,22.0,30.0,0.0,18.769541258461048,41.28636874510981,12.0,30.0,0.0,18.53159527768368,42.03185292399587,22.0,30.0,0.0,18.509956448393749,42.18345284138521,12.0,30.0,0.0,16.751237703671167,49.92976530914133,12.0,30.0,0.0,18.730290165756317,44.053196491241589,12.0,30.0,0.0,17.554789419177998,45.840781078281839,10.0,30.0,0.0,16.05968073698014,51.63814130201578,12.0,30.0,0.0,16.52180065185822,50.142142359741928,20.0,30.0,0.0,17.443695230705843,0.0,0.0,0.0,14.277336144124366,0.0,0.0,540.7466958318344,537.686135459123,542.7715408366612,547.3470865736879,636.9505678028671,941.8307579726644,584.027707086462,626.6820222407223,682.5485551534705,0.0,82.0960887597291,82.0960887597291,60.0,0.0,60.0,60.0,12.0,12.0,12.0,19.0,12.0,12.0,21.0,10.0,0.0,0.0,0.0,0.0,0.0,0.0,0.0,0.0,0.0,0.0,0.0,0.0,0.0,82.0960887597291,82.0960887597291,0.0,0.0,0.0,82.0960887597291,0.0,0.0,0.00082 
 03/21  00:20:00,6.196666666666667,83.66666666666667,5.216666666666667,0.0,0.0,0.0,0.0,0.0,2.0,2.0,0.0,0.0,0.0,0.0,0.0,1372.0,0.0,0.0,0.0,0.0,0.0,0.0,0.0,0.0,0.0,0.0,0.0,18.78284986548493,-91.3878777484988,18.891067767464237,-253.72906483996077,18.875820652027615,-308.3807448325733,18.60024555280528,-95.51708883360152,16.724772820890647,1.4190949714934079,18.484156464994986,-25.70314607306986,17.579835511267114,1.5956912839164943,16.1388716302114,-119.92577369149922,16.8772485535835,-121.86959509844104,622.6099090559856,489.27744116946499,0.0,0.0,0.0,0.0,0.0,0.0,0.0,0.0,0.0,0.0,0.0,0.0,0.0,0.0,0.0,0.0,0.0,0.0,0.0,0.0,0.0,0.0,1.3124053578807238,0.40061213610522708,403.25811382500066,474.85399112641098,9775.976179552155,0.2268542684097266,0.03462366733970187,205.97430993267217,242.1988547217981,5092.712666045953,1.253655657287584,0.23689638270740455,379.5440860873264,446.7458042342986,9306.612553900184,0.24537930073655937,0.04636797066072549,209.77098331848675,247.04882467702934,5078.556503154807,0.0,0.0,6.842713864924112,8.103440509683903,144.249430064569,0.0,0.0,11.075170359289166,13.023107847901727,274.979471013478,0.0,0.0,84.41914035040537,99.68112477329659,1925.5173388451813,0.0,0.0,33.34453277052934,39.59046408503231,651.8723007295325,0.0,0.0,26.521708223118539,31.403395292556668,557.545384565856,38.513639103421578,26.415390331564877,560.9225334120532,662.2713453435703,13637.175217451755,0.0,0.0,68.6316783064222,82.00183492494296,1103.3829150922789,0.0,18.322834343110026,42.17980348649454,22.0,30.0,0.0,18.669580298950895,41.05538165140192,12.0,30.0,0.0,18.498206161708269,41.67306987418219,22.0,30.0,0.0,18.357753843122049,42.20820025720283,12.0,30.0,0.0,16.72002663177426,49.39335529006918,12.0,30.0,0.0,18.679064469312924,43.74741297477277,12.0,30.0,0.0,17.61661981466356,44.98782854444066,10.0,30.0,0.0,15.927363446652068,51.25966237431081,12.0,30.0,0.0,16.689935758818778,49.16067563652292,20.0,30.0,0.0,17.619950134489537,0.0,0.0,0.0,14.132526725994448,0.0,0.0,533.6880060320774,525.6078050192512,532.3467691386346,540.3106908892166,623.9369083071205,945.2935838288054,578.3857492074891,611.3779930430562,717.1501439503893,0.0,82.0960887597291,82.0960887597291,60.0,0.0,60.0,60.0,12.0,12.0,12.0,19.0,12.0,12.0,21.0,10.0,0.0,0.0,0.0,0.0,0.0,0.0,0.0,0.0,0.0,0.0,0.0,0.0,0.0,82.0960887597291,82.0960887597291,0.0,0.0,0.0,82.0960887597291,0.0,0.0,0.0008400000000000001 
 03/21  00:30:00,6.0600000000000009,83.5,5.135,0.0,0.0,0.0,0.0,0.0,2.0,2.0,0.0,0.0,0.0,0.0,0.0,1372.0,0.0,0.0,0.0,0.0,0.0,0.0,0.0,0.0,0.0,0.0,0.0,18.772548316281914,-219.8814222445335,18.708153682067917,-175.0810124116415,18.697119831856037,-176.57846715296274,18.58912078170713,-158.3716507642207,16.69540873742055,0.7375008036399038,18.43739399123081,-24.732696964111143,17.530733024603735,8.093943020358666,16.050859467102467,-128.34600608526928,16.92706792202314,-118.72612260508862,619.3366088430848,495.19629234038828,0.0,0.0,0.0,0.0,0.0,0.0,0.0,0.0,0.0,0.0,0.0,0.0,0.0,0.0,0.0,0.0,0.0,0.0,0.0,0.0,0.0,0.0,1.3212374725569057,0.4033081418061373,379.86939963383068,447.4047664888077,9326.45142796456,0.23567006840165506,0.03596918015898276,187.81994972930745,221.3241711358114,4610.527522900012,1.282613843607416,0.24236845117298123,364.20356118695738,429.06736553501238,8873.654661938828,0.24519112391072876,0.04633241192568569,200.78747555801503,236.4139514544404,4926.493257518274,0.0,0.0,6.975751389568067,8.258554712362562,148.52916080150738,0.0,0.0,10.857580617861093,12.771721479525232,271.64882245793936,0.0,0.0,84.74980826024262,100.07085756899,1944.8023356409358,0.0,0.0,35.55829244458481,42.242279427636017,696.5584732682715,0.0,0.0,24.277901092900934,28.739749973823196,522.3808030935697,38.335643110334547,26.29330803177953,527.6317774314734,623.2454476947286,12972.436898829385,0.0,0.0,67.68605975586809,80.91741284455773,1088.7533741232874,0.0,18.36236532700379,41.82127836337649,22.0,30.0,0.0,18.40691337956042,41.3970947520739,12.0,30.0,0.0,18.254745310630044,42.00120641238328,22.0,30.0,0.0,18.394361876671249,41.90280524487488,12.0,30.0,0.0,16.68802589504599,49.00378246941633,12.0,30.0,0.0,18.635817549124434,43.43493648033622,12.0,30.0,0.0,17.546770569225179,44.7794323614238,10.0,30.0,0.0,15.806394070549452,50.85837243899645,12.0,30.0,0.0,16.80439645653165,48.21956498400547,20.0,30.0,0.0,17.565680801814133,0.0,0.0,0.0,13.99578141412167,0.0,0.0,530.6541624607662,519.0924475535875,526.9186479947233,538.8715790262161,618.7679202808115,948.386509674081,573.4415645905503,599.7620508813645,732.1953852616459,0.0,82.0960887597291,82.0960887597291,60.0,0.0,60.0,60.0,12.0,12.0,12.0,19.0,12.0,12.0,21.0,10.0,0.0,0.0,0.0,0.0,0.0,0.0,0.0,0.0,0.0,0.0,0.0,0.0,0.0,82.0960887597291,82.0960887597291,0.0,0.0,0.0,82.0960887597291,0.0,0.0,0.00086 
 03/21  00:40:00,5.923333333333334,83.33333333333333,5.053333333333333,0.0,0.0,0.0,0.0,0.0,2.0,2.0,0.0,0.0,0.0,0.0,0.0,1372.0,0.0,0.0,0.0,0.0,0.0,0.0,0.0,0.0,0.0,0.0,0.0,18.590493560286388,-85.87350294355656,18.67461688534594,-214.71427046654345,18.68815684077209,-290.04634870394878,18.45859557642695,-100.90904938314225,16.665587554836465,-0.07022792600309913,18.38778213850584,-21.61551356451426,17.5091562197308,-19.000128047160389,15.964643512583754,-134.78091318121779,16.962311442037185,-109.65175026474276,603.0383467695119,490.0586216119041,0.0,0.0,0.0,0.0,0.0,0.0,0.0,0.0,0.0,0.0,0.0,0.0,0.0,0.0,0.0,0.0,0.0,0.0,0.0,0.0,0.0,0.0,1.3369065452184872,0.40809113101907426,370.8300073032913,436.982294724025,9063.598741973863,0.2346882910759744,0.035819336244806838,189.92382165611773,223.54441769645764,4712.22692884482,1.2525839478964254,0.23669386770529589,348.4521129478471,410.45316758521326,8608.491451165854,0.24606907726916184,0.046498313920854458,192.45693659400048,226.8087038994663,4713.482659610805,0.0,0.0,6.6861373093895068,7.9219434797115879,143.79454867183478,0.0,0.0,10.707347626345169,12.59793611578083,269.8112206365784,0.0,0.0,80.0221119080972,94.53608323014284,1856.4632974150946,0.0,0.0,36.61185672784218,43.517383081339939,719.1849136693315,0.0,0.0,21.382864677552108,25.307984715465119,469.4324914984323,38.109226539859708,26.13801545943739,513.9200521772714,607.1912168812527,12695.852300990296,0.0,0.0,65.0889787661426,77.86564239614649,1046.5018726000258,0.0,18.12214525772691,42.25083241189328,22.0,30.0,0.0,18.419336096021945,41.22451965606017,12.0,30.0,0.0,18.314766363866647,41.53613300307215,22.0,30.0,0.0,18.21560493800103,42.036193826339047,12.0,30.0,0.0,16.656068694058,48.50723411227049,12.0,30.0,0.0,18.586838928008264,43.12918468309017,12.0,30.0,0.0,17.53412604531696,44.553190873403838,10.0,30.0,0.0,15.692149190071888,50.769057562401318,12.0,30.0,0.0,16.888829677908669,47.54518227020917,20.0,30.0,0.0,17.465498674805845,0.0,0.0,0.0,13.851101839920935,0.0,0.0,529.312067882638,518.7972415672664,522.5507062841004,534.0001958764307,607.0121670667763,953.0002799623152,572.7139284960272,595.3504383681869,746.6758784037206,0.0,82.0960887597291,82.0960887597291,60.0,0.0,60.0,60.0,12.0,12.0,12.0,19.0,12.0,12.0,21.0,10.0,0.0,0.0,0.0,0.0,0.0,0.0,0.0,0.0,0.0,0.0,0.0,0.0,0.0,82.0960887597291,82.0960887597291,0.0,0.0,0.0,82.0960887597291,0.0,0.0,0.00088 
 03/21  00:50:00,5.786666666666667,83.16666666666667,4.971666666666667,0.0,0.0,0.0,0.0,0.0,2.0,2.0,0.0,0.0,0.0,0.0,0.0,1372.0,0.0,0.0,0.0,0.0,0.0,0.0,0.0,0.0,0.0,0.0,0.0,18.589883675671275,-210.4751879247542,18.52912793375622,-158.93641126674357,18.526404974451819,-170.06028688856987,18.442257119473255,-164.1618787001953,16.63447634236623,-0.5530761995261173,18.34151905461595,-21.823298773240368,17.44283391098403,-5.426373876153548,15.881033556686323,-141.31495701810389,16.984877894168464,-102.79585310558247,605.8954648861381,490.1463443328216,0.0,0.0,0.0,0.0,0.0,0.0,0.0,0.0,0.0,0.0,0.0,0.0,0.0,0.0,0.0,0.0,0.0,0.0,0.0,0.0,0.0,0.0,1.3408786829903996,0.40930362728644678,382.3536255122777,450.7107574694367,9462.700687045482,0.24054307627627764,0.036712923729590608,192.09370988717729,226.54481154548774,4753.018459006727,1.2928175622393894,0.24429659150404194,369.209295435438,435.3171733261038,9083.93637809284,0.2461194346377817,0.04650782967456191,205.46316568528617,242.09353042560287,5092.549326711722,0.0,0.0,6.868052017208338,8.134843473349213,149.13890364844236,0.0,0.0,10.61854140081634,12.497748845328803,269.6049725477407,0.0,0.0,80.72325475051913,95.37395195123395,1879.7959124046259,0.0,0.0,37.96760922295934,45.15053593320184,748.3554650731906,0.0,0.0,19.458948729852204,23.03046555112687,434.6472037861205,37.92370757179998,26.01077336886145,537.1071591783443,634.9190370047916,13332.179732211483,0.0,0.0,63.9395672931586,76.53089164373455,1029.0163216621539,0.0,18.17641088891144,41.8055796722138,22.0,30.0,0.0,18.221326455359475,41.30110705819408,12.0,30.0,0.0,18.095212778171793,41.835024429679069,22.0,30.0,0.0,18.240137230667849,41.76001151609394,12.0,30.0,0.0,16.622526445205336,48.22275801013846,12.0,30.0,0.0,18.54372823345257,42.8915740670396,12.0,30.0,0.0,17.4385213408872,44.43028311909079,10.0,30.0,0.0,15.58497366707046,50.61864227136397,12.0,30.0,0.0,16.945758520775646,46.94729177788708,20.0,30.0,0.0,17.417681258081168,0.0,0.0,0.0,13.717908251417889,0.0,0.0,526.253376809514,511.1639356777733,519.0932948001168,533.0288563631025,603.6368397981123,954.4199583247481,567.2244363791776,591.6972951058281,759.1042931444831,0.0,82.0960887597291,82.0960887597291,60.0,0.0,60.0,60.0,12.0,12.0,12.0,19.0,12.0,12.0,21.0,10.0,0.0,0.0,0.0,0.0,0.0,0.0,0.0,0.0,0.0,0.0,0.0,0.0,0.0,82.0960887597291,82.0960887597291,0.0,0.0,0.0,82.0960887597291,0.0,0.0,0.0008833333333333333 
 03/21  01:00:00,5.65,83.0,4.89,0.0,0.0,0.0,0.0,0.0,2.0,2.0,0.0,0.0,0.0,0.0,0.0,1372.0,0.0,0.0,0.0,0.0,0.0,0.0,0.0,0.0,0.0,0.0,0.0,18.42268040821689,-82.64415308359367,18.50494026503124,-204.71440297969458,18.51980747491198,-282.84736245145816,18.311355384336616,-103.46001834849949,16.603328024198495,-1.1958867867588766,18.291805799906564,-19.942515198320224,17.413099189588608,-26.88721752014112,15.797711776183512,-147.4720401306971,17.00195350254579,-89.662019206575,594.252466565009,482.756553953816,0.0,0.0,0.0,0.0,0.0,0.0,0.0,0.0,0.0,0.0,0.0,0.0,0.0,0.0,0.0,0.0,0.0,0.0,0.0,0.0,0.0,0.0,1.355498221615158,0.4137662459142729,375.8563230356176,443.2718848786868,9272.137446679619,0.23911093968137707,0.03649434366321384,193.32053156233048,227.73483316394809,4840.3581282218369,1.269348776108529,0.2398618246614757,359.39039864937959,423.671509427689,8966.539407349137,0.24797540350965634,0.04685854185745583,199.90733129892386,235.78325892031436,4944.98194895696,0.0,0.0,6.653374722738915,7.887178397369514,145.89440111142376,0.0,0.0,10.56689111346353,12.440035995396642,270.18006479133995,0.0,0.0,76.2117780108435,90.09171741212656,1792.5198622894612,0.0,0.0,38.590590231859767,45.913525644402607,763.4212347939902,0.0,0.0,16.76222212332332,19.836317893907883,380.52816108811319,37.71415941230489,25.867050351375107,528.4577998195061,624.8446836263809,13183.63958304832,0.0,0.0,61.31326485186744,73.4375283914749,985.8820679206419,0.0,17.957860464093856,42.1386996849361,22.0,30.0,0.0,18.246645122206318,41.10939173795261,12.0,30.0,0.0,18.153636007617988,41.37200605697244,22.0,30.0,0.0,18.059782579127089,41.8836182164728,12.0,30.0,0.0,16.58973315573134,47.797777157627979,12.0,30.0,0.0,18.494182377822165,42.60364941630218,12.0,30.0,0.0,17.415350617531748,44.29999181910895,10.0,30.0,0.0,15.479843538072455,50.67947534132918,12.0,30.0,0.0,16.99253420196244,46.525039722970877,20.0,30.0,0.0,17.330047042785439,0.0,0.0,0.0,13.569752967125588,0.0,0.0,524.4120410608281,512.2250920886943,515.5672960530375,528.2486458931719,593.9160254664857,955.6460038777632,566.3114526361558,589.8661252673289,776.5301362777931,0.0,82.0960887597291,82.0960887597291,60.0,0.0,60.0,60.0,12.0,12.0,12.0,19.0,12.0,12.0,21.0,10.0,0.0,0.0,0.0,0.0,0.0,0.0,0.0,0.0,0.0,0.0,0.0,0.0,0.0,82.0960887597291,82.0960887597291,0.0,0.0,0.0,82.0960887597291,0.0,0.0,0.0008866666666666667 
 03/21  01:10:00,5.523333333333333,83.0,4.846666666666667,0.0,0.0,0.0,0.0,0.0,2.0,2.0,0.0,0.0,0.0,0.0,0.0,1372.0,0.0,0.0,0.0,0.0,0.0,0.0,0.0,0.0,0.0,0.0,0.0,18.42651908218508,-205.8433556813943,18.37068486798131,-152.80616915374277,18.366303520783956,-163.95212326976526,18.299679149088733,-165.1000543309724,16.57065679076993,-1.6917257170751583,18.245799712584384,-20.36794037661039,17.343462766485517,-14.078730129085898,15.715634061955912,-154.2215985929446,17.014630873643829,-78.43105881053674,598.9019848606458,480.910118689475,0.0,0.0,0.0,0.0,0.0,0.0,0.0,0.0,0.0,0.0,0.0,0.0,0.0,0.0,0.0,0.0,0.0,0.0,0.0,0.0,0.0,0.0,1.35720001977796,0.41428572032294255,387.99946716510297,457.706328484291,9689.664631978632,0.24362739302396423,0.03718366804395058,196.91151067227109,232.397367641547,4917.4237829422449,1.3060173009108316,0.24679087318798793,375.78382191669666,443.3999172462238,9335.299488689321,0.2484040403809541,0.04693953899866856,209.45901687343292,246.97610047300598,5242.201871558007,0.0,0.0,6.800242517122561,8.05801861647831,150.3749373651205,0.0,0.0,10.492464433058896,12.355926688869703,270.0592487292739,0.0,0.0,76.72363268326547,90.70490292593478,1809.287220165846,0.0,0.0,39.76258140047001,47.329061860956787,788.8547949063072,0.0,0.0,14.699805179501546,17.397563433960828,338.45620189078388,37.648599218933387,25.822084512299996,548.6330872201829,649.0048580974899,13748.066460202417,0.0,0.0,59.980101578149078,71.87904054090177,963.5413985383507,0.0,18.0167045207971,41.67151265937301,22.0,30.0,0.0,18.065023256393876,41.1169030532224,12.0,30.0,0.0,17.944861413587419,41.64504621864994,22.0,30.0,0.0,18.0907518170781,41.5890643813839,12.0,30.0,0.0,16.55476620909096,47.591032405801509,12.0,30.0,0.0,18.45041030360803,42.43104105598688,12.0,30.0,0.0,17.31701267449231,44.15674826007091,10.0,30.0,0.0,15.377750307835502,50.55582061665923,12.0,30.0,0.0,17.029326833629605,46.09607610076258,20.0,30.0,0.0,17.28028667893831,0.0,0.0,0.0,13.431328461729118,0.0,0.0,521.606511948639,504.83507280512927,512.6200317738933,527.5136481311561,590.7119662911061,955.0476918018819,559.2143226991291,586.4666259322154,794.0048816200963,0.0,82.0960887597291,82.0960887597291,60.0,0.0,60.0,60.0,12.0,12.0,12.0,19.0,12.0,12.0,21.0,10.0,0.0,0.0,0.0,0.0,0.0,0.0,0.0,0.0,0.0,0.0,0.0,0.0,0.0,82.0960887597291,82.0960887597291,0.0,0.0,0.0,82.0960887597291,0.0,0.0,0.0008900000000000001 
 03/21  01:20:00,5.396666666666667,83.0,4.803333333333334,0.0,0.0,0.0,0.0,0.0,2.0,2.0,0.0,0.0,0.0,0.0,0.0,1372.0,0.0,0.0,0.0,0.0,0.0,0.0,0.0,0.0,0.0,0.0,0.0,18.266199506343559,-79.25001700415669,18.350341761846509,-200.73801270887089,18.36155099524499,-278.0014174075941,18.17164194382314,-104.35149981264613,16.53824185462168,-2.3521981060238206,18.196258193199776,-18.928320299304745,17.311496013703857,-33.5666348249124,15.63160393437435,-162.08916999597887,17.036684455229307,-49.01466721465701,590.7243185713487,460.9897557664301,0.0,0.0,0.0,0.0,0.0,0.0,0.0,0.0,0.0,0.0,0.0,0.0,0.0,0.0,0.0,0.0,0.0,0.0,0.0,0.0,0.0,0.0,1.3696502547977306,0.41808615836316567,381.4698127087229,450.22746417934629,9492.480622131003,0.2420947410104945,0.03694974679647352,197.1877770105943,232.4626291055793,4980.223673031397,1.2834313486367877,0.24252293058140368,368.8295905418712,435.11173987301296,9283.625807855704,0.24983548602636825,0.047210031373085447,205.75083415957978,242.8551451903179,5135.648391687584,0.0,0.0,6.647966867710325,7.884502556745037,148.27947184382118,0.0,0.0,10.441530891022762,12.299269476148837,270.3903801790111,0.0,0.0,71.26831853247617,84.29896133076392,1695.651199380064,0.0,0.0,40.354658359769988,48.05571588024428,802.7163256350227,0.0,0.0,10.910530327562173,12.907378646779609,255.16985396635159,37.55837598639105,25.76020300849867,541.7299826849328,640.9886254965285,13635.16688969205,0.0,0.0,55.759026070913638,66.86599031823904,891.7029833344661,0.0,17.807071038052319,41.969127639323719,22.0,30.0,0.0,18.093155960454028,40.93957354227064,12.0,30.0,0.0,18.00221727804527,41.19148350670561,22.0,30.0,0.0,17.913235669535973,41.692897241814979,12.0,30.0,0.0,16.521019413730366,47.20597554002272,12.0,30.0,0.0,18.400175229131635,42.1528506287244,12.0,30.0,0.0,17.29244889072434,44.07088364769599,10.0,30.0,0.0,15.272851046841002,50.66939001619188,12.0,30.0,0.0,17.084417462044134,45.719630472554097,20.0,30.0,0.0,17.19699787094168,0.0,0.0,0.0,13.263760740566106,0.0,0.0,519.4793353830758,506.60540318876738,509.547253816275,522.2637194148573,581.4051600228931,952.7555781142119,553.5523866769662,583.8761867993458,825.2996543793768,0.0,82.0960887597291,82.0960887597291,60.0,0.0,60.0,60.0,12.0,12.0,12.0,19.0,12.0,12.0,21.0,10.0,0.0,0.0,0.0,0.0,0.0,0.0,0.0,0.0,0.0,0.0,0.0,0.0,0.0,82.0960887597291,82.0960887597291,0.0,0.0,0.0,82.0960887597291,0.0,0.0,0.0008866666666666667 
 03/21  01:30:00,5.27,83.0,4.76,0.0,0.0,0.0,0.0,0.0,2.0,2.0,0.0,0.0,0.0,0.0,0.0,1372.0,0.0,0.0,0.0,0.0,0.0,0.0,0.0,0.0,0.0,0.0,0.0,18.272074944085057,-202.74893653620166,18.220851071529475,-149.19941856211427,18.213261010576227,-158.73876571872189,18.163283041516608,-166.44644282082346,16.503967244198607,-2.943086927912262,18.150022988145588,-19.306103051053016,17.238544118407704,-23.296560616175385,15.545715708420112,-170.64693182922179,17.057837017658394,-30.97268180187406,595.188968981307,455.45277621809728,0.0,0.0,0.0,0.0,0.0,0.0,0.0,0.0,0.0,0.0,0.0,0.0,0.0,0.0,0.0,0.0,0.0,0.0,0.0,0.0,0.0,0.0,1.3705544100472998,0.41836215202909035,392.92937632793805,463.84493522373546,9900.29949121247,0.24602488818418909,0.03754958610869797,200.98542904932055,237.36913171423152,5064.830387119747,1.317798769328483,0.24901715217847379,381.99969075270766,451.05031694525578,9577.58524107984,0.2504581411728784,0.04732769107575176,212.74823870013709,251.02125216769088,5374.6171894407639,0.0,0.0,6.811428472754635,8.074722871698569,153.16405426444289,0.0,0.0,10.318688915274045,12.157381617200273,268.95647201880868,0.0,0.0,71.75557770117499,84.88070300678769,1711.1770324754055,0.0,0.0,41.649136484687847,49.620442614824089,830.3974139347481,0.0,0.0,10.139414343583985,11.991518300823766,240.711842512559,37.49549345293278,25.71707369885651,558.8542192206737,661.544694914852,14132.720618798168,0.0,0.0,54.11780625179644,64.93487783045026,863.9966667335434,0.0,17.86661879269234,41.503347959928607,22.0,30.0,0.0,17.918200566261633,40.92068221739634,12.0,30.0,0.0,17.800160857107934,41.45135270558425,22.0,30.0,0.0,17.94884930704183,41.391440738572708,12.0,30.0,0.0,16.48435477999915,47.04853253156349,12.0,30.0,0.0,18.356159973001753,42.02490078033539,12.0,30.0,0.0,17.189966658046,43.888437013227058,10.0,30.0,0.0,15.165476178575848,50.56956249595189,12.0,30.0,0.0,17.133988701293178,45.335050526099909,20.0,30.0,0.0,17.145342286096417,0.0,0.0,0.0,13.11973619311355,0.0,0.0,516.523877659931,499.3573015104096,506.5185846776722,521.0263327928528,574.9781571633923,948.9409971216279,543.7634244152068,578.0347215745396,853.6356685577333,0.0,82.0960887597291,82.0960887597291,60.0,0.0,60.0,60.0,12.0,12.0,12.0,19.0,12.0,12.0,21.0,10.0,0.0,0.0,0.0,0.0,0.0,0.0,0.0,0.0,0.0,0.0,0.0,0.0,0.0,82.0960887597291,82.0960887597291,0.0,0.0,0.0,82.0960887597291,0.0,0.0,0.0008833333333333333 
 03/21  01:40:00,5.1433333333333339,83.0,4.716666666666667,0.0,0.0,0.0,0.0,0.0,2.0,2.0,0.0,0.0,0.0,0.0,0.0,1372.0,0.0,0.0,0.0,0.0,0.0,0.0,0.0,0.0,0.0,0.0,0.0,18.116064975770258,-76.18726409697138,18.201959966383247,-198.33703582824365,18.209588896235979,-274.49690096077759,18.036345006689638,-105.64741693046108,16.47040845577826,-3.3391401833170137,18.09980114285905,-18.65455919040332,17.201798990714587,-42.6520651943066,15.460396381508044,-175.19562696822517,17.072340671700819,-34.311282918005307,588.2667040717897,466.60238958973539,0.0,0.0,0.0,0.0,0.0,0.0,0.0,0.0,0.0,0.0,0.0,0.0,0.0,0.0,0.0,0.0,0.0,0.0,0.0,0.0,0.0,0.0,1.3834316794024424,0.422292942430538,385.9489657759113,455.83914950307448,9692.03922522736,0.2449689019541907,0.0373884160491744,200.4633675935483,236.49175327824703,5109.204760042721,1.29764135445286,0.24520811686561989,376.7617056648468,444.7782476941063,9570.541575672789,0.2519299356694792,0.04760580794963702,210.68892487377253,248.8601804202261,5308.508308055212,0.0,0.0,6.721011273825116,7.974851375471843,152.4087043462772,0.0,0.0,10.31085537768688,12.152057745959102,270.3528618646002,0.0,0.0,67.57571124844678,79.9893691557691,1625.061439595534,0.0,0.0,42.135375872633449,50.22221090387452,842.3093653156702,0.0,0.0,12.836004826360032,15.191484829831769,308.7173404724091,37.41035965869162,25.658682893478486,552.8498819140625,654.5939126149152,14044.066300908078,0.0,0.0,54.49512781697824,65.4273670777587,870.4933196411196,0.0,17.66235305620665,41.77764778890389,22.0,30.0,0.0,17.946813376624499,40.76015316469818,12.0,30.0,0.0,17.856416565893129,41.00734775037225,22.0,30.0,0.0,17.772006985949603,41.48107922470742,12.0,30.0,0.0,16.449784848185226,46.674113656257549,12.0,30.0,0.0,18.30467068690539,41.72942808784144,12.0,30.0,0.0,17.15856299178573,43.88653437822074,10.0,30.0,0.0,15.060640511033555,50.740784891007098,12.0,30.0,0.0,17.168193867999784,44.83267070286726,20.0,30.0,0.0,17.06518135175692,0.0,0.0,0.0,12.993623980452984,0.0,0.0,513.4752942465042,501.3116949601258,503.1899516305714,514.4246656244466,565.0223565511282,939.4666095565151,541.8281417918015,585.8185485473593,850.0739602176022,0.0,82.0960887597291,82.0960887597291,60.0,0.0,60.0,60.0,12.0,12.0,12.0,19.0,12.0,12.0,21.0,10.0,0.0,0.0,0.0,0.0,0.0,0.0,0.0,0.0,0.0,0.0,0.0,0.0,0.0,82.0960887597291,82.0960887597291,0.0,0.0,0.0,82.0960887597291,0.0,0.0,0.00088 
 03/21  01:50:00,5.016666666666667,83.0,4.673333333333333,0.0,0.0,0.0,0.0,0.0,2.0,2.0,0.0,0.0,0.0,0.0,0.0,1372.0,0.0,0.0,0.0,0.0,0.0,0.0,0.0,0.0,0.0,0.0,0.0,18.122855879064085,-200.22571786023128,18.07529570368633,-146.69286037390885,18.0645198478528,-154.69384208769135,18.029742620691335,-168.7072744361244,16.43522725130215,-3.520901802061772,18.052602807928485,-19.704601638790764,17.126183707041347,-32.221280147910537,15.377913242765802,-180.108329352978,17.07610058926135,-38.807451311624479,592.5450293404247,480.4556239624701,0.0,0.0,0.0,0.0,0.0,0.0,0.0,0.0,0.0,0.0,0.0,0.0,0.0,0.0,0.0,0.0,0.0,0.0,0.0,0.0,0.0,0.0,1.3849950367996824,0.42277015775326079,396.7886736950557,468.7195349201023,10089.612027205912,0.24867490847248978,0.03795404585965961,204.16072899727738,241.2817638869495,5192.904294100808,1.3313492869815989,0.25157771862842018,387.1399537533227,457.4331389679273,9797.883888202565,0.2529831470049421,0.04780482747636848,215.82708038333713,254.82257843611445,5504.555961164975,0.0,0.0,6.917731533965326,8.20452222787965,158.12168003673583,0.0,0.0,10.286610232361307,12.126051603953377,271.42788735095066,0.0,0.0,69.76160918298679,82.57234139962262,1680.9022961904275,0.0,0.0,43.09069584521944,51.38315772823647,864.13836590757,0.0,0.0,14.722126520576666,17.41715625863498,358.3015284462907,37.35026752290743,25.617467436836379,567.1078293579946,671.7640967815887,14477.188806538845,0.0,0.0,55.4361425792659,66.58354942950447,887.5594615730406,0.0,17.721318814900508,41.31591460678695,22.0,30.0,0.0,17.775481493070747,40.72470927762408,12.0,30.0,0.0,17.658167734202139,41.26038780644646,22.0,30.0,0.0,17.80967194048467,41.17824383983101,12.0,30.0,0.0,16.412686576178936,46.56722607548771,12.0,30.0,0.0,18.259018115232615,41.63855188281926,12.0,30.0,0.0,17.053484333095413,43.711979126961178,10.0,30.0,0.0,14.961927132938602,50.65795390921511,12.0,30.0,0.0,17.183562555587657,44.48075580075077,20.0,30.0,0.0,17.0117427752995,0.0,0.0,0.0,12.881547021205396,0.0,0.0,510.2067496954351,493.99691103610317,500.6635210023866,512.7766817418918,562.4637662726775,931.644078362563,540.0021430359172,594.6542634286602,845.5628951725325,0.0,82.0960887597291,82.0960887597291,60.0,0.0,60.0,60.0,12.0,12.0,12.0,19.0,12.0,12.0,21.0,10.0,0.0,0.0,0.0,0.0,0.0,0.0,0.0,0.0,0.0,0.0,0.0,0.0,0.0,82.0960887597291,82.0960887597291,0.0,0.0,0.0,82.0960887597291,0.0,0.0,0.00086 
 03/21  02:00:00,4.89,83.0,4.63,0.0,0.0,0.0,0.0,0.0,2.0,2.0,0.0,0.0,0.0,0.0,0.0,1372.0,0.0,0.0,0.0,0.0,0.0,0.0,0.0,0.0,0.0,0.0,0.0,17.969932788876816,-73.55177597667989,18.057040500834526,-196.96982400879598,18.061252114086505,-272.01848271565998,17.90345960086019,-107.55572221777084,16.400788328542,-3.798575200364766,18.001196617176839,-19.68509131208762,17.088151377714924,-49.66873101116846,15.296731750411788,-182.86174556986556,17.07066928132584,-41.8908534263702,586.4409910558425,489.8226986575363,0.0,0.0,0.0,0.0,0.0,0.0,0.0,0.0,0.0,0.0,0.0,0.0,0.0,0.0,0.0,0.0,0.0,0.0,0.0,0.0,0.0,0.0,1.3983810984915204,0.4268562571707938,389.6233551171859,460.49904628279207,9876.284523098682,0.2479521659212361,0.03784373716746583,203.2524522550779,239.94799786150078,5228.303755672858,1.3128874260554262,0.2480890827769136,382.892439309163,452.3239509269923,9816.557937732028,0.2544797849846823,0.04808763888599438,214.78635808630819,253.87379309956067,5463.599717328498,0.0,0.0,6.831092389915191,8.108900482101494,157.43382767218186,0.0,0.0,10.396714564668788,12.25960878051563,275.9099235158133,0.0,0.0,66.46736428046664,78.72824442260753,1614.8012876877097,0.0,0.0,43.27843041073709,51.62815975535888,870.9561202242423,0.0,0.0,16.361806271291809,19.363159217874445,402.35018135344378,37.26845850990313,25.56135700267705,561.7385153528645,665.5658226408368,14405.314770370778,0.0,0.0,55.55695159368999,66.76636111021344,891.2352207076024,0.0,17.520977004358536,41.57500284194904,22.0,30.0,0.0,17.803670004734909,40.578586402782168,12.0,30.0,0.0,17.712875930334,40.826033693519409,22.0,30.0,0.0,17.633163306647309,41.26130255234341,12.0,30.0,0.0,16.377606543933937,46.22076155152097,12.0,30.0,0.0,18.205619545772856,41.342517489012298,12.0,30.0,0.0,17.021960027165656,43.76027197272345,10.0,30.0,0.0,14.866321621514852,50.810079517991088,12.0,30.0,0.0,17.183727644376618,44.04585185850303,20.0,30.0,0.0,16.93332465141906,0.0,0.0,0.0,12.766919194912001,0.0,0.0,507.384087632159,496.30805240613639,498.40976947339348,507.04647562593927,558.3432347013254,919.2495442962957,547.5281609096643,610.2875806439938,826.9177916054371,0.0,82.0960887597291,82.0960887597291,60.0,0.0,60.0,60.0,12.0,12.0,12.0,19.0,12.0,12.0,21.0,10.0,0.0,0.0,0.0,0.0,0.0,0.0,0.0,0.0,0.0,0.0,0.0,0.0,0.0,82.0960887597291,82.0960887597291,0.0,0.0,0.0,82.0960887597291,0.0,0.0,0.0008400000000000001 
 03/21  02:10:00,4.758333333333334,83.16666666666667,4.618333333333333,0.0,0.0,0.0,0.0,0.0,2.0,2.0,0.0,0.0,0.0,0.0,0.0,1372.0,0.0,0.0,0.0,0.0,0.0,0.0,0.0,0.0,0.0,0.0,0.0,17.976931901385105,-198.21365336945838,17.931872820225924,-144.97878853872408,17.918344237332904,-151.50239069697546,17.897555302642865,-171.52893932425514,16.364824972686358,-3.958193185749039,17.95218705715648,-21.27497693998751,17.0122724056853,-39.170677138746217,15.217561754000139,-187.34943748803677,17.060513155699796,-45.48136235161422,591.8560014322302,502.73015317333286,0.0,0.0,0.0,0.0,0.0,0.0,0.0,0.0,0.0,0.0,0.0,0.0,0.0,0.0,0.0,0.0,0.0,0.0,0.0,0.0,0.0,0.0,1.4002799258088806,0.42743587478903569,400.1256383881972,472.95265819781107,10272.758886145797,0.25149088858074078,0.03838383525347082,206.93265834257427,244.70701699804793,5314.519177537261,1.3458388505034822,0.25431573138765736,391.7223581641234,463.13557363569398,10010.694090959785,0.25573601556099559,0.048325021836922808,218.8487530799814,258.5467244802191,5636.856955744039,0.0,0.0,7.003540743935975,8.309555049828191,162.7326945346208,0.0,0.0,10.640350012983797,12.549568945361319,284.1886992108847,0.0,0.0,68.82590013724561,81.51300982725177,1676.1026967595363,0.0,0.0,44.08302714342764,52.60671212485633,890.9489318516069,0.0,0.0,17.636872077405977,20.87103157088682,438.11962762658416,37.263031112952507,25.557634508197887,574.4035615244636,680.8221419469837,14808.540469765396,0.0,0.0,56.359479848551817,67.75276660780173,907.3861048440328,0.0,17.578489570096346,41.12043000960381,22.0,30.0,0.0,17.63421960396121,40.534085502427888,12.0,30.0,0.0,17.517135239410857,41.074491335850357,22.0,30.0,0.0,17.671329300100959,40.96192023500546,12.0,30.0,0.0,16.340110920424459,46.14773607028281,12.0,30.0,0.0,18.157404494907749,41.28843555903768,12.0,30.0,0.0,16.918273027027398,43.550725700633147,10.0,30.0,0.0,14.774667323299186,50.692578771484708,12.0,30.0,0.0,17.17712008556485,43.76648046573328,20.0,30.0,0.0,16.877382187100488,0.0,0.0,0.0,12.66099742463686,0.0,0.0,504.53058621583656,489.9504450845868,496.756599361287,505.97849610678807,559.8757398155151,909.6812259311752,545.8726771182293,616.3157570601061,816.176839595016,0.0,82.0960887597291,82.0960887597291,60.0,0.0,60.0,60.0,12.0,12.0,12.0,19.0,12.0,12.0,21.0,10.0,0.0,0.0,0.0,0.0,0.0,0.0,0.0,0.0,0.0,0.0,0.0,0.0,0.0,82.0960887597291,82.0960887597291,0.0,0.0,0.0,82.0960887597291,0.0,0.0,0.00082 
 03/21  02:20:00,4.626666666666667,83.33333333333334,4.6066666666666669,0.0,0.0,0.0,0.0,0.0,2.0,2.0,0.0,0.0,0.0,0.0,0.0,1372.0,0.0,0.0,0.0,0.0,0.0,0.0,0.0,0.0,0.0,0.0,0.0,17.82572740165125,-71.56841382332459,17.91362359899726,-196.61152886381525,17.91506182440351,-270.6838555430486,17.77132437041983,-109.71590447168046,16.329393802310006,-4.190839584074013,17.899223148495549,-21.761574776886279,16.973806973476,-55.38631266284585,15.138839324980978,-189.74957128639768,17.044617873555838,-47.48885117317644,587.3771301592824,511.25645387465706,0.0,0.0,0.0,0.0,0.0,0.0,0.0,0.0,0.0,0.0,0.0,0.0,0.0,0.0,0.0,0.0,0.0,0.0,0.0,0.0,0.0,0.0,1.4145616474475138,0.4317953746787283,393.16282079455359,464.9501221984657,10066.46411561629,0.25109898329478949,0.03832402064938789,205.74504802614696,243.02963344049784,5344.8450024331309,1.328965154769377,0.2511272023373729,388.2633458707161,458.9276484362199,10053.045386346359,0.257239847193078,0.04860919259128457,218.70672553579869,258.65518882715198,5619.982839002099,0.0,0.0,6.883820537357703,8.174137865541982,161.3031867850018,0.0,0.0,11.01134793084655,12.990161483088493,295.8108462823035,0.0,0.0,65.80980357245427,77.99031556704012,1616.4991692816535,0.0,0.0,44.18134201814363,52.741945591659447,896.8947073784486,0.0,0.0,19.50790229916629,23.08995191515425,489.14417236394919,37.23647769885033,25.53942229002081,569.5283576053314,675.1758267345886,14753.652470646706,0.0,0.0,56.400638843454,67.8357124866948,910.8950099642099,0.0,17.3802073857065,41.37208769852312,22.0,30.0,0.0,17.66150123069266,40.402777770824517,12.0,30.0,0.0,17.570129683263614,40.651121665239958,22.0,30.0,0.0,17.494501070527833,41.05171944022206,12.0,30.0,0.0,16.30416849110216,45.809019567948428,12.0,30.0,0.0,18.101680692809045,40.99409281272267,12.0,30.0,0.0,16.887720641996148,43.60874898138067,10.0,30.0,0.0,14.684229355571702,50.79679161610691,12.0,30.0,0.0,17.161765538239338,43.40661030124463,20.0,30.0,0.0,16.797988706164366,0.0,0.0,0.0,12.551340351453689,0.0,0.0,502.23053993619507,492.7422624511088,495.1658509237243,501.75476532142099,558.7472066431357,897.8373952456879,551.9412295218158,626.4064199374618,800.0875952133391,0.0,82.0960887597291,82.0960887597291,60.0,0.0,60.0,60.0,12.0,12.0,12.0,19.0,12.0,12.0,21.0,10.0,0.0,0.0,0.0,0.0,0.0,0.0,0.0,0.0,0.0,0.0,0.0,0.0,0.0,82.0960887597291,82.0960887597291,0.0,0.0,0.0,82.0960887597291,0.0,0.0,0.0008033333333333333 
 03/21  02:30:00,4.494999999999999,83.5,4.595,0.0,0.0,0.0,0.0,0.0,2.0,2.0,0.0,0.0,0.0,0.0,0.0,1372.0,0.0,0.0,0.0,0.0,0.0,0.0,0.0,0.0,0.0,0.0,0.0,17.83251156156032,-196.90265475241996,17.789189405684938,-143.81818242481405,17.77337953657193,-148.84168761279126,17.765883118163854,-174.82532246556503,16.292573719011327,-4.342517975326999,17.848972260356314,-23.003912421622404,16.898026390644867,-45.145877448066929,15.06157350374115,-194.0063244286374,17.026347206307578,-51.120535278006119,592.6077461314526,523.3840286788865,0.0,0.0,0.0,0.0,0.0,0.0,0.0,0.0,0.0,0.0,0.0,0.0,0.0,0.0,0.0,0.0,0.0,0.0,0.0,0.0,0.0,0.0,1.4162303140735773,0.43230473567569518,403.165289298815,476.81125983876759,10453.571031082545,0.25441898391653758,0.0388307362509978,209.28885277892904,247.6302412878053,5428.479472494169,1.36097453390269,0.2571758378500927,395.88119048273406,468.31627817800338,10218.139661442623,0.25860758764792887,0.04886764694783234,221.948665127563,262.3518780486514,5774.588952681192,0.0,0.0,7.027431660539935,8.340668472382604,165.98873056095079,0.0,0.0,11.144455088666338,13.149883107870032,301.25163126281549,0.0,0.0,68.20914417019275,80.82507882473084,1679.595120392431,0.0,0.0,44.91344213940682,53.63433467848452,915.979462309821,0.0,0.0,20.361287410733966,24.099833710636145,515.1858676461388,37.23184179911338,25.536242660571604,580.8579461522528,688.856798390372,15126.774181257028,0.0,0.0,57.12961867175662,68.73403381702133,926.4399994752141,0.0,17.43594703029322,40.933647257054577,22.0,30.0,0.0,17.49277608257436,40.35714619855371,12.0,30.0,0.0,17.37568222937167,40.90065749071327,22.0,30.0,0.0,17.53302545432883,40.76212741854498,12.0,30.0,0.0,16.266024118087505,45.758554519441847,12.0,30.0,0.0,18.05180367568478,40.97462904966933,12.0,30.0,0.0,16.785433479875754,43.372672123370509,10.0,30.0,0.0,14.596521857916918,50.65757552488988,12.0,30.0,0.0,17.143647813082177,43.18938864369324,20.0,30.0,0.0,16.740353047579999,0.0,0.0,0.0,12.449371763045534,0.0,0.0,500.0094818932406,487.1995651435568,494.0183379800553,501.2655845263658,561.3819747333021,889.5410673290884,549.1063748834599,628.5334114890047,791.1969554846698,0.0,82.0960887597291,82.0960887597291,60.0,0.0,60.0,60.0,12.0,12.0,12.0,19.0,12.0,12.0,21.0,10.0,0.0,0.0,0.0,0.0,0.0,0.0,0.0,0.0,0.0,0.0,0.0,0.0,0.0,82.0960887597291,82.0960887597291,0.0,0.0,0.0,82.0960887597291,0.0,0.0,0.0007866666666666667 
 03/21  02:40:00,4.363333333333333,83.66666666666667,4.583333333333333,0.0,0.0,0.0,0.0,0.0,2.0,2.0,0.0,0.0,0.0,0.0,0.0,1372.0,0.0,0.0,0.0,0.0,0.0,0.0,0.0,0.0,0.0,0.0,0.0,17.682631487500097,-70.02493563946337,17.771031238542159,-196.57428027799234,17.7702369663888,-269.8230855442589,17.639495309630826,-111.7442871652811,16.25615547040333,-4.528419247186406,17.795160805994454,-23.287450026141927,16.859513857790867,-60.49928147465528,14.984237230986217,-196.16687096797524,17.00380030186012,-53.38708066279065,588.4225859961607,531.2296049510004,0.0,0.0,0.0,0.0,0.0,0.0,0.0,0.0,0.0,0.0,0.0,0.0,0.0,0.0,0.0,0.0,0.0,0.0,0.0,0.0,0.0,0.0,1.4309647360990328,0.43680242249665227,396.3559610361219,468.99365801120646,10249.538579430855,0.2542665618075054,0.03880747280334332,207.7968391149978,245.59243680752435,5451.144757240905,1.3450464323409737,0.254165992505853,392.6814718783429,464.4099448728789,10267.654452181454,0.2600240554313743,0.04913530903843051,221.8008528659176,262.46230468669219,5757.084633679013,0.0,0.0,6.891073804095722,8.18543013842152,164.1105139839571,0.0,0.0,11.428330995293895,13.488091699782967,310.68314694787719,0.0,0.0,65.57740937899219,77.75487027461296,1628.6968070321873,0.0,0.0,44.96793047178177,53.71721627426602,921.3767865608913,0.0,0.0,21.764411595356934,25.766403542181778,555.3909421944651,37.20720734228465,25.51934659964654,575.9447785316637,683.1659891412671,15070.440947162913,0.0,0.0,57.127496873563277,68.76448495707042,929.7346352601321,0.0,17.238983313816079,41.18269866703231,22.0,30.0,0.0,17.5194766860943,40.23864963998391,12.0,30.0,0.0,17.427697639601719,40.48684395958537,22.0,30.0,0.0,17.355846279415446,40.85496840518792,12.0,30.0,0.0,16.229145681015099,45.42247252332441,12.0,30.0,0.0,17.995074335315559,40.68315242951033,12.0,30.0,0.0,16.75578015249693,43.4374752120577,10.0,30.0,0.0,14.508976274643656,50.73300943348782,12.0,30.0,0.0,17.119290762558756,42.88221063357914,20.0,30.0,0.0,16.660823990680574,0.0,0.0,0.0,12.343633269636396,0.0,0.0,498.25745762815668,490.2333199242245,492.80795948842379,497.67763624910949,560.5865978231038,879.7785323161572,553.4250360992094,633.3043619999058,778.8365558308897,0.0,82.0960887597291,82.0960887597291,60.0,0.0,60.0,60.0,12.0,12.0,12.0,19.0,12.0,12.0,21.0,10.0,0.0,0.0,0.0,0.0,0.0,0.0,0.0,0.0,0.0,0.0,0.0,0.0,0.0,82.0960887597291,82.0960887597291,0.0,0.0,0.0,82.0960887597291,0.0,0.0,0.0007700000000000001 
 03/21  02:50:00,4.2316666666666669,83.83333333333333,4.571666666666666,0.0,0.0,0.0,0.0,0.0,2.0,2.0,0.0,0.0,0.0,0.0,0.0,1372.0,0.0,0.0,0.0,0.0,0.0,0.0,0.0,0.0,0.0,0.0,0.0,17.689218829919004,-195.87218242274049,17.64702852007237,-143.03762627484685,17.62935642763786,-146.6569667627955,17.634508145482898,-177.9686964079956,16.218492081579698,-4.669341669245767,17.744268908682174,-24.386673434513427,16.783442095837875,-50.60592975690008,14.908098322601159,-200.2289691717209,16.97987470036395,-56.88128445343517,593.5852575853605,542.7966886917875,0.0,0.0,0.0,0.0,0.0,0.0,0.0,0.0,0.0,0.0,0.0,0.0,0.0,0.0,0.0,0.0,0.0,0.0,0.0,0.0,0.0,0.0,1.432338020050718,0.43722161784209959,405.62260911007305,479.9837184637105,10620.905348340919,0.2574086559510346,0.03928703540156206,211.15792684081209,249.97950220562158,5530.86365023147,1.3762190320683816,0.26005650643771396,399.1736303720154,472.4749653800901,10405.299458466809,0.26141628615803488,0.049398391186325548,224.28296176600163,265.2547220744201,5893.9583659899649,0.0,0.0,7.02434233698172,8.339791784128789,168.5948622175449,0.0,0.0,11.522963991447309,13.602509333137089,315.1704873664239,0.0,0.0,67.78670240734567,80.36606505985023,1687.8188461140895,0.0,0.0,45.658205603444248,54.56015830289284,940.0293334730211,0.0,0.0,22.413814186616088,26.536008588874294,576.7598468351891,37.203348566662558,25.516699977134818,585.9716670693192,695.308278678353,15413.828321710604,0.0,0.0,57.81572938396364,69.6140203377727,945.1355045916434,0.0,17.293617821217294,40.7564270154876,22.0,30.0,0.0,17.351147018913499,40.19069566178854,12.0,30.0,0.0,17.23408573739751,40.73609946406903,22.0,30.0,0.0,17.394939502728748,40.57275697769964,12.0,30.0,0.0,16.19031129711236,45.38713167477238,12.0,30.0,0.0,17.94451195798186,40.68942362084603,12.0,30.0,0.0,16.6541817135255,43.18724382651587,10.0,30.0,0.0,14.423638551633932,50.58079155735142,12.0,30.0,0.0,17.093859503021905,42.70429846656286,20.0,30.0,0.0,16.60194604104825,0.0,0.0,0.0,12.244976281880862,0.0,0.0,496.57207011896198,485.213093841478,491.9357570958218,497.68773390215406,562.8667606691463,873.2159523050236,549.8807695604039,632.8092714715349,772.3110345170894,0.0,82.0960887597291,82.0960887597291,60.0,0.0,60.0,60.0,12.0,12.0,12.0,19.0,12.0,12.0,21.0,10.0,0.0,0.0,0.0,0.0,0.0,0.0,0.0,0.0,0.0,0.0,0.0,0.0,0.0,82.0960887597291,82.0960887597291,0.0,0.0,0.0,82.0960887597291,0.0,0.0,0.0008066666666666666 
 03/21  03:00:00,4.1,84.0,4.56,0.0,0.0,0.0,0.0,0.0,2.0,2.0,0.0,0.0,0.0,0.0,0.0,1372.0,0.0,0.0,0.0,0.0,0.0,0.0,0.0,0.0,0.0,0.0,0.0,17.5401297274104,-68.73991221841425,17.628962954464499,-196.67954973909083,17.62639856472382,-269.20766836771056,17.507837849261706,-113.88201326163198,16.181127498493177,-4.808691757578714,17.68996290559353,-24.600179249706799,16.744475098675914,-65.33650354521547,14.831632973172593,-202.1478950834579,16.95253489122051,-59.168898502159269,589.6974685002642,549.9937409386446,0.0,0.0,0.0,0.0,0.0,0.0,0.0,0.0,0.0,0.0,0.0,0.0,0.0,0.0,0.0,0.0,0.0,0.0,0.0,0.0,0.0,0.0,1.4473821485610943,0.44181384266211667,398.90599629676947,472.27800983803328,10417.641226310672,0.2574398771149701,0.039291800536472857,209.4388140982041,247.67258045785793,5547.678572190847,1.360992777850666,0.25717928530813807,396.2500995711847,468.8916385047165,10462.384221998385,0.26279500791930518,0.04965892061967216,224.28796595941527,265.5536187107981,5880.031527320786,0.0,0.0,6.879972754650767,8.174954997054908,166.45941109878866,0.0,0.0,11.767013325566513,13.894003190016126,323.64661288908317,0.0,0.0,65.41765801106553,77.60512032844487,1642.722869122838,0.0,0.0,45.676068711332288,54.59925148520347,944.9220496453424,0.0,0.0,23.590089155907628,27.935066525423485,611.8622147059538,37.18043014766914,25.500980896892423,581.1094924954562,689.678371655766,15358.124148990228,0.0,0.0,57.77719813837822,69.6002352272028,948.2248529761799,0.0,17.09757874027663,41.00267936810388,22.0,30.0,0.0,17.37751170777809,40.08097799644617,12.0,30.0,0.0,17.285538279630996,40.32830578272119,22.0,30.0,0.0,17.217330532962714,40.66702501949366,12.0,30.0,0.0,16.152520581399999,45.051702073008438,12.0,30.0,0.0,17.887317062743024,40.39730390870286,12.0,30.0,0.0,16.62472720603489,43.261022725581188,10.0,30.0,0.0,14.337970219342543,50.6457675582354,12.0,30.0,0.0,17.063567056848986,42.43027557799071,20.0,30.0,0.0,16.522325391705907,0.0,0.0,0.0,12.142282469978085,0.0,0.0,495.15623598795517,488.3212420419217,490.94412889022638,494.50657430247079,561.567554242298,865.200228885912,553.2995659190599,635.2454791224548,762.7173178464569,0.0,82.0960887597291,82.0960887597291,60.0,0.0,60.0,60.0,12.0,12.0,12.0,19.0,12.0,12.0,21.0,10.0,0.0,0.0,0.0,0.0,0.0,0.0,0.0,0.0,0.0,0.0,0.0,0.0,0.0,82.0960887597291,82.0960887597291,0.0,0.0,0.0,82.0960887597291,0.0,0.0,0.0008433333333333333 
 03/21  03:10:00,3.9816666666666666,84.33333333333333,4.568333333333333,0.0,0.0,0.0,0.0,0.0,2.0,2.0,0.0,0.0,0.0,0.0,0.0,1372.0,0.0,0.0,0.0,0.0,0.0,0.0,0.0,0.0,0.0,0.0,0.0,17.546657195350954,-195.15875707568285,17.50496271689718,-142.53029891240477,17.485910086702828,-144.9366881804117,17.503028829119736,-181.06871636080315,16.14264598143162,-4.939254980474516,17.638418521889368,-25.62116716587471,16.66803882761425,-55.67340268885812,14.756158853105998,-206.055745210253,16.924357940874537,-62.52759185517226,595.2557020902223,561.2051512681908,0.0,0.0,0.0,0.0,0.0,0.0,0.0,0.0,0.0,0.0,0.0,0.0,0.0,0.0,0.0,0.0,0.0,0.0,0.0,0.0,0.0,0.0,1.4464600726707624,0.44153237871512898,407.54419359237326,482.51617125410407,10764.41611526037,0.2600414543459172,0.03968886665841227,212.63018997345149,251.85661217081958,5617.888489783314,1.3895341573500205,0.2625725920918407,401.855105664736,475.90511416583049,10567.144435896917,0.26382545978444618,0.04985363941505028,226.15814968044465,267.61235956539459,5996.291361035766,0.0,0.0,7.012768751054859,8.32872884757118,170.78128666581945,0.0,0.0,11.844203463324929,13.98767377260274,327.40776730163989,0.0,0.0,67.46179242403105,80.0206402160661,1696.5189854053745,0.0,0.0,46.34022586713353,55.41057327183067,962.1235487934048,0.0,0.0,24.110378450248704,28.552343642004688,629.634274672269,37.23922836085984,25.541308889478637,590.0402971587597,700.513970593282,15660.340276793686,0.0,0.0,58.45040960186155,70.43076214982864,962.2363674973626,0.0,17.151435402989937,40.58790393874442,22.0,30.0,0.0,17.20925996064316,40.03423627624931,12.0,30.0,0.0,17.092286811168415,40.58082365061851,22.0,30.0,0.0,17.256887223467904,40.392596139523757,12.0,30.0,0.0,16.112998770748406,45.02772229324022,12.0,30.0,0.0,17.836249537362464,40.42272210043281,12.0,30.0,0.0,16.523431813920284,43.00213328002941,10.0,30.0,0.0,14.254208153064358,50.488200560133268,12.0,30.0,0.0,17.03311983132113,42.27714920022568,20.0,30.0,0.0,16.461998822225007,0.0,0.0,0.0,12.04632255176444,0.0,0.0,493.81443311423586,483.64181414074758,490.2352998476904,494.82373399792666,563.2651186586938,859.9756000870006,549.6291367825288,633.754744645406,757.7598056677323,0.0,82.0960887597291,82.0960887597291,60.0,0.0,60.0,60.0,12.0,12.0,12.0,19.0,12.0,12.0,21.0,10.0,0.0,0.0,0.0,0.0,0.0,0.0,0.0,0.0,0.0,0.0,0.0,0.0,0.0,82.0960887597291,82.0960887597291,0.0,0.0,0.0,82.0960887597291,0.0,0.0,0.00088 
 03/21  03:20:00,3.8633333333333335,84.66666666666667,4.576666666666666,0.0,0.0,0.0,0.0,0.0,2.0,2.0,0.0,0.0,0.0,0.0,0.0,1372.0,0.0,0.0,0.0,0.0,0.0,0.0,0.0,0.0,0.0,0.0,0.0,17.397826361241319,-67.87784975459454,17.486555181611366,-196.9616053427876,17.483050002270568,-269.10712485014576,17.375658090676013,-116.1279268750418,16.10435445180878,-5.0338238295245649,17.583328838055185,-25.811668735665167,16.62844104815603,-69.88855782473968,14.680133548190469,-207.8027279071357,16.893255437779748,-64.79924484339506,591.9487567509914,568.010484133141,0.0,0.0,0.0,0.0,0.0,0.0,0.0,0.0,0.0,0.0,0.0,0.0,0.0,0.0,0.0,0.0,0.0,0.0,0.0,0.0,0.0,0.0,1.4597875413338267,0.4456005925927432,400.88719796572789,474.8742512591154,10550.04077081521,0.2598452335559695,0.039658918430398277,210.71458675317937,249.31272995868597,5623.693393949242,1.37285470379017,0.25942076791197479,399.0258310371367,472.422179616631,10616.079002563134,0.2647902177473346,0.05003594439669963,226.20803683040863,267.96649069834975,5976.901168822913,0.0,0.0,6.867526988533234,8.162629972955836,168.3743671617994,0.0,0.0,12.067862853242982,14.25510688547617,335.0997640096291,0.0,0.0,65.36041614999253,77.57411498536115,1655.7646660176516,0.0,0.0,46.33659580064164,55.42306304645483,965.4857747718506,0.0,0.0,25.140655338519129,29.77887585355036,660.8080779608554,37.279216865602837,25.568735847464227,585.0333116970662,694.7008317661837,15584.081269310911,0.0,0.0,58.39957688313367,70.40068791949776,963.8148001142171,0.0,16.955679101443459,40.83960429678619,22.0,30.0,0.0,17.235187728373469,39.939707527253379,12.0,30.0,0.0,17.143336934837309,40.18592630035488,22.0,30.0,0.0,17.07843989060378,40.49553628343344,12.0,30.0,0.0,16.07429614463972,44.69248633278474,12.0,30.0,0.0,17.77850113188166,40.128469227484817,12.0,30.0,0.0,16.493895600800287,43.086355271708729,10.0,30.0,0.0,14.169707952776813,50.54854012731704,12.0,30.0,0.0,16.998540362092883,42.026205327220839,20.0,30.0,0.0,16.38146190380236,0.0,0.0,0.0,11.945800155673038,0.0,0.0,492.6165929018392,486.74682261536307,489.38155577008117,491.9220005920907,561.4718771639266,853.1848283813024,552.53944522346,635.2056841321612,750.0610818462239,0.0,82.0960887597291,82.0960887597291,60.0,0.0,60.0,60.0,12.0,12.0,12.0,19.0,12.0,12.0,21.0,10.0,0.0,0.0,0.0,0.0,0.0,0.0,0.0,0.0,0.0,0.0,0.0,0.0,0.0,82.0960887597291,82.0960887597291,0.0,0.0,0.0,82.0960887597291,0.0,0.0,0.00088 
 03/21  03:30:00,3.745,85.0,4.585,0.0,0.0,0.0,0.0,0.0,2.0,2.0,0.0,0.0,0.0,0.0,0.0,1372.0,0.0,0.0,0.0,0.0,0.0,0.0,0.0,0.0,0.0,0.0,0.0,17.40433013899503,-194.81949543942847,17.362509109787788,-142.2615242486081,17.342564989710199,-143.66638479467748,17.37101305875244,-184.1445871041842,16.065069988849808,-5.163519083203383,17.53135735567006,-26.76827903173296,16.551660122849876,-60.46913238111961,14.605029638420789,-211.62745875008774,16.861724544063486,-68.03781726846916,597.4182650610492,578.92567383942,0.0,0.0,0.0,0.0,0.0,0.0,0.0,0.0,0.0,0.0,0.0,0.0,0.0,0.0,0.0,0.0,0.0,0.0,0.0,0.0,0.0,0.0,1.4588266493968796,0.4453072800356776,408.690501977268,484.12382127656567,10876.910672795364,0.26237355734349818,0.04004480423435564,213.5819395484907,253.1141431827457,5685.663166356031,1.401169661667161,0.2647712890527516,403.65724862264576,478.28712661345119,10695.60312458553,0.26588318880644259,0.050242477098723068,227.4235854583887,269.2453678784511,6076.877779978378,0.0,0.0,6.997364201082423,8.313002254001452,172.6547144155707,0.0,0.0,12.129344196942752,14.330294778575585,338.47385288220257,0.0,0.0,67.20772678110503,79.75740651878646,1705.0440128186788,0.0,0.0,46.97910376831338,56.20900955215299,982.4745608333276,0.0,0.0,25.568992071646404,30.288114747695859,676.4200030309044,37.33794309760411,25.609014470236028,592.6696275365183,704.0030566430162,15854.452938249517,0.0,0.0,59.052481752820998,71.20718526389695,977.7587550992051,0.0,17.0089851964697,40.44122205257188,22.0,30.0,0.0,17.06662360286234,39.899540593133327,12.0,30.0,0.0,16.949830691805329,40.44631557277694,22.0,30.0,0.0,17.11842837677678,40.23473622415466,12.0,30.0,0.0,16.034087489903468,44.68057489757577,12.0,30.0,0.0,17.726919755373609,40.171195070064317,12.0,30.0,0.0,16.39265432957488,42.82803704732386,10.0,30.0,0.0,14.086905329088364,50.39220243575204,12.0,30.0,0.0,16.964329423955499,41.89312778191763,20.0,30.0,0.0,16.319822733351523,0.0,0.0,0.0,11.851308970116105,0.0,0.0,491.4989043653018,482.296418707365,488.77609215607267,492.4356285911457,562.7223977371639,848.9319414449503,549.0138732519515,633.3905926088693,746.1571643539616,0.0,82.0960887597291,82.0960887597291,60.0,0.0,60.0,60.0,12.0,12.0,12.0,19.0,12.0,12.0,21.0,10.0,0.0,0.0,0.0,0.0,0.0,0.0,0.0,0.0,0.0,0.0,0.0,0.0,0.0,82.0960887597291,82.0960887597291,0.0,0.0,0.0,82.0960887597291,0.0,0.0,0.00088 
 03/21  03:40:00,3.6266666666666667,85.33333333333333,4.593333333333334,0.0,0.0,0.0,0.0,0.0,2.0,2.0,0.0,0.0,0.0,0.0,0.0,1372.0,0.0,0.0,0.0,0.0,0.0,0.0,0.0,0.0,0.0,0.0,0.0,17.255667758153444,-67.26915485670725,17.344070933143266,-197.3598383229746,17.339878462428595,-269.2447369765405,17.242898381576724,-118.46392213723039,16.025875517292783,-5.215372036992591,17.475839468155237,-26.944852358228844,16.511586048994358,-74.32115703074203,14.529205418486278,-213.2520385773994,16.82760558920839,-70.28687879038296,594.22574650139,585.3860071942592,0.0,0.0,0.0,0.0,0.0,0.0,0.0,0.0,0.0,0.0,0.0,0.0,0.0,0.0,0.0,0.0,0.0,0.0,0.0,0.0,0.0,0.0,1.4723747220878963,0.44944283336016369,401.94417731784997,476.37534417818326,10658.52865180789,0.26229155345343227,0.04003228837811848,211.4337160195768,250.2947531422286,5685.05243876952,1.3848336381046036,0.26168436094191308,400.7659476777085,474.72863007508456,10742.942653503167,0.26683853303824736,0.05042300321962344,227.46116570394026,269.59035984352865,6056.6204492092879,0.0,0.0,6.845938848603723,8.139453208128212,170.0344915163085,0.0,0.0,12.336423817614046,14.57834386231108,345.78785815411598,0.0,0.0,65.32086781817346,77.5640039909592,1669.2160708175707,0.0,0.0,46.95624140860027,56.19854820828417,985.5443585181421,0.0,0.0,26.49905056354311,31.396610609576898,705.35926606362,37.37822236939738,25.636640856925504,587.368082815922,697.8393758655553,15769.308044144942,0.0,0.0,58.9817244353762,71.15292774974384,979.1715458050915,0.0,16.81304453490892,40.69856386614032,22.0,30.0,0.0,17.09235334648782,39.81851764525752,12.0,30.0,0.0,17.000758581855455,40.063350089367698,22.0,30.0,0.0,16.938953749858066,40.34585086562967,12.0,30.0,0.0,15.994496664529878,44.3503968029882,12.0,30.0,0.0,17.66880233314142,39.877468047766289,12.0,30.0,0.0,16.36283545774743,42.92186223676943,10.0,30.0,0.0,14.003068271743585,50.454763549252138,12.0,30.0,0.0,16.926453855073644,41.6631626153778,20.0,30.0,0.0,16.238624091470699,0.0,0.0,0.0,11.751999956107359,0.0,0.0,490.453382269019,485.37635706715136,488.01689709258178,489.7285605439826,560.6332288258429,843.0497990135228,551.6136321743261,634.425609410283,739.8428523959266,0.0,82.0960887597291,82.0960887597291,60.0,0.0,60.0,60.0,12.0,12.0,12.0,19.0,12.0,12.0,21.0,10.0,0.0,0.0,0.0,0.0,0.0,0.0,0.0,0.0,0.0,0.0,0.0,0.0,0.0,82.0960887597291,82.0960887597291,0.0,0.0,0.0,82.0960887597291,0.0,0.0,0.00088 
 03/21  03:50:00,3.5083333333333335,85.66666666666667,4.601666666666667,0.0,0.0,0.0,0.0,0.0,2.0,2.0,0.0,0.0,0.0,0.0,0.0,1372.0,0.0,0.0,0.0,0.0,0.0,0.0,0.0,0.0,0.0,0.0,0.0,17.2621118225253,-194.636693426085,17.21976209191608,-142.25161924283248,17.199132212958177,-142.75614273602424,17.23837957744598,-187.11437630471165,15.9858146245868,-5.343055504880198,17.42340379885497,-27.861451882374526,16.43414472470783,-65.07884213869397,14.454244091335437,-217.01053587078583,16.79327898370937,-73.42486427260303,599.6846872164715,596.0487379032878,0.0,0.0,0.0,0.0,0.0,0.0,0.0,0.0,0.0,0.0,0.0,0.0,0.0,0.0,0.0,0.0,0.0,0.0,0.0,0.0,0.0,0.0,1.4713004172988547,0.4491149014953769,409.0460500077286,484.7953516425707,10968.495436859263,0.2647683475091981,0.04041030944890081,214.03925198703639,253.78637514977707,5740.32658680812,1.413038111996061,0.2670140045344032,404.6138863804124,479.6677555487073,10801.870246294651,0.2679618617379805,0.05063527243726009,228.14112835840053,270.2306386302488,6143.0251918653279,0.0,0.0,6.975297578781841,8.289375352097683,174.33210323977455,0.0,0.0,12.387476785163967,14.641280151916608,348.91206662675406,0.0,0.0,66.97287119303185,79.51660887636565,1713.9086486957397,0.0,0.0,47.5798218601025,56.96235316067081,1002.3370150026885,0.0,0.0,26.86145897685126,31.828553186305773,719.426958001261,37.43673699823068,25.676774347208977,593.9612549884432,705.9051958213368,16013.858784218352,0.0,0.0,59.61649932613433,71.93808864251793,993.0248686360308,0.0,16.866189915352999,40.31163872150169,22.0,30.0,0.0,16.923300972934834,39.78373666290677,12.0,30.0,0.0,16.80662490402935,40.330398010487147,22.0,30.0,0.0,16.979426199915396,40.09494152493528,12.0,30.0,0.0,15.9536323336227,44.35025026722567,12.0,30.0,0.0,17.61677835965024,39.93503475650074,12.0,30.0,0.0,16.261486683215137,42.668477303139699,10.0,30.0,0.0,13.920840358718019,50.30452749012793,12.0,30.0,0.0,16.889233890274828,41.54701607208662,20.0,30.0,0.0,16.175986436522157,0.0,0.0,0.0,11.658463804565294,0.0,0.0,489.48509571386816,481.0828679222552,487.4769672569748,490.37858770593689,561.6068467081797,839.5226554767032,548.3529313260865,632.6071246811519,736.6731752907792,0.0,82.0960887597291,82.0960887597291,60.0,0.0,60.0,60.0,12.0,12.0,12.0,19.0,12.0,12.0,21.0,10.0,0.0,0.0,0.0,0.0,0.0,0.0,0.0,0.0,0.0,0.0,0.0,0.0,0.0,82.0960887597291,82.0960887597291,0.0,0.0,0.0,82.0960887597291,0.0,0.0,0.00087 
 03/21  04:00:00,3.39,86.0,4.61,0.0,0.0,0.0,0.0,0.0,2.0,2.0,0.0,0.0,0.0,0.0,0.0,1372.0,0.0,0.0,0.0,0.0,0.0,0.0,0.0,0.0,0.0,0.0,0.0,17.113101883542244,-66.8643300864369,17.201295562734456,-197.84989680325453,17.196656323056886,-269.53495858638237,17.109435180777206,-120.8829878946799,15.945741778171783,-5.348490836309907,17.367481381243026,-28.038480156422879,16.39316791100792,-78.62013157429226,14.378432799879466,-218.51826860554787,16.75659614449345,-75.65965377199604,596.5888717257931,602.2129537372348,0.0,0.0,0.0,0.0,0.0,0.0,0.0,0.0,0.0,0.0,0.0,0.0,0.0,0.0,0.0,0.0,0.0,0.0,0.0,0.0,0.0,0.0,1.4850527098460025,0.4533127929932853,402.2813602329567,477.02283999341969,10747.93335152093,0.26475989664552426,0.040409019634542787,211.7356624299594,250.78318323627799,5735.180115844159,1.3968651733622264,0.2639578936814488,401.7039653742246,476.08640587997197,10848.548557870548,0.26892113807063025,0.05081654158553101,228.2113022505387,270.61883654085258,6123.137928757562,0.0,0.0,6.816249236052301,8.106651166686662,171.45822516508248,0.0,0.0,12.583952370838187,14.87697203805293,356.00528605791046,0.0,0.0,65.2761456392312,77.54779580335409,1682.4259923116616,0.0,0.0,47.54055052839341,56.93234823330193,1005.1388328739687,0.0,0.0,27.7254895153798,32.859406848805949,746.9630541079625,37.477080112878898,25.70444452186482,588.4832731028969,699.5310097095005,15922.568994039248,0.0,0.0,59.527565033952438,71.86174190159332,994.2655861939184,0.0,16.669665585987489,40.57448688115118,22.0,30.0,0.0,16.94894502224902,39.712391512219458,12.0,30.0,0.0,16.85767071064113,39.95589692291303,22.0,30.0,0.0,16.798809287536927,40.21298403901856,12.0,30.0,0.0,15.913183491996725,44.027492512162428,12.0,30.0,0.0,17.558326186240714,39.6433381888874,12.0,30.0,0.0,16.230955661603426,42.768848431767107,10.0,30.0,0.0,13.837360751478237,50.370844192962767,12.0,30.0,0.0,16.84865863689011,41.335531713870519,20.0,30.0,0.0,16.094107746209994,0.0,0.0,0.0,11.560089459405513,0.0,0.0,488.55261493743827,484.1357848624566,486.7834776115517,487.80653579518818,559.3951437564999,834.3196813021085,550.7013114760435,633.4594512597088,731.3880533155347,0.0,82.0960887597291,82.0960887597291,60.0,0.0,60.0,60.0,12.0,12.0,12.0,19.0,12.0,12.0,21.0,10.0,0.0,0.0,0.0,0.0,0.0,0.0,0.0,0.0,0.0,0.0,0.0,0.0,0.0,82.0960887597291,82.0960887597291,0.0,0.0,0.0,82.0960887597291,0.0,0.0,0.00086 
 03/21  04:10:00,3.3433333333333339,86.0,4.543333333333334,0.0,0.0,0.0,0.0,0.0,2.0,2.0,0.0,0.0,0.0,0.0,0.0,1372.0,0.0,0.0,0.0,0.0,0.0,0.0,0.0,0.0,0.0,0.0,0.0,17.12152572023825,-193.29149304293333,17.079652815285916,-141.10851556954459,17.057523689584828,-140.91450158097724,17.10714263744083,-188.2411197680417,15.905053170821806,-5.4710613380645018,17.31655417336167,-28.863100448869518,16.315160105863386,-69.63758925431285,14.304213010025466,-222.16861907673275,16.720471135320815,-78.69462928467692,593.0398287378375,611.6316398253447,0.0,0.0,0.0,0.0,0.0,0.0,0.0,0.0,0.0,0.0,0.0,0.0,0.0,0.0,0.0,0.0,0.0,0.0,0.0,0.0,0.0,0.0,1.4727181084625923,0.44954765215585848,408.1995736683871,484.0545866286653,10972.033071721606,0.26500717999909248,0.04044676129412278,213.93671049001757,253.8025031590652,5750.426969891612,1.4139895671534782,0.26719379575840487,404.19283956175056,479.42888456707149,10815.4722919985,0.2680254053995603,0.05064727993188969,228.02572424699526,270.23788999211248,6155.276866537682,0.0,0.0,6.916259544728689,8.222088907525038,174.05677067480938,0.0,0.0,12.597719781962742,14.896403226833478,356.3419621440063,0.0,0.0,66.5142776312127,79.01266265514647,1707.2868487451224,0.0,0.0,48.106891703897598,57.63012758898752,1014.0086750939148,0.0,0.0,28.038496724437445,33.234780854890377,755.9035741012763,37.27885874313881,25.568490221631568,593.4748662792893,705.7002941074595,16041.30095639973,0.0,0.0,60.020853265410469,72.47951915025881,997.1063957955975,0.0,16.72657226540622,40.190503666210478,22.0,30.0,0.0,16.782141189040858,39.678087048892958,12.0,30.0,0.0,16.66600179160858,40.22454772067627,22.0,30.0,0.0,16.842092628124918,39.96788690676806,12.0,30.0,0.0,15.87193845907081,44.03978144170745,12.0,30.0,0.0,17.506766529882044,39.713183437224447,12.0,30.0,0.0,16.12929199470999,42.52790469245504,10.0,30.0,0.0,13.755915426214349,50.22893601896467,12.0,30.0,0.0,16.809176967051049,41.234788701841107,20.0,30.0,0.0,16.039944282103666,0.0,0.0,0.0,11.466404270757149,0.0,0.0,487.7155317270721,479.95647685302756,486.3159276209037,488.5936077047153,560.2461058867913,831.5172003546763,547.9769249206436,631.8710227380739,728.8139830852712,0.0,82.0960887597291,82.0960887597291,60.0,0.0,60.0,60.0,12.0,12.0,12.0,19.0,12.0,12.0,21.0,10.0,0.0,0.0,0.0,0.0,0.0,0.0,0.0,0.0,0.0,0.0,0.0,0.0,0.0,82.0960887597291,82.0960887597291,0.0,0.0,0.0,82.0960887597291,0.0,0.0,0.00085 
 03/21  04:20:00,3.296666666666667,86.0,4.476666666666667,0.0,0.0,0.0,0.0,0.0,2.0,2.0,0.0,0.0,0.0,0.0,0.0,1372.0,0.0,0.0,0.0,0.0,0.0,0.0,0.0,0.0,0.0,0.0,0.0,16.975881227547533,-65.41044420668914,17.065166761525516,-194.09773789547627,17.058388601564077,-264.9537226708926,16.982038329375017,-121.16313228918534,15.864394444537176,-5.427290583699914,17.26284639273652,-29.003009518761958,16.273567238788386,-82.52356801316341,14.22928234705094,-223.5215721817757,16.682422155422559,-80.8699791662774,582.0295552153857,616.6081005048106,0.0,0.0,0.0,0.0,0.0,0.0,0.0,0.0,0.0,0.0,0.0,0.0,0.0,0.0,0.0,0.0,0.0,0.0,0.0,0.0,0.0,0.0,1.4758852979553634,0.4505144377153124,398.9489949168032,473.33642302359228,10631.34783375667,0.2633011129852815,0.04018637255575115,210.09579843399133,248.9823667324221,5675.558333069528,1.3886784420262069,0.2624108922952017,399.4014231340867,473.6245422695913,10758.549973951567,0.2669428117589594,0.05044270819330297,227.28924884697657,269.6765827442409,6083.427142788729,0.0,0.0,6.730961368394768,8.00826323432712,169.51635451186474,0.0,0.0,12.751814374835272,15.082600286026663,360.50886509518349,0.0,0.0,64.86464264280738,77.10137096911441,1667.4867872384387,0.0,0.0,48.03196249384235,57.55944229113808,1009.2739239980685,0.0,0.0,28.860576209485715,34.21775413453611,778.4441288531963,37.067472213726208,25.423506319428136,584.6984301764317,695.3950341600801,15785.092770035779,0.0,0.0,59.812904070792928,72.26167615392814,987.8263832499374,0.0,16.535962185374808,40.447301629917308,22.0,30.0,0.0,16.812084695777217,39.612104312408408,12.0,30.0,0.0,16.722551240824538,39.8502093982727,22.0,30.0,0.0,16.666699820355228,40.07934588680716,12.0,30.0,0.0,15.831160808444239,43.72952927882663,12.0,30.0,0.0,17.449827099696518,39.423514358013438,12.0,30.0,0.0,16.098340072186596,42.636669935353967,10.0,30.0,0.0,13.673445158637087,50.30064438125294,12.0,30.0,0.0,16.766914230783667,41.04035414732924,20.0,30.0,0.0,15.970277566146088,0.0,0.0,0.0,11.369157454895469,0.0,0.0,486.91499062508987,483.05122725751678,485.735784372453,486.12784277968526,558.1541750530516,827.2669095341839,550.3361412488856,633.0037143398004,724.4655510053699,0.0,82.0960887597291,82.0960887597291,60.0,0.0,60.0,60.0,12.0,12.0,12.0,19.0,12.0,12.0,21.0,10.0,0.0,0.0,0.0,0.0,0.0,0.0,0.0,0.0,0.0,0.0,0.0,0.0,0.0,82.0960887597291,82.0960887597291,0.0,0.0,0.0,82.0960887597291,0.0,0.0,0.0008366666666666668 
 03/21  04:30:00,3.25,86.0,4.41,0.0,0.0,0.0,0.0,0.0,2.0,2.0,0.0,0.0,0.0,0.0,0.0,1372.0,0.0,0.0,0.0,0.0,0.0,0.0,0.0,0.0,0.0,0.0,0.0,16.9864658364274,-189.18610372083186,16.947416330751446,-139.18281551228803,16.922676779666426,-139.3409183718395,16.981764598847279,-186.14271025653216,15.823228008845412,-5.5292049786692989,17.212633093614035,-29.773682647151163,16.196150867124744,-73.30562178603691,14.155500155487829,-226.95929285988053,16.64461320227828,-83.74157454355799,579.7053120911642,625.6424561470567,0.0,0.0,0.0,0.0,0.0,0.0,0.0,0.0,0.0,0.0,0.0,0.0,0.0,0.0,0.0,0.0,0.0,0.0,0.0,0.0,0.0,0.0,1.463624848678098,0.4467719318309213,403.5842475253712,478.84190482717147,10824.08668112105,0.26347429175608857,0.04021280399207701,211.60117114992887,251.16725936304045,5674.588276228846,1.4053444063120249,0.26556016748148628,399.6037099614404,474.2387415111226,10668.82089885584,0.266190745255451,0.05030059434154402,225.73513080461209,267.66605916494566,6080.3097866693219,0.0,0.0,6.836798575707586,8.130786132039625,172.26131471971818,0.0,0.0,12.76138275077069,15.097011821609238,360.7548043413837,0.0,0.0,66.41167917019688,78.93531112162819,1700.4406628748214,0.0,0.0,48.58332993743933,58.239634215401007,1017.8253464721603,0.0,0.0,29.091196200335469,34.49603569847305,785.1051004549447,36.87500008223205,25.2914952553032,586.7297228548696,698.0299479679457,15832.962767537469,0.0,0.0,60.2947542612261,72.86556498145942,990.7284721617484,0.0,16.597045939492618,40.06238022347384,22.0,30.0,0.0,16.65152426538208,39.55967752126593,12.0,30.0,0.0,16.536407639164769,40.10935081306175,22.0,30.0,0.0,16.713487718831567,39.84009509577181,12.0,30.0,0.0,15.789748735020382,43.74849563082611,12.0,30.0,0.0,17.39946894895365,39.49756897790755,12.0,30.0,0.0,15.998600983920868,42.384363981544229,10.0,30.0,0.0,13.593089700809806,50.1682998218899,12.0,30.0,0.0,16.72586929998749,40.95173104618563,20.0,30.0,0.0,15.919889435047037,0.0,0.0,0.0,11.27861445494176,0.0,0.0,486.21154723031136,478.90913447199309,485.3475172835674,487.0897735063339,558.9259229181544,825.1649655475549,547.4565019531463,631.8076730710233,722.5760800035499,0.0,82.0960887597291,82.0960887597291,60.0,0.0,60.0,60.0,12.0,12.0,12.0,19.0,12.0,12.0,21.0,10.0,0.0,0.0,0.0,0.0,0.0,0.0,0.0,0.0,0.0,0.0,0.0,0.0,0.0,82.0960887597291,82.0960887597291,0.0,0.0,0.0,82.0960887597291,0.0,0.0,0.0008233333333333333 
 03/21  04:40:00,3.203333333333333,86.0,4.343333333333334,0.0,0.0,0.0,0.0,0.0,2.0,2.0,0.0,0.0,0.0,0.0,0.0,1372.0,0.0,0.0,0.0,0.0,0.0,0.0,0.0,0.0,0.0,0.0,0.0,16.84399798107532,-64.39890944422587,16.934159285762477,-190.16536984619189,16.92456319046006,-259.5622384140861,16.859861850573926,-121.58607156294693,15.781953912486,-5.433811083572081,17.159564280825188,-29.885984226089904,16.15416182208611,-85.83016962843704,14.081033015555925,-228.0716923311395,16.60498260177139,-85.81883945470929,569.5976114609293,630.2542889149474,0.0,0.0,0.0,0.0,0.0,0.0,0.0,0.0,0.0,0.0,0.0,0.0,0.0,0.0,0.0,0.0,0.0,0.0,0.0,0.0,0.0,0.0,1.467545648344762,0.44796875712599579,393.5068565184926,467.12312936302319,10466.027768477488,0.26198969576990108,0.03998621730309846,207.3159060859849,245.81965735108396,5588.379406595091,1.381164234448565,0.2609909740076654,394.736108894528,468.3433884192996,10610.766768853387,0.26519204019214046,0.050111874563896516,225.03781966795186,267.1457684182244,6012.098599177282,0.0,0.0,6.651629860071804,7.9168704735313188,167.71181833814684,0.0,0.0,12.901410105293042,15.266647240461318,364.54509948048448,0.0,0.0,64.54474575925483,76.76286159111928,1655.146984678679,0.0,0.0,48.51380027304275,58.17532059719093,1013.2828313394589,0.0,0.0,29.85906134037937,35.41534721176454,806.1381298135797,36.66859958603341,25.149931128966679,577.417956823678,687.0744601080471,15566.865575021668,0.0,0.0,60.095341786927708,72.65678727489336,982.0461171773702,0.0,16.410705374105889,40.312048504314748,22.0,30.0,0.0,16.68289580435058,39.504107848488178,12.0,30.0,0.0,16.594501045730995,39.740349637001347,22.0,30.0,0.0,16.543118603195727,39.938016229307937,12.0,30.0,0.0,15.748518728319091,43.44750327094805,12.0,30.0,0.0,17.34358560022326,39.20907522435623,12.0,30.0,0.0,15.967353787366136,42.505162910638819,10.0,30.0,0.0,13.51173746856742,50.23520666686257,12.0,30.0,0.0,16.6821855968096,40.769392032845868,20.0,30.0,0.0,15.852575760231084,0.0,0.0,0.0,11.18518413758077,0.0,0.0,485.4993508267578,482.10570176541469,484.8688774647926,484.6706709980797,556.9125791655131,821.5216383907215,550.1702893915125,632.8796226384702,718.9979120458645,0.0,82.0960887597291,82.0960887597291,60.0,0.0,60.0,60.0,12.0,12.0,12.0,19.0,12.0,12.0,21.0,10.0,0.0,0.0,0.0,0.0,0.0,0.0,0.0,0.0,0.0,0.0,0.0,0.0,0.0,82.0960887597291,82.0960887597291,0.0,0.0,0.0,82.0960887597291,0.0,0.0,0.00081 
 03/21  04:50:00,3.1566666666666669,86.0,4.276666666666666,0.0,0.0,0.0,0.0,0.0,2.0,2.0,0.0,0.0,0.0,0.0,0.0,1372.0,0.0,0.0,0.0,0.0,0.0,0.0,0.0,0.0,0.0,0.0,0.0,16.85495610636992,-184.9541296725447,16.819253202790429,-137.59908666454568,16.791371189247149,-137.7908390876073,16.86014385523561,-184.22633182815935,15.740231602590486,-5.521927408161915,17.109758364569545,-30.62802763559216,16.07724289717008,-76.53045653700667,14.007749857500527,-231.2344948804631,16.56563085305074,-88.55294803506155,567.7178068228841,638.7783606488508,0.0,0.0,0.0,0.0,0.0,0.0,0.0,0.0,0.0,0.0,0.0,0.0,0.0,0.0,0.0,0.0,0.0,0.0,0.0,0.0,0.0,0.0,1.4547838433471286,0.44407321225492327,398.09543895012816,472.57754354260228,10657.366646511015,0.26201385298710397,0.03998990430206105,208.68783016826985,247.83767884847038,5585.838303053053,1.3970655125124588,0.26399575066373,394.26672309397687,468.14420265293907,10506.865954982157,0.2643641965710484,0.0499554415289207,222.99698412670416,264.5544648658485,5995.956764536853,0.0,0.0,6.761882030228891,8.044831076506135,170.56545146810005,0.0,0.0,12.906927857986349,15.276245560092362,364.69166736698346,0.0,0.0,66.34521641814523,78.90023322262928,1694.7244329781098,0.0,0.0,49.04384212215931,58.830253665352319,1021.4010563921384,0.0,0.0,30.048930604900428,35.64581358444592,811.638339946157,36.478517291897627,25.01955918511498,578.6377243853144,688.7360195509659,15595.629061580814,0.0,0.0,60.5589782766918,73.23847626511955,984.952315895651,0.0,16.47274207534806,39.93112109578303,22.0,30.0,0.0,16.526530601413616,39.43787125175216,12.0,30.0,0.0,16.41200065011601,39.991978760997429,22.0,30.0,0.0,16.59062917861892,39.70857934582351,12.0,30.0,0.0,15.706753436882615,43.471414562898178,12.0,30.0,0.0,17.293865475435987,39.285894415155897,12.0,30.0,0.0,15.86944821607181,42.24490676831412,10.0,30.0,0.0,13.432561966284869,50.11066294817309,12.0,30.0,0.0,16.639721542591233,40.68977286614475,20.0,30.0,0.0,15.803518741481609,0.0,0.0,0.0,11.09809766307622,0.0,0.0,484.8975411808077,477.97480054497307,484.5334775045467,485.79307018247547,557.6497628194711,819.9138494412506,547.0922280502564,631.9381738544181,717.5485025937664,0.0,82.0960887597291,82.0960887597291,60.0,0.0,60.0,60.0,12.0,12.0,12.0,19.0,12.0,12.0,21.0,10.0,0.0,0.0,0.0,0.0,0.0,0.0,0.0,0.0,0.0,0.0,0.0,0.0,0.0,82.0960887597291,82.0960887597291,0.0,0.0,0.0,82.0960887597291,0.0,0.0,0.0008366666666666668 
 03/21  05:00:00,3.11,86.0,4.21,0.0,0.0,0.0,0.0,0.0,2.0,2.0,0.0,0.0,0.0,0.0,0.0,1372.0,0.0,0.0,0.0,0.0,0.0,0.0,0.0,0.0,0.0,0.0,0.0,16.71458478986709,-63.25609887565042,16.80642524306331,-186.60433216270713,16.79354452567275,-254.3431956882996,16.740416016048664,-122.10637863902821,15.698300156415222,-5.372407152949776,17.05709228442292,-30.718408513025396,16.034615177275538,-88.81056612967359,13.933812990108223,-232.11429685780048,16.52457156475148,-90.521699476935,558.0584698932253,642.9329919447712,0.0,0.0,0.0,0.0,0.0,0.0,0.0,0.0,0.0,0.0,0.0,0.0,0.0,0.0,0.0,0.0,0.0,0.0,0.0,0.0,0.0,0.0,1.4593633571295915,0.44547111023491806,387.51634463588717,460.24389302328026,10289.598491984374,0.26067980116617175,0.0397862944392814,204.20061958329098,242.25136346826674,5494.074862267047,1.3737610619242704,0.2595920374006559,389.3676789263358,462.21514982568137,10447.527955399746,0.26346232525261306,0.04978501988900472,222.3239632656017,264.05878480255145,5930.345081835536,0.0,0.0,6.5733321682229139,7.826645837521001,165.91745183272048,0.0,0.0,13.036682366242355,15.433800956282767,368.20424815228008,0.0,0.0,64.26185891240128,76.46762241660128,1643.948904819819,0.0,0.0,48.97149711573904,58.762441971852997,1016.8913449084463,0.0,0.0,30.758019589607338,36.49602303720979,831.0359218252914,36.27564912859387,24.880417783672074,569.1039090377014,677.5062533888595,15325.83223025813,0.0,0.0,60.35862110554548,73.02740302918147,976.6601970823138,0.0,16.28904751588367,40.17689875852511,22.0,30.0,0.0,16.557951024452465,39.393277365164589,12.0,30.0,0.0,16.470290668120187,39.62937953296483,22.0,30.0,0.0,16.423481665739897,39.79611110765459,12.0,30.0,0.0,15.664964238058142,43.18015777655032,12.0,30.0,0.0,17.2386352166195,39.00125319714925,12.0,30.0,0.0,15.837616489747897,42.374478913449369,10.0,30.0,0.0,13.35242891223594,50.171341389749859,12.0,30.0,0.0,16.594758547934715,40.517486903850478,20.0,30.0,0.0,15.737154498636797,0.0,0.0,0.0,11.008028633380559,0.0,0.0,484.26285558221437,481.28044739845748,484.1412339143658,483.3923376956071,555.731462999461,816.7057207461851,550.1295000559426,632.9159320899883,714.5259584203301,0.0,82.0960887597291,82.0960887597291,60.0,0.0,60.0,60.0,12.0,12.0,12.0,19.0,12.0,12.0,21.0,10.0,0.0,0.0,0.0,0.0,0.0,0.0,0.0,0.0,0.0,0.0,0.0,0.0,0.0,82.0960887597291,82.0960887597291,0.0,0.0,0.0,82.0960887597291,0.0,0.0,0.0008633333333333333 
 03/21  05:10:00,3.111666666666667,85.83333333333334,4.215,0.0,0.0,0.0,0.0,0.0,2.0,2.0,0.0,0.0,0.0,0.0,0.0,1372.0,0.0,0.0,0.0,0.0,0.0,0.0,0.0,0.0,0.0,0.0,0.0,16.725609202618814,-180.9950296654888,16.693599634122035,-136.4055480690281,16.66220683572641,-136.50590235905657,16.740895278235798,-182.54751167104133,15.656036168614922,-5.457083372625718,17.007539091522405,-31.47736100497636,15.95835204663759,-79.3277063270408,13.861155133915356,-235.05258846323194,16.483910468205939,-93.13795763897719,557.0233344503686,651.2479940188991,0.0,0.0,0.0,0.0,0.0,0.0,0.0,0.0,0.0,0.0,0.0,0.0,0.0,0.0,0.0,0.0,0.0,0.0,0.0,0.0,0.0,0.0,1.4426792093992252,0.44037826904738255,392.0827521060782,465.6987710106764,10441.60562272176,0.2599079324224446,0.03966848785446346,205.3912779687963,244.05671514807126,5468.591999686951,1.3856352038673597,0.2618358283951928,388.43136163254186,461.46462278678487,10296.84718734974,0.26189742042933808,0.04948930847115231,219.91269666378893,261.0363647430595,5882.742099943874,0.0,0.0,6.701177782592781,7.976077922435866,168.56967435855464,0.0,0.0,13.051132823869697,15.454628600210463,367.3673020746759,0.0,0.0,66.38311982192254,78.99207452180308,1685.4569033089522,0.0,0.0,49.49283468111548,59.409702660856698,1020.0537594558149,0.0,0.0,30.914772337286615,36.6892215610624,832.6285886927885,36.25683690488455,24.867515023926317,569.5382213076574,678.2560086228921,15280.84722115034,0.0,0.0,60.84078182728251,73.63438565076771,974.2323981576819,0.0,16.35129055888795,39.80256368208125,22.0,30.0,0.0,16.404419565910524,39.31966891288228,12.0,30.0,0.0,16.290190215322185,39.878679845036469,22.0,30.0,0.0,16.470836248159864,39.57974128824638,12.0,30.0,0.0,15.62284604763204,43.208509781446469,12.0,30.0,0.0,17.189252862570215,39.080329105492669,12.0,30.0,0.0,15.741444324555867,42.11038277324852,10.0,30.0,0.0,13.274461033823922,50.05592215043853,12.0,30.0,0.0,16.55105338523692,40.446589314598288,20.0,30.0,0.0,15.68813127965304,0.0,0.0,0.0,10.924489647909777,0.0,0.0,483.7287706004913,477.1308280422685,483.84234073448206,484.65858742920639,556.4294881216717,815.3703927886566,546.7659465470904,632.1400032451545,713.3745302054109,0.0,82.0960887597291,82.0960887597291,60.0,0.0,60.0,60.0,12.0,12.0,12.0,19.0,12.0,12.0,21.0,10.0,0.0,0.0,0.0,0.0,0.0,0.0,0.0,0.0,0.0,0.0,0.0,0.0,0.0,82.0960887597291,82.0960887597291,0.0,0.0,0.0,82.0960887597291,0.0,0.0,0.0008900000000000001 
 03/21  05:20:00,3.1133333333333339,85.66666666666667,4.220000000000001,0.0,0.0,0.0,0.0,0.0,2.0,2.0,0.0,0.0,0.0,0.0,0.0,1372.0,0.0,0.0,0.0,0.0,0.0,0.0,0.0,0.0,0.0,0.0,0.0,16.586832802689135,-62.50795578163434,16.680878115121275,-183.58186330497893,16.664479070503849,-249.85348425162466,16.622791796171449,-122.90521782293172,15.613521161340686,-5.258896803881058,16.955152875351098,-31.57247676556281,15.91530639767078,-91.4554299279763,13.787933524927932,-235.69636173108177,16.441676378946409,-95.00156826314572,548.1766518144177,655.2285940517527,0.0,0.0,0.0,0.0,0.0,0.0,0.0,0.0,0.0,0.0,0.0,0.0,0.0,0.0,0.0,0.0,0.0,0.0,0.0,0.0,0.0,0.0,1.443318911479946,0.4405735383027919,381.2650220075926,453.0806911198107,10034.853464894699,0.25777565475035449,0.039343048649321508,200.8833140412808,238.4569436494063,5356.982166119887,1.3583773156734647,0.256685055871781,383.54400839499547,455.5735585789733,10200.394917036936,0.26021841310736867,0.049172035734574567,219.2541051169277,260.564872139947,5798.145785542252,0.0,0.0,6.518039859916623,7.7644095508224739,163.43897856523086,0.0,0.0,13.184009140694599,15.616621915489592,369.7053165616686,0.0,0.0,64.15722069249725,76.39023045433211,1625.190743895335,0.0,0.0,49.4300738030915,59.3557454030165,1011.0585201942317,0.0,0.0,31.56883380118242,37.476295281966248,847.413044973292,36.2247892360468,24.84553445545049,559.889155220457,666.9088385591764,14956.460583692517,0.0,0.0,60.676161846041889,73.46830173373081,961.0886904541309,0.0,16.169258506943103,40.05167282569169,22.0,30.0,0.0,16.435372760918399,39.29037794078936,12.0,30.0,0.0,16.348348203346768,39.52734291073477,22.0,30.0,0.0,16.30586901097808,39.66372508150643,12.0,30.0,0.0,15.58060354537783,42.92732022745102,12.0,30.0,0.0,17.134435365696129,38.802445291826277,12.0,30.0,0.0,15.709227903324085,42.24570314466253,10.0,30.0,0.0,13.195667461321019,50.11028238986548,12.0,30.0,0.0,16.505021668652739,40.28425249632457,20.0,30.0,0.0,15.621406330245076,0.0,0.0,0.0,10.838617851136114,0.0,0.0,483.15251626969066,480.53550677600239,483.5067374100267,482.2426137346439,554.5526372057448,812.3276342473594,549.9459253980454,632.8589902572936,710.7011890531865,0.0,82.0960887597291,82.0960887597291,60.0,0.0,60.0,60.0,12.0,12.0,12.0,19.0,12.0,12.0,21.0,10.0,0.0,0.0,0.0,0.0,0.0,0.0,0.0,0.0,0.0,0.0,0.0,0.0,0.0,82.0960887597291,82.0960887597291,0.0,0.0,0.0,82.0960887597291,0.0,0.0,0.0009166666666666667 
 03/21  05:30:00,3.115,85.5,4.225,0.0,0.0,0.0,0.0,0.0,2.0,2.0,0.0,0.0,0.0,0.0,0.0,1372.0,0.0,0.0,0.0,0.0,0.0,0.0,0.0,0.0,0.0,0.0,0.0,16.597785661591997,-177.4825471133654,16.569559588562549,-135.50437122879567,16.534442593942229,-135.47545499809713,16.62309716178701,-181.09763388074544,15.570760383561109,-5.342385532743094,16.90572448217282,-32.32216596107915,15.839571153766773,-81.81458995080539,13.715970885423289,-238.30176471782728,16.39982233882222,-97.49083469045184,547.2158257835872,662.8633488732065,0.0,0.0,0.0,0.0,0.0,0.0,0.0,0.0,0.0,0.0,0.0,0.0,0.0,0.0,0.0,0.0,0.0,0.0,0.0,0.0,0.0,0.0,1.427169432252301,0.43564390483891976,385.66032888384145,458.34115994542017,10180.798454971698,0.25712741296650795,0.03924411064812392,201.7936380501642,239.92193435647335,5325.500123474178,1.3708645771186908,0.2590447046709545,382.1377670014917,454.2481042818353,10040.653884233168,0.25876920498921998,0.048898186883828399,216.4866437706665,257.1170345174796,5741.203195738746,0.0,0.0,6.652897807506486,7.922406639183265,166.2451576663313,0.0,0.0,13.194523693155255,15.632827659929536,368.744662819327,0.0,0.0,66.4976903196547,79.17810182024188,1671.8640993013408,0.0,0.0,49.927853332573707,59.975005496044889,1013.6413912533062,0.0,0.0,31.695238869389159,37.633980953231148,848.0307988514014,36.207713693298007,24.833822834909478,559.5601431853028,666.7431992969317,14893.239092386511,0.0,0.0,61.137080080158288,74.04931280689618,958.5724657020619,0.0,16.231568077427878,39.68367579586927,22.0,30.0,0.0,16.283813779490744,39.212392077475779,12.0,30.0,0.0,16.169777796044323,39.77558477529267,22.0,30.0,0.0,16.352822912415229,39.46068936428097,12.0,30.0,0.0,15.538167151598725,42.95699522705411,12.0,30.0,0.0,17.085231685027268,38.880859184438957,12.0,30.0,0.0,15.61454172054148,41.98202544112378,10.0,30.0,0.0,13.119139719076042,49.99986080227374,12.0,30.0,0.0,16.46025708678872,40.21959310913935,20.0,30.0,0.0,15.572497873331198,0.0,0.0,0.0,10.759009362382664,0.0,0.0,482.64393452937568,476.3369441450204,483.2184054332163,483.62577841856457,555.1777657516824,811.1182780937811,546.3123159920206,632.1377501707975,709.7086499294244,0.0,82.0960887597291,82.0960887597291,60.0,0.0,60.0,60.0,12.0,12.0,12.0,19.0,12.0,12.0,21.0,10.0,0.0,0.0,0.0,0.0,0.0,0.0,0.0,0.0,0.0,0.0,0.0,0.0,0.0,82.0960887597291,82.0960887597291,0.0,0.0,0.0,82.0960887597291,0.0,0.0,0.0009433333333333331 
 03/21  05:40:00,3.116666666666667,85.33333333333334,4.23,0.0,0.0,0.0,0.0,0.0,2.0,2.0,0.0,0.0,0.0,0.0,0.0,1372.0,0.0,0.0,0.0,0.0,0.0,0.0,0.0,0.0,0.0,0.0,0.0,16.460043443426117,-61.963875573193039,16.556788227200156,-180.7632728591666,16.536703590444135,-245.53426340001716,16.506158914395713,-123.78225026416613,15.527664665532815,-5.085022359247887,16.853522649528196,-32.39434245127495,15.796104400900955,-93.78364038381972,13.643539759045794,-238.6532232116375,16.35649398688375,-99.24064370359366,538.4250145741971,666.251571308994,0.0,0.0,0.0,0.0,0.0,0.0,0.0,0.0,0.0,0.0,0.0,0.0,0.0,0.0,0.0,0.0,0.0,0.0,0.0,0.0,0.0,0.0,1.4269914431553974,0.43558957361275876,374.66171061910588,445.48629309648006,9774.598246160494,0.2548159134627217,0.03889131768356559,197.2066671405563,234.22920022013745,5212.420337071104,1.3427035697529695,0.2537232747076663,377.04648492300978,448.1202606107552,9939.167318458653,0.25692320375029079,0.0485493582294578,215.76531123327795,256.56697189042839,5656.809036912821,0.0,0.0,6.455937644992241,7.694019429104712,160.79836125603107,0.0,0.0,13.320613346332684,15.786869026709871,370.8583934268302,0.0,0.0,64.30469801545077,76.61220618152649,1612.8984601261046,0.0,0.0,49.856505277199897,59.91054771255022,1004.5685649691006,0.0,0.0,32.30997493392301,38.374947221951789,861.5207688386483,36.175893907890188,24.811998565082438,549.6460028153938,655.0702190725436,14565.65792588058,0.0,0.0,60.9636763973873,73.87130087024923,945.7646466464711,0.0,16.05029765318946,39.93616957424413,22.0,30.0,0.0,16.31421357219574,39.19486504722881,12.0,30.0,0.0,16.227750465590878,39.43297701272412,22.0,30.0,0.0,16.189411109068993,39.54036344365713,12.0,30.0,0.0,15.495425675918832,42.68584808337632,12.0,30.0,0.0,17.03072463925691,38.610939887720437,12.0,30.0,0.0,15.58189589756893,42.11040527629427,10.0,30.0,0.0,13.041935160820995,50.04670524179385,12.0,30.0,0.0,16.41329603159869,40.06561484261023,20.0,30.0,0.0,15.505685650543507,0.0,0.0,0.0,10.677116336045892,0.0,0.0,482.13993353967217,479.83520468527629,482.92188716228329,481.1585051779433,553.3147845662261,808.2180008704497,549.3446332802057,632.6468019953121,707.2789487466455,0.0,82.0960887597291,82.0960887597291,60.0,0.0,60.0,60.0,12.0,12.0,12.0,19.0,12.0,12.0,21.0,10.0,0.0,0.0,0.0,0.0,0.0,0.0,0.0,0.0,0.0,0.0,0.0,0.0,0.0,82.0960887597291,82.0960887597291,0.0,0.0,0.0,82.0960887597291,0.0,0.0,0.00097 
 03/21  05:50:00,3.118333333333333,85.16666666666667,4.235,0.0,0.0,0.0,0.0,0.0,2.0,2.0,0.0,0.0,0.0,0.0,0.0,1372.0,0.0,0.0,0.0,0.0,0.0,0.0,0.0,0.0,0.0,0.0,0.0,16.470973085586274,-173.940847973985,16.44669258661013,-134.86656978001475,16.40765415572114,-134.64476334355914,16.50619166009502,-179.63937639296183,15.484407562329006,-5.174949440159864,16.80416677872566,-33.13647786740415,15.720897161802704,-84.0803954933632,13.572381385616862,-240.96343542897945,16.31357900511754,-101.59159447741911,537.5131570234134,673.218950347403,0.0,0.0,0.0,0.0,0.0,0.0,0.0,0.0,0.0,0.0,0.0,0.0,0.0,0.0,0.0,0.0,0.0,0.0,0.0,0.0,0.0,0.0,1.4112526576381648,0.4307853045293544,378.45750384463488,450.04467016211268,9903.277641775243,0.2543021894414494,0.038812910476411697,197.71944659830136,235.21419496378588,5171.964182591844,1.3558282992237394,0.2562033823174112,375.1042608118506,446.1399229118028,9768.798736914674,0.2555564354047328,0.048291087567031879,212.62939502405724,252.67904851951767,5590.267174824148,0.0,0.0,6.604237393539465,7.868245784028259,163.9155354629504,0.0,0.0,13.326576406242069,15.797729012197769,369.7576623421083,0.0,0.0,66.6069629185337,79.3576155566584,1658.1909656938156,0.0,0.0,50.32961388999877,60.50038192572467,1006.5875062051384,0.0,0.0,32.40469044627014,38.49547673483501,861.1494648467408,36.160225645138,24.801252157159135,548.37007275869,653.7694875231208,14480.051805563711,0.0,0.0,61.40291307750537,74.42582265881257,943.1463068301175,0.0,16.112891663208349,39.57073041752158,22.0,30.0,0.0,16.164200705560427,39.112476601620787,12.0,30.0,0.0,16.050215163124773,39.679815960068747,22.0,30.0,0.0,16.235891218052364,39.348536431848248,12.0,30.0,0.0,15.452624099266654,42.71557660829511,12.0,30.0,0.0,16.98162163524269,38.68671081906193,12.0,30.0,0.0,15.488627747064943,41.85629806881157,10.0,30.0,0.0,12.966981287196754,49.93800277763509,12.0,30.0,0.0,16.367606595498289,40.005969624145809,20.0,30.0,0.0,15.456855004412569,0.0,0.0,0.0,10.60111878217701,0.0,0.0,481.605676487299,475.5557598279315,482.6332216351138,482.6573715073837,553.8493691876679,807.1270587851543,545.711487106661,631.9039074359989,706.3864991234036,0.0,82.0960887597291,82.0960887597291,60.0,0.0,60.0,60.0,12.0,12.0,12.0,19.0,12.0,12.0,21.0,10.0,0.0,0.0,0.0,0.0,0.0,0.0,0.0,0.0,0.0,0.0,0.0,0.0,0.0,82.0960887597291,82.0960887597291,0.0,0.0,0.0,82.0960887597291,0.0,0.0,0.0010166666666666666 
 03/21  06:00:00,3.12,85.0,4.24,0.0,0.0,0.0,0.0,0.0,2.0,2.0,0.0,0.0,0.0,0.0,0.0,1372.0,0.0,0.0,0.0,0.0,0.0,0.0,0.0,0.0,0.0,0.0,0.0,16.33404573549978,-61.63823466649683,16.43379319979193,-178.06317523225017,16.40987538759356,-241.25486339100645,16.390224055285214,-124.74750664529347,15.440770801265828,-4.8229637724035829,16.75211445988257,-33.19171239506065,15.67696322474647,-95.84355866677356,13.500804557299816,-241.0592649526776,16.269291271629379,-103.23557642160017,528.737457155783,676.0383978970772,0.0,0.0,0.0,0.0,0.0,0.0,0.0,0.0,0.0,0.0,0.0,0.0,0.0,0.0,0.0,0.0,0.0,0.0,0.0,0.0,0.0,0.0,1.410463868286579,0.43054452633900466,367.52112971982458,437.24057655519888,9504.100926875557,0.2518238523615221,0.03843465390133121,193.15176273616636,229.54544124196429,5059.961960020449,1.32682398278564,0.25072259689826917,369.8311136061426,439.80245693775739,9662.804332428772,0.25360177172298689,0.04792172557123711,211.8590751115717,252.0665447886937,5506.489660739442,0.0,0.0,6.406906064536932,7.639118686182345,158.4905943415622,0.0,0.0,13.44852340844973,15.946933774115392,371.7229477934221,0.0,0.0,64.5492738309853,76.9496791176122,1603.0230159706403,0.0,0.0,50.248042104094938,60.423408704911,997.4211465667494,0.0,0.0,32.98975333686643,39.20172100839453,873.6246511896662,36.12865605318327,24.779599487780034,538.3103364435939,641.913051010872,14152.334884243202,0.0,0.0,61.21689305105173,74.23132674117204,930.5685505312206,0.0,15.931991769384308,39.82720834773028,22.0,30.0,0.0,16.194013865243208,39.1041185718299,12.0,30.0,0.0,16.108042218661795,39.34386408043227,22.0,30.0,0.0,16.07373289994827,39.423451102582237,12.0,30.0,0.0,15.409414646039846,42.45311858036975,12.0,30.0,0.0,16.927370699104804,38.42656737773055,12.0,30.0,0.0,15.455416163279346,41.97387668977963,10.0,30.0,0.0,12.891402299672329,49.97927921082416,12.0,30.0,0.0,16.319852987658906,39.859616758968829,20.0,30.0,0.0,15.389809382771052,0.0,0.0,0.0,10.522698113486433,0.0,0.0,481.1752924082065,479.1508225032717,482.3618536383509,480.09996345354286,551.9099404140808,804.346071000444,548.5266828359381,632.3054758909552,704.1411639005653,0.0,82.0960887597291,82.0960887597291,60.0,0.0,60.0,60.0,12.0,12.0,12.0,19.0,12.0,12.0,21.0,10.0,0.0,0.0,0.0,0.0,0.0,0.0,0.0,0.0,0.0,0.0,0.0,0.0,0.0,82.0960887597291,82.0960887597291,0.0,0.0,0.0,82.0960887597291,0.0,0.0,0.0010633333333333333 
 03/21  06:10:00,3.145,84.66666666666667,4.3133333333333339,0.0,0.0,0.0,0.0,0.0,2.0,2.0,0.0,0.0,0.0,0.0,0.0,6870.0,0.0,0.0,0.0,0.0,0.0,0.0,0.0,0.0,0.0,0.0,0.0,17.597775839874055,-982.3049727972431,16.578925155308697,787.1527246869426,17.87096360774101,-2526.447625011598,16.72859738474945,888.6460940403614,15.399375616899306,-7.991672503804623,17.764521594334157,-106.30258017420157,15.749341365956646,129.88152616942129,14.561952054673818,-313.2115876792059,17.848282503908594,-281.63956534794365,742.7688617808125,826.0149359336959,0.0,0.0,0.0,0.0,0.0,0.0,0.0,0.0,0.0,0.0,0.0,0.0,0.0,0.0,0.0,0.0,0.0,0.0,0.0,0.0,0.0,0.0,1.4145602034570509,0.43179493390019876,403.17997718891027,476.9477699139761,11982.521354579885,0.36964080297281556,0.056416483970209947,347.5697958908504,413.1110575071292,9389.19231307218,1.2196273662964617,0.23046624457605109,492.5974821721994,581.652887914421,15088.084686080158,0.34176892223476859,0.06458218485161914,332.7355012410452,394.99615763486386,9176.579808843362,0.0,0.0,10.938954152250949,13.056731230763728,269.14531309135648,0.0,0.0,18.95508019137439,22.38793801170923,577.0579645390535,0.0,0.0,76.83675551595161,91.65397823752959,1934.585171335887,0.0,0.0,40.134573115818998,48.09781914883262,914.8724177182625,0.0,0.0,48.66141924331778,57.42718940456906,1502.751420322854,37.45892662786412,25.691993571923278,673.1092474580685,801.5272263534307,18398.07447426428,0.0,0.0,56.1568424898242,68.18249562661193,861.1059279000576,2074.6037043400326,17.877748115792895,34.68192722787922,21.999999999999998,30.0,0.0,16.553787542222449,37.46779118468775,15.999999999999999,30.0,4670.582546482483,18.261394913336554,33.551872989012888,21.999999999999998,30.0,0.0,16.796989748251219,37.26295291710857,15.999999999999999,30.0,0.0,15.37090245016694,42.341142123173337,12.0,30.0,1877.6259704591763,18.316683358402,35.10160861535262,20.0,30.0,0.0,15.657616705506915,40.49283746004391,10.0,30.0,1462.633169774771,14.568326721213289,44.66207949848159,16.999999999999998,30.0,3110.8944883746514,18.46858949431301,34.66346492808846,20.0,30.0,0.0,15.945236514014852,0.0,0.0,0.0,10.615368138109629,0.0,0.0,475.63766580227346,472.53027638809149,470.204835043691,476.9692865527221,550.1105986045924,788.6440914150205,524.619818682504,635.9851772929225,687.2041546398385,13076.612308514268,79.35710176204577,87.85566616317128,60.0,0.0,60.0,60.0,16.0,16.0,19.0,19.0,16.0,12.0,21.0,10.0,1.0,0.0,2074.6037043400326,0.0,4670.582546482483,0.0,1877.6259704591763,0.0,1462.633169774771,3110.8944883746514,12858.236761880939,7714942.057128563,10049548.523092296,79.35710176204577,87.99999999999999,0.428607892062698,0.7676857225767668,0.3602813740196596,87.99999999999999,0.3542647819438876,10049548.523092296,0.5236865232007995 
 03/21  06:20:00,3.1700000000000005,84.33333333333334,4.386666666666667,11.666666666666668,279.1666666666667,0.0,0.0,0.0,2.0,2.0,0.0,0.0,0.0,0.0,0.0,3435.0,0.0,25.56079997064846,105.40299926208842,270.08938002481076,0.7664451808951671,20.399987500090775,0.0,105.4029992620883,144.0938910937339,0.0,0.0,18.425292709352349,-1406.5225399720235,17.243998836643614,944.3239709513739,18.833666323703015,-3466.1096886658635,17.690824617930738,860.3996226414494,15.35265993834605,-4.970652032606802,18.56259030837583,-170.66794517605028,15.984483490808879,71.78014269172945,15.791999102857443,-157.12325748344635,18.217109434067575,-270.0199997120152,1052.0037936404545,885.0549697916238,0.0,0.0,0.0,0.0,0.0,0.0,0.0,0.0,0.0,0.0,0.0,0.0,0.0,0.0,0.0,0.0,0.0,0.0,0.0,0.0,0.0,0.0,1.5004185908088288,0.4580032328476279,458.7618038965891,540.4935034584104,14674.633546263727,0.41500701736683368,0.06334050936612236,404.41272543679966,478.95500043354959,11745.432804962984,1.2615816984146085,0.2383941229052549,573.1555358637368,674.2622968788026,18787.386837436807,0.36490500236632747,0.06895408207980489,381.62652581979219,451.2581241948995,11425.790585967614,0.0,0.0,13.287195701386704,15.86368160706385,325.13457345950698,0.0,0.0,21.840727938232438,25.67824572699016,719.9910143821651,0.0,0.0,90.15076167363559,107.36008637994986,2332.8098479574666,0.0,0.0,21.54940738320297,25.634698246663278,579.9412301235359,0.0,0.0,52.610572456980438,61.96892037542583,1685.8796378437638,38.805434907507308,26.61552462791997,772.3338736139799,917.2259571539728,22297.783077509423,0.0,0.0,51.49751921852959,62.46724456359923,808.7080268209215,1994.1467316262186,19.245839114088044,31.593323288329633,22.0,30.0,0.0,17.720013591803043,34.831228957710219,16.0,30.0,4323.216150368569,19.687889840552459,30.715759579398008,22.0,30.0,0.0,18.202141377492745,33.70499629171597,16.0,30.0,0.0,15.323598566807585,41.91602705219525,12.000000000000002,30.0,837.9388855035834,19.801702568274818,31.575054208436478,19.6,30.0,0.0,16.054727023084788,39.197589442565078,10.0,30.0,873.0237735655851,16.71473985201473,38.60965633394338,16.8,30.0,55.37264218525956,19.30090658455448,32.411504661933268,19.0,30.0,0.0,16.928130791205797,0.0,0.0,0.0,10.820836944173055,0.0,0.0,474.52102261837168,475.90981852615848,472.20625294822818,471.91079019648108,546.7824619928541,743.1308776710177,532.3148466155777,629.5134183564554,652.1450507428485,10967.5151622624,80.75277134507933,86.60272592993712,60.0,0.0,60.0,60.0,16.0,16.0,19.0,19.0,16.0,12.0,21.0,10.0,1.0,0.0,1994.1467316262186,0.0,4323.216150368569,0.0,837.9388855035834,0.0,873.0237735655851,55.37264218525956,8852.749754643326,5311649.852785995,6923221.0693470849,80.75277134507933,86.70207757930445,0.36309165848811089,0.7667615279582416,0.36028137401965956,86.70207757930445,0.35426478194388757,6923221.0693470849,0.36117082893938176 
 03/21  06:30:00,3.1950000000000005,84.0,4.46,14.0,335.0,0.0,0.0,0.0,2.0,2.0,0.0,0.0,0.0,0.0,0.0,2748.0,0.0,33.39105027229053,121.36658558762466,310.99526039995058,1.0012440477800442,26.64936424951224,0.0,121.36658558762452,165.91732387611197,0.0,0.0,18.953032880221778,-1315.5450388706805,17.746897778714769,917.6833278529275,19.469131827789036,-3503.9617971713407,18.31274684535516,815.8299012904181,15.31250606028285,-1.268592434783642,18.351650328296686,-148.98887811070333,16.119143179813464,195.668043767413,15.609747357026104,-170.81914198970223,18.66131589301309,-329.8289933020084,1271.1603360053078,985.7572857358396,0.0,0.0,0.0,0.0,0.0,0.0,0.0,0.0,0.0,0.0,0.0,0.0,0.0,0.0,0.0,0.0,0.0,0.0,0.0,0.0,0.0,0.0,1.5944069189156783,0.4866931986922095,459.7785609529924,540.2665462267549,15337.292107432853,0.42723986827704438,0.06520755010333401,401.56197501181489,474.22268647966066,12262.960317442485,1.329455614595731,0.25121988182081098,573.0032380917485,672.1829801812794,19619.896816662716,0.36780983185739249,0.06950299165861533,368.43071445120605,434.2807765475759,11633.984058450715,0.0,0.0,14.425252826069525,17.224233413410916,351.2626907696742,0.0,0.0,23.36376743902375,27.521168227853843,743.9599547616625,0.0,0.0,93.77162368409711,111.59528578690703,2465.1495731311886,0.0,0.0,22.254071494005417,26.48068330648063,579.894001684095,0.0,0.0,57.240986759076438,67.27665584341642,1891.4944864750972,39.80273097808467,27.29954113723229,754.8285845536727,894.0978039008296,22920.651845844826,0.0,0.0,54.49135900024751,66.06605639997565,861.276778443478,1960.2363487699798,19.997425357658686,30.076629358046156,22.0,30.0,0.0,18.53792598567655,32.985229115185848,16.0,30.0,4421.235790487182,20.491460051879956,29.137150693317165,22.0,30.0,0.0,19.092419375261924,31.813190322250557,16.0,30.0,0.0,15.286233273894757,41.64107335997696,12.0,30.0,497.2118166459234,19.230304384107734,32.43191696296505,19.25,30.0,0.0,16.30066545999412,38.39163700176573,10.0,30.0,117.36588466350497,16.212377999291875,39.45328071250464,16.0,30.0,1322.6852103712864,19.87027868243748,31.034309975626095,19.75,30.0,0.0,17.671009798507439,0.0,0.0,0.0,10.898914509340841,0.0,0.0,475.2604348152338,477.47799663015106,472.3895145719334,472.1292768822835,552.2252191203352,720.0994676665757,528.5498721916699,611.0693222904331,641.5729430400494,11319.49966254657,80.51994075502089,87.87508522942075,60.0,0.0,60.0,60.0,16.0,16.0,19.0,19.0,16.0,12.0,21.0,10.0,1.0,0.0,1960.2363487699798,0.0,4421.235790487182,0.0,497.2118166459234,0.0,117.36588466350497,1322.6852103712864,11130.467375888127,6678280.4255328769,8724147.020665143,80.51994075502089,88.0,0.37101557919627095,0.7656547616428266,0.36028137401965956,88.0,0.3542647819438875,8724147.020665143,0.45487231174125417 
 03/21  06:40:00,3.2199999999999999,83.66666666666666,4.533333333333333,20.166666666666666,368.0,0.0,0.0,0.0,2.0,2.0,0.0,0.0,0.0,0.0,0.0,2748.0,0.0,48.736231916754537,128.3035845584641,328.7710552161943,1.461379559888418,38.89638299112337,0.0,128.30358455846395,175.4007273961199,0.0,0.0,19.537670037874546,-1215.067221368744,18.229712105527477,1138.137617003753,20.096135915284305,-3326.456261363689,18.88017442643321,962.5323161635843,15.285717234830886,11.037773361692686,18.651240622559429,-116.06681658899669,16.68531461101852,544.001183496405,15.989271446716952,-312.13046040630698,18.290877847709568,-113.94470476536748,1508.0922387629353,679.3951128311295,0.0,0.0,0.0,0.0,0.0,0.0,0.0,0.0,0.0,0.0,0.0,0.0,0.0,0.0,0.0,0.0,0.0,0.0,0.0,0.0,0.0,0.0,1.7420766368592804,0.5317694251707206,478.4395877272269,560.5810759748513,16717.26138118901,0.45446607047658008,0.0693629533694414,409.20272708364737,481.9847615087026,13083.278787182448,1.4633769428386623,0.27652625526051829,573.876949016707,671.3446477795129,20542.176602085263,0.38831821728255186,0.07337834793699012,367.7431374058012,432.2662992781705,12176.549005923222,0.0,0.0,14.683860603485249,17.537100952916317,356.4094101397556,0.0,0.0,20.262417482466537,23.82454819916568,666.4770695549742,0.0,0.0,87.05971940764676,103.23508964204143,2460.6837085470335,0.0,0.0,25.42804522506247,30.20701746940756,691.4391905417491,0.0,0.0,33.51069790616952,39.48848495677789,1062.8676538438895,40.98886111669181,28.11307346823856,767.0107111063152,905.8592542835658,24614.527090702424,0.0,0.0,40.814539511403257,49.5473138407649,617.6313555460547,1939.578137426407,20.868382875876529,28.33191554771621,22.0,30.0,0.0,19.32055017915279,31.233133303706173,16.0,30.0,4366.413264550272,21.35580804823613,27.479378191451408,22.0,30.0,0.0,19.933374583712398,30.03530238435617,16.0,30.0,0.0,15.270487387240836,41.281443199128037,12.0,30.0,613.2127515266707,19.811536255198534,30.985613685358257,19.5,30.0,0.0,17.351075449691956,35.45640278287106,10.0,30.0,829.3155741478072,16.79596331545251,37.83524072543214,16.75,30.0,62.56452881370309,19.188028055120815,32.13961932417976,19.0,30.0,0.0,18.551845843255735,0.0,0.0,0.0,10.588914985975386,0.0,0.0,474.82680733781816,477.9465401899161,474.3303927034983,475.20927747163639,544.2560675825621,702.9210303976048,489.39057887540278,634.6736486016986,645.6331089586226,11003.179019246094,80.72909859823311,86.43814129882252,60.0,0.0,60.0,60.0,16.0,16.0,19.0,19.0,16.0,12.0,21.0,10.0,1.0,0.0,1939.578137426407,0.0,4366.413264550272,0.0,613.2127515266707,0.0,829.3155741478072,62.56452881370309,8639.120010910168,5183472.006546101,6777451.148814937,80.72909859823311,86.53509979659961,0.372970667030339,0.7650889874784304,0.36028137401965956,86.53509979659961,0.3542647819438875,6777451.148814937,0.3536974597383768 
 03/21  06:50:00,3.245,83.33333333333334,4.6066666666666669,26.33333333333333,401.0,0.0,0.0,0.0,2.0,2.0,0.0,0.0,0.0,0.0,0.0,2748.0,0.0,64.30404426724476,130.71551876651493,334.95163822044835,1.9281923087596214,51.321100127021669,0.0,130.71551876651473,178.69802431872396,0.0,0.0,19.927354375212585,-1161.525677248621,18.637822497863355,1089.7478101024063,20.543476517174935,-3326.7900053332307,19.329362862811899,936.1323324573054,15.271545876808882,22.344914249571759,18.44003609960703,-73.04243294766161,17.16255118068934,460.1230813730997,15.864517905494628,-519.2051441565341,19.082585814564817,-195.89497217629356,1626.552918162176,1049.4346995247516,0.0,0.0,0.0,0.0,0.0,0.0,0.0,0.0,0.0,0.0,0.0,0.0,0.0,0.0,0.0,0.0,0.0,0.0,0.0,0.0,0.0,0.0,1.8358286758739469,0.560387263697786,477.93826131055757,559.0641048073832,17150.61133656255,0.46706001556460649,0.07128510616065423,407.0475574572663,478.5476467088927,13444.939709063041,1.5536118176684993,0.2935774409804421,571.3464646677087,667.128161116529,21029.170347575076,0.40038921405703078,0.07565933750132856,360.97269225052619,423.471062109331,12340.743621193833,0.0,0.0,14.89748492830382,17.794565708178796,360.9302197732197,0.0,0.0,19.549967193777996,23.033333998769689,621.8791071139269,0.0,0.0,107.13189939131678,126.73012194994486,3174.985052748331,0.0,0.0,47.92728779196433,57.03982808756915,1258.9925401514218,0.0,0.0,38.38503270387623,45.086919810418219,1285.4146317172973,41.75902407041877,28.641305946789289,757.8300592283499,893.5117094228962,25106.528399507693,0.0,0.0,64.6509168155089,78.38236912293671,1030.5294024902319,1916.6085376553659,21.397474416343074,27.28158085146116,22.0,30.0,0.0,19.913426667827964,29.940031951915086,16.0,30.0,4250.331358674572,21.91609717475409,26.41159030217605,22.0,30.0,0.0,20.53214639979513,28.785950822211317,16.0,30.0,0.0,15.272370829742642,40.927697101467689,12.0,30.0,444.1851215937748,19.261789471657118,31.807644879186939,19.0,30.0,0.0,18.10797222712385,33.70053567525374,10.0,30.0,820.5501466612464,16.344053755802947,38.449870469097067,16.5,30.0,1913.313531885087,20.166406954329035,30.067886787577458,20.0,30.0,0.0,19.07299082334675,0.0,0.0,0.0,11.020150424349822,0.0,0.0,476.89238420469317,480.46621306875928,476.3805803826539,476.79827994809707,535.3963799310773,697.8148201204483,503.7801176997473,605.8794020569775,652.3508233047123,11129.382945141333,80.64570136540056,86.22802330462395,60.0,0.0,60.0,60.0,16.0,16.0,19.0,19.0,16.0,12.0,21.0,10.0,1.0,0.0,1916.6085376553659,0.0,4250.331358674572,0.0,444.1851215937748,0.0,820.5501466612464,1913.313531885087,8447.583208702088,5068549.925221253,6611280.923553374,80.64570136540056,86.322829663189,0.36658610695673629,0.7677512863177021,0.36028137401965956,86.322829663189,0.3542647819438875,6611280.923553374,0.34505660802477547 
 03/21  07:00:00,3.27,83.0,4.68,32.5,434.0,0.0,0.0,0.0,2.0,2.0,0.0,0.0,0.0,0.0,0.0,2748.0,0.0,74.58437603374428,130.6082531963112,334.67692535139107,2.2364644710209267,59.5259565450972,0.0,130.60825319631108,178.5513841519426,0.0,0.0,19.928366843668184,-1217.2493322761325,18.816894453215978,717.1230528164051,20.524995707318945,-1821.7243057681322,19.459226677967416,527.6133748633329,15.262459138294048,25.467765341453857,18.716920108111507,-66.08763776473305,17.41201133187964,375.63712222651238,16.071766749112535,-469.9492067462461,19.01179178269122,-132.11553167908915,1540.1386921895692,984.5590311924132,0.0,0.0,0.0,0.0,0.0,0.0,0.0,0.0,0.0,0.0,0.0,0.0,0.0,0.0,0.0,0.0,0.0,0.0,0.0,0.0,0.0,0.0,1.867940900704012,0.5701895301294298,443.19394311388586,518.8469210169238,15752.987554166473,0.42636195337415735,0.06507355820728898,326.13694544490809,383.263460196376,10856.910933869021,1.6391188229735319,0.3097352273192616,390.9500581796144,456.8206841344055,14110.323011754168,0.37882456648452936,0.0715843852011582,258.2444535213212,302.80188674184236,8828.605496821288,0.0,0.0,14.510411999255819,17.33434375711031,351.01027992123366,0.0,0.0,17.727430674443477,20.847366959165286,582.1878665361444,0.0,0.0,96.76638028783333,114.34814556896241,2926.4163950815857,0.0,0.0,42.28150344145912,50.25883655399692,1136.9092824570492,0.0,0.0,34.77303767055875,40.84919001409739,1160.1115550653647,41.86390505965563,28.713240781656823,576.4748244595364,679.8395037194395,19270.53812037956,0.0,0.0,58.775695072549897,71.23777344371246,944.7247259989913,1834.2456532313759,21.277346360379107,27.340272706771278,22.0,30.0,0.0,20.07336740172292,29.482093593353249,16.0,30.0,2392.3369870610906,21.610080098412053,26.77011994081708,21.5,30.0,0.0,20.528102639610656,28.654258931506,16.0,30.0,0.0,15.27804747801021,40.63040015492565,12.0,30.0,541.3373188980994,19.83624292798091,30.49127980395002,19.5,30.0,0.0,18.452783694547415,32.76433006157608,10.0,30.0,442.68513590609299,16.705169056564907,37.25172517771371,16.5,30.0,0.0,20.133296727916745,30.039643049987676,19.0,30.0,0.0,18.952534555813604,0.0,0.0,0.0,11.111978059086667,0.0,0.0,479.2207313390699,481.79894306343166,478.7980868243057,479.8057701372748,531.8041254689497,702.1422546405295,500.5343856129961,590.7966755551748,653.2774923422326,10948.213912593523,80.76555420435365,87.87918690116821,60.0,0.0,60.0,60.0,16.0,16.0,19.0,19.0,16.0,12.0,21.0,10.0,1.0,0.0,1834.2456532313759,0.0,2392.3369870610906,0.0,541.3373188980994,0.0,442.68513590609299,0.0,10765.381987824709,6459229.192694825,8460010.002134158,80.76555420435365,88.0,0.3588460662608236,0.7635104093606089,0.36028137401965956,88.0,0.3542647819438875,8460010.002134158,0.44119052011097617 
 03/21  07:10:00,3.505,82.33333333333334,4.7,38.66666666666667,467.0,0.0,0.0,0.0,2.0,2.0,0.0,0.0,0.0,0.0,0.0,3435.0,0.0,89.6278568161368,125.48356810638568,321.54536874550078,2.687558839871859,71.53224777585793,0.0,125.48356810638552,171.54555110727507,0.0,0.0,20.128091540753034,-1446.581426151097,18.923076239193095,917.2037779995055,20.270303494188128,-2005.662906956582,19.60306299423756,591.1509623876967,15.251263191066638,25.752393205682567,18.329309186779846,-43.48021708631798,17.54101344840771,425.4798295258957,16.358840763014226,-495.74834238691667,18.572166249090107,-75.03619722478355,1560.4167678229099,927.0090857955114,0.0,0.0,0.0,0.0,0.0,0.0,0.0,0.0,0.0,0.0,0.0,0.0,0.0,0.0,0.0,0.0,0.0,0.0,0.0,0.0,0.0,0.0,1.82204949843698,0.5561811655790536,471.18757042051348,551.1865460927645,16713.75163989501,0.44355816292696439,0.06769813231486025,375.24625433012849,440.9207926409249,12387.728316555977,1.629218911837547,0.3078644958120838,432.7944901696017,506.2569151611293,15463.82805135868,0.38836801755135927,0.07338775841862419,300.4509617104751,352.484929038101,10210.918742746917,0.0,0.0,14.362221272293948,17.161762940625647,340.58024520714107,0.0,0.0,16.62510310042767,19.59670255429331,518.7774247252753,0.0,0.0,105.59968944051326,124.74218476773653,3175.563735436544,0.0,0.0,42.151231027514139,50.063753252462628,1143.4973497356812,0.0,0.0,26.465144731449035,31.18432961108836,835.4368888973139,41.88814558131397,28.729866653850473,665.9291590113207,785.2226834587617,22007.694302544656,0.0,0.0,58.94969122704369,71.46326297981031,925.2307236294189,1838.341826702545,21.46350656699507,26.94119703891564,22.0,30.0,0.0,20.177569814804948,29.21755930920734,16.0,30.0,2188.808696834192,21.520681643703495,26.845015369065317,21.6,30.0,0.0,20.689025313796458,28.286257197760095,16.0,30.0,0.0,15.275949767311183,40.41748540106365,12.000000000000002,30.0,8.342048432083569,19.20408704065123,32.960879832433757,19.0,30.0,0.0,18.610147502905297,32.32572440578299,10.0,30.0,1347.622633570974,17.090144974477768,36.17620395412177,20.7,30.0,0.0,19.37328546297482,32.571254033850568,19.0,30.0,0.0,19.168173412399008,0.0,0.0,0.0,11.160406401374445,0.0,0.0,479.3651913941922,483.87421585046288,479.3757920032021,481.5591161238681,528.196293557652,737.5157798551938,499.0526755890049,577.7334950033924,684.7812809095184,10915.744892552866,80.78702533402583,86.55098806272264,60.0,0.0,60.0,60.0,16.0,16.0,19.0,19.0,19.7,12.0,21.0,10.0,1.0,0.0,1838.341826702545,0.0,2188.808696834192,0.0,8.342048432083569,0.0,1347.622633570974,0.0,8722.748970365381,5233649.382219228,6833256.004372016,80.78702533402583,86.64887928489896,0.35875829901217939,0.7656945521074523,0.36028137401965956,86.64887928489896,0.35426478194388757,6833256.004372016,0.3565993122273448 
 03/21  07:20:00,3.74,81.66666666666667,4.72,44.833333333333339,500.0,0.0,0.0,0.0,2.0,2.0,0.0,0.0,0.0,0.0,0.0,2748.0,0.0,104.87481885825888,118.42439349399462,303.4568027601887,3.144756127521043,83.70095300403277,0.0,118.42439349399446,161.89512422254985,0.0,0.0,20.242920610602267,-1171.380525342881,19.061491092812639,818.1269837441819,20.401039686220356,-2390.5772578184999,19.684447924443995,694.3348327536314,15.238582927371914,26.619154658842278,19.00308628677427,-66.67213846359215,17.70432450350298,402.372205321087,17.150396500027939,-438.0285310653461,19.17269575181873,-77.11189844255913,1566.0991777426526,792.9837832367657,0.0,0.0,0.0,0.0,0.0,0.0,0.0,0.0,0.0,0.0,0.0,0.0,0.0,0.0,0.0,0.0,0.0,0.0,0.0,0.0,0.0,0.0,1.7870069800870346,0.5454844261559935,434.05553820792718,507.5297560222503,15293.073252725684,0.43628406923332538,0.06658792265465895,365.37367821893136,429.03269213845138,11984.102118077368,1.5744820852261539,0.2975211801258796,494.32875062342637,577.6809071893639,17521.214106403626,0.3876919928169722,0.07326001375982089,328.1657533675665,384.74518149489196,11032.704612685653,0.0,0.0,14.447083010066344,17.259395708729426,335.5885042467172,0.0,0.0,17.04622911115223,20.015139689691666,553.9425883132011,0.0,0.0,92.30608727044859,108.96328445471943,2770.8664078417489,0.0,0.0,30.368972175989098,35.91490979211579,882.2492212161003,0.0,0.0,25.677696476213133,30.13595350204445,836.8389253777455,41.81686967099727,28.680980569956988,683.6265682436089,805.4712356170476,22393.025617487103,0.0,0.0,47.166682819859179,57.203175061328028,705.372757847218,1886.4233817828136,21.567455181865588,26.728988060981366,22.0,30.0,0.0,20.308502299484315,28.93979665971835,16.0,30.0,3017.705986253977,21.697029791070699,26.517653223772038,21.75,30.0,0.0,20.74528701464715,28.142240260323218,16.0,30.0,0.0,15.268727905378626,40.26030751209794,12.0,30.0,1324.6515039701904,20.126558895106688,32.49331715021812,19.75,30.0,0.0,18.83354452528711,31.760354477249,10.0,30.0,1330.3669882736013,18.371499131079884,33.27162721251168,20.7,30.0,1441.5366975115326,20.095286321911485,32.25492672930975,19.25,30.0,0.0,19.306499584305695,0.0,0.0,0.0,11.024712519809527,0.0,0.0,480.55036492535666,484.81976097533166,480.3269450275044,482.45467120329746,522.4068458109553,781.0663123133696,491.71307034940249,560.936646009478,728.7460375088818,11013.468261137672,80.72200591206013,86.52500424487605,60.0,0.0,60.0,60.0,16.0,16.0,19.0,19.0,19.7,12.0,21.0,10.0,1.0,0.0,1886.4233817828136,0.0,3017.705986253977,0.0,1324.6515039701904,0.0,1330.3669882736013,1441.5366975115326,8780.79280625469,5268475.683752814,6888985.0410870839,80.72200591206013,86.62355842119965,0.37769309354182309,0.7660317364557161,0.36028137401965956,86.62355842119965,0.3542647819438875,6888985.0410870839,0.3594972221365284 
 03/21  07:30:00,3.9749999999999998,81.0,4.74,51.0,533.0,0.0,0.0,0.0,2.0,2.0,0.0,0.0,0.0,0.0,0.0,2748.0,0.0,120.31076051249785,109.67791875203389,281.04463591983207,3.607621452537191,96.0204980030948,0.0,109.67791875203375,149.93803013845867,0.0,0.0,20.337332546804555,-1203.6965757791627,19.127396211654167,721.6624396801333,20.644201169260023,-2182.894729218897,19.768579061801228,563.2816891218149,15.224928728162846,22.586758317987959,18.795229863919674,-48.53215770093006,17.756407553293948,331.279398790709,18.01496138785378,-48.42557973944781,19.0538028980858,-42.63953320451037,1477.1354298741485,411.0525504348524,0.0,0.0,0.0,0.0,0.0,0.0,0.0,0.0,0.0,0.0,0.0,0.0,0.0,0.0,0.0,0.0,0.0,0.0,0.0,0.0,0.0,0.0,1.7401166247616909,0.531171130879637,387.9236377870429,453.54532075379839,13457.762590006092,0.40919510971730557,0.06245346607406983,314.03623979295176,368.5755195489278,10177.453914843323,1.5299485022565882,0.2891059150144726,458.4928891943712,535.8384830455916,16018.259320499054,0.37490756610857126,0.07084421128279878,315.36932926176476,369.6859709730229,10480.377356191213,0.0,0.0,14.31481037740169,17.102571305675089,325.44916650326527,0.0,0.0,16.366469605474543,19.23890853110607,513.1685260138897,0.0,0.0,74.93594591145544,88.43025191900108,2216.414469430464,0.0,0.0,14.621890383633286,17.194256802204145,459.61809521647106,0.0,0.0,23.340570211144983,27.41853266932978,743.0823154020344,41.550630607844897,28.498374902499937,619.7204421439343,730.1550557318905,20043.554352160918,0.0,0.0,21.50927267525774,26.115143996060096,293.0943235004717,1760.3563416694206,21.624727941677429,26.567453474022888,21.75,30.0,0.0,20.314990269972065,28.86415841454108,16.0,30.0,2779.3713932727839,21.667518698928775,26.493889624734913,21.75,30.0,0.0,20.785248452466577,28.00150492806825,16.0,30.0,0.0,15.257522229158776,40.285624092847047,12.0,30.0,0.0,19.804939403342229,34.0328046398428,19.0,30.0,0.0,18.836349579669979,31.64035050918906,10.0,30.0,1263.4745760911374,19.78536925730675,30.306325433769808,20.7,30.0,0.0,20.05338278813562,32.90930235172701,19.0,30.0,0.0,19.20269226609748,0.0,0.0,0.0,10.599573671146582,0.0,0.0,479.7479676487043,484.6423865391868,479.19759931179916,481.6605257210998,521.7980206902197,798.1964201349746,484.7896633694879,535.791884722723,737.0630214888823,9666.45806278772,81.61326899938092,83.3234097259792,60.0,0.0,60.0,60.0,16.0,16.0,19.0,19.0,19.7,12.0,21.0,10.0,1.0,0.0,1760.3563416694206,0.0,2779.3713932727839,0.0,0.0,0.0,1263.4745760911374,0.0,2588.1394432883914,1552883.6659730348,2011213.358041918,81.61326899938092,83.35245359279443,0.34127131477627978,0.768423390491463,0.36028137401965956,83.35245359279443,0.3542647819438875,2011213.358041918,0.10585309461817974 
 03/21  07:40:00,4.21,80.33333333333334,4.76,54.5,560.8333333333334,0.0,0.0,1.0,2.0,0.0,0.0,0.0,0.0,0.0,4.0,6870.0,0.0,131.16625592862042,97.78729334156455,250.5757425924235,3.9331419826705016,104.68441215927698,0.0,97.78729334156438,133.68264371750676,0.0,0.0,20.16447342142903,-1548.4562080582098,19.188357836556326,544.6715823898638,20.627476715490006,-1242.3155006609055,19.82661145972854,393.10825526909908,15.210028212909286,19.642004227241875,18.43509758097416,-83.30043424747579,16.80613554270999,-754.6938880759378,18.31868163224798,-189.86810698547783,18.422169247813906,-731.2682332197023,1445.2278009616978,2560.2666376094859,0.0,0.0,0.0,0.0,0.0,0.0,0.0,0.0,0.0,0.0,0.0,0.0,0.0,0.0,0.0,0.0,0.0,0.0,0.0,0.0,0.0,0.0,1.7821525761140667,0.5440026178614368,369.22812212598839,432.4672949701127,12466.1992592753,0.39939525865590916,0.06095776231012044,304.33734802114659,357.59814013999127,9713.731974376478,1.4409018844631945,0.2722792676612235,273.50738557420717,320.0578728077708,9407.453271991428,0.34043276733182967,0.06432969904229587,262.7268033850411,308.2363990107435,8635.284943020888,0.0,0.0,14.24239172867544,17.027391420914758,316.69564869073607,0.0,0.0,17.42679429958804,20.53815017192466,519.3877813808335,0.0,0.0,282.1161931020503,335.36999918201948,7128.178012993627,0.0,0.0,37.287889805564137,43.78913159308724,1187.6596258010227,0.0,0.0,205.1774732147774,242.15966077506023,5998.089167746131,41.38691492187992,28.386087052043849,557.2747179512849,657.2707227910992,17871.06847836804,0.0,0.0,214.34328391386237,257.8379850825483,3993.0261567879376,1815.9029247097467,21.25770095679059,27.430442271050319,21.999999999999998,30.0,0.0,20.33254939204702,29.025127028992239,15.999999999999999,30.0,1740.992512532541,21.538272199683584,27.512752960248635,21.5,30.0,0.0,20.829103735290599,28.507720583711668,19.0,30.0,0.0,15.244481074567119,40.70289770150421,12.0,30.0,24.378671135241306,19.219246901389775,35.960749548725029,19.0,30.0,0.0,16.87445735800843,37.393711416816788,10.0,30.0,607.6166699726713,20.326001469544118,30.34824716708661,20.2,30.0,0.0,18.936078450593106,33.10162180723073,12.0,30.0,0.0,19.244273986133729,0.0,0.0,0.0,13.334892102562142,0.0,0.0,497.967189975417,497.91045303563376,528.5123241745657,515.9515823999813,541.3933210228194,820.0631951226187,578.2668542576582,591.0408119791049,594.8797146320375,10269.30138495122,81.21456850810758,82.73082974560224,220.0,0.0,220.0,220.0,16.0,19.0,19.0,12.0,19.7,12.0,21.0,10.0,1.0,0.0,1815.9029247097467,0.0,1740.992512532541,0.0,24.378671135241306,0.0,607.6166699726713,0.0,2294.4560340457348,1376673.6204274407,1788863.5236697698,81.21456850810758,82.75658089505676,0.34848186780152459,0.7706732017864344,0.3602813740196596,82.75658089505676,0.3542647819438876,1788863.5236697698,0.09767756989749474 
 03/21  07:50:00,4.445,79.66666666666667,4.779999999999999,58.0,588.6666666666666,0.0,0.0,1.0,2.0,0.0,0.0,0.0,0.0,0.0,4.0,2748.0,0.0,142.19075725392427,85.58625964333413,219.31145358470213,4.263731251102527,113.4832209608621,0.0,85.58625964333395,117.00290563365746,0.0,0.0,20.101046057633316,-1422.3210378747068,19.122376948930574,549.2663261826383,20.475263449087004,-1495.9496769292719,19.813455902962536,578.4900117520779,15.186052116551928,13.320189751342568,18.831183427448999,-130.99438968840046,16.22151014546907,-51.56966373798309,18.48946056649331,-311.590055275304,17.60215318216408,-506.8276220767191,1434.0045233562342,1941.648610019569,0.0,0.0,0.0,0.0,0.0,0.0,0.0,0.0,0.0,0.0,0.0,0.0,0.0,0.0,0.0,0.0,0.0,0.0,0.0,0.0,0.0,0.0,1.8099110787398077,0.5524759092612356,365.64916192486057,428.24592809042238,12062.92700992744,0.40249616392326167,0.06143103844982627,299.8196645387564,352.27558214282689,9328.490585452286,1.2456102395638007,0.23537608457365859,317.06926150561449,370.6644100935538,10800.172598221357,0.325791793205683,0.061563075057763209,301.53622377703308,353.5434021240675,9759.76289973441,0.0,0.0,13.914191992572479,16.627879483106978,302.0320923775178,0.0,0.0,17.802409655760159,20.925954704526867,543.1119172011722,0.0,0.0,274.83429571001667,327.48412617224218,6416.61341179933,0.0,0.0,48.77951174024653,57.243914938903099,1538.6410311860682,0.0,0.0,186.59629465366968,221.15362088473968,4921.259592355998,41.207372114120499,28.262943836845346,591.0564744542845,696.6286612349633,18593.797981443666,0.0,0.0,205.43124850507315,246.62976933221936,3940.982390066101,1848.1004408228926,21.093635491787088,27.967578313291207,22.0,30.0,0.0,20.152427848721016,29.593599726537194,16.0,30.0,1431.3136056549275,21.62159537366391,27.66952924524879,21.5,30.0,0.0,20.808406892075177,28.8825692171065,19.0,30.0,0.0,15.213743235620886,41.27561219636226,12.0,30.0,985.042769274901,19.82937450388903,35.075724372669437,19.75,30.0,0.0,16.066848709593726,39.33168342517455,10.0,30.0,1262.6244171454405,20.36299756449525,30.89000805656898,20.7,30.0,0.0,17.6225097460607,35.65575419725743,12.0,30.0,0.0,19.26032759123163,0.0,0.0,0.0,13.885189524766455,0.0,0.0,513.1398574161173,511.87280545008869,543.6155327198183,534.48375384931,565.0151314212399,847.3351644518789,574.9333118448413,629.1263038626732,577.7041708671798,9768.649300112258,81.54557924584519,85.17458360051657,220.0,0.0,220.0,220.0,16.0,19.0,19.0,12.0,19.7,12.0,21.0,10.0,1.0,0.0,1848.1004408228926,0.0,1431.3136056549275,0.0,985.042769274901,0.0,1262.6244171454405,0.0,5491.8142035592559,3295088.5221355536,4279314.855667042,81.54557924584519,85.23621614192656,0.35306047345197519,0.7690035546074113,0.36028137401965956,85.23621614192656,0.3542647819438875,4279314.855667042,0.2270710391613528 
 03/21  08:00:00,4.68,79.0,4.8,61.5,616.5,0.0,0.0,1.0,2.0,0.0,0.0,0.0,0.0,0.0,4.0,2748.0,0.0,153.30073905023836,73.7340473598112,188.9410074634297,4.596884723598529,122.35026294223424,0.0,73.73404735981106,100.80003286952314,0.0,0.0,20.0991641064958,-1450.2858714665236,19.09450651153133,525.172770877452,20.777148649405065,-2028.3511519721442,19.898884913172617,646.0139370985735,15.161806927758246,11.70457795756387,18.58246621162343,-110.86552488206121,16.279951499169508,23.316357433758414,18.441366436217849,-356.66829224621349,17.23112072643433,-232.73065059515717,1414.2659531443697,1462.2507603755303,0.0,0.0,0.0,0.0,0.0,0.0,0.0,0.0,0.0,0.0,0.0,0.0,0.0,0.0,0.0,0.0,0.0,0.0,0.0,0.0,0.0,0.0,1.841461125378977,0.5621065706285034,365.86817609515279,428.5360427948267,11865.764943046739,0.4082638145562098,0.062311327007968538,301.1508404254309,353.9304504216146,9170.215122996635,1.058898643415182,0.20009422589100196,369.0117820152906,430.99751317300038,12552.222464962515,0.3159109920118745,0.05969595465076992,349.97413525411516,410.1334487172038,11237.080886150388,0.0,0.0,13.288415338903495,15.881092208402741,281.3914292913077,0.0,0.0,17.78955351585507,20.943996873239695,518.2241799901914,0.0,0.0,215.65389826459347,256.78867038465259,5006.034527437871,0.0,0.0,56.072363821256598,65.84055402262304,1734.8273350451328,0.0,0.0,125.27627017347082,148.7047922552681,3125.9551790222278,41.05493542789089,28.158391925851097,640.162536657792,754.3929518592684,19733.684489489962,0.0,0.0,144.8572523360067,174.18821424752506,2567.4425439467606,1851.4726982875137,21.042367125002686,28.52440806409404,22.0,30.0,0.0,20.045440465945157,30.293949764978906,16.0,30.0,2782.667724837175,21.942143812070588,27.435476337448458,22.0,30.0,0.0,20.93822696658978,29.23305609334574,19.0,30.0,0.0,15.18340402006788,41.55478183142043,12.0,30.0,0.0,19.347682043674224,36.513133153403838,19.0,30.0,0.0,16.23885100578486,39.039070178422289,10.0,30.0,617.6473339799288,20.290794995281816,31.05875631492912,20.2,30.0,0.0,17.146222203484507,36.76635006092632,12.0,30.0,0.0,19.291774449786329,0.0,0.0,0.0,13.395221086421105,0.0,0.0,538.270675362163,537.7294532462438,563.7728098302264,567.6757760808979,571.6287244523119,862.319758207312,574.5703982604428,621.2665638426793,572.6349456498972,10989.848926837121,80.73798337940723,86.22816006973385,220.0,0.0,220.0,220.0,16.0,19.0,19.0,12.0,19.7,12.0,21.0,10.0,1.0,0.0,1851.4726982875137,0.0,2782.667724837175,0.0,0.0,0.0,617.6473339799288,0.0,8308.25600920788,4984953.605524728,6497684.798835566,80.73798337940723,86.32140149607139,0.361941866973596,0.7657006551715583,0.36028137401965956,86.32140149607139,0.3542647819438875,6497684.798835566,0.3423162762061161 
 03/21  08:10:00,5.025,78.33333333333334,4.963333333333333,65.0,644.3333333333334,0.0,4.0,0.0,0.0,0.0,0.0,0.0,0.0,0.0,0.0,4122.0,0.0,164.64282722620119,63.23703020673579,162.04317976965519,4.936998828074277,131.40255782256242,0.0,63.23703020673567,86.44981459249597,0.0,0.0,20.217097176595187,-1292.7417561539629,19.154605519227205,608.0753381928628,20.610757970218747,-934.8101641239164,19.867587870324838,-46.736679010317917,15.145001172314697,16.806832597888574,18.10249141645638,-281.6634402822249,16.774253506133364,555.912877275175,17.655369466583975,-116.75147971713595,17.00955516061535,-434.1736715725635,1116.6020368254345,1009.9339694596083,0.0,0.0,0.0,0.0,0.0,0.0,0.0,0.0,0.0,0.0,0.0,0.0,0.0,0.0,0.0,0.0,0.0,0.0,0.0,0.0,0.0,0.0,1.6389642263870717,0.500294330398984,401.45838617967407,470.18070095425937,12854.637252391525,0.39115748208845527,0.05970047040422088,330.08290485106348,388.0293944673106,9865.609594425616,1.3321108216295062,0.2517216216231115,163.69237254572597,191.47035387579354,5371.768850978403,0.3038243098083507,0.05741200109757191,15.729038268462152,18.44542537308185,497.8016849537529,0.0,0.0,12.480302143422915,14.923142030027718,255.2184973910895,0.0,0.0,83.06519872094913,98.1749099158819,2240.487097503175,0.0,0.0,230.2740586669055,273.40324483829417,5608.884422990301,0.0,0.0,33.660997822931168,39.75382143628199,926.8857917927153,0.0,0.0,94.13206001808145,111.87036610339274,2224.6806120422536,41.14661100500868,28.22126955076041,335.3417983485136,396.4760064765898,10048.079050218834,0.0,0.0,99.63276167089249,120.02125727376154,1605.7708317960469,1847.8412111913902,21.19752481692279,28.42279453638799,21.999999999999994,30.0,0.0,20.11292714065422,30.439104048302697,15.999999999999999,30.0,1404.5884954789422,21.40876041067308,27.999722046775614,21.33333333333333,30.0,0.0,20.73758514410129,32.67019385801288,18.999999999999998,30.0,0.0,15.167231243846246,41.966106335621748,11.999999999999997,30.0,0.0,18.521653702638259,35.453565971806309,15.999999999999999,30.0,0.0,17.243779864478804,37.45712330107577,9.999999999999999,30.0,0.0,18.760499339430838,33.99595882135951,15.999999999999999,30.0,0.0,16.86229996702387,38.01127414101012,11.999999999999997,30.0,0.0,18.435943619860298,0.0,0.0,0.0,12.794371932510542,0.0,0.0,545.0009870273127,550.0149788565924,540.1027496627612,743.8950888728845,585.556325533064,673.7191682839115,614.6446729104423,612.3806476017159,600.2776070933613,9879.100260055533,81.47267070454447,82.6172142931995,132.0,0.0,132.0,132.0,16.0,19.0,16.0,12.0,16.0,12.0,21.0,10.0,1.0,0.0,1847.8412111913902,0.0,1404.5884954789422,0.0,0.0,0.0,0.0,0.0,1732.1538849910735,1039292.330994644,1346415.4002306658,81.47267070454447,82.63665244295882,0.34107179616636909,0.7694128427043607,0.3602813740196595,82.63665244295882,0.3542647819438874,1346415.4002306658,0.0726096008119946 
 03/21  08:20:00,5.37,77.66666666666667,5.126666666666667,68.5,672.1666666666667,0.0,4.0,0.0,0.0,0.0,0.0,0.0,0.0,0.0,0.0,2061.0,0.0,176.11759520060634,54.88199031462382,140.63405492772103,5.28109223345501,140.56075350757713,0.0,54.881990314623738,75.02784162468493,0.0,0.0,20.21677572216484,-1504.0683733744295,19.19851220983665,563.4788716063794,20.563498896791157,-730.3257655725702,19.680801106355607,-72.7023081579439,15.14008484829444,28.045805018095348,17.76086277524861,-58.393029962046899,17.168917573571158,184.50241498830384,17.030616015585147,-24.248026162811244,16.458087042399066,-760.152843757195,1133.2841926289953,1409.089879177176,0.0,0.0,0.0,0.0,0.0,0.0,0.0,0.0,0.0,0.0,0.0,0.0,0.0,0.0,0.0,0.0,0.0,0.0,0.0,0.0,0.0,0.0,1.597012865690526,0.48748866474069776,398.566035593101,466.6650208616077,12435.187595242694,0.377543961979066,0.05762270481975976,320.26031892061999,376.2520572863751,9372.569141579026,1.4129322267577365,0.26699399598596687,126.21053626510977,147.6440963514764,4038.6974403635988,0.29912201456760875,0.056523434347620669,15.825529647473214,18.558350060355456,479.2971975994917,0.0,0.0,11.682617668639918,13.95884397128529,230.91750699568127,0.0,0.0,46.67125600608699,55.24949837956725,1179.5231174076337,0.0,0.0,258.4406899690805,305.91236291063049,6417.582758124157,0.0,0.0,19.55433729427692,23.166372451174618,484.089548882291,0.0,0.0,168.43617423914814,200.62247183234136,3563.3434146497704,41.33657049262802,28.35155726517697,326.240330727839,385.5572580002769,9532.756641268516,0.0,0.0,171.82684078301214,206.13625931151825,2948.951431659267,1833.7521166406669,21.137383809196409,28.585601840845955,21.999999999999994,29.999999999999998,0.0,20.140004909686913,30.441689415052914,15.999999999999997,29.999999999999998,1209.3890818780013,21.382331643673525,28.133816062681484,21.33333333333333,29.999999999999998,0.0,20.394124883105527,37.01647006693653,18.999999999999998,29.999999999999998,0.0,15.171601908003656,42.241238804631638,11.999999999999997,29.999999999999998,0.0,18.0078458676594,35.654151080550558,15.999999999999997,29.999999999999998,0.0,17.821524086236268,35.702480875621208,9.999999999999999,29.999999999999998,0.0,17.710638380149566,36.21403492391674,15.999999999999997,29.999999999999998,0.0,15.965268405220393,40.37501266153718,11.999999999999997,29.999999999999998,0.0,18.39365223843007,0.0,0.0,0.0,13.661614332450114,0.0,0.0,544.8102757142817,549.9275571953015,541.8175660972183,958.0837226619312,595.5002815928395,613.7247265281161,589.3010539953572,607.4389937011766,603.4790359668734,7804.977652963069,82.84404912988812,82.84404912988812,132.0,0.0,132.0,132.0,16.0,19.0,16.0,12.0,16.0,12.0,21.0,10.0,1.0,0.0,1833.7521166406669,0.0,1209.3890818780013,0.0,0.0,0.0,0.0,0.0,0.0,0.0,0.0,82.84404912988812,82.84404912988812,0.33999999999999999,0.7680496959175641,0.3602813740196595,82.84404912988812,0.35426478194388746,0.0,0.0025813333333333336 
 03/21  08:30:00,5.715,77.0,5.29,72.0,700.0,0.0,4.0,0.0,0.0,0.0,0.0,0.0,0.0,0.0,0.0,2061.0,0.0,187.71080840795987,49.52823737315294,126.91556512249943,5.628738041992521,149.81348865780613,0.0,49.52823737315289,67.70885546023209,0.0,0.0,20.163528062980455,-1612.7005460826145,19.314541387021188,754.8840714615975,20.59324355015275,-584.4804585986085,19.547368809537756,-75.69576803977896,15.146975768918733,34.229614158074557,17.576781778847228,-52.300964754798759,16.98283652727598,127.2566540927109,16.649968787262425,-17.26078307213924,16.099239299038726,-473.34809969963,1194.4501922068426,1406.984387769172,0.0,0.0,0.0,0.0,0.0,0.0,0.0,0.0,0.0,0.0,0.0,0.0,0.0,0.0,0.0,0.0,0.0,0.0,0.0,0.0,0.0,0.0,1.6122625823705228,0.49214364541224739,495.2104021417747,580.3264269862239,14755.570590455467,0.384008296800896,0.05860932490856165,321.2666279214194,377.12408278256376,9312.844475105881,1.2727556138936216,0.2405055959738514,178.6446208448964,208.8347475639652,5545.12697500333,0.3515927231173033,0.06643853422473603,28.963827511539777,33.995390757695229,838.657410989512,0.0,0.0,11.810858432148596,14.110650888522738,225.78521003125844,0.0,0.0,45.13043542413483,53.438963886041808,1083.920183337769,0.0,0.0,303.8806366695362,360.2431742768669,7129.341179031278,0.0,0.0,12.777856113301365,15.162829513362098,291.2370278013534,0.0,0.0,211.42542040188949,252.3259407288088,4171.04021683117,41.804237701653487,28.672316667800744,431.9306633894945,509.28014438818789,12444.924902635845,0.0,0.0,214.0634755578582,256.66739498426139,3669.5841927986068,1851.6319155658335,20.913801885214409,29.449416503464535,21.999999999999994,29.99999999999999,0.0,20.320570376890119,30.34569412203514,15.999999999999993,29.99999999999999,1063.135404580177,21.537922548051314,28.226236987887935,21.333333333333326,29.99999999999999,0.0,20.16344613368497,37.6406849176516,18.999999999999994,29.99999999999999,0.0,15.194333842111739,42.18716774747419,11.999999999999995,29.99999999999999,0.0,17.738763990379448,35.96509887784545,15.999999999999993,29.99999999999999,0.0,17.441153643889444,36.47882625164857,9.999999999999997,29.99999999999999,0.0,17.106394002260584,37.48767343435435,15.999999999999993,29.99999999999999,0.0,15.507786348834183,41.31318349676711,11.999999999999995,29.99999999999999,0.0,18.868087092179846,0.0,0.0,0.0,14.167929040179097,0.0,0.0,562.0726854002729,557.7012316337897,559.6667180435162,970.6925541859783,591.6734392877962,592.4032181914863,577.5933154721056,597.9614813085983,584.7326451037899,10282.726792695497,81.20571384883023,83.58843698869382,131.99999999999995,0.0,131.99999999999995,131.99999999999995,16.0,19.0,16.0,12.0,16.0,12.0,21.0,10.0,1.0,0.0,1851.6319155658335,0.0,1063.135404580177,0.0,0.0,0.0,0.0,0.0,3605.8694424248817,2163521.6654549299,2803029.727272734,81.20571384883023,83.62890353770668,0.346862314747496,0.7665267395445988,0.36028137401965945,83.62890353770668,0.35426478194388735,2803029.727272734,0.14832421248484885 
 03/21  08:40:00,6.0600000000000009,76.33333333333334,5.453333333333333,73.83333333333333,716.3333333333334,0.0,0.0,1.0,2.0,0.0,0.0,0.0,0.0,0.0,0.0,6183.0,0.0,195.60434135165196,47.87045201088909,122.66774768265745,5.865445519961493,156.11349160028724,0.0,47.87045201088906,65.4425371854281,0.0,0.0,20.37382012755429,-1071.965755391841,19.355892213696977,581.911287331538,20.71879391901146,-2297.7418174107849,19.601710305770895,692.1208565133911,15.148834134016984,34.14832581255828,18.515433321821953,-101.1383689900939,16.89367292736746,59.060944191119549,17.46708854279621,-110.37163009895503,15.95110569197909,-394.77022005179648,1306.523387647642,1386.2676539934014,0.0,0.0,0.0,0.0,0.0,0.0,0.0,0.0,0.0,0.0,0.0,0.0,0.0,0.0,0.0,0.0,0.0,0.0,0.0,0.0,0.0,0.0,1.4694565635775364,0.44855206458410859,407.4574175741928,476.81709383914719,12332.520644450005,0.359955008038524,0.054938188040067888,322.0509473493374,378.2488170078469,9076.84559486659,1.2473667549712385,0.23570800358489076,492.6762354447735,576.2110847720081,15108.502036833273,0.33708288214391488,0.06369668974752749,349.29600469769698,410.13593231961536,9900.935137147542,0.0,0.0,12.520785435754823,14.969156987685688,230.9046774230303,0.0,0.0,19.022807226767538,22.436282328427809,493.05048417884077,0.0,0.0,278.2652480658402,330.3301263250574,6242.318393420246,0.0,0.0,27.954815415838838,33.00709385691741,699.7439086937274,0.0,0.0,220.0980635664691,263.0018977647376,4127.896962222636,42.032647607992839,28.82897641151779,663.3180446505769,781.6487912935103,18536.253563841816,0.0,0.0,224.30067025985805,268.9480545778199,3776.2979298620346,1869.7259700173214,21.336097732564313,29.411277014764825,22.000000000000047,30.000000000000065,0.0,20.293306780586187,31.17773892223059,16.000000000000033,30.000000000000065,2298.7416343112279,21.564065288547377,29.29657187687689,21.5555555555556,30.000000000000065,0.0,20.374082563892637,31.71643376287064,16.000000000000033,30.000000000000065,0.0,15.204848110994436,42.19490470113624,12.000000000000029,30.000000000000065,1773.8558103278845,19.04835099830749,34.12809937629692,20.000000000000044,30.000000000000065,0.0,17.269212025206224,37.25015411086518,10.000000000000022,30.000000000000065,1341.6147323352782,18.408675841654668,35.14398141502201,20.700000000000047,30.000000000000065,0.0,15.366525317419994,41.823476664589858,12.000000000000029,30.000000000000065,0.0,19.298313434713653,0.0,0.0,0.0,14.36751515189212,0.0,0.0,604.7046001018616,597.0502245789187,621.1615142860217,636.548949314069,588.1029125460113,664.5601880073148,588.804087177185,639.6819684132358,584.9590743025731,10693.64875220036,80.93389403457924,85.79007078947494,60.00000000000013,0.0,60.00000000000013,60.00000000000013,16.0,16.0,19.0,12.0,19.7,12.0,21.0,10.0,1.0,0.0,1869.7259700173214,0.0,2298.7416343112279,0.0,1773.8558103278845,0.0,1341.6147323352782,0.0,7348.871428853252,4409322.85731194,5757218.626717623,80.93389403457924,85.87254479217353,0.35829571429510867,0.7658912491250076,0.36028137401966039,85.87254479217353,0.3542647819438883,5757218.626717623,0.30053536858931637 
 03/21  08:50:00,6.404999999999999,75.66666666666666,5.616666666666667,75.66666666666667,732.6666666666667,0.0,0.0,1.0,2.0,0.0,0.0,0.0,0.0,0.0,0.0,3435.0,0.0,234.0185341547092,52.48139354306547,134.48319169551466,7.017299120676385,186.77169689710545,0.0,52.48139354306545,71.74604383731115,0.0,0.0,20.483939839428943,-1480.7628516562582,19.469559196225619,642.3782240478522,20.698923934069009,-1434.089735981682,19.77321984956243,433.35246386119379,15.153367823623283,35.61268886513613,18.816486507170454,-125.84633874735474,16.848279953632024,103.16615704388824,18.46640976099964,-305.26896222394398,15.884654667089916,-262.2620915887441,1308.4223237564827,1381.6180281768878,0.0,0.0,0.0,0.0,0.0,0.0,0.0,0.0,0.0,0.0,0.0,0.0,0.0,0.0,0.0,0.0,0.0,0.0,0.0,0.0,0.0,0.0,1.4119239427749342,0.4309902145222632,466.3136776482081,545.4267258804699,13870.360466434782,0.34724206191457515,0.05299787269758473,327.3881068185765,384.286836320357,9084.677594589002,1.259473882404862,0.23799582056025365,407.7369498672916,477.10087460578668,12086.407617531988,0.3218120421976087,0.0608110434991702,299.37347104110236,351.1745125295916,8426.31930800116,0.0,0.0,12.842222536519288,15.348623826157642,228.24996889110913,0.0,0.0,19.783809330870633,23.285672822531667,517.0618937939871,0.0,0.0,277.87736368328879,329.85694123077885,5999.146874623879,0.0,0.0,46.83977931985823,55.01048288558702,1277.9638723792874,0.0,0.0,226.62974261995834,270.7425676713,4083.3781595436437,42.34959625603658,29.04636231552578,625.3039524053236,736.5805133878062,17207.03400799832,0.0,0.0,232.85916599728746,278.73632114205688,3938.983311294499,1856.9896880678749,21.490013227381938,29.277513143500227,22.0,30.0,0.0,20.4253807211085,31.247162984700528,16.0,30.0,1794.1462197082536,21.40334460456574,29.489883348519109,21.400000000000003,30.0,0.0,20.61680390231513,30.92236669342507,16.0,30.0,0.0,15.217596135852017,42.37725568857583,12.000000000000002,30.0,0.0,19.572673724688923,34.689415024437497,19.0,30.0,0.0,17.187303938739498,37.75264801261594,10.0,30.0,1281.874753948491,20.127153694933179,32.10266623919531,20.7,30.0,0.0,15.34302265586773,42.33844756698804,12.000000000000002,30.0,0.0,19.39067879345514,0.0,0.0,0.0,14.763863672966414,0.0,0.0,608.1041071046141,610.7497522285997,609.1763100740316,611.2841111385126,591.2673219557032,761.9224046788243,600.2810188811671,657.5666425695574,601.5679881264957,10340.942809513987,81.16718899928702,85.41245331586181,60.0,0.0,60.0,60.0,16.0,16.0,19.0,12.0,19.7,12.0,21.0,10.0,1.0,0.0,1856.9896880678749,0.0,1794.1462197082536,0.0,0.0,0.0,1281.874753948491,0.0,6424.587796868147,3854752.678120888,5046189.603072882,81.16718899928702,85.48455199726759,0.35015292656227156,0.7648495813923631,0.36028137401965956,85.48455199726759,0.35426478194388757,5046189.603072882,0.2635251926931231 
 03/21  09:00:00,6.75,75.0,5.78,77.5,749.0,0.0,0.0,1.0,2.0,0.0,0.0,0.0,0.0,0.0,0.0,1374.0,0.0,276.51759347142458,54.44328491222659,139.51059461750504,8.29163543127488,220.68999035514293,0.0,54.44328491222656,74.42809807926591,0.0,0.0,20.34163210444305,-1461.623253920664,19.5375071585737,472.45045831091468,20.604083176435375,-918.9442114815374,19.690517393661318,230.35721769132125,15.159396524603041,35.40297340032831,18.477365035300609,-100.92986899646059,16.82770021086489,89.55665566274092,18.861778682657467,-407.8360870195829,15.899451804642587,-207.62022210009037,1248.5459737994243,1330.2607528357226,0.0,0.0,0.0,0.0,0.0,0.0,0.0,0.0,0.0,0.0,0.0,0.0,0.0,0.0,0.0,0.0,0.0,0.0,0.0,0.0,0.0,0.0,1.3406411282350497,0.4092311136248626,401.570293922381,469.6384860843484,11478.453726222808,0.3127566187624229,0.04773452667314147,283.4790922315792,332.4566853083313,7685.080363516835,1.2694404235589146,0.23987914277379347,269.4063326645723,315.0164315361566,7796.894412484478,0.2977900842931253,0.056271746842994189,251.43390090086499,294.8909630440529,6811.534745384035,0.0,0.0,12.571732700951442,15.008746130710044,215.08295317643485,0.0,0.0,19.02939573866368,22.410003385081269,465.0816656241318,0.0,0.0,273.37036848671087,324.18795620774696,5694.06881928797,0.0,0.0,54.719301363186399,64.08457302227089,1512.12320968418,0.0,0.0,226.4993907548891,270.1966034113177,3965.275571018875,42.49063408559649,29.143096080656038,527.2036955031699,620.6780994635487,14202.095129517318,0.0,0.0,233.50419069114003,278.89720487206076,3928.1256526104477,1781.8534289884977,21.197444591746476,29.750167004648973,22.0,30.0,0.0,20.439636692889829,31.235896778106637,16.0,30.0,1842.897334326734,21.480849238463969,29.264207821860425,21.5,30.0,0.0,20.420721472521124,31.240324916729734,16.0,30.0,0.0,15.231056528349797,42.5991056167033,12.0,30.0,92.76732489818457,19.03254546064939,37.075616257523197,19.0,30.0,0.0,17.14851723130891,37.97914853812193,10.0,30.0,1092.715519796133,20.7238948757579,31.138527353311937,20.7,30.0,0.0,15.43525052502056,42.35850890366717,12.0,30.0,0.0,19.304635921351968,0.0,0.0,0.0,15.071052531313532,0.0,0.0,599.6164434015484,608.2564938044604,599.3574480247164,604.6509036987296,597.8345527593792,823.6856463375582,604.7927735636206,653.8456006359932,611.3161076942198,12636.472804292076,79.64851206654223,87.86053262881527,60.0,0.0,60.0,60.0,16.0,16.0,19.0,12.0,19.7,12.0,21.0,10.0,1.0,0.0,1781.8534289884977,0.0,1842.897334326734,0.0,92.76732489818457,0.0,1092.715519796133,0.0,12425.447456820566,7455268.474092339,9734256.803521932,79.64851206654223,88.0,0.4141815818940188,0.7658766203676686,0.36028137401965956,88.0,0.3542647819438875,9734256.803521932,0.5072680204498072 
 03/21  09:10:00,6.986666666666666,73.5,5.928333333333334,79.33333333333334,765.3333333333334,0.0,0.0,0.0,0.0,0.0,0.0,0.0,0.0,0.0,0.0,6183.0,0.0,337.19855104611806,56.395791369161518,144.51394970395206,10.111146458326463,269.1190559085655,0.0,56.395791369161489,77.09732243469266,0.0,0.0,19.743036683636839,-223.88070467710333,19.438253307254024,50.48348836994334,20.049760775905854,-947.5592368930919,19.565472373420719,78.59293229595642,15.16406860225563,32.595807666568038,18.236176333615718,-242.67442109274979,16.843194706359939,113.49908428966268,18.24623958951056,-243.28888243663566,15.937207456578167,-142.4099847060593,845.1551784705525,1139.197211105133,0.0,0.0,0.0,0.0,0.0,0.0,0.0,0.0,0.0,0.0,0.0,0.0,0.0,0.0,0.0,0.0,0.0,0.0,0.0,0.0,0.0,0.0,1.286383789225063,0.3926690443299947,209.56762307564129,246.32225410173226,5600.420358897575,0.26533683945713007,0.040497075619220088,130.41552704738377,153.47857614529867,3426.7916744967785,1.1565836953729954,0.21855323041817757,273.0223559217343,320.64386286425948,7466.68280908998,0.2544353535053412,0.04807924291484148,164.33206722569825,193.346543200964,4332.984437880893,0.0,0.0,11.437586085875943,13.675890245072257,190.3730129434337,0.0,0.0,79.07609822955884,93.45565541119132,1825.669788964088,0.0,0.0,316.8474828182245,376.2615483058746,6475.035646221132,0.0,0.0,47.417033100478558,55.855729965761508,1187.461895086566,0.0,0.0,211.78061899927406,252.9300498795838,3653.3637864725035,42.23093918992828,28.96497886826357,288.13197739502689,340.71658209128557,7722.151008932523,0.0,0.0,218.2754696796947,261.069168188826,3589.194903804866,0.0,20.29067837609439,31.47556106381579,21.999999999999994,29.999999999999994,0.0,20.141410797698357,31.80075878528248,15.999999999999997,29.999999999999994,0.0,20.50569711601073,31.031776167300074,21.66666666666666,29.999999999999994,0.0,20.20599195533237,31.62457929177133,15.999999999999997,29.999999999999994,0.0,15.23871905923634,42.876192645343468,11.999999999999997,29.999999999999994,0.0,18.557469281801568,36.21343554219557,15.999999999999997,29.999999999999994,0.0,17.19044832800719,38.559668583697469,9.999999999999999,29.999999999999994,0.0,19.536059834461779,33.25883913751818,11.999999999999997,29.999999999999994,0.0,15.550186349299184,42.569479726962509,11.999999999999997,29.999999999999994,0.0,18.11041864438297,0.0,0.0,0.0,15.118187909476948,0.0,0.0,591.5106519693541,599.5940214607217,581.6362283005648,592.4372935904281,608.3654130517697,693.8990816473485,636.0756055675231,635.0342527344675,629.6905559410086,0.0,79.64007718952596,79.64007718952596,59.999999999999989,0.0,59.999999999999989,59.999999999999989,16.0,16.0,16.0,12.0,12.0,12.0,21.0,10.0,0.0,0.0,0.0,0.0,0.0,0.0,0.0,0.0,0.0,0.0,0.0,0.0,0.0,79.64007718952596,79.64007718952596,0.0,0.0,0.0,79.64007718952596,0.0,0.0,0.0010499999999999998 
 03/21  09:20:00,7.2233333333333349,72.0,6.076666666666667,81.16666666666667,781.6666666666666,0.0,0.0,0.0,0.0,0.0,0.0,0.0,0.0,0.0,0.0,3435.0,0.0,415.00378385456858,58.33681032178631,149.48786870229407,12.44411986220295,331.21481558932,0.0,58.33681032178628,79.75084250080515,0.0,0.0,19.213032849688088,-80.85025048200362,19.160772529526669,-153.1356966433492,19.43625447980473,-281.0015965424943,19.212342245709267,-201.82891920091027,15.166401191201196,26.689934817772106,17.96634564895959,-152.3462599650823,16.758097372449457,50.159330252803929,17.502254851279056,-97.44406084793121,15.957207663235174,-179.86694810796386,600.5460205263876,920.8266871391717,0.0,0.0,0.0,0.0,0.0,0.0,0.0,0.0,0.0,0.0,0.0,0.0,0.0,0.0,0.0,0.0,0.0,0.0,0.0,0.0,0.0,0.0,1.193293550260396,0.3642532204702065,134.6430849766228,158.655904656478,3308.08274610443,0.22530773210169398,0.03438762699964805,70.86480764955603,83.53331624680689,1748.1658501449616,1.1288115106410699,0.21330527411962786,133.42813225199866,157.28014677605496,3293.063849462489,0.21840673348200013,0.041271113658730197,81.74388396363199,96.32864697417495,2014.0356569659655,0.0,0.0,10.301016955974085,12.31262902763016,166.6012370670916,0.0,0.0,68.00852501453189,80.49775161332582,1472.3878527493894,0.0,0.0,288.3625767354494,342.5282051550589,5670.706559009254,0.0,0.0,33.80854906649415,40.00481505960401,742.5319976105093,0.0,0.0,191.52226321881015,228.6253689450072,3235.771349060848,41.86413706155651,28.713399905045635,128.5613228242489,152.67632404376585,3442.8184488842605,0.0,0.0,196.6187166121734,235.21018565720869,3090.8649131340914,0.0,19.46806153216358,33.09877062411017,22.000000000000008,30.000000000000008,0.0,19.527985769794776,32.94115104904725,16.000000000000005,30.000000000000008,0.0,19.518689960808499,32.91344230277501,22.000000000000008,30.000000000000008,0.0,19.54918099804368,32.899541651299958,16.000000000000005,30.000000000000008,0.0,15.240041594946473,43.206995636440577,12.000000000000004,30.000000000000008,0.0,18.06257965167179,36.528085835184707,16.000000000000005,30.000000000000008,0.0,17.03394379655106,38.85037551128228,10.000000000000002,30.000000000000008,0.0,18.189349918049979,36.136610034339629,12.000000000000004,30.000000000000008,0.0,15.609835871924993,42.58843120608121,12.000000000000004,30.000000000000008,0.0,16.891352580393396,0.0,0.0,0.0,14.98897483019864,0.0,0.0,582.8875786593717,575.7977249460146,564.8867960827952,577.3629112763454,618.9412908185332,636.1918344653185,624.0929127566656,628.9395254718583,632.2475022916809,0.0,79.64007718952597,79.64007718952597,60.000000000000017,0.0,60.000000000000017,60.000000000000017,16.0,16.0,16.0,12.0,12.0,12.0,21.0,10.0,0.0,0.0,0.0,0.0,0.0,0.0,0.0,0.0,0.0,0.0,0.0,0.0,0.0,79.64007718952597,79.64007718952597,0.0,0.0,0.0,79.64007718952597,0.0,0.0,0.0010400000000000002 
 03/21  09:30:00,7.46,70.5,6.225,83.0,798.0,0.0,0.0,0.0,0.0,0.0,0.0,0.0,0.0,0.0,0.0,3435.0,0.0,508.116600311546,60.26406517354563,154.42651747484806,15.236083030861593,405.5273872163616,0.0,60.2640651735456,82.3855459975126,0.0,0.0,18.749509860359944,-141.63439215845029,18.896047054729359,-362.99974706165497,19.053388297657699,-379.9504374998744,18.812211686494913,-208.89105781855904,15.165468212554015,20.507128830486616,17.842790254633174,-133.99664877562919,16.64204174429685,14.490169654430794,17.09223051391615,-46.25400847913781,15.942004590897284,-198.60263924685479,635.821696895214,713.2441334379341,0.0,0.0,0.0,0.0,0.0,0.0,0.0,0.0,0.0,0.0,0.0,0.0,0.0,0.0,0.0,0.0,0.0,0.0,0.0,0.0,0.0,0.0,1.0616202912412174,0.3240599179612995,255.0598070199872,301.4189289935754,5747.352294516263,0.18595207148708377,0.02838096329167945,119.11489525227435,140.58456886654944,2728.2281051603156,1.048589004849854,0.19814607045537689,208.75894034513824,246.68115058357103,4838.999427885086,0.1927330578842383,0.036419701036326208,102.18099665035285,120.8844483575793,2322.9288365728486,0.0,0.0,9.376715300530588,11.207634470114844,147.08671246073588,0.0,0.0,62.97060177949298,74.59543141067025,1303.3117711002029,0.0,0.0,260.7175735041259,309.91835224535006,4898.72273004148,0.0,0.0,22.944353937456925,27.209812303322143,461.2483821519506,0.0,0.0,168.25273605871994,200.8531034469384,2761.023895740351,41.563726424211839,28.507356943903877,283.44938533605849,336.772997360718,6410.73212054358,0.0,0.0,171.90490574049429,205.7358068589191,2578.759905387634,0.0,18.74298047890616,34.422000725909679,22.0,30.0,0.0,18.969994665579557,33.90077060276808,16.0,30.0,0.0,18.93552221479997,33.930920079286099,22.0,30.0,0.0,18.855947800611298,34.28884368704556,16.0,30.0,0.0,15.233949920609428,43.34567931070772,12.000000000000002,30.0,0.0,17.81672739553007,36.93384567484942,16.0,30.0,0.0,16.827173296749366,39.22170118773726,10.0,30.0,0.0,17.50759182178338,37.67284699683728,12.000000000000002,30.0,0.0,15.603961648443433,42.507981933213269,12.000000000000002,30.0,0.0,17.00869529472366,0.0,0.0,0.0,14.87018684347333,0.0,0.0,540.7683310839143,533.7882673520334,523.8525045386657,562.6641463816382,617.8929898249348,615.8874711313075,601.3920212105271,619.2730890839401,616.6388430679112,0.0,79.64007718952596,79.64007718952596,60.0,0.0,60.0,60.0,16.0,16.0,16.0,12.0,12.0,12.0,21.0,10.0,0.0,0.0,0.0,0.0,0.0,0.0,0.0,0.0,0.0,0.0,0.0,0.0,0.0,79.64007718952596,79.64007718952596,0.0,0.0,0.0,79.64007718952596,0.0,0.0,0.0010299999999999999 
 03/21  09:40:00,7.696666666666667,69.0,6.373333333333333,86.83333333333334,792.0,0.0,0.0,0.0,0.0,0.0,0.0,0.0,0.0,0.0,0.0,1374.0,0.0,606.8507683440449,62.24420626897849,159.50062111266656,18.196590222545237,484.3261965297919,0.0,62.24420626897846,85.09254899887934,0.0,0.0,18.46814710394737,-169.72434421284243,18.686076473926549,-192.67726913959747,18.75782802474786,-189.85135217753487,18.623875844006787,-214.92595323355023,15.167417740256515,20.037893279832504,17.78207409304099,-122.17093515724469,16.58594581144132,45.94694411064211,16.795324995246607,-25.819594992775593,15.92726666652339,-178.95802899724777,710.5927427586489,634.5581917798545,0.0,0.0,0.0,0.0,0.0,0.0,0.0,0.0,0.0,0.0,0.0,0.0,0.0,0.0,0.0,0.0,0.0,0.0,0.0,0.0,0.0,0.0,1.033121302125874,0.3153605928345159,223.97748512721069,264.56919249825719,4786.865101928832,0.1901664296943874,0.029024180356286235,109.61818915118002,129.45153329289637,2370.0698223885385,0.9839293401062477,0.18592769087419654,186.08529909879409,219.57833275371574,4042.2512079812065,0.18133189738357004,0.034265286731589187,114.08575052504877,134.5891579406797,2458.6734564131377,0.0,0.0,9.33965497968532,11.151517384146512,142.09062584846158,0.0,0.0,62.49047595561508,73.98913400647021,1246.263048285799,0.0,0.0,256.5760910176378,304.7500882901626,4662.310639118052,0.0,0.0,20.60181856261794,24.449212275006219,386.4157701141788,0.0,0.0,163.22428882390154,194.64681551714222,2599.7489045053919,41.842612261978917,28.69863666802395,267.640948760363,317.2427716785832,5922.518104754754,0.0,0.0,166.63973827574126,199.1573446938026,2452.382438941143,0.0,18.37067604011868,35.18608744514114,22.0,30.0,0.0,18.545453879375495,34.75329616362576,16.0,30.0,0.0,18.537566651414836,34.799370839874757,22.0,30.0,0.0,18.57868378578079,34.759552712419537,16.0,30.0,0.0,15.233927221081679,43.387066042335408,12.0,30.0,0.0,17.66715240944913,37.20112357885092,16.0,30.0,0.0,16.75079259854113,39.363182635058759,10.0,30.0,0.0,17.044627550197867,38.729864507642549,12.0,30.0,0.0,15.598825584318778,42.4633180305103,12.0,30.0,0.0,17.272595349880676,0.0,0.0,0.0,14.96616317473638,0.0,0.0,533.7616432499683,523.3809108497674,528.1723413104048,539.5275561228439,611.455747547198,602.5961405321634,593.1431160847177,608.4094426901064,607.5818550610673,0.0,79.64007718952596,79.64007718952596,60.0,0.0,60.0,60.0,16.0,16.0,16.0,12.0,12.0,12.0,21.0,10.0,0.0,0.0,0.0,0.0,0.0,0.0,0.0,0.0,0.0,0.0,0.0,0.0,0.0,79.64007718952596,79.64007718952596,0.0,0.0,0.0,79.64007718952596,0.0,0.0,0.00102 
 03/21  09:50:00,7.933333333333334,67.5,6.5216666666666669,90.66666666666667,786.0,0.0,0.0,0.0,0.0,0.0,0.0,0.0,0.0,0.0,0.0,1374.0,0.0,711.0884350003195,64.1426799150025,164.36544991715048,21.322115958763996,567.5172765547454,0.0,64.14267991500248,87.68790640530659,0.0,0.0,18.188678488546296,-13.56174217429816,18.662008223719817,-302.606768119095,18.561148679526057,-362.2247960504119,18.381920959871978,-134.39322029516326,15.17245377494852,17.022390418969907,17.780750099046878,-122.8940275162737,16.525114639684515,11.76972637220615,16.613447077581627,-11.688826115773935,15.938084115179699,-156.97350587862639,671.5555038368302,514.7471155063581,0.0,0.0,0.0,0.0,0.0,0.0,0.0,0.0,0.0,0.0,0.0,0.0,0.0,0.0,0.0,0.0,0.0,0.0,0.0,0.0,0.0,0.0,0.9545651850863832,0.29138131412893267,368.9581679694743,436.0478985364708,7491.466261833129,0.14972883641945418,0.022852386510905707,171.97429120553049,202.9621196137494,3571.688537197639,0.8643544084458666,0.16333227672824394,355.2318972349488,419.7158230795031,7337.083327898525,0.16474817087302214,0.031131551563307277,192.83942974682157,227.94639291356146,3950.32485589312,0.0,0.0,8.72731717910099,10.421991497397953,128.70858972346489,0.0,0.0,62.749661596529239,74.32013821140983,1214.696179646964,0.0,0.0,235.59486586525518,279.94589677116906,4128.215022040606,0.0,0.0,14.709071305413226,17.467882002652453,261.54123053923527,0.0,0.0,146.3688259588121,174.51796299194178,2273.3062862808876,41.807068615554758,28.674258309708347,499.6140587170002,592.2409839949149,10086.286072774677,0.0,0.0,149.0554765571443,178.13262458429163,2124.046766280822,0.0,18.015409171405069,35.95966501160618,22.0,30.0,0.0,18.437983149813605,34.92176551278021,16.0,30.0,0.0,18.293145462067426,35.25480795680892,22.0,30.0,0.0,18.205595040681016,35.531741033522127,16.0,30.0,0.0,15.238888306871033,43.35678014749822,12.0,30.0,0.0,17.608148384290169,37.250526095097459,16.0,30.0,0.0,16.658751514486075,39.49717138530306,10.0,30.0,0.0,16.794812005655389,39.28841958343301,12.0,30.0,0.0,15.638781128979684,42.241967834873339,12.0,30.0,0.0,17.252145164001108,0.0,0.0,0.0,14.96958357879206,0.0,0.0,533.3888585118991,516.8532017987184,519.2035184549002,534.2996010050254,603.0092087949772,588.0088413690985,578.9319098864994,598.6737051447416,591.0118965049792,0.0,79.64007718952596,79.64007718952596,60.0,0.0,60.0,60.0,16.0,16.0,16.0,12.0,12.0,12.0,21.0,10.0,0.0,0.0,0.0,0.0,0.0,0.0,0.0,0.0,0.0,0.0,0.0,0.0,0.0,79.64007718952596,79.64007718952596,0.0,0.0,0.0,79.64007718952596,0.0,0.0,0.0010133333333333334 
 03/21  10:00:00,8.17,66.0,6.67,94.5,780.0,0.0,0.0,0.0,0.0,0.0,0.0,0.0,0.0,0.0,0.0,1374.0,0.0,818.0968506449399,65.9617023315111,169.02668277519477,24.53072017280783,652.9196500340443,0.0,65.96170233151108,90.17464795741089,0.0,0.0,18.11741673510183,-156.72581843207628,18.54580880543729,-250.77121689388629,18.285031384874736,-168.230921105559,18.311224266167629,-204.41334246350244,15.180779697757857,17.09021100223697,17.8217983214601,-129.97934127439692,16.481538733287679,55.267297226987469,16.476230666620077,-8.237014713808407,15.94843860063702,-129.26861858334315,621.7595331370121,446.56183539769065,0.0,0.0,0.0,0.0,0.0,0.0,0.0,0.0,0.0,0.0,0.0,0.0,0.0,0.0,0.0,0.0,0.0,0.0,0.0,0.0,0.0,0.0,0.8886564937831318,0.271262665989967,331.40946562590588,392.08531551995039,6525.84648970683,0.14445218781218265,0.022047037211871589,149.36948924957248,176.78778576926519,2963.5141363242385,0.8703486023485796,0.1644649664301927,333.635671244116,394.6608206004275,6516.588675481484,0.15718581543986305,0.029702535041546298,187.76764777199635,221.95003331710826,3724.662991298831,0.0,0.0,8.776480772810709,10.47901355271176,125.45200892388488,0.0,0.0,63.23725005932488,74.89480630747468,1194.5975288370176,0.0,0.0,231.2502660080434,274.8415265356557,3918.580116240486,0.0,0.0,11.16714222391937,13.268350567978322,189.38608224095575,0.0,0.0,138.75030662742757,165.4495920065237,2098.1803894900288,42.03682055377996,28.831838514252387,453.7677299976509,538.3903173538399,8891.168682594527,0.0,0.0,140.90048168734598,168.36624374489407,1967.546789606398,0.0,17.984783928799254,35.90386795294782,22.0,30.0,0.0,18.150024543718318,35.375331796307907,16.0,30.0,0.0,17.914992813115214,36.00035304974672,22.0,30.0,0.0,18.135026076361166,35.634236439109077,16.0,30.0,0.0,15.249579531100352,43.28225256862521,12.0,30.0,0.0,17.610363737308967,37.15555289443037,16.0,30.0,0.0,16.605917874592956,39.53092334358763,10.0,30.0,0.0,16.618443353155916,39.668251932745508,12.0,30.0,0.0,15.672629543829168,42.060393247385217,12.0,30.0,0.0,17.143187684861414,0.0,0.0,0.0,15.06711211789187,0.0,0.0,520.8286995199126,498.9928880683419,511.01403752765887,529.4120606930611,593.1506272812419,573.9746595083072,565.6455736403696,588.8627835429634,578.4762851408084,0.0,79.64007718952596,79.64007718952596,60.0,0.0,60.0,60.0,16.0,16.0,16.0,12.0,12.0,12.0,21.0,10.0,0.0,0.0,0.0,0.0,0.0,0.0,0.0,0.0,0.0,0.0,0.0,0.0,0.0,79.64007718952596,79.64007718952596,0.0,0.0,0.0,79.64007718952596,0.0,0.0,0.0010066666666666668 
 03/21  10:10:00,8.325,65.0,6.806666666666667,98.33333333333333,774.0,0.0,0.0,0.0,0.0,0.0,0.0,0.0,0.0,0.0,0.0,1374.0,0.0,925.588429344509,67.70378204878097,173.49074761778028,27.753810799428498,738.7076199478606,0.0,67.70378204878092,92.55620300626397,0.0,0.0,17.92058827506616,0.3606477417233691,18.617905562175666,-342.461495864715,18.228735070392636,-307.0249409451808,18.146377335209765,-128.22386740403318,15.193339620748209,16.601279108576948,17.878717755860366,-130.97758097723114,16.48041623196902,29.98219502076472,16.364181332433036,-4.415673043042375,15.97289607342268,-116.35439591256022,551.899284544983,400.5726750024969,0.0,0.0,0.0,0.0,0.0,0.0,0.0,0.0,0.0,0.0,0.0,0.0,0.0,0.0,0.0,0.0,0.0,0.0,0.0,0.0,0.0,0.0,0.8526431453858623,0.2602695803986149,295.29139343561317,349.14807027858469,5638.553143571835,0.1211468004875034,0.018490048914454123,137.8681886744945,162.76658388298535,2677.165789498061,0.7969994536214327,0.15060458307283315,285.4362683888937,337.6837908687778,5467.659151527005,0.1543530360040286,0.02916724036357305,157.45954198967906,186.31755447746827,3009.300729406855,0.0,0.0,8.554947290319998,10.2152640980417,119.89416658589394,0.0,0.0,64.24694749440605,76.09000013187328,1195.8062128798748,0.0,0.0,223.70372561162629,265.8579001523468,3728.8461421430245,0.0,0.0,8.273290636068147,9.837318850145636,135.60707832296425,0.0,0.0,133.10008987276633,158.65733213711975,1985.608789783065,42.357294439710567,29.051642276893405,395.49836066776887,469.1791757552692,7570.7850584426619,0.0,0.0,135.08511513508177,161.3381381450479,1869.6557886522315,0.0,17.756682425436887,36.34144777438495,22.0,30.0,0.0,18.197944010382387,35.162325253973218,16.0,30.0,0.0,17.919270183790503,35.85832938584144,22.0,30.0,0.0,17.89456289527832,36.054314235973,16.0,30.0,0.0,15.267046063755853,43.15749428391521,12.0,30.0,0.0,17.627375192113168,37.01497600187072,16.0,30.0,0.0,16.623695294504626,39.38762511512824,10.0,30.0,0.0,16.480723821074148,39.94897119731284,12.0,30.0,0.0,15.727377949971402,41.80025098482258,12.0,30.0,0.0,16.932953360791485,0.0,0.0,0.0,15.163639645281398,0.0,0.0,515.2215427096849,492.9940691503549,502.2083206228746,519.1688402641138,581.8735159843066,561.1035012759555,554.5237190794284,580.0462210212374,564.9044909626394,0.0,79.64007718952596,79.64007718952596,60.0,0.0,60.0,60.0,16.0,16.0,16.0,12.0,12.0,12.0,21.0,10.0,0.0,0.0,0.0,0.0,0.0,0.0,0.0,0.0,0.0,0.0,0.0,0.0,0.0,79.64007718952596,79.64007718952596,0.0,0.0,0.0,79.64007718952596,0.0,0.0,0.001 
 03/21  10:20:00,8.48,64.0,6.943333333333333,102.16666666666667,768.0,0.0,0.0,0.0,0.0,0.0,0.0,0.0,0.0,0.0,0.0,1374.0,0.0,1031.7515928645908,69.37170830669926,177.76479169356007,30.9370686158364,823.4353857654303,0.0,69.37170830669924,94.83638465425722,0.0,0.0,17.89728506569864,-129.94098581935396,18.548490888058774,-300.80890334373546,18.039676803371426,-130.48264991326779,18.115976552581559,-186.14082200532767,15.208770258614175,17.154831306971248,17.966553431327996,-141.92895850839137,16.467285976160669,71.08874909285805,16.263701056000785,-11.616616486805924,15.99929840238012,-88.49418349546932,563.1733017475035,355.5470666257497,0.0,0.0,0.0,0.0,0.0,0.0,0.0,0.0,0.0,0.0,0.0,0.0,0.0,0.0,0.0,0.0,0.0,0.0,0.0,0.0,0.0,0.0,0.8205862992370392,0.25048421832632458,367.277121351107,434.7753898741764,6868.432653679605,0.1132282180816486,0.017281474066185688,184.7457200722833,218.79992588542707,3478.3239298254386,0.8289724384568209,0.15664634135616427,326.4102822159656,386.36015610103268,6028.045360872263,0.14915654986238273,0.028185289089641475,176.7771816842344,209.10821935455807,3312.88920184754,0.0,0.0,8.658859761675894,10.335964960587962,119.02099358085818,0.0,0.0,65.82485277697384,77.93529867409055,1212.5239725650527,0.0,0.0,220.93101160907134,262.5398657265273,3612.6403672574899,0.0,0.0,8.765848314959552,10.425230509946929,138.7773670945682,0.0,0.0,125.99121777725957,150.164182920953,1853.7333340465298,42.753105411503899,29.32311756618924,482.58841197928975,572.8778245269568,8927.725555836103,0.0,0.0,131.4602247818639,156.94849041612538,1812.9129810375326,0.0,17.792857054518558,36.05977943108985,22.0,30.0,0.0,17.97120536677016,35.44513866417072,16.0,30.0,0.0,17.679832470620718,36.24016431497263,22.0,30.0,0.0,17.88678850331622,35.9934043505154,16.0,30.0,0.0,15.288592935380905,43.01371075951181,12.0,30.0,0.0,17.688205508751005,36.768604162398208,16.0,30.0,0.0,16.620878046868357,39.25906473580518,10.0,30.0,0.0,16.355829571924305,40.1959027081554,12.0,30.0,0.0,15.782928321944912,41.544857495773438,12.0,30.0,0.0,16.98073336306583,0.0,0.0,0.0,15.297226812823287,0.0,0.0,499.4097430548178,477.29849314435639,490.25763957635066,514.2170189480614,571.0720478453641,548.7784905840608,541.0045237616123,571.3906993062426,553.5409447952698,0.0,79.64007718952596,79.64007718952596,60.0,0.0,60.0,60.0,16.0,16.0,16.0,12.0,12.0,12.0,21.0,10.0,0.0,0.0,0.0,0.0,0.0,0.0,0.0,0.0,0.0,0.0,0.0,0.0,0.0,79.64007718952596,79.64007718952596,0.0,0.0,0.0,79.64007718952596,0.0,0.0,0.0009933333333333333 
 03/21  10:30:00,8.635,63.0,7.08,106.0,762.0,0.0,0.0,0.0,0.0,0.0,0.0,0.0,0.0,0.0,0.0,1374.0,0.0,1135.2308432309879,70.9685347659854,181.8566398296609,34.03984972792384,906.0211395770346,0.0,70.96853476598536,97.01936748710652,0.0,0.0,17.76268069146207,51.5169988929797,18.65199650771844,-422.7851277356881,18.03387763495556,-245.2622007685759,17.996854740183495,-120.01304953123918,15.228136835735974,17.689737162329153,18.06118775280066,-146.8844108726687,16.491425777718214,55.05966810894233,16.170922306895095,-17.895327847256398,16.037202378145,-71.00998759555728,517.7025247324673,328.9211567915786,0.0,0.0,0.0,0.0,0.0,0.0,0.0,0.0,0.0,0.0,0.0,0.0,0.0,0.0,0.0,0.0,0.0,0.0,0.0,0.0,0.0,0.0,0.7780306981306879,0.2374941080985006,266.96140031781285,315.88027082581496,4850.754096174052,0.11466130650289488,0.01750019940520374,168.6651489501283,199.34242202063275,3160.4571277653578,0.7765329800760046,0.14673714665079458,270.4363293088768,320.13366466997788,4939.203809002953,0.1512701191387289,0.028584678597643397,151.17473557783476,178.97678601248868,2743.6764382214098,0.0,0.0,8.649201098413816,10.324899249492825,116.63696659047615,0.0,0.0,66.86155018899564,79.14781834219332,1218.851446695704,0.0,0.0,219.42547838022296,260.69770320843016,3544.642770449099,0.0,0.0,12.094005385189652,14.390421891795708,185.00180668894525,0.0,0.0,120.96266197997902,144.1116792625424,1759.2680723342942,43.169555263947959,29.60874846635663,361.2654712351738,428.77852851405808,6662.141081255575,0.0,0.0,131.504677305022,156.89974846613135,1808.235726749185,0.0,17.66144840358524,36.19468677645793,22.0,30.0,0.0,18.053776973586648,35.13387779428042,16.0,30.0,0.0,17.75789112862923,35.92490821643171,22.0,30.0,0.0,17.71792091337968,36.195659191050058,16.0,30.0,0.0,15.31600382642625,42.829275404696577,12.0,30.0,0.0,17.75074270742555,36.50516367469656,16.0,30.0,0.0,16.679996987282928,38.98100573532744,10.0,30.0,0.0,16.24003156926314,40.37743060591943,12.0,30.0,0.0,15.854929979210088,41.21635856131105,12.0,30.0,0.0,16.84979512300773,0.0,0.0,0.0,15.435972533604073,0.0,0.0,489.104033556865,475.5808820682946,483.6317184004816,501.13543686548919,559.324027049078,537.2893588543957,529.008158702449,558.5288834859033,540.4903970730916,0.0,79.64007718952596,79.64007718952596,60.0,0.0,60.0,60.0,16.0,16.0,16.0,12.0,12.0,12.0,21.0,10.0,0.0,0.0,0.0,0.0,0.0,0.0,0.0,0.0,0.0,0.0,0.0,0.0,0.0,79.64007718952596,79.64007718952596,0.0,0.0,0.0,79.64007718952596,0.0,0.0,0.0009866666666666668 
 03/21  10:40:00,8.79,62.0,7.216666666666667,107.83333333333334,743.5,0.0,0.0,0.0,0.0,0.0,0.0,0.0,0.0,0.0,0.0,687.0,0.0,1219.5567683314285,68.14035363280117,174.60958364841168,36.56831803421305,973.3207233470944,0.0,68.14035363280114,93.15302946018683,0.0,0.0,17.74281755447214,-25.804673610730789,18.72846630767808,-307.606721922999,18.00807375596279,-24.979594874970645,17.939199764036738,-185.1950154488768,15.251253222136637,17.831850121439289,18.17670565920649,-164.07225213809716,16.50158663162246,76.96296626104322,16.075885251205734,-15.943443706076608,16.067235362015983,-71.44520432045238,460.52208296407118,286.289126500938,0.0,0.0,0.0,0.0,0.0,0.0,0.0,0.0,0.0,0.0,0.0,0.0,0.0,0.0,0.0,0.0,0.0,0.0,0.0,0.0,0.0,0.0,0.7513568215027402,0.22935189911561058,183.58193301880909,216.97166327882884,3273.3420049365138,0.12076082739160223,0.018431139711783004,132.55870067516126,156.43849107203753,2464.325550318216,0.8224831609399411,0.15542009843914238,253.16248332933334,299.0422260852904,4576.076297240343,0.14885693325855174,0.028128672195493519,125.75183753126062,148.63677751571519,2227.5566477038285,0.0,0.0,8.88436483716884,10.583309570750089,117.66735408537805,0.0,0.0,67.26465856360047,79.44147202219804,1219.0259592754692,0.0,0.0,219.83441341275734,260.651051144882,3497.7146009729428,0.0,0.0,13.421598230692745,15.945779108398574,197.941134580372,0.0,0.0,116.85483963969809,138.9333028703014,1676.3584564533997,43.59459014903341,29.900267591929646,250.5692692139335,297.1767779552623,4648.904470185523,0.0,0.0,128.73206568438159,153.2391882494988,1763.3766871857618,0.0,17.68299671202393,35.877669743347549,22.0,30.0,0.0,18.105172600774638,35.021055052210957,16.0,30.0,0.0,17.816973809512054,36.01997243920863,22.0,30.0,0.0,17.649492623572326,36.079249421138509,16.0,30.0,0.0,15.350280745410015,42.60174955220018,12.0,30.0,0.0,17.852816983768656,36.15343089921031,16.0,30.0,0.0,16.71270120943788,38.87413888458228,10.0,30.0,0.0,16.116984218343707,40.572859711929108,12.0,30.0,0.0,15.911472464953535,40.98992779199189,12.0,30.0,0.0,16.68680765647389,0.0,0.0,0.0,15.567658874677712,0.0,0.0,469.3610011242236,478.73005602121187,503.5070086833584,481.930376132784,546.2406525043425,526.6180585145784,527.6166706622958,545.6143248002132,533.3799534336326,0.0,79.64007718952596,79.64007718952596,60.0,0.0,60.0,60.0,16.0,16.0,16.0,12.0,12.0,12.0,21.0,10.0,0.0,0.0,0.0,0.0,0.0,0.0,0.0,0.0,0.0,0.0,0.0,0.0,0.0,79.64007718952596,79.64007718952596,0.0,0.0,0.0,79.64007718952596,0.0,0.0,0.00098 
 03/21  10:50:00,8.945,61.0,7.3533333333333339,109.66666666666666,725.0,0.0,0.0,0.0,0.0,0.0,0.0,0.0,0.0,0.0,0.0,687.0,0.0,1293.7911135379507,68.37971229604118,175.22291720005527,38.79419439397744,1032.5663156704919,0.0,68.37971229604114,93.48025089975408,0.0,0.0,17.783508067867794,64.11703474913884,18.729105404719247,-519.7463678978875,17.82722563142671,-271.65756267131567,17.98600440397256,-15.536226278311915,15.272166045742616,18.115855784962038,18.2902354017378,-166.99116041960816,16.497992990447956,69.08837014614164,16.00559328487618,-13.956465796265264,16.0927667301561,-59.72294551326195,514.1522237343816,271.39165706477436,0.0,0.0,0.0,0.0,0.0,0.0,0.0,0.0,0.0,0.0,0.0,0.0,0.0,0.0,0.0,0.0,0.0,0.0,0.0,0.0,0.0,0.0,0.7351826917926138,0.22441474108443647,250.06693948955147,295.35660149308117,4454.537110500109,0.09627053245387668,0.014693304709077638,201.79829879911734,238.26158645654005,3636.3450597187186,0.736381138635278,0.13914987502556279,171.73238065581573,203.07967613938733,2954.235453276134,0.1592692276049222,0.03009622592685604,131.94518887904219,155.8564201049551,2335.267740309723,0.0,0.0,8.705573273046788,10.36883049252125,113.07082677003023,0.0,0.0,68.20991682958929,80.52640764751236,1227.859250848854,0.0,0.0,220.93485150729078,261.9510147507476,3445.116169080739,0.0,0.0,15.681921561449022,18.63568949016117,223.91195831656399,0.0,0.0,117.50517894480669,139.67858044467469,1659.49602474435,44.11216489698995,30.25525713099449,315.25004657562496,373.6402310162772,5684.836145106346,0.0,0.0,132.2841262610812,157.37574069920499,1810.0826937605814,0.0,17.845132351812777,35.68715381943964,22.0,30.0,0.0,17.974564511142107,34.964938721160049,16.0,30.0,0.0,17.518769826615207,36.01513290699864,22.0,30.0,0.0,17.801766824225067,36.05206163919811,16.0,30.0,0.0,15.379090981855559,42.45018203270462,12.0,30.0,0.0,17.95038314315314,35.92100351418656,16.0,30.0,0.0,16.70965921862226,38.73307185697845,10.0,30.0,0.0,16.036440009196175,40.67384219997781,12.0,30.0,0.0,15.957010963998967,40.78920910535483,12.0,30.0,0.0,16.854505082518359,0.0,0.0,0.0,15.71928840506104,0.0,0.0,485.57525429421289,453.73272851364956,456.1497174650994,503.908106300987,539.4462905140999,525.6607972635576,515.892486952807,535.9933123866064,527.7474542550517,0.0,79.64007718952596,79.64007718952596,60.0,0.0,60.0,60.0,16.0,16.0,16.0,12.0,12.0,12.0,21.0,10.0,0.0,0.0,0.0,0.0,0.0,0.0,0.0,0.0,0.0,0.0,0.0,0.0,0.0,79.64007718952596,79.64007718952596,0.0,0.0,0.0,79.64007718952596,0.0,0.0,0.0009533333333333333 
 03/21  11:00:00,9.1,60.0,7.49,111.5,706.5,0.0,0.0,0.0,0.0,0.0,0.0,0.0,0.0,0.0,0.0,687.0,0.0,1360.607569735321,68.55514726121662,175.67244175329032,40.7976480689069,1085.8917601118038,0.0,68.55514726121659,93.72008379770765,0.0,0.0,17.61597445582467,-48.09644121094698,18.87287763752189,-326.36799018548938,17.908772113555707,9.129239911606419,17.858989562107909,-231.6280230116745,15.29464375593593,19.253274655069107,18.398994181170278,-188.46156524170557,16.535003151848469,92.98607979336066,15.947704711183715,-9.05711252205424,16.12617163621645,-37.55569500299998,475.1334307088673,236.1062211954022,0.0,0.0,0.0,0.0,0.0,0.0,0.0,0.0,0.0,0.0,0.0,0.0,0.0,0.0,0.0,0.0,0.0,0.0,0.0,0.0,0.0,0.0,0.7104778501288492,0.21687358062541188,211.67186121265955,250.2549149209553,3589.5534573116267,0.11397887479066145,0.017396043160967865,124.13687639710291,146.45928271483133,2245.021710162342,0.8292829672337564,0.1567050202633705,314.8187507049441,371.8871769811163,5468.597986760536,0.14088252050554976,0.02662179147875089,159.22044358855858,188.2412104717113,2692.9894762056685,0.0,0.0,9.096703682823712,10.833091308062884,115.85768562856085,0.0,0.0,70.62583189931503,83.35154540604292,1261.0140120509873,0.0,0.0,223.51171253064829,264.9177523535455,3450.7587848836617,0.0,0.0,17.99715761668397,21.390558941040799,249.1849449952329,0.0,0.0,111.4813748447095,132.48377291209827,1552.6111326360197,44.57607917316252,30.573442505598448,312.00090742088147,369.91206512165709,5462.849125306114,0.0,0.0,128.9734768140102,153.37339023386498,1752.5740252751578,0.0,17.561446084268199,35.98697481209051,22.0,30.0,0.0,18.16472569660316,34.67899463710214,16.0,30.0,0.0,17.779999491985856,35.96842566916099,22.0,30.0,0.0,17.56001760060271,36.05519292300091,16.0,30.0,0.0,15.409842061756713,42.27316633462659,12.0,30.0,0.0,18.035156069493114,35.61267532769452,16.0,30.0,0.0,16.790077834254427,38.53159811954386,10.0,30.0,0.0,15.974894384754727,40.777332357025887,12.0,30.0,0.0,16.016392577109344,40.61334377123166,12.0,30.0,0.0,16.758179804019727,0.0,0.0,0.0,15.830193921473093,0.0,0.0,463.1750772336923,467.654092608571,495.23405236098497,469.9455065618546,531.6641829359952,515.7478517228111,516.1158805160986,530.9919632607672,526.12975896116,0.0,79.64007718952596,79.64007718952596,60.0,0.0,60.0,60.0,16.0,16.0,16.0,12.0,12.0,12.0,21.0,10.0,0.0,0.0,0.0,0.0,0.0,0.0,0.0,0.0,0.0,0.0,0.0,0.0,0.0,79.64007718952596,79.64007718952596,0.0,0.0,0.0,79.64007718952596,0.0,0.0,0.0009266666666666668 
 03/21  11:10:00,9.221666666666666,59.0,7.58,113.33333333333334,688.0,0.0,0.0,0.0,0.0,0.0,0.0,0.0,0.0,0.0,0.0,1374.0,0.0,1420.0171556599037,68.67196426771806,175.97175331582944,42.57900950108925,1133.3058511584725,0.0,68.67196426771801,93.87978150204772,0.0,0.0,17.683369888346684,97.32919004371024,18.901254893004244,-527.695475992783,17.801728657020158,-156.92828226885104,17.870532434954876,-63.61176268186705,15.314255299653226,19.97000383794824,18.50278909241206,-190.30268495416204,16.53809268126097,90.85764789988025,15.906228828898142,-1.6604583967752547,16.15769571853597,-11.87377516415927,473.99961414404199,221.836535057648,0.0,0.0,0.0,0.0,0.0,0.0,0.0,0.0,0.0,0.0,0.0,0.0,0.0,0.0,0.0,0.0,0.0,0.0,0.0,0.0,0.0,0.0,0.701834214241434,0.21423510813230585,248.74206326271713,294.5066484326493,4257.920810268355,0.08040567018388054,0.01227192768374245,209.20519730870266,247.41235274308958,3695.9457306001547,0.7539863734090686,0.1424766389661884,222.40541853195368,263.33915333305046,3739.8261309983174,0.1550431939214328,0.029297655691880719,123.48846748115139,146.26318250031228,2081.0391177080275,0.0,0.0,8.879820147430277,10.592917481308941,111.30355564801812,0.0,0.0,72.50968228770502,85.70630585879795,1287.7162056500775,0.0,0.0,221.66529173840406,263.20526151497065,3369.691825856553,0.0,0.0,20.369890943019195,24.25648922528308,275.6196197223574,0.0,0.0,110.1336416598441,131.10519127207824,1517.6139533262299,44.898877660559048,30.794840645102235,312.9481780075931,371.8069821205098,5421.460156041676,0.0,0.0,129.421059888727,154.1221202162708,1759.4650551769515,0.0,17.776100428692027,35.49093209339969,22.0,30.0,0.0,18.08546279712906,34.628369118983957,16.0,30.0,0.0,17.612534128439618,35.90238190008002,22.0,30.0,0.0,17.64930538623438,36.011855259542958,16.0,30.0,0.0,15.43351229203369,42.14377171627168,12.0,30.0,0.0,18.11388812111596,35.37694675414967,16.0,30.0,0.0,16.795794796310504,38.38964410765833,10.0,30.0,0.0,15.941201212927691,40.770745132067457,12.0,30.0,0.0,16.06856921955429,40.361129723055757,12.0,30.0,0.0,16.76869918254732,0.0,0.0,0.0,15.960122116196441,0.0,0.0,466.02388715729009,456.4401278794296,468.65730197666678,481.85216370314699,526.6634380068517,511.6650610278283,507.46384267110479,523.6594673345956,517.4458140738036,0.0,79.64007718952596,79.64007718952596,60.0,0.0,60.0,60.0,16.0,16.0,16.0,12.0,12.0,12.0,21.0,10.0,0.0,0.0,0.0,0.0,0.0,0.0,0.0,0.0,0.0,0.0,0.0,0.0,0.0,79.64007718952596,79.64007718952596,0.0,0.0,0.0,79.64007718952596,0.0,0.0,0.0009 
 03/21  11:20:00,9.343333333333334,58.00000000000001,7.67,115.16666666666666,669.5,0.0,0.0,0.0,0.0,0.0,0.0,0.0,0.0,0.0,0.0,687.0,0.0,1472.1536373715554,68.73558964914982,176.13475693023055,44.14228964925868,1174.9153466056114,0.0,68.73558964914978,93.96676222220757,0.0,0.0,17.69300938377932,73.20759805805847,18.9366877217115,-562.3711469160671,17.83958675574482,-12.52295880567226,17.900671294708695,-25.595277321370305,15.34143424436029,20.457250745697708,18.625258204016615,-203.69562764514286,16.57002509187767,98.30170422975971,15.863531236468488,2.454976473566603,16.199942824898419,-13.834789378115602,370.46996908230997,202.30398380640328,0.0,0.0,0.0,0.0,0.0,0.0,0.0,0.0,0.0,0.0,0.0,0.0,0.0,0.0,0.0,0.0,0.0,0.0,0.0,0.0,0.0,0.0,0.7040835485715481,0.2149217181231832,200.04582221768403,236.2748517078358,3401.273876900384,0.0835154903057687,0.012746564454482404,198.4522209305786,234.23207942123393,3447.598021372461,0.762431584560526,0.14407248385497474,103.24713656799756,121.97901587142336,1746.194011030353,0.15528693091971045,0.029343713325720029,79.81032005207591,94.28985465017344,1339.1697378714433,0.0,0.0,9.029707852021188,10.750499284152636,111.66429483781467,0.0,0.0,73.08439820914131,86.19115175102091,1296.8888441289287,0.0,0.0,222.6974212221311,263.8843996899661,3358.238423251315,0.0,0.0,21.979939309485656,26.130126883843979,290.29370047923205,0.0,0.0,108.52986182773611,128.9170539470168,1484.1435627924969,45.19698437853057,30.99930341463003,151.49570832162997,179.79413337508749,2802.5587365553776,0.0,0.0,128.82391954110325,153.05905026321427,1748.7921927495343,0.0,17.8342248601738,35.25024704552213,22.0,30.0,0.0,18.05254942328212,34.460753329338128,16.0,30.0,0.0,17.754689081245127,35.42319533555298,22.0,30.0,0.0,17.7329330734385,35.84859580869052,16.0,30.0,0.0,15.471122996189934,41.92599963258502,12.0,30.0,0.0,18.2301444894088,35.02843596594798,16.0,30.0,0.0,16.856483097103057,38.10417292146754,10.0,30.0,0.0,15.899003782927679,40.74897176056341,12.0,30.0,0.0,16.137580821324766,40.07801642983255,12.0,30.0,0.0,16.459473344019967,0.0,0.0,0.0,16.073018937320354,0.0,0.0,463.13537572799705,449.4822294369152,460.44745361931117,482.9428063021055,518.3149967118511,505.1351313147587,499.2156153909231,514.4368940715815,510.59622236369816,0.0,79.64007718952596,79.64007718952596,60.0,0.0,60.0,60.0,16.0,16.0,16.0,12.0,12.0,12.0,21.0,10.0,0.0,0.0,0.0,0.0,0.0,0.0,0.0,0.0,0.0,0.0,0.0,0.0,0.0,79.64007718952596,79.64007718952596,0.0,0.0,0.0,79.64007718952596,0.0,0.0,0.0009033333333333332 
 03/21  11:30:00,9.465,57.0,7.76,117.0,651.0,0.0,0.0,0.0,0.0,0.0,0.0,0.0,0.0,0.0,0.0,687.0,0.0,1517.217820701512,68.75153618105604,176.1755791593556,45.49350962698949,1210.880507974518,0.0,68.751536181056,93.98856234030578,0.0,0.0,17.648017470267165,50.12895744534035,19.016512859642704,-509.1818820794206,17.838198944958817,-11.307418509320542,17.931590420205198,-16.773597032390798,15.365910050232254,21.431443768379269,18.734257589386539,-217.9319284487715,16.599228003756246,108.48738926532315,15.833057354796964,9.235776947124237,16.233092688090644,-1.6433865065159808,314.39418454606996,184.39870091184276,0.0,0.0,0.0,0.0,0.0,0.0,0.0,0.0,0.0,0.0,0.0,0.0,0.0,0.0,0.0,0.0,0.0,0.0,0.0,0.0,0.0,0.0,0.7049232397044447,0.21517803409781587,156.87762899495488,185.32468915585725,2615.3160648135765,0.10508330910815378,0.01603835609098806,153.76147346360316,181.43700050532133,2653.7491081670229,0.7358669483993307,0.13905271133774206,89.32644573625152,105.51214568014393,1497.7059374536885,0.14751395000715143,0.027874896070890284,8.228520265769517,9.718591769355847,139.3956960935189,0.0,0.0,9.227786940079618,10.98489679540067,112.41648371730457,0.0,0.0,74.6025964210294,87.95243924102069,1318.8900323556996,0.0,0.0,224.14268752830297,265.5392199301599,3348.8493521260645,0.0,0.0,23.40625825403267,27.827195440654756,302.36708448529637,0.0,0.0,106.6819599559268,126.69585238309718,1443.6059321143076,45.55681327189008,31.2460996377847,106.42743212460894,126.38348935996827,2078.528137156944,0.0,0.0,127.92176760470243,151.9306824963631,1730.920876132399,0.0,17.78112844170395,35.11617573902039,22.0,30.0,0.0,18.11726821604038,34.29858632573989,16.0,30.0,0.0,17.798179687826314,35.35045519022812,22.0,30.0,0.0,17.80456108344315,35.684616732767249,16.0,30.0,0.0,15.502239516410615,41.74026142940207,12.0,30.0,0.0,18.32175134220782,34.719037977335229,16.0,30.0,0.0,16.910333464072484,37.92914499880925,10.0,30.0,0.0,15.876524284141768,40.72887806277203,12.0,30.0,0.0,16.189411774273933,39.87523165311567,12.0,30.0,0.0,16.29188165176651,0.0,0.0,0.0,16.17545861798528,0.0,0.0,453.42361293570016,457.57400331293959,465.17442725528039,484.3548560337281,511.77011318410839,498.396475937962,496.9495101135352,509.19460885154879,506.11366817759696,0.0,79.64007718952596,79.64007718952596,60.0,0.0,60.0,60.0,16.0,16.0,16.0,12.0,12.0,12.0,21.0,10.0,0.0,0.0,0.0,0.0,0.0,0.0,0.0,0.0,0.0,0.0,0.0,0.0,0.0,79.64007718952596,79.64007718952596,0.0,0.0,0.0,79.64007718952596,0.0,0.0,0.0009066666666666667 
 03/21  11:40:00,9.586666666666666,56.0,7.85,127.33333333333333,622.6666666666666,0.0,0.0,0.0,0.0,0.0,0.0,0.0,0.0,0.0,0.0,1374.0,0.0,1557.9123123845168,71.22535753461824,182.5145796646459,46.71370850165523,1243.3582865095139,0.0,71.22535753461821,97.37046368278266,0.0,0.0,17.634292416098466,70.38774413799547,19.058850661469074,-566.6829441606583,17.794440258856633,-85.97026639970909,17.914648712416999,-68.48179590675386,15.387806387054859,22.514554213545695,18.831343283038728,-223.0774309118474,16.619007603252613,115.30745108432257,15.81333430833682,17.757073129541767,16.265269623773528,17.563127551779418,413.2616808881012,174.7365947865842,0.0,0.0,0.0,0.0,0.0,0.0,0.0,0.0,0.0,0.0,0.0,0.0,0.0,0.0,0.0,0.0,0.0,0.0,0.0,0.0,0.0,0.0,0.7020090564300017,0.2142884787637368,174.82090832887156,206.91530028292858,2874.194666461599,0.10033064712953581,0.015312980331125735,171.06162631035827,202.26207119060667,2902.26477414861,0.7100563571035525,0.13417542651238716,69.0214662723003,81.68242170551804,1135.8784438450906,0.1406978560507931,0.02658689645706596,59.72835570040801,70.6476324499187,978.5451444435912,0.0,0.0,9.224602960134316,11.000126129718414,110.5332397671794,0.0,0.0,76.24410192184628,90.02826648156148,1339.507475024563,0.0,0.0,224.23297058350455,266.1020493683774,3308.447364883571,0.0,0.0,24.770106270953805,29.502684320496028,313.4661464433776,0.0,0.0,105.85457756743515,125.92461107632718,1415.6143002488216,45.97003671083199,31.529517634315508,174.06455910584953,206.84836878071514,3086.8317749558207,0.0,0.0,128.0845454992039,152.34743753879025,1727.2595709743596,0.0,17.794010663066705,34.9244277832701,22.0,30.0,0.0,18.09827739169622,34.05268270439841,16.0,30.0,0.0,17.751996987318635,35.3165003003772,22.0,30.0,0.0,17.77314047609995,35.38602101136301,16.0,30.0,0.0,15.526833029048039,41.59268397267257,12.0,30.0,0.0,18.392923646428689,34.47649438598249,16.0,30.0,0.0,16.942099278431948,37.69790675908691,10.0,30.0,0.0,15.868954279671624,40.64447839632459,12.0,30.0,0.0,16.235268210109817,39.63851913798334,12.0,30.0,0.0,16.599081096154366,0.0,0.0,0.0,16.278865623224058,0.0,0.0,456.7284211056063,450.1866245049372,465.754904853334,471.2104687502313,507.063766152837,493.9928489617113,490.2679114612961,503.2864383469363,499.48980744327266,0.0,79.64007718952596,79.64007718952596,60.0,0.0,60.0,60.0,16.0,16.0,16.0,12.0,12.0,12.0,21.0,10.0,0.0,0.0,0.0,0.0,0.0,0.0,0.0,0.0,0.0,0.0,0.0,0.0,0.0,79.64007718952596,79.64007718952596,0.0,0.0,0.0,79.64007718952596,0.0,0.0,0.0009099999999999999 
 03/21  11:50:00,9.708333333333333,55.0,7.9399999999999999,137.66666666666667,594.3333333333334,0.0,0.0,0.0,0.0,0.0,0.0,0.0,0.0,0.0,0.0,687.0,0.0,1589.9992668141984,73.61533672858636,188.63873270876139,47.675813931016197,1268.96647444336,0.0,73.61533672858632,100.6377464366217,0.0,0.0,17.63405377209319,89.58461748578611,19.11631200169886,-603.4481284322128,17.768658441125646,-4.012919056233841,17.82621710761521,-183.53114670612514,15.416384606632438,22.55152097004668,18.942718240666268,-235.4467765124523,16.64405675193551,114.63835975739494,15.796630670933805,21.590258821061526,16.30735345563896,15.57868959707639,455.32203792810926,161.53752898274252,0.0,0.0,0.0,0.0,0.0,0.0,0.0,0.0,0.0,0.0,0.0,0.0,0.0,0.0,0.0,0.0,0.0,0.0,0.0,0.0,0.0,0.0,0.7038395433385074,0.21484723545131485,198.282916619884,234.1979148711008,3223.63599194254,0.08504627057440448,0.01298020002661851,197.72737041211978,233.31136789065017,3316.737677383037,0.7208696481639786,0.1362187543771691,168.68336464154266,199.2739732021134,2718.9953007481419,0.13482424670410407,0.02547699295240061,91.56921356940683,108.23740663804715,1446.2404055458724,0.0,0.0,9.214929351046778,10.966818172794762,108.8586066180149,0.0,0.0,77.15559853421788,90.90424747499789,1352.8436740732387,0.0,0.0,223.4177229372554,264.6085931284465,3260.6072535315968,0.0,0.0,25.566794153726577,30.39635678773067,317.0085748405945,0.0,0.0,104.3828459833027,123.91519502151738,1383.492198981316,46.306134434280128,31.760037334897218,235.02869276404625,278.63620859520236,3966.5380642923535,0.0,0.0,127.19956652886632,150.96963495282908,1705.7051403418585,0.0,17.8278865906264,34.673871529528117,22.0,30.0,0.0,18.120575338590148,33.95363407279006,16.0,30.0,0.0,17.750481447751619,35.233973501165,22.0,30.0,0.0,17.60651067579986,35.16539621468839,16.0,30.0,0.0,15.563768523577304,41.344662472962948,12.0,30.0,0.0,18.49842246689489,34.11072603355302,16.0,30.0,0.0,16.98298718512659,37.44719233001482,10.0,30.0,0.0,15.861637642896259,40.507216869254708,12.0,30.0,0.0,16.297276772987116,39.34302965300841,12.0,30.0,0.0,16.758122628919844,0.0,0.0,0.0,16.363189879750455,0.0,0.0,452.2180332953525,454.9985745825814,464.6063743559418,457.74819039996728,499.67132326918439,488.2262496771898,485.2587167387055,495.38365752491628,492.9522160634671,0.0,79.64007718952596,79.64007718952596,60.0,0.0,60.0,60.0,16.0,16.0,16.0,12.0,12.0,12.0,21.0,10.0,0.0,0.0,0.0,0.0,0.0,0.0,0.0,0.0,0.0,0.0,0.0,0.0,0.0,79.64007718952596,79.64007718952596,0.0,0.0,0.0,79.64007718952596,0.0,0.0,0.0008900000000000001 
 03/21  12:00:00,9.83,54.0,8.03,148.0,566.0,0.0,0.0,0.0,0.0,0.0,0.0,0.0,0.0,0.0,0.0,687.0,0.0,1613.700997221938,75.93404732954379,194.58025802350915,48.386491959027818,1287.8824985755733,0.0,75.93404732954375,103.80759962060431,0.0,0.0,17.614591613326007,81.37307125457937,19.2078886744168,-538.0369939203401,17.715364892556218,-62.52733855734641,17.870359944539886,-8.697172102594778,15.441560404911553,23.135443953915627,19.03679848948511,-248.0986295987923,16.67460396425239,124.37184250249993,15.784526518458315,26.652862467938577,16.34043352034444,21.33547869239328,382.4867304402278,148.65804133120947,0.0,0.0,0.0,0.0,0.0,0.0,0.0,0.0,0.0,0.0,0.0,0.0,0.0,0.0,0.0,0.0,0.0,0.0,0.0,0.0,0.0,0.0,0.6634374835286074,0.2025144943616018,184.01289694540618,217.34578249186266,2942.2882828680969,0.08306697099302779,0.012678109125919993,183.99697390216975,217.03072183132344,3078.0402641272,0.7104046102089465,0.13424123397750319,131.28673503373495,155.14063839309089,2068.2288809005087,0.15837983186351724,0.02992816172779992,136.79834585187798,161.6100038871579,2160.0139707654568,0.0,0.0,9.350840949540086,11.12722578031818,108.71557714555834,0.0,0.0,78.60821540946697,92.58954776803685,1370.9182424676499,0.0,0.0,224.19862096124434,265.4803532969253,3239.955508858777,0.0,0.0,26.34293804612924,31.31872574000576,320.0622812646531,0.0,0.0,102.84618260553461,122.06973213626552,1346.9119244611207,46.62077012525007,31.97583684859402,174.66158419167523,207.21186673148149,2982.3809432106315,0.0,0.0,125.97206504801422,149.47134858951297,1677.001750374736,0.0,17.815098987815288,34.66002126972615,22.0,30.0,0.0,18.22252176277914,33.61733688842786,16.0,30.0,0.0,17.67936596890637,34.967622836770697,22.0,30.0,0.0,17.73220048686013,35.28142175414294,16.0,30.0,0.0,15.59324932185884,41.14410620779101,12.0,30.0,0.0,18.57550765731205,33.843658081836618,16.0,30.0,0.0,17.034791816581909,37.227586687159028,10.0,30.0,0.0,15.859318278428284,40.40304129399222,12.0,30.0,0.0,16.341600043544778,39.128200708001418,12.0,30.0,0.0,16.565283971436246,0.0,0.0,0.0,16.438388460143096,0.0,0.0,456.8275317825604,451.6353190499007,453.6274879337173,465.3880839237225,494.5746374875306,484.4877515379074,481.3624163280781,491.3613569582338,489.5211478991454,0.0,79.64007718952596,79.64007718952596,60.0,0.0,60.0,60.0,16.0,16.0,16.0,12.0,12.0,12.0,21.0,10.0,0.0,0.0,0.0,0.0,0.0,0.0,0.0,0.0,0.0,0.0,0.0,0.0,0.0,79.64007718952596,79.64007718952596,0.0,0.0,0.0,79.64007718952596,0.0,0.0,0.00087 
 03/21  12:10:00,9.908333333333334,54.166666666666667,8.145,158.33333333333335,537.6666666666666,0.0,0.0,0.0,0.0,0.0,0.0,0.0,0.0,0.0,0.0,687.0,0.0,1629.2156155415287,78.19373250749755,200.37052873142194,48.85168296843539,1300.2644709397908,0.0,78.1937325074975,106.89676057634294,0.0,0.0,17.63808039333679,113.14687347062045,19.210625465170645,-678.7030264269743,17.71640135512585,3.9445713333570895,17.826778900661439,-131.2457399361574,15.466859246140242,23.61592332269828,19.127275292955305,-253.57386844041185,16.696780027627179,124.72378748198662,15.776858070717833,31.56632750056724,16.37349830215458,26.59782176811268,439.7215867231944,142.92600952408885,0.0,0.0,0.0,0.0,0.0,0.0,0.0,0.0,0.0,0.0,0.0,0.0,0.0,0.0,0.0,0.0,0.0,0.0,0.0,0.0,0.0,0.0,0.676808184053519,0.20659590477824145,215.31087770972062,254.24059818889797,3437.4374905326146,0.06624873138657134,0.01011122273909819,216.38195194185375,255.30526323582755,3549.6158374027907,0.7399700719640467,0.13982805592669068,174.0359675868572,205.60633216653634,2725.805396330517,0.14381810576838087,0.02717651280581648,63.84410662197406,75.45479813509636,987.235546938449,0.0,0.0,9.339997582938127,11.112727965011697,107.64674185658684,0.0,0.0,79.5069573551298,93.61917354489487,1386.0231486249168,0.0,0.0,224.99307275845076,266.3785284953161,3230.2645914221727,0.0,0.0,27.25283298766165,32.398905587135597,326.92616148854389,0.0,0.0,103.03708479320443,122.27301182945625,1341.8478438065868,47.136147113012629,32.32931900755325,224.36398873876144,266.00034447711018,3705.1011183446864,0.0,0.0,127.02625347424986,150.67391745872869,1690.8506018174458,0.0,17.887347594696718,34.373162230135417,22.0,30.0,0.0,18.13746784995934,33.47793616833303,16.0,30.0,0.0,17.7228725590671,35.0330491346299,22.0,30.0,0.0,17.63670875641586,34.77476075280442,16.0,30.0,0.0,15.622321248281335,40.94846151839615,12.0,30.0,0.0,18.653161561101819,33.58317920354953,16.0,30.0,0.0,17.06735210955185,37.06640231459406,10.0,30.0,0.0,15.861508993667935,40.27144057388587,12.0,30.0,0.0,16.38471523911637,38.90143844229906,12.0,30.0,0.0,16.732359686608086,0.0,0.0,0.0,16.518269938977146,0.0,0.0,453.1038210523519,448.87872797717486,460.6212210552026,453.63595013331146,489.92045867719988,480.4743100782369,480.0295614884854,487.1520970149599,485.42992066102559,0.0,79.64007718952596,79.64007718952596,60.0,0.0,60.0,60.0,16.0,16.0,16.0,12.0,12.0,12.0,21.0,10.0,0.0,0.0,0.0,0.0,0.0,0.0,0.0,0.0,0.0,0.0,0.0,0.0,0.0,79.64007718952596,79.64007718952596,0.0,0.0,0.0,79.64007718952596,0.0,0.0,0.00085 
 03/21  12:20:00,9.986666666666669,54.33333333333334,8.26,168.66666666666669,509.33333333333339,0.0,0.0,0.0,0.0,0.0,0.0,0.0,0.0,0.0,0.0,1374.0,0.0,1606.0028444712066,78.28510519760467,200.60461607527078,48.155652925212738,1281.7385360656504,0.0,78.28510519760464,107.02167397111742,0.0,0.0,17.607826146450166,89.78012889863112,19.25351248629886,-630.3778138113735,17.71024904187556,7.339327026820911,17.855183368922086,-7.860684052639499,15.486879564456942,24.81703411889569,19.192811884532085,-258.1380769838863,16.7249725315569,135.4324015619136,15.772586318472062,38.5192899101624,16.40332293008,39.64353201781296,360.69979333021,137.65623923491195,0.0,0.0,0.0,0.0,0.0,0.0,0.0,0.0,0.0,0.0,0.0,0.0,0.0,0.0,0.0,0.0,0.0,0.0,0.0,0.0,0.0,0.0,0.6545987497720596,0.1998164681843894,198.84781263010204,235.20982206076617,3126.3666034033606,0.07437437576006353,0.011351400451780149,193.68486710108545,228.82806278035288,3161.4102887691008,0.73256201162853,0.13842819569700119,111.94300436291754,132.512789674874,1743.0428331105784,0.1523195615387456,0.02878298592946817,91.3069434458293,108.11286333788522,1409.3852468963974,0.0,0.0,9.46091291260893,11.276052339874088,107.89678387592964,0.0,0.0,80.56140163144241,95.01202730539115,1399.440514452142,0.0,0.0,226.3618622874428,268.43733365152448,3232.7942101636865,0.0,0.0,28.051251593961763,33.406592832168538,332.35909109540577,0.0,0.0,102.72244059932499,122.10048018876802,1328.7580592431846,47.58948931199303,32.64025330040675,150.74483173395218,179.1247289682574,2589.077427397666,0.0,0.0,127.25606809052445,151.17477548968794,1692.1013297941268,0.0,17.842052616150324,34.213683460759849,22.0,30.0,0.0,18.183642359570017,33.34687302965948,16.0,30.0,0.0,17.741185842991404,34.63844213568739,22.0,30.0,0.0,17.716302876914385,34.942962973775667,16.0,30.0,0.0,15.642901046093677,40.7938548817081,12.0,30.0,0.0,18.70497512143814,33.360020960951917,16.0,30.0,0.0,17.111382774237585,36.77938586884221,10.0,30.0,0.0,15.868380030833546,40.14052548558247,12.0,30.0,0.0,16.422363719779086,38.68485111302354,12.0,30.0,0.0,16.501986734485784,0.0,0.0,0.0,16.59345534875832,0.0,0.0,450.29016502873858,447.1685688393917,453.9951083533611,459.0635284452686,486.674157443592,477.532631714815,474.8597467036959,483.45762970799606,481.5264886414435,0.0,79.64007718952596,79.64007718952596,60.0,0.0,60.0,60.0,16.0,16.0,16.0,12.0,12.0,12.0,21.0,10.0,0.0,0.0,0.0,0.0,0.0,0.0,0.0,0.0,0.0,0.0,0.0,0.0,0.0,79.64007718952596,79.64007718952596,0.0,0.0,0.0,79.64007718952596,0.0,0.0,0.0008533333333333332 
 03/21  12:30:00,10.065000000000002,54.5,8.375,179.0,481.0,0.0,0.0,0.0,0.0,0.0,0.0,0.0,0.0,0.0,0.0,687.0,0.0,1609.2144795516602,80.21680881280679,205.55444402307362,48.25194422187124,1284.301620488064,0.0,80.21680881280675,109.66245926473309,0.0,0.0,17.586328360323486,84.51478382116602,19.310982677505863,-572.0251453651772,17.69966895618103,8.13897535775186,17.902106908827819,-11.910851904947038,15.513845141659577,25.13144827729809,19.272511350445514,-267.8927984801767,16.753540598592119,133.83896198973162,15.772796536684599,41.15318482005068,16.44218189424653,37.487409510021738,333.6264489969335,128.11553189082043,0.0,0.0,0.0,0.0,0.0,0.0,0.0,0.0,0.0,0.0,0.0,0.0,0.0,0.0,0.0,0.0,0.0,0.0,0.0,0.0,0.0,0.0,0.6581628964406385,0.20090442504292997,173.75086561484435,205.20958631427718,2696.9416347070516,0.08614132070163637,0.013147332219419472,174.35879355916848,205.62252801838947,2842.515308208655,0.7224398952467606,0.13651547529228284,111.08972918303803,131.22687505571077,1713.9471325008486,0.143768279901769,0.027167097487106757,7.764712971231002,9.169824783975212,122.04448262281122,0.0,0.0,9.553427470111086,11.363747708177379,108.06878503168177,0.0,0.0,80.99633464350828,95.3251958245277,1406.466337066938,0.0,0.0,226.07433068250269,267.56005558026166,3212.9267891341035,0.0,0.0,28.44370487108964,33.81000328624651,333.22914604668076,0.0,0.0,101.41840692535365,120.30596901997166,1306.6266143526269,48.05060817068858,32.95652137907311,124.55058925735823,147.81543692001504,2194.249262233384,0.0,0.0,126.31737832751571,149.75083309655265,1676.2233381760637,0.0,17.816700796598277,34.058149401128478,22.0,30.0,0.0,18.24564541701983,33.195570202443537,16.0,30.0,0.0,17.74734499125667,34.49035525666145,22.0,30.0,0.0,17.800457258901159,34.75340330175427,16.0,30.0,0.0,15.674619701687094,40.51967489830059,12.0,30.0,0.0,18.780562509729188,33.02300411448707,16.0,30.0,0.0,17.154422812343797,36.560639489131698,10.0,30.0,0.0,15.879551634076663,39.9322740427741,12.0,30.0,0.0,16.474680444994058,38.38777590972941,12.0,30.0,0.0,16.41639911952198,0.0,0.0,0.0,16.65853589344749,0.0,0.0,447.4185353911204,447.56509530248038,451.1973433733316,459.99111184731648,481.2939656185046,473.0127355577767,471.54517777849409,478.4664985901315,477.04867452612,0.0,79.64007718952596,79.64007718952596,60.0,0.0,60.0,60.0,16.0,16.0,16.0,12.0,12.0,12.0,21.0,10.0,0.0,0.0,0.0,0.0,0.0,0.0,0.0,0.0,0.0,0.0,0.0,0.0,0.0,79.64007718952596,79.64007718952596,0.0,0.0,0.0,79.64007718952596,0.0,0.0,0.0008566666666666667 
 03/21  12:40:00,10.143333333333335,54.66666666666667,8.49,174.16666666666669,492.1666666666667,0.0,0.0,0.0,0.0,0.0,0.0,0.0,0.0,0.0,0.0,1374.0,0.0,1660.5579977659587,79.17570147284653,202.8866694667335,49.79145323462825,1325.2783199874935,0.0,79.17570147284649,108.23918659971055,0.0,0.0,17.59884588209436,114.276172110473,19.346938275763944,-659.870390409003,17.68354984361063,7.17626827490767,17.8685892906529,-90.59418808430337,15.539622202037915,25.679345904559086,19.359466799352576,-272.2899903063967,16.774691316349974,139.65545452429206,15.772026271227013,46.62505273661185,16.469639170121526,46.609058066220999,405.58050636723285,123.32804573801286,0.0,0.0,0.0,0.0,0.0,0.0,0.0,0.0,0.0,0.0,0.0,0.0,0.0,0.0,0.0,0.0,0.0,0.0,0.0,0.0,0.0,0.0,0.666420408541816,0.2034250331324225,202.0125471127862,238.9881320025808,3119.3433161380555,0.07214131816109887,0.011010579694917412,204.124903381771,241.20467560070984,3279.697347568483,0.718224521469561,0.1357189194008997,131.27789368130397,155.37456567759979,2000.5842366365087,0.142073505205518,0.026846845276930835,71.11953440113749,84.15586412382955,1078.3996148594998,0.0,0.0,9.538417570428333,11.364909151904584,106.81760956221024,0.0,0.0,82.11106983802864,96.78759367441868,1421.5930084331622,0.0,0.0,225.77431451049802,267.6504535271801,3184.627625169179,0.0,0.0,28.982863236353397,34.510638824723269,335.36629935807738,0.0,0.0,100.83822761910193,119.81716752962551,1289.3305071220098,48.58573401077353,33.323548704234259,185.173584340968,220.04102570143994,3044.8270338318036,0.0,0.0,126.21433910042174,149.8594248931419,1670.4900633035318,0.0,17.86151787967124,33.988596987052009,22.0,30.0,0.0,18.21242151530828,33.176788334259047,16.0,30.0,0.0,17.74189900356575,34.46214297266513,22.0,30.0,0.0,17.728819792122676,34.51366924773427,16.0,30.0,0.0,15.698809486056696,40.34043109227938,12.0,30.0,0.0,18.83754728844439,32.804314762463857,16.0,30.0,0.0,17.18251614649813,36.31840244260201,10.0,30.0,0.0,15.888143958820468,39.763945057150269,12.0,30.0,0.0,16.507316344085078,38.15536794557855,12.0,30.0,0.0,16.62397648646631,0.0,0.0,0.0,16.723304578656668,0.0,0.0,446.95402895574628,444.30180108618188,451.97933270512126,451.9823510784248,478.24979601109978,469.8664278912471,467.9588939030724,475.2631828997493,473.60850190090368,0.0,79.64007718952596,79.64007718952596,60.0,0.0,60.0,60.0,16.0,16.0,16.0,12.0,12.0,12.0,21.0,10.0,0.0,0.0,0.0,0.0,0.0,0.0,0.0,0.0,0.0,0.0,0.0,0.0,0.0,79.64007718952596,79.64007718952596,0.0,0.0,0.0,79.64007718952596,0.0,0.0,0.00086 
 03/21  12:50:00,10.221666666666668,54.833333333333339,8.605,169.33333333333332,503.3333333333333,0.0,0.0,0.0,0.0,0.0,0.0,0.0,0.0,0.0,0.0,687.0,0.0,1709.8387952720159,78.097904992773,200.1248764824802,51.269111983986189,1364.6087776843124,0.0,78.09790499277296,106.76575709857505,0.0,0.0,17.61473344192112,124.92395857241627,19.377671737875823,-748.2301660956373,17.66492591641301,7.668099073597659,17.90350412964448,-9.785254290970386,15.575068842064887,25.612496904925935,19.46922229936649,-283.38375311429857,16.80117860843606,136.96044757174878,15.774503007155895,48.63837753079338,16.503879395837566,44.51941451763878,397.4084375938173,116.506929369938,0.0,0.0,0.0,0.0,0.0,0.0,0.0,0.0,0.0,0.0,0.0,0.0,0.0,0.0,0.0,0.0,0.0,0.0,0.0,0.0,0.0,0.0,0.6636486506780712,0.20257895319843445,215.97915137722499,254.97116716374573,3319.455685511443,0.06201592227958179,0.009465189603110774,218.87018269316838,258.15130357832597,3467.8769843439938,0.7257663122698858,0.1371440499376202,106.49436061196303,125.79620511608172,1606.4219223174774,0.14396858123245888,0.027204947322838025,7.840161109876785,9.257972087415557,120.8524261654489,0.0,0.0,9.561036969092257,11.369394456649774,106.36739191913846,0.0,0.0,82.61462366623177,97.17163567879433,1432.8752921997109,0.0,0.0,226.33534104007209,267.7900255047475,3174.254394273879,0.0,0.0,29.380056721696847,34.91815420823468,336.15157306171559,0.0,0.0,100.94571034602838,119.7050007458078,1284.1195208986006,49.06465026608914,33.65202350211876,168.1368086198193,199.38893165619454,2771.311615669196,0.0,0.0,126.69221408991165,150.11727444842527,1673.1257720279546,0.0,17.90595404823109,33.894329610333738,22.0,30.0,0.0,18.17301004751739,33.2560172659457,16.0,30.0,0.0,17.730956817424955,34.264596051463,22.0,30.0,0.0,17.810218701864593,34.44701040502128,16.0,30.0,0.0,15.740232191009508,40.039952042229838,12.0,30.0,0.0,18.932650322087825,32.47999372628472,16.0,30.0,0.0,17.21993805327899,36.11133924392212,10.0,30.0,0.0,15.90097655297043,39.53102388860495,12.0,30.0,0.0,16.552744378853317,37.873694957097409,12.0,30.0,0.0,16.6010641209827,0.0,0.0,0.0,16.787201640215718,0.0,0.0,445.6447296005782,443.19589847830147,446.64854910461346,455.0467086896312,473.52872892492476,466.2981580532615,464.7877144045454,470.8293056177241,469.7103219291289,0.0,79.64007718952596,79.64007718952596,60.0,0.0,60.0,60.0,16.0,16.0,16.0,12.0,12.0,12.0,21.0,10.0,0.0,0.0,0.0,0.0,0.0,0.0,0.0,0.0,0.0,0.0,0.0,0.0,0.0,79.64007718952596,79.64007718952596,0.0,0.0,0.0,79.64007718952596,0.0,0.0,0.0008466666666666667 
 03/21  13:00:00,10.3,55.0,8.72,164.5,514.5,0.0,0.0,0.0,0.0,0.0,0.0,0.0,0.0,0.0,0.0,687.0,0.0,1756.867926344466,76.9796605665021,197.25943309124208,52.67925499526461,1402.142197692454,0.0,76.97966056650208,105.23703218843666,0.0,0.0,17.57896234108198,93.28873991199635,19.496828150638309,-615.3556892003953,17.66025798200142,28.300603569308806,17.82564468871285,-153.40631654474329,15.609646384339485,26.078958031636604,19.572568966168139,-298.30706333288256,16.833163019068189,144.61770600791898,15.776802962934795,52.49640764464027,16.53186402117112,47.98425454260405,418.7343668279718,107.72095743506543,0.0,0.0,0.0,0.0,0.0,0.0,0.0,0.0,0.0,0.0,0.0,0.0,0.0,0.0,0.0,0.0,0.0,0.0,0.0,0.0,0.0,0.0,0.655771925256043,0.2001745803589875,177.66348889308257,209.7729574850145,2681.742254284349,0.08314918494797191,0.012690657043341257,179.26980836973875,211.32154014765204,2864.9511210177558,0.7280632068336354,0.13757808141225165,194.1015442250385,229.2470438165039,2894.5580521742106,0.14019543144284378,0.02649195605495913,75.74959908816959,89.49766899871823,1113.3026025594245,0.0,0.0,9.754278635356208,11.597207894119102,107.70142396150684,0.0,0.0,83.78689225133769,98.51949312634618,1452.7231621913196,0.0,0.0,227.9386337228004,269.62828819232848,3182.5689250597135,0.0,0.0,29.89176265929946,35.52342467421566,337.9366768187152,0.0,0.0,99.99348838995098,118.55647406152977,1262.9534510126139,49.58408534088565,34.00828898551829,197.21800729262038,233.79964687233383,3146.1245542180388,0.0,0.0,126.15252678119204,149.44045408257149,1660.7621882024146,0.0,17.840973583318325,34.00003037450145,22.0,30.0,0.0,18.323213572307595,32.936902412735609,16.0,30.0,0.0,17.74716689608719,34.38696769065886,22.0,30.0,0.0,17.651053659958845,34.448544741966767,16.0,30.0,0.0,15.778006814367894,39.808632059011298,12.0,30.0,0.0,19.010996410750218,32.24019926515195,16.0,30.0,0.0,17.26878997810144,35.9256412603321,10.0,30.0,0.0,15.912068762900184,39.38727584601391,12.0,30.0,0.0,16.587033028599998,37.68983268076749,12.0,30.0,0.0,16.675637332388559,0.0,0.0,0.0,16.846575350148869,0.0,0.0,444.38179500167919,442.2299676885272,449.741362619744,444.7944290852773,470.316604758558,464.0221943478932,462.7191283322579,468.19018389077555,467.2663414217556,0.0,79.64007718952596,79.64007718952596,60.0,0.0,60.0,60.0,16.0,16.0,16.0,12.0,12.0,12.0,21.0,10.0,0.0,0.0,0.0,0.0,0.0,0.0,0.0,0.0,0.0,0.0,0.0,0.0,0.0,79.64007718952596,79.64007718952596,0.0,0.0,0.0,79.64007718952596,0.0,0.0,0.0008333333333333334 
 03/21  13:10:00,10.235000000000002,55.16666666666667,8.665000000000001,159.66666666666667,525.6666666666666,0.0,0.0,0.0,0.0,0.0,0.0,0.0,0.0,0.0,0.0,687.0,0.0,1801.461260508352,75.81708330453606,194.28038424278834,54.01636117806802,1437.7316271405312,0.0,75.81708330453601,103.64770093081995,0.0,0.0,17.630587310998295,146.24361719468289,19.532128379982568,-760.2746168751965,17.63503828209391,9.971379763088862,17.856653087037804,-7.58839556893372,15.645567478440544,25.864944887370315,19.67838963773533,-306.0763558387807,16.853660771733538,142.33350003577744,15.77903198745533,55.91037785012202,16.55917320652264,52.720104000025,408.1374872645056,104.69569147311904,0.0,0.0,0.0,0.0,0.0,0.0,0.0,0.0,0.0,0.0,0.0,0.0,0.0,0.0,0.0,0.0,0.0,0.0,0.0,0.0,0.0,0.0,0.6623082669027323,0.2021698006418597,233.28048589771246,275.3223310881549,3600.9835087251228,0.0472976496434035,0.007218810995635455,238.14336295349194,280.75248786370397,3814.645114976844,0.7434327845446461,0.14048238559044716,112.86753209584306,133.3151546616652,1696.6046184325199,0.1576994697387702,0.02979959745630577,110.23863560684225,130.19397909138963,1654.2160911877837,0.0,0.0,9.594657160706984,11.40567779721069,107.91513637472325,0.0,0.0,84.9014853253578,99.7981623621475,1497.024874077376,0.0,0.0,228.52674271023455,270.29491754677096,3230.804557513415,0.0,0.0,30.181595825196085,35.86570050522403,345.8084097022594,0.0,0.0,101.58370120944228,120.42468316345037,1303.1601644399787,49.41845899219141,33.89469066679796,186.96576398079777,221.66617312164687,3026.417035112745,0.0,0.0,127.9066076314122,151.47933500060572,1717.2328966497883,0.0,17.95673694589381,33.73031118131283,22.0,30.0,0.0,18.278026249103488,33.04340731702734,16.0,30.0,0.0,17.72021597160339,34.2985996912154,22.0,30.0,0.0,17.746368674657398,34.40273655161879,16.0,30.0,0.0,15.81658332265876,39.59736246482314,12.0,30.0,0.0,19.097159068379665,31.99699126381858,16.0,30.0,0.0,17.29234754437504,35.80104037141363,10.0,30.0,0.0,15.923404804187799,39.252507936428887,12.0,30.0,0.0,16.622017433661389,37.51030622814272,12.0,30.0,0.0,16.63773831727362,0.0,0.0,0.0,16.91387799731123,0.0,0.0,442.9951561025622,441.31832691598029,445.40443123516408,450.0934553423428,467.56624608556589,461.7878047857444,460.8268923550113,465.73613047014649,464.9163649103364,0.0,79.64007718952596,79.64007718952596,60.0,0.0,60.0,60.0,16.0,16.0,16.0,12.0,12.0,12.0,21.0,10.0,0.0,0.0,0.0,0.0,0.0,0.0,0.0,0.0,0.0,0.0,0.0,0.0,0.0,79.64007718952596,79.64007718952596,0.0,0.0,0.0,79.64007718952596,0.0,0.0,0.00082 
 03/21  13:20:00,10.170000000000002,55.333333333333339,8.610000000000002,154.83333333333332,536.8333333333334,0.0,0.0,0.0,0.0,0.0,0.0,0.0,0.0,0.0,0.0,687.0,0.0,1879.6706084656326,76.76635202878494,196.71281665528952,56.361425062728958,1500.1496159266374,0.0,76.7663520287849,104.94542324544298,0.0,0.0,17.607452951456126,110.66921079202075,19.6405203788867,-692.3990348950219,17.635523555465658,43.43100771054287,17.879067817401478,-19.72572330200103,15.686833142767345,26.252632774600956,19.794904097921188,-322.688374340049,16.89334579851448,153.07927530634516,15.784055804613282,60.18341688698558,16.587495663473584,56.86663765384583,374.14042368539688,96.64228102616835,0.0,0.0,0.0,0.0,0.0,0.0,0.0,0.0,0.0,0.0,0.0,0.0,0.0,0.0,0.0,0.0,0.0,0.0,0.0,0.0,0.0,0.0,0.6551208386640728,0.19997583597804423,200.09422972082505,236.1847299288645,3096.799416944303,0.07170571952725548,0.010944096386943756,199.35138077156257,234.9274546537467,3259.265382296855,0.789435778541165,0.14917531718464953,169.169163266262,199.79236893213884,2568.0570337807046,0.15732684530637396,0.029729184676185545,21.634089916103993,25.54578977698671,331.0494642148304,0.0,0.0,9.79737237872609,11.644601729068217,112.32866315476194,0.0,0.0,86.06687804551919,101.13528478067386,1542.9350290782609,0.0,0.0,230.65640398892104,272.74909799240057,3318.4017614345395,0.0,0.0,30.72814362137893,36.51248057119571,356.9292764951692,0.0,0.0,100.63557516271794,119.28318989612461,1310.9751721480732,49.296067379552678,33.81074580216234,156.10835143609786,185.14789532591755,2610.3763378213236,0.0,0.0,127.26741513845566,150.68911584522975,1739.1226102901938,0.0,17.907609459396846,33.85088423705739,22.0,30.0,0.0,18.38125158054214,32.82131841164996,16.0,30.0,0.0,17.744636828890657,34.2315025336777,22.0,30.0,0.0,17.78674642652405,34.29825335006053,16.0,30.0,0.0,15.861191804089433,39.38318212708962,12.0,30.0,0.0,19.183674777372024,31.768023930869089,16.0,30.0,0.0,17.353980142242276,35.584735201205997,10.0,30.0,0.0,15.937737591085853,39.128201120358358,12.0,30.0,0.0,16.65725567950447,37.34660375428391,12.0,30.0,0.0,16.523285379393319,0.0,0.0,0.0,16.97022209782668,0.0,0.0,442.2107177184484,439.72835887345669,444.42486947139209,449.10182434446787,465.0877163163074,460.0071912072419,458.58021561613659,463.5364170647269,462.8173002018077,0.0,79.64007718952596,79.64007718952596,60.0,0.0,60.0,60.0,16.0,16.0,16.0,12.0,12.0,12.0,21.0,10.0,0.0,0.0,0.0,0.0,0.0,0.0,0.0,0.0,0.0,0.0,0.0,0.0,0.0,79.64007718952596,79.64007718952596,0.0,0.0,0.0,79.64007718952596,0.0,0.0,0.0008266666666666667 
 03/21  13:30:00,10.105,55.5,8.555,150.0,548.0,0.0,0.0,0.0,0.0,0.0,0.0,0.0,0.0,0.0,0.0,687.0,0.0,1920.14452879097,75.49598469559966,193.45755102131134,57.57501121084079,1532.4513696814516,0.0,75.49598469559962,103.20873478839185,0.0,0.0,17.652020095348605,152.3477549686104,19.658357032226954,-840.4286261222533,17.619377082051167,30.671656997678839,17.851016256105937,-79.19785019513324,15.72773446127464,26.19228401832794,19.908628663386176,-330.52903667479679,16.917084752820043,149.95061038554014,15.789340343868588,63.409098649145679,16.615449255553579,61.762282837026308,453.00221314850389,97.65891736766753,0.0,0.0,0.0,0.0,0.0,0.0,0.0,0.0,0.0,0.0,0.0,0.0,0.0,0.0,0.0,0.0,0.0,0.0,0.0,0.0,0.0,0.0,0.6949908159381066,0.21214615871126578,232.7995710639494,274.689618665981,3674.876682682004,0.05589758045320035,0.008531376748046452,237.73404238735899,280.2289456112603,3878.8663030241425,0.7849572159762872,0.14832902796226145,165.64221797288898,195.62648098241793,2532.0132135339365,0.15495003306344644,0.0292800515992907,40.35027779628008,47.65415768359572,616.3037215084838,0.0,0.0,9.671073029479699,11.492453927267216,112.9813947518185,0.0,0.0,87.00036522972119,102.19670199657304,1586.5621439438642,0.0,0.0,232.04122581133613,274.3520452700476,3380.6227006312435,0.0,0.0,31.038150068803547,36.878080738647017,365.4293175186852,0.0,0.0,102.853408109981,121.89371253973312,1360.414277594207,49.20309708704566,33.74698016944148,216.98535491209055,257.14321266904036,3532.288301045405,0.0,0.0,129.856458629228,153.71603571910704,1807.908074791134,0.0,18.002261095692654,33.6317249813583,22.0,30.0,0.0,18.29851887246563,32.97652925561923,16.0,30.0,0.0,17.731779216574716,34.28909000425427,22.0,30.0,0.0,17.73253348525199,34.301002896888928,16.0,30.0,0.0,15.905568029489832,39.178826262557027,12.0,30.0,0.0,19.277811878016203,31.51519121503859,16.0,30.0,0.0,17.38126375687318,35.48165019875151,10.0,30.0,0.0,15.951941895764814,39.012211465906037,12.0,30.0,0.0,16.693169113965035,37.18569223231996,12.0,30.0,0.0,16.7439758964008,0.0,0.0,0.0,17.035762660951329,0.0,0.0,440.42114699336397,439.34880898670476,444.33466615046236,444.18268136861419,462.7619860284984,457.72088901792668,457.1383409192314,461.551410957566,460.8344574469312,0.0,79.64007718952596,79.64007718952596,60.0,0.0,60.0,60.0,16.0,16.0,16.0,12.0,12.0,12.0,21.0,10.0,0.0,0.0,0.0,0.0,0.0,0.0,0.0,0.0,0.0,0.0,0.0,0.0,0.0,79.64007718952596,79.64007718952596,0.0,0.0,0.0,79.64007718952596,0.0,0.0,0.0008333333333333334 
 03/21  13:40:00,10.040000000000001,55.666666666666667,8.5,150.5,532.3333333333334,0.0,0.0,0.0,0.0,0.0,0.0,0.0,0.0,0.0,0.0,687.0,0.0,1864.3220161724053,72.68137992050549,186.24518803732847,55.90118842420271,1487.8998875979033,0.0,72.68137992050545,99.36095667226951,0.0,0.0,17.589117090796269,90.55997105026927,19.763934013850233,-665.8145610288402,17.6215052065804,57.858251614362419,17.86752127189505,-8.753965023589274,15.761065367920775,26.760911522188054,19.979360628859227,-344.1212359596725,16.957856086940628,159.80545331938266,15.795584571793342,67.50578020825697,16.642377524710008,66.15082227346602,386.9654533927842,92.66299400969638,0.0,0.0,0.0,0.0,0.0,0.0,0.0,0.0,0.0,0.0,0.0,0.0,0.0,0.0,0.0,0.0,0.0,0.0,0.0,0.0,0.0,0.0,0.6652274720892889,0.20306088891614439,210.26738687430348,248.20646540951979,3292.851341274942,0.07815742087753652,0.011928788290222302,192.62747636899025,226.90952437071833,3235.694175338378,0.8210352910117724,0.1551465024587628,160.9968883797096,190.1184738045697,2490.653985358121,0.1686461203838363,0.0318681255449426,10.386058977576825,12.263234151378406,163.01634972840294,0.0,0.0,9.860032635221133,11.715246184449285,117.16311131878899,0.0,0.0,88.18677276444807,103.56341655962524,1630.7774452489389,0.0,0.0,234.44073406606928,277.122858526703,3473.8903016248607,0.0,0.0,31.514324954255888,37.440829382578979,376.1218084407685,0.0,0.0,102.48812996449427,121.44291642393152,1375.8855533536144,49.03799021126188,33.63373814215493,163.13526734223488,193.45064465033449,2761.2482229999056,0.0,0.0,129.65708955339103,153.44915350810033,1834.3589692327306,0.0,17.86992450709748,33.89886772500855,22.0,30.0,0.0,18.47965231709196,32.6005916410137,16.0,30.0,0.0,17.75692368665531,34.1745857414915,22.0,30.0,0.0,17.784301580412593,34.246433789357279,16.0,30.0,0.0,15.941335126263637,39.01020062443728,12.0,30.0,0.0,19.344412869881887,31.347992211633053,16.0,30.0,0.0,17.442730196104884,35.27893782269365,10.0,30.0,0.0,15.967969705215417,38.88886032983219,12.0,30.0,0.0,16.728258586665388,37.029017105322377,12.0,30.0,0.0,16.546986039173537,0.0,0.0,0.0,17.085035870712806,0.0,0.0,440.1252889843066,439.49176426037618,441.0894082198518,446.0363564518915,460.67297728678559,456.3511113280558,454.95904230256198,459.36987330719588,458.7540486072137,0.0,79.64007718952596,79.64007718952596,60.0,0.0,60.0,60.0,16.0,16.0,16.0,12.0,12.0,12.0,21.0,10.0,0.0,0.0,0.0,0.0,0.0,0.0,0.0,0.0,0.0,0.0,0.0,0.0,0.0,79.64007718952596,79.64007718952596,0.0,0.0,0.0,79.64007718952596,0.0,0.0,0.0008400000000000001 
 03/21  13:50:00,9.975000000000002,55.833333333333339,8.445,151.0,516.6666666666666,0.0,0.0,0.0,0.0,0.0,0.0,0.0,0.0,0.0,0.0,687.0,0.0,1841.9310923801587,72.0108083637843,184.52678769419317,55.229793952703548,1470.0297827630873,0.0,72.01080836378427,98.44423451501405,0.0,0.0,17.692060901036557,183.81546178463214,19.695327210566608,-921.2320695626913,17.59189770957602,23.74781814803555,17.860750881496324,-44.22768628769745,15.793733628254638,26.314170935590484,20.04849055987703,-344.67667542356369,16.97283692279365,151.40515056766618,15.80207943243823,69.83867579550088,16.669864243599755,70.14178040679372,471.475668090824,96.93087900006504,0.0,0.0,0.0,0.0,0.0,0.0,0.0,0.0,0.0,0.0,0.0,0.0,0.0,0.0,0.0,0.0,0.0,0.0,0.0,0.0,0.0,0.0,0.721201403534091,0.22014694857572987,260.3268716472447,307.06018507259196,4217.412333041305,0.03786519861371372,0.005779181717599774,267.5538944214543,315.3776863138162,4422.484872919048,0.7999205587848928,0.15115656817552779,143.94144547193293,169.9960201601501,2234.3019654170736,0.1582293620546493,0.029899728279412179,28.51031421646012,33.663727557856407,445.79302576768699,0.0,0.0,9.534184340290219,11.326510376673005,115.1355244908693,0.0,0.0,88.92554236871044,104.40455480527648,1667.1088020422008,0.0,0.0,233.48313803312559,275.9742182566107,3493.463462889093,0.0,0.0,31.571314164280126,37.505553947831078,381.7873938616667,0.0,0.0,104.5069539901531,123.8165213045937,1423.6092394940513,48.679827510654998,33.38808471238341,233.25217491326675,276.35334969433827,3841.427001801514,0.0,0.0,131.88452360587557,156.05368954081906,1895.9686965699544,0.0,18.084589242394804,33.431094774224309,22.0,30.0,0.0,18.276512486236006,33.01655677509542,16.0,30.0,0.0,17.713552036711034,34.2802089434264,22.0,30.0,0.0,17.771970862976678,34.215303492768708,16.0,30.0,0.0,15.973684045051641,38.857947113221957,12.0,30.0,0.0,19.4105126274164,31.16131007399237,16.0,30.0,0.0,17.45069705278061,35.224293369631748,10.0,30.0,0.0,15.982235209630192,38.79689808784067,12.0,30.0,0.0,16.76297873282804,36.8948086881694,12.0,30.0,0.0,16.793371525876187,0.0,0.0,0.0,17.135793524780096,0.0,0.0,439.9222346968985,438.7263430854871,441.7438797242048,443.7219516953178,458.6740339650454,454.2010401401262,453.8982923114817,457.7094585619946,457.08534549548878,0.0,79.64007718952596,79.64007718952596,60.0,0.0,60.0,60.0,16.0,16.0,16.0,12.0,12.0,12.0,21.0,10.0,0.0,0.0,0.0,0.0,0.0,0.0,0.0,0.0,0.0,0.0,0.0,0.0,0.0,79.64007718952596,79.64007718952596,0.0,0.0,0.0,79.64007718952596,0.0,0.0,0.0008533333333333332 
 03/21  14:00:00,9.91,56.0,8.39,151.5,501.0,0.0,0.0,0.0,0.0,0.0,0.0,0.0,0.0,0.0,0.0,1374.0,0.0,1815.7125947834487,71.33325780310789,182.790502600158,54.44363148415464,1449.1049314232474,0.0,71.33325780310786,97.5179715302403,0.0,0.0,17.61701869253543,97.43044560312365,19.766526020303624,-727.3078320356071,17.593712186195114,52.98163302348712,17.857508411955594,-26.94530190247042,15.822515541140389,27.075828765183958,20.099543690652113,-350.64075805668747,17.00814280485188,163.45827635128036,15.808631595050923,73.99438984691233,16.693522754426476,75.85658803605884,441.8894413628432,97.76591868607147,0.0,0.0,0.0,0.0,0.0,0.0,0.0,0.0,0.0,0.0,0.0,0.0,0.0,0.0,0.0,0.0,0.0,0.0,0.0,0.0,0.0,0.0,0.6945438271650957,0.2120097152518607,246.66136363478109,291.5719785203605,3949.123945291009,0.06432348579595239,0.00981738183698907,216.96820146316879,255.96827489130528,3666.60291123593,0.8257212387692919,0.15603198011513459,161.42403883581793,191.06354532205433,2533.8651924961457,0.16463281971895528,0.031109754293075437,22.365507333631848,26.482854861863485,352.8628316110769,0.0,0.0,9.686995016829205,11.527709370100665,118.67670374212634,0.0,0.0,89.5717988262445,105.33212961300521,1696.9691331844693,0.0,0.0,234.9691233045196,278.17078243095076,3567.646613608521,0.0,0.0,32.02745922210033,38.11253514281226,392.1875433912127,0.0,0.0,103.91604085636294,123.31747803801298,1434.091118069352,48.29349513046481,33.1231105147221,212.99753285412937,252.8380881980069,3554.1878127695156,0.0,0.0,131.42958849958655,155.76585042757666,1914.418503313198,0.0,17.91639671899444,33.76374762342178,22.0,30.0,0.0,18.41322585982487,32.70200902525274,16.0,30.0,0.0,17.736752277070687,34.19352352955517,22.0,30.0,0.0,17.774148017834749,34.187335850627999,16.0,30.0,0.0,15.998565669403039,38.74027412482408,12.0,30.0,0.0,19.44963463085846,31.04059378484653,16.0,30.0,0.0,17.50008979706407,35.04923044329645,10.0,30.0,0.0,15.995440669151009,38.698196357368207,12.0,30.0,0.0,16.78975099154721,36.76303803028186,12.0,30.0,0.0,16.715812754442405,0.0,0.0,0.0,17.16891480287434,0.0,0.0,438.28406362820138,437.49601777883017,440.3572424160097,442.7640932206658,457.1121009587946,452.59128069145779,451.70685773952598,455.73719017681506,454.9269403736113,0.0,79.64007718952596,79.64007718952596,60.0,0.0,60.0,60.0,16.0,16.0,16.0,12.0,12.0,12.0,21.0,10.0,0.0,0.0,0.0,0.0,0.0,0.0,0.0,0.0,0.0,0.0,0.0,0.0,0.0,79.64007718952596,79.64007718952596,0.0,0.0,0.0,79.64007718952596,0.0,0.0,0.0008666666666666667 
 03/21  14:10:00,9.918333333333335,56.5,8.388333333333334,152.0,485.3333333333333,0.0,0.0,0.0,0.0,0.0,0.0,0.0,0.0,0.0,0.0,687.0,0.0,1785.9173065229794,70.65026368901229,181.0402676926483,53.550220682201587,1425.3254815096435,0.0,70.65026368901225,96.58426679524088,0.0,0.0,17.65554903496441,130.79211699581084,19.81392087949407,-726.233124941803,17.589829494564307,67.73835084934399,17.82951739151423,-79.23723634340672,15.857037442926789,27.011381156921517,20.153956265628659,-359.15764901652349,17.039361395423364,162.5138661809815,15.819038718129967,75.32590344812115,16.722913768698065,73.38633435119209,425.29346307378276,96.76845218216659,0.0,0.0,0.0,0.0,0.0,0.0,0.0,0.0,0.0,0.0,0.0,0.0,0.0,0.0,0.0,0.0,0.0,0.0,0.0,0.0,0.0,0.0,0.6853714648648652,0.20920984885984898,209.0699783344104,246.64111211330533,3374.0905382407265,0.07081820193648618,0.010808638879195082,212.7283095722749,250.54332781761173,3621.8940729689736,0.8371660351430025,0.1581946400496982,208.44092914958589,246.10628322132164,3266.0089589595,0.16543024977941093,0.031260440245542499,48.940932520668429,57.78923958011856,764.1379622528426,0.0,0.0,9.767490539282417,11.599580137310383,120.22012939111078,0.0,0.0,89.96152766439777,105.57190614658893,1712.4111859079322,0.0,0.0,235.39187424324028,278.10431086161096,3589.399555397508,0.0,0.0,32.26188800782269,38.31642309895714,395.74896489199525,0.0,0.0,103.17430751386941,122.19379376544372,1429.7469027934895,48.32492480647946,33.144667219807597,202.7170386886989,240.23703898743595,3387.680774763811,0.0,0.0,130.78712390736198,154.70445490385485,1908.285420933247,0.0,17.9916153437594,33.59072358912936,22.0,30.0,0.0,18.474973335951004,32.541809671600208,16.0,30.0,0.0,17.744057594866044,34.15798712167239,22.0,30.0,0.0,17.720759480861788,34.20535198378477,16.0,30.0,0.0,16.03507720167148,38.56141429611924,12.0,30.0,0.0,19.50365027800204,30.885705509780626,16.0,30.0,0.0,17.54112785036561,34.89823060835566,10.0,30.0,0.0,16.013980300485444,38.56072466661297,12.0,30.0,0.0,16.826705224375894,36.59982753699009,12.0,30.0,0.0,16.669501583321958,0.0,0.0,0.0,17.189221290418975,0.0,0.0,438.1298262577823,436.3952044515174,439.30804146393498,439.3278156533331,454.6223746546867,450.70842586638806,449.72379565399509,453.171969050104,452.6552447661002,0.0,79.64007718952596,79.64007718952596,60.0,0.0,60.0,60.0,16.0,16.0,16.0,12.0,12.0,12.0,21.0,10.0,0.0,0.0,0.0,0.0,0.0,0.0,0.0,0.0,0.0,0.0,0.0,0.0,0.0,79.64007718952596,79.64007718952596,0.0,0.0,0.0,79.64007718952596,0.0,0.0,0.00088 
 03/21  14:20:00,9.926666666666668,57.0,8.386666666666669,152.5,469.6666666666667,0.0,0.0,0.0,0.0,0.0,0.0,0.0,0.0,0.0,0.0,687.0,0.0,1752.7930901818434,69.96296541518706,179.27900303249195,52.55699363863811,1398.8892500837883,0.0,69.96296541518703,95.64467794757225,0.0,0.0,17.70456829572855,163.28275915400082,19.793455975632879,-839.5580661918757,17.582828523688545,59.85394362696752,17.847988927886218,-5.022477922543601,15.88726404979514,26.905390226826286,20.19736381251209,-357.671790499649,17.061576061531445,159.4700033402114,15.826364382555358,75.90718960522645,16.745976586876137,72.69377627804716,428.23767193413826,104.3222609061022,0.0,0.0,0.0,0.0,0.0,0.0,0.0,0.0,0.0,0.0,0.0,0.0,0.0,0.0,0.0,0.0,0.0,0.0,0.0,0.0,0.0,0.0,0.6865208354453842,0.20956069458039815,236.5423843854462,278.9270501340485,3854.8128157474336,0.04811809271828698,0.007344031245159796,243.56729251283975,286.89683822432439,4107.44878735922,0.8376195590111429,0.15828033994919564,158.60663052291529,187.24583675243904,2484.559957899697,0.17544684161001546,0.03315322025888424,11.614957581475738,13.710606400246645,184.43111202823568,0.0,0.0,9.675777733928533,11.488221662947164,119.44919901286997,0.0,0.0,90.11091774389516,105.7198441224543,1720.7557105449419,0.0,0.0,236.3363082333794,279.1655534971529,3609.4746359218,0.0,0.0,32.52917143783947,38.627778905241878,399.1605721329489,0.0,0.0,104.84819178674535,124.15087112165944,1456.1064188140945,48.369537232006219,33.17526559122513,193.38116305365205,229.1360771125417,3261.327047834713,0.0,0.0,132.6642389441267,156.8948037880326,1938.8384782735023,0.0,18.085713622044716,33.35657455348052,22.0,30.0,0.0,18.401832020455207,32.740918607962779,16.0,30.0,0.0,17.74155134103713,34.135842194567199,22.0,30.0,0.0,17.772396258658764,34.13363958957161,16.0,30.0,0.0,16.063241660103583,38.42959959620613,12.0,30.0,0.0,19.545395507419899,30.75988797695323,16.0,30.0,0.0,17.56304446759572,34.816641970285079,10.0,30.0,0.0,16.025369808635259,38.486064771716659,12.0,30.0,0.0,16.851605771637549,36.49931650605856,12.0,30.0,0.0,16.676832115019807,0.0,0.0,0.0,17.210978327310224,0.0,0.0,436.8224229628304,435.9810620520158,438.5653874349481,440.73654238606079,452.8614770893265,449.0816716747845,448.78264122034588,451.79634907610076,451.3234831745943,0.0,79.64007718952596,79.64007718952596,60.0,0.0,60.0,60.0,16.0,16.0,16.0,12.0,12.0,12.0,21.0,10.0,0.0,0.0,0.0,0.0,0.0,0.0,0.0,0.0,0.0,0.0,0.0,0.0,0.0,79.64007718952596,79.64007718952596,0.0,0.0,0.0,79.64007718952596,0.0,0.0,0.0008766666666666667 
 03/21  14:30:00,9.935,57.5,8.385000000000002,153.0,454.0,0.0,0.0,0.0,0.0,0.0,0.0,0.0,0.0,0.0,0.0,687.0,0.0,1716.5828736093254,69.27203472451787,177.50843034717807,51.47123447921002,1369.9901158437638,0.0,69.27203472451784,94.70012331068713,0.0,0.0,17.625671878732225,88.56748589693234,19.84039591941912,-730.6265130940401,17.596884501387966,88.89530154290606,17.864366658714688,-8.601370995191474,15.91712358302884,27.265530548171,20.231697408160998,-361.9110926737908,17.093062189013989,164.13289016250929,15.834140592714555,77.46049233696022,16.76760721022255,72.25135671858061,412.62999278175087,107.79633102309799,0.0,0.0,0.0,0.0,0.0,0.0,0.0,0.0,0.0,0.0,0.0,0.0,0.0,0.0,0.0,0.0,0.0,0.0,0.0,0.0,0.0,0.0,0.6592073656606076,0.20122324959115008,230.2372708804125,271.61461066240937,3670.8665415704588,0.07088038935667296,0.010818130243692454,202.04692670464383,237.88198881399186,3440.1664544818597,0.8652645588482939,0.16350426282091727,193.55890114962524,228.45046966463125,3041.0736278647179,0.17327499511117298,0.03274281842614757,25.651646278319786,30.27278169093968,405.051243577152,0.0,0.0,9.840194407697157,11.680952007461125,121.83509869411296,0.0,0.0,90.25843948194621,105.86876637654844,1727.2738962942217,0.0,0.0,238.08616644136994,281.1602268318132,3650.555069489881,0.0,0.0,32.915651913803078,39.0805720175383,404.0567011089056,0.0,0.0,104.65129449225488,123.89348701257312,1456.0863697181426,48.425957854188748,33.213962862955259,185.26734298551055,219.52706606696027,3127.0669864630965,0.0,0.0,132.6949597299026,156.90708056200288,1939.354195384157,0.0,17.91400733065252,33.776418582819299,22.0,30.0,0.0,18.494518468294353,32.5976296346932,16.0,30.0,0.0,17.781464381933597,34.019492214809748,22.0,30.0,0.0,17.803657016186,34.068703124514517,16.0,30.0,0.0,16.091008316676619,38.30669453924574,12.0,30.0,0.0,19.576686286738185,30.6757875908366,16.0,30.0,0.0,17.60366297502221,34.681261711246559,10.0,30.0,0.0,16.03705889707124,38.40309462618661,12.0,30.0,0.0,16.87434402934503,36.397306686198678,12.0,30.0,0.0,16.630241693179856,0.0,0.0,0.0,17.22073837123812,0.0,0.0,436.3354477132986,435.3323241056512,437.43310601491677,440.7270685500888,451.338043730702,448.1690796739597,447.26376498918179,450.2446666471516,449.85512174359857,0.0,79.64007718952596,79.64007718952596,60.0,0.0,60.0,60.0,16.0,16.0,16.0,12.0,12.0,12.0,21.0,10.0,0.0,0.0,0.0,0.0,0.0,0.0,0.0,0.0,0.0,0.0,0.0,0.0,0.0,79.64007718952596,79.64007718952596,0.0,0.0,0.0,79.64007718952596,0.0,0.0,0.0008733333333333334 
 03/21  14:40:00,9.943333333333336,58.0,8.383333333333335,145.66666666666667,430.0,0.0,0.0,0.0,0.0,0.0,0.0,0.0,0.0,0.0,0.0,687.0,0.0,1633.6145661287765,65.8493902047691,168.73790928236356,48.98344608794005,1303.773731829851,0.0,65.84939020476907,90.02110876523828,0.0,0.0,17.71968180212465,179.5442185746797,19.750588533270589,-889.7872974070269,17.56161690958067,35.18760035723608,17.87036314418492,-11.89294187854182,15.941009895983877,26.56805384435563,20.243773403703196,-358.0317409976301,17.09925088215276,153.53104457036535,15.83927276995129,77.15740201302174,16.786249907995037,71.54935326252962,459.4759959047351,116.88948997153602,0.0,0.0,0.0,0.0,0.0,0.0,0.0,0.0,0.0,0.0,0.0,0.0,0.0,0.0,0.0,0.0,0.0,0.0,0.0,0.0,0.0,0.0,0.7136901615765862,0.2178541396753926,254.73252790740674,300.2720201232342,4152.13513640394,0.039554098827919489,0.006036950370561582,263.359741296315,310.20291450557417,4393.961470709956,0.8065735567371768,0.15241374843862003,143.41531155147698,169.280337756859,2235.8588156977609,0.1600860440717046,0.030250575221410535,19.36192692739418,22.845835602054814,306.4179179970027,0.0,0.0,9.520307982038949,11.299122620723532,118.07138921615892,0.0,0.0,90.61167596554233,106.2624647281111,1736.1596231754737,0.0,0.0,235.64708784709689,278.2543905716589,3604.3791822266655,0.0,0.0,32.727779944811199,38.8518800823792,401.631894520371,0.0,0.0,105.81893855085018,125.25231468438048,1474.4861942635487,48.460793303101329,33.23785548909557,216.25329590907439,256.0848650739464,3609.8106188586596,0.0,0.0,133.92952041377857,158.34313030113706,1957.3770753100153,0.0,18.10758726078814,33.402596701396209,22.0,30.0,0.0,18.328651164160367,32.99016394459263,16.0,30.0,0.0,17.719586526857467,34.21062059930762,22.0,30.0,0.0,17.819177900266909,34.03938725349248,16.0,30.0,0.0,16.110874215791939,38.20753669320722,12.0,30.0,0.0,19.598827651735019,30.59749924686469,16.0,30.0,0.0,17.594027712296687,34.6919095191658,10.0,30.0,0.0,16.0445201582759,38.34322998725981,12.0,30.0,0.0,16.89422199117647,36.31198111155341,12.0,30.0,0.0,16.770474586789818,0.0,0.0,0.0,17.23016435412385,0.0,0.0,435.61487057230439,434.84534583611369,437.2533519603629,440.0693161615898,449.9099131950781,446.63104635098548,446.4536202665577,449.13530016018606,448.73196323237019,0.0,79.64007718952596,79.64007718952596,60.0,0.0,60.0,60.0,16.0,16.0,16.0,12.0,12.0,12.0,21.0,10.0,0.0,0.0,0.0,0.0,0.0,0.0,0.0,0.0,0.0,0.0,0.0,0.0,0.0,79.64007718952596,79.64007718952596,0.0,0.0,0.0,79.64007718952596,0.0,0.0,0.00087 
 03/21  14:50:00,9.951666666666668,58.5,8.381666666666668,138.33333333333335,406.0,0.0,0.0,0.0,0.0,0.0,0.0,0.0,0.0,0.0,0.0,1374.0,0.0,1548.008491877652,62.41972286863892,159.9493952746226,46.41656603356235,1235.4521796023865,0.0,62.41972286863889,85.33249349736298,0.0,0.0,17.65298041565105,98.4990217064651,19.767835623558719,-718.3653894712697,17.564291129686685,68.31617961448501,17.83894613410218,-56.26592729189511,15.960717073633429,26.91408367995652,20.23751087627712,-358.4622123697752,17.123848002649184,159.9490956250911,15.842998259959633,77.65788608946844,16.79995231877472,69.02579176706672,453.6358483882659,121.49343093546168,0.0,0.0,0.0,0.0,0.0,0.0,0.0,0.0,0.0,0.0,0.0,0.0,0.0,0.0,0.0,0.0,0.0,0.0,0.0,0.0,0.0,0.0,0.6796698237085515,0.2074694211564565,243.2815264714127,287.36587873252588,3888.7952883709056,0.06106516920941938,0.009320080770668404,218.58907896496539,257.71287309358356,3681.781280385986,0.8261817909519009,0.15611900811638347,184.5391700200454,218.27816120541878,2879.169499624846,0.16557857413301658,0.03128846827910366,35.931666171233178,42.529820599364537,561.1011637273417,0.0,0.0,9.6824438706456,11.510405489524335,120.1236617142364,0.0,0.0,90.57204639558971,106.38979070784778,1733.5056498129193,0.0,0.0,236.51047765845477,279.70752534968059,3625.635299324654,0.0,0.0,33.07141294250831,39.324088903961797,405.4776423604654,0.0,0.0,104.78541867295175,124.22593123149439,1460.1221430961746,48.51701502722576,33.27641634240451,226.4513732006073,268.6343976998275,3737.55429736153,0.0,0.0,132.99108275809005,157.4949647542188,1938.0362525536594,0.0,17.95393830638797,33.799839965749239,22.0,30.0,0.0,18.428003636506128,32.85137927392809,16.0,30.0,0.0,17.740761161624059,34.22217973354429,22.0,30.0,0.0,17.76238182203584,34.206471583624139,16.0,30.0,0.0,16.12415844711839,38.14064091394538,12.0,30.0,0.0,19.6004235909569,30.58087344492572,16.0,30.0,0.0,17.623167799830744,34.60327787004089,10.0,30.0,0.0,16.049766328758588,38.286411153964348,12.0,30.0,0.0,16.905684329878626,36.24363067687709,12.0,30.0,0.0,16.758812892640493,0.0,0.0,0.0,17.219825131231525,0.0,0.0,434.6323841315957,434.19490162578048,436.3154487587978,437.2647146166164,448.77336467007617,445.4138098635003,444.7570644538432,447.74940889940975,447.19585534316107,0.0,79.64007718952596,79.64007718952596,60.0,0.0,60.0,60.0,16.0,16.0,16.0,12.0,12.0,12.0,21.0,10.0,0.0,0.0,0.0,0.0,0.0,0.0,0.0,0.0,0.0,0.0,0.0,0.0,0.0,79.64007718952596,79.64007718952596,0.0,0.0,0.0,79.64007718952596,0.0,0.0,0.0008633333333333333 
 03/21  15:00:00,9.96,59.0,8.38,131.0,382.0,0.0,0.0,0.0,0.0,0.0,0.0,0.0,0.0,0.0,0.0,687.0,0.0,1460.2109877204053,58.986219694010738,151.15105533948486,43.783977574521809,1165.381676561268,0.0,58.9862196940107,80.63863434744772,0.0,0.0,17.682474361009075,125.58304885268717,19.745111828455607,-725.2222036670173,17.557693039761494,79.8452622115492,17.82819980176533,-37.037635353788349,15.98138767830816,26.791198291131879,20.218720270732797,-356.783720869817,17.142481257714523,158.4697519821948,15.846802914570639,77.91279475439433,16.814285530015647,66.52487203541432,412.76406607601896,127.33368140123457,0.0,0.0,0.0,0.0,0.0,0.0,0.0,0.0,0.0,0.0,0.0,0.0,0.0,0.0,0.0,0.0,0.0,0.0,0.0,0.0,0.0,0.0,0.6635112952086898,0.20253702539947797,217.74614896356384,256.6874415588557,3499.961406891262,0.06277057516441738,0.009580368614837819,216.63588799679335,255.00336431457604,3650.435533951792,0.8418861229201139,0.15908656895693769,200.67743404705386,236.78761539504718,3124.7685519627154,0.16771648918944224,0.03169245827464894,31.652205612655174,37.34515054947057,494.46192374715329,0.0,0.0,9.730504065306804,11.544628955325594,120.89569610223146,0.0,0.0,90.54991784913851,106.16583825955989,1730.481066305294,0.0,0.0,236.71900183880153,279.40584549031549,3633.701131311947,0.0,0.0,33.21272263747166,39.416680605409357,407.090568638817,0.0,0.0,104.20407279370014,123.30023833611166,1453.4570515327706,48.52890587623591,33.28457193157471,189.83570448228358,224.83881183601697,3178.157706961894,0.0,0.0,132.4225734073293,156.54034211892179,1922.1356470460092,0.0,18.00807768933813,33.77177524968627,22.0,30.0,0.0,18.432865962044216,32.94125527738468,16.0,30.0,0.0,17.740317281190618,34.27090952824192,22.0,30.0,0.0,17.757497633035749,34.284680982212858,16.0,30.0,0.0,16.14091053902797,38.05746696887166,12.0,30.0,0.0,19.59265482642601,30.588752886319747,16.0,30.0,0.0,17.641282740959779,34.55259766802561,10.0,30.0,0.0,16.055576495878254,38.230554509109889,12.0,30.0,0.0,16.920360421503344,36.17879825231163,12.0,30.0,0.0,16.63384265112076,0.0,0.0,0.0,17.197858205499693,0.0,0.0,434.6494433081196,433.2027964921003,435.0598180542882,436.49900734747976,446.93051593726627,444.0110937289015,443.3313612642457,445.8366330032956,445.4723047163334,0.0,79.64007718952596,79.64007718952596,60.0,0.0,60.0,60.0,16.0,16.0,16.0,12.0,12.0,12.0,21.0,10.0,0.0,0.0,0.0,0.0,0.0,0.0,0.0,0.0,0.0,0.0,0.0,0.0,0.0,79.64007718952596,79.64007718952596,0.0,0.0,0.0,79.64007718952596,0.0,0.0,0.0008566666666666667 
 03/21  15:10:00,9.868333333333334,59.0,8.32,123.66666666666666,358.0,0.0,0.0,0.0,0.0,0.0,0.0,0.0,0.0,0.0,0.0,6880.0,0.0,1370.666249030319,55.55203550999797,142.35097409594685,41.098999755272739,1093.9167309787609,0.0,55.55203550999794,75.9438442060732,0.0,0.0,18.776754298510224,-787.4442169590598,19.954823196750867,188.46093439631307,19.012799856194179,-2183.357537989391,18.128331766327624,910.8592044356042,15.998566795834945,32.58909815493776,20.197584516735956,-321.66385735170578,17.22903409915036,272.4202110162987,15.848060985661889,80.48288810329182,16.824232483698773,75.97919977544234,787.8762113000008,174.72929177546568,0.0,0.0,0.0,0.0,0.0,0.0,0.0,0.0,0.0,0.0,0.0,0.0,0.0,0.0,0.0,0.0,0.0,0.0,0.0,0.0,0.0,0.0,0.7976569154150777,0.24348501691546935,322.3634261625441,378.7806500282827,6311.745526388771,0.20287219346031835,0.03096339949028058,247.47116757279219,291.5038621391017,4483.846499097805,0.704358728134411,0.13309877704731885,474.80438983539076,557.2218185517504,9588.150551779234,0.26757344236814925,0.05056187497508488,355.8906333847779,419.9390714603998,6094.682884555451,0.0,0.0,11.001538871499055,13.091309319224092,138.88448301052854,0.0,0.0,85.65273866530144,100.73953338410692,1652.1894879109687,0.0,0.0,262.1776926677928,310.2104507035241,4151.2686266543109,0.0,0.0,34.81206225421201,41.44008481681282,433.01850089784389,0.0,0.0,117.53772021791134,139.4837109251347,1662.1887877689956,49.199619901084208,33.74459526823335,587.9109046289556,695.1584624378444,10117.380049833484,0.0,0.0,146.7970838077875,174.03251744971485,2163.843015293482,1988.368072707624,19.62117260024589,30.666424744391749,21.999999999999998,30.0,0.0,18.91749932629909,32.01666454138685,15.999999999999999,30.0,4408.731921788533,19.88187638743707,30.175892390022317,21.999999999999998,30.0,0.0,18.37558866096708,33.09667370433757,15.999999999999999,30.0,0.0,16.152196129459385,38.0212028383206,12.0,30.0,0.0,19.59695323725499,30.592011173314775,15.999999999999999,30.0,0.0,17.794872196969068,34.26426564999082,10.0,30.0,0.0,16.05788839587883,38.22235726352454,12.0,30.0,0.0,16.928994712083605,36.16253733384817,15.999999999999999,30.0,0.0,17.70957743593519,0.0,0.0,0.0,17.221016372934156,0.0,0.0,433.5359440346125,433.4726766688099,433.47337859165216,434.2301987929431,445.69820168192146,442.2954847415747,440.7963134333422,444.3741933255791,443.560559592746,10294.116129772794,81.1981875457742,85.34581689680664,60.0,0.0,60.0,60.0,16.0,16.0,16.0,16.0,12.0,12.0,21.0,10.0,1.0,0.0,1988.368072707624,0.0,4408.731921788533,0.0,0.0,0.0,0.0,0.0,6276.9848554061159,3766190.9132436688,4908659.660147276,81.1981875457742,85.41625741237167,0.3452328285135372,0.7660282515910395,0.3602813740196596,85.41625741237167,0.3542647819438876,4908659.660147276,0.25610030232765837 
 03/21  15:20:00,9.776666666666668,59.0,8.260000000000002,116.33333333333334,334.0,0.0,0.0,0.0,0.0,0.0,0.0,0.0,0.0,0.0,0.0,2064.0,0.0,1279.8161564845999,52.12028382835281,133.5571302708554,38.37488221258364,1021.4100037640051,0.0,52.12028382835279,71.25237947985477,0.0,0.0,19.50212600292238,-1212.383706543602,20.53855120631642,181.3343483515915,19.853640824538897,-3174.7682797350269,18.86146331376599,720.1856217280108,16.026026578061975,37.12975559795331,20.19052976258488,-285.84244820664807,17.42993552072746,254.32567099970209,15.857847346477218,86.76854675250006,16.849830849511358,90.4003120316027,969.4088073448932,230.93786414304328,0.0,0.0,0.0,0.0,0.0,0.0,0.0,0.0,0.0,0.0,0.0,0.0,0.0,0.0,0.0,0.0,0.0,0.0,0.0,0.0,0.0,0.0,0.9295385808216387,0.28374193553774065,365.37263072501278,427.5960174234997,7925.524901060264,0.25176984599033966,0.03842641117068674,284.2706845573276,333.5788488776521,5729.422233672325,0.780620243064482,0.14750949415428608,530.1783575140648,619.7861856300733,11853.546403884498,0.29226497413431959,0.05522769730429315,398.2489509216631,468.00693077537997,7728.486505019118,0.0,0.0,11.545263978339108,13.725557679009622,148.52130725084616,0.0,0.0,81.9257809365863,96.25593814369421,1601.204396449347,0.0,0.0,282.2235224849954,333.3041231145289,4680.664200921013,0.0,0.0,36.81432388321154,43.78137596627387,465.9750872861954,0.0,0.0,132.3557596667901,156.911124106261,1905.615688031871,49.62161980534453,34.03403278830215,672.572323477364,793.1446777240801,12554.781976264021,0.0,0.0,163.75513578980745,193.91324112622915,2468.581255233196,1823.1209502913758,20.743985944276184,28.605291857861887,21.999999999999994,29.99999999999999,0.0,19.95532713200621,30.02543244004709,15.999999999999993,29.99999999999999,4124.72680124523,21.132748674929834,27.938509275558454,21.999999999999994,29.99999999999999,0.0,19.579147071431167,30.7364920423471,15.999999999999993,29.99999999999999,0.0,16.181077498825279,37.952231997078538,11.999999999999995,29.99999999999999,0.0,19.635246497496597,30.540199497893995,15.999999999999993,29.99999999999999,0.0,18.09145413394865,33.649990695207879,9.999999999999997,29.99999999999999,0.0,16.07534108646784,38.19766109870193,11.999999999999995,29.99999999999999,0.0,16.965808898465555,36.10004885813152,15.999999999999993,29.99999999999999,0.0,18.53488415415034,0.0,0.0,0.0,17.297835311122545,0.0,0.0,433.40523000733085,433.64467885490856,433.01267994557738,433.4283983002308,443.25185197223848,440.5306781569243,439.3842042339144,441.8590460896273,441.2509930041202,11777.684530832397,80.2167236044116,87.87002159294892,59.99999999999998,0.0,59.99999999999998,59.99999999999998,16.0,16.0,16.0,16.0,12.0,12.0,21.0,10.0,1.0,0.0,1823.1209502913758,0.0,4124.72680124523,0.0,0.0,0.0,0.0,0.0,11581.000692785075,6948600.415671047,9076122.875558667,80.2167236044116,87.99999999999997,0.3860333564261692,0.7658194291276539,0.36028137401965945,87.99999999999997,0.35426478194388735,9076122.875558667,0.47283172286238409 
 03/21  15:30:00,9.685,59.0,8.2,109.0,310.0,0.0,0.0,0.0,0.0,0.0,0.0,0.0,0.0,0.0,0.0,2064.0,0.0,1188.1000993340966,48.69402483761185,124.77736593302223,35.62479987614496,948.2121674140537,0.0,48.69402483761183,66.56842367852937,0.0,0.0,20.089362957517275,-1103.196861460964,21.039056752532674,459.468379732622,20.122786603029775,-2269.5182876172559,19.426191168375135,966.3369849186895,16.057623374898744,45.448687649872869,20.203463486412028,-223.27774717737555,17.63637826457495,320.94480208001598,15.884079776017668,105.83625035336381,16.89862660300213,140.11363602154015,1249.457951503147,346.34261778221227,0.0,0.0,0.0,0.0,0.0,0.0,0.0,0.0,0.0,0.0,0.0,0.0,0.0,0.0,0.0,0.0,0.0,0.0,0.0,0.0,0.0,0.0,1.1475707409142149,0.35029631896038296,387.16001254651828,451.9358746224126,9001.428290417267,0.2920843581899876,0.04457941974816659,294.4208156254231,344.3781226880858,6496.467585392058,0.9399701508329206,0.177620965765858,503.54887478927716,587.3585726769265,11916.85104300389,0.3145713250933018,0.05944280519525729,394.12915178756159,461.58074553414238,8431.192450027684,0.0,0.0,12.011667122081578,14.277538215826553,157.5493564389427,0.0,0.0,76.36668983387354,89.68805630562153,1518.4241071455008,0.0,0.0,308.20521373498436,363.5643315576796,5365.773940898723,0.0,0.0,40.23335854696269,47.83890718149733,520.178387411948,0.0,0.0,154.5978678633884,183.23589491356189,2277.6920424531288,50.345366760639077,34.53042987698153,681.4814285756727,800.5241391295792,14382.814718182697,0.0,0.0,189.8200794912507,224.6636395533849,2953.5129282815389,1838.8154473890996,21.536102220067606,27.280944805395124,21.999999999999994,29.99999999999999,0.0,20.847349276855974,28.438002484797339,15.999999999999993,29.99999999999999,2722.334124486255,21.655384243210756,27.09172257695773,21.666666666666658,29.99999999999999,0.0,20.509616883235748,29.047735743641757,15.999999999999993,29.99999999999999,0.0,16.216737198543485,37.88288782653699,11.999999999999995,29.99999999999999,0.0,19.718086543205837,30.412039250712277,15.999999999999993,29.99999999999999,0.0,18.42758969153063,32.98262390559764,9.999999999999997,29.99999999999999,0.0,16.12099636060233,38.124587267272577,11.999999999999995,29.99999999999999,0.0,17.045419698675656,35.95844165189157,15.999999999999993,29.99999999999999,0.0,19.615689833808259,0.0,0.0,0.0,17.456910212751319,0.0,0.0,432.7533814991521,433.184077309235,432.40998123387547,432.75274703113487,441.0460904670168,438.3512571543823,437.1288569676303,439.25948011121229,438.57050981732939,11580.993195530726,80.3468095154246,85.75196397795557,59.99999999999998,0.0,59.99999999999998,59.99999999999998,16.0,16.0,16.0,16.0,12.0,12.0,21.0,10.0,1.0,0.0,1838.8154473890996,0.0,2722.334124486255,0.0,0.0,0.0,0.0,0.0,8178.598801687705,4907159.2810126249,6389509.62853289,80.3468095154246,85.8437614446107,0.38595329338959008,0.7674765716279668,0.36028137401965945,85.8437614446107,0.35426478194388735,6389509.62853289,0.3331511673503769 
 03/21  15:40:00,9.593333333333334,59.0,8.14,103.33333333333334,326.1666666666667,0.0,0.0,0.0,0.0,0.0,0.0,0.0,0.0,0.0,0.0,2064.0,0.0,1201.5068943013317,46.8531312991894,120.06013671302196,36.026789259749339,958.911913125243,0.0,46.85313129918938,64.05178264461513,0.0,0.0,20.209168918900404,-774.6329275687785,21.30660405815008,26.608384406397044,20.21023420219217,-1745.5471450297319,19.662988098361759,586.7695415835361,16.097174678759268,46.29324848556157,20.25186555842032,-203.6769017880462,17.73648291451964,230.60830340634997,15.918154099363666,109.32990379941825,16.955445106607138,141.7725303605922,1181.9052300556078,400.2358448059692,0.0,0.0,0.0,0.0,0.0,0.0,0.0,0.0,0.0,0.0,0.0,0.0,0.0,0.0,0.0,0.0,0.0,0.0,0.0,0.0,0.0,0.0,1.1492980413607066,0.350823577948934,307.5415695636248,359.05334690538498,7142.991143480922,0.2442512983221185,0.03727889168530505,176.1228508879006,205.91352700675547,4021.790586920048,1.0566825999586616,0.1996754724033754,423.5512878106987,494.04269507483846,9985.650506708302,0.3100417293915029,0.05858687252295976,354.48711506658875,414.8058484206587,7794.004427866715,0.0,0.0,11.677422165515049,13.877608209361469,156.1965587619949,0.0,0.0,73.38717319948114,86.16308914367942,1483.772482286559,0.0,0.0,309.4365761368541,364.8645253921908,5500.454314219558,0.0,0.0,41.13298246561328,48.89600185924283,543.4766442703741,0.0,0.0,159.70775921616423,189.21400091126336,2407.2995857519179,50.04862201368267,34.326901243952487,542.2023472079011,636.8895405843952,11694.465767528196,0.0,0.0,195.9652652709749,231.8600235518773,3107.2757722523185,1250.3601579841666,21.517490458082859,27.33156430095363,21.666666666666687,30.00000000000002,0.0,21.162678740428598,27.906506571322276,16.000000000000015,30.00000000000002,2502.6481770586235,21.670988572759865,27.077118703313688,21.666666666666687,30.00000000000002,0.0,20.72801418397045,28.671711991017433,16.000000000000015,30.00000000000002,0.0,16.256281219190887,37.81358950450577,12.00000000000001,30.00000000000002,0.0,19.80026883759103,30.28599878426241,19.000000000000015,30.00000000000002,0.0,18.523175093223938,32.813771905847868,10.000000000000007,30.00000000000002,0.0,16.17268395909384,38.0376653792283,16.000000000000015,30.00000000000002,0.0,17.12642653827136,35.809703240820038,16.000000000000015,30.00000000000002,0.0,19.489474904366458,0.0,0.0,0.0,17.51542576621302,0.0,0.0,432.09831459392617,432.5873163274914,431.40511175505449,431.9297408131821,438.9860338366708,436.52666066256588,435.5765086291061,437.1270878299142,436.61529035549986,8188.320831391069,82.5906646130145,82.5906646130145,60.00000000000004,0.0,60.00000000000004,60.00000000000004,16.0,16.0,19.0,16.0,16.0,12.0,21.0,10.0,1.0,0.0,1250.3601579841666,0.0,2502.6481770586235,0.0,0.0,0.0,0.0,0.0,0.0,0.0,0.0,82.5906646130145,82.5906646130145,0.3400000000000003,0.7698993010575976,0.3602813740196598,82.5906646130145,0.3542647819438878,0.0,0.00092 
 03/21  15:50:00,9.501666666666667,59.0,8.08,97.66666666666666,342.3333333333333,0.0,0.0,0.0,0.0,0.0,0.0,0.0,0.0,0.0,0.0,4128.0,0.0,1211.5738064448884,44.91977071155487,115.10595936422117,36.328633061431208,966.9461250129166,0.0,44.91977071155485,61.4087321440614,0.0,0.0,20.133705775245127,-946.1084052645006,21.46038824877182,64.46642756815958,20.366204350667088,-1217.512668168447,19.751691598492124,421.7454241465909,16.137083104272084,46.33872056737313,20.299557823854259,-213.50711788969415,17.767151573125394,278.3022888013807,15.943135245467844,108.09552477518585,16.99357890972906,129.46235131414199,1199.3698550760078,404.11066054060009,0.0,0.0,0.0,0.0,0.0,0.0,0.0,0.0,0.0,0.0,0.0,0.0,0.0,0.0,0.0,0.0,0.0,0.0,0.0,0.0,0.0,0.0,1.1863702400494117,0.3621398779149604,320.28015980638079,373.7660795054996,7639.843708863865,0.24521596541877664,0.03742612414816488,166.2023228933831,194.18459091234215,3882.090117616288,1.1546757920068416,0.2181927044608542,355.67681918350146,415.3635647710977,8490.79924876915,0.2983610669507012,0.05637964228093362,297.7953604857473,348.66150697344917,6631.775629174463,0.0,0.0,11.818325746594337,14.05009321858807,161.09227399010025,0.0,0.0,74.53319485028449,87.52897423079799,1529.7077737678829,0.0,0.0,310.2492823257397,365.98667237393627,5582.342054963553,0.0,0.0,41.46860256812237,49.31388417769145,558.0047708484169,0.0,0.0,158.04606618011176,187.3216458381991,2424.2806668530918,49.88009239778651,34.211311658289748,461.642443099981,542.5747181278492,10264.767316976075,0.0,0.0,194.47184340010888,230.22277894641838,3117.257244816864,1462.5483734105608,21.601602313908367,27.1741595550171,21.666666666666637,29.999999999999959,0.0,21.356675426394209,27.575319176856448,15.999999999999977,29.999999999999959,1868.9185106155906,21.545006001124638,27.26960578737002,21.49999999999997,29.999999999999959,0.0,20.784037548975655,28.567447955084597,15.999999999999977,29.999999999999959,0.0,16.293795635785079,37.74541471070715,11.999999999999983,29.999999999999959,0.0,19.866275116647214,30.178675374551934,18.99999999999997,29.999999999999959,0.0,18.54376205109216,32.78467702835452,9.999999999999986,29.999999999999959,0.0,16.20436360250685,37.98452411824213,15.999999999999977,29.999999999999959,0.0,17.17096814547226,35.72848475353176,15.999999999999977,29.999999999999959,0.0,19.616941969550227,0.0,0.0,0.0,17.512911098253644,0.0,0.0,431.11014357253768,431.8598936990122,430.90066065684268,431.1696669052019,437.44665975515979,435.3530386922148,434.46286420064646,435.89812964058026,435.51754499424086,9205.23084481233,81.918241150632,84.17517456175435,59.999999999999918,0.0,59.999999999999918,59.999999999999918,16.0,16.0,19.0,16.0,16.0,12.0,21.0,10.0,1.0,0.0,1462.5483734105608,0.0,1868.9185106155906,0.0,0.0,0.0,0.0,0.0,3415.694096260627,2049416.4577563792,2672740.678290895,81.918241150632,84.21350478357992,0.3405231365420206,0.7666972700805614,0.360281374019659,84.21350478357992,0.354264781943887,2672740.678290895,0.13995918193779328 
 03/21  16:00:00,9.41,59.0,8.02,92.0,358.5,0.0,0.0,0.0,0.0,0.0,0.0,0.0,0.0,0.0,0.0,2752.0,0.0,1218.0862830496995,42.8912022501413,109.907810533137,36.523898009804899,972.1435707042247,0.0,42.891202250141279,58.63552526189019,0.0,0.0,20.43055106513045,-1077.9915132659895,21.532239258650173,-54.07778632877853,20.436343877450747,-1384.0183573982973,19.70726353734301,536.0092931538782,16.180511863171718,45.74963722292041,20.34080605516455,-216.234415192872,17.826634025303517,252.42414534250976,15.96598561663835,105.58369529340934,17.02302896536783,119.80008780397248,1155.7506176893335,425.30573968381466,0.0,0.0,0.0,0.0,0.0,0.0,0.0,0.0,0.0,0.0,0.0,0.0,0.0,0.0,0.0,0.0,0.0,0.0,0.0,0.0,0.0,0.0,1.1682621695606348,0.35661238387076768,297.36157408595917,346.7859344245309,7238.3650114855449,0.23460887609551929,0.03580721552129416,176.7884381079327,206.3565551577264,4173.004605909042,1.1766880801146596,0.22235224491962583,360.0477312251139,420.1153234496173,8614.685433291077,0.31245009523922459,0.059041968110208706,295.96788302162056,346.3072038761198,6591.107052457625,0.0,0.0,11.771681223635,13.987190628376223,163.60408455558025,0.0,0.0,74.65316161816964,87.61928500729582,1553.2677817047564,0.0,0.0,310.60629002050919,366.20913398314317,5676.51322735507,0.0,0.0,41.58056352855053,49.42536756433328,569.3800210569366,0.0,0.0,158.63548318313299,187.93309701265557,2472.1009605351284,49.568906991780867,33.99787859518579,468.08912594740596,549.7771018656553,10402.966799299285,0.0,0.0,195.03260136905613,230.81619520517843,3156.8420999422316,1864.0828346166234,21.736653016292168,26.92905631669957,22.0,30.0,0.0,21.394049485258138,27.4990853798383,16.0,30.0,2033.6307387583016,21.482060816403199,27.366822110194059,21.5,30.0,0.0,20.647051422273333,28.794083570918894,16.0,30.0,0.0,16.336963452865186,37.662234199332058,12.0,30.0,0.0,19.919672006513289,30.089301494693389,19.0,30.0,0.0,18.59676912853401,32.679372089864759,10.0,30.0,0.0,16.23230878945189,37.93440052619046,16.0,30.0,0.0,17.203070288961866,35.66894411300624,16.0,30.0,0.0,19.469608319345544,0.0,0.0,0.0,17.50029605491287,0.0,0.0,430.5746680096828,430.8440931071783,430.2070345747016,430.64249493320798,435.97110540474128,434.2725548770908,433.5751132134233,434.7484809785671,434.47235925833959,10265.397691339977,81.21700916157809,85.00016228716919,60.0,0.0,60.0,60.0,16.0,16.0,19.0,16.0,16.0,12.0,21.0,10.0,1.0,0.0,1864.0828346166234,0.0,2033.6307387583016,0.0,0.0,0.0,0.0,0.0,5724.798701856536,3434879.221113922,4463922.794896556,81.21700916157809,85.0644127864482,0.3608266233952179,0.7678363108560228,0.36028137401965956,85.0644127864482,0.3542647819438875,4463922.794896556,0.23315731866795426 
 03/21  16:10:00,9.256666666666668,59.66666666666667,7.85,86.33333333333334,374.6666666666667,0.0,0.0,0.0,2.0,0.0,0.0,0.0,0.0,0.0,4.0,2064.0,0.0,1220.8388375212388,40.764948245839288,104.45934120955165,36.606422679586668,974.3402534319571,0.0,40.764948245839267,55.728774836585078,0.0,0.0,20.466074275150804,-1028.1217328048857,21.595608136530737,-66.04185161200197,20.153693972707886,-856.1408260986925,19.715204597118214,247.4847699883491,16.22457181011969,45.118807288216547,20.52876864186655,-73.27247190110559,17.806825629633744,184.51649783543753,15.982398699946764,102.14608351772677,17.041722040550416,105.59013079004672,1096.8633968077575,419.8581925681722,0.0,0.0,0.0,0.0,0.0,0.0,0.0,0.0,0.0,0.0,0.0,0.0,0.0,0.0,0.0,0.0,0.0,0.0,0.0,0.0,0.0,0.0,1.0939611343750547,0.33393197019995565,245.34268134883099,286.178093226701,5954.357377555277,0.22188275990955626,0.03386489009608613,173.5662515078613,202.5067324840847,4167.511931895803,1.316103554088019,0.24869681672109213,243.13184872126323,284.15438702120209,5678.504332507922,0.30837838296854638,0.05827255913993694,256.68711366960988,300.5035203619026,5737.3203774827,0.0,0.0,12.097800965979065,14.366791795338852,172.86932558436224,0.0,0.0,16.30637981778125,19.106618631483099,353.5276862116641,0.0,0.0,247.35464279768196,291.6407171400078,4545.262035837165,0.0,0.0,41.509217366117599,49.31889215719563,582.4770127180457,0.0,0.0,153.8129756118463,182.1531113619227,2448.2452882156546,48.674876960689747,33.384689273449769,394.47341358352039,463.46579873262479,8955.478085068495,0.0,0.0,189.64991006528383,224.41676701495886,3106.446884877642,1416.9794451527283,21.622531417591646,27.102056916957105,22.0,30.0,0.0,21.44287264571247,27.416660716713975,16.0,30.0,27.993666595109788,21.062731950241998,28.840310052320093,21.0,30.0,0.0,20.568508229147544,29.402552363257969,16.0,30.0,0.0,16.380568569459368,37.56991401422708,12.0,30.0,0.0,20.217248247915536,31.06332350676361,19.0,30.0,0.0,18.490453172146027,32.89768318602488,10.0,30.0,0.0,16.249179320213167,37.9027663372932,16.0,30.0,0.0,17.217794350973006,35.6428173786374,16.0,30.0,0.0,19.390375805586268,0.0,0.0,0.0,17.44183097714198,0.0,0.0,430.02916362280339,431.24675231136077,474.6938964074135,456.61552331431019,434.7901677764904,528.3057439782865,432.7393946842067,434.0193622267361,433.8309445818529,9270.257052669513,81.87525788114252,84.14531540955531,1744.0,0.0,1744.0,1744.0,16.0,16.0,19.0,16.0,16.0,12.0,21.0,10.0,1.0,0.0,1416.9794451527283,0.0,27.993666595109788,0.0,0.0,0.0,0.0,0.0,3435.5367870369466,2061322.0722221679,2675306.537353112,81.87525788114252,84.18386852246157,0.3411845595678982,0.7676302789263345,0.36028137401965956,84.18386852246157,0.3542647819438875,2675306.537353112,0.1707986066090285 
 03/21  16:20:00,9.103333333333336,60.333333333333339,7.68,80.66666666666666,390.83333333333339,0.0,0.0,0.0,2.0,0.0,0.0,0.0,0.0,0.0,4.0,2752.0,0.0,1219.6380927821209,38.53876843806008,98.75481075195636,36.57040874631573,973.3818409364503,0.0,38.53876843806006,52.68541826207644,0.0,0.0,20.52748406926262,-968.7768146017024,21.691174897414216,40.67181337908107,20.729785113726466,-1606.4829891570817,19.79108289437083,660.2811953961968,16.265369242795346,42.94216036916605,20.746288813571064,-84.11104452674607,17.80800048631152,202.84914213522917,15.989211383599433,92.60270932984037,17.044645006936969,83.2135680384315,1150.7139777349367,425.59644707455598,0.0,0.0,0.0,0.0,0.0,0.0,0.0,0.0,0.0,0.0,0.0,0.0,0.0,0.0,0.0,0.0,0.0,0.0,0.0,0.0,0.0,0.0,1.216110807544927,0.37121819522128426,225.13794645960403,262.59081017136489,5567.8459542158939,0.2422540018418539,0.036974054005166959,133.03226002761927,155.16348981954298,3266.396051895167,1.139703841136062,0.21536353762964145,331.9216263143767,386.8818007248547,8345.177485114764,0.324781470876039,0.0613721600294858,340.38279885983277,398.2322394970279,7830.638095799227,0.0,0.0,12.071940978444126,14.337213315633992,177.04093388470705,0.0,0.0,16.334267244101114,19.118334755038516,368.8068576525962,0.0,0.0,243.2269647412183,286.8367817559049,4533.790592930388,0.0,0.0,40.49262618130617,48.120219441188968,580.5126197257913,0.0,0.0,151.48255656798586,179.42358430451876,2453.7824077537286,48.0283868279416,32.941280403252147,462.4042468500313,543.072805220824,10606.462221124197,0.0,0.0,186.27034372572468,220.49601258094959,3084.2618925500376,1290.193930121823,21.64406714133881,27.391672854107747,21.75,30.0,0.0,21.5647938740808,27.38161831670525,16.0,30.0,1304.0759041695927,21.888642278778958,27.58941884745082,21.5,30.0,0.0,20.732374032394497,29.461403114692886,16.0,30.0,0.0,16.417281878809946,37.497590606314087,12.0,30.0,0.0,20.533222914171245,32.005184365812208,19.0,30.0,0.0,18.47152574364383,33.04256519792978,10.0,30.0,0.0,16.24860714006857,37.940443397571268,16.0,30.0,0.0,17.20633339521714,35.71085552217947,16.0,30.0,0.0,19.589969006789564,0.0,0.0,0.0,17.37821620014823,0.0,0.0,449.0053721039842,441.6384212858117,485.11697481629906,476.8380511888367,434.2801604606241,621.1266281414061,437.317379255239,434.89821815123289,435.10802821207388,6743.21566769241,81.87629665606804,81.87629665606804,1744.0,0.0,1744.0,1744.0,16.0,16.0,19.0,16.0,16.0,12.0,21.0,10.0,1.0,0.0,1290.193930121823,0.0,1304.0759041695927,0.0,0.0,0.0,0.0,0.0,0.0,0.0,0.0,81.87629665606804,81.87629665606804,0.255,0.5767930569946421,0.27021103051474468,81.87629665606804,0.2656985864579156,0.0,0.03216711111111112 
 03/21  16:30:00,8.95,61.0,7.51,75.0,407.0,0.0,0.0,0.0,2.0,0.0,0.0,0.0,0.0,0.0,4.0,2067.0,0.0,1214.3061657074539,36.21061716104241,92.78897718033065,36.410522466933858,969.1263665466327,0.0,36.21061716104239,49.50265895817695,0.0,0.0,20.541578640230147,-817.2688088054274,21.67869099306769,-235.27878169924274,20.380926076443907,-900.1524424887939,19.84179448465065,325.200172261337,16.30478125734819,39.062048112472769,20.933107381754028,-83.0167406160399,17.777580241535799,180.41334629909816,15.991159749867853,89.11525036253492,17.041033097466725,74.94643558681428,1126.3238594746122,413.9828466648455,0.0,0.0,0.0,0.0,0.0,0.0,0.0,0.0,0.0,0.0,0.0,0.0,0.0,0.0,0.0,0.0,0.0,0.0,0.0,0.0,0.0,0.0,1.211556410608695,0.36982796416626825,261.54095048449497,304.74698983096638,6575.070910722763,0.22431422760120374,0.034235993223626939,194.07966696926594,226.33959013590374,4750.801955845819,1.205965431669111,0.22788462427609813,259.66011213734637,303.27908476785617,6296.664478388529,0.2969387761868487,0.05611087985390184,268.95622168036177,314.64732994996538,6256.742585602381,0.0,0.0,11.508314934070106,13.66032937558112,173.07609495927006,0.0,0.0,16.13132244649718,18.85029288060737,377.33066151543798,0.0,0.0,234.24140863090529,276.220045195687,4398.064132358632,0.0,0.0,39.87001550080166,47.36259978282324,583.2537074071792,0.0,0.0,146.57889386453236,173.56859526696094,2414.1124707472629,47.12404541154327,32.32101880078413,433.61664632934119,509.0612754043715,10120.67156865276,0.0,0.0,180.7548356424078,213.9350933349034,3027.780029181231,1434.5859727044972,21.573834850675028,27.628874676344233,21.666666666666658,29.99999999999999,0.0,21.45271115913636,27.871254193300694,15.999999999999993,29.99999999999999,0.0,21.22623192680918,29.088458830670747,20.999999999999994,29.99999999999999,0.0,20.72138400682956,29.796180888941004,15.999999999999993,29.99999999999999,0.0,16.451984312976874,37.50081290047907,11.999999999999995,29.99999999999999,0.0,20.801632886522417,32.63042334445267,18.999999999999994,29.99999999999999,0.0,18.382901132789596,33.34718663275535,9.999999999999997,29.99999999999999,0.0,16.241717158388945,38.07859835429406,15.999999999999993,29.99999999999999,0.0,17.188790949362166,35.88365327286125,15.999999999999993,29.99999999999999,0.0,19.589660830314445,0.0,0.0,0.0,17.31905017089042,0.0,0.0,456.12012783627918,458.93550196869696,504.3634558194818,493.54588599547949,437.1948080413297,685.9018060918514,443.05703067063896,439.6716080912504,440.79458767182077,9506.369300644537,81.71909986249902,84.01567659096996,1743.9999999999996,0.0,1743.9999999999996,1743.9999999999996,16.0,16.0,19.0,16.0,16.0,12.0,21.0,10.0,1.0,0.0,1434.5859727044972,0.0,0.0,0.0,0.0,0.0,0.0,0.0,3475.6311268597949,2085378.6761158775,2700403.4947648916,81.71909986249902,84.0546800879309,0.3425210375619931,0.771540537471884,0.36028137401965945,84.0546800879309,0.35426478194388735,2700403.4947648916,0.1730725372833299 
 03/21  16:40:00,8.796666666666667,61.66666666666667,7.34,67.83333333333333,376.1666666666667,0.0,0.0,0.0,2.0,0.0,0.0,0.0,0.0,0.0,4.0,2067.0,0.0,1099.3292661601045,32.54152039496694,83.38694806585117,32.96297504590773,877.3642992940916,0.0,32.54152039496692,44.48672550728309,0.0,0.0,20.44233976810647,-892.6868613273589,21.582434761221977,-150.03175215337053,20.331839605386877,-829.9349089807447,19.709661225368789,287.72466383884309,16.333508781440796,37.955126980982338,21.033532988424793,-89.86112798562285,17.791737880953119,180.9083619475727,15.991118502490786,83.92220790905674,17.032979797208318,61.29654090524008,1096.0938471473492,438.25599822674146,0.0,0.0,0.0,0.0,0.0,0.0,0.0,0.0,0.0,0.0,0.0,0.0,0.0,0.0,0.0,0.0,0.0,0.0,0.0,0.0,0.0,0.0,1.131433329982383,0.34537036934749196,289.22405271986227,337.31874269757886,7280.8859887883149,0.220077557599542,0.03358937081800094,218.58590951784655,255.24163587198115,5378.769098604984,1.314749310648263,0.2484409128209116,263.4363640025539,307.6940278069575,6411.941119896425,0.3158972894574903,0.05969336535477897,276.81482320521999,324.0356225035308,6374.059061111918,0.0,0.0,11.491578829017927,13.637299902934075,176.87728402594298,0.0,0.0,16.3502536436824,19.093543767114718,392.63155835369539,0.0,0.0,236.7225899690701,279.09820354538297,4513.264717362299,0.0,0.0,40.191991364373588,47.73921071233352,599.5424629363873,0.0,0.0,148.92236526642703,176.32150420085569,2491.4458063499198,46.25711097601666,31.726413563797459,464.24431409107197,545.1816139872925,10850.495158832573,0.0,0.0,183.2122242364245,216.8317553735997,3109.750024891115,1088.3581994850663,21.53896848109634,28.04544313544841,21.666666666666676,30.00000000000001,0.0,21.315141993567975,28.40128139284962,16.000000000000008,30.00000000000001,0.0,21.105680053453388,29.66804686900304,21.000000000000008,30.00000000000001,0.0,20.45619616112488,30.70366252413399,19.000000000000008,30.00000000000001,0.0,16.47629711581939,37.63647303179607,12.000000000000006,30.00000000000001,0.0,20.97618884400994,33.03294880595397,19.000000000000008,30.00000000000001,0.0,18.376665937045197,33.68968369079832,10.000000000000004,30.00000000000001,0.0,16.23281214706997,38.41947871796896,16.000000000000008,30.00000000000001,0.0,17.166134453669295,36.27266662549404,16.000000000000008,30.00000000000001,0.0,19.543491275829696,0.0,0.0,0.0,17.27693302012274,0.0,0.0,475.9901281537797,475.1851416352688,525.4710202309804,516.2134515826816,445.01489903979009,724.4684039401569,458.46475522001517,452.8417344546801,455.58215914268239,9169.758241911604,81.94170705670854,81.94170705670854,1744.000000000001,0.0,1744.000000000001,1744.000000000001,16.0,19.0,19.0,16.0,16.0,12.0,21.0,10.0,1.0,0.0,1088.3581994850663,0.0,0.0,0.0,0.0,0.0,0.0,0.0,0.0,0.0,0.0,81.94170705670854,81.94170705670854,0.3400000000000002,0.7702312233031685,0.3602813740196597,81.94170705670854,0.3542647819438876,0.0,0.033136 
 03/21  16:50:00,8.643333333333333,62.33333333333333,7.17,60.66666666666667,345.33333333333339,0.0,0.0,0.0,2.0,0.0,0.0,0.0,0.0,0.0,4.0,2756.0,0.0,986.0019864718797,28.87631109870737,73.99488994661798,29.564892008992126,786.9187906106776,0.0,28.876311098707356,39.47610652235513,0.0,0.0,20.40564703557758,-886.7552496546141,21.627068895889957,-33.25895447151527,20.60573625871612,-1038.4535226960844,19.644762386928549,311.895482258481,16.356462438055439,36.580216115241089,21.077539152795965,-92.0643647730119,17.80916317232773,182.86859079526085,15.990614894285273,83.24207510006744,17.024751965294635,61.84277525821744,1013.8837734005369,451.9875092242344,0.0,0.0,0.0,0.0,0.0,0.0,0.0,0.0,0.0,0.0,0.0,0.0,0.0,0.0,0.0,0.0,0.0,0.0,0.0,0.0,0.0,0.0,1.0978170259918776,0.335108982293003,208.59152566726363,243.34938564876479,5279.001871315304,0.21938099785077803,0.03348305828003327,130.95108388593247,152.77675077455,3305.532567717504,1.388707693860019,0.26241641985261146,265.2557428860129,309.645030719624,6632.274652207441,0.3292506812131709,0.06221668201307083,279.98617482680847,327.9117483989879,6466.06441189666,0.0,0.0,11.39185140576536,13.52164608527315,179.16230479890033,0.0,0.0,15.556475095436408,18.16253752624732,381.03278176723048,0.0,0.0,238.84145593330349,281.63127851146717,4634.013853686724,0.0,0.0,40.44546806849423,48.05045392182228,615.0668603650731,0.0,0.0,150.495273124559,178.22273877676867,2558.0569023025448,45.47853907203322,31.192413629652426,381.2222836342054,448.0393180536317,8995.522449929269,0.0,0.0,184.87541780604409,218.85221010627647,3185.857629609309,1298.124266790349,21.499042450933865,28.348724941749798,21.75,30.0,0.0,21.459644598230839,28.27526291951774,16.0,30.0,747.4005928863298,21.296205239087237,29.510970567507056,21.25,30.0,0.0,20.337023652794814,31.145690133226397,19.0,30.0,0.0,16.492576550402946,37.779354980970939,12.0,30.0,0.0,21.071656444368395,33.47633945556222,19.0,30.0,0.0,18.395088334182199,33.89991654378039,10.0,30.0,0.0,16.22542204394447,38.70506089923174,16.0,30.0,0.0,17.147647506297063,36.55597786254948,16.0,30.0,0.0,19.25392525957465,0.0,0.0,0.0,17.255127807306509,0.0,0.0,489.67136944621287,482.33424154844729,536.0250084376288,528.0295302638474,452.32150232446016,756.3624468394357,470.20538863986448,463.8367895412784,466.0566955022797,8935.648140883055,82.09649679613546,83.79161245821857,1744.0,0.0,1744.0,1744.0,16.0,19.0,19.0,16.0,16.0,12.0,21.0,10.0,1.0,0.0,1298.124266790349,0.0,747.4005928863298,0.0,0.0,0.0,0.0,0.0,2565.4227982119784,1539253.6789271869,2001210.148364977,82.09649679613546,83.82040114955855,0.34051409327373269,0.7681889810340037,0.36028137401965956,83.82040114955855,0.3542647819438875,2001210.148364977,0.13758648327053434 
 03/21  17:00:00,8.49,63.0,7.0,53.5,314.5,0.0,0.0,0.0,2.0,0.0,0.0,0.0,0.0,0.0,4.0,2756.0,0.0,875.7596408724153,25.258934662158589,64.72541081974502,26.25931055734892,698.9353495129691,0.0,25.258934662158578,34.53087868308832,0.0,0.0,20.7156098577306,-1105.0190989677349,21.623319393619285,-26.303581834781654,20.768911919132486,-1138.2848442926598,19.775345426891588,581.9741694544987,16.37564338858862,36.61802344185956,21.08275743001534,-103.19982200122252,17.833320380744469,192.57372990527029,15.987371744962243,76.82168024830821,17.013810463185679,48.09592299982796,1145.4348517514828,453.5954971034689,0.0,0.0,0.0,0.0,0.0,0.0,0.0,0.0,0.0,0.0,0.0,0.0,0.0,0.0,0.0,0.0,0.0,0.0,0.0,0.0,0.0,0.0,1.2706410438926939,0.3878635665118113,316.97073105804477,369.66890357041435,8224.051593986402,0.26775283335063745,0.0408658170559581,242.47955357722874,282.9810362840914,6213.6239252313,1.2039003584605018,0.22749439880206014,315.35719026561505,367.8627250855594,8096.493382363717,0.319701355944676,0.06041219878017309,323.6239125067985,378.66840857197897,7731.892184915396,0.0,0.0,11.762204631207993,13.959509255520047,188.84908292867258,0.0,0.0,16.98580936704264,19.828444888448428,422.47360228030296,0.0,0.0,236.42819654120764,278.7106685315632,4668.461741734369,0.0,0.0,39.43679717725258,46.84563595270776,610.8136361123477,0.0,0.0,148.05941380190795,175.31280744414458,2554.772375823726,44.99447236279315,30.860406284494624,542.8696240434263,637.1008294393538,13118.66117134353,0.0,0.0,181.43877565197014,214.78384629366003,3159.4088500792556,1826.1479137190489,21.733882778922554,28.31237446620981,22.0,30.0,0.0,21.507039371942996,28.565980443358258,16.0,30.0,0.0,21.502392983899115,29.453473999265794,21.0,30.0,0.0,20.60089315900437,30.92615303511663,19.0,30.0,0.0,16.504714293357165,38.07881733902667,12.0,30.0,0.0,21.115108075017845,33.82315507239108,19.0,30.0,0.0,18.41810307433175,34.28042791006963,10.0,30.0,0.0,16.21296847204607,39.211334597186667,16.0,30.0,0.0,17.123749459133398,37.100687363325217,16.0,30.0,0.0,19.781547951828565,0.0,0.0,0.0,17.186566360729708,0.0,0.0,510.6586418800122,503.6203720240909,550.5651136150038,540.5136856376565,465.8889341034443,776.4158988364735,490.2838148756619,483.1364657651068,487.1050018798086,9974.246733991115,81.409716867863,83.18899522041918,1744.0,0.0,1744.0,1744.0,16.0,19.0,19.0,16.0,16.0,12.0,21.0,10.0,1.0,0.0,1826.1479137190489,0.0,0.0,0.0,0.0,0.0,0.0,0.0,2692.6646519764078,1615598.7911858448,2090541.9451148934,81.409716867863,83.21921327364434,0.3447554883992136,0.7715889580356711,0.36028137401965956,83.21921327364434,0.3542647819438875,2090541.9451148934,0.14261929225708559 
 03/21  17:10:00,8.348333333333333,64.16666666666667,6.925000000000001,46.33333333333333,283.66666666666665,0.0,4.0,0.0,0.0,0.0,0.0,0.0,0.0,0.0,0.0,2068.0,0.0,769.1853850501086,21.6928509602093,55.58737678753219,23.063716361073824,613.8793866736683,0.0,21.692850960209289,29.655771900765058,0.0,0.0,20.51954504337996,-283.9744300132961,21.436568668945477,-474.9977742354987,20.601153830722855,-227.33650350369286,19.79606559524686,-45.85757006031956,16.39697086651365,41.60223278348347,20.814401164304785,-419.89888517157109,17.964497963656357,242.30163353185828,15.98908644077298,83.48876140171987,17.012578787486765,72.7314143859027,805.0530135701115,567.244209171898,0.0,0.0,0.0,0.0,0.0,0.0,0.0,0.0,0.0,0.0,0.0,0.0,0.0,0.0,0.0,0.0,0.0,0.0,0.0,0.0,0.0,0.0,1.2627302921976922,0.3854488071421528,239.87731551605493,280.11441270218838,6077.718385325431,0.2226822319514007,0.03398690963849217,151.43051073475136,176.77338688271713,3826.1397718165646,1.2214499051996799,0.23081063968247926,63.15841309338834,73.71804201040465,1636.7384359635058,0.30676271940816637,0.05796725612399211,25.57281646461985,29.921423617993008,618.8755413939069,0.0,0.0,12.145998723833977,14.408268903431186,198.8628304433903,0.0,0.0,98.12646344392808,114.72657867342557,2389.6231756019944,0.0,0.0,332.6991238001614,391.7008862676098,6803.722986061963,0.0,0.0,40.858516405947437,48.5131239065345,644.3438466349879,0.0,0.0,168.74132771591168,199.71259993232395,2959.0768823965947,44.20469624676703,30.31872170560154,175.6293148197172,206.81045927754904,4504.875830908892,0.0,0.0,204.12930404764863,241.4662607296346,3640.298593386299,637.5526678779465,21.292295753842717,29.149297542584767,21.333333333333337,30.0,0.0,21.205456117279114,29.20118467799316,16.0,30.0,1041.7014687351862,21.382669127740983,29.11338421328078,21.333333333333337,30.0,0.0,20.46807216385152,34.02765442612355,19.0,30.0,0.0,16.523198812313099,38.536866976234417,12.0,30.0,0.0,20.684163101227179,31.07252430850376,16.0,30.0,0.0,18.63790112958056,34.7716029060517,10.0,30.0,0.0,16.212701930460978,39.71137256941056,16.0,30.0,0.0,17.123368006871805,37.6680576095494,16.0,30.0,0.0,18.49598455309252,0.0,0.0,0.0,17.258517800753464,0.0,0.0,512.8124405930993,506.3347542530587,518.5770768599025,707.0936769155326,487.27087036488038,564.8837766085114,538.7590462669839,504.08287907736379,512.6067602005646,4938.295294438389,82.28719634687724,82.28719634687724,162.0,0.0,162.0,162.0,16.0,19.0,16.0,16.0,16.0,12.0,21.0,10.0,1.0,0.0,637.5526678779465,0.0,1041.7014687351862,0.0,0.0,0.0,0.0,0.0,0.0,0.0,0.0,82.28719634687724,82.28719634687724,0.22666666666666669,0.46317497885521866,0.24018758267977304,82.28719634687724,0.236176521295925,0.0,0.003186 
 03/21  17:20:00,8.206666666666667,65.33333333333334,6.85,39.166666666666667,252.83333333333332,0.0,4.0,0.0,0.0,0.0,0.0,0.0,0.0,0.0,0.0,4140.0,0.0,666.8967771474099,18.1814385453953,46.589445527384558,19.996626623743095,532.2437689172432,0.0,18.18143854539529,24.855404912845925,0.0,0.0,20.666601426353546,-1487.2064326115038,21.303943510617758,106.25515155768847,20.39419313538285,-264.3946237363918,19.732992211138524,-41.31076662762558,16.41558021989703,40.57513310471851,20.529100678903839,-308.6849920317915,17.978893536634645,219.7451294988644,15.99620737576436,82.00878958873055,17.02234166727331,65.33519163101285,975.5439632995951,588.9035417260407,0.0,0.0,0.0,0.0,0.0,0.0,0.0,0.0,0.0,0.0,0.0,0.0,0.0,0.0,0.0,0.0,0.0,0.0,0.0,0.0,0.0,0.0,1.2956954411257598,0.3955114289150672,294.36998352232316,343.3849736927757,7689.963331523269,0.2617924351749398,0.03995611037468556,148.76123297786564,173.81532432181545,3790.2681865818988,1.2419986301662327,0.23469361870110229,113.65813056243225,132.67158527823308,2938.796030532718,0.3178147858640695,0.060055704055946599,26.445730615677495,30.956292453702443,640.1251322817176,0.0,0.0,11.767663053702666,13.963932899518442,196.26394760255523,0.0,0.0,84.81404089797086,99.33753246836489,2031.4563694316663,0.0,0.0,324.48820775750729,382.2655449047159,6716.083439585516,0.0,0.0,41.11157667195497,48.832656756633358,660.5318131589189,0.0,0.0,167.39353038143219,198.20373519773353,2986.7796707148575,43.934370109575997,30.13331283235666,225.32453009223603,265.167985488426,5658.944912778178,0.0,0.0,202.70745046401226,239.95869411679127,3650.202606241609,1612.9629810521499,21.495821491201249,28.96901208420336,22.0,30.0,0.0,21.14432657887716,29.468889713428398,16.0,30.0,22.21463275273331,21.248238751600625,29.30518986747643,21.0,30.0,0.0,20.33272480730577,36.33851939242597,19.0,30.0,0.0,16.536341411350106,38.95664110810927,12.0,30.0,0.0,20.33243242948162,31.176817252568627,16.0,30.0,0.0,18.623391558198646,34.61741379653053,10.0,30.0,0.0,16.22126619072702,40.272657377146988,16.0,30.0,0.0,17.137855421780917,38.0626448489227,16.0,30.0,0.0,18.6736757451755,0.0,0.0,0.0,17.209137295200305,0.0,0.0,519.8584741043583,514.0588685730267,514.9187708365849,829.3322763313522,506.50168747639477,531.3961662455688,527.2432013741048,528.5804969744348,531.3144494640523,9345.501044929659,81.82550610046646,82.9622902646968,162.0,0.0,162.0,162.0,16.0,19.0,16.0,16.0,16.0,12.0,21.0,10.0,1.0,0.0,1612.9629810521499,0.0,22.21463275273331,0.0,0.0,0.0,0.0,0.0,1720.422407541892,1032253.4445251344,1338195.2548306268,81.82550610046646,82.98159663366988,0.34068074691806307,0.7697710692030673,0.36028137401965956,82.98159663366988,0.3542647819438875,1338195.2548306268,0.0727811532511926 
 03/21  17:30:00,8.065,66.5,6.775,32.0,222.0,0.0,4.0,0.0,0.0,0.0,0.0,0.0,0.0,0.0,0.0,2760.0,0.0,569.6059444875908,14.728083348273005,37.74029358062574,17.079394149907455,454.596837615798,0.0,14.728083348272998,20.13440654310503,0.0,0.0,20.577632855545955,-1098.4014658602019,21.342690176705898,101.13439621284624,20.778870501384149,-563.3396038486407,19.699657049504354,-10.843873008990898,16.43068462557476,38.75993697086163,20.309127819331598,-251.3036240209716,17.98906774603357,202.13129159654046,15.995298281863239,75.03002985869051,17.016179946385088,46.67294047159453,976.584068065539,611.7662821279284,0.0,0.0,0.0,0.0,0.0,0.0,0.0,0.0,0.0,0.0,0.0,0.0,0.0,0.0,0.0,0.0,0.0,0.0,0.0,0.0,0.0,0.0,1.3583651254029444,0.41464136917061797,297.27261479532435,346.64937411716189,7878.170016122922,0.27917433201811567,0.04260902503328994,170.45676124261807,198.83190023095458,4442.029458740447,1.1273504624892379,0.21302918792313647,106.50771833875143,124.11646640075682,2931.1383991030586,0.3484400564558708,0.06584279222522122,32.85190718980447,38.42492400186453,798.4072289725796,0.0,0.0,11.508844960190736,13.64964020265936,195.3755552006852,0.0,0.0,79.54742379200079,93.20795699143717,1888.9322693580917,0.0,0.0,319.35247820532097,376.05045347751328,6694.183723194727,0.0,0.0,40.57442898338107,48.174171200088057,662.8959756063485,0.0,0.0,166.86438630750053,197.49713363428698,3019.827444490399,43.74296256614356,30.002031938370079,236.30533347004997,277.86899734543058,6076.17552843329,0.0,0.0,201.4822206522087,238.4709703890571,3651.441183905816,1346.5384709735097,21.479773458676083,29.235889883366327,21.75,30.0,0.0,21.291290688031084,29.402961972511514,16.0,30.0,1335.1972991920225,21.802702159408484,28.54719487597871,21.5,30.0,0.0,20.256673609524286,37.079397752129448,19.0,30.0,0.0,16.544608386612717,39.18908544952349,12.0,30.0,0.0,20.078492512541314,31.630286524357865,16.0,30.0,0.0,18.615216167853018,34.68817454254516,10.0,30.0,0.0,16.21560122837396,40.3190185858399,16.0,30.0,0.0,17.124254738337155,38.06109906912134,16.0,30.0,0.0,19.006463773947574,0.0,0.0,0.0,17.123509913433794,0.0,0.0,532.4989694634196,524.1329591374754,525.4168007755169,866.4747918431287,516.4182537849874,527.6475612222105,528.4051128282924,528.4427280822254,528.1826071239998,8517.861867979987,82.37264663206298,84.07063244517723,162.0,0.0,162.0,162.0,16.0,19.0,16.0,16.0,16.0,12.0,21.0,10.0,1.0,0.0,1346.5384709735097,0.0,1335.1972991920225,0.0,0.0,0.0,0.0,0.0,2569.7622404133119,1541857.344247987,1999871.3695212403,82.37264663206298,84.09946988120996,0.34065874134711046,0.768412364443321,0.36028137401965956,84.09946988120996,0.3542647819438875,1999871.3695212403,0.10719731121510448 
 03/21  17:40:00,7.923333333333334,67.66666666666667,6.699999999999999,26.833333333333337,185.0,0.0,4.0,0.0,0.0,0.0,0.0,0.0,0.0,0.0,0.0,2760.0,0.0,474.4863323928779,12.050565108129018,30.87920206537692,14.22726778270485,378.6827682204831,0.0,12.05056510812901,16.47403611344151,0.0,0.0,20.657558572909296,-1055.6901150412328,21.32862696631772,-58.73799871455435,20.67327561542664,-451.4011374038464,19.684569640218635,-29.269606614445168,16.44143757860833,35.14954309699509,20.13219406901681,-221.15494148641734,17.977465963547517,163.48579456899007,15.984793789529645,66.09607619485132,16.992479226749695,21.01604327999962,1033.5264502021346,615.106241137777,0.0,0.0,0.0,0.0,0.0,0.0,0.0,0.0,0.0,0.0,0.0,0.0,0.0,0.0,0.0,0.0,0.0,0.0,0.0,0.0,0.0,0.0,1.3284712251567795,0.4055162469953539,413.6831618008972,482.7852675146349,10942.650500284735,0.25819421274232065,0.039406931126727818,200.8261314696405,234.39240786109048,5281.91755658138,1.2548997093046395,0.23713146434328043,216.66881482798693,252.48336339860908,5854.377252200514,0.3333570524716823,0.0629926403007714,28.56938863993061,33.414802917277729,700.6050894871205,0.0,0.0,11.110239373755345,13.175047221650296,191.7690070367576,0.0,0.0,75.47531826685237,88.47562233406218,1787.7806868153426,0.0,0.0,311.76729456475996,367.12411900903006,6592.791243784597,0.0,0.0,40.33375456897578,47.88647648558032,668.5935234155242,0.0,0.0,163.87943496624758,193.96121578673846,2997.9647726208315,43.294124668041899,29.694187015117906,351.12571644794687,412.45594675448356,8967.673197200229,0.0,0.0,198.06462281092616,234.48411720739106,3599.5848594514775,1680.0992212346496,21.465374223976338,29.477890561098954,22.0,30.0,0.0,21.279345377089216,29.76618222038707,21.0,30.0,1228.4412043952848,21.587258327129818,29.200028594473936,21.5,30.0,0.0,20.21195214780283,37.475617814270389,19.0,30.0,0.0,16.54648784045123,39.355966204800797,12.0,30.0,0.0,19.902033078045397,32.06347462628518,16.0,30.0,0.0,18.566525462453766,34.93966068918906,10.0,30.0,0.0,16.193716947331489,40.464078679838468,16.0,30.0,0.0,17.081081415386273,38.272618501021138,16.0,30.0,0.0,19.320387126436655,0.0,0.0,0.0,17.002845771495637,0.0,0.0,541.8597819085345,540.6995622056493,539.3423401200697,884.8749891001721,522.3460243696675,529.9495250989859,532.7087394504447,529.8721633910823,530.414979198298,9505.122057845552,81.71996732287741,83.42985811909048,162.0,0.0,162.0,162.0,21.0,19.0,16.0,16.0,16.0,12.0,21.0,10.0,1.0,0.0,1680.0992212346496,0.0,1228.4412043952848,0.0,0.0,0.0,0.0,0.0,2587.7615739025306,1552656.9443415183,2013397.089543004,81.71996732287741,83.45889774125807,0.3412587191300843,0.7709736596307715,0.36028137401965956,83.45889774125807,0.3542647819438875,2013397.089543004,0.10790964865623623 
 03/21  17:50:00,7.781666666666666,68.83333333333333,6.625,21.666666666666669,148.00000000000004,0.0,4.0,0.0,0.0,0.0,0.0,0.0,0.0,0.0,0.0,2760.0,0.0,354.5587476601489,9.46874692714107,24.263350300237815,10.63128942646394,282.9697528985391,0.0,9.468746927141064,12.944494920120741,0.0,0.0,20.62837141847986,-1036.5012636958073,21.341740726971645,-154.71240965946789,20.67062739111504,-396.91744552314369,19.676371131931576,-34.982818823761309,16.44761475938114,33.514767928092059,19.965898957666867,-196.88827858412845,17.936838086331,164.56550302832557,15.97112210618182,60.31185607720249,16.96424743870853,8.189469994056708,999.51597040059,648.528025076753,0.0,0.0,0.0,0.0,0.0,0.0,0.0,0.0,0.0,0.0,0.0,0.0,0.0,0.0,0.0,0.0,0.0,0.0,0.0,0.0,0.0,0.0,1.3256320098599018,0.4046495756593107,371.5402762085704,433.6636291523964,9739.4753774014,0.25485789236330017,0.03889772471967341,136.616879168323,159.22107086005048,3652.238717667727,1.2865268204128762,0.24310786477945513,197.71133694222258,230.49448435000449,5366.084482458535,0.33185264101655068,0.06270835998045173,27.90649284775378,32.651260724820129,690.9485432148879,0.0,0.0,10.849820601550427,12.863810383899203,190.2694154949653,0.0,0.0,71.90372642148914,84.30845905219978,1703.4031786541989,0.0,0.0,310.1961744283859,365.3575872732722,6584.857976356655,0.0,0.0,40.23705742293569,47.76985907961642,676.3319860345298,0.0,0.0,165.48986579873253,195.89263745418507,3059.528063354282,42.88489011786201,29.41350488193554,306.86400175430597,360.2931051985284,7962.183609764419,0.0,0.0,199.59313235854166,236.36735473633713,3644.0998012332099,1043.1624391279298,21.159422983378389,30.38470155585633,21.5,30.0,510.80968015297295,21.268529621743924,30.128933191881097,21.25,30.0,859.0496362024594,21.472755198378026,29.798146479955468,21.25,30.0,0.0,20.186365222457316,37.828943068897107,19.0,30.0,0.0,16.54405314031367,39.5333104598878,12.0,30.0,0.0,19.759485821015774,32.498038994267627,16.0,30.0,0.0,18.462441299035619,35.38492424881036,10.0,30.0,0.0,16.168452789557415,40.69309215116271,16.0,30.0,0.0,17.035782311791306,38.560577895758,16.0,30.0,0.0,19.14575482829692,0.0,0.0,0.0,16.90086877697785,0.0,0.0,557.6887808777754,556.242101968732,557.5888750135105,901.0680147203835,527.7896716330299,535.2983517823666,540.5043749771388,534.0593454859497,535.5319669679416,8879.94734062035,82.13309486344528,84.13125206468925,162.0,0.0,162.0,162.0,21.0,19.0,16.0,16.0,16.0,12.0,21.0,10.0,1.0,0.0,1043.1624391279298,510.80968015297295,859.0496362024594,0.0,0.0,0.0,0.0,0.0,3023.50110054003,1814100.660324018,2352702.3290794885,82.13309486344528,84.16518740739305,0.355783370018001,0.7687874120908778,0.36028137401965956,84.16518740739305,0.3542647819438875,2352702.3290794885,0.1256075211121334 
 03/21  18:00:00,7.64,70.0,6.55,16.5,111.0,0.0,4.0,0.0,0.0,0.0,0.0,0.0,0.0,0.0,0.0,2760.0,0.0,246.39666465184588,6.990308642730585,17.912417606615226,7.388095480008856,196.64667616408759,0.0,6.990308642730581,9.55628188314279,0.0,0.0,20.90840713626501,-797.9057591121148,21.62750533974608,-571.005570330025,20.655399823934308,-38.66995974111353,19.683205873195449,-8.957949444271435,16.450410520191015,32.88775539383661,19.79396274667011,-170.31399153515339,17.98429097948678,185.45110706615834,15.9514250159195,53.00453066786372,16.92469779773381,-11.05776590794926,847.807778483889,698.3385603140887,0.0,0.0,0.0,0.0,0.0,0.0,0.0,0.0,0.0,0.0,0.0,0.0,0.0,0.0,0.0,0.0,0.0,0.0,0.0,0.0,0.0,0.0,1.3006226114151319,0.39701544914991818,234.47743561789845,272.9726876324156,6489.013326482778,0.2278612326867016,0.03477735541616325,93.05468473025752,108.29250444121996,2595.9174801665815,1.3685035424021333,0.25859855298604197,154.23841008653583,179.70084755050207,4201.577574874276,0.39627751721049406,0.07488237286668441,38.26805031070232,44.77023095144845,956.73640025241,0.0,0.0,10.88884388218398,12.909307260074101,193.86002935566968,0.0,0.0,68.59942664700955,80.47678023131062,1624.6188488894418,0.0,0.0,315.4410117112627,371.34285320613437,6838.482402794552,0.0,0.0,40.855543071569417,48.49926846833648,695.3802402222966,0.0,0.0,169.9856198447314,201.1945513491336,3168.8795831905265,42.82179324046124,29.37022855998714,169.85025232342935,199.68285323960286,4658.778384126585,0.0,0.0,204.3896649746205,242.05613433748716,3748.460872526273,1253.4821477671042,21.706372162566649,29.74116306517595,21.75,30.0,679.4244255699645,21.87107543136129,29.482638649228016,21.5,30.0,0.0,21.436213390594138,30.067344722942268,21.0,30.0,0.0,20.186958141534924,37.455800079288618,19.0,30.0,0.0,16.53697942516805,39.761971744241289,12.0,30.0,0.0,19.60676129568066,33.018500380959398,16.0,30.0,0.0,18.554034741463256,35.4362512855053,10.0,30.0,0.0,16.13287762322193,41.00985424695402,16.0,30.0,0.0,16.9715314411731,38.945425608215547,16.0,30.0,0.0,18.588166401182357,0.0,0.0,0.0,16.796758361092757,0.0,0.0,573.9658912450145,576.6659376935161,565.8781030013969,874.3921344241251,534.3037618396126,542.9261783934721,549.1382950991397,540.5451544773188,542.5110403801202,6462.309738994794,82.15564339448348,82.15564339448348,162.0,0.0,162.0,162.0,21.0,19.0,16.0,16.0,16.0,12.0,21.0,10.0,1.0,0.0,1253.4821477671042,679.4244255699645,0.0,0.0,0.0,0.0,0.0,0.0,0.0,0.0,0.0,82.15564339448348,82.15564339448348,0.255,0.5758223442175239,0.27021103051474468,82.15564339448348,0.2656985864579156,0.0,0.003321 
 03/21  18:10:00,7.534999999999999,70.5,6.555,11.33333333333333,73.99999999999999,0.0,0.0,0.0,0.0,0.0,0.0,4.0,0.0,0.0,0.0,1382.0,0.0,151.6330198034554,4.647839757489358,11.909912868594877,4.5466486997693249,121.01676666121425,0.0,4.647839757489355,6.353949323315763,0.0,0.0,20.553151941182195,-628.285968691127,21.370190356940595,-152.8939410265446,20.834011741623116,-2177.3774896194456,19.77760544377452,495.777001789349,16.45159106163959,29.715241000518178,19.64393894731325,-129.8720635458983,17.870510902987286,71.52002731734229,15.936947524988123,52.94245901416821,16.8956826503247,-2.2068734393224078,997.5138789880575,739.8452861588166,0.0,0.0,0.0,0.0,0.0,0.0,0.0,0.0,0.0,0.0,0.0,0.0,0.0,0.0,0.0,0.0,0.0,0.0,0.0,0.0,0.0,0.0,1.4549991354798844,0.44413893024416498,274.1528369707061,319.31145285684979,7431.9169807635839,0.16097853696174728,0.02456937377316045,26.621394247075746,30.93608703355808,739.2695332876014,1.2892596160109596,0.24362426606405136,436.63015044234876,507.4809008306591,12174.568538441225,0.32549297302212357,0.06150660865875347,314.9058915866667,367.9096703315456,8029.406327513247,0.0,0.0,9.89752295353919,11.72289441968365,178.12657873867114,0.0,0.0,66.49122956390346,77.9421209923062,1573.868082596729,0.0,0.0,304.6692580974983,358.6120297217026,6526.244214831573,0.0,0.0,39.57896277729442,46.94258089500839,680.1933185875955,0.0,0.0,171.8042459721754,203.17931227068238,3226.0225664861934,42.46140292146082,29.123047271235138,433.30875745690289,508.00260579244937,10909.3436871099,0.0,0.0,205.7063033882555,243.43862612808847,3788.4008238763656,1053.4479860887289,21.149531180520215,31.027715370847504,21.5,30.0,0.0,21.602488217536608,33.495072756337247,21.0,30.0,2857.151047086185,21.629426203347227,31.732474522219449,21.5,30.0,0.0,20.465165364593113,32.0739113842431,16.0,30.0,0.0,16.528055554207634,39.99314331292225,12.0,30.0,0.0,19.49112575577015,33.49603791628179,16.0,30.0,0.0,18.302561015927937,36.10413272578326,10.0,30.0,0.0,16.109132028969787,41.24363027410554,16.0,30.0,0.0,16.93198074966972,39.180523401195788,16.0,30.0,0.0,19.051227301163509,0.0,0.0,0.0,16.731031768299986,0.0,0.0,584.1203749359909,780.4676475766001,698.2698098247888,573.5218487359953,540.7595757884471,552.79815426749,552.8658117580668,545.6471942482367,546.9657206110903,8064.847414307964,82.6722971923076,82.67229719230761,240.0,0.0,240.0,240.0,21.0,16.0,16.0,16.0,16.0,12.0,21.0,10.0,1.0,0.0,1053.4479860887289,0.0,2857.151047086185,0.0,0.0,0.0,0.0,0.0,0.0,0.0,0.0,82.6722971923076,82.6722971923076,0.34,0.7706636183266175,0.36028137401965956,82.6722971923076,0.3542647819438875,0.0,0.005 
 03/21  18:20:00,7.43,71.0,6.5600000000000009,0.0,0.0,0.0,0.0,0.0,0.0,0.0,0.0,4.0,0.0,0.0,0.0,1382.0,0.0,0.0,0.0,0.0,0.0,0.0,0.0,0.0,0.0,0.0,0.0,20.504774961541295,-134.32184665894784,21.288904766406639,-105.66584720165634,21.106268131132027,-2242.0496079045617,19.98598282039681,622.6242834888744,16.44708777910499,30.776859075035959,19.477097264651094,-119.79309054864314,17.829429532324697,143.7250595650121,15.908973864832405,38.494132703063318,16.839989065004404,-45.33650960938439,1113.0279903163956,781.9970673946764,0.0,0.0,0.0,0.0,0.0,0.0,0.0,0.0,0.0,0.0,0.0,0.0,0.0,0.0,0.0,0.0,0.0,0.0,0.0,0.0,0.0,0.0,1.5029546024192966,0.4587773511658415,230.73313454589718,268.79773617412419,6227.95270823445,0.2069757585703256,0.03158970674150269,21.354058802252387,24.798151074907208,599.298649781784,1.3203729621211476,0.24950358316726155,437.59094703703149,507.96190639711196,12544.233526483084,0.3356975723553639,0.06343491541106648,323.51762422306617,377.3261483523628,8552.556671249924,0.0,0.0,10.434963578625922,12.357914331884923,189.72780714379139,0.0,0.0,60.49189407065236,70.91414701968732,1430.7353955217528,0.0,0.0,308.4085709023364,363.0081525358937,6639.488653510675,0.0,0.0,39.920844993463138,47.35041134241057,690.5717595508934,0.0,0.0,176.06522834815477,208.26631781214253,3311.1582026571088,42.876639965556268,29.407846341259455,428.8148431883779,501.8935926670713,11316.00635223307,0.0,0.0,210.40852671611436,249.06621013435638,3876.420326980791,127.60464829394032,21.051631927901498,31.367918165161656,21.0,30.0,0.0,21.592294099483646,36.664298128230829,21.0,30.0,2782.829436300346,22.00503375750373,30.691334605749899,22.0,30.0,0.0,20.844255417527469,31.494611814610303,16.0,30.0,0.0,16.51615997580475,40.27231467648788,12.0,30.0,0.0,19.376094228970385,34.08715648746,16.0,30.0,0.0,18.255452764839928,36.59492573740262,10.0,30.0,0.0,16.060087097606755,41.65141963081328,16.0,30.0,0.0,16.83974812929504,39.72797094336511,16.0,30.0,0.0,19.49419985744501,0.0,0.0,0.0,16.623570943305695,0.0,0.0,593.8950941624789,963.5587855124704,670.7574138299322,579.2137159190754,549.2554068845518,568.9340465496817,569.6118433212939,554.5011828485558,557.8797622672139,8155.760099143508,82.6120612704381,82.6120612704381,240.0,0.0,240.0,240.0,21.0,16.0,16.0,16.0,16.0,12.0,21.0,10.0,1.0,0.0,127.60464829394032,0.0,2782.829436300346,0.0,0.0,0.0,0.0,0.0,0.0,0.0,0.0,82.6120612704381,82.6120612704381,0.34,0.7669214241898681,0.36028137401965956,82.6120612704381,0.3542647819438875,0.0,0.00504 
 03/21  18:30:00,7.324999999999999,71.5,6.5649999999999999,0.0,0.0,0.0,0.0,0.0,0.0,0.0,0.0,4.0,0.0,0.0,0.0,2764.0,0.0,0.0,0.0,0.0,0.0,0.0,0.0,0.0,0.0,0.0,0.0,20.885526563144155,-796.2449300332264,21.238325647266508,-104.49687477297144,20.884494241774868,-1150.1783973211005,20.01520848676196,322.55216721354909,16.448059654656605,27.484494301865469,19.334078997330474,-138.09325490326513,17.84140144126186,173.7709703639798,15.889853602461863,31.668621243588576,16.803288735395307,-59.83412153790982,1062.5516252812336,750.9751706327043,0.0,0.0,0.0,0.0,0.0,0.0,0.0,0.0,0.0,0.0,0.0,0.0,0.0,0.0,0.0,0.0,0.0,0.0,0.0,0.0,0.0,0.0,1.451563208361093,0.4430901124423361,274.153336176872,319.20125120960827,7795.163663677824,0.1908460024194893,0.029127900247174804,22.29784529294736,25.945073827113299,629.2558180993451,1.4480458247399393,0.2736292185827551,395.0290482235814,460.3430331071005,10983.897493827928,0.33729363646520429,0.06373651482713608,231.47895215230938,270.1499790437715,6169.442955688059,0.0,0.0,10.454214968075235,12.389803639335846,191.99339005365483,0.0,0.0,65.17417231084409,76.52405103009937,1537.4886717772252,0.0,0.0,304.88932814405328,359.10667205713426,6639.525370487035,0.0,0.0,39.29152581254564,46.64117045419398,685.4316299538095,0.0,0.0,165.7541643168081,196.2358327858473,3135.7610294144467,42.71459913818761,29.296707227837879,378.61113562464097,444.25163021361086,10081.529588399004,0.0,0.0,198.87264501384574,235.76626498059444,3613.8955720470296,1422.1135788522732,21.78156046205499,30.619714337556176,21.75,30.0,0.0,21.584715185832175,37.78672590581253,21.0,30.0,1582.795274199064,21.49085159308741,31.295871571740393,21.5,30.0,0.0,20.813387358319639,32.77086455165286,16.0,30.0,0.0,16.504880577870055,40.55657349986175,12.0,30.0,0.0,19.232732613382745,34.632119777183927,16.0,30.0,0.0,18.279838736198184,36.90204188813608,10.0,30.0,0.0,16.029646090445128,42.065967068820658,16.0,30.0,0.0,16.791984841693905,40.198546946031168,16.0,30.0,0.0,19.33159981619204,0.0,0.0,0.0,16.38974441695308,0.0,0.0,632.0663902307366,1023.4729308970792,640.4834645919384,653.3052721028032,558.6984897740947,579.9263401712648,584.8305596885949,567.2942902147463,572.4069399334583,9150.65003512233,81.9542741503375,83.75793492226437,240.0,0.0,240.0,240.0,21.0,16.0,16.0,16.0,16.0,12.0,21.0,10.0,1.0,0.0,1422.1135788522732,0.0,1582.795274199064,0.0,0.0,0.0,0.0,0.0,2729.5250256696797,1637715.0154018077,2123777.644038194,81.9542741503375,83.78856706991452,0.34598416752232266,0.7701648292544614,0.36028137401965956,83.78856706991452,0.3542647819438875,2123777.644038194,0.11551643748998608 
 03/21  18:40:00,7.22,72.0,6.57,0.0,0.0,0.0,0.0,0.0,0.0,0.0,0.0,4.0,0.0,0.0,0.0,6219.0,0.0,0.0,0.0,0.0,0.0,0.0,0.0,0.0,0.0,0.0,0.0,20.843988672609343,-506.82233448975549,21.19875975286722,-122.23921162730029,20.90939976658096,-1432.5041465734933,19.981186919532655,406.3762334275143,16.452848010282336,26.77728034918395,19.209195167494408,-114.27314057918028,17.85837032365901,128.28720459389019,16.913606860907878,-32.69308819993417,16.74627753270824,-87.35144314099074,1005.4591195739628,785.0305916220459,0.0,0.0,0.0,0.0,0.0,0.0,0.0,0.0,0.0,0.0,0.0,0.0,0.0,0.0,0.0,0.0,0.0,0.0,0.0,0.0,0.0,0.0,1.4530349375240206,0.4435393582185665,156.58099375968815,182.49292227712528,4430.393430270234,0.18301900928578727,0.02793330422554757,22.969509202153458,26.738910593488919,651.7034315387705,1.420481737113755,0.26842058524447445,320.69846039406436,373.4366276928114,9118.722622779118,0.34447548877147329,0.06509362977541079,295.56280071882227,345.21689091323318,7880.206624802739,0.0,0.0,10.302194612922273,12.214844258603485,191.25916193003625,0.0,0.0,60.29698024902061,70.84972865375348,1421.0411734811426,0.0,0.0,297.1383237520407,350.14696983235697,6528.438441743036,0.0,0.0,22.938476023497129,27.14079029903094,462.83437784023217,0.0,0.0,180.71606685450903,214.0916641624113,3426.256893055019,42.637044660392628,29.243514856236439,316.21528185520568,371.356119747975,8466.780217808913,0.0,0.0,197.49357865578333,234.32684284048006,3594.0367320995958,801.7002160021168,21.502354619128803,31.438784991622165,21.444444444444487,30.000000000000065,0.0,21.566299891555503,38.39462818550489,21.000000000000044,30.000000000000065,1611.4642448722389,21.599362251714184,30.782590438428188,21.44444444444449,30.000000000000065,0.0,20.74861030116376,32.56153122657304,16.000000000000033,30.000000000000065,0.0,16.501445497890165,40.900586704672949,12.000000000000029,30.000000000000065,0.0,19.11465196311738,35.193656247247179,19.000000000000044,30.000000000000065,0.0,18.274551961260767,37.37245996610187,10.000000000000022,30.000000000000065,1337.7245383041469,17.62274857751445,38.40061670714793,20.700000000000047,30.000000000000065,0.0,16.7067402902401,40.88930113782766,16.000000000000033,30.000000000000065,0.0,19.07303714397918,0.0,0.0,0.0,16.296738630980689,0.0,0.0,642.5102011590627,1048.7296673702736,613.9121284203251,624.0958614761918,570.9827678161569,592.7152691588838,603.48125733289,581.180717537168,590.1049953505045,9632.341570782895,81.63579985133829,83.26176624924418,240.0000000000005,0.0,240.0000000000005,240.0000000000005,21.0,16.0,19.0,16.0,19.7,12.0,21.0,10.0,1.0,0.0,801.7002160021168,0.0,1611.4642448722389,0.0,0.0,0.0,1337.7245383041469,0.0,2460.579144613796,1476347.4867682732,1923200.231282771,81.63579985133829,83.28938055651862,0.3464637492649049,0.7696897726888414,0.36028137401966039,83.28938055651862,0.3542647819438883,1923200.231282771,0.10512641202670409 
 03/21  18:50:00,7.115,72.5,6.574999999999999,0.0,0.0,0.0,0.0,0.0,0.0,0.0,0.0,4.0,0.0,0.0,0.0,4146.0,0.0,0.0,0.0,0.0,0.0,0.0,0.0,0.0,0.0,0.0,0.0,20.86480041512492,-574.6519339825746,21.15177939029647,-129.7661049990723,20.85879778483213,-1342.2763484060113,19.974862592787376,358.72135734782776,16.45918404688963,25.3818284847212,19.379058324298876,-141.54333774325625,17.826494922463,99.00469633968216,18.152474945146684,-127.54218849339368,16.677478610388279,-97.18651507551889,999.9517777227966,867.2391103751046,0.0,0.0,0.0,0.0,0.0,0.0,0.0,0.0,0.0,0.0,0.0,0.0,0.0,0.0,0.0,0.0,0.0,0.0,0.0,0.0,0.0,0.0,1.4328402855026552,0.4373749345246194,165.0892001008437,192.3117223621793,4696.179846197672,0.17154877259590019,0.026182657600106828,23.734358012444426,27.623480810260089,676.1166600637608,1.4205045465674103,0.26842489542090117,302.72143403042619,352.38745385001649,8650.859365418311,0.3397784566109675,0.06420605756065136,281.2968447190415,328.45364120504,7545.060327733239,0.0,0.0,10.29135446531526,12.19737214567137,193.18953991384655,0.0,0.0,61.3799080064026,72.04935819905455,1475.4350797712146,0.0,0.0,295.4409497022428,348.08828816064905,6510.847773656371,0.0,0.0,29.936994545681296,35.061376614051528,751.2142716346909,0.0,0.0,197.37830898297546,233.83659968306919,3744.055857354276,42.50838191455905,29.155268802852544,300.7010298867416,353.11369827221486,8097.005260029417,0.0,0.0,203.4083680824497,241.27911302372929,3723.878416306604,868.0205371270386,21.50932790831802,31.50847327359883,21.499999999999969,29.999999999999959,0.0,21.52857241422152,38.669791107155258,20.99999999999997,29.999999999999959,1882.6903909506589,21.545715547403228,30.897116814460305,21.499999999999969,29.999999999999959,0.0,20.717517774800606,32.61887251798045,15.999999999999977,29.999999999999959,0.0,16.50074610840468,41.31282820869353,11.999999999999983,29.999999999999959,587.6050375060545,19.22559498975317,35.358255918385598,19.333333333333309,29.999999999999959,0.0,18.201222923878267,37.84070663943519,9.999999999999986,29.999999999999959,1283.917748073306,19.70206211514403,34.04133347418552,20.69999999999997,29.999999999999959,0.0,16.60330274490122,41.5680744355582,15.999999999999977,29.999999999999959,0.0,18.939213739880374,0.0,0.0,0.0,16.24608331265889,0.0,0.0,641.5626334621375,1052.2633612124915,607.87619204262,617.0125626091569,585.7096438580876,609.5359269716137,613.8722433199429,596.4011332384223,604.3838940781883,10228.139092942636,81.24179173268638,84.82598566450079,239.99999999999967,0.0,239.99999999999967,239.99999999999967,21.0,16.0,19.0,16.0,19.7,12.0,21.0,10.0,1.0,0.0,868.0205371270386,0.0,1882.6903909506589,0.0,587.6050375060545,0.0,1283.917748073306,0.0,5424.081701243788,3254449.0207462778,4231132.566593926,81.24179173268638,84.88685717617028,0.3508027233747927,0.7674429105109618,0.360281374019659,84.88685717617028,0.354264781943887,4231132.566593926,0.22512556012955085 
 03/21  19:00:00,7.01,73.0,6.58,0.0,0.0,0.0,0.0,0.0,0.0,0.0,0.0,4.0,0.0,0.0,0.0,2764.0,0.0,0.0,0.0,0.0,0.0,0.0,0.0,0.0,0.0,0.0,0.0,20.883003655177789,-907.025810679239,21.105577027283546,-136.41077283307988,20.78889968878145,-632.1350310059493,19.931998333048335,178.34389508811865,16.46809950399156,27.31892048148171,19.65581541885445,-276.78685589433737,17.839697050356017,143.13232242792948,18.692832400394275,-222.3608128854034,16.628488841684278,-65.7629910319788,972.5760186646248,982.5840971340233,0.0,0.0,0.0,0.0,0.0,0.0,0.0,0.0,0.0,0.0,0.0,0.0,0.0,0.0,0.0,0.0,0.0,0.0,0.0,0.0,0.0,0.0,1.3887283042579433,0.42390973878447599,189.4318658461824,220.5018255471212,5360.752590905276,0.1643897517691716,0.025090010953780767,25.123852550922039,29.220154869737607,718.4415874153675,1.4989425208974255,0.28324688603503897,255.1837663143955,297.28327097939998,7233.873259570568,0.33607381447799658,0.06350601180612178,242.8286312052893,283.6730354794388,6520.571970421005,0.0,0.0,11.055170059651504,13.095801172341414,209.9393049512912,0.0,0.0,79.56634638663799,93.15211019867427,2023.0635121263629,0.0,0.0,317.08015993742097,373.36367402427609,7070.371146597625,0.0,0.0,41.9898035229245,49.05146550820495,1118.6271979686197,0.0,0.0,209.45828248278668,248.08949958673396,3991.541875326545,42.37950822719708,29.0668780707799,259.7234322990825,305.23862151920278,7056.6962978224469,0.0,0.0,215.1086879637149,254.96991971374249,4014.7173141932728,1002.9847811506554,21.43181727188462,31.662065973160638,21.5,30.0,0.0,21.487627274677594,38.80916763097405,21.0,30.0,952.3709027534419,21.328898794831554,31.62697758486228,21.25,30.0,0.0,20.624178732056519,32.86722287828191,16.0,30.0,0.0,16.505471478077135,41.66695094741429,12.0,30.0,334.11870424015856,19.884896094016157,34.23274027677652,19.5,30.0,0.0,18.229212802577576,37.99414732923883,10.0,30.0,826.6205130316121,20.522891741312223,32.69961357534504,20.45,30.0,0.0,16.54012333978694,41.98126397028885,16.0,30.0,0.0,18.785798232334967,0.0,0.0,0.0,16.321177111115909,0.0,0.0,637.9056308520425,1049.4244424779759,624.1770624516895,616.4555665012572,598.3397322231374,621.8602842599399,621.9192904489107,611.1607517010168,612.3604550148037,10667.638631658017,80.95108329165859,84.7062235099774,240.0,0.0,240.0,240.0,21.0,16.0,19.0,16.0,19.7,12.0,21.0,10.0,1.0,0.0,1002.9847811506554,0.0,952.3709027534419,0.0,334.11870424015856,0.0,826.6205130316121,0.0,5682.477423763688,3409486.4542582135,4415538.741876079,80.95108329165859,84.76999825709447,0.3594159141254563,0.7684656353066381,0.36028137401965956,84.76999825709447,0.3542647819438875,4415538.741876079,0.23470134791088946 
 03/21  19:10:00,6.951666666666666,73.0,6.636666666666667,0.0,0.0,0.0,0.0,1.0,2.0,0.0,0.0,4.0,0.0,0.0,0.0,3455.0,0.0,0.0,0.0,0.0,0.0,0.0,0.0,0.0,0.0,0.0,0.0,21.022329484040634,-1426.5442053052278,21.065419491698813,-117.55254362758893,20.85072313280496,-321.37462912404848,19.843095027165654,327.84268870598796,16.479146032912224,25.255241581969384,19.48302937661246,-61.99591499005301,17.795823486839177,51.36442492696151,18.56031477268914,-178.32117943740543,16.604981986059366,-79.08925649378162,993.055553636055,958.2380792777261,0.0,0.0,0.0,0.0,0.0,0.0,0.0,0.0,0.0,0.0,0.0,0.0,0.0,0.0,0.0,0.0,0.0,0.0,0.0,0.0,0.0,0.0,1.381614659444429,0.42173829653370856,256.8100018695585,298.74997542994478,7457.625568189133,0.18474823790855378,0.02819722800802103,22.009702225245,25.60317815909132,631.6350298574281,1.5090263868596464,0.285152378469321,276.4863738195548,322.33582755437046,7779.943361815941,0.3597643094053536,0.06798267373494965,293.76808052529108,343.28694570914856,7845.854036143975,0.0,0.0,10.649116779417412,12.615341925302778,203.59661454155219,0.0,0.0,14.243615250898248,16.68846139732232,357.75817359758909,0.0,0.0,254.01633136452598,299.2357295313434,5642.677767324019,0.0,0.0,38.754094537377088,45.34842988889528,1003.2879606999599,0.0,0.0,206.58319594562546,244.71897726059175,3950.8750707887486,42.49900260678633,29.148835807123697,290.2525069020967,341.1750518492511,7801.097108885311,0.0,0.0,211.7458373094267,251.0936086515006,3931.7061529013028,1791.434301278212,21.695632007917579,30.873251667871569,22.0,30.0,0.0,21.454779260614616,39.08237260232861,21.0,30.0,0.0,21.202903248386606,31.744127068712645,21.0,30.0,0.0,20.501007024421697,33.29291686520691,16.0,30.0,0.0,16.513799453739414,41.912462098805317,12.000000000000002,30.0,0.0,19.657068807845044,36.19745095151041,19.0,30.0,0.0,18.127237962160586,38.275329524888288,10.0,30.0,805.8223460808333,20.06020021195791,34.583437979841168,20.3,30.0,0.0,16.5169383334715,42.284614094987848,16.0,30.0,0.0,18.792432905720298,0.0,0.0,0.0,16.21382583932146,0.0,0.0,617.5707327851185,1057.9264290146662,613.754311635081,623.5070846077499,606.907895332082,711.1041388161004,619.0551696537724,663.1481456558711,619.6546245777755,9710.898498965476,81.58386775796359,82.93631387198879,270.0,0.0,270.0,270.0,21.0,16.0,19.0,16.0,19.7,12.0,21.0,10.0,1.0,0.0,1791.434301278212,0.0,0.0,0.0,0.0,0.0,805.8223460808333,0.0,2046.825096264653,1228095.0577587919,1589045.513849775,81.58386775796359,82.9592828968179,0.3402275032088218,0.7690229591111957,0.36028137401965956,82.9592828968179,0.35426478194388757,1589045.513849775,0.08834536672018834 
 03/21  19:20:00,6.8933333333333339,73.0,6.693333333333334,0.0,0.0,0.0,0.0,1.0,2.0,0.0,0.0,4.0,0.0,0.0,0.0,691.0,0.0,0.0,0.0,0.0,0.0,0.0,0.0,0.0,0.0,0.0,0.0,21.054527565158606,-1651.2308738711946,21.019558270269088,-132.98891889095592,20.445998104225965,44.41144623457512,19.751996232062348,258.4723260025494,16.488281233062226,23.34216834404566,19.418262611610979,-59.42053827454686,17.7205243698224,77.41491615398627,18.969838755623696,-264.18407331109986,16.56558830976561,-65.95211650917099,964.1510448573899,1008.4276484068896,0.0,0.0,0.0,0.0,0.0,0.0,0.0,0.0,0.0,0.0,0.0,0.0,0.0,0.0,0.0,0.0,0.0,0.0,0.0,0.0,0.0,0.0,1.3697247673186728,0.4181089033329282,289.15554664193567,335.4139082332563,8400.371754778695,0.16390691635739375,0.025016318125365347,24.08582245221369,27.904331082793168,690.8773529506316,1.547642598850404,0.2924494706822382,249.35063217868578,289.86769520248239,6959.638660599508,0.35454974451739848,0.06699730622021889,265.8368128709772,309.73378409549488,7044.966331233301,0.0,0.0,10.387935770051929,12.263773252420464,199.98627977462085,0.0,0.0,13.57814892790972,15.84815400128112,340.8003042650022,0.0,0.0,250.16798287292995,293.8310316918875,5524.482013571178,0.0,0.0,44.88891110078482,52.217479702797678,1224.8475248173796,0.0,0.0,206.33392036285313,243.62252070856386,3950.896558237067,42.41431347479935,29.090749982715616,262.39142760268546,307.56517668647,7065.409672208844,0.0,0.0,212.00821515913203,250.56665989414726,3945.9710308128744,1913.4834170136756,21.635306159705374,31.03249663141856,22.0,30.0,0.0,21.403080359119796,39.28199916685512,21.0,30.0,229.72810684294329,21.005666449904948,32.15239140342144,21.0,30.0,0.0,20.32664587980379,33.7115724258275,16.0,30.0,0.0,16.519289852020486,42.19761722567084,12.0,30.0,0.0,19.580743633657787,38.682015031020878,19.0,30.0,0.0,17.994372348954014,38.6888094023955,10.0,30.0,905.474120443345,20.744295800443145,33.583120444830559,20.7,30.0,0.0,16.46543943703451,42.68993003365191,16.0,30.0,0.0,18.59916292729525,0.0,0.0,0.0,16.174357770988565,0.0,0.0,618.4082541801868,1060.4124090857138,612.6370295327553,624.0871551497236,615.2537984232013,852.2114793631483,620.54976056101,681.8583737361184,628.2328874428087,10606.215041304762,80.99177884500543,87.88296478556203,270.0,0.0,270.0,270.0,21.0,16.0,19.0,16.0,19.7,12.0,21.0,10.0,1.0,0.0,1913.4834170136756,0.0,229.72810684294329,0.0,0.0,0.0,905.474120443345,0.0,10429.094396239258,6257456.637743554,8098587.436314755,80.99177884500543,88.0,0.3476364798746419,0.7726602555014208,0.36028137401965956,88.0,0.3542647819438875,8098587.436314755,0.4267965466883673 
 03/21  19:30:00,6.835,73.0,6.75,0.0,0.0,0.0,0.0,1.0,2.0,0.0,0.0,4.0,0.0,0.0,0.0,2764.0,0.0,0.0,0.0,0.0,0.0,0.0,0.0,0.0,0.0,0.0,0.0,20.904835231331775,-893.0754381816289,20.995468840293996,-98.87524346179737,21.101072757611825,-1542.8479830850675,19.920832566777123,611.5609891978174,16.496103091797289,22.725690068357339,19.374773601581823,-62.70647402220854,17.717708654848257,110.29218775441677,18.655750747829936,-187.50015433824428,16.535006843148787,-102.94116373260272,1115.1289908714358,970.9263823165552,0.0,0.0,0.0,0.0,0.0,0.0,0.0,0.0,0.0,0.0,0.0,0.0,0.0,0.0,0.0,0.0,0.0,0.0,0.0,0.0,0.0,0.0,1.4207451178450084,0.43368288090506976,289.2678918693344,336.72090808745096,8356.076686062317,0.21421038292220843,0.03269389238739445,18.849137148240126,21.930126161379357,544.4727994253351,1.4098125633772596,0.2664044904341005,405.99013609491217,472.1814321208439,11949.246223764516,0.36933489087325346,0.0697911736344016,345.29044209783458,402.99963154951157,9433.586899529873,0.0,0.0,10.853846476051804,12.848891471940727,210.1675513969281,0.0,0.0,15.152899798693298,17.74038052783222,380.7822287281517,0.0,0.0,247.34186838015837,291.32333133264816,5489.950362777355,0.0,0.0,42.13464318978076,49.299337689881479,1093.4867691584289,0.0,0.0,200.85008233306878,237.8598358920773,3852.124065181557,42.73831474720911,29.312973077646867,409.0518466283957,479.8876437646891,11068.116056078312,0.0,0.0,206.05246489127559,244.3509588220601,3800.6175890055408,937.0870851883642,21.518145774602148,31.299513638976135,21.75,30.0,0.0,21.39399865074261,39.75292766568745,21.0,30.0,2168.0716390726395,21.78830167139622,30.645641981706647,21.5,30.0,0.0,20.691867491431855,32.87686851174633,16.0,30.0,0.0,16.52275467102983,42.32840438060053,12.0,30.0,0.0,19.545210228339657,39.456179223519288,19.0,30.0,0.0,17.997916926055603,38.89828088606737,10.0,30.0,381.6796320934821,19.97427534985097,35.37940313953377,19.95,30.0,0.0,16.427242272331957,43.02950323582204,16.0,30.0,0.0,19.08386480966325,0.0,0.0,0.0,16.03242254695053,0.0,0.0,620.4611399744842,1087.3191975883215,611.7569693372843,618.1783691382436,619.9190813684429,892.907134719494,629.3622103394191,687.7907412634887,636.2856047535724,8296.46264135037,82.5190920887876,82.5190920887876,270.0,0.0,270.0,270.0,21.0,16.0,19.0,16.0,19.7,12.0,21.0,10.0,1.0,0.0,937.0870851883642,0.0,2168.0716390726395,0.0,0.0,0.0,381.6796320934821,0.0,0.0,0.0,0.0,82.5190920887876,82.5190920887876,0.34,0.770972075118247,0.36028137401965956,82.5190920887876,0.3542647819438875,0.0,0.005625000000000001 
 03/21  19:40:00,6.776666666666666,73.0,6.806666666666667,0.0,0.0,0.0,0.0,1.0,2.0,0.0,0.0,4.0,0.0,0.0,0.0,2073.0,0.0,0.0,0.0,0.0,0.0,0.0,0.0,0.0,0.0,0.0,0.0,21.14168882020072,-785.046943557301,20.986809975843469,-89.59922720151161,20.94173624179269,-1427.3743409123634,19.9548859429408,339.0822624539842,16.505374228823898,22.52382264261833,19.318005352408059,-64.01400675860715,17.737706282047033,66.86512827274605,19.138183565038639,-268.99594438874376,16.480974866952278,-108.28356200656353,1125.977775218926,1054.860115104263,0.0,0.0,0.0,0.0,0.0,0.0,0.0,0.0,0.0,0.0,0.0,0.0,0.0,0.0,0.0,0.0,0.0,0.0,0.0,0.0,0.0,0.0,1.3778416678850179,0.4205865897084918,253.58044865904084,294.78325039783109,7426.044014545985,0.2025534889415624,0.03091475716446315,19.668375285449959,22.850018866771415,570.3022231132707,1.5186503718941827,0.28697096974568866,489.8527691230967,569.5592746009074,14262.384459224815,0.3650734688304519,0.06898591625669919,299.55893602113596,349.2826890433369,8234.241357936164,0.0,0.0,10.794570203155978,12.772830129857909,210.3945682291655,0.0,0.0,14.817904017693224,17.343128038758889,372.3190248586884,0.0,0.0,256.97940946010177,302.4797972027995,5748.314394953085,0.0,0.0,44.78967336114748,52.20978993449211,1235.7975907601204,0.0,0.0,210.4750611269822,249.17042049269799,4029.497584009915,42.80858828755249,29.361171664988029,467.1909244994843,547.2498820971368,12721.779995249934,0.0,0.0,216.01897454133383,256.00236859386129,4012.2508436279315,1215.2448956316785,21.70550660631708,31.281945851726748,21.666666666666687,30.00000000000002,0.0,21.40517650058855,40.63593750731749,21.000000000000015,30.00000000000002,2048.2613390540916,21.51216216004907,31.11757411766736,21.666666666666687,30.00000000000002,0.0,20.67710517208221,33.10021791149729,16.000000000000015,30.00000000000002,0.0,16.52976381973613,42.52476119252309,12.00000000000001,30.00000000000002,0.0,19.483218488664908,40.301784394579687,19.000000000000015,30.00000000000002,0.0,18.030337707528746,38.977771617972447,10.000000000000007,30.00000000000002,1153.3801896273727,20.778928544115453,33.815738982811,20.700000000000015,30.00000000000002,0.0,16.35068917335513,43.45071074295275,16.000000000000015,30.00000000000002,0.0,19.411488767223397,0.0,0.0,0.0,16.037958136446844,0.0,0.0,641.5563357034563,1141.401774475316,607.4579634762664,629.5813345975912,626.7219146917448,934.425222376332,635.8696944724649,697.4249436813612,643.6351997371188,8970.391377250362,82.07352154035212,82.07352154035212,270.0000000000002,0.0,270.0000000000002,270.0000000000002,21.0,16.0,19.0,16.0,19.7,12.0,21.0,10.0,1.0,0.0,1215.2448956316785,0.0,2048.2613390540916,0.0,0.0,0.0,1153.3801896273727,0.0,0.0,0.0,0.0,82.07352154035212,82.07352154035212,0.3400000000000003,0.7716345111014036,0.3602813740196598,82.07352154035212,0.3542647819438878,0.0,0.00558 
 03/21  19:50:00,6.718333333333334,73.0,6.863333333333333,0.0,0.0,0.0,0.0,1.0,2.0,0.0,0.0,4.0,0.0,0.0,0.0,3458.0,0.0,0.0,0.0,0.0,0.0,0.0,0.0,0.0,0.0,0.0,0.0,21.041091841811168,-580.6431301409383,20.96787126615625,-99.47216641906887,21.112997023362739,-1487.2898802480923,20.00474066773643,439.3618540569689,16.513386595206716,20.730366397061358,19.27199340013379,-55.83298660379631,17.6554426560869,68.46955247409497,18.991233543574859,-243.647321258537,16.4486945733914,-96.91491552409353,1055.8248985977085,1017.8572699970248,0.0,0.0,0.0,0.0,0.0,0.0,0.0,0.0,0.0,0.0,0.0,0.0,0.0,0.0,0.0,0.0,0.0,0.0,0.0,0.0,0.0,0.0,1.4670087639709782,0.4478048730070141,207.73064524865755,241.72350675147266,6063.0791494991249,0.19890008406808105,0.030357155688046559,22.474482557437079,26.144106776223077,652.3467608335875,1.4299382259983596,0.2702075256988587,357.4657186999125,415.82542484527309,10464.059295283876,0.3512790776542434,0.06637926637457356,304.760440603247,355.44294749187,8429.61884397904,0.0,0.0,10.566673387565654,12.505725660179508,207.24849339475345,0.0,0.0,15.160470483419115,17.749713762994437,381.3834706270436,0.0,0.0,246.4748975240342,290.3844563703558,5466.9762436533169,0.0,0.0,46.44871729694241,54.26216764652412,1247.9747617074004,0.0,0.0,204.13316913353877,241.80641237845959,3917.827120383624,42.79129931437615,29.349313658694208,353.69300449864519,414.7406621657961,9797.8158426796,0.0,0.0,209.83004776791783,248.84710324304113,3893.3544352907167,1057.6687565473115,21.55463995175223,31.65277344887528,21.6,30.0,0.0,21.38832889487037,40.327685178625127,21.0,30.0,1684.0906684700004,21.665397764143405,30.839818048473679,21.400000000000003,30.0,0.0,20.757993172331866,32.74439761177398,16.0,30.0,0.0,16.535289325304768,42.774741585413838,12.000000000000002,30.0,0.0,19.441896753943355,41.157150449581077,19.0,30.0,0.0,17.871710347767036,39.71382985454204,10.0,30.0,502.0777664627118,20.3500813378828,34.88165084953953,19.9,30.0,0.0,16.316974675865585,43.85240752557808,16.0,30.0,0.0,19.090771419334886,0.0,0.0,0.0,15.970165697305193,0.0,0.0,645.2874780997634,1121.6535136767435,610.0102285614631,618.4474322133299,637.0781687420682,976.7993533700231,651.172496465,700.9441229245452,655.7041371766343,7100.003766076576,82.35245873982922,82.35245873982923,270.0,0.0,270.0,270.0,21.0,16.0,19.0,16.0,19.7,12.0,21.0,10.0,1.0,0.0,1057.6687565473115,0.0,1684.0906684700004,0.0,0.0,0.0,502.0777664627118,0.0,0.0,0.0,0.0,82.35245873982922,82.35245873982922,0.272,0.5859412602094909,0.28822509921572767,82.35245873982922,0.28341182555511,0.0,0.00549 
 03/21  20:00:00,6.66,73.0,6.92,0.0,0.0,0.0,0.0,1.0,2.0,0.0,0.0,4.0,0.0,0.0,0.0,2768.0,0.0,0.0,0.0,0.0,0.0,0.0,0.0,0.0,0.0,0.0,0.0,21.018771630501566,-1016.3835341110168,20.943517376417306,-125.37548043867312,20.819888958776013,-483.9141817477805,19.96837619840953,132.85186134179004,16.519665039787279,19.752159054851619,19.222708680799884,-56.3449695105859,17.658937041058363,42.563240678615787,19.010912257020544,-259.06937167936669,16.4115851773873,-98.47914691773804,986.6530977324865,1056.8453561145187,0.0,0.0,0.0,0.0,0.0,0.0,0.0,0.0,0.0,0.0,0.0,0.0,0.0,0.0,0.0,0.0,0.0,0.0,0.0,0.0,0.0,0.0,1.437663896693744,0.4388473433131087,204.86385794295269,238.28194919919327,5927.357208915637,0.17897797207868114,0.02731654030504901,23.87367842682562,27.742888431450625,693.5746655696257,1.5424905674299972,0.29147591977135259,245.94358511287835,286.3258074524554,7106.759070703739,0.3385326769068713,0.06397064945330144,220.5503867288088,257.35805176610855,6083.379651959762,0.0,0.0,10.404917029037238,12.31026007713697,205.32976108572587,0.0,0.0,14.3699515299342,16.82018927018391,361.74148518260008,0.0,0.0,248.56834064442837,292.74188859231875,5538.277558153193,0.0,0.0,47.19646289994638,55.10212709149333,1276.120222916839,0.0,0.0,206.13204327628103,244.10629417382166,3960.574793979519,42.66940350903046,29.265708853930364,251.67872502148016,295.55801695682279,7044.511339484625,0.0,0.0,211.84924297492678,251.18342756895775,3929.7650013185186,1063.4353993279622,21.414967683146416,31.91568279596766,21.5,30.0,0.0,21.36217452851495,40.364713576110549,21.0,30.0,944.5503351362586,21.26650419646303,32.02451629633862,21.25,30.0,0.0,20.649342411357183,33.163680589056017,16.0,30.0,0.0,16.5389443461119,43.06365196437536,12.0,30.0,0.0,19.39103686703657,41.81170602389748,19.0,30.0,0.0,17.867257664207086,39.95875549592937,10.0,30.0,435.66133795383828,20.373221240577434,35.038702787585879,20.2,30.0,0.0,16.269030307434563,44.29645083888579,16.0,30.0,0.0,18.717596938768819,0.0,0.0,0.0,15.910025179135826,0.0,0.0,646.739595239629,1120.8859072655185,635.7951927586909,630.2389313989534,648.8351872875942,1006.7227520093902,661.5642557023545,711.9724451713605,667.7510920846205,8190.540523600728,82.58915600494218,82.58915600494218,270.0,0.0,270.0,270.0,21.0,16.0,19.0,16.0,19.7,12.0,21.0,10.0,1.0,0.0,1063.4353993279622,0.0,944.5503351362586,0.0,0.0,0.0,435.66133795383828,0.0,0.0,0.0,0.0,82.58915600494218,82.58915600494218,0.34,0.7697555490213547,0.36028137401965956,82.58915600494218,0.3542647819438875,0.0,0.005400000000000001 
 03/21  20:10:00,6.655000000000001,73.0,7.051666666666667,0.0,0.0,0.0,0.0,0.0,2.0,0.0,0.0,4.0,0.0,0.0,0.0,5536.0,0.0,0.0,0.0,0.0,0.0,0.0,0.0,0.0,0.0,0.0,0.0,21.167885358771199,-1468.2348943382927,20.912844825617893,-107.48440666615478,20.93639878906464,-366.65904947300398,19.86402368699946,316.35177727429166,16.525545341548903,19.67422249272922,19.263803304981935,-66.81018453948293,17.674946769451503,89.04325923872307,18.294084793676789,-117.65796184407653,16.373548117617426,-138.31394070990008,1016.9235806156553,1005.0484352807091,0.0,0.0,0.0,0.0,0.0,0.0,0.0,0.0,0.0,0.0,0.0,0.0,0.0,0.0,0.0,0.0,0.0,0.0,0.0,0.0,0.0,0.0,1.4198926765898903,0.433422672951737,263.85956622229977,306.6899022498483,7816.163205585711,0.20442917763875005,0.031201034438148667,20.504731579624964,23.840498130869425,595.8933489195736,1.5577945235507458,0.29436782380021656,283.69662151516516,330.45846525989927,8158.196846551371,0.3682917957922132,0.06959406572037284,293.9669707207159,343.2376058173427,8016.0911396388059,0.0,0.0,10.722496222517336,12.68948256207859,211.72073365142274,0.0,0.0,14.909821982312625,17.456302220543298,376.94443098671737,0.0,0.0,258.64601821733637,304.6259091273948,5787.990554171963,0.0,0.0,33.93267573518229,39.80463501460403,841.3446386121781,0.0,0.0,206.6935217020652,244.868675990606,3951.479297156563,43.068423497798047,29.53938511508783,291.62734485245547,342.56433558557856,8010.646509464834,0.0,0.0,210.95322106897198,250.3199490685832,3848.070709493566,1798.3270150964577,21.715107919961019,31.158616236516705,22.0,30.0,0.0,21.32852116337597,40.52545788681392,21.0,30.0,0.0,21.237833846948889,32.00139710254647,21.0,30.0,0.0,20.50422437616836,33.6557892110406,16.0,30.0,0.0,16.54310654898219,43.25420096434684,12.0,30.0,0.0,19.447132842852456,41.906965627269659,19.0,30.0,0.0,17.916814936786606,39.84847266808786,10.0,30.0,0.0,19.14239295616375,37.322030691470128,12.0,30.0,0.0,16.217227941137496,44.607462457925638,16.0,30.0,0.0,18.75193781260819,0.0,0.0,0.0,15.749754395681139,0.0,0.0,637.174859503167,1127.5034673886913,632.2772348686514,642.1412776583396,656.6299161083118,1021.306215801523,661.8351721967199,685.4641729361385,673.9930891350455,9595.293653403456,81.66034894761866,82.51767320209783,570.0,0.0,570.0,570.0,21.0,16.0,19.0,16.0,12.0,12.0,21.0,10.0,1.0,0.0,1798.3270150964577,0.0,0.0,0.0,0.0,0.0,0.0,0.0,1297.477377116457,778486.4262698742,1008762.8524506113,81.66034894761866,82.53223341406008,0.3407492459038819,0.7697406714205781,0.36028137401965956,82.53223341406008,0.3542647819438875,1008762.8524506113,0.06366566832743179 
 03/21  20:20:00,6.65,73.0,7.183333333333334,0.0,0.0,0.0,0.0,0.0,2.0,0.0,0.0,4.0,0.0,0.0,0.0,2076.0,0.0,0.0,0.0,0.0,0.0,0.0,0.0,0.0,0.0,0.0,0.0,21.342933507525978,-1236.0812056911294,20.887291156909556,-106.6022951616023,21.120471984149917,-1381.521853315518,19.8732703275208,475.19962889317545,16.53146518841252,19.2777241455022,19.322980194301793,-70.34090214265786,17.678429696518337,65.15930869000474,17.757196852986618,-47.66429276600671,16.31801740775319,-135.78502459042887,1071.4241431047063,997.2413335723267,0.0,0.0,0.0,0.0,0.0,0.0,0.0,0.0,0.0,0.0,0.0,0.0,0.0,0.0,0.0,0.0,0.0,0.0,0.0,0.0,0.0,0.0,1.4425476212276903,0.44033810171785406,249.15412545690487,289.3662891328464,7453.308670451153,0.21061768666027984,0.03214555657208177,20.22869452829438,23.49543479523884,587.2134523094258,1.5189952539565906,0.2870361402034374,353.8053192590992,410.5941991543615,10513.439055103721,0.37783510981714876,0.0713974130417892,328.5802822320856,382.98233847533637,8995.591875393344,0.0,0.0,10.62431723244967,12.559015168541045,209.96920197297437,0.0,0.0,14.772759948639447,17.268143980901628,376.4164797742448,0.0,0.0,261.81805834378499,308.0360363864705,5858.260190510151,0.0,0.0,25.25280343591495,29.684596044874647,582.2742960640555,0.0,0.0,206.89945838043486,244.90843861675536,3926.2354603599694,43.412673940363188,29.775496529741557,350.1112658603529,410.25657323101367,9572.793118137102,0.0,0.0,210.35359220917048,249.42267979012747,3797.395256083215,1854.2899551647059,21.97321191450589,30.795511781506506,21.999999999999994,29.99999999999999,0.0,21.30056244418432,40.86463603134365,20.999999999999994,29.99999999999999,2231.951866833364,21.695401211100927,31.016337439610895,21.666666666666658,29.99999999999999,0.0,20.530953479596805,33.605953231515979,15.999999999999993,29.99999999999999,0.0,16.548250386775679,43.352807965260669,11.999999999999995,29.99999999999999,0.0,19.548756358645517,41.75182926285518,18.999999999999994,29.99999999999999,0.0,17.912285118344238,39.83745459317868,9.999999999999997,29.99999999999999,0.0,18.244920843908259,39.16368758104211,11.999999999999995,29.99999999999999,0.0,16.139956542470963,44.79171219912688,15.999999999999993,29.99999999999999,0.0,18.88631298800734,0.0,0.0,0.0,15.648108218119102,0.0,0.0,644.7213620173216,1145.4002289224894,626.2261221461117,643.1327606307242,660.3218343920414,1027.8532111747819,660.8522644786591,669.4582918728582,672.1420271741438,9787.489584470202,81.53317338522877,83.93697213100166,569.9999999999998,0.0,569.9999999999998,569.9999999999998,21.0,16.0,19.0,16.0,12.0,12.0,21.0,10.0,1.0,0.0,1854.2899551647059,0.0,2231.951866833364,0.0,0.0,0.0,0.0,0.0,3637.7305623759059,2182638.337425544,2833672.557090265,81.53317338522877,83.97779661376907,0.3479243520791968,0.7695326235657974,0.36028137401965945,83.97779661376907,0.35426478194388735,2833672.557090265,0.1583709729686938 
 03/21  20:30:00,6.645,73.0,7.3149999999999999,0.0,0.0,0.0,0.0,0.0,2.0,0.0,0.0,4.0,0.0,0.0,0.0,2770.0,0.0,0.0,0.0,0.0,0.0,0.0,0.0,0.0,0.0,0.0,0.0,21.117506502093439,-1145.2681231405548,20.869512317523907,-109.7787431649765,20.909426083188646,-605.8393341962265,19.966242575179299,218.81423177497505,16.537097363477998,19.42336552426015,19.355912285996796,-68.7231497877454,17.65642475303487,55.9047623219185,17.457150275243067,-21.982307524359613,16.270970709522325,-143.54114994380985,1012.2247051726895,982.7094507970335,0.0,0.0,0.0,0.0,0.0,0.0,0.0,0.0,0.0,0.0,0.0,0.0,0.0,0.0,0.0,0.0,0.0,0.0,0.0,0.0,0.0,0.0,1.4721086183465003,0.4493616051118744,212.45157134300599,246.98380485160494,6165.97847140767,0.20642411107989978,0.03150551145908116,21.6415063251036,25.128129999165293,627.0083243012088,1.5584260558076817,0.2944871609613912,262.71643961624047,305.5434363033836,7656.18036092049,0.3570410423726101,0.06746807301069727,260.22600567817116,303.48887676907739,7185.036817171323,0.0,0.0,10.662228042193935,12.604986881447527,210.8679633159008,0.0,0.0,15.447471631143369,18.055897645000905,395.3192730854414,0.0,0.0,261.7392734865199,308.03721507122199,5830.851151870851,0.0,0.0,17.428810178059295,20.520278869502357,386.36992262395656,0.0,0.0,204.6952593204564,242.3861221251056,3860.9592019822919,43.68718776952825,29.96377761970389,276.5325128523905,324.5022218738512,7695.7249119272769,0.0,0.0,207.3766026538206,246.00915018752603,3705.994069823846,914.1979294914996,21.392126581595617,32.09313929653481,21.5,30.0,0.0,21.28412785934851,41.115566763184407,21.0,30.0,893.0678716883698,21.377874118549238,31.89079503817557,21.25,30.0,0.0,20.65771467818985,33.23366610742753,16.0,30.0,0.0,16.553456740108268,43.43955799242601,12.0,30.0,0.0,19.606537070659014,41.78197620388311,19.0,30.0,0.0,17.857659261746844,40.14376496725806,10.0,30.0,0.0,17.79085254765628,40.241275357110229,12.0,30.0,0.0,16.07813315966198,44.92482152663896,16.0,30.0,0.0,18.742710909657576,0.0,0.0,0.0,15.551067119754368,0.0,0.0,656.7531273423274,1159.3015486767245,643.4934027630017,637.7937889861629,664.6588240797302,1035.6557918653062,668.7932212587705,666.84325001366,670.1934532499735,6189.768968636547,81.85282102319371,81.85282102319371,570.0,0.0,570.0,570.0,21.0,16.0,19.0,16.0,12.0,12.0,21.0,10.0,1.0,0.0,914.1979294914996,0.0,893.0678716883698,0.0,0.0,0.0,0.0,0.0,0.0,0.0,0.0,81.85282102319371,81.85282102319371,0.255,0.5405047820781802,0.27021103051474468,81.85282102319371,0.2656985864579156,0.0,0.01083 
 03/21  20:40:00,6.640000000000001,73.0,7.446666666666667,0.0,0.0,0.0,0.0,0.0,2.0,0.0,0.0,4.0,0.0,0.0,0.0,6930.0,0.0,0.0,0.0,0.0,0.0,0.0,0.0,0.0,0.0,0.0,0.0,21.23342008779015,-1480.6981182884475,20.847908780634737,-103.19776799123254,20.963896054829413,-404.2040340944657,19.874956135971816,302.8177348038577,16.5410223156334,18.397164780114215,19.374688742791859,-75.25645578980715,17.659464642756846,85.95844895853613,17.244963339945195,-20.9545769207506,16.507265908947735,-182.81071545936246,1033.0568648764866,1005.9392215498298,0.0,0.0,0.0,0.0,0.0,0.0,0.0,0.0,0.0,0.0,0.0,0.0,0.0,0.0,0.0,0.0,0.0,0.0,0.0,0.0,0.0,0.0,1.4559749747855147,0.444436805490084,264.9196478382573,307.7352993570329,7843.723556677493,0.21523001078169133,0.03284951324506889,20.076901420636248,23.331977210209144,581.5106106591954,1.5788059036591629,0.29833822820467956,282.93287858228896,329.3661428495045,8140.885677599916,0.37163462182778636,0.07022574108612742,293.4447128753929,342.4082474680851,8009.915232040994,0.0,0.0,10.719174628246167,12.676554186417333,212.08467036855257,0.0,0.0,15.100041791141594,17.656259525318384,387.4072285807205,0.0,0.0,263.40572662488276,310.07975678086106,5881.439255304831,0.0,0.0,12.573792820243554,14.82348162612233,271.42415477655109,0.0,0.0,202.6653394238986,240.04923414501907,3830.7937734425256,44.00572283882197,30.182251604130319,292.2797576793859,343.14070964265945,8044.514896298703,0.0,0.0,206.5801479824329,245.19576370264299,3667.4750774009646,1784.8078454768373,21.6907512626494,31.27560015671198,22.000000000000005,30.00000000000001,0.0,21.26106375242069,41.124192837334927,21.00000000000001,30.00000000000001,0.0,21.2310159639539,32.09795045070514,21.00000000000001,30.00000000000001,0.0,20.5141130462636,33.724639432667178,16.000000000000005,30.00000000000001,0.0,16.556053040494065,43.510949691034777,12.000000000000004,30.00000000000001,0.0,19.64043157683821,41.81345270740001,19.000000000000008,30.00000000000001,0.0,17.884535727036174,39.97226847020907,10.000000000000004,30.00000000000001,0.0,17.491464046246933,41.024440996424868,12.000000000000004,30.00000000000001,0.0,16.097322560305217,44.95613313143479,16.000000000000005,30.00000000000001,0.0,18.737182302522468,0.0,0.0,0.0,15.489077084664018,0.0,0.0,643.6683438767085,1158.1098570161149,639.4884225283826,649.4743330406761,667.9773527552069,1040.113286485458,664.1853964768068,667.7900340456574,673.8313254585326,9548.841158793855,81.69107979514456,81.69107979514456,570.0000000000002,0.0,570.0000000000002,570.0000000000002,21.0,16.0,19.0,16.0,12.0,12.0,21.0,10.0,1.0,0.0,1784.8078454768373,0.0,0.0,0.0,0.0,0.0,0.0,0.0,0.0,0.0,0.0,81.69107979514456,81.69107979514456,0.3400000000000002,0.7718704367276944,0.3602813740196597,81.69107979514456,0.3542647819438877,0.0,0.010640000000000002 
 03/21  20:50:00,6.635,73.0,7.578333333333333,0.0,0.0,0.0,0.0,0.0,2.0,0.0,0.0,4.0,0.0,0.0,0.0,693.0,0.0,0.0,0.0,0.0,0.0,0.0,0.0,0.0,0.0,0.0,0.0,21.241896917144048,-1718.998903747095,20.815086407809948,-122.4587541551324,20.541614122468876,-38.0241969445633,19.77651581270447,250.92512791745504,16.545652718065509,18.840484525654916,19.38994183834138,-70.5613865388122,17.666700162206558,68.33531838486124,17.008272032926898,-31.519778912531878,16.24567887342726,-148.5644237262286,983.1862666555808,1024.8572859427159,0.0,0.0,0.0,0.0,0.0,0.0,0.0,0.0,0.0,0.0,0.0,0.0,0.0,0.0,0.0,0.0,0.0,0.0,0.0,0.0,0.0,0.0,1.457985767466147,0.44505060056964199,290.86635908928766,336.74327989128036,8578.47832633562,0.19708423511893659,0.030080011465039165,22.6363167309346,26.18500219350173,652.8380489165312,1.609936856670632,0.30422087238674086,250.68708062932587,290.84005440696446,7113.612272219084,0.36717958024675909,0.06938389649409656,269.1890951876,313.0115786657898,7258.334165121074,0.0,0.0,10.487094402568993,12.352156104072489,207.77360085666167,0.0,0.0,14.169409854746565,16.488552216015714,364.70403681726159,0.0,0.0,259.68402671924187,304.48098097528875,5804.362624948716,0.0,0.0,12.147406661314627,14.279841443048035,253.84260845739719,0.0,0.0,199.53947477543259,235.4468767329535,3753.0837648549979,44.17265170394989,30.296743281172775,265.62197845350905,310.76726035272517,7311.724114677701,0.0,0.0,207.58145230601813,245.4108187272663,3685.0803316972539,1914.776670385808,21.62424668956007,31.391284279879718,22.0,30.0,0.0,21.213664041477736,40.80617454420168,21.0,30.0,263.518756314758,21.006367739096459,32.55327075081738,21.0,30.0,0.0,20.327935958651549,34.152182877012879,16.0,30.0,0.0,16.56150632417311,43.54879417749713,12.0,30.0,0.0,19.673316638165628,41.877725060672549,19.0,30.0,0.0,17.887952564763898,39.91849633737547,10.0,30.0,0.0,17.126523268860035,42.033081205576959,12.0,30.0,0.0,16.040599473608894,45.08179698340597,16.0,30.0,0.0,18.57495161981396,0.0,0.0,0.0,15.480699082563648,0.0,0.0,643.684334156989,1133.5726207777828,640.9185092158381,652.3380686031939,670.1539141281124,1047.5007722318104,662.4232352504608,670.5855965193163,672.3998230148222,8895.658252425455,82.12300535757187,82.12300535757187,570.0,0.0,570.0,570.0,21.0,16.0,19.0,16.0,12.0,12.0,21.0,10.0,1.0,0.0,1914.776670385808,0.0,263.518756314758,0.0,0.0,0.0,0.0,0.0,0.0,0.0,0.0,82.12300535757187,82.12300535757187,0.34,0.7721037455372714,0.36028137401965956,82.12300535757187,0.3542647819438875,0.0,0.010165 
 03/21  21:00:00,6.63,73.0,7.71,0.0,0.0,0.0,0.0,0.0,2.0,0.0,0.0,4.0,0.0,0.0,0.0,2772.0,0.0,0.0,0.0,0.0,0.0,0.0,0.0,0.0,0.0,0.0,0.0,21.0797504340785,-950.9670953144459,20.804733485467766,-80.93972776467128,21.18242959098457,-1572.218387216924,19.938328657258674,588.3852466156618,16.54827554316978,18.84507665048035,19.389945412980098,-78.90674923587892,17.65212210943048,75.11277635665147,16.883961760560078,-49.96323733121021,16.568002859960325,-252.00187325907428,1141.2058979145596,1045.6910345580967,0.0,0.0,0.0,0.0,0.0,0.0,0.0,0.0,0.0,0.0,0.0,0.0,0.0,0.0,0.0,0.0,0.0,0.0,0.0,0.0,0.0,0.0,1.498482150036362,0.4574121337107333,294.97948175245235,342.6794346093451,8621.893403319145,0.24443044079453558,0.03730623333249933,16.507735591926239,19.179758311288177,478.58339610219408,1.4776240503507572,0.2792184524472331,404.4231327636206,469.4302425491463,12032.078599330976,0.3806863534871403,0.07193619680407032,345.73255387119567,402.7142433975309,9556.791197282255,0.0,0.0,10.955651968357686,12.939870935618839,217.06065987914347,0.0,0.0,16.16800667663408,18.87506352451305,416.0903698166584,0.0,0.0,269.4794184107358,316.89366754939069,6007.91450995223,0.0,0.0,18.154900383261159,21.411476984281124,373.9914627719613,0.0,0.0,200.9060020542857,237.56593059669633,3862.9089700721167,44.72758840474072,30.677358302291318,406.68755679335649,476.2377787153637,11172.213847359684,0.0,0.0,215.03274986954478,254.96759539791425,3809.7831464582188,939.1778520912895,21.512659176493707,31.59682614702467,21.75,30.0,0.0,21.213839501983107,41.30860797141277,21.0,30.0,2134.9280444731068,21.77139558587207,30.976446217112593,21.5,30.0,0.0,20.67749192447009,33.28073513663997,16.0,30.0,0.0,16.563651369197488,43.54699830391164,12.0,30.0,0.0,19.67684101747509,41.85996777832635,19.0,30.0,0.0,17.85954573601251,39.99016745801595,10.0,30.0,0.0,16.97783832467342,42.43817708000607,12.0,30.0,754.6487851836547,16.256331286434848,44.46419926728838,16.25,30.0,0.0,19.033887457207024,0.0,0.0,0.0,15.463308918378445,0.0,0.0,643.0745181153757,1164.6627700411069,635.7125558803191,644.7202528096406,670.6496616160423,1045.5642031730793,662.8918060864922,671.3717245981251,671.9888172221979,8817.727349697636,82.17450401685713,82.17450401685713,570.0,0.0,570.0,570.0,21.0,16.0,19.0,16.0,12.0,12.0,21.0,10.0,1.0,0.0,939.1778520912895,0.0,2134.9280444731068,0.0,0.0,0.0,0.0,754.6487851836547,0.0,0.0,0.0,82.17450401685713,82.17450401685713,0.34,0.7715971277766007,0.36028137401965956,82.17450401685713,0.3542647819438875,0.0,0.00969 
 03/21  21:10:00,6.59,73.66666666666667,7.795,0.0,0.0,0.0,0.0,0.0,2.0,0.0,0.0,4.0,0.0,0.0,0.0,1386.0,0.0,0.0,0.0,0.0,0.0,0.0,0.0,0.0,0.0,0.0,0.0,21.47133034019999,-1411.3445398779223,20.81630156861891,-54.97748138242406,20.6844899508883,-570.1854809136394,19.897408348813614,38.69640856166461,16.551472169678797,20.011771763105686,19.385017496240914,-77.08245003975071,17.83693613511732,234.71630358510903,16.721986131503514,-59.93446800427864,16.65348960705885,-315.10873254010178,1167.7758517218272,996.9804130667426,0.0,0.0,0.0,0.0,0.0,0.0,0.0,0.0,0.0,0.0,0.0,0.0,0.0,0.0,0.0,0.0,0.0,0.0,0.0,0.0,0.0,0.0,1.3712336887487747,0.4185695020600656,332.3403568844444,384.875537500422,9827.553897641175,0.2407306148811244,0.03674154683777845,14.517063248949374,16.832503863050058,423.7029789527057,1.7449437970153754,0.329732387946972,518.6404251994359,601.812582793173,15020.372424443129,0.37601496507543888,0.07105347034683271,261.6224282605085,304.61922100932136,7213.70152035498,0.0,0.0,11.71173417827216,13.814631543505073,233.07776296253918,0.0,0.0,16.641668288490878,19.39883719049842,429.55725654795699,0.0,0.0,252.7392794598873,296.48357781140148,5832.195516264641,0.0,0.0,23.93820337386709,28.215112091354738,484.2042304125678,0.0,0.0,170.95346801156837,201.70635403207647,3407.7584065412086,45.21928553358443,31.01459913140223,497.0418820088189,580.7269207927466,13584.926309447976,0.0,0.0,191.61494810775697,227.03766840950369,3367.9974849760267,1946.2097420673427,22.007474668166688,30.7463310166429,22.0,30.0,0.0,21.246756801546966,42.75037567243633,21.0,30.0,977.744698494276,21.16628817102229,32.29100402809283,21.5,30.0,0.0,20.515680402796556,33.57441460970072,16.0,30.0,0.0,16.56801452277176,43.490471664159397,12.0,30.0,0.0,19.675535377218709,41.6065981857623,19.0,30.0,0.0,18.231809228608399,39.165142839102198,10.0,30.0,0.0,16.74714784008622,43.08440163372424,12.0,30.0,0.0,16.579330667630605,43.54504767795328,16.0,30.0,0.0,19.286478455877324,0.0,0.0,0.0,15.349234772364879,0.0,0.0,648.7410782487918,1255.63851110843,643.5462949218086,642.3234438443344,668.3968076024754,1029.320030936164,667.621261377117,672.5912264821907,672.3709246483197,8186.239506689768,82.59174016907935,85.97617794819743,570.0,0.0,570.0,570.0,21.0,16.0,19.0,16.0,12.0,12.0,21.0,10.0,1.0,0.0,1946.2097420673427,0.0,977.744698494276,0.0,0.0,0.0,0.0,0.0,5122.086148362942,3073251.689017765,3994977.3214176634,82.59174016907935,86.0336569372492,0.34073620494543147,0.7654244085689683,0.36028137401965956,86.0336569372492,0.3542647819438875,3994977.3214176634,0.2169538207137185 
 03/21  21:20:00,6.550000000000001,74.33333333333334,7.880000000000001,0.0,0.0,0.0,0.0,0.0,2.0,0.0,0.0,4.0,0.0,0.0,0.0,2079.0,0.0,0.0,0.0,0.0,0.0,0.0,0.0,0.0,0.0,0.0,0.0,21.26269067466886,-1098.1426408437338,20.811398767677404,-102.40572223654022,20.98016606885365,-1042.0856828608735,19.821034993429845,461.4230629563176,16.557588076348375,23.60234408748707,19.38524382352073,-62.60625649964267,17.86412609586428,19.33388702398527,16.59440198229212,-58.288725660601979,16.432793150093056,-213.8871608033474,1129.0896329012288,1182.0197021053917,0.0,0.0,0.0,0.0,0.0,0.0,0.0,0.0,0.0,0.0,0.0,0.0,0.0,0.0,0.0,0.0,0.0,0.0,0.0,0.0,0.0,0.0,1.5008326037305589,0.4581296104183634,342.7321660833419,397.6804093021876,10113.033465406457,0.21479862286284036,0.0327836725981136,22.586013038156847,26.194276595335567,656.0137128873429,1.6253145872212858,0.3071267171619965,405.38265882533258,470.56325556194278,11879.588048682515,0.3876421284651033,0.07325059116876476,304.6425457495482,354.90341831219828,8343.13199704732,0.0,0.0,11.028078078198697,13.01708042137044,220.50709443112329,0.0,0.0,15.858692362475227,18.502646424708293,410.7627157431525,0.0,0.0,273.4452691117822,320.9829110133727,6305.666688516697,0.0,0.0,28.391913540398535,33.51274592749447,567.7307251820573,0.0,0.0,192.44404668398054,227.36216230820924,3745.7190181455764,45.57866806718757,31.261089209319324,406.4874412573993,475.58094814393368,11232.597873568204,0.0,0.0,219.41438680095758,259.8879947338599,3965.2122869191728,1407.9362885455492,21.592140755978215,31.65570982658056,21.999999999999994,29.99999999999999,0.0,21.239742113162384,42.51079770660965,20.999999999999994,29.99999999999999,1462.881936747553,21.641129224260888,31.478579585782549,21.333333333333326,29.99999999999999,0.0,20.45732852781205,33.847575649236549,15.999999999999993,29.99999999999999,0.0,16.57886738805534,43.502913908034958,11.999999999999995,29.99999999999999,0.0,19.685517374101378,41.68078945896628,18.999999999999994,29.99999999999999,0.0,18.185844174956978,39.28316838804459,9.999999999999997,29.99999999999999,0.0,16.579306443207299,43.55705417310783,11.999999999999995,29.99999999999999,0.0,16.303863644685639,44.32077517679562,15.999999999999993,29.99999999999999,0.0,19.05670062771787,0.0,0.0,0.0,15.56255167784049,0.0,0.0,655.8795132859499,1241.432098710513,650.7248554807696,650.7968959172117,670.6272795237289,1032.952226807001,668.1824222171097,673.2099993462301,672.6393064545138,8074.382045621618,82.66593343193412,82.66593343193412,569.9999999999998,0.0,569.9999999999998,569.9999999999998,21.0,16.0,19.0,16.0,12.0,12.0,21.0,10.0,1.0,0.0,1407.9362885455492,0.0,1462.881936747553,0.0,0.0,0.0,0.0,0.0,0.0,0.0,0.0,82.66593343193412,82.66593343193412,0.3399999999999999,0.7693777965394585,0.36028137401965945,82.66593343193412,0.35426478194388735,0.0,0.008803333333333335 
 03/21  21:30:00,6.51,75.0,7.965,0.0,0.0,0.0,0.0,0.0,2.0,0.0,0.0,4.0,0.0,0.0,0.0,2079.0,0.0,0.0,0.0,0.0,0.0,0.0,0.0,0.0,0.0,0.0,0.0,21.17590296699158,-1068.9766214626819,20.797303777704444,-85.85086845908222,20.870225394198529,-582.7276014516669,19.887746608281053,316.7087338723497,16.56010910369396,20.440105514589516,19.382711120459189,-72.21153001484479,17.734303472718915,51.49084913928769,16.495988244042818,-53.07549369308191,16.324578703174958,-185.30096554867843,1157.8386491902994,1115.7690186007608,0.0,0.0,0.0,0.0,0.0,0.0,0.0,0.0,0.0,0.0,0.0,0.0,0.0,0.0,0.0,0.0,0.0,0.0,0.0,0.0,0.0,0.0,1.5306108232012024,0.46721942100158789,336.41051275164235,390.2188656027306,9962.441858871161,0.22883901231119475,0.03492658918058526,20.660707224870039,23.96701767537357,602.0290352080376,1.6315999263981827,0.3083144229777367,363.20292592755,422.1321779633978,10535.671731073337,0.3660896832358945,0.06917794467798456,258.50788242541696,300.99598189746896,7133.788547135231,0.0,0.0,11.015355126740547,12.998472204532327,221.1706460089007,0.0,0.0,15.988019582384889,18.648913155090616,415.35888337865779,0.0,0.0,274.7428804397794,322.6805145703337,6240.674564005798,0.0,0.0,27.95071818274573,32.9971100739505,554.582481769615,0.0,0.0,193.2686614569817,228.4159231814739,3722.3865239617505,46.067724281948539,31.59651871189886,362.24391000547117,423.8908880564133,10215.61603900016,0.0,0.0,219.4262481293032,259.9518576712277,3939.1020259691429,1060.1620350664724,21.59536401097958,31.663887989173796,21.666666666666658,29.99999999999999,0.0,21.224993857381916,41.98160195241463,20.999999999999994,29.99999999999999,930.1601851978504,21.362493459575235,32.05636467390898,21.333333333333326,29.99999999999999,0.0,20.543670164922888,33.561967314869097,15.999999999999993,29.99999999999999,0.0,16.58241418378879,43.60138597391246,11.999999999999995,29.99999999999999,0.0,19.687231109729689,41.95269160307807,18.999999999999994,29.99999999999999,0.0,17.961579258841434,40.0637652349168,9.999999999999997,29.99999999999999,0.0,16.459999469928524,44.005187366542489,11.999999999999995,29.99999999999999,0.0,16.156962870494007,44.93996181104692,15.999999999999993,29.99999999999999,0.0,19.105341880850906,0.0,0.0,0.0,15.463508893098254,0.0,0.0,653.526248467279,1207.127689287247,650.4845695493737,642.4333233951593,675.6652235366127,1046.876249026576,678.1326200901643,678.0866690135923,680.9992851964157,10000.872477015942,81.39209877345745,83.81897009124158,569.9999999999998,0.0,569.9999999999998,569.9999999999998,21.0,16.0,19.0,16.0,12.0,12.0,21.0,10.0,1.0,0.0,1060.1620350664724,0.0,930.1601851978504,0.0,0.0,0.0,0.0,0.0,3672.609975595122,2203565.9853570738,2854512.469042613,81.39209877345745,83.86018642287744,0.349086999186504,0.7718347395589843,0.36028137401965945,83.86018642287744,0.35426478194388735,2854512.469042613,0.15682631505688258 
 03/21  21:40:00,6.470000000000001,75.66666666666666,8.05,0.0,0.0,0.0,0.0,0.0,2.0,0.0,0.0,4.0,0.0,0.0,0.0,2772.0,0.0,0.0,0.0,0.0,0.0,0.0,0.0,0.0,0.0,0.0,0.0,21.10725855896397,-1518.7186495309234,20.786185185277156,-92.28253895002684,20.945415015348944,-315.00614596076596,19.859166121118365,325.6112890615327,16.559088567755233,19.87064508519424,19.369838230036565,-78.65578272023616,17.72034850167519,59.78156130847265,16.412671207410356,-49.68301871369118,16.246024089694204,-153.7131215395907,1097.6573020647407,1131.4873437047973,0.0,0.0,0.0,0.0,0.0,0.0,0.0,0.0,0.0,0.0,0.0,0.0,0.0,0.0,0.0,0.0,0.0,0.0,0.0,0.0,0.0,0.0,1.5051414457451534,0.45944488575859379,284.59189650901018,330.11001331370167,8448.919740279529,0.23284540883978203,0.0355380660622378,19.342238924410109,22.438607449882928,565.1897258641755,1.6535526446731886,0.31246270685434415,297.76900623548536,346.01423165205775,8635.509239172225,0.38859407338695209,0.07343047494084504,299.4462715585655,348.8065253212836,8252.463977680265,0.0,0.0,11.089063472114948,13.088394564567606,223.45610718801249,0.0,0.0,15.706660443812009,18.325692738189134,408.7603984929272,0.0,0.0,281.3409853690959,330.4999428648113,6408.979256186432,0.0,0.0,28.74409074941714,33.95144641004054,567.1426673119429,0.0,0.0,197.37238283774529,233.38007307301408,3778.0535028677647,46.477808088571467,31.87778332549484,312.4398863340109,366.11111531139019,8702.281433911254,0.0,0.0,224.33418708564504,265.7928392450892,4048.5384263004609,1731.2193510535499,21.60443245202447,31.603331745367706,21.75,30.0,0.0,21.213968189930769,42.110999565413639,21.0,30.0,0.0,21.20210865163281,32.28150225958607,21.0,30.0,0.0,20.489894521726723,33.93928863096094,16.0,30.0,0.0,16.581154143482136,43.63779045850044,12.0,30.0,0.0,19.672588874894318,41.84826647766306,19.0,30.0,0.0,17.957568157513085,39.95843214250476,10.0,30.0,0.0,16.362831283697088,44.36765883242482,12.0,30.0,0.0,16.056449247438107,45.273815053294217,16.0,30.0,0.0,18.756526567091723,0.0,0.0,0.0,15.47500326841451,0.0,0.0,647.8799692259312,1211.626582602061,642.6171587868184,655.8209946159627,676.3264896533776,1039.305827006625,671.2723536524605,681.6167575530427,682.2400425415679,8952.149072798748,82.08555242469775,83.77958706009562,570.0,0.0,570.0,570.0,21.0,16.0,19.0,16.0,12.0,12.0,21.0,10.0,1.0,0.0,1731.2193510535499,0.0,0.0,0.0,0.0,0.0,0.0,0.0,2563.788371487037,1538273.022892222,1993291.3823682056,82.08555242469775,83.8083573920137,0.3404596123829013,0.767622485412851,0.36028137401965956,83.8083573920137,0.3542647819438875,1993291.3823682056,0.11163115188314668 
 03/21  21:50:00,6.43,76.33333333333334,8.135,0.0,0.0,0.0,0.0,0.0,2.0,0.0,0.0,4.0,0.0,0.0,0.0,2772.0,0.0,0.0,0.0,0.0,0.0,0.0,0.0,0.0,0.0,0.0,0.0,21.129880327013248,-1078.3557056567225,20.773886389803417,-91.497816506001,21.083859589195695,-1443.8407184784797,19.845506726248965,433.71284531343147,16.556281818778517,18.132236468653106,19.35614243890323,-72.37909135293308,17.708405161316365,113.76042721704403,16.339863746858855,-51.18912703458619,16.546076087181534,-285.2758403567394,1187.0751143924595,1028.3344804044235,0.0,0.0,0.0,0.0,0.0,0.0,0.0,0.0,0.0,0.0,0.0,0.0,0.0,0.0,0.0,0.0,0.0,0.0,0.0,0.0,0.0,0.0,1.5116111873836536,0.4614197763686367,303.6437267075135,352.6144977742305,8934.218962709352,0.22832996315751764,0.0348488954758116,20.342945145252963,23.59245531854054,594.8769088514439,1.6124663056408096,0.3046988483826171,415.98231079038717,482.39947688832447,12344.787470110234,0.3888297918049586,0.07347501734787575,317.77520163105887,369.8926194026984,8778.572319337238,0.0,0.0,11.189101714485656,13.205365533804017,226.2469430802771,0.0,0.0,16.32324521123801,19.04954619911865,425.5743570444944,0.0,0.0,259.1587562840596,304.4650376538122,5912.097460374358,0.0,0.0,30.07688237584813,35.525434918595077,590.8750088454156,0.0,0.0,175.65570849552459,207.4461909206326,3509.65171534165,46.928313258782129,32.18677178242946,406.0066081955422,474.9675511904553,11267.085122830431,0.0,0.0,202.44059352536272,239.99123096736617,3612.9196102410935,1586.19714584925,21.513546980514584,32.58079569077912,22.0,30.0,0.0,21.201680089576049,42.26926421585591,21.0,30.0,2199.4311201715429,21.53455532625493,32.62232646073201,21.5,30.0,0.0,20.461330577071629,34.74777995474012,16.0,30.0,0.0,16.57767412502765,43.76687169658937,12.0,30.0,0.0,19.65892186208481,41.9543664744151,19.0,30.0,0.0,17.946163536099065,40.3975454984228,10.0,30.0,0.0,16.279744745982414,44.70090017477049,12.0,30.0,838.0507427919614,16.504208576948835,44.18204456784839,16.5,30.0,0.0,18.99097434129499,0.0,0.0,0.0,15.305980864546218,0.0,0.0,693.4946307849373,1217.6745439403567,697.6252974203891,693.9119914326003,680.4391543290803,1041.0139807694425,687.6418700247937,684.0194766942652,686.899351842337,10085.68163048134,81.33588136017342,85.0355611300813,570.0,0.0,570.0,570.0,21.0,16.0,19.0,16.0,12.0,12.0,21.0,10.0,1.0,0.0,1586.19714584925,0.0,2199.4311201715429,0.0,0.0,0.0,0.0,838.0507427919614,5598.666675836646,3359200.0055019885,4373355.428324655,81.33588136017342,85.09839397466829,0.3566222225278882,0.7674429961349719,0.36028137401965956,85.09839397466829,0.3542647819438875,4373355.428324655,0.2353628156062154 
 03/21  22:00:00,6.39,77.0,8.22,0.0,0.0,0.0,0.0,0.0,2.0,0.0,0.0,4.0,0.0,0.0,0.0,2772.0,0.0,0.0,0.0,0.0,0.0,0.0,0.0,0.0,0.0,0.0,0.0,21.23033515422935,-754.9566387795112,20.760199457772033,-84.60778967998988,21.14014160721541,-1266.5394853419535,19.99761163093258,380.5878552578714,16.55448544442484,20.971574006039505,19.359081546295515,-44.64745132723658,17.88613292655821,248.3601869632373,16.2541486580929,-83.5396731852785,17.292505566527447,-418.1640573840125,1236.4800999532595,981.4292462711936,0.0,0.0,0.0,0.0,0.0,0.0,0.0,0.0,0.0,0.0,0.0,0.0,0.0,0.0,0.0,0.0,0.0,0.0,0.0,0.0,0.0,0.0,1.6100789653534129,0.491477095651225,321.8798104064659,373.44849663410619,9549.233833525004,0.24264489536402213,0.037033714188648068,20.92602132733233,24.277056871361006,613.0745011190065,1.6107408278441398,0.30437279437719969,437.5647021544427,507.61674910388106,13011.4194192315,0.36829418042724756,0.0695945163316794,242.09446630345668,281.46632124617528,6835.989195087169,0.0,0.0,11.139130254205045,13.142228095996418,226.0887240961701,0.0,0.0,14.801211820783433,17.263910130626664,387.5216474894564,0.0,0.0,214.3707566357762,251.61878159862668,5031.23941523251,0.0,0.0,40.67158113917178,48.051210694571228,793.2378273522012,0.0,0.0,124.88451477628183,147.0604722587023,2734.3402626763706,47.54636316515265,32.61067432452172,425.31527389564129,497.07362528013757,12068.757361963699,0.0,0.0,157.13133244990343,186.38751057314867,2788.9548884952366,925.0369079865717,21.497391711844494,32.551657585099679,21.5,30.0,0.0,21.184004163213488,42.189732622026699,21.0,30.0,1148.886837900535,21.545276825925744,32.20464037362378,21.5,30.0,0.0,20.71503642530208,34.17607913799529,16.0,30.0,0.0,16.577656322312785,44.01938207074203,12.0,30.0,0.0,19.677118381958036,42.373361423081799,19.0,30.0,0.0,18.271223334536587,39.67934408749377,10.0,30.0,0.0,16.16708517705347,45.35311336902104,12.0,30.0,914.3611007758316,17.518574785416154,41.70772741754594,16.5,30.0,0.0,19.27769392978817,0.0,0.0,0.0,15.090577163531267,0.0,0.0,683.2986059007199,1207.116308452525,667.2774049297308,686.9750675268139,689.4565680902215,1065.6533492874133,688.0942814240027,694.8515054637692,697.087520804213,9379.892820166759,81.80277230920575,83.5097954636553,570.0,0.0,570.0,570.0,21.0,16.0,19.0,16.0,12.0,12.0,21.0,10.0,1.0,0.0,925.0369079865717,0.0,1148.886837900535,0.0,0.0,0.0,0.0,914.3611007758316,2583.425971769247,1550055.5830615482,2011647.2049114623,81.80277230920575,83.53878638374582,0.34111419905897497,0.7687280460357786,0.36028137401965956,83.53878638374582,0.3542647819438875,2011647.2049114623,0.11252232132206272 
 03/21  22:10:00,6.321666666666667,77.83333333333334,8.263333333333334,0.0,0.0,0.0,0.0,0.0,2.0,0.0,0.0,4.0,0.0,0.0,0.0,6237.0,0.0,0.0,0.0,0.0,0.0,0.0,0.0,0.0,0.0,0.0,0.0,21.23902663310209,-781.663519631383,20.758592698380686,-89.62932751281757,20.860303985827846,-1128.3123447931033,20.047023113908666,392.91813244137537,16.553835663560919,23.812834111715128,19.363732328508904,-29.91787808336585,18.10680248190438,75.81879672916824,16.13744167606302,-108.2272156286063,18.311427417616515,-389.1776553299663,1126.8308662830396,1087.7180693448195,0.0,0.0,0.0,0.0,0.0,0.0,0.0,0.0,0.0,0.0,0.0,0.0,0.0,0.0,0.0,0.0,0.0,0.0,0.0,0.0,0.0,0.0,1.6179602918050223,0.493882872956356,148.3274463101701,172.17106617661495,4479.740391257339,0.257169108723843,0.039250474469451009,18.011637318957328,20.882226292403649,531.6450189907516,1.6435998272200743,0.31058197793274286,273.53074163069609,317.57401117583796,8184.082123641203,0.37955407379830738,0.07172223616748057,273.667184636375,318.507048308719,7773.313097020034,0.0,0.0,12.00730486258858,14.173365155238664,245.32131341425248,0.0,0.0,13.892621835285202,16.213925754147444,365.9714031009447,0.0,0.0,181.21976424211966,212.39103287910673,4399.4836941747639,0.0,0.0,52.81730930601484,62.45526077128805,1019.7548033379618,0.0,0.0,125.29148218388633,146.3512936233196,3227.2399969842419,47.907472593770567,32.85834882974662,278.2492657951692,326.1715517568761,7975.41199586274,0.0,0.0,132.60173164005279,157.20586940612305,2356.367741796291,820.0521254681588,21.61765474159692,32.32873143849755,21.55555555555555,29.999999999999994,0.0,21.19071585088672,42.94429757905637,20.999999999999998,29.999999999999994,1300.6557492798268,21.463877179320105,32.24218150310633,21.33333333333333,29.999999999999994,0.0,20.792087410948598,33.827804877532,15.999999999999997,29.999999999999994,0.0,16.579683948865758,44.1213640118776,11.999999999999997,29.999999999999994,0.0,19.695538472754224,41.2446482886169,18.999999999999998,29.999999999999994,0.0,18.635429052567369,38.85547603219334,9.999999999999999,29.999999999999994,0.0,15.99928548873705,46.0848406352809,11.999999999999997,29.999999999999994,2397.9241220889,19.187206570659418,37.6626036185703,19.888888888888887,29.999999999999994,0.0,18.635035371884375,0.0,0.0,0.0,15.051373653340552,0.0,0.0,678.6412676879329,1250.3528028065212,654.9662729254851,670.716311219815,690.9953393499538,1050.2561939252813,686.977481917789,702.7885607141976,696.0822850052018,9962.605485272197,81.41743242408683,83.7216775215963,569.9999999999999,0.0,569.9999999999999,569.9999999999999,21.0,16.0,19.0,19.0,12.0,12.0,21.0,10.0,1.0,0.0,820.0521254681588,0.0,1300.6557492798268,0.0,0.0,0.0,0.0,2397.9241220889,3487.2235858504757,2092334.1515102853,2730795.985642637,81.41743242408683,83.76081125292076,0.34290745286168258,0.7680197685913868,0.36028137401965945,83.76081125292076,0.3542647819438875,2730795.985642637,0.14988639125341714 
 03/21  22:20:00,6.253333333333334,78.66666666666667,8.306666666666669,0.0,0.0,0.0,0.0,0.0,2.0,0.0,0.0,4.0,0.0,0.0,0.0,2772.0,0.0,0.0,0.0,0.0,0.0,0.0,0.0,0.0,0.0,0.0,0.0,21.300656608305155,-979.3509008262092,20.742292135709599,-64.95350685165647,21.24774788454755,-1444.3305871222588,20.12181533749333,531.9190916476633,16.55344544104534,23.705436128458066,19.36482814885826,-42.07791415353878,17.87534803225058,126.84122306256545,16.06159537735973,-58.07564648864412,18.542565188817848,-369.6178918575907,1262.7320395098917,1094.0540917435165,0.0,0.0,0.0,0.0,0.0,0.0,0.0,0.0,0.0,0.0,0.0,0.0,0.0,0.0,0.0,0.0,0.0,0.0,0.0,0.0,0.0,0.0,1.6310014242154792,0.4978636826054577,247.6358393734954,286.90306326675298,7544.577985503539,0.2884341823405081,0.044022311102031159,16.203988796078954,18.793675336191308,481.5230326886416,1.6201445091620213,0.30614975607747965,360.49432503619246,417.70620531561345,11017.6386641441,0.3925249428909672,0.07417326963170203,318.12733492414716,369.683002976784,9157.544753400849,0.0,0.0,12.795061592412946,15.089768665842423,263.1977010202948,0.0,0.0,14.271775058860733,16.64073946662689,378.1035234233494,0.0,0.0,195.455834223764,229.217315394143,4625.026170961806,0.0,0.0,53.150091434666027,62.8331405751869,1025.1998369006258,0.0,0.0,160.66889408720415,187.73216467527707,4128.905702925711,48.48048112747364,33.25135879799291,356.35606063660097,416.72340191093118,10257.546026462287,0.0,0.0,146.1910721754869,173.08203608749026,2693.701452453529,1093.7944842204655,21.725148600448099,31.965515154090114,21.750000000000005,30.000000000000008,0.0,21.173106426725398,42.99253033707739,21.000000000000005,30.000000000000008,1974.0756486502428,21.801978104516846,31.57884765694351,21.500000000000005,30.000000000000008,0.0,20.926050026657639,33.43793959298671,16.000000000000005,30.000000000000008,0.0,16.58221085177479,44.200187231830678,12.000000000000002,30.000000000000008,0.0,19.705258227733645,39.701150929806107,19.000000000000005,30.000000000000008,0.0,18.210903689592724,39.92380289407197,10.000000000000002,30.000000000000008,0.0,15.915274305863788,46.316591662976538,12.000000000000002,30.000000000000008,815.5505687870451,19.308470370428368,37.334759966270649,19.250000000000005,30.000000000000008,0.0,19.03306270815255,0.0,0.0,0.0,15.431464105252858,0.0,0.0,665.0085194593787,1247.97164260606,650.8406150455983,659.4981490560015,691.1336044912239,1028.7555684236959,685.7743127189998,699.9299123530906,691.1068649431801,10379.363499776868,81.1415880640238,85.03412074492809,570.0000000000001,0.0,570.0000000000001,570.0000000000001,21.0,16.0,19.0,19.0,12.0,12.0,21.0,10.0,1.0,0.0,1093.7944842204655,0.0,1974.0756486502428,0.0,0.0,0.0,0.0,815.5505687870451,5890.100637484767,3534060.3824908605,4621909.2620167019,81.1415880640238,85.10022887217152,0.366336687916159,0.7658266702611016,0.3602813740196596,85.10022887217152,0.35426478194388757,4621909.2620167019,0.2478126149582018 
 03/21  22:30:00,6.1850000000000009,79.5,8.350000000000002,0.0,0.0,0.0,0.0,0.0,2.0,0.0,0.0,4.0,0.0,0.0,0.0,2079.0,0.0,0.0,0.0,0.0,0.0,0.0,0.0,0.0,0.0,0.0,0.0,21.075913179017186,-1213.9554728450967,20.74327804849106,-85.10491049702824,20.862273217229949,-278.6823101028427,20.033649615195246,81.42439179952298,16.551515653032028,23.8148393561337,19.349361802915906,-48.26634824328691,17.77368929020997,-23.74617957686677,16.0487852098355,-19.22929203283888,18.834656415128987,-800.5216113803775,1180.2944776947689,1587.7506046307622,0.0,0.0,0.0,0.0,0.0,0.0,0.0,0.0,0.0,0.0,0.0,0.0,0.0,0.0,0.0,0.0,0.0,0.0,0.0,0.0,0.0,0.0,1.6009086392290089,0.4886778508025057,263.8393643153289,305.7897476833432,7885.864378953814,0.24862789259696983,0.037946870054482568,19.631935793552175,22.722704923090256,583.4366009792437,1.7637999684282444,0.33329553447245738,331.4565055007784,384.8149756740877,9740.107785001554,0.37922077057669525,0.07165925369929988,223.39503120923605,259.7080328381329,6382.389840980297,0.0,0.0,13.017740860295478,15.346001250243525,269.5225024324978,0.0,0.0,15.050165469339128,17.54513475691991,400.16448832118535,0.0,0.0,254.47741045318097,298.47542051515657,5947.579477064868,0.0,0.0,55.25994454022768,65.28432149944993,1075.6045417578653,0.0,0.0,222.11377949732737,258.86364070570849,5962.102995648166,48.683772067753498,33.39079016992695,330.57323612207326,386.70024666789558,9504.60576417147,0.0,0.0,209.2881584565274,247.04831097462495,4144.727437554627,1413.486515563975,21.494223284438168,32.4085590294755,21.333333333333326,29.99999999999999,0.0,21.180985812050574,43.48435716430076,20.999999999999994,29.99999999999999,845.2529870516706,21.232551142030937,32.80444180553916,21.333333333333326,29.99999999999999,0.0,20.687643700571138,34.09869225525498,15.999999999999993,29.99999999999999,0.0,16.582790779660735,44.24438838464001,11.999999999999995,29.99999999999999,0.0,19.686752009299846,38.567252249030527,18.999999999999994,29.99999999999999,0.0,17.995610472139064,40.45213416972254,9.999999999999997,29.99999999999999,0.0,15.937337805750407,46.22480434675619,11.999999999999995,29.99999999999999,1170.071204525009,19.85971015937554,36.0791481233795,19.66666666666666,29.99999999999999,0.0,18.807659316475804,0.0,0.0,0.0,16.04187452955538,0.0,0.0,659.8899107534987,1279.4800621599252,653.3315274793678,665.6739532266054,690.3563367281427,996.864261081407,683.9066530615257,696.6121782161362,690.5602901052513,10506.240146776698,81.05780541104456,83.69561767616034,569.9999999999998,0.0,569.9999999999998,569.9999999999998,21.0,16.0,19.0,19.0,12.0,12.0,21.0,10.0,1.0,0.0,1413.486515563975,0.0,845.2529870516706,0.0,0.0,0.0,0.0,1170.071204525009,3991.453068039627,2394871.840823777,3139509.2999477817,81.05780541104456,83.74041648535774,0.3597151022679875,0.7667408332578454,0.36028137401965945,83.74041648535774,0.35426478194388735,3139509.2999477817,0.17031615026395129 
 03/21  22:40:00,6.116666666666667,80.33333333333333,8.393333333333335,0.0,0.0,0.0,0.0,0.0,2.0,0.0,0.0,0.0,0.0,0.0,0.0,6930.0,0.0,0.0,0.0,0.0,0.0,0.0,0.0,0.0,0.0,0.0,0.0,20.556734458623177,-208.04353468775694,20.447906752655265,-436.7318308682509,20.55999580186271,-815.2470864644762,19.89963890101354,195.1907529403418,16.544944378050404,17.376550070797696,19.23571344540825,-45.981798937231008,17.66053268505417,19.726434461965927,16.058849496365459,-35.85955047767607,18.15949052364907,-322.15219283752239,911.2694578885568,1026.7996969445836,0.0,0.0,0.0,0.0,0.0,0.0,0.0,0.0,0.0,0.0,0.0,0.0,0.0,0.0,0.0,0.0,0.0,0.0,0.0,0.0,0.0,0.0,1.5929104797074978,0.4862364101671241,169.16728679054246,196.8329289201744,4860.608278322388,0.2892022563659513,0.04413953851739186,102.59156357976277,119.37634763105531,2948.9663476489679,1.5650997389822559,0.29574824999664725,198.83629729531115,231.33992375394036,5848.188613887304,0.33661003241411399,0.06360733794673355,168.28855163342727,196.15637403936126,4768.589485861826,0.0,0.0,11.986727322733234,14.143266998300783,249.54752427358944,0.0,0.0,13.103120366911386,15.299827557887534,347.104977493622,0.0,0.0,196.01998943082635,230.30283789874398,4552.151866120908,0.0,0.0,48.381347171442559,57.201079050644228,952.8706183340667,0.0,0.0,163.61329915734883,191.64738464682396,4082.5809257361645,48.591788132023257,33.32770105077043,216.32239699705316,253.86091854609544,6402.722913889453,0.0,0.0,152.68805730735043,180.83022461888758,2888.230656050062,0.0,20.60287137700042,36.71794508571474,22.000000000000005,30.00000000000001,0.0,20.68659070635747,36.71560705818605,12.000000000000004,30.00000000000001,0.0,20.832819408569614,34.06796393203926,21.600000000000006,30.00000000000001,0.0,20.49090269217433,34.78578964658643,12.000000000000004,30.00000000000001,0.0,16.57501684287864,44.55958117253866,12.000000000000004,30.00000000000001,0.0,19.56436099209342,38.491172003184207,12.000000000000004,30.00000000000001,0.0,17.83256950530758,42.23796886678198,10.000000000000004,30.00000000000001,0.0,15.989135141099287,46.24042244844402,12.000000000000004,30.00000000000001,0.0,18.710613191306004,39.65551068966221,19.700000000000008,30.00000000000001,0.0,17.962947200512507,0.0,0.0,0.0,15.51167416605284,0.0,0.0,799.6715388449726,807.7610359754236,669.8083371503589,674.6106608074285,701.2354272206287,997.140565524513,745.6649002280002,702.3685509472263,732.214225215564,0.0,80.916512796803,80.916512796803,60.00000000000002,0.0,60.00000000000002,60.00000000000002,12.0,12.0,12.0,19.0,12.0,12.0,21.0,10.0,0.0,0.0,0.0,0.0,0.0,0.0,0.0,0.0,0.0,0.0,0.0,0.0,0.0,80.916512796803,80.916512796803,0.0,0.0,0.0,80.916512796803,0.0,0.0,0.0007 
 03/21  22:50:00,6.048333333333334,81.16666666666667,8.436666666666668,0.0,0.0,0.0,0.0,0.0,2.0,0.0,0.0,0.0,0.0,0.0,0.0,4158.0,0.0,0.0,0.0,0.0,0.0,0.0,0.0,0.0,0.0,0.0,0.0,20.12473725136401,-227.24774862708279,20.067565859791367,-318.97467214923287,20.028206773610415,-328.31851275891048,19.634529197623963,-151.86480465620768,16.52889520622134,11.158230846387854,19.115599062554855,-37.259797377506767,17.606397982781084,55.74684386363886,15.992931468805882,-86.73511930102568,17.7747352555649,-102.1151475677109,799.0675636751093,715.459422204657,0.0,0.0,0.0,0.0,0.0,0.0,0.0,0.0,0.0,0.0,0.0,0.0,0.0,0.0,0.0,0.0,0.0,0.0,0.0,0.0,0.0,0.0,1.5530234164505766,0.47406087193240978,146.9969951346479,171.39992386679698,4051.343479723252,0.28658445395419065,0.04373999602475431,69.73668244346622,81.30441385511814,1929.0502178337422,1.5065788450430818,0.28468988001569919,138.17551721765117,161.1515320059034,3829.0199611034247,0.29694680669258569,0.056112397334199769,93.28676970949704,108.80670192983928,2574.7018314745585,0.0,0.0,10.843970612008035,12.789141669938943,226.69926316403017,0.0,0.0,12.434666747331278,14.519476096954616,327.0207399512249,0.0,0.0,141.00900919882194,165.64877393918074,3272.0434175772909,0.0,0.0,44.87802908681132,53.0458181218031,881.4884655950415,0.0,0.0,111.98922704334605,131.4141891543611,2669.2820686613347,48.44964285711554,33.23020772092969,162.7339511254169,191.36831646881138,4819.770643859881,0.0,0.0,102.08238351037986,121.16924148853512,1789.545937766506,0.0,19.927700819535983,36.16665674850851,21.999999999999969,29.999999999999959,0.0,20.07132026905765,35.4367898201607,11.999999999999983,29.999999999999959,0.0,19.97476373069392,35.74040724714924,21.999999999999969,29.999999999999959,0.0,19.988805576668005,35.81642159696583,11.999999999999983,29.999999999999959,0.0,16.550774018182716,45.07244893406842,11.999999999999983,29.999999999999959,0.0,19.395591478886069,38.63692572827288,11.999999999999983,29.999999999999959,0.0,17.758075153744686,41.99064660913876,9.999999999999986,29.999999999999959,0.0,15.891372749179262,47.26524579877219,11.999999999999983,29.999999999999959,0.0,18.070060841409913,41.40147325680397,19.99999999999997,29.999999999999959,0.0,17.445715489251734,0.0,0.0,0.0,14.740722553488915,0.0,0.0,672.819634170489,644.7491227606552,654.3403936351535,662.2101014029623,717.7291815421763,1007.1482680046538,716.9627681269334,732.5344323821138,733.0121899195867,0.0,80.91651279680288,80.91651279680288,59.999999999999918,0.0,59.999999999999918,59.999999999999918,12.0,12.0,12.0,19.0,12.0,12.0,21.0,10.0,0.0,0.0,0.0,0.0,0.0,0.0,0.0,0.0,0.0,0.0,0.0,0.0,0.0,80.91651279680288,80.91651279680288,0.0,0.0,0.0,80.91651279680288,0.0,0.0,0.0007033333333333334 
 03/21  23:00:00,5.98,82.0,8.48,0.0,0.0,0.0,0.0,0.0,2.0,0.0,0.0,0.0,0.0,0.0,0.0,2772.0,0.0,0.0,0.0,0.0,0.0,0.0,0.0,0.0,0.0,0.0,0.0,19.806807358798169,-156.10562326513606,19.771248529551543,-390.6613207954843,19.690751100513645,-411.3628700318686,19.33923259423486,-148.2215861781354,16.509482956065889,8.4408614937945,19.020621740843234,-29.710286963261809,17.65500507918057,106.94791908459604,15.888049362484475,-118.84017449234261,17.57297931815906,-41.555674631854177,767.2398422256467,520.7676242362602,0.0,0.0,0.0,0.0,0.0,0.0,0.0,0.0,0.0,0.0,0.0,0.0,0.0,0.0,0.0,0.0,0.0,0.0,0.0,0.0,0.0,0.0,1.5131693895346108,0.46189541805085806,195.0333510008216,227.48051784305296,5203.1134227796569,0.27709794722108285,0.04229211648673426,95.79444058796149,111.70361205817039,2568.36657956935,1.4705300995031188,0.27787794775191218,168.51521404515976,196.54359597528686,4480.519562152143,0.28494887726842135,0.05384521490332979,90.92720229398768,106.02798900729023,2412.1331204798209,0.0,0.0,9.994321573060529,11.781932054771556,209.73640904327449,0.0,0.0,12.359180469399533,14.430112344905793,323.7873500760418,0.0,0.0,109.351951916558,128.31800681121363,2575.642572182057,0.0,0.0,44.492100021599139,52.58578359562163,865.662537047577,0.0,0.0,57.20770014866659,67.20772670833999,1337.8808769245096,48.50606842092865,33.26890838198125,211.34931095011303,248.01143987415839,5946.2318461684449,0.0,0.0,69.79190444054658,82.92804842116735,1163.895900903463,0.0,19.47951085605949,36.50365262621271,22.0,30.0,0.0,19.61219884110865,35.8119423292177,12.0,30.0,0.0,19.466588637373456,36.364413529136388,22.0,30.0,0.0,19.4957937191768,36.56032214438294,12.0,30.0,0.0,16.522981469500878,45.2042252215128,12.0,30.0,0.0,19.272139195289698,38.59614568804104,12.0,30.0,0.0,17.875633559769115,41.02889820232141,10.0,30.0,0.0,15.7266335219871,47.99272938118458,12.0,30.0,0.0,17.758902227423428,41.853296207277868,20.0,30.0,0.0,17.312619084462154,0.0,0.0,0.0,14.256701123766128,0.0,0.0,627.4728501328066,596.9469391296038,614.4332104658126,634.7620977638696,715.797920363761,1003.3626922592637,675.5466944596832,741.2854018100583,710.9008957145468,0.0,80.91651279680299,80.91651279680299,60.0,0.0,60.0,60.0,12.0,12.0,12.0,19.0,12.0,12.0,21.0,10.0,0.0,0.0,0.0,0.0,0.0,0.0,0.0,0.0,0.0,0.0,0.0,0.0,0.0,80.91651279680299,80.91651279680299,0.0,0.0,0.0,80.91651279680299,0.0,0.0,0.0007066666666666668 
 03/21  23:10:00,5.913333333333334,82.66666666666667,8.475000000000002,0.0,0.0,0.0,0.0,0.0,2.0,0.0,0.0,0.0,0.0,0.0,0.0,2079.0,0.0,0.0,0.0,0.0,0.0,0.0,0.0,0.0,0.0,0.0,0.0,19.53962773430976,-211.3329572650867,19.50737638593482,-398.1703438577414,19.44490037315926,-282.1678857665614,19.12235249974627,-72.97987909623004,16.49050194622166,8.060059246430665,18.94314662345703,-25.848670417414668,17.663713109179633,49.96005106199936,15.781321614512095,-122.45174674400671,17.39387300965675,-158.00950133429766,713.4395217125004,623.7278661528188,0.0,0.0,0.0,0.0,0.0,0.0,0.0,0.0,0.0,0.0,0.0,0.0,0.0,0.0,0.0,0.0,0.0,0.0,0.0,0.0,0.0,0.0,1.4943929622321788,0.4561639078852805,220.40247613766844,257.21422848687657,5745.796537540942,0.2702435969191165,0.04124597022575038,132.37549403912667,154.46807523621005,3461.7863266961605,1.4305459677564514,0.27032236730091688,107.545078944404,125.53063380970215,2834.1792880283148,0.28076520491556358,0.05305464945494397,61.620025537341529,72.01648499462046,1615.0205251177509,0.0,0.0,9.384912809588638,11.059535438941996,197.7370797155572,0.0,0.0,12.39903127852557,14.474621347268311,324.2337806136344,0.0,0.0,127.98328794628915,150.04919498718835,3036.142254575935,0.0,0.0,44.94681798987459,53.129379492485359,866.5078344055663,0.0,0.0,52.736961069729378,61.89480116573738,1206.6661295824779,48.65884840919735,33.373695753907657,197.46156634311127,231.94112442422029,5508.120885990538,0.0,0.0,84.34857047198446,100.10869489634112,1418.2386989562777,0.0,19.096969182497,36.89624444712292,22.0,30.0,0.0,19.229710804237656,36.413598642726089,12.0,30.0,0.0,19.15387688586218,36.810432007594148,22.0,30.0,0.0,19.16068826259329,37.02961902665365,12.0,30.0,0.0,16.49865064922453,45.10251955246332,12.0,30.0,0.0,19.17797575941351,38.44324900490099,12.0,30.0,0.0,17.89667556831142,40.67615518301754,10.0,30.0,0.0,15.565718356501219,48.12422305295043,12.0,30.0,0.0,17.479574803294374,42.346708402571938,20.0,30.0,0.0,17.131816618199559,0.0,0.0,0.0,14.248248949539576,0.0,0.0,589.9861915186533,576.1516586250953,593.640146249187,612.0386988990275,703.2679907923571,990.0043233955926,656.1043870888589,722.0023787129711,698.1785577144342,0.0,80.91651279680299,80.91651279680299,60.0,0.0,60.0,60.0,12.0,12.0,12.0,19.0,12.0,12.0,21.0,10.0,0.0,0.0,0.0,0.0,0.0,0.0,0.0,0.0,0.0,0.0,0.0,0.0,0.0,80.91651279680299,80.91651279680299,0.0,0.0,0.0,80.91651279680299,0.0,0.0,0.0007099999999999999 
 03/21  23:20:00,5.846666666666668,83.33333333333334,8.47,0.0,0.0,0.0,0.0,0.0,2.0,0.0,0.0,0.0,0.0,0.0,0.0,1386.0,0.0,0.0,0.0,0.0,0.0,0.0,0.0,0.0,0.0,0.0,0.0,19.225278433185886,-419.8737292077367,19.304235763616704,-164.70551169019314,19.290324357322235,-100.16009777674265,18.9356709546838,-284.7509787730105,16.47234231082283,8.945592015149032,18.87102247372847,-30.912481814187147,17.57388433770078,31.787899453779575,15.710036094698115,-103.75667278099297,17.13353845447938,-268.4674445110577,675.7093783613398,766.6930954069926,0.0,0.0,0.0,0.0,0.0,0.0,0.0,0.0,0.0,0.0,0.0,0.0,0.0,0.0,0.0,0.0,0.0,0.0,0.0,0.0,0.0,0.0,1.4946459304007536,0.45624112649595657,208.74464346137496,244.02823456930805,5238.999627041701,0.28416271211094737,0.043370377306310648,117.9618883700004,137.69705949092816,3059.2509245784679,1.4375187988645415,0.27163998466828079,119.18585299670439,138.958768489837,3132.0429094064368,0.27392717229380639,0.0517625042127374,65.35589254076136,76.24876881925569,1656.7699855885354,0.0,0.0,9.45976846713808,11.13746475855979,200.1838451957206,0.0,0.0,12.542399915954153,14.634737691073627,327.582747691053,0.0,0.0,157.20230966258374,184.27216734251406,3704.3009614856466,0.0,0.0,44.26840313092615,52.30386135614471,851.7435717366577,0.0,0.0,78.06269524193599,91.70527547626556,1736.1397160369652,48.92292737138608,33.554819870635188,200.36926130966368,235.082745895073,5606.860696943204,0.0,0.0,111.43002748423563,132.1107419351673,1921.3189622396686,0.0,18.61430795423918,37.69646451525176,22.0,30.0,0.0,18.971062869542068,36.93124308893751,12.0,30.0,0.0,18.997955070454343,37.14124770951931,22.0,30.0,0.0,18.862583316878529,37.362797496373328,12.0,30.0,0.0,16.47788549910628,44.927116066198838,12.0,30.0,0.0,19.09157273643102,38.313079401432819,12.0,30.0,0.0,17.74103921593901,40.9576631570356,10.0,30.0,0.0,15.47724908249325,47.855873906458217,12.0,30.0,0.0,17.057345624548817,43.19085736003369,20.0,30.0,0.0,16.943013080322627,0.0,0.0,0.0,14.423268847571464,0.0,0.0,562.3811490624366,570.2533956462166,591.8731985002219,582.9810669174382,687.9834890016423,974.5788056421804,649.8430128502776,691.2259945746405,682.906436959375,0.0,80.91651279680299,80.91651279680299,60.0,0.0,60.0,60.0,12.0,12.0,12.0,19.0,12.0,12.0,21.0,10.0,0.0,0.0,0.0,0.0,0.0,0.0,0.0,0.0,0.0,0.0,0.0,0.0,0.0,80.91651279680299,80.91651279680299,0.0,0.0,0.0,80.91651279680299,0.0,0.0,0.00069 
 03/21  23:30:00,5.78,84.0,8.465,0.0,0.0,0.0,0.0,0.0,2.0,0.0,0.0,0.0,0.0,0.0,0.0,2772.0,0.0,0.0,0.0,0.0,0.0,0.0,0.0,0.0,0.0,0.0,0.0,19.107188509521145,22.836106326837695,19.160342201700879,-379.2565453107889,19.076466086408183,-411.04393633910265,18.764342631339468,-33.31276924630964,16.455317180842468,7.276902442571043,18.80749279308592,-34.13935118356608,17.430710147460457,-62.501242898806598,15.677934350494697,-77.82804009602921,16.906251077233394,-335.4156578066253,632.2821272991637,840.3514490685549,0.0,0.0,0.0,0.0,0.0,0.0,0.0,0.0,0.0,0.0,0.0,0.0,0.0,0.0,0.0,0.0,0.0,0.0,0.0,0.0,0.0,0.0,1.4513289828495566,0.44301861503344228,197.04396672736469,230.87171777645438,5005.950389177733,0.2626217048153633,0.0400826777801226,118.34146235435279,138.5568874733852,3039.760962253038,1.3800755406018617,0.26078524954683715,131.46274800210754,153.95660052934103,3380.5928133219288,0.27160500176617666,0.051323696478869338,72.17908852720555,84.4555849525059,1838.3614239293855,0.0,0.0,8.519646106044818,10.04099145504014,181.0838798840956,0.0,0.0,13.216058282614244,15.439561307691485,345.08085188507706,0.0,0.0,174.98376499567346,205.50981148990028,4062.521202327775,0.0,0.0,40.32301875692192,47.69381573811461,779.8277674547962,0.0,0.0,103.42340993831502,121.78212427926391,2248.6470008074686,49.06148804116445,33.649854623569598,203.84342736923223,240.10804999512937,5613.392360542519,0.0,0.0,135.3633530343963,160.62057521988306,2373.2098206048888,0.0,18.60119663209474,37.69647470934821,22.0,30.0,0.0,18.776951494930566,37.190283908520019,12.0,30.0,0.0,18.680759048436714,37.41367441794493,22.0,30.0,0.0,18.649475961459428,37.67702531412395,12.0,30.0,0.0,16.46070063729254,44.77895044956242,12.0,30.0,0.0,19.021997832232925,38.21323698473134,12.0,30.0,0.0,17.492111272097845,41.328947456846638,10.0,30.0,0.0,15.462906068778335,47.51531274997578,12.0,30.0,0.0,16.71896381702065,43.78532087246092,20.0,30.0,0.0,16.75904172969294,0.0,0.0,0.0,14.513721017370849,0.0,0.0,560.9419486979183,552.9308212903877,552.8817611900912,568.9465144416151,676.5445521105219,957.3013350625698,632.5664456963234,668.5282671526874,662.6670452265529,0.0,80.91651279680299,80.91651279680299,60.0,0.0,60.0,60.0,12.0,12.0,12.0,19.0,12.0,12.0,21.0,10.0,0.0,0.0,0.0,0.0,0.0,0.0,0.0,0.0,0.0,0.0,0.0,0.0,0.0,80.91651279680299,80.91651279680299,0.0,0.0,0.0,80.91651279680299,0.0,0.0,0.0006699999999999999 
 03/21  23:40:00,5.713333333333333,84.66666666666666,8.46,0.0,0.0,0.0,0.0,0.0,2.0,0.0,0.0,0.0,0.0,0.0,0.0,1386.0,0.0,0.0,0.0,0.0,0.0,0.0,0.0,0.0,0.0,0.0,0.0,18.942223346946756,-336.36804399191399,19.03369409226025,-221.4655913217207,18.992861490762466,-117.4039104329712,18.684660255080993,-141.46912729241235,16.434252727789358,6.9829239721397589,18.735599666600849,-39.837617837618328,17.31307067915901,-28.260704190004618,15.654049774711404,-73.02194368366316,16.685687832326914,-310.63793636887979,608.1391701288617,847.8465144925178,0.0,0.0,0.0,0.0,0.0,0.0,0.0,0.0,0.0,0.0,0.0,0.0,0.0,0.0,0.0,0.0,0.0,0.0,0.0,0.0,0.0,0.0,1.4576774938174615,0.4449564999442801,192.0597690425038,224.6659771125765,4816.675912706976,0.2727643207079772,0.0416306960787511,110.08920952638809,128.69672750720563,2812.5084586049144,1.4047341318898075,0.2654448472958821,79.53542558789394,92.86735486400151,2068.4230115834409,0.2745837021803382,0.05188656503785678,34.278590663373787,40.01638356577658,870.6361347735024,0.0,0.0,8.775307902706212,10.330995476858235,187.2884845243773,0.0,0.0,13.38809049465758,15.627392493903273,349.1490981944794,0.0,0.0,185.32161806531958,217.53232005888607,4263.783464493867,0.0,0.0,38.339341964078148,45.29536660872516,746.2421069293764,0.0,0.0,112.20226182377836,132.11117124095015,2385.4753398325049,49.41355798795682,33.89132920984694,153.22243391036666,180.24856878867213,4370.372809163085,0.0,0.0,143.138864435904,169.65698912827117,2524.370208374037,0.0,18.35698637674181,38.0825786934752,22.0,30.0,0.0,18.64699290008487,37.40573162988727,12.0,30.0,0.0,18.656323213673127,37.51478943940867,22.0,30.0,0.0,18.553990260639226,37.81198304708927,12.0,30.0,0.0,16.437120312435768,44.58704015459817,12.0,30.0,0.0,18.934953632084416,38.11396340325168,12.0,30.0,0.0,17.311173199178805,41.636186443607218,10.0,30.0,0.0,15.45830254536057,47.24240940661523,12.0,30.0,0.0,16.39716030338733,44.42984311955186,20.0,30.0,0.0,16.534164718318629,0.0,0.0,0.0,14.497874680827387,0.0,0.0,542.1421531417212,545.0671505776395,556.4542664873806,560.5016239297029,660.8244152113573,934.4945424740054,621.7479294986499,652.6758552653963,647.7012044083652,0.0,80.91651279680299,80.91651279680299,60.0,0.0,60.0,60.0,12.0,12.0,12.0,19.0,12.0,12.0,21.0,10.0,0.0,0.0,0.0,0.0,0.0,0.0,0.0,0.0,0.0,0.0,0.0,0.0,0.0,80.91651279680299,80.91651279680299,0.0,0.0,0.0,80.91651279680299,0.0,0.0,0.00065 
 03/21  23:50:00,5.6466666666666669,85.33333333333334,8.454999999999999,0.0,0.0,0.0,0.0,0.0,2.0,0.0,0.0,0.0,0.0,0.0,0.0,2772.0,0.0,0.0,0.0,0.0,0.0,0.0,0.0,0.0,0.0,0.0,0.0,18.851166953804815,-54.788125435156647,18.91361090970154,-347.8595809994243,18.831441026547759,-335.0995547669829,18.57495897067897,-126.87437000119133,16.41441191535573,5.697075186199413,18.67353206918294,-44.055385632116259,17.19233186609823,-80.48821642157782,15.630729963544879,-67.17010315210132,16.525627576799914,-318.33854762805256,641.3810443949749,838.6371378653464,0.0,0.0,0.0,0.0,0.0,0.0,0.0,0.0,0.0,0.0,0.0,0.0,0.0,0.0,0.0,0.0,0.0,0.0,0.0,0.0,0.0,0.0,1.4389871380778075,0.4392512631495139,201.47276182549806,236.0872699178069,5081.285976725631,0.26370087703473707,0.040247386604813358,99.36485056412022,116.43642850382766,2526.2058060297388,1.3713310377069695,0.25913284915097697,138.23976436879404,161.8707604944363,3520.5664271226885,0.26723237701636828,0.05049742574005446,74.66048435104867,87.40360225163849,1888.1426902126357,0.0,0.0,8.368404702441456,9.86224425874062,179.3417301425738,0.0,0.0,13.889098025380147,16.231592407137354,362.1724900785037,0.0,0.0,190.8454479911043,224.3832261831771,4347.241274235101,0.0,0.0,34.59423930628168,40.91064677691784,677.3543434036863,0.0,0.0,122.24099357568181,144.18321915401828,2566.114051243621,49.70742669797506,34.092885252383457,190.57385313224939,224.60260583096287,5240.834899417801,0.0,0.0,151.1232100155237,179.3248068493727,2673.859141157046,0.0,18.344295839263336,38.06929521311547,22.0,30.0,0.0,18.50150939979688,37.59797009749729,12.0,30.0,0.0,18.434069867905888,37.84557665861507,22.0,30.0,0.0,18.421000223560314,37.964614503119779,12.0,30.0,0.0,16.417248229835097,44.44520649958043,12.0,30.0,0.0,18.86755126838876,38.05120618461395,12.0,30.0,0.0,17.124629370404365,41.89322541118544,10.0,30.0,0.0,15.452426656155386,47.01677374197172,12.0,30.0,0.0,16.18847512647351,44.76698026467622,20.0,30.0,0.0,16.58014068283145,0.0,0.0,0.0,14.461737358389789,0.0,0.0,538.5277253235622,529.1381482220031,537.6011952156962,545.5612323194077,649.7861667147997,915.3758298752219,605.9335113131256,638.9315093647177,632.4409993349539,0.0,80.91651279680299,80.91651279680299,60.0,0.0,60.0,60.0,12.0,12.0,12.0,19.0,12.0,12.0,21.0,10.0,0.0,0.0,0.0,0.0,0.0,0.0,0.0,0.0,0.0,0.0,0.0,0.0,0.0,80.91651279680299,80.91651279680299,0.0,0.0,0.0,80.91651279680299,0.0,0.0,0.0006699999999999999 
 03/21  24:00:00,5.58,86.0,8.45,0.0,0.0,0.0,0.0,0.0,2.0,0.0,0.0,0.0,0.0,0.0,0.0,1386.0,0.0,0.0,0.0,0.0,0.0,0.0,0.0,0.0,0.0,0.0,0.0,18.73418451057813,-246.5374626028206,18.820628166565837,-204.6643415273395,18.769603033273556,-130.38528741010527,18.515386765975216,-27.189129297477466,16.390426780981544,5.106157327336319,18.604048969904633,-47.074385391942488,17.09748250687825,-54.90069801901154,15.604032811137327,-65.92734415282883,16.375956657162118,-295.39529515404618,446.74237086536007,834.3834978600762,0.0,0.0,0.0,0.0,0.0,0.0,0.0,0.0,0.0,0.0,0.0,0.0,0.0,0.0,0.0,0.0,0.0,0.0,0.0,0.0,0.0,0.0,1.443483717697831,0.44062384545110847,162.66805290161563,190.37842319693619,4094.7732930380436,0.2698460646844626,0.04118529680776292,86.74575869574345,101.5029271552254,2201.770927377095,1.3888387699402083,0.2624411885752473,42.97461219240807,50.29319182631068,1122.9118238678823,0.2717839532385212,0.05135751194983392,6.607384169375488,7.72589895616705,173.73862490974268,0.0,0.0,8.502978713311546,10.010261178994452,182.91968692869365,0.0,0.0,13.970490506816285,16.312758812727954,363.96992396198689,0.0,0.0,195.33774577722947,229.49974866763263,4427.535350603379,0.0,0.0,33.18336370186982,39.19841212116155,653.2270864568832,0.0,0.0,125.89831987891088,148.4226312382507,2612.7057828200079,49.974285774899389,34.27591616934115,92.86243083400299,109.57565913838124,2935.829814112921,0.0,0.0,153.98844544559194,182.5413800720416,2730.7744646608209,0.0,18.19706849846723,38.31549110127854,22.0,30.0,0.0,18.426680210051268,37.734972286846389,12.0,30.0,0.0,18.43115176533775,37.84920161104152,22.0,30.0,0.0,18.380382073962598,38.073894440895148,12.0,30.0,0.0,16.390426236861594,44.27516758847861,12.0,30.0,0.0,18.78500822166992,37.99708630730811,12.0,30.0,0.0,16.995512160817179,42.10291317263348,10.0,30.0,0.0,15.437890046090227,46.81939221134509,12.0,30.0,0.0,15.994202753902905,45.1140834001715,20.0,30.0,0.0,15.889073233833124,0.0,0.0,0.0,14.413607773012864,0.0,0.0,525.6757053133096,524.4722357152436,536.3683068952275,546.8527511131786,635.092202079209,893.0184284522227,596.7910363508547,624.9624792959712,619.6721196279509,0.0,80.91651279680299,80.91651279680299,60.0,0.0,60.0,60.0,12.0,12.0,12.0,19.0,12.0,12.0,21.0,10.0,0.0,0.0,0.0,0.0,0.0,0.0,0.0,0.0,0.0,0.0,0.0,0.0,0.0,80.91651279680299,80.91651279680299,0.0,0.0,0.0,80.91651279680299,0.0,0.0,0.00069 
 03/22  00:10:00,5.5166666666666679,86.5,8.291666666666666,0.0,0.0,0.0,0.0,0.0,2.0,2.0,0.0,0.0,0.0,0.0,0.0,3465.0,0.0,0.0,0.0,0.0,0.0,0.0,0.0,0.0,0.0,0.0,0.0,18.676183025621048,-34.763632978206448,18.7166114616157,-379.90795690340146,18.639127675509149,-360.7982732294446,18.441132758980879,-150.48897969996859,16.368016876084899,3.496179074443194,18.54683371109069,-46.75669097385097,17.12595061353231,51.28460244016033,15.559409450219972,-95.65738823435484,16.398501531324539,-117.46434698603815,608.5526587614576,505.66927376923646,0.0,0.0,0.0,0.0,0.0,0.0,0.0,0.0,0.0,0.0,0.0,0.0,0.0,0.0,0.0,0.0,0.0,0.0,0.0,0.0,0.0,0.0,1.4428701666783695,0.44043655881513107,181.46866407933156,212.72240918175795,4579.273209415074,0.2669305889225775,0.04074032187463027,91.02684777348819,106.67679723730103,2302.7534447184136,1.3736789786462934,0.259576526577153,125.5658775073154,147.10789788571698,3192.1924511464919,0.26612898305090196,0.0502889234790064,72.31858074583346,84.69746487982136,1827.2296837697568,0.0,0.0,8.31146547117213,9.797782194001947,179.44447697315534,0.0,0.0,13.816891340282524,16.157065266459499,360.06916070725756,0.0,0.0,99.18448671155508,116.63205982884168,2281.807302251197,0.0,0.0,35.0851968298535,41.498679824356909,691.4308476017316,0.0,0.0,30.646522063466486,36.161153175224018,646.3534884205376,49.79408535231795,34.15232191517008,165.49983043353817,195.21519476899239,4623.332199984234,0.0,0.0,77.83927271680861,92.54394208280202,1315.8762850518477,0.0,18.20830981987859,38.24885324644916,22.0,30.0,0.0,18.30310066904922,37.90600461647711,12.000000000000002,30.0,0.0,18.261230768638794,38.126175604242828,22.0,30.0,0.0,18.284538397230489,38.18721842727773,12.000000000000002,30.0,0.0,16.36785129385939,44.13885196077682,12.000000000000002,30.0,0.0,18.72567793902822,37.96463614797443,12.000000000000002,30.0,0.0,17.110074710436899,41.35543321402046,10.0,30.0,0.0,15.38688210352064,46.757186775665498,12.000000000000002,30.0,0.0,16.106826224316877,44.67089010594399,20.0,30.0,0.0,16.29314179032762,0.0,0.0,0.0,13.923533268229086,0.0,0.0,521.1658764434487,508.1820265002824,521.0933366166796,535.1213246690525,623.8837249688902,879.8826564907116,560.5565648232209,612.3818629230118,659.8185789006587,0.0,80.91651279680299,80.91651279680299,60.0,0.0,60.0,60.0,12.0,12.0,12.0,19.0,12.0,12.0,21.0,10.0,0.0,0.0,0.0,0.0,0.0,0.0,0.0,0.0,0.0,0.0,0.0,0.0,0.0,80.91651279680299,80.91651279680299,0.0,0.0,0.0,80.91651279680299,0.0,0.0,0.0007099999999999999 
 03/22  00:20:00,5.453333333333334,87.0,8.133333333333333,0.0,0.0,0.0,0.0,0.0,2.0,2.0,0.0,0.0,0.0,0.0,0.0,1386.0,0.0,0.0,0.0,0.0,0.0,0.0,0.0,0.0,0.0,0.0,0.0,18.523909174976777,-333.6404595365643,18.62728979523399,-156.53730123720357,18.51594640211374,-259.8749648977862,18.33626127966717,-105.83412240054247,16.341422686958184,3.4670751570664608,18.485742505542548,-43.63672527392828,17.17858694427084,37.42576322884224,15.483217167482345,-104.85760895459043,16.480359160859245,-134.87487073409108,560.1290876742846,541.7707559592518,0.0,0.0,0.0,0.0,0.0,0.0,0.0,0.0,0.0,0.0,0.0,0.0,0.0,0.0,0.0,0.0,0.0,0.0,0.0,0.0,0.0,0.0,1.443213843106592,0.44054146614975339,167.74000053882458,196.41282303999425,4166.3128976542,0.27428235059740177,0.04186238562231406,95.49935683154473,111.70767432988106,2417.7439393875827,1.3862010814990376,0.2619427591645953,95.05679174932456,111.1894935910712,2405.9770804889669,0.27545161096204759,0.052050568964861588,89.9997664825423,105.24297627386315,2265.461141136686,0.0,0.0,8.474382770775453,9.978149226432848,183.571287971504,0.0,0.0,13.373411923391498,15.62265235379951,348.50875553738578,0.0,0.0,101.6020948708559,119.27227949671759,2374.341245595785,0.0,0.0,37.27248418461457,44.04693267249364,731.6245016864098,0.0,0.0,30.52755569457958,35.95218454682066,658.6077705612163,49.53878528488579,33.97721898826187,152.08482082307749,178.96660634727528,4327.990638648011,0.0,0.0,79.30688467259893,94.20264509062128,1336.4838402233968,0.0,17.96847820490111,38.70505722367254,22.0,30.0,0.0,18.236601952319338,38.05931046710842,12.0,30.0,0.0,18.13321096240346,38.378150951543677,22.0,30.0,0.0,18.1519834535978,38.420034703488038,12.0,30.0,0.0,16.338101875363443,43.935489711833017,12.0,30.0,0.0,18.657253853830114,37.92036519704805,12.0,30.0,0.0,17.233660941513877,40.92930392643024,10.0,30.0,0.0,15.279275578202857,46.79307081818739,12.0,30.0,0.0,16.292281577162365,43.967900243996,20.0,30.0,0.0,16.125045484939098,0.0,0.0,0.0,13.829515292439794,0.0,0.0,504.4218726606915,506.598403173435,513.899927585275,528.8318816890389,606.3457190714627,872.3976917061046,556.1336478435076,595.0527226995856,695.7542826907164,0.0,80.91651279680299,80.91651279680299,60.0,0.0,60.0,60.0,12.0,12.0,12.0,19.0,12.0,12.0,21.0,10.0,0.0,0.0,0.0,0.0,0.0,0.0,0.0,0.0,0.0,0.0,0.0,0.0,0.0,80.91651279680299,80.91651279680299,0.0,0.0,0.0,80.91651279680299,0.0,0.0,0.0007266666666666667 
 03/22  00:30:00,5.390000000000001,87.5,7.975,0.0,0.0,0.0,0.0,0.0,2.0,2.0,0.0,0.0,0.0,0.0,0.0,2079.0,0.0,0.0,0.0,0.0,0.0,0.0,0.0,0.0,0.0,0.0,0.0,18.45536842150134,-20.880982978131656,18.50962137945665,-360.50780800324909,18.380282442711825,-242.78321878993428,18.24650786920433,-193.2162576417313,16.31737403391666,3.0759434880795109,18.43659096930238,-37.73813986729242,17.144279987383017,-8.368610987781113,15.417288781996409,-111.05380063834312,16.51783012033722,-127.08943907193253,620.4621095225627,546.261771188628,0.0,0.0,0.0,0.0,0.0,0.0,0.0,0.0,0.0,0.0,0.0,0.0,0.0,0.0,0.0,0.0,0.0,0.0,0.0,0.0,0.0,0.0,1.4291730501256584,0.43625550980636687,174.71130769511673,204.86220466052726,4375.035744202477,0.26188692315338815,0.03997053161681747,112.6631385534867,132.0842077704105,2826.215279157719,1.3741910639748994,0.2596732925122637,136.89030937797069,160.32892101616094,3438.0984456885814,0.26205621851362517,0.049519315667729598,95.97201915994859,112.34905410002846,2388.6742363589335,0.0,0.0,8.0745976355302,9.514709031510437,175.53266713359265,0.0,0.0,13.186806916957409,15.417147039353872,344.09375710469768,0.0,0.0,96.00491760443745,112.79571823118684,2246.98343375878,0.0,0.0,39.5320068241554,46.76470546651559,774.4932301087276,0.0,0.0,27.467238259679044,32.360637480645937,600.8906470917477,49.20419081967657,33.747730328996279,192.9671121541,227.43297217019853,5251.723367639999,0.0,0.0,77.47314323097619,92.11073130763507,1304.847635496124,0.0,17.97579145472729,38.6913527927361,21.999999999999994,29.99999999999999,0.0,18.07145223922156,38.35540551010489,11.999999999999995,29.99999999999999,0.0,17.969970200928793,38.73081376074751,21.999999999999994,29.99999999999999,0.0,18.035750034027286,38.64539475399958,11.999999999999995,29.99999999999999,0.0,16.314250618911076,43.81222632460955,11.999999999999995,29.99999999999999,0.0,18.61112712083884,37.88367691059655,11.999999999999995,29.99999999999999,0.0,17.188828883599486,40.90216072638435,9.999999999999997,29.99999999999999,0.0,15.195185114883682,46.79668164509793,11.999999999999995,29.99999999999999,0.0,16.386950181547435,43.522351093380489,19.999999999999994,29.99999999999999,0.0,16.286576919305725,0.0,0.0,0.0,13.760862666413484,0.0,0.0,507.55393857384368,493.07866910389978,512.1292028565097,524.8214157964628,595.4630158219268,871.4666541716438,547.5650962662396,579.9591141807078,703.1736971917173,0.0,80.91651279680295,80.91651279680295,59.99999999999998,0.0,59.99999999999998,59.99999999999998,12.0,12.0,12.0,19.0,12.0,12.0,21.0,10.0,0.0,0.0,0.0,0.0,0.0,0.0,0.0,0.0,0.0,0.0,0.0,0.0,0.0,80.91651279680295,80.91651279680295,0.0,0.0,0.0,80.91651279680295,0.0,0.0,0.0007433333333333335 
 03/22  00:40:00,5.326666666666667,88.0,7.816666666666666,0.0,0.0,0.0,0.0,0.0,2.0,2.0,0.0,0.0,0.0,0.0,0.0,693.0,0.0,0.0,0.0,0.0,0.0,0.0,0.0,0.0,0.0,0.0,0.0,18.478410801358018,-86.24527780271096,18.355301263341059,-381.2840452954594,18.394824703594716,-66.03878494044241,18.068568060782199,-234.0676449460376,16.287677249671206,2.951216415400553,18.3808294579771,-35.468433073938189,17.10294419199473,5.0357461160560919,15.343378619055308,-108.52557635215344,16.554992323646738,-126.02945551058741,546.9296979558196,545.8872925664207,0.0,0.0,0.0,0.0,0.0,0.0,0.0,0.0,0.0,0.0,0.0,0.0,0.0,0.0,0.0,0.0,0.0,0.0,0.0,0.0,0.0,0.0,1.4197455350656186,0.4333777579565382,130.56292264370843,152.51853380532689,3324.995568561945,0.2584358342748092,0.03944380865000143,110.09052657606482,128.70290883572236,2734.4911975586348,1.3943903210984033,0.263490234523508,146.11879332315415,170.6744296126949,3720.740505267769,0.2701613324416328,0.0510508942633471,73.31568046128332,85.73842986581117,1809.773804759304,0.0,0.0,8.113230850735996,9.535298111956522,176.9257578360682,0.0,0.0,13.023300564837172,15.186869216194724,340.07055417887866,0.0,0.0,96.31738145575558,112.87287815596501,2258.013121892895,0.0,0.0,40.482453444788877,47.77511514098342,790.8613734356986,0.0,0.0,26.183684592583395,30.752292885711687,580.9225044551305,48.86831316855157,33.51736156965131,144.14195380575226,169.5927747065998,4096.841849455748,0.0,0.0,76.60278267309892,90.8484248787079,1289.7074454908023,0.0,18.08113835735838,38.341360934834948,22.00000000000001,30.000000000000015,0.0,17.863007198517566,38.758682186330279,12.000000000000006,30.000000000000015,0.0,18.097183182416836,38.48076141254564,22.00000000000001,30.000000000000015,0.0,17.764465950119587,39.0756752084978,12.000000000000006,30.000000000000015,0.0,16.279934632713699,43.66128606015283,12.000000000000006,30.000000000000015,0.0,18.549748593342224,37.83327814985361,12.000000000000006,30.000000000000015,0.0,17.138604651179194,40.98587156118817,10.000000000000004,30.000000000000015,0.0,15.096802751196148,46.89547835888932,12.000000000000006,30.000000000000015,0.0,16.478533196962894,43.06198993052022,20.000000000000008,30.000000000000015,0.0,16.005581654518286,0.0,0.0,0.0,13.689303205366253,0.0,0.0,495.1567251499228,479.96502492766009,523.2384302921337,497.88194409248629,580.1201766232068,868.4081943168093,547.3667164768934,570.2095579116325,707.9704528909305,0.0,80.91651279680304,80.91651279680304,60.00000000000003,0.0,60.00000000000003,60.00000000000003,12.0,12.0,12.0,19.0,12.0,12.0,21.0,10.0,0.0,0.0,0.0,0.0,0.0,0.0,0.0,0.0,0.0,0.0,0.0,0.0,0.0,80.91651279680304,80.91651279680304,0.0,0.0,0.0,80.91651279680304,0.0,0.0,0.0007599999999999999 
 03/22  00:50:00,5.263333333333334,88.5,7.658333333333333,0.0,0.0,0.0,0.0,0.0,2.0,2.0,0.0,0.0,0.0,0.0,0.0,2079.0,0.0,0.0,0.0,0.0,0.0,0.0,0.0,0.0,0.0,0.0,0.0,18.30317352058817,-252.92535347348824,18.336260256585655,-133.19427768336215,18.217770808465724,-308.0333942764229,18.048187774905864,-68.73454936203726,16.264792697189,1.744388328542699,18.339804891404318,-34.980533897767518,17.07215524508442,-3.016524826502976,15.292836309987957,-115.66537404526406,16.560006371630857,-120.36126821451723,585.9483788133928,538.0606085829177,0.0,0.0,0.0,0.0,0.0,0.0,0.0,0.0,0.0,0.0,0.0,0.0,0.0,0.0,0.0,0.0,0.0,0.0,0.0,0.0,0.0,0.0,1.4110776471652167,0.4307318825290653,155.77289154547345,182.72673997138046,3892.44086066825,0.2640150646165219,0.04029533953243622,100.07119638144647,117.40989113443848,2508.672976915973,1.3642371052618426,0.2577923479330771,153.16140327463584,179.73754829451929,3823.426563762898,0.2740121871343583,0.05177856899742224,125.84466135760867,147.6321813035869,3130.300400351167,0.0,0.0,8.094036063070654,9.539641523622768,177.1376345459384,0.0,0.0,12.720825080638724,14.876012097382852,332.81886331389759,0.0,0.0,94.94513273017758,111.58118407826645,2231.335076908267,0.0,0.0,41.478433291040868,49.09155239922983,811.0455636398035,0.0,0.0,24.303117020720298,28.620910009031485,543.1804301151449,48.558089137500179,33.304587885802629,200.21373969151186,236.1937681509016,5428.904714548282,0.0,0.0,75.0828601918651,89.309320787766,1262.99556915551,0.0,17.79369409360983,39.00946353633425,22.000000000000019,30.00000000000002,0.0,17.934570035236069,38.621300107215038,12.00000000000001,30.00000000000002,0.0,17.80868906811278,39.025104516334938,22.000000000000019,30.00000000000002,0.0,17.817154048643478,39.04772368003523,12.00000000000001,30.00000000000002,0.0,16.259983658790398,43.61494805477525,12.00000000000001,30.00000000000002,0.0,18.516759196665139,37.829056874924187,12.00000000000001,30.00000000000002,0.0,17.108074120125957,40.92641720681998,10.000000000000007,30.00000000000002,0.0,15.044988277268834,46.92447915056852,12.00000000000001,30.00000000000002,0.0,16.504339754333225,42.89192471778544,20.000000000000015,30.00000000000002,0.0,16.077775070966159,0.0,0.0,0.0,13.620161857699366,0.0,0.0,490.7836710565845,485.9262722191694,500.4792577810201,512.5351197294338,572.7627429545555,868.4339863089754,533.1994588537298,563.0776306336015,709.1728577163535,0.0,80.91651279680305,80.91651279680305,60.00000000000004,0.0,60.00000000000004,60.00000000000004,12.0,12.0,12.0,19.0,12.0,12.0,21.0,10.0,0.0,0.0,0.0,0.0,0.0,0.0,0.0,0.0,0.0,0.0,0.0,0.0,0.0,80.91651279680305,80.91651279680305,0.0,0.0,0.0,80.91651279680305,0.0,0.0,0.00076 
 03/22  01:00:00,5.2,89.0,7.5,0.0,0.0,0.0,0.0,0.0,2.0,2.0,0.0,0.0,0.0,0.0,0.0,2079.0,0.0,0.0,0.0,0.0,0.0,0.0,0.0,0.0,0.0,0.0,0.0,18.119531669546324,-173.2593923814164,18.27526453308976,-303.643531849838,18.142180365290604,-261.75133036180275,17.92555954679008,-215.7313046275681,16.236755278316275,0.8679275245378343,18.29273955756466,-33.03639584631066,17.007842854454034,-26.7187236609081,15.229509805663345,-119.85095952453193,16.572246852872909,-102.28274101711058,706.5863640025793,507.6352928009255,0.0,0.0,0.0,0.0,0.0,0.0,0.0,0.0,0.0,0.0,0.0,0.0,0.0,0.0,0.0,0.0,0.0,0.0,0.0,0.0,0.0,0.0,1.4046820319029004,0.4287796190179797,332.7282914628749,390.7632011552057,8119.6533435959959,0.24960630069086074,0.0380961997391424,189.97594323558023,222.72937835571637,4763.360586346396,1.3379775646593033,0.2528302276378127,303.39976118833729,355.9701705056786,7564.278391310433,0.25651739518600949,0.04847267482728828,156.54295535257664,183.80304892869143,3847.233263550944,0.0,0.0,7.763108308125405,9.150973951542707,170.4302733721391,0.0,0.0,12.714516111470438,14.87050857947958,333.1305155073718,0.0,0.0,87.11328724369422,102.40828740286389,2043.7004344242437,0.0,0.0,41.70779055550866,49.376346333603269,814.6342365844265,0.0,0.0,20.289823640748716,23.889850709460995,457.5820511672652,48.176851494669659,33.04310802103547,433.54316932491528,510.89400957830949,10817.630967163801,0.0,0.0,70.59190009815741,83.9955271087349,1182.2533475132535,0.0,17.530458766917965,39.611755599863339,22.000000000000019,30.00000000000002,0.0,17.877255681260946,38.71555138472239,12.00000000000001,30.00000000000002,0.0,17.750992188677718,39.08078324403621,22.000000000000019,30.00000000000002,0.0,17.62496386880283,39.41262755581926,12.00000000000001,30.00000000000002,0.0,16.230602950732697,43.54136129423361,12.00000000000001,30.00000000000002,0.0,18.470966251964826,37.807096709010128,12.00000000000001,30.00000000000002,0.0,17.01791054779899,41.065701999869009,10.000000000000007,30.00000000000002,0.0,14.968552890925267,46.98182601703264,12.00000000000001,30.00000000000002,0.0,16.544735508814147,42.64614946764326,20.000000000000015,30.00000000000002,0.0,16.376934108348676,0.0,0.0,0.0,13.517390526273595,0.0,0.0,484.5305257582595,478.498828413534,491.1413601271214,495.70212689820769,561.2040187320606,863.991369278245,526.6865146332459,552.3769405043966,716.941992548008,0.0,80.91651279680305,80.91651279680305,60.00000000000004,0.0,60.00000000000004,60.00000000000004,12.0,12.0,12.0,19.0,12.0,12.0,21.0,10.0,0.0,0.0,0.0,0.0,0.0,0.0,0.0,0.0,0.0,0.0,0.0,0.0,0.0,80.91651279680305,80.91651279680305,0.0,0.0,0.0,80.91651279680305,0.0,0.0,0.00076 
 03/22  01:10:00,5.120000000000001,89.0,7.296666666666667,0.0,0.0,0.0,0.0,0.0,2.0,2.0,0.0,0.0,0.0,0.0,0.0,2079.0,0.0,0.0,0.0,0.0,0.0,0.0,0.0,0.0,0.0,0.0,0.0,18.10450082448313,-211.648909340615,18.06093284138609,-403.83791309995169,17.96288481375347,-319.9356156149447,17.884931804914034,-135.1501967228823,16.207527518393598,-0.10935393870230809,18.245936785428257,-32.91205608243846,16.940069941577315,-27.413327721670009,15.167771011959808,-122.20129268991014,16.584051468976506,-89.43536716957755,689.3476168023972,488.7977657827638,0.0,0.0,0.0,0.0,0.0,0.0,0.0,0.0,0.0,0.0,0.0,0.0,0.0,0.0,0.0,0.0,0.0,0.0,0.0,0.0,0.0,0.0,1.396639147920492,0.4263245262272565,338.88847591230708,397.7109627503215,8387.8796124033,0.25281111773012845,0.03858533542889629,180.48817038612976,211.8687157375683,4436.491943962149,1.3204676071900954,0.24952146772299617,214.76435247019834,252.13448679045326,5289.164791354007,0.2501541401580344,0.04727024568367996,75.2256588305338,88.29804370034025,1859.7200606488289,0.0,0.0,7.593943307718854,8.951303688866429,167.4657133698483,0.0,0.0,12.611731639981663,14.752844087843667,331.35668155584349,0.0,0.0,84.69679745230485,99.59122211062473,1985.0203942076155,0.0,0.0,41.94262712993629,49.66523235512949,820.0718517989117,0.0,0.0,17.570351200138437,20.68365558696743,400.30534041955846,47.60451200141588,32.650556928268787,355.22651373383015,418.6443240205627,8999.427228940287,0.0,0.0,67.58859092226214,80.44452669574851,1130.6232685139535,0.0,17.57690462051438,39.41340348780708,22.0,30.0,0.0,17.542919642636677,39.43223615010023,12.0,30.0,0.0,17.487430963820523,39.61055906298028,22.0,30.0,0.0,17.62510886096394,39.303829609607067,12.0,30.0,0.0,16.199623994351787,43.493237925853339,12.0,30.0,0.0,18.426195602953688,37.78891950561113,12.0,30.0,0.0,16.924582387422818,41.183298756011279,10.0,30.0,0.0,14.896681640422106,47.07549475605277,12.0,30.0,0.0,16.582468255055617,42.43384160465252,20.0,30.0,0.0,16.311122987991518,0.0,0.0,0.0,13.42514864828501,0.0,0.0,474.6471375056908,469.66560971837228,477.7289936055289,482.5318451300909,550.5983219464722,855.9920404381126,510.4270372558027,544.9202910113465,729.4242950300587,0.0,80.91651279680299,80.91651279680299,60.0,0.0,60.0,60.0,12.0,12.0,12.0,19.0,12.0,12.0,21.0,10.0,0.0,0.0,0.0,0.0,0.0,0.0,0.0,0.0,0.0,0.0,0.0,0.0,0.0,80.91651279680299,80.91651279680299,0.0,0.0,0.0,80.91651279680299,0.0,0.0,0.00076 
 03/22  01:20:00,5.040000000000001,89.0,7.093333333333334,0.0,0.0,0.0,0.0,0.0,2.0,2.0,0.0,0.0,0.0,0.0,0.0,1386.0,0.0,0.0,0.0,0.0,0.0,0.0,0.0,0.0,0.0,0.0,0.0,18.04072688516655,-112.77800074582615,18.04101486887032,-262.77801250579446,17.908082032591229,-337.90073641683878,17.8127031098374,-121.34702185399829,16.176764988805858,-0.33310039489448686,18.19585233844033,-32.13509077608043,16.887408932259114,-22.033139311653487,15.108052778519946,-120.22983568039899,16.590851313941906,-85.990296963178,608.9277561399981,485.35677062059667,0.0,0.0,0.0,0.0,0.0,0.0,0.0,0.0,0.0,0.0,0.0,0.0,0.0,0.0,0.0,0.0,0.0,0.0,0.0,0.0,0.0,0.0,1.3778070017434888,0.4205760078582078,182.50504738055094,213.81466339112138,4564.49983356141,0.2529472092075471,0.03860610641140829,87.83519757112745,102.84552401271829,2176.7085977058939,1.3218985226192706,0.24979185990538006,181.23879977230019,212.52188171443815,4480.100041239253,0.25905557809618587,0.04895230122754833,113.90450432305376,133.54656195237599,2824.797942139685,0.0,0.0,7.553704484637562,8.899387008367136,167.31321165336596,0.0,0.0,12.454398853205602,14.561165164311625,328.0078322778467,0.0,0.0,84.24299779646762,99.0156831944417,1977.9783453349324,0.0,0.0,41.961565163215507,49.66497058781729,821.7391433628238,0.0,0.0,16.758772875867139,19.715074040779855,385.3330079612034,46.874993232129728,32.15020111943055,231.7493752093397,272.8827352820046,6135.7930513169289,0.0,0.0,66.45579580909842,79.06470131984472,1112.7998291572104,0.0,17.547950055607879,39.424697713310298,22.0,30.0,0.0,17.607207190424587,39.22312489671809,12.0,30.0,0.0,17.4727164564717,39.594532187572969,22.0,30.0,0.0,17.54694274094207,39.44371524035388,12.0,30.0,0.0,16.166360475082919,43.46386084027988,12.0,30.0,0.0,18.37487183204827,37.80451143137586,12.0,30.0,0.0,16.863838865809976,41.29627956844476,10.0,30.0,0.0,14.829123314359082,47.19642431556038,12.0,30.0,0.0,16.608954745646359,42.26834889126799,20.0,30.0,0.0,16.054712555113825,0.0,0.0,0.0,13.350846077166576,0.0,0.0,471.5114923770927,467.4069750581624,474.2930515643452,478.1956298052555,538.735067842896,850.4673343720348,506.3092244372601,537.4438572782167,739.6883524687135,0.0,80.91651279680299,80.91651279680299,60.0,0.0,60.0,60.0,12.0,12.0,12.0,19.0,12.0,12.0,21.0,10.0,0.0,0.0,0.0,0.0,0.0,0.0,0.0,0.0,0.0,0.0,0.0,0.0,0.0,80.91651279680299,80.91651279680299,0.0,0.0,0.0,80.91651279680299,0.0,0.0,0.0007433333333333333 
 03/22  01:30:00,4.96,89.0,6.890000000000001,0.0,0.0,0.0,0.0,0.0,2.0,2.0,0.0,0.0,0.0,0.0,0.0,2079.0,0.0,0.0,0.0,0.0,0.0,0.0,0.0,0.0,0.0,0.0,0.0,17.944883448293809,-229.6331619951136,17.95235189933874,-237.93654305174858,17.83051438768391,-154.27538062014896,17.754511458553993,-177.87424581185537,16.147891195322197,-0.7945039577552959,18.15016558763621,-31.669907981616846,16.847119958134966,-23.1359609881656,15.052586076863392,-124.33630695337414,16.594441588548024,-73.99076573261314,595.7288833089592,472.7646149304373,0.0,0.0,0.0,0.0,0.0,0.0,0.0,0.0,0.0,0.0,0.0,0.0,0.0,0.0,0.0,0.0,0.0,0.0,0.0,0.0,0.0,0.0,1.3735167070883894,0.41926639410512486,218.65403284930188,256.50074014895508,5409.313917413813,0.2504776361052954,0.03822918743975814,117.65908690402255,137.96947532584813,2925.6601197608667,1.3228295816060299,0.24996779697770786,176.1861268061859,206.7484051291373,4378.517027827574,0.25683082531232856,0.04853190198645661,80.42067081590547,94.38100136981638,1998.066580995488,0.0,0.0,7.512861296708811,8.858419836330743,167.16819488477146,0.0,0.0,12.284706611704815,14.374482840947009,324.4435935478423,0.0,0.0,82.06369454047764,96.53595628982009,1933.4651912939108,0.0,0.0,42.44864406787263,50.28512682557289,833.0673330341348,0.0,0.0,14.560167306679319,17.140428573727875,337.60163305585476,45.951469646132668,31.516783022038866,243.66122542963826,287.1153230271443,6407.6345500784659,0.0,0.0,64.1922546691556,76.44568448542951,1074.660675547911,0.0,17.41947410580125,39.64143366026108,21.999999999999994,29.99999999999999,0.0,17.51805245804531,39.38939083331576,11.999999999999995,29.99999999999999,0.0,17.42499599278929,39.67004883067367,21.999999999999994,29.99999999999999,0.0,17.486727419050184,39.49610241263239,11.999999999999995,29.99999999999999,0.0,16.1374942464795,43.456212744691168,11.999999999999995,29.99999999999999,0.0,18.331969450884978,37.82554563990442,11.999999999999995,29.99999999999999,0.0,16.82377186113149,41.308807668613948,9.999999999999997,29.99999999999999,0.0,14.76946029125871,47.30497031672013,11.999999999999995,29.99999999999999,0.0,16.62950393065652,42.14638678640891,19.999999999999994,29.99999999999999,0.0,16.035257941684713,0.0,0.0,0.0,13.267454295191636,0.0,0.0,468.1152791829952,465.4686199252752,473.07302625596108,477.003855378454,530.2452671125526,846.2437752700423,499.79834516067259,531.4557823515529,751.1340357314406,0.0,80.91651279680295,80.91651279680295,59.99999999999998,0.0,59.99999999999998,59.99999999999998,12.0,12.0,12.0,19.0,12.0,12.0,21.0,10.0,0.0,0.0,0.0,0.0,0.0,0.0,0.0,0.0,0.0,0.0,0.0,0.0,0.0,80.91651279680295,80.91651279680295,0.0,0.0,0.0,80.91651279680295,0.0,0.0,0.0007266666666666668 
 03/22  01:40:00,4.88,89.0,6.686666666666667,0.0,0.0,0.0,0.0,0.0,2.0,2.0,0.0,0.0,0.0,0.0,0.0,1386.0,0.0,0.0,0.0,0.0,0.0,0.0,0.0,0.0,0.0,0.0,0.0,17.845111360878528,-257.2019508261676,17.903632721841505,-139.49805773496096,17.820102274464238,-97.26538075751707,17.709013024575726,-100.72546985460675,16.116237917497917,-0.7889862488713535,18.100759985515066,-31.987791119120243,16.80012134830335,-12.061992073929567,14.992433996151043,-125.62780929123191,16.601771739372489,-63.39442939243448,483.7984397713109,462.9403135721082,0.0,0.0,0.0,0.0,0.0,0.0,0.0,0.0,0.0,0.0,0.0,0.0,0.0,0.0,0.0,0.0,0.0,0.0,0.0,0.0,0.0,0.0,1.3725986138211659,0.4189861458550569,143.26734500904375,168.07094848062585,3539.256333733534,0.2577388910403249,0.03933743758246719,95.51030035142625,112.02290167326777,2389.6509346988125,1.323011005548466,0.2500020796576846,78.26184726966656,91.77855564132466,1983.8681575303904,0.25950135135351978,0.04903653653694629,74.92918367782096,87.87319756523232,1872.1852332773077,0.0,0.0,7.70757895572377,9.081332969488337,172.23671487297248,0.0,0.0,12.129968840440041,14.186165326901137,321.13956743447036,0.0,0.0,81.68136587424526,96.02517691824754,1929.454369885491,0.0,0.0,42.72145750651411,50.584717905845867,839.644081810399,0.0,0.0,12.71583788177307,14.956332108375716,297.5388961422668,45.024997729994378,30.8813427503391,141.1699092137107,166.54624271025785,4006.5834588284626,0.0,0.0,62.18504104574302,74.02488774099567,1040.4356378125695,0.0,17.311056686684208,39.81140885416374,22.000000000000008,30.00000000000001,0.0,17.497882871125939,39.38334822162717,12.000000000000004,30.00000000000001,0.0,17.480392241534788,39.45775790057951,22.000000000000008,30.00000000000001,0.0,17.463732846422319,39.49911954240153,12.000000000000004,30.00000000000001,0.0,16.10367349240262,43.451400588327228,12.000000000000004,30.00000000000001,0.0,18.28135955443842,37.85652121542613,12.000000000000004,30.00000000000001,0.0,16.772764106758918,41.39058851984889,10.000000000000004,30.00000000000001,0.0,14.700793806692794,47.440140526154589,12.000000000000004,30.00000000000001,0.0,16.65636035176754,42.011243523399688,20.000000000000008,30.00000000000001,0.0,15.68971839402761,0.0,0.0,0.0,13.179550258209848,0.0,0.0,464.29062541697706,464.6967800375361,473.6743557140703,478.41401757767189,521.5046561544903,842.0952455060493,492.902791578339,526.3054137233839,770.8248682747112,0.0,80.91651279680302,80.91651279680302,60.00000000000002,0.0,60.00000000000002,60.00000000000002,12.0,12.0,12.0,19.0,12.0,12.0,21.0,10.0,0.0,0.0,0.0,0.0,0.0,0.0,0.0,0.0,0.0,0.0,0.0,0.0,0.0,80.91651279680302,80.91651279680302,0.0,0.0,0.0,80.91651279680302,0.0,0.0,0.0007099999999999999 
 03/22  01:50:00,4.8,89.0,6.483333333333333,0.0,0.0,0.0,0.0,0.0,2.0,2.0,0.0,0.0,0.0,0.0,0.0,1386.0,0.0,0.0,0.0,0.0,0.0,0.0,0.0,0.0,0.0,0.0,0.0,17.67763373438968,-121.97321213208397,17.85948669230712,-368.21958455711867,17.747761449497195,-288.1589250819004,17.73986730980277,-18.736352520858909,16.08499239230935,-1.7895043758982468,18.052462450123728,-29.73850355935582,16.75128311376216,-46.11224797594787,14.928505162270435,-133.49862919574867,16.618049230164375,-30.47010626403454,598.5075223920962,427.31018351562957,0.0,0.0,0.0,0.0,0.0,0.0,0.0,0.0,0.0,0.0,0.0,0.0,0.0,0.0,0.0,0.0,0.0,0.0,0.0,0.0,0.0,0.0,1.389542869325397,0.4241583850199625,403.298203299904,473.29034734028547,9914.289187354834,0.2487461229203753,0.037964914975637257,233.44763584735535,273.7294200379207,5838.455829892008,1.2378704036429154,0.23391353054476866,151.6489635627869,177.7858867375103,3788.0937577288207,0.23674393495674377,0.04473619330248369,6.681658428232659,7.826216617528905,174.90141671276073,0.0,0.0,7.240698840905654,8.535364335805495,162.50968797276264,0.0,0.0,11.945290592525911,13.972217964332073,317.03789464729848,0.0,0.0,70.2722171380531,82.65767062722955,1664.5616241031094,0.0,0.0,42.74200365432496,50.62369771775059,840.5938729990739,0.0,0.0,12.522008000929656,14.725335792693909,296.0289713415298,44.11759494534007,30.25898144399183,357.4434733211138,421.08033335301419,8961.860451635732,0.0,0.0,56.807871472365309,67.65189242341354,946.2003215826384,0.0,17.089985989175383,40.292990965748007,22.0,30.0,0.0,17.463033356631937,39.32654942152841,12.0,30.0,0.0,17.395949169764248,39.49580392416788,22.0,30.0,0.0,17.575627694680983,39.224638160565508,12.0,30.0,0.0,16.071122059985698,43.43110351553483,12.0,30.0,0.0,18.232949313618599,37.8796351595514,12.0,30.0,0.0,16.713517843365567,41.41422242138634,10.0,30.0,0.0,14.624656531071839,47.54273683682298,12.0,30.0,0.0,16.700321981480849,41.809068280347577,20.0,30.0,0.0,16.027784080671347,0.0,0.0,0.0,13.05897685287854,0.0,0.0,463.34722118002869,461.8378541248144,464.60444960991029,493.1467352894266,512.9983610932759,837.4756680050348,484.7910379716171,521.696489458413,781.7793127289892,0.0,80.91651279680299,80.91651279680299,60.0,0.0,60.0,60.0,12.0,12.0,12.0,19.0,12.0,12.0,21.0,10.0,0.0,0.0,0.0,0.0,0.0,0.0,0.0,0.0,0.0,0.0,0.0,0.0,0.0,80.91651279680299,80.91651279680299,0.0,0.0,0.0,80.91651279680299,0.0,0.0,0.0006866666666666667 
 03/22  02:00:00,4.72,89.0,6.28,0.0,0.0,0.0,0.0,0.0,2.0,2.0,0.0,0.0,0.0,0.0,0.0,2079.0,0.0,0.0,0.0,0.0,0.0,0.0,0.0,0.0,0.0,0.0,0.0,17.766498616527256,-176.03623602674316,17.712044395452808,-210.19351705646887,17.677026145405255,-135.68249173930125,17.63826906385977,-186.1854568738312,16.05455337064958,-2.019851750946308,18.00856251773256,-30.97938833370558,16.68178263367026,-31.643980328435668,14.87133485583389,-133.75539312981926,16.62999334154344,-34.590807312259,576.7043724299672,432.9830720097809,0.0,0.0,0.0,0.0,0.0,0.0,0.0,0.0,0.0,0.0,0.0,0.0,0.0,0.0,0.0,0.0,0.0,0.0,0.0,0.0,0.0,0.0,1.3736933905347507,0.4193203267810598,262.0716226142555,307.77485496567916,6571.316279879824,0.2580105735184941,0.03937890316216336,145.33368273606406,170.73832246726247,3616.4321733620838,1.2760996092474,0.2411374922992066,136.70618205323704,160.4947162557334,3444.561364812259,0.2423080544834338,0.04578761422589454,79.40242619401758,93.32680466993966,1998.3272844551537,0.0,0.0,7.382079502039089,8.705576030740703,166.39900663219863,0.0,0.0,11.847658369464087,13.869191550098363,315.3735469260768,0.0,0.0,72.83746748450042,85.72779452850068,1722.55199031712,0.0,0.0,43.18515705769276,51.19154723233447,850.9707827534528,0.0,0.0,13.57317832171236,15.96747702345888,323.78827548989946,43.30620794165365,29.70247458275288,241.98067767868879,285.51494200490779,6375.8497533860959,0.0,0.0,57.05707590526365,68.00810648512382,951.5179988340713,0.0,17.311209427362895,39.655863507169119,22.000000000000019,30.00000000000002,0.0,17.27354815289883,39.66927307067989,12.00000000000001,30.00000000000002,0.0,17.344858012816024,39.59225033985626,22.000000000000019,30.00000000000002,0.0,17.406213003073384,39.36213599532135,12.00000000000001,30.00000000000002,0.0,16.04085299014478,43.43667426538803,12.00000000000001,30.00000000000002,0.0,18.192445223734035,37.89476098463885,12.00000000000001,30.00000000000002,0.0,16.6213776208944,41.567045984786719,10.000000000000007,30.00000000000002,0.0,14.563246477128804,47.66198747146695,12.00000000000001,30.00000000000002,0.0,16.730159966842469,41.65205255481264,20.000000000000015,30.00000000000002,0.0,15.967348412360554,0.0,0.0,0.0,12.988116063313191,0.0,0.0,463.7500283649133,458.5156331702643,473.9180240628625,464.5620881825402,507.4224234030362,830.4410902334014,482.8492898370491,527.6061693562657,784.6036097648336,0.0,80.91651279680305,80.91651279680305,60.00000000000004,0.0,60.00000000000004,60.00000000000004,12.0,12.0,12.0,19.0,12.0,12.0,21.0,10.0,0.0,0.0,0.0,0.0,0.0,0.0,0.0,0.0,0.0,0.0,0.0,0.0,0.0,80.91651279680305,80.91651279680305,0.0,0.0,0.0,80.91651279680305,0.0,0.0,0.0006633333333333333 
 03/22  02:10:00,4.636666666666667,88.83333333333334,6.140000000000001,0.0,0.0,0.0,0.0,0.0,2.0,2.0,0.0,0.0,0.0,0.0,0.0,1386.0,0.0,0.0,0.0,0.0,0.0,0.0,0.0,0.0,0.0,0.0,0.0,17.762498761063357,-63.47754096218023,17.711763851430093,-190.907441966968,17.61313556046635,-201.18198111712696,17.586650523807813,-106.12457945134122,16.021565751094557,-1.8651555584696525,17.95825748071762,-30.68308503713925,16.64772240877393,-20.787948096795618,14.809921586888454,-134.3451515523318,16.63209180991148,-38.871194737592137,365.72170179492448,439.3350580163499,0.0,0.0,0.0,0.0,0.0,0.0,0.0,0.0,0.0,0.0,0.0,0.0,0.0,0.0,0.0,0.0,0.0,0.0,0.0,0.0,0.0,0.0,1.3652448282751908,0.41674140057240258,115.42424581005221,135.39887793527329,2945.6736529365518,0.2579905307917628,0.03937584413793694,72.73776587725348,85.32256676291095,1834.147200739401,1.306500580775881,0.24688219591380979,84.27843973820453,98.89833027674743,2142.014346574681,0.25409115489111419,0.048014201604518916,66.7591536908733,78.34799449866486,1687.8387533496512,0.0,0.0,7.59762226971117,8.95505847241347,172.02345774818057,0.0,0.0,11.7586015118144,13.75797509103417,313.79941459284836,0.0,0.0,76.14014654529626,89.56281425734184,1809.668813978179,0.0,0.0,43.665840148035858,51.737788016941639,861.8787599386785,0.0,0.0,13.893232941614955,16.332845629676613,334.06457568862359,42.71766394774927,29.298809292009119,93.16579693236241,110.01418020120463,2891.3228244495105,0.0,0.0,57.431236921223177,68.4228876074805,959.8025458891868,0.0,17.380490794314797,39.431555039459507,22.0,30.0,0.0,17.341494441882014,39.3447942931177,12.0,30.0,0.0,17.28454439142323,39.469048040624347,22.0,30.0,0.0,17.370301990588687,39.39023898059966,12.0,30.0,0.0,16.005977628223027,43.43636212562531,12.0,30.0,0.0,18.140074733942308,37.92697990897594,12.0,30.0,0.0,16.59688199425024,41.578186785765627,10.0,30.0,0.0,14.493314879277586,47.80829147120994,12.0,30.0,0.0,16.74268246025462,41.5274749146239,20.0,30.0,0.0,15.276265121013456,0.0,0.0,0.0,12.9199172855957,0.0,0.0,467.16961270062395,456.56324051085087,461.04322872888556,465.4957854145688,502.4481099223534,823.7685499283214,485.75951713630777,534.0767757491749,781.2656325628529,0.0,80.91651279680299,80.91651279680299,60.0,0.0,60.0,60.0,12.0,12.0,12.0,19.0,12.0,12.0,21.0,10.0,0.0,0.0,0.0,0.0,0.0,0.0,0.0,0.0,0.0,0.0,0.0,0.0,0.0,80.91651279680299,80.91651279680299,0.0,0.0,0.0,80.91651279680299,0.0,0.0,0.0006399999999999999 
 03/22  02:20:00,4.553333333333334,88.66666666666667,6.000000000000001,0.0,0.0,0.0,0.0,0.0,2.0,2.0,0.0,0.0,0.0,0.0,0.0,2772.0,0.0,0.0,0.0,0.0,0.0,0.0,0.0,0.0,0.0,0.0,0.0,17.660788881507679,-232.731310352683,17.671320392174488,-102.54264458086648,17.567285604261408,-98.73535311611988,17.510927454243384,-218.91492095620277,15.99140453328181,-2.117493867533817,17.913415519804589,-30.021006041072327,16.616223862077385,-24.744541418294149,14.753843411300164,-138.2065740506713,16.626625596954157,-41.89525570246799,417.93557793586509,447.7969857754817,0.0,0.0,0.0,0.0,0.0,0.0,0.0,0.0,0.0,0.0,0.0,0.0,0.0,0.0,0.0,0.0,0.0,0.0,0.0,0.0,0.0,0.0,1.367179860940317,0.41733206988410168,113.45138478910505,133.35482588667896,2878.9383551327757,0.2554761415275171,0.03899208509272238,37.87916840115339,44.54163295650814,961.6223173515101,1.322657968785953,0.24993536825131397,109.97774351933265,129.19494815226117,2800.250085206252,0.2567789793103298,0.04852210493392474,70.88290450444068,83.27989047183594,1790.4612845706338,0.0,0.0,7.591617977750173,8.957669614919816,172.6956094579947,0.0,0.0,11.622431595227419,13.614036467966863,311.1124650185649,0.0,0.0,76.23293890082884,89.76962871745676,1820.391202875407,0.0,0.0,44.403935358617037,52.67535346782327,878.5960929474829,0.0,0.0,14.774275244114849,17.385852759972989,357.6178102780322,42.21593518145457,28.954688053123854,118.69888830588468,140.3507617367088,3490.824956085223,0.0,0.0,58.056247289119017,69.25019387045875,973.1216661712131,0.0,17.22785515833467,39.42667958647645,22.0,30.0,0.0,17.32782252624633,39.170610743606498,12.0,30.0,0.0,17.266578088053959,39.45270377928546,22.0,30.0,0.0,17.270562694397787,39.34390842416017,12.0,30.0,0.0,15.977127635442269,43.43354540317878,12.0,30.0,0.0,18.098558833191189,37.93854718489765,12.0,30.0,0.0,16.570904519339864,41.472053121910949,10.0,30.0,0.0,14.433912596110739,47.90391405949231,12.0,30.0,0.0,16.742458786558406,41.45079072323616,20.0,30.0,0.0,15.392213702955459,0.0,0.0,0.0,12.861022648762433,0.0,0.0,456.1501387541907,452.94139669454258,463.1530078445022,459.6699658686698,500.5425517291577,819.3228254475898,484.92160269673868,538.9005835104094,777.0704956177299,0.0,80.91651279680299,80.91651279680299,60.0,0.0,60.0,60.0,12.0,12.0,12.0,19.0,12.0,12.0,21.0,10.0,0.0,0.0,0.0,0.0,0.0,0.0,0.0,0.0,0.0,0.0,0.0,0.0,0.0,80.91651279680299,80.91651279680299,0.0,0.0,0.0,80.91651279680299,0.0,0.0,0.0006366666666666667 
 03/22  02:30:00,4.47,88.5,5.86,0.0,0.0,0.0,0.0,0.0,2.0,2.0,0.0,0.0,0.0,0.0,0.0,1386.0,0.0,0.0,0.0,0.0,0.0,0.0,0.0,0.0,0.0,0.0,0.0,17.57284192871271,-149.6354257706828,17.631633868041648,-174.82564147374706,17.55851761905778,-87.64843002442089,17.488353528699276,-7.399765908383685,15.95722245452595,-2.044986765197578,17.86327569829848,-29.28066622425891,16.571829257396947,-26.72845534627504,14.692964928300228,-136.79770756983749,16.61635350903434,-43.63927620851453,262.02725914702367,452.90669914422485,0.0,0.0,0.0,0.0,0.0,0.0,0.0,0.0,0.0,0.0,0.0,0.0,0.0,0.0,0.0,0.0,0.0,0.0,0.0,0.0,0.0,0.0,1.3729206964490857,0.41908446167554516,109.4095659651999,128.4994614398251,2785.44267024901,0.2574788631844598,0.039297750791278968,65.81320733912554,77.30338570723063,1674.4706495683293,1.318527537658702,0.24915486350315617,21.11725371914402,24.816197069059798,568.8951016084589,0.2579116985362422,0.048736148627407809,2.6283599165545179,3.0844668442612708,73.31198462621529,0.0,0.0,7.5373043524253,8.88541971490268,172.20298259347909,0.0,0.0,11.529821640403,13.49435495450187,309.43083982487169,0.0,0.0,75.39566370349363,88.70789431616176,1806.205703010467,0.0,0.0,44.536525310669109,52.791478757991139,882.8317723140904,0.0,0.0,15.274582045483062,17.956764656721349,372.07156377326,41.63209141781767,28.554246514278249,57.99235372004283,68.66280924304596,2077.0677718988429,0.0,0.0,58.052830729349697,69.19220040980912,975.382466880937,0.0,17.144476326384436,39.44504946319461,22.0,30.0,0.0,17.29694323678915,39.07282556172516,12.0,30.0,0.0,17.305955023451383,39.201068146735767,22.0,30.0,0.0,17.30407598962069,39.062647549467587,12.0,30.0,0.0,15.940620217015479,43.40759233408026,12.0,30.0,0.0,18.046215993061666,37.927739147635509,12.0,30.0,0.0,16.523112475910588,41.44599995967525,10.0,30.0,0.0,14.365128633024236,48.00644182813776,12.0,30.0,0.0,16.73476236134487,41.36047099156892,20.0,30.0,0.0,14.871082610858285,0.0,0.0,0.0,12.794631934383155,0.0,0.0,453.4045879628551,450.9445025988553,466.023834164254,459.4370068439237,498.91671106399567,813.6616642101085,483.44005724856108,543.1181983501192,770.1851561649063,0.0,80.91651279680299,80.91651279680299,60.0,0.0,60.0,60.0,12.0,12.0,12.0,19.0,12.0,12.0,21.0,10.0,0.0,0.0,0.0,0.0,0.0,0.0,0.0,0.0,0.0,0.0,0.0,0.0,0.0,80.91651279680299,80.91651279680299,0.0,0.0,0.0,80.91651279680299,0.0,0.0,0.0006333333333333334 
 03/22  02:40:00,4.386666666666667,88.33333333333334,5.720000000000001,0.0,0.0,0.0,0.0,0.0,2.0,2.0,0.0,0.0,0.0,0.0,0.0,3465.0,0.0,0.0,0.0,0.0,0.0,0.0,0.0,0.0,0.0,0.0,0.0,17.550043884019784,-34.879113507769947,17.57321491210015,-265.1660044553729,17.486232241200708,-247.3651168123066,17.447039696151437,-143.65090624146533,15.926800183935141,-2.475450024657738,17.81908981957865,-29.561603230982806,16.526998918995603,-35.36029022059829,14.63968782417096,-140.30830351552636,16.603947728824509,-45.65170574232664,452.7106013444478,455.90663334966367,0.0,0.0,0.0,0.0,0.0,0.0,0.0,0.0,0.0,0.0,0.0,0.0,0.0,0.0,0.0,0.0,0.0,0.0,0.0,0.0,0.0,0.0,1.3750562460784562,0.4197363388517876,139.71252411706926,164.29434142141145,3571.524026232656,0.2574229991295942,0.03928922453137884,67.58379468610798,79.45998422104594,1724.6924576726895,1.3146403081004133,0.2484203152117184,103.87929076721766,122.08317295675549,2671.075546961938,0.2542848952047906,0.04805081164111688,56.90557370644598,66.85085246393548,1453.147710847081,0.0,0.0,7.475814358725729,8.82434032927998,171.59132873810666,0.0,0.0,11.55919400114903,13.546444189815335,311.1682771671929,0.0,0.0,73.21254435483843,86.25528804244803,1758.7440724486649,0.0,0.0,44.78210046952907,53.15565787289246,890.2924603366005,0.0,0.0,17.009810902945796,20.022133066700463,416.72984228801837,41.20346795718131,28.260266088601733,130.453761054072,154.30022346566154,3767.2023500980014,0.0,0.0,58.13256267895221,69.38506311322669,978.8890124957801,0.0,17.17922600702217,39.21873164316701,22.0,30.0,0.0,17.23833745233593,38.93045892860349,12.000000000000002,30.0,0.0,17.21370418645924,39.10067982238161,22.0,30.0,0.0,17.254117584018937,38.97569801690686,12.000000000000002,30.0,0.0,15.911941682936338,43.37083359488375,12.000000000000002,30.0,0.0,18.00551841415445,37.90146441331572,12.000000000000002,30.0,0.0,16.47365707752694,41.366995361569689,10.0,30.0,0.0,14.31099123201286,48.018400108185939,12.000000000000002,30.0,0.0,16.724504879250035,41.27077708801985,20.0,30.0,0.0,15.389122002123282,0.0,0.0,0.0,12.729713158419813,0.0,0.0,455.60704916867459,447.3345574055877,458.6871582124613,454.273067748916,498.3756581256298,808.6013614318679,485.41577370118167,548.8788218145249,759.5521655533488,0.0,80.91651279680299,80.91651279680299,60.0,0.0,60.0,60.0,12.0,12.0,12.0,19.0,12.0,12.0,21.0,10.0,0.0,0.0,0.0,0.0,0.0,0.0,0.0,0.0,0.0,0.0,0.0,0.0,0.0,80.91651279680299,80.91651279680299,0.0,0.0,0.0,80.91651279680299,0.0,0.0,0.00063 
 03/22  02:50:00,4.303333333333333,88.16666666666667,5.58,0.0,0.0,0.0,0.0,0.0,2.0,2.0,0.0,0.0,0.0,0.0,0.0,1386.0,0.0,0.0,0.0,0.0,0.0,0.0,0.0,0.0,0.0,0.0,0.0,17.438469857094178,-251.73832043009839,17.524675650857835,-110.93851502918199,17.4111753794159,-179.80796617906027,17.36899234182293,-103.74553643525451,15.891554556465277,-2.2218223517699586,17.76795673906182,-29.794102763929659,16.48761879412434,-21.520396037084767,14.579581854446025,-139.31931400821817,16.587017253366264,-47.37579926812606,442.18200806382927,461.4289887701857,0.0,0.0,0.0,0.0,0.0,0.0,0.0,0.0,0.0,0.0,0.0,0.0,0.0,0.0,0.0,0.0,0.0,0.0,0.0,0.0,0.0,0.0,1.3822018385933935,0.4219175331481665,134.72302536752467,158.22805262676475,3411.3872185248258,0.2625574530930316,0.0400728713511953,74.41730881252065,87.32800394335618,1910.3489109485705,1.3311390767502572,0.25153799636248255,87.21172735599171,102.35720320306013,2247.0662008207079,0.2634189107682239,0.04977681609376867,82.87166172176203,97.24586362623598,2118.0012820037647,0.0,0.0,7.66328448111741,9.035758776308832,176.63470565943212,0.0,0.0,11.497682170591919,13.46106139689276,310.26666501010006,0.0,0.0,75.83289584917937,89.24543587740013,1829.0171583836737,0.0,0.0,45.038125788337939,53.40759704121369,897.1296629329402,0.0,0.0,17.040793087045697,20.03571978852026,419.7926847790122,40.72143390461926,27.929652883826667,131.4785261379034,155.1697751626905,3817.4018694649696,0.0,0.0,58.29567617449892,69.51283157255677,983.7734929956214,0.0,17.006393756658484,39.34351192437917,22.0,30.0,0.0,17.21760667753469,38.88228364950166,12.0,30.0,0.0,17.13863092285373,39.09055349204157,22.0,30.0,0.0,17.159388289754557,39.06323813230783,12.0,30.0,0.0,15.87400409111001,43.308216222288837,12.0,30.0,0.0,17.950773895588556,37.86316184342085,12.0,30.0,0.0,16.43535407425336,41.322969133284107,10.0,30.0,0.0,14.243249758193235,48.07034191866797,12.0,30.0,0.0,16.706777894178715,41.160065560395178,20.0,30.0,0.0,15.35928605632299,0.0,0.0,0.0,12.661379595657515,0.0,0.0,451.2570057087461,449.717489134905,457.09165172957088,454.92054040707617,498.65112844018156,803.0740716352848,485.75757258421688,554.9168259298054,750.4168085519914,0.0,80.91651279680299,80.91651279680299,60.0,0.0,60.0,60.0,12.0,12.0,12.0,19.0,12.0,12.0,21.0,10.0,0.0,0.0,0.0,0.0,0.0,0.0,0.0,0.0,0.0,0.0,0.0,0.0,0.0,80.91651279680299,80.91651279680299,0.0,0.0,0.0,80.91651279680299,0.0,0.0,0.0006133333333333334 
 03/22  03:00:00,4.22,88.0,5.44,0.0,0.0,0.0,0.0,0.0,2.0,2.0,0.0,0.0,0.0,0.0,0.0,1386.0,0.0,0.0,0.0,0.0,0.0,0.0,0.0,0.0,0.0,0.0,0.0,17.25857369929226,-99.11480066901686,17.469738389674583,-308.9940119442599,17.26762463562327,-183.37828837772805,17.307557594499458,-221.56138481367999,15.858009347101984,-2.732918714920771,17.718758139957715,-30.82696719416944,16.43158598666624,-56.24364242910451,14.52195338844426,-142.56588667962036,16.56874570084473,-47.708388601925097,624.9039234376987,457.8611227079954,0.0,0.0,0.0,0.0,0.0,0.0,0.0,0.0,0.0,0.0,0.0,0.0,0.0,0.0,0.0,0.0,0.0,0.0,0.0,0.0,0.0,0.0,1.386176941826424,0.4231309346234506,309.7058531291854,363.90880393584987,7765.44870492806,0.24624476945752533,0.03758314552160033,235.6317842299384,276.5785434424001,6028.827002796723,1.2907041074432653,0.24389722362873504,215.53041219142029,253.23085218143269,5459.797035260883,0.2467488534567489,0.04662676747104098,214.66122069935026,252.06873661126199,5472.3637958753029,0.0,0.0,7.138262045929279,8.420337417785424,165.25173521138587,0.0,0.0,12.124785074670055,14.196841012046616,328.0071609535686,0.0,0.0,67.10120460909403,79.01801936100923,1621.441704233953,0.0,0.0,44.681082781909328,52.99638418289396,891.980410131627,0.0,0.0,20.953777460110108,24.633883037772106,518.882493518674,40.12234067653716,27.51875217869491,424.5209158637514,500.45912432960179,10817.821003010418,0.0,0.0,57.61260698327245,68.717851322656,973.1446751999129,0.0,16.753626026682914,39.75823491841065,22.0,30.0,0.0,17.157020234998414,38.79647471309211,12.0,30.0,0.0,16.92214298224245,39.45234178750006,22.0,30.0,0.0,17.08589362530222,39.03312013162774,12.0,30.0,0.0,15.839722525668059,43.199462102209988,12.0,30.0,0.0,17.89980587226717,37.806639512275918,12.0,30.0,0.0,16.363576481802374,41.21656432139572,10.0,30.0,0.0,14.180002077196834,47.985662478344767,12.0,30.0,0.0,16.68774888969601,40.99209296547557,20.0,30.0,0.0,15.941254753580982,0.0,0.0,0.0,12.58380657031263,0.0,0.0,449.5478759043154,447.3327169549191,457.7920436767448,453.8237896638219,499.6633959869091,797.7046827608263,490.6215130674302,562.8694747014857,735.6189825826533,0.0,80.91651279680299,80.91651279680299,60.0,0.0,60.0,60.0,12.0,12.0,12.0,19.0,12.0,12.0,21.0,10.0,0.0,0.0,0.0,0.0,0.0,0.0,0.0,0.0,0.0,0.0,0.0,0.0,0.0,80.91651279680299,80.91651279680299,0.0,0.0,0.0,80.91651279680299,0.0,0.0,0.0005966666666666667 
 03/22  03:10:00,4.068333333333333,88.33333333333334,5.355,0.0,0.0,0.0,0.0,0.0,2.0,2.0,0.0,0.0,0.0,0.0,0.0,1386.0,0.0,0.0,0.0,0.0,0.0,0.0,0.0,0.0,0.0,0.0,0.0,17.31831618965664,-182.9680653703649,17.292898603016128,-204.9244196126565,17.24156971856113,-266.5779276530707,17.111213599338453,-169.81168643370757,15.823827704511914,-3.039004044473444,17.66804502107354,-33.00513799944741,16.371000440071364,-27.53859982714289,14.462583614658005,-144.88375321288039,16.548579837331258,-52.26495218064542,604.6369857217405,463.98545867517626,0.0,0.0,0.0,0.0,0.0,0.0,0.0,0.0,0.0,0.0,0.0,0.0,0.0,0.0,0.0,0.0,0.0,0.0,0.0,0.0,0.0,0.0,1.377139307848568,0.42037219409296958,193.28550349269103,227.09017381097685,4944.5376784652739,0.2603034698780873,0.03972885681899989,164.51724111523377,193.33626515670646,4191.657220391119,1.3468492068022605,0.2545066528348944,247.27764536236863,290.5941487850861,6343.849081485851,0.2724950954984183,0.05149189257339726,186.9621541415791,219.748704226543,4725.510743985985,0.0,0.0,7.605588944639911,8.970022746356993,177.8513442904614,0.0,0.0,12.062171189758763,14.12821033119425,328.8218334040262,0.0,0.0,74.87331078052958,88.16395628981852,1820.2936596820937,0.0,0.0,45.358133932550369,53.81642003187711,913.6324015838875,0.0,0.0,20.060876015039548,23.593420922782046,502.0508476884014,39.98264836821147,27.422941267634767,325.7880382219586,384.198862805996,8555.92921669539,0.0,0.0,58.33766609330557,69.6039844737728,995.6814987577286,0.0,16.919701619458768,39.20353735158676,22.0,30.0,0.0,16.901492341622686,39.12833267090021,12.0,30.0,0.0,16.934666746642955,39.231993436381717,22.0,30.0,0.0,16.784664802121385,39.51723579680309,12.0,30.0,0.0,15.804566388501108,43.116063527853,12.0,30.0,0.0,17.85028745527636,37.75045388569565,12.0,30.0,0.0,16.290684844636347,41.23664841546726,10.0,30.0,0.0,14.115294990104675,47.91900764006307,12.0,30.0,0.0,16.667504552228146,40.83202517405276,20.0,30.0,0.0,15.82892830099776,0.0,0.0,0.0,12.517517193815383,0.0,0.0,450.90107396164128,443.7623940401831,457.82600533915856,452.0430894412749,500.99190054796886,790.9422660002038,491.7588232509822,568.3523696128505,725.2916055733581,0.0,80.91651279680299,80.91651279680299,60.0,0.0,60.0,60.0,12.0,12.0,12.0,19.0,12.0,12.0,21.0,10.0,0.0,0.0,0.0,0.0,0.0,0.0,0.0,0.0,0.0,0.0,0.0,0.0,0.0,80.91651279680299,80.91651279680299,0.0,0.0,0.0,80.91651279680299,0.0,0.0,0.0005799999999999999 
 03/22  03:20:00,3.916666666666667,88.66666666666667,5.2700000000000009,0.0,0.0,0.0,0.0,0.0,2.0,2.0,0.0,0.0,0.0,0.0,0.0,693.0,0.0,0.0,0.0,0.0,0.0,0.0,0.0,0.0,0.0,0.0,0.0,17.31291086559418,-28.303101963042538,17.209177957128924,-300.9377209559043,17.211164855098919,-49.380522569371809,17.061807499971235,-197.57652635377236,15.785529268148342,-2.875347145861298,17.61011946132215,-30.35439604681318,16.29968017068953,-58.8261253257574,14.40362148805458,-139.24327468830257,16.524072110454985,-50.01134328939918,548.4141110436631,474.14469863009097,0.0,0.0,0.0,0.0,0.0,0.0,0.0,0.0,0.0,0.0,0.0,0.0,0.0,0.0,0.0,0.0,0.0,0.0,0.0,0.0,0.0,0.0,1.3946188697633129,0.42570783570308698,201.07731843761699,235.78501147114165,5248.816360395076,0.24393745732939238,0.03723099165589017,167.1898878565771,196.2024888911142,4278.609879947259,1.3562733090775739,0.2562874733706679,122.23402091195098,143.344353597729,3194.9967775577217,0.2544418620137859,0.048080472791720677,117.44630538083563,137.85184900150848,2995.8364060280925,0.0,0.0,6.761633285356077,7.9615479065859688,159.65766107904626,0.0,0.0,12.380177217983592,14.476040978422557,339.84516162410116,0.0,0.0,65.82970340213339,77.4065163249849,1607.9227874942399,0.0,0.0,45.2451126352866,53.592098292168689,919.8361957481526,0.0,0.0,21.866048586376249,25.66829021199975,552.8729043603353,39.659888782598468,27.201569809738325,243.02656857747759,286.38272972147936,6572.641957807148,0.0,0.0,58.11336509375416,69.22202734367822,1002.1123363625745,0.0,16.99739872012209,39.07730057039151,22.0,30.0,0.0,16.802388582916469,38.98337938288081,12.0,30.0,0.0,16.959163951250699,39.426322908134029,22.0,30.0,0.0,16.749058903404234,39.129260040589297,12.0,30.0,0.0,15.761610871807365,43.04281088241454,12.0,30.0,0.0,17.78742150701897,37.71756827169687,12.0,30.0,0.0,16.188644653006944,41.25885626998535,10.0,30.0,0.0,14.051672459862825,47.985390583694528,12.0,30.0,0.0,16.6406624538739,40.69378341315128,20.0,30.0,0.0,15.601778369599236,0.0,0.0,0.0,12.448668515638295,0.0,0.0,451.114800583679,435.9379519569667,470.1102291933759,436.5121274215872,502.1826835926048,784.3113730174009,494.3476327523363,565.4315353720699,715.8308658687513,0.0,80.91651279680299,80.91651279680299,60.0,0.0,60.0,60.0,12.0,12.0,12.0,19.0,12.0,12.0,21.0,10.0,0.0,0.0,0.0,0.0,0.0,0.0,0.0,0.0,0.0,0.0,0.0,0.0,0.0,80.91651279680299,80.91651279680299,0.0,0.0,0.0,80.91651279680299,0.0,0.0,0.0005866666666666667 
 03/22  03:30:00,3.7649999999999999,89.0,5.1850000000000009,0.0,0.0,0.0,0.0,0.0,2.0,2.0,0.0,0.0,0.0,0.0,0.0,1386.0,0.0,0.0,0.0,0.0,0.0,0.0,0.0,0.0,0.0,0.0,0.0,17.157655806721345,-168.1428768933256,17.188505481512068,-176.0073432193485,17.107064228487709,-201.4878589259015,17.047721667682798,-118.11173849142051,15.754447371366418,-3.1731347293550415,17.562090188870966,-33.4192400089409,16.267729926588875,-42.592704551181558,14.353921502306982,-144.5870359829422,16.502330411397219,-53.96514346162553,579.0966159833165,473.0798059652117,0.0,0.0,0.0,0.0,0.0,0.0,0.0,0.0,0.0,0.0,0.0,0.0,0.0,0.0,0.0,0.0,0.0,0.0,0.0,0.0,0.0,0.0,1.4126460808472592,0.4312106473892733,206.35452557230907,242.62123209858516,5345.903178980306,0.26362310925582418,0.040235517285687447,150.07512171789385,176.3849259223375,3897.86325892066,1.3524683601726305,0.2555684731996657,143.3711682205217,168.60735649062543,3738.753994552406,0.2679648730854419,0.05063584147495122,142.32352786104927,167.36475422959098,3686.388309488694,0.0,0.0,7.2541094825588019,8.560811395438139,173.04706428144699,0.0,0.0,12.437517291551722,14.574269121593277,344.0472068341221,0.0,0.0,70.30386208154389,82.84785256113445,1736.0383199671579,0.0,0.0,45.13727272998426,53.58114885822259,927.0859222677198,0.0,0.0,21.906237620878895,25.76600816556938,559.4734687477215,39.550309869994467,27.126412805208838,267.2238476236427,315.52026853726547,7236.561077132375,0.0,0.0,57.96846445847655,69.21008808585424,1007.3219756861978,0.0,16.725321078628768,39.40445450951282,22.0,30.0,0.0,16.852909466536987,39.02444905609151,12.0,30.0,0.0,16.800063341323076,39.39482200605243,22.0,30.0,0.0,16.798074067644167,39.332936403433269,12.0,30.0,0.0,15.733451876879976,42.986816151633338,12.0,30.0,0.0,17.744206824246974,37.69521216577578,12.0,30.0,0.0,16.172302719309739,41.26178149834855,10.0,30.0,0.0,14.005429612505383,47.991566745495337,12.0,30.0,0.0,16.61989045827555,40.629063066207198,20.0,30.0,0.0,15.621961515342216,0.0,0.0,0.0,12.362617866773676,0.0,0.0,449.7184528107183,442.15887983172737,460.7471326869156,453.43204888983788,503.18599095815429,781.777478133838,490.7516290330452,569.7958869069717,714.0769268094292,0.0,80.91651279680299,80.91651279680299,60.0,0.0,60.0,60.0,12.0,12.0,12.0,19.0,12.0,12.0,21.0,10.0,0.0,0.0,0.0,0.0,0.0,0.0,0.0,0.0,0.0,0.0,0.0,0.0,0.0,80.91651279680299,80.91651279680299,0.0,0.0,0.0,80.91651279680299,0.0,0.0,0.0005933333333333334 
 03/22  03:40:00,3.6133333333333335,89.33333333333334,5.1,0.0,0.0,0.0,0.0,0.0,2.0,2.0,0.0,0.0,0.0,0.0,0.0,1386.0,0.0,0.0,0.0,0.0,0.0,0.0,0.0,0.0,0.0,0.0,0.0,17.124610685659868,-182.34793387061246,17.069981195722204,-193.82175269835535,17.044972182524373,-266.66018697755728,16.908236412593049,-168.5493840238487,15.718498534790144,-3.612970711834677,17.507965347322015,-34.415182145632119,16.216441516733263,-37.14992494117496,14.290601880217359,-151.29987168356673,16.476015807532418,-57.42998130814351,613.4137547176079,479.02598781114627,0.0,0.0,0.0,0.0,0.0,0.0,0.0,0.0,0.0,0.0,0.0,0.0,0.0,0.0,0.0,0.0,0.0,0.0,0.0,0.0,0.0,0.0,1.4169860640431882,0.4325354285846118,207.43846219900764,243.94080117862604,5421.91749106142,0.26576536821192828,0.04056247988582544,179.40231092204278,211.04748783660717,4659.208164322841,1.38401417315748,0.2615295111786622,264.18997537999027,310.7555466108264,6922.817117713899,0.27604259512845527,0.052162243977410278,204.06793164875865,240.11621880946348,5259.800576107714,0.0,0.0,7.4382080599732289,8.777399332543478,179.1506468918942,0.0,0.0,12.449272685707257,14.592703240951618,346.84966644319527,0.0,0.0,72.82480387137129,85.81842858089128,1812.3095843587765,0.0,0.0,45.69862658111614,54.26608499408483,946.1171543048165,0.0,0.0,22.40339753401281,26.36169972710151,577.7457061165154,39.35063267759804,26.98945999835258,358.2900752223286,422.91737214129628,9537.352300078133,0.0,0.0,58.49404362897699,69.86371419356462,1024.5455475347208,0.0,16.72866951334316,39.22447735252407,22.0,30.0,0.0,16.68798810236908,39.17831794018937,12.0,30.0,0.0,16.742497877683378,39.260643543642689,22.0,30.0,0.0,16.579462380223814,39.55780620933979,12.0,30.0,0.0,15.695981142471672,42.92074654099417,12.0,30.0,0.0,17.689764308748648,37.66943566803478,12.0,30.0,0.0,16.11533996295171,41.23697205632759,10.0,30.0,0.0,13.932699016406165,47.94069840274573,12.0,30.0,0.0,16.591606002636188,40.515694061342539,20.0,30.0,0.0,15.66971951337584,0.0,0.0,0.0,12.276671184165654,0.0,0.0,451.0489477089047,441.94247208462635,459.0837126894547,451.10661904132538,504.35035475556625,778.0626933234134,494.03815928504948,573.3512921884594,708.0143719185444,0.0,80.91651279680299,80.91651279680299,60.0,0.0,60.0,60.0,12.0,12.0,12.0,19.0,12.0,12.0,21.0,10.0,0.0,0.0,0.0,0.0,0.0,0.0,0.0,0.0,0.0,0.0,0.0,0.0,0.0,80.91651279680299,80.91651279680299,0.0,0.0,0.0,80.91651279680299,0.0,0.0,0.0006000000000000001 
 03/22  03:50:00,3.4616666666666666,89.66666666666666,5.015,0.0,0.0,0.0,0.0,0.0,2.0,2.0,0.0,0.0,0.0,0.0,0.0,1386.0,0.0,0.0,0.0,0.0,0.0,0.0,0.0,0.0,0.0,0.0,0.0,16.946693565482158,-116.32057362939077,17.056161542862144,-265.1041326893187,16.899910769995967,-163.66144063382672,16.90850507427396,-196.34241929909923,15.68249437191712,-3.581242545654618,17.45216331115448,-34.034455304257139,16.16824797999203,-63.57907945902491,14.228223667485981,-153.11787156791514,16.44735000052004,-58.671960248898418,591.2183671400062,485.350801793694,0.0,0.0,0.0,0.0,0.0,0.0,0.0,0.0,0.0,0.0,0.0,0.0,0.0,0.0,0.0,0.0,0.0,0.0,0.0,0.0,0.0,0.0,1.435164695581947,0.4380844614108508,237.02473470323779,278.88620745551779,6175.8286612006299,0.25613986974064037,0.03909338671255195,185.7575874845001,218.4073356434347,4880.733522641416,1.3760425509494235,0.2600231577757792,179.5594465981187,211.29190413411772,4699.277635283115,0.26263562110315566,0.04962880217368776,178.12448974798759,209.53996056229642,4659.305157235057,0.0,0.0,6.974671787503238,8.234818256633574,169.61423069948513,0.0,0.0,12.787799783802516,14.992604173955766,358.7500973074338,0.0,0.0,66.13258696978937,77.97936279217089,1659.36344824851,0.0,0.0,45.568302620489337,54.127933190241439,951.1763439532751,0.0,0.0,24.206746432106728,28.48201325636836,630.1086303850339,39.08224796052056,26.805382688971588,338.44868237912376,399.6125029570009,9087.579379418625,0.0,0.0,58.21080838013161,69.55352768168533,1026.8609112591553,0.0,16.46379561625624,39.60666686043207,22.0,30.0,0.0,16.72656896001628,38.8864158627768,12.0,30.0,0.0,16.5377032506194,39.600917487137738,22.0,30.0,0.0,16.641218019182085,39.235608226479588,12.0,30.0,0.0,15.658841103617519,42.8070451621929,12.0,30.0,0.0,17.632680657159,37.60497927259853,12.0,30.0,0.0,16.060818170765186,41.116832932912888,10.0,30.0,0.0,13.863131921584469,47.94104938602192,12.0,30.0,0.0,16.560240915444767,40.377491101134619,20.0,30.0,0.0,15.553636203147919,0.0,0.0,0.0,12.183886829895773,0.0,0.0,450.54570749933046,441.91386366348288,461.75797819886909,452.3566211238883,505.84489119393336,775.8724733821609,495.52196113175679,574.5121337413207,705.239391717986,0.0,80.91651279680299,80.91651279680299,60.0,0.0,60.0,60.0,12.0,12.0,12.0,19.0,12.0,12.0,21.0,10.0,0.0,0.0,0.0,0.0,0.0,0.0,0.0,0.0,0.0,0.0,0.0,0.0,0.0,80.91651279680299,80.91651279680299,0.0,0.0,0.0,80.91651279680299,0.0,0.0,0.0006233333333333334 
 03/22  04:00:00,3.31,90.0,4.93,0.0,0.0,0.0,0.0,0.0,2.0,2.0,0.0,0.0,0.0,0.0,0.0,1386.0,0.0,0.0,0.0,0.0,0.0,0.0,0.0,0.0,0.0,0.0,0.0,16.969694645347916,-173.0708246864374,16.898082536875174,-201.83235245474544,16.879974969909115,-249.30454243180203,16.76060721501172,-144.4375609031431,15.646029808290635,-3.887961928858388,17.39732706708788,-36.04199575652416,16.10085274512496,-48.14933088375915,14.164962989475543,-155.91970381041018,16.41836756944479,-62.05080264932246,604.5268494759012,489.58543848519846,0.0,0.0,0.0,0.0,0.0,0.0,0.0,0.0,0.0,0.0,0.0,0.0,0.0,0.0,0.0,0.0,0.0,0.0,0.0,0.0,0.0,0.0,1.433369589039245,0.4375365045907342,224.64864388711517,264.3944889053191,5944.62038851993,0.27038655775308,0.04126778964485348,189.67727696030938,223.32567454631636,4972.35129734938,1.3846203402510733,0.2616440552250706,205.49034200904223,241.8011268997323,5431.817356985534,0.27806275130766308,0.05254398172858333,187.022349280075,220.178631143629,4882.264812587509,0.0,0.0,7.2090396125328148,8.510104431242413,176.96807569686684,0.0,0.0,12.81693089711938,15.031672996817166,362.1065913758857,0.0,0.0,69.98387968190763,82.52136379995057,1765.4585761283775,0.0,0.0,45.711420723068687,54.315809493872247,961.8384533248164,0.0,0.0,24.24828104079267,28.543498965431604,637.1038276213209,38.91322419793821,26.68945418239933,351.96955040899817,415.70738458938748,9509.37471512489,0.0,0.0,58.30885166227572,69.69949180624082,1035.2629565769535,0.0,16.56728077874156,39.18093377082664,22.0,30.0,0.0,16.50013384200908,39.114044455261737,12.0,30.0,0.0,16.5617401732071,39.35652752111878,22.0,30.0,0.0,16.426430733049153,39.53551627973956,12.0,30.0,0.0,15.621146130200755,42.71971484506781,12.0,30.0,0.0,17.577676614480276,37.556709659584587,12.0,30.0,0.0,15.976045026992758,41.06771762824972,10.0,30.0,0.0,13.792266167268572,47.899977427029217,12.0,30.0,0.0,16.529193550647255,40.248212194429559,20.0,30.0,0.0,15.531813804283598,0.0,0.0,0.0,12.0856145559553,0.0,0.0,452.3242192047413,440.2295548004481,462.96248768984659,452.10601216469856,506.6523147701388,771.3502035834084,496.17020112762796,579.1437457091636,698.377037626471,0.0,80.91651279680299,80.91651279680299,60.0,0.0,60.0,60.0,12.0,12.0,12.0,19.0,12.0,12.0,21.0,10.0,0.0,0.0,0.0,0.0,0.0,0.0,0.0,0.0,0.0,0.0,0.0,0.0,0.0,80.91651279680299,80.91651279680299,0.0,0.0,0.0,80.91651279680299,0.0,0.0,0.0006466666666666667 
 03/22  04:10:00,3.2316666666666666,90.0,4.911666666666667,0.0,0.0,0.0,0.0,0.0,2.0,2.0,0.0,0.0,0.0,0.0,0.0,1386.0,0.0,0.0,0.0,0.0,0.0,0.0,0.0,0.0,0.0,0.0,0.0,16.801968759207406,-117.5703104526342,16.896901359505326,-249.74489909272735,16.74190414624254,-162.61038798523169,16.76397591864664,-199.5962981998532,15.609370691258885,-3.891051889194756,17.34265238227631,-35.4814383411514,16.055390935627885,-66.67666951431113,14.102124548230476,-159.36997031719535,16.387917507763608,-63.51995882303902,586.8741490953325,499.4338499011784,0.0,0.0,0.0,0.0,0.0,0.0,0.0,0.0,0.0,0.0,0.0,0.0,0.0,0.0,0.0,0.0,0.0,0.0,0.0,0.0,0.0,0.0,1.445299519260911,0.44117811943251258,226.67747660681028,266.90875588144908,5946.2980022916549,0.25895019268230637,0.03952231268044969,182.7273863891426,215.00189071249575,4829.755290289479,1.3890667618810478,0.2624842709525791,188.54009927350206,222.02362579308176,4958.735715422672,0.2653458051225892,0.050140930673202788,186.4771918376435,219.51685707277597,4908.4644570326249,0.0,0.0,6.915331763528762,8.167976270980646,170.35656690090929,0.0,0.0,13.034439804188949,15.289887250717129,368.8675616446142,0.0,0.0,65.54199513539749,77.32881425381211,1658.2283153206502,0.0,0.0,45.901292794370267,54.55833744631538,966.7547833408935,0.0,0.0,25.678485217058947,30.225166603716347,677.0156810351899,38.83171270402403,26.633547807972599,343.6751728120705,406.04087739292717,9288.844582778653,0.0,0.0,58.41453881039108,69.85511043567209,1035.1943207387517,0.0,16.318283440203495,39.5218615549272,22.0,30.0,0.0,16.562125583491225,38.79886388201781,12.0,30.0,0.0,16.36759381902838,39.6535821261826,22.0,30.0,0.0,16.48537872767266,39.22002113313345,12.0,30.0,0.0,15.583516656752048,42.58143476999654,12.0,30.0,0.0,17.520249280787419,37.466021959401818,12.0,30.0,0.0,15.929662373040026,41.00722291884327,10.0,30.0,0.0,13.7210208301973,47.87427495867796,12.0,30.0,0.0,16.49509259375641,40.09788355647874,20.0,30.0,0.0,15.42511683691338,0.0,0.0,0.0,11.987477552921345,0.0,0.0,451.6030811682806,440.76392266642997,464.6559582265764,453.364190006008,508.2498649798949,769.8434130181925,498.62382695121547,579.6877676656352,697.5014344225589,0.0,80.91651279680299,80.91651279680299,60.0,0.0,60.0,60.0,12.0,12.0,12.0,19.0,12.0,12.0,21.0,10.0,0.0,0.0,0.0,0.0,0.0,0.0,0.0,0.0,0.0,0.0,0.0,0.0,0.0,80.91651279680299,80.91651279680299,0.0,0.0,0.0,80.91651279680299,0.0,0.0,0.0006699999999999999 
 03/22  04:20:00,3.1533333333333335,90.0,4.8933333333333339,0.0,0.0,0.0,0.0,0.0,2.0,2.0,0.0,0.0,0.0,0.0,0.0,1386.0,0.0,0.0,0.0,0.0,0.0,0.0,0.0,0.0,0.0,0.0,0.0,16.82439107778,-169.73777875476845,16.751442372856489,-197.31141057743253,16.731270029484258,-244.33984210274276,16.62067205162345,-145.67877694199934,15.572600960306204,-4.155478971048183,17.289804055240219,-37.21830388914407,15.990270917516668,-52.86313889769315,14.038515682583494,-162.29407489454969,16.35754147918102,-66.6910642807357,597.8339760399267,504.5253858853697,0.0,0.0,0.0,0.0,0.0,0.0,0.0,0.0,0.0,0.0,0.0,0.0,0.0,0.0,0.0,0.0,0.0,0.0,0.0,0.0,0.0,0.0,1.4354335873633795,0.4381665407092123,222.31011326144799,261.80805208269995,5890.579293270027,0.2707209487662239,0.041318826124271058,189.60654392224047,223.38713824539458,4977.271182214301,1.3866818147547795,0.2620336006717271,208.2155806076759,245.17218429817894,5508.759528057,0.2781812878303286,0.05256638092031907,189.61847721801645,223.38710271057699,4954.930594523688,0.0,0.0,7.152958774025793,8.447241434741964,176.80926706018983,0.0,0.0,13.061107138858054,15.325949506061793,370.3373079521116,0.0,0.0,69.24423649863067,81.69606235718001,1751.8812270144086,0.0,0.0,46.07475367036501,54.78222480304716,971.2478251450737,0.0,0.0,25.461274043858955,29.982457000361295,673.6889091252483,38.8346349508985,26.635552092522987,354.50198173845629,418.9558667467953,9592.594586975378,0.0,0.0,58.56323968461974,70.06153304478778,1035.6942366338668,0.0,16.420606957189965,39.10874098132496,22.0,30.0,0.0,16.353949560572685,38.989200028020267,12.0,30.0,0.0,16.407751869602849,39.36832143351502,22.0,30.0,0.0,16.27642693973266,39.492475857797618,12.0,30.0,0.0,15.546011614361412,42.48372363245055,12.0,30.0,0.0,17.466230548530374,37.409010549640999,12.0,30.0,0.0,15.850000249073592,40.94334169378664,10.0,30.0,0.0,13.648804471246102,47.83198373082571,12.0,30.0,0.0,16.461898025548235,39.980712118173,20.0,30.0,0.0,15.399303959635127,0.0,0.0,0.0,11.88770130878421,0.0,0.0,453.3445869676866,439.24894058487896,465.7271198446889,452.64582507340119,508.9510595161197,766.1268115059957,499.18409173981567,583.4667105900298,692.6590917076521,0.0,80.91651279680299,80.91651279680299,60.0,0.0,60.0,60.0,12.0,12.0,12.0,19.0,12.0,12.0,21.0,10.0,0.0,0.0,0.0,0.0,0.0,0.0,0.0,0.0,0.0,0.0,0.0,0.0,0.0,80.91651279680299,80.91651279680299,0.0,0.0,0.0,80.91651279680299,0.0,0.0,0.0006600000000000001 
 03/22  04:30:00,3.075,90.0,4.875,0.0,0.0,0.0,0.0,0.0,2.0,2.0,0.0,0.0,0.0,0.0,0.0,693.0,0.0,0.0,0.0,0.0,0.0,0.0,0.0,0.0,0.0,0.0,0.0,16.8189001314339,-28.324464142471699,16.699350888027824,-262.75316515921716,16.712174297894827,-52.12343434172635,16.57530722184331,-207.50274597819135,15.53173002655515,-3.8291370058038298,17.230800628868914,-35.08685973410479,15.92871296212126,-69.1899487149326,13.974841775129029,-157.08772311338908,16.32323441460516,-65.37647772149149,532.1109632419439,519.1984720304736,0.0,0.0,0.0,0.0,0.0,0.0,0.0,0.0,0.0,0.0,0.0,0.0,0.0,0.0,0.0,0.0,0.0,0.0,0.0,0.0,0.0,0.0,1.4485622573575865,0.44217407123247456,161.49121259018799,189.79832963362893,4342.026324485374,0.25808399665224099,0.039390109379157659,149.37634239998293,175.70133459402994,3935.812503194353,1.4073706346455122,0.26594305265410297,135.95588101178644,159.79376317052584,3648.8447239304275,0.26279138666359028,0.049658236330988318,129.42251064261246,152.27064099849074,3392.4676693086259,0.0,0.0,6.58113986193074,7.7602340090254799,163.18979222752535,0.0,0.0,13.23063743252845,15.499655287688496,375.669550802023,0.0,0.0,63.95841782634726,75.35577991299185,1618.997279601135,0.0,0.0,46.24793999339577,54.90064880122621,976.0452384540027,0.0,0.0,27.04431381321765,31.788560219567104,717.9516173055478,38.735225016296649,26.56736969567672,238.55374233803927,281.7275651039703,6667.085494994034,0.0,0.0,58.70019675000322,70.1187082735648,1037.504104028809,0.0,16.49465310393131,39.02143689693559,22.0,30.0,0.0,16.312810035421117,38.542148715397249,12.0,30.0,0.0,16.449752970597108,39.722064076937858,22.0,30.0,0.0,16.23705994779636,38.73546130964933,12.0,30.0,0.0,15.500724021984892,42.38050028900951,12.0,30.0,0.0,17.400359296195995,37.367078130715139,12.0,30.0,0.0,15.772277864844835,40.977384145485057,10.0,30.0,0.0,13.576882076026016,47.88889548886265,12.0,30.0,0.0,16.42205608334051,39.89420027062266,20.0,30.0,0.0,15.13605821264045,0.0,0.0,0.0,11.798701119366596,0.0,0.0,450.90045011143186,429.19516797437646,478.4051663331669,429.5585461783824,509.3228510999972,763.00773892973,505.4346472842869,581.5587167010316,688.4147134350989,0.0,80.91651279680299,80.91651279680299,60.0,0.0,60.0,60.0,12.0,12.0,12.0,19.0,12.0,12.0,21.0,10.0,0.0,0.0,0.0,0.0,0.0,0.0,0.0,0.0,0.0,0.0,0.0,0.0,0.0,80.91651279680299,80.91651279680299,0.0,0.0,0.0,80.91651279680299,0.0,0.0,0.00065 
 03/22  04:40:00,2.9966666666666668,90.0,4.8566666666666669,0.0,0.0,0.0,0.0,0.0,2.0,2.0,0.0,0.0,0.0,0.0,0.0,1386.0,0.0,0.0,0.0,0.0,0.0,0.0,0.0,0.0,0.0,0.0,0.0,16.66884399787309,-162.65436227172996,16.682693883518075,-169.29301529650275,16.607129523907326,-206.63525118896588,16.567477713861537,-123.92626209416085,15.498586682582932,-4.165157681247507,17.18372714335061,-36.78297176862688,15.8937750458712,-58.26432216465582,13.921025857913265,-164.83383129312768,16.295164263920847,-68.88878078844141,574.5161396933299,522.5482207063246,0.0,0.0,0.0,0.0,0.0,0.0,0.0,0.0,0.0,0.0,0.0,0.0,0.0,0.0,0.0,0.0,0.0,0.0,0.0,0.0,0.0,0.0,1.4535601791997524,0.44369968840041287,199.03120106023909,234.5369812828061,5278.352327655021,0.27132437795292466,0.04141092459598973,152.05631284718596,179.10930254716656,4040.4361057218845,1.393328155290087,0.2632895229195177,156.88850859501827,184.91314007234656,4177.433582280615,0.2762895645164447,0.05220891241807344,155.7187687009284,183.5131884445687,4122.743059855712,0.0,0.0,7.023437490931979,8.300036832135659,174.81892992685042,0.0,0.0,13.204148467547253,15.500661386002621,375.8123921101811,0.0,0.0,67.60866330326081,79.82461882318859,1719.1026164927153,0.0,0.0,46.3539220069524,55.14382934237825,980.5454790888789,0.0,0.0,26.6766799327003,31.41768304032497,710.783923220474,38.807169525122137,26.616714351935629,282.26964018191429,333.9427531632418,7805.4405737351639,0.0,0.0,58.80372483927178,70.40296288648317,1037.35249863244,0.0,16.235805619884926,39.207292113019068,22.0,30.0,0.0,16.359309341632078,38.7577109311067,12.0,30.0,0.0,16.286228853243096,39.42268092270524,22.0,30.0,0.0,16.294607656189358,39.27429726316957,12.0,30.0,0.0,15.471201323815999,42.31922295162131,12.0,30.0,0.0,17.357864153340786,37.32601539542377,12.0,30.0,0.0,15.751819657379983,40.9804264785148,10.0,30.0,0.0,13.52358929208992,47.92545208071858,12.0,30.0,0.0,16.394936934932976,39.82342373657368,20.0,30.0,0.0,15.195569314436824,0.0,0.0,0.0,11.702919976352903,0.0,0.0,451.81270655477217,438.77413773229559,466.1991718494145,453.99216155150557,510.5425424118776,762.7891562343488,499.9302854517148,583.7329371120959,688.6969230787274,0.0,80.91651279680299,80.91651279680299,60.0,0.0,60.0,60.0,12.0,12.0,12.0,19.0,12.0,12.0,21.0,10.0,0.0,0.0,0.0,0.0,0.0,0.0,0.0,0.0,0.0,0.0,0.0,0.0,0.0,80.91651279680299,80.91651279680299,0.0,0.0,0.0,80.91651279680299,0.0,0.0,0.0006399999999999999 
 03/22  04:50:00,2.918333333333333,90.0,4.838333333333334,0.0,0.0,0.0,0.0,0.0,2.0,2.0,0.0,0.0,0.0,0.0,0.0,1386.0,0.0,0.0,0.0,0.0,0.0,0.0,0.0,0.0,0.0,0.0,0.0,16.639954856002207,-175.07680342272898,16.573691036744376,-180.20447804166316,16.555180458918067,-258.6817512709299,16.44082692773928,-162.9974218121306,15.460591403768634,-4.699564381401373,17.13108710461834,-37.6767515699261,15.840325377049862,-53.579454966798497,13.852593689941817,-172.32957137207144,16.261858054771218,-72.42711781894542,597.4565124891196,529.4874790444587,0.0,0.0,0.0,0.0,0.0,0.0,0.0,0.0,0.0,0.0,0.0,0.0,0.0,0.0,0.0,0.0,0.0,0.0,0.0,0.0,0.0,0.0,1.4481898604640776,0.4420603969670566,203.66863149233047,240.02203483661493,5422.585996960417,0.27192386072135557,0.04150242074501764,177.93934124534088,209.77640025224859,4706.1760935069,1.4140458333830713,0.2672044280769221,266.38011281364586,314.0109508128716,7100.580774253258,0.2812470004132125,0.0531456916880598,206.41380464837153,243.40780024495195,5417.088232937325,0.0,0.0,7.1860440189521619,8.491415028785087,179.4520983454243,0.0,0.0,13.190690077100778,15.489456095095682,376.1677750010979,0.0,0.0,70.57305720992945,83.32564115623805,1797.5596591405422,0.0,0.0,46.99996750581499,55.93265552982755,994.2437176822241,0.0,0.0,26.3392848001875,31.032916893160509,704.1159995501523,38.78076132103066,26.598601729101973,359.4814177179695,425.21391888129389,9757.763550943444,0.0,0.0,59.433968416427649,71.18479005335583,1047.343687419878,0.0,16.246658775125238,39.01588788773326,22.0,30.0,0.0,16.2074620148208,38.86856128009374,12.0,30.0,0.0,16.247167459070874,39.19211023617653,22.0,30.0,0.0,16.09707193808277,39.369914814804989,12.0,30.0,0.0,15.432389582795445,42.247017457326489,12.0,30.0,0.0,17.304493045084806,37.28853838334902,12.0,30.0,0.0,15.69315658489866,40.95478660964916,10.0,30.0,0.0,13.442243604016213,47.88318108700232,12.0,30.0,0.0,16.358412482863643,39.73903488680193,20.0,30.0,0.0,15.212157369111579,0.0,0.0,0.0,11.612130693221602,0.0,0.0,453.03703570670157,439.3003654967566,464.2017382831426,450.8454070446476,511.2957918086689,761.4612882235568,502.24201967373508,585.3585095714332,687.7674585889895,0.0,80.91651279680299,80.91651279680299,60.0,0.0,60.0,60.0,12.0,12.0,12.0,19.0,12.0,12.0,21.0,10.0,0.0,0.0,0.0,0.0,0.0,0.0,0.0,0.0,0.0,0.0,0.0,0.0,0.0,80.91651279680299,80.91651279680299,0.0,0.0,0.0,80.91651279680299,0.0,0.0,0.0006333333333333334 
 03/22  05:00:00,2.84,90.0,4.82,0.0,0.0,0.0,0.0,0.0,2.0,2.0,0.0,0.0,0.0,0.0,0.0,693.0,0.0,0.0,0.0,0.0,0.0,0.0,0.0,0.0,0.0,0.0,0.0,16.629265698765978,-26.354485458913588,16.50209127123814,-275.20990463727687,16.528838789449148,-51.094532093113688,16.40244828134282,-197.43042884325087,15.418822624509862,-3.979970770324627,17.07284351948706,-35.492333342052578,15.772690014220615,-75.44079050383903,13.785935886001195,-165.74643699308468,16.224719487067845,-71.31992514993272,532.247272592459,542.034073173015,0.0,0.0,0.0,0.0,0.0,0.0,0.0,0.0,0.0,0.0,0.0,0.0,0.0,0.0,0.0,0.0,0.0,0.0,0.0,0.0,0.0,0.0,1.4548866873444509,0.44410460541649907,185.37100559309787,218.04586893721456,5002.262124759271,0.25787226528105869,0.03935779384631543,158.4376045468695,186.51842395340518,4191.729782393119,1.4144445171006726,0.2672797651361816,125.27285161821975,147.36019227258968,3382.9652513202274,0.2656563149703783,0.05019960600347283,121.10937916365008,142.59813260493068,3194.6094695211074,0.0,0.0,6.4766446828941099,7.6415736067708119,162.23627692245075,0.0,0.0,13.454874699666988,15.774272631901046,384.27681322195829,0.0,0.0,63.286686972447117,74.62334972249794,1611.3794549481134,0.0,0.0,46.958034730522417,55.79547634262094,994.1128359612968,0.0,0.0,28.426024128099173,33.43180233188992,762.228028026455,38.67149685764355,26.523660396188999,239.24935884050948,282.78242338078538,6718.285144641567,0.0,0.0,59.307626968352689,70.92522830369289,1045.2285519275163,0.0,16.313957175624709,38.92896554824226,22.0,30.0,0.0,16.12367242103637,38.52254280964557,12.0,30.0,0.0,16.27590402582643,39.509046328627217,22.0,30.0,0.0,16.07436757211936,38.66172019754893,12.0,30.0,0.0,15.386506911411216,42.17155774544391,12.0,30.0,0.0,17.240208823408098,37.263978484595799,12.0,30.0,0.0,15.603130381650493,40.88417552211479,10.0,30.0,0.0,13.365844102864026,48.00159115376765,12.0,30.0,0.0,16.31540217218681,39.65561128724781,20.0,30.0,0.0,14.95738853852624,0.0,0.0,0.0,11.529472608281818,0.0,0.0,450.8194827072015,429.6368111430823,475.11993208302376,430.29607458284809,511.156261912072,758.8660048404453,507.18369097109697,583.3917799183813,683.0519894121354,0.0,80.91651279680299,80.91651279680299,60.0,0.0,60.0,60.0,12.0,12.0,12.0,19.0,12.0,12.0,21.0,10.0,0.0,0.0,0.0,0.0,0.0,0.0,0.0,0.0,0.0,0.0,0.0,0.0,0.0,80.91651279680299,80.91651279680299,0.0,0.0,0.0,80.91651279680299,0.0,0.0,0.0006266666666666667 
 03/22  05:10:00,2.85,90.0,4.813333333333334,0.0,0.0,0.0,0.0,0.0,2.0,2.0,0.0,0.0,0.0,0.0,0.0,1386.0,0.0,0.0,0.0,0.0,0.0,0.0,0.0,0.0,0.0,0.0,0.0,16.476286927101229,-162.71193148563953,16.485751045111038,-162.63793669098096,16.425350423149028,-201.54079963440928,16.393811314901755,-124.82259210513075,15.384875753683238,-4.401786076316114,17.026929600375444,-37.79265505118025,15.735745536072616,-63.41742012860777,13.731869805407176,-172.39897763091188,16.194719836636616,-75.1329543105748,565.4907663278877,543.0568933391236,0.0,0.0,0.0,0.0,0.0,0.0,0.0,0.0,0.0,0.0,0.0,0.0,0.0,0.0,0.0,0.0,0.0,0.0,0.0,0.0,0.0,0.0,1.4499544922937334,0.44259905137171348,202.15457161790637,238.4126387935067,5348.7397049973719,0.2715810552471496,0.04145010000719622,151.13173108260629,178.17479281174907,4006.8762940480685,1.3863279709506856,0.2619667367631682,152.4289819845386,179.7936833698111,4055.269066051741,0.27417663583689069,0.051809643960107818,151.46165782217515,178.63223758337615,4005.8627276727695,0.0,0.0,6.96265068200424,8.232990689343147,173.83640605217173,0.0,0.0,13.422519144335386,15.76866853626166,381.9314488979213,0.0,0.0,67.12672408733737,79.3174296000727,1704.692036344903,0.0,0.0,46.96584955296393,55.9231752407056,988.272874285152,0.0,0.0,28.232202109024514,33.268910156389129,754.7160082141998,38.67700210470975,26.527436285809168,277.0451381599619,328.0276521790528,7659.569718811877,0.0,0.0,59.26174963840631,71.03039443254386,1032.4378445712537,0.0,16.049462628991195,39.14006645712169,22.0,30.0,0.0,16.171183618265567,38.72252873073728,12.0,30.0,0.0,16.11562297221937,39.277293130571049,22.0,30.0,0.0,16.12533114549169,39.12845614377041,12.0,30.0,0.0,15.356490484625283,42.10579929472599,12.0,30.0,0.0,17.19817591263125,37.220076591105939,12.0,30.0,0.0,15.580069706515719,40.91038458567577,10.0,30.0,0.0,13.312705823886646,48.01728479894484,12.0,30.0,0.0,16.286171402493367,39.581482699835188,20.0,30.0,0.0,15.0149520341159,0.0,0.0,0.0,11.438694871390912,0.0,0.0,452.27805617284738,439.1083016635283,465.20243592391878,452.4551767638503,512.1071126194357,758.8960277523197,501.71252262058808,586.1539764427216,682.3745485236909,0.0,80.91651279680299,80.91651279680299,60.0,0.0,60.0,60.0,12.0,12.0,12.0,19.0,12.0,12.0,21.0,10.0,0.0,0.0,0.0,0.0,0.0,0.0,0.0,0.0,0.0,0.0,0.0,0.0,0.0,80.91651279680299,80.91651279680299,0.0,0.0,0.0,80.91651279680299,0.0,0.0,0.00062 
 03/22  05:20:00,2.8600000000000005,90.0,4.806666666666667,0.0,0.0,0.0,0.0,0.0,2.0,2.0,0.0,0.0,0.0,0.0,0.0,1386.0,0.0,0.0,0.0,0.0,0.0,0.0,0.0,0.0,0.0,0.0,0.0,16.451189433838754,-167.50927439072803,16.38405181054791,-170.775507176867,16.36867465669822,-263.7846787726812,16.26561576232141,-164.96526021558157,15.346086372953952,-4.982581334185014,16.97567270319888,-38.6504234162627,15.681685640965356,-58.32816577454855,13.663906950245238,-179.37440112812704,16.159296530700439,-78.7686459363938,580.4844153804261,548.9489159668706,0.0,0.0,0.0,0.0,0.0,0.0,0.0,0.0,0.0,0.0,0.0,0.0,0.0,0.0,0.0,0.0,0.0,0.0,0.0,0.0,0.0,0.0,1.426664365380526,0.43548973302213858,193.25817267771653,227.93605991857016,5104.246743011641,0.2688948156567437,0.04104011227972279,170.09447793117568,200.6814812438513,4462.431415775678,1.3988099346882364,0.26432538448379386,270.9597669478904,319.67987256299139,7161.948540240102,0.27777928900247048,0.052490417422991379,204.95126249681159,241.880489977624,5334.743865032673,0.0,0.0,7.116680869650914,8.414558244655087,177.0045101774607,0.0,0.0,13.384923894597368,15.729201202461198,379.29454135120127,0.0,0.0,70.10399695817449,82.83903711986217,1770.9944866282627,0.0,0.0,47.61690701682356,56.71933864065285,993.6796909219262,0.0,0.0,27.885066953191655,32.872418990254789,742.8700455224545,38.59230842628333,26.469347343129866,349.8543896038799,414.1611021579065,9430.260574517491,0.0,0.0,59.86037373820757,71.77441989399724,1031.8289917542107,0.0,16.068485799710364,38.95098820437174,22.0,30.0,0.0,16.030325452757184,38.82611672525706,12.0,30.0,0.0,16.065959113316809,39.09686312698966,22.0,30.0,0.0,15.922611808943627,39.291770878834757,12.0,30.0,0.0,15.317190158604046,42.031848709961888,12.0,30.0,0.0,17.145679814160759,37.17992355948272,12.0,30.0,0.0,15.521365755206148,40.88811073136466,10.0,30.0,0.0,13.232591581065627,47.94297536665282,12.0,30.0,0.0,16.24706011315815,39.49286182472191,20.0,30.0,0.0,15.031904535953136,0.0,0.0,0.0,11.354558645063737,0.0,0.0,453.42093031663196,439.6718952815529,463.3400542035363,450.0579584045888,512.6778226736838,758.0397245739559,504.3847648293312,587.8182028260941,681.4886881918448,0.0,80.91651279680299,80.91651279680299,60.0,0.0,60.0,60.0,12.0,12.0,12.0,19.0,12.0,12.0,21.0,10.0,0.0,0.0,0.0,0.0,0.0,0.0,0.0,0.0,0.0,0.0,0.0,0.0,0.0,80.91651279680299,80.91651279680299,0.0,0.0,0.0,80.91651279680299,0.0,0.0,0.00065 
 03/22  05:30:00,2.87,90.0,4.800000000000001,0.0,0.0,0.0,0.0,0.0,2.0,2.0,0.0,0.0,0.0,0.0,0.0,693.0,0.0,0.0,0.0,0.0,0.0,0.0,0.0,0.0,0.0,0.0,0.0,16.44280476157412,-23.394228928839767,16.31405470701558,-268.39140966211928,16.34007093608969,-50.74846631751825,16.22661466612444,-198.87656629516597,15.303630329819303,-4.086919477185859,16.9193436970276,-36.50548298542202,15.613976351411863,-78.60108189162725,13.597970564995098,-172.60552728729977,16.120171209766647,-77.49470804359282,517.6762015779714,559.6235761518374,0.0,0.0,0.0,0.0,0.0,0.0,0.0,0.0,0.0,0.0,0.0,0.0,0.0,0.0,0.0,0.0,0.0,0.0,0.0,0.0,0.0,0.0,1.424088917198681,0.4347035766784741,170.5367728923636,200.7640274519488,4537.223108904817,0.2520880891349993,0.03847498307921235,155.35516230169234,183.04069453263947,4048.837947011026,1.3851968688944334,0.26175299865730047,129.17850733456968,152.0887240408882,3433.1970964937825,0.2598386206704719,0.0491002684562494,122.62101318506369,144.49711536242183,3185.910210520568,0.0,0.0,6.419361446106773,7.578743506963934,159.0222860997723,0.0,0.0,13.63285792019884,15.995261979695542,384.5626678104143,0.0,0.0,63.19758455772143,74.57913329771803,1584.9538843741448,0.0,0.0,47.54297622642168,56.544386352794678,984.6031758689754,0.0,0.0,29.70710741063953,34.96036059034469,788.493385970489,38.42481943950054,26.354471494856346,237.96657097362223,281.46831638875207,6588.372966859054,0.0,0.0,59.65325213356788,71.41777191109509,1018.4975305792402,0.0,16.138123375012684,38.87565456910438,22.0,30.0,0.0,15.945820463858885,38.54490688399454,12.0,30.0,0.0,16.09051983292028,39.394811143361739,22.0,30.0,0.0,15.896980457089553,38.678735710617228,12.0,30.0,0.0,15.271019112585363,41.95388562847368,12.0,30.0,0.0,17.083138931231948,37.151167034980577,12.0,30.0,0.0,15.432260973115,40.826112942400737,10.0,30.0,0.0,13.157711645522959,48.05352891736661,12.0,30.0,0.0,16.201577981053313,39.415809679879519,20.0,30.0,0.0,14.811436829383098,0.0,0.0,0.0,11.278663331906066,0.0,0.0,451.01428354804849,429.8845859149095,473.37469357341527,430.42661284135286,512.4748264625328,756.0426569089309,508.8489720235524,586.3774233041271,677.6679636556955,0.0,80.91651279680299,80.91651279680299,60.0,0.0,60.0,60.0,12.0,12.0,12.0,19.0,12.0,12.0,21.0,10.0,0.0,0.0,0.0,0.0,0.0,0.0,0.0,0.0,0.0,0.0,0.0,0.0,0.0,80.91651279680299,80.91651279680299,0.0,0.0,0.0,80.91651279680299,0.0,0.0,0.0006799999999999999 
 03/22  05:40:00,2.88,90.0,4.793333333333333,0.0,0.0,0.0,0.0,0.0,2.0,2.0,0.0,0.0,0.0,0.0,0.0,1386.0,0.0,0.0,0.0,0.0,0.0,0.0,0.0,0.0,0.0,0.0,0.0,16.303631663605949,-147.92830838903047,16.300952696034928,-150.3273060981146,16.234032650997294,-203.8471860353875,16.218730994132924,-122.83282259205089,15.26891433938956,-4.606813000976786,16.874032092297676,-38.699110545058747,15.577494082768189,-65.86292264637268,13.544192707429178,-178.69701414864563,16.088474808674588,-81.13270836069762,547.3155539307522,560.1207444079214,0.0,0.0,0.0,0.0,0.0,0.0,0.0,0.0,0.0,0.0,0.0,0.0,0.0,0.0,0.0,0.0,0.0,0.0,0.0,0.0,0.0,0.0,1.413094051369558,0.4313473905279482,185.12756076651534,218.53410922183427,4833.387068103874,0.2658398652906244,0.04057385001383157,147.49391843036725,174.03507302254134,3854.3657238073894,1.3647162302323824,0.25788288553144048,158.8743109236426,187.56767642927356,4157.064056570428,0.26930119880731209,0.05088835956298413,147.1805571265993,173.72000723294014,3834.69984835913,0.0,0.0,6.9178456249275179,8.184868503630554,170.79408637945887,0.0,0.0,13.566165586161848,15.949305656948896,381.2694843146612,0.0,0.0,67.44567099572389,79.75548815170794,1687.1638996188872,0.0,0.0,47.60473929754674,56.73640000184227,979.9091903137747,0.0,0.0,29.33044016543795,34.58445800985444,776.0206284193714,38.433366612402839,26.360333753362725,269.1010708575728,318.8592729920575,7351.772561858719,0.0,0.0,59.67860039110187,71.60549405623797,1007.8421862426562,0.0,15.901187263641038,39.13395493725436,22.0,30.0,0.0,15.997798191401025,38.735147013696607,12.0,30.0,0.0,15.924926211862037,39.251430497106358,22.0,30.0,0.0,15.949053791101381,39.087702587027028,12.0,30.0,0.0,15.240480250922737,41.891434167581568,12.0,30.0,0.0,17.04201570751791,37.11321471053931,12.0,30.0,0.0,15.410706892231769,40.883919644437927,10.0,30.0,0.0,13.105822068090108,48.056446812873108,12.0,30.0,0.0,16.17101912164268,39.35136095589607,20.0,30.0,0.0,14.85854198208986,0.0,0.0,0.0,11.196327523843643,0.0,0.0,453.2264889329679,439.50194055064818,464.1345024998123,451.4688724174616,513.3160781019421,756.4311438991709,503.7561249695145,588.5998632535742,677.8395244359391,0.0,80.91651279680299,80.91651279680299,60.0,0.0,60.0,60.0,12.0,12.0,12.0,19.0,12.0,12.0,21.0,10.0,0.0,0.0,0.0,0.0,0.0,0.0,0.0,0.0,0.0,0.0,0.0,0.0,0.0,80.91651279680299,80.91651279680299,0.0,0.0,0.0,80.91651279680299,0.0,0.0,0.0007099999999999999 
 03/22  05:50:00,2.8899999999999999,90.0,4.786666666666667,0.0,0.0,0.0,0.0,0.0,2.0,2.0,0.0,0.0,0.0,0.0,0.0,693.0,0.0,0.0,0.0,0.0,0.0,0.0,0.0,0.0,0.0,0.0,0.0,16.172618543532449,-193.61345873949859,16.315782068514126,-14.600288068208556,16.13194551337338,-252.63649913324253,16.237023754570474,-13.569516082129212,15.225485946484782,-4.476713886033366,16.817592315329287,-38.80492069376976,15.527171990080284,-59.426306197435227,13.477783767934902,-175.7814310496217,16.047877539765726,-81.99977609300447,472.270324357366,565.6071934291608,0.0,0.0,0.0,0.0,0.0,0.0,0.0,0.0,0.0,0.0,0.0,0.0,0.0,0.0,0.0,0.0,0.0,0.0,0.0,0.0,0.0,0.0,1.4137160124285025,0.43153724433104476,115.4616131948186,136.15793617780788,2983.491877164827,0.2707321371293425,0.041320533749899659,73.75710485160218,86.85833038236257,1943.2416863552115,1.3453592023826278,0.2542250949324694,119.43196440701799,140.8014136155025,3101.0785989490789,0.27477711601229956,0.05192311338100897,117.95081033792875,138.91355182620405,3092.5147556852928,0.0,0.0,7.095759005887844,8.380845211611757,174.45106759632317,0.0,0.0,13.551016813357949,15.907456884379047,379.081873332492,0.0,0.0,69.12657639781415,81.60459817458748,1721.4777409643826,0.0,0.0,47.72809541173381,56.79798743361288,974.7323446260886,0.0,0.0,29.279440220157164,34.47174960898189,771.7025696635919,38.34653361759616,26.30077751549806,179.05025849386946,211.98534331701294,5078.472501469486,0.0,0.0,59.766491504471748,71.60392252907366,999.4944769691362,0.0,15.706459683971545,39.32721032428459,22.0,30.0,0.0,16.086796793157537,38.70549747218674,12.0,30.0,0.0,15.784709000817836,39.146581465651617,22.0,30.0,0.0,16.037940711617244,39.28695405983411,12.0,30.0,0.0,15.192923289542378,41.807144886175468,12.0,30.0,0.0,16.97884282989489,37.05084000564093,12.0,30.0,0.0,15.359696168714294,40.952232289957319,10.0,30.0,0.0,13.029405320148566,48.12040121390566,12.0,30.0,0.0,16.123504554227563,39.25278647467396,20.0,30.0,0.0,14.582554837661255,0.0,0.0,0.0,11.120167881887971,0.0,0.0,455.40977998442568,447.92599684819359,458.4465064503048,470.64568198925556,514.5838113387781,755.8744841822672,501.2804793083642,589.8189311280204,676.7329589803976,0.0,80.91651279680299,80.91651279680299,60.0,0.0,60.0,60.0,12.0,12.0,12.0,19.0,12.0,12.0,21.0,10.0,0.0,0.0,0.0,0.0,0.0,0.0,0.0,0.0,0.0,0.0,0.0,0.0,0.0,80.91651279680299,80.91651279680299,0.0,0.0,0.0,80.91651279680299,0.0,0.0,0.0007266666666666667 
 03/22  06:00:00,2.9,90.0,4.78,0.0,0.0,0.0,0.0,0.0,2.0,2.0,0.0,0.0,0.0,0.0,0.0,1386.0,0.0,0.0,0.0,0.0,0.0,0.0,0.0,0.0,0.0,0.0,0.0,16.19262428463798,-91.5736296170262,16.199049056605788,-243.12049242078025,16.126673182140274,-135.21325944146566,16.119572540879707,-202.33905346019629,15.19047572333212,-4.530302047013407,16.77356853309113,-38.05779491841375,15.472481876139084,-73.62432296421275,13.423496623202887,-182.09382462009388,16.015834633270157,-83.89401106690434,539.3738213746619,570.4044912899128,0.0,0.0,0.0,0.0,0.0,0.0,0.0,0.0,0.0,0.0,0.0,0.0,0.0,0.0,0.0,0.0,0.0,0.0,0.0,0.0,0.0,0.0,1.4025967171018246,0.42814307603840809,181.6076307297257,214.53157082211824,4719.385447751825,0.2542057337390823,0.03879818891011635,144.29980722476848,170.49382299433615,3730.105675166049,1.3485473393576202,0.25482753956115286,159.48003328570864,188.34123009128263,4147.671784105065,0.25920067646940705,0.04897971966542082,156.9241171531549,185.3614419243156,4041.427752744722,0.0,0.0,6.72689686008048,7.9602040895441779,164.81505635037639,0.0,0.0,13.712986818903584,16.13031955430842,382.2623276980714,0.0,0.0,65.72492550495839,77.74411500350402,1627.272234488511,0.0,0.0,47.92053034056655,57.146032507711179,972.5591565106169,0.0,0.0,30.389992758899419,35.85233098679026,798.4671137283601,38.27914807686371,26.2545597235005,275.08028042380416,326.1563460427684,7428.369206113773,0.0,0.0,59.839092844697699,71.84461788017379,990.6872439745471,0.0,15.833337521676452,39.10886113910817,22.0,30.0,0.0,15.884769172465115,38.75451758750758,12.0,30.0,0.0,15.850546912466385,39.32760003687906,22.0,30.0,0.0,15.824430681565233,39.16709390192775,12.0,30.0,0.0,15.162517348090738,41.786019753844389,12.0,30.0,0.0,16.940475504012999,37.05445307357684,12.0,30.0,0.0,15.29743127000718,40.91756196666307,10.0,30.0,0.0,12.976549460565114,48.106648133266137,12.0,30.0,0.0,16.093574679052517,39.24418283878116,20.0,30.0,0.0,14.756315203283656,0.0,0.0,0.0,11.047199350245311,0.0,0.0,453.4876268118316,438.59763368183237,466.55122065848709,450.5851796873577,514.4243664753028,754.31219447338,506.12625055232436,590.5864458473857,674.1587592828064,0.0,80.91651279680299,80.91651279680299,60.0,0.0,60.0,60.0,12.0,12.0,12.0,19.0,12.0,12.0,21.0,10.0,0.0,0.0,0.0,0.0,0.0,0.0,0.0,0.0,0.0,0.0,0.0,0.0,0.0,80.91651279680299,80.91651279680299,0.0,0.0,0.0,80.91651279680299,0.0,0.0,0.0007433333333333333 
 03/22  06:10:00,2.885,90.0,4.856666666666667,0.0,0.0,0.0,0.0,0.0,2.0,2.0,0.0,0.0,0.0,0.0,0.0,6940.0,0.0,0.0,0.0,0.0,0.0,0.0,0.0,0.0,0.0,0.0,0.0,17.462223130037434,-808.1554844258945,16.870796299233285,365.1605665629565,17.636492398185309,-2468.820194464024,16.4530674690524,948.5086082014361,15.15360325300643,-5.198137274167789,17.789618705235456,-105.83202550187157,15.565884798698108,154.30287769734955,14.49060232872013,-258.07364082531628,17.613439476245089,-253.2596395835121,873.2413228063641,714.3517026545194,0.0,0.0,0.0,0.0,0.0,0.0,0.0,0.0,0.0,0.0,0.0,0.0,0.0,0.0,0.0,0.0,0.0,0.0,0.0,0.0,0.0,0.0,1.4175088768914684,0.4326950173661381,297.1126491950312,348.36754491053287,8973.960683167996,0.32765792004975816,0.05000884005643439,243.74069105735618,286.7302984328119,6882.696206635121,1.3035363315231417,0.246322058110949,471.27955205546479,552.2786759878518,14407.028226311195,0.3642207695206852,0.06882478637957013,351.47875103400028,414.238238497054,9633.279718547814,0.0,0.0,10.810492065185518,12.81038451557455,264.43392053359187,0.0,0.0,18.58592875150168,21.777635713651738,570.6967144279812,0.0,0.0,75.68767961289194,89.59070470697046,1911.7536367092283,0.0,0.0,37.704805061138049,44.812220001656097,877.4390982998674,0.0,0.0,46.27320312935543,54.20436928140237,1424.5853782554185,39.78696570412937,27.288728192132639,582.4729763748961,688.0861505707804,16155.866264852062,0.0,0.0,54.510926404941198,65.53297746980252,913.5259621342417,2074.9182488311187,17.789662390798236,34.481659383659927,21.999999999999998,30.0,808.1165634823527,16.96374993640449,36.312152443491267,16.5,30.0,4673.2311860682489,18.074886213896769,33.84461468044331,21.999999999999998,30.0,0.0,16.555180064163176,37.333175220141438,16.9,30.0,0.0,15.128696172432708,41.69995992493515,12.0,30.0,1873.2946423044207,18.33630172224522,33.86172279171019,20.0,30.0,0.0,15.533931981550321,40.05662286328264,10.0,30.0,1457.9607799092078,14.654995775944152,43.06387306083079,16.999999999999998,30.0,3114.2699821126168,18.26495024512213,34.12953417109612,20.0,30.0,0.0,15.685382206342814,0.0,0.0,0.0,11.136065457286398,0.0,0.0,456.039735609642,453.0360890275596,454.096307236225,456.4183300842676,513.96850614768,742.1544553316187,493.3404279034394,596.105029364222,659.3637573389577,14238.677886400921,78.58749808355535,87.8428140100282,60.0,0.0,60.0,60.0,16.0,16.0,19.0,19.0,16.0,12.0,21.0,10.0,1.0,0.0,2074.9182488311187,808.1165634823527,4673.2311860682489,0.0,1873.2946423044207,0.0,1457.9607799092078,3114.2699821126168,14000.89618932069,8400537.713592418,10913676.010162618,78.58749808355535,87.99999999999999,0.46669653964402316,0.7695578364244158,0.3602813740196596,87.99999999999999,0.3542647819438876,10913676.010162618,0.5682711525284563 
 03/22  06:20:00,2.87,90.0,4.933333333333334,12.5,165.0,0.0,0.0,0.0,2.0,2.0,0.0,0.0,0.0,0.0,0.0,2776.0,0.0,24.826566068070546,71.80975053095458,184.0085672675112,0.7444291978338419,19.813999580360507,0.0,71.80975053095452,98.16937321438563,0.0,0.0,18.314815727855796,-1492.7450230172618,17.25437679932749,752.6198882451372,18.629160205396734,-3577.9594086379577,17.410941777550336,860.0243727588809,15.115197351844972,0.08672849199211896,18.615025835844589,-182.83371950474808,15.812277686331658,70.694444608445,15.712108092833525,-164.94322918155548,18.50082116891152,-368.5185348915039,1206.099087168116,937.33729719213,0.0,0.0,0.0,0.0,0.0,0.0,0.0,0.0,0.0,0.0,0.0,0.0,0.0,0.0,0.0,0.0,0.0,0.0,0.0,0.0,0.0,0.0,1.5047640346199419,0.4593296808974181,425.2266851455865,496.87004570034108,13701.2701091092,0.39592954948561517,0.060428807919049937,369.325217919296,433.612104431372,10906.53112161671,1.3178058940395996,0.2490184984957672,563.7905464146045,657.9595038766754,18556.250214392854,0.38282699605757877,0.07234070220286823,396.4599247539577,465.1998908402916,11876.165488015216,0.0,0.0,13.57644387991076,16.08781157764043,331.65028702914875,0.0,0.0,22.678742254819516,26.43516916247394,758.2835391275016,0.0,0.0,93.74064436888341,110.74840514674735,2441.3309198941976,0.0,0.0,23.35372244981043,27.536374361645025,643.1375664884706,0.0,0.0,58.87771506957271,68.62519204765107,1970.4520879510438,41.1136448200416,28.198658998656798,750.4486828996126,884.428154484885,21739.800853812107,0.0,0.0,57.641965971309009,69.15351904990648,1015.105246051209,2056.8024256648197,19.187159685624953,31.51524175554898,22.0,30.0,0.0,17.768858952804196,34.46630887739278,16.0,30.0,4431.078162201429,19.579959208372448,30.7375568413876,22.0,30.0,0.0,18.02693256809253,33.89195441063741,16.0,30.0,0.0,15.092391367720662,41.508766561429798,12.0,30.0,933.6424874746392,19.881059872840838,30.590129786944958,19.75,30.0,0.0,15.940519508213331,38.94367664161406,10.0,30.0,977.5115751746134,16.81876287873073,37.270551309009977,17.0,30.0,923.1478350214247,19.9041657906507,30.529865513224089,19.75,30.0,0.0,16.70432117441579,0.0,0.0,0.0,11.539015095745104,0.0,0.0,455.9386938542617,456.1625638067197,453.5394768973201,453.6839737185468,515.0558961762735,704.0233642955564,512.7813324058551,591.6494507220677,620.905010061962,11367.305831286976,80.48831755533858,87.87455713136643,60.0,0.0,60.0,60.0,16.0,16.0,19.0,19.0,16.0,12.0,21.0,10.0,1.0,0.0,2056.8024256648197,0.0,4431.078162201429,0.0,933.6424874746392,0.0,977.5115751746134,923.1478350214247,11177.475195791325,6706485.117474793,8766351.490321745,80.48831755533858,88.0,0.3725825065263775,0.7649980109168507,0.36028137401965956,88.0,0.3542647819438875,8766351.490321745,0.45665361083006408 
 03/22  06:30:00,2.855,90.0,5.01,15.0,198.0,0.0,0.0,0.0,2.0,2.0,0.0,0.0,0.0,0.0,0.0,2776.0,0.0,31.2930662907407,83.33470023528388,213.54066441912915,0.9383328498351,24.974940196899973,0.0,83.33470023528378,113.92485322143031,0.0,0.0,18.879327776453587,-1196.6258493200908,17.73533833773156,997.2556668486755,19.30028953510069,-3231.0053187289879,18.0801557381113,958.0350846230003,15.087025957506164,7.668251235997374,18.224571348817564,-134.270345650236,16.11409663093092,409.1005342112737,15.495602660283828,-195.23159237562778,18.358420805993267,-218.15053011045382,1481.3283130864202,699.7340283348203,0.0,0.0,0.0,0.0,0.0,0.0,0.0,0.0,0.0,0.0,0.0,0.0,0.0,0.0,0.0,0.0,0.0,0.0,0.0,0.0,0.0,0.0,1.6789600175675106,0.5125030578655405,460.1177017948021,536.2121158009663,15555.417105028915,0.43537914757405596,0.06644980884829913,394.42463293679296,461.9049426892767,12253.424910093594,1.4274312222850787,0.26973379105916087,567.9961759465791,660.8660306149284,19677.671758998877,0.3835598924804759,0.07247919359041492,368.0690865817555,430.362509660408,11748.666702862194,0.0,0.0,14.701211944969014,17.426203770135044,359.0507515380963,0.0,0.0,22.10701428141702,25.837061539502807,711.3282825539299,0.0,0.0,87.751524121051,103.500258838312,2385.5254323191268,0.0,0.0,22.861853690969107,26.982306857753895,608.6965106314157,0.0,0.0,45.38079451269346,53.02603739405332,1468.3937888680626,42.45987920029395,29.122002194989,750.9271404151647,881.9996708296185,23329.899582375016,0.0,0.0,45.05952093358202,54.11893634919406,773.1480065225687,1878.1516491394482,20.018264295213265,29.85560831015628,22.0,30.0,0.0,18.588819459973018,32.66069351546666,16.0,30.0,4227.176280377635,20.49135967720337,28.981166868550845,22.0,30.0,0.0,19.045249567677766,31.721099972736015,16.0,30.0,0.0,15.072649076330086,41.351094290075689,12.0,30.0,81.49814013314915,19.185738760973775,31.83105642808993,19.0,30.0,0.0,16.525851348875908,37.30637655776734,10.0,30.0,113.13516075259062,16.25897724038993,38.442896816020489,16.0,30.0,785.3709150410333,19.300966552755925,31.563926210227593,19.25,30.0,0.0,17.73411539570443,0.0,0.0,0.0,11.304929506290245,0.0,0.0,456.93774329441609,459.71701999694678,455.21705832008839,454.35253788290836,522.877153894393,687.0524705259292,484.6566387242366,590.9675214572644,616.768455509718,11718.33603835405,80.25606697579178,87.87067861558055,60.0,0.0,60.0,60.0,16.0,16.0,19.0,19.0,16.0,12.0,21.0,10.0,1.0,0.0,1878.1516491394482,0.0,4227.176280377635,0.0,81.49814013314915,0.0,113.13516075259062,785.3709150410333,11522.643302526554,6913585.981515933,9053617.608276686,80.25606697579178,88.0,0.3840881100842185,0.7637093636088668,0.36028137401965956,88.0,0.3542647819438875,9053617.608276686,0.47163478229705438 
 03/22  06:40:00,2.84,90.0,5.086666666666667,24.999999999999998,209.16666666666667,0.0,0.0,0.0,2.0,2.0,0.0,0.0,0.0,0.0,0.0,2776.0,0.0,50.91375244944467,91.08429223628139,233.39867403025415,1.526665776572459,40.6341771094364,0.0,91.08429223628127,124.519133020205,0.0,0.0,19.350650464082045,-1197.6229329721073,18.160963846348574,1038.9146834226299,19.819503354863615,-3301.7781692522505,18.59307519711963,946.1233997972313,15.073722224447082,22.5353917983454,18.642321718695937,-121.02579582765748,16.64010697648661,474.27645902647068,15.840733372603726,-323.0598143489017,18.593214192433409,-182.69846412965223,1629.3752821814824,779.5553447523585,0.0,0.0,0.0,0.0,0.0,0.0,0.0,0.0,0.0,0.0,0.0,0.0,0.0,0.0,0.0,0.0,0.0,0.0,0.0,0.0,0.0,0.0,1.7822448751816554,0.5440307921799925,465.2376190551694,540.9837410687907,16331.045458119439,0.4551109177813378,0.06946137328774999,399.3836767166215,466.71602623087468,12908.311815706063,1.5231643854938737,0.2878239579542468,569.1306094988377,660.734338215972,20453.426750755443,0.3981556551501045,0.07523727421581715,365.28812888067719,426.1157181284751,12158.851819269446,0.0,0.0,15.289795908673935,18.125785884964146,374.0125702385422,0.0,0.0,21.47174065992169,25.042066061861413,717.0204682918277,0.0,0.0,84.9576662354196,99.90110739624126,2456.37007848421,0.0,0.0,29.965625725456748,35.31458223922489,830.2618842660329,0.0,0.0,44.048070947052497,51.381224838811217,1469.9346330829988,43.36959429076559,29.745949444969555,752.5648237369982,882.2272722422488,24313.217739752068,0.0,0.0,46.42629767323749,55.765215043579917,799.0275456034069,1900.5984536598729,20.698300119505907,28.553991772027496,22.0,30.0,0.0,19.244076579165083,31.268771167016923,16.0,30.0,4278.412051470416,21.17475097636463,27.721648724357857,22.0,30.0,0.0,19.764558878290538,30.257226621983905,16.0,30.0,0.0,15.075823778221908,41.140222221803977,12.0,30.0,1046.0813530855836,19.821796200711267,30.466903867037077,19.75,30.0,0.0,17.418171729320809,35.125002861568557,10.0,30.0,873.0896270087699,16.781974514697244,37.067265258726639,16.75,30.0,544.0719176024247,19.797892739278827,30.492263785457938,19.5,30.0,0.0,18.325630795234216,0.0,0.0,0.0,11.316029932085393,0.0,0.0,457.5992731505738,459.98011167929669,457.1625487774402,456.80838235059209,516.8730000971626,671.643510957414,472.6398604344755,608.3393346244045,614.7963258306577,10810.60183543417,80.85656199581624,86.26097145667919,60.0,0.0,60.0,60.0,16.0,16.0,19.0,19.0,16.0,12.0,21.0,10.0,1.0,0.0,1900.5984536598729,0.0,4278.412051470416,0.0,1046.0813530855836,0.0,873.0896270087699,544.0719176024247,8178.620082858948,4907172.049715369,6380650.178343976,80.85656199581624,86.35275627073277,0.3576206694286316,0.76716881767452,0.36028137401965956,86.35275627073277,0.3542647819438875,6380650.178343976,0.33268380927388677 
 03/22  06:50:00,2.825,90.0,5.163333333333334,34.99999999999999,220.33333333333335,0.0,0.0,0.0,2.0,2.0,0.0,0.0,0.0,0.0,0.0,2082.0,0.0,64.09147384803839,91.70031561941605,234.97731933048414,1.9218103839104073,51.15136169797189,0.0,91.70031561941592,125.36128368861131,0.0,0.0,19.62618289688168,-1231.1211527899819,18.46029186173603,889.0662066335433,20.155842671785196,-3370.248623326117,18.934730808361,803.405350474591,15.065560464614503,25.224984725681208,18.332092366383859,-72.24069115050989,17.004746133309906,427.4666173622213,15.841532631584374,-399.4326783129336,18.52340996323317,-114.99780109994208,1673.2097338766435,802.0564490002441,0.0,0.0,0.0,0.0,0.0,0.0,0.0,0.0,0.0,0.0,0.0,0.0,0.0,0.0,0.0,0.0,0.0,0.0,0.0,0.0,0.0,0.0,1.8496623670242465,0.5646100021441538,464.577012624365,539.5786791348795,16585.906381397763,0.4617039213966381,0.07046763147079342,392.9014399197698,458.45318131507988,13003.119166495104,1.5851090249834999,0.2995292942145694,563.0398056698293,652.8571559204461,20586.25247888165,0.40393249080327728,0.07632889093032454,359.6376188166553,418.8767671073678,12256.981069648635,0.0,0.0,14.847611150565852,17.59886751678592,363.8514326451299,0.0,0.0,18.7504640912317,21.911316528187184,606.580660205565,0.0,0.0,100.06412833194048,117.40660619240099,3002.350727226722,0.0,0.0,38.31779481081731,45.169729689882469,1050.6090424463544,0.0,0.0,31.914891702195498,37.29170886717939,1038.1670773777619,43.907575214234217,30.11493498918674,741.6898214080109,868.593383289412,24401.66830024805,0.0,0.0,55.06572004331194,66.11143777145877,955.4977280342392,1882.6225342287017,21.00455659474406,27.995103990863137,22.000000000000019,30.00000000000002,0.0,19.646662627281004,30.46555330898793,16.000000000000015,30.00000000000002,4245.353512698852,21.496993560046499,27.153109784578584,22.000000000000019,30.00000000000002,0.0,20.180650452749533,29.461524595640179,16.000000000000015,30.00000000000002,0.0,15.081595841474698,40.987401360637779,12.00000000000001,30.00000000000002,0.0,19.230224764002185,31.515541428002256,19.000000000000015,30.00000000000002,0.0,17.980986368957895,33.883893334327549,10.000000000000007,30.00000000000002,851.6442240878481,16.58580160119154,37.421169108920128,16.66666666666668,30.00000000000002,925.6025713304056,19.40871363593864,31.18783769735901,19.33333333333335,30.00000000000002,0.0,18.584563940210516,0.0,0.0,0.0,11.368350333136507,0.0,0.0,458.24677940248747,461.1117116812203,457.8522881693063,458.83019255018879,513.0240414266475,668.7216432687603,481.3519690735431,602.7573232093829,627.992640741186,10472.451277401451,81.08017910053103,83.67867172320244,60.00000000000004,0.0,60.00000000000004,60.00000000000004,16.0,16.0,19.0,19.0,16.0,12.0,21.0,10.0,1.0,0.0,1882.6225342287017,0.0,4245.353512698852,0.0,0.0,0.0,851.6442240878481,925.6025713304056,3932.0321588795329,2359219.295327718,3054986.210180167,81.08017910053103,83.7228027543389,0.3577344052959846,0.7688270201947074,0.3602813740196598,83.7228027543389,0.3542647819438878,3054986.210180167,0.15969928292936873 
 03/22  07:00:00,2.81,90.0,5.24,45.0,231.5,0.0,0.0,0.0,2.0,2.0,0.0,0.0,0.0,0.0,0.0,694.0,0.0,81.55402661031092,90.72531242175225,232.47905240550274,2.4454339736643506,65.08822887806471,0.0,90.72531242175217,124.02838039777734,0.0,0.0,19.928863817655555,-1318.8549373538372,18.704435001280968,841.3827030500688,20.514740536505636,-3592.8731766970888,19.222990519271904,770.183976606224,15.060605993989324,29.865554169632448,18.20443700719649,-67.1762589474323,17.28815169021706,407.7592578869985,16.11998886668342,-430.60201449252966,18.818387890981357,-150.7089261288777,1724.2522559065765,864.7158844802511,0.0,0.0,0.0,0.0,0.0,0.0,0.0,0.0,0.0,0.0,0.0,0.0,0.0,0.0,0.0,0.0,0.0,0.0,0.0,0.0,0.0,0.0,1.8837494504588007,0.5750150947676437,466.1343942217813,539.4176443193334,17013.49308365158,0.468358204812208,0.07148324249270574,395.96643828514518,460.4550313106107,13366.848317111917,1.610930011127737,0.30440854329700259,572.0955424834774,660.8846682411452,21394.71414629175,0.4103608112089606,0.07754361511885119,362.1115726093951,420.26072672070537,12609.30570362531,0.0,0.0,15.076252061602782,17.82821475128,370.3240099675273,0.0,0.0,19.57136392049761,22.832591019497337,625.7537905368056,0.0,0.0,99.24923751431146,116.03256393962598,3060.8185958723968,0.0,0.0,38.05937191033585,44.70344546232707,1075.681161608269,0.0,0.0,36.581344253516018,42.528706346293997,1238.3629269172314,44.41708892925898,30.464395699080244,747.1668390065167,872.2729016083424,24991.700447125437,0.0,0.0,56.34446870410318,67.4684975596429,994.4318808341266,1944.4313885697573,21.41179243299886,27.27755658505766,22.0,30.0,0.0,19.979503366972187,29.813771210254349,16.0,30.0,4385.532312539826,21.9261576313566,26.425887750505607,22.0,30.0,0.0,20.556569753553715,28.75330936497048,16.0,30.0,0.0,15.090197611551633,40.85174250105859,12.0,30.0,382.189845105114,19.019243854906834,31.85072611409317,19.0,30.0,0.0,18.411495124857049,32.93328491224441,10.0,30.0,788.2477092062316,17.03876595085473,36.17605277048165,17.0,30.0,705.9980507569285,20.032864576076415,29.977614026329353,20.0,30.0,0.0,18.83349319160891,0.0,0.0,0.0,11.504226701928527,0.0,0.0,459.3715957743843,462.97439570440619,459.0103943894325,458.67050079177479,509.10624639225275,676.2402273925021,479.6326469061077,564.7051061809397,637.0148271941054,8656.40430074751,82.28119982534364,82.28119982534364,60.0,0.0,60.0,60.0,16.0,16.0,19.0,19.0,16.0,12.0,21.0,10.0,1.0,0.0,1944.4313885697573,0.0,4385.532312539826,0.0,382.189845105114,0.0,788.2477092062316,705.9980507569285,0.0,0.0,0.0,82.28119982534364,82.28119982534364,0.34,0.7654289027952611,0.36028137401965956,82.28119982534364,0.3542647819438875,0.0,0.00079 
 03/22  07:10:00,3.0283333333333335,89.16666666666667,5.468333333333334,55.00000000000001,242.66666666666669,0.0,0.0,0.0,2.0,2.0,0.0,0.0,0.0,0.0,0.0,2776.0,0.0,98.87814492070076,88.71263821279978,227.3218156437594,2.964907229716132,78.9146190511322,0.0,88.71263821279969,121.2769021637393,0.0,0.0,20.102109415701834,-1250.3018155650034,18.8794738127882,974.2960767887494,20.31474359076688,-2870.1438329067298,19.40161593075866,820.4032599537222,15.057375246938003,36.085990247007789,18.976301994514999,-79.82739786566296,17.453220122409215,463.39356163318748,16.68863044622163,-424.533919623962,18.552364594083494,-67.64609330684647,1790.8184502505374,787.8588453152913,0.0,0.0,0.0,0.0,0.0,0.0,0.0,0.0,0.0,0.0,0.0,0.0,0.0,0.0,0.0,0.0,0.0,0.0,0.0,0.0,0.0,0.0,1.9073027350563435,0.582204742080691,469.2594547612929,544.2315011980852,17044.415811819326,0.47184765724750696,0.07201582070322145,395.609890916699,460.96600132119206,13327.666014657132,1.6533242589148314,0.312419550059492,546.2375377883112,633.1894954625293,19979.018190104332,0.4117025243524685,0.07779715123818375,352.2010659731572,409.62212180936947,12221.730747306623,0.0,0.0,15.148310814217302,17.961424842833219,365.5913374129281,0.0,0.0,18.035906770207235,21.018346739407048,605.0992373864683,0.0,0.0,100.73952531735674,118.01518530917434,3101.059941505706,0.0,0.0,34.14029763355414,40.111957758119689,1000.3514170446038,0.0,0.0,26.355334713185959,30.780723267247095,857.4975326608028,45.29453124854255,31.066207989398188,737.0619234279786,861.9115247826067,24792.10425160963,0.0,0.0,52.32013215319187,62.8303068911089,900.5679045741408,1897.4746012910496,21.55582602923766,27.009562787813687,22.0,30.0,0.0,20.181686209238096,29.42080594151962,16.0,30.0,3077.3883759675829,21.707524509574694,26.763951438767046,21.75,30.0,0.0,20.73039216673589,28.43080668600685,16.0,30.0,0.0,15.09851600470926,40.78015122463189,12.0,30.0,1337.192990758524,20.124415005790739,30.976618084809294,19.75,30.0,0.0,18.620825476123398,32.45258990654171,10.0,30.0,1354.269435016583,17.8804789996461,34.26306931431427,20.7,30.0,0.0,19.522422533510395,32.20174273401111,19.0,30.0,0.0,19.13435899314052,0.0,0.0,0.0,11.500462562379888,0.0,0.0,460.5759966400876,464.07732349827998,460.2659418489368,461.89260342883946,506.67713053654787,708.4291176596039,474.72667981789786,559.2290134241894,667.1395005660738,11161.961867283597,80.62414661828623,87.87682543642666,60.0,0.0,60.0,60.0,16.0,16.0,19.0,19.0,19.7,12.0,21.0,10.0,1.0,0.0,1897.4746012910496,0.0,3077.3883759675829,0.0,1337.192990758524,0.0,1354.269435016583,0.0,10975.56041507557,6585336.249045341,8599252.400476788,80.62414661828623,88.0,0.36585201383585227,0.7659488761430133,0.36028137401965956,88.0,0.3542647819438875,8599252.400476788,0.44790112482479296 
 03/22  07:20:00,3.246666666666667,88.33333333333334,5.696666666666667,65.0,253.83333333333335,0.0,0.0,0.0,2.0,2.0,0.0,0.0,0.0,0.0,0.0,2776.0,0.0,116.06400606849528,85.78195476108728,219.81223544884848,3.4802354464320945,92.63067347503764,0.0,85.78195476108718,117.27043569620338,0.0,0.0,20.148181455721365,-1232.645733435122,18.972840307627224,722.4309953346074,20.281408883696576,-2402.8716888885057,19.447709220384973,604.745344115815,15.049188316030947,27.455703669468578,18.76579345351992,-44.533580090200718,17.59335463605167,403.812850610958,17.6294364244794,-40.90164972768028,18.59267846772152,-70.18909802804657,1693.0557450914162,386.7621077754927,0.0,0.0,0.0,0.0,0.0,0.0,0.0,0.0,0.0,0.0,0.0,0.0,0.0,0.0,0.0,0.0,0.0,0.0,0.0,0.0,0.0,0.0,1.8888539728988412,0.576573251800623,410.42715531956187,476.21176859540409,14578.069466056451,0.43275688439520579,0.06604958553040381,310.49932471884127,361.5678380130077,10364.481245080748,1.6417972920172282,0.310241362815047,483.6335763306094,560.7426212927032,17380.902656847487,0.39920813920008366,0.07543615631142924,329.09947121299759,382.7915407675297,11237.068522993468,0.0,0.0,14.213753628918269,16.85219541038871,336.7046145093366,0.0,0.0,15.6140482051912,18.206390475642935,507.8257540258961,0.0,0.0,79.65012271238234,93.24816037798937,2442.1167085388995,0.0,0.0,11.778559706607926,13.752733553990659,376.5069998342147,0.0,0.0,15.581850649407638,18.182612543184228,499.4781300528989,45.67539939619262,31.327434428115656,639.5281625644861,747.9681923174394,21252.00214009316,0.0,0.0,23.682456716347234,28.49379424997741,372.4742414823648,1832.9148020507824,21.49184831482398,27.116569169915985,22.0,30.0,0.0,20.20425216273007,29.383397539158695,16.0,30.0,3043.069265411049,21.59050790803066,26.94529334053682,21.75,30.0,0.0,20.654010862079347,28.576183338384636,16.0,30.0,0.0,15.092954835958848,40.73548957022366,12.0,30.0,0.0,19.80311847474394,33.342622502009579,19.0,30.0,0.0,18.773828761861844,32.07196689653828,10.0,30.0,1293.8676756988055,19.422265483552655,31.07561726621765,20.7,30.0,926.3684126307563,19.497367964905867,33.74572213782794,19.5,30.0,0.0,18.95142721231035,0.0,0.0,0.0,10.969634210095207,0.0,0.0,464.390152192414,468.050404894504,463.1963769053992,467.32988399560198,498.9412714571331,759.3326907841314,464.55816035223929,535.8904116282704,727.9773679154755,11061.050694680795,80.69084994946718,84.56941507114647,60.0,0.0,60.0,60.0,16.0,16.0,19.0,19.0,19.7,12.0,21.0,10.0,1.0,0.0,1832.9148020507824,0.0,3043.069265411049,0.0,0.0,0.0,1293.8676756988055,926.3684126307563,5869.0271151892579,3521416.2691135548,4575840.134432809,80.69084994946718,84.63528598286514,0.3656342371729753,0.7697067693008,0.36028137401965956,84.63528598286514,0.3542647819438875,4575840.134432809,0.23868368699050614 
 03/22  07:30:00,3.465,87.5,5.925000000000001,75.0,265.0,0.0,0.0,0.0,2.0,2.0,0.0,0.0,0.0,0.0,0.0,2776.0,0.0,133.10724385121928,82.09105072543629,210.3546362213898,3.991287681816167,106.23290727380878,0.0,82.09105072543619,112.22469005448699,0.0,0.0,20.10346652597427,-629.5595966120359,19.017994712426878,560.0447108396238,20.591227078459779,-2643.7750721894219,19.55631203332204,637.9515527121628,15.038698881408326,27.30595288424172,18.374871833166563,-43.56271445891832,17.540838090361495,205.5924122082605,18.336582295925717,-77.89410890245384,18.668987553758187,-27.751713663930589,1690.7512598067424,558.9245994793969,0.0,0.0,0.0,0.0,0.0,0.0,0.0,0.0,0.0,0.0,0.0,0.0,0.0,0.0,0.0,0.0,0.0,0.0,0.0,0.0,0.0,0.0,1.8896631103990403,0.5768202412695483,422.4418174423225,490.48860013837659,14770.83303244949,0.4224009232792837,0.06446900538450606,299.0873194654957,348.46903598905888,9832.15323918399,1.5243007303910286,0.28803868677079166,547.1070285138161,634.399711694362,19449.797299517166,0.37571433209229879,0.07099666139310254,306.993360361133,357.00273935455348,10430.006787566133,0.0,0.0,14.42758485956473,17.108454089063856,335.249222503488,0.0,0.0,16.231578306521265,18.96821003752094,502.7573828704656,0.0,0.0,81.49958706964773,95.48517354003057,2432.901923220002,0.0,0.0,29.07949750797767,33.83397803224392,975.3743894790537,0.0,0.0,19.392381268155494,22.634563423900127,614.9296563777458,46.23496091310297,31.71122147675102,625.3503761739198,731.6483008383119,20562.78824011908,0.0,0.0,29.83501398614245,35.86977737176583,463.9985744112807,1303.0169793066469,21.367340270657473,27.336976824368877,21.75,30.0,0.0,20.18400756359959,29.451601309731104,16.0,30.0,3780.2298186068808,21.71798748324185,26.755624109267364,22.0,30.0,0.0,20.77342337126443,28.353887117817864,16.0,30.0,0.0,15.08439735302378,40.82021225543712,12.0,30.0,4.83152368295074,19.17621921878687,35.62425745003009,19.0,30.0,0.0,18.57508441066028,32.58348989360633,10.0,30.0,1139.089618209132,20.560865160672866,29.01985708836635,20.7,30.0,0.0,19.56320086202516,34.50087961465228,19.0,30.0,0.0,19.020480354986618,0.0,0.0,0.0,11.095889764288314,0.0,0.0,465.43550601524108,470.64247011799906,465.264308806673,466.42402917169638,497.9214578916135,781.2363969750369,476.1637647383277,508.5929349485357,754.7306962821117,11554.214635717559,80.3646482172197,87.87249189010393,60.0,0.0,60.0,60.0,16.0,16.0,19.0,19.0,19.7,12.0,21.0,10.0,1.0,0.0,1303.0169793066469,0.0,3780.2298186068808,0.0,4.83152368295074,0.0,1139.089618209132,0.0,11361.262678630723,6816757.607178435,8910594.30675439,80.3646482172197,88.0,0.3787087559543575,0.7650005124497407,0.36028137401965956,88.0,0.3542647819438875,8910594.30675439,0.4640909039512283 
 03/22  07:40:00,3.6833333333333337,86.66666666666667,6.153333333333333,77.0,293.16666666666665,0.0,0.0,1.0,2.0,0.0,0.0,0.0,0.0,0.0,4.0,6246.0,0.0,140.04822168277893,76.09766986982571,194.99704353658917,4.199425147920746,111.77259782379024,0.0,76.0976698698256,104.03128403817215,0.0,0.0,19.9749951811714,-1633.6676025449995,19.006079137825194,593.7328941664407,20.60546029105459,-1618.0418392035086,19.570700105635763,516.7043649616063,15.027581792630894,25.59781939447419,18.769399571627905,-104.31758837696457,16.67284737475799,-582.6755097713743,18.190813620335164,-166.00501036005989,18.081490661211207,-566.5498431223105,1658.3195172991605,2196.4984967112206,0.0,0.0,0.0,0.0,0.0,0.0,0.0,0.0,0.0,0.0,0.0,0.0,0.0,0.0,0.0,0.0,0.0,0.0,0.0,0.0,0.0,0.0,1.9271874234527915,0.5882745492835153,378.805569595404,440.3143877292997,12958.762960669483,0.42760821849657129,0.06526376961180894,310.91424755096616,362.62103986736107,10034.120767776965,1.4597378424688597,0.2758385945708358,305.8683127116186,354.7726186842304,10794.5195492182,0.3564284427767469,0.0673523134498767,291.54862068405108,339.28041207997577,9738.942622896195,0.0,0.0,14.690888949859437,17.429901004214288,334.677548496299,0.0,0.0,17.3987843334984,20.29923811609257,550.2891492498158,0.0,0.0,266.60502081519487,314.37268011401468,6944.835857252276,0.0,0.0,37.37335222445977,43.57457738430579,1200.2726477832762,0.0,0.0,188.68803784953853,221.11260737926416,5552.740212789112,46.842796028641249,32.128117989465959,591.3051492424909,692.2526377553221,19225.544339085143,0.0,0.0,197.69600956476783,235.81777501849497,3884.9060969869008,1826.4346232445274,21.074833870807465,28.114744236463879,22.000000000000047,30.000000000000065,0.0,20.104907276894158,29.791620771265238,16.000000000000033,30.000000000000065,1882.2151884859543,21.613982097604283,27.789449120234733,21.555555555555597,30.000000000000065,0.0,20.713087105168197,29.158324386776699,19.000000000000044,30.000000000000065,0.0,15.074857168826134,41.241156692511307,12.000000000000029,30.000000000000065,924.535583616762,19.753898837932156,34.89470857119303,19.66666666666671,30.000000000000065,0.0,16.82309597515003,37.632389103138269,10.000000000000022,30.000000000000065,596.6146945072627,20.031505395396118,31.21747406892967,20.14444444444449,30.000000000000065,0.0,18.60466864134933,33.99646363776578,12.000000000000029,30.000000000000065,0.0,18.96366118115935,0.0,0.0,0.0,13.412933932946946,0.0,0.0,481.7146700918573,480.59492312278749,510.9545661247668,501.36273551583579,516.5858699998108,805.4060045303436,552.9618104017658,574.0057752118912,577.591307454587,10218.050325417737,81.24850394088029,84.29103288116636,220.00000000000046,0.0,220.00000000000046,220.00000000000046,16.0,19.0,19.0,12.0,19.7,12.0,21.0,10.0,1.0,0.0,1826.4346232445274,0.0,1882.2151884859543,0.0,924.535583616762,0.0,596.6146945072627,0.0,4604.581685488703,2762749.0112932159,3589638.5770181769,81.24850394088029,84.3427051230753,0.34237494507184609,0.7673676749806159,0.36028137401966039,84.3427051230753,0.3542647819438883,3589638.5770181769,0.1893745393382785 
 03/22  07:50:00,3.901666666666667,85.83333333333334,6.381666666666667,79.0,321.3333333333333,0.0,0.0,1.0,2.0,0.0,0.0,0.0,0.0,0.0,4.0,2082.0,0.0,147.11724330728789,69.38437453684027,177.79471953401308,4.411403262235293,117.41449310461623,0.0,69.38437453684017,94.85370035114694,0.0,0.0,19.86079274965271,-1473.310348786863,18.951599468969897,509.90133980649298,20.49477840085195,-1289.5664697517837,19.466064210787296,349.4199744950274,15.008695841950136,19.779466236610419,18.50303964070774,-107.91512670692009,16.169786168728714,-11.077467357603393,18.576368065809136,-344.88421879885416,17.374920899904838,-393.58445947088299,1574.3388946715823,1774.574605731874,0.0,0.0,0.0,0.0,0.0,0.0,0.0,0.0,0.0,0.0,0.0,0.0,0.0,0.0,0.0,0.0,0.0,0.0,0.0,0.0,0.0,0.0,1.8463287301171383,0.5635924084606654,360.37998462993826,418.957565042277,11964.638373106858,0.4043804867763946,0.06171863351288079,290.00014095026537,338.1010882634064,9146.080321248413,1.4545982894722236,0.2748674016387425,261.9581109987397,303.95760643106419,8979.99778971861,0.3343467160179626,0.06317965155290303,249.0325117641113,289.82036593511938,8101.869998373872,0.0,0.0,14.405359707829826,17.078349685118288,321.2689397367357,0.0,0.0,17.77216729467402,20.75162445551487,537.8689576949737,0.0,0.0,265.3501165209209,313.420929693806,6460.566642095987,0.0,0.0,49.6284564426621,57.688305809828,1629.6177113900783,0.0,0.0,176.6051867705819,207.64532073646226,4753.85858673923,47.25804483667986,32.41292512803835,528.0803623550519,618.1700353153552,16853.992814749,0.0,0.0,193.89600701908283,230.7329541838444,3927.7122361471199,1829.1249052491708,20.77119485822216,28.845387668365267,22.000000000000019,30.00000000000002,0.0,19.939197725073066,30.326607302702933,16.000000000000015,30.00000000000002,1513.8562859964159,21.34990151263957,28.59042420737682,21.33333333333335,30.00000000000002,0.0,20.462277152790546,30.017219273532868,19.000000000000015,30.00000000000002,0.0,15.050387789783438,41.888983178264158,12.00000000000001,30.00000000000002,0.0,19.259070199082147,36.57255386871551,19.000000000000015,30.00000000000002,0.0,16.123086383166898,39.43063415758561,10.000000000000007,30.00000000000002,1237.8888954321945,20.630336044656685,30.623028077737005,20.700000000000015,30.00000000000002,0.0,17.46028382823779,36.20745626982686,12.00000000000001,30.00000000000002,0.0,18.752283152779449,0.0,0.0,0.0,13.963333387060886,0.0,0.0,491.78867319005817,491.78369342950898,528.3462709305911,521.1842615513247,542.9271949082897,830.7706506368264,552.9696043240866,608.1003582465487,555.5365141272873,7950.197182037324,82.74808675819975,82.74808675819975,220.00000000000018,0.0,220.00000000000018,220.00000000000018,16.0,19.0,19.0,12.0,19.7,12.0,21.0,10.0,1.0,0.0,1829.1249052491708,0.0,1513.8562859964159,0.0,0.0,0.0,1237.8888954321945,0.0,0.0,0.0,0.0,82.74808675819975,82.74808675819975,0.3400000000000003,0.7693413741885793,0.3602813740196598,82.74808675819975,0.3542647819438878,0.0,0.002566666666666667 
 03/22  08:00:00,4.12,85.0,6.61,81.0,349.5,0.0,0.0,1.0,2.0,0.0,0.0,0.0,0.0,0.0,4.0,4858.0,0.0,154.18996098676826,62.362287861920169,159.80114374351107,4.623493467816921,123.05935196163382,0.0,62.36228786192008,85.25397548875739,0.0,0.0,19.857621832445806,-1455.8623542761123,18.908551279005978,484.59611239374785,20.607570584088437,-1928.6911900358614,19.435782582445066,695.7810478186473,14.98976149813842,17.727453092781987,18.905487717193134,-123.49489375852147,16.255166149854746,77.9371554403846,18.330467917412816,-295.592115213982,17.048457687998459,-181.2354531014487,1597.978667944553,1273.7259228610263,0.0,0.0,0.0,0.0,0.0,0.0,0.0,0.0,0.0,0.0,0.0,0.0,0.0,0.0,0.0,0.0,0.0,0.0,0.0,0.0,0.0,0.0,1.8978670699660865,0.5793245024316511,361.86687034228029,421.0041778162076,11826.199641170217,0.41389802095148056,0.06317124861896843,291.12049668204858,339.7421935439479,8988.812358418858,1.242675840120048,0.23482158732427256,356.2990891001397,413.2499211985571,12169.672797340867,0.340358378134317,0.06431564212666617,339.4998300703378,395.2627278789456,10870.205107566551,0.0,0.0,13.857898309155566,16.4416117964739,302.372641435782,0.0,0.0,18.036073022559898,21.041544582328699,554.2046620273862,0.0,0.0,205.78507552476592,243.09691680632614,5001.607846348887,0.0,0.0,51.00692698919129,59.48257657052302,1593.2599149095725,0.0,0.0,118.83725370109829,140.05107730319029,3051.0229968825626,47.905432339186969,32.85694947818042,619.3389194807056,725.1422640384797,19329.95756149473,0.0,0.0,133.7623706392128,159.60355535506384,2517.49694197171,1865.6141238098624,20.721439620293869,29.37500505205748,22.000000000000037,30.000000000000044,0.0,19.816876725437255,30.970627726048563,16.00000000000002,30.000000000000044,1764.1088659934297,21.520624259129567,28.526683950996515,21.428571428571464,30.000000000000044,0.0,20.42215884754674,30.423572915960837,19.00000000000003,30.000000000000044,0.0,15.027103788432275,42.189622307532719,12.000000000000018,30.000000000000044,1127.9886311292783,19.73721681374013,35.75545319363182,19.714285714285745,30.000000000000044,0.0,16.33352781469304,39.04396181386821,10.000000000000015,30.000000000000044,628.4038194551823,20.003112638718556,31.891533591436628,20.12857142857146,30.000000000000044,0.0,17.038281831814964,37.25193699654483,12.000000000000018,30.000000000000044,0.0,18.817326420638879,0.0,0.0,0.0,13.425309224987858,0.0,0.0,512.0231075567102,509.73560292609707,539.2866466725114,535.9664304944198,549.7946628452442,841.1525587331787,549.4112445137557,602.5353817605154,550.2754466508884,10327.761923017562,81.17591052277446,84.29702462373841,220.00000000000035,0.0,220.00000000000035,220.00000000000035,16.0,19.0,19.0,12.0,19.7,12.0,21.0,10.0,1.0,0.0,1865.6141238098624,0.0,1764.1088659934297,0.0,1127.9886311292783,0.0,628.4038194551823,0.0,4723.21287334137,2833927.7240048178,3699362.05524625,81.17591052277446,84.35003150256051,0.35172614339709359,0.7682433292326798,0.3602813740196601,84.35003150256051,0.35426478194388807,3699362.05524625,0.19478682687280497 
 03/22  08:10:00,4.3100000000000009,83.66666666666667,6.6883333333333339,83.0,377.6666666666667,0.0,4.0,0.0,0.0,0.0,0.0,0.0,0.0,0.0,0.0,4858.0,0.0,161.62467511913477,55.76362224228152,142.89256883193233,4.8464391528462589,128.99312930839907,0.0,55.76362224228144,76.23309931050075,0.0,0.0,20.085460321498858,-1186.1512132467306,18.995557103562655,796.2532943119248,20.628927640810333,-1602.7641847758605,19.514425247801158,-39.18909635896188,14.98263891738447,35.10783684664063,18.63005381066753,-341.70489342863399,16.861427478245824,615.9058340365045,17.843447222966007,-116.98185264467569,16.663102739788003,-762.9909553346424,1385.8774536092347,1351.2511546932847,0.0,0.0,0.0,0.0,0.0,0.0,0.0,0.0,0.0,0.0,0.0,0.0,0.0,0.0,0.0,0.0,0.0,0.0,0.0,0.0,0.0,0.0,1.8070451625004372,0.5516010874543459,466.3798664955438,542.0677726509166,15300.015332015868,0.43495109598960698,0.06638447740989118,350.8108753083383,409.0834228868905,10798.426027865276,1.408638425280573,0.2661826200454599,261.12979048811379,302.789016535073,8875.453853499506,0.37290339300745548,0.07046549376558112,25.846074967106408,30.077327972218336,826.5489938983046,0.0,0.0,13.352226491370788,15.84118868447322,286.2723545662251,0.0,0.0,87.42150240182409,102.15490701070087,2592.9601701704307,0.0,0.0,275.7049180235359,324.0998040272646,7251.281882250815,0.0,0.0,34.402629029092619,40.232325101364697,1009.0379722906168,0.0,0.0,149.98140757861939,177.0205960822767,3590.9802526966957,48.178830079923937,33.04446507539365,403.61418169513368,473.529008732409,12437.862849289562,0.0,0.0,155.75484150609229,185.57153761562058,2920.1652921433108,1847.1459444294192,21.05158931565044,29.200777798700935,21.999999999999998,29.999999999999994,0.0,19.955341475311586,31.300729883716607,16.0,29.999999999999994,2146.014808277826,21.61865784119473,28.23449582235863,21.57142857142857,29.999999999999994,0.0,20.410589653061448,33.18187828351942,19.0,29.999999999999994,0.0,15.027208371438,42.759347875589778,12.0,29.999999999999994,0.0,19.359703807265519,34.18915512581172,16.0,29.999999999999994,0.0,17.543404042783317,37.12674858482739,10.0,29.999999999999994,0.0,19.178931321291956,33.56186320165971,16.0,29.999999999999994,0.0,16.407659917516264,39.72240910571989,12.0,29.999999999999994,0.0,18.211766333670619,0.0,0.0,0.0,13.515393075596406,0.0,0.0,530.1790004797629,534.8696667122034,530.3979577631982,694.8957569798425,568.724148566774,670.2265823382394,593.2376249006593,596.7012403786565,590.991262779881,9810.307455343052,81.51815126868553,83.47291956389614,132.0,0.0,132.0,132.0,16.0,19.0,16.0,12.0,16.0,12.0,21.0,10.0,1.0,0.0,1847.1459444294192,0.0,2146.014808277826,0.0,0.0,0.0,0.0,0.0,2958.3599139338869,1775015.9483603314,2315664.363913599,81.51815126868553,83.50611801893422,0.3414691399882724,0.7688887838804052,0.3602813740196596,83.50611801893422,0.35426478194388746,2315664.363913599,0.12177854692350718 
 03/22  08:20:00,4.5,82.33333333333334,6.7666666666666679,85.0,405.83333333333339,0.0,4.0,0.0,0.0,0.0,0.0,0.0,0.0,0.0,0.0,2776.0,0.0,169.2371455783224,50.15414224698003,128.51873423525397,5.074715908563635,135.06878442972724,0.0,50.15414224697997,68.56451487557776,0.0,0.0,20.249109029167799,-1398.6530297538985,19.146911951420866,691.4574014617242,20.629970054592066,-1393.1074658450635,19.3442304366813,-43.6344921807264,14.991865136509859,41.6653775235131,18.09190281078112,-144.2400195612821,17.041418838104833,152.86046079970903,17.115768583184953,-37.726728267843757,16.14601234981966,-556.5088136966265,1444.3933193394583,1513.0624722688622,0.0,0.0,0.0,0.0,0.0,0.0,0.0,0.0,0.0,0.0,0.0,0.0,0.0,0.0,0.0,0.0,0.0,0.0,0.0,0.0,0.0,0.0,1.8172026615121762,0.5547016671282589,480.20306481870059,557.4391726647533,15763.832372525041,0.4289207406712203,0.0654640935090385,338.449664829439,394.2961488361068,10422.477900435593,1.4051380492353165,0.2655211733248898,257.45926999860799,298.5086373154582,8619.856247772863,0.3956852376255022,0.07477045306604348,30.562284033176377,35.57913056478124,946.8374143953025,0.0,0.0,12.743241183265031,15.11054634395376,269.01724307259897,0.0,0.0,70.90862330028509,83.09249405086365,1963.5072865810485,0.0,0.0,321.65718036204927,377.90843218054558,8402.327155700497,0.0,0.0,26.11096975395635,30.65870703039623,696.6565476826631,0.0,0.0,209.16398415355637,247.45131021346385,4652.597929881649,48.40806226905293,33.20168879907608,416.2978539710119,487.9175870551629,12745.376551477097,0.0,0.0,214.68270276816356,255.20509957642725,4210.3947375289039,1852.9546105281968,21.28716199518979,28.86869349333819,22.0,30.0,0.0,20.158611052913817,30.92687978485422,16.0,30.0,1782.1890255634167,21.54599549242629,28.412776661231648,21.5,30.0,0.0,20.08968702304257,36.150124749560898,19.0,30.0,0.0,15.05245811783484,43.10424787571094,12.0,30.0,0.0,18.499233496316916,34.981030056703648,16.0,30.0,0.0,17.686338208412534,36.63388395028126,10.0,30.0,0.0,17.936109655278526,36.1683851209612,16.0,30.0,0.0,15.652827515797482,41.85818197241805,12.0,30.0,0.0,18.3803927766868,0.0,0.0,0.0,14.242339431418028,0.0,0.0,534.9905293138797,535.7395789735344,533.6682450438303,837.3999014482165,581.4110589759848,595.1816855289461,581.4173953436517,590.862939180476,594.3712659054309,9841.11454364353,81.49767571552045,85.03463452832227,132.0,0.0,132.0,132.0,16.0,19.0,16.0,12.0,16.0,12.0,21.0,10.0,1.0,0.0,1852.9546105281968,0.0,1782.1890255634167,0.0,0.0,0.0,0.0,0.0,5352.674776095576,3211604.8656573456,4185169.2523779228,81.49767571552045,85.0947038308611,0.34842249253651927,0.7673277425825316,0.36028137401965956,85.0947038308611,0.3542647819438875,4185169.2523779228,0.21896346779031868 
 03/22  08:30:00,4.6899999999999999,81.0,6.845000000000001,87.0,434.0,0.0,4.0,0.0,0.0,0.0,0.0,0.0,0.0,0.0,0.0,2082.0,0.0,177.02962506239573,46.21049289166405,118.4135042642205,5.30839121058484,141.2881144129594,0.0,46.21049289166401,63.17324722005514,0.0,0.0,20.2536836692627,-1163.5658978008799,19.20361944906248,479.34060426351166,20.717129819010827,-1426.1299310098182,19.22368734884457,-47.372260232030829,14.999344690254189,40.857426903230159,17.779150245764638,-83.5581433021002,16.89345622480336,93.94935858920019,16.65713788437761,-18.19074605075782,15.921683353092602,-386.06330747624926,1374.1864457325453,1435.2461640947595,0.0,0.0,0.0,0.0,0.0,0.0,0.0,0.0,0.0,0.0,0.0,0.0,0.0,0.0,0.0,0.0,0.0,0.0,0.0,0.0,0.0,0.0,1.7856740028116534,0.5450775344357915,414.05566901087908,480.46199914841949,13500.3042156232,0.4049558672729373,0.0618064510489831,303.41402275096706,353.45208082788079,9246.740404949118,1.4028474651967827,0.2650883343153406,214.90112365960963,248.82967606739676,7183.718747869743,0.4022442235690866,0.07600986839929826,32.44308810953281,37.786244553088547,979.3352426155984,0.0,0.0,12.314153370401798,14.59602483040923,255.7446903748125,0.0,0.0,59.53730206960108,69.85765595251806,1571.4623441701588,0.0,0.0,325.42807429240886,382.65194701715958,8197.731391665033,0.0,0.0,17.474826924222059,20.565955974913675,434.38627013903217,0.0,0.0,220.56026411688078,261.12000578470437,4720.315893031315,48.464427029190918,33.24034775664671,344.1883474461585,403.63973157438138,10466.891426574673,0.0,0.0,225.2096922512358,267.5886852349422,4375.903180826377,1776.3455294641672,21.324733299922458,28.902966522011285,21.999999999999994,29.99999999999999,0.0,20.19182814577562,30.950370124012055,15.999999999999993,29.99999999999999,2431.627563251522,21.692557540578428,28.271906530206388,21.666666666666658,29.99999999999999,0.0,19.869690737812044,37.09314478494679,18.999999999999994,29.99999999999999,0.0,15.071140612741012,43.166465504088268,11.999999999999995,29.99999999999999,0.0,18.019149066272214,35.88282869266587,15.999999999999993,29.99999999999999,0.0,17.385286271043197,37.25218981859405,9.999999999999997,29.99999999999999,0.0,17.186360866481008,37.86804768067071,15.999999999999993,29.99999999999999,0.0,15.40014908555997,42.39245400105318,11.999999999999995,29.99999999999999,0.0,18.189896406005045,0.0,0.0,0.0,14.363193178351836,0.0,0.0,541.5532516653827,540.5311028038093,541.6465780705511,873.11264979303,581.6171814320039,581.7743572282175,573.1536897657343,586.2839148657548,582.9562510988003,8638.60758884118,82.29258317522928,84.91271678736858,131.99999999999995,0.0,131.99999999999995,131.99999999999995,16.0,19.0,16.0,12.0,16.0,12.0,21.0,10.0,1.0,0.0,1776.3455294641672,0.0,2431.627563251522,0.0,0.0,0.0,0.0,0.0,3964.7418576212955,2378845.114572778,3092078.691593446,82.29258317522928,84.95721535434936,0.35882472858737649,0.7692672648082477,0.36028137401965945,84.95721535434936,0.35426478194388735,3092078.691593446,0.1620934252961925 
 03/22  08:40:00,4.88,79.66666666666666,6.923333333333334,95.83333333333333,440.3333333333333,0.0,0.0,1.0,2.0,0.0,0.0,0.0,0.0,0.0,0.0,6246.0,0.0,192.39438220368158,47.08392798030413,120.65178027184963,5.769116986397317,153.55079210315305,0.0,47.083927980304107,64.36729920549259,0.0,0.0,20.31641517037501,-1287.131011690722,19.194659003511114,699.0713553546425,20.751026050387354,-2860.094608860213,19.355598318023877,864.3343438251515,15.00033217464788,39.77605800914092,18.692014112934847,-117.43442960663683,16.790875451532675,119.77059596486073,17.452686613863667,-117.4866403611497,15.80689020313708,-333.03051450837048,1572.0031648638467,1345.156780653143,0.0,0.0,0.0,0.0,0.0,0.0,0.0,0.0,0.0,0.0,0.0,0.0,0.0,0.0,0.0,0.0,0.0,0.0,0.0,0.0,0.0,0.0,1.68145485054414,0.5132646063932065,435.05500893360826,505.1005283934661,14011.721653488778,0.40651945652621437,0.06204509409740773,345.97909168058745,403.2485387373968,10379.12789145914,1.4697797874471839,0.27773616542841797,528.3861276319964,612.5765343853069,17371.31366712115,0.3914819135549001,0.07397617414113775,382.5079640795611,445.68209897069326,11534.258891223093,0.0,0.0,13.51773055254018,16.034339616144938,275.7098784573857,0.0,0.0,20.392540996130067,23.836965850861618,579.1278170201427,0.0,0.0,283.3208658317977,333.6158742799643,6928.658647892251,0.0,0.0,29.999501537795245,35.12403532537308,816.0232646907311,0.0,0.0,221.00962012214047,261.9488608299871,4603.0891371385409,48.75104975955132,33.4369339914619,719.7097118441168,841.9908194459629,21419.895054734363,0.0,0.0,226.55147456475204,269.3369908696706,4339.263868811851,1567.896751395568,21.284789351924958,29.624237889368766,21.77777777777783,30.000000000000076,0.0,20.14815223245887,31.659775178371008,16.00000000000004,30.000000000000076,3322.0219656380147,21.636810381577719,29.027261384957546,21.77777777777783,30.000000000000076,0.0,20.229747967532935,31.745299282810885,16.00000000000004,30.000000000000076,0.0,15.076018935045696,43.20807770128751,12.000000000000032,30.000000000000076,1810.4077897029145,19.272529618315219,34.18565191973216,20.00000000000005,30.000000000000076,0.0,17.199624275434048,37.90918448714818,10.000000000000025,30.000000000000076,1359.0801893428989,18.4542313674611,35.56946150167873,20.700000000000054,30.000000000000076,0.0,15.300703228658098,42.69223590815801,12.000000000000032,30.000000000000076,0.0,19.034373515592038,0.0,0.0,0.0,14.416980087436745,0.0,0.0,585.6787876410739,579.6086535137475,586.9451945057905,593.6443709165179,579.4745180301775,654.8247697385729,579.5820117896575,629.5060948565443,579.3510797468487,10683.090663156741,80.94089531011338,87.23974856740804,60.00000000000015,0.0,60.00000000000015,60.00000000000015,16.0,16.0,19.0,12.0,19.7,12.0,21.0,10.0,1.0,0.0,1567.896751395568,0.0,3322.0219656380147,0.0,1810.4077897029145,0.0,1359.0801893428989,0.0,9532.374523096,5719424.713857585,7483022.621656727,80.94089531011338,87.34672400647466,0.3555235952143112,0.7641889525958509,0.36028137401966056,87.34672400647466,0.3542647819438884,7483022.621656727,0.3896971763261498 
 03/22  08:50:00,5.07,78.33333333333334,7.001666666666667,104.66666666666666,446.66666666666665,0.0,0.0,1.0,2.0,0.0,0.0,0.0,0.0,0.0,0.0,2776.0,0.0,226.0932339323572,50.782549955895557,130.1294384874328,6.7795808960588259,180.4457068998859,0.0,50.78254995589553,69.42359585624125,0.0,0.0,20.337156062951679,-1425.7669774699612,19.304482395450685,554.6531104648002,20.727122752188607,-1919.9556431301538,19.534347821786509,424.78737774772187,15.002744292261177,39.368958800003529,18.887551086904489,-135.40177038342444,16.746332693001649,92.20408354683377,18.433351307423174,-310.2532083666555,15.743009651291955,-236.39992382746505,1537.092005947844,1370.2946210584815,0.0,0.0,0.0,0.0,0.0,0.0,0.0,0.0,0.0,0.0,0.0,0.0,0.0,0.0,0.0,0.0,0.0,0.0,0.0,0.0,0.0,0.0,1.657323866195537,0.5058986160548038,434.81828201568455,504.73704914816178,13821.173106006703,0.3831686662772772,0.058481176171745617,309.3023453820546,360.2375852148608,9230.216222556268,1.5035157213535988,0.28411105845684039,417.3832885136925,483.98071319501437,13413.35322454426,0.36376550386070785,0.06873875734329323,299.2509200385421,348.20930251444499,9046.246765843507,0.0,0.0,13.390668952177416,15.87563586936814,268.2059308439174,0.0,0.0,20.125846955562559,23.473942726089807,580.5756324386643,0.0,0.0,280.7720217113321,330.54064706647469,6715.930771079473,0.0,0.0,47.03441918117027,54.76170780631389,1397.2122302645249,0.0,0.0,227.17147732406137,269.1398820877061,4632.399943033655,48.82017047209049,33.48434188757922,600.5332321010883,702.4439268421925,17783.745798880773,0.0,0.0,234.70172965825334,278.57420498675568,4549.182773392688,1863.2694934466159,21.30092540047323,29.472274176379348,22.0,30.0,0.0,20.26177255792626,31.501903196535865,16.0,30.0,2332.8028510887654,21.400485698673813,29.344198773698055,21.5,30.0,0.0,20.44491205820557,31.149060748182149,16.0,30.0,0.0,15.08178478820398,43.33253759990782,12.0,30.0,0.0,19.72761952838889,34.888905396701847,19.0,30.0,0.0,17.113996289766264,38.22022989561783,10.0,30.0,1284.520121891728,20.142618683012154,32.42505464046314,20.7,30.0,0.0,15.269951041355533,43.034808912506907,12.0,30.0,0.0,18.94848647961188,0.0,0.0,0.0,14.731424773615214,0.0,0.0,578.2543670736334,584.0419832913725,580.1803092466212,583.4774539985924,581.1908026188592,751.5548445687248,584.1918518995738,644.4054946975525,589.701482548655,10654.24663008911,80.95998425211848,86.30837375012487,60.0,0.0,60.0,60.0,16.0,16.0,19.0,12.0,19.7,12.0,21.0,10.0,1.0,0.0,1863.2694934466159,0.0,2332.8028510887654,0.0,0.0,0.0,1284.520121891728,0.0,8093.941523093642,4856364.913856185,6336038.805543986,80.95998425211848,86.39920715923565,0.35479805076978807,0.7671213278259497,0.36028137401965956,86.39920715923565,0.3542647819438875,6336038.805543986,0.33003735122162067 
 03/22  09:00:00,5.26,77.0,7.08,113.5,453.0,0.0,0.0,1.0,2.0,0.0,0.0,0.0,0.0,0.0,0.0,4858.0,0.0,268.1119226872455,54.422849567949999,139.45764842976508,8.039510666019547,213.98059055728096,0.0,54.42284956794997,74.40016141433921,0.0,0.0,20.405311579087198,-1486.0242491908744,19.381950758027477,625.261950386881,20.81769541328849,-1981.7710441135478,19.598659179869015,468.26893821200476,15.007042933707924,41.4463696933237,18.743855002920438,-115.69763894674847,16.753545693645174,149.9385316103988,18.501342938068505,-353.10529485155026,15.75849805161996,-154.20969699093139,1570.352405280293,1338.5242097146493,0.0,0.0,0.0,0.0,0.0,0.0,0.0,0.0,0.0,0.0,0.0,0.0,0.0,0.0,0.0,0.0,0.0,0.0,0.0,0.0,0.0,0.0,1.6415278424173588,0.5010768749747744,430.9973424078371,500.2488379124685,13645.57865537271,0.38671346474907777,0.05902220157952967,324.33245666358047,377.85178862747525,9595.861916786935,1.4750209793494232,0.27872656450291496,412.28868288740508,478.2061999714665,13238.232926004852,0.3602450790231157,0.06807352211321166,310.4301101707691,361.3848393922629,9312.32810153638,0.0,0.0,13.617378587892067,16.150438746148934,267.77177914877,0.0,0.0,20.455303185873647,23.908503653125597,562.5213033645159,0.0,0.0,276.4053788363386,325.4967373906445,6519.16762222549,0.0,0.0,54.46884999201027,63.455300401889918,1605.880436865187,0.0,0.0,224.22850031355055,265.677654294898,4525.657471203759,49.07387656265891,33.658351551892319,625.2241999901198,731.3643056863296,18419.553892554195,0.0,0.0,232.3742949223269,275.72473447169269,4509.911570872536,1838.8437722676745,21.39663055728051,29.126870218695119,22.000000000000037,30.000000000000044,0.0,20.330921384392047,31.212728513116717,16.00000000000002,30.000000000000044,2372.5296827401609,21.56605478027647,28.82308426862275,21.571428571428599,30.000000000000044,0.0,20.54231181422429,30.756266429240744,16.00000000000002,30.000000000000044,0.0,15.089718320238437,43.44720801339141,12.000000000000018,30.000000000000044,0.0,19.20831444456717,36.95238851969003,19.00000000000003,30.000000000000044,0.0,17.138239576671447,38.26669357100001,10.000000000000015,30.000000000000044,603.2622428019989,20.251608704682036,32.315906864814348,20.128571428571456,30.000000000000044,0.0,15.359514607018188,43.05813609711737,12.000000000000018,30.000000000000044,0.0,19.12204844014172,0.0,0.0,0.0,14.942725531823827,0.0,0.0,568.2111065249328,575.3793378256095,567.0660068725514,571.6300862063642,584.9273134163018,799.468620917015,588.5566390356162,638.6738375371299,599.8034545924624,10297.865759110624,81.19568516038982,86.18557241622779,60.000000000000088,0.0,60.000000000000088,60.000000000000088,16.0,16.0,19.0,12.0,19.7,12.0,21.0,10.0,1.0,0.0,1838.8437722676745,0.0,2372.5296827401609,0.0,0.0,0.0,603.2622428019989,0.0,7551.565256089976,4530939.153653978,5926918.399208223,81.19568516038982,86.27031726712079,0.34886169901252325,0.7654656044946956,0.3602813740196601,86.27031726712079,0.35426478194388807,5926918.399208223,0.30874642342549438 
 03/22  09:10:00,5.416666666666667,75.33333333333334,6.945,122.33333333333334,459.3333333333333,0.0,0.0,0.0,0.0,0.0,0.0,0.0,0.0,0.0,0.0,5552.0,0.0,321.4225600766242,58.0031626454952,148.63214552778946,9.638023464970872,256.5274520244196,0.0,58.00316264549517,79.2947208318987,0.0,0.0,19.701218615043474,-304.6172992619272,19.320427355351457,95.1920051528558,20.023612852990355,-1007.7347900016774,19.451024761168058,-4.537849997884166,15.0128379313492,36.55353349423589,18.25996692708193,-253.95231931461445,16.78883784605477,113.0518454457324,17.73174507608585,-155.04594642429547,15.778642026755933,-176.12266586122679,1008.0609689347604,1166.8044519567253,0.0,0.0,0.0,0.0,0.0,0.0,0.0,0.0,0.0,0.0,0.0,0.0,0.0,0.0,0.0,0.0,0.0,0.0,0.0,0.0,0.0,0.0,1.5891613504897287,0.48509198732897709,220.56850951844704,257.1310429872153,6525.223932001893,0.32390069185276679,0.04943539252942107,131.66267960161279,153.70429057015589,3833.7112492275839,1.464752527340182,0.27678619186322425,251.6620999963174,293.17763179264497,7538.549653518748,0.30589657339154988,0.057803585296967077,150.3906365424238,175.41196851724684,4404.3488500636099,0.0,0.0,12.117078199020469,14.373118149023969,234.66436359076935,0.0,0.0,81.609153629188,95.62668439549022,2125.7588686880014,0.0,0.0,329.21307708674729,387.6494977342846,7697.678332902287,0.0,0.0,40.01397855202837,46.860182781994868,1060.5966746993773,0.0,0.0,215.55905764872353,255.37461192566475,4312.176460861247,47.73854578265599,32.74248681937998,275.6252598680027,323.61181189710427,8247.575501713856,0.0,0.0,222.51086534400029,264.1010885078052,4226.203177518355,0.0,20.236470308716528,31.149400559710349,22.0,30.0,0.0,20.087056469568613,31.548171270501088,16.0,30.0,0.0,20.39943541662664,30.637236563374029,22.0,30.0,0.0,20.206780083585238,31.202797756380766,16.0,30.0,0.0,15.097462610949725,43.6714866711316,12.0,30.0,0.0,18.586211796426598,36.29962579523989,16.0,30.0,0.0,17.191572250538987,38.624488398178858,10.0,30.0,0.0,18.788623083789827,35.06008545703276,12.0,30.0,0.0,15.428749064770257,43.16855556067779,12.0,30.0,0.0,17.58856095075393,0.0,0.0,0.0,14.887061972202478,0.0,0.0,562.4840517048897,568.4869747259859,550.4249602040226,561.7550245995988,594.410677978586,670.7942637716559,614.7119168574261,619.8084097386592,612.1339913594089,0.0,80.65464256020617,80.65464256020617,60.0,0.0,60.0,60.0,16.0,16.0,16.0,12.0,12.0,12.0,21.0,10.0,0.0,0.0,0.0,0.0,0.0,0.0,0.0,0.0,0.0,0.0,0.0,0.0,0.0,80.65464256020617,80.65464256020617,0.0,0.0,0.0,80.65464256020617,0.0,0.0,0.00053 
 03/22  09:20:00,5.573333333333333,73.66666666666667,6.8100000000000009,131.16666666666667,465.6666666666667,0.0,0.0,0.0,0.0,0.0,0.0,0.0,0.0,0.0,0.0,3470.0,0.0,385.142264664821,61.52343638962297,157.65279425868818,11.548646524417299,307.3816730554479,0.0,61.52343638962294,84.10720192880926,0.0,0.0,19.097454981462329,-200.12064579320689,18.997125896562,-264.62758337817027,19.32140006160216,-354.70688486063639,18.98770702879979,-332.2489283256143,15.012420722131612,28.990461658476673,17.962569674605399,-166.4925579750555,16.66470846117245,43.242480692456599,17.137498357737706,-66.6281155010831,15.764729941290544,-200.7817134137462,815.4102196239766,975.1139596414464,0.0,0.0,0.0,0.0,0.0,0.0,0.0,0.0,0.0,0.0,0.0,0.0,0.0,0.0,0.0,0.0,0.0,0.0,0.0,0.0,0.0,0.0,1.4749610502903595,0.45023231083344308,150.70680492852262,176.17911310038867,4106.347418809494,0.27490546192660927,0.04195748808403683,86.76779851332779,101.42840850509586,2375.776363355132,1.4342414881335764,0.27102068936764497,183.64134336309895,214.68133299209149,4986.620652249505,0.2749944852873566,0.051964188451881439,107.91683604337408,126.13228865493588,2928.1057009401336,0.0,0.0,10.828459762715115,12.840525644683828,206.24123191556604,0.0,0.0,70.7648093507894,83.05425714404253,1750.2438268811489,0.0,0.0,300.80508186266459,354.3958329782978,6808.485515872134,0.0,0.0,28.227120931613457,33.17251829966431,681.469819957339,0.0,0.0,196.14019237938269,232.31462080279807,3862.198980038713,46.3502455824542,31.790291894687397,178.80858824121089,210.57173456260649,5123.57794891105,0.0,0.0,201.45682545382975,239.18515094644108,3704.2547430972228,0.0,19.28669884169564,32.84044239023054,22.0,30.0,0.0,19.394660724616846,32.467613694509889,16.0,30.0,0.0,19.277898212768098,32.50746871669482,22.0,30.0,0.0,19.34033109076451,32.56589664248,16.0,30.0,0.0,15.092653613563911,43.866355136222129,12.000000000000002,30.0,0.0,18.064998881348957,36.53720212162962,16.0,30.0,0.0,16.960800150984974,38.94397852823198,10.0,30.0,0.0,17.726100168032155,37.2821904846602,12.000000000000002,30.0,0.0,15.426903721503602,43.15670040037249,12.000000000000002,30.0,0.0,16.578719037129266,0.0,0.0,0.0,14.732770777144128,0.0,0.0,555.0893581736614,546.9555841925916,536.7528759698366,546.5498194140084,601.8614318735282,613.8455348514356,601.6248876292159,610.7370049846737,611.2552851202825,0.0,80.65464256020617,80.65464256020617,60.0,0.0,60.0,60.0,16.0,16.0,16.0,12.0,12.0,12.0,21.0,10.0,0.0,0.0,0.0,0.0,0.0,0.0,0.0,0.0,0.0,0.0,0.0,0.0,0.0,80.65464256020617,80.65464256020617,0.0,0.0,0.0,80.65464256020617,0.0,0.0,0.0005 
 03/22  09:30:00,5.73,72.0,6.675,140.0,472.0,0.0,0.0,0.0,0.0,0.0,0.0,0.0,0.0,0.0,0.0,2082.0,0.0,457.97547970249459,64.98368366677913,166.5196273619566,13.732533223628474,365.5092838114254,0.0,64.9836836667791,88.8376222944778,0.0,0.0,18.629630168899568,-172.92723410844938,18.69010683804442,-167.76164150438778,18.896144482878328,-369.99374684630569,18.544415001604926,-256.5245085422558,15.009517775427632,24.1994163627393,17.80116770754511,-139.62442005829153,16.54750480861634,33.47978102068493,16.768136819012754,-33.26820348463296,15.735363499958125,-200.9986082429977,848.3429284069734,836.1666171149891,0.0,0.0,0.0,0.0,0.0,0.0,0.0,0.0,0.0,0.0,0.0,0.0,0.0,0.0,0.0,0.0,0.0,0.0,0.0,0.0,0.0,0.0,1.3848702733852183,0.4227320736829115,167.79720406338067,196.4591537952656,4264.764100554926,0.2533493745438351,0.03866748695723979,61.79471003720877,72.40900078225505,1599.5893094620995,1.3520157582331512,0.2554829475119333,262.02532163566885,306.71254897190956,6650.256604027312,0.26462376245430865,0.05000449025969547,155.6143659501892,182.1582521562291,3949.1568159353048,0.0,0.0,10.117469007772183,11.991589129670022,189.3762086776123,0.0,0.0,66.47519644683618,78.05854666659818,1586.858280360102,0.0,0.0,281.67840038007798,331.9328562654606,6179.923193394594,0.0,0.0,21.825685195921616,25.69045096151845,494.2628820270081,0.0,0.0,181.36056268653668,214.72715472593013,3504.4358875956115,45.259495597629548,31.042178050500377,248.20563412401163,292.18811937127807,6494.203814636492,0.0,0.0,185.53086885980634,220.234057170144,3324.0430067580134,0.0,18.587096727544187,33.93338173886746,21.999999999999994,29.99999999999999,0.0,18.78865501629989,33.29263787824966,15.999999999999993,29.99999999999999,0.0,18.646753856145489,33.70447440818658,21.999999999999994,29.99999999999999,0.0,18.587667623237075,33.68771586350429,15.999999999999993,29.99999999999999,0.0,15.08349118616498,43.89324331143832,11.999999999999995,29.99999999999999,0.0,17.775569846756644,36.97206467077153,15.999999999999993,29.99999999999999,0.0,16.759873228354956,39.25804258086205,9.999999999999997,29.99999999999999,0.0,17.119522111866833,38.6190726397232,11.999999999999995,29.99999999999999,0.0,15.397126068901715,43.06951059419117,11.999999999999995,29.99999999999999,0.0,16.788665487408897,0.0,0.0,0.0,14.652637072577857,0.0,0.0,540.2551427238981,528.8650715708775,535.3779642801046,528.7887131879411,601.5174405402661,600.9149329874604,592.8897294607982,604.8876768236614,603.445491076032,0.0,80.65464256020613,80.65464256020613,59.99999999999998,0.0,59.99999999999998,59.99999999999998,16.0,16.0,16.0,12.0,12.0,12.0,21.0,10.0,0.0,0.0,0.0,0.0,0.0,0.0,0.0,0.0,0.0,0.0,0.0,0.0,0.0,80.65464256020613,80.65464256020613,0.0,0.0,0.0,80.65464256020613,0.0,0.0,0.00047000000000000004 
 03/22  09:40:00,5.886666666666667,70.33333333333333,6.54,140.16666666666667,489.1666666666667,0.0,0.0,0.0,0.0,0.0,0.0,0.0,0.0,0.0,0.0,2082.0,0.0,529.0997407777396,65.99684542234682,169.11591511119426,15.865173980711639,422.27295536466098,0.0,65.9968454223468,90.22269122694809,0.0,0.0,18.216496935566825,-90.62614837708759,18.517274442669398,-346.7227626068068,18.597209718833275,-291.63447026107488,18.255394477537913,-203.62828434560499,15.004756257276235,18.134672503903393,17.70946685512766,-146.39232843723108,16.42705343376781,-1.6414436094301053,16.535809097041118,-18.930666936544609,15.708380238269508,-206.33857268646359,845.3327976544297,666.5536096616739,0.0,0.0,0.0,0.0,0.0,0.0,0.0,0.0,0.0,0.0,0.0,0.0,0.0,0.0,0.0,0.0,0.0,0.0,0.0,0.0,0.0,0.0,1.2863596738876555,0.3926616831158901,354.72273263260356,416.52205292715726,8522.431155411352,0.22198441453434687,0.03388040514870985,186.56009978655428,218.70494319322664,4624.683377145688,1.2316680814171935,0.23274151198359684,325.05624898364547,381.2687926833428,7978.465863879101,0.23509531722176714,0.04442466311824776,172.30021955418966,202.20932220734998,4177.2850238852829,0.0,0.0,9.323640029734254,11.051459244671065,171.39608079564386,0.0,0.0,67.01855765818103,78.74822847669596,1556.9302302787042,0.0,0.0,255.16260774478105,300.91038069158159,5419.865738670176,0.0,0.0,17.28183183693905,20.36251668810554,374.2551324441787,0.0,0.0,159.44301209615004,188.79371194968486,3022.9092893142208,44.03385868932212,30.201549169631109,462.71002871056126,545.2630069642074,11150.233342915812,0.0,0.0,162.63186102133106,193.1300266335956,2825.697453345081,0.0,17.987555393674446,34.69752322313547,22.000000000000008,30.00000000000001,0.0,18.43003049652965,33.55080976119532,16.000000000000008,30.00000000000001,0.0,18.26153154542407,34.25980952126403,22.000000000000008,30.00000000000001,0.0,18.131605118898947,34.47142841347253,16.000000000000008,30.00000000000001,0.0,15.071828245155015,43.76928148785231,12.000000000000006,30.00000000000001,0.0,17.602076987147468,37.00862614288711,16.000000000000008,30.00000000000001,0.0,16.55701534058611,39.36430494207629,10.000000000000004,30.00000000000001,0.0,16.77701242707435,39.22290161951813,12.000000000000006,30.00000000000001,0.0,15.370476963050141,42.747376657427029,12.000000000000006,30.00000000000001,0.0,16.890518487396606,0.0,0.0,0.0,14.536218592818628,0.0,0.0,520.5638082655355,512.3424770555453,526.3136443440154,524.0674530731236,595.0814937922377,583.6543604139959,575.7513972124641,593.8048869725259,586.9491068966911,0.0,80.65464256020619,80.65464256020619,60.00000000000002,0.0,60.00000000000002,60.00000000000002,16.0,16.0,16.0,12.0,12.0,12.0,21.0,10.0,0.0,0.0,0.0,0.0,0.0,0.0,0.0,0.0,0.0,0.0,0.0,0.0,0.0,80.65464256020619,80.65464256020619,0.0,0.0,0.0,80.65464256020619,0.0,0.0,0.00044000000000000007 
 03/22  09:50:00,6.043333333333333,68.66666666666667,6.404999999999999,140.33333333333335,506.3333333333333,0.0,0.0,0.0,0.0,0.0,0.0,0.0,0.0,0.0,0.0,1388.0,0.0,607.9538237485542,67.00995445703777,171.71206859209168,18.22958949870927,485.2057133556957,0.0,67.00995445703774,91.60768808598285,0.0,0.0,18.079969792598594,-155.51165794974578,18.34162337789401,-219.42478070064909,18.38604616060863,-204.30711465853939,18.135518117703208,-147.18246900490295,15.002389054077707,17.7153369548667,17.66590042325666,-138.3000051850795,16.363285594499368,28.253108392545074,16.355291475207879,-13.094909202342194,15.68313913971009,-192.29503610288385,780.2771819653171,614.1401267107035,0.0,0.0,0.0,0.0,0.0,0.0,0.0,0.0,0.0,0.0,0.0,0.0,0.0,0.0,0.0,0.0,0.0,0.0,0.0,0.0,0.0,0.0,1.242067041001293,0.37914134340698815,264.53408439933386,310.4536011495441,6240.188855110401,0.22162084540001873,0.03382491535409321,134.9777265701858,158.41977556154434,3212.9693818342686,1.1982024543992367,0.2264176973543532,204.585676289766,239.9415750269643,4875.741412619976,0.23136232978346084,0.04371926110798578,114.29460972195312,134.0437950632998,2703.9124215952999,0.0,0.0,9.244577935938504,10.950990947932415,166.96213724389208,0.0,0.0,66.1185699347932,77.67285446093159,1502.9660925407594,0.0,0.0,252.46738451687606,297.64619704289177,5242.864300524614,0.0,0.0,15.468094162959105,18.233878403061316,322.842170782063,0.0,0.0,156.5891951312886,185.32985178190013,2913.21003524347,43.27183926588971,29.678902102805023,312.16115069464458,367.8221467072892,7546.363424288369,0.0,0.0,159.42224002406625,189.16723335887208,2743.8522757188504,0.0,17.87948431615737,34.790093209594278,22.0,30.0,0.0,18.084324675388677,33.99833819116438,16.0,30.0,0.0,18.023002762464367,34.31020213844872,22.0,30.0,0.0,17.993757109258213,34.66228701591575,16.0,30.0,0.0,15.065741707994338,43.59095832209398,12.0,30.0,0.0,17.500924830159666,37.041234964320427,16.0,30.0,0.0,16.471606173318564,39.34630720524909,10.0,30.0,0.0,16.523510271842619,39.64501988152912,12.0,30.0,0.0,15.347296019807132,42.61427658585755,12.0,30.0,0.0,16.738932084573326,0.0,0.0,0.0,14.613082509059457,0.0,0.0,516.927340648931,502.3661322335481,509.462068611467,521.6883066410662,587.3221233312992,574.5427436743242,566.935643706134,584.4646073361168,579.3084285831276,0.0,80.65464256020616,80.65464256020616,60.0,0.0,60.0,60.0,16.0,16.0,16.0,12.0,12.0,12.0,21.0,10.0,0.0,0.0,0.0,0.0,0.0,0.0,0.0,0.0,0.0,0.0,0.0,0.0,0.0,80.65464256020616,80.65464256020616,0.0,0.0,0.0,80.65464256020616,0.0,0.0,0.0004366666666666667 
 03/22  10:00:00,6.2,67.0,6.27,140.5,523.5,0.0,0.0,0.0,0.0,0.0,0.0,0.0,0.0,0.0,0.0,2082.0,0.0,693.2757776860101,68.02233910824606,174.30636625633145,20.787940777431247,553.3004080265198,0.0,68.02233910824602,92.99169465787785,0.0,0.0,17.926702567679749,5.152772335703048,18.293633373189068,-348.903632289723,18.236675705687686,-296.230928578889,18.02956914684392,-126.19256893505883,15.00407736296833,16.521709477425014,17.663718472487326,-139.34022833485563,16.317907677611197,13.453467709199089,16.229449973779599,-8.487413220795027,15.679389001773462,-166.2236847714192,621.905355087699,539.8505103655244,0.0,0.0,0.0,0.0,0.0,0.0,0.0,0.0,0.0,0.0,0.0,0.0,0.0,0.0,0.0,0.0,0.0,0.0,0.0,0.0,0.0,0.0,1.1869947239306387,0.3623305018103296,207.64759163457894,243.98885666610776,4780.343327580599,0.2152287090155336,0.03284931456281041,114.18182211087069,134.10004964251398,2657.068019192514,1.1333506466147126,0.2141630095643828,168.47308086748388,197.73899745299833,3901.4144960490768,0.21751112935480983,0.04110187629531556,81.99207478187722,96.16403907666107,1892.742015210209,0.0,0.0,8.938081151925875,10.595413274877468,158.6411055179807,0.0,0.0,65.51224862834757,77.02371318105773,1463.44742684011,0.0,0.0,243.061046222271,286.814352750876,4945.3738823086709,0.0,0.0,12.351635885646886,14.57813387666248,250.22370144614798,0.0,0.0,149.11760452821395,176.59987934519183,2731.807512195982,42.38615198906156,29.07143483474733,227.05016871914038,267.92863406404839,5455.7329894629569,0.0,0.0,151.4383472036827,179.77898215452468,2577.284781930833,0.0,17.754841505731606,34.76363224244458,22.000000000000019,30.00000000000002,0.0,17.945211915958948,34.0640576750902,16.000000000000015,30.00000000000002,0.0,17.872997580056418,34.4167198264337,22.000000000000019,30.00000000000002,0.0,17.866428975501134,34.67405806852696,16.000000000000015,30.00000000000002,0.0,15.06703552885362,43.40168275387518,12.00000000000001,30.00000000000002,0.0,17.458392946557227,36.92792204132544,16.000000000000015,30.00000000000002,0.0,16.415385737592954,39.24231730271516,10.000000000000007,30.00000000000002,0.0,16.36724302077217,39.880566018050298,12.00000000000001,30.00000000000002,0.0,15.36264128468649,42.33344004190652,12.00000000000001,30.00000000000002,0.0,16.33115892042087,0.0,0.0,0.0,14.676197367814418,0.0,0.0,508.08614151596029,500.09022239605727,506.7193724425998,514.2795819551784,580.3147843481505,565.883267772831,558.0380923723793,577.9319296494322,570.5030904259452,0.0,80.65464256020622,80.65464256020622,60.00000000000004,0.0,60.00000000000004,60.00000000000004,16.0,16.0,16.0,12.0,12.0,12.0,21.0,10.0,0.0,0.0,0.0,0.0,0.0,0.0,0.0,0.0,0.0,0.0,0.0,0.0,0.0,80.65464256020622,80.65464256020622,0.0,0.0,0.0,80.65464256020622,0.0,0.0,0.0004333333333333334 
 03/22  10:10:00,6.333333333333334,65.83333333333334,6.421666666666666,140.66666666666669,540.6666666666666,0.0,0.0,0.0,0.0,0.0,0.0,0.0,0.0,0.0,0.0,1388.0,0.0,804.4997920609172,71.47049462128764,183.14218965879094,24.122951689525537,642.0672497134608,0.0,71.4704946212876,97.70558466526764,0.0,0.0,17.860557749439758,-7.493619162047025,18.259418004012347,-282.07915011606567,18.125693878021175,-168.6708859984808,17.96827209492529,-29.825236064847844,15.010829901159099,16.334025294201724,17.69145180264013,-142.9006042465187,16.29046807305238,30.36917420007103,16.116253947197217,-5.095444841957459,15.685201004783503,-149.43436834985915,373.02172933085867,482.2670966785063,0.0,0.0,0.0,0.0,0.0,0.0,0.0,0.0,0.0,0.0,0.0,0.0,0.0,0.0,0.0,0.0,0.0,0.0,0.0,0.0,0.0,0.0,1.1586751732528274,0.35368595032137598,150.44593992434066,176.72942248371545,3423.227309026751,0.21405511217678903,0.032670194166176589,87.08200817740914,102.2844091793446,1984.5684264284885,1.1135388477200455,0.21041928339381064,54.427448798399229,63.92097934768043,1259.9765129582568,0.2141393948867716,0.040464738262806419,6.327140224627858,7.427027743922128,148.56846340490518,0.0,0.0,8.947102119394098,10.599170183279764,156.577472694917,0.0,0.0,65.72146433863456,77.22581450090059,1449.4939853837073,0.0,0.0,239.17347561057074,282.0744563392542,4792.54392567783,0.0,0.0,10.40742319637172,12.282304705240119,205.27192151651546,0.0,0.0,143.96794840271839,170.37666345499555,2607.0506616012855,42.69183642867172,29.281094944219299,91.47102980939005,108.25814225640812,2489.6292605784476,0.0,0.0,146.06149180832802,173.22925244774866,2474.016772989633,0.0,17.73959777325642,34.61790928329492,22.0,30.0,0.0,17.82747638702877,33.992580781158519,16.0,30.0,0.0,17.79885551215805,34.252153187246268,22.0,30.0,0.0,17.812545633159894,34.74853820499835,16.0,30.0,0.0,15.07555581882744,43.14125446125115,12.0,30.0,0.0,17.447436228188665,36.73132176904819,16.0,30.0,0.0,16.392312623096005,39.08657935277187,10.0,30.0,0.0,16.226140721286389,40.054453157384219,12.0,30.0,0.0,15.39029616584143,42.02371839545079,12.0,30.0,0.0,15.530657450352344,0.0,0.0,0.0,14.771771482836329,0.0,0.0,505.91302834980959,493.7266109572912,499.78675675511928,514.881712447473,571.8577844363367,557.3989518617457,551.0813989528544,570.8137410016532,562.3178487910896,0.0,80.65464256020616,80.65464256020616,60.0,0.0,60.0,60.0,16.0,16.0,16.0,12.0,12.0,12.0,21.0,10.0,0.0,0.0,0.0,0.0,0.0,0.0,0.0,0.0,0.0,0.0,0.0,0.0,0.0,80.65464256020616,80.65464256020616,0.0,0.0,0.0,80.65464256020616,0.0,0.0,0.00043 
 03/22  10:20:00,6.466666666666667,64.66666666666667,6.573333333333334,140.83333333333332,557.8333333333334,0.0,0.0,0.0,0.0,0.0,0.0,0.0,0.0,0.0,0.0,1388.0,0.0,900.607957545963,72.33820854074895,185.36577607871093,27.004721750392016,718.7702991807423,0.0,72.33820854074891,98.89181537868859,0.0,0.0,17.74153194417127,-68.61734606090977,18.322698923672428,-272.4097672110199,17.80880868922793,-371.90340968739749,17.854521717034396,-288.9010229313644,15.02077709691493,16.71862585154159,17.741000927569855,-144.81405391242425,16.288713526257177,44.57930212566771,16.018632399649698,-10.856999031451395,15.705452556154573,-119.10697476014184,672.6153764173441,442.416692825072,0.0,0.0,0.0,0.0,0.0,0.0,0.0,0.0,0.0,0.0,0.0,0.0,0.0,0.0,0.0,0.0,0.0,0.0,0.0,0.0,0.0,0.0,1.0957748409319459,0.3344856046800812,221.24696067961504,259.7661247275944,4890.369192723547,0.1929953980463053,0.02945595208276943,132.82709934350818,155.81841147512044,2995.819420521085,1.1677687979925749,0.22066681745891443,450.9952540834,530.1385451929009,9740.333298131254,0.21899593372994054,0.041382451574062829,272.9085636255288,320.5441652159566,6025.378445895918,0.0,0.0,8.934041999244706,10.58349671196247,154.21653870166143,0.0,0.0,66.17397084034602,77.75421564042724,1444.541651849279,0.0,0.0,234.53747371028505,276.5932619944192,4647.067129310051,0.0,0.0,8.839148913079667,10.432233724881844,169.89894202961149,0.0,0.0,137.07938686906994,162.1968875524376,2460.043306134521,43.18732431979319,29.62093574745762,429.7288462146913,506.81578343657886,9324.743622041502,0.0,0.0,141.55152119072137,167.8279991959607,2385.187549682059,0.0,17.604844951583894,34.650689018414208,22.0,30.0,0.0,17.880182226291504,33.39092293423687,16.0,30.0,0.0,17.28680498224307,35.16634124149893,22.0,30.0,0.0,17.625600606227395,34.2364618784702,16.0,30.0,0.0,15.090084280384073,42.80627022802924,12.0,30.0,0.0,17.467920438498088,36.31538897928039,16.0,30.0,0.0,16.41387331879271,38.6595296721443,10.0,30.0,0.0,16.107604682245595,40.15443362677715,12.0,30.0,0.0,15.443980773919265,41.437184735651758,12.0,30.0,0.0,16.39619746321994,0.0,0.0,0.0,14.864261685708794,0.0,0.0,502.4938511175973,484.4624414598162,498.735291946777,493.8144339406289,562.364783802956,545.1184241082613,539.7343858439469,563.7271758340885,548.5284880113597,0.0,80.65464256020616,80.65464256020616,60.0,0.0,60.0,60.0,16.0,16.0,16.0,12.0,12.0,12.0,21.0,10.0,0.0,0.0,0.0,0.0,0.0,0.0,0.0,0.0,0.0,0.0,0.0,0.0,0.0,80.65464256020616,80.65464256020616,0.0,0.0,0.0,80.65464256020616,0.0,0.0,0.00042000000000000007 
 03/22  10:30:00,6.6,63.5,6.725,141.0,575.0,0.0,0.0,0.0,0.0,0.0,0.0,0.0,0.0,0.0,0.0,694.0,0.0,999.8510623842011,73.21151180965923,187.60368387308908,29.980491168148,797.9753073512491,0.0,73.21151180965919,100.08568715656144,0.0,0.0,17.682983469279145,16.990492728086794,18.27022504792577,-394.3417477098137,17.73535704004975,-324.86156734816088,17.762766719238344,-23.181142173731133,15.03499311123499,15.986477742299826,17.81952619783006,-148.5014354244613,16.262867127569924,35.12074183056575,15.916839181118313,-12.967156339032869,15.720058678931724,-125.83553536159661,636.8181305797243,411.8315228565725,0.0,0.0,0.0,0.0,0.0,0.0,0.0,0.0,0.0,0.0,0.0,0.0,0.0,0.0,0.0,0.0,0.0,0.0,0.0,0.0,0.0,0.0,1.0768040735186509,0.3286947721363403,191.19200791254429,224.22720697189059,4189.420133210334,0.1849509038162129,0.028228159923109419,151.8901726703311,178.0962102820974,3337.7573761418436,1.0612099332242418,0.20053097755560132,195.27573118068015,229.29281789835904,4153.414970441999,0.2302565478276727,0.043510307601601027,167.7542847753472,196.71958323002773,3644.7774147304119,0.0,0.0,8.72114158749723,10.311489081383359,148.6131548750019,0.0,0.0,66.23378808062847,77.66701415282087,1436.340934505399,0.0,0.0,229.85850409695895,270.617686767023,4481.234308102405,0.0,0.0,8.167190572446744,9.627527525304858,152.8049720149709,0.0,0.0,135.97514069149217,160.5763307346248,2414.150467525453,43.590537749915188,29.89748816866612,288.5112867188597,339.8884515873209,6422.373006988161,0.0,0.0,141.8454744156839,167.79459124037258,2387.025949366732,0.0,17.602265309176788,33.89435459452761,22.0,30.0,0.0,17.685719162768945,33.370466082443197,16.0,30.0,0.0,17.269470995072277,34.31482557510073,22.0,30.0,0.0,17.553364272342429,35.31987972692109,16.0,30.0,0.0,15.111146765401787,42.44722051591563,12.0,30.0,0.0,17.52837498360258,35.98599505808915,16.0,30.0,0.0,16.383751626423007,38.392756170707219,10.0,30.0,0.0,15.97492963557365,40.24097077228742,12.0,30.0,0.0,15.480023520929367,41.07701603130104,12.0,30.0,0.0,16.331629345193194,0.0,0.0,0.0,14.98811626657401,0.0,0.0,484.2619983294131,476.1471639631879,477.59573300116758,517.2871637073524,552.923811134962,538.9048974486315,530.8676449622303,555.3745749289299,541.0639717378981,0.0,80.65464256020616,80.65464256020616,60.0,0.0,60.0,60.0,16.0,16.0,16.0,12.0,12.0,12.0,21.0,10.0,0.0,0.0,0.0,0.0,0.0,0.0,0.0,0.0,0.0,0.0,0.0,0.0,0.0,80.65464256020616,80.65464256020616,0.0,0.0,0.0,80.65464256020616,0.0,0.0,0.00041 
 03/22  10:40:00,6.7333333333333329,62.333333333333339,6.876666666666667,141.66666666666667,583.6666666666666,0.0,0.0,0.0,0.0,0.0,0.0,0.0,0.0,0.0,0.0,1388.0,0.0,1091.7804338597558,73.93479946108788,189.4571527575686,32.736957409628178,871.343254520914,0.0,73.93479946108784,101.07447621193976,0.0,0.0,17.552318638485475,-52.017019465748948,18.313483221009009,-390.8200739746899,17.725454650031439,-163.38834043193175,17.66276247604121,-182.7345527674297,15.047684245425707,16.582854736892729,17.89426236696744,-162.26123043865437,16.266074077844047,51.03470514228229,15.843316113446136,-19.00713872137584,15.739078626512204,-87.24052741537116,634.2490928804009,370.414769633172,0.0,0.0,0.0,0.0,0.0,0.0,0.0,0.0,0.0,0.0,0.0,0.0,0.0,0.0,0.0,0.0,0.0,0.0,0.0,0.0,0.0,0.0,1.063010701096374,0.32448434099400927,226.6018591274836,266.3474239067598,4822.372239503268,0.18118828826666728,0.02765389015059025,144.47281524316009,169.62218557821087,3133.045778318733,1.0895733816552072,0.20589066168843685,262.2680114598244,308.4386802786705,5568.477957023914,0.20858411359987948,0.0394149874527361,159.82994484263993,187.95418565706684,3374.0722547198067,0.0,0.0,8.828468339803912,10.457558146765188,148.3331223446454,0.0,0.0,69.12676434590898,81.1975214482004,1486.0045852882109,0.0,0.0,229.13582440433704,270.2393955797942,4417.495409808547,0.0,0.0,12.442423798933446,14.697627009529552,227.4488167209709,0.0,0.0,127.59886915123556,150.93807745327997,2242.136460968277,44.06788488297957,30.224886751014805,325.73093649343459,384.39528482773508,7048.198717683563,0.0,0.0,138.26276230714343,163.80565338831583,2315.7537950970029,0.0,17.419932030707387,34.047743914995539,22.0,30.0,0.0,17.686250790157588,33.1370191241056,16.0,30.0,0.0,17.381426036719124,34.43935817480663,22.0,30.0,0.0,17.37940630913701,34.48318336970533,16.0,30.0,0.0,15.128039134212365,42.17544224187989,12.0,30.0,0.0,17.571043164347686,35.572202839997789,16.0,30.0,0.0,16.411909230811064,38.060080124153717,10.0,30.0,0.0,15.893525963503667,40.25503124686946,12.0,30.0,0.0,15.525926187566285,40.798875964286157,12.0,30.0,0.0,16.32721761419929,0.0,0.0,0.0,15.087126328828683,0.0,0.0,479.59708551605709,471.76773141716049,487.7827653429648,487.9228855575119,546.675546942668,530.0446217884189,524.366057300005,549.2500571214005,536.8809990926134,0.0,80.65464256020616,80.65464256020616,60.0,0.0,60.0,60.0,16.0,16.0,16.0,12.0,12.0,12.0,21.0,10.0,0.0,0.0,0.0,0.0,0.0,0.0,0.0,0.0,0.0,0.0,0.0,0.0,0.0,80.65464256020616,80.65464256020616,0.0,0.0,0.0,80.65464256020616,0.0,0.0,0.00039999999999999996 
 03/22  10:50:00,6.866666666666667,61.166666666666667,7.028333333333333,142.33333333333335,592.3333333333333,0.0,0.0,0.0,0.0,0.0,0.0,0.0,0.0,0.0,0.0,694.0,0.0,1183.3733002903207,74.64665269441588,191.2813184170565,35.48333326024485,944.4426356914844,0.0,74.64665269441585,102.0476335508769,0.0,0.0,17.4700390709882,-45.44858727125393,18.37813407418961,-351.1316068992428,17.735045164903278,-35.49340903302618,17.560093438321226,-230.16958454200813,15.067191471461463,16.62301248108423,17.992165118297515,-175.12196052673563,16.274614680833616,60.344431545097908,15.756401866552018,-18.271609404592483,15.77120344835051,-83.8024144514734,571.8745549443111,335.9838189264374,0.0,0.0,0.0,0.0,0.0,0.0,0.0,0.0,0.0,0.0,0.0,0.0,0.0,0.0,0.0,0.0,0.0,0.0,0.0,0.0,0.0,0.0,1.0506011210814872,0.3206963129064369,180.35185849734445,211.7185264456628,3766.208330624424,0.18173034610242257,0.027736621810504057,129.53493500977323,151.8735240366634,2785.6361468379748,1.095353451976988,0.20698288964039844,253.26957898891974,297.105796844999,5358.603572953733,0.20295522022927688,0.038351326573937419,128.64167548997814,151.0746563762978,2647.7375853901864,0.0,0.0,8.934971076319492,10.563289327195438,148.277628940474,0.0,0.0,69.93807584752648,81.9829290904873,1495.8977336373519,0.0,0.0,228.08703838170559,268.48703708899378,4352.707276687523,0.0,0.0,14.560718767741996,17.17695009437338,259.24043261903247,0.0,0.0,122.4480117050077,144.55447558494289,2134.8419270589758,44.524640758046128,30.53816238549118,250.93951776299788,295.838535351142,5446.698932556819,0.0,0.0,135.4821184350466,160.1689041029674,2260.6308450743724,0.0,17.341031501420159,33.906198741831229,22.0,30.0,0.0,17.714943653493763,32.94198558277162,16.0,30.0,0.0,17.50051803066265,34.37468596996266,22.0,30.0,0.0,17.230225301714986,34.07599915861998,16.0,30.0,0.0,15.156616834693275,41.72553814785483,12.0,30.0,0.0,17.650264233364383,35.10732400057505,16.0,30.0,0.0,16.44577041441007,37.76737554398138,10.0,30.0,0.0,15.781385073493313,40.11947693422402,12.0,30.0,0.0,15.590268881325273,40.24231521465802,12.0,30.0,0.0,16.13792583236791,0.0,0.0,0.0,15.189821573948733,0.0,0.0,474.22339186161738,470.0828645249363,491.9473316112548,472.7975085394642,536.9728390697854,522.4555744935817,518.9384204976548,537.3717915270438,527.4162326178657,0.0,80.65464256020616,80.65464256020616,60.0,0.0,60.0,60.0,16.0,16.0,16.0,12.0,12.0,12.0,21.0,10.0,0.0,0.0,0.0,0.0,0.0,0.0,0.0,0.0,0.0,0.0,0.0,0.0,0.0,80.65464256020616,80.65464256020616,0.0,0.0,0.0,80.65464256020616,0.0,0.0,0.0004033333333333333 
 03/22  11:00:00,7.0,60.0,7.18,143.0,601.0,0.0,0.0,0.0,0.0,0.0,0.0,0.0,0.0,0.0,0.0,1388.0,0.0,1274.1910141623969,75.34659528255678,193.07496026678144,38.20646606430931,1016.9233707019005,0.0,75.34659528255674,103.00450813484064,0.0,0.0,17.45604423558302,4.516835292832184,18.415755665756629,-458.0839968953005,17.5842787510612,-227.57224529406586,17.561714064399888,-105.69292360845384,15.083878917558135,17.344853188099877,18.087317276942565,-180.9708791964465,16.276079622223354,66.56914700866946,15.699797261026799,-15.36721064000659,15.794593520207912,-57.145352686382469,616.1656336798478,316.02835776116629,0.0,0.0,0.0,0.0,0.0,0.0,0.0,0.0,0.0,0.0,0.0,0.0,0.0,0.0,0.0,0.0,0.0,0.0,0.0,0.0,0.0,0.0,1.0236205442774558,0.31246048360117698,226.1969658862853,265.97115087329459,4683.2514294603029,0.16955264433052137,0.025877998218944044,162.72451776704015,191.18977580796844,3437.6817716307075,1.0559586041483105,0.19953866291540263,259.84206879616837,305.5732224266029,5312.232556008665,0.2128403702824771,0.04021926876086112,156.5842620848576,184.17330668783769,3203.746980904155,0.0,0.0,8.90224455595295,10.542889060998187,145.68528048650249,0.0,0.0,71.71274834590133,84.19585374576849,1523.2565561587126,0.0,0.0,228.03728949180613,268.9014667539074,4296.5555769912839,0.0,0.0,17.02562181904461,20.124069376741408,296.6496696612935,0.0,0.0,119.26924528807831,141.04042542350047,2057.6186048442434,45.06185417344429,30.906621518137386,322.74888264333529,381.0199898203149,6780.5019339142149,0.0,0.0,135.4105223573976,160.31322556305055,2252.914040821892,0.0,17.39866320371737,33.6845433106393,22.0,30.0,0.0,17.665359280190424,32.77930638794153,16.0,30.0,0.0,17.26404845528077,34.07666900407992,22.0,30.0,0.0,17.303227549132094,34.274884055691149,16.0,30.0,0.0,15.177608042171338,41.45210365580733,12.0,30.0,0.0,17.714324162475735,34.74177012942721,16.0,30.0,0.0,16.46056290199116,37.42944615626001,10.0,30.0,0.0,15.725268592057973,39.997869450244539,12.0,30.0,0.0,15.636203156082012,39.88763976548519,12.0,30.0,0.0,16.26697472295337,0.0,0.0,0.0,15.304821080393367,0.0,0.0,473.42217321406727,466.6884516207871,475.7158128338091,481.85981940242837,531.576965005034,516.515324138712,512.0935924305526,530.5569634382716,521.9202731934126,0.0,80.65464256020616,80.65464256020616,60.0,0.0,60.0,60.0,16.0,16.0,16.0,12.0,12.0,12.0,21.0,10.0,0.0,0.0,0.0,0.0,0.0,0.0,0.0,0.0,0.0,0.0,0.0,0.0,0.0,80.65464256020616,80.65464256020616,0.0,0.0,0.0,80.65464256020616,0.0,0.0,0.0004066666666666666 
 03/22  11:10:00,7.123333333333334,59.166666666666667,7.193333333333333,143.66666666666667,609.6666666666667,0.0,0.0,0.0,0.0,0.0,0.0,0.0,0.0,0.0,0.0,694.0,0.0,1363.9148893541577,76.03403652355536,194.8365643909268,40.89680014594515,1088.531119254234,0.0,76.03403652355532,103.94429242947426,0.0,0.0,17.45890382326224,51.90578093991098,18.44432422695926,-547.8053785512911,17.530873501597655,-184.56084079342828,17.585006439808976,-25.598184094702448,15.108752875548096,17.167767073634424,18.211671648176286,-192.50166312730426,16.28366757708713,65.70308418385958,15.637385967153222,-12.438363163376039,15.829918901236148,-57.52515896993191,547.7241334818882,293.5807280892732,0.0,0.0,0.0,0.0,0.0,0.0,0.0,0.0,0.0,0.0,0.0,0.0,0.0,0.0,0.0,0.0,0.0,0.0,0.0,0.0,0.0,0.0,1.0199042419616083,0.3113260811848621,194.87899336888737,228.66370823170693,4016.201503234715,0.15834859358956214,0.024167978264585188,191.3900137666259,224.49701528480373,3973.0092500227399,1.013731053983082,0.19155915608145925,117.34222443808742,137.8032752071909,2374.2123607978426,0.2104551440473558,0.039768545738351427,120.69303441457667,141.63574231570065,2458.8809512638624,0.0,0.0,8.815405099442437,10.420033900067172,142.72262721427385,0.0,0.0,72.47003413054385,84.90151528981402,1537.0343744656419,0.0,0.0,226.3731484323307,266.44115754596029,4220.3839892768,0.0,0.0,18.126176811854319,21.393437116127076,308.8567395945562,0.0,0.0,116.66580411974729,137.67772775691774,1998.8321711848187,44.9988307637014,30.86339558552909,227.9021100113353,268.7209554992591,4863.996266843557,0.0,0.0,134.49223683139398,158.87564393656553,2233.8226474819405,0.0,17.47205286460032,33.307528886353278,22.0,30.0,0.0,17.59802289732524,32.51417554472509,16.0,30.0,0.0,17.241189144664685,33.478019749685689,22.0,30.0,0.0,17.386032346307187,34.284729694677789,16.0,30.0,0.0,15.212832274955972,41.001973571618467,12.0,30.0,0.0,17.823673237592059,34.23352613813277,16.0,30.0,0.0,16.483249072296596,37.096472625225718,10.0,30.0,0.0,15.65122781851767,39.77251263311331,12.0,30.0,0.0,15.699744876324836,39.41280745168463,12.0,30.0,0.0,16.086769570982385,0.0,0.0,0.0,15.415524815609187,0.0,0.0,470.07760157865848,460.6256787041695,464.9401152846939,485.4838825625336,523.1179910422513,509.68317748172259,506.3289840148331,520.5404746813704,514.8778235554077,0.0,80.65464256020616,80.65464256020616,60.0,0.0,60.0,60.0,16.0,16.0,16.0,12.0,12.0,12.0,21.0,10.0,0.0,0.0,0.0,0.0,0.0,0.0,0.0,0.0,0.0,0.0,0.0,0.0,0.0,80.65464256020616,80.65464256020616,0.0,0.0,0.0,80.65464256020616,0.0,0.0,0.00041 
 03/22  11:20:00,7.246666666666667,58.33333333333334,7.206666666666667,144.33333333333335,618.3333333333333,0.0,0.0,0.0,0.0,0.0,0.0,0.0,0.0,0.0,0.0,1388.0,0.0,1452.3074823951793,76.70826807884827,196.5643154416341,43.54721584816002,1159.0763799177674,0.0,76.70826807884822,104.86601808225916,0.0,0.0,17.367347310620518,-7.645201905859722,18.538378537446,-491.53797533644686,17.507894373800423,-142.91434170076355,17.52542893150916,-143.8254664283511,15.129917159809093,18.12412752010357,18.32269808465228,-206.16047673013919,16.30292152400454,83.02156024890928,15.597760921654608,-6.342725478363036,15.856270284036228,-31.451575697930367,574.7889822920083,269.54730587457859,0.0,0.0,0.0,0.0,0.0,0.0,0.0,0.0,0.0,0.0,0.0,0.0,0.0,0.0,0.0,0.0,0.0,0.0,0.0,0.0,0.0,0.0,0.9960531081882426,0.30404551531997639,212.6503517633898,249.99138720544443,4275.081725081904,0.16242332450385708,0.02478988469228588,160.997803367841,189.02673982570912,3321.330214247996,1.0206068774591253,0.19285844245259366,206.54211688366957,242.98412142098324,4133.072522275677,0.20087693912528219,0.03795860527688626,125.94811391633366,148.12226290777577,2507.230111192266,0.0,0.0,8.955931054842879,10.604222199241728,143.18889401180068,0.0,0.0,74.8708541011691,87.84429538100057,1579.64808035128,0.0,0.0,227.14394020900128,267.7730164319149,4197.876621116304,0.0,0.0,20.78399270865465,24.57591847787852,347.57698048542809,0.0,0.0,113.01848030544409,133.58503891433498,1917.8959818690342,45.029269038779577,30.884272317407125,276.39826200414316,326.26248243457487,5719.626131960047,0.0,0.0,132.58160225007809,156.83322997492417,2196.2144822646089,0.0,17.337627095228958,33.23005292901428,22.0,30.0,0.0,17.667933484891237,32.26059275394137,16.0,30.0,0.0,17.275582831704317,33.59729022423992,22.0,30.0,0.0,17.275111937045688,33.76136996034353,16.0,30.0,0.0,15.238577121774745,40.707678575635089,12.0,30.0,0.0,17.897076551257457,33.83701253304443,16.0,30.0,0.0,16.529502175115917,36.71926974625504,10.0,30.0,0.0,15.61797575482019,39.60893536999775,12.0,30.0,0.0,15.74529933078539,39.055973432743929,12.0,30.0,0.0,16.19755552137628,0.0,0.0,0.0,15.522466610976464,0.0,0.0,465.110960113842,460.3894163357612,469.5843825466259,472.3550982027006,518.1551757248004,504.38065726006666,500.66305680956267,514.9199274563031,509.68825713432957,0.0,80.65464256020616,80.65464256020616,60.0,0.0,60.0,60.0,16.0,16.0,16.0,12.0,12.0,12.0,21.0,10.0,0.0,0.0,0.0,0.0,0.0,0.0,0.0,0.0,0.0,0.0,0.0,0.0,0.0,80.65464256020616,80.65464256020616,0.0,0.0,0.0,80.65464256020616,0.0,0.0,0.00042000000000000007 
 03/22  11:30:00,7.37,57.5,7.22,145.0,627.0,0.0,0.0,0.0,0.0,0.0,0.0,0.0,0.0,0.0,0.0,694.0,0.0,1539.1788252417314,77.36845753468131,198.25608014127364,46.152017040503697,1228.407540882709,0.0,77.36845753468127,105.76854712048413,0.0,0.0,17.345157112728559,13.299172381807694,18.651087299642989,-475.0142765618357,17.516454777980046,-16.015656161658627,17.448176398434346,-205.30349451881785,15.160352090096663,18.149775385365616,18.460617658447594,-224.48189538880434,16.325691572590296,88.26734710436449,15.557016574010865,-1.9858949079688273,15.893455879200137,-29.80123794724068,530.1362508997918,243.4848119147996,0.0,0.0,0.0,0.0,0.0,0.0,0.0,0.0,0.0,0.0,0.0,0.0,0.0,0.0,0.0,0.0,0.0,0.0,0.0,0.0,0.0,0.0,0.9751817871593997,0.297674538204945,184.37467725012884,216.43153373066793,3664.871847314283,0.15806775022555576,0.02412511450328995,159.99688568363187,187.55587468810902,3291.1247212207688,1.0386777626551345,0.19627319778063774,247.29317480794848,290.23250747428087,4918.4488180366729,0.19490083620615407,0.03682933412814701,115.41255468455668,135.56994287883115,2242.4039791161155,0.0,0.0,9.035221982370798,10.677069118383545,142.99923345369198,0.0,0.0,76.05783026371003,89.04353492710618,1603.8844701343485,0.0,0.0,226.86191548101565,266.9191149973097,4159.050468846196,0.0,0.0,22.17634635005011,26.179887094330224,363.73031447688165,0.0,0.0,110.30979954364223,130.12422122289486,1858.4739472110624,44.98612037716811,30.85467789929227,244.9072450517967,288.75277582309277,5032.598189162116,0.0,0.0,130.65611142878024,154.22557219278424,2160.014731268521,0.0,17.34804248706375,32.894151403469098,22.0,30.0,0.0,17.754774805267528,31.97690903100476,16.0,30.0,0.0,17.3652005751973,33.53666430637601,22.0,30.0,0.0,17.151597827260006,33.336584062333148,16.0,30.0,0.0,15.280538424024126,40.22669101854221,12.0,30.0,0.0,18.017585244580855,33.289262952943378,16.0,30.0,0.0,16.57802809353131,36.37809727759749,10.0,30.0,0.0,15.577125646659463,39.32950985503914,12.0,30.0,0.0,15.80768872611109,38.59064003493954,12.0,30.0,0.0,16.102474834579036,0.0,0.0,0.0,15.6308820174349,0.0,0.0,461.0158346618499,459.69681274360536,471.90977845135776,461.94365807226969,510.3972003026614,498.13941994700448,496.1471549845348,506.79315999195407,503.40327893185926,0.0,80.65464256020616,80.65464256020616,60.0,0.0,60.0,60.0,16.0,16.0,16.0,12.0,12.0,12.0,21.0,10.0,0.0,0.0,0.0,0.0,0.0,0.0,0.0,0.0,0.0,0.0,0.0,0.0,0.0,80.65464256020616,80.65464256020616,0.0,0.0,0.0,80.65464256020616,0.0,0.0,0.00043 
 03/22  11:40:00,7.493333333333334,56.66666666666667,7.233333333333333,143.33333333333335,640.3333333333333,0.0,0.0,0.0,0.0,0.0,0.0,0.0,0.0,0.0,0.0,694.0,0.0,1627.8709547414347,77.42767550701118,198.40788818962006,48.81141341138348,1299.19184984015,0.0,77.42767550701115,105.84950257825506,0.0,0.0,17.392350441693418,79.56916608241045,18.688745415031478,-652.0821049860879,17.370092067965069,-225.07701590093166,17.515200747435519,-4.793713646375181,15.189555177395026,18.297294212127555,18.598022315092547,-236.20356941608498,16.33842022918904,89.55505402766539,15.52705964201257,3.5650150782813627,15.922063368004034,-20.07722669484383,560.0668586823849,227.08954826415357,0.0,0.0,0.0,0.0,0.0,0.0,0.0,0.0,0.0,0.0,0.0,0.0,0.0,0.0,0.0,0.0,0.0,0.0,0.0,0.0,0.0,0.0,0.961169395993838,0.2933972515243706,209.11192520577297,245.3304289951505,4160.871297726555,0.13817832581140686,0.021089488066454038,210.12507941394714,246.3924903817785,4234.798490878882,0.9654892310092965,0.18244316534567213,158.14866217424754,185.79182203122739,3036.4630675090345,0.212843137352455,0.04021979163878589,164.21204593081729,192.73137547339509,3206.879118238175,0.0,0.0,8.92873195925486,10.549637863418134,139.74753024894089,0.0,0.0,77.6396740636961,90.85781052425435,1634.5372974812886,0.0,0.0,227.23520112172185,267.3297683511212,4120.814822241886,0.0,0.0,23.26336425815477,27.46483090584912,374.7706534424057,0.0,0.0,110.96199811963429,130.8695310136519,1851.865365680276,45.018093257715879,30.876607172644645,278.247063387305,327.9036200076416,5606.852868966015,0.0,0.0,131.856855722444,155.57133486845414,2178.4484467892655,0.0,17.494260537787736,32.58326243061005,22.0,30.0,0.0,17.66904965249485,31.801561476774645,16.0,30.0,0.0,17.116517593538519,33.09823868540587,22.0,30.0,0.0,17.33554296558647,33.622420791419,16.0,30.0,0.0,15.317529466241185,39.88414852607001,12.0,30.0,0.0,18.128089200525545,32.909925881795107,16.0,30.0,0.0,16.602938418975623,36.08418233606051,10.0,30.0,0.0,15.55400067719427,39.12394490472559,12.0,30.0,0.0,15.853325566763097,38.257157120364109,12.0,30.0,0.0,16.222079243248513,0.0,0.0,0.0,15.752908138799107,0.0,0.0,461.38663410746,454.9759489068961,457.62974684235499,472.61073765414178,505.41201850449718,494.77910819143195,491.9564754054079,501.80919202776,499.3725646693216,0.0,80.65464256020616,80.65464256020616,60.0,0.0,60.0,60.0,16.0,16.0,16.0,12.0,12.0,12.0,21.0,10.0,0.0,0.0,0.0,0.0,0.0,0.0,0.0,0.0,0.0,0.0,0.0,0.0,0.0,80.65464256020616,80.65464256020616,0.0,0.0,0.0,80.65464256020616,0.0,0.0,0.00044 
 03/22  11:50:00,7.616666666666667,55.833333333333339,7.246666666666666,141.66666666666667,653.6666666666666,0.0,0.0,0.0,0.0,0.0,0.0,0.0,0.0,0.0,0.0,694.0,0.0,1715.3129282130117,77.47404190276865,198.52676023715007,51.43332384467574,1368.9784158719645,0.0,77.4740419027686,105.9128889565124,0.0,0.0,17.22724004003386,-39.8227269975323,18.864157461922767,-481.40589220780387,17.453249574194616,21.31751524048559,17.390356171466864,-242.21486656174148,15.22182009667452,19.171196519621163,18.737716793689104,-257.2887111236105,16.376693241859479,107.12258217599447,15.504814363274532,10.518379011835123,15.953751829263336,-6.6344684523169239,549.954053759906,202.93436206690059,0.0,0.0,0.0,0.0,0.0,0.0,0.0,0.0,0.0,0.0,0.0,0.0,0.0,0.0,0.0,0.0,0.0,0.0,0.0,0.0,0.0,0.0,0.9221567245981657,0.2814886216722118,225.067092171514,264.3214404902249,4291.487261418236,0.15066330300326656,0.022995009615883176,146.50882127502053,171.6595888483634,2976.998039602708,1.056301446889609,0.19960344801390957,315.20799440490728,369.92638833284635,6104.080227025914,0.19309011373695077,0.03648717190796499,142.5836039843375,167.51702913560943,2680.290149904046,0.0,0.0,9.233239632574162,10.907642173349034,142.96212777604604,0.0,0.0,79.4882376219056,92.9845295961746,1670.2256288653846,0.0,0.0,230.43908249389649,271.02011382542329,4155.332366204946,0.0,0.0,25.00851607578527,29.52550365104104,396.12185663584037,0.0,0.0,108.56930679376205,128.02080966750325,1795.7314886300126,45.03286313059307,30.88673740095548,312.68892501212226,368.47275313065128,6123.12017903434,0.0,0.0,130.6415296271955,154.07351428901255,2154.7707699910736,0.0,17.195823104820567,32.85426710059787,22.0,30.0,0.0,17.88049479906635,31.389305736412355,16.0,30.0,0.0,17.357881122447727,33.200750797451728,22.0,30.0,0.0,17.0825331859163,33.096728928078679,16.0,30.0,0.0,15.358297908340188,39.53151489334811,12.0,30.0,0.0,18.23555179611757,32.49153245314207,16.0,30.0,0.0,16.677729024557189,35.73962785612573,10.0,30.0,0.0,15.541896824571417,38.95492207619785,12.0,30.0,0.0,15.903750906942677,37.96130508413908,12.0,30.0,0.0,16.231955041163475,0.0,0.0,0.0,15.866260806998845,0.0,0.0,457.0026954461979,455.9396823279236,466.92023463284348,457.4579592866188,500.6868694070784,490.9514743039475,488.67515944321749,497.9719008717873,496.0464218262228,0.0,80.65464256020616,80.65464256020616,60.0,0.0,60.0,60.0,16.0,16.0,16.0,12.0,12.0,12.0,21.0,10.0,0.0,0.0,0.0,0.0,0.0,0.0,0.0,0.0,0.0,0.0,0.0,0.0,0.0,80.65464256020616,80.65464256020616,0.0,0.0,0.0,80.65464256020616,0.0,0.0,0.00046 
 03/22  12:00:00,7.74,55.0,7.26,140.0,667.0,0.0,0.0,0.0,0.0,0.0,0.0,0.0,0.0,0.0,0.0,1388.0,0.0,1801.2782177509903,77.50409281973198,198.6038198716247,54.01095596804737,1437.5864489992947,0.0,77.50409281973195,105.95397083830416,0.0,0.0,17.31805190318317,112.43714661524473,18.922879087787864,-680.0989052301138,17.347954682228719,-145.80456660764686,17.420003696233324,-51.49524374055386,15.251515306786324,19.63367668979643,18.873781504355727,-265.85033987240788,16.388736762277526,109.96556554686595,15.490695813801527,20.104335094026739,15.985306663567247,16.954271366066906,553.6480631988561,189.03854059348078,0.0,0.0,0.0,0.0,0.0,0.0,0.0,0.0,0.0,0.0,0.0,0.0,0.0,0.0,0.0,0.0,0.0,0.0,0.0,0.0,0.0,0.0,0.9056265964927825,0.2764427950222169,263.2955965755066,309.515573436792,5074.5686692772319,0.11544391031267881,0.017619644431117036,229.34734608749754,269.28542864082717,4568.543356490131,0.9896925265725503,0.18701672837727716,241.88879075497955,284.4801572986442,4547.1268428755479,0.20562785327187917,0.03885635927284185,136.58913518148155,160.72947956543747,2565.4172114866889,0.0,0.0,8.967067502934605,10.609622826189831,137.17127233771124,0.0,0.0,81.97641858542036,96.02523721654157,1716.8975160517776,0.0,0.0,228.99084803541065,269.7523678503651,4079.868920711029,0.0,0.0,25.758749654994938,30.462154317795574,401.54094323789948,0.0,0.0,108.79265737770138,128.48655197254468,1782.1315012865917,45.02163886171188,30.879038999802398,339.3684859042721,400.56544462564536,6539.990718999581,0.0,0.0,131.27023537807717,155.0116150960955,2165.0284227528788,0.0,17.43764876356784,32.268399460913439,22.0,30.0,0.0,17.814558613312337,31.287563071471703,16.0,30.0,0.0,17.178252271713249,32.91579277049665,22.0,30.0,0.0,17.19816418453378,33.17440973413473,16.0,30.0,0.0,15.391388156830388,39.25601820964931,12.0,30.0,0.0,18.331003989299913,32.08516620021682,16.0,30.0,0.0,16.695801893965919,35.45617854056885,10.0,30.0,0.0,15.541808154224125,38.72565148553885,12.0,30.0,0.0,15.951640075076906,37.580695003095289,12.0,30.0,0.0,16.28470656778879,0.0,0.0,0.0,15.99560638809702,0.0,0.0,456.3954094595094,453.29341745918927,457.99786317644529,462.48488891767888,497.22000597867619,486.76102294645986,484.6424498905268,493.9799434471357,491.4258091065724,0.0,80.65464256020616,80.65464256020616,60.0,0.0,60.0,60.0,16.0,16.0,16.0,12.0,12.0,12.0,21.0,10.0,0.0,0.0,0.0,0.0,0.0,0.0,0.0,0.0,0.0,0.0,0.0,0.0,0.0,80.65464256020616,80.65464256020616,0.0,0.0,0.0,80.65464256020616,0.0,0.0,0.00048 
 03/22  12:10:00,7.801666666666667,54.333333333333339,7.291666666666666,138.33333333333335,680.3333333333333,0.0,0.0,0.0,0.0,0.0,0.0,0.0,0.0,0.0,0.0,694.0,0.0,1885.527867753186,77.51415698194447,198.62965930570048,56.53714477245554,1504.8252408498063,0.0,77.51415698194444,105.96772931106062,0.0,0.0,17.36694835978311,108.00431122525333,18.99200064830886,-747.1474671612896,17.403519914273326,3.3987858620776025,17.46358825451814,-20.119584178555216,15.29300393846776,19.905634976264879,19.037058873587584,-284.52773572741628,16.42549929997007,113.64572732593115,15.479426739687267,23.818139689066585,16.02688824971839,15.78715469259214,456.6948829006533,170.72662959699393,0.0,0.0,0.0,0.0,0.0,0.0,0.0,0.0,0.0,0.0,0.0,0.0,0.0,0.0,0.0,0.0,0.0,0.0,0.0,0.0,0.0,0.0,0.9158994941707218,0.27957860017421307,226.079767797473,265.1748842985005,4384.197035536087,0.11497228987786468,0.017547663290272389,229.68858665104325,269.20803387444507,4543.714370049712,1.0047450801471439,0.1898611262560741,133.0778950737628,156.2035565681407,2534.5034019330134,0.20579222829332736,0.03888742031242012,101.8232565168048,119.52412455627958,1919.8155660809096,0.0,0.0,9.088757447238829,10.733914733388387,138.90065826187738,0.0,0.0,82.73563429525773,96.70514346383728,1746.3402664631354,0.0,0.0,230.87414465306453,271.46146728414416,4114.249235488468,0.0,0.0,26.611448381513918,31.418509074348738,411.78327168133276,0.0,0.0,108.71496379186934,128.1457400361023,1781.7307970143464,45.107388215711,30.937851999801795,182.7513926991161,215.5299043111059,3712.8002739247415,0.0,0.0,131.78945450598799,155.29432587225913,2189.791725475309,0.0,17.55735113170788,31.858977195118926,22.0,30.0,0.0,17.79721398772528,30.98149916871585,16.0,30.0,0.0,17.3423607769509,32.374242858968,22.0,30.0,0.0,17.297226386140513,32.96755049498341,16.0,30.0,0.0,15.445638167099557,38.79551554232601,12.0,30.0,0.0,18.47863197323495,31.543350874998685,16.0,30.0,0.0,16.759292498046958,35.06478746318496,10.0,30.0,0.0,15.544234899136982,38.40065536619186,12.0,30.0,0.0,16.01686966573894,37.15471033081701,12.0,30.0,0.0,15.997237280309582,0.0,0.0,0.0,16.12064581216249,0.0,0.0,454.7423596938298,449.48305979290077,455.79489725490938,462.61118186172959,491.5222618886456,481.99359539723079,480.61046775774869,488.60602168235126,486.8595742345975,0.0,80.65464256020616,80.65464256020616,60.0,0.0,60.0,60.0,16.0,16.0,16.0,12.0,12.0,12.0,21.0,10.0,0.0,0.0,0.0,0.0,0.0,0.0,0.0,0.0,0.0,0.0,0.0,0.0,0.0,80.65464256020616,80.65464256020616,0.0,0.0,0.0,80.65464256020616,0.0,0.0,0.0005 
 03/22  12:20:00,7.863333333333334,53.66666666666667,7.323333333333334,136.66666666666667,693.6666666666667,0.0,0.0,0.0,0.0,0.0,0.0,0.0,0.0,0.0,0.0,694.0,0.0,1967.8103511791679,77.50037932201897,198.5943998063442,59.004348302292218,1570.4940499408904,0.0,77.50037932201893,105.94889420539255,0.0,0.0,17.2788322656151,31.240471124450779,19.14301981058537,-641.1596715630121,17.424282515638827,19.839917754768068,17.50263858253779,-12.764749061613202,15.332192400685969,20.848449365073919,19.188076318779424,-306.66696293217549,16.46947043947846,129.05104363265219,15.471913756862325,31.226602438856049,16.061653586233395,28.36045525139889,420.1080624976985,150.2643954157911,0.0,0.0,0.0,0.0,0.0,0.0,0.0,0.0,0.0,0.0,0.0,0.0,0.0,0.0,0.0,0.0,0.0,0.0,0.0,0.0,0.0,0.0,0.9080113724162402,0.2771707486008059,191.51211735120294,224.76811256038656,3633.1453583646878,0.14281193692101738,0.02179669366926395,165.93866140126878,194.38676099344586,3312.162809474713,1.0018235179854085,0.18930905479694044,142.53236109565609,167.2575115814661,2716.34201798901,0.20464003830130474,0.03866969733584744,10.481002374976886,12.299447231776817,201.36476895332175,0.0,0.0,9.396522041723684,11.095966517488814,143.3099956559222,0.0,0.0,84.44474353518376,98.66526500507406,1791.147977125973,0.0,0.0,234.02555967988418,275.1009557229744,4176.406384073157,0.0,0.0,27.515102967192275,32.48574749726615,422.750652638924,0.0,0.0,107.63861195770214,126.8581450142704,1761.7366615211109,45.28374609413743,31.058810764154626,145.4234086142073,171.580529771636,3043.897619622755,0.0,0.0,131.3093589147925,154.67101691667242,2194.924464582351,0.0,17.395223770552869,31.864452483900015,22.0,30.0,0.0,17.95066685670317,30.656659888543716,16.0,30.0,0.0,17.41776916659011,32.188142051615859,22.0,30.0,0.0,17.37567408637492,32.86766430826565,16.0,30.0,0.0,15.492959207372266,38.44069073783901,12.0,30.0,0.0,18.59721094749353,31.160580159003577,16.0,30.0,0.0,16.83636881334822,34.72537163361702,10.0,30.0,0.0,15.551195204105229,38.15287839505807,12.0,30.0,0.0,16.069136505828156,36.82280523497792,12.0,30.0,0.0,15.888561639632892,0.0,0.0,0.0,16.23595595939071,0.0,0.0,451.23067492254446,450.5460798031044,455.7479040634119,464.5449206502986,487.56709436935298,479.4803033354594,477.77083624701569,484.76742495993099,483.35036164644739,0.0,80.65464256020616,80.65464256020616,60.0,0.0,60.0,60.0,16.0,16.0,16.0,12.0,12.0,12.0,21.0,10.0,0.0,0.0,0.0,0.0,0.0,0.0,0.0,0.0,0.0,0.0,0.0,0.0,0.0,80.65464256020616,80.65464256020616,0.0,0.0,0.0,80.65464256020616,0.0,0.0,0.0005166666666666666 
 03/22  12:30:00,7.925,53.0,7.355,135.0,707.0,0.0,0.0,0.0,0.0,0.0,0.0,0.0,0.0,0.0,0.0,694.0,0.0,2047.8646123347097,77.45874708889129,198.48775859555023,61.404738891830678,1634.384530093893,0.0,77.45874708889125,105.8919797863695,0.0,0.0,17.371792950436175,138.09411243160504,19.13790332240062,-912.7590360839604,17.402989939673508,-15.442007332706908,17.53210465766368,-9.174473461130163,15.37284689797319,20.80698846796895,19.345799397106064,-318.7246405187366,16.48537059842903,122.292901638486,15.467931935512116,37.47727255115183,16.098131114602397,39.372504951236809,498.8653046093141,140.38234703224863,0.0,0.0,0.0,0.0,0.0,0.0,0.0,0.0,0.0,0.0,0.0,0.0,0.0,0.0,0.0,0.0,0.0,0.0,0.0,0.0,0.0,0.0,0.9493417512523491,0.28978685935663897,241.32228651879886,283.01609338301906,4646.435911986182,0.1172089883531536,0.017889039736439809,246.23689552639213,288.65372526431715,4794.385420085781,0.9529790662910217,0.18007918864153855,48.343013735948598,56.73364990395252,925.5754851786384,0.1888423380064078,0.03568449319848974,7.892453204705994,9.259842155065848,152.20731923084979,0.0,0.0,9.105944374451186,10.751389681218623,138.6015659455538,0.0,0.0,86.14496872828252,100.610063988433,1837.9454399059173,0.0,0.0,233.16810520400234,274.0829429957072,4140.82883353726,0.0,0.0,27.892629009257804,32.93121566353746,425.68833849974456,0.0,0.0,109.37069255215725,128.87889847979387,1788.0452896101816,45.43707031291555,31.16397140803537,199.10933799421168,234.7227456279615,3992.09298668309,0.0,0.0,133.58856453924276,157.29180480757226,2248.8995795002635,0.0,17.614422404632614,31.362146556791698,22.0,30.0,0.0,17.762427040788205,30.72340901097941,16.0,30.0,0.0,17.40394108468151,32.02200546746674,22.0,30.0,0.0,17.43432211111108,32.75267930874408,16.0,30.0,0.0,15.5407398710063,38.11316136693591,12.0,30.0,0.0,18.727006859597357,30.74193458263287,16.0,30.0,0.0,16.854886323173539,34.51153435185644,10.0,30.0,0.0,15.561735246757087,37.93084125110588,12.0,30.0,0.0,16.123053209130977,36.51804811476102,12.0,30.0,0.0,16.140002666380789,0.0,0.0,0.0,16.361160785237549,0.0,0.0,451.4026489907088,447.6162288756948,454.1425604853165,465.31844874102679,484.1581662215762,476.4597943664012,475.3100043718018,481.82191984534338,480.6416729806537,0.0,80.65464256020616,80.65464256020616,60.0,0.0,60.0,60.0,16.0,16.0,16.0,12.0,12.0,12.0,21.0,10.0,0.0,0.0,0.0,0.0,0.0,0.0,0.0,0.0,0.0,0.0,0.0,0.0,0.0,80.65464256020616,80.65464256020616,0.0,0.0,0.0,80.65464256020616,0.0,0.0,0.0005333333333333334 
 03/22  12:40:00,7.986666666666666,52.333333333333339,7.386666666666667,147.33333333333332,663.3333333333334,0.0,0.0,0.0,0.0,0.0,0.0,0.0,0.0,0.0,0.0,1388.0,0.0,2027.5055092220599,79.7257189504255,204.29663136326537,60.79426505495643,1618.135972253655,0.0,79.72571895042548,108.99110219100078,0.0,0.0,17.308512102934328,68.83572864496546,19.259833380746565,-691.3254866365392,17.379788817066193,-35.22723386862094,17.5085372362364,-71.42198504222904,15.402855653640398,22.398977053276725,19.444747243472606,-332.63762564839637,16.53105533441724,146.0387443733889,15.469194402448494,47.68570171339235,16.13463339497595,60.69053260829787,503.79312491469957,126.7663223182949,0.0,0.0,0.0,0.0,0.0,0.0,0.0,0.0,0.0,0.0,0.0,0.0,0.0,0.0,0.0,0.0,0.0,0.0,0.0,0.0,0.0,0.0,0.9336674299912995,0.28500226800711217,210.44219681681916,247.2360695261475,3983.1711869121065,0.1351150777914007,0.020621959369871904,191.599283865048,224.72065246928794,3769.673763923758,0.9676674479813374,0.1828547709715302,134.38931317422564,158.06407329556823,2523.868011863189,0.19268994413268554,0.0364115540689126,74.83924785326357,87.94634771002842,1396.7701506951347,0.0,0.0,9.367830828764319,11.078930688481734,141.98582364639629,0.0,0.0,88.2275236615242,103.19108119180317,1884.07965418089,0.0,0.0,235.64366768597933,277.39507792249005,4190.173601615137,0.0,0.0,28.820339345857464,34.08320030059604,437.10680457495399,0.0,0.0,107.91568643078155,127.35867070172464,1761.0421589919195,45.59536413910391,31.272540561799674,211.01073128365568,249.04678512296199,4182.961841358453,0.0,0.0,132.67947387073299,156.42806938248203,2244.5381956983885,0.0,17.491684080223757,31.264646296031296,22.0,30.0,0.0,17.946073396501967,30.24693637879627,16.0,30.0,0.0,17.38893076222853,31.91583101537872,22.0,30.0,0.0,17.38164316993368,32.11385273017938,16.0,30.0,0.0,15.573305841256275,37.85142912906031,12.0,30.0,0.0,18.804111376400834,30.398939883016536,16.0,30.0,0.0,16.932866134948655,34.091264478849058,10.0,30.0,0.0,15.578140696163445,37.69510909906681,12.0,30.0,0.0,16.173070391523983,36.1811888697762,12.0,30.0,0.0,16.182756509116694,0.0,0.0,0.0,16.46958227455682,0.0,0.0,448.23574127047427,447.08853167594045,453.76846446758557,456.0924457423183,481.4013519687146,473.3651691028793,471.8301942715465,478.8943747496628,477.29506898560626,0.0,80.65464256020616,80.65464256020616,60.0,0.0,60.0,60.0,16.0,16.0,16.0,12.0,12.0,12.0,21.0,10.0,0.0,0.0,0.0,0.0,0.0,0.0,0.0,0.0,0.0,0.0,0.0,0.0,0.0,80.65464256020616,80.65464256020616,0.0,0.0,0.0,80.65464256020616,0.0,0.0,0.00055 
 03/22  12:50:00,8.048333333333332,51.666666666666667,7.418333333333334,159.66666666666669,619.6666666666667,0.0,0.0,0.0,0.0,0.0,0.0,0.0,0.0,0.0,0.0,694.0,0.0,1996.6760741026324,81.95031575521665,209.99691697816008,59.869843319683948,1593.5311530639347,0.0,81.95031575521662,112.03229468040976,0.0,0.0,17.346017731875457,103.27820461108968,19.350415082497425,-702.2086390535014,17.3711268477893,26.977375857006338,17.468391728509663,-115.89084211316708,15.438125515070436,22.786135059581228,19.545925151754589,-345.69870472380719,16.57424613613815,144.28867537819589,15.477483930973312,51.602990575374978,16.183536559181144,59.857903368662849,489.2073086667915,114.0118137712343,0.0,0.0,0.0,0.0,0.0,0.0,0.0,0.0,0.0,0.0,0.0,0.0,0.0,0.0,0.0,0.0,0.0,0.0,0.0,0.0,0.0,0.0,0.9199729624282181,0.2808220276032412,196.110462613924,230.03706808252614,3718.098764032372,0.13132109735047688,0.02004290252601906,199.8684725328692,234.07629623502204,3953.7001414572357,0.999657018107343,0.1888996632855902,195.13609736770673,229.01806674867195,3635.2824213314549,0.19564032505924426,0.036969071250802,60.08416247350184,70.54381521898324,1105.8104820132379,0.0,0.0,9.452047591839256,11.15792142173244,142.94113081054665,0.0,0.0,88.81584008255337,103.67259075425719,1904.1363916615176,0.0,0.0,236.54083639084849,277.93003935871919,4209.48360319591,0.0,0.0,29.459135173953265,34.778365542897748,444.75726571600418,0.0,0.0,107.38136739114472,126.49219784523528,1754.1440423691639,45.702107101449488,31.345752470129975,205.00938375410395,241.67207987279785,4042.5889444150145,0.0,0.0,132.57286123912844,155.99896403683088,2251.251680192326,0.0,17.58129968346274,30.981666288920179,22.0,30.0,0.0,18.051226164885049,29.88749013471958,16.0,30.0,0.0,17.405676289501196,31.637286141386164,22.0,30.0,0.0,17.306675732863125,31.621517628948057,16.0,30.0,0.0,15.616993315830439,37.439736438126818,12.0,30.0,0.0,18.91004458730967,29.977819658036183,16.0,30.0,0.0,17.00167507310754,33.7013569386608,10.0,30.0,0.0,15.6039662936942,37.31620766835641,12.0,30.0,0.0,16.24357937393725,35.74081223959464,12.0,30.0,0.0,16.163619068715215,0.0,0.0,0.0,16.564561058412019,0.0,0.0,448.31027339155977,446.36685917728848,450.9439335680118,449.84167377660909,477.05490553251607,470.0979222067146,468.5497527598342,474.5194700184064,473.4261141976664,0.0,80.65464256020616,80.65464256020616,60.0,0.0,60.0,60.0,16.0,16.0,16.0,12.0,12.0,12.0,21.0,10.0,0.0,0.0,0.0,0.0,0.0,0.0,0.0,0.0,0.0,0.0,0.0,0.0,0.0,80.65464256020616,80.65464256020616,0.0,0.0,0.0,80.65464256020616,0.0,0.0,0.00056 
 03/22  13:00:00,8.11,51.0,7.45,172.0,576.0,0.0,0.0,0.0,0.0,0.0,0.0,0.0,0.0,0.0,0.0,694.0,0.0,1955.6616985382974,84.14658779766833,215.62461963956054,58.6400311642504,1560.7978421343265,0.0,84.14658779766829,115.0347650722658,0.0,0.0,17.396769001479578,141.45710187383339,19.34303081524437,-848.0669728870398,17.370360710973939,24.748802457774219,17.50564523015896,-6.107968340944808,15.46572709058827,23.368984111674309,19.620243313617207,-348.1094966377382,16.606410428386764,145.80479249474957,15.484000106441109,56.326277304337057,16.222804203545029,65.80728086930003,474.7527223736879,110.1953377421396,0.0,0.0,0.0,0.0,0.0,0.0,0.0,0.0,0.0,0.0,0.0,0.0,0.0,0.0,0.0,0.0,0.0,0.0,0.0,0.0,0.0,0.0,0.9078651995609863,0.2771261292921204,231.5345746523281,271.49050192966709,4408.024473623833,0.10916201612213408,0.01666086937151009,237.31816404286034,278.0198098126315,4628.29115209329,1.0100934743177335,0.19087178275089454,140.38721762585667,164.75870074001996,2609.1155104388888,0.20972627078081425,0.039630814584432,116.25728694725943,136.44497699398887,2142.651682011295,0.0,0.0,9.404287131129829,11.100788233939828,141.59608299562303,0.0,0.0,89.52071897041492,104.47268457102041,1920.6274167200077,0.0,0.0,237.713504160371,279.27041692139479,4221.924392547523,0.0,0.0,30.038797640733966,35.461356321792859,450.9453136692095,0.0,0.0,108.52461224012825,127.81985875813222,1770.2133709940013,45.83041321395494,31.43375391903632,189.60621586047567,223.5500111813305,3751.9296596927799,0.0,0.0,134.09414977230785,157.7480689462643,2282.2764468624347,0.0,17.693913073415879,30.61902425270594,22.0,30.0,0.0,17.97109261374278,29.873920290833469,16.0,30.0,0.0,17.42666331967815,31.33514530054163,22.0,30.0,0.0,17.3977210229265,31.6950747999767,16.0,30.0,0.0,15.646286175719997,37.147116932014977,12.0,30.0,0.0,18.982361989170923,29.676982808675026,16.0,30.0,0.0,17.046958355601729,33.460427303258317,10.0,30.0,0.0,15.623404177939113,37.06902932046388,12.0,30.0,0.0,16.29471374021335,35.44243752440113,12.0,30.0,0.0,16.12970717511932,0.0,0.0,0.0,16.648303883395834,0.0,0.0,447.1219990453463,445.4160630449052,449.1071024995427,451.7151396732716,474.02733107908969,467.53650742767328,466.8701962979233,472.02748222915548,471.1099222654042,0.0,80.65464256020616,80.65464256020616,60.0,0.0,60.0,60.0,16.0,16.0,16.0,12.0,12.0,12.0,21.0,10.0,0.0,0.0,0.0,0.0,0.0,0.0,0.0,0.0,0.0,0.0,0.0,0.0,0.0,80.65464256020616,80.65464256020616,0.0,0.0,0.0,80.65464256020616,0.0,0.0,0.00057 
 03/22  13:10:00,8.12,51.166666666666667,7.4783333333333339,184.33333333333335,532.3333333333333,0.0,0.0,0.0,0.0,0.0,0.0,0.0,0.0,0.0,0.0,694.0,0.0,1880.7183142374957,83.65863523192316,214.3741464960723,56.3928753638552,1500.9861636809272,0.0,83.65863523192313,114.36769692088842,0.0,0.0,17.31434769891254,66.59341380487149,19.40456462438643,-712.4827258238165,17.38129321554181,48.75590170873693,17.533590823148914,-9.488603452425537,15.488596576944536,24.522945227778906,19.668280711851766,-352.6228993783234,16.646754627855505,153.20406166982048,15.491725977692518,61.35582017733111,16.26033854875672,71.230720943302,445.41817772966717,105.3165577102618,0.0,0.0,0.0,0.0,0.0,0.0,0.0,0.0,0.0,0.0,0.0,0.0,0.0,0.0,0.0,0.0,0.0,0.0,0.0,0.0,0.0,0.0,0.8970225585037566,0.2738164097996815,205.29895714993976,240.8515800353951,3840.5170629255906,0.1335524863368811,0.02038346861063509,183.93572994233305,215.38505466782326,3625.7623866462529,1.0206215423369212,0.1928612135935226,158.20426148986884,185.62858900372027,2948.4222528638376,0.20862194921567077,0.039422137039998247,10.798223684031065,12.669749000654525,203.2966847665004,0.0,0.0,9.619208503132601,11.352965286671257,145.0536137665271,0.0,0.0,89.7536371363628,104.71961130045719,1932.3297924095364,0.0,0.0,239.50169699900909,281.29740476380035,4276.262961993894,0.0,0.0,30.67147953380751,36.20366270006394,461.01832475826788,0.0,0.0,108.05298364168591,127.23575821460114,1770.3673136713149,45.92098518934617,31.495874615463778,161.25510809395497,190.17147382469907,3259.816572381069,0.0,0.0,134.0716849462301,157.67667589993776,2295.7139720087295,0.0,17.528404617534755,30.752745491606367,22.0,30.0,0.0,18.089516613154907,29.42136849825917,16.0,30.0,0.0,17.47183212687638,31.095343727441756,22.0,30.0,0.0,17.446970970267779,31.688437735730834,16.0,30.0,0.0,15.669181559542075,36.88496350348314,12.0,30.0,0.0,19.033244036369518,29.456474178007065,16.0,30.0,0.0,17.107254997496278,33.14546610263371,10.0,30.0,0.0,15.644086569787671,36.816623966245007,12.0,30.0,0.0,16.343432291933988,35.146240396938669,12.0,30.0,0.0,16.036573456732496,0.0,0.0,0.0,16.712975776857676,0.0,0.0,446.1078651857062,443.9589618954584,447.84122200757266,453.6227397563165,471.39315222562899,465.9287508822514,464.56005259177797,469.4813933234877,468.7132733832381,0.0,80.65464256020616,80.65464256020616,60.0,0.0,60.0,60.0,16.0,16.0,16.0,12.0,12.0,12.0,21.0,10.0,0.0,0.0,0.0,0.0,0.0,0.0,0.0,0.0,0.0,0.0,0.0,0.0,0.0,80.65464256020616,80.65464256020616,0.0,0.0,0.0,80.65464256020616,0.0,0.0,0.0005799999999999999 
 03/22  13:20:00,8.13,51.33333333333334,7.506666666666668,196.66666666666669,488.6666666666667,0.0,0.0,0.0,0.0,0.0,0.0,0.0,0.0,0.0,0.0,694.0,0.0,1828.9334585105758,85.41296907007082,218.86940600567812,54.840115831683778,1459.6570498205888,0.0,85.41296907007077,116.76600428202463,0.0,0.0,17.400678737386906,160.8684068048169,19.31663423235204,-921.6555234621892,17.3489801177937,3.1546738571655625,17.55840039292739,-6.460672620223363,15.510166466137794,24.437627789894806,19.711262151631524,-349.37027093467307,16.65933314858802,144.3374220070964,15.499750499859568,64.19626905489759,16.297347202934874,74.61071983819102,512.7897368856875,106.31971871704082,0.0,0.0,0.0,0.0,0.0,0.0,0.0,0.0,0.0,0.0,0.0,0.0,0.0,0.0,0.0,0.0,0.0,0.0,0.0,0.0,0.0,0.0,0.9438043410370901,0.288096563198135,244.60717368901968,286.76563416730348,4658.07700112061,0.11068503976129604,0.016893321086888896,251.84019665722193,295.08400445795567,4860.477617641546,0.9761998512714231,0.18446709207698856,92.8083446107888,108.9075358329732,1726.2133533485385,0.19343930588796924,0.03655315681934414,8.110801765710255,9.514324567583639,153.84963353514159,0.0,0.0,9.308865245060448,10.98533901569224,140.5214058220958,0.0,0.0,90.16489953546335,105.17754020338563,1947.0898357674653,0.0,0.0,236.26012053636735,277.46762540310336,4215.372932746806,0.0,0.0,30.670269290449494,36.197790341756618,461.41430574450046,0.0,0.0,108.42571225917574,127.64686769980301,1783.6665369304477,45.98879718588805,31.542384901157797,204.13564546960803,240.55555450642954,4027.4221420463707,0.0,0.0,134.66165468297917,158.33028724161955,2317.851726346971,0.0,17.719648783803465,30.153506490209638,22.0,30.0,0.0,17.88790369459235,29.683252009327185,16.0,30.0,0.0,17.425058297408659,31.02600567684971,22.0,30.0,0.0,17.487733803966348,31.614337671280088,16.0,30.0,0.0,15.688380315822993,36.642854182308109,12.0,30.0,0.0,19.0793103964144,29.18874950897004,16.0,30.0,0.0,17.111821501467895,33.00257949559156,10.0,30.0,0.0,15.662060788931507,36.60121196107518,12.0,30.0,0.0,16.38890821862032,34.87984371721966,12.0,30.0,0.0,16.23753094969746,0.0,0.0,0.0,16.77057253958633,0.0,0.0,444.4810013328035,442.77919824795256,447.0769778242966,454.3005695356543,469.010203049404,463.48595445436657,463.16254877452249,467.5494792149975,466.8247574888158,0.0,80.65464256020616,80.65464256020616,60.0,0.0,60.0,60.0,16.0,16.0,16.0,12.0,12.0,12.0,21.0,10.0,0.0,0.0,0.0,0.0,0.0,0.0,0.0,0.0,0.0,0.0,0.0,0.0,0.0,80.65464256020616,80.65464256020616,0.0,0.0,0.0,80.65464256020616,0.0,0.0,0.0005966666666666667 
 03/22  13:30:00,8.14,51.5,7.535,209.0,445.0,0.0,0.0,0.0,0.0,0.0,0.0,0.0,0.0,0.0,0.0,1388.0,0.0,1770.183425588137,87.1188872461625,223.2406040737804,53.078509270108,1412.7691068375517,0.0,87.11888724616246,119.0981237625088,0.0,0.0,17.323541517118316,76.86508375946323,19.372996798006427,-697.6368386627482,17.31671363899879,-42.816101022663819,17.52570780174213,-78.99232595387503,15.528837707094816,25.362437044535115,19.735091456328655,-351.0500196406924,16.691670410811939,156.03456678031808,15.50742886922076,68.63980050343366,16.32843390620244,79.26940104206142,537.358465038938,102.9367120226616,0.0,0.0,0.0,0.0,0.0,0.0,0.0,0.0,0.0,0.0,0.0,0.0,0.0,0.0,0.0,0.0,0.0,0.0,0.0,0.0,0.0,0.0,0.9036046943770389,0.2758256087841999,219.26443490575094,257.53739523238678,4105.818121278692,0.1283913754446972,0.019595753273000183,198.11320097632064,232.27169457058947,3871.122300041917,0.9990341732068481,0.18878196772616186,148.64013634347806,174.82206261216005,2747.9418472703466,0.19754441744425514,0.03732887706807542,76.47325610386756,89.86672177528482,1407.491233550661,0.0,0.0,9.477710651392961,11.202285980927523,143.0938816772507,0.0,0.0,90.37503902068684,105.58087496164005,1952.8214913380085,0.0,0.0,235.47663051599529,276.94591628316257,4216.063615866451,0.0,0.0,31.129516162659564,36.79652080459439,468.4680866760187,0.0,0.0,105.87111948705909,124.82196701603826,1745.731065922328,46.072277637611978,31.59964172675719,242.57748496538916,286.1430659388772,4689.731718143958,0.0,0.0,132.27472498743513,155.74843363143379,2282.7920646570316,0.0,17.558143369465737,30.319348717819897,22.0,30.0,0.0,18.03291552234831,29.35769647870855,16.0,30.0,0.0,17.382930555375795,30.989925380990117,22.0,30.0,0.0,17.411791307116958,31.060108831596084,16.0,30.0,0.0,15.70274537683646,36.439937777809507,12.0,30.0,0.0,19.100552141456768,28.98021851394926,16.0,30.0,0.0,17.15777306267261,32.642407505840569,10.0,30.0,0.0,15.677409856663186,36.36759599130641,12.0,30.0,0.0,16.422055359836106,34.5891414175928,12.0,30.0,0.0,16.319690362122765,0.0,0.0,0.0,16.807550335136339,0.0,0.0,443.0406935755967,442.3259413203849,446.4495172561991,447.649358908472,467.1159211767665,461.4153981110742,460.29345438291468,465.3795641411882,464.37448474480399,0.0,80.65464256020616,80.65464256020616,60.0,0.0,60.0,60.0,16.0,16.0,16.0,12.0,12.0,12.0,21.0,10.0,0.0,0.0,0.0,0.0,0.0,0.0,0.0,0.0,0.0,0.0,0.0,0.0,0.0,80.65464256020616,80.65464256020616,0.0,0.0,0.0,80.65464256020616,0.0,0.0,0.0006133333333333334 
 03/22  13:40:00,8.15,51.66666666666667,7.563333333333334,206.5,417.5,0.0,0.0,0.0,0.0,0.0,0.0,0.0,0.0,0.0,0.0,694.0,0.0,1711.3649050189738,85.19507654759923,218.31078705268508,51.31484343125351,1365.826442436647,0.0,85.19507654759919,116.46812868433799,0.0,0.0,17.36556688259734,122.07883654052148,19.39767316578066,-714.9856182985941,17.310593530407738,61.97782770504273,17.454699111411818,-145.88671186217926,15.550114826834389,25.463640146605657,19.75877650906793,-352.81017747729177,16.719405929888965,154.29900871343126,15.517253419108535,70.04796853374615,16.363271696634386,75.13078189246426,517.3396078091164,100.11542857308268,0.0,0.0,0.0,0.0,0.0,0.0,0.0,0.0,0.0,0.0,0.0,0.0,0.0,0.0,0.0,0.0,0.0,0.0,0.0,0.0,0.0,0.0,0.9016272671320706,0.2752219985140631,210.0402301936721,246.26362690361916,3964.2239117702245,0.12007926122656265,0.018327115571819698,214.38638176298398,250.99797110953603,4208.132685682693,1.0315415749017217,0.19492471181060506,251.47713509076588,295.0853467830143,4625.807833658744,0.1993799787972317,0.03767573295488126,88.10792612047303,103.43626345586678,1596.9461391110702,0.0,0.0,9.503602086221001,11.21268523224178,143.68481557784859,0.0,0.0,90.42668065152704,105.45444976981413,1957.1966731851224,0.0,0.0,234.9808717722727,275.86248252450806,4219.421768767456,0.0,0.0,31.461051469011779,37.123169308287689,474.1276623247058,0.0,0.0,104.60017152191519,123.09950132721575,1731.7045887090438,46.09251495200849,31.613521914957827,249.06187063174134,293.4231000756951,4756.422270352502,0.0,0.0,131.16885100530915,154.17532099560314,2267.92093825998,0.0,17.649676896374829,30.116502634880296,22.0,30.0,0.0,18.081534519381969,29.09442216482531,16.0,30.0,0.0,17.40227115074385,30.797990871403316,22.0,30.0,0.0,17.279540909385177,30.74988661339236,16.0,30.0,0.0,15.722583137264042,36.10872148193433,12.0,30.0,0.0,19.12831931041175,28.73819834720627,16.0,30.0,0.0,17.193874842679088,32.36201717020617,10.0,30.0,0.0,15.697508468943689,36.00603450906743,12.0,30.0,0.0,16.465544415417964,34.218630618418689,12.0,30.0,0.0,16.266585708541215,0.0,0.0,0.0,16.83331449936031,0.0,0.0,442.93511925532229,440.9314962007405,444.93420925722219,442.4488045032029,464.0413088815499,459.03944702272056,458.0211671087232,462.1774428899765,461.4892310816549,0.0,80.65464256020616,80.65464256020616,60.0,0.0,60.0,60.0,16.0,16.0,16.0,12.0,12.0,12.0,21.0,10.0,0.0,0.0,0.0,0.0,0.0,0.0,0.0,0.0,0.0,0.0,0.0,0.0,0.0,80.65464256020616,80.65464256020616,0.0,0.0,0.0,80.65464256020616,0.0,0.0,0.00063 
 03/22  13:50:00,8.16,51.833333333333339,7.591666666666667,204.0,390.0,0.0,0.0,0.0,0.0,0.0,0.0,0.0,0.0,0.0,0.0,694.0,0.0,1648.1932216715514,83.2815536417479,213.4073326220151,49.42065040079984,1315.409568220487,0.0,83.28155364174786,113.85219779877085,0.0,0.0,17.39851289276578,142.31179659118699,19.361621206101345,-795.2122180308743,17.316236106755804,53.37309286050731,17.49287521948193,-0.8979615434109292,15.568325659563648,25.752605276172689,19.771825988589137,-347.15048742478396,16.740860782518234,152.60587373208547,15.522856458186054,71.09081701751529,16.389645189242665,74.14314884158785,456.25340196193158,105.35411282016412,0.0,0.0,0.0,0.0,0.0,0.0,0.0,0.0,0.0,0.0,0.0,0.0,0.0,0.0,0.0,0.0,0.0,0.0,0.0,0.0,0.0,0.0,0.8837910651895248,0.2697774924265949,222.53232243843937,260.8348293991139,4222.785618925652,0.10768738573115316,0.016435803683020935,229.857626345104,269.14521340690876,4478.33331164631,1.0333582126948642,0.19526799181686783,164.90989146376837,193.47745130813864,3044.975548065899,0.21763208411400279,0.04112473244784632,130.68977246790218,153.3460661905778,2391.162228423245,0.0,0.0,9.48189500492443,11.185906100686264,143.41881582093056,0.0,0.0,90.13643587563988,105.10337514687065,1952.0707177346256,0.0,0.0,235.62777126372689,276.5817870888328,4236.360542188575,0.0,0.0,31.758305339625534,37.4701685719872,478.6301131794469,0.0,0.0,105.58391588039126,124.23719109527703,1751.5607097995385,46.12608902669771,31.63654940102725,181.7995041812203,214.3165625181687,3582.26124199221,0.0,0.0,132.2458903500912,155.42073653914859,2289.1262420038849,0.0,17.717451474425237,29.811974108431085,22.0,30.0,0.0,18.01744265574605,29.221910533971035,16.0,30.0,0.0,17.429231616466987,30.57861708060526,22.0,30.0,0.0,17.385624729573416,30.864868544705776,16.0,30.0,0.0,15.73699287881698,35.87055477274025,12.0,30.0,0.0,19.146588009289567,28.552521677336374,16.0,30.0,0.0,17.21686226878138,32.185264039799339,10.0,30.0,0.0,15.708893222001482,35.80829487238994,12.0,30.0,0.0,16.49419692619095,34.001633183999967,12.0,30.0,0.0,16.07162857590151,0.0,0.0,0.0,16.85464647910464,0.0,0.0,441.44841020877279,441.05700298339567,443.4356236973774,445.4024094359511,461.8952752698029,457.1858667706773,456.6426654239937,460.45539159579939,459.8621135412028,0.0,80.65464256020616,80.65464256020616,60.0,0.0,60.0,60.0,16.0,16.0,16.0,12.0,12.0,12.0,21.0,10.0,0.0,0.0,0.0,0.0,0.0,0.0,0.0,0.0,0.0,0.0,0.0,0.0,0.0,80.65464256020616,80.65464256020616,0.0,0.0,0.0,80.65464256020616,0.0,0.0,0.0006266666666666667 
 03/22  14:00:00,8.17,52.0,7.62,201.5,362.5,0.0,0.0,0.0,0.0,0.0,0.0,0.0,0.0,0.0,0.0,694.0,0.0,1507.286041370593,80.4229043641569,206.08204641482164,45.195599622686078,1202.9528582811507,0.0,80.42290436415688,109.94420750851224,0.0,0.0,17.32197316287484,77.18631415016444,19.31443563774583,-746.9627180897896,17.323582511845879,66.74544791008975,17.52127488738472,-7.729211035506523,15.578645214095915,26.38539317548083,19.748263343420278,-342.675732429645,16.76480139239748,154.33690827410556,15.527281369010554,72.53087709351223,16.412739199898725,72.91923996869036,462.3879749859625,109.2812709379159,0.0,0.0,0.0,0.0,0.0,0.0,0.0,0.0,0.0,0.0,0.0,0.0,0.0,0.0,0.0,0.0,0.0,0.0,0.0,0.0,0.0,0.0,0.8821411046359274,0.26927384146395835,216.2072618298408,253.5361832751753,4033.1371132216697,0.12505014983690455,0.019085798204655763,195.70393647253276,229.15590137798285,3804.128704680107,1.0388093897889295,0.19629807063282879,170.81708094715408,200.3749264886589,3160.1448137286936,0.20926924306467274,0.03954445258213769,76.42710361793819,89.65357702443076,1406.1276854242979,0.0,0.0,9.595467763409598,11.319010027221986,145.03763395615548,0.0,0.0,89.75897673817244,104.65733415905916,1941.3623046238125,0.0,0.0,235.968164630956,276.9381637378005,4250.295339108462,0.0,0.0,32.069261598087,37.83357617474549,483.2241721285732,0.0,0.0,104.971868537031,123.49915984406097,1744.115465125396,46.219740799917648,31.700782441644486,173.82471446238044,204.89114883468543,3454.176438762401,0.0,0.0,131.88570805104104,154.9837882966706,2281.741220566018,0.0,17.559966448939329,30.087960021156009,22.0,30.0,0.0,18.003552539835725,28.996811420695829,16.0,30.0,0.0,17.4607665013723,30.342670469739269,22.0,30.0,0.0,17.439651257461106,30.647898085303767,16.0,30.0,0.0,15.742690179417857,35.67121001302507,12.0,30.0,0.0,19.1431532956639,28.453511648711335,16.0,30.0,0.0,17.245354748923366,31.957201395543846,10.0,30.0,0.0,15.718425021410282,35.60486196613579,12.0,30.0,0.0,16.518703957825538,33.78181939173122,12.0,30.0,0.0,16.07271000383118,0.0,0.0,0.0,16.8612790168624,0.0,0.0,441.2399286554899,438.4441438435054,441.96009342940666,444.4626608807844,459.9860410848371,455.9190683665151,454.89602321330639,458.64651215756256,458.1217868575207,0.0,80.65464256020616,80.65464256020616,60.0,0.0,60.0,60.0,16.0,16.0,16.0,12.0,12.0,12.0,21.0,10.0,0.0,0.0,0.0,0.0,0.0,0.0,0.0,0.0,0.0,0.0,0.0,0.0,0.0,80.65464256020616,80.65464256020616,0.0,0.0,0.0,80.65464256020616,0.0,0.0,0.0006233333333333334 
 03/22  14:10:00,8.056666666666667,53.16666666666667,7.773333333333333,199.0,335.0,0.0,0.0,0.0,0.0,0.0,0.0,0.0,0.0,0.0,0.0,694.0,0.0,1437.6757994325706,78.46384434143799,201.06190913582032,43.108350307886997,1147.3974473672968,0.0,78.46384434143795,107.26602393180179,0.0,0.0,17.362329218258297,137.83693905411838,19.22287181027333,-809.2242959348778,17.286090549605356,18.066168865137116,17.53894236115589,-5.279919394896126,15.59052004036132,26.286190092132075,19.72843750939559,-335.0003921832413,16.766216143155977,144.00731428457494,15.529229856376313,72.43948282400027,16.432536124692854,70.47371474861257,496.73497378026789,116.88845901696823,0.0,0.0,0.0,0.0,0.0,0.0,0.0,0.0,0.0,0.0,0.0,0.0,0.0,0.0,0.0,0.0,0.0,0.0,0.0,0.0,0.0,0.0,0.957502375591607,0.29227789242723048,218.4265151967014,256.0875690580136,4164.217607193641,0.12755139627390534,0.019467551323856127,226.30367740715446,265.11014638083779,4397.107557675803,1.001368629578169,0.18922309704802899,107.8382630493599,126.53392634267419,2013.4367026781125,0.20102945426037589,0.03798742521926981,8.645614391568536,10.141168074049988,164.91983716578893,0.0,0.0,9.450401086845523,11.148865918025777,145.07788746634976,0.0,0.0,89.46281889630109,104.32616798924106,1953.7011559040639,0.0,0.0,232.70782621856237,273.1514267312516,4237.134997214562,0.0,0.0,31.97901924460257,37.730253287353907,489.41719431822869,0.0,0.0,104.67953834995632,123.15925075881262,1766.899613953078,47.18555256450179,32.36320477675021,177.3660438553941,209.07426343819572,3582.905929242366,0.0,0.0,131.92714237777427,155.0499053295566,2311.7590414494554,0.0,17.65291900724085,29.683311781020906,22.0,30.0,0.0,17.882027108851024,29.327923477596884,16.0,30.0,0.0,17.400813807585004,30.45097889995561,22.0,30.0,0.0,17.475370868793094,30.652513884242567,16.0,30.0,0.0,15.747678337919855,35.48568303621803,12.0,30.0,0.0,19.135279459926296,28.311156034203124,16.0,30.0,0.0,17.229773344388719,31.897454545111139,10.0,30.0,0.0,15.723345774291757,35.44585073592525,12.0,30.0,0.0,16.538387741226939,33.59766259513198,12.0,30.0,0.0,16.089157573841356,0.0,0.0,0.0,16.859305080504979,0.0,0.0,438.8294319218149,439.1875575108642,441.82409953917758,445.32527938987087,458.1982933514186,454.04743869266357,453.85555997172608,457.14746643187899,456.62356901428719,0.0,80.65464256020616,80.65464256020616,60.0,0.0,60.0,60.0,16.0,16.0,16.0,12.0,12.0,12.0,21.0,10.0,0.0,0.0,0.0,0.0,0.0,0.0,0.0,0.0,0.0,0.0,0.0,0.0,0.0,80.65464256020616,80.65464256020616,0.0,0.0,0.0,80.65464256020616,0.0,0.0,0.00062 
 03/22  14:20:00,7.943333333333333,54.333333333333339,7.926666666666668,196.5,307.5,0.0,0.0,0.0,0.0,0.0,0.0,0.0,0.0,0.0,0.0,694.0,0.0,1365.5545565208393,76.52239120280319,196.0868912349268,40.94581035015267,1089.8380387741736,0.0,76.52239120280315,104.61191030049592,0.0,0.0,17.27644403014114,60.740068527123188,19.22861060504127,-645.0869514969663,17.28144862408177,57.528115775646259,17.447342875287747,-150.75086607712957,15.601967935133704,26.702853548828615,19.696249691832095,-334.20712955103866,16.786241099245929,149.95640565658506,15.530117388032228,72.86346939302234,16.447771586475754,65.33076054295998,529.5957762713042,117.79571163517085,0.0,0.0,0.0,0.0,0.0,0.0,0.0,0.0,0.0,0.0,0.0,0.0,0.0,0.0,0.0,0.0,0.0,0.0,0.0,0.0,0.0,0.0,0.9667021994061039,0.2950861414548547,188.62214890406089,221.28876851697044,3578.0673864246284,0.15269301192033814,0.023304794249135859,172.67813842092228,202.24111921710597,3427.2933665767525,1.0500269522554287,0.19841779143148698,208.1138523920762,244.2041291967714,3921.4669743410875,0.2049462346141747,0.03872755756125749,67.7521505060925,79.53606537392047,1258.5381328146889,0.0,0.0,9.703107952080986,11.447957974505063,151.25099223607107,0.0,0.0,89.19620291040464,104.03295833147982,1963.8869866420619,0.0,0.0,232.31827314721756,272.7009168121128,4293.805897160067,0.0,0.0,32.30755061093485,38.1214530495327,501.96018244473319,0.0,0.0,101.61832009656392,119.56479342841387,1740.6442792042113,48.058698908759627,32.962070582139677,205.5839772103548,242.33540345422439,4112.328339747004,0.0,0.0,129.13491654179564,151.79675396656649,2285.2082198530576,0.0,17.478186250002808,30.117367191381427,22.0,30.0,0.0,17.979462164778146,29.029142290847277,16.0,30.0,0.0,17.413118092791338,30.376377741600277,22.0,30.0,0.0,17.293751270774398,30.486068232148296,16.0,30.0,0.0,15.752703282043333,35.317629286697499,12.0,30.0,0.0,19.111470086519089,28.28493346724772,16.0,30.0,0.0,17.255233428972287,31.651618802027906,10.0,30.0,0.0,15.726415798206923,35.26706755660618,12.0,30.0,0.0,16.550831448154854,33.416736857356848,12.0,30.0,0.0,16.10505141154581,0.0,0.0,0.0,16.831899184571357,0.0,0.0,439.43001212198859,437.262927697211,441.2348305895507,439.2390829858258,456.5981324663654,453.14019410919527,451.7760042327267,455.4735435969329,455.0358890287423,0.0,80.65464256020616,80.65464256020616,60.0,0.0,60.0,60.0,16.0,16.0,16.0,12.0,12.0,12.0,21.0,10.0,0.0,0.0,0.0,0.0,0.0,0.0,0.0,0.0,0.0,0.0,0.0,0.0,0.0,80.65464256020616,80.65464256020616,0.0,0.0,0.0,80.65464256020616,0.0,0.0,0.0006366666666666667 
 03/22  14:30:00,7.83,55.5,8.08,194.0,280.0,0.0,0.0,0.0,0.0,0.0,0.0,0.0,0.0,0.0,0.0,694.0,0.0,1291.4337111955279,74.60181210233545,191.1653652593371,38.723313861012289,1030.682775054312,0.0,74.6018121023354,101.98633306192449,0.0,0.0,17.34706277804711,147.00574124130254,19.10430290815999,-808.7512393050056,17.22373906419623,-7.883482617563914,17.474377951839985,2.8821830910828796,15.61179117245694,26.092012978274796,19.659745149396124,-322.41379598072037,16.78056996611719,137.4181980508556,15.5280230908991,71.1207239583481,16.459521275480428,60.58708611809561,534.4882667676611,130.52664798391926,0.0,0.0,0.0,0.0,0.0,0.0,0.0,0.0,0.0,0.0,0.0,0.0,0.0,0.0,0.0,0.0,0.0,0.0,0.0,0.0,0.0,0.0,1.0011574560376886,0.30560361905912356,232.10983173920236,272.1885227961132,4521.743513568752,0.12914765471556279,0.01971118051214328,241.95507541294766,283.57170035474055,4770.2964021156199,1.0458485686602315,0.1976282253704142,115.12630689043719,135.14882727120904,2182.4386473802885,0.21758323468939515,0.041115501641986979,120.5375087118251,141.46381982663812,2284.6588668339829,0.0,0.0,9.436259675430052,11.134174658262298,149.27775483557378,0.0,0.0,88.76363448236524,103.54780190996937,1970.5943295600742,0.0,0.0,229.22608157104387,269.11839752343556,4276.64883381766,0.0,0.0,32.23284980092236,38.03730085643621,507.93338447531826,0.0,0.0,102.44190176913993,120.54230950901843,1779.4439915710157,48.694444071191899,33.39810978819747,202.76474656315444,239.08200540507648,4105.158124479675,0.0,0.0,130.07163035378,152.92694018465017,2325.38090432045,0.0,17.634587028578186,29.693740907332594,22.0,30.0,0.0,17.795674971597756,29.477696491751176,16.0,30.0,0.0,17.315089724197337,30.481529355559819,22.0,30.0,0.0,17.384788865487569,30.464812787287099,16.0,30.0,0.0,15.755296361656788,35.147356062902968,12.0,30.0,0.0,19.089464081569078,28.15344011519432,16.0,30.0,0.0,17.228467750319309,31.656137134616825,10.0,30.0,0.0,15.723631208095885,35.15264107314311,12.0,30.0,0.0,16.558550289524054,33.276883082575327,12.0,30.0,0.0,16.045931458057614,0.0,0.0,0.0,16.80871494432122,0.0,0.0,437.5024274676362,437.6991164903316,439.7665529633987,441.5257338070897,454.9478856018233,451.04151031935916,451.1039916190597,454.25461834061709,453.7285771810039,0.0,80.65464256020616,80.65464256020616,60.0,0.0,60.0,60.0,16.0,16.0,16.0,12.0,12.0,12.0,21.0,10.0,0.0,0.0,0.0,0.0,0.0,0.0,0.0,0.0,0.0,0.0,0.0,0.0,0.0,80.65464256020616,80.65464256020616,0.0,0.0,0.0,80.65464256020616,0.0,0.0,0.0006533333333333334 
 03/22  14:40:00,7.716666666666667,56.666666666666667,8.233333333333333,189.0,266.8333333333333,0.0,0.0,0.0,0.0,0.0,0.0,0.0,0.0,0.0,0.0,1388.0,0.0,1246.4351211316844,72.45685579751518,185.66892177162053,37.37403819943643,994.7697183520625,0.0,72.45685579751515,99.05401517390061,0.0,0.0,17.25416884759958,53.2935069828668,19.07565538067459,-702.8252140472346,17.216862073046256,38.41401942136031,17.453481562313465,-56.56655856210256,15.623126608505743,25.965351955982756,19.629311952964298,-320.9130079739591,16.78884146677951,137.118257029525,15.524480466614655,68.9544407595373,16.465968151089557,51.44768285153009,538.6524883367906,135.3532580080514,0.0,0.0,0.0,0.0,0.0,0.0,0.0,0.0,0.0,0.0,0.0,0.0,0.0,0.0,0.0,0.0,0.0,0.0,0.0,0.0,0.0,0.0,1.0161871818439204,0.31019144744930418,221.36805926531296,260.15673363109218,4281.822244776815,0.1510423430574041,0.023052860661996967,197.67203662546224,231.95127546463267,3947.989800618833,1.0841591477079087,0.20486756381479766,148.07965032742608,174.2176376047841,2840.801924664148,0.21511706248149912,0.04064948270625454,29.369496640104548,34.56910698717364,563.2534134419469,0.0,0.0,9.582588076579598,11.32621316663838,153.80322848537268,0.0,0.0,88.14143891784666,103.0017180226325,1972.3160275717683,0.0,0.0,227.97207161574603,268.0983380563073,4305.634290397656,0.0,0.0,32.48229034355177,38.39773938647363,518.796415065773,0.0,0.0,100.07000150361597,117.95022160955637,1760.3596498038058,49.39189263843339,33.87646957368546,199.13563425831723,235.24484696900647,4079.7685915186809,0.0,0.0,127.97201787680572,150.73337104697687,2305.18799841654,0.0,17.440932230482497,30.13183511571633,22.0,30.0,0.0,17.825089018967643,29.411542082086379,16.0,30.0,0.0,17.32738018257672,30.405957508103719,22.0,30.0,0.0,17.344982220319655,30.48199880231442,16.0,30.0,0.0,15.759384689258738,35.01262354897742,12.0,30.0,0.0,19.066692414750553,28.10303592726639,16.0,30.0,0.0,17.232758719136784,31.466939018793576,10.0,30.0,0.0,15.71871250539915,34.9896723249118,12.0,30.0,0.0,16.558032244898145,33.10080700376831,12.0,30.0,0.0,15.976963131305343,0.0,0.0,0.0,16.763807378923347,0.0,0.0,436.74325962565276,435.9420484478188,438.50861063663435,439.50463673556978,453.6482671985365,449.71914440114787,448.8768072398468,452.5271214893502,451.84881721625507,0.0,80.65464256020616,80.65464256020616,60.0,0.0,60.0,60.0,16.0,16.0,16.0,12.0,12.0,12.0,21.0,10.0,0.0,0.0,0.0,0.0,0.0,0.0,0.0,0.0,0.0,0.0,0.0,0.0,0.0,80.65464256020616,80.65464256020616,0.0,0.0,0.0,80.65464256020616,0.0,0.0,0.0006699999999999999 
 03/22  14:50:00,7.6033333333333339,57.833333333333339,8.386666666666667,184.0,253.66666666666669,0.0,0.0,0.0,0.0,0.0,0.0,0.0,0.0,0.0,0.0,694.0,0.0,1199.9916634232623,70.30449686003887,180.15351069782623,35.98143912425546,957.703530790179,0.0,70.30449686003883,96.11157732580713,0.0,0.0,17.260375045753187,85.91232083977411,19.023533510751787,-659.1060448244016,17.194111713893617,41.88507177040265,17.40872260512477,-101.47907269287748,15.635568015792807,25.79793730933045,19.589736285309969,-317.7540937835215,16.7907911624429,137.38392056230078,15.517966248525794,68.56431736971786,16.469539681903244,48.018203523202377,509.84112219039437,142.3610467124936,0.0,0.0,0.0,0.0,0.0,0.0,0.0,0.0,0.0,0.0,0.0,0.0,0.0,0.0,0.0,0.0,0.0,0.0,0.0,0.0,0.0,0.0,1.0429462148381586,0.31835965043899835,177.55037367916885,208.35514554940597,3486.3410552921088,0.16486789119015902,0.025162987055885077,181.9613982837858,213.2927799762828,3670.2039054806866,1.1064333985237798,0.20907660591908168,175.19824962675095,205.70852969811703,3387.8270867058765,0.21746209561649605,0.04109261066071353,45.90880078203913,53.90910672821732,883.4974775533719,0.0,0.0,9.685723968299796,11.430455663844122,157.81735342754355,0.0,0.0,87.96183737764581,102.65323106832399,1982.215268117105,0.0,0.0,227.87080135999563,267.5843779141233,4353.567138415202,0.0,0.0,32.55571865100581,38.42870614846212,526.8447013287051,0.0,0.0,98.74529283514527,116.21907476198844,1759.2256564914488,50.05015468453267,34.32795245852722,170.48883540189403,201.21484074162795,3598.1453762457515,0.0,0.0,126.7922415003332,149.15000089626637,2300.6846319150479,0.0,17.463184940633544,30.167044160410187,22.0,30.0,0.0,17.793528385229313,29.46032386413662,16.0,30.0,0.0,17.303570495744194,30.45810273657064,22.0,30.0,0.0,17.271240623831337,30.57410819786864,16.0,30.0,0.0,15.766034830007353,34.79832779276993,12.0,30.0,0.0,19.028789774064525,28.068549445248775,16.0,30.0,0.0,17.22689162062283,31.35278063357706,10.0,30.0,0.0,15.708724853212877,34.789108235915019,12.0,30.0,0.0,16.55498392167823,32.92360826651764,12.0,30.0,0.0,15.806145704314304,0.0,0.0,0.0,16.712681269168454,0.0,0.0,436.2714528502088,434.39574844897148,437.32635419754276,436.8725850712855,451.4998324783496,448.07247973618339,447.0696048480351,450.1861732716136,449.7496770380234,0.0,80.65464256020616,80.65464256020616,60.0,0.0,60.0,60.0,16.0,16.0,16.0,12.0,12.0,12.0,21.0,10.0,0.0,0.0,0.0,0.0,0.0,0.0,0.0,0.0,0.0,0.0,0.0,0.0,0.0,80.65464256020616,80.65464256020616,0.0,0.0,0.0,80.65464256020616,0.0,0.0,0.0006466666666666667 
 03/22  15:00:00,7.49,59.0,8.54,179.0,240.5,0.0,0.0,0.0,0.0,0.0,0.0,0.0,0.0,0.0,0.0,694.0,0.0,1152.381488287178,68.14539230454303,174.6208159171556,34.55385686956048,919.7062014756079,0.0,68.14539230454298,93.1599177064636,0.0,0.0,17.270414628792297,105.61139195510168,18.93069896590599,-745.09090883117,17.171288623108859,33.35630694960946,17.425023024499795,-7.655759338524604,15.647485496427969,25.425645492485559,19.55270832337556,-308.65757269085227,16.788294308402628,130.55928262477119,15.510716679482137,66.26539374377762,16.470810696378444,41.49916838735771,489.8292996902401,156.66432052669189,0.0,0.0,0.0,0.0,0.0,0.0,0.0,0.0,0.0,0.0,0.0,0.0,0.0,0.0,0.0,0.0,0.0,0.0,0.0,0.0,0.0,0.0,1.065694371227615,0.32530353212076165,193.44138182219866,227.00070374183947,3851.281178775414,0.1613854258065539,0.024631475245200538,201.702186196814,236.54200377408709,4067.3411297822337,1.138867584544319,0.21520551484208606,133.37575677355864,156.62599742306763,2608.7266112068625,0.22719849303029203,0.04293244388327512,67.74524593358442,79.53987251568539,1325.2521304352356,0.0,0.0,9.645614872302307,11.384004870996156,159.46316799677559,0.0,0.0,87.2780819101858,101.87482796249955,1981.7979810367697,0.0,0.0,227.91766620630316,267.67595409535229,4399.171806647577,0.0,0.0,32.78378289675771,38.702844605963509,537.2742088973948,0.0,0.0,99.67543923799608,117.32666267623296,1797.2150401540885,50.71031577026999,34.78073783969136,149.221675487925,176.21485906857306,3249.647633968423,0.0,0.0,128.0235967189965,150.63636050752513,2340.909072120793,0.0,17.491116636461589,30.05615041028047,22.0,30.0,0.0,17.673697114597134,29.79440777645869,16.0,30.0,0.0,17.278486045751327,30.56236236744409,22.0,30.0,0.0,17.332457429032197,30.460337234877639,16.0,30.0,0.0,15.772037657913878,34.64767828733706,12.0,30.0,0.0,19.000801589979614,28.015541446665844,16.0,30.0,0.0,17.211373357929234,31.334464687268928,10.0,30.0,0.0,15.697725507722029,34.72514739600065,12.0,30.0,0.0,16.549051435255718,32.85407020504662,12.0,30.0,0.0,15.657100529885481,0.0,0.0,0.0,16.667663514351149,0.0,0.0,434.6726245767345,434.11077698678278,436.65697400367449,437.7954278741798,449.9234898711476,446.47475765434197,446.14200871192056,449.0570133988403,448.61799368570726,0.0,80.65464256020616,80.65464256020616,60.0,0.0,60.0,60.0,16.0,16.0,16.0,12.0,12.0,12.0,21.0,10.0,0.0,0.0,0.0,0.0,0.0,0.0,0.0,0.0,0.0,0.0,0.0,0.0,0.0,80.65464256020616,80.65464256020616,0.0,0.0,0.0,80.65464256020616,0.0,0.0,0.0006233333333333334 
 03/22  15:10:00,7.291666666666667,61.0,8.365,174.0,227.33333333333335,0.0,0.0,0.0,0.0,0.0,0.0,0.0,0.0,0.0,0.0,6950.0,0.0,1103.889551226357,65.97996123283162,169.07191166152368,33.09983572103843,881.0051507241803,0.0,65.97996123283159,90.19960925981012,0.0,0.0,18.316459106809519,-869.0132771993865,19.1469188104604,297.6404590550584,18.565234394700597,-2330.762599172406,17.70039796736308,829.9853294995013,15.660067852894214,30.2291090024557,19.523163987478286,-282.09280489824689,16.863631953699796,243.2225044963304,15.503713639621442,65.83500019854623,16.470706218831866,40.73325263638931,972.2099062034201,198.5775643684775,0.0,0.0,0.0,0.0,0.0,0.0,0.0,0.0,0.0,0.0,0.0,0.0,0.0,0.0,0.0,0.0,0.0,0.0,0.0,0.0,0.0,0.0,1.171649625152752,0.3576464057242833,342.51409048789409,400.59583373359069,8025.372418365094,0.2844767345917504,0.04341830503537094,271.76205126328787,318.8029365536844,5897.770805647423,1.0422609821250604,0.19695029896543099,480.3812646605773,561.157421144412,11555.083537842209,0.31271663441548727,0.059092334545632497,348.37014782928028,409.0582238764587,7370.2567884229,0.0,0.0,10.952140054386542,12.9617913191517,185.4894442190938,0.0,0.0,82.74832079096463,96.87076659358682,1909.236643495125,0.0,0.0,253.65071904607033,298.5681111012076,5065.668785800272,0.0,0.0,34.25971087168499,40.56054891000811,574.2349665416393,0.0,0.0,111.34602447961122,131.4240170864458,2049.7037605166949,51.00415235730099,34.982271850000689,608.6155705376662,716.6487462736853,12882.777192779165,0.0,0.0,140.38339964902026,165.63406964947195,2619.9686062073485,1993.9696917444954,19.0306769751212,27.55059187091087,21.999999999999998,30.0,0.0,18.196509411543958,28.977569100160204,15.999999999999999,30.0,4422.109962676361,19.32769258910767,27.043255570191925,21.999999999999998,30.0,0.0,17.89473536415048,29.543015819664928,15.999999999999999,30.0,0.0,15.779956270009006,34.533150376214177,12.0,30.0,0.0,18.992800140895786,27.960635620837736,15.999999999999999,30.0,0.0,17.353867265991043,30.925941444676817,10.0,30.0,0.0,15.689695371332819,34.61532825102978,12.0,30.0,0.0,16.544266437004777,32.71802721912319,15.999999999999999,30.0,0.0,17.01263340803323,0.0,0.0,0.0,16.66048935151339,0.0,0.0,434.19727293554515,434.2233392717078,434.18387502716475,435.000033044169,448.49735408729529,444.57666894507869,442.7067738179668,447.19123748811128,446.19528822032228,10440.035780686943,81.10168263961983,85.26748074727304,60.0,0.0,60.0,60.0,16.0,16.0,16.0,16.0,12.0,12.0,21.0,10.0,1.0,0.0,1993.9696917444954,0.0,4422.109962676361,0.0,0.0,0.0,0.0,0.0,6304.449800036378,3782669.8800218265,4926636.614294125,81.10168263961983,85.33822982864162,0.34614832666787928,0.767035498094035,0.3602813740196596,85.33822982864162,0.3542647819438876,4926636.614294125,0.2567851039432945 
 03/22  15:20:00,7.093333333333334,63.0,8.19,169.0,214.16666666666667,0.0,0.0,0.0,0.0,0.0,0.0,0.0,0.0,0.0,0.0,2085.0,0.0,989.8571714727339,62.837019864412038,161.01819441959518,29.680619220175957,789.9970030340045,0.0,62.837019864412,85.90297012785389,0.0,0.0,19.024282394542334,-1284.01701638329,19.726343223529186,254.41653835201024,19.381604643802015,-3282.6160985070907,18.394414186371376,673.1256051690868,15.67684898071266,34.36218618023799,19.485679863855109,-244.53976703806945,17.04947097888237,227.34442679202756,15.500037692447443,71.73500469302224,16.47791308369331,53.74234619442039,1153.1002034542528,260.6442874003577,0.0,0.0,0.0,0.0,0.0,0.0,0.0,0.0,0.0,0.0,0.0,0.0,0.0,0.0,0.0,0.0,0.0,0.0,0.0,0.0,0.0,0.0,1.2893530391641979,0.3935754087802801,388.0669197020534,452.19979380524117,9957.780921786483,0.32253580147010538,0.049227075926450748,306.9848180961658,358.7950680382819,7353.1855566019789,1.1217738319038145,0.21197540285408435,533.3217012276309,620.7137809437913,14053.280266130896,0.3389445196029564,0.06404847309201742,388.4487327448569,454.3825220575687,9142.991987851834,0.0,0.0,11.420289269709049,13.506536628682753,198.36768226879912,0.0,0.0,78.86911251205339,92.26207053994159,1852.7177675478438,0.0,0.0,274.6322110033003,322.7456237012789,5738.47615922156,0.0,0.0,36.294224989753349,42.940025117859168,622.6822051254138,0.0,0.0,127.50431083020784,150.39137734023238,2400.4392652981166,51.03728249724622,35.00499485407833,685.9872789053604,805.7407245186709,15620.234294720827,0.0,0.0,158.61352541595796,186.97795659443202,3041.9926633667676,1847.1699000776335,20.127556555307757,25.78073232306587,21.999999999999994,29.99999999999999,0.0,19.251855279452707,27.197181498943544,15.999999999999993,29.99999999999999,4178.220852175844,20.537824487641829,25.138936282738745,21.999999999999994,29.99999999999999,0.0,19.04316577064009,27.554559744187345,15.999999999999993,29.99999999999999,0.0,15.7989998953143,34.32180422492312,11.999999999999995,29.99999999999999,0.0,19.006109141914295,27.87174844650761,15.999999999999993,29.99999999999999,0.0,17.63400863505675,30.334491753614395,9.999999999999997,29.99999999999999,0.0,15.688528385554239,34.45004225006967,11.999999999999995,29.99999999999999,0.0,16.55512534667337,32.5615048471609,15.999999999999993,29.99999999999999,0.0,17.822315679744667,0.0,0.0,0.0,16.7216417527178,0.0,0.0,434.09083534493916,434.3497230711449,433.6910857496874,434.1489064625175,445.62876065848948,442.40799107374206,441.02213944833309,444.0710779455352,443.3004686918216,12841.099628325352,79.51303950445797,87.85827027721369,59.99999999999998,0.0,59.99999999999998,59.99999999999998,16.0,16.0,16.0,16.0,12.0,12.0,21.0,10.0,1.0,0.0,1847.1699000776335,0.0,4178.220852175844,0.0,0.0,0.0,0.0,0.0,12626.657073590992,7575994.244154597,9872596.42983414,79.51303950445797,87.99999999999997,0.42088856911969976,0.7674036658659202,0.36028137401965945,87.99999999999997,0.35426478194388735,9872596.42983414,0.5139950143513753 
 03/22  15:30:00,6.895,65.0,8.015,164.0,201.0,0.0,0.0,0.0,0.0,0.0,0.0,0.0,0.0,0.0,0.0,2085.0,0.0,942.4893914997304,60.53265374426392,155.11328153211506,28.260306005540067,752.193136940577,0.0,60.53265374426389,82.75272693666092,0.0,0.0,19.616642117087488,-1216.5360376497848,20.239781083498209,584.18128492059,20.165621198734877,-2833.787325657651,18.97534606289893,968.9341608887366,15.701231980019692,42.69426940655543,19.485723764507257,-185.66679848837925,17.247832790503055,304.5156261871433,15.514393231790344,89.25093711284903,16.50916319082411,98.44132348964766,1457.1814783624196,377.2866708833167,0.0,0.0,0.0,0.0,0.0,0.0,0.0,0.0,0.0,0.0,0.0,0.0,0.0,0.0,0.0,0.0,0.0,0.0,0.0,0.0,0.0,0.0,1.512773806695927,0.46177466626859789,440.318089799488,511.7569532064061,12070.782455982966,0.36531722763284227,0.05575659762406015,322.01455739159089,375.11135693965937,8413.514310246363,1.2492212853776448,0.23605844394891246,515.102124922195,597.2152222426572,14844.282406394199,0.36600099381808295,0.06916118552873822,394.25390493997215,459.56465737179868,10176.981046470875,0.0,0.0,11.938522325134823,14.118660688801495,212.73296618854614,0.0,0.0,72.8768591576389,85.23323799958436,1748.975025879679,0.0,0.0,302.0980332656946,354.6524083654616,6620.689335235198,0.0,0.0,39.68694616117963,46.95356053472246,698.8566790780749,0.0,0.0,151.37665136021506,178.5430285231527,2925.3439191193399,51.43237951350606,35.27598046193831,717.8038238819095,839.8591148688579,18211.127022798453,0.0,0.0,186.17769133504613,219.39325216529668,3695.4511565295126,1888.6705057006146,20.93148975803123,24.68751939281437,21.999999999999994,29.99999999999999,0.0,20.170884642418455,25.818642042696085,15.999999999999993,29.99999999999999,4153.514785834157,21.710186216255349,23.52945661307752,21.999999999999994,29.99999999999999,0.0,20.019557915890585,26.07549298360233,15.999999999999993,29.99999999999999,0.0,15.826912808548887,34.1448768533576,11.999999999999995,29.99999999999999,0.0,19.0677755797515,27.71026099232216,15.999999999999993,29.99999999999999,0.0,17.96572031536572,29.677378894563725,9.999999999999997,29.99999999999999,0.0,15.718277447340974,34.27044634797048,11.999999999999995,29.99999999999999,0.0,16.60999163378493,32.350180666043659,15.999999999999993,29.99999999999999,0.0,18.921005962967564,0.0,0.0,0.0,16.869297428800438,0.0,0.0,433.42637259773337,433.86649375977256,433.14539994717037,433.43568104358459,443.03293846373335,439.8420534453029,438.3551893051805,440.919701899546,440.07946721196086,11507.424578643415,80.39561554902758,87.87300903535925,59.99999999999998,0.0,59.99999999999998,59.99999999999998,16.0,16.0,16.0,16.0,12.0,12.0,21.0,10.0,1.0,0.0,1888.6705057006146,0.0,4153.514785834157,0.0,0.0,0.0,0.0,0.0,11315.254001630372,6789152.400978226,8869407.126172064,80.39561554902758,87.99999999999997,0.37717513338767907,0.765586395430013,0.36028137401965945,87.99999999999997,0.35426478194388735,8869407.126172064,0.4618491705609474 
 03/22  15:40:00,6.696666666666666,67.0,7.84,153.33333333333335,183.16666666666667,0.0,0.0,0.0,0.0,0.0,0.0,0.0,0.0,0.0,0.0,3475.0,0.0,865.1774004478962,56.54774120929381,144.9020120872597,25.942123936292299,690.4910469835226,0.0,56.54774120929378,77.30504938619326,0.0,0.0,19.890240596937749,-1042.1008088405357,20.53396543186348,232.25069571908518,20.219114381133197,-2128.3325734517704,19.25640073398484,637.1564489400386,15.726189976672629,45.43328016830175,19.478043672654466,-158.60630553470029,17.362829651627274,244.22863548914104,16.16767820066239,5.245109127151704,16.550293202327418,112.9710426083335,1451.1629386435953,438.2689338669541,0.0,0.0,0.0,0.0,0.0,0.0,0.0,0.0,0.0,0.0,0.0,0.0,0.0,0.0,0.0,0.0,0.0,0.0,0.0,0.0,0.0,0.0,1.5262459768536275,0.46588705032162017,365.38090840730737,424.3539916578469,10442.967368632653,0.3367065954116712,0.05138989551460183,251.75499051433193,293.01749850443556,6866.992669227973,1.3675036617756656,0.25840961106871998,452.40096164728097,525.0491202159392,13061.936314162887,0.3559652479253332,0.06726478607810528,336.9811826143148,392.54296614661839,9023.208690437536,0.0,0.0,11.833620382358735,13.999833951369059,216.14904401363297,0.0,0.0,68.64401828182815,80.30556500304763,1680.839117773574,0.0,0.0,301.1758188133284,353.5759635597782,6792.954794602833,0.0,0.0,28.68393282167844,33.83686972300643,576.1672210589787,0.0,0.0,164.07041213574179,193.55490035058339,3255.185484532144,50.9281675090222,34.93015604185337,579.3553116834683,677.8485349757511,15325.669271753664,0.0,0.0,191.65782838265873,225.91543506683656,3899.0619201669007,1854.8708204878258,21.27279762422745,24.293335153313174,22.0,30.0,0.0,20.604704068305229,25.254105530965977,16.0,30.0,2812.9944776524469,21.428131004872083,24.07279171752131,21.6,30.0,0.0,20.32721436749423,25.70509997743756,16.0,30.0,0.0,15.854290460130788,34.02343213548468,12.000000000000002,30.0,0.0,19.11967726801308,27.62126285217643,19.0,30.0,0.0,18.097882258269324,29.472349740568313,10.0,30.0,648.8284433923238,16.846114831944289,31.868547803022137,16.8,30.0,0.0,16.673508957989129,32.21432051569077,16.0,30.0,0.0,19.028508874386597,0.0,0.0,0.0,16.923421125529698,0.0,0.0,432.84375438173177,433.2873018597019,432.5959314855187,432.9668400598642,440.93255478582059,438.22171122019827,437.01580942385547,439.1956229462259,438.41195031166429,11227.486294145903,80.58081174338499,86.54489169070968,60.0,0.0,60.0,60.0,16.0,16.0,19.0,16.0,16.0,12.0,21.0,10.0,1.0,0.0,1854.8708204878258,0.0,2812.9944776524469,0.0,0.0,0.0,648.8284433923238,0.0,9025.273574669354,5415164.144801612,7065939.333023271,80.58081174338499,86.6461815676019,0.36884245248897848,0.7668950674640395,0.36028137401965956,86.6461815676019,0.35426478194388757,7065939.333023271,0.3680888453172101 
 03/22  15:50:00,6.498333333333333,69.0,7.665,142.66666666666669,165.33333333333335,0.0,0.0,0.0,0.0,0.0,0.0,0.0,0.0,0.0,0.0,1390.0,0.0,788.1592063068977,52.559881072482628,134.68319398960868,23.632751858387274,629.0234401125205,0.0,52.5598810724826,71.85334224053713,0.0,0.0,20.190732218716165,-1175.709016472223,20.665954808830077,249.03700022211707,20.57404864032459,-2782.3288194441486,19.441171696273928,676.0840540281533,15.752493493826238,46.993270179005268,19.460119963803355,-151.12235429565568,17.45170187863681,250.26594355276576,16.025544440417769,22.91632950637228,16.58919332087022,102.34019751758342,1507.6267004941092,471.23838070971808,0.0,0.0,0.0,0.0,0.0,0.0,0.0,0.0,0.0,0.0,0.0,0.0,0.0,0.0,0.0,0.0,0.0,0.0,0.0,0.0,0.0,0.0,1.5435746428101068,0.47117663089441599,361.8524135648008,419.2594468526924,10751.445779937,0.3481168544502148,0.05313138804185208,271.7422712747964,315.7289551677718,7636.717077002156,1.4003414449943055,0.2646147855242452,493.95994269619288,571.6597091947392,14937.420394670775,0.3717767574895754,0.0702525996767905,366.7805480233533,426.5140977174366,10124.404339910405,0.0,0.0,12.002073275786142,14.184955467977158,224.67501211204525,0.0,0.0,67.5724507146037,78.97055573403114,1685.8444293366386,0.0,0.0,303.68573312570228,356.057262757099,7032.522116812268,0.0,0.0,27.942308086614447,32.950192044892549,556.2145999423874,0.0,0.0,166.37358611265695,196.06186057162064,3384.873527408913,50.50794185985757,34.64193543200109,628.796839791268,734.3913878645738,17094.541797071204,0.0,0.0,194.38156429587088,228.90423928794318,4034.885444893068,1806.9366415923474,21.654687499449154,23.795717824995145,22.0,30.0,0.0,20.837975890115108,24.970121514479226,16.0,30.0,3522.9191804390436,21.960560072945854,23.381362865500443,22.0,30.0,0.0,20.567805384641546,25.400900275684238,16.0,30.0,0.0,15.883497365839949,33.93668538093483,12.0,30.0,0.0,19.155674595079053,27.58568681121364,19.0,30.0,0.0,18.20674679372413,29.30121405455875,10.0,30.0,0.0,16.509256788742957,32.56834698167733,16.0,30.0,0.0,16.73024987410681,32.12245103748506,16.0,30.0,0.0,19.293230590964968,0.0,0.0,0.0,16.93193645492351,0.0,0.0,432.5645187787021,432.91004397182919,432.2167958695968,432.61981970229069,438.975379853406,437.0621599475749,436.29767678014277,437.90404373449317,437.37738229514187,11857.721291243903,80.16384705082379,87.86913857018883,60.0,0.0,60.0,60.0,16.0,16.0,19.0,16.0,16.0,12.0,21.0,10.0,1.0,0.0,1806.9366415923474,0.0,3522.9191804390436,0.0,0.0,0.0,0.0,0.0,11659.700863039034,6995820.5178234209,9138221.898586872,80.16384705082379,88.0,0.38865669543463446,0.7656366460542163,0.36028137401965956,88.0,0.3542647819438875,9138221.898586872,0.47589420539318408 
 03/22  16:00:00,6.3,71.0,7.49,132.0,147.5,0.0,0.0,0.0,0.0,0.0,0.0,0.0,0.0,0.0,0.0,695.0,0.0,711.7468843342999,48.572497419961027,124.46560158395734,21.3415472304782,568.0393806340442,0.0,48.572497419960999,66.4022864850294,0.0,0.0,20.35822756823822,-1229.4248883984784,20.822712386730389,322.81274847794159,20.706700229563056,-2632.752591301676,19.67447433321835,680.6573804617419,15.779775284078344,49.77954935149921,19.424104711578,-137.09800570259268,17.546806362437306,255.67122201448184,15.839892281722147,53.530788329131159,16.617806877330673,102.97346093957458,1575.342820987993,528.2486035031507,0.0,0.0,0.0,0.0,0.0,0.0,0.0,0.0,0.0,0.0,0.0,0.0,0.0,0.0,0.0,0.0,0.0,0.0,0.0,0.0,0.0,0.0,1.592626931311989,0.4861498569328416,398.0261186654496,460.30285799034348,12064.081903398395,0.37083270217761757,0.05659839776825665,305.33664083033008,353.87673901988657,8869.559565858512,1.4493102507718923,0.2738681501836532,499.1818046642403,576.7154346239339,15382.091750644639,0.38387989121017837,0.07253966198227102,373.7901622113072,433.5538102311703,10693.314918183676,0.0,0.0,12.307516574402336,14.522388799799798,236.0425034669226,0.0,0.0,66.09903197173655,77.12690692817763,1676.442994345554,0.0,0.0,311.39518203648438,364.3798487035994,7409.94514970048,0.0,0.0,34.152356968775077,40.26376041179603,671.4083721955243,0.0,0.0,169.1860715272699,199.0435645391736,3522.7353541664544,50.165125301063849,34.40680747672418,669.7345407675435,780.2866172873851,18790.647281238314,0.0,0.0,201.51455354291194,236.9454613264468,4262.724886122566,1791.3784919279852,21.771623214379916,23.694839548005615,22.0,30.0,0.0,21.13695410021153,24.58573002087717,16.0,30.0,3335.53456905496,22.062096005511266,23.293212565429088,22.0,30.0,0.0,20.902926899165366,24.973405478415836,16.0,30.0,0.0,15.914398613405068,33.87812103923857,12.0,30.0,0.0,19.164594613988169,27.60210816281979,19.0,30.0,0.0,18.33426875096848,29.113376233984128,10.0,30.0,0.0,16.164350305077055,33.32442960084931,16.0,30.0,0.0,16.77084625508092,32.06983592361179,16.0,30.0,0.0,19.587115425870093,0.0,0.0,0.0,16.930635560037254,0.0,0.0,432.27437418985206,432.6001977419746,432.0334548415708,432.29204088998508,437.4882582717908,436.1883033547128,435.5344507814865,436.83356521505007,436.61611830204478,12195.031482090268,79.94071102664755,87.86541226477397,60.0,0.0,60.0,60.0,16.0,16.0,19.0,16.0,16.0,12.0,21.0,10.0,1.0,0.0,1791.3784919279852,0.0,3335.53456905496,0.0,0.0,0.0,0.0,0.0,11991.378073754673,7194826.844252804,9389615.527747926,79.94071102664755,88.0,0.3997126024584891,0.7662536152828469,0.36028137401965956,88.0,0.3542647819438875,9389615.527747926,0.48901334077622546 
 03/22  16:10:00,6.3116666666666669,72.16666666666667,7.501666666666667,121.33333333333333,129.66666666666667,0.0,0.0,0.0,2.0,0.0,0.0,0.0,0.0,0.0,4.0,2780.0,0.0,636.2456034182408,44.588826887134008,114.25752886364154,19.07766042451015,507.7824209266201,0.0,44.58882688713398,60.956306845653447,0.0,0.0,20.379013030655828,-1367.5725027558816,20.830594489571728,193.4540522924192,20.403229020342488,-1108.260391728194,19.664558251089479,390.1920451802216,15.799768200040902,50.971314671296457,19.492118854370234,-60.372265006535517,17.528110115078893,189.57807971446119,15.78896526829379,63.76842158325445,16.62952273926041,86.37534303422149,1503.3634230131493,562.613590562406,0.0,0.0,0.0,0.0,0.0,0.0,0.0,0.0,0.0,0.0,0.0,0.0,0.0,0.0,0.0,0.0,0.0,0.0,0.0,0.0,0.0,0.0,1.6241937158417366,0.49578562754631769,311.76631718127796,361.56129040875808,9383.211223404483,0.337239760117053,0.05147126985913508,218.32720763935289,253.6663410491153,6334.46233760005,1.5166912190005999,0.28660075944833726,284.9090594329016,330.69209394649706,8451.776368187435,0.3607117952331254,0.06816171489666012,293.49511538217828,341.42252301165237,8317.441206045745,0.0,0.0,12.896786889431846,15.252719045067327,247.3535129625543,0.0,0.0,17.77832733950482,20.778203011263213,455.9468760991371,0.0,0.0,264.79838926237957,310.6909030378764,6243.342830531879,0.0,0.0,38.93341051816579,46.02004678869185,758.0818191529789,0.0,0.0,168.08526228531026,198.21375052389068,3496.3698468455829,50.052524748902509,34.32957801707992,502.445500760992,587.1341299894536,14256.815088691705,0.0,0.0,203.28469734760078,239.62572113286695,4278.026991066452,1831.3702101291058,21.653066146584146,24.115905660909843,22.0,30.0,0.0,21.12990612015434,24.758822215606459,16.0,30.0,0.0,21.399574704646665,25.222509569860159,21.0,30.0,0.0,20.75871216784251,25.823786054478103,16.0,30.0,0.0,15.930320673047437,33.87637452302831,12.0,30.0,0.0,19.332553556316904,28.69004229858906,19.0,30.0,0.0,18.23511877808366,29.412630177365274,10.0,30.0,0.0,16.08240395484725,33.550630418393527,16.0,30.0,0.0,16.77599670921679,32.12922255004579,16.0,30.0,0.0,19.432533481750114,0.0,0.0,0.0,16.88925196868173,0.0,0.0,434.51538303467376,433.3874015892015,472.2805329831679,456.6358133036223,436.74426914465348,523.6681380687851,434.5155494243619,436.1538477907463,435.8008565348277,9266.381775373618,81.87783772346,81.87783772346,1744.0,0.0,1744.0,1744.0,16.0,16.0,19.0,16.0,16.0,12.0,21.0,10.0,1.0,0.0,1831.3702101291058,0.0,0.0,0.0,0.0,0.0,0.0,0.0,0.0,0.0,0.0,81.87783772346,81.87783772346,0.34,0.7710774593899662,0.36028137401965956,81.87783772346,0.3542647819438875,0.0,0.023253333333333335 
 03/22  16:20:00,6.323333333333333,73.33333333333334,7.513333333333334,110.66666666666667,111.83333333333334,0.0,0.0,0.0,2.0,0.0,0.0,0.0,0.0,0.0,4.0,695.0,0.0,561.9509088648183,40.61190381404707,104.06675143111525,16.84995325140103,448.48843286217058,0.0,40.61190381404705,55.51955149529917,0.0,0.0,20.405840302101397,-1448.9781803485185,20.773174437268659,177.89607581938436,20.186120740017068,-909.8809521689036,19.446601927297345,360.5641303868888,15.82284337650211,48.58692712347471,19.60420897052714,-69.86361172197553,17.51231118677142,210.22516148871729,15.742976738944407,68.17702779639967,16.629304229129667,74.09260615723815,1437.4399729987636,567.2169535539915,0.0,0.0,0.0,0.0,0.0,0.0,0.0,0.0,0.0,0.0,0.0,0.0,0.0,0.0,0.0,0.0,0.0,0.0,0.0,0.0,0.0,0.0,1.534716309142654,0.468472621838417,304.5336711811392,352.3781844736248,9104.638594825454,0.3168992236596382,0.04836679237784466,205.80624312202046,238.55989978103703,5938.345559656574,1.6033305925788444,0.30297252316304709,253.64382924550783,293.9871334036114,7330.5177790129869,0.3634397228405952,0.06867719630396734,266.76223646810248,309.9392462811024,7327.640319225764,0.0,0.0,12.831633195778059,15.138557896239412,246.45395254402539,0.0,0.0,17.718774451892544,20.630440100989703,462.2306300696095,0.0,0.0,260.27203914336595,304.7006760349783,6105.291821211073,0.0,0.0,39.72608105902942,46.86002504630494,766.7106252642012,0.0,0.0,163.46614106237844,192.31293668084889,3394.085864641859,49.838311019060999,34.182655019932109,462.5792601499516,539.4889215647186,13007.18554803161,0.0,0.0,198.8274121520082,233.89748224068206,4139.480777022637,1911.7695981361654,21.556692056664354,24.716990936994625,22.0,30.0,0.0,21.051362017542265,25.315377682554229,16.0,30.0,86.38908175961257,21.00213367815623,26.36616783219884,21.0,30.0,0.0,20.310920958477089,27.263463962303253,16.0,30.0,0.0,15.95292252052887,33.95766354810117,12.0,30.0,0.0,19.572800624283145,30.232199566786396,19.0,30.0,0.0,18.179446187797998,29.75633129871574,10.0,30.0,14.719029685853892,16.001359726506047,33.890144203389997,16.0,30.0,0.0,16.764291940174279,32.30253087188583,16.0,30.0,0.0,19.228836166673724,0.0,0.0,0.0,16.779901687973145,0.0,0.0,448.12689449459938,445.5047125617445,491.71911888330745,482.1753616382513,435.4510844961601,642.4542900107327,438.350306248974,435.997085799583,435.79036001227237,8709.336964788961,82.24620136937056,82.24620136937056,1744.0,0.0,1744.0,1744.0,16.0,16.0,19.0,16.0,16.0,12.0,21.0,10.0,1.0,0.0,1911.7695981361654,0.0,86.38908175961257,0.0,0.0,0.0,14.719029685853892,0.0,0.0,0.0,0.0,82.24620136937056,82.24620136937056,0.34,0.7726891205224842,0.36028137401965956,82.24620136937056,0.3542647819438875,0.0,0.023834666666666668 
 03/22  16:30:00,6.335,74.5,7.525,100.0,94.0,0.0,0.0,0.0,2.0,0.0,0.0,0.0,0.0,0.0,4.0,2780.0,0.0,489.1446199190011,36.644538153226928,93.90046988721102,14.666875950245294,390.38233366164067,0.0,36.64453815322691,50.09586185210647,0.0,0.0,20.46205164627419,-1379.3222188951227,20.73034068820901,184.68976209701624,20.739923380523157,-1774.7399196030243,19.598081742849414,711.700485085827,15.837661794521154,46.94148122594811,19.614919373973764,-72.94623230520111,17.526343189727258,207.47711885756827,16.27008651655497,-9.851370730502226,16.619195886252549,40.30614071198147,1463.805592953193,586.5253865569873,0.0,0.0,0.0,0.0,0.0,0.0,0.0,0.0,0.0,0.0,0.0,0.0,0.0,0.0,0.0,0.0,0.0,0.0,0.0,0.0,0.0,0.0,1.6189537769359568,0.49418613459583546,305.5219833244259,354.3525230846582,9127.496374370183,0.33519342641875229,0.05115894786610994,213.41469519458816,247.97568762077479,6138.310654492156,1.3861208118554803,0.2619275910535678,353.8865084485974,410.0769448176759,10727.037807235567,0.37418811787031067,0.0707082611243973,358.24093081963499,416.79733722750327,10047.432080751869,0.0,0.0,12.810755946362728,15.148918005524005,245.8615703157675,0.0,0.0,17.80511698862611,20.78004471173687,465.7572910477858,0.0,0.0,254.68486454772046,298.867681440216,5964.152633221665,0.0,0.0,29.125302776415177,34.34130112753859,611.1132534460868,0.0,0.0,167.3520188327335,197.35892400182116,3460.9897532415009,49.890952653551,34.21876039338204,561.5617693291908,656.1902059506455,15657.060702002864,0.0,0.0,195.43756143829953,230.51996470944636,4030.1185298654279,1836.6365664794635,21.558383753203473,25.165508628507526,22.0,30.0,0.0,21.019340620621603,25.81466715021609,16.0,30.0,1363.420155865497,21.81395513421662,25.365267258241347,21.5,30.0,0.0,20.61747489501028,27.060867276085668,16.0,30.0,0.0,15.960635613861255,34.08428454867333,12.0,30.0,0.0,19.62825263217988,30.707218841914988,19.0,30.0,0.0,18.174972919261305,30.119275406244605,10.0,30.0,548.76430401273,16.908343046627214,32.13740339522112,16.75,30.0,0.0,16.737201778439613,32.62600980642916,16.0,30.0,0.0,19.354497708166798,0.0,0.0,0.0,16.691862076414897,0.0,0.0,462.98194890547105,459.46453943557807,496.4056613426453,489.358942059149,437.1448979118045,672.5742230992125,445.5291581963037,438.22191535113708,440.45697560896539,9790.92592192013,81.53084739622742,85.18437756812063,1744.0,0.0,1744.0,1744.0,16.0,16.0,19.0,16.0,16.0,12.0,21.0,10.0,1.0,0.0,1836.6365664794635,0.0,1363.420155865497,0.0,0.0,0.0,548.76430401273,0.0,5528.894475683595,3317336.6854101575,4343780.590861199,81.53084739622742,85.24642663932718,0.35429648252278658,0.7649869567971411,0.36028137401965956,85.24642663932718,0.3542647819438875,4343780.590861199,0.2502925907247824 
 03/22  16:40:00,6.346666666666666,75.66666666666667,7.536666666666666,90.33333333333334,83.66666666666667,0.0,0.0,0.0,2.0,0.0,0.0,0.0,0.0,0.0,4.0,1390.0,0.0,436.6767086063818,33.19190346854126,85.05318359989878,13.093638012721844,348.5081096424646,0.0,33.19190346854125,45.375848477491917,0.0,0.0,20.51279776124015,-1359.859143570946,20.69131296007724,197.64047161549116,20.323871371222933,-815.3165837356391,19.645794541609278,330.60246476954628,15.85497266204893,46.30228385944869,19.625992690547574,-75.4900057493665,17.54263896065804,198.7514096787545,16.074648729347513,9.610780706744493,16.596818635466894,36.71969192997267,1401.0770500811396,624.1222065964325,0.0,0.0,0.0,0.0,0.0,0.0,0.0,0.0,0.0,0.0,0.0,0.0,0.0,0.0,0.0,0.0,0.0,0.0,0.0,0.0,0.0,0.0,1.571368251075398,0.4796606383014036,309.77042896028447,358.97648708055808,9242.730544214795,0.3269744034683861,0.04990451823388066,215.25212785904678,249.93607166153368,6174.567401058286,1.5029618766937949,0.2840064014916469,244.19905103374783,283.69314419836265,7054.128775127481,0.3509359113627514,0.06631442013657432,252.1166891108183,293.2312667462842,7089.124412329616,0.0,0.0,12.79906771934391,15.122092995716173,245.68604720804025,0.0,0.0,17.849046293854536,20.80596244742499,468.5415030555761,0.0,0.0,257.105607049098,301.44510117371518,6015.9089108760049,0.0,0.0,28.824748914308679,33.99056187197691,581.3792258612764,0.0,0.0,169.27913165028259,199.49807913709163,3483.890285677852,49.76190715276988,34.13025181945808,457.9358775331185,535.0344443516683,12891.046662974579,0.0,0.0,197.8762593470658,233.24656983022698,4050.3508029065308,1785.567012172476,21.55192919612505,25.416320601762295,22.0,30.0,0.0,20.988679785471996,26.18714109820305,16.0,30.0,0.0,21.09390411028857,27.13089977973506,21.0,30.0,0.0,20.600291574997486,27.295020943552005,19.0,30.0,0.0,15.973401462686362,34.358676152968069,12.0,30.0,0.0,19.687231580981434,31.37063486445338,19.0,30.0,0.0,18.175434605023484,30.358130647464458,10.0,30.0,0.0,16.490676420474089,33.321718024140839,16.0,30.0,0.0,16.695396581719359,33.02488420197725,16.0,30.0,0.0,19.20271219331373,0.0,0.0,0.0,16.623060431984088,0.0,0.0,469.4095014690872,469.6187447674715,523.6467938224764,494.08937509259786,441.8923466681515,709.4213294352343,451.1152793255691,444.59063358008936,447.1345729876483,6808.792713248363,83.50249203287422,83.50249203287422,1744.0,0.0,1744.0,1744.0,16.0,19.0,19.0,16.0,16.0,12.0,21.0,10.0,1.0,0.0,1785.567012172476,0.0,0.0,0.0,0.0,0.0,0.0,0.0,0.0,0.0,0.0,83.50249203287422,83.50249203287422,0.34,0.7682907233243264,0.36028137401965956,83.50249203287422,0.3542647819438875,0.0,0.024997333333333334 
 03/22  16:50:00,6.358333333333333,76.83333333333333,7.548333333333333,80.66666666666667,73.33333333333334,0.0,0.0,0.0,2.0,0.0,0.0,0.0,0.0,0.0,4.0,2085.0,0.0,386.3712364006138,29.657456882450896,75.99626226626728,11.585240163562905,308.359709627874,0.0,29.65745688245088,40.543992031107958,0.0,0.0,20.536068329470106,-1461.209000100746,20.653391424222144,208.14086083081885,20.80011699393628,-1713.0936959359315,19.563283431228539,586.0027625685093,15.870322170182569,45.27809758182934,19.610910284612957,-77.34188027109832,17.538111261966287,181.8164592359773,15.91795990658709,24.933899914852817,16.578064462650145,26.565318175119523,1425.7884134541515,655.9921818871097,0.0,0.0,0.0,0.0,0.0,0.0,0.0,0.0,0.0,0.0,0.0,0.0,0.0,0.0,0.0,0.0,0.0,0.0,0.0,0.0,0.0,0.0,1.564889840791542,0.47768310158472018,313.9624729489385,364.07434208172568,9336.766035848017,0.3271776907392031,0.04993554498461591,219.38790955170544,254.88225572469669,6277.340066858581,1.452711860498371,0.2745109335786796,328.42139974373358,380.1871427695032,9961.064130405473,0.37285312192636119,0.07045599431715068,336.8191372521548,391.7302635810577,9336.100941125678,0.0,0.0,12.782642509940395,15.109772248752823,245.29878522382144,0.0,0.0,17.928767846952714,20.909187710641548,470.6818068585094,0.0,0.0,261.88725357407568,307.245890848514,6104.005118558789,0.0,0.0,34.58023693081777,40.839551465576068,679.2920561059486,0.0,0.0,169.9952376406748,200.4647216343779,3483.6719521581064,49.72387226579088,34.104164791351809,546.0237933305618,637.7685287104289,15150.527127583962,0.0,0.0,202.26669568123487,238.59732318868539,4110.864609463879,1843.6086494498703,21.513632331902106,25.865962664974455,22.000000000000019,30.00000000000002,0.0,20.963646699604675,26.55163932964672,16.000000000000015,30.00000000000002,1425.5536617230778,21.77031490518827,26.13534896464334,21.666666666666687,30.00000000000002,0.0,20.451713324732674,28.16912047906242,19.000000000000015,30.00000000000002,0.0,15.983216797793304,34.614281091176497,12.00000000000001,30.00000000000002,0.0,19.701895807641109,31.81037265174635,19.000000000000015,30.00000000000002,0.0,18.140388259042824,30.79323296312065,10.000000000000007,30.00000000000002,0.0,16.2210579339674,34.2549827906292,16.000000000000015,30.00000000000002,0.0,16.662223287849537,33.44914841936114,16.000000000000015,30.00000000000002,0.0,19.283208620346959,0.0,0.0,0.0,16.560274363789327,0.0,0.0,478.288298944765,475.5897682493956,516.0019549899165,514.256542653513,446.9754897498532,728.6782032960741,458.59244114749239,452.25802422505935,455.04837693094836,8082.593711352814,82.66050581841903,82.66050581841904,1744.0000000000014,0.0,1744.0000000000014,1744.0000000000014,16.0,19.0,19.0,16.0,16.0,12.0,21.0,10.0,1.0,0.0,1843.6086494498703,0.0,1425.5536617230778,0.0,0.0,0.0,0.0,0.0,0.0,0.0,0.0,82.66050581841903,82.66050581841903,0.3400000000000003,0.771410965519864,0.3602813740196598,82.66050581841903,0.3542647819438878,0.0,0.026063111111111115 
 03/22  17:00:00,6.37,78.0,7.56,71.0,63.0,0.0,0.0,0.0,2.0,0.0,0.0,0.0,0.0,0.0,4.0,2780.0,0.0,337.2677241905641,26.121786892238498,66.93620949948734,10.112882960138004,269.1705860865868,0.0,26.121786892238487,35.710463098537108,0.0,0.0,20.580604160464419,-1395.2140826608653,20.614471233936528,215.9523455594849,20.563031636485947,-1210.127674731796,19.701929300506707,388.5042279504387,15.88420464787831,43.7161084307743,19.580037675110007,-78.85701941467625,17.525537598923127,176.58258675990693,15.815431941217066,32.70896610045094,16.55529087943188,10.69511603009596,1425.7727499540916,674.4375620976757,0.0,0.0,0.0,0.0,0.0,0.0,0.0,0.0,0.0,0.0,0.0,0.0,0.0,0.0,0.0,0.0,0.0,0.0,0.0,0.0,0.0,0.0,1.5872834269490302,0.4845187505949421,315.5524456449085,365.9873870138446,9375.111939431928,0.33254798246628367,0.05075518657910313,223.1795732273594,259.36359760254165,6369.778372662462,1.454178100471056,0.27478800084487089,296.92169064994536,344.64658040039395,8725.838203737503,0.3550277843264151,0.06708763876160524,304.471221204966,354.23956357475177,8526.45816005042,0.0,0.0,12.78384692510961,15.114197183597926,245.22097937001349,0.0,0.0,18.019070530568749,21.02040561294057,472.2780806168082,0.0,0.0,262.7921836278527,308.4184571982049,6097.527153061282,0.0,0.0,37.196944428347169,43.965187313833769,717.8144963715276,0.0,0.0,168.9253234427181,199.2744388613832,3445.2257812582349,49.70670818924057,34.09239244803881,518.3907464307387,605.7541635746221,14496.602079850718,0.0,0.0,202.7808645271378,239.32984666716335,4081.8931318495908,1783.3084871166964,21.51050753716399,26.32325791668192,22.0,30.0,0.0,20.93766793605103,27.094059045087055,16.0,30.0,0.0,21.31918974904586,27.37970615473581,21.0,30.0,0.0,20.643337811553363,28.226616101665067,19.0,30.0,0.0,15.991437523298967,34.974386130836908,12.0,30.0,0.0,19.69162138579452,32.267688119218508,19.0,30.0,0.0,18.097492803511768,31.365518419392879,10.0,30.0,0.0,16.052490907222006,35.08174978982361,16.0,30.0,0.0,16.623495245082347,33.99607177593311,16.0,30.0,0.0,19.350443214010846,0.0,0.0,0.0,16.47116471582988,0.0,0.0,490.300057426904,490.00123234156356,528.4482710378436,520.2344052840986,454.1409621916418,743.9102304715603,470.24025540985607,461.49293736788595,464.61380033363187,8524.564673988132,82.36827555134028,84.0567458632643,1744.0,0.0,1744.0,1744.0,16.0,19.0,19.0,16.0,16.0,12.0,21.0,10.0,1.0,0.0,1783.3084871166964,0.0,0.0,0.0,0.0,0.0,0.0,0.0,2555.375470173101,1533225.2821038606,1990612.8887969757,82.36827555134028,84.08542169449753,0.3401791823391034,0.7688483287665122,0.36028137401965956,84.08542169449753,0.3542647819438875,1990612.8887969757,0.13064075910633164 
 03/22  17:10:00,6.321666666666667,78.5,7.381666666666666,61.33333333333333,52.66666666666666,0.0,4.0,0.0,0.0,0.0,0.0,0.0,0.0,0.0,0.0,2085.0,0.0,251.8425403649685,21.797417264252315,55.85516185464802,7.551440079488863,200.9935449862577,0.0,21.797417264252304,29.798721966060474,0.0,0.0,20.549845966984063,-1239.302994317609,20.545647417527499,147.99269218340926,20.732136007561864,-799.1478156604903,19.594280757110533,-46.36129064103318,15.89348739877041,41.54776209886345,19.366437623052496,-209.1263465263185,17.582824895794184,197.88996890932749,16.185423308525384,-12.546762702596958,16.528479497372304,9.977167568462696,1245.0539539197289,739.5875843428703,0.0,0.0,0.0,0.0,0.0,0.0,0.0,0.0,0.0,0.0,0.0,0.0,0.0,0.0,0.0,0.0,0.0,0.0,0.0,0.0,0.0,0.0,1.5948489724492543,0.4868281356682706,383.1947312491801,444.53344682641878,11334.492943986252,0.3231362987427538,0.04931872691433972,163.34854118765484,189.98161060162696,4672.0818183355809,1.363476911462224,0.25764869831107797,193.21499290515994,223.49406341021283,5916.210581796841,0.36469883663255478,0.06891512408022575,29.22782780221847,34.01070377978056,812.5540714616216,0.0,0.0,12.033140640450114,14.225647092441398,232.12314528526037,0.0,0.0,78.22948547990009,91.38992110445654,2015.679717176501,0.0,0.0,328.31317406840028,385.11924376552778,7712.346327295882,0.0,0.0,33.54373723631052,39.57678709664974,688.209794093468,0.0,0.0,179.31822589804504,211.5159504083107,3660.9374421824147,48.8001385321428,33.470602559768739,309.9607544691471,362.7050698487474,8828.27098352676,0.0,0.0,210.35290275400184,248.23499471177747,4247.419865684785,1765.1950011898439,21.471546576887066,26.66785324905969,22.0,30.0,0.0,20.884839397340298,27.523473643089007,16.0,30.0,1735.558373415552,21.651074448490204,26.592781573622589,21.666666666666666,30.0,0.0,20.327658780487519,31.546332076301228,19.0,30.0,0.0,15.995433577763408,35.53377293380623,12.0,30.0,0.0,19.394792308020209,30.16656752003179,16.0,30.0,0.0,18.19410388944369,31.982505212118185,10.0,30.0,545.0790433848669,16.674765557826566,34.278351093455039,16.666666666666669,30.0,0.0,16.58198961106502,34.76970241968609,16.0,30.0,0.0,18.768363507783339,0.0,0.0,0.0,16.4497500367019,0.0,0.0,492.6179348747162,495.9243686136522,503.98237724492597,679.1299386684387,469.3033767462125,551.8584647793224,506.84522216392329,475.4408746928302,486.78025978301789,9431.784742001833,81.76839601177703,84.18540859037504,162.0,0.0,162.0,162.0,16.0,19.0,16.0,16.0,16.0,12.0,21.0,10.0,1.0,0.0,1765.1950011898439,0.0,1735.558373415552,0.0,0.0,0.0,545.0790433848669,0.0,3657.706351473653,2194623.810884191,2848893.0986910157,81.76839601177703,84.22645748789074,0.3485902117157884,0.7680267248187735,0.36028137401965956,84.22645748789074,0.3542647819438875,2848893.0986910157,0.15076144113193283 
 03/22  17:20:00,6.273333333333333,79.0,7.203333333333333,51.666666666666667,42.33333333333333,0.0,4.0,0.0,0.0,0.0,0.0,0.0,0.0,0.0,0.0,2780.0,0.0,207.78025298086539,18.351075694413305,47.024015393692589,6.2302424100751019,165.8277786248626,0.0,18.351075694413294,25.087311756552258,0.0,0.0,20.57886197448713,-870.7265380066795,20.447828295781777,174.96848692285153,20.764987805875536,-1107.775818280587,19.50991954367573,-32.3148113499378,15.900722776068197,39.25277159180517,19.152375039076938,-152.07623164287998,17.564442465047553,184.8289437908088,16.19688911307142,-14.1730455302839,16.507756743359765,-0.8274921024974447,1127.4393956904588,741.7424385141073,0.0,0.0,0.0,0.0,0.0,0.0,0.0,0.0,0.0,0.0,0.0,0.0,0.0,0.0,0.0,0.0,0.0,0.0,0.0,0.0,0.0,0.0,1.553616391291919,0.474241877683736,301.38669185215039,349.8237814736942,8946.778585571941,0.33108203269910027,0.050531445772145949,214.30065831873163,249.2671577057638,6097.5271472358349,1.3156950758856896,0.24861962885217116,157.41682322331207,182.51326251289266,4750.668407600428,0.37281883939150059,0.07044951613596004,31.473793761289636,36.65900762246394,867.6703332776547,0.0,0.0,11.555021609394647,13.664912404716983,224.032770317175,0.0,0.0,68.98688705161176,80.7034967968185,1749.6509768692466,0.0,0.0,314.7729664185456,369.483650121856,7386.538777695887,0.0,0.0,27.541600467528747,32.49529036636191,568.5839002088832,0.0,0.0,178.02803380857419,210.11515669726709,3642.1359825092524,47.97392604977991,32.90392733181065,236.62140865254055,277.51492763118747,6757.284575989088,0.0,0.0,205.67126988328904,242.8997218348636,4136.1796709748709,1200.6153227227929,21.366551903189174,27.29601971423138,21.5,30.0,0.0,20.777581449602047,28.071852163339238,16.0,30.0,1616.0394755786347,21.601637709061515,27.061529079914746,21.5,30.0,0.0,20.15604996593106,33.56401626750062,19.0,30.0,0.0,15.994710241903773,36.07634627680615,12.0,30.0,0.0,19.13263813872389,30.234867336768035,16.0,30.0,0.0,18.130469180341409,32.34312281598069,10.0,30.0,0.0,16.649125098652705,34.90583611590192,16.0,30.0,0.0,16.55191391259198,35.4258025041911,16.0,30.0,0.0,18.20784184074917,0.0,0.0,0.0,16.356692749162499,0.0,0.0,499.9245679391915,497.80147372063308,499.57171989090656,779.7613924169027,484.6998512049493,508.5569910179244,501.97724279381648,494.7869235759565,503.229358409395,8716.744406869217,82.24114715434526,84.0993821969779,162.0,0.0,162.0,162.0,16.0,19.0,16.0,16.0,16.0,12.0,21.0,10.0,1.0,0.0,1200.6153227227929,0.0,1616.0394755786347,0.0,0.0,0.0,0.0,0.0,2812.0244656349298,1687214.6793809578,2191358.5181342859,82.24114715434526,84.13094119691879,0.34873414885449768,0.7688840138846231,0.36028137401965956,84.13094119691879,0.3542647819438875,2191358.5181342859,0.11658764294298285 
 03/22  17:30:00,6.225,79.5,7.025,42.0,32.0,0.0,4.0,0.0,0.0,0.0,0.0,0.0,0.0,0.0,0.0,2780.0,0.0,164.86097624554444,14.922862387297842,38.23932534034249,4.9433178626835219,131.57424236781203,0.0,14.922862387297835,20.40068425657691,0.0,0.0,20.605462599192497,-1573.6631951200585,20.399212991584457,236.5175683426014,20.394761153262388,-316.01768045366898,19.449365389884698,-44.288763598496647,15.908875466121149,40.067223295995308,18.988206756187059,-112.3466055220124,17.559313004335043,165.09700615775274,15.981363334482835,0.6114679025346277,16.47733528528484,-14.352426210678687,1197.983606008524,794.9955073774888,0.0,0.0,0.0,0.0,0.0,0.0,0.0,0.0,0.0,0.0,0.0,0.0,0.0,0.0,0.0,0.0,0.0,0.0,0.0,0.0,0.0,0.0,1.5330257756137662,0.4679565859626882,369.08524487619379,428.51875982908907,10973.999652194518,0.32083960068332359,0.048968193022485288,213.40686311781315,248.2470080060896,6089.017551327746,1.441848570856671,0.27245815775825235,134.97173329316895,156.8251346964043,4006.8420092426865,0.38311800761949679,0.07239569304979152,31.86244418109097,37.13481182670488,874.4885024521245,0.0,0.0,11.651132533394027,13.780214770545419,227.1257001717267,0.0,0.0,60.22320930598494,70.49803671204495,1512.1097834991209,0.0,0.0,315.40994752070278,370.2971719697598,7416.097972587007,0.0,0.0,34.24046881891164,40.456200056736658,686.155940805809,0.0,0.0,181.11406459696463,213.81880671584788,3707.339918979019,47.294311589666829,32.43779944421594,297.91887795263127,348.9939320569714,8512.126361425422,0.0,0.0,213.19235217936046,251.85990574259143,4287.306738068017,1804.378842397229,21.40358641406339,27.990811820711714,22.0,30.0,0.0,20.763932445625668,28.90132456464646,16.0,30.0,145.66959766446409,21.210059238316846,28.234907535290597,21.0,30.0,0.0,20.033976535472413,34.69052214069548,19.0,30.0,0.0,15.997562088464182,36.64316664173663,12.0,30.0,0.0,18.94835271121541,30.996152000912035,16.0,30.0,0.0,18.102249465710707,33.102661097080538,10.0,30.0,0.0,16.2800387822727,36.413105540059657,16.0,30.0,0.0,16.505671524721785,36.17484986370047,16.0,30.0,0.0,18.603246467349373,0.0,0.0,0.0,16.30273307551561,0.0,0.0,518.8336372295577,514.2716923044246,513.5719086057636,818.3884165807639,493.3850874714251,504.94157118355329,507.56657072764087,501.6915309431951,503.9272628257872,9290.52601617063,81.86183932488274,81.86183932488274,162.0,0.0,162.0,162.0,16.0,19.0,16.0,16.0,16.0,12.0,21.0,10.0,1.0,0.0,1804.378842397229,0.0,145.66959766446409,0.0,0.0,0.0,0.0,0.0,0.0,0.0,0.0,81.86183932488274,81.86183932488274,0.34,0.7703468033703196,0.36028137401965956,81.86183932488274,0.3542647819438875,0.0,0.002655 
 03/22  17:40:00,6.176666666666666,80.0,6.846666666666666,35.166666666666667,26.666666666666669,0.0,4.0,0.0,0.0,0.0,0.0,0.0,0.0,0.0,0.0,3475.0,0.0,147.0019745555439,12.404731486988052,31.786697763953744,4.407816494405833,117.3210775044985,0.0,12.404731486988047,16.958208404378696,0.0,0.0,20.78821226154914,-1055.0985573025337,20.99403549116772,-373.8067713795667,20.736447474882199,-632.9053145024844,19.41802038937957,-3.8845692968086049,15.917497639719869,38.61243416517277,18.858149933572159,-101.4667282256959,17.563844801886789,203.75981904737746,15.848733103187425,10.471140092602628,16.446381216409848,-24.847626802559359,1255.210361096676,799.4320733992922,0.0,0.0,0.0,0.0,0.0,0.0,0.0,0.0,0.0,0.0,0.0,0.0,0.0,0.0,0.0,0.0,0.0,0.0,0.0,0.0,0.0,0.0,1.5116918353203537,0.4614443941759322,324.1524818058316,376.1877093414723,9804.0705579584,0.2940764262892606,0.04488345944585785,138.1695180731109,160.3775232483464,4181.153553631995,1.411100503998874,0.26664786545708138,185.10147907346525,214.65235631768906,5638.8781853191289,0.43068707991670188,0.08138455780738885,40.791051266755328,47.552137634908287,1117.71400246208,0.0,0.0,11.653617566016301,13.786410438870553,228.39416550929585,0.0,0.0,59.05940912453713,69.19951264994299,1473.1382554970983,0.0,0.0,314.21020593038767,368.98685422544716,7422.049065874103,0.0,0.0,35.67733406213833,42.19278706751123,703.5243519018596,0.0,0.0,178.98786838656819,211.39351928800438,3666.2665527745009,46.803712166814779,32.10131149987297,249.27909154393798,292.3710751138161,7176.6625166829949,0.0,0.0,211.3691961048852,249.85312146815444,4230.45388518508,1309.2579261821748,21.60257835235502,28.032668009718856,21.8,30.0,1424.4934810571902,21.70401394700383,27.651677290863696,21.8,30.0,1340.0319213602452,21.691806739625727,27.855700587682528,21.4,30.0,0.0,19.978962481825673,34.97232347146796,19.0,30.0,0.0,16.00010652492479,37.18321577533085,12.000000000000002,30.0,0.0,18.805250202958648,31.69968796921236,16.0,30.0,0.0,18.10620353602564,33.49760067234797,10.0,30.0,0.0,16.06512539667141,37.47236467975195,16.0,30.0,0.0,16.461099618539117,36.7421092898285,16.0,30.0,0.0,18.43523716649716,0.0,0.0,0.0,16.201964288731266,0.0,0.0,529.5396366528814,524.39845237654,527.8499439083473,811.6861964968484,499.7534678169302,507.85635648531209,512.3164989470035,505.8509108858276,507.48384423529316,7762.053193258688,81.858983031398,83.28467436383525,162.0,0.0,162.0,162.0,21.0,19.0,16.0,16.0,16.0,12.0,21.0,10.0,1.0,0.0,1309.2579261821748,1424.4934810571902,1340.0319213602452,0.0,0.0,0.0,0.0,0.0,2157.5614119841754,1294536.847190505,1685881.6470315136,81.858983031398,83.30888733563046,0.27591871373280588,0.6148732085508607,0.28822509921572767,83.30888733563046,0.28341182555511,1685881.6470315136,0.09033884564563868 
 03/22  17:50:00,6.128333333333334,80.5,6.668333333333334,28.333333333333337,21.333333333333337,0.0,4.0,0.0,0.0,0.0,0.0,0.0,0.0,0.0,0.0,2088.0,0.0,118.16556506965445,9.896149844476476,25.358541603483738,3.543163622440331,94.30696838793529,0.0,9.89614984447647,13.528787111565274,0.0,0.0,20.75658890269571,-910.1367157328251,20.881089700673287,-566.1248976997157,20.689644277895657,-740.2299999375546,19.408544302875897,-12.12548471808525,15.926309391521262,37.58863700593045,18.741925883956435,-85.89606620609408,17.570027855368698,163.79434313242576,16.20606568318083,-28.055468472591867,16.41380121798624,-24.27295331979684,1028.13544798773,820.3241447040442,0.0,0.0,0.0,0.0,0.0,0.0,0.0,0.0,0.0,0.0,0.0,0.0,0.0,0.0,0.0,0.0,0.0,0.0,0.0,0.0,0.0,0.0,1.484021510124681,0.4529980189635783,263.78729205945089,305.80505392042616,7990.985949553491,0.2955163025616972,0.04510322078169986,183.31098853699474,212.45437688870025,5520.297453536038,1.4150382364218753,0.2673919569958195,129.70006841878289,150.28891436595186,4000.4369199892487,0.42176554316476347,0.07969870430173162,39.35704950779815,45.87443728018265,1080.6123338920136,0.0,0.0,11.514347022894482,13.616801893113835,226.94376405964005,0.0,0.0,56.207300994505647,65.85588666683475,1394.9986405068378,0.0,0.0,309.73871975563307,363.6510204407135,7339.366618813192,0.0,0.0,31.792782646712497,37.53038720711453,664.5618319603891,0.0,0.0,182.06771125748913,214.99955393750583,3731.9281255788275,45.95114268679653,31.51655877009368,200.0289906876513,234.39859702275525,5860.630915749642,0.0,0.0,210.59185221482924,248.9337956958891,4207.631877854288,1380.863442100714,21.521641981485545,28.379747020918797,21.666666666666687,30.00000000000002,957.4602841685129,21.37450280334377,29.01089545138519,21.33333333333335,30.00000000000002,1605.4847105003324,21.645742254147885,28.244015840288804,21.666666666666687,30.00000000000002,0.0,19.951191624481504,35.05809197031341,19.000000000000015,30.00000000000002,0.0,16.00508571062555,37.68961747386064,12.00000000000001,30.00000000000002,0.0,18.686812553746305,32.28149457192735,16.000000000000015,30.00000000000002,0.0,18.092687954372054,33.83772530287977,10.000000000000007,30.00000000000002,554.7057633651597,16.673438325955649,36.49933055644966,16.66666666666668,30.00000000000002,0.0,16.415355586065269,37.23776427202255,16.000000000000015,30.00000000000002,0.0,17.884740689043256,0.0,0.0,0.0,16.13063170967695,0.0,0.0,534.4568298465468,547.4632408838323,534.9152086968585,798.2786665402293,505.5189021228067,511.92105120983038,516.8869655854784,509.92856113061068,511.6407833983734,9818.134145641077,81.5127910588124,84.17244946668868,162.0000000000001,0.0,162.0000000000001,162.0000000000001,21.0,19.0,16.0,16.0,16.0,12.0,21.0,10.0,1.0,0.0,1380.863442100714,957.4602841685129,1605.4847105003324,0.0,0.0,0.0,554.7057633651597,0.0,4024.458851738086,2414675.31104285,3131625.001469987,81.5127910588124,84.21761929591438,0.3608152950579364,0.7690136241608547,0.3602813740196598,84.21761929591438,0.3542647819438878,3131625.001469987,0.16549950007643933 
 03/22  18:00:00,6.08,81.0,6.49,21.5,16.0,0.0,4.0,0.0,0.0,0.0,0.0,0.0,0.0,0.0,0.0,2784.0,0.0,89.73046775879749,7.40764015393749,18.981820695187929,2.6905441781284598,71.61314526148891,0.0,7.4076401539374869,10.126805698848486,0.0,0.0,20.791572726170757,-1274.7777136501259,21.161290221828528,-624.4201377678145,20.46634679493105,-60.92871067409237,19.406025730079457,-21.016353715875938,15.934458809780763,38.435876307801368,18.643633896078609,-65.51992493865413,17.60707632469772,176.77378665677134,16.209939065343265,-29.36120363803684,16.380551008923477,-39.32358317970193,1150.0915413549899,886.9570863577887,0.0,0.0,0.0,0.0,0.0,0.0,0.0,0.0,0.0,0.0,0.0,0.0,0.0,0.0,0.0,0.0,0.0,0.0,0.0,0.0,0.0,0.0,1.4438875150466373,0.44074710471509079,317.0152935815248,367.60211432759788,9692.879867233947,0.26014471643073097,0.03970462704986736,128.63779061279437,149.15810229601898,3973.5180013898755,1.5639669121741136,0.29553418597394445,211.24759355609508,245.32926772077685,6315.642868292492,0.4431697965214129,0.0837433477931619,41.837864290828289,48.79812583054013,1151.3686791002704,0.0,0.0,11.657571439899322,13.792084166106719,231.04040200498768,0.0,0.0,49.81852802657647,58.42137738217362,1233.1304277648397,0.0,0.0,311.05204621992177,365.26216226710246,7435.280258683987,0.0,0.0,27.809160966298387,32.82691610961512,584.4463975913346,0.0,0.0,190.70393097212435,225.32783063348243,3910.521693230434,45.469122642855847,31.185955173426519,243.2284760422018,284.84153950204918,7179.290221182833,0.0,0.0,217.0571249728348,256.70588003116657,4340.00620700768,1513.575334851528,21.72154217588029,28.60004649186651,21.75,30.0,804.2879609881841,21.83935687787917,28.484376253555163,21.5,30.0,0.0,21.26111753583834,29.35767404828365,21.0,30.0,0.0,19.934387514660665,35.245113974323569,19.0,30.0,0.0,16.010307265709615,38.100428597645,12.0,30.0,0.0,18.59800962712925,32.781536061653628,16.0,30.0,0.0,18.14985435277818,34.19469762139381,10.0,30.0,0.0,16.640079536657877,36.88618408228765,16.0,30.0,0.0,16.368084034107605,37.75438913928609,16.0,30.0,0.0,18.573751024401696,0.0,0.0,0.0,16.087276471360285,0.0,0.0,549.3501796881358,553.1475493210047,547.4198526628856,792.7577250842866,510.4770471601395,516.59819812357,524.5498343942849,513.8512600650705,516.721171607388,9364.448901710552,81.81300077716736,81.81300077716736,162.0,0.0,162.0,162.0,21.0,19.0,16.0,16.0,16.0,12.0,21.0,10.0,1.0,0.0,1513.575334851528,804.2879609881841,0.0,0.0,0.0,0.0,0.0,0.0,0.0,0.0,0.0,81.81300077716736,81.81300077716736,0.34,0.770453745473557,0.36028137401965956,81.81300077716736,0.3542647819438875,0.0,0.0026370000000000006 
 03/22  18:10:00,5.953333333333334,81.33333333333333,6.3500000000000009,14.666666666666663,10.666666666666665,0.0,0.0,0.0,0.0,0.0,0.0,4.0,0.0,0.0,0.0,2784.0,0.0,60.95139295516797,4.979959437060548,12.760972631237986,1.8276110455933715,48.64480073404588,0.0,4.979959437060545,6.807982104861383,0.0,0.0,20.684591398929624,-1107.194667528458,20.836480671957327,-94.87273052876874,20.746942637886474,-1618.9895197285355,19.491678166807206,669.2428492102472,15.940191655592223,34.34032995257664,18.5478751639342,-69.74029020220672,17.556628548554543,107.71793462656115,15.981020446070158,-16.161774276550945,16.342535104478367,-49.51780410113315,1160.2992386686925,865.5698654291355,0.0,0.0,0.0,0.0,0.0,0.0,0.0,0.0,0.0,0.0,0.0,0.0,0.0,0.0,0.0,0.0,0.0,0.0,0.0,0.0,0.0,0.0,1.4960262545893535,0.4566624708758711,260.23776284747358,302.30284089638317,7861.386704138728,0.25326876769204556,0.03865518432418278,15.689801933008934,18.21166138442073,482.1198988053522,1.5849121643379636,0.29949209454610056,403.13581458027007,467.6334167230532,12340.720124654254,0.40509876600663077,0.07654927551145703,362.5282501822267,422.53456044188786,10174.146914502553,0.0,0.0,11.26595236664349,13.330025685813166,226.17790315362525,0.0,0.0,49.13518165202028,57.63845063449078,1220.4354735715863,0.0,0.0,306.3045281025434,359.82445976807028,7335.712613089228,0.0,0.0,32.278967383584028,38.15862557498479,663.117353431951,0.0,0.0,183.84640278582666,217.26434496271708,3798.150967008704,44.91434318574619,30.80544800119767,390.17548042529588,457.0101732332365,10952.500048654054,0.0,0.0,214.0590455522019,253.25376848843144,4291.6581327880089,1773.4197747910033,21.44760132747539,30.16416035599512,22.0,30.0,0.0,21.416539638101548,31.940000488657085,21.0,30.0,2440.503125848092,21.49779715087231,29.17715554649511,21.5,30.0,0.0,20.201445690495349,31.721836563198708,16.0,30.0,0.0,16.011647351373825,38.733121458851389,12.0,30.0,0.0,18.50967640218723,33.67422057522619,16.0,30.0,0.0,18.04002275656101,35.36800435711376,10.0,30.0,0.0,16.25387677035822,38.60982356047648,16.0,30.0,0.0,16.315723603543167,38.862661364790969,16.0,30.0,0.0,18.631402300145476,0.0,0.0,0.0,15.979921622062037,0.0,0.0,619.2454166119161,702.1096446598043,552.9225791500511,564.060747933251,521.1560793098126,534.0091736078764,553.5216318563639,527.4310509725704,536.4639661811056,9871.378142842164,81.47772677103859,84.95988405600156,240.0,0.0,240.0,240.0,21.0,16.0,16.0,16.0,16.0,12.0,21.0,10.0,1.0,0.0,1773.4197747910033,0.0,2440.503125848092,0.0,0.0,0.0,0.0,0.0,5269.82527444869,3161895.164669214,4123742.5022512136,81.47772677103859,85.01902264666907,0.34566084248162307,0.7694314030708116,0.36028137401965956,85.01902264666907,0.3542647819438875,4123742.5022512136,0.21831461011706308 
 03/22  18:20:00,5.826666666666667,81.66666666666667,6.210000000000001,0.0,0.0,0.0,0.0,0.0,0.0,0.0,0.0,4.0,0.0,0.0,0.0,2088.0,0.0,0.0,0.0,0.0,0.0,0.0,0.0,0.0,0.0,0.0,0.0,20.816623189606223,-880.6127346028795,20.730881832167243,-88.46419156020088,20.894245253217315,-1980.752024985592,19.72565577977539,526.190994971032,15.94121570430049,33.908735489103808,18.44123056953069,-57.12427043061505,17.506110105686365,119.30899720116331,15.833297268444876,-6.637661812335786,16.30258220434076,-55.45215832769613,1223.8832710229836,909.5461221863212,0.0,0.0,0.0,0.0,0.0,0.0,0.0,0.0,0.0,0.0,0.0,0.0,0.0,0.0,0.0,0.0,0.0,0.0,0.0,0.0,0.0,0.0,1.5612786807715847,0.47658079388632,255.16956601783864,295.9504988030937,7873.031293418246,0.2619721354539844,0.03998353715720152,15.35700405684015,17.810541902483437,472.5304161850687,1.5676203320307909,0.29622455253794235,429.7173325754955,498.1446927660004,13364.105770337945,0.39276469823672319,0.0742185748746642,342.29619298235209,398.45399444616228,9933.072994135548,0.0,0.0,11.170203496554639,13.213716003791099,227.06109089338396,0.0,0.0,47.088965152087819,55.23972073619793,1173.6142236836598,0.0,0.0,306.4038616508849,359.9842105500497,7362.802896992351,0.0,0.0,33.83574762776666,40.01745830533495,688.8678709771683,0.0,0.0,185.54065297993194,219.25819051642535,3862.534292027145,44.627348820708309,30.608606872913787,424.92442014193389,497.07157271112228,12226.809359851344,0.0,0.0,216.77757993373218,256.47708769286955,4371.760869411933,1250.168344915588,21.65171110000361,29.0312590470578,21.333333333333326,29.99999999999999,0.0,21.289305843883385,35.4491539351001,20.999999999999994,29.99999999999999,2495.2159855298798,21.650538341978647,28.946096620982226,21.999999999999994,29.99999999999999,0.0,20.580712016439678,30.917662070248796,15.999999999999993,29.99999999999999,0.0,16.009164936621298,39.406611232935407,11.999999999999995,29.99999999999999,0.0,18.41979236741393,34.42488126628033,15.999999999999993,29.99999999999999,0.0,17.947183060189777,35.763912778932709,9.999999999999997,29.99999999999999,21.136685640933118,16.026452276155469,39.90534043264452,15.999999999999993,29.99999999999999,0.0,16.264388668257604,39.523840297157118,15.999999999999993,29.99999999999999,0.0,18.947047889876708,0.0,0.0,0.0,15.911586820992254,0.0,0.0,558.1223854419852,889.1616933418748,544.0917779758698,553.8954035436391,536.1306145382308,550.8160722015626,554.9501930099377,547.4365549267183,553.2559155812764,8603.202445163146,82.31623040032939,84.64186173140816,239.99999999999992,0.0,239.99999999999992,239.99999999999992,21.0,16.0,16.0,16.0,16.0,12.0,21.0,10.0,1.0,0.0,1250.168344915588,0.0,2495.2159855298798,0.0,0.0,0.0,21.136685640933118,0.0,3519.557724530356,2111734.6347182148,2745420.3748777688,82.31623040032939,84.68135867197604,0.34398525748434519,0.7679314937432469,0.36028137401965945,84.68135867197604,0.35426478194388735,2745420.3748777688,0.14665519282697735 
 03/22  18:30:00,5.7,82.0,6.07,0.0,0.0,0.0,0.0,0.0,0.0,0.0,0.0,4.0,0.0,0.0,0.0,2784.0,0.0,0.0,0.0,0.0,0.0,0.0,0.0,0.0,0.0,0.0,0.0,20.902736627599205,-774.1658295197982,20.658544902676615,-79.67293125822197,20.95344110290178,-1767.642581564744,19.835378534720044,527.3271563935446,15.943243927501687,32.353631624119049,18.352827542484677,-58.596272937137999,17.485491255616965,169.78051856525873,16.32577376305076,-48.916754407241629,16.25741580758723,-77.33268501316616,1234.2614111672952,892.8076956982814,0.0,0.0,0.0,0.0,0.0,0.0,0.0,0.0,0.0,0.0,0.0,0.0,0.0,0.0,0.0,0.0,0.0,0.0,0.0,0.0,0.0,0.0,1.6081912503626315,0.49090087007406338,217.4143337146399,252.1943860547623,6835.336280336112,0.27854884391975506,0.04251355981681243,15.549708564111688,18.046369235510796,480.11844846734138,1.5465496737051963,0.2922429466563108,388.2622531135594,450.39139782117777,12185.132947440758,0.3856747484094849,0.07287882623006138,339.88696580965327,395.59185345023169,10044.159765080181,0.0,0.0,11.231674067197372,13.290804213912196,231.0824863454365,0.0,0.0,47.992268746443027,56.33372922580779,1200.5690180364905,0.0,0.0,299.5289179319087,352.0873363865602,7257.209130800413,0.0,0.0,24.577982978142179,29.00863319428881,546.6185299279985,0.0,0.0,187.15341007389936,221.29486934346603,3920.7209570154984,44.35482215419505,30.421688720298403,390.0956128654956,456.51081560526566,11479.863909277115,0.0,0.0,208.87100004780957,247.3491902937869,4210.6913161709039,1115.154972757613,21.68449236720736,29.056034105386009,21.5,30.0,0.0,21.194131745164449,37.54854702774594,21.0,30.0,1926.2686435865556,21.666287448604437,28.995963356678808,21.75,30.0,0.0,20.747969735647357,30.691435886041753,16.0,30.0,0.0,16.005329420125059,39.859580213701999,12.0,30.0,0.0,18.33584691826369,34.85777634592678,16.0,30.0,0.0,17.919491539294108,36.04489623808482,10.0,30.0,561.1511795411127,16.89361887622341,38.08690902389639,16.75,30.0,0.0,16.200897452816706,39.957633141534937,16.0,30.0,0.0,19.025726290231125,0.0,0.0,0.0,15.775265548249415,0.0,0.0,555.4750903482105,996.9490477988916,542.8246370875819,547.9234265388168,544.0300783787236,553.6315725272607,555.9492993205734,554.0601170338946,555.1324918016076,9167.516503715844,81.94320783700286,83.63109562670101,240.0,0.0,240.0,240.0,21.0,16.0,16.0,16.0,16.0,12.0,21.0,10.0,1.0,0.0,1115.154972757613,0.0,1926.2686435865556,0.0,0.0,0.0,561.1511795411127,0.0,2554.494703897615,1532696.8223385693,1988383.5341047326,81.94320783700286,83.65976156477299,0.34014982346325386,0.7698156195153398,0.36028137401965956,83.65976156477299,0.3542647819438875,1988383.5341047326,0.10730261044011277 
 03/22  18:40:00,5.573333333333334,82.33333333333333,5.93,0.0,0.0,0.0,0.0,0.0,0.0,0.0,0.0,4.0,0.0,0.0,0.0,4872.0,0.0,0.0,0.0,0.0,0.0,0.0,0.0,0.0,0.0,0.0,0.0,20.840511733008115,-838.5364455220115,20.597929307879168,-79.43634927342491,20.822034223860415,-1409.443350155112,19.82333305667158,395.1104075019338,15.945797707970405,32.828563787190898,19.183943562142646,-273.3347363575869,17.526423942868737,183.76102875577088,17.235880045063359,-60.60912220000948,16.199797743126007,-104.82212264844319,1156.8129982495889,970.1739804427136,0.0,0.0,0.0,0.0,0.0,0.0,0.0,0.0,0.0,0.0,0.0,0.0,0.0,0.0,0.0,0.0,0.0,0.0,0.0,0.0,0.0,0.0,1.5834993731388032,0.48336366701428726,175.11886451064559,203.49751579598954,5503.229958414179,0.26516634474110475,0.040471053837165,16.47628729741943,19.146892311887496,509.6710029525615,1.598717348702755,0.3021007839574371,305.6943510518149,354.7637449195689,9662.508406438266,0.377804439122784,0.07139161737014065,291.258249965514,339.1258519657201,8648.637674505859,0.0,0.0,11.654749834258473,13.796559338569225,242.7100663196171,0.0,0.0,73.64066027561553,86.05078540652859,2044.2796059788407,0.0,0.0,327.0742980588774,384.5152441409231,8046.139838014629,0.0,0.0,20.418478623870205,23.970865094908736,516.3286367959607,0.0,0.0,206.92786207606816,244.85110018620243,4353.719066524358,43.85285015871869,30.077400657557445,312.2483423278754,365.88755169486469,9300.16695717859,0.0,0.0,214.5805655082104,254.25084620444887,4363.422324966711,1172.1344693786578,21.596927066456887,29.528743170921034,21.714285714285738,30.000000000000033,0.0,21.116287283136978,38.8185021946463,21.00000000000002,30.000000000000033,2177.7166961827226,21.55125535767857,29.4251171649894,21.571428571428599,30.000000000000033,0.0,20.6820297501912,31.051848123092996,16.000000000000019,30.000000000000033,0.0,16.00356291402134,40.246797853818708,12.000000000000015,30.000000000000033,1509.7756041897024,19.549195620139505,32.611759226134669,20.00000000000002,30.000000000000033,0.0,17.97989363771147,36.17962277773399,10.00000000000001,30.000000000000033,1351.8545346288116,18.251362050441345,35.18781399607417,20.700000000000025,30.000000000000033,0.0,16.116760137287657,40.466504356328567,16.000000000000019,30.000000000000033,0.0,18.669250185366164,0.0,0.0,0.0,15.733231780245076,0.0,0.0,561.9727469900855,1056.3043707693885,547.3446572888632,553.065390655545,548.8785213347172,555.7578736467331,557.0961345499738,554.9076533428672,555.453762836272,10158.213719939911,81.28805855708346,84.310244783989,240.00000000000026,0.0,240.00000000000026,240.00000000000026,21.0,16.0,19.0,16.0,19.7,12.0,21.0,10.0,1.0,0.0,1172.1344693786578,0.0,2177.7166961827226,0.0,1509.7756041897024,0.0,1351.8545346288116,0.0,4573.656708572044,2744194.0251432226,3568041.9654182645,81.28805855708346,84.3615715390916,0.3467409379047826,0.7666637880547066,0.36028137401966,84.3615715390916,0.35426478194388796,3568041.9654182645,0.18945818220174977 
 03/22  18:50:00,5.446666666666667,82.66666666666667,5.790000000000001,0.0,0.0,0.0,0.0,0.0,0.0,0.0,0.0,4.0,0.0,0.0,0.0,3480.0,0.0,0.0,0.0,0.0,0.0,0.0,0.0,0.0,0.0,0.0,0.0,20.83237358641984,-629.0017784212034,20.547606330268768,-90.76286549147169,20.939719093459226,-1702.4166615886664,19.826430054127547,412.52472101135376,15.951216628436669,32.73934033922541,19.07598668596501,-266.27402763552996,17.525354833407009,89.70549654460774,18.262034048806166,-181.99274640947278,16.154115431284248,-61.20524903005299,1184.2818504738826,1079.820767547984,0.0,0.0,0.0,0.0,0.0,0.0,0.0,0.0,0.0,0.0,0.0,0.0,0.0,0.0,0.0,0.0,0.0,0.0,0.0,0.0,0.0,0.0,1.617231597274992,0.4936604387286301,186.29087906851437,216.21132671391573,5923.5810978516869,0.25737973735242439,0.03928262169603546,18.037791267229755,20.95680564510077,559.4163485594279,1.5435538777522562,0.29167684764781878,347.85553392835245,403.8737011237612,10985.242028057739,0.37011344885032818,0.0699382934335465,303.5196723194341,353.44639914007458,9088.066016883327,0.0,0.0,11.607442670870407,13.740197046609325,244.78505090366682,0.0,0.0,80.69940530501272,94.39172376056061,2232.478677401708,0.0,0.0,335.3211880449261,394.2643899995514,8312.619289132319,0.0,0.0,36.71600793016985,42.840702840129889,1055.6003770582816,0.0,0.0,222.51640614324598,263.3374400418719,4715.477752221191,43.42901230658407,29.78670254223874,342.8897677966871,401.60547419948269,10273.184115360922,0.0,0.0,228.25784584575036,270.3213876469718,4752.393496068376,909.0172895380742,21.45155121074069,30.104981614898198,21.4,30.0,0.0,21.052173799926856,39.77856625616401,21.0,30.0,1771.7382218693873,21.515894897836327,29.63404652847508,21.400000000000003,30.0,0.0,20.67995461910597,31.22397665240739,16.0,30.0,0.0,16.007925145647648,40.62772714725807,12.000000000000002,30.0,0.0,19.47186477044064,33.10159412696043,19.0,30.0,0.0,17.94787732869426,36.51309544662883,10.0,30.0,1264.1341035406484,19.979300550930949,31.89711139127805,20.7,30.0,0.0,16.061593215961069,40.87897964986664,16.0,30.0,0.0,18.75633174841512,0.0,0.0,0.0,15.852748422579026,0.0,0.0,574.7866045112095,1096.2396414432347,546.7537910027769,552.9911467387495,553.2605310212169,562.2622800601034,562.0185240711849,557.3456209582997,557.7067631079677,9685.813015498228,81.60046555441982,84.31702700425865,240.0,0.0,240.0,240.0,21.0,16.0,19.0,16.0,19.7,12.0,21.0,10.0,1.0,0.0,909.0172895380742,0.0,1771.7382218693873,0.0,0.0,0.0,1264.1341035406484,0.0,4111.293202275528,2466775.9213653167,3195786.7006377007,81.60046555441982,84.36316323604203,0.3410431067425176,0.7685999782601464,0.36028137401965956,84.36316323604203,0.35426478194388757,3195786.7006377007,0.1700475750998271 
 03/22  19:00:00,5.32,83.0,5.65,0.0,0.0,0.0,0.0,0.0,0.0,0.0,0.0,4.0,0.0,0.0,0.0,1392.0,0.0,0.0,0.0,0.0,0.0,0.0,0.0,0.0,0.0,0.0,0.0,20.80138381893793,-1282.513298359318,20.8962484548521,-101.90606318791191,20.60316630085283,-655.7029965389511,19.664851059464966,3.0403005062071317,15.954834103889484,31.915216623616318,19.127395165388358,-251.58943194959603,17.49033796060585,129.05032501557708,18.75283796650873,-287.1850134517173,16.140717787141158,-53.04638008469192,1203.7261417974669,1137.2918355824405,0.0,0.0,0.0,0.0,0.0,0.0,0.0,0.0,0.0,0.0,0.0,0.0,0.0,0.0,0.0,0.0,0.0,0.0,0.0,0.0,0.0,0.0,1.5217839987079065,0.46452503013061866,262.74910574802319,304.85084210005967,8209.694886809983,0.2444735070438603,0.03731280632537551,17.412052486252465,20.1561531945135,561.3757476617794,1.7202910666420866,0.3250738977025864,368.70537138632229,427.8205239620859,11635.529816617707,0.36789591818990066,0.06951925891721476,214.26991572975133,249.68199826104667,6389.759173484851,0.0,0.0,11.425912877428356,13.511326077440807,243.95137448990989,0.0,0.0,74.24981785446413,86.77206818451924,2070.633206999846,0.0,0.0,331.66227049666716,389.6254426447314,8274.00375150744,0.0,0.0,44.80549093477188,52.12361914372339,1355.3456766081698,0.0,0.0,224.75076055458534,265.71194985501577,4819.145376544649,42.98343408264678,29.481093335148694,372.431913932759,435.88673419301179,11098.334961005436,0.0,0.0,231.0176925088437,273.28643684065869,4879.990177811978,1341.1773809599454,21.37360935241987,30.201861612278284,21.0,30.0,873.8783330494943,21.529648437468845,39.26467800138761,21.5,30.0,1178.5491492571037,21.197103372228044,30.469524727357269,21.5,30.0,0.0,20.348068764037089,32.02476807187997,16.0,30.0,0.0,16.009686728874266,40.951723771777029,12.0,30.0,930.2051053888243,19.491455946672148,33.183443457643758,19.5,30.0,0.0,17.895443297893743,36.78045086702159,10.0,30.0,1096.2851968111014,20.721813523117768,30.685928952017048,20.7,30.0,0.0,16.057246153634197,41.058702161648998,16.0,30.0,0.0,18.83960501270716,0.0,0.0,0.0,15.877699274875369,0.0,0.0,566.3391457365999,1129.0575308961482,560.7778269867336,557.5397291576169,557.5320593270494,562.6360778927456,564.5214087244393,560.4096313393927,560.3948657314006,10321.429857492405,81.17967516002915,85.32909911356818,240.0,0.0,240.0,240.0,21.0,16.0,19.0,16.0,19.7,12.0,21.0,10.0,1.0,0.0,1341.1773809599454,873.8783330494943,1178.5491492571037,0.0,930.2051053888243,0.0,1096.2851968111014,0.0,6278.306748853803,3766984.0493122816,4892905.516350132,81.17967516002915,85.39957010744144,0.3792768916284601,0.7704582374049108,0.36028137401965956,85.39957010744144,0.3542647819438875,4892905.516350132,0.2582444201835402 
 03/22  19:10:00,5.328333333333333,82.66666666666667,5.593333333333334,0.0,0.0,0.0,0.0,1.0,2.0,0.0,0.0,4.0,0.0,0.0,0.0,2784.0,0.0,0.0,0.0,0.0,0.0,0.0,0.0,0.0,0.0,0.0,0.0,20.903100550252625,-1065.3992496601443,21.030104329604,-194.86784427475824,20.990428705774275,-1600.910279726434,19.590114089793575,653.1414815603503,15.956185059116612,29.19269090397053,19.282722668172636,-64.77720547635805,17.39405504130563,43.069123528526237,18.529126380440368,-231.25381589835525,16.12373071149819,-71.53359990739,1179.0656742667034,1095.6512901139805,0.0,0.0,0.0,0.0,0.0,0.0,0.0,0.0,0.0,0.0,0.0,0.0,0.0,0.0,0.0,0.0,0.0,0.0,0.0,0.0,0.0,0.0,1.5916269440325628,0.4858446105105503,240.205471764412,278.78557210102067,7708.560271345975,0.17226644873275427,0.026292193030029659,30.658697201372165,35.534344876049008,991.0091675388707,1.6445404556666899,0.31075972329302539,390.70483826224247,453.3802179186866,12505.65785560578,0.4140821131309998,0.07824680898167039,360.70361929195419,420.5228906661554,10651.40104932024,0.0,0.0,10.769947258108424,12.748292094525223,229.72753136627484,0.0,0.0,14.245013887398015,16.640798302750996,405.4358400334901,0.0,0.0,259.8553276518495,305.77784277551566,6386.986207282372,0.0,0.0,45.0308915267717,52.56290417285919,1307.2168566228848,0.0,0.0,216.13278231892958,255.809968045109,4624.6155182002,42.87565911231956,29.407173602413974,395.65188825292577,463.52628860297559,11695.15977053781,0.0,0.0,222.1379190583899,263.17387425622698,4636.560621939184,1706.4653660587936,21.671991824300166,30.21013095839616,22.0,30.0,0.0,21.76350227722085,37.539195866250988,21.0,30.0,1946.9079127822275,21.590632459035335,29.876769737296443,21.5,30.0,0.0,20.321154476836357,32.449170533492608,16.0,30.0,0.0,16.008028684267317,41.18043700930002,12.0,30.0,0.0,19.772180921842748,34.446928443723347,19.0,30.0,0.0,17.709865805068227,37.503944365367427,10.0,30.0,628.7427971019049,20.071969491592904,32.90702399375146,19.95,30.0,0.0,16.04271343754326,41.381539642652828,16.0,30.0,0.0,18.755155929511877,0.0,0.0,0.0,15.752944005969159,0.0,0.0,596.5912947701313,1038.1670260769193,563.4563389652075,576.4245385867829,560.9261817787577,668.3494712907523,569.4073840992084,607.7948656744557,565.4561458593846,10396.627083477406,81.13023991628738,86.63078556359129,270.0,0.0,270.0,270.0,21.0,16.0,19.0,16.0,19.7,12.0,21.0,10.0,1.0,0.0,1706.4653660587936,0.0,1946.9079127822275,0.0,0.0,0.0,628.7427971019049,0.0,8323.947289888696,4994368.3739332179,6505429.991416419,81.13023991628738,86.72420308924089,0.3624649096629565,0.7662723313562875,0.36028137401965956,86.72420308924089,0.3542647819438875,6505429.991416419,0.34251235955365386 
 03/22  19:20:00,5.336666666666668,82.33333333333334,5.536666666666667,0.0,0.0,0.0,0.0,1.0,2.0,0.0,0.0,4.0,0.0,0.0,0.0,2784.0,0.0,0.0,0.0,0.0,0.0,0.0,0.0,0.0,0.0,0.0,0.0,20.899040642650428,-791.5922244851654,20.824820040601219,-112.17415066597957,20.73535360983285,-1249.7369639302356,19.791891337559365,430.86265337617535,15.955410762159037,27.446398476619025,19.079154511608509,-56.03457798642147,17.418187862179339,218.53422972650334,18.821012551119908,-284.59315148325205,16.539532957114909,-309.5059364814007,1277.4563401493206,1047.6917774250379,0.0,0.0,0.0,0.0,0.0,0.0,0.0,0.0,0.0,0.0,0.0,0.0,0.0,0.0,0.0,0.0,0.0,0.0,0.0,0.0,0.0,0.0,1.5943602060539846,0.4866789395769183,331.3357993006235,384.92689865924566,10494.771609917014,0.22059796766971694,0.03366879848438903,23.774723983202294,27.585911085334894,757.8610396654988,1.6189894148479154,0.30593148428721009,454.2752446961218,527.6543684118597,14433.205942714569,0.375533303023614,0.07096245333023693,267.6147636232605,311.70388463641759,8064.624690567747,0.0,0.0,11.1751382007952,13.22867767827147,238.11803143060633,0.0,0.0,15.084825857113586,17.63732465894998,420.79848903394398,0.0,0.0,222.49819409336616,261.86803875902185,5487.28888437826,0.0,0.0,49.51914422705104,57.701953890052589,1482.6853661063506,0.0,0.0,178.47953373463543,210.90138382677743,4020.040793042699,42.761270196435749,29.328717555854433,450.018682072092,526.5950568669596,13589.707063244197,0.0,0.0,184.51790749233113,218.79390699746359,3801.798688016216,1027.5809393775267,21.454705301412699,30.639277859363874,21.5,30.0,0.0,21.472982172201179,38.08422290074927,21.0,30.0,1227.6333030785409,21.51331823862515,30.270429040558136,21.5,30.0,0.0,20.626499908085635,32.05867091902722,16.0,30.0,0.0,16.003590857018084,41.663940117218988,12.0,30.0,0.0,19.47372211750774,37.23305482015748,19.0,30.0,0.0,17.777797601337775,37.965752028025878,10.0,30.0,775.6099809233051,20.560458141600667,32.61541550973989,20.45,30.0,844.9621364963019,16.693251312791806,40.54350029549515,16.5,30.0,0.0,19.252123873602025,0.0,0.0,0.0,15.572617996514725,0.0,0.0,590.5914604906834,1016.363293450061,572.5945290555031,581.6617022953569,571.9020882690045,789.0581919670252,586.2576927173287,635.4993155293227,590.3873073855788,10399.663277553576,81.12833015955393,84.76273657032803,270.0,0.0,270.0,270.0,21.0,16.0,19.0,16.0,19.7,12.0,21.0,10.0,1.0,0.0,1027.5809393775267,0.0,1227.6333030785409,0.0,0.0,0.0,775.6099809233051,844.9621364963019,5499.972944137833,3299983.7664826998,4275111.582513103,81.12833015955393,84.82446085658424,0.35333243147126117,0.7684034062218743,0.36028137401965956,84.82446085658424,0.3542647819438875,4275111.582513103,0.2264158022906814 
 03/22  19:30:00,5.345000000000001,82.0,5.48,0.0,0.0,0.0,0.0,1.0,2.0,0.0,0.0,4.0,0.0,0.0,0.0,2784.0,0.0,0.0,0.0,0.0,0.0,0.0,0.0,0.0,0.0,0.0,0.0,20.989968225533887,-505.7759391964753,20.717066257540315,-90.96325407162203,20.696915116047849,-1954.6697324356,19.874644897132606,571.8898271844951,15.956733123549697,30.518970888142307,18.941272100439656,-56.33214237454719,17.529203704200797,100.30029051013571,18.603122965373325,-175.29225805223553,16.40088871006759,-313.45026015460237,1275.212725560938,1149.6951926621762,0.0,0.0,0.0,0.0,0.0,0.0,0.0,0.0,0.0,0.0,0.0,0.0,0.0,0.0,0.0,0.0,0.0,0.0,0.0,0.0,0.0,0.0,1.6123648427246609,0.4921748604165631,243.93765272381249,283.32623682045087,7850.278755594914,0.25751333786611776,0.039303012494828707,17.956446512533053,20.853413487642344,569.4013031463076,1.5700616842359315,0.29668588137489268,475.0750484560441,552.1651053657803,14977.816155081413,0.3903843218449147,0.07376876830024842,331.69401691600788,386.2290095305648,10064.075760424337,0.0,0.0,11.305114779517704,13.38310689553687,240.74547348758945,0.0,0.0,14.942409566676976,17.47983544764494,410.6333073062324,0.0,0.0,251.16219595768386,295.34025378111388,6274.598166230911,0.0,0.0,39.102332269951279,45.64380633885236,1129.9400861120885,0.0,0.0,203.2728946848236,240.28752977596779,4490.117531399769,42.65383126406169,29.255028301825584,452.94571023083565,530.204677713911,13646.207190497928,0.0,0.0,208.58459850825299,247.2841173482401,4274.351809323502,654.8284795476171,21.625373739004617,30.527866064809545,21.5,30.0,0.0,21.30194971299924,39.363060878484507,21.0,30.0,2308.1580958335978,21.49914641046498,30.412167513104018,21.5,30.0,0.0,20.770954556179356,31.990331681800357,16.0,30.0,0.0,16.00431705365598,42.20501000684129,12.0,30.0,0.0,19.262368415705635,39.03854397904267,19.0,30.0,0.0,17.94011682325589,38.05435498844455,10.0,30.0,729.035831532173,20.00429932540877,34.34372453493711,20.2,30.0,0.0,16.41646867537075,41.87358855365116,16.0,30.0,0.0,19.272853248331356,0.0,0.0,0.0,15.56198613983664,0.0,0.0,600.0074944963835,1065.0644428777997,574.8427176412304,589.8866678622424,585.1487866006107,863.2512189209098,601.4365722841703,660.5074864644792,606.0860312063845,9011.14835521227,82.04650914368362,83.88572770178843,270.0,0.0,270.0,270.0,21.0,16.0,19.0,16.0,19.7,12.0,21.0,10.0,1.0,0.0,654.8284795476171,0.0,2308.1580958335978,0.0,0.0,0.0,729.035831532173,0.0,2783.277996621646,1669966.7979729875,2169429.0277697357,82.04650914368362,83.91696373869164,0.3477759332207216,0.7674260132062198,0.36028137401965956,83.91696373869164,0.3542647819438875,2169429.0277697357,0.11680030944402625 
 03/22  19:40:00,5.3533333333333339,81.66666666666667,5.423333333333334,0.0,0.0,0.0,0.0,1.0,2.0,0.0,0.0,4.0,0.0,0.0,0.0,3480.0,0.0,0.0,0.0,0.0,0.0,0.0,0.0,0.0,0.0,0.0,0.0,20.928018633177485,-742.6040710198885,20.65190193776832,-71.04506040821926,20.951089798933297,-1412.1368806854494,19.951931097524878,440.2926212556445,15.958685524328935,29.792495549852537,18.828962085236115,-60.534052014133667,17.46804131926667,95.29894252520353,18.86730413987234,-271.4500905750451,16.197651362084384,-166.6240383708977,1199.45225723184,1194.8082247784947,0.0,0.0,0.0,0.0,0.0,0.0,0.0,0.0,0.0,0.0,0.0,0.0,0.0,0.0,0.0,0.0,0.0,0.0,0.0,0.0,0.0,0.0,1.6109955399814569,0.4917568803362201,209.40661991546387,243.26573131802463,6679.374400888652,0.27063158888325658,0.04130518755849459,14.589755596918293,16.95660476070488,461.5952100285556,1.5788345962083946,0.2983436500771721,354.33881842017527,411.4467401422525,11443.998700189653,0.381328233949,0.07205748940835222,317.82183258989519,370.1340045525907,9680.615469653992,0.0,0.0,11.505237515671335,13.622841642778065,244.87701725830858,0.0,0.0,15.817247941906949,18.5157030093441,429.7031270720044,0.0,0.0,258.3915315565926,304.013227304398,6399.024659068102,0.0,0.0,48.16257615923668,56.14514864701864,1434.1780937143142,0.0,0.0,212.07834630771496,251.00014368768485,4560.579395528491,42.494536765390638,29.145772815768628,355.2718955591633,416.24822413222196,10817.906958831401,0.0,0.0,218.2714399316701,258.7537571843937,4498.966668567229,984.0107896384466,21.601121591939127,30.5161552465635,21.6,30.0,0.0,21.202480181791946,40.92544119650857,21.0,30.0,2025.908871335128,21.749093525817349,30.005972971391956,21.6,30.0,0.0,20.858720222746077,31.787962443197306,16.0,30.0,0.0,16.006039642209964,42.637532228412677,12.000000000000002,30.0,0.0,19.103492285334118,40.12797179541415,19.0,30.0,0.0,17.830384000217895,38.54366460247053,10.0,30.0,602.2429792010377,20.488276553142378,33.52756246642481,20.3,30.0,0.0,16.12189979433581,43.028975104435378,16.0,30.0,0.0,19.068279942476175,0.0,0.0,0.0,15.64127954104258,0.0,0.0,592.5990504495745,1143.9738559855419,577.1246158137326,583.948659531117,595.5630304124495,903.6945677381785,608.3126219463954,663.6810294692522,617.2978186546826,8101.79928301599,81.27652547283071,82.71461569122812,270.0,0.0,270.0,270.0,21.0,16.0,19.0,16.0,19.7,12.0,21.0,10.0,1.0,0.0,984.0107896384466,0.0,2025.908871335128,0.0,0.0,0.0,602.2429792010377,0.0,2176.305603312688,1305783.361987613,1691278.8455116153,81.27652547283071,82.7390392372684,0.27654352011042296,0.614634687042977,0.28822509921572767,82.7390392372684,0.28341182555511,1691278.8455116153,0.09181649996660399 
 03/22  19:50:00,5.361666666666667,81.33333333333333,5.366666666666666,0.0,0.0,0.0,0.0,1.0,2.0,0.0,0.0,4.0,0.0,0.0,0.0,1394.0,0.0,0.0,0.0,0.0,0.0,0.0,0.0,0.0,0.0,0.0,0.0,20.86918790097591,-992.7106523488308,20.59194123179479,-91.38758505149673,20.69639493507494,-766.867563344701,19.778622591815258,52.94333304015208,15.9586476124995,27.572243428701257,19.12711178071076,-74.2304066338335,17.414066983077548,75.84291610060973,18.722532589799309,-228.43168377962923,16.50891804855722,-341.0848232314329,1183.585226320588,1168.9926218326696,0.0,0.0,0.0,0.0,0.0,0.0,0.0,0.0,0.0,0.0,0.0,0.0,0.0,0.0,0.0,0.0,0.0,0.0,0.0,0.0,0.0,0.0,1.5674203723428093,0.4784555471131897,222.76679286699889,258.3297264046403,7046.0279903066789,0.23165482872647825,0.03535635359073233,19.84187345822835,23.004121192567554,619.8266817854565,1.6868502301449669,0.31875476760108986,360.123736382511,418.18417275186257,11324.16982702683,0.3618254463392576,0.06837215539290581,209.61456896562778,244.24680455710655,6300.030237224159,0.0,0.0,11.081547469188209,13.10777276006042,235.72084431392904,0.0,0.0,15.043025549746537,17.565343960750267,420.1250714526511,0.0,0.0,262.26410174120749,308.34700537389917,6442.2294414530629,0.0,0.0,44.020097716647239,51.34568490005566,1275.452383166269,0.0,0.0,214.3730321352959,253.09377034646423,4773.617727410199,42.093022601707989,28.870385872227709,343.16237786583488,401.7257661251286,10339.015457579197,0.0,0.0,219.68046447197168,260.2377269082252,4484.339229794807,1366.129840285431,21.44568696239383,31.110253144847648,21.5,30.0,0.0,21.11102729054161,41.938829727672587,21.0,30.0,1346.399459355744,21.29803848198486,31.139397466418889,21.5,30.0,0.0,20.499261595352,32.66317094780231,16.0,30.0,0.0,16.005109957368569,43.00229105615413,12.0,30.0,765.2335020589655,19.520870736328697,39.55581895240043,19.5,30.0,0.0,17.729235127593208,39.00484641681756,10.0,30.0,876.6974162524508,20.11394347456927,34.45554494495062,20.2,30.0,899.2351107189372,16.527753142180296,42.1320450244358,16.5,30.0,0.0,18.956481390311617,0.0,0.0,0.0,15.544386646497419,0.0,0.0,610.1672473776038,1193.9081360190876,593.5372492338377,591.7426488759217,604.0644103830205,930.9265599421858,616.571324672095,671.0572933231606,622.3462804359315,10237.647380032651,81.2355476818445,84.63786792148903,270.0,0.0,270.0,270.0,21.0,16.0,19.0,16.0,19.7,12.0,21.0,10.0,1.0,0.0,1366.129840285431,0.0,1346.399459355744,0.0,765.2335020589655,0.0,876.6974162524508,899.2351107189372,5149.123113793996,3089473.8682763979,3999742.140003773,81.2355476818445,84.69565061408625,0.34163743712646657,0.7725115864420143,0.36028137401965956,84.69565061408625,0.3542647819438875,3999742.140003773,0.2118265912801962 
 03/22  20:00:00,5.37,81.0,5.31,0.0,0.0,0.0,0.0,1.0,2.0,0.0,0.0,4.0,0.0,0.0,0.0,6273.0,0.0,0.0,0.0,0.0,0.0,0.0,0.0,0.0,0.0,0.0,0.0,20.989805778467756,-1354.8911168502605,20.545562281209564,-93.0604766468124,20.88412584690918,-756.0145197521563,19.651285510260189,476.2515676359513,15.957011872176443,28.519939780838045,19.446131700591928,-69.86334485947396,17.533660800660848,233.97452430837746,18.75658001591026,-213.15205462454484,16.832509426220278,-411.6955214148161,1100.1457723304057,1132.654944867869,0.0,0.0,0.0,0.0,0.0,0.0,0.0,0.0,0.0,0.0,0.0,0.0,0.0,0.0,0.0,0.0,0.0,0.0,0.0,0.0,0.0,0.0,1.5326460651992473,0.46784067924275088,239.7366233449639,278.60090355269599,7668.39964617153,0.24309504695409785,0.03710241864378793,18.391571489481409,21.383407462149994,572.8427218312908,1.6467698832374867,0.3111810059027763,315.5699478086581,367.1213661610463,9920.915815266859,0.39724528202285555,0.07506524603606509,321.50264151936747,375.27152530641225,9476.72912142926,0.0,0.0,11.355643238267833,13.454128213665318,241.28209955925423,0.0,0.0,14.483060744110759,16.921788761620154,413.77076641804436,0.0,0.0,225.98051990898336,265.863466120649,5656.114450512296,0.0,0.0,42.614547807646548,49.75030970078442,1251.1192661810886,0.0,0.0,178.93181169072518,211.4320807380952,4042.563889490206,41.837343163045449,28.695022745573096,317.8714829280356,373.2740608535969,9402.658463648117,0.0,0.0,184.12573285227644,218.55142670572787,3703.3341609282085,1823.0497530608009,21.646658770825878,30.70810863128559,22.00000000000006,30.000000000000087,0.0,21.046644627438725,41.84073619206997,21.000000000000058,30.000000000000087,948.8830224145065,21.319045137556349,31.1398999817351,21.22222222222228,30.000000000000087,0.0,20.348675840027164,33.22279011643202,16.000000000000044,30.000000000000087,0.0,16.002773188403674,43.24217159166902,12.000000000000036,30.000000000000087,0.0,19.862906017076559,39.180899511487059,19.000000000000058,30.000000000000087,0.0,17.98058788637084,38.58227616243022,10.000000000000029,30.000000000000087,359.7392849022234,20.25934888702834,34.41948716029376,20.03333333333339,30.000000000000087,0.0,16.714369440538648,41.90415313393255,16.000000000000044,30.000000000000087,0.0,18.586644690038268,0.0,0.0,0.0,15.393902441672843,0.0,0.0,606.0648469420759,1179.8090197163159,594.1645071751334,605.017633683638,609.9110678422028,950.5215770812523,620.6509223118164,680.8711529210922,631.7134543477586,9757.840868108846,81.55284030396773,83.85891730704998,270.0000000000008,0.0,270.0000000000008,270.0000000000008,21.0,16.0,19.0,16.0,19.7,12.0,21.0,10.0,1.0,0.0,1823.0497530608009,0.0,948.8830224145065,0.0,0.0,0.0,359.7392849022234,0.0,3489.993733234879,2093996.2399409214,2723885.435654079,81.55284030396773,83.89808215021256,0.34299979110782999,0.7688023345361384,0.36028137401966067,83.89808215021256,0.3542647819438885,2723885.435654079,0.14545204265401213 
 03/22  20:10:00,5.371666666666667,80.66666666666667,5.255,0.0,0.0,0.0,0.0,0.0,2.0,0.0,0.0,4.0,0.0,0.0,0.0,2788.0,0.0,0.0,0.0,0.0,0.0,0.0,0.0,0.0,0.0,0.0,0.0,20.8981849984226,-826.9151614657502,20.8565725984564,-83.37050012239344,21.11765073142169,-1620.1659904382378,19.846861450954976,603.1358284005123,15.957552628867543,30.01341391817482,19.20208440516341,-72.00709353605038,17.5722878828592,127.43216663875956,18.05702782986809,-89.35723133147411,16.31537498544192,-282.41506423544,1194.183020904502,1166.172179752701,0.0,0.0,0.0,0.0,0.0,0.0,0.0,0.0,0.0,0.0,0.0,0.0,0.0,0.0,0.0,0.0,0.0,0.0,0.0,0.0,0.0,0.0,1.582224176993686,0.4829744130017357,230.44827036295596,267.75372424154019,7328.039341797285,0.26596582191260717,0.04059307416248583,17.000709602921174,19.714281966570988,544.9901472610418,1.6099048720572076,0.30421482843106736,389.9650876725025,452.83491135301815,12587.683709139468,0.4037675955830961,0.0762977315916659,347.43602818841296,404.9120664033943,10477.004684917843,0.0,0.0,11.448267422077036,13.556048827718119,243.29108921129987,0.0,0.0,15.37627934884252,17.96542687755287,433.1546557703541,0.0,0.0,253.6704132523144,298.2674822128725,6355.598115248485,0.0,0.0,33.023430211034689,38.715880856643227,888.415838776371,0.0,0.0,201.37622909675117,238.21928330023645,4369.115643245078,41.91869030945266,28.750816398801559,391.86065581840247,459.16639193730978,11774.021838067903,0.0,0.0,205.94418148336178,244.33381826199344,4140.350285240334,879.9146277609918,21.616504217199898,30.83158668148738,21.75,30.0,837.7798504448792,21.415631162141488,41.384940556949008,21.5,30.0,1715.1589491546329,21.739628670675264,30.35013829898029,21.5,30.0,0.0,20.70853371266901,32.46405269361679,16.0,30.0,0.0,16.004769409030624,43.530390561255838,12.0,30.0,0.0,19.650450697214479,40.17578309756106,19.0,30.0,0.0,17.999929308918206,38.6715911424579,10.0,30.0,0.0,18.929640982701664,36.86094407436887,12.0,30.0,0.0,16.241421205129368,43.398973757044398,16.0,30.0,0.0,19.031506004755447,0.0,0.0,0.0,15.394450695213614,0.0,0.0,609.4178800617038,1210.3984647601488,593.8338421344309,602.0563450912936,617.7925835621586,967.7098038205959,625.5331815378352,648.6584989531168,637.3120085542607,9549.261882954208,81.69077653948458,83.3819240196225,570.0,0.0,570.0,570.0,21.0,16.0,19.0,16.0,12.0,12.0,21.0,10.0,1.0,0.0,879.9146277609918,837.7798504448792,1715.1589491546329,0.0,0.0,0.0,0.0,0.0,2559.4231658532269,1535653.8995119362,1990594.325856411,81.69077653948458,83.41064531805958,0.34031410552844096,0.7681710669363169,0.36028137401965956,83.41064531805958,0.3542647819438875,1990594.325856411,0.11149090494453337 
 03/22  20:20:00,5.373333333333334,80.33333333333334,5.2,0.0,0.0,0.0,0.0,0.0,2.0,0.0,0.0,4.0,0.0,0.0,0.0,2091.0,0.0,0.0,0.0,0.0,0.0,0.0,0.0,0.0,0.0,0.0,0.0,20.992635284026833,-813.6139102794795,21.033619903626329,-153.96446999283283,21.01445524646639,-1527.420493618563,19.860769856162994,398.96914742479756,15.956761079884683,28.458691946843687,19.14189468535541,-60.80114299403165,17.487964583962986,54.13104538057388,17.541001215480529,-38.55939102238694,16.584444236009014,-400.48978622403515,1222.6577009665617,1159.2755032493397,0.0,0.0,0.0,0.0,0.0,0.0,0.0,0.0,0.0,0.0,0.0,0.0,0.0,0.0,0.0,0.0,0.0,0.0,0.0,0.0,0.0,0.0,1.5877029268926269,0.4846468030807773,252.42722017209355,293.10802877077648,8001.748439560472,0.19090790206392997,0.029137347689854995,27.32853741463716,31.657617794586458,881.5795212792048,1.7682904087160272,0.3341440681625146,439.302450291755,509.8015579509366,14058.179677334003,0.3948893147651372,0.07462005192084977,266.63246990466237,310.43756254951497,8058.905416171463,0.0,0.0,10.790543038145849,12.773503416423193,229.28635880718736,0.0,0.0,14.098664356653929,16.471510446755369,394.37419129681708,0.0,0.0,265.65074752294347,312.46244365417877,6573.388388012798,0.0,0.0,23.448061542810657,27.564459687765113,592.1960471746313,0.0,0.0,212.31553257224386,250.93887451382347,4684.951757743016,41.701635152497008,28.601944549037726,423.32118402883949,495.37569810140067,12703.917324603417,0.0,0.0,215.66315975833698,255.8772763678897,4303.102854809767,1232.0374128772128,21.570812623248075,31.613568785097905,21.666666666666658,29.99999999999999,0.0,21.754511283402324,39.55819308858704,20.999999999999994,29.99999999999999,2195.1726992698465,21.561149747545629,30.891570805382039,21.666666666666658,29.99999999999999,0.0,20.667140098470726,33.100467998265198,15.999999999999993,29.99999999999999,0.0,16.004083685303386,43.81851654436276,11.999999999999995,29.99999999999999,0.0,19.54474493703708,40.91083324020449,18.999999999999994,29.99999999999999,0.0,17.834695594155595,39.287074844053709,9.999999999999997,29.99999999999999,0.0,18.079148046547308,38.65902359394368,11.999999999999995,29.99999999999999,1035.065476318173,16.423623408557359,42.979869400571789,16.33333333333333,29.99999999999999,0.0,19.175289703679927,0.0,0.0,0.0,15.317435585626722,0.0,0.0,651.7054183642977,1136.381941621909,605.327761248141,634.3738706213741,627.289666092583,990.3052252606219,633.9015809203413,635.7731813121052,636.9887230774364,8830.843471598018,82.16584020150855,82.16584020150855,569.9999999999998,0.0,569.9999999999998,569.9999999999998,21.0,16.0,19.0,16.0,12.0,12.0,21.0,10.0,1.0,0.0,1232.0374128772128,0.0,2195.1726992698465,0.0,0.0,0.0,0.0,1035.065476318173,0.0,0.0,0.0,82.16584020150855,82.16584020150855,0.3399999999999999,0.7694361352972112,0.36028137401965945,82.16584020150855,0.35426478194388735,0.0,0.007599999999999999 
 03/22  20:30:00,5.375,80.0,5.145,0.0,0.0,0.0,0.0,0.0,2.0,0.0,0.0,4.0,0.0,0.0,0.0,2788.0,0.0,0.0,0.0,0.0,0.0,0.0,0.0,0.0,0.0,0.0,0.0,21.004953504433155,-660.8839058703693,20.83774823281013,-133.77381230298708,21.08271754202499,-1588.974573633126,19.884984634291827,402.0527348847395,15.951670697073063,24.826672772527318,19.11324208614805,-43.69282349828181,17.540758912766948,230.95033788202159,17.220761291480849,-25.871534081509865,16.668108366303579,-458.1471979837679,1153.6952272411773,980.3486515259127,0.0,0.0,0.0,0.0,0.0,0.0,0.0,0.0,0.0,0.0,0.0,0.0,0.0,0.0,0.0,0.0,0.0,0.0,0.0,0.0,0.0,0.0,1.6603451567633976,0.506820865922893,220.77473728352383,256.4282582487535,7066.924210730121,0.2120925782409461,0.032370662124686529,26.278520042408858,30.518199064165935,835.693937510868,1.6299449807225875,0.3080016970375261,369.58856454499257,429.226365255348,11787.659231186091,0.38085839084818476,0.07196870575362521,292.06777745479419,340.26196823122077,8801.35115004567,0.0,0.0,10.66629542277813,12.62992209734362,226.45117707244143,0.0,0.0,13.881734647333574,16.226092420223158,387.17436525944586,0.0,0.0,217.61947428089406,255.9317883490655,5439.8918336739629,0.0,0.0,13.116052492889109,15.448803926377887,318.74789631622016,0.0,0.0,159.82865713642213,188.79502414180093,3611.081279498193,41.43613927855832,28.419848613551669,362.7135443486833,424.8679660406614,10947.214034583818,0.0,0.0,164.62689989689179,195.61091997558197,3179.6562440579375,1317.9152202202366,21.611687957625578,31.505235139281376,21.75,30.0,0.0,21.473108565433,39.00008695868358,21.0,30.0,1943.3894933556513,21.61312330226289,30.89517126798528,21.5,30.0,0.0,20.684414669913467,32.9507507874733,16.0,30.0,0.0,15.996172390436783,44.14801269326085,12.0,30.0,0.0,19.502723582480479,41.763701802672759,19.0,30.0,0.0,17.967229613670889,39.217813759028938,10.0,30.0,0.0,17.59414792461343,39.932309573367778,12.0,30.0,0.0,16.708019458501334,42.43404533012847,16.0,30.0,0.0,19.04524989356964,0.0,0.0,0.0,14.97032832452043,0.0,0.0,647.1827137704086,1054.0144306670839,611.9945925332538,626.4786189381192,638.5439948519656,1028.1825581217286,643.4568669432432,638.001890888401,645.9945545861365,9637.37700455864,81.63248120911293,85.06416445502323,570.0,0.0,570.0,570.0,21.0,16.0,19.0,16.0,12.0,12.0,21.0,10.0,1.0,0.0,1317.9152202202366,0.0,1943.3894933556513,0.0,0.0,0.0,0.0,0.0,5193.515963948445,3116109.578369067,4067097.1410514067,81.63248120911293,85.12244582894535,0.3431171987982815,0.7658798114853408,0.36028137401965956,85.12244582894535,0.3542647819438875,4067097.1410514067,0.21870905133467317 
 03/22  20:40:00,5.376666666666667,79.66666666666667,5.09,0.0,0.0,0.0,0.0,0.0,2.0,0.0,0.0,4.0,0.0,0.0,0.0,2790.0,0.0,0.0,0.0,0.0,0.0,0.0,0.0,0.0,0.0,0.0,0.0,20.85335140529135,-511.79486524378106,20.72721790165378,-120.73880727276753,21.128526996545138,-1745.932746113545,19.872155067402077,373.6413273132116,15.948463043456345,27.736441383148898,19.086417047812924,-51.19716891715016,17.50526401717545,11.338184825151972,16.935676246137246,-60.19102293550216,16.303029578523338,-300.10499789519818,1140.2040055170456,1191.1540688009855,0.0,0.0,0.0,0.0,0.0,0.0,0.0,0.0,0.0,0.0,0.0,0.0,0.0,0.0,0.0,0.0,0.0,0.0,0.0,0.0,0.0,0.0,1.6789801986094626,0.5125092181347568,252.5982233212123,293.7081059698681,7959.173187439021,0.22885824775618286,0.034929524993312418,24.645761535491084,28.61911999252371,775.8308849033323,1.6082267217036468,0.3038977176310748,385.5918103489199,447.8532788374131,12241.279752897706,0.3691459361940924,0.06975546791271588,260.0522360110606,302.85799531259638,7820.9574573472659,0.0,0.0,10.419711137238846,12.339922599239574,221.1416124208887,0.0,0.0,14.187063272413564,16.586647394909705,394.55755129597159,0.0,0.0,259.65676195966639,305.59259633869757,6420.350046199421,0.0,0.0,17.539567730426304,20.693963645784046,412.0176495532923,0.0,0.0,197.11269735288279,233.29061018268443,4258.745565350874,41.19573124519752,28.254959701781588,378.18066162070718,442.69259325774979,11448.536800250778,0.0,0.0,211.28136988613466,250.89906938164843,4178.1825431136589,594.0619994767059,21.308529788969176,32.204182263315789,21.250000000000008,30.00000000000001,0.0,21.293218547729759,39.69564473414351,21.000000000000008,30.00000000000001,1987.7980810302946,21.62526801621343,30.727931417954886,21.500000000000008,30.00000000000001,0.0,20.637251738007039,33.1078232650169,16.000000000000008,30.00000000000001,0.0,15.993694870814953,44.430669352717817,12.000000000000004,30.00000000000001,0.0,19.460965197044506,42.191663573102889,19.000000000000008,30.00000000000001,0.0,17.82290753805603,39.76865593126269,10.000000000000004,30.00000000000001,0.0,17.162390262545594,41.26638645282241,12.000000000000004,30.00000000000001,0.0,16.187613501115118,44.15386467412403,16.000000000000008,30.00000000000001,0.0,19.024987584986719,0.0,0.0,0.0,15.210161084727965,0.0,0.0,654.2508246584856,1070.2083540101165,604.4382090776618,630.1731789592036,647.4883767024825,1043.8999090986052,650.4934443963163,646.356408200047,654.6914791896098,7053.016570503891,82.07344704438441,84.01586764605048,570.0000000000002,0.0,570.0000000000002,570.0000000000002,21.0,16.0,19.0,16.0,12.0,12.0,21.0,10.0,1.0,0.0,594.0619994767059,0.0,1987.7980810302946,0.0,0.0,0.0,0.0,0.0,2939.2767346943298,1763566.0408165979,2291235.3105870007,82.07344704438441,84.04885639626065,0.2679758911564777,0.5392096500684569,0.27021103051474468,84.04885639626065,0.2656985864579156,2291235.3105870007,0.12598423615052405 
 03/22  20:50:00,5.378333333333333,79.33333333333334,5.035,0.0,0.0,0.0,0.0,0.0,2.0,0.0,0.0,4.0,0.0,0.0,0.0,2094.0,0.0,0.0,0.0,0.0,0.0,0.0,0.0,0.0,0.0,0.0,0.0,21.234483667099839,-1000.2220736459244,20.65718319123593,-57.808434112056009,21.141708330209896,-1312.6721471060742,19.91507637657567,430.5663037759808,15.94454208976765,28.376051536440479,19.057415113195085,-68.00382623730366,17.574191475477116,256.2731095354213,16.704327885716553,-68.6410688204891,16.60544964924525,-447.1278260522995,1220.0686769508137,1101.745079664278,0.0,0.0,0.0,0.0,0.0,0.0,0.0,0.0,0.0,0.0,0.0,0.0,0.0,0.0,0.0,0.0,0.0,0.0,0.0,0.0,0.0,0.0,1.5132180273992866,0.46191026477389748,277.28119668154928,321.84731981120606,8905.760331104782,0.2760612679467168,0.04213389315426085,19.153919676367079,22.251885281414645,602.2962285571482,1.8239408236789326,0.34466001959163547,445.41702459652239,516.9161914467268,14316.036358770583,0.3987873104669083,0.07535663463093509,312.8973586693553,364.38935080645777,9442.827944128416,0.0,0.0,11.717577000579715,13.870954065302346,248.58340033361257,0.0,0.0,16.094401271273683,18.810986944440445,446.2128615560852,0.0,0.0,248.38543092227236,292.0456721085691,6225.760255015084,0.0,0.0,21.561360192630674,25.440384432065515,491.39818222336609,0.0,0.0,172.95049653790643,204.32207739704516,3891.9722879295757,41.21006539130315,28.26479107771138,430.3686385587934,503.5281358406411,13000.522680226628,0.0,0.0,190.10919259253948,225.8602203513717,3678.809080109422,1229.08549641215,21.897219698700274,30.87103615009469,21.666666666666687,30.00000000000002,0.0,21.18704315621984,40.46953681026862,21.000000000000015,30.00000000000002,1816.76396022775,21.703606336817037,30.876027714370659,22.000000000000019,30.00000000000002,0.0,20.703762454792537,32.95425727602939,16.000000000000015,30.00000000000002,0.0,15.989427377822406,44.662455305695228,12.00000000000001,30.00000000000002,0.0,19.416416167327684,42.31253005702258,19.000000000000015,30.00000000000002,0.0,18.013886669747,39.306557335327379,10.000000000000007,30.00000000000002,0.0,16.830919317987367,42.355694199932937,12.00000000000001,30.00000000000002,1014.8883862049106,16.68726178164564,42.925648528713697,16.66666666666668,30.00000000000002,0.0,19.346848102217103,0.0,0.0,0.0,15.002386224911002,0.0,0.0,642.5860584346472,1106.7796363278529,621.7521782600675,629.2737044048369,654.3891525316304,1041.631384315875,650.0500392901922,653.9809690084759,659.6750405036593,9599.78216110651,81.65734229260826,83.95692253250083,570.0000000000005,0.0,570.0000000000005,570.0000000000005,21.0,16.0,19.0,16.0,12.0,12.0,21.0,10.0,1.0,0.0,1229.08549641215,0.0,1816.76396022775,0.0,0.0,0.0,0.0,1014.8883862049106,3480.1720973404219,2088103.2584042515,2710286.472956279,81.65734229260826,83.9959770390567,0.3426724032446809,0.7688157309238821,0.3602813740196598,83.9959770390567,0.3542647819438878,2710286.472956279,0.1474898965937265 
 03/22  21:00:00,5.38,79.0,4.98,0.0,0.0,0.0,0.0,0.0,2.0,0.0,0.0,4.0,0.0,0.0,0.0,2792.0,0.0,0.0,0.0,0.0,0.0,0.0,0.0,0.0,0.0,0.0,0.0,20.956837236513253,-740.9811918398968,20.62075183507038,-73.97691222136199,21.129986726312688,-1427.189296338563,19.954511186642763,395.2253516010817,15.94249926153163,29.34984182356655,19.03862769265612,-46.79289928467479,17.72664787138244,179.01414669671659,16.494740490582389,-94.11027465084359,16.74808037788126,-474.4990795247227,1162.0328977849568,1166.3647123839895,0.0,0.0,0.0,0.0,0.0,0.0,0.0,0.0,0.0,0.0,0.0,0.0,0.0,0.0,0.0,0.0,0.0,0.0,0.0,0.0,0.0,0.0,1.6359067005665089,0.49936101970894655,246.26409156763433,286.1779877459123,7860.7693149202609,0.26560483156358469,0.040537977955370067,16.828196766382037,19.55661096006577,528.043802859153,1.6325609879052237,0.3084960294605488,387.16380330025086,449.72242834877576,12350.786514294414,0.38200036542591156,0.07218449837980184,288.24835378250637,335.80803541878017,8722.375360544529,0.0,0.0,11.262095028355292,13.337459773183955,238.87659334271454,0.0,0.0,15.029593320183907,17.576670485902164,416.1205978096522,0.0,0.0,236.67165357431603,278.1048012772713,6039.0342183391799,0.0,0.0,30.563219819755319,36.121066680328578,679.481922756547,0.0,0.0,155.11418363548627,183.13408575552882,3551.7350814757826,40.95862718441999,28.092336889176953,376.0703809963537,440.4784186757787,11373.431773435139,0.0,0.0,181.5731148995868,215.7549719946628,3511.424430492263,1220.6271630072013,21.584031204417344,31.389869247287263,21.75,30.0,0.0,21.133144822671374,41.71234090599896,21.0,30.0,1755.2962968496,21.633032835051979,30.967547623418644,21.5,30.0,0.0,20.751399629600497,32.98383472922646,16.0,30.0,0.0,15.989236578327962,44.75797276060617,12.0,30.0,0.0,19.39709347201856,42.36397274785332,19.0,30.0,0.0,18.245202162592208,38.773349966816649,10.0,30.0,0.0,16.529451574930066,43.34310488825896,12.0,30.0,334.0022472827278,16.873993786403859,42.44473899569623,16.5,30.0,0.0,19.180392282620024,0.0,0.0,0.0,15.001394266553508,0.0,0.0,639.8700263325832,1176.7912882669289,620.5933419774704,636.9952266506381,656.4603026519126,1040.855998359815,651.6039357596003,659.6948579286896,660.602821748153,9635.630949560942,81.63346001358595,83.6427439622204,570.0,0.0,570.0,570.0,21.0,16.0,19.0,16.0,12.0,12.0,21.0,10.0,1.0,0.0,1220.6271630072013,0.0,1755.2962968496,0.0,0.0,0.0,0.0,334.0022472827278,3040.3112981484707,1824186.7788890824,2360816.9695268527,81.63346001358595,83.67686827403314,0.3563437099382824,0.7701670084055884,0.36028137401965956,83.67686827403314,0.3542647819438875,2360816.9695268527,0.12903248241539634 
 03/22  21:10:00,5.093333333333334,80.16666666666667,4.956666666666667,0.0,0.0,0.0,0.0,0.0,2.0,0.0,0.0,4.0,0.0,0.0,0.0,2792.0,0.0,0.0,0.0,0.0,0.0,0.0,0.0,0.0,0.0,0.0,0.0,21.041005922829755,-555.0269575548114,20.57632779904627,-76.79050411038806,21.220458125608169,-1589.641239285494,19.912319003282314,347.962919319398,15.94029456283978,29.17941701239289,19.019551782200986,-54.04323967760729,17.601137473135993,32.58199796243116,16.326006473661559,-67.44816701107118,16.394656130163328,-322.54136737885917,1132.104578910684,1247.203809528019,0.0,0.0,0.0,0.0,0.0,0.0,0.0,0.0,0.0,0.0,0.0,0.0,0.0,0.0,0.0,0.0,0.0,0.0,0.0,0.0,0.0,0.0,1.6767311409806043,0.5118226926070221,221.35981234871296,257.73084698260569,7082.835873799033,0.2570888465091279,0.03923822443668008,19.402929894812436,22.561806289878324,616.305981465493,1.7225057397756736,0.3254923922478598,363.7588348169159,422.6651994616499,11809.33485913372,0.3812300255158689,0.07203893150337657,234.6950768998824,273.235366548906,7207.231173009628,0.0,0.0,10.87709328431071,12.883071908318455,236.95500211613047,0.0,0.0,14.959616309899879,17.49690056676731,422.17587367600859,0.0,0.0,266.30406646862846,313.3078782075772,6806.612225026764,0.0,0.0,30.570616796884786,36.17300595537443,684.8000840806888,0.0,0.0,184.96304076481955,218.85037418289449,4147.679902166932,41.06910463672528,28.168110176080455,349.5939977256592,409.71146576036127,10789.113808951555,0.0,0.0,213.52869015173128,253.66157120456874,4318.653684943412,1058.8496244962353,21.556744810152737,31.838125900263714,21.5,30.0,0.0,21.073526837449987,42.148745668673459,21.0,30.0,1990.4880538759215,21.712826054486546,30.596601378841926,21.5,30.0,0.0,20.65710031969089,33.243057093812399,16.0,30.0,0.0,15.989001924853005,44.866755586496299,12.0,30.0,0.0,19.378550769434676,42.57701707144444,19.0,30.0,0.0,17.96250987451894,39.60912747200763,10.0,30.0,0.0,16.30800934001965,43.9922739786041,12.0,30.0,0.0,16.31705530320731,43.97465907338709,16.0,30.0,0.0,18.925745488964578,0.0,0.0,0.0,15.157556754383123,0.0,0.0,664.4553113406697,1198.0231012739674,610.6049700687711,643.0136512479045,659.9324146261117,1049.6049232409817,658.4247621408476,660.0743849121018,660.0333701633863,8316.000793052684,82.50610834280026,84.25895985506679,570.0,0.0,570.0,570.0,21.0,16.0,19.0,16.0,12.0,12.0,21.0,10.0,1.0,0.0,1058.8496244962353,0.0,1990.4880538759215,0.0,0.0,0.0,0.0,0.0,2652.7124345515719,1591627.4607309432,2068150.549456396,82.50610834280026,84.28872909281276,0.34342374781838577,0.7683032959529172,0.36028137401965956,84.28872909281276,0.3542647819438875,2068150.549456396,0.11352882857173259 
 03/22  21:20:00,4.806666666666667,81.33333333333334,4.933333333333334,0.0,0.0,0.0,0.0,0.0,2.0,0.0,0.0,4.0,0.0,0.0,0.0,2794.0,0.0,0.0,0.0,0.0,0.0,0.0,0.0,0.0,0.0,0.0,0.0,20.952240967136974,-610.1148683693778,20.535727403457324,-102.59961112264637,21.21873312674002,-1859.7618242880254,19.910158574760133,362.6300462035922,15.933387355412354,26.211026121538127,18.992373779153377,-60.33931684452703,17.460436820582346,11.273464840490306,16.204615864890589,-60.56882404651384,16.539436497125025,-361.4820893466267,1130.9795362307908,1247.1126926088323,0.0,0.0,0.0,0.0,0.0,0.0,0.0,0.0,0.0,0.0,0.0,0.0,0.0,0.0,0.0,0.0,0.0,0.0,0.0,0.0,0.0,0.0,1.7429329112751245,0.5320308031975349,225.83533076048094,262.46311351873637,7430.742181992766,0.263607391087445,0.0402331182978396,20.60130281792546,23.944178779653624,663.9235778235906,1.6734322182355202,0.3162192400293879,345.3489192236034,401.11662252887188,11378.63145781912,0.38169889519592956,0.07212753121616202,263.4670870486122,306.9611561196504,8227.095502363129,0.0,0.0,10.585424630654553,12.540190756625674,236.50740106440623,0.0,0.0,14.297311908993083,16.727171268091518,410.78876864497047,0.0,0.0,272.27323829823657,320.6476829531466,6985.168541372645,0.0,0.0,28.97368597236031,34.30595890125267,657.5736524677335,0.0,0.0,192.61705668005966,227.969448248408,4409.792595532674,41.19777802790724,28.256363530800586,333.6164607443639,390.8530279243198,10497.450325728656,0.0,0.0,220.48432964373257,262.01864113486,4556.241181824361,657.8286238962772,21.416218344511809,32.03484960354468,21.25,30.0,12.089332564476539,21.0220987974736,42.391036321374027,21.0,30.0,2064.2063913800654,21.624637083355649,30.550424859243724,21.5,30.0,0.0,20.650691016112007,32.96549502329587,16.0,30.0,0.0,15.9802004887878,44.993887106651559,12.0,30.0,0.0,19.347218728846096,42.73433714931494,19.0,30.0,0.0,17.71532798094165,40.29181253726772,10.0,30.0,0.0,16.162229040101768,44.57242216579088,12.0,30.0,795.9221874318624,16.274661685078948,44.318672375346817,16.25,30.0,0.0,18.71068344923881,0.0,0.0,0.0,15.083535072471138,0.0,0.0,664.0504991643446,1208.8300403735676,602.50783615111,630.4367891062636,663.9168547448226,1054.5749889196446,662.7438902823303,667.3331917542271,669.6792049420035,7696.646691965958,81.8200553675511,85.52086021771747,570.0,0.0,570.0,570.0,21.0,16.0,19.0,16.0,12.0,12.0,21.0,10.0,1.0,0.0,657.8286238962772,12.089332564476539,2064.2063913800654,0.0,0.0,0.0,0.0,795.9221874318624,5600.35404871211,3360212.429227266,4385841.2239110129,81.8200553675511,85.58371216990226,0.27167846829040367,0.5370212423624223,0.27021103051474468,85.58371216990226,0.2656985864579156,4385841.2239110129,0.233732076976706 
 03/22  21:30:00,4.52,82.5,4.91,0.0,0.0,0.0,0.0,0.0,2.0,0.0,0.0,4.0,0.0,0.0,0.0,2796.0,0.0,0.0,0.0,0.0,0.0,0.0,0.0,0.0,0.0,0.0,0.0,21.022741473122755,-742.8725791518436,21.17542711548213,-184.39900557054615,21.17827912246538,-1261.9946112613584,19.96308687083307,377.0808362226303,15.923914265838956,26.11476167272724,18.9811452990323,-27.784199067657327,17.535887162367339,216.1145554200748,16.076207078908959,-90.5845591120501,16.57283101770347,-426.8907752292557,1276.36789759552,1203.3903345880888,0.0,0.0,0.0,0.0,0.0,0.0,0.0,0.0,0.0,0.0,0.0,0.0,0.0,0.0,0.0,0.0,0.0,0.0,0.0,0.0,0.0,0.0,1.775730147159798,0.5420421694626978,330.07334317016577,383.7970205169377,11018.96654105276,0.18243507700984908,0.027844181472809695,33.96160347221087,39.3783205244527,1164.5498510763712,2.056108746728202,0.38853150920789916,438.2074258459394,509.4180379866314,14699.273542112984,0.40160107973347305,0.07588833706225867,270.26730918143496,315.008553165142,8640.972898163518,0.0,0.0,10.52536451313778,12.470169923412339,240.9753164142188,0.0,0.0,13.639846035086059,15.956561909403306,399.7577924859569,0.0,0.0,242.3004395943812,285.156558851015,6449.4577810820669,0.0,0.0,37.53295850010643,44.47153747815413,861.1312881628635,0.0,0.0,158.56877905850224,187.50983892412473,3799.123328224448,41.59127975737451,28.526254977623134,437.6508624138,512.5773510774211,14036.51424987678,0.0,0.0,190.1945238137835,226.13911355115853,3988.2601635884686,974.3300839086888,21.482140829688448,31.62626527739273,21.5,30.0,1003.1657668860482,21.95324337068697,37.95271592007951,21.75,30.0,1277.9975073015608,21.55948236993187,31.05303418090363,21.5,30.0,0.0,20.749799548389264,32.85493738241002,16.0,30.0,0.0,15.968158958807877,45.21564700019962,12.0,30.0,0.0,19.350289671806949,43.319082498892047,19.0,30.0,0.0,17.921756713080617,39.71495811832682,10.0,30.0,0.0,15.991756174865918,45.15021717933985,12.0,30.0,0.0,16.52377074952837,43.645932107559207,16.0,30.0,0.0,19.296805120801716,0.0,0.0,0.0,14.94460340238917,0.0,0.0,651.3865302354963,1086.6617714385519,626.5990462922597,638.9584835117252,673.0505539542717,1088.4760641404269,662.6961720753142,672.8321681843045,673.408952521917,7787.608641598257,82.85556782413095,82.85556782413095,570.0,0.0,570.0,570.0,21.0,16.0,19.0,16.0,12.0,12.0,21.0,10.0,1.0,0.0,974.3300839086888,1003.1657668860482,1277.9975073015608,0.0,0.0,0.0,0.0,0.0,0.0,0.0,0.0,82.85556782413095,82.85556782413095,0.34,0.7688952335156621,0.36028137401965956,82.85556782413095,0.3542647819438875,0.0,0.005351666666666667 
 03/22  21:40:00,4.233333333333333,83.66666666666666,4.886666666666667,0.0,0.0,0.0,0.0,0.0,2.0,0.0,0.0,4.0,0.0,0.0,0.0,2097.0,0.0,0.0,0.0,0.0,0.0,0.0,0.0,0.0,0.0,0.0,0.0,21.27153933688237,-939.3626026605991,20.97331109788457,-154.11145906627997,21.258431715576778,-1658.7305954210042,19.939446539321254,446.01952864191278,15.914824137464312,27.406422083063228,18.965056780460157,-49.86816434378204,17.557554571975716,73.58908622777507,15.974703586630515,-66.237048272676,16.66956738056813,-476.3573179099098,1234.6268117695695,1283.1665935067486,0.0,0.0,0.0,0.0,0.0,0.0,0.0,0.0,0.0,0.0,0.0,0.0,0.0,0.0,0.0,0.0,0.0,0.0,0.0,0.0,0.0,0.0,1.7914219514627475,0.5468320975161017,216.00834681974255,250.59892126867508,7542.155864475766,0.2399109726040893,0.03661644881014797,26.764458958256449,31.062196545610719,924.3385979620824,1.9051216892450814,0.3600003192073098,359.62664687803848,417.31851481808789,12438.43497014878,0.42024651335632037,0.07941166163195779,316.80250437506199,369.1089750028917,10278.321370782416,0.0,0.0,10.83142072350574,12.830135459268139,254.00824170574556,0.0,0.0,14.178521452136593,16.58381898315444,423.232468754188,0.0,0.0,267.8822208282776,315.1549093729117,7278.922929782389,0.0,0.0,35.50325023514628,42.06864430061562,827.1251194604948,0.0,0.0,182.33259035845584,215.51106125066225,4478.745453381837,41.79046093061066,28.662867579294038,357.61423393330076,419.02905076337779,11658.397216786774,0.0,0.0,213.74997147602086,254.00452592907079,4622.57658762032,1508.6874350485155,21.99745996863515,31.01740953675576,22.000000000000019,30.00000000000002,0.0,21.701609569341295,37.90322613872473,21.000000000000015,30.00000000000002,2439.7136585847276,21.75176870910679,30.861299092429783,21.666666666666687,30.00000000000002,0.0,20.707418047006333,33.197488170123829,16.000000000000015,30.00000000000002,0.0,15.957676282892117,45.319063584806837,12.00000000000001,30.00000000000002,0.0,19.33511794699234,43.48379243689037,19.000000000000015,30.00000000000002,0.0,17.916617547970455,39.832920494803008,10.000000000000007,30.00000000000002,0.0,15.87719446564341,45.49124401254716,12.00000000000001,30.00000000000002,1012.8983410891719,16.512512756800409,43.699729845113647,16.000000000000015,30.00000000000002,0.0,18.90734060161973,0.0,0.0,0.0,14.98688890726229,0.0,0.0,676.0830964351343,1037.9718657386214,639.8538627498376,654.7459759855265,677.1893881634346,1096.9072103190275,668.9181057768412,674.6308015814472,674.4739654093793,10413.831635296334,81.11900235657181,85.81072512020576,570.0000000000005,0.0,570.0000000000005,570.0000000000005,21.0,16.0,19.0,16.0,12.0,12.0,21.0,10.0,1.0,0.0,1508.6874350485155,0.0,2439.7136585847276,0.0,0.0,0.0,0.0,1012.8983410891719,7100.284145970585,4260170.487582347,5543827.631005599,81.11900235657181,85.89040614818294,0.3500094715323529,0.7665717206501336,0.3602813740196598,85.89040614818294,0.3542647819438878,5543827.631005599,0.2933140368122912 
 03/22  21:50:00,3.9466666666666669,84.83333333333334,4.863333333333333,0.0,0.0,0.0,0.0,0.0,2.0,0.0,0.0,4.0,0.0,0.0,0.0,2798.0,0.0,0.0,0.0,0.0,0.0,0.0,0.0,0.0,0.0,0.0,0.0,20.971261542271607,-648.7333516921461,20.807947173618218,-148.8430697815582,21.188923837305358,-1775.889234884253,19.983680219099246,391.8529403561888,15.90677203851013,26.199420254739424,18.941935967971383,-37.382940541327588,17.597077074932643,171.9531977135223,15.890532681959649,-75.73763812702339,16.71579777163729,-451.6226099475707,1176.0048991704458,1177.1729679273695,0.0,0.0,0.0,0.0,0.0,0.0,0.0,0.0,0.0,0.0,0.0,0.0,0.0,0.0,0.0,0.0,0.0,0.0,0.0,0.0,0.0,0.0,1.865403380245257,0.5694149512348159,208.99386525153876,242.96365311794959,7252.073456094386,0.2671402066646099,0.04077231481450091,24.88433425970638,28.899903766669099,861.7515461573854,1.7948241510864734,0.3391580028508076,339.10652974907307,394.1553621863319,11724.301085698007,0.40728071782614547,0.07696158689080598,285.32679227021807,332.6178156875626,9454.58242103412,0.0,0.0,10.801793856332264,12.803267270448189,259.3371728757749,0.0,0.0,14.010727156189546,16.40025987577278,425.5867370497547,0.0,0.0,235.89678186193135,277.6070552633072,6587.595926031114,0.0,0.0,39.69317643449641,47.06811882542669,940.4313400229137,0.0,0.0,149.31972461947508,176.47198816618417,3813.936392136914,41.89047479779253,28.731464196016835,336.7865318851038,394.85968804694849,11234.094719755089,0.0,0.0,181.8580517313788,216.37464710796596,3973.2203691914717,652.2321179625114,21.379990503850644,32.019140483393908,21.25,30.0,0.0,21.43331464243038,39.01457390508132,21.0,30.0,1890.0183087371466,21.52773260047558,31.134162483079256,21.5,30.0,0.0,20.769113672820468,33.02000265668569,16.0,30.0,0.0,15.949118734494487,45.37250146733057,12.0,30.0,0.0,19.313007396896916,43.46235185305157,19.0,30.0,0.0,18.013334353488383,39.64480567997617,10.0,30.0,0.0,15.784243965327369,45.83430546442177,12.0,30.0,0.0,16.753650124629148,43.08158535600718,16.0,30.0,0.0,18.68971671781785,0.0,0.0,0.0,14.80411514939259,0.0,0.0,666.2240634871541,1061.9671945902185,634.2958874188632,653.945815643366,679.2023258664128,1094.002112901037,672.9532384151245,678.983710014513,678.9850096470145,7363.568199676083,81.23977149697892,83.27734081065667,570.0,0.0,570.0,570.0,21.0,16.0,19.0,16.0,12.0,12.0,21.0,10.0,1.0,0.0,652.2321179625114,0.0,1890.0183087371466,0.0,0.0,0.0,0.0,0.0,3083.043227212255,1849825.936327353,2396271.172506643,81.23977149697892,83.31194550186882,0.2727681075737418,0.540439077028721,0.27021103051474468,83.31194550186882,0.2656985864579156,2396271.172506643,0.1296727676370121 
 03/22  22:00:00,3.66,86.0,4.84,0.0,0.0,0.0,0.0,0.0,2.0,0.0,0.0,4.0,0.0,0.0,0.0,2100.0,0.0,0.0,0.0,0.0,0.0,0.0,0.0,0.0,0.0,0.0,0.0,20.98459956796095,-654.7435400119824,20.68249817347511,-92.88682711381267,21.28575752785089,-1815.3010334338715,19.97214877884645,408.1685516846055,15.897734266208126,28.70826595670235,18.922323438957159,-50.796604398187358,17.576265834914158,86.15310449939057,15.804839759792785,-67.60502425878794,16.328494972672269,-353.6417924895792,1276.5503380640558,1319.0682059090009,0.0,0.0,0.0,0.0,0.0,0.0,0.0,0.0,0.0,0.0,0.0,0.0,0.0,0.0,0.0,0.0,0.0,0.0,0.0,0.0,0.0,0.0,1.8489868253524465,0.5644037928426277,261.3506233672938,303.93392088847079,9058.043104979028,0.2983195677490069,0.04553106955876178,18.88942666729343,21.947160884674845,661.6187532134413,2.0108457982178287,0.379978419920225,410.53860661739079,476.5248356064293,14641.868254508201,0.41874896571004496,0.07912867832767293,303.4072518993657,353.5494055156143,10205.612364310771,0.0,0.0,11.186900100761449,13.255958823558368,274.830775794118,0.0,0.0,15.012607491668622,17.565252361775113,464.0662907087948,0.0,0.0,264.7024377810669,311.43782952808575,7517.691209109193,0.0,0.0,39.51916060842922,46.87070798656751,951.743747661611,0.0,0.0,175.58731938233519,207.83618758406173,4392.489783610622,42.14535308070212,28.90627783312906,397.8644799023324,465.98895914968,13462.241790015807,0.0,0.0,209.7013479135604,249.29303202602598,4752.219519028044,690.5067351082487,21.43650928872375,32.01824518307528,21.000000000000015,30.00000000000002,0.0,21.239191192856305,40.14342956806032,21.000000000000015,30.00000000000002,2311.9093877132938,21.730372362104178,30.845384374329865,22.000000000000019,30.00000000000002,0.0,20.739172658591476,33.087733890681807,16.000000000000015,30.00000000000002,0.0,15.939535994405233,45.44700564123536,12.00000000000001,30.00000000000002,0.0,19.294123641149523,43.51200353438864,19.000000000000015,30.00000000000002,0.0,17.959759285001476,39.79148243283312,10.000000000000007,30.00000000000002,0.0,15.68633667714474,46.16591562527256,12.00000000000001,30.00000000000002,0.0,16.186834697907075,44.70871121483722,16.000000000000015,30.00000000000002,0.0,19.02803105693923,0.0,0.0,0.0,14.92060186864287,0.0,0.0,674.5766681629783,1105.4508928359538,641.9368023189359,656.7863208198396,682.3908477979012,1095.0186872678935,675.090388511428,682.2399455498714,682.3144698285942,10299.570715450864,81.19459479644141,83.4639469721993,570.0000000000005,0.0,570.0000000000005,570.0000000000005,21.0,16.0,19.0,16.0,12.0,12.0,21.0,10.0,1.0,0.0,690.5067351082487,0.0,2311.9093877132938,0.0,0.0,0.0,0.0,0.0,3434.4703461165656,2060682.2076699376,2666696.529913835,81.19459479644141,83.50248810587587,0.341149011537219,0.7655650008909671,0.3602813740196598,83.50248810587587,0.3542647819438878,2666696.529913835,0.1437665528888528 
 03/22  22:10:00,3.606666666666667,86.16666666666667,4.785,0.0,0.0,0.0,0.0,0.0,2.0,0.0,0.0,4.0,0.0,0.0,0.0,7000.0,0.0,0.0,0.0,0.0,0.0,0.0,0.0,0.0,0.0,0.0,0.0,20.847351165479418,-166.41628576163405,20.615210476420378,-98.02696103385979,21.246251920787978,-1935.4620338808493,20.030393016611499,363.7172146051173,15.886686272421223,21.518277833433236,18.89936925056308,-33.03940136218097,17.509872027181076,92.9806598745439,15.72792434136592,-106.53701870488716,17.707867355674084,-398.03686083305976,1263.6019257632264,1065.2143687761928,0.0,0.0,0.0,0.0,0.0,0.0,0.0,0.0,0.0,0.0,0.0,0.0,0.0,0.0,0.0,0.0,0.0,0.0,0.0,0.0,0.0,0.0,1.9242855464683646,0.5873887504482188,205.40533926528725,239.39380355835716,7132.182015093645,0.29631594943333469,0.04522526700752972,21.309701347327626,24.80168921788878,743.4387898183607,1.8099906276576923,0.34202392812881579,396.2052566023443,461.0845333012542,14096.103357865724,0.39373645018438338,0.07440220147097192,260.96588570979238,304.5360268604452,8849.246819529017,0.0,0.0,11.061858414745617,13.120296802306655,272.6301589338725,0.0,0.0,12.813149832371244,15.016171502437235,396.84508640779066,0.0,0.0,190.19805094361366,224.18655885907217,5378.37936806747,0.0,0.0,45.88033311172584,54.47026108249739,1101.2234461952697,0.0,0.0,126.5073064538209,148.91915503838445,3644.58823244396,41.92683900865187,28.75640535572832,368.55797942449086,432.60029532428839,12595.601053504834,0.0,0.0,142.92329614494299,170.34587866833108,3164.3771528089057,592.8261682731691,21.160945160557057,32.35426164963895,21.299999999999998,30.0,0.0,21.140460702600384,40.613785971581247,21.000000000000005,30.0,2126.732577944759,21.601381763956924,30.857471633097818,21.599999999999999,30.0,0.0,20.837650336773984,32.61850904010933,15.999999999999999,30.0,0.0,15.925926670007926,45.515137222437378,12.0,30.0,0.0,19.27110061995922,42.43604144550837,19.0,30.0,0.0,17.864403424733465,40.022645458717928,10.0,30.0,0.0,15.596236486335656,46.52072452205082,12.0,30.0,2998.1111863162516,18.089506520353504,39.72875149602871,20.0,30.0,0.0,18.96330936439683,0.0,0.0,0.0,14.47836269877197,0.0,0.0,668.6269281009253,1125.2301276889335,633.7067422902377,647.3324747453129,685.0889172694598,1078.5343424471476,678.6442645374976,687.8874497900742,684.8342978605103,10390.556361071021,81.13434415820909,86.15937327326185,570.0,0.0,570.0,570.0,21.0,16.0,19.0,19.0,12.0,12.0,21.0,10.0,1.0,0.0,592.8261682731691,0.0,2126.732577944759,0.0,0.0,0.0,0.0,2998.1111863162516,7604.5331678125089,4562719.900687505,5963888.633506816,81.13434415820909,86.24471494958728,0.35548443892708367,0.7658240691765196,0.3602813740196596,86.24471494958728,0.3542647819438876,5963888.633506816,0.31525220894235458 
 03/22  22:20:00,3.5533333333333338,86.33333333333334,4.73,0.0,0.0,0.0,0.0,0.0,2.0,0.0,0.0,4.0,0.0,0.0,0.0,1400.0,0.0,0.0,0.0,0.0,0.0,0.0,0.0,0.0,0.0,0.0,0.0,21.413810056678459,-1431.2141635689177,20.556704503761183,-43.81846835794266,21.108362782185297,-815.5632206658693,19.998581276523809,437.1941816596591,15.871013477097375,26.05067706831187,18.873823994800238,-47.73328399967872,17.418150547565653,52.565536167809117,15.58259155426212,-141.02523092206344,18.93996515533825,-856.7888432610764,1332.8553093653509,1450.7619145431148,0.0,0.0,0.0,0.0,0.0,0.0,0.0,0.0,0.0,0.0,0.0,0.0,0.0,0.0,0.0,0.0,0.0,0.0,0.0,0.0,0.0,0.0,1.715153597050753,0.5235511590509014,325.46771825424437,377.480271716183,11705.6710718474,0.3422783172098688,0.05224028040443662,23.62002544593144,27.434946225670758,823.8926370642658,2.280329515051214,0.4309012689061253,381.8663287907427,443.41981077657285,13712.558522766543,0.4323332882087466,0.08169563269250689,293.8157438612504,342.2325181743216,9964.248513315793,0.0,0.0,13.410913270915814,15.878761594754863,331.59508479438628,0.0,0.0,16.04259232636528,18.76215994331414,497.67748090797138,0.0,0.0,220.6908795852892,259.68081227088239,6146.987397380077,0.0,0.0,55.646149030948908,66.01168768562502,1318.4068127862698,0.0,0.0,185.93375291044053,216.80253891241288,6090.659959679433,42.0487638923948,28.840030104523195,378.1209878273701,442.99944623204666,12919.277601939822,0.0,0.0,170.31370962844566,201.58938309104807,4172.501038915717,1849.4051026398298,22.176662591308714,30.07931192043278,22.0,30.0,0.0,21.059796950485166,40.807286740046809,21.0,30.0,1242.1098955491858,21.790932229677808,30.71307880271207,22.0,30.0,0.0,20.7826045846137,32.50031214725591,16.0,30.0,0.0,15.906648570502643,45.479470000288447,12.0,30.0,0.0,19.239353085175183,40.443186241104779,19.0,30.0,0.0,17.693437551273168,40.46955982707749,10.0,30.0,0.0,15.378324476991276,47.255733165741819,12.0,30.0,1931.2280578957419,20.31417674880465,34.366527499131688,20.0,30.0,0.0,19.120632938623879,0.0,0.0,0.0,15.090204994896274,0.0,0.0,650.2765947915926,1141.0468886534227,647.0767598452555,637.6712424254906,683.7582164095262,1035.030051024819,681.3557624233072,694.0420972772506,681.3238634567488,6863.6956040307109,83.46627494864609,83.46627494864609,570.0,0.0,570.0,570.0,21.0,16.0,19.0,19.0,12.0,12.0,21.0,10.0,1.0,0.0,1849.4051026398298,0.0,1242.1098955491858,0.0,0.0,0.0,0.0,1931.2280578957419,0.0,0.0,0.0,83.46627494864609,83.46627494864609,0.34,0.769333140404917,0.36028137401965956,83.46627494864609,0.3542647819438875,0.0,0.005383333333333332 
 03/22  22:30:00,3.5,86.5,4.675,0.0,0.0,0.0,0.0,0.0,2.0,0.0,0.0,4.0,0.0,0.0,0.0,1400.0,0.0,0.0,0.0,0.0,0.0,0.0,0.0,0.0,0.0,0.0,0.0,21.291319778405958,-649.2847168651447,20.538018957531546,-45.72206938239452,21.270862466082535,-1901.8968353250512,20.12970784283389,571.9074649331669,15.867136523691027,32.586659228263219,18.8354736355277,-59.63831677937668,17.33524300867409,181.12637970784273,15.642296250189155,95.74389103497129,18.25458714431593,-815.7917455770676,1373.1470126802124,1838.0619802497318,0.0,0.0,0.0,0.0,0.0,0.0,0.0,0.0,0.0,0.0,0.0,0.0,0.0,0.0,0.0,0.0,0.0,0.0,0.0,0.0,0.0,0.0,1.940964761870931,0.5924800860411879,242.6646290331828,281.6456290970439,8864.993811079725,0.349475878498709,0.05333880929467475,16.262070270911996,18.90363514912893,572.3579353359552,1.7578265195017014,0.33216676483403287,427.89558738232906,496.7793681144313,15545.635770106408,0.4095118620696031,0.07738319389070353,305.7030191145027,355.82439411981445,10536.065721869438,0.0,0.0,13.19885701146033,15.632718197902904,327.84397221485019,0.0,0.0,16.39435550119784,19.19292045927341,508.8155718433361,0.0,0.0,288.63041109977936,340.031912642297,8073.763131043759,0.0,0.0,52.16693561048655,61.86921669113032,1262.3588624629215,0.0,0.0,258.152779624231,302.6965923844698,7906.719580118632,41.98441130758373,28.79589252920696,416.46150587142827,487.7476350908284,14350.399728404329,0.0,0.0,247.15311587263688,292.6043032942871,6268.204789993077,1153.6083691752716,22.02124138261373,30.490160939928257,22.0,30.0,0.0,21.044069908193756,41.48800494303279,21.0,30.0,2263.3877912364998,21.985448619875038,30.130230529602046,22.0,30.0,0.0,21.02420911301824,31.88834660228611,16.0,30.0,0.0,15.909534068129898,45.35644844387145,12.0,30.0,0.0,19.18683021105702,39.192420710336737,19.0,30.0,0.0,17.591184276785218,40.68438603305049,10.0,30.0,0.0,15.57872093444429,46.42676711748348,12.0,30.0,709.9183411103626,18.972999070671514,37.264105046315169,19.0,30.0,0.0,19.305809217450539,0.0,0.0,0.0,16.05033583088608,0.0,0.0,662.1980408976981,1191.2257274811905,637.8433911196414,634.4413666306732,681.6291900604978,985.8602205586062,683.1038183117951,689.5808233994662,681.3435873914006,8292.018837465826,82.52200612487738,82.52200612487738,570.0,0.0,570.0,570.0,21.0,16.0,19.0,19.0,12.0,12.0,21.0,10.0,1.0,0.0,1153.6083691752716,0.0,2263.3877912364998,0.0,0.0,0.0,0.0,709.9183411103626,0.0,0.0,0.0,82.52200612487738,82.52200612487738,0.34,0.7707866921462527,0.36028137401965956,82.52200612487738,0.3542647819438875,0.0,0.005636666666666667 
 03/22  22:40:00,3.4466666666666669,86.66666666666667,4.62,0.0,0.0,0.0,0.0,0.0,2.0,0.0,0.0,0.0,0.0,0.0,0.0,5600.0,0.0,0.0,0.0,0.0,0.0,0.0,0.0,0.0,0.0,0.0,0.0,20.575982213145914,-444.6586265134491,20.314861285922846,-272.48127501775829,20.670666857490294,-729.5504190569669,20.059197558923857,58.77273465832899,15.86030285565758,25.26533237933836,18.70939746247722,-36.71757989437069,17.495348961089705,52.752989157518189,15.653984573967794,-81.27882502131206,17.91585425631761,-234.57080463406408,1112.1761030093249,1048.3736369976428,0.0,0.0,0.0,0.0,0.0,0.0,0.0,0.0,0.0,0.0,0.0,0.0,0.0,0.0,0.0,0.0,0.0,0.0,0.0,0.0,0.0,0.0,1.845272749353522,0.5632700700102327,202.04187244946074,235.73240990890907,6937.937542590357,0.3454226045772955,0.052720177743787479,95.0481972071484,110.8796366401224,3234.111862756174,1.8560929875559696,0.3507356363484449,178.94153813417078,208.77039943066104,6251.128147619783,0.36521154201565866,0.06901200718360895,140.43172477258598,164.02332566221296,4835.492432161428,0.0,0.0,12.103985952212274,14.363494887279892,301.76795886542427,0.0,0.0,13.22766890080555,15.524947846378187,408.63054364569327,0.0,0.0,175.6186935234777,207.05397156305339,5025.943342039781,0.0,0.0,49.990691534500047,59.37889957527614,1217.3775860748488,0.0,0.0,142.62736959196136,167.7941156741921,4253.292163974949,41.28687801453649,28.31747463274109,237.04504917175988,278.9929747117511,8249.003823819026,0.0,0.0,130.5991130426408,155.71882110385139,2932.925281533346,0.0,20.804040480244546,33.80022685004881,21.5,30.0,0.0,20.703162334030066,36.462109318654267,12.0,30.0,0.0,20.93546167166576,32.852491009908508,22.0,30.0,0.0,20.822126967340546,32.900165491221788,12.0,30.0,0.0,15.904363820614407,45.35982155397295,12.0,30.0,0.0,19.05267472878699,38.786863369054987,12.0,30.0,0.0,17.83599176171555,40.30406603704777,10.0,30.0,0.0,15.600799643538914,46.24943600036009,12.0,30.0,0.0,18.45161182074804,38.62930822188566,20.0,30.0,0.0,18.02452603726791,0.0,0.0,0.0,14.547692601712514,0.0,0.0,722.9699181751936,868.0793136622351,685.2195584741951,672.0367420591148,684.0408820908066,970.7559176468348,700.9354497190899,687.9910231165989,690.6168346218375,0.0,83.96627258160992,83.96627258160992,60.0,0.0,60.0,60.0,12.0,12.0,12.0,19.0,12.0,12.0,21.0,10.0,0.0,0.0,0.0,0.0,0.0,0.0,0.0,0.0,0.0,0.0,0.0,0.0,0.0,83.96627258160992,83.96627258160992,0.0,0.0,0.0,83.96627258160992,0.0,0.0,0.00062 
 03/22  22:50:00,3.393333333333333,86.83333333333333,4.5649999999999999,0.0,0.0,0.0,0.0,0.0,2.0,0.0,0.0,0.0,0.0,0.0,0.0,2800.0,0.0,0.0,0.0,0.0,0.0,0.0,0.0,0.0,0.0,0.0,0.0,19.968506108680744,-203.40343998674144,19.897672510768897,-310.56389609312387,20.061348743413455,-369.68184200437238,19.624036850383509,-230.10811764412893,15.839458738825487,16.13533736800545,18.585919369609905,-27.72975419951075,17.390423940341614,70.8153595941717,15.521294724816603,-129.39295596471363,17.565529118522389,-76.63082700747919,1062.5800343467452,789.2067461618051,0.0,0.0,0.0,0.0,0.0,0.0,0.0,0.0,0.0,0.0,0.0,0.0,0.0,0.0,0.0,0.0,0.0,0.0,0.0,0.0,0.0,0.0,1.8004082302940512,0.5495751618724211,231.64932010374714,271.04533914343,7551.742780264145,0.33131774211097117,0.050567420957107939,114.18526715939923,133.51022616240639,3741.8406828853114,1.7829131500158182,0.3369072467905931,218.09874452934833,255.06962452468333,7170.092838931576,0.33268410066858658,0.06286547631681527,127.16701394191142,148.71250340511265,4171.9695370995109,0.0,0.0,10.819940548470197,12.835337334447166,270.31808458258038,0.0,0.0,12.12996682191402,14.238859583030067,372.1429239803372,0.0,0.0,129.24213018779404,152.404237941889,3668.4315240973839,0.0,0.0,48.27785773103026,57.36252323722094,1160.8123770397124,0.0,0.0,101.81731159017335,119.97494878747477,2933.8127658836999,40.5429539815013,27.807238670439859,286.14280557835067,336.76910841649058,9534.622055703652,0.0,0.0,91.61884522261464,109.48440589517264,1933.2608980400665,0.0,19.828269167016594,35.362017927664229,22.0,30.0,0.0,20.007694910782158,34.71824231551435,12.0,30.0,0.0,19.95395724973075,34.634873667934559,22.0,30.0,0.0,20.018334990045064,34.338846449888567,12.0,30.0,0.0,15.873391735622964,45.54848026459593,12.0,30.0,0.0,18.882129021117494,38.72442115182745,12.0,30.0,0.0,17.66191877843912,40.75890713309016,10.0,30.0,0.0,15.382639903030592,46.93747946361517,12.0,30.0,0.0,17.87303008346901,40.26596557460295,20.0,30.0,0.0,18.006741540262678,0.0,0.0,0.0,13.796290320576539,0.0,0.0,701.8450031081134,693.0057472066385,676.8320390474366,666.6736985907622,692.4688231686995,979.9230034940292,706.9155703515647,693.7702415715457,705.2433427479605,0.0,83.9662725816099,83.9662725816099,60.0,0.0,60.0,60.0,12.0,12.0,12.0,19.0,12.0,12.0,21.0,10.0,0.0,0.0,0.0,0.0,0.0,0.0,0.0,0.0,0.0,0.0,0.0,0.0,0.0,83.9662725816099,83.9662725816099,0.0,0.0,0.0,83.9662725816099,0.0,0.0,0.0006066666666666666 
 03/22  23:00:00,3.34,87.0,4.51,0.0,0.0,0.0,0.0,0.0,2.0,0.0,0.0,0.0,0.0,0.0,0.0,2100.0,0.0,0.0,0.0,0.0,0.0,0.0,0.0,0.0,0.0,0.0,0.0,19.68712348308584,-101.34086238987864,19.583711207623197,-317.6504188871111,19.692289374616384,-339.70748652309899,19.24461476451827,-213.01273589949688,15.812879299692075,11.435429474613527,18.486450947513434,-24.807143068702034,17.393496168910159,112.0404377271118,15.372452363744643,-159.89428264600373,17.35802103114434,-42.94043609910092,870.626435332881,617.7204866941677,0.0,0.0,0.0,0.0,0.0,0.0,0.0,0.0,0.0,0.0,0.0,0.0,0.0,0.0,0.0,0.0,0.0,0.0,0.0,0.0,0.0,0.0,1.7462807621357342,0.533052735694669,180.8974259246981,211.89774115969056,5818.67869636918,0.32153479721898206,0.049074297499844678,126.72084550692679,148.369889132146,4051.0453898914468,1.722235519533013,0.32544133022165819,190.63483633126487,223.219424108596,6078.2846908103369,0.3290759143258034,0.06218365728000824,132.76680401950677,155.4895414372621,4212.690663765987,0.0,0.0,10.098412605598723,11.977374040536793,252.65516181436414,0.0,0.0,11.320104031857936,13.289865386470135,345.8006494145169,0.0,0.0,108.91477109996066,128.34407845496748,3109.325776512829,0.0,0.0,48.20073409952158,57.29868510673835,1142.238025275169,0.0,0.0,44.06685444239554,52.003654556972239,1249.2263464931548,39.905903248924769,27.37030401160824,225.437728158766,265.71369085973307,7473.992025000716,0.0,0.0,68.40067611586405,81.8422745061281,1381.5122202757669,0.0,19.467780293310338,35.50531881319643,22.000000000000019,30.00000000000002,0.0,19.525525081994784,34.83674487465717,12.00000000000001,30.00000000000002,0.0,19.428399072093265,35.36578875452868,22.000000000000019,30.00000000000002,0.0,19.392815491000549,35.1735241167861,12.00000000000001,30.00000000000002,0.0,15.83483441031499,45.66438768222965,12.00000000000001,30.00000000000002,0.0,18.754534611399266,38.70115392748903,12.00000000000001,30.00000000000002,0.0,17.693391474386496,40.22622131829664,10.000000000000007,30.00000000000002,0.0,15.146039136697836,47.83519517816058,12.00000000000001,30.00000000000002,0.0,17.555212546478417,40.94929783027247,20.000000000000015,30.00000000000002,0.0,17.455488080749629,0.0,0.0,0.0,13.316232392499363,0.0,0.0,670.9407029275408,646.12529953218,658.3493638778527,644.94341191236,697.0082679369516,992.8994867426286,690.5556733328235,706.7195926430865,702.3636566754752,0.0,83.96627258160997,83.96627258160997,60.00000000000004,0.0,60.00000000000004,60.00000000000004,12.0,12.0,12.0,19.0,12.0,12.0,21.0,10.0,0.0,0.0,0.0,0.0,0.0,0.0,0.0,0.0,0.0,0.0,0.0,0.0,0.0,83.96627258160997,83.96627258160997,0.0,0.0,0.0,83.96627258160997,0.0,0.0,0.0005933333333333335 
 03/22  23:10:00,3.2966666666666666,87.0,4.5,0.0,0.0,0.0,0.0,0.0,2.0,0.0,0.0,0.0,0.0,0.0,0.0,2100.0,0.0,0.0,0.0,0.0,0.0,0.0,0.0,0.0,0.0,0.0,0.0,19.342785218158704,-232.31743472940677,19.218909864130514,-424.65334131435977,19.397944062972308,-327.1294553620834,18.94361808204858,-159.10345543799549,15.784888639148239,7.529860027608777,18.405510608985723,-20.06036957041149,17.294638050019566,4.983907965721601,15.240925658807376,-158.68760111337466,17.10934373968994,-262.89457049479679,844.616642641844,798.5965823016928,0.0,0.0,0.0,0.0,0.0,0.0,0.0,0.0,0.0,0.0,0.0,0.0,0.0,0.0,0.0,0.0,0.0,0.0,0.0,0.0,0.0,0.0,1.7290909538743727,0.5278055414756939,341.08174039950048,400.4070267504045,10643.618681565042,0.3132567038566103,0.0478108522369674,212.75819568608035,249.8428300746695,6593.737881375509,1.6192243468268637,0.30597587808519735,158.52556714226226,186.05143153865803,4985.840866844968,0.31970693293757976,0.06041325263370742,118.95919511580968,139.67478302080273,3689.919149472409,0.0,0.0,8.867613072836129,10.51851625286813,221.99676928764706,0.0,0.0,11.645050514697627,13.677109611064484,354.67153588255487,0.0,0.0,136.26231359151886,160.7081438482727,3854.272555863956,0.0,0.0,47.59365534131242,56.62434237667357,1114.3937763844747,0.0,0.0,59.629617870415689,70.41408161912512,1646.1255842969864,39.3651094667983,26.999389209052347,331.65260303670939,391.4960086637505,10418.289130225308,0.0,0.0,93.04352552777941,111.31936782630416,1896.0726689562094,0.0,18.94306041363882,35.73378733676662,22.0,30.0,0.0,18.94237892811909,35.28180401347412,12.0,30.0,0.0,19.037859970046818,35.43349850094117,22.0,30.0,0.0,18.921392666754007,35.53126512503998,12.0,30.0,0.0,15.79678511263964,45.577584929022609,12.0,30.0,0.0,18.659803333040416,38.53990407695511,12.0,30.0,0.0,17.50738689082285,40.049353634061699,10.0,30.0,0.0,14.952080764632028,48.00005733514217,12.0,30.0,0.0,17.145033711259875,41.66322339700251,20.0,30.0,0.0,17.39710434258163,0.0,0.0,0.0,13.356923055571724,0.0,0.0,631.1486413743986,610.9583158466063,624.8115052298355,616.9932398922463,695.1041332455068,995.3286763611134,667.820087443524,700.7121654831893,694.5786452627108,0.0,83.9662725816099,83.9662725816099,60.0,0.0,60.0,60.0,12.0,12.0,12.0,19.0,12.0,12.0,21.0,10.0,0.0,0.0,0.0,0.0,0.0,0.0,0.0,0.0,0.0,0.0,0.0,0.0,0.0,83.9662725816099,83.9662725816099,0.0,0.0,0.0,83.9662725816099,0.0,0.0,0.00058 
 03/22  23:20:00,3.253333333333334,87.0,4.49,0.0,0.0,0.0,0.0,0.0,2.0,0.0,0.0,0.0,0.0,0.0,0.0,1400.0,0.0,0.0,0.0,0.0,0.0,0.0,0.0,0.0,0.0,0.0,0.0,19.15376106142785,-141.05180591372437,19.07899627146422,-219.85853633398768,19.160181542075578,-251.92179639250618,18.76258914679765,-221.4757196925343,15.757755379585034,8.325739687910385,18.325267207269819,-24.05134067919687,17.204202805545586,26.095342735045507,15.147517215628993,-142.93279200642918,16.843433124227475,-298.9297843676253,706.083479764076,869.0965070815071,0.0,0.0,0.0,0.0,0.0,0.0,0.0,0.0,0.0,0.0,0.0,0.0,0.0,0.0,0.0,0.0,0.0,0.0,0.0,0.0,0.0,0.0,1.6893551512612413,0.5156761755986695,142.2246314244701,166.90176414385943,4411.046635441202,0.3158409548068125,0.0482052739326637,79.8219251458097,93.63188366493464,2464.072585043099,1.6454801280430769,0.31093728798999956,206.77983923594696,242.65682029368794,6396.607193623597,0.3193324968441724,0.060342497514015939,115.63632013015007,135.7606589487244,3534.1621279394828,0.0,0.0,9.010094319692952,10.68351725397323,225.81079828123917,0.0,0.0,11.105599852203442,13.040214437942769,337.2511611859304,0.0,0.0,149.62845477337749,176.42172151307995,4207.467475663387,0.0,0.0,46.6685585634273,55.51417138742456,1086.4219354160003,0.0,0.0,71.23921986890976,84.16190888922444,1915.2463791727806,39.20559041775752,26.889979710396113,194.4324455994524,229.5860959252022,6366.401375406868,0.0,0.0,104.46083287021864,124.87039299697035,2138.5443457929766,0.0,18.749531761867368,35.761912894206059,22.0,30.0,0.0,18.82382660611374,35.246246228385967,12.0,30.0,0.0,18.74359540885644,35.6786681679506,22.0,30.0,0.0,18.668362105194587,35.73793512120925,12.0,30.0,0.0,15.76352273815268,45.36805437874044,12.0,30.0,0.0,18.563722420071689,38.377174261604157,12.0,30.0,0.0,17.374028636339629,40.25184732458517,10.0,30.0,0.0,14.834786349182164,47.99486251272586,12.0,30.0,0.0,16.73909544993048,42.411216159908139,20.0,30.0,0.0,16.897014563995147,0.0,0.0,0.0,13.358456401376559,0.0,0.0,612.5107717089479,598.1672840289994,608.0227636179845,603.611405418694,687.3352200164918,995.6958837931065,663.8641278509144,691.6743468162733,685.981835470079,0.0,83.9662725816099,83.9662725816099,60.0,0.0,60.0,60.0,12.0,12.0,12.0,19.0,12.0,12.0,21.0,10.0,0.0,0.0,0.0,0.0,0.0,0.0,0.0,0.0,0.0,0.0,0.0,0.0,0.0,83.9662725816099,83.9662725816099,0.0,0.0,0.0,83.9662725816099,0.0,0.0,0.0005533333333333334 
 03/22  23:30:00,3.21,87.0,4.48,0.0,0.0,0.0,0.0,0.0,2.0,0.0,0.0,0.0,0.0,0.0,0.0,2100.0,0.0,0.0,0.0,0.0,0.0,0.0,0.0,0.0,0.0,0.0,0.0,18.951277811562428,-174.61832316672926,18.907498631340308,-300.7637990791365,18.9973009089977,-322.0402994999239,18.599063167663048,-98.93899873037128,15.733307302348376,8.092414626680255,18.254638923497155,-27.726395645720144,17.07041999423603,-51.2742137625561,15.090144232892073,-117.03473876654187,16.556282738556065,-437.7663043968083,644.577120266111,1044.0319372172892,0.0,0.0,0.0,0.0,0.0,0.0,0.0,0.0,0.0,0.0,0.0,0.0,0.0,0.0,0.0,0.0,0.0,0.0,0.0,0.0,0.0,0.0,1.6720768504207145,0.510401968992892,165.1590610930886,194.03449447824515,5045.364320925845,0.3073593916664368,0.04691077406386397,114.85910872535834,134.9137926212655,3501.964509833245,1.6199837398674564,0.3061193763921875,110.0667631610188,129.36607645892895,3395.0256417000857,0.319697787211751,0.060411524416430609,112.9848325718493,132.8408581039767,3427.3674490593105,0.0,0.0,8.47318853556689,10.056305357659018,212.6597025138375,0.0,0.0,11.600933555406686,13.636065691721429,351.5823367052578,0.0,0.0,178.71737123450817,211.06593678407047,4965.022263522514,0.0,0.0,43.80582682931917,52.16296120503482,1019.425014615399,0.0,0.0,104.85973095078758,124.18515262945744,2741.434622385472,38.96429999381665,26.724485592466836,189.94893637460829,224.5573980917082,6176.694135440988,0.0,0.0,137.5905536635207,164.5269356445013,2871.805023404877,0.0,18.495881998878109,35.69579986582508,21.999999999999994,29.99999999999999,0.0,18.606112955647118,35.287454849814128,11.999999999999995,29.99999999999999,0.0,18.573025071037326,35.51967557751808,21.999999999999994,29.99999999999999,0.0,18.47177293327611,35.92383197110493,11.999999999999995,29.99999999999999,0.0,15.737397405796664,45.18509377087039,11.999999999999995,29.99999999999999,0.0,18.48616744141716,38.23899975604158,11.999999999999995,29.99999999999999,0.0,17.150205645822763,40.42604840084491,9.999999999999997,29.99999999999999,0.0,14.786059149499465,47.7212671415999,11.999999999999995,29.99999999999999,0.0,16.296731692123413,43.25032487063445,19.999999999999994,29.99999999999999,0.0,16.67068154904735,0.0,0.0,0.0,13.528281247017969,0.0,0.0,587.6133144122343,580.0907946964926,587.4271712769833,594.0525593762201,680.7614444183059,991.316171864924,651.4975603540747,679.3392815851973,675.5861978822668,0.0,83.96627258160987,83.96627258160987,59.99999999999998,0.0,59.99999999999998,59.99999999999998,12.0,12.0,12.0,19.0,12.0,12.0,21.0,10.0,0.0,0.0,0.0,0.0,0.0,0.0,0.0,0.0,0.0,0.0,0.0,0.0,0.0,83.96627258160987,83.96627258160987,0.0,0.0,0.0,83.96627258160987,0.0,0.0,0.0005266666666666667 
 03/22  23:40:00,3.166666666666667,87.0,4.470000000000001,0.0,0.0,0.0,0.0,0.0,2.0,0.0,0.0,0.0,0.0,0.0,0.0,1400.0,0.0,0.0,0.0,0.0,0.0,0.0,0.0,0.0,0.0,0.0,0.0,18.71287122002307,-314.2823143070068,18.74888932665555,-149.658506091013,18.827869558467527,-238.15354008228125,18.469695581306696,-146.5748835460954,15.70623831625343,7.707380469239697,18.17799369410686,-34.83757315435663,16.909474921471788,-42.57181620198254,15.055906263835082,-102.54281894786257,16.264787729407016,-424.7244475970775,693.6342586091221,1078.441491613652,0.0,0.0,0.0,0.0,0.0,0.0,0.0,0.0,0.0,0.0,0.0,0.0,0.0,0.0,0.0,0.0,0.0,0.0,0.0,0.0,0.0,0.0,1.6648599898462276,0.5081990200995812,198.95938112485107,234.06222160842609,5929.860343071013,0.314150968934963,0.047947339581038337,97.10060479199766,114.13920161099915,2946.1694144620125,1.6145339134503152,0.3050895528061822,152.44830783719739,179.16669356690864,4652.872760095425,0.31592146975600057,0.05969793457218453,88.20911434773388,103.73326524882862,2657.5104624503567,0.0,0.0,8.433140042568978,10.002839966450776,211.937725743052,0.0,0.0,11.821877914294383,13.893010843820197,357.3605040628138,0.0,0.0,192.64608226013577,227.58853254667987,5277.691005556805,0.0,0.0,40.81419012805607,48.57495565040634,952.747656471155,0.0,0.0,119.45091686034866,141.60734456684919,3036.9679016156298,38.84927667092434,26.64559442450231,223.1808163759597,263.7030926790481,7129.276889497161,0.0,0.0,150.72090696334426,180.14059768371255,3159.9284074814279,0.0,18.16216859125295,36.1340351495661,22.000000000000008,30.00000000000001,0.0,18.42056018036849,35.46298652137198,12.000000000000004,30.00000000000001,0.0,18.389023396207596,35.67947184200712,22.000000000000008,30.00000000000001,0.0,18.3060041424441,35.92603830757197,12.000000000000004,30.00000000000001,0.0,15.707540327970382,44.945177810588948,12.000000000000004,30.00000000000001,0.0,18.396122546379144,38.06156081261979,12.000000000000004,30.00000000000001,0.0,16.897573304835775,40.830552109570039,10.000000000000004,30.00000000000001,0.0,14.776315758866444,47.38757984809462,12.000000000000004,30.00000000000001,0.0,15.865499971730444,44.1001075942967,20.000000000000008,30.00000000000001,0.0,16.78280233841935,0.0,0.0,0.0,13.532406417839106,0.0,0.0,575.6407098120842,571.4580320296373,578.0763064894088,580.6932640266532,672.1218702947676,980.1665320284717,643.6106704611169,668.9554276758062,665.2720909033376,0.0,83.96627258160993,83.96627258160993,60.00000000000002,0.0,60.00000000000002,60.00000000000002,12.0,12.0,12.0,19.0,12.0,12.0,21.0,10.0,0.0,0.0,0.0,0.0,0.0,0.0,0.0,0.0,0.0,0.0,0.0,0.0,0.0,83.96627258160993,83.96627258160993,0.0,0.0,0.0,83.96627258160993,0.0,0.0,0.0005 
 03/22  23:50:00,3.1233333333333337,87.0,4.46,0.0,0.0,0.0,0.0,0.0,2.0,0.0,0.0,0.0,0.0,0.0,0.0,2100.0,0.0,0.0,0.0,0.0,0.0,0.0,0.0,0.0,0.0,0.0,0.0,18.616809757208274,24.57301797358849,18.62661600394026,-333.76260187877446,18.697119160838637,-270.37116941512968,18.370041195619725,-97.25331932010218,15.680111464267523,6.396094624422106,18.107199908775699,-38.477606028647148,16.744071254818758,-106.90345569456024,15.02700209901444,-92.18753211856279,16.045270916395066,-433.3549229202532,549.069218494905,1078.1425979198869,0.0,0.0,0.0,0.0,0.0,0.0,0.0,0.0,0.0,0.0,0.0,0.0,0.0,0.0,0.0,0.0,0.0,0.0,0.0,0.0,0.0,0.0,1.6454040063439668,0.5022600751965716,194.17520457161658,228.7947899360396,5835.743366750054,0.30416023011649187,0.04642250154403116,108.94989272640103,128.33306287770029,3283.2645468062316,1.5749209161183764,0.2976041035749014,107.63082959518938,126.78204131925208,3278.0814720159748,0.30654033791845627,0.05792523392261081,49.40478482163785,58.16762513136549,1485.661236223374,0.0,0.0,7.853253734475129,9.323510767651508,197.63872982773726,0.0,0.0,12.470670680852014,14.671286276917055,376.2112475119578,0.0,0.0,198.78718073980037,235.24983504921409,5365.572741094822,0.0,0.0,36.09265729278469,42.99087356524653,845.385330515927,0.0,0.0,131.84285116265648,156.5931969735964,3289.9885611258234,38.59738551276023,26.472829569794436,166.6750331480413,197.57987942896916,5459.88706129148,0.0,0.0,160.40381947422459,191.9247925031649,3354.7895838774118,0.0,18.162872842200799,35.980204018931519,22.000000000000019,30.00000000000002,0.0,18.269583690691137,35.4371937408376,12.00000000000001,30.00000000000002,0.0,18.261265489209536,35.641368884965107,22.000000000000019,30.00000000000002,0.0,18.20487346975466,36.031385081697887,12.00000000000001,30.00000000000002,0.0,15.680875226036623,44.74023738758634,12.00000000000001,30.00000000000002,0.0,18.318362914768504,37.90281163764264,12.00000000000001,30.00000000000002,0.0,16.63859277398874,41.14810772925726,10.000000000000007,30.00000000000002,0.0,14.772638345838083,47.0282449380405,12.00000000000001,30.00000000000002,0.0,15.570732197928252,44.55394886201506,20.000000000000015,30.00000000000002,0.0,16.29052680577077,0.0,0.0,0.0,13.462323614852839,0.0,0.0,570.7444528346496,558.6101693933581,566.7560974367808,577.0736650085244,665.7975841475977,965.8698347483073,632.8917562883714,658.8804996377237,654.4573854140263,0.0,83.96627258160997,83.96627258160997,60.00000000000004,0.0,60.00000000000004,60.00000000000004,12.0,12.0,12.0,19.0,12.0,12.0,21.0,10.0,0.0,0.0,0.0,0.0,0.0,0.0,0.0,0.0,0.0,0.0,0.0,0.0,0.0,83.96627258160997,83.96627258160997,0.0,0.0,0.0,83.96627258160997,0.0,0.0,0.00051 
 03/22  24:00:00,3.08,87.0,4.45,0.0,0.0,0.0,0.0,0.0,2.0,0.0,0.0,0.0,0.0,0.0,0.0,2100.0,0.0,0.0,0.0,0.0,0.0,0.0,0.0,0.0,0.0,0.0,0.0,18.433562076002418,-262.02302727176956,18.46842728795844,-282.81772884086959,18.523233064152998,-353.0090827503518,18.132510258934106,-285.60583510200368,15.650793757546915,5.043605910239283,18.032233776618214,-46.45565659821489,16.58650432713774,-113.83446707839488,14.995368961594444,-90.20084803793005,15.839085157247954,-442.18511586256309,713.9317524232827,1058.1380135286646,0.0,0.0,0.0,0.0,0.0,0.0,0.0,0.0,0.0,0.0,0.0,0.0,0.0,0.0,0.0,0.0,0.0,0.0,0.0,0.0,0.0,0.0,1.5595765614279836,0.4760612214371138,275.467243273476,324.8398909911067,8145.9768595747259,0.28524845240150539,0.043536088583868388,95.82843997628092,112.99448692586965,2857.6644380915838,1.7307988355004156,0.3270594927249466,379.79734884238516,447.6957124348869,11357.933458376338,0.3077047748168116,0.058145271129405099,201.78038420809029,238.08908170685954,5909.2162227908579,0.0,0.0,7.7748994340217199,9.233059342534255,195.8851630227743,0.0,0.0,12.820978528431525,15.09009718197468,385.8254787845709,0.0,0.0,205.9012864613244,243.91995211972324,5483.8083414452589,0.0,0.0,32.07349408123998,38.209475064452309,753.3229442153889,0.0,0.0,140.29733492649567,166.83205092760654,3439.9663226739496,38.40883534274789,26.343508465533565,410.85536038308029,486.4958531228972,12266.342765443671,0.0,0.0,166.22624406329804,199.0185531209655,3451.8814622139009,0.0,17.881424070805094,36.02421466706356,22.000000000000019,30.00000000000002,0.0,18.0744745613358,35.08104681335431,12.00000000000001,30.00000000000002,0.0,18.044527044133205,35.7313195578722,22.000000000000019,30.00000000000002,0.0,17.812083418213726,36.37173192159132,12.00000000000001,30.00000000000002,0.0,15.649253126014522,44.43657892938692,12.00000000000001,30.00000000000002,0.0,18.23192774107022,37.669817922843559,12.00000000000001,30.00000000000002,0.0,16.401745474618154,41.221405559214549,10.000000000000007,30.00000000000002,0.0,14.760195756251722,46.47833977342496,12.00000000000001,30.00000000000002,0.0,15.2956118296263,44.689275769785329,20.000000000000015,30.00000000000002,0.0,16.714852725782728,0.0,0.0,0.0,13.33923797151848,0.0,0.0,551.3792585038178,531.3519306879681,554.4412062868532,558.8767166654625,656.4304147866479,946.0502778112067,617.4301724175475,643.4720801339418,636.8528838728082,0.0,83.96627258160997,83.96627258160997,60.00000000000004,0.0,60.00000000000004,60.00000000000004,12.0,12.0,12.0,19.0,12.0,12.0,21.0,10.0,0.0,0.0,0.0,0.0,0.0,0.0,0.0,0.0,0.0,0.0,0.0,0.0,0.0,83.96627258160997,83.96627258160997,0.0,0.0,0.0,83.96627258160997,0.0,0.0,0.0005200000000000001 
 03/23  00:10:00,3.0083333333333339,87.16666666666667,4.4816666666666669,0.0,0.0,0.0,0.0,0.0,2.0,2.0,0.0,0.0,0.0,0.0,0.0,2100.0,0.0,0.0,0.0,0.0,0.0,0.0,0.0,0.0,0.0,0.0,0.0,18.26659550261961,-174.9182809003217,18.38855889924598,-265.40281985382139,18.36824301246319,-268.5556885141562,18.031307757831166,-185.99289600119134,15.618311135080122,1.6657215016911474,17.961404150017076,-41.697438922842767,16.620481369757309,43.465989051672909,14.915162757076573,-148.7069882802568,15.853185927892815,-159.15597193892106,701.0412343233084,623.0940780112404,0.0,0.0,0.0,0.0,0.0,0.0,0.0,0.0,0.0,0.0,0.0,0.0,0.0,0.0,0.0,0.0,0.0,0.0,0.0,0.0,0.0,0.0,1.6135109191826907,0.492524700605217,308.9974011103706,364.70037526212277,9056.12060283567,0.29089520552108036,0.04439792514058003,155.46862515700767,183.24586591094443,4639.6676852155019,1.5630351400203968,0.29535811413839715,300.47665346280197,354.379406763691,8922.834332426435,0.302951517168409,0.057247074294861869,158.6475696706455,187.23610770978827,4647.078506668562,0.0,0.0,7.499572580143303,8.908069885641475,189.50179418501524,0.0,0.0,12.35073555763399,14.541179122042906,371.645968647835,0.0,0.0,95.768727042398,113.40963213801482,2591.7401645997686,0.0,0.0,36.06645668777732,42.9856259621699,844.6544097260774,0.0,0.0,30.89238166284205,36.71878484282246,769.6163634974587,38.41506805136025,26.347783299972748,410.0819020107253,485.6821108823395,12257.634728897548,0.0,0.0,76.23478376402758,91.51362244896376,1486.2361406814628,0.0,17.688556031168944,35.96069938531136,22.0,30.0,0.0,18.025652453267303,34.82495626968445,12.0,30.0,0.0,17.88055728650961,35.58497180790684,22.0,30.0,0.0,17.726765866335439,36.191547163902317,12.0,30.0,0.0,15.612665011261834,43.961121292990387,12.0,30.0,0.0,18.155173716425077,37.34773683714731,12.0,30.0,0.0,16.553586890285037,39.7135736194282,10.0,30.0,0.0,14.649796392023461,46.094897347741667,12.0,30.0,0.0,15.427322270752044,43.96015602080645,20.0,30.0,0.0,16.635895553913696,0.0,0.0,0.0,12.613463069438176,0.0,0.0,534.8385375602662,519.8998612088219,537.1648691288765,549.1930593857318,642.463984319854,932.9343953194357,584.000697187518,627.8538363868381,680.8047017676737,0.0,83.9662725816099,83.9662725816099,60.0,0.0,60.0,60.0,12.0,12.0,12.0,19.0,12.0,12.0,21.0,10.0,0.0,0.0,0.0,0.0,0.0,0.0,0.0,0.0,0.0,0.0,0.0,0.0,0.0,83.9662725816099,83.9662725816099,0.0,0.0,0.0,83.9662725816099,0.0,0.0,0.0005300000000000001 
 03/23  00:20:00,2.936666666666667,87.33333333333334,4.513333333333334,0.0,0.0,0.0,0.0,0.0,2.0,2.0,0.0,0.0,0.0,0.0,0.0,700.0,0.0,0.0,0.0,0.0,0.0,0.0,0.0,0.0,0.0,0.0,0.0,18.35937604820979,-53.85864208170278,18.203516887261168,-325.2892079024841,18.158461002796416,-366.1092629885525,18.044908242254189,-30.324220444663298,15.58068484663292,2.399496284529306,17.885817264189794,-38.95835463705862,16.670015636202856,17.25100224996413,14.805281747458146,-144.78481869036319,15.961429184333325,-172.6280755584994,598.0786170681295,665.4635389519215,0.0,0.0,0.0,0.0,0.0,0.0,0.0,0.0,0.0,0.0,0.0,0.0,0.0,0.0,0.0,0.0,0.0,0.0,0.0,0.0,0.0,0.0,1.6175000347925335,0.49374237936280027,153.50679724822249,180.47811588360396,4634.939607269239,0.298795729625078,0.04560374383777137,108.29979261853488,127.4505323430034,3200.5892768907149,1.5689905710842774,0.29648347904086888,134.08979764072883,157.89353307309163,3952.8822270812609,0.3136039091639083,0.059259997952363609,104.53114048166199,122.9374060204182,3106.456442491658,0.0,0.0,7.62779618566375,9.038923976234769,193.2523026540832,0.0,0.0,12.2882042083465,14.436719226641634,369.63005114405737,0.0,0.0,97.32027450276509,114.91707173879228,2672.798263039455,0.0,0.0,37.97757311351519,45.17740376376961,883.6964628256525,0.0,0.0,30.824820939922334,36.51595494903579,787.5985992064926,38.559768598382728,26.447029216997764,192.09906081633722,227.2450105611434,6118.393015494208,0.0,0.0,77.58069076885525,92.95199692871583,1500.0010294816607,0.0,17.98051799795352,35.12825933484906,22.0,30.0,0.0,17.76498146406384,34.54676522433921,12.0,30.0,0.0,17.588284227464049,35.038358609251208,22.0,30.0,0.0,17.84763255354034,36.05235236818398,12.0,30.0,0.0,15.567552036821559,43.42477007819011,12.0,30.0,0.0,18.067171718344658,36.98384087223413,12.0,30.0,0.0,16.684315119416075,38.767823814440479,10.0,30.0,0.0,14.492573104791822,45.764452151649127,12.0,30.0,0.0,15.68031422401312,42.68017872696686,20.0,30.0,0.0,16.22105914714238,0.0,0.0,0.0,12.453759914096869,0.0,0.0,529.8204427388747,489.8730985758759,494.9727885547599,558.0372807962319,629.4844980718209,923.2139808238893,567.5392422195749,609.1051379479625,714.5646574447347,0.0,83.9662725816099,83.9662725816099,60.0,0.0,60.0,60.0,12.0,12.0,12.0,19.0,12.0,12.0,21.0,10.0,0.0,0.0,0.0,0.0,0.0,0.0,0.0,0.0,0.0,0.0,0.0,0.0,0.0,83.9662725816099,83.9662725816099,0.0,0.0,0.0,83.9662725816099,0.0,0.0,0.0005333333333333334 
 03/23  00:30:00,2.865,87.5,4.545,0.0,0.0,0.0,0.0,0.0,2.0,2.0,0.0,0.0,0.0,0.0,0.0,2800.0,0.0,0.0,0.0,0.0,0.0,0.0,0.0,0.0,0.0,0.0,0.0,18.152831649839837,-197.2075049149708,18.155556917035314,-154.73626738756526,18.138231867740957,-174.61641084964936,17.93237759654418,-194.08338004298043,15.55321497400271,0.865550842368414,17.834989698265298,-34.629184433132369,16.646908934393549,-3.4201685018746277,14.726654585410678,-169.3104447375105,15.982006216459867,-164.4459346800877,565.6701617820968,686.5875884142396,0.0,0.0,0.0,0.0,0.0,0.0,0.0,0.0,0.0,0.0,0.0,0.0,0.0,0.0,0.0,0.0,0.0,0.0,0.0,0.0,0.0,0.0,1.6278501229690168,0.49690174693803937,183.89029197892936,217.34049777941869,5431.717220933555,0.30251246285350277,0.046171010814026667,93.83306333617611,110.81129114724978,2789.48340105071,1.5773000598145606,0.2980536772136359,165.87332374106519,195.93878775368945,4932.776137075357,0.30320086885492467,0.05729419290531454,98.33583148922495,116.1260043197018,2903.031593975695,0.0,0.0,7.621825250364805,9.059725954688517,193.7657860390081,0.0,0.0,11.805009078358724,13.912056541900153,355.74799702961408,0.0,0.0,96.27761860662779,114.01858121224513,2654.2651251999179,0.0,0.0,41.5326478183629,49.56628036383698,964.5240602890028,0.0,0.0,27.838605780444689,33.06933258011527,718.8304157572734,38.591452326416327,26.468760169009835,224.19457148428215,266.155132923444,7042.829935348749,0.0,0.0,76.95153675829913,92.50667635894621,1481.1437612491075,0.0,17.646189828774796,35.453931974872677,22.0,30.0,0.0,17.785397176816625,34.78157485795967,12.0,30.0,0.0,17.684259000325154,35.42724880707228,22.0,30.0,0.0,17.67856804200938,35.675769160172169,12.0,30.0,0.0,15.543648506212169,43.13949305806601,12.0,30.0,0.0,18.02765901478726,36.80781331570558,12.0,30.0,0.0,16.669553987767669,38.57779609862937,10.0,30.0,0.0,14.399528665582855,45.65994004146414,12.0,30.0,0.0,15.753496803820977,42.21400238912776,20.0,30.0,0.0,16.050428927477105,0.0,0.0,0.0,12.33905198636238,0.0,0.0,518.0382369593599,502.4562550311889,521.5620923431779,535.2413699803648,620.9656025129951,923.4209216436025,566.60135182855,601.6059004410372,720.7141343274874,0.0,83.9662725816099,83.9662725816099,60.0,0.0,60.0,60.0,12.0,12.0,12.0,19.0,12.0,12.0,21.0,10.0,0.0,0.0,0.0,0.0,0.0,0.0,0.0,0.0,0.0,0.0,0.0,0.0,0.0,83.9662725816099,83.9662725816099,0.0,0.0,0.0,83.9662725816099,0.0,0.0,0.0005366666666666666 
 03/23  00:40:00,2.7933333333333336,87.66666666666667,4.576666666666666,0.0,0.0,0.0,0.0,0.0,2.0,2.0,0.0,0.0,0.0,0.0,0.0,1400.0,0.0,0.0,0.0,0.0,0.0,0.0,0.0,0.0,0.0,0.0,0.0,18.004495113585369,-319.38734656771796,18.08977380973366,-167.61920590483147,18.11495639786071,-82.84988753430543,17.868706155593203,-165.37645424109454,15.516984361420335,0.5512888713687119,17.772365870583358,-32.77780046933211,16.607308606349429,4.47157973341109,14.62132354282176,-169.8663992441376,16.014689402794486,-163.15436895722116,501.5559902051857,695.4294674543656,0.0,0.0,0.0,0.0,0.0,0.0,0.0,0.0,0.0,0.0,0.0,0.0,0.0,0.0,0.0,0.0,0.0,0.0,0.0,0.0,0.0,0.0,1.6371302915379036,0.49973452122646636,164.45667494076199,194.07290443976829,4827.97074428156,0.3084838434202565,0.047082393684410337,98.03248301786278,115.59837889525397,2919.9278321089975,1.5795518297193332,0.2984791817307887,71.7174124870711,84.45541035992196,2181.4359381218748,0.30685110523346978,0.057983957905039618,38.787670526479939,45.68712536805957,1148.5547480735652,0.0,0.0,7.722055773069661,9.171618238021445,196.85648393396787,0.0,0.0,11.645076105554672,13.715181905604398,351.2322911442017,0.0,0.0,96.79653226159405,114.54240782278703,2675.820353315913,0.0,0.0,42.70477273965615,50.9455409136898,986.4056207806154,0.0,0.0,26.514014988472533,31.45727569386766,693.371657977028,38.72631174618883,26.561256341693306,138.38239830185763,164.1137224355695,4616.467896045766,0.0,0.0,76.33463739031663,91.72441011503222,1462.2857242953608,0.0,17.456590431629509,35.384180242714638,22.0,30.0,0.0,17.73721519797599,34.81210107310605,12.0,30.0,0.0,17.742543003381387,35.17048382851983,22.0,30.0,0.0,17.639755043018306,35.43711288094629,12.0,30.0,0.0,15.50349324448388,42.70011362341121,12.0,30.0,0.0,17.96324264136559,36.52452610649879,12.0,30.0,0.0,16.631865181915495,38.37638198424452,10.0,30.0,0.0,14.258427510121379,45.56501078095515,12.0,30.0,0.0,15.848361856275055,41.52391731783078,20.0,30.0,0.0,15.715153989338419,0.0,0.0,0.0,12.216847911846715,0.0,0.0,502.94610781365528,502.979754060626,524.8888104731834,535.4234287103986,608.1285390047774,923.0139226567121,559.5588904502336,592.2605321180522,726.515303091872,0.0,83.9662725816099,83.9662725816099,60.0,0.0,60.0,60.0,12.0,12.0,12.0,19.0,12.0,12.0,21.0,10.0,0.0,0.0,0.0,0.0,0.0,0.0,0.0,0.0,0.0,0.0,0.0,0.0,0.0,83.9662725816099,83.9662725816099,0.0,0.0,0.0,83.9662725816099,0.0,0.0,0.0005399999999999999 
 03/23  00:50:00,2.7216666666666669,87.83333333333334,4.608333333333333,0.0,0.0,0.0,0.0,0.0,2.0,2.0,0.0,0.0,0.0,0.0,0.0,2100.0,0.0,0.0,0.0,0.0,0.0,0.0,0.0,0.0,0.0,0.0,0.0,17.95300295199187,35.376183996278118,17.974654419968468,-336.8452543093775,17.9530634380322,-379.47694671616048,17.776277510343239,-98.64632378877008,15.483129688334094,-0.5712616325364295,17.71669640452751,-29.13102653569849,16.546748010217315,-27.391574606903327,14.530362565920754,-178.68554814065252,16.029077022381338,-146.34224558913284,591.26415031043,682.6778091491134,0.0,0.0,0.0,0.0,0.0,0.0,0.0,0.0,0.0,0.0,0.0,0.0,0.0,0.0,0.0,0.0,0.0,0.0,0.0,0.0,0.0,0.0,1.6293390296321047,0.49735623615143656,177.81037251620496,210.11528331383028,5268.130953744044,0.3015712418545414,0.04602735681540624,105.48112079149333,124.60110237975447,3126.7075231338865,1.559725594087328,0.2947327275297297,149.97336116349013,177.14651395439558,4452.905951461774,0.30330135125897697,0.05731318051001079,95.01285173687519,112.16239987024729,2807.879544645203,0.0,0.0,7.435344672357527,8.838505630908893,190.1096367711195,0.0,0.0,11.646004751268487,13.72814965687462,351.7708607479717,0.0,0.0,91.82018866219606,108.7583870167397,2537.7066552062276,0.0,0.0,44.028971271465,52.58281781919158,1013.8033957012065,0.0,0.0,23.250512660696946,27.59919659507102,613.8960888883781,38.78902574539272,26.604270058568426,206.67022664744958,245.4077814965742,6529.366934944739,0.0,0.0,73.60137371728006,88.54339760122115,1400.846136256012,0.0,17.511969421471,35.308990385121578,22.000000000000019,30.00000000000002,0.0,17.586653061546874,34.861405143715959,12.00000000000001,30.00000000000002,0.0,17.501649893539999,35.206083199413757,22.000000000000019,30.00000000000002,0.0,17.54378568026879,35.3500787877148,12.00000000000001,30.00000000000002,0.0,15.469069661755029,42.37774980498224,12.00000000000001,30.00000000000002,0.0,17.912277069435448,36.29734700010298,12.00000000000001,30.00000000000002,0.0,16.554904849129174,38.178796683057758,10.000000000000007,30.00000000000002,0.0,14.147063028925122,45.4393857968685,12.00000000000001,30.00000000000002,0.0,15.906665702439334,41.02878408200368,20.000000000000015,30.00000000000002,0.0,15.967198160750915,0.0,0.0,0.0,12.080453333869653,0.0,0.0,509.61688448722068,497.30886063200196,508.33586460509266,523.2171875919179,598.2176256871411,920.9483591326747,552.0809468362013,584.509438815345,732.2649744898112,0.0,83.96627258160997,83.96627258160997,60.00000000000004,0.0,60.00000000000004,60.00000000000004,12.0,12.0,12.0,19.0,12.0,12.0,21.0,10.0,0.0,0.0,0.0,0.0,0.0,0.0,0.0,0.0,0.0,0.0,0.0,0.0,0.0,83.96627258160997,83.96627258160997,0.0,0.0,0.0,83.96627258160997,0.0,0.0,0.0005366666666666666 
 03/23  01:00:00,2.65,88.0,4.64,0.0,0.0,0.0,0.0,0.0,2.0,2.0,0.0,0.0,0.0,0.0,0.0,1400.0,0.0,0.0,0.0,0.0,0.0,0.0,0.0,0.0,0.0,0.0,0.0,17.83406217860112,-285.6843657168158,17.918453063055496,-122.87351244268439,17.891629969611676,-181.2360510932715,17.71315541723616,-104.11557854600687,15.445686825206174,-0.8290488209001978,17.65653149920805,-29.587189166575,16.50057678471297,-2.5758519013434126,14.433217033698189,-181.9383435140311,16.037858067614704,-144.50777949250216,513.0840903739957,690.62632871684,0.0,0.0,0.0,0.0,0.0,0.0,0.0,0.0,0.0,0.0,0.0,0.0,0.0,0.0,0.0,0.0,0.0,0.0,0.0,0.0,0.0,0.0,1.6316948730785022,0.49807535808257089,129.66914849833996,153.07891001348419,3809.9324736624168,0.3080657549058664,0.047018582861090719,80.27307138899067,94.702224525838,2392.6024319097525,1.5794738787771217,0.298464451771943,91.64704523189988,108.12025880167016,2751.313192855184,0.3120334250915999,0.05896323225464849,89.49729131939526,105.57044026027656,2651.880708145015,0.0,0.0,7.756324469367027,9.216134226621513,198.84826865605619,0.0,0.0,11.449635927403124,13.492035536114632,346.1941502488197,0.0,0.0,94.5914228380266,111.99552732199291,2619.881206945729,0.0,0.0,45.186925886263498,53.959358933722537,1036.4285380929646,0.0,0.0,22.37527354637143,26.540627988579108,595.9285416876514,38.90019811723759,26.68051997067051,142.92128102400614,169.64288530274929,4738.548031733695,0.0,0.0,73.51668272319351,88.42830604017456,1393.4251659303682,0.0,17.332556555587943,35.267126960940618,22.0,30.0,0.0,17.58112611459482,34.832816259845198,12.0,30.0,0.0,17.497666062537264,35.14450906892283,22.0,30.0,0.0,17.485709276697578,35.305270919088687,12.0,30.0,0.0,15.42852605632524,42.02279301957908,12.0,30.0,0.0,17.85141084802614,36.06818837362423,12.0,30.0,0.0,16.508873200947766,38.077535589355338,10.0,30.0,0.0,14.024850218662256,45.39131058979924,12.0,30.0,0.0,15.950077936905956,40.5526258045805,20.0,30.0,0.0,15.618903814535266,0.0,0.0,0.0,11.965061968801758,0.0,0.0,497.5758300648572,499.07192560264277,510.641601133745,521.7505032952031,586.0281565503484,918.8973481547373,547.5096915996237,577.7502504577756,737.4600367534777,0.0,83.9662725816099,83.9662725816099,60.0,0.0,60.0,60.0,12.0,12.0,12.0,19.0,12.0,12.0,21.0,10.0,0.0,0.0,0.0,0.0,0.0,0.0,0.0,0.0,0.0,0.0,0.0,0.0,0.0,83.9662725816099,83.9662725816099,0.0,0.0,0.0,83.9662725816099,0.0,0.0,0.0005333333333333334 
 03/23  01:10:00,2.561666666666667,88.16666666666667,4.631666666666667,0.0,0.0,0.0,0.0,0.0,2.0,2.0,0.0,0.0,0.0,0.0,0.0,1400.0,0.0,0.0,0.0,0.0,0.0,0.0,0.0,0.0,0.0,0.0,0.0,17.637516669852276,-95.47175177767622,17.840210408110364,-351.0257591127088,17.73334878300423,-232.03247151220649,17.632741285072954,-238.50956984737287,15.408602187669125,-2.1019100389601279,17.59724266122219,-27.4278353467478,16.432569423276747,-47.91385285601882,14.334773598018569,-195.05769553861547,16.050744549994158,-98.64900080215026,696.6619640173531,641.0265591096062,0.0,0.0,0.0,0.0,0.0,0.0,0.0,0.0,0.0,0.0,0.0,0.0,0.0,0.0,0.0,0.0,0.0,0.0,0.0,0.0,0.0,0.0,1.6274740803704182,0.49678695982002998,337.257489639031,398.4115722046887,9833.83504481566,0.29512938287307746,0.04504416710517055,249.867839007926,294.8460613678974,7417.839648207337,1.5483978944277795,0.29259219471424416,211.89075342091793,250.25457373564067,6253.450033945304,0.2944300412175332,0.05563681806831691,194.93504641349876,230.11639686099609,5754.772987077443,0.0,0.0,7.475890205711261,8.887839768420806,192.4410549860291,0.0,0.0,11.525199256995493,13.584275694632997,349.2296014281589,0.0,0.0,84.82602596739389,100.4945402073262,2351.361742875021,0.0,0.0,46.12861265430634,55.114401618846688,1055.2004403935835,0.0,0.0,16.42809693312104,19.486738369218427,442.05288993519209,38.802631640443099,26.613601948177718,420.40726768006427,498.4080925424944,12470.67826746594,0.0,0.0,67.24790302963639,80.95146690168736,1262.496534136595,0.0,17.07758768762639,35.638221244237339,22.0,30.0,0.0,17.495449345660086,34.75208605075548,12.0,30.0,0.0,17.27747515789141,35.330603958299509,22.0,30.0,0.0,17.38975560200135,35.105184080158597,12.0,30.0,0.0,15.389519272488572,41.64397065802505,12.0,30.0,0.0,17.792565698615169,35.85728422558945,12.0,30.0,0.0,16.41972133156682,37.81497281485471,10.0,30.0,0.0,13.900698729525069,45.16024828227962,12.0,30.0,0.0,16.002987369075219,40.06904254436374,20.0,30.0,0.0,16.16400708438716,0.0,0.0,0.0,11.78170722590961,0.0,0.0,494.2134434791411,495.388826162333,506.350787675677,508.1453685725289,574.893780871111,916.1035750604167,537.6071999181858,568.4488881094151,752.7947423655171,0.0,83.9662725816099,83.9662725816099,60.0,0.0,60.0,60.0,12.0,12.0,12.0,19.0,12.0,12.0,21.0,10.0,0.0,0.0,0.0,0.0,0.0,0.0,0.0,0.0,0.0,0.0,0.0,0.0,0.0,83.9662725816099,83.9662725816099,0.0,0.0,0.0,83.9662725816099,0.0,0.0,0.00053 
 03/23  01:20:00,2.4733333333333338,88.33333333333334,4.623333333333333,0.0,0.0,0.0,0.0,0.0,2.0,2.0,0.0,0.0,0.0,0.0,0.0,1400.0,0.0,0.0,0.0,0.0,0.0,0.0,0.0,0.0,0.0,0.0,0.0,17.669134541859614,-219.954875512301,17.637577601761188,-218.05480849834476,17.68338244330667,-314.29189214492046,17.42793244413717,-171.23981491596079,15.370186363505582,-2.6719691835888996,17.541037964740697,-28.58469788094871,16.35386480447154,-13.761966811367757,14.23552142462658,-202.78819518543129,16.065558032694093,-97.50057616274091,686.9722248952503,649.6462924936026,0.0,0.0,0.0,0.0,0.0,0.0,0.0,0.0,0.0,0.0,0.0,0.0,0.0,0.0,0.0,0.0,0.0,0.0,0.0,0.0,0.0,0.0,1.6200689928453179,0.4945265545925879,208.816501576699,246.6861050874412,6159.940556727078,0.30337256285628597,0.046302283708224357,177.12520523884789,209.2804193342452,5205.773488737999,1.5685299018902533,0.2963964289286194,257.2019597410352,303.84556283448787,7631.6448639980449,0.3152382996325891,0.05956883968869784,204.71924902787738,241.9142425287223,5973.217663552641,0.0,0.0,7.863420654582629,9.347028951675985,203.18416665970464,0.0,0.0,11.353562789833891,13.386145608385793,344.89083587834247,0.0,0.0,89.50144999617342,106.05282703991517,2478.417596668121,0.0,0.0,47.639147580026548,56.94983517293561,1086.8788880140592,0.0,0.0,15.38968640947818,18.24872801463151,418.33326417167879,38.849703240389249,26.645886996151757,355.83579657423669,421.9880899756416,10731.520329985507,0.0,0.0,67.60200694272487,81.41328767966138,1265.4783977729372,0.0,17.203896782214753,35.180992515210267,22.0,30.0,0.0,17.21062235074249,35.07298892199036,12.0,30.0,0.0,17.27053176769075,35.1647047584716,22.0,30.0,0.0,17.085814898705196,35.52512859748195,12.0,30.0,0.0,15.348835632099453,41.34683839934588,12.0,30.0,0.0,17.739190161233265,35.620266041103757,12.0,30.0,0.0,16.319159594780893,37.81248040260358,10.0,30.0,0.0,13.777078904246242,45.03485236771024,12.0,30.0,0.0,16.051695759900164,39.61170581685486,20.0,30.0,0.0,16.07944870059584,0.0,0.0,0.0,11.662504255062796,0.0,0.0,491.7721897523603,487.7269967552862,504.4455401958742,504.9562370410903,565.2952091914058,908.3350819527199,531.4982597816345,561.4051628444984,771.1076591828032,0.0,83.9662725816099,83.9662725816099,60.0,0.0,60.0,60.0,12.0,12.0,12.0,19.0,12.0,12.0,21.0,10.0,0.0,0.0,0.0,0.0,0.0,0.0,0.0,0.0,0.0,0.0,0.0,0.0,0.0,83.9662725816099,83.9662725816099,0.0,0.0,0.0,83.9662725816099,0.0,0.0,0.0005233333333333333 
 03/23  01:30:00,2.385,88.5,4.615,0.0,0.0,0.0,0.0,0.0,2.0,2.0,0.0,0.0,0.0,0.0,0.0,1400.0,0.0,0.0,0.0,0.0,0.0,0.0,0.0,0.0,0.0,0.0,0.0,17.51404341248353,-74.5103167326456,17.615626118112475,-288.843672560095,17.476987188315684,-241.4413883571292,17.41360446742035,-222.24939883456774,15.331497715239227,-3.905452233713305,17.48107795798309,-26.223041377231114,16.295340826957387,-49.454059978833587,14.138779259825448,-209.40247640680253,16.087446491414839,-44.49611988613313,677.7385032707753,606.1599950322841,0.0,0.0,0.0,0.0,0.0,0.0,0.0,0.0,0.0,0.0,0.0,0.0,0.0,0.0,0.0,0.0,0.0,0.0,0.0,0.0,0.0,0.0,1.6130492118429787,0.49238376429883359,220.30129422538745,260.42017662415869,6473.559431371037,0.2914678844170756,0.04448533034448651,192.26596688479476,227.06993739972376,5686.670316112002,1.5691096844260873,0.2965059872309312,230.78899655806868,272.916024050025,6753.03083276243,0.2976893093706051,0.05625270396269936,196.5081402440698,232.19983171103963,5772.760110474903,0.0,0.0,7.453983872410181,8.865031197422452,193.36410642707325,0.0,0.0,11.366771257939656,13.405565908023665,346.0047248165994,0.0,0.0,81.58257075665698,96.7155573028069,2263.477416750191,0.0,0.0,48.24195702146576,57.697271461942268,1098.2580365281042,0.0,0.0,10.823762644181745,12.83633336554595,297.41695732777046,38.75621324680522,26.581764915504274,364.1990157469439,432.03098283223155,10964.41316708882,0.0,0.0,61.601893206523829,74.24070776278643,1142.7100466540942,0.0,17.012431653538806,35.563920578464479,22.0,30.0,0.0,17.24903991212716,34.773985525067718,12.0,30.0,0.0,16.96973599979833,35.67539184021799,22.0,30.0,0.0,17.1300515080639,35.254265651354959,12.0,30.0,0.0,15.308366065489834,41.02061347485402,12.0,30.0,0.0,17.678897314573186,35.40336282593482,12.0,30.0,0.0,16.25155930529315,37.64925392202399,10.0,30.0,0.0,13.65964388840412,45.01611973894042,12.0,30.0,0.0,16.116308861081217,39.168569146727438,20.0,30.0,0.0,15.999188257425722,0.0,0.0,0.0,11.484684686753818,0.0,0.0,495.32939764365269,483.98083091401795,504.8792394148011,503.3027635786839,553.7809235808845,900.9059254598806,518.9859747622411,553.3641586204942,795.5565401840584,0.0,83.9662725816099,83.9662725816099,60.0,0.0,60.0,60.0,12.0,12.0,12.0,19.0,12.0,12.0,21.0,10.0,0.0,0.0,0.0,0.0,0.0,0.0,0.0,0.0,0.0,0.0,0.0,0.0,0.0,83.9662725816099,83.9662725816099,0.0,0.0,0.0,83.9662725816099,0.0,0.0,0.0005166666666666666 
 03/23  01:40:00,2.296666666666667,88.66666666666666,4.6066666666666669,0.0,0.0,0.0,0.0,0.0,2.0,2.0,0.0,0.0,0.0,0.0,0.0,1400.0,0.0,0.0,0.0,0.0,0.0,0.0,0.0,0.0,0.0,0.0,0.0,17.48409355795811,-221.52261829257805,17.426202668423195,-246.28806438272887,17.459679661482377,-299.7649859441226,17.263988216503955,-129.10218958916836,15.291376601955787,-4.056677319484109,17.424095275790866,-27.72816309614359,16.20401679176866,-39.84811132280629,14.041264956672159,-214.29894706065307,16.10534839468525,-50.571900636386008,661.4406961837749,616.4743559692647,0.0,0.0,0.0,0.0,0.0,0.0,0.0,0.0,0.0,0.0,0.0,0.0,0.0,0.0,0.0,0.0,0.0,0.0,0.0,0.0,0.0,0.0,1.6127467282073978,0.4922914310767392,287.49115334967896,339.9599046238857,8494.60194651878,0.3034774418379514,0.04631829087880821,206.76731434158098,244.56101087285018,6054.223910851002,1.5402240072760863,0.29104762042254098,186.23916828782644,220.1151531958846,5495.799253638747,0.31044860865100629,0.05866375824848945,168.72128706938725,199.46493220251814,4936.945575485348,0.0,0.0,7.750735923250437,9.216677728848954,201.79454022981617,0.0,0.0,11.317360976566726,13.350931735772106,345.3242139422609,0.0,0.0,81.17551910734162,96.2568022134216,2246.9588390246215,0.0,0.0,49.06146821948524,58.70668680553432,1114.4852918008558,0.0,0.0,14.78544460073426,17.529398722269453,410.29661353292547,38.77103790569832,26.591932719957705,351.3354226309317,416.98159441843179,10599.140454762943,0.0,0.0,62.392142139419409,75.22850639155694,1154.4230040982143,0.0,17.016722135992106,35.27199745032229,22.0,30.0,0.0,16.974423256657638,35.08951749318111,12.0,30.0,0.0,17.027511237912827,35.459889470337547,22.0,30.0,0.0,16.929475943572478,35.501626059949447,12.0,30.0,0.0,15.265983630160419,40.79668313835044,12.0,30.0,0.0,17.62388957820203,35.20806874022377,12.0,30.0,0.0,16.125381625617267,37.64712793447258,10.0,30.0,0.0,13.541604874989826,45.06130774128186,12.0,30.0,0.0,16.163832270014269,38.72784626423561,20.0,30.0,0.0,15.878315788385418,0.0,0.0,0.0,11.369165533942729,0.0,0.0,489.3250702839115,477.5308010783439,507.93719521930975,501.55567888925926,544.2119119506901,888.2580220852055,509.9363626605865,555.9963472512417,800.2447946345344,0.0,83.9662725816099,83.9662725816099,60.0,0.0,60.0,60.0,12.0,12.0,12.0,19.0,12.0,12.0,21.0,10.0,0.0,0.0,0.0,0.0,0.0,0.0,0.0,0.0,0.0,0.0,0.0,0.0,0.0,83.9662725816099,83.9662725816099,0.0,0.0,0.0,83.9662725816099,0.0,0.0,0.00051 
 03/23  01:50:00,2.2083333333333337,88.83333333333334,4.598333333333334,0.0,0.0,0.0,0.0,0.0,2.0,2.0,0.0,0.0,0.0,0.0,0.0,1400.0,0.0,0.0,0.0,0.0,0.0,0.0,0.0,0.0,0.0,0.0,0.0,17.335342744177014,-78.71934692862669,17.419789143511939,-273.7426923191042,17.27391495340799,-226.66839844633388,17.244838503047398,-229.82201964869274,15.251855753253136,-4.626360580762395,17.362783767803295,-27.142110711748474,16.149099763827509,-57.53917005326093,13.948619459410555,-217.98762453702717,16.106983532630545,-55.21573057146213,664.2316760848162,628.5399846722989,0.0,0.0,0.0,0.0,0.0,0.0,0.0,0.0,0.0,0.0,0.0,0.0,0.0,0.0,0.0,0.0,0.0,0.0,0.0,0.0,0.0,0.0,1.6184052547142685,0.49401869802022849,214.53211306401037,253.7813345607389,6309.469598568207,0.2919344013070795,0.04455653255602557,186.92724681790859,220.94589830963694,5523.916651722891,1.5633041014609688,0.2954089382957236,261.19135560684858,309.05574222247597,7633.490995429638,0.2985082428770312,0.056407453302538008,205.14841679745678,242.5927536600594,6030.871830685754,0.0,0.0,7.61903397258961,9.065125112736677,199.1418300633771,0.0,0.0,11.329595457444237,13.36932356524336,346.351570946223,0.0,0.0,79.51415312921628,94.3362753480385,2207.03970875931,0.0,0.0,49.74661461207624,59.55172269713855,1128.5139910299009,0.0,0.0,16.94664770760995,20.092779778258206,473.8466077896876,38.70016916453269,26.543325901599933,367.29942161820079,436.0356221870197,11058.635289229704,0.0,0.0,63.01348491663688,76.01093678496597,1164.0045310377455,0.0,16.835550703190977,35.633348542260069,22.0,30.0,0.0,17.045476583805426,34.76681575108424,12.0,30.0,0.0,16.764698856410335,35.835292328315848,22.0,30.0,0.0,16.951607980290853,35.28630335796018,12.0,30.0,0.0,15.225380300195138,40.547200818194458,12.0,30.0,0.0,17.560898360695235,35.023688551182669,12.0,30.0,0.0,16.071083483772317,37.66561356535188,10.0,30.0,0.0,13.433555198658248,45.12801370912916,12.0,30.0,0.0,16.18186238629481,38.317530067717409,20.0,30.0,0.0,15.828601005977309,0.0,0.0,0.0,11.262211235165982,0.0,0.0,492.7786018749298,474.0925059144893,504.8081819302396,499.77888649162039,537.1820184290252,875.9748678501892,515.6010247400736,564.6085440285729,786.3025874020776,0.0,83.9662725816099,83.9662725816099,60.0,0.0,60.0,60.0,12.0,12.0,12.0,19.0,12.0,12.0,21.0,10.0,0.0,0.0,0.0,0.0,0.0,0.0,0.0,0.0,0.0,0.0,0.0,0.0,0.0,83.9662725816099,83.9662725816099,0.0,0.0,0.0,83.9662725816099,0.0,0.0,0.00051 
 03/23  02:00:00,2.12,89.0,4.59,0.0,0.0,0.0,0.0,0.0,2.0,2.0,0.0,0.0,0.0,0.0,0.0,1400.0,0.0,0.0,0.0,0.0,0.0,0.0,0.0,0.0,0.0,0.0,0.0,17.298707884183324,-224.47890573381575,17.243132639851674,-241.4014717936143,17.267971126012016,-288.2593655750193,17.098033152334744,-131.53642171899856,15.211110698150718,-4.698924570593974,17.304136979643674,-29.15930949113769,16.0606839316341,-48.454464286993928,13.859217695317838,-218.70602789982878,16.0991058136829,-60.23441382328781,648.0866782197036,635.0527685409161,0.0,0.0,0.0,0.0,0.0,0.0,0.0,0.0,0.0,0.0,0.0,0.0,0.0,0.0,0.0,0.0,0.0,0.0,0.0,0.0,0.0,0.0,1.6131054643328429,0.49240093538853577,290.8623262815054,344.2146245097182,8593.789944784341,0.3037674527307015,0.04636255383557715,206.92433225766514,244.9334568693712,6060.26238868349,1.5367624898776607,0.2903935166057561,182.1416067613252,215.4390112636265,5376.893492338609,0.3093670989258912,0.058459391331423127,167.08124563694947,197.6768292785475,4892.443309441324,0.0,0.0,7.821830023611597,9.305333621926538,205.18453061313344,0.0,0.0,11.440621805571308,13.504347237466354,350.51933120255276,0.0,0.0,79.97084811589088,94.89522333577017,2215.734035039247,0.0,0.0,50.03159849646714,59.91828953399941,1134.0945308661117,0.0,0.0,18.67556489416559,22.145259151730018,525.5701945354408,38.72278597426821,26.55883811678205,349.8813072923539,415.56138114206939,10567.594497805874,0.0,0.0,63.26048811273306,76.34070023410487,1167.1429990946543,0.0,16.826892954014825,35.3310599839307,22.0,30.0,0.0,16.79109138709157,35.049001523256098,12.0,30.0,0.0,16.83926802397711,35.54849801330403,22.0,30.0,0.0,16.754844038311505,35.45777102927782,12.0,30.0,0.0,15.183057324218034,40.40108801770428,12.0,30.0,0.0,17.50295251985468,34.885245892403307,12.0,30.0,0.0,15.952759851006603,37.6887397720312,10.0,30.0,0.0,13.332058367061928,45.21370695518729,12.0,30.0,0.0,16.18394264222721,38.00448829157153,20.0,30.0,0.0,15.70484949431258,0.0,0.0,0.0,11.159259726382896,0.0,0.0,485.55660576365156,468.91547749282827,506.6568800884834,493.99239618842867,534.2870538386305,862.0190066987195,514.9567532058322,574.6672667853286,771.0489027100223,0.0,83.9662725816099,83.9662725816099,60.0,0.0,60.0,60.0,12.0,12.0,12.0,19.0,12.0,12.0,21.0,10.0,0.0,0.0,0.0,0.0,0.0,0.0,0.0,0.0,0.0,0.0,0.0,0.0,0.0,83.9662725816099,83.9662725816099,0.0,0.0,0.0,83.9662725816099,0.0,0.0,0.00051 
 03/23  02:10:00,2.0716666666666669,89.16666666666667,4.583333333333334,0.0,0.0,0.0,0.0,0.0,2.0,2.0,0.0,0.0,0.0,0.0,0.0,1400.0,0.0,0.0,0.0,0.0,0.0,0.0,0.0,0.0,0.0,0.0,0.0,17.15765454436929,-73.88424994987645,17.241540605874218,-266.9558608044272,17.09017099239044,-224.291509954302,17.082505043024989,-229.25102221446879,15.170738596306184,-5.1339227545220329,17.241870241492433,-29.683145034043066,16.007955049814627,-63.81657611410151,13.772994400191215,-222.11489058848827,16.08185900549268,-63.309720203001919,651.9599184931076,645.4723697207493,0.0,0.0,0.0,0.0,0.0,0.0,0.0,0.0,0.0,0.0,0.0,0.0,0.0,0.0,0.0,0.0,0.0,0.0,0.0,0.0,0.0,0.0,1.6124316945974775,0.492195266971147,212.84236721731873,251.9538841451867,6246.828692802587,0.2915553599488985,0.04449868131088194,185.87753006091089,219.85789354276165,5482.025319911534,1.5570822903166005,0.29423323702127759,264.40364204440979,313.0690573568787,7709.420018402747,0.2971927433666399,0.05615887062861675,205.64815450163685,243.34180441740575,6035.286235113069,0.0,0.0,7.707328795886172,9.173497390309095,202.33054068754746,0.0,0.0,11.766383013958685,13.891690683135718,360.16789788632618,0.0,0.0,78.65641292705874,93.37811191490248,2179.75375309109,0.0,0.0,50.522178858574537,60.52566067352357,1140.6743488473813,0.0,0.0,20.166949520679247,23.9127068014329,568.956640369094,38.63376656589151,26.497782281132733,366.7680150556348,435.6795966425393,11029.570837810368,0.0,0.0,63.67321088549244,76.86645074510042,1168.3826529819037,0.0,16.660479965615246,35.67460896898389,22.0,30.0,0.0,16.86805057465712,34.73806204690159,12.0,30.0,0.0,16.58680379355164,35.89518861648414,22.0,30.0,0.0,16.781749874564406,35.256582244389708,12.0,30.0,0.0,15.141981299459339,40.21818029109614,12.0,30.0,0.0,17.437638491938118,34.74292729908343,12.0,30.0,0.0,15.90449111804108,37.692582655943478,10.0,30.0,0.0,13.235833301807539,45.2564153189277,12.0,30.0,0.0,16.170342945000074,37.74011378026922,20.0,30.0,0.0,15.669131693936347,0.0,0.0,0.0,11.058716385408236,0.0,0.0,490.3830347733309,467.1640490943679,502.91285925763648,493.2943290158112,533.3874435493813,850.4770559818185,521.0640984751938,582.6382405123626,759.6006115390549,0.0,83.9662725816099,83.9662725816099,60.0,0.0,60.0,60.0,12.0,12.0,12.0,19.0,12.0,12.0,21.0,10.0,0.0,0.0,0.0,0.0,0.0,0.0,0.0,0.0,0.0,0.0,0.0,0.0,0.0,83.9662725816099,83.9662725816099,0.0,0.0,0.0,83.9662725816099,0.0,0.0,0.00051 
 03/23  02:20:00,2.0233333333333336,89.33333333333334,4.576666666666666,0.0,0.0,0.0,0.0,0.0,2.0,2.0,0.0,0.0,0.0,0.0,0.0,1400.0,0.0,0.0,0.0,0.0,0.0,0.0,0.0,0.0,0.0,0.0,0.0,17.12615247315468,-218.9880100622854,17.072675583225988,-237.30076517734188,17.09017508224401,-278.8517320806618,16.93788964935063,-135.83683730136364,15.129321140761175,-5.218400445031705,17.18236283015456,-31.491480168270898,15.922652139432202,-54.272087367952057,13.688316844029889,-222.79730981846456,16.061149313059237,-67.50943197658069,636.373212084518,651.2610007250486,0.0,0.0,0.0,0.0,0.0,0.0,0.0,0.0,0.0,0.0,0.0,0.0,0.0,0.0,0.0,0.0,0.0,0.0,0.0,0.0,0.0,0.0,1.6025369110641835,0.4891748812772233,286.5019231974753,339.251592806329,8428.419305807609,0.30179652318776387,0.04606174041327287,204.56051198953566,242.2774523434358,5965.76510862968,1.5281180514550328,0.28876002484033139,182.99099636667178,216.57551227269225,5379.073745471166,0.30722293967601946,0.05805422140514349,168.69344818308168,199.7114701941263,4917.305224578684,0.0,0.0,7.852903673147095,9.345250381384537,206.25317801391143,0.0,0.0,11.918921063235553,14.075719988365867,364.6337191293136,0.0,0.0,79.28093393109578,94.12951561564876,2187.734558745555,0.0,0.0,50.73019589173505,60.7956325701295,1141.1171076681545,0.0,0.0,21.351620042427578,25.32290464751045,603.6908276528292,38.63751886852059,26.500355876900277,349.0800315914437,414.83029437966516,10508.301994669782,0.0,0.0,63.82955546986184,77.08191516279726,1165.2173937317912,0.0,16.660008352289308,35.35988985884841,22.0,30.0,0.0,16.62468831143064,35.0198721562589,12.0,30.0,0.0,16.669759421092544,35.601957351414,22.0,30.0,0.0,16.58607689004228,35.44162306299283,12.0,30.0,0.0,15.099418480988679,40.11254588614708,12.0,30.0,0.0,17.377615117782456,34.64937411770142,12.0,30.0,0.0,15.79322532452841,37.701402819742,10.0,30.0,0.0,13.142513251502632,45.3140246693885,12.0,30.0,0.0,16.152236042667327,37.53624345595492,20.0,30.0,0.0,15.55816867222724,0.0,0.0,0.0,10.961068114985498,0.0,0.0,483.45318748825965,462.9778815908352,504.9596265499589,487.6360021683388,533.5799936082652,838.2337841570203,519.702142851872,588.5020440136807,748.2241127174186,0.0,83.9662725816099,83.9662725816099,60.0,0.0,60.0,60.0,12.0,12.0,12.0,19.0,12.0,12.0,21.0,10.0,0.0,0.0,0.0,0.0,0.0,0.0,0.0,0.0,0.0,0.0,0.0,0.0,0.0,83.9662725816099,83.9662725816099,0.0,0.0,0.0,83.9662725816099,0.0,0.0,0.0005033333333333334 
 03/23  02:30:00,1.975,89.5,4.57,0.0,0.0,0.0,0.0,0.0,2.0,2.0,0.0,0.0,0.0,0.0,0.0,1400.0,0.0,0.0,0.0,0.0,0.0,0.0,0.0,0.0,0.0,0.0,0.0,16.988909577699688,-73.70238889744315,17.072853088465857,-261.7677248232776,16.918819186719163,-220.65574236525527,16.92691664556673,-226.8833830434255,15.088102162669554,-5.593565182512336,17.11961875017142,-31.877222167921646,15.871290898280846,-68.85907292289449,13.605539986811739,-226.05121236115975,16.03405627866242,-69.905495939633,638.6632037772752,661.1491710044824,0.0,0.0,0.0,0.0,0.0,0.0,0.0,0.0,0.0,0.0,0.0,0.0,0.0,0.0,0.0,0.0,0.0,0.0,0.0,0.0,0.0,0.0,1.6034421744831376,0.489451213212191,209.83127148529557,248.5298238843052,6134.071350845607,0.2901763867015287,0.04428821530853612,183.3946038054379,217.0465412474104,5386.79370203098,1.548385598394689,0.2925898712008106,259.75651699885818,307.73634980653079,7544.922993350847,0.29541339154908466,0.055822636347143728,202.49022893527423,239.7384456691949,5919.466931700692,0.0,0.0,7.704810731161015,9.173302220181342,202.5039724101821,0.0,0.0,12.263556227999864,14.485372222980143,374.81241269108446,0.0,0.0,78.02214817262977,92.67571016857525,2153.8681356061599,0.0,0.0,51.16054269142907,61.33039312540404,1146.7847622900836,0.0,0.0,22.53768387500402,26.728195993199454,638.1730616267273,38.55639455897624,26.444715061026238,361.1671323354253,429.25285724905089,10835.301573031298,0.0,0.0,64.18544499659221,77.53825124687066,1165.8809544203023,0.0,16.49756286639908,35.699895155300158,22.0,30.0,0.0,16.70293593736825,34.74197192878319,12.0,30.0,0.0,16.426050273154546,35.93690622457244,22.0,30.0,0.0,16.620843874855355,35.25349712438519,12.0,30.0,0.0,15.057683295742774,39.96977607618378,12.0,30.0,0.0,17.311621953095484,34.546242473846479,12.0,30.0,0.0,15.747996000758623,37.69879895813345,10.0,30.0,0.0,13.052217292207024,45.333037135460248,12.0,30.0,0.0,16.12407577520191,37.35861165441857,20.0,30.0,0.0,15.515963654235137,0.0,0.0,0.0,10.865270944840809,0.0,0.0,488.3647214443081,462.60495803471158,501.1455369256587,487.8554142008795,534.6248707547693,829.7431153592775,523.9071734661488,591.8529059298824,742.658219989701,0.0,83.9662725816099,83.9662725816099,60.0,0.0,60.0,60.0,12.0,12.0,12.0,19.0,12.0,12.0,21.0,10.0,0.0,0.0,0.0,0.0,0.0,0.0,0.0,0.0,0.0,0.0,0.0,0.0,0.0,83.9662725816099,83.9662725816099,0.0,0.0,0.0,83.9662725816099,0.0,0.0,0.0004966666666666666 
 03/23  02:40:00,1.9266666666666668,89.66666666666667,4.5633333333333339,0.0,0.0,0.0,0.0,0.0,2.0,2.0,0.0,0.0,0.0,0.0,0.0,1400.0,0.0,0.0,0.0,0.0,0.0,0.0,0.0,0.0,0.0,0.0,0.0,16.960026097052727,-214.06612174452949,16.90837841463949,-233.9680240172588,16.92066682268699,-271.61069367893335,16.784843062601224,-138.85564017667185,15.045975980148086,-5.659922651763907,17.059755284981578,-33.38772088035486,15.788021556159542,-59.13676222842946,13.523586001933684,-226.6070947145846,16.005862255519515,-73.84052816485542,625.7526427222065,666.1121920465544,0.0,0.0,0.0,0.0,0.0,0.0,0.0,0.0,0.0,0.0,0.0,0.0,0.0,0.0,0.0,0.0,0.0,0.0,0.0,0.0,0.0,0.0,1.5937233853007742,0.48648454984761127,281.8322089497527,333.9051206500727,8259.663030545005,0.30029669634608377,0.045832829112650148,201.62846714954157,238.93543288270355,5858.307178116114,1.5208302490232664,0.28738288908224998,182.40812948375589,216.00812401911126,5342.313490909492,0.30539940736996,0.05770963858086922,168.49660504862303,199.59402448553574,4892.7612198747879,0.0,0.0,7.841608438723154,9.3347343174654,206.19331968190273,0.0,0.0,12.344885266450467,14.585360630128719,377.07593333678838,0.0,0.0,78.80797657451507,93.6180575901585,2167.0102915405016,0.0,0.0,51.32010972783334,61.541560562139739,1146.5037894438975,0.0,0.0,23.351034485723767,27.700385601768504,662.1850205688886,38.56339874069731,26.449519026541375,345.9533286540825,411.324769577481,10388.092041921762,0.0,0.0,64.29736749058226,77.69929798667613,1162.3328789309617,0.0,16.501268991032128,35.39983448751431,22.0,30.0,0.0,16.46578404131483,35.03582002717117,12.0,30.0,0.0,16.510016726508935,35.648803519436999,22.0,30.0,0.0,16.427550170924954,35.452624984971098,12.0,30.0,0.0,15.014658556894016,39.88785062436671,12.0,30.0,0.0,17.251133480045725,34.487473007903648,12.0,30.0,0.0,15.641517784369372,37.71515493107542,10.0,30.0,0.0,12.963429822131282,45.38592021148843,12.0,30.0,0.0,16.095505327777315,37.21620643697361,20.0,30.0,0.0,15.412776159718439,0.0,0.0,0.0,10.771605647600943,0.0,0.0,481.99428412756716,458.9644968524983,502.9292060994603,482.50053457643505,535.3017410278412,820.53917955929,522.1241619801992,595.3613650646742,734.1215219481653,0.0,83.9662725816099,83.9662725816099,60.0,0.0,60.0,60.0,12.0,12.0,12.0,19.0,12.0,12.0,21.0,10.0,0.0,0.0,0.0,0.0,0.0,0.0,0.0,0.0,0.0,0.0,0.0,0.0,0.0,83.9662725816099,83.9662725816099,0.0,0.0,0.0,83.9662725816099,0.0,0.0,0.00049 
 03/23  02:50:00,1.8783333333333335,89.83333333333333,4.556666666666667,0.0,0.0,0.0,0.0,0.0,2.0,2.0,0.0,0.0,0.0,0.0,0.0,700.0,0.0,0.0,0.0,0.0,0.0,0.0,0.0,0.0,0.0,0.0,0.0,16.93927478895243,-38.32574985643896,16.84162800014058,-298.79533307438126,16.90604115267668,-64.40316033886302,16.710985668439159,-241.68882522730474,14.99971424750692,-5.342306875490806,16.99237340489902,-30.58887195090523,15.707392341443326,-80.07064142555783,13.44240309674927,-219.6768262605126,15.972205693123515,-71.35498050168315,582.9434785969334,681.319269161572,0.0,0.0,0.0,0.0,0.0,0.0,0.0,0.0,0.0,0.0,0.0,0.0,0.0,0.0,0.0,0.0,0.0,0.0,0.0,0.0,0.0,0.0,1.594377374619937,0.48668418028691609,213.5014220990475,252.43394375916166,6307.13308084776,0.28390716989723976,0.04333137513694135,164.06038553348186,194.12069169295934,4768.737801324804,1.544249791048358,0.29180835053823858,147.60867728138894,174.49857959178955,4375.701097877339,0.28554981466123699,0.05395877072207802,144.55399729372153,171.0832487987469,4182.77214460655,0.0,0.0,7.3327016253441619,8.716995922264506,192.85938220506214,0.0,0.0,12.60671161015897,14.87277363562164,384.58272031148837,0.0,0.0,73.26681377859127,86.93306874377953,2007.4375239439219,0.0,0.0,51.489140983808038,61.65726491332398,1146.7738775276653,0.0,0.0,24.584997973385275,29.115586861807178,697.960410747759,38.450601588279699,26.37215472447168,268.4516060598742,318.90584974392677,8208.142718309971,0.0,0.0,64.41432574402588,77.73075599527427,1160.3361603572283,0.0,16.569220144933508,35.226371590166717,22.0,30.0,0.0,16.408361436781694,34.61946920860133,12.0,30.0,0.0,16.576615990733474,35.88035567411892,22.0,30.0,0.0,16.335560446650918,34.77949415807372,12.0,30.0,0.0,14.963749257893858,39.80409850975272,12.0,30.0,0.0,17.17598708908059,34.45267167501129,12.0,30.0,0.0,15.538198439725802,37.84935466087413,10.0,30.0,0.0,12.875471290046252,45.48727029855475,12.0,30.0,0.0,16.058220557595683,37.115497700340188,20.0,30.0,0.0,15.225402278205073,0.0,0.0,0.0,10.687257510167163,0.0,0.0,479.3806598601627,439.4268782232908,525.8627252614832,439.5686920936463,535.3389024097718,811.9607480313929,526.9016325235828,594.6066868660539,727.2378700559895,0.0,83.9662725816099,83.9662725816099,60.0,0.0,60.0,60.0,12.0,12.0,12.0,19.0,12.0,12.0,21.0,10.0,0.0,0.0,0.0,0.0,0.0,0.0,0.0,0.0,0.0,0.0,0.0,0.0,0.0,83.9662725816099,83.9662725816099,0.0,0.0,0.0,83.9662725816099,0.0,0.0,0.0005 
 03/23  03:00:00,1.83,90.0,4.55,0.0,0.0,0.0,0.0,0.0,2.0,2.0,0.0,0.0,0.0,0.0,0.0,1400.0,0.0,0.0,0.0,0.0,0.0,0.0,0.0,0.0,0.0,0.0,0.0,16.830190839234719,-129.21316711616147,16.829146569881595,-160.90470632823009,16.756053250345663,-274.1738334014449,16.699311694455063,-136.77079588973175,14.962208463360028,-5.533399776493297,16.937946582890825,-34.30018847981856,15.672705947192542,-54.06627119084419,13.374338157439214,-227.37740191672766,15.94235719409198,-77.72918991004747,610.3203747641405,682.8274687956061,0.0,0.0,0.0,0.0,0.0,0.0,0.0,0.0,0.0,0.0,0.0,0.0,0.0,0.0,0.0,0.0,0.0,0.0,0.0,0.0,0.0,0.0,1.5934438662904834,0.4863992265843966,170.47797590836405,202.0612852387621,5003.757219316783,0.30000850670294867,0.04578884412438167,142.7197771379814,169.07906253404804,4180.6707628432809,1.5385581968679807,0.2907328414338589,222.69975705325659,263.98174213068736,6494.534553523419,0.3043548828510021,0.05751226055385525,163.41606610033717,193.66514062328475,4764.008153996311,0.0,0.0,7.974233413806941,9.497632508622477,209.9461338245639,0.0,0.0,12.58267358535263,14.872083113964216,383.76265012215409,0.0,0.0,79.95604012736428,95.03810199990443,2196.775063763032,0.0,0.0,51.75729410589538,62.09726998972516,1151.0653945425907,0.0,0.0,23.99758645466534,28.469331907841146,682.0760025909631,38.53507389280435,26.430091833199155,281.4484123113716,334.939962274202,8596.255869414686,0.0,0.0,64.68617347894284,78.21708827786302,1159.2932680587365,0.0,16.403296388706559,35.51251906232909,22.0,30.0,0.0,16.476855687157966,34.87887451288884,12.0,30.0,0.0,16.33534880919148,35.773596760039129,22.0,30.0,0.0,16.39950800545491,35.41954866167842,12.0,30.0,0.0,14.930693255993664,39.762132338404828,12.0,30.0,0.0,17.12593099270346,34.431482055642508,12.0,30.0,0.0,15.530350645636434,37.85535836562566,10.0,30.0,0.0,12.811786290526321,45.55499090509085,12.0,30.0,0.0,16.029116082605588,37.07177423479885,20.0,30.0,0.0,15.236522611049879,0.0,0.0,0.0,10.593372778721696,0.0,0.0,484.28530039966497,457.74155281671008,496.393052975313,483.0265877268629,536.1236771878907,808.8420512358855,524.3366779867815,596.8375491169409,727.759516746601,0.0,83.9662725816099,83.9662725816099,60.0,0.0,60.0,60.0,12.0,12.0,12.0,19.0,12.0,12.0,21.0,10.0,0.0,0.0,0.0,0.0,0.0,0.0,0.0,0.0,0.0,0.0,0.0,0.0,0.0,83.9662725816099,83.9662725816099,0.0,0.0,0.0,83.9662725816099,0.0,0.0,0.00051 
 03/23  03:10:00,1.836666666666667,89.83333333333333,4.531666666666666,0.0,0.0,0.0,0.0,0.0,2.0,2.0,0.0,0.0,0.0,0.0,0.0,1400.0,0.0,0.0,0.0,0.0,0.0,0.0,0.0,0.0,0.0,0.0,0.0,16.743621735642838,-217.0411810716264,16.69173153434783,-242.6274341371468,16.725065581229459,-256.7778794626588,16.577294602857248,-161.30443453589533,14.919063911434595,-6.19030837338363,16.879548613497989,-34.55275210419151,15.60014165704246,-64.67908369982729,13.292009168905594,-232.54572196841662,15.90751464387587,-81.47585090533505,631.1826892365871,687.4954710536133,0.0,0.0,0.0,0.0,0.0,0.0,0.0,0.0,0.0,0.0,0.0,0.0,0.0,0.0,0.0,0.0,0.0,0.0,0.0,0.0,0.0,0.0,1.5869674753413406,0.48442230627025048,270.7611536594683,321.0223270865844,7884.158436317119,0.2957278804498652,0.045135512889173567,201.393236794506,238.84140929472935,5811.286169080284,1.5061358304171316,0.28460616598963198,191.69591494799188,227.16974113602564,5596.699438179399,0.3014405309720499,0.05696155158202,190.35459598673428,225.68648888325988,5482.664320790313,0.0,0.0,7.777316024545385,9.26279531195852,203.99676817942203,0.0,0.0,12.713751067800424,15.031678437373696,386.1696064537781,0.0,0.0,78.31766850502345,93.10466482164782,2137.56374007816,0.0,0.0,52.095569563078559,62.527844840229089,1148.5412608750399,0.0,0.0,25.420650291088195,30.168357594620077,720.3965933618681,38.40305632756236,26.33954480628421,367.58373244613838,437.32122193146679,10923.073801237872,0.0,0.0,64.89546657023009,78.49985536543085,1150.782165153416,0.0,16.303976033276638,35.40853647088555,22.0,30.0,0.0,16.26974228700714,35.15147193399338,12.0,30.0,0.0,16.35730834189829,35.59990504294872,22.0,30.0,0.0,16.217778399025357,35.58950815510579,12.0,30.0,0.0,14.886735830667414,39.71108950826399,12.0,30.0,0.0,17.065847567248079,34.408010654604208,12.0,30.0,0.0,15.440503533072667,37.79200089500022,10.0,30.0,0.0,12.719045732397547,45.61637203736875,12.0,30.0,0.0,15.991139025175741,36.98442472228882,20.0,30.0,0.0,15.266329306044524,0.0,0.0,0.0,10.50429690083407,0.0,0.0,475.5886883619721,455.9506795428139,496.69160685073617,477.05686529707318,536.1580700790648,803.2286152521306,521.2947687849,598.3535402621856,720.9104504175268,0.0,83.9662725816099,83.9662725816099,60.0,0.0,60.0,60.0,12.0,12.0,12.0,19.0,12.0,12.0,21.0,10.0,0.0,0.0,0.0,0.0,0.0,0.0,0.0,0.0,0.0,0.0,0.0,0.0,0.0,83.9662725816099,83.9662725816099,0.0,0.0,0.0,83.9662725816099,0.0,0.0,0.00052 
 03/23  03:20:00,1.8433333333333336,89.66666666666667,4.513333333333334,0.0,0.0,0.0,0.0,0.0,2.0,2.0,0.0,0.0,0.0,0.0,0.0,1400.0,0.0,0.0,0.0,0.0,0.0,0.0,0.0,0.0,0.0,0.0,0.0,16.61333956657351,-62.645735024556419,16.691166634210455,-250.2877733669402,16.543132637415626,-231.20185123263537,16.57646784469712,-221.18740391447455,14.87606078615216,-6.410001555648137,16.81961545697883,-35.00876297914945,15.547098763479758,-77.9997558532234,13.212718718362403,-234.60008515793118,15.869726670615905,-83.88666264564489,607.4533872365901,694.6808749704593,0.0,0.0,0.0,0.0,0.0,0.0,0.0,0.0,0.0,0.0,0.0,0.0,0.0,0.0,0.0,0.0,0.0,0.0,0.0,0.0,0.0,0.0,1.5755609874594472,0.4809404723624686,198.74115785172197,235.6946905494919,5733.664016464598,0.28611346997820139,0.04366811202353501,173.47186152512644,205.57824656437198,5022.286712850015,1.5187221091978623,0.28698452554759315,252.21589600057099,299.18173586466909,7228.543425894069,0.2883398624380295,0.05448599063454826,188.85435220406976,223.87622032519239,5443.538556314044,0.0,0.0,7.650684485960539,9.116572424457213,199.959707767417,0.0,0.0,12.938813795644915,15.301312784122946,391.28403200158285,0.0,0.0,76.83865685563494,91.38989250995869,2089.226495908966,0.0,0.0,52.40213430533511,62.91804798399768,1145.8038522698988,0.0,0.0,26.254515287518616,31.15881331085022,741.5520295563256,38.23967224572558,26.22748439350178,337.8252953943262,402.00444608545328,10045.610066760046,0.0,0.0,65.09071318221047,78.76386652319349,1142.5293856655758,0.0,16.15465689872738,35.78513330532927,22.0,30.0,0.0,16.341176590956967,34.92250054162005,12.0,30.0,0.0,16.084463019187568,36.00810382264284,22.0,30.0,0.0,16.271546805872459,35.38650927334733,12.0,30.0,0.0,14.843465861202544,39.62179143043244,12.0,30.0,0.0,17.002209399580967,34.36684524533412,12.0,30.0,0.0,15.392600753068216,37.800526993216468,10.0,30.0,0.0,12.632601961135113,45.61781818671658,12.0,30.0,0.0,15.948658090391131,36.88939531725861,20.0,30.0,0.0,15.168506126500957,0.0,0.0,0.0,10.419797700803839,0.0,0.0,483.23343827667,457.31491338323095,492.3128432803702,477.8347032011257,536.5780047524175,799.991109551688,524.4186383928188,598.3746890461764,719.2930448690577,0.0,83.9662725816099,83.9662725816099,60.0,0.0,60.0,60.0,12.0,12.0,12.0,19.0,12.0,12.0,21.0,10.0,0.0,0.0,0.0,0.0,0.0,0.0,0.0,0.0,0.0,0.0,0.0,0.0,0.0,83.9662725816099,83.9662725816099,0.0,0.0,0.0,83.9662725816099,0.0,0.0,0.00052 
 03/23  03:30:00,1.85,89.5,4.495,0.0,0.0,0.0,0.0,0.0,2.0,2.0,0.0,0.0,0.0,0.0,0.0,1400.0,0.0,0.0,0.0,0.0,0.0,0.0,0.0,0.0,0.0,0.0,0.0,16.581614373705056,-201.82261803759594,16.534271102020506,-226.99145316791056,16.54148372587211,-257.9385245005292,16.438809122300964,-141.18220655026586,14.832708870881083,-6.432953804661835,16.762940516837657,-36.28931469657289,15.466725852989566,-68.2601613813124,13.135358534045843,-234.0185239399451,15.832757703362006,-87.3223756527712,594.0396439802944,696.4725613882868,0.0,0.0,0.0,0.0,0.0,0.0,0.0,0.0,0.0,0.0,0.0,0.0,0.0,0.0,0.0,0.0,0.0,0.0,0.0,0.0,0.0,0.0,1.5564318367737174,0.47510129327647057,271.01201071051198,321.5238783250303,7802.854451515569,0.293730111479176,0.04483060309511233,193.45571230140232,229.55995022471127,5520.594845849038,1.4860110986012936,0.28080330661400118,176.98033654986879,209.86985268046147,5093.66933075028,0.29778730397647548,0.056271221461919,163.1159590330973,193.4863816875168,4653.385865964449,0.0,0.0,7.754625700762064,9.239765281979743,201.91568132516057,0.0,0.0,12.95876899556828,15.329512317592997,390.3198080431546,0.0,0.0,77.97128628714623,92.75225926226693,2103.970185744829,0.0,0.0,52.4933054135053,63.049720645954639,1138.6796353681137,0.0,0.0,26.637032259285705,31.624659387221067,750.0321257540564,38.14746691258874,26.164243424272124,332.63220918450039,395.9908127479796,9842.483477492271,0.0,0.0,65.1002163439149,78.80215065048032,1131.5368698958442,0.0,16.15062475524303,35.53582648680862,22.0,30.0,0.0,16.110543947368009,35.25282114762381,12.0,30.0,0.0,16.159889447727758,35.76506751466171,22.0,30.0,0.0,16.079658736395897,35.61833143512052,12.0,30.0,0.0,14.799842015949837,39.57215679817082,12.0,30.0,0.0,16.94441455457782,34.349161786574388,12.0,30.0,0.0,15.291850204106753,37.83666728454449,10.0,30.0,0.0,12.549885835279368,45.681957380487137,12.0,30.0,0.0,15.908780536809168,36.81219262915572,20.0,30.0,0.0,15.086633408217225,0.0,0.0,0.0,10.339729129795386,0.0,0.0,477.0007104492189,454.2569587976763,494.4335663629523,473.1875889814427,536.5936211255091,795.2427060691214,522.4771935002854,601.0461017960865,713.1727725025457,0.0,83.9662725816099,83.9662725816099,60.0,0.0,60.0,60.0,12.0,12.0,12.0,19.0,12.0,12.0,21.0,10.0,0.0,0.0,0.0,0.0,0.0,0.0,0.0,0.0,0.0,0.0,0.0,0.0,0.0,83.9662725816099,83.9662725816099,0.0,0.0,0.0,83.9662725816099,0.0,0.0,0.00052 
 03/23  03:40:00,1.8566666666666667,89.33333333333333,4.476666666666667,0.0,0.0,0.0,0.0,0.0,2.0,2.0,0.0,0.0,0.0,0.0,0.0,700.0,0.0,0.0,0.0,0.0,0.0,0.0,0.0,0.0,0.0,0.0,0.0,16.55838100868415,-35.9313887448634,16.476619978013667,-280.7634690101031,16.525197894856633,-62.98301740791976,16.375835049688108,-233.03844531904634,14.785218683697354,-5.954688440958648,16.699794143352294,-33.56219112524434,15.387523383599075,-87.21737013039956,13.058829675909444,-227.34431877831708,15.79130580086223,-84.38058164508584,545.3268131445066,708.9231735140229,0.0,0.0,0.0,0.0,0.0,0.0,0.0,0.0,0.0,0.0,0.0,0.0,0.0,0.0,0.0,0.0,0.0,0.0,0.0,0.0,0.0,0.0,1.5495180226420383,0.4729908494023316,205.07744542349185,242.83412043817214,5926.9874971423409,0.27742262333548187,0.04234167022824815,155.4194526674924,184.15159494024298,4423.326641391098,1.5002212428890978,0.28348851906445546,140.79168266406104,166.68914806631055,4084.1309955156546,0.2783774413034608,0.05260344695832591,138.350006387095,163.96042692977393,3922.6662114077309,0.0,0.0,7.257752919757044,8.636571792082107,188.22250127831684,0.0,0.0,13.15244101795326,15.536861767459106,394.3250718611029,0.0,0.0,72.77020160412828,86.46803804340967,1949.0298946618257,0.0,0.0,52.617568169826387,63.1142681055343,1132.5909119755898,0.0,0.0,28.09180808419209,33.300054416616017,788.2813668905446,37.945078151254829,26.025430830764635,254.24656964874996,302.4379805892319,7646.3277699109589,0.0,0.0,65.13924964541362,78.7401506319451,1123.0557697494567,0.0,16.20862072335471,35.373883880643919,22.0,30.0,0.0,16.064402186582354,34.93475202025858,12.0,30.0,0.0,16.217852036566926,35.93787709059105,22.0,30.0,0.0,16.004658689676768,35.06802424266935,12.0,30.0,0.0,14.748205043873277,39.52440275034909,12.0,30.0,0.0,16.87361726039847,34.35502596422219,12.0,30.0,0.0,15.191809602565878,37.99813395154422,10.0,30.0,0.0,12.467999417522768,45.78507735603649,12.0,30.0,0.0,15.861255662989649,36.77346793539696,20.0,30.0,0.0,14.900314346935137,0.0,0.0,0.0,10.273066001930629,0.0,0.0,474.72258508102467,435.97044890497889,512.5900106430675,436.03188505398097,535.8732493986172,791.0091922188473,527.081119248317,598.7870511520308,707.8647271121752,0.0,83.9662725816099,83.9662725816099,60.0,0.0,60.0,60.0,12.0,12.0,12.0,19.0,12.0,12.0,21.0,10.0,0.0,0.0,0.0,0.0,0.0,0.0,0.0,0.0,0.0,0.0,0.0,0.0,0.0,83.9662725816099,83.9662725816099,0.0,0.0,0.0,83.9662725816099,0.0,0.0,0.00052 
 03/23  03:50:00,1.8633333333333336,89.16666666666667,4.458333333333334,0.0,0.0,0.0,0.0,0.0,2.0,2.0,0.0,0.0,0.0,0.0,0.0,1400.0,0.0,0.0,0.0,0.0,0.0,0.0,0.0,0.0,0.0,0.0,0.0,16.458613595871016,-119.52886678825417,16.466983980149704,-154.61066473923189,16.387124765442793,-257.0286357301793,16.366225821592729,-137.5570046973603,14.7466784151353,-6.23953096953953,16.649319626214195,-36.84427991971725,15.350556839949857,-63.63721551299136,12.995735069790952,-232.59448881991035,15.75690908908182,-90.02267666769615,566.544454318836,707.0554812750989,0.0,0.0,0.0,0.0,0.0,0.0,0.0,0.0,0.0,0.0,0.0,0.0,0.0,0.0,0.0,0.0,0.0,0.0,0.0,0.0,0.0,0.0,1.5432410977805687,0.4710748161723347,160.75309514884305,190.80389832128896,4604.3461043811389,0.29027014030022227,0.044302524465845889,134.31313643833676,159.3476725336668,3837.2925328529775,1.4899702493771235,0.28155144546052987,210.05506738481842,249.3404256569621,5978.548952933026,0.29375267677714947,0.05550882025267373,153.65294334461954,182.3467225562164,4371.597747171765,0.0,0.0,7.8356716050866119,9.34208299644324,202.56006404389445,0.0,0.0,13.098816504683353,15.50242235590672,391.3028343138947,0.0,0.0,78.36750739908055,93.28637200538542,2095.695529369462,0.0,0.0,52.78975070574681,63.44218333289537,1129.4780694574066,0.0,0.0,27.262468797348647,32.374473201278927,762.7242993650025,37.935381860397878,26.018780425512959,263.3243740273516,313.78722384525175,7886.8020415065,0.0,0.0,65.28134617112835,79.06802419264668,1114.7737190848448,0.0,16.060481362245225,35.658416934380159,22.0,30.0,0.0,16.128951597205686,35.108314620979999,12.0,30.0,0.0,15.99760008200995,35.905835025147087,22.0,30.0,0.0,16.064741588522155,35.569634605777597,12.0,30.0,0.0,14.714643635155129,39.5091129804457,12.0,30.0,0.0,16.82705606342214,34.35880537688677,12.0,30.0,0.0,15.17957854654373,38.00334598486286,10.0,30.0,0.0,12.411121644054387,45.84666485967586,12.0,30.0,0.0,15.827664379360814,36.757272283237877,20.0,30.0,0.0,14.913377137980327,0.0,0.0,0.0,10.198772666401565,0.0,0.0,478.8941733265444,453.5038791269977,489.05698519649158,473.5862219053542,536.3649945194985,789.8551181285754,523.8683714908548,600.6181995552772,708.8520095628742,0.0,83.9662725816099,83.9662725816099,60.0,0.0,60.0,60.0,12.0,12.0,12.0,19.0,12.0,12.0,21.0,10.0,0.0,0.0,0.0,0.0,0.0,0.0,0.0,0.0,0.0,0.0,0.0,0.0,0.0,83.9662725816099,83.9662725816099,0.0,0.0,0.0,83.9662725816099,0.0,0.0,0.0005333333333333334 
 03/23  04:00:00,1.87,89.0,4.44,0.0,0.0,0.0,0.0,0.0,2.0,2.0,0.0,0.0,0.0,0.0,0.0,1400.0,0.0,0.0,0.0,0.0,0.0,0.0,0.0,0.0,0.0,0.0,0.0,16.3759321781999,-203.76861924048627,16.335468929598144,-236.2838180744493,16.357823225068019,-240.97259016734598,16.249175593555994,-162.11660542409528,14.70269584514743,-6.691738538551419,16.593818914931043,-37.104485443225687,15.281552175709582,-71.49013404262064,12.920808669775753,-235.35169803839643,15.716953296705169,-93.39048640896459,591.8971463065382,707.2330933779183,0.0,0.0,0.0,0.0,0.0,0.0,0.0,0.0,0.0,0.0,0.0,0.0,0.0,0.0,0.0,0.0,0.0,0.0,0.0,0.0,0.0,0.0,1.5370283114311168,0.4691783612427096,261.9979008039826,311.0753591548465,7442.877094738905,0.2871622474536475,0.0438281818457948,192.9827836909227,229.18739139744776,5432.012265946119,1.4582311716689498,0.2755538873146165,182.60758817965866,216.70968278960818,5202.515133620423,0.29152889209413948,0.05508860394825006,180.864540623624,214.73321875827154,5084.963935383628,0.0,0.0,7.659786120696576,9.132250466801676,197.2556810925313,0.0,0.0,13.180342173783095,15.603390609843127,392.17355924422659,0.0,0.0,77.3722819303861,92.11541195977358,2056.1432410429385,0.0,0.0,52.974543026763608,63.686224136449428,1124.4499143550882,0.0,0.0,28.006195168207407,33.26983063460434,780.9046361656516,37.81490599136274,25.936149513966226,350.0512858601103,417.00685205590789,10182.085790523153,0.0,0.0,65.35145519085875,79.17698191303389,1106.1385640577406,0.0,15.965828528442838,35.6051466212033,22.0,30.0,0.0,15.929180262279783,35.403248142296167,12.0,30.0,0.0,16.01837633912566,35.75145592397232,22.0,30.0,0.0,15.889782487571406,35.76199519792296,12.0,30.0,0.0,14.67047357519353,39.48406764233127,12.0,30.0,0.0,16.770561553583364,34.359502027584287,12.0,30.0,0.0,15.097489936455283,37.96938228273916,10.0,30.0,0.0,12.330680788338665,45.9034862047706,12.0,30.0,0.0,15.784302223663623,36.71571516090837,20.0,30.0,0.0,14.957623035720097,0.0,0.0,0.0,10.129415920058677,0.0,0.0,472.06593134142369,452.1337885268442,489.6703444096116,469.1625632585613,536.0584569738223,786.6145295246356,521.3634384215235,601.621567789957,704.8283772886614,0.0,83.9662725816099,83.9662725816099,60.0,0.0,60.0,60.0,12.0,12.0,12.0,19.0,12.0,12.0,21.0,10.0,0.0,0.0,0.0,0.0,0.0,0.0,0.0,0.0,0.0,0.0,0.0,0.0,0.0,83.9662725816099,83.9662725816099,0.0,0.0,0.0,83.9662725816099,0.0,0.0,0.0005466666666666667 
 03/23  04:10:00,1.831666666666667,89.16666666666667,4.4316666666666679,0.0,0.0,0.0,0.0,0.0,2.0,2.0,0.0,0.0,0.0,0.0,0.0,1400.0,0.0,0.0,0.0,0.0,0.0,0.0,0.0,0.0,0.0,0.0,0.0,16.25212869538485,-57.82190498314185,16.333830868166737,-240.4769027758059,16.187371512872227,-217.12430194221452,16.24744136061002,-218.453527146974,14.658521638066626,-6.7888330523750259,16.535009341654644,-37.3690907121788,15.228839952102405,-83.87701111674187,12.847882056495294,-235.8984335767742,15.674246902329728,-95.06922543110142,569.6369831888646,711.7574968789784,0.0,0.0,0.0,0.0,0.0,0.0,0.0,0.0,0.0,0.0,0.0,0.0,0.0,0.0,0.0,0.0,0.0,0.0,0.0,0.0,0.0,0.0,1.5330859442369862,0.46797495245329259,188.53047253657994,223.89093195849459,5326.391008252393,0.27855697695973527,0.042514801123280727,164.09923572938946,194.74451572438614,4648.234744313425,1.477211443001281,0.27914048431619079,236.3716095167655,280.7608819526552,6637.971212982,0.2797482738258351,0.05286248560578893,177.56000250577643,210.7737404516695,5010.6984225866949,0.0,0.0,7.524909740004706,8.975739638658017,193.7429882094062,0.0,0.0,13.366766327683447,15.82755240486496,397.21244332616188,0.0,0.0,75.75527964374537,90.2299206375601,2012.2365746859935,0.0,0.0,53.19265975454167,63.96837931985104,1125.4119844305556,0.0,0.0,29.199873627293216,34.689929409136237,813.8229733510866,37.72213906922883,25.87252336709797,316.92190219318607,377.61591938923359,9267.566877040557,0.0,0.0,65.49804863051189,79.37629987921062,1105.546728208915,0.0,15.824350883079209,35.962927047253248,22.0,30.0,0.0,15.997674328546982,35.20031481704032,12.0,30.0,0.0,15.76446696401185,36.15816744508917,22.0,30.0,0.0,15.941823310427563,35.57919081766528,12.0,30.0,0.0,14.626218932031746,39.43395626698907,12.0,30.0,0.0,16.709858563353543,34.3502918885236,12.0,30.0,0.0,15.050393812007599,37.99265798977388,10.0,30.0,0.0,12.255311590613502,45.912949641722509,12.0,30.0,0.0,15.73765344992978,36.65545648266617,20.0,30.0,0.0,14.846527092894771,0.0,0.0,0.0,10.065984120907374,0.0,0.0,478.9557567726724,454.1680015177583,486.67969619093727,470.8396836921594,536.2352921906517,785.2418493458807,523.9079174385095,600.9039388578132,703.1359246351201,0.0,83.9662725816099,83.9662725816099,60.0,0.0,60.0,60.0,12.0,12.0,12.0,19.0,12.0,12.0,21.0,10.0,0.0,0.0,0.0,0.0,0.0,0.0,0.0,0.0,0.0,0.0,0.0,0.0,0.0,83.9662725816099,83.9662725816099,0.0,0.0,0.0,83.9662725816099,0.0,0.0,0.00056 
 03/23  04:20:00,1.7933333333333335,89.33333333333334,4.423333333333334,0.0,0.0,0.0,0.0,0.0,2.0,2.0,0.0,0.0,0.0,0.0,0.0,1400.0,0.0,0.0,0.0,0.0,0.0,0.0,0.0,0.0,0.0,0.0,0.0,16.219720776315805,-188.34267516433148,16.18103161679928,-219.88775939412427,16.18142387603636,-245.49300640570028,16.1107955276142,-143.8164634638008,14.614019264450953,-6.773670292304473,16.478195818955756,-38.54899071550787,15.152248847494726,-74.34557415956385,12.776393211250213,-234.44320535797272,15.632458577729964,-97.92536954842359,565.6736998948118,711.3548357561028,0.0,0.0,0.0,0.0,0.0,0.0,0.0,0.0,0.0,0.0,0.0,0.0,0.0,0.0,0.0,0.0,0.0,0.0,0.0,0.0,0.0,0.0,1.5194870202948337,0.4638238767688747,259.5253098492864,308.3248791992821,7337.064223386261,0.2872033680985444,0.04383445789049824,185.6801617259233,220.63644515850155,5202.17863084085,1.45217863296182,0.27441017251735086,172.41057577886938,204.73910237090474,4874.066784171853,0.2903480615459436,0.05486546892402561,158.13591959619999,187.84325192589916,4430.452329128271,0.0,0.0,7.644543526217313,9.117964257487472,196.74812889264764,0.0,0.0,13.360944558415,15.825166164973649,396.6476349664349,0.0,0.0,76.8945545748182,91.60205884192534,2034.6474959245643,0.0,0.0,53.21721171213918,64.01774697029809,1122.5571445112474,0.0,0.0,28.909264391445327,34.356789031071638,805.5642609603447,37.70041895023565,25.85762616614243,320.0298489130265,381.48660529298857,9326.296773921658,0.0,0.0,65.48371394242338,79.38092362717939,1102.183045009173,0.0,15.817439567935143,35.76993669349197,22.0,30.0,0.0,15.774527506058073,35.550232866271247,12.0,30.0,0.0,15.828468061071219,35.952220357880509,22.0,30.0,0.0,15.751253330479944,35.84459779579986,12.0,30.0,0.0,14.581579054727529,39.41291095957298,12.0,30.0,0.0,16.65324461525688,34.359521881979578,12.0,30.0,0.0,14.956950388522014,38.051577508616507,10.0,30.0,0.0,12.182668614203067,45.97528627480166,12.0,30.0,0.0,15.693464389627455,36.62609165316195,20.0,30.0,0.0,14.778516206530363,0.0,0.0,0.0,10.002220100483829,0.0,0.0,474.1049271489944,451.33680395762738,489.15895436757605,466.9644960381313,535.9659060843385,782.1901811939945,522.4918694544239,602.6392648808313,699.6405788549449,0.0,83.9662725816099,83.9662725816099,60.0,0.0,60.0,60.0,12.0,12.0,12.0,19.0,12.0,12.0,21.0,10.0,0.0,0.0,0.0,0.0,0.0,0.0,0.0,0.0,0.0,0.0,0.0,0.0,0.0,83.9662725816099,83.9662725816099,0.0,0.0,0.0,83.9662725816099,0.0,0.0,0.00057 
 03/23  04:30:00,1.755,89.5,4.415,0.0,0.0,0.0,0.0,0.0,2.0,2.0,0.0,0.0,0.0,0.0,0.0,700.0,0.0,0.0,0.0,0.0,0.0,0.0,0.0,0.0,0.0,0.0,0.0,16.193584096027999,-32.79972927392919,16.126644193542547,-264.0181983979719,16.16136132828571,-60.641812389698319,16.053217335460539,-224.4566959308063,14.5650142829464,-6.137339948753521,16.414299955644407,-35.959407512153578,15.07605420872003,-90.93739579564863,12.704629168729714,-228.1220549601635,15.586066055138975,-94.81240817037065,518.4901419438811,721.6959120113163,0.0,0.0,0.0,0.0,0.0,0.0,0.0,0.0,0.0,0.0,0.0,0.0,0.0,0.0,0.0,0.0,0.0,0.0,0.0,0.0,0.0,0.0,1.518573865444627,0.4635451359721084,196.7190123085635,233.2748772383349,5597.972998281501,0.2732627345582004,0.0417067665687119,147.70607801995,175.25221592015857,4142.191315313403,1.4699234184685895,0.2777633065889248,134.81368557734468,159.84591574863874,3851.395752562159,0.2737420337039194,0.05172751959635664,132.66142827809763,157.42741078689063,3709.2019202419307,0.0,0.0,7.181215513510255,8.55443116064401,184.69848793974718,0.0,0.0,13.546145923447762,16.022482645333079,401.4817284090934,0.0,0.0,72.4088367504672,86.15983836802725,1908.806340967531,0.0,0.0,53.29756786977433,64.02827951817709,1121.0044449912403,0.0,0.0,30.459207258494929,36.144181000217049,848.2594882118243,37.570346353061768,25.76841313653071,241.32352974874616,287.4579282648636,7184.182832351827,0.0,0.0,65.50963591882979,79.30112430916035,1100.8334493671319,0.0,15.864984828356722,35.62679189430343,22.0,30.0,0.0,15.735495907583264,35.30387127755119,12.0,30.0,0.0,15.876063269665954,36.07136903919632,22.0,30.0,0.0,15.688596932649095,35.409796060313038,12.0,30.0,0.0,14.528171163644755,39.398591950696367,12.0,30.0,0.0,16.582802280506774,34.395495050621757,12.0,30.0,0.0,14.862833559603374,38.220788898643387,10.0,30.0,0.0,12.108702174228484,46.08535383954583,12.0,30.0,0.0,15.641065179840892,36.63121904685765,20.0,30.0,0.0,14.578457175204959,0.0,0.0,0.0,9.946647081720288,0.0,0.0,471.94352241840786,433.8990896351964,503.53830605430519,433.889658708625,535.0479977834756,779.4723523464003,526.7448435588646,600.8797225706883,695.6418709305893,0.0,83.9662725816099,83.9662725816099,60.0,0.0,60.0,60.0,12.0,12.0,12.0,19.0,12.0,12.0,21.0,10.0,0.0,0.0,0.0,0.0,0.0,0.0,0.0,0.0,0.0,0.0,0.0,0.0,0.0,83.9662725816099,83.9662725816099,0.0,0.0,0.0,83.9662725816099,0.0,0.0,0.0005799999999999999 
 03/23  04:40:00,1.7166666666666668,89.66666666666667,4.406666666666666,0.0,0.0,0.0,0.0,0.0,2.0,2.0,0.0,0.0,0.0,0.0,0.0,1400.0,0.0,0.0,0.0,0.0,0.0,0.0,0.0,0.0,0.0,0.0,0.0,16.098520018865338,-111.40831268594502,16.112500397248405,-153.20342430430538,16.03141244084029,-240.83332273838597,16.039447779631709,-141.16981131026433,14.52513712134317,-6.511303283973902,16.362630295344269,-38.78619354744893,15.038398992124187,-69.73237738894477,12.64458509193682,-232.24891113320747,15.548000714836093,-99.56205885149308,541.2177193036373,719.3348203635862,0.0,0.0,0.0,0.0,0.0,0.0,0.0,0.0,0.0,0.0,0.0,0.0,0.0,0.0,0.0,0.0,0.0,0.0,0.0,0.0,0.0,0.0,1.5199719224295834,0.4639718932935237,153.48212751097706,182.42095889673949,4345.331463283266,0.2854901326984638,0.043572975076078119,127.84235405125738,151.878283412161,3607.98703799697,1.4669036724233649,0.2771926818638256,196.60079110465296,233.6825354642608,5534.04402721113,0.2880954874244366,0.05443981243848007,145.121757615425,172.4509821127077,4081.862187686713,0.0,0.0,7.715117599913308,9.20766961969423,198.46622276192029,0.0,0.0,13.48520741519366,15.979711205041074,399.4274807069007,0.0,0.0,77.328856237049,92.17716509319357,2041.9733038489895,0.0,0.0,53.41496875285044,64.28929100636693,1121.94258094469,0.0,0.0,29.74132628933171,35.35493663960229,828.3167570520875,37.6255520572429,25.806277131167975,248.0540220490284,295.9855311700321,7380.243580407802,0.0,0.0,65.63284308413245,79.60321935090923,1098.9454540917773,0.0,15.725747497696578,35.90577501410237,22.0,30.0,0.0,15.790224520327623,35.43028018018014,12.0,30.0,0.0,15.671626504988426,36.12239398309325,22.0,30.0,0.0,15.739298197432849,35.799492013691828,12.0,30.0,0.0,14.49312807028031,39.405705465672358,12.0,30.0,0.0,16.536116856847149,34.419381787232598,12.0,30.0,0.0,14.848557722896349,38.22682634723046,10.0,30.0,0.0,12.05661452442618,46.14879448898269,12.0,30.0,0.0,15.60499403888198,36.63334154141769,20.0,30.0,0.0,14.579352244161413,0.0,0.0,0.0,9.878577979083204,0.0,0.0,475.2888918907769,450.7258360504659,484.6272841066499,467.5587679938393,535.441405657341,778.8387457533654,523.4690708895953,602.3127314787168,695.9238754553899,0.0,83.9662725816099,83.9662725816099,60.0,0.0,60.0,60.0,12.0,12.0,12.0,19.0,12.0,12.0,21.0,10.0,0.0,0.0,0.0,0.0,0.0,0.0,0.0,0.0,0.0,0.0,0.0,0.0,0.0,83.9662725816099,83.9662725816099,0.0,0.0,0.0,83.9662725816099,0.0,0.0,0.00059 
 03/23  04:50:00,1.6783333333333333,89.83333333333333,4.398333333333333,0.0,0.0,0.0,0.0,0.0,2.0,2.0,0.0,0.0,0.0,0.0,0.0,1400.0,0.0,0.0,0.0,0.0,0.0,0.0,0.0,0.0,0.0,0.0,0.0,16.014516840023437,-195.17667579849877,15.978317155961566,-231.9181781028865,15.998256671420429,-232.38169513003823,15.918192155961633,-165.61003613932918,14.47971272097791,-6.901914826199459,16.30535292453461,-39.08659627778175,14.97091192788034,-77.2223210141932,12.572859200813884,-235.02257817700127,15.504039571631257,-102.64304069796077,574.1377224252738,719.3126673579453,0.0,0.0,0.0,0.0,0.0,0.0,0.0,0.0,0.0,0.0,0.0,0.0,0.0,0.0,0.0,0.0,0.0,0.0,0.0,0.0,0.0,0.0,1.5189948780885967,0.4636736502101944,254.43758836779049,302.52141892895977,7162.097947392452,0.2844652862962874,0.0434165577375286,187.08880880645035,222.49447780074804,5217.367711998264,1.4410273469469786,0.27230297561356367,178.1603955884446,211.7292402381361,5031.462209687583,0.28764893304504016,0.05435542952476191,176.11843625714617,209.38850595847527,4908.337787566054,0.0,0.0,7.560550782290503,9.0231940030198,194.39993921026292,0.0,0.0,13.532361246885387,16.040096913007934,400.40340210407995,0.0,0.0,76.32215905986115,90.99138515960169,2009.8839967459836,0.0,0.0,53.53910238425641,64.4592944492424,1120.8733244364299,0.0,0.0,30.111529873128466,35.807100465124438,838.3096124901833,37.57531307970363,25.771819670578635,339.2643218584319,404.702396424829,9803.190270423995,0.0,0.0,65.68085351416474,79.68492387608242,1095.9842780589279,0.0,15.626505497781182,35.92676337574498,22.0,30.0,0.0,15.587475967766686,35.77267103149113,12.0,30.0,0.0,15.682492253355779,36.0093520304206,22.0,30.0,0.0,15.55839231971865,36.05239941462324,12.0,30.0,0.0,14.447254476133825,39.40795577927264,12.0,30.0,0.0,16.478596518179069,34.44589527709677,12.0,30.0,0.0,14.769426647228702,38.233286591679689,10.0,30.0,0.0,11.98132258128172,46.21964617537262,12.5,30.0,0.0,15.558168244313756,36.62757043276966,20.0,30.0,0.0,14.631287447359274,0.0,0.0,0.0,9.809967875830897,0.0,0.0,470.063591090568,449.76748705974389,485.52246427181219,464.2750795836082,534.9802877079828,776.476675842438,521.4294960511489,602.4494121085597,693.3250679822259,0.0,83.9662725816099,83.9662725816099,60.0,0.0,60.0,60.0,12.0,12.0,12.0,19.0,12.0,12.0,21.0,10.0,0.0,0.0,0.0,0.0,0.0,0.0,0.0,0.0,0.0,0.0,0.0,0.0,0.0,83.9662725816099,83.9662725816099,0.0,0.0,0.0,83.9662725816099,0.0,0.0,0.0005733333333333334 
 03/23  05:00:00,1.64,90.0,4.39,0.0,0.0,0.0,0.0,0.0,2.0,2.0,0.0,0.0,0.0,0.0,0.0,1400.0,0.0,0.0,0.0,0.0,0.0,0.0,0.0,0.0,0.0,0.0,0.0,15.892175443842659,-54.66137493989936,15.973474304530832,-235.68659864041775,15.832622857457336,-206.6928873678312,15.914282368894995,-219.4555353422811,14.434117985541896,-6.938281467035949,16.246178624791644,-39.30377718866353,14.917354448804844,-88.81551522471603,12.502518348728883,-235.84650333829678,15.458244415931489,-104.19830244942853,547.9815594088373,723.1461639246883,0.0,0.0,0.0,0.0,0.0,0.0,0.0,0.0,0.0,0.0,0.0,0.0,0.0,0.0,0.0,0.0,0.0,0.0,0.0,0.0,0.0,0.0,1.5150991291536787,0.46248447165863207,182.03229389766325,216.47389965561963,5096.4761794169539,0.27563513010962489,0.0420688538018353,158.30372152891537,188.13243438852698,4440.328726307925,1.4590590575086573,0.27571032832741079,223.45046676821876,265.7714448920937,6223.347445979558,0.2756879615431256,0.05209523082825501,169.25220617590095,201.1849743640597,4732.967779394479,0.0,0.0,7.403317526962231,8.839686074215141,190.29501139030845,0.0,0.0,13.71067993060006,16.255032925968778,405.1441269329704,0.0,0.0,74.86710131496639,89.29403149679098,1970.442171382645,0.0,0.0,53.68844476915123,64.65837720455161,1120.6068944268607,0.0,0.0,31.286353875073894,37.20755068866342,870.4516047850567,37.479031733240827,25.70578308178384,302.5799857792748,361.01008526886576,8799.792371111002,0.0,0.0,65.75340808309145,79.79547809801056,1093.639604562369,0.0,15.485294711211889,36.2781265119933,22.0,30.0,0.0,15.649224968007705,35.599980101368789,12.0,30.0,0.0,15.436018255651746,36.44255148695706,22.0,30.0,0.0,15.606924980220234,35.89299925775774,12.0,30.0,0.0,14.401305512892078,39.39435817881907,12.0,30.0,0.0,16.417365487150677,34.46769454588315,12.0,30.0,0.0,14.720746625452187,38.275281624777488,10.0,30.0,0.0,11.908967571019073,46.262667631525747,13.0,30.0,0.0,15.508575846614655,36.60547386703596,20.0,30.0,0.0,14.506423219249563,0.0,0.0,0.0,9.742989246415542,0.0,0.0,476.321803860991,452.2374946067806,483.3922909072302,466.4790855068029,535.1754204967465,775.7856083400759,523.6886928642819,601.9149490632368,692.0079919930693,0.0,83.9662725816099,83.9662725816099,60.0,0.0,60.0,60.0,12.0,12.0,12.0,19.0,12.0,12.0,21.0,10.0,0.0,0.0,0.0,0.0,0.0,0.0,0.0,0.0,0.0,0.0,0.0,0.0,0.0,83.9662725816099,83.9662725816099,0.0,0.0,0.0,83.9662725816099,0.0,0.0,0.0005566666666666667 
 03/23  05:10:00,1.7366666666666669,89.66666666666667,4.411666666666666,0.0,0.0,0.0,0.0,0.0,2.0,2.0,0.0,0.0,0.0,0.0,0.0,1400.0,0.0,0.0,0.0,0.0,0.0,0.0,0.0,0.0,0.0,0.0,0.0,15.861585618357948,-176.40115575917026,15.82707316290492,-211.04504218939565,15.8250183210581,-235.36861869269525,15.779404095043894,-145.4671082595794,14.388728192752265,-6.939842713229353,16.19157041434552,-40.395778452289167,14.84228186099402,-80.01036445001034,12.433971549528332,-235.0033343259422,15.414433050751463,-106.84043772564951,540.304220523853,722.6190613620996,0.0,0.0,0.0,0.0,0.0,0.0,0.0,0.0,0.0,0.0,0.0,0.0,0.0,0.0,0.0,0.0,0.0,0.0,0.0,0.0,0.0,0.0,1.4828251420617793,0.45263282724718548,249.63231579503867,297.0028413578626,6926.317492528988,0.2805037511784574,0.042811927835539897,179.22927203763923,213.27957676096174,4926.681201160698,1.4183987385663693,0.2680269725182104,169.72974313021337,201.85274400637059,4710.12731077959,0.2828671591439592,0.05345184413151155,155.31577177940097,184.76637858514625,4270.212520203253,0.0,0.0,7.5132765829989449,8.971235843888783,191.01045299113987,0.0,0.0,13.674563694379242,16.217842138551647,400.0299942664676,0.0,0.0,75.79816315108141,90.42629048080093,1967.1787530317425,0.0,0.0,53.683861972078677,64.67669308556407,1102.7023881039552,0.0,0.0,31.061470404711345,36.95468531519744,855.524375543607,37.37807877946862,25.63654237274941,310.466982091056,370.59846415323099,8900.492549443905,0.0,0.0,65.6507888240549,79.69942237655056,1070.2649162588237,0.0,15.481550771172664,36.137030041980448,22.0,30.0,0.0,15.434152054905752,35.98569247096192,12.0,30.0,0.0,15.493633447233638,36.27189633657839,22.0,30.0,0.0,15.416798269353134,36.213065465307817,12.0,30.0,0.0,14.355945244377338,39.40289884402324,12.0,30.0,0.0,16.36129200862596,34.50268462430989,12.0,30.0,0.0,14.630212483363004,38.37039229167593,10.0,30.0,0.0,11.838523297432099,46.351086401576868,13.0,30.0,0.0,15.461787529945106,36.61243068961366,20.0,30.0,0.0,14.465742929537708,0.0,0.0,0.0,9.6754887350757,0.0,0.0,472.59037244596228,449.5609395249471,486.0278279986048,463.42504505335566,534.8861602962711,773.5637489844495,522.850987179906,603.4388572023854,689.2525741169944,0.0,83.9662725816099,83.9662725816099,60.0,0.0,60.0,60.0,12.0,12.0,12.0,19.0,12.0,12.0,21.0,10.0,0.0,0.0,0.0,0.0,0.0,0.0,0.0,0.0,0.0,0.0,0.0,0.0,0.0,83.9662725816099,83.9662725816099,0.0,0.0,0.0,83.9662725816099,0.0,0.0,0.0005399999999999999 
 03/23  05:20:00,1.8333333333333335,89.33333333333334,4.433333333333334,0.0,0.0,0.0,0.0,0.0,2.0,2.0,0.0,0.0,0.0,0.0,0.0,700.0,0.0,0.0,0.0,0.0,0.0,0.0,0.0,0.0,0.0,0.0,0.0,15.834505318331468,-31.29011903807441,15.781472853136503,-248.10387329103606,15.803856568549377,-59.52286722309236,15.731929822173992,-215.97962119180284,14.339159296852955,-6.204924477533098,16.131313212260279,-37.947674853169079,14.768052157322766,-94.27328938199526,12.365519038979486,-228.6716412372864,15.366436065480121,-103.78628773998207,482.7371124288784,731.737710722741,0.0,0.0,0.0,0.0,0.0,0.0,0.0,0.0,0.0,0.0,0.0,0.0,0.0,0.0,0.0,0.0,0.0,0.0,0.0,0.0,0.0,0.0,1.4640956513092674,0.44691564447779838,186.5922596273082,221.61152980038296,5160.012098660404,0.26451441095606839,0.04037155234372228,139.5674942596181,165.8422595260946,3805.565916132786,1.4171722645691272,0.26779521250361446,128.53978156631366,152.64770755263468,3568.8558171275597,0.2646537578134252,0.05001015831697376,126.62341950066483,150.47989597690674,3444.6735205839897,0.0,0.0,7.070672368814797,8.43270325096258,177.7227562444447,0.0,0.0,13.816732073487483,16.3652888486224,399.8770425982787,0.0,0.0,71.80258076006965,85.56693933585405,1837.5957757118825,0.0,0.0,53.736889195577287,64.65886635972473,1086.1539556177875,0.0,0.0,32.258040907962307,38.3250211583667,879.1500520350178,37.17537487459781,25.497513631411399,227.65870844833175,271.56938686033257,6625.093396906249,0.0,0.0,65.59034354580344,79.52200603672614,1049.3292055318157,0.0,15.523275393792698,36.00914293116781,22.0,30.0,0.0,15.406474424384628,35.80840017851051,12.0,30.0,0.0,15.5352828060374,36.339975204574788,22.0,30.0,0.0,15.37091795039382,35.89021564280853,12.0,30.0,0.0,14.302348612321215,39.42033973980455,12.0,30.0,0.0,16.293494329441687,34.561964523125279,12.0,30.0,0.0,14.540116741493986,38.55966533567033,10.0,30.0,0.0,11.76751581119283,46.48408381111586,13.0,30.0,0.0,15.407156543885238,36.65430889676324,20.0,30.0,0.0,14.269843551662259,0.0,0.0,0.0,9.619138215691026,0.0,0.0,470.41122794296998,432.70511768822208,498.6656562943136,432.64938083164659,534.0493599853536,771.9558465700668,527.0382014621841,602.2611098050642,686.6437849674472,0.0,83.9662725816099,83.9662725816099,60.0,0.0,60.0,60.0,12.0,12.0,12.0,19.0,12.0,12.0,21.0,10.0,0.0,0.0,0.0,0.0,0.0,0.0,0.0,0.0,0.0,0.0,0.0,0.0,0.0,83.9662725816099,83.9662725816099,0.0,0.0,0.0,83.9662725816099,0.0,0.0,0.0005533333333333334 
 03/23  05:30:00,1.9300000000000002,89.0,4.455,0.0,0.0,0.0,0.0,0.0,2.0,2.0,0.0,0.0,0.0,0.0,0.0,1400.0,0.0,0.0,0.0,0.0,0.0,0.0,0.0,0.0,0.0,0.0,0.0,15.746390282525003,-104.27758368392097,15.770633363286997,-146.8778854934178,15.686207347922995,-224.25862648178237,15.721320450229593,-138.74455548897437,14.298968358029914,-6.658324935722277,16.083680783363794,-40.39118838965908,14.729489397326376,-75.19549257431868,12.308412338423042,-232.80978303519499,15.327763485330899,-108.00472677604285,496.3935652056707,728.375187561143,0.0,0.0,0.0,0.0,0.0,0.0,0.0,0.0,0.0,0.0,0.0,0.0,0.0,0.0,0.0,0.0,0.0,0.0,0.0,0.0,0.0,0.0,1.4487784095120345,0.4422400517436003,145.64734079252907,173.37485878800767,3970.5692376656299,0.27183438988422817,0.041488765244845567,120.7919786530694,143.72288143840573,3282.0632867039914,1.397452517840806,0.2640688809222991,181.47046556245835,216.0260941542627,4922.015382395792,0.27368971533182526,0.05171763328265781,135.6429590462482,161.42871526193495,3675.7737606314606,0.0,0.0,7.545476477304826,9.016207159673858,187.65903245522095,0.0,0.0,13.741929487852307,16.30719008970955,393.8600881604285,0.0,0.0,76.06808878601028,90.81550001511744,1929.3192215498153,0.0,0.0,53.813694734789539,64.87488804745033,1071.7227547585217,0.0,0.0,31.649944206028306,37.6713895576359,854.1009239748657,37.1523663021604,25.48173271753115,231.529584585815,276.65600626069837,6673.954654063966,0.0,0.0,65.61236944857783,79.7042759701782,1028.2585365255837,0.0,15.397580372227987,36.28790886734197,22.0,30.0,0.0,15.459404993416982,35.894910771801367,12.0,30.0,0.0,15.35318279497142,36.47465049555804,22.0,30.0,0.0,15.421221302989573,36.17666224061125,12.0,30.0,0.0,14.267458671057114,39.4489482201014,12.0,30.0,0.0,16.249807539783047,34.60143489034587,12.0,30.0,0.0,14.523422362052635,38.57811321630494,10.0,30.0,0.0,11.71758790532026,46.56219928729227,13.0,30.0,0.0,15.370558425555851,36.67945402003385,20.0,30.0,0.0,14.281132031039278,0.0,0.0,0.0,9.555549163982305,0.0,0.0,473.2213442695513,448.9743674241763,482.27912986866127,464.05054700994608,534.5023234905166,771.7592836455808,523.854025261018,603.3095808672142,687.0816821862866,0.0,83.9662725816099,83.9662725816099,60.0,0.0,60.0,60.0,12.0,12.0,12.0,19.0,12.0,12.0,21.0,10.0,0.0,0.0,0.0,0.0,0.0,0.0,0.0,0.0,0.0,0.0,0.0,0.0,0.0,83.9662725816099,83.9662725816099,0.0,0.0,0.0,83.9662725816099,0.0,0.0,0.0005666666666666666 
 03/23  05:40:00,2.026666666666667,88.66666666666667,4.476666666666667,0.0,0.0,0.0,0.0,0.0,2.0,2.0,0.0,0.0,0.0,0.0,0.0,1400.0,0.0,0.0,0.0,0.0,0.0,0.0,0.0,0.0,0.0,0.0,0.0,15.67158768059446,-179.57937203092798,15.648223553876651,-220.3845083954002,15.657826825272384,-213.85704976266153,15.609696242959153,-162.6726190742561,14.253549608304663,-6.988173815044277,16.03125728814414,-40.69152662524593,14.665033256092418,-80.81845865148296,12.240865522989683,-234.90750504491894,15.283378008760148,-110.8963615179726,524.2968909110678,726.7640730867555,0.0,0.0,0.0,0.0,0.0,0.0,0.0,0.0,0.0,0.0,0.0,0.0,0.0,0.0,0.0,0.0,0.0,0.0,0.0,0.0,0.0,0.0,1.4290690342612856,0.43622375893201639,241.5660315862412,287.66892975553699,6486.812547353723,0.268083625506154,0.04091630425918102,176.07837969552538,209.72397961062559,4683.736011086191,1.3555613972241756,0.2561529473212729,167.4324610833414,199.2952280579934,4512.357755699284,0.27016480518469779,0.05105155048841603,165.35651240906584,196.89716527693674,4398.086673519975,0.0,0.0,7.4246598412357909,8.872595500149036,182.57057937590555,0.0,0.0,13.743546724559748,16.31449184638027,389.90107826363745,0.0,0.0,75.31314522612162,89.93400099243994,1885.2156331785837,0.0,0.0,53.924045923644879,65.03187050240445,1055.9695653983254,0.0,0.0,31.908136166819899,37.993021302301077,852.1091109803638,37.03941570437014,25.404263171721639,317.44245225745717,379.20950683725109,8789.831543894497,0.0,0.0,65.60315562956943,79.71911096392953,1007.5087827723922,0.0,15.314318125222217,36.3875919984877,22.0,30.0,0.0,15.273063709987245,36.30346671133659,12.0,30.0,0.0,15.368889533506583,36.410114135261547,22.0,30.0,0.0,15.253985782125146,36.495687374934018,12.0,30.0,0.0,14.222263519027522,39.48028127753217,12.0,30.0,0.0,16.19641008662272,34.65021344427937,12.0,30.0,0.0,14.450249591233295,38.64392125483151,10.0,30.0,0.0,11.646890622453992,46.66286258700903,13.0,30.0,0.0,15.323172520446429,36.70909565966757,20.0,30.0,0.0,14.356496198571728,0.0,0.0,0.0,9.496366192599247,0.0,0.0,469.0454232730815,448.13323756606806,483.3523013397786,461.29804045905987,534.1048741139454,770.223293333129,522.209595659291,603.8089711783562,685.4488693743208,0.0,83.9662725816099,83.9662725816099,60.0,0.0,60.0,60.0,12.0,12.0,12.0,19.0,12.0,12.0,21.0,10.0,0.0,0.0,0.0,0.0,0.0,0.0,0.0,0.0,0.0,0.0,0.0,0.0,0.0,83.9662725816099,83.9662725816099,0.0,0.0,0.0,83.9662725816099,0.0,0.0,0.0005799999999999999 
 03/23  05:50:00,2.1233333333333337,88.33333333333334,4.498333333333333,0.0,0.0,0.0,0.0,0.0,2.0,2.0,0.0,0.0,0.0,0.0,0.0,1400.0,0.0,0.0,0.0,0.0,0.0,0.0,0.0,0.0,0.0,0.0,0.0,15.562161426967798,-48.89196332851452,15.649061027812529,-219.34861481393978,15.512163098349202,-188.01824111467068,15.611421830055122,-207.83773223884783,14.20808170835015,-6.95216901702247,15.977764474500735,-40.769653699053979,14.612362904357685,-90.73781893632349,12.175635882148479,-234.55453435710059,15.237778190327035,-112.11163040267422,484.99861474360116,727.9369136899546,0.0,0.0,0.0,0.0,0.0,0.0,0.0,0.0,0.0,0.0,0.0,0.0,0.0,0.0,0.0,0.0,0.0,0.0,0.0,0.0,0.0,0.0,1.4090868521540848,0.4301241917442261,167.32783311618625,199.2930949178779,4429.830584704699,0.25647388277480046,0.03914436550286941,144.0727546699681,171.4897087501362,3817.7818825588849,1.3558407748203343,0.25620573976196805,199.16202699784805,237.23765077773749,5249.397579259483,0.2554872056207345,0.04827800559726652,151.33524747890847,180.16201292874269,4000.109256872335,0.0,0.0,7.262002513050195,8.682551391525085,176.55690057739879,0.0,0.0,13.876882430838151,16.47722441802452,389.5615603279338,0.0,0.0,73.94194529790025,88.33626783499088,1830.0162480195664,0.0,0.0,54.02476120255456,65.1756666352989,1040.424797232909,0.0,0.0,32.838496046447989,39.10802484157432,867.5536824415297,36.87677848649585,25.292715011314038,270.4864332062858,323.1681181477129,7498.621311847759,0.0,0.0,65.57766953557153,79.71184440366726,987.3259262816009,0.0,15.193094672167705,36.714132871668947,22.0,30.0,0.0,15.338048509872449,36.19207601353231,12.0,30.0,0.0,15.156223098743468,36.86094455687454,22.0,30.0,0.0,15.308438233445198,36.39036832147798,12.0,30.0,0.0,14.177106581268724,39.51454502966844,12.0,30.0,0.0,16.140535108110258,34.71112628683012,12.0,30.0,0.0,14.403056226263776,38.73162325749938,10.0,30.0,0.0,11.580798362708752,46.7503339741271,13.0,30.0,0.0,15.273936034252124,36.740547864160578,20.0,30.0,0.0,14.226812315177473,0.0,0.0,0.0,9.443423974948356,0.0,0.0,475.3796663987499,451.2896275825559,482.0149207150439,464.2196347900979,534.5425633702544,770.3594480035474,524.6881526885829,603.6066362266345,684.8174608536215,0.0,83.9662725816099,83.9662725816099,60.0,0.0,60.0,60.0,12.0,12.0,12.0,19.0,12.0,12.0,21.0,10.0,0.0,0.0,0.0,0.0,0.0,0.0,0.0,0.0,0.0,0.0,0.0,0.0,0.0,83.9662725816099,83.9662725816099,0.0,0.0,0.0,83.9662725816099,0.0,0.0,0.00057 
 03/23  06:00:00,2.22,88.0,4.52,0.0,0.0,0.0,0.0,0.0,2.0,2.0,0.0,0.0,0.0,0.0,0.0,1400.0,0.0,0.0,0.0,0.0,0.0,0.0,0.0,0.0,0.0,0.0,0.0,15.532853369677487,-160.29448893004929,15.515600663994907,-199.5504492311229,15.503646017632555,-214.58201564417505,15.487402873790023,-141.87091469513258,14.162860394459142,-6.954886819002056,15.92667954573424,-41.73381146963084,14.54279778079885,-81.65109005261547,12.112213591214715,-232.66529592948315,15.193453415182774,-114.19855491700344,485.9511365588696,725.6430159584179,0.0,0.0,0.0,0.0,0.0,0.0,0.0,0.0,0.0,0.0,0.0,0.0,0.0,0.0,0.0,0.0,0.0,0.0,0.0,0.0,0.0,0.0,1.3764195128126518,0.42015247643853839,232.49955006106968,277.046834099501,6095.382647747426,0.260714833607127,0.03979164127092903,165.6667281004158,197.43820117498746,4303.082874388154,1.3170234572328137,0.24887064573560359,157.17053818344244,187.20447199660829,4124.658014430181,0.2621921534169328,0.04954500253532365,143.5624460197524,171.04374168343299,3731.5132910544687,0.0,0.0,7.392210926488831,8.83873351773948,177.65270763179246,0.0,0.0,13.818295617837439,16.412935814785884,383.9293245235772,0.0,0.0,75.05216498161593,89.682997045224,1831.352216572494,0.0,0.0,54.02596829096479,65.19892725584525,1023.2681016877496,0.0,0.0,32.51362193735185,38.73516313383692,849.8751992385903,36.78645683449548,25.230766004455075,285.15329713686386,340.85213771175889,7772.9447316692089,0.0,0.0,65.50166397601524,79.64231143600242,966.8692289324922,0.0,15.189749233604794,36.68223597328958,22.0,30.0,0.0,15.142578372357072,36.64739857889911,12.0,30.0,0.0,15.207600710806176,36.74088983889598,22.0,30.0,0.0,15.134142377681123,36.77130239518584,12.0,30.0,0.0,14.132485227827445,39.56098033598472,12.0,30.0,0.0,16.088828161481037,34.77788737560415,12.0,30.0,0.0,14.322436896902295,38.886255681522388,10.0,30.0,0.0,11.517917026102053,46.874913458632409,13.0,30.0,0.0,15.227306417624093,36.79286089586026,20.0,30.0,0.0,14.215098431582092,0.0,0.0,0.0,9.394086236811202,0.0,0.0,471.76940097091485,448.2340339812475,484.7565558510834,461.07948785609667,534.4192532805348,769.1549104118299,523.9343617314298,605.3287865180155,683.637439202384,0.0,83.9662725816099,83.9662725816099,60.0,0.0,60.0,60.0,12.0,12.0,12.0,19.0,12.0,12.0,21.0,10.0,0.0,0.0,0.0,0.0,0.0,0.0,0.0,0.0,0.0,0.0,0.0,0.0,0.0,83.9662725816099,83.9662725816099,0.0,0.0,0.0,83.9662725816099,0.0,0.0,0.00056 
 03/23  06:10:00,2.318333333333334,87.83333333333334,4.6,12.000000000000002,109.33333333333334,0.0,0.0,0.0,2.0,2.0,0.0,0.0,0.0,0.0,0.0,7010.0,0.0,22.493501685487894,50.79048391214533,130.14784909419749,0.67446912966595,17.951959289317775,0.0,50.79048391214526,69.43444217594556,0.0,0.0,16.8204163263265,-717.7587271450188,16.483147804802124,189.0883885608033,17.050031520692614,-2405.957506050084,15.919712041074824,962.1764755937263,14.123135035541893,-6.775022728245945,16.956201863363373,-108.5320498433317,14.655511232049255,190.97317078735933,13.215070661997672,-333.7848128158701,16.82697092506023,-286.68925838687849,820.0572311039076,860.9182077692918,0.0,0.0,0.0,0.0,0.0,0.0,0.0,0.0,0.0,0.0,0.0,0.0,0.0,0.0,0.0,0.0,0.0,0.0,0.0,0.0,0.0,0.0,1.392146353740926,0.42495309943251716,263.3103015626774,311.5041135568443,7993.322311821995,0.30589979013241128,0.04668800215696143,198.5384824117256,235.34158490601687,5762.902075946412,1.291868477006357,0.24411724811155664,466.8786914128218,551.984058596183,14340.438845869408,0.36409973636467415,0.06880191541282578,356.1986760892446,423.521630023741,9806.931679288893,0.0,0.0,10.953521261747785,13.114816003716255,260.2858831836556,0.0,0.0,18.666101585082659,22.0832818069399,567.8359709246623,0.0,0.0,80.17179870210436,95.84588163382564,1985.1911938424824,0.0,0.0,45.22135804263278,54.359576829712818,988.916196239509,0.0,0.0,48.15032224071427,56.95644565528009,1466.4943731165318,38.16850768315016,26.17867467980122,550.6730982304307,656.1507334734155,15441.646774595389,0.0,0.0,58.91328245455542,71.71304203554884,871.28545990399,2093.60698942272,17.17917465974603,32.386429799619737,21.999999999999998,30.0,1355.007375641921,16.583077911838946,33.576367034186,16.7,30.0,4713.306364945655,17.46424344838842,31.807776491525048,21.999999999999998,30.0,0.0,15.932327395193468,35.03958405520416,16.999999999999998,30.0,0.0,14.096868807864713,39.598925115371148,12.0,30.0,1894.8761833281165,17.49055259753252,31.82982589391185,20.0,30.0,0.0,14.605553087466208,38.16248081064946,10.0,30.0,1485.6016145382174,13.215601980128572,41.96016135052632,16.999999999999998,30.0,3150.251972879174,17.41074606672904,32.05822887343544,20.0,30.0,0.0,15.180646772142616,0.0,0.0,0.0,9.514060341493498,0.0,0.0,470.43030371999967,469.0763131309425,467.94373355378988,471.5257836623755,533.4818858946031,757.539698533098,510.09165200434287,610.2923199138536,671.1184329780928,14444.489243508653,78.45121797658989,87.84053817266673,60.0,0.0,60.0,60.0,16.0,16.0,19.0,19.0,16.0,12.0,21.0,10.0,1.0,0.0,2093.60698942272,1355.007375641921,4713.306364945655,0.0,1894.8761833281165,0.0,1485.6016145382174,3150.251972879174,14203.270557814603,8521962.334688763,11069105.502386634,78.45121797658989,87.99999999999999,0.47344235192715347,0.769852184955523,0.3602813740196596,87.99999999999999,0.3542647819438876,11069105.502386634,0.5761434861241049 
 03/23  06:20:00,2.416666666666667,87.66666666666667,4.68,15.0,136.66666666666669,0.0,0.0,0.0,2.0,2.0,0.0,0.0,0.0,0.0,0.0,4206.0,0.0,29.381890326455854,64.81389370282972,166.0820966467116,0.8810209762755563,23.44958360348663,0.0,64.81389370282966,88.60550654117457,0.0,0.0,17.809348125545357,-1384.484662540498,16.839216287987364,779.4221552596252,18.174344467883374,-3509.9651318159419,16.91660305701547,1038.0403248014519,14.082463021975287,2.3737556130342645,18.109010196207458,-214.5865365829551,14.987534556786996,113.23394480080649,14.647321823992922,-268.4630052299068,18.117156034757295,-498.24888955614918,1214.220941115908,1246.377287094774,0.0,0.0,0.0,0.0,0.0,0.0,0.0,0.0,0.0,0.0,0.0,0.0,0.0,0.0,0.0,0.0,0.0,0.0,0.0,0.0,0.0,0.0,1.4833729875572593,0.45280005725191066,419.61377527655079,494.3619478415204,13690.857098307688,0.3893515357741071,0.05942483757236069,361.4128216489242,427.79493015379969,10828.385361133449,1.2951100818770896,0.24472979627307066,574.4174915983466,675.9064036932593,19137.037841819892,0.3858857354816777,0.07291869529132229,405.96386625109087,480.45814503605399,12241.891788361147,0.0,0.0,14.323854015342107,17.15525142304005,336.7008526421399,0.0,0.0,23.921267651488237,28.11708915595541,809.4510924628293,0.0,0.0,96.20122902626918,114.76930292957258,2466.2091827796359,0.0,0.0,28.72039324740418,34.25286623851313,751.5937417636003,0.0,0.0,66.90994664990652,78.58235982128902,2293.294639835284,39.58447637235655,27.14984662027199,751.7728748989953,893.1114346308592,22127.391935855238,0.0,0.0,66.41125293168943,80.62683131215977,1059.8573245355006,2087.5189101158005,18.80366375456232,29.209957072880383,22.0,30.0,0.0,17.420049712529239,31.85937398554787,16.0,30.0,4575.509125118821,19.199581841446205,28.4980930880437,22.0,30.0,0.0,17.55476707917569,31.59597517061949,16.5,30.0,0.0,14.062783423306416,39.618081465214917,12.0,30.0,1731.637166273909,19.484079461381375,28.055887739216649,20.0,30.0,0.0,15.165390953646412,36.81503715346254,10.0,30.0,1429.6110330030029,15.602621022900494,35.90515255281457,17.0,30.0,1546.0317462693639,19.725292084680008,27.628556908336557,19.666666666666666,30.0,0.0,16.39136676296659,0.0,0.0,0.0,10.178668095469341,0.0,0.0,470.4266085278862,470.71876563604089,467.8924364259203,467.9024770771134,533.5345185235079,717.8643036077489,524.5724565596884,622.9320686087921,632.9940402622133,11957.546081027154,80.09777470351367,87.8680351815878,60.0,0.0,60.0,60.0,16.0,16.0,19.0,19.0,16.0,12.0,21.0,10.0,1.0,0.0,2087.5189101158005,0.0,4575.509125118821,0.0,1731.637166273909,0.0,1429.6110330030029,1546.0317462693639,11757.85860844396,7054715.165066376,9216126.061593513,80.09777470351367,88.0,0.39192862028146538,0.7654397505101364,0.36028137401965956,88.0,0.3542647819438875,9216126.061593513,0.47980522186952925 
 03/23  06:30:00,2.515,87.5,4.76,18.0,164.0,0.0,0.0,0.0,2.0,2.0,0.0,0.0,0.0,0.0,0.0,2103.0,0.0,36.50948951043353,76.28790886974034,195.4836742392543,1.0947469414876199,29.1381357102092,0.0,76.28790886974025,104.2913551739785,0.0,0.0,18.242701194386627,-1384.682725698718,17.23243971786559,817.5027474549045,18.720882444037799,-3596.1120582214737,17.57711692284904,806.7655842022192,14.05095387034645,5.954375252615759,17.963578533759028,-207.2430943951723,15.012886022958812,53.23996651733521,15.435043251718892,-122.70152946923939,18.17073676826682,-395.8580205270738,1343.886043570597,1211.8834122374165,0.0,0.0,0.0,0.0,0.0,0.0,0.0,0.0,0.0,0.0,0.0,0.0,0.0,0.0,0.0,0.0,0.0,0.0,0.0,0.0,0.0,0.0,1.5502818045914358,0.4732239940755297,446.2024492459328,524.4899585514287,14973.969416088774,0.4137214489058859,0.06314429928356009,388.3201301980589,458.5646676517413,12018.13382241083,1.3128463234620978,0.24808131584695726,572.4086638882341,671.747412006684,19712.955720590566,0.37176091866119689,0.07024960670090638,378.9312325007545,446.8342633914334,12046.463385661216,0.0,0.0,15.306165490362645,18.327735784414189,356.1780263983447,0.0,0.0,24.63800476988274,28.97833005915657,816.112797175296,0.0,0.0,111.43055476982014,132.89133658942724,2837.83056989176,0.0,0.0,22.109245168510414,26.209326141475619,638.141944112283,0.0,0.0,62.93823406872983,73.9401281309746,2127.2776813639204,40.308404652494107,27.646368074412963,751.1624902020121,890.2079994035767,22929.34689190115,0.0,0.0,65.77883520353709,79.78768724473648,1058.6351749720464,1960.6431894457456,19.4155650106888,28.128078910128325,21.999999999999994,29.99999999999999,0.0,18.065326086238444,30.6019527168259,15.999999999999993,29.99999999999999,4426.545760768971,19.913858712914516,27.27153554797796,21.999999999999994,29.99999999999999,0.0,18.52526064367032,29.731224655624389,15.999999999999993,29.99999999999999,0.0,14.040090250047392,39.642243952234419,11.999999999999995,29.99999999999999,114.44315765212721,19.231218103735846,28.528810942214919,18.999999999999994,29.99999999999999,0.0,15.180774661303131,36.790959724819888,9.999999999999997,29.99999999999999,871.942157341268,16.962194710349484,32.86778581770881,16.999999999999994,29.99999999999999,1459.2415300448568,19.61633446976703,27.82017057503708,19.66666666666666,29.99999999999999,0.0,17.052519060166785,0.0,0.0,0.0,10.357051410080887,0.0,0.0,471.35072629687797,472.0352370905297,467.28565132038787,467.5611241881742,544.3387006004873,696.996012737047,541.5123584123096,588.9631774824462,624.5780098565131,10895.350799624706,80.80052274625848,87.87977086544527,59.99999999999998,0.0,59.99999999999998,59.99999999999998,16.0,16.0,19.0,19.0,16.0,12.0,21.0,10.0,1.0,0.0,1960.6431894457456,0.0,4426.545760768971,0.0,114.44315765212721,0.0,871.942157341268,1459.2415300448568,10713.401673161672,6428041.003897006,8414952.74633528,80.80052274625848,87.99999999999997,0.3571133891053891,0.763888036956029,0.36028137401965945,87.99999999999997,0.35426478194388735,8414952.74633528,0.43816087614276785 
 03/23  06:40:00,2.6133333333333335,87.33333333333334,4.84,27.666666666666666,156.83333333333335,0.0,0.0,0.0,2.0,2.0,0.0,0.0,0.0,0.0,0.0,3505.0,0.0,49.83356821090866,77.86864534244538,199.53431901986614,1.4942765489988844,39.772088911374577,0.0,77.86864534244528,106.45234177531308,0.0,0.0,18.63281497358443,-1199.3705234906568,17.547896447615139,916.0991412241153,19.182329211995133,-3339.6478243149188,17.96925668785032,868.4027371529501,14.023793688073292,9.228408154224625,18.34534596302797,-233.77849415106855,15.103933870535768,219.24234215204468,15.133066598863977,-76.14926267572074,18.205935079675624,-332.5634530768826,1479.313597643782,1093.8384770478477,0.0,0.0,0.0,0.0,0.0,0.0,0.0,0.0,0.0,0.0,0.0,0.0,0.0,0.0,0.0,0.0,0.0,0.0,0.0,0.0,0.0,0.0,1.6251543912768152,0.49607887401612207,451.7713508931927,530.423502037019,15504.752200357283,0.42570595269945407,0.0649734360041902,389.072784615956,458.9799080376532,12314.416310843208,1.3559527804865635,0.2562269048538482,569.6558141786261,667.6782712735007,20069.886781467,0.36798333030039878,0.06953577670075564,361.478026817432,425.6719046813647,11793.773582766142,0.0,0.0,15.884049458744889,19.03308643421428,365.92270506627599,0.0,0.0,25.072445169968107,29.45633211511167,850.2453372687129,0.0,0.0,112.58412831710297,134.29818798132485,2880.887952549323,0.0,0.0,20.06198239114341,23.852065625583579,549.5222517278941,0.0,0.0,59.211484639860078,69.6652837862366,1963.9930946062039,40.977026180090138,28.104956227771028,735.1749583360249,869.9714419745375,23200.913313633904,0.0,0.0,59.57375260770682,72.32335388656429,944.0890596488852,1907.9553830552384,19.921612241277,27.282917829594426,22.000000000000008,30.00000000000001,0.0,18.540935585756004,29.726186275687085,16.000000000000005,30.00000000000001,4297.208203856293,20.436541976554009,26.429892773513826,22.000000000000008,30.00000000000001,0.0,19.064064628142515,28.7715378704094,16.000000000000005,30.00000000000001,0.0,14.020775388024962,39.6825188166517,12.000000000000006,30.00000000000001,1459.8511997462295,19.75517326076904,27.610259415585334,20.000000000000008,30.00000000000001,0.0,15.354184085311133,36.399002468528177,10.000000000000004,30.00000000000001,95.95801710043054,16.279986744105054,34.31667732530969,16.000000000000005,30.00000000000001,654.5732663537806,19.35094787440265,28.302894598024616,19.20000000000001,30.00000000000001,0.0,17.635675209403997,0.0,0.0,0.0,10.32819503840719,0.0,0.0,472.3402201688568,473.8530971414112,468.08051871762708,467.659255740194,551.7673524746774,691.7068333731811,532.8323994048554,562.2779017442301,621.5949041629755,10680.946825089177,80.94234452969056,87.88213924716001,60.00000000000002,0.0,60.00000000000002,60.00000000000002,16.0,16.0,19.0,19.0,16.0,12.0,21.0,10.0,1.0,0.0,1907.9553830552384,0.0,4297.208203856293,0.0,1459.8511997462295,0.0,95.95801710043054,654.5732663537806,10502.578181402181,6301546.908841305,8246934.994315535,80.94234452969056,88.00000000000003,0.3500859393800727,0.7640462706488844,0.36028137401965967,88.00000000000003,0.35426478194388769,8246934.994315535,0.4294406197044077 
 03/23  06:50:00,2.711666666666667,87.16666666666666,4.92,37.33333333333333,149.66666666666667,0.0,0.0,0.0,2.0,2.0,0.0,0.0,0.0,0.0,0.0,2804.0,0.0,62.813947337581989,67.92276233363194,174.0486468824154,1.8835000859635576,50.13173472406486,0.0,67.92276233363185,92.85556565759157,0.0,0.0,18.952317553315465,-1218.0250883017289,17.85023644667423,929.5433704359025,19.538922282712343,-3392.9118353299347,18.314723212249349,857.0663004293824,14.002963634738324,16.895493496165544,18.087113404708675,-195.9738842078634,15.383602769401247,240.5395203159419,15.457559088921279,-92.56912578237723,18.370870143468655,-342.922839952461,1556.041279128046,1098.074483470952,0.0,0.0,0.0,0.0,0.0,0.0,0.0,0.0,0.0,0.0,0.0,0.0,0.0,0.0,0.0,0.0,0.0,0.0,0.0,0.0,0.0,0.0,1.6663644434959535,0.5086582550353949,458.26028017397678,537.2458932060406,16017.285904430744,0.4345610485681035,0.06632494636265317,394.1442188315393,464.26897181597266,12724.038833321372,1.3885604107638326,0.2623885885797114,572.4819524919758,669.9751909676654,20537.837001007414,0.3728730192625265,0.07045975420682659,360.5130005923226,423.84466945752367,12016.580358640836,0.0,0.0,16.354409702226428,19.597381992161208,373.22883058536697,0.0,0.0,25.2503398133046,29.712213051579889,829.4160522600994,0.0,0.0,111.47595548721829,132.74308092526156,2933.2738590644069,0.0,0.0,19.55155691019839,23.205720571270335,550.5667963394113,0.0,0.0,59.42400810036594,69.81790790397854,2002.990082319742,41.46211576570798,28.437665134230448,738.9223135823793,873.2269076031497,23760.469515299756,0.0,0.0,57.094309099559499,69.31399680010819,890.3776453811515,1876.2362563428738,20.363424539120609,26.571868166017987,22.0,30.0,0.0,18.978916903187128,28.948922021843879,16.0,30.0,4228.18964985077,20.884254155180359,25.735582586959386,22.0,30.0,0.0,19.542329967432229,27.953914331288727,16.0,30.0,0.0,14.009396941310597,39.7167417332435,12.0,30.0,82.77210935231955,19.28188881621148,28.458419586005115,19.0,30.0,0.0,15.82331670051781,35.34286333842123,10.0,30.0,819.1811272580306,16.78892570335689,33.228515650570248,16.75,30.0,799.1174479606276,19.73193491838873,27.638792721587618,19.5,30.0,0.0,18.031033270823195,0.0,0.0,0.0,10.308176521641432,0.0,0.0,472.5194411674302,474.69658371020707,468.9133631372792,468.53496362011358,551.0426768898602,685.2351708580418,524.7961244233329,559.8661648053394,615.6572572935133,10579.902297645378,81.00908654171295,86.42758571556763,60.0,0.0,60.0,60.0,16.0,16.0,19.0,19.0,16.0,12.0,21.0,10.0,1.0,0.0,1876.2362563428738,0.0,4228.18964985077,0.0,82.77210935231955,0.0,819.1811272580306,799.1174479606276,8199.876597446924,4919925.958468154,6407393.480861743,81.00908654171295,86.51960981972246,0.35832921991489749,0.7662886368640168,0.36028137401965956,86.51960981972246,0.3542647819438875,6407393.480861743,0.33378446100481065 
 03/23  07:00:00,2.81,87.0,5.0,47.0,142.5,0.0,0.0,0.0,2.0,2.0,0.0,0.0,0.0,0.0,0.0,2804.0,0.0,77.92625318056547,65.23765981585493,167.16831343788238,2.336647899073518,62.19284298607868,0.0,65.23765981585486,89.18482694540357,0.0,0.0,19.34464511052729,-1181.9072229176682,18.164807989572745,1052.5002855128847,19.95721259012502,-3355.271173075932,18.662226753968196,946.9137525288998,13.994326709367872,28.529567470517024,18.475312797756837,-161.18798962979185,15.94020189041181,652.6601414760469,15.333791008143816,-403.4353498942098,18.28784019987262,-206.77084038079205,1678.8360454862532,860.7498378907037,0.0,0.0,0.0,0.0,0.0,0.0,0.0,0.0,0.0,0.0,0.0,0.0,0.0,0.0,0.0,0.0,0.0,0.0,0.0,0.0,0.0,0.0,1.7685223785013158,0.5398419958795225,473.6973651217146,554.449786800199,16929.148991045902,0.45418422536003458,0.069319936715512,400.95319093793798,471.61782048834047,13216.159743422579,1.4800570466704515,0.27967820231867948,576.6884005582551,673.8717707188032,21119.48687298246,0.38947698007292005,0.07359731293894935,363.38890324696328,426.5775493480409,12380.137145994053,0.0,0.0,16.19936572761467,19.414498634888689,366.7633593260325,0.0,0.0,22.32660311636387,26.225506059578593,752.7029499313115,0.0,0.0,93.59854524783538,111.07769591110413,2628.7817077982756,0.0,0.0,32.035236108342179,38.083180502117048,867.6348138858073,0.0,0.0,42.02093273876655,49.41924734559174,1387.5001513543339,42.11802944650746,28.887537343283584,753.6100595480975,889.1730405313563,24842.141362572176,0.0,0.0,48.17053726368608,58.53443454848057,717.0877816916418,1946.4312310645906,20.88763940165007,25.7777125144858,22.0,30.0,0.0,19.442746993206137,28.176381476039127,16.0,30.0,4382.101955152423,21.393105642941149,24.99565911346801,22.0,30.0,0.0,20.0383993902477,27.159077148149608,16.0,30.0,0.0,14.01649831227081,39.7222215995844,12.0,30.0,1343.192675031351,19.847935566805789,27.479929751024029,20.0,30.0,0.0,16.853779278242329,33.15240291422685,10.0,30.0,811.6559919990489,16.30809106175661,34.28286986776409,16.5,30.0,1202.033540439126,19.46666836977738,28.11570084965048,19.5,30.0,0.0,18.54253070553388,0.0,0.0,0.0,10.052483868672342,0.0,0.0,471.9818436506365,475.00686600195737,470.97729666577268,470.9628344843,541.4529406093685,677.926624064221,486.3945796742804,591.8561304230387,620.0863352046125,10636.464157490882,80.97173213333389,86.333754388181,60.0,0.0,60.0,60.0,16.0,16.0,19.0,19.0,16.0,12.0,21.0,10.0,1.0,0.0,1946.4312310645906,0.0,4382.101955152423,0.0,1343.192675031351,0.0,811.6559919990489,1202.033540439126,8114.539052806039,4868723.431683624,6353734.833960814,80.97173213333389,86.42481932676059,0.3554846350935347,0.7675786849909634,0.36028137401965956,86.42481932676059,0.3542647819438875,6353734.833960814,0.3309942113659623 
 03/23  07:10:00,3.0683333333333335,86.83333333333333,5.01,56.66666666666667,135.33333333333332,0.0,0.0,0.0,2.0,2.0,0.0,0.0,0.0,0.0,0.0,2804.0,0.0,92.72972466239527,62.54282907959333,160.26304906497666,2.780535049688553,74.00746932297806,0.0,62.54282907959326,85.50078902100467,0.0,0.0,19.604642291511938,-1123.3335535562129,18.44112554235482,1024.7438751516298,20.269587980140167,-3308.1591451642245,18.94243408133914,928.3586236234582,13.997014191139546,38.80501632312604,18.259775255081118,-94.87301976594924,16.46872346394563,576.7969894669592,16.041398178722465,-354.7667194467925,18.288588926955513,-108.83835572465699,1719.50389737565,760.7591113767273,0.0,0.0,0.0,0.0,0.0,0.0,0.0,0.0,0.0,0.0,0.0,0.0,0.0,0.0,0.0,0.0,0.0,0.0,0.0,0.0,0.0,0.0,1.787668498088592,0.5456863547278975,467.4652497112189,546.549527022834,16773.718997170425,0.4543603368653849,0.06934681576089513,397.39284748543147,466.89217141717787,13166.206908747932,1.5036215322214335,0.2841310529518961,569.123309352634,664.1544273452157,20968.559288995853,0.39035232557344148,0.07376272214161779,358.0955074874167,419.8604994250961,12255.746221339023,0.0,0.0,16.012545239451513,19.191645852526599,354.94952435495147,0.0,0.0,20.14088930599972,23.694739793155628,651.7531427727238,0.0,0.0,88.1249328332353,104.29260944993793,2568.2547285866005,0.0,0.0,24.11770920349467,28.567456015977883,693.6288152155819,0.0,0.0,35.188281422127747,41.40482674982714,1139.53677651198,42.16133273033878,28.917237812303698,744.7127982075483,877.6813786942893,24673.930724066457,0.0,0.0,41.11899442608818,49.98647945920777,586.2913796089163,1863.3309422711714,21.233544617665474,25.31049536540529,22.0,30.0,0.0,19.804005161103839,27.64417947745326,16.0,30.0,4190.576546913977,21.780608956726796,24.48549537062102,22.0,30.0,0.0,20.387597464072628,26.658569205075318,16.0,30.0,0.0,14.03955108945315,39.73479232414149,12.0,30.0,0.0,19.386921711427925,29.75862169950046,19.0,30.0,0.0,17.678511723739694,31.541316725300488,10.0,30.0,1334.055148603664,17.503904736760977,31.900679625649699,20.7,30.0,0.0,19.37398838289914,29.589640464787434,19.0,30.0,0.0,18.88619851745713,0.0,0.0,0.0,9.999915833104117,0.0,0.0,471.95248753151699,475.7686042778817,471.3884647978063,472.2746275067626,530.5776031295314,701.4311738037603,480.4988154090123,606.0708203718796,651.6218457386109,10203.572835290863,81.25804219867698,84.80260416359659,60.0,0.0,60.0,60.0,16.0,16.0,19.0,19.0,19.7,12.0,21.0,10.0,1.0,0.0,1863.3309422711714,0.0,4190.576546913977,0.0,0.0,0.0,1334.055148603664,0.0,5364.165234027004,3218499.140416202,4170189.0302102437,81.25804219867698,84.86280259289909,0.34880550780090016,0.7677437316031952,0.36028137401965956,84.86280259289909,0.3542647819438875,4170189.0302102437,0.21744982957093268 
 03/23  07:20:00,3.326666666666667,86.66666666666667,5.0200000000000009,66.33333333333333,128.16666666666669,0.0,0.0,0.0,2.0,2.0,0.0,0.0,0.0,0.0,0.0,7010.0,0.0,107.22488697884923,59.964021167442798,153.65508372892197,3.2151772843649124,85.57603287502872,0.0,59.96402116744272,81.97536309340741,0.0,0.0,19.75211925787367,-1335.864821719321,18.6533474449525,957.2220315923529,20.285046301232215,-2494.910287017396,19.144872437916836,714.0283828512334,13.997243474352718,37.92118471067392,18.422240271614208,-84.22937697296749,16.76632017491843,465.68789870388357,16.768238762534467,-144.59180681630617,18.66216470461814,-86.99766599934323,1694.3799865181573,585.0883975737994,0.0,0.0,0.0,0.0,0.0,0.0,0.0,0.0,0.0,0.0,0.0,0.0,0.0,0.0,0.0,0.0,0.0,0.0,0.0,0.0,0.0,0.0,1.7606426556496806,0.5374367080737731,459.04472751879589,536.8174317215783,16357.399734094597,0.440252001459266,0.06719352891624941,383.64983228287977,450.7012298910165,12688.02796122233,1.5335828895169226,0.28979268509390079,476.13356621514927,556.3170089242184,17279.84588873199,0.3792505253468788,0.07166487629381685,319.4049875199082,374.585041664067,10895.805745913054,0.0,0.0,15.896460666461297,19.0624490762594,344.5013711241593,0.0,0.0,19.09314989039327,22.45336019792578,615.6300220091231,0.0,0.0,86.06063465941674,101.77265679871442,2529.7140576988447,0.0,0.0,15.815747412184028,18.67282243839739,479.95741706564606,0.0,0.0,29.903130686581627,35.132982824400887,977.3303713076427,41.98988826176445,28.799649013555876,692.4910234885108,816.3926416210857,22863.797797266416,0.0,0.0,29.497330755066217,35.91055228950169,389.7010839906181,1884.9341119185784,21.369965303510598,25.24122685864964,21.999999999999998,30.0,0.0,20.04931440491309,27.374298387349474,15.999999999999999,30.0,3005.486146042005,21.65390439024301,24.81944193251524,21.7,30.0,0.0,20.599148615147734,26.448554263092786,15.999999999999999,30.0,0.0,14.052023601615592,39.87067213510895,12.0,30.0,1066.3864756268873,19.58610470862119,30.735022349423056,19.7,30.0,0.0,18.087571246563834,30.89728361853919,10.0,30.0,1324.7041890578146,18.616620402139398,29.91830839115015,20.7,30.0,1204.6339555178404,19.778153032990486,29.933835588592808,19.4,30.0,0.0,19.02276730511495,0.0,0.0,0.0,9.735237979805963,0.0,0.0,472.9770564227366,477.0717065840565,472.89518605863796,473.96651487209848,524.7294309420796,732.3128879371037,478.3800140087278,588.4403501819573,687.0273482790555,11231.332227429668,80.57806368239668,86.04727319595989,60.0,0.0,60.0,60.0,16.0,16.0,19.0,19.0,19.7,12.0,21.0,10.0,1.0,0.0,1884.9341119185784,0.0,3005.486146042005,0.0,1066.3864756268873,0.0,1324.7041890578146,1204.6339555178404,8275.783685070415,4965470.211042249,6463371.111286662,80.57806368239668,86.14015853002974,0.37785945616901386,0.7675316543783205,0.3602813740196596,86.14015853002974,0.3542647819438876,6463371.111286662,0.33669529778690646 
 03/23  07:30:00,3.585,86.5,5.029999999999999,76.0,121.0,0.0,0.0,0.0,2.0,2.0,0.0,0.0,0.0,0.0,0.0,2804.0,0.0,117.91278979413959,53.068836338614918,135.98664241866639,3.535660419762287,94.10606019118848,0.0,53.06883633861486,72.5491226756582,0.0,0.0,19.885576717279326,-1105.912515210709,18.77388660293246,885.7795043902443,20.50826074105084,-3077.872434720699,19.20041968283931,856.2558171353262,13.995173732014074,36.816932251673339,18.30479543777643,-72.96836489690469,16.79789853825259,371.6211704890153,17.56039945689332,-86.59750035819136,18.29396262362623,-52.31800445770048,1690.3757173837067,570.068822165633,0.0,0.0,0.0,0.0,0.0,0.0,0.0,0.0,0.0,0.0,0.0,0.0,0.0,0.0,0.0,0.0,0.0,0.0,0.0,0.0,0.0,0.0,1.716002079962405,0.5238101587186828,445.4909953731034,520.5609207657333,15725.341385968437,0.43244687444689647,0.06600227021472778,379.37765414655896,445.29966811914587,12424.78316900208,1.4624394505675227,0.276349102525987,547.5174022093781,638.6832976032127,19803.084454757587,0.37869866518055986,0.07156059432739223,351.05609334619046,411.3806255038513,11805.413720579636,0.0,0.0,15.769747311651209,18.90294511415474,333.812036205159,0.0,0.0,18.72093597170558,22.0238771804566,585.5114150242517,0.0,0.0,88.14887054843912,104.21121387730031,2537.174644434488,0.0,0.0,21.729013360880129,25.512532457797378,703.4370676704052,0.0,0.0,24.210162906607328,28.485316158712018,760.3663052072197,41.74787843176259,28.633661475831688,720.4867064427807,848.5418012270654,23500.832385561676,0.0,0.0,28.04788364278572,34.11934699970695,357.6583658557001,1904.4269457413494,21.46652703316037,25.181283625326249,22.0,30.0,0.0,20.143092609234388,27.328642873405277,16.0,30.0,4111.470165581346,21.95604123338289,24.451470345525107,22.0,30.0,0.0,20.613101002406514,26.537864789969157,16.0,30.0,0.0,14.058777211087408,40.18235547150684,12.0,30.0,0.0,19.353102752549114,32.20197428652686,19.0,30.0,0.0,18.034402418948785,31.218571473484098,10.0,30.0,1310.1979783582215,19.876564249272375,27.768168523276584,20.7,30.0,0.0,19.392949077047559,31.534758640756125,19.0,30.0,0.0,19.146853864084635,0.0,0.0,0.0,9.77181287658135,0.0,0.0,473.6549772005606,477.9536663426525,472.64569650177796,474.6963580612934,526.4871600813635,753.5212604870214,489.51616323295897,537.5123472375858,708.2362283016419,9741.892220656095,81.56338494089735,83.29284445294749,60.0,0.0,60.0,60.0,16.0,16.0,19.0,19.0,19.7,12.0,21.0,10.0,1.0,0.0,1904.4269457413494,0.0,4111.470165581346,0.0,0.0,0.0,1310.1979783582215,0.0,2617.347267641334,1570408.3605848004,2033041.8800589089,81.56338494089735,83.32221641687366,0.3422449089213778,0.7691744548183818,0.36028137401965956,83.32221641687366,0.3542647819438875,2033041.8800589089,0.10631817776306325 
 03/23  07:40:00,3.8433333333333339,86.33333333333333,5.04,83.5,151.66666666666667,0.0,0.0,1.0,2.0,0.0,0.0,0.0,0.0,0.0,4.0,7010.0,0.0,134.91525046443793,58.67959032677611,150.3640121286215,4.045489018937391,107.67573981987333,0.0,58.679590326776047,80.21944875540786,0.0,0.0,19.665032501147175,-1572.0316596132339,18.811191708394604,554.0857639166845,20.358822351028495,-1647.0536820579385,19.283065280324516,623.1466468705939,13.989543382026096,32.54002756444748,18.62833674591487,-134.48371051919188,15.862324227886404,-675.8056339602593,18.017884360350324,-311.63640739011137,17.616773345720028,-757.3341125989509,1584.1231604459475,2730.122312155252,0.0,0.0,0.0,0.0,0.0,0.0,0.0,0.0,0.0,0.0,0.0,0.0,0.0,0.0,0.0,0.0,0.0,0.0,0.0,0.0,0.0,0.0,1.8089555281589758,0.5521842271547546,371.00833359740678,434.49628801261175,12609.655784621149,0.4050116941924869,0.06181497164109997,304.85701210623747,358.1688037639699,9796.755874283737,1.304601153099295,0.24652327156071345,329.4357378498035,384.9358881601783,11532.14916924896,0.34095329329351239,0.06442805995720188,314.5034565148955,368.7180755210487,10415.320575729067,0.0,0.0,15.032024475894977,18.0293345359757,310.3297993591144,0.0,0.0,18.133966172976625,21.318749982261925,569.559024758505,0.0,0.0,292.7367651546755,348.6291007130388,7163.203730445281,0.0,0.0,47.02867245622523,55.13893782841821,1547.9124121182443,0.0,0.0,206.81027787758138,244.48626576712008,5902.66898181536,41.28455309092089,28.315880034925177,609.1828771413314,718.1507090800882,19593.728121000935,0.0,0.0,223.89500376896607,269.67897346501146,4059.739979269462,1840.2888624771968,21.00223350784635,26.464184113911313,21.999999999999998,30.0,0.0,20.07900860555589,27.87426070612403,15.999999999999999,30.0,1555.7033983130908,21.527032153582078,26.17198803528285,21.400000000000003,30.0,0.0,20.609847223081596,27.432367185431663,19.0,30.0,0.0,14.057030684920534,40.76502754541833,12.0,30.0,1042.7684481647837,19.685330605191657,32.27340431980315,19.7,30.0,0.0,16.074750437226596,36.6754887994217,10.0,30.0,1254.7635776589505,20.489092462545917,27.992681260392567,20.7,30.0,0.0,18.19385578940991,32.26489775813453,12.0,30.0,0.0,19.030351775630419,0.0,0.0,0.0,12.721388501953925,0.0,0.0,494.58420568211866,491.9431158946767,519.4601629341296,510.0387341264967,547.5656632430738,788.6368551985236,577.9627750353747,589.4178401953853,591.5960082824214,10325.725025255922,81.17727544668705,84.0028319935089,220.0,0.0,220.0,220.0,16.0,19.0,19.0,12.0,19.7,12.0,21.0,10.0,1.0,0.0,1840.2888624771968,0.0,1555.7033983130908,0.0,1042.7684481647837,0.0,1254.7635776589505,0.0,4276.077703882319,2565646.622329391,3352288.1323735497,81.17727544668705,84.05081932387793,0.3465359234627441,0.7678285449136688,0.3602813740196596,84.05081932387793,0.3542647819438876,3352288.1323735497,0.17651898288342456 
 03/23  07:50:00,4.101666666666667,86.16666666666667,5.05,91.0,182.33333333333332,0.0,0.0,1.0,2.0,0.0,0.0,0.0,0.0,0.0,4.0,2804.0,0.0,148.43999385717926,58.4026303321063,149.65445629100538,4.4510416113762549,118.46990835668567,0.0,58.40263033210623,79.84082344504036,0.0,0.0,19.54846048974033,-1408.7730527693144,18.7030965282297,524.3691915109394,20.390638436242165,-1770.3781493645245,19.310379625848954,686.78895829925,13.974910302603444,26.298337872856494,18.2841753331439,-140.84253504124559,15.346214738202303,24.32192404997045,18.16140924882631,-460.8964126357987,16.78112309641129,-474.02063418039509,1518.3721635056555,2063.14929742161,0.0,0.0,0.0,0.0,0.0,0.0,0.0,0.0,0.0,0.0,0.0,0.0,0.0,0.0,0.0,0.0,0.0,0.0,0.0,0.0,0.0,0.0,1.8173317940387264,0.5547410848714062,358.4740017539527,420.03165871782167,11797.906007276111,0.4008839409860024,0.061184972677961298,292.86546589114308,344.21256014689399,9111.189353931783,1.1079831275243045,0.20936944964556027,346.0095968092357,404.1661043326971,11881.19328683272,0.3162507728035664,0.059760161149577908,327.12335581029199,383.2878525110816,10660.633415555192,0.0,0.0,14.481867231730107,17.36333004290784,290.9579364915376,0.0,0.0,18.141219060865884,21.349130630327694,545.9304619499361,0.0,0.0,276.63936985747946,330.16454295833776,6272.132464610756,0.0,0.0,58.811610534041637,68.92690955648733,1910.4825760060199,0.0,0.0,181.0763919834713,215.01042072238074,4629.187431813128,40.76738710910789,27.96117085672696,609.3069291798839,718.0363362234206,19169.752967417226,0.0,0.0,206.5997533446538,248.39000065119087,3844.9347494821997,1862.918848275858,20.706125899075415,27.3143618083427,22.0,30.0,0.0,19.805844877505139,28.77549520788178,16.0,30.0,1991.6366920188958,21.527437364797586,26.534086852839189,21.5,30.0,0.0,20.577266112922897,27.991238388960168,19.0,30.0,0.0,14.03819038354094,41.460644966992699,12.0,30.0,19.4321904290042,19.263057341728108,33.9233645611298,19.0,30.0,0.0,15.375449775808468,38.5306528510593,10.0,30.0,1250.3205617979346,20.54660417546985,28.560367808366359,20.7,30.0,0.0,16.848905411789106,35.00325536271306,12.0,30.0,0.0,18.954219886469227,0.0,0.0,0.0,13.238422310634377,0.0,0.0,507.808128833955,506.7542795975942,534.2150974471589,530.1339401837838,567.7141705499203,827.3994551924152,572.2275858967739,617.5477905818071,575.9092558200939,11204.644906737827,80.59592017325925,86.20230726126417,220.0,0.0,220.0,220.0,16.0,19.0,19.0,12.0,19.7,12.0,21.0,10.0,1.0,0.0,1862.918848275858,0.0,1991.6366920188958,0.0,19.4321904290042,0.0,1250.3205617979346,0.0,8483.962882615408,5090377.729569243,6659857.071260604,80.59592017325925,86.29752232594632,0.3677987627538469,0.7644651696025548,0.36028137401965956,86.29752232594632,0.3542647819438875,6659857.071260604,0.348598123261107 
 03/23  08:00:00,4.36,86.0,5.06,98.5,213.0,0.0,0.0,1.0,2.0,0.0,0.0,0.0,0.0,0.0,4.0,2804.0,0.0,162.43926683467803,57.17565587888403,146.51055183386817,4.870824186140661,129.6428096168866,0.0,57.17565587888396,78.16345634471917,0.0,0.0,19.524700867970915,-1462.5322403785286,18.656617448177678,540.4905082092741,20.417952727300674,-1895.3768668906024,19.35228968890901,606.695086013061,13.958448760251518,23.416637965724918,18.864748637665998,-160.04621011193454,15.434810449116892,74.83351063146779,18.24984456824643,-502.19273360497757,16.42714419601801,-187.59636200112915,1442.8631048065873,1559.7759181877048,0.0,0.0,0.0,0.0,0.0,0.0,0.0,0.0,0.0,0.0,0.0,0.0,0.0,0.0,0.0,0.0,0.0,0.0,0.0,0.0,0.0,0.0,1.7828919828250743,0.5442283219856758,368.792335021294,432.2981629026765,11871.3477647631,0.39951027199824676,0.06097531623904866,302.89713337612207,356.1864909423997,9187.152331689478,1.0218410907937304,0.19309166492700886,350.6981422912363,409.6324801749615,11867.614871676758,0.3037253982783271,0.05739331033226136,332.7751481513835,389.93488972560479,10663.365519165574,0.0,0.0,13.781695256579927,16.525812982883346,269.1587605441444,0.0,0.0,17.954374724614256,21.077012054156229,556.1287463962559,0.0,0.0,209.24835100882155,249.5345219171145,4720.200381246913,0.0,0.0,62.35041105059427,73.0935573024172,1991.9175648272643,0.0,0.0,114.06599391105159,135.64594652966083,2751.547174375939,40.19113435497738,27.56593577158943,624.6766305110391,736.371093773998,19163.072402504382,0.0,0.0,138.3890122805852,166.69944213554147,2342.4885814723068,1902.505151729421,20.595399275030134,28.208901402621085,22.0,30.0,0.0,19.661387369526215,29.784112959641555,16.0,30.0,2190.5629110683396,21.530624810093327,27.187821293492826,21.5,30.0,0.0,20.555980346748276,28.832386716689599,19.0,30.0,0.0,14.016547573975247,41.98143163875166,12.0,30.0,1329.5838648031073,20.012740595729566,32.86189922760319,20.0,30.0,0.0,15.57775683162399,38.61138447273219,10.0,30.0,1274.7523263032159,20.528085789355015,28.891126895827868,20.7,30.0,0.0,16.391980173386675,36.4165236126924,12.0,30.0,0.0,18.870252212387958,0.0,0.0,0.0,12.672492730106813,0.0,0.0,531.0849843763842,530.9921858417173,558.7927776265686,562.3689900867794,572.1623347469123,847.7608118556232,571.3051497326861,612.4628165453137,569.2535317168328,10721.531130204537,80.91545309046126,84.68671182894872,220.0,0.0,220.0,220.0,16.0,19.0,19.0,12.0,19.7,12.0,21.0,10.0,1.0,0.0,1902.505151729421,0.0,2190.5629110683396,0.0,1329.5838648031073,0.0,1274.7523263032159,0.0,5706.866234794985,3424119.7408769915,4458964.856934331,80.91545309046126,84.75076032204804,0.3602288744931662,0.7674253681225529,0.36028137401965956,84.75076032204804,0.3542647819438875,4458964.856934331,0.2342372836716963 
 03/23  08:10:00,4.586666666666667,84.83333333333334,5.53,106.0,243.66666666666667,0.0,4.0,0.0,0.0,0.0,0.0,0.0,0.0,0.0,0.0,6309.0,0.0,176.6515332267814,55.45974213627505,142.11377754574273,5.296994660748431,140.9857138511018,0.0,55.459742136274979,75.81767216699446,0.0,0.0,19.841225939226363,-1227.743461288445,18.751713556342687,894.4228431929158,20.391658312417566,-1535.4521749019476,19.357728609586837,-52.880092458390539,13.954206820884835,41.23285624860532,18.32481527678668,-541.2751015300789,16.075594729228557,762.992032490921,17.54343387202779,-222.30284056370588,16.119850710190183,-681.577145459949,1239.3727103509276,1479.7600129209987,0.0,0.0,0.0,0.0,0.0,0.0,0.0,0.0,0.0,0.0,0.0,0.0,0.0,0.0,0.0,0.0,0.0,0.0,0.0,0.0,0.0,0.0,1.6395099729758743,0.5004609197118054,455.38027073261756,533.0886798491831,14879.047012050869,0.42026354003308799,0.064142786940337,381.15901018758646,448.19641624639777,11493.459468608953,1.207844627756289,0.2282397255775301,235.90798146167243,275.8182313056509,7933.7986801229949,0.3411941946331267,0.06447358175229148,26.381480895760075,30.94137450185717,834.0454791074338,0.0,0.0,14.186109420103325,17.02187467780576,270.6344735513092,0.0,0.0,101.51353017913643,119.66223573369321,2938.56344049083,0.0,0.0,283.7806551169159,337.0058488194802,6984.328213029797,0.0,0.0,44.48395936999046,52.421998723842609,1299.6155404503548,0.0,0.0,138.57156786501967,165.09380626893094,3125.286269600735,40.94504511694388,28.083021342211177,397.7063178286946,470.15850452837159,11903.485143366037,0.0,0.0,147.85101123029055,178.00196577421367,2480.003413172234,1839.5964047357266,21.102331323223078,27.804395715273495,21.999999999999994,29.999999999999994,0.0,19.80432208122349,30.043321483055509,15.999999999999997,29.999999999999994,2140.701196075838,21.526118410786859,27.092825547355799,21.55555555555555,29.999999999999994,0.0,20.414928971847716,31.60452090079388,18.999999999999998,29.999999999999994,0.0,14.018878902524565,42.68008398356326,11.999999999999997,29.999999999999994,0.0,19.096034048195607,32.415286608759917,15.999999999999997,29.999999999999994,0.0,16.86169054030682,36.670880703143129,9.999999999999999,29.999999999999994,0.0,19.184403647092048,31.47497855732553,15.999999999999997,29.999999999999994,0.0,15.925865201769078,38.265857779381317,11.999999999999997,29.999999999999994,0.0,18.2266395832031,0.0,0.0,0.0,12.687179768454039,0.0,0.0,543.2831008590849,544.5818986257857,539.319273773183,705.117539967467,587.0755718221335,666.6322540895949,615.0366997273334,607.0167588583984,596.0547808463571,10361.895965305665,81.15334802820972,84.32852289207986,131.99999999999998,0.0,131.99999999999998,131.99999999999998,16.0,19.0,16.0,12.0,16.0,12.0,21.0,10.0,1.0,0.0,1839.5964047357266,0.0,2140.701196075838,0.0,0.0,0.0,0.0,0.0,4805.119336667153,2883071.6020002916,3753673.872909257,81.15334802820972,84.38244790212552,0.3490595334444607,0.7681806969512109,0.36028137401965945,84.38244790212552,0.3542647819438875,3753673.872909257,0.19666504139128147 
 03/23  08:20:00,4.8133333333333339,83.66666666666667,6.0,113.5,274.33333333333339,0.0,4.0,0.0,0.0,0.0,0.0,0.0,0.0,0.0,0.0,2804.0,0.0,191.06341710478936,53.83406955596585,137.94825032014817,5.729151901337528,152.48794518559357,0.0,53.83406955596579,73.59525449974503,0.0,0.0,19.915364856549578,-1213.3804427261158,18.91288859942981,735.3289203114732,20.417844209719904,-1441.6662017549182,19.118556443912369,-57.005265328389878,13.969136657175604,48.356363345903599,17.692762743030177,-181.6355619797254,16.36440834529472,200.8471183222823,16.623929059890974,-58.839978511459047,15.53238504004447,-637.7489330398265,1266.7823285290754,1681.0993790806802,0.0,0.0,0.0,0.0,0.0,0.0,0.0,0.0,0.0,0.0,0.0,0.0,0.0,0.0,0.0,0.0,0.0,0.0,0.0,0.0,0.0,0.0,1.6412530155661925,0.5009929839945644,451.76612214295735,528.5861554495059,14590.851246021824,0.4083063937433428,0.062317825662903367,357.3072475151471,419.67217678258688,10758.473787275556,1.224704280212848,0.2314256009472503,229.4945056895735,268.18062535765378,7551.137698677375,0.3693427931238519,0.06979266687903474,31.470130551056096,36.93393741716412,952.9055485572305,0.0,0.0,12.794970425705144,15.343687745252233,239.11639318480577,0.0,0.0,74.89555829682579,88.56564173914993,1987.4546471786462,0.0,0.0,328.20071984802657,389.27977552793177,8105.664201200628,0.0,0.0,29.736625210816727,35.22578918694935,763.1042289207574,0.0,0.0,214.1938883632692,255.9367619377827,4398.188015936039,41.44434452534006,28.425476354828587,386.26687166396746,456.341082769846,11458.350590516791,0.0,0.0,219.22275943624229,263.3033904553039,3872.1536503826248,1830.1426978298017,21.15480617732143,27.907670787628228,22.000000000000005,30.000000000000008,0.0,20.007208063017928,29.85045237382679,16.000000000000005,30.000000000000008,2072.7591260589799,21.480822392822657,27.44629839846813,21.500000000000005,30.000000000000008,0.0,19.95643832590669,34.882342113576388,19.000000000000005,30.000000000000008,0.0,14.051426213204377,43.160934471830049,12.000000000000002,30.000000000000008,0.0,18.108369335257068,33.752511283218229,16.000000000000005,30.000000000000008,0.0,17.17235015642034,35.70967968272095,10.000000000000002,30.000000000000008,0.0,17.610439792098999,34.735001606209227,16.000000000000005,30.000000000000008,0.0,15.017421938414547,40.96333014743469,12.000000000000002,30.000000000000008,0.0,18.268236052429744,0.0,0.0,0.0,13.478161322396906,0.0,0.0,546.7108816994664,547.0822962375935,546.2078470884617,849.3399781621549,595.9712470910097,605.2035050593112,590.530368625566,601.2396744509582,602.1920985585962,8622.645441562441,82.3033977463909,84.07018662437086,132.00000000000004,0.0,132.00000000000004,132.00000000000004,16.0,19.0,16.0,12.0,16.0,12.0,21.0,10.0,1.0,0.0,1830.1426978298017,0.0,2072.7591260589799,0.0,0.0,0.0,0.0,0.0,2673.783170685564,1604269.9024113385,2103120.6853125027,82.3033977463909,84.10019256485552,0.3441261056895189,0.7665556366412284,0.3602813740196596,84.10019256485552,0.35426478194388757,2103120.6853125027,0.11085094230291683 
 03/23  08:30:00,5.04,82.5,6.47,121.0,305.0,0.0,4.0,0.0,0.0,0.0,0.0,0.0,0.0,0.0,0.0,2103.0,0.0,205.66015579583033,52.92893796376204,135.6290775345501,6.1668531878694738,164.1377209428742,0.0,52.92893796376198,72.35787099087345,0.0,0.0,19.98436116066759,-1102.4102676493654,18.980617749042584,533.3055356686629,20.521603918232047,-1575.2729761866468,18.961959546415497,-56.571876725863138,13.981806415170777,47.780745193130019,17.350245746475033,-106.61159459323011,16.19913814408809,130.43602447383754,16.073541499046809,-24.523293385362075,15.267346976101134,-429.88561347922907,1247.4158042976786,1596.16306029558,0.0,0.0,0.0,0.0,0.0,0.0,0.0,0.0,0.0,0.0,0.0,0.0,0.0,0.0,0.0,0.0,0.0,0.0,0.0,0.0,0.0,0.0,1.6074005919643884,0.49065952135665077,413.0176171138733,483.0661654983153,13250.492158900635,0.38362970574682489,0.05855154239115152,322.5460752109889,378.8357145591357,9590.595107534467,1.196026027788217,0.2260064300431249,232.49749103659054,271.3515458234882,7654.9569036662419,0.3879864415984374,0.07331565411913023,35.929990091253348,42.207621804803547,1051.5805303228308,0.0,0.0,12.26902961369748,14.708689810896843,224.3104696942338,0.0,0.0,63.38228085840013,75.06828592170906,1589.1061242769145,0.0,0.0,337.7730077030412,401.09333098589198,7968.795474298725,0.0,0.0,19.910087918642068,23.65616852929292,466.56618598259538,0.0,0.0,230.84358047045746,276.13005771687298,4503.285355832889,41.697747985944499,28.59927845400857,355.2245233757751,419.7097516766313,10449.089580276284,0.0,0.0,235.00866987671393,282.15104704562045,4104.650517516533,1820.5480744374709,21.28871418423716,27.91821309073182,21.999999999999994,29.99999999999999,0.0,20.049957375903785,30.01370040271751,15.999999999999993,29.99999999999999,2692.5207519085909,21.682167108798525,27.341436385026179,21.666666666666658,29.99999999999999,0.0,19.662368578774136,35.731945053437609,18.999999999999994,29.99999999999999,0.0,14.075987451414913,43.33169241954848,11.999999999999995,29.99999999999999,0.0,17.586779122184539,34.819225729710058,15.999999999999993,29.99999999999999,0.0,16.81616313052821,36.61038907282247,9.999999999999997,29.99999999999999,0.0,16.705245880678839,36.796642505526907,15.999999999999993,29.99999999999999,0.0,14.703733228973054,41.837162399664908,11.999999999999995,29.99999999999999,0.0,18.27585660408048,0.0,0.0,0.0,13.644286498017895,0.0,0.0,555.2275938579404,553.1790418167162,556.1448557087076,867.5584060681691,593.7843610826848,591.3635787634628,584.0721342291159,595.5973597744909,592.8382454748984,7490.549232456131,83.05192947517549,83.05192947517549,131.99999999999995,0.0,131.99999999999995,131.99999999999995,16.0,19.0,16.0,12.0,16.0,12.0,21.0,10.0,1.0,0.0,1820.5480744374709,0.0,2692.5207519085909,0.0,0.0,0.0,0.0,0.0,0.0,0.0,0.0,83.05192947517549,83.05192947517549,0.3399999999999999,0.7696417476093342,0.36028137401965945,83.05192947517549,0.35426478194388735,0.0,0.0015033333333333336 
 03/23  08:40:00,5.266666666666667,81.33333333333334,6.9399999999999999,124.83333333333334,300.83333333333339,0.0,0.0,1.0,2.0,0.0,0.0,0.0,0.0,0.0,0.0,6309.0,0.0,212.12526176660206,51.911927232681538,133.02310825981994,6.360715283562103,169.2975515401995,0.0,51.911927232681509,70.96754021706809,0.0,0.0,20.076587940541815,-1507.5484111686483,19.010037861805615,786.3557623598125,20.58232402553805,-2826.640350315379,19.128335315437356,974.2695152849602,13.988672070142071,49.14281464661939,18.243671072781799,-127.38055128119487,16.108771736301784,153.30577340435912,16.815045880510004,-123.80546493392203,15.142847483671793,-358.1504973913949,1455.5868293272122,1489.2983854433269,0.0,0.0,0.0,0.0,0.0,0.0,0.0,0.0,0.0,0.0,0.0,0.0,0.0,0.0,0.0,0.0,0.0,0.0,0.0,0.0,0.0,0.0,1.5049985028450986,0.4594012523947199,464.02435753989087,543.0530305603418,14708.79890147378,0.3828390907544125,0.058430874657267029,359.54374479843866,422.5234944690941,10543.327829162448,1.2998402046417257,0.24562362143645684,542.051161782027,633.4759765504367,17512.291720292997,0.37520832139225537,0.07090104334698719,402.5213668666412,472.9826918191,11817.841060759598,0.0,0.0,13.601428171625493,16.319293128702755,242.80284214629968,0.0,0.0,20.56338716098546,24.26929959890049,554.4400515464137,0.0,0.0,294.21140688274587,349.8779830029496,6709.3233548174389,0.0,0.0,30.12887262330977,35.63463730277306,768.5585905464055,0.0,0.0,232.06657683737905,277.935704867029,4372.819187866106,42.00512276195566,28.810097916293399,754.2877486830006,889.4398701755082,21788.98929961311,0.0,0.0,236.88188137370947,284.56753633755076,4062.0629186156968,1858.4647756405512,21.311816748681488,28.6454221915039,22.000000000000055,30.000000000000076,0.0,20.07702931208698,30.761662324934336,16.00000000000004,30.000000000000076,3372.813052968941,21.614641868323987,28.113196625282496,21.77777777777783,30.000000000000076,0.0,20.097135036890369,30.868167271692909,16.00000000000004,30.000000000000076,0.0,14.089012795972789,43.54227047421638,12.000000000000032,30.000000000000076,1821.4045556145086,18.812738848028294,33.314053876428449,20.00000000000005,30.000000000000076,0.0,16.643004756885014,37.51991985375171,10.000000000000025,30.000000000000076,1368.8838709090822,17.88093761372833,34.91372083023924,20.700000000000054,30.000000000000076,0.0,14.597137118361108,42.451148368214877,12.000000000000032,30.000000000000076,0.0,19.06167261827764,0.0,0.0,0.0,13.715190503885582,0.0,0.0,599.5606920723341,594.6427136561638,595.6241132808041,600.1719810033347,591.3611447101436,665.2601950631731,591.9375831771524,639.8965028281784,591.009350313744,10719.923453455634,80.91655823351106,87.17250509119312,60.00000000000015,0.0,60.00000000000015,60.00000000000015,16.0,16.0,19.0,12.0,19.7,12.0,21.0,10.0,1.0,0.0,1858.4647756405512,0.0,3372.813052968941,0.0,1821.4045556145086,0.0,1368.8838709090822,0.0,9467.518747805643,5680511.248683369,7435721.1856289249,80.91655823351106,87.27875183715483,0.3533617360379659,0.7647741106682177,0.36028137401966056,87.27875183715483,0.3542647819438884,7435721.1856289249,0.38734750165270406 
 03/23  08:50:00,5.493333333333333,80.16666666666667,7.409999999999999,128.66666666666667,296.66666666666665,0.0,0.0,1.0,2.0,0.0,0.0,0.0,0.0,0.0,0.0,3505.0,0.0,232.997703764307,53.44125465937038,136.94198451112954,6.986573359272482,185.95571280754903,0.0,53.44125465937035,73.05824675493436,0.0,0.0,20.07872217957985,-1386.3301386972185,19.10976389293687,651.1424912082191,20.599683197492817,-2202.972926758097,19.362269527684505,558.1005027001975,13.996639903063536,48.024876405962078,18.759942332348545,-167.75545483319136,16.04740559526053,133.03009814294968,17.751120317730064,-315.87994162555699,15.080746246432879,-246.85685435198358,1430.2879903818387,1493.6813995190965,0.0,0.0,0.0,0.0,0.0,0.0,0.0,0.0,0.0,0.0,0.0,0.0,0.0,0.0,0.0,0.0,0.0,0.0,0.0,0.0,0.0,0.0,1.4910038007616425,0.4551293653118567,430.3467537332805,503.62183339941159,13415.681216582352,0.3660921256958193,0.05587486655919097,330.5536331249323,388.2470490155257,9604.624281511833,1.2829151891697426,0.24242539477886305,451.2131595751583,527.2648745195262,14337.437649880823,0.3412703692728719,0.0644879760530748,339.3907908452934,398.25936399915636,10015.268642553317,0.0,0.0,13.473510580042163,16.161708048997327,234.73358742373018,0.0,0.0,20.396354773880547,23.983849983287116,577.8044676184967,0.0,0.0,287.0439010751375,341.437521241062,6347.763204600413,0.0,0.0,47.91993012615278,56.38527370418366,1336.620625145894,0.0,0.0,235.1260101884248,281.56603695784619,4314.735404349811,41.938119559483208,28.764142359041985,661.4330908667898,779.6099918127661,19019.054467717633,0.0,0.0,241.93907978813298,290.2668659612067,4188.750871958423,1864.207544192415,21.258689873142197,28.683544530297888,22.0,30.0,0.0,20.167448549061399,30.698504866094237,16.0,30.0,2748.0398670885494,21.538897094194934,28.259289378602248,21.6,30.0,0.0,20.396796486230508,30.279496807385809,16.0,30.0,0.0,14.101695261596984,43.91163273345934,12.000000000000002,30.0,400.0758550278194,19.782670563468778,33.016521082460538,19.400000000000003,30.0,0.0,16.517100541152414,38.08776541251208,10.0,30.0,1295.4014007457786,19.506333754732674,32.19430249572542,20.7,30.0,0.0,14.577049900058448,43.01067450535494,12.000000000000002,30.0,0.0,19.112374449539389,0.0,0.0,0.0,14.03202408225728,0.0,0.0,588.6649204419393,594.1236005696502,589.9250760431575,592.3999383994363,593.4685884382501,761.1767875491274,596.7472209116777,655.907949754562,603.02416780555,11126.126389187504,80.64783054756964,86.62441347534933,60.0,0.0,60.0,60.0,16.0,16.0,19.0,12.0,19.7,12.0,21.0,10.0,1.0,0.0,1864.207544192415,0.0,2748.0398670885494,0.0,400.0758550278194,0.0,1295.4014007457786,0.0,9044.15661306609,5426493.967839655,7083670.360516437,80.64783054756964,86.72591569435673,0.36947188710220299,0.7663665808935458,0.36028137401965956,86.72591569435673,0.35426478194388757,7083670.360516437,0.3690241920801881 
 03/23  09:00:00,5.72,79.0,7.88,132.5,292.5,0.0,0.0,1.0,2.0,0.0,0.0,0.0,0.0,0.0,0.0,4206.0,0.0,258.1348471383078,54.92261313423541,140.73794022902508,7.740305851766352,206.0174804918136,0.0,54.922613134235387,75.08337609890322,0.0,0.0,20.154321209162167,-1327.0480668558567,19.18943318030434,661.3355322191021,20.665656290961516,-2301.9553064619965,19.408077939179888,569.4127131426051,14.004865932051667,49.28688320018335,18.62783494377095,-149.9099301832802,16.050508263305884,170.32903247708544,18.189814238139534,-432.31270409671188,15.091731136412319,-168.05922694358126,1420.9830429150077,1476.2997946150049,0.0,0.0,0.0,0.0,0.0,0.0,0.0,0.0,0.0,0.0,0.0,0.0,0.0,0.0,0.0,0.0,0.0,0.0,0.0,0.0,0.0,0.0,1.4456796702132749,0.44129416062676216,427.7174330279993,500.49241336694117,13210.539812709623,0.3617524874326323,0.05521252860693404,336.9345145389002,395.7644511927221,9667.642998943871,1.2481128578765446,0.23584899052844733,467.2989345340064,545.9837573785727,14725.680475783984,0.33228455750775856,0.06278997685331783,337.71046576790106,396.29557472172658,9843.180642836505,0.0,0.0,13.540015035276215,16.244259531267056,230.04997880647708,0.0,0.0,20.476183117891507,24.11642012198899,553.8773402073646,0.0,0.0,280.746388503689,334.0148221733129,6082.113498121394,0.0,0.0,57.63520045868794,67.70473644210786,1648.968641443773,0.0,0.0,232.31997749610708,278.1776730828479,4198.728545523226,41.72886238321349,28.62061891852774,666.042279303881,784.918644422558,18956.9737230829,0.0,0.0,239.84620812506663,287.5713875264751,4159.755650815932,1848.2097815465189,21.342980509980906,28.53930335949477,21.999999999999969,29.999999999999959,0.0,20.21280025045423,30.63102360424341,15.999999999999977,29.999999999999959,2820.6162551508089,21.62478993736984,28.07376462175932,21.666666666666637,29.999999999999959,0.0,20.44645699348339,30.168878934102396,15.999999999999977,29.999999999999959,0.0,14.1139053984807,44.23913843041345,11.999999999999983,29.999999999999959,576.672938370699,19.334140360982489,35.05924865586137,19.16666666666664,29.999999999999959,0.0,16.518656524104125,38.371808036309037,9.999999999999986,29.999999999999959,1264.4305089198013,20.162538480041577,31.17837970491241,20.69999999999997,29.999999999999959,0.0,14.667666156042108,43.214148647224117,11.999999999999983,29.999999999999959,0.0,19.217110098154245,0.0,0.0,0.0,14.280699237432226,0.0,0.0,581.2008203021529,587.4168464722927,579.3950870850845,583.2553623655538,597.6780051805927,812.0705890723746,601.6203471241909,650.1521604355013,612.9548535454053,10475.609119687382,81.0781197104057,84.70105693741238,59.999999999999918,0.0,59.999999999999918,59.999999999999918,16.0,16.0,19.0,12.0,19.7,12.0,21.0,10.0,1.0,0.0,1848.2097815465189,0.0,2820.6162551508089,0.0,576.672938370699,0.0,1264.4305089198013,0.0,5482.6529557395629,3289591.7734437419,4290180.041148301,81.0781197104057,84.76258643885314,0.3527550985246518,0.768397227659189,0.360281374019659,84.76258643885314,0.354264781943887,4290180.041148301,0.22374602880637835 
 03/23  09:10:00,5.8116666666666669,77.83333333333334,7.693333333333333,136.33333333333335,288.3333333333333,0.0,0.0,0.0,0.0,0.0,0.0,0.0,0.0,0.0,0.0,5608.0,0.0,289.2515603373332,56.357287570539778,144.41426791845937,8.6733321867509,230.8514720611613,0.0,56.35728757053975,77.04468482282073,0.0,0.0,19.47401551764255,-327.66334621199806,19.15466720250525,135.63672606333339,19.89309439037591,-1014.3344252202712,19.3359246532742,11.315515589974979,14.018040197399053,51.432717195641099,18.33457673866136,-471.6138265012952,16.175620378126376,205.8245529093731,17.597513181044968,-255.6411200972513,15.130036832591472,-135.7593644885078,969.0093211729387,1373.347801857325,0.0,0.0,0.0,0.0,0.0,0.0,0.0,0.0,0.0,0.0,0.0,0.0,0.0,0.0,0.0,0.0,0.0,0.0,0.0,0.0,0.0,0.0,1.4298516802906938,0.4364626618713962,244.9138267072457,287.83107301435447,7101.07975566878,0.3011399438072211,0.045961529885107019,156.22956965463315,183.88168850005727,4441.333225057231,1.282156101841366,0.24228195424062103,267.9194622146026,314.6266504253553,7908.578464310665,0.27316042941204146,0.05161761704687099,147.14841959564363,173.0452435683914,4253.303544500426,0.0,0.0,13.10129102136048,15.722901048223655,220.6900228214268,0.0,0.0,97.35192190078854,114.89088552764987,2543.6100983569647,0.0,0.0,355.88588812790729,423.19602525567049,7799.695297559198,0.0,0.0,48.22313617561649,56.89106557055149,1274.719894692929,0.0,0.0,233.1956030141702,279.19464215552417,4222.343041722536,40.63616132350186,27.871166888547245,302.1791017802014,357.44202804382339,8707.452440792824,0.0,0.0,240.2819627722092,288.0499669836083,4181.109945399497,0.0,20.22755413852586,30.615150487080599,22.0,30.0,0.0,20.034575425705698,30.98316104921735,16.0,30.0,0.0,20.43514011871948,30.19731472453707,21.75,30.0,0.0,20.23897275007042,30.57598531426215,16.0,30.0,0.0,14.133588936319577,44.66654376259591,12.0,30.0,0.0,18.918966666400754,34.143520972301867,16.0,30.0,0.0,16.741515213453856,38.49677514070149,10.0,30.0,0.0,19.03732411395041,33.29400588482492,12.0,30.0,0.0,14.77865195931287,43.45045858026386,12.0,30.0,0.0,17.94854941181656,0.0,0.0,0.0,14.4003458269716,0.0,0.0,576.2959709391877,581.2976974441752,565.2435616352734,577.2941096735167,608.8752071438698,676.1420288874612,631.5585614502326,631.1565701539566,627.7318617007719,0.0,80.56293362350063,80.56293362350063,60.0,0.0,60.0,60.0,16.0,16.0,16.0,12.0,12.0,12.0,21.0,10.0,0.0,0.0,0.0,0.0,0.0,0.0,0.0,0.0,0.0,0.0,0.0,0.0,0.0,80.56293362350063,80.56293362350063,0.0,0.0,0.0,80.56293362350063,0.0,0.0,0.0006399999999999999 
 03/23  09:20:00,5.903333333333333,76.66666666666667,7.506666666666667,140.16666666666667,284.1666666666667,0.0,0.0,0.0,0.0,0.0,0.0,0.0,0.0,0.0,0.0,2804.0,0.0,325.34689069979756,57.747447482394708,147.9765268318832,9.755639324845795,259.65883828955028,0.0,57.747447482394679,78.94513881695814,0.0,0.0,18.823086105338626,-62.02207577446325,18.796435119788926,-217.23636426382223,19.15563726199666,-337.5481728982361,18.857321704714694,-152.7252859773991,14.024581473965178,41.7590547628845,17.807377301334168,-263.81049638054847,16.059820326083469,87.26287145036031,16.773955956980239,-98.05741165509432,15.14264308224255,-181.562747181159,839.0511735009574,1154.7597058795455,0.0,0.0,0.0,0.0,0.0,0.0,0.0,0.0,0.0,0.0,0.0,0.0,0.0,0.0,0.0,0.0,0.0,0.0,0.0,0.0,0.0,0.0,1.3463612184070977,0.4109771728959395,181.2580208936255,213.6771717826131,4822.394435899629,0.25336070166789428,0.03866921576127813,108.26662657265801,127.62259075533811,2898.4628498996087,1.2682010269475908,0.239644940844216,154.36259444298026,182.04547462550455,4140.3342419088089,0.2436092486299892,0.04603349369425343,79.1404366212286,93.33171601818082,2137.2078465318525,0.0,0.0,11.605601064957615,13.922239797602196,193.5277842381933,0.0,0.0,82.33564868593233,97.45499150045399,1990.8065003199645,0.0,0.0,323.20354583143065,384.53038955717389,6880.44886322228,0.0,0.0,34.24133527634865,40.597233287081127,800.4054809053631,0.0,0.0,212.94379213754025,254.8354528650201,3836.142842809369,39.36970370582726,27.00254026462776,183.52631239238699,217.90668505496797,5046.5907458574979,0.0,0.0,218.38356309667217,261.90074588069776,3679.441277085394,0.0,19.19604143126946,32.63286541452938,22.0,30.0,0.0,19.29774723991632,32.38060496742663,16.0,30.0,0.0,19.256087953213709,32.451543387096069,22.0,30.0,0.0,19.35055933136578,32.30545342942164,16.0,30.0,0.0,14.139272878574517,45.04710632519962,12.0,30.0,0.0,18.00507868392356,35.52176356382925,16.0,30.0,0.0,16.505434920331017,38.981787563763649,10.0,30.0,0.0,17.546665985748846,36.520504759010638,12.0,30.0,0.0,14.823733243619128,43.47361991866939,12.0,30.0,0.0,16.94448685492816,0.0,0.0,0.0,14.20480841144703,0.0,0.0,571.3460841763043,562.3957346768269,554.4345259648586,569.6013347033133,618.2952242159589,628.2382305666425,619.4742292878071,625.2665029161592,628.3177840167191,0.0,80.56293362350063,80.56293362350063,60.0,0.0,60.0,60.0,16.0,16.0,16.0,12.0,12.0,12.0,21.0,10.0,0.0,0.0,0.0,0.0,0.0,0.0,0.0,0.0,0.0,0.0,0.0,0.0,0.0,80.56293362350063,80.56293362350063,0.0,0.0,0.0,80.56293362350063,0.0,0.0,0.0006399999999999999 
 03/23  09:30:00,5.994999999999999,75.5,7.32,144.0,280.0,0.0,0.0,0.0,0.0,0.0,0.0,0.0,0.0,0.0,0.0,2804.0,0.0,365.24911066125176,59.09514874833995,151.42998504449086,10.952093632213569,291.5044364070286,0.0,59.09514874833992,80.78754862314523,0.0,0.0,18.308252480771015,-163.46777878608055,18.38427737509654,-385.9143127975416,18.54644038841093,-465.77124024665366,18.409156016761558,-331.2880897830754,14.018753094784305,29.77437030129623,17.521391575891128,-211.0387123411607,15.889300304116777,26.84771607895709,16.32051023551822,-48.10313245941583,15.092400664342751,-249.31931679713308,807.2449845393612,910.0618520977675,0.0,0.0,0.0,0.0,0.0,0.0,0.0,0.0,0.0,0.0,0.0,0.0,0.0,0.0,0.0,0.0,0.0,0.0,0.0,0.0,0.0,0.0,1.2047046374448083,0.36773645831648607,250.3906431567662,296.0781605380998,6215.539082848526,0.2156703983189744,0.03291672746016093,108.23862430483766,127.8928162264762,2696.2474904468656,1.1939924591515275,0.22562215781396972,292.97776029425946,346.88785918646877,7174.546535377185,0.22684816783330967,0.04286624486646062,192.4820260920347,227.57266367988906,4857.897895643341,0.0,0.0,10.279469565049992,12.332463623974788,169.18479626268786,0.0,0.0,72.64908828634997,86.12796838667916,1677.684297362167,0.0,0.0,287.75094690047328,342.7584946038045,5892.76871259814,0.0,0.0,22.537607667399507,26.787708915937875,487.8369736431164,0.0,0.0,185.58655437199367,222.16508076805219,3283.0861786593197,38.00859670308047,26.068996366996215,356.7045221666266,423.95210639602166,8720.800969393576,0.0,0.0,189.01587447163997,226.92718932730595,3040.2837768509909,0.0,18.38953257045565,34.193576487298,22.0,30.0,0.0,18.511230588346959,33.77332263558364,16.0,30.0,0.0,18.271479049101598,34.40794928502954,22.0,30.0,0.0,18.563141404026724,33.78211795232053,16.0,30.0,0.0,14.121908691598179,45.22427398726734,12.0,30.0,0.0,17.544268545775315,36.45066898598026,16.0,30.0,0.0,16.18438809623481,39.66870793405595,10.0,30.0,0.0,16.79438149765422,38.259074530066659,12.0,30.0,0.0,14.750631790286159,43.57767874917754,12.0,30.0,0.0,16.92001822576079,0.0,0.0,0.0,13.917630957355272,0.0,0.0,547.2477137882779,521.321195221022,541.5826761199501,540.2614477776047,615.8393859277437,610.8988937540426,600.673166379056,616.8569987466118,612.5996094379153,0.0,80.56293362350063,80.56293362350063,60.0,0.0,60.0,60.0,16.0,16.0,16.0,12.0,12.0,12.0,21.0,10.0,0.0,0.0,0.0,0.0,0.0,0.0,0.0,0.0,0.0,0.0,0.0,0.0,0.0,80.56293362350063,80.56293362350063,0.0,0.0,0.0,80.56293362350063,0.0,0.0,0.0006399999999999999 
 03/23  09:40:00,6.086666666666666,74.33333333333334,7.133333333333333,142.33333333333332,331.66666666666665,0.0,0.0,0.0,0.0,0.0,0.0,0.0,0.0,0.0,0.0,1402.0,0.0,451.83493810235117,61.63250407413782,157.9320186886504,13.54835384684806,360.6079490222733,0.0,61.63250407413779,84.25630572248072,0.0,0.0,18.03152722538075,-8.487693795215364,18.164868296310006,-142.4547331229752,18.337057224967077,-321.2941310988126,18.05846837367549,-152.16636394403759,14.01535506664682,28.018222759709319,17.342697206152854,-178.25888947844306,15.793006435086536,56.408470455131467,15.992371009566654,-26.778706213629904,15.03967887601086,-225.22350388003634,720.8316695239328,843.6650233299938,0.0,0.0,0.0,0.0,0.0,0.0,0.0,0.0,0.0,0.0,0.0,0.0,0.0,0.0,0.0,0.0,0.0,0.0,0.0,0.0,0.0,0.0,1.1914521504224649,0.36369113260759,150.12266091411187,177.51962194408368,3609.815401440939,0.22061311616510133,0.03367111052580912,63.72642081932996,75.45345166148998,1532.8844582436653,1.1222744035976784,0.21206999312125453,273.36118974112699,323.2132451005713,6543.908520053827,0.22280836627663376,0.04210286588749691,175.28836457099585,207.29999299242253,4172.794910194009,0.0,0.0,10.039592884523325,12.036082188906292,163.15650352984179,0.0,0.0,71.27677355788431,84.5292633256509,1592.3051843954837,0.0,0.0,281.1882556151131,334.85941601901166,5625.712596246429,0.0,0.0,20.649947097370445,24.573146792762619,423.55205617056569,0.0,0.0,180.62082153047533,216.10335854751404,3138.174726278563,37.30162856205985,25.584107381385367,251.97860234342006,299.35308372285166,6145.6720738439,0.0,0.0,183.71177178352088,220.38338957697665,2923.749857621986,0.0,18.05483921315914,34.8660670212009,22.0,30.0,0.0,18.114812751176609,34.646606529443278,16.0,30.0,0.0,18.086967035318908,34.74712414287491,22.0,30.0,0.0,18.00722896701248,34.951664171938578,16.0,30.0,0.0,14.108413865382499,45.30704228619888,12.0,30.0,0.0,17.24122057866056,37.09832395595622,16.0,30.0,0.0,16.032841548580057,40.00266976655878,10.0,30.0,0.0,16.28536212911979,39.46341694444507,12.0,30.0,0.0,14.681376567716005,43.725274804641887,12.0,30.0,0.0,16.703044840458764,0.0,0.0,0.0,13.923056458319746,0.0,0.0,539.7064415454329,524.7988076418001,534.0740223412661,535.5213240723336,609.6141542244372,601.1604418596398,592.6825233428324,607.4746470793502,605.243539443911,0.0,80.56293362350063,80.56293362350063,60.0,0.0,60.0,60.0,16.0,16.0,16.0,12.0,12.0,12.0,21.0,10.0,0.0,0.0,0.0,0.0,0.0,0.0,0.0,0.0,0.0,0.0,0.0,0.0,0.0,80.56293362350063,80.56293362350063,0.0,0.0,0.0,80.56293362350063,0.0,0.0,0.0006399999999999999 
 03/23  09:50:00,6.178333333333333,73.16666666666666,6.946666666666667,140.66666666666669,383.3333333333333,0.0,0.0,0.0,0.0,0.0,0.0,0.0,0.0,0.0,0.0,1402.0,0.0,530.664776753433,63.07089857234559,161.61803695573645,15.912056273926766,423.5215088289496,0.0,63.07089857234556,86.22270005305578,0.0,0.0,17.76676954991705,-114.08396660202016,18.050299688912209,-280.9801014645907,17.97087871109936,-215.23488880261358,17.90007343862353,-238.44755704107548,14.01389282843303,23.19269634789441,17.25157960641298,-178.01095039265307,15.694902744583679,37.21206408861872,15.781932977138674,-16.79378057556937,15.013555845189398,-211.56360457301344,678.4407023273443,698.2453652569607,0.0,0.0,0.0,0.0,0.0,0.0,0.0,0.0,0.0,0.0,0.0,0.0,0.0,0.0,0.0,0.0,0.0,0.0,0.0,0.0,0.0,0.0,1.1037083186589288,0.3369073011779392,252.86754754143409,299.4934223272718,5843.940269516834,0.19868971389247445,0.030325047907886823,111.3111289501475,131.76511735166623,2602.130163002954,1.1028996771300595,0.2084088581122562,364.15131919974939,431.346359634382,8321.207471103016,0.2091764244796151,0.03952691316697185,213.34241579949697,252.54742123547005,4945.433912328057,0.0,0.0,9.441937345531052,11.320627799306842,151.5545728256164,0.0,0.0,68.61740776562169,81.42514963488543,1499.1557617384754,0.0,0.0,262.2168966676029,312.4832304921772,5114.1372006793649,0.0,0.0,14.8201415787149,17.650574349021704,292.5512083674927,0.0,0.0,164.1332328869601,196.4238790510003,2814.9624793254736,36.35907012921723,24.93763383348233,402.80811661704765,478.7657417880257,9211.667757443385,0.0,0.0,166.08335977658977,199.32475255265295,2586.1183307795956,0.0,17.69333541356194,35.5520428729881,22.0,30.0,0.0,17.870689739528168,35.04028612082904,16.0,30.0,0.0,17.568680384226647,35.811690732454938,22.0,30.0,0.0,17.79426527323993,35.370897305365918,16.0,30.0,0.0,14.099727089952353,45.316703362729288,12.0,30.0,0.0,17.081296077463948,37.39749310442333,16.0,30.0,0.0,15.867424023035298,40.330907859770388,10.0,30.0,0.0,15.994293278977125,40.1497035622403,12.0,30.0,0.0,14.66021710383438,43.67824546486631,12.0,30.0,0.0,16.6564229916468,0.0,0.0,0.0,13.841503950419448,0.0,0.0,528.7034877917748,516.5656002301872,527.9513121199505,533.5814273901501,601.7044500921068,588.563809330791,578.9237039411623,598.9664129629597,590.478967136605,0.0,80.56293362350063,80.56293362350063,60.0,0.0,60.0,60.0,16.0,16.0,16.0,12.0,12.0,12.0,21.0,10.0,0.0,0.0,0.0,0.0,0.0,0.0,0.0,0.0,0.0,0.0,0.0,0.0,0.0,80.56293362350063,80.56293362350063,0.0,0.0,0.0,80.56293362350063,0.0,0.0,0.0006399999999999999 
 03/23  10:00:00,6.27,72.0,6.76,139.0,435.0,0.0,0.0,0.0,0.0,0.0,0.0,0.0,0.0,0.0,0.0,1402.0,0.0,623.3864111055507,64.58667046925058,165.50233927208039,18.69229817210377,497.52197076,0.0,64.58667046925055,88.29487515399836,0.0,0.0,17.517794543595529,-43.13134819733341,17.979668965129127,-314.17829120128888,17.85981956858982,-362.4989797183948,17.67576389313804,-128.85318735861348,14.016615728523079,21.15243982704888,17.206827097611098,-170.40016162959433,15.635143102630743,19.67250244660272,15.6194168272058,-10.938391596259976,14.998061797694735,-195.8052720376777,596.8702988624832,624.4560270962688,0.0,0.0,0.0,0.0,0.0,0.0,0.0,0.0,0.0,0.0,0.0,0.0,0.0,0.0,0.0,0.0,0.0,0.0,0.0,0.0,0.0,0.0,1.0896253051607579,0.3326084570087784,270.23320557399088,320.07783715549308,6065.56440359051,0.18075990968905288,0.027588508804800499,120.555041023228,142.62443380335805,2720.325536408785,1.0274046623388642,0.19414298230137273,275.24876256613757,326.1828664915199,6183.199980446994,0.20307601853951347,0.03837415316317336,160.48765721532375,190.20724552561058,3597.727538515833,0.0,0.0,9.043233779003522,10.845170031362804,143.48041481411986,0.0,0.0,68.80653672482444,81.69275641201343,1477.8114407016465,0.0,0.0,252.2882953469474,300.7943586449255,4833.496574432451,0.0,0.0,12.347374368451096,14.71993009949998,236.5239821670753,0.0,0.0,157.3882354109414,188.37510659868082,2669.1654311799768,35.63489428049829,24.440942579216939,372.2569301370389,442.43517410137448,8367.985384400003,0.0,0.0,159.00127488308253,190.81670864465336,2460.4109171530919,0.0,17.377335718854277,36.16532446997577,22.0,30.0,0.0,17.707516649701735,35.255567762626217,16.0,30.0,0.0,17.50737755883745,35.79445789556198,22.0,30.0,0.0,17.469863431117504,35.990567965235289,16.0,30.0,0.0,14.098743497492756,45.26446156360512,12.0,30.0,0.0,16.981979782698305,37.53040497603251,16.0,30.0,0.0,15.782777429906432,40.443521513084537,10.0,30.0,0.0,15.782934076383747,40.62263695676481,12.0,30.0,0.0,14.655806149022395,43.58524072566895,12.0,30.0,0.0,16.444584857050999,0.0,0.0,0.0,13.885843382773452,0.0,0.0,522.7163165995514,507.2458773841606,517.6253791063348,526.435362166179,591.6824850993071,574.391346956201,567.268470571814,588.6044538438835,577.501515645691,0.0,80.56293362350063,80.56293362350063,60.0,0.0,60.0,60.0,16.0,16.0,16.0,12.0,12.0,12.0,21.0,10.0,0.0,0.0,0.0,0.0,0.0,0.0,0.0,0.0,0.0,0.0,0.0,0.0,0.0,80.56293362350063,80.56293362350063,0.0,0.0,0.0,80.56293362350063,0.0,0.0,0.0006399999999999999 
 03/23  10:10:00,6.381666666666666,71.83333333333333,6.755000000000001,137.33333333333332,486.6666666666667,0.0,0.0,0.0,0.0,0.0,0.0,0.0,0.0,0.0,0.0,1402.0,0.0,729.4619402582498,66.17297699383933,169.56739027374256,21.872950698017985,582.1800402429778,0.0,66.1729769938393,90.4634764385501,0.0,0.0,17.396271734339238,-146.07191309529845,17.86346172494241,-239.00039493067767,17.614840744072528,-160.53566817832508,17.606214309604238,-199.75992074750276,14.02407938428784,20.497438883839977,17.208367860010197,-174.52626760493787,15.588425485651408,50.30462307189464,15.488654618584186,-7.120386036778683,14.992321863979293,-170.26711374282423,585.2763680583457,554.4698766842062,0.0,0.0,0.0,0.0,0.0,0.0,0.0,0.0,0.0,0.0,0.0,0.0,0.0,0.0,0.0,0.0,0.0,0.0,0.0,0.0,0.0,0.0,1.0533215435522503,0.32152672269604717,318.98388346526436,378.48786091713876,6985.140563919444,0.17805130573695966,0.02717510771321118,140.60592689074523,166.9063598588673,3100.154091001734,1.0313344875474445,0.19488557965749146,327.2243800794605,388.19330886851619,7114.660323909979,0.19048325399734018,0.035994568026708268,184.82502666164334,219.1090870770905,4070.2941132322778,0.0,0.0,8.970622402935256,10.757703367417566,140.44033809417585,0.0,0.0,69.14405269342454,82.11219008329707,1464.5866890775829,0.0,0.0,246.01144182846347,293.391757303643,4631.551612106897,0.0,0.0,9.940806014706784,11.856352362401385,185.05355059543474,0.0,0.0,149.82542850117356,179.34835592862516,2510.7472878845567,35.323828789203009,24.22759176214199,441.01258373515079,524.7440572811137,9608.09757210131,0.0,0.0,150.9842929825254,181.18717105785306,2321.8464248323209,0.0,17.260612951341665,36.28965549345628,22.0,30.0,0.0,17.440966891640295,35.67942656141818,16.0,30.0,0.0,17.198474271947778,36.375759878215109,22.0,30.0,0.0,17.407452738571366,36.05992802754795,16.0,30.0,0.0,14.10541561959085,45.16909194171912,12.0,30.0,0.0,16.943364372739475,37.51831495581087,16.0,30.0,0.0,15.726680323704516,40.46859520544399,10.0,30.0,0.0,15.62316127457796,40.96959482149983,12.0,30.0,0.0,14.667467050624504,43.43983882730239,12.0,30.0,0.0,16.44680901574987,0.0,0.0,0.0,13.94990302755545,0.0,0.0,514.0462435773966,497.0649422510087,508.5036076254597,522.2581457794415,581.5025088088628,562.3104675190873,555.7858659460858,579.7556392016812,565.9130328399334,0.0,80.56293362350063,80.56293362350063,60.0,0.0,60.0,60.0,16.0,16.0,16.0,12.0,12.0,12.0,21.0,10.0,0.0,0.0,0.0,0.0,0.0,0.0,0.0,0.0,0.0,0.0,0.0,0.0,0.0,80.56293362350063,80.56293362350063,0.0,0.0,0.0,80.56293362350063,0.0,0.0,0.0006399999999999999 
 03/23  10:20:00,6.493333333333334,71.66666666666667,6.75,135.66666666666667,538.3333333333334,0.0,0.0,0.0,0.0,0.0,0.0,0.0,0.0,0.0,0.0,701.0,0.0,870.7542049178926,69.93464246806684,179.2066827064688,26.10955944696458,694.9442060739177,0.0,69.93464246806681,95.60595833156165,0.0,0.0,17.33040219548121,47.94313362160392,17.86475594071218,-385.07679660969827,17.513307970946934,-271.21358977562798,17.537758994441885,-33.215157641794579,14.040966872502896,19.033662014655847,17.254449076883249,-164.331979243153,15.545614327721916,27.6705606075775,15.366004095370795,-3.6761745312198288,14.983530765866347,-186.23906720106153,534.0872365952528,523.6442442629905,0.0,0.0,0.0,0.0,0.0,0.0,0.0,0.0,0.0,0.0,0.0,0.0,0.0,0.0,0.0,0.0,0.0,0.0,0.0,0.0,0.0,0.0,1.0183791232968838,0.310860538246912,329.5918282386513,390.3126467392064,7142.76660302582,0.16054437665550479,0.024503109990156408,202.94669306373329,240.3168453356087,4406.509337103199,0.9442865854496567,0.17843661856569485,185.6434362156595,219.99523196096298,3968.3078991014056,0.18594563322314718,0.03513711890082145,72.9185764865666,86.3296907128762,1588.902405965217,0.0,0.0,8.594011921751239,10.288483187025334,133.0032044120606,0.0,0.0,68.45896774445227,81.16096441719994,1436.392205874157,0.0,0.0,240.56616020414624,286.47055626876309,4448.89832919601,0.0,0.0,8.709849287614253,10.378708904823976,157.6595217310987,0.0,0.0,149.96838001032072,179.20470534991214,2479.4757779708495,35.06489617637691,24.049997377487605,348.221313805679,413.80768581599946,7537.452014783429,0.0,0.0,151.24608366818519,181.09820552716082,2332.1325237801095,0.0,17.293467823860707,36.255045145755449,22.0,30.0,0.0,17.340715782272583,35.72569716784412,16.0,30.0,0.0,17.118678782091469,36.23880569741106,22.0,30.0,0.0,17.360880678997157,36.25436699347793,16.0,30.0,0.0,14.126218292804046,45.01112193954209,12.0,30.0,0.0,16.95126491330934,37.41803678391071,16.0,30.0,0.0,15.66759450651839,40.57515477335076,10.0,30.0,0.0,15.466274738724748,41.30397083263307,12.0,30.0,0.0,14.664362150395414,43.37406334195475,12.0,30.0,0.0,16.299819407684966,0.0,0.0,0.0,14.083761216230008,0.0,0.0,516.5792341942233,482.95811438244126,483.6464365376711,529.2362381569191,570.5237232984016,553.9167144876517,551.4314234600842,570.7111812864488,559.2566901089821,0.0,80.56293362350063,80.56293362350063,60.0,0.0,60.0,60.0,16.0,16.0,16.0,12.0,12.0,12.0,21.0,10.0,0.0,0.0,0.0,0.0,0.0,0.0,0.0,0.0,0.0,0.0,0.0,0.0,0.0,80.56293362350063,80.56293362350063,0.0,0.0,0.0,80.56293362350063,0.0,0.0,0.0006333333333333334 
 03/23  10:30:00,6.605,71.5,6.745,134.0,590.0,0.0,0.0,0.0,0.0,0.0,0.0,0.0,0.0,0.0,0.0,1402.0,0.0,1002.5195604295672,71.4751930223072,183.15449836616149,30.060509612374945,800.1050597811545,0.0,71.47519302230717,97.7120077356695,0.0,0.0,17.17971400113923,-55.592545262298248,17.96297579137733,-277.3717667681799,17.4735649022191,-157.76133465913018,17.442524243783955,-158.16123692479688,14.059287732632324,19.749356579536625,17.320155718416286,-185.5917221167299,15.551845645560168,56.008847776860879,15.282619070496585,-7.27596951130441,14.995837185707256,-130.7777214429268,497.3860482823047,451.75278933087886,0.0,0.0,0.0,0.0,0.0,0.0,0.0,0.0,0.0,0.0,0.0,0.0,0.0,0.0,0.0,0.0,0.0,0.0,0.0,0.0,0.0,0.0,1.0058241918595812,0.30702814159327876,233.0734418094247,276.52903785480626,4924.812102897369,0.1637579541959931,0.0249935827527462,111.6682424664752,132.25128858670784,2406.442665951815,0.9764744846986375,0.18451898803829137,207.03724051263129,245.8140281937446,4404.519040723639,0.18250973374909744,0.03448785596165861,115.89319763196193,137.62926018758177,2460.7592331389525,0.0,0.0,8.821680077696798,10.581275776195185,134.8899684419169,0.0,0.0,70.78719357403904,84.07753056283898,1472.0609666374385,0.0,0.0,239.42967080480327,285.63338802513706,4393.000255309039,0.0,0.0,7.434559064812614,8.879872921071878,131.63733054615615,0.0,0.0,142.63893448184963,170.75039455050638,2337.854986492848,34.90021640336741,23.937048287631975,293.70025304080726,349.68114551656177,6332.273476788151,0.0,0.0,144.73733366291675,173.57758246141897,2226.769383859847,0.0,17.076142888131078,36.57493057781726,22.0,30.0,0.0,17.439387958629088,35.49698511337704,16.0,30.0,0.0,17.173729010322896,36.36169259708005,22.0,30.0,0.0,17.211163357851114,36.38182724505812,16.0,30.0,0.0,14.148190399338973,44.89481786312929,12.0,30.0,0.0,16.972427552384038,37.32457903923655,16.0,30.0,0.0,15.709547412729343,40.4070165831287,10.0,30.0,0.0,15.378985306127604,41.499857835051027,12.0,30.0,0.0,14.707549354939703,43.19632597688128,12.0,30.0,0.0,16.201711934515637,0.0,0.0,0.0,14.182033845378707,0.0,0.0,503.0339182944481,481.0194608958385,502.0337673573776,512.4977837576544,564.9302699814715,549.6996382155455,545.5568225295681,566.7406050599324,553.8074101812891,0.0,80.56293362350063,80.56293362350063,60.0,0.0,60.0,60.0,16.0,16.0,16.0,12.0,12.0,12.0,21.0,10.0,0.0,0.0,0.0,0.0,0.0,0.0,0.0,0.0,0.0,0.0,0.0,0.0,0.0,80.56293362350063,80.56293362350063,0.0,0.0,0.0,80.56293362350063,0.0,0.0,0.0006266666666666667 
 03/23  10:40:00,6.716666666666667,71.33333333333333,6.74,141.83333333333335,586.8333333333334,0.0,0.0,0.0,0.0,0.0,0.0,0.0,0.0,0.0,0.0,701.0,0.0,1095.49816232159,74.20225590440499,190.14253326030423,32.84843716244529,874.3103935886403,0.0,74.20225590440495,101.4401094470987,0.0,0.0,17.15878732515289,4.813739930862539,18.004867580843958,-313.246021667308,17.458721208697676,-31.930495311803499,17.33418598771339,-204.4272488638553,14.084289389390179,19.731874653687869,17.397987336998005,-195.85005498184865,15.564575064396813,68.03985465282676,15.174098416031344,-15.963609183200163,15.026312316688954,-122.21025102786143,441.2388517538611,405.10846305371799,0.0,0.0,0.0,0.0,0.0,0.0,0.0,0.0,0.0,0.0,0.0,0.0,0.0,0.0,0.0,0.0,0.0,0.0,0.0,0.0,0.0,0.0,0.9831607118371613,0.3001101073984009,144.93098274272954,171.77801267520167,3041.937040373095,0.16711988842089993,0.02550669847693833,134.96464894842394,159.80230266251128,2891.951395427646,0.9809653317950602,0.18536759860072953,199.78979676362423,236.6826317641663,4233.380308596712,0.1807531129487241,0.03415591703490628,119.06238786989182,141.14950319761526,2468.1417966221649,0.0,0.0,8.894407639866765,10.6484757156318,134.67621372631255,0.0,0.0,71.24396376069682,84.46021769199136,1473.8209582389187,0.0,0.0,237.3393751885919,282.61030886693637,4323.670264046189,0.0,0.0,9.193231365598893,10.966078879759796,158.1348922935143,0.0,0.0,137.00812032198568,163.69369120991608,2233.3114585182795,34.69967222037787,23.799500837021868,210.0723393033518,249.92274063455575,4584.385248557551,0.0,0.0,143.0224615601235,171.14836187541074,2208.9177611186566,0.0,17.130150764052645,36.242052778254699,22.0,30.0,0.0,17.41725429111982,35.74968566193766,16.0,30.0,0.0,17.253543853378848,36.29115164130905,22.0,30.0,0.0,17.052861586613394,36.62131833453916,16.0,30.0,0.0,14.184020127400214,44.70225690646028,12.0,30.0,0.0,17.02792542313355,37.123801878089128,16.0,30.0,0.0,15.75443504493241,40.21135885231003,10.0,30.0,0.0,15.233709605830981,41.82048018306545,12.0,30.0,0.0,14.773756067503426,42.95290130686166,12.0,30.0,0.0,16.0465783150291,0.0,0.0,0.0,14.324313322904669,0.0,0.0,483.7926027707965,497.6414290123667,512.4589506961449,501.0412052805697,556.4292977711835,543.0371285756492,538.6634226869837,559.759619154116,548.3212133669492,0.0,80.56293362350063,80.56293362350063,60.0,0.0,60.0,60.0,16.0,16.0,16.0,12.0,12.0,12.0,21.0,10.0,0.0,0.0,0.0,0.0,0.0,0.0,0.0,0.0,0.0,0.0,0.0,0.0,0.0,80.56293362350063,80.56293362350063,0.0,0.0,0.0,80.56293362350063,0.0,0.0,0.00062 
 03/23  10:50:00,6.828333333333334,71.16666666666667,6.735000000000001,149.66666666666667,583.6666666666666,0.0,0.0,0.0,0.0,0.0,0.0,0.0,0.0,0.0,0.0,1402.0,0.0,1185.6135144797116,76.861072548615,196.95568604907829,35.550510950727858,946.2305916362598,0.0,76.86107254861496,105.07491337726357,0.0,0.0,17.123325433546918,33.130256093951178,18.05073771205668,-403.62791776683118,17.335223008631183,-180.79615894358586,17.32747252929188,-82.5584353744241,14.105172565998311,20.80815243485634,17.48044533437514,-194.0150820924648,15.569436295661835,73.26593114433354,15.09945858569165,-18.876699172949487,15.055379691007142,-79.81164710583789,461.884165405711,379.4844402425442,0.0,0.0,0.0,0.0,0.0,0.0,0.0,0.0,0.0,0.0,0.0,0.0,0.0,0.0,0.0,0.0,0.0,0.0,0.0,0.0,0.0,0.0,0.951910222565782,0.290570886009091,192.0307787883654,228.07137852143678,3984.4056309364098,0.1551328973656453,0.023677182137613756,161.1537379326694,191.20276669033195,3406.927608333485,0.9549208529050778,0.1804461173290019,183.13876369884879,217.4969350310091,3779.876396420286,0.19229628695281815,0.03633716684671544,115.67191933193854,137.41383538431473,2385.510808540171,0.0,0.0,8.797063783330135,10.551320153957948,131.64211145066458,0.0,0.0,71.61662028429288,85.04857975778282,1473.1127264717266,0.0,0.0,239.04682755049374,285.1729861463795,4309.918358605526,0.0,0.0,13.86861603356057,16.578195695500104,233.12351312543746,0.0,0.0,134.26627979908205,160.69879360546458,2173.7711654409119,34.56978134177249,23.710412442916668,249.86405606986089,297.80553436662049,5320.065627530948,0.0,0.0,145.18697436110618,173.97288711017615,2257.986806672027,0.0,17.143007521664729,36.3391546406065,22.0,30.0,0.0,17.389597283290457,35.66261556051963,16.0,30.0,0.0,17.083203396092665,36.47557096925739,22.0,30.0,0.0,17.1077945152474,36.54341877213363,16.0,30.0,0.0,14.209847293568707,44.57024170547244,12.0,30.0,0.0,17.084508869120378,36.92998240825497,16.0,30.0,0.0,15.774919774676033,40.098346296079288,10.0,30.0,0.0,15.151103721600237,41.97336018912398,12.0,30.0,0.0,14.833985443399233,42.70828974495963,12.0,30.0,0.0,16.131852166722159,0.0,0.0,0.0,14.495159283372278,0.0,0.0,492.44203170465348,479.7763667907526,491.86057308192417,503.28062105468919,551.199581622393,536.8708256329376,533.0502080170845,553.2554695480703,542.076731270009,0.0,80.56293362350063,80.56293362350063,60.0,0.0,60.0,60.0,16.0,16.0,16.0,12.0,12.0,12.0,21.0,10.0,0.0,0.0,0.0,0.0,0.0,0.0,0.0,0.0,0.0,0.0,0.0,0.0,0.0,80.56293362350063,80.56293362350063,0.0,0.0,0.0,80.56293362350063,0.0,0.0,0.00062 
 03/23  11:00:00,6.94,71.0,6.73,157.5,580.5,0.0,0.0,0.0,0.0,0.0,0.0,0.0,0.0,0.0,0.0,701.0,0.0,1272.502458560024,79.45677500234783,203.60710731014667,38.15584186471948,1015.5758212694132,0.0,79.45677500234778,108.62343542405933,0.0,0.0,17.077667589668385,36.71985941321145,18.100810242346584,-444.10977845667096,17.275279336758339,-143.25940844982234,17.337524370438616,-33.51870957475785,14.13508653293081,20.787411298437577,17.587883938772206,-204.23807323862867,15.586162641580904,78.41735154095932,15.01438657727449,-16.353426424557939,15.103552914212859,-77.37100137117113,414.53477476248556,339.50978560221668,0.0,0.0,0.0,0.0,0.0,0.0,0.0,0.0,0.0,0.0,0.0,0.0,0.0,0.0,0.0,0.0,0.0,0.0,0.0,0.0,0.0,0.0,0.9239051386948491,0.2820223256089283,169.15799813670385,200.536457232736,3468.001493159328,0.1498945257883336,0.022877674876119294,161.79594424962486,191.64716566197007,3380.838009103568,0.9494091484235485,0.17940460098706519,68.53447884729515,81.26803286295507,1407.3086009192369,0.18985883959466097,0.03587657588712413,76.2950886514101,90.43163852655482,1565.6002213736998,0.0,0.0,8.780678437645334,10.512324620655033,130.18730200125749,0.0,0.0,72.0866730627622,85.4341732697463,1480.5810543409596,0.0,0.0,237.33177544966765,282.6074777046904,4246.716947520119,0.0,0.0,15.803600555153136,18.86839982115391,258.85738770454295,0.0,0.0,129.93315500200274,155.19766819650489,2097.957848412315,34.396701471472017,23.59170196945955,185.6715279012926,220.96765353932202,4004.834859504599,0.0,0.0,143.15034517262459,171.1502372238997,2237.038171037131,0.0,17.12256022780262,36.36713211302274,22.0,30.0,0.0,17.374511913968314,35.66853766668841,16.0,30.0,0.0,17.05195326897314,36.48130997502316,22.0,30.0,0.0,17.16351400397475,36.45542308196079,16.0,30.0,0.0,14.251713233015744,44.363710978759758,12.0,30.0,0.0,17.18056900282663,36.66741145490526,16.0,30.0,0.0,15.816896831206842,39.9107685679223,10.0,30.0,0.0,15.042145177053174,42.14096480974811,12.0,30.0,0.0,14.923198627432674,42.37265999030555,12.0,30.0,0.0,16.002213636347997,0.0,0.0,0.0,14.645040000767868,0.0,0.0,487.8661532770506,471.30993464516157,479.4721780204682,507.5748968298221,543.6472422050338,532.6057949290942,525.1937622233872,542.0951324575154,534.372582813499,0.0,80.56293362350063,80.56293362350063,60.0,0.0,60.0,60.0,16.0,16.0,16.0,12.0,12.0,12.0,21.0,10.0,0.0,0.0,0.0,0.0,0.0,0.0,0.0,0.0,0.0,0.0,0.0,0.0,0.0,80.56293362350063,80.56293362350063,0.0,0.0,0.0,80.56293362350063,0.0,0.0,0.00062 
 03/23  11:10:00,7.018333333333334,71.0,6.798333333333334,165.33333333333335,577.3333333333333,0.0,0.0,0.0,0.0,0.0,0.0,0.0,0.0,0.0,0.0,701.0,0.0,1355.9325593288079,81.99463032984616,210.11029360446313,40.65746045705474,1082.1605785141977,0.0,81.99463032984613,112.09287606362688,0.0,0.0,17.033216550885464,40.96375662947139,18.165601908187207,-460.20377641592497,17.28576183758513,-23.647743425130103,17.237852185604824,-196.9657214956892,14.163315415524945,21.369267049228684,17.695081455449505,-216.08681103219034,15.602956922709906,87.03378310139579,14.954546878358049,-11.529053617130444,15.144221078988208,-56.4508497419738,434.23135139996978,302.36646910180027,0.0,0.0,0.0,0.0,0.0,0.0,0.0,0.0,0.0,0.0,0.0,0.0,0.0,0.0,0.0,0.0,0.0,0.0,0.0,0.0,0.0,0.0,0.9410776467172592,0.28726423892468236,172.61584613836264,204.6870702678673,3504.300442136061,0.14937129227204164,0.022797816280836638,165.3339619574415,195.85773308148218,3432.5545789037726,0.9388395128796427,0.17740731535896507,168.90791690845843,200.24427265261662,3447.5767644565555,0.17705529172420263,0.03345716018975861,95.71625450484511,113.54485508497212,1914.0062517293957,0.0,0.0,8.817245219187104,10.556507095635143,129.98933214907778,0.0,0.0,73.59976184262573,87.21654684690745,1512.489954421096,0.0,0.0,236.40655103849347,281.51157584314856,4211.712917174234,0.0,0.0,17.703638405687614,21.145169662649207,284.96029955005448,0.0,0.0,125.24569559127063,149.58474405998303,2020.517590147317,34.504594820594437,23.66570289478357,217.37324288812997,258.6707515912602,4579.901459683036,0.0,0.0,141.05506454785516,168.5891799962673,2222.3369088320016,0.0,17.099081538793674,36.346662862639899,22.0,30.0,0.0,17.384710603307803,35.74054573983627,16.0,30.0,0.0,17.15443919736354,36.41501634872182,22.0,30.0,0.0,16.97941713816995,36.706505976467727,16.0,30.0,0.0,14.288347754626578,44.19488896306578,12.0,30.0,0.0,17.266010903231736,36.39807490714825,16.0,30.0,0.0,15.856268137114695,39.801122496145278,10.0,30.0,0.0,14.976846072562767,42.26814070764588,12.0,30.0,0.0,14.995360877000856,42.16765455609674,12.0,30.0,0.0,16.07386345061618,0.0,0.0,0.0,14.789453657082472,0.0,0.0,475.8918900459246,476.37880943744019,499.81033079113669,480.940750418977,537.7469929541057,524.7083842903934,523.4873249793789,537.2228723809961,532.9170323346402,0.0,80.56293362350063,80.56293362350063,60.0,0.0,60.0,60.0,16.0,16.0,16.0,12.0,12.0,12.0,21.0,10.0,0.0,0.0,0.0,0.0,0.0,0.0,0.0,0.0,0.0,0.0,0.0,0.0,0.0,80.56293362350063,80.56293362350063,0.0,0.0,0.0,80.56293362350063,0.0,0.0,0.00062 
 03/23  11:20:00,7.096666666666668,71.0,6.866666666666667,173.16666666666669,574.1666666666667,0.0,0.0,0.0,0.0,0.0,0.0,0.0,0.0,0.0,0.0,701.0,0.0,1435.752235739582,84.47998118636839,216.47893520085538,43.050821652090508,1145.8638882429485,0.0,84.47998118636835,115.49053911075653,0.0,0.0,17.00123029009574,52.12080320072437,18.25183531125569,-466.87342814907427,17.141111877047565,-203.54598618425735,17.27966259253129,-15.017533059602102,14.193505198307932,21.891309903385407,17.80870594239702,-226.42789072698134,15.62294933276207,94.86150260832165,14.906983988214578,-5.593158021250019,15.187352566269813,-38.21416413225688,448.2062871061098,268.8994173713945,0.0,0.0,0.0,0.0,0.0,0.0,0.0,0.0,0.0,0.0,0.0,0.0,0.0,0.0,0.0,0.0,0.0,0.0,0.0,0.0,0.0,0.0,0.906985638989447,0.2768576431591719,187.8258850913955,222.75708442970467,3780.0357031285905,0.1432486723782027,0.021863350485073677,170.89983486162005,202.44942986233569,3536.882847762608,0.9042891997472107,0.17087853358790837,139.51084712085297,165.5547482015483,2765.7667396039526,0.19305138079641966,0.03647985275820476,136.1763072004078,161.48761899357982,2736.2290297558708,0.0,0.0,8.818632528730515,10.558482288125399,129.30264609828346,0.0,0.0,74.79898211272114,88.62350962449247,1538.9482746161912,0.0,0.0,235.05104051808659,279.9020972921557,4170.611223218209,0.0,0.0,19.763997973340829,23.613894152049249,313.22111482047236,0.0,0.0,121.68330840039423,145.31798974929959,1961.3928365884377,34.61916248069174,23.744281536825619,247.43974421692674,294.4333790930311,5117.47556871746,0.0,0.0,139.2194755964437,166.33708195709944,2211.7200581865874,0.0,17.094494758093828,36.449880544667369,22.0,30.0,0.0,17.430953512421597,35.659397730465297,16.0,30.0,0.0,16.923198468942908,36.833763140402357,22.0,30.0,0.0,17.11325314119434,36.52703488379226,16.0,30.0,0.0,14.326887141250016,44.03273263294288,12.0,30.0,0.0,17.35814630655587,36.17371090900778,16.0,30.0,0.0,15.898683276182654,39.648706250686618,10.0,30.0,0.0,14.929710566209924,42.3203657083751,12.0,30.0,0.0,15.06774405314898,41.897963331231597,12.0,30.0,0.0,16.132863551395997,0.0,0.0,0.0,14.935712084903786,0.0,0.0,481.2561667204527,473.3185011484066,475.6391644503553,500.6267720652223,532.7474773130521,522.4028691729319,517.7958870496527,530.0877723578399,525.8981820582541,0.0,80.56293362350063,80.56293362350063,60.0,0.0,60.0,60.0,16.0,16.0,16.0,12.0,12.0,12.0,21.0,10.0,0.0,0.0,0.0,0.0,0.0,0.0,0.0,0.0,0.0,0.0,0.0,0.0,0.0,80.56293362350063,80.56293362350063,0.0,0.0,0.0,80.56293362350063,0.0,0.0,0.0006233333333333334 
 03/23  11:30:00,7.175000000000001,71.0,6.9350000000000009,181.0,571.0,0.0,0.0,0.0,0.0,0.0,0.0,0.0,0.0,0.0,0.0,701.0,0.0,1488.6199216705944,84.5474609066062,216.65191309639918,44.63604088198696,1188.057105461282,0.0,84.54746090660616,115.58278900428002,0.0,0.0,16.99080661399124,72.94742840569961,18.31695783832349,-519.7882794444213,17.171557979609746,-4.655160404737217,17.18008854583276,-198.63221106878656,14.223333161153029,22.503998086370986,17.918908285620135,-236.9987089740921,15.647180147792128,103.19635237532111,14.869839708627279,1.6434544589244525,15.231072630809495,-21.453885500728576,445.44530884630697,237.27377064296344,0.0,0.0,0.0,0.0,0.0,0.0,0.0,0.0,0.0,0.0,0.0,0.0,0.0,0.0,0.0,0.0,0.0,0.0,0.0,0.0,0.0,0.0,0.9084617727645104,0.27730823344460028,202.52955737427187,240.20697629938923,4055.2533041468907,0.12827078314057,0.019577347854177353,197.63465664376316,234.1471216807094,4062.6647931800755,0.9520702911120312,0.17990746241723955,235.62171321983363,279.5082925906173,4688.828420293979,0.1755263794728284,0.03316825008934776,120.90917855632888,143.5028662897832,2365.841739065026,0.0,0.0,8.827193318117605,10.569065863200004,128.70756802373607,0.0,0.0,76.28136508074525,90.36567757418799,1571.417188247717,0.0,0.0,234.15793757838137,278.8367573658569,4140.2198922428,0.0,0.0,21.989934886772617,26.28052363439174,343.7351316228092,0.0,0.0,118.47301137518156,141.47135213074717,1907.9211475876639,34.70957799989606,23.806294924482903,274.3205778174458,326.45873517741776,5563.3441749239359,0.0,0.0,137.44360306011368,164.1587240331222,2201.5532978952999,0.0,17.12495510393399,36.387804973994558,22.0,30.0,0.0,17.440438699352876,35.66565531017776,16.0,30.0,0.0,17.066066757226385,36.59313913047316,22.0,30.0,0.0,16.920926522284387,36.8763852861746,16.0,30.0,0.0,14.364693121864951,43.87756783031292,12.0,30.0,0.0,17.451106223592988,35.923704693874359,16.0,30.0,0.0,15.946224477346434,39.51349570247471,10.0,30.0,0.0,14.89868133239344,42.363825933992838,12.0,30.0,0.0,15.139622293833586,41.68355106174403,12.0,30.0,0.0,16.140004175948396,0.0,0.0,0.0,15.081934768102065,0.0,0.0,476.34050131851236,471.66946789305509,491.8565099337035,474.5378761861133,527.8523854269781,516.8439301748651,514.9902582528606,525.7936489310039,523.1394695392868,0.0,80.56293362350063,80.56293362350063,60.0,0.0,60.0,60.0,16.0,16.0,16.0,12.0,12.0,12.0,21.0,10.0,0.0,0.0,0.0,0.0,0.0,0.0,0.0,0.0,0.0,0.0,0.0,0.0,0.0,80.56293362350063,80.56293362350063,0.0,0.0,0.0,80.56293362350063,0.0,0.0,0.0006266666666666667 
 03/23  11:40:00,7.253333333333334,71.0,7.003333333333334,181.83333333333335,559.8333333333334,0.0,0.0,0.0,0.0,0.0,0.0,0.0,0.0,0.0,0.0,701.0,0.0,1532.0518726859285,84.42909864560181,216.34859076805348,45.93832130704728,1222.7196229056042,0.0,84.42909864560177,115.4209788198813,0.0,0.0,16.96873268817896,74.00445893967208,18.396124111448878,-517.3505370647126,17.137886839520477,-57.19747144586472,17.21974536604318,-18.383626065245154,14.25348694827295,23.362823304792586,18.02586501487137,-247.15839991104895,15.677438614915055,112.80513760921167,14.842200120468759,9.498373752453859,15.275669368242165,-5.8790795178811099,379.73173471414796,208.64131688674116,0.0,0.0,0.0,0.0,0.0,0.0,0.0,0.0,0.0,0.0,0.0,0.0,0.0,0.0,0.0,0.0,0.0,0.0,0.0,0.0,0.0,0.0,0.8810452086747443,0.2689393188872846,194.6848833940475,230.93912227953988,3867.5052858757619,0.12679675164254798,0.019352373571817458,190.53450035513019,225.72953006863424,3905.7342054879948,0.9179262555595845,0.1734554526756585,122.07124349966705,144.8410730466073,2414.108689450466,0.1952724893164065,0.0368995633628886,130.21366817351518,154.49868700272777,2560.7426534946087,0.0,0.0,8.896160773388717,10.651976484428375,128.98140152990286,0.0,0.0,77.35571562724239,91.6240652818946,1595.3154371979495,0.0,0.0,233.85309992183543,278.4638798193616,4124.277108804391,0.0,0.0,23.451211737941095,28.033178448739475,362.1237249450453,0.0,0.0,116.37924524320728,138.9593803504594,1872.3355246505756,34.8224715288955,23.88372532846057,180.802988762087,215.3483641548628,3762.9144322042695,0.0,0.0,136.07834320709604,162.47198716364236,2197.267397111864,0.0,17.1229819832773,36.41875197621459,22.0,30.0,0.0,17.489979966004389,35.603426869069789,16.0,30.0,0.0,17.046852279944035,36.60458219981566,22.0,30.0,0.0,17.050774760411618,36.645519570092847,16.0,30.0,0.0,14.402183750191547,43.731853850880259,12.0,30.0,0.0,17.542513954344828,35.702316713989727,16.0,30.0,0.0,16.00247912815983,39.35034802338483,10.0,30.0,0.0,14.881293518394874,42.36601377605211,12.0,30.0,0.0,15.210748578869274,41.45387678205681,12.0,30.0,0.0,15.936465476580077,0.0,0.0,0.0,15.227134352705459,0.0,0.0,474.6918350105335,470.35395517521865,477.04456579628126,492.5849652629383,523.4318154708838,513.7874892190536,510.7654108898485,520.6008980756027,518.1857698571955,0.0,80.56293362350063,80.56293362350063,60.0,0.0,60.0,60.0,16.0,16.0,16.0,12.0,12.0,12.0,21.0,10.0,0.0,0.0,0.0,0.0,0.0,0.0,0.0,0.0,0.0,0.0,0.0,0.0,0.0,80.56293362350063,80.56293362350063,0.0,0.0,0.0,80.56293362350063,0.0,0.0,0.00063 
 03/23  11:50:00,7.331666666666667,71.0,7.071666666666667,182.66666666666669,548.6666666666666,0.0,0.0,0.0,0.0,0.0,0.0,0.0,0.0,0.0,0.0,701.0,0.0,1570.4215208364045,84.2794358941158,215.96505749854894,47.088810485479729,1253.341964301446,0.0,84.27943589411577,115.21637849195524,0.0,0.0,16.965027164255817,91.96948004567003,18.423001238544793,-617.1759000719776,17.128434654960296,-14.70280628763794,17.251512806942008,-20.66655653970963,14.284144024182702,24.129200752463249,18.131868288818376,-255.0704580498791,15.704392775950052,118.01300613817694,14.822811082077039,17.613146692445299,15.320932748600012,8.567747716143458,382.9037175751364,184.33011933545368,0.0,0.0,0.0,0.0,0.0,0.0,0.0,0.0,0.0,0.0,0.0,0.0,0.0,0.0,0.0,0.0,0.0,0.0,0.0,0.0,0.0,0.0,0.8847694461645635,0.27007614351787659,208.74897529359994,247.63208804795299,4126.011905896696,0.12054326655600757,0.018397934456045114,205.15431544101237,243.13031010543114,4151.495300156818,0.919910579697041,0.17383041944388537,97.69033529171853,115.91662237538978,1926.7761866535719,0.18287156058417579,0.03455622837947387,9.279529454659576,11.00921112201124,185.5987101131405,0.0,0.0,8.897846067072287,10.654327364276814,128.26899161329954,0.0,0.0,78.3752436861149,92.81696160250142,1618.2405740795992,0.0,0.0,233.1656837715947,277.64500015100767,4096.98474393154,0.0,0.0,24.781907898591787,29.629242413086236,378.51019996963569,0.0,0.0,114.58228689758968,136.80218773134787,1841.371126271697,34.9743096414232,23.987866695077647,168.29930238038143,200.4779798588665,3519.5118449865897,0.0,0.0,135.22428720968802,161.39840647477878,2200.1230981377636,0.0,17.1539276382664,36.39158076292799,22.0,30.0,0.0,17.434272691058369,35.80818229161358,16.0,30.0,0.0,17.080221492554338,36.54702447707355,22.0,30.0,0.0,17.118952099265877,36.52646036993906,16.0,30.0,0.0,14.439393716931236,43.59373283383308,12.0,30.0,0.0,17.634651477790194,35.4779072918308,16.0,30.0,0.0,16.048509427589666,39.21943144989088,10.0,30.0,0.0,14.875118160383689,42.355182649026669,12.0,30.0,0.0,15.280905924576633,41.24782985927229,12.0,30.0,0.0,15.945615388593915,0.0,0.0,0.0,15.369261845731775,0.0,0.0,472.91146522310199,466.39543822702856,476.76270777269925,494.37079013952367,519.2125785706779,509.6037297661115,507.26493813946146,516.7958056526728,514.9230484069199,0.0,80.56293362350063,80.56293362350063,60.0,0.0,60.0,60.0,16.0,16.0,16.0,12.0,12.0,12.0,21.0,10.0,0.0,0.0,0.0,0.0,0.0,0.0,0.0,0.0,0.0,0.0,0.0,0.0,0.0,80.56293362350063,80.56293362350063,0.0,0.0,0.0,80.56293362350063,0.0,0.0,0.0006333333333333334 
 03/23  12:00:00,7.41,71.0,7.14,183.5,537.5,0.0,0.0,0.0,0.0,0.0,0.0,0.0,0.0,0.0,0.0,701.0,0.0,1603.8633684607244,84.10171098677276,215.50961159109364,48.09154143611316,1280.0314748765628,0.0,84.10171098677272,114.97341506944717,0.0,0.0,16.92584672469711,75.28421596034059,18.48332559686591,-559.495587467014,17.113488172420057,-11.296814251828437,17.222186498967124,-94.24864030694198,14.311830718526457,25.185124698917435,18.21460012628389,-264.51553201621166,15.737110371639343,126.7393646190767,14.810316839289462,25.596538129523539,15.366537719494027,21.787098222670467,394.4932698144494,162.5157536349152,0.0,0.0,0.0,0.0,0.0,0.0,0.0,0.0,0.0,0.0,0.0,0.0,0.0,0.0,0.0,0.0,0.0,0.0,0.0,0.0,0.0,0.0,0.8811576155623451,0.268973631124037,184.21729343746262,218.59701386539903,3597.7481431651997,0.13154041319979396,0.020076375640994197,179.969104192626,213.27067956143984,3635.048471076019,0.8990299903726753,0.16988472985122367,126.88502635911994,150.57282373709468,2480.563394100293,0.17617118588460962,0.03329009559421949,41.50976899394962,49.26320968256329,806.9256818563629,0.0,0.0,8.992777631592438,10.768592545830723,128.76671192100688,0.0,0.0,79.36140378977358,93.97453407045498,1638.2956498452289,0.0,0.0,232.4662946770256,276.8019701488224,4074.002836566495,0.0,0.0,25.785686438961699,30.833998760839209,389.9527923789317,0.0,0.0,112.12124356446116,133.8532482136301,1799.5055387740834,35.13386320610432,24.097299867012575,176.58103706767163,210.34072677231883,3651.6279336771947,0.0,0.0,133.39893232616093,159.17856639306704,2181.1157253855919,0.0,17.106835922729926,36.576875144015897,22.0,30.0,0.0,17.49275202692935,35.735662142051548,16.0,30.0,0.0,17.094047102865234,36.56849183182983,22.0,30.0,0.0,17.065691352336296,36.7075173403616,16.0,30.0,0.0,14.469496319146025,43.48098602143293,12.0,30.0,0.0,17.712221858094038,35.29508387193941,16.0,30.0,0.0,16.10430951807131,39.075257676121328,10.0,30.0,0.0,14.87767497621172,42.32363259383195,12.0,30.0,0.0,15.349671839683217,41.04502500025972,12.0,30.0,0.0,15.99100063155889,0.0,0.0,0.0,15.48949478612037,0.0,0.0,469.31632412999758,467.240365020788,481.0043095134517,478.9874882918422,515.1607776818672,506.1032204780082,503.9782402854155,512.6944031330002,510.9397893378814,0.0,80.56293362350063,80.56293362350063,60.0,0.0,60.0,60.0,16.0,16.0,16.0,12.0,12.0,12.0,21.0,10.0,0.0,0.0,0.0,0.0,0.0,0.0,0.0,0.0,0.0,0.0,0.0,0.0,0.0,80.56293362350063,80.56293362350063,0.0,0.0,0.0,80.56293362350063,0.0,0.0,0.0006366666666666667 
 03/23  12:10:00,7.376666666666667,71.0,7.133333333333333,184.33333333333335,526.3333333333334,0.0,0.0,0.0,0.0,0.0,0.0,0.0,0.0,0.0,0.0,701.0,0.0,1632.5045150706483,83.89897418260412,214.99006942594475,48.95032520939758,1302.8895917608505,0.0,83.89897418260408,114.69625848770771,0.0,0.0,16.924268621126566,99.8010196884943,18.536438742615489,-604.4625834530607,17.083213649394737,-22.002173504581948,17.239972919038928,-18.098832937103397,14.34045944821825,25.764965599033134,18.308450397194738,-269.74038475621139,15.762036366893707,128.7802654003981,14.801707333457344,32.526161410222929,15.409804915191025,31.63109111092126,379.77816031940076,150.7558841858572,0.0,0.0,0.0,0.0,0.0,0.0,0.0,0.0,0.0,0.0,0.0,0.0,0.0,0.0,0.0,0.0,0.0,0.0,0.0,0.0,0.0,0.0,0.8606379905715815,0.26271000933198465,201.11246237258198,238.63657747625906,3951.1219487459204,0.12312823957390083,0.018792466357432974,198.58849995780589,235.33995469899436,4029.535852639772,0.9211654429269777,0.17406754401492403,10.027539330200476,11.90110849192216,212.882309596841,0.1839515643397262,0.034760310721792548,9.242721193288912,10.96771008151843,184.19021492415519,0.0,0.0,8.94216823113873,10.707674884594426,129.20847888158799,0.0,0.0,80.08878485990961,94.81669471273549,1671.3087133380143,0.0,0.0,231.1478985380643,275.21737748916129,4083.5065923568474,0.0,0.0,26.631895729665219,31.84764221831544,404.9407278979268,0.0,0.0,110.78959181546252,132.24472465974987,1799.5577776638396,35.14641709932249,24.105910219014065,161.56958739568223,192.5079158034901,3385.31238254283,0.0,0.0,132.60444870348054,158.1895046995201,2202.442609023156,0.0,17.136466453636009,36.55972154631309,22.0,30.0,0.0,17.506536497835236,35.74984271284834,16.0,30.0,0.0,17.075030133552134,36.66619353231481,22.0,30.0,0.0,17.12440613827495,36.587226639877609,16.0,30.0,0.0,14.500916190782764,43.36875708046293,12.0,30.0,0.0,17.793397444723625,35.10929828702143,16.0,30.0,0.0,16.141607138322269,38.98524360707661,10.0,30.0,0.0,14.884701946150507,42.281669266315969,12.0,30.0,0.0,15.413440742628954,40.858853668200747,12.0,30.0,0.0,15.936134689805725,0.0,0.0,0.0,15.58675148731318,0.0,0.0,469.50858909454277,466.58011724676399,482.80202691656077,482.8955751442944,511.3900526301025,502.76264745158468,500.38210532365539,508.93666604119189,507.404744399307,0.0,80.56293362350063,80.56293362350063,60.0,0.0,60.0,60.0,16.0,16.0,16.0,12.0,12.0,12.0,21.0,10.0,0.0,0.0,0.0,0.0,0.0,0.0,0.0,0.0,0.0,0.0,0.0,0.0,0.0,80.56293362350063,80.56293362350063,0.0,0.0,0.0,80.56293362350063,0.0,0.0,0.0006399999999999999 
 03/23  12:20:00,7.343333333333334,71.0,7.126666666666667,185.16666666666667,515.1666666666666,0.0,0.0,0.0,0.0,0.0,0.0,0.0,0.0,0.0,0.0,701.0,0.0,1656.466340607902,83.67406817333614,214.41371551313953,49.66880135885138,1322.0131873736576,0.0,83.6740681733361,114.38879492184462,0.0,0.0,16.91897475195789,104.96837285062702,18.573063140096904,-642.1546499986689,17.059991686889725,-6.362690559206385,17.19440976640329,-108.13637286352969,14.370092737777771,26.317720134957825,18.398487157908514,-279.31706704861019,15.79438900162901,136.83787540117465,14.795726338159288,38.223797544201719,15.449646568765568,37.69410156929962,428.38806069324257,138.98413173457994,0.0,0.0,0.0,0.0,0.0,0.0,0.0,0.0,0.0,0.0,0.0,0.0,0.0,0.0,0.0,0.0,0.0,0.0,0.0,0.0,0.0,0.0,0.9055421494027027,0.27641701752219258,207.54041602354517,246.26861515815058,4097.626003031101,0.12580113306321329,0.019200417134190064,205.01167980327106,242.97568253969247,4169.778665717616,0.9238432185994686,0.17457354848818386,133.7475098630567,158.75062667824987,2626.36407577856,0.1805299593715475,0.03411374893642242,49.1378666994767,58.32900602782828,958.9793982841602,0.0,0.0,8.994608265260393,10.770099208915946,131.1572178194698,0.0,0.0,81.14958516588902,96.05465374002788,1710.8934177877644,0.0,0.0,229.86649024711009,273.6633199688579,4099.802401476358,0.0,0.0,27.293931106761798,32.6409109404097,417.3363191615706,0.0,0.0,108.20586214887048,129.1455180456139,1776.8839131997546,35.20334282092539,24.144953923817149,209.83319605059587,249.90661121710887,4303.597168518963,0.0,0.0,130.43393970132133,155.57141607331833,2194.518319418049,0.0,17.150447581142566,36.570112168315578,22.0,30.0,0.0,17.49626722654973,35.837418854668737,16.0,30.0,0.0,17.06992911771449,36.723392531350778,22.0,30.0,0.0,17.04029852857828,36.86046535883313,16.0,30.0,0.0,14.533339274352548,43.262659097563368,12.0,30.0,0.0,17.869576255128139,34.94400294265279,16.0,30.0,0.0,16.19343430132756,38.85807503231351,10.0,30.0,0.0,14.89328725581065,42.24520796259682,12.0,30.0,0.0,15.469537938629257,40.70390430641793,12.0,30.0,0.0,16.082480104770139,0.0,0.0,0.0,15.662006945323581,0.0,0.0,468.5830795343926,461.52293224865738,475.59394429954599,469.79894196418396,507.69914000959246,499.29889787118409,497.6977021264955,505.4722919689159,504.0491553358224,0.0,80.56293362350063,80.56293362350063,60.0,0.0,60.0,60.0,16.0,16.0,16.0,12.0,12.0,12.0,21.0,10.0,0.0,0.0,0.0,0.0,0.0,0.0,0.0,0.0,0.0,0.0,0.0,0.0,0.0,80.56293362350063,80.56293362350063,0.0,0.0,0.0,80.56293362350063,0.0,0.0,0.0006466666666666667 
 03/23  12:30:00,7.3100000000000009,71.0,7.119999999999999,186.0,504.0,0.0,0.0,0.0,0.0,0.0,0.0,0.0,0.0,0.0,0.0,701.0,0.0,1675.868245164199,83.42960936342291,213.78725452276189,50.25055007447018,1337.4975540514698,0.0,83.42960936342287,114.05460119510869,0.0,0.0,16.90423114228848,103.45062154558491,18.646379045723806,-601.1675638801798,17.034774197128756,-3.8739778904728157,17.210371788654446,-19.140485635061397,14.400587421393596,26.86323732092086,18.485925525660997,-285.75844980102877,15.824832724241292,140.3319338510255,14.791555743668308,42.989230579149538,15.486061992200021,41.99439036453805,382.0005028987134,133.90933096769732,0.0,0.0,0.0,0.0,0.0,0.0,0.0,0.0,0.0,0.0,0.0,0.0,0.0,0.0,0.0,0.0,0.0,0.0,0.0,0.0,0.0,0.0,0.901110061972196,0.27506412148113437,203.3561361388314,241.32593823483038,4025.8966489836418,0.1260449935091447,0.019237636371969584,201.46740241263783,238.73487274195777,4139.495040957996,0.9471583764537994,0.17897928504417985,105.13153676776244,124.79894710118463,2073.428394742703,0.18880332858488603,0.035677121803644368,61.58460899748216,73.0953924911009,1212.3818712079029,0.0,0.0,9.027159536261978,10.808667531582289,132.83961932227428,0.0,0.0,81.74713311178688,96.74414268783102,1740.9406362083628,0.0,0.0,230.27734247295943,274.1292556040669,4143.536646749699,0.0,0.0,28.011949542087,33.50111753648383,430.7192372507487,0.0,0.0,107.7956333862452,128.64367930118437,1787.9226564958267,35.19286709425999,24.13776892610425,164.34977101756685,195.85189496923017,3459.2023027642387,0.0,0.0,130.47692184131695,155.59546205416565,2222.6255088440395,0.0,17.141998691232897,36.6507890062278,22.0,30.0,0.0,17.56819505361093,35.659309651497178,16.0,30.0,0.0,17.057437513202424,36.7931263163722,22.0,30.0,0.0,17.098817551059079,36.67546157022974,16.0,30.0,0.0,14.56646442218146,43.161232358277548,12.0,30.0,0.0,17.944987730460118,34.782685136902149,16.0,30.0,0.0,16.23948967139711,38.75112785450746,10.0,30.0,0.0,14.902112421794899,42.21930198804469,12.0,30.0,0.0,15.518806054202207,40.57650347563395,12.0,30.0,0.0,15.930883401792624,0.0,0.0,0.0,15.734357875932105,0.0,0.0,463.68143064537886,469.66962636630168,470.29204694976655,476.3415755848645,504.2820620778864,496.35056331974246,494.8352333177266,501.89811972590919,500.62419218350336,0.0,80.56293362350063,80.56293362350063,60.0,0.0,60.0,60.0,16.0,16.0,16.0,12.0,12.0,12.0,21.0,10.0,0.0,0.0,0.0,0.0,0.0,0.0,0.0,0.0,0.0,0.0,0.0,0.0,0.0,80.56293362350063,80.56293362350063,0.0,0.0,0.0,80.56293362350063,0.0,0.0,0.0006533333333333334 
 03/23  12:40:00,7.276666666666667,71.0,7.113333333333333,184.16666666666667,502.0,0.0,0.0,0.0,0.0,0.0,0.0,0.0,0.0,0.0,0.0,701.0,0.0,1705.6968802646143,82.75733368987163,212.06455418838264,51.14494134891028,1361.3034063094704,0.0,82.75733368987159,113.13554938094929,0.0,0.0,16.92008005707243,126.18016341471412,18.66647933047976,-702.4220096063436,17.009767588495696,0.7807989207076389,17.188261340511269,-73.0564117935312,14.432746480050183,27.133557500723556,18.577610861489505,-292.80065627477509,15.851657407645974,142.5420239591458,14.788874934000959,47.45854428639541,15.519908412436255,46.324282354849859,429.7643750242496,129.19684255825906,0.0,0.0,0.0,0.0,0.0,0.0,0.0,0.0,0.0,0.0,0.0,0.0,0.0,0.0,0.0,0.0,0.0,0.0,0.0,0.0,0.0,0.0,0.9204322768857022,0.2809622334815941,221.79386825219079,263.1808450509199,4426.855678553486,0.12073446104831422,0.018427115544614505,220.78529463995009,261.6894693562224,4529.0082058998909,0.9567025744132395,0.18078279939781553,135.46229737401007,160.8224350791978,2672.1440909746727,0.18806326862911094,0.03553727676287054,35.78598043973136,42.48288854677224,705.8781374386815,0.0,0.0,9.005411512383987,10.78216998063965,133.74330947207933,0.0,0.0,82.60968898604469,97.74637053592696,1777.206661850932,0.0,0.0,230.10045972241623,273.90286083408207,4173.038772352392,0.0,0.0,28.55239198828453,34.14895113959231,441.5045713746448,0.0,0.0,107.27224704925574,128.0088376513142,1795.9997806056686,35.25534681162232,24.18062195584522,209.80577628682225,249.9196663805569,4331.732904814505,0.0,0.0,130.37294963589839,155.4481173460963,2246.3266990654358,0.0,17.192948991374914,36.51771149588045,22.0,30.0,0.0,17.516296696121136,35.83833643725637,16.0,30.0,0.0,17.043665120860866,36.8635102831482,22.0,30.0,0.0,17.061266551979288,36.83104885914316,16.0,30.0,0.0,14.60065840644652,43.062708184673649,12.0,30.0,0.0,18.022096311630503,34.618894381103569,16.0,30.0,0.0,16.27731353636476,38.67350476122638,10.0,30.0,0.0,14.911376173033137,42.19495305265317,12.0,30.0,0.0,15.56365617148089,40.46228245592511,12.0,30.0,0.0,16.07031726471117,0.0,0.0,0.0,15.799325556392441,0.0,0.0,470.94393528141748,462.290355797887,468.18567352588607,470.9882016986787,501.09152410609479,493.95368500337897,491.36718286613947,498.90497392362559,497.79407021146099,0.0,80.56293362350063,80.56293362350063,60.0,0.0,60.0,60.0,16.0,16.0,16.0,12.0,12.0,12.0,21.0,10.0,0.0,0.0,0.0,0.0,0.0,0.0,0.0,0.0,0.0,0.0,0.0,0.0,0.0,80.56293362350063,80.56293362350063,0.0,0.0,0.0,80.56293362350063,0.0,0.0,0.0006600000000000001 
 03/23  12:50:00,7.243333333333333,71.0,7.1066666666666669,182.33333333333335,500.0,0.0,0.0,0.0,0.0,0.0,0.0,0.0,0.0,0.0,0.0,701.0,0.0,1732.097583015552,82.06363169108458,210.2869460549799,51.93654728437126,1382.3734573314746,0.0,82.06363169108454,112.18720615576102,0.0,0.0,16.89436227089694,106.0333207176418,18.756130330394588,-615.1211987652159,16.99143609681832,13.272582683704059,17.20171222112687,-15.091724931202578,14.466580920637228,27.63059064118835,18.66708645155159,-302.99099840118017,15.88512503895134,148.70045582107924,14.78766477539919,51.67728462418813,15.551660550277405,49.968016611560418,378.22880633069237,124.16311056244013,0.0,0.0,0.0,0.0,0.0,0.0,0.0,0.0,0.0,0.0,0.0,0.0,0.0,0.0,0.0,0.0,0.0,0.0,0.0,0.0,0.0,0.0,0.9137362027703039,0.2789182548138901,198.77036290431139,235.9085204139657,3967.378182130837,0.13020383843786327,0.019872380713959596,197.45866119100428,233.97437110439979,4104.715684126485,0.9797864340396632,0.18514482880568093,124.26991519414676,147.54684545899247,2461.3979500916086,0.19449488917265285,0.03675262456021405,9.005354246611037,10.689721731159813,181.9620757826268,0.0,0.0,9.107056607164715,10.903314423023217,136.52835134112974,0.0,0.0,83.38493544437042,98.64596233779796,1811.3546372420759,0.0,0.0,231.16642100142895,275.1448986661532,4230.7857789335589,0.0,0.0,29.138373121252437,34.851206071795697,453.1266027197258,0.0,0.0,106.70073813705824,127.3182124351932,1802.3127238578289,35.2569448154459,24.181717980415578,160.24183833718247,191.00511786483129,3404.3685611138955,0.0,0.0,130.15765116570999,155.17156012911597,2266.2907710001788,0.0,17.153222325432688,36.66917815614821,22.0,30.0,0.0,17.62187548678554,35.59151015800131,16.0,30.0,0.0,17.041521207304265,36.873432121666798,22.0,30.0,0.0,17.107030856292729,36.724173537729,16.0,30.0,0.0,14.636971574925985,42.96520640937371,12.0,30.0,0.0,18.095536027309593,34.47421482569634,16.0,30.0,0.0,16.327545819907237,38.549098123109178,10.0,30.0,0.0,14.921244120961934,42.17380810254402,12.0,30.0,0.0,15.604745608957702,40.36359206635565,12.0,30.0,0.0,15.900824399715999,0.0,0.0,0.0,15.857410310393155,0.0,0.0,463.9993268974255,461.10957752356259,471.7387062163217,474.050461448658,497.83313837307068,490.451346972694,490.7617653072696,495.9892925600862,494.8521696366201,0.0,80.56293362350063,80.56293362350063,60.0,0.0,60.0,60.0,16.0,16.0,16.0,12.0,12.0,12.0,21.0,10.0,0.0,0.0,0.0,0.0,0.0,0.0,0.0,0.0,0.0,0.0,0.0,0.0,0.0,80.56293362350063,80.56293362350063,0.0,0.0,0.0,80.56293362350063,0.0,0.0,0.0006633333333333333 
 03/23  13:00:00,7.21,71.0,7.1,180.5,498.0,0.0,0.0,0.0,0.0,0.0,0.0,0.0,0.0,0.0,0.0,701.0,0.0,1755.0772115693229,81.34808540190446,208.45335918585875,52.625573529991829,1400.7131806531152,0.0,81.34808540190443,111.2090001294859,0.0,0.0,16.926550070737048,142.91603230733836,18.75719036224375,-761.3486806088231,16.969232142443809,13.050160405522547,17.146023686329739,-113.64897557831955,14.501100199949953,27.631576154531275,18.756679481939935,-308.719123018986,15.908472683182979,147.49957659956545,14.787430462861858,55.287849603059957,15.581861709895858,53.521828355192159,456.4774669538683,123.05289980237103,0.0,0.0,0.0,0.0,0.0,0.0,0.0,0.0,0.0,0.0,0.0,0.0,0.0,0.0,0.0,0.0,0.0,0.0,0.0,0.0,0.0,0.0,0.938714432503805,0.2865428670646536,232.40049247811184,275.7678092443956,4687.937922905522,0.11815128945239659,0.018032858585530617,232.63170995543354,275.7568149680897,4810.829288747236,0.9846912816397174,0.18607167075580459,163.37277699339138,193.99590937713254,3237.044982991902,0.1925853849548474,0.03639179609879957,53.95403907702382,64.07322906721865,1063.5965074963449,0.0,0.0,9.02053665246756,10.799175639946201,136.4961894895077,0.0,0.0,84.24881415994895,99.64937482669869,1848.2303194683448,0.0,0.0,231.27765395123283,275.2697672749912,4261.559660828523,0.0,0.0,29.545803828343897,35.339920579023168,462.05155155075979,0.0,0.0,107.22161990718362,127.93209901020555,1826.5263043014559,35.32414782694484,24.227810580894958,241.84840868608499,288.06282272868727,4974.7953461233669,0.0,0.0,131.0614040931549,156.2291860763635,2305.970320376736,0.0,17.23284341883635,36.47684727664637,22.0,30.0,0.0,17.5323579158134,35.80932339260299,16.0,30.0,0.0,17.02855649502437,36.94347033599135,22.0,30.0,0.0,17.001585331048884,37.01374178234343,16.0,30.0,0.0,14.673379268591395,42.8679922861679,12.0,30.0,0.0,18.1718530859927,34.31021183063555,16.0,30.0,0.0,16.356247872957704,38.500105440520247,10.0,30.0,0.0,14.930972767019238,42.16110745479863,12.0,30.0,0.0,15.643251343319572,40.276604270766799,12.0,30.0,0.0,16.139783397408288,0.0,0.0,0.0,15.91593393496015,0.0,0.0,462.4939425493096,460.1203073412059,468.05910966910138,465.1806024534144,495.2895189029313,489.2430947319284,487.0053741952085,492.6890145559457,491.8772913361372,0.0,80.56293362350063,80.56293362350063,60.0,0.0,60.0,60.0,16.0,16.0,16.0,12.0,12.0,12.0,21.0,10.0,0.0,0.0,0.0,0.0,0.0,0.0,0.0,0.0,0.0,0.0,0.0,0.0,0.0,80.56293362350063,80.56293362350063,0.0,0.0,0.0,80.56293362350063,0.0,0.0,0.0006666666666666668 
 03/23  13:10:00,7.2683333333333339,70.5,7.098333333333334,178.66666666666669,496.0,0.0,0.0,0.0,0.0,0.0,0.0,0.0,0.0,0.0,0.0,701.0,0.0,1774.6502396286394,80.61010102032958,206.56227207961866,53.21245408425121,1416.334127708002,0.0,80.61010102032954,110.2001195297687,0.0,0.0,16.88996394094592,105.75145087078454,18.893392415097048,-605.2355000640373,16.95957030710408,32.23053874391735,17.16011227398476,-17.10561220642967,14.540991807934308,27.94478300925806,18.86354666291337,-322.58258491271547,15.944854439484854,155.67014650923103,14.78904513151199,59.15555711499553,15.611073866122278,56.72210740854234,360.09223492964977,115.6850805989252,0.0,0.0,0.0,0.0,0.0,0.0,0.0,0.0,0.0,0.0,0.0,0.0,0.0,0.0,0.0,0.0,0.0,0.0,0.0,0.0,0.0,0.0,0.8953833498773258,0.27331604086609459,192.35358748400533,228.325665467392,3834.5093322431687,0.12873645842150042,0.019648421615003118,191.83412373940937,227.28083422608109,4012.0726328466569,1.0077846585578692,0.19043549859370174,148.65510202531494,176.5313624213416,2933.557033651839,0.20208913041664076,0.03818766636746801,69.49083011508202,82.51710114951023,1368.436219647009,0.0,0.0,9.163226995413764,10.969395129237676,138.41884893870475,0.0,0.0,85.04291426017606,100.5716133787091,1868.880351626868,0.0,0.0,232.85487425232234,277.1237931178517,4288.543955301151,0.0,0.0,30.07083664571284,35.97031853079487,467.42384049863008,0.0,0.0,106.59810038196174,127.18545989111091,1811.1656438552978,35.13650637619348,24.09911274087345,154.68452817988973,184.43933485134529,3282.006931846492,0.0,0.0,130.62982367662029,155.69965430888429,2297.9611071298306,0.0,17.16385000427643,36.65269457380673,22.0,30.0,0.0,17.71128275998496,35.398987847374829,16.0,30.0,0.0,17.039317825276976,36.92802541872019,22.0,30.0,0.0,17.056932521043384,36.87779817875723,16.0,30.0,0.0,14.719351213386448,42.75104186354272,12.0,30.0,0.0,18.251022623504175,34.15740237418027,16.0,30.0,0.0,16.4109050449897,38.37219388665644,10.0,30.0,0.0,14.942058923777323,42.1361384494476,12.0,30.0,0.0,15.679695249052262,40.18866561217465,12.0,30.0,0.0,15.861629795032114,0.0,0.0,0.0,15.97350128792627,0.0,0.0,461.7018641868423,463.01067913506906,463.48513487600857,469.07540660539208,492.5687647749845,486.0520663952621,484.68005775633426,491.2352340532164,490.41422100260265,0.0,80.56293362350063,80.56293362350063,60.0,0.0,60.0,60.0,16.0,16.0,16.0,12.0,12.0,12.0,21.0,10.0,0.0,0.0,0.0,0.0,0.0,0.0,0.0,0.0,0.0,0.0,0.0,0.0,0.0,80.56293362350063,80.56293362350063,0.0,0.0,0.0,80.56293362350063,0.0,0.0,0.0006699999999999999 
 03/23  13:20:00,7.326666666666667,70.0,7.096666666666667,176.83333333333335,494.0,0.0,0.0,0.0,0.0,0.0,0.0,0.0,0.0,0.0,0.0,701.0,0.0,1790.838899733983,79.84892886754644,204.61176381639459,53.69785559133334,1429.2540421834215,0.0,79.8489288675464,109.15953948883464,0.0,0.0,16.954915695136227,166.88251546707944,18.856950022831325,-850.3066961801706,16.932384922127047,15.472879541750445,17.17773371502966,-11.284730745491743,14.580119792560798,27.55802606500697,18.954702350776715,-327.70185191449675,15.966230301613117,152.19790641568853,14.791803664319563,62.51058824047993,15.640287975091596,61.10594077752285,429.8870421345273,110.57692657432563,0.0,0.0,0.0,0.0,0.0,0.0,0.0,0.0,0.0,0.0,0.0,0.0,0.0,0.0,0.0,0.0,0.0,0.0,0.0,0.0,0.0,0.0,0.9202381367954877,0.2809029721597948,250.69062842353388,297.4587588089719,5032.846827419084,0.10150854483925569,0.01549275714884855,252.64030118384873,299.5298437020322,5169.919750100876,0.9927544994830322,0.18759533247978697,124.65580011286848,148.061454618539,2441.4824630266668,0.19719078428702134,0.037262052964289738,9.507286794056617,11.289097152999079,190.1918305615924,0.0,0.0,8.97333498320009,10.741605393680507,135.2591498389494,0.0,0.0,86.09303385494489,101.79607656967994,1895.4283001245224,0.0,0.0,232.9731243583043,277.2714092896107,4274.259156308426,0.0,0.0,30.34033421495844,36.294970252351138,468.7760211909931,0.0,0.0,107.9644855903143,128.81263392578928,1829.6323692371857,35.04078959226338,24.03346336917928,215.79127940411798,257.11687470167467,4424.28626002252,0.0,0.0,132.2923676009268,157.65415984621883,2332.578813960921,0.0,17.30592422812398,36.31769767528822,22.0,30.0,0.0,17.54014734183318,35.796812322970229,16.0,30.0,0.0,17.010877949882663,37.008777841150429,22.0,30.0,0.0,17.0972089039959,36.78009603767236,16.0,30.0,0.0,14.761947413905647,42.64409912777217,12.0,30.0,0.0,18.331421739981129,33.99142396014988,16.0,30.0,0.0,16.433836785486684,38.32749017609266,10.0,30.0,0.0,14.953600617059282,42.123479811903028,12.0,30.0,0.0,15.716375603442004,40.11236624808695,12.0,30.0,0.0,16.099289711971644,0.0,0.0,0.0,16.053506148718886,0.0,0.0,463.87879877756759,458.1902042690063,462.77341426478747,471.11645954173897,489.9205736107286,483.7905991331102,483.18223652108716,488.1994477999393,487.26809663660625,0.0,80.56293362350063,80.56293362350063,60.0,0.0,60.0,60.0,16.0,16.0,16.0,12.0,12.0,12.0,21.0,10.0,0.0,0.0,0.0,0.0,0.0,0.0,0.0,0.0,0.0,0.0,0.0,0.0,0.0,80.56293362350063,80.56293362350063,0.0,0.0,0.0,80.56293362350063,0.0,0.0,0.0006933333333333333 
 03/23  13:30:00,7.385,69.5,7.095,175.0,492.0,0.0,0.0,0.0,0.0,0.0,0.0,0.0,0.0,0.0,0.0,701.0,0.0,1803.6724171582274,79.06368118001507,202.5995596488419,54.082654369826219,1439.4962485997649,0.0,79.06368118001504,108.08604636661902,0.0,0.0,16.842037819917743,63.482080893735659,19.00568154603824,-584.267637273424,16.939679899624275,60.433705505235597,17.131712259545887,-95.19306152693753,14.619800823228989,28.37102006379223,19.037494256469139,-342.44452451175359,16.009260668690673,163.84145652889766,14.797697538904583,67.6321929464134,15.670688760762854,67.08267204293725,407.80362608675116,97.91830650604152,0.0,0.0,0.0,0.0,0.0,0.0,0.0,0.0,0.0,0.0,0.0,0.0,0.0,0.0,0.0,0.0,0.0,0.0,0.0,0.0,0.0,0.0,0.882425798253556,0.2693607442776423,205.4174838922985,243.95925615289247,4010.402186959269,0.13432224887055986,0.020500953734822935,172.2299412536713,204.04266095544069,3588.936829182117,1.010489214831162,0.19094656364912364,215.87166229988709,256.3953249742457,4206.733413085346,0.19868758302186335,0.03754489475091899,55.07067631346515,65.41844963761736,1067.357446977546,0.0,0.0,9.236767852122802,11.056459445643954,138.93401264306707,0.0,0.0,86.83561077945666,102.66139942571587,1912.942798792004,0.0,0.0,235.26232518477384,279.96110369689918,4319.4456566970279,0.0,0.0,30.892301196980325,36.957043814177477,474.69900668268078,0.0,0.0,106.83299734592844,127.45882974384061,1806.2125717296388,34.92474208589063,23.953869743409219,213.22814742904684,254.12430540842474,4329.61901685451,0.0,0.0,131.4114412371576,156.58216903177826,2320.0918689962347,0.0,17.074619933943905,36.86343800054194,22.0,30.0,0.0,17.78934493644334,35.228476180364449,16.0,30.0,0.0,17.052306292031589,36.90178194132115,22.0,30.0,0.0,17.00873997745345,37.00185506386981,16.0,30.0,0.0,14.804749704021666,42.5373902213376,12.0,30.0,0.0,18.39782793868161,33.85957334807877,16.0,30.0,0.0,16.500035511418696,38.175814990935197,10.0,30.0,0.0,14.969812660477665,42.08996715542452,12.0,30.0,0.0,15.75523086890098,40.02177438577711,12.0,30.0,0.0,16.06060085942776,0.0,0.0,0.0,16.12458554287426,0.0,0.0,459.35458213576006,457.1128237284882,466.1455182756267,462.0523612994846,487.5384649612871,482.174866777993,481.1560339412138,485.6085304859431,484.90164250798889,0.0,80.56293362350063,80.56293362350063,60.0,0.0,60.0,60.0,16.0,16.0,16.0,12.0,12.0,12.0,21.0,10.0,0.0,0.0,0.0,0.0,0.0,0.0,0.0,0.0,0.0,0.0,0.0,0.0,0.0,80.56293362350063,80.56293362350063,0.0,0.0,0.0,80.56293362350063,0.0,0.0,0.0007166666666666667 
 03/23  13:40:00,7.443333333333333,69.0,7.093333333333334,170.16666666666669,499.3333333333333,0.0,0.0,0.0,0.0,0.0,0.0,0.0,0.0,0.0,0.0,701.0,0.0,1829.4479027577368,77.70514511155761,199.11834945457123,54.85551318285168,1460.0673173144747,0.0,77.70514511155757,106.22882456395985,0.0,0.0,16.975525843504785,197.59847814915703,18.982653529633884,-861.3983112151618,16.83251329318259,-89.31917622177184,17.146947802084683,-9.341731629207061,14.659844749303355,27.397840661420618,19.130458425623119,-342.8956372771927,16.01708347628162,151.43659123324324,14.804340534447121,71.0734406559136,15.702231896901303,73.85870150487608,458.6781892422405,95.42661395530013,0.0,0.0,0.0,0.0,0.0,0.0,0.0,0.0,0.0,0.0,0.0,0.0,0.0,0.0,0.0,0.0,0.0,0.0,0.0,0.0,0.0,0.0,0.8675809359715767,0.26482934553466938,268.794868241013,318.9457803207527,5361.561151579055,0.08200483050905459,0.01251599977244423,273.5778728675928,324.3216873185117,5583.3042354214589,0.9970141394313491,0.18840025310494133,58.58092520357487,69.6317272672831,1126.3673185535479,0.19805620752635043,0.037425587212084349,66.61795695475738,79.1292858331334,1289.5765385039893,0.0,0.0,8.795716697976579,10.528110801549117,131.9904848485049,0.0,0.0,87.70012771550174,103.66562187263262,1935.5634142912373,0.0,0.0,233.1839695348213,277.5218402041043,4252.059517897012,0.0,0.0,30.896678397730264,36.96405682158594,472.1570643828446,0.0,0.0,108.96594448780249,129.9985425954662,1838.4614142014414,34.757569684400589,23.839211031824829,283.4565699505696,337.631500633746,5636.035984664409,0.0,0.0,133.68366663305759,159.26164635359604,2365.8895351431267,0.0,17.362541683129636,36.1916020612742,22.0,30.0,0.0,17.631405658167336,35.57228008980204,16.0,30.0,0.0,16.85875082108354,37.35019596000523,22.0,30.0,0.0,17.062092790534924,36.87865932863667,16.0,30.0,0.0,14.845954225036334,42.43514157099019,12.0,30.0,0.0,18.47847487925611,33.69697150466776,16.0,30.0,0.0,16.494877625678979,38.19642082164038,10.0,30.0,0.0,14.985969464087095,42.057801708596368,12.0,30.0,0.0,15.79650987232959,39.92712705137412,12.0,30.0,0.0,16.255138552365695,0.0,0.0,0.0,16.205573023856986,0.0,0.0,457.8999161557623,456.79154485067229,460.2056144501854,466.35790519014338,485.4337233788166,479.7951764109026,479.15916847869269,483.8100267514842,483.19085247156769,0.0,80.56293362350063,80.56293362350063,60.0,0.0,60.0,60.0,16.0,16.0,16.0,12.0,12.0,12.0,21.0,10.0,0.0,0.0,0.0,0.0,0.0,0.0,0.0,0.0,0.0,0.0,0.0,0.0,0.0,80.56293362350063,80.56293362350063,0.0,0.0,0.0,80.56293362350063,0.0,0.0,0.00074 
 03/23  13:50:00,7.501666666666666,68.5,7.091666666666666,165.33333333333335,506.6666666666667,0.0,0.0,0.0,0.0,0.0,0.0,0.0,0.0,0.0,0.0,701.0,0.0,1852.2043443179906,76.2972857708884,195.51074625647866,55.53784683358531,1478.2289126680178,0.0,76.29728577088835,104.30417410875545,0.0,0.0,16.84653779570366,63.957158259543579,19.135777407765369,-613.363201834255,16.90400374086093,109.7259974838089,17.06744964476738,-138.78050245886335,14.702043793982089,28.47622254277985,19.214632278530858,-363.56237089246999,16.075514379392059,174.3478090392473,14.814194337863047,76.6676643123867,15.732642045322926,77.27901335836805,426.3286962794973,79.37134423368934,0.0,0.0,0.0,0.0,0.0,0.0,0.0,0.0,0.0,0.0,0.0,0.0,0.0,0.0,0.0,0.0,0.0,0.0,0.0,0.0,0.0,0.0,0.8352160984486429,0.25494996900141728,251.60688034650353,298.8672201787726,4855.195867304716,0.11626428220174404,0.017744853815895,188.3790751883061,223.15519692305225,3913.7178464932164,1.0657417690439016,0.2013873335305937,315.49819878314346,374.8163115659803,6061.046213188925,0.20374559878891453,0.0385006800432567,107.86779475541552,128.20849801117019,2040.8897233535896,0.0,0.0,9.258521811225855,11.081507641037895,138.67254981400419,0.0,0.0,88.81126604717676,104.96783770002387,1960.4772430408373,0.0,0.0,235.58383277128019,280.3137753329419,4312.990484172768,0.0,0.0,31.666053980904196,37.88567541726765,481.55718288075379,0.0,0.0,105.08709700694408,125.36741472483463,1768.751118690489,34.64634950252738,23.762928328208088,314.4750155940233,374.7106810096718,6095.3452906608449,0.0,0.0,130.0203130546293,154.8857755040856,2299.212524120168,0.0,17.08657448059416,36.81706143856577,22.0,30.0,0.0,17.877551136898256,35.0167837422452,16.0,30.0,0.0,17.041955326925053,36.93237362988937,22.0,30.0,0.0,16.907122353186425,37.230847960477799,16.0,30.0,0.0,14.890606774920276,42.3236168046463,12.0,30.0,0.0,18.54018627094504,33.5726793336438,16.0,30.0,0.0,16.591554169754767,37.970317926995267,10.0,30.0,0.0,15.00721595692848,42.01120498321111,12.0,30.0,0.0,15.834918382535957,39.839055755688288,12.0,30.0,0.0,16.185002186337934,0.0,0.0,0.0,16.2575063552732,0.0,0.0,457.47654086967108,455.7135521910701,461.1747843202551,457.3617307956996,483.27179387376506,478.23220525271418,476.63261364171947,481.84154988435577,481.21445917207577,0.0,80.56293362350063,80.56293362350063,60.0,0.0,60.0,60.0,16.0,16.0,16.0,12.0,12.0,12.0,21.0,10.0,0.0,0.0,0.0,0.0,0.0,0.0,0.0,0.0,0.0,0.0,0.0,0.0,0.0,80.56293362350063,80.56293362350063,0.0,0.0,0.0,80.56293362350063,0.0,0.0,0.0007366666666666668 
 03/23  14:00:00,7.56,68.0,7.09,160.5,514.0,0.0,0.0,0.0,0.0,0.0,0.0,0.0,0.0,0.0,0.0,1402.0,0.0,1871.8491741745843,74.83693977655291,191.76864397178509,56.12687971533066,1493.9071572815386,0.0,74.83693977655287,102.30777041872654,0.0,0.0,16.960487806287597,204.84327010885546,19.144074758741888,-833.5076878501045,16.88597523696383,47.78103816440557,17.086996900332623,2.432783520194107,14.739587426746315,28.38105146642866,19.298250982112188,-358.0833784412937,16.09285770041835,167.9586630917629,14.822590469179908,81.6066898900238,15.761792577458241,90.69622442733157,401.8805539027344,84.99318514106654,0.0,0.0,0.0,0.0,0.0,0.0,0.0,0.0,0.0,0.0,0.0,0.0,0.0,0.0,0.0,0.0,0.0,0.0,0.0,0.0,0.0,0.0,0.8680159594228649,0.26496213657596609,265.33147448113007,315.566123070755,5216.188360355885,0.07876605060678796,0.012021680495541509,262.87676005236076,312.19189522915567,5378.04662540853,1.0156146134798894,0.1919150819122996,156.0371447395933,185.66044544420206,2981.6385452840288,0.209260072286388,0.03954271963083672,102.90682111224095,122.56553015508276,1948.904880436245,0.0,0.0,8.921062552766408,10.696211836757009,133.14985675682534,0.0,0.0,89.39799655488568,105.8388776054799,1973.8765736770448,0.0,0.0,235.58736960590063,280.84023199985077,4289.805658706529,0.0,0.0,31.74118769882177,38.04523920532611,479.92534255106258,0.0,0.0,108.51903526535651,129.69604852022872,1821.082050242572,34.48742356988713,23.653925630923966,234.5508132952458,280.1234922418068,4642.17033037957,0.0,0.0,133.6356612256502,159.45783923715954,2366.866935159989,0.0,17.33361765852679,36.22732878836442,22.0,30.0,0.0,17.783536555071416,35.19060340444811,16.0,30.0,0.0,17.01522585808123,36.98042227919149,22.0,30.0,0.0,16.980899961602498,37.069461897751569,16.0,30.0,0.0,14.924743211593292,42.23914408372893,12.0,30.0,0.0,18.605251460087719,33.44140861930205,16.0,30.0,0.0,16.602463434983834,37.94748944502625,10.0,30.0,0.0,15.023862871802283,41.97580779585994,12.0,30.0,0.0,15.870997016947094,39.75656732308393,12.0,30.0,0.0,16.132329401418624,0.0,0.0,0.0,16.33345141293602,0.0,0.0,456.588584487348,454.8102219160413,457.85833193693807,460.7586734335908,481.484147510825,475.6115812813058,474.74838075686798,479.62043095197887,478.6361684813743,0.0,80.56293362350063,80.56293362350063,60.0,0.0,60.0,60.0,16.0,16.0,16.0,12.0,12.0,12.0,21.0,10.0,0.0,0.0,0.0,0.0,0.0,0.0,0.0,0.0,0.0,0.0,0.0,0.0,0.0,80.56293362350063,80.56293362350063,0.0,0.0,0.0,80.56293362350063,0.0,0.0,0.0007333333333333333 
 03/23  14:10:00,7.586666666666666,67.66666666666667,7.088333333333333,155.66666666666667,521.3333333333334,0.0,0.0,0.0,0.0,0.0,0.0,0.0,0.0,0.0,0.0,701.0,0.0,1888.2922687925887,73.32104628899693,187.88419928726729,56.619909509039938,1507.0301244274606,0.0,73.32104628899688,100.23542909414566,0.0,0.0,16.99769736640265,171.97454566394846,19.16908144672938,-846.1773396837616,16.89276758087921,69.41574540306374,17.11599607814105,-8.797761273032848,14.788039488168853,28.458717736745599,19.395861909948523,-369.34352259390109,16.131809847596043,168.33280120913788,14.836335650505135,83.24422542302739,15.798319682295898,88.10599148367146,395.38163409634947,81.1032193743631,0.0,0.0,0.0,0.0,0.0,0.0,0.0,0.0,0.0,0.0,0.0,0.0,0.0,0.0,0.0,0.0,0.0,0.0,0.0,0.0,0.0,0.0,0.8627292291018811,0.26334836053170976,243.17613514693665,288.6113556346597,4797.6668574873569,0.0902895758669781,0.013780460297157831,246.78925537653587,292.527949381341,5030.110053468173,1.0351780058144653,0.19561186806773729,175.4889948700646,208.5256339617932,3351.684413685745,0.2093075879850873,0.03955169840988043,82.31622895197548,97.81380114487323,1566.1461776817189,0.0,0.0,9.028476815613298,10.805025530082123,135.29029718347585,0.0,0.0,89.53004405871019,105.78185143622466,1988.7133925137012,0.0,0.0,237.3745654436171,282.44096272451227,4335.4705086163,0.0,0.0,32.13794202859785,38.45242854403032,486.0002529187453,0.0,0.0,108.97405047217777,129.99274560993565,1834.0461686366817,34.328899892622128,23.54519882895894,210.5191119872927,250.94960575649845,4204.950398087418,0.0,0.0,134.35111107478157,160.00382912335037,2388.271530098069,0.0,17.392542370349234,36.06154744616606,22.0,30.0,0.0,17.76239649937288,35.2165443176236,16.0,30.0,0.0,17.04577212948913,36.87999010910574,22.0,30.0,0.0,17.040923978684345,36.91653324664589,16.0,30.0,0.0,14.97984683973074,42.09867619383508,12.0,30.0,0.0,18.698144132420503,33.249439920936968,16.0,30.0,0.0,16.655074926545319,37.81998114859568,10.0,30.0,0.0,15.04968516465246,41.914377764286459,12.0,30.0,0.0,15.920079726035452,39.638493320107439,12.0,30.0,0.0,16.12465149903682,0.0,0.0,0.0,16.390920209217819,0.0,0.0,454.2105190791308,453.9049713611578,457.4462483089284,458.34451219976656,478.4418255276654,472.69624434306737,472.8119064400005,476.7922695679314,476.0941342135982,0.0,80.56293362350063,80.56293362350063,60.0,0.0,60.0,60.0,16.0,16.0,16.0,12.0,12.0,12.0,21.0,10.0,0.0,0.0,0.0,0.0,0.0,0.0,0.0,0.0,0.0,0.0,0.0,0.0,0.0,80.56293362350063,80.56293362350063,0.0,0.0,0.0,80.56293362350063,0.0,0.0,0.0007300000000000001 
 03/23  14:20:00,7.613333333333333,67.33333333333334,7.086666666666668,150.83333333333335,528.6666666666666,0.0,0.0,0.0,0.0,0.0,0.0,0.0,0.0,0.0,0.0,701.0,0.0,1901.4451847294577,71.74667536455488,183.84990431512734,57.01428427411802,1517.5272282605466,0.0,71.74667536455483,98.08314467988905,0.0,0.0,16.9625360523547,129.00096495236358,19.25817172049432,-753.2960333913343,16.901519422255647,89.62851728615078,17.1270777980164,-9.116419679491856,14.832144384126459,28.714619696698607,19.480093273495475,-381.76451909050186,16.171035008510996,175.52375467121238,14.847319635309678,86.59270063417614,15.827631458211873,91.19764579513958,373.8143636152554,76.48738557648267,0.0,0.0,0.0,0.0,0.0,0.0,0.0,0.0,0.0,0.0,0.0,0.0,0.0,0.0,0.0,0.0,0.0,0.0,0.0,0.0,0.0,0.0,0.8495446623941587,0.25932376751958449,225.5319735950093,267.7757517978257,4401.969493399347,0.1073018138817301,0.016376955720654779,214.52010849653233,254.20551092758064,4409.100023439375,1.0371381633311448,0.19598226820316423,185.3555746403856,220.2477969161735,3541.2782089174654,0.2126754526639908,0.04018810518971858,12.224013337466707,14.525618501713045,235.9981373039772,0.0,0.0,9.148618282699088,10.948170248498359,137.4331889442889,0.0,0.0,90.37352164423018,106.76405292514451,2014.7880950868792,0.0,0.0,238.44748964976228,283.6930732033296,4367.946831038642,0.0,0.0,32.425144282883049,38.79730990987785,489.89314171008439,0.0,0.0,108.24689707413285,129.1222788732537,1823.763440785899,34.166673790129838,23.433932640692626,191.89899507697704,228.81537553932805,3850.0486978061878,0.0,0.0,133.72645745563558,159.24994197945242,2382.5978804514836,0.0,17.308394074460798,36.24260545136194,22.0,30.0,0.0,17.876127527713249,34.94613730922543,16.0,30.0,0.0,17.07849446037107,36.78669568804271,22.0,30.0,0.0,17.066608430823356,36.84823934040905,16.0,30.0,0.0,15.025473913122005,41.98034538928091,12.0,30.0,0.0,18.76702754998726,33.10552157461002,16.0,30.0,0.0,16.709420996637886,37.689213120590149,10.0,30.0,0.0,15.069235775263426,41.86745234875227,12.0,30.0,0.0,15.955911249403693,39.552181301354597,12.0,30.0,0.0,16.07805383266891,0.0,0.0,0.0,16.43834198953449,0.0,0.0,454.67860378012497,452.96623670361307,454.83103150104219,460.39433443052408,476.42012533246727,471.8902529216292,470.5583654143728,474.40979492723849,473.9052931611695,0.0,80.56293362350063,80.56293362350063,60.0,0.0,60.0,60.0,16.0,16.0,16.0,12.0,12.0,12.0,21.0,10.0,0.0,0.0,0.0,0.0,0.0,0.0,0.0,0.0,0.0,0.0,0.0,0.0,0.0,80.56293362350063,80.56293362350063,0.0,0.0,0.0,80.56293362350063,0.0,0.0,0.0007466666666666667 
 03/23  14:30:00,7.64,67.0,7.085,146.0,536.0,0.0,0.0,0.0,0.0,0.0,0.0,0.0,0.0,0.0,0.0,701.0,0.0,1911.2206319133885,70.11105053628845,179.6586444554622,57.30738665500141,1525.3288034477367,0.0,70.11105053628842,95.84712153515489,0.0,0.0,17.03465319199919,188.56544323977324,19.2561869115358,-895.9385021110647,16.87922352299394,59.09186017176853,17.134649900545079,-6.751190938288744,14.875914733880557,28.17473292947841,19.56414488180514,-386.0175231205071,16.194146915175219,170.95497347698893,14.857874867976527,88.68914051190245,15.85658286256265,94.72655414902829,413.08925106115569,78.4807832159986,0.0,0.0,0.0,0.0,0.0,0.0,0.0,0.0,0.0,0.0,0.0,0.0,0.0,0.0,0.0,0.0,0.0,0.0,0.0,0.0,0.0,0.0,0.8859861167206253,0.27044753257650347,256.31182836669947,304.2040704175644,5058.672787857942,0.08673221497242165,0.013237517547683403,261.1523132839251,309.5901391727423,5309.709769189577,1.0155356437670374,0.19190015944199505,157.43583903248334,187.11258349659534,2992.2555478723609,0.20753785051625307,0.03921728089876285,11.769441494992144,13.985960168385507,227.1074944233486,0.0,0.0,8.938989341734777,10.696741462063365,134.59363697322346,0.0,0.0,91.07421977215602,107.57584714770809,2038.5186562821066,0.0,0.0,238.06271829073757,283.2432651944349,4358.369087269755,0.0,0.0,32.479519938141347,38.863903138205667,490.1479084118055,0.0,0.0,109.62091996175731,130.75848463265914,1848.8033042652047,33.982123069496399,23.307354643001653,225.2868560732763,268.51366494720977,4478.796517833472,0.0,0.0,135.23788770231458,161.0381265800442,2415.79373673471,0.0,17.450348091496364,35.90091431202252,22.0,30.0,0.0,17.78986594709079,35.09552962399166,16.0,30.0,0.0,17.04603722908958,36.85044065406018,22.0,30.0,0.0,17.086004819273044,36.794070121749339,16.0,30.0,0.0,15.069672203197417,41.86409997691454,12.0,30.0,0.0,18.8400074545148,32.9532052158548,16.0,30.0,0.0,16.730550576515197,37.63856392930823,10.0,30.0,0.0,15.086977610536256,41.8200329370238,12.0,30.0,0.0,15.991324100016595,39.46242370872472,12.0,30.0,0.0,16.229563683964064,0.0,0.0,0.0,16.488706147132718,0.0,0.0,453.5668841986279,451.86392088746916,455.2151785550434,460.9763928633341,474.49382621858907,469.68522869935478,469.60307020439896,473.178626659354,472.6733255887658,0.0,80.56293362350063,80.56293362350063,60.0,0.0,60.0,60.0,16.0,16.0,16.0,12.0,12.0,12.0,21.0,10.0,0.0,0.0,0.0,0.0,0.0,0.0,0.0,0.0,0.0,0.0,0.0,0.0,0.0,80.56293362350063,80.56293362350063,0.0,0.0,0.0,80.56293362350063,0.0,0.0,0.0007633333333333333 
 03/23  14:40:00,7.666666666666666,66.66666666666667,7.083333333333334,140.16666666666667,524.5,0.0,0.0,0.0,0.0,0.0,0.0,0.0,0.0,0.0,0.0,701.0,0.0,1864.8320250962802,67.4639404076774,172.8754309169215,55.91642781013811,1488.3063433770847,0.0,67.46394040767737,92.22832129934038,0.0,0.0,16.958188034181867,106.55670898410608,19.35270431328746,-720.7657810153405,16.898998931667856,110.68316930772653,17.134898109596337,-10.193371232613345,14.91573121065316,28.731921308511234,19.61788986876132,-397.01199049042637,16.238471091426,181.3497908844247,14.86923063231993,92.04305410676261,15.883524213814552,96.45558576985059,376.3839503805484,75.41364177048036,0.0,0.0,0.0,0.0,0.0,0.0,0.0,0.0,0.0,0.0,0.0,0.0,0.0,0.0,0.0,0.0,0.0,0.0,0.0,0.0,0.0,0.0,0.8405713030564794,0.2565846468426372,238.66311148560667,283.45670274581286,4618.392558346407,0.10919804252320453,0.016666367906472,206.90391134489065,245.15622575551147,4267.784269597352,1.0602935919502772,0.20035782160814015,212.3733545320108,252.38360560963103,4042.627867817722,0.2115788890577931,0.039980893623921587,26.674513802048336,31.700672169017474,508.77533717402539,0.0,0.0,9.167033556057526,10.969196939917817,138.2753855467973,0.0,0.0,91.76399505030483,108.38300606987251,2058.1003585481428,0.0,0.0,240.06789580874455,285.5954018885325,4412.397868324859,0.0,0.0,32.94954636837451,39.42766458809959,496.7679103673139,0.0,0.0,108.54130659611769,129.46929620503244,1831.8175379281357,33.810142614102208,23.189398226407556,205.5811352179225,245.1298777487088,4080.6105454967266,0.0,0.0,134.32374222086933,159.9472139555561,2401.2885320258167,0.0,17.27814975740376,36.250376048354628,22.0,30.0,0.0,17.967099206344839,34.68839512549381,16.0,30.0,0.0,17.10174242455075,36.70648730200881,22.0,30.0,0.0,17.092696099535936,36.75899573049286,16.0,30.0,0.0,15.110029285206034,41.75727442145232,12.0,30.0,0.0,18.89010909068896,32.848059586046328,16.0,30.0,0.0,16.79421666515703,37.48163203055137,10.0,30.0,0.0,15.106290010379487,41.76775982069383,12.0,30.0,0.0,16.023679851464747,39.38055981324356,12.0,30.0,0.0,16.138992303804437,0.0,0.0,0.0,16.522266781583214,0.0,0.0,452.3817317247868,450.5100185162569,454.48395878853247,459.47500451068,472.7634458644252,468.7422556093194,467.86286879823157,471.21926034103316,470.7798070388892,0.0,80.56293362350063,80.56293362350063,60.0,0.0,60.0,60.0,16.0,16.0,16.0,12.0,12.0,12.0,21.0,10.0,0.0,0.0,0.0,0.0,0.0,0.0,0.0,0.0,0.0,0.0,0.0,0.0,0.0,80.56293362350063,80.56293362350063,0.0,0.0,0.0,80.56293362350063,0.0,0.0,0.00078 
 03/23  14:50:00,7.693333333333333,66.33333333333333,7.081666666666667,134.33333333333335,513.0,0.0,0.0,0.0,0.0,0.0,0.0,0.0,0.0,0.0,0.0,701.0,0.0,1815.2170502575239,64.78691626478694,166.01556355908574,54.42872789572787,1448.7089534334985,0.0,64.78691626478691,88.5686263380823,0.0,0.0,17.084353924487816,214.52534092807037,19.28258093586677,-943.870764305695,16.861224571618267,48.86364721840437,17.135471976862264,-4.660270913908562,14.951485142147078,27.835374068901957,19.66352732378715,-392.5788479989492,16.251449923727944,170.04894074268305,14.878630031640686,92.8924534384563,15.909849147561829,99.47027380036389,425.85292209982256,83.52207406454272,0.0,0.0,0.0,0.0,0.0,0.0,0.0,0.0,0.0,0.0,0.0,0.0,0.0,0.0,0.0,0.0,0.0,0.0,0.0,0.0,0.0,0.0,0.9008277250856488,0.2749779380603324,278.5381095512285,330.5595556479647,5512.316772283055,0.07248704110713808,0.011063345712322662,285.2576503553314,338.2376902511977,5770.237804576034,1.0110424476714566,0.19105110500216497,145.2259166994116,172.6443106468743,2743.48463132042,0.20549981414726344,0.038832164426920518,11.386360554538877,13.532800339670596,218.96750645857299,0.0,0.0,8.773998655922095,10.498756636547304,132.45585138451203,0.0,0.0,92.13008105205728,108.80761645282314,2070.586033827624,0.0,0.0,238.48553330315077,283.7421090323964,4370.93591087122,0.0,0.0,32.80917599051415,39.26163380893016,493.89557857393376,0.0,0.0,110.90198405096717,132.28391207390016,1872.8161234133593,33.60727737782018,23.05025883252414,249.84217358674966,297.7470419261064,4919.153397471632,0.0,0.0,136.76651247024527,162.85147451576567,2447.867288104461,0.0,17.533461004511684,35.65411764721029,22.0,30.0,0.0,17.790210656107779,35.047401871763138,16.0,30.0,0.0,17.035472495150424,36.81407609294311,22.0,30.0,0.0,17.101980776940346,36.72792912054349,16.0,30.0,0.0,15.142948580420203,41.668690551472227,12.0,30.0,0.0,18.94087250901093,32.7380266682314,16.0,30.0,0.0,16.794132042105379,37.47429028404906,10.0,30.0,0.0,15.121192142101318,41.727535063793109,12.0,30.0,0.0,16.055617302982819,39.29946995070831,12.0,30.0,0.0,16.32368379390073,0.0,0.0,0.0,16.559775527649604,0.0,0.0,450.9864484240419,450.53923862359349,452.9325076734882,459.560679714069,471.16611744577366,466.8510661126954,466.8208919719095,469.98031772166538,469.5525535338165,0.0,80.56293362350063,80.56293362350063,60.0,0.0,60.0,60.0,16.0,16.0,16.0,12.0,12.0,12.0,21.0,10.0,0.0,0.0,0.0,0.0,0.0,0.0,0.0,0.0,0.0,0.0,0.0,0.0,0.0,80.56293362350063,80.56293362350063,0.0,0.0,0.0,80.56293362350063,0.0,0.0,0.0007866666666666667 
 03/23  15:00:00,7.72,66.0,7.08,128.5,501.5,0.0,0.0,0.0,0.0,0.0,0.0,0.0,0.0,0.0,0.0,1402.0,0.0,1762.6101051478957,62.08119156037984,159.08215212783564,52.851315254898988,1406.7237044062566,0.0,62.08119156037981,84.86969553330495,0.0,0.0,17.020853174929515,127.44960652130612,19.333102910011215,-765.2288317012904,16.875331790484638,102.72578636170283,17.124251961009106,-17.249467275707759,14.98273089283901,28.629555347081067,19.690664527484214,-396.21088017754848,16.288859125203964,182.7283707683332,14.887258780939558,96.10723854976112,15.931180625207244,101.97422761308917,401.0686490337325,86.55025396917836,0.0,0.0,0.0,0.0,0.0,0.0,0.0,0.0,0.0,0.0,0.0,0.0,0.0,0.0,0.0,0.0,0.0,0.0,0.0,0.0,0.0,0.0,0.8604332339418279,0.2626475073082503,263.9012072069335,313.93401975806048,5129.125963047332,0.09571484617604718,0.014608493006112209,232.58604494114264,276.10021143018767,4744.043192725864,1.0473937060879746,0.19792020145275414,198.33060119885745,236.28748276235684,3748.2538908622648,0.21117072874808613,0.03990376582541308,22.49502334193046,26.81131665228927,426.8895644817863,0.0,0.0,8.984148294778109,10.770276003259426,135.56170276473598,0.0,0.0,92.39748905916744,109.3223053267066,2075.7017715405038,0.0,0.0,240.16147785004058,286.2341538531217,4411.328519686452,0.0,0.0,33.292366457261838,39.91430885401585,500.16101179599698,0.0,0.0,109.94361871577203,131.37743997900282,1855.2566982381846,33.43986994312589,22.935438918467697,240.22286652863705,286.86951183701339,4707.178195079882,0.0,0.0,135.9809490094774,162.2123978945461,2430.4707489052145,0.0,17.377455051045815,35.96314111073722,22.0,30.0,0.0,17.912452957068468,34.735176177929037,16.0,30.0,0.0,17.080809707185556,36.680815161007249,22.0,30.0,0.0,17.087800888312793,36.72319300950885,16.0,30.0,0.0,15.168079017918494,41.59861515997332,12.0,30.0,0.0,18.965553886321869,32.677614378862518,16.0,30.0,0.0,16.843965132935268,37.342228300119717,10.0,30.0,0.0,15.134500734959915,41.68608894641915,12.0,30.0,0.0,16.07802238628148,39.235314938546739,12.0,30.0,0.0,16.273088224138286,0.0,0.0,0.0,16.576124598465009,0.0,0.0,450.66088775261985,449.4300620362382,452.0280370967455,457.4118225242437,469.82930884947236,465.374445510991,464.7288041633758,468.37263996100259,467.720905899588,0.0,80.56293362350063,80.56293362350063,60.0,0.0,60.0,60.0,16.0,16.0,16.0,12.0,12.0,12.0,21.0,10.0,0.0,0.0,0.0,0.0,0.0,0.0,0.0,0.0,0.0,0.0,0.0,0.0,0.0,80.56293362350063,80.56293362350063,0.0,0.0,0.0,80.56293362350063,0.0,0.0,0.0007933333333333334 
 03/23  15:10:00,7.776666666666667,65.0,7.055,122.66666666666667,490.0,0.0,0.0,0.0,0.0,0.0,0.0,0.0,0.0,0.0,0.0,7020.0,0.0,1707.245483337576,59.348052724664089,152.07849336529328,51.19121510634213,1362.537583932316,0.0,59.34805272466406,81.13328753263306,0.0,0.0,18.142251831579839,-761.3850208546279,19.577862497834795,145.80840678095547,18.357435679575965,-2097.779754487791,17.435244932068455,960.0001905881788,15.01592774194144,35.14189117601855,19.71795202200174,-370.82151479944266,16.383508075974139,297.8519560255763,14.897381033441441,102.98705863473384,15.95603421841657,121.68897966048104,687.4271964189862,122.9883601274577,0.0,0.0,0.0,0.0,0.0,0.0,0.0,0.0,0.0,0.0,0.0,0.0,0.0,0.0,0.0,0.0,0.0,0.0,0.0,0.0,0.0,0.0,0.958872231559866,0.2926960413796904,308.50564856519488,365.23431524820139,7013.427947760889,0.2242246737299062,0.03422232505035199,236.87939662153577,281.04843194726967,5070.239454248162,0.8920360558003913,0.16856312467883442,468.27561712021159,553.6671982960053,10928.813706658333,0.3015354071239473,0.05697947980422284,362.27625678103137,430.75384750760028,7298.662496889657,0.0,0.0,10.338786205819478,12.41001828743213,155.42986138994767,0.0,0.0,88.53766976335574,104.90935389623549,1984.9064713892659,0.0,0.0,264.1259769575404,315.06280271352088,4908.425391019465,0.0,0.0,34.813055781528188,41.79676563281904,520.0627408262373,0.0,0.0,121.29462422626738,145.13362654309126,2040.1133547062632,34.37257485299489,23.57515422016111,585.9659634812564,697.9173595591609,11870.53787639122,0.0,0.0,148.3091500787708,177.14210314854032,2648.641955422954,1994.3991425948378,19.047142605094146,32.32536180768413,21.999999999999998,30.0,0.0,18.402661718173336,33.65049760440507,15.999999999999999,30.0,4430.989573657979,19.27453167659771,31.88669324025115,21.999999999999998,30.0,0.0,17.72123384519723,35.15883758877262,15.999999999999999,30.0,0.0,15.197907907118193,41.50403386236824,12.0,30.0,0.0,19.002225819981577,32.57469692366423,15.999999999999999,30.0,0.0,17.0084003471522,36.897993108193748,10.0,30.0,0.0,15.150225160407253,41.62060381841752,12.0,30.0,0.0,16.10811079126123,39.12884270403708,15.999999999999999,30.0,0.0,17.193252989114315,0.0,0.0,0.0,16.62571950198659,0.0,0.0,450.38678578582798,450.1070675878956,450.2241951054206,451.77357656026649,467.79668048355679,462.87439237327757,461.16767166273157,465.81641680252548,464.6675907235793,10470.232818217428,81.08171032725889,85.25581003074248,60.0,0.0,60.0,60.0,16.0,16.0,16.0,16.0,12.0,12.0,21.0,10.0,1.0,0.0,1994.3991425948378,0.0,4430.989573657979,0.0,0.0,0.0,0.0,0.0,6317.000649133751,3790200.3894802506,4936113.940901478,81.08171032725889,85.32670010076767,0.34656668830445838,0.7671001959511166,0.3602813740196596,85.32670010076767,0.3542647819438876,4936113.940901478,0.2574779249268768 
 03/23  15:20:00,7.833333333333334,64.0,7.03,116.83333333333333,478.5,0.0,0.0,0.0,0.0,0.0,0.0,0.0,0.0,0.0,0.0,2106.0,0.0,1649.3576969093609,56.588853503239729,145.00805650021267,49.45545921996143,1316.3377540327247,0.0,56.5888535032397,77.36125300893578,0.0,0.0,18.9039386641709,-1193.14679080827,20.23267331711473,129.4325542720768,19.250571544292204,-3141.211297835496,18.20399329065852,770.7704869791726,15.063059971562798,39.80395358336781,19.767842503744516,-341.9583915313821,16.595501648694776,279.04878042786666,14.919740184776473,110.69026788942168,16.002017276986483,138.54115874964658,844.1827636975731,167.827436707296,0.0,0.0,0.0,0.0,0.0,0.0,0.0,0.0,0.0,0.0,0.0,0.0,0.0,0.0,0.0,0.0,0.0,0.0,0.0,0.0,0.0,0.0,1.0603597403322498,0.32367513441155357,345.5439093474568,407.38378259906235,8535.101853295548,0.26808169410986995,0.040916009479528368,272.66846697037377,322.25558565322356,6347.704907049898,0.9363101277853468,0.17692935143336109,522.7434201477906,615.6576645777956,13246.447122266945,0.32293221271583097,0.06102271593269667,407.68989275148109,482.78572915501,9067.503900739723,0.0,0.0,10.969849875790296,13.15640472986276,164.81700265608289,0.0,0.0,85.44363127377896,101.13905737544806,1919.8193964882235,0.0,0.0,283.9337911224445,338.0933514842613,5416.05793087231,0.0,0.0,36.829817169464408,44.17992281253206,548.6970143911746,0.0,0.0,135.15272121625348,161.5638227848271,2275.5128228105525,35.05006652239962,24.039826147050495,671.8249722430649,798.0267640768916,14456.637664004102,0.0,0.0,164.29082422285934,196.021064935202,2948.5264275995216,1846.0582675006027,20.22346909816591,29.99870518751439,21.999999999999994,29.99999999999999,0.0,19.50528497662323,31.38649283290598,15.999999999999993,29.99999999999999,4177.890873166384,20.61145008590269,29.276942084512638,21.999999999999994,29.99999999999999,0.0,18.980369304451217,32.42258397091322,15.999999999999993,29.99999999999999,0.0,15.250185884083729,41.32708939519271,11.999999999999995,29.99999999999999,0.0,19.084660224183588,32.37639453948036,15.999999999999993,29.99999999999999,0.0,17.320456230191547,36.14287092409301,9.999999999999997,29.99999999999999,0.0,15.18588181420473,41.477665930760938,11.999999999999995,29.99999999999999,0.0,16.173065525656559,38.92307739393196,15.999999999999993,29.99999999999999,0.0,18.060801230132176,0.0,0.0,0.0,16.72649606496013,0.0,0.0,450.2363585386415,450.59808912702877,449.6069288129363,450.24364719127166,464.6204233577812,460.7919535616313,459.2540154638307,462.47938132514198,461.70764581955998,12840.070558914264,79.5137211389173,87.85828166030696,59.99999999999998,0.0,59.99999999999998,59.99999999999998,16.0,16.0,16.0,16.0,12.0,12.0,21.0,10.0,1.0,0.0,1846.0582675006027,0.0,4177.890873166384,0.0,0.0,0.0,0.0,0.0,12625.645189333816,7575387.113600291,9871757.724805125,79.5137211389173,87.99999999999997,0.42085483964446049,0.7674070129182822,0.36028137401965945,87.99999999999997,0.35426478194388735,9871757.724805125,0.5141647350231997 
 03/23  15:30:00,7.890000000000001,63.0,7.005,111.0,467.0,0.0,0.0,0.0,0.0,0.0,0.0,0.0,0.0,0.0,0.0,2808.0,0.0,1589.1820391296442,53.80500631476336,137.8744611015847,47.65110278813689,1268.3120001726605,0.0,53.80500631476333,73.55552284559883,0.0,0.0,19.482870878294855,-997.7145152382691,20.705782451818185,237.747162273115,19.881348002099779,-3119.3243706941186,18.721162692799376,976.3994150481058,15.110521130303227,46.04332221905655,19.82624610205222,-298.78498654807188,16.764411873433287,313.20429876109486,14.951484736752033,125.3876238079996,16.05968102012416,176.16862249212933,1034.9495691954308,244.08782854746915,0.0,0.0,0.0,0.0,0.0,0.0,0.0,0.0,0.0,0.0,0.0,0.0,0.0,0.0,0.0,0.0,0.0,0.0,0.0,0.0,0.0,0.0,1.1840524831383493,0.361432381910363,360.04356056587985,423.4983076750415,9411.2771806549,0.2928709034310777,0.04469946633563457,280.89278600870377,331.27562628237498,6910.418685921555,1.0140425176689159,0.19161801165323437,560.1097702568287,658.0341514393318,15008.772466355156,0.3361113020408213,0.06351309562373794,412.62245170912908,487.430132695533,9781.036455194868,0.0,0.0,11.409246333723914,13.686855390783017,171.26232984999317,0.0,0.0,82.18604106073576,97.28804118744697,1853.644420054848,0.0,0.0,303.7359271890115,361.51912395768957,5907.327670660802,0.0,0.0,39.31492239084804,47.17326540191805,585.048798054143,0.0,0.0,151.62206736251705,181.28172140079094,2560.4818272950399,35.78982235184527,24.54720325915314,685.4274721547705,812.0218147739628,15906.663022802188,0.0,0.0,183.5681502246045,219.01954623955855,3321.6609172939017,1877.655819634521,21.040604669350249,28.476512361618889,22.0,30.0,0.0,20.262304177573026,29.90347140528992,16.0,30.0,4230.705522162672,21.414079073081344,27.81346429501088,22.0,30.0,0.0,19.798985330018746,30.755740585071565,16.0,30.0,0.0,15.30112663863399,41.156481280035198,12.0,30.0,0.0,19.187542541237048,32.13692767820676,16.0,30.0,0.0,17.57306005075168,35.5241652592058,10.0,30.0,0.0,15.234975474960715,41.30415936271152,12.0,30.0,0.0,16.25713916113471,38.67269671565505,16.0,30.0,0.0,18.955011170134854,0.0,0.0,0.0,16.862022095099215,0.0,0.0,449.56892267238916,450.1235832721739,448.92910311726726,449.510217292425,462.19823833770075,458.797652620148,457.16863232388558,460.1267669899953,459.39597888685048,11442.399888480788,80.43864424331906,87.87372760179032,60.0,0.0,60.0,60.0,16.0,16.0,16.0,16.0,12.0,12.0,21.0,10.0,1.0,0.0,1877.655819634521,0.0,4230.705522162672,0.0,0.0,0.0,0.0,0.0,11251.315204505172,6750789.122703102,8823077.232187018,80.43864424331906,88.0,0.37504384015017236,0.7651870385318027,0.36028137401965956,88.0,0.3542647819438875,8823077.232187018,0.45966668274039165 
 03/23  15:40:00,7.946666666666667,62.0,6.9799999999999999,105.16666666666666,465.6666666666667,0.0,0.0,0.0,0.0,0.0,0.0,0.0,0.0,0.0,0.0,7020.0,0.0,1552.3846734396316,51.261322384448337,131.35629941166185,46.54773636213727,1238.9442479437692,0.0,51.261322384448309,70.07811406408678,0.0,0.0,19.885924557491497,-1205.2006300489348,21.122187046593159,277.402359865928,20.119483419193946,-1798.7648830127503,19.146213545906599,764.7559932005269,15.162935650211943,52.15943931443884,19.902810407543947,-253.95242026237293,16.957422761236829,362.2406213270447,15.751035886120466,26.76698579919077,16.1383152724268,232.99002815422794,1135.5288752981999,326.80148914849158,0.0,0.0,0.0,0.0,0.0,0.0,0.0,0.0,0.0,0.0,0.0,0.0,0.0,0.0,0.0,0.0,0.0,0.0,0.0,0.0,0.0,0.0,1.2540931713571387,0.38281232336909018,379.5943702290328,446.0190069479529,10248.724152787187,0.28881294758903849,0.044080120205897219,251.16007318895317,295.9329795128304,6435.926550609087,1.1556062612636505,0.21836853009517227,441.39000938687078,518.6754383584688,12027.235252361923,0.33279127963584129,0.06288572933405921,361.2336573579114,426.26738527743927,8931.580037215532,0.0,0.0,11.63117840112739,13.959947432809062,174.5380577488511,0.0,0.0,78.18702913590833,92.5774110563317,1772.8644962039269,0.0,0.0,310.87630563631748,369.9147130995056,6181.435757769257,0.0,0.0,26.728371880332923,31.973922947709803,458.13784012335329,0.0,0.0,170.13299957387884,203.4613280458665,2892.5733212011457,36.174734009600317,24.811203024417244,604.3680577265485,715.2405990503067,14794.167480768627,0.0,0.0,193.7732010914525,231.2383781769139,3540.1109114044859,1839.678981742221,21.555442859505303,27.464626911012198,22.000000000000005,30.00000000000001,0.0,20.891964134942169,28.66001534561515,16.000000000000005,30.00000000000001,2432.224797064247,21.60227533932947,27.3874730905203,21.60000000000001,30.00000000000001,0.0,20.395584002081536,29.52679349028361,16.000000000000005,30.00000000000001,0.0,15.357038750708944,40.956220864327509,12.000000000000004,30.00000000000001,0.0,19.309664426291659,31.83093664758025,19.000000000000008,30.00000000000001,0.0,17.85821779085851,34.79753467899974,10.000000000000004,30.00000000000001,843.4541635694195,16.561249687582728,37.91137504500338,16.700000000000008,30.00000000000001,0.0,16.373267841641,38.30955327311882,16.000000000000005,30.00000000000001,0.0,19.539905930127298,0.0,0.0,0.0,17.011167019760916,0.0,0.0,448.0229963376849,448.8610180817919,447.763189900602,448.337213126984,459.7289799445289,456.2449338187527,454.4881231309566,457.85021536978197,456.52381115900308,10175.111298136711,81.27690535116612,83.32945899893196,60.00000000000002,0.0,60.00000000000002,60.00000000000002,16.0,16.0,19.0,16.0,16.0,12.0,21.0,10.0,1.0,0.0,1839.678981742221,0.0,2432.224797064247,0.0,0.0,0.0,843.4541635694195,0.0,3106.348852216627,1863809.3113299737,2422357.6647831045,81.27690535116612,83.3643181738815,0.34154496174055429,0.7683595421807346,0.3602813740196597,83.3643181738815,0.3542647819438877,2422357.6647831045,0.12686259856872149 
 03/23  15:50:00,8.003333333333334,61.0,6.955,99.33333333333334,464.33333333333339,0.0,0.0,0.0,0.0,0.0,0.0,0.0,0.0,0.0,0.0,2106.0,0.0,1512.8886873471325,48.666803928548997,124.70787513007189,45.36345293440466,1207.422753548281,0.0,48.66680392854897,66.53121063209392,0.0,0.0,20.100673734610348,-1027.1444575688998,21.41163198824546,136.49949917672419,20.046514014831023,-1941.4312178339245,19.325318218971988,840.2549912816872,15.2220878185163,53.0911909727631,19.991246588808396,-254.33782547327784,17.0924187646445,324.7243841057743,15.660964920114548,40.61932689619447,16.23129213799239,214.7426722221773,1161.2223203570744,349.71422590220149,0.0,0.0,0.0,0.0,0.0,0.0,0.0,0.0,0.0,0.0,0.0,0.0,0.0,0.0,0.0,0.0,0.0,0.0,0.0,0.0,0.0,0.0,1.2759210755624729,0.38947529779074299,312.9461096048176,367.2612853817915,8508.700120203597,0.283940727726504,0.04333649690575461,230.60787603538234,271.01052650835029,6072.7710805023639,1.1530689678685993,0.21788907178167059,454.2156207435032,533.0425542802482,12354.564021508755,0.3432416354355249,0.06486047532795258,385.93324191964907,454.5847317546371,9660.677340141487,0.0,0.0,11.643241699221676,13.960660080224774,174.94767061791786,0.0,0.0,77.4901407007885,91.63707234986423,1769.6498777047103,0.0,0.0,313.1535112495451,372.130887489056,6295.164717408781,0.0,0.0,27.327064346577413,32.659953869442848,458.35266230278037,0.0,0.0,170.89710139220348,204.15283328636157,2930.11263217245,36.14192118972457,24.788697660990818,607.8366899909122,718.0620768067797,15049.581856425979,0.0,0.0,196.55619878010993,234.3295124926264,3598.7006663357799,1748.1084112462573,21.722084216313009,27.13631914387446,22.000000000000019,30.00000000000002,0.0,21.287783094758305,27.90618043815646,16.000000000000015,30.00000000000002,2439.4717753967977,21.67179850350948,27.20729422118879,21.666666666666687,30.00000000000002,0.0,20.60327399912587,29.0850550307698,16.000000000000015,30.00000000000002,0.0,15.423202713876567,40.70536732572871,12.00000000000001,30.00000000000002,0.0,19.449733475720565,31.491657052911934,19.000000000000015,30.00000000000002,0.0,18.027000915626567,34.378547824055008,10.000000000000007,30.00000000000002,0.0,16.32652058559121,38.39405547130047,16.000000000000015,30.00000000000002,0.0,16.505103988720849,37.921136817743079,16.000000000000015,30.00000000000002,0.0,19.754481948504279,0.0,0.0,0.0,17.08816098003593,0.0,0.0,447.51363834823698,448.0988469892202,446.95621658172237,447.58934932694128,457.09963188196209,454.3136924145265,453.25335379276739,455.7038622686763,454.7083771547309,9108.897738544954,81.98195620934364,81.98195620934364,60.00000000000004,0.0,60.00000000000004,60.00000000000004,16.0,16.0,19.0,16.0,16.0,12.0,21.0,10.0,1.0,0.0,1748.1084112462573,0.0,2439.4717753967977,0.0,0.0,0.0,0.0,0.0,0.0,0.0,0.0,81.98195620934364,81.98195620934364,0.3400000000000003,0.7700085652345812,0.3602813740196598,81.98195620934364,0.3542647819438878,0.0,0.00091 
 03/23  16:00:00,8.06,60.0,6.93,93.5,463.0,0.0,0.0,0.0,0.0,0.0,0.0,0.0,0.0,0.0,0.0,2106.0,0.0,1470.7703712728549,46.0215795992872,117.92951807588638,44.10054005572466,1173.808403771818,0.0,46.02157959928718,62.91498842696127,0.0,0.0,19.94255243728869,-691.0542394583916,21.47017696999341,-131.42886645717449,20.105366392456,-1783.491093329641,19.44651254482869,634.5097535062595,15.276283995119325,53.46614274359824,20.052628257772957,-249.4256707170809,17.17095616354975,296.1378517164712,15.895879503588568,30.30886608718256,16.296010828119166,210.76893603927619,1098.3354492616584,381.3461794259807,0.0,0.0,0.0,0.0,0.0,0.0,0.0,0.0,0.0,0.0,0.0,0.0,0.0,0.0,0.0,0.0,0.0,0.0,0.0,0.0,0.0,0.0,1.2289502915715354,0.37513745163966319,291.84941993934947,342.7067834504406,7813.072699696757,0.2520581523361105,0.03847041397071287,231.73439483266444,272.41906278037006,6066.053438465202,1.2083918861961716,0.2283431379811362,419.8833689738866,492.83017935901207,11282.764212567059,0.3418779217837742,0.06460278189413726,367.1921799977506,432.4622330037535,9194.73733319149,0.0,0.0,11.472207460912257,13.754249827952095,172.33543499275243,0.0,0.0,77.31911672958631,91.41676106742288,1771.0463077552323,0.0,0.0,312.0811805440707,370.8209417754158,6278.354552573683,0.0,0.0,30.866613608216448,36.87310598877468,533.9260856070214,0.0,0.0,169.77392767520815,202.76464345094966,2919.291856569912,35.81657340702767,24.565551033626688,568.3672791504364,671.5661610090369,14006.058129171943,0.0,0.0,196.82525423564233,234.6416767219235,3599.8538859374104,1091.8456465854136,21.540792279964486,27.31980481123143,21.666666666666687,30.00000000000002,0.0,21.265808221676616,27.775003123668204,16.000000000000015,30.00000000000002,2567.286489132831,21.67013324219472,27.01626206930355,21.666666666666687,30.00000000000002,0.0,20.663408172608024,28.798596270944779,16.000000000000015,30.00000000000002,0.0,15.47857281470846,40.479660435443559,12.00000000000001,30.00000000000002,0.0,19.543519771587577,31.227661979942434,19.000000000000015,30.00000000000002,0.0,18.09255398433579,34.12472893947568,10.000000000000007,30.00000000000002,556.8439790378897,16.690372426671915,37.43056250239746,16.333333333333348,30.00000000000002,0.0,16.587462073587014,37.61358512505304,16.000000000000015,30.00000000000002,0.0,19.680097019327066,0.0,0.0,0.0,17.136002678806343,0.0,0.0,446.413545747586,446.3469444755831,444.9940728078436,445.9235840158698,455.01854245833388,452.37314229825798,451.1871181387097,453.3732463263238,452.4529917284259,9302.59734069614,81.85391401286552,81.85391401286552,60.00000000000004,0.0,60.00000000000004,60.00000000000004,16.0,16.0,19.0,16.0,16.0,12.0,21.0,10.0,1.0,0.0,1091.8456465854136,0.0,2567.286489132831,0.0,0.0,0.0,556.8439790378897,0.0,0.0,0.0,0.0,81.85391401286552,81.85391401286552,0.3400000000000003,0.7712225793621013,0.3602813740196598,81.85391401286552,0.3542647819438878,0.0,0.00092 
 03/23  16:10:00,7.961666666666668,59.33333333333333,6.738333333333333,87.66666666666666,461.6666666666667,0.0,0.0,0.0,2.0,0.0,0.0,0.0,0.0,0.0,4.0,2808.0,0.0,1426.1130208399214,43.32588686802207,111.02183691378044,42.761495324582458,1138.1676761786308,0.0,43.325886868022049,59.22977209004057,0.0,0.0,19.980485528681326,-802.5819059691526,21.58641613208386,-3.5727605380316165,20.41038849860243,-1429.6071992163516,19.568088646902539,603.0283521126316,15.32563017161482,51.106713528638199,20.252658603766169,-78.6140272174257,17.145648567889489,225.24082487712895,15.871121583865567,27.507887210521859,16.339277627979788,183.27369183566703,1092.981670747914,359.7802550747556,0.0,0.0,0.0,0.0,0.0,0.0,0.0,0.0,0.0,0.0,0.0,0.0,0.0,0.0,0.0,0.0,0.0,0.0,0.0,0.0,0.0,0.0,1.3470097083319926,0.41117512464346536,219.53989226700583,257.916749732948,5910.970252589048,0.2704746354701407,0.04128123251986275,149.5026648778997,175.65536393992634,3997.434531692463,1.1732418730343668,0.2217010342090641,331.5788167640519,389.2209476076894,9118.50971643895,0.325032271281558,0.06141955239636392,340.2473432788929,400.7896118895759,8675.37723582849,0.0,0.0,11.43809278694304,13.717044475589358,175.13454132092404,0.0,0.0,15.652178966209063,18.488463854889927,371.63353266776906,0.0,0.0,241.2447389077003,286.89121573096136,4849.2784548582899,0.0,0.0,25.609726795995426,30.599091951004597,444.4424953809785,0.0,0.0,163.30889981133405,195.1187963897985,2854.1825656784137,35.47262301413638,24.329645414359669,470.46670897609308,556.0823213368707,11883.20423383935,0.0,0.0,187.58612697196504,223.7619093297042,3453.97743961105,1388.8627565327964,21.530353083558933,27.27738050575269,21.75,30.0,0.0,21.436760152870439,27.4583988049007,16.0,30.0,1194.171359350317,21.805287462545246,27.286004176913694,21.5,30.0,0.0,20.79980459243948,28.80647151828181,16.0,30.0,0.0,15.52428299911816,40.27721625944713,12.0,30.0,0.0,19.874690597515064,31.975416045930957,19.0,30.0,0.0,17.98125519264862,34.251484385829218,10.0,30.0,0.0,16.57701870999571,37.61857085696892,16.0,30.0,0.0,16.63066701502816,37.438224133923629,16.0,30.0,0.0,19.754454678777014,0.0,0.0,0.0,17.096343909415915,0.0,0.0,449.34455185985396,447.8638126559051,480.52876985217167,466.0837018478845,453.32936227702876,541.3192686135558,449.89224342376289,452.2391400738371,451.54695582247828,9347.138559634932,81.8244149997791,83.55994503907044,1744.0,0.0,1744.0,1744.0,16.0,16.0,19.0,16.0,16.0,12.0,21.0,10.0,1.0,0.0,1388.8627565327964,0.0,1194.171359350317,0.0,0.0,0.0,0.0,0.0,2626.5250682675366,1575915.040960522,2041826.1419110515,81.8244149997791,83.58942010070195,0.3425508356089179,0.7687034580939158,0.36028137401965956,83.58942010070195,0.3542647819438875,2041826.1419110515,0.13320695937937469 
 03/23  16:20:00,7.863333333333333,58.66666666666667,6.546666666666667,81.83333333333333,460.3333333333333,0.0,0.0,0.0,2.0,0.0,0.0,0.0,0.0,0.0,4.0,2808.0,0.0,1379.0088810662524,40.580048915092728,103.98565993523106,41.349084682700418,1100.5741907494638,0.0,40.58004891509271,55.47600343335726,0.0,0.0,20.232281283758874,-1030.9813140334837,21.64402208580869,-88.690378668623,20.110620947254753,-825.8266980198723,19.430899487513999,310.47869358464279,15.370591941676189,47.96484319183425,20.493515963664977,-89.30020616917733,17.160384716166555,249.10466789948669,15.634820383036584,60.596898782684437,16.35048856146834,147.8846391565769,1046.6397400006654,347.3254465890934,0.0,0.0,0.0,0.0,0.0,0.0,0.0,0.0,0.0,0.0,0.0,0.0,0.0,0.0,0.0,0.0,0.0,0.0,0.0,0.0,0.0,0.0,1.1494992618901586,0.35088500057697155,302.7442800551735,355.82446336010789,8232.318444613904,0.23775373218287558,0.03628719966161105,225.99638680435388,265.7228516947128,6101.4001968911229,1.422709003457894,0.2688414594591637,265.53984839492866,312.3165388023625,7051.315318446662,0.32559521286557849,0.06152592835706318,281.25175670692286,331.64785255239476,7035.976760001363,0.0,0.0,11.409642185877053,13.68369963397047,177.8483142501173,0.0,0.0,15.868929770240595,18.72095154809035,391.0227764983724,0.0,0.0,236.95903085705855,281.82365209506818,4805.170660332478,0.0,0.0,33.71392328584876,40.35155246034209,563.643146260813,0.0,0.0,153.60508093608068,183.5320990462712,2711.7672514615067,34.76219898414914,23.842386134533024,485.12132694879838,573.7285968287762,12223.826644736502,0.0,0.0,182.49322013247537,217.73788058569665,3373.778038268079,1835.2403515772667,21.630452291075306,27.22703273426612,22.0,30.0,0.0,21.48306821755124,27.462880723364515,16.0,30.0,0.0,21.202329555143387,28.701902584844086,21.0,30.0,0.0,20.449059974686933,29.943760738796699,16.0,30.0,0.0,15.56309311894394,40.087303020723,12.0,30.0,0.0,20.247932965918055,32.82569604777312,19.0,30.0,0.0,17.972167502160226,34.23829249704169,10.0,30.0,0.0,16.140349839982045,38.58805928863217,16.0,30.0,0.0,16.618785162975358,37.39782513574967,16.0,30.0,0.0,19.677341884979819,0.0,0.0,0.0,17.028351176911145,0.0,0.0,468.38067762460397,463.34514279088696,513.9767170533628,503.7701631016541,453.601065234505,641.4825439170386,456.2613372031389,454.56453124345486,455.7217027028398,9505.487682341894,81.7197290014195,83.41565662227446,1744.0,0.0,1744.0,1744.0,16.0,16.0,19.0,16.0,16.0,12.0,21.0,10.0,1.0,0.0,1835.2403515772667,0.0,0.0,0.0,0.0,0.0,0.0,0.0,2566.650427181234,1539990.2563087405,1995234.1284277908,81.7197290014195,83.4444591033699,0.3405550142393745,0.767249490955465,0.36028137401965956,83.4444591033699,0.3542647819438875,1995234.1284277908,0.13155928578935623 
 03/23  16:30:00,7.765000000000001,58.0,6.355,76.0,459.0,0.0,0.0,0.0,2.0,0.0,0.0,0.0,0.0,0.0,4.0,702.0,0.0,1351.5368267190925,40.28238322130476,103.22278531675099,40.52533158984354,1078.6488528120709,0.0,40.28238322130474,55.069071862497768,0.0,0.0,20.52571819118706,-1307.8385529558073,21.748095305694613,19.437022066805186,20.0273342274769,-786.3417668241691,19.294241943689895,409.162734306361,15.423648233332166,48.48480052481233,20.71750830198137,-102.58214701456132,17.198213590014264,254.21768733300997,15.561474816886662,76.36808818228747,16.36994372501394,157.85747301654465,1004.199112360875,381.5283942015867,0.0,0.0,0.0,0.0,0.0,0.0,0.0,0.0,0.0,0.0,0.0,0.0,0.0,0.0,0.0,0.0,0.0,0.0,0.0,0.0,0.0,0.0,1.0517684513735886,0.32105264083442877,250.33394568640899,292.92241072009127,7076.6594511146699,0.2147619665613127,0.03277807792449827,153.5184490433163,179.85741454207224,4221.661393566912,1.8165913408273818,0.3432712284254313,272.0013408314217,319.3105486846455,7187.652859162222,0.3409775315108301,0.06443264011920447,290.9618196384187,342.52942135811937,7191.622367484317,0.0,0.0,11.526610488232376,13.786110411627549,183.29764761172133,0.0,0.0,15.862713840903903,18.630942426966958,404.83846012336695,0.0,0.0,245.59072061362125,291.3393876514182,5041.082686600584,0.0,0.0,36.12317531749577,43.14623256679437,601.8960566627853,0.0,0.0,159.38232440937896,189.95891364271115,2850.4756273846735,34.29536547214203,23.522198540563815,433.58638925075,511.5831900476055,10992.463727119364,0.0,0.0,190.09935368704428,226.24700903536854,3556.0082996368616,1907.6628588620097,22.009839332902908,26.737012828858548,22.0,30.0,0.0,21.643512849310356,27.381025440878728,16.0,30.0,83.09351006564046,21.00203598080768,29.136358604720525,21.0,30.0,0.0,20.179376100350888,30.620119574776369,16.0,30.0,0.0,15.617918274635363,39.88643074889425,12.0,30.0,0.0,20.597033158371393,33.474355452501338,19.0,30.0,0.0,17.9912745731848,34.28457551170159,10.0,30.0,81.98674606240366,16.005419004386839,38.91927913496265,16.0,30.0,0.0,16.63060697139305,37.39228804330471,16.0,30.0,0.0,19.564207993014596,0.0,0.0,0.0,17.0386470384222,0.0,0.0,482.4144664430567,483.98361702400288,523.6669816176022,518.7954799231577,457.847199459322,723.4845372619548,466.53276592222695,459.87862967472,460.64822244883137,8538.5983400335,82.3590903157769,82.3590903157769,1744.0,0.0,1744.0,1744.0,16.0,16.0,19.0,16.0,16.0,12.0,21.0,10.0,1.0,0.0,1907.6628588620097,0.0,83.09351006564046,0.0,0.0,0.0,81.98674606240366,0.0,0.0,0.0,0.0,82.3590903157769,82.3590903157769,0.34,0.7717203175761842,0.36028137401965956,82.3590903157769,0.3542647819438875,0.0,0.02858222222222222 
 03/23  16:40:00,7.666666666666666,57.33333333333333,6.163333333333334,69.16666666666667,441.3333333333333,0.0,0.0,0.0,2.0,0.0,0.0,0.0,0.0,0.0,4.0,2808.0,0.0,1262.2288327864479,36.712092324156397,94.07395526966025,37.84745492471517,1007.3728776765518,0.0,36.71209232415638,50.188213525369899,0.0,0.0,20.281939930452226,-555.4966388926318,21.643842772870419,-345.16431202689639,20.579146045771564,-1577.6555975848274,19.478323220842947,779.1135009355367,15.456365109913535,43.94708095401994,20.80325250399745,-86.23001958442673,17.173994936718335,200.52503298954185,16.07897584050478,7.383842011407381,16.384242860949784,145.0024972721326,1030.152710667874,375.2904710391249,0.0,0.0,0.0,0.0,0.0,0.0,0.0,0.0,0.0,0.0,0.0,0.0,0.0,0.0,0.0,0.0,0.0,0.0,0.0,0.0,0.0,0.0,1.3395294101888218,0.4088917613518992,265.088138464918,311.7467807119626,7221.226552440958,0.24372455415720335,0.03719849727674044,205.7430107274556,241.90876907020073,5597.827865871537,1.3599522135507796,0.25698265562184055,361.2741009299257,424.1847740382041,10138.31748808795,0.34542520861848238,0.06527309308739271,369.76111925461626,436.0122480280038,9469.227687272876,0.0,0.0,10.632661277920287,12.751744442905182,171.53548712300847,0.0,0.0,14.98818449258286,17.651884452536288,388.7678609778539,0.0,0.0,227.42890957050259,270.66216837825257,4669.451324420082,0.0,0.0,24.307373429245627,29.04435423205038,450.04795482908448,0.0,0.0,157.59906329182264,188.36510145336414,2850.3316105354708,34.050158985339027,23.354018508462987,547.4775606198173,647.443863922507,13935.781604424283,0.0,0.0,179.47782756264588,214.2641492144944,3373.713591372093,948.9523199300031,21.369145491005776,27.90043984785691,21.5,30.0,0.0,21.406815824681268,27.875239098543397,16.0,30.0,1247.7513997689887,21.7999697348694,27.74211971756408,21.5,30.0,0.0,20.534893890155816,29.91307329405601,19.0,30.0,0.0,15.636611020967159,39.885714587718528,12.0,30.0,0.0,20.719169407487706,33.705885274409158,19.0,30.0,0.0,17.89001174178116,34.5867059949118,10.0,30.0,586.2611206352905,16.881997612882189,36.87329598972906,16.75,30.0,0.0,16.634971365866777,37.50394551616182,16.0,30.0,0.0,19.711084694725018,0.0,0.0,0.0,16.983858840401355,0.0,0.0,493.4736813548895,496.5735099184727,531.9086702410592,524.3031281191397,462.6948338827407,751.4418766724931,474.7166630865509,466.84039532331459,472.32720916509916,10336.21684872361,81.17029819546286,84.8244418520093,1744.0,0.0,1744.0,1744.0,16.0,19.0,19.0,16.0,16.0,12.0,21.0,10.0,1.0,0.0,948.9523199300031,0.0,1247.7513997689887,0.0,0.0,0.0,586.2611206352905,0.0,5529.822110155663,3317893.2660933977,4325249.010448638,81.17029819546286,84.88650134222189,0.35432740367185547,0.7677129895075767,0.36028137401965956,84.88650134222189,0.3542647819438875,4325249.010448638,0.2542702818766625 
 03/23  16:50:00,7.5683333333333329,56.66666666666667,5.971666666666668,62.333333333333339,423.6666666666667,0.0,0.0,0.0,2.0,0.0,0.0,0.0,0.0,0.0,4.0,1404.0,0.0,1171.0044267391828,33.09792595091008,84.81270154686608,35.112116348530559,934.5674428799285,0.0,33.09792595091007,45.24737408600772,0.0,0.0,20.70890952824003,-1214.8964952427012,21.688032832118276,244.39595573376665,20.206908085474056,-784.7004305317605,19.562804287227004,382.1770806954569,15.492682517765723,46.62902121467209,20.88448184565258,-116.05954926199493,17.28728646681673,342.2279366992552,15.845768980921698,28.458648847100393,16.38758443283161,128.69828894922467,1016.9354964270242,384.5792790377327,0.0,0.0,0.0,0.0,0.0,0.0,0.0,0.0,0.0,0.0,0.0,0.0,0.0,0.0,0.0,0.0,0.0,0.0,0.0,0.0,0.0,0.0,1.142923153534428,0.34887764149402569,297.49216203254766,348.9938143241759,8231.495909551782,0.2792640564621298,0.04262271924025181,228.2146673511478,267.4341125256601,6428.117192204827,2.0094665724949509,0.37971779525603768,265.84777109236065,312.834671821829,7184.29937875885,0.34866095020709056,0.06588453329688028,280.2560067772043,330.2941920462431,7279.431130414271,0.0,0.0,11.863927709305806,14.212473226226829,194.5354254228599,0.0,0.0,17.07778406187833,20.073936758474724,450.92918528102686,0.0,0.0,234.21882650010088,278.27492721278255,4950.626673870394,0.0,0.0,25.581024585352084,30.5661580814743,455.0709452384633,0.0,0.0,154.89017947167538,184.98186574724296,2828.881509165764,33.60462964153261,23.04844282683993,476.5713172151598,562.7650174340653,12424.759492622114,0.0,0.0,177.81346043015669,212.14140184767346,3349.869571103157,1812.9934216948514,22.05692566380563,26.820978585955698,22.0,30.0,0.0,21.57469213641089,27.624642770555796,16.0,30.0,0.0,21.120138764326673,29.186141758789057,21.0,30.0,0.0,20.57454608797811,29.866402482809329,19.0,30.0,0.0,15.666269504732748,39.866028079347618,12.0,30.0,0.0,20.855057395403933,33.9695642706635,19.0,30.0,0.0,18.09166161244128,34.22240952766669,10.0,30.0,0.0,16.398800197677287,38.14910590380811,16.0,30.0,0.0,16.62223829479887,37.65180395708647,16.0,30.0,0.0,19.743575317575784,0.0,0.0,0.0,16.904051109868737,0.0,0.0,502.2817428008439,499.90497439341609,552.4413881588262,529.6686435940212,470.0356022096701,782.1155057551941,481.74379518514436,476.758781470406,481.0792343336001,8517.938034489707,82.37267345279517,82.37267345279517,1744.0,0.0,1744.0,1744.0,16.0,19.0,19.0,16.0,16.0,12.0,21.0,10.0,1.0,0.0,1812.9934216948514,0.0,0.0,0.0,0.0,0.0,0.0,0.0,0.0,0.0,0.0,82.37267345279517,82.37267345279517,0.34,0.7709429740075096,0.36028137401965956,82.37267345279517,0.3542647819438875,0.0,0.030035555555555556 
 03/23  17:00:00,7.47,56.0,5.78,55.5,406.0,0.0,0.0,0.0,2.0,0.0,0.0,0.0,0.0,0.0,4.0,2106.0,0.0,1080.3164600777755,29.470524624362559,75.5175390729857,32.39286336733163,862.1901424911739,0.0,29.470524624362544,40.28844146207804,0.0,0.0,20.609058588498635,-927.2352941623401,21.782889391940377,-200.63178997850555,20.21351939311338,-765.1647258310343,19.414844804985699,380.4998344337797,15.529432265399649,46.65936374139255,20.911387178138683,-99.31233815118188,17.331991786914029,169.3694427547084,15.671313672869392,61.84995297555396,16.39850483729007,149.6574660266404,975.5507766888898,482.0759725906628,0.0,0.0,0.0,0.0,0.0,0.0,0.0,0.0,0.0,0.0,0.0,0.0,0.0,0.0,0.0,0.0,0.0,0.0,0.0,0.0,0.0,0.0,1.1083063947480834,0.33831086530771806,265.4080679423295,311.6579853963641,7543.994656480942,0.2141161543317295,0.03267951073439098,195.22248066918812,229.3157487587522,5498.299379359749,2.361575383148243,0.4462538516909006,270.3352996519574,318.0749440632992,7372.490398032765,0.3527653772027413,0.0666601241879708,290.28081489001286,342.51065425956969,7400.392896548304,0.0,0.0,11.052315249859153,13.25134482115411,184.0646376975913,0.0,0.0,15.433554908846235,18.160291793971117,412.16205055062059,0.0,0.0,250.8856493025099,298.339139472615,5342.686260654631,0.0,0.0,34.357531871173559,41.13250890775418,598.8316211777207,0.0,0.0,169.05685771226477,202.04260351810837,3123.6188184153559,32.77788408979318,22.48140198202553,452.51041086859439,535.0634604043444,11824.72739181334,0.0,0.0,199.20291535497314,237.76414498223586,3828.408921581573,1613.6111013795524,21.80007784834444,27.235976273042426,22.000000000000019,30.00000000000002,0.0,21.693005843217809,27.404548977833558,16.000000000000015,30.00000000000002,0.0,21.1116972857545,29.07048629208385,21.000000000000015,30.00000000000002,0.0,20.27869040658614,30.578530497862979,19.000000000000015,30.00000000000002,0.0,15.69734158520889,39.867656876995948,12.00000000000001,30.00000000000002,0.0,20.913557988041548,34.06450479464691,19.000000000000015,30.00000000000002,0.0,18.083037598180913,34.33773075603164,10.000000000000007,30.00000000000002,0.0,16.09581795225043,39.02242729328602,16.000000000000015,30.00000000000002,0.0,16.629902356155755,37.74270886971301,16.000000000000015,30.00000000000002,0.0,19.713990001453494,0.0,0.0,0.0,16.99549990870527,0.0,0.0,510.45526514982626,506.1672349060857,554.1025349310448,546.9025631286628,477.5994959599317,793.8492725329002,491.76991516665876,487.06802840453,490.46646868931489,10407.998603504104,81.12288157332897,83.4069294739101,1744.0000000000014,0.0,1744.0000000000014,1744.0000000000014,16.0,19.0,19.0,16.0,16.0,12.0,21.0,10.0,1.0,0.0,1613.6111013795524,0.0,0.0,0.0,0.0,0.0,0.0,0.0,3456.6889353487506,2074013.3612092487,2683800.0677158839,81.12288157332897,83.44572018978062,0.34188963117829188,0.7726205690493273,0.3602813740196598,83.44572018978062,0.3542647819438878,2683800.0677158839,0.17027138129900375 
 03/23  17:10:00,7.293333333333333,56.66666666666667,5.511666666666668,48.666666666666667,388.33333333333339,0.0,4.0,0.0,0.0,0.0,0.0,0.0,0.0,0.0,0.0,2808.0,0.0,990.5894685206747,25.831962914395719,66.19378410347169,29.702425503113298,790.5797942156693,0.0,25.831962914395708,35.31425174789245,0.0,0.0,20.68104916560691,-1082.596693615366,21.652645887291699,-118.28409292725815,20.51895338279259,-314.3457412570258,19.386151812568778,-17.267051357337324,15.567605398231457,54.39140371874663,20.675728873758744,-468.60074328281226,17.478480638309735,370.11472504085989,16.023143654484838,23.625109213100275,16.425382306577235,163.6507971031192,857.1534393984584,548.7316876226489,0.0,0.0,0.0,0.0,0.0,0.0,0.0,0.0,0.0,0.0,0.0,0.0,0.0,0.0,0.0,0.0,0.0,0.0,0.0,0.0,0.0,0.0,1.2746527094856899,0.3890881286586355,285.4881974737467,335.3659352366791,8235.298856849817,0.2506686566972146,0.038258341986754377,152.32425808866527,178.9784900173634,4292.949617921426,1.8142792631988869,0.34283432789094628,148.28257587969649,174.44271824096314,4263.921091711376,0.39655551027706539,0.0749349036804734,39.731181470876439,46.91528563181818,1023.2478706234163,0.0,0.0,12.357042820864227,14.821304305448887,211.0948126633172,0.0,0.0,98.63537390936591,116.3603105777535,2594.846206168141,0.0,0.0,342.45734784408827,406.98984107396429,7596.173555706299,0.0,0.0,31.706475015583025,37.921342845768027,597.3555249216873,0.0,0.0,181.90376006648268,217.44670072053524,3438.317081007528,31.924794678660317,21.896292646543438,233.66533926196539,276.87754687752757,6335.767768128992,0.0,0.0,210.16261242296958,250.90348341896039,4131.0292092759159,1549.6337384803406,21.820354133044629,27.143342435894547,22.0,30.0,0.0,21.51326903914273,27.721236540796299,16.0,30.0,1272.1800517820614,21.698320443322499,27.287401356770205,21.5,30.0,0.0,20.114414114434966,32.93141435412686,19.0,30.0,0.0,15.733059350943853,40.08630659044553,12.0,30.0,0.0,20.507257899717506,31.086292699601218,16.0,30.0,0.0,18.35815158344009,34.71861476623029,10.0,30.0,583.274671813969,16.679716055280865,37.91555362050551,16.75,30.0,0.0,16.66329003776098,38.20949801102687,16.0,30.0,0.0,19.247635467811425,0.0,0.0,0.0,17.036115682901128,0.0,0.0,522.6457954856506,519.706387442828,516.5869560246384,670.6317283121935,495.35026711007768,580.9903676961603,545.0974786121981,505.96005615428398,520.0939286738719,10055.659520977068,81.3557087625424,85.19843594524322,162.0,0.0,162.0,162.0,16.0,19.0,16.0,16.0,16.0,12.0,21.0,10.0,1.0,0.0,1549.6337384803406,0.0,1272.1800517820614,0.0,0.0,0.0,583.274671813969,0.0,5814.886735519423,3488932.0413116544,4541812.265529944,81.3557087625424,85.26369820978424,0.36382955785064749,0.7680179149056878,0.36028137401965956,85.26369820978424,0.3542647819438875,4541812.265529944,0.23909023780755704 
 03/23  17:20:00,7.116666666666667,57.333333333333339,5.243333333333334,41.83333333333333,370.6666666666667,0.0,4.0,0.0,0.0,0.0,0.0,0.0,0.0,0.0,0.0,2106.0,0.0,902.3090136961138,22.184425132476368,56.84703407803272,27.055362104370944,720.1239198248695,0.0,22.184425132476357,30.327791062829076,0.0,0.0,20.50752217411233,-1264.1087117013436,21.570928625391028,-167.5516829665114,20.407415822851847,-88.26727183918215,19.32113416400508,-21.956149395421858,15.606740880713057,51.82305024500761,20.386011198670937,-334.7273465195855,17.532739035365816,260.10475189913748,16.007301593344296,26.39422065492271,16.459776844936344,164.73491818139088,823.6243074573258,575.5526076420896,0.0,0.0,0.0,0.0,0.0,0.0,0.0,0.0,0.0,0.0,0.0,0.0,0.0,0.0,0.0,0.0,0.0,0.0,0.0,0.0,0.0,0.0,1.2989692422271564,0.39651075770059709,320.9737796293822,377.60788390950656,8969.235151708897,0.24845855450696092,0.0379210248026497,172.7995575882037,203.18850939200287,4901.173730760437,2.22450032362915,0.42035153507731479,101.79571111453054,119.3453162971255,3036.8423038625207,0.3864309349818431,0.07302171862846616,36.95460334379293,43.65819854389103,955.6459691239293,0.0,0.0,11.662256515531937,13.98387306155194,204.26978235080294,0.0,0.0,86.96944288837728,102.73394468721119,2253.7375471192578,0.0,0.0,331.65996581797716,394.12777728212145,7485.945998570449,0.0,0.0,29.137147248152166,34.83325302256043,557.8753836698202,0.0,0.0,182.79635132367168,218.4708659424244,3537.0149438128908,31.01666840170863,21.273435117769979,260.99517126698569,308.7448698434678,7177.897338080169,0.0,0.0,209.9389331127905,250.6211831789946,4203.708680443885,1406.4783530986027,21.3686698317916,27.842618072143375,21.999999999999994,29.99999999999999,0.0,21.41937005902513,27.77776235378123,15.999999999999993,29.99999999999999,815.2846930079303,21.443520804782325,27.65625512951845,21.333333333333326,29.99999999999999,0.0,19.96782597062471,34.70084871457261,18.999999999999994,29.99999999999999,0.0,15.769298777099316,40.358461157570719,11.999999999999995,29.99999999999999,0.0,20.119645363225584,30.977529307508708,15.999999999999993,29.99999999999999,0.0,18.37282837890041,34.35143720616981,9.999999999999997,29.99999999999999,0.0,16.607347974942287,38.52731110308843,15.999999999999993,29.99999999999999,0.0,16.70879565882817,38.37924767321056,15.999999999999993,29.99999999999999,0.0,19.15295400246154,0.0,0.0,0.0,17.041032823337493,0.0,0.0,535.5465640347152,525.6919682084729,518.6961909185978,765.3652986718399,516.020362833141,539.1871290792276,534.750171858916,530.4033481248457,537.6962535761157,9621.684736181825,81.64282413603697,84.09337250002226,161.99999999999995,0.0,161.99999999999995,161.99999999999995,16.0,19.0,16.0,16.0,16.0,12.0,21.0,10.0,1.0,0.0,1406.4783530986027,0.0,815.2846930079303,0.0,0.0,0.0,0.0,0.0,3708.402450922395,2225041.4705534379,2886315.5430506609,81.64282413603697,84.13499094650499,0.3502800816974131,0.7714058265379904,0.36028137401965945,84.13499094650499,0.35426478194388735,2886315.5430506609,0.15303140823863438 
 03/23  17:30:00,6.9399999999999999,58.0,4.975,35.0,353.0,0.0,4.0,0.0,0.0,0.0,0.0,0.0,0.0,0.0,0.0,1404.0,0.0,816.1084867316192,18.530303245420268,47.48341851848231,24.47066510593538,651.3280221372731,0.0,18.53030324542026,25.332329406871464,0.0,0.0,20.44078619541732,-1124.075066579248,21.47426700682586,-84.64963845301168,20.195220557462965,-156.4799029381527,19.278445224277914,-7.416195106714213,15.638725870361416,48.450017664346919,20.19325359282869,-283.36942917031186,17.50940142926266,236.31215778778916,15.781810011350128,51.92380959632959,16.4764846191271,139.43035678506977,742.5080058387614,582.3948737595465,0.0,0.0,0.0,0.0,0.0,0.0,0.0,0.0,0.0,0.0,0.0,0.0,0.0,0.0,0.0,0.0,0.0,0.0,0.0,0.0,0.0,0.0,1.3475141317138717,0.41132910003475939,259.04977459110719,304.7662055722086,7262.062130927956,0.2630631175109843,0.040150048460162447,124.48085102752214,146.26105331130237,3563.1651937900635,2.221594700925009,0.4198024756094124,100.33839239493963,118.03085152436484,2892.3739567768936,0.39108614132703448,0.0739013872500065,37.63224399093923,44.43905821866831,979.4028297585583,0.0,0.0,11.254161315633091,13.487301553809595,201.73847713066886,0.0,0.0,82.04357104640272,96.9515466079678,2118.9151714507786,0.0,0.0,322.31699571547406,382.9704179846482,7342.338596019192,0.0,0.0,32.04919575124188,38.348707919880698,600.1470281599004,0.0,0.0,176.71398510477773,211.1098895685493,3487.3440082237905,30.3375173532769,20.807625070834648,208.08534811399458,246.20525815696329,5847.50522207195,0.0,0.0,204.9955104086594,244.70593545534673,4140.752454216948,1532.3549469161563,21.23480277958855,28.084609383646617,22.0,30.0,0.0,21.320695364802519,27.933987746725998,16.0,30.0,150.2429729077217,21.199591077703276,28.074896810336474,21.0,30.0,0.0,19.868508429551619,35.431138108290429,19.0,30.0,0.0,15.793755076037233,40.38924273785631,12.0,30.0,0.0,19.886675921787757,31.26479389813562,16.0,30.0,0.0,18.29494469290912,34.42642173457958,10.0,30.0,0.0,16.207670042274566,39.51707762301146,16.0,30.0,0.0,16.720580629063158,38.217094041869248,16.0,30.0,0.0,18.861252759431037,0.0,0.0,0.0,16.945699154414166,0.0,0.0,546.3957043699602,528.5045259167337,528.0748460779374,806.6358879970173,525.5105761070914,535.8124527443263,535.2139152308898,535.8427673171709,536.6950632088765,6971.643810420957,83.39475545464384,83.39475545464384,162.0,0.0,162.0,162.0,16.0,19.0,16.0,16.0,16.0,12.0,21.0,10.0,1.0,0.0,1532.3549469161563,0.0,150.2429729077217,0.0,0.0,0.0,0.0,0.0,0.0,0.0,0.0,83.39475545464384,83.39475545464384,0.34,0.7664202487592338,0.36028137401965956,83.39475545464384,0.3542647819438875,0.0,0.00297 
 03/23  17:40:00,6.763333333333334,58.66666666666667,4.706666666666667,29.333333333333337,294.1666666666667,0.0,4.0,0.0,0.0,0.0,0.0,0.0,0.0,0.0,0.0,3510.0,0.0,668.3123175548603,15.10372637079854,38.70286080055092,20.03905323484993,533.3733041317432,0.0,15.103726370798534,20.647939034180778,0.0,0.0,20.689905521660746,-1032.3565789901743,21.423899865935455,-32.49196569442071,20.513803366775318,-623.2480161190731,19.269654560295387,13.164386372390336,15.658335546661905,44.888909760725777,20.026053082730046,-260.5658833911936,17.491832127182769,220.83454069656626,15.833147820779289,50.522966597850999,16.465941821702495,95.20684626512525,783.2018717733885,582.0281780167694,0.0,0.0,0.0,0.0,0.0,0.0,0.0,0.0,0.0,0.0,0.0,0.0,0.0,0.0,0.0,0.0,0.0,0.0,0.0,0.0,0.0,0.0,1.3921105995932224,0.4249421854680167,284.6317813249221,334.6058135221047,8459.565509774378,0.2804190497067843,0.042799000260498227,138.71332276416744,163.175210659167,4013.813942913067,2.140754789285448,0.40452660417336547,145.35457520439156,170.88482803327163,4409.08765823448,0.4073912755431214,0.07698247837171607,39.96380646252074,47.25271718957615,1051.8009314840454,0.0,0.0,10.997819857351839,13.196559175679653,201.25285357141736,0.0,0.0,78.64056783880624,93.09800778213965,2036.754758204977,0.0,0.0,316.79232756672186,376.9782400698033,7288.872646463753,0.0,0.0,36.00276252519141,43.1470424748171,683.8974177403371,0.0,0.0,171.54906614224707,205.2269285266109,3435.2751487668458,29.92436359599279,20.524254866936088,230.15258034005138,272.80199783632056,6459.420829639386,0.0,0.0,201.69736276287868,241.1742912154416,4101.284768161395,1824.90732744495,21.65960381395661,27.411936360518113,22.000000000000008,30.00000000000001,0.0,21.29707103071306,27.998872171585,21.000000000000008,30.00000000000001,1643.641081578571,21.709441609844185,27.27553174636563,21.60000000000001,30.00000000000001,0.0,19.837118244704504,35.47458169754119,19.000000000000008,30.00000000000001,0.0,15.801974974415837,40.34609227315075,12.000000000000006,30.00000000000001,0.0,19.739796221773586,31.432977998534264,16.000000000000005,30.00000000000001,0.0,18.228882551109334,34.42032677724711,10.000000000000004,30.00000000000001,267.0944956507021,16.15487032091635,39.50215182462641,16.200000000000004,30.00000000000001,0.0,16.686786500821193,38.109892567819198,16.000000000000005,30.00000000000001,0.0,19.017930744512428,0.0,0.0,0.0,16.831818312359798,0.0,0.0,557.527732957393,544.1101168916746,551.0229927906694,815.8126012143887,530.1044298354013,537.6805180001029,541.0508961694782,536.4312546120225,537.1655299192586,9059.814807840876,82.0142563750542,84.86313559556017,162.00000000000007,0.0,162.00000000000007,162.00000000000007,21.0,19.0,16.0,16.0,16.0,12.0,21.0,10.0,1.0,0.0,1824.90732744495,0.0,1643.641081578571,0.0,0.0,0.0,267.0944956507021,0.0,4311.337787453181,2586802.672471906,3379978.3125588588,82.0142563750542,84.91151902235431,0.3477112595817727,0.7658419347415595,0.36028137401965967,84.91151902235431,0.35426478194388769,3379978.3125588588,0.17875587225306067 
 03/23  17:50:00,6.586666666666666,59.33333333333333,4.4383333333333339,23.666666666666669,235.33333333333338,0.0,4.0,0.0,0.0,0.0,0.0,0.0,0.0,0.0,0.0,2106.0,0.0,504.799392727189,11.83150670377623,30.317856591708656,15.136185917693848,402.87525257796349,0.0,11.831506703776224,16.174566666832214,0.0,0.0,20.664345437635804,-1324.6338701653613,21.360612478848539,16.457780380757805,20.403083348031268,-224.79756858476615,19.272591153351337,-12.721110001405208,15.672501720035024,43.7089834893582,19.840848952133329,-225.75589711249939,17.51812287071994,220.5287698628498,16.217275964632284,-8.954352489180648,16.44156638930133,88.88718296103289,831.7799359257873,619.5320761019652,0.0,0.0,0.0,0.0,0.0,0.0,0.0,0.0,0.0,0.0,0.0,0.0,0.0,0.0,0.0,0.0,0.0,0.0,0.0,0.0,0.0,0.0,1.3798296169062657,0.4211934117540497,307.88747598557918,362.14485661016826,9143.758384931873,0.26578233982746937,0.04056507018123773,107.86262453135446,127.05064780109339,3170.4909790173649,2.6144233536179937,0.4940331356043077,167.90695262723035,197.50686739946145,5021.345871827181,0.40493204118920947,0.07651777044391717,37.86482005291238,44.779518061537128,1009.8805032971736,0.0,0.0,10.859645525151624,13.027847210992583,202.7286887536451,0.0,0.0,75.41669018673773,89.31100112838272,1957.3553913762385,0.0,0.0,313.2372044554884,372.6475892986765,7325.215080773967,0.0,0.0,27.283720038877019,32.613906615193858,569.5546234186952,0.0,0.0,177.52939584437278,212.35332535362563,3602.3231583144954,29.524339118582874,20.249889656092529,246.0011420290403,291.56803518821058,6970.658150560734,0.0,0.0,201.1091189549366,240.48794714354293,4124.747016357834,1558.899989867799,21.518374164166496,27.666374601465848,22.000000000000019,30.00000000000002,0.0,21.370683875526049,27.93107709690702,21.000000000000015,30.00000000000002,938.8062280714972,21.370297935367654,27.896382374372693,21.33333333333335,30.00000000000002,0.0,19.824907503425754,35.31390616600129,19.000000000000015,30.00000000000002,0.0,15.8055627923526,40.25250769623034,12.00000000000001,30.00000000000002,0.0,19.579038503718328,31.635534155916888,16.000000000000015,30.00000000000002,0.0,18.237947285144995,34.32986134844679,10.000000000000007,30.00000000000002,343.63692396704246,16.92830506302246,37.45726118278372,16.66666666666668,30.00000000000002,0.0,16.63818082614014,38.09037765262948,16.000000000000015,30.00000000000002,0.0,19.244604316192868,0.0,0.0,0.0,16.736727158367438,0.0,0.0,569.6239622181154,558.9537001136009,563.7081879033135,819.4779919231447,535.043791455839,541.2725779797288,545.3776215714881,538.9817820880669,540.3462234190306,10237.984269198161,81.23531216802546,85.81704359333762,162.0000000000001,0.0,162.0000000000001,162.0000000000001,21.0,19.0,16.0,16.0,16.0,12.0,21.0,10.0,1.0,0.0,1558.899989867799,0.0,938.8062280714972,0.0,0.0,0.0,343.63692396704246,0.0,6933.990881560891,4160394.5289365316,5422358.273371829,81.23531216802546,85.89485660324391,0.34446636271869648,0.7665299755446068,0.3602813740196598,85.89485660324391,0.3542647819438878,5422358.273371829,0.28504963021533516 
 03/23  18:00:00,6.41,60.0,4.17,18.0,176.5,0.0,4.0,0.0,0.0,0.0,0.0,0.0,0.0,0.0,0.0,2106.0,0.0,348.36221798544218,8.720348015783048,22.345584195683935,10.445484478438822,278.0243139319324,0.0,8.720348015783044,11.921376868614973,0.0,0.0,20.609342603050988,-1486.0283725878767,21.283152789932126,126.4103540311275,20.19362355567884,-100.44764702357003,19.273702780199608,5.343330148391946,15.681695420453528,41.848059218977919,19.66082940808367,-203.68062694691708,17.51976164223864,222.94550996800798,15.963408362454434,11.152675510937997,16.41162645545563,62.635651005450558,817.0425027007909,649.8006600810127,0.0,0.0,0.0,0.0,0.0,0.0,0.0,0.0,0.0,0.0,0.0,0.0,0.0,0.0,0.0,0.0,0.0,0.0,0.0,0.0,0.0,0.0,1.425736529248212,0.4352065107595279,327.3828448383374,385.6915754740322,9568.109152773904,0.2906286446258552,0.04435724124326243,152.75767676669188,179.90399770792357,4550.409374626673,2.5074081832036585,0.4738110701443049,135.89872947498794,159.97913742686576,4022.4376999738526,0.42821051286578418,0.0809165746156055,41.77936265629071,49.42332405379117,1128.2284283474479,0.0,0.0,10.805554814331853,12.965759218910403,205.55351927214123,0.0,0.0,72.22635351041125,85.59064869471442,1880.7288889168236,0.0,0.0,314.6960203152551,374.4796673582772,7461.173132497041,0.0,0.0,30.24005982703482,36.20536435210863,613.1913184375936,0.0,0.0,176.97595452909474,211.78387623483833,3634.834750776119,29.475873721218563,20.216648642811113,278.8524002423347,330.2272665956852,8049.5681721562709,0.0,0.0,203.69676142610664,243.72668864883287,4205.660845138173,1667.879419071376,21.317390379171017,28.09227314397208,22.000000000000019,30.00000000000002,0.0,21.389538557691787,27.904003528496604,21.000000000000015,30.00000000000002,4.416602016140413,21.201476693002168,28.188250748047318,21.000000000000015,30.00000000000002,0.0,19.8173859007039,35.163245360088769,19.000000000000015,30.00000000000002,0.0,15.802530876411762,40.154890365074439,12.00000000000001,30.00000000000002,0.0,19.436795954565786,31.803248023068826,16.000000000000015,30.00000000000002,0.0,18.219766945017115,34.248711394506639,10.000000000000007,30.00000000000002,0.0,16.444627036454138,38.47614206609004,16.000000000000015,30.00000000000002,0.0,16.580142394652904,38.06745226317753,16.000000000000015,30.00000000000002,0.0,19.129764519857738,0.0,0.0,0.0,16.62115978009853,0.0,0.0,595.9142585369307,562.6653113247407,569.5646105792257,822.3375808915283,541.1971478175326,550.0418587617805,554.9602663772341,545.4955929677374,549.0184348389547,8542.57808035551,82.35633562832932,84.62628008932545,162.0000000000001,0.0,162.0000000000001,162.0000000000001,21.0,19.0,16.0,16.0,16.0,12.0,21.0,10.0,1.0,0.0,1667.879419071376,0.0,4.416602016140413,0.0,0.0,0.0,0.0,0.0,3435.365827653894,2061219.4965923348,2676978.4637655664,82.35633562832932,84.66483128197162,0.3411788609217966,0.7706207772504223,0.3602813740196598,84.66483128197162,0.3542647819438878,2676978.4637655664,0.14237988011580947 
 03/23  18:10:00,6.18,61.166666666666667,3.9333333333333337,12.33333333333333,117.66666666666665,0.0,0.0,0.0,0.0,0.0,0.0,4.0,0.0,0.0,0.0,2808.0,0.0,212.50113343656555,5.787213339084296,14.829510610470589,6.371749534310956,169.59496018741,0.0,5.7872133390842939,7.911559390683838,0.0,0.0,20.729514234580159,-530.8622045332775,21.288378379990499,-59.45136005915245,20.705988672677934,-2275.264345365331,19.526878731910437,909.1170475939553,15.68811514926119,39.61778057668347,19.48157434429436,-184.17218514639627,17.48331937439328,188.65273978511778,15.770045799821777,26.607504318587617,16.383445040468275,45.548477766949648,852.9074732041022,684.7146527668876,0.0,0.0,0.0,0.0,0.0,0.0,0.0,0.0,0.0,0.0,0.0,0.0,0.0,0.0,0.0,0.0,0.0,0.0,0.0,0.0,0.0,0.0,1.4725519547593574,0.4494969336872275,158.3619162723622,186.4580473359413,4899.781019236536,0.28168532554401939,0.04299226580342176,14.849509862091028,17.476194288164537,459.04624095713106,2.7334298902628495,0.5165211432847412,432.80815493604748,508.8718779629607,13547.454780444054,0.40071529861181545,0.07572095589792428,398.67604953267417,471.0678025969228,11305.463487825662,0.0,0.0,10.525112626874927,12.635461570973544,205.00480808295786,0.0,0.0,70.18056378616174,83.2480300719013,1841.308863334775,0.0,0.0,312.2586290321115,371.884653858631,7493.053511276046,0.0,0.0,32.544119004712957,39.02317916401637,654.4727724171964,0.0,0.0,176.03640452599593,210.8093506213752,3681.438098456607,29.465635101238296,20.20962626971077,441.6897019622396,523.8120293709633,12357.655334437943,0.0,0.0,204.17308899683628,244.52909434763843,4262.421708541251,1153.4633405726209,21.637231742866886,27.46963606146779,21.75,30.0,0.0,21.479766362113645,30.555377212566435,21.0,30.0,3462.950496233202,21.920578667104416,27.7561195041223,22.0,30.0,0.0,20.409797274616169,30.5645570759875,16.0,30.0,0.0,15.795802282021708,40.087566637170727,12.0,30.0,0.0,19.297500273721938,32.029934847297358,16.0,30.0,0.0,18.126897074110397,34.41187214363215,10.0,30.0,0.0,16.123966420747597,39.17064949786414,16.0,30.0,0.0,16.53227563384611,38.125438952553448,16.0,30.0,0.0,19.27819424288639,0.0,0.0,0.0,16.49947562787952,0.0,0.0,582.4723739344617,726.7489450199256,635.7249405499157,635.4717888804524,547.8450334916188,557.766094964153,562.8761170593189,552.6991419290265,556.396357205165,9110.987750354425,81.98055423056704,83.68260535434315,240.0,0.0,240.0,240.0,21.0,16.0,16.0,16.0,16.0,12.0,21.0,10.0,1.0,0.0,1153.4633405726209,0.0,3462.950496233202,0.0,0.0,0.0,0.0,0.0,2575.9086848630925,1545545.2109178554,2002142.3507011899,81.98055423056704,83.71151183284684,0.3408636228287698,0.7674933011342509,0.36028137401965956,83.71151183284684,0.3542647819438875,2002142.3507011899,0.1089514022364619 
 03/23  18:20:00,5.950000000000001,62.33333333333334,3.6966666666666669,0.0,0.0,0.0,0.0,0.0,0.0,0.0,0.0,4.0,0.0,0.0,0.0,2808.0,0.0,0.0,0.0,0.0,0.0,0.0,0.0,0.0,0.0,0.0,0.0,20.71755741308973,-353.0069548899917,21.227689468890639,-110.33923436790258,20.738340564950009,-1558.4722247297376,19.65239237006697,411.5059800354668,15.682329837509199,34.07576905749792,19.255470467075758,-172.7035977029326,17.414280916002629,133.93778194718426,16.266351651742164,-18.635098252968548,16.331563008954484,2.4974855369910076,844.9418932506164,662.7594244983081,0.0,0.0,0.0,0.0,0.0,0.0,0.0,0.0,0.0,0.0,0.0,0.0,0.0,0.0,0.0,0.0,0.0,0.0,0.0,0.0,0.0,0.0,1.6006082990427584,0.48858617186897387,144.79501764737848,170.43045248418569,4524.2382848144939,0.20851560222400906,0.031824725614164998,23.511107590434187,27.67376502191097,732.6040422371233,2.9881809996148016,0.5646600528372643,327.9639595392533,385.8581222508345,10291.266346770793,0.3602904896999205,0.0680821031178988,272.9936722574755,322.2956487442317,7934.228674056145,0.0,0.0,9.981071364296904,11.98560274474494,198.68626477577716,0.0,0.0,68.13530532243814,80.88324954071894,1796.97793257312,0.0,0.0,296.6997289792927,353.6278284103131,7163.290032046124,0.0,0.0,25.227112873785914,30.219329477350408,548.0700261723398,0.0,0.0,172.79970967484796,207.02694636055666,3664.865211435835,29.290638094975077,20.08960088818593,314.71424357904967,373.24344038033328,9151.995137158705,0.0,0.0,193.7677447740574,232.298282275504,4053.564121018732,1023.1648111959786,21.4915979882807,29.04423952440243,21.5,30.0,0.0,21.5275711239021,33.05182434452282,21.0,30.0,2125.527830711855,21.600663234805219,27.394670143122388,21.5,30.0,0.0,20.515354596215958,30.01668081719606,16.0,30.0,0.0,15.775274430360957,40.092020841980318,12.0,30.0,0.0,19.1260669597855,32.49820246212612,16.0,30.0,0.0,17.961518642379557,35.07789459365161,10.0,30.0,706.6333846874077,16.85837079533986,37.322060101043579,16.75,30.0,0.0,16.444411628212845,38.327722806651589,16.0,30.0,0.0,19.196847766796304,0.0,0.0,0.0,16.280686348585573,0.0,0.0,664.5685506938929,880.3272027553866,589.095554071185,625.6460585741166,556.6439490438218,575.4851509399368,588.3942731305085,561.3753923077111,569.0177249785321,10428.950359532648,81.10899886795409,86.3612501504375,240.0,0.0,240.0,240.0,21.0,16.0,16.0,16.0,16.0,12.0,21.0,10.0,1.0,0.0,1023.1648111959786,0.0,2125.527830711855,0.0,0.0,0.0,706.6333846874077,0.0,7948.603563260809,4769162.137956485,6232683.537514253,81.10899886795409,86.45045081349172,0.3499534521086936,0.7663458281181215,0.36028137401965956,86.45045081349172,0.3542647819438875,6232683.537514253,0.32885954395074115 
 03/23  18:30:00,5.720000000000001,63.5,3.46,0.0,0.0,0.0,0.0,0.0,0.0,0.0,0.0,4.0,0.0,0.0,0.0,2810.0,0.0,0.0,0.0,0.0,0.0,0.0,0.0,0.0,0.0,0.0,0.0,20.669465347535224,-417.03232510641296,21.173886365114627,-104.9793872565582,20.811729351270455,-1349.3648097654132,19.675963779755756,448.8365726327679,15.686735279717361,34.53071129366586,19.095945165652226,-138.5752376329113,17.400735780954606,161.0721598903615,16.19417405919005,-27.28525459469887,16.276529796862286,-7.729757232562179,890.0244210122457,756.6776257317649,0.0,0.0,0.0,0.0,0.0,0.0,0.0,0.0,0.0,0.0,0.0,0.0,0.0,0.0,0.0,0.0,0.0,0.0,0.0,0.0,0.0,0.0,1.5979126721176603,0.48776333092724669,189.14145076046354,223.22427036797854,5870.598185612106,0.21809065895101466,0.03328612010851872,22.672563465751244,26.677828393616616,717.2473983142924,3.168511918343471,0.5987361901631655,363.3663931298601,427.8225764276682,11540.240957873953,0.38015764871353549,0.07183629038426594,276.78588535887618,326.83456668263656,8194.40156588612,0.0,0.0,9.990448852862109,12.000262349148015,203.31734533412516,0.0,0.0,62.58377454087387,74.33503080790554,1661.5851469407037,0.0,0.0,301.7903948487617,359.8243167638469,7406.736635532935,0.0,0.0,22.679081025644103,27.148921483968516,507.26491059842007,0.0,0.0,183.16403880419575,219.57984048530779,3939.799972850112,29.55068798108207,20.267961578245598,358.1974107743257,424.92275219793768,10592.325880863547,0.0,0.0,203.05708412466505,243.57123161106257,4308.201685855176,713.5130236150606,21.439280191014534,28.502180318856035,21.5,30.0,0.0,21.518916146702133,34.56713740114915,21.0,30.0,1964.0452504014223,21.691743902792909,27.056376293364474,21.5,30.0,0.0,20.543912147877444,29.49534114884062,16.0,30.0,0.0,15.76272225718235,40.20653463413283,12.0,30.0,0.0,18.977090097799214,32.93497385781237,16.0,30.0,0.0,17.924816561508263,35.163861883482258,10.0,30.0,0.0,16.784400170445765,37.671270332440759,16.0,30.0,0.0,16.356826909702798,38.84940374924493,16.0,30.0,0.0,19.326768178815443,0.0,0.0,0.0,16.18558148818003,0.0,0.0,632.8935648225852,972.4257693080228,584.9712876999067,604.2854531792134,570.8585241587248,592.7579064850731,598.9203003154057,580.2236707227097,594.2168044543793,6071.308048204834,82.11877329879249,82.11877329879249,240.0,0.0,240.0,240.0,21.0,16.0,16.0,16.0,16.0,12.0,21.0,10.0,1.0,0.0,713.5130236150606,0.0,1964.0452504014223,0.0,0.0,0.0,0.0,0.0,0.0,0.0,0.0,82.11877329879249,82.11877329879249,0.255,0.5400883088046451,0.27021103051474468,82.11877329879249,0.2656985864579156,0.0,0.00468 
 03/23  18:40:00,5.49,64.66666666666667,3.2233333333333338,0.0,0.0,0.0,0.0,0.0,0.0,0.0,0.0,4.0,0.0,0.0,0.0,5624.0,0.0,0.0,0.0,0.0,0.0,0.0,0.0,0.0,0.0,0.0,0.0,20.7735631088305,-603.8879172743867,21.12878128670726,-116.6355079670203,20.703026392236663,-1247.6581337126416,19.724480268096217,464.7556632890669,15.697969435011668,36.64765248908227,19.53186378794973,-306.73788090499519,17.43711300951714,210.9637967530739,16.974236813906204,-44.33105155355995,16.222454433745378,-37.67211884589153,877.6707355797038,807.5890680362804,0.0,0.0,0.0,0.0,0.0,0.0,0.0,0.0,0.0,0.0,0.0,0.0,0.0,0.0,0.0,0.0,0.0,0.0,0.0,0.0,0.0,0.0,1.6138128182042948,0.4926168553737164,144.02570534801735,169.72456254842974,4631.246476928299,0.22798854323936156,0.03479678620869377,22.619832329757999,26.638039173613067,725.4413163255695,3.1272284893298099,0.5909350886866611,309.58186293190217,364.6927334609778,10000.581620391567,0.38648129548848378,0.07303123497514809,312.3293416415801,369.16094470381167,9413.837119002503,0.0,0.0,10.860422573997754,13.052780705650225,226.09685276388979,0.0,0.0,81.0526250237659,96.07349976270288,2311.1731344305565,0.0,0.0,316.83062989033126,377.87844651004147,7962.164682820265,0.0,0.0,18.622294288540016,22.209099255191047,468.2171023799296,0.0,0.0,195.4540418465929,234.49060093141757,4262.170384431656,29.759228867257059,20.41099373611596,317.1094601436235,376.62576300754986,9511.332711731158,0.0,0.0,203.33183103511522,244.1383693536272,4354.326746914344,945.4080085995101,21.53791821056627,28.09816109498565,21.5,30.0,0.0,21.495930832124068,35.16485255048682,21.0,30.0,1750.7343174233907,21.55018950078647,27.388459687645346,21.5,30.0,0.0,20.61271438258284,29.168266937226105,16.0,30.0,0.0,15.762118191878943,40.27049261323923,12.0,30.0,890.6786160381345,19.7399018816,31.53748447989771,19.625,30.0,0.0,17.98934490471254,35.084657811837477,10.0,30.0,1347.8536896956776,17.96693608338185,35.060463408392219,20.7,30.0,0.0,16.27117115350705,39.06652111730761,16.0,30.0,0.0,19.167475764447205,0.0,0.0,0.0,16.053938602573795,0.0,0.0,626.2327210856269,1010.1556564373618,593.8639626163204,599.8276268832965,582.6300124973817,607.2297039219652,607.7805825750018,590.8359881230422,600.4841983109566,10041.897769676498,81.36499713524552,84.77729999430251,240.0,0.0,240.0,240.0,21.0,16.0,19.0,16.0,19.7,12.0,21.0,10.0,1.0,0.0,945.4080085995101,0.0,1750.7343174233907,0.0,890.6786160381345,0.0,1347.8536896956776,0.0,5164.214492147916,3098528.6952887496,4027278.8929278196,81.36499713524552,84.83525222491737,0.34214048307159719,0.7672970895630441,0.36028137401965956,84.83525222491737,0.3542647819438875,4027278.8929278196,0.21401850243224664 
 03/23  18:50:00,5.260000000000001,65.83333333333333,2.986666666666667,0.0,0.0,0.0,0.0,0.0,0.0,0.0,0.0,4.0,0.0,0.0,0.0,3515.0,0.0,0.0,0.0,0.0,0.0,0.0,0.0,0.0,0.0,0.0,0.0,20.73318061830415,-460.13971349938069,21.082973255074685,-116.35911051311233,20.86302332665657,-1540.7336520905656,19.757839661187803,489.3080429509484,15.716623831104379,35.29942395353413,19.301929518107245,-246.76060053328514,17.42203285759016,116.83296860555385,18.048665375776499,-154.7432277115667,16.171268626361014,-17.777256666955329,913.5849665011427,910.597971922315,0.0,0.0,0.0,0.0,0.0,0.0,0.0,0.0,0.0,0.0,0.0,0.0,0.0,0.0,0.0,0.0,0.0,0.0,0.0,0.0,0.0,0.0,1.6369383229140105,0.4996759227454245,156.87389792888545,184.8396411838801,5110.331928450698,0.22768068034949544,0.03474979858814033,22.811759104707858,26.861624275308374,740.8107587307079,3.056851631288139,0.5776363626772751,344.8864687886211,406.2016043575587,11277.386219769143,0.3821463098832458,0.07221207669751431,314.01823720285258,371.0811540083032,9638.130495125217,0.0,0.0,10.686807813958751,12.843842744673527,227.76136883358337,0.0,0.0,78.22036802887132,92.84344480928627,2212.673817437962,0.0,0.0,315.58109559595325,376.47818541757939,8038.742800858634,0.0,0.0,33.14043284921739,39.25084826565419,967.2134749937313,0.0,0.0,209.94208384869314,251.94198369848579,4646.647278750817,29.999421340005413,20.57573480110111,356.4084409683372,422.98448574899188,10890.292256247525,0.0,0.0,214.1406313288273,257.0775672325034,4698.86697389661,768.5523104159281,21.46693868953373,28.224938812216516,21.4,30.0,0.0,21.46320144750134,35.52629452522174,21.0,30.0,1712.7408053902323,21.558055878295048,27.30180219493044,21.400000000000003,30.0,0.0,20.652644650449348,29.04894968928653,16.0,30.0,0.0,15.774481735269513,40.3057314469894,12.000000000000002,30.0,0.0,19.396367553961157,32.255717846710698,19.0,30.0,0.0,17.923648562197195,35.2335226538141,10.0,30.0,1283.219662136988,19.77325564273696,31.35131154960294,20.7,30.0,0.0,16.196242125134814,39.29700905408717,16.0,30.0,0.0,19.240437043056099,0.0,0.0,0.0,16.083245043507966,0.0,0.0,630.474065268524,1034.3374541012534,594.6363271305914,601.8292846313325,594.1005795248614,615.2220567117588,612.6436885665277,602.8841518474183,607.2387983950415,10275.645140094273,81.21031605656747,84.29005106505869,240.0,0.0,240.0,240.0,21.0,16.0,19.0,16.0,19.7,12.0,21.0,10.0,1.0,0.0,768.5523104159281,0.0,1712.7408053902323,0.0,0.0,0.0,1283.219662136988,0.0,4660.3118657800719,2796187.119468043,3639114.016872363,81.21031605656747,84.34235518952146,0.35934372885933577,0.7687562234599286,0.36028137401965956,84.34235518952146,0.35426478194388757,3639114.016872363,0.19379392887736289 
 03/23  19:00:00,5.03,67.0,2.75,0.0,0.0,0.0,0.0,0.0,0.0,0.0,0.0,4.0,0.0,0.0,0.0,1406.0,0.0,0.0,0.0,0.0,0.0,0.0,0.0,0.0,0.0,0.0,0.0,20.729772921749807,-1046.752145617107,21.044009562433744,-107.54130414999077,20.173746681674936,-78.6742063545089,19.6601762661907,84.3360526738577,15.73595449135584,34.09869200221908,19.02145042395143,-189.3654470180818,17.3942504472759,156.1927508910294,18.625753146959828,-271.7829251593388,16.142756130460083,-12.21849172370321,938.2687924813108,989.1064805297524,0.0,0.0,0.0,0.0,0.0,0.0,0.0,0.0,0.0,0.0,0.0,0.0,0.0,0.0,0.0,0.0,0.0,0.0,0.0,0.0,0.0,0.0,1.5867456611594602,0.4843545974235226,256.4780612010849,302.0269721052639,8283.340868041161,0.22433143855283328,0.034238620047746238,21.92814714707312,25.784053197586809,721.6167437897764,3.5026795051818357,0.6618819926647461,357.10600745590957,421.4226588016944,11297.25442835386,0.3839308776531575,0.07254929660868431,206.303969679503,243.94023900616546,6392.309936737509,0.0,0.0,10.637623263405985,12.772854100970488,232.0342732117855,0.0,0.0,72.61013841636523,86.22499275018886,2035.9187675529643,0.0,0.0,314.58835293934137,375.0208873746904,8131.080633369502,0.0,0.0,42.25256296536923,49.88269588275689,1316.809519480874,0.0,0.0,213.27269650585942,255.7474090422722,4805.672492380135,30.281798869545328,20.7694093755455,365.99809852432187,434.2131186912799,11273.479891759362,0.0,0.0,218.26624677653394,261.8147901816521,4886.76481971688,1134.3010489286265,21.38905321246451,28.075876052045087,21.0,30.0,0.0,21.436312145805727,35.98876812814321,21.0,30.0,227.5574648366138,20.73191496127495,29.081922332785234,21.0,30.0,0.0,20.42229958199785,29.550338045597849,16.0,30.0,0.0,15.788324531352199,40.31538012048465,12.0,30.0,62.749632112959108,19.01949530084151,32.92839052496842,19.0,30.0,0.0,17.874191129518839,35.364136775919828,10.0,30.0,1164.4308131596873,20.666682364726215,29.68030017106475,20.7,30.0,0.0,16.15858412071892,39.40770054414951,16.0,30.0,0.0,19.255464683983744,0.0,0.0,0.0,16.070537139186386,0.0,0.0,620.0492248478025,1062.3648204760639,612.5644281370315,607.4802619589966,602.6634031518722,613.7877626812497,616.0594495556104,610.5040512226462,610.3362588917078,8111.622112635381,82.64096193442885,86.11907370921297,240.0,0.0,240.0,240.0,21.0,16.0,19.0,16.0,19.7,12.0,21.0,10.0,1.0,0.0,1134.3010489286265,0.0,227.5574648366138,0.0,62.749632112959108,0.0,1164.4308131596873,0.0,5263.711287159932,3158226.7722959595,4115396.6511505369,82.64096193442885,86.17814359368748,0.3454570429053311,0.7648749292521664,0.36028137401965956,86.17814359368748,0.3542647819438875,4115396.6511505369,0.21852062585982796 
 03/23  19:10:00,4.753333333333334,68.83333333333334,2.5850000000000006,0.0,0.0,0.0,0.0,1.0,2.0,0.0,0.0,4.0,0.0,0.0,0.0,2812.0,0.0,0.0,0.0,0.0,0.0,0.0,0.0,0.0,0.0,0.0,0.0,20.72742453302626,-856.2465770390068,21.00842078513122,-94.35587260839728,20.94106332851932,-1416.2146439620315,19.656808201806336,681.0081130900405,15.752539038943219,30.99179337897617,19.51993116140926,-79.70164212876075,17.315516553022996,94.60719743190703,18.319561478614135,-211.13201265968815,16.116696817927357,-28.695843490274457,970.0580905330971,970.6140389702728,0.0,0.0,0.0,0.0,0.0,0.0,0.0,0.0,0.0,0.0,0.0,0.0,0.0,0.0,0.0,0.0,0.0,0.0,0.0,0.0,0.0,0.0,1.6250791069255546,0.49605589344491898,273.95317417585786,322.9353084475153,9165.952610207996,0.24987121746334885,0.03813663270197632,19.216358671975738,22.64298763440562,643.8995755361732,3.140954155647486,0.5935287520119967,399.20150061376338,470.2227199518911,13573.341165301224,0.4134425271599504,0.07812594995463912,341.7049307032007,404.01939188104697,10774.938473203252,0.0,0.0,10.367231250407399,12.459583813045232,232.13056269254634,0.0,0.0,13.954945042207042,16.53179835883029,422.4452628576487,0.0,0.0,248.14355514243744,296.2965382204206,6475.023081990751,0.0,0.0,43.28695764429029,51.3062701103069,1309.6405742983364,0.0,0.0,206.28181726625278,247.6714247004901,4750.5336832951429,31.020894074299429,21.276333384293169,408.018308310399,484.5808398819568,12797.671376571854,0.0,0.0,211.29623824223843,253.8575221756743,4794.34538781885,1180.699609240154,21.562360212009147,27.806506058104305,21.75,30.0,0.0,21.41354403952221,36.25097375582522,21.0,30.0,2124.0573354921655,21.73990622335385,27.271638670436866,21.5,30.0,0.0,20.514515593642714,29.539261621505739,16.0,30.0,0.0,15.796985222137114,40.29964403583171,12.0,30.0,696.2703398431766,19.896100864866498,32.53274053259776,19.75,30.0,0.0,17.711832790767333,35.59466918782357,10.0,30.0,468.9726570699231,19.891227389735833,31.916081415193206,19.95,30.0,0.0,16.12563525436206,39.50120588779948,16.0,30.0,0.0,19.218576168339955,0.0,0.0,0.0,15.934605660289553,0.0,0.0,622.3820514297207,1078.1189974606528,610.669629414182,616.7198358982579,607.1874356513931,706.5316596805913,616.0308518616398,658.0260429480563,615.4048652502153,10113.633338687263,81.31745482120833,85.03689490740085,270.0,0.0,270.0,270.0,21.0,16.0,19.0,16.0,19.7,12.0,21.0,10.0,1.0,0.0,1180.699609240154,0.0,2124.0573354921655,0.0,696.2703398431766,0.0,468.9726570699231,0.0,5628.532847557062,3377119.708534237,4420046.27919949,81.31745482120833,85.10006334775808,0.35761776158523547,0.7659716516785335,0.36028137401965956,85.10006334775808,0.3542647819438875,4420046.27919949,0.23488240651837354 
 03/23  19:20:00,4.4766666666666679,70.66666666666667,2.42,0.0,0.0,0.0,0.0,1.0,2.0,0.0,0.0,4.0,0.0,0.0,0.0,2109.0,0.0,0.0,0.0,0.0,0.0,0.0,0.0,0.0,0.0,0.0,0.0,20.9157650853381,-775.4430027609434,20.98292207177444,-95.61681738883233,20.838680959678749,-1425.822166427745,19.756083862485,456.1704208722464,15.770053673932328,29.94585309598395,19.46403331489806,-77.22413574769876,17.29977750878468,85.33439129679327,18.8004815470102,-301.76135993048566,16.06819633920008,-51.66438706940757,1035.1698776170309,1047.128234682325,0.0,0.0,0.0,0.0,0.0,0.0,0.0,0.0,0.0,0.0,0.0,0.0,0.0,0.0,0.0,0.0,0.0,0.0,0.0,0.0,0.0,0.0,1.6275228722260109,0.49680185354884329,240.18174331838049,282.95308461543046,8168.9173750384829,0.25153226791891206,0.03839015078127472,19.868016982515884,23.38661223051116,676.4517351106447,3.3019707844304659,0.6239551746845173,447.2653099796662,526.8049327793611,15322.060295532861,0.4112409058940902,0.07770992174869423,272.318532667995,321.7655755508275,8811.480842164085,0.0,0.0,10.39610735584612,12.493722406623933,238.87985280761519,0.0,0.0,13.873884476468998,16.440020078078605,424.37664497812758,0.0,0.0,251.64516699492425,300.4558067903142,6695.029157265279,0.0,0.0,46.750816869584237,55.23118903581697,1510.8119465210248,0.0,0.0,210.56149364963796,252.8140431469103,4937.2443113711719,31.618329158592105,21.686096816592664,426.0519935779862,505.6168078511766,13650.384057116396,0.0,0.0,216.05919115279526,259.56698675911607,4998.947798585176,1245.088333035373,21.603780858167448,28.172096572839587,21.666666666666658,29.99999999999999,0.0,21.404129058242618,37.0377043228531,20.999999999999994,29.99999999999999,2275.126426887336,21.553980694071077,27.542407500570893,21.666666666666658,29.99999999999999,0.0,20.623494496322228,29.74442590485141,15.999999999999993,29.99999999999999,0.0,15.808833843369082,40.278082349126339,11.999999999999995,29.99999999999999,0.0,19.775268084709876,34.56201472034443,18.999999999999994,29.99999999999999,0.0,17.685915147076277,35.74437675926551,9.999999999999997,29.99999999999999,1241.6809713269984,20.67461846075943,30.63632245968504,20.69999999999999,29.99999999999999,0.0,16.05126939060603,39.79167808936605,15.999999999999993,29.99999999999999,0.0,19.36194137759344,0.0,0.0,0.0,15.874567788601305,0.0,0.0,645.8596992480377,1124.8090813198392,610.732251080095,636.8335812127265,612.9331621486429,817.3009056287797,623.5639754423335,679.1138906552584,624.9348319389849,8813.241092164004,82.17736961648336,84.52556104304695,269.9999999999999,0.0,269.9999999999999,269.9999999999999,21.0,16.0,19.0,16.0,19.7,12.0,21.0,10.0,1.0,0.0,1245.088333035373,0.0,2275.126426887336,0.0,0.0,0.0,1241.6809713269984,0.0,3553.664717236319,2132198.830341792,2798083.2584834729,82.17736961648336,84.56544112893056,0.3451221572412106,0.764749158662865,0.36028137401965945,84.56544112893056,0.35426478194388735,2798083.2584834729,0.15054032944114055 
 03/23  19:30:00,4.2,72.5,2.255,0.0,0.0,0.0,0.0,1.0,2.0,0.0,0.0,4.0,0.0,0.0,0.0,3518.0,0.0,0.0,0.0,0.0,0.0,0.0,0.0,0.0,0.0,0.0,0.0,20.858866602449586,-563.0375375815305,20.950131084328338,-99.21744124765449,20.951070371378728,-1487.6599303796989,19.80393263110236,493.46501043947549,15.785879173034012,27.29857456385455,19.348448472101244,-63.95196972102934,17.225175966347469,154.74963234592088,18.75538168261146,-289.29648508058008,16.35456879886639,-170.2450126487822,1007.5694712509571,984.1015404826803,0.0,0.0,0.0,0.0,0.0,0.0,0.0,0.0,0.0,0.0,0.0,0.0,0.0,0.0,0.0,0.0,0.0,0.0,0.0,0.0,0.0,0.0,1.715998435329007,0.5238090461932256,194.30065964497678,229.11207215379188,6733.560748611259,0.25253559759401036,0.03854328412606996,22.163578944036418,26.13100630331259,764.6731653738503,3.1025917802056695,0.5862796258892046,364.0573708919078,429.19585877598868,12669.161234438314,0.39693434718848377,0.07500649039842852,313.70712197560229,370.9035675294966,10317.43831080018,0.0,0.0,10.277059796219455,12.356211945217753,242.11671661848883,0.0,0.0,14.341316347315308,17.00823355893995,442.3454395988609,0.0,0.0,226.87891532262814,271.244741706946,6097.69981826194,0.0,0.0,49.14446561396656,58.168550748007799,1588.4549942324136,0.0,0.0,189.0811349603869,227.02454950022418,4638.161947680583,32.086300954674,22.00706512666256,366.4707796870892,435.38385255307699,12043.6995936991,0.0,0.0,194.5444727224785,234.04939391287744,4558.415228585615,1140.6904710354514,21.515568313377725,28.322240893182426,21.6,30.0,0.0,21.373602396098219,36.749151730734009,21.0,30.0,1761.6487615224992,21.631096595070767,27.47033222339516,21.400000000000003,30.0,0.0,20.68235407624613,29.25337252323739,16.0,30.0,0.0,15.81814196508866,40.3932247419104,12.000000000000002,30.0,0.0,19.619436693502509,36.33880801618714,19.0,30.0,0.0,17.546554536931468,36.35495294485192,10.0,30.0,752.574430728922,20.405739074988767,31.243079137813284,20.1,30.0,821.0947956212355,16.369669558577635,39.286366200252647,16.200000000000004,30.0,0.0,19.219482903143019,0.0,0.0,0.0,15.7212388329824,0.0,0.0,648.8488790604097,1108.3784782444964,615.7859955353202,622.1357185020759,623.1873423353852,902.1859211517372,641.6396306758038,686.346513657709,641.9915300057189,8097.975273205218,81.50561995610033,84.29692701563445,270.0,0.0,270.0,270.0,21.0,16.0,19.0,16.0,19.7,12.0,21.0,10.0,1.0,0.0,1140.6904710354514,0.0,1761.6487615224992,0.0,0.0,0.0,752.574430728922,821.0947956212355,4224.299641551555,2534579.784930933,3305043.482480146,81.50561995610033,84.34433267600886,0.2768099880517185,0.5828162843395253,0.28822509921572767,84.34433267600886,0.28341182555511,3305043.482480146,0.17690226108896762 
 03/23  19:40:00,3.923333333333334,74.33333333333334,2.09,0.0,0.0,0.0,0.0,1.0,2.0,0.0,0.0,4.0,0.0,0.0,0.0,2818.0,0.0,0.0,0.0,0.0,0.0,0.0,0.0,0.0,0.0,0.0,0.0,20.866325266998147,-593.8976245830866,20.918438079482607,-113.53856184170307,20.87548233205701,-1239.3085714347913,19.801260524993567,372.9451939721199,15.80178811554863,27.368294040297906,19.251392221586099,-51.38181850733594,17.401191041065986,170.70613633517366,18.676122183860316,-216.81736294871875,16.49260307618441,-324.5621452944205,979.5585967671428,1020.5444442287795,0.0,0.0,0.0,0.0,0.0,0.0,0.0,0.0,0.0,0.0,0.0,0.0,0.0,0.0,0.0,0.0,0.0,0.0,0.0,0.0,0.0,0.0,1.7372127977320607,0.5302847367924485,138.0230242887639,162.90106444524069,4841.13899234621,0.2542715270071879,0.038808230617702697,21.964152001346755,25.88550088687843,769.1487218296325,3.271065628435751,0.6181151981171114,287.73416587138265,339.20515425169585,10180.833011054325,0.39972652305922176,0.07553411244505323,274.3950332214155,324.4390737508012,9163.203939423278,0.0,0.0,10.247189816665788,12.32074134397881,247.4103074546788,0.0,0.0,13.25326761317965,15.72218345246444,413.06131349310297,0.0,0.0,215.79936068049299,257.6544636084972,6051.530820929447,0.0,0.0,42.95789379134311,50.88482869626786,1393.5055572791644,0.0,0.0,175.23624227844264,210.13970653882823,4484.143225047594,32.51877914502223,22.30368939987809,288.7992134711942,343.5517548205995,9651.44482664442,0.0,0.0,180.25949546693665,216.9502271769335,4249.225832838785,924.6074852329314,21.546680749664735,28.401287476727437,21.500000000000008,30.00000000000001,0.0,21.345226340747286,36.977115520949528,21.000000000000008,30.00000000000001,1923.3083765397692,21.500384400630357,27.773319053298807,21.500000000000008,30.00000000000001,0.0,20.641479271217894,29.508730989869787,16.000000000000008,30.00000000000001,0.0,15.828952685032278,40.54423008488084,12.000000000000004,30.00000000000001,0.0,19.492689842144377,37.63188176711229,19.000000000000008,30.00000000000001,0.0,17.85175650411511,35.848136259298097,10.000000000000004,30.00000000000001,624.3210951162865,20.162300378111789,31.995231588250236,19.950000000000008,30.00000000000001,0.0,16.57920259098381,39.02889789039966,16.000000000000008,30.00000000000001,0.0,18.867557995391949,0.0,0.0,0.0,15.51869345774396,0.0,0.0,659.6514900695893,1121.4105515851753,621.2219724537056,632.8310703251495,635.5000600840709,965.6057273755585,654.4330843057586,705.6118044395792,658.1577744508585,7904.450718361542,81.29434611145227,84.84810783914149,270.0000000000001,0.0,270.0000000000001,270.0000000000001,21.0,16.0,19.0,16.0,19.7,12.0,21.0,10.0,1.0,0.0,924.6074852329314,0.0,1923.3083765397692,0.0,0.0,0.0,624.3210951162865,0.0,5378.070853980307,3226842.5123881839,4208858.45126374,81.29434611145227,84.90846251095695,0.26426902846601027,0.5379264997725258,0.27021103051474468,84.90846251095695,0.2656985864579156,4208858.45126374,0.22390063946571443 
 03/23  19:50:00,3.6466666666666667,76.16666666666666,1.925,0.0,0.0,0.0,0.0,1.0,2.0,0.0,0.0,4.0,0.0,0.0,0.0,2820.0,0.0,0.0,0.0,0.0,0.0,0.0,0.0,0.0,0.0,0.0,0.0,20.93206651336382,-533.316478891669,20.885127158977754,-101.81498061650648,21.055333659503654,-1525.3218174334975,19.778562095020555,411.04226897621836,15.821240653272428,28.915682435757746,19.173250437345737,-55.03842053487338,17.33261242918264,54.3237784558321,18.791732652833958,-272.81207762410949,16.19398258453873,-174.405022790741,1072.3031706108862,1165.2128808674077,0.0,0.0,0.0,0.0,0.0,0.0,0.0,0.0,0.0,0.0,0.0,0.0,0.0,0.0,0.0,0.0,0.0,0.0,0.0,0.0,0.0,0.0,1.772051870321731,0.5409193743350829,223.9208230272102,264.5305263325549,7913.443061025365,0.26010830008642396,0.03969906899975946,22.687487893451484,26.746404517342783,805.7857965207657,3.2839231124934735,0.6205448058377692,375.89141241911548,443.2064345453777,13508.722746806214,0.40303635733549517,0.07615955354034297,266.61626205797998,315.2161274499373,9034.485257419816,0.0,0.0,10.249399161288292,12.324809248841432,253.60774989335256,0.0,0.0,14.143365604149715,16.786694540092193,446.1769817455885,0.0,0.0,242.88954113750314,290.2448914043106,6870.8548076559659,0.0,0.0,49.46987205048968,58.56765907370928,1648.857213590692,0.0,0.0,205.56531094703005,246.9067451846181,5224.1804135003,33.02595136388903,22.651544145328559,372.0616500796616,442.1953573668977,12658.080164785533,0.0,0.0,211.6706146424408,254.6995035061201,5170.959587873189,1039.287070115222,21.518424356378739,28.491852591863787,21.5,30.0,0.0,21.313343109886188,36.958423574459967,21.0,30.0,2075.6343434406137,21.70648601749706,27.50272668003085,21.5,30.0,0.0,20.594519916734538,29.803097046465603,16.0,30.0,0.0,15.847271181337128,40.74711508798414,12.0,30.0,0.0,19.39720761833989,38.59846804047709,19.0,30.0,0.0,17.681327329533109,36.488033645573,10.0,30.0,503.43492749380177,20.33586177902581,31.779796388009538,20.2,30.0,0.0,16.18998735494926,40.35788019480347,16.0,30.0,0.0,19.10275476742306,0.0,0.0,0.0,15.666174492604263,0.0,0.0,664.1853536806832,1121.1712646624479,628.4613317606334,646.0963947030313,651.2413185987073,1014.2912110937325,671.6452052759557,718.9943793532075,680.0383485139046,9052.71373939413,82.0191543973418,82.0191543973418,270.0,0.0,270.0,270.0,21.0,16.0,19.0,16.0,19.7,12.0,21.0,10.0,1.0,0.0,1039.287070115222,0.0,2075.6343434406137,0.0,0.0,0.0,503.43492749380177,0.0,0.0,0.0,0.0,82.0191543973418,82.0191543973418,0.34,0.7700614541906398,0.36028137401965956,82.0191543973418,0.3542647819438875,0.0,0.004995000000000001 
 03/23  20:00:00,3.37,78.0,1.76,0.0,0.0,0.0,0.0,1.0,2.0,0.0,0.0,4.0,0.0,0.0,0.0,2820.0,0.0,0.0,0.0,0.0,0.0,0.0,0.0,0.0,0.0,0.0,0.0,21.01456616125791,-600.6235412327822,20.858212049853884,-99.12429377358979,21.08082909070408,-1506.4314343497388,19.786297782139383,408.4789838003501,15.83843503717285,26.860213188322719,19.09988795772386,-55.789161678941287,17.295162816226289,147.29310715553675,18.8078020196482,-245.5330205820685,16.73455273871845,-365.5895962260853,1081.174980910532,1078.7120019948948,0.0,0.0,0.0,0.0,0.0,0.0,0.0,0.0,0.0,0.0,0.0,0.0,0.0,0.0,0.0,0.0,0.0,0.0,0.0,0.0,0.0,0.0,1.7996651283589583,0.5493483297799018,207.64858504240548,245.22276131179633,7507.778232561864,0.2714413232335133,0.041428773387288359,21.548782012605498,25.411381479581747,777.2680714488818,3.3380338261939577,0.6307698084266741,356.69702246015557,420.59062256527877,13039.31270103251,0.40979344576320467,0.07743640320544303,265.12025808356909,313.48167048818058,9131.13687839603,0.0,0.0,10.375638803566133,12.477067081638339,262.87607679988897,0.0,0.0,13.975317030068658,16.593355634801016,446.3940105008695,0.0,0.0,230.14898601717466,275.2124511743132,6602.799688239468,0.0,0.0,43.54241284681605,51.55432243729497,1472.278095936949,0.0,0.0,188.70052399658324,226.46970463084757,5034.8218383698,33.47558576395823,22.959935366226504,351.58574705785829,418.0428701642801,12171.779738328101,0.0,0.0,193.94779553902414,233.64316186646495,4770.991445713721,957.8438328228838,21.596577551403465,28.482717339732955,21.25,30.0,0.0,21.287253060098068,37.15917748838846,21.0,30.0,2023.1385141571932,21.701555063861095,27.410949978052626,21.5,30.0,0.0,20.59222959246571,29.791807952532119,16.0,30.0,0.0,15.861419211780337,40.958738437728509,12.0,30.0,0.0,19.310305216787744,39.27842608443677,19.0,30.0,0.0,17.617864817516894,36.75606705994079,10.0,30.0,1106.2107872623024,20.27045175776376,32.090926075713138,20.45,30.0,1557.9082076123246,16.719189232941554,39.2414495478499,16.5,30.0,0.0,19.041813657610985,0.0,0.0,0.0,15.424053339805859,0.0,0.0,673.8923421166155,1133.0595627633689,625.4113360751305,648.0993273464563,666.9568560107036,1048.507763538231,682.5300429052859,737.8416470587933,693.101572745724,10838.329845864399,80.8382009255578,86.31424316597004,270.0,0.0,270.0,270.0,21.0,16.0,19.0,16.0,19.7,12.0,21.0,10.0,1.0,0.0,957.8438328228838,0.0,2023.1385141571932,0.0,0.0,0.0,1106.2107872623024,1557.9082076123246,8286.901346490838,4972140.807894503,6488089.603572613,80.8382009255578,86.40724454242489,0.36123004488302798,0.7677232109079669,0.36028137401965956,86.40724454242489,0.3542647819438875,6488089.603572613,0.34233065938577586 
 03/23  20:10:00,3.335,78.66666666666667,1.725,0.0,0.0,0.0,0.0,0.0,2.0,0.0,0.0,4.0,0.0,0.0,0.0,4233.0,0.0,0.0,0.0,0.0,0.0,0.0,0.0,0.0,0.0,0.0,0.0,20.959914957278664,-584.9402198577836,20.834878234267188,-106.31458351644699,20.972281729695326,-1478.3468919128664,19.844493370348386,437.05803173490787,15.853467785355868,26.415253085948664,19.135824924916606,-37.24767967100023,17.560231498695019,285.99901234948706,18.526987256507753,-136.7640063291235,16.90394004107622,-524.195363514549,1072.7665477474998,989.3421356069658,0.0,0.0,0.0,0.0,0.0,0.0,0.0,0.0,0.0,0.0,0.0,0.0,0.0,0.0,0.0,0.0,0.0,0.0,0.0,0.0,0.0,0.0,1.8128682582525205,0.553378589210171,173.84753529173836,205.22239824218046,6319.040327590188,0.28111871548870395,0.042905786857250289,20.488562503964198,24.164365693731687,740.3486191805154,3.271349294630882,0.6181688009506582,329.08070792597138,388.18043004158309,12051.185725118945,0.4111678911407384,0.07769612455418333,296.62605584423457,351.0220171991087,10272.806420432513,0.0,0.0,10.531079023116553,12.67000476995496,267.8044264302304,0.0,0.0,13.077205290716045,15.532542445077798,419.88585455601989,0.0,0.0,181.74729390577336,216.93058569289145,5402.907002055876,0.0,0.0,36.13120861511853,42.88761851567323,1192.7812516100476,0.0,0.0,137.5939207437506,164.73947859448098,3844.6398638294256,33.649907484218449,23.079497588627196,333.04001828612305,396.2353777612799,11556.167573822986,0.0,0.0,142.07612171076372,171.35007641249656,3394.729780498056,675.2649425112348,21.49003484386632,28.65002104183426,21.33333333333333,30.0,0.0,21.261991578998637,37.624148639302919,20.999999999999998,30.0,1904.6008545067776,21.58200196500059,27.776117119419206,21.499999999999994,30.0,0.0,20.687527377645094,29.527075006684293,15.999999999999999,30.0,0.0,15.872821475757977,41.09017588470815,11.999999999999997,30.0,0.0,19.36166557282963,39.48781586346972,18.999999999999998,30.0,0.0,18.111190555847967,35.69021833990536,9.999999999999999,30.0,0.0,19.787433654319107,32.466843932567929,11.999999999999997,30.0,0.0,17.2106353596846,38.094618418710087,15.999999999999999,30.0,0.0,18.946217040767889,0.0,0.0,0.0,15.038514272004833,0.0,0.0,674.8835741394337,1159.7705824052815,635.688253699334,645.2339515321851,678.345452243759,1075.2284314776289,688.5752410170138,705.6489655513084,701.2192444069139,6003.028847973434,81.76427144010005,83.03240790990718,569.9999999999999,0.0,569.9999999999999,569.9999999999999,21.0,16.0,19.0,16.0,12.0,12.0,21.0,10.0,1.0,0.0,675.2649425112348,0.0,1904.6008545067776,0.0,0.0,0.0,0.0,0.0,1918.9927904383065,1151395.6742629845,1493921.1552553566,81.76427144010005,83.05394507708867,0.2339664263479435,0.4873042071004119,0.24018758267977298,83.05394507708867,0.23617652129592496,1493921.1552553566,0.08803890007327853 
 03/23  20:20:00,3.3000000000000004,79.33333333333334,1.6900000000000002,0.0,0.0,0.0,0.0,0.0,2.0,0.0,0.0,4.0,0.0,0.0,0.0,2826.0,0.0,0.0,0.0,0.0,0.0,0.0,0.0,0.0,0.0,0.0,0.0,20.93212715701515,-969.4996235366839,20.80597351016901,-112.86946541069512,20.843262746496675,-651.4340573361573,19.79285309539184,226.63764531872816,15.871389557282072,28.07952869221302,19.196978712571775,-49.521262309820098,17.559270838740269,93.6616437124653,17.83960312663548,-52.34289207745619,16.396113148525683,-382.57786143647089,1026.9868565638658,1145.8009529679985,0.0,0.0,0.0,0.0,0.0,0.0,0.0,0.0,0.0,0.0,0.0,0.0,0.0,0.0,0.0,0.0,0.0,0.0,0.0,0.0,0.0,0.0,1.811522916148912,0.5529679231223785,183.54821891483489,216.559028942777,6629.711330055978,0.27471500591521116,0.04192841970622882,21.50778276139148,25.363809269042667,776.6208944236643,3.470597950130264,0.6558197184675483,246.45180201708187,290.9718280024905,8973.245456517572,0.4085285713072444,0.07719738686833794,250.69554282966738,296.81279239217818,8647.850825452777,0.0,0.0,10.354807620489304,12.453611962007612,264.4663957283331,0.0,0.0,13.320567184433317,15.807196492651347,431.35894792728927,0.0,0.0,232.61157043958995,277.65952843749735,6895.74448038578,0.0,0.0,26.374100689375085,31.42811791432557,813.0964858440329,0.0,0.0,184.41196834516254,221.3797333205049,4878.665438201026,33.69956244995466,23.113554492424336,262.69118477740349,312.979479884349,9154.152971218777,0.0,0.0,188.4137925930793,227.08090355704219,4573.274443193128,1018.5012802826061,21.365069877799085,28.853105778748728,21.500000000000005,30.000000000000008,0.0,21.225395335497614,37.639218966693629,21.000000000000005,30.000000000000008,1011.2970413800501,21.322268987881956,28.566510335643366,21.250000000000005,30.000000000000008,0.0,20.565466327754995,29.825204629526544,16.000000000000005,30.000000000000008,0.0,15.89101159670594,41.186674103696159,12.000000000000002,30.000000000000008,0.0,19.463937517268247,39.60387068495151,19.000000000000005,30.000000000000008,0.0,18.037290628270914,36.00851552000606,10.000000000000002,30.000000000000008,0.0,18.618225861820734,34.71990560545953,12.000000000000002,30.000000000000008,0.0,16.380025134122645,40.13989441323173,16.000000000000005,30.000000000000008,0.0,18.675010934379178,0.0,0.0,0.0,15.21276385513325,0.0,0.0,675.9774551673604,1159.0447803348066,655.821991837866,649.9105635473432,688.4907629164502,1102.1962003524332,697.3676925595557,695.8844662671668,703.2741599559998,7448.265461246645,82.02500230683057,84.03053478409425,570.0000000000001,0.0,570.0000000000001,570.0000000000001,21.0,16.0,19.0,16.0,12.0,12.0,21.0,10.0,1.0,0.0,1018.5012802826061,0.0,1011.2970413800501,0.0,0.0,0.0,0.0,0.0,3034.6436420289358,1820786.1852173615,2356367.4551487166,82.02500230683057,84.0645953834691,0.27115478806763129,0.5392402551177898,0.2702110305147447,84.0645953834691,0.26569858645791569,2356367.4551487166,0.13266444100106659 
 03/23  20:30:00,3.265,80.0,1.655,0.0,0.0,0.0,0.0,0.0,2.0,0.0,0.0,4.0,0.0,0.0,0.0,2121.0,0.0,0.0,0.0,0.0,0.0,0.0,0.0,0.0,0.0,0.0,0.0,21.066122295755976,-1416.375236113845,20.780321578859814,-102.99866656481979,20.573397384159138,-384.9896385979153,19.68447869906539,352.2732221249139,15.888821850000916,26.873162736168064,19.223080264024014,-66.7865743775812,17.43313169839414,74.65356742525482,17.395098126896199,-26.402273371837159,16.514187734914274,-434.51422058654569,1047.9002740267627,1175.8592012285483,0.0,0.0,0.0,0.0,0.0,0.0,0.0,0.0,0.0,0.0,0.0,0.0,0.0,0.0,0.0,0.0,0.0,0.0,0.0,0.0,0.0,0.0,1.788755227996491,0.546018079364008,245.03295913119593,288.8658744136118,8995.272349276618,0.28417136011361046,0.04337169720903698,19.47709269962675,22.965852340359669,704.9466784604022,3.472121755652758,0.6561076635776187,276.6754061636713,326.86082548825189,9938.496925842293,0.42765152589949376,0.08081094593716808,298.05609759145366,352.9382696169035,10199.647496925107,0.0,0.0,10.42897024247857,12.53938317535834,267.50514289910077,0.0,0.0,13.877329886555544,16.462847886825228,451.5222102788916,0.0,0.0,257.2457826992321,307.28456919764019,7535.038635935621,0.0,0.0,20.278102111572566,24.21994196803513,598.1525371495364,0.0,0.0,204.42084970011337,245.37820259759304,5428.519433001224,33.87218841898019,23.231953648134554,295.16900818484296,351.5913129358446,10179.113183451702,0.0,0.0,207.49674669966027,250.1132666553584,5030.617894216486,1784.9166809651707,21.64912125815835,28.073240921064156,21.999999999999994,29.99999999999999,0.0,21.195093474174457,37.91429226649756,20.999999999999994,29.99999999999999,108.25654917474992,21.092605736543115,28.848277491770298,20.999999999999994,29.99999999999999,0.0,20.39694668115905,30.384229056493088,15.999999999999993,29.99999999999999,0.0,15.908977360396002,41.227248282574347,11.999999999999995,29.99999999999999,0.0,19.506755154660988,39.49531570747192,18.999999999999994,29.99999999999999,0.0,17.802104471727249,36.35915272477192,9.999999999999997,29.99999999999999,0.0,17.892318386628497,36.345987880446447,11.999999999999995,29.99999999999999,924.4658921504774,16.37080036240249,40.178153578877509,16.33333333333333,29.99999999999999,0.0,18.694275326574329,0.0,0.0,0.0,15.171294826462909,0.0,0.0,659.7714567771113,1173.8686706795778,648.7082557515223,663.2778665230707,695.1804856559204,1105.073656868242,690.2623410849258,697.3174029784032,704.5721917138639,8103.529816357855,82.6466076992953,82.6466076992953,569.9999999999998,0.0,569.9999999999998,569.9999999999998,21.0,16.0,19.0,16.0,12.0,12.0,21.0,10.0,1.0,0.0,1784.9166809651707,0.0,108.25654917474992,0.0,0.0,0.0,0.0,924.4658921504774,0.0,0.0,0.0,82.6466076992953,82.6466076992953,0.3399999999999999,0.769513245453429,0.36028137401965945,82.6466076992953,0.35426478194388735,0.0,0.009911666666666666 
 03/23  20:40:00,3.23,80.66666666666667,1.62,0.0,0.0,0.0,0.0,0.0,2.0,0.0,0.0,4.0,0.0,0.0,0.0,2828.0,0.0,0.0,0.0,0.0,0.0,0.0,0.0,0.0,0.0,0.0,0.0,20.927494229908285,-933.2275394900012,20.766617172882193,-79.52520488635082,21.116204533191586,-1480.2721037993663,19.81058136134523,613.6916332968427,15.902369581670357,26.167639193852176,19.235450102068464,-61.280827613050188,17.513308547357469,243.70281242999213,17.10073267495777,-30.08558469887112,16.553510809326747,-470.98524485814,1117.57460154843,1069.807755983546,0.0,0.0,0.0,0.0,0.0,0.0,0.0,0.0,0.0,0.0,0.0,0.0,0.0,0.0,0.0,0.0,0.0,0.0,0.0,0.0,0.0,0.0,1.8152198677146696,0.5540964187163218,281.65638755062829,332.43546789413525,10289.324164700678,0.31010984595565696,0.04733056256954474,15.846375261586838,18.705511007545586,577.0964397444637,3.260979265401356,0.6162092338248976,391.74000965253256,462.03839966509266,14534.320662722996,0.4362250898018531,0.08243104493610226,341.40601725001616,404.093267607885,11883.429854800597,0.0,0.0,10.859139248998642,13.06063267633115,279.5824798041131,0.0,0.0,14.728525126851995,17.478217201634739,480.9555082877707,0.0,0.0,227.81739744249817,272.07503491144186,6766.608483466127,0.0,0.0,12.765424702371853,15.2729053253694,366.1272265745569,0.0,0.0,168.10018715878054,201.75031696449958,4529.3665068216309,34.212547023848959,23.46539576395677,399.33507850486617,475.0589107516812,13880.46942657567,0.0,0.0,173.83363466372956,209.79131419458879,4144.856588890054,1015.3825260404001,21.52502715202126,28.299138192437657,21.750000000000008,30.00000000000001,0.0,21.184923293123548,38.590913561399428,21.000000000000008,30.00000000000001,2136.105727304032,21.734747448168468,27.772082277035513,21.500000000000008,30.00000000000001,0.0,20.65544470434662,29.82218633836266,16.000000000000008,30.00000000000001,0.0,15.920877004089185,41.15726192526136,12.000000000000004,30.00000000000001,0.0,19.53080714143642,39.35275833270424,19.000000000000008,30.00000000000001,0.0,17.97406851596021,35.87722491745646,10.000000000000004,30.00000000000001,0.0,17.450061613899224,37.35373744767112,12.000000000000004,30.00000000000001,0.0,16.545558043685387,39.617966150473218,16.000000000000008,30.00000000000001,0.0,19.07030653667344,0.0,0.0,0.0,14.913567252645948,0.0,0.0,659.4449262204184,1213.6463964257499,649.688268164526,658.3678831108459,695.6031143040142,1101.8730489996509,687.2025744162435,697.3677479469052,702.0866120171359,9284.907436908425,81.86557293364322,81.86557293364322,570.0000000000002,0.0,570.0000000000002,570.0000000000002,21.0,16.0,19.0,16.0,12.0,12.0,21.0,10.0,1.0,0.0,1015.3825260404001,0.0,2136.105727304032,0.0,0.0,0.0,0.0,0.0,0.0,0.0,0.0,81.86557293364322,81.86557293364322,0.34000000000000016,0.7715447410146256,0.36028137401965967,81.86557293364322,0.35426478194388769,0.0,0.00969 
 03/23  20:50:00,3.1950000000000005,81.33333333333334,1.585,0.0,0.0,0.0,0.0,0.0,2.0,0.0,0.0,4.0,0.0,0.0,0.0,1414.0,0.0,0.0,0.0,0.0,0.0,0.0,0.0,0.0,0.0,0.0,0.0,21.274954206856934,-1298.4783890678014,20.773483490179197,-54.744554095063737,20.66167063475693,-472.78399749633447,19.75850828524598,88.56259895527319,15.919411072621753,29.625061717083299,19.24020975745841,-74.16185378675113,17.61166322520203,172.31340013329737,16.813042204907079,-60.90145298877104,16.171815204948083,-343.6789124147199,1161.2212974770274,1230.6883542317738,0.0,0.0,0.0,0.0,0.0,0.0,0.0,0.0,0.0,0.0,0.0,0.0,0.0,0.0,0.0,0.0,0.0,0.0,0.0,0.0,0.0,0.0,1.7104366179139568,0.5221112997295351,317.85029125151797,374.5193790751795,11550.60503447704,0.3125333708494348,0.04770045342634842,15.906220517721995,18.741245719119747,581.4232894658205,3.8535911312005237,0.7281918237340372,472.14612779546459,556.8626714877504,17197.11642706667,0.43941878224823685,0.08303453935151864,229.67564619098065,271.8841165167941,7993.5893616581729,0.0,0.0,11.444572393801153,13.751646798724956,295.9994108792564,0.0,0.0,16.07088760885119,19.048563608039879,526.332055599141,0.0,0.0,260.8431916428616,311.07335314845269,7837.192715114576,0.0,0.0,17.412674682888395,20.840375286496394,485.42303026322056,0.0,0.0,190.72144374499767,229.08803835405917,4966.196884832573,34.40967142973982,23.600597688436097,459.1679145897852,545.387049569532,15900.75940485299,0.0,0.0,204.61374291527756,246.56911416258209,4961.759979195593,1859.3063403211064,21.89246928214454,27.862406770089906,22.0,30.0,0.0,21.208505208231665,39.87374255862247,21.0,30.0,1052.4804724993294,21.2240366624192,28.916255363082489,21.5,30.0,0.0,20.477660029109715,30.271114101627665,16.0,30.0,0.0,15.9410400112999,41.01262806095977,12.0,30.0,0.0,19.540588485038606,38.967444191471418,19.0,30.0,0.0,18.11167784186937,35.692033109608008,10.0,30.0,0.0,17.009531776655089,38.412111576338059,12.0,30.0,90.64538681292004,16.035957597847437,40.834952381642377,16.0,30.0,0.0,19.26054869675999,0.0,0.0,0.0,15.080673253673897,0.0,0.0,669.9649123981208,1293.8483019391888,663.9375595582401,664.1332171761396,693.5691559114141,1082.2512407707605,693.473309679479,699.0940733790583,699.3981565521235,8237.409538742731,82.55789780493707,85.97329333776891,570.0,0.0,570.0,570.0,21.0,16.0,19.0,16.0,12.0,12.0,21.0,10.0,1.0,0.0,1859.3063403211064,0.0,1052.4804724993294,0.0,0.0,0.0,0.0,90.64538681292004,5168.891830650405,3101335.098390243,4019583.4606222196,82.55789780493707,86.03129809225143,0.34229639435501349,0.7666905880236298,0.36028137401965956,86.03129809225143,0.3542647819438875,4019583.4606222196,0.21858167328568874 
 03/23  21:00:00,3.16,82.0,1.55,0.0,0.0,0.0,0.0,0.0,2.0,0.0,0.0,4.0,0.0,0.0,0.0,6363.0,0.0,0.0,0.0,0.0,0.0,0.0,0.0,0.0,0.0,0.0,0.0,21.151713005465156,-1243.890437939087,20.768315388053794,-104.8029235631709,20.918192196944,-912.7813713599066,19.65483792399397,564.5944750542548,15.934218720853933,27.772064173842784,19.24053044553654,-54.55158738944686,17.63907448108587,159.49069032551177,16.603560494193198,-90.89831252615869,16.615659979817928,-475.1882412904572,1036.6666272783994,1205.0474354341757,0.0,0.0,0.0,0.0,0.0,0.0,0.0,0.0,0.0,0.0,0.0,0.0,0.0,0.0,0.0,0.0,0.0,0.0,0.0,0.0,0.0,0.0,1.8099237815360128,0.5524797867936564,253.95619771839515,299.9239031757502,9372.023393006964,0.2829515630558932,0.04318552549693133,20.9494673638771,24.734782816972616,762.2445384162315,3.4713497933890409,0.6559617901339856,333.9991635035559,394.5683880554023,12264.851136620066,0.4472579026810611,0.08451585462605106,332.7229038348357,394.44235092602039,11435.347467793114,0.0,0.0,10.630617176068029,12.794576210505367,275.9750964637184,0.0,0.0,13.632835730474142,16.19457546381837,447.54525885260838,0.0,0.0,241.97491974158585,289.0755581310839,7292.492369407974,0.0,0.0,26.94947707790441,32.345089207982947,738.6811030144273,0.0,0.0,165.52279323281273,198.70017904654257,4547.28979864577,34.339427402938287,23.552419343579144,346.51238560588669,412.9281040310567,12006.205895399276,0.0,0.0,189.47178137692513,228.78573623821513,4584.322197538315,1824.805303483134,21.64685108540443,28.505217889187266,22.00000000000006,30.000000000000087,0.0,21.200227663977299,39.70644920926883,21.000000000000058,30.000000000000087,1276.2525461803244,21.429318804962678,28.65822332875392,21.33333333333339,30.000000000000087,0.0,20.355293147381315,30.801091266521249,16.000000000000044,30.000000000000087,0.0,15.956652341499474,40.95981783069147,12.000000000000036,30.000000000000087,0.0,19.547460029554963,38.87099516053275,19.000000000000058,30.000000000000087,0.0,18.132513022711384,35.614750192390378,10.000000000000029,30.000000000000087,0.0,16.716863636262919,39.11068158117876,12.000000000000036,30.000000000000087,897.0803580316388,16.760655477893239,38.97101342259775,16.44444444444449,30.000000000000087,0.0,18.835038594753415,0.0,0.0,0.0,15.021945373207798,0.0,0.0,682.3671717121639,1283.0917602045179,668.4061067382214,679.5312749146182,694.0401506448304,1078.1355407068075,692.1755261035434,699.4120151852447,698.8416298524126,9765.302432432185,81.5478493134753,83.17527025739173,570.0000000000015,0.0,570.0000000000015,570.0000000000015,21.0,16.0,19.0,16.0,12.0,12.0,21.0,10.0,1.0,0.0,1824.805303483134,0.0,1276.2525461803244,0.0,0.0,0.0,0.0,897.0803580316388,2462.774866962642,1477664.9201775809,1913114.341310072,81.5478493134753,83.20290926768618,0.3465369400098666,0.7688248873776308,0.36028137401966067,83.20290926768618,0.3542647819438885,1913114.341310072,0.10891861241479041 
 03/23  21:10:00,2.946666666666667,83.66666666666667,1.5066666666666669,0.0,0.0,0.0,0.0,0.0,2.0,0.0,0.0,4.0,0.0,0.0,0.0,1414.0,0.0,0.0,0.0,0.0,0.0,0.0,0.0,0.0,0.0,0.0,0.0,20.534869440922948,-360.90051391879936,20.730088033593036,-134.66496473918029,20.704668113134745,-1447.5600256254393,19.77360204516809,380.2168503386283,15.946808888848758,26.01323372865201,19.250862222350784,-40.76348466232997,17.543738365896269,20.877315099265617,16.376238838914973,-76.77227998118997,16.26667341336063,-335.1439790928057,1134.2516050549312,1296.4537520571658,0.0,0.0,0.0,0.0,0.0,0.0,0.0,0.0,0.0,0.0,0.0,0.0,0.0,0.0,0.0,0.0,0.0,0.0,0.0,0.0,0.0,0.0,1.9305760957676417,0.5893089425420153,244.63756380974253,289.20720588780287,8742.220084733954,0.2614522240944252,0.03990418560659725,27.909227905588489,32.874820724383557,1020.3944631370545,3.2817610992602406,0.6201362621429029,392.23054156638929,463.0653762608108,14310.890775194068,0.41576256586111229,0.07856435484903857,299.5322732617172,354.52170430168618,10526.826679250637,0.0,0.0,9.823419706354948,11.808303582163651,259.5720673407747,0.0,0.0,13.644968542675328,16.178889079567268,454.639718265173,0.0,0.0,248.48856631613104,296.6487079196803,7488.618301262753,0.0,0.0,27.180148937390727,32.62048728959786,740.0229163770169,0.0,0.0,177.58777122181079,213.2534377678269,4759.489658624581,34.43435582424526,23.61752800016822,396.13008192120858,471.06094401961169,13872.298531950273,0.0,0.0,204.04411330599113,245.95596820968377,5040.966252441604,199.7693819448193,20.71406570775089,30.486505246332734,21.0,30.0,0.0,21.14440275634297,38.52473682172183,21.0,30.0,1356.737893198145,21.14192597079152,29.057587193053629,21.0,30.0,0.0,20.534227998171823,30.4699445862374,16.0,30.0,0.0,15.969572200226648,41.0064552781803,12.0,30.0,0.0,19.575336804992209,39.34273720837423,19.0,30.0,0.0,17.91072341048541,36.171468568219768,10.0,30.0,0.0,16.383935572066535,39.9559819310455,12.0,30.0,0.0,16.174770573938909,40.485347081342,16.0,30.0,0.0,19.00273795840332,0.0,0.0,0.0,15.059811077626549,0.0,0.0,698.5851440384641,1205.2817646592485,661.5528843842549,679.23142098388,698.84632318172,1108.8570709941765,694.580418300556,700.7017439804631,700.4725693388366,9993.849472304735,81.39677236255315,84.82030870565535,570.0,0.0,570.0,570.0,21.0,16.0,19.0,16.0,12.0,12.0,21.0,10.0,1.0,0.0,199.7693819448193,0.0,1356.737893198145,0.0,0.0,0.0,0.0,0.0,5181.199983617218,3108719.9901703309,4028139.747452344,81.39677236255315,84.87845171812191,0.342706666120574,0.7722740271106445,0.36028137401965956,84.87845171812191,0.3542647819438875,4028139.747452344,0.21877326686752189 
 03/23  21:20:00,2.7333333333333336,85.33333333333334,1.4633333333333334,0.0,0.0,0.0,0.0,0.0,2.0,0.0,0.0,4.0,0.0,0.0,0.0,2828.0,0.0,0.0,0.0,0.0,0.0,0.0,0.0,0.0,0.0,0.0,0.0,21.15436018058393,-715.5230003568953,20.710529741326977,-53.17832730578054,21.066840659744668,-1907.4397973596243,19.842945229637988,630.5888832342421,15.953873553010279,24.917417108803336,19.249910550774307,-66.80201429590605,17.479070912674737,269.0376826788813,16.23692568562086,-83.6307760515131,16.60070957928427,-460.2852276759123,1171.1730791027508,1120.605893568175,0.0,0.0,0.0,0.0,0.0,0.0,0.0,0.0,0.0,0.0,0.0,0.0,0.0,0.0,0.0,0.0,0.0,0.0,0.0,0.0,0.0,0.0,1.8689778522416274,0.5705060599028168,143.71077147135845,169.55032230580816,5519.889709119245,0.332578256057971,0.05075980709065491,15.351023155535778,18.14226556486593,574.0633926015986,3.310782536797169,0.625620282841491,365.5461491932965,431.1922336206754,13936.477737071988,0.44475471775641936,0.08404284160174211,348.12507854741286,412.0013042659984,12479.297830770363,0.0,0.0,11.130940734216298,13.388297384084093,299.0163727700846,0.0,0.0,15.84725600280269,18.808571012163804,534.8220894618698,0.0,0.0,234.41652940098749,280.23341992698348,7139.287231901035,0.0,0.0,29.882173085443438,35.90927029983134,815.9230144768696,0.0,0.0,153.64972483498949,184.45830509034219,4333.502104208492,35.0072796891815,24.01047989655796,375.6826265760446,447.23828986788558,13420.047958317911,0.0,0.0,179.05854658771836,216.3651818313482,4395.442316426733,1163.333616338819,21.802145559980649,28.1961602637378,21.75,30.0,0.0,21.13052223054887,38.38354054707742,21.0,30.0,2408.8614950762619,21.74502018157356,28.011010567671467,21.75,30.0,0.0,20.670267377008164,30.098238169811958,16.0,30.0,0.0,15.97370133407589,41.13720923461915,12.0,30.0,0.0,19.578653755916514,39.679372464884057,19.0,30.0,0.0,17.86432439635322,36.32205171832439,10.0,30.0,0.0,16.211096197789936,40.478103834021748,12.0,30.0,1112.32162453703,16.725170689830465,39.21358385548196,16.75,30.0,0.0,19.043191610704299,0.0,0.0,0.0,14.740876273309999,0.0,0.0,677.7756146934524,1196.4979864929183,659.9775931373325,670.8960801839724,705.7662993602614,1125.5028955196988,696.0581680473566,704.2878335244828,705.4155122882112,9841.00153155915,81.49766720964857,85.21177911991626,570.0,0.0,570.0,570.0,21.0,16.0,19.0,16.0,12.0,12.0,21.0,10.0,1.0,0.0,1163.333616338819,0.0,2408.8614950762619,0.0,0.0,0.0,0.0,1112.32162453703,5620.4820322582049,3372289.219354923,4389407.23238962,81.49766720964857,85.27485707015797,0.3573494010752735,0.7666757613504145,0.36028137401965956,85.27485707015797,0.3542647819438875,4389407.23238962,0.2372741760842602 
 03/23  21:30:00,2.52,87.0,1.42,0.0,0.0,0.0,0.0,0.0,2.0,0.0,0.0,4.0,0.0,0.0,0.0,2828.0,0.0,0.0,0.0,0.0,0.0,0.0,0.0,0.0,0.0,0.0,0.0,21.142839991850964,-751.0814134610005,20.69977605501647,-104.00406405885953,21.08003032605479,-1631.8137740985504,19.907292151998477,389.5072208323861,15.961271219801965,25.640112305031324,19.239164628224495,-55.64392079565897,17.573777941904689,85.0513282747147,16.08772152474611,-85.88962250553067,16.464079496126808,-469.93297781992126,1112.4187595520464,1302.8422555194894,0.0,0.0,0.0,0.0,0.0,0.0,0.0,0.0,0.0,0.0,0.0,0.0,0.0,0.0,0.0,0.0,0.0,0.0,0.0,0.0,0.0,0.0,1.9367295550310478,0.5911872878605152,155.09294636296438,182.9329634264641,5977.478695118696,0.31606307144250897,0.04823917451808745,18.489692870182915,21.852117280862279,696.1476280373439,3.4396517937606809,0.6499719942858431,302.387392988096,356.74534468114157,11589.574004284448,0.43425856476741706,0.08205944156602738,295.05645580482556,349.1056594733173,10731.983268652539,0.0,0.0,10.568363048618071,12.712140016459612,288.6293730663045,0.0,0.0,14.713643434738874,17.463058429706086,502.7266288141707,0.0,0.0,251.38852846426048,300.3674428582301,7821.964734038592,0.0,0.0,35.15908213576015,42.29401933544407,962.2844212108598,0.0,0.0,169.31585069219319,203.35529582133666,4785.429423090236,35.11951763180596,24.08746065281617,303.75560870541917,361.767517184325,11070.893608900496,0.0,0.0,199.95158257127555,241.505322893095,5026.558158771853,1234.410741346988,21.656610457509055,28.647583188953356,21.75,30.0,0.0,21.116722795222587,39.03700754533503,21.0,30.0,2146.8757499340338,21.568185904956587,28.21211849860684,21.5,30.0,0.0,20.715415253734379,29.91740169975116,16.0,30.0,0.0,15.980651602077849,41.17209918103856,12.0,30.0,0.0,19.573006883777955,39.63883609851783,19.0,30.0,0.0,17.96292499497337,36.23173136014246,10.0,30.0,0.0,16.011217724395637,41.0660084653741,12.0,30.0,0.0,16.47157320747747,39.87172113544693,16.0,30.0,0.0,18.659333531458694,0.0,0.0,0.0,14.836204724483265,0.0,0.0,685.3274073645952,1231.4206641184099,649.5321387037163,662.0828026619741,707.8632016234313,1121.827382097078,701.4500414899942,706.78131036334,705.968099691326,9351.415633780372,81.82143707057134,83.75695784827522,570.0,0.0,570.0,570.0,21.0,16.0,19.0,16.0,12.0,12.0,21.0,10.0,1.0,0.0,1234.410741346988,0.0,2146.8757499340338,0.0,0.0,0.0,0.0,0.0,2928.8476454144326,1757308.5872486595,2281507.8166384098,81.82143707057134,83.78982941656867,0.35262825484714779,0.7687851835060084,0.36028137401965956,83.78982941656867,0.3542647819438875,2281507.8166384098,0.12737840646519733 
 03/23  21:40:00,2.3066666666666668,88.66666666666666,1.3766666666666668,0.0,0.0,0.0,0.0,0.0,2.0,0.0,0.0,4.0,0.0,0.0,0.0,2828.0,0.0,0.0,0.0,0.0,0.0,0.0,0.0,0.0,0.0,0.0,0.0,21.17466386327068,-887.8887598945123,20.68153197402865,-99.32863872054547,21.132501089782644,-1571.479437723067,19.90335520305773,390.47605421302458,15.967641787495943,24.699847073661134,19.223250636577079,-66.82156991974301,17.46131152571547,27.396451657172748,15.982843981088062,-65.0526668161227,16.486016642463559,-426.5508446834417,1190.080239255975,1321.2790922060124,0.0,0.0,0.0,0.0,0.0,0.0,0.0,0.0,0.0,0.0,0.0,0.0,0.0,0.0,0.0,0.0,0.0,0.0,0.0,0.0,0.0,0.0,1.967871976388521,0.6006935214861175,242.63256496357693,286.1864287697813,9389.897915595802,0.3185735347549451,0.04862233436430786,20.908070840463009,24.69996737492417,794.1672646684517,3.4880248808171538,0.6591127892700595,373.7762646601393,440.91981191192738,14505.914583912436,0.43805388074436216,0.08277662145585071,294.20206598301726,348.13238584433329,10815.00073340725,0.0,0.0,10.555303438426807,12.697269086771307,292.97033693458845,0.0,0.0,15.253929044845215,18.106890386601568,527.2198447519867,0.0,0.0,268.46902437452169,321.0432714428639,8354.741593800463,0.0,0.0,32.48664024584128,39.09883938535152,895.719834525392,0.0,0.0,187.174728069062,224.98705070787509,5292.682794133809,35.39860164766331,24.27887630155235,372.4928812451923,443.2376097067621,13719.267468191307,0.0,0.0,217.07653352395068,262.20035711154505,5553.806224231435,1138.8755783999293,21.65885963748559,29.009083006003224,21.5,30.0,0.0,21.097874905517373,39.13991537767609,21.0,30.0,2029.129954168549,21.589888725456598,28.546851564948626,21.5,30.0,0.0,20.695219912302773,30.278425507913278,16.0,30.0,0.0,15.98665411911078,41.247241397057909,12.0,30.0,0.0,19.555662026552537,39.734955381680858,19.0,30.0,0.0,17.740372749047816,36.9529643632094,10.0,30.0,0.0,15.89117923826171,41.4723826601956,12.0,30.0,809.2941393669017,16.26402369620955,40.54558851917132,16.25,30.0,0.0,18.933607585526848,0.0,0.0,0.0,14.848999149669734,0.0,0.0,705.8417120358129,1232.8158425347029,669.9660324508193,677.8642806286267,711.0141608723462,1123.5846340927722,709.6978429850684,709.1271553409009,710.0546109532968,8752.66060576123,82.21754508536754,82.21754508536754,570.0,0.0,570.0,570.0,21.0,16.0,19.0,16.0,12.0,12.0,21.0,10.0,1.0,0.0,1138.8755783999293,0.0,2029.129954168549,0.0,0.0,0.0,0.0,809.2941393669017,0.0,0.0,0.0,82.21754508536754,82.21754508536754,0.34,0.7695994682849355,0.36028137401965956,82.21754508536754,0.3542647819438875,0.0,0.008455 
 03/23  21:50:00,2.0933333333333334,90.33333333333334,1.3333333333333335,0.0,0.0,0.0,0.0,0.0,2.0,0.0,0.0,4.0,0.0,0.0,0.0,2828.0,0.0,0.0,0.0,0.0,0.0,0.0,0.0,0.0,0.0,0.0,0.0,21.19048558725114,-774.9102866279155,20.65722135226529,-113.61870463666692,21.089136881951509,-1423.3784468035386,19.8576920096315,324.71015447134439,15.970280777306709,22.599046506770337,19.21321910310133,-42.250724564078939,17.560714167367907,217.5838758252164,15.871754466335485,-103.5746592218573,16.692586457006187,-514.3200869094009,1089.2457363071692,1217.9802779435466,0.0,0.0,0.0,0.0,0.0,0.0,0.0,0.0,0.0,0.0,0.0,0.0,0.0,0.0,0.0,0.0,0.0,0.0,0.0,0.0,0.0,0.0,1.9944728253018978,0.6088134387368431,139.5398504313936,164.84081747335075,5451.667303512113,0.31402718111875085,0.047928446446695787,22.022323953328234,26.022470747602904,843.95119239901,3.5973575334450995,0.6797727765391346,253.97695316605224,299.52252079047676,10006.961433068609,0.43538960086087538,0.08227316720727046,261.85040985236039,309.91950157993696,9687.851415997147,0.0,0.0,10.420404603260878,12.535599173477224,293.74735211501698,0.0,0.0,13.693667067335973,16.254589096122904,479.165791205957,0.0,0.0,222.11475738142276,265.4007649721079,7105.618473147142,0.0,0.0,41.33045357286524,49.76895694898657,1145.8444135633045,0.0,0.0,137.07178244702699,164.43311875089257,4086.5530509792326,35.47268458112518,24.329687641375306,259.49630917065607,309.41412307797176,9690.380241756528,0.0,0.0,170.0965043140083,205.63645065499399,4342.907019148675,1191.1867022368936,21.61745468453465,29.101871348795379,21.5,30.0,0.0,21.066487255747277,38.76522376835714,21.0,30.0,2108.8097386228,21.529102993098556,28.685652205162158,21.5,30.0,0.0,20.594057497144357,30.587762297594517,16.0,30.0,0.0,15.98671240528018,41.353727380083949,12.0,30.0,0.0,19.554772237799307,40.03051207964094,19.0,30.0,0.0,17.97198208939743,36.599998714906408,10.0,30.0,0.0,15.744880229512488,42.13423469238211,12.0,30.0,374.79336172539356,16.83601998355636,39.345848713308637,16.5,30.0,0.0,18.34672374564106,0.0,0.0,0.0,14.583373838950742,0.0,0.0,701.9573192428607,1204.2262924556777,667.1533423298357,681.4593612458195,714.0994384667063,1139.1192239350667,715.4140286646145,718.4724530833777,719.535777149028,9790.59522170979,81.53110174500569,83.46900398502268,570.0,0.0,570.0,570.0,21.0,16.0,19.0,16.0,12.0,12.0,21.0,10.0,1.0,0.0,1191.1867022368936,0.0,2108.8097386228,0.0,0.0,0.0,0.0,374.79336172539356,2932.4472348519655,1759468.340911179,2278715.9963196066,81.53110174500569,83.50191599845209,0.3527482411617322,0.7693963588547328,0.36028137401965956,83.50191599845209,0.3542647819438875,2278715.9963196066,0.12644156514195288 
 03/23  22:00:00,1.88,92.0,1.29,0.0,0.0,0.0,0.0,0.0,2.0,0.0,0.0,4.0,0.0,0.0,0.0,2830.0,0.0,0.0,0.0,0.0,0.0,0.0,0.0,0.0,0.0,0.0,0.0,20.997306058736347,-559.2914033105979,20.641650679619635,-105.51273165466395,21.1971305892193,-1968.1977767705085,19.85129140968069,371.55670193683036,15.974016064111727,24.17366900111344,19.19940772082765,-56.84443704432947,17.48492972125652,-18.438487098120278,15.787305555228503,-63.92581849345942,16.28423629573058,-416.6830776967629,1215.5934608194532,1415.7014084230064,0.0,0.0,0.0,0.0,0.0,0.0,0.0,0.0,0.0,0.0,0.0,0.0,0.0,0.0,0.0,0.0,0.0,0.0,0.0,0.0,0.0,0.0,2.048566534037467,0.6253255598404967,243.32749755340758,287.4009469533742,9524.263176593051,0.3251478966127607,0.049625747346269958,21.27603531841892,25.117537838148566,825.0326042758322,3.5547106314940919,0.6717140271152857,378.71665421703707,446.9282539797605,14919.581437726123,0.4365545519012012,0.08249330156863209,240.93159033523387,285.0502701581004,9028.321605990564,0.0,0.0,10.117829019459688,12.174002272763133,289.6769641903224,0.0,0.0,13.870431771928017,16.470103496929374,490.9154873101626,0.0,0.0,267.1048073063709,319.44842465514787,8556.654329289275,0.0,0.0,37.43473341431335,45.09633045576122,1047.7401439559893,0.0,0.0,184.50631129293806,221.86997990633183,5351.434324246767,35.77418560216192,24.536478465131645,372.0317189199091,442.70333160409475,14044.366866636748,0.0,0.0,217.78043582372409,263.1383331513154,5741.976944752832,637.5778887338109,21.33737814910665,29.604670659313159,21.25,30.0,0.0,21.05541919917157,39.04128126354462,21.0,30.0,2242.1477520382479,21.60191284369248,28.493419828898717,21.5,30.0,0.0,20.58803379613594,30.63675149371644,16.0,30.0,0.0,15.990623734211463,41.45323295429839,12.0,30.0,0.0,19.540463902248644,40.08179641535334,19.0,30.0,0.0,17.76451523464279,37.07194122411592,10.0,30.0,0.0,15.65735032689689,42.50981876237135,12.0,30.0,0.0,16.176358950741059,41.14034061208213,16.0,30.0,0.0,18.828753486077379,0.0,0.0,0.0,14.78538629760473,0.0,0.0,700.5154009511136,1216.8704220849675,661.1269016202998,680.8442437848953,716.6863152896751,1139.2324913680298,712.733509723845,721.4463746663064,721.1761940436086,6823.374394825488,82.42437566443374,84.19132609195967,570.0,0.0,570.0,570.0,21.0,16.0,19.0,16.0,12.0,12.0,21.0,10.0,1.0,0.0,637.5778887338109,0.0,2242.1477520382479,0.0,0.0,0.0,0.0,0.0,2674.02738037071,1604416.428222426,2082677.2271813409,82.42437566443374,84.22133477609191,0.259134246012357,0.5370895454813035,0.27021103051474468,84.22133477609191,0.2656985864579156,2082677.2271813409,0.1157408824800964 
 03/23  22:10:00,1.7916666666666668,92.0,1.2400000000000003,0.0,0.0,0.0,0.0,0.0,2.0,0.0,0.0,4.0,0.0,0.0,0.0,6372.0,0.0,0.0,0.0,0.0,0.0,0.0,0.0,0.0,0.0,0.0,0.0,21.06684894305693,-425.38441019516577,20.628984327181713,-89.50354553421181,21.172845341557527,-1646.092192090186,19.93519291387345,388.07417636258648,15.972895602953134,18.745925425435808,19.181569706129886,-46.084760117403678,17.516145261108453,160.10010877930263,15.702237647542149,-127.73889866406097,17.60444423400334,-404.7354943103111,1160.1298859204165,1084.3649707148116,0.0,0.0,0.0,0.0,0.0,0.0,0.0,0.0,0.0,0.0,0.0,0.0,0.0,0.0,0.0,0.0,0.0,0.0,0.0,0.0,0.0,0.0,2.0387300551677307,0.6223229716629215,151.4531390986416,179.08144762415163,5975.01041520858,0.3389088890234076,0.05172602091321851,17.618125362855694,20.807085250406617,688.5817720878106,3.558767872986836,0.6724807016226072,324.2988518287566,383.16354070558119,12919.447596955675,0.43722603339466989,0.08262018771630189,275.3903439282763,326.29348243041616,10421.55975818653,0.0,0.0,10.944456349244998,13.175080894150302,315.1859620328753,0.0,0.0,13.01919556124303,15.474877257316768,462.6052097857288,0.0,0.0,185.50769633480673,221.95531493954966,6006.693199623569,0.0,0.0,45.56461682257488,54.91991536314631,1273.1387096974559,0.0,0.0,117.25451658064097,140.21323779544563,3817.2707213044607,35.946598437651207,24.654731438718256,309.7420036111102,369.3306002957,11865.524547910363,0.0,0.0,136.72783890698336,165.61130373319598,3494.11302176928,600.8792973171392,21.382155625461395,29.483856203264776,21.222222222222219,29.999999999999994,0.0,21.043191701842738,39.30829112545846,20.999999999999998,29.999999999999994,2079.6829552262217,21.53927818632721,28.526883032273927,21.55555555555555,29.999999999999994,0.0,20.73959773281941,30.184478735488925,15.999999999999997,29.999999999999994,0.0,15.985695237800434,41.54682121124178,11.999999999999997,29.999999999999994,0.0,19.522572172419954,38.92735031222834,18.999999999999998,29.999999999999994,0.0,17.894081158369436,36.76252163484313,9.999999999999999,29.999999999999994,0.0,15.549491043563819,42.88221828589855,11.999999999999997,29.999999999999994,2993.7014158561198,17.994992476174649,36.750271911176898,19.999999999999998,29.999999999999994,0.0,18.739179905719064,0.0,0.0,0.0,14.187850919175219,0.0,0.0,696.6770046658513,1229.2101865390296,654.9031734868033,668.8158875192794,718.1057729736616,1118.2795041470202,709.5955495447469,723.2789865741755,719.6235242474725,10453.519373487059,81.0927217788388,85.13258251233414,569.9999999999999,0.0,569.9999999999999,569.9999999999999,21.0,16.0,19.0,19.0,12.0,12.0,21.0,10.0,1.0,0.0,600.8792973171392,0.0,2079.6829552262217,0.0,0.0,0.0,0.0,2993.7014158561198,6113.566913330295,3668140.1479981776,4780669.7491302429,81.0927217788388,85.20119275900614,0.3548966748887877,0.7676148419744397,0.36028137401965945,85.20119275900614,0.3542647819438875,4780669.7491302429,0.2555298269547726 
 03/23  22:20:00,1.7033333333333334,92.0,1.19,0.0,0.0,0.0,0.0,0.0,2.0,0.0,0.0,4.0,0.0,0.0,0.0,2124.0,0.0,0.0,0.0,0.0,0.0,0.0,0.0,0.0,0.0,0.0,0.0,21.309484160011797,-879.1026808506749,20.630594277436957,-40.11706570184371,21.021386535268748,-1642.949847262844,19.998593371060296,627.5534329650325,15.970319693595327,22.688165405643468,19.166249693770817,-62.53939736160535,17.379724527400698,4.606940809031215,15.560029698975864,-97.87833907066268,18.614515526778559,-819.3768752388139,1260.1679387070965,1671.3740563767988,0.0,0.0,0.0,0.0,0.0,0.0,0.0,0.0,0.0,0.0,0.0,0.0,0.0,0.0,0.0,0.0,0.0,0.0,0.0,0.0,0.0,0.0,1.9925986685391229,0.6082413518129189,142.05694043156303,167.46535374817749,5772.119758932839,0.38062233418977656,0.05809254184825648,14.18861408244024,16.753843071980478,561.5299740639518,3.584639768588221,0.6773695707838665,336.33971081885007,396.80014473330109,13492.505667921756,0.4687116578619566,0.08856985220369546,337.07055027888819,398.6920736637585,12903.064452570656,0.0,0.0,12.983790273230602,15.615435189101453,376.19623056162666,0.0,0.0,15.76555248058034,18.71918349109093,562.4407003985017,0.0,0.0,236.69574422486424,283.0473056496814,7537.874697014226,0.0,0.0,55.199922308839358,66.53657479710219,1531.145496314278,0.0,0.0,200.55206030888793,238.02199624484963,7204.452114721407,36.371914999576848,24.946443758283168,338.12770346319555,402.64495978759717,12928.982201237657,0.0,0.0,190.37814511542505,229.10241108617786,5378.171837087493,964.1995642664226,21.824444062239448,28.37231375274191,21.66666666666666,29.999999999999998,0.0,21.055010631241595,39.94486981263287,20.999999999999998,29.999999999999998,1616.0929160254619,21.668721169467156,28.334651483465608,21.66666666666666,29.999999999999998,0.0,20.874117394332296,29.855394389135584,15.999999999999997,29.999999999999998,0.0,15.981139381679658,41.586050304299167,11.999999999999997,29.999999999999998,0.0,19.50248301047298,36.946921630476158,18.999999999999998,29.999999999999998,0.0,17.609732962289688,37.450129311563397,9.999999999999999,29.999999999999998,0.0,15.345430267521643,43.52541656653874,11.999999999999997,29.999999999999998,1338.980245437402,19.81250634281296,32.758158235082579,19.666666666666666,29.999999999999998,0.0,18.901262814093927,0.0,0.0,0.0,15.058392402427579,0.0,0.0,676.9163177155433,1272.548945546724,656.3851853271772,663.44586796756,716.635089064755,1069.7084340182713,710.0346678622516,726.3705514591815,718.1248989616122,10162.511169757727,81.2847196232626,86.53478128889529,569.9999999999999,0.0,569.9999999999999,569.9999999999999,21.0,16.0,19.0,19.0,12.0,12.0,21.0,10.0,1.0,0.0,964.1995642664226,0.0,1616.0929160254619,0.0,0.0,0.0,0.0,1338.980245437402,7944.218551697038,4766531.131018223,6218049.148747066,81.2847196232626,86.62394476498635,0.3781406183899012,0.7659555721748321,0.3602813740196595,86.62394476498635,0.35426478194388746,6218049.148747066,0.3302102224015141 
 03/23  22:30:00,1.615,92.0,1.1400000000000002,0.0,0.0,0.0,0.0,0.0,2.0,0.0,0.0,4.0,0.0,0.0,0.0,2832.0,0.0,0.0,0.0,0.0,0.0,0.0,0.0,0.0,0.0,0.0,0.0,20.985387511130378,-821.972578393242,20.6416303858211,-64.95042006022213,21.270578942885846,-1436.6479368270639,20.113316147094566,444.1416419334946,15.972560231847794,23.25964243460325,19.13481109887043,-68.68395130526335,17.194636716011453,23.867128139867419,15.580797806587242,-0.006237134743116712,18.640317557579569,-1146.7844833914558,1279.0491353626463,1864.3925475331826,0.0,0.0,0.0,0.0,0.0,0.0,0.0,0.0,0.0,0.0,0.0,0.0,0.0,0.0,0.0,0.0,0.0,0.0,0.0,0.0,0.0,0.0,2.066567019456798,0.6308202135094012,246.04791616855295,290.53450662857036,9804.660303171062,0.36528660120906877,0.05575192326145739,14.198693746200402,16.76673704806081,564.5025309103148,3.5865439478253897,0.6777293930131125,347.63793776661705,410.2242391879195,14095.290425277584,0.4469933447328963,0.08446586257235377,285.61962846987037,337.8922543489347,11061.01489878194,0.0,0.0,12.861257506618358,15.474561797301869,375.0504445044447,0.0,0.0,16.4166029926726,19.51031507113995,587.2856993143296,0.0,0.0,281.13302060587196,336.71050952199666,8912.01225149319,0.0,0.0,52.87929096626276,63.747126434634768,1487.1234501246668,0.0,0.0,248.07975023218257,294.7884989197977,8943.134022880098,36.457789802452257,25.005342800035849,348.04371106988779,414.4481882523919,13498.967432026286,0.0,0.0,237.62648549076568,286.1770154015831,6808.626004022454,972.5649189931512,21.486782188933156,28.853864416029809,21.5,30.0,0.0,21.077275718949879,40.90553363249176,21.0,30.0,2036.8552252966009,21.750796025654958,28.12939362412071,21.5,30.0,0.0,21.023449075286665,29.534331060547829,16.0,30.0,0.0,15.985847181388739,41.57769721579323,12.0,30.0,0.0,19.461266208171965,35.81085510409538,19.0,30.0,0.0,17.308416899712264,38.066790134651018,10.0,30.0,0.0,15.448485294152113,43.14853395236803,12.0,30.0,2244.327814986192,19.59770042670619,33.09668876602468,19.75,30.0,0.0,18.98567104649507,0.0,0.0,0.0,15.688331972393624,0.0,0.0,669.8984954170405,1338.015671653856,653.9428896938039,661.1479053666952,715.6882332267599,1027.227452411736,707.0291979415983,721.7544997801248,714.8131523040174,10268.276375568845,81.21518413471549,84.87894275971563,570.0,0.0,570.0,570.0,21.0,16.0,19.0,19.0,12.0,12.0,21.0,10.0,1.0,0.0,972.5649189931512,0.0,2036.8552252966009,0.0,0.0,0.0,0.0,2244.327814986192,5544.335037870691,3326601.0227224149,4323824.545127455,81.21518413471549,84.94116554401207,0.35481116792902309,0.7658014414562507,0.36028137401965956,84.94116554401207,0.3542647819438875,4323824.545127455,0.231647209679961 
 03/23  22:40:00,1.5266666666666669,92.0,1.0899999999999999,0.0,0.0,0.0,0.0,0.0,2.0,0.0,0.0,0.0,0.0,0.0,0.0,4956.0,0.0,0.0,0.0,0.0,0.0,0.0,0.0,0.0,0.0,0.0,0.0,20.369747969161069,-196.30240776952634,20.33758905856282,-483.9891330120777,20.411939114874138,-539.0776527907192,19.90768534130114,-74.85348491112949,15.97107268222966,19.012864024671637,19.005114937095529,-61.04763107930272,17.12699122495212,-72.43944028143165,15.615623133637481,-7.268290881351684,18.18136476588112,-750.227226565362,1106.904291117913,1599.5197349327344,0.0,0.0,0.0,0.0,0.0,0.0,0.0,0.0,0.0,0.0,0.0,0.0,0.0,0.0,0.0,0.0,0.0,0.0,0.0,0.0,0.0,0.0,2.0261955933776307,0.6184968233753458,247.81518333484406,293.7751709283624,9438.64743392129,0.3718830928528576,0.056758713805381267,116.8243082980774,138.42704727706568,4454.000739779991,3.590120045438064,0.6784051484198923,194.64421322958925,230.77648210457506,7549.4957756337839,0.39205278664574608,0.07408404887485762,105.43712840635209,125.0069873305646,4044.519475534794,0.0,0.0,11.76803954300019,14.167855955619995,345.22165109814736,0.0,0.0,14.260032774841111,16.969276407555698,508.8574660231916,0.0,0.0,249.53027535493124,299.15899788356486,7905.30311755697,0.0,0.0,48.44515944909257,58.413728815812067,1380.3754119202368,0.0,0.0,219.31783438237538,261.4395253905841,7647.608339329518,35.824034341518828,24.570668272646694,268.9907071684061,321.0988254911579,10455.865003135783,0.0,0.0,212.13187907325063,255.96222593595327,5978.349147334999,0.0,20.420185255106348,33.29026664400218,22.00000000000002,30.000000000000033,0.0,20.561341382128885,33.04036659270626,12.000000000000015,30.000000000000033,0.0,20.54390472650884,31.602693487831887,21.714285714285738,30.000000000000033,0.0,20.598019862585966,31.14886059404952,12.000000000000015,30.000000000000033,0.0,15.98414092378225,41.696457540169799,12.000000000000015,30.000000000000033,0.0,19.316794228721944,35.37986176697857,12.000000000000015,30.000000000000033,0.0,17.197792398861396,39.26128310887342,10.00000000000001,30.000000000000033,0.0,15.548020798496708,42.890822122368607,12.000000000000015,30.000000000000033,0.0,18.840571144196848,35.24387413137487,19.428571428571453,30.000000000000033,0.0,18.34116522949484,0.0,0.0,0.0,15.333822784121736,0.0,0.0,814.8843334879439,817.5847315260793,730.977990057368,709.8977070591874,720.6150284092297,1006.820693191815,751.8962575613623,724.1214539302085,744.2308334983679,0.0,82.89897924128744,82.89897924128744,60.000000000000067,0.0,60.000000000000067,60.000000000000067,12.0,12.0,12.0,19.0,12.0,12.0,21.0,10.0,0.0,0.0,0.0,0.0,0.0,0.0,0.0,0.0,0.0,0.0,0.0,0.0,0.0,82.89897924128744,82.89897924128744,0.0,0.0,0.0,82.89897924128744,0.0,0.0,0.0007099999999999999 
 03/23  22:50:00,1.4383333333333335,92.0,1.04,0.0,0.0,0.0,0.0,0.0,2.0,0.0,0.0,0.0,0.0,0.0,0.0,2124.0,0.0,0.0,0.0,0.0,0.0,0.0,0.0,0.0,0.0,0.0,0.0,19.897650026965306,-196.4053819462544,19.910871146137148,-466.75982884337017,19.95675811224065,-235.54273692825448,19.48595888843029,-162.4595368048477,15.959813521631653,11.988962890929609,18.874548276602284,-48.311469093322447,16.98235468998967,-51.36796587677786,15.582258608836988,-55.21088138032751,17.525215294562626,-255.09658789220209,879.6744497173187,1234.5285339180335,0.0,0.0,0.0,0.0,0.0,0.0,0.0,0.0,0.0,0.0,0.0,0.0,0.0,0.0,0.0,0.0,0.0,0.0,0.0,0.0,0.0,0.0,1.998602393718492,0.6100739907565609,247.02157976048898,293.1747440500976,9055.760519771888,0.36485575854252069,0.0556861658337181,150.88783437843478,179.0523433804127,5546.482068877322,3.4476887190633507,0.651490687653695,99.65014229614488,118.22083175772227,3783.768422049091,0.3711249292938513,0.07012942730420475,70.74904258239924,83.9606842380606,2613.942621825257,0.0,0.0,10.58387537436274,12.734774913564279,312.05000035572109,0.0,0.0,12.846663518644644,15.285746964953202,456.2590949733152,0.0,0.0,195.45246002464359,234.37837369816374,6141.357210974264,0.0,0.0,43.00873792065303,51.82696949125946,1230.6374149955139,0.0,0.0,165.8148121848801,198.29467815242388,5464.768005746826,35.26943699029219,24.190286001572177,215.82434871048555,257.8990565096838,8211.91988487065,0.0,0.0,159.2113347120484,192.58376612632498,4242.450844454364,0.0,19.64902339915611,33.52674227718147,22.000000000000019,30.00000000000002,0.0,19.86112055307907,32.2705522626885,12.00000000000001,30.00000000000002,0.0,19.857997600197906,32.30290231068819,22.000000000000019,30.00000000000002,0.0,19.846202462203313,32.21625572582155,12.00000000000001,30.00000000000002,0.0,15.965461361878287,42.07299867199259,12.00000000000001,30.00000000000002,0.0,19.13297412428786,35.414633858558797,12.00000000000001,30.00000000000002,0.0,16.968056678008244,39.83352934731214,10.000000000000007,30.00000000000002,0.0,15.512703874830742,43.391051903364907,12.00000000000001,30.00000000000002,0.0,17.754144671610257,37.98974520292852,20.000000000000015,30.00000000000002,0.0,17.556450997145086,0.0,0.0,0.0,14.403593148547511,0.0,0.0,741.9494426153217,696.6885525195132,697.6775086109944,690.5638411068305,735.5149405113032,1015.0241693517007,753.4897250443569,743.1763643281832,757.8070595280296,0.0,82.8989792412874,82.8989792412874,60.00000000000004,0.0,60.00000000000004,60.00000000000004,12.0,12.0,12.0,19.0,12.0,12.0,21.0,10.0,0.0,0.0,0.0,0.0,0.0,0.0,0.0,0.0,0.0,0.0,0.0,0.0,0.0,82.8989792412874,82.8989792412874,0.0,0.0,0.0,82.8989792412874,0.0,0.0,0.0007033333333333334 
 03/23  23:00:00,1.35,92.0,0.99,0.0,0.0,0.0,0.0,0.0,2.0,0.0,0.0,0.0,0.0,0.0,0.0,2124.0,0.0,0.0,0.0,0.0,0.0,0.0,0.0,0.0,0.0,0.0,0.0,19.535994680179834,-249.67648145180909,19.458670033439419,-469.338192643974,19.57410138616362,-317.8896021183706,19.115117192989975,-210.87456402305893,15.938330628758149,1.5285955552421542,18.780517427254578,-44.934423872621838,16.774763685757283,-157.01225707399784,15.468932170253512,-122.3821917177332,17.228130681705005,-181.7261870220847,874.2237122212441,927.0378611564236,0.0,0.0,0.0,0.0,0.0,0.0,0.0,0.0,0.0,0.0,0.0,0.0,0.0,0.0,0.0,0.0,0.0,0.0,0.0,0.0,0.0,0.0,1.9288916733664468,0.5887947720898805,341.3460901209253,406.3282324911273,12250.330589669378,0.35423165647562118,0.05406466063425237,211.82420669562925,252.23711039056273,7559.735330150278,3.2238372651533879,0.6091907152595222,149.06558865357088,177.33955245485667,5473.799511452815,0.3513399202630932,0.06639076346619299,115.26473728430149,137.180533425357,4143.9669554915149,0.0,0.0,9.1930789064293,11.060242818173782,272.062155700189,0.0,0.0,12.707560622009954,15.126064743401827,450.74040562934678,0.0,0.0,155.22254552071443,186.31144540961348,4795.034672360382,0.0,0.0,37.319306739136489,44.99377564650209,1061.139627478722,0.0,0.0,128.08386959008315,153.3573268067808,4128.713753990009,34.50709837860267,23.667420012759064,330.1060279153518,395.0753404401768,11947.027344141983,0.0,0.0,122.2646786211007,148.23886286003148,3088.6807869215738,0.0,19.0988294247721,33.48516499948114,22.000000000000019,30.00000000000002,0.0,19.12237106877358,32.71388063096362,12.00000000000001,30.00000000000002,0.0,19.284481956261588,32.635336561693559,22.000000000000019,30.00000000000002,0.0,19.219353779785985,32.48701148184267,12.00000000000001,30.00000000000002,0.0,15.92985099182063,42.25704497476718,12.00000000000001,30.00000000000002,0.0,19.01566825849196,35.37884300697134,12.00000000000001,30.00000000000002,0.0,16.608219008409465,40.13122689123912,10.000000000000007,30.00000000000002,0.0,15.327932446356933,44.172704803797987,12.00000000000001,30.00000000000002,0.0,17.312981753016027,38.686122554540798,20.000000000000015,30.00000000000002,0.0,17.599740752253554,0.0,0.0,0.0,13.67714265935177,0.0,0.0,682.525114327213,645.641502861622,657.8728251941559,642.692598923431,740.9992839460787,1020.2329323085533,730.2731983768064,758.5070230376688,743.5277081158912,0.0,82.8989792412874,82.8989792412874,60.00000000000004,0.0,60.00000000000004,60.00000000000004,12.0,12.0,12.0,19.0,12.0,12.0,21.0,10.0,0.0,0.0,0.0,0.0,0.0,0.0,0.0,0.0,0.0,0.0,0.0,0.0,0.0,82.8989792412874,82.8989792412874,0.0,0.0,0.0,82.8989792412874,0.0,0.0,0.0006966666666666668 
 03/23  23:10:00,1.1916666666666669,92.33333333333334,1.0733333333333335,0.0,0.0,0.0,0.0,0.0,2.0,0.0,0.0,0.0,0.0,0.0,0.0,2832.0,0.0,0.0,0.0,0.0,0.0,0.0,0.0,0.0,0.0,0.0,0.0,19.333553636197736,-211.63178591817815,19.326919532628247,-190.2948990225545,19.28462510558672,-272.32096797740976,18.896155757059355,-183.32381110124858,15.916608664605097,-0.22555577035846853,18.69142599111529,-49.18785641083949,16.620177830428039,-122.00897850770366,15.365917107593218,-118.81361643786286,17.017193919930013,-168.147301688178,670.2574308298581,935.0387968198882,0.0,0.0,0.0,0.0,0.0,0.0,0.0,0.0,0.0,0.0,0.0,0.0,0.0,0.0,0.0,0.0,0.0,0.0,0.0,0.0,0.0,0.0,1.901999447211562,0.5805859118472412,131.2511281921716,156.39734662813903,4723.727675060988,0.35760044995735437,0.05457882325356446,43.35575647087249,51.64488060290688,1561.4894719608226,3.325516317097252,0.6284044438959284,158.83351295171759,189.27761567619346,5762.048084526301,0.35892727516349567,0.06782450399914883,89.38917945625897,106.50832136833404,3188.1849469548189,0.0,0.0,9.262065407722805,11.14919861392632,276.5105908638417,0.0,0.0,12.294009830100676,14.64490261352527,437.5201554880019,0.0,0.0,160.23032748343003,192.56589583375428,4932.892717754299,0.0,0.0,36.18115210759645,43.66015656255887,1030.090995285507,0.0,0.0,130.68911034232284,156.71288666270145,4183.563727234027,34.460472670584,23.63544078915227,158.2750879973251,189.9236045040768,6092.708304087158,0.0,0.0,124.08158959106993,150.61139299444077,3131.896324916612,0.0,18.87672075711096,33.10431913664391,22.0,30.0,0.0,19.02690677965073,32.3342579427683,12.0,30.0,0.0,18.898030037603318,32.922379714531128,22.0,30.0,0.0,18.906062695156917,32.867713291100439,12.0,30.0,0.0,15.89845443785648,42.21907939790584,12.0,30.0,0.0,18.910226840550217,35.240191958511179,12.0,30.0,0.0,16.383488837695233,40.28256394967816,10.0,30.0,0.0,15.180480806704815,44.41850406666198,12.0,30.0,0.0,17.023114659787017,38.97411361681553,20.0,30.0,0.0,16.833601193108817,0.0,0.0,0.0,13.504973702577555,0.0,0.0,643.0346416504733,619.0336808728134,635.6391345233277,633.0756478408341,738.019670025159,1016.746318668409,714.4691472235953,754.7932411311375,726.6417118065408,0.0,82.89897924128734,82.89897924128734,60.0,0.0,60.0,60.0,12.0,12.0,12.0,19.0,12.0,12.0,21.0,10.0,0.0,0.0,0.0,0.0,0.0,0.0,0.0,0.0,0.0,0.0,0.0,0.0,0.0,82.89897924128734,82.89897924128734,0.0,0.0,0.0,82.89897924128734,0.0,0.0,0.00069 
 03/23  23:20:00,1.0333333333333335,92.66666666666667,1.1566666666666668,0.0,0.0,0.0,0.0,0.0,2.0,0.0,0.0,0.0,0.0,0.0,0.0,1416.0,0.0,0.0,0.0,0.0,0.0,0.0,0.0,0.0,0.0,0.0,0.0,19.18390229348146,-61.30404239480686,19.15471142511142,-304.0606153152636,19.026685973560008,-418.6998966719441,18.745323268536727,-1.4433911540526623,15.892459092842995,-1.2273606701917004,18.60169772943821,-48.01137862783321,16.5275331332468,-102.25735976952183,15.269533605736609,-117.30406318160931,16.843628910344607,-131.65457138815396,537.3241484205896,893.8268377648012,0.0,0.0,0.0,0.0,0.0,0.0,0.0,0.0,0.0,0.0,0.0,0.0,0.0,0.0,0.0,0.0,0.0,0.0,0.0,0.0,0.0,0.0,1.8956267136806107,0.5786406329916394,121.9395028089567,145.26606121252696,4402.903486209856,0.35531678002547797,0.054230277781666367,70.45845707998982,84.00831193633074,2525.221382390083,3.299306146676068,0.6234516528110485,87.38199951728403,104.10050576910033,3150.7376531384059,0.36039336621669668,0.06810154312484818,51.43750864381951,61.18008308835897,1840.3171755841748,0.0,0.0,8.98471865334696,10.806624777656543,270.58134461200509,0.0,0.0,12.41196229230453,14.778146391107365,443.2181776685581,0.0,0.0,152.6035062549421,183.31844314606418,4714.218814576423,0.0,0.0,35.392434116868297,42.68878072633699,1010.1212619550822,0.0,0.0,123.50815598474319,148.09350411686709,3939.467938206296,34.48866916313895,23.654779947283239,112.07928148808571,134.53788887110668,4550.7770622696339,0.0,0.0,116.820244842426,141.79043361397243,2933.8335758110845,0.0,18.741338626501205,33.16950623325805,22.0,30.0,0.0,18.798607705194838,32.29090221474377,12.0,30.0,0.0,18.556150014152946,32.91823040218826,22.0,30.0,0.0,18.725492781081074,33.14396418392931,12.0,30.0,0.0,15.865240624278496,42.05649281708678,12.0,30.0,0.0,18.80284860681181,35.01952368134516,12.0,30.0,0.0,16.26944592642929,40.170504950444868,10.0,30.0,0.0,15.04836848826941,44.51123331889181,12.0,30.0,0.0,16.793042014012579,39.195281361151717,20.0,30.0,0.0,16.284399422601927,0.0,0.0,0.0,13.271972865786206,0.0,0.0,634.5375639431535,598.1842016245847,607.917898594239,631.3884849543281,729.9687364470005,1006.9923255158649,699.218014457224,746.5783760588402,713.0337301465474,0.0,82.89897924128734,82.89897924128734,60.0,0.0,60.0,60.0,12.0,12.0,12.0,19.0,12.0,12.0,21.0,10.0,0.0,0.0,0.0,0.0,0.0,0.0,0.0,0.0,0.0,0.0,0.0,0.0,0.0,82.89897924128734,82.89897924128734,0.0,0.0,0.0,82.89897924128734,0.0,0.0,0.0007000000000000001 
 03/23  23:30:00,0.875,93.0,1.24,0.0,0.0,0.0,0.0,0.0,2.0,0.0,0.0,0.0,0.0,0.0,0.0,2832.0,0.0,0.0,0.0,0.0,0.0,0.0,0.0,0.0,0.0,0.0,0.0,18.97977406017393,-228.3054304447105,19.004333515733746,-392.69601052284716,18.86438633799601,-1.9960534609529078,18.5635712943576,-205.96485582324443,15.871169112244268,-2.685899094066741,18.52854703213012,-46.23148347926515,16.459348316843845,-117.56279934508462,15.186321082041914,-132.67058862666745,16.731012679562605,-119.64231184750463,586.5692107198549,830.3279690848202,0.0,0.0,0.0,0.0,0.0,0.0,0.0,0.0,0.0,0.0,0.0,0.0,0.0,0.0,0.0,0.0,0.0,0.0,0.0,0.0,0.0,0.0,1.8849115979932294,0.575369840657274,162.9750591797242,194.60348377422293,5821.888458572668,0.3424625887733789,0.05226840487994183,104.0984130114826,124.18005199571306,3715.731388484668,3.34327615003274,0.6317604213969654,120.54411924474825,144.04230910854666,4365.438470549903,0.3592059581244472,0.06787716517846695,83.15823723873713,99.32126215979996,2949.0795978578137,0.0,0.0,8.504354814179076,10.239889257406079,258.40317277826366,0.0,0.0,12.501345435533932,14.903490371238684,448.55231102319586,0.0,0.0,141.24377309140065,169.8825158861042,4387.318543614874,0.0,0.0,35.20563406727168,42.52141733048414,1008.8356016570682,0.0,0.0,113.62500708912356,136.43189231705913,3633.115248565058,34.440306121200027,23.621609136625538,161.68572479080013,194.38391622543677,6232.3752585035949,0.0,0.0,107.06601481961103,130.18911378350925,2670.344975433846,0.0,18.44568663719239,32.892383764573349,22.0,30.0,0.0,18.624971673131737,32.25197049417333,12.0,30.0,0.0,18.42683949511704,33.29677761249215,22.0,30.0,0.0,18.439222443793779,33.02629795901954,12.0,30.0,0.0,15.840259626095098,41.841284475184867,12.0,30.0,0.0,18.72769799625764,34.7970156079668,12.0,30.0,0.0,16.192955427564983,39.724766452836799,10.0,30.0,0.0,14.943328505427399,44.433455182639438,12.0,30.0,0.0,16.669680152298338,38.98069021524704,20.0,30.0,0.0,16.358144254167997,0.0,0.0,0.0,13.021635901287885,0.0,0.0,597.6460788593927,584.955117901661,613.2261560184676,602.352482420438,720.3862644740589,995.0709931300974,676.7581135070349,735.119595602988,693.5642716331357,0.0,82.89897924128734,82.89897924128734,60.0,0.0,60.0,60.0,12.0,12.0,12.0,19.0,12.0,12.0,21.0,10.0,0.0,0.0,0.0,0.0,0.0,0.0,0.0,0.0,0.0,0.0,0.0,0.0,0.0,82.89897924128734,82.89897924128734,0.0,0.0,0.0,82.89897924128734,0.0,0.0,0.0007099999999999999 
 03/23  23:40:00,0.7166666666666668,93.33333333333334,1.3233333333333333,0.0,0.0,0.0,0.0,0.0,2.0,0.0,0.0,0.0,0.0,0.0,0.0,1416.0,0.0,0.0,0.0,0.0,0.0,0.0,0.0,0.0,0.0,0.0,0.0,18.730015431256669,-370.2429483988176,18.806793984400096,-244.4595431085463,18.78569499814672,-197.0428540619966,18.50236429067679,-9.179559551418209,15.845946084155076,-3.100049870634905,18.44746270130173,-49.60258136132032,16.38356700500813,-101.64901109967878,15.091480323689954,-134.0588797252205,16.623796018096827,-106.44449522784635,587.2567055296956,831.0241523677362,0.0,0.0,0.0,0.0,0.0,0.0,0.0,0.0,0.0,0.0,0.0,0.0,0.0,0.0,0.0,0.0,0.0,0.0,0.0,0.0,0.0,0.0,1.904693782825409,0.5814083586158148,165.15901191014908,197.23269772588714,5817.499871422797,0.3606678205970857,0.05504698116561137,129.11265990297896,154.03842698968158,4595.978281795075,3.265666345030578,0.6170949253648108,38.68090808734349,46.095999505337477,1485.1065842936244,0.358145616670173,0.06767679831257992,38.000249391309719,45.25396588555967,1366.1828534042869,0.0,0.0,8.638783914006965,10.39330009299944,264.79233054772888,0.0,0.0,12.512065758089755,14.908570547411334,450.8142531346444,0.0,0.0,139.7528364191333,167.99703432823569,4363.165887556261,0.0,0.0,35.164339264724258,42.45266577433746,1010.6162320776382,0.0,0.0,111.50730841226192,133.83402635435298,3575.607589184766,34.61425321324632,23.740914412377458,141.93725770811188,170.45078172917924,5569.42868934939,0.0,0.0,104.66201686612405,127.23666886829041,2608.787298726391,0.0,18.082707410429486,33.119447361056717,22.0,30.0,0.0,18.37240414583687,32.587703165114778,12.0,30.0,0.0,18.39163848943299,32.7691638633126,22.0,30.0,0.0,18.430787986034603,33.184992934975927,12.0,30.0,0.0,15.809728055385527,41.47725031357195,12.0,30.0,0.0,18.635784371814848,34.51056628032033,12.0,30.0,0.0,16.10644560135576,39.54664747359993,10.0,30.0,0.0,14.818368709633502,44.32594047641277,12.0,30.0,0.0,16.547705087333303,38.81521393337569,20.0,30.0,0.0,16.197465335625599,0.0,0.0,0.0,12.846891429356825,0.0,0.0,578.9946942702605,579.6503675358241,592.909216167694,611.0366628682014,705.1775028234754,978.5199340708979,663.1415189152823,720.8340374044922,676.8134047858678,0.0,82.89897924128734,82.89897924128734,60.0,0.0,60.0,60.0,12.0,12.0,12.0,19.0,12.0,12.0,21.0,10.0,0.0,0.0,0.0,0.0,0.0,0.0,0.0,0.0,0.0,0.0,0.0,0.0,0.0,82.89897924128734,82.89897924128734,0.0,0.0,0.0,82.89897924128734,0.0,0.0,0.0007199999999999999 
 03/23  23:50:00,0.5583333333333334,93.66666666666667,1.4066666666666668,0.0,0.0,0.0,0.0,0.0,2.0,0.0,0.0,0.0,0.0,0.0,0.0,2124.0,0.0,0.0,0.0,0.0,0.0,0.0,0.0,0.0,0.0,0.0,0.0,18.641186217547536,14.145008416919172,18.674010075082344,-400.3946040847429,18.611091599875665,-187.53553988389968,18.34478272550907,-260.41573270495499,15.822174302624566,-4.18854314575859,18.375958865527048,-47.205591425453139,16.267693096809724,-167.42601982504446,15.010442026897202,-139.96286745135263,16.535328388740028,-115.1746473064337,636.9114747139724,845.4175061660226,0.0,0.0,0.0,0.0,0.0,0.0,0.0,0.0,0.0,0.0,0.0,0.0,0.0,0.0,0.0,0.0,0.0,0.0,0.0,0.0,0.0,0.0,1.8994350166898555,0.5798031186476976,204.59895155491899,244.68885239073615,7277.394159699366,0.3541163616450768,0.05404706374314365,107.42015161896613,128.38637591314299,3828.679997553424,3.2044764204176419,0.6055322034046948,124.29332252792452,148.48169034024864,4520.122449770872,0.34607816290108275,0.06539647825039359,69.4043636405986,82.89520520025892,2467.730795293444,0.0,0.0,8.079755003516523,9.728324835872526,249.83211825431062,0.0,0.0,12.614261862382844,15.044245652563643,456.7534280433462,0.0,0.0,136.92852530474876,164.79790609657574,4274.500224513064,0.0,0.0,34.80577569091395,42.06321479138886,1004.9498837026422,0.0,0.0,111.13904219987501,133.51599764120415,3578.945787255392,34.648287191739608,23.764257333154764,184.29635677263037,221.65246969437494,6994.403001772054,0.0,0.0,105.91487544263213,128.90198556320699,2644.8607121422667,0.0,18.09670136347881,33.16592852906144,22.000000000000019,30.00000000000002,0.0,18.216072762404573,32.42894953244455,12.00000000000001,30.00000000000002,0.0,18.17821293666555,32.87955465144269,22.000000000000019,30.00000000000002,0.0,18.18858712019012,32.779077195349049,12.00000000000001,30.00000000000002,0.0,15.784034061607266,41.1721118942277,12.00000000000001,30.00000000000002,0.0,18.563680239209757,34.275105976149259,12.00000000000001,30.00000000000002,0.0,15.940576133583229,39.5256811251288,10.000000000000007,30.00000000000002,0.0,14.721945304462447,44.0881214343148,12.00000000000001,30.00000000000002,0.0,16.453802296401816,38.60770224898768,20.000000000000015,30.00000000000002,0.0,16.311450825361747,0.0,0.0,0.0,12.705606902262336,0.0,0.0,584.2874211245735,563.2886258263255,579.8607973086133,575.6320016415446,692.6857643307116,964.2966301109794,650.1026059714969,704.8848060392738,662.2725002011998,0.0,82.8989792412874,82.8989792412874,60.00000000000004,0.0,60.00000000000004,60.00000000000004,12.0,12.0,12.0,19.0,12.0,12.0,21.0,10.0,0.0,0.0,0.0,0.0,0.0,0.0,0.0,0.0,0.0,0.0,0.0,0.0,0.0,82.8989792412874,82.8989792412874,0.0,0.0,0.0,82.8989792412874,0.0,0.0,0.00074 
 03/23  24:00:00,0.4,94.0,1.49,0.0,0.0,0.0,0.0,0.0,2.0,0.0,0.0,0.0,0.0,0.0,0.0,1416.0,0.0,0.0,0.0,0.0,0.0,0.0,0.0,0.0,0.0,0.0,0.0,18.47293662131544,-347.8207558601762,18.594384307753228,-154.69237356173597,18.51593016629011,-124.9759571917441,18.239497952574089,-11.695638407117166,15.794579768828946,-5.014054679498599,18.29817689325111,-51.59515300340976,16.156191472979349,-141.95799945125419,14.92695914191885,-138.97848010872515,16.434507217598254,-125.29246042077898,487.23963913061018,883.9521705682957,0.0,0.0,0.0,0.0,0.0,0.0,0.0,0.0,0.0,0.0,0.0,0.0,0.0,0.0,0.0,0.0,0.0,0.0,0.0,0.0,0.0,0.0,1.8976380260743007,0.5792545867137671,159.70004510771339,190.9010160274023,5669.496323441272,0.3577506874224365,0.05460175326960264,65.03166370017677,77.68364113049857,2338.073821364042,3.278763783253022,0.6195698758981525,59.90483636575982,71.52979704275755,2252.276038211818,0.3584412225600173,0.0677326573242663,3.714869964203519,4.43516574519794,145.13419515469375,0.0,0.0,8.370206798494582,10.07375067924182,261.0224379408785,0.0,0.0,12.709755867309934,15.154658017892079,462.25755794077676,0.0,0.0,145.17735590277105,174.72729849306666,4537.030540581334,0.0,0.0,34.758721622571169,41.99867940351792,1008.160104796103,0.0,0.0,117.08806498328943,140.65023203415383,3781.711837600762,34.78853039428202,23.860446086613196,100.06251557574058,120.49822584813866,4183.079328558278,0.0,0.0,110.62617427188991,134.6131649979489,2778.334658682008,0.0,17.83669639080223,33.1048675765515,22.0,30.0,0.0,18.18914955829038,32.41049242648583,12.0,30.0,0.0,18.112548731588448,32.7846100924408,22.0,30.0,0.0,18.104109885130723,32.87258874122641,12.0,30.0,0.0,15.752652474826718,40.81802638870069,12.0,30.0,0.0,18.478434795687478,34.03718332356606,12.0,30.0,0.0,15.788175607592793,39.617893551912597,10.0,30.0,0.0,14.621817666694419,43.85538511853623,12.0,30.0,0.0,16.334181438556088,38.563605497394387,20.0,30.0,0.0,15.690541786715361,0.0,0.0,0.0,12.6122702546582,0.0,0.0,564.6978701616104,562.8643833882428,574.0798284523175,574.8955227555985,678.4886962714539,948.383958163149,641.2267527360195,689.0328720476413,651.7349236471321,0.0,82.89897924128734,82.89897924128734,60.0,0.0,60.0,60.0,12.0,12.0,12.0,19.0,12.0,12.0,21.0,10.0,0.0,0.0,0.0,0.0,0.0,0.0,0.0,0.0,0.0,0.0,0.0,0.0,0.0,82.89897924128734,82.89897924128734,0.0,0.0,0.0,82.89897924128734,0.0,0.0,0.0007599999999999999 
 03/24  00:10:00,0.3166666666666667,94.00000000000002,1.545,0.0,0.0,0.0,0.0,0.0,2.0,2.0,0.0,0.0,0.0,0.0,0.0,2124.0,0.0,0.0,0.0,0.0,0.0,0.0,0.0,0.0,0.0,0.0,0.0,18.41061249969693,12.199251427574986,18.4427228947675,-421.9764014656963,18.347136549984929,-348.62152150765226,18.139422429975676,-166.67650083920413,15.769179746786597,-3.8836439127379096,18.229995002128797,-47.10976447074468,16.329386100077657,129.4435617447228,14.837592954598023,-175.46083287550318,16.449006327306785,-32.07599018167165,686.4802840919832,443.24722507889427,0.0,0.0,0.0,0.0,0.0,0.0,0.0,0.0,0.0,0.0,0.0,0.0,0.0,0.0,0.0,0.0,0.0,0.0,0.0,0.0,0.0,0.0,1.8880393759410872,0.5763245958306127,203.06729126651079,243.00433326703419,7239.509140158102,0.3511911434694488,0.05360060187262651,106.43409033116567,127.35381792037814,3794.9952810453798,3.195239960567236,0.6037868406211709,151.09008290257686,180.63854112990058,5456.068065320743,0.3473243794592578,0.06563196890764508,89.38322247221572,106.7963651110463,3176.048139182426,0.0,0.0,8.03784704791463,9.680956980111814,251.59831248077735,0.0,0.0,13.082430108085822,15.614306980286248,476.26357531074799,0.0,0.0,75.25913099164936,90.5058301221312,2425.973568433569,0.0,0.0,35.73202368482664,43.21429146875229,1034.2464602356122,0.0,0.0,16.143625066548407,19.402821649763348,526.4116110885937,34.82050780376965,23.88237846623434,213.91615827026028,257.31528175548467,8028.1339564156319,0.0,0.0,48.13403069818345,58.75422212247403,1147.5024332072238,0.0,17.877809853998686,32.93413166938493,22.0,30.0,0.0,17.97066073742328,32.257776937279377,12.0,30.0,0.0,17.885210006978907,32.76530982653951,22.0,30.0,0.0,17.969509781083678,32.825989230736009,12.0,30.0,0.0,15.727476211630535,40.44548547558035,12.0,30.0,0.0,18.40959486460592,33.7814876345393,12.0,30.0,0.0,16.210135288160119,37.406185514608,10.0,30.0,0.0,14.508334514147098,43.69009453705003,12.0,30.0,0.0,16.413898770134329,38.27261067702548,20.0,30.0,0.0,16.258783025719539,0.0,0.0,0.0,11.877957164127297,0.0,0.0,562.3848964121005,544.4334289924289,557.7562701602764,565.7433477525859,663.8024882611667,929.5413539147718,595.6948847602837,677.2437612747739,712.2060932150489,0.0,82.89897924128734,82.89897924128734,60.0,0.0,60.0,60.0,12.0,12.0,12.0,19.0,12.0,12.0,21.0,10.0,0.0,0.0,0.0,0.0,0.0,0.0,0.0,0.0,0.0,0.0,0.0,0.0,0.0,82.89897924128734,82.89897924128734,0.0,0.0,0.0,82.89897924128734,0.0,0.0,0.0007800000000000001 
 03/24  00:20:00,0.2333333333333334,94.0,1.6,0.0,0.0,0.0,0.0,0.0,2.0,2.0,0.0,0.0,0.0,0.0,0.0,2124.0,0.0,0.0,0.0,0.0,0.0,0.0,0.0,0.0,0.0,0.0,0.0,18.310182453843085,-205.56014187613006,18.280227724314977,-384.7639157876855,18.105793090651529,-255.82950795011844,18.00130580722721,-167.87167868906554,15.741980895961984,-4.3586246951970779,18.170058460532517,-32.82274679694635,16.4533362203071,26.138000317016716,14.68529078320952,-226.33419180933363,16.49008612793964,-39.373018414182187,760.0723358206333,569.4782049075914,0.0,0.0,0.0,0.0,0.0,0.0,0.0,0.0,0.0,0.0,0.0,0.0,0.0,0.0,0.0,0.0,0.0,0.0,0.0,0.0,0.0,0.0,1.8934091714976745,0.5779637275633925,351.58461941382248,420.80894975392507,12478.143349633618,0.3376848798302484,0.051539206323297979,190.32624799411154,227.8116767639076,6729.086322579729,3.285846468104144,0.6209082517203598,283.18670364588658,339.3490003205882,9982.765875675595,0.35494406079478649,0.06707181798843277,144.3557900218847,172.85578230596364,5120.1422506286139,0.0,0.0,7.407533395426648,8.92242661489095,232.71898986115878,0.0,0.0,11.85342753611444,14.149129993610455,432.2787783988174,0.0,0.0,76.82467392956753,92.3228756642329,2523.347586196256,0.0,0.0,43.781626168774739,53.00409917370604,1255.3118363964787,0.0,0.0,13.465149015341506,16.172672913074803,444.1888587081013,34.746366421918278,23.831527038352726,443.5178492391525,533.193720036853,15785.102493939012,0.0,0.0,56.724983732729878,69.28428140301111,1348.2028628885744,0.0,17.73500761156192,32.669447862826938,21.999999999999994,29.99999999999999,0.0,17.771179071951776,32.345139339877167,11.999999999999995,29.99999999999999,0.0,17.54118504441136,33.062874623228079,21.999999999999994,29.99999999999999,0.0,17.79014954164583,32.54521906756772,11.999999999999995,29.99999999999999,0.0,15.699846906180819,39.89504719113758,11.999999999999995,29.99999999999999,0.0,18.35592914984815,33.374641066096547,11.999999999999995,29.99999999999999,0.0,16.443272452816225,36.152221124039517,9.999999999999997,29.99999999999999,0.0,14.277054917598239,43.22689599419386,11.999999999999995,29.99999999999999,0.0,16.51920218244172,37.787371342580119,19.999999999999994,29.99999999999999,0.0,16.457357307641464,0.0,0.0,0.0,11.755610347210546,0.0,0.0,545.7618871401261,536.9762979722597,546.9544026649653,547.741133728677,644.1224448943474,917.821319894088,578.615478249178,652.4655504263762,774.8613264874857,0.0,82.89897924128731,82.89897924128731,59.99999999999998,0.0,59.99999999999998,59.99999999999998,12.0,12.0,12.0,19.0,12.0,12.0,21.0,10.0,0.0,0.0,0.0,0.0,0.0,0.0,0.0,0.0,0.0,0.0,0.0,0.0,0.0,82.89897924128731,82.89897924128731,0.0,0.0,0.0,82.89897924128731,0.0,0.0,0.0007733333333333333 
 03/24  00:30:00,0.15000000000000003,94.0,1.655,0.0,0.0,0.0,0.0,0.0,2.0,2.0,0.0,0.0,0.0,0.0,0.0,1416.0,0.0,0.0,0.0,0.0,0.0,0.0,0.0,0.0,0.0,0.0,0.0,18.1957406358645,-135.87852941417123,18.2132424595736,-299.01645316219278,18.04484986702061,-290.6833094131466,17.858665913917826,-147.86491691319044,15.713273743871263,-3.9476523952554034,18.10812582189692,-32.62951739439592,16.475377127503614,8.155297900056667,14.547527667799816,-221.35163633831577,16.507373599991277,-44.18451266735826,726.8102789200239,599.3996737390055,0.0,0.0,0.0,0.0,0.0,0.0,0.0,0.0,0.0,0.0,0.0,0.0,0.0,0.0,0.0,0.0,0.0,0.0,0.0,0.0,0.0,0.0,1.896872626687992,0.579020948317458,208.43200798712247,249.2102724539524,7421.161659138056,0.3439732628279982,0.052498971738094968,97.12811408508378,116.02794701345685,3438.2931209288456,3.278886725108321,0.6195931075412552,221.7100286873328,265.33790838199396,7891.076571282891,0.3586814312175603,0.06777804822705219,134.01502623760855,160.36526494634925,4725.833232494222,0.0,0.0,7.577129522027196,9.12414591663946,238.91756354913978,0.0,0.0,11.83397088619844,14.121711777544549,432.2208897455285,0.0,0.0,78.50105791041277,94.27542729416742,2599.915041956634,0.0,0.0,44.94438763797081,54.416099734669248,1279.5590179093688,0.0,0.0,14.435435105410733,17.32682370389898,480.1945233613079,34.86192614997171,23.910786111091718,292.71037540527848,351.71370589580797,10698.856293010605,0.0,0.0,57.945374796141809,70.77369746996399,1369.7843482559397,0.0,17.61413184243081,32.514913452172468,22.0,30.0,0.0,17.75813762680231,32.131838341954189,12.0,30.0,0.0,17.539748995922517,32.81696874066896,22.0,30.0,0.0,17.601313665073577,32.61686224924013,12.0,30.0,0.0,15.670570924224379,39.352185208845998,12.0,30.0,0.0,18.295094206621216,33.01970196717672,12.0,30.0,0.0,16.500532974092964,35.77282787473714,10.0,30.0,0.0,14.085475207706662,43.22183810908603,12.0,30.0,0.0,16.57651928347234,37.307870812882757,20.0,30.0,0.0,16.262441926957814,0.0,0.0,0.0,11.603075265682227,0.0,0.0,533.9634344334575,530.6896643872059,540.621243073593,538.8883030789364,625.9665361210706,908.0105653304015,572.9257989416591,642.1533037496956,812.5601700770732,0.0,82.89897924128734,82.89897924128734,60.0,0.0,60.0,60.0,12.0,12.0,12.0,19.0,12.0,12.0,21.0,10.0,0.0,0.0,0.0,0.0,0.0,0.0,0.0,0.0,0.0,0.0,0.0,0.0,0.0,82.89897924128734,82.89897924128734,0.0,0.0,0.0,82.89897924128734,0.0,0.0,0.0007666666666666667 
 03/24  00:40:00,0.0666666666666667,94.0,1.71,0.0,0.0,0.0,0.0,0.0,2.0,2.0,0.0,0.0,0.0,0.0,0.0,2124.0,0.0,0.0,0.0,0.0,0.0,0.0,0.0,0.0,0.0,0.0,0.0,18.081405233988087,-243.0423480571767,18.083538305497159,-289.722797198682,17.93264933906422,-149.7120806067258,17.778973794461487,-176.79317872792786,15.68485342399073,-4.4999993462641829,18.050550692724224,-32.53634946705778,16.445602226211038,-13.74166480114022,14.427739349610441,-233.13473917491633,16.502844921019127,-51.14231066884159,680.6357980812973,641.112209598204,0.0,0.0,0.0,0.0,0.0,0.0,0.0,0.0,0.0,0.0,0.0,0.0,0.0,0.0,0.0,0.0,0.0,0.0,0.0,0.0,0.0,0.0,1.9006411191779667,0.5801712818003564,249.2370535993221,298.39126090868697,8782.757659568564,0.34675772127710927,0.05292395013386897,145.31166649963843,173.89124358595536,5144.793271189798,3.2737861859765609,0.6186292868436438,187.61320917253125,224.64620224694256,6691.38825665111,0.35862728258150519,0.0677678160584855,79.58544327780452,95.28829404369509,2811.2109610601835,0.0,0.0,7.613145922044916,9.17421686566663,240.91149318546048,0.0,0.0,11.730257601765942,14.008707468596345,429.19028378126645,0.0,0.0,78.9111894868546,94.84069610285676,2621.0182543528615,0.0,0.0,47.614266577101847,57.71681981073878,1349.2064815691695,0.0,0.0,16.210865981597047,19.466560540069826,542.405602665189,34.89532061920337,23.93369041097626,280.57516674938179,337.37434959682698,10275.0585850594,0.0,0.0,60.68415581633998,74.19233259960797,1431.8532245887623,0.0,17.465505355591018,32.59374832303586,22.000000000000008,30.00000000000001,0.0,17.610385269525986,32.274040676823229,12.000000000000006,30.00000000000001,0.0,17.446178170402484,32.74371990196956,22.000000000000008,30.00000000000001,0.0,17.52613008512065,32.54889442827069,12.000000000000006,30.00000000000001,0.0,15.643100389351212,38.960394179773498,12.000000000000006,30.00000000000001,0.0,18.242780788667696,32.76214760586084,12.000000000000006,30.00000000000001,0.0,16.461943409321245,35.48555510521122,10.000000000000004,30.00000000000001,0.0,13.930310386507692,43.047445201939527,12.000000000000006,30.00000000000001,0.0,16.591725808823683,36.91815763555466,20.000000000000008,30.00000000000001,0.0,16.06294536317008,0.0,0.0,0.0,11.495552225655845,0.0,0.0,529.3282214928729,527.634442114967,534.7322221808795,536.1193541887624,613.575393842282,901.1616057908259,565.4537859041789,631.8608622991961,824.9770678620812,0.0,82.89897924128737,82.89897924128737,60.00000000000002,0.0,60.00000000000002,60.00000000000002,12.0,12.0,12.0,19.0,12.0,12.0,21.0,10.0,0.0,0.0,0.0,0.0,0.0,0.0,0.0,0.0,0.0,0.0,0.0,0.0,0.0,82.89897924128737,82.89897924128737,0.0,0.0,0.0,82.89897924128737,0.0,0.0,0.00076 
 03/24  00:50:00,-0.01666666666666669,94.0,1.7650000000000002,0.0,0.0,0.0,0.0,0.0,2.0,2.0,0.0,0.0,0.0,0.0,0.0,1416.0,0.0,0.0,0.0,0.0,0.0,0.0,0.0,0.0,0.0,0.0,0.0,17.945385292061297,-279.80617036152946,18.00029630123266,-173.0216557954475,17.893627651039489,-37.69102531344538,17.696512849864335,-111.60481586242054,15.652786282346069,-4.418336155672449,17.986540554423578,-34.18190690525856,16.392122469225506,-6.800309857856973,14.307927696383981,-233.51455979995922,16.4865522474866,-57.67194995694666,574.5221554197801,662.764163442445,0.0,0.0,0.0,0.0,0.0,0.0,0.0,0.0,0.0,0.0,0.0,0.0,0.0,0.0,0.0,0.0,0.0,0.0,0.0,0.0,0.0,0.0,1.8993565975902685,0.5797791811936107,163.04627467919367,195.2623738873841,5742.2946339341719,0.3551365097427403,0.05420276400224974,96.16534086652315,115.14025562220633,3413.88356426805,3.292697121247924,0.6222027817928808,84.94162181016677,101.68165837545389,3111.4690067734547,0.36202063732857955,0.06840903955566505,73.21934577154625,87.66803660714914,2591.20345309245,0.0,0.0,7.905221706425434,9.52093995957807,250.9937108871532,0.0,0.0,11.653117865958688,13.912455369622734,426.91784188833278,0.0,0.0,82.07910562009835,98.60571737345836,2728.6528778683607,0.0,0.0,48.75496166508023,59.09943015279504,1375.3412178329682,0.0,0.0,16.969729057592656,20.368366166027383,570.4950454942064,34.95236843213141,23.972817854685475,156.23678093904017,188.23654359895853,6069.219174675811,0.0,0.0,61.84069063498986,75.59951064387562,1454.2189448770199,0.0,17.304172687616427,32.642988841615778,22.0,30.0,0.0,17.546072378467835,32.18150200721955,12.0,30.0,0.0,17.472853723559056,32.58355390477739,22.0,30.0,0.0,17.450015967740919,32.47202362548727,12.0,30.0,0.0,15.609667334585329,38.54684493695808,12.0,30.0,0.0,18.177821993960408,32.49994228684569,12.0,30.0,0.0,16.390347271728495,35.4556275835466,10.0,30.0,0.0,13.776551178315824,43.03359141798328,12.0,30.0,0.0,16.586126903256195,36.46659524847479,20.0,30.0,0.0,15.636660414019723,0.0,0.0,0.0,11.367794544398859,0.0,0.0,522.755635908909,522.6529091229911,535.9642330039519,532.5261511135461,601.5824098796068,892.0825546013359,562.4458831109064,629.41641710392,823.7893631540201,0.0,82.89897924128734,82.89897924128734,60.0,0.0,60.0,60.0,12.0,12.0,12.0,19.0,12.0,12.0,21.0,10.0,0.0,0.0,0.0,0.0,0.0,0.0,0.0,0.0,0.0,0.0,0.0,0.0,0.0,82.89897924128734,82.89897924128734,0.0,0.0,0.0,82.89897924128734,0.0,0.0,0.0007599999999999999 
 03/24  01:00:00,-0.1,94.0,1.82,0.0,0.0,0.0,0.0,0.0,2.0,2.0,0.0,0.0,0.0,0.0,0.0,1416.0,0.0,0.0,0.0,0.0,0.0,0.0,0.0,0.0,0.0,0.0,0.0,17.725325007458929,-137.70667776549545,17.95150592859121,-360.5676200035532,17.761331160664129,-340.22801274947417,17.53860159807004,-219.6757966314135,15.620300133901857,-5.322919251667997,17.921005649584079,-34.60514921121927,16.325686979457005,-60.657640884273067,14.193665717709543,-242.71293551917575,16.45975600881701,-62.906210339371117,783.1860458961583,674.1309000231554,0.0,0.0,0.0,0.0,0.0,0.0,0.0,0.0,0.0,0.0,0.0,0.0,0.0,0.0,0.0,0.0,0.0,0.0,0.0,0.0,0.0,0.0,1.9127458220848639,0.5838662460576507,469.86536682406679,563.1644793443276,16346.537378225361,0.3403649631949534,0.05194825445588422,258.6624623967055,309.51530795418457,9182.065631196883,3.1505291464089706,0.5953380851112947,405.35555342785497,485.54818121674966,14327.364755509088,0.34387037294254366,0.06497928438067716,214.92831550324099,257.58147010812578,7514.308958934034,0.0,0.0,7.424652326208578,8.946642321972423,236.5204824609972,0.0,0.0,12.26655938507264,14.647749914197844,449.87356464672458,0.0,0.0,73.35705280013808,88.18517348716229,2439.494306046783,0.0,0.0,49.545410769853749,60.09264035704193,1392.288820781501,0.0,0.0,20.984320334893778,25.18982708842585,708.0195226776908,34.90395740133145,23.93961412985697,640.7666336283096,770.3359235336266,22324.679137285344,0.0,0.0,62.40210396728799,76.32734865384907,1461.462112321172,0.0,16.999775008424625,33.05429106011732,22.0,30.0,0.0,17.523322860757337,31.8956851508203,12.0,30.0,0.0,17.288158560758207,32.32598640635798,22.0,30.0,0.0,17.206018825580025,32.576743034156198,12.0,30.0,0.0,15.576518194649492,38.14901845371216,12.0,30.0,0.0,18.110571209485529,32.27698190022451,12.0,30.0,0.0,16.293073255517894,35.299914091243369,10.0,30.0,0.0,13.633298406225649,42.86433636903297,12.0,30.0,0.0,16.562270680922496,35.965759678766328,20.0,30.0,0.0,16.231478048354725,0.0,0.0,0.0,11.23312302969146,0.0,0.0,519.5619179136995,516.5885098089134,518.2589901461959,519.669492422087,592.9778964280797,881.6986257655746,564.4338498282175,636.2309454103341,807.1563535639014,0.0,82.89897924128734,82.89897924128734,60.0,0.0,60.0,60.0,12.0,12.0,12.0,19.0,12.0,12.0,21.0,10.0,0.0,0.0,0.0,0.0,0.0,0.0,0.0,0.0,0.0,0.0,0.0,0.0,0.0,82.89897924128734,82.89897924128734,0.0,0.0,0.0,82.89897924128734,0.0,0.0,0.0007599999999999999 
 03/24  01:10:00,-0.1766666666666667,94.16666666666667,1.85,0.0,0.0,0.0,0.0,0.0,2.0,2.0,0.0,0.0,0.0,0.0,0.0,2124.0,0.0,0.0,0.0,0.0,0.0,0.0,0.0,0.0,0.0,0.0,0.0,17.807220843943435,-215.9869139996808,17.7817114289673,-277.9122986999405,17.59911707461227,-114.30144534125216,17.512696705330769,-149.1255704159106,15.587833476128813,-5.7489731715860359,17.86104251234623,-37.027166340479158,16.23779822264126,-40.60177970936138,14.097186477875124,-243.29497806839795,16.43189954395406,-65.86067827848479,700.8448434814169,690.1459070967137,0.0,0.0,0.0,0.0,0.0,0.0,0.0,0.0,0.0,0.0,0.0,0.0,0.0,0.0,0.0,0.0,0.0,0.0,0.0,0.0,0.0,0.0,1.8867815176330365,0.5759406341981186,294.1598286434518,352.67146909803656,10391.783511740416,0.34102084373187416,0.05204835832293561,165.50763017555873,198.39588935076717,5843.340018616183,3.2646127913564815,0.6168958411482394,191.7696951587827,230.04859432135738,6805.636492230882,0.3544397711707221,0.06697652516453552,83.07946592799142,99.6496530419298,2927.936933351963,0.0,0.0,7.544807714678226,9.095040663984922,241.02980705435284,0.0,0.0,12.629355738943098,15.093710566559704,463.73430522065066,0.0,0.0,77.30073921823049,92.99634951894962,2561.7738850981238,0.0,0.0,50.1625215020426,60.897879197939669,1406.8333278345654,0.0,0.0,21.283315815396997,25.567401406003456,720.3581910981789,34.98590518165041,23.995819740500978,326.99567056814126,393.80399168209507,11832.931872496363,0.0,0.0,63.0191952632899,77.15801347134104,1470.3699497904618,0.0,17.219182421481137,32.38742274780947,22.0,30.0,0.0,17.301996522377534,31.914937336947255,12.0,30.0,0.0,17.095529341252879,32.514532731273927,22.0,30.0,0.0,17.246127166328404,32.35647242952683,12.0,30.0,0.0,15.5446956349286,37.90495966396116,12.0,30.0,0.0,18.05379193052865,32.070627510700528,12.0,30.0,0.0,16.16708583201609,35.286844359552947,10.0,30.0,0.0,13.525838173104967,42.88005861838628,12.0,30.0,0.0,16.538258507944819,35.611429961869649,20.0,30.0,0.0,15.910617334918376,0.0,0.0,0.0,11.109836421984403,0.0,0.0,515.5021709697903,505.6201730599463,514.4064314311459,517.1904512253487,588.7969040240054,868.0364809094687,560.04838919844,637.8488775994047,796.4212555632678,0.0,82.89897924128734,82.89897924128734,60.0,0.0,60.0,60.0,12.0,12.0,12.0,19.0,12.0,12.0,21.0,10.0,0.0,0.0,0.0,0.0,0.0,0.0,0.0,0.0,0.0,0.0,0.0,0.0,0.0,82.89897924128734,82.89897924128734,0.0,0.0,0.0,82.89897924128734,0.0,0.0,0.00076 
 03/24  01:20:00,-0.25333333333333338,94.33333333333334,1.8800000000000004,0.0,0.0,0.0,0.0,0.0,2.0,2.0,0.0,0.0,0.0,0.0,0.0,1416.0,0.0,0.0,0.0,0.0,0.0,0.0,0.0,0.0,0.0,0.0,0.0,17.783508419795344,-73.67350838663447,17.715790272166275,-230.20783667840466,17.56926447476033,-189.04170591396565,17.422921282283136,-126.72433545306262,15.551891158957142,-5.620421048172844,17.79186174326654,-38.69077330572921,16.19313699870078,-29.05824086855887,13.994783606756002,-244.44054085008714,16.395866601712059,-70.22653215401306,551.5078181825188,704.8821435038364,0.0,0.0,0.0,0.0,0.0,0.0,0.0,0.0,0.0,0.0,0.0,0.0,0.0,0.0,0.0,0.0,0.0,0.0,0.0,0.0,0.0,0.0,1.8824920300120583,0.5746312667924476,99.33780440259221,119.08048647703908,3575.423170957743,0.35211170416682416,0.05374110258956412,76.44122657262673,91.61384074398088,2713.984994803721,3.2535126154147404,0.6147983022325664,150.04698913781469,179.916335030047,5384.586181284014,0.3614657801297083,0.06830419125655861,107.80910145852687,129.2088910612506,3799.3394844005058,0.0,0.0,7.869500461498302,9.482931210188344,252.07765745376555,0.0,0.0,12.621606206130207,15.081013833070621,463.6632857228123,0.0,0.0,80.95737209746162,97.35934980283992,2689.09146114273,0.0,0.0,50.70681634466484,61.552115934751757,1418.2670954136198,0.0,0.0,20.85530483271066,25.04492981362405,707.6293415143802,35.03579603921979,24.030038435678877,157.79534586149263,190.36928622914645,6114.028896112373,0.0,0.0,63.577330747083077,77.83564507993681,1477.8145838924116,0.0,17.272520484811144,31.968271835480118,22.0,30.0,0.0,17.264246746220459,31.789740226139796,12.0,30.0,0.0,17.123530129329255,32.33335357292668,22.0,30.0,0.0,17.146751285520695,32.301057449507727,12.0,30.0,0.0,15.507063918027545,37.61490214553615,12.0,30.0,0.0,17.979462466842688,31.87838204413029,12.0,30.0,0.0,16.125792186090444,35.12508610663451,10.0,30.0,0.0,13.405449624209359,42.92699324004366,12.0,30.0,0.0,16.499742527480984,35.35348269112039,20.0,30.0,0.0,15.319547324787236,0.0,0.0,0.0,10.984792190810746,0.0,0.0,509.92892044660877,502.2257836704572,514.4905996533612,511.65708955284677,583.9984307280001,856.1796859632339,555.6910316886108,640.587480425208,791.9799956337736,0.0,82.89897924128734,82.89897924128734,60.0,0.0,60.0,60.0,12.0,12.0,12.0,19.0,12.0,12.0,21.0,10.0,0.0,0.0,0.0,0.0,0.0,0.0,0.0,0.0,0.0,0.0,0.0,0.0,0.0,82.89897924128734,82.89897924128734,0.0,0.0,0.0,82.89897924128734,0.0,0.0,0.0007433333333333333 
 03/24  01:30:00,-0.33,94.5,1.9100000000000002,0.0,0.0,0.0,0.0,0.0,2.0,2.0,0.0,0.0,0.0,0.0,0.0,2124.0,0.0,0.0,0.0,0.0,0.0,0.0,0.0,0.0,0.0,0.0,0.0,17.642993148520817,-259.5256327969263,17.642338539067877,-267.5959083785762,17.498490008366195,-140.8795546519962,17.365047844815967,-172.27205879879959,15.517593025555052,-6.049631302964464,17.728698746694258,-38.200320999931047,16.14946155353193,-39.54521367723705,13.90019236484028,-251.84681086706525,16.359890227137208,-73.17182458576531,595.1601567067819,722.8306986328319,0.0,0.0,0.0,0.0,0.0,0.0,0.0,0.0,0.0,0.0,0.0,0.0,0.0,0.0,0.0,0.0,0.0,0.0,0.0,0.0,0.0,0.0,1.891365910799119,0.5773400216114526,165.59960707705225,198.6373185861966,5886.099122533307,0.3513784071977252,0.05362918302773581,88.08819060079789,105.58251060205441,3116.6887544097287,3.2334390119199667,0.6110051042932665,116.50349269961552,139.71242967942164,4208.159619562556,0.3596851063959129,0.06796770717987767,85.34058585149335,102.26999760941809,3005.766537679803,0.0,0.0,7.830309514632509,9.442357284289053,251.51664071618957,0.0,0.0,12.613186438119099,15.082784936998113,463.78592616418498,0.0,0.0,81.03768272244868,97.52923491766433,2697.1072333992458,0.0,0.0,51.58254022390204,62.67497633011256,1440.1148596847148,0.0,0.0,21.773947257551755,26.166253177126359,740.5897270514354,35.114542419031867,24.084048298375764,186.14963609845544,224.44773312698994,7087.9009214600259,0.0,0.0,64.43693599537935,78.96477380402252,1493.6795885882564,0.0,17.058727854921174,31.980254121921516,21.999999999999994,29.99999999999999,0.0,17.200910119579647,31.623135652258065,11.999999999999995,29.99999999999999,0.0,17.078910227746499,32.23314261759714,21.999999999999994,29.99999999999999,0.0,17.100909236888645,32.18765421254665,11.999999999999995,29.99999999999999,0.0,15.473678734934773,37.378426733391,11.999999999999995,29.99999999999999,0.0,17.917644761161168,31.727681996436759,11.999999999999995,29.99999999999999,0.0,16.08024828068576,34.871548724059518,9.999999999999997,29.99999999999999,0.0,13.299863680578297,42.85108346241399,11.999999999999995,29.99999999999999,0.0,16.463183502883309,35.151329782770989,19.999999999999994,29.99999999999999,0.0,15.352597018071915,0.0,0.0,0.0,10.873781923967247,0.0,0.0,501.52332948957067,497.69738231792328,514.448778462357,512.7134200148707,579.9162472443848,848.6705210290338,551.6390515694715,636.1518240607973,787.4711039858562,0.0,82.89897924128731,82.89897924128731,59.99999999999998,0.0,59.99999999999998,59.99999999999998,12.0,12.0,12.0,19.0,12.0,12.0,21.0,10.0,0.0,0.0,0.0,0.0,0.0,0.0,0.0,0.0,0.0,0.0,0.0,0.0,0.0,82.89897924128731,82.89897924128731,0.0,0.0,0.0,82.89897924128731,0.0,0.0,0.0007266666666666668 
 03/24  01:40:00,-0.4066666666666667,94.66666666666666,1.94,0.0,0.0,0.0,0.0,0.0,2.0,2.0,0.0,0.0,0.0,0.0,0.0,708.0,0.0,0.0,0.0,0.0,0.0,0.0,0.0,0.0,0.0,0.0,0.0,17.672038983066515,-45.994202399877419,17.460689378333414,-408.47723403377059,17.459283891917197,-59.36667880965072,17.202432650693774,-242.4354557616731,15.475609211864628,-5.923590322926347,17.653832519020086,-36.53931996734936,16.065703886024449,-53.3257511302377,13.794133553848795,-244.8100241766814,16.315148135440937,-73.17152132706306,625.8864837872754,738.3939071585136,0.0,0.0,0.0,0.0,0.0,0.0,0.0,0.0,0.0,0.0,0.0,0.0,0.0,0.0,0.0,0.0,0.0,0.0,0.0,0.0,0.0,0.0,1.8925245142524073,0.5776936856692332,160.7500300761825,192.32174090277435,5788.746516670612,0.34479570140756146,0.05262449655182564,141.7367787746189,169.76902863562496,4976.1221176541289,3.232291021880437,0.6107881749585109,100.00782992959425,119.69852668514737,3647.7272781485519,0.3538699803423809,0.06686885493998128,89.22222945685368,106.89328640885484,3125.338114048198,0.0,0.0,7.536565426000504,9.07051360856287,242.6389602370989,0.0,0.0,12.824960763676439,15.308529147003489,471.63424008038899,0.0,0.0,77.67658062758685,93.33034288040781,2580.493869645877,0.0,0.0,51.935396170292239,62.99910943284068,1445.5796019947898,0.0,0.0,22.947264918502449,27.52366940736971,781.9977832189489,35.12499742420623,24.091219083817735,193.45160216179705,232.93794384116246,7333.851393436256,0.0,0.0,64.73633575773911,79.19765025651735,1496.6262842220118,0.0,17.22700838747766,31.618858427554725,22.00000000000001,30.000000000000015,0.0,16.927532721667704,31.62411259519998,12.000000000000006,30.000000000000015,0.0,17.090057492358566,32.216915478319119,22.00000000000001,30.000000000000015,0.0,16.857673131141408,31.802285138165347,12.000000000000006,30.000000000000015,0.0,15.425899977404678,37.05094403966635,12.000000000000006,30.000000000000015,0.0,17.832353335101769,31.50605918722986,12.000000000000006,30.000000000000015,0.0,15.962041194753909,34.781826520134199,10.000000000000004,30.000000000000015,0.0,13.171467221289446,42.77793926200498,12.000000000000006,30.000000000000015,0.0,16.41046379997757,34.83701919335159,20.000000000000008,30.000000000000015,0.0,15.399124192285086,0.0,0.0,0.0,10.759206725447593,0.0,0.0,502.91775106900169,485.3911964115306,521.4558517161298,486.6717245528667,574.263007449678,837.4481760807026,548.8409461909754,631.1654272810993,775.1351710240062,0.0,82.89897924128738,82.89897924128738,60.00000000000003,0.0,60.00000000000003,60.00000000000003,12.0,12.0,12.0,19.0,12.0,12.0,21.0,10.0,0.0,0.0,0.0,0.0,0.0,0.0,0.0,0.0,0.0,0.0,0.0,0.0,0.0,82.89897924128738,82.89897924128738,0.0,0.0,0.0,82.89897924128738,0.0,0.0,0.0007099999999999999 
 03/24  01:50:00,-0.4833333333333334,94.83333333333333,1.97,0.0,0.0,0.0,0.0,0.0,2.0,2.0,0.0,0.0,0.0,0.0,0.0,2832.0,0.0,0.0,0.0,0.0,0.0,0.0,0.0,0.0,0.0,0.0,0.0,17.47632700354106,-273.51535342813818,17.441682046682986,-126.33404468564231,17.344811862932173,-219.85006806582977,17.18924221360079,-55.7319296357559,15.444369119720607,-6.591636849937331,17.59877658667316,-40.804462378987739,16.025929753617477,-47.63813198923185,13.716179817446966,-260.2095531983701,16.281097460363769,-80.18854754745289,536.4527188045699,745.6254552952584,0.0,0.0,0.0,0.0,0.0,0.0,0.0,0.0,0.0,0.0,0.0,0.0,0.0,0.0,0.0,0.0,0.0,0.0,0.0,0.0,0.0,0.0,1.8867841768351497,0.5759414459203753,157.88702269632459,189.70353898400018,5602.811997952577,0.35789954136987747,0.05462447212604968,91.75947771964235,110.23345565006065,3251.799370156218,3.18571600721421,0.6019871517789515,103.46700466407072,124.26583814663742,3752.683402819029,0.36172053581530169,0.06835233103085821,80.15448257582242,96.27053480092863,2830.3605126772674,0.0,0.0,7.885208288881866,9.514523841117184,254.61350805796799,0.0,0.0,12.799962236662733,15.317973192561018,471.4040861993983,0.0,0.0,81.42503136806156,98.08020524692242,2712.041498176959,0.0,0.0,52.50910861163007,63.86756795809988,1461.6378447811167,0.0,0.0,23.185220604368458,27.880004007841774,792.0540806781596,35.14520221373763,24.105076964154767,164.1300761104885,198.35189725884406,6356.347350387855,0.0,0.0,65.26607598301026,80.07184623578505,1504.0027407483818,0.0,16.893192339483556,31.797874802738226,22.0,30.0,0.0,17.005914985911987,31.520344173431249,12.0,30.0,0.0,16.93397383481669,31.87463384159112,22.0,30.0,0.0,16.929930858480664,32.06916474763643,12.0,30.0,0.0,15.400459983443554,36.885126278129117,12.0,30.0,0.0,17.786374748900415,31.41541591021295,12.0,30.0,0.0,15.931486597607068,34.63574664511343,10.0,30.0,0.0,13.097223578960103,42.65463103844564,12.0,30.0,0.0,16.379835729835287,34.685755437382777,20.0,30.0,0.0,15.030898530742097,0.0,0.0,0.0,10.64604333761364,0.0,0.0,495.12254432027927,488.9121520726449,503.5982899065732,507.36358838070677,571.5556110491554,833.890591348094,545.5826681464478,630.0484752370066,770.2468945444964,0.0,82.89897924128734,82.89897924128734,60.0,0.0,60.0,60.0,12.0,12.0,12.0,19.0,12.0,12.0,21.0,10.0,0.0,0.0,0.0,0.0,0.0,0.0,0.0,0.0,0.0,0.0,0.0,0.0,0.0,82.89897924128734,82.89897924128734,0.0,0.0,0.0,82.89897924128734,0.0,0.0,0.0007000000000000001 
 03/24  02:00:00,-0.56,95.0,2.0,0.0,0.0,0.0,0.0,0.0,2.0,2.0,0.0,0.0,0.0,0.0,0.0,1416.0,0.0,0.0,0.0,0.0,0.0,0.0,0.0,0.0,0.0,0.0,0.0,17.340907507894948,-249.58228295168056,17.401165759415563,-190.24949113838103,17.28706003236665,-95.7143755044184,17.125094002834524,-220.51309763303599,15.403759780664633,-6.535067078348575,17.52852105568723,-39.85019072146309,15.960373148547899,-50.20234081171134,13.616082634130816,-258.5246114836476,16.235827880468848,-80.71019634721449,520.0262139193587,759.9711534352188,0.0,0.0,0.0,0.0,0.0,0.0,0.0,0.0,0.0,0.0,0.0,0.0,0.0,0.0,0.0,0.0,0.0,0.0,0.0,0.0,0.0,0.0,1.8940121625781328,0.5781477907747659,136.19362125880793,163.4888295726621,4827.401964811684,0.35641185557468876,0.054397413854500729,73.74421629635009,88.49530131389698,2623.5623661875526,3.2051041115020015,0.6056508147207109,84.69257038475689,101.50167215178854,3104.8984805845927,0.35478597283993176,0.06704194498109065,49.99404037810537,59.930198624285,1760.4407197710717,0.0,0.0,7.824079136142226,9.434425766355222,253.23336168682,0.0,0.0,12.918457618795035,15.452509901141167,475.97618021505056,0.0,0.0,80.41332870497392,96.80982255159268,2679.0371619979966,0.0,0.0,52.85476413505527,64.26487444388073,1467.6510106252713,0.0,0.0,23.876030319004295,28.6943301807178,817.1218653432501,35.21939748889054,24.155965355892016,131.9161751568158,159.2638968574554,5264.252939627508,0.0,0.0,65.5939356467517,80.44440095472483,1507.5936325019437,0.0,16.73453197279617,31.7825798714889,22.0,30.0,0.0,16.990459443089298,31.250642174397009,12.0,30.0,0.0,16.910491277849059,31.739232923113577,22.0,30.0,0.0,16.85682799524367,31.5920386053974,12.0,30.0,0.0,15.357218214631552,36.62810481972011,12.0,30.0,0.0,17.710790358450909,31.250785254023137,12.0,30.0,0.0,15.853533524680792,34.570741930966217,10.0,30.0,0.0,12.980176857164631,42.63654454511561,12.0,30.0,0.0,16.32865249533718,34.45229878145807,20.0,30.0,0.0,14.848248618335056,0.0,0.0,0.0,10.534496048080925,0.0,0.0,488.82602347572347,484.72518225676557,504.71214154677559,490.35709312374436,567.4367894152895,826.3472063938987,543.5626254408097,627.8732527949728,762.0842381957589,0.0,82.89897924128734,82.89897924128734,60.0,0.0,60.0,60.0,12.0,12.0,12.0,19.0,12.0,12.0,21.0,10.0,0.0,0.0,0.0,0.0,0.0,0.0,0.0,0.0,0.0,0.0,0.0,0.0,0.0,82.89897924128734,82.89897924128734,0.0,0.0,0.0,82.89897924128734,0.0,0.0,0.00069 
 03/24  02:10:00,-0.6416666666666667,95.0,2.0366666666666668,0.0,0.0,0.0,0.0,0.0,2.0,2.0,0.0,0.0,0.0,0.0,0.0,2124.0,0.0,0.0,0.0,0.0,0.0,0.0,0.0,0.0,0.0,0.0,0.0,17.278632143543584,-96.37111737661903,17.301356735249347,-322.84503761516256,17.15957858875765,-217.42206399483968,17.02805165017146,-79.06662063430356,15.366021792544903,-6.9213126835303548,17.464995540497076,-40.375942288229399,15.89353524251406,-66.19590383615939,13.526568669167422,-264.0287178227381,16.193840043120969,-84.54055470785454,547.8939470989853,768.7902015714867,0.0,0.0,0.0,0.0,0.0,0.0,0.0,0.0,0.0,0.0,0.0,0.0,0.0,0.0,0.0,0.0,0.0,0.0,0.0,0.0,0.0,0.0,1.8835577406685609,0.5749565752956536,155.5130335251293,186.85848055441756,5525.899422590087,0.34857340179379217,0.05320106864984618,90.04136681815511,108.20276129519358,3193.794433543673,3.1945395726823708,0.603654492192436,121.76920729178863,146.3019195638834,4386.123221481999,0.3576724891483031,0.06758739401895371,70.66841374260102,84.86875550340374,2496.6629980807058,0.0,0.0,7.609775770076904,9.181735312061296,246.98671062564615,0.0,0.0,13.181382220763084,15.778184799814547,486.21725393100646,0.0,0.0,79.14130518004265,95.3512981041614,2636.916695681379,0.0,0.0,53.273901186614697,64.82895340161018,1477.9419960904832,0.0,0.0,24.858304103312486,29.895143922491714,852.6494375020559,35.225246174146118,24.159976799825878,162.06240665760064,195.89874465029423,6284.034139899494,0.0,0.0,65.9222310183598,80.91815285671905,1511.8001262583283,0.0,16.729085760647118,31.612059399673229,22.0,30.0,0.0,16.862495208514699,31.210758224747317,12.0,30.0,0.0,16.733157228455459,31.68354378283213,22.0,30.0,0.0,16.758293156818586,31.59712823658353,12.0,30.0,0.0,15.320523558054735,36.43226747669674,12.0,30.0,0.0,17.64879667735114,31.111586044690506,12.0,30.0,0.0,15.771459724663672,34.41939027353452,10.0,30.0,0.0,12.883593807152398,42.545364083567168,12.0,30.0,0.0,16.284808200894273,34.25131057139529,20.0,30.0,0.0,14.89187797686353,0.0,0.0,0.0,10.425683308527085,0.0,0.0,488.84737635071476,481.569947091074,494.35599972383337,488.36655918016666,564.4769580981365,819.8016733877585,540.8020052432407,626.3106769071757,754.1018987670316,0.0,82.89897924128734,82.89897924128734,60.0,0.0,60.0,60.0,12.0,12.0,12.0,19.0,12.0,12.0,21.0,10.0,0.0,0.0,0.0,0.0,0.0,0.0,0.0,0.0,0.0,0.0,0.0,0.0,0.0,82.89897924128734,82.89897924128734,0.0,0.0,0.0,82.89897924128734,0.0,0.0,0.00068 
 03/24  02:20:00,-0.7233333333333334,95.0,2.0733333333333334,0.0,0.0,0.0,0.0,0.0,2.0,2.0,0.0,0.0,0.0,0.0,0.0,2124.0,0.0,0.0,0.0,0.0,0.0,0.0,0.0,0.0,0.0,0.0,0.0,17.083995713932376,-173.41260917826208,17.2263796114536,-320.22789116669738,17.05773190615171,-239.83479996748057,16.896754776347814,-257.0230356929045,15.326103759796924,-6.745667650329198,17.397563513053777,-42.236881455380878,15.813495798950349,-85.28371078462333,13.43058185084572,-269.26456020744549,16.147216415211589,-89.37000052043845,731.9136980499956,772.027493893447,0.0,0.0,0.0,0.0,0.0,0.0,0.0,0.0,0.0,0.0,0.0,0.0,0.0,0.0,0.0,0.0,0.0,0.0,0.0,0.0,0.0,0.0,1.8894901756192524,0.5767674528752295,329.4531894575035,396.3276744282941,11468.244449595484,0.34499320049877266,0.05265463988076504,201.61007856906887,242.13332856194979,7153.3053459992129,3.1324113325367799,0.5919144619306083,294.94290132181779,354.44787140207787,10453.17223509444,0.3470718364442046,0.06558424724947174,156.302543860132,187.91647331156833,5470.536128862607,0.0,0.0,7.400655298455098,8.93158948439975,240.84532929719317,0.0,0.0,13.479309698797149,16.137589416869056,497.60772387866606,0.0,0.0,75.61239835467666,91.13962712965568,2517.1254430300498,0.0,0.0,53.40716699751201,65.01666178683908,1479.0819710056686,0.0,0.0,27.21586391272701,32.734104356690739,935.2405169210283,35.208321781058177,24.148368848462398,442.6426669016486,534.1968324199507,15695.835689626254,0.0,0.0,65.86623010953153,80.88293758331526,1506.3012707034139,0.0,16.420412326064697,31.754165795240774,21.999999999999994,29.99999999999999,0.0,16.805925790440769,30.90443028761357,11.999999999999995,29.99999999999999,0.0,16.620613753048706,31.457766106309437,21.999999999999994,29.99999999999999,0.0,16.55370469503725,31.492024901236414,11.999999999999995,29.99999999999999,0.0,15.280333865854102,36.13994785123583,11.999999999999995,29.99999999999999,0.0,17.579069101194695,30.917267679551537,11.999999999999995,29.99999999999999,0.0,15.66639701912799,34.21089337625416,9.999999999999997,29.99999999999999,0.0,12.77414759089326,42.26543198265044,11.999999999999995,29.99999999999999,0.0,16.23288012854836,33.91329657064914,19.999999999999994,29.99999999999999,0.0,15.38109869695247,0.0,0.0,0.0,10.309232857033301,0.0,0.0,481.4237296261005,477.99810091250449,484.7232409314225,480.39083216345059,560.6162077419849,812.7022729202618,539.2041890835467,623.6112387966621,741.306465655425,0.0,82.89897924128731,82.89897924128731,59.99999999999998,0.0,59.99999999999998,59.99999999999998,12.0,12.0,12.0,19.0,12.0,12.0,21.0,10.0,0.0,0.0,0.0,0.0,0.0,0.0,0.0,0.0,0.0,0.0,0.0,0.0,0.0,82.89897924128731,82.89897924128731,0.0,0.0,0.0,82.89897924128731,0.0,0.0,0.0006600000000000001 
 03/24  02:30:00,-0.805,95.0,2.1100000000000005,0.0,0.0,0.0,0.0,0.0,2.0,2.0,0.0,0.0,0.0,0.0,0.0,2124.0,0.0,0.0,0.0,0.0,0.0,0.0,0.0,0.0,0.0,0.0,0.0,17.150240973483859,-131.97345055715668,17.10977051541236,-307.26738928558179,16.96955616344266,-188.0491734697291,16.833841779717916,-111.85107617339262,15.285450847536353,-7.178210453690693,17.330246843742047,-43.754798357476079,15.743762035499927,-65.49561096126669,13.337008984937129,-272.86774137941878,16.09965114459725,-93.19962464747676,444.58392379959937,782.7375739992698,0.0,0.0,0.0,0.0,0.0,0.0,0.0,0.0,0.0,0.0,0.0,0.0,0.0,0.0,0.0,0.0,0.0,0.0,0.0,0.0,0.0,0.0,1.8684888371300886,0.5703567878907473,128.9869853750315,154.92826406553363,4607.487164353442,0.34989293183895156,0.053402462124382089,64.52177705391952,77.44919246933677,2285.902234367102,3.15667876729948,0.5965001449923432,102.46874268359773,123.13045303147452,3706.443612893268,0.35965119793842478,0.06796129968602127,89.94188558576639,108.1194109821473,3163.02305045273,0.0,0.0,7.660606671705469,9.245854207230935,249.95332789829457,0.0,0.0,13.536993069275518,16.210917435022837,500.16645653900448,0.0,0.0,80.37136508200018,96.8989756215852,2675.9257009146265,0.0,0.0,54.00294968925263,65.76474144019292,1493.4909687279479,0.0,0.0,26.55118714908672,31.941304028762305,914.074890311153,35.28381942917668,24.20015050012118,110.49558660554982,133.65592648808386,4539.3393180430489,0.0,0.0,66.48345349067059,81.67010926861485,1517.5722358429246,0.0,16.62889642372321,30.904586972637359,21.999999999999994,29.99999999999999,0.0,16.674411348382777,30.593043216715438,11.999999999999995,29.99999999999999,0.0,16.545646492489796,31.270943846052245,21.999999999999994,29.99999999999999,0.0,16.522020501678108,31.35951329909683,11.999999999999995,29.99999999999999,0.0,15.239404461618087,35.814309107189639,11.999999999999995,29.99999999999999,0.0,17.509864532273004,30.664430116191594,11.999999999999995,29.99999999999999,0.0,15.587326490822218,33.815324429116589,9.999999999999997,29.99999999999999,0.0,12.669693156937259,42.01896940631861,11.999999999999995,29.99999999999999,0.0,16.18035584907647,33.58000175966053,19.999999999999994,29.99999999999999,0.0,14.380094797884273,0.0,0.0,0.0,10.203574562589358,0.0,0.0,479.39247429055816,466.9062536931383,486.1608321975956,482.27144685621308,556.5310165352976,803.4917904462152,532.5677699525079,620.3266773720974,733.3230351647582,0.0,82.89897924128731,82.89897924128731,59.99999999999998,0.0,59.99999999999998,59.99999999999998,12.0,12.0,12.0,19.0,12.0,12.0,21.0,10.0,0.0,0.0,0.0,0.0,0.0,0.0,0.0,0.0,0.0,0.0,0.0,0.0,0.0,82.89897924128731,82.89897924128731,0.0,0.0,0.0,82.89897924128731,0.0,0.0,0.0006399999999999999 
 03/24  02:40:00,-0.8866666666666667,95.0,2.1466666666666667,0.0,0.0,0.0,0.0,0.0,2.0,2.0,0.0,0.0,0.0,0.0,0.0,2124.0,0.0,0.0,0.0,0.0,0.0,0.0,0.0,0.0,0.0,0.0,0.0,17.01448558414041,-204.6254786939909,16.937484207691705,-339.29517068706289,16.78364865960446,-210.58144910644436,16.787001093138885,-219.77740653122044,15.244457276798724,-6.692018523837386,17.26320251513313,-43.831929832274678,15.662370384734852,-92.55901737394507,13.245908291386556,-273.56787028785859,16.051275729903894,-95.507879436141,716.1019487119804,789.2306658075537,0.0,0.0,0.0,0.0,0.0,0.0,0.0,0.0,0.0,0.0,0.0,0.0,0.0,0.0,0.0,0.0,0.0,0.0,0.0,0.0,0.0,0.0,1.8731812993660407,0.5717891634206478,335.92579483523198,403.95135060104345,11848.733739524778,0.33723373866219827,0.05147035083366888,186.97756215053705,224.88525163960009,6553.856689624952,3.149745988467088,0.5951900960822169,269.7516556777632,324.6989406212131,9458.39378707454,0.34902183480086026,0.06595272766456169,160.62141710234045,193.12376721323524,5658.261873545136,0.0,0.0,7.185534103800501,8.673010277408079,235.06215321153855,0.0,0.0,13.874048855997048,16.618534652338739,513.0820504449416,0.0,0.0,75.10932676127604,90.5822197590239,2497.674216174505,0.0,0.0,54.057607629050888,65.85374103681754,1493.4407442749019,0.0,0.0,28.676154956053009,34.503662876041619,989.0039418952415,35.275586370188978,24.19450368325721,427.3828293123263,516.098656527267,15189.026198298061,0.0,0.0,66.37085111805348,81.56117449616231,1512.0863323852428,0.0,16.434608964164345,31.05201254476617,22.000000000000019,30.00000000000002,0.0,16.428219662614337,30.920119338795815,12.00000000000001,30.00000000000002,0.0,16.26800780909036,31.415593150192899,22.000000000000019,30.00000000000002,0.0,16.48819766295317,30.906432688315463,12.00000000000001,30.00000000000002,0.0,15.198644917920479,35.484361191472647,12.00000000000001,30.00000000000002,0.0,17.441567966330728,30.40648777320849,12.00000000000001,30.00000000000002,0.0,15.47968277570713,33.62786458566537,10.000000000000007,30.00000000000002,0.0,12.570278315286613,41.69066854226914,12.00000000000001,30.00000000000002,0.0,16.127351608393277,33.21627714811585,20.000000000000015,30.00000000000002,0.0,15.191334699643761,0.0,0.0,0.0,10.097287595532308,0.0,0.0,475.0890456618562,471.57153777176679,479.4102870502953,474.1080083767083,552.1942935657078,794.2045744469599,528.974316584441,615.6747718556678,722.4293613169997,0.0,82.8989792412874,82.8989792412874,60.00000000000004,0.0,60.00000000000004,60.00000000000004,12.0,12.0,12.0,19.0,12.0,12.0,21.0,10.0,0.0,0.0,0.0,0.0,0.0,0.0,0.0,0.0,0.0,0.0,0.0,0.0,0.0,82.8989792412874,82.8989792412874,0.0,0.0,0.0,82.8989792412874,0.0,0.0,0.00062 
 03/24  02:50:00,-0.9683333333333335,95.0,2.1833333333333337,0.0,0.0,0.0,0.0,0.0,2.0,2.0,0.0,0.0,0.0,0.0,0.0,3540.0,0.0,0.0,0.0,0.0,0.0,0.0,0.0,0.0,0.0,0.0,0.0,16.929644051502707,-136.16583947309975,16.89767701991074,-275.05253068252469,16.786748776072089,-152.6054400585669,16.693202283292487,-108.48827808444573,15.203888865720416,-6.99604586202056,17.197077097149469,-45.692485578426879,15.59814027636407,-78.66254906562536,13.16142277206645,-274.44957381130259,16.004653657860087,-97.6031217998401,504.64667641773397,798.1122206230806,0.0,0.0,0.0,0.0,0.0,0.0,0.0,0.0,0.0,0.0,0.0,0.0,0.0,0.0,0.0,0.0,0.0,0.0,0.0,0.0,0.0,0.0,1.8724002493265606,0.5715507476576802,132.7861926480381,159.72584371867775,4723.047265221387,0.34809559540349468,0.05312814337660175,68.55566749373617,82.42008718867817,2423.676720978691,3.15030617824767,0.5952959520498247,111.2892575175235,133.9813891215866,4013.7181934620737,0.3538137314017731,0.06685822588846807,56.66359819822003,68.25082667458087,1999.228264148017,0.0,0.0,7.460129377756504,9.009591965191783,244.69240671555375,0.0,0.0,13.895784278421625,16.654485503662948,514.3632676371635,0.0,0.0,78.19368329336297,94.36106187949474,2603.0470140212798,0.0,0.0,54.3268985296378,66.22635774196454,1500.589716166142,0.0,0.0,28.556251411134356,34.378290676683807,986.8098515808391,35.35299685080763,24.247597291363264,143.67349804221375,173.99560149594405,5651.669679535407,0.0,0.0,66.66094072972486,81.97705765585772,1516.6138633341394,0.0,16.365347446219596,30.92298842527693,22.0,30.0,0.0,16.447845497563095,30.64017759955297,12.000000000000002,30.0,0.0,16.3636271209703,31.042678332277004,22.0,30.0,0.0,16.38997433258984,30.82060834349844,12.000000000000002,30.0,0.0,15.159370342869944,35.20758749407865,12.000000000000002,30.0,0.0,17.375224106144719,30.23171542906612,12.000000000000002,30.0,0.0,15.415315325319789,33.540360173257358,10.0,30.0,0.0,12.483608301686406,41.58850786133348,12.000000000000002,30.0,0.0,16.07863341391531,32.95978936217804,20.0,30.0,0.0,14.41632448323557,0.0,0.0,0.0,9.998097723130652,0.0,0.0,474.2566291922635,468.11956339322355,480.5849124940062,468.4931319650208,548.5656334467116,788.2322111807703,527.2825632280668,614.410521892302,714.7962344812274,0.0,82.89897924128735,82.89897924128735,60.0,0.0,60.0,60.0,12.0,12.0,12.0,19.0,12.0,12.0,21.0,10.0,0.0,0.0,0.0,0.0,0.0,0.0,0.0,0.0,0.0,0.0,0.0,0.0,0.0,82.89897924128735,82.89897924128735,0.0,0.0,0.0,82.89897924128735,0.0,0.0,0.0006333333333333334 
 03/24  03:00:00,-1.05,95.0,2.22,0.0,0.0,0.0,0.0,0.0,2.0,2.0,0.0,0.0,0.0,0.0,0.0,1416.0,0.0,0.0,0.0,0.0,0.0,0.0,0.0,0.0,0.0,0.0,0.0,16.757328661311506,-351.9379540378184,16.81662758770956,-162.7490055321132,16.767336363853834,-54.20740851431205,16.64289740059152,-237.81629803306357,15.158228613616697,-6.985368540106805,17.124420814655744,-45.5657678690489,15.542961463325373,-64.85403341290862,13.069910554688527,-272.7997488106654,15.952570895189173,-97.93967732368032,488.4412387736511,810.2699345317,0.0,0.0,0.0,0.0,0.0,0.0,0.0,0.0,0.0,0.0,0.0,0.0,0.0,0.0,0.0,0.0,0.0,0.0,0.0,0.0,0.0,0.0,1.8861424733465269,0.5757455657345931,142.80179373919786,171.77748251450294,4986.456885261252,0.3595500891275216,0.054876387229475218,105.79786609853777,127.1098867983224,3745.2045509802785,3.1412216781840724,0.5935793042675875,62.345029101929338,74.81946381012962,2315.0839385093274,0.3529317700690304,0.06669156652853936,46.724109433936,56.11152632538263,1646.4885192392442,0.0,0.0,7.735341708044091,9.334471218874687,254.29400220236313,0.0,0.0,13.723446446388522,16.437712524238266,508.23157965953706,0.0,0.0,80.39373032344992,96.94085166941952,2681.890879291868,0.0,0.0,54.660122814968769,66.59405575314372,1508.2263947068969,0.0,0.0,28.288639015511465,34.03237735816489,979.1321769868041,35.50559025784426,24.35225669262296,136.4917345274313,164.92597407895779,5448.819740755584,0.0,0.0,67.0589543825972,82.41942445932242,1523.7576755153567,0.0,16.10142411438386,31.05122117441143,22.0,30.0,0.0,16.37713107921291,30.630540191518607,12.0,30.0,0.0,16.409008317494036,30.82029771677888,22.0,30.0,0.0,16.349510659630704,30.531925663276217,12.0,30.0,0.0,15.110674727605107,34.92949254475111,12.0,30.0,0.0,17.296165949901149,30.068568291422375,12.0,30.0,0.0,15.363928342593113,33.47657786254413,10.0,30.0,0.0,12.382325678842438,41.53994891539419,12.0,30.0,0.0,16.01967585165595,32.76821708289657,20.0,30.0,0.0,14.244622764361108,0.0,0.0,0.0,9.898041937857041,0.0,0.0,468.187344335798,468.0614049305061,486.7112537434752,462.3436304549595,544.8921708290812,783.5504596224135,525.6817937363428,611.6825450078281,710.6223236887245,0.0,82.89897924128734,82.89897924128734,60.0,0.0,60.0,60.0,12.0,12.0,12.0,19.0,12.0,12.0,21.0,10.0,0.0,0.0,0.0,0.0,0.0,0.0,0.0,0.0,0.0,0.0,0.0,0.0,0.0,82.89897924128734,82.89897924128734,0.0,0.0,0.0,82.89897924128734,0.0,0.0,0.0006466666666666667 
 03/24  03:10:00,-1.155,95.0,2.1883333333333336,0.0,0.0,0.0,0.0,0.0,2.0,2.0,0.0,0.0,0.0,0.0,0.0,2124.0,0.0,0.0,0.0,0.0,0.0,0.0,0.0,0.0,0.0,0.0,0.0,16.699762907378415,-8.4806030582034,16.731405065629489,-326.9013080786845,16.603917508080593,-267.2030820409587,16.53192980592147,-113.26479605689221,15.116474815580947,-7.023892665653543,17.06060844719793,-45.204096127730398,15.468291040795556,-98.12893399829227,12.987018673304686,-276.74064840518016,15.906071612926287,-100.55803325460954,525.0018885096037,816.1493149110922,0.0,0.0,0.0,0.0,0.0,0.0,0.0,0.0,0.0,0.0,0.0,0.0,0.0,0.0,0.0,0.0,0.0,0.0,0.0,0.0,0.0,0.0,1.8834526274679445,0.5749244894590795,161.62113122622845,194.6508756742512,5716.21990989495,0.3479576972242122,0.05310709664594204,96.87736388296936,116.63229891372468,3425.156190906758,3.1138278676961477,0.5884028472592874,120.90913010139991,145.6185329676596,4339.51256367427,0.35010479912631756,0.0661573694494175,67.85498922478874,81.68199448795774,2395.5048998157519,0.0,0.0,7.179095055580864,8.66918271098282,236.97054905633818,0.0,0.0,14.019110278123087,16.804129724494908,520.4556818868302,0.0,0.0,75.9023036128725,91.60222426519148,2534.5292661823875,0.0,0.0,54.77286027559569,66.78729253533496,1513.9425400919145,0.0,0.0,29.7694747244084,35.83891842525837,1033.9431068200277,35.402517050388059,24.28156176295478,186.33311056659378,225.51306963216588,7134.713367596906,0.0,0.0,67.03785673662614,82.4660011245676,1524.6348288175175,0.0,16.133863723078667,30.996869397936587,22.0,30.0,0.0,16.27115114232201,30.52531880602641,12.0,30.0,0.0,16.151257138804718,30.886898611186454,22.0,30.0,0.0,16.22301158682262,30.680146361031278,12.0,30.0,0.0,15.070528598429192,34.75649331310218,12.0,30.0,0.0,17.233704290068656,29.953882448324899,12.0,30.0,0.0,15.27135804262736,33.41841297716748,10.0,30.0,0.0,12.297441811881408,41.44104602896293,12.0,30.0,0.0,15.972026262858329,32.61298311218462,20.0,30.0,0.0,14.322150626905927,0.0,0.0,0.0,9.799764857071555,0.0,0.0,473.4607003609109,463.68916905075829,474.94861245185839,466.3093599687004,542.7018988653173,779.7532113796176,526.2482216027137,608.770156151931,704.6940372756567,0.0,82.89897924128734,82.89897924128734,60.0,0.0,60.0,60.0,12.0,12.0,12.0,19.0,12.0,12.0,21.0,10.0,0.0,0.0,0.0,0.0,0.0,0.0,0.0,0.0,0.0,0.0,0.0,0.0,0.0,82.89897924128734,82.89897924128734,0.0,0.0,0.0,82.89897924128734,0.0,0.0,0.0006600000000000001 
 03/24  03:20:00,-1.26,95.0,2.1566666666666669,0.0,0.0,0.0,0.0,0.0,2.0,2.0,0.0,0.0,0.0,0.0,0.0,2124.0,0.0,0.0,0.0,0.0,0.0,0.0,0.0,0.0,0.0,0.0,0.0,16.529530084916837,-204.46538973995778,16.664090877755674,-320.1003910370331,16.510452486047396,-242.44948357543209,16.400641454280995,-274.37022416461869,15.072705291915116,-6.465088008005948,16.99350747400196,-46.874730073070079,15.386200587945425,-104.02781763548086,12.89713297032488,-281.55724594605138,15.854706458840708,-106.37433835778096,721.3483819858382,817.530284763927,0.0,0.0,0.0,0.0,0.0,0.0,0.0,0.0,0.0,0.0,0.0,0.0,0.0,0.0,0.0,0.0,0.0,0.0,0.0,0.0,0.0,0.0,1.8906918462293226,0.5771342631957638,311.3021501289514,375.1856167055698,10845.450654488348,0.3479269076530459,0.053102397382943509,204.43694977241746,246.0221566788794,7249.936956188696,3.073254059011548,0.5807358388154852,257.46345977469857,309.9603908422446,9127.409798560537,0.34603504899400197,0.06538833125359064,139.45409762286736,167.92081256369273,4893.175752104218,0.0,0.0,7.130283514618941,8.613082247100918,236.29398193924886,0.0,0.0,14.179825463937469,17.000880103383677,527.5622547516982,0.0,0.0,74.04352875238091,89.40311455141893,2474.4525968127666,0.0,0.0,54.85208721636867,66.91186897143925,1517.3684007784839,0.0,0.0,31.012954323205059,37.343255535066649,1080.3612437318887,35.381133101696409,24.266895131479015,405.4056974558408,490.198376328161,14449.517870234531,0.0,0.0,66.95595368365088,82.40166644214219,1523.1460858337378,0.0,15.851713776989456,31.031668074418044,21.999999999999994,29.99999999999999,0.0,16.22791833599023,30.222751136029893,11.999999999999995,29.99999999999999,0.0,16.058566873661769,30.666265400286794,21.999999999999994,29.99999999999999,0.0,16.023297876878979,30.678793126252989,11.999999999999995,29.99999999999999,0.0,15.027040270856473,34.52204062179435,11.999999999999995,29.99999999999999,0.0,17.16439760578681,29.79268309248149,11.999999999999995,29.99999999999999,0.0,15.169468346280372,33.2439129494909,9.999999999999997,29.99999999999999,0.0,12.198555458748432,41.21441867457854,11.999999999999995,29.99999999999999,0.0,15.91532274589251,32.36440245284376,19.999999999999994,29.99999999999999,0.0,14.805456319088393,0.0,0.0,0.0,9.693219712604634,0.0,0.0,466.6364423819007,464.221051103772,468.5345377235052,463.567819773666,540.085731399746,775.7487345361095,524.8450008259359,606.5622657733571,697.3839298982687,0.0,82.89897924128731,82.89897924128731,59.99999999999998,0.0,59.99999999999998,59.99999999999998,12.0,12.0,12.0,19.0,12.0,12.0,21.0,10.0,0.0,0.0,0.0,0.0,0.0,0.0,0.0,0.0,0.0,0.0,0.0,0.0,0.0,82.89897924128731,82.89897924128731,0.0,0.0,0.0,82.89897924128731,0.0,0.0,0.0006566666666666668 
 03/24  03:30:00,-1.365,95.0,2.125,0.0,0.0,0.0,0.0,0.0,2.0,2.0,0.0,0.0,0.0,0.0,0.0,2124.0,0.0,0.0,0.0,0.0,0.0,0.0,0.0,0.0,0.0,0.0,0.0,16.55511624869518,-183.18508107191603,16.53904027183889,-329.43033371709,16.42045997517071,-194.02974739546739,16.325098223881804,-138.3246945215865,15.028521083522105,-6.683162429721361,16.926537864418245,-48.124324304853157,15.311132752338957,-93.84180323429985,12.808603909812899,-284.1197097032753,15.802537802144525,-109.25485941983159,580.2971708309144,824.929229663765,0.0,0.0,0.0,0.0,0.0,0.0,0.0,0.0,0.0,0.0,0.0,0.0,0.0,0.0,0.0,0.0,0.0,0.0,0.0,0.0,0.0,0.0,1.8791572761537135,0.5736133321592529,201.54817499857649,242.62518936256093,7147.783411209137,0.3484671851586226,0.05318485731969208,107.96318365675589,129.90252030230764,3819.0599787543699,3.1297243240485717,0.5914067127831769,104.3355443620846,125.64659014689154,3776.1315051160779,0.3560008126394747,0.06727150654563009,80.35432637823524,96.83688323615928,2829.782632308143,0.0,0.0,7.1954312665546749,8.693222176428439,239.38334620288129,0.0,0.0,14.329177409140856,17.185446641995968,534.2954869014519,0.0,0.0,76.890007535031,92.87259035597691,2573.0780271606906,0.0,0.0,55.222240862827579,67.38936379507534,1529.160176093326,0.0,0.0,30.83243584892739,37.136110940983289,1077.293604463028,35.396460888552407,24.277408016839787,182.5573987584405,221.03787726450674,6963.427029597956,0.0,0.0,67.29489609562552,82.85212898147447,1532.2838351881897,0.0,15.981670881456426,30.38148923177119,21.999999999999994,29.99999999999999,0.0,16.077173341550649,30.14889359006144,11.999999999999995,29.99999999999999,0.0,15.978979943805319,30.515488368081337,21.999999999999994,29.99999999999999,0.0,15.967484076986434,30.594596195016707,11.999999999999995,29.99999999999999,0.0,14.983255929848655,34.24556223369473,11.999999999999995,29.99999999999999,0.0,17.095483018172769,29.57538607325477,11.999999999999995,29.99999999999999,0.0,15.085039220804907,32.892521223598269,9.999999999999997,29.99999999999999,0.0,12.102723857094813,41.002816487647539,11.999999999999995,29.99999999999999,0.0,15.85829586912881,32.09810410724924,19.999999999999994,29.99999999999999,0.0,14.304920683027376,0.0,0.0,0.0,9.594660332008905,0.0,0.0,466.47551596147346,459.268352100381,470.01277632032318,464.85795010129638,537.1994609830447,769.5873524539728,520.754960842838,605.0253629117381,692.956003495527,0.0,82.89897924128731,82.89897924128731,59.99999999999998,0.0,59.99999999999998,59.99999999999998,12.0,12.0,12.0,19.0,12.0,12.0,21.0,10.0,0.0,0.0,0.0,0.0,0.0,0.0,0.0,0.0,0.0,0.0,0.0,0.0,0.0,82.89897924128731,82.89897924128731,0.0,0.0,0.0,82.89897924128731,0.0,0.0,0.0006533333333333335 
 03/24  03:40:00,-1.47,95.0,2.0933333333333334,0.0,0.0,0.0,0.0,0.0,2.0,2.0,0.0,0.0,0.0,0.0,0.0,708.0,0.0,0.0,0.0,0.0,0.0,0.0,0.0,0.0,0.0,0.0,0.0,16.397385529942015,-223.27235992774878,16.549558892179733,-29.069556855646426,16.3946443477966,-58.6670233074492,16.19449032824744,-302.8232884306749,14.97741132800304,-6.079313688727268,16.849257850181908,-48.378020865217198,15.2442612052688,-82.64961667106582,12.71735231799551,-273.91595830760277,15.743327355185383,-107.62331197572303,567.2935368282942,836.0332662828355,0.0,0.0,0.0,0.0,0.0,0.0,0.0,0.0,0.0,0.0,0.0,0.0,0.0,0.0,0.0,0.0,0.0,0.0,0.0,0.0,0.0,0.0,1.8989154007641343,0.5796445057277577,91.69492125845689,110.30968517693697,3268.4877000555936,0.35742599182189396,0.05455219655401312,8.684908332236548,10.431750720614705,323.4512635805901,3.2026570661474795,0.6051884100807786,160.70398965418605,193.13008820463086,5807.7814748806599,0.3521314834094993,0.06654034078032864,112.06101387737509,134.80449377891416,3929.3041400978929,0.0,0.0,7.373864968028413,8.89359124523506,246.1564481477176,0.0,0.0,14.358749479507904,17.19501617814497,536.1726961913812,0.0,0.0,77.9913491076063,94.04866626860766,2616.6772582883579,0.0,0.0,55.33016744017351,67.4188085526671,1533.573849783966,0.0,0.0,31.38065727912556,37.73666916703949,1099.242596380054,35.40219581254269,24.281341435214477,161.66126667472546,195.54348572819763,6286.250981149954,0.0,0.0,67.40679506194509,82.8643092978809,1537.3941862757575,0.0,15.75175770557811,30.498585608527998,22.0,30.0,0.0,16.19757238156757,29.72593884596811,12.0,30.0,0.0,16.01999037167837,30.510195179765995,22.0,30.0,0.0,15.768635645712579,30.37809176149291,12.0,30.0,0.0,14.926310120310975,33.90476615771588,12.0,30.0,0.0,17.00610495666188,29.350885462833273,12.0,30.0,0.0,15.014604081130102,32.94154310028359,10.0,30.0,0.0,12.001584261665866,40.938648493890948,12.0,30.0,0.0,15.787960623825438,31.867038796724946,20.0,30.0,0.0,14.18546746078962,0.0,0.0,0.0,9.501212604055859,0.0,0.0,462.7101564184135,455.7685277272865,472.8195398373746,455.83529149097799,533.916826218486,763.783053860557,519.7848252095155,603.9828640793297,688.2385856912107,0.0,82.89897924128734,82.89897924128734,60.0,0.0,60.0,60.0,12.0,12.0,12.0,19.0,12.0,12.0,21.0,10.0,0.0,0.0,0.0,0.0,0.0,0.0,0.0,0.0,0.0,0.0,0.0,0.0,0.0,82.89897924128734,82.89897924128734,0.0,0.0,0.0,82.89897924128734,0.0,0.0,0.00065 
 03/24  03:50:00,-1.575,95.0,2.0616666666666667,0.0,0.0,0.0,0.0,0.0,2.0,2.0,0.0,0.0,0.0,0.0,0.0,2124.0,0.0,0.0,0.0,0.0,0.0,0.0,0.0,0.0,0.0,0.0,0.0,16.425021088042848,-66.87339237352934,16.405936129825343,-419.0687818809599,16.22362396157144,-262.04335409062255,16.182164027937526,-77.84574177663666,14.93861981657944,-6.354225767620055,16.793853888753927,-47.07472417175468,15.184248945870948,-97.22312527745005,12.644942301140736,-285.6188616607767,15.69985609047976,-112.12567077481399,636.3496322221953,841.9452112115419,0.0,0.0,0.0,0.0,0.0,0.0,0.0,0.0,0.0,0.0,0.0,0.0,0.0,0.0,0.0,0.0,0.0,0.0,0.0,0.0,0.0,0.0,1.879849295562585,0.5738245712950509,204.82831985236784,246.82423056572075,7324.890890738894,0.3417593669372972,0.05216107553988057,130.94473442726238,157.75232348115814,4660.275040435996,3.230254902375795,0.6104034207059332,193.79170474134936,233.7055784565218,6911.151666106391,0.36431092144526519,0.06884182189063971,97.26868994642185,117.29978547041874,3445.759470569919,0.0,0.0,7.072974295811315,8.547981683933099,237.12305509307834,0.0,0.0,14.470436369905828,17.364963652142948,542.0176573731275,0.0,0.0,77.06577509183754,93.12763353296688,2592.475112704574,0.0,0.0,55.71147977160486,68.0311086798679,1548.5723317777798,0.0,0.0,31.127345984829398,37.5094043978628,1094.3874771825072,35.41112389711496,24.28746495001029,259.3507702736116,314.12533569048159,9639.591891629083,0.0,0.0,67.73751141366303,83.45818016690424,1546.721491183863,0.0,15.907752559666625,30.211826925293999,22.000000000000019,30.00000000000002,0.0,15.955342637702057,29.971511070456616,12.00000000000001,30.00000000000002,0.0,15.74696086608369,30.644202424453256,22.000000000000019,30.00000000000002,0.0,15.849272175980559,30.405534547695735,12.00000000000001,30.00000000000002,0.0,14.894566284032221,33.79195539404346,12.00000000000001,30.00000000000002,0.0,16.960596909414965,29.269341096413933,12.00000000000001,30.00000000000002,0.0,14.95446742202981,32.76965931717706,10.000000000000007,30.00000000000002,0.0,11.936082361034352,40.78812529084675,12.666666666666675,30.00000000000002,0.0,15.749129782090443,31.778882681535337,20.000000000000015,30.00000000000002,0.0,14.322011747132592,0.0,0.0,0.0,9.408353521967494,0.0,0.0,461.73067338122999,458.12764553384377,468.1696100798012,462.8770394942794,532.387091389367,760.6744637536954,517.6060840956411,602.1359005353023,687.7945648878081,0.0,82.8989792412874,82.8989792412874,60.00000000000004,0.0,60.00000000000004,60.00000000000004,12.0,12.0,12.0,19.0,12.0,12.0,21.0,10.0,0.0,0.0,0.0,0.0,0.0,0.0,0.0,0.0,0.0,0.0,0.0,0.0,0.0,82.8989792412874,82.8989792412874,0.0,0.0,0.0,82.8989792412874,0.0,0.0,0.0006500000000000001 
 03/24  04:00:00,-1.68,95.0,2.03,0.0,0.0,0.0,0.0,0.0,2.0,2.0,0.0,0.0,0.0,0.0,0.0,1416.0,0.0,0.0,0.0,0.0,0.0,0.0,0.0,0.0,0.0,0.0,0.0,16.38201552887014,-106.5576444250703,16.312529671619346,-235.39166203305366,16.18373504080502,-209.44851507427303,16.150640600545154,-117.15223753842497,14.890379339672368,-6.52312510022486,16.725437406629497,-47.89129860649828,15.124343327415069,-88.06606097395025,12.555115990853484,-284.7689023882235,15.645659981771827,-112.71665966858746,552.3461809886496,852.6535543320332,0.0,0.0,0.0,0.0,0.0,0.0,0.0,0.0,0.0,0.0,0.0,0.0,0.0,0.0,0.0,0.0,0.0,0.0,0.0,0.0,0.0,0.0,1.8942334087298614,0.5782153262301164,116.57218842783434,140.41935702734319,4214.078282500881,0.3552058222591896,0.05421334283565165,70.838413169679,85.322406602508,2532.883800669855,3.2402500148022854,0.6122921418749597,143.11469349401529,172.44524545679003,5181.354359486792,0.3641027949836132,0.06880249338314684,80.692894245626,97.17650550646892,2878.3320503227539,0.0,0.0,7.325144456437219,8.850772640404039,246.46033289071858,0.0,0.0,14.345706863025946,17.212180426851817,538.4740834645828,0.0,0.0,78.98859202634123,95.43256036954446,2665.3739608487906,0.0,0.0,56.05096625763335,68.43999566113875,1559.381059179155,0.0,0.0,31.05726192636201,37.416499343190967,1095.1007578006634,35.434223374402439,24.303308212896057,150.33892714904767,182.29372469297227,5924.031257732523,0.0,0.0,68.12154954917904,83.92252494784488,1558.1577026845817,0.0,15.886218280139385,30.10597268546657,22.0,30.0,0.0,15.876550270747753,29.99973858896302,12.0,30.0,0.0,15.760543188523485,30.434346648887876,22.0,30.0,0.0,15.838651519741257,30.209374239297348,12.0,30.0,0.0,14.844573162351953,33.610591716886919,12.0,30.0,0.0,16.888580049264456,29.163861977808709,12.0,30.0,0.0,14.8959536625024,32.693260504253149,10.0,30.0,0.0,11.837190735130255,40.773901478294067,13.0,30.0,0.0,15.689717689794265,31.65532494945009,20.0,30.0,0.0,13.932707823419456,0.0,0.0,0.0,9.317875216525956,0.0,0.0,463.81109341515607,458.2139354364033,468.244895123033,461.08578729123408,529.8419417275576,758.3606335982352,515.2145707548173,599.4649005127108,686.2785743158277,0.0,82.89897924128734,82.89897924128734,60.0,0.0,60.0,60.0,12.0,12.0,12.0,19.0,12.0,12.0,21.0,10.0,0.0,0.0,0.0,0.0,0.0,0.0,0.0,0.0,0.0,0.0,0.0,0.0,0.0,82.89897924128734,82.89897924128734,0.0,0.0,0.0,82.89897924128734,0.0,0.0,0.00065 
 03/24  04:10:00,-1.7633333333333333,95.16666666666667,1.9816666666666667,0.0,0.0,0.0,0.0,0.0,2.0,2.0,0.0,0.0,0.0,0.0,0.0,2124.0,0.0,0.0,0.0,0.0,0.0,0.0,0.0,0.0,0.0,0.0,0.0,16.254958638332754,-247.0190805130257,16.25772711600646,-214.16424306772215,16.12334525403323,-65.96897867251453,16.08519003840076,-197.25066763879296,14.845116168643632,-6.623428234860654,16.66309831263825,-48.00700647723971,15.063293468881188,-93.67492628694495,12.472018968103378,-289.05874310704436,15.595504561321544,-115.67114964627584,557.0943986100987,860.4935525443345,0.0,0.0,0.0,0.0,0.0,0.0,0.0,0.0,0.0,0.0,0.0,0.0,0.0,0.0,0.0,0.0,0.0,0.0,0.0,0.0,0.0,0.0,1.9083872899190145,0.582535802783582,141.8063049241722,170.9245770260993,5092.302933060736,0.3545295941305792,0.05411013341431308,71.25172487426316,85.84024890164783,2547.3011250577876,3.2462586147978929,0.6134275538166845,103.73505104921813,125.08648949119409,3794.342995686643,0.36199438843047118,0.0684040794464231,76.6786098626502,92.41267634416403,2736.523554169944,0.0,0.0,7.270539379418491,8.790463540319263,245.23244060823238,0.0,0.0,14.371418908231089,17.255065495135569,540.1683055789341,0.0,0.0,78.95781789570322,95.46192205230494,2668.027474278293,0.0,0.0,56.458710518879957,68.99317177334918,1570.7763589692382,0.0,0.0,31.4730096049746,37.94290970303259,1111.9189153684079,35.405056746468527,24.283303666988027,152.6122825457091,185.13451454923996,6013.275423708112,0.0,0.0,68.4806518847765,84.43341879515674,1565.898259476206,0.0,15.7015983546966,30.223330374710636,22.0,30.0,0.0,15.84648954206228,29.942967421612488,12.0,30.0,0.0,15.734394526334377,30.337719721491675,22.0,30.0,0.0,15.763712145013013,30.149942942675709,12.0,30.0,0.0,14.801181869862563,33.46925608576596,12.0,30.0,0.0,16.827851717826026,29.087404714468329,12.0,30.0,0.0,14.833101216747352,32.61557168149264,10.0,30.0,0.0,11.751209543676211,40.70225695709567,13.0,30.0,0.0,15.638391456518948,31.543719082424454,20.0,30.0,0.0,13.870638842585056,0.0,0.0,0.0,9.22851642697036,0.0,0.0,462.01497030235125,459.27398752773606,469.78667971635999,460.9540005263581,527.7923517345715,756.9062911008896,514.9689634919562,596.6169827896732,683.6008110780057,0.0,82.89897924128734,82.89897924128734,60.0,0.0,60.0,60.0,12.0,12.0,12.0,19.0,12.0,12.0,21.0,10.0,0.0,0.0,0.0,0.0,0.0,0.0,0.0,0.0,0.0,0.0,0.0,0.0,0.0,82.89897924128734,82.89897924128734,0.0,0.0,0.0,82.89897924128734,0.0,0.0,0.0006500000000000001 
 03/24  04:20:00,-1.8466666666666667,95.33333333333334,1.9333333333333332,0.0,0.0,0.0,0.0,0.0,2.0,2.0,0.0,0.0,0.0,0.0,0.0,1416.0,0.0,0.0,0.0,0.0,0.0,0.0,0.0,0.0,0.0,0.0,0.0,16.130349118422175,-213.40740913916194,16.174187923854558,-218.09070761989075,16.097832903239568,-69.14989055891459,16.025793988925729,-218.00651392633018,14.795896818624485,-6.440005330711671,16.595843756642588,-48.16518808904661,14.993101468880326,-94.19841692750106,12.384157881761214,-287.59615796628557,15.54081222431034,-116.2152404868005,512.4741891089739,868.1467752188537,0.0,0.0,0.0,0.0,0.0,0.0,0.0,0.0,0.0,0.0,0.0,0.0,0.0,0.0,0.0,0.0,0.0,0.0,0.0,0.0,0.0,0.0,1.920165095814642,0.586130981628401,129.04613013608518,155.58291604166895,4628.956660940881,0.3609606298176118,0.05509167121758422,93.67687380514886,112.89916575617466,3352.986214577436,3.226696269748671,0.6097309655609736,57.31040380709096,68.97992549524618,2161.704977464179,0.35700646635154939,0.06746153937104106,49.00916124399444,59.00411950233956,1748.8444595940758,0.0,0.0,7.284316733330877,8.804567393804924,246.2374197384939,0.0,0.0,14.384037284845125,17.267124703906043,541.1778767685407,0.0,0.0,78.6165616979155,95.03195139052264,2658.310106365774,0.0,0.0,56.5899379562456,69.1463282134072,1573.682680745994,0.0,0.0,32.09286889018853,38.68151708291029,1135.6619784841669,35.38223593954917,24.26765153604196,124.89945287325372,151.50258787261377,5081.894311576527,0.0,0.0,68.57539973637049,84.5409258037211,1567.4710627580888,0.0,15.557653292553568,30.27842355188451,22.0,30.0,0.0,15.755379967235463,29.964547389539935,12.0,30.0,0.0,15.756189901044012,30.18301500348467,22.0,30.0,0.0,15.718827190228613,29.96507255904634,12.0,30.0,0.0,14.750446826193923,33.31833262947487,12.0,30.0,0.0,16.757087181127845,29.009379338967287,12.0,30.0,0.0,14.755739296527189,32.62859203595366,10.0,30.0,0.0,11.656052804248832,40.68907489123382,13.0,30.0,0.0,15.57859872339582,31.431095782247934,20.0,30.0,0.0,13.636029357594005,0.0,0.0,0.0,9.136687259821568,0.0,0.0,460.71595464623536,458.9405651824268,476.8530131865273,458.13976323709405,525.9046284911524,755.4404390931113,514.9725702811184,595.344869058141,679.8061118325647,0.0,82.89897924128734,82.89897924128734,60.0,0.0,60.0,60.0,12.0,12.0,12.0,19.0,12.0,12.0,21.0,10.0,0.0,0.0,0.0,0.0,0.0,0.0,0.0,0.0,0.0,0.0,0.0,0.0,0.0,82.89897924128734,82.89897924128734,0.0,0.0,0.0,82.89897924128734,0.0,0.0,0.0006466666666666667 
 03/24  04:30:00,-1.9300000000000002,95.5,1.8849999999999998,0.0,0.0,0.0,0.0,0.0,2.0,2.0,0.0,0.0,0.0,0.0,0.0,2124.0,0.0,0.0,0.0,0.0,0.0,0.0,0.0,0.0,0.0,0.0,0.0,16.0758478439447,-85.9004837900441,16.094501719505489,-288.8133247930493,15.96137952994654,-221.40020800483419,15.92846284071316,-115.38439220649548,14.749957853532145,-6.21937224597378,16.53360972144993,-49.00572542731935,14.92191548833486,-104.7596426773434,12.302438748984685,-291.5467995674584,15.48973314307586,-120.20657018611328,545.4527434031688,872.3074756449054,0.0,0.0,0.0,0.0,0.0,0.0,0.0,0.0,0.0,0.0,0.0,0.0,0.0,0.0,0.0,0.0,0.0,0.0,0.0,0.0,0.0,0.0,1.9108777143220202,0.583296005592802,151.56283511416869,182.87486779476559,5443.602163380459,0.35634613834039277,0.05438738375158618,83.89433554952928,101.22444320808822,3004.489254957571,3.2391501675182217,0.6120843098106995,127.18210508269243,153.45875632159153,4623.573333190396,0.36001717986561768,0.06803045726863519,56.5163698305861,68.19128126596422,2020.5194601696467,0.0,0.0,7.097236960520235,8.583954303228284,240.50543628608285,0.0,0.0,14.541892626473798,17.46865309600009,547.8528613096988,0.0,0.0,77.70323989781289,93.99799399349102,2628.473814522385,0.0,0.0,56.802881045624079,69.46077393074171,1579.9476289863035,0.0,0.0,32.61816720268819,39.34161768220543,1156.4334135638069,35.29642683304011,24.208797553525455,159.46000365214477,193.56844314054676,6265.14153473058,0.0,0.0,68.67710712843484,84.73482161713139,1568.9724808354739,0.0,15.55645360158898,30.20960209132499,21.999999999999994,29.99999999999999,0.0,15.668335721128054,29.861400326897873,11.999999999999995,29.99999999999999,0.0,15.55227672848479,30.234049390293128,21.999999999999994,29.99999999999999,0.0,15.611800955487537,30.005172926543695,11.999999999999995,29.99999999999999,0.0,14.706789105162418,33.210017343036039,11.999999999999995,29.99999999999999,0.0,16.696249734055909,28.94912481817149,11.999999999999995,29.99999999999999,0.0,14.67576121495813,32.58342009621772,9.999999999999997,29.99999999999999,0.0,11.572709147010944,40.63756472784405,12.999999999999993,29.99999999999999,0.0,15.526225558394558,31.335932406956169,19.999999999999994,29.99999999999999,0.0,13.69261523917854,0.0,0.0,0.0,9.044773574046353,0.0,0.0,464.8672934073427,456.8693599958889,468.5496588379568,458.68192869475856,524.7312975798213,753.9532738057088,516.0558427371313,594.9094499272045,676.6496531177143,0.0,82.89897924128731,82.89897924128731,59.99999999999998,0.0,59.99999999999998,59.99999999999998,12.0,12.0,12.0,19.0,12.0,12.0,21.0,10.0,0.0,0.0,0.0,0.0,0.0,0.0,0.0,0.0,0.0,0.0,0.0,0.0,0.0,82.89897924128731,82.89897924128731,0.0,0.0,0.0,82.89897924128731,0.0,0.0,0.0006433333333333333 
 03/24  04:40:00,-2.0133333333333338,95.66666666666667,1.8366666666666665,0.0,0.0,0.0,0.0,0.0,2.0,2.0,0.0,0.0,0.0,0.0,0.0,2124.0,0.0,0.0,0.0,0.0,0.0,0.0,0.0,0.0,0.0,0.0,0.0,15.88126839195955,-160.96674662738435,16.02302714092776,-321.37522825038266,15.859936538940933,-233.30191408900937,15.789923692333364,-282.2402598525624,14.702589632276414,-4.57860587208568,16.46794552558608,-50.57960649471082,14.838667091480327,-122.55821960950786,12.214262541218208,-295.02475096351545,15.433626853859782,-125.8536078362317,727.9335393555714,870.8399380392232,0.0,0.0,0.0,0.0,0.0,0.0,0.0,0.0,0.0,0.0,0.0,0.0,0.0,0.0,0.0,0.0,0.0,0.0,0.0,0.0,0.0,0.0,1.917947709232053,0.5854541236972082,315.0438791740667,380.6287172262098,11082.789224422453,0.3507839194282389,0.05353844924118423,201.9921683832788,243.64576641143447,7233.510750705245,3.199127492438452,0.6045214460390125,282.8034246318667,341.3313231316879,10129.387737941564,0.350389019243255,0.06621107695450776,154.70751608023614,186.78212694746927,5476.1919345782,0.0,0.0,6.846961450027365,8.283896803630185,232.5872752724855,0.0,0.0,14.788958468017734,17.76952698656536,557.7484299459297,0.0,0.0,73.75687983319185,89.26582247806894,2493.5295411994795,0.0,0.0,56.71652324780081,69.38217803032404,1576.6088577649614,0.0,0.0,34.247638616065547,41.31589608267765,1215.9506699097029,35.17047876505367,24.122413419104047,427.8848752324234,518.624785775133,15360.377616868655,0.0,0.0,68.31895522634437,84.32722402087038,1558.8429710903677,0.0,15.243345097659219,30.418440581936438,22.000000000000008,30.00000000000001,0.0,15.609852307593256,29.66793946269701,12.000000000000006,30.00000000000001,0.0,15.436659995154609,30.089610405047944,22.000000000000008,30.00000000000001,0.0,15.394842255882076,30.076106468914767,12.000000000000006,30.00000000000001,0.0,14.6607498815129,33.03695063813777,12.000000000000006,30.00000000000001,0.0,16.62851910789019,28.840151203988318,12.000000000000006,30.00000000000001,0.0,14.573067333958257,32.46336348726975,10.000000000000004,30.00000000000001,0.0,11.476696878601797,40.47267229406143,13.000000000000004,30.00000000000001,0.0,15.464615472372078,31.146625370477979,20.000000000000008,30.00000000000001,0.0,14.184917331094962,0.0,0.0,0.0,8.943752780777217,0.0,0.0,461.15383623441519,459.4289178865487,462.95518139744459,457.5956545684246,523.2457246538515,752.3158882563289,517.5758473817027,594.9539142928181,672.2463115242354,0.0,82.89897924128737,82.89897924128737,60.00000000000002,0.0,60.00000000000002,60.00000000000002,12.0,12.0,12.0,19.0,12.0,12.0,21.0,10.0,0.0,0.0,0.0,0.0,0.0,0.0,0.0,0.0,0.0,0.0,0.0,0.0,0.0,82.89897924128737,82.89897924128737,0.0,0.0,0.0,82.89897924128737,0.0,0.0,0.0006399999999999999 
 03/24  04:50:00,-2.0966666666666669,95.83333333333333,1.788333333333333,0.0,0.0,0.0,0.0,0.0,2.0,2.0,0.0,0.0,0.0,0.0,0.0,2124.0,0.0,0.0,0.0,0.0,0.0,0.0,0.0,0.0,0.0,0.0,0.0,15.880450766116109,-200.60191972379486,15.805352492587366,-417.259842954011,15.751509947676514,-214.07945141899627,15.70634221719781,-160.23335822000505,14.65631823995227,-3.609551529703171,16.40263923687666,-52.5184188644238,14.747249266314258,-120.47838137966143,12.128794509120326,-295.8322212083096,15.377002823460018,-128.68592039976904,663.5579761953079,871.8578855510764,0.0,0.0,0.0,0.0,0.0,0.0,0.0,0.0,0.0,0.0,0.0,0.0,0.0,0.0,0.0,0.0,0.0,0.0,0.0,0.0,0.0,0.0,1.909846114272471,0.5829811093627817,308.43741851319,372.4076885302457,10985.392235732048,0.3540174021108356,0.05403196002912636,179.87772725143356,217.263716192888,6352.619781019666,3.1694961501262259,0.5989221750049565,133.85737809223776,161.5995819969806,4844.160212648894,0.3542501942508861,0.06694070186146756,84.85872618819302,102.51840649746612,3008.1840644934948,0.0,0.0,6.720655875195228,8.131741504020117,228.86559471269059,0.0,0.0,14.969153591103734,17.99148013828131,565.1778587171289,0.0,0.0,73.914661355131,89.49055898995288,2494.978870528202,0.0,0.0,56.6632884907163,69.34123216675055,1574.7976819115416,0.0,0.0,34.723753373851049,41.90203812925332,1234.668520170681,35.08439002405549,24.063367643385136,281.50654633167837,341.5458808264721,10357.67440747566,0.0,0.0,68.08960796110412,84.07623087816453,1551.960956679621,0.0,15.314944754457504,29.967934345168567,22.000000000000019,30.00000000000002,0.0,15.27237456829714,29.971032532595605,12.00000000000001,30.00000000000002,0.0,15.317386875347353,29.996499308369896,22.000000000000019,30.00000000000002,0.0,15.321297959991672,29.999688635143394,12.00000000000001,30.00000000000002,0.0,14.617019823340483,32.83992045685722,12.00000000000001,30.00000000000002,0.0,16.561613563351594,28.68268632823233,12.00000000000001,30.00000000000002,0.0,14.459817631580993,32.27045402986223,10.000000000000007,30.00000000000002,0.0,11.386354773330942,40.32270519729978,13.00000000000001,30.00000000000002,0.0,15.403121074630552,30.94204980969474,20.000000000000015,30.00000000000002,0.0,13.937388334830512,0.0,0.0,0.0,8.845002301269849,0.0,0.0,462.38731786286049,455.8838143036045,462.8105241680416,458.20354309340646,521.8417000600524,748.1434437468856,517.3872890428002,596.4644846056189,668.8884011020573,0.0,82.8989792412874,82.8989792412874,60.00000000000004,0.0,60.00000000000004,60.00000000000004,12.0,12.0,12.0,19.0,12.0,12.0,21.0,10.0,0.0,0.0,0.0,0.0,0.0,0.0,0.0,0.0,0.0,0.0,0.0,0.0,0.0,82.8989792412874,82.8989792412874,0.0,0.0,0.0,82.8989792412874,0.0,0.0,0.0006533333333333335 
 03/24  05:00:00,-2.18,96.0,1.74,0.0,0.0,0.0,0.0,0.0,2.0,2.0,0.0,0.0,0.0,0.0,0.0,1416.0,0.0,0.0,0.0,0.0,0.0,0.0,0.0,0.0,0.0,0.0,0.0,15.807473059284387,-109.07023334925589,15.74214249261281,-373.6191948117905,15.704463484743427,-41.95657817861664,15.63417612797315,-372.5762792404969,14.60723719818506,-3.1606555133964919,16.33358777532382,-52.557850114342219,14.675669604601734,-112.33980913795551,12.045275053406034,-291.84176437178157,15.319089764511063,-127.38540852626403,471.6299638601205,880.9199583144383,0.0,0.0,0.0,0.0,0.0,0.0,0.0,0.0,0.0,0.0,0.0,0.0,0.0,0.0,0.0,0.0,0.0,0.0,0.0,0.0,0.0,0.0,1.9157072865564269,0.5847702339915833,151.96503495682163,183.2942971925953,5463.00617021253,0.3572021254479866,0.054518028914527869,95.85452982157224,115.65861822310669,3390.861071844838,3.249700820325793,0.6140780083760004,78.72242183760086,94.87510186905024,2917.647924934123,0.351228692570308,0.06636974538365606,76.79765562219674,92.66330741046707,2697.574569364506,0.0,0.0,6.720581937756847,8.130088052543929,229.3903925645505,0.0,0.0,15.02187149878861,18.051804089120979,567.6293732248921,0.0,0.0,74.87842439264887,90.64699500044986,2529.664075619351,0.0,0.0,56.769574080311347,69.4627412451898,1577.9597033694595,0.0,0.0,35.11889017053924,42.369366619336648,1250.4784174111415,34.96872373562199,23.984035483965714,152.02763969285548,184.34380470275637,6029.274891938323,0.0,0.0,68.14264831929325,84.13309662441756,1552.991739091996,0.0,15.264472672138277,29.929566326879617,22.0,30.0,0.0,15.253731969122719,29.68964180534148,12.0,30.0,0.0,15.317947291045492,29.948955547111944,22.0,30.0,0.0,15.240881181649407,29.769423211683418,12.0,30.0,0.0,14.567963320857583,32.65718489676388,12.0,30.0,0.0,16.487599238112538,28.574271244916895,12.0,30.0,0.0,14.386093458870989,32.27718795542859,10.0,30.0,0.0,11.29980941061988,40.31292728976315,13.0,30.0,0.0,15.339719514578349,30.829284202838936,20.0,30.0,0.0,13.244479142357259,0.0,0.0,0.0,8.75624247075902,0.0,0.0,462.115164616171,450.8002772227588,469.5155740321268,451.78488387619378,520.6474845275316,745.885761112321,516.8643641349099,597.272393781333,667.0237898434646,0.0,82.89897924128734,82.89897924128734,60.0,0.0,60.0,60.0,12.0,12.0,12.0,19.0,12.0,12.0,21.0,10.0,0.0,0.0,0.0,0.0,0.0,0.0,0.0,0.0,0.0,0.0,0.0,0.0,0.0,82.89897924128734,82.89897924128734,0.0,0.0,0.0,82.89897924128734,0.0,0.0,0.0006666666666666668 
 03/24  05:10:00,-2.1750000000000004,95.83333333333333,1.7316666666666665,0.0,0.0,0.0,0.0,0.0,2.0,2.0,0.0,0.0,0.0,0.0,0.0,2124.0,0.0,0.0,0.0,0.0,0.0,0.0,0.0,0.0,0.0,0.0,0.0,15.661058184618824,-252.02026367819293,15.656047032418386,-200.5780718156653,15.566009957246422,-331.9062220483182,15.54356812501339,0.15059007230414957,14.560898739456729,-3.104770627425599,16.271166818252817,-52.976547810964508,14.611433219275881,-118.66438177760931,11.965869563997146,-295.80270727447609,15.265897804117526,-131.1853783771242,567.8279753865113,884.6874910869146,0.0,0.0,0.0,0.0,0.0,0.0,0.0,0.0,0.0,0.0,0.0,0.0,0.0,0.0,0.0,0.0,0.0,0.0,0.0,0.0,0.0,0.0,1.8990691908399602,0.5796914501953481,241.85057867170023,292.1503778294805,8480.128101847904,0.35265024914975359,0.053823298099779249,115.13290474814704,138.92509617737228,4069.307929471017,3.2081216297882055,0.6062210184784971,140.70823158352096,169.98395846813038,5051.567113796713,0.3561615560618712,0.06730188134200135,32.14795702978824,38.887455521903557,1142.7021324638327,0.0,0.0,6.792789496808355,8.22291724927509,231.21114004648346,0.0,0.0,14.996590941625322,18.03373643639024,564.7444198068553,0.0,0.0,74.15154239218461,89.834228702415,2495.79481041898,0.0,0.0,56.976162510502749,69.76919760892173,1574.1270169178789,0.0,0.0,34.91915734173399,42.155486902651187,1239.294863285215,34.80577641825984,23.872274635294823,225.9302621389782,274.1596740290662,8426.47039969603,0.0,0.0,68.2536790776433,84.33782114730173,1542.4725526125463,0.0,15.042001467851194,30.195076579863753,22.0,30.0,0.0,15.19149040570623,29.675505734676486,12.0,30.0,0.0,15.108307023197665,30.0139477763987,22.0,30.0,0.0,15.186140672128233,29.878314525453889,12.0,30.0,0.0,14.52479919622878,32.52966212608855,12.0,30.0,0.0,16.426205836568767,28.4905799541549,12.0,30.0,0.0,14.32415233615415,32.23754615380618,10.0,30.0,0.0,11.22019885640594,40.23830419560545,13.0,30.0,0.0,15.285208428809377,30.75033660850228,20.0,30.0,0.0,13.53821629847485,0.0,0.0,0.0,8.666372008805447,0.0,0.0,462.21988306387638,452.30534532340797,463.61042110171106,457.9074279817564,519.5735192485652,744.2828357699053,518.3729771492319,596.5313360542847,667.137329772939,0.0,82.89897924128734,82.89897924128734,60.0,0.0,60.0,60.0,12.0,12.0,12.0,19.0,12.0,12.0,21.0,10.0,0.0,0.0,0.0,0.0,0.0,0.0,0.0,0.0,0.0,0.0,0.0,0.0,0.0,82.89897924128734,82.89897924128734,0.0,0.0,0.0,82.89897924128734,0.0,0.0,0.00068 
 03/24  05:20:00,-2.17,95.66666666666666,1.7233333333333334,0.0,0.0,0.0,0.0,0.0,2.0,2.0,0.0,0.0,0.0,0.0,0.0,1416.0,0.0,0.0,0.0,0.0,0.0,0.0,0.0,0.0,0.0,0.0,0.0,15.574167457849088,-231.72091181981478,15.584280609309677,-163.8138999497428,15.518176449199775,-51.23525265159219,15.52193513691627,-156.62685994901734,14.511007002623245,-2.710237735575717,16.20381041807798,-54.31037123929943,14.529638750891533,-109.41339567950979,11.881464632265193,-294.95221582910718,15.207642569977333,-132.62903385948494,513.1488955918994,889.1759298900314,0.0,0.0,0.0,0.0,0.0,0.0,0.0,0.0,0.0,0.0,0.0,0.0,0.0,0.0,0.0,0.0,0.0,0.0,0.0,0.0,0.0,0.0,1.8903994832382414,0.5770450193034925,165.17940871537878,199.5745983978424,5817.505925337284,0.3574246284255035,0.05455198846543094,101.49879554444735,122.58410619494453,3578.4417028760769,3.242626155796599,0.6127411481097129,67.8488958072302,81.97616052636725,2495.9335904523479,0.3537107436915786,0.0668387648699128,48.04270610704711,58.080752290978868,1701.2631632450087,0.0,0.0,6.791990650361141,8.218893029701232,230.47454735712746,0.0,0.0,15.013818098582793,18.052029632883767,563.2598857220403,0.0,0.0,75.75270391129127,91.75498655049208,2534.920996152203,0.0,0.0,57.10475945916263,69.91938180484266,1567.179562855877,0.0,0.0,35.286810211211008,42.59376377933082,1247.8073247912617,34.64885685613061,23.764648049472304,144.66001518813764,175.81926079741874,5677.233115398288,0.0,0.0,68.2378478283758,84.31036588208019,1529.036942368119,0.0,14.971620537218478,30.132159944290487,22.0,30.0,0.0,15.124555130655237,29.715464845019164,12.0,30.0,0.0,15.117413797921565,29.993274058095705,22.0,30.0,0.0,15.174596751625576,29.58524540029121,12.0,30.0,0.0,14.47501303291644,32.403447069795529,12.0,30.0,0.0,16.354866871183007,28.408191747379044,12.0,30.0,0.0,14.229914966337983,32.24857848620668,10.0,30.0,0.0,11.130806839017128,40.246812368437819,13.0,30.0,0.0,15.221391665985209,30.666765947228208,20.0,30.0,0.0,13.318139741299387,0.0,0.0,0.0,8.574876856899893,0.0,0.0,458.999470717184,451.56412248825736,469.0546647289816,449.017122863361,518.7051219268506,742.3664873132525,516.2637045545507,596.9972472386603,665.2558263566581,0.0,82.89897924128734,82.89897924128734,60.0,0.0,60.0,60.0,12.0,12.0,12.0,19.0,12.0,12.0,21.0,10.0,0.0,0.0,0.0,0.0,0.0,0.0,0.0,0.0,0.0,0.0,0.0,0.0,0.0,82.89897924128734,82.89897924128734,0.0,0.0,0.0,82.89897924128734,0.0,0.0,0.0006833333333333333 
 03/24  05:30:00,-2.165,95.5,1.7149999999999999,0.0,0.0,0.0,0.0,0.0,2.0,2.0,0.0,0.0,0.0,0.0,0.0,1416.0,0.0,0.0,0.0,0.0,0.0,0.0,0.0,0.0,0.0,0.0,0.0,15.39400887511101,-134.25328040462774,15.544474997052216,-383.3017904940366,15.469585547000852,-173.10055860777607,15.496403711385354,-196.360425209788,14.460520556972318,-3.099932144324498,16.137451974865834,-54.43133084035625,14.457991186586842,-136.0595948588002,11.795490426870654,-299.47436220377019,15.149025241229549,-136.8532567170049,630.5490757074149,885.5740818040108,0.0,0.0,0.0,0.0,0.0,0.0,0.0,0.0,0.0,0.0,0.0,0.0,0.0,0.0,0.0,0.0,0.0,0.0,0.0,0.0,0.0,0.0,1.902454603456357,0.5807248484299015,394.5183722102056,476.83698640422497,13683.543715691238,0.34986421564575539,0.05339807931101273,233.04454265882658,281.42905189692348,8174.981235291576,3.067640419119812,0.5796750603023079,146.50533619381043,176.86446598543624,5235.11161604443,0.33871394704900018,0.06400490307048376,93.34879994414473,112.68717917621696,3297.8342672498658,0.0,0.0,6.876304961026697,8.324452451934843,232.61434283921182,0.0,0.0,15.212370405188473,18.29512602567675,568.5618010036898,0.0,0.0,70.043754872605,84.88423359613803,2333.975277063948,0.0,0.0,56.79664169987812,69.56920937106003,1547.8104565647716,0.0,0.0,36.90719461488128,44.5579184207441,1300.1834540825512,34.46625624299399,23.639407574069965,355.77463970135337,431.7234734117053,12598.73154813657,0.0,0.0,67.78857161912394,83.78940018721639,1504.8873216714295,0.0,14.724869360622315,30.55807508627678,22.0,30.0,0.0,15.103877199173129,29.651620791342894,12.0,30.0,0.0,15.089758132833316,29.79796121856382,22.0,30.0,0.0,15.183607126973837,29.397267170454925,12.0,30.0,0.0,14.424542825196184,32.26447654022222,12.0,30.0,0.0,16.2858076274539,28.344538789214686,12.0,30.0,0.0,14.15215111169336,32.19981435433782,10.0,30.0,0.0,11.038027324452902,40.089318723180799,13.0,30.0,0.0,15.157235085377439,30.534741895013668,20.0,30.0,0.0,13.642697208641197,0.0,0.0,0.0,8.476182613446458,0.0,0.0,462.9717420982158,453.6649196029964,463.911715924418,448.6237942094897,518.2127778245304,742.457574295408,522.096988100978,597.8654138358909,663.1505528769824,0.0,82.89897924128734,82.89897924128734,60.0,0.0,60.0,60.0,12.0,12.0,12.0,19.0,12.0,12.0,21.0,10.0,0.0,0.0,0.0,0.0,0.0,0.0,0.0,0.0,0.0,0.0,0.0,0.0,0.0,82.89897924128734,82.89897924128734,0.0,0.0,0.0,82.89897924128734,0.0,0.0,0.0006866666666666667 
 03/24  05:40:00,-2.16,95.33333333333333,1.7066666666666666,0.0,0.0,0.0,0.0,0.0,2.0,2.0,0.0,0.0,0.0,0.0,0.0,1416.0,0.0,0.0,0.0,0.0,0.0,0.0,0.0,0.0,0.0,0.0,0.0,15.418399006720613,-272.28084184717957,15.353201324361198,-235.49450038175884,15.280499423570266,-218.67873583333404,15.3791354180852,-247.7894066194849,14.410347691778707,-4.080833436906914,16.073850487443769,-56.48429629591027,14.362670165151642,-115.44457980567586,11.711160600314735,-301.75792939245289,15.091520801468388,-140.67109217538423,710.7736189005818,892.3734387744868,0.0,0.0,0.0,0.0,0.0,0.0,0.0,0.0,0.0,0.0,0.0,0.0,0.0,0.0,0.0,0.0,0.0,0.0,0.0,0.0,0.0,0.0,1.8831879447206386,0.5748436949696699,356.93631918956455,431.5054054434052,12402.455900766057,0.3503764020729547,0.05347625184263655,196.0701166446504,237.0825427174929,6783.037713878161,3.2187123673548987,0.6082222916392479,281.2709829733684,339.9342675968713,9831.395850049303,0.33771094301278939,0.06381537093968051,141.84895670085693,171.30301321204477,4944.910510663467,0.0,0.0,6.982207481910287,8.452029067174946,235.4448638508877,0.0,0.0,15.225323210901465,18.316230646235988,567.0643126341595,0.0,0.0,73.86440692463359,89.52755792868314,2442.8112317934358,0.0,0.0,57.31831347128454,70.23183449276579,1551.398612163828,0.0,0.0,36.88073043678827,44.541115245916078,1294.6088479545902,34.38068358680795,23.580715765986257,453.63655842302998,550.0941475935294,15984.55418303066,0.0,0.0,68.29264190202805,84.43891341456681,1504.0598385716058,0.0,14.831034673783373,30.181073016683855,22.0,30.0,0.0,14.830954563849622,30.03144619444473,12.0,30.0,0.0,14.796761827769327,30.06859567310771,22.0,30.0,0.0,15.025690336183006,29.665152274068548,12.0,30.0,0.0,14.375241255521697,32.1524028913645,12.0,30.0,0.0,16.221952328795174,28.29224721662394,12.0,30.0,0.0,14.034275130951948,32.236684065668388,10.0,30.0,0.0,10.949056913295543,40.03111926904296,13.0,30.0,0.0,15.095966439783565,30.421242514416087,20.0,30.0,0.0,13.886840068671296,0.0,0.0,0.0,8.393321946206612,0.0,0.0,460.9261599758545,453.0657281281251,454.9371164244037,454.4399532959258,517.358255658925,740.4227399993426,521.1895323924673,600.5659445369696,660.3700714797722,0.0,82.89897924128734,82.89897924128734,60.0,0.0,60.0,60.0,12.0,12.0,12.0,19.0,12.0,12.0,21.0,10.0,0.0,0.0,0.0,0.0,0.0,0.0,0.0,0.0,0.0,0.0,0.0,0.0,0.0,82.89897924128734,82.89897924128734,0.0,0.0,0.0,82.89897924128734,0.0,0.0,0.00069 
 03/24  05:50:00,-2.1550000000000004,95.16666666666667,1.6983333333333333,0.0,0.0,0.0,0.0,0.0,2.0,2.0,0.0,0.0,0.0,0.0,0.0,1416.0,0.0,0.0,0.0,0.0,0.0,0.0,0.0,0.0,0.0,0.0,0.0,15.230900582839937,-102.35538728738584,15.376886305717927,-271.6404987520991,15.232006262213423,-300.15658016148157,15.198435564965355,-193.5651849419005,14.357352596925594,-4.148264116446896,16.007114799079589,-55.88106696884486,14.302949379917731,-139.0329080983114,11.627353579648128,-300.6822416626247,15.031609380887307,-143.65732505572499,685.8845932498362,893.7706684431112,0.0,0.0,0.0,0.0,0.0,0.0,0.0,0.0,0.0,0.0,0.0,0.0,0.0,0.0,0.0,0.0,0.0,0.0,0.0,0.0,0.0,0.0,1.8638274712754375,0.5689339045407319,333.13925253269488,402.8298710731966,11471.104060188489,0.33431226668360627,0.05102446072704614,170.37295957801244,205.80169246913969,5917.426593312651,3.1371120309521669,0.5928027269372955,325.4269381266498,393.4839813555768,11315.687317721016,0.34038958062193577,0.06432153828834764,180.82749506987939,218.70541663161922,6230.141124522842,0.0,0.0,6.829267740654269,8.270734365180783,229.5296629640785,0.0,0.0,15.492179655791139,18.64181447240287,574.7988743012871,0.0,0.0,70.05139289370499,84.94527464659237,2309.3000506672435,0.0,0.0,57.11687086781184,70.0101357942282,1535.550096390201,0.0,0.0,37.676317419298118,45.51240648659693,1317.450564276427,34.16653796825943,23.43383948440291,471.4005179091132,571.8479231950155,16454.554961872556,0.0,0.0,67.99201827374013,84.0978977924639,1484.7586834046518,0.0,14.585773854872022,30.554138120462797,22.0,30.0,0.0,14.947645006667568,29.756267289431805,12.0,30.0,0.0,14.782643763515705,30.043617048693883,22.0,30.0,0.0,14.758676211427698,30.176524235409639,12.0,30.0,0.0,14.32115016537416,32.039708616819037,12.0,30.0,0.0,16.152385722031178,28.23492932098012,12.0,30.0,0.0,13.981177875326584,32.18370857337467,10.0,30.0,0.0,10.861495651400429,39.98605350820428,13.0,30.0,0.0,15.030781005240512,30.351265882281216,20.0,30.0,0.0,13.800819059850948,0.0,0.0,0.0,8.305354186887847,0.0,0.0,459.96877115577657,455.2883738962733,456.89657685106018,458.08145285162666,518.3518737843549,739.8248301807355,522.3070341774965,600.9537775708186,661.0223954604818,0.0,82.89897924128734,82.89897924128734,60.0,0.0,60.0,60.0,12.0,12.0,12.0,19.0,12.0,12.0,21.0,10.0,0.0,0.0,0.0,0.0,0.0,0.0,0.0,0.0,0.0,0.0,0.0,0.0,0.0,82.89897924128734,82.89897924128734,0.0,0.0,0.0,82.89897924128734,0.0,0.0,0.0006766666666666667 
 03/24  06:00:00,-2.15,95.0,1.69,0.0,0.0,0.0,0.0,0.0,2.0,2.0,0.0,0.0,0.0,0.0,0.0,1416.0,0.0,0.0,0.0,0.0,0.0,0.0,0.0,0.0,0.0,0.0,0.0,15.254334018160375,-250.91958515706848,15.232223428116914,-229.78051641384287,15.061208535403669,-131.36550000426088,15.192785187358812,-243.4191607939813,14.305614808503134,-4.813364740095523,15.943723050605055,-56.93842870098976,14.215991450810485,-116.20857095288454,11.544679531240423,-303.4023467223643,14.972462949853977,-145.62934060099537,681.9617055821482,900.8226382130258,0.0,0.0,0.0,0.0,0.0,0.0,0.0,0.0,0.0,0.0,0.0,0.0,0.0,0.0,0.0,0.0,0.0,0.0,0.0,0.0,0.0,0.0,1.8457695621561344,0.5634217222698823,329.7932458235655,398.911845801541,11353.419401595711,0.3365652098683392,0.051368316524471799,177.9034730908981,215.23492945005865,6118.280937329513,3.2769100951058909,0.6192195946912116,299.79781742036576,362.5998913591907,10334.877319031077,0.3424696650943404,0.06471460035796302,169.30846313383399,204.64476977463745,5839.113243720805,0.0,0.0,6.9776058330773369,8.450351429480666,233.74217078624839,0.0,0.0,15.376436141907288,18.507728660409499,568.5123107441484,0.0,0.0,74.47008959767848,90.31807871110043,2439.1318123642815,0.0,0.0,57.74315651380597,70.80066422903573,1542.0308631721278,0.0,0.0,37.030223025842648,44.744231889108259,1290.036583361294,34.04915399761448,23.353329216470848,453.64088154286608,550.4041398788771,15827.698375075974,0.0,0.0,68.60761034968192,84.88464163071302,1486.6108552756987,0.0,14.685454129218418,30.20148433888457,22.0,30.0,0.0,14.744125665925449,29.968246585383235,12.0,30.0,0.0,14.551879180425093,30.426654271331523,22.0,30.0,0.0,14.813849941271803,30.0122195361323,12.0,30.0,0.0,14.270014443770873,31.95371562030672,12.0,30.0,0.0,16.08902627066612,28.18676821720507,12.0,30.0,0.0,13.879873572222096,32.20140180883564,10.0,30.0,0.0,10.775677144537707,39.972993822787149,13.0,30.0,0.0,14.967657151831402,30.306880347019026,20.0,30.0,0.0,13.748053233008003,0.0,0.0,0.0,8.226122023206898,0.0,0.0,457.44616019685767,452.2372220728914,458.8046700212385,459.4312821432323,517.2046280491098,736.8931719264951,519.0496931837349,601.3465315883194,661.4355255319733,0.0,82.89897924128734,82.89897924128734,60.0,0.0,60.0,60.0,12.0,12.0,12.0,19.0,12.0,12.0,21.0,10.0,0.0,0.0,0.0,0.0,0.0,0.0,0.0,0.0,0.0,0.0,0.0,0.0,0.0,82.89897924128734,82.89897924128734,0.0,0.0,0.0,82.89897924128734,0.0,0.0,0.0006633333333333333 
 03/24  06:10:00,-1.9283333333333335,95.33333333333334,1.71,12.000000000000002,230.66666666666669,0.0,0.0,0.0,2.0,2.0,0.0,0.0,0.0,0.0,0.0,7090.0,0.0,25.146680855927835,92.96493784571773,238.21753030958667,0.7540255525834696,20.069456573446815,0.0,92.9649378457176,127.09011814898872,0.0,0.0,16.55845020303438,-669.6287307723342,16.15619448265748,19.561489025473603,16.714781638480205,-2474.7870307895739,15.5671332951355,951.257915042363,14.256461561163935,-10.763606224506269,16.95907960307319,-124.72546281339672,14.324745762577681,154.34458887650204,12.660432053849519,-413.74010606451238,16.618371133354594,-330.51723351839066,973.4440445632407,1047.2264540761515,0.0,0.0,0.0,0.0,0.0,0.0,0.0,0.0,0.0,0.0,0.0,0.0,0.0,0.0,0.0,0.0,0.0,0.0,0.0,0.0,0.0,0.0,1.8128271007775468,0.5533660258783721,244.75655517598384,294.032378137989,9369.16202776999,0.3689530030130331,0.056311508396372587,179.2524829732588,215.5963453619922,6692.604858096586,2.968682487865401,0.560975526807521,473.0725770193725,567.9118840347392,18292.801591908767,0.4393912677578571,0.083029340090298,367.35541627142228,443.3576888773389,13038.500226452512,0.0,0.0,10.096191692031696,12.240416671972872,332.64558827671439,0.0,0.0,20.112765198556916,24.107628023749745,790.2427099458273,0.0,0.0,79.49491527849992,96.42000820259448,2612.0386095410888,0.0,0.0,49.197212490198449,60.056552350334758,1445.8766267101306,0.0,0.0,51.90332732471726,62.26371300716294,2014.5986309302073,35.12601127325108,24.091914453532984,545.5809526646785,660.2658978662204,19690.497182280236,0.0,0.0,62.09333301361419,76.88547898526592,1328.7047141235306,2115.6461413882109,16.710361853712,26.548168349224633,21.999999999999998,30.0,1729.1361533664218,16.295843279070806,27.24148952938738,16.9,30.0,4753.474888258631,16.987327858773747,26.0694270288425,21.999999999999998,30.0,0.0,15.435381385010759,28.73686908229661,16.999999999999998,30.0,0.0,14.222469810401908,31.869260532325325,12.0,30.0,1899.4323118925675,17.471324568817154,25.734409199425224,20.0,30.0,0.0,14.163170644834569,31.461576088541965,10.0,30.0,1503.5064565367114,12.462799985717599,35.700448271545599,16.999999999999998,30.0,3168.7103502925658,17.137894034815216,26.326865669402669,20.0,30.0,0.0,14.615899567115257,0.0,0.0,0.0,8.326641501152974,0.0,0.0,459.82800414509566,458.8286460851865,457.78718064037278,456.7528836358775,517.2793041674262,725.9423685942093,505.54475946555058,605.5973734598849,650.73565968648,14747.18157811538,78.25080547971274,87.83719134341729,60.0,0.0,60.0,60.0,16.0,16.0,19.0,19.0,16.0,12.0,21.0,10.0,1.0,0.0,2115.6461413882109,1729.1361533664218,4753.474888258631,0.0,1899.4323118925675,0.0,1503.5064565367114,3168.7103502925658,14500.908020221103,8700544.812132664,11293973.908992663,78.25080547971274,87.99999999999999,0.48336360067403685,0.7703700223871136,0.3602813740196596,87.99999999999999,0.3542647819438876,11293973.908992663,0.5879366432676187 
 03/24  06:20:00,-1.7066666666666666,95.66666666666667,1.73,15.0,288.33333333333339,0.0,0.0,0.0,2.0,2.0,0.0,0.0,0.0,0.0,0.0,4254.0,0.0,33.923352594588937,114.12362603455446,292.43556009940877,1.0172013601006283,27.07415080034923,0.0,114.12362603455435,156.01564904386843,0.0,0.0,17.572068548868189,-1371.5817963875173,16.660546733950907,627.3296154399839,17.850255416811409,-3474.2026303454179,16.61717688964409,1027.5038044798224,14.195303577267325,-9.703835590233144,18.1206908114863,-236.90380404394944,14.652512234016417,71.80871922226481,14.066666830652239,-371.78955907829467,18.08156750528757,-602.7491388754827,1347.4195521807806,1517.4067911945468,0.0,0.0,0.0,0.0,0.0,0.0,0.0,0.0,0.0,0.0,0.0,0.0,0.0,0.0,0.0,0.0,0.0,0.0,0.0,0.0,0.0,0.0,1.8702088681951175,0.5708818278983876,385.37656892920315,460.5049884886796,15662.592470893778,0.4400217842574976,0.06715839198069257,329.1146432002054,394.91828165159259,12572.602523961119,2.8685339679128227,0.5420510143448268,551.5358133639326,658.3913106752222,22764.84410755566,0.4568588288872344,0.08633008860302992,404.2283300322179,485.3141510596517,15369.143226830098,0.0,0.0,13.65379953501968,16.558182931748996,442.0601444755554,0.0,0.0,25.304988759204578,30.1306628726276,1073.7871135671554,0.0,0.0,94.95344778723109,114.92525845571503,3178.396142382898,0.0,0.0,33.516198325627808,40.5918182035625,1118.236094263119,0.0,0.0,71.971764497849,85.61776767117684,3089.372300892577,36.29614083533128,24.89447245221625,715.3870925769056,862.2698931991213,26867.832677531627,0.0,0.0,71.6598488036797,88.4603034311619,1612.3214018947365,2036.966735872748,18.406326560649889,23.820426474180015,22.0,30.0,0.0,17.181435081093498,25.725826508920809,16.0,30.0,4565.996641563974,18.747638366878627,23.309427125861924,22.0,30.0,0.0,17.1225638769187,25.817977881652824,16.666666666666666,30.0,0.0,14.157482780666108,31.746578957573619,12.0,30.0,1773.468750286911,19.44472491807537,22.608523478718007,20.0,30.0,0.0,14.72470251954441,30.277612965540876,10.0,30.0,1432.6525836842234,14.808332702879925,30.510458637058858,17.0,30.0,2034.6891102776229,19.709805359338849,22.207666588976215,19.833333333333333,30.0,0.0,15.910146184323832,0.0,0.0,0.0,9.077144249089696,0.0,0.0,460.2549536291812,460.237856513853,457.57060854142608,457.4787964320615,519.2933749391104,690.6906253807858,516.7855816981405,619.1418923082462,618.6743621781076,12251.81991507488,79.90304611871426,87.86478327198403,60.0,0.0,60.0,60.0,16.0,16.0,19.0,19.0,16.0,12.0,21.0,10.0,1.0,0.0,2036.966735872748,0.0,4565.996641563974,0.0,1773.468750286911,0.0,1432.6525836842234,2034.6891102776229,12047.21815675361,7228330.8940521669,9435134.40201857,79.90304611871426,88.0,0.4015739385584537,0.7660777290917855,0.36028137401965956,88.0,0.3542647819438875,9435134.40201857,0.49129032223829896 
 03/24  06:30:00,-1.4849999999999999,96.0,1.75,18.0,346.0,0.0,0.0,0.0,2.0,2.0,0.0,0.0,0.0,0.0,0.0,3545.0,0.0,43.33696249628643,130.95165262727688,335.5565349994024,1.2994786213806287,34.58721313495442,0.0,130.9516526272767,179.02083720881616,0.0,0.0,18.05183555888663,-1307.5145211188172,16.996292700126685,823.1406519379038,18.470937018508957,-3403.366285267355,17.33390820582762,865.5273927764076,14.142616272947878,-8.62474301723472,18.01639000005855,-235.72978133155943,14.623373934046713,-32.4630648561365,15.12405236125955,-142.02384275303874,18.13221693424139,-438.7202330156895,1516.6475029839765,1440.05242958086,0.0,0.0,0.0,0.0,0.0,0.0,0.0,0.0,0.0,0.0,0.0,0.0,0.0,0.0,0.0,0.0,0.0,0.0,0.0,0.0,0.0,0.0,1.9206798968570867,0.5862881248037506,428.7855730255084,511.2782777711276,17750.913582193505,0.4687122897226813,0.07153728475620899,372.1514600766661,445.7706758465325,14431.819941154125,2.810524259816592,0.5310892403281544,555.2618099147937,661.0845686651953,23468.536323110795,0.43514124835106229,0.08222623740571848,370.7576895397799,443.55451520687816,14641.598877966231,0.0,0.0,14.847059240454302,18.00912875293626,472.52417415889797,0.0,0.0,25.524656376840608,30.413580823840137,1062.8738261050424,0.0,0.0,114.54142544306953,138.66955759155258,3763.6388010025896,0.0,0.0,23.44641919227673,28.193203089617844,858.3105772302741,0.0,0.0,66.01977083924375,78.64794615024047,2759.6678470153985,36.799999819667238,25.24005474599948,726.0546897999205,872.8993504244193,28002.261718886424,0.0,0.0,70.31103977017,86.74516491483999,1574.184160053269,1950.7927488712015,19.07202720420497,22.883540748188119,22.0,30.0,0.0,17.746216336087288,24.855034200005464,16.0,30.0,4404.025315562272,19.52758257813648,22.240726875746274,22.0,30.0,0.0,18.136874417356567,24.245699040349856,16.0,30.0,0.0,14.105078316311215,31.69772823611131,12.000000000000002,30.0,120.19644301689508,19.28578729155858,22.797547408727558,19.0,30.0,0.0,14.644716604936477,30.44467867522457,10.0,30.0,1203.8229635323549,16.592062343500417,27.059669233993096,17.0,30.0,1312.0681529726399,19.374375916269107,22.614504749873008,19.4,30.0,0.0,16.689636566525317,0.0,0.0,0.0,9.272088167511765,0.0,0.0,462.05030016936959,462.14798646057798,457.67825861887396,457.5400594290115,530.8802498500211,674.6642153423197,534.3442561999669,589.7850106631514,611.7089805348012,10765.687708204057,80.88629343870048,87.88120321056691,60.0,0.0,60.0,60.0,16.0,16.0,19.0,19.0,16.0,12.0,21.0,10.0,1.0,0.0,1950.7927488712015,0.0,4404.025315562272,0.0,120.19644301689508,0.0,1203.8229635323549,1312.0681529726399,10585.903916905752,6351542.350143451,8315328.848319925,80.88629343870048,88.0,0.35286346389685838,0.763811587388837,0.36028137401965956,88.0,0.35426478194388757,8315328.848319925,0.43307376677930278 
 03/24  06:40:00,-1.2633333333333333,96.33333333333333,1.77,24.83333333333333,376.0,0.0,0.0,0.0,2.0,2.0,0.0,0.0,0.0,0.0,0.0,2836.0,0.0,55.647819576850057,140.10416633725903,359.00947108002256,1.6686328800681057,44.4125860262415,0.0,140.10416633725886,191.53301734593706,0.0,0.0,18.42917675824247,-1282.7289854923634,17.32689605394453,846.1070222281624,18.934458204993577,-3398.211631119817,17.800502213645346,799.1884518289935,14.092967829928144,-8.351801650146698,18.368055608469427,-271.89979477071139,14.591572602624863,37.06111408000015,15.3114935592774,-92.13025113085823,18.21960350160701,-411.96739014840849,1601.349668840383,1426.184549664253,0.0,0.0,0.0,0.0,0.0,0.0,0.0,0.0,0.0,0.0,0.0,0.0,0.0,0.0,0.0,0.0,0.0,0.0,0.0,0.0,0.0,0.0,1.9435699089838113,0.5932753079926165,437.99074632147519,521.3010390591807,18357.485259052475,0.4759270525859106,0.07263843903936365,378.69315121666758,452.7998097416719,14874.119341762702,2.775624557080398,0.5244944363341646,553.001626064336,657.0807301573263,23702.523644647692,0.4246077567246873,0.0802357816940074,354.4453121946559,423.0790466847997,14257.596712665945,0.0,0.0,15.525615807918303,18.834557815585457,485.6087119558815,0.0,0.0,25.75516977049894,30.634996342622789,1084.2757152117236,0.0,0.0,123.5479972737985,149.59862607074133,3993.982076757955,0.0,0.0,23.140950237788034,27.82182831359939,838.7692770345545,0.0,0.0,64.62705889047683,76.98364779161288,2671.369827154098,37.08899103349648,25.438265455073038,716.5570234845787,859.8914120979296,28055.624099921915,0.0,0.0,70.80378053556082,87.32634625862636,1563.7585205050705,1912.1742684717484,19.59109938291023,22.201366952178213,22.0,30.0,0.0,18.25264650357949,24.11866306280347,16.0,30.0,4313.3601369824,20.087842367994065,21.530143228130087,22.0,30.0,0.0,18.761616928354486,23.361780409501308,16.0,30.0,0.0,14.05412237027966,31.719654227078505,12.0,30.0,1488.9365689047202,19.7725599511319,22.085120574663244,20.0,30.0,0.0,14.599098226947718,30.536873646094958,10.0,30.0,596.507540010479,16.652951666708359,26.82319232961994,16.25,30.0,808.1283961131219,19.369709248681376,22.616991009297274,19.25,30.0,0.0,17.200698634547068,0.0,0.0,0.0,9.352912418101133,0.0,0.0,463.5357253501198,463.8708187568755,458.41297955601808,458.0306239130687,540.6832235470204,676.3685797774014,534.9956961565772,550.248331690969,610.1733719946903,11418.394763401533,80.45450929503737,87.87399254344797,60.0,0.0,60.0,60.0,16.0,16.0,19.0,19.0,16.0,12.0,21.0,10.0,1.0,0.0,1912.1742684717484,0.0,4313.3601369824,0.0,1488.9365689047202,0.0,596.507540010479,808.1283961131219,11227.71095789409,6736626.5747364549,8801517.266858679,80.45450929503737,88.0,0.3742570319298031,0.7654941022202239,0.36028137401965956,88.0,0.3542647819438875,8801517.266858679,0.4583688978766513 
 03/24  06:50:00,-1.0416666666666666,96.66666666666667,1.79,31.666666666666666,406.0,0.0,0.0,0.0,2.0,2.0,0.0,0.0,0.0,0.0,0.0,2836.0,0.0,71.36351520309775,138.48704210019248,354.8658266587323,2.1398810321892567,56.955340242233678,0.0,138.48704210019228,189.32228591199084,0.0,0.0,18.828601352896379,-1222.099527503292,17.651930851762829,978.4911215219631,19.403334634386036,-3339.9776748194237,18.198433215051439,891.9060006862583,14.051045664940642,-3.2710982921851299,18.095951392392928,-255.20502633047975,14.74055556420071,164.85137238763276,15.239241946993364,-93.41227829049797,18.381573026361978,-474.8369809236866,1717.8694614371798,1506.4014901822816,0.0,0.0,0.0,0.0,0.0,0.0,0.0,0.0,0.0,0.0,0.0,0.0,0.0,0.0,0.0,0.0,0.0,0.0,0.0,0.0,0.0,0.0,1.97395388349047,0.6025500254854914,448.0971470606621,532.2870881422584,19055.36510420836,0.48362736599925496,0.07381370054933684,385.7320472891988,460.4210312954373,15338.176490074193,2.775189124666197,0.5244121550767571,557.3041201695278,660.8126105803176,24263.34679068561,0.42452994167389676,0.08022107741381267,350.2804794046904,417.28991355073978,14298.536397624139,0.0,0.0,16.516584223067399,20.0403246933987,507.88997280276069,0.0,0.0,27.48877583264849,32.75566889782887,1118.776515989338,0.0,0.0,127.27933313975129,153.984336404459,4123.8019969600159,0.0,0.0,22.754683290020176,27.388148119738934,802.314166292595,0.0,0.0,70.05673365423019,83.35367103040609,2910.327897523563,37.522904575599557,25.735874194512733,718.4613224392381,860.4170778979111,28634.331108670398,0.0,0.0,71.351788387418,87.95451288663023,1569.5433695431032,1927.4180309738743,20.155495116315938,21.54859056626359,22.0,30.0,0.0,18.74483167955921,23.49836465373387,16.0,30.0,4341.3237431466009,20.687331870728554,20.864034691553557,22.0,30.0,0.0,19.308609630543829,22.696612213675576,16.0,30.0,0.0,14.014448006413068,31.770834716404644,12.0,30.0,125.98522074873014,19.2559006736726,22.81238684658953,19.0,30.0,0.0,14.876809068083107,30.048704498751677,10.0,30.0,350.5806113313897,16.351098812530745,27.322628698051017,16.25,30.0,788.9581779170997,19.700053286094119,22.150511016795766,19.5,30.0,0.0,17.779584556085085,0.0,0.0,0.0,9.532342628635757,0.0,0.0,465.6448484758915,467.1627443207232,460.8663492025883,460.0991537869494,543.8135021902803,673.7765743170854,527.9712119723838,540.4395025376709,602.3853305936084,11251.668361872742,80.56477714346129,87.87583398380787,60.0,0.0,60.0,60.0,16.0,16.0,19.0,19.0,16.0,12.0,21.0,10.0,1.0,0.0,1927.4180309738743,0.0,4341.3237431466009,0.0,125.98522074873014,0.0,350.5806113313897,788.9581779170997,11063.768837814736,6638261.302688843,8682347.247018172,80.56477714346129,88.0,0.36879229459382459,0.7645841730846273,0.36028137401965956,88.0,0.3542647819438875,8682347.247018172,0.45215872351161159 
 03/24  07:00:00,-0.82,97.0,1.81,38.5,436.0,0.0,0.0,0.0,2.0,2.0,0.0,0.0,0.0,0.0,0.0,2836.0,0.0,87.23736295976764,135.02154247242309,345.985834966996,2.615872858419047,69.6243309678905,0.0,135.02154247242295,184.58468518482835,0.0,0.0,19.155810374436336,-1204.959186868501,17.976264498117595,1023.6698389617986,19.75899158508911,-3330.044046539283,18.57619101061133,901.4064475320561,14.02137414078516,5.8738999214924949,18.487649051313079,-237.64850805746966,15.077802993719154,268.75734900970749,15.454680563858052,-66.70421794147788,18.411232300298566,-328.5908345500331,1794.2436561575287,1198.605752676822,0.0,0.0,0.0,0.0,0.0,0.0,0.0,0.0,0.0,0.0,0.0,0.0,0.0,0.0,0.0,0.0,0.0,0.0,0.0,0.0,0.0,0.0,2.012029776375484,0.6141727034113198,458.51670964417527,543.8562374421291,19678.661067395522,0.49308509043287365,0.07525718718450454,392.2240371969815,467.4476321141037,15762.74345138585,2.8295451492162879,0.5346835127014907,560.8457038212657,664.0666023647114,24626.747604212294,0.42980207579889748,0.0812173234691794,351.1227273978091,417.60650043653228,14505.490681800356,0.0,0.0,16.507163155526503,20.030570845382628,499.50059486444357,0.0,0.0,25.553282605665733,30.387647170491026,1056.5925062846978,0.0,0.0,116.9845149090297,141.22454229045293,3873.435233471203,0.0,0.0,19.94240506247666,23.97011116077482,708.1671294418583,0.0,0.0,55.54318153947736,66.07157360183588,2284.237981393092,37.83569665491079,25.950409228333887,728.8818438221648,871.6021215545274,29347.924661725374,0.0,0.0,56.47749228669018,69.68957799269058,1178.320850049386,1909.7867363520787,20.609028075489375,21.08504138466105,22.0,30.0,0.0,19.211838142411957,22.96044207832951,16.0,30.0,4299.548465527139,21.130272148924477,20.436369537084489,22.0,30.0,0.0,19.81615546712773,22.132250798139994,16.0,30.0,0.0,13.993990265165568,31.840727625261949,12.0,30.0,1416.753460955229,19.836680322558679,22.014058119308979,20.0,30.0,0.0,15.473535242977471,29.025563907372989,10.0,30.0,468.333129018293,16.73835352993981,26.700700300786374,16.5,30.0,1444.1690580067914,19.687874561951998,22.20356369413784,19.75,30.0,0.0,18.230194526973738,0.0,0.0,0.0,9.192273368255468,0.0,0.0,466.8653380856472,468.65423585926626,463.45475526615817,462.8870721279456,539.5199475833404,668.9733792686898,515.3219416162199,531.0014889782476,602.4777104222169,11543.537352260295,80.37175021091977,87.87261049129205,60.0,0.0,60.0,60.0,16.0,16.0,19.0,19.0,16.0,12.0,21.0,10.0,1.0,0.0,1909.7867363520787,0.0,4299.548465527139,0.0,1416.753460955229,0.0,468.333129018293,1444.1690580067914,11350.76370263999,6810458.221583994,8899875.295379207,80.37175021091977,88.0,0.37835879008799969,0.7652392488984299,0.36028137401965956,88.0,0.3542647819438875,8899875.295379207,0.46345684869305217 
 03/24  07:10:00,-0.44500000000000008,96.33333333333334,1.8816666666666669,45.333333333333339,466.0,0.0,0.0,0.0,2.0,2.0,0.0,0.0,0.0,0.0,0.0,3545.0,0.0,103.25662923056447,129.62134527575049,332.1482999879978,3.0962265054141686,82.40939518183827,0.0,129.62134527575035,177.20220620235495,0.0,0.0,19.359563920087795,-1165.6222596944522,18.205117552209367,919.6487174706193,20.02068451080897,-3297.6084786077356,18.82326894852477,818.2790809953069,13.9996082541756,10.628820059105785,18.193782837943826,-197.90348822984124,15.295259051505103,274.5155124712692,15.954221719748155,-86.23865436382499,18.172206544290355,-258.2222278264604,1779.9336626792243,1128.3603571159143,0.0,0.0,0.0,0.0,0.0,0.0,0.0,0.0,0.0,0.0,0.0,0.0,0.0,0.0,0.0,0.0,0.0,0.0,0.0,0.0,0.0,0.0,1.9909328665888238,0.6077328652591036,450.3141000653436,533.7845189660288,19161.178723704397,0.48460230576208537,0.07396250087943916,384.1132289623508,457.39113869514588,15340.398803179582,2.7673646050089366,0.5229335988301093,554.1590252763242,655.6689637911778,24149.561070297117,0.421339000054079,0.07961810280689322,343.0692724155866,407.6754551982598,14086.899071615786,0.0,0.0,16.480104501077518,20.000405614805769,485.6963643139013,0.0,0.0,24.973211843019514,29.74882995386077,990.5603538733252,0.0,0.0,114.92168344436985,138.5898609956222,3789.4294127159107,0.0,0.0,19.9435425161687,23.912245220579828,720.4772505202456,0.0,0.0,52.73774540455559,62.8389866316986,2088.9422405419907,37.71878371092098,25.8702220239513,713.1045731882672,852.145908519943,28479.21466065587,0.0,0.0,53.83660278305431,66.43411990370791,1086.7031044407586,1880.820403001715,20.8162615130794,20.921732311128097,22.0,30.0,0.0,19.482294194345763,22.689204943095164,16.0,30.0,4235.79147615525,21.357517585159156,20.259698355131478,22.0,30.0,0.0,20.086390053934104,21.870161884775976,16.0,30.0,0.0,13.983165198922097,31.932664140290876,12.000000000000002,30.0,29.561988861977747,19.336359360101974,24.093745186439837,19.0,30.0,0.0,15.803313105588263,28.56287772481975,10.0,30.0,1342.5031510439038,17.43590279042853,25.615722343421067,20.7,30.0,92.46574849307155,19.286168159645155,23.89329450044548,19.0,30.0,0.0,18.447633564970205,0.0,0.0,0.0,9.247622571161172,0.0,0.0,467.8314667993343,470.2410380340214,464.37087555785515,463.9751498753281,536.9806067106858,692.0920703308444,514.3968445268503,527.0568180049187,621.6604742490445,11095.14818209905,80.66832939626845,86.57565542779224,60.0,0.0,60.0,60.0,16.0,16.0,19.0,19.0,19.7,12.0,21.0,10.0,1.0,0.0,1880.820403001715,0.0,4235.79147615525,0.0,29.561988861977747,0.0,1342.5031510439038,92.46574849307155,8939.450922813901,5363670.55368834,6994118.019884294,80.66832939626845,86.67598143478409,0.36598169742713007,0.7657132855161901,0.36028137401965956,86.67598143478409,0.35426478194388757,6994118.019884294,0.3643441370339833 
 03/24  07:20:00,-0.07000000000000012,95.66666666666667,1.9533333333333336,52.16666666666667,496.0,0.0,0.0,0.0,2.0,2.0,0.0,0.0,0.0,0.0,0.0,3545.0,0.0,119.408482004432,122.39282132850294,313.62579062849786,3.5805571635054398,95.300291269488,0.0,122.39282132850275,167.3202659377027,0.0,0.0,19.631309625518634,-1175.9568246254794,18.439910960785864,1033.4597225271919,20.322396976661325,-3352.7872753768058,19.081461142448079,908.7718190119573,13.983677367185745,16.30745276882383,18.529194558666384,-221.21781796202004,15.336285129522999,83.47139420031437,16.848082150520694,-166.05454995445215,18.521937938123288,-262.27385017096,1823.4369415814138,1465.9275354003247,0.0,0.0,0.0,0.0,0.0,0.0,0.0,0.0,0.0,0.0,0.0,0.0,0.0,0.0,0.0,0.0,0.0,0.0,0.0,0.0,0.0,0.0,1.9543309157116995,0.5965601085811048,456.45718240633047,540.3123075655833,19401.476217650386,0.4842270223316809,0.07390522318859599,394.6711102331491,469.41930856213608,15694.72919394157,2.641436252142117,0.49913761378346907,566.6198332272452,669.4818403337756,24661.544956718,0.41812976181742209,0.07901167078938436,350.7958292965515,416.3373578926737,14362.342598446307,0.0,0.0,17.038986555574007,20.676914910323015,488.9949433787416,0.0,0.0,25.931292289230478,30.834284498247329,1030.3614341490157,0.0,0.0,129.65050877925516,156.3368610777748,4172.338707201622,0.0,0.0,32.70827138254135,39.0228720384448,1244.9174731205185,0.0,0.0,52.257665422363029,62.142967099433757,2076.7394234985256,37.79389204354885,25.921736655383307,730.5780859801852,871.8429623283219,29099.78036922107,0.0,0.0,71.51057527775943,88.07613198846696,1453.5455412130564,1909.289625877131,21.199838750092498,20.686903409996526,22.0,30.0,0.0,19.7949663907112,22.52595711516829,16.0,30.0,4300.492464684356,21.742124658196503,20.02595033141766,22.0,30.0,0.0,20.42738871496462,21.65914859969802,16.0,30.0,0.0,13.979620744456657,32.32322052180626,12.000000000000002,30.0,1194.7994155315153,19.780359217363168,24.708943538959667,19.8,30.0,0.0,15.787153240461305,29.253916649086663,10.0,30.0,1336.7024742393947,18.883189084840298,23.706714776692555,20.7,30.0,1165.1626950076073,19.783989416127097,24.128642391511489,19.6,30.0,0.0,18.818548670511814,0.0,0.0,0.0,9.7098353520639,0.0,0.0,470.8671943261733,473.12409066223565,466.6616969844305,466.0608891171354,540.2194793470897,718.9150320377204,531.9931201117937,521.6775667258662,647.2284341845091,10913.409903083255,80.78856323472769,86.5502290281003,60.0,0.0,60.0,60.0,16.0,16.0,19.0,19.0,19.7,12.0,21.0,10.0,1.0,0.0,1909.289625877131,0.0,4300.492464684356,0.0,1194.7994155315153,0.0,1336.7024742393947,1165.1626950076073,8719.266487771827,5231559.892663096,6854377.8262278209,80.78856323472769,86.64808124068954,0.3586422162590609,0.7629648191508512,0.36028137401965956,86.64808124068954,0.35426478194388757,6854377.8262278209,0.3570676469638467 
 03/24  07:30:00,0.305,95.0,2.0250000000000005,59.0,526.0,0.0,0.0,0.0,2.0,2.0,0.0,0.0,0.0,0.0,0.0,2127.0,0.0,135.67987271796003,113.60178778047772,291.09944801058938,4.068473523929156,108.28660472412723,0.0,113.60178778047757,155.30225658750647,0.0,0.0,19.794303077332587,-1210.059773631676,18.635839161359259,922.2442322658071,20.52496645573138,-3381.2510156318005,19.282289903809063,810.2482688088649,13.968273466672157,16.66025135810487,18.42066886274624,-200.15530299750095,15.339461822435136,179.8173508607672,17.400248905808213,-252.14699534854015,18.481242672945354,-218.2102805374471,1796.5200158458288,1372.5461541378348,0.0,0.0,0.0,0.0,0.0,0.0,0.0,0.0,0.0,0.0,0.0,0.0,0.0,0.0,0.0,0.0,0.0,0.0,0.0,0.0,0.0,0.0,1.9178007188867832,0.5854092548494452,452.4746521762906,535.0905244611106,19023.87177099078,0.4743053074129674,0.07239091993482408,388.91272965011719,462.03883572190679,15330.205920908464,2.5340891729925096,0.47885282936366388,560.7750204256839,661.8996024597506,24169.401821976673,0.40721298944714998,0.07694878863324824,343.32733692801056,406.9986840931248,13941.49832138174,0.0,0.0,16.84055728304087,20.42767270298058,470.20985692117577,0.0,0.0,25.20431907846045,29.994367731966823,964.2170248047679,0.0,0.0,131.1699737832584,158.1084479282637,4119.088600930439,0.0,0.0,38.872943665151939,46.22359536784029,1509.285221978822,0.0,0.0,42.948136376912128,51.12837579469888,1641.6471479098003,37.61827241315391,25.80128423398759,719.3686577245857,857.661055653733,28315.947061444735,0.0,0.0,70.24719901811587,86.4083908504325,1407.979012060679,1905.370823292437,21.356650439488676,20.59492384412478,21.999999999999994,29.99999999999999,0.0,20.010698474101969,22.350241297756648,15.999999999999993,29.99999999999999,4260.088691231354,21.920930166061458,19.90853921463678,21.999999999999994,29.99999999999999,0.0,20.650459448541644,21.467779329359993,15.999999999999993,29.99999999999999,0.0,13.973117183836529,32.81469397543932,11.999999999999995,29.99999999999999,588.936663893892,19.394285642933935,26.14844563263152,18.999999999999994,29.99999999999999,0.0,15.776493119427027,29.544799529303555,9.999999999999997,29.99999999999999,1312.5788050283243,19.683744244264948,22.915598389775007,20.69999999999999,29.99999999999999,1069.0300817762605,19.414664619581875,25.36166477082549,19.33333333333333,29.99999999999999,0.0,18.97114086407297,0.0,0.0,0.0,9.95900933252285,0.0,0.0,472.2243945980355,475.42135868117176,467.5630775840418,467.01524241344637,546.6397110135481,736.4207540027092,531.7172910649971,528.6469352064426,670.7616797987729,10692.742027044991,80.93451294943505,85.71848799031217,59.99999999999998,0.0,59.99999999999998,59.99999999999998,16.0,16.0,19.0,19.0,19.7,12.0,21.0,10.0,1.0,0.0,1905.370823292437,0.0,4260.088691231354,0.0,588.936663893892,0.0,1312.5788050283243,1069.0300817762605,7239.722286327213,4343833.3717963299,5666666.669112168,80.93451294943505,85.79973576821348,0.3546574095442404,0.768363117056001,0.36028137401965945,85.79973576821348,0.35426478194388735,5666666.669112168,0.29529666679383279 
 03/24  07:40:00,0.6799999999999999,94.33333333333334,2.0966666666666669,66.5,535.0,0.0,0.0,1.0,2.0,0.0,0.0,0.0,0.0,0.0,4.0,7090.0,0.0,151.72732380530807,101.63433441101842,260.43368546636347,4.549671834314665,121.09415809858294,0.0,101.63433441101825,138.94184052192248,0.0,0.0,19.521389946714117,-1588.5067493186808,18.665123764862846,519.2021155308931,20.395335850973689,-1844.3788019501629,19.32052303550962,659.5757403556381,13.953564616289173,17.223860656640949,18.583907307287853,-200.4119452935476,14.962077882028443,-290.2098772502616,17.707617698745577,-382.9222020431772,17.717948741034357,-1665.4267900444577,1689.834374581948,3386.3456361569585,0.0,0.0,0.0,0.0,0.0,0.0,0.0,0.0,0.0,0.0,0.0,0.0,0.0,0.0,0.0,0.0,0.0,0.0,0.0,0.0,0.0,0.0,2.1121331540210797,0.6447292899942246,357.81625899411747,424.1980260074058,14427.556077538942,0.4564328576930037,0.06966313456852928,294.7931669123121,350.5351429262873,11356.012361572564,2.141319112972838,0.4046332413025018,332.3233100448779,392.72509248578299,13920.780075197239,0.38012281550946105,0.07182970814615666,313.6333510263273,371.9515236539202,12474.314017431405,0.0,0.0,15.261929241605776,18.523646221847487,414.1874138718431,0.0,0.0,20.758040286244115,24.691733398485618,790.6369569082186,0.0,0.0,361.99491102922527,437.82764639353777,10526.521375586079,0.0,0.0,50.38836724655541,59.867242406111767,1951.2154434128179,0.0,0.0,270.898271620246,323.99680108749399,9564.930259472492,37.262641389854668,25.55736720840514,597.0892834400265,712.4419775047396,23125.15637855697,0.0,0.0,296.8793019535509,361.3385931267418,7598.632972858701,1847.2348601683712,20.784941878455954,21.97772018411132,22.000000000000005,30.00000000000001,0.0,19.92092483207566,22.990505515954607,16.000000000000005,30.00000000000001,1951.061430113668,21.569074647955899,21.48846143757191,21.500000000000008,30.00000000000001,0.0,20.599913287177338,22.521074333751384,19.000000000000008,30.00000000000001,0.0,13.965948757790152,33.38220192531079,12.000000000000004,30.00000000000001,406.0290812470205,19.69340973158765,26.452344247662688,19.300000000000009,30.00000000000001,0.0,14.964385501726735,32.1573630026093,10.000000000000004,30.00000000000001,1261.7624977052236,20.04084900818203,23.60380477532209,20.700000000000008,30.00000000000001,0.0,18.13572046742119,26.352639541837239,12.000000000000004,30.00000000000001,0.0,18.85002611730731,0.0,0.0,0.0,13.113524436628265,0.0,0.0,492.6618008240881,488.98920994782767,515.251756021964,504.5258325108544,559.3558690357754,767.0369987231015,578.4372460682774,593.0493786134414,585.1203673156867,10279.473700932745,81.20786231702647,84.72939395876446,220.00000000000009,0.0,220.00000000000009,220.00000000000009,16.0,19.0,19.0,12.0,19.7,12.0,21.0,10.0,1.0,0.0,1847.2348601683712,0.0,1951.061430113668,0.0,406.0290812470205,0.0,1261.7624977052236,0.0,5329.353000358397,3197611.800215038,4171000.9385009075,81.20786231702647,84.78920125672392,0.3476451000119467,0.7663412642727827,0.3602813740196597,84.78920125672392,0.3542647819438877,4171000.9385009075,0.2191653821353806 
 03/24  07:50:00,1.055,93.66666666666666,2.1683333333333336,74.0,544.0,0.0,0.0,1.0,2.0,0.0,0.0,0.0,0.0,0.0,4.0,2836.0,0.0,167.44385616865129,89.98452963137936,230.58188106669588,5.020947940655432,133.63761130164205,0.0,89.98452963137922,123.01567416107247,0.0,0.0,19.41736622635054,-1432.1213905215569,18.543173284453475,515.1730698321962,20.40765295081873,-1837.4221225667478,19.355537249303667,665.527871020462,13.93691895950192,16.04296509907722,18.584794527194217,-177.84845544490674,14.888890188501535,54.246752614108348,17.87026722986673,-475.31492719703388,16.59517577432765,-597.1453041801731,1606.279058474186,2315.524548643606,0.0,0.0,0.0,0.0,0.0,0.0,0.0,0.0,0.0,0.0,0.0,0.0,0.0,0.0,0.0,0.0,0.0,0.0,0.0,0.0,0.0,0.0,2.157508656060097,0.6585801758425205,350.9908868174412,416.25095368452619,13704.164321443426,0.460735917486926,0.07031988972633181,287.8542662138738,342.4158556321802,10709.395320611971,1.742533247258278,0.3292768796784351,332.0886148241955,392.45457609848315,13528.430667694074,0.36052955307665776,0.06812727760329887,312.34489560039619,370.14446617132026,12204.7842350004,0.0,0.0,14.246465545166016,17.282985302063925,375.3903847387618,0.0,0.0,18.50990903908237,22.007788217569904,689.2142933676094,0.0,0.0,290.49554240470567,351.23072818421408,8215.77421413056,0.0,0.0,59.09735747800374,70.1553299319181,2256.251194338106,0.0,0.0,193.68895197654462,232.9458294480427,6060.6609294087679,36.918230815212378,25.3211459637945,589.1448161569261,702.7052886717978,22255.200152977195,0.0,0.0,222.3871610311275,270.8847142778079,5378.459937220127,1893.132238223297,20.514658382852017,22.754064864583673,22.0,30.0,0.0,19.624209040104448,23.91207483514286,16.0,30.0,1941.772484901801,21.489442442051577,22.068981866607098,21.5,30.0,0.0,20.59847575012458,23.14547694308091,19.0,30.0,0.0,13.953243770008069,33.98187070133232,12.0,30.0,1037.6836778225846,19.675486590770558,27.361016899304866,19.5,30.0,0.0,14.959660885142675,32.36692272223734,10.0,30.0,1275.246385039921,20.155360811458455,24.036963963581088,20.7,30.0,0.0,16.473804746880519,29.289145435288356,12.0,30.0,0.0,18.73890759822674,0.0,0.0,0.0,12.731472367586328,0.0,0.0,504.9553175015107,503.42244049938099,532.9128441044891,528.2325118724577,570.6595730345819,810.8154747660565,569.8165359671533,615.2059637540303,574.1764177778484,11323.646262140164,80.51719787569641,87.87503942414965,220.0,0.0,220.0,220.0,16.0,19.0,19.0,12.0,19.7,12.0,21.0,10.0,1.0,0.0,1893.132238223297,0.0,1941.772484901801,0.0,1037.6836778225846,0.0,1275.246385039921,0.0,11134.544728498515,6680726.837099109,8727816.446636867,80.51719787569641,88.0,0.37115149094995056,0.7654714862569418,0.36028137401965956,88.0,0.3542647819438875,8727816.446636867,0.456095344114006 
 03/24  08:00:00,1.43,93.0,2.24,81.5,553.0,0.0,0.0,1.0,2.0,0.0,0.0,0.0,0.0,0.0,4.0,2127.0,0.0,183.05930578714928,79.51672598965657,203.75888932789185,5.489193314493721,146.10039345128355,0.0,79.51672598965644,108.7053929688795,0.0,0.0,19.41426580743599,-1430.6138658112128,18.501747456563558,545.5321677590277,20.513928203236384,-2037.6833805555949,19.371648701406728,583.3905787324486,13.918343616472827,13.906939757272987,18.43907615011205,-158.73593479525756,14.921598608046406,47.97763198591447,17.95853566406612,-513.4445037513712,16.215821734788677,-303.60456449891469,1553.6782353097806,1888.9586296235494,0.0,0.0,0.0,0.0,0.0,0.0,0.0,0.0,0.0,0.0,0.0,0.0,0.0,0.0,0.0,0.0,0.0,0.0,0.0,0.0,0.0,0.0,2.1196332573715068,0.6470186988313518,361.6022161620833,428.79935122900965,13788.696068894069,0.45767182472527326,0.06985223210092699,298.2118177951214,354.77619696805587,10794.963986020375,1.546478792669934,0.292229552658718,332.7138977960643,392.6951503152385,13470.232653501349,0.34149548823518047,0.06453051553952771,313.3021705548679,371.2153317946092,11981.798747799308,0.0,0.0,13.71065777146486,16.628083761259246,350.310743007629,0.0,0.0,17.957144084559574,21.359252247941158,645.6383714962069,0.0,0.0,241.73786407575776,292.0907815007805,6682.51531483072,0.0,0.0,62.36702643626023,74.0196036728651,2334.074860943194,0.0,0.0,144.0990033094122,173.51675455836836,4265.7876969439589,36.58270230303692,25.09101666874963,600.0810409354544,715.6063706875389,22107.668349823536,0.0,0.0,171.4455051485403,209.15353575184413,3823.7973485633367,1866.9098313341647,20.434722312421635,23.245067555012225,22.000000000000019,30.00000000000002,0.0,19.49052951797193,24.500003576490685,16.000000000000015,30.00000000000002,2856.094011725919,21.70966896986308,22.074423797521559,21.666666666666687,30.00000000000002,0.0,20.563591014197465,23.557110674247477,19.000000000000015,30.00000000000002,0.0,13.93566335123644,34.37622915605938,12.00000000000001,30.00000000000002,0.0,19.37087049529255,28.645305354307586,19.000000000000015,30.00000000000002,0.0,15.014677625475305,32.55745268102615,10.000000000000007,30.00000000000002,1254.483607358608,20.15463986190759,24.187281268626749,20.700000000000015,30.00000000000002,0.0,16.021808102528408,30.33566438296542,12.00000000000001,30.00000000000002,0.0,18.730261661257616,0.0,0.0,0.0,12.248339681751214,0.0,0.0,516.0713938717233,515.1578638794977,544.0320430691031,542.5555993106635,572.5580735823487,840.0589368114074,567.5782693678614,609.9670594578481,568.4213657007363,10765.758087964801,80.88588484104096,86.22242865559409,220.00000000000018,0.0,220.00000000000018,220.00000000000018,16.0,19.0,19.0,12.0,19.7,12.0,21.0,10.0,1.0,0.0,1866.9098313341647,0.0,2856.094011725919,0.0,0.0,0.0,1254.483607358608,0.0,8074.9021255992379,4844941.275359539,6305550.264730543,80.88588484104096,86.31306088567485,0.3824967375199747,0.7681705534998126,0.3602813740196598,86.31306088567485,0.3542647819438878,6305550.264730543,0.3301130582104327 
 03/24  08:10:00,1.9533333333333334,91.5,2.4283333333333338,89.0,562.0,0.0,4.0,0.0,0.0,0.0,0.0,0.0,0.0,0.0,0.0,5672.0,0.0,198.44664586568227,70.6381587877399,181.0082275273799,5.950599083751115,158.38112543019904,0.0,70.63815878773979,96.56771847747126,0.0,0.0,19.78507806776871,-1092.5483611882033,18.623050190506925,939.4262296117561,20.440099341321738,-1885.187804383419,19.332827053754089,-52.131448402753509,13.906943036787365,25.544031854808325,17.807958374526579,-473.4097857636575,15.575917877568444,794.072001284055,17.240037134472677,-236.41117292800124,15.949132522171116,-659.8639366344143,1307.909670430562,1469.6303433697922,0.0,0.0,0.0,0.0,0.0,0.0,0.0,0.0,0.0,0.0,0.0,0.0,0.0,0.0,0.0,0.0,0.0,0.0,0.0,0.0,0.0,0.0,1.8624301234396579,0.5685073636873193,464.9008032270584,550.3507555602656,17746.122520006207,0.4656194648615142,0.07106524188973051,391.9291469236221,466.15686512267879,13909.223193314205,1.7754759212368328,0.33550187476130635,276.01372774812799,326.2317186010991,10827.63006597634,0.37953374341725745,0.07171839444770546,26.959466469024613,31.975497622832046,1003.2966112613194,0.0,0.0,13.63407125564083,16.545008898848758,333.64882018331516,0.0,0.0,96.64271565006566,115.50332836174937,3184.528699572937,0.0,0.0,268.9772154501029,323.65695236773379,7816.213365739245,0.0,0.0,45.40821222131492,54.167420562231317,1547.6983289312983,0.0,0.0,121.04229249297257,145.9557637328336,3350.7745828962808,36.5060283009672,25.0384281899638,409.0842748687203,489.2142961423109,14437.228664636254,0.0,0.0,130.4219934688638,159.3107651656427,2675.3642825585377,1854.182727601018,21.047960449968696,22.977340311328175,22.0,30.0,0.0,19.672673831036766,24.88856044864546,16.0,30.0,1975.2098868102676,21.53111053177232,22.305505957901265,21.5,30.0,0.0,20.366784019849005,26.59176868829039,19.0,30.0,0.0,13.931792432626978,34.96876959476539,12.0,30.0,0.0,18.278973220777876,28.102952176910585,16.0,30.0,0.0,16.312993602704908,31.166718769420915,10.0,30.0,0.0,18.813422708583926,26.352863453519054,16.0,30.0,0.0,15.679158431019216,31.757600481278517,12.0,30.0,0.0,18.066626687085124,0.0,0.0,0.0,11.76213716941612,0.0,0.0,530.8121769887437,531.7826715746793,524.4351849523335,699.3070906465371,583.0661573037935,657.5432938474303,603.8766890733339,599.3971765141347,592.6260047661605,9896.855754269298,81.46086157597434,84.11918664767922,132.0,0.0,132.0,132.0,16.0,19.0,16.0,12.0,16.0,12.0,21.0,10.0,1.0,0.0,1854.182727601018,0.0,1975.2098868102676,0.0,0.0,0.0,0.0,0.0,4022.9795790484156,2413787.747429049,3153798.1398085358,81.46086157597434,84.16433383243036,0.3465993193016138,0.7675135932386543,0.36028137401965956,84.16433383243036,0.3542647819438875,3153798.1398085358,0.16531750327004386 
 03/24  08:20:00,2.4766666666666667,90.0,2.616666666666667,96.5,571.0,0.0,4.0,0.0,0.0,0.0,0.0,0.0,0.0,0.0,0.0,2836.0,0.0,213.60169868009857,63.939216906287949,163.8427336781872,6.405039939949897,170.47647258991868,0.0,63.939216906287857,87.40975704689569,0.0,0.0,19.89435207769242,-1302.9317369213837,18.828590487455128,780.5504833912619,20.471744965006395,-1567.622751691565,19.088864550103258,-60.277448497950619,13.913175335397103,38.464163916272728,17.34025746156656,-147.1655323311462,16.004590256842918,228.30760623201014,16.33727578575903,-61.68900866398718,15.314282385458207,-799.3551203493821,1325.7671639916844,1809.0985587180658,0.0,0.0,0.0,0.0,0.0,0.0,0.0,0.0,0.0,0.0,0.0,0.0,0.0,0.0,0.0,0.0,0.0,0.0,0.0,0.0,0.0,0.0,1.8473466920539732,0.563903141652617,456.39180441213127,539.8703569454642,17023.070832607384,0.4493799271134036,0.06858667996236319,366.8245638325879,435.70189317087718,12824.34774610158,1.7069296336018119,0.32254906152717546,230.14695336772028,271.8398052862192,8772.767316753629,0.4092060858146133,0.07732541304131012,33.57222932405219,39.845128623220727,1183.3987572192289,0.0,0.0,12.426569153531365,15.07061015700146,291.466909431359,0.0,0.0,67.51260058357761,80.86019477414233,2057.68469759215,0.0,0.0,315.41469060722667,378.63448530958217,9160.830624606884,0.0,0.0,29.57360203730262,35.45560924217484,887.288804937787,0.0,0.0,208.22656860231735,251.84827152537975,5161.797751266434,36.39741731442086,24.963935057901833,402.55876308513236,480.9314396652961,13883.680953178053,0.0,0.0,212.84103761670617,259.0667818348521,4522.20576772147,1895.4405431353033,21.14565193831232,23.163859134513218,22.0,30.0,0.0,19.939611955279746,24.779240650093855,16.0,30.0,2212.437017871947,21.55655669609702,22.721266432575427,21.5,30.0,0.0,19.917128789527668,29.506084003103653,19.0,30.0,0.0,13.957199281956875,35.47409985097028,12.0,30.0,0.0,17.578108111608036,28.651883111953354,16.0,30.0,0.0,16.858886231505307,29.915462982325555,10.0,30.0,0.0,17.286629709061239,29.056798142846149,16.0,30.0,0.0,14.678719585572108,34.274681198187689,12.0,30.0,0.0,18.209337731170984,0.0,0.0,0.0,12.738893270760363,0.0,0.0,536.3926225634554,535.7979658534737,537.0869674337007,829.7489379088277,588.7574763722768,596.6687122427594,580.2604620521688,592.1823865954553,592.3936563467298,9445.280812225843,81.75945224224931,85.25292088814106,132.0,0.0,132.0,132.0,16.0,19.0,16.0,12.0,16.0,12.0,21.0,10.0,1.0,0.0,1895.4405431353033,0.0,2212.437017871947,0.0,0.0,0.0,0.0,0.0,5286.926034426111,3172155.620655667,4135942.6140237359,81.75945224224931,85.3122515832683,0.34623086781420378,0.7669090643987553,0.36028137401965956,85.3122515832683,0.3542647819438875,4135942.6140237359,0.2163523492625676 
 03/24  08:30:00,3.0,88.5,2.805,104.0,580.0,0.0,4.0,0.0,0.0,0.0,0.0,0.0,0.0,0.0,0.0,2127.0,0.0,228.52089885712344,59.935321378832529,153.58314489506493,6.852408934614042,182.3835889813426,0.0,59.93532137883246,81.93612830650977,0.0,0.0,19.93180944999218,-1110.2299672255845,18.922943679708923,554.328570002586,20.530152277336876,-1642.389178986395,18.91810747223076,-66.52501829696058,13.924581241015531,40.282042382068507,17.091488941698985,-99.11795120863883,15.836906410490912,131.24146962494459,15.79701367719564,-27.91396426016254,14.9768536341589,-532.0986620852759,1285.5898727348275,1758.9546920893109,0.0,0.0,0.0,0.0,0.0,0.0,0.0,0.0,0.0,0.0,0.0,0.0,0.0,0.0,0.0,0.0,0.0,0.0,0.0,0.0,0.0,0.0,1.7671415968444857,0.5394205118572909,421.3471118242102,498.2089990597971,15338.206499877153,0.41481514029784835,0.06331122409918319,327.5699917866303,388.95477980354488,11150.544925039101,1.647442865686887,0.31130817567779425,238.03593926463049,280.8747638898743,8893.208190141571,0.4218867658161585,0.07972161107637155,37.729420633822829,44.815153371853359,1267.43528914226,0.0,0.0,11.907572543851832,14.435313532470604,267.2879658938476,0.0,0.0,59.530412414497337,71.3604250075384,1709.2982262099204,0.0,0.0,338.93890108630787,407.32379975445817,9249.48337022034,0.0,0.0,20.51375425388595,24.66200956237364,558.0486853746406,0.0,0.0,236.53146606881269,286.44305992396957,5439.785531920126,36.12837171776042,24.77940447034323,366.8955558188847,438.21036828381309,12350.745423068485,0.0,0.0,240.46521126095247,292.3928319639347,4985.540308360297,1814.4112609090649,21.244129915522696,23.360974781132599,21.999999999999994,29.99999999999999,0.0,20.012222276421619,25.028550861990227,15.999999999999993,29.99999999999999,2792.1483477719268,21.68346335250528,22.877144689319385,21.666666666666658,29.99999999999999,0.0,19.610181126481085,30.30148372258161,18.999999999999994,29.99999999999999,0.0,13.987072368528342,35.68435351209693,11.999999999999995,29.99999999999999,0.0,17.21778955387103,29.274670451553015,15.999999999999993,29.99999999999999,0.0,16.4774398718462,30.806112878138188,9.999999999999997,29.99999999999999,0.0,16.409249281451808,30.75737598278841,15.999999999999993,29.99999999999999,0.0,14.268328398181339,35.319069927480359,11.999999999999995,29.99999999999999,0.0,18.256251279677146,0.0,0.0,0.0,13.101607690027504,0.0,0.0,546.7696419151912,544.1697761503999,548.2098754492548,845.0555950979463,585.3430824094102,581.9945581796059,574.4392932380362,585.7859663552823,582.6465810546115,11176.205331614197,80.61474462362395,87.87666842590468,131.99999999999995,0.0,131.99999999999995,131.99999999999995,16.0,19.0,16.0,12.0,16.0,12.0,21.0,10.0,1.0,0.0,1814.4112609090649,0.0,2792.1483477719268,0.0,0.0,0.0,0.0,0.0,10989.566017776891,6593739.610666137,8626436.327318825,80.61474462362395,87.99999999999997,0.36631886725922976,0.7644164577647011,0.36028137401965945,87.99999999999997,0.35426478194388735,8626436.327318825,0.44982135568724559 
 03/24  08:40:00,3.5233333333333336,87.0,2.993333333333333,109.0,590.1666666666667,0.0,0.0,1.0,2.0,0.0,0.0,0.0,0.0,0.0,0.0,6381.0,0.0,239.56076873271867,58.62692426040326,150.2306044033978,7.1834560921267249,191.19463136227976,0.0,58.62692426040323,80.1474502498114,0.0,0.0,20.0098025781921,-1500.216369376035,18.957743912722,786.0840723907801,20.547932285175066,-2881.6622234029557,19.08273819916208,984.7746677447849,13.928618103182555,40.72321372827193,18.034488426277563,-131.78842061679939,15.739850178178724,158.43459643308553,16.527647817478639,-134.17218445020664,14.844985144650888,-415.5552860912055,1468.1052211629674,1615.506442977528,0.0,0.0,0.0,0.0,0.0,0.0,0.0,0.0,0.0,0.0,0.0,0.0,0.0,0.0,0.0,0.0,0.0,0.0,0.0,0.0,0.0,0.0,1.6038118129761033,0.4895640454750023,459.51036502335799,543.5038429977476,16265.478875562427,0.4005876146813953,0.06113974583049397,359.2248626894286,426.6577757551099,11856.295376395914,1.6266434726625572,0.3073778293013156,543.5436623363571,642.0065533504376,19587.696693497997,0.393241769276482,0.07430872435307687,404.0563425095289,479.8614641447328,13349.488169535063,0.0,0.0,13.127915281825239,15.922438936246279,281.0034150443206,0.0,0.0,20.432888068808663,24.39431528420298,616.4603211995384,0.0,0.0,298.3057737649686,358.93002605056207,7713.296660797982,0.0,0.0,30.971328240778875,37.06158104565047,888.2253916435113,0.0,0.0,237.5981308240411,287.99141756481978,5165.7485937814849,36.041581078886739,24.719877283187139,756.155511616669,901.1468200703533,24588.714199620335,0.0,0.0,242.04814217908158,294.35860060412485,4813.22125959474,1863.087724572616,21.25999739438686,24.232305823634126,22.000000000000055,30.000000000000076,0.0,20.02948758244451,25.939489058994007,16.00000000000004,30.000000000000076,3393.8255541633968,21.57800998309621,23.793015044767736,21.77777777777783,30.000000000000076,0.0,20.050145459536613,26.076255683332645,16.00000000000004,30.000000000000076,0.0,14.001108155419539,35.97720595799776,12.000000000000032,30.000000000000076,1828.4181236776909,18.523164174953057,28.05031511513023,20.00000000000005,30.000000000000076,0.0,16.285300141348363,31.86239159169027,10.000000000000025,30.000000000000076,1372.2403268300935,17.58923779972625,29.359738822037728,20.700000000000054,30.000000000000076,0.0,14.172720001874908,36.02043048429268,12.000000000000032,30.000000000000076,0.0,19.018400387180458,0.0,0.0,0.0,13.21475386886284,0.0,0.0,591.2527545102344,586.0949014617946,587.6638678854546,591.1851883995688,582.4589115899768,655.8651179938322,582.6140085131478,629.5181486210976,581.446649068547,10898.17303298894,80.79864538615687,86.38806455399004,60.00000000000015,0.0,60.00000000000015,60.00000000000015,16.0,16.0,19.0,12.0,19.7,12.0,21.0,10.0,1.0,0.0,1863.087724572616,0.0,3393.8255541633968,0.0,1828.4181236776909,0.0,1372.2403268300935,0.0,8458.623060277638,5075173.836166568,6626729.910143574,80.79864538615687,86.48299144705806,0.3575096575648103,0.7654218572828503,0.36028137401966056,86.48299144705806,0.3542647819438884,6626729.910143574,0.3451399553274659 
 03/24  08:50:00,4.046666666666667,85.5,3.1816666666666668,114.0,600.3333333333333,0.0,0.0,1.0,2.0,0.0,0.0,0.0,0.0,0.0,0.0,4254.0,0.0,270.9465098955697,61.29137835346526,157.0582717964528,8.12456350740907,216.24348816011693,0.0,61.291378353465237,83.78996099995875,0.0,0.0,20.097609426609276,-1453.9854297702485,19.124136929035975,768.468559650897,20.612466474210114,-2226.508051016489,19.400613941650375,562.4153106556112,13.934212570363158,41.838661583751918,18.967981696113797,-198.93191085194585,15.712003112354572,157.6956638788492,17.45982132835661,-325.4009360713068,14.793608131515973,-275.0010790560344,1450.7244043959252,1611.6205346418454,0.0,0.0,0.0,0.0,0.0,0.0,0.0,0.0,0.0,0.0,0.0,0.0,0.0,0.0,0.0,0.0,0.0,0.0,0.0,0.0,0.0,0.0,1.580214219698862,0.4823608729239498,453.8427108889985,536.4543557393323,15689.716971366426,0.3930222753289442,0.05998508475716478,352.2716118037522,418.0684774948354,11389.43321127796,1.5403899841227989,0.29107898415018848,460.0045415595561,543.371049194672,16188.45686189062,0.3592938010526708,0.06789376437125287,339.11021490298807,402.12582207481469,11151.998060420334,0.0,0.0,13.26001196347234,16.078191589929927,270.05585366758546,0.0,0.0,20.860927204647358,24.76680363031669,667.743601982433,0.0,0.0,293.3845867477741,353.0059895767899,7236.720821208508,0.0,0.0,48.36246058707751,57.576962933636938,1471.5473685474763,0.0,0.0,242.15891784963874,293.43510790538707,5012.191717180468,36.05420109128031,24.728532984417194,683.1603537048034,813.5477314103657,21879.312777739397,0.0,0.0,248.56143408948976,301.77283598345687,4877.78197321838,1867.5048961506396,21.371460057589194,24.168090947748444,21.999999999999969,29.999999999999959,0.0,20.22972031855839,25.881483292306457,15.999999999999977,29.999999999999959,2711.190352652581,21.642562333840613,23.838667028168783,21.666666666666637,29.999999999999959,0.0,20.51442480711774,25.454588491416378,15.999999999999977,29.999999999999959,0.0,14.015458070611113,36.49822778792131,11.999999999999983,29.999999999999959,876.4876118225071,20.05218420843584,27.114803784009618,19.49999999999997,29.999999999999959,0.0,16.217358790475893,32.44568688921881,9.999999999999986,29.999999999999959,1303.6965354006293,19.187696382157058,27.394514142537738,20.69999999999997,29.999999999999959,0.0,14.184044894042053,36.70118182922691,11.999999999999983,29.999999999999959,0.0,19.233852830695758,0.0,0.0,0.0,13.624252575895664,0.0,0.0,582.2970747868973,587.3185535941057,582.337687480056,584.6121455956671,584.6540612563016,749.6541529973542,589.4072423476576,646.504332697676,595.030502251748,10077.543054791513,81.3413456067472,84.96550647397362,59.999999999999918,0.0,59.999999999999918,59.999999999999918,16.0,16.0,19.0,12.0,19.7,12.0,21.0,10.0,1.0,0.0,1867.5048961506396,0.0,2711.190352652581,0.0,876.4876118225071,0.0,1303.6965354006293,0.0,5484.499129487168,3290699.477692305,4272948.300991977,81.3413456067472,85.0270567568875,0.352816637649572,0.7681701586878541,0.360281374019659,85.0270567568875,0.354264781943887,4272948.300991977,0.22272664498491613 
 03/24  09:00:00,4.57,84.0,3.37,119.0,610.5,0.0,0.0,1.0,2.0,0.0,0.0,0.0,0.0,0.0,0.0,2836.0,0.0,315.07907926221005,63.9222653623515,163.79992522585227,9.447877826496585,251.46544685264906,0.0,63.922265362351478,87.38658300115759,0.0,0.0,20.134145177677476,-1327.0312535161666,19.241735383406767,718.100226704079,20.35043077137457,-1970.7472145104305,19.431758477368179,576.4032407933305,13.942052074943128,43.13820549100262,18.524189491219017,-165.98076777635479,15.73055416843507,194.78854456275895,17.913804581269777,-436.375391378916,14.831358384268448,-190.23645785967393,1425.6340480128584,1535.9255638193752,0.0,0.0,0.0,0.0,0.0,0.0,0.0,0.0,0.0,0.0,0.0,0.0,0.0,0.0,0.0,0.0,0.0,0.0,0.0,0.0,0.0,0.0,1.527508541882741,0.46627244868215547,460.1414478521459,543.6762449328431,15406.129604858077,0.37948613269994288,0.0579191289224577,345.235668542202,409.4226128616252,10861.40463931163,1.4349573474288147,0.27115596134331357,461.41739197798486,545.0303349074161,15660.466491358178,0.3461436302024502,0.06540884924460509,328.33233722921639,389.1738296519484,10469.19870195989,0.0,0.0,13.254308249582012,16.06473361184954,256.2214973488849,0.0,0.0,20.682332273719106,24.602558015380447,612.0013914802702,0.0,0.0,286.0273354830246,344.0149282247519,6763.858874174614,0.0,0.0,56.68579453755251,67.32056293551827,1736.2225454589225,0.0,0.0,238.1730261499207,288.375569101757,4740.037987302312,35.967412664499487,24.669007314471537,665.4567013687353,791.9259738126084,20715.66449527613,0.0,0.0,245.12828990925713,297.1714548271268,4706.9219827715319,1835.7038073478526,21.372260816222249,24.280541662243487,22.0,30.0,0.0,20.3198278643572,25.87069756956848,16.0,30.0,2139.687404168865,21.498359844526065,24.155655215363148,21.5,30.0,0.0,20.528763962298208,25.553626742941945,16.0,30.0,0.0,14.03142829371262,36.97644849644796,12.0,30.0,0.0,19.332243591571154,29.693045833221235,19.0,30.0,0.0,16.238046606240947,32.751451177918529,10.0,30.0,1259.1258389261969,19.875788815161788,26.64364794590649,20.7,30.0,0.0,14.321638039328386,36.89472876174616,12.0,30.0,0.0,19.31433929738513,0.0,0.0,0.0,13.952369397273696,0.0,0.0,577.6546642650544,583.2684153039977,576.6850212031609,579.4919829497354,589.4411783369936,803.5430270129626,594.3146578203515,643.0008317104099,604.6809402253621,9285.93226875589,81.86484599863772,83.6800379061297,60.0,0.0,60.0,60.0,16.0,16.0,19.0,12.0,19.7,12.0,21.0,10.0,1.0,0.0,1835.7038073478526,0.0,2139.687404168865,0.0,0.0,0.0,1259.1258389261969,0.0,2746.9569906146855,1648174.194368811,2137304.4339270407,81.86484599863772,83.7108658907425,0.3465652330204895,0.7686046417838951,0.36028137401965956,83.7108658907425,0.3542647819438875,2137304.4339270407,0.11165649723087277 
 03/24  09:10:00,4.918333333333333,81.5,3.6483333333333336,124.0,620.6666666666666,0.0,0.0,0.0,0.0,0.0,0.0,0.0,0.0,0.0,0.0,5672.0,0.0,373.9865537093358,66.51692604785187,170.44875020902149,11.214209818272837,298.4790925726571,0.0,66.51692604785183,90.93368087179816,0.0,0.0,19.261455581278815,-255.05618335113037,19.143979255747124,-125.86436661316111,19.58091511187016,-600.9951886448251,19.2095308144277,-67.59522357576314,13.953212275135009,43.21800830382387,18.01404799688035,-420.4781392962223,15.833308581771819,180.02494762120865,17.307306879190347,-259.7093144395144,14.893823506975146,-142.11061776947703,847.3692450401651,1366.1444848226884,0.0,0.0,0.0,0.0,0.0,0.0,0.0,0.0,0.0,0.0,0.0,0.0,0.0,0.0,0.0,0.0,0.0,0.0,0.0,0.0,0.0,0.0,1.4354691411555259,0.43817739351511789,202.65916404944404,240.71237903526694,6164.500086032202,0.28437785642707255,0.04340321374039569,106.76783584834956,126.86347314337874,3248.127712845114,1.349241413552641,0.254958694926803,170.8049460649129,202.83556084548764,5264.707086742282,0.2745369499889038,0.05187773053456231,96.86380279429292,115.09475444070046,2966.886022834835,0.0,0.0,12.357309048493235,14.981623751567833,230.52367441868484,0.0,0.0,93.2965543491588,111.39532862470301,2534.017174299751,0.0,0.0,349.5348262164311,420.25942359020038,8131.875075140861,0.0,0.0,47.86192032910171,57.08499239021406,1333.2587002869616,0.0,0.0,232.2326156430901,281.1025728205299,4527.500268442289,35.22284633998968,24.1583308230382,211.95425635487156,253.4909531127845,6558.242587702098,0.0,0.0,238.68734317741017,289.2879682619063,4483.2861561237109,0.0,19.950915112759885,26.776937326714906,22.0,30.0,0.0,19.97024086512429,26.74956370465934,16.0,30.0,0.0,20.058194545219675,26.82056601753517,22.0,30.0,0.0,20.02807671453542,26.512263304021717,16.0,30.0,0.0,14.050504786545292,37.48594605398991,12.0,30.0,0.0,18.4017186503147,29.768626523826414,16.0,30.0,0.0,16.402428439712876,33.2102524201271,10.0,30.0,0.0,18.721363136339904,28.58738159400688,12.0,30.0,0.0,14.47822838423982,37.21829897833355,12.0,30.0,0.0,17.586075987151128,0.0,0.0,0.0,14.096735303927519,0.0,0.0,575.5812426027081,573.7070103021392,561.856820099143,577.343017959515,600.473605747778,670.142025971187,625.836019640014,625.0240509962104,620.7410139334669,0.0,80.73785527810763,80.73785527810763,60.0,0.0,60.0,60.0,16.0,16.0,16.0,12.0,12.0,12.0,21.0,10.0,0.0,0.0,0.0,0.0,0.0,0.0,0.0,0.0,0.0,0.0,0.0,0.0,0.0,80.73785527810763,80.73785527810763,0.0,0.0,0.0,80.73785527810763,0.0,0.0,0.0005 
 03/24  09:20:00,5.2666666666666679,79.0,3.9266666666666669,129.0,630.8333333333334,0.0,0.0,0.0,0.0,0.0,0.0,0.0,0.0,0.0,0.0,2836.0,0.0,446.6032442128332,69.07490582334404,177.0035815571747,13.391605309203707,356.4339101941098,0.0,69.074905823344,94.43063315750335,0.0,0.0,18.666687292299444,-70.97030164562148,18.716039401927089,-278.95091437707847,18.975124974081824,-302.4057079717455,18.703668689633976,-275.2360078317396,13.959328150931885,35.4724755320167,17.600987054552904,-257.97823547574856,15.725937167164883,105.26486324053758,16.491338341478295,-100.42225864385256,14.928090262269205,-182.1215397556523,750.1279179653,1105.801064772231,0.0,0.0,0.0,0.0,0.0,0.0,0.0,0.0,0.0,0.0,0.0,0.0,0.0,0.0,0.0,0.0,0.0,0.0,0.0,0.0,0.0,0.0,1.3508647693334255,0.41235188319091128,137.91814027240225,164.24010262516053,3839.3790755596266,0.252080560151741,0.03847383396699344,60.661199504832598,72.19509998028294,1676.0369044024586,1.2869008060584038,0.24317853478049968,131.60579881009876,156.70256452494466,3679.5451633862087,0.24931297422815908,0.0471112952056234,90.57120418939066,107.82572581797527,2510.950468833971,0.0,0.0,11.075437267144626,13.419436854319459,198.90592242797067,0.0,0.0,80.29394982396285,96.07146337521935,2009.3351462885685,0.0,0.0,317.4041040532527,381.72163930093458,7026.506078346437,0.0,0.0,34.034420979496719,40.78476506162463,826.6078989116552,0.0,0.0,209.92955427052804,253.90508691903498,3978.6935964813694,34.713137163916197,23.808736052068729,144.2694092672742,173.1440457092949,4122.582497540445,0.0,0.0,214.7841588113941,260.30051526437196,3830.6028001778056,0.0,19.020600794071297,28.68331809184979,22.0,30.0,0.0,19.087324728474337,28.834689175768138,16.0,30.0,0.0,19.089050968293898,28.805509750211827,22.0,30.0,0.0,19.09422611349731,28.59998512862515,16.0,30.0,0.0,14.057754892174032,37.99567003444518,12.0,30.0,0.0,17.672017971452847,30.66200953777084,16.0,30.0,0.0,16.185033418795049,33.74555395229074,10.0,30.0,0.0,17.24769621544335,31.44337030367722,12.0,30.0,0.0,14.562125544688037,37.313003008522979,12.0,30.0,0.0,16.59889238264372,0.0,0.0,0.0,13.971949502713388,0.0,0.0,567.2481074934894,552.1022933208291,552.8077353122643,562.5298397062819,610.8407084767301,623.0059988758329,613.8798826088671,619.8258962513316,622.7262286564945,0.0,80.73785527810762,80.73785527810762,60.0,0.0,60.0,60.0,16.0,16.0,16.0,12.0,12.0,12.0,21.0,10.0,0.0,0.0,0.0,0.0,0.0,0.0,0.0,0.0,0.0,0.0,0.0,0.0,0.0,80.73785527810762,80.73785527810762,0.0,0.0,0.0,80.73785527810762,0.0,0.0,0.0004966666666666666 
 03/24  09:30:00,5.615,76.5,4.205,134.0,641.0,0.0,0.0,0.0,0.0,0.0,0.0,0.0,0.0,0.0,0.0,2836.0,0.0,531.282737871244,71.5958639485792,183.46354580285917,15.930697425498327,424.0159152996904,0.0,71.59586394857917,97.87697404051991,0.0,0.0,18.15475192652261,-137.9475436319408,18.40661909836408,-372.66575382651669,18.52549248806752,-376.91833443222427,18.270168185425356,-232.18120576625328,13.957798441835387,26.27025659887478,17.39950965938573,-218.37534800199513,15.589042952366821,56.964415907862989,16.04560191943743,-44.96343520230087,14.912628895429237,-220.75567771823786,712.0288396494989,839.011267503482,0.0,0.0,0.0,0.0,0.0,0.0,0.0,0.0,0.0,0.0,0.0,0.0,0.0,0.0,0.0,0.0,0.0,0.0,0.0,0.0,0.0,0.0,1.2246997319225402,0.3738399670093224,243.7413261076225,291.0402133025015,6210.422828273663,0.21368476043900842,0.032613669175672838,116.32084095909375,138.72204710598363,2993.2707102065389,1.1852066003956024,0.2239619426295546,197.03055571376783,235.27216644102584,5134.401037840208,0.2253638806977692,0.042585767327620777,103.8751663744997,124.13586735208227,2669.5276764749635,0.0,0.0,9.930684911580425,12.030041868573882,171.11859464646836,0.0,0.0,72.79961292921985,87.19179423225896,1719.528077728067,0.0,0.0,282.98392050778866,340.5663249066881,5918.69538839834,0.0,0.0,22.107960449620064,26.552144527931579,487.6522312868656,0.0,0.0,181.79558704791175,219.84001303084222,3312.856670662754,34.172997058164138,23.438269587218206,279.3746832161696,335.322861928644,7103.233687878635,0.0,0.0,184.85784928738338,224.12297360791716,3100.955028731891,0.0,18.218719880906833,30.768642348212635,22.0,30.0,0.0,18.46984783691127,30.435658305721327,16.0,30.0,0.0,18.409232036417138,30.595029569916848,22.0,30.0,0.0,18.354998121217755,30.23370828935278,16.0,30.0,0.0,14.049474917120149,38.35029671403282,12.0,30.0,0.0,17.31736086425548,31.523014693965736,16.0,30.0,0.0,15.923918064342099,34.621005758741379,10.0,30.0,0.0,16.514675375385609,33.077821478284437,12.0,30.0,0.0,14.551592447717445,37.58306013346765,12.0,30.0,0.0,16.607325809567326,0.0,0.0,0.0,13.804653122649757,0.0,0.0,541.3940023702294,533.0276592360541,532.2123454265626,554.8563326846864,609.3441440390061,605.6016899602976,595.1116330158957,611.3104574636276,607.3990302514799,0.0,80.73785527810762,80.73785527810762,60.0,0.0,60.0,60.0,16.0,16.0,16.0,12.0,12.0,12.0,21.0,10.0,0.0,0.0,0.0,0.0,0.0,0.0,0.0,0.0,0.0,0.0,0.0,0.0,0.0,80.73785527810762,80.73785527810762,0.0,0.0,0.0,80.73785527810762,0.0,0.0,0.0004933333333333334 
 03/24  09:40:00,5.963333333333333,74.0,4.483333333333333,127.83333333333334,674.6666666666667,0.0,0.0,0.0,0.0,0.0,0.0,0.0,0.0,0.0,0.0,1418.0,0.0,619.1836108315799,70.95535634357489,181.82243341667516,18.566381119324434,494.1688698393422,0.0,70.95535634357486,97.00135158455253,0.0,0.0,17.86079831498366,-127.22224173092855,18.178024691919057,-203.67106675477386,18.204318185406984,-188.40185796984589,18.054765135995877,-202.32201855184827,13.958378814254383,25.536956559494798,17.28219125488561,-193.61826521051717,15.531346792148723,87.96383084613899,15.723488338845062,-24.138387762469223,14.891939321141093,-197.3421990310576,718.0414762077298,743.7717456600508,0.0,0.0,0.0,0.0,0.0,0.0,0.0,0.0,0.0,0.0,0.0,0.0,0.0,0.0,0.0,0.0,0.0,0.0,0.0,0.0,0.0,0.0,1.1741159361329583,0.35839924790383345,205.3873110357267,245.32714417095054,4954.316862379859,0.21460853917942616,0.032754661046920967,95.18022250195442,113.68868280628031,2310.8655276939728,1.1239856894163074,0.21239336534699694,179.35658428701329,214.03819164468286,4365.639132332753,0.21147542424429864,0.03996134244979187,113.24281353488303,135.10824771001286,2743.733318709349,0.0,0.0,9.844120986091104,11.91463349019143,162.58810343550534,0.0,0.0,71.69936097494818,85.86510217467614,1612.534514793142,0.0,0.0,278.3736765067123,334.81504871047789,5578.330011506674,0.0,0.0,19.690485345046697,23.67197067555604,401.9599189250344,0.0,0.0,176.73773937610515,213.54093694260596,3090.2738520549739,34.37936304530929,23.57981004479376,248.80535118482835,298.3387251262468,6120.855650962576,0.0,0.0,179.49419004003406,217.33629541697708,2923.8087781264127,0.0,17.83939676374247,31.599165205896534,22.0,30.0,0.0,18.0228023844693,31.420896672600227,16.0,30.0,0.0,17.984338414981886,31.400901303832819,22.0,30.0,0.0,18.043634801295043,31.129061528375535,16.0,30.0,0.0,14.046753702756643,38.653366842643738,12.0,30.0,0.0,17.09486245042102,32.11513573677248,16.0,30.0,0.0,15.836426664730173,34.93703219985071,10.0,30.0,0.0,16.01902980803766,34.28457502094835,12.0,30.0,0.0,14.53697738505976,37.74979917622056,12.0,30.0,0.0,16.671944788152329,0.0,0.0,0.0,13.917776089372744,0.0,0.0,537.3781582744621,528.3349455471853,533.6834130288573,541.0399042622266,603.7790595275044,595.958631567212,588.5335170177085,602.3621676704868,600.064797940979,0.0,80.73785527810762,80.73785527810762,60.0,0.0,60.0,60.0,16.0,16.0,16.0,12.0,12.0,12.0,21.0,10.0,0.0,0.0,0.0,0.0,0.0,0.0,0.0,0.0,0.0,0.0,0.0,0.0,0.0,80.73785527810762,80.73785527810762,0.0,0.0,0.0,80.73785527810762,0.0,0.0,0.00049 
 03/24  09:50:00,6.311666666666667,71.5,4.761666666666667,121.66666666666667,708.3333333333333,0.0,0.0,0.0,0.0,0.0,0.0,0.0,0.0,0.0,0.0,2127.0,0.0,719.2953105980971,70.3565163010619,180.2880952621905,21.56820053077979,574.0671553126294,0.0,70.35651630106188,96.18269184552676,0.0,0.0,17.661280651319485,37.57300683516468,18.109061189390859,-349.4696153069664,18.014015148931436,-278.38182901679627,17.847009058409083,-142.5089410297682,13.963235298977342,23.17058644724151,17.25128305225634,-187.52596887721638,15.472991766368084,68.44726455540337,15.526599427582284,-12.897351688673695,14.899203784035976,-164.8789157452964,592.8210447835938,623.0758625257224,0.0,0.0,0.0,0.0,0.0,0.0,0.0,0.0,0.0,0.0,0.0,0.0,0.0,0.0,0.0,0.0,0.0,0.0,0.0,0.0,0.0,0.0,1.087156446235847,0.33185483706832966,215.95148905967694,258.2638415075287,4955.077758162435,0.19371520466671655,0.02956581267807032,126.92031476126425,151.64999632792198,2945.718892431478,1.0225320909206184,0.19322223940298934,172.44158696726726,206.05970534219802,3978.5580822328718,0.19909399022115266,0.03762169127383839,109.10728376910903,130.36656884748707,2515.8521750539709,0.0,0.0,9.388080581849457,11.366832814868558,148.44626938334654,0.0,0.0,69.55212489996987,83.34978514898224,1503.193180270102,0.0,0.0,262.78758339499049,316.3032729227938,5030.870672344143,0.0,0.0,14.257290033627612,17.162516680495984,273.4984198589705,0.0,0.0,164.00511792380667,198.21690376222228,2762.2396896607017,34.379614675244578,23.57998263048328,238.24681104407464,285.97411907972619,5583.94207310423,0.0,0.0,166.02203224179028,201.07462919161976,2602.4325701767418,0.0,17.645439732853356,32.06181096530487,22.000000000000019,30.00000000000002,0.0,17.835255325240327,31.857027828251306,16.000000000000015,30.00000000000002,0.0,17.778097492492209,31.802569443040107,22.000000000000019,30.00000000000002,0.0,17.749665821124144,31.819734980935598,16.000000000000015,30.00000000000002,0.0,14.051122798003697,38.83705296123148,12.00000000000001,30.00000000000002,0.0,17.007125652213717,32.426320308189747,16.000000000000015,30.00000000000002,0.0,15.741478092789638,35.29591437743346,10.000000000000007,30.00000000000002,0.0,15.755538701918454,34.96468597915312,12.00000000000001,30.00000000000002,0.0,14.572194611456148,37.834438662440607,12.00000000000001,30.00000000000002,0.0,16.353102806275726,0.0,0.0,0.0,13.967123961886866,0.0,0.0,533.4167496205816,522.6154638554112,531.9936334440549,535.191754215824,598.3610769333383,588.2414764128383,580.6026761025603,596.7686213923956,591.3411954702897,0.0,80.73785527810769,80.73785527810769,60.00000000000004,0.0,60.00000000000004,60.00000000000004,16.0,16.0,16.0,12.0,12.0,12.0,21.0,10.0,0.0,0.0,0.0,0.0,0.0,0.0,0.0,0.0,0.0,0.0,0.0,0.0,0.0,80.73785527810769,80.73785527810769,0.0,0.0,0.0,80.73785527810769,0.0,0.0,0.0004766666666666667 
 03/24  10:00:00,6.66,69.0,5.04,115.5,742.0,0.0,0.0,0.0,0.0,0.0,0.0,0.0,0.0,0.0,0.0,1418.0,0.0,829.9545510282726,69.79654879704258,178.8533684249396,24.886282780132967,662.3833201859845,0.0,69.79654879704255,95.41717381373378,0.0,0.0,17.5315109366865,-12.03412367565943,18.0433095832404,-317.9495649916373,17.838560247947524,-131.78864567781876,17.718120275276087,-146.48261921388827,13.972670921878166,22.484110620430785,17.259096462483975,-186.10755111528625,15.44993607401707,83.62976908699693,15.357331128634853,-6.431037137640516,14.91279747588931,-150.1312431323895,503.2976853490468,543.3434553500056,0.0,0.0,0.0,0.0,0.0,0.0,0.0,0.0,0.0,0.0,0.0,0.0,0.0,0.0,0.0,0.0,0.0,0.0,0.0,0.0,0.0,0.0,1.0152521240646007,0.3099060207767402,162.94460838199127,194.84616971921788,3590.7448510449619,0.18142275278854448,0.02768967533402694,113.89434803851822,136.09611094586067,2523.445484545044,0.9788056650786117,0.18495949831417464,95.69071216394146,114.3590920858672,2128.6075073972399,0.1879532528821934,0.03551648769504787,64.16012606909786,76.63872520200457,1411.347165684011,0.0,0.0,9.300835726456726,11.253359542278674,140.68122426444377,0.0,0.0,69.1000189926942,82.76701158802587,1439.0485286255012,0.0,0.0,255.8923406258668,307.8275266884189,4704.664722973264,0.0,0.0,11.022281120612494,13.270936326250045,198.79060659261399,0.0,0.0,156.4115583552364,188.8846211872561,2536.057813072141,34.58382237019905,23.72004277791431,164.48207149016944,197.59656639577089,3801.6608794403798,0.0,0.0,157.93392153529997,191.08299825306086,2394.5706773202866,0.0,17.52443267666625,32.37045559161002,22.0,30.0,0.0,17.648026169309718,32.28617439555908,16.0,30.0,0.0,17.59948573902365,32.22263325321574,22.0,30.0,0.0,17.583515790733416,32.18679557162105,16.0,30.0,0.0,14.06298992377399,39.008291537303488,12.0,30.0,0.0,16.9639638187843,32.641703032399608,16.0,30.0,0.0,15.714822089145152,35.47024378796259,10.0,30.0,0.0,15.530808231139023,35.58058369041869,12.0,30.0,0.0,14.612699617779008,37.87511126382584,12.0,30.0,0.0,16.09807228672368,0.0,0.0,0.0,14.06726656609064,0.0,0.0,528.4080476520348,516.8596105741161,527.9606792461029,531.2685057238049,591.4813021022933,580.8238657771765,574.2513236951257,590.747274119863,584.274303409939,0.0,80.73785527810762,80.73785527810762,60.0,0.0,60.0,60.0,16.0,16.0,16.0,12.0,12.0,12.0,21.0,10.0,0.0,0.0,0.0,0.0,0.0,0.0,0.0,0.0,0.0,0.0,0.0,0.0,0.0,80.73785527810762,80.73785527810762,0.0,0.0,0.0,80.73785527810762,0.0,0.0,0.0004633333333333334 
 03/24  10:10:00,6.865,67.66666666666667,5.215,109.33333333333333,775.6666666666667,0.0,0.0,0.0,0.0,0.0,0.0,0.0,0.0,0.0,0.0,1418.0,0.0,949.4548986416503,69.27113310899881,177.5071804546967,28.46946123464202,757.7554774835176,0.0,69.27113310899878,94.69889073391681,0.0,0.0,17.374233385346608,-18.13738947798538,18.033122000096208,-351.06178238898976,17.675728956856625,-311.7009558790023,17.535163321307516,-162.4182451236834,13.986844670357638,22.235412376289476,17.30666521672579,-185.9226241319759,15.440335140387074,87.34467945089409,15.213974299575284,-19.477477707874898,14.945933683276742,-106.06557144508088,570.2209377748932,472.5436035865837,0.0,0.0,0.0,0.0,0.0,0.0,0.0,0.0,0.0,0.0,0.0,0.0,0.0,0.0,0.0,0.0,0.0,0.0,0.0,0.0,0.0,0.0,0.9503329795119379,0.2900894320854511,208.680658571779,249.5125875667465,4425.713661633641,0.16306032741234373,0.024887107358416324,135.39539435806644,161.81817241144138,2914.2173473200839,0.9501721686146456,0.1795487846966451,284.27467061960456,339.91842201866049,6066.710886885123,0.1845959625270829,0.03488207908675035,178.34040257448533,213.3117501894639,3755.9938077724607,0.0,0.0,9.076348754447299,10.979663190367566,133.8226994282547,0.0,0.0,69.67839718771782,83.44623947380241,1423.5289979569314,0.0,0.0,245.2938058773736,295.0430966652952,4405.557476999683,0.0,0.0,9.67999834241009,11.66006077079707,166.98044908126014,0.0,0.0,144.23204476629608,174.10183898752346,2300.4009998207427,34.6171227370873,23.74288253572518,327.86643153013957,393.3843292510411,6945.482324860303,0.0,0.0,150.88648434910847,182.44454756351244,2264.4272587559664,0.0,17.34154279952177,32.82925677664498,22.0,30.0,0.0,17.54196761217524,32.56963415300227,16.0,30.0,0.0,17.411150389162346,32.72041706447972,22.0,30.0,0.0,17.30640996272865,32.82462771285674,16.0,30.0,0.0,14.081867710558719,39.15643446293173,12.0,30.0,0.0,16.974164184874306,32.81617558841337,16.0,30.0,0.0,15.71069940228271,35.69875509362268,10.0,30.0,0.0,15.346074749163389,36.12047222656523,12.0,30.0,0.0,14.690056906207559,37.93409574952257,12.0,30.0,0.0,16.34560745987273,0.0,0.0,0.0,14.200901456815812,0.0,0.0,519.1147324131202,507.27272079864488,516.8412698705272,524.5242915928936,583.4144897836839,568.9861312462954,561.387282677234,584.4856596910714,571.5677689632873,0.0,80.73785527810762,80.73785527810762,60.0,0.0,60.0,60.0,16.0,16.0,16.0,12.0,12.0,12.0,21.0,10.0,0.0,0.0,0.0,0.0,0.0,0.0,0.0,0.0,0.0,0.0,0.0,0.0,0.0,80.73785527810762,80.73785527810762,0.0,0.0,0.0,80.73785527810762,0.0,0.0,0.00045 
 03/24  10:20:00,7.07,66.33333333333334,5.390000000000001,103.16666666666667,809.3333333333333,0.0,0.0,0.0,0.0,0.0,0.0,0.0,0.0,0.0,0.0,1418.0,0.0,1075.4394527800583,71.8495286010201,184.11433496793888,32.247065343257748,858.3026095627812,0.0,71.84952860102006,98.22375285192983,0.0,0.0,17.276009769801698,-16.989737510346005,18.042759551505264,-394.55994211684586,17.482519200596724,-126.14375072780331,17.491652030582985,-170.02275412455607,14.005936639816185,22.71033218697417,17.3860729618783,-190.0893494599013,15.446144754226037,101.6271245444409,15.087116705277247,-22.256422126243565,14.988425843517064,-78.02756237477797,499.63185204471758,418.4422903932327,0.0,0.0,0.0,0.0,0.0,0.0,0.0,0.0,0.0,0.0,0.0,0.0,0.0,0.0,0.0,0.0,0.0,0.0,0.0,0.0,0.0,0.0,0.9171346622972356,0.27995563562186678,179.7746274634866,215.05459154196769,3712.830647404271,0.1521582099793976,0.023223170021275588,145.0208184655554,173.36412345032557,3035.260487830128,0.9287233436492663,0.17549571875458556,195.27062739886959,233.49875921736573,4008.1968404096908,0.17906399569309135,0.03383673388002481,129.35764342861644,154.69688796210259,2665.9519060054137,0.0,0.0,9.040914603133527,10.934393172934435,129.97894256179763,0.0,0.0,70.57421828204916,84.49551807918883,1418.8962756527099,0.0,0.0,242.76565036235679,291.9393556971648,4270.539861093333,0.0,0.0,14.36457009108042,17.30857727677984,237.16184491931404,0.0,0.0,135.98748785092844,164.08162942033398,2134.7073525699427,34.76310784047439,23.843009492780796,246.01532860995395,295.35516414230019,5163.6200761856039,0.0,0.0,147.69015716218238,178.45476712157558,2202.9539042555586,0.0,17.263617658202635,33.11630967591915,22.0,30.0,0.0,17.452444805765795,32.86091767094337,16.0,30.0,0.0,17.182265401477385,33.253972328880738,22.0,30.0,0.0,17.292378213224219,32.900458688657497,16.0,30.0,0.0,14.107793182782828,39.29104699332987,12.0,30.0,0.0,17.02062555798346,32.90162220662822,16.0,30.0,0.0,15.735041515611656,35.82597850812288,10.0,30.0,0.0,15.185107986784278,36.695499823741929,12.0,30.0,0.0,14.774357844982147,37.93700682014726,12.0,30.0,0.0,16.171727023835424,0.0,0.0,0.0,14.365889190109261,0.0,0.0,506.02451945575975,494.21155813784517,508.8866438286,518.2831483124685,574.103833911669,556.9614435978763,549.7732459073529,573.4964839773315,559.8255118243073,0.0,80.73785527810762,80.73785527810762,60.0,0.0,60.0,60.0,16.0,16.0,16.0,12.0,12.0,12.0,21.0,10.0,0.0,0.0,0.0,0.0,0.0,0.0,0.0,0.0,0.0,0.0,0.0,0.0,0.0,80.73785527810762,80.73785527810762,0.0,0.0,0.0,80.73785527810762,0.0,0.0,0.0004466666666666666 
 03/24  10:30:00,7.275,65.0,5.5649999999999999,97.0,843.0,0.0,0.0,0.0,0.0,0.0,0.0,0.0,0.0,0.0,0.0,709.0,0.0,1207.867912126104,71.23395244960673,182.53711685658983,36.21788656448259,963.9925509987559,0.0,71.23395244960669,97.38221358319328,0.0,0.0,17.184989297241793,22.23027388788887,18.098418143530233,-409.8602360298046,17.464195969016843,-94.94595047447683,17.44150817768702,-34.55077819877624,14.0326026204764,21.98375309057991,17.500012075399299,-199.81264038596465,15.4480525595132,98.00738353405086,14.96391906733039,-18.711410671623754,15.021292226894565,-91.28713891346706,404.62535094464058,367.15945261227628,0.0,0.0,0.0,0.0,0.0,0.0,0.0,0.0,0.0,0.0,0.0,0.0,0.0,0.0,0.0,0.0,0.0,0.0,0.0,0.0,0.0,0.0,0.8864566131248154,0.27059115174750167,165.88584808189155,198.12290399805517,3334.1845406931436,0.14245781590286597,0.021742645894820814,156.3813076122531,186.6094354774515,3202.5327996353387,0.8759280467282544,0.16551928320639734,64.74594091382753,77.30992734515206,1320.4979134098158,0.17544504324260785,0.033152880431331788,72.23612402773722,86.25471654456007,1458.866722449219,0.0,0.0,8.97879170422473,10.839233703343436,126.02830814728668,0.0,0.0,70.6987661190641,84.4720351349377,1404.789879805927,0.0,0.0,240.23647903714707,288.3903316476045,4132.003531226006,0.0,0.0,15.147451943653863,18.230132572797414,238.98830686003317,0.0,0.0,133.1948853911729,160.40218098588944,2051.7574340996559,34.90438649814834,23.939908434944,151.1740777784121,181.36392338888863,3241.092090434644,0.0,0.0,145.9539503442249,175.94864680733634,2165.875970842045,0.0,17.19213593328747,33.28307903586251,22.0,30.0,0.0,17.43267586786631,32.97541236097977,16.0,30.0,0.0,17.259135973552256,33.170411361492977,22.0,30.0,0.0,17.271579921448116,32.861766580070689,16.0,30.0,0.0,14.145512955674518,39.40460080499763,12.0,30.0,0.0,17.110635615140138,32.82295590086529,16.0,30.0,0.0,15.745801965824596,35.88427331261866,10.0,30.0,0.0,15.02416440924469,37.286725053890027,12.0,30.0,0.0,14.835313382622422,37.90929265143074,12.0,30.0,0.0,15.885443534794291,0.0,0.0,0.0,14.536512376934406,0.0,0.0,502.4206831666062,485.45193536042827,499.4718368387625,524.3954088310679,563.6681572230311,549.234906592331,543.5064612642487,561.711420275293,552.4840507684078,0.0,80.73785527810762,80.73785527810762,60.0,0.0,60.0,60.0,16.0,16.0,16.0,12.0,12.0,12.0,21.0,10.0,0.0,0.0,0.0,0.0,0.0,0.0,0.0,0.0,0.0,0.0,0.0,0.0,0.0,80.73785527810762,80.73785527810762,0.0,0.0,0.0,80.73785527810762,0.0,0.0,0.00044333333333333334 
 03/24  10:40:00,7.48,63.66666666666667,5.74,103.33333333333334,827.6666666666666,0.0,0.0,0.0,0.0,0.0,0.0,0.0,0.0,0.0,0.0,709.0,0.0,1310.9562144462114,73.39359314932648,188.07112260868267,39.308942053384267,1046.2662581032515,0.0,73.39359314932645,100.33460615233854,0.0,0.0,17.123945438185169,30.62010441156508,18.144679444565033,-467.02522897265046,17.414271486048486,-74.14867346625204,17.44426673650333,-31.39327118596458,14.057808903505397,22.48397002853028,17.608685897259464,-215.91071232157993,15.459409870288882,106.60336139799984,14.877281031047819,-13.057508222844888,15.056376833323885,-62.5420243730523,374.93769866994719,315.9511084845335,0.0,0.0,0.0,0.0,0.0,0.0,0.0,0.0,0.0,0.0,0.0,0.0,0.0,0.0,0.0,0.0,0.0,0.0,0.0,0.0,0.0,0.0,0.8537615280010968,0.26061096703330186,190.2888279103691,227.26514054926009,3730.6726331270158,0.1396458857385254,0.021313474624317067,152.18282599589953,181.6054624864784,3043.3773690310929,0.8378492252049851,0.15832373870086648,29.65344662586232,35.404647303802047,600.869693444139,0.16409348539912628,0.031007839266652728,7.603859894547512,9.077478751676705,153.87768047790633,0.0,0.0,9.022298308421253,10.8891473820908,123.47896577425765,0.0,0.0,72.7400285892062,86.87644926334949,1426.8238931149313,0.0,0.0,239.49517325346816,287.4406294935956,4033.084784551776,0.0,0.0,17.19865071315537,20.703340738642678,260.8406829688354,0.0,0.0,128.16924085179313,154.2982270246321,1937.410298611008,35.142223484794417,24.10303394018822,133.41130167995736,160.08346099379669,2839.7514845550956,0.0,0.0,143.58267204587609,172.97400988164427,2116.3685704431165,0.0,17.161490384164048,33.45003176774949,22.0,30.0,0.0,17.398880223681169,32.96630094988567,16.0,30.0,0.0,17.258332654473553,33.12455820878425,22.0,30.0,0.0,17.311352254455387,32.72006983202304,16.0,30.0,0.0,14.179983089464875,39.44388045859263,12.0,30.0,0.0,17.192984449382263,32.72728964598487,16.0,30.0,0.0,15.77479599832085,35.86707122007894,10.0,30.0,0.0,14.926357361258129,37.63997636149382,12.0,30.0,0.0,14.900906753429638,37.80048078412575,12.0,30.0,0.0,15.807413453534517,0.0,0.0,0.0,14.697224522419419,0.0,0.0,492.41846281484177,486.28189028647446,499.48048456502019,527.6010460401348,556.7620407610043,543.0844836542829,540.0953828829427,554.8166379293024,549.1018121493928,0.0,80.73785527810762,80.73785527810762,60.0,0.0,60.0,60.0,16.0,16.0,16.0,12.0,12.0,12.0,21.0,10.0,0.0,0.0,0.0,0.0,0.0,0.0,0.0,0.0,0.0,0.0,0.0,0.0,0.0,80.73785527810762,80.73785527810762,0.0,0.0,0.0,80.73785527810762,0.0,0.0,0.00044 
 03/24  10:50:00,7.6850000000000009,62.333333333333339,5.915,109.66666666666666,812.3333333333334,0.0,0.0,0.0,0.0,0.0,0.0,0.0,0.0,0.0,0.0,709.0,0.0,1407.3132123127858,75.4478596917584,193.3351044056496,42.198161662670177,1123.167772069009,0.0,75.44785969175836,103.14294425955552,0.0,0.0,17.064922600719016,36.01812614906521,18.22000726915698,-468.5043257422967,17.392959876036735,-23.28934371690002,17.345319700217489,-169.1294621502518,14.085083084958411,23.12378130856365,17.72398555157745,-228.77698874596627,15.47674708477707,113.85595934583671,14.807403358298524,-6.152589737723588,15.09847357077826,-39.96208062432879,401.02605657874576,273.79141723064915,0.0,0.0,0.0,0.0,0.0,0.0,0.0,0.0,0.0,0.0,0.0,0.0,0.0,0.0,0.0,0.0,0.0,0.0,0.0,0.0,0.0,0.0,0.8256791898762802,0.2520388247485593,199.55641608242997,238.34179077647114,3814.3528729622096,0.13815600987040167,0.02108608209255215,143.09441404770403,170.73096520336294,2809.1770897042458,0.801157594007513,0.15139032388652935,63.70530398777954,76.04578640321367,1249.9886314976118,0.15295033189678557,0.028902179118818127,59.706211447553467,71.30836472897664,1141.0983297392039,0.0,0.0,9.054156934213486,10.924940422243337,120.78485892148784,0.0,0.0,74.20144345101517,88.58468578075781,1437.7884840220398,0.0,0.0,238.37383090228586,286.0264394241481,3932.0921332239997,0.0,0.0,19.416289556275087,23.376093685693289,283.5517679316828,0.0,0.0,123.53710818470104,148.66728616327925,1833.736278125122,35.385524786100749,24.26990726070011,158.64329494179237,190.2646398805271,3231.7914772370079,0.0,0.0,141.4778724386868,170.32445840264394,2071.435488796481,0.0,17.126971540424856,33.450011897646387,22.0,30.0,0.0,17.423354168735086,32.848007137656477,16.0,30.0,0.0,17.30274803708304,32.75553938393326,22.0,30.0,0.0,17.141181731908895,33.3294646736291,16.0,30.0,0.0,14.21666059763968,39.45325516281888,12.0,30.0,0.0,17.283523468604036,32.5865279044151,16.0,30.0,0.0,15.811507860811622,35.85550828081037,10.0,30.0,0.0,14.853228277859737,37.922316121376699,12.0,30.0,0.0,14.974345207543144,37.696320877332478,12.0,30.0,0.0,15.921878640606673,0.0,0.0,0.0,14.858590530219349,0.0,0.0,493.5476381644478,486.41139717507169,524.1710787696043,497.50901960101137,550.9108121271293,539.3499450704886,534.4066956452975,548.072692457674,543.7649948654248,0.0,80.73785527810762,80.73785527810762,60.0,0.0,60.0,60.0,16.0,16.0,16.0,12.0,12.0,12.0,21.0,10.0,0.0,0.0,0.0,0.0,0.0,0.0,0.0,0.0,0.0,0.0,0.0,0.0,0.0,80.73785527810762,80.73785527810762,0.0,0.0,0.0,80.73785527810762,0.0,0.0,0.00044333333333333334 
 03/24  11:00:00,7.89,61.0,6.09,116.0,797.0,0.0,0.0,0.0,0.0,0.0,0.0,0.0,0.0,0.0,0.0,1418.0,0.0,1496.6185804423827,77.40402016388706,198.34768655713553,44.87594064330334,1194.4414452314987,0.0,77.40402016388701,105.81716393078037,0.0,0.0,17.034051344135407,59.07916213284807,18.305667118212619,-479.38069297247696,17.24077920381174,-185.3899409276455,17.321968067653978,-94.66037146639747,14.110230844244783,24.419167954658975,17.835584497090595,-236.0505670693699,15.500489331796155,129.43966167247664,14.76049624179721,5.464143160448032,15.141717904195648,-2.09064655169891,472.646812193967,239.25172181926019,0.0,0.0,0.0,0.0,0.0,0.0,0.0,0.0,0.0,0.0,0.0,0.0,0.0,0.0,0.0,0.0,0.0,0.0,0.0,0.0,0.0,0.0,0.7917230068529476,0.2416736895155518,209.36332758931003,250.46125026739976,3917.284449629333,0.11727860488714581,0.0178996649705656,174.42935268477937,208.38615986503738,3362.762570636766,0.7929824737929976,0.14984551658975776,176.43846774208115,211.07034469949594,3280.9580455365078,0.15626542293058669,0.029528613554532625,108.39920873264109,129.6710547461952,2025.978658794057,0.0,0.0,9.043396023585652,10.92712014060043,117.37688351465298,0.0,0.0,76.13554263700405,91.00542634683132,1454.7474497695785,0.0,0.0,236.51890430452435,284.18443269514389,3823.4872382275445,0.0,0.0,22.431929382460994,27.049187919022527,316.55277087008155,0.0,0.0,119.19166895660743,143.61963558600466,1735.708826706667,35.60389425644049,24.41968055997291,262.030963175922,314.47387810438286,4997.53789191486,0.0,0.0,138.77093602724319,167.2253773891589,2016.8874395649344,0.0,17.1397841084457,33.37083855875797,22.0,30.0,0.0,17.45896886914216,32.75183142691159,16.0,30.0,0.0,17.07095279217473,33.46384299141347,22.0,30.0,0.0,17.148956194188885,33.19045127979285,16.0,30.0,0.0,14.247168756172658,39.450659880564248,12.0,30.0,0.0,17.360325318999274,32.49495855276711,16.0,30.0,0.0,15.85759254616621,35.78591929296289,10.0,30.0,0.0,14.817600793759093,38.087697584688047,12.0,30.0,0.0,15.045198210983632,37.6005190320369,12.0,30.0,0.0,16.201182300758583,0.0,0.0,0.0,15.017055111610482,0.0,0.0,491.9346906882838,483.6514786623515,497.4446043520635,507.8281936648866,546.196401184855,533.1670558344663,530.3181424798836,542.8975223254187,538.4777442176793,0.0,80.73785527810762,80.73785527810762,60.0,0.0,60.0,60.0,16.0,16.0,16.0,12.0,12.0,12.0,21.0,10.0,0.0,0.0,0.0,0.0,0.0,0.0,0.0,0.0,0.0,0.0,0.0,0.0,0.0,80.73785527810762,80.73785527810762,0.0,0.0,0.0,80.73785527810762,0.0,0.0,0.0004466666666666666 
 03/24  11:10:00,8.053333333333333,59.5,6.1866666666666669,122.33333333333334,781.6666666666667,0.0,0.0,0.0,0.0,0.0,0.0,0.0,0.0,0.0,0.0,709.0,0.0,1588.2849113415003,75.98825612553545,194.71989372752348,47.62451066498947,1267.5993636956608,0.0,75.9882561255354,103.88170715455142,0.0,0.0,17.012772854646266,69.78179970919246,18.40470476620402,-530.7966493975382,17.23696561012583,-26.31947011366674,17.3114958199506,-24.5312206176863,14.146401071305089,24.568665949867979,17.978391803120659,-250.02941146138756,15.534067996776269,130.98868980526096,14.71446888289687,12.00145629671215,15.198781462155124,-3.891202657494887,373.548214088858,206.38961080210994,0.0,0.0,0.0,0.0,0.0,0.0,0.0,0.0,0.0,0.0,0.0,0.0,0.0,0.0,0.0,0.0,0.0,0.0,0.0,0.0,0.0,0.0,0.7698539024364688,0.23499813871687084,197.77244801321687,236.13350817986035,3643.8322363922068,0.10184163720638408,0.015543595422219793,192.0959126361754,229.08026203483014,3657.48999716304,0.7945463285078538,0.15014102957442444,82.64028003910558,98.67188278573274,1529.9296251575177,0.15892644807648,0.03003145277333332,9.446476111745977,11.278654228849574,176.4551878485805,0.0,0.0,9.055491293448302,10.920641612028,115.43316735977133,0.0,0.0,76.90467865371824,91.72363110762642,1463.6133173191104,0.0,0.0,234.95452545085039,281.74903671428839,3748.796940293268,0.0,0.0,23.97533637371097,28.864996347397029,328.46568552447055,0.0,0.0,116.28526423418399,139.82433268617897,1676.5980111678326,35.70023295657458,24.485756485990807,154.39423739569294,185.1320289498526,3025.9365905324168,0.0,0.0,136.7339038783364,164.39353728953305,1983.6435887249787,0.0,17.159827405478777,33.291445631888638,22.0,30.0,0.0,17.50710625165484,32.60348637535683,16.0,30.0,0.0,17.151567214064217,33.338745004524017,22.0,30.0,0.0,17.168816754284028,33.16644179839724,16.0,30.0,0.0,14.29688704159957,39.425577738646477,12.0,30.0,0.0,17.489275085114384,32.2702301635257,16.0,30.0,0.0,15.91777112801807,35.71621444310962,10.0,30.0,0.0,14.776404190574212,38.29668488137837,12.0,30.0,0.0,15.138711668282405,37.447523454646958,12.0,30.0,0.0,15.92749007842327,0.0,0.0,0.0,15.170271918500398,0.0,0.0,489.5069962549329,479.9938226223993,489.6694354087896,502.035993119497,539.2478760592709,528.426845856683,523.1872485701409,534.957486094254,532.3473567494622,0.0,80.73785527810762,80.73785527810762,60.0,0.0,60.0,60.0,16.0,16.0,16.0,12.0,12.0,12.0,21.0,10.0,0.0,0.0,0.0,0.0,0.0,0.0,0.0,0.0,0.0,0.0,0.0,0.0,0.0,80.73785527810762,80.73785527810762,0.0,0.0,0.0,80.73785527810762,0.0,0.0,0.00045 
 03/24  11:20:00,8.216666666666667,58.0,6.283333333333333,128.66666666666667,766.3333333333334,0.0,0.0,0.0,0.0,0.0,0.0,0.0,0.0,0.0,0.0,709.0,0.0,1666.0746625356824,77.70015094094723,199.10654297091114,49.956997606796537,1329.682525360143,0.0,77.7001509409472,106.22199715410364,0.0,0.0,16.988193887755715,77.75345185251354,18.47448635258445,-594.4829640602848,17.209308684951944,-25.682891249210344,17.326063815272165,-23.344468479296553,14.179557321478957,25.315546824838465,18.11115054026893,-264.52268282308799,15.565369235853315,139.4721335707227,14.684066092099997,21.267238736458695,15.244648211129367,10.915763654986677,368.75366958687757,177.22187312909319,0.0,0.0,0.0,0.0,0.0,0.0,0.0,0.0,0.0,0.0,0.0,0.0,0.0,0.0,0.0,0.0,0.0,0.0,0.0,0.0,0.0,0.0,0.7311856021447428,0.223194628249311,192.32921694293914,229.60067075474584,3480.665576870311,0.09982823245154278,0.015236299214215932,186.93835347748678,222.91204292531226,3495.1303644020624,0.7855019506740048,0.1484319634682549,10.640784092300429,12.70317876487715,205.92758186243936,0.1522707616797287,0.02877376448974464,7.608772320246136,9.082019432980712,140.6621082929169,0.0,0.0,9.113503197524576,10.987391044432473,113.89556976408574,0.0,0.0,78.45459884243057,93.52387930672191,1483.677406444923,0.0,0.0,234.59495395891714,281.22741718263026,3689.9662011472425,0.0,0.0,25.404944778594328,30.583802449894664,338.6563664861759,0.0,0.0,113.92673637660926,136.93630680899066,1620.3168721170908,35.90458986651724,24.62591897566341,149.08331393194383,178.73666653518664,2886.529329182263,0.0,0.0,135.25949658552444,162.51533073548706,1956.1327845293318,0.0,17.16363039573758,33.28389157010256,22.0,30.0,0.0,17.501018478465345,32.44784934007091,16.0,30.0,0.0,17.160254516438429,33.222692812971938,22.0,30.0,0.0,17.212459646082505,33.029699243539308,16.0,30.0,0.0,14.339130065792944,39.386290696897,12.0,30.0,0.0,17.59759730086478,32.099554951592697,16.0,30.0,0.0,15.97173138332689,35.597791936462808,10.0,30.0,0.0,14.758128445174112,38.38187342792029,12.0,30.0,0.0,15.20828580070596,37.308306948847768,12.0,30.0,0.0,15.936826185947743,0.0,0.0,0.0,15.315833420680754,0.0,0.0,483.2491766953806,483.80370148982419,495.1825294844583,505.5447755616665,533.8929720650334,522.422361112396,521.4355911058885,531.2411432185819,529.2071752441649,0.0,80.73785527810762,80.73785527810762,60.0,0.0,60.0,60.0,16.0,16.0,16.0,12.0,12.0,12.0,21.0,10.0,0.0,0.0,0.0,0.0,0.0,0.0,0.0,0.0,0.0,0.0,0.0,0.0,0.0,80.73785527810762,80.73785527810762,0.0,0.0,0.0,80.73785527810762,0.0,0.0,0.00044 
 03/24  11:30:00,8.379999999999999,56.5,6.38,135.0,751.0,0.0,0.0,0.0,0.0,0.0,0.0,0.0,0.0,0.0,0.0,709.0,0.0,1737.0537502636556,79.34235946535019,203.3146175061717,52.08526929135527,1386.3301600865285,0.0,79.34235946535016,108.46702071059777,0.0,0.0,16.957416139286488,79.81208028046604,18.56903498403144,-591.9271952001345,17.179445485229679,-19.38883027557722,17.25141217630705,-144.5635777974544,14.214299367530863,26.12453763404426,18.244932589769755,-278.2715978099777,15.598015004188117,146.2777223198609,14.663490366016017,30.43053587320776,15.292012761233643,24.54264221691892,415.3549292900143,151.98168179262485,0.0,0.0,0.0,0.0,0.0,0.0,0.0,0.0,0.0,0.0,0.0,0.0,0.0,0.0,0.0,0.0,0.0,0.0,0.0,0.0,0.0,0.0,0.7194149519971498,0.21960163369876369,186.54868268188563,222.68834343915465,3308.78224887781,0.0999310736768271,0.01525199537192111,181.44808514785843,216.30174391585426,3350.3407083598415,0.7589686816532079,0.1434181182262298,68.94756148194625,82.3020668350274,1232.937003834483,0.1452046230320397,0.02743851531217681,61.70999571028505,73.68493285330296,1083.7634481773562,0.0,0.0,9.162696000061882,11.043455295518159,112.24471977107683,0.0,0.0,79.88509436026277,95.18044725823049,1501.3325430947282,0.0,0.0,234.37222981515249,280.86933224975959,3633.237451502266,0.0,0.0,26.594924384844825,32.01239439645939,345.3500229084284,0.0,0.0,112.0721292930719,134.6551948777095,1572.1299382004452,36.10122789520079,24.760787308093833,197.8749227605935,237.05029326340847,3659.357728336478,0.0,0.0,134.1716275118211,161.1059829669551,1933.8977974519533,0.0,17.148909111302847,33.15565959616777,22.0,30.0,0.0,17.55167178888506,32.27106414007242,16.0,30.0,0.0,17.158561682373738,33.124014560032687,22.0,30.0,0.0,17.073320281624768,33.25857696774771,16.0,30.0,0.0,14.382608250757269,39.32648272198618,12.0,30.0,0.0,17.707209702193713,31.880647829181514,16.0,30.0,0.0,16.025218572343158,35.504853319018959,10.0,30.0,0.0,14.75243582833979,38.45323456210762,12.0,30.0,0.0,15.278248926009298,37.19221182372114,12.0,30.0,0.0,16.12399970241495,0.0,0.0,0.0,15.459753627017161,0.0,0.0,486.5957745659428,476.66602400504737,504.46939466246956,484.6547239472618,529.4201093176939,520.3665343711755,516.7938975164395,525.7360146261441,523.8797152931421,0.0,80.73785527810762,80.73785527810762,60.0,0.0,60.0,60.0,16.0,16.0,16.0,12.0,12.0,12.0,21.0,10.0,0.0,0.0,0.0,0.0,0.0,0.0,0.0,0.0,0.0,0.0,0.0,0.0,0.0,80.73785527810762,80.73785527810762,0.0,0.0,0.0,80.73785527810762,0.0,0.0,0.00043 
 03/24  11:40:00,8.543333333333333,55.0,6.476666666666667,139.5,732.6666666666667,0.0,0.0,0.0,0.0,0.0,0.0,0.0,0.0,0.0,0.0,709.0,0.0,1791.4851117478389,80.1873589105549,205.47985488266938,53.71736117846196,1429.771184266552,0.0,80.18735891055487,109.62219901561767,0.0,0.0,16.95318490057216,101.12879481652817,18.670109713796508,-606.6471663184902,17.05193418254553,-149.08693545029565,17.270586606263089,-18.17941168357538,14.249333300410152,26.74819343708475,18.375097007356169,-291.1374878638194,15.631630538292019,152.63098528239699,14.650829126712705,39.361291422661569,15.340148341417777,37.31044801929829,431.4459256741702,128.51300232653558,0.0,0.0,0.0,0.0,0.0,0.0,0.0,0.0,0.0,0.0,0.0,0.0,0.0,0.0,0.0,0.0,0.0,0.0,0.0,0.0,0.0,0.0,0.6782151365140138,0.20702537744628017,204.4166994922525,243.95985207121206,3569.4202445236794,0.08133668003387791,0.012414023204193822,201.18754822645227,239.74920124694885,3673.326278736184,0.7499974295929938,0.1417228702934607,86.19783417136466,102.95352174363552,1474.6913664969587,0.15413250150209888,0.02912556717726735,93.25122644869204,111.30263979672842,1619.2481431030545,0.0,0.0,9.153162609992773,11.028762316326877,109.85697080697232,0.0,0.0,81.40185643930124,96.93798573106888,1520.126848499201,0.0,0.0,233.69242199653736,279.96653012382338,3569.4606232142498,0.0,0.0,27.563337567906964,33.17303010541429,348.959054028118,0.0,0.0,110.41131637066745,132.60950165206229,1527.3216172031742,36.256248842855409,24.86711168920125,238.89329985075316,286.0595483449311,4267.219241396652,0.0,0.0,133.03834966682195,159.64645562101124,1909.6762207826576,0.0,17.182881552548485,33.01739040092872,22.0,30.0,0.0,17.617117843757119,32.08773026327145,16.0,30.0,0.0,16.95627117002405,33.450436634457428,22.0,30.0,0.0,17.148050797303495,33.12753620573191,16.0,30.0,0.0,14.425596364741335,39.25836814927685,12.0,30.0,0.0,17.815901335945804,31.683404442507837,16.0,30.0,0.0,16.078278832705565,35.369424083997547,10.0,30.0,0.0,14.756510706977915,38.46615851608446,12.0,30.0,0.0,15.34803580139392,37.04083345360513,12.0,30.0,0.0,16.22622119040901,0.0,0.0,0.0,15.598161182567436,0.0,0.0,479.3221069479011,477.1338719293037,481.69368321453279,503.8071791243452,525.1591807690667,515.5839495478563,514.4986952668555,522.6532857960826,521.2154490910016,0.0,80.73785527810762,80.73785527810762,60.0,0.0,60.0,60.0,16.0,16.0,16.0,12.0,12.0,12.0,21.0,10.0,0.0,0.0,0.0,0.0,0.0,0.0,0.0,0.0,0.0,0.0,0.0,0.0,0.0,80.73785527810762,80.73785527810762,0.0,0.0,0.0,80.73785527810762,0.0,0.0,0.00042000000000000007 
 03/24  11:50:00,8.706666666666667,53.5,6.573333333333333,144.0,714.3333333333334,0.0,0.0,0.0,0.0,0.0,0.0,0.0,0.0,0.0,0.0,709.0,0.0,1838.848987105138,80.98436245102767,207.5220984670641,55.13753719234567,1467.5717150222366,0.0,80.98436245102762,110.71176328007128,0.0,0.0,16.96644213450182,121.42416803972901,18.755890492564075,-650.5843976571059,17.073209261327557,23.377543500209869,17.175768777769478,-176.42364233861646,14.285106386247453,27.475154193234347,18.50233240468036,-304.0809834903298,15.671235945091237,161.31638729745829,14.645151193708685,48.21151706895478,15.388604093786267,48.54351672071516,430.10645872472198,107.07354085623592,0.0,0.0,0.0,0.0,0.0,0.0,0.0,0.0,0.0,0.0,0.0,0.0,0.0,0.0,0.0,0.0,0.0,0.0,0.0,0.0,0.0,0.0,0.6817200267820737,0.20809524627047427,228.1495574920165,272.19379906747147,3933.4546168335989,0.05875980397008484,0.008968224049158249,225.86974869996519,269.1013976579632,4064.623217385666,0.781521778588891,0.14767985234106036,254.04491510379175,303.26796243957616,4293.07661408788,0.1429972703296861,0.027021404068345815,116.67920204725847,139.34212325011499,1944.2305341935474,0.0,0.0,9.184956934235548,11.06389172489178,107.96000864829674,0.0,0.0,82.92402108099098,98.70160415506442,1538.2714923939853,0.0,0.0,233.4549619267483,279.58402227143406,3517.128188846978,0.0,0.0,28.63100046074554,34.451734772712679,353.6308918972792,0.0,0.0,108.38324276003707,130.1248728398966,1477.881330152421,36.4140485189103,24.975341919691574,296.1728759292279,354.55234427287078,5076.705959073098,0.0,0.0,131.75059913006036,158.00825855362877,1881.6214158495985,0.0,17.24263556139583,32.84371779895338,22.0,30.0,0.0,17.65344850822988,31.852074651022485,16.0,30.0,0.0,17.067549969990635,33.26279570952768,22.0,30.0,0.0,16.963137860651427,33.28627870054538,16.0,30.0,0.0,14.468533197301465,39.17361509083636,12.0,30.0,0.0,17.92213500608227,31.461626079005744,16.0,30.0,0.0,16.141009165014009,35.22592194078203,10.0,30.0,0.0,14.768772511626864,38.463524485158568,12.0,30.0,0.0,15.416487861219498,36.899454905786779,12.0,30.0,0.0,16.270757555857153,0.0,0.0,0.0,15.729775861407543,0.0,0.0,479.2997296258158,477.32383749862188,491.214195274858,479.8006429628921,521.4061025083679,513.0329773989133,510.13939502418926,518.5203325817403,517.2141764183062,0.0,80.73785527810762,80.73785527810762,60.0,0.0,60.0,60.0,16.0,16.0,16.0,12.0,12.0,12.0,21.0,10.0,0.0,0.0,0.0,0.0,0.0,0.0,0.0,0.0,0.0,0.0,0.0,0.0,0.0,80.73785527810762,80.73785527810762,0.0,0.0,0.0,80.73785527810762,0.0,0.0,0.00043333333333333337 
 03/24  12:00:00,8.87,52.0,6.67,148.5,696.0,0.0,0.0,0.0,0.0,0.0,0.0,0.0,0.0,0.0,0.0,709.0,0.0,1879.3274981112934,81.74035070333214,209.4592361200897,56.35125822054897,1499.877102397703,0.0,81.7403507033321,111.74525653603487,0.0,0.0,16.96545468724559,122.98039126286767,18.857184920085844,-645.8457108193761,17.0681933154154,13.696651556541838,17.2071864335066,-16.84465502908688,14.321894171833554,28.463312482887319,18.627056145933226,-315.16797901135399,15.71524590649281,169.0168094843193,14.64489411664373,56.2817402297095,15.437539389217938,59.28811581908076,352.87865338937629,89.95004147694454,0.0,0.0,0.0,0.0,0.0,0.0,0.0,0.0,0.0,0.0,0.0,0.0,0.0,0.0,0.0,0.0,0.0,0.0,0.0,0.0,0.0,0.0,0.6307101720786496,0.19252447255148034,221.0047728309712,263.6222702980512,3746.0531424441867,0.050403238048240598,0.007692801899914621,219.4954471475262,261.40855975804626,3909.5632199348294,0.766182230056238,0.1447812226107782,143.69526019439364,171.4990253800985,2394.3539320480779,0.1639169282411945,0.030974476236053373,118.10345439053484,140.968917525286,1953.1003282635609,0.0,0.0,9.272045631469286,11.165585896585576,106.69484532698306,0.0,0.0,83.91555617282516,99.83250646807365,1546.111099863927,0.0,0.0,234.52001643048249,280.75502429166547,3487.2563360616966,0.0,0.0,29.39544237144595,35.36467881407828,354.31673733270568,0.0,0.0,107.97413547075962,129.58606668464319,1450.864918787563,36.577253173102587,25.08727926824595,180.84393504483774,216.6277635984971,3158.831145890074,0.0,0.0,131.70354527767808,157.86038437891529,1870.6474206239023,0.0,17.264970205120535,32.64065042752289,22.0,30.0,0.0,17.729128412500495,31.61412248834239,16.0,30.0,0.0,17.09744783116203,33.1274572890137,22.0,30.0,0.0,17.06673873220914,33.24374613983507,16.0,30.0,0.0,14.512017020124759,39.07666933296509,12.0,30.0,0.0,18.027386644777797,31.244064468473949,16.0,30.0,0.0,16.21018698192659,35.065023004188187,10.0,30.0,0.0,14.786549360675523,38.416702515644029,12.0,30.0,0.0,15.484250571597883,36.731437894569868,12.0,30.0,0.0,16.065773861529239,0.0,0.0,0.0,15.858516929634066,0.0,0.0,479.2943644900691,474.78911468432866,480.801062573611,491.8273823127662,517.5969433452336,509.1030640733461,507.36778369379217,515.5940192768356,514.3468210961381,0.0,80.73785527810762,80.73785527810762,60.0,0.0,60.0,60.0,16.0,16.0,16.0,12.0,12.0,12.0,21.0,10.0,0.0,0.0,0.0,0.0,0.0,0.0,0.0,0.0,0.0,0.0,0.0,0.0,0.0,80.73785527810762,80.73785527810762,0.0,0.0,0.0,80.73785527810762,0.0,0.0,0.0004466666666666666 
 03/24  12:10:00,8.98,51.333333333333339,6.678333333333334,153.0,677.6666666666666,0.0,0.0,0.0,0.0,0.0,0.0,0.0,0.0,0.0,0.0,709.0,0.0,1913.0883211528154,82.4621909167689,211.30886521898376,57.36355201523434,1526.8211677540385,0.0,82.46219091676888,112.73206683394113,0.0,0.0,16.983954680708068,142.43447605495749,18.895161467645829,-757.1087791507389,17.054398732890499,15.73469480185122,17.237674639778314,-19.375155785048265,14.359476193463273,29.215625048718154,18.749991814743539,-324.18733509694496,15.754518881815548,172.49115432064446,14.649239522224207,64.03301795824598,15.486977485401834,69.53664662125766,377.35198194431998,75.70702109417016,0.0,0.0,0.0,0.0,0.0,0.0,0.0,0.0,0.0,0.0,0.0,0.0,0.0,0.0,0.0,0.0,0.0,0.0,0.0,0.0,0.0,0.0,0.6366083801536538,0.19432490236680523,234.01014962884785,279.0436523269929,3939.8876080637176,0.04096404833162354,0.006252144128758171,233.06169425187245,277.5895598528577,4075.549964621767,0.758687523122364,0.14336498925214745,137.99853837631347,164.67492971565435,2271.4464283707186,0.15357096728571896,0.02901945715905497,68.86956646708878,82.17491513904801,1132.5529410000618,0.0,0.0,9.264120057690745,11.15269626382833,105.32209845845219,0.0,0.0,84.8957237550316,100.9472834807697,1562.636139289706,0.0,0.0,234.83843776223376,281.04203250413607,3465.496785604641,0.0,0.0,30.059621307249043,36.15561616932051,356.8920040755531,0.0,0.0,107.77260319960074,129.2950689970868,1438.2899602112873,36.61332391386019,25.112019145308783,194.50337070404096,232.8695092928546,3353.729557859054,0.0,0.0,132.02591965520188,158.15529779312809,1878.104091868865,0.0,17.32264312598612,32.43708552641994,22.0,30.0,0.0,17.677911298347057,31.427425909429958,16.0,30.0,0.0,17.107444034934063,32.95612544228788,22.0,30.0,0.0,17.12702143079,33.053458290900248,16.0,30.0,0.0,14.55559965640539,38.97212515931044,12.0,30.0,0.0,18.133058242560759,31.026406436478216,16.0,30.0,0.0,16.266842419830497,34.89433918562314,10.0,30.0,0.0,14.808862758873746,38.35775227808875,12.0,30.0,0.0,15.551541203491198,36.56900053008894,12.0,30.0,0.0,16.17069077681632,0.0,0.0,0.0,15.98336560115084,0.0,0.0,476.580064166615,471.57001190186807,480.5862737421334,484.22247460315807,514.0368445364451,506.12968137784818,504.99188873449648,511.6688256195556,510.4685595162057,0.0,80.73785527810762,80.73785527810762,60.0,0.0,60.0,60.0,16.0,16.0,16.0,12.0,12.0,12.0,21.0,10.0,0.0,0.0,0.0,0.0,0.0,0.0,0.0,0.0,0.0,0.0,0.0,0.0,0.0,80.73785527810762,80.73785527810762,0.0,0.0,0.0,80.73785527810762,0.0,0.0,0.00046 
 03/24  12:20:00,9.09,50.66666666666667,6.686666666666667,157.5,659.3333333333334,0.0,0.0,0.0,0.0,0.0,0.0,0.0,0.0,0.0,0.0,709.0,0.0,1940.2861233487316,83.15657061794104,213.08812262400844,58.179056254332099,1548.5273499198859,0.0,83.156570617941,113.68133652966967,0.0,0.0,16.953586623906554,118.96063345101993,19.007993456759345,-664.4226421232779,17.04507091078135,29.042036233756336,17.259072802841986,-17.84113709542123,14.39802841997642,30.17794505952247,18.86703101322296,-337.05572611582968,15.800453513473558,180.26353390913119,14.657607974184913,71.42360239228595,15.536279595165678,78.2825738501815,341.10352724960469,60.31851752977309,0.0,0.0,0.0,0.0,0.0,0.0,0.0,0.0,0.0,0.0,0.0,0.0,0.0,0.0,0.0,0.0,0.0,0.0,0.0,0.0,0.0,0.0,0.6169008226128266,0.18830916441172977,203.8395910380227,243.0840321048296,3368.3362028903995,0.059289699963389449,0.00904909950601182,202.2104242755659,240.7049697644643,3539.7396601428847,0.7463649514433048,0.14103646096812268,156.79742042380853,187.07235091576445,2548.674019366364,0.14904503080085966,0.028164215948764099,21.60597758122391,25.773148702947016,353.84025134142049,0.0,0.0,9.374997320249844,11.282801577193425,105.29668636825535,0.0,0.0,85.88357383543081,102.0733539546805,1578.0629938249447,0.0,0.0,235.21054508960385,281.3805306761217,3449.982960186102,0.0,0.0,30.65111414551689,36.858329606900699,358.6058301160387,0.0,0.0,106.46069987666054,127.67360340588852,1410.6770855169173,36.606568450798167,25.10738576872303,163.5673941318478,195.862372198021,2829.587678256791,0.0,0.0,131.07366206281379,156.92998870658256,1864.9543369148319,0.0,17.275444861234758,32.256168675221768,22.0,30.0,0.0,17.800908978633186,31.218393623221404,16.0,30.0,0.0,17.123534066148897,32.85406353123302,22.0,30.0,0.0,17.16806485922713,32.884366717271287,16.0,30.0,0.0,14.59972904993639,38.850279342818989,12.0,30.0,0.0,18.231514321676476,30.788012788758686,16.0,30.0,0.0,16.335406049086449,34.71607378962515,10.0,30.0,0.0,14.834883657221397,38.28737024751205,12.0,30.0,0.0,15.617098744781,36.40402173524381,12.0,30.0,0.0,16.094081573017495,0.0,0.0,0.0,16.098709475783055,0.0,0.0,473.6767799903698,474.1370756956453,478.297587912723,485.6304120878186,510.8401604839412,503.66519565966777,501.59067463577216,508.51037214016369,507.5600200253935,0.0,80.73785527810762,80.73785527810762,60.0,0.0,60.0,60.0,16.0,16.0,16.0,12.0,12.0,12.0,21.0,10.0,0.0,0.0,0.0,0.0,0.0,0.0,0.0,0.0,0.0,0.0,0.0,0.0,0.0,80.73785527810762,80.73785527810762,0.0,0.0,0.0,80.73785527810762,0.0,0.0,0.00046 
 03/24  12:30:00,9.2,50.0,6.695,162.0,641.0,0.0,0.0,0.0,0.0,0.0,0.0,0.0,0.0,0.0,0.0,709.0,0.0,1961.0664442013929,83.82993216348229,214.81351697206319,58.80213493058666,1565.1118030916189,0.0,83.82993216348224,114.60187281316446,0.0,0.0,16.996309586133568,164.5104701317432,19.03054321782855,-813.0391873186354,17.02233037613395,18.762793128535124,17.237415135057654,-74.54860424759477,14.436704596197803,30.438586881915798,18.981598906796884,-343.8890474317909,15.834192194713415,179.63975920766917,14.668719033207133,77.74079164815373,15.585576834256269,86.54936583851213,405.1293639755959,48.636049737777288,0.0,0.0,0.0,0.0,0.0,0.0,0.0,0.0,0.0,0.0,0.0,0.0,0.0,0.0,0.0,0.0,0.0,0.0,0.0,0.0,0.0,0.0,0.6317990963288671,0.1928568670112537,246.70484694111594,294.05218542564878,4069.538481869714,0.026644317168368987,0.0040665929744152918,247.20614645771426,294.30900551318947,4236.121070641491,0.7213283497284218,0.13630543267732843,161.31926530951504,192.45490943364067,2580.837405901922,0.14234025121224692,0.026897250795965018,40.547387891906108,48.37177843634618,648.9755479914176,0.0,0.0,9.239102059212247,11.115985274911259,102.4833430212495,0.0,0.0,86.92143306842898,103.25680883121027,1594.5553501683924,0.0,0.0,234.11420795743994,279.99055883196248,3401.1398628102867,0.0,0.0,31.000156739408287,37.269222129628428,357.4159944641716,0.0,0.0,106.33266931897141,127.47366642278979,1398.650846386567,36.62761492119203,25.121820933602224,238.8175297118344,285.69127709794295,3962.391856075223,0.0,0.0,131.2505004487266,157.05727460683083,1867.599808336485,0.0,17.37904311051926,32.07072891563531,22.0,30.0,0.0,17.727839604578347,31.162051166470908,16.0,30.0,0.0,17.10994287916076,32.69682016327424,22.0,30.0,0.0,17.12132581136143,32.632877186495829,16.0,30.0,0.0,14.642748093231948,38.72304403462207,12.0,30.0,0.0,18.33120286431788,30.57213968210082,16.0,30.0,0.0,16.378209190228707,34.539682227839488,10.0,30.0,0.0,14.862422483381345,38.18323297136067,12.0,30.0,0.0,15.681497655700483,36.21690810309819,12.0,30.0,0.0,16.334697201277707,0.0,0.0,0.0,16.213018896054796,0.0,0.0,475.45213602923629,469.4803382423268,477.6041836343868,477.96215127886276,507.71684883326437,500.47069418794026,499.1584596593249,505.91405934118458,504.9592731041343,0.0,80.73785527810762,80.73785527810762,60.0,0.0,60.0,60.0,16.0,16.0,16.0,12.0,12.0,12.0,21.0,10.0,0.0,0.0,0.0,0.0,0.0,0.0,0.0,0.0,0.0,0.0,0.0,0.0,0.0,80.73785527810762,80.73785527810762,0.0,0.0,0.0,80.73785527810762,0.0,0.0,0.00046 
 03/24  12:40:00,9.309999999999999,49.333333333333339,6.703333333333333,170.0,605.1666666666667,0.0,0.0,0.0,0.0,0.0,0.0,0.0,0.0,0.0,0.0,709.0,0.0,1942.4033222022479,84.88991679925738,217.52955397795527,58.242514357172257,1550.2167907385693,0.0,84.88991679925734,116.05095217274342,0.0,0.0,16.95853094258316,123.62939650574572,19.154737296600197,-646.4313776861927,17.021744693082306,48.53439949663334,17.25691167627653,-14.60739364240294,14.473338433488415,31.520983563560607,19.071960824318823,-356.9630661483302,15.88672271419517,191.58381228097006,14.683353069821429,84.50007719434757,15.634198330092714,92.79655176476581,328.49371479134427,33.75916728048378,0.0,0.0,0.0,0.0,0.0,0.0,0.0,0.0,0.0,0.0,0.0,0.0,0.0,0.0,0.0,0.0,0.0,0.0,0.0,0.0,0.0,0.0,0.5708419328965757,0.17424967426635402,206.1849544445585,245.78960296177659,3326.595985319714,0.046898117643964638,0.007157832363242466,203.02591557406729,241.52039326898433,3508.227929691565,0.7424705452340312,0.14030055654460159,162.16198658849516,193.4151739846632,2567.4587802812968,0.15255440284145059,0.028827362592866693,10.964558633785794,13.07627712011347,175.83554270381007,0.0,0.0,9.431271838886675,11.343993578840934,103.25769962777606,0.0,0.0,87.93659032488339,104.42040717464546,1607.1268817969934,0.0,0.0,234.8167041456945,280.7132597903549,3395.5420334499565,0.0,0.0,31.57235147978415,37.947671996542037,358.8519407223472,0.0,0.0,104.30769927282876,125.00184426401653,1361.3017666872545,36.59321434142472,25.0982265716219,167.03303540149234,199.93427901918933,2804.112455249144,0.0,0.0,129.4119910061555,154.78273410327493,1838.107531464573,0.0,17.30729469025465,32.02391026126857,22.0,30.0,0.0,17.915134479696574,30.777726857791018,16.0,30.0,0.0,17.1391292874088,32.56045472337094,22.0,30.0,0.0,17.167787525788648,32.567445958654,16.0,30.0,0.0,14.683414402427129,38.58075019899033,12.0,30.0,0.0,18.410713700799535,30.349918209653148,16.0,30.0,0.0,16.45788293488205,34.3414141418557,10.0,30.0,0.0,14.893259132245902,38.0754185805084,12.0,30.0,0.0,15.743045512788143,36.03695610773238,12.0,30.0,0.0,16.136564275560969,0.0,0.0,0.0,16.313763189437326,0.0,0.0,471.26746392784727,469.3181197434101,476.40241567462285,481.2653069896911,504.70711444159186,497.99453227469709,497.02427392197628,502.7367982620447,501.8351467777649,0.0,80.73785527810762,80.73785527810762,60.0,0.0,60.0,60.0,16.0,16.0,16.0,12.0,12.0,12.0,21.0,10.0,0.0,0.0,0.0,0.0,0.0,0.0,0.0,0.0,0.0,0.0,0.0,0.0,0.0,80.73785527810762,80.73785527810762,0.0,0.0,0.0,80.73785527810762,0.0,0.0,0.00046 
 03/24  12:50:00,9.42,48.666666666666667,6.711666666666666,178.0,569.3333333333334,0.0,0.0,0.0,0.0,0.0,0.0,0.0,0.0,0.0,0.0,709.0,0.0,1885.7271193635675,83.73674880724872,214.57450856689088,56.54309108480314,1504.983954924095,0.0,83.73674880724868,114.47448410051995,0.0,0.0,17.03516659410147,191.77374535548916,19.108470723775996,-868.9404014472584,16.99743921240398,28.29228698026145,17.27206334930724,-18.96347633388541,14.505203712986372,31.737247112897025,19.144048736621494,-354.4550020429997,15.915968926661704,185.94561800312659,14.698762600883513,89.77188859186276,15.682287459624556,100.73226327854354,390.69082576656367,27.666458269010947,0.0,0.0,0.0,0.0,0.0,0.0,0.0,0.0,0.0,0.0,0.0,0.0,0.0,0.0,0.0,0.0,0.0,0.0,0.0,0.0,0.0,0.0,0.603862680029969,0.18432926740841547,264.0043293979089,314.49063628691047,4284.172257734776,0.0,0.0,266.29473226542856,316.92386015229456,4459.826263271337,0.7239049310746791,0.13679231501789106,154.4368845375889,184.1947669487884,2403.477515677176,0.1441958636161164,0.027247895619069604,20.714045874760218,24.69772122191787,326.37103693715286,0.0,0.0,9.213243800293006,11.07889938427844,99.41393130286149,0.0,0.0,88.3978590624517,104.92606219885889,1608.833080994767,0.0,0.0,234.08453844279658,279.7713930067098,3346.5347243336439,0.0,0.0,31.85364367518814,38.27654695691085,356.81878645842547,0.0,0.0,105.64338901598761,126.55834832752235,1367.9216402498253,36.62140020489302,25.117558439569984,231.18475805694673,276.46445109270976,3748.3413100065065,0.0,0.0,131.10486955620326,156.729098373049,1859.5288747014504,0.0,17.473373897506098,31.660971485592655,22.0,30.0,0.0,17.758832543042329,30.84756863415383,16.0,30.0,0.0,17.11534218909509,32.453855562795848,22.0,30.0,0.0,17.1954093697933,32.45908190480398,16.0,30.0,0.0,14.716909038541328,38.45656165083873,12.0,30.0,0.0,18.48644714716653,30.176378029839904,16.0,30.0,0.0,16.488308542472539,34.19728284182232,10.0,30.0,0.0,14.92369442892726,37.92772339402219,12.0,30.0,0.0,15.804747566472276,35.82768591149484,12.0,30.0,0.0,16.36477888176743,0.0,0.0,0.0,16.41739947911611,0.0,0.0,470.48859418314125,467.34362949242748,473.4991158082131,480.60101519891085,502.0518112203153,495.60030380547047,494.3005178134639,500.0804455652325,499.3268286906183,0.0,80.73785527810762,80.73785527810762,60.0,0.0,60.0,60.0,16.0,16.0,16.0,12.0,12.0,12.0,21.0,10.0,0.0,0.0,0.0,0.0,0.0,0.0,0.0,0.0,0.0,0.0,0.0,0.0,0.0,80.73785527810762,80.73785527810762,0.0,0.0,0.0,80.73785527810762,0.0,0.0,0.00046666666666666666 
 03/24  13:00:00,9.53,48.0,6.72,186.0,533.5,0.0,0.0,0.0,0.0,0.0,0.0,0.0,0.0,0.0,0.0,709.0,0.0,1854.190277554161,84.53511336412845,216.6201531552247,55.597457968906557,1479.814560521388,0.0,84.5351133641284,115.56590897758703,0.0,0.0,16.922288650372658,86.33516186503948,19.23717261882888,-608.9617779475057,17.014559186230373,78.9829269651309,17.243824321128224,-80.02002825272575,14.538202670137772,33.13965671998011,19.20567676985078,-365.1901935107667,15.971550275957373,199.9634440598502,14.717191864662471,95.9709678301574,15.729175647275316,104.38054444835189,364.07961553834596,16.666365378278898,0.0,0.0,0.0,0.0,0.0,0.0,0.0,0.0,0.0,0.0,0.0,0.0,0.0,0.0,0.0,0.0,0.0,0.0,0.0,0.0,0.0,0.0,0.5312442455361806,0.16216246811238725,223.48384767811164,266.4082753755642,3474.488775085562,0.04857453463126832,0.007413695761793089,185.17930108734758,220.17402713049007,3146.9740705639649,0.7422255109282986,0.14025425376574053,232.20506629209869,276.8511558302661,3583.3362907839257,0.14685460115734115,0.027750302561855838,54.65331795672369,65.1729592761844,838.5021596917067,0.0,0.0,9.516395879803495,11.440508313109098,101.18761603679487,0.0,0.0,88.84892566551686,105.42775665164914,1606.6129041937005,0.0,0.0,234.81907388970803,280.53014434927555,3342.94361647001,0.0,0.0,32.413578751364777,38.939454871613978,357.9329461455944,0.0,0.0,102.85121793564122,123.17184299199775,1320.2812990173925,36.631664205345277,25.12459822040143,228.0260251560599,272.6908298762916,3623.6629582066327,0.0,0.0,128.48024005320677,153.53160181708936,1812.2780669738727,0.0,17.239696840836527,31.903474818938827,22.0,30.0,0.0,17.997582896915465,30.36870811154364,16.0,30.0,0.0,17.174531792967949,32.3200836326744,22.0,30.0,0.0,17.132950001994119,32.240825029171258,16.0,30.0,0.0,14.750744220407987,38.319138852114807,12.0,30.0,0.0,18.54086014080399,30.00621375686041,16.0,30.0,0.0,16.571624094200627,33.96048732496534,10.0,30.0,0.0,14.956630032879005,37.80671923539123,12.0,30.0,0.0,15.861686126467113,35.65659000370231,12.0,30.0,0.0,16.323846281094246,0.0,0.0,0.0,16.491546764427626,0.0,0.0,468.7724791402837,467.1643406043728,473.4666629281457,472.37566269347118,499.3576107010984,493.2638950964285,491.74608107963589,497.78871944601516,497.0331176955358,0.0,80.73785527810762,80.73785527810762,60.0,0.0,60.0,60.0,16.0,16.0,16.0,12.0,12.0,12.0,21.0,10.0,0.0,0.0,0.0,0.0,0.0,0.0,0.0,0.0,0.0,0.0,0.0,0.0,0.0,80.73785527810762,80.73785527810762,0.0,0.0,0.0,80.73785527810762,0.0,0.0,0.0004733333333333333 
 03/24  13:10:00,9.593333333333334,48.0,6.793333333333333,194.0,497.6666666666667,0.0,0.0,0.0,0.0,0.0,0.0,0.0,0.0,0.0,0.0,1418.0,0.0,1815.8825648023847,85.3101040465114,218.60590203581269,54.44880363742557,1449.2414067756122,0.0,85.31010404651137,116.62537999613245,0.0,0.0,17.01901235395414,213.64491789762543,19.221231704860676,-799.2351107717209,16.989802364052097,42.693403613007607,17.26036291879555,-10.939815241175893,14.566278545850726,33.425066768078099,19.25608970146768,-356.69693517097178,15.9957769729371,197.1219440104519,14.733212848064694,102.22559775952192,15.77125956376746,116.4469208172136,364.2008930215179,16.367681058511154,0.0,0.0,0.0,0.0,0.0,0.0,0.0,0.0,0.0,0.0,0.0,0.0,0.0,0.0,0.0,0.0,0.0,0.0,0.0,0.0,0.0,0.0,0.5597661970368422,0.1708688025142986,256.04081314442319,305.50046374446029,4053.432606258727,0.006396533370124849,0.0009762718818871871,259.3287686508901,308.95286857637395,4324.6586361628119,0.7189505876699824,0.13585612011904436,157.201554599153,187.6447697680407,2399.2042845979697,0.14584852294801685,0.027560189521545127,52.081741350890478,62.24234593592327,795.7946784441442,0.0,0.0,9.241996692313777,11.125970652611434,97.48908092157072,0.0,0.0,89.2630607673544,106.06020305303955,1610.387876099802,0.0,0.0,232.20834927031027,277.80697983437656,3283.8671816915486,0.0,0.0,32.54283459843866,39.14937059841942,356.7182624592548,0.0,0.0,103.11089932282042,123.65085836192537,1319.607041717886,36.75905465513257,25.21197164275212,222.18588001109766,266.1305567195538,3526.1008577720806,0.0,0.0,128.94187582749857,154.27301164303595,1822.5453247186625,0.0,17.45319379735384,31.404487381108639,22.0,30.0,0.0,17.909370731376805,30.383959691083068,16.0,30.0,0.0,17.14132818693843,32.14124200364026,22.0,30.0,0.0,17.173836093341614,32.260379201621478,16.0,30.0,0.0,14.774573860819729,38.20777321497811,12.0,30.0,0.0,18.588134810033489,29.844481000046899,16.0,30.0,0.0,16.591113537097493,33.81352939367856,10.0,30.0,0.0,14.982277926872396,37.67048993001022,12.0,30.0,0.0,15.909379961678248,35.46692788205323,12.0,30.0,0.0,16.341419488529608,0.0,0.0,0.0,16.573896814732885,0.0,0.0,467.7043624166384,465.30688398110336,469.96656831790667,474.03191708265975,497.1829987429053,490.28175375813148,489.06139761049107,495.032350834773,493.9256663255186,0.0,80.73785527810762,80.73785527810762,60.0,0.0,60.0,60.0,16.0,16.0,16.0,12.0,12.0,12.0,21.0,10.0,0.0,0.0,0.0,0.0,0.0,0.0,0.0,0.0,0.0,0.0,0.0,0.0,0.0,80.73785527810762,80.73785527810762,0.0,0.0,0.0,80.73785527810762,0.0,0.0,0.00048 
 03/24  13:20:00,9.656666666666667,48.0,6.866666666666667,202.0,461.8333333333333,0.0,0.0,0.0,0.0,0.0,0.0,0.0,0.0,0.0,0.0,709.0,0.0,1771.2617957848025,86.0676709499302,220.5470029055894,53.11085555587377,1413.6298719555885,0.0,86.06767094993016,117.66103138785437,0.0,0.0,17.044365661602649,178.21664937088463,19.21300755736425,-801.1285548582227,16.991199268825818,68.23119342789141,17.28702768279174,-11.209079629168287,14.600779293272364,33.95982853924005,19.307187599192145,-359.71490528127108,16.039605948788965,196.05610271021579,14.75664339542825,103.72322097571555,15.822302118000561,111.39230891136185,358.20745760844059,10.800052686705385,0.0,0.0,0.0,0.0,0.0,0.0,0.0,0.0,0.0,0.0,0.0,0.0,0.0,0.0,0.0,0.0,0.0,0.0,0.0,0.0,0.0,0.0,0.5394677780665955,0.16467270392753223,241.46457235002317,287.53520836279429,3810.6617780662779,0.0,0.0,243.8368829205466,289.98077809833998,4024.8528232780147,0.7336845536767791,0.1386403162654534,186.79373446620617,222.67872172665146,2831.7977874028886,0.147176746981606,0.027811176678308,21.088764234583257,25.134125722916495,323.01665672100997,0.0,0.0,9.35425637308333,11.240760143795482,98.16632317140263,0.0,0.0,89.04023360014216,105.59446599896572,1605.40332254563,0.0,0.0,233.02336385285165,278.25379134246989,3291.976362782682,0.0,0.0,32.937557292725987,39.55180738990816,359.3194761482025,0.0,0.0,102.85353408723988,123.10103931943707,1316.3328666055252,36.93134605733183,25.330141328759838,204.979495436985,245.07645958798316,3253.066435136712,0.0,0.0,128.94862655170614,153.98060496355223,1822.9694268206418,0.0,17.492607753289066,31.1628790019154,22.0,30.0,0.0,17.882049038484469,30.253497271122755,16.0,30.0,0.0,17.1626470189654,31.989624450459094,22.0,30.0,0.0,17.218826438112769,32.10567642700736,16.0,30.0,0.0,14.811408135957548,38.01348116182153,12.0,30.0,0.0,18.646848894009719,29.634785455047607,16.0,30.0,0.0,16.64779121488576,33.603117130238739,10.0,30.0,0.0,15.0199130916224,37.46752855017541,12.0,30.0,0.0,15.97322772652212,35.220792301635437,12.0,30.0,0.0,16.331145990847838,0.0,0.0,0.0,16.639244148887874,0.0,0.0,465.53790928371628,462.3651723165087,468.77705111824818,474.2596406707425,493.4738231315698,486.8412435006246,486.4935978401243,491.540956543486,490.73364491067187,0.0,80.73785527810762,80.73785527810762,60.0,0.0,60.0,60.0,16.0,16.0,16.0,12.0,12.0,12.0,21.0,10.0,0.0,0.0,0.0,0.0,0.0,0.0,0.0,0.0,0.0,0.0,0.0,0.0,0.0,80.73785527810762,80.73785527810762,0.0,0.0,0.0,80.73785527810762,0.0,0.0,0.00048 
 03/24  13:30:00,9.719999999999999,48.0,6.9399999999999999,210.0,426.0,0.0,0.0,0.0,0.0,0.0,0.0,0.0,0.0,0.0,0.0,709.0,0.0,1720.782562518767,86.81257437827623,222.45565468184146,51.59724455922084,1373.3427623528112,0.0,86.81257437827618,118.67937084907355,0.0,0.0,17.021391027626927,150.2078294435796,19.24763138767374,-707.8711880182918,16.99445642702245,81.91322980278983,17.27376036685125,-58.85367422778177,14.630785827954356,34.559281481659358,19.33991631725135,-361.8259072765268,16.077232827028817,199.65786391749863,14.776021712447705,106.96606308936339,15.86350635358022,111.99663560732961,351.10858087023646,6.056361621020187,0.0,0.0,0.0,0.0,0.0,0.0,0.0,0.0,0.0,0.0,0.0,0.0,0.0,0.0,0.0,0.0,0.0,0.0,0.0,0.0,0.0,0.0,0.5142476740820894,0.1569742594878173,216.59426415202575,257.94258376736766,3367.52530218796,0.016657142357483117,0.0025422988946097555,216.38951523596217,257.2413512956239,3576.066545879939,0.720158762201241,0.13608442218466389,214.58582105967148,255.76353410812184,3232.6250843478007,0.14346384794017875,0.02710957066140943,42.13650573740009,50.22247678415298,634.6496374502358,0.0,0.0,9.441905240567449,11.34374549345313,98.38919168778428,0.0,0.0,89.143096669012,105.69252452203134,1601.6117889388864,0.0,0.0,232.4089277649554,277.44700538621768,3274.243468031736,0.0,0.0,33.1852223652501,39.841083246549988,359.5641782686213,0.0,0.0,101.38942959070066,121.31654552852725,1293.5924804338193,37.087102300097367,25.43697002750163,207.9072380123473,248.5532512893758,3259.9545771476425,0.0,0.0,127.61490079896412,152.3432120972217,1800.902373856444,0.0,17.438230808309215,31.15049574790163,22.0,30.0,0.0,17.957730218528348,30.100001671717409,16.0,30.0,0.0,17.184393818325114,31.864908087453754,22.0,30.0,0.0,17.18262965727643,31.87584124592297,16.0,30.0,0.0,14.839470150848705,37.86410995364416,12.0,30.0,0.0,18.680674572594307,29.516548105532477,16.0,30.0,0.0,16.69376842686992,33.41224564634716,10.0,30.0,0.0,15.047881660191179,37.309009373075,12.0,30.0,0.0,16.018789121309124,35.036823640926538,12.0,30.0,0.0,16.32517025867257,0.0,0.0,0.0,16.692229302814455,0.0,0.0,463.6109435071922,461.73831581558258,467.7976829860393,468.27676571039737,490.95382881126366,485.36142045033776,484.06236321572296,488.771176292465,488.1771234651977,0.0,80.73785527810762,80.73785527810762,60.0,0.0,60.0,60.0,16.0,16.0,16.0,12.0,12.0,12.0,21.0,10.0,0.0,0.0,0.0,0.0,0.0,0.0,0.0,0.0,0.0,0.0,0.0,0.0,0.0,80.73785527810762,80.73785527810762,0.0,0.0,0.0,80.73785527810762,0.0,0.0,0.00048 
 03/24  13:40:00,9.783333333333334,48.0,7.013333333333334,204.16666666666667,417.8333333333333,0.0,0.0,0.0,0.0,0.0,0.0,0.0,0.0,0.0,0.0,709.0,0.0,1703.306484369601,84.68646237326574,217.00750730290444,51.07321819380144,1359.3951309371378,0.0,84.6864623732657,115.7728145475656,0.0,0.0,17.0598967082916,183.68256173024566,19.23512533833312,-792.047513669806,16.976176023998926,62.27703128614485,17.2919124146838,-8.177890483972476,14.662782824768949,34.43553076362082,19.38385812509887,-359.30611513066835,16.102577362707366,195.34757270989668,14.793970936497802,109.01345946292168,15.901797387656967,113.16358994541497,364.4729395533441,5.344456742393049,0.0,0.0,0.0,0.0,0.0,0.0,0.0,0.0,0.0,0.0,0.0,0.0,0.0,0.0,0.0,0.0,0.0,0.0,0.0,0.0,0.0,0.0,0.5235771711862038,0.15982209132668008,246.3799651807609,293.3036406708723,3834.1774099480078,0.0,0.0,249.82123060321488,297.00643989846466,4069.192611574434,0.6999167765021895,0.13225940599058765,159.3118699997768,189.88180010148168,2374.453957494867,0.14588389392466998,0.027566873379567259,11.285200605004763,13.44709901999986,171.0439472275417,0.0,0.0,9.31193505523881,11.185259036748935,96.36551072032242,0.0,0.0,89.1934224935165,105.72659101608656,1597.913390718975,0.0,0.0,230.77747808947653,275.4493568922527,3231.1573962177369,0.0,0.0,33.249110158411919,39.90988382988923,357.6194397715134,0.0,0.0,101.21279097636413,121.0739938045408,1286.7899642523506,37.22343054935795,25.530473627817533,210.69633419080024,251.81136013777064,3294.7065256514968,0.0,0.0,127.5019201155471,152.1669915054356,1794.8981082047299,0.0,17.513602901843897,30.981909893887694,22.0,30.0,0.0,17.902642900902909,30.171481790228474,16.0,30.0,0.0,17.161105379398394,31.72538915381701,22.0,30.0,0.0,17.22425278265848,31.848091732771377,16.0,30.0,0.0,14.868488821929308,37.70891540857973,12.0,30.0,0.0,18.720546369311625,29.364770123133235,16.0,30.0,0.0,16.715227917965217,33.28898555439025,10.0,30.0,0.0,15.073181463860524,37.17667551287871,12.0,30.0,0.0,16.061568890726169,34.87144431920618,12.0,30.0,0.0,16.382272047003505,0.0,0.0,0.0,16.74041987326456,0.0,0.0,462.6820972796937,461.4606907488712,464.4332423435961,470.27268326128697,488.60816611999726,482.97488015295149,482.1399988978864,487.03556026685876,486.4356618713177,0.0,80.73785527810762,80.73785527810762,60.0,0.0,60.0,60.0,16.0,16.0,16.0,12.0,12.0,12.0,21.0,10.0,0.0,0.0,0.0,0.0,0.0,0.0,0.0,0.0,0.0,0.0,0.0,0.0,0.0,80.73785527810762,80.73785527810762,0.0,0.0,0.0,80.73785527810762,0.0,0.0,0.00048 
 03/24  13:50:00,9.846666666666668,48.0,7.086666666666666,198.33333333333335,409.6666666666667,0.0,0.0,0.0,0.0,0.0,0.0,0.0,0.0,0.0,0.0,709.0,0.0,1682.3125304290657,82.53374291720538,211.4911777824186,50.443709875523968,1342.6399186110087,0.0,82.53374291720535,112.82988384323511,0.0,0.0,17.031714370545204,146.62295480871217,19.282717371488475,-703.9429569113599,16.98295004376593,92.88911516178178,17.27309337418943,-61.58080490294833,14.696065186204681,34.8794029886422,19.424205755965209,-363.75474888470628,16.140713221940879,200.92724531658406,14.811919483064927,111.47717690580294,15.936600267232683,111.48582175924503,353.62156848315956,2.232620480305741,0.0,0.0,0.0,0.0,0.0,0.0,0.0,0.0,0.0,0.0,0.0,0.0,0.0,0.0,0.0,0.0,0.0,0.0,0.0,0.0,0.0,0.0,0.48544939761756858,0.14818357680633963,223.81163665311565,266.46863559912875,3424.3371272925976,0.0,0.0,218.35458235525085,259.49483183743276,3563.9039581923268,0.7153877641862755,0.13518287305107253,226.12232852246127,269.451078660875,3349.64357190408,0.14247143085734949,0.02692203908869037,46.08770450445851,54.9205354035233,681.9608199237513,0.0,0.0,9.441751091909645,11.33875043134715,97.06797952705795,0.0,0.0,89.34955565911894,105.88786153624717,1595.0602564467097,0.0,0.0,230.21934130098468,274.70816911955355,3215.1086639539237,0.0,0.0,33.52303422653405,40.23094679997553,357.8735039689604,0.0,0.0,99.1259205165413,118.54989038909835,1254.6551945175546,37.38598625536709,25.64196588159609,219.9101376060541,262.8128080388323,3376.459480094313,0.0,0.0,125.51212361257174,149.7579505183231,1759.3655665281754,0.0,17.4455730305891,31.08180718176158,22.0,30.0,0.0,17.98587950946712,29.933200218515034,16.0,30.0,0.0,17.189971376594735,31.69468803867011,22.0,30.0,0.0,17.182179295696668,31.692233907351203,16.0,30.0,0.0,14.899498937393013,37.54567758124706,12.0,30.0,0.0,18.754396673957424,29.239669634198529,16.0,30.0,0.0,16.762794766947839,33.117793261898459,10.0,30.0,0.0,15.097964966424727,37.02341377641561,12.0,30.0,0.0,16.098473495839366,34.70079510259031,12.0,30.0,0.0,16.363368531979245,0.0,0.0,0.0,16.775700361538886,0.0,0.0,462.4098015574004,459.94537495926479,464.73034362907517,464.9791201853844,486.35058821163457,481.2249714800327,480.1769918886587,484.81281469756649,484.22722599289457,0.0,80.73785527810762,80.73785527810762,60.0,0.0,60.0,60.0,16.0,16.0,16.0,12.0,12.0,12.0,21.0,10.0,0.0,0.0,0.0,0.0,0.0,0.0,0.0,0.0,0.0,0.0,0.0,0.0,0.0,80.73785527810762,80.73785527810762,0.0,0.0,0.0,80.73785527810762,0.0,0.0,0.00047666666666666663 
 03/24  14:00:00,9.91,48.0,7.16,192.5,401.5,0.0,0.0,0.0,0.0,0.0,0.0,0.0,0.0,0.0,0.0,709.0,0.0,1657.9760106816166,80.35419225436594,205.9060930051818,49.71397621802282,1323.2170387210923,0.0,80.3541922543659,109.85027284503627,0.0,0.0,17.08131250138706,188.70778724366756,19.2639890874191,-796.3795912853166,16.963313839179649,66.77136472115399,17.29037589817554,-6.8103452884433299,14.729450699887348,34.56597111824709,19.464451634568783,-360.6362112653969,16.162897452714085,194.74860619407355,14.828654109980264,112.49299433113856,15.970269687717959,112.6235183049298,362.9493557990909,5.011131512464999,0.0,0.0,0.0,0.0,0.0,0.0,0.0,0.0,0.0,0.0,0.0,0.0,0.0,0.0,0.0,0.0,0.0,0.0,0.0,0.0,0.0,0.0,0.49786745812945829,0.1519741935682107,249.93862449280503,297.4451077806582,3838.355843252907,0.0,0.0,254.1640906004565,302.0848553268612,4084.4836853147714,0.6848584441728436,0.12941391613243459,161.950813895481,192.98184401317045,2371.503023428771,0.14444897614517439,0.02729572489515766,11.598460646930097,13.817431643624792,172.68757470656383,0.0,0.0,9.291333531849159,11.155718857536538,94.8841572810489,0.0,0.0,89.36638200682319,105.8822718004005,1590.5926988988738,0.0,0.0,229.47751353342756,273.7785019109417,3181.8986334451794,0.0,0.0,33.55790384519855,40.265442674382168,355.34667290698226,0.0,0.0,100.08517948305793,119.66920553894899,1261.0320986325813,37.51786306779856,25.732416370232217,214.75606334807359,256.58139198146656,3300.1829737124396,0.0,0.0,126.56421676116739,150.97834401149076,1766.59804351976,0.0,17.54211411545413,30.80745170879069,22.0,30.0,0.0,17.92307653674583,29.964053048352864,16.0,30.0,0.0,17.16145137261854,31.66563037285977,22.0,30.0,0.0,17.22470784416031,31.675451272532276,16.0,30.0,0.0,14.930131477666493,37.387225124646189,12.0,30.0,0.0,18.79333459157468,29.10064392729268,16.0,30.0,0.0,16.777871414876505,33.02331694436716,10.0,30.0,0.0,15.1196711309259,36.88332335924738,12.0,30.0,0.0,16.134818627766174,34.53931130303038,12.0,30.0,0.0,16.408097010892307,0.0,0.0,0.0,16.811243049262605,0.0,0.0,460.7493164805454,458.0412615645943,463.0971816969137,466.98387832544025,484.23850556278378,479.16844992839739,478.7218393083757,482.80195557191026,482.2410004571471,0.0,80.73785527810762,80.73785527810762,60.0,0.0,60.0,60.0,16.0,16.0,16.0,12.0,12.0,12.0,21.0,10.0,0.0,0.0,0.0,0.0,0.0,0.0,0.0,0.0,0.0,0.0,0.0,0.0,0.0,80.73785527810762,80.73785527810762,0.0,0.0,0.0,80.73785527810762,0.0,0.0,0.0004733333333333333 
 03/24  14:10:00,9.895000000000002,47.833333333333339,7.148333333333333,186.66666666666669,393.33333333333339,0.0,0.0,0.0,0.0,0.0,0.0,0.0,0.0,0.0,0.0,709.0,0.0,1630.4741391354835,78.14757182691271,200.25164192738755,48.88933092622314,1301.2679241958425,0.0,78.14757182691267,106.83365542632284,0.0,0.0,17.03847759556683,137.24401205196683,19.30841227440288,-696.3335359567063,16.974426544725114,104.20939096337588,17.277961116753155,-47.85623562593514,14.76337397476902,34.87533721492878,19.496135600362984,-365.65778587392699,16.200954559845138,201.2340664965377,14.84473739068568,114.34233108670674,16.000006138603284,110.20552571346252,348.34176492466306,3.958050302486299,0.0,0.0,0.0,0.0,0.0,0.0,0.0,0.0,0.0,0.0,0.0,0.0,0.0,0.0,0.0,0.0,0.0,0.0,0.0,0.0,0.0,0.0,0.4705661969918819,0.14364047527224725,230.39854272597823,274.27173406284109,3499.4262989571309,0.0,0.0,215.91399477892589,256.52494140401088,3513.813370602772,0.7224842445552767,0.13652385573606896,227.12561127954167,270.5940927316219,3345.4111342378339,0.14451541974905769,0.027308280375861233,40.140188827319878,47.82189855544035,591.5500375419542,0.0,0.0,9.428540120373877,11.318578194752043,97.15417090339693,0.0,0.0,89.56180042941158,106.0972738622053,1601.5548528567272,0.0,0.0,229.3915136157542,273.61594080195888,3208.9544939397076,0.0,0.0,33.822716036329179,40.57789000687299,360.5803367794337,0.0,0.0,98.19494356373065,117.38999476992375,1246.0130324383989,37.345708995027468,25.614340874504444,218.98611329562548,261.652701720488,3342.6130401353286,0.0,0.0,124.70504104087519,148.74101180029519,1749.4471815753566,0.0,17.440816614463935,30.923458463996796,22.0,30.0,0.0,18.01284193178301,29.811028689686084,16.0,30.0,0.0,17.198120108026438,31.541439831327673,22.0,30.0,0.0,17.198925641986688,31.581701287889375,16.0,30.0,0.0,14.961546126660773,37.23244812288332,12.0,30.0,0.0,18.821651374287144,28.99573948251183,16.0,30.0,0.0,16.82570695728095,32.83831168737386,10.0,30.0,0.0,15.140924812506457,36.75360597810001,12.0,30.0,0.0,16.16534909865118,34.4001842087611,12.0,30.0,0.0,16.37213307952851,0.0,0.0,0.0,16.83231438057097,0.0,0.0,458.96203470024389,457.7279227543109,462.3022445038931,463.18504223562806,482.29394507569227,477.7158140406717,476.6024993477043,480.82652750078509,480.3539584505158,0.0,80.73785527810762,80.73785527810762,60.0,0.0,60.0,60.0,16.0,16.0,16.0,12.0,12.0,12.0,21.0,10.0,0.0,0.0,0.0,0.0,0.0,0.0,0.0,0.0,0.0,0.0,0.0,0.0,0.0,80.73785527810762,80.73785527810762,0.0,0.0,0.0,80.73785527810762,0.0,0.0,0.00047 
 03/24  14:20:00,9.88,47.666666666666667,7.136666666666668,180.83333333333335,385.1666666666667,0.0,0.0,0.0,0.0,0.0,0.0,0.0,0.0,0.0,0.0,709.0,0.0,1599.9851298255563,75.9136533940666,194.52723994235937,47.97511769036023,1276.9348060743049,0.0,75.91365339406656,103.77971956464579,0.0,0.0,17.105224494148965,195.80664622328369,19.26682460438543,-813.0003792847019,16.948839042420248,66.26749481587103,17.291359354064079,-5.596850509690228,14.796531387515654,34.188506202518457,19.526449084003475,-360.97551683127178,16.218015441557719,192.4311925592374,14.85889897857958,114.29626885372977,16.0286609574622,110.83692077187743,367.90560034320517,10.11159764886088,0.0,0.0,0.0,0.0,0.0,0.0,0.0,0.0,0.0,0.0,0.0,0.0,0.0,0.0,0.0,0.0,0.0,0.0,0.0,0.0,0.0,0.0,0.5164884748652636,0.15765826461088634,257.07060433900429,305.862907958892,3977.929791124612,0.0,0.0,262.13183007034919,311.520926813349,4224.375345707936,0.6947010468096077,0.1312738183691625,158.81319029447847,189.2261488149585,2333.4738002716678,0.14411790044978477,0.027233163350299455,10.984837067802657,13.084351106561363,164.52603213653365,0.0,0.0,9.193257539742659,11.034371591380172,95.54347994376075,0.0,0.0,89.55340548576855,106.06962534351335,1609.645164122929,0.0,0.0,228.19922325021998,272.17296589925396,3201.192013319077,0.0,0.0,33.733830342693938,40.466489986137897,361.77861190751966,0.0,0.0,99.54295517492233,118.98220702298815,1271.9738030928014,37.13560359575084,25.470235662380558,223.13841655476163,266.53315516794978,3438.7717112188795,0.0,0.0,126.06972627916147,150.34904445392147,1777.7457677845687,0.0,17.57197968691289,30.672070935947418,22.0,30.0,0.0,17.916580951436069,29.92894468109925,16.0,30.0,0.0,17.156010112533136,31.508746099628526,22.0,30.0,0.0,17.234784712787936,31.56327955588499,16.0,30.0,0.0,14.991148901490226,37.081013247617828,12.0,30.0,0.0,18.854354270971088,28.865301738556423,16.0,30.0,0.0,16.830746393301167,32.768811328989198,10.0,30.0,0.0,15.158049935322948,36.64253350836652,12.0,30.0,0.0,16.195578065585864,34.265204122900708,12.0,30.0,0.0,16.444567611398399,0.0,0.0,0.0,16.854442211057525,0.0,0.0,458.40918410202297,456.86859287859246,459.65787519726629,464.7513873719117,480.39729269880299,475.62838912253656,475.15298387908299,479.23345683660787,478.7122997509508,0.0,80.73785527810762,80.73785527810762,60.0,0.0,60.0,60.0,16.0,16.0,16.0,12.0,12.0,12.0,21.0,10.0,0.0,0.0,0.0,0.0,0.0,0.0,0.0,0.0,0.0,0.0,0.0,0.0,0.0,80.73785527810762,80.73785527810762,0.0,0.0,0.0,80.73785527810762,0.0,0.0,0.0004733333333333333 
 03/24  14:30:00,9.865,47.5,7.125,175.0,377.0,0.0,0.0,0.0,0.0,0.0,0.0,0.0,0.0,0.0,0.0,709.0,0.0,1566.6875813901523,73.65223719309657,188.7323754163741,46.9766917327359,1250.3602223425458,0.0,73.65223719309653,100.6881921692068,0.0,0.0,17.029560955342526,115.86018790384515,19.321241100431846,-665.143379944755,16.968082689557247,117.68411557418585,17.26310553680665,-64.32476783277002,14.830090111775757,34.56908251119785,19.547383993908036,-366.60964134362487,16.25673102173876,200.85270548039262,14.873275458850355,115.68747888669441,16.05355991726894,106.94783932016526,356.63884510291975,10.809330654193218,0.0,0.0,0.0,0.0,0.0,0.0,0.0,0.0,0.0,0.0,0.0,0.0,0.0,0.0,0.0,0.0,0.0,0.0,0.0,0.0,0.0,0.0,0.4705641864931823,0.14363986156690548,237.74689665018995,283.0222043202906,3606.0545536281967,0.009405061971707705,0.0014354490188809074,207.19021216762509,246.10818802002599,3395.805309389198,0.7404360569014609,0.13991611052559736,246.32398662162417,293.41961899706276,3646.8224901428927,0.147315479694789,0.02783739223257539,51.61104268801663,61.485775942556958,761.0165798157916,0.0,0.0,9.401209835177595,11.282135455909046,98.55286863156344,0.0,0.0,89.68412017549376,106.21117193135301,1617.8756203680328,0.0,0.0,228.64799184731619,272.6453249646483,3236.6687255798135,0.0,0.0,34.05745701336931,40.849952266637348,367.4490736163914,0.0,0.0,97.33951604816528,116.33245114586494,1251.2279999445237,36.97086803905846,25.357248312111435,240.65971215836363,287.4695370110306,3663.0248745710116,0.0,0.0,123.87705381809833,147.72339799809383,1751.4064880990182,0.0,17.400910489722187,30.933361269616804,22.0,30.0,0.0,18.04219456870864,29.61193526565518,16.0,30.0,0.0,17.208223159150689,31.444438726084,22.0,30.0,0.0,17.178954591437245,31.435106389080234,16.0,30.0,0.0,15.02162637108949,36.92871069435299,12.0,30.0,0.0,18.87340921702619,28.781827290432984,16.0,30.0,0.0,16.880901749280967,32.59838449807259,10.0,30.0,0.0,15.175677816225699,36.51305119332973,12.0,30.0,0.0,16.219314440840138,34.133300209882829,12.0,30.0,0.0,16.420440576256305,0.0,0.0,0.0,16.858421342191979,0.0,0.0,457.4799711952501,455.61808366677186,460.1339780376299,459.5190044038167,478.56333232778459,474.30928244231037,473.3236398964124,477.2581584146336,476.79530977141067,0.0,80.73785527810762,80.73785527810762,60.0,0.0,60.0,60.0,16.0,16.0,16.0,12.0,12.0,12.0,21.0,10.0,0.0,0.0,0.0,0.0,0.0,0.0,0.0,0.0,0.0,0.0,0.0,0.0,0.0,80.73785527810762,80.73785527810762,0.0,0.0,0.0,80.73785527810762,0.0,0.0,0.00047666666666666663 
 03/24  14:40:00,9.850000000000002,47.33333333333333,7.113333333333333,172.16666666666669,348.5,0.0,0.0,0.0,0.0,0.0,0.0,0.0,0.0,0.0,0.0,709.0,0.0,1408.9489299831508,70.41836800240002,180.44560256703003,42.246957171038769,1124.4704912842659,0.0,70.41836800239999,96.26724781052748,0.0,0.0,17.130107625283534,207.68081893185809,19.210404521291737,-812.4994917178337,16.930497085204153,57.015895978023767,17.274653550409359,-5.198407858199971,14.850456762129323,33.642809554938597,19.519948422424038,-354.89309820715428,16.264721906276095,187.27557433605035,14.884632838144169,114.37188096601335,16.07727546994367,107.2889573672619,372.6100882412693,21.18672154795695,0.0,0.0,0.0,0.0,0.0,0.0,0.0,0.0,0.0,0.0,0.0,0.0,0.0,0.0,0.0,0.0,0.0,0.0,0.0,0.0,0.0,0.0,0.5321962926874687,0.16245308079593064,268.9124657718502,319.8822315819739,4193.307946939693,0.0,0.0,275.23394366481,327.084559507357,4437.655808804404,0.7029018786665663,0.13282348425294153,152.2704596306785,181.41758388048314,2241.954946413016,0.1439258732856667,0.027196877038107835,74.47612805752928,88.70584422763099,1105.12720992918,0.0,0.0,9.0440665192608,10.852362597105966,95.3385767374228,0.0,0.0,89.5922585240572,106.09535241030693,1619.3125345643833,0.0,0.0,226.94072713455723,270.6045278681579,3213.7609259980979,0.0,0.0,33.836838405499729,40.58127819876169,366.8796930707077,0.0,0.0,99.61324644709474,119.03295854061747,1288.122516366375,36.734176790217819,25.194908635266,236.70405985917089,282.6662463387355,3649.160301858706,0.0,0.0,126.14156736077372,150.41131901393673,1788.9239886250758,0.0,17.603607098838354,30.460133331985717,22.0,30.0,0.0,17.890902997930888,29.82666843251684,16.0,30.0,0.0,17.13990109718366,31.467373777389136,22.0,30.0,0.0,17.218608110764447,31.437048532989349,16.0,30.0,0.0,15.036190957122079,36.81970704327712,12.0,30.0,0.0,18.876443218283027,28.70964363379917,16.0,30.0,0.0,16.868873308981017,32.568926741181858,10.0,30.0,0.0,15.187736716311545,36.413225637172,12.0,30.0,0.0,16.243489406230876,34.01452117190908,12.0,30.0,0.0,16.482574377524434,0.0,0.0,0.0,16.865786703013094,0.0,0.0,456.17040900614315,454.4166219140194,458.09381884803528,460.784984620623,476.8297419762242,472.3491043230124,472.1995372464583,475.6660379947086,475.19282016727086,0.0,80.73785527810762,80.73785527810762,60.0,0.0,60.0,60.0,16.0,16.0,16.0,12.0,12.0,12.0,21.0,10.0,0.0,0.0,0.0,0.0,0.0,0.0,0.0,0.0,0.0,0.0,0.0,0.0,0.0,80.73785527810762,80.73785527810762,0.0,0.0,0.0,80.73785527810762,0.0,0.0,0.00048 
 03/24  14:50:00,9.835,47.16666666666667,7.101666666666667,169.33333333333335,320.0,0.0,0.0,0.0,0.0,0.0,0.0,0.0,0.0,0.0,0.0,709.0,0.0,1326.7655508952276,68.30295144059238,175.02480590569057,39.78270829278992,1058.8805918178687,0.0,68.30295144059235,93.37531299075023,0.0,0.0,17.007024905976363,84.96870339436282,19.238518074905416,-600.2868098695008,16.96059564508837,132.11628525606285,17.25383557041332,-51.57559193870907,14.872993524080066,34.43442344732097,19.48810283620754,-355.74530681057379,16.30295383321078,198.1970667095611,14.89688464729753,115.33090452155875,16.09669554101412,101.09569173524142,351.22085809664807,22.978638517813125,0.0,0.0,0.0,0.0,0.0,0.0,0.0,0.0,0.0,0.0,0.0,0.0,0.0,0.0,0.0,0.0,0.0,0.0,0.0,0.0,0.0,0.0,0.46456243578221448,0.1418078253303463,246.79896700049972,293.8354335586348,3723.977811339979,0.023316593816358187,0.003558698689920358,192.17757867608979,228.25282139416866,3159.0125757411544,0.7598247080700243,0.14357987680839469,250.2131276524066,298.01360982232236,3722.056080258838,0.15180528158986335,0.028685805289089814,46.37490585673557,55.2410300602293,686.8246092933684,0.0,0.0,9.368230540543,11.240077076600363,99.3254487350941,0.0,0.0,89.20113970058942,105.63288900244102,1611.3824313155799,0.0,0.0,227.59856860848459,271.3270776515581,3252.311899277778,0.0,0.0,34.25228000731564,41.07521661913743,373.3210781158049,0.0,0.0,96.49057185489579,115.28850190527466,1253.5815083100854,36.57968730543408,25.088948769159186,242.8785552167057,290.082853063674,3704.367791853032,0.0,0.0,122.99905473145165,146.66515570769225,1743.2963790521456,0.0,17.331917782124735,30.91508576528254,22.0,30.0,0.0,18.03664442037538,29.51640564762265,16.0,30.0,0.0,17.214231157550559,31.271888226605417,22.0,30.0,0.0,17.179214945970434,31.337273957351635,16.0,30.0,0.0,15.051893518633685,36.70949374368025,12.0,30.0,0.0,18.85664448130571,28.702532521032393,16.0,30.0,0.0,16.91948857142429,32.376624829446509,10.0,30.0,0.0,15.201328429423774,36.308196423769079,12.0,30.0,0.0,16.259325229282348,33.913712443035667,12.0,30.0,0.0,16.422017543135078,0.0,0.0,0.0,16.846535733851299,0.0,0.0,455.0160017319584,453.8930741606921,457.40893630307718,457.7107380069331,475.1967478121153,471.3534056474513,470.13022662836337,473.9007806806407,473.52006482737326,0.0,80.73785527810762,80.73785527810762,60.0,0.0,60.0,60.0,16.0,16.0,16.0,12.0,12.0,12.0,21.0,10.0,0.0,0.0,0.0,0.0,0.0,0.0,0.0,0.0,0.0,0.0,0.0,0.0,0.0,80.73785527810762,80.73785527810762,0.0,0.0,0.0,80.73785527810762,0.0,0.0,0.0004833333333333334 
 03/24  15:00:00,9.82,47.0,7.09,166.5,291.5,0.0,0.0,0.0,0.0,0.0,0.0,0.0,0.0,0.0,0.0,709.0,0.0,1243.551061839691,66.2176140075574,169.68109019115114,37.28754283800775,992.4677826860528,0.0,66.21761400755737,90.52449862044692,0.0,0.0,17.14028508178481,214.52077497729807,19.102798912096245,-805.729329482112,16.906693374331029,38.07688432288978,17.26558012702909,-2.9683098822210924,14.89267548565305,32.79137089798144,19.453762533943114,-338.00841479786598,16.29427618528101,176.48764784858396,14.905257299382303,111.99470864423916,16.115124805044255,99.69101675453703,375.3785883114251,38.05906668384159,0.0,0.0,0.0,0.0,0.0,0.0,0.0,0.0,0.0,0.0,0.0,0.0,0.0,0.0,0.0,0.0,0.0,0.0,0.0,0.0,0.0,0.0,0.5560135815121419,0.1697233154798968,278.6945318386333,331.4752935683309,4363.990933122421,0.0,0.0,286.1725933525448,340.119631552628,4593.657567671719,0.6861018876429011,0.12964888277454676,131.54703957041179,156.72601513167923,1937.9705810752928,0.14005028582711438,0.0264645286899309,72.40057562311766,86.22489459654305,1078.2036520278426,0.0,0.0,8.838644836205886,10.603660067631589,94.16524231311063,0.0,0.0,88.49904115440856,104.80044961544282,1599.076787055518,0.0,0.0,223.768907693844,266.7843435220331,3185.2222338230378,0.0,0.0,33.768819914630459,40.49225745505312,369.42583840626829,0.0,0.0,99.13017317826807,118.42881327461808,1293.9179722022576,36.32156427003553,24.91190965023014,248.1543566333164,296.28286308613579,3826.3886281192405,0.0,0.0,125.55642633138143,149.712703290886,1780.2303674387479,0.0,17.607081432309149,30.34019049068,22.0,30.0,0.0,17.824722044676965,29.86058812598651,16.0,30.0,0.0,17.11013677625365,31.374298779748846,22.0,30.0,0.0,17.21619133922597,31.288847213147144,16.0,30.0,0.0,15.062888070175397,36.60885288217149,12.0,30.0,0.0,18.84404697195705,28.64405627374876,16.0,30.0,0.0,16.876463531547416,32.42714339611859,10.0,30.0,0.0,15.206935780657983,36.23154323864789,12.0,30.0,0.0,16.275397034744896,33.81541547626825,12.0,30.0,0.0,16.506317243264655,0.0,0.0,0.0,16.8344765736282,0.0,0.0,454.3171693682872,453.13650199968449,455.6703757514819,458.10289421772787,473.58685555539366,469.227494140328,469.335195393869,472.6083184907717,472.14163900004515,0.0,80.73785527810762,80.73785527810762,60.0,0.0,60.0,60.0,16.0,16.0,16.0,12.0,12.0,12.0,21.0,10.0,0.0,0.0,0.0,0.0,0.0,0.0,0.0,0.0,0.0,0.0,0.0,0.0,0.0,80.73785527810762,80.73785527810762,0.0,0.0,0.0,80.73785527810762,0.0,0.0,0.00048666666666666666 
 03/24  15:10:00,9.745000000000001,47.333333333333339,7.035,163.66666666666667,263.0,0.0,0.0,0.0,0.0,0.0,0.0,0.0,0.0,0.0,0.0,7100.0,0.0,1159.8478576481828,64.1649543461923,164.4211149091557,34.77772431937502,925.6649441594765,0.0,64.16495434619228,87.71835724147357,0.0,0.0,18.179134912206963,-811.3389471690289,19.30114193051095,261.86360181263026,18.414290668343214,-2098.4256504848319,17.568068454826709,925.1248200707012,14.912702947658513,39.98783127056422,19.416518039169746,-317.0708896182326,16.391567347192756,308.78451334815545,14.913362981939095,115.39932281986639,16.12966302535812,107.04435631603943,642.862520098818,66.01260104432072,0.0,0.0,0.0,0.0,0.0,0.0,0.0,0.0,0.0,0.0,0.0,0.0,0.0,0.0,0.0,0.0,0.0,0.0,0.0,0.0,0.0,0.0,0.6228548815683952,0.1901266427253954,332.7005981508567,394.4942373180359,6284.469828716293,0.18185107596671144,0.02775504822446756,252.04503907166075,299.5945087883229,4378.932822850014,0.5385227917402107,0.10176167644372843,483.93726989227749,573.1179510769077,9442.943224398196,0.24534595919924474,0.04636167029464185,360.6032396641106,429.38611493094268,5914.785333227913,0.0,0.0,10.473708630032484,12.597884026249025,113.39742735913703,0.0,0.0,84.1473564435321,99.92666785710643,1530.4218399859865,0.0,0.0,248.1218601391757,296.41485323314307,3654.3685213063197,0.0,0.0,35.38546630626943,42.54384374739999,392.6980353461744,0.0,0.0,107.41338943722242,128.65075807063915,1419.7042100219915,37.407850825309768,25.656962157276938,608.1691717931909,725.3909361438892,9948.833788552614,0.0,0.0,134.5721870022591,160.87939841874138,1927.0320669988819,1996.4234404603788,19.096922753815649,27.555620570337689,21.999999999999998,30.0,0.0,18.335283671640477,28.896620311834704,15.999999999999999,30.0,4438.704106002802,19.348003013457907,27.141656476723655,21.999999999999998,30.0,0.0,17.823962703653327,29.895781543519587,15.999999999999999,30.0,0.0,15.076020335904517,36.49624867836314,12.0,30.0,0.0,18.83291989468329,28.572782570113,15.999999999999999,30.0,0.0,17.048820421116984,31.86455581017358,10.0,30.0,0.0,15.212840674744858,36.103600137157439,12.0,30.0,0.0,16.284827366520376,33.65978509602942,15.999999999999999,30.0,0.0,17.31682375416729,0.0,0.0,0.0,16.830894876397477,0.0,0.0,452.99944915878288,453.1466083453497,452.8659005084325,454.02628461486588,471.9739697741564,467.0944174330277,464.8330159882815,470.32415142324347,469.2594149177076,10550.753860651974,81.02844625344859,85.2638854846004,60.0,0.0,60.0,60.0,16.0,16.0,16.0,16.0,12.0,12.0,21.0,10.0,1.0,0.0,1996.4234404603788,0.0,4438.704106002802,0.0,0.0,0.0,0.0,0.0,6409.733056825068,3845839.834095041,5006101.50393903,81.02844625344859,85.33581730343865,0.34965776856083566,0.7667294634533032,0.3602813740196596,85.33581730343865,0.3542647819438876,5006101.50393903,0.2608072782048295 
 03/24  15:20:00,9.670000000000002,47.66666666666667,6.98,160.83333333333335,234.5,0.0,0.0,0.0,0.0,0.0,0.0,0.0,0.0,0.0,0.0,2130.0,0.0,1076.209547479858,62.146937793215879,159.24991670970418,32.26985250172624,858.9139065005026,0.0,62.14693779321584,84.95957561812628,0.0,0.0,18.945005629267713,-1242.4533955566672,19.876871890605736,255.49889820945999,19.320446838378513,-3262.884020382058,18.336081671118689,770.6139885276737,14.945037041676022,44.80607614887159,19.38878258271425,-275.94061377920579,16.601796087410017,290.7580681720318,14.93293946665031,121.88408506881663,16.164102872048298,125.35102731306381,801.0839199098818,116.16559151466385,0.0,0.0,0.0,0.0,0.0,0.0,0.0,0.0,0.0,0.0,0.0,0.0,0.0,0.0,0.0,0.0,0.0,0.0,0.0,0.0,0.0,0.0,0.7623293495561523,0.23270126665328207,378.8949483382836,447.31294731677698,8013.707901652741,0.23709578514914388,0.03618678039516847,304.91923245940088,361.0878928222301,5912.169300531202,0.5885892863153112,0.11122246529011926,543.4662096419983,640.8110187542005,11900.434894971897,0.2711465633599339,0.051237067906261108,405.7700372591248,481.08485756278426,7625.541012298607,0.0,0.0,11.041474246927358,13.269056555922934,121.95669157934867,0.0,0.0,80.32870876757424,95.30905265995942,1475.3852795281326,0.0,0.0,268.93562160252,320.68744810173708,4163.415888892472,0.0,0.0,37.36085860808258,44.87797979287329,422.1689293700697,0.0,0.0,123.43231122570333,147.69827623017927,1661.2108030836817,38.2438667148196,26.230361258449656,702.5823907846727,835.5996441587388,12568.01688874679,0.0,0.0,152.8036100828085,182.49392674405778,2228.682909384969,1892.5653319310705,20.278025981324676,25.566737829787856,21.999999999999994,29.99999999999999,0.0,19.37342029673667,27.06544841141183,15.999999999999993,29.99999999999999,4280.480287231967,20.704267655745285,24.876820252696814,21.999999999999994,29.99999999999999,0.0,19.08345628269548,27.543342606003095,15.999999999999993,29.99999999999999,0.0,15.109872448409,36.24410918475919,11.999999999999995,29.99999999999999,0.0,18.84859481087385,28.430942080109376,15.999999999999993,29.99999999999999,0.0,17.359580861175293,31.136936522469129,9.999999999999997,29.99999999999999,0.0,15.238067407366838,35.84930204242061,11.999999999999995,29.99999999999999,0.0,16.330263576218749,33.38703728786055,15.999999999999993,29.99999999999999,0.0,18.14343167419502,0.0,0.0,0.0,16.888394509407975,0.0,0.0,452.6727551101487,453.14554593908238,451.9882716841324,452.7163771050056,468.5723633808519,464.4466288268244,462.60015475059569,466.5128245440301,465.64280944539606,11744.02350433466,80.2390290155209,87.87039408669799,59.99999999999998,0.0,59.99999999999998,59.99999999999998,16.0,16.0,16.0,16.0,12.0,12.0,21.0,10.0,1.0,0.0,1892.5653319310705,0.0,4280.480287231967,0.0,0.0,0.0,0.0,0.0,11547.901795444972,6928741.077266986,9038669.304784637,80.2390290155209,87.99999999999997,0.38493005984816577,0.7664887666055585,0.36028137401965945,87.99999999999997,0.35426478194388735,9038669.304784637,0.4705141371821345 
 03/24  15:30:00,9.594999999999999,48.0,6.925,158.0,206.0,0.0,0.0,0.0,0.0,0.0,0.0,0.0,0.0,0.0,0.0,2130.0,0.0,993.2050175404311,60.16474629167007,154.17052481451138,29.78098522028069,792.6686923713883,0.0,60.16474629167004,82.24976955615212,0.0,0.0,19.56629761303025,-1105.035640000945,20.3929722089825,560.0165865551471,20.09753016874493,-2755.248761721264,18.98635475997485,1060.5375934541526,14.982429044024777,53.40003553709407,19.38919379219837,-208.0016804739273,16.81964909693212,358.33283260989256,14.970411650608379,141.34245504771534,16.224309050278238,176.50694916657626,1089.1536865504505,219.94182597249216,0.0,0.0,0.0,0.0,0.0,0.0,0.0,0.0,0.0,0.0,0.0,0.0,0.0,0.0,0.0,0.0,0.0,0.0,0.0,0.0,0.0,0.0,1.0339439475396939,0.31561170559819709,418.7937798333534,493.0145385613995,9561.853163722684,0.28504371087588667,0.043504839877272067,317.3547723798079,374.5458907797549,6779.34752926401,0.6855924569245212,0.12955261846646283,521.2200774029018,612.1645157856934,12590.142879115345,0.2875932167183307,0.054344901118354219,404.6541599216044,477.91430457894077,8513.96965662368,0.0,0.0,11.559536031686048,13.888705318201,130.3728063805167,0.0,0.0,73.98810444992131,87.75297675157668,1380.1135604664112,0.0,0.0,294.8893225238287,351.2063046133846,4808.890360732014,0.0,0.0,40.62301474884221,48.78545944352677,469.5880887545526,0.0,0.0,146.4331102406756,175.17199999733834,2018.7927976744743,39.46634472994318,27.06882354591439,731.1469732835058,865.9203819730872,14960.098214141428,0.0,0.0,179.63281488318058,214.4357431510216,2696.8359104523426,1886.4544860703018,21.12606145302372,24.214408066191305,21.999999999999994,29.99999999999999,0.0,20.303426690964384,25.4945847571867,15.999999999999993,29.99999999999999,4090.8674017463406,21.852267576013273,23.12869675290041,21.999999999999994,29.99999999999999,0.0,20.158729999725673,25.693956775686396,15.999999999999993,29.99999999999999,0.0,15.151606249709904,35.973863964917487,11.999999999999995,29.99999999999999,0.0,18.92000423814876,28.157032389396563,15.999999999999993,29.99999999999999,0.0,17.709613132181507,30.284873480436866,9.999999999999997,29.99999999999999,0.0,15.293556380153355,35.50358545080337,11.999999999999995,29.99999999999999,0.0,16.422059319891589,32.981242944121238,15.999999999999993,29.99999999999999,0.0,19.339755989665485,0.0,0.0,0.0,17.033510155736435,0.0,0.0,451.38812538080915,452.14676492489459,450.83883713041748,451.4015206554129,465.2730465770612,461.0089826375137,458.9359048820103,462.4048907673531,461.39027715467508,11249.577818432197,80.5661906444467,87.875857588855,59.99999999999998,0.0,59.99999999999998,59.99999999999998,16.0,16.0,16.0,16.0,12.0,12.0,21.0,10.0,1.0,0.0,1886.4544860703018,0.0,4090.8674017463406,0.0,0.0,0.0,0.0,0.0,11061.71320582953,6637027.92349772,8677546.007354889,80.5661906444467,87.99999999999997,0.36872377352765098,0.7650080510596712,0.36028137401965945,87.99999999999997,0.35426478194388735,8677546.007354889,0.45174905904912096 
 03/24  15:40:00,9.52,48.33333333333333,6.869999999999999,149.0,199.16666666666669,0.0,0.0,0.0,0.0,0.0,0.0,0.0,0.0,0.0,0.0,6390.0,0.0,884.7187425716364,56.01700617981594,143.54205959379028,26.52806462178441,706.0868170955116,0.0,56.01700617981591,76.5794943633513,0.0,0.0,19.861658159906406,-992.5237222146471,20.691681853110834,286.2029610657394,20.11358212388198,-1843.0914931221769,19.27320416062374,709.0489398371954,15.019920987270778,61.714926227503507,19.892824786910646,-336.5608377055318,17.008643433907879,380.77734166124176,15.749215737994957,35.38809798664054,16.296318764664059,222.52887252311079,1110.002945753166,313.0519300308424,0.0,0.0,0.0,0.0,0.0,0.0,0.0,0.0,0.0,0.0,0.0,0.0,0.0,0.0,0.0,0.0,0.0,0.0,0.0,0.0,0.0,0.0,1.0288090624491409,0.31404428035688128,358.7553003500357,422.08523779308418,8505.488280616313,0.25359716683035429,0.0387053062927892,258.34804757710659,304.6580018275564,5766.443429427362,0.8759889664801084,0.16553079487530437,447.73382779389518,526.3961891740355,10740.77737676104,0.27968883519229778,0.05285125381562703,349.35195753493766,412.3932676931042,7591.462780311997,0.0,0.0,12.221846298983273,14.690783472578236,140.65796545768476,0.0,0.0,84.30943748122556,99.74723631930277,1727.0643712295533,0.0,0.0,313.1206015299175,372.79479271343328,5313.00693294781,0.0,0.0,28.113715774466088,33.65885275328167,394.54641551188817,0.0,0.0,165.77936433491616,198.34888591129497,2344.220511023861,39.63010441517306,27.181141574192837,599.9960953715236,710.3829380623515,12810.016220948048,0.0,0.0,191.4537979115795,228.58485939222329,2947.6214053597225,1849.686379221838,21.465031323800767,23.633024160924703,22.000000000000047,30.000000000000065,0.0,20.757252226005439,24.717006818145824,16.000000000000033,30.000000000000065,2303.7862737384796,21.557991115678868,23.48872179640633,21.5555555555556,30.000000000000065,0.0,20.445736888771508,25.174416891084939,16.000000000000033,30.000000000000065,0.0,15.192262314402937,35.724746049721087,12.000000000000029,30.000000000000065,770.7598218570457,19.780206730741523,26.579647799979619,19.5555555555556,30.000000000000065,0.0,17.97291151995866,29.67231120657666,10.000000000000022,30.000000000000065,807.8676924589678,16.576807513540719,32.595704980139469,16.666666666666705,30.000000000000065,0.0,16.525462888925334,32.6245852973182,16.000000000000033,30.000000000000065,0.0,19.57034299867802,0.0,0.0,0.0,17.15374914695573,0.0,0.0,449.70871602323475,450.56652827781206,449.2979519923604,450.0337349017407,462.3905324897158,458.3306790922093,456.55988476272906,459.93260363837808,458.65467112193786,10212.50807056957,81.25213800035556,84.43029464023873,60.00000000000013,0.0,60.00000000000013,60.00000000000013,16.0,16.0,19.0,16.0,16.0,12.0,21.0,10.0,1.0,0.0,1849.686379221838,0.0,2303.7862737384796,0.0,770.7598218570457,0.0,807.8676924589678,0.0,4809.620398936393,2885772.239361829,3754264.950492013,81.25213800035556,84.4842702907399,0.34920956885343576,0.7673711723977663,0.36028137401966039,84.4842702907399,0.3542647819438883,3754264.950492013,0.19575177742558465 
 03/24  15:50:00,9.444999999999999,48.666666666666667,6.815,140.0,192.33333333333332,0.0,0.0,0.0,0.0,0.0,0.0,0.0,0.0,0.0,0.0,1420.0,0.0,839.1443943175461,52.72677729731804,135.1109197008013,25.161525176468474,669.7142544122216,0.0,52.72677729731801,72.08150203308337,0.0,0.0,19.911323096571168,-1377.8147922327317,20.853991008379354,202.14981536333608,19.922148712217209,-597.0877379933818,19.28754547557545,234.30899498345799,15.06967600630146,62.41539870636916,19.756710049035207,-269.2946971417066,17.1572328910783,321.6698083831916,15.623367210794349,54.37486577540824,16.386760591940964,201.25270252680049,1086.7393810725044,340.595951332245,0.0,0.0,0.0,0.0,0.0,0.0,0.0,0.0,0.0,0.0,0.0,0.0,0.0,0.0,0.0,0.0,0.0,0.0,0.0,0.0,0.0,0.0,1.007035709083285,0.3073979575956304,445.5421987659406,523.7328275452579,10440.851091483457,0.22525231647257583,0.03437916918079607,225.93464238540146,265.96148829141046,5181.858921269561,1.124782570474987,0.21254394755763179,368.87782364985449,434.0140206399244,8572.717552817374,0.2713628446925632,0.05127793739466424,190.22430602110436,224.51680813255943,4184.891827944588,0.0,0.0,12.185139568604356,14.625966058224245,143.46106979709118,0.0,0.0,81.70205363155807,96.63067233835042,1648.993918280335,0.0,0.0,317.00424125762927,376.7081551990251,5538.440261636821,0.0,0.0,29.61421813762927,35.415120048357739,407.94362627454987,0.0,0.0,168.46703628574546,201.2291688306243,2449.9480463195357,39.55473250322349,27.129446161332994,542.2896295171684,641.3580707917995,11764.778805388858,0.0,0.0,196.72000369036648,234.50820066923598,3087.7229167203706,1795.4501791410053,21.334024005831453,23.800391773078098,22.0,30.0,0.0,21.01074497724397,24.300024290627925,16.0,30.0,1537.9554036856815,21.241442175050879,23.96391085774482,21.5,30.0,0.0,20.3180809284049,25.37105861150593,16.0,30.0,0.0,15.2495657971317,35.4249192442832,12.0,30.0,0.0,19.55783786825081,26.86998034001826,19.0,30.0,0.0,18.15595239248316,29.28293435030635,10.0,30.0,0.0,16.276274627714068,33.099450071826897,16.0,30.0,0.0,16.654607388410925,32.27551848651599,16.0,30.0,0.0,19.604446654041835,0.0,0.0,0.0,17.229857799682909,0.0,0.0,449.0652257029367,449.8210880004759,449.2015981264277,450.002069435758,459.3026393754409,456.59689779231749,455.5735071862474,457.80594300147609,457.1002357781074,10643.208557214137,80.96730977018547,87.8825561592708,60.0,0.0,60.0,60.0,16.0,16.0,19.0,16.0,16.0,12.0,21.0,10.0,1.0,0.0,1795.4501791410053,0.0,1537.9554036856815,0.0,0.0,0.0,0.0,0.0,10465.47013140634,6279282.078843804,8212409.7104281,80.96730977018547,88.0,0.3488490043802114,0.7645984650284475,0.36028137401965956,88.0,0.3542647819438875,8212409.7104281,0.4275986382755945 
 03/24  16:00:00,9.37,49.0,6.76,131.0,185.5,0.0,0.0,0.0,0.0,0.0,0.0,0.0,0.0,0.0,0.0,2840.0,0.0,793.1485222295376,49.41263134073826,126.61849484676469,23.782346735961,633.0052801383221,0.0,49.41263134073823,67.55081324927842,0.0,0.0,20.0764325907804,-970.6028646884192,20.866215927789708,63.52876175625215,20.30617720864553,-1605.9957760801368,19.2480672182919,713.8607280128554,15.10811930960907,59.62414685436464,19.63826355453883,-212.50798498696737,17.16150071552647,271.0814572999666,15.90989687062832,48.25003447956533,16.438506232825995,192.55821708955569,1029.7495491291457,354.36613330523599,0.0,0.0,0.0,0.0,0.0,0.0,0.0,0.0,0.0,0.0,0.0,0.0,0.0,0.0,0.0,0.0,0.0,0.0,0.0,0.0,0.0,0.0,1.0514506675850875,0.3209556372359852,288.80690898731867,339.5448812660894,6941.99106613629,0.2137215064088812,0.03261927753493304,153.2747027508456,180.49097930050812,3536.125907395264,0.973240781201443,0.18390793295567715,398.90769927003978,468.5378978999387,9708.227579703882,0.29940452866844266,0.0565768194762741,354.47350504113646,418.4379687268438,7677.4564977159029,0.0,0.0,11.578598404338765,13.905523569802103,138.81717318574574,0.0,0.0,74.25913758922384,87.92585911947939,1488.683433837576,0.0,0.0,305.2150022134008,363.0284220684043,5341.9107165097079,0.0,0.0,32.94003810173562,39.398326809899867,474.31831471290288,0.0,0.0,163.50251497311346,195.3979861000704,2420.8812765736008,39.50741057578387,27.096989420976603,499.9416608291915,591.9008334073596,10772.771739815258,0.0,0.0,193.2305076057341,230.52014813738689,3060.4887968567029,1875.0381822236253,21.51903508963209,23.499583362407809,22.0,30.0,0.0,20.997069611876126,24.28316027368579,16.0,30.0,2280.269351178801,21.575732628483217,23.40120598881511,21.5,30.0,0.0,20.24347785334751,25.428221560238577,16.0,30.0,0.0,15.283198044532992,35.257742786987908,12.0,30.0,0.0,19.413585258918766,27.054078808457946,19.0,30.0,0.0,18.096432034248058,29.312943722919017,10.0,30.0,688.6575594214653,16.567081181650264,32.4361121213085,16.25,30.0,0.0,16.71432084311731,32.07429144309405,16.0,30.0,0.0,19.396006976972026,0.0,0.0,0.0,17.227853425128843,0.0,0.0,448.25733616288866,448.90734490608505,447.65872549936719,448.6350301861602,457.69025675199478,455.30409949467198,453.91213413038897,456.3018632927215,455.6092330726917,9336.21001531988,81.83163154563931,83.57531548126241,60.0,0.0,60.0,60.0,16.0,16.0,19.0,16.0,16.0,12.0,21.0,10.0,1.0,0.0,1875.0381822236253,0.0,2280.269351178801,0.0,0.0,0.0,688.6575594214653,0.0,2638.8525616414287,1583311.5369848572,2050668.9785578426,81.83163154563931,83.6049290231227,0.3429617520547143,0.7674087950741153,0.36028137401965956,83.6049290231227,0.3542647819438875,2050668.9785578426,0.10721145355167448 
 03/24  16:10:00,9.26,49.16666666666667,6.608333333333333,122.0,178.66666666666669,0.0,0.0,0.0,2.0,0.0,0.0,0.0,0.0,0.0,4.0,2842.0,0.0,746.8878660034452,46.07618090178899,118.0689173594424,22.395229079801167,596.0849867291956,0.0,46.076180901788969,62.989632547065529,0.0,0.0,20.088494755153094,-920.6987826825239,20.808520078754648,35.42879485975675,20.127981606838234,-1108.1624380226845,19.41332347313216,454.34163228238847,15.144637924349722,56.711415796711367,19.68443922846344,-64.57702177082843,17.12016836111569,227.74773443805203,16.084410808087424,9.560827245815176,16.46887626759849,155.67013185583347,989.4389277378164,328.29784501499219,0.0,0.0,0.0,0.0,0.0,0.0,0.0,0.0,0.0,0.0,0.0,0.0,0.0,0.0,0.0,0.0,0.0,0.0,0.0,0.0,0.0,0.0,1.0986649659660124,0.3353678162289415,232.6086808989969,273.60920091427547,5560.023683942538,0.22409132210968117,0.034201972238962329,167.8619713958979,197.73405043019938,3877.585465785246,0.961441999440769,0.18167838235842205,266.2041020600566,313.12770873159158,6334.720872594679,0.2649278663780001,0.05006195509788359,273.1333607792595,322.12539452331887,6084.796191731406,0.0,0.0,11.566561500381955,13.88835278081488,141.93693743075259,0.0,0.0,15.199517694892663,17.983633770389248,311.585873604136,0.0,0.0,228.7321524458087,272.18738793403716,3988.182225490703,0.0,0.0,21.513893856802026,25.691253978957357,331.2496367325633,0.0,0.0,156.0344511555719,186.46104448276055,2351.7263989933769,39.27289828761903,26.93614423019139,417.2915826733948,493.91058331800539,9234.663679209634,0.0,0.0,176.68082635043954,210.84201491413234,2804.861289850236,1203.7266646967988,21.338804708048579,23.873124149296787,21.5,30.0,0.0,20.890622542890676,24.442785969973536,16.0,30.0,0.3301112662088528,21.348575179323736,24.60842083030711,21.0,30.0,0.0,20.43304620208933,25.743673981995046,16.0,30.0,0.0,15.313579476790676,35.069445133280847,12.0,30.0,0.0,19.532645187362534,28.2143674624803,19.0,30.0,0.0,17.949291624617137,29.46441971102162,10.0,30.0,0.0,16.905807008845636,31.63137636331679,16.0,30.0,0.0,16.737148298096839,31.90304160502606,16.0,30.0,0.0,19.281632002815319,0.0,0.0,0.0,17.131610346669139,0.0,0.0,457.2188984698802,450.74572173664606,497.35478732960999,482.0697730718295,455.60913988217166,544.0026692850704,452.00129724337617,454.7416522599549,453.73747109214869,7455.111388069896,81.75306757620428,83.46798029475694,1744.0,0.0,1744.0,1744.0,16.0,16.0,19.0,16.0,16.0,12.0,21.0,10.0,1.0,0.0,1203.7266646967988,0.0,0.3301112662088528,0.0,0.0,0.0,0.0,0.0,2595.354201005827,1557212.520603496,2016099.5257563624,81.75306757620428,83.49710520583749,0.25651180670019427,0.5401888709744084,0.27021103051474468,83.49710520583749,0.2656985864579156,2016099.5257563624,0.12227717533933084 
 03/24  16:20:00,9.15,49.333333333333339,6.456666666666667,113.0,171.83333333333332,0.0,0.0,0.0,2.0,0.0,0.0,0.0,0.0,0.0,4.0,2844.0,0.0,700.523948494897,42.71899611137448,109.46621075643876,21.005015407072013,559.0822840162863,0.0,42.71899611137446,58.4001064144299,0.0,0.0,20.275324717438556,-1236.644697933756,20.858376917242283,210.39453236498685,20.48162600625328,-1615.3184845402089,19.596389906474557,756.8206853320417,15.180714047064328,57.35549249067921,19.783871861903564,-77.7612113342218,17.142208321592933,266.847009442562,15.76644149348902,44.635002244999018,16.47175797609207,129.65239958679059,1112.0026301927138,340.56016580854796,0.0,0.0,0.0,0.0,0.0,0.0,0.0,0.0,0.0,0.0,0.0,0.0,0.0,0.0,0.0,0.0,0.0,0.0,0.0,0.0,0.0,0.0,1.211406313664677,0.3697821470282897,306.85958870572326,360.5742785426026,7586.205617091924,0.26686908661808375,0.0407309350760201,225.34571440419996,265.333245281304,5301.573818837718,0.8551535704510033,0.1615936452099402,371.06151877115959,435.81094978952606,9298.744054741968,0.29423476593564837,0.0555999179772578,372.74985070161736,439.3778416178489,8576.303320159766,0.0,0.0,12.099969896395832,14.527140173664073,151.88875895945066,0.0,0.0,16.592264139864523,19.615182246781165,349.54093547295676,0.0,0.0,235.81863493353675,280.5723701031008,4170.7220318478289,0.0,0.0,31.066184616905177,37.16924048436168,451.12719079414026,0.0,0.0,152.48533954336629,182.20731116019338,2325.4995631593849,39.3214303049698,26.969430936193289,590.3072654666634,698.0834112577328,13293.46383861152,0.0,0.0,180.15294028408204,215.00728728516305,2874.7737962483145,1860.5741024418258,21.60499210465185,23.879987745996485,22.0,30.0,0.0,21.01066888686203,24.687912386900878,16.0,30.0,1270.2952803810509,21.768199940236124,24.16008303156162,21.5,30.0,0.0,20.748185856271875,25.62221153561769,16.0,30.0,0.0,15.344152719552398,34.956407327398689,12.0,30.0,0.0,19.717166028231646,29.451667017475054,19.0,30.0,0.0,17.96548395598704,29.642140487640334,10.0,30.0,0.0,16.34355005854123,32.76589406786111,16.0,30.0,0.0,16.715936010205863,32.008820070278,16.0,30.0,0.0,19.77739297573379,0.0,0.0,0.0,17.0637495610775,0.0,0.0,482.4050109770071,477.8407638706996,513.5750730237579,507.66895814688879,457.0102304845244,643.2645262068975,464.86110076901778,458.03460675284966,460.25878013704769,10156.709412557648,81.28905523764291,84.75987094841469,1744.0,0.0,1744.0,1744.0,16.0,16.0,19.0,16.0,16.0,12.0,21.0,10.0,1.0,0.0,1860.5741024418258,0.0,1270.2952803810509,0.0,0.0,0.0,0.0,0.0,5252.677483422036,3151606.4900532218,4085503.930428475,81.28905523764291,84.818816921501,0.3450892494474012,0.7689392617235941,0.36028137401965956,84.818816921501,0.3542647819438875,4085503.930428475,0.23114575993783632 
 03/24  16:30:00,9.04,49.5,6.305,104.0,165.0,0.0,0.0,0.0,2.0,0.0,0.0,0.0,0.0,0.0,4.0,1422.0,0.0,654.2250598696311,39.34259639747709,100.81426862485745,19.61675183004599,522.1314827348386,0.0,39.34259639747707,53.78431202461848,0.0,0.0,20.423696296366118,-1359.2472609523493,20.9251590588468,230.715856682531,20.181228255532195,-776.9063855974814,19.58093610102389,377.87049153232149,15.219468610072444,57.57250984081665,19.847750848285395,-83.5863868363515,17.197682981263996,274.6858493885202,15.587997054058459,70.46772734496568,16.475688342226765,129.83377541793289,1098.6820737571944,362.1724813469514,0.0,0.0,0.0,0.0,0.0,0.0,0.0,0.0,0.0,0.0,0.0,0.0,0.0,0.0,0.0,0.0,0.0,0.0,0.0,0.0,0.0,0.0,1.1209023114366593,0.34215577272181299,328.7670023788282,385.7884916295152,8274.843704792733,0.2564509178669715,0.039140860480307,239.92257648624389,282.1059725901459,5754.584153249369,1.1162731717299269,0.2109359734939394,265.5331539531662,312.27386581354969,6410.270672114995,0.2839544404742399,0.053657301676916058,274.3336800609664,323.2375392657884,6310.7857493769929,0.0,0.0,12.265568100822858,14.711753157241319,157.57861230406975,0.0,0.0,16.981770366446797,20.044141338335803,365.66686610984359,0.0,0.0,240.67832256611949,286.05175836282026,4336.186040508531,0.0,0.0,34.1037825646682,40.810227342458748,481.1436727988703,0.0,0.0,153.5106259875188,183.28406516004129,2372.334020106826,39.04193487044285,26.777733107299633,506.56675718458726,598.4888024852487,11666.505397932195,0.0,0.0,183.29570758629033,218.58738407228794,2957.545591768897,1854.3985806163653,21.736328043553209,23.777164922037984,22.0,30.0,0.0,21.135434842990887,24.686153321583818,16.0,30.0,0.0,21.188514334954314,25.378491102645947,21.0,30.0,0.0,20.592064818194765,26.019776716077226,16.0,30.0,0.0,15.380247801940906,34.92411823139565,12.0,30.0,0.0,19.844843763958524,30.290166106971769,19.0,30.0,0.0,18.02123930601352,29.657443457358249,10.0,30.0,25.729529418465157,16.022072783597844,33.55091565590526,16.0,30.0,0.0,16.706301763267179,32.14916438174434,16.0,30.0,0.0,19.79313140564733,0.0,0.0,0.0,17.041127808645144,0.0,0.0,489.0920594397137,489.45921075258397,533.0355098890223,515.8210861731561,461.73146443209648,708.951041245294,471.4197248633119,465.1604771772892,467.0045537170315,8669.16361239766,82.27267818924087,82.27267818924087,1744.0,0.0,1744.0,1744.0,16.0,16.0,19.0,16.0,16.0,12.0,21.0,10.0,1.0,0.0,1854.3985806163653,0.0,0.0,0.0,0.0,0.0,25.729529418465157,0.0,0.0,0.0,0.0,82.27267818924087,82.27267818924087,0.34,0.7711284732463926,0.36028137401965956,82.27267818924087,0.3542647819438875,0.0,0.019959111111111116 
 03/24  16:40:00,8.93,49.666666666666667,6.153333333333332,93.5,170.33333333333332,0.0,0.0,0.0,2.0,0.0,0.0,0.0,0.0,0.0,4.0,2844.0,0.0,676.6798072619347,36.77647646888801,94.23863583686652,20.290031730988994,540.0522164689417,0.0,36.776476468888,50.27623153248612,0.0,0.0,20.472529912518224,-1323.3974220090682,20.982473229681035,174.32992325013402,20.159722292610036,-797.3390142436556,19.451832739411583,359.43176365570027,15.259486557977026,56.966958914269657,19.897962667400983,-82.73795231933062,17.245191232869386,264.81545322556488,16.097081391656429,8.281543247846316,16.486108471567087,135.20654549454117,1049.0367601918425,397.32156602980128,0.0,0.0,0.0,0.0,0.0,0.0,0.0,0.0,0.0,0.0,0.0,0.0,0.0,0.0,0.0,0.0,0.0,0.0,0.0,0.0,0.0,0.0,1.0195338347730357,0.3112130142774834,303.4223871259212,356.36971194882707,7687.836911061988,0.22666409097309687,0.034594641479410399,209.74764729298566,246.7769565487072,5100.181399393727,1.2543799732433568,0.2370332526914885,273.1069148539565,321.3463930723723,6619.302154465444,0.3098178385647017,0.058544565110487837,288.4129759024703,340.2714893850691,6533.063119242837,0.0,0.0,12.102038547967308,14.524514586996413,158.92072463931928,0.0,0.0,16.599600013463549,19.603837545748598,363.22451979002406,0.0,0.0,242.41665193415646,288.2917631286866,4438.488459821949,0.0,0.0,27.517863207775755,32.869122960164037,440.5011164331258,0.0,0.0,161.25947533528834,192.66419771576845,2528.2649857869625,38.69021697836588,26.53649998516179,488.5419677367696,577.7995391560072,11232.770751154776,0.0,0.0,186.48278676603719,222.5553933525458,3047.4346587934026,1813.7903576367949,21.70790918627723,23.935520399811,22.0,30.0,0.0,21.19927006649768,24.6872288452737,16.0,30.0,0.0,21.115201848657255,25.547693383178669,21.0,30.0,0.0,20.326477836277016,26.713042782166189,19.0,30.0,0.0,15.413086113486897,34.93110806779137,12.0,30.0,0.0,19.91520536842285,30.71098827647581,19.0,30.0,0.0,18.06095081504464,29.72655816608374,10.0,30.0,585.9745237063014,16.89202738066413,31.865658896518675,16.75,30.0,0.0,16.709193858451646,32.30780597578564,16.0,30.0,0.0,19.644692987526278,0.0,0.0,0.0,17.035255140636307,0.0,0.0,498.55321498523997,497.5689041363796,539.8049456453746,532.4592881197298,466.818713147795,741.72931723927,480.56464267226837,472.13823323566836,476.09727074605748,8648.500207879591,82.28638576239792,82.28638576239792,1744.0,0.0,1744.0,1744.0,16.0,19.0,19.0,16.0,16.0,12.0,21.0,10.0,1.0,0.0,1813.7903576367949,0.0,0.0,0.0,0.0,0.0,585.9745237063014,0.0,0.0,0.0,0.0,82.28638576239792,82.28638576239792,0.34,0.7710772927958234,0.36028137401965956,82.28638576239792,0.3542647819438875,0.0,0.02121866666666667 
 03/24  16:50:00,8.82,49.833333333333339,6.001666666666667,83.0,175.66666666666669,0.0,0.0,0.0,2.0,0.0,0.0,0.0,0.0,0.0,4.0,1422.0,0.0,647.0461204099514,33.033007791246777,84.64611068430566,19.401466999746263,516.4017447002295,0.0,33.03300779124675,45.15862603999366,0.0,0.0,20.52800782716875,-1306.3142190441814,20.9931374719326,151.38107080540568,20.48446427818929,-1080.9496041233416,19.40494852509257,391.2322033940709,15.301819804803362,55.718155994640657,19.934504870038074,-83.16607451520344,17.277463020503377,250.98263712376684,15.86880756255906,33.42981537909935,16.500332201813209,128.3845032911604,1027.8212500813953,423.8265995538318,0.0,0.0,0.0,0.0,0.0,0.0,0.0,0.0,0.0,0.0,0.0,0.0,0.0,0.0,0.0,0.0,0.0,0.0,0.0,0.0,0.0,0.0,1.008151912742775,0.3077386791034112,292.55999856391886,343.3251328261184,7473.920526428812,0.22043451305171275,0.03364385119836885,198.0641100660029,232.82583298183654,4862.719834056847,1.292617547892639,0.24425879589808004,281.88549677346557,330.9365849398615,7119.298611511853,0.31994707877128,0.06045863166501887,297.47061965008705,350.79606930307775,6746.783283052305,0.0,0.0,11.995485853812017,14.382538410985877,161.16059281751377,0.0,0.0,16.389665632382348,19.33137759002431,364.26277054110769,0.0,0.0,243.45767351906427,289.2630884624051,4518.533152075231,0.0,0.0,27.636221123017586,33.020271530175367,423.04727465218687,0.0,0.0,162.28905931383248,193.72995361148399,2583.5973811788037,38.39162232726076,26.331702556420287,485.3575157499637,573.6841649305328,11211.210246468883,0.0,0.0,188.0466960794224,224.25147121342088,3102.3297084795628,1771.4325373700809,21.70136935178426,24.043071436140268,22.0,30.0,0.0,21.20710338683631,24.78327015954232,16.0,30.0,887.954251297758,21.53170463182039,24.97647272936528,21.5,30.0,0.0,20.225081684893646,26.944674801013649,19.0,30.0,0.0,15.453874374634733,34.97314283019221,12.0,30.0,0.0,19.979415019489794,31.126809513302264,19.0,30.0,0.0,18.075989266240005,29.801534038031968,10.0,30.0,0.0,16.418209033205849,32.995284126503339,16.0,30.0,0.0,16.719188008749684,32.426199319999167,16.0,30.0,0.0,19.581432216392189,0.0,0.0,0.0,17.00134390455769,0.0,0.0,505.82452233458016,505.48450922484838,545.7513104573638,538.2003910554943,474.38744287908187,773.015428898492,486.8559508610196,480.62374510674018,483.87538412888218,8211.457446677718,82.57495519594807,86.08891034172686,1744.0,0.0,1744.0,1744.0,16.0,19.0,19.0,16.0,16.0,12.0,21.0,10.0,1.0,0.0,1771.4325373700809,0.0,887.954251297758,0.0,0.0,0.0,0.0,0.0,5317.900607380117,3190740.3644280706,4158350.9205123574,82.57495519594807,86.1485889656327,0.34726335357933726,0.7684008605767349,0.36028137401965956,86.1485889656327,0.3542647819438875,4158350.9205123574,0.23842180342219819 
 03/24  17:00:00,8.71,50.0,5.85,72.5,181.0,0.0,0.0,0.0,2.0,0.0,0.0,0.0,0.0,0.0,4.0,2133.0,0.0,615.4100288342866,29.212439490467117,74.8560196727202,18.452860864090707,491.1531720873337,0.0,29.2124394904671,39.93561951738204,0.0,0.0,20.615997725582497,-1335.456662456557,20.997787455298114,167.26520784149109,20.499887339233007,-1146.9667503851272,19.514538314648175,571.0666001993211,15.33914404398995,54.62845470330013,19.950252870310288,-84.64779527236732,17.29033893638694,240.6065957929673,15.697198565941573,58.760406208258149,16.50484803258155,113.60691914834185,1053.0315169269885,445.394464426926,0.0,0.0,0.0,0.0,0.0,0.0,0.0,0.0,0.0,0.0,0.0,0.0,0.0,0.0,0.0,0.0,0.0,0.0,0.0,0.0,0.0,0.0,1.120086312780893,0.3419066888830568,294.86465355559167,346.1060064155986,7630.339021377425,0.24299985318423637,0.03708788968013379,205.01837673472856,241.0919888041157,5081.304013167079,1.1942549381619166,0.22567175702228227,328.70107015474636,386.40759234398868,8242.983377055207,0.3282502147888781,0.06202762940077065,343.6619160384692,405.2489721812621,8001.529321323393,0.0,0.0,11.994983963021836,14.386694679717659,164.5479991961369,0.0,0.0,16.488979945052429,19.456018345923785,371.0145429536327,0.0,0.0,245.99812674502864,292.42884358660538,4611.495331423851,0.0,0.0,34.188595701265509,40.911711837439607,511.34460766851569,0.0,0.0,160.15415603058433,191.27065719872292,2582.75441993245,38.26814407282226,26.24701239562572,539.1929854182977,637.4344792454236,12602.980839404816,0.0,0.0,190.11856229421958,226.86220976876766,3160.6603949804505,1805.7354311704476,21.757790358205875,24.09365769566119,22.000000000000019,30.00000000000002,0.0,21.215875711762288,24.902199849622077,16.000000000000015,30.00000000000002,0.0,21.32591017268468,25.400611715090514,21.000000000000015,30.00000000000002,0.0,20.430071046717737,26.696918867025347,19.000000000000015,30.00000000000002,0.0,15.485629682682554,35.025544247220839,12.00000000000001,30.00000000000002,0.0,20.01074022425164,31.381105526947964,19.000000000000015,30.00000000000002,0.0,18.05971506901939,29.99368651061223,10.000000000000007,30.00000000000002,0.0,16.118917964027547,33.797535645473669,16.000000000000015,30.00000000000002,0.0,16.712999442379976,32.59707468785719,16.000000000000015,30.00000000000002,0.0,19.688330575192134,0.0,0.0,0.0,16.954415658095589,0.0,0.0,516.1057492675411,515.1239382240656,551.2742289221167,543.6893749374881,481.03512766622318,790.9983567323633,496.5765573078544,489.490384288976,492.5538860252386,9655.939409788818,81.62023430034498,83.90631926181797,1744.0000000000014,0.0,1744.0000000000014,1744.0000000000014,16.0,19.0,19.0,16.0,16.0,12.0,21.0,10.0,1.0,0.0,1805.7354311704476,0.0,0.0,0.0,0.0,0.0,0.0,0.0,3459.768777113962,2075861.2662683759,2690084.0955127605,81.62023430034498,83.94514457374504,0.3419922925704656,0.7669208917093656,0.3602813740196598,83.94514457374504,0.3542647819438878,2690084.0955127605,0.16304081741110799 
 03/24  17:10:00,8.538333333333334,50.833333333333339,5.776666666666666,61.99999999999999,186.33333333333332,0.0,4.0,0.0,0.0,0.0,0.0,0.0,0.0,0.0,0.0,1422.0,0.0,581.6151513014385,25.31453826722879,64.86776500323987,17.439524317629457,464.18169253017359,0.0,25.31453826722878,34.606893026792928,0.0,0.0,20.54636871834758,-1310.0387488742554,20.97583142533924,81.77709851299074,20.46785838753631,-116.2272054864934,19.489303191074144,-50.531544285338217,15.379589915040678,55.66123592867956,19.749552523410427,-279.4633663236707,17.40190560286328,284.85791569689448,15.958237676765285,29.071222937031395,16.50415712000921,109.65796293475614,927.7499144420826,515.9980176947343,0.0,0.0,0.0,0.0,0.0,0.0,0.0,0.0,0.0,0.0,0.0,0.0,0.0,0.0,0.0,0.0,0.0,0.0,0.0,0.0,0.0,0.0,1.1952711099278517,0.3648568711623479,327.65466804012808,384.78861891786166,8441.871643155688,0.23346436386108464,0.03563253416683221,127.04886977694304,149.44308826997279,3190.1495384698075,1.19429080136053,0.22567853389276838,128.1221970077864,150.36779811140668,3335.942385588268,0.32934679818067338,0.06223484470534263,31.283742088182075,36.87636981018507,733.5315981004094,0.0,0.0,12.099052260971308,14.50230116842047,171.09787227752083,0.0,0.0,84.95311208145979,100.37263641473996,1886.2578357134376,0.0,0.0,326.2515442406588,387.30582355332128,6344.170477044774,0.0,0.0,37.70093090507487,45.02364200381217,608.2202741252277,0.0,0.0,170.74836515455173,203.79073297800728,2809.099744620241,38.08173857461635,26.119162259682008,256.9475614851548,304.086035017378,6308.321502979739,0.0,0.0,203.58143366730705,242.73089135772308,3464.1251084506704,1699.725854994982,21.545003819041349,24.441756700967355,22.0,30.0,0.0,21.176597648989806,25.03712438195446,16.0,30.0,1086.9338557085758,21.540788554436323,24.480861826415109,21.5,30.0,0.0,20.21465625317339,29.908610094507134,19.0,30.0,0.0,15.524784161468699,35.23342462824668,12.0,30.0,0.0,19.670254648220359,28.26465131988575,16.0,30.0,0.0,18.243614914887468,30.498716196395237,10.0,30.0,524.9935472888625,16.514919423736829,33.145002243107459,16.5,30.0,0.0,16.702376401252896,32.82158295631643,16.0,30.0,0.0,19.21746449961536,0.0,0.0,0.0,16.972663889013988,0.0,0.0,520.1258642264565,520.8091196601292,519.3216749699047,711.4828098848778,495.6328356683065,564.8608276953225,543.6027138170974,498.76095874785298,503.32550220138719,10765.853914370498,80.88618518279574,87.8812014027254,162.0,0.0,162.0,162.0,16.0,19.0,16.0,16.0,16.0,12.0,21.0,10.0,1.0,0.0,1699.725854994982,0.0,1086.9338557085758,0.0,0.0,0.0,524.9935472888625,0.0,10586.067347478516,6351640.4084871099,8313700.327239161,80.88618518279574,88.0,0.35286891158261726,0.7640409403283655,0.36028137401965956,88.0,0.3542647819438875,8313700.327239161,0.4345534170164364 
 03/24  17:20:00,8.366666666666668,51.66666666666667,5.703333333333333,51.5,191.66666666666669,0.0,4.0,0.0,0.0,0.0,0.0,0.0,0.0,0.0,0.0,1422.0,0.0,545.4235693943202,21.338710464858566,54.67982548978311,16.35432350565214,435.2974260199234,0.0,21.338710464858555,29.171634994546069,0.0,0.0,20.66366263182909,-1305.8043705928654,20.980813763120133,185.9563609178208,20.20412261288113,-144.62525087428885,19.420253817449173,-6.055323309547475,15.415131812161,52.558804557891537,19.576469454537329,-178.2628028786812,17.42798540553958,262.3357742896087,16.040397516858886,17.96320742778596,16.509748918317368,118.88348585704262,864.6547718420725,549.2697006972262,0.0,0.0,0.0,0.0,0.0,0.0,0.0,0.0,0.0,0.0,0.0,0.0,0.0,0.0,0.0,0.0,0.0,0.0,0.0,0.0,0.0,0.0,1.2362237925286135,0.37735769002704935,275.53261012293526,323.524949049764,7249.362980531267,0.2652183598908552,0.04047899265733444,192.99572038795785,226.9507120406144,4925.0560854702439,1.0526027037170505,0.19890451695333537,27.777889270412488,32.65345694777361,734.4700471596502,0.370542934999471,0.07001945105810108,38.9529274250127,45.93092282368927,915.0786788268506,0.0,0.0,11.283197638039824,13.520945066657025,164.14015586545916,0.0,0.0,69.03590556443752,81.61491751010888,1526.9707669621149,0.0,0.0,309.5308932452466,367.4606177743442,6125.037090842617,0.0,0.0,26.331797046618556,31.437284671043459,436.1850603804264,0.0,0.0,176.60032906622085,210.77055664477087,2967.5172657760888,38.18227071481648,26.18811434486728,222.52646600417916,263.5888856620615,5547.129714550048,0.0,0.0,201.86818846291016,240.69834617910218,3501.1205113945036,1799.7448325127403,21.699470642957658,24.401416113042939,22.0,30.0,0.0,21.221291166420529,24.972698116609878,16.0,30.0,6.892328302445851,21.191705343289088,25.035890438331326,21.0,30.0,0.0,20.072110351136297,31.20179992793195,19.0,30.0,0.0,15.554808154568365,35.49025311494138,12.0,30.0,0.0,19.45562376231374,28.174962251612457,16.0,30.0,0.0,18.244038594626934,30.260952436021964,10.0,30.0,0.0,16.59346047023918,33.26309167845229,16.0,30.0,0.0,16.70598947370716,33.18489554918759,16.0,30.0,0.0,18.854917478523864,0.0,0.0,0.0,16.968955055891926,0.0,0.0,536.8486892272406,524.6745973551649,524.9532745676105,781.6472046416602,511.68002684129166,538.6865049443354,532.5680871860585,514.5496631320169,523.1133990423114,7139.347616490829,83.2839088979467,83.2839088979467,162.0,0.0,162.0,162.0,16.0,19.0,16.0,16.0,16.0,12.0,21.0,10.0,1.0,0.0,1799.7448325127403,0.0,6.892328302445851,0.0,0.0,0.0,0.0,0.0,0.0,0.0,0.0,83.2839088979467,83.2839088979467,0.34,0.7689966755053942,0.36028137401965956,83.2839088979467,0.3542647819438875,0.0,0.002205 
 03/24  17:30:00,8.195,52.5,5.63,41.0,197.0,0.0,4.0,0.0,0.0,0.0,0.0,0.0,0.0,0.0,0.0,4977.0,0.0,552.2441524280116,18.109153428673478,46.40416050268712,16.558819473164019,440.7406875700698,0.0,18.10915342867347,24.756585678008855,0.0,0.0,20.734178679672355,-1413.952978280335,20.970147857383219,190.26669667999867,20.52105403495695,-481.6631625720351,19.386601986633545,-6.994809076994013,15.449078857452575,50.73413613390675,19.473529247080174,-170.8517290115613,17.43910139785298,261.92820548812758,15.832796652155978,41.66777962410554,16.515424493742409,101.6595414946543,961.3066081586865,552.3250668296988,0.0,0.0,0.0,0.0,0.0,0.0,0.0,0.0,0.0,0.0,0.0,0.0,0.0,0.0,0.0,0.0,0.0,0.0,0.0,0.0,0.0,0.0,1.2384261124717453,0.3780299488619488,348.9431243593433,409.81813573973747,9352.451654841072,0.2689241130057987,0.04104458379209379,214.48107684411543,252.33628247563403,5525.432917159723,1.1176030076911455,0.21118726524775978,136.6438095083046,160.5591815973462,3689.604430675892,0.3761109619660805,0.07107161034884353,38.75504299371734,45.754980348682149,917.9849390907488,0.0,0.0,11.28930419634876,13.541616475453595,168.65936298613594,0.0,0.0,69.28816074545554,82.04749508361825,1538.6701432542193,0.0,0.0,310.5492246419856,369.11383754229356,6237.292304500971,0.0,0.0,33.63112169939935,40.239395294721699,547.9848228583165,0.0,0.0,171.00461592035129,204.31464558977044,2932.0905108791605,38.19383993902959,26.196049340898193,284.85061599017788,337.2374136801325,7175.584393860397,0.0,0.0,200.99726113007714,240.00683506396224,3517.9082803163189,1693.2771293508329,21.723256997878054,24.463034688628818,21.999999999999976,29.999999999999969,0.0,21.192345190822956,25.204077206894483,15.999999999999983,29.999999999999969,1220.837538555807,21.662139537005417,24.517777690942958,21.428571428571407,29.999999999999969,0.0,19.99813650399389,31.642528678982246,18.99999999999998,29.999999999999969,0.0,15.579742131343098,35.590806244557558,11.999999999999986,29.999999999999969,0.0,19.324158097642714,28.308759761581898,15.999999999999983,29.999999999999969,0.0,18.221102535907656,30.30472749125718,9.99999999999999,29.999999999999969,0.0,16.27517277895905,34.17797963804951,15.999999999999983,29.999999999999969,0.0,16.706678531938587,33.344199241096358,15.999999999999983,29.999999999999969,0.0,19.317080283719723,0.0,0.0,0.0,16.875436821541997,0.0,0.0,546.7805410167945,540.5935633263079,543.0439432007377,804.980074299678,520.1790070401675,534.7562392269684,535.2343310813637,527.4881442442094,533.0211405477995,8984.358013080295,82.0642425736621,84.05532812698067,161.9999999999998,0.0,161.9999999999998,161.9999999999998,16.0,19.0,16.0,16.0,16.0,12.0,21.0,10.0,1.0,0.0,1693.2771293508329,0.0,1220.837538555807,0.0,0.0,0.0,0.0,0.0,3013.2649076651489,1807958.9445990909,2358629.2652697267,82.0642425736621,84.08914336962642,0.3432993064459809,0.7672595715225573,0.3602813740196592,84.08914336962642,0.3542647819438872,2358629.2652697267,0.12481772179402576 
 03/24  17:40:00,8.023333333333334,53.33333333333333,5.556666666666667,34.50000000000001,164.16666666666669,0.0,4.0,0.0,0.0,0.0,0.0,0.0,0.0,0.0,0.0,711.0,0.0,464.06672526197527,14.999090210482163,38.434691078498747,13.914850027027033,370.3670898315497,0.0,14.999090210482155,20.504893470063537,0.0,0.0,20.741044489856784,-1533.675243414325,20.901925547296665,87.06464297363979,20.09143265074779,15.016060723398363,19.345549180633737,-22.756476552852058,15.482977213081565,48.585728566487819,19.333146006837809,-142.57294449541628,17.428350748282989,227.39320024594228,15.672502773512776,64.64718607346228,16.51252304817853,103.31131250151427,968.9062550946361,587.5374589977525,0.0,0.0,0.0,0.0,0.0,0.0,0.0,0.0,0.0,0.0,0.0,0.0,0.0,0.0,0.0,0.0,0.0,0.0,0.0,0.0,0.0,0.0,1.2606308012246035,0.384807936881747,326.41426434338737,382.3731440569465,8830.873962570264,0.24585260359713138,0.03752329114730331,145.2891400545371,170.51758041888116,3770.0976222138035,1.2278050064945539,0.23201152806019538,107.44874370142469,126.14741907554186,2796.1633403829225,0.3611361380375572,0.06824190061178325,35.18210315911282,41.413578221638868,840.0185400692352,0.0,0.0,10.99291134688431,13.147815960751766,168.82939741783245,0.0,0.0,66.50509460739312,78.57337802786101,1479.881532084283,0.0,0.0,309.0018977161502,366.3320791564362,6278.361257814529,0.0,0.0,36.21877070721525,43.25991132007815,583.7336819073732,0.0,0.0,170.97916208460624,203.72759961845075,2988.2817773093954,37.975512044769029,26.046304557454755,259.9733208891891,307.09360558499966,6634.5677242167289,0.0,0.0,202.68170732502663,241.41178206217809,3590.1033099927587,1914.1539003047449,21.656023498458969,24.68655917222096,21.999999999999994,29.99999999999999,0.0,21.102684209289796,25.521392034757147,20.999999999999994,29.99999999999999,327.62462131619568,21.009781681785087,25.631909751461757,20.999999999999994,29.99999999999999,0.0,19.905019084272469,32.24972171209534,18.999999999999994,29.99999999999999,0.0,15.613377569114436,35.67327868533122,11.999999999999997,29.99999999999999,0.0,19.165764441859918,28.60363849348876,15.999999999999995,29.99999999999999,0.0,18.160432554571544,30.493068825883193,9.999999999999997,29.99999999999999,10.508021738909468,16.000148258192014,34.897335166057739,15.999999999999995,29.99999999999999,0.0,16.69623486054315,33.39504517630174,15.999999999999995,29.99999999999999,0.0,19.202722317905594,0.0,0.0,0.0,16.80340137654584,0.0,0.0,558.2281692992534,556.3287317810355,553.8491143364128,838.270511513826,530.2351504233677,538.6242695159681,541.6034389411926,535.9366748137155,536.929546728206,8942.758734040974,82.09186175440814,82.09186175440814,161.99999999999995,0.0,161.99999999999995,161.99999999999995,21.0,19.0,16.0,16.0,16.0,12.0,21.0,10.0,1.0,0.0,1914.1539003047449,0.0,327.62462131619568,0.0,0.0,0.0,10.508021738909468,0.0,0.0,0.0,0.0,82.09186175440814,82.09186175440814,0.3399999999999999,0.7722491824315605,0.36028137401965945,82.09186175440814,0.3542647819438874,0.0,0.0021330000000000005 
 03/24  17:50:00,7.851666666666667,54.16666666666667,5.483333333333333,28.000000000000005,131.33333333333335,0.0,4.0,0.0,0.0,0.0,0.0,0.0,0.0,0.0,0.0,2844.0,0.0,362.18723319604916,11.964125541968599,30.657669658579356,10.860033163544129,289.058045504853,0.0,11.964125541968594,16.355866673105778,0.0,0.0,20.493780761996577,-1011.3068531219738,20.842715887319885,178.05635259147233,20.597966913440705,-727.7914889754827,19.350803943336019,13.070841406311729,15.502381926559064,45.840944988796028,19.226558421345275,-138.02238935570859,17.439555431152038,234.90652452653286,16.17799466066653,-8.136181121025175,16.497297091589606,55.50356379670666,1008.55529368614,584.137123150567,0.0,0.0,0.0,0.0,0.0,0.0,0.0,0.0,0.0,0.0,0.0,0.0,0.0,0.0,0.0,0.0,0.0,0.0,0.0,0.0,0.0,0.0,1.309335511687984,0.39967506461782167,383.0128372345802,450.24346797945267,10289.011436987988,0.28064941820017949,0.042834160286962689,186.56107555851185,219.3784693957737,4903.010039344381,1.0373830112637899,0.1960285357641327,179.95731385842624,211.23399524409329,5030.303248334314,0.3838609867719789,0.07253608971503757,39.980640485528137,47.187344144323848,967.6712390346804,0.0,0.0,10.908383373650075,13.076703658470695,171.4437820378194,0.0,0.0,64.60009300663194,76.52360647896592,1449.84032635723,0.0,0.0,298.4552808736032,354.6719582796488,6161.93533699328,0.0,0.0,27.102018781313978,32.36170623361242,491.66855153139667,0.0,0.0,169.97851038620378,203.03085760213106,3016.562354462074,38.06596814199902,26.108345776405377,324.07513872341749,383.63568998378096,8270.02673044113,0.0,0.0,194.5395807457934,232.36724873672837,3462.192492177977,1142.9755389105697,21.378339408777273,25.203125135682649,21.75,30.0,0.0,21.086084208573067,25.581103391722249,21.0,30.0,1443.7405872460554,21.805601648047188,24.525113613014857,21.5,30.0,0.0,19.908404888265215,32.094481197729127,19.0,30.0,0.0,15.622690834327525,35.702446054448987,12.0,30.0,0.0,19.091383746093624,28.764249355081927,16.0,30.0,0.0,18.155925914557256,30.554034305877594,10.0,30.0,570.9840009270903,16.88555524761017,33.015611247128877,16.75,30.0,0.0,16.661205594007158,33.515637496871047,16.0,30.0,0.0,19.30867156900857,0.0,0.0,0.0,16.672251284703905,0.0,0.0,564.2831324231142,559.1001171564205,562.6089174845895,832.8081402376342,533.7836911074643,541.5801581578537,546.295866449389,538.7407045948279,541.1034366873759,9039.9482223018,82.02742823378681,83.8092591710715,162.0,0.0,162.0,162.0,21.0,19.0,16.0,16.0,16.0,12.0,21.0,10.0,1.0,0.0,1142.9755389105697,0.0,1443.7405872460554,0.0,0.0,0.0,570.9840009270903,0.0,2696.523600064856,1617914.1600389137,2119500.599101114,82.02742823378681,83.83952057565937,0.3448841200021619,0.7671920692870121,0.36028137401965956,83.83952057565937,0.3542647819438875,2119500.599101114,0.11236503115325795 
 03/24  18:00:00,7.68,55.0,5.41,21.5,98.5,0.0,4.0,0.0,0.0,0.0,0.0,0.0,0.0,0.0,0.0,2844.0,0.0,253.74617284824968,9.01195984531042,23.09282828927453,7.608472936166162,202.51230597913216,0.0,9.011959845310415,12.320032348058007,0.0,0.0,20.549412755438014,-1162.1078140679256,21.151908497716599,-219.32100961579239,20.4911801247127,-455.40872024756279,19.34840044794253,-15.045486875663244,15.51879461052776,42.04732279676891,19.091767290548085,-128.9757095956345,17.4219200551065,179.8292867541295,15.9860191757071,4.748023649619341,16.458478498148609,36.75483842016388,1039.760451057948,601.5275579004824,0.0,0.0,0.0,0.0,0.0,0.0,0.0,0.0,0.0,0.0,0.0,0.0,0.0,0.0,0.0,0.0,0.0,0.0,0.0,0.0,0.0,0.0,1.2835104161765954,0.39179194632985206,437.3460716902173,514.4964863562609,11736.180274733535,0.24487127697543496,0.03737351602189178,193.93897052295763,228.10220711141569,5241.017636539927,1.198129823300333,0.22640397265690355,208.88210145132767,245.40424669363609,5740.935661388195,0.3626689588946882,0.06853154929982768,35.2613412766192,41.61528724522184,864.7023676234237,0.0,0.0,10.552591342312346,12.649839223184913,169.6603374932759,0.0,0.0,62.02364759681388,73.49711892342731,1399.5147210908343,0.0,0.0,295.81804796208709,351.59184821842765,6174.331531032067,0.0,0.0,29.169272594665025,34.86300847985784,517.9863435597724,0.0,0.0,168.04464488712396,200.76190782899989,3017.895054272166,37.88479790023952,25.98408635133027,380.21607011318937,449.9721346020453,9785.10087165239,0.0,0.0,194.89624592066745,232.87294355100199,3490.943549802574,1771.2288353895904,21.312107364854833,25.387112755946999,22.0,30.0,1096.1775917875505,21.443506478454148,25.167457534392406,21.5,30.0,1434.001334886304,21.54090099387752,25.02074534260656,21.5,30.0,0.0,19.88763513186267,32.37027459712452,19.0,30.0,0.0,15.630505715308594,35.77835394284266,12.0,30.0,0.0,18.976443815287348,29.054972446607875,16.0,30.0,0.0,18.09529776250405,30.777944004759794,10.0,30.0,0.0,16.486325296656998,33.96209947215744,16.0,30.0,0.0,16.593258396713759,33.77891137532677,16.0,30.0,0.0,19.409326339458077,0.0,0.0,0.0,16.55333553599917,0.0,0.0,570.9427611603481,569.9209016328027,570.1897166144988,850.4562899643363,540.3506773325305,549.005435836383,554.812440858048,546.2537371157114,549.9963697192218,10378.382671451822,81.1424371078904,86.40120527881945,162.0,0.0,162.0,162.0,21.0,19.0,16.0,16.0,16.0,12.0,21.0,10.0,1.0,0.0,1771.2288353895904,1096.1775917875505,1434.001334886304,0.0,0.0,0.0,0.0,0.0,7958.458651961575,4775075.191176945,6236421.133030994,81.1424371078904,86.49051662027407,0.35028195506538586,0.7667111525119856,0.36028137401965956,86.49051662027407,0.3542647819438875,6236421.133030994,0.32646289891761168 
 03/24  18:10:00,7.463333333333334,56.16666666666667,5.37,14.999999999999999,65.66666666666666,0.0,0.0,0.0,0.0,0.0,0.0,4.0,0.0,0.0,0.0,2844.0,0.0,147.27682934811413,5.8205703142839149,14.915001743867265,4.4160354216949699,117.54019163162212,0.0,5.820570314283911,7.957160904732584,0.0,0.0,20.62963390397175,-600.3101119899266,21.278640354036179,-143.8361274556853,20.743583918817806,-1721.3359581044948,19.47016292820419,726.2626538756201,15.530657881768559,41.29059035765262,18.955046947244978,-108.29027006252403,17.38287407641706,185.54739897364244,15.774684630857952,23.928391336782,16.422696242995899,28.08658954767361,987.1974380309534,652.2295816422402,0.0,0.0,0.0,0.0,0.0,0.0,0.0,0.0,0.0,0.0,0.0,0.0,0.0,0.0,0.0,0.0,0.0,0.0,0.0,0.0,0.0,0.0,1.344745694263048,0.4104840336578291,215.36822378450493,253.30007331160008,5922.305811576429,0.15484703348741467,0.023633552119568789,24.31793279806268,28.5255008311923,694.9566101813293,1.3860793572672126,0.26191975760907279,421.7147925882979,495.0814557796417,11839.310369281851,0.3640538227357295,0.06879323936805167,331.24192040442179,390.4692884864859,8458.044868947674,0.0,0.0,10.467416495381272,12.547389476472917,172.92968898752847,0.0,0.0,57.90919004042979,68.63599597220477,1319.7405299784878,0.0,0.0,299.46979258042838,356.0372578321649,6323.230543738861,0.0,0.0,34.44794696879305,41.22343834641619,602.7187969654772,0.0,0.0,171.39611453167402,204.81885015421777,3134.0673873139496,38.21866532304737,26.213076353256093,411.1343220269463,486.71839926124269,10471.978507875683,0.0,0.0,201.8147098021759,241.2250490247851,3667.6795576647066,976.1361210977937,21.397801399229125,26.84626603139649,21.5,30.0,0.0,21.84139355472557,27.523262844574775,21.0,30.0,2307.779732395079,21.691575859692859,25.063326847407489,21.5,30.0,0.0,20.225549986594126,27.923250612354214,16.0,30.0,0.0,15.633654516334408,35.936864332470488,12.0,30.0,0.0,18.870591140922497,29.505720321292558,16.0,30.0,0.0,17.995913950891315,31.551408053217189,10.0,30.0,0.0,16.129399802008807,34.92889642155994,16.0,30.0,0.0,16.536616002496495,34.15720395815612,16.0,30.0,0.0,19.13299012948234,0.0,0.0,0.0,16.462934958342197,0.0,0.0,673.3641789066953,737.4927054512591,590.7046818920229,619.9289444694301,550.1887566371465,565.5916927194604,587.1561744717491,557.8848912807991,564.8582630309663,8640.733896396505,82.29137880421803,84.01325798661502,240.0,0.0,240.0,240.0,21.0,16.0,16.0,16.0,16.0,12.0,21.0,10.0,1.0,0.0,976.1361210977937,0.0,2307.779732395079,0.0,0.0,0.0,0.0,0.0,2605.886726908057,1563532.0361448343,2033878.2763700488,82.29137880421803,84.04250121137872,0.3418628908969353,0.7653976765954961,0.36028137401965956,84.04250121137872,0.3542647819438875,2033878.2763700488,0.10900167037124255 
 03/24  18:20:00,7.246666666666666,57.333333333333339,5.33,0.0,0.0,0.0,0.0,0.0,0.0,0.0,0.0,4.0,0.0,0.0,0.0,2844.0,0.0,0.0,0.0,0.0,0.0,0.0,0.0,0.0,0.0,0.0,0.0,20.766038499133648,-525.7778157735784,21.091650172136313,-123.39913290479865,20.793089930030143,-1501.89526033565,19.66774351544057,476.72538708091636,15.535860419074905,39.88505057079681,18.790610429081505,-96.25994706856318,17.370937313336165,186.88345647727147,16.272312140218376,-16.472028853594908,16.37922496873766,1.5050597656656919,1013.9635302547708,677.5625606641163,0.0,0.0,0.0,0.0,0.0,0.0,0.0,0.0,0.0,0.0,0.0,0.0,0.0,0.0,0.0,0.0,0.0,0.0,0.0,0.0,0.0,0.0,1.3961631937135808,0.4261792410603116,216.75183039344098,255.00427321869354,6060.233326986878,0.16580201592907135,0.0253055579867325,23.57826025724544,27.662414520300826,676.0619269153949,1.4138119707839039,0.26716023635372346,382.7046914278645,449.38574894690029,10895.577046116752,0.3448958497852647,0.06517306307355719,281.3737113404353,331.4014319160474,7440.420726709324,0.0,0.0,10.457497627179042,12.5350849787782,177.27100067482349,0.0,0.0,55.915711321395708,66.2970136872448,1285.0381089861583,0.0,0.0,292.34468298419969,347.62080543625117,6277.000481412149,0.0,0.0,26.613719356382366,31.80600752022636,505.97258120254937,0.0,0.0,174.26203398331533,208.26975022899868,3239.495861334335,38.40748084823759,26.342579456953087,372.7926591241526,441.24926833291718,9840.071045480363,0.0,0.0,197.42596352266492,236.09971493901745,3616.756299609774,1072.7983188074553,21.52831421694691,25.877827971455404,21.5,30.0,0.0,21.653394898556657,30.489918376551708,21.0,30.0,2075.2441963794706,21.695828967058586,24.869535617478485,21.5,30.0,0.0,20.518191201210155,27.057692741709027,16.0,30.0,0.0,15.63043069210333,36.26682860174829,12.0,30.0,0.0,18.745627696681443,30.10699035616773,16.0,30.0,0.0,17.955663203784295,31.76693633199418,10.0,30.0,705.3529091476357,16.864575098520257,33.84622168646221,16.75,30.0,0.0,16.469240921703056,34.83400198233394,16.0,30.0,0.0,19.1797346818734,0.0,0.0,0.0,16.31106948106171,0.0,0.0,619.2696817346764,882.999678119365,575.3839277703272,594.696457100391,566.6712523058887,587.026153810008,594.087496616359,583.5531200922519,591.2435638452334,10576.389758774429,81.01148933243769,86.31046413624894,240.0,0.0,240.0,240.0,21.0,16.0,16.0,16.0,16.0,12.0,21.0,10.0,1.0,0.0,1072.7983188074553,0.0,2075.2441963794706,0.0,0.0,0.0,705.3529091476357,0.0,8019.2451780127189,4811547.1068076309,6283164.658883764,81.01148933243769,86.40045831980676,0.3523081726004239,0.7670048724677748,0.36028137401965956,86.40045831980676,0.3542647819438875,6283164.658883764,0.32992456226195579 
 03/24  18:30:00,7.029999999999999,58.5,5.29,0.0,0.0,0.0,0.0,0.0,0.0,0.0,0.0,4.0,0.0,0.0,0.0,2846.0,0.0,0.0,0.0,0.0,0.0,0.0,0.0,0.0,0.0,0.0,0.0,20.813820484558428,-567.6919525073683,20.977481405849504,-118.0878864940145,20.853511752957258,-1565.8074490500179,19.706460103220679,429.0991598498615,15.547606003754357,39.51069024957603,18.66623072793321,-82.75432361364938,17.36297929053012,164.96346617579048,16.201824988600785,-27.487767413779495,16.33094424727667,-11.463302002699948,1017.60276680639,741.3669455062641,0.0,0.0,0.0,0.0,0.0,0.0,0.0,0.0,0.0,0.0,0.0,0.0,0.0,0.0,0.0,0.0,0.0,0.0,0.0,0.0,0.0,0.0,1.4322491118877157,0.4371944785982038,209.65608189917794,246.4365578846092,6023.12535091181,0.1759569776573773,0.026855460570417785,22.83990001094072,26.8046986985162,658.9102973771189,1.4334668297305347,0.27087430644945867,361.3660686148729,424.22551708706939,10462.518840232326,0.343918441641734,0.06498836765716817,270.67452001837406,318.75189494154906,7292.044115174596,0.0,0.0,10.46662900967294,12.545526110643799,182.01631091889559,0.0,0.0,51.11633613821379,60.62405786918063,1185.0617292102803,0.0,0.0,291.98604361718136,347.22981395101177,6371.775416924928,0.0,0.0,23.40976385892378,27.94863807114301,460.70534474421859,0.0,0.0,180.3879378388613,215.65607197377057,3406.072828216455,38.56266904862066,26.44901855186603,350.3384482351207,414.65291726263038,9445.906165721957,0.0,0.0,202.12750628095552,241.79919950897188,3751.4978791709766,910.5852775806632,21.559711439605026,25.757863657530874,21.25,30.0,0.0,21.50691323146878,32.13470422651182,21.0,30.0,2102.672254980371,21.68825519678799,24.845519165675129,21.5,30.0,0.0,20.56099832357955,26.947839991913797,16.0,30.0,0.0,15.631243342883153,36.51146496207563,12.0,30.0,0.0,18.62713823676627,30.456552249024499,16.0,30.0,0.0,17.91368855379517,31.934066496899264,10.0,30.0,0.0,16.792157536178949,34.16408013859267,16.0,30.0,0.0,16.39506307225569,35.13755063236731,16.0,30.0,0.0,19.129421063404729,0.0,0.0,0.0,16.207202300510127,0.0,0.0,610.8055173716323,959.2551821706616,569.3145566176102,588.4274207956402,578.6371065333276,593.6485713814344,597.0047612627404,592.2433587831259,596.8760035868484,6165.3266950922629,82.09801756700765,82.09801756700765,240.0,0.0,240.0,240.0,21.0,16.0,16.0,16.0,16.0,12.0,21.0,10.0,1.0,0.0,910.5852775806632,0.0,2102.672254980371,0.0,0.0,0.0,0.0,0.0,0.0,0.0,0.0,82.09801756700765,82.09801756700765,0.255,0.5399631951835854,0.27021103051474468,82.09801756700765,0.2656985864579156,0.0,0.00316 
 03/24  18:40:00,6.813333333333333,59.666666666666667,5.25,0.0,0.0,0.0,0.0,0.0,0.0,0.0,0.0,4.0,0.0,0.0,0.0,5696.0,0.0,0.0,0.0,0.0,0.0,0.0,0.0,0.0,0.0,0.0,0.0,20.841456415341456,-724.6954100325249,20.890854687928724,-108.04210629621739,20.732527528840739,-1298.1533517509939,19.754111989686089,459.78037155087079,15.562908515922987,42.05025238892609,19.267805374211585,-273.6724871496043,17.42186935678195,243.88934880572925,16.982732074566269,-44.51315147978069,16.280074500397654,-36.889627966087008,992.3681067524588,791.353667176135,0.0,0.0,0.0,0.0,0.0,0.0,0.0,0.0,0.0,0.0,0.0,0.0,0.0,0.0,0.0,0.0,0.0,0.0,0.0,0.0,0.0,0.0,1.4251078241676397,0.4350145983417704,144.06320712165786,169.28325481696747,4243.480373063555,0.20493992708708345,0.03127898765065376,19.796362059997997,23.25222293765864,577.1118039823359,1.4408917052647843,0.27227734415434337,301.4451484943786,354.05715481913969,8867.926159583949,0.3579499349359676,0.06763982141647156,313.7819424945341,369.78206667735756,8613.963335126971,0.0,0.0,11.442003644232284,13.718332612813362,204.1450488206135,0.0,0.0,76.48927755959105,90.42569025020282,1958.8705441531684,0.0,0.0,315.5127104898937,375.17894151824467,7085.649192502019,0.0,0.0,19.0426065630825,22.64794073341417,426.28333563678958,0.0,0.0,193.40148527072842,231.32494294027118,3705.811052206876,38.78198813655663,26.599443166362577,310.4136059897179,367.87609344478116,8479.239951443838,0.0,0.0,202.9013643737379,242.88549817437778,3806.953037055905,919.0234781565421,21.59764386463039,25.69602106401842,21.5,30.0,0.0,21.40023032307248,33.24830357383118,21.0,30.0,1737.1307828484963,21.56731248746913,25.197303451763977,21.5,30.0,0.0,20.634027283935674,26.793804451438189,16.0,30.0,0.0,15.638897424176879,36.67174051578901,12.0,30.0,1169.8558996465015,19.61428056294277,28.81011570670803,19.75,30.0,0.0,18.017857933568047,31.852842868651306,10.0,30.0,1345.5142815435525,17.97667974522715,31.795414613495109,20.7,30.0,0.0,16.317102165340417,35.36019792383309,16.0,30.0,0.0,18.953437865088586,0.0,0.0,0.0,16.096299334628517,0.0,0.0,607.1060074600047,1010.6438056268754,575.5713952059341,582.9126515360497,586.5107383460535,601.0343142195662,601.3334066673536,595.1933783110053,597.8034778741208,10388.430213678625,81.13580284663257,84.656097157337,240.0,0.0,240.0,240.0,21.0,16.0,19.0,16.0,19.7,12.0,21.0,10.0,1.0,0.0,919.0234781565421,0.0,1737.1307828484963,0.0,1169.8558996465015,0.0,1345.5142815435525,0.0,5327.4780938562639,3196486.856313758,4151157.85758613,81.13580284663257,84.71588344130785,0.3475826031285421,0.767853910492854,0.36028137401965956,84.71588344130785,0.3542647819438875,4151157.85758613,0.21898020859447876 
 03/24  18:50:00,6.596666666666666,60.833333333333339,5.21,0.0,0.0,0.0,0.0,0.0,0.0,0.0,0.0,4.0,0.0,0.0,0.0,3560.0,0.0,0.0,0.0,0.0,0.0,0.0,0.0,0.0,0.0,0.0,0.0,20.78456413687673,-568.6174999120962,20.815514985740259,-109.51403221793655,20.876664787509868,-1594.979621447123,19.780158496544617,469.62245694073035,15.584129261105277,40.777887644646799,19.10276051753324,-230.07082175281767,17.421284900397575,132.6891733847715,18.05985356198284,-150.712426643042,16.23367605210073,-15.084845103810585,1035.0066686017388,896.2975931018698,0.0,0.0,0.0,0.0,0.0,0.0,0.0,0.0,0.0,0.0,0.0,0.0,0.0,0.0,0.0,0.0,0.0,0.0,0.0,0.0,0.0,0.0,1.4715758928521868,0.4491989904921204,180.09922292831625,211.48196070203375,5366.026952864408,0.20423451551142664,0.031171324101255599,20.935109243094634,24.587446398197323,615.3231794011894,1.401684373439445,0.2648685512924122,350.981635405114,412.14330435381319,10433.710233340547,0.34922331281710669,0.06599079985206097,311.3618176798293,366.78468106078398,8703.227151598196,0.0,0.0,11.279821010233198,13.520729016808389,206.58660818490677,0.0,0.0,76.66832309820802,90.7338454116867,1952.0826530693535,0.0,0.0,317.08716175881457,377.0483871391272,7231.3545767945129,0.0,0.0,32.8235490202283,38.75593661750731,868.4801159409225,0.0,0.0,209.05063295954154,250.0563253625951,4070.941806691653,38.89710314054399,26.67839721573663,351.47909382888647,416.09302455481068,9786.466708890715,0.0,0.0,214.3677952143995,256.5095420098711,4135.086774097571,856.1619363014488,21.45444616124471,25.993704078147088,21.4,30.0,0.0,21.306756185978466,34.06049585853178,21.0,30.0,1729.6223065357063,21.55333046572685,25.298332029317416,21.400000000000003,30.0,0.0,20.66485980328534,26.810034628400396,16.0,30.0,0.0,15.657362781837382,36.809260427880918,12.000000000000002,30.0,0.0,19.360673778402906,29.41278655862926,19.0,30.0,0.0,17.973815951349957,32.02584711047411,10.0,30.0,1282.8835295350503,19.78852290617236,28.483120767625377,20.7,30.0,0.0,16.251948614066863,35.61959446964289,16.0,30.0,0.0,19.04277404113621,0.0,0.0,0.0,16.142165439606289,0.0,0.0,608.5996321900518,1046.8147226798699,577.1370269160681,583.5630878073671,593.5457151173247,606.9984835665334,603.7525832567742,599.3928638388723,601.0919476075136,10298.064901356798,81.1954917850804,84.27449258188844,240.0,0.0,240.0,240.0,21.0,16.0,19.0,16.0,19.7,12.0,21.0,10.0,1.0,0.0,856.1619363014488,0.0,1729.6223065357063,0.0,0.0,0.0,1282.8835295350503,0.0,4659.202098784781,2795521.2592708689,3638414.9493534576,81.1954917850804,84.3267842369994,0.35930673662615938,0.7687261748946206,0.36028137401965956,84.3267842369994,0.35426478194388757,3638414.9493534576,0.19226424403304646 
 03/24  19:00:00,6.38,62.0,5.17,0.0,0.0,0.0,0.0,0.0,0.0,0.0,0.0,4.0,0.0,0.0,0.0,1424.0,0.0,0.0,0.0,0.0,0.0,0.0,0.0,0.0,0.0,0.0,0.0,20.820218546599173,-1192.397312329021,20.75361425039457,-93.17582598750767,20.161315994095518,-89.29804677562606,19.657198874377519,47.40713667160617,15.60377567497491,39.731356075730847,19.21857538505227,-241.52252087073317,17.41145176968318,186.2664282968526,18.65181985816149,-270.76454778314317,16.208488082241389,-11.197916907884065,1068.3238435708227,975.981321819942,0.0,0.0,0.0,0.0,0.0,0.0,0.0,0.0,0.0,0.0,0.0,0.0,0.0,0.0,0.0,0.0,0.0,0.0,0.0,0.0,0.0,0.0,1.3218227022234106,0.4034867833404795,268.8086243230202,315.4935477550044,7923.827755794464,0.19489884346064682,0.029746465729646955,18.869211636399606,22.1302144187248,560.5971084446478,1.6993405582234236,0.3211149958850008,381.57339764183089,448.827963841282,10927.646037803905,0.34489755378092759,0.06517338506820247,213.52562833206162,251.63810565135146,6004.0605276327319,0.0,0.0,11.246066333702544,13.46589500210213,211.27372054480316,0.0,0.0,71.2175702616785,84.16962998617419,1860.3014345880434,0.0,0.0,316.86318111256466,376.422854153596,7351.909767723041,0.0,0.0,42.29001584936319,49.760386552822868,1203.5103892130069,0.0,0.0,212.52156174777879,253.9817195142563,4219.366867946349,38.976103037636779,26.732580958598619,384.63775478257619,455.0170834932336,10750.61485332865,0.0,0.0,218.54797604717943,261.26467989549,4306.190743908709,1294.6478523941829,21.472931967608735,25.834675349627909,21.0,30.0,0.0,21.234327195728335,34.92750596090732,21.0,30.0,134.14424089021029,20.703227849775947,26.963495451310736,21.0,30.0,0.0,20.394767406094006,27.381547022228128,16.0,30.0,0.0,15.673736858335971,36.90985411743574,12.0,30.0,920.4606571126918,19.50776102271478,29.132396244321435,19.5,30.0,0.0,17.954061040637975,32.14098735763319,10.0,30.0,1162.5642595079999,20.716296031452978,26.96813346631963,20.7,30.0,0.0,16.221642445640407,35.74899519560272,16.0,30.0,0.0,19.099124166796935,0.0,0.0,0.0,16.13053195493982,0.0,0.0,599.7903737406259,1089.7569553958329,593.8601829874724,588.0596172244819,598.4813857601012,604.7166892242397,606.3098145309243,602.2876824320038,602.7918477827089,8132.1652651571289,82.62773531133604,82.62773531133606,240.0,0.0,240.0,240.0,21.0,16.0,19.0,16.0,19.7,12.0,21.0,10.0,1.0,0.0,1294.6478523941829,0.0,134.14424089021029,0.0,920.4606571126918,0.0,1162.5642595079999,0.0,0.0,0.0,0.0,82.62773531133604,82.62773531133604,0.34,0.7716787345349649,0.36028137401965956,82.62773531133604,0.3542647819438875,0.0,0.0030133333333333329 
 03/24  19:10:00,6.351666666666667,62.5,5.180000000000001,0.0,0.0,0.0,0.0,1.0,2.0,0.0,0.0,4.0,0.0,0.0,0.0,2848.0,0.0,0.0,0.0,0.0,0.0,0.0,0.0,0.0,0.0,0.0,0.0,20.7456555199959,-946.6861275378537,20.713670331035993,-78.26769138778053,20.944633877954844,-1473.6046513278866,19.65157031321226,683.1225966846648,15.620280696119169,37.73192295118726,19.388046953106945,-79.69700157054243,17.34287084066857,110.68556677264314,18.326255521894088,-201.7495462786784,16.18654983708785,-24.81778465541379,1069.4308926647732,966.3728902286241,0.0,0.0,0.0,0.0,0.0,0.0,0.0,0.0,0.0,0.0,0.0,0.0,0.0,0.0,0.0,0.0,0.0,0.0,0.0,0.0,0.0,0.0,1.4162914433150982,0.4323233953953291,291.2004623618651,342.0924221546535,8761.552023638578,0.22551295108062772,0.03441894857762939,16.831849802289456,19.77842167020821,501.05996036825527,1.4522506877034188,0.27442378830374516,410.8689196951844,482.31538875918877,12536.141085513082,0.37964422886249379,0.0717392722718242,342.20423881348878,403.2257432047672,9648.698907894968,0.0,0.0,11.239990747143832,13.467583846985953,212.02360327972716,0.0,0.0,15.179685921616711,17.926746161537176,406.8753714058954,0.0,0.0,253.34055706755357,301.36714389029415,5816.582107142142,0.0,0.0,42.606381764093828,50.32461358959993,1148.9862757619026,0.0,0.0,207.4347107915777,248.14014481084954,4118.771856260454,39.23342868163196,26.90907316984361,415.1760885213977,491.57931888116385,11630.238681707333,0.0,0.0,213.39324957767693,255.42800676391483,4166.956228671314,1242.4153695860596,21.540815205072833,25.76135571850172,21.75,30.0,0.0,21.1917872841154,35.42673692558566,21.0,30.0,2118.0474078239315,21.72410606574011,25.32744625690965,21.5,30.0,0.0,20.491015532789708,27.443012706189653,16.0,30.0,0.0,15.684747106050386,36.96037038931288,12.0,30.0,0.0,19.820526468664739,30.12899463535127,19.0,30.0,0.0,17.79855424173475,32.422641807078388,10.0,30.0,472.8424367054811,19.894615004467356,29.228956816502916,19.95,30.0,0.0,16.19442949655875,35.90416763801356,16.0,30.0,0.0,19.075994203377616,0.0,0.0,0.0,16.00856854187757,0.0,0.0,599.9053273011881,1114.9439340611828,590.7383155811353,598.4720939161549,600.8167804500896,697.6163647530495,602.9043579737124,648.2561096298632,605.4332275698336,9723.030302396393,81.57577113421678,85.18100378035962,270.0,0.0,270.0,270.0,21.0,16.0,19.0,16.0,19.7,12.0,21.0,10.0,1.0,0.0,1242.4153695860596,0.0,2118.0474078239315,0.0,0.0,0.0,472.8424367054811,0.0,5455.890260804714,3273534.1564828285,4287499.758645337,81.57577113421678,85.24223259924213,0.35186300869349049,0.7649904093995119,0.36028137401965956,85.24223259924213,0.3542647819438875,4287499.758645337,0.22627998744955758 
 03/24  19:20:00,6.323333333333334,63.0,5.19,0.0,0.0,0.0,0.0,1.0,2.0,0.0,0.0,4.0,0.0,0.0,0.0,2136.0,0.0,0.0,0.0,0.0,0.0,0.0,0.0,0.0,0.0,0.0,0.0,20.892215862757877,-760.6422596496578,20.685514427038116,-80.80741283058544,20.86073736377219,-1561.1575189581127,19.762177634792609,455.6365534478678,15.637509227631245,36.03513911562886,19.189244955096777,-73.77338159618931,17.323866278499794,98.49637632042682,18.816931640975633,-291.35141965901979,16.142176234243224,-50.193745455936227,1115.917527857626,1038.0337563003453,0.0,0.0,0.0,0.0,0.0,0.0,0.0,0.0,0.0,0.0,0.0,0.0,0.0,0.0,0.0,0.0,0.0,0.0,0.0,0.0,0.0,0.0,1.3731578247608379,0.4191568451650909,252.5156832023498,296.48809381124308,7568.249581218217,0.2146829247857554,0.03276601416144007,17.524659913231966,20.56434472323437,521.2688339186337,1.537659617277127,0.29056304181351608,459.46092294858127,539.1785426079034,13928.92873755173,0.36584350040063509,0.06913142486784482,271.65043552055928,319.81249930531558,7754.127265689614,0.0,0.0,11.195684241278757,13.411670602022668,212.12551524254074,0.0,0.0,14.888700343431344,17.5939995998308,392.028468729532,0.0,0.0,256.1040863362787,304.59359136281639,5877.574396143904,0.0,0.0,46.26411259753267,54.45580926910359,1321.2990919974043,0.0,0.0,211.15277056961933,252.5476002535819,4176.035414395836,39.35041276550042,26.989309167009894,431.43026701613817,510.26937003206987,12165.79369108901,0.0,0.0,217.43140065966169,260.2131667564105,4230.085286258594,1199.7717439677506,21.548728416599525,26.1902391316641,21.666666666666658,29.99999999999999,0.0,21.165302903352918,36.488998352726408,20.999999999999994,29.99999999999999,2337.57210343349,21.5496439276027,25.652824695249273,21.666666666666658,29.99999999999999,0.0,20.61775050996777,27.586797730710857,15.999999999999993,29.99999999999999,0.0,15.698454067977562,37.02925470233755,11.999999999999995,29.99999999999999,0.0,19.531052706882624,32.413193339615158,18.999999999999994,29.99999999999999,0.0,17.764195143098879,32.6486302131968,9.999999999999997,29.99999999999999,1234.6705812639908,20.692303353475866,28.12053903579919,20.69999999999999,29.99999999999999,0.0,16.125032480869778,36.252753382254947,15.999999999999993,29.99999999999999,0.0,19.253974477883675,0.0,0.0,0.0,15.942986228842303,0.0,0.0,624.5178743025845,1174.2241576447746,590.5105931793193,618.0082266177667,603.7209671570388,802.7294474316336,608.7935662600471,667.098526289897,612.3948480644481,11428.583129373696,80.44777930534691,87.87388015461642,269.9999999999999,0.0,269.9999999999999,269.9999999999999,21.0,16.0,19.0,16.0,19.7,12.0,21.0,10.0,1.0,0.0,1199.7717439677506,0.0,2337.57210343349,0.0,0.0,0.0,1234.6705812639908,0.0,11237.729181176697,6742637.508706021,8834624.828750682,80.44777930534691,87.99999999999997,0.3745909727058899,0.7631853633801684,0.36028137401965945,87.99999999999997,0.35426478194388735,8834624.828750682,0.46273049109503547 
 03/24  19:30:00,6.295,63.5,5.2,0.0,0.0,0.0,0.0,1.0,2.0,0.0,0.0,4.0,0.0,0.0,0.0,3560.0,0.0,0.0,0.0,0.0,0.0,0.0,0.0,0.0,0.0,0.0,0.0,20.94889418116486,-822.3852367583806,20.656559616130389,-75.15821994880602,20.946174893349128,-1392.6530635496684,19.815214154798374,480.4850830298157,15.651505970804888,33.66182151197745,19.06210920863267,-69.45064447698887,17.254005786949095,143.68605247637718,18.60250230105907,-249.8121213618641,16.103252631119149,-58.74502881780646,1083.0665297138306,996.6251680412241,0.0,0.0,0.0,0.0,0.0,0.0,0.0,0.0,0.0,0.0,0.0,0.0,0.0,0.0,0.0,0.0,0.0,0.0,0.0,0.0,0.0,0.0,1.4487582091460092,0.44223388557570489,223.78597204522687,262.6646614307504,6853.628522040259,0.22984454087477045,0.03508005813106997,18.85771239047802,22.157174722032488,560.6069659741402,1.4517516588012565,0.27432948956939859,372.3631168166754,437.25453178778897,11305.933057327711,0.3609081116549554,0.06819881172618203,316.78666579887359,373.0866536412104,9055.625007626559,0.0,0.0,11.252081433909649,13.482495591496681,214.01769269438476,0.0,0.0,15.50717375510066,18.337492482747604,403.72232057477438,0.0,0.0,248.8148418890322,296.16886650938076,5662.992238495041,0.0,0.0,46.31862369188863,54.66861567703339,1274.3679019248585,0.0,0.0,204.1657055131964,244.34983308558749,4028.1149131483236,39.52750126252143,27.110769041509909,370.03407640235408,438.0372302730622,10543.809972558782,0.0,0.0,210.2994853924503,251.90392747807474,4052.9660418389569,1406.2672363539664,21.675582765838678,26.001088459598625,21.800000000000006,30.0,0.0,21.129730908344457,36.4875650437829,21.0,30.0,1599.7874118182327,21.629029644373565,25.7110956318947,21.400000000000003,30.0,0.0,20.681373831604206,27.34723266873467,16.0,30.0,0.0,15.70702532873994,37.20140697890105,12.000000000000002,30.0,0.0,19.35187832663575,33.94785409114344,19.0,30.0,0.0,17.63512188504591,33.26517944034468,10.0,30.0,503.51340903220315,20.119502861075277,29.33965550120011,19.9,30.0,0.0,16.07136599219006,36.74366902489807,16.0,30.0,0.0,19.173437862438538,0.0,0.0,0.0,15.82086104385031,0.0,0.0,621.422510059196,1170.8645770784665,598.7076313033467,605.8982601381783,610.6635985738618,874.5399820620862,623.4850581453454,673.3464762028501,626.9273176266303,8390.217814600144,82.45715207574423,82.45715207574423,270.0,0.0,270.0,270.0,21.0,16.0,19.0,16.0,19.7,12.0,21.0,10.0,1.0,0.0,1406.2672363539664,0.0,1599.7874118182327,0.0,0.0,0.0,503.51340903220315,0.0,0.0,0.0,0.0,82.45715207574423,82.45715207574423,0.34,0.770571640976065,0.36028137401965956,82.45715207574423,0.35426478194388757,0.0,0.00333 
 03/24  19:40:00,6.266666666666667,64.0,5.210000000000001,0.0,0.0,0.0,0.0,1.0,2.0,0.0,0.0,4.0,0.0,0.0,0.0,2848.0,0.0,0.0,0.0,0.0,0.0,0.0,0.0,0.0,0.0,0.0,0.0,20.939941808244869,-656.6851645522374,20.630320350543177,-96.61286070871648,20.937410203427228,-1435.3655816664075,19.81697936194489,374.28465745793519,15.665743886871045,31.863853562743996,18.9521256233565,-58.121571933104238,17.282233513451439,138.8491040489835,18.925407312103638,-308.9608997887256,16.741269112763655,-271.67399499087119,999.4827135783017,1019.6582002892787,0.0,0.0,0.0,0.0,0.0,0.0,0.0,0.0,0.0,0.0,0.0,0.0,0.0,0.0,0.0,0.0,0.0,0.0,0.0,0.0,0.0,0.0,1.4682203708345314,0.44817471637195729,155.98844053255494,183.21941698746114,4747.813669343805,0.21118916224522539,0.03223277812045566,19.431358421513154,22.820084236395326,576.857074964662,1.443151321322249,0.27270433131561797,300.5242995786226,352.69407547325945,9162.579968960203,0.34687682664258026,0.06554739732475061,283.8951382534592,334.3246717669897,8119.2321624032979,0.0,0.0,10.964871494926717,13.13631741214601,209.40041413315948,0.0,0.0,14.285879571146366,16.89987896901917,368.76281036400555,0.0,0.0,228.48492015652236,271.98034658015606,5216.8532174711349,0.0,0.0,50.10918640391941,59.01339461486417,1429.6604994181592,0.0,0.0,187.44559687590499,223.95252733950404,3897.4182153520125,39.51271665438252,27.100628706709565,297.73114806749188,352.61425194459027,8537.96624870025,0.0,0.0,193.57688623970715,231.95887653900577,3707.0470043440916,1092.715951901438,21.555218789013169,26.48912372904457,21.500000000000008,30.00000000000001,0.0,21.09836071273419,36.78537970617863,21.000000000000008,30.00000000000001,2038.7979366443965,21.535610454535815,25.942599022039674,21.500000000000008,30.00000000000001,0.0,20.647969747701539,27.579349077697278,16.000000000000008,30.00000000000001,0.0,15.717321379853253,37.450078999779069,12.000000000000004,30.00000000000001,0.0,19.201165086548359,35.08500324763651,19.000000000000008,30.00000000000001,0.0,17.65797902361514,33.511685014575558,10.000000000000004,30.00000000000001,901.7138686993415,20.632729571498115,28.596449582221504,20.450000000000008,30.00000000000001,1532.7340123849243,16.734643610971994,35.559179952274337,16.250000000000008,30.00000000000001,0.0,18.841311105321446,0.0,0.0,0.0,15.701623875799465,0.0,0.0,634.5675212672402,1184.908198140038,598.8652878678456,612.6710529698291,620.6528525043943,926.2861832861711,634.5498017960873,682.7315277386302,638.0845558912645,10421.558158977097,81.11381455281314,84.82712665220592,270.0000000000001,0.0,270.0000000000001,270.0000000000001,21.0,16.0,19.0,16.0,19.7,12.0,21.0,10.0,1.0,0.0,1092.715951901438,0.0,2038.7979366443965,0.0,0.0,0.0,901.7138686993415,1532.7340123849243,5619.234918284485,3371540.9509706909,4382380.070965761,81.11381455281314,84.8901910190038,0.3573078306094829,0.7697777110312449,0.36028137401965967,84.8901910190038,0.35426478194388769,4382380.070965761,0.23121376369021963 
 03/24  19:50:00,6.238333333333333,64.5,5.220000000000001,0.0,0.0,0.0,0.0,1.0,2.0,0.0,0.0,4.0,0.0,0.0,0.0,2850.0,0.0,0.0,0.0,0.0,0.0,0.0,0.0,0.0,0.0,0.0,0.0,20.812593118433598,-485.8806764127321,20.602355661488966,-89.08722452697345,21.05615583468383,-1681.9141543694,19.809314456866994,413.7346112004757,15.681259047359549,33.557046869770008,18.882419478039169,-26.142667394884414,17.53352916576535,267.84683418390366,18.681882228265815,-127.47157014072687,16.869547753568157,-532.7304438586326,1089.3340313531899,1003.9403970882125,0.0,0.0,0.0,0.0,0.0,0.0,0.0,0.0,0.0,0.0,0.0,0.0,0.0,0.0,0.0,0.0,0.0,0.0,0.0,0.0,0.0,0.0,1.5111888618770826,0.4612908613788409,259.4488432381401,304.9399708639644,7793.395510318205,0.21427139732652254,0.03270320472016522,20.412707855867063,23.96500292508771,605.6405157256718,1.4558346651883474,0.2751010327264452,403.1033976750628,473.1789872940138,12257.595836795103,0.34219196161631379,0.06466212426612125,246.48052105551563,290.1013008073901,7061.572914293354,0.0,0.0,10.708593650195493,12.829628185349325,205.40157643435433,0.0,0.0,12.118131157582433,14.339704521275389,311.7032080301459,0.0,0.0,198.46292056741528,235.79048634732875,4726.77753862033,0.0,0.0,34.18689873798023,40.326576600084717,942.5397210423662,0.0,0.0,153.58609284715619,183.08577439787624,3362.4004461938577,39.683786517547058,27.21796057444929,395.38994503143558,467.620211955272,11359.897815863715,0.0,0.0,158.52031204298405,190.03273147058435,2973.839871255362,606.4867344924497,21.299935803917508,27.110932246310477,21.25,30.0,0.0,21.064620075368376,36.91938775192857,21.0,30.0,2045.0543075277106,21.66237620690557,25.887362748301645,21.5,30.0,0.0,20.623195637962817,27.8728817176733,16.0,30.0,0.0,15.73126735624669,37.73967190410873,12.0,30.0,0.0,19.12297015410769,36.10719078780323,19.0,30.0,0.0,18.13246159383063,32.85182435516306,10.0,30.0,642.1858830057505,20.081980091182495,30.10248468428443,20.2,30.0,0.0,17.130947690173295,35.117305861837028,16.0,30.0,0.0,19.18134980829848,0.0,0.0,0.0,15.482769139975569,0.0,0.0,642.3396116970475,1187.293142066414,602.3595658260255,621.74507928345,631.3095375486138,978.7963411095166,645.4757034299377,708.1290628418539,656.4709093948939,7047.062443114746,81.77651420750897,83.64179076613576,270.0,0.0,270.0,270.0,21.0,16.0,19.0,16.0,19.7,12.0,21.0,10.0,1.0,0.0,606.4867344924497,0.0,2045.0543075277106,0.0,0.0,0.0,642.1858830057505,0.0,2822.6686990344926,1693601.2194206955,2191940.4664131018,81.77651420750897,83.67346935439446,0.26408895663448309,0.5398446386084994,0.27021103051474468,83.67346935439446,0.2656985864579156,2191940.4664131018,0.1172509042534813 
 03/24  20:00:00,6.21,65.0,5.23,0.0,0.0,0.0,0.0,1.0,2.0,0.0,0.0,4.0,0.0,0.0,0.0,2139.0,0.0,0.0,0.0,0.0,0.0,0.0,0.0,0.0,0.0,0.0,0.0,20.815807648929956,-462.1146418688053,20.583471122348905,-71.5450156685958,21.09843787384414,-1738.322120072148,19.864615400907508,447.6058724700524,15.698533616212448,36.188487265511387,18.821598717427319,-41.56004936074682,17.519260920567985,114.34202507970174,18.922538178090674,-221.65996611111999,16.436974757401037,-286.8266518412565,1144.3913028070397,1164.4115324143918,0.0,0.0,0.0,0.0,0.0,0.0,0.0,0.0,0.0,0.0,0.0,0.0,0.0,0.0,0.0,0.0,0.0,0.0,0.0,0.0,0.0,0.0,1.4709012541241,0.4489930568144388,273.29694123570598,321.0275166442079,8171.013294947716,0.2312635673607905,0.03529663726507795,16.285192215447489,19.112494282454756,485.21671581461188,1.457950081512349,0.2755007712608372,450.85432830299359,528.7949221952157,13858.90324399075,0.35537859272416319,0.06715392908619866,301.9791456669732,355.4316080976496,8703.86318208495,0.0,0.0,11.116503406221387,13.312602644181803,214.2548992489075,0.0,0.0,13.937934879720519,16.488010494840773,357.3590541993669,0.0,0.0,234.12551771565348,278.10165753665538,5549.668812724056,0.0,0.0,44.3932756363806,52.28049618004923,1259.3230793998387,0.0,0.0,191.39456721061689,228.58358745445856,3943.2926928070958,39.89717575771205,27.364318077991837,436.3957246915629,515.809875042683,12541.762048072378,0.0,0.0,197.5935865074709,236.58026166300255,3795.048435832345,496.57936133622288,21.39435372419129,26.981215015392757,21.000000000000015,30.00000000000002,0.0,21.04342055013122,37.4094404472629,21.000000000000015,30.00000000000002,2240.3683151939906,21.69854664148632,26.014880204445207,22.000000000000019,30.00000000000002,0.0,20.706247093690757,27.86494452613453,16.000000000000015,30.00000000000002,0.0,15.748958678380497,38.01514703349969,12.00000000000001,30.00000000000002,0.0,19.05009043968328,36.853904416612547,19.000000000000015,30.00000000000002,0.0,18.044370116509616,33.16395267207217,10.000000000000007,30.00000000000002,591.9422679699469,20.515506942057486,29.466837122595377,20.36666666666668,30.00000000000002,0.0,16.447723682263676,36.85667373403658,16.000000000000015,30.00000000000002,0.0,19.381811241149614,0.0,0.0,0.0,15.678415326348347,0.0,0.0,642.113657459046,1212.7963281468704,610.710511740684,626.5721743153306,642.0361279052268,1014.8890118789311,650.4736018016026,713.5887541055879,661.6390385125289,10531.809338098356,81.04097463381504,85.74046786716505,270.0000000000002,0.0,270.0000000000002,270.0000000000002,21.0,16.0,19.0,16.0,19.7,12.0,21.0,10.0,1.0,0.0,496.57936133622288,0.0,2240.3683151939906,0.0,0.0,0.0,591.9422679699469,0.0,7112.023975093114,4267214.385055865,5555865.382769756,81.04097463381504,85.8202808635142,0.3504007991697705,0.7673048105718575,0.3602813740196598,85.8202808635142,0.3542647819438878,5555865.382769756,0.2921149999040273 
 03/24  20:10:00,6.133333333333333,65.66666666666667,5.260000000000001,0.0,0.0,0.0,0.0,0.0,2.0,0.0,0.0,4.0,0.0,0.0,0.0,3565.0,0.0,0.0,0.0,0.0,0.0,0.0,0.0,0.0,0.0,0.0,0.0,21.027495873775736,-837.9737647921736,20.571760745070827,-63.486819154146179,21.06717316526286,-1296.7314230142179,19.890266313536839,438.6857401332476,15.713952737006214,33.52608779658817,18.850250671435974,-60.37219131422642,17.388767445189815,140.37849027080848,18.19291260131166,-129.9505253937604,16.239145891919216,-189.8081110781719,1091.153871841432,1075.711085307755,0.0,0.0,0.0,0.0,0.0,0.0,0.0,0.0,0.0,0.0,0.0,0.0,0.0,0.0,0.0,0.0,0.0,0.0,0.0,0.0,0.0,0.0,1.4731029365656435,0.4496651210517837,210.5326245461912,246.9344422487964,6540.41672757146,0.2498605493980804,0.03813500448688651,16.430310229885217,19.30168351065296,492.1890595635315,1.4987081502184144,0.2832025983027995,367.6934159401215,431.5914776808426,11323.387937664455,0.36402225953911807,0.0687872750451848,303.14134278042396,356.8875304950796,8788.767248018306,0.0,0.0,11.346983817128964,13.591033161301917,220.75137223803,0.0,0.0,15.309977439125035,18.11228186450156,395.95376351320888,0.0,0.0,252.3189701051904,300.0955814685512,5905.89960371443,0.0,0.0,37.101041886561009,43.91914209987792,971.8842655130981,0.0,0.0,202.23457640396939,241.89769482443718,4094.333374684432,40.194652953693829,27.568349076607576,358.73115408752929,424.50014759842267,10419.200395323525,0.0,0.0,207.4964962345975,248.71734583347857,3959.289216345154,1472.5354187812507,21.744469081899358,26.59502087515713,21.800000000000006,30.0,0.0,21.032726125816088,37.86438656954499,21.0,30.0,1431.7996507218095,21.599264884866139,26.388697117120964,21.400000000000003,30.0,0.0,20.725692204129357,27.945923366879599,16.0,30.0,0.0,15.76322615618977,38.244685533467919,12.000000000000002,30.0,0.0,19.086308850034919,36.97853697025102,19.0,30.0,0.0,17.805041586967673,33.98885336558388,10.0,30.0,0.0,19.212644442507039,31.314827754360768,12.000000000000002,30.0,0.0,16.170035924048127,37.747260125144688,16.0,30.0,0.0,19.180411619386658,0.0,0.0,0.0,15.557147361479128,0.0,0.0,649.4789718566433,1238.314633248785,620.6455488774786,628.7278986778795,651.0454201907014,1027.8153707551879,663.1908579987623,676.6142179469707,669.6536036526479,8377.113667330128,82.46571721175039,83.89161997245822,570.0,0.0,570.0,570.0,21.0,16.0,19.0,16.0,12.0,12.0,21.0,10.0,1.0,0.0,1472.5354187812507,0.0,1431.7996507218095,0.0,0.0,0.0,0.0,0.0,2157.881066526334,1294728.6399158005,1684030.053661591,82.46571721175039,83.91583653500733,0.34392936888421118,0.7681223010121069,0.36028137401965956,83.91583653500733,0.35426478194388757,1684030.053661591,0.09421956279040272 
 03/24  20:20:00,6.056666666666667,66.33333333333334,5.290000000000001,0.0,0.0,0.0,0.0,0.0,2.0,0.0,0.0,4.0,0.0,0.0,0.0,2854.0,0.0,0.0,0.0,0.0,0.0,0.0,0.0,0.0,0.0,0.0,0.0,20.862462092755295,-566.33338175981,20.556124710320149,-90.26983934716412,21.06987599655786,-1548.264450291867,19.877429770816577,360.69314423809967,15.726544690527027,30.451300332799094,18.890013739764418,-55.29258004912943,17.383874529629894,135.07099275342785,17.599507072336416,-50.13114870225951,16.47241977939106,-317.31384251102409,1026.9676429629947,973.0702955528774,0.0,0.0,0.0,0.0,0.0,0.0,0.0,0.0,0.0,0.0,0.0,0.0,0.0,0.0,0.0,0.0,0.0,0.0,0.0,0.0,0.0,0.0,1.5306695799322304,0.46723735651166978,156.52250847036346,183.81564114806415,4812.909729745738,0.2298889937942866,0.03508684276469576,18.54416297106878,21.775030841002068,556.1723248134639,1.4928838647925485,0.2821020152669216,308.59833196610819,362.08488361139708,9533.654286874798,0.35402101001960126,0.0668973941835981,281.28611141298696,331.14703325369166,8175.567943773513,0.0,0.0,10.974091208655413,13.141683287149072,215.411428005419,0.0,0.0,14.361969581829996,16.9867299180916,375.45263151363437,0.0,0.0,236.28498089011885,281.0840642465096,5542.939621596041,0.0,0.0,24.698409463380714,29.335713889420526,603.5178538526552,0.0,0.0,183.53484758121238,219.34877009726243,3837.344474840116,40.28392394147227,27.62957746328689,300.5183414255895,355.80323876652269,8777.507818476566,0.0,0.0,187.1626084267004,224.5642319735801,3504.74598009758,824.3146958732029,21.410785783251634,27.499592474458966,21.5,30.0,0.0,21.01532672366486,38.228900090448117,21.0,30.0,2063.791462271235,21.55339086725926,26.552910193932008,21.5,30.0,0.0,20.676452756811736,28.234373599672087,16.0,30.0,0.0,15.77398848513926,38.48961193185555,12.0,30.0,0.0,19.156161679211239,36.96692545973386,19.0,30.0,0.0,17.763841098595927,34.269207732142969,10.0,30.0,0.0,18.221419809499368,33.17472264523211,12.0,30.0,889.7314358634802,16.494746416970736,37.080881407953778,16.5,30.0,0.0,18.832027585884103,0.0,0.0,0.0,15.24877947300293,0.0,0.0,666.4918055395799,1256.7859402221182,620.4164051381129,636.8623486315025,659.9643494193299,1034.2856350167163,668.6276692203608,667.4156210542221,670.7301329543201,8103.262377197503,81.17906747752892,84.90906689911468,570.0,0.0,570.0,570.0,21.0,16.0,19.0,16.0,12.0,12.0,21.0,10.0,1.0,0.0,824.3146958732029,0.0,2063.791462271235,0.0,0.0,0.0,0.0,889.7314358634802,5644.489679985618,3386693.807991371,4414270.681461785,81.17906747752892,84.97241467204148,0.2731496559995206,0.5381465405620892,0.27021103051474468,84.97241467204148,0.2656985864579156,4414270.681461785,0.23622374210267953 
 03/24  20:30:00,5.98,67.0,5.32,0.0,0.0,0.0,0.0,0.0,2.0,0.0,0.0,4.0,0.0,0.0,0.0,2856.0,0.0,0.0,0.0,0.0,0.0,0.0,0.0,0.0,0.0,0.0,0.0,20.982024943472739,-710.7426482727974,20.958040403561193,-121.64344855148588,21.096710008257739,-1191.9421296623719,19.90726768909502,396.05677734283179,15.737348067235424,31.18074196683314,18.93035788955112,-25.806505744110397,17.63229679346857,352.1651018380826,17.193990819860784,-93.81656525975684,17.201403147624697,-492.64207854844076,1184.2005038015,910.1665850322189,0.0,0.0,0.0,0.0,0.0,0.0,0.0,0.0,0.0,0.0,0.0,0.0,0.0,0.0,0.0,0.0,0.0,0.0,0.0,0.0,0.0,0.0,1.5709661322710716,0.479537891413636,326.2231657046648,383.06665629889616,10042.259341994259,0.19847352463313149,0.03029205198918368,24.93509663485666,29.18727155905769,783.6444122312736,1.5785465832779529,0.29828922586507058,440.21924547404219,516.7908887514028,13615.353871429355,0.36241265693111837,0.06848311733392257,249.59848678382583,293.740407332465,7328.007171710778,0.0,0.0,10.93742702914073,13.096765712430085,216.56994710324393,0.0,0.0,12.938325157590626,15.299456971783087,342.0024325031481,0.0,0.0,187.79655446875794,223.05273018561688,4603.4912988694709,0.0,0.0,18.29906567405425,21.7738010640214,424.88735199912187,0.0,0.0,120.26805771270512,143.2681837498153,2764.0295845785578,40.69752438174325,27.91325403411746,435.57934631060786,514.9737505483964,12797.705808123552,0.0,0.0,135.62118442298135,162.91112180835376,2478.716759152245,960.6211360262421,21.48876411926257,27.274734827615388,21.5,30.0,923.6230938409939,21.65832806732886,36.23324005769691,21.5,30.0,1117.008015457081,21.569460237247556,26.796892930365165,21.5,30.0,0.0,20.731752956711448,28.328238073185124,16.0,30.0,0.0,15.783360105489859,38.711786503047679,12.0,30.0,0.0,19.231462967446029,37.37604244575637,19.0,30.0,0.0,18.240658737559497,33.31214148297986,10.0,30.0,0.0,17.565942621896423,34.73522112197038,12.0,30.0,954.5187690234637,17.47648500940124,35.05776438757302,16.5,30.0,0.0,19.418959357609688,0.0,0.0,0.0,14.891934437932254,0.0,0.0,653.6560792151938,1219.0185809945888,630.8377872432011,640.9664462965913,666.550372301547,1063.5554713097188,663.269155290672,672.1968589886599,674.8801268569271,9400.607488570991,81.78908247640617,81.78908247640617,570.0,0.0,570.0,570.0,21.0,16.0,19.0,16.0,12.0,12.0,21.0,10.0,1.0,0.0,960.6211360262421,923.6230938409939,1117.008015457081,0.0,0.0,0.0,0.0,954.5187690234637,0.0,0.0,0.0,81.78908247640617,81.78908247640617,0.34,0.7693552574979532,0.36028137401965956,81.78908247640617,0.3542647819438875,0.0,0.006713333333333333 
 03/24  20:40:00,5.903333333333333,67.66666666666667,5.35,0.0,0.0,0.0,0.0,0.0,2.0,0.0,0.0,4.0,0.0,0.0,0.0,2142.0,0.0,0.0,0.0,0.0,0.0,0.0,0.0,0.0,0.0,0.0,0.0,21.26666104903572,-858.7219635108306,21.028489313601665,-147.73826526589429,21.163951748792507,-1492.0049264134637,19.908643562001829,476.79271604098758,15.747706349732633,33.1040844124407,18.96824920402728,-32.309164900979428,17.786192897229499,172.99021859702695,16.842415663150037,-97.2781165146246,16.734235337316826,-446.492381322338,1112.3602252634176,1170.5684377051549,0.0,0.0,0.0,0.0,0.0,0.0,0.0,0.0,0.0,0.0,0.0,0.0,0.0,0.0,0.0,0.0,0.0,0.0,0.0,0.0,0.0,0.0,1.5923955194168343,0.4860792183812075,192.7034765177122,225.73819626327086,6165.461680091794,0.1980324963004388,0.030224739972594468,25.94602529502884,30.390699039470346,818.8537033808568,1.6201345600380677,0.3061478760464984,343.31937076940576,402.363623689325,10829.00121196889,0.3903629902884324,0.07376473739388372,317.61988006066908,373.66568627755705,9353.421657476481,0.0,0.0,10.868310112446949,13.008203897125764,217.07857430867129,0.0,0.0,12.51197968566224,14.78003021871866,334.27969265819936,0.0,0.0,229.700596586929,272.3641064706729,5755.679128348546,0.0,0.0,24.292188254622468,28.946457984773624,542.6156051187622,0.0,0.0,154.18107347701494,183.8347370964659,3378.2723986057828,40.99766718855245,28.119113298046984,339.0655671698231,401.1103256542477,9987.542934640878,0.0,0.0,177.4952039799364,212.8059045632677,3342.452652083446,1447.448856387771,22.055036908823419,26.980868857053303,22.000000000000019,30.00000000000002,0.0,21.752151675451584,34.73523394536455,21.000000000000015,30.00000000000002,2290.6811357745357,21.760835117376648,26.78254311075353,21.666666666666687,30.00000000000002,0.0,20.72662786712809,28.75533780162635,16.000000000000015,30.00000000000002,0.0,15.792629468852426,38.86156014055737,12.00000000000001,30.00000000000002,0.0,19.29691728714979,37.85009735585419,19.000000000000015,30.00000000000002,0.0,18.439755472537429,33.10288741095067,10.000000000000007,30.00000000000002,0.0,17.02665749600279,36.06047392441558,12.00000000000001,30.00000000000002,0.0,16.833823043227939,36.576027241874147,16.000000000000015,30.00000000000002,0.0,19.01981516977999,0.0,0.0,0.0,15.144840292361386,0.0,0.0,691.549281503567,1118.23785011771,647.1080020892993,663.2395104528084,669.4197103351306,1095.5851028845175,671.9094211381532,674.1165764037398,674.3425246578918,10008.640518838642,81.38678325842517,84.02593390767669,570.0000000000005,0.0,570.0000000000005,570.0000000000005,21.0,16.0,19.0,16.0,12.0,12.0,21.0,10.0,1.0,0.0,1447.448856387771,0.0,2290.6811357745357,0.0,0.0,0.0,0.0,0.0,3993.4751564663208,2396085.0938797907,3113460.51511332,81.38678325842517,84.07075544707985,0.3597825052155442,0.7705857357730508,0.3602813740196598,84.07075544707985,0.3542647819438878,3113460.51511332,0.16864494678589266 
 03/24  20:50:00,5.826666666666666,68.33333333333333,5.380000000000001,0.0,0.0,0.0,0.0,0.0,2.0,0.0,0.0,4.0,0.0,0.0,0.0,2858.0,0.0,0.0,0.0,0.0,0.0,0.0,0.0,0.0,0.0,0.0,0.0,20.960980232277014,-642.6044699054041,20.87847613829684,-146.49204227355498,21.155165828488025,-1628.8030305641067,19.94997094473141,390.4440002719523,15.76288868656917,34.74412689573157,18.981495530759206,-40.21128841718489,17.601385801417153,22.051164995360979,16.609244304158709,-66.78292445851753,16.381876543057069,-279.6290178207312,1064.7005945711633,1225.8701760449638,0.0,0.0,0.0,0.0,0.0,0.0,0.0,0.0,0.0,0.0,0.0,0.0,0.0,0.0,0.0,0.0,0.0,0.0,0.0,0.0,0.0,0.0,1.6471040732872525,0.502779021149955,215.93906021322415,253.42469218884265,6743.244853838703,0.21156111370023929,0.03228954726804629,25.894742523437217,30.35154703093833,808.3573594071918,1.5759392515302287,0.29779653279104859,341.56107768100869,400.6735674194167,10688.670382153608,0.37157082560599566,0.07021368586659024,287.0936338540879,337.8524273054773,8524.488913828465,0.0,0.0,10.730956981690529,12.847329510420107,216.35494065237655,0.0,0.0,13.8187540719118,16.329690671194539,371.81638142347699,0.0,0.0,261.5127800569587,310.64634587260226,6404.02793412985,0.0,0.0,25.527003859181947,30.46690514647407,558.9196181554629,0.0,0.0,187.92483285531808,224.56671370677584,3971.1134731278827,41.146488147564088,28.221185286395135,340.4896935308841,402.7189581351342,10144.068404296304,0.0,0.0,212.52387148818247,254.78566673411729,4110.212778504529,635.3969375989011,21.406736726292065,27.97953275115095,21.25,30.0,0.0,21.496900931265814,35.29942930148001,21.0,30.0,1864.353092010433,21.585426167598567,27.15956156977015,21.5,30.0,0.0,20.769902317767874,28.818232018502799,16.0,30.0,0.0,15.811322946641962,39.07035555760112,12.0,30.0,0.0,19.318781259232645,37.9609023072569,19.0,30.0,0.0,18.049608277549326,34.137169842415847,10.0,30.0,0.0,16.70141487734325,36.99831348629718,12.0,30.0,0.0,16.311185687970057,38.05294885862643,16.0,30.0,0.0,18.95238634265629,0.0,0.0,0.0,15.37373755585851,0.0,0.0,679.0104129110998,1105.5379482177332,646.5289230011526,666.5064796149374,677.3174589385346,1098.8938447521976,678.7889234324933,678.5562433541272,681.4987748872735,7443.91164984652,80.748594016737,84.1729413321059,570.0,0.0,570.0,570.0,21.0,16.0,19.0,16.0,12.0,12.0,21.0,10.0,1.0,0.0,635.3969375989011,0.0,1864.353092010433,0.0,0.0,0.0,0.0,0.0,5182.425872593158,3109455.5235558955,4058146.457118865,80.748594016737,84.2310981175738,0.2577475290864386,0.5390478731700774,0.27021103051474468,84.2310981175738,0.2656985864579156,4058146.457118865,0.21767361577018097 
 03/24  21:00:00,5.75,69.0,5.41,0.0,0.0,0.0,0.0,0.0,2.0,0.0,0.0,4.0,0.0,0.0,0.0,2145.0,0.0,0.0,0.0,0.0,0.0,0.0,0.0,0.0,0.0,0.0,0.0,20.95086576962118,-557.4586040926616,20.76737728684273,-99.22862420345656,21.229412667963538,-1729.4159777764303,19.93470449590405,415.96382407061329,15.773122137733239,32.17554784304467,18.982559947501828,-57.65876679877066,17.45191560643572,89.60908762139002,16.437476072384486,-58.74246037123079,16.192386697241774,-230.38650176181987,1155.3149231387056,1193.5176342522544,0.0,0.0,0.0,0.0,0.0,0.0,0.0,0.0,0.0,0.0,0.0,0.0,0.0,0.0,0.0,0.0,0.0,0.0,0.0,0.0,0.0,0.0,1.6012842197115549,0.4887924968594494,261.44497148461758,306.9101219209665,8039.990218572868,0.2399623219789362,0.036624286016321189,20.13033493237125,23.6019407803858,627.042401498896,1.5874079139053495,0.2999637025520316,421.3918453868115,493.7409852247115,13403.494014660311,0.3777162362386521,0.07137495015847548,304.69032363336768,358.3927999098757,9065.38287817111,0.0,0.0,11.072674561900162,13.249989061112519,225.16424054057533,0.0,0.0,14.936236186106307,17.64035378894518,404.2133744829868,0.0,0.0,268.02174395922909,318.50142256685447,6482.7548647689259,0.0,0.0,25.44652368001552,30.380828624842349,549.6276922778829,0.0,0.0,191.9655445818824,229.50506149955494,3990.700344612975,41.412854761883739,28.403878437506024,405.53768006932025,479.14132125112249,12094.937849346072,0.0,0.0,215.9313741974131,258.8911893946257,4148.462439235767,586.53692812033,21.43643236317541,28.20743667874265,21.000000000000015,30.00000000000002,0.0,21.31407986727197,36.0462383345797,21.000000000000015,30.00000000000002,2174.1580145446916,21.73975488387596,27.09861358280963,22.000000000000019,30.00000000000002,0.0,20.727397655480023,29.053356340387557,16.000000000000015,30.00000000000002,0.0,15.820725917527693,39.33568140061052,12.00000000000001,30.00000000000002,0.0,19.320713947704556,38.13079203316878,19.000000000000015,30.00000000000002,0.0,17.8145992870502,34.79930953929562,10.000000000000007,30.00000000000002,0.0,16.472210253784817,37.743561289586427,12.00000000000001,30.00000000000002,29.56117202297023,16.055152959716254,38.88426403907968,16.000000000000015,30.00000000000002,0.0,19.251138187033506,0.0,0.0,0.0,15.22925761454184,0.0,0.0,693.5009058278195,1121.6325216257977,654.9183671344384,671.122363167418,686.6349542280336,1100.539486968947,683.1618626527683,684.2169568132838,687.3673376353207,8152.630398020899,82.61413221799845,82.61413221799846,570.0000000000005,0.0,570.0000000000005,570.0000000000005,21.0,16.0,19.0,16.0,12.0,12.0,21.0,10.0,1.0,0.0,586.53692812033,0.0,2174.1580145446916,0.0,0.0,0.0,0.0,29.56117202297023,0.0,0.0,0.0,82.61413221799845,82.61413221799845,0.3400000000000003,0.7694564431448849,0.3602813740196598,82.61413221799845,0.3542647819438878,0.0,0.006555 
 03/24  21:10:00,5.6466666666666669,69.5,5.441666666666667,0.0,0.0,0.0,0.0,0.0,2.0,0.0,0.0,4.0,0.0,0.0,0.0,2860.0,0.0,0.0,0.0,0.0,0.0,0.0,0.0,0.0,0.0,0.0,0.0,20.99378125794773,-811.4203905603235,20.705218681938854,-95.9720893138211,21.16084567129336,-1430.1562560934113,19.938789651091903,362.31517095189727,15.778067115776027,27.948374014239918,18.97815900122551,-51.07845624702773,17.5075324393218,261.5050056508155,16.289928297692698,-83.73057133294623,17.049491231095645,-522.2174680080292,1081.3630328319462,1017.4772610709322,0.0,0.0,0.0,0.0,0.0,0.0,0.0,0.0,0.0,0.0,0.0,0.0,0.0,0.0,0.0,0.0,0.0,0.0,0.0,0.0,0.0,0.0,1.6173434017294919,0.49369456707249445,220.44207602810466,258.5486868733332,6993.623134404399,0.24557279005240255,0.037480584562332507,19.46692342386115,22.843521563880345,607.276682280953,1.6029912202781587,0.3029083938545275,346.44989973750548,406.3234030493354,10994.238594710048,0.371450980735169,0.07019103944353154,273.9422205552804,322.3177139189145,8202.052127522498,0.0,0.0,11.09902545326707,13.283060122079416,228.00833359926242,0.0,0.0,13.856963251675723,16.37116869632878,377.74899142701477,0.0,0.0,224.01609001375818,266.1775823522294,5518.003057670123,0.0,0.0,31.701915494821394,37.87344686045598,678.6948560137083,0.0,0.0,142.1664174099412,169.3827499043131,3295.5317461276856,41.44477243058736,28.42576984265252,332.52220739322459,393.3006885556898,10047.06603863027,0.0,0.0,168.57553157438404,202.40341697173057,3174.4745751052889,1351.9558421215539,21.574422922528759,27.86862436893743,21.75,30.0,0.0,21.21594880976036,36.7329599347703,21.0,30.0,1737.5443739406433,21.54091759316586,27.467274392953276,21.5,30.0,0.0,20.71245137652207,29.146009305702667,16.0,30.0,0.0,15.821856568982824,39.515804494181818,12.0,30.0,0.0,19.31809281029225,38.23083954400141,19.0,30.0,0.0,17.953757369968426,34.697511213448048,10.0,30.0,0.0,16.275686239054566,38.48676054039824,12.0,30.0,1811.9202094875669,17.194211120561677,36.422218852923489,17.0,30.0,0.0,18.976723336867278,0.0,0.0,0.0,14.900725836849187,0.0,0.0,681.510577585577,1149.149834805144,652.7360161682269,670.7377484949411,690.5279305591562,1100.5344673579087,687.2993121265671,692.3954623389027,695.3326766321386,10914.707391903441,80.7874987041558,84.85198089378786,570.0,0.0,570.0,570.0,21.0,16.0,19.0,16.0,12.0,12.0,21.0,10.0,1.0,0.0,1351.9558421215539,0.0,1737.5443739406433,0.0,0.0,0.0,0.0,1811.9202094875669,6149.986538397734,3689991.92303864,4794436.818406947,80.7874987041558,84.92100929452268,0.37499955127992448,0.7706444530856556,0.36028137401965956,84.92100929452268,0.3542647819438875,4794436.818406947,0.25577071455716129 
 03/24  21:20:00,5.543333333333334,70.0,5.473333333333334,0.0,0.0,0.0,0.0,0.0,2.0,0.0,0.0,4.0,0.0,0.0,0.0,2860.0,0.0,0.0,0.0,0.0,0.0,0.0,0.0,0.0,0.0,0.0,0.0,21.0800587458978,-524.3302380486955,20.658507824163569,-77.17932204680486,21.245840946094483,-1532.4834489816399,19.9234071844467,381.82517702844145,15.785592646968518,32.988381951366338,18.98477672793304,-32.062589809363618,17.69843042263593,212.3960384206032,16.12170697020745,-101.24535732715373,16.935219081438519,-522.4725525394013,1094.8283444585027,1196.8608835002013,0.0,0.0,0.0,0.0,0.0,0.0,0.0,0.0,0.0,0.0,0.0,0.0,0.0,0.0,0.0,0.0,0.0,0.0,0.0,0.0,0.0,0.0,1.647036463895325,0.5027583833624314,218.47832939428376,256.8265126203615,6855.70785248828,0.25317120832578768,0.03864029431101765,18.956120480886907,22.25233151753935,593.0930025788337,1.6391262506199238,0.3097366308805602,361.28528897483997,423.88787785878938,11505.634946612105,0.37449998518325,0.07076719296735637,240.79096152984776,283.1225311321184,7252.87223336409,0.0,0.0,11.128244875998533,13.31653133867193,231.09974755362473,0.0,0.0,13.855177328041803,16.364780097139218,381.0190968468203,0.0,0.0,229.5816584765556,272.4593842704048,5839.749526129154,0.0,0.0,42.13971952988951,50.395451822276459,891.9685471413391,0.0,0.0,141.56404927649738,168.656488612652,3295.5434090645246,41.595184971333349,28.528933450845928,345.13043202834469,408.339087653635,10470.585991909466,0.0,0.0,175.8104401766053,210.9371038222784,3402.2655172336528,1004.2304934894713,21.562241685791329,28.130294161534218,21.5,30.0,0.0,21.146773841056935,37.43982002256665,21.0,30.0,1915.3081983156977,21.71498870527965,27.093122431380288,21.5,30.0,0.0,20.675110042441799,29.317361205800926,16.0,30.0,0.0,15.830773814205005,39.69840958867738,12.0,30.0,0.0,19.337014897291114,38.42857980873089,19.0,30.0,0.0,18.253210328415358,34.26762161251965,10.0,30.0,0.0,16.03508658551066,39.39912040847693,12.0,30.0,0.0,17.120196515394846,36.81326233102653,16.0,30.0,0.0,18.988856718965115,0.0,0.0,0.0,15.062171040929668,0.0,0.0,691.2521512155737,1182.3761490667189,640.4864113141564,670.664343305368,693.2685288645845,1108.572722206227,691.358373743714,697.5890059165573,696.9883650377576,9387.190806772383,81.79775478383442,85.44189835443146,570.0,0.0,570.0,570.0,21.0,16.0,19.0,16.0,12.0,12.0,21.0,10.0,1.0,0.0,1004.2304934894713,0.0,1915.3081983156977,0.0,0.0,0.0,0.0,0.0,5514.694963524551,3308816.9781147309,4323618.846251442,81.79775478383442,85.50378800998661,0.3538231654508184,0.7682363096678098,0.36028137401965956,85.50378800998661,0.3542647819438875,4323618.846251442,0.231288180005075 
 03/24  21:30:00,5.4399999999999999,70.5,5.505,0.0,0.0,0.0,0.0,0.0,2.0,0.0,0.0,4.0,0.0,0.0,0.0,2862.0,0.0,0.0,0.0,0.0,0.0,0.0,0.0,0.0,0.0,0.0,0.0,20.979385434130557,-566.9187009689888,20.6238077814544,-103.3384515639159,21.24514339174091,-1808.7412240752524,19.92832300585356,359.4476385301273,15.794238430241546,31.712333115521945,18.982600656886974,-47.665167907948518,17.574045737389598,19.232815932025006,16.02746132797307,-55.51035691582342,16.502091962336114,-362.322173952007,1129.3319664422039,1285.3194440700164,0.0,0.0,0.0,0.0,0.0,0.0,0.0,0.0,0.0,0.0,0.0,0.0,0.0,0.0,0.0,0.0,0.0,0.0,0.0,0.0,0.0,0.0,1.6890891013989969,0.5155949637970076,242.6989228046458,284.853230991382,7724.385883562054,0.24883495223628555,0.03797847256353565,21.203445076259297,24.873723553837548,664.7265202256206,1.6206796877547423,0.3062508858191124,363.69794662618997,426.5572669426721,11616.45388881017,0.369783393020533,0.0698759246070546,252.71454559791077,297.2031175068129,7653.223083986132,0.0,0.0,10.679355574750188,12.778350963264839,224.19084639017206,0.0,0.0,13.69378911106246,16.174616926910937,379.30848223628638,0.0,0.0,263.365568490696,312.8516163597094,6605.785330337911,0.0,0.0,37.16669074237041,44.45814152703686,787.2195472056787,0.0,0.0,179.27584103815773,214.0657494526659,3978.5672713166206,41.657729406474917,28.571830868638505,352.15244144566136,416.36049217018697,10746.440622919985,0.0,0.0,212.40997102154589,254.75013654869844,4194.964689619761,611.0968750365105,21.380204278822008,28.444696858143137,21.25,30.0,0.0,21.09778038820707,37.989442210323669,21.0,30.0,2002.2565448413225,21.62606738935842,27.154787365987418,21.5,30.0,0.0,20.67034600452824,29.217299409161016,16.0,30.0,0.0,15.840957129884722,39.862502150501317,12.0,30.0,0.0,19.334798633944108,38.58052500581954,19.0,30.0,0.0,17.958803799762444,35.04207293551265,10.0,30.0,0.0,15.936879989601924,39.88788989263092,12.0,30.0,0.0,16.45175023264195,38.64843725849927,16.0,30.0,0.0,18.911914312963256,0.0,0.0,0.0,15.1668462946238,0.0,0.0,685.3933959019466,1207.3011568534428,628.4932962637613,657.6281912990313,695.6191219533286,1110.5929986895215,692.0495739685762,701.2798934615264,701.2040595695809,7071.426389100447,81.36820770587241,83.05635765843536,570.0,0.0,570.0,570.0,21.0,16.0,19.0,16.0,12.0,12.0,21.0,10.0,1.0,0.0,611.0968750365105,0.0,2002.2565448413225,0.0,0.0,0.0,0.0,0.0,2554.891095276004,1532934.6571656024,1984610.5140537946,81.36820770587241,83.08502804890311,0.25516303650920016,0.5408379539691222,0.27021103051474468,83.08502804890311,0.2656985864579156,1984610.5140537946,0.10965974673079733 
 03/24  21:40:00,5.336666666666667,71.0,5.536666666666667,0.0,0.0,0.0,0.0,0.0,2.0,0.0,0.0,4.0,0.0,0.0,0.0,2148.0,0.0,0.0,0.0,0.0,0.0,0.0,0.0,0.0,0.0,0.0,0.0,20.992209771333294,-587.0846007845007,20.59229578696813,-70.17287784097978,21.289367677906747,-1774.5645152441285,19.963088638832788,412.6196213771367,15.79897285823337,31.20900151860082,18.969751927313518,-60.68836797997376,17.49593867267987,87.99290361494914,15.955866906175683,-55.89923192426345,16.680859577740006,-445.6042777352565,1193.5458893728365,1254.732909356127,0.0,0.0,0.0,0.0,0.0,0.0,0.0,0.0,0.0,0.0,0.0,0.0,0.0,0.0,0.0,0.0,0.0,0.0,0.0,0.0,0.0,0.0,1.64428066425078,0.5019171746797257,269.9114459553975,316.7433244368803,8526.77196812675,0.27192872742233156,0.04150316352599692,17.486045327614336,20.501905299541158,552.4853507963148,1.6386169385062526,0.30964038898455306,437.0736071151336,512.0302370858277,14229.619539234152,0.3875405214270927,0.07323139104820349,303.4739274931292,356.84842945540216,9278.086196187476,0.0,0.0,11.284449964261129,13.496744672221297,239.32038139755526,0.0,0.0,15.367897542804489,18.14405709353708,428.29450621853308,0.0,0.0,269.42867553497436,319.9768217784964,6760.431954400234,0.0,0.0,35.36114371835955,42.28998293486035,751.1811642206219,0.0,0.0,183.17715324678933,218.51901464545387,4131.468416785649,41.88941005947617,28.730733922823196,418.67807844095537,494.556363122074,12824.200721859579,0.0,0.0,214.99543190869788,257.772406033112,4247.654062418099,614.575319499454,21.445935324039217,28.274491615393648,21.000000000000015,30.00000000000002,0.0,21.056042554343028,38.451471537538719,21.000000000000015,30.00000000000002,2231.8587114611489,21.71590555097377,27.302288085301414,22.000000000000019,30.00000000000002,0.0,20.727859733618155,29.20392391045226,16.000000000000015,30.00000000000002,0.0,15.84488072340471,40.04412359976866,12.00000000000001,30.00000000000002,0.0,19.316874467902964,38.641823879544208,19.000000000000015,30.00000000000002,0.0,17.859207250276879,35.29781507740572,10.000000000000007,30.00000000000002,0.0,15.862537906556839,40.160184399725249,12.00000000000001,30.00000000000002,1009.584699509029,16.512496378071739,38.58312580116549,16.000000000000015,30.00000000000002,0.0,19.258325900323933,0.0,0.0,0.0,15.081603045383489,0.0,0.0,679.7577629870307,1228.6334757862219,645.6064878867306,659.8177511378706,698.8207857037371,1104.814142459004,691.2705326928152,701.2218114530233,701.2656517832027,10396.933818265414,81.13001343577955,83.84580364990211,570.0000000000005,0.0,570.0000000000005,570.0000000000005,21.0,16.0,19.0,16.0,12.0,12.0,21.0,10.0,1.0,0.0,614.575319499454,0.0,2231.8587114611489,0.0,0.0,0.0,0.0,1009.584699509029,4109.260566488377,2465556.339893024,3193459.3457004537,81.13001343577955,83.89192678354267,0.3636420188829461,0.7715699273940271,0.3602813740196598,83.89192678354267,0.3542647819438878,3193459.3457004537,0.1725198859764236 
 03/24  21:50:00,5.233333333333333,71.5,5.568333333333333,0.0,0.0,0.0,0.0,0.0,2.0,0.0,0.0,4.0,0.0,0.0,0.0,2864.0,0.0,0.0,0.0,0.0,0.0,0.0,0.0,0.0,0.0,0.0,0.0,21.122451673672378,-853.1742855183381,20.573478800952424,-79.62013385435793,21.231130770093018,-1463.2874197531376,19.971674525253666,356.2770706320882,15.801267920523316,28.441464488788129,18.958093415924723,-51.53065693362453,17.54532534287344,234.37896072435525,15.882540537278317,-73.78222454441084,16.734564029485435,-433.2611094720811,1110.1280141777828,1104.7748137677452,0.0,0.0,0.0,0.0,0.0,0.0,0.0,0.0,0.0,0.0,0.0,0.0,0.0,0.0,0.0,0.0,0.0,0.0,0.0,0.0,0.0,0.0,1.6748577559157463,0.5112508412441228,215.27317421237746,252.29123044341444,7046.026757196036,0.2708587015044124,0.041339850656961597,17.181328184991068,20.161747297451414,545.6974987569989,1.6589993169683977,0.31349193442335568,348.42282030686246,408.46212176105868,11347.840097133234,0.3815344988100872,0.07209646613947224,274.0344211808353,322.30031862794916,8430.832843174927,0.0,0.0,11.28135835633067,13.494855541351978,241.5837841816813,0.0,0.0,14.240121564800067,16.817131243062204,399.4627691664895,0.0,0.0,231.68608605455138,275.09225453759106,5917.848372412611,0.0,0.0,39.5771218277208,47.35005831681758,842.3086438852424,0.0,0.0,142.67901305807045,170.11355468143572,3312.596159422196,41.93845788400476,28.764374406038948,332.40054085785496,393.06143386099907,10333.833935210194,0.0,0.0,175.02362376784874,210.06552763032398,3416.7438315319466,1504.3925358275063,21.664275162844427,27.942614823127703,21.75,30.0,0.0,21.031519850918906,38.728552349495327,21.0,30.0,1729.4752908059934,21.549857220348345,27.65347271688089,21.5,30.0,0.0,20.72104643012012,29.353103219212419,16.0,30.0,0.0,15.845325615088618,40.16960421865941,12.0,30.0,0.0,19.306163410831755,38.719335248597349,19.0,30.0,0.0,17.989380614231579,35.10576079280142,10.0,30.0,0.0,15.7784940525674,40.50513599850255,12.0,30.0,0.0,16.783518706398409,38.01239733745717,16.0,30.0,0.0,18.956061327512115,0.0,0.0,0.0,14.84214552010547,0.0,0.0,678.6804078536105,1240.9488550196339,647.6829358469684,665.4848907227829,700.1882935243517,1103.3369060102673,691.7596754322592,703.6480917661461,703.2104170524724,8383.879328165083,82.46138365744551,82.46138365744551,570.0,0.0,570.0,570.0,21.0,16.0,19.0,16.0,12.0,12.0,21.0,10.0,1.0,0.0,1504.3925358275063,0.0,1729.4752908059934,0.0,0.0,0.0,0.0,0.0,0.0,0.0,0.0,82.46138365744551,82.46138365744551,0.34,0.7708798688253313,0.36028137401965956,82.46138365744551,0.3542647819438875,0.0,0.006175 
 03/24  22:00:00,5.13,72.0,5.6,0.0,0.0,0.0,0.0,0.0,2.0,0.0,0.0,4.0,0.0,0.0,0.0,2866.0,0.0,0.0,0.0,0.0,0.0,0.0,0.0,0.0,0.0,0.0,0.0,20.908839908644823,-497.4264629928639,20.55510618136496,-91.9402045007472,21.276654375893054,-1811.8376195072809,19.942210255744408,345.8245027397936,15.804875647254626,30.25588445992834,18.947891261208164,-50.71999992926102,17.493445417579463,15.604428113810173,15.82005646265912,-46.879385032625297,16.369444866840906,-330.9385831952593,1166.459352899988,1281.761191100303,0.0,0.0,0.0,0.0,0.0,0.0,0.0,0.0,0.0,0.0,0.0,0.0,0.0,0.0,0.0,0.0,0.0,0.0,0.0,0.0,0.0,0.0,1.7265650124528554,0.5270344970857313,265.2435645955691,311.4647817639523,8529.271297051582,0.2616389056950913,0.03993267791439122,20.708340284484497,24.289130045556214,658.9750755748671,1.6440998768220013,0.31067646954308428,401.1801891534379,470.50267629970429,13034.435038866255,0.3752505762276602,0.07090902800976193,232.3937039106021,273.12943458666777,7180.379969528431,0.0,0.0,10.743292345854952,12.851026065901025,232.378299958195,0.0,0.0,14.363936143678086,16.965380911271866,405.582357226197,0.0,0.0,267.84819273065349,318.2379551451439,6811.926998904688,0.0,0.0,37.768646404126929,45.200255298990658,807.1702884007877,0.0,0.0,182.63346993605377,218.17154361879848,4092.4919873203896,42.02181637173677,28.82154758006638,390.54682374149197,461.55563458865938,12148.66531254971,0.0,0.0,216.36726907832716,259.50837065823768,4365.416879489172,615.8006295534755,21.264935339024104,28.99058084505723,21.25,30.0,13.228969873269528,21.00759321681076,38.930747405772809,21.0,30.0,1988.555144799443,21.62897937987458,27.494664933776535,21.5,30.0,0.0,20.65573128394354,29.68263113332717,16.0,30.0,0.0,15.850279176005623,40.29331702501481,12.0,30.0,0.0,19.296439012700277,38.83880391706669,19.0,30.0,0.0,17.817674965263295,35.6399852360002,10.0,30.0,0.0,15.716705112023682,40.72425411074573,12.0,30.0,0.0,16.245952105120634,39.37715275302227,16.0,30.0,0.0,19.046597061251029,0.0,0.0,0.0,15.072762754682277,0.0,0.0,697.3218413126581,1248.6653391532878,642.2600630037433,674.7671318601209,701.4742580743348,1103.770489258989,694.681618663755,700.4411936105846,698.6598439149938,7293.21316593992,81.72729910838057,83.6432551747775,570.0,0.0,570.0,570.0,21.0,16.0,19.0,16.0,12.0,12.0,21.0,10.0,1.0,0.0,615.8006295534755,13.228969873269528,1988.555144799443,0.0,0.0,0.0,0.0,0.0,2899.2751221854834,1739565.07331129,2259251.7840878365,81.72729910838057,83.67579446932256,0.26664250407284947,0.5398418861661128,0.27021103051474468,83.67579446932256,0.2656985864579156,2259251.7840878365,0.12337109277256751 
 03/24  22:10:00,5.123333333333334,72.66666666666667,5.630000000000001,0.0,0.0,0.0,0.0,0.0,2.0,0.0,0.0,4.0,0.0,0.0,0.0,7170.0,0.0,0.0,0.0,0.0,0.0,0.0,0.0,0.0,0.0,0.0,0.0,21.02150534778915,-466.9307106924293,21.022521833134669,-182.7742560705732,21.24533954727623,-1503.5750734525935,20.01176819690626,364.5681286466963,15.802063827596239,23.243955801911914,18.942034271814788,-22.079082134823364,17.526025405578353,160.84107525048626,15.752446693635488,-103.31005382471689,17.758494968229557,-388.439521571819,1125.2126864593498,1021.1383409435387,0.0,0.0,0.0,0.0,0.0,0.0,0.0,0.0,0.0,0.0,0.0,0.0,0.0,0.0,0.0,0.0,0.0,0.0,0.0,0.0,0.0,0.0,1.751241867266072,0.5345671145500831,165.0288223128855,193.77633386606454,5368.099226228098,0.2051802871576779,0.03131567264311324,29.82155228116206,34.90291782647871,989.589140286468,1.7048126058188702,0.32214901848429158,322.16390715592697,378.1451705853429,10553.839490447304,0.3864354997888411,0.07302258121482255,270.20335561910249,318.03339572618747,8393.36428055515,0.0,0.0,10.93558727784283,13.086769322970799,236.50261666662,0.0,0.0,13.055199741132297,15.429724910300515,368.73677874564137,0.0,0.0,185.72143331712798,220.7254559275861,4752.378795016703,0.0,0.0,46.7045065484895,55.91828494689083,990.2252432022501,0.0,0.0,124.43277094228142,147.68010041607773,3257.4913328182444,42.240182867234697,28.971318838981284,311.82205029250886,369.23437743206577,9799.303411173632,0.0,0.0,137.98324832593927,165.81846024705033,2674.2788105900319,583.2436208338975,21.4018561896977,29.005873729753327,21.299999999999998,30.0,846.2739352033324,21.77761636343366,35.959465770291149,21.500000000000005,30.0,1831.9203996529287,21.536651061066224,27.905483535880039,21.5,30.0,0.0,20.78253854813339,29.38809856511051,15.999999999999999,30.0,0.0,15.842770921166757,40.451658317668229,12.0,30.0,0.0,19.295972986851216,38.04305951998437,19.0,30.0,0.0,17.935964991589079,35.70661218953707,10.0,30.0,0.0,15.630595295254631,41.13612273629589,12.0,30.0,3006.5735596093466,18.160396651698656,35.17566954616845,20.0,30.0,0.0,18.889517678271333,0.0,0.0,0.0,14.568046805655497,0.0,0.0,706.6854390331445,1171.6391728527147,652.230459859193,664.2710659577197,703.369282597754,1100.007272526736,705.0731209482894,705.0836992425548,705.6088973870375,10504.062530740859,81.05929071530109,85.407196626766,570.0,0.0,570.0,570.0,21.0,16.0,19.0,19.0,12.0,12.0,21.0,10.0,1.0,0.0,583.2436208338975,846.2739352033324,1831.9203996529287,0.0,0.0,0.0,0.0,3006.5735596093466,6579.755265139924,3947853.159083953,5145210.821544581,81.05929071530109,85.48103850319973,0.3553251755046641,0.7674476850716581,0.3602813740196596,85.48103850319973,0.3542647819438876,5145210.821544581,0.27315596272031819 
 03/24  22:20:00,5.116666666666667,73.33333333333334,5.66,0.0,0.0,0.0,0.0,0.0,2.0,0.0,0.0,4.0,0.0,0.0,0.0,2151.0,0.0,0.0,0.0,0.0,0.0,0.0,0.0,0.0,0.0,0.0,0.0,21.344700175542376,-995.7509508465503,20.92768265389571,-102.69269960318866,21.405668779504987,-1540.884361859995,20.063447785848497,577.1278250259375,15.800119658243851,30.633287642871026,18.94091709765553,-44.359856098235869,17.428892195645575,67.90965085618697,15.65050922102007,-58.08449716973896,18.699544954610376,-832.1016155283314,1210.382053791267,1550.2414634536863,0.0,0.0,0.0,0.0,0.0,0.0,0.0,0.0,0.0,0.0,0.0,0.0,0.0,0.0,0.0,0.0,0.0,0.0,0.0,0.0,0.0,0.0,1.6763504130287346,0.5117064752834963,206.86626975051645,242.26157177153469,6875.830067860632,0.2683456302962988,0.04095629278026537,21.405526434749157,25.076871525254917,705.243416402046,1.7330620593131619,0.3274871616238023,362.68193192401477,424.48957396854919,12118.56013033877,0.41865588407645895,0.07911108920568003,331.321959658618,389.29673988350569,10361.803341516983,0.0,0.0,13.056966444847025,15.609272377071575,282.53625615242449,0.0,0.0,15.036569043224813,17.75109337591699,424.9808906604201,0.0,0.0,239.43206076025269,284.3062840822145,6018.559622825362,0.0,0.0,55.638530383032108,66.59736892525757,1165.7559467830884,0.0,0.0,206.91218931648184,243.9364928399886,6012.882911682991,42.628481044503178,29.23764131996102,351.7969326490979,415.8098344763242,11004.904426586043,0.0,0.0,193.11525998744558,230.6209663858134,4228.101044725333,1250.8902097753435,21.950489668875514,28.02972468253779,21.666666666666658,29.99999999999999,0.0,21.582495958421906,35.763130589090589,20.999999999999994,29.99999999999999,1960.4883847509164,21.9678619405832,27.459896467883433,21.999999999999994,29.99999999999999,0.0,20.885298674769538,29.467444985473735,15.999999999999993,29.99999999999999,0.0,15.840224693812458,40.67735760351052,11.999999999999995,29.99999999999999,0.0,19.297718369652029,36.55072952097227,18.999999999999994,29.99999999999999,0.0,17.73426692648455,36.26063539030516,9.999999999999997,29.99999999999999,0.0,15.490101420374416,41.740728149427678,11.999999999999995,29.99999999999999,1275.2018883769106,19.873343747842477,31.851508366059315,19.66666666666666,29.99999999999999,0.0,19.100028109537129,0.0,0.0,0.0,15.524328338195922,0.0,0.0,701.9095716302842,1120.5837661179315,667.0833719656737,676.4900440544939,707.1902569062345,1075.9356180633952,707.3341889882413,712.8530203390473,716.6386132260003,8937.480112156038,82.09514192465608,84.5088642535269,569.9999999999998,0.0,569.9999999999998,569.9999999999998,21.0,16.0,19.0,19.0,12.0,12.0,21.0,10.0,1.0,0.0,1250.8902097753435,0.0,1960.4883847509164,0.0,0.0,0.0,0.0,1275.2018883769106,3652.7323737178187,2191639.424230692,2850803.103242571,82.09514192465608,84.54985727167933,0.3484244124572606,0.7669027155122168,0.36028137401965945,84.54985727167933,0.35426478194388735,2850803.103242571,0.15375176136861366 
 03/24  22:30:00,5.109999999999999,74.0,5.6899999999999999,0.0,0.0,0.0,0.0,0.0,2.0,0.0,0.0,4.0,0.0,0.0,0.0,2868.0,0.0,0.0,0.0,0.0,0.0,0.0,0.0,0.0,0.0,0.0,0.0,20.97139968250329,-427.76108716217927,20.819574599627815,-137.1777942568985,21.256721386893405,-1742.6280809268406,20.12241642694073,349.68948411688919,15.805784688094093,30.154602079705897,18.921854967300737,-45.340670554276247,17.277773320539745,4.654203068305378,15.693480703252167,16.493873555703716,18.692268942541504,-1032.3486151394496,1020.4055669573022,1667.3744337630772,0.0,0.0,0.0,0.0,0.0,0.0,0.0,0.0,0.0,0.0,0.0,0.0,0.0,0.0,0.0,0.0,0.0,0.0,0.0,0.0,0.0,0.0,1.7366254652694118,0.5301054533789413,139.7994181263966,163.93578435203544,4570.844490160322,0.24741523592618237,0.03776178814502173,22.918277433662309,26.856943671070874,745.5340568115876,1.6825201548082516,0.317936537189768,271.88421549228266,318.8686221901638,8852.150511326887,0.3746349433566627,0.07079269526769888,214.6303945006323,252.21017454523867,6750.839537176113,0.0,0.0,12.515966037725035,14.968163117571887,271.2176338438244,0.0,0.0,15.37861173338015,18.168849391909693,434.03518476784299,0.0,0.0,268.79123536822285,319.63346925088566,6658.720960546418,0.0,0.0,52.88684228263392,63.301095333699489,1122.091958915197,0.0,0.0,239.310114920091,282.4531523064224,6920.7802841779889,42.45795805351733,29.120684536020126,256.53846479170559,303.52792801172469,8196.436311696732,0.0,0.0,229.3319088281236,274.0487118026081,5056.102722390497,832.0119056576764,21.392921394669928,29.142466358500493,21.5,30.0,0.0,21.395447015316266,36.77785903364699,21.0,30.0,1886.5005357245537,21.505516021044657,27.953198521246244,21.5,30.0,0.0,20.927534582382948,29.477547460829059,16.0,30.0,0.0,15.850628245573365,40.80404226663976,12.0,30.0,0.0,19.27062839170902,35.53563622452765,19.0,30.0,0.0,17.465024919295126,37.03110561578343,10.0,30.0,0.0,15.618322065819786,41.56493802583579,12.0,30.0,2066.908727245903,19.63113213979242,32.33337114142744,19.75,30.0,0.0,18.461099558324805,0.0,0.0,0.0,15.993581064657996,0.0,0.0,705.3478922248104,1147.3978519464202,639.806750843414,677.1192734718914,710.3351274502402,1041.4965283844763,713.5094703489115,716.6171653351603,716.9596003610313,9725.22141537182,81.57439474443524,83.30726841785182,570.0,0.0,570.0,570.0,21.0,16.0,19.0,19.0,12.0,12.0,21.0,10.0,1.0,0.0,832.0119056576764,0.0,1886.5005357245537,0.0,0.0,0.0,0.0,2066.908727245903,2622.509014199033,1573505.4085194199,2038524.8533525402,81.57439474443524,83.33669836557222,0.3424169671399678,0.7717302479941746,0.36028137401965956,83.33669836557222,0.3542647819438875,2038524.8533525402,0.1114182923743321 
 03/24  22:40:00,5.1033333333333339,74.66666666666667,5.720000000000001,0.0,0.0,0.0,0.0,0.0,2.0,0.0,0.0,0.0,0.0,0.0,0.0,5019.0,0.0,0.0,0.0,0.0,0.0,0.0,0.0,0.0,0.0,0.0,0.0,20.587737698099564,-407.6749076981106,20.447973210067219,-462.79693412717998,20.71012910017803,-664.8968110827889,20.021364676357608,75.523999914053,15.807177678106385,29.333255687955114,18.80186820271706,-53.87312519119516,17.251808624083226,61.17931458535356,15.731385568594604,9.758654754192062,18.267858630008733,-661.9243084457124,1021.9304599943657,1374.0792843119853,0.0,0.0,0.0,0.0,0.0,0.0,0.0,0.0,0.0,0.0,0.0,0.0,0.0,0.0,0.0,0.0,0.0,0.0,0.0,0.0,0.0,0.0,1.6820589244868698,0.5134490001486178,264.31126078730258,310.94590390307487,8288.435758578347,0.3088576101517351,0.04713943988884851,139.61268780692499,164.29845992052337,4362.452905345301,1.6317046763402626,0.30833421699551497,198.89251393384215,233.89911064484989,6308.680652567223,0.3399435871608986,0.06423726136827267,150.99727417317338,177.7864218503493,4699.826691488323,0.0,0.0,12.605437723395515,15.081497349488469,273.36831079062406,0.0,0.0,14.329998853092903,16.949298182355585,400.9137553715908,0.0,0.0,242.12433469103764,288.1064305247886,5996.523298296364,0.0,0.0,49.115351683976829,58.79154972715902,1051.7149860653699,0.0,0.0,209.33820426012484,247.81859679234143,5790.27617851516,42.318245752432407,29.02485991250512,293.12352260441249,347.06692739847008,9293.62919779271,0.0,0.0,199.57251598087937,238.91443183925078,4286.004608672332,0.0,20.775918216736725,32.234537498825527,21.714285714285738,30.000000000000033,0.0,20.767777251433246,32.505903946753068,12.000000000000015,30.000000000000033,0.0,20.916405900846628,30.469815945442748,22.00000000000002,30.000000000000033,0.0,20.715591134313557,30.994185389031409,12.000000000000015,30.000000000000033,0.0,15.853424017709405,41.08903055267197,12.000000000000015,30.000000000000033,0.0,19.131451997280548,35.19643320360698,12.000000000000015,30.000000000000033,0.0,17.448355884302594,38.09274872279095,10.00000000000001,30.000000000000033,0.0,15.712942347488884,41.54563254999432,12.000000000000015,30.000000000000033,0.0,18.915224784035347,34.50031045402956,19.428571428571453,30.000000000000033,0.0,18.511033868743984,0.0,0.0,0.0,15.683098174526752,0.0,0.0,811.3071537539993,820.3348227026778,716.9600927888354,730.2381707704939,719.8601603917161,1023.2409342750674,756.5510403741328,725.2266607756382,747.7223788628845,0.0,80.89674217691236,80.89674217691236,60.000000000000067,0.0,60.000000000000067,60.000000000000067,12.0,12.0,12.0,19.0,12.0,12.0,21.0,10.0,0.0,0.0,0.0,0.0,0.0,0.0,0.0,0.0,0.0,0.0,0.0,0.0,0.0,80.89674217691236,80.89674217691236,0.0,0.0,0.0,80.89674217691236,0.0,0.0,0.00056 
 03/24  22:50:00,5.096666666666667,75.33333333333333,5.75,0.0,0.0,0.0,0.0,0.0,2.0,0.0,0.0,0.0,0.0,0.0,0.0,2151.0,0.0,0.0,0.0,0.0,0.0,0.0,0.0,0.0,0.0,0.0,0.0,20.074050582867199,-202.29441539085384,20.03788549456325,-261.41319931414616,20.12727363757668,-386.20596355689636,19.63395768042117,-166.5595857108654,15.801962309722807,22.62679740199955,18.67548467854243,-42.95864740913716,17.199034314282178,47.67837102943672,15.704908431525027,-38.591718231278679,17.677081468454924,-200.62624638095549,909.9910143288827,1025.1650631399064,0.0,0.0,0.0,0.0,0.0,0.0,0.0,0.0,0.0,0.0,0.0,0.0,0.0,0.0,0.0,0.0,0.0,0.0,0.0,0.0,0.0,0.0,1.6306223956328612,0.4977479840149154,145.39393775941125,171.28645190160575,4332.25079172642,0.3028204813678441,0.04621802218678944,88.76520322765424,104.51753755690533,2633.4376595738497,1.5770025639232497,0.29799746105881549,195.97911288059619,230.91229864533603,5835.017892185384,0.3131993477377317,0.0591835502149909,158.74240470185758,187.05043950692184,4694.775399788504,0.0,0.0,11.560900663057334,13.821242653791991,250.69064341478868,0.0,0.0,12.714041018728406,15.035838980714765,351.41983402499769,0.0,0.0,186.00485102550199,221.23979139240402,4581.719422622237,0.0,0.0,44.82178755916052,53.614829186710327,957.8792452950502,0.0,0.0,154.06192944322556,182.88551632827353,3968.5034760000078,41.887215924143017,28.729229028904706,226.08242444556934,268.04468394793619,6959.914978208564,0.0,0.0,144.53145076124876,173.39748096374707,2875.6941609915259,0.0,19.96282069252387,32.14446757551285,22.000000000000019,30.00000000000002,0.0,20.102957555809608,31.835663772350107,12.00000000000001,30.00000000000002,0.0,19.985323770806148,31.753245826973648,22.000000000000019,30.00000000000002,0.0,19.991919218515358,32.01034344244677,12.00000000000001,30.00000000000002,0.0,15.844171350031172,41.583895429476488,12.00000000000001,30.00000000000002,0.0,18.94776663818798,35.22916806696954,12.00000000000001,30.00000000000002,0.0,17.371978025231465,38.16945144896705,10.000000000000007,30.00000000000002,0.0,15.68131617770335,42.16264597073733,12.00000000000001,30.00000000000002,0.0,17.93612092447089,36.8859246747015,20.000000000000015,30.00000000000002,0.0,18.0294974801483,0.0,0.0,0.0,14.827156560897818,0.0,0.0,708.4169760814774,701.6136483732507,684.1132976116086,699.4089447570339,736.2841314097547,1026.0340516579427,746.4267520943439,745.3956173938954,753.5509074715822,0.0,80.89674217691233,80.89674217691233,60.00000000000004,0.0,60.00000000000004,60.00000000000004,12.0,12.0,12.0,19.0,12.0,12.0,21.0,10.0,0.0,0.0,0.0,0.0,0.0,0.0,0.0,0.0,0.0,0.0,0.0,0.0,0.0,80.89674217691233,80.89674217691233,0.0,0.0,0.0,80.89674217691233,0.0,0.0,0.0005500000000000001 
 03/24  23:00:00,5.09,76.0,5.78,0.0,0.0,0.0,0.0,0.0,2.0,0.0,0.0,0.0,0.0,0.0,0.0,2151.0,0.0,0.0,0.0,0.0,0.0,0.0,0.0,0.0,0.0,0.0,0.0,19.65578225368931,-223.29669769890598,19.758117012595826,-293.63669409522,19.705217819674915,-326.2495006738167,19.307122660129119,-172.942412200521,15.785842675970035,11.936452310502327,18.586572504989279,-30.31818341070759,17.19985584434766,69.7800566021623,15.587719166457625,-122.76622295584073,17.438553320399934,-70.39956987520348,811.5958403864182,579.7677793608524,0.0,0.0,0.0,0.0,0.0,0.0,0.0,0.0,0.0,0.0,0.0,0.0,0.0,0.0,0.0,0.0,0.0,0.0,0.0,0.0,0.0,0.0,1.5391022555117889,0.4698114333064073,222.82489204971129,263.3244215911915,6356.951804131513,0.277162435148386,0.042301958966481419,155.00951121362494,183.04191548533684,4505.958251635175,1.4991111364536787,0.2832787483850492,210.1622508803582,248.42757686343135,5997.957050488812,0.2961600911840788,0.05596373605141326,187.68173604544246,221.68809635419309,5377.3834473735919,0.0,0.0,10.022089077581179,11.981835653064078,216.90702614122018,0.0,0.0,11.915221610019453,14.097861086418329,326.88931803075328,0.0,0.0,113.4839613886001,134.93408766627156,2802.2354715858157,0.0,0.0,42.582332617120517,50.96248918281604,893.6743112344796,0.0,0.0,87.33215568171969,103.76570083869567,2189.0465560802356,41.27860452143507,28.31180008328883,320.6233180616233,380.7514977273876,9320.84183576099,0.0,0.0,78.02591025176447,93.87154986146735,1410.2736059690793,0.0,19.310549986488149,32.911489983169548,22.000000000000019,30.00000000000002,0.0,19.67022137833987,32.04843163102565,12.00000000000001,30.00000000000002,0.0,19.349497199201616,32.874662278905848,22.000000000000019,30.00000000000002,0.0,19.444342606567149,32.69585744738305,12.00000000000001,30.00000000000002,0.0,15.816001589558983,41.755848152087299,12.00000000000001,30.00000000000002,0.0,18.833047097769556,35.189880851049469,12.00000000000001,30.00000000000002,0.0,17.39669853836463,37.71353445632505,10.000000000000007,30.00000000000002,0.0,15.47874796288922,42.996443528945999,12.00000000000001,30.00000000000002,0.0,17.591941451205736,37.332302753015849,20.000000000000015,30.00000000000002,0.0,17.739714802150624,0.0,0.0,0.0,13.973591301546119,0.0,0.0,669.5706970949697,656.935431262207,672.1589902579557,671.203847107266,735.5323201803353,1026.4654615819057,717.3007439282852,754.8100391504481,726.0653997245773,0.0,80.89674217691233,80.89674217691233,60.00000000000004,0.0,60.00000000000004,60.00000000000004,12.0,12.0,12.0,19.0,12.0,12.0,21.0,10.0,0.0,0.0,0.0,0.0,0.0,0.0,0.0,0.0,0.0,0.0,0.0,0.0,0.0,80.89674217691233,80.89674217691233,0.0,0.0,0.0,80.89674217691233,0.0,0.0,0.0005399999999999999 
 03/24  23:10:00,5.12,76.33333333333334,5.816666666666667,0.0,0.0,0.0,0.0,0.0,2.0,0.0,0.0,0.0,0.0,0.0,0.0,2151.0,0.0,0.0,0.0,0.0,0.0,0.0,0.0,0.0,0.0,0.0,0.0,19.346903022302155,-199.87803262422103,19.507621368296655,-346.51089189407659,19.498189222796215,-329.4304104899723,19.006507740929615,-212.4332433599916,15.767988529256933,9.92225988290094,18.517180663568646,-23.45043527754772,17.22300721664301,97.58888291057838,15.45428380358139,-142.79920407534247,17.297384118482044,-35.50604784200772,831.3684462068795,468.1869668546518,0.0,0.0,0.0,0.0,0.0,0.0,0.0,0.0,0.0,0.0,0.0,0.0,0.0,0.0,0.0,0.0,0.0,0.0,0.0,0.0,0.0,0.0,1.5028006583928478,0.4587303597047765,372.7566318881693,441.26302186771098,10241.60876037931,0.2674863756003072,0.04082514890114579,194.8337960474912,230.25632617965443,5508.964845961985,1.451773343256591,0.2743335871611095,341.4471435180385,403.7690723180972,9570.824274938212,0.27736749757409998,0.052412603472052139,174.2577672617351,206.22863327139465,4812.177917305157,0.0,0.0,9.308187522918916,11.128790160950821,200.38781121396097,0.0,0.0,11.784703349754441,13.946527956314679,320.707040139195,0.0,0.0,94.41079390695694,112.24934002682507,2337.3867715991666,0.0,0.0,44.354046784022518,53.121916703603229,909.5114885789874,0.0,0.0,18.07226448026537,21.50374980669643,446.05919887906199,40.99992353870758,28.12066086331111,486.92823756749979,578.485185388319,13430.814896914511,0.0,0.0,59.339406712324947,71.46876378684225,1032.5428461643767,0.0,18.868184849666524,33.31438516942543,22.0,30.0,0.0,19.301686633027484,32.16251884174986,12.0,30.0,0.0,19.120200592052773,32.83770725653345,22.0,30.0,0.0,18.953735692125755,33.32175998193078,12.0,30.0,0.0,15.788836432092609,41.682888492155139,12.0,30.0,0.0,18.750219222954827,35.03237859078492,12.0,30.0,0.0,17.459905488808,37.01090327828756,10.0,30.0,0.0,15.262242955309273,43.312853205658857,12.0,30.0,0.0,17.40821344989907,37.56010628967001,20.0,30.0,0.0,17.74027902503523,0.0,0.0,0.0,13.66197800200693,0.0,0.0,628.8755003594973,608.4556775446893,632.8426163126439,642.8337393017472,722.4165403754756,1018.6921452830643,678.2161469222144,737.6253208992456,712.1710757463344,0.0,80.89674217691226,80.89674217691226,60.0,0.0,60.0,60.0,12.0,12.0,12.0,19.0,12.0,12.0,21.0,10.0,0.0,0.0,0.0,0.0,0.0,0.0,0.0,0.0,0.0,0.0,0.0,0.0,0.0,80.89674217691226,80.89674217691226,0.0,0.0,0.0,80.89674217691226,0.0,0.0,0.0005300000000000001 
 03/24  23:20:00,5.15,76.66666666666667,5.8533333333333339,0.0,0.0,0.0,0.0,0.0,2.0,0.0,0.0,0.0,0.0,0.0,0.0,1434.0,0.0,0.0,0.0,0.0,0.0,0.0,0.0,0.0,0.0,0.0,0.0,19.243372484581259,-232.97071862982103,19.27554992219096,-219.9938605312832,19.285910062552639,-230.59294222311019,18.889780416661698,-101.95579270971052,15.749821683763024,9.600389878104579,18.45462770656991,-24.139064036883754,17.22612908944007,86.55482248435806,15.342574064350922,-137.08421031350714,17.187329634366603,-25.107293002669395,801.7487410764461,483.77126143596947,0.0,0.0,0.0,0.0,0.0,0.0,0.0,0.0,0.0,0.0,0.0,0.0,0.0,0.0,0.0,0.0,0.0,0.0,0.0,0.0,0.0,0.0,1.4826118052900573,0.4525677061324961,279.40844650992548,330.4079201048471,7651.048790251058,0.26844669118476829,0.040971717213792478,140.1628245392634,165.76983410907,3864.2860458270508,1.4473230013614736,0.27349263064275777,212.61849796488424,251.33474398211835,5857.0766522840399,0.28364154344299649,0.05359817525377861,109.73134316901715,129.747850123722,3000.765705764501,0.0,0.0,9.327952150334946,11.143847251903662,199.7923719340464,0.0,0.0,11.17937474117494,13.222694568058497,301.9946124098585,0.0,0.0,98.84084909214366,117.38034694276957,2443.5260305472395,0.0,0.0,45.243624990910067,54.17928078949363,910.2858740336706,0.0,0.0,33.46114211155737,39.77675849583923,813.9281238414003,41.03246593387594,28.142980750257857,324.506903445159,385.3186576549137,9124.077653677608,0.0,0.0,59.96789656155721,72.20519463699678,1024.8885695233049,0.0,18.81021332216773,33.284035590707258,22.0,30.0,0.0,18.980202385984357,32.63427257329281,12.0,30.0,0.0,18.87267933153652,33.0091825971593,22.0,30.0,0.0,18.83332472370087,33.359177511806539,12.0,30.0,0.0,15.763777856140337,41.56196784923903,12.0,30.0,0.0,18.677106487516818,34.86873525560952,12.0,30.0,0.0,17.47363384315024,36.69126964167613,10.0,30.0,0.0,15.096159936176609,43.47207254121643,12.0,30.0,0.0,17.268056612208967,37.712190487259118,20.0,30.0,0.0,17.63032633900527,0.0,0.0,0.0,13.535916659316783,0.0,0.0,615.7546201851676,593.724877579033,606.0051485957806,625.9688436429246,708.0545447548286,1012.3018623069739,658.1931532249282,719.5301847957297,699.7838539916919,0.0,80.89674217691226,80.89674217691226,60.0,0.0,60.0,60.0,12.0,12.0,12.0,19.0,12.0,12.0,21.0,10.0,0.0,0.0,0.0,0.0,0.0,0.0,0.0,0.0,0.0,0.0,0.0,0.0,0.0,80.89674217691226,80.89674217691226,0.0,0.0,0.0,80.89674217691226,0.0,0.0,0.0005333333333333334 
 03/24  23:30:00,5.18,77.0,5.890000000000001,0.0,0.0,0.0,0.0,0.0,2.0,0.0,0.0,0.0,0.0,0.0,0.0,1434.0,0.0,0.0,0.0,0.0,0.0,0.0,0.0,0.0,0.0,0.0,0.0,18.98402233931759,-106.33517210933587,19.173755254557656,-325.21577766706789,19.12656650162893,-400.2911774732438,18.70483647281906,-108.51709476288579,15.734053834266583,8.494545867963823,18.3947988697687,-23.17269972256517,17.156840142891356,4.710516219812689,15.262985887554418,-123.30901578702185,17.01007976955053,-221.04359662136154,793.9658600738876,673.6539099710997,0.0,0.0,0.0,0.0,0.0,0.0,0.0,0.0,0.0,0.0,0.0,0.0,0.0,0.0,0.0,0.0,0.0,0.0,0.0,0.0,0.0,0.0,1.45831503582398,0.44515110983637976,417.6132955330195,494.16377718330087,11150.272183444778,0.2505697859896046,0.03824325182991524,207.81181935237417,245.56319605790197,5657.2608660283999,1.3778058964113798,0.260356367424675,376.64195802646659,445.5089507567011,10178.882900963576,0.2705063114967137,0.05111608304926561,197.93653224661788,234.2413619553737,5288.64599074059,0.0,0.0,8.666598737033413,10.357155030206695,184.7846863163548,0.0,0.0,11.652569868072608,13.785729358371949,312.52635443398989,0.0,0.0,131.0550738004161,155.73870774944133,3200.2311570011877,0.0,0.0,44.99157276444888,53.89902028817009,893.5636596651616,0.0,0.0,57.54569408525144,68.45548917362544,1363.9246154842113,40.83632769390576,28.008455208440176,557.4801150979571,661.7889682166886,14877.735349661321,0.0,0.0,89.52068637237152,107.71211139209435,1555.195956515396,0.0,18.46198768847418,33.950426361646368,22.0,30.0,0.0,18.885258405786077,32.771211899418918,12.0,30.0,0.0,18.697896559779424,33.20491052491058,22.0,30.0,0.0,18.55306199289239,33.77618059481087,12.0,30.0,0.0,15.745428349584208,41.38271428849917,12.0,30.0,0.0,18.60801764206888,34.76945507209344,12.0,30.0,0.0,17.348795410030488,36.87159845330109,10.0,30.0,0.0,14.994597397733408,43.22426703223145,12.0,30.0,0.0,16.984178851115034,38.06623198197936,20.0,30.0,0.0,17.615065168630207,0.0,0.0,0.0,13.707934326018453,0.0,0.0,609.9506097835055,587.5936397744956,590.5236276573039,611.4962938628305,693.2325221300082,1002.0092143787302,651.932508457402,686.8358726873643,680.8557111185361,0.0,80.89674217691226,80.89674217691226,60.0,0.0,60.0,60.0,12.0,12.0,12.0,19.0,12.0,12.0,21.0,10.0,0.0,0.0,0.0,0.0,0.0,0.0,0.0,0.0,0.0,0.0,0.0,0.0,0.0,80.89674217691226,80.89674217691226,0.0,0.0,0.0,80.89674217691226,0.0,0.0,0.0005366666666666666 
 03/24  23:40:00,5.209999999999999,77.33333333333334,5.926666666666667,0.0,0.0,0.0,0.0,0.0,2.0,0.0,0.0,0.0,0.0,0.0,0.0,2151.0,0.0,0.0,0.0,0.0,0.0,0.0,0.0,0.0,0.0,0.0,0.0,18.984627788840237,-199.39241961251674,18.98021937869921,-251.96175089822558,18.928421577237317,-199.25707179393326,18.661455686316559,-112.39477048897403,15.717574123910535,8.643701767829145,18.345469700842395,-25.37947649058966,17.063335741554789,16.421545549505344,15.214574678324834,-106.76514209508817,16.809821279872716,-273.8213839432559,703.6053436811623,735.5891686378573,0.0,0.0,0.0,0.0,0.0,0.0,0.0,0.0,0.0,0.0,0.0,0.0,0.0,0.0,0.0,0.0,0.0,0.0,0.0,0.0,0.0,0.0,1.4246323886049178,0.434869471491123,276.53300928237629,327.4610029312259,7393.896654497391,0.2542552044490381,0.038805739384773867,149.36917092326034,176.85427879787097,4000.170756764992,1.3919343210505207,0.26302613776464897,202.51748935241359,239.88298248401544,5401.7182653447,0.2705868290910619,0.05113129801418406,102.43274604449195,121.32988299558605,2730.279218155126,0.0,0.0,8.564441563755395,10.239313736589035,181.75538510604987,0.0,0.0,11.367724040673299,13.458151753681591,303.06560398409615,0.0,0.0,145.24630954800637,172.76137429306369,3494.7954397590794,0.0,0.0,43.664036355650548,52.345761043214668,860.7271328032086,0.0,0.0,71.63078020591442,85.33856735166933,1652.0801815517912,40.83515189135453,28.00764875950245,315.7375595872275,375.49785169257208,8643.60809040752,0.0,0.0,103.34139168538357,124.36569471086712,1806.3351742654768,0.0,18.55209649281621,33.533134329641168,22.000000000000019,30.00000000000002,0.0,18.628935499803178,33.15396487584858,12.00000000000001,30.00000000000002,0.0,18.47394325078182,33.56866815790495,22.000000000000019,30.00000000000002,0.0,18.541917737359755,33.64861299117731,12.00000000000001,30.00000000000002,0.0,15.727584487223025,41.259066484705559,12.00000000000001,30.00000000000002,0.0,18.55797642275712,34.64939069708481,12.00000000000001,30.00000000000002,0.0,17.19923243770977,37.089951977369079,10.000000000000007,30.00000000000002,0.0,14.95161028160769,43.15993384438596,12.00000000000001,30.00000000000002,0.0,16.69017427690097,38.591485642067457,20.000000000000015,30.00000000000002,0.0,17.310016272417884,0.0,0.0,0.0,13.793422211737433,0.0,0.0,590.4926407701156,570.9078271280865,579.390375547091,598.6731186353045,682.5853085230406,992.0141176130135,642.9457560938884,675.4168740003444,670.1995650260872,0.0,80.89674217691233,80.89674217691233,60.00000000000004,0.0,60.00000000000004,60.00000000000004,12.0,12.0,12.0,19.0,12.0,12.0,21.0,10.0,0.0,0.0,0.0,0.0,0.0,0.0,0.0,0.0,0.0,0.0,0.0,0.0,0.0,80.89674217691233,80.89674217691233,0.0,0.0,0.0,80.89674217691233,0.0,0.0,0.0005399999999999999 
 03/24  23:50:00,5.24,77.66666666666666,5.963333333333333,0.0,0.0,0.0,0.0,0.0,2.0,0.0,0.0,0.0,0.0,0.0,0.0,2151.0,0.0,0.0,0.0,0.0,0.0,0.0,0.0,0.0,0.0,0.0,0.0,18.83206540800407,-205.66992343004268,18.891015088895956,-188.56192425515156,18.77894176229782,-252.00977209749824,18.53999224145783,-162.51808956046168,15.701182425830928,9.024883943928508,18.288760727223584,-33.11547571306856,16.95327953046076,-22.484576948010444,15.189841160068636,-81.9744851490506,16.561629841143405,-370.68605203217205,566.6955278122703,843.2788645361404,0.0,0.0,0.0,0.0,0.0,0.0,0.0,0.0,0.0,0.0,0.0,0.0,0.0,0.0,0.0,0.0,0.0,0.0,0.0,0.0,0.0,0.0,1.3947982363445442,0.4257625874067599,161.31868901262966,191.10874748421782,4266.3241105021229,0.2526153700919838,0.038555459415748487,87.69692161891587,103.91022728934077,2331.022403199894,1.3784711622835122,0.26048207904072448,208.46077857759637,247.16985612115554,5462.864271087843,0.2690115382034854,0.050833623999146929,140.70685836065347,166.77934418816006,3697.039212984254,0.0,0.0,8.473119892782933,10.130176581308192,179.01992698293555,0.0,0.0,11.794087748486094,13.965485012758265,312.2386689747156,0.0,0.0,174.3678994657978,207.5474822170974,4124.53489945866,0.0,0.0,40.02049408701704,47.9742362211158,786.3591240861733,0.0,0.0,102.30612202528931,122.07081033375369,2279.834477676501,40.74736378447866,27.94743743791406,216.2921531302418,257.6318978050993,6026.054692241731,0.0,0.0,132.78211384126346,159.73383714678176,2353.6419075947126,0.0,18.372193506073957,33.64484690048264,22.000000000000019,30.00000000000002,0.0,18.55514775057793,33.27325990130488,12.00000000000001,30.00000000000002,0.0,18.299373635767546,33.86409413545577,22.000000000000019,30.00000000000002,0.0,18.375614063894603,33.83167489716985,12.00000000000001,30.00000000000002,0.0,15.711162564107064,41.07736572667916,12.00000000000001,30.00000000000002,0.0,18.49283159028563,34.55837050574707,12.00000000000001,30.00000000000002,0.0,17.018324343322996,37.255677502643468,10.000000000000007,30.00000000000002,0.0,14.951012603595045,42.85248714867629,12.00000000000001,30.00000000000002,0.0,16.3061465242994,39.231425144946147,20.000000000000015,30.00000000000002,0.0,16.83475513241414,0.0,0.0,0.0,13.953521015597723,0.0,0.0,559.1577486381293,559.8244739672311,566.780902033965,579.1191660391139,667.6344851958959,977.6638722729244,623.9254306235371,655.6686989812002,649.8855892076024,0.0,80.89674217691233,80.89674217691233,60.00000000000004,0.0,60.00000000000004,60.00000000000004,12.0,12.0,12.0,19.0,12.0,12.0,21.0,10.0,0.0,0.0,0.0,0.0,0.0,0.0,0.0,0.0,0.0,0.0,0.0,0.0,0.0,80.89674217691233,80.89674217691233,0.0,0.0,0.0,80.89674217691233,0.0,0.0,0.0005500000000000001 
 03/24  24:00:00,5.27,78.0,6.0,0.0,0.0,0.0,0.0,0.0,2.0,0.0,0.0,0.0,0.0,0.0,0.0,2151.0,0.0,0.0,0.0,0.0,0.0,0.0,0.0,0.0,0.0,0.0,0.0,18.6397287558485,-145.864037925635,18.790325793503415,-295.86217252858565,18.722813142630174,-263.4543246484335,18.393088480125909,-158.0620934997608,15.683867430548517,8.168819710369374,18.23106377721518,-37.327468719106878,16.82633033423093,-61.1917741478283,15.175005131529695,-72.04651792818444,16.344837316516018,-363.36693349055408,631.445083084891,845.4579332960118,0.0,0.0,0.0,0.0,0.0,0.0,0.0,0.0,0.0,0.0,0.0,0.0,0.0,0.0,0.0,0.0,0.0,0.0,0.0,0.0,0.0,0.0,1.3738881695778099,0.41937978314340998,318.783003902513,378.270673066829,8189.435182396504,0.24358786397633518,0.037177634917023107,179.35591597937447,212.47723267809796,4718.242846283863,1.3242010660328319,0.25022695881194886,278.17493537150446,329.8357140532466,7276.28733220483,0.25567101070386147,0.04831273822824293,140.77553569482127,167.05254492438835,3628.5395174004095,0.0,0.0,8.164466777413564,9.761951663248415,171.7169780419041,0.0,0.0,12.39099119509835,14.67527842370568,325.7039272836827,0.0,0.0,181.73396521330074,216.4582166752038,4216.861448174939,0.0,0.0,36.30383576166891,43.51558035034046,711.9505054987492,0.0,0.0,114.21955107052,136.4251327923934,2470.062541327478,40.663750528624458,27.890089525805558,399.9393288297873,476.1639383286869,10474.334272985183,0.0,0.0,142.74189281145739,171.70233791681137,2523.8371585445959,0.0,18.113044037480685,34.14869687411766,22.000000000000019,30.00000000000002,0.0,18.442345426310003,33.393625677805349,12.00000000000001,30.00000000000002,0.0,18.30345651084089,33.783826859798327,22.000000000000019,30.00000000000002,0.0,18.168295520097755,34.09206098099017,12.00000000000001,30.00000000000002,0.0,15.693811438835106,40.88446619833989,12.00000000000001,30.00000000000002,0.0,18.426258862461947,34.46965362950773,12.00000000000001,30.00000000000002,0.0,16.814574150197907,37.55359996944563,10.000000000000007,30.00000000000002,0.0,14.96350224346841,42.517718404105398,12.00000000000001,30.00000000000002,0.0,15.998150049763034,39.717936814473748,20.000000000000015,30.00000000000002,0.0,16.972167682825984,0.0,0.0,0.0,13.963235640202005,0.0,0.0,547.9526681068866,540.4994481835626,554.3305444359539,557.0920623267118,651.8082545036346,956.6532687416179,608.0539275632334,635.1388859234024,628.3740654616554,0.0,80.89674217691233,80.89674217691233,60.00000000000004,0.0,60.00000000000004,60.00000000000004,12.0,12.0,12.0,19.0,12.0,12.0,21.0,10.0,0.0,0.0,0.0,0.0,0.0,0.0,0.0,0.0,0.0,0.0,0.0,0.0,0.0,80.89674217691233,80.89674217691233,0.0,0.0,0.0,80.89674217691233,0.0,0.0,0.0005600000000000001 
 03/25  00:10:00,5.234999999999999,79.0,6.006666666666667,0.0,0.0,0.0,0.0,0.0,2.0,2.0,0.0,0.0,0.0,0.0,0.0,1434.0,0.0,0.0,0.0,0.0,0.0,0.0,0.0,0.0,0.0,0.0,0.0,18.59397915168288,-244.6849912177695,18.64665587290093,-203.48256783395733,18.59580491847403,-212.0172127667961,18.34978044590284,-131.61287911923206,15.663240052717818,6.308747920673653,18.17347842872273,-36.982671303552198,16.844691388137578,71.27851736199546,15.141607420847912,-93.72013975039056,16.34559308888404,-119.39597883675248,659.5956936273806,519.0625547752259,0.0,0.0,0.0,0.0,0.0,0.0,0.0,0.0,0.0,0.0,0.0,0.0,0.0,0.0,0.0,0.0,0.0,0.0,0.0,0.0,0.0,0.0,1.3759777639626028,0.42001763246721698,251.33613698876025,297.8305257205467,6500.614763985212,0.2504805924623694,0.03822963865420778,126.63721001114519,150.09201641759115,3294.7814125791376,1.3424772924287079,0.2536805163319555,194.9376658555106,230.9071116818115,5073.509970121413,0.2624528907327036,0.04959427262522743,106.74781908722764,126.47368730386191,2762.6976057243039,0.0,0.0,8.17762431150329,9.770958927028407,172.2126577805243,0.0,0.0,11.940988509812052,14.137251117325694,313.27480366283489,0.0,0.0,97.17224799894615,115.61834026012605,2279.553600197474,0.0,0.0,37.94902958372562,45.461635169081308,744.9063512367025,0.0,0.0,27.53786459031032,32.857814775379988,602.4161041066135,40.70960281944813,27.921538284943858,293.3256507749445,348.92373146559796,7874.969180040458,0.0,0.0,74.23773525673806,89.38951299140482,1246.5600243277743,0.0,18.118516014657574,34.13267849065384,22.0,30.0,0.0,18.262881393844823,33.702861637345538,12.0,30.0,0.0,18.168321412071756,33.97316297358917,22.0,30.0,0.0,18.1635358976457,34.08143296236946,12.0,30.0,0.0,15.670882660267518,40.7375315071145,12.0,30.0,0.0,18.362262680967544,34.38996360983239,12.0,30.0,0.0,16.91087916842683,37.05969018903427,10.0,30.0,0.0,14.936348155901492,42.43854695453204,12.0,30.0,0.0,16.091896019324545,39.41387107242706,20.0,30.0,0.0,17.00226239384614,0.0,0.0,0.0,13.474995413109012,0.0,0.0,542.8612549904299,529.2149591399466,539.0943460437295,552.061086205289,638.6117569321824,938.5023292929873,578.311700894414,624.9204621729348,682.3026177801603,0.0,80.89674217691226,80.89674217691226,60.0,0.0,60.0,60.0,12.0,12.0,12.0,19.0,12.0,12.0,21.0,10.0,0.0,0.0,0.0,0.0,0.0,0.0,0.0,0.0,0.0,0.0,0.0,0.0,0.0,80.89674217691226,80.89674217691226,0.0,0.0,0.0,80.89674217691226,0.0,0.0,0.00057 
 03/25  00:20:00,5.2,80.0,6.013333333333334,0.0,0.0,0.0,0.0,0.0,2.0,2.0,0.0,0.0,0.0,0.0,0.0,1434.0,0.0,0.0,0.0,0.0,0.0,0.0,0.0,0.0,0.0,0.0,0.0,18.405104747772847,-105.66789216821872,18.60261602778943,-291.6158822363477,18.50614219123414,-352.643260513566,18.21694808284036,-119.31618856154182,15.641156310410827,4.849303280675841,18.121435980263443,-29.38463035337608,16.85075699161981,8.704196802008937,15.068645863583729,-117.94652440879986,16.401859746844857,-121.49191044961919,683.6081368727555,533.6749832017773,0.0,0.0,0.0,0.0,0.0,0.0,0.0,0.0,0.0,0.0,0.0,0.0,0.0,0.0,0.0,0.0,0.0,0.0,0.0,0.0,0.0,0.0,1.3727232290206733,0.41902418468274518,375.708809060618,445.3404358413846,9596.005691289141,0.23651933264895848,0.03609879924434653,185.43214362060213,219.50965032689974,4819.956485303853,1.2951443491990054,0.24473627157955514,338.91657209764517,401.61651603874977,8750.995353180675,0.25364069189280427,0.04792908010068105,179.23121110560437,212.47624960106288,4583.209836394811,0.0,0.0,7.878852707754987,9.416785336070327,166.09876862448085,0.0,0.0,11.630558843644696,13.77077623506296,304.74044693307999,0.0,0.0,91.47028855170567,108.83845910115066,2158.582054239797,0.0,0.0,40.64084976293345,48.70601991275923,792.5625260195998,0.0,0.0,24.35065105204122,29.040143888761198,541.2572783460382,40.58241004316218,27.83430044112633,497.49924129728006,591.4891149651369,12796.121156480407,0.0,0.0,72.68298477193452,87.54434279240411,1214.0980990799606,0.0,17.876007065609629,34.669484975784019,22.0,30.0,0.0,18.25904567755959,33.74322623249948,12.0,30.0,0.0,18.090819380793407,34.13186965960682,22.0,30.0,0.0,17.976927855372798,34.46228059118222,12.0,30.0,0.0,15.646292637061933,40.58965643882712,12.0,30.0,0.0,18.308925336227284,34.343980029185988,12.0,30.0,0.0,16.945104771098014,36.90773529905651,10.0,30.0,0.0,14.834591346279743,42.46335207944331,12.0,30.0,0.0,16.238178477398617,38.93052213704153,20.0,30.0,0.0,17.071872804974509,0.0,0.0,0.0,13.395054623664045,0.0,0.0,540.0351702887504,525.3836765517017,530.3833930421115,546.0872437938217,622.8983203206043,937.4366436523203,577.0219721422984,606.8892375766329,719.8240199486432,0.0,80.89674217691226,80.89674217691226,60.0,0.0,60.0,60.0,12.0,12.0,12.0,19.0,12.0,12.0,21.0,10.0,0.0,0.0,0.0,0.0,0.0,0.0,0.0,0.0,0.0,0.0,0.0,0.0,0.0,80.89674217691226,80.89674217691226,0.0,0.0,0.0,80.89674217691226,0.0,0.0,0.00057 
 03/25  00:30:00,5.164999999999999,81.0,6.02,0.0,0.0,0.0,0.0,0.0,2.0,2.0,0.0,0.0,0.0,0.0,0.0,1434.0,0.0,0.0,0.0,0.0,0.0,0.0,0.0,0.0,0.0,0.0,0.0,18.406092330645433,-248.23688770417085,18.413236290158286,-237.45122556518619,18.294561106591716,-208.51063796632753,18.187766590514394,-178.25255487431606,15.618755064791462,4.7377420573241839,18.075389044391075,-29.61645330126575,16.79777688046706,30.582988740812199,15.000497506116663,-120.24083153526385,16.43804732105255,-116.04132260802624,674.7616154721554,528.2805205631859,0.0,0.0,0.0,0.0,0.0,0.0,0.0,0.0,0.0,0.0,0.0,0.0,0.0,0.0,0.0,0.0,0.0,0.0,0.0,0.0,0.0,0.0,1.3534239020849677,0.4131330592444956,348.9609404296426,413.73968290124949,8940.06403160374,0.24098874534778937,0.03678094403965039,170.4024578504879,202.12018880837548,4363.756201998258,1.3349091916172518,0.25225041413780277,323.27742078412975,383.3368265564852,8217.091198897171,0.2537248307662656,0.047944979358704748,177.56460726416663,210.45553019191724,4548.638675387235,0.0,0.0,8.132427976872347,9.717712261023774,171.62506764181405,0.0,0.0,11.454417713054689,13.565128191204682,299.96217794694476,0.0,0.0,92.61889772938364,110.20501978674284,2178.8818298455419,0.0,0.0,42.052899753437447,50.411370808792529,815.8839737665788,0.0,0.0,22.35621417246103,26.651631328678144,502.7973851246736,40.551381906007588,27.813019139922909,466.69476228777969,555.0453308685876,12038.41271882159,0.0,0.0,71.51703882136229,86.15835786008667,1189.442838864657,0.0,17.941255704736745,34.52364013122363,22.0,30.0,0.0,17.98597747336528,34.342806347774,12.0,30.0,0.0,17.797442182335688,34.78899802072556,22.0,30.0,0.0,17.98352644991526,34.46199038459165,12.0,30.0,0.0,15.62217914739227,40.49376661848158,12.0,30.0,0.0,18.26507368209731,34.292756260240128,12.0,30.0,0.0,16.872654093089815,37.012444233355328,10.0,30.0,0.0,14.747653469682338,42.56251848587205,12.0,30.0,0.0,16.33799412218849,38.56761990108695,20.0,30.0,0.0,17.011972549554934,0.0,0.0,0.0,13.32256239564714,0.0,0.0,529.7433014531151,512.0693481930941,522.9778672577456,542.806320249467,614.2399627954777,934.1440895699203,568.2773510201763,598.9337963656465,739.5288826051487,0.0,80.89674217691226,80.89674217691226,60.0,0.0,60.0,60.0,12.0,12.0,12.0,19.0,12.0,12.0,21.0,10.0,0.0,0.0,0.0,0.0,0.0,0.0,0.0,0.0,0.0,0.0,0.0,0.0,0.0,80.89674217691226,80.89674217691226,0.0,0.0,0.0,80.89674217691226,0.0,0.0,0.00057 
 03/25  00:40:00,5.13,82.0,6.026666666666666,0.0,0.0,0.0,0.0,0.0,2.0,2.0,0.0,0.0,0.0,0.0,0.0,1434.0,0.0,0.0,0.0,0.0,0.0,0.0,0.0,0.0,0.0,0.0,0.0,18.21292339003473,-102.33384406828827,18.393356443467988,-282.9090365172217,18.283112196419567,-329.5145159115982,18.051824151928615,-106.24857190504099,15.59581122385164,3.5087627699979295,18.02671215219151,-26.20823438624734,16.77029831620596,-6.719837739917239,14.935931960342514,-122.1084882876811,16.46296829007046,-101.43894394940168,633.5244789945682,509.083518483802,0.0,0.0,0.0,0.0,0.0,0.0,0.0,0.0,0.0,0.0,0.0,0.0,0.0,0.0,0.0,0.0,0.0,0.0,0.0,0.0,0.0,0.0,1.348829625116668,0.4117306547975178,327.7161195297485,388.5998946748201,8311.182444225655,0.2338712637221801,0.035694637320235058,162.40780075023668,192.36139410309122,4170.430132401669,1.2705721460199478,0.24009299811412478,284.9144320827732,337.83352326363407,7270.373262776557,0.25060310333934546,0.0473550837753865,148.25098559061167,175.8238490388739,3763.1823106896638,0.0,0.0,7.7737833838087,9.292438632126089,164.2356056097754,0.0,0.0,11.438661526244609,13.547811871116246,299.2602997356683,0.0,0.0,86.69901967002788,103.1880486490534,2041.984409365994,0.0,0.0,42.39866505380094,50.839420803294689,819.0721689726393,0.0,0.0,19.16444136087534,22.840550810835837,435.0387829001168,40.45331150114322,27.74575548775256,419.2779394554755,498.7344816604872,10805.208068022755,0.0,0.0,68.11470802729073,82.0833583703008,1126.0189428938102,0.0,17.689117753634755,35.12133184203802,22.0,30.0,0.0,18.029321766681997,34.32037634375435,12.0,30.0,0.0,17.864067736720757,34.70178862385846,22.0,30.0,0.0,17.798926528253945,34.88434746975082,12.0,30.0,0.0,15.597749233496132,40.42233357281745,12.0,30.0,0.0,18.21584175161165,34.29190283085465,12.0,30.0,0.0,16.849449220979446,37.06762852993061,10.0,30.0,0.0,14.669171555068936,42.68206409577687,12.0,30.0,0.0,16.41089055488562,38.29662473673209,20.0,30.0,0.0,16.84516431250193,0.0,0.0,0.0,13.235947051578357,0.0,0.0,528.0693265355981,511.07730363464148,517.817326325298,535.5032411553822,601.5679757469758,933.0307259592767,563.9411720848898,591.0598832504161,756.0155061324999,0.0,80.89674217691226,80.89674217691226,60.0,0.0,60.0,60.0,12.0,12.0,12.0,19.0,12.0,12.0,21.0,10.0,0.0,0.0,0.0,0.0,0.0,0.0,0.0,0.0,0.0,0.0,0.0,0.0,0.0,80.89674217691226,80.89674217691226,0.0,0.0,0.0,80.89674217691226,0.0,0.0,0.00057 
 03/25  00:50:00,5.095,83.0,6.033333333333333,0.0,0.0,0.0,0.0,0.0,2.0,2.0,0.0,0.0,0.0,0.0,0.0,1434.0,0.0,0.0,0.0,0.0,0.0,0.0,0.0,0.0,0.0,0.0,0.0,18.215096667402429,-240.3097799108209,18.22910923207227,-220.30447867863814,18.102576609373715,-193.35948245333385,18.0283910543806,-176.48857885626104,15.571772404548892,3.3839160849501299,17.981992483980286,-27.46327472935718,16.70824684147693,18.682489453304244,14.874030179264926,-124.1299145599711,16.47832395268641,-94.18509929324464,642.5493109127601,501.65147368777925,0.0,0.0,0.0,0.0,0.0,0.0,0.0,0.0,0.0,0.0,0.0,0.0,0.0,0.0,0.0,0.0,0.0,0.0,0.0,0.0,0.0,0.0,1.3333269051733395,0.4069984448026067,325.5231475517161,386.1670351639217,8267.56827492866,0.2388461274188356,0.03645392665122644,158.11722380844456,187.6523657803038,4015.1821119164726,1.3147475546631884,0.2484405810021143,305.3769270083632,362.2834101900029,7702.790994673356,0.24959121433334703,0.04716387270093479,169.10328423360239,200.52448717711389,4298.975178646322,0.0,0.0,8.042470471747004,9.611528300453632,170.06670637268344,0.0,0.0,11.280017809968556,13.362134824810122,294.97310580102376,0.0,0.0,88.18110806844476,104.95803919272781,2068.095632076579,0.0,0.0,43.316956146679519,51.9510623265631,833.6856826281138,0.0,0.0,17.539439633960954,20.89975527618971,401.0631096491277,40.426272320165399,27.727210096135399,436.32986538419666,519.1925775375871,11213.42878148412,0.0,0.0,67.05097618611106,80.81693217224614,1104.2995437664886,0.0,17.75224603805686,35.053638599750609,22.0,30.0,0.0,17.799947777007057,34.92094200323311,12.0,30.0,0.0,17.62010716432597,35.31491933295616,22.0,30.0,0.0,17.81028582339792,34.9122168674803,12.0,30.0,0.0,15.572115789168326,40.40100129960487,12.0,30.0,0.0,18.173210541091618,34.30044658863707,12.0,30.0,0.0,16.76363168363674,37.283276778622319,10.0,30.0,0.0,14.596513829089368,42.85370888248137,12.0,30.0,0.0,16.46096685342539,38.114383607462787,20.0,30.0,0.0,16.828795831134096,0.0,0.0,0.0,13.168937751529569,0.0,0.0,515.4680692665884,495.9625860121855,509.76957824974059,532.0088894970099,593.5417359248424,928.5388714428435,551.9667413831294,586.1030444409366,770.4155863261563,0.0,80.89674217691226,80.89674217691226,60.0,0.0,60.0,60.0,12.0,12.0,12.0,19.0,12.0,12.0,21.0,10.0,0.0,0.0,0.0,0.0,0.0,0.0,0.0,0.0,0.0,0.0,0.0,0.0,0.0,80.89674217691226,80.89674217691226,0.0,0.0,0.0,80.89674217691226,0.0,0.0,0.00057 
 03/25  01:00:00,5.06,84.0,6.04,0.0,0.0,0.0,0.0,0.0,2.0,2.0,0.0,0.0,0.0,0.0,0.0,1434.0,0.0,0.0,0.0,0.0,0.0,0.0,0.0,0.0,0.0,0.0,0.0,18.037914835803467,-101.7035521939074,18.21613420791593,-275.70926632405669,18.098309599719017,-316.69042539348859,17.902627594044817,-106.85942307342839,15.547549190471307,2.281544207554262,17.934235877030959,-25.030767221141418,16.673950806016934,-13.362947667833169,14.813597033524016,-126.1520536501971,16.491750551077958,-75.30639496550643,606.6123927098142,480.2483462328139,0.0,0.0,0.0,0.0,0.0,0.0,0.0,0.0,0.0,0.0,0.0,0.0,0.0,0.0,0.0,0.0,0.0,0.0,0.0,0.0,0.0,0.0,1.3308353266202449,0.40623788968871946,312.41071605665538,370.61030936617177,7869.267719722916,0.23174025904787225,0.03536939240657391,156.51699669941253,185.47460660636308,3987.7710637548454,1.2522438468797277,0.2366296006953379,268.08708612412326,318.03343528189387,6790.34499486401,0.2464069770520034,0.046562164975813179,139.3787435131042,165.37941715507913,3515.243799429043,0.0,0.0,7.715215291672039,9.22370449940911,163.31174555022415,0.0,0.0,11.289909076026899,13.375375448215494,294.9662956378173,0.0,0.0,82.21858641357466,97.88808802576041,1929.0053119315297,0.0,0.0,43.408256394625428,52.072372464094957,832.599713948159,0.0,0.0,14.287956980438765,17.02189053506622,328.951802461665,40.347863900669938,27.673432030637828,396.58360612725536,471.943409257026,10188.90271909775,0.0,0.0,63.48045939354462,76.53479152292187,1038.9098467906839,0.0,17.522646101916366,35.64117255427631,22.0,30.0,0.0,17.850161410533326,34.907950884146988,12.0,30.0,0.0,17.6919195090826,35.268165840538078,22.0,30.0,0.0,17.64133639907108,35.37356909762808,12.0,30.0,0.0,15.546743618413114,40.417884556144148,12.0,30.0,0.0,18.12478809011776,34.360103139903419,12.0,30.0,0.0,16.730531410704484,37.41629140145361,10.0,30.0,0.0,14.527017963456279,43.040705887795429,12.0,30.0,0.0,16.50603809789171,37.96893970841191,20.0,30.0,0.0,16.674448606259717,0.0,0.0,0.0,13.080650771428223,0.0,0.0,514.3052556689027,497.0951905326193,505.22195857625305,522.1216895353485,581.8602472885633,924.1009828296836,546.3603965032929,577.7695180928881,789.7231038702969,0.0,80.89674217691226,80.89674217691226,60.0,0.0,60.0,60.0,12.0,12.0,12.0,19.0,12.0,12.0,21.0,10.0,0.0,0.0,0.0,0.0,0.0,0.0,0.0,0.0,0.0,0.0,0.0,0.0,0.0,80.89674217691226,80.89674217691226,0.0,0.0,0.0,80.89674217691226,0.0,0.0,0.00057 
 03/25  01:10:00,5.041666666666667,84.66666666666667,6.026666666666666,0.0,0.0,0.0,0.0,0.0,2.0,2.0,0.0,0.0,0.0,0.0,0.0,1434.0,0.0,0.0,0.0,0.0,0.0,0.0,0.0,0.0,0.0,0.0,0.0,18.043938288908849,-234.39839044288784,18.069734783474055,-204.06323947649094,17.93514252085422,-181.3698202711912,17.884747923732,-173.97040937467137,15.522155476638055,2.2793748915221245,17.889957224791254,-26.736983524511744,16.613541159298849,11.839803237368642,14.753971243151508,-128.71202051175886,16.503194625252008,-63.1675585617746,613.6131169152104,470.64641070250129,0.0,0.0,0.0,0.0,0.0,0.0,0.0,0.0,0.0,0.0,0.0,0.0,0.0,0.0,0.0,0.0,0.0,0.0,0.0,0.0,0.0,0.0,1.3145951870269448,0.40128058212055708,297.2923950294901,352.81515886389067,7489.134410131981,0.2373548633787927,0.03622632224951049,141.434755443188,167.91610115246366,3566.616163199573,1.2970532854969706,0.24509699272429537,284.2837755585326,337.3577499819294,7123.303718358045,0.2463714379766887,0.04655544935311576,158.39173036119213,187.88705906964209,3997.533156685563,0.0,0.0,8.0424086261106,9.612326355725799,170.09403891962956,0.0,0.0,11.133138235766019,13.190756098347482,290.3420915423213,0.0,0.0,83.49136730469712,99.4030850635003,1948.4939532652846,0.0,0.0,44.24840540068642,53.08702235762996,844.4036354456318,0.0,0.0,12.270210976142487,14.61604317285639,283.8130362412801,40.273232811912858,27.622244726963559,397.8407836668116,473.5728738617761,10207.799663599173,0.0,0.0,62.01593233948752,74.78163147642769,1008.3651711529529,0.0,17.589668471855079,35.65857463381822,22.0,30.0,0.0,17.65087916238163,35.5522172627544,12.0,30.0,0.0,17.47395223058354,35.88677002186989,22.0,30.0,0.0,17.660341295033175,35.413400983773879,12.0,30.0,0.0,15.519875977730269,40.46421691590185,12.0,30.0,0.0,18.08180800326727,34.43271025215545,12.0,30.0,0.0,16.650225699282076,37.717524509722938,10.0,30.0,0.0,14.459147095529293,43.27550499183056,12.0,30.0,0.0,16.544063273241919,37.86509392834594,20.0,30.0,0.0,16.65888810304592,0.0,0.0,0.0,13.008744288539523,0.0,0.0,500.72755462564887,481.8073270882394,497.0725182758639,519.2284789559444,572.5475772218752,917.5977173808838,529.4466125888552,571.2243566364759,811.1279063306097,0.0,80.89674217691226,80.89674217691226,60.0,0.0,60.0,60.0,12.0,12.0,12.0,19.0,12.0,12.0,21.0,10.0,0.0,0.0,0.0,0.0,0.0,0.0,0.0,0.0,0.0,0.0,0.0,0.0,0.0,80.89674217691226,80.89674217691226,0.0,0.0,0.0,80.89674217691226,0.0,0.0,0.00057 
 03/25  01:20:00,5.023333333333333,85.33333333333334,6.013333333333334,0.0,0.0,0.0,0.0,0.0,2.0,2.0,0.0,0.0,0.0,0.0,0.0,1434.0,0.0,0.0,0.0,0.0,0.0,0.0,0.0,0.0,0.0,0.0,0.0,17.87931707653507,-99.13324590305183,18.057694652898236,-271.97484851470838,17.932013438938339,-305.81480742940587,17.767040768264097,-105.9932206666756,15.496689608157995,1.023841281677747,17.842814285002249,-24.371837497924959,16.575510168868616,-19.54104381991965,14.694255921870833,-131.4760002927601,16.520320052485677,-37.31371926002453,582.1205387457585,445.07148602414886,0.0,0.0,0.0,0.0,0.0,0.0,0.0,0.0,0.0,0.0,0.0,0.0,0.0,0.0,0.0,0.0,0.0,0.0,0.0,0.0,0.0,0.0,1.3119079059604498,0.40046028875471609,299.4343095890979,355.30182569911127,7482.320066341151,0.22908889130825758,0.034964727000649818,153.05000214946646,181.42096251410573,3865.3897403731405,1.2332503263197308,0.23304050006041783,251.74451845205636,298.7312719348557,6321.313215386908,0.24227977677485619,0.045782270743548018,131.18994846318405,155.70747133852616,3283.1671627390035,0.0,0.0,7.683151425758563,9.185626688896033,162.37840096565527,0.0,0.0,11.104083833285103,13.157363744790882,288.95135542274508,0.0,0.0,77.50295528250753,92.29615273439622,1806.0507205958448,0.0,0.0,44.31907680286778,53.18054332167577,841.449763873334,0.0,0.0,10.21112575750572,12.163391431379813,237.44003117803937,40.14470283666554,27.534089737082,377.10204832594396,448.8698663734745,9642.134942169538,0.0,0.0,57.880800864226859,69.81253231498292,932.1038942601463,0.0,17.377898292961747,36.22494819552759,22.0,30.0,0.0,17.696770965734204,35.54377152534557,12.0,30.0,0.0,17.541331592978847,35.885064874723799,22.0,30.0,0.0,17.503147752927313,35.931625959348,12.0,30.0,0.0,15.493338079119546,40.568118738094458,12.0,30.0,0.0,18.033836179246927,34.557615870225479,12.0,30.0,0.0,16.611243962664355,37.90115815750369,10.0,30.0,0.0,14.391221318757811,43.540054060072787,12.0,30.0,0.0,16.591751209764575,37.7612511451735,20.0,30.0,0.0,16.525610539054047,0.0,0.0,0.0,12.911657612255688,0.0,0.0,499.73649015785636,484.00846514350078,492.7829718409354,507.49538356325379,560.0616067410499,909.8891851577992,521.3710541142124,560.998215334489,833.5698065882796,0.0,80.89674217691226,80.89674217691226,60.0,0.0,60.0,60.0,12.0,12.0,12.0,19.0,12.0,12.0,21.0,10.0,0.0,0.0,0.0,0.0,0.0,0.0,0.0,0.0,0.0,0.0,0.0,0.0,0.0,80.89674217691226,80.89674217691226,0.0,0.0,0.0,80.89674217691226,0.0,0.0,0.0005666666666666666 
 03/25  01:30:00,5.005,86.0,6.0,0.0,0.0,0.0,0.0,0.0,2.0,2.0,0.0,0.0,0.0,0.0,0.0,1434.0,0.0,0.0,0.0,0.0,0.0,0.0,0.0,0.0,0.0,0.0,0.0,17.886136424484648,-228.88703957280633,17.924782094752034,-187.13533326473658,17.782864010952136,-169.22654974200214,17.75210445436534,-172.91173718889105,15.470377921188032,1.5411769867569519,17.79846215097129,-26.810776514566727,16.516575701687395,5.0191291667772479,14.634701008625296,-133.97015344004934,16.530709005137284,-41.02924222070834,586.239986503464,451.42983867543276,0.0,0.0,0.0,0.0,0.0,0.0,0.0,0.0,0.0,0.0,0.0,0.0,0.0,0.0,0.0,0.0,0.0,0.0,0.0,0.0,0.0,0.0,1.2961744043494555,0.39565763258530386,270.8079942038709,321.47045818322888,6764.908132743361,0.23560287928609359,0.035958925409965449,125.56654380172589,149.11481624100788,3144.599376204237,1.279873428401733,0.24185061005323767,265.7607964439976,315.4307123620704,6614.056322480736,0.24334157497112403,0.04598291288192062,149.3931737036427,177.25397295386046,3741.871581282736,0.0,0.0,8.131343587675575,9.71900259758419,171.69589140726823,0.0,0.0,11.039964004842919,13.082205710359153,286.74309304507679,0.0,0.0,80.9808461369316,96.43182774798723,1877.5885738741554,0.0,0.0,45.1936225625595,54.23647804116905,853.6861794270005,0.0,0.0,12.899805895058329,15.357989783187075,301.2195954224688,40.07778054233766,27.48818967238524,362.6406216818093,431.7904047308089,9289.604441598898,0.0,0.0,58.76168638063797,70.88117197614044,942.0755552912592,0.0,17.443436525263679,36.31579524389652,22.0,30.0,0.0,17.520680311137924,36.21451032084196,12.0,30.0,0.0,17.34468919910588,36.50232863478447,22.0,30.0,0.0,17.524859744505436,35.98310290356041,12.0,30.0,0.0,15.465892924418942,40.68067126423432,12.0,30.0,0.0,17.990122674079694,34.69393876318827,12.0,30.0,0.0,16.53507306909784,38.271675714081258,10.0,30.0,0.0,14.32374818918558,43.83942699787,12.0,30.0,0.0,16.621772047428928,37.72250019002777,20.0,30.0,0.0,16.500402457291729,0.0,0.0,0.0,12.857144804784103,0.0,0.0,487.00778049078567,470.4360772031715,485.25442282985696,504.46377680808237,550.5110261257783,899.5569209767549,509.62725020886929,559.5738508810548,840.4065505739358,0.0,80.89674217691226,80.89674217691226,60.0,0.0,60.0,60.0,12.0,12.0,12.0,19.0,12.0,12.0,21.0,10.0,0.0,0.0,0.0,0.0,0.0,0.0,0.0,0.0,0.0,0.0,0.0,0.0,0.0,80.89674217691226,80.89674217691226,0.0,0.0,0.0,80.89674217691226,0.0,0.0,0.0005633333333333333 
 03/25  01:40:00,4.986666666666666,86.66666666666667,5.986666666666666,0.0,0.0,0.0,0.0,0.0,2.0,2.0,0.0,0.0,0.0,0.0,0.0,1434.0,0.0,0.0,0.0,0.0,0.0,0.0,0.0,0.0,0.0,0.0,0.0,17.7297222890679,-97.02388014909548,17.911914796785959,-268.24305908572549,17.77889118632544,-295.5779393836078,17.63876818976135,-105.86590708436325,15.444202970557056,0.490381755957344,17.751439258916414,-24.747524884748829,16.47594708048532,-25.449176813031728,14.578037396417202,-133.24093922165003,16.530962661161479,-43.725444896834918,564.8908207067407,451.3221395287653,0.0,0.0,0.0,0.0,0.0,0.0,0.0,0.0,0.0,0.0,0.0,0.0,0.0,0.0,0.0,0.0,0.0,0.0,0.0,0.0,0.0,0.0,1.2957089967254368,0.3955155667660063,293.5074552120227,348.3467577804686,7278.85055130779,0.2265739950338438,0.03458089057293098,153.34175633270449,181.81433147850934,3843.766490479633,1.216966639015311,0.22996346164310495,241.89447421432565,287.1086085462823,6027.55938297037,0.23875114365890175,0.04511548444045761,126.30564519158301,149.94787531217055,3138.2202496676766,0.0,0.0,7.750415462230871,9.26601253726998,163.52802489199773,0.0,0.0,11.027097928681127,13.06786478670233,285.7766033287003,0.0,0.0,75.61319017797006,90.06590982414693,1750.0003289129252,0.0,0.0,45.06079404998023,54.084302871533747,847.3531251410612,0.0,0.0,14.368242675997698,17.10590624331958,336.31785597870808,39.956819520515,27.405226008583683,367.7541095404975,437.8296609595825,9350.095777482893,0.0,0.0,58.50629375556714,70.58090027520369,933.335965279842,0.0,17.24199606283055,36.87875636280661,22.0,30.0,0.0,17.559531064401648,36.21404021638152,12.0,30.0,0.0,17.405042419365814,36.545833556664138,22.0,30.0,0.0,17.373376440541109,36.56458089059208,12.0,30.0,0.0,15.438993740299395,40.859260839256808,12.0,30.0,0.0,17.94196469677079,34.88234719267544,12.0,30.0,0.0,16.492025569241048,38.48709847489695,10.0,30.0,0.0,14.262116858606515,44.14464782258881,12.0,30.0,0.0,16.633313325526836,37.78092231926383,20.0,30.0,0.0,16.397734688997198,0.0,0.0,0.0,12.798794744953362,0.0,0.0,485.74325878168028,473.1393349616098,480.8940275371856,491.00194284333818,541.1304036716099,887.7617167600254,510.49497417657087,563.2803341917618,826.2062863105823,0.0,80.89674217691226,80.89674217691226,60.0,0.0,60.0,60.0,12.0,12.0,12.0,19.0,12.0,12.0,21.0,10.0,0.0,0.0,0.0,0.0,0.0,0.0,0.0,0.0,0.0,0.0,0.0,0.0,0.0,80.89674217691226,80.89674217691226,0.0,0.0,0.0,80.89674217691226,0.0,0.0,0.00056 
 03/25  01:50:00,4.968333333333333,87.33333333333334,5.973333333333333,0.0,0.0,0.0,0.0,0.0,2.0,2.0,0.0,0.0,0.0,0.0,0.0,1434.0,0.0,0.0,0.0,0.0,0.0,0.0,0.0,0.0,0.0,0.0,0.0,17.740514805572,-221.8313360562961,17.76226468270066,-211.74205220842874,17.631964914673213,-167.00396747928108,17.62772241487295,-167.37537463727359,15.41719875870507,0.877697609993902,17.707322595624605,-26.84370088585368,16.414504756849039,-2.082923119432735,14.52343193592798,-133.98493213744599,16.52454623587714,-47.10297154954955,581.6033592780141,454.43944885709029,0.0,0.0,0.0,0.0,0.0,0.0,0.0,0.0,0.0,0.0,0.0,0.0,0.0,0.0,0.0,0.0,0.0,0.0,0.0,0.0,0.0,0.0,1.2833247089479523,0.39173525914162157,301.7717963366837,358.32321957282877,7485.61703293837,0.22978727673503666,0.03507131818300315,153.77361949712063,182.6739730371517,3808.83796082709,1.2622032537793349,0.23851157478823419,265.64261666471949,315.3695445824576,6558.920941802762,0.23868496321870284,0.045102978688341417,145.0228214796453,172.09263645831715,3607.032902681907,0.0,0.0,8.098757756198398,9.67977238215532,170.71621081527523,0.0,0.0,10.993849675684356,13.029191974736993,284.3812218111311,0.0,0.0,79.19952268830477,94.32771901623446,1823.1366024259788,0.0,0.0,45.56799794101725,54.69755047599052,853.3152275317029,0.0,0.0,15.210748048055472,18.105082030227103,356.57845853536846,39.889094044162508,27.358775064583349,392.38621898493695,467.26350281577387,9928.378383805124,0.0,0.0,58.99775838311558,71.17853244838713,937.4448738864421,0.0,17.312956215016315,36.9879510962694,22.0,30.0,0.0,17.347154861606066,37.01175313969595,12.0,30.0,0.0,17.20742471770908,37.20401905975804,22.0,30.0,0.0,17.400547692226824,36.60458723675433,12.0,30.0,0.0,15.411076656624747,41.02525682147392,12.0,30.0,0.0,17.898407404692663,35.074544980083768,12.0,30.0,0.0,16.411999083986339,38.91047535244404,10.0,30.0,0.0,14.203937499317487,44.45996642226031,12.0,30.0,0.0,16.633319218580579,37.87079553202092,20.0,30.0,0.0,16.413227024404195,0.0,0.0,0.0,12.748580458469931,0.0,0.0,474.20876552373127,461.48227376660227,473.54109844302055,489.30491670814907,536.6869412075234,874.9870448785423,504.6347431470082,568.8987013712148,814.9066856511336,0.0,80.89674217691226,80.89674217691226,60.0,0.0,60.0,60.0,12.0,12.0,12.0,19.0,12.0,12.0,21.0,10.0,0.0,0.0,0.0,0.0,0.0,0.0,0.0,0.0,0.0,0.0,0.0,0.0,0.0,80.89674217691226,80.89674217691226,0.0,0.0,0.0,80.89674217691226,0.0,0.0,0.00057 
 03/25  02:00:00,4.95,88.0,5.96,0.0,0.0,0.0,0.0,0.0,2.0,2.0,0.0,0.0,0.0,0.0,0.0,1434.0,0.0,0.0,0.0,0.0,0.0,0.0,0.0,0.0,0.0,0.0,0.0,17.58852953443232,-89.5377282950003,17.75700089486014,-261.25107901270737,17.627763638218967,-296.6813685194884,17.516189061294769,-110.43133659054888,15.390430023782465,0.10117994098838779,17.659965577079349,-25.912167752668127,16.376878022577178,-29.094060562579217,14.470533727950766,-133.33551355509668,16.512815868179865,-48.472333370612009,539.0587823728174,454.45457348677226,0.0,0.0,0.0,0.0,0.0,0.0,0.0,0.0,0.0,0.0,0.0,0.0,0.0,0.0,0.0,0.0,0.0,0.0,0.0,0.0,0.0,0.0,1.2799335373764334,0.3907001029842593,270.39478958702525,320.94309447218287,6664.783264247469,0.22599355352193124,0.03449230059858535,143.68978900721826,170.41610221706544,3569.3978285099449,1.1991869319271354,0.2266037286332456,224.25988139984305,266.2288561472499,5540.378686359118,0.23501451099954616,0.04440939361291498,121.60633134612528,144.39769976239237,3001.041302042253,0.0,0.0,7.810924095453425,9.338096134010336,164.51842520079985,0.0,0.0,11.055588776010529,13.103032951488963,285.32132666189497,0.0,0.0,74.54227604262984,88.80627696975309,1713.64644197088,0.0,0.0,45.357849894975569,54.45110149903286,846.1007826131696,0.0,0.0,16.592022911577595,19.748530736744429,389.2612549669009,39.77510592712913,27.280593914354698,339.1021350001272,403.78338468652898,8612.12543400062,0.0,0.0,58.681200175474788,70.80320383486478,928.2009455270753,0.0,17.117657256364998,37.55482710070621,22.0,30.0,0.0,17.403483478446569,36.96458036887493,12.0,30.0,0.0,17.263732782712887,37.29469189481897,22.0,30.0,0.0,17.249052647271854,37.25466278066823,12.0,30.0,0.0,15.383852994637018,41.25380289312977,12.0,30.0,0.0,17.849199481177057,35.31078308806724,12.0,30.0,0.0,16.37589165647151,39.11718298435154,10.0,30.0,0.0,14.148752550890365,44.784340657824518,12.0,30.0,0.0,16.624692650937303,38.03614979778523,20.0,30.0,0.0,16.24379537961966,0.0,0.0,0.0,12.694070904339445,0.0,0.0,474.5840321557214,464.46914834970257,469.9318195821577,477.0449678661364,532.3699333261106,863.8751356496105,507.1649084123289,574.1806186287906,797.1493510082149,0.0,80.89674217691226,80.89674217691226,60.0,0.0,60.0,60.0,12.0,12.0,12.0,19.0,12.0,12.0,21.0,10.0,0.0,0.0,0.0,0.0,0.0,0.0,0.0,0.0,0.0,0.0,0.0,0.0,0.0,80.89674217691226,80.89674217691226,0.0,0.0,0.0,80.89674217691226,0.0,0.0,0.0005799999999999999 
 03/25  02:10:00,4.95,88.66666666666667,5.916666666666667,0.0,0.0,0.0,0.0,0.0,2.0,2.0,0.0,0.0,0.0,0.0,0.0,1434.0,0.0,0.0,0.0,0.0,0.0,0.0,0.0,0.0,0.0,0.0,0.0,17.595314489616855,-215.35310397810464,17.619665013951406,-200.5485336372999,17.487527527803395,-156.22087059664455,17.505487386616357,-168.19517387342854,15.362945947586994,0.38354912602068227,17.615741796413148,-27.964507712071737,16.317349852442008,-7.406881731665408,14.418932860585356,-134.10546302728393,16.498572919025685,-51.21267301630931,562.4076347620385,457.0627375284165,0.0,0.0,0.0,0.0,0.0,0.0,0.0,0.0,0.0,0.0,0.0,0.0,0.0,0.0,0.0,0.0,0.0,0.0,0.0,0.0,0.0,0.0,1.2652408652139098,0.3862151603217063,293.54477873554097,348.6288900325474,7215.790201668642,0.2268268326100864,0.03461947994659438,149.99125939222038,178.22119077403108,3681.04858153005,1.2437737467089639,0.23502905266609304,260.9003007788992,309.7956518565877,6384.823099116312,0.23482698227756894,0.04437395734647938,143.62427881827615,170.46019967166826,3542.1057765177,0.0,0.0,8.096193203903603,9.67647110333413,170.06003986491158,0.0,0.0,11.13935315628321,13.203355488016883,286.5088926568104,0.0,0.0,77.92631391817801,92.82493335943777,1779.5160584866347,0.0,0.0,45.80864660590443,54.994649461501179,849.6024707854376,0.0,0.0,16.834997268668347,20.036009927609869,394.5140825887364,39.59808094544758,27.159177603187645,383.9579735166657,457.29824065232426,9642.984512164863,0.0,0.0,59.08553451020267,71.29352133628803,928.9118445683403,0.0,17.178579894076674,37.71887198046798,22.0,30.0,0.0,17.211331616878007,37.76709118780312,12.0,30.0,0.0,17.076793725050334,37.93691464182365,22.0,30.0,0.0,17.275438442223277,37.30003273367281,12.0,30.0,0.0,15.355701240299619,41.45820871802766,12.0,30.0,0.0,17.804538657305899,35.54530145868149,12.0,30.0,0.0,16.299913317059443,39.56959511330993,10.0,30.0,0.0,14.095078771089663,45.117970317080679,12.0,30.0,0.0,16.612111334771954,38.198085315774857,20.0,30.0,0.0,16.291704165134079,0.0,0.0,0.0,12.646223669395578,0.0,0.0,466.37398079562197,456.25490021651367,465.90532757091088,476.04457083886526,530.2304610996298,851.645638473441,502.75319800946905,576.8453275058982,786.6315858993529,0.0,80.89674217691226,80.89674217691226,60.0,0.0,60.0,60.0,12.0,12.0,12.0,19.0,12.0,12.0,21.0,10.0,0.0,0.0,0.0,0.0,0.0,0.0,0.0,0.0,0.0,0.0,0.0,0.0,0.0,80.89674217691226,80.89674217691226,0.0,0.0,0.0,80.89674217691226,0.0,0.0,0.00059 
 03/25  02:20:00,4.95,89.33333333333334,5.873333333333333,0.0,0.0,0.0,0.0,0.0,2.0,2.0,0.0,0.0,0.0,0.0,0.0,1434.0,0.0,0.0,0.0,0.0,0.0,0.0,0.0,0.0,0.0,0.0,0.0,17.45522769191117,-82.68039746028035,17.61721166489631,-255.57260036208369,17.48354725798751,-292.95773100846329,17.397097801580203,-111.04746609725021,15.335609222139361,-0.30352395387477318,17.56916250745163,-27.676066295994845,16.280198609481127,-31.617637469824559,14.368614225082928,-133.40281736998214,16.481237028831925,-51.65710794794131,514.4140238741215,456.62571019799227,0.0,0.0,0.0,0.0,0.0,0.0,0.0,0.0,0.0,0.0,0.0,0.0,0.0,0.0,0.0,0.0,0.0,0.0,0.0,0.0,0.0,0.0,1.2586355871378197,0.3841988971727166,255.74617490345868,303.5760149559149,6246.71193988715,0.22377494668272097,0.03415368539113568,140.1518608307162,166.25416318730118,3445.9219288487786,1.1787021435692915,0.22273283136230005,210.40799747456703,249.81170399307247,5141.167032462082,0.23099428161001463,0.043649713078234047,118.35861597111682,140.55815339503858,2892.8828760868148,0.0,0.0,7.824224167165726,9.353383701049907,163.91701614320403,0.0,0.0,11.407924813213377,13.521493868691288,292.31169341678597,0.0,0.0,73.58993307963947,87.68122915747418,1675.6474704194687,0.0,0.0,45.546065706772228,54.68309701134038,840.05433942437,0.0,0.0,18.414540366862263,21.913803139007688,430.8739571883007,39.39196186144413,27.017806489330689,320.00918218267216,381.072574353763,8085.506661301688,0.0,0.0,58.691356239016929,70.8219975771792,916.5856363911754,0.0,17.003042107123897,38.291968059466679,22.0,30.0,0.0,17.268784369686978,37.72413000028105,12.0,30.0,0.0,17.129683611492387,38.13623914008322,22.0,30.0,0.0,17.127680732693535,38.04428813613808,12.0,30.0,0.0,15.328022967602014,41.7258938341497,12.0,30.0,0.0,17.755369602369468,35.817435500665187,12.0,30.0,0.0,16.26536426433023,39.79694703739557,10.0,30.0,0.0,14.04353087438994,45.46746012156849,12.0,30.0,0.0,16.594822842709215,38.424836007600699,20.0,30.0,0.0,16.115302591904649,0.0,0.0,0.0,12.594252879253228,0.0,0.0,466.3009524272124,459.0645203815238,461.69101087822397,465.8801434624231,527.945370725542,842.4433934269043,504.3813613588517,579.5887977012089,773.032931839737,0.0,80.89674217691226,80.89674217691226,60.0,0.0,60.0,60.0,12.0,12.0,12.0,19.0,12.0,12.0,21.0,10.0,0.0,0.0,0.0,0.0,0.0,0.0,0.0,0.0,0.0,0.0,0.0,0.0,0.0,80.89674217691226,80.89674217691226,0.0,0.0,0.0,80.89674217691226,0.0,0.0,0.00059 
 03/25  02:30:00,4.95,90.0,5.83,0.0,0.0,0.0,0.0,0.0,2.0,2.0,0.0,0.0,0.0,0.0,0.0,1434.0,0.0,0.0,0.0,0.0,0.0,0.0,0.0,0.0,0.0,0.0,0.0,17.458890596415324,-208.01868376086169,17.487535630567089,-192.1331536110372,17.350464291630254,-147.27364595808968,17.387722405763705,-167.29192334075379,15.307645748877923,-0.09446003363417788,17.525190699467779,-29.192781591071936,16.222471626553174,-11.935192782621244,14.31905112019497,-134.08843391907943,16.46312967765057,-54.06512779754519,543.9040101714463,459.01234458690308,0.0,0.0,0.0,0.0,0.0,0.0,0.0,0.0,0.0,0.0,0.0,0.0,0.0,0.0,0.0,0.0,0.0,0.0,0.0,0.0,0.0,0.0,1.2453215117117858,0.38013477158479427,287.1318752368451,341.06229780659165,6989.754694947476,0.22319393568954949,0.03406500849962599,146.52729665898199,174.13473679170856,3560.8594648897817,1.224433504886466,0.23137443402994457,258.24854192773588,306.68657010153387,6257.256267721803,0.23090509538137364,0.04363286004939032,143.13874816259645,169.90337668560995,3496.3824237730589,0.0,0.0,8.065518446289693,9.63920260161531,168.50158025234863,0.0,0.0,11.400709718214833,13.514023092923712,291.1322013685133,0.0,0.0,76.61334806030794,91.2698066314907,1733.3075739718705,0.0,0.0,45.97629122956249,55.201285573690288,843.3264114074324,0.0,0.0,18.524208673338813,22.04415802459524,432.7529476236846,39.213570773768157,26.89545320560231,377.9993432541677,450.24247805595339,9409.515365869836,0.0,0.0,59.07729206147805,71.28905671069842,917.2906461334771,0.0,17.055880949582485,38.49210388783365,22.0,30.0,0.0,17.088874851417907,38.55219470342814,12.0,30.0,0.0,16.954033617095285,38.73146630704859,22.0,30.0,0.0,17.155295805586087,38.08390189185212,12.0,30.0,0.0,15.29950571437693,41.97002819002621,12.0,30.0,0.0,17.710803415871504,36.088661919822019,12.0,30.0,0.0,16.192540110764953,40.28457426266857,10.0,30.0,0.0,13.992769174198497,45.834115650062489,12.0,30.0,0.0,16.576752364148875,38.644316501780028,20.0,30.0,0.0,16.18346828758882,0.0,0.0,0.0,12.54951003053826,0.0,0.0,460.51746301187588,452.81724015882267,460.52664046034547,466.1873301547205,526.4787942381066,832.2818457989129,500.6168968399047,580.2234662802148,763.3925062699167,0.0,80.89674217691226,80.89674217691226,60.0,0.0,60.0,60.0,12.0,12.0,12.0,19.0,12.0,12.0,21.0,10.0,0.0,0.0,0.0,0.0,0.0,0.0,0.0,0.0,0.0,0.0,0.0,0.0,0.0,80.89674217691226,80.89674217691226,0.0,0.0,0.0,80.89674217691226,0.0,0.0,0.00059 
 03/25  02:40:00,4.95,90.66666666666666,5.786666666666667,0.0,0.0,0.0,0.0,0.0,2.0,2.0,0.0,0.0,0.0,0.0,0.0,1434.0,0.0,0.0,0.0,0.0,0.0,0.0,0.0,0.0,0.0,0.0,0.0,17.325729680827835,-78.57601264167806,17.48674906286094,-246.7496268096486,17.34971236930228,-281.7781518623847,17.281310020829364,-112.56684783550918,15.279790959672664,-0.7114032386088809,17.47921705773973,-28.871119008081395,16.18566660939223,-34.15663308326589,14.270571503610754,-133.25474637321714,16.442641484587854,-54.486092519433899,497.6374451491415,458.4090707372586,0.0,0.0,0.0,0.0,0.0,0.0,0.0,0.0,0.0,0.0,0.0,0.0,0.0,0.0,0.0,0.0,0.0,0.0,0.0,0.0,0.0,0.0,1.2390249204997579,0.3782127351952863,247.75130065095179,294.11428812868629,5995.259679348068,0.22064417741152748,0.033675851253285638,136.2464037756831,161.6380584624933,3317.8185256493718,1.1624680305119666,0.21966516071654708,205.94629227933295,244.54618349330355,4985.459378255562,0.22740927891066887,0.042972274926430239,117.4391735089014,139.48894865557353,2842.8680193286224,0.0,0.0,7.792151782364115,9.314401210130829,162.3549035382336,0.0,0.0,11.663704313641727,13.825442880524525,296.73421492335208,0.0,0.0,72.53835356227356,86.43568679230323,1636.3896193393499,0.0,0.0,45.697405880990498,54.86937766607369,833.744010200619,0.0,0.0,19.940103260897297,23.726066691740067,464.9527638202436,39.01387527321768,26.758487841713099,311.6569183073798,371.1543357235452,7816.745507147383,0.0,0.0,58.67151988225327,70.80240790010444,905.2624856597699,0.0,16.889948112029768,39.06075650756455,22.0,30.0,0.0,17.14677449817661,38.513722925757367,12.0,30.0,0.0,17.010201328542317,38.924562945914278,22.0,30.0,0.0,17.009654161753667,38.82763110019559,12.0,30.0,0.0,15.271356410376733,42.27507499146202,12.0,30.0,0.0,17.662352434154565,36.39214985632931,12.0,30.0,0.0,16.15875296054903,40.53926712355897,10.0,30.0,0.0,13.943766580829028,46.21900771499858,12.0,30.0,0.0,16.55512258248407,38.91719139832725,20.0,30.0,0.0,16.01138700179225,0.0,0.0,0.0,12.500986207889554,0.0,0.0,461.03948161197345,455.36510256176418,457.9194950852011,459.10551164882136,524.9219848390665,825.3676769900066,501.9060683772381,581.4824487090236,753.2680485096555,0.0,80.89674217691226,80.89674217691226,60.0,0.0,60.0,60.0,12.0,12.0,12.0,19.0,12.0,12.0,21.0,10.0,0.0,0.0,0.0,0.0,0.0,0.0,0.0,0.0,0.0,0.0,0.0,0.0,0.0,80.89674217691226,80.89674217691226,0.0,0.0,0.0,80.89674217691226,0.0,0.0,0.00059 
 03/25  02:50:00,4.95,91.33333333333334,5.743333333333333,0.0,0.0,0.0,0.0,0.0,2.0,2.0,0.0,0.0,0.0,0.0,0.0,1434.0,0.0,0.0,0.0,0.0,0.0,0.0,0.0,0.0,0.0,0.0,0.0,17.328273894287855,-201.21749561945854,17.361711843148627,-188.04884652743727,17.223461361408924,-141.64950756332474,17.274293285613397,-163.92059926699108,15.251400535229977,-0.5177181776781765,17.43579309101781,-30.202280675607257,16.129945564857687,-15.198719188932046,14.222742572797003,-133.80753968207126,16.422031937537996,-56.748357401145657,526.1885439223142,460.16656605717869,0.0,0.0,0.0,0.0,0.0,0.0,0.0,0.0,0.0,0.0,0.0,0.0,0.0,0.0,0.0,0.0,0.0,0.0,0.0,0.0,0.0,0.0,1.2273401919882359,0.3746459682503772,279.3157972021013,331.81835264134636,6736.274834372098,0.22005375589361865,0.03358573807900162,143.39276527118859,170.43252800172292,3452.1395744592357,1.2060043417540277,0.22789197689985414,249.21826325593129,295.98312013454929,5984.910078508426,0.2273704269967141,0.0429649332949195,138.2116935016153,164.06744771167724,3345.007131285871,0.0,0.0,8.01882665363878,9.58277484505394,166.60484490182348,0.0,0.0,11.640406547545905,13.798769894413267,295.1388402785113,0.0,0.0,75.60058829850792,90.07059594244554,1695.0673999020158,0.0,0.0,46.084364390338638,55.33501021306115,836.3430296651275,0.0,0.0,19.883417680952176,23.659227566118895,462.7709784669897,38.83831329020872,26.6380749589909,365.98940955704566,435.96888725718937,9045.076979622349,0.0,0.0,59.015751239357687,71.21822897580498,905.549835164843,0.0,16.93934896639348,39.28506680214369,22.0,30.0,0.0,16.972932449936594,39.35329940530005,12.0,30.0,0.0,16.844192396283789,39.512530139160748,22.0,30.0,0.0,17.041016247438845,38.863306252014968,12.0,30.0,0.0,15.242492241354502,42.55228296827214,12.0,30.0,0.0,17.618396144689429,36.69177977074858,12.0,30.0,0.0,16.089963648462044,41.035526852748549,10.0,30.0,0.0,13.89536839988361,46.612993139158259,12.0,30.0,0.0,16.533789998099715,39.17880524595056,20.0,30.0,0.0,16.076471329947674,0.0,0.0,0.0,12.458754724620615,0.0,0.0,456.69421717925516,450.93352956691879,457.8207925995354,460.4092219663515,523.7925362151469,817.5314799583543,499.0007191546322,581.5238036213161,745.4828814024414,0.0,80.89674217691226,80.89674217691226,60.0,0.0,60.0,60.0,12.0,12.0,12.0,19.0,12.0,12.0,21.0,10.0,0.0,0.0,0.0,0.0,0.0,0.0,0.0,0.0,0.0,0.0,0.0,0.0,0.0,80.89674217691226,80.89674217691226,0.0,0.0,0.0,80.89674217691226,0.0,0.0,0.0005866666666666667 
 03/25  03:00:00,4.95,92.0,5.7,0.0,0.0,0.0,0.0,0.0,2.0,2.0,0.0,0.0,0.0,0.0,0.0,1434.0,0.0,0.0,0.0,0.0,0.0,0.0,0.0,0.0,0.0,0.0,0.0,17.20119764024622,-73.83981884494006,17.361751072475376,-238.56207703325914,17.22216826738974,-272.6936301385417,17.170103213891666,-114.10964089648906,15.223105726289998,-1.0658776924627489,17.39055397726878,-29.803940431758066,16.093334622140789,-36.09292721038946,14.17586040177087,-132.8526496344939,16.399605149298176,-57.00442029132711,482.216041341685,459.4643155306219,0.0,0.0,0.0,0.0,0.0,0.0,0.0,0.0,0.0,0.0,0.0,0.0,0.0,0.0,0.0,0.0,0.0,0.0,0.0,0.0,0.0,0.0,1.2207701294570082,0.3726404546572064,239.941455359812,284.86247194220609,5754.658709198899,0.21780614205975647,0.033242695674566,132.25991893383529,156.92118992768466,3191.014808280308,1.1469766618148776,0.21673784236864666,202.07614559125498,239.97581381382595,4847.927128358252,0.22398960594145768,0.04232607822023008,117.20505793456957,139.23041970979325,2811.018194813839,0.0,0.0,7.751697695437289,9.265358470705696,160.61532075589049,0.0,0.0,11.856818395014649,14.054952897023423,299.51521612912839,0.0,0.0,71.68596044513044,85.42583879691847,1602.6682393027446,0.0,0.0,45.80170615797651,54.997953542440047,826.925226515915,0.0,0.0,21.376141914245303,25.432057088514897,496.4742116444754,38.641618672852199,26.503167814027579,303.7206675228281,361.7220914252822,7563.694903871822,0.0,0.0,58.61078748437406,70.73152472722932,893.9891147286064,0.0,16.782419789955683,39.848644990404839,22.0,30.0,0.0,17.030607073137078,39.31536577707578,12.0,30.0,0.0,16.896958949661085,39.730385704307,22.0,30.0,0.0,16.897578989120164,39.63043302802694,12.0,30.0,0.0,15.213940084962277,42.887718449816237,12.0,30.0,0.0,17.570877425439343,37.018717378386458,12.0,30.0,0.0,16.056681329379197,41.30771983307349,10.0,30.0,0.0,13.848483331230348,47.02379399688007,12.0,30.0,0.0,16.509811285202085,39.488626972337218,20.0,30.0,0.0,15.911071466861497,0.0,0.0,0.0,12.41346891269091,0.0,0.0,457.62081152648627,453.3804549833037,455.52077681584299,454.9444566262281,522.6264445867037,812.7052428335346,500.413656257415,582.157209094137,737.0895754625054,0.0,80.89674217691226,80.89674217691226,60.0,0.0,60.0,60.0,12.0,12.0,12.0,19.0,12.0,12.0,21.0,10.0,0.0,0.0,0.0,0.0,0.0,0.0,0.0,0.0,0.0,0.0,0.0,0.0,0.0,80.89674217691226,80.89674217691226,0.0,0.0,0.0,80.89674217691226,0.0,0.0,0.0005833333333333334 
 03/25  03:10:00,4.968333333333334,92.33333333333334,5.593333333333334,0.0,0.0,0.0,0.0,0.0,2.0,2.0,0.0,0.0,0.0,0.0,0.0,717.0,0.0,0.0,0.0,0.0,0.0,0.0,0.0,0.0,0.0,0.0,0.0,17.14006898462905,-185.12252884529335,17.35626936260314,-21.181278717838496,17.216997236589515,-44.40926895328539,17.108270317604807,-190.51292060250536,15.191865299700894,-0.32137499349644829,17.34288574487295,-30.871516092905894,16.05339172194452,-10.834886642501715,14.128129142437598,-129.19814095564585,16.37512391071417,-57.907836176011418,431.78517771896989,462.59812747056278,0.0,0.0,0.0,0.0,0.0,0.0,0.0,0.0,0.0,0.0,0.0,0.0,0.0,0.0,0.0,0.0,0.0,0.0,0.0,0.0,0.0,0.0,1.214533568206614,0.3707367424318114,139.82127381391613,165.88136367734368,3318.6962540719748,0.22078337871719842,0.033697096873809288,9.501759025580422,11.257387458804317,236.0496784820269,1.2012294029179674,0.22698968309107479,216.8544005934099,257.05840308093408,5242.639353242479,0.22485126284351845,0.04248890076408133,121.7661677485437,144.40273689420187,2897.526490557526,0.0,0.0,8.054966363434627,9.608824086894713,166.1029280245864,0.0,0.0,11.716067098550818,13.863427530627805,294.3945788593104,0.0,0.0,75.61290552968286,89.93084974281322,1682.2183890345789,0.0,0.0,46.15272372208178,55.320754638276969,827.2684220902039,0.0,0.0,20.51799421625425,24.366039832036,474.79953612179568,38.21862128007017,26.213046145452798,215.8544470378781,256.91735651023597,5502.323492875339,0.0,0.0,58.89473376949286,70.94291158929899,891.938641511509,0.0,16.70320414903782,40.363363720750559,22.0,30.0,0.0,17.092425413125839,39.47139077572997,12.0,30.0,0.0,16.96969072703973,39.23598001859424,22.0,30.0,0.0,16.818178010430804,40.10905518738306,12.0,30.0,0.0,15.17979956422761,43.25929610128571,12.0,30.0,0.0,17.516969084713954,37.40460970371643,12.0,30.0,0.0,16.01897734927796,41.3879098249445,10.0,30.0,0.0,13.799062229917175,47.305988259110687,12.0,30.0,0.0,16.481898361231417,39.79639692443578,20.0,30.0,0.0,15.741968169422563,0.0,0.0,0.0,12.37575505540764,0.0,0.0,455.1166587962506,449.9356888133391,463.2496134563472,450.9598154566604,522.1242344026518,808.0742016528205,499.93496077563949,583.1807396450731,734.0958994603922,0.0,80.89674217691226,80.89674217691226,60.0,0.0,60.0,60.0,12.0,12.0,12.0,19.0,12.0,12.0,21.0,10.0,0.0,0.0,0.0,0.0,0.0,0.0,0.0,0.0,0.0,0.0,0.0,0.0,0.0,80.89674217691226,80.89674217691226,0.0,0.0,0.0,80.89674217691226,0.0,0.0,0.0005799999999999999 
 03/25  03:20:00,4.986666666666666,92.66666666666667,5.486666666666667,0.0,0.0,0.0,0.0,0.0,2.0,2.0,0.0,0.0,0.0,0.0,0.0,1434.0,0.0,0.0,0.0,0.0,0.0,0.0,0.0,0.0,0.0,0.0,0.0,17.17089488040463,-85.7504674974025,17.266810590514188,-222.23767403417865,17.11989709339138,-203.28936048084916,17.10882970114064,-76.64677988266158,15.166479638714567,-0.8442475829910876,17.30633002194756,-29.166637160090489,16.009051539739774,-25.548170315030803,14.08865070398031,-131.33199540425768,16.355339522731158,-58.67086657764537,450.4795173737052,462.9269741147174,0.0,0.0,0.0,0.0,0.0,0.0,0.0,0.0,0.0,0.0,0.0,0.0,0.0,0.0,0.0,0.0,0.0,0.0,0.0,0.0,0.0,0.0,1.1940889209699255,0.36449600762207748,199.17743610057125,236.76359070080486,4773.077051303697,0.2102092026598244,0.032083211639167347,96.12874347052964,114.37790925190487,2298.9238963811915,1.1629285050592953,0.21975217404748594,175.80129412828004,208.877368692414,4194.90318290964,0.228124207304862,0.04310737099487187,91.92663353235332,109.20458096894382,2196.6979544676626,0.0,0.0,7.759882919290536,9.273706379884518,159.33855642812075,0.0,0.0,11.852641787453618,14.05244576707457,296.5739082592366,0.0,0.0,73.02400139312315,87.01689958317854,1614.2984863514635,0.0,0.0,46.073424221870897,55.33187460278135,820.7860645827202,0.0,0.0,21.205555208904529,25.231286587816436,489.0339142083935,37.86883645491517,25.973138857966516,243.9206169502098,290.95803621131429,6131.70676610991,0.0,0.0,58.65951138583195,70.79870908453505,881.2974859576384,0.0,16.84809530136294,40.02976904943655,22.0,30.0,0.0,16.94387670722866,40.112849687545,12.0,30.0,0.0,16.817259623604977,40.13017482934757,22.0,30.0,0.0,16.885328974846659,39.783996705779717,12.0,30.0,0.0,15.157358201082664,43.439197646449688,12.0,30.0,0.0,17.48511078761217,37.61157714385088,12.0,30.0,0.0,15.968364487395008,41.86370957107374,10.0,30.0,0.0,13.765009770317727,47.61808185924167,12.0,30.0,0.0,16.463814695325718,39.95298897405432,20.0,30.0,0.0,15.778743960602338,0.0,0.0,0.0,12.336203762154888,0.0,0.0,455.450803972275,446.84471544911096,456.5431455255525,456.4148014581485,521.6984217331637,804.5222805778809,498.97619810037579,582.5408171783993,731.2384806981493,0.0,80.89674217691226,80.89674217691226,60.0,0.0,60.0,60.0,12.0,12.0,12.0,19.0,12.0,12.0,21.0,10.0,0.0,0.0,0.0,0.0,0.0,0.0,0.0,0.0,0.0,0.0,0.0,0.0,0.0,80.89674217691226,80.89674217691226,0.0,0.0,0.0,80.89674217691226,0.0,0.0,0.0005766666666666666 
 03/25  03:30:00,5.005,93.0,5.38,0.0,0.0,0.0,0.0,0.0,2.0,2.0,0.0,0.0,0.0,0.0,0.0,717.0,0.0,0.0,0.0,0.0,0.0,0.0,0.0,0.0,0.0,0.0,0.0,17.19682393245251,-23.318371338766157,17.139090700902196,-330.6927290389249,17.116768617317108,-129.73688396004469,17.13119349274382,-8.145549025057079,15.134843209291632,-0.7917641580425823,17.261043847863328,-28.060932265019745,15.961678876624202,-28.245203814113667,14.040547452831989,-128.88690178008575,16.329960993743936,-58.2434824429439,369.0892132224899,465.2190577626468,0.0,0.0,0.0,0.0,0.0,0.0,0.0,0.0,0.0,0.0,0.0,0.0,0.0,0.0,0.0,0.0,0.0,0.0,0.0,0.0,0.0,0.0,1.1836380462944217,0.36130587493724716,193.59781765178387,229.44779901470816,4664.240247436678,0.20836613838364988,0.031801913672718239,145.35143158707835,172.37694445685538,3427.1912871093447,1.1501596218875912,0.21733930874671043,45.11647225522083,53.48585819643432,1100.2811223473514,0.2244370300616821,0.042410625484066908,3.8700132310513557,4.586480779601975,98.14073793559658,0.0,0.0,7.647293270245439,9.122879018245718,156.26701965313576,0.0,0.0,11.824463987445288,13.993265565118199,294.36986374287599,0.0,0.0,71.8162872007235,85.42991616996153,1577.4096710847164,0.0,0.0,46.135126502993767,55.30727587525437,815.7078975188242,0.0,0.0,21.705871564731028,25.776798085320125,498.68784250225618,37.4570006003932,25.690672565427446,145.37523102961894,173.15308647197299,3859.2850581355089,0.0,0.0,58.605446576433568,70.60287766697822,874.2385424410919,0.0,16.958579025627367,39.90111677631396,22.0,30.0,0.0,16.7496798159956,40.867440966073768,12.0,30.0,0.0,16.872792155049713,40.213987287822209,22.0,30.0,0.0,16.970665272700946,39.84960763336854,12.0,30.0,0.0,15.122607311364258,43.76202071808725,12.0,30.0,0.0,17.434917519612659,37.95531489670269,12.0,30.0,0.0,15.911505643140984,42.234264415743819,10.0,30.0,0.0,13.71351774623998,47.96335765087883,12.0,30.0,0.0,16.43504942501947,40.231697542572117,20.0,30.0,0.0,15.498224526481764,0.0,0.0,0.0,12.299440464387832,0.0,0.0,453.59165813857205,445.83104201322069,463.5817520095714,451.6239268386767,520.4240538921765,800.7055067888349,499.3793358512801,581.5901366117849,726.834242587422,0.0,80.89674217691226,80.89674217691226,60.0,0.0,60.0,60.0,12.0,12.0,12.0,19.0,12.0,12.0,21.0,10.0,0.0,0.0,0.0,0.0,0.0,0.0,0.0,0.0,0.0,0.0,0.0,0.0,0.0,80.89674217691226,80.89674217691226,0.0,0.0,0.0,80.89674217691226,0.0,0.0,0.0005733333333333334 
 03/25  03:40:00,5.023333333333333,93.33333333333334,5.273333333333333,0.0,0.0,0.0,0.0,0.0,2.0,2.0,0.0,0.0,0.0,0.0,0.0,1434.0,0.0,0.0,0.0,0.0,0.0,0.0,0.0,0.0,0.0,0.0,0.0,17.046788993505545,-148.7292382688811,17.132804387344458,-137.24819264738449,17.05968406537861,-216.46134390089243,17.06990325154267,-119.25128440714207,15.109450921543936,-0.9314465784107995,17.22440995506488,-30.328438339547888,15.933719105164962,-24.775930062162617,14.001497632881464,-130.7405721037686,16.309210326650267,-60.12094457310991,453.123373059253,463.7763082932969,0.0,0.0,0.0,0.0,0.0,0.0,0.0,0.0,0.0,0.0,0.0,0.0,0.0,0.0,0.0,0.0,0.0,0.0,0.0,0.0,0.0,0.0,1.1976436641723838,0.3655810940697143,223.02972227128005,264.94091145837799,5255.812503744277,0.226895241635061,0.034629920884472076,126.01428527826372,149.676729274976,2983.6556205903877,1.1147323810027814,0.21064481878359449,148.230403880783,176.02227128096679,3519.0607286213219,0.21522233275892373,0.04066937504892737,75.02900638265177,89.15285608031101,1784.5888408337517,0.0,0.0,7.854350207649792,9.38867871748516,159.81970932981344,0.0,0.0,11.634283756520603,13.794764263106299,288.3617668068082,0.0,0.0,72.56716697416718,86.49766660680274,1588.4307379348844,0.0,0.0,46.161075094052467,55.446737253928919,811.0877272384298,0.0,0.0,22.183666207725666,26.39212841567229,507.8444434546277,37.13874204092803,25.47238823108919,238.58081985362944,284.35405712654207,5946.936835903836,0.0,0.0,58.52536574017485,70.64613001793885,866.0837411991975,0.0,16.69558125192293,40.753091559289128,22.0,30.0,0.0,16.82300907784017,40.54871005289002,12.0,30.0,0.0,16.813883615950876,40.527507015163347,22.0,30.0,0.0,16.87094445426068,40.335660791416419,12.0,30.0,0.0,15.100458391350273,43.9760213430949,12.0,30.0,0.0,17.4012492049539,38.15273342308057,12.0,30.0,0.0,15.893964147451998,42.45447975087235,10.0,30.0,0.0,13.679320931648535,48.254228067134558,12.0,30.0,0.0,16.41553460084959,40.423039446117417,20.0,30.0,0.0,15.750958635067466,0.0,0.0,0.0,12.260765824008193,0.0,0.0,455.4453885196899,450.6952752696694,456.4702118520162,452.1517473391809,519.7719067893513,801.6144450641278,497.64095727717599,581.5739783753675,723.268959284249,0.0,80.89674217691226,80.89674217691226,60.0,0.0,60.0,60.0,12.0,12.0,12.0,19.0,12.0,12.0,21.0,10.0,0.0,0.0,0.0,0.0,0.0,0.0,0.0,0.0,0.0,0.0,0.0,0.0,0.0,80.89674217691226,80.89674217691226,0.0,0.0,0.0,80.89674217691226,0.0,0.0,0.00057 
 03/25  03:50:00,5.041666666666667,93.66666666666667,5.166666666666667,0.0,0.0,0.0,0.0,0.0,2.0,2.0,0.0,0.0,0.0,0.0,0.0,717.0,0.0,0.0,0.0,0.0,0.0,0.0,0.0,0.0,0.0,0.0,0.0,16.9867366910187,-139.94730636516079,17.156475988939734,-16.41419860133763,17.04813631459649,-34.94590660434187,16.947059545646455,-224.62492272275859,15.077555716982247,-0.7934475395020968,17.17909524272948,-30.69404543119157,15.892418733255074,-15.893683596575557,13.954464649550517,-128.37585072609932,16.28288161825878,-60.713955782989618,388.05889064604437,464.2027316827978,0.0,0.0,0.0,0.0,0.0,0.0,0.0,0.0,0.0,0.0,0.0,0.0,0.0,0.0,0.0,0.0,0.0,0.0,0.0,0.0,0.0,0.0,1.1900144355810678,0.3632522697133907,87.23882752209714,103.48805731459578,2056.484093692144,0.22155415779579766,0.03381473714832077,7.486617091856299,8.872302615321996,183.48696321614649,1.147662705857863,0.21686748032083587,171.82505058506059,203.68780617481708,4096.974189694458,0.21151680877829194,0.03996916265651774,128.839121383714,152.81812148440029,3008.8599202274565,0.0,0.0,7.9019833587323309,9.426995441796512,159.9944843158859,0.0,0.0,11.71134402698113,13.861158978645168,288.7693603029276,0.0,0.0,73.314997674147,87.21973063018956,1596.2629655552954,0.0,0.0,46.28800726610885,55.49803356121173,807.2145277730126,0.0,0.0,22.644782568873635,26.891848795300239,516.3829779111145,36.70326998107406,25.17371054943352,168.49990656372789,200.62266766084506,4336.386085855762,0.0,0.0,58.52958146279482,70.51810780634989,859.9145766478523,0.0,16.638774548269216,41.19343814267422,22.0,30.0,0.0,16.924005979275216,40.482601081747137,12.0,30.0,0.0,16.86244997925123,40.21940032161673,22.0,30.0,0.0,16.66968462161414,41.196252872805867,12.0,30.0,0.0,15.065410242785927,44.3297218288754,12.0,30.0,0.0,17.350148330005096,38.49155743466571,12.0,30.0,0.0,15.851478393222429,42.557792141972637,10.0,30.0,0.0,13.628970749075748,48.6199923540109,12.0,30.0,0.0,16.38543201313151,40.7384234468188,20.0,30.0,0.0,15.549463338292928,0.0,0.0,0.0,12.22408428581392,0.0,0.0,455.59128795843278,450.3022210896849,460.6202627402574,448.61307866983716,519.4689187378658,800.9528106179141,499.5565125134844,582.8396511488789,716.7534375226636,0.0,80.89674217691226,80.89674217691226,60.0,0.0,60.0,60.0,12.0,12.0,12.0,19.0,12.0,12.0,21.0,10.0,0.0,0.0,0.0,0.0,0.0,0.0,0.0,0.0,0.0,0.0,0.0,0.0,0.0,80.89674217691226,80.89674217691226,0.0,0.0,0.0,80.89674217691226,0.0,0.0,0.0005733333333333334 
 03/25  04:00:00,5.06,94.0,5.06,0.0,0.0,0.0,0.0,0.0,2.0,2.0,0.0,0.0,0.0,0.0,0.0,1434.0,0.0,0.0,0.0,0.0,0.0,0.0,0.0,0.0,0.0,0.0,0.0,16.982093093638225,-90.95174922179649,17.07789420731902,-195.54031197413048,16.92443749953849,-216.61404894368799,16.942585971344835,-72.15271910403294,15.051788489058005,-1.1937480535800802,17.144225096446868,-29.551189485422357,15.854747481771163,-22.893066733754496,13.91624592537236,-130.28354579795576,16.261333138940253,-62.74319136700905,438.5278564071673,463.34199768797239,0.0,0.0,0.0,0.0,0.0,0.0,0.0,0.0,0.0,0.0,0.0,0.0,0.0,0.0,0.0,0.0,0.0,0.0,0.0,0.0,0.0,0.0,1.159689834518074,0.35399567598231809,183.13657717111352,217.7132639574943,4308.484078423144,0.20751863473179267,0.031672563298503157,81.44698107931569,96.92811527483402,1913.8282112729333,1.1337766222989523,0.21424350383578096,187.58164644707746,222.9308744742839,4386.347087232587,0.22404052537778425,0.04233570018476647,105.25269264865995,125.0774457040001,2468.413343172713,0.0,0.0,7.70727301476138,9.212009353800536,155.37294759246,0.0,0.0,11.834756046836736,14.035024928620857,290.5922377198261,0.0,0.0,72.67917458427414,86.6296181361958,1573.859097056035,0.0,0.0,46.310860110871718,55.63382463138296,802.5808579065558,0.0,0.0,22.45474607714253,26.718247130297429,510.173828865332,36.350777605708149,24.931946231624253,241.7833945267348,288.38906034858896,5958.9389345325039,0.0,0.0,58.414107843686917,70.51869650529898,851.5575556496395,0.0,16.701234488629845,41.069148441310449,22.0,30.0,0.0,16.794771143222854,41.14215121846161,12.0,30.0,0.0,16.65546878164731,41.2175832512188,22.0,30.0,0.0,16.73592051124575,40.860492998276928,12.0,30.0,0.0,15.042654420671017,44.51058832070156,12.0,30.0,0.0,17.319689143047108,38.6786224222394,12.0,30.0,0.0,15.813251069477314,42.96468105215011,10.0,30.0,0.0,13.59553456248292,48.931669821132889,12.0,30.0,0.0,16.36506744630468,40.90047789099307,20.0,30.0,0.0,15.695340962161385,0.0,0.0,0.0,12.187889986742782,0.0,0.0,454.9795662036239,447.91128521670967,456.3585094624473,454.8944175368134,519.6255595163882,799.552308894988,499.5624007842478,583.688524812645,717.306871679579,0.0,80.89674217691226,80.89674217691226,60.0,0.0,60.0,60.0,12.0,12.0,12.0,19.0,12.0,12.0,21.0,10.0,0.0,0.0,0.0,0.0,0.0,0.0,0.0,0.0,0.0,0.0,0.0,0.0,0.0,80.89674217691226,80.89674217691226,0.0,0.0,0.0,80.89674217691226,0.0,0.0,0.0005766666666666666 
 03/25  04:10:00,5.081666666666667,94.00000000000002,4.973333333333334,0.0,0.0,0.0,0.0,0.0,2.0,2.0,0.0,0.0,0.0,0.0,0.0,717.0,0.0,0.0,0.0,0.0,0.0,0.0,0.0,0.0,0.0,0.0,0.0,16.993075937719629,-16.243753047903739,16.95354926004302,-306.8573919147775,16.927580061157096,-103.81563608821557,16.957549441710158,-10.005723057919142,15.019620152862047,-1.2141135307459195,17.101383695433094,-28.11286842245147,15.804164078327819,-30.94170022227445,13.870114616540715,-127.55040282321488,16.23428509279267,-61.895395723021128,344.24421283411086,465.2943748201053,0.0,0.0,0.0,0.0,0.0,0.0,0.0,0.0,0.0,0.0,0.0,0.0,0.0,0.0,0.0,0.0,0.0,0.0,0.0,0.0,0.0,0.0,1.1513725900541246,0.3514568345708561,187.21520124960615,221.95706347776943,4418.537588089799,0.20171712319675787,0.030787106715011886,145.48939989682649,172.5830015567828,3365.8474690122936,1.1215526461261887,0.21193360659980899,38.373875823821688,45.50433983244617,921.8425415976107,0.21725166893617488,0.04105284749360824,4.823520807069296,5.7181941739299939,118.43982643637836,0.0,0.0,7.488968438154398,8.935238279348605,150.1758472791009,0.0,0.0,11.86834077007266,14.04930259036635,289.91947417308315,0.0,0.0,70.42957840172649,83.80534402571127,1513.7390356222607,0.0,0.0,46.310500618619119,55.53542232833442,796.2902192178533,0.0,0.0,23.23187214136432,27.591258016861155,525.5959343691178,35.997659622366558,24.689752827411913,139.09010219033713,165.69264748017194,3626.7201812228015,0.0,0.0,58.30471049545353,70.25782313893787,843.913507487566,0.0,16.785481121970144,41.00850007747894,22.0,30.0,0.0,16.601076628952815,41.94279663601022,12.0,30.0,0.0,16.724827710982536,41.18555351452946,22.0,30.0,0.0,16.80588138724822,40.985815450748109,12.0,30.0,0.0,15.007216813982997,44.82381360077877,12.0,30.0,0.0,17.272574488631226,39.00233664437201,12.0,30.0,0.0,15.748758577048545,43.39129263777857,10.0,30.0,0.0,13.54611983179231,49.29079827347535,12.0,30.0,0.0,16.33418849453717,41.18899931960504,20.0,30.0,0.0,15.375645759100904,0.0,0.0,0.0,12.155608342591714,0.0,0.0,453.8534829579017,446.7751607118304,466.4404777491641,450.4815245148173,519.5284437363097,797.6002108168534,500.21848324400215,582.905933614814,714.6936485071803,0.0,80.89674217691226,80.89674217691226,60.0,0.0,60.0,60.0,12.0,12.0,12.0,19.0,12.0,12.0,21.0,10.0,0.0,0.0,0.0,0.0,0.0,0.0,0.0,0.0,0.0,0.0,0.0,0.0,0.0,80.89674217691226,80.89674217691226,0.0,0.0,0.0,80.89674217691226,0.0,0.0,0.0005799999999999999 
 03/25  04:20:00,5.1033333333333339,94.0,4.886666666666667,0.0,0.0,0.0,0.0,0.0,2.0,2.0,0.0,0.0,0.0,0.0,0.0,1434.0,0.0,0.0,0.0,0.0,0.0,0.0,0.0,0.0,0.0,0.0,0.0,16.85849437290983,-129.52454552535529,16.9440638136393,-128.39457551205943,16.866046945917455,-209.00634738281839,16.89928694568853,-111.92835506386678,14.993880799152173,-1.3549599374545097,17.06639242764814,-30.69558336852498,15.775261468882757,-26.156905072980636,13.833061295440825,-128.946649871398,16.212376227045199,-63.889264749164627,418.58511870941677,462.6986885265444,0.0,0.0,0.0,0.0,0.0,0.0,0.0,0.0,0.0,0.0,0.0,0.0,0.0,0.0,0.0,0.0,0.0,0.0,0.0,0.0,0.0,0.0,1.1632568792415397,0.3550845174729975,205.33673950908719,243.99793446415803,4749.3099711236,0.2210444905824403,0.03373694911209406,116.75978006623018,138.7407777803628,2710.0174212790254,1.0861963172149656,0.20525251648053023,137.0971761292476,162.8565985736484,3190.5087806946905,0.2097845108121916,0.0396418198813665,71.97206483908426,85.55330468666425,1678.3258231608739,0.0,0.0,7.725763450666378,9.237016262478317,154.2086045927611,0.0,0.0,11.716240474802895,13.897292803924726,284.8930642270236,0.0,0.0,71.36987247700552,85.10336873597821,1527.8861518040536,0.0,0.0,46.269714244186797,55.59990772638163,790.4242385518385,0.0,0.0,23.693976037345185,28.19456244452629,533.9266289618843,35.76730042269679,24.531756119819485,216.862804501268,258.55282549507367,5332.392637968509,0.0,0.0,58.18077516500568,70.25294122070472,835.2246135299911,0.0,16.553781016598415,41.80230279722052,22.0,30.0,0.0,16.662775556069304,41.633286418023818,12.0,30.0,0.0,16.653265470410547,41.61651879464026,22.0,30.0,0.0,16.712250319779927,41.44451814265353,12.0,30.0,0.0,14.984714113416777,45.04281025619516,12.0,30.0,0.0,17.240373019912114,39.20055019119869,12.0,30.0,0.0,15.729460983538062,43.603073267541549,10.0,30.0,0.0,13.514042868531773,49.57171978183202,12.0,30.0,0.0,16.31352643990506,41.39400133512877,20.0,30.0,0.0,15.593082615709541,0.0,0.0,0.0,12.12013432671295,0.0,0.0,456.18405111571567,451.167011192411,457.31092389907226,451.67999134946697,519.4424658178233,798.8923850840274,499.37365001844537,584.2815186684061,711.9222319469404,0.0,80.89674217691226,80.89674217691226,60.0,0.0,60.0,60.0,12.0,12.0,12.0,19.0,12.0,12.0,21.0,10.0,0.0,0.0,0.0,0.0,0.0,0.0,0.0,0.0,0.0,0.0,0.0,0.0,0.0,80.89674217691226,80.89674217691226,0.0,0.0,0.0,80.89674217691226,0.0,0.0,0.0005799999999999999 
 03/25  04:30:00,5.125,94.0,4.8,0.0,0.0,0.0,0.0,0.0,2.0,2.0,0.0,0.0,0.0,0.0,0.0,717.0,0.0,0.0,0.0,0.0,0.0,0.0,0.0,0.0,0.0,0.0,0.0,16.78535894435896,-132.48163284238354,16.962563950483778,-15.86979153624975,16.84863291578789,-30.572946403312927,16.77617562190635,-220.07974080045234,14.961674105191952,-1.2158593661699798,17.02305571414517,-30.93115786363677,15.734124604020203,-18.68875806882943,13.788451700967448,-126.68397791791495,16.184733724884827,-64.27534720728647,370.83840178977337,462.99060984932228,0.0,0.0,0.0,0.0,0.0,0.0,0.0,0.0,0.0,0.0,0.0,0.0,0.0,0.0,0.0,0.0,0.0,0.0,0.0,0.0,0.0,0.0,1.1584141948397926,0.3536062865811333,85.54211821736635,101.52073539453952,1973.3486672241375,0.21540802864847093,0.03287668324915612,7.46178677940252,8.846932566789104,178.9077121260185,1.1170285654757162,0.2110787160762881,171.68967850280644,203.6197822031999,4006.2725048447307,0.2053615555603957,0.03880603846568323,129.19329365362396,153.30160932711036,2955.221980920051,0.0,0.0,7.75261531281778,9.251227801460207,153.91702779828973,0.0,0.0,11.785937243981194,13.955064734336194,285.0634064247819,0.0,0.0,71.90887694446663,85.58361288527841,1530.6415713272875,0.0,0.0,46.380573969508869,55.63275635324193,786.1952188999733,0.0,0.0,24.097357730138854,28.62291782178883,540.6630083667285,35.41789532820817,24.292109278606433,168.46651334912606,200.63182044676229,4231.7029459418249,0.0,0.0,58.19244533945355,70.13558485902527,829.3840136538548,0.0,16.468305381535335,42.313616848847747,22.0,30.0,0.0,16.750447011286366,41.584907556077947,12.0,30.0,0.0,16.688087577607349,41.36182029123876,22.0,30.0,0.0,16.508545263114347,42.29816265555291,12.0,30.0,0.0,14.949338287584924,45.39898508204544,12.0,30.0,0.0,17.191533152317314,39.53301063607922,12.0,30.0,0.0,15.68652967388538,43.72188295051241,10.0,30.0,0.0,13.466621575046842,49.94196001392871,12.0,30.0,0.0,16.28177461654265,41.71616007087437,20.0,30.0,0.0,15.441682382381476,0.0,0.0,0.0,12.08813436316909,0.0,0.0,456.1685148734455,450.88225256478679,460.8140662054586,448.83937479695677,519.973788268517,799.0867323405291,502.01404231270876,586.0729612445082,707.6662885427489,0.0,80.89674217691226,80.89674217691226,60.0,0.0,60.0,60.0,12.0,12.0,12.0,19.0,12.0,12.0,21.0,10.0,0.0,0.0,0.0,0.0,0.0,0.0,0.0,0.0,0.0,0.0,0.0,0.0,0.0,80.89674217691226,80.89674217691226,0.0,0.0,0.0,80.89674217691226,0.0,0.0,0.0005799999999999999 
 03/25  04:40:00,5.1466666666666669,94.0,4.713333333333333,0.0,0.0,0.0,0.0,0.0,2.0,2.0,0.0,0.0,0.0,0.0,0.0,1434.0,0.0,0.0,0.0,0.0,0.0,0.0,0.0,0.0,0.0,0.0,0.0,16.780618684117586,-79.76600726445281,16.886069585069025,-184.70665181747797,16.729972382638637,-203.12053158259188,16.770089594699934,-70.99658810125379,14.935702254384252,-1.5978780517255587,16.989659027797129,-29.990638581478096,15.695065299584229,-26.61858621726992,13.75243795070874,-127.95110646958119,16.16230839212018,-66.25851656430507,413.41717648806209,461.07664019838037,0.0,0.0,0.0,0.0,0.0,0.0,0.0,0.0,0.0,0.0,0.0,0.0,0.0,0.0,0.0,0.0,0.0,0.0,0.0,0.0,0.0,0.0,1.1290461667757688,0.3446416870499905,178.2354363237003,212.01556310557974,4102.977608332471,0.20154447303179424,0.030760755957233555,80.7902557746502,96.20013713648133,1858.3307988418922,1.1015110936306783,0.20814646516074804,181.67439550079988,216.0265297636023,4158.555255687819,0.217195713964692,0.041042273991816317,102.89819139925828,122.33819906687829,2362.3373592153495,0.0,0.0,7.546622492317727,9.023201090395523,149.11819653633479,0.0,0.0,11.93788005370715,14.164251108484429,287.47322969836207,0.0,0.0,70.91579052691559,84.57317027772148,1500.3592624143046,0.0,0.0,46.31692697090028,55.669554598161358,780.0489414685451,0.0,0.0,24.091709707965579,28.674599924544748,538.3569455205749,35.13567350419178,24.098541498073929,235.85164229513084,281.43969241536765,5688.950577620735,0.0,0.0,58.00521271783934,70.05421358034363,820.2059212051827,0.0,16.52927991490582,42.168872564413138,22.0,30.0,0.0,16.624632919947375,42.20375022274423,12.0,30.0,0.0,16.49022626207414,42.301833932047347,22.0,30.0,0.0,16.57004282325269,41.9655446434564,12.0,30.0,0.0,14.926431362789746,45.583844863234329,12.0,30.0,0.0,17.16233315030796,39.71871413954652,12.0,30.0,0.0,15.645436891050263,44.128012911583088,10.0,30.0,0.0,13.435731015577403,50.25311006686665,12.0,30.0,0.0,16.260618715683785,41.88622752310316,20.0,30.0,0.0,15.561388530010574,0.0,0.0,0.0,12.055846519200817,0.0,0.0,455.73521729415196,448.86903141057618,457.22977681126386,455.12458045313067,520.6295919080161,797.9533601242443,502.21269233831517,587.5039809741431,708.3201400378397,0.0,80.89674217691226,80.89674217691226,60.0,0.0,60.0,60.0,12.0,12.0,12.0,19.0,12.0,12.0,21.0,10.0,0.0,0.0,0.0,0.0,0.0,0.0,0.0,0.0,0.0,0.0,0.0,0.0,0.0,80.89674217691226,80.89674217691226,0.0,0.0,0.0,80.89674217691226,0.0,0.0,0.0005799999999999999 
 03/25  04:50:00,5.168333333333333,94.0,4.626666666666667,0.0,0.0,0.0,0.0,0.0,2.0,2.0,0.0,0.0,0.0,0.0,0.0,717.0,0.0,0.0,0.0,0.0,0.0,0.0,0.0,0.0,0.0,0.0,0.0,16.787156367930199,-12.336818891789335,16.765430571712274,-290.5881237609956,16.72928304840911,-95.84529178086314,16.783254426291298,-10.979588430235055,14.903348797501863,-1.5782049199366668,16.948466484627806,-28.795167269156765,15.644988076373715,-32.61176421120581,13.709109163785957,-125.26901750990919,16.134205563389388,-65.54006134043175,323.47998752473998,461.86408472220549,0.0,0.0,0.0,0.0,0.0,0.0,0.0,0.0,0.0,0.0,0.0,0.0,0.0,0.0,0.0,0.0,0.0,0.0,0.0,0.0,0.0,0.0,1.1199339696022198,0.3418601860812637,182.21264925182275,216.14688820885778,4204.257546095142,0.19636330352776866,0.029969979170904865,142.24024903570948,168.8150142484019,3220.8082724296857,1.0915184880665608,0.20625821769965253,36.44671038960165,43.24242836462235,857.0436776092766,0.2108093575657128,0.03983547950977187,5.293874935870184,6.279015173949682,126.58877042619135,0.0,0.0,7.351900480332409,8.774550501764275,144.48571327792593,0.0,0.0,11.975663956407449,14.182813069418112,286.9093067461735,0.0,0.0,68.97898842447052,82.12058449861941,1448.393472259923,0.0,0.0,46.26820693432266,55.51057259934466,773.2752584665143,0.0,0.0,24.74201665272251,29.393003147975958,550.447858946313,34.78497647216926,23.858008554299916,135.2249965541283,161.14728031259564,3451.7799515885665,0.0,0.0,57.847164319088069,69.73238273095362,812.3840146287788,0.0,16.60229847555166,42.11881505371006,22.0,30.0,0.0,16.43601753651011,42.94591963604838,12.0,30.0,0.0,16.54978016652068,42.22901093355868,22.0,30.0,0.0,16.635598043960898,42.06212390365358,12.0,30.0,0.0,14.890839919054672,45.89704612567939,12.0,30.0,0.0,17.11692712980125,40.03248055029254,12.0,30.0,0.0,15.582400806123156,44.524854515241397,10.0,30.0,0.0,13.390021326952784,50.60272107346062,12.0,30.0,0.0,16.228488999105968,42.17638826530915,20.0,30.0,0.0,15.253627971786714,0.0,0.0,0.0,12.02725867926992,0.0,0.0,454.8106976469843,447.79341594612029,468.3641370997825,450.92899773315346,521.2483693511388,796.3451757016034,503.2045572534574,587.9900683739031,706.6367059636115,0.0,80.89674217691226,80.89674217691226,60.0,0.0,60.0,60.0,12.0,12.0,12.0,19.0,12.0,12.0,21.0,10.0,0.0,0.0,0.0,0.0,0.0,0.0,0.0,0.0,0.0,0.0,0.0,0.0,0.0,80.89674217691226,80.89674217691226,0.0,0.0,0.0,80.89674217691226,0.0,0.0,0.0005799999999999999 
 03/25  05:00:00,5.19,94.0,4.54,0.0,0.0,0.0,0.0,0.0,2.0,2.0,0.0,0.0,0.0,0.0,0.0,1434.0,0.0,0.0,0.0,0.0,0.0,0.0,0.0,0.0,0.0,0.0,0.0,16.661378010665048,-117.3944672065677,16.755154479396177,-119.61426212650304,16.6701077003532,-194.3269194181446,16.722898361902876,-113.75481951119207,14.877477776924712,-1.7089891476855713,16.914835473745588,-31.28899523096797,15.615886692837563,-28.336476044476286,13.674230649688206,-126.21127203435799,16.111618479395209,-67.38323758110914,394.51506438558729,458.68427407028698,0.0,0.0,0.0,0.0,0.0,0.0,0.0,0.0,0.0,0.0,0.0,0.0,0.0,0.0,0.0,0.0,0.0,0.0,0.0,0.0,0.0,0.0,1.1307907111734395,0.3451742097599022,196.44402839385948,233.55425204466207,4446.127890792123,0.21486474351567456,0.032793764272844107,112.21614061544435,133.41386392710573,2548.3983866376845,1.057957665402228,0.19991641447509984,135.27592936453386,160.78835724188037,3080.583458380852,0.20387677012611295,0.038525466766083319,73.92876433053745,87.93568551888986,1685.8098997540422,0.0,0.0,7.571624777898217,9.055937431049891,148.1005948027281,0.0,0.0,11.837535767282097,14.04800983202416,282.3024217766621,0.0,0.0,69.79026110818814,83.26409667409823,1459.3512274323048,0.0,0.0,46.182920940898338,55.52277628522454,766.919501367438,0.0,0.0,25.169719618073175,29.960479873504359,557.6798620049806,34.5475504033583,23.69516488570529,210.7826122576764,251.4161514842824,5073.450016680179,0.0,0.0,57.67784268072813,69.67282070784529,803.6532544492533,0.0,16.387913096992784,42.83571695040414,22.0,30.0,0.0,16.49255177139554,42.66006453527133,12.0,30.0,0.0,16.481209963773109,42.643046252450577,22.0,30.0,0.0,16.537478856517667,42.49670623740396,12.0,30.0,0.0,14.86824497421851,46.10945782056778,12.0,30.0,0.0,17.085950041696063,40.22183572717836,12.0,30.0,0.0,15.562197243506507,44.72307251429325,10.0,30.0,0.0,13.360450074439326,50.87428914185351,12.0,30.0,0.0,16.207296678474749,42.376758900972607,20.0,30.0,0.0,15.463794755218409,0.0,0.0,0.0,11.996023982197713,0.0,0.0,457.41861036245646,452.32960600952029,458.5787991535725,452.30763758072495,521.5601768344013,797.7054194675146,502.86236908138207,589.6645161291601,704.6512165221942,0.0,80.89674217691226,80.89674217691226,60.0,0.0,60.0,60.0,12.0,12.0,12.0,19.0,12.0,12.0,21.0,10.0,0.0,0.0,0.0,0.0,0.0,0.0,0.0,0.0,0.0,0.0,0.0,0.0,0.0,80.89674217691226,80.89674217691226,0.0,0.0,0.0,80.89674217691226,0.0,0.0,0.0005799999999999999 
 03/25  05:10:00,5.205,94.33333333333334,4.466666666666667,0.0,0.0,0.0,0.0,0.0,2.0,2.0,0.0,0.0,0.0,0.0,0.0,717.0,0.0,0.0,0.0,0.0,0.0,0.0,0.0,0.0,0.0,0.0,0.0,16.589690759879895,-120.24165688233689,16.771021694838994,-15.49639650781566,16.650411364901488,-28.711403116884868,16.60615255896116,-210.95608352090586,14.845180917284994,-1.5450175120064387,16.872798449686504,-31.461546446041667,15.575087687294128,-21.59026857061008,13.632265143958265,-124.00324774035653,16.08305886269286,-67.61844891426756,348.53215824228576,458.6095533353082,0.0,0.0,0.0,0.0,0.0,0.0,0.0,0.0,0.0,0.0,0.0,0.0,0.0,0.0,0.0,0.0,0.0,0.0,0.0,0.0,0.0,0.0,1.1266011186953263,0.3438953353770837,80.91895425777192,96.08414042028449,1828.2485552042438,0.2090757194778899,0.031910213595526547,7.541251178751785,8.94618985576671,176.73455739799253,1.0854799987059989,0.20511715772978068,166.61563894503429,197.7120629801005,3803.253650165187,0.1994322312935144,0.03768560682039197,127.49404729414086,151.36273986330623,2856.1211680204285,0.0,0.0,7.594487270014944,9.065579860566587,147.83830684446304,0.0,0.0,11.912301804506737,14.111142836219294,282.741029519941,0.0,0.0,70.25160814588625,83.65397876216369,1461.4080001501396,0.0,0.0,46.256996952031908,55.509683620763897,762.9815917780736,0.0,0.0,25.53121838676385,30.335040947941449,563.4919441074671,34.291133121381857,23.51929569367755,162.9709847974815,194.16793107401646,4012.065963492091,0.0,0.0,57.67462273777825,69.5361291352402,798.9291575233772,0.0,16.3033533097989,43.29327011171024,22.0,30.0,0.0,16.573077047681836,42.58296403927791,12.0,30.0,0.0,16.508453332636827,42.44622143812916,22.0,30.0,0.0,16.346679691653969,43.26395990523929,12.0,30.0,0.0,14.832821730041245,46.447236477478949,12.0,30.0,0.0,17.038801029591388,40.53117364585738,12.0,30.0,0.0,15.51950728894432,44.85890102483504,10.0,30.0,0.0,13.31653898063363,51.22594072900974,12.0,30.0,0.0,16.174626172436953,42.68154836504586,20.0,30.0,0.0,15.309418057138709,0.0,0.0,0.0,11.968368278837576,0.0,0.0,458.04499940743218,452.26476343396299,461.77337239354099,449.98878553270637,522.6683377202071,798.1900069956505,505.4713636165069,591.6322032705753,702.0275642290945,0.0,80.89674217691226,80.89674217691226,60.0,0.0,60.0,60.0,12.0,12.0,12.0,19.0,12.0,12.0,21.0,10.0,0.0,0.0,0.0,0.0,0.0,0.0,0.0,0.0,0.0,0.0,0.0,0.0,0.0,80.89674217691226,80.89674217691226,0.0,0.0,0.0,80.89674217691226,0.0,0.0,0.0005799999999999999 
 03/25  05:20:00,5.220000000000001,94.66666666666667,4.3933333333333339,0.0,0.0,0.0,0.0,0.0,2.0,2.0,0.0,0.0,0.0,0.0,0.0,1434.0,0.0,0.0,0.0,0.0,0.0,0.0,0.0,0.0,0.0,0.0,0.0,16.582126796863386,-72.40104025827327,16.697343250700898,-174.8392927108677,16.5379360918327,-190.07603008893967,16.598390469365815,-72.33077600831212,14.819157819940705,-1.8809867673437993,16.840432295337857,-30.633621197676037,15.536872792626993,-28.81288803015832,13.598285974610804,-124.82059416666084,16.059985948904857,-69.52232803699263,390.93599999477058,456.2118695363979,0.0,0.0,0.0,0.0,0.0,0.0,0.0,0.0,0.0,0.0,0.0,0.0,0.0,0.0,0.0,0.0,0.0,0.0,0.0,0.0,0.0,0.0,1.098145187643207,0.3352091537372427,171.70690415426047,204.37540907986125,3869.7313468654858,0.19590173538051926,0.029899532261984019,78.98999147859826,94.11176718679042,1779.4887549746309,1.0701344248666529,0.2022173894305845,175.81251636179048,209.1687581766329,3941.654341830643,0.21040389675852434,0.03975886182133867,101.17118265315236,120.34376854164603,2274.906357694319,0.0,0.0,7.40247685728006,8.854162780359229,143.50479301214376,0.0,0.0,12.055731375727686,14.311080598316881,285.0496562001222,0.0,0.0,69.26865968840655,82.65451611363942,1433.143251669862,0.0,0.0,46.16779913580597,55.51719004742129,757.3003435244538,0.0,0.0,25.538713339313739,30.40686606027215,561.665894225963,34.09734605813732,23.386382755924094,228.7626170011739,273.10743494289258,5407.930984490544,0.0,0.0,57.48625965616691,69.45360422947289,791.0844593174631,0.0,16.35560559631129,43.186639637465138,22.0,30.0,0.0,16.452516183730454,43.169956335008837,12.0,30.0,0.0,16.322322649634864,43.300978029051218,22.0,30.0,0.0,16.402265279011276,42.99188727316583,12.0,30.0,0.0,14.809910714771352,46.626302173068527,12.0,30.0,0.0,17.010504682311898,40.70572971652172,12.0,30.0,0.0,15.479828612242859,45.21044071852238,10.0,30.0,0.0,13.288019524362906,51.510278356206018,12.0,30.0,0.0,16.15299096020982,42.84580938278435,20.0,30.0,0.0,15.422806783409609,0.0,0.0,0.0,11.939874973095617,0.0,0.0,457.37278160696629,450.3875531549272,458.82797005121668,456.16935697672116,523.5742464930788,797.2771021288138,506.1519741784282,593.3555790032899,703.0095840437057,0.0,80.89674217691226,80.89674217691226,60.0,0.0,60.0,60.0,12.0,12.0,12.0,19.0,12.0,12.0,21.0,10.0,0.0,0.0,0.0,0.0,0.0,0.0,0.0,0.0,0.0,0.0,0.0,0.0,0.0,80.89674217691226,80.89674217691226,0.0,0.0,0.0,80.89674217691226,0.0,0.0,0.0005799999999999999 
 03/25  05:30:00,5.235,95.0,4.32,0.0,0.0,0.0,0.0,0.0,2.0,2.0,0.0,0.0,0.0,0.0,0.0,717.0,0.0,0.0,0.0,0.0,0.0,0.0,0.0,0.0,0.0,0.0,0.0,16.585084109779666,-9.02869071607256,16.581306406420425,-274.9912343020578,16.53326142865741,-91.25449911097485,16.609785936635466,-11.654305962969005,14.786789672231974,-1.820038540602809,16.80021561585795,-29.54717846972318,15.488310503351484,-33.96067573088567,13.557485216147157,-122.22145148882191,16.031143574264413,-68.81473891904284,307.1646465342569,456.5201393612424,0.0,0.0,0.0,0.0,0.0,0.0,0.0,0.0,0.0,0.0,0.0,0.0,0.0,0.0,0.0,0.0,0.0,0.0,0.0,0.0,0.0,0.0,1.0880588215347616,0.33213028740377339,178.62429796140249,212.01626867928628,4034.171475210191,0.190915470462074,0.029138502817776865,139.26087558061125,165.36734933061829,3090.6490943444189,1.0606812523483338,0.20043107565161268,35.80534235338226,42.505888924099789,824.1710665677304,0.20437760963611138,0.038620107640988537,5.686828846660404,6.748806968617164,132.75548534103289,0.0,0.0,7.225752366054269,8.627020964056813,139.40465781058078,0.0,0.0,12.099099250871959,14.335698980898677,284.77502630393146,0.0,0.0,67.53460799705835,80.44292695903133,1387.7504172725547,0.0,0.0,46.097674763983537,55.33089912125429,751.1383336636965,0.0,0.0,26.088359874281417,31.002236111069764,571.4934213661429,33.837006834726668,23.207823617782358,132.94812056391829,158.4966682603009,3323.0825535265446,0.0,0.0,57.32874765365428,69.1312360614957,784.5308818731944,0.0,16.41941648237423,43.136808469466419,22.0,30.0,0.0,16.271582289638205,43.91076284797802,12.0,30.0,0.0,16.371686795173909,43.255608557842318,22.0,30.0,0.0,16.464289396046444,43.068391035399709,12.0,30.0,0.0,14.774348840165774,46.92296255978028,12.0,30.0,0.0,16.966309967882663,40.99796820936996,12.0,30.0,0.0,15.419425101662812,45.59029049767522,10.0,30.0,0.0,13.24564307383417,51.833371960825107,12.0,30.0,0.0,16.120132367882769,43.118888111996508,20.0,30.0,0.0,15.12701376700247,0.0,0.0,0.0,11.914589653283406,0.0,0.0,456.4710630383158,449.39399328001249,470.55513976583065,452.208368801956,524.5957347640549,795.9114951976546,507.3587233326632,594.3788017487674,702.1241640168073,0.0,80.89674217691226,80.89674217691226,60.0,0.0,60.0,60.0,12.0,12.0,12.0,19.0,12.0,12.0,21.0,10.0,0.0,0.0,0.0,0.0,0.0,0.0,0.0,0.0,0.0,0.0,0.0,0.0,0.0,80.89674217691226,80.89674217691226,0.0,0.0,0.0,80.89674217691226,0.0,0.0,0.0005799999999999999 
 03/25  05:40:00,5.25,95.33333333333334,4.246666666666666,0.0,0.0,0.0,0.0,0.0,2.0,2.0,0.0,0.0,0.0,0.0,0.0,1434.0,0.0,0.0,0.0,0.0,0.0,0.0,0.0,0.0,0.0,0.0,0.0,16.468736564711045,-105.82439257265287,16.57025916916423,-112.0300535877252,16.47793192898459,-178.82163672770435,16.548010088792119,-115.01807581251785,14.760905140146626,-1.933308621763146,16.767505492575176,-31.941003564623118,15.459568142181624,-29.645581935537167,13.52445613607421,-122.88925913862556,16.00803332762079,-70.52370116537031,372.13871282924449,453.3030672647576,0.0,0.0,0.0,0.0,0.0,0.0,0.0,0.0,0.0,0.0,0.0,0.0,0.0,0.0,0.0,0.0,0.0,0.0,0.0,0.0,0.0,0.0,1.0977923636780705,0.3351014541141851,185.18041973824826,220.28419701531238,4110.030560874897,0.2085235863139785,0.03182594418711515,105.8686140668517,125.9376679131584,2357.2109153871008,1.0298140161830794,0.1945982645848601,130.8579246008071,155.63669557719829,2922.490346900073,0.197880852041592,0.03739245125502494,73.94776281572627,88.02135158126905,1652.1386596894614,0.0,0.0,7.446958617482635,8.910219807022794,143.0807081902899,0.0,0.0,11.97098136203341,14.21351246399928,280.62777068435528,0.0,0.0,68.42265337535582,81.67689345585902,1400.9794251332597,0.0,0.0,46.01132398908395,55.34296316407654,745.6271468192367,0.0,0.0,26.431014706575714,31.47334177188451,576.9410014381276,33.68039851640837,23.100410505081194,200.1695050382769,238.88956178717616,4738.328431407739,0.0,0.0,57.18180326956674,69.09900484810143,777.375275284631,0.0,16.22364285903698,43.8387666055693,22.0,30.0,0.0,16.32348326802633,43.66592210101385,12.0,30.0,0.0,16.309541271648727,43.67109211540317,22.0,30.0,0.0,16.363291271899244,43.53638248100761,12.0,30.0,0.0,14.751746030107693,47.12377106188032,12.0,30.0,0.0,16.93621052906761,41.17840473497935,12.0,30.0,0.0,15.399527560146396,45.78610868261044,10.0,30.0,0.0,13.218111640744923,52.085148656097178,12.0,30.0,0.0,16.09862046740252,43.308385158057948,20.0,30.0,0.0,15.312375517594166,0.0,0.0,0.0,11.886655651049744,0.0,0.0,459.4430845581113,454.0193140174473,460.50615509851039,453.5753300653497,525.1284235998696,797.2973727047463,507.1145919660055,596.0994190713232,700.816548435324,0.0,80.89674217691226,80.89674217691226,60.0,0.0,60.0,60.0,12.0,12.0,12.0,19.0,12.0,12.0,21.0,10.0,0.0,0.0,0.0,0.0,0.0,0.0,0.0,0.0,0.0,0.0,0.0,0.0,0.0,80.89674217691226,80.89674217691226,0.0,0.0,0.0,80.89674217691226,0.0,0.0,0.0005799999999999999 
 03/25  05:50:00,5.265000000000001,95.66666666666666,4.173333333333333,0.0,0.0,0.0,0.0,0.0,2.0,2.0,0.0,0.0,0.0,0.0,0.0,717.0,0.0,0.0,0.0,0.0,0.0,0.0,0.0,0.0,0.0,0.0,0.0,16.40355990162425,-105.0897030937922,16.58392577898232,-15.73516998328654,16.457151077524267,-27.140322877791733,16.436247406365117,-204.50636738566846,14.728639834021518,-1.7853029827012109,16.72681740512037,-31.93190056826728,15.419596062507475,-24.02113461760291,13.484797623084562,-120.75482852595838,15.979005409014749,-70.56195235805694,322.8638242474535,453.00859525599619,0.0,0.0,0.0,0.0,0.0,0.0,0.0,0.0,0.0,0.0,0.0,0.0,0.0,0.0,0.0,0.0,0.0,0.0,0.0,0.0,0.0,0.0,1.0950542570297115,0.33426564622396567,72.40890668071123,86.02132551018548,1607.3785416797287,0.20245285137638475,0.030899397340718065,7.741483955131394,9.188936010521195,177.52130339574615,1.0533874924005369,0.19905281413464424,155.707509315959,184.87382003636797,3483.003923550205,0.1936774517267894,0.03659815792267372,123.96658264994663,147.25191582756228,2722.9767141394847,0.0,0.0,7.447561182982824,8.89340774022474,142.3964772499009,0.0,0.0,12.026629369845335,14.253246400361498,280.6080680623218,0.0,0.0,68.69528905362412,81.84359866506537,1399.238481273196,0.0,0.0,46.06656989789473,55.305740712264498,741.6268458178242,0.0,0.0,26.7194058567537,31.75727234066513,580.9101254538713,33.414006212316319,22.91769973409899,150.64146933451367,179.57125025470428,3662.8974531157457,0.0,0.0,57.160104958659797,68.9387397882911,772.7525361257542,0.0,16.149702536208517,44.304314184677377,22.0,30.0,0.0,16.39765180986829,43.62240424926937,12.0,30.0,0.0,16.33133196864064,43.49697105000572,22.0,30.0,0.0,16.18238422140681,44.32011457964216,12.0,30.0,0.0,14.716369982890205,47.44872824250338,12.0,30.0,0.0,16.8905949687894,41.47864181111286,12.0,30.0,0.0,15.357494455525016,45.92303974852446,10.0,30.0,0.0,13.177060456432196,52.41174357044619,12.0,30.0,0.0,16.065508310018229,43.59967170317785,20.0,30.0,0.0,15.145660736268257,0.0,0.0,0.0,11.861787020120384,0.0,0.0,461.1614021838264,454.1057239493822,463.3811981779503,451.7685321768011,526.518675705192,798.1185120107164,509.70064626099079,597.9270407334566,699.4513300619678,0.0,80.89674217691226,80.89674217691226,60.0,0.0,60.0,60.0,12.0,12.0,12.0,19.0,12.0,12.0,21.0,10.0,0.0,0.0,0.0,0.0,0.0,0.0,0.0,0.0,0.0,0.0,0.0,0.0,0.0,80.89674217691226,80.89674217691226,0.0,0.0,0.0,80.89674217691226,0.0,0.0,0.0005733333333333334 
 03/25  06:00:00,5.28,96.0,4.1,0.0,0.0,0.0,0.0,0.0,2.0,2.0,0.0,0.0,0.0,0.0,0.0,1434.0,0.0,0.0,0.0,0.0,0.0,0.0,0.0,0.0,0.0,0.0,0.0,16.389859253900988,-67.88339131177463,16.512258358317625,-167.55113292654529,16.3519789211487,-178.2676739086055,16.42861403719784,-70.50032104839193,14.702697063240834,-2.0686464656628944,16.695480498097333,-31.247898711001768,15.382948949495863,-29.848863974663688,13.452584264114038,-121.36476950414385,15.955595824019524,-72.43447849335746,366.9403158211221,450.29201600341869,0.0,0.0,0.0,0.0,0.0,0.0,0.0,0.0,0.0,0.0,0.0,0.0,0.0,0.0,0.0,0.0,0.0,0.0,0.0,0.0,0.0,0.0,1.0678072814563847,0.32594849861306,161.23221966653404,192.02091619376473,3561.72961737934,0.1905228019531886,0.02907857172667714,76.12690552569349,90.75349980423583,1680.9817162405923,1.0404774563530644,0.1966132759548497,164.2256756386588,195.4871760523684,3611.0119493648037,0.2044689410089541,0.038637366025879447,96.73143961077884,115.1253097149318,2132.5086037337885,0.0,0.0,7.284997237456885,8.717084082421346,138.70347375483369,0.0,0.0,12.143395006584625,14.422249591713955,282.24745842654138,0.0,0.0,67.95618892847611,81.13254326942942,1376.899706341709,0.0,0.0,45.97703186628623,55.31362419574421,736.154248131505,0.0,0.0,26.65490016440216,31.747173223607047,577.4152955111572,33.21323026898358,22.779993325777498,214.47859816319903,256.1895799645948,4990.07405318533,0.0,0.0,56.975594502156528,68.86088479219763,765.3405946148746,0.0,16.18596019158805,44.25070350025803,22.0,30.0,0.0,16.280693113376175,44.25730846218139,12.0,30.0,0.0,16.15848349526445,44.35625892770828,22.0,30.0,0.0,16.236050051944504,44.0469483200723,12.0,30.0,0.0,14.693577678153123,47.62333408014611,12.0,30.0,0.0,16.863139900081458,41.650314709256637,12.0,30.0,0.0,15.320792343274429,46.28358737090183,10.0,30.0,0.0,13.150341182377812,52.68457041873211,12.0,30.0,0.0,16.043639698898475,43.758968272336549,20.0,30.0,0.0,15.265737112968856,0.0,0.0,0.0,11.835703694140057,0.0,0.0,459.6625114136343,452.1990497779068,461.02678632569208,457.9423770034366,527.5463217159274,797.5984228924428,510.6923389382854,599.6722965121838,700.9189911764993,0.0,80.89674217691226,80.89674217691226,60.0,0.0,60.0,60.0,12.0,12.0,12.0,19.0,12.0,12.0,21.0,10.0,0.0,0.0,0.0,0.0,0.0,0.0,0.0,0.0,0.0,0.0,0.0,0.0,0.0,80.89674217691226,80.89674217691226,0.0,0.0,0.0,80.89674217691226,0.0,0.0,0.0005666666666666666 
 03/25  06:10:00,5.291666666666667,96.16666666666666,4.06,3.333333333333334,0.0,0.0,0.0,0.0,2.0,2.0,0.0,0.0,0.0,0.0,0.0,7180.0,0.0,4.715164079946657,1.153885052480504,2.95678960605072,0.14138523489159425,3.7631585080083695,0.0,1.1538850524805034,1.5774483482522384,0.0,0.0,17.58732749010867,-899.8101086895197,16.705849523617446,751.6027952876056,17.86158788902938,-2574.471640148664,16.727517133102368,938.9769370133369,14.67885734048273,3.524732215587636,17.73045948709691,-109.33498391900116,15.484230290851017,181.15036359409343,14.54760633338364,-194.37959491254999,17.574504184027878,-235.79937058531116,657.5076990208373,595.1772285523717,0.0,0.0,0.0,0.0,0.0,0.0,0.0,0.0,0.0,0.0,0.0,0.0,0.0,0.0,0.0,0.0,0.0,0.0,0.0,0.0,0.0,0.0,1.0813735525967637,0.3300896070197691,383.50306790478836,453.8063399846217,9898.707587408982,0.3121563557355308,0.04764291143704683,335.47518423998278,398.8756073912436,7743.700115765685,0.8787177157020254,0.16604643153855365,516.6134089407543,610.5557854432693,13704.090641921008,0.29334580961313147,0.055431936812761029,351.6061811632693,417.8515956118665,8233.0988207306,0.0,0.0,11.410386501367203,13.672041753202738,216.5150524232309,0.0,0.0,18.35487345903887,21.71013800730782,480.31528640566747,0.0,0.0,76.12933535797538,90.95559443052608,1577.08237073776,0.0,0.0,34.70448181713277,41.618776531528,659.2836242335139,0.0,0.0,43.533944288788259,51.473345483925687,1145.8290040704113,34.37803614581588,23.578899962836688,675.6553440445716,804.8577817823781,15616.56761935672,0.0,0.0,51.81854638322775,62.700799121998588,709.7619248972482,2088.823347827256,17.997501478497097,39.72900783642232,21.999999999999998,30.0,0.0,16.715064149714736,43.04354823026627,15.999999999999999,30.0,4691.23257356803,18.3987415042826,38.74805375325111,21.999999999999998,30.0,0.0,16.870068370446515,42.62487792068632,15.999999999999999,30.0,0.0,14.674558095143592,47.89518204440401,12.0,30.0,1892.4404408162648,18.275576523039005,38.264825394692639,20.0,30.0,0.0,15.559623430956324,45.94220733594228,10.0,30.0,1466.8256837484847,14.862173750263631,47.35785002165225,16.999999999999998,30.0,3144.1714281749166,18.242339529425718,38.35210307286606,20.0,30.0,0.0,16.12429841338418,0.0,0.0,0.0,11.979039976336649,0.0,0.0,459.33921445758235,459.64853208667,458.41899474795425,457.57931510984658,526.701424270074,780.1287066271704,498.28116649828339,606.293455737092,682.6270995352961,12633.61577741275,79.65038649382172,87.86056393119482,60.0,0.0,60.0,60.0,16.0,16.0,19.0,19.0,16.0,12.0,21.0,10.0,1.0,0.0,2088.823347827256,0.0,4691.23257356803,0.0,1892.4404408162648,0.0,1466.8256837484847,3144.1714281749166,12422.63814144264,7453582.884865585,9720250.77223293,79.65038649382172,87.99999999999999,0.414087938048088,0.7668121745338734,0.3602813740196596,87.99999999999999,0.3542647819438876,9720250.77223293,0.5060130401561124 
 03/25  06:20:00,5.303333333333334,96.33333333333333,4.02,4.166666666666667,0.0,0.0,0.0,0.0,2.0,2.0,0.0,0.0,0.0,0.0,0.0,2872.0,0.0,5.890784967248935,1.4415805273869283,3.6939990939038038,0.17663648885492948,4.7014180872757829,0.0,1.4415805273869276,1.9707498740109753,0.0,0.0,18.385265676494787,-1380.8455199457977,17.32587948915438,850.8790136575258,18.75849060562897,-3564.5597693316988,17.545080508544893,849.0237582852333,14.660755468870228,12.329519530280834,18.58397232073742,-187.7930033097932,15.715806224252184,104.32319420700469,15.62100442410295,-126.83651227749766,18.439129293093609,-361.42966842805637,910.1487498843399,831.4899887875565,0.0,0.0,0.0,0.0,0.0,0.0,0.0,0.0,0.0,0.0,0.0,0.0,0.0,0.0,0.0,0.0,0.0,0.0,0.0,0.0,0.0,0.0,1.1592692473723996,0.35386729162771665,449.4341591806449,529.8200909398121,12536.166979459958,0.35785810279469146,0.05461814755718733,398.35956842422817,472.0309713022544,9955.77895767888,0.9014124946345056,0.17033493851748034,582.5669103396123,685.732655825429,16730.04640982929,0.3113675725410052,0.05883740977721186,387.6717856718724,458.7271887902366,10004.519805473761,0.0,0.0,13.663495585286473,16.367081920065936,258.7835835048851,0.0,0.0,22.32741268735498,26.270273393971189,645.5516104657627,0.0,0.0,93.71657141673573,111.74600826726335,2005.2196891767576,0.0,0.0,21.706395028761734,25.831395084373058,499.68420554647227,0.0,0.0,58.009479644975318,68.24166245382333,1681.0582670397935,35.409551346012708,24.28638638272477,771.9738905516758,917.2340498737369,18936.88187630601,0.0,0.0,57.270560665615708,69.12048797642939,841.540174053391,1958.1530264593108,19.305103878039487,36.627616463885789,22.0,30.0,0.0,17.80279962243928,40.217227889721659,16.0,30.0,4421.267740327054,19.76342685407693,35.62564054819342,22.0,30.0,0.0,18.2412189473811,39.1516269338181,16.0,30.0,0.0,14.666523573603815,48.271382607915949,12.0,30.0,983.9435176991965,19.862219438543734,34.81431415617331,19.75,30.0,0.0,15.930868321710343,44.944229016696457,10.0,30.0,776.4157171957743,16.815926767799185,41.93750160486789,16.75,30.0,954.4269180177172,19.90527334942676,34.79275932335685,19.75,30.0,0.0,17.025529801559168,0.0,0.0,0.0,12.473029698285576,0.0,0.0,460.7883029428524,461.45078738950169,457.9749384803401,458.04119080289515,528.7237694119078,728.6403803309112,526.2767717503704,601.5511778769287,635.7688576419566,10711.286282479934,80.92223496448378,86.35320401426341,60.0,0.0,60.0,60.0,16.0,16.0,19.0,19.0,16.0,12.0,21.0,10.0,1.0,0.0,1958.1530264593108,0.0,4421.267740327054,0.0,983.9435176991965,0.0,776.4157171957743,954.4269180177172,8218.773457853698,4931264.07471222,6439659.827809542,80.92223496448378,86.44543989830859,0.35895911526179,0.7649549380664639,0.36028137401965956,86.44543989830859,0.3542647819438875,6439659.827809542,0.33542231104609618 
 03/25  06:30:00,5.3149999999999999,96.5,3.9799999999999997,5.0,0.0,0.0,0.0,0.0,2.0,2.0,0.0,0.0,0.0,0.0,0.0,2154.0,0.0,7.069942799703812,1.7301415560840219,4.433426514658159,0.21199379625657187,5.6425004632403479,0.0,1.730141556084021,2.3652346774233048,0.0,0.0,18.874896236291357,-1340.7808837048738,17.79445372272219,835.3945469650969,19.319203438626358,-3492.5757946143114,18.06162488728618,804.9390055995746,14.650236616630238,17.58025271335399,18.19284753948496,-150.69916021124338,15.884461718324653,282.3540066236503,15.302995060582564,-103.3537347885813,18.35435967034463,-265.0268087975213,1090.4398592279404,724.0760667816463,0.0,0.0,0.0,0.0,0.0,0.0,0.0,0.0,0.0,0.0,0.0,0.0,0.0,0.0,0.0,0.0,0.0,0.0,0.0,0.0,0.0,0.0,1.2649073300214453,0.38611334860239468,454.06136224608317,533.8912431105283,13240.834561940595,0.371914584688519,0.05676352025160544,396.8080988439339,468.8625981650258,10479.906128705245,0.9943034481572721,0.187888028752319,573.7456144841141,673.5024747338265,17237.891998579667,0.3152081759354614,0.0595631473800947,371.8716243454957,438.67670270548697,10159.402047613054,0.0,0.0,14.293198136287228,17.118027671453434,270.4284859047188,0.0,0.0,22.436549909590178,26.45974716228272,618.1176265875772,0.0,0.0,91.82046432440164,109.39520879245944,2013.4275647203049,0.0,0.0,20.8243850197057,24.808552967939485,452.07264155891189,0.0,0.0,52.23057418429064,61.55964259399679,1461.521152401809,36.07367068051299,24.741886612148826,755.8586810977611,895.6501912302684,19626.228286097383,0.0,0.0,51.14046317514951,61.738079120062739,747.4894201063722,1937.7770270200168,19.98501301176029,35.15536643513411,21.999999999999994,29.99999999999999,0.0,18.562709964727824,38.379534824066549,15.999999999999993,29.99999999999999,4373.407210849695,20.47157265125491,34.13796063182399,21.999999999999994,29.99999999999999,0.0,19.042824207331689,37.27956220153264,15.999999999999993,29.99999999999999,0.0,14.667628306346434,48.47453155545728,11.999999999999995,29.99999999999999,101.64136025668852,19.151881876023308,36.51863183352724,18.999999999999994,29.99999999999999,0.0,16.236103567619826,44.226126361094149,9.999999999999997,29.99999999999999,148.21747406819555,16.11874997495685,44.07910838702479,15.999999999999993,29.99999999999999,1061.0947044867224,19.420667470733489,35.98930552218601,19.33333333333333,29.99999999999999,0.0,17.7337956424287,0.0,0.0,0.0,12.444638403063199,0.0,0.0,462.2714304793517,464.2263419157905,458.8416914601504,458.3210870808448,542.8165906473182,708.8661740032479,514.9471400289156,590.9677442267878,630.1036442837954,12222.354986983908,79.92254769947872,87.865108942598,59.99999999999998,0.0,59.99999999999998,59.99999999999998,16.0,16.0,19.0,19.0,16.0,12.0,21.0,10.0,1.0,0.0,1937.7770270200168,0.0,4373.407210849695,0.0,101.64136025668852,0.0,148.21747406819555,1061.0947044867224,12018.245284221568,7210947.170532944,9425171.228552169,79.92254769947872,87.99999999999997,0.40060817614071889,0.7651546907184597,0.36028137401965945,87.99999999999997,0.35426478194388735,9425171.228552169,0.4906689038847128 
 03/25  06:40:00,5.326666666666666,96.66666666666666,3.94,7.0,0.33333333333333328,0.0,0.0,0.0,2.0,2.0,0.0,0.0,0.0,0.0,0.0,2872.0,0.0,9.92325854738914,2.5198730239224695,6.457083651143724,0.29755111434688966,7.919723498440648,0.0,2.519873023922468,3.444857467255417,0.0,0.0,19.30522793123758,-1234.3643137029099,18.165777443617814,949.5946920425006,19.790213039064207,-3357.848909193956,18.46662086122508,899.8984599401308,14.64606495418536,27.576024126674179,18.647867961295576,-149.37868984762583,16.316640487687616,428.60632667893756,15.714854366723945,-195.6044941921683,18.316437044559714,-190.9147688222095,1239.277540015099,624.4122328456595,0.0,0.0,0.0,0.0,0.0,0.0,0.0,0.0,0.0,0.0,0.0,0.0,0.0,0.0,0.0,0.0,0.0,0.0,0.0,0.0,0.0,0.0,1.3655086469172382,0.4168219312934184,462.1292796589257,542.4813159197788,13990.571584601146,0.3886593412863363,0.05931919128301838,400.14081526444479,472.0503516761669,10996.625909497168,1.0867140678004815,0.2053503529479369,576.7237107770988,675.8773035821971,17972.89810933182,0.32864290382726438,0.06210183367862139,370.7900545291775,436.6639741258575,10546.530158666887,0.0,0.0,14.678715583216169,17.58596837333352,277.6348127483384,0.0,0.0,21.497714641937788,25.302889727652987,619.9837471450217,0.0,0.0,82.19844621913906,97.69570153872437,1922.367889202074,0.0,0.0,22.59756625978265,26.882203518390499,519.9611870772739,0.0,0.0,44.02687331920271,51.91310647260929,1231.2375218699504,36.62295835010863,25.1186271262748,760.2380022540747,899.2384425607963,20687.90416731767,0.0,0.0,42.64974734312065,51.54765048947912,603.5924520509491,1888.4744577764687,20.58565782348447,33.931480969347877,22.000000000000008,30.00000000000001,0.0,19.137742635887194,37.08662733991997,16.000000000000008,30.00000000000001,4256.332990885674,21.078692133965864,32.9329413742989,22.000000000000008,30.00000000000001,0.0,19.647465684140838,35.95604244019428,16.000000000000008,30.00000000000001,0.0,14.676557296407513,48.643646487294947,12.000000000000004,30.00000000000001,1254.2226436144748,19.857482903011058,35.07885311335076,20.000000000000008,30.00000000000001,0.0,16.991009423119384,42.361899376215507,10.000000000000004,30.00000000000001,812.6873028192858,16.797170728843203,42.274453773503768,16.750000000000008,30.00000000000001,0.0,19.353564713923285,36.27106389733769,19.000000000000008,30.00000000000001,0.0,18.360980966375715,0.0,0.0,0.0,12.232012065723439,0.0,0.0,462.2998548327652,465.30243279907139,460.8878690912668,460.32279373609728,540.5165413344947,695.3707962688362,483.51698425782447,621.8025894462229,630.1788193514159,10686.60890108065,80.93856749824193,86.33770499351712,60.00000000000002,0.0,60.00000000000002,60.00000000000002,16.0,16.0,19.0,19.0,16.0,12.0,21.0,10.0,1.0,0.0,1888.4744577764687,0.0,4256.332990885674,0.0,1254.2226436144748,0.0,812.6873028192858,0.0,8170.657970369286,4902394.78222157,6409013.012220414,80.93856749824193,86.42940027209332,0.35735526567897626,0.7645151664037946,0.36028137401965967,86.42940027209332,0.35426478194388769,6409013.012220414,0.33382867663546159 
 03/25  06:50:00,5.338333333333333,96.83333333333334,3.9,9.0,0.6666666666666665,0.0,0.0,0.0,2.0,2.0,0.0,0.0,0.0,0.0,0.0,2154.0,0.0,12.787897261413692,3.2926102024807797,8.43719400281452,0.38344796399649436,10.205983467563503,0.0,3.2926102024807775,4.501247775223719,0.0,0.0,19.66239264017478,-1242.2225683350103,18.493195515246833,909.4703460270346,20.192863580811463,-3396.943053931541,18.81362597892148,864.5436575623002,14.650143625799501,34.85072645872906,18.442164788749154,-98.22011496259816,16.732710923614016,445.46097040366069,15.546803749853656,-303.7837565339461,18.46149006538699,-171.82892231142649,1318.8158815922785,684.9727474490704,0.0,0.0,0.0,0.0,0.0,0.0,0.0,0.0,0.0,0.0,0.0,0.0,0.0,0.0,0.0,0.0,0.0,0.0,0.0,0.0,0.0,0.0,1.446637675175122,0.44158659193379826,463.8243623880463,543.4522082347935,14437.737805706227,0.39922495984723629,0.06093177042845492,397.4896692414312,468.01615578543558,11273.787063338563,1.1658960427343286,0.22031293324533825,574.5624467371267,672.0488193488714,18405.620700756655,0.33904481093358126,0.06406742459062386,368.27317752394137,432.8500517765726,10803.06641581973,0.0,0.0,14.6330675906197,17.52439658005867,277.01027429778278,0.0,0.0,19.717552137775738,23.233047700243135,552.1805825713337,0.0,0.0,92.64076924688072,109.78418541951229,2288.277343980232,0.0,0.0,36.765315315205558,43.76506102131536,810.3173499790399,0.0,0.0,37.415223209918888,44.045330991254648,1064.472399274626,36.92249892819329,25.3240733389529,756.505500605529,893.2834467310352,21204.48145750276,0.0,0.0,51.39967709333875,62.05371500110456,730.183926915091,1902.6873363761466,21.04783499373795,33.02783122312269,22.000000000000019,30.00000000000002,0.0,19.612273699634807,36.059546217197269,16.000000000000015,30.00000000000002,4290.889269992036,21.550545530521967,32.03794957522059,22.000000000000019,30.00000000000002,0.0,20.128640089333517,34.94293174646384,16.000000000000015,30.00000000000002,0.0,14.695791272732724,48.774329596682239,12.00000000000001,30.00000000000002,0.0,19.416801784913625,36.23247190989307,19.000000000000015,30.00000000000002,0.0,17.670135659649863,40.62965418550672,10.000000000000007,30.00000000000002,581.6066614042495,16.264565098383508,43.87772943542225,16.333333333333348,30.00000000000002,1317.18112874605,19.669221680378639,35.65921422944546,19.666666666666683,30.00000000000002,0.0,18.77309941973561,0.0,0.0,0.0,12.258286766583828,0.0,0.0,462.8620371550266,465.83168342780535,462.5132310908282,462.58337284040865,531.9386925083725,685.6647170400652,486.7612685308677,627.0074659830201,639.1735980845238,11440.304497334591,80.44002646601393,87.87375068449939,60.00000000000004,0.0,60.00000000000004,60.00000000000004,16.0,16.0,19.0,19.0,16.0,12.0,21.0,10.0,1.0,0.0,1902.6873363761466,0.0,4290.889269992036,0.0,0.0,0.0,581.6066614042495,1317.18112874605,11249.254805769557,6749552.883461729,8836265.204150632,80.44002646601393,88.00000000000007,0.3749751601923186,0.763865651658161,0.3602813740196598,88.00000000000007,0.3542647819438878,8836265.204150632,0.46004579061583297 
 03/25  07:00:00,5.35,97.0,3.86,11.0,1.0,0.0,0.0,0.0,2.0,2.0,0.0,0.0,0.0,0.0,0.0,2872.0,0.0,15.663686054379785,4.047682556171339,10.372039358546227,0.46967916106307169,12.501142388865329,0.0,4.047682556171337,5.5334889283434569,0.0,0.0,19.965334784902006,-1199.0885889955244,18.767656735210367,978.1766195906112,20.494033001024456,-3269.765106113212,19.110144767248174,914.0642629580693,14.659454295932339,42.34622687764458,18.543401452894189,-71.64191776150367,17.03334559009048,483.7849031970004,16.046302756086918,-339.1914888861528,18.334241579961526,-104.63981940461767,1406.2944553138423,657.5864103560894,0.0,0.0,0.0,0.0,0.0,0.0,0.0,0.0,0.0,0.0,0.0,0.0,0.0,0.0,0.0,0.0,0.0,0.0,0.0,0.0,0.0,0.0,1.5081463958248292,0.4603621476876768,470.47972479107838,550.7329721212782,14982.313011482076,0.4103801123142863,0.06263432727629523,401.83710516133268,472.70216631077997,11680.761514676826,1.2284775306529306,0.23213861123449187,573.6569457609048,670.4441295204025,18755.84950646454,0.34905641182504157,0.065959261493772,369.784645197345,434.2105539839164,11118.389852456352,0.0,0.0,14.572468702240219,17.45771915770427,276.22626542125075,0.0,0.0,18.016576058592617,21.24245638372522,502.5722670968038,0.0,0.0,97.30098277370333,115.20017923976562,2483.083533679944,0.0,0.0,35.878231332925327,42.64298664165137,843.9042323030006,0.0,0.0,31.083953276466308,36.65289217124526,870.2591575604743,37.23069028570306,25.535452870852589,762.3376383242257,899.2530686154887,21981.744291116236,0.0,0.0,51.16615093664864,61.81080135431756,734.1347273503589,1872.6284332191222,21.442004180129666,32.294158021219647,22.0,30.0,0.0,19.998756454947185,35.26632277685215,16.0,30.0,4105.760783743361,21.91744493690593,31.381640063150134,22.0,30.0,0.0,20.531076004993524,34.142435309287417,16.0,30.0,0.0,14.720732493289333,48.82640515165693,12.0,30.0,954.8747326058597,19.39407087195449,36.38183799968023,19.5,30.0,0.0,18.12327787882063,39.55831273436483,10.0,30.0,857.9533098815241,17.079916281048864,41.84941219703384,16.75,30.0,0.0,19.390224652043835,36.353945883352839,19.0,30.0,0.0,19.189832097541819,0.0,0.0,0.0,12.361542991828557,0.0,0.0,464.8961472526194,468.37590417182516,464.28135728206976,465.37834306017967,527.8612893887342,688.2454832314347,488.60236942531517,605.3240945327157,649.2527768473447,10067.971925511201,81.34773929131004,84.81735553834908,60.0,0.0,60.0,60.0,16.0,16.0,19.0,19.0,16.0,12.0,21.0,10.0,1.0,0.0,1872.6284332191222,0.0,4105.760783743361,0.0,954.8747326058597,0.0,857.9533098815241,0.0,5250.865157925839,3150519.0947555035,4107059.078273656,81.34773929131004,84.87628114055926,0.34502883859752805,0.7664213546066455,0.36028137401965956,84.87628114055926,0.3542647819438875,4107059.078273656,0.2141270720702301 
 03/25  07:10:00,5.383333333333333,97.16666666666667,3.855,13.0,1.3333333333333335,0.0,0.0,0.0,2.0,2.0,0.0,0.0,0.0,0.0,0.0,2872.0,0.0,18.55052366480769,4.784848347262261,12.261000277125583,0.5562416690003128,14.805119443697209,0.0,4.784848347262258,6.54125045280785,0.0,0.0,19.966722311883495,-1235.9452203396496,18.9217337427001,692.2830345454054,20.474816306284958,-1728.5216205629527,19.167288231133236,582.3204363405325,14.669352941639865,44.593585875203348,18.62329393543405,-55.23534681663736,17.226594356593965,363.9598965290231,15.80961822417636,-392.5026587669344,18.83976748750392,-142.87389868053934,1353.6316719170609,833.5210380395943,0.0,0.0,0.0,0.0,0.0,0.0,0.0,0.0,0.0,0.0,0.0,0.0,0.0,0.0,0.0,0.0,0.0,0.0,0.0,0.0,0.0,0.0,1.552413709392361,0.4738747586667769,445.57425023596616,521.9652766572962,14036.681935627974,0.3706584031431714,0.05657179535152189,325.0620588032617,382.20665351409846,9517.21980878267,1.3493136776741528,0.2549723502785626,396.7275568588392,463.813553572704,12713.9943521823,0.33364279205140348,0.06304663493034832,279.35466554523728,327.9015996792948,8355.849539886436,0.0,0.0,14.034130108372084,16.8111610533321,265.7018170882818,0.0,0.0,16.46929794250032,19.3983104754026,463.81630188279748,0.0,0.0,102.83937363755239,121.68153879562998,2664.0647288514367,0.0,0.0,48.22229147217272,57.413721143650288,1080.3137900934549,0.0,0.0,30.673574331574039,36.04261596644041,895.141634730319,37.10939426259353,25.452259439364576,595.6066478246254,702.4075487447085,17348.651169597786,0.0,0.0,63.62573101582205,76.80245056287015,933.4935954903591,1832.3137468440799,21.32185086075524,32.668719514777567,22.0,30.0,0.0,20.14213287816901,35.111361875998849,16.0,30.0,2345.1198227293555,21.629717251993076,32.07262747382089,21.5,30.0,0.0,20.45772315741395,34.43227917375437,16.0,30.0,0.0,14.742532361379532,48.928005158781129,12.0,30.0,0.0,19.561496326020277,37.596997658245239,19.0,30.0,0.0,18.357791474879585,39.12620067011673,10.0,30.0,674.6140010379802,16.525508277462657,43.68377860312951,16.25,30.0,1461.7593468651463,19.93993097334221,36.34348991270321,19.75,30.0,0.0,19.17268060497075,0.0,0.0,0.0,12.561742583163494,0.0,0.0,470.3579684630447,473.1904641240098,470.17873963294496,472.792443636909,520.662593539131,732.1947986208526,490.9307825230637,561.5228978522039,685.8168722412413,10664.832046446738,80.95276405034645,86.684455660205,60.0,0.0,60.0,60.0,16.0,16.0,19.0,19.0,16.0,12.0,21.0,10.0,1.0,0.0,1832.3137468440799,0.0,2345.1198227293555,0.0,0.0,0.0,674.6140010379802,1461.7593468651463,8673.346503938868,5204007.902363321,6794509.844768848,80.95276405034645,86.78179881165072,0.3741115501312956,0.7665387245077542,0.36028137401965956,86.78179881165072,0.3542647819438875,6794509.844768848,0.35387451192798016 
 03/25  07:20:00,5.416666666666667,97.33333333333334,3.8500000000000007,15.000000000000002,1.6666666666666668,0.0,0.0,0.0,2.0,2.0,0.0,0.0,0.0,0.0,0.0,2872.0,0.0,21.44829673971628,5.504475275371525,14.105018965798749,0.6431320886359848,17.117824162569876,0.0,5.504475275371521,7.525035021871734,0.0,0.0,20.123008363863638,-1472.997875484618,18.987721656959516,829.20237236405,20.479329126728766,-1567.2235452161336,19.25019926252754,587.7912863065576,14.679152460293097,47.15911085157721,18.466720626704757,-51.505440233260319,17.329164354367174,428.76105693337186,15.907961595084914,-343.48968880717168,18.620411515464285,-103.50698081852576,1347.5895124351515,754.522393212396,0.0,0.0,0.0,0.0,0.0,0.0,0.0,0.0,0.0,0.0,0.0,0.0,0.0,0.0,0.0,0.0,0.0,0.0,0.0,0.0,0.0,0.0,1.524718507227024,0.46542078975183889,469.7217210741211,549.8042395951504,14871.071831909758,0.378306185946656,0.057739039369147749,348.9046811177428,410.120527486843,10227.763399659814,1.3681755025757474,0.25853656511257519,374.20685720330769,437.8458694539345,11991.022527791229,0.3368184672487069,0.06364672472575714,274.8334169444781,322.6915931961812,8253.188302711107,0.0,0.0,14.201079216371542,17.010772990463694,268.4647626432726,0.0,0.0,16.802357902669667,19.812725740235906,460.5840067577465,0.0,0.0,101.17453109112438,119.64110883537919,2636.7268461493715,0.0,0.0,42.03031767958863,50.00717476294298,951.1733292535677,0.0,0.0,30.479639307231737,35.87856837632139,866.0510674199396,37.127410483555689,25.46461624386536,615.4425509140251,725.7740408706941,17946.373423184566,0.0,0.0,58.371447634330518,70.43982733148802,857.599264810118,1843.6261511161302,21.427179524356214,32.62155421061486,22.0,30.0,0.0,20.188687647635179,35.21063888339798,16.0,30.0,2388.510394099405,21.735825129756266,32.030615767319648,21.75,30.0,0.0,20.53433885631191,34.46062729515999,16.0,30.0,0.0,14.761985465222125,49.164459703512907,12.0,30.0,483.96842299084417,19.190538562365157,40.14202998074467,19.25,30.0,0.0,18.47236077498294,39.107225463492827,10.0,30.0,368.03274586053149,16.70003418786945,43.816834889313977,16.5,30.0,0.0,19.728530306471936,38.17054503345572,19.0,30.0,0.0,19.22856997506352,0.0,0.0,0.0,12.605868426764319,0.0,0.0,473.7880157037966,478.8026470463034,474.5056696932225,475.86390740903706,519.3633007222258,769.7375478857817,491.5174893224845,569.3279341826419,699.4347220056258,10411.254490376956,81.1206897652099,84.74630550984847,60.0,0.0,60.0,60.0,16.0,16.0,19.0,19.0,16.0,12.0,21.0,10.0,1.0,0.0,1843.6261511161302,0.0,2388.510394099405,0.0,483.96842299084417,0.0,368.03274586053149,0.0,5486.700368295544,3292020.2209773266,4313823.213139632,81.1206897652099,84.8078805014107,0.3528900122765182,0.7656764743870944,0.36028137401965956,84.8078805014107,0.3542647819438875,4313823.213139632,0.22487880708326087 
 03/25  07:30:00,5.449999999999999,97.5,3.8449999999999999,17.0,2.0,0.0,0.0,0.0,2.0,2.0,0.0,0.0,0.0,0.0,0.0,2872.0,0.0,24.356859784116226,6.207760502988801,15.907163083301477,0.7303460569690508,19.439140423077679,0.0,6.2077605029887989,8.48647924742107,0.0,0.0,20.1091965479875,-1177.7989707585767,19.118230773634595,664.4406126582958,20.51554314770555,-1762.6647230757758,19.25370219641961,648.8579671526018,14.68729711529744,45.98065841324967,18.784180787313248,-58.32051233358099,17.445292038420957,367.11322767433549,16.128756316029045,-371.0321438865684,18.56790050207815,-83.45240715349627,1342.3128990138267,737.2539160507805,0.0,0.0,0.0,0.0,0.0,0.0,0.0,0.0,0.0,0.0,0.0,0.0,0.0,0.0,0.0,0.0,0.0,0.0,0.0,0.0,0.0,0.0,1.537184115616891,0.4692259205179765,412.95989542902046,483.81666729657106,12967.016650113961,0.3708520939003464,0.056601357432897809,319.58465756039768,375.66418609029696,9445.142208912954,1.3599722749346246,0.25698644651070015,398.8329986278512,466.4688429060466,12733.217799537837,0.34100468792177088,0.06443777171613202,298.2105640472746,350.1749818675011,8888.734873764071,0.0,0.0,13.913305742550359,16.667342248046535,262.4910138107859,0.0,0.0,15.720487940132309,18.49675406435818,449.7805861115364,0.0,0.0,100.41244612904623,118.72627889493485,2635.9981906400028,0.0,0.0,42.81157854487805,50.90330959022833,991.09924338191,0.0,0.0,24.87595936953297,29.288391286958878,699.5841623736066,37.05587049164665,25.41554903405121,610.0295921916136,719.4713794502579,17790.737208572267,0.0,0.0,58.31626365731607,70.39014439541229,854.8973381479382,1900.9709078314846,21.34319771697768,33.001406347958809,22.0,30.0,0.0,20.338440197968187,35.092235462878019,16.0,30.0,2340.8286178722275,21.510987845075506,32.680293530454068,21.5,30.0,0.0,20.468262759111938,34.828673769983129,16.0,30.0,0.0,14.776361712884484,49.49532442268544,12.0,30.0,516.6012267499276,19.851993943619605,39.63432646408258,19.5,30.0,0.0,18.605194846738024,39.072733985127317,10.0,30.0,982.6925530133036,17.00611080207132,43.5138113983439,16.5,30.0,880.9180649121821,19.570397644488705,39.49259933441434,19.25,30.0,0.0,19.261602925952805,0.0,0.0,0.0,12.620672463411426,0.0,0.0,478.7609020983838,482.8988589664907,479.04578089686899,482.06326993438838,519.7743565200593,798.3027267580267,496.24369700450895,564.5021864577072,725.1582109085039,9311.632327109684,81.84787216667944,83.64773740647238,60.0,0.0,60.0,60.0,16.0,16.0,19.0,19.0,16.0,12.0,21.0,10.0,1.0,0.0,1900.9709078314846,0.0,2340.8286178722275,0.0,516.6012267499276,0.0,982.6925530133036,880.9180649121821,2723.787173629449,1634272.3041776696,2122029.572748831,81.84787216667944,83.6783050933866,0.3457929057876483,0.7687453212919295,0.36028137401965956,83.6783050933866,0.3542647819438875,2122029.572748831,0.11090553778293923 
 03/25  07:40:00,5.483333333333333,97.66666666666666,3.84,21.833333333333333,2.0,0.0,0.0,0.0,2.0,2.0,0.0,0.0,0.0,0.0,0.0,2872.0,0.0,31.33211130522738,7.857829704720795,20.13540784633178,0.9395004610183579,25.006067476180144,0.0,7.857829704720791,10.742248945779306,0.0,0.0,20.263295823679024,-1505.3156966648344,19.12077032489226,787.6445790992907,20.27321225467499,-1406.4661329160677,19.34517640860723,569.2505597780614,14.69421323311673,49.601089583399687,18.44234522729184,-43.91904433581493,17.46523052724205,364.0057857662654,15.770917754881161,-364.4804551107723,18.575555387859688,-112.04962155048816,1316.25972001024,849.0660371290404,0.0,0.0,0.0,0.0,0.0,0.0,0.0,0.0,0.0,0.0,0.0,0.0,0.0,0.0,0.0,0.0,0.0,0.0,0.0,0.0,0.0,0.0,1.5234104229293964,0.46502149662069489,465.3825325300668,544.6278175904215,14717.620944070057,0.37280651359497976,0.056899651037084827,337.1979455218425,396.2397570474541,9900.279278555081,1.4118567645689684,0.2667907718384295,360.0874751776836,421.47928234761369,11405.700439717499,0.33832342943539248,0.06393110911477558,262.19725964539449,307.8077919423562,7857.449153876163,0.0,0.0,14.221011901429382,17.034180459055546,267.6841131640072,0.0,0.0,16.37264393263999,19.30137600531897,448.65166628236548,0.0,0.0,107.83903657982343,127.4889567735137,2814.3587740930677,0.0,0.0,51.488467558267419,61.35240859718684,1118.5366937942857,0.0,0.0,31.467335270077205,37.078117399821469,877.1259255428121,37.03183475224585,25.399063616080839,596.7301149258435,703.5542387846183,17408.5307113157,0.0,0.0,67.38010684698,81.26830730851599,1004.9634580304901,1813.4085638857483,21.49061419247471,32.90869752806023,22.0,30.0,0.0,20.2775005309186,35.47764457438505,16.0,30.0,1517.6696593914647,21.489493203578733,32.9291426508046,21.5,30.0,0.0,20.555221746379915,34.847943620788068,16.0,30.0,0.0,14.787841581885424,49.90194896643601,12.0,30.0,0.0,19.2471869448656,41.99031929604304,19.0,30.0,0.0,18.560103545517593,39.51967225016413,10.0,30.0,388.5082665975259,16.270772395027586,46.301831422739748,16.25,30.0,0.0,19.481043145681789,40.22095442098788,19.0,30.0,0.0,19.25535437102826,0.0,0.0,0.0,12.783881742485649,0.0,0.0,482.0002005968114,487.52913992887218,482.7915674903095,484.6725384731504,523.1629693434406,817.3548613566575,502.9519898057449,575.6718873515996,727.0070727286711,9371.837349210855,81.80806774438365,83.50079156599891,60.0,0.0,60.0,60.0,16.0,16.0,19.0,19.0,16.0,12.0,21.0,10.0,1.0,0.0,1813.4085638857483,0.0,1517.6696593914647,0.0,0.0,0.0,388.5082665975259,0.0,2561.806498262025,1537083.898957215,1988969.7967002996,81.80806774438365,83.52953963594739,0.34039354994206758,0.7676737740330991,0.36028137401965956,83.52953963594739,0.3542647819438875,1988969.7967002996,0.10398642942841559 
 03/25  07:50:00,5.516666666666667,97.83333333333334,3.835,26.666666666666666,2.0,0.0,0.0,0.0,2.0,2.0,0.0,0.0,0.0,0.0,0.0,2872.0,0.0,38.335775162422837,9.51920553532203,24.392625203567659,1.14950679308846,30.595670089582545,0.0,9.519205535322025,13.013475663011077,0.0,0.0,20.367837660231588,-1200.5941405569216,19.22326705720932,749.5468102569425,20.53986356512792,-2248.3164354260304,19.462140915019316,781.9929651864068,14.700138873732544,46.53963052408545,18.697686390797956,-50.44137750153682,17.56554219396737,407.33243800077198,16.376561223480374,-344.70095218906297,18.581815466341565,-60.319446188948379,1357.6704299202039,662.6232610627546,0.0,0.0,0.0,0.0,0.0,0.0,0.0,0.0,0.0,0.0,0.0,0.0,0.0,0.0,0.0,0.0,0.0,0.0,0.0,0.0,0.0,0.0,1.5279198271130002,0.46639799362423697,432.3895169213167,505.9611199388181,13763.954247670383,0.38954533727377435,0.05945441655582637,360.39947169837418,423.45271136298126,10626.283317219559,1.3072073808511844,0.24701575601874244,502.75305503430237,588.4883762257174,15932.288112975404,0.3562140689471222,0.06731180441177667,351.1234571335051,412.1261879113756,10579.692987662942,0.0,0.0,13.947789494807792,16.70622894302914,261.8307095289129,0.0,0.0,15.4587168306259,18.192398132851325,435.4544513900927,0.0,0.0,98.90683436641685,116.89674465164356,2600.2908293489606,0.0,0.0,36.87329864469348,43.78641918861349,872.3352420695006,0.0,0.0,21.96075545846582,25.85857275878679,612.3914902347806,37.0682182974361,25.424018036650286,703.2919691011548,829.113095539712,20446.22185175352,0.0,0.0,52.50731262418808,63.37598146161831,761.1171010507435,1878.2254254345394,21.599284430442045,32.92540110894821,22.0,30.0,0.0,20.385863951987916,35.499827080957427,16.0,30.0,2820.0345228074559,21.58750479970948,32.98611656127555,21.75,30.0,0.0,20.72353987270083,34.77643324935006,16.0,30.0,0.0,14.795425616790326,50.29108957495582,12.0,30.0,981.3482061875225,19.670439704544454,41.523929506462398,19.75,30.0,0.0,18.69821764040108,39.43481464399016,10.0,30.0,1018.4790274413654,17.32379853319018,43.54665756626471,16.75,30.0,944.66743156797,19.50128569831465,40.82096060012657,19.5,30.0,0.0,19.424413517145518,0.0,0.0,0.0,12.607530916936409,0.0,0.0,487.3357304871852,492.6302824266357,486.8455982865959,490.32002792277299,524.73984061498,836.3550421091666,501.22295248064867,567.6455775065108,750.7927678121146,11232.191325671265,80.57762415985443,86.34365096287337,60.0,0.0,60.0,60.0,16.0,16.0,19.0,19.0,16.0,12.0,21.0,10.0,1.0,0.0,1878.2254254345394,0.0,2820.0345228074559,0.0,981.3482061875225,0.0,1018.4790274413654,944.66743156797,8725.23589571805,5235141.53743083,6833287.796394539,80.57762415985443,86.44157723988396,0.37584119652393507,0.7659057755157996,0.36028137401965956,86.44157723988396,0.3542647819438875,6833287.796394539,0.355880965412516 
 03/25  08:00:00,5.55,98.0,3.83,31.5,2.0,0.0,0.0,0.0,2.0,2.0,0.0,0.0,0.0,0.0,0.0,3590.0,0.0,45.35641396594424,11.190871616212063,28.676210741402984,1.3600221089715643,36.19882020831396,0.0,11.190871616212057,15.298769932540433,0.0,0.0,20.36262758648169,-1433.0125481237545,19.295186822745586,687.3037415997377,20.526617972345038,-1361.3128797187517,19.515785149450609,514.7268577080066,14.707355912885593,49.57674412756085,18.67900808539153,-45.74038228686027,17.64466273333434,351.692941419368,15.828037665254552,-339.0688215519159,18.650394001743693,-86.28293808220067,1329.0102964058024,789.0765107004916,0.0,0.0,0.0,0.0,0.0,0.0,0.0,0.0,0.0,0.0,0.0,0.0,0.0,0.0,0.0,0.0,0.0,0.0,0.0,0.0,0.0,0.0,1.5475128693191414,0.4723787757384437,440.8833081952299,516.1164849718041,13925.105446160409,0.37262802270732939,0.056872408838114989,331.6740382273798,389.72184871864496,9791.821855000482,1.381149541848799,0.26098819762826899,358.86807972175179,420.13374852621828,11342.124474092478,0.3379168298052656,0.06385427622926408,282.17532706420016,331.2757308029672,8480.741774846607,0.0,0.0,14.137642385266455,16.93826608069462,264.7457608887589,0.0,0.0,15.768781119070466,18.572549767164288,439.9594469274957,0.0,0.0,103.73749272527884,122.58507639559142,2733.8052160525505,0.0,0.0,46.50960808980726,55.40428890621405,1011.3977545166316,0.0,0.0,27.405473305386857,32.286704358873617,762.7036198337607,36.96827213511717,25.355467856733325,605.7936660521859,714.2594831218312,17738.10696317535,0.0,0.0,62.224556700335899,75.05586436750289,918.5834203190834,1794.4314311138342,21.512295115503809,33.24115517229732,22.0,30.0,0.0,20.441568006255339,35.52193466711667,16.0,30.0,1898.7754763607396,21.459526894243468,33.374392707051658,21.400000000000003,30.0,0.0,20.709546404100889,34.939125954923067,16.0,30.0,0.0,14.806172558833849,50.578955191654419,12.000000000000002,30.0,0.0,19.578165120418107,42.22035137667948,19.0,30.0,0.0,18.76459406758196,39.45612052522609,10.0,30.0,67.37991240951608,16.399126737828249,46.48211908830263,16.0,30.0,0.0,19.544200456518519,41.02601830204969,19.0,30.0,0.0,19.430977590650057,0.0,0.0,0.0,12.770554909482389,0.0,0.0,489.3041583315675,494.6955317102346,489.8957640522361,492.53940848148945,525.4607366746291,842.1271296039287,505.49564446255507,569.5482130098668,752.4124816242583,9070.42300676124,82.00740406508953,83.37594843478149,60.0,0.0,60.0,60.0,16.0,16.0,19.0,19.0,16.0,12.0,21.0,10.0,1.0,0.0,1794.4314311138342,0.0,1898.7754763607396,0.0,0.0,0.0,67.37991240951608,0.0,2071.164371509704,1242698.6229058223,1611847.933605192,82.00740406508953,83.39919086143439,0.3410388123836568,0.7690132575754813,0.36028137401965956,83.39919086143439,0.35426478194388757,1611847.933605192,0.08435609254746997 
 03/25  08:10:00,5.593333333333334,98.0,3.8083333333333337,36.333333333333339,2.0,0.0,0.0,0.0,2.0,2.0,0.0,0.0,0.0,0.0,0.0,2872.0,0.0,52.39687179569157,12.875344720500785,32.992613548711897,1.5711316868107588,41.817787659959488,0.0,12.875344720500776,17.601572374017125,0.0,0.0,20.496500458322534,-1243.9676441033426,19.355355455434475,729.154602083921,20.64199230523509,-2107.853150947378,19.554797079655829,706.8337517856467,14.714921925965444,47.87047412237507,18.38302898251127,-27.202320764003177,17.680347590636086,386.8909542941161,16.230875345387937,-357.7712576129551,18.617998241861714,-55.92710704031688,1359.2565985875772,721.5104711983428,0.0,0.0,0.0,0.0,0.0,0.0,0.0,0.0,0.0,0.0,0.0,0.0,0.0,0.0,0.0,0.0,0.0,0.0,0.0,0.0,0.0,0.0,1.531813889536024,0.46758665736752877,422.0071568223361,493.6336318861674,13453.608216325716,0.38385270565354459,0.05858557778595003,350.43095399415668,411.59311964239739,10346.740957588745,1.3570321773078023,0.25643087250714338,467.5149426207116,546.7245783720083,14937.560014897306,0.35245387390478769,0.06660126113091225,333.72944760002727,391.61580494869409,10019.13768350144,0.0,0.0,13.747145402171123,16.467189392740687,256.5302974325323,0.0,0.0,14.92175809892504,17.60022821480102,401.0967802916718,0.0,0.0,105.13461702952732,124.22513072011108,2765.7761345378705,0.0,0.0,43.11800201771111,51.27605972324434,984.5905510953248,0.0,0.0,20.98471006427574,24.757262918869569,569.5990400282888,36.969379322471798,25.3562272444937,676.2418765328816,796.7602238071506,19780.75481132925,0.0,0.0,58.86038589749097,71.0066285421655,868.1791203163648,1865.516964596385,21.6958298331978,32.989989035281819,22.0,30.0,0.0,20.485322853920729,35.57455299425371,16.0,30.0,2734.5644270310506,21.75383109458072,32.90210680798428,21.75,30.0,0.0,20.744684255330886,35.002905813197077,16.0,30.0,0.0,14.816300558476467,50.87308004752919,12.0,30.0,56.09183036930756,19.083652139695336,44.022786111356598,19.0,30.0,0.0,18.784258545954708,39.586309619392277,10.0,30.0,1031.0337052613502,16.99439221394137,45.0711923071178,16.75,30.0,774.7547394633357,19.26279239083515,42.107699414611698,19.25,30.0,0.0,19.559979011193059,0.0,0.0,0.0,12.807808738009787,0.0,0.0,491.4006537369232,497.5348655930919,491.5141332892779,495.52604770084778,528.9840926842433,855.7453749549278,507.91148466653666,574.0830135175355,763.6411155842394,10511.873378270355,81.05401141181364,86.58286625482144,60.0,0.0,60.0,60.0,16.0,16.0,19.0,19.0,16.0,12.0,21.0,10.0,1.0,0.0,1865.516964596385,0.0,2734.5644270310506,0.0,56.09183036930756,0.0,1031.0337052613502,774.7547394633357,8366.708813322042,5020025.287993225,6569388.465952512,81.05401141181364,86.67676456459417,0.36389029377740148,0.7641227698220321,0.36028137401965956,86.67676456459417,0.3542647819438875,6569388.465952512,0.34213820022953059 
 03/25  08:20:00,5.636666666666667,98.0,3.786666666666667,41.16666666666667,2.0,0.0,0.0,0.0,2.0,2.0,0.0,0.0,0.0,0.0,0.0,2872.0,0.0,59.4560365195507,14.57403675761284,37.34545156333799,1.782802179816829,47.45168486319817,0.0,14.574036757612833,19.92381317466821,0.0,0.0,20.513672570462306,-1321.4061316459084,19.378618312164993,610.1213207250976,20.621728620124779,-1554.8686674362876,19.573969043022726,536.3551411669821,14.722712342947118,51.78421971199626,19.119195367234015,-65.98340437710212,17.69148465915451,299.83527744746439,16.070414258034114,-371.389960317711,18.84810337413779,-123.34481523496089,1272.0338816587174,848.7595645838226,0.0,0.0,0.0,0.0,0.0,0.0,0.0,0.0,0.0,0.0,0.0,0.0,0.0,0.0,0.0,0.0,0.0,0.0,0.0,0.0,0.0,0.0,1.5130288965780845,0.46185253253299288,412.6432403881436,482.9721680160451,12963.356710236858,0.35511277662788989,0.054199141731973429,293.4403588417657,344.5621099893806,8630.737643911718,1.4214759941040954,0.26860846449434919,413.9541295550682,484.2752867385349,13038.531885239901,0.3426997309194475,0.06475807462574593,298.86394460365468,350.6882713855493,8920.592865540872,0.0,0.0,14.100142398531862,16.888412246064019,262.21223176483059,0.0,0.0,16.25764368253664,19.10225821107436,468.83409796801007,0.0,0.0,101.39354847419385,119.82416369814014,2649.0776020845116,0.0,0.0,50.847897993532999,60.532785026355217,1123.4820462113574,0.0,0.0,33.45533582416654,39.369935879079978,945.2875853214622,36.631953101976367,25.124796366238944,590.9622217609451,696.4539298535881,17171.39154638795,0.0,0.0,66.45337380352147,80.11043634827365,998.0655609337491,1824.2280374660289,21.63302758689793,33.374520127978559,22.0,30.0,0.0,20.449890591204789,35.87970564310775,16.0,30.0,2104.5400519043157,21.52181759729959,33.608189366177359,21.5,30.0,0.0,20.679640267188299,35.343894393101738,16.0,30.0,0.0,14.827054241167727,51.16631221772376,12.0,30.0,1297.646451654037,20.146383543823175,41.44347169287641,19.75,30.0,0.0,18.7298364804193,40.02303617575411,10.0,30.0,598.3012484824826,16.6366389971641,46.48213863057279,16.25,30.0,362.0694483383048,19.849693233301666,40.72253535172457,19.5,30.0,0.0,19.374168086655254,0.0,0.0,0.0,12.992019339096102,0.0,0.0,496.0280207868082,500.1837460576515,495.3799620184763,497.7947104212644,531.9570224900592,862.814827761731,513.4356956962331,578.3573353257314,755.4461030375958,9521.983779704908,81.70867792789962,83.61032664424975,60.0,0.0,60.0,60.0,16.0,16.0,19.0,19.0,16.0,12.0,21.0,10.0,1.0,0.0,1824.2280374660289,0.0,2104.5400519043157,0.0,1297.646451654037,0.0,598.3012484824826,362.0694483383048,2877.648769117643,1726589.2614705859,2234702.1187992419,81.70867792789962,83.64262295249387,0.3509216256372548,0.7691494052276541,0.36028137401965956,83.64262295249387,0.3542647819438875,2234702.1187992419,0.11673451017756057 
 03/25  08:30:00,5.68,98.0,3.765,46.0,2.0,0.0,0.0,0.0,2.0,2.0,0.0,0.0,0.0,0.0,0.0,2154.0,0.0,66.53301712979803,16.28804797948778,41.73754411836566,1.9950068715012864,53.09980071365748,0.0,16.288047979487769,22.266996462310375,0.0,0.0,20.4899135511226,-1328.799297373283,19.418614620479155,534.822126598227,20.715930542931149,-1625.600684814608,19.596719853531505,494.11476243158099,14.733212661053539,49.37604865421804,18.920324080800297,-52.1488950784007,17.71329410306982,306.21994257776557,16.005349102105556,-340.6280880451368,18.4693781603324,-74.69951180835564,1260.6850494814549,787.4892440961647,0.0,0.0,0.0,0.0,0.0,0.0,0.0,0.0,0.0,0.0,0.0,0.0,0.0,0.0,0.0,0.0,0.0,0.0,0.0,0.0,0.0,0.0,1.5241427319261694,0.4652450341654973,411.7116854098583,481.8483018861376,12932.160539574059,0.35447653333559617,0.05410203500238035,299.10793137019206,351.33742549661289,8774.326065052117,1.3979124494175895,0.26415579165109406,365.3760108828267,427.0100731371891,11588.962597159436,0.3346075405067621,0.0632289381154123,275.46852542156128,323.1730350900656,8199.016142114502,0.0,0.0,13.784126848391848,16.506383060536665,255.5365341981797,0.0,0.0,15.137048061812166,17.80420792464682,426.84444869743427,0.0,0.0,103.3815818441235,122.13587160921597,2693.3443661571557,0.0,0.0,48.963513452096567,58.28957189542629,1061.9467419652438,0.0,0.0,26.387442363598919,31.1155696792534,712.1454326740774,36.523929371702937,25.05070601625716,567.2096741672706,668.4908105700276,16482.115695805613,0.0,0.0,64.49912690937753,77.71150016572838,964.1303815983124,1866.0778886235412,21.568894380158278,33.58000197784554,21.999999999999994,29.99999999999999,0.0,20.470480644244807,35.94252955044394,15.999999999999993,29.99999999999999,2688.5127529704998,21.662277499718635,33.42707171719515,21.666666666666658,29.99999999999999,0.0,20.66494925993735,35.51625626268049,15.999999999999993,29.99999999999999,0.0,14.841394846115549,51.47066806756959,11.999999999999995,29.99999999999999,0.0,19.854132511923479,42.52007934518659,18.999999999999994,29.99999999999999,0.0,18.737926509914318,40.17643559803046,9.999999999999997,29.99999999999999,452.8048964998973,16.45684200786832,47.44395515130071,15.999999999999993,29.99999999999999,0.0,19.2121766660561,42.532801131875448,18.999999999999994,29.99999999999999,0.0,19.394652922477535,0.0,0.0,0.0,13.001940559289789,0.0,0.0,496.6068459576528,501.13218063816989,496.6934982914312,501.082850534306,537.8033565484092,861.3827142722062,517.5158182744248,592.8791276050438,753.4750673975808,8752.520388829871,82.21763813501808,82.21763813501808,59.99999999999998,0.0,59.99999999999998,59.99999999999998,16.0,16.0,19.0,19.0,16.0,12.0,21.0,10.0,1.0,0.0,1866.0778886235412,0.0,2688.5127529704998,0.0,0.0,0.0,452.8048964998973,0.0,0.0,0.0,0.0,82.21763813501808,82.21763813501808,0.3399999999999999,0.7683886248586181,0.36028137401965945,82.21763813501808,0.35426478194388735,0.0,0.0005300000000000001 
 03/25  08:40:00,5.723333333333333,98.0,3.7433333333333338,53.0,2.0,0.0,0.0,0.0,2.0,2.0,0.0,0.0,0.0,0.0,0.0,4308.0,0.0,76.79958672385233,18.79424076579839,48.159573004912747,2.302851997783831,61.2935170698586,0.0,18.79424076579838,25.69315200758653,0.0,0.0,20.47230558020706,-1002.6911446600182,19.386902325409616,621.1615488915513,20.68991376001025,-1888.0099392240946,19.64126817659696,577.7112246714762,14.737616446307092,48.95384507631996,18.615474369053414,-42.48844308250035,17.719872081611304,356.1769377030133,16.7618212335488,-343.4484382528668,19.11245317842223,-98.14085686910824,1261.2038576241569,669.7959680607833,0.0,0.0,0.0,0.0,0.0,0.0,0.0,0.0,0.0,0.0,0.0,0.0,0.0,0.0,0.0,0.0,0.0,0.0,0.0,0.0,0.0,0.0,1.506514836475844,0.45986411369836469,386.90392102639398,453.1697497127844,12059.54890799938,0.3675988167813536,0.056104825516079568,322.55953931830677,379.16524279979617,9376.381057458317,1.318613298405565,0.249171069237635,424.9380962337481,497.33228246528327,13363.356286783326,0.3311566887714519,0.06257684973005506,295.56409794840286,347.00734874362959,8781.74498040163,0.0,0.0,13.893975079155302,16.647908733558777,256.433498510347,0.0,0.0,16.125542733246136,19.007890653619083,436.95844439355985,0.0,0.0,91.18705932852378,107.84206099421897,2363.5939590096288,0.0,0.0,36.314501635321708,43.10561783107435,869.5110504208312,0.0,0.0,28.779508428252407,33.83472184158406,820.818240029591,36.430515490399518,24.98663613881996,610.1581538630637,719.4158021514429,17660.27289420596,0.0,0.0,52.03140776923822,62.77806380467144,765.223179958501,1331.001921658957,21.424908768722028,34.043653485087897,21.666666666666644,29.999999999999969,0.0,20.373846850826629,36.34102763932877,15.999999999999983,29.999999999999969,2023.3969369567445,21.587041915814927,33.72337644968429,21.49999999999998,29.999999999999969,0.0,20.706550567264629,35.5718473155069,15.999999999999983,29.999999999999969,0.0,14.844137301549172,51.721436856387118,11.99999999999999,29.999999999999969,0.0,19.34524914103868,44.26943816837406,18.99999999999998,29.999999999999969,0.0,18.715212660759755,40.37756147432788,9.99999999999999,29.999999999999969,1342.5558357652508,17.756334010390434,43.86586939174946,20.699999999999979,29.999999999999969,1328.0409887834797,19.98074833558043,40.83334929657861,19.49999999999998,29.999999999999969,0.0,19.442810031722585,0.0,0.0,0.0,12.920347072996547,0.0,0.0,498.23323516281308,503.9443597181366,497.88616792725829,500.0678279678077,541.5655396579679,871.8243767160867,515.5288379551145,593.1582879948448,766.7721092935808,10639.610660951705,80.96964212897309,84.67683576867566,59.999999999999939,0.0,59.999999999999939,59.999999999999939,16.0,16.0,19.0,19.0,19.7,12.0,21.0,10.0,1.0,0.0,1331.001921658957,0.0,2023.3969369567445,0.0,0.0,0.0,1342.5558357652508,1328.0409887834797,5610.016350127435,3366009.810076466,4385678.269238912,80.96964212897309,84.73979622371609,0.3570005450042477,0.7669208357756805,0.3602813740196592,84.73979622371609,0.3542647819438871,4385678.269238912,0.2285852700004234 
 03/25  08:50:00,5.766666666666667,98.0,3.7216666666666669,60.0,2.0,0.0,0.0,0.0,2.0,2.0,0.0,0.0,0.0,0.0,0.0,2872.0,0.0,87.12030267161706,21.314508515925234,54.61766818448142,2.612320672506132,69.5304470144011,0.0,21.314508515925224,29.1385490954894,0.0,0.0,20.622068454648063,-1398.3588095495975,19.471936712535276,690.9487703129539,20.669615223757434,-1455.5631260460255,19.695278192563245,537.3789189134341,14.746268617394027,49.43687067385932,18.960776749611477,-53.58559339172888,17.83916688163283,398.0048512464799,17.639430944549838,-186.35882593112835,18.89153835560932,-51.763459770535579,1270.9996894959759,429.4913674121527,0.0,0.0,0.0,0.0,0.0,0.0,0.0,0.0,0.0,0.0,0.0,0.0,0.0,0.0,0.0,0.0,0.0,0.0,0.0,0.0,0.0,0.0,1.4656720006789379,0.44739682560407148,453.0205207569045,530.2617633795438,14207.960832168324,0.3617503884476377,0.05521220824902895,334.488382438298,392.9449216337354,9764.910077061733,1.4177458257179135,0.267903595184791,428.62517078427069,501.7787361680319,13329.996905795208,0.3306228407150638,0.062475971412521497,259.96022702433938,304.94572224049866,7740.4102864782439,0.0,0.0,14.133839948209913,16.93029707556555,259.9548053086774,0.0,0.0,16.32436633698244,19.21574809767218,453.1523648975665,0.0,0.0,79.53840874427122,93.97472554470494,2083.1547300267136,0.0,0.0,19.158688871314728,22.644741719335508,506.36466659215048,0.0,0.0,25.15292295480562,29.615581705043199,704.2853773921389,36.32460933686588,24.913998173433403,636.7405411299274,750.3663590677613,18418.325557425793,0.0,0.0,31.327955004978898,37.84248125386762,443.6218117895771,1866.215202666866,21.669684974700375,33.64255981737462,22.0,30.0,0.0,20.48264274799579,36.22242493923121,16.0,30.0,1868.8601482847517,21.472029903342557,34.085895693781839,21.5,30.0,0.0,20.744190386110686,35.61666242774419,16.0,30.0,0.0,14.8550173909628,51.973112980146918,12.0,30.0,896.9208371610309,19.734840256074507,43.16085605404898,19.5,30.0,0.0,18.90144852675278,39.915609667329167,10.0,30.0,1310.7099402303005,19.224300847926008,40.17103104577599,20.7,30.0,0.0,19.823389206563158,41.458500389392259,19.0,30.0,0.0,19.53643097062102,0.0,0.0,0.0,12.609170546024643,0.0,0.0,499.2422894565723,505.28009957774028,499.1413563361262,502.06214351405057,545.0543696857677,862.5189015319702,504.50674228786365,596.3855374178239,764.0200465474676,11382.660668829865,80.478133273405,86.26269864155421,60.0,0.0,60.0,60.0,16.0,16.0,19.0,19.0,19.7,12.0,21.0,10.0,1.0,0.0,1866.215202666866,0.0,1868.8601482847517,0.0,896.9208371610309,0.0,1310.7099402303005,0.0,8753.29309098659,5251975.8545919549,6865536.536663771,80.478133273405,86.36093976494453,0.3767764363662197,0.7649455450727325,0.36028137401965956,86.36093976494453,0.3542647819438875,6865536.536663771,0.3575278999065161 
 03/25  09:00:00,5.81,98.0,3.7,67.0,2.0,0.0,0.0,0.0,2.0,2.0,0.0,0.0,0.0,0.0,0.0,2872.0,0.0,97.51860320439087,23.842208065535748,61.09480692157922,2.9241156786110849,77.82929633882047,0.0,23.842208065535738,32.59410601672649,0.0,0.0,20.644536245606227,-1433.6072970662772,19.521591268702339,584.5465744824194,20.73355268363983,-1351.5188016394964,19.7108671528458,498.3992642699998,14.746483944903045,40.069109732780038,18.853877828483783,-32.93039598478413,17.911473000588303,349.9774606125525,18.42501451971515,-70.72626811834096,18.544748255133,-101.24609803878502,1227.0583361291356,391.8419917505005,0.0,0.0,0.0,0.0,0.0,0.0,0.0,0.0,0.0,0.0,0.0,0.0,0.0,0.0,0.0,0.0,0.0,0.0,0.0,0.0,0.0,0.0,1.4674429030574863,0.4479373940956918,404.61782149325179,473.65628349530939,12592.694596490504,0.3434225268917812,0.05241491558177369,293.1048238521518,344.18726533891086,8549.907458665248,1.3548602977431575,0.25602046442614476,367.5239044694358,429.91801768662386,11517.94416290337,0.3311674862201902,0.06257889006428384,294.66987473654509,345.7708854898859,8715.44145951291,0.0,0.0,13.298515427659215,15.92974947367266,243.28887237938916,0.0,0.0,13.825419355474957,16.274475783095576,380.7326976272068,0.0,0.0,71.78766339627664,84.77720747551494,1885.1000135830157,0.0,0.0,27.154021729905833,31.88958849494535,794.5408696111579,0.0,0.0,16.786869025482404,19.79415842936494,448.688290358474,36.12957037016301,24.78022659133266,584.5687319282091,688.867677881143,16861.946450174535,0.0,0.0,23.992001637901337,28.97894707300675,324.6382929217713,1864.8353462657747,21.636615044740024,33.950394658438387,22.0,30.0,0.0,20.502906912091576,36.40599503216907,16.0,30.0,1911.0017873708546,21.565644628909547,34.094044107491217,21.5,30.0,0.0,20.71023717796023,35.943174569657447,16.0,30.0,0.0,14.848855417640582,52.272610664126457,12.0,30.0,0.0,19.66505654203882,43.79364409736688,19.0,30.0,0.0,18.975455670443468,39.92263071394911,10.0,30.0,1147.0149598070619,20.56372573168435,36.87984485830657,20.7,30.0,0.0,19.234352388808956,43.813580702780608,19.0,30.0,0.0,19.45022368366093,0.0,0.0,0.0,12.412903013122304,0.0,0.0,500.89058577377946,506.8423233056078,500.44893544527386,506.432742383907,548.2183006517962,877.4384491754621,501.4812405916464,569.4389872689361,802.4411651158237,9248.52479294487,81.88960956227339,83.64165044437742,60.0,0.0,60.0,60.0,16.0,16.0,19.0,19.0,19.7,12.0,21.0,10.0,1.0,0.0,1864.8353462657747,0.0,1911.0017873708546,0.0,0.0,0.0,1147.0149598070619,0.0,2651.4869027078605,1590892.141624716,2060940.7434669869,81.88960956227339,83.67140591493211,0.3433828967569287,0.7712667126068106,0.36028137401965956,83.67140591493211,0.3542647819438875,2060940.7434669869,0.10767891866028331 
 03/25  09:10:00,5.873333333333333,97.33333333333334,3.6633333333333337,74.0,2.0,0.0,0.0,1.0,2.0,0.0,0.0,0.0,0.0,0.0,4.0,3590.0,0.0,107.99021440438338,26.376965415558514,67.5900308640756,3.2381088648437159,86.18665407585881,0.0,26.376965415558499,36.059311486212539,0.0,0.0,20.56020331360193,-1484.639777944828,19.572498794593345,517.6995262989374,20.675569266363305,-1132.8103042308908,19.781169630654099,474.1847074460592,14.747714488644384,41.424626792788007,18.588336919149289,-42.4330432825825,17.351168717944689,-343.60769072976697,18.28669351037459,-90.16003823824218,18.19978616768303,-136.25678239822057,1237.9034271081269,1305.4339300769212,0.0,0.0,0.0,0.0,0.0,0.0,0.0,0.0,0.0,0.0,0.0,0.0,0.0,0.0,0.0,0.0,0.0,0.0,0.0,0.0,0.0,0.0,1.5208540161232778,0.4642411526627832,366.0592177955391,428.80521606913,11323.940470747555,0.3522875179146783,0.05376793618966397,301.02432310374999,353.745404171013,8757.359936587942,1.29791017964033,0.24525891527595063,285.49566512094295,334.2887619746127,8853.668253902952,0.3197361202071508,0.06041876799076923,282.26528467133928,331.3172672898728,8353.543688727308,0.0,0.0,13.297619029307372,15.934167644428302,241.54644246096729,0.0,0.0,14.898864270058202,17.571546090839055,396.0379115972874,0.0,0.0,186.03852525199637,220.61670527912978,4428.478696433562,0.0,0.0,29.04315233494795,34.17113657061181,817.7231955483045,0.0,0.0,120.35394182689943,142.26235222122058,3070.8746680321185,36.05656356447942,24.73015333640565,575.4470866422622,678.4215104299475,16625.69012340557,0.0,0.0,120.74848622807903,145.16688493379849,1931.836238943277,1839.6802163975677,21.47750246556923,34.57310275558078,22.0,30.0,0.0,20.544402800853946,36.549937709388768,16.0,30.0,1272.4397619708416,21.529427732562124,35.094863352259547,21.400000000000003,30.0,0.0,20.794505411600473,36.39867864218017,19.0,30.0,0.0,14.847516145589195,52.71837578498,12.000000000000002,30.0,0.0,19.217682175520879,45.4889743046489,19.0,30.0,0.0,17.806502922514114,44.32756186338347,10.0,30.0,519.3002739243418,20.04370800736347,39.2357524849081,20.1,30.0,0.0,18.678868947341845,42.482398424928188,12.000000000000002,30.0,0.0,19.54335770071573,0.0,0.0,0.0,13.700238611335653,0.0,0.0,514.1119260989485,514.0499710315839,547.9812315693384,534.3090414574733,561.7730251902799,896.8631287795179,585.7871925130772,624.9681576126635,619.9515211168946,9259.634147968438,81.88224404988232,83.38765400415676,220.0,0.0,220.0,220.0,16.0,19.0,19.0,12.0,19.7,12.0,21.0,10.0,1.0,0.0,1839.6802163975677,0.0,1272.4397619708416,0.0,0.0,0.0,519.3002739243418,0.0,2278.0712158727326,1366842.7295236395,1772388.5735558046,81.88224404988232,83.41322086279841,0.3479357071957578,0.7679780311658133,0.36028137401965956,83.41322086279841,0.35426478194388757,1772388.5735558046,0.09399753915823518 
 03/25  09:20:00,5.936666666666667,96.66666666666667,3.626666666666667,81.00000000000002,2.0,0.0,0.0,1.0,2.0,0.0,0.0,0.0,0.0,0.0,4.0,1436.0,0.0,118.52839740375627,28.918463078066677,74.10252646649043,3.5540981697226829,94.59714200899819,0.0,28.91846307806666,39.533731473881257,0.0,0.0,20.588505733843378,-1557.2891304393953,19.56345970535826,546.3729834473888,20.607088700987544,-775.395471873615,19.691051301164874,270.85146042477666,14.748892155375179,39.26442936808033,18.848881478725116,-77.63648296015805,16.791242035527657,-39.95726844355022,18.71868404702254,-237.61130239093496,17.7896260000699,-178.19136800739399,1190.7251399586695,1334.329787852123,0.0,0.0,0.0,0.0,0.0,0.0,0.0,0.0,0.0,0.0,0.0,0.0,0.0,0.0,0.0,0.0,0.0,0.0,0.0,0.0,0.0,0.0,1.4077172757893209,0.4297061281408183,374.2924544991153,437.82980157476637,11530.595095005106,0.3340374321444703,0.05098251406356384,304.30839781224656,357.1719890655542,8784.33051847987,1.339752387392616,0.25316560608326085,219.11136706384714,256.57280101324116,6709.856595124062,0.3030038432275597,0.05725696206114127,219.39704910838129,257.5460789906431,6385.6441505799989,0.0,0.0,13.476081585489857,16.126086230216097,243.0809538423223,0.0,0.0,15.937235305626333,18.746046480660234,432.01831076370146,0.0,0.0,217.623005164009,258.5082876729076,4798.84095300284,0.0,0.0,40.35770655462959,47.285735396716209,1187.0578355915455,0.0,0.0,139.56235025665547,165.17354808146275,3368.348910182647,35.72729126232099,24.504314994733197,516.095550057342,608.0447954243051,14824.971407919173,0.0,0.0,148.2632261715657,177.59066084007285,2569.978264802612,1919.9565161260567,21.479068879009526,34.73125824922773,22.0,30.0,0.0,20.488605541674475,36.914064801522957,16.0,30.0,1335.7650422256589,21.491653412543088,35.58224480941231,21.5,30.0,0.0,20.57416055661819,37.26997148741474,19.0,30.0,0.0,14.845395945830188,53.381640431711328,12.0,30.0,905.1009853015095,19.531471087617886,44.890343353986107,19.5,30.0,0.0,16.91399175963152,47.08583471065419,10.0,30.0,1075.9311915008303,20.79463739193406,38.00830084341038,20.7,30.0,0.0,18.004977626102219,43.86542952861727,12.0,30.0,0.0,19.445376297745644,0.0,0.0,0.0,14.457793734953132,0.0,0.0,521.0080594544354,524.6168269669463,568.7936662936038,551.4988718500933,586.5051346821288,915.6117460711078,591.6551181400623,658.6727563923082,590.7451305642883,10542.859477292128,81.03368366022333,87.88366458354594,220.0,0.0,220.0,220.0,16.0,19.0,19.0,12.0,19.7,12.0,21.0,10.0,1.0,0.0,1919.9565161260567,0.0,1335.7650422256589,0.0,905.1009853015095,0.0,1075.9311915008303,0.0,10366.796851352457,6220078.110811474,8107704.030512841,81.03368366022333,88.0,0.3455598950450819,0.7672324157362159,0.36028137401965956,88.0,0.3542647819438875,8107704.030512841,0.42339727625333448 
 03/25  09:30:00,6.0,96.0,3.59,88.0,2.0,0.0,0.0,1.0,2.0,0.0,0.0,0.0,0.0,0.0,4.0,2872.0,0.0,129.0187798421786,31.347129694020155,80.3258988466573,3.868654198163246,102.96948082518752,0.0,31.34712969402014,42.85390286665167,0.0,0.0,20.55368323097904,-1534.0505553005642,19.574572715099668,496.6314692297515,20.754445413597744,-1371.7741394434584,19.652071997900714,569.5184847008304,14.748826588871243,36.85211577362884,18.933958833975944,-95.50356838654045,16.786313617630765,130.51038003048303,18.443245474235395,-224.2423056749965,17.51218466596321,-156.51244944286078,1194.013889234574,1073.2673468111257,0.0,0.0,0.0,0.0,0.0,0.0,0.0,0.0,0.0,0.0,0.0,0.0,0.0,0.0,0.0,0.0,0.0,0.0,0.0,0.0,0.0,0.0,1.4578036861569426,0.4449950201944269,364.52859059052738,427.0829186368536,11118.107252247879,0.3388054862859486,0.05171023905463196,293.8855597431664,345.3953915484384,8433.552898066373,1.2217368147197195,0.23086485538921387,318.33878093083106,372.55121335410197,9843.208021618631,0.3255565023855358,0.06151861345153736,315.7767596947316,370.89151348703248,9108.77867366277,0.0,0.0,13.247267610037465,15.872242741302042,237.12579888474816,0.0,0.0,16.746641274350769,19.720167785746264,454.8455477713717,0.0,0.0,197.4655770909211,234.8979048380915,4357.331550151818,0.0,0.0,43.721596368838039,51.44864436383145,1222.1175053315747,0.0,0.0,115.93147163847945,137.62831308133736,2698.0816971714755,35.58446677490277,24.406355812690529,602.7733208109397,710.6833057968887,17103.10768351204,0.0,0.0,126.60225917761977,151.98169868954117,2153.971290640483,1871.123713524452,21.37906810456854,35.30026479032415,22.0,30.0,0.0,20.46557870268626,37.28004345528168,16.0,30.0,1516.438002288804,21.59918767005125,35.46753062964897,21.5,30.0,0.0,20.52368269709379,37.83822216294665,19.0,30.0,0.0,14.841066721046606,53.63987754387634,12.0,30.0,0.0,19.649266658989626,44.71764496707245,19.0,30.0,0.0,16.995255358489023,46.88487626828246,10.0,30.0,656.5049751236386,20.066423458577075,39.73691685578035,20.2,30.0,0.0,17.6007748852913,45.081041849764968,12.0,30.0,0.0,19.47665645273184,0.0,0.0,0.0,14.337217830280793,0.0,0.0,537.119075536663,537.7977574147989,568.3992022365205,569.8446974740451,591.9029314157825,916.4802003752918,583.9381379607128,649.5059506259503,587.6946951030342,9419.171210158036,81.77667448015566,83.74705188525062,220.0,0.0,220.0,220.0,16.0,19.0,19.0,12.0,19.7,12.0,21.0,10.0,1.0,0.0,1871.123713524452,0.0,1516.438002288804,0.0,0.0,0.0,656.5049751236386,0.0,2981.5304493356795,1788918.2696014078,2320131.5798287449,81.77667448015566,83.78051543479322,0.3543843483111893,0.7678240267245386,0.36028137401965956,83.78051543479322,0.3542647819438875,2320131.5798287449,0.12240684215109472 
 03/25  09:40:00,6.0633333333333339,95.33333333333334,3.5533333333333338,88.66666666666667,2.1666666666666667,0.0,4.0,0.0,0.0,0.0,0.0,0.0,0.0,0.0,0.0,4308.0,0.0,130.40458819002269,31.62795742618718,81.0455097669355,3.910207759325262,104.07548810676839,0.0,31.627957426187167,43.23781566740943,0.0,0.0,20.53813071662087,-1565.439519447801,19.58156441412644,485.59128333921287,20.704811415388585,-315.7935656853443,19.728868983825167,-40.45544150304481,14.750337766043615,38.51783325564141,18.468860687769188,-216.61301429278798,17.223086535389244,494.585157636563,18.027197365004598,-115.29554357372715,17.24510634110569,-479.7597954804113,1003.1340880138408,953.0889986113209,0.0,0.0,0.0,0.0,0.0,0.0,0.0,0.0,0.0,0.0,0.0,0.0,0.0,0.0,0.0,0.0,0.0,0.0,0.0,0.0,0.0,0.0,1.4502639744881807,0.4426935209060378,386.87224468007278,453.53761555159147,11708.52281391628,0.33997006771667295,0.051887983473240657,296.77751849455447,349.00987287457419,8469.607395089364,1.2780641511158999,0.24150872092137183,91.76921935860365,107.68024922518964,2815.1007956659066,0.3198481554139418,0.06043993866476596,21.58301500321263,25.372200581320898,627.8628555075841,0.0,0.0,12.1633976393196,14.582277155284498,216.1659065416386,0.0,0.0,76.25041256968085,90.1351533015329,1961.5365107025014,0.0,0.0,227.78732988187779,270.1396968542057,5381.667929594326,0.0,0.0,33.141546526782608,39.116990896702478,882.8621074029422,0.0,0.0,106.84082815888198,126.95521980387261,2370.043665036401,35.376622423922167,24.263801388149625,322.1840254049774,380.85722059832019,9150.330853521447,0.0,0.0,111.8772381570943,134.2999832057909,1846.4661569151445,1821.924669009499,21.32667352407815,35.75045872697193,21.999999999999984,29.99999999999998,0.0,20.44661479059749,37.712193323218958,15.999999999999988,29.99999999999998,741.051802934043,21.377000052420816,35.5781175212444,21.16666666666665,29.99999999999998,0.0,20.519547137511109,40.81294215918716,18.999999999999987,29.99999999999998,0.0,14.840952883179856,54.05523615546861,11.999999999999993,29.99999999999998,0.0,18.919795398124387,43.54993511567059,15.999999999999988,29.99999999999998,0.0,17.862747321851118,45.40104215458043,9.999999999999993,29.99999999999998,0.0,19.35695998165447,41.28854168805378,15.999999999999988,29.99999999999998,0.0,17.19303448398805,46.767438748494047,11.999999999999993,29.99999999999998,0.0,18.91035247583776,0.0,0.0,0.0,14.06965295413819,0.0,0.0,549.4085202876053,552.1769569855887,545.485089123152,741.2313177800369,603.6955226479777,705.1570593829755,632.1890611297807,631.2626260090289,608.58848651485,9807.448761865151,81.51998171848486,83.94878745980094,131.99999999999992,0.0,131.99999999999992,131.99999999999992,16.0,19.0,16.0,12.0,16.0,12.0,21.0,10.0,1.0,0.0,1821.924669009499,0.0,741.051802934043,0.0,0.0,0.0,0.0,0.0,3675.5270598046229,2205316.235882777,2857032.7451704337,81.51998171848486,83.9900366443702,0.3491842353268207,0.7686788541345323,0.3602813740196593,83.9900366443702,0.3542647819438872,2857032.7451704337,0.14959970274886254 
 03/25  09:50:00,6.126666666666667,94.66666666666667,3.5166666666666668,89.33333333333333,2.333333333333333,0.0,4.0,0.0,0.0,0.0,0.0,0.0,0.0,0.0,0.0,2872.0,0.0,131.8247684637108,31.90400365338142,81.75286837435069,3.952791948198919,105.20892728045578,0.0,31.9040036533814,43.615191788360757,0.0,0.0,20.536315556035647,-1490.0464405118365,19.568920634654526,465.71140879217776,20.65387426399292,-429.85180140431296,19.610108507016059,-58.53196106720529,14.758594506433111,45.05768377878664,18.145734389970785,-57.573463531167138,17.393561073502043,156.540405565926,17.340063235726537,-27.33956676669527,16.746837260459587,-557.4595674136032,1013.2523989746987,1223.8413994000726,0.0,0.0,0.0,0.0,0.0,0.0,0.0,0.0,0.0,0.0,0.0,0.0,0.0,0.0,0.0,0.0,0.0,0.0,0.0,0.0,0.0,0.0,1.4542807981566824,0.44391965755698489,389.6179130373139,456.6595870289999,11724.387457759656,0.3397897127876307,0.05186045677466891,295.42181583042898,347.35484585318866,8368.379763667721,1.3206309686906975,0.2495523372431402,111.88943448729866,131.24044109824764,3394.1189425969698,0.3151118799589557,0.05954495086148066,21.82582173139684,25.652248410914113,621.6140090645582,0.0,0.0,11.356424979991037,13.607620265119204,200.67715237617686,0.0,0.0,51.05859635132416,60.441755152438179,1257.237453514796,0.0,0.0,268.35573740271,317.9454347551893,6404.581786559807,0.0,0.0,21.06019641126713,24.953753489436676,509.79185705222769,0.0,0.0,177.88334137023436,211.92708537556667,3672.9342074737785,35.18217530891613,24.130435739997357,328.5919208469515,388.30234578588036,9252.405851970903,0.0,0.0,181.0320200206466,216.87105571868578,3182.5961833643098,1884.0372063108667,21.309322403728474,35.95023850485903,22.0,30.0,0.0,20.398495740824715,37.995555888106348,16.0,30.0,868.1199280994713,21.390528496787704,35.69827953685034,21.25,30.0,0.0,20.277944563344279,44.30267808519713,19.0,30.0,0.0,14.853259861891818,54.36009852438208,12.0,30.0,0.0,18.433590795773058,43.75752159661157,16.0,30.0,0.0,18.059223556320278,44.44873145083043,10.0,30.0,0.0,18.178868695554504,44.29911832236644,16.0,30.0,0.0,16.403764364246123,49.51863782213555,12.0,30.0,0.0,18.8776498250544,0.0,0.0,0.0,14.760176636210437,0.0,0.0,555.410886030353,556.7262606918564,549.9516111011213,916.5830432982338,612.1878249714722,630.2174389051427,604.2425043306215,621.7625606026431,619.7651662532476,10084.680620018245,81.33669513103919,84.80281672678233,132.0,0.0,132.0,132.0,16.0,19.0,16.0,12.0,16.0,12.0,21.0,10.0,1.0,0.0,1884.0372063108667,0.0,868.1199280994713,0.0,0.0,0.0,0.0,0.0,5245.58200978057,3147349.205868342,4100978.4144201904,81.33669513103919,84.86168297821206,0.3448527336593523,0.7696685813649702,0.36028137401965956,84.86168297821206,0.3542647819438875,4100978.4144201904,0.2143215442165166 
 03/25  10:00:00,6.19,94.0,3.48,90.0,2.5,0.0,4.0,0.0,0.0,0.0,0.0,0.0,0.0,0.0,0.0,2154.0,0.0,133.2839501735995,32.17579455187058,82.44932296217066,3.996545577655712,106.37349310102886,0.0,32.17579455187056,43.986750552355548,0.0,0.0,20.533533039126767,-1587.2927148785707,19.573251949987165,497.8924232750272,20.63564870990631,-437.1787003669643,19.520731904505817,-66.33220397924646,14.771839019040705,46.22199155713705,17.940628321521545,-40.91475275126045,17.244777594195026,131.21148112485583,16.89822486929288,-9.039603412275243,16.463707998103314,-384.3494139714385,1012.9581527985145,1195.2837584462457,0.0,0.0,0.0,0.0,0.0,0.0,0.0,0.0,0.0,0.0,0.0,0.0,0.0,0.0,0.0,0.0,0.0,0.0,0.0,0.0,0.0,0.0,1.4476205240310228,0.4418866068470769,400.67157257414956,469.4682157590712,11979.569005236342,0.3430574086011485,0.05235918934693968,305.8168421160259,359.4575343341491,8619.227154693428,1.3120310533865303,0.24792725876540659,101.79543894459161,119.34187077757201,3091.645929477165,0.32568291938420759,0.06154250177328188,24.44900686334651,28.734094164380488,684.2690157358582,0.0,0.0,11.254504696273476,13.479753482570289,197.90026616725883,0.0,0.0,45.75141308442101,54.184118847660219,1093.4747443852598,0.0,0.0,285.604449411882,338.6575418121982,6626.410625323467,0.0,0.0,13.860987398371372,16.460563316069096,313.86786236557449,0.0,0.0,197.26084011870089,235.30619727503678,3914.5788029114239,35.02971018509838,24.02586432448451,335.71791343180078,396.5758270532291,9373.457360450178,0.0,0.0,199.6422723023494,239.05918681515255,3538.988174820479,1839.1598913014298,21.263787191439996,36.25689216666853,22.000000000000019,30.00000000000002,0.0,20.388466781794216,38.16725263753778,16.000000000000015,30.00000000000002,878.7711540607451,21.44873019149694,35.807869880411889,21.33333333333335,30.00000000000002,0.0,20.103161145134587,45.82946498099571,19.000000000000015,30.00000000000002,0.0,14.872862978857715,54.3847511687669,12.00000000000001,30.00000000000002,0.0,18.132541635599354,44.32275827017115,16.000000000000015,30.00000000000002,0.0,17.769317665271353,45.22543838124402,10.000000000000007,30.00000000000002,0.0,17.448519722460465,46.30341123178209,16.000000000000015,30.00000000000002,0.0,16.031714336751184,50.58718068633383,12.00000000000001,30.00000000000002,0.0,18.885506679388099,0.0,0.0,0.0,14.932162932027677,0.0,0.0,565.2043159097594,562.2458740554916,561.7599720245512,985.092518688552,609.772438247765,609.5478127707862,596.646116436402,614.254995570565,607.4047546563045,8883.254000075143,82.13117019353226,82.13117019353226,132.0000000000001,0.0,132.0000000000001,132.0000000000001,16.0,19.0,16.0,12.0,16.0,12.0,21.0,10.0,1.0,0.0,1839.1598913014298,0.0,878.7711540607451,0.0,0.0,0.0,0.0,0.0,0.0,0.0,0.0,82.13117019353226,82.13117019353226,0.3400000000000003,0.7700812558266246,0.3602813740196598,82.13117019353226,0.3542647819438878,0.0,0.0011073333333333335 
 03/25  10:10:00,6.243333333333334,93.16666666666667,3.5116666666666669,90.66666666666667,2.6666666666666667,0.0,0.0,1.0,2.0,0.0,0.0,0.0,0.0,0.0,0.0,6462.0,0.0,134.7834555984083,32.443759437785427,83.13597362490126,4.041508294951636,107.5702408582042,0.0,32.44375943778541,44.353078867093049,0.0,0.0,20.657991285784946,-1329.8143141829945,19.599477698471217,591.6211293713377,20.76849002053711,-1890.2272158864365,19.599837869346769,693.7653830307405,14.782283672918254,48.00875285148139,18.729325948139328,-92.94012522402423,17.144121931338057,104.01702328001959,17.682313068679826,-99.06514016562925,16.324284154225567,-323.5967542581936,1161.3643392789855,1169.921827184008,0.0,0.0,0.0,0.0,0.0,0.0,0.0,0.0,0.0,0.0,0.0,0.0,0.0,0.0,0.0,0.0,0.0,0.0,0.0,0.0,0.0,0.0,1.4213536730502348,0.43386864256722687,417.80405419444966,489.63581181122756,12609.124409147596,0.34955475640385699,0.05335084804698672,323.1302313823226,380.0471262248248,9088.107383937151,1.2733772564446287,0.24062306433194045,447.7783799170095,524.5705880802349,13591.440158580017,0.3435029829650385,0.06490986072657566,349.0323182166218,410.5508227332098,9778.334832238275,0.0,0.0,12.316520169196759,14.766431493830755,215.5702464367732,0.0,0.0,17.94744009639289,21.18277001293457,469.92671040348639,0.0,0.0,261.0638487848408,310.094055551378,5937.518751940922,0.0,0.0,26.583306444177358,31.402878287286329,672.1445621429687,0.0,0.0,206.03064747162495,246.1589606958932,4007.700926326411,35.22509483977685,24.159873003962177,665.8100949199155,785.5456173437443,18426.426759723123,0.0,0.0,209.57911141771405,251.17035287738129,3716.8761647397948,1856.5046902258792,21.462655993512557,36.643419639933608,21.999999999999994,29.999999999999994,0.0,20.41158537299989,38.921080179853067,15.999999999999997,29.999999999999994,1863.804671793071,21.524359856163846,36.75121622968458,21.44444444444444,29.999999999999994,0.0,20.347325501628079,39.708452480470189,15.999999999999997,29.999999999999994,0.0,14.88648207573852,54.406108684106268,11.999999999999997,29.999999999999994,1531.321444867473,19.357662426623397,42.09738297160894,19.999999999999998,29.999999999999994,0.0,17.587041556190614,46.07042558152077,9.999999999999999,29.999999999999994,1335.9954530737792,18.688722396083134,43.50213657719274,20.7,29.999999999999994,0.0,15.885993794207803,51.1340934146263,11.999999999999997,29.999999999999994,0.0,19.459024975703888,0.0,0.0,0.0,14.989964904159113,0.0,0.0,617.5937570057691,608.8930405862811,631.9500194703471,646.4395038105749,606.1016620628012,682.7375419743192,605.2438377471399,658.3387553291809,603.0817129550126,10658.89709325827,80.95688371414245,85.0461459647175,59.999999999999989,0.0,59.999999999999989,59.999999999999989,16.0,16.0,19.0,12.0,19.7,12.0,21.0,10.0,1.0,0.0,1856.5046902258792,0.0,1863.804671793071,0.0,1531.321444867473,0.0,1335.9954530737792,0.0,6188.231988362581,3712939.19301755,4839097.971665195,80.95688371414245,85.1155952131513,0.35738551072319726,0.7674559005539293,0.36028137401965945,85.1155952131513,0.3542647819438875,4839097.971665195,0.2521530945265901 
 03/25  10:20:00,6.296666666666668,92.33333333333334,3.5433333333333336,91.33333333333334,2.833333333333333,0.0,0.0,1.0,2.0,0.0,0.0,0.0,0.0,0.0,0.0,2872.0,0.0,136.32248517442657,32.70824823593869,83.81371702116397,4.087656125000214,108.79853242263313,0.0,32.708248235938679,44.71465510632172,0.0,0.0,20.771147102319547,-1416.1045472805932,19.700106182583924,579.6195650083309,20.782126941575215,-1498.9485237613108,19.789343891562888,514.8166328795118,14.79470872984451,48.374002154515277,18.876807025898147,-105.82623737112165,17.08973930156001,114.52561645013157,18.658302008080456,-283.00234128476748,16.23586202252753,-235.84953064863093,1171.7878733397986,1221.116087381318,0.0,0.0,0.0,0.0,0.0,0.0,0.0,0.0,0.0,0.0,0.0,0.0,0.0,0.0,0.0,0.0,0.0,0.0,0.0,0.0,0.0,0.0,1.397246855907441,0.42651002927577577,444.4453704225475,520.4637730921107,13453.33218446656,0.34118661215661708,0.05207365875406244,316.56533032839527,371.9230357364641,8957.740445493555,1.3692640149731932,0.25874225528593988,438.9849474946685,514.0795192910777,13185.25599779503,0.3329021398886868,0.0629066779835009,309.6292500058036,363.5690385800102,8824.64690675429,0.0,0.0,12.464295132367493,14.934695058035102,217.26581568246423,0.0,0.0,18.38626709710696,21.66880888806444,486.8666524263769,0.0,0.0,261.42702819640007,310.45929180531928,5869.787868508061,0.0,0.0,44.668738147131147,52.48096580908112,1253.9681037199064,0.0,0.0,213.71061262589553,255.26140796912916,4104.349176105796,35.31392838549119,24.220801361790956,646.6615243606607,762.2426023545918,18012.665865647243,0.0,0.0,219.20100199356024,262.3242082543551,3974.2493509610865,1841.58595157109,21.61866016440767,36.37560366680057,22.000000000000005,30.000000000000008,0.0,20.552269933322707,38.84884745191738,16.000000000000005,30.000000000000008,1884.9809258488386,21.465628196918798,36.77607340391854,21.500000000000005,30.000000000000008,0.0,20.624618499260195,38.71062344492736,16.000000000000005,30.000000000000008,0.0,14.903332222246304,54.55981718338091,12.000000000000002,30.000000000000008,0.0,19.598856864320667,43.21349762890636,19.000000000000005,30.000000000000008,0.0,17.488559732825825,46.58806046150073,10.000000000000002,30.000000000000008,1251.4351963775289,20.383486429751394,39.664769267585047,20.700000000000004,30.000000000000008,0.0,15.811634288986678,51.744295576468108,12.000000000000002,30.000000000000008,0.0,19.575956082228495,0.0,0.0,0.0,15.24544637120158,0.0,0.0,621.8749876304876,624.2408068089216,622.9211255539444,624.973195570334,607.9103600994242,785.3336251639614,614.466136292768,675.6576990525787,616.3935192434815,11179.587820590512,80.61249264130622,87.87663081846803,60.000000000000017,0.0,60.000000000000017,60.000000000000017,16.0,16.0,19.0,12.0,19.7,12.0,21.0,10.0,1.0,0.0,1841.58595157109,0.0,1884.9809258488386,0.0,0.0,0.0,1251.4351963775289,0.0,10992.89202019065,6595735.212114388,8633587.582447488,80.61249264130622,88.00000000000002,0.3664297340063549,0.7640097837915225,0.3602813740196596,88.00000000000002,0.35426478194388757,8633587.582447488,0.449463220953936 
 03/25  10:30:00,6.35,91.5,3.575,92.0,3.0,0.0,0.0,1.0,2.0,0.0,0.0,0.0,0.0,0.0,0.0,2154.0,0.0,137.89900265723899,32.96954477231975,84.48328043497794,4.134928011482606,110.0567426836767,0.0,32.969544772319739,45.07186728168726,0.0,0.0,20.78459125416537,-1359.1860529671158,19.749812627215399,425.7597811284193,20.893837738977675,-1397.4214825622037,19.83043674742809,379.2192896353871,14.805739934384548,47.580864583774147,18.866133412735615,-95.47844450983507,17.06908059270043,105.50912092871472,18.512573431462614,-251.20881358636113,16.21636731099605,-186.9313450151645,1143.9158344741816,1173.6214169749868,0.0,0.0,0.0,0.0,0.0,0.0,0.0,0.0,0.0,0.0,0.0,0.0,0.0,0.0,0.0,0.0,0.0,0.0,0.0,0.0,0.0,0.0,1.4147493250335286,0.43185266331914787,414.55318071545079,485.39866322632227,12513.59662259919,0.3237700148310208,0.04941544792903246,277.95391527109578,326.542363599433,7856.484782267176,1.3452399342113307,0.2542025574851343,370.51945124387898,433.19400837904666,11273.850551074187,0.31939146134260978,0.060353639709487819,283.3272970252039,332.577829583228,8054.963122334861,0.0,0.0,12.223762065984806,14.642529185893102,212.11506608729594,0.0,0.0,17.75626218241051,20.933989038830484,461.46767262854987,0.0,0.0,257.5081173090141,305.75308937629895,5737.501566087674,0.0,0.0,46.8338159375327,55.13046466336561,1267.5803303809599,0.0,0.0,211.81109861151317,252.89585747899523,4058.0945151381549,35.30580518535681,24.215229893934713,562.4336799957052,662.90621701343,15700.25217904797,0.0,0.0,217.5656939390584,260.2237220678747,3956.659552541557,1846.4833089707645,21.645488637203344,36.21000063695843,21.999999999999994,29.99999999999999,0.0,20.592026850335956,38.72022587703069,15.999999999999993,29.99999999999999,2317.5085608341748,21.649664306599868,36.21057946331028,21.666666666666658,29.99999999999999,0.0,20.643483104022349,38.55850962156477,15.999999999999993,29.99999999999999,0.0,14.917156923686836,54.744412891975319,11.999999999999995,29.99999999999999,594.4647827889877,19.399247073509988,44.86699732512405,18.999999999999994,29.99999999999999,0.0,17.452744528727807,46.86027329923988,9.999999999999997,29.99999999999999,553.3805588540972,19.95904207587847,40.965098287728007,20.033333333333326,29.99999999999999,0.0,15.841677249382313,51.96007786599293,11.999999999999995,29.99999999999999,0.0,19.550556976111048,0.0,0.0,0.0,15.328285521559943,0.0,0.0,613.7330776560651,621.2638674422101,612.5197067959902,617.8443111955319,613.317098590636,844.9542691800953,621.0405231264788,675.3680653377601,627.9401428969545,10921.058154687806,80.78332822720499,86.02310875526789,59.99999999999998,0.0,59.99999999999998,59.99999999999998,16.0,16.0,19.0,12.0,19.7,12.0,21.0,10.0,1.0,0.0,1846.4833089707645,0.0,2317.5085608341748,0.0,594.4647827889877,0.0,553.3805588540972,0.0,7928.709435233539,4757225.661140125,6195953.3582109459,80.78332822720499,86.11209762351197,0.3776236478411179,0.7659727503618908,0.36028137401965945,86.11209762351197,0.35426478194388735,6195953.3582109459,0.32270290796030257 
 03/25  10:40:00,6.403333333333334,90.66666666666666,3.6066666666666666,89.5,3.833333333333333,0.0,0.0,0.0,0.0,0.0,0.0,0.0,0.0,0.0,0.0,4312.0,0.0,135.5539169802122,32.14938984901918,82.38166524188849,4.064609753775632,108.1851329675706,0.0,32.14938984901916,43.950653321691628,0.0,0.0,20.695292041414043,-1073.246390026208,19.705098269851633,456.8344705804589,20.86629093534544,-1575.4005266880877,19.848145706986747,401.35763351590347,14.815124830541436,49.51999420222766,18.70269097514127,-316.16264291722259,17.152908712586379,227.36205276126305,18.07413114240017,-158.86085271734883,16.200397497310904,-178.37476265223388,1131.188539184183,1133.802076755942,0.0,0.0,0.0,0.0,0.0,0.0,0.0,0.0,0.0,0.0,0.0,0.0,0.0,0.0,0.0,0.0,0.0,0.0,0.0,0.0,0.0,0.0,1.4355628426557024,0.4382059959266486,374.52366152241259,439.04367470739688,11136.307784352,0.3364063981674542,0.05134407786438551,287.8034413357012,338.4126709338425,8047.124012939715,1.2698396322076,0.23995457902637924,385.89392257223229,451.8387092202532,11651.367565836948,0.3159658794356931,0.05970632642397821,289.65079176828376,340.3522661972156,8198.023795088873,0.0,0.0,12.310293432412719,14.75833163829214,212.54928008404424,0.0,0.0,86.15102839870062,101.74941706528758,2205.9344478280065,0.0,0.0,329.5719373609196,391.39438002434289,7417.590761180115,0.0,0.0,38.982386750184577,46.049806479749339,999.8910563725173,0.0,0.0,213.82203049408964,255.48479692592037,4081.553683823341,35.35688587063128,24.25026465749743,570.4144545621717,672.8196922330939,15848.449735881106,0.0,0.0,219.0887733833317,262.2384064107348,3969.280407708375,1260.9639598628192,21.37546840580727,36.70095622937996,21.666666666666644,29.999999999999969,0.0,20.48692383804344,38.829018821641209,15.999999999999983,29.999999999999969,1966.3014239198622,21.580960380322119,36.231650882758838,21.499999999999976,29.999999999999969,0.0,20.65890288904476,38.38026045030733,15.999999999999983,29.999999999999969,0.0,14.928093141979794,55.03899840084424,11.99999999999999,29.999999999999969,0.0,19.226909782415825,43.21996403891844,15.999999999999983,29.999999999999969,0.0,17.626372419594558,46.96179459620346,9.99999999999999,29.999999999999969,0.0,19.215084163860806,42.58788618332313,15.999999999999983,29.999999999999969,0.0,15.86053765436746,52.3518956809311,11.99999999999999,29.999999999999969,0.0,19.53762386608235,0.0,0.0,0.0,15.348571402788492,0.0,0.0,606.206194768938,611.5191583320367,604.0355363063097,608.0747923810098,625.0697732294987,703.7598337981999,653.2990519747796,656.3806357422777,645.9511024031037,7508.186615939559,81.70516867650022,81.70516867650022,59.999999999999939,0.0,59.999999999999939,59.999999999999939,16.0,16.0,16.0,12.0,16.0,12.0,21.0,10.0,1.0,0.0,1260.9639598628192,0.0,1966.3014239198622,0.0,0.0,0.0,0.0,0.0,0.0,0.0,0.0,81.70516867650022,81.70516867650022,0.283333333333333,0.6175663738627608,0.30023447834971586,81.70516867650022,0.29522065161990587,0.0,0.00051 
 03/25  10:50:00,6.456666666666666,89.83333333333333,3.6383333333333338,87.0,4.666666666666666,0.0,0.0,0.0,0.0,0.0,0.0,0.0,0.0,0.0,0.0,2876.0,0.0,133.46676752344403,31.28559778380964,80.16823242084542,4.002025591538043,106.51937943719524,0.0,31.28559778380962,42.769784080367269,0.0,0.0,20.726704742159538,-1661.5058214685838,19.746403462669045,476.5600100695824,20.748263847495438,-631.1634451288192,19.80180422804453,196.89687055642527,14.824219572680449,47.024970207838268,18.259303695543207,-144.03674413458078,17.202158093296519,147.86312440035227,17.412809261798473,-55.42025033661841,16.18050741680485,-173.57587105278345,1106.6066025321207,1066.5933024763806,0.0,0.0,0.0,0.0,0.0,0.0,0.0,0.0,0.0,0.0,0.0,0.0,0.0,0.0,0.0,0.0,0.0,0.0,0.0,0.0,0.0,0.0,1.413926917084635,0.4316016230417079,446.1418430893662,522.8539758907858,13255.930346974026,0.3233204702062073,0.0493468361120585,285.3412617008645,335.5025949944357,7978.33365654545,1.3769967360323357,0.26020346485871806,272.92629711175638,320.2238503552155,8043.44594311682,0.31340789068003646,0.05922295742253143,250.75839075685685,294.823412150686,7017.245237784776,0.0,0.0,11.512419891063571,13.797084409813003,197.78361747437408,0.0,0.0,68.59547908184342,81.20526619584511,1657.6505144219566,0.0,0.0,318.62695956755786,378.2292070734976,7174.5364594424959,0.0,0.0,26.516041365693398,31.441605066965978,620.0640085892982,0.0,0.0,211.56070599407614,252.70481497130289,4018.1729506436088,35.3277028665276,24.230248879648575,529.535187485088,624.8141286052307,14666.75966219591,0.0,0.0,215.49491071231518,257.8860528913025,3872.5764172860519,1853.941800708754,21.46525146762486,36.39925165222096,22.0,30.0,0.0,20.54200316288172,38.591865629062059,16.0,30.0,1014.5469535442362,21.312567125131016,36.757176713544037,21.25,30.0,0.0,20.544768452326314,38.583645285840599,16.0,30.0,0.0,14.937779278501198,55.327681347777,12.0,30.0,0.0,18.529981818130048,44.35324887247119,16.0,30.0,0.0,17.684613085805866,46.599630905928389,10.0,30.0,0.0,18.093340117735239,45.552239213924767,16.0,30.0,0.0,15.865109637956469,52.46011169746886,12.0,30.0,0.0,19.509873653170894,0.0,0.0,0.0,15.327049999268642,0.0,0.0,599.6186026080575,604.5851140696228,599.6165942246832,604.006999696429,636.632907777053,651.5610717203638,639.6420891175329,649.4512570742268,649.5057739885854,9850.321716464376,81.49167007842083,83.26421015421008,60.0,0.0,60.0,60.0,16.0,16.0,16.0,12.0,16.0,12.0,21.0,10.0,1.0,0.0,1853.941800708754,0.0,1014.5469535442362,0.0,0.0,0.0,0.0,0.0,2682.477798242811,1609486.6789456865,2082913.3910239549,81.49167007842083,83.29431376912619,0.3444159266080937,0.7700341652594691,0.36028137401965956,83.29431376912619,0.3542647819438875,2082913.3910239549,0.1088181629999123 
 03/25  11:00:00,6.51,89.0,3.67,84.5,5.5,0.0,0.0,0.0,0.0,0.0,0.0,0.0,0.0,0.0,0.0,3595.0,0.0,131.5515467170383,30.422700205662598,77.95709174631459,3.9445966301580035,104.99084037327478,0.0,30.42270020566258,41.59013767067265,0.0,0.0,20.811429183840045,-1345.5899364193757,19.74830729433421,517.8005427937235,20.915534718193159,-1561.3944552565575,19.76544546951687,568.2442346976429,14.829870455222834,45.65068520548552,18.016120592495488,-82.77497499460273,17.17567762589299,153.5071103782346,17.03165599254985,-20.098991232694247,16.15506835754514,-179.77442083773387,1133.4308943837344,991.0666048324492,0.0,0.0,0.0,0.0,0.0,0.0,0.0,0.0,0.0,0.0,0.0,0.0,0.0,0.0,0.0,0.0,0.0,0.0,0.0,0.0,0.0,0.0,1.4256830009903399,0.43519017124247247,423.8814486191555,496.692691080425,12637.718471759956,0.34074441404475117,0.05200616819974835,308.33394060606897,362.518829738656,8577.56808480417,1.2867416397705552,0.24314845800652985,420.1664946032821,492.1608311913525,12517.18683184784,0.33811911804761765,0.06389250152071383,330.6385179153421,388.6942159519434,9207.337674939023,0.0,0.0,11.298111068677603,13.542760364531067,192.98329863611373,0.0,0.0,56.12072039642237,66.53290944066464,1311.6674922904074,0.0,0.0,302.6599597955922,359.460763401016,6751.537772477129,0.0,0.0,16.62937219206008,19.766641338872309,367.1800287229495,0.0,0.0,203.54471856590539,243.22546731198788,3839.8426475434409,35.48461152486712,24.33786798687732,632.7265106470948,746.2690565724902,17376.851400246804,0.0,0.0,206.2352086994689,246.94421890891625,3660.1441979045509,1846.36170348742,21.56276485638002,36.09714181955868,22.0,30.0,0.0,20.52069561899833,38.53442503465803,16.0,30.0,1544.7477419868779,21.55343991970875,36.09822347364311,21.400000000000003,30.0,0.0,20.520328110463767,38.517431279246448,16.0,30.0,0.0,14.941476453037792,55.39260756402385,12.000000000000002,30.0,0.0,18.180775207136809,45.15734622759615,16.0,30.0,0.0,17.630894281696997,46.59285248140846,10.0,30.0,0.0,17.488666112414774,47.243303769879599,16.0,30.0,0.0,15.853827206932352,52.33687795789267,12.000000000000002,30.0,0.0,19.581881768326114,0.0,0.0,0.0,15.267559057242064,0.0,0.0,594.5502607541725,598.0865716496211,592.3028852521306,596.5412975958769,637.4018065961724,638.6841036537111,628.3041995110622,643.8021926636609,638.7933397422453,9722.342223653388,81.57620873579814,84.52867963567047,60.0,0.0,60.0,60.0,16.0,16.0,16.0,12.0,16.0,12.0,21.0,10.0,1.0,0.0,1846.36170348742,0.0,1544.7477419868779,0.0,0.0,0.0,0.0,0.0,4467.940084409129,2680764.0506454778,3495025.2793560537,81.57620873579814,84.57882239308103,0.352931336146971,0.7672459091322842,0.36028137401965956,84.57882239308103,0.35426478194388757,3495025.2793560537,0.18224464785984813 
 03/25  11:10:00,6.545,88.33333333333334,3.665,82.0,6.333333333333334,0.0,0.0,0.0,0.0,0.0,0.0,0.0,0.0,0.0,0.0,2157.0,0.0,129.79451052183405,29.56031015210126,75.74725162849228,3.891910758897021,103.58854677836274,0.0,29.560310152101246,40.41118508556455,0.0,0.0,20.814967918543816,-1399.96391332337,19.79336646064864,417.75966298790868,20.950360495418168,-1396.9638512236184,19.869003066363477,394.58520275309976,14.836699955007667,45.52768127854834,17.842231397498915,-49.197963946376379,17.1820271083809,123.1652843594226,16.74430888754406,-20.589384444176518,16.126367948354678,-166.16853320080979,1117.72290911708,979.5950338132039,0.0,0.0,0.0,0.0,0.0,0.0,0.0,0.0,0.0,0.0,0.0,0.0,0.0,0.0,0.0,0.0,0.0,0.0,0.0,0.0,0.0,0.0,1.443940025885082,0.4407631336645551,427.0406786101306,500.22796075828628,12710.611802889744,0.3297509767011304,0.05032829314730319,285.4027980493156,335.4471791574081,7946.187850747645,1.3849999370849729,0.2617157855413782,378.8854295582951,443.24244893827088,11368.226170757971,0.32495559580933477,0.061405063456034528,283.25240282925236,332.65445380857946,7957.303888984453,0.0,0.0,11.236180090249409,13.461692748741492,191.30073914644937,0.0,0.0,46.74589073531562,55.43957985414562,1068.30165090924,0.0,0.0,293.7498579405469,348.7038650474442,6529.902775471822,0.0,0.0,12.293843220912878,14.624867823755718,259.99033637814969,0.0,0.0,201.36390811952186,240.50259827101108,3777.8212153405377,35.41135931625021,24.287626417181227,589.30749710545,694.8126360380667,16222.83026190894,0.0,0.0,206.30952316003505,246.86445578058113,3659.5192590448325,1793.0992893465373,21.607940190336906,35.93788804192059,22.0,30.0,0.0,20.56967002417996,38.34132856272923,16.0,30.0,2208.232941550794,21.62408462436477,35.88351041408514,21.666666666666666,30.0,0.0,20.65331118842655,38.15078824140936,16.0,30.0,0.0,14.947753052378527,55.33933050220135,12.0,30.0,0.0,17.945223402276765,45.69647506569751,16.0,30.0,0.0,17.62429039712458,46.49340313568397,10.0,30.0,0.0,17.054165379413698,48.468810586018779,16.0,30.0,0.0,15.83516072432251,52.250337881861067,12.0,30.0,0.0,19.59935047185344,0.0,0.0,0.0,15.297630096428943,0.0,0.0,591.0532085598762,593.7056780716794,588.37180731286,593.8569442075677,633.3958262485456,629.3113893621776,620.618792415913,637.5358532640354,629.6526450068861,9388.186402239207,81.79722261909972,84.19214014568394,60.0,0.0,60.0,60.0,16.0,16.0,16.0,12.0,16.0,12.0,21.0,10.0,1.0,0.0,1793.0992893465373,0.0,2208.232941550794,0.0,0.0,0.0,0.0,0.0,3624.3044369581609,2174582.6621748965,2824126.178636984,81.79722261909972,84.2328137958659,0.347476814565272,0.7679322041549619,0.36028137401965956,84.2328137958659,0.3542647819438875,2824126.178636984,0.1473545612891232 
 03/25  11:20:00,6.58,87.66666666666667,3.66,79.5,7.166666666666667,0.0,0.0,0.0,0.0,0.0,0.0,0.0,0.0,0.0,0.0,2878.0,0.0,128.18212641910604,28.69808573510084,73.53783597803609,3.8435622093035777,102.30169846666984,0.0,28.698085735100827,39.232458938192909,0.0,0.0,20.671429604910899,-819.3659113367962,19.73023729005061,320.6564950303159,20.98858312225275,-1644.9019464210842,19.886714974335065,374.2275404941472,14.841820691390334,42.84422278294376,17.72504198925327,-39.869464638949299,17.126858938526167,112.90151190253482,16.524780319147415,-37.069212724141568,16.112452055194276,-149.73837031566905,1076.75294846953,925.5264970347453,0.0,0.0,0.0,0.0,0.0,0.0,0.0,0.0,0.0,0.0,0.0,0.0,0.0,0.0,0.0,0.0,0.0,0.0,0.0,0.0,0.0,0.0,1.48473547695517,0.4532159575565232,335.22071302791826,393.20755197400788,9779.583217243817,0.3324924814609544,0.0507467157296939,258.17727086216868,303.6795506231226,7105.868011999275,1.2465170525079632,0.23554744000528414,380.8962631755155,446.0557253084268,11340.724926159366,0.3081333179115589,0.058226250550181189,280.5472324072721,329.6790343111184,7852.1324225394159,0.0,0.0,10.932157205138348,13.103606546241176,185.4144294692641,0.0,0.0,42.246980813374019,50.14108566901995,950.538761162016,0.0,0.0,282.8761319029627,336.08005782739289,6210.724699779257,0.0,0.0,14.518597963405805,17.290323831362817,296.588418332341,0.0,0.0,190.9798007409169,228.22345287813347,3571.3475333229209,35.306489786377309,24.215699441959754,531.6068776495101,627.2057493163117,14601.430940064942,0.0,0.0,201.93580002297166,241.77754625490366,3561.9900515382448,1064.040995593362,21.2370197175385,36.64130026673859,21.5,30.0,0.0,20.43068056000392,38.573492975257959,16.0,30.0,2033.5420975775349,21.589097656387716,35.825919566721598,21.5,30.0,0.0,20.663487429530627,37.993512988029689,16.0,30.0,0.0,14.950463425131343,55.2534273553938,12.0,30.0,0.0,17.80140660220841,46.00173548014448,16.0,30.0,0.0,17.51818718216047,46.66703250867661,10.0,30.0,0.0,16.73695749229586,49.35816757093514,16.0,30.0,0.0,15.839971772786385,52.07970349493957,12.0,30.0,0.0,19.494304660206525,0.0,0.0,0.0,15.282347410371579,0.0,0.0,583.9236708350292,588.5555493438394,581.3920010352653,586.5190491666962,628.0942576924718,622.0580153095566,612.3922908378407,631.302759509503,620.7107217956132,7906.906306960131,80.72476740192103,84.4363611987253,60.0,0.0,60.0,60.0,16.0,16.0,16.0,12.0,16.0,12.0,21.0,10.0,1.0,0.0,1064.040995593362,0.0,2033.5420975775349,0.0,0.0,0.0,0.0,0.0,5616.673986576286,3370004.3919457716,4388427.714889465,80.72476740192103,84.49939638304083,0.27222246621920956,0.5393454298724052,0.27021103051474468,84.49939638304083,0.2656985864579156,4388427.714889465,0.22870157450758556 
 03/25  11:30:00,6.615,87.0,3.6550000000000004,77.0,8.0,0.0,0.0,0.0,0.0,0.0,0.0,0.0,0.0,0.0,0.0,2880.0,0.0,126.70117059167251,27.83572549255922,71.32807229453431,3.7991544691468897,101.11974162333053,0.0,27.835725492559207,38.053547107008878,0.0,0.0,20.854977585123139,-1500.5288712215725,19.755437984357394,532.2288912177451,21.051295127449074,-1201.3993266619416,19.867024108646154,363.72764998648838,14.848234648556553,45.86001048504549,17.63031305919196,-22.687008705058874,17.158703208197843,160.55993992627419,16.332403612230374,-47.135494710519058,16.10510966721555,-130.81299785702414,1105.4848866790117,967.9500907561753,0.0,0.0,0.0,0.0,0.0,0.0,0.0,0.0,0.0,0.0,0.0,0.0,0.0,0.0,0.0,0.0,0.0,0.0,0.0,0.0,0.0,0.0,1.4271738597668647,0.4356452563390917,466.66603308629109,546.9368066354144,13851.672843140726,0.3336940157510993,0.05093010008411162,301.88828869969435,355.04866091782938,8317.961619047983,1.429473062215426,0.270119626268977,360.28069867730098,421.78168361257499,10740.524412838648,0.3190546203088595,0.06028998872049497,253.70040756129803,297.9829038135836,7066.840096605536,0.0,0.0,11.330941656965316,13.58261829976802,191.53179359411784,0.0,0.0,31.739384293348093,37.69659517388766,705.2870234681087,0.0,0.0,285.5458419568112,339.2213240719484,6288.383478096494,0.0,0.0,22.177304699175239,26.448080949173744,440.19990506501036,0.0,0.0,192.84737232010756,230.46548331445229,3597.5748527637426,35.36503736857648,24.25585553400308,576.6684677282772,680.1209245034193,15828.443414700627,0.0,0.0,212.04247180918055,253.82517143623688,3764.7573420367546,1852.127475564111,21.62158007671392,35.60374114459349,22.0,30.0,0.0,20.486958977121593,38.233256502106787,16.0,30.0,1632.9059116324193,21.695285121223138,35.41944550078804,21.5,30.0,0.0,20.60987956497025,37.942073025168259,16.0,30.0,0.0,14.956766260038125,55.06713623490041,12.0,30.0,0.0,17.690672169431143,46.14397301897033,16.0,30.0,0.0,17.589628918601698,46.19431464394768,10.0,30.0,0.0,16.46322799322108,49.97901887353845,16.0,30.0,0.0,15.852373782318932,51.74567098230847,12.0,30.0,0.0,19.6146532273802,0.0,0.0,0.0,15.375744044647505,0.0,0.0,574.6640601991142,577.9692495037936,572.6092035113802,577.7377814951783,619.1887980075308,611.5049889540989,598.2774156783789,617.3124303205606,605.7632816540206,8384.48277173089,82.46097863982016,82.46097863982016,60.0,0.0,60.0,60.0,16.0,16.0,16.0,12.0,16.0,12.0,21.0,10.0,1.0,0.0,1852.127475564111,0.0,1632.9059116324193,0.0,0.0,0.0,0.0,0.0,0.0,0.0,0.0,82.46097863982016,82.46097863982016,0.34,0.7687797943774059,0.36028137401965956,82.46097863982016,0.3542647819438875,0.0,0.0005066666666666667 
 03/25  11:40:00,6.65,86.33333333333334,3.6500000000000005,82.33333333333334,7.333333333333334,0.0,0.0,0.0,0.0,0.0,0.0,0.0,0.0,0.0,0.0,2880.0,0.0,134.0957326166405,29.744220655932364,76.21851955711208,4.0208817524422149,107.02131655053074,0.0,29.74422065593235,40.66260468743127,0.0,0.0,20.9010170843826,-1497.3803666543805,19.821239644326498,496.1297715115147,21.058564085089914,-1140.7157338720379,19.875504305637649,354.93335686413027,14.858249576113458,47.186469601610699,17.558845591028793,-16.937164982811369,17.189217550992269,152.63644955594965,16.18161263856952,-40.57479950832817,16.111340019700167,-108.261582158804,1110.0019677246338,961.1611265905674,0.0,0.0,0.0,0.0,0.0,0.0,0.0,0.0,0.0,0.0,0.0,0.0,0.0,0.0,0.0,0.0,0.0,0.0,0.0,0.0,0.0,0.0,1.4182342816645655,0.43291644739455606,470.75989740037638,551.7716387743668,13959.04576320798,0.3281446625530705,0.0500831292052916,295.09007619342546,346.9983119416121,8157.882111126799,1.471532991661608,0.27806745874180058,368.9518759085399,432.0190607176455,10973.59214268205,0.3230603239275634,0.06104692440052216,240.2689376817791,282.15857045734057,6679.235169576643,0.0,0.0,11.513785337297336,13.802485538551727,194.09099939176344,0.0,0.0,25.583141546750967,30.402880189489577,562.8133586521326,0.0,0.0,282.40627042263699,335.4806952817745,6224.348822757965,0.0,0.0,25.203101209814699,30.08073753653248,488.52270724991538,0.0,0.0,191.07068832086524,228.34149275072986,3562.825739126848,35.35028244453007,24.245735558662614,579.4997435043104,683.4455704299523,15915.694419156971,0.0,0.0,213.90775186357758,256.02371843034748,3812.0387776799877,1848.2366909684179,21.65158336560735,35.378783859615207,22.0,30.0,0.0,20.573646375936776,37.851157475311847,16.0,30.0,1568.099059091497,21.698118990341695,35.24160439990285,21.5,30.0,0.0,20.603948837564589,37.778017715474678,16.0,30.0,0.0,14.968548450616052,54.80066549743482,12.0,30.0,0.0,17.609437904513535,46.1868746225562,16.0,30.0,0.0,17.634342831119996,45.817752251260788,10.0,30.0,0.0,16.260045456993177,50.33795402696912,16.0,30.0,0.0,15.883400415544019,51.368433121614277,12.0,30.0,0.0,19.667992822340599,0.0,0.0,0.0,15.4458960182025,0.0,0.0,566.582288231448,569.333148479996,563.9853515877971,569.12093297462,608.3398569320377,601.1158584619518,586.250085765882,602.3565562338096,593.0656208214773,10204.573044232337,81.25739601692553,83.06217553179926,60.0,0.0,60.0,60.0,16.0,16.0,16.0,12.0,16.0,12.0,21.0,10.0,1.0,0.0,1848.2366909684179,0.0,1568.099059091497,0.0,0.0,0.0,0.0,0.0,2731.216280204212,1638729.7681225273,2120976.309247557,81.25739601692553,83.09282667941862,0.3460405426734738,0.7701837158534011,0.36028137401965956,83.09282667941862,0.3542647819438875,2120976.309247557,0.11080076808087298 
 03/25  11:50:00,6.685,85.66666666666667,3.645,87.66666666666666,6.666666666666667,0.0,0.0,0.0,0.0,0.0,0.0,0.0,0.0,0.0,0.0,2880.0,0.0,141.3424046611688,31.654235177000144,81.1128599935079,4.238174618656371,112.80486197352477,0.0,31.65423517700013,43.27373934501196,0.0,0.0,20.852511487701059,-1679.4373764535436,19.857615781128634,453.3801796843254,20.609027562274365,-381.3192460623932,19.853652578837005,179.62155426654099,14.86870189977865,46.494030400450998,17.50154203323016,-7.538179515708009,17.206545176050015,151.80790129762955,16.065772517644537,-34.14971639066772,16.121969777016309,-98.82210154923314,1083.5397780291096,951.4695755381392,0.0,0.0,0.0,0.0,0.0,0.0,0.0,0.0,0.0,0.0,0.0,0.0,0.0,0.0,0.0,0.0,0.0,0.0,0.0,0.0,0.0,0.0,1.4011348697313815,0.42769684668235088,480.52835553799346,563.4515873288087,14112.995027837644,0.3140386953572484,0.047930203809103847,277.5380739499426,326.4081420719704,7672.236627619216,1.5361269049831872,0.2902734136400581,274.4136583539323,322.2053827379742,7895.567175355793,0.31483436201570327,0.05949250982912002,202.28509755871193,237.76174515040848,5574.210365887151,0.0,0.0,11.329572002509288,13.582900766220029,190.45938907242323,0.0,0.0,32.13091084370713,38.18926693643698,700.6854280698119,0.0,0.0,289.55942362280578,343.9829871524886,6375.444520974383,0.0,0.0,27.475200137577283,32.812058412044148,522.6487880878517,0.0,0.0,188.47051100244333,225.2343585682499,3513.3737686707156,35.23363283221866,24.165728965856425,524.3795752628369,618.7968886460145,14402.502616181304,0.0,0.0,214.42807133918815,256.62987483038406,3827.507720503015,1819.8280230727015,21.512322915340059,35.49643176052931,22.0,30.0,0.0,20.607613625635027,37.592673506395218,16.0,30.0,133.0900560660274,21.19284995140798,36.184845002227749,21.0,30.0,0.0,20.53583532099882,37.75457266997259,16.0,30.0,0.0,14.98031025936949,54.514839284301789,12.0,30.0,0.0,17.547141228516887,46.132116013216919,16.0,30.0,0.0,17.657809447717946,45.52363698789175,10.0,30.0,0.0,16.1109609079635,50.52679445718647,16.0,30.0,0.0,15.91614993322777,50.99553945148496,12.0,30.0,0.0,19.62244033985401,0.0,0.0,0.0,15.496173825378108,0.0,0.0,557.6967329071893,561.0091855884497,556.6576423072016,560.6699505316078,597.4876227172167,589.4904974807485,576.0769452125319,588.9546911760879,581.8450155605456,9997.408101119068,81.39441688980978,83.15481378890947,60.0,0.0,60.0,60.0,16.0,16.0,16.0,12.0,16.0,12.0,21.0,10.0,1.0,0.0,1819.8280230727015,0.0,133.0900560660274,0.0,0.0,0.0,0.0,0.0,2664.11972081775,1598471.83249065,2068753.8841169559,81.39441688980978,83.1847111723728,0.34380399069392506,0.769799578962431,0.36028137401965956,83.1847111723728,0.3542647819438875,2068753.8841169559,0.10810186864074838 
 03/25  12:00:00,6.72,85.0,3.64,93.0,6.0,0.0,0.0,0.0,0.0,0.0,0.0,0.0,0.0,0.0,0.0,2880.0,0.0,148.47376578288783,33.56048254837677,85.99754724212083,4.452009936053082,118.49637890269863,0.0,33.560482548376757,45.87972402335932,0.0,0.0,21.021143671933016,-1286.8370145780269,19.885959879985813,545.9474436737191,20.975143879514954,-1919.4511665836804,19.955638904220768,652.8310280653554,14.877425694491974,45.74784332625097,17.453119034724304,-6.939947316365959,17.213407539933617,169.26931665563735,16.281078846294919,-46.59541338950399,16.126190734850419,-104.70757559327626,1129.7167201459698,901.9575092156367,0.0,0.0,0.0,0.0,0.0,0.0,0.0,0.0,0.0,0.0,0.0,0.0,0.0,0.0,0.0,0.0,0.0,0.0,0.0,0.0,0.0,0.0,1.4565636939923364,0.44461651220767298,434.09003949148475,508.5296852388109,12940.958009165264,0.3568947812520067,0.05447112045970799,328.5812632703131,386.35473389078666,9082.024096521141,1.2440468819238544,0.23508066551849106,490.18123854008788,574.6093342496057,14507.576260847703,0.34433549153641526,0.06506717527143144,359.61872538874339,422.7793303301565,10027.850670622129,0.0,0.0,11.37643138430927,13.639243447031019,190.64858244772544,0.0,0.0,31.84121375675055,37.83973410832138,688.7967267745022,0.0,0.0,282.3339554010936,335.3919831926884,6203.93999022114,0.0,0.0,25.268714498454135,30.156602206950177,493.51353919851609,0.0,0.0,184.12074185864516,220.0267936315527,3425.793014829652,35.423887539612277,24.29621916297139,681.3608801881436,803.7400693635004,18562.291170605647,0.0,0.0,207.47853962315447,248.34400354331025,3681.8897468442007,1780.5768669273605,21.79378100326204,34.718685506606338,22.0,30.0,0.0,20.63645120797694,37.32240192786536,16.0,30.0,2381.984924357649,21.68320922953952,34.91940980351579,21.75,30.0,0.0,20.775391914567157,36.96827894721699,16.0,30.0,0.0,14.98869885625512,54.230297819978137,12.0,30.0,0.0,17.49366979477634,46.04829686150971,16.0,30.0,0.0,17.669756116898087,45.251270913132149,10.0,30.0,462.4868999557997,16.45254993709142,49.20304891307467,16.25,30.0,0.0,15.933121812211184,50.68135179927591,12.0,30.0,0.0,19.749805668336657,0.0,0.0,0.0,15.478630075380544,0.0,0.0,549.6042298804887,551.8692776951277,547.6922656439026,550.1506336040359,587.029952341119,578.6007557818025,566.1259244000009,577.9209588212664,571.7751255539799,9479.90181830787,81.736597216792,85.14907785401469,60.0,0.0,60.0,60.0,16.0,16.0,16.0,12.0,16.0,12.0,21.0,10.0,1.0,0.0,1780.5768669273605,0.0,2381.984924357649,0.0,0.0,0.0,462.4868999557997,0.0,5164.484755407777,3098690.8532446667,4042033.196180229,81.736597216792,85.207033103893,0.34214949184692597,0.766212847714573,0.36028137401965956,85.207033103893,0.3542647819438875,4042033.196180229,0.21072905953470529 
 03/25  12:10:00,6.803333333333333,84.50000000000002,3.6050000000000006,98.33333333333333,5.333333333333333,0.0,0.0,0.0,0.0,0.0,0.0,0.0,0.0,0.0,0.0,1440.0,0.0,156.02782936090999,35.35156585385711,90.58713298764518,4.678519754958424,124.52524987482515,0.0,35.351565853857099,48.32827069249113,0.0,0.0,20.89556118458971,-1687.8420596682009,19.97084315767742,451.6727765972637,20.73961118931551,-545.8785093806991,19.930295864810814,97.09374646521246,14.888469577993935,46.41694888569589,17.41380345109455,2.9765299080360139,17.25945349637532,152.94374330623396,16.38826741937286,-48.645677451856958,16.12430841134361,-106.14138641574209,1100.8483929983905,917.2892080289989,0.0,0.0,0.0,0.0,0.0,0.0,0.0,0.0,0.0,0.0,0.0,0.0,0.0,0.0,0.0,0.0,0.0,0.0,0.0,0.0,0.0,0.0,1.3738865434935375,0.41937928678068905,485.6438124988508,568.7599401378417,14138.887392881301,0.31524238668667617,0.048113917381971339,290.9311890367065,341.7821460483401,8055.320480431776,1.606587035742165,0.3035878752347252,316.17836684486977,370.66867968714396,9124.956262272792,0.3081891016555732,0.058236791696064469,189.0558127242374,222.3390780451754,5238.803691460019,0.0,0.0,11.406016242231658,13.661000916202124,189.56350104716322,0.0,0.0,38.252402937850408,45.41973242794598,818.224831864076,0.0,0.0,292.1255871079869,346.5871590346593,6409.362148596396,0.0,0.0,22.115022637226504,26.339186602882614,438.86669779269746,0.0,0.0,191.8354397052562,229.01072368172278,3540.2004546110858,35.03801259553171,24.03155870749775,586.1972656300384,690.8642470598984,16021.712457743713,0.0,0.0,210.80653525703617,251.99955382583119,3737.816345488207,1870.7076952344306,21.50263430723814,35.2743193033938,22.0,30.0,0.0,20.74700631867899,37.020932993027688,16.0,30.0,1244.1699248839994,21.360465567261345,35.63195769658222,21.5,30.0,0.0,20.61923912079348,37.291025031824947,16.0,30.0,0.0,15.001731258874634,53.95412182652572,12.0,30.0,0.0,17.451218323201723,45.97444567832869,16.0,30.0,0.0,17.736597884102609,44.998855057049429,10.0,30.0,0.0,16.648939412231309,48.40898216361177,16.0,30.0,0.0,15.938747803982482,50.55750069014387,12.0,30.0,0.0,19.772928423838985,0.0,0.0,0.0,15.554728755813402,0.0,0.0,546.3834171244092,549.7501278178295,547.2874774143421,548.5319244591838,577.9114745798453,569.9715402365368,563.5120196473558,571.2270246324885,567.7178050752552,10411.014629310801,81.12081034376493,84.86390025819108,60.0,0.0,60.0,60.0,16.0,16.0,16.0,12.0,16.0,12.0,21.0,10.0,1.0,0.0,1870.7076952344306,0.0,1244.1699248839994,0.0,0.0,0.0,0.0,0.0,5664.28833152782,3398572.998916692,4404732.928105056,81.12081034376493,84.92747035114378,0.35880961105092737,0.7666805135763607,0.36028137401965956,84.92747035114378,0.3542647819438875,4404732.928105056,0.22960611226146294 
 03/25  12:20:00,6.886666666666667,84.0,3.5700000000000005,103.66666666666667,4.666666666666666,0.0,0.0,0.0,0.0,0.0,0.0,0.0,0.0,0.0,0.0,2160.0,0.0,163.60306852461216,37.13002775596622,95.14437705133207,4.905664505970167,130.57102077426374,0.0,37.1300277559662,50.75956294632588,0.0,0.0,20.858730772447104,-1555.3972269244169,19.928592819463384,347.5498787935241,20.83162959004751,-690.8702151635635,19.799387751504498,303.54865384756149,14.897446335968894,45.09570309157491,17.386881707962389,4.7259293406355769,17.227166661776218,130.68550249441609,16.19074485594501,-34.321092586041718,16.130172886825414,-84.61582764119973,1036.6647668509368,888.7392815226797,0.0,0.0,0.0,0.0,0.0,0.0,0.0,0.0,0.0,0.0,0.0,0.0,0.0,0.0,0.0,0.0,0.0,0.0,0.0,0.0,0.0,0.0,1.383500270990201,0.4223138800336388,419.19049762915827,491.4714042170633,12105.538944479631,0.3051823096046574,0.046578496581907418,261.32881935744987,307.3100071387997,7133.165235382047,1.3450414523787496,0.2541650514699073,272.64828089682626,319.869348474239,7854.602952860598,0.321389356155546,0.06073117085327773,277.81611652335786,326.9598806032223,7473.754481354368,0.0,0.0,11.135254351777523,13.34807940225565,183.3745354557749,0.0,0.0,39.43842624886584,46.885493249807179,835.0877214488824,0.0,0.0,290.53257145363519,345.09923100481088,6289.3049419143549,0.0,0.0,22.91856316049414,27.340504948230874,438.1329520162092,0.0,0.0,189.0250858585786,225.8581224153669,3464.211642257251,34.71757198481062,23.811777767359819,532.656815882028,628.6036484238774,14360.648597482614,0.0,0.0,209.08057910038813,250.13859739139989,3685.664489319757,1817.0001437946594,21.446279186532338,35.3138664861887,21.999999999999994,29.99999999999999,0.0,20.630497489918615,37.19180041998008,15.999999999999993,29.99999999999999,1031.7597141373008,21.428462439622014,35.36469921113517,21.333333333333326,29.99999999999999,0.0,20.419908442015843,37.67518039747904,15.999999999999993,29.99999999999999,0.0,15.010344279689552,53.778132461116708,11.999999999999995,29.99999999999999,0.0,17.42596720345505,45.93372054790924,15.999999999999993,29.99999999999999,0.0,17.67113785708845,45.07280551856526,9.999999999999997,29.99999999999999,0.0,16.368952029476487,49.178734774707297,15.999999999999993,29.99999999999999,0.0,15.959809300883809,50.38750484982715,11.999999999999995,29.99999999999999,0.0,19.607893628082576,0.0,0.0,0.0,15.588247807309573,0.0,0.0,542.5994161112963,545.4108752422205,542.4839179716194,545.2227392155304,572.2768696794373,565.1360301938256,558.9502328113821,567.2351153313045,563.8879671127367,10146.852068419586,81.29555896606213,85.93889096293268,59.99999999999998,0.0,59.99999999999998,59.99999999999998,16.0,16.0,16.0,12.0,16.0,12.0,21.0,10.0,1.0,0.0,1817.0001437946594,0.0,1031.7597141373008,0.0,0.0,0.0,0.0,0.0,7027.124032477594,4216274.419486558,5500720.317984024,81.29555896606213,86.0177501550439,0.3475708010825864,0.7654739784708859,0.36028137401965945,86.0177501550439,0.35426478194388735,5500720.317984024,0.2865941232018359 
 03/25  12:30:00,6.97,83.5,3.535,109.0,4.0,0.0,0.0,0.0,0.0,0.0,0.0,0.0,0.0,0.0,0.0,3600.0,0.0,171.22673292412953,38.895085698081967,99.66727419249144,5.1342612579363939,136.65543927106666,0.0,38.89508569808194,53.17253097063176,0.0,0.0,20.896742207777935,-1421.554804244347,19.899514636631637,366.4469061693625,20.95964085802243,-1286.6396993550953,19.828212927690847,468.4408814137536,14.905539010248388,44.13088920180597,17.361419779557225,4.414762499944846,17.21429989289411,133.18002909007957,16.05872814071032,-28.825350110133493,16.138899545728465,-82.75111925405783,1029.4396663397238,856.8364996430183,0.0,0.0,0.0,0.0,0.0,0.0,0.0,0.0,0.0,0.0,0.0,0.0,0.0,0.0,0.0,0.0,0.0,0.0,0.0,0.0,0.0,0.0,1.397031998247972,0.42644444390963739,402.01367029071278,471.62958362710176,11589.68312097624,0.3170114700461205,0.04838392399971315,276.15793819030838,325.03262106959087,7455.968063437007,1.2621797258631298,0.23850712884790824,347.6005117899127,407.5071897848485,10081.684577855392,0.32732373523801097,0.061852557679140388,314.3595842475265,370.07415010846446,8442.002791630144,0.0,0.0,11.049779663795807,13.255076782644025,180.26522680356355,0.0,0.0,38.80620225357707,46.16956247293096,813.2157014989024,0.0,0.0,286.9398994887829,341.10579923965397,6151.040825216468,0.0,0.0,25.4060741025857,30.353072742169997,471.869513139446,0.0,0.0,182.5210519667009,218.227786914879,3321.9309647279935,34.524568985992569,23.67940259670273,584.2940920721976,689.928076105175,15561.362282362978,0.0,0.0,205.94883500337805,246.56806033994583,3597.3687544567617,1850.0561462549218,21.50493551531629,35.08632795374987,22.0,30.0,0.0,20.562170813048359,37.23700346701088,16.0,30.0,1591.2286627940098,21.504177220347168,35.09327881081356,21.4,30.0,0.0,20.473783337372106,37.43762523127052,16.0,30.0,0.0,15.017611018228879,53.60510499111408,12.000000000000002,30.0,0.0,17.39923955757015,45.88637345941504,16.0,30.0,0.0,17.648214783135484,45.00131396033447,10.0,30.0,0.0,16.173078060475026,49.662908210553727,16.0,30.0,0.0,15.980805062456263,50.171913366458,12.000000000000002,30.0,0.0,19.603842429950725,0.0,0.0,0.0,15.592060502726458,0.0,0.0,537.788872497199,540.449723035045,537.3679507553752,540.2463016866811,566.8323978460746,560.0933475230992,553.5668100799782,562.2177487561276,558.5300010831152,9307.260927514817,81.85078775133124,83.19887663010168,60.0,0.0,60.0,60.0,16.0,16.0,16.0,12.0,16.0,12.0,21.0,10.0,1.0,0.0,1850.0561462549218,0.0,1591.2286627940098,0.0,0.0,0.0,0.0,0.0,2040.2371982466362,1224142.3189479816,1588870.0758986278,81.85078775133124,83.22177165461115,0.3400079066082212,0.7680413445938091,0.36028137401965956,83.22177165461115,0.35426478194388757,1588870.0758986278,0.08317457728006196 
 03/25  12:40:00,7.053333333333333,83.0,3.5,112.5,7.333333333333332,0.0,0.0,0.0,0.0,0.0,0.0,0.0,0.0,0.0,0.0,2880.0,0.0,185.20917139751163,40.20118491944688,103.01412011188894,5.553523188362234,147.81473229410774,0.0,40.20118491944686,54.95806762782876,0.0,0.0,20.91135754270742,-1733.9105142634463,19.923739655293219,415.8098336383815,20.85746576022426,-630.1493776458387,19.894034889236793,229.45834004103669,14.91488460880808,44.50149744795294,17.34223669222663,8.472711996604519,17.227453675622806,148.37998865412517,16.168479921460948,-34.526294863887198,16.146008215290743,-76.04299367039292,1011.0389882692292,847.311311745015,0.0,0.0,0.0,0.0,0.0,0.0,0.0,0.0,0.0,0.0,0.0,0.0,0.0,0.0,0.0,0.0,0.0,0.0,0.0,0.0,0.0,0.0,1.375237463131598,0.41979165541257587,442.5942582129096,519.2235555101541,12668.033213191628,0.31138302027899297,0.04752488099496232,280.7699650475104,330.47626128793828,7547.5736577363609,1.3185778278315712,0.249164366559254,255.31133857307496,299.81922680091039,7249.646060852065,0.3121675640131683,0.05898857974549666,265.7836129569296,312.9237203183925,7128.74803388405,0.0,0.0,11.115612833937809,13.332374740167685,179.6962064105594,0.0,0.0,40.72638581176854,48.45027157413637,845.008864341438,0.0,0.0,290.70252515814669,345.5109122913723,6195.673448074069,0.0,0.0,27.985832520666685,33.422615744813167,518.861999656583,0.0,0.0,180.74721556696063,216.06618794990866,3266.1287269124056,34.29138880243987,23.519471057914879,540.5509453991667,638.3986318876242,14376.273815386618,0.0,0.0,206.8989188719479,247.63729267875807,3597.4472395172599,1855.191421167732,21.487080789374227,35.030293883932788,22.000000000000008,30.00000000000001,0.0,20.585555869413115,37.09288842023383,16.000000000000008,30.00000000000001,949.606223976079,21.338452640251,35.37789375472232,21.250000000000008,30.00000000000001,0.0,20.542176162736597,37.19351916364181,16.000000000000008,30.00000000000001,0.0,15.027013653504199,53.41031587931178,12.000000000000004,30.00000000000001,0.0,17.376915084000719,45.81187753573248,16.000000000000008,30.00000000000001,0.0,17.66888861581664,44.82594855285782,10.000000000000004,30.00000000000001,342.6100753780144,16.232479601962465,49.3292170467644,16.000000000000008,30.00000000000001,0.0,15.99881360775384,49.97143221271588,12.000000000000004,30.00000000000001,0.0,19.618028302445287,0.0,0.0,0.0,15.635852039887077,0.0,0.0,533.3926852560334,536.3860011601512,534.048398092894,536.3930811817136,561.0971184476832,554.6471731255119,548.9911895590801,556.4217785101587,553.4505698717212,9758.041158505273,81.55271822749525,83.28104132639229,60.00000000000002,0.0,60.00000000000002,60.00000000000002,16.0,16.0,16.0,12.0,16.0,12.0,21.0,10.0,1.0,0.0,1855.191421167732,0.0,949.606223976079,0.0,0.0,0.0,342.6100753780144,0.0,2615.6291387200647,1569377.4832320389,2032028.8823421358,81.55271822749525,83.31039399025049,0.34218763795733567,0.7696062666270646,0.36028137401965967,83.31039399025049,0.35426478194388769,2032028.8823421358,0.10621550188179106 
 03/25  12:50:00,7.136666666666667,82.5,3.465,116.0,10.666666666666665,0.0,0.0,0.0,0.0,0.0,0.0,0.0,0.0,0.0,0.0,5760.0,0.0,199.6695110432477,41.496304964892328,106.33283229123826,5.98711470173757,159.35543259273,0.0,41.49630496489231,56.72859491916032,0.0,0.0,20.939225997224896,-1418.0275960616928,19.93590787634531,399.53141034363878,20.943479124699669,-1212.0424794370347,19.860040565879168,433.7587106520698,14.924576929110995,44.05044740843933,17.331021093954637,10.68502203102122,17.2307546755555,151.5439274260632,16.470996523395266,-40.997783589194778,16.15190184442528,-79.94116492411615,1010.7194466698902,813.1924754897593,0.0,0.0,0.0,0.0,0.0,0.0,0.0,0.0,0.0,0.0,0.0,0.0,0.0,0.0,0.0,0.0,0.0,0.0,0.0,0.0,0.0,0.0,1.3527631941870738,0.4129313779569822,419.4914062079201,492.46670013097386,11955.699577512332,0.31460425058194799,0.04801652176159158,286.61804033100767,337.52989084875318,7650.170123888432,1.251939498066281,0.23657208958168586,356.1706049029575,417.9320838195361,10189.632942271684,0.3200333735839067,0.06047493831895438,305.07851759275607,359.3298697335165,8098.762898166167,0.0,0.0,11.043120039039904,13.253970169158397,176.87533422316694,0.0,0.0,41.72962500252426,49.68229308866881,857.8451619759171,0.0,0.0,283.25307303432319,336.89033338173189,5992.778750995911,0.0,0.0,17.646558648014389,21.04748924307436,346.1922187579075,0.0,0.0,185.9889629924757,222.4739593340697,3334.689622664857,34.110718198435829,23.395554319914838,585.8090171172809,692.0032100278048,15437.16475971777,0.0,0.0,200.02348467721769,239.56198114885005,3452.1171212050287,1816.4096412579018,21.503097429731775,34.87506951826178,22.0,30.0,0.0,20.57262000298497,36.986538069994988,16.0,30.0,1474.9291753636697,21.464897542343424,34.96573006601373,21.375,30.0,0.0,20.48908293646416,37.17423989400892,16.0,30.0,0.0,15.036577844906775,53.222659387221799,12.0,30.0,0.0,17.36425695392454,45.70238090437003,16.0,30.0,0.0,17.674594576750683,44.637198597241397,10.0,30.0,157.03595240954003,16.881302347696477,47.20408926256599,16.375,30.0,0.0,16.012585678654067,49.75169020208042,12.0,30.0,0.0,19.647078595031965,0.0,0.0,0.0,15.65576781723106,0.0,0.0,527.7523813952394,530.3890076690001,527.6477463720471,530.2064000062586,555.7917965308441,549.061912160507,542.4165134532065,551.9511094497304,547.3378258976699,9656.942418301487,81.61957925265597,82.50552209299022,60.0,0.0,60.0,60.0,16.0,16.0,16.0,12.0,16.0,12.0,21.0,10.0,1.0,0.0,1816.4096412579018,0.0,1474.9291753636697,0.0,0.0,0.0,157.03595240954003,0.0,1340.744249302329,804446.5495813974,1041900.397636356,81.61957925265597,82.52056834354748,0.3421914749767443,0.7704087250001177,0.36028137401965956,82.52056834354748,0.3542647819438875,1041900.397636356,0.054722154010423847 
 03/25  13:00:00,7.22,82.0,3.43,119.5,14.0,0.0,0.0,0.0,0.0,0.0,0.0,0.0,0.0,0.0,0.0,1440.0,0.0,243.1503456623962,42.645490836064137,109.27759605680306,7.290870434431377,194.0570675764223,0.0,42.64549083606411,58.2996191302963,0.0,0.0,20.96342814564136,-1700.7416554289767,20.007260727432056,463.90142473285689,20.50288351684332,-403.7801715213368,19.91052263134877,234.07994863833893,14.93895774092384,44.68398809439904,17.334288736112887,12.98956251810489,17.26653987279612,166.02467608258213,16.227149616886466,-28.87243897943739,16.155151297044328,-73.71894828246968,996.2850820709919,804.723613076425,0.0,0.0,0.0,0.0,0.0,0.0,0.0,0.0,0.0,0.0,0.0,0.0,0.0,0.0,0.0,0.0,0.0,0.0,0.0,0.0,0.0,0.0,1.3057284751096146,0.3985740156012254,476.5362612434669,558.4153212372717,13455.86622448223,0.3080108672588474,0.04701020562558721,300.51165594007969,353.2515354583679,8020.556383160718,1.4592925816072545,0.275754456086027,279.809583241075,328.771443023551,7671.74044179436,0.30954856128959298,0.05849368127165398,259.47014060989849,305.26356347017056,6879.211865244969,0.0,0.0,11.180740437945442,13.396821460570106,177.61451502806654,0.0,0.0,42.94732912551379,51.0510138212251,875.5951020959545,0.0,0.0,287.92262490420128,341.8203423034412,6078.203190196083,0.0,0.0,20.1182481543675,23.982249137199127,374.4411064098481,0.0,0.0,185.53198045301628,221.57268933772435,3300.145959852612,33.88480252288915,23.240605296906148,560.1884919294104,660.8434797331436,14729.523751347751,0.0,0.0,202.15991433554707,241.6833129551938,3478.295808560173,1861.2218531322813,21.50015111407952,34.84970330535856,22.0,30.0,0.0,20.65568532817509,36.746704211436568,16.0,30.0,214.849007220202,20.982788613952694,35.97442616879205,21.0,30.0,0.0,20.53533641745015,37.01087044194842,16.0,30.0,0.0,15.05264720879558,52.98558435697479,12.0,30.0,0.0,17.359139026476144,45.57432840458925,16.0,30.0,0.0,17.732432761543753,44.41412812045135,10.0,30.0,0.0,16.456000362490927,48.35917688758791,16.0,30.0,0.0,16.022627939117446,49.61538234848796,12.0,30.0,0.0,19.679926840933523,0.0,0.0,0.0,15.711302166377984,0.0,0.0,526.0026241855401,528.0228731415143,526.2536422438537,527.5637881285185,549.7073301472019,543.6686251235362,539.995596465892,546.9922593709446,543.6753427317067,9947.415792871428,81.4274996998916,81.4274996998916,60.0,0.0,60.0,60.0,16.0,16.0,16.0,12.0,16.0,12.0,21.0,10.0,1.0,0.0,1861.2218531322813,0.0,214.849007220202,0.0,0.0,0.0,0.0,0.0,0.0,0.0,0.0,81.4274996998916,81.4274996998916,0.34,0.7685912194170426,0.36028137401965956,81.4274996998916,0.3542647819438875,0.0,0.0005366666666666666 
 03/25  13:10:00,7.32,81.66666666666667,3.4333333333333337,123.0,17.333333333333333,0.0,0.0,0.0,0.0,0.0,0.0,0.0,0.0,0.0,0.0,2880.0,0.0,260.0875888449981,43.90841139731806,112.51379818646577,7.798730496425507,207.57455602789046,0.0,43.90841139731804,60.02612728554208,0.0,0.0,20.83575936700891,-1191.0580037278792,20.062061841391356,425.23662993495329,21.04246465764748,-1377.780523013561,19.981073278037614,524.0608930360218,14.951844692697435,44.89642733485576,17.340242545223867,16.64592104968915,17.27018059653904,145.9872255773421,16.08905891278868,-23.47640882051138,16.168415361222548,-50.06640712171725,1014.1830413586095,800.4593096865729,0.0,0.0,0.0,0.0,0.0,0.0,0.0,0.0,0.0,0.0,0.0,0.0,0.0,0.0,0.0,0.0,0.0,0.0,0.0,0.0,0.0,0.0,1.3771202106417407,0.42036636466475599,429.23800890841917,503.8237192102898,12029.806564093058,0.3203612356948137,0.04889518249310342,290.1794863948272,341.3989375403595,7714.1436192049609,1.2260994530325516,0.23168923904621167,374.16573508492959,438.85469302360618,10708.657187959838,0.3190488356208895,0.06028889561997155,314.37177687814127,369.9445646848574,8366.230715952288,0.0,0.0,11.102005765376527,13.31832988721058,174.41217691908899,0.0,0.0,44.36983312795821,52.80877461543402,896.057887390962,0.0,0.0,292.56836894570258,347.78453602354787,6114.045132483403,0.0,0.0,25.009293591250633,29.87784672234713,450.4346954981362,0.0,0.0,182.6003716082622,218.32531211866903,3221.0160521692675,33.9284311155979,23.270528885869625,598.0225020381455,705.9101947733135,15660.27891768162,0.0,0.0,205.4921425225626,245.91561158692509,3524.408995473248,1394.1984378610706,21.477820528059227,34.853252101861809,21.75,30.0,0.0,20.69747858267978,36.59879044857224,16.0,30.0,1829.3250063055412,21.678628747448049,34.415468903380318,21.5,30.0,0.0,20.688879076489387,36.59630564277541,16.0,30.0,0.0,15.066626633061475,52.82536076630362,12.0,30.0,0.0,17.364154646269257,45.477278430271088,16.0,30.0,0.0,17.727204855169768,44.32854072127848,10.0,30.0,0.0,16.243161792331259,48.90483798830729,16.0,30.0,0.0,16.050909287695096,49.41776919802043,12.0,30.0,0.0,19.7641790653607,0.0,0.0,0.0,15.786996874885955,0.0,0.0,523.4840005851459,525.5184271927693,522.6181217235403,524.3577412497907,545.9351457454827,540.511605678438,536.1277186596115,542.9477497557673,539.9184385266835,9585.901913929805,81.66641379621567,85.3013352593142,60.0,0.0,60.0,60.0,16.0,16.0,16.0,12.0,16.0,12.0,21.0,10.0,1.0,0.0,1394.1984378610706,0.0,1829.3250063055412,0.0,0.0,0.0,0.0,0.0,5500.773284529105,3300463.970717463,4320889.6398782399,81.66641379621567,85.36306829286873,0.35335910948430357,0.7653409064813395,0.36028137401965956,85.36306829286873,0.3542647819438875,4320889.6398782399,0.22521626127366846 
 03/25  13:20:00,7.42,81.33333333333334,3.436666666666667,126.5,20.666666666666669,0.0,0.0,0.0,0.0,0.0,0.0,0.0,0.0,0.0,0.0,2880.0,0.0,277.4291167585844,45.15718121071301,115.7137393596029,8.318712755742139,221.4146989042465,0.0,45.15718121071299,61.73329029562918,0.0,0.0,20.869771091639327,-1245.0108868125286,20.102028492192326,285.91124861593917,20.98183125960516,-1018.8148863534648,19.97287965740675,294.1304776975853,14.965143703602909,43.499006828339037,17.34868346104824,14.352820132499517,17.27455344610769,125.33695947754222,15.982552229343018,-14.737609498193365,16.189432355115078,-38.46035812291893,950.2281825625273,762.5969849336661,0.0,0.0,0.0,0.0,0.0,0.0,0.0,0.0,0.0,0.0,0.0,0.0,0.0,0.0,0.0,0.0,0.0,0.0,0.0,0.0,0.0,0.0,1.3066180435522659,0.39884555663988577,444.65774026463608,522.596886013843,12213.823140277878,0.2935130151173745,0.04479746872975802,246.29120127106985,289.8763567413061,6516.630732339978,1.365833882726562,0.2580940821478765,355.93544413932866,417.2820142363355,10031.623561525957,0.3046994245063227,0.05757736668675786,275.32826597044297,323.9997761209031,7217.5951896345909,0.0,0.0,10.86455801796494,13.035398807737112,168.8093282560303,0.0,0.0,41.392523278204979,49.262161428433547,828.2221963034554,0.0,0.0,285.4856118857309,339.39542394444967,5910.722349767227,0.0,0.0,28.387705838294786,33.94164800903484,496.97552415878598,0.0,0.0,175.5939377643593,209.93215518482647,3075.3581073365087,33.579046731114818,23.03089624904995,534.2448474944583,630.9718209693191,13816.526697643936,0.0,0.0,201.6797581162949,241.34485014929275,3432.3022339856595,1836.908096118585,21.418308748579816,34.83934432390459,22.0,30.0,0.0,20.714873864268755,36.43127499706312,16.0,30.0,1839.6702958630172,21.52923698913333,34.64496214804652,21.5,30.0,0.0,20.59076427316214,36.716210071130287,16.0,30.0,0.0,15.08122439588903,52.622680160392089,12.0,30.0,0.0,17.369831083242553,45.316434867578447,16.0,30.0,0.0,17.732991727189029,44.1316201958079,10.0,30.0,0.0,16.084556129860859,49.21970595817688,16.0,30.0,0.0,16.088708796227058,49.107985012025448,12.0,30.0,0.0,19.62743433479084,0.0,0.0,0.0,15.818378279057747,0.0,0.0,516.1370772234571,519.3752998563599,518.0755673179373,519.6363713597225,540.9155592787272,535.0929122136804,529.137366617756,536.6798358484563,533.3709532915979,8585.50259091075,82.32805436461382,82.32805436461382,60.0,0.0,60.0,60.0,16.0,16.0,16.0,12.0,16.0,12.0,21.0,10.0,1.0,0.0,1836.908096118585,0.0,1839.6702958630172,0.0,0.0,0.0,0.0,0.0,0.0,0.0,0.0,82.32805436461382,82.32805436461382,0.34,0.7704611470838657,0.36028137401965956,82.32805436461382,0.3542647819438875,0.0,0.0005466666666666667 
 03/25  13:30:00,7.52,81.0,3.4400000000000006,130.0,24.0,0.0,0.0,0.0,0.0,0.0,0.0,0.0,0.0,0.0,0.0,2882.0,0.0,295.1511303596942,46.38944343113602,118.87138021523188,8.850103599182749,235.55850232863038,0.0,46.389443431136,63.417886174604529,0.0,0.0,20.89032349176251,-778.9364525505303,20.02084683119596,236.44101040970464,21.10447513671408,-1439.7295271682322,20.00377099864193,333.4973752290796,14.976962029510185,42.47848310101216,17.361566534350005,12.588246636870963,17.222946996343098,132.57635160405017,16.368137349318546,-31.302879608290909,16.21029725998754,-37.62169399891877,931.5914276087669,731.19781441345,0.0,0.0,0.0,0.0,0.0,0.0,0.0,0.0,0.0,0.0,0.0,0.0,0.0,0.0,0.0,0.0,0.0,0.0,0.0,0.0,0.0,0.0,1.3510530169104409,0.4124093458212579,335.30801996840276,393.70050907894309,9242.62721771018,0.2984220079636098,0.04554670451215046,231.7578823877334,272.7963180069487,5990.548699998754,1.2072933096086416,0.22813554603337903,367.11170722344289,430.4972789520217,10261.031855197965,0.2862960782484092,0.05409978802879991,238.74843422369885,280.75508326925987,6242.682459625798,0.0,0.0,10.632699012344146,12.75743349749662,163.32421892138005,0.0,0.0,40.352876139045118,48.0519021421448,800.2417553669163,0.0,0.0,278.2530024449266,331.01132790268016,5649.8554882032899,0.0,0.0,26.531145178507129,31.69751836644607,478.99273473401726,0.0,0.0,173.58493912399289,207.5557497123474,3017.1936905508534,33.472043488907619,22.957505822296043,493.54561694353887,582.6588160490497,12735.972978900521,0.0,0.0,197.06313594830983,235.86535391556357,3325.148222465482,984.9415555233054,21.356548781312236,34.90168825497278,21.5,30.0,0.0,20.521091225562665,36.768446407370088,16.0,30.0,1835.3897140433087,21.688747267050926,34.16034245403199,21.5,30.0,0.0,20.62859939815926,36.52172379313521,16.0,30.0,0.0,15.093149413980964,52.417632858200878,12.0,30.0,0.0,17.381621438778479,45.12822536434392,16.0,30.0,0.0,17.626078915430669,44.292388148546297,10.0,30.0,697.8553016380462,16.585479664736807,47.53280529303475,16.5,30.0,0.0,16.123672491454028,48.81415761864861,12.0,30.0,0.0,19.621750786713294,0.0,0.0,0.0,15.845407272636518,0.0,0.0,512.5009891884924,514.3468277355345,510.42969906171268,514.1053254927326,535.5020997222504,529.2212834142438,523.7153773380278,530.0489986667801,526.8830764120999,8136.411993774892,81.26374638446286,85.09529259763092,60.0,0.0,60.0,60.0,16.0,16.0,16.0,12.0,16.0,12.0,21.0,10.0,1.0,0.0,984.9415555233054,0.0,1835.3897140433087,0.0,0.0,0.0,697.8553016380462,0.0,5797.994208175196,3478796.524905117,4527327.937580338,81.26374638446286,85.16036497219099,0.2782664736058399,0.5384398061021811,0.27021103051474468,85.16036497219099,0.2656985864579156,4527327.937580338,0.23598438608751089 
 03/25  13:40:00,7.619999999999999,80.66666666666666,3.4433333333333335,129.83333333333335,26.166666666666666,0.0,0.0,0.0,0.0,0.0,0.0,0.0,0.0,0.0,0.0,2884.0,0.0,302.42479681428667,46.39075040722817,118.87473551856718,9.068201573350589,241.3635448137313,0.0,46.39075040722815,63.41967291001056,0.0,0.0,20.999430611403939,-1658.0457348939886,20.102507196932164,457.54756678402239,20.68907715023211,-335.5647309180231,20.016682071500669,176.32804046686165,14.990258687465609,45.658529470118697,17.372921932195888,23.499362518548197,17.296903540246228,179.49261703373123,16.629250379673967,-32.012774463793679,16.218764587861217,-41.62039688057689,965.016377732125,753.6885799457225,0.0,0.0,0.0,0.0,0.0,0.0,0.0,0.0,0.0,0.0,0.0,0.0,0.0,0.0,0.0,0.0,0.0,0.0,0.0,0.0,0.0,0.0,1.2728864821005049,0.38854898721016636,479.56475836647516,562.8963877584947,13290.321534905224,0.29347525609611849,0.044791705753375838,281.74068586735117,331.7214670344657,7302.723552993606,1.3898392125414794,0.2626302366858428,274.91158096519708,323.1401893933281,7443.707446747028,0.29164255340321607,0.05511008189781103,206.04255061972794,242.446023354634,5332.642807288231,0.0,0.0,11.086301582774134,13.30308995070182,168.4102488845272,0.0,0.0,46.59371920150445,55.47470692939919,915.9172846016796,0.0,0.0,287.9627998267322,342.40261858752066,5870.30711358149,0.0,0.0,14.675317608376674,17.487943420881324,281.21506251971035,0.0,0.0,189.0447550996975,226.04996865285154,3252.721677542965,33.41973529830683,22.9216291483586,529.4155442737432,625.1912179310065,13638.682151480169,0.0,0.0,198.9256228234783,238.0390246559371,3346.302120609866,1815.5328203594777,21.60074917265112,34.27374971797964,22.0,30.0,0.0,20.663579871754096,36.340964055964679,16.0,30.0,59.917125449672557,21.243090071265443,35.02363243075681,21.0,30.0,0.0,20.61870123494252,36.433039457049428,16.0,30.0,0.0,15.109021114305297,52.189997124469758,12.0,30.0,0.0,17.394584356524619,44.927361154341699,16.0,30.0,0.0,17.77116083680707,43.74349030811922,10.0,30.0,0.0,17.133334654596817,45.76394491920863,16.0,30.0,0.0,16.135818763832679,48.618255301078587,12.0,30.0,0.0,19.797240210046767,0.0,0.0,0.0,15.923981425783229,0.0,0.0,506.76506504076346,508.7368552069494,506.0595715157488,508.34778699658906,529.6992282546348,522.8151642422929,517.7104617294191,526.0433661150943,521.1196877511872,9408.003335119722,81.78417541859396,83.4977391245753,60.0,0.0,60.0,60.0,16.0,16.0,16.0,12.0,16.0,12.0,21.0,10.0,1.0,0.0,1815.5328203594777,0.0,59.917125449672557,0.0,0.0,0.0,0.0,0.0,2593.3146483134748,1555988.7889880848,2015118.9170725025,81.78417541859396,83.52684112494397,0.34144382161044919,0.7691319949873055,0.36028137401965956,83.52684112494397,0.3542647819438875,2015118.9170725025,0.10536618368777014 
 03/25  13:50:00,7.720000000000001,80.33333333333334,3.446666666666667,129.66666666666667,28.33333333333333,0.0,0.0,0.0,0.0,0.0,0.0,0.0,0.0,0.0,0.0,2884.0,0.0,309.7255571055378,46.382783421179379,118.85432630279544,9.287111866891934,247.190209772137,0.0,46.38278342117935,63.40878143606677,0.0,0.0,20.993790144987586,-696.4892969796042,20.17163116839717,370.1293040857622,21.03899197512724,-1853.014205664727,20.13557939601667,605.7982962838732,15.00403600355379,44.954853987882007,17.3874953355876,20.20882718053207,17.310279493001717,138.54233192685025,16.36086737927934,-28.522995136746887,16.235980347713498,-19.136502310235984,994.6912815408323,724.6349341607674,0.0,0.0,0.0,0.0,0.0,0.0,0.0,0.0,0.0,0.0,0.0,0.0,0.0,0.0,0.0,0.0,0.0,0.0,0.0,0.0,0.0,0.0,1.3459151780737167,0.410841018948021,374.8766827291491,440.20845257541398,10277.7142326283,0.3215056800408325,0.04906985348608556,286.31080175235919,337.10737864966566,7409.3192565155509,1.096747472878097,0.2072463100676677,503.8877034676411,591.2627826987068,13957.492327643216,0.3131354012605236,0.05917146660251767,350.3384776875884,412.30776215678187,9148.079181438023,0.0,0.0,10.903039533216872,13.084029701696889,163.77476347520466,0.0,0.0,45.04055350246564,53.62115752813138,877.8198666853167,0.0,0.0,285.61797527972109,339.62026396483545,5771.665702293521,0.0,0.0,21.033026054384604,25.10526302254659,379.7358385693101,0.0,0.0,181.22404550024954,216.6872688496312,3093.094414454454,33.497718473061627,22.97511555079673,631.9489881109375,746.1755706314807,16133.255230298377,0.0,0.0,199.30111365328865,238.45278563056915,3336.0534281857046,853.2975129505044,21.50226417900826,34.412198964671919,21.5,30.0,0.0,20.73846683217318,36.076234394658467,16.0,30.0,2275.507979045593,21.73147250299058,33.90667831225872,21.75,30.0,0.0,20.877831016583515,35.75189626332509,16.0,30.0,0.0,15.124717358643057,51.96620048846887,12.0,30.0,0.0,17.409998731640376,44.73542253385405,16.0,30.0,0.0,17.780533515461593,43.58801370752746,10.0,30.0,0.0,16.672047872303147,46.97361152542075,16.0,30.0,0.0,16.167002149033097,48.368045980015399,12.0,30.0,0.0,19.913599755873457,0.0,0.0,0.0,15.984978852322767,0.0,0.0,502.16938881529878,503.29849634627376,500.7403448046625,502.41818726646127,523.8533558757187,516.7970956033473,512.1099022723947,520.3730852318262,515.2913095976694,7766.42711623912,81.09585671443715,84.50203822369089,60.0,0.0,60.0,60.0,16.0,16.0,16.0,12.0,16.0,12.0,21.0,10.0,1.0,0.0,853.2975129505044,0.0,2275.507979045593,0.0,0.0,0.0,0.0,0.0,5154.961019408802,3092976.611645281,4008114.9196762128,81.09585671443715,84.5598864934646,0.2568320339802934,0.5762604858971134,0.27021103051474468,84.5598864934646,0.2656985864579156,4008114.9196762128,0.2090186424898298 
 03/25  14:00:00,7.82,80.0,3.45,129.5,30.5,0.0,0.0,0.0,0.0,0.0,0.0,0.0,0.0,0.0,0.0,1444.0,0.0,317.03953340238766,46.36413927160957,118.80655689771956,9.506418353675695,253.02742138814197,0.0,46.364139271609548,63.383293470103229,0.0,0.0,20.939633155503786,-1133.9459490930267,20.164214109835496,280.9887330460533,20.84617656841589,-604.8091076782735,20.114977652694305,92.0993388669076,15.017005647800716,43.94781549409072,17.401849671140917,15.671497588765192,17.288296496273067,148.05983473457673,16.17085553215205,-15.45022705110597,16.257160520275606,-19.681210026411919,934.0910191726298,693.0451183888936,0.0,0.0,0.0,0.0,0.0,0.0,0.0,0.0,0.0,0.0,0.0,0.0,0.0,0.0,0.0,0.0,0.0,0.0,0.0,0.0,0.0,0.0,1.2849427067555448,0.3922291534662835,397.6326480591762,466.30279287638828,10808.78767609473,0.28784268485812278,0.043932033708504698,252.41229994532274,296.97426293812966,6452.568748566863,1.2727955090023802,0.2405131347321203,306.35151574731949,359.9595452358099,8170.383368299006,0.2681802738180084,0.050676544561226059,172.2623121289736,202.7959686890161,4465.563329457018,0.0,0.0,10.756440829772876,12.894445827318102,159.74419489770725,0.0,0.0,43.219456501834667,51.4061015748178,835.100594140012,0.0,0.0,281.86484309943259,334.87806928838895,5618.8906069297649,0.0,0.0,23.07135599014711,27.536084908521617,397.65401398708777,0.0,0.0,176.6383034794792,210.98126697431895,2991.513281843841,33.01078057706448,22.64113894174519,490.35218144038978,578.6269356067489,12513.530787445361,0.0,0.0,197.16388141502254,235.6405750683968,3273.72058668542,1471.7403365374906,21.49524443200218,34.38638834447532,21.5,30.0,0.0,20.676463117724447,36.19876882681865,16.0,30.0,1333.1945799224582,21.42983590775302,34.55486486666054,21.5,30.0,0.0,20.735420502703844,36.05366847142403,16.0,30.0,0.0,15.139092529459596,51.77415008574985,12.0,30.0,0.0,17.425004234477897,44.607726903868357,16.0,30.0,0.0,17.74076238739062,43.66483205378337,10.0,30.0,0.0,16.357617572560906,47.79412317365012,16.0,30.0,0.0,16.20058235438053,48.2084119908569,12.0,30.0,0.0,19.81885578533567,0.0,0.0,0.0,16.017257682220625,0.0,0.0,499.93601616593858,502.16978226969936,500.4698900439774,501.22937900791478,518.8191062770357,513.1736568599315,510.5309081482635,515.4360158319745,512.978222016225,10749.207434818125,80.89713640016679,84.71296051480349,60.0,0.0,60.0,60.0,16.0,16.0,16.0,12.0,16.0,12.0,21.0,10.0,1.0,0.0,1471.7403365374906,0.0,1333.1945799224582,0.0,0.0,0.0,0.0,0.0,5774.232392850615,3464539.4357103689,4487062.174352196,80.89713640016679,84.77776587593672,0.3624744130950205,0.77069763643491,0.36028137401965956,84.77776587593672,0.3542647819438875,4487062.174352196,0.23394056639964756 
 03/25  14:10:00,7.840000000000001,79.66666666666667,3.476666666666667,129.33333333333335,32.666666666666667,0.0,0.0,0.0,0.0,0.0,0.0,0.0,0.0,0.0,0.0,1444.0,0.0,324.3577798593319,46.33327542753895,118.72747461059919,9.725852790812724,258.8680400117507,0.0,46.33327542753893,63.34110025532395,0.0,0.0,21.011346161467139,-1569.6603760469025,20.26196759348918,458.85155205324647,20.527410472587879,-298.12900409369515,20.06708082521814,303.5784509021523,15.031049163790732,46.859167050201708,17.41660383498499,25.413909439543205,17.35537124796185,178.8133630661796,16.05690940274168,-7.122115596319929,16.278386258185934,-7.318490816886879,982.8504500091567,717.4179358485635,0.0,0.0,0.0,0.0,0.0,0.0,0.0,0.0,0.0,0.0,0.0,0.0,0.0,0.0,0.0,0.0,0.0,0.0,0.0,0.0,0.0,0.0,1.3037847454497296,0.3979806915292215,458.7104252087298,537.8361561844776,12534.280124835937,0.3024675333174849,0.04616415343673458,287.38109245851237,338.01645496043536,7430.617237334727,1.3726478398860232,0.25938167798299768,252.51641484920658,296.920074898075,6610.897002319587,0.2881840403845923,0.054456545802077139,222.97015809320284,262.47472957830606,5725.278526134045,0.0,0.0,11.13715079818061,13.351969761921997,165.3337382219947,0.0,0.0,47.293773384575889,56.24874615141674,913.7300868121592,0.0,0.0,295.60744160365359,351.0878032328254,5950.628450012772,0.0,0.0,29.607127209412086,35.36764708312758,499.362773421674,0.0,0.0,177.36426560041682,211.8317793034677,3009.257637660213,33.30251531980835,22.84123135789325,543.419264911799,641.044412837522,13946.030256980748,0.0,0.0,204.4321864219075,244.26141250914666,3426.3966228177316,1818.765658009605,21.607056087715124,34.114071833222997,22.0,30.0,0.0,20.848111999147244,35.76659317136466,16.0,30.0,66.35738286661064,20.971057825366289,35.47905771558835,21.0,30.0,0.0,20.695104029897366,36.07696196817402,16.0,30.0,0.0,15.156047165248712,51.603699679626519,12.0,30.0,0.0,17.443370640780818,44.47601032836256,16.0,30.0,0.0,17.861636548971778,43.25110313739988,10.0,30.0,0.0,16.184590887710429,48.21374723676558,16.0,30.0,0.0,16.235670831468135,48.00721842441958,12.0,30.0,0.0,19.964119106338346,0.0,0.0,0.0,16.116679392554386,0.0,0.0,497.61213359963929,498.980047852418,498.0764763705794,497.306837250434,514.6733953870908,509.60920553395069,506.71288881095236,511.04999593509958,509.1325239296293,7213.6913936500409,83.23477020399699,83.23477020399699,60.0,0.0,60.0,60.0,16.0,16.0,16.0,12.0,16.0,12.0,21.0,10.0,1.0,0.0,1818.765658009605,0.0,66.35738286661064,0.0,0.0,0.0,0.0,0.0,0.0,0.0,0.0,83.23477020399699,83.23477020399699,0.34,0.767768906148437,0.36028137401965956,83.23477020399699,0.3542647819438875,0.0,0.00063 
 03/25  14:20:00,7.86,79.33333333333334,3.5033333333333336,129.16666666666667,34.833333333333339,0.0,0.0,0.0,0.0,0.0,0.0,0.0,0.0,0.0,0.0,2888.0,0.0,331.6774100623124,46.28848650693146,118.61270945388643,9.945328624548483,264.7097619609681,0.0,46.28848650693144,63.27987040519252,0.0,0.0,20.87592783130493,-1085.96198255839,20.278679831466748,378.2141345326859,21.08711389103337,-1240.0158819475808,20.11923335545239,487.5006840950973,15.043699174510796,46.16420511333504,17.43196037766774,21.040919376973365,17.35582438138288,169.31519539225975,15.988594786134307,2.347772908437946,16.30114541766946,2.41427508344168,958.3124949171952,682.8549977883581,0.0,0.0,0.0,0.0,0.0,0.0,0.0,0.0,0.0,0.0,0.0,0.0,0.0,0.0,0.0,0.0,0.0,0.0,0.0,0.0,0.0,0.0,1.318255340747506,0.4023978451610214,426.06825089532387,500.42163282760876,11539.688892289694,0.3046196873050189,0.04649262626755478,278.94525451958728,328.303936339449,7183.130527869121,1.2014638984384463,0.22703399441391659,360.2310224413637,422.769870282312,9958.84677344406,0.30640424829687998,0.05789951781876037,297.86918518473336,350.6352491834839,7678.133262570641,0.0,0.0,10.987563574675474,13.187158893110713,162.93967010972365,0.0,0.0,45.22486731695402,53.85294086022968,873.2623258714051,0.0,0.0,288.95646374257736,343.635286161016,5793.41097692128,0.0,0.0,30.15302924556769,36.072670700128799,501.9589486322584,0.0,0.0,173.5507476675737,207.51294652606254,2949.4150943477468,33.36041456062361,22.880942771346797,573.5336565563742,677.1947358429429,14555.417923964395,0.0,0.0,200.5474226699555,239.89559325899834,3364.2888994303086,1189.4633700265475,21.53155663339826,34.2468631051631,21.75,30.0,0.0,20.816296795553588,35.80387631150945,16.0,30.0,1758.5708798263395,21.74824050993897,33.7923975684914,21.5,30.0,0.0,20.788946156846767,35.85092002412073,16.0,30.0,0.0,15.168876903725286,51.480270492802919,12.0,30.0,0.0,17.45924753417974,44.375985362720999,16.0,30.0,0.0,17.840934819757405,43.25284716433729,10.0,30.0,0.0,16.094333261216247,48.423744504437987,16.0,30.0,0.0,16.271436213167524,47.84073188770982,12.0,30.0,0.0,19.89733922437734,0.0,0.0,0.0,16.145459385917584,0.0,0.0,495.5346293738331,497.10115724416809,495.02846462891037,496.31960999502339,511.6237543396486,507.06914589649986,504.1297848500286,508.1985941446613,506.667929029349,10025.703203970794,81.37571603985856,81.37571603985856,60.0,0.0,60.0,60.0,16.0,16.0,16.0,12.0,16.0,12.0,21.0,10.0,1.0,0.0,1189.4633700265475,0.0,1758.5708798263395,0.0,0.0,0.0,0.0,0.0,0.0,0.0,0.0,81.37571603985856,81.37571603985856,0.34,0.770880576573414,0.36028137401965956,81.37571603985856,0.3542647819438875,0.0,0.0006533333333333334 
 03/25  14:30:00,7.880000000000001,79.0,3.5300000000000004,129.0,37.0,0.0,0.0,0.0,0.0,0.0,0.0,0.0,0.0,0.0,0.0,2888.0,0.0,339.00308702254747,46.22787266574193,118.45739314407774,10.16498566696413,270.55630866957389,0.0,46.227872665741909,63.19700668886297,0.0,0.0,20.92244427041441,-1246.5190875431886,20.30559530259501,240.52635078362278,21.009755160581,-891.9455921466688,20.09413234785306,255.34263011102713,15.05638338546266,44.62769478969669,17.444433713702425,17.87579732633185,17.368732003843868,138.2759654083925,15.936075268157808,8.747857968547237,16.320250929659474,1.8699566447148755,901.4067202933866,654.2697356037706,0.0,0.0,0.0,0.0,0.0,0.0,0.0,0.0,0.0,0.0,0.0,0.0,0.0,0.0,0.0,0.0,0.0,0.0,0.0,0.0,0.0,0.0,1.254309111493654,0.3828782391616771,444.0977377022228,522.2073427111335,11858.243340630484,0.27997575649664449,0.04273134256664293,241.43984833293502,284.2826741890225,6217.930385594451,1.3077528577218037,0.24711883176904837,339.6718239660462,398.51681485948026,9273.932151704994,0.29340868346519868,0.05544381773718794,261.47694534921387,307.84850637827005,6658.366579044711,0.0,0.0,10.758626850142587,12.914061726744596,159.39400010775803,0.0,0.0,42.00892399036586,50.017740982027628,810.5201578239619,0.0,0.0,280.7580148688018,333.89353973410996,5624.847952642476,0.0,0.0,31.764554616123726,38.01668463010722,523.3974331413996,0.0,0.0,168.43270260345455,201.3820427475594,2865.0736866400695,33.187494402511507,22.762341839857006,517.728404022375,611.6825665109246,13031.587750240773,0.0,0.0,196.14827695527309,234.63458388250636,3288.417207500125,1824.819914605106,21.472111564351068,34.27111874276288,22.0,30.0,0.0,20.818742235518447,35.71500577561811,16.0,30.0,1673.8544578957545,21.550996236797354,34.149255373632687,21.5,30.0,0.0,20.668595579052405,36.056556877619488,16.0,30.0,0.0,15.181699328779775,51.33856794503016,12.0,30.0,0.0,17.470139817687,44.26217098662562,16.0,30.0,0.0,17.856513382056315,43.101048160966588,10.0,30.0,0.0,16.026957393563987,48.53127897540679,16.0,30.0,0.0,16.299090510592295,47.64981794066136,12.0,30.0,0.0,19.749473956309978,0.0,0.0,0.0,16.156472914399076,0.0,0.0,490.39327566600738,492.9707072783975,492.3822521263468,493.35868901202925,507.88171650661209,503.3921088495994,499.37145650159018,504.1162342603661,502.3334871046379,10164.23929339141,81.2839665054453,84.99037571223272,60.0,0.0,60.0,60.0,16.0,16.0,16.0,12.0,16.0,12.0,21.0,10.0,1.0,0.0,1824.819914605106,0.0,1673.8544578957545,0.0,0.0,0.0,0.0,0.0,5608.808525452172,3365285.1152713035,4361175.224691553,81.2839665054453,85.0533228449981,0.35696028418173916,0.7678070876878369,0.36028137401965956,85.0533228449981,0.3542647819438875,4361175.224691553,0.22745777835062742 
 03/25  14:40:00,7.9,78.66666666666667,3.5566666666666668,128.16666666666667,47.33333333333333,0.0,0.0,0.0,0.0,0.0,0.0,0.0,0.0,0.0,0.0,2888.0,0.0,366.4328007282794,46.218890713947569,118.43440475458914,10.987455195676447,292.4477025473487,0.0,46.218890713947548,63.18472767979561,0.0,0.0,20.966339643377674,-845.524863579456,20.247152648548825,240.60902682734219,21.11072760056462,-1227.8193927290429,20.105873752653677,302.9890150372422,15.069531500138187,44.15379279428835,17.467973772679764,16.30148880843774,17.334331158826875,156.03782168067938,16.515653387227613,-18.855992231290828,16.338072137293083,-1.1281520599955002,898.4194516497391,630.7414626949442,0.0,0.0,0.0,0.0,0.0,0.0,0.0,0.0,0.0,0.0,0.0,0.0,0.0,0.0,0.0,0.0,0.0,0.0,0.0,0.0,0.0,0.0,1.294685770443092,0.3952032266309805,340.01359679107545,399.516307344665,9146.03518815152,0.2858027969796703,0.04362069550971769,224.918455934183,264.80071169142959,5713.823530045975,1.196133232200914,0.2260266878686535,361.6243872130631,424.5379056109132,9829.9842706327,0.28180893349691157,0.05325187707802559,235.2882394777904,276.86906693408715,6000.842464531161,0.0,0.0,10.62397737765463,12.75249948693008,157.24178872770035,0.0,0.0,41.641090592602349,49.604221269695127,803.2696843493635,0.0,0.0,273.1859074664466,325.07079292877116,5422.758624323726,0.0,0.0,23.86019471877199,28.519483304112116,424.0412892927796,0.0,0.0,171.01224644688885,204.48805147714269,2910.992847764113,33.29346677118899,22.835025220294236,495.3938614489764,585.0848212377777,12518.673270909498,0.0,0.0,189.86707561896464,227.18352383974179,3181.0233758263777,1049.4128690590224,21.418578185955114,34.33092203772151,21.25,30.0,0.0,20.66543335961033,35.97786481319028,16.0,30.0,1622.6709677318705,21.688714694512094,33.74050984842721,21.5,30.0,0.0,20.681651196756087,35.94237992952052,16.0,30.0,0.0,15.193868304437196,51.19473261249156,12.0,30.0,0.0,17.489378996468575,44.11588848252933,16.0,30.0,0.0,17.777470781732565,43.22885130466512,10.0,30.0,678.4066521931068,16.904949885544427,45.82682138648498,16.75,30.0,0.0,16.325209072833976,47.45663464315212,12.0,30.0,0.0,19.758143039226178,0.0,0.0,0.0,16.168916506906287,0.0,0.0,488.0084461088182,489.461197800054,486.6672608380658,489.4976082018623,504.0287426486108,499.4552865894423,495.7244467818142,499.91080649629876,497.9066238133445,7929.821559281654,82.761498350952,82.761498350952,60.0,0.0,60.0,60.0,16.0,16.0,16.0,12.0,16.0,12.0,21.0,10.0,1.0,0.0,1049.4128690590224,0.0,1622.6709677318705,0.0,0.0,0.0,678.4066521931068,0.0,0.0,0.0,0.0,82.761498350952,82.761498350952,0.34,0.768338314325558,0.36028137401965956,82.761498350952,0.3542647819438875,0.0,0.0007000000000000001 
 03/25  14:50:00,7.92,78.33333333333333,3.583333333333333,127.33333333333334,57.66666666666666,0.0,0.0,0.0,0.0,0.0,0.0,0.0,0.0,0.0,0.0,2888.0,0.0,393.67454642061889,46.173338270761217,118.3177038469998,11.804288208591153,314.18907694974237,0.0,46.17333827076119,63.12245403641259,0.0,0.0,20.890438996712374,-1485.2128339064375,20.353329929935147,404.12627647077218,20.82141627493118,-266.431132190442,20.11581491199393,171.47320682972907,15.08642160605395,47.518316859877689,17.49692851412447,27.644134716114708,17.417805776500985,185.62747102959293,16.529108818453019,-29.937623095558196,16.349046968192377,8.46950117165352,938.0381019978277,677.4820384180011,0.0,0.0,0.0,0.0,0.0,0.0,0.0,0.0,0.0,0.0,0.0,0.0,0.0,0.0,0.0,0.0,0.0,0.0,0.0,0.0,0.0,0.0,1.2446726124525596,0.37993669488783879,484.41161130649177,569.1913352910207,13072.42344053035,0.2828647010061153,0.04317226816332652,270.97122578466397,319.12249571243276,6951.449760397498,1.3749732375212407,0.25982109552555579,291.07209828129546,342.35453148311378,7745.3554635303339,0.2914321903989927,0.055070330763226118,208.5913275515252,245.58498535830968,5299.6523812654809,0.0,0.0,11.056558536348048,13.273071429290236,163.62105693626592,0.0,0.0,47.54227069232179,56.623033861192137,917.6525310561647,0.0,0.0,288.4644857524628,343.0718028892042,5800.267316615518,0.0,0.0,20.080160972747643,23.959358191667673,366.8121086961482,0.0,0.0,181.82279948852509,217.42768848076228,3093.2839460197217,33.46015737498947,22.949353480788397,529.551191324849,625.6045605001839,13449.553503258772,0.0,0.0,198.58304975092353,237.540408740304,3351.0325182220688,1501.390449497563,21.520227070059329,34.0209237112033,21.75,30.0,0.0,20.829338320600287,35.52252139854751,16.0,30.0,0.0,21.28862326362421,34.500419288582268,21.0,30.0,0.0,20.67499016218525,35.85848639324827,16.0,30.0,0.0,15.212749423924706,51.019366850037297,12.0,30.0,0.0,17.514784537993479,43.93527924127614,16.0,30.0,0.0,17.930356275171368,42.710724416820088,10.0,30.0,0.0,16.979214399611839,45.502726862240169,16.0,30.0,0.0,16.340009319207213,47.30348985293146,12.0,30.0,0.0,19.92177739226367,0.0,0.0,0.0,16.255161888108345,0.0,0.0,483.86112473187588,485.39703158936728,483.60825861141668,485.20674400294879,499.95003772948027,495.0381794277508,491.62854388747209,496.93147886086606,493.8979152622452,9693.615420278598,81.59528676408483,83.39396675816387,60.0,0.0,60.0,60.0,16.0,16.0,16.0,12.0,16.0,12.0,21.0,10.0,1.0,0.0,1501.390449497563,0.0,0.0,0.0,0.0,0.0,0.0,0.0,2721.9953825478398,1633197.2295287038,2114055.251866263,81.59528676408483,83.42451431567112,0.34573317941826139,0.769558541820482,0.36028137401965956,83.42451431567112,0.3542647819438875,2114055.251866263,0.11069420643037903 
 03/25  15:00:00,7.94,78.0,3.61,126.5,68.0,0.0,0.0,0.0,0.0,0.0,0.0,0.0,0.0,0.0,0.0,2888.0,0.0,476.9751197748654,46.852847811832678,120.05893060862123,14.302015234034464,380.6703753555722,0.0,46.85284781183265,64.05139509590598,0.0,0.0,20.941510856097098,-1267.7629352416353,20.407490705391206,224.66329912195466,21.00471064546089,-924.5196437777599,20.046108412652626,322.5747307660181,15.108083634353588,44.94976082243572,17.550481282517276,15.596730762541484,17.416660718417597,146.52511580233205,16.299968269817499,-15.2808390031378,16.36661737181442,11.862588999190394,880.6745208782172,625.5964645077188,0.0,0.0,0.0,0.0,0.0,0.0,0.0,0.0,0.0,0.0,0.0,0.0,0.0,0.0,0.0,0.0,0.0,0.0,0.0,0.0,0.0,0.0,1.2343196739294913,0.37677645724343447,439.36972327859567,516.8438520431777,11669.818992776014,0.2744318183156189,0.041885198155619498,247.7244843371445,291.77972940491017,6351.896075774533,1.224821376914105,0.23144772806388995,348.94135464003889,409.56171516909867,9476.463073120543,0.30249423095526337,0.05716066344581694,283.3447898402142,333.84662163480007,7124.824301245686,0.0,0.0,10.719080653362754,12.868486097508285,158.66318873221864,0.0,0.0,41.109461335725359,48.95054092846833,794.7843347123899,0.0,0.0,275.3911138342596,327.5568673704868,5517.500846033678,0.0,0.0,24.130796581442206,28.83468662139815,421.2461400141742,0.0,0.0,170.68275731828954,204.09632418706063,2905.485948354954,33.36173978418988,22.881851703833946,535.6867891394062,633.1507068087515,13375.602726279792,0.0,0.0,192.72826476525663,230.53930335093055,3248.4602986591455,1833.0921459586128,21.455193041516929,34.048272806662357,22.0,30.0,0.0,20.82143832878075,35.43175158750587,16.0,30.0,1770.625507451959,21.51418850555255,33.95691925219278,21.5,30.0,0.0,20.555907047085016,36.02367490947934,16.0,30.0,0.0,15.23425888367444,50.83249716911652,12.0,30.0,0.0,17.549194251351655,43.73579845021386,16.0,30.0,0.0,17.91547074905987,42.63153100084269,10.0,30.0,0.0,16.585538448232016,46.54011925587984,16.0,30.0,0.0,16.364790895773444,47.11528387270742,12.0,30.0,0.0,19.725586249837936,0.0,0.0,0.0,16.26263477017052,0.0,0.0,479.1625698140646,481.0048378632451,480.2777981371709,481.22083409477775,495.92988227052947,491.0672060619012,487.23703404990075,492.7773165555286,489.9468669070553,9265.026580967184,81.87871023215938,83.574663110655,60.0,0.0,60.0,60.0,16.0,16.0,16.0,12.0,16.0,12.0,21.0,10.0,1.0,0.0,1833.0921459586128,0.0,1770.625507451959,0.0,0.0,0.0,0.0,0.0,2566.6886183087028,1540013.1709852217,1997977.5250358808,81.87871023215938,83.60346602070902,0.3405562872769568,0.7688723739044314,0.36028137401965956,83.60346602070902,0.3542647819438875,1997977.5250358808,0.10472149796853245 
 03/25  15:10:00,7.996666666666667,77.33333333333333,3.486666666666667,125.66666666666666,78.33333333333334,0.0,0.0,0.0,0.0,0.0,0.0,0.0,0.0,0.0,0.0,2890.0,0.0,503.4261942490758,46.765132581837139,119.83418399040279,15.09513951715369,401.78071435988587,0.0,46.765132581837118,63.931481726393489,0.0,0.0,20.993554542938676,-834.5146962956874,20.38277690921508,224.61246352594595,21.125585979303304,-1238.1164480491562,20.117700907174226,314.5443151790754,15.128096227496965,44.23480442024875,17.59962077557151,11.365352018096815,17.38306195944069,154.03726761883719,16.15499886395874,-2.4730693415497457,16.38704845980168,17.000921507883278,871.8369145735724,612.6475582080338,0.0,0.0,0.0,0.0,0.0,0.0,0.0,0.0,0.0,0.0,0.0,0.0,0.0,0.0,0.0,0.0,0.0,0.0,0.0,0.0,0.0,0.0,1.2738869593399567,0.38885438319290496,334.4187079220847,393.054380786413,8945.312034972721,0.28095242664507089,0.04288040699711094,219.73686469649986,258.7377743461138,5565.137954417822,1.2218205653333057,0.23088068127991424,367.5895839814998,431.71159677763486,9929.348976005593,0.2837447444957245,0.05361767658649366,240.23438501256795,282.82695479516749,6076.990084411242,0.0,0.0,10.53684064703996,12.65004741396616,155.2316490258589,0.0,0.0,39.218104623457069,46.721673853048347,756.8882122552913,0.0,0.0,272.1852145416948,323.931492708766,5381.803691747193,0.0,0.0,27.533121300685715,32.934444473895727,464.8332311167759,0.0,0.0,167.02462663626833,199.7646498406507,2834.164775430224,32.814272006811879,22.50635940110555,494.74591792863569,584.4766654503305,12427.911048882308,0.0,0.0,192.0779215841648,229.80782267470415,3227.4121789801049,1018.8744090592567,21.43711380027911,34.02031543242022,21.25,30.0,0.0,20.716914842668794,35.58621614276211,16.0,30.0,1614.6494803041338,21.688567620277988,33.474272943191987,21.5,30.0,0.0,20.66386751971936,35.69535624102096,16.0,30.0,0.0,15.255752731272123,50.64674244304004,12.0,30.0,0.0,17.591481228573679,43.52011489335855,16.0,30.0,0.0,17.833489557369516,42.758986877158637,10.0,30.0,0.0,16.348525217515875,47.11237021154716,16.0,30.0,0.0,16.394577558548787,46.90482412950724,16.0,30.0,0.0,19.790572756337946,0.0,0.0,0.0,16.292700637567859,0.0,0.0,476.85401299358019,478.21226157175388,475.78201806264408,477.9411363892958,492.03524940672437,487.3909274178907,483.9307798263262,488.1376353584484,485.8962274410728,6995.08375177226,82.06253416295459,83.94858061596843,60.0,0.0,60.0,60.0,16.0,16.0,16.0,16.0,16.0,12.0,21.0,10.0,1.0,0.0,1018.8744090592567,0.0,1614.6494803041338,0.0,0.0,0.0,0.0,0.0,2854.064715528894,1712438.8293173365,2222803.3949963299,82.06253416295459,83.98061194598513,0.2651354905176298,0.5393205077448853,0.27021103051474468,83.98061194598513,0.2656985864579156,2222803.3949963299,0.11647577653980916 
 03/25  15:20:00,8.053333333333335,76.66666666666667,3.3633333333333335,124.83333333333334,88.66666666666667,0.0,0.0,0.0,0.0,0.0,0.0,0.0,0.0,0.0,0.0,2892.0,0.0,529.2836129948752,46.62767811075531,119.48198013576071,15.870462873180762,422.417258165668,0.0,46.62767811075529,63.74357104334772,0.0,0.0,21.1122764103414,-1596.4581940529616,20.512561037891744,361.5820664747107,20.847395484375747,-256.0843067451333,20.144938127488986,169.09908765348224,15.150587923940148,47.02011370509673,17.649318111258233,16.501752146796947,17.45647949792381,181.08209507749826,16.06428323761001,9.650607906849246,16.40596574838654,27.460543395725609,898.7036803374895,645.7511540132612,0.0,0.0,0.0,0.0,0.0,0.0,0.0,0.0,0.0,0.0,0.0,0.0,0.0,0.0,0.0,0.0,0.0,0.0,0.0,0.0,0.0,0.0,1.2238032978363698,0.37356633023088217,479.99321772686519,563.9184366082268,12982.936790288473,0.27477516445307628,0.04193760141225218,261.8771529723281,308.4724863167187,6690.078072414728,1.5552112163790537,0.293879670517584,289.41794059437918,340.54580663768078,7642.221081940507,0.2900542114443052,0.054809941693935219,211.35445799049618,248.9541927495576,5318.982250683892,0.0,0.0,10.891494578398492,13.0775818902565,159.78595092682486,0.0,0.0,43.238421399211997,51.497905434759207,833.4044587727249,0.0,0.0,286.85218066638739,341.25937117240769,5714.261105529148,0.0,0.0,31.571920505189249,37.78772142633957,520.7901945008969,0.0,0.0,172.47379712068139,206.2804308523244,2916.3810936340298,32.32106236674375,22.16808118432357,524.0067837738014,619.21389480464,13214.500150038477,0.0,0.0,200.34277482538568,239.65041186388874,3375.2927633722158,1806.7728371801064,21.70207753204282,33.36598818552634,22.0,30.0,0.0,20.907673768630006,35.070650298287969,16.0,30.0,0.0,21.298879347746593,34.2035639618191,21.0,30.0,0.0,20.682513074355165,35.55678857647463,16.0,30.0,0.0,15.281742849500582,50.439853536751197,12.0,30.0,0.0,17.63465045078341,43.29130700907471,16.0,30.0,0.0,17.9677286240169,42.28877929860806,10.0,30.0,0.0,16.209354652900445,47.40706569052438,16.0,30.0,0.0,16.420933781274916,46.71314726667228,16.0,30.0,0.0,19.98440447774754,0.0,0.0,0.0,16.375642117831327,0.0,0.0,473.47969036430586,474.79719861080539,473.3824970119161,474.6250088964521,488.1524571515331,483.6108563320306,480.3425208653079,484.1426927747604,482.38289001110697,9130.399327026455,81.96771737938563,81.96771737938563,60.0,0.0,60.0,60.0,16.0,16.0,16.0,16.0,16.0,12.0,21.0,10.0,1.0,0.0,1806.7728371801064,0.0,0.0,0.0,0.0,0.0,0.0,0.0,0.0,0.0,0.0,81.96771737938563,81.96771737938563,0.34,0.7702529217886884,0.36028137401965956,81.96771737938563,0.3542647819438875,0.0,0.0009466666666666666 
 03/25  15:30:00,8.11,76.0,3.24,124.0,99.0,0.0,0.0,0.0,0.0,0.0,0.0,0.0,0.0,0.0,0.0,723.0,0.0,554.4843648494507,46.43498357675469,118.98822334091666,16.626095922555338,442.52971801213269,0.0,46.43498357675467,63.48014300628018,0.0,0.0,21.009736680786334,-1555.1755351557804,20.552349758597985,206.62988967395359,20.56134648828715,8.993784282702109,20.011647330058034,156.2450471369666,15.177139722372154,45.00609950892891,17.712603884467414,9.189271069892357,17.448944843631254,153.56789680931252,15.997183860453966,17.94862205393929,16.430532260175924,22.66418853104733,826.8210710408603,616.3119716774118,0.0,0.0,0.0,0.0,0.0,0.0,0.0,0.0,0.0,0.0,0.0,0.0,0.0,0.0,0.0,0.0,0.0,0.0,0.0,0.0,0.0,0.0,1.1940045024368229,0.36447023883907905,453.0253508067514,530.9463312561943,12014.420489842454,0.24840890084524409,0.037913446404951787,213.8695579378631,251.1278583022586,5436.691293264205,1.6740285295323252,0.3163319216803337,206.55787119847205,242.4490884166528,5332.709031833234,0.28290078447988517,0.05345819812545069,221.5998456119239,260.60871893998697,5440.664918124039,0.0,0.0,10.598167305698676,12.684053393095576,155.04664982313006,0.0,0.0,41.32570996445441,49.05452474523447,797.6580028078774,0.0,0.0,281.4665536627913,333.8444239770651,5559.830898035818,0.0,0.0,31.925987665978547,38.10541597770598,516.9434165981122,0.0,0.0,170.12787954739688,202.81358447800992,2870.826509436052,31.54358541013787,21.634832242892924,428.8390609664427,505.420352517057,10729.486948120884,0.0,0.0,197.96454010579826,236.02878262876343,3331.952520800346,1742.4596390843904,21.448901238726937,33.80410155096403,22.0,30.0,0.0,20.890099440126599,35.04625036586757,16.0,30.0,204.13886631308939,21.005093514928587,34.774568635341768,21.0,30.0,0.0,20.432540885282994,36.07488288517835,16.0,30.0,0.0,15.314169044525269,50.19718914248289,12.0,30.0,0.0,17.700676817882007,43.01437677913105,16.0,30.0,0.0,17.93332969246566,42.32370229901144,10.0,30.0,0.0,16.107853346192198,47.60521056616297,16.0,30.0,0.0,16.455978872741708,46.54128770740091,16.0,30.0,0.0,19.806684060778129,0.0,0.0,0.0,16.420139333469359,0.0,0.0,470.6228853218907,472.71504252676228,471.9224980514615,473.5275203946907,484.0156659662223,480.4284412921154,478.52783425790298,480.8522007332398,480.32028794737638,7871.05084032069,82.80042429661913,82.80042429661913,60.0,0.0,60.0,60.0,16.0,16.0,16.0,16.0,16.0,12.0,21.0,10.0,1.0,0.0,1742.4596390843904,0.0,204.13886631308939,0.0,0.0,0.0,0.0,0.0,0.0,0.0,0.0,82.80042429661913,82.80042429661913,0.34,0.7707056157430652,0.36028137401965956,82.80042429661913,0.3542647819438875,0.0,0.0010033333333333333 
 03/25  15:40:00,8.166666666666666,75.33333333333333,3.1166666666666669,116.66666666666667,106.16666666666666,0.0,0.0,0.0,0.0,0.0,0.0,0.0,0.0,0.0,0.0,5784.0,0.0,552.2473032223898,44.10811716047867,113.02571172905434,16.559011883305137,440.7442685466001,0.0,44.10811716047865,60.29914020442594,0.0,0.0,20.91503658984457,-1110.304226464853,20.605065208350987,274.685769354105,20.780901930626727,-1043.1171445000039,20.11103599730393,432.3180139377523,15.193928100607647,47.76075769913375,18.728541955482876,-160.64724334276438,17.48847765055222,201.57785722483505,15.971639104244322,24.88961895674757,16.44486020675844,38.54061748559923,840.2960144063782,616.0835621761198,0.0,0.0,0.0,0.0,0.0,0.0,0.0,0.0,0.0,0.0,0.0,0.0,0.0,0.0,0.0,0.0,0.0,0.0,0.0,0.0,0.0,0.0,1.2149265868912059,0.37085671150525209,354.4074119148463,416.90872313057676,9483.46522241338,0.27303527599856899,0.04167205067133226,230.97295842114654,272.3410698290728,5869.589890444763,1.371974012978724,0.2592543486354354,338.9998516241576,398.82528568729358,9065.480311529001,0.30270538562019358,0.05720056417615145,303.00508027636519,357.5917896941699,7532.854850662925,0.0,0.0,10.827234049171656,13.008599516295489,157.41695029028868,0.0,0.0,58.40675717248811,69.19482527785037,1292.6745673626136,0.0,0.0,296.9861334415462,353.50856171912337,5875.095040634152,0.0,0.0,33.1106533041846,39.67868999223986,530.6151272940849,0.0,0.0,170.44862906704709,203.98396382540899,2861.6975999061548,31.24500963448751,21.430047760279508,527.5056563509131,624.0765515437968,13107.092870766395,0.0,0.0,198.85798772956128,237.98580950882428,3342.865963239704,1197.4042901564383,21.56174879420527,33.52415414038579,21.625,30.0,0.0,20.950522914811338,34.839611192405637,16.0,30.0,1327.018723774018,21.522317632283654,33.59872371033064,21.375,30.0,0.0,20.662977007192106,35.45740828867093,16.0,30.0,0.0,15.329229967102583,50.09301878101844,12.0,30.0,1760.2335968200517,19.055731329845768,39.48973828606982,20.0,30.0,0.0,18.007091143420099,42.04602630154223,10.0,30.0,0.0,16.08490968655447,47.624668409183239,16.0,30.0,0.0,16.474076404779905,46.41577947743553,16.0,30.0,0.0,19.906542011416549,0.0,0.0,0.0,16.47044569024518,0.0,0.0,469.4689612244642,470.59003736462076,469.233292991976,470.42847187136888,482.3577305814025,478.65034609373358,476.2113961779516,479.3798406842143,478.300786301118,10213.316952641326,81.25162582492976,83.865415796511,60.0,0.0,60.0,60.0,16.0,16.0,19.0,16.0,16.0,12.0,21.0,10.0,1.0,0.0,1197.4042901564383,0.0,1327.018723774018,0.0,1760.2335968200517,0.0,0.0,0.0,3955.6530711670886,2373391.8427002534,3096420.081539288,81.25162582492976,83.90980662741566,0.34435510237223629,0.767803776329716,0.36028137401965956,83.90980662741566,0.3542647819438875,3096420.081539288,0.162073844240043 
 03/25  15:50:00,8.223333333333333,74.66666666666667,2.9933333333333338,109.33333333333333,113.33333333333334,0.0,0.0,0.0,0.0,0.0,0.0,0.0,0.0,0.0,0.0,2892.0,0.0,548.7799738874778,41.730052907950689,106.93200584575374,16.455038519937597,437.9769517721013,0.0,41.730052907950668,57.0481460788639,0.0,0.0,21.116370938909819,-1030.8139619482609,20.67082809873864,339.1828695206168,21.042188820236704,-1143.4171011586173,20.235388719318935,425.996323328734,15.220510845339782,53.02689664349775,19.19689344807096,-300.6323415188649,17.58324893605105,237.75497983894503,15.949032066874139,33.68953933619741,16.473544088655257,54.14738833823412,866.426720676157,643.8683464814092,0.0,0.0,0.0,0.0,0.0,0.0,0.0,0.0,0.0,0.0,0.0,0.0,0.0,0.0,0.0,0.0,0.0,0.0,0.0,0.0,0.0,0.0,1.2464712880471989,0.3804857411621486,378.0354216445372,444.267933833291,10033.711488672117,0.2881000667011624,0.04397131665158157,261.7955346146477,308.31520512294488,6663.236969074271,1.396484943258463,0.2638860436996341,351.7263907652737,413.44169772168848,9462.982938846153,0.3016988418889601,0.05701036316873772,308.18541528981589,363.28089931069976,7750.051984117608,0.0,0.0,11.578460541825092,13.90406328075053,167.82817944294883,0.0,0.0,80.3622471984867,95.0318651663963,1861.3662694650064,0.0,0.0,324.6317822810233,386.081664199336,6489.648311502837,0.0,0.0,34.41151456765298,41.223346922568499,546.1536558416635,0.0,0.0,176.7885559317244,211.45575179029775,2964.102298805323,30.93643418506508,21.218404790853975,564.1798603807349,666.650313204126,14079.891979976263,0.0,0.0,206.4685991143355,246.88783572185867,3499.4560628588289,1287.065845038827,21.62456452910425,33.33955298749551,21.75,30.0,0.0,21.02336894463247,34.61785833467841,16.0,30.0,1625.0138240667428,21.679738742124067,33.213652548283508,21.5,30.0,0.0,20.86611846210934,34.93952229633614,16.0,30.0,0.0,15.36311704897573,49.874847961746187,12.0,30.0,432.29667264358059,19.826533719267933,37.52892898393645,19.5,30.0,0.0,18.172423395829044,41.5574874240223,10.0,30.0,0.0,16.062532625145424,47.60190200794834,16.0,30.0,0.0,16.518543756867513,46.20726422779758,16.0,30.0,0.0,20.106677775503166,0.0,0.0,0.0,16.597096417679983,0.0,0.0,467.8934639785051,468.860209418639,467.6189131404585,468.4356232501691,479.44060359319476,476.0213917322093,474.72673655973986,477.0195939220772,476.2829012804484,7790.78879715709,81.66349939136889,85.37188571957982,60.0,0.0,60.0,60.0,16.0,16.0,19.0,16.0,16.0,12.0,21.0,10.0,1.0,0.0,1287.065845038827,0.0,1625.0138240667428,0.0,432.29667264358059,0.0,0.0,0.0,5611.829091776857,3367097.455066114,4406159.421025945,81.66349939136889,85.43486643043058,0.2720609697258953,0.5731335099825703,0.27021103051474468,85.43486643043058,0.2656985864579156,4406159.421025945,0.23023028989334916 
 03/25  16:00:00,8.28,74.0,2.87,102.0,120.5,0.0,0.0,0.0,0.0,0.0,0.0,0.0,0.0,0.0,0.0,1448.0,0.0,543.9868523198936,39.30003769634455,100.70517578174811,16.311311568978618,434.1515305063094,0.0,39.30003769634453,53.726131053592848,0.0,0.0,21.04077422617756,-732.6526781195898,20.705905892325647,83.51555102083739,20.870898160243195,-473.61296905023348,20.199464018280719,123.39413987566067,15.247743984278966,50.162396905086669,18.747986365296506,-155.75707233830986,17.576302145226835,130.77483072751057,15.93920970344504,41.21412556942812,16.511085423093,64.60794298110159,696.9885783105783,645.5734745024997,0.0,0.0,0.0,0.0,0.0,0.0,0.0,0.0,0.0,0.0,0.0,0.0,0.0,0.0,0.0,0.0,0.0,0.0,0.0,0.0,0.0,0.0,1.2009953367662696,0.3666041931520969,270.1119648878074,317.4558867453291,7121.569932293582,0.24696877092168385,0.03769364635556835,134.0722455711162,158.0163536192063,3412.1188263737228,1.7217817032210539,0.32535557506066789,245.91954617230358,289.4923384662453,6354.012758712835,0.2666638458384025,0.05038999354467166,151.4612506777233,178.68088316056734,3796.489912943946,0.0,0.0,10.85739824407375,13.027319174203122,156.88696276880743,0.0,0.0,72.31669123980132,85.68523521092856,1566.1361189232487,0.0,0.0,317.14018561189047,376.95445462377577,6269.012790433075,0.0,0.0,35.15815801752632,42.08183709365038,554.0040050451361,0.0,0.0,178.67524974474987,213.48688246431596,2996.6652874091926,30.178203838471178,20.698356542161308,336.7402335898507,398.298638496825,8466.763115297235,0.0,0.0,209.08145197617947,249.7227990277425,3557.0532099271579,1227.107759406208,21.59052087246002,33.37967182333654,21.5,30.0,0.0,21.014210170266279,34.6109225265306,16.0,30.0,1186.9564678563516,21.449164810704909,33.67822329616197,21.5,30.0,0.0,20.743319258447376,35.20298212265338,16.0,30.0,0.0,15.39682475267428,49.68015287791077,12.0,30.0,35.80306533667589,19.082310274085687,39.263492126680549,19.0,30.0,0.0,18.112017779361908,41.68024628158234,10.0,30.0,0.0,16.060357466430035,47.5492909876088,16.0,30.0,0.0,16.57743015732653,45.990990815467458,16.0,30.0,0.0,19.606196752631026,0.0,0.0,0.0,16.686927854898657,0.0,0.0,467.1874460520694,468.1550100915792,467.07204790635105,468.39902430995695,477.1956522855837,474.76693127536989,473.72352157643049,475.51587729200807,475.1343576826558,8451.363699688456,82.41658759645242,82.41658759645242,60.0,0.0,60.0,60.0,16.0,16.0,19.0,16.0,16.0,12.0,21.0,10.0,1.0,0.0,1227.107759406208,0.0,1186.9564678563516,0.0,35.80306533667589,0.0,0.0,0.0,0.0,0.0,0.0,82.41658759645242,82.41658759645242,0.34,0.7725783960423738,0.36028137401965956,82.41658759645242,0.3542647819438875,0.0,0.0011599999999999998 
 03/25  16:10:00,8.248333333333333,74.16666666666667,2.8150000000000006,94.66666666666666,127.66666666666666,0.0,0.0,0.0,2.0,0.0,0.0,0.0,0.0,0.0,4.0,2896.0,0.0,537.7739017011312,36.8174476220684,94.34362275430132,16.125011376436917,429.1929549039659,0.0,36.817447622068389,50.33224220510161,0.0,0.0,21.036145076134536,-935.0675159463847,20.657212178505099,189.03093142202898,21.15913485023874,-1154.048276071108,20.19134695511594,427.5268784464515,15.26372504687475,46.526277849082209,19.2667092395217,-76.53752018478737,17.47860489284924,134.16806672238477,15.929616647557396,37.29872654237687,16.531407315422876,40.06753370186584,789.4285693419752,543.3796574700677,0.0,0.0,0.0,0.0,0.0,0.0,0.0,0.0,0.0,0.0,0.0,0.0,0.0,0.0,0.0,0.0,0.0,0.0,0.0,0.0,0.0,0.0,1.324086857383293,0.4041779173941676,249.30513644469085,293.22448333843297,6573.328996850209,0.27986736797144587,0.04271479975144168,175.10705389688494,206.3041741814269,4423.055025395343,1.3266762516301203,0.25069468095807276,302.5234141473225,355.65862127203885,8080.06462465498,0.28775039735032406,0.05437460267390852,308.0487310101082,363.2657425244321,7679.660690503546,0.0,0.0,10.839318013648283,13.018974966404576,157.6009417625899,0.0,0.0,14.955116407206456,17.68581880156767,346.93641138092689,0.0,0.0,238.6009671933605,284.14814434781098,4643.003323871321,0.0,0.0,33.28208490709885,39.88937450319482,526.2614167051303,0.0,0.0,159.16761914251863,190.42175228765488,2687.2366082014616,30.022278748280699,20.591412035857826,477.4482656740488,564.510046016907,11852.579881028076,0.0,0.0,186.91771736649438,223.6488191081308,3147.058701486344,1122.7545812665758,21.448143830012719,33.669475028087479,21.5,30.0,0.0,20.91584162807211,34.771109548900209,16.0,30.0,0.0,21.669402422764308,33.824925377178939,21.0,30.0,0.0,20.774415653344265,35.48218821989926,16.0,30.0,0.0,15.409423648203323,49.58070363378372,12.0,30.0,803.8615807314167,19.871538820995136,38.701828882367,19.75,30.0,0.0,17.921718832618255,42.08731402364979,10.0,30.0,0.0,16.055644992399129,47.51487288843028,16.0,30.0,0.0,16.60167812613508,45.859934610853247,16.0,30.0,0.0,19.95440841065855,0.0,0.0,0.0,16.561762041356709,0.0,0.0,471.04795748456749,468.1831821114728,504.4669784410388,489.5769145562591,475.747794123781,564.9073356433705,471.776414903262,474.45995527079409,473.91849385692549,9212.026296561802,81.91373326344957,83.61763504971893,1744.0,0.0,1744.0,1744.0,16.0,16.0,19.0,16.0,16.0,12.0,21.0,10.0,1.0,0.0,1122.7545812665758,0.0,0.0,0.0,803.8615807314167,0.0,0.0,0.0,2578.7067284331394,1547224.0370598837,2003589.5579043139,81.91373326344957,83.64657295861552,0.3409568909477713,0.7688459071570537,0.36028137401965956,83.64657295861552,0.3542647819438875,2003589.5579043139,0.139357323677691 
 03/25  16:20:00,8.216666666666667,74.33333333333334,2.7600000000000004,87.33333333333333,134.83333333333335,0.0,0.0,0.0,2.0,0.0,0.0,0.0,0.0,0.0,4.0,1448.0,0.0,530.0492298445088,34.28179142703703,87.8460878870884,15.89338259540617,423.0278867422413,0.0,34.281791427037017,46.86580794634308,0.0,0.0,21.32087639173392,-1512.2276449359334,20.765448918495353,361.2126649501606,21.026051206440568,-892.05142122076,20.24974860693628,292.2964296112459,15.282235208283776,48.90778643207602,19.170452097235356,-76.77966680994416,17.54249305189911,196.323846174726,15.910965085108196,35.06502946044304,16.526586984631586,25.311877466023817,833.5016237086566,546.7417849596168,0.0,0.0,0.0,0.0,0.0,0.0,0.0,0.0,0.0,0.0,0.0,0.0,0.0,0.0,0.0,0.0,0.0,0.0,0.0,0.0,0.0,0.0,1.2142692386927139,0.37065605576700669,356.97421230007316,418.70482515801788,9757.594044789905,0.2903078766378206,0.044308283980131358,273.8740262221166,322.13933961117808,7029.369730318653,1.7318908619080196,0.3272658469213946,273.42226667168617,321.36632639854937,7264.926052519484,0.29429296336463797,0.05561091522385447,282.668006462359,332.99192313041388,7106.3018661913579,0.0,0.0,11.548883381454623,13.856975712769266,169.14667652547258,0.0,0.0,16.63656510187774,19.665243187759328,378.7501499084516,0.0,0.0,242.87646274505929,288.81349887844285,4802.164735328228,0.0,0.0,34.19803191519347,40.94876908851569,541.5842970938597,0.0,0.0,158.50164394238252,189.43616057405399,2682.0750379119979,29.84686785203248,20.471102779171806,551.2309950450112,650.8060780198296,13780.20947531548,0.0,0.0,186.74088920199928,223.22795064772678,3144.9406311807845,1824.804096291375,22.00354532140065,32.62156167758154,22.0,30.0,0.0,21.096171841938728,34.475144263413529,16.0,30.0,0.0,21.535873777790305,34.26999881075313,21.0,30.0,0.0,20.84528154113861,35.58576051232551,16.0,30.0,0.0,15.428176248387768,49.44155697212864,12.0,30.0,0.0,19.606077734806754,41.09875393121065,19.0,30.0,0.0,18.046217273156786,41.766126140725308,10.0,30.0,0.0,16.033028726424044,47.530079532897278,16.0,30.0,0.0,16.585852071296566,45.867048488366588,16.0,30.0,0.0,20.121960653779234,0.0,0.0,0.0,16.531033639070619,0.0,0.0,475.5974120622921,475.38221744686009,515.6012546631505,505.12654886373249,474.2707403551858,671.7178549642567,473.4048345723908,474.0807895669454,473.93119443890978,8493.911413333137,82.38855544296556,82.38855544296556,1744.0,0.0,1744.0,1744.0,16.0,16.0,19.0,16.0,16.0,12.0,21.0,10.0,1.0,0.0,1824.804096291375,0.0,0.0,0.0,0.0,0.0,0.0,0.0,0.0,0.0,0.0,82.38855544296556,82.38855544296556,0.34,0.7709021905544795,0.36028137401965956,82.38855544296556,0.3542647819438875,0.0,0.03798044444444445 
 03/25  16:30:00,8.184999999999999,74.5,2.705,80.0,142.0,0.0,0.0,0.0,2.0,0.0,0.0,0.0,0.0,0.0,4.0,2172.0,0.0,569.7057732013905,32.253115722268457,82.64765907314409,17.082454178138023,454.67723624734989,0.0,32.25311572226844,44.09245445437495,0.0,0.0,21.233542007143414,-1093.3380969150053,20.890464770632517,228.2476459428966,21.088669396775104,-915.2932702313722,20.240125513805589,324.09013601906727,15.305744082136386,49.103472719496838,19.069385615965027,-65.2074339499506,17.572940703124489,143.74946686334378,15.899715424912657,41.08793822471343,16.52978117571002,44.0746347894804,813.0538956671271,585.9584841937792,0.0,0.0,0.0,0.0,0.0,0.0,0.0,0.0,0.0,0.0,0.0,0.0,0.0,0.0,0.0,0.0,0.0,0.0,0.0,0.0,0.0,0.0,1.2157593580697737,0.3711109151617135,291.17529514616896,342.2991230000524,7832.880151506486,0.2700973737490066,0.041223652892095018,209.26358187889259,246.38297658446408,5436.098216179653,1.8884101610845848,0.35684243406738189,278.044180748808,326.88704281468417,7449.299091413988,0.30110485039221787,0.05689811987759214,290.63075823926678,342.6031354792349,7309.562227270877,0.0,0.0,11.263384701598307,13.52695098102858,166.20209070322856,0.0,0.0,15.908586642723885,18.837084028037674,356.889911244456,0.0,0.0,251.80721960601808,299.70124663563117,5004.021426641091,0.0,0.0,35.24368008459619,42.2428905309124,559.814446023508,0.0,0.0,167.5478133808921,200.43298638013733,2847.3577754929,29.623161410849414,20.317669006069555,493.4885713997528,583.1862072245565,12443.00829538802,0.0,0.0,196.99962048291318,235.642742172454,3363.3597445356419,1397.4614814147247,21.76380868102238,33.27817838943949,21.999999999999994,29.99999999999999,0.0,21.23451586323209,34.3341279676682,15.999999999999993,29.99999999999999,0.0,21.604529248079726,34.29476613260256,20.999999999999994,29.99999999999999,0.0,20.820352765371504,35.83864259185113,15.999999999999993,29.99999999999999,0.0,15.45132460982256,49.33862639332972,11.999999999999995,29.99999999999999,0.0,19.393447083639655,42.49265702991727,18.999999999999994,29.99999999999999,0.0,18.067142561411587,41.7534593461608,9.999999999999997,29.99999999999999,0.0,16.02410029472868,47.5635637134703,15.999999999999993,29.99999999999999,0.0,16.590085895322134,45.87647031015398,15.999999999999993,29.99999999999999,0.0,20.099599402088236,0.0,0.0,0.0,16.615638234602107,0.0,0.0,487.4558776711075,484.79647073935419,527.0568829533945,517.5312781938745,474.4577177279124,723.4070080895341,476.9056581310162,476.1233182623025,476.82585475247256,9635.482053199441,81.63373501038986,83.95140073748533,1743.9999999999996,0.0,1743.9999999999996,1743.9999999999996,16.0,16.0,19.0,16.0,16.0,12.0,21.0,10.0,1.0,0.0,1397.4614814147247,0.0,0.0,0.0,0.0,0.0,0.0,0.0,3507.5149170708248,2104508.9502424958,2745409.971427492,81.63373501038986,83.9907623956536,0.3435838305690274,0.7664703451008781,0.36028137401965945,83.9907623956536,0.35426478194388735,2745409.971427492,0.1835515407364518 
 03/25  16:40:00,8.153333333333333,74.66666666666667,2.6500000000000005,72.83333333333334,149.66666666666667,0.0,0.0,0.0,2.0,0.0,0.0,0.0,0.0,0.0,4.0,2172.0,0.0,557.8990404674382,29.71772212422379,76.15079331601213,16.728426397520079,445.25431455043539,0.0,29.717722124223778,40.626379185605987,0.0,0.0,21.34462628285592,-1143.7337021186075,20.8624387332162,151.59418346822646,21.110617696447365,-875.9559027084933,20.273342442629276,316.0270123632333,15.325357566205291,46.69307292586171,19.002201530297897,-59.05765782021669,17.546338678304005,152.7991764641157,15.892729283213935,40.15236719865077,16.541057813939596,34.45133042534963,808.1323839525263,562.3455272182775,0.0,0.0,0.0,0.0,0.0,0.0,0.0,0.0,0.0,0.0,0.0,0.0,0.0,0.0,0.0,0.0,0.0,0.0,0.0,0.0,0.0,0.0,1.2677532888391117,0.3869820784002174,305.5033231880992,358.6434047669908,8397.212827222658,0.2721129888493595,0.04153128645441998,238.87413042508187,281.2314750415951,6173.5269663016629,1.7938881378646792,0.33898112960405915,278.1502413411119,327.10712535467396,7469.470914615537,0.2936584862084154,0.055491021581333229,288.41289625273955,340.0163097066309,7299.647082481178,0.0,0.0,11.011667200044416,13.223809968499042,163.62147284085166,0.0,0.0,15.326878831841358,18.1524337199904,340.7708977823413,0.0,0.0,245.49905862787782,292.27883870164728,4866.535313428463,0.0,0.0,34.81502196094425,41.73379135970765,555.0834635903362,0.0,0.0,162.79018812977186,194.75898472386576,2782.2262231924535,29.356547844867536,20.134806477961285,508.0049634076525,600.2150934588919,12843.352514027845,0.0,0.0,191.59926087937024,229.23797231151316,3272.072695089295,1460.397176113287,21.970918668635535,33.165767973854197,22.000000000000008,30.00000000000001,0.0,21.1329849139671,34.91380637695286,16.000000000000008,30.00000000000001,0.0,21.607106687529006,34.593892218920419,21.000000000000008,30.00000000000001,0.0,20.869220966480719,36.077021015774999,19.000000000000008,30.00000000000001,0.0,15.469184909699019,49.329934475851157,12.000000000000006,30.00000000000001,0.0,19.257551311913337,43.538471412953217,19.000000000000008,30.00000000000001,0.0,18.006326755586483,42.13682472464914,10.000000000000004,30.00000000000001,0.0,16.02055169080653,47.692744435580667,16.000000000000008,30.00000000000001,0.0,16.60529778473203,45.987607782075929,16.000000000000008,30.00000000000001,0.0,20.138893655301265,0.0,0.0,0.0,16.58328735526212,0.0,0.0,508.9367917194642,509.133641538446,547.9380939388417,540.1118144732276,478.4692920227716,769.176389143471,490.8446864838015,484.10034886008909,486.98325261081956,9755.694427359982,81.55424445233969,83.82181114574733,1744.000000000001,0.0,1744.000000000001,1744.000000000001,16.0,19.0,19.0,16.0,16.0,12.0,21.0,10.0,1.0,0.0,1460.397176113287,0.0,0.0,0.0,0.0,0.0,0.0,0.0,3431.7708509039646,2059062.510542377,2664648.5226660214,81.55424445233969,83.8603219560062,0.3410590283634655,0.7670218066260488,0.3602813740196597,83.8603219560062,0.3542647819438876,2664648.5226660214,0.18216172317863314 
 03/25  16:50:00,8.121666666666667,74.83333333333333,2.5949999999999999,65.66666666666667,157.33333333333332,0.0,0.0,0.0,2.0,0.0,0.0,0.0,0.0,0.0,4.0,724.0,0.0,544.341731141154,27.083716510420034,69.40123664338377,16.32190803512221,434.4342720359329,0.0,27.08371651042002,37.02549381504863,0.0,0.0,21.396143837981986,-1387.586852032433,20.973457684867637,281.3953505558893,21.179984403175383,-872.4392185877005,20.27927978195713,313.6856520981837,15.351448432310996,49.8415595672958,18.94940016832144,-58.680608205682009,17.616037096503459,169.61607155694765,15.883477842877092,42.85621844382695,16.54429793073151,38.80486156660845,832.0830178060824,593.3590528867599,0.0,0.0,0.0,0.0,0.0,0.0,0.0,0.0,0.0,0.0,0.0,0.0,0.0,0.0,0.0,0.0,0.0,0.0,0.0,0.0,0.0,0.0,1.2105822219711598,0.36953059278728936,346.53403370731919,405.7903234345951,9594.241976187604,0.28028376197107415,0.04277835194918714,261.4512577712839,306.90121640229116,6865.780477502544,2.1369740985158005,0.40381218792815595,276.0971930593437,323.63045862554295,7494.046744907981,0.31198231771962717,0.05895357477695144,291.4695851897712,342.6185373952447,7400.580176921884,0.0,0.0,11.518356726653714,13.79485491269246,172.69131422639414,0.0,0.0,16.482838313660037,19.472399706576927,364.4254944145244,0.0,0.0,256.17504431803158,304.0296453121538,5157.736814713342,0.0,0.0,36.07312143287572,43.12543437394858,577.2149766769766,0.0,0.0,169.16367461936324,201.8181086181975,2904.9569298991789,29.26559299378691,20.07242317818033,546.5148678456385,643.8242930693841,13921.505269811149,0.0,0.0,199.12813253758285,237.539982683286,3434.7877415629025,1667.6198519716095,22.045218607706663,33.084825861483469,22.0,30.0,0.0,21.327639554531726,34.61300015980944,16.0,30.0,0.0,21.697922312661654,34.494521667816169,21.0,30.0,0.0,20.870060886069543,36.20695934386791,19.0,30.0,0.0,15.500514196699568,49.3808462707971,12.0,30.0,0.0,19.149381238866459,44.181491060242539,19.0,30.0,0.0,18.128484735943645,41.91705742915055,10.0,30.0,0.0,16.01230825435787,47.88327415573271,16.0,30.0,0.0,16.608951144872365,46.11515993196566,16.0,30.0,0.0,20.258999216147129,0.0,0.0,0.0,16.634398244924584,0.0,0.0,514.1206256607144,517.0692321845021,553.9047569388681,548.6691334810272,487.51053325989195,796.8517638850485,497.12629696815477,493.5212816215457,494.70305427287459,11100.605036730509,80.66476031785514,87.87750367316221,1744.0,0.0,1744.0,1744.0,16.0,19.0,19.0,16.0,16.0,12.0,21.0,10.0,1.0,0.0,1667.6198519716095,0.0,0.0,0.0,0.0,0.0,0.0,0.0,10915.228225392426,6549136.935235456,8498047.848624334,80.66476031785514,88.0,0.3638409408464142,0.7706636926380254,0.36028137401965956,88.0,0.3542647819438875,8498047.848624334,0.4869518214617987 
 03/25  17:00:00,8.09,75.0,2.54,58.5,165.0,0.0,0.0,0.0,2.0,0.0,0.0,0.0,0.0,0.0,4.0,2897.0,0.0,528.8183725860884,24.385216749256967,62.48641415547127,15.856438254681958,422.04514235317176,0.0,24.385216749256956,33.33644005544318,0.0,0.0,21.015789965678434,-348.2309278064631,20.908819370297885,-107.11451662960326,21.19005107359157,-958.7957704689247,20.305303895186716,343.2069902891276,15.366389798899882,43.62137185823413,18.93945598874216,-49.28079828493624,17.55049014172988,68.12987777535773,15.878182479585125,43.00518004194339,16.550647276953197,40.504083221371278,752.9828523334754,572.6422774774528,0.0,0.0,0.0,0.0,0.0,0.0,0.0,0.0,0.0,0.0,0.0,0.0,0.0,0.0,0.0,0.0,0.0,0.0,0.0,0.0,0.0,0.0,1.3558367798788205,0.4138695909276009,184.85566624397834,217.96945152067293,4877.525882904818,0.2615784377994014,0.03992344899258263,140.36270620952488,165.54723832255324,3662.0450712898384,1.662129281889546,0.3140833866004434,286.2296042981151,336.72073183707075,7756.340094801899,0.28264455135944496,0.0534097791684514,291.55667908575438,343.90295713054379,7440.746697931954,0.0,0.0,10.369539525053721,12.462882361700917,156.240594801324,0.0,0.0,13.90699022528255,16.4973424132144,307.6623474294382,0.0,0.0,242.73982602889775,289.25303476878488,4831.615898592032,0.0,0.0,34.510876326927107,41.403673461978709,554.1157342931318,0.0,0.0,163.85184616726338,196.1664319375236,2826.035451808616,28.850387414542515,19.787645688986644,395.1417446314459,467.6892801049032,10086.971590555933,0.0,0.0,192.55251578731959,230.540812536783,3318.8697483516209,517.6306832830594,21.308035837504979,34.7918514211517,21.25,30.0,0.0,21.14853056130614,35.22053062023761,16.0,30.0,0.0,21.673026958298665,34.79173115092731,21.0,30.0,0.0,20.91163329926021,36.30298310622928,19.0,30.0,0.0,15.508438939027567,49.43496042757581,12.0,30.0,0.0,19.127643258837467,44.53098822814954,19.0,30.0,0.0,17.976121525638655,42.486299836838927,10.0,30.0,0.0,16.010393449683627,48.017222330513089,16.0,30.0,0.0,16.61762183449628,46.247778512823227,16.0,30.0,0.0,19.989828817943545,0.0,0.0,0.0,16.595714874109544,0.0,0.0,525.2099324361332,531.9101477467243,570.1853762254949,560.6255094865684,491.6724398273575,817.3402607720623,506.5434157764109,500.16785055562976,503.31391128681249,3518.400632179265,81.88731470812016,81.88731470812016,1744.0,0.0,1744.0,1744.0,16.0,19.0,19.0,16.0,16.0,12.0,21.0,10.0,1.0,0.0,517.6306832830594,0.0,0.0,0.0,0.0,0.0,0.0,0.0,0.0,0.0,0.0,81.88731470812016,81.88731470812016,0.17,0.3473450124621256,0.18014068700982978,81.88731470812016,0.17713239097194376,0.0,0.04650666666666667 
 03/25  17:10:00,7.948333333333334,75.66666666666667,2.493333333333333,51.33333333333333,172.66666666666667,0.0,4.0,0.0,0.0,0.0,0.0,0.0,0.0,0.0,0.0,1450.0,0.0,511.2580414599014,21.622272392722164,55.406452819303407,15.32989045607151,408.03032235786068,0.0,21.622272392722154,29.559285648113414,0.0,0.0,21.410542624449957,-1646.6161906313346,20.968474928671669,632.3519386524963,20.90574357033009,254.25940760773666,20.310435617371135,-98.21081582342879,15.38296740344024,47.50568787647347,18.77919318572175,-142.7874431132377,17.68970296389196,314.45918992501177,16.20673397389031,-0.15525955275825255,16.546386307263007,24.12123403372334,748.630928948819,576.0589024671308,0.0,0.0,0.0,0.0,0.0,0.0,0.0,0.0,0.0,0.0,0.0,0.0,0.0,0.0,0.0,0.0,0.0,0.0,0.0,0.0,0.0,0.0,1.246860096580683,0.3806044250856786,560.2995778365059,659.0105514502395,14663.574290839433,0.3050871036913697,0.04656396576486106,285.54069665815106,335.3641811168769,7714.297854703425,2.467125042719058,0.4661989876642212,296.75657686777529,348.81687935856629,8029.4946368540699,0.31960200734976487,0.06039342542512561,23.17621080930744,27.312014763274506,601.7051149556849,0.0,0.0,11.387391506641615,13.669572054932136,175.231472733389,0.0,0.0,71.45984435938616,84.8013740136631,1564.9682011582475,0.0,0.0,308.51683606935969,366.7865179887315,6418.188121166828,0.0,0.0,36.56664546057329,43.73678465134716,636.8333261765198,0.0,0.0,163.47830368675154,195.51400463461463,2863.930671570137,28.98049293315406,19.87688129845958,502.0730333678989,592.200340166336,12979.53699681923,0.0,0.0,193.40287506737793,231.34264554680693,3367.1110748069024,2019.5726604652894,21.913076157037059,33.81579034263967,22.0,30.0,0.0,21.32942001450215,35.14587837651705,16.0,30.0,0.0,21.352020424214968,35.08106644829776,21.0,30.0,0.0,20.81089260963657,39.79116349686076,19.0,30.0,0.0,15.522250925113433,49.66392292132012,12.0,30.0,0.0,18.85766330748011,41.63476700174209,16.0,30.0,0.0,18.28677365315344,42.56632063464431,10.0,30.0,477.4978255268065,16.519887228186478,46.664798910334109,16.5,30.0,0.0,16.60688874211007,46.45990498041854,16.0,30.0,0.0,19.84991522053837,0.0,0.0,0.0,16.536640811131148,0.0,0.0,540.8631898592639,548.7524496057471,547.9939485618518,748.6780671008628,505.5791488645616,594.0189766823086,557.1137042633909,508.5199322397599,512.8457625565172,10126.583377762185,81.30898964884315,84.76518361602806,162.0,0.0,162.0,162.0,16.0,19.0,16.0,16.0,16.0,12.0,21.0,10.0,1.0,0.0,2019.5726604652894,0.0,0.0,0.0,0.0,0.0,477.4978255268065,0.0,5230.574586783403,3138344.752070042,4065480.4301034759,81.30898964884315,84.8238812633674,0.3443524862261135,0.7687765607395691,0.36028137401965956,84.8238812633674,0.3542647819438875,4065480.4301034759,0.21585998236538074 
 03/25  17:20:00,7.806666666666667,76.33333333333334,2.4466666666666669,44.166666666666667,180.33333333333335,0.0,4.0,0.0,0.0,0.0,0.0,0.0,0.0,0.0,0.0,2900.0,0.0,541.7705389086962,19.656551032318516,50.36932737360925,16.24478064599621,432.38188857119249,0.0,19.656551032318505,26.871995517760266,0.0,0.0,21.13454152626384,-1008.9572109345454,21.115931920911124,-74.43634897350467,20.934984539783235,-49.67669514094155,20.268582656341569,-81.66277537793249,15.404296406997453,44.60572431932046,18.677684243394386,-64.96663177494105,17.706054991543544,69.8107142415488,16.366791207768068,-7.2519291489011838,16.550030568999,51.46377792847443,786.0699296410585,661.409772832792,0.0,0.0,0.0,0.0,0.0,0.0,0.0,0.0,0.0,0.0,0.0,0.0,0.0,0.0,0.0,0.0,0.0,0.0,0.0,0.0,0.0,0.0,1.3293173215457066,0.4057745181763451,414.9834245692648,488.7686618754054,11301.291306899016,0.2514834620082306,0.03838270177170797,186.57202330657572,219.81313518059197,5054.597568855643,2.3824740599239915,0.45020295916931077,175.2181261855968,206.45327052363667,4771.434775224765,0.2930647560495578,0.05537882767376374,21.24603709298701,25.070077461787116,553.5869385804437,0.0,0.0,10.101085659825208,12.14104520856064,158.68444559794509,0.0,0.0,49.950206033664219,59.38088413368082,1093.9418192393897,0.0,0.0,291.8911126671153,347.6182015418515,6115.905328225117,0.0,0.0,26.704727222856158,31.966259198839773,483.55659465574117,0.0,0.0,179.6490441541912,215.13733951828056,3201.9997690287884,28.796652676585347,19.750790587507106,358.2625031291077,423.9141251619021,9499.572447258566,0.0,0.0,204.23603474342617,244.54530542140649,3661.3335220545516,1320.7295251280457,21.461761143147155,34.61935501774079,21.75,30.0,0.0,21.427867775824156,34.82095909672957,16.0,30.0,0.0,21.336340831298928,34.94583913283445,21.0,30.0,0.0,20.715033825463594,42.21860961809259,19.0,30.0,0.0,15.53984692394836,49.95304382666908,12.0,30.0,0.0,18.71470191577236,41.442032911995159,16.0,30.0,0.0,18.22176886136574,42.38998532592275,10.0,30.0,0.0,16.756412393386876,46.341285588788,16.0,30.0,0.0,16.61663371374211,47.00555720617883,16.0,30.0,0.0,20.11619970965828,0.0,0.0,0.0,16.653376113753486,0.0,0.0,540.4347923610826,546.1483941371869,542.5722641340667,878.0204670047117,522.6162261222114,559.0803723061979,539.7710707138497,529.5214855823192,543.0611591586517,7163.979450623618,81.52358359217682,83.22076945708119,162.0,0.0,162.0,162.0,16.0,19.0,16.0,16.0,16.0,12.0,21.0,10.0,1.0,0.0,1320.7295251280457,0.0,0.0,0.0,0.0,0.0,0.0,0.0,2568.5527940374129,1541131.6764224477,1996865.3887133387,81.52358359217682,83.24959330733768,0.2556184264679138,0.5783881211214322,0.27021103051474468,83.24959330733768,0.2656985864579156,1996865.3887133387,0.10840900021309362 
 03/25  17:30:00,7.665,77.0,2.4,37.0,188.0,0.0,4.0,0.0,0.0,0.0,0.0,0.0,0.0,0.0,0.0,2904.0,0.0,517.5932014945428,16.659195245932403,42.68869356294147,15.51982446496408,413.0860990945238,0.0,16.659195245932396,22.77438291397888,0.0,0.0,21.070438845770974,-893.7895852844974,20.91541931944606,-111.04884693154622,21.0055070550916,-426.61946345995116,20.245041624994465,-71.51420552998049,15.41859958980536,38.92734839502501,18.594557721621145,-73.63722872212526,17.602720921232483,92.25084021388557,16.173618894208809,3.1601777384613856,16.545748068423877,8.750950087786805,654.765928905975,581.1591854435465,0.0,0.0,0.0,0.0,0.0,0.0,0.0,0.0,0.0,0.0,0.0,0.0,0.0,0.0,0.0,0.0,0.0,0.0,0.0,0.0,0.0,0.0,1.4005861558103397,0.4275293515904578,314.1220414096857,369.87565150305366,8604.005530296965,0.2736101951383225,0.04175979779278428,137.66125621297213,162.4053622469448,3679.9304177891265,2.1954834456756839,0.4148683759780205,148.87616958392784,174.77143326884124,4261.415019426078,0.2425434823802391,0.04583210173473904,13.842725380344153,16.318995213898476,364.6754513287107,0.0,0.0,9.688641389932567,11.646883293452568,155.17185965411893,0.0,0.0,51.1527914699811,60.85301273435984,1123.5695208936443,0.0,0.0,274.9988779215847,327.74786893610828,5741.691512815361,0.0,0.0,28.264867107191038,33.872489477405789,502.658479165657,0.0,0.0,161.9942581383933,194.01324361622603,2930.1546970457986,28.4511101845805,19.513792993539444,252.6210044751457,299.1678961379093,6726.038267274296,0.0,0.0,186.86893137309537,223.89223885227595,3344.1000005027597,1379.8682570624079,21.44716735728221,34.67783254231642,21.75,30.0,0.0,21.080933327375793,35.453078871574707,16.0,30.0,1161.9278996577644,21.523522548823605,34.77767428586553,21.5,30.0,0.0,20.663105856224989,44.874746349203977,19.0,30.0,0.0,15.54801269772624,50.086908172474398,12.0,30.0,0.0,18.59807866590389,41.52583972887956,16.0,30.0,0.0,18.036775297506563,42.90439933705911,10.0,30.0,0.0,16.447885272204315,47.430933876161677,16.0,30.0,0.0,16.603641902347698,47.01656680356278,16.0,30.0,0.0,19.38733639792201,0.0,0.0,0.0,16.490194065602588,0.0,0.0,548.900316693065,545.3701736062808,561.645594847311,1029.1430509483737,531.2433619097737,547.3571160345164,544.0980844677019,539.8522224216903,543.6995851374795,8050.276369927065,82.68192823964961,82.68192823964961,162.0,0.0,162.0,162.0,16.0,19.0,16.0,16.0,16.0,12.0,21.0,10.0,1.0,0.0,1379.8682570624079,0.0,1161.9278996577644,0.0,0.0,0.0,0.0,0.0,0.0,0.0,0.0,82.68192823964961,82.68192823964961,0.34,0.769349806146534,0.36028137401965956,82.68192823964961,0.3542647819438875,0.0,0.0046890000000000008 
 03/25  17:40:00,7.523333333333333,77.66666666666667,2.353333333333333,31.166666666666669,156.66666666666669,0.0,4.0,0.0,0.0,0.0,0.0,0.0,0.0,0.0,0.0,2904.0,0.0,433.7370204462028,13.811286596870803,35.390986993805388,13.005426262663259,346.16125034211395,0.0,13.811286596870796,18.88107587721805,0.0,0.0,21.021814853221238,-1323.2254911323108,20.878421042561678,229.88167417889373,20.921426316432155,-117.53588374688047,20.231046302875435,-83.0608620149841,15.429808485761058,43.21856738352619,18.505822903988169,-52.56138838878934,17.61911122719097,172.49161362464975,16.057766997870567,15.180839498225823,16.528981570460723,15.824296553051909,773.684718595418,640.7211823210996,0.0,0.0,0.0,0.0,0.0,0.0,0.0,0.0,0.0,0.0,0.0,0.0,0.0,0.0,0.0,0.0,0.0,0.0,0.0,0.0,0.0,0.0,1.3958176283417059,0.4260737571250629,409.25322272418898,482.1916070078503,11431.588007840706,0.29423361586484489,0.04490745052882249,224.00478798836833,264.2517539340818,6063.341927151626,2.5355134901138758,0.47912197470027909,158.29956498846355,186.63715837853997,4477.959788954669,0.2844481862747674,0.0537506020927376,16.38081934487829,19.326833187802195,435.300238360978,0.0,0.0,10.33051866582284,12.42092450165401,168.64096402158669,0.0,0.0,45.197801988859158,53.78586531988829,998.418837735856,0.0,0.0,284.0490354432793,338.5600738032078,6036.099039188438,0.0,0.0,32.54005450973122,39.03015479356084,576.0102729339988,0.0,0.0,170.25732834846475,203.98604851665483,3120.704393026638,28.74761894684781,19.71715977150056,349.8411783066157,414.34323140403947,9440.898159969405,0.0,0.0,198.3183286969105,237.65807765848173,3615.2363023782338,1266.2389248641326,21.537764179112079,34.69725542756015,21.75,30.0,0.0,21.1156663614222,35.52755536797535,21.0,30.0,0.0,21.464838251753219,34.652768761702407,21.0,30.0,0.0,20.632897593353904,46.06878596179938,19.0,30.0,0.0,15.557522235126495,50.15039196877212,12.0,30.0,0.0,18.514909259198203,41.70147838349361,16.0,30.0,0.0,18.07967923090979,42.83942721118647,10.0,30.0,0.0,16.2575819755112,48.037949983060787,16.0,30.0,0.0,16.578807128799526,47.07758468141242,16.0,30.0,0.0,19.96400066545624,0.0,0.0,0.0,16.513324528578143,0.0,0.0,566.880437975445,561.590567426298,555.9530075634525,1099.2868186439883,537.6976283811703,547.7222021134705,550.8277611287803,544.4758508854663,546.6221080254215,9560.82432650046,81.68315406252093,81.68315406252093,162.0,0.0,162.0,162.0,21.0,19.0,16.0,16.0,16.0,12.0,21.0,10.0,1.0,0.0,1266.2389248641326,0.0,0.0,0.0,0.0,0.0,0.0,0.0,0.0,0.0,0.0,81.68315406252093,81.68315406252093,0.34,0.7701857489697992,0.36028137401965956,81.68315406252093,0.3542647819438875,0.0,0.004806 
 03/25  17:50:00,7.381666666666667,78.33333333333334,2.3066666666666668,25.333333333333337,125.33333333333334,0.0,4.0,0.0,0.0,0.0,0.0,0.0,0.0,0.0,0.0,2904.0,0.0,344.14428218776996,11.0373146076043,28.282750596324108,10.319022116243076,274.658137456584,0.0,11.037314607604295,15.08884585988679,0.0,0.0,21.03873953582621,-940.0988159182962,21.021764863944094,-21.46428185198465,21.005229621133475,-412.0390662123657,20.21839047932655,-72.26976178529836,15.435821638493409,38.43976785818593,18.40713461878388,-56.76786708396088,17.586055854425454,102.37002271770098,15.981704543983298,17.366717730711515,16.510946882960569,-4.325457107861439,746.2584272488957,609.353655850146,0.0,0.0,0.0,0.0,0.0,0.0,0.0,0.0,0.0,0.0,0.0,0.0,0.0,0.0,0.0,0.0,0.0,0.0,0.0,0.0,0.0,0.0,1.4536976713337185,0.44374165791627548,418.3074180606497,493.6667309518157,11548.787808598696,0.287529557270962,0.043884242562723139,214.92879029116907,253.58840713687276,5912.573079306273,2.40634472250611,0.45471366638437468,217.19177610725698,255.8467207420067,6179.145812830818,0.24573600580170197,0.046435375245975418,13.965473531968982,16.465589673041543,374.71483178343899,0.0,0.0,9.827676114059099,11.818567902228893,163.29449996156084,0.0,0.0,46.22916907556302,55.047775916020167,1026.4775742367556,0.0,0.0,273.7815457063776,326.46614726957986,5857.311569675789,0.0,0.0,32.281553213665358,38.743134030867349,573.3154056729596,0.0,0.0,161.69983658752029,193.7777457920905,3001.3616245393475,28.55814949342188,19.58720815735383,359.43174321509556,426.2065890922629,9647.746862183454,0.0,0.0,189.0990713688966,226.7385006726472,3456.465779670133,1405.3049361641884,21.343277848340234,34.98322419261437,22.0,30.0,504.6014586216662,21.194388264621084,35.37942908348714,21.25,30.0,1177.562990793822,21.557726984857444,34.84418243703938,21.5,30.0,0.0,20.609912477892335,47.485014934601618,19.0,30.0,0.0,15.557940344893855,50.217693472984048,12.0,30.0,0.0,18.423726844686134,41.94368782202956,16.0,30.0,0.0,18.00428514031109,43.01870743224764,10.0,30.0,0.0,16.139654598924666,48.45999415762323,16.0,30.0,0.0,16.549527981932174,47.21848275906546,16.0,30.0,0.0,19.777333934239459,0.0,0.0,0.0,16.388664510710475,0.0,0.0,563.8197987106833,566.8194303782283,581.4813432697552,1183.465133662852,543.6519240555047,551.6483178512187,553.381781226654,550.8018567877859,552.8380823778525,10414.57355369834,81.1185285783019,84.57467268781079,162.0,0.0,162.0,162.0,21.0,19.0,16.0,16.0,16.0,12.0,21.0,10.0,1.0,0.0,1405.3049361641884,504.6014586216662,1177.562990793822,0.0,0.0,0.0,0.0,0.0,5230.496554838492,3138297.9329030949,4087516.1938380419,81.1185285783019,84.63336948840129,0.34434988516128309,0.766896448202181,0.36028137401965956,84.63336948840129,0.3542647819438875,4087516.1938380419,0.2174288420795782 
 03/25  18:00:00,7.24,79.0,2.26,19.5,94.0,0.0,4.0,0.0,0.0,0.0,0.0,0.0,0.0,0.0,0.0,2904.0,0.0,242.19415920812248,8.34301948239479,21.37869346091141,7.2620900189193569,193.29275165747644,0.0,8.343019482394788,11.40554015640329,0.0,0.0,21.02681363923871,-119.92361395644139,21.330377168497408,-706.8631124789387,20.8419234142304,-211.11120487892914,20.215259507516806,-73.52144049796537,15.436820300786114,38.117799278507138,18.299823680519709,-41.96059990211154,17.551953005191128,111.56772451986672,15.926068913554524,19.735784178120754,16.48746384515075,-9.292442938641898,741.2424238792989,656.5422192007839,0.0,0.0,0.0,0.0,0.0,0.0,0.0,0.0,0.0,0.0,0.0,0.0,0.0,0.0,0.0,0.0,0.0,0.0,0.0,0.0,0.0,0.0,1.408069541867197,0.4298136574686194,338.45722190729347,399.4622207286507,9445.850216957051,0.21823288340297607,0.03330782713720636,186.22059724687333,219.14943303294215,5348.08648775294,2.7207706987866207,0.5141290058175778,163.80862773917299,193.2763847353738,4713.656796237025,0.28525410055892749,0.053902891262080008,15.471001955677563,18.26792482036746,419.7690634933764,0.0,0.0,9.716781783409545,11.687898135265244,164.17479987116614,0.0,0.0,39.51648311575893,47.059509852528197,881.936397271935,0.0,0.0,273.7934926464543,326.6233562344248,5900.717129128903,0.0,0.0,33.77407644476024,40.5552402493317,604.2950046805233,0.0,0.0,166.6934156427608,199.85120838412053,3131.361204790369,28.796060629322534,19.75038451942561,279.74626367496048,331.8348905148147,7711.315682985502,0.0,0.0,195.30547241611749,234.28755495684752,3609.5957392503335,0.0,21.21140448948526,35.55620071646447,21.0,30.0,823.2708392210857,21.736378688181398,34.38411776317842,21.5,30.0,0.0,21.35628565088433,35.24451863382494,21.0,30.0,0.0,20.605444236773374,47.618788824676439,19.0,30.0,0.0,15.552799856250133,50.300585942292837,12.0,30.0,0.0,18.336529719745266,42.233219048453708,16.0,30.0,0.0,17.93642019926149,43.350551116207359,10.0,30.0,0.0,16.059250829937314,48.72948847339057,16.0,30.0,0.0,16.515433267769536,47.36580216732773,16.0,30.0,0.0,19.64011129312882,0.0,0.0,0.0,16.34388108609748,0.0,0.0,585.7136359354514,583.5046866612831,585.3696273134127,1196.320205259261,549.7691556678191,558.0733386738718,564.4052686510333,555.8116583941608,558.9396171262708,5158.4385242803259,81.04300706956112,82.75209388918928,162.0,0.0,162.0,162.0,21.0,19.0,16.0,16.0,16.0,12.0,21.0,10.0,1.0,0.0,0.0,823.2708392210857,0.0,0.0,0.0,0.0,0.0,0.0,2586.5460576078378,1551927.6345647027,2008833.705134648,81.04300706956112,82.78111985716542,0.17121820192026128,0.3857036543598065,0.18014068700982978,82.78111985716542,0.17713239097194376,2008833.705134648,0.10940935266700169 
 03/25  18:10:00,7.075000000000001,79.50000000000002,2.3566666666666666,13.666666666666665,62.66666666666665,0.0,0.0,0.0,0.0,0.0,0.0,4.0,0.0,0.0,0.0,2181.0,0.0,136.5453366626685,5.422787685723129,13.895698188380705,4.09425610042634,108.975493682858,0.0,5.422787685723127,7.413361893697865,0.0,0.0,21.18210085971878,-451.1374464452232,20.980650204586895,-72.07569152881125,21.187996555741927,-1780.365681060637,20.184333633523388,376.54568852548888,15.432171567149052,37.05779260265687,18.174161702636924,-43.1136559471106,17.536061823280435,154.44968408266264,16.294161677111,-20.053745065432737,16.458148404673965,-27.583997991888589,684.355276205891,639.6684922653527,0.0,0.0,0.0,0.0,0.0,0.0,0.0,0.0,0.0,0.0,0.0,0.0,0.0,0.0,0.0,0.0,0.0,0.0,0.0,0.0,0.0,0.0,1.4449982304663179,0.44108615093599448,192.58108971761133,226.63871623268177,5664.234925842297,0.25653882808167169,0.039154277790242938,15.873549316071657,18.69977712584337,457.6427963275146,2.3872267742180854,0.4511010533291925,311.35259189075978,365.9030765732308,9280.98344682332,0.306254113640584,0.05787114770230234,214.05133436411928,252.17008549769037,5854.257614479542,0.0,0.0,9.847742620569568,11.842093719689605,169.4674125027359,0.0,0.0,43.514476516609089,51.847174406108468,976.8206204025462,0.0,0.0,268.3984469610826,320.14747077937445,5865.90928108007,0.0,0.0,27.7266793797774,33.237336702519787,536.3454020337061,0.0,0.0,162.6918088269311,195.02394111305473,3097.327807990649,28.884210702199647,19.810844103017595,298.42008489578009,353.42210827969759,8153.7293897096519,0.0,0.0,185.56596778071555,222.68145107764102,3433.582526436564,928.7876623675634,21.692430190749925,35.715544398862778,21.666666666666666,30.0,0.0,21.340988305920143,38.05905779220853,21.0,30.0,2656.8097357883809,21.93925456247338,35.08420629831102,21.666666666666666,30.0,0.0,20.65131261469692,40.30201434067847,16.0,30.0,0.0,15.539345344888697,50.41236067874935,12.0,30.0,0.0,18.226464229615087,42.56882846186507,16.0,30.0,0.0,17.91942645073639,43.46746025817367,10.0,30.0,512.6390706037878,16.686269818602545,46.939222429296929,16.333333333333333,30.0,0.0,16.471870626305888,47.57819470159347,16.0,30.0,0.0,19.202507005190954,0.0,0.0,0.0,16.184297553030544,0.0,0.0,659.0418992112774,745.2780311762407,659.41024572102,788.8126382632968,555.6008593719444,563.0373431365526,569.2661926677619,562.195681583309,564.0832361101626,10169.333473392506,81.280687196587,83.74315955701377,240.0,0.0,240.0,240.0,21.0,16.0,16.0,16.0,16.0,12.0,21.0,10.0,1.0,0.0,928.7876623675634,0.0,2656.8097357883809,0.0,0.0,0.0,512.6390706037878,0.0,3726.427581702148,2235856.5490212885,2896904.0728564399,81.280687196587,83.78498051254104,0.3508809193900716,0.7707123602053654,0.36028137401965956,83.78498051254104,0.3542647819438875,2896904.0728564399,0.15807901178853488 
 03/25  18:20:00,6.91,80.0,2.453333333333333,0.0,0.0,0.0,0.0,0.0,0.0,0.0,0.0,4.0,0.0,0.0,0.0,2908.0,0.0,0.0,0.0,0.0,0.0,0.0,0.0,0.0,0.0,0.0,0.0,20.92089637077211,-110.32636059286824,20.914855850056179,-72.60059719253502,21.21869884813519,-1619.6564409564736,20.35329318013909,401.9873931756697,15.42563372744831,38.20926713962437,18.03144614054883,-24.184668680278635,17.5753140643167,75.40577135091144,16.317656794419564,-23.302526590869605,16.418028569654639,-35.72241993491252,802.3503672221782,725.8551014943782,0.0,0.0,0.0,0.0,0.0,0.0,0.0,0.0,0.0,0.0,0.0,0.0,0.0,0.0,0.0,0.0,0.0,0.0,0.0,0.0,0.0,0.0,1.4730298518654397,0.44964281192473745,222.7427992669035,262.64974849292846,6368.6627251076029,0.25791278435679657,0.03936397807643415,14.410783900126124,16.98392523452653,421.1006503428228,2.397177127054306,0.45298131652575726,424.5415004625808,499.9563830985519,12495.774174840702,0.32551849213493436,0.06151143086450005,299.8896507239832,354.12446127784929,8412.330600114341,0.0,0.0,9.954401177493928,11.979952055778309,174.4372819048329,0.0,0.0,29.6288721036046,35.347714599702978,669.0583478012227,0.0,0.0,265.0930398027738,316.32248800763548,5905.912979859427,0.0,0.0,23.039934986488438,27.615151569948514,456.30331943372428,0.0,0.0,176.40207986186915,211.62171764579586,3398.094155686726,29.160791336425115,20.00054275474974,403.11204962360878,477.4592631919473,11236.962990456748,0.0,0.0,197.07242701461758,236.61807306737485,3705.113163520533,0.0,21.248819174253844,36.99947603844197,21.0,30.0,0.0,21.34316088270309,41.151502457274897,21.0,30.0,1616.5341255542404,21.672772319876505,35.855301240075927,21.75,30.0,0.0,20.97646871055083,37.2735168820503,16.0,30.0,0.0,15.527911691867989,50.58970003848808,12.0,30.0,0.0,18.118441042977645,43.023699316379907,16.0,30.0,0.0,17.963455232531069,44.058602114475529,10.0,30.0,0.0,16.69080707878573,47.01097530465502,16.0,30.0,0.0,16.414997367506964,48.001160013139607,16.0,30.0,0.0,19.84157410964467,0.0,0.0,0.0,16.163440557842529,0.0,0.0,681.3119855361908,919.0893686198735,672.0980328496853,662.7376482001598,563.8691181614415,572.724205617267,606.1440919647491,568.4647753708889,577.1304579852397,6557.145008616234,82.4959287507413,82.4959287507413,240.0,0.0,240.0,240.0,21.0,16.0,16.0,16.0,16.0,12.0,21.0,10.0,1.0,0.0,0.0,0.0,1616.5341255542404,0.0,0.0,0.0,0.0,0.0,0.0,0.0,0.0,82.4959287507413,82.4959287507413,0.255,0.5782709044017024,0.27021103051474468,82.4959287507413,0.2656985864579156,0.0,0.0074800000000000009 
 03/25  18:30:00,6.745,80.5,2.55,0.0,0.0,0.0,0.0,0.0,0.0,0.0,0.0,4.0,0.0,0.0,0.0,2184.0,0.0,0.0,0.0,0.0,0.0,0.0,0.0,0.0,0.0,0.0,0.0,21.131125604595327,-555.1381265052523,20.874243257799859,-80.25236653157688,21.133750883805779,-1105.103164843456,20.310930458232055,221.54699424369688,15.423027264999746,36.92698414260643,17.92379357027461,-21.822529510605393,17.51723535413405,141.6606423696381,16.121534741542204,-14.21333506075518,16.384269601942945,-47.87152930367937,779.8306400477017,728.2352740520231,0.0,0.0,0.0,0.0,0.0,0.0,0.0,0.0,0.0,0.0,0.0,0.0,0.0,0.0,0.0,0.0,0.0,0.0,0.0,0.0,0.0,0.0,1.4686784914470586,0.44831455782877235,185.32670690331137,218.35326171147535,5554.553340907435,0.23376781427405619,0.03567884833242615,16.120086010719093,18.991598270738348,474.2118338956781,2.720073414981384,0.5139972439496191,368.4892927352451,434.17869490516628,10932.594421663729,0.3331714716303009,0.06295757211456929,254.20628151054417,300.0339278486923,7187.958216948385,0.0,0.0,9.990556280837609,12.019853335842452,178.20955502957254,0.0,0.0,30.6169862094055,36.51914471247942,694.8974781812032,0.0,0.0,264.80393294270626,315.9906446441588,5946.4551525703159,0.0,0.0,25.864676632858946,31.024621175135509,503.77749981774675,0.0,0.0,170.777259309866,204.8730151168246,3332.095723583304,29.220578870936025,20.041549294194807,353.52308005282728,419.14357129117027,9937.073599101639,0.0,0.0,194.0933814617316,233.10410848124048,3664.199051947694,1062.2429407879955,21.72777523171072,35.55989172837991,21.666666666666658,29.99999999999999,0.0,21.31775935562964,43.5296136342554,20.999999999999994,29.99999999999999,1779.1136072458444,21.59351088956988,35.946693912536698,21.666666666666658,29.99999999999999,0.0,20.87336117294143,37.54922355341496,15.999999999999993,29.99999999999999,0.0,15.514994618295866,50.93672427887626,11.999999999999995,29.99999999999999,0.0,18.00703223848086,43.68612541726089,15.999999999999993,29.99999999999999,0.0,17.881261217582308,44.42586327189119,9.999999999999997,29.99999999999999,0.0,16.355731410095399,48.429402273248488,15.999999999999993,29.99999999999999,0.0,16.368002856501179,48.627442861944278,15.999999999999993,29.99999999999999,0.0,19.727316258419945,0.0,0.0,0.0,16.030856846804995,0.0,0.0,660.0752737784796,1051.2288855648513,667.330152032046,665.1189281429913,579.0300772855247,592.2815919659421,615.4134226207543,588.5040286894147,600.4814199423604,7633.856492007413,82.9571878039403,82.9571878039403,239.99999999999992,0.0,239.99999999999992,239.99999999999992,21.0,16.0,16.0,16.0,16.0,12.0,21.0,10.0,1.0,0.0,1062.2429407879955,0.0,1779.1136072458444,0.0,0.0,0.0,0.0,0.0,0.0,0.0,0.0,82.9571878039403,82.9571878039403,0.3399999999999999,0.7709962925991679,0.36028137401965945,82.9571878039403,0.35426478194388735,0.0,0.007520000000000001 
 03/25  18:40:00,6.58,81.0,2.6466666666666667,0.0,0.0,0.0,0.0,0.0,0.0,0.0,0.0,4.0,0.0,0.0,0.0,5824.0,0.0,0.0,0.0,0.0,0.0,0.0,0.0,0.0,0.0,0.0,0.0,21.049578998055737,-489.2148118786732,20.833978627136326,-89.39874792618147,21.114274909447138,-1003.856808413451,20.281692502614143,238.22768946883867,15.425521151647587,38.617532677234809,18.762232320808815,-199.63954224607057,17.567634318689178,145.39648093272835,17.05025301739329,-43.74291838895708,16.340082007182283,-75.93592872622995,728.9971915097035,798.1930319300846,0.0,0.0,0.0,0.0,0.0,0.0,0.0,0.0,0.0,0.0,0.0,0.0,0.0,0.0,0.0,0.0,0.0,0.0,0.0,0.0,0.0,0.0,1.4808172893937475,0.4520199296073712,122.42860482044402,144.52559484238149,3668.506171472851,0.21772396756765639,0.03323015378016736,18.186630483507746,21.44906530781547,538.5317207171881,2.7696363131060757,0.5233628709573086,249.27087851306838,293.9876571546805,7532.749049865095,0.33607996556645705,0.06350717414332144,251.70888270254398,297.6301559050434,7167.764540699884,0.0,0.0,10.452381858434786,12.589130943318687,189.89543834989116,0.0,0.0,61.4684520752603,72.99948283368375,1580.1279497598617,0.0,0.0,295.979212754091,353.46124807338568,6786.816541856751,0.0,0.0,19.464462113248659,23.2737880415279,437.2951129723232,0.0,0.0,188.65619924136116,226.5902333630444,3720.0003867515849,29.275425637357743,20.0791671038119,252.68460190525563,300.26964413428507,7232.221030054072,0.0,0.0,198.87620242404496,239.1554808288862,3802.0046709286154,704.1865435894106,21.47777435053714,36.249910308644569,21.375000000000008,30.00000000000001,0.0,21.28322092589785,44.704857764000397,21.000000000000008,30.00000000000001,1279.7867691144175,21.535412717046627,35.51527926437108,21.375000000000008,30.00000000000001,0.0,20.8414533477413,37.334973935921578,16.000000000000008,30.00000000000001,0.0,15.511635775874238,51.22627360425254,12.000000000000004,30.00000000000001,1713.2123413855268,19.222444329583185,40.840510802302258,20.000000000000008,30.00000000000001,0.0,17.953312596415495,44.440418566189489,10.000000000000004,30.00000000000001,1334.0471826653082,17.787284060830499,44.565440708831697,20.700000000000008,30.00000000000001,0.0,16.303514983180219,49.13627192675638,16.000000000000008,30.00000000000001,0.0,19.310632995106269,0.0,0.0,0.0,15.981527933445765,0.0,0.0,670.6330452679399,1115.2727738067973,640.3304679337912,653.301932489959,593.0057354681112,612.8759933259908,628.4018613293473,604.5781428168673,617.0757623711131,9908.113217018874,81.45340420159192,84.1860578481161,240.00000000000009,0.0,240.00000000000009,240.00000000000009,21.0,16.0,19.0,16.0,19.7,12.0,21.0,10.0,1.0,0.0,704.1865435894106,0.0,1279.7867691144175,0.0,1713.2123413855268,0.0,1334.0471826653082,0.0,4135.34362457325,2481206.17474395,3236774.340872449,81.45340420159192,84.23246737882161,0.35034478748577516,0.7688066709652062,0.36028137401965967,84.23246737882161,0.35426478194388769,3236774.340872449,0.17587226572536739 
 03/25  18:50:00,6.415,81.5,2.743333333333333,0.0,0.0,0.0,0.0,0.0,0.0,0.0,0.0,4.0,0.0,0.0,0.0,4368.0,0.0,0.0,0.0,0.0,0.0,0.0,0.0,0.0,0.0,0.0,0.0,21.0700481674274,-485.1555533093489,20.79374994256456,-91.48672289490743,21.1433246352425,-944.9535784905685,20.227545058255396,219.89232701872198,15.433729651436107,40.59485512395066,18.908018653185125,-245.43191732824995,17.585514652673255,93.01041991021295,18.216113992098408,-152.100262415192,16.296182274648275,-49.56856128427482,726.6775766096642,926.1859645517276,0.0,0.0,0.0,0.0,0.0,0.0,0.0,0.0,0.0,0.0,0.0,0.0,0.0,0.0,0.0,0.0,0.0,0.0,0.0,0.0,0.0,0.0,1.4729430139687557,0.44961630463026677,111.27318437715276,131.40319449055586,3353.1843773263219,0.20648564655188396,0.03151490331988457,20.07153463467212,23.67394612160796,598.6533312519698,2.80742037244507,0.5305027158815319,237.4877787800498,280.2467180146909,7211.992569298921,0.33686201771741305,0.06365495421719812,249.21732361761679,294.81172370803508,7142.5131748637709,0.0,0.0,10.783387164270883,12.98917261812089,199.69919046839895,0.0,0.0,76.14407486541157,90.48549857178937,1989.2209997513388,0.0,0.0,313.2505006365381,374.12769986946616,7298.070707833354,0.0,0.0,32.47662037312738,38.511934534190377,874.45792722099,0.0,0.0,209.07870333832788,251.19049185860917,4169.755971594716,29.279678676660234,20.08208414037051,247.5922706919195,294.37673515172937,7143.114245351624,0.0,0.0,213.23454063647615,256.335354297286,4184.94199308661,704.2765969643538,21.45890907782719,36.30031429611694,21.333333333333305,29.999999999999959,0.0,21.243456413381617,45.14904990871074,20.99999999999997,29.999999999999959,1222.1892001613877,21.46700781021202,35.43941055012228,21.333333333333305,29.999999999999959,0.0,20.759934844870775,37.274005844759958,15.999999999999977,29.999999999999959,0.0,15.518026243522698,51.520974357908517,11.999999999999983,29.999999999999959,0.0,19.439197379992345,40.623774366580438,18.99999999999997,29.999999999999959,0.0,17.96904006496419,44.56029071038136,9.999999999999986,29.999999999999959,1277.0547886521313,19.75214068144981,39.633584647220967,20.69999999999997,29.999999999999959,0.0,16.24459829006506,49.533814211883697,15.999999999999977,29.999999999999959,0.0,19.236561185911478,0.0,0.0,0.0,16.066136569746189,0.0,0.0,675.0647184371647,1141.10910879816,632.0142001934597,643.983859824331,609.1623712362309,634.8752682909075,638.577163407011,621.9451296195422,628.7344413435463,8795.72512515456,82.18899893139613,83.36375538576988,239.99999999999967,0.0,239.99999999999967,239.99999999999967,21.0,16.0,19.0,16.0,19.7,12.0,21.0,10.0,1.0,0.0,704.2765969643538,0.0,1222.1892001613877,0.0,0.0,0.0,1277.0547886521313,0.0,1777.831267016206,1066698.7602097253,1382180.6342995202,82.18899893139613,83.38370665028893,0.3425943755672065,0.7685049999387056,0.360281374019659,83.38370665028893,0.354264781943887,1382180.6342995202,0.07942005965024172 
 03/25  19:00:00,6.25,82.0,2.84,0.0,0.0,0.0,0.0,0.0,0.0,0.0,0.0,4.0,0.0,0.0,0.0,1456.0,0.0,0.0,0.0,0.0,0.0,0.0,0.0,0.0,0.0,0.0,0.0,20.668952595998907,-347.0730588080637,20.751520903450364,-95.54453014625841,20.80608225674084,-776.4478742302272,20.163641200590307,186.79257631556767,15.44234349080859,38.08527317661216,18.90673581612242,-227.0705758485667,17.506113969099688,62.43429595352973,18.82200515244609,-269.0117570949991,16.278002760136667,-42.87936949283221,768.9539685636664,1006.1515243512308,0.0,0.0,0.0,0.0,0.0,0.0,0.0,0.0,0.0,0.0,0.0,0.0,0.0,0.0,0.0,0.0,0.0,0.0,0.0,0.0,0.0,0.0,1.5114088759640696,0.46135802074605306,142.6551050634613,168.4278444061821,4229.196612357183,0.19106270686444125,0.029160974796160145,22.85702295674853,26.90519968327109,686.1997403168733,2.7931423974655589,0.5278046858400529,266.7405956305482,314.81945622861488,7957.193047550662,0.3276235183752105,0.06190920604217884,235.50109057627689,278.4350572635957,6788.5929317413779,0.0,0.0,10.314340125226544,12.408674652188882,194.67162198238479,0.0,0.0,70.06829481186604,83.17397296028443,1851.6522844837614,0.0,0.0,305.43548408360609,364.51760046405539,7132.95375067267,0.0,0.0,43.91587328755559,51.8736107949465,1269.5946146851648,0.0,0.0,213.29281925689816,255.93475400250095,4320.346303021875,29.248160544855446,20.060466766018828,270.26141453831158,320.891277010847,7858.782732921814,0.0,0.0,218.63231817259783,262.4345466989581,4388.917538861146,212.9569939126162,20.97066894966162,37.38346468102909,21.0,30.0,0.0,21.194993960657265,45.09204275018521,21.0,30.0,511.6983511575179,21.066501115201615,36.22646475268501,21.0,30.0,0.0,20.663934412940038,37.45358356812068,16.0,30.0,0.0,15.523932825601769,51.75743222734623,12.0,30.0,1016.5860771208037,19.45770294489281,40.71472945669254,19.5,30.0,0.0,17.81804857539847,44.98740908575648,10.0,30.0,1097.9213144245396,20.724365303094609,37.47670863978368,20.7,30.0,0.0,16.228571558034447,49.68453989515005,16.0,30.0,0.0,19.35028295576989,0.0,0.0,0.0,16.121794103005557,0.0,0.0,677.3182438989475,1138.0252226505066,629.7611033976555,643.7069169139072,622.426399780044,643.187157068732,639.8488518634792,635.0693829105444,634.0396741616463,10056.629845037536,81.35518192345538,85.0096756464012,240.0,0.0,240.0,240.0,21.0,16.0,19.0,16.0,19.7,12.0,21.0,10.0,1.0,0.0,212.9569939126162,0.0,511.6983511575179,0.0,1016.5860771208037,0.0,1097.9213144245396,0.0,5530.361117762594,3318216.6706575567,4303488.676550265,81.35518192345538,85.0717410819034,0.3543453705920865,0.7675236279424694,0.36028137401965956,85.0717410819034,0.3542647819438875,4303488.676550265,0.23131474451394716 
 03/25  19:10:00,6.121666666666667,82.50000000000002,2.8916666666666668,0.0,0.0,0.0,0.0,1.0,2.0,0.0,0.0,4.0,0.0,0.0,0.0,2912.0,0.0,0.0,0.0,0.0,0.0,0.0,0.0,0.0,0.0,0.0,0.0,21.168859841970993,-634.3795063255448,20.72945818490498,-49.24531625329239,21.290334954189718,-1207.2825288626814,20.221655917147815,466.10512442120446,15.448152113807435,37.69157352866053,19.42835826000247,-93.04919563186893,17.44637059800739,124.57711713291474,18.506035377499275,-213.10229123415224,16.260238132798379,-53.5399972517821,812.2445587516529,951.2012511370649,0.0,0.0,0.0,0.0,0.0,0.0,0.0,0.0,0.0,0.0,0.0,0.0,0.0,0.0,0.0,0.0,0.0,0.0,0.0,0.0,0.0,0.0,1.4569134408799279,0.44472327255187057,161.60348972187945,190.40701669057095,5020.9082150594499,0.2528586764417479,0.03859259408451587,14.864158738978599,17.55618191691916,453.4158551515055,2.7823397850250286,0.5257633758550698,315.2822484539806,371.71284213920907,9913.847341663612,0.3661965125572329,0.06919813162457159,310.7201902489946,367.46267438963289,9141.70031010361,0.0,0.0,10.801875170713196,13.008798445839151,206.72077768638804,0.0,0.0,14.821658801204898,17.55642597882357,419.1482839466327,0.0,0.0,242.8148467888515,290.20782486389626,5695.418537748049,0.0,0.0,43.158572919934119,51.21083431731052,1193.6684884062038,0.0,0.0,201.15815248266046,241.70981427194364,4120.147714586503,29.791374261466826,20.43304133159591,317.0591775589467,376.7378336925592,9280.604659018209,0.0,0.0,206.0975550919651,247.85383756690346,4127.807168080306,960.3198597595035,21.75437580027432,35.2284663268628,21.75,30.0,0.0,21.182878137219196,45.403014177329918,21.0,30.0,1791.5285659025083,21.803300001388725,34.593531729740117,21.5,30.0,0.0,20.824753849851544,36.84648149897062,16.0,30.0,0.0,15.524968761783335,51.906366407214239,12.0,30.0,551.802245859633,20.236015528018358,40.37280364422408,19.5,30.0,0.0,17.738659268894524,45.31611717394009,10.0,30.0,442.1276321103704,19.920067471924697,40.267364710851399,19.95,30.0,0.0,16.211529744552246,49.920232124527618,16.0,30.0,0.0,19.41741927652135,0.0,0.0,0.0,15.964195968832114,0.0,0.0,657.0994680242064,1158.3630253146887,629.5797246621169,635.0143699886728,630.5185706722966,741.3224225018453,648.3672162110964,686.0852649222711,644.0962703006669,7869.400172738755,82.8014743741742,82.8014743741742,270.0,0.0,270.0,270.0,21.0,16.0,19.0,16.0,19.7,12.0,21.0,10.0,1.0,0.0,960.3198597595035,0.0,1791.5285659025083,0.0,551.802245859633,0.0,442.1276321103704,0.0,0.0,0.0,0.0,82.8014743741742,82.8014743741742,0.34,0.7704262188814881,0.36028137401965956,82.8014743741742,0.3542647819438875,0.0,0.00846 
 03/25  19:20:00,5.993333333333334,83.0,2.9433333333333335,0.0,0.0,0.0,0.0,1.0,2.0,0.0,0.0,4.0,0.0,0.0,0.0,2184.0,0.0,0.0,0.0,0.0,0.0,0.0,0.0,0.0,0.0,0.0,0.0,21.101497117288507,-1019.1366451843157,20.716698837134616,-77.25941570955554,20.956505598495057,-326.467948361646,20.177356119462645,62.06615067258156,15.455708053603934,35.78181437187512,19.101420634360694,-70.61093865135449,17.447085742982975,56.13098300872963,18.916579932383699,-296.3594599550802,16.22182694050781,-66.24381735343103,803.2416481236029,1019.4641190985014,0.0,0.0,0.0,0.0,0.0,0.0,0.0,0.0,0.0,0.0,0.0,0.0,0.0,0.0,0.0,0.0,0.0,0.0,0.0,0.0,0.0,0.0,1.4738107701004744,0.4498811874543571,210.8577771250483,248.36241212623973,6605.4817280726169,0.21537521443732983,0.03287167497517243,19.29785225671357,22.745045484455998,590.3595601142215,3.070862743817342,0.5802839651960208,278.46281520048867,328.89979186746958,8549.865066730737,0.34739501197335068,0.06564531594356585,218.2451671913645,258.2861683487629,6434.392988384052,0.0,0.0,10.373571990002958,12.491654510824955,201.358997884975,0.0,0.0,14.146792157604164,16.77905346163314,390.93188149165789,0.0,0.0,241.98461897542135,289.19756744572018,5729.591369085796,0.0,0.0,46.61891150910117,55.14320875097259,1363.9205957133113,0.0,0.0,204.07563221736849,245.20346170421565,4211.701923482407,29.765894192575634,20.415565289832395,288.59612910269689,343.0532436456052,8539.00154862863,0.0,0.0,209.47399971383795,251.89302869015425,4231.448272282429,1402.8668069765416,21.52313784054803,35.386976358629429,21.666666666666658,29.99999999999999,0.0,21.175967032944056,46.280990763880058,20.999999999999994,29.99999999999999,884.8700526027024,21.26431270975668,35.946097780534028,21.333333333333326,29.99999999999999,0.0,20.692917412367238,37.30319234373877,15.999999999999993,29.99999999999999,0.0,15.529349735844069,52.06161970073593,11.999999999999995,29.99999999999999,0.0,19.7775095748658,43.54622674213861,18.999999999999994,29.99999999999999,0.0,17.718126079834595,45.39546955307039,9.999999999999997,29.99999999999999,1078.0180493600527,20.623170177556067,38.80684104243304,20.69999999999999,29.99999999999999,0.0,16.15572787455295,50.303781610026508,15.999999999999993,29.99999999999999,0.0,19.374234104104468,0.0,0.0,0.0,15.917377302859326,0.0,0.0,643.9279674134739,1211.5906558565314,642.2914391162356,644.3248486920649,640.3775647500781,860.0481771469106,652.6292748218029,706.7983993665462,656.2018045304569,9649.088876806225,81.62465292690594,84.06230734870613,269.9999999999999,0.0,269.9999999999999,269.9999999999999,21.0,16.0,19.0,16.0,19.7,12.0,21.0,10.0,1.0,0.0,1402.8668069765416,0.0,884.8700526027024,0.0,0.0,0.0,1078.0180493600527,0.0,3688.910822586786,2213346.493552072,2875781.8097684357,81.62465292690594,84.1037068132456,0.3496303607528928,0.7706241704734967,0.36028137401965945,84.1037068132456,0.35426478194388735,2875781.8097684357,0.15798565410795865 
 03/25  19:30:00,5.865,83.5,2.995,0.0,0.0,0.0,0.0,1.0,2.0,0.0,0.0,4.0,0.0,0.0,0.0,2184.0,0.0,0.0,0.0,0.0,0.0,0.0,0.0,0.0,0.0,0.0,0.0,21.10786895573309,-1147.497560040661,20.699838736237689,-55.8112939674169,21.12671455999044,-126.11154423555847,20.151067322389964,376.6038588414714,15.464649176499968,38.32827284150589,18.83855646792501,-73.93472627403232,17.488476603176914,131.53766937063723,18.6603097605671,-233.36574315856559,16.197570670835558,-58.46805510902684,841.1008737390969,1047.8045451345229,0.0,0.0,0.0,0.0,0.0,0.0,0.0,0.0,0.0,0.0,0.0,0.0,0.0,0.0,0.0,0.0,0.0,0.0,0.0,0.0,0.0,0.0,1.460162968041634,0.44571519170990039,256.376845578893,302.2723682913872,8065.5047945477049,0.2597878041888353,0.039650153264474238,12.821596624807237,15.10982693163119,398.96499295483997,3.03282016657582,0.5730952695721503,273.10297309691858,322.466278445231,8533.23468441114,0.37466222836797649,0.07079785116552838,291.99932960169857,345.55006152765648,8667.679429316686,0.0,0.0,11.167424676995243,13.44986856126573,219.87778572170084,0.0,0.0,15.632831372068548,18.5700519290184,423.2984778733328,0.0,0.0,253.28887949639455,302.649341018238,6107.407399184311,0.0,0.0,45.62566332603276,54.133891199127287,1289.4812437422905,0.0,0.0,208.05128257830405,250.04029574079238,4338.19196728379,30.295476610924795,20.778790542472426,290.8326478107915,345.69688904399438,8727.279687744174,0.0,0.0,213.14809908628548,256.3904094027055,4345.648776698458,1212.9146315763156,21.667443321369399,34.989793642004539,21.666666666666658,29.99999999999999,0.0,21.164211608114984,47.44373838541857,20.999999999999994,29.99999999999999,0.0,21.38111851425934,35.7428743031841,20.999999999999994,29.99999999999999,0.0,20.717231235363177,37.17602840329814,15.999999999999993,29.99999999999999,0.0,15.536688574513193,52.14514895346845,11.999999999999995,29.99999999999999,0.0,19.34672141945067,45.70354088197769,18.999999999999994,29.99999999999999,0.0,17.806973734277617,45.29207788011781,9.999999999999997,29.99999999999999,484.67406574799846,19.970115330950795,40.49957776896218,20.033333333333326,29.99999999999999,0.0,16.129852030098534,50.612034365422498,15.999999999999993,29.99999999999999,0.0,19.422526941339667,0.0,0.0,0.0,15.878982450783747,0.0,0.0,642.9577297460951,1281.4626819861563,649.5536024043408,645.8544218324433,649.2978735605005,924.2825433253086,667.0013572186635,716.3255428048691,673.4628919727434,9436.74842712757,81.7651817898699,84.01321039759212,269.9999999999999,0.0,269.9999999999999,269.9999999999999,21.0,16.0,19.0,16.0,19.7,12.0,21.0,10.0,1.0,0.0,1212.9146315763156,0.0,0.0,0.0,0.0,0.0,484.67406574799846,0.0,3402.230579838466,2041338.3479030804,2646359.4546772355,81.7651817898699,84.05138938629406,0.3400743526612821,0.7665754544608135,0.36028137401965945,84.05138938629406,0.35426478194388735,2646359.4546772355,0.14604069164321627 
 03/25  19:40:00,5.736666666666666,84.0,3.0466666666666666,0.0,0.0,0.0,0.0,1.0,2.0,0.0,0.0,4.0,0.0,0.0,0.0,1456.0,0.0,0.0,0.0,0.0,0.0,0.0,0.0,0.0,0.0,0.0,0.0,21.269164911870008,-1383.5160451221009,20.675965153749169,-82.66489763904753,21.020803624243198,-183.97211447400333,20.087625433593723,173.87394149627017,15.473607399462939,35.12479503371415,18.63548575671303,-57.72000300556866,17.460073065233169,61.83127631012121,19.08340951113648,-305.43031466738446,16.164207163164229,-77.40876770441492,801.0136830193051,1086.9047140405419,0.0,0.0,0.0,0.0,0.0,0.0,0.0,0.0,0.0,0.0,0.0,0.0,0.0,0.0,0.0,0.0,0.0,0.0,0.0,0.0,0.0,0.0,1.4883439740928122,0.4543174524092834,272.6630098422116,321.1531061773744,8736.49510844628,0.2204009791354306,0.033638733079278188,19.42351982839668,22.887190033968758,603.1335223635738,3.1654928430962689,0.5981656921950623,255.81986238166139,301.72334986463258,8132.096299243405,0.36543312972484928,0.06905387938867141,242.52238506503393,287.0040357542719,7205.436281103683,0.0,0.0,10.489885781970039,12.62532940642872,209.45696139585588,0.0,0.0,13.977292020853416,16.60612411399898,373.93977408943865,0.0,0.0,251.86982208656324,300.86772138759536,6103.7480362528799,0.0,0.0,46.39100213753551,54.828005514390827,1390.401609921499,0.0,0.0,210.86333757750067,253.30808408712054,4433.665936840251,30.20497312015376,20.716716817663767,272.0451425654005,323.3480712200452,8196.80683669635,0.0,0.0,216.25288602713256,260.00702045452956,4445.653322681503,1816.568198181006,21.752987879437176,34.98866052807852,22.0,30.0,0.0,21.13258212314286,47.398579594019498,21.0,30.0,823.1167547621484,21.51881254479897,35.43873034002675,21.5,30.0,0.0,20.57731026451183,37.717627530053757,16.0,30.0,0.0,15.542544187440976,52.23601672398351,12.0,30.0,26.392220645233175,19.040979169774589,47.19959613887801,19.0,30.0,0.0,17.732781511388983,45.46653589955483,10.0,30.0,1008.4288156838111,20.733128420683749,38.73658571524379,20.7,30.0,0.0,16.083013528496758,50.795606186739068,16.0,30.0,0.0,19.262670504451024,0.0,0.0,0.0,15.829554625630358,0.0,0.0,656.7293253130467,1279.597183969026,652.4183626269751,659.1728963865844,658.0803689931449,973.6705560107732,667.9938512917981,727.3749053311935,677.216935796369,8647.84360920717,82.28672899750599,82.28672899750599,270.0,0.0,270.0,270.0,21.0,16.0,19.0,16.0,19.7,12.0,21.0,10.0,1.0,0.0,1816.568198181006,0.0,823.1167547621484,0.0,26.392220645233175,0.0,1008.4288156838111,0.0,0.0,0.0,0.0,82.28672899750599,82.28672899750599,0.34,0.7714250666018455,0.36028137401965956,82.28672899750599,0.3542647819438875,0.0,0.008415000000000003 
 03/25  19:50:00,5.608333333333334,84.5,3.098333333333333,0.0,0.0,0.0,0.0,1.0,2.0,0.0,0.0,4.0,0.0,0.0,0.0,5096.0,0.0,0.0,0.0,0.0,0.0,0.0,0.0,0.0,0.0,0.0,0.0,21.18002930177224,-1012.787357493492,20.654474940826419,-86.95474023998907,21.11739922906716,-532.8530130838833,20.08066563213976,305.5549167610232,15.481752047463129,34.837108765485229,19.112237242886807,-74.03271850662138,17.43579952846552,31.03507073818717,18.785432046760968,-234.25174277720945,16.132103403395918,-83.81564307963929,791.9223703178009,1068.798506836218,0.0,0.0,0.0,0.0,0.0,0.0,0.0,0.0,0.0,0.0,0.0,0.0,0.0,0.0,0.0,0.0,0.0,0.0,0.0,0.0,0.0,0.0,1.5198511270861209,0.46393502047805959,201.45269428081114,238.02362519715164,6467.40077852301,0.2275811015950702,0.03473460036554801,19.9086226540085,23.49482656183391,622.3881224171624,3.0115822977027637,0.5690820668372579,267.4667857903842,316.27884655678539,8505.797822403674,0.37225379151842477,0.07034274216145602,286.0358495157411,339.1235555878814,8580.687456034291,0.0,0.0,10.398610605391955,12.540128350400959,210.42455778089039,0.0,0.0,14.466906359398762,17.179867735115648,412.19032637367487,0.0,0.0,249.4311264825386,298.56176842921419,6086.805455500285,0.0,0.0,44.29921719254791,52.6011597933091,1279.3349590768046,0.0,0.0,210.06795155176645,252.85807493136555,4455.114357553148,30.433728036365446,20.873613193666324,283.59301301133828,337.8533406163448,8567.130384483708,0.0,0.0,215.41167785312337,259.54604923737329,4453.631801621144,1141.003376966396,21.562850648736345,35.64118635436975,21.571428571428606,30.000000000000044,0.0,21.109217407067829,47.40882292690826,21.00000000000003,30.000000000000044,614.65137489374,21.384680325651844,35.59447412098915,21.142857142857176,30.000000000000044,0.0,20.607970150234995,37.5793786333717,16.00000000000002,30.000000000000044,0.0,15.547395138730906,52.30416120571518,12.000000000000018,30.000000000000044,859.9539963077683,19.81904959409156,45.289381452979309,19.714285714285745,30.000000000000044,0.0,17.6854371536006,45.714065058235757,10.000000000000015,30.000000000000044,406.53067357414576,20.003767500124359,40.56942921385339,19.985714285714317,30.000000000000044,0.0,16.04340067535334,51.014091242364269,16.00000000000002,30.000000000000044,0.0,19.18767481271448,0.0,0.0,0.0,15.756872638408247,0.0,0.0,674.3356854573134,1281.5397984927279,650.7512078350432,661.5546298760181,665.1123100386134,1003.2310069721698,678.6101320833045,732.2341303338799,686.5023182851514,9368.741634477545,81.81012902221535,82.83272541444642,270.00000000000036,0.0,270.00000000000036,270.00000000000036,21.0,16.0,19.0,16.0,19.7,12.0,21.0,10.0,1.0,0.0,1141.003376966396,0.0,614.65137489374,0.0,859.9539963077683,0.0,406.53067357414576,0.0,1547.5334265999773,928520.0559599849,1202891.4655512877,81.81012902221535,82.85009249597354,0.34301301898190447,0.7710391685805008,0.3602813740196601,82.85009249597354,0.35426478194388807,1202891.4655512877,0.07093535620866695 
 03/25  20:00:00,5.48,85.0,3.15,0.0,0.0,0.0,0.0,1.0,2.0,0.0,0.0,4.0,0.0,0.0,0.0,2912.0,0.0,0.0,0.0,0.0,0.0,0.0,0.0,0.0,0.0,0.0,0.0,21.231882896349,-761.3503279669827,20.635333083823924,-49.80825072522563,21.232009231545537,-1109.6548270538957,20.172269555784067,476.358599588973,15.489943520749602,35.060027935939249,18.957313680245439,-71.34470883450266,17.491311053639075,257.09218635088066,19.05989147088546,-274.2998466424485,16.55080644362006,-332.15181604991587,878.1300027087273,1028.1328299132798,0.0,0.0,0.0,0.0,0.0,0.0,0.0,0.0,0.0,0.0,0.0,0.0,0.0,0.0,0.0,0.0,0.0,0.0,0.0,0.0,0.0,0.0,1.4994147117422448,0.4576967984561187,173.35445595131706,204.62550168788324,5588.375770471437,0.2659760032455955,0.0405946280899871,12.624461531629518,14.91272451572237,401.3595680086479,2.9403413134126388,0.5556200516652758,326.0638429150991,384.92399371589587,10636.026235492382,0.3848898718647232,0.0727305124460928,317.5129739723408,376.02114998579239,9724.473867092194,0.0,0.0,11.133720892989727,13.418658929570534,228.3790256435292,0.0,0.0,14.823002609837819,17.606908557531719,418.52538803416146,0.0,0.0,218.43849062436272,261.3397167137378,5433.760982448221,0.0,0.0,46.618713285481558,55.22907427780666,1404.7767055851774,0.0,0.0,175.50562813770063,210.81113021649169,3979.8276668880978,30.903802509930835,21.196023669362718,327.03771577363207,389.13820024169515,9984.808563781364,0.0,0.0,180.40169431902408,217.49210803456857,3717.7697155332045,852.0838631397437,21.725475748590545,35.076417576414,21.75,30.0,0.0,21.09126767127944,47.59056465789163,21.0,30.0,1213.3499023979524,21.69224150815487,34.84657782730241,21.5,30.0,0.0,20.798150544716905,36.99281264908677,16.0,30.0,0.0,15.55224611406463,52.42918193325014,12.0,30.0,0.0,19.54696752824337,46.62425936418718,19.0,30.0,0.0,17.821993069919384,45.33364980743097,10.0,30.0,787.2253812627122,20.53523508016427,39.29918230471419,20.45,30.0,865.0915078122947,16.699865092060759,49.09326867021065,16.5,30.0,0.0,19.383203608185736,0.0,0.0,0.0,15.56541637201105,0.0,0.0,664.9079988504054,1296.0416559924348,649.1621959257263,658.4033112656749,676.0204474730357,1039.2381396910769,683.4637241721949,741.7833996904215,697.877618220161,7951.148713767694,81.52127726575866,85.29251668342634,270.0,0.0,270.0,270.0,21.0,16.0,19.0,16.0,19.7,12.0,21.0,10.0,1.0,0.0,852.0838631397437,0.0,1213.3499023979524,0.0,0.0,0.0,787.2253812627122,865.0915078122947,5706.837365906324,3424102.4195437945,4472206.64646963,81.52127726575866,85.35656484839402,0.2752279121968775,0.5738332622160258,0.27021103051474468,85.35656484839402,0.2656985864579156,4472206.64646963,0.24090974561642077 
 03/25  20:10:00,5.343333333333334,85.16666666666667,3.1566666666666669,0.0,0.0,0.0,0.0,0.0,2.0,0.0,0.0,4.0,0.0,0.0,0.0,3645.0,0.0,0.0,0.0,0.0,0.0,0.0,0.0,0.0,0.0,0.0,0.0,21.203353192583948,-814.3182447091525,20.624179550288539,-73.75534116721255,21.20003218941045,-984.5002518884469,20.198293653559739,350.6747080861043,15.500420829372775,35.753554796489577,18.83495602561733,-52.2049801540118,17.630963372725426,84.84629550640148,18.43898309720347,-129.47779372437206,16.429203300597096,-300.36480078482017,865.5765705431986,1091.3760880654132,0.0,0.0,0.0,0.0,0.0,0.0,0.0,0.0,0.0,0.0,0.0,0.0,0.0,0.0,0.0,0.0,0.0,0.0,0.0,0.0,0.0,0.0,1.5862050979398892,0.4841895903357416,195.12736635549914,230.33597528667054,6382.983790126635,0.2509526876547935,0.03830169225500511,17.60382175851511,20.807000404485668,560.5193550312542,2.978215494989345,0.5627769264908064,312.77890147105509,369.16016150647615,10264.054784136753,0.3710980297326165,0.07012434424274689,269.10064391964598,318.5554314131292,8331.243793339887,0.0,0.0,10.58570352262582,12.763368047588007,220.30332263371117,0.0,0.0,13.827080248113433,16.442199849668538,388.3128131660107,0.0,0.0,233.8210072692523,279.52249585433835,5980.160192804008,0.0,0.0,36.454195425643849,43.38455509659595,1033.2278434966468,0.0,0.0,190.27004089465656,228.68778413804746,4289.0150106217529,31.056410734688364,21.300693233668296,320.4965787332785,381.12541165892909,9966.427512399954,0.0,0.0,194.82510170822713,234.89199451875659,4055.7232234450777,1373.523089983774,21.632943242092709,35.62733759370843,21.800000000000006,30.0,0.0,21.079329749848666,47.89944156609946,21.0,30.0,1438.9545837433985,21.542634046127398,35.34062005459975,21.400000000000003,30.0,0.0,20.80290437870137,37.221896046937228,16.0,30.0,0.0,15.561711799057909,52.50715962499615,12.000000000000002,30.0,0.0,19.319612669718518,47.63081389104836,19.0,30.0,0.0,18.015703822520288,45.02508071749812,10.0,30.0,0.0,19.408948840738,41.531421562154417,12.000000000000002,30.0,0.0,16.453307166723055,49.92597154471526,16.0,30.0,0.0,19.326734210760866,0.0,0.0,0.0,15.550174145993268,0.0,0.0,693.2698319533848,1318.0668531542463,665.6442193551885,676.0362503969551,685.2050630391887,1062.6647595352409,700.3890767855667,711.2093080543449,705.9874932689619,9276.444696400475,81.87103796533106,83.4585867566035,570.0,0.0,570.0,570.0,21.0,16.0,19.0,16.0,12.0,12.0,21.0,10.0,1.0,0.0,1373.523089983774,0.0,1438.9545837433985,0.0,0.0,0.0,0.0,0.0,2402.216690181041,1441330.0141086246,1866264.088016495,81.87103796533106,83.48554860537962,0.35207388967270139,0.7687300576268897,0.36028137401965956,83.48554860537962,0.35426478194388757,1866264.088016495,0.11462073257685776 
 03/25  20:20:00,5.206666666666667,85.33333333333334,3.163333333333333,0.0,0.0,0.0,0.0,0.0,2.0,0.0,0.0,4.0,0.0,0.0,0.0,2918.0,0.0,0.0,0.0,0.0,0.0,0.0,0.0,0.0,0.0,0.0,0.0,21.17291524892697,-1113.6937379455354,20.60464048944872,-90.85735234489656,21.03769374947463,-320.51168094477978,20.164233088271624,95.86935953782336,15.510180430349959,33.46077583786243,18.771243988513754,-53.43997426313844,17.5386516259727,40.62853399044752,17.866145990888755,-61.416917747346619,16.211385362830798,-212.5244359411945,821.718713185563,1064.6836593698748,0.0,0.0,0.0,0.0,0.0,0.0,0.0,0.0,0.0,0.0,0.0,0.0,0.0,0.0,0.0,0.0,0.0,0.0,0.0,0.0,0.0,0.0,1.6131205689015503,0.4924055460627443,209.9986812043124,247.9839512921417,6846.226718174654,0.2380771652047275,0.03633656367593521,19.952208721176615,23.568091313236005,638.5459792372967,3.1675341761969046,0.5985514316320683,214.92748826347077,254.05501408578454,7037.091535929065,0.3616872278798827,0.06834603701433911,215.1489143595572,254.95946076074049,6683.853204996272,0.0,0.0,10.28303362873082,12.397607685326772,217.06821837840188,0.0,0.0,13.311012978782618,15.832692491522817,374.82062804007236,0.0,0.0,247.97608098201045,296.6560305089945,6319.70800981783,0.0,0.0,26.851009450315158,32.05919074738962,718.0910535786602,0.0,0.0,200.37473658949706,241.11997062155192,4445.868382703965,31.15238898250749,21.3665219358762,231.65709208012846,276.07130927830385,7289.458201893777,0.0,0.0,204.15882433171357,246.25916289304679,4261.526203782466,1129.5639048267433,21.42026568485785,35.91008978312878,21.5,30.0,0.0,21.053927880920477,47.62829270786925,21.0,30.0,778.9987944454464,21.321823415762716,35.97624019652163,21.25,30.0,0.0,20.716957909923317,37.46652539732975,16.0,30.0,0.0,15.569909372099275,52.608176988744,12.0,30.0,0.0,19.21148666337298,48.20195080199071,19.0,30.0,0.0,17.82074212872555,45.586980986487969,10.0,30.0,0.0,18.453758486180058,43.900656718681378,12.0,30.0,0.0,16.12134297014871,50.956252986221858,16.0,30.0,0.0,18.952488495995188,0.0,0.0,0.0,15.435488991945125,0.0,0.0,690.6603965514173,1305.3835649725502,680.3845752346384,684.2637502050136,695.4456207363609,1085.2630006058835,705.5512327244702,704.5432272869623,709.1086479092894,6874.783459603306,82.0685446579468,82.0685446579468,570.0,0.0,570.0,570.0,21.0,16.0,19.0,16.0,12.0,12.0,21.0,10.0,1.0,0.0,1129.5639048267433,0.0,778.9987944454464,0.0,0.0,0.0,0.0,0.0,0.0,0.0,0.0,82.0685446579468,82.0685446579468,0.255,0.5399820112038656,0.27021103051474468,82.0685446579468,0.2656985864579156,0.0,0.017701666666666669 
 03/25  20:30:00,5.07,85.5,3.17,0.0,0.0,0.0,0.0,0.0,2.0,0.0,0.0,4.0,0.0,0.0,0.0,1460.0,0.0,0.0,0.0,0.0,0.0,0.0,0.0,0.0,0.0,0.0,0.0,21.35744355774755,-1382.231658697929,20.57923284457039,-78.33624638830219,21.069404535946526,-219.7709332412387,20.040630264782775,241.86348460818227,15.516835741268311,32.37012387859244,18.713950713808076,-62.01009946148463,17.495564134090153,88.23059257704336,17.47784415175402,-29.837551203603085,16.527698046024779,-418.0128817878899,820.5010944997412,1053.198125889564,0.0,0.0,0.0,0.0,0.0,0.0,0.0,0.0,0.0,0.0,0.0,0.0,0.0,0.0,0.0,0.0,0.0,0.0,0.0,0.0,0.0,0.0,1.5936900606262193,0.4864743774805309,246.44021638655463,290.4334794966813,8245.966191313839,0.2567656718289103,0.03918889985178729,16.858125436675914,19.900553544831476,545.0597733796903,3.1991237907151355,0.6045207465448104,244.44236959988275,288.82936251286358,7971.858209973482,0.38194850997632009,0.07217469954201057,264.81891119800749,313.60159522876355,8200.662948309367,0.0,0.0,10.59281307359619,12.757193656815982,226.70174221880314,0.0,0.0,14.320045200602522,17.016202782659947,404.81148488603676,0.0,0.0,254.31454794115116,304.0050967719915,6524.320545618245,0.0,0.0,21.763948943144656,26.016049135798505,561.8364202556179,0.0,0.0,201.41366457166419,241.79428817618345,4685.474321374983,31.469784505617406,21.5842143385579,262.36978671320687,312.28737780118805,8266.63077977473,0.0,0.0,204.07540722725114,246.0375238968215,4261.562015905882,1683.6314410103647,21.783541833792115,34.92747373288327,22.0,30.0,0.0,21.020716151254807,47.51169478664124,21.0,30.0,0.0,21.206956412507894,36.12507156125345,21.0,30.0,0.0,20.535823963972665,37.809906664927378,16.0,30.0,0.0,15.573225013052893,52.641302939562198,12.0,30.0,0.0,19.120464377220487,48.47924504391948,19.0,30.0,0.0,17.760017573748937,45.65903300428958,10.0,30.0,0.0,17.83274002273471,45.616954880646208,12.0,30.0,996.4657657485402,16.52979370713527,49.681084094357718,16.5,30.0,0.0,19.0809348331098,0.0,0.0,0.0,15.2946586013796,0.0,0.0,683.1532875375285,1301.7977214421854,679.5214405744085,685.147722772464,701.8564758203505,1094.6915357034587,704.525780500393,706.1507302328382,712.4726902787726,8341.711523235299,82.48909250141301,82.48909250141301,570.0,0.0,570.0,570.0,21.0,16.0,19.0,16.0,12.0,12.0,21.0,10.0,1.0,0.0,1683.6314410103647,0.0,0.0,0.0,0.0,0.0,0.0,996.4657657485402,0.0,0.0,0.0,82.48909250141301,82.48909250141301,0.34,0.7684568132419346,0.36028137401965956,82.48909250141301,0.3542647819438875,0.0,0.01782833333333333 
 03/25  20:40:00,4.933333333333334,85.66666666666666,3.1766666666666669,0.0,0.0,0.0,0.0,0.0,2.0,0.0,0.0,4.0,0.0,0.0,0.0,2190.0,0.0,0.0,0.0,0.0,0.0,0.0,0.0,0.0,0.0,0.0,0.0,21.32652830482388,-1625.2575775998637,20.565410967416523,-80.65219247040771,20.736667136288259,128.62162378068218,20.003334285227007,225.70208344531134,15.524998403714204,33.880439663085358,18.676413014508456,-49.40197733846098,17.66630799098849,211.6354169271446,17.2423411981324,-33.752985829664428,16.566956411844865,-413.31160254954468,812.6712329649254,1018.6301232093099,0.0,0.0,0.0,0.0,0.0,0.0,0.0,0.0,0.0,0.0,0.0,0.0,0.0,0.0,0.0,0.0,0.0,0.0,0.0,0.0,0.0,0.0,1.589597856761426,0.4852252310016567,300.58706803131119,354.9356030630459,10076.441040929783,0.2562638962623488,0.039112316279357298,17.628794944760707,20.818852699566994,574.0976168857686,3.3437517955416586,0.631850301500692,246.91616242152885,292.2048673105651,8055.728578253755,0.3964659181190675,0.07491797394540206,267.48271256687,317.147675754327,8331.22914049208,0.0,0.0,10.919451653263785,13.164767018303408,236.88358437989533,0.0,0.0,14.205980928904065,16.907511727420247,404.17522556498747,0.0,0.0,229.35491981349376,274.10521214577298,6093.590110326189,0.0,0.0,13.438807003221019,16.093569064877764,341.69949351808295,0.0,0.0,168.7339977329322,202.7117480146004,3981.078557930783,31.703874550847876,21.744769925135743,265.0427336904708,315.90418867727706,8377.316439783162,0.0,0.0,175.04393628038162,211.30576654588885,3655.0433029416587,1791.1162303963084,21.67543012785358,35.02676870289117,22.000000000000019,30.00000000000002,0.0,21.00787369346586,48.02687030236644,21.000000000000015,30.00000000000002,0.0,21.05952020130569,36.38242023772754,21.000000000000015,30.00000000000002,0.0,20.483699021903516,37.98631230631106,16.000000000000015,30.00000000000002,0.0,15.580297638886198,52.56159202973785,12.00000000000001,30.00000000000002,0.0,19.07033354949376,48.41989304559667,19.000000000000015,30.00000000000002,0.0,18.090481189606334,44.51759867139642,10.000000000000007,30.00000000000002,0.0,17.50092283842087,46.56354066517706,12.00000000000001,30.00000000000002,0.0,16.560878563599599,49.44895912967131,16.000000000000015,30.00000000000002,0.0,18.985364623428969,0.0,0.0,0.0,15.14213838416451,0.0,0.0,681.5796749889944,1335.8199002864904,679.6170644359232,692.0826369489494,703.5109293978071,1090.1233612278832,700.8337588932279,707.4598109064845,712.6129944735417,7381.149975364589,83.12422832721924,83.12422832721924,570.0000000000005,0.0,570.0000000000005,570.0000000000005,21.0,16.0,19.0,16.0,12.0,12.0,21.0,10.0,1.0,0.0,1791.1162303963084,0.0,0.0,0.0,0.0,0.0,0.0,0.0,0.0,0.0,0.0,83.12422832721924,83.12422832721924,0.3400000000000003,0.7680959884144786,0.3602813740196598,83.12422832721924,0.3542647819438878,0.0,0.017955 
 03/25  20:50:00,4.796666666666667,85.83333333333334,3.183333333333333,0.0,0.0,0.0,0.0,0.0,2.0,0.0,0.0,4.0,0.0,0.0,0.0,2920.0,0.0,0.0,0.0,0.0,0.0,0.0,0.0,0.0,0.0,0.0,0.0,21.413619783948314,-1141.5838817994884,21.08733805951725,-156.27398144889043,21.193828175183716,-1018.3243416693117,20.054078023708688,513.8735834582512,15.534165848249213,34.34040307860279,18.651570754449638,-46.84227545932684,17.64465563985906,63.50022987980947,17.02327820387137,-52.98442293092772,16.24592717850652,-267.9827178667556,898.8939697471865,1158.480485735946,0.0,0.0,0.0,0.0,0.0,0.0,0.0,0.0,0.0,0.0,0.0,0.0,0.0,0.0,0.0,0.0,0.0,0.0,0.0,0.0,0.0,0.0,1.6661547329548095,0.5085942408286964,230.92591502988734,272.87230857853748,7877.305231362709,0.2149016496429007,0.03279939707614479,25.78414220975796,30.381367608461788,885.7001805406263,3.267480259824815,0.6174376908210159,331.0161792769833,390.8878651739777,11246.82411535532,0.42179660572757357,0.07970457402259512,333.1182979436644,394.77013002885237,10567.645028094994,0.0,0.0,10.421292463088559,12.570570705664738,229.1796019815415,0.0,0.0,12.893428378529192,15.355187650682318,369.6656671476778,0.0,0.0,257.6497995241811,308.20538836332949,6867.199623519848,0.0,0.0,15.965379801387855,19.150143394036186,400.66715098750339,0.0,0.0,195.4242293998195,235.26248272849805,4504.733026618922,32.2049434447236,22.088438576627995,341.2979898818447,406.4306418631202,10830.215486694255,0.0,0.0,207.81735386668459,250.89043475596123,4465.101980813017,1481.6723857196742,21.85168257141245,35.15484888404232,22.0,30.0,947.6463819579223,21.88228776975903,44.26306020319131,21.75,30.0,1593.2832204237084,21.633454502177757,35.05918039829777,21.5,30.0,0.0,20.610919045878786,37.54233589151033,16.0,30.0,0.0,15.589093911161165,52.47894332398294,12.0,30.0,0.0,19.04017682831068,48.57291794229179,19.0,30.0,0.0,17.99305407224656,44.84212285854271,10.0,30.0,0.0,17.18661042886544,47.445876676156128,12.0,30.0,0.0,16.134396401220476,50.58549207583552,16.0,30.0,0.0,19.186971387090926,0.0,0.0,0.0,15.314753902360714,0.0,0.0,715.9679871052191,1266.2585261575187,682.5847716928952,691.394377862323,706.4962712068974,1102.3952174236229,708.4843099261684,709.1513853746538,709.6900243811332,8887.664480214578,82.12822124070314,83.82926172246178,570.0,0.0,570.0,570.0,21.0,16.0,19.0,16.0,12.0,12.0,21.0,10.0,1.0,0.0,1481.6723857196742,947.6463819579223,1593.2832204237084,0.0,0.0,0.0,0.0,0.0,2574.3806923233175,1544628.4153939905,2002369.8366048176,82.12822124070314,83.85815103690891,0.3408126897441106,0.7682673005030857,0.36028137401965956,83.85815103690891,0.3542647819438875,2002369.8366048176,0.12210989817011715 
 03/25  21:00:00,4.66,86.0,3.19,0.0,0.0,0.0,0.0,0.0,2.0,0.0,0.0,4.0,0.0,0.0,0.0,2920.0,0.0,0.0,0.0,0.0,0.0,0.0,0.0,0.0,0.0,0.0,0.0,21.34911995742722,-735.3119124319826,21.00374659107125,-140.72136465373377,21.277947547439007,-1357.3248910463636,20.18702330237118,367.3004021306558,15.540055450018606,30.21755345053667,18.634841338910584,-32.24478600287691,17.598468111423807,216.70133859593319,16.82887988577639,-76.35471048750392,17.01434635853357,-369.4926134773027,968.7645511230385,884.6927386350292,0.0,0.0,0.0,0.0,0.0,0.0,0.0,0.0,0.0,0.0,0.0,0.0,0.0,0.0,0.0,0.0,0.0,0.0,0.0,0.0,0.0,0.0,1.7433024935038102,0.5321436182856564,253.93032693465455,299.94635790240479,8658.676897736776,0.22173066114700089,0.03384167599923701,26.472043419644913,31.260115253104407,906.4040326997463,3.154507295283543,0.5960898139235722,377.54263790019015,445.89702232346857,12950.330689269804,0.3915537757697116,0.07398975354680868,273.18505425240826,323.5113569038306,8846.287748339324,0.0,0.0,10.32243323829573,12.450571029238788,229.97125180131179,0.0,0.0,12.99798190115804,15.480299428206909,375.8901578614226,0.0,0.0,200.30961028729079,239.97675240805286,5337.412943014815,0.0,0.0,21.4194868103072,25.71204806764834,531.6851203180836,0.0,0.0,133.14982309497317,160.16895925606876,3284.485498064845,32.39500355990961,22.218795308579986,380.12775916231319,452.3269847428615,12305.945663761802,0.0,0.0,153.90884400619755,186.2417930333575,3258.978721720646,920.3220606501872,21.69037285150495,35.762139715909217,21.5,30.0,0.0,21.687186840013554,43.09715285069406,21.0,30.0,1787.3587861290133,21.6680391377055,35.031489449894639,21.5,30.0,0.0,20.80555267342035,37.271613899479117,16.0,30.0,0.0,15.59147796265372,52.54066841556264,12.0,30.0,0.0,19.023416780525353,49.006722778991349,19.0,30.0,0.0,17.913475772798888,45.32502166426345,10.0,30.0,0.0,16.912964539021318,48.26411763664144,12.0,30.0,1543.086584054316,17.13455800005058,47.62409785144794,16.75,30.0,0.0,19.43246111395395,0.0,0.0,0.0,14.839939333984047,0.0,0.0,738.1792949522288,1162.0563575236986,698.2744761630497,712.4616504477258,716.5445515893048,1132.3495329271949,731.03750399592,716.7480761308527,722.9330317658184,9953.245200877464,81.42337432740112,85.18801127245746,570.0,0.0,570.0,570.0,21.0,16.0,19.0,16.0,12.0,12.0,21.0,10.0,1.0,0.0,920.3220606501872,0.0,1787.3587861290133,0.0,0.0,0.0,0.0,1543.086584054316,5696.793802339598,3418076.2814037597,4442500.6635436839,81.42337432740112,85.25194730552149,0.3598931267446533,0.7670272986354216,0.36028137401965956,85.25194730552149,0.3542647819438875,4442500.6635436839,0.2490283678376049 
 03/25  21:10:00,4.548333333333334,86.83333333333334,3.105,0.0,0.0,0.0,0.0,0.0,2.0,0.0,0.0,4.0,0.0,0.0,0.0,2922.0,0.0,0.0,0.0,0.0,0.0,0.0,0.0,0.0,0.0,0.0,0.0,21.37545431259788,-586.7387293689733,20.86104541884201,-143.27304925010399,21.290153684052564,-1352.6940682581758,20.190565604467204,242.78135738541188,15.545415463013623,31.47179936964166,18.630483705243419,-22.91775327770023,17.77183306475973,124.17107429100543,16.613020408644233,-117.74784643977793,16.85009228902846,-566.830114313947,805.3572268030295,1255.0139198462183,0.0,0.0,0.0,0.0,0.0,0.0,0.0,0.0,0.0,0.0,0.0,0.0,0.0,0.0,0.0,0.0,0.0,0.0,0.0,0.0,0.0,0.0,1.7712348284420565,0.5406699720519098,119.57531956830292,141.39674614555472,4122.696377570199,0.23873457389753922,0.0364369007780127,24.458522195364368,28.908513208046835,832.6246843634966,3.2138413903234825,0.607301850023334,210.0665655635131,247.98956816934743,7273.6569754458,0.3784764051295228,0.07151859507360595,211.91790119119276,250.9357838448152,6900.097075282839,0.0,0.0,10.19240402744439,12.296065216160678,229.47744217831218,0.0,0.0,12.116289837727202,14.429044919885014,353.2141863721944,0.0,0.0,226.28106207507256,270.6099344879933,6232.121979793321,0.0,0.0,32.432828441315049,39.00202909822548,793.3589987145351,0.0,0.0,150.86881170476478,181.17111068294038,3810.1337885396726,32.3331387649912,22.176364036345136,210.99090041005617,251.55368989128636,6976.192125769121,0.0,0.0,178.5514252891972,215.94388667682598,3801.3047120479538,985.2021077137636,21.687545396617457,35.40024098616015,21.5,30.0,0.0,21.442811757475267,43.42467833874011,21.0,30.0,1894.726298627531,21.620132299326028,34.75714183445852,21.5,30.0,0.0,20.78552500282312,37.13022682422657,16.0,30.0,0.0,15.594784053574493,52.61136775468596,12.0,30.0,0.0,19.02580304754829,49.414656587642657,19.0,30.0,0.0,18.193160488955955,44.46833591673179,10.0,30.0,0.0,16.58973885879587,49.40679336635215,12.0,30.0,0.0,16.98970433035482,48.18560615772506,16.0,30.0,0.0,18.396784787191377,0.0,0.0,0.0,14.914393776448577,0.0,0.0,731.8393074273333,1145.8193803302109,690.222254615444,713.1405708204417,728.64137984853,1164.745763988418,738.6372638588924,736.2491435581014,741.9981295493894,7608.758206762635,82.01092129593209,85.82353466642964,570.0,0.0,570.0,570.0,21.0,16.0,19.0,16.0,12.0,12.0,21.0,10.0,1.0,0.0,985.2021077137636,0.0,1894.726298627531,0.0,0.0,0.0,0.0,0.0,5769.3376468137289,3461602.5880882369,4519344.651813046,82.01092129593209,85.88828549846846,0.27731125489379096,0.5366954301399691,0.27021103051474468,85.88828549846846,0.2656985864579156,4519344.651813046,0.2530559218942784 
 03/25  21:20:00,4.436666666666667,87.66666666666667,3.0200000000000006,0.0,0.0,0.0,0.0,0.0,2.0,0.0,0.0,4.0,0.0,0.0,0.0,2194.0,0.0,0.0,0.0,0.0,0.0,0.0,0.0,0.0,0.0,0.0,0.0,21.228533936835274,-859.7379906595111,20.761073857476114,-118.10467873649437,21.118891143289124,-655.9129992933853,20.158882375122034,157.58829836050209,15.552855016095098,32.61150706363165,18.62082003903886,-34.68956788278324,17.713479569437099,23.415880055420226,16.45208442216636,-81.88349868313535,16.41447846086246,-351.08261937084589,822.7064823516026,1260.6980003571524,0.0,0.0,0.0,0.0,0.0,0.0,0.0,0.0,0.0,0.0,0.0,0.0,0.0,0.0,0.0,0.0,0.0,0.0,0.0,0.0,0.0,0.0,1.7740037737752624,0.541515193460092,164.9941435467614,195.12684876937949,5657.643188594133,0.25019047586721679,0.03818535956459352,22.903078617733365,27.04386085992326,778.2155807966572,3.27112924536569,0.6181272194568575,204.89225578781459,242.51236360269295,7026.328377461843,0.3797303411154932,0.07175554442847562,223.63886493120706,265.21679951524819,7309.025885321543,0.0,0.0,10.166977392953882,12.264442491210256,231.39740880101705,0.0,0.0,12.330037102506797,14.684911113338954,361.94121215018449,0.0,0.0,249.0833428148236,297.88200377016457,6852.282403660602,0.0,0.0,29.926833959527558,36.00383549616161,726.3956358406772,0.0,0.0,173.3740768042051,208.55775706699564,4185.845178566175,32.46173133693499,22.264561959489016,220.97365207297097,263.7092921686466,7387.204201919296,0.0,0.0,201.07878495347729,242.89106334422878,4392.431872154103,868.2785144898379,21.45766381871752,35.60684109456265,21.333333333333326,29.99999999999999,0.0,21.280623619580088,44.28384318107879,20.999999999999994,29.99999999999999,965.7581374453833,21.41818377024674,35.22448745980306,21.333333333333326,29.99999999999999,0.0,20.73201899718989,36.94350958124619,15.999999999999993,29.99999999999999,0.0,15.602647233237525,52.58308813687075,11.999999999999995,29.99999999999999,0.0,19.012115391428645,49.44666209612396,18.999999999999994,29.99999999999999,0.0,18.06103804092014,44.676401100139148,9.999999999999997,29.99999999999999,0.0,16.3766565580912,50.00190889668129,11.999999999999995,29.99999999999999,0.0,16.323470201946586,50.13538504001556,15.999999999999993,29.99999999999999,0.0,18.879073370415918,0.0,0.0,0.0,15.109204858831135,0.0,0.0,720.1639448480382,1178.0634325981519,694.8949484871027,703.8286659266064,736.6452721067522,1174.0781682382929,735.5834309912264,740.9091749684487,742.5153964519462,4685.797158226185,82.2230707753119,82.2230707753119,569.9999999999998,0.0,569.9999999999998,569.9999999999998,21.0,16.0,19.0,16.0,12.0,12.0,21.0,10.0,1.0,0.0,868.2785144898379,0.0,965.7581374453833,0.0,0.0,0.0,0.0,0.0,0.0,0.0,0.0,82.2230707753119,82.2230707753119,0.2266666666666666,0.46342214980134957,0.24018758267977295,82.2230707753119,0.2361765212959249,0.0,0.018049999999999998 
 03/25  21:30:00,4.325,88.5,2.935,0.0,0.0,0.0,0.0,0.0,2.0,0.0,0.0,4.0,0.0,0.0,0.0,2196.0,0.0,0.0,0.0,0.0,0.0,0.0,0.0,0.0,0.0,0.0,0.0,21.297210164665445,-570.5007588478786,20.69874128757683,-93.62570471485225,20.833852035626437,-694.7483196388961,20.098124410515675,267.7213929132448,15.55913399974009,31.887448334430425,19.025253653774365,-64.09650568623046,17.518155741971236,12.704180379284172,16.3549729183769,-61.8426497049922,16.560255960891085,-420.36468681231977,890.4236415963933,1251.9944655213099,0.0,0.0,0.0,0.0,0.0,0.0,0.0,0.0,0.0,0.0,0.0,0.0,0.0,0.0,0.0,0.0,0.0,0.0,0.0,0.0,0.0,0.0,1.7615118217145676,0.5377020212803929,132.78568484258506,157.0725373626421,4578.761819526264,0.26765176662004727,0.04085039173077643,20.133777194709155,23.76533013823373,686.7468548979191,3.260700557192996,0.6161565678747158,230.51520435183125,273.0635419753831,7822.212273370169,0.3851196789674822,0.07277393782454307,243.9847426852627,289.42797870483437,7992.3229673663049,0.0,0.0,10.301304182792644,12.428085789529158,236.94612460389426,0.0,0.0,14.395062366030233,17.113948834631129,441.3046833572314,0.0,0.0,268.6563595167899,321.7693439473941,7286.844076120509,0.0,0.0,26.811187541182027,32.271452984552457,651.3477533825003,0.0,0.0,193.9713588480311,233.3999405584988,4744.93615340153,32.6601856987337,22.40067606223162,241.35465393380719,287.9233522598893,8109.975862842093,0.0,0.0,219.348888015264,265.082412132553,4838.412878114523,929.8747319214584,21.612703920128284,35.48518406550329,21.333333333333326,29.99999999999999,0.0,21.189659359810606,44.91240398772467,20.999999999999994,29.99999999999999,305.56411974956935,21.063456189858923,35.71012488108771,20.999999999999994,29.99999999999999,0.0,20.662463127086654,36.92507762542239,15.999999999999993,29.99999999999999,0.0,15.608907988453585,52.452507188378579,11.999999999999995,29.99999999999999,750.6388930358663,19.605167791819754,47.48242481496335,19.66666666666666,29.99999999999999,0.0,17.72870268018246,45.29103403684817,9.999999999999997,29.99999999999999,0.0,16.27047346484748,50.20579001870753,11.999999999999995,29.99999999999999,894.3495407246807,16.36538219129379,49.76905436051098,16.33333333333333,29.99999999999999,0.0,18.997291812668175,0.0,0.0,0.0,15.109288595939337,0.0,0.0,737.2230298847239,1210.8718801030862,687.0165743475322,701.5530898350019,740.4826459680672,1171.3785263409812,730.2757565040374,743.5539570144254,741.5737516931415,8164.8708887362959,82.60612655163316,82.60612655163316,569.9999999999998,0.0,569.9999999999998,569.9999999999998,21.0,16.0,19.0,16.0,12.0,12.0,21.0,10.0,1.0,0.0,929.8747319214584,0.0,305.56411974956935,0.0,750.6388930358663,0.0,0.0,894.3495407246807,0.0,0.0,0.0,82.60612655163316,82.60612655163316,0.3399999999999999,0.767684879556375,0.36028137401965945,82.60612655163316,0.35426478194388735,0.0,0.018049999999999998 
 03/25  21:40:00,4.213333333333334,89.33333333333334,2.85,0.0,0.0,0.0,0.0,0.0,2.0,0.0,0.0,4.0,0.0,0.0,0.0,4393.0,0.0,0.0,0.0,0.0,0.0,0.0,0.0,0.0,0.0,0.0,0.0,21.145499201428419,-553.9582250430408,20.653192816647029,-88.09609204209763,21.219649536397666,-1210.4271168115468,20.098469486007724,350.5674086472062,15.560781649248203,28.744532905758275,19.16256461082849,-57.386172460176528,17.57950820898769,180.3715013535261,16.264365011677158,-86.04585219465864,16.642520421798709,-439.46020032990898,923.1911261217185,1120.8083908644099,0.0,0.0,0.0,0.0,0.0,0.0,0.0,0.0,0.0,0.0,0.0,0.0,0.0,0.0,0.0,0.0,0.0,0.0,0.0,0.0,0.0,0.0,1.7614272919468135,0.5376762185429831,173.78837984808554,205.8943933385513,6015.821930916056,0.2764821706654182,0.04219813349594292,19.543321495984367,23.112094765391526,669.3679444305972,3.206429132467327,0.6059011966113618,303.34340042584946,359.10492270824337,10629.703324362654,0.39263431579154076,0.07419393722440296,266.1257527837867,315.9328457584985,8784.799440019928,0.0,0.0,10.33398035755272,12.478122550406644,240.0145313738308,0.0,0.0,13.294414412042685,15.806232450957137,416.65503067344715,0.0,0.0,226.19875317206056,270.95707647436685,6254.601884693282,0.0,0.0,31.812128516088185,38.331899355792199,773.3154474004705,0.0,0.0,149.12394661508879,179.3917644100295,3758.6358159639505,32.71794746436126,22.440293185432954,302.32458439196747,360.77611522309368,10105.413995686711,0.0,0.0,176.29382220098499,213.40343444420228,3827.6353857610677,333.78962486174796,21.32490603754941,35.68365532787152,21.16666666666665,29.99999999999998,0.0,21.124950203803264,44.84375017095426,20.999999999999987,29.99999999999998,2034.1438119299306,21.568789338850384,34.56513106722774,21.499999999999987,29.99999999999998,0.0,20.682579301025993,36.760249044302728,15.999999999999988,29.99999999999998,0.0,15.607409305114232,52.31462153378805,11.999999999999993,29.99999999999998,0.0,19.81721597319915,46.99416574243237,18.999999999999987,29.99999999999998,0.0,17.89127991125403,44.765920413956738,9.999999999999993,29.99999999999998,0.0,16.16387148673934,50.350591238709508,11.999999999999993,29.99999999999998,0.0,16.633428757941109,48.75834137512175,15.999999999999988,29.99999999999998,0.0,19.07256896119636,0.0,0.0,0.0,14.808709634426041,0.0,0.0,719.966600094228,1206.4963629562815,688.121185698057,699.9187077347134,741.7156482158764,1178.0953690326169,734.1047744847558,743.0422913854823,741.9361360247086,6771.416093150327,80.82609069425074,82.11987441805842,569.9999999999997,0.0,569.9999999999997,569.9999999999997,21.0,16.0,19.0,16.0,12.0,12.0,21.0,10.0,1.0,0.0,333.78962486174796,0.0,2034.1438119299306,0.0,0.0,0.0,0.0,0.0,1957.7594284526759,1174655.6570716047,1519910.306882628,80.82609069425074,82.14184716075587,0.23525864761508909,0.48955162196537707,0.24018758267977295,82.14184716075587,0.23617652129592493,1519910.306882628,0.09708533595789666 
 03/25  21:50:00,4.101666666666667,90.16666666666667,2.7649999999999999,0.0,0.0,0.0,0.0,0.0,2.0,0.0,0.0,4.0,0.0,0.0,0.0,5864.0,0.0,0.0,0.0,0.0,0.0,0.0,0.0,0.0,0.0,0.0,0.0,21.08965107116937,-710.2070228413148,20.624093556304744,-67.82582777603753,21.013304210881118,-1106.0203273200637,20.134065460823117,359.43571205741866,15.563586923166403,32.1476635986587,19.005084683918818,-66.80569286088577,17.588021447197805,54.76807051253377,16.17270550069362,-70.70526124477705,16.29037056067212,-345.0616865242474,949.0404957104041,1275.7307903938554,0.0,0.0,0.0,0.0,0.0,0.0,0.0,0.0,0.0,0.0,0.0,0.0,0.0,0.0,0.0,0.0,0.0,0.0,0.0,0.0,0.0,0.0,1.7508037179165077,0.5344333693273833,152.98358625939134,181.0960557321372,5394.175402506337,0.29810109941804227,0.0454977257964045,15.765100466848783,18.648611728073804,545.1039562268896,3.2616937246996358,0.6163442412508762,286.3247399035294,339.0873160954631,10069.848069258922,0.40541130181888,0.07660833367703703,289.57211636868456,343.8020627861504,9653.448786936851,0.0,0.0,10.713092501878448,12.939534023213568,251.33643736959176,0.0,0.0,14.647335579784887,17.43566569885753,455.7914455130169,0.0,0.0,261.8839244346491,313.80079166527789,7300.684850699408,0.0,0.0,31.471911511588254,37.95368264426515,765.7736067086433,0.0,0.0,181.33591751434924,218.57783282268506,4440.0691700133479,32.97966155475263,22.619795305042964,292.1220433587761,348.7920937149754,9815.422848193099,0.0,0.0,210.2973378364907,254.50994184102135,4679.846874456281,772.0290508582203,21.56898149010842,34.87983704010739,21.5,30.0,0.0,21.090162057359195,45.61183275913251,21.0,30.0,835.1451891799203,21.478327018635104,34.49097948192225,21.375,30.0,0.0,20.7477247367394,36.359062897964289,16.0,30.0,0.0,15.610504566532392,52.13532248557527,12.0,30.0,0.0,19.580173929708587,47.61348475412984,19.0,30.0,0.0,17.88866660453671,44.5812184422571,10.0,30.0,0.0,16.056636403874138,50.56494531558269,12.0,30.0,0.0,16.14172976275567,50.187955507980039,16.0,30.0,0.0,19.081456912675713,0.0,0.0,0.0,14.975711414080687,0.0,0.0,709.4094790020761,1253.3842701725239,679.113431086149,692.5089168648804,742.2683843525759,1172.780159541177,732.2194842869086,745.4154052843544,744.527072422706,6026.075296644724,81.51121400718206,83.23104301154776,570.0,0.0,570.0,570.0,21.0,16.0,19.0,16.0,12.0,12.0,21.0,10.0,1.0,0.0,772.0290508582203,0.0,835.1451891799203,0.0,0.0,0.0,0.0,0.0,2602.786143783051,1561671.6862698307,2026830.394496577,81.51121400718206,83.26025141748235,0.21425953812610175,0.4617668952375494,0.2251758587622872,83.26025141748235,0.2214154887149297,2026830.394496577,0.12303351384715533 
 03/25  22:00:00,3.99,91.0,2.68,0.0,0.0,0.0,0.0,0.0,2.0,0.0,0.0,4.0,0.0,0.0,0.0,2936.0,0.0,0.0,0.0,0.0,0.0,0.0,0.0,0.0,0.0,0.0,0.0,21.24950715731882,-771.4335072223453,20.605073182837566,-53.82709951900699,21.333959764780255,-1325.8400081537416,20.20647149402928,467.7607023862197,15.566668060523389,31.707489432873218,18.889142384447547,-64.90073537341208,17.594680803461004,233.07684027489496,16.100844906351609,-79.92346721353249,16.654936713890398,-471.3481820874813,1034.1681926104353,1163.770678283428,0.0,0.0,0.0,0.0,0.0,0.0,0.0,0.0,0.0,0.0,0.0,0.0,0.0,0.0,0.0,0.0,0.0,0.0,0.0,0.0,0.0,0.0,1.767168454427353,0.5394287101426597,213.6998495192629,252.70378996177036,7562.561578372055,0.3172234091810878,0.04841627124253478,12.183496778309618,14.419765574786297,426.5400493616591,3.212618926494092,0.6070708477879996,342.39256018277089,404.84233440820756,12280.079279453295,0.4144087181599627,0.0783085257293958,315.8986401572779,374.6372576287373,10687.022058862896,0.0,0.0,11.22380957766369,13.54748291547886,266.0127529039045,0.0,0.0,15.00877625210209,17.865287397931828,464.8229902497289,0.0,0.0,239.65446587431564,287.1020298882929,6746.46585129162,0.0,0.0,33.75567122289236,40.68734971875738,823.8211036234056,0.0,0.0,155.05219115572243,186.56877809738109,3995.4081050465786,33.265353649875368,22.815743244084623,345.01207005033037,411.3053858307614,11701.462106326173,0.0,0.0,183.54354321165796,222.2845040489338,4057.6712244474877,1015.6088401075462,21.659015662613319,34.34579106321914,21.75,30.0,0.0,21.067418075361755,46.74576588825012,21.0,30.0,1880.5805668745434,21.777521979429566,33.81114809055701,21.5,30.0,0.0,20.88515851161027,35.87522960275338,16.0,30.0,0.0,15.614355011665284,51.90288677385851,12.0,30.0,0.0,19.38418830396952,47.77794821104437,19.0,30.0,0.0,17.931486038031328,44.24093517295223,10.0,30.0,0.0,15.978660382890768,50.63514945243966,12.0,30.0,1128.0620823421705,16.729640060618487,48.20452422958496,16.75,30.0,0.0,19.31406421788096,0.0,0.0,0.0,14.75416304427722,0.0,0.0,693.9385134811103,1322.7441716970125,678.030670098511,686.440953759814,740.5823968213042,1155.5666654417865,726.7885008906372,744.2200304888157,742.6231648411242,9580.650289038234,81.669966598363,83.47652799997991,570.0,0.0,570.0,570.0,21.0,16.0,19.0,16.0,12.0,12.0,21.0,10.0,1.0,0.0,1015.6088401075462,0.0,1880.5805668745434,0.0,0.0,0.0,0.0,1128.0620823421705,2733.9100142412428,1640346.0085447457,2122802.409019736,81.669966598363,83.50720940995163,0.3461303338080415,0.7695397042936643,0.36028137401965956,83.50720940995163,0.3542647819438875,2122802.409019736,0.12761239193569297 
 03/25  22:10:00,3.8833333333333339,91.50000000000002,2.651666666666667,0.0,0.0,0.0,0.0,0.0,2.0,0.0,0.0,4.0,0.0,0.0,0.0,6606.0,0.0,0.0,0.0,0.0,0.0,0.0,0.0,0.0,0.0,0.0,0.0,21.229795792075885,-889.6440909780744,20.587199188312398,-75.34457078157134,21.106752839082377,-860.242745848974,20.19943768844726,328.71236540526817,15.567642974142306,31.423004711830907,18.8154065396497,-32.84175235333473,17.786234115764473,73.67958566241683,15.988958776502713,-134.08042939700898,18.123164641683233,-465.30092954255749,940.9002687816428,1158.6697576928678,0.0,0.0,0.0,0.0,0.0,0.0,0.0,0.0,0.0,0.0,0.0,0.0,0.0,0.0,0.0,0.0,0.0,0.0,0.0,0.0,0.0,0.0,1.7970280661270069,0.5485433657286346,169.7010785003161,200.88275095269493,6055.145037449059,0.2966498983662375,0.04527623601438301,16.751010399936374,19.847437668601147,584.656535639578,3.3994780610368688,0.642380585985803,262.53119556793288,310.7508788908068,9354.594767569622,0.40560032528946596,0.07664405239785822,247.57839971525378,293.6733635977204,8408.370285740684,0.0,0.0,11.47836585093423,13.86404291168596,274.5560915104172,0.0,0.0,12.546944751244088,14.955600736131613,388.66133369611029,0.0,0.0,184.38697866180596,220.74908597152808,5337.202491875154,0.0,0.0,48.15555351180313,58.11745935789873,1170.4145987032153,0.0,0.0,129.0786536918657,154.02822184854149,3932.0855380866439,33.146207456802788,22.73402431879478,268.1533110775497,320.0655743767043,9205.314906863754,0.0,0.0,135.44511758556829,164.11669307307865,2995.2784255924368,1240.7496248663838,21.600764765910325,34.500619399838999,21.66666666666666,29.999999999999994,0.0,21.04611870646971,47.2395851159113,20.999999999999998,29.999999999999994,1157.2031537544306,21.44030348273718,34.57718951640596,21.33333333333333,29.999999999999994,0.0,20.82946632054915,36.133088210673168,15.999999999999997,29.999999999999994,0.0,15.615095001387744,51.651774828224777,11.999999999999997,29.999999999999994,0.0,19.274961864151835,46.58987779020978,18.999999999999998,29.999999999999994,0.0,18.243362611552585,43.12218662442415,9.999999999999999,29.999999999999994,0.0,15.820618435466664,50.941113869869777,11.999999999999997,29.999999999999994,2938.0594435487107,18.793144452462529,42.06111288012169,19.999999999999998,29.999999999999994,0.0,19.0167297616495,0.0,0.0,0.0,14.528966094830026,0.0,0.0,703.0772107627782,1354.7991006094629,687.3615252108785,698.6559084358313,736.8689560664006,1126.5729920179413,723.0926301089396,741.8679777831152,733.6254951798081,10363.531933460474,81.15227010467308,84.30435660441515,569.9999999999999,0.0,569.9999999999999,569.9999999999999,21.0,16.0,19.0,19.0,12.0,12.0,21.0,10.0,1.0,0.0,1240.7496248663838,0.0,1157.2031537544306,0.0,0.0,0.0,0.0,2938.0594435487107,4770.209044983419,2862125.4269900519,3726390.036797259,81.15227010467308,84.3578894973898,0.3478958570550029,0.7673834667844959,0.36028137401965945,84.3578894973898,0.3542647819438875,3726390.036797259,0.21058728191345747 
 03/25  22:20:00,3.7766666666666675,92.0,2.6233333333333337,0.0,0.0,0.0,0.0,0.0,2.0,0.0,0.0,4.0,0.0,0.0,0.0,2202.0,0.0,0.0,0.0,0.0,0.0,0.0,0.0,0.0,0.0,0.0,0.0,21.18996842205005,-1157.1881945002156,20.56269010177848,-84.11171616323863,21.020909347108174,-436.22803056334689,20.15484958166777,143.1235880376486,15.568255134918318,30.233881287233197,18.755375148150479,-36.62991938089144,17.48315634216091,-31.158137849616609,15.878755455165118,-85.42654578986616,18.275835583760335,-519.2275500805746,903.4124641907636,1381.0111078260896,0.0,0.0,0.0,0.0,0.0,0.0,0.0,0.0,0.0,0.0,0.0,0.0,0.0,0.0,0.0,0.0,0.0,0.0,0.0,0.0,0.0,0.0,1.7896489043249946,0.5462908743360788,228.6169154573177,270.44213234074285,8047.318131571446,0.2844295556265683,0.04341110433860933,18.314101413979757,21.674556520513169,640.7622816513307,3.587421748219164,0.6778952661033946,241.2640594504033,285.39136184420479,8638.73500879047,0.39701876145352979,0.0750224416956783,183.5077205130572,217.75228664960515,6244.393290764393,0.0,0.0,11.856457803670198,14.308687834943897,286.25684166289866,0.0,0.0,13.44169711881859,16.010993310779548,417.02366827709758,0.0,0.0,213.31045102334719,255.5877730133596,5981.3122507728389,0.0,0.0,50.72139533086879,61.20848742768408,1230.678993229882,0.0,0.0,182.47018649094719,217.5173000163158,5637.354658191107,33.03560369962251,22.658164403033277,243.1594994101161,290.09083075093118,8449.763048009669,0.0,0.0,171.23851745832946,206.88993013134025,3999.9754421457184,1335.018044984198,21.39902770860384,35.06044149611871,21.666666666666666,29.999999999999998,0.0,21.012946416863114,46.98577982158029,20.999999999999998,29.999999999999998,980.5077674924964,21.350689916781606,35.13681870241906,21.33333333333333,29.999999999999998,0.0,20.7320684019467,36.29529310905521,15.999999999999997,29.999999999999998,0.0,15.615747373079217,51.37239310089914,11.999999999999997,29.999999999999998,0.0,19.18556841440069,44.91529918968535,18.999999999999998,29.999999999999998,0.0,17.660332652284283,44.92470869926703,9.999999999999999,29.999999999999998,0.0,15.678002986940566,51.18560587848516,11.999999999999997,29.999999999999998,358.82984600706518,19.16493066877949,40.77251274248773,18.999999999999998,29.999999999999998,0.0,18.88155274877361,0.0,0.0,0.0,15.114907302546535,0.0,0.0,715.7494674475016,1345.3684265218076,712.452618330612,699.7294021038633,732.7042477139772,1098.1176198183253,734.4330285714802,738.0041447151994,728.3406080841377,9233.192997767519,81.89979083281628,81.89979083281628,569.9999999999999,0.0,569.9999999999999,569.9999999999999,21.0,16.0,19.0,19.0,12.0,12.0,21.0,10.0,1.0,0.0,1335.018044984198,0.0,980.5077674924964,0.0,0.0,0.0,0.0,358.82984600706518,0.0,0.0,0.0,81.89979083281628,81.89979083281628,0.33999999999999999,0.7689336428382655,0.3602813740196595,81.89979083281628,0.35426478194388746,0.0,0.016624999999999999 
 03/25  22:30:00,3.67,92.5,2.5949999999999999,0.0,0.0,0.0,0.0,0.0,2.0,0.0,0.0,4.0,0.0,0.0,0.0,5872.0,0.0,0.0,0.0,0.0,0.0,0.0,0.0,0.0,0.0,0.0,0.0,21.254054753919954,-924.7424384414062,20.71992054026824,-91.72120106636547,21.20650211083687,-873.4738204077789,20.101763355035293,352.88346924497048,15.569230021453203,33.349406541498087,18.700769238839503,-51.88736665633375,17.350208524533544,-24.186142861084364,15.880868852712972,-4.855861862231791,18.70850706965118,-1131.282532436485,908.3449787973457,1856.4101247762695,0.0,0.0,0.0,0.0,0.0,0.0,0.0,0.0,0.0,0.0,0.0,0.0,0.0,0.0,0.0,0.0,0.0,0.0,0.0,0.0,0.0,0.0,1.8100980924417516,0.5525329952508399,175.33389235223673,207.65996742736037,6327.984002401679,0.2888835231257727,0.04409089180796287,18.63055697385735,22.052835314173679,656.8145821976756,3.441481308289902,0.6503177075377745,258.4913425270965,306.2118435163317,9292.272365876357,0.40989309933670428,0.07745523419060926,259.4474806864247,308.16035104307476,8843.632990695285,0.0,0.0,12.30726928817849,14.871110902647736,299.84405243513688,0.0,0.0,14.701292839975375,17.543712894117666,457.07509291526199,0.0,0.0,276.2022635874094,331.5818872242509,7711.659342658184,0.0,0.0,50.31351020790675,60.767465635300109,1237.7088812356893,0.0,0.0,246.45782512234485,293.57742473778316,7944.044968694637,33.09175766469844,22.69667878237205,258.1037409341509,308.4262478177199,8937.062242451555,0.0,0.0,236.08330651643809,284.9890208113149,5854.0163100435179,1416.7281025250546,21.573845740794657,34.731055670929169,21.625,30.0,0.0,21.0366611461672,46.9106762696954,21.0,30.0,1060.3627979180106,21.421370510365457,34.55634572535785,21.25,30.0,0.0,20.677097249653646,36.50641959297879,16.0,30.0,0.0,15.61809977245409,51.20762301953001,12.0,30.0,0.0,19.107295289643944,43.8801653998537,19.0,30.0,0.0,17.455523902214116,45.258707404747777,10.0,30.0,0.0,15.739723910104605,50.75264095644608,12.0,30.0,1935.4493463796089,19.692382833920239,39.430695518749427,19.75,30.0,0.0,18.886949847468988,0.0,0.0,0.0,15.796132893519836,0.0,0.0,722.675458985535,1355.5685277178587,694.1417619072312,710.5199777946359,731.7075737295293,1066.2584652080898,730.4056388097441,735.290982948464,734.4914940999884,9763.797896029831,81.54891480463928,82.44050198997597,570.0,0.0,570.0,570.0,21.0,16.0,19.0,19.0,12.0,12.0,21.0,10.0,1.0,0.0,1416.7281025250546,0.0,1060.3627979180106,0.0,0.0,0.0,0.0,1935.4493463796089,1349.2772909677358,809566.3745806415,1048364.6040996848,81.54891480463928,82.45564410024932,0.3424759096989245,0.7719015645459664,0.36028137401965956,82.45564410024932,0.3542647819438875,1048364.6040996848,0.07094995941318362 
 03/25  22:40:00,3.5633333333333336,93.0,2.5666666666666666,0.0,0.0,0.0,0.0,0.0,2.0,0.0,0.0,0.0,0.0,0.0,0.0,1468.0,0.0,0.0,0.0,0.0,0.0,0.0,0.0,0.0,0.0,0.0,0.0,21.30359912171413,-918.0370063889816,20.307701439173515,-50.482570512821158,21.70139302199317,-2634.2687135211997,20.306419730252928,685.9692834534181,15.573581379222287,37.047384975259308,18.525473002763719,-55.36398360215436,17.38177298387211,111.48073727047087,15.92765917930378,-0.04610124363512291,18.59987270000728,-860.6492667963546,1090.7720720035382,1593.3289764871384,0.0,0.0,0.0,0.0,0.0,0.0,0.0,0.0,0.0,0.0,0.0,0.0,0.0,0.0,0.0,0.0,0.0,0.0,0.0,0.0,0.0,0.0,1.7978949280051353,0.5488079755815434,357.0102346425344,421.0273757395417,13011.640801654932,0.3866400990309725,0.05901100412560634,293.1042262628107,347.02809980737,10033.775905299251,3.061862250234485,0.5785831916542871,459.3949780101909,541.4476379381505,17171.800573807504,0.4283740508957803,0.0809474774935337,358.50140544179319,424.228271352809,12610.086475604727,0.0,0.0,13.214493435129539,15.939425902590806,325.15846771606939,0.0,0.0,16.114233744769054,19.214150830969815,497.59863282356698,0.0,0.0,260.60818417936948,312.3157070473658,7380.323976675824,0.0,0.0,47.38550605677503,57.123321628922308,1187.6637536794365,0.0,0.0,223.19842827616064,265.9563131800578,7065.5285839992179,33.38282132448046,22.896310922140246,555.8504806570545,660.7278873479088,19018.269226720557,0.0,0.0,210.30519464289405,253.80398834938644,5167.034518252791,1068.1472258278155,21.649526869333124,38.26414747858569,21.000000000000008,30.00000000000001,0.0,20.592745569607304,41.02000165748812,12.000000000000004,30.00000000000001,3191.219913483643,22.334018719957159,32.5716155489491,22.000000000000008,30.00000000000001,0.0,21.07478237634148,35.449350477716297,16.000000000000008,30.00000000000001,0.0,15.62661004333078,51.023748293906397,12.000000000000004,30.00000000000001,0.0,18.881050588075419,43.261717852617547,12.000000000000004,30.00000000000001,0.0,17.55446775984972,46.90039334678713,10.000000000000004,30.00000000000001,0.0,15.863120334560746,50.23712476071467,12.000000000000004,30.00000000000001,1616.364768572367,19.35119296654551,40.24544121466338,19.500000000000008,30.00000000000001,0.0,19.432520729896436,0.0,0.0,0.0,15.54050556496874,0.0,0.0,939.9701615644183,960.1275456170024,690.3519043101521,703.1326859780943,732.0523120523299,1028.0691988970223,822.7564205772217,736.1462880527477,733.9817594290598,9003.104335420809,82.05137970635366,85.96649910083207,60.00000000000002,0.0,60.00000000000002,60.00000000000002,12.0,16.0,12.0,19.0,12.0,12.0,21.0,10.0,1.0,0.0,1068.1472258278155,0.0,3191.219913483643,0.0,0.0,0.0,0.0,1616.364768572367,5924.318434886874,3554591.060932124,4630187.647048947,82.05137970635366,86.03299082545473,0.3674772811628959,0.7664558899969276,0.36028137401965967,86.03299082545473,0.3542647819438876,4630187.647048947,0.24247975764654526 
 03/25  22:50:00,3.456666666666667,93.5,2.5383333333333337,0.0,0.0,0.0,0.0,0.0,2.0,0.0,0.0,0.0,0.0,0.0,0.0,2936.0,0.0,0.0,0.0,0.0,0.0,0.0,0.0,0.0,0.0,0.0,0.0,21.30622141345066,-1244.5113742269803,20.38120172540522,341.8945998677258,20.879976913182284,-453.69830300357378,20.389100258907356,47.38359691035049,15.578298236162178,37.86577422621272,18.38139364180826,-49.35817124538943,17.401179303535259,10.761153960507273,15.920577459433268,-11.856461632786648,18.628896467027105,-1037.6214156474885,1090.9034470721879,1866.8320087874075,0.0,0.0,0.0,0.0,0.0,0.0,0.0,0.0,0.0,0.0,0.0,0.0,0.0,0.0,0.0,0.0,0.0,0.0,0.0,0.0,0.0,0.0,1.8833344862760809,0.5748884268242005,398.2982816456623,471.6037620814143,14481.979604465654,0.3932604183258862,0.06002143136841975,230.27777606969259,273.3775018534905,8023.133660767445,3.414213985200786,0.6451651521543438,323.56057737499068,383.9489364993507,11522.431759061206,0.3770046984659421,0.07124049479704119,162.9730598393803,193.37466468061599,5802.895428962347,0.0,0.0,13.196755455939629,15.939623901528672,327.7676469919095,0.0,0.0,16.45601929214695,19.665102476339315,506.02644280038148,0.0,0.0,276.3816942815672,331.56140802306467,7896.641583550076,0.0,0.0,50.18643829061507,60.56393823840243,1269.9837465341535,0.0,0.0,242.9022166587844,289.3236409941486,7899.25392825707,33.293120715043318,22.83478787040009,485.97503808538576,579.109838541202,17017.08842806634,0.0,0.0,231.66595493447438,279.61124740687549,5833.517605985551,1523.0595705592587,21.668914059704507,35.11242359184291,21.75,30.0,0.0,20.843764826313259,38.065489767269287,12.0,30.0,109.22318675066014,21.08422532532974,35.65446757590475,21.0,30.0,0.0,21.09608706262886,36.216188572970448,16.0,30.0,0.0,15.635061958276858,51.324273646694198,12.0,30.0,0.0,18.697381241656218,43.34900795914548,12.0,30.0,0.0,17.56480332052501,45.8394939144949,10.0,30.0,0.0,15.875982540866499,50.5164470397622,12.0,30.0,977.9829901026045,19.626328561420065,40.37556823310487,19.5,30.0,0.0,19.58225751010645,0.0,0.0,0.0,15.762105749083118,0.0,0.0,762.2491798189034,830.6844393363176,721.5163180437985,753.5219782698691,749.4781951437204,1013.5014621979483,778.4254935555962,752.5218619251682,782.7187200176488,10023.718395460926,81.37698743992127,83.22784296035884,60.0,0.0,60.0,60.0,12.0,16.0,12.0,19.0,12.0,12.0,21.0,10.0,1.0,0.0,1523.0595705592587,0.0,109.22318675066014,0.0,0.0,0.0,0.0,977.9829901026045,2800.8692216938068,1680521.533016284,2189765.9717844829,81.37698743992127,83.25927663151453,0.34836230738979359,0.7686232530854817,0.36028137401965956,83.25927663151453,0.3542647819438875,2189765.9717844829,0.11555449719945978 
 03/25  23:00:00,3.35,94.0,2.51,0.0,0.0,0.0,0.0,0.0,2.0,0.0,0.0,0.0,0.0,0.0,0.0,4404.0,0.0,0.0,0.0,0.0,0.0,0.0,0.0,0.0,0.0,0.0,0.0,21.380736667631135,-1578.7436098917283,20.378528592800579,384.0108226313169,21.21333558161053,-846.0945820397637,20.23623035813934,316.98881496537185,15.580610620188932,37.81853797299501,18.25667789992496,-48.52982002681477,17.369456442462835,67.85966575387971,15.915856359540568,-7.352139178754241,18.852633041447647,-1101.2376119780427,1186.9966025903964,1873.9853789768857,0.0,0.0,0.0,0.0,0.0,0.0,0.0,0.0,0.0,0.0,0.0,0.0,0.0,0.0,0.0,0.0,0.0,0.0,0.0,0.0,0.0,0.0,1.8861422502708419,0.5757454976406714,423.31131133241436,500.97978016696757,15554.768323639255,0.40036747736738156,0.06110614733934387,263.2534276602951,312.43312175303398,9241.096558764557,3.355392457604986,0.6340499730924004,293.756506526574,347.9699051594599,10821.726584031245,0.39574362951950939,0.07478148705961996,219.13224932932463,260.00745714100597,7704.860749035763,0.0,0.0,13.257994700915888,16.018916171591877,332.2958589337377,0.0,0.0,17.165349305948668,20.531115226093165,526.2615964683556,0.0,0.0,282.131654764589,338.65118828287617,8105.056290247921,0.0,0.0,49.037136434035549,59.19418219984793,1253.5519990328126,0.0,0.0,248.2134485767802,295.7542432084982,8144.689770242332,33.374245811176908,22.890429225772889,503.7763415717193,600.3888890816004,17626.53830250167,0.0,0.0,235.80999941831133,284.70494224157837,6005.063498052454,1687.8489168643496,21.70542437568658,34.60488859632085,21.999999999999969,29.999999999999959,0.0,20.872944019881616,36.647514975646988,11.999999999999983,29.999999999999959,1200.3587067285349,21.52334416617738,34.999222981828648,21.333333333333305,29.999999999999959,0.0,20.872590411353487,36.57908390298162,15.999999999999977,29.999999999999959,0.0,15.639225501758766,51.46939150894633,11.999999999999983,29.999999999999959,0.0,18.539050639955648,43.44014641982126,11.999999999999983,29.999999999999959,0.0,17.53135188418869,45.560683559055338,9.999999999999986,29.999999999999959,0.0,15.8956779959346,50.889037634943857,11.999999999999983,29.999999999999959,1738.2456622692992,19.66368708851578,39.9946449486397,19.666666666666637,29.999999999999959,0.0,19.679989535735517,0.0,0.0,0.0,15.820691693314214,0.0,0.0,744.3548561582505,760.0754906401779,744.2150280927966,751.4093433905343,760.3928702048365,1004.0526475572947,766.4120462326272,775.0616760325419,773.2066793835596,10051.287635736,81.35873863561565,84.91583681006782,59.999999999999918,0.0,59.999999999999918,59.999999999999918,12.0,16.0,12.0,19.0,12.0,12.0,21.0,10.0,1.0,0.0,1687.8489168643496,0.0,1200.3587067285349,0.0,0.0,0.0,0.0,1738.2456622692992,5383.108567110674,3229865.1402664089,4203494.1870416379,81.35873863561565,84.97624814582554,0.34943695223702228,0.7682040710595466,0.360281374019659,84.97624814582554,0.354264781943887,4203494.1870416379,0.2202450310594985 
 03/25  23:10:00,3.291666666666667,94.33333333333334,2.541666666666667,0.0,0.0,0.0,0.0,0.0,2.0,0.0,0.0,0.0,0.0,0.0,0.0,5138.0,0.0,0.0,0.0,0.0,0.0,0.0,0.0,0.0,0.0,0.0,0.0,20.675004105013856,-424.47905007517127,20.253775589452716,-204.19120096020908,20.53428256233744,-382.5836311794448,20.09199120145457,-43.7125439987791,15.57765649905372,27.72047609194032,18.152976168403428,-32.23575105188569,17.32061694386097,-58.714732778380369,15.884573137170945,-56.37141529394801,18.15118727970471,-447.5103032193813,827.8462195348968,1335.4304707254335,0.0,0.0,0.0,0.0,0.0,0.0,0.0,0.0,0.0,0.0,0.0,0.0,0.0,0.0,0.0,0.0,0.0,0.0,0.0,0.0,0.0,0.0,1.847594321556271,0.5639787306337823,192.74912231241889,229.13530785832547,6764.149452110322,0.352051656002271,0.05373193772928435,93.96673510965296,111.73864161933486,3286.3354616847148,3.3563999089425349,0.6342403456051655,133.3669752260334,158.53898760743457,4750.032079933593,0.3559470266452687,0.06726134290348991,97.78721188841932,116.31661732466327,3411.912902148719,0.0,0.0,11.583513760473432,14.00155388166038,291.60705874257737,0.0,0.0,13.070261579451117,15.649151421187712,399.2420849751974,0.0,0.0,216.9016868642795,260.5890581228009,6222.6568474579739,0.0,0.0,43.98759178549777,53.126741577866599,1126.9912051684292,0.0,0.0,185.5536068865534,222.0498564534646,5733.488615373661,32.62078821134666,22.373654465944218,203.03063336924343,243.10692795911204,7269.949124342261,0.0,0.0,175.0363077670382,212.00943191738979,4227.406693557767,0.0,20.579852343571685,36.648634388329437,21.999999999999998,29.999999999999994,0.0,20.63765728385857,36.43120685585941,12.0,29.999999999999994,0.0,20.606548965328828,36.327451663858358,21.857142857142855,29.999999999999994,0.0,20.583690407875929,36.70674801377297,12.0,29.999999999999994,0.0,15.633433532271749,51.43790810863863,12.0,29.999999999999994,0.0,18.413490041037535,43.510961131841579,12.0,29.999999999999994,0.0,17.43692458110232,45.4883380337744,10.0,29.999999999999994,0.0,15.86095268630875,50.80034515909829,12.0,29.999999999999994,0.0,18.56644999452231,42.53612608590329,19.714285714285717,29.999999999999994,0.0,18.239647711678644,0.0,0.0,0.0,15.043696998877728,0.0,0.0,726.7271721846825,729.201803719442,712.8275501199144,727.5979531633768,763.2894313041645,1005.3167175514658,756.9984676799427,772.1437997968646,764.0516151369033,0.0,80.87618166287773,80.87618166287773,59.999999999999989,0.0,59.999999999999989,59.999999999999989,12.0,12.0,12.0,19.0,12.0,12.0,21.0,10.0,0.0,0.0,0.0,0.0,0.0,0.0,0.0,0.0,0.0,0.0,0.0,0.0,0.0,80.87618166287773,80.87618166287773,0.0,0.0,0.0,80.87618166287773,0.0,0.0,0.0016399999999999998 
 03/25  23:20:00,3.233333333333334,94.66666666666667,2.5733333333333334,0.0,0.0,0.0,0.0,0.0,2.0,0.0,0.0,0.0,0.0,0.0,0.0,2202.0,0.0,0.0,0.0,0.0,0.0,0.0,0.0,0.0,0.0,0.0,0.0,20.1975011903911,-211.45382183780363,19.86628966768884,-361.7958944305565,20.112915246719458,-413.40088302052456,19.763748683855185,-121.04620886888829,15.560590805884472,19.210716482855326,18.07286954922036,-26.108011144921468,17.145946676732114,-60.65340977924368,15.78819888084882,-85.98406974971707,17.704424369974967,-197.3430428328904,584.0256104570531,1093.063811640301,0.0,0.0,0.0,0.0,0.0,0.0,0.0,0.0,0.0,0.0,0.0,0.0,0.0,0.0,0.0,0.0,0.0,0.0,0.0,0.0,0.0,0.0,1.807749241555934,0.5518160078009565,213.13758030251086,253.45664648523764,7161.341587143523,0.334301132587416,0.05102276138391573,120.61767523673309,143.4561737650474,4040.7702897728966,3.2234127894487347,0.6091105044309778,132.375439546826,157.40197342008356,4466.27476812677,0.3381899029721761,0.06390587735679816,72.85754892149568,86.57105809177198,2448.9852287807918,0.0,0.0,10.474240740214049,12.653466905923189,264.38449818915879,0.0,0.0,11.29958114651662,13.523890379445856,344.37463820665598,0.0,0.0,178.00958058381068,213.93171176519719,5028.836311331697,0.0,0.0,40.23645607369024,48.58679087758695,1023.8210992042208,0.0,0.0,148.80646402828027,178.3924998712087,4407.92575034875,32.00953283287342,21.954412093877516,212.01275942339886,253.21098354219698,7450.983478471157,0.0,0.0,139.73676402523118,169.5640433676101,3188.8068827297558,0.0,19.86857157703662,37.42228430915962,21.999999999999994,29.99999999999999,0.0,19.96933048529374,36.99970363356244,11.999999999999995,29.99999999999999,0.0,19.939932017355166,36.91270903591395,21.999999999999994,29.99999999999999,0.0,20.00114808834685,37.016761141056388,11.999999999999995,29.99999999999999,0.0,15.603220084237164,51.366259913944308,11.999999999999995,29.99999999999999,0.0,18.312820136938968,43.53986173631381,11.999999999999995,29.99999999999999,0.0,17.147778649928975,45.79672274331231,9.999999999999997,29.99999999999999,0.0,15.706254301034992,51.077684517092929,11.999999999999995,29.99999999999999,0.0,17.8554713620792,44.23244929754068,19.999999999999994,29.99999999999999,0.0,17.72610826528728,0.0,0.0,0.0,14.324836292142939,0.0,0.0,689.7512828737122,686.7018163179146,671.7539226346617,681.2587990442096,761.2574716802764,1025.3405774944759,739.3018831843787,767.4271975043896,756.0120985249546,0.0,80.8761816628777,80.8761816628777,59.99999999999998,0.0,59.99999999999998,59.99999999999998,12.0,12.0,12.0,19.0,12.0,12.0,21.0,10.0,0.0,0.0,0.0,0.0,0.0,0.0,0.0,0.0,0.0,0.0,0.0,0.0,0.0,80.8761816628777,80.8761816628777,0.0,0.0,0.0,80.8761816628777,0.0,0.0,0.0016266666666666665 
 03/25  23:30:00,3.175,95.0,2.605,0.0,0.0,0.0,0.0,0.0,2.0,0.0,0.0,0.0,0.0,0.0,0.0,2202.0,0.0,0.0,0.0,0.0,0.0,0.0,0.0,0.0,0.0,0.0,0.0,19.864725722577057,-242.74210058538413,19.541228049930575,-230.5851363038151,19.699607956393675,-201.425056579473,19.498049686870038,-184.72678555746163,15.535298124526161,8.819640744890873,18.00692936145522,-26.10432297039446,16.94017728667307,-141.12115867851234,15.672557530370878,-122.26470804641605,17.450236496196319,-181.53350308441783,745.3040600111548,906.4819167673002,0.0,0.0,0.0,0.0,0.0,0.0,0.0,0.0,0.0,0.0,0.0,0.0,0.0,0.0,0.0,0.0,0.0,0.0,0.0,0.0,0.0,0.0,1.7488475395715615,0.5338362452904644,352.05957266298659,419.99882107813905,11559.046200401022,0.31606851350912576,0.04824000511433541,169.94486987359915,202.74036771012457,5573.655347646516,3.157237552176202,0.5966057354830313,310.72634808042997,370.9785960513587,10192.960615075848,0.31994699430432119,0.06045861570376436,162.0960413135779,193.38792457846319,5357.566394824539,0.0,0.0,9.369586065173902,11.320053210759849,236.85740958795027,0.0,0.0,10.723271195431292,12.836274818148667,326.5454082083948,0.0,0.0,154.81963075141023,186.27452525681856,4283.5331726773979,0.0,0.0,36.38648352786195,43.969507087831569,917.0529877734464,0.0,0.0,127.72476789002472,153.2955814356768,3704.9511993360249,31.176773338315664,21.38324645975011,452.8897657565461,542.409048201752,14864.244200676088,0.0,0.0,120.19102767129003,146.07873036243974,2636.770485125683,0.0,19.398015312781067,38.088819055126339,21.999999999999994,29.99999999999999,0.0,19.4582107704802,37.32731759683355,11.999999999999995,29.99999999999999,0.0,19.3148241946952,37.800944519657168,21.999999999999994,29.99999999999999,0.0,19.561779989612235,37.44282243643632,11.999999999999995,29.99999999999999,0.0,15.560608935569526,51.153060140545907,11.999999999999995,29.99999999999999,0.0,18.238103297029473,43.40706541717822,11.999999999999995,29.99999999999999,0.0,16.794135962028969,45.985743127260388,9.999999999999997,29.99999999999999,0.0,15.521488092172508,51.1890522505379,11.999999999999995,29.99999999999999,0.0,17.489188106767185,44.496591070237169,19.999999999999994,29.99999999999999,0.0,18.35684084007578,0.0,0.0,0.0,13.83728743737927,0.0,0.0,671.8194426723028,646.721858398857,649.9550936372825,656.5135053593515,752.6038146796283,1040.3142982178725,711.7748990751036,755.7524642424605,730.4302491610349,0.0,80.8761816628777,80.8761816628777,59.99999999999998,0.0,59.99999999999998,59.99999999999998,12.0,12.0,12.0,19.0,12.0,12.0,21.0,10.0,0.0,0.0,0.0,0.0,0.0,0.0,0.0,0.0,0.0,0.0,0.0,0.0,0.0,80.8761816628777,80.8761816628777,0.0,0.0,0.0,80.8761816628777,0.0,0.0,0.0016133333333333334 
 03/25  23:40:00,3.116666666666667,95.33333333333334,2.6366666666666669,0.0,0.0,0.0,0.0,0.0,2.0,0.0,0.0,0.0,0.0,0.0,0.0,1468.0,0.0,0.0,0.0,0.0,0.0,0.0,0.0,0.0,0.0,0.0,0.0,19.65728010576349,-144.11358749263446,19.384641529273034,-184.84134939453817,19.54709095468576,-281.43841808431309,19.270326585633137,-116.9994626836642,15.510317050359462,8.15208875111989,17.938303360338567,-31.69106062788569,16.788885766791077,-109.1023948590564,15.571581070592107,-114.08182881779885,17.24878450264256,-153.12051508690775,647.427124995339,933.0234099259251,0.0,0.0,0.0,0.0,0.0,0.0,0.0,0.0,0.0,0.0,0.0,0.0,0.0,0.0,0.0,0.0,0.0,0.0,0.0,0.0,0.0,0.0,1.7336063609170088,0.5291838708537879,183.82958315688505,219.1321982989889,6007.907176301425,0.3203620428208599,0.048895305680839429,67.45816045028505,80.33678923479879,2190.97630608393,3.164964041036315,0.5980657673915941,219.51931903618419,261.8868843944747,7186.748807699261,0.32267743407380097,0.06097457182044612,142.47510248628738,169.98798959283125,4626.680395298643,0.0,0.0,9.490613935602095,11.462683095117335,240.41729215861165,0.0,0.0,10.381533539347299,12.425166799197669,315.8145085914274,0.0,0.0,159.92767041413945,192.48557060135804,4377.617172306791,0.0,0.0,35.57428330642912,42.98767985755938,890.8729828818189,0.0,0.0,131.0714810629401,157.40040978848846,3750.2162851301,30.992098960167806,21.256583648949119,263.9714194238818,316.09326320581206,8867.237346924376,0.0,0.0,123.37973612108493,149.9648720829304,2690.5948945122224,0.0,19.177835050849287,37.969013509207169,22.0,30.0,0.0,19.26724551424243,37.40225979000822,12.0,30.0,0.0,19.162434077319504,37.95676178657317,22.0,30.0,0.0,19.2146518766204,37.78016603466999,12.0,30.0,0.0,15.523430729971217,50.80691070715197,12.0,30.0,0.0,18.155722110801958,43.248973909028368,12.0,30.0,0.0,16.572723298540866,46.42074284814255,10.0,30.0,0.0,15.374823169416269,51.20961221223441,12.0,30.0,0.0,17.21398616899927,44.88505293482443,20.0,30.0,0.0,17.969563067085656,0.0,0.0,0.0,13.712727539861499,0.0,0.0,643.09977045506,631.0682205081658,639.880303750158,636.3926319352052,739.8699554769546,1047.4258132745568,705.5747427110011,743.4186221526137,716.6081241174063,0.0,80.87618166287773,80.87618166287773,60.0,0.0,60.0,60.0,12.0,12.0,12.0,19.0,12.0,12.0,21.0,10.0,0.0,0.0,0.0,0.0,0.0,0.0,0.0,0.0,0.0,0.0,0.0,0.0,0.0,80.87618166287773,80.87618166287773,0.0,0.0,0.0,80.87618166287773,0.0,0.0,0.0015999999999999999 
 03/25  23:50:00,3.058333333333333,95.66666666666666,2.668333333333334,0.0,0.0,0.0,0.0,0.0,2.0,0.0,0.0,0.0,0.0,0.0,0.0,2202.0,0.0,0.0,0.0,0.0,0.0,0.0,0.0,0.0,0.0,0.0,0.0,19.454726635740415,-249.02611618851919,19.223646322961238,-208.62728297587834,19.36991571617086,-177.7375773427966,19.12940753843414,-173.96411814890005,15.487741230444926,5.476072841134287,17.878104040198619,-31.685432946063587,16.704138096268968,-110.69349387366622,15.493999520849837,-119.79168850551037,17.105359161314114,-144.32822508644657,555.5872224032115,865.4703147641928,0.0,0.0,0.0,0.0,0.0,0.0,0.0,0.0,0.0,0.0,0.0,0.0,0.0,0.0,0.0,0.0,0.0,0.0,0.0,0.0,0.0,0.0,1.7138946533805777,0.5231668661112878,220.46415691107826,263.2723593650844,7077.865467983631,0.3151931278934052,0.048106399251130266,114.80912028373149,137.047249396313,3702.164709561844,3.1457507412142786,0.594435136283878,164.27557834747484,196.13831474587705,5360.679229782371,0.3201639873485154,0.060499619680369539,87.6995322916147,104.74663937004604,2827.695048576228,0.0,0.0,9.155657336939872,11.070018056319665,232.49604256653624,0.0,0.0,10.840367339380336,12.988345691008265,329.6850037385124,0.0,0.0,151.14435554128824,182.15595239089,4125.749663238863,0.0,0.0,34.60001401712883,41.863013965571919,863.855570235384,0.0,0.0,122.8024207019277,147.69880564088153,3486.9034820645108,30.646347479061356,21.019442715405615,250.12238391786975,299.8223035937958,8356.322309129318,0.0,0.0,115.08989432164609,140.13422703824834,2470.6477987507976,0.0,18.919921059000154,38.21638646701125,22.000000000000019,30.00000000000002,0.0,19.058272644158519,37.74995791070437,12.00000000000001,30.00000000000002,0.0,18.967841501683578,38.08560656282338,22.000000000000019,30.00000000000002,0.0,19.02526463284706,37.93695737698804,12.00000000000001,30.00000000000002,0.0,15.493782062582892,50.52465909777514,12.00000000000001,30.00000000000002,0.0,18.090240651611606,43.10173271885865,12.00000000000001,30.00000000000002,0.0,16.471171623087316,46.1659001501089,10.000000000000007,30.00000000000002,0.0,15.275050593700316,51.126019453450748,12.00000000000001,30.00000000000002,0.0,17.039478407760464,44.97399012147518,20.000000000000015,30.00000000000002,0.0,17.64561603828755,0.0,0.0,0.0,13.479492742636279,0.0,0.0,629.1325981767705,623.9213264499817,626.2916456232314,625.2141308079124,729.3633867724889,1047.9725384397019,688.0017201663757,732.7239028183325,703.4428895163985,0.0,80.8761816628778,80.8761816628778,60.00000000000004,0.0,60.00000000000004,60.00000000000004,12.0,12.0,12.0,19.0,12.0,12.0,21.0,10.0,0.0,0.0,0.0,0.0,0.0,0.0,0.0,0.0,0.0,0.0,0.0,0.0,0.0,80.8761816628778,80.8761816628778,0.0,0.0,0.0,80.8761816628778,0.0,0.0,0.0015466666666666667 
 03/25  24:00:00,3.0,96.0,2.7,0.0,0.0,0.0,0.0,0.0,2.0,0.0,0.0,0.0,0.0,0.0,0.0,1468.0,0.0,0.0,0.0,0.0,0.0,0.0,0.0,0.0,0.0,0.0,0.0,19.283402890679747,-240.07554088655798,19.073772515782708,-127.09592055421558,19.24179488802246,-154.72306142516255,19.002636258425928,-95.42160526099929,15.46231398201104,4.405617820512191,17.816270231359306,-35.13068016574911,16.612683318603957,-97.13350991728294,15.411170464187352,-122.77228739157698,16.979675963686348,-132.05089066900906,475.6400800789561,854.7760312202015,0.0,0.0,0.0,0.0,0.0,0.0,0.0,0.0,0.0,0.0,0.0,0.0,0.0,0.0,0.0,0.0,0.0,0.0,0.0,0.0,0.0,0.0,1.7025522013311852,0.5197045791609234,160.47982208358824,191.8172266766368,5145.568124046488,0.3217674383369421,0.04910980438598017,98.82763212688519,118.08812018263805,3171.445009363759,3.156369987411063,0.5964417965629372,82.67513620055071,98.77622888340244,2741.029954891741,0.32120398568192767,0.060696142419109509,73.83792137115114,88.21425013843691,2372.8002062068628,0.0,0.0,9.19682800637579,11.11323993849036,234.09846894483239,0.0,0.0,10.610567106043657,12.70715116310404,322.59044652496666,0.0,0.0,149.8485376565357,180.54769462688479,4075.2332596050757,0.0,0.0,34.22727109337705,41.403931076161459,851.5252508784491,0.0,0.0,120.5629322866356,144.9924963249869,3403.2480784543224,30.422543597041199,20.865942110453504,152.05103356752506,182.60708245250189,5299.699121874488,0.0,0.0,112.45886323169282,136.92848034552535,2391.0513908779437,0.0,18.73669320812806,38.402008633114757,22.0,30.0,0.0,18.869574902725998,37.9666579068201,12.0,30.0,0.0,18.845318321006837,38.02726199241616,22.0,30.0,0.0,18.873101674004766,38.030400151696948,12.0,30.0,0.0,15.461056030934565,50.16414666841888,12.0,30.0,0.0,18.02052569632424,42.88157612311382,12.0,30.0,0.0,16.356681195857335,46.2700292367805,10.0,30.0,0.0,15.16619848723999,51.073155809546069,12.0,30.0,0.0,16.889854252769039,44.98043916016501,20.0,30.0,0.0,17.33733024713201,0.0,0.0,0.0,13.314009501424828,0.0,0.0,618.1466751133584,613.7509102856483,612.1635541916365,614.3912789962743,716.1817555582627,1045.1756452154778,681.4064692952343,722.181209749074,689.4950332277133,0.0,80.87618166287773,80.87618166287773,60.0,0.0,60.0,60.0,12.0,12.0,12.0,19.0,12.0,12.0,21.0,10.0,0.0,0.0,0.0,0.0,0.0,0.0,0.0,0.0,0.0,0.0,0.0,0.0,0.0,80.87618166287773,80.87618166287773,0.0,0.0,0.0,80.87618166287773,0.0,0.0,0.0014933333333333335 
 03/26  00:10:00,2.95,96.33333333333333,2.713333333333334,0.0,0.0,0.0,0.0,0.0,2.0,2.0,0.0,0.0,0.0,0.0,0.0,2202.0,0.0,0.0,0.0,0.0,0.0,0.0,0.0,0.0,0.0,0.0,0.0,19.163364014229076,-108.22118087585236,18.972802791921766,-200.97386786378017,19.138711951635189,-129.31363272569298,18.908872558284196,-178.2412674470756,15.439483012488698,3.788999878416462,17.761202115704138,-28.218075509740609,16.8092171411141,169.95494721784764,15.319939038431447,-163.59827660265487,16.982829629748094,-32.787287952614558,420.4818293835442,411.6101996292383,0.0,0.0,0.0,0.0,0.0,0.0,0.0,0.0,0.0,0.0,0.0,0.0,0.0,0.0,0.0,0.0,0.0,0.0,0.0,0.0,0.0,0.0,1.6937851900593569,0.517028446294065,157.97203641226464,189.10592818985846,5061.25002796783,0.3183948925239901,0.04859506906654307,75.87042721180298,90.8119387920004,2428.182195289634,3.124969479193456,0.5905082160229511,89.18917768987538,106.63549822302409,2942.3208709804096,0.31255796717532038,0.059062352073945629,57.02542479196974,68.16462605513603,1823.1097199109518,0.0,0.0,8.90336938261828,10.76931245881126,227.08258055006048,0.0,0.0,10.295320740505727,12.345251712332605,312.9480730366771,0.0,0.0,79.2026013785931,95.35922060759461,2232.2285289968469,0.0,0.0,35.82386460772048,43.384353107974749,885.8515372671013,0.0,0.0,15.422149021265256,18.5622633733865,438.85007629850716,30.170509547276465,20.693079250532564,129.49748062380733,155.78993472856065,4576.902188536125,0.0,0.0,47.840869534866758,58.4387172777962,953.4137485486035,0.0,18.657066046622466,38.35506717087263,22.0,30.0,0.0,18.75622185378827,37.84170255573338,12.0,30.0,0.0,18.75842892483275,37.96850464690281,22.0,30.0,0.0,18.766007769314976,37.95647374757927,12.0,30.0,0.0,15.435478072312148,49.79827552866388,12.0,30.0,0.0,17.964626028584165,42.65941739087074,12.0,30.0,0.0,16.811814744114228,43.94845016391756,10.0,30.0,0.0,15.041318146719075,51.02024076874356,12.0,30.0,0.0,16.96081746794843,44.71504797463413,20.0,30.0,0.0,17.092691296216839,0.0,0.0,0.0,12.590411242779194,0.0,0.0,608.4003214956047,597.6810659256071,602.0974144417751,602.3245301712939,703.0533015071017,1037.9988034457404,642.3515571918774,711.8937140153738,750.2064548013058,0.0,80.87618166287773,80.87618166287773,60.0,0.0,60.0,60.0,12.0,12.0,12.0,19.0,12.0,12.0,21.0,10.0,0.0,0.0,0.0,0.0,0.0,0.0,0.0,0.0,0.0,0.0,0.0,0.0,0.0,80.87618166287773,80.87618166287773,0.0,0.0,0.0,80.87618166287773,0.0,0.0,0.00144 
 03/26  00:20:00,2.9,96.66666666666666,2.7266666666666667,0.0,0.0,0.0,0.0,0.0,2.0,2.0,0.0,0.0,0.0,0.0,0.0,1468.0,0.0,0.0,0.0,0.0,0.0,0.0,0.0,0.0,0.0,0.0,0.0,19.042805408275475,-205.05238913189397,18.887397782553543,-117.9178288488763,19.04482972730503,-140.7243061935469,18.79169229487966,-107.55689795206289,15.414743546200679,3.9611488621995649,17.709811292590893,-21.137637737579639,16.974473132035095,94.58320120873896,15.178531628598205,-194.76159870084104,17.020045614387358,-35.65457834873976,382.19857202583037,500.973019111633,0.0,0.0,0.0,0.0,0.0,0.0,0.0,0.0,0.0,0.0,0.0,0.0,0.0,0.0,0.0,0.0,0.0,0.0,0.0,0.0,0.0,0.0,1.7073383359699715,0.5211655482203821,139.43049323765997,166.84969039757528,4455.713339394067,0.32253622440138976,0.04922714047640259,59.90424898666167,71.66378318138848,1916.8697891337195,3.178477566921773,0.6006193437115975,73.7352450118417,88.15591966043738,2448.3709651062529,0.31875557959831027,0.06023348064971848,30.429288399214494,36.33615056697087,973.143915924265,0.0,0.0,8.765110701810685,10.596758721301704,224.0115056841181,0.0,0.0,9.642103004220435,11.555593922211358,293.17180455819666,0.0,0.0,82.9674143351656,99.72851780814335,2396.3450635986339,0.0,0.0,40.89009488464074,49.53012612524572,998.2375579554107,0.0,0.0,12.841204331792959,15.438727405465997,369.48646860529029,30.043758141236699,20.60614412979198,107.87547347001456,129.77386523336535,3918.5660757146345,0.0,0.0,53.22142633707027,65.01015778703938,1051.0551062008734,0.0,18.526484870125704,38.19416794110661,22.0,30.0,0.0,18.682828755284427,37.836585193249138,12.0,30.0,0.0,18.677261752321806,37.9171293715065,22.0,30.0,0.0,18.63154100172951,37.92874235065903,12.0,30.0,0.0,15.407687552953519,49.29117203436368,12.0,30.0,0.0,17.91391348541406,42.35521184768722,12.0,30.0,0.0,17.121776041212195,42.803458633226529,10.0,30.0,0.0,14.82526717314647,51.09130578566702,12.0,30.0,0.0,17.067111683768599,44.31215770730136,20.0,30.0,0.0,16.89894870268101,0.0,0.0,0.0,12.445577738553102,0.0,0.0,589.1777021079306,591.8159427000221,594.39517934747,593.4610817379354,685.1337973362,1038.18953108482,633.2330729451544,698.2365957992169,820.9799208463976,0.0,80.87618166287773,80.87618166287773,60.0,0.0,60.0,60.0,12.0,12.0,12.0,19.0,12.0,12.0,21.0,10.0,0.0,0.0,0.0,0.0,0.0,0.0,0.0,0.0,0.0,0.0,0.0,0.0,0.0,80.87618166287773,80.87618166287773,0.0,0.0,0.0,80.87618166287773,0.0,0.0,0.0014266666666666664 
 03/26  00:30:00,2.85,97.0,2.74,0.0,0.0,0.0,0.0,0.0,2.0,2.0,0.0,0.0,0.0,0.0,0.0,2202.0,0.0,0.0,0.0,0.0,0.0,0.0,0.0,0.0,0.0,0.0,0.0,18.963993340442806,-91.59172037746774,18.79125026101502,-186.3799524858536,18.913473545566825,-242.42250725353467,18.705823362750999,-84.35110833069277,15.391293287707815,3.2577738134021185,17.666112132727816,-15.4370853069217,16.98086508932264,41.81847838500121,15.052716536507632,-209.13244432947568,17.024878577523404,-43.35063123558075,423.25638473602489,570.7262996137592,0.0,0.0,0.0,0.0,0.0,0.0,0.0,0.0,0.0,0.0,0.0,0.0,0.0,0.0,0.0,0.0,0.0,0.0,0.0,0.0,0.0,0.0,1.7100223984751045,0.5219848591193846,121.93895481604008,146.1434005748499,3905.29686765502,0.32064133429065819,0.048937932584044278,68.15709671493336,81.6827122214472,2172.1214521998838,3.209099010841368,0.6064057087757688,99.93942205765065,119.73712117006594,3261.8846693242096,0.3216883661640895,0.06078767312246586,75.0128802715386,89.79587769173905,2384.4192785951775,0.0,0.0,8.478843083683703,10.259844248633936,217.15335740053764,0.0,0.0,8.927090567228774,10.708963563679083,271.68470110023096,0.0,0.0,83.5999878172993,100.56897476274139,2424.5107447878765,0.0,0.0,45.480959399127879,55.176289152791969,1099.258569887067,0.0,0.0,12.759372571139762,15.346152859015435,369.4276985664974,29.86541758598399,20.48382550479012,140.62685900234417,169.36320044509547,4902.493344807657,0.0,0.0,57.9540368637392,70.87097780898515,1142.7443126977765,0.0,18.49838067419467,38.04861430329034,21.999999999999994,29.99999999999999,0.0,18.572031026552968,37.70232724591517,11.999999999999995,29.99999999999999,0.0,18.516606425934059,37.83481265989694,21.999999999999994,29.99999999999999,0.0,18.541983369568376,37.97254338614173,11.999999999999995,29.99999999999999,0.0,15.383725552879146,48.904564574048198,11.999999999999995,29.99999999999999,0.0,17.876703474808016,42.1258672482635,11.999999999999995,29.99999999999999,0.0,17.13221118081261,42.345457968527089,9.999999999999997,29.99999999999999,0.0,14.647852330646604,50.94456073050406,11.999999999999995,29.99999999999999,0.0,17.10618506254615,44.05015762264463,19.999999999999994,29.99999999999999,0.0,16.987280873312377,0.0,0.0,0.0,12.380809472088899,0.0,0.0,582.4372655573502,575.5380301209933,577.6832528852805,589.9336707943348,671.7989213644975,1044.7034598952699,620.3898657311354,678.0444975625985,862.7251039458679,0.0,80.8761816628777,80.8761816628777,59.99999999999998,0.0,59.99999999999998,59.99999999999998,12.0,12.0,12.0,19.0,12.0,12.0,21.0,10.0,0.0,0.0,0.0,0.0,0.0,0.0,0.0,0.0,0.0,0.0,0.0,0.0,0.0,80.8761816628777,80.8761816628777,0.0,0.0,0.0,80.8761816628777,0.0,0.0,0.0014133333333333336 
 03/26  00:40:00,2.8,97.33333333333333,2.753333333333333,0.0,0.0,0.0,0.0,0.0,2.0,2.0,0.0,0.0,0.0,0.0,0.0,1468.0,0.0,0.0,0.0,0.0,0.0,0.0,0.0,0.0,0.0,0.0,0.0,18.850694537905285,-184.96925622583036,18.71551431768652,-122.23429272034044,18.81954684430474,-181.22529757272518,18.635873442444689,-79.24193146835245,15.365354300567619,3.3874386533449876,17.61832534135631,-15.758829215743566,16.954098633780526,35.412417212665577,14.931638444858205,-208.01982205246743,17.01537891015296,-48.964505330150149,385.9554017477059,597.9383003094779,0.0,0.0,0.0,0.0,0.0,0.0,0.0,0.0,0.0,0.0,0.0,0.0,0.0,0.0,0.0,0.0,0.0,0.0,0.0,0.0,0.0,0.0,1.7164225537980738,0.5239385084853707,98.63413351456154,118.08905702912341,3153.0746642982915,0.3232722705889898,0.049339479638124229,64.09578417001208,76.74388663529934,2042.268351238099,3.2225394957247737,0.6089454829411898,70.56779234759836,84.45380013407507,2328.9153527492769,0.32452155560426168,0.06132304527669343,69.62200135168617,83.29222302164023,2214.347490365288,0.0,0.0,8.583094775397104,10.381149963556532,220.2729205142141,0.0,0.0,8.9816842265503,10.769486726487607,273.49310791138398,0.0,0.0,85.08753963629872,102.31577035946919,2470.269510829292,0.0,0.0,47.165751144840758,57.22219845661553,1129.7923550691012,0.0,0.0,14.060253106963226,16.900655234778897,408.87470731164208,29.73412580680871,20.393776273531367,114.04900308319174,137.2633506675877,4088.0150933600318,0.0,0.0,59.627837769484418,72.90371203526246,1170.1618859554797,0.0,18.369582451799148,37.939554005575207,22.000000000000008,30.00000000000001,0.0,18.510361218920126,37.64747571765662,12.000000000000004,30.00000000000001,0.0,18.441923070533684,37.79219011564352,22.000000000000008,30.00000000000001,0.0,18.47390932374804,37.902145490313568,12.000000000000004,30.00000000000001,0.0,15.356112825731075,48.470355847629459,12.000000000000004,30.00000000000001,0.0,17.829945706707315,41.878038317112999,12.000000000000004,30.00000000000001,0.0,17.093098981924255,42.11673116349485,10.000000000000004,30.00000000000001,0.0,14.483051045495927,50.923165175557858,12.000000000000004,30.00000000000001,0.0,17.11724862767321,43.696008621646758,20.000000000000008,30.00000000000001,0.0,16.794642949452269,0.0,0.0,0.0,12.280604503237964,0.0,0.0,566.4279382736311,569.3631629235947,571.3887767380713,585.2803485289466,657.166604110268,1050.8269770688026,609.671537437048,663.984797917582,884.2939405354548,0.0,80.87618166287776,80.87618166287776,60.00000000000002,0.0,60.00000000000002,60.00000000000002,12.0,12.0,12.0,19.0,12.0,12.0,21.0,10.0,0.0,0.0,0.0,0.0,0.0,0.0,0.0,0.0,0.0,0.0,0.0,0.0,0.0,80.87618166287776,80.87618166287776,0.0,0.0,0.0,80.87618166287776,0.0,0.0,0.0014000000000000003 
 03/26  00:50:00,2.7500000000000006,97.66666666666667,2.7666666666666668,0.0,0.0,0.0,0.0,0.0,2.0,2.0,0.0,0.0,0.0,0.0,0.0,1468.0,0.0,0.0,0.0,0.0,0.0,0.0,0.0,0.0,0.0,0.0,0.0,18.663921552545383,-137.39719220618827,18.63100962542345,-245.87196318949419,18.65315096279456,-179.23176326443264,18.55053174237935,-197.385198625047,15.338404341148557,1.0674589659342076,17.57105373156901,-12.609313032024176,16.890694858913024,-10.380248421156694,14.822553102675034,-215.97439462922217,16.992614172170108,-55.160341203798228,556.1783726079129,611.7109054730097,0.0,0.0,0.0,0.0,0.0,0.0,0.0,0.0,0.0,0.0,0.0,0.0,0.0,0.0,0.0,0.0,0.0,0.0,0.0,0.0,0.0,0.0,1.7110293144522189,0.5222922205287603,280.37476656531217,335.9331914224814,8776.480008589355,0.31429039051387078,0.047968618820798347,211.01321677526583,252.59991077707034,6679.908670274261,3.1876360487789605,0.6023499714245959,204.80295706318615,245.3746461504905,6501.7854653161489,0.31586353083754406,0.05968698617489493,204.3113593650487,244.65988048979239,6454.668190142668,0.0,0.0,8.218934840654802,9.945773600105483,211.32825326502167,0.0,0.0,9.773898503840416,11.726181012662126,297.7701317834955,0.0,0.0,80.39095750525735,96.73942484903339,2327.3976911098909,0.0,0.0,48.572055957125389,58.968273724772917,1155.0872997429779,0.0,0.0,17.307010460083917,20.80905369342964,504.59504690487349,29.437189721046928,20.19011640675373,396.9003027908817,476.96377371012746,12611.958676301958,0.0,0.0,60.817473482828869,74.39972861074168,1186.486959660485,0.0,18.112772058789717,38.23461288683734,22.0,30.0,0.0,18.419448055287398,37.49602155798465,12.0,30.0,0.0,18.215806191156305,38.141308664137259,22.0,30.0,0.0,18.369376057954704,37.724199375904728,12.0,30.0,0.0,15.327544053924348,47.981573786896337,12.0,30.0,0.0,17.784234015707967,41.50490501135212,12.0,30.0,0.0,16.99031300512489,41.77392255132109,10.0,30.0,0.0,14.341883052901802,50.66121798537628,12.0,30.0,0.0,17.103033797080199,43.19557258387832,20.0,30.0,0.0,17.355235760173878,0.0,0.0,0.0,12.170523567307633,0.0,0.0,557.0523760713206,558.9987914178148,568.7436301234093,568.1591892181459,642.4402086596567,1035.251487317341,594.0401189150175,657.5869843542123,873.4192247950398,0.0,80.87618166287773,80.87618166287773,60.0,0.0,60.0,60.0,12.0,12.0,12.0,19.0,12.0,12.0,21.0,10.0,0.0,0.0,0.0,0.0,0.0,0.0,0.0,0.0,0.0,0.0,0.0,0.0,0.0,80.87618166287773,80.87618166287773,0.0,0.0,0.0,80.87618166287773,0.0,0.0,0.0013933333333333335 
 03/26  01:00:00,2.7,98.0,2.78,0.0,0.0,0.0,0.0,0.0,2.0,2.0,0.0,0.0,0.0,0.0,0.0,1468.0,0.0,0.0,0.0,0.0,0.0,0.0,0.0,0.0,0.0,0.0,0.0,18.651032484797076,-199.46082190013113,18.445611661927658,-188.30145965852535,18.601663891468755,-221.37458539085038,18.36409058219246,-149.0993279999575,15.30903419512186,1.3375841002643228,17.525583556653204,-16.646872762401615,16.812478700601735,11.759548354830486,14.72266034005968,-217.70989467628636,16.963027495564206,-62.768313415871379,530.5860577463845,619.1486644149989,0.0,0.0,0.0,0.0,0.0,0.0,0.0,0.0,0.0,0.0,0.0,0.0,0.0,0.0,0.0,0.0,0.0,0.0,0.0,0.0,0.0,0.0,1.701959811213624,0.5195237518967106,202.63336917905765,242.8329608548376,6387.240542679552,0.3204061696492835,0.04890204054476244,161.46630530839844,193.549262500285,5053.555039402632,3.204382049361712,0.6055143706276858,175.2003033379092,209.91103345625857,5589.423101152819,0.3244333460619172,0.061306376806862638,171.25511840569903,205.24922179135516,5344.361458646085,0.0,0.0,8.517370820170548,10.305739699182848,219.3450410745647,0.0,0.0,9.599052311158065,11.516021561757628,292.6281646779544,0.0,0.0,83.86745243253324,100.94626826722174,2416.8902418345599,0.0,0.0,49.15992203100977,59.71667400637998,1162.356328306362,0.0,0.0,17.756491496835328,21.35351748357872,518.6240680418175,29.320344536015577,20.10997567627955,314.1224532326487,377.6227682858613,10128.483742231365,0.0,0.0,61.31567057397767,75.04873284145359,1188.5793077538502,0.0,18.175206052694585,37.84393281410124,22.0,30.0,0.0,18.153800218497034,37.69348416728777,12.0,30.0,0.0,18.210502597530679,37.99277746293993,22.0,30.0,0.0,18.096331747672964,38.08131555171627,12.0,30.0,0.0,15.29569130560596,47.58753581896562,12.0,30.0,0.0,17.741211544350404,41.15415005253242,12.0,30.0,0.0,16.874079336508275,41.70722313872632,10.0,30.0,0.0,14.21952867759057,50.4861998035952,12.0,30.0,0.0,17.076625273375364,42.744672818346277,20.0,30.0,0.0,17.250126525720697,0.0,0.0,0.0,12.055868168576354,0.0,0.0,549.4581154346245,542.4111604109221,566.754892668599,560.0013273493347,632.6337824657151,1024.005820279187,587.5901970188536,657.3939424073208,862.422844942143,0.0,80.87618166287773,80.87618166287773,60.0,0.0,60.0,60.0,12.0,12.0,12.0,19.0,12.0,12.0,21.0,10.0,0.0,0.0,0.0,0.0,0.0,0.0,0.0,0.0,0.0,0.0,0.0,0.0,0.0,80.87618166287773,80.87618166287773,0.0,0.0,0.0,80.87618166287773,0.0,0.0,0.0013866666666666667 
 03/26  01:10:00,2.773333333333334,98.0,2.788333333333333,0.0,0.0,0.0,0.0,0.0,2.0,2.0,0.0,0.0,0.0,0.0,0.0,734.0,0.0,0.0,0.0,0.0,0.0,0.0,0.0,0.0,0.0,0.0,0.0,18.60897016038725,-54.92143091653179,18.35992934773865,-227.39561915985088,18.538839271244293,-61.997854789432498,18.296497977728288,-170.55561114838566,15.277031687772322,0.1418464436765703,17.475519949056954,-11.328732389249695,16.73749636779256,-18.39740914587219,14.630396384703419,-208.18048341752343,16.927065226845735,-61.83117302366395,458.1651707314941,634.1821035361622,0.0,0.0,0.0,0.0,0.0,0.0,0.0,0.0,0.0,0.0,0.0,0.0,0.0,0.0,0.0,0.0,0.0,0.0,0.0,0.0,0.0,0.0,1.6846121849936895,0.5142283836977074,211.69465247172273,253.204683730415,6658.973309589205,0.305804171441818,0.04667340833971581,142.75831067502163,170.86646839745388,4424.2909256419529,3.214916983280382,0.6075050988814027,119.63418609541256,143.08492353019097,3829.5122172500557,0.3073796313250451,0.05808383056028817,112.99436119354508,135.2554913839857,3497.4850039873397,0.0,0.0,7.894688229845936,9.536693982993887,201.64317772137,0.0,0.0,9.106206507211488,10.907616304547079,275.3990382153419,0.0,0.0,77.72427124601183,93.4246214814444,2211.9223027976429,0.0,0.0,49.282107226038458,59.773159750725877,1147.6298999269316,0.0,0.0,17.781825797945765,21.347659200535565,515.5828798445854,28.95673094901626,19.860583641300598,224.28782404411747,269.4106064752642,7315.111985076469,0.0,0.0,61.2797861175515,74.89022920184948,1166.1531034699945,0.0,18.20879390038732,37.84005396246618,22.0,30.0,0.0,18.061973865109864,37.36069728545027,12.0,30.0,0.0,18.190368109569854,38.44314075504649,22.0,30.0,0.0,18.032501565282904,37.44407330907425,12.0,30.0,0.0,15.2593131524272,47.20394184349666,12.0,30.0,0.0,17.685966130855534,40.806882084647927,12.0,30.0,0.0,16.76072374189323,41.71788239353542,10.0,30.0,0.0,14.109853161886685,50.558097494327217,12.0,30.0,0.0,17.037819917971537,42.3642838902936,20.0,30.0,0.0,17.011552148226547,0.0,0.0,0.0,11.950575491482113,0.0,0.0,556.10554337789,517.2038103581856,594.0126402423489,519.0998071042845,623.6032035620655,1011.7969781169558,580.4399557198154,654.7562042540366,854.003784504092,0.0,80.87618166287773,80.87618166287773,60.0,0.0,60.0,60.0,12.0,12.0,12.0,19.0,12.0,12.0,21.0,10.0,0.0,0.0,0.0,0.0,0.0,0.0,0.0,0.0,0.0,0.0,0.0,0.0,0.0,80.87618166287773,80.87618166287773,0.0,0.0,0.0,80.87618166287773,0.0,0.0,0.00138 
 03/26  01:20:00,2.8466666666666669,98.0,2.796666666666667,0.0,0.0,0.0,0.0,0.0,2.0,2.0,0.0,0.0,0.0,0.0,0.0,1468.0,0.0,0.0,0.0,0.0,0.0,0.0,0.0,0.0,0.0,0.0,0.0,18.456591036337906,-170.14193927229418,18.32698462345688,-133.0658784867228,18.42088682985299,-190.33167615868843,18.267499441095937,-107.57839675920696,15.25141820772463,0.19223786102760699,17.43423894483066,-16.706946085503235,16.705246666678748,-3.5113507447231315,14.55788903752406,-217.51230605991544,16.895979983045949,-66.04095805716315,478.75413401821427,636.0754234574266,0.0,0.0,0.0,0.0,0.0,0.0,0.0,0.0,0.0,0.0,0.0,0.0,0.0,0.0,0.0,0.0,0.0,0.0,0.0,0.0,0.0,0.0,1.671608515336413,0.5102590095654497,194.68513286263659,233.4834016039792,6012.180721508679,0.3137282047470087,0.04788281513232734,132.58698866533576,158.9574872886289,4093.7926995884065,3.1542627627400545,0.5960436059599501,142.11181248306617,170.44984319329797,4461.082891797489,0.313476956487279,0.0592360084065153,140.51899985831876,168.52639457701035,4332.609441394529,0.0,0.0,8.325099555913195,10.080192909490395,210.97796966737855,0.0,0.0,9.401355871393907,11.287333511091667,282.15125133472119,0.0,0.0,81.40407549918635,98.06687452006693,2300.9813023586978,0.0,0.0,49.52775187417245,60.214111529635129,1138.486789323706,0.0,0.0,18.95071726584228,22.802012000075217,545.4628197323875,28.746562470596819,19.7164351650184,255.5520283062359,307.5606764933129,8196.479186286557,0.0,0.0,61.38224072049881,75.20373247195428,1145.1347444180242,0.0,17.972887365117644,38.007977432073378,22.0,30.0,0.0,18.084616031763497,37.61780887909049,12.0,30.0,0.0,18.0315035296841,38.166046461721958,22.0,30.0,0.0,18.05435228884255,38.01772458496402,12.0,30.0,0.0,15.236772936897923,46.99031862251437,12.0,30.0,0.0,17.646520284920393,40.64813218748648,12.0,30.0,0.0,16.739708043555195,41.72396679231618,10.0,30.0,0.0,14.036584164683929,50.551831854504928,12.0,30.0,0.0,17.00875324691404,42.16649893732322,20.0,30.0,0.0,17.061898370513725,0.0,0.0,0.0,11.841353251795438,0.0,0.0,538.7704814224131,533.0721513269765,559.4844576687648,554.977789273813,618.6111680585872,1004.4504619805173,582.1154419131332,657.006427218266,844.1274168441262,0.0,80.87618166287773,80.87618166287773,60.0,0.0,60.0,60.0,12.0,12.0,12.0,19.0,12.0,12.0,21.0,10.0,0.0,0.0,0.0,0.0,0.0,0.0,0.0,0.0,0.0,0.0,0.0,0.0,0.0,80.87618166287773,80.87618166287773,0.0,0.0,0.0,80.87618166287773,0.0,0.0,0.0013666666666666667 
 03/26  01:30:00,2.92,98.0,2.8049999999999999,0.0,0.0,0.0,0.0,0.0,2.0,2.0,0.0,0.0,0.0,0.0,0.0,734.0,0.0,0.0,0.0,0.0,0.0,0.0,0.0,0.0,0.0,0.0,0.0,18.397142908286655,-137.4961722873968,18.31512341915384,-17.04404399477562,18.25060477053502,-284.3880730243327,18.257630349055139,-11.912369663499249,15.218631356030248,0.6315590008458116,17.382522775879275,-18.65161055223126,16.656854423182325,5.592208851207943,14.469251355877426,-213.1682917897242,16.85543851724222,-68.0907097891951,412.0258441297874,643.272819017039,0.0,0.0,0.0,0.0,0.0,0.0,0.0,0.0,0.0,0.0,0.0,0.0,0.0,0.0,0.0,0.0,0.0,0.0,0.0,0.0,0.0,0.0,1.646538692164198,0.5026064383895599,122.8236586964825,147.07026304548493,3785.3420023688588,0.315471425352926,0.04814887444336478,69.79708932560087,83.52431452658203,2157.2703561767045,3.1400292132938105,0.5933539707660264,153.92347010409496,184.43324964270873,4726.490477207705,0.31728769846609197,0.05995610326267798,106.92603010759484,127.9537370060436,3293.0894323645277,0.0,0.0,8.470200844955233,10.236840103385214,212.86308493679659,0.0,0.0,9.031411589829194,10.824849977763064,268.7693990647505,0.0,0.0,83.35222670127804,100.23395597887499,2335.495462317645,0.0,0.0,49.77000784077367,60.41697890575215,1126.6594245032273,0.0,0.0,19.484266720414156,23.404404966747614,556.3554800885203,28.477487836088938,19.531884661240704,172.007619423314,206.79513064183016,5660.939812124904,0.0,0.0,61.50215725174754,75.23637378361592,1126.4283298733242,0.0,17.946021954963393,38.250286905540097,22.0,30.0,0.0,18.132251355147525,37.68846660374671,12.0,30.0,0.0,17.780243791182835,38.15237432458037,22.0,30.0,0.0,18.09962387591276,38.37265917773263,12.0,30.0,0.0,15.200573131376367,46.69741012410983,12.0,30.0,0.0,17.586771848984616,40.41902945618653,12.0,30.0,0.0,16.68558958899492,41.78493166203,10.0,30.0,0.0,13.931183637518912,50.646259280977528,12.0,30.0,0.0,16.96162760839783,41.90129938010945,20.0,30.0,0.0,16.827439866589548,0.0,0.0,0.0,11.743560058846269,0.0,0.0,553.4069358671517,542.709990486243,524.9973039691323,586.5784550940424,612.0975455570723,998.3864148843089,583.2354296720172,658.8652291660945,832.8079735142208,0.0,80.87618166287773,80.87618166287773,60.0,0.0,60.0,60.0,12.0,12.0,12.0,19.0,12.0,12.0,21.0,10.0,0.0,0.0,0.0,0.0,0.0,0.0,0.0,0.0,0.0,0.0,0.0,0.0,0.0,80.87618166287773,80.87618166287773,0.0,0.0,0.0,80.87618166287773,0.0,0.0,0.0013533333333333334 
 03/26  01:40:00,2.993333333333333,98.0,2.8133333333333336,0.0,0.0,0.0,0.0,0.0,2.0,2.0,0.0,0.0,0.0,0.0,0.0,1468.0,0.0,0.0,0.0,0.0,0.0,0.0,0.0,0.0,0.0,0.0,0.0,18.329529690571549,-156.47005068733916,18.22686154091437,-167.81593940743006,18.25986191530769,-53.862319056968548,18.133562866249429,-187.2867641029918,15.191283268597,-0.8163318713900054,17.343108301450337,-16.85837746288928,16.61408131675894,-4.282406349826488,14.397332654939723,-223.9983651878547,16.822649135427047,-70.62263703870849,427.0254176382059,656.5449436552295,0.0,0.0,0.0,0.0,0.0,0.0,0.0,0.0,0.0,0.0,0.0,0.0,0.0,0.0,0.0,0.0,0.0,0.0,0.0,0.0,0.0,0.0,1.6406200712313078,0.5007997775431342,163.4576044050229,196.14557630888795,4978.54111260928,0.30163876785543777,0.04603766298159917,101.2090710097944,121.52344787786257,3079.294249595748,3.227433741788106,0.6098703215774957,196.79974801277479,236.36761338581753,6036.876720454329,0.3090300686291447,0.058395704578447598,145.05479908477433,174.172219637563,4379.438432458204,0.0,0.0,8.286776347365027,10.036549172529325,206.56133530746414,0.0,0.0,9.092424737152669,10.922798816307378,268.5628271630717,0.0,0.0,83.22358219790746,100.2961283879464,2311.485762554612,0.0,0.0,50.722923932272667,61.72000425163799,1132.9471566830833,0.0,0.0,19.20970931309689,23.126058930463047,544.3788213326798,28.212454066930407,19.350105670048295,228.51184306917788,275.3411478342083,7242.807891976918,0.0,0.0,62.35345415056724,76.45787646307568,1122.349329217387,0.0,17.90105181737409,38.03157878928795,22.0,30.0,0.0,18.00145511065188,37.56021341438182,12.0,30.0,0.0,17.906396325288978,38.40114600221358,22.0,30.0,0.0,17.888515720709884,38.058582042841397,12.0,30.0,0.0,15.175706664082885,46.603233941944498,12.0,30.0,0.0,17.551785481524399,40.33146997711263,12.0,30.0,0.0,16.638975021343144,41.82848635647716,10.0,30.0,0.0,13.857360561251707,50.58084609387119,12.0,30.0,0.0,16.93053115247963,41.82038144001378,20.0,30.0,0.0,16.866512608814128,0.0,0.0,0.0,11.66379177112659,0.0,0.0,533.4344243192131,520.8038280733885,559.9492880079132,539.2399679732521,610.5706434920359,995.8237873189391,585.4963785288653,653.6192466528172,831.3184909549424,0.0,80.87618166287773,80.87618166287773,60.0,0.0,60.0,60.0,12.0,12.0,12.0,19.0,12.0,12.0,21.0,10.0,0.0,0.0,0.0,0.0,0.0,0.0,0.0,0.0,0.0,0.0,0.0,0.0,0.0,80.87618166287773,80.87618166287773,0.0,0.0,0.0,80.87618166287773,0.0,0.0,0.0013399999999999999 
 03/26  01:50:00,3.0666666666666666,98.0,2.8216666666666669,0.0,0.0,0.0,0.0,0.0,2.0,2.0,0.0,0.0,0.0,0.0,0.0,734.0,0.0,0.0,0.0,0.0,0.0,0.0,0.0,0.0,0.0,0.0,0.0,18.319417020558185,-40.47935329154825,18.071599947229779,-304.39245951779869,18.23881372440158,-72.5580616622783,18.06939534056668,-142.8191377518151,15.155806614115726,-1.9655260818649652,17.29590846684897,-12.552244136614377,16.530435986430527,-30.016859477079835,14.311596916237616,-218.40269262587459,16.780729266590016,-70.87192881758529,390.09856115013829,663.5877586080385,0.0,0.0,0.0,0.0,0.0,0.0,0.0,0.0,0.0,0.0,0.0,0.0,0.0,0.0,0.0,0.0,0.0,0.0,0.0,0.0,0.0,0.0,1.6194435516834354,0.4943356384870072,234.72550769205516,281.0911115144073,7134.0481718960249,0.2931552605124309,0.04474286637857615,146.66697649605377,175.79566059024283,4373.327510443034,3.1064626594109168,0.587011084544769,76.62217591756934,91.76555647226104,2400.007801903827,0.30004173056932778,0.056697227998739167,65.25520394334511,78.19282873516339,1960.362313764156,0.0,0.0,7.752244054031549,9.373409756425158,191.53683379575615,0.0,0.0,9.346464111739414,11.208631518210146,273.853404675414,0.0,0.0,77.6990570815001,93.51471582619782,2128.382434607587,0.0,0.0,50.74526432848064,61.6528240514253,1116.14311923081,0.0,0.0,19.590870902199307,23.544611289042377,550.6146472968369,27.911456861145159,19.14366039859065,186.04443412348832,223.7748824910896,5938.634454052551,0.0,0.0,62.197961004264168,76.14576059432265,1100.5654424964035,0.0,17.980152184398315,37.88385175018823,22.0,30.0,0.0,17.7585867025299,37.75502823497538,12.0,30.0,0.0,17.936946114481694,38.27902111300485,22.0,30.0,0.0,17.83415354003113,37.70245945697977,12.0,30.0,0.0,15.135382475151962,46.488089876349437,12.0,30.0,0.0,17.5004144736064,40.17357330117251,12.0,30.0,0.0,16.513825949271486,41.7579714498447,10.0,30.0,0.0,13.756725989780174,50.745208093362098,12.0,30.0,0.0,16.881602412283234,41.695934669682127,20.0,30.0,0.0,16.73110682071411,0.0,0.0,0.0,11.583924098605835,0.0,0.0,538.2538829268509,498.6628327678976,564.3528774460564,508.1447611141509,608.4040526845129,988.2432699801217,570.0103243725107,651.906833384691,828.9790034609431,0.0,80.87618166287773,80.87618166287773,60.0,0.0,60.0,60.0,12.0,12.0,12.0,19.0,12.0,12.0,21.0,10.0,0.0,0.0,0.0,0.0,0.0,0.0,0.0,0.0,0.0,0.0,0.0,0.0,0.0,80.87618166287773,80.87618166287773,0.0,0.0,0.0,80.87618166287773,0.0,0.0,0.0013100000000000002 
 03/26  02:00:00,3.14,98.0,2.83,0.0,0.0,0.0,0.0,0.0,2.0,2.0,0.0,0.0,0.0,0.0,0.0,1468.0,0.0,0.0,0.0,0.0,0.0,0.0,0.0,0.0,0.0,0.0,0.0,18.159736346029637,-164.3074556403535,18.052023639661873,-98.56510877853543,18.11877802420782,-185.7467025666533,18.03572515945674,-116.04857725411239,15.128105670168007,-1.5388091832707148,17.255720135038574,-18.83767755251941,16.496729382551636,-14.835616133524355,14.244864520250154,-224.87604700800615,16.746832292956719,-74.38717596067449,433.1875235230955,661.9811401692107,0.0,0.0,0.0,0.0,0.0,0.0,0.0,0.0,0.0,0.0,0.0,0.0,0.0,0.0,0.0,0.0,0.0,0.0,0.0,0.0,0.0,0.0,1.6063448952819919,0.49033726962209769,194.71466060692775,233.88025131394657,5796.713661453048,0.3065972147232976,0.04679444669158998,138.54853283024523,166.37045850176984,4126.8112416204789,3.1040265007990577,0.586550737112445,144.1836595721697,173.14699579012584,4362.532502448099,0.29903269850610655,0.05650655678497854,125.79741366261553,151.00427126138386,3749.7493867422438,0.0,0.0,8.24701884603067,9.994517092689947,202.09746261327485,0.0,0.0,9.681575158447889,11.637034447566649,281.44763831975868,0.0,0.0,81.40723184504557,98.19301650472579,2214.553800853633,0.0,0.0,50.91838242163864,62.00589231344746,1105.545051498668,0.0,0.0,20.69101578575791,24.920889013658223,577.0034150176514,27.64921492212999,18.96379624288752,247.03106132944419,297.6017832421368,7658.913215167224,0.0,0.0,62.23657030713328,76.37397914143554,1081.28163446187,0.0,17.720256588061966,38.30629386537027,22.0,30.0,0.0,17.81673561499445,37.94839819324495,12.0,30.0,0.0,17.766385570612987,38.284759140828089,22.0,30.0,0.0,17.833652539378649,38.02111854014231,12.0,30.0,0.0,15.111406165862693,46.37636156561635,12.0,30.0,0.0,17.46156277016985,40.1027347009482,12.0,30.0,0.0,16.494362299657348,41.84131915384687,10.0,30.0,0.0,13.692286173002384,50.75984277093801,12.0,30.0,0.0,16.848691314371068,41.61393177322417,20.0,30.0,0.0,16.875035101120667,0.0,0.0,0.0,11.50161710765894,0.0,0.0,528.2534088726154,519.4221273597566,538.196695267359,530.5826069169473,604.9085840673952,980.4209596241476,573.6030762139526,652.4645821940387,820.6846736750857,0.0,80.87618166287773,80.87618166287773,60.0,0.0,60.0,60.0,12.0,12.0,12.0,19.0,12.0,12.0,21.0,10.0,0.0,0.0,0.0,0.0,0.0,0.0,0.0,0.0,0.0,0.0,0.0,0.0,0.0,80.87618166287773,80.87618166287773,0.0,0.0,0.0,80.87618166287773,0.0,0.0,0.0012799999999999999 
 03/26  02:10:00,3.1366666666666669,98.0,2.8033333333333334,0.0,0.0,0.0,0.0,0.0,2.0,2.0,0.0,0.0,0.0,0.0,0.0,1468.0,0.0,0.0,0.0,0.0,0.0,0.0,0.0,0.0,0.0,0.0,0.0,18.10395374934285,-165.86005606676418,17.962090274967247,-146.64888470030247,18.054531586930815,-196.70990071658117,17.90134795331585,-154.93133512693886,15.095246705862604,-2.1661800361565328,17.210332235953879,-20.069175029141719,16.438037486791669,-12.341405385356439,14.164344555708137,-229.74995567467716,16.70650165641293,-79.22515723628487,424.5659317778136,665.1696624661495,0.0,0.0,0.0,0.0,0.0,0.0,0.0,0.0,0.0,0.0,0.0,0.0,0.0,0.0,0.0,0.0,0.0,0.0,0.0,0.0,0.0,0.0,1.6004434591342512,0.48853585443658467,158.85659684932336,190.78029187287567,4726.276239299132,0.30103464616113997,0.04594545881580281,126.9807160927905,152.53351347754586,3754.480539536582,3.125829801385377,0.5906707863540019,204.1095713750675,245.22408490600024,6128.161280519926,0.30553032658649756,0.057734377661847597,161.32177973843654,193.81061520477224,4746.656139609462,0.0,0.0,8.276510561224255,10.029906838081143,202.32207910981504,0.0,0.0,9.604340293486788,11.545709252933018,278.40565412214098,0.0,0.0,83.22636210156294,100.39807804784889,2253.003097372419,0.0,0.0,51.53625791902535,62.78212389295929,1110.0286689516625,0.0,0.0,20.90318533648564,25.182307328692759,581.2668173159204,27.44861104890689,18.82620785247387,270.92032641810467,326.36932723629766,8294.136389209494,0.0,0.0,62.753878414344807,77.03148126282643,1081.5974262252353,0.0,17.696455106279275,38.24703610408061,22.0,30.0,0.0,17.69958654603616,38.045135857344678,12.0,30.0,0.0,17.720260005626913,38.29703447245383,22.0,30.0,0.0,17.62898273300925,38.331493301252148,12.0,30.0,0.0,15.077504596019063,46.266511361298118,12.0,30.0,0.0,17.41514874814584,40.016945930054479,12.0,30.0,0.0,16.423909787118178,41.88100725028455,10.0,30.0,0.0,13.601114122564411,50.71845284866241,12.0,30.0,0.0,16.804176694094929,41.50782096143684,20.0,30.0,0.0,16.826398841559006,0.0,0.0,0.0,11.429356975062529,0.0,0.0,522.7061811516228,507.707671147703,534.8686140050348,520.3968144160151,602.5517957939577,974.3585526720788,574.5802582135126,650.1529242687399,815.387197676187,0.0,80.87618166287773,80.87618166287773,60.0,0.0,60.0,60.0,12.0,12.0,12.0,19.0,12.0,12.0,21.0,10.0,0.0,0.0,0.0,0.0,0.0,0.0,0.0,0.0,0.0,0.0,0.0,0.0,0.0,80.87618166287773,80.87618166287773,0.0,0.0,0.0,80.87618166287773,0.0,0.0,0.00125 
 03/26  02:20:00,3.1333333333333339,98.0,2.776666666666667,0.0,0.0,0.0,0.0,0.0,2.0,2.0,0.0,0.0,0.0,0.0,0.0,734.0,0.0,0.0,0.0,0.0,0.0,0.0,0.0,0.0,0.0,0.0,0.0,18.06931920210402,-45.38257866591357,17.891917645625577,-201.20400215125756,17.99596813017196,-61.44236789330898,17.863371536102997,-140.20666234781175,15.058558547872368,-2.8460663816647129,17.161157796782324,-15.024275691846697,16.359543869906326,-38.537770234887378,14.086992613254449,-221.2217477818508,16.66257606970687,-76.66997960987715,370.24065684331529,674.2093599831344,0.0,0.0,0.0,0.0,0.0,0.0,0.0,0.0,0.0,0.0,0.0,0.0,0.0,0.0,0.0,0.0,0.0,0.0,0.0,0.0,0.0,0.0,1.5938782801815666,0.48653183155725479,183.33764907278695,219.77932293710843,5467.496297060998,0.29083463346920787,0.04438868032191817,128.89381081688797,154.583363235067,3793.470476295539,3.1259891844919207,0.5907009040990026,98.99436941198788,118.67915697344131,3012.6288056149066,0.2949051361318009,0.05572659412921407,92.23828752066574,110.6239688721491,2716.1847416789698,0.0,0.0,7.695433344529506,9.309786582653829,187.6082425087999,0.0,0.0,9.61984836530899,11.544499621589255,278.009124318881,0.0,0.0,77.10390565974764,92.87719899467581,2071.6727475830286,0.0,0.0,51.49686672733188,62.63085356586855,1101.2269162768099,0.0,0.0,21.310412222692059,25.62797662047299,590.816853606534,27.19574069884981,18.65277139838808,191.928362278258,230.96547168723209,6006.890493991714,0.0,0.0,62.607032832281408,76.71999210648127,1072.0135960883534,0.0,17.726478403947664,38.17819302123422,22.0,30.0,0.0,17.622634652532516,37.966727752018908,12.0,30.0,0.0,17.69299442844466,38.50026287797373,22.0,30.0,0.0,17.61686739971935,37.99538473130928,12.0,30.0,0.0,15.036443032137756,46.17264883126617,12.0,30.0,0.0,17.361480961224634,39.923329174267177,12.0,30.0,0.0,16.312484991743589,41.99152235745282,10.0,30.0,0.0,13.516437048569593,50.887491011743737,12.0,30.0,0.0,16.753432799186048,41.42371065735696,20.0,30.0,0.0,16.622617364173978,0.0,0.0,0.0,11.367336068913188,0.0,0.0,525.7416725660396,486.0660056077405,553.134017358522,487.50847745079917,599.8216566394115,965.8369175421672,566.2197919981801,648.9855326161124,810.6527811416864,0.0,80.87618166287773,80.87618166287773,60.0,0.0,60.0,60.0,12.0,12.0,12.0,19.0,12.0,12.0,21.0,10.0,0.0,0.0,0.0,0.0,0.0,0.0,0.0,0.0,0.0,0.0,0.0,0.0,0.0,80.87618166287773,80.87618166287773,0.0,0.0,0.0,80.87618166287773,0.0,0.0,0.00122 
 03/26  02:30:00,3.13,98.0,2.75,0.0,0.0,0.0,0.0,0.0,2.0,2.0,0.0,0.0,0.0,0.0,0.0,1468.0,0.0,0.0,0.0,0.0,0.0,0.0,0.0,0.0,0.0,0.0,0.0,17.944534186090516,-141.33645377455697,17.862004592773745,-127.40024228602079,17.912756369103137,-142.31853842551073,17.83757125591817,-106.58094165298303,15.029227910242934,-2.7325630135431995,17.12044359227401,-19.50561780837242,16.322309563824918,-24.44754499493706,14.025294828362619,-225.4553783552626,16.62739734521302,-80.11908256333425,381.2683165773551,670.1862021317246,0.0,0.0,0.0,0.0,0.0,0.0,0.0,0.0,0.0,0.0,0.0,0.0,0.0,0.0,0.0,0.0,0.0,0.0,0.0,0.0,0.0,0.0,1.5943376178563902,0.4866720445227076,171.31016448361118,205.82591156661273,5052.529677034683,0.2990482648507306,0.04564228706512982,110.19019829236874,132.35394685905053,3246.005842015744,3.1050987581809887,0.5867533556653419,106.86020838874888,128.38802670369189,3223.44368877465,0.29833219796540169,0.05637418706829206,105.40543518850549,126.63707368035296,3104.9597622637195,0.0,0.0,8.04185679989566,9.749914771832089,195.64954670009144,0.0,0.0,9.597916910672847,11.54219854956438,276.6537890811775,0.0,0.0,80.13329458714314,96.73047791302298,2149.4428771554878,0.0,0.0,51.49555800625211,62.765699274498818,1095.5661694777114,0.0,0.0,22.17437067498656,26.722283281058087,613.2895660259562,27.095128440844854,18.583764362719383,199.1231973988854,240.07478410797146,6198.113843546473,0.0,0.0,62.52259209818489,76.78773269779005,1061.5731813460669,0.0,17.537994308006309,38.4842208868249,22.0,30.0,0.0,17.638420490290828,38.086565542537758,12.0,30.0,0.0,17.59446652886974,38.47594594364408,22.0,30.0,0.0,17.629836482478763,38.24731549445236,12.0,30.0,0.0,15.01070097367455,46.11768801425062,12.0,30.0,0.0,17.323415937964478,39.90111825279452,12.0,30.0,0.0,16.288514407880557,42.012539189883387,10.0,30.0,0.0,13.460873732782293,50.91063802371847,12.0,30.0,0.0,16.71967581089821,41.39244861148855,20.0,30.0,0.0,16.61569267700902,0.0,0.0,0.0,11.294785496737742,0.0,0.0,515.3204941374481,499.88616297308865,532.0591897928778,516.6591693120979,597.4356576972243,962.9237102786215,565.8639369825876,649.5743790152403,804.955101876649,0.0,80.87618166287773,80.87618166287773,60.0,0.0,60.0,60.0,12.0,12.0,12.0,19.0,12.0,12.0,21.0,10.0,0.0,0.0,0.0,0.0,0.0,0.0,0.0,0.0,0.0,0.0,0.0,0.0,0.0,80.87618166287773,80.87618166287773,0.0,0.0,0.0,80.87618166287773,0.0,0.0,0.00119 
 03/26  02:40:00,3.126666666666667,98.0,2.723333333333333,0.0,0.0,0.0,0.0,0.0,2.0,2.0,0.0,0.0,0.0,0.0,0.0,1468.0,0.0,0.0,0.0,0.0,0.0,0.0,0.0,0.0,0.0,0.0,0.0,17.89074595599785,-156.18168758968705,17.76324150134252,-147.59762124458804,17.8446999270491,-185.8308872598759,17.715524621648375,-152.13604827704695,14.995105236363003,-3.0703936606362705,17.075221725196056,-21.137918553417707,16.26747701193384,-19.420946196943988,13.95123815518194,-229.65672827300399,16.58644282725169,-84.143614555142,405.96360822436056,672.4663844387418,0.0,0.0,0.0,0.0,0.0,0.0,0.0,0.0,0.0,0.0,0.0,0.0,0.0,0.0,0.0,0.0,0.0,0.0,0.0,0.0,0.0,0.0,1.589529926022733,0.4852044951229344,159.8436716750038,192.10764180351038,4701.883902783123,0.29822823362295206,0.045517129673832739,128.46440034823537,154.43704251689889,3752.3107109282584,3.1295490145205999,0.5913735855103177,197.41946547397357,237.35578854125564,5862.22094394773,0.3021177142039706,0.057089515155701157,158.41174082201344,190.45436947002075,4607.489101413479,0.0,0.0,8.156627922893506,9.888980406608632,197.934407815459,0.0,0.0,9.798263135362348,11.785800416193784,281.61876573055147,0.0,0.0,82.11316223765948,99.12895749243049,2193.250359635828,0.0,0.0,52.00248331192654,63.40436189749517,1098.4149039210007,0.0,0.0,22.147889538950048,26.696412880084634,610.7911794657875,26.922521781064505,18.465378450661534,270.2150177744861,325.72751591258136,8176.81538806688,0.0,0.0,62.954789887513047,77.3387783462739,1061.1534194417378,0.0,17.510086198405028,38.46613342711868,22.0,30.0,0.0,17.50534266005779,38.299019366492988,12.0,30.0,0.0,17.53362223448225,38.49342724449943,22.0,30.0,0.0,17.444174958687975,38.5409363882136,12.0,30.0,0.0,14.975739425462479,46.056414146051768,12.0,30.0,0.0,17.2769109517017,39.8596914737886,12.0,30.0,0.0,16.227325693398144,42.054660807111257,10.0,30.0,0.0,13.38029955837158,50.92678816160557,12.0,30.0,0.0,16.674839333336949,41.34080828808918,20.0,30.0,0.0,16.672849326583017,0.0,0.0,0.0,11.230046545420443,0.0,0.0,512.8969698580022,493.8961116736757,525.8309816452877,507.1187217024298,595.1885213609224,956.2068938533985,566.3177836184598,647.0588141762441,800.4372246894986,0.0,80.87618166287773,80.87618166287773,60.0,0.0,60.0,60.0,12.0,12.0,12.0,19.0,12.0,12.0,21.0,10.0,0.0,0.0,0.0,0.0,0.0,0.0,0.0,0.0,0.0,0.0,0.0,0.0,0.0,80.87618166287773,80.87618166287773,0.0,0.0,0.0,80.87618166287773,0.0,0.0,0.0011599999999999998 
 03/26  02:50:00,3.123333333333333,98.0,2.6966666666666669,0.0,0.0,0.0,0.0,0.0,2.0,2.0,0.0,0.0,0.0,0.0,0.0,734.0,0.0,0.0,0.0,0.0,0.0,0.0,0.0,0.0,0.0,0.0,0.0,17.852260187946347,-42.932143036289748,17.701784774980923,-187.00811538289327,17.784174904135026,-61.008820030248447,17.686480358223535,-129.96590510323268,14.957259104236364,-3.503258536116334,17.02611499985734,-16.557737981885965,16.194309340676506,-42.78358055128638,13.878872848549094,-221.97661821027465,16.5422407672338,-81.13760871447539,344.2041078503098,680.746711958464,0.0,0.0,0.0,0.0,0.0,0.0,0.0,0.0,0.0,0.0,0.0,0.0,0.0,0.0,0.0,0.0,0.0,0.0,0.0,0.0,0.0,0.0,1.580744563387039,0.48252276049665418,176.419726061255,211.6466056279281,5198.228064884402,0.2898625301761888,0.044240312908453729,121.23694217596892,145.49781361641935,3529.33716807709,3.126539284964926,0.5908048535459046,92.0187398452122,110.40008676556529,2773.161964866042,0.29330672678996796,0.05542455154761297,85.53155601261948,102.64597117956382,2493.0084630445037,0.0,0.0,7.6409975168844579,9.248197809374768,184.9003901152601,0.0,0.0,9.845246020987775,11.82198458986472,282.0937868923405,0.0,0.0,76.74232029405155,92.50783532785296,2036.0113068170736,0.0,0.0,51.96001880688697,63.24762745875226,1090.2495546077883,0.0,0.0,22.703114354475287,27.31806454096235,624.2141239341789,26.695947810367185,18.309977922062548,178.14762816265435,214.52908430823295,5547.4904224042979,0.0,0.0,62.81953495799666,77.04017069997004,1052.5863094276602,0.0,17.527898225525374,38.411713733062089,22.0,30.0,0.0,17.44409198069759,38.244461784497179,12.0,30.0,0.0,17.49831423145149,38.659070007259028,22.0,30.0,0.0,17.447192678533975,38.25227589947417,12.0,30.0,0.0,14.933683477783255,46.00884210964632,12.0,30.0,0.0,17.222920342585529,39.818920127565018,12.0,30.0,0.0,16.127843983583387,42.2012418662832,10.0,30.0,0.0,13.303172966538213,51.09714856589911,12.0,30.0,0.0,16.624230849503875,41.30774347683081,20.0,30.0,0.0,16.440913419474339,0.0,0.0,0.0,11.17442613735999,0.0,0.0,514.0461809717527,474.58145096340845,540.9363925892099,476.4828592514925,592.2147324396757,947.7011182952747,562.4214094720672,646.1016298993845,795.0281440089444,0.0,80.87618166287773,80.87618166287773,60.0,0.0,60.0,60.0,12.0,12.0,12.0,19.0,12.0,12.0,21.0,10.0,0.0,0.0,0.0,0.0,0.0,0.0,0.0,0.0,0.0,0.0,0.0,0.0,0.0,80.87618166287773,80.87618166287773,0.0,0.0,0.0,80.87618166287773,0.0,0.0,0.0011833333333333336 
 03/26  03:00:00,3.12,98.0,2.67,0.0,0.0,0.0,0.0,0.0,2.0,2.0,0.0,0.0,0.0,0.0,0.0,1468.0,0.0,0.0,0.0,0.0,0.0,0.0,0.0,0.0,0.0,0.0,0.0,17.73704483997799,-130.13720076714754,17.670686508908639,-130.38549969572137,17.709954818768119,-126.39117957483245,17.6594630473522,-111.06946977683288,14.92689275674729,-3.502924818680853,16.98613157410623,-20.165330661086729,16.156158541772773,-30.461770496346163,13.820324387300364,-225.50289962411797,16.50680317465675,-84.57216061754485,351.5104952876022,676.6898069406951,0.0,0.0,0.0,0.0,0.0,0.0,0.0,0.0,0.0,0.0,0.0,0.0,0.0,0.0,0.0,0.0,0.0,0.0,0.0,0.0,0.0,0.0,1.582253273809477,0.4829832948136378,163.24430163969044,196.25285365744657,4762.920470746001,0.2965264446025104,0.045257393864852019,102.18760372127048,122.8170014386233,2975.873784709077,3.1105297671295,0.5877796234182731,96.47340037814544,115.96815595047718,2887.2524445492929,0.29521456851674279,0.0557850658572832,95.03108571508145,114.23421975681488,2768.917752807928,0.0,0.0,7.921186858804241,9.607720941139098,191.26871901826284,0.0,0.0,9.844335718111863,11.84529611316347,281.3491474784756,0.0,0.0,79.3274079937409,95.82472785655004,2100.7903956600168,0.0,0.0,51.949703649605968,63.37056293971186,1084.7803059130347,0.0,0.0,23.31064095008115,28.106290607647304,639.3646400093808,26.61179903247966,18.252262710891406,180.78451540156514,218.09229603919506,5608.961776444445,0.0,0.0,62.73488856190812,77.1047930139537,1042.9837852257359,0.0,17.357125707765677,38.72215391674569,22.0,30.0,0.0,17.453156185562734,38.33392446222799,12.0,30.0,0.0,17.415988521548664,38.66980451690303,22.0,30.0,0.0,17.453233303474698,38.42838962404528,12.0,30.0,0.0,14.907029577964434,45.9893492179621,12.0,30.0,0.0,17.18590632361618,39.820044724578668,12.0,30.0,0.0,16.10263197316764,42.218018127112149,10.0,30.0,0.0,13.25175431782726,51.13926808229756,12.0,30.0,0.0,16.59049261268367,41.30941079441972,20.0,30.0,0.0,16.418434581261115,0.0,0.0,0.0,11.108547434542308,0.0,0.0,508.1883791126246,487.5363397985029,523.9060933248131,502.6579806557954,590.4868981622319,944.5991168210857,560.1287655035608,645.6922375112164,791.0763563340338,0.0,80.87618166287773,80.87618166287773,60.0,0.0,60.0,60.0,12.0,12.0,12.0,19.0,12.0,12.0,21.0,10.0,0.0,0.0,0.0,0.0,0.0,0.0,0.0,0.0,0.0,0.0,0.0,0.0,0.0,80.87618166287773,80.87618166287773,0.0,0.0,0.0,80.87618166287773,0.0,0.0,0.0012066666666666665 
 03/26  03:10:00,3.08,98.0,2.7016666666666668,0.0,0.0,0.0,0.0,0.0,2.0,2.0,0.0,0.0,0.0,0.0,0.0,1468.0,0.0,0.0,0.0,0.0,0.0,0.0,0.0,0.0,0.0,0.0,0.0,17.68225752872027,-147.09210326448648,17.5714289452864,-144.89774592782625,17.6406022607083,-176.04562478763729,17.536218488629826,-152.0595439043891,14.89179111172103,-3.772732203104212,16.940463576136204,-22.024342301043676,16.10207670105502,-25.424843074581078,13.749822133378793,-229.03776720998827,16.46540815290045,-88.15086195934049,386.3222767878715,677.6296567456934,0.0,0.0,0.0,0.0,0.0,0.0,0.0,0.0,0.0,0.0,0.0,0.0,0.0,0.0,0.0,0.0,0.0,0.0,0.0,0.0,0.0,0.0,1.587970353347433,0.4847284350877391,155.94193122144885,187.54731551201037,4547.128895035161,0.29788059246561146,0.04546407088913484,124.98596319237888,150.35959662979503,3617.8663879539546,3.1614782487859909,0.5974070764901722,191.59412984698816,230.50972469810064,5642.120627604685,0.30105438399902298,0.056888583522113168,154.72057239778619,186.14276021788653,4461.491127356302,0.0,0.0,8.042832667002254,9.755185096589838,194.29180616865944,0.0,0.0,9.892821884115407,11.906209696647516,282.6504587445468,0.0,0.0,81.20331773981539,98.09757564082129,2147.682552610551,0.0,0.0,52.35977081595696,63.88886880012322,1089.8625430651737,0.0,0.0,23.316377512023175,28.119628128085127,639.4069776974909,26.35020890000167,18.07284561042639,263.4649208822086,317.7836687331562,7913.071101777309,0.0,0.0,63.06911068734551,77.53301429101049,1046.0907443733968,0.0,17.323993816190609,38.71710540932776,22.0,30.0,0.0,17.31965922834751,38.557701486216959,12.0,30.0,0.0,17.34961136064883,38.70981592017452,22.0,30.0,0.0,17.266051831842768,38.753878203422789,12.0,30.0,0.0,14.8711912045004,45.96518277110265,12.0,30.0,0.0,17.139466112057847,39.815103203200568,12.0,30.0,0.0,16.043761078814727,42.269008892657357,10.0,30.0,0.0,13.176862912141005,51.19484070905376,12.0,30.0,0.0,16.545966722320619,41.29346491945628,20.0,30.0,0.0,16.513524163857825,0.0,0.0,0.0,11.048188624602315,0.0,0.0,506.23895690016948,483.45241787006639,517.8918877955923,495.81921687520687,588.5955094511246,939.2900733410388,560.504725112384,643.9348564078615,786.5400147847033,0.0,80.87618166287773,80.87618166287773,60.0,0.0,60.0,60.0,12.0,12.0,12.0,19.0,12.0,12.0,21.0,10.0,0.0,0.0,0.0,0.0,0.0,0.0,0.0,0.0,0.0,0.0,0.0,0.0,0.0,80.87618166287773,80.87618166287773,0.0,0.0,0.0,80.87618166287773,0.0,0.0,0.0012300000000000002 
 03/26  03:20:00,3.0400000000000007,98.0,2.7333333333333336,0.0,0.0,0.0,0.0,0.0,2.0,2.0,0.0,0.0,0.0,0.0,0.0,734.0,0.0,0.0,0.0,0.0,0.0,0.0,0.0,0.0,0.0,0.0,0.0,17.641541844544514,-39.68726430240531,17.51315001393743,-177.70415995187569,17.57644742522151,-59.33948880392654,17.509167335546043,-125.70892404251799,14.852863075967564,-4.069767255477927,16.890511961135389,-17.723965232993466,16.030225050326018,-47.05486049027422,13.680273338696399,-221.72778026241395,16.420513763657949,-84.97680562360938,325.4607188951386,685.1207563358828,0.0,0.0,0.0,0.0,0.0,0.0,0.0,0.0,0.0,0.0,0.0,0.0,0.0,0.0,0.0,0.0,0.0,0.0,0.0,0.0,0.0,0.0,1.5887203274245663,0.4849573649037138,171.95742358095323,206.43807492889523,5032.507035001866,0.29217722038857837,0.04459359285539963,117.13602537594319,140.6665594184067,3389.522165976708,3.1921024410707008,0.6031939608977138,89.72657031556453,107.72670557936445,2689.251083926212,0.29514758197121329,0.05577240777989667,83.4712173895828,100.23591084248185,2419.2680807002245,0.0,0.0,7.55549855783023,9.148564212488735,182.549521841299,0.0,0.0,10.031545128327068,12.052144448861192,286.45080447739135,0.0,0.0,76.09862024447632,91.79252216095905,2005.1522967717388,0.0,0.0,52.3013479179695,63.71071853236158,1085.6860537554838,0.0,0.0,23.956800204127548,28.84109459980412,656.7375156761992,26.02573682466051,17.850299605391304,172.7309300393382,208.1238599815026,5356.441665527116,0.0,0.0,62.914076197459419,77.20808225668398,1042.517897707222,0.0,17.33390956953243,38.671334305094728,22.0,30.0,0.0,17.264865822142715,38.50996658910272,12.0,30.0,0.0,17.30476675075937,38.86086843445498,22.0,30.0,0.0,17.27341574616428,38.50085343378751,12.0,30.0,0.0,14.82797795503519,45.95461840931549,12.0,30.0,0.0,17.08496852522065,39.81444141411422,12.0,30.0,0.0,15.947735988289445,42.434499419663108,10.0,30.0,0.0,13.103999611586416,51.365539501824688,12.0,30.0,0.0,16.495181544132075,41.29713380045947,20.0,30.0,0.0,16.285867876053705,0.0,0.0,0.0,10.996854287018716,0.0,0.0,505.485321830107,465.72569609935467,529.6951024101312,467.52076492916646,585.894341854901,932.0239903003528,559.7440431653873,642.9237527193574,781.3377726601033,0.0,80.87618166287773,80.87618166287773,60.0,0.0,60.0,60.0,12.0,12.0,12.0,19.0,12.0,12.0,21.0,10.0,0.0,0.0,0.0,0.0,0.0,0.0,0.0,0.0,0.0,0.0,0.0,0.0,0.0,80.87618166287773,80.87618166287773,0.0,0.0,0.0,80.87618166287773,0.0,0.0,0.0012300000000000002 
 03/26  03:30:00,3.0,98.0,2.7649999999999999,0.0,0.0,0.0,0.0,0.0,2.0,2.0,0.0,0.0,0.0,0.0,0.0,1468.0,0.0,0.0,0.0,0.0,0.0,0.0,0.0,0.0,0.0,0.0,0.0,17.5342316835074,-119.09950104407858,17.479809039008218,-131.3735960395029,17.509007671810058,-110.23963349416363,17.480067938397136,-113.81738637613194,14.821584230604053,-4.116675805450257,16.849720765809879,-20.95134370074581,15.991170398031008,-35.58290237856386,13.623556439716694,-224.7211256184852,16.384188765314315,-88.60760456563105,322.41521430095738,680.4532589354826,0.0,0.0,0.0,0.0,0.0,0.0,0.0,0.0,0.0,0.0,0.0,0.0,0.0,0.0,0.0,0.0,0.0,0.0,0.0,0.0,0.0,0.0,1.6009453693356384,0.48868906267876635,155.95404618982892,187.59619288188748,4536.627510955501,0.30003552661037,0.04579296804187576,95.87454715807026,115.29634196702836,2781.3619305648819,3.2151934590731048,0.607557342984336,87.58988008090613,105.33784145032979,2623.2809296920447,0.29844684091860265,0.0563958505137193,86.18233743264003,103.64717115573538,2502.38810569631,0.0,0.0,7.798661397301059,9.46272095519987,188.58732383107893,0.0,0.0,10.048564086545462,12.097168645017718,286.94347670855799,0.0,0.0,78.44709882525953,94.8212335218443,2068.8822845339784,0.0,0.0,52.25851529803097,63.792256536235559,1083.7015021911626,0.0,0.0,24.334206170407098,29.35397085097676,667.2406663822353,25.82172687997994,17.710375089149488,165.966409765429,200.31522641779339,5167.059618467982,0.0,0.0,62.78622552516067,77.21635772113084,1037.4342941996334,0.0,17.177999331936335,38.95404811726201,22.0,30.0,0.0,17.268588135561538,38.57312854700949,12.0,30.0,0.0,17.235494776899626,38.87340204431237,22.0,30.0,0.0,17.27482966939857,38.613136678845027,12.0,30.0,0.0,14.800414868496948,45.95728989651765,12.0,30.0,0.0,17.04775411798498,39.833406788341267,12.0,30.0,0.0,15.921221697076082,42.44959390399531,10.0,30.0,0.0,13.055103774066256,51.42323460616821,12.0,30.0,0.0,16.46090342667668,41.3193540601848,20.0,30.0,0.0,16.232087383839258,0.0,0.0,0.0,10.934701941205468,0.0,0.0,503.20273425832547,478.15583899723108,516.6809918816341,489.9848593839572,584.8107637023262,929.1701326071634,556.0628356123316,642.6897447620902,778.978437000088,0.0,80.87618166287773,80.87618166287773,60.0,0.0,60.0,60.0,12.0,12.0,12.0,19.0,12.0,12.0,21.0,10.0,0.0,0.0,0.0,0.0,0.0,0.0,0.0,0.0,0.0,0.0,0.0,0.0,0.0,80.87618166287773,80.87618166287773,0.0,0.0,0.0,80.87618166287773,0.0,0.0,0.0012300000000000002 
 03/26  03:40:00,2.96,98.0,2.796666666666667,0.0,0.0,0.0,0.0,0.0,2.0,2.0,0.0,0.0,0.0,0.0,0.0,1468.0,0.0,0.0,0.0,0.0,0.0,0.0,0.0,0.0,0.0,0.0,0.0,17.475356315389626,-140.24519973738553,17.370339462469013,-158.85540942296167,17.442919249128637,-158.03451378767569,17.361478844023038,-145.52011942248465,14.78545739010857,-4.522747799908487,16.804124232690357,-22.50357777814503,15.929961783671784,-36.463660127640199,13.556371544562872,-227.20484914101349,16.342639854170466,-91.51156519013631,370.15635859603028,678.3335725906482,0.0,0.0,0.0,0.0,0.0,0.0,0.0,0.0,0.0,0.0,0.0,0.0,0.0,0.0,0.0,0.0,0.0,0.0,0.0,0.0,0.0,0.0,1.6072056088834539,0.49060000271167705,182.7219203650688,219.94859089664403,5304.43489459161,0.30194533694501116,0.04608445313568547,134.0855803829221,161.43540007594235,3859.5060778234148,3.2341921052516797,0.611147412179078,148.27002228139549,178.43755450338177,4369.493881000579,0.30186026623707876,0.057040866635880319,146.22835222117704,176.02281088730826,4205.218205367094,0.0,0.0,7.82267289026939,9.491662113640743,189.2327141056612,0.0,0.0,10.06405578368953,12.118589275327718,287.30355755281576,0.0,0.0,78.77807119213643,95.23125123791613,2072.8518717898448,0.0,0.0,52.39234232461736,63.972300837425539,1083.4967619393006,0.0,0.0,24.878253733065429,30.01809930794171,682.0579653931463,25.511052584754514,17.49729258213616,264.8055794015859,319.5598886592382,7920.986981603324,0.0,0.0,62.80748855098868,77.25974061538507,1035.3085466885796,0.0,17.134130483847004,38.944580058643598,22.0,30.0,0.0,17.11405989563088,38.81104238648143,12.0,30.0,0.0,17.173219909111319,38.902171353668979,22.0,30.0,0.0,17.096980385636667,38.91562438507775,12.0,30.0,0.0,14.76339295068085,45.955056382575708,12.0,30.0,0.0,17.001411568045083,39.84464708851173,12.0,30.0,0.0,15.848616954925433,42.50373847664249,10.0,30.0,0.0,12.985089339908189,51.49506001876374,12.0,30.0,0.0,16.416701764554927,41.31752284249268,20.0,30.0,0.0,16.37835102799186,0.0,0.0,0.0,10.874063387625388,0.0,0.0,501.3927447641447,474.83545292040227,512.1543929412494,486.3859905738102,583.3280114868469,923.8498387310466,554.4288918413736,642.7962242751733,772.9696171152797,0.0,80.87618166287773,80.87618166287773,60.0,0.0,60.0,60.0,12.0,12.0,12.0,19.0,12.0,12.0,21.0,10.0,0.0,0.0,0.0,0.0,0.0,0.0,0.0,0.0,0.0,0.0,0.0,0.0,0.0,80.87618166287773,80.87618166287773,0.0,0.0,0.0,80.87618166287773,0.0,0.0,0.0012300000000000002 
 03/26  03:50:00,2.92,98.0,2.828333333333333,0.0,0.0,0.0,0.0,0.0,2.0,2.0,0.0,0.0,0.0,0.0,0.0,734.0,0.0,0.0,0.0,0.0,0.0,0.0,0.0,0.0,0.0,0.0,0.0,17.430932345467516,-38.96677880928746,17.326770989320758,-154.9856463029696,17.376130656272936,-57.327509244676097,17.334631153890088,-123.33914478579936,14.745825619115296,-4.4635205168984559,16.753566778797244,-19.326893277688784,15.863782920630066,-49.74983547583088,13.489083541399993,-220.89040269945213,16.297167371801167,-88.57571007235947,305.8108222871633,686.616400165223,0.0,0.0,0.0,0.0,0.0,0.0,0.0,0.0,0.0,0.0,0.0,0.0,0.0,0.0,0.0,0.0,0.0,0.0,0.0,0.0,0.0,0.0,1.5979483015232137,0.48777420681416785,169.9396985471356,204.16074164201496,4949.809593604051,0.2962620035479409,0.04521703350853799,105.45840967936512,126.7221698096757,3042.627928584921,3.234180711008809,0.6111452590719596,89.62170801739379,107.67220631609692,2676.818259209089,0.29582338416021117,0.05590011038552741,83.86802271380729,100.77415382390072,2423.440821868298,0.0,0.0,7.504722043163311,9.09076668301556,181.56368826258024,0.0,0.0,10.279154714893128,12.355984028488198,293.2469160635333,0.0,0.0,75.34753087908845,90.94568250744269,1977.0575525314653,0.0,0.0,52.43409288398509,63.9164356942215,1081.660631595146,0.0,0.0,25.418104649988025,30.615023614474575,696.5723574384813,25.551006212254433,17.524695618830206,162.1567672729451,195.51095810700719,5037.71621064265,0.0,0.0,62.845821880340668,77.1726787701877,1035.4158952351714,0.0,17.134298425469639,38.917328078327447,22.0,30.0,0.0,17.090462240297986,38.689697320327997,12.0,30.0,0.0,17.119817370286357,39.05525870131958,22.0,30.0,0.0,17.102734962404207,38.66273385767771,12.0,30.0,0.0,14.719611488930502,45.95400467576696,12.0,30.0,0.0,16.94553964393602,39.86244439960969,12.0,30.0,0.0,15.76597145027466,42.67031255372957,10.0,30.0,0.0,12.91487263500647,51.649404584640659,12.0,30.0,0.0,16.365242628498505,41.33720340443272,20.0,30.0,0.0,16.103105902064184,0.0,0.0,0.0,10.826528714620695,0.0,0.0,500.0026353952405,459.11429265062807,520.3659262202253,459.8631242574675,580.6760464085076,917.055978934718,559.2535524111326,641.7169877863288,767.9941015595382,0.0,80.87618166287773,80.87618166287773,60.0,0.0,60.0,60.0,12.0,12.0,12.0,19.0,12.0,12.0,21.0,10.0,0.0,0.0,0.0,0.0,0.0,0.0,0.0,0.0,0.0,0.0,0.0,0.0,0.0,80.87618166287773,80.87618166287773,0.0,0.0,0.0,80.87618166287773,0.0,0.0,0.0012166666666666667 
 03/26  04:00:00,2.88,98.0,2.86,0.0,0.0,0.0,0.0,0.0,2.0,2.0,0.0,0.0,0.0,0.0,0.0,734.0,0.0,0.0,0.0,0.0,0.0,0.0,0.0,0.0,0.0,0.0,0.0,17.259202823020109,-171.128765411554,17.340588790651347,-10.556046063482427,17.279565638835913,-149.44218844140074,17.355563314756297,-10.490400622122025,14.710512718037137,-3.8097663054815316,16.706906388805807,-23.200161307329155,15.834803323375107,-25.04645171667744,13.429772254169216,-219.5836459838697,16.255070796800156,-92.96385821082629,269.9837305773235,683.5630035012355,0.0,0.0,0.0,0.0,0.0,0.0,0.0,0.0,0.0,0.0,0.0,0.0,0.0,0.0,0.0,0.0,0.0,0.0,0.0,0.0,0.0,0.0,1.599651466935083,0.4882940985760327,105.03612083708005,126.3131051700136,3026.974067640235,0.30435026875161927,0.04645150621972211,56.805298186944359,68.23312292069402,1658.0012265157766,3.1983067512609488,0.6043663551135582,55.73444728379227,66.99147397063507,1689.030342103879,0.30236936919659948,0.057137069009183558,57.798010623234578,69.41947289329092,1688.9339090433853,0.0,0.0,7.953314256935531,9.635395569739684,192.5205966843671,0.0,0.0,10.228741649279675,12.29755366579404,291.66990859462097,0.0,0.0,80.13626209319249,96.72767846733479,2108.2376168057287,0.0,0.0,52.44307859455013,63.94016881678635,1080.3502356372429,0.0,0.0,24.559101340786424,29.585110889147719,672.8644796144492,25.799513716535807,17.69513972327559,109.662383610306,132.32488588380873,3590.0602207089257,0.0,0.0,62.9009025151189,77.2560829284575,1034.3035570371567,0.0,16.849441970169218,39.511631008840428,22.0,30.0,0.0,17.183785076699203,38.717276524623617,12.0,30.0,0.0,16.99130502103806,39.17551990091896,22.0,30.0,0.0,17.203097896554544,38.77674867104877,12.0,30.0,0.0,14.684689708992672,45.96899092726167,12.0,30.0,0.0,16.896640690531738,39.90268352785082,12.0,30.0,0.0,15.759633250083722,42.65274747166016,10.0,30.0,0.0,12.859179416495966,51.74700745293538,12.0,30.0,0.0,16.319922337599477,41.39565489040136,20.0,30.0,0.0,15.888882926437003,0.0,0.0,0.0,10.76953978139033,0.0,0.0,503.0675234306806,491.1470244769584,511.7129617591417,511.91060139918798,580.8218496002448,915.0936475642262,551.3778784970865,641.3483160607021,771.3790396638657,0.0,80.87618166287773,80.87618166287773,60.0,0.0,60.0,60.0,12.0,12.0,12.0,19.0,12.0,12.0,21.0,10.0,0.0,0.0,0.0,0.0,0.0,0.0,0.0,0.0,0.0,0.0,0.0,0.0,0.0,80.87618166287773,80.87618166287773,0.0,0.0,0.0,80.87618166287773,0.0,0.0,0.0012033333333333332 
 03/26  04:10:00,2.8916666666666668,97.83333333333334,2.9066666666666669,0.0,0.0,0.0,0.0,0.0,2.0,2.0,0.0,0.0,0.0,0.0,0.0,1468.0,0.0,0.0,0.0,0.0,0.0,0.0,0.0,0.0,0.0,0.0,0.0,17.28047043457676,-35.44464022985221,17.23909704308511,-188.5122285935122,17.233485435678575,-113.79812611326975,17.24964163643707,-167.35869671182378,14.678048691667641,-4.925016842429656,16.66844795978461,-20.505974960924733,15.772139034599057,-50.602751106151348,13.374614566600553,-223.33387402935024,16.21972890967806,-92.0227638838972,326.4586162289054,686.0577375970976,0.0,0.0,0.0,0.0,0.0,0.0,0.0,0.0,0.0,0.0,0.0,0.0,0.0,0.0,0.0,0.0,0.0,0.0,0.0,0.0,0.0,0.0,1.5906130258086589,0.48553511166320487,170.846822471694,205.9096078115628,4936.592243877745,0.2933080648257659,0.044766188160220678,107.91216811173863,130.08341769700034,3100.069509868879,3.20645816243603,0.605906682244148,135.1252002506201,162.77319014087613,3957.928157169541,0.2918627571878091,0.05515169259028893,110.4442663038997,133.08895474796885,3173.9914746408314,0.0,0.0,7.5358073510712,9.147627217729053,181.7531140944558,0.0,0.0,10.407851405779696,12.538916821346373,295.79016147372456,0.0,0.0,75.88874941613656,91.79660623381735,1982.6430395506773,0.0,0.0,52.56617027641245,64.22619756959881,1076.2528974796547,0.0,0.0,25.84725305189673,31.20310843865179,705.7925337579573,25.588921083413177,17.550700331559115,202.15219213231638,244.37093836226894,6129.639554435239,0.0,0.0,62.90786639388043,77.42840706030765,1026.3393538186963,0.0,16.984701150094467,39.214983288185759,22.0,30.0,0.0,17.02004336064791,38.83980734707217,12.0,30.0,0.0,16.975063653504173,39.23410727253103,22.0,30.0,0.0,17.022989054132596,38.89297423328715,12.0,30.0,0.0,14.655489566754526,45.997451296177647,12.0,30.0,0.0,16.863567903531718,39.92386900833249,12.0,30.0,0.0,15.681660896374784,42.7826185120215,10.0,30.0,0.0,12.810446379186612,51.83003541904288,12.0,30.0,0.0,16.288403444288457,41.416469740695557,20.0,30.0,0.0,16.05011656938457,0.0,0.0,0.0,10.719959168312514,0.0,0.0,506.82092470543867,467.95131183129618,511.5234290786202,477.40647384938486,580.3057491145227,910.3278469762687,555.3635729718183,641.9893451141996,766.3174791800407,0.0,80.87618166287773,80.87618166287773,60.0,0.0,60.0,60.0,12.0,12.0,12.0,19.0,12.0,12.0,21.0,10.0,0.0,0.0,0.0,0.0,0.0,0.0,0.0,0.0,0.0,0.0,0.0,0.0,0.0,80.87618166287773,80.87618166287773,0.0,0.0,0.0,80.87618166287773,0.0,0.0,0.00119 
 03/26  04:20:00,2.9033333333333335,97.66666666666667,2.953333333333333,0.0,0.0,0.0,0.0,0.0,2.0,2.0,0.0,0.0,0.0,0.0,0.0,734.0,0.0,0.0,0.0,0.0,0.0,0.0,0.0,0.0,0.0,0.0,0.0,17.263589335684249,-36.72604983640895,17.154829193145546,-192.0799883598679,17.18707026483268,-42.932581542210758,17.131521840661379,-214.41470359073765,14.638081682949555,-4.449700697215036,16.619144944741668,-21.265512456260013,15.721832430037445,-38.06716503124926,13.307520710020445,-220.1018089933009,16.17395202175397,-92.78146592232452,319.2267164876521,688.957393783573,0.0,0.0,0.0,0.0,0.0,0.0,0.0,0.0,0.0,0.0,0.0,0.0,0.0,0.0,0.0,0.0,0.0,0.0,0.0,0.0,0.0,0.0,1.5915970170715066,0.4858354752965527,99.25771602379654,119.30763403056908,2889.5438297112816,0.2947911982365246,0.0449925516234012,88.80188723639405,106.78048163163244,2536.898709652143,3.2463617377286466,0.6134470403871216,155.42278830697746,186.84965044477858,4529.324452189893,0.29431227636906018,0.055614564695589587,106.86246785100919,128.52795264586849,3037.2371852242065,0.0,0.0,7.670208612387947,9.295573054599182,184.21109510557296,0.0,0.0,10.374699191679179,12.477968310776216,293.5782062843051,0.0,0.0,77.40659655976235,93.48175965693723,2013.4387145413974,0.0,0.0,52.766717104124939,64.36751920814322,1071.8188300076805,0.0,0.0,25.717319316250025,30.99209294924656,699.2087449954784,25.447839018344234,17.453936226573555,168.5854894685568,203.35826048877329,5171.5229076479849,0.0,0.0,63.068255640042547,77.49482541181901,1021.5954511369938,0.0,17.010758745523,38.99405394591588,22.0,30.0,0.0,16.918504275530425,38.89265269293896,12.0,30.0,0.0,16.955657659358584,39.235991456108958,22.0,30.0,0.0,16.85144051102327,39.03103189430438,12.0,30.0,0.0,14.611617413934097,46.03010447579853,12.0,30.0,0.0,16.80801007958771,39.970321357428719,12.0,30.0,0.0,15.630937979921873,42.906041034674249,10.0,30.0,0.0,12.73795757605365,51.988298268760427,12.0,30.0,0.0,16.235685896178233,41.46824199620448,20.0,30.0,0.0,15.98970995161924,0.0,0.0,0.0,10.671613252113563,0.0,0.0,488.95269472400977,454.9409574524883,507.16488940799328,452.4165957095966,579.3019796140404,906.1411069744235,562.3370408185477,642.7289940146668,764.7676493001235,0.0,80.87618166287773,80.87618166287773,60.0,0.0,60.0,60.0,12.0,12.0,12.0,19.0,12.0,12.0,21.0,10.0,0.0,0.0,0.0,0.0,0.0,0.0,0.0,0.0,0.0,0.0,0.0,0.0,0.0,80.87618166287773,80.87618166287773,0.0,0.0,0.0,80.87618166287773,0.0,0.0,0.0011766666666666668 
 03/26  04:30:00,2.915,97.5,3.0,0.0,0.0,0.0,0.0,0.0,2.0,2.0,0.0,0.0,0.0,0.0,0.0,1468.0,0.0,0.0,0.0,0.0,0.0,0.0,0.0,0.0,0.0,0.0,0.0,17.13169135381991,-122.30735413039156,17.122489109154225,-118.29122560003384,17.10422935882143,-122.87810543241494,17.115150039506895,-80.8346963144013,14.605859018140688,-4.885674038316807,16.580097679885804,-21.791726134212639,15.679434148259393,-44.88908257344315,13.253199261570547,-222.71858790426337,16.137634915894766,-94.89726067226616,323.47190285699255,688.3293049671988,0.0,0.0,0.0,0.0,0.0,0.0,0.0,0.0,0.0,0.0,0.0,0.0,0.0,0.0,0.0,0.0,0.0,0.0,0.0,0.0,0.0,0.0,1.5789907576692218,0.48198741076594067,170.84450457744055,205.8424558547187,4868.434658745691,0.2947368543508482,0.04498425737955558,104.5419883181804,125.88470337095042,2980.9023704529174,3.2150451011789578,0.6075293086128041,104.99116889125037,126.52336270992808,3063.4177542981967,0.29971427367353678,0.05663535027844609,101.85662699918994,122.73115279186757,2902.3721003298508,0.0,0.0,7.622670847909095,9.257502201932134,182.4195922416477,0.0,0.0,10.29432462022255,12.406412935544843,290.2823725510149,0.0,0.0,77.74316713742248,94.0905460966745,2014.346957172525,0.0,0.0,52.9219291409235,64.6931270839906,1068.4001614268373,0.0,0.0,25.6557051849894,30.979365542580923,695.0523589007617,25.222130140729719,17.299129040281018,190.41714774355598,230.12103986528059,5741.093122683114,0.0,0.0,63.15164562515053,77.7608328844812,1015.1366570444728,0.0,16.804033370829587,39.44833930718387,22.0,30.0,0.0,16.925551912369025,38.95647978257276,12.0,30.0,0.0,16.850864059616023,39.38409609284045,22.0,30.0,0.0,16.899897323531673,39.11343259686367,12.0,30.0,0.0,14.583297186034543,46.0606758093698,12.0,30.0,0.0,16.772793146275256,40.00939696525356,12.0,30.0,0.0,15.593612208475156,42.864786802824529,10.0,30.0,0.0,12.690238989881152,52.07707364745349,12.0,30.0,0.0,16.201876529131199,41.50824317267386,20.0,30.0,0.0,15.990580440993459,0.0,0.0,0.0,10.6244007779108,0.0,0.0,495.55281786642527,465.9880127201183,505.25027930219968,480.13200642740369,579.4149792491048,906.0453969801004,551.3293611698408,641.5945430480015,765.350378186012,0.0,80.87618166287773,80.87618166287773,60.0,0.0,60.0,60.0,12.0,12.0,12.0,19.0,12.0,12.0,21.0,10.0,0.0,0.0,0.0,0.0,0.0,0.0,0.0,0.0,0.0,0.0,0.0,0.0,0.0,80.87618166287773,80.87618166287773,0.0,0.0,0.0,80.87618166287773,0.0,0.0,0.0011633333333333333 
 03/26  04:40:00,2.9266666666666669,97.33333333333333,3.046666666666667,0.0,0.0,0.0,0.0,0.0,2.0,2.0,0.0,0.0,0.0,0.0,0.0,2936.0,0.0,0.0,0.0,0.0,0.0,0.0,0.0,0.0,0.0,0.0,0.0,17.10717400483646,-67.4053753419646,17.059101479518767,-101.16294746717155,17.06526615781726,-86.29544374981953,17.078174348417929,-69.14156513594469,14.571390081697566,-5.060399540169165,16.539438533682835,-22.94243599112943,15.619839677514872,-46.204647703882418,13.195867222036228,-222.851397485968,16.099230242902235,-97.10529559888127,167.93079126171146,685.7456828897366,0.0,0.0,0.0,0.0,0.0,0.0,0.0,0.0,0.0,0.0,0.0,0.0,0.0,0.0,0.0,0.0,0.0,0.0,0.0,0.0,0.0,0.0,1.5741395081378103,0.48050656536563199,103.82341357388677,125.28318531192186,2977.617207943315,0.29637528638285595,0.04523432331850671,49.14679670341986,59.34306174810867,1398.4389105677975,3.204407995902835,0.6055192736021988,44.2166209599867,53.33743619165361,1340.5288522596089,0.2956450376748463,0.055866409235609638,28.605041248503665,34.537098101092798,817.9712780152188,0.0,0.0,7.618700176357207,9.262083776305499,181.63009667671578,0.0,0.0,10.455328274990315,12.614989512714198,293.76011749820477,0.0,0.0,76.84957037392658,93.11434118704274,1978.796011141366,0.0,0.0,52.854761709894038,64.68702220527749,1059.9901392565058,0.0,0.0,26.305815123331834,31.801849462911404,710.0343395742586,25.00930648605459,17.153159455455829,67.92830474380436,82.36383800516259,2392.8357361199307,0.0,0.0,62.978158129887798,77.63661525255566,1004.7405840340568,0.0,16.829374766404059,39.29697377384588,22.0,30.0,0.0,16.85916640314954,39.014913191110689,12.0,30.0,0.0,16.84244185193084,39.30624337411676,22.0,30.0,0.0,16.87624456721848,38.966919952532879,12.0,30.0,0.0,14.550664948543418,46.07791293063532,12.0,30.0,0.0,16.734110150893917,40.03011514915859,12.0,30.0,0.0,15.525817440827252,42.95180066258902,10.0,30.0,0.0,12.636423857152203,52.16293973857394,12.0,30.0,0.0,16.16405654754093,41.52477122105626,20.0,30.0,0.0,15.424483921795752,0.0,0.0,0.0,10.577474164525502,0.0,0.0,493.11569087635658,464.7436047210465,502.5209062028408,463.6739934888007,577.9609391450536,901.7514738117332,549.5441523295057,641.0210996562522,760.7649882105652,0.0,80.87618166287773,80.87618166287773,60.0,0.0,60.0,60.0,12.0,12.0,12.0,19.0,12.0,12.0,21.0,10.0,0.0,0.0,0.0,0.0,0.0,0.0,0.0,0.0,0.0,0.0,0.0,0.0,0.0,80.87618166287773,80.87618166287773,0.0,0.0,0.0,80.87618166287773,0.0,0.0,0.00115 
 03/26  04:50:00,2.9383333333333336,97.16666666666667,3.0933333333333334,0.0,0.0,0.0,0.0,0.0,2.0,2.0,0.0,0.0,0.0,0.0,0.0,1468.0,0.0,0.0,0.0,0.0,0.0,0.0,0.0,0.0,0.0,0.0,0.0,17.04614980425387,-69.10428563064454,17.003730990561473,-200.62168393993927,17.012652880945063,-52.815476245106228,17.021789393760714,-198.56455924020453,14.532900377595663,-4.973352568585213,16.493142626335407,-22.212828018779136,15.567172084059017,-45.26912891316283,13.134106592245509,-219.9068357597498,16.05559758863796,-96.29013546928189,186.97802373317507,687.2656581986071,0.0,0.0,0.0,0.0,0.0,0.0,0.0,0.0,0.0,0.0,0.0,0.0,0.0,0.0,0.0,0.0,0.0,0.0,0.0,0.0,0.0,0.0,1.5755629882571106,0.48094108310656616,102.7995400870082,123.78157344925876,2937.9326370896994,0.29344190043774767,0.04478661484092608,55.18440752631252,66.42386051768384,1554.0508109554403,3.214490814964033,0.6074245682093791,60.935135241653707,73.3275804328959,1808.2677705596735,0.2909859030947722,0.054985998317228289,55.085540282114397,66.30685661086059,1548.7605881861928,0.0,0.0,7.556952709399338,9.180282361970566,179.40687241148226,0.0,0.0,10.51622539018233,12.679091942116808,294.25594461927417,0.0,0.0,76.2408528774072,92.31377562844253,1953.3448701006178,0.0,0.0,52.888882665292147,64.68431283044234,1052.9308020116128,0.0,0.0,26.80775611620159,32.38415296555177,720.5687134986365,24.884902000044037,17.0678340192346,98.17036621827922,118.52937177765507,3213.152449425887,0.0,0.0,62.948844841388538,77.54237451828556,997.2833556816552,0.0,16.77321611411876,39.31756639194366,22.0,30.0,0.0,16.802632517434078,38.96778638801686,12.0,30.0,0.0,16.803828087647223,39.24676458651359,22.0,30.0,0.0,16.808033239095633,38.92105193052453,12.0,30.0,0.0,14.510088805041,46.09541109067193,12.0,30.0,0.0,16.684211865786673,40.061133658122489,12.0,30.0,0.0,15.469931949188148,43.030359120903337,10.0,30.0,0.0,12.573277397460535,52.27322871056694,12.0,30.0,0.0,16.116114442291026,41.552528648218089,20.0,30.0,0.0,15.398564417450445,0.0,0.0,0.0,10.533166179375236,0.0,0.0,491.1898389940791,459.73892000345998,495.5493553919463,456.5240935765574,576.3938293640813,897.597501578075,550.8795321131693,640.7655509222741,756.2124089452855,0.0,80.87618166287773,80.87618166287773,60.0,0.0,60.0,60.0,12.0,12.0,12.0,19.0,12.0,12.0,21.0,10.0,0.0,0.0,0.0,0.0,0.0,0.0,0.0,0.0,0.0,0.0,0.0,0.0,0.0,80.87618166287773,80.87618166287773,0.0,0.0,0.0,80.87618166287773,0.0,0.0,0.0011599999999999998 
 03/26  05:00:00,2.95,97.0,3.14,0.0,0.0,0.0,0.0,0.0,2.0,2.0,0.0,0.0,0.0,0.0,0.0,1468.0,0.0,0.0,0.0,0.0,0.0,0.0,0.0,0.0,0.0,0.0,0.0,16.960712988477185,-134.13583199190408,16.892159230531889,-117.91731299127128,16.93485549871179,-152.3759347866935,16.899499961246954,-100.92523074195515,14.495822406281489,-5.5162464431977729,16.450225417849276,-23.66405065656076,15.499646307067339,-52.838797779661948,13.074878510024025,-220.56049016193038,16.01423463228556,-99.73751545512102,339.12693331673838,680.1299235347228,0.0,0.0,0.0,0.0,0.0,0.0,0.0,0.0,0.0,0.0,0.0,0.0,0.0,0.0,0.0,0.0,0.0,0.0,0.0,0.0,0.0,0.0,1.5695622910738,0.4791093684596459,194.61707537426353,234.73438577633278,5477.284693015281,0.2915917789727547,0.04450423976995646,144.3549079102264,174.15237675909885,4028.0843807580597,3.19778856833294,0.6042684369487795,154.6316344305175,186.46176554771365,4416.163768036595,0.2919410927745615,0.055166495233288249,152.52509460126965,183.97023589115873,4253.660283268079,0.0,0.0,7.445806539662119,9.045585781740258,176.03909906989476,0.0,0.0,10.627256031328628,12.815890429655923,296.22581554829176,0.0,0.0,75.5504750054549,91.49740255346046,1921.3752664967609,0.0,0.0,52.799433534112868,64.5918851967332,1043.7140938766984,0.0,0.0,27.410796008703586,33.12245402873606,733.8395122974989,24.581929720586598,16.860034101911255,281.723884003344,340.6171955363616,8114.871975390888,0.0,0.0,62.71033722092894,77.26617316324865,985.6232125104639,0.0,16.667402582212298,39.51212772909777,22.0,30.0,0.0,16.65477988274769,39.28389470957777,12.0,30.0,0.0,16.709930545675947,39.38644151246589,22.0,30.0,0.0,16.642814649040849,39.3224631641495,12.0,30.0,0.0,14.472413627683027,46.10054107530283,12.0,30.0,0.0,16.640678965209376,40.074280634301519,12.0,30.0,0.0,15.384332023528258,43.12787928520103,10.0,30.0,0.0,12.514372479589535,52.293775810423827,12.0,30.0,0.0,16.072455849676808,41.547648751593829,20.0,30.0,0.0,15.958761175707089,0.0,0.0,0.0,10.482749438202003,0.0,0.0,493.85503910937919,465.1291187232577,491.844812495276,465.6682174388353,575.3535909595703,892.9631013533995,550.8910286553175,639.5707277673578,750.5480028316699,0.0,80.87618166287773,80.87618166287773,60.0,0.0,60.0,60.0,12.0,12.0,12.0,19.0,12.0,12.0,21.0,10.0,0.0,0.0,0.0,0.0,0.0,0.0,0.0,0.0,0.0,0.0,0.0,0.0,0.0,80.87618166287773,80.87618166287773,0.0,0.0,0.0,80.87618166287773,0.0,0.0,0.00117 
 03/26  05:10:00,2.916666666666667,97.0,3.2233333333333338,0.0,0.0,0.0,0.0,0.0,2.0,2.0,0.0,0.0,0.0,0.0,0.0,734.0,0.0,0.0,0.0,0.0,0.0,0.0,0.0,0.0,0.0,0.0,0.0,16.908962295873189,-31.102375627216135,16.85134444693062,-143.4918746145363,16.85945117805987,-53.37023266254255,16.87937940520239,-116.81004180447144,14.455183913085918,-5.209811793246445,16.400152888341986,-21.76972314040529,15.4365532145748,-57.21418216897837,13.014116668712227,-215.0645297378021,15.967816116623635,-96.95225878356769,273.38489862877489,683.9464216615688,0.0,0.0,0.0,0.0,0.0,0.0,0.0,0.0,0.0,0.0,0.0,0.0,0.0,0.0,0.0,0.0,0.0,0.0,0.0,0.0,0.0,0.0,1.5785328560115724,0.4818476361451686,165.8859608854328,199.69411095031297,4677.923277975891,0.2930207073074707,0.04472233017513289,102.9089994297532,123.89989592589288,2878.9184443989167,3.273999120979252,0.6186695239945679,87.6584285433446,105.52870151537276,2537.5487352412235,0.2925532479001055,0.05528217080500858,82.3791196303914,99.17492157438586,2309.7626704466367,0.0,0.0,7.250047420115023,8.79430743603909,171.33264458262333,0.0,0.0,10.716362811871319,12.902225852817539,298.4015016221597,0.0,0.0,73.30093124257196,88.64619163937607,1859.1282906157622,0.0,0.0,52.73273911763224,64.40726108063145,1039.9608035683905,0.0,0.0,28.020210018748356,33.8015935651347,749.471822073041,24.119448479679219,16.542831604718264,159.6547079338922,192.80994684074236,4800.62123606029,0.0,0.0,62.538997427755059,76.9265090929768,982.8172123806901,0.0,16.650904812155436,39.50905486089029,22.0,30.0,0.0,16.6315178525818,39.157034226581007,12.0,30.0,0.0,16.636474942856418,39.54941351142215,22.0,30.0,0.0,16.65373619674025,39.09652017676513,12.0,30.0,0.0,14.427783599906265,46.11362511791915,12.0,30.0,0.0,16.585989020069868,40.10832415207199,12.0,30.0,0.0,15.310622507210445,43.28411133372869,10.0,30.0,0.0,12.453315272103442,52.42315910509312,12.0,30.0,0.0,16.020536565525565,41.57852120311475,20.0,30.0,0.0,15.728987964911593,0.0,0.0,0.0,10.444932886874688,0.0,0.0,491.5280559609728,449.5000444955753,494.48102326137629,448.6896771078485,573.9657855312024,888.7309249919819,555.2248089350189,640.3657977594663,746.9095237152997,0.0,80.87618166287773,80.87618166287773,60.0,0.0,60.0,60.0,12.0,12.0,12.0,19.0,12.0,12.0,21.0,10.0,0.0,0.0,0.0,0.0,0.0,0.0,0.0,0.0,0.0,0.0,0.0,0.0,0.0,80.87618166287773,80.87618166287773,0.0,0.0,0.0,80.87618166287773,0.0,0.0,0.00118 
 03/26  05:20:00,2.8833333333333339,97.0,3.306666666666667,0.0,0.0,0.0,0.0,0.0,2.0,2.0,0.0,0.0,0.0,0.0,0.0,1468.0,0.0,0.0,0.0,0.0,0.0,0.0,0.0,0.0,0.0,0.0,0.0,16.8281871085237,-83.97579742170024,16.811414498357864,-142.55602320283936,16.817598143886714,-57.67926627108386,16.848302890472988,-115.77234016807702,14.422365784682004,-5.334101512158696,16.35940249152503,-23.93986725342029,15.396187134279025,-48.64809132130972,12.963979390334638,-216.23050670615158,15.930377531339051,-100.16975411806658,205.51854912736042,678.4745365075288,0.0,0.0,0.0,0.0,0.0,0.0,0.0,0.0,0.0,0.0,0.0,0.0,0.0,0.0,0.0,0.0,0.0,0.0,0.0,0.0,0.0,0.0,1.5987878861151082,0.488030490267127,134.69748775941663,162.40976819952818,3791.6252637421459,0.30027136104110677,0.04582896230786124,73.35588524048714,88.43136355761436,2053.5776226746577,3.333615436983286,0.6299348898305532,48.29351759542289,58.167464594401597,1441.9890831417668,0.2979739961479107,0.0563064996500209,42.63801407074979,51.35094762716025,1197.419136466537,0.0,0.0,7.410720135172699,9.00808562558366,175.1782896461722,0.0,0.0,10.69540589769909,12.903660732855938,297.72429363218239,0.0,0.0,74.79744860640636,90.64466490755044,1897.6154335992963,0.0,0.0,52.66409473392802,64.45880451183325,1037.7033928013989,0.0,0.0,27.963760542141878,33.80240184495067,747.8194171235673,23.67465095132671,16.237757854133556,105.27734370419427,127.3238621310813,3337.4464737526279,0.0,0.0,62.35417524496806,76.86177632605711,978.158479366865,0.0,16.546398669653386,39.69170925250492,22.0,30.0,0.0,16.615740385736975,39.25471743549747,12.0,30.0,0.0,16.615730435815796,39.46975391077642,22.0,30.0,0.0,16.648506744703484,39.06504005446068,12.0,30.0,0.0,14.398889851929099,46.13749754549992,12.0,30.0,0.0,16.54963502249757,40.14126506411337,12.0,30.0,0.0,15.28191929245493,43.297290919612667,10.0,30.0,0.0,12.412365450841979,52.4734277582901,12.0,30.0,0.0,15.986077845795368,41.61055527070575,20.0,30.0,0.0,15.470026838581119,0.0,0.0,0.0,10.398454620752633,0.0,0.0,493.0451484884519,460.3211649747177,491.2945678910104,448.6633726698983,574.3816373404008,887.5390877839963,551.5742707674333,641.0103064324862,746.6447010486427,0.0,80.87618166287773,80.87618166287773,60.0,0.0,60.0,60.0,12.0,12.0,12.0,19.0,12.0,12.0,21.0,10.0,0.0,0.0,0.0,0.0,0.0,0.0,0.0,0.0,0.0,0.0,0.0,0.0,0.0,80.87618166287773,80.87618166287773,0.0,0.0,0.0,80.87618166287773,0.0,0.0,0.00117 
 03/26  05:30:00,2.85,97.0,3.39,0.0,0.0,0.0,0.0,0.0,2.0,2.0,0.0,0.0,0.0,0.0,0.0,734.0,0.0,0.0,0.0,0.0,0.0,0.0,0.0,0.0,0.0,0.0,0.0,16.75271825386922,-90.08252555922673,16.790292128844038,-11.402846800256157,16.677514303876064,-179.91267062729367,16.83912447308584,-7.3390569669527399,14.381394912249128,-4.933005846435634,16.307947765475029,-24.73853052531007,15.348030113983178,-41.57652289964517,12.903591975484025,-212.34235038383646,15.883194626931619,-100.46346108880823,219.1276784394031,678.2375275520535,0.0,0.0,0.0,0.0,0.0,0.0,0.0,0.0,0.0,0.0,0.0,0.0,0.0,0.0,0.0,0.0,0.0,0.0,0.0,0.0,0.0,0.0,1.618144745307583,0.4939391774443172,103.89987328773214,125.17764768224308,2923.468185083125,0.3092859451793902,0.04720481458781901,60.38602216031255,72.70789381280852,1702.590092243317,3.408765855957847,0.6441356492739698,91.29269296841243,110.01250786930244,2612.09064214457,0.3054214295084564,0.0577137999827015,47.617884991455238,57.32598036807322,1348.9512735420718,0.0,0.0,7.494911501046713,9.095120090358261,177.07539167339309,0.0,0.0,10.573322614825063,12.736187922875553,293.9712524625315,0.0,0.0,75.68545814255133,91.56844150862603,1919.0541468337338,0.0,0.0,52.65793915236204,64.34920504065086,1035.082873742691,0.0,0.0,27.629893476601717,33.3462221556126,738.1556896292174,23.140097330291505,15.871122997456455,101.92074243478648,123.20528403444048,3232.2904293288308,0.0,0.0,62.24648969818339,76.60333490484274,975.5157371764001,0.0,16.461497656669473,39.81105591053057,22.0,30.0,0.0,16.639797182199687,39.353872688811218,12.0,30.0,0.0,16.39782503160346,39.98782562294876,22.0,30.0,0.0,16.689784528991,39.093664022264189,12.0,30.0,0.0,14.353819647145305,46.17161000874118,12.0,30.0,0.0,16.49236295917176,40.193830002354719,12.0,30.0,0.0,15.235563749163198,43.334474854507039,10.0,30.0,0.0,12.350684969955765,52.602904794816918,12.0,30.0,0.0,15.93264832664182,41.662626735433168,20.0,30.0,0.0,15.515857838771125,0.0,0.0,0.0,10.353968535181302,0.0,0.0,490.9655669023265,481.6332002870579,497.72391718955978,468.7251697210066,574.996287355673,887.2006825947932,547.6958415695327,642.4644571341021,747.2676179198911,0.0,80.87618166287773,80.87618166287773,60.0,0.0,60.0,60.0,12.0,12.0,12.0,19.0,12.0,12.0,21.0,10.0,0.0,0.0,0.0,0.0,0.0,0.0,0.0,0.0,0.0,0.0,0.0,0.0,0.0,80.87618166287773,80.87618166287773,0.0,0.0,0.0,80.87618166287773,0.0,0.0,0.0011599999999999998 
 03/26  05:40:00,2.816666666666667,97.0,3.4733333333333338,0.0,0.0,0.0,0.0,0.0,2.0,2.0,0.0,0.0,0.0,0.0,0.0,1468.0,0.0,0.0,0.0,0.0,0.0,0.0,0.0,0.0,0.0,0.0,0.0,16.71324425365712,-70.06722830141803,16.71453422012202,-138.79106328161886,16.661870942044304,-24.147655247658578,16.737516433546245,-156.7678863169142,14.348069931365546,-5.559594014159018,16.26769373338496,-23.32686517907402,15.298663493184222,-51.246368659793919,12.852813832426918,-215.14537301788597,15.846147831676295,-100.97778473940025,233.197984839048,678.1332891497616,0.0,0.0,0.0,0.0,0.0,0.0,0.0,0.0,0.0,0.0,0.0,0.0,0.0,0.0,0.0,0.0,0.0,0.0,0.0,0.0,0.0,0.0,1.6484914622610539,0.5032025220577088,127.03514414368589,153.3821998465182,3573.4815784706695,0.304023917075115,0.04640169674528617,75.22204499587157,90.92202094154047,2103.8336890058669,3.5467848620463675,0.6702163382551716,134.19443293909999,162.16173017316573,3821.2243125225879,0.3041752661180188,0.05747831937226355,79.90220256099188,96.61997677233869,2230.3336220791045,0.0,0.0,7.255232994903266,8.822023454070774,171.4452535850445,0.0,0.0,10.651290294211983,12.856807068729669,296.0854681984489,0.0,0.0,74.1600973971748,89.90942884606648,1877.6799795284947,0.0,0.0,52.808739896318247,64.66938145781296,1036.89452526602,0.0,0.0,28.17505827217621,34.075719819010448,752.671567489152,22.555075745879628,15.469873625431849,166.2066015391477,201.36675528796429,4961.6514961080179,0.0,0.0,62.24895516304505,76.76778557162317,974.0411114850115,0.0,16.455041034989,39.80189506684373,22.0,30.0,0.0,16.52972810152852,39.328381135088708,12.0,30.0,0.0,16.447596301533655,39.78133690494228,22.0,30.0,0.0,16.519176416524176,39.26848333788844,12.0,30.0,0.0,14.324067055566094,46.19974834569314,12.0,30.0,0.0,16.45783122018687,40.22765445595426,12.0,30.0,0.0,15.184966544206564,43.416457723823899,10.0,30.0,0.0,12.307389334043908,52.66348062349948,12.0,30.0,0.0,15.899662900940264,41.692142105429429,20.0,30.0,0.0,15.560202554297387,0.0,0.0,0.0,10.309377450799249,0.0,0.0,490.7584363891348,455.68545679169059,487.2512078707411,447.3028616051016,574.645011011744,885.7051900867356,549.8505334838849,642.6758959365086,745.3615247446938,0.0,80.87618166287773,80.87618166287773,60.0,0.0,60.0,60.0,12.0,12.0,12.0,19.0,12.0,12.0,21.0,10.0,0.0,0.0,0.0,0.0,0.0,0.0,0.0,0.0,0.0,0.0,0.0,0.0,0.0,80.87618166287773,80.87618166287773,0.0,0.0,0.0,80.87618166287773,0.0,0.0,0.00115 
 03/26  05:50:00,2.7833333333333338,97.0,3.5566666666666668,0.0,0.0,0.0,0.0,0.0,2.0,2.0,0.0,0.0,0.0,0.0,0.0,1468.0,0.0,0.0,0.0,0.0,0.0,0.0,0.0,0.0,0.0,0.0,0.0,16.60433521822187,-72.98280689892909,16.670524532144264,-154.70712437540738,16.595288181771175,-75.8471490627503,16.700633378291,-137.34763803325428,14.310214221083364,-6.0817142232136949,16.221225057980388,-23.762841307108176,15.240991130285677,-62.83870875774846,12.79367918999396,-216.44256175396573,15.802461950704453,-103.19563323354038,268.6085078195574,673.0075626052226,0.0,0.0,0.0,0.0,0.0,0.0,0.0,0.0,0.0,0.0,0.0,0.0,0.0,0.0,0.0,0.0,0.0,0.0,0.0,0.0,0.0,0.0,1.6628679870515506,0.5075909606384466,190.28325342216758,229.7223301858304,5292.407834594791,0.30799992487027386,0.04700853554186109,126.79227917054026,152.97068429204925,3543.157210146068,3.590916417946761,0.678555634532646,116.13580472603835,140.16354638398307,3314.3066214781185,0.30749033883004009,0.05810475034581255,110.2652998471292,133.02688537753918,3083.5749720541177,0.0,0.0,7.087032053094793,8.620496059427403,167.43237064878236,0.0,0.0,10.708543284392695,12.928422115630753,297.4392855079623,0.0,0.0,72.52346284409788,87.9637528880869,1832.1415808174152,0.0,0.0,52.65527695835004,64.50046989282005,1031.2851865665203,0.0,0.0,28.807593559861965,34.84513125335793,768.9644678239347,21.874705536402958,15.003227391222883,222.83191235711656,269.5644884262565,6449.646348543828,0.0,0.0,61.895474122049638,76.353084146289,965.9989272654902,0.0,16.306924938267608,40.0350374822126,22.0,30.0,0.0,16.503096036614879,39.393657155526948,12.0,30.0,0.0,16.375353703483559,39.80322598325761,22.0,30.0,0.0,16.51035088301826,39.29165595383803,12.0,30.0,0.0,14.285448250031284,46.214459634463867,12.0,30.0,0.0,16.410614729492587,40.26204961483083,12.0,30.0,0.0,15.119058106993745,43.43452685819085,10.0,30.0,0.0,12.247569084369252,52.7167387739437,12.0,30.0,0.0,15.853420388441743,41.710149169395837,20.0,30.0,0.0,15.684295207834545,0.0,0.0,0.0,10.25460664776131,0.0,0.0,485.7716313816278,465.406173493234,482.4499737652721,458.41941924666016,574.3706898871341,885.0301008933045,547.027290272512,642.7741533026041,744.69260666132,0.0,80.87618166287773,80.87618166287773,60.0,0.0,60.0,60.0,12.0,12.0,12.0,19.0,12.0,12.0,21.0,10.0,0.0,0.0,0.0,0.0,0.0,0.0,0.0,0.0,0.0,0.0,0.0,0.0,0.0,80.87618166287773,80.87618166287773,0.0,0.0,0.0,80.87618166287773,0.0,0.0,0.0011133333333333334 
 03/26  06:00:00,2.75,97.0,3.64,0.0,0.0,0.0,0.0,0.0,2.0,2.0,0.0,0.0,0.0,0.0,0.0,1468.0,0.0,0.0,0.0,0.0,0.0,0.0,0.0,0.0,0.0,0.0,0.0,16.594973163171568,-61.24551534770035,16.590622581545586,-75.45436134355193,16.554271598673286,-59.41541186309689,16.61095090254585,-87.30823273347656,14.272226950299118,-5.926294457771945,16.175289856576656,-25.439910465562094,15.18338158664653,-50.08810544787775,12.735240820013228,-215.92294762268149,15.759163731236374,-105.63110225052555,127.31604507153659,670.8671195337348,0.0,0.0,0.0,0.0,0.0,0.0,0.0,0.0,0.0,0.0,0.0,0.0,0.0,0.0,0.0,0.0,0.0,0.0,0.0,0.0,0.0,0.0,1.685002557368845,0.514347544984385,61.85087337688397,74.73923198346253,1760.4853975936013,0.3169445366109197,0.04837370827394989,36.658675121894969,44.340541315839427,1026.833262087129,3.686647725728852,0.6966454508179996,66.37951267770134,80.29398251971527,1942.2419703948297,0.31804631000561919,0.06009945389372998,45.21462169887534,54.70319636430335,1261.9402899825309,0.0,0.0,7.218928878424593,8.781940891572738,170.49937964993925,0.0,0.0,10.681760608906714,12.899595021624997,296.48435824773687,0.0,0.0,73.93391893686212,89.69331694966289,1863.789460496489,0.0,0.0,52.66580287711117,64.53178853435287,1029.0527384646908,0.0,0.0,28.66701814064568,34.68619787868609,764.6996626666314,21.232124677120536,14.562499778546325,72.74960828998117,88.26472310957148,2432.1328513893938,0.0,0.0,61.767805133534867,76.21568616511144,961.8434794407363,0.0,16.352264739862095,39.81799815335268,22.0,30.0,0.0,16.413243644063468,39.496563473157788,12.0,30.0,0.0,16.357985382385146,39.7967944528869,22.0,30.0,0.0,16.39818692844748,39.513133958542677,12.0,30.0,0.0,14.246790355918208,46.216348177531077,12.0,30.0,0.0,16.364449164166559,40.28376965009159,12.0,30.0,0.0,15.057191472341487,43.48518501429181,10.0,30.0,0.0,12.189284078753932,52.76640150901255,12.0,30.0,0.0,15.80823274756632,41.71244448597043,20.0,30.0,0.0,15.212806574276704,0.0,0.0,0.0,10.20257367278058,0.0,0.0,491.90869670275569,463.14682905212569,493.53835179017,461.6733308185944,572.9034009519885,882.2532315908193,548.0440400096602,644.0003554566879,741.6050585748733,0.0,80.87618166287773,80.87618166287773,60.0,0.0,60.0,60.0,12.0,12.0,12.0,19.0,12.0,12.0,21.0,10.0,0.0,0.0,0.0,0.0,0.0,0.0,0.0,0.0,0.0,0.0,0.0,0.0,0.0,80.87618166287773,80.87618166287773,0.0,0.0,0.0,80.87618166287773,0.0,0.0,0.0010766666666666668 
 03/26  06:10:00,2.7150000000000005,96.83333333333334,3.736666666666667,16.0,120.66666666666669,0.0,0.0,0.0,2.0,2.0,0.0,0.0,0.0,0.0,0.0,7350.0,0.0,27.309173337475689,63.2502660935633,162.0753857768918,0.818871198504523,21.795366262943025,0.0,63.25026609356321,86.4679090532648,0.0,0.0,17.779775220774455,-889.3696994993817,16.784165420264224,788.6426646451874,18.061838300995747,-2455.3830028926638,16.99237380478787,901.866088360093,14.242480563055782,-0.036644411060757779,17.202356815579088,-101.26818527150127,15.294133349400966,202.6761398390858,13.837234992330302,-314.83269318690688,17.387758753493004,-270.6460394551335,514.6121960110347,805.3365309538743,0.0,0.0,0.0,0.0,0.0,0.0,0.0,0.0,0.0,0.0,0.0,0.0,0.0,0.0,0.0,0.0,0.0,0.0,0.0,0.0,0.0,0.0,1.6364784969918787,0.49953556074233176,381.892226529496,458.5032566463949,12131.61912791343,0.40720126561703026,0.062149155313954557,335.3956614710447,404.65612426856736,9695.800341572409,3.2542027570062106,0.6149287144758526,497.4362002875394,596.3806656911329,16240.029295710183,0.38235014523607888,0.07225059433788336,338.81259950352009,408.4396723153086,9965.303419202435,0.0,0.0,11.121667488657185,13.547094110915652,262.8799382951546,0.0,0.0,18.00620470186478,21.6542882263553,554.3186090798458,0.0,0.0,79.88367466987303,96.9645091035598,2062.0231152252215,0.0,0.0,43.662507823586739,53.30077059367185,993.5620510820667,0.0,0.0,45.03583190726378,54.10187882881341,1412.988496344017,22.481908715595315,15.4196904770887,666.26582862427,804.9561928876904,19350.204527447255,0.0,0.0,55.84737729818002,68.99473568182379,885.9559183744846,2080.5472825253066,18.153547899603898,35.41472945483441,21.999999999999998,30.0,0.0,16.837354550602247,38.45209511048687,15.999999999999999,30.0,4675.438079976195,18.55712009565528,34.52244531185592,21.999999999999998,30.0,0.0,17.074514519571566,37.86678163310626,15.999999999999999,30.0,0.0,14.222180108203448,46.16012520019946,12.0,30.0,1903.5322592777453,17.75870815824881,36.827920148740968,20.0,30.0,0.0,15.327725933227406,42.57280022774562,10.0,30.0,1484.2798963767933,13.875991902355196,47.25264141903326,16.999999999999998,30.0,3151.0185392443725,17.980246653345565,36.32762229887577,20.0,30.0,0.0,16.39010810182347,0.0,0.0,0.0,10.31416261879708,0.0,0.0,481.70358966202238,480.9580828478157,480.13219801614886,476.55780381215029,570.1538371799935,855.7027778748412,532.8585667428548,648.5738484447506,723.3448117416332,12745.825166664303,79.57611369680227,87.85932359751617,60.0,0.0,60.0,60.0,16.0,16.0,19.0,19.0,16.0,12.0,21.0,10.0,1.0,0.0,2080.5472825253066,0.0,4675.438079976195,0.0,1903.5322592777453,0.0,1484.2798963767933,3151.0185392443725,12532.973667178392,7519784.200307035,9803542.034785508,79.57611369680227,87.99999999999999,0.4177657889059464,0.7670505396517422,0.3602813740196596,87.99999999999999,0.3542647819438876,9803542.034785508,0.5108241858088464 
 03/26  06:20:00,2.68,96.66666666666667,3.833333333333334,20.0,150.83333333333335,0.0,0.0,0.0,2.0,2.0,0.0,0.0,0.0,0.0,0.0,4410.0,0.0,35.6354212723065,76.4767102947718,195.96746794351766,1.0685385639967702,28.440552615935319,0.0,76.47671029477175,104.54946103593017,0.0,0.0,18.651448682274613,-1345.3543460042614,17.438206461063456,1053.4550133026649,19.046583948287198,-3354.9643600091569,17.87291520343907,965.6635206376278,14.218238618193709,10.882115792923809,18.26128050176648,-194.87146370603007,15.572172844913528,114.83709854709719,15.228332311804899,-229.91453605611143,18.35393574980219,-391.3193468366626,831.1011183068519,1084.0284851484128,0.0,0.0,0.0,0.0,0.0,0.0,0.0,0.0,0.0,0.0,0.0,0.0,0.0,0.0,0.0,0.0,0.0,0.0,0.0,0.0,0.0,0.0,1.6926083572605296,0.5166692177229945,460.2929844515245,550.5115965095602,15726.126256468438,0.45123067231910599,0.06886915023185379,411.08041892770566,494.3408776196161,12759.073922407715,3.2487480440844846,0.6138979675140752,577.6664635631868,689.8154400245251,20281.482736689737,0.40080867272468748,0.07573860028811175,385.8042187845024,463.1782800598031,12340.556730292685,0.0,0.0,13.69593020209652,16.684870795717669,324.41452844656706,0.0,0.0,22.83685675433124,27.302740840838835,781.6915366099001,0.0,0.0,92.03171239708351,111.4973277453526,2464.66332309111,0.0,0.0,25.671046122501737,31.100440508932633,699.4124236223579,0.0,0.0,59.94370397832154,71.64856769000463,2062.208099040066,23.873007771329719,16.373805055781707,785.0766562723056,945.9725443782702,24175.368178462555,0.0,0.0,60.264296291759318,74.28819547571118,1027.4259810399572,2037.4601814104904,19.585479063780729,32.32063580024734,22.0,30.0,0.0,17.99086989250361,35.725788874413129,16.0,30.0,4447.049597882788,20.047619687899368,31.39560446878547,22.0,30.0,0.0,18.49466980380216,34.59519715300394,16.0,30.0,0.0,14.209634178390664,45.99198387204678,12.0,30.0,1568.5681978147644,19.652805694338189,32.552819040146797,20.0,30.0,0.0,15.788408878917057,41.25964818817873,10.0,30.0,1369.3592109220447,16.213414281249184,40.542170192207048,17.0,30.0,911.4102437280892,19.751153115929367,32.28791544866103,19.5,30.0,0.0,17.419592115210457,0.0,0.0,0.0,10.85011022672629,0.0,0.0,483.1979796165967,485.45565972476416,480.1832229235753,479.7838868515592,568.3744510293851,783.5113179983392,550.6006994358628,662.5839035343026,674.5287169923175,11298.265204347632,80.53394026952377,86.77890849054605,60.0,0.0,60.0,60.0,16.0,16.0,19.0,19.0,16.0,12.0,21.0,10.0,1.0,0.0,2037.4601814104904,0.0,4447.049597882788,0.0,1568.5681978147644,0.0,1369.3592109220447,911.4102437280892,9450.208666089551,5670125.199653731,7416308.41103146,80.53394026952377,86.88496878281072,0.371673622202985,0.7641430330101555,0.36028137401965956,86.88496878281072,0.3542647819438875,7416308.41103146,0.386678037373636 
 03/26  06:30:00,2.645,96.5,3.9299999999999999,24.0,181.0,0.0,0.0,0.0,2.0,2.0,0.0,0.0,0.0,0.0,0.0,2940.0,0.0,44.24299963820055,87.45080892748374,224.08805270710384,1.3266431461683488,35.31028386913109,0.0,87.45080892748362,119.55188586543543,0.0,0.0,19.12183449168042,-1233.416655818317,17.95087059904152,931.3699846959207,19.604666066772887,-3266.640627605394,18.470208460422609,834.7360353151735,14.200565376024029,13.839853811304096,18.07248771631363,-171.96999379103603,15.669820889181367,190.73689494968733,15.289947988963086,-120.63821758938967,18.30078231187956,-290.2260131679355,970.3499755628573,960.5401828094832,0.0,0.0,0.0,0.0,0.0,0.0,0.0,0.0,0.0,0.0,0.0,0.0,0.0,0.0,0.0,0.0,0.0,0.0,0.0,0.0,0.0,0.0,1.7845402255515018,0.5447314485810444,453.9022197605107,541.5111139519332,16120.83520236794,0.459779286872726,0.07017388383283364,400.6887505314794,480.4008176441316,13089.970986074808,3.3975732780975647,0.6420206496783003,567.0010919175367,675.2812986189142,20717.964865051523,0.40116967145526657,0.07580681622359534,365.6994538466332,437.60980851958956,12338.820157945382,0.0,0.0,14.221207455700537,17.321960078868274,337.73048743073977,0.0,0.0,22.772749099150745,27.255471754338136,765.1793775615208,0.0,0.0,95.86235349996116,116.06913622911755,2604.0597330698399,0.0,0.0,18.508648891950928,22.382662359896995,513.9924562705875,0.0,0.0,53.787599121031139,64.34617536559664,1822.5021420216918,24.576226116216124,16.85612216475729,755.2535630036082,907.530601611655,24462.119239224525,0.0,0.0,53.522270052239978,65.98193674504577,908.3710552551609,1880.139215096492,20.255577380729635,30.986652025513416,22.0,30.0,0.0,18.80917958961107,33.91416183004672,16.0,30.0,4239.221886161493,20.756689748338638,30.03048546312758,22.0,30.0,0.0,19.372861614130338,32.72294360973654,16.0,30.0,0.0,14.203373210482237,45.8768619614139,12.0,30.0,62.65535456792584,19.29802094628915,33.22114388965054,19.0,30.0,0.0,15.951853741895082,40.78152386961365,10.0,30.0,94.18614289716575,16.267422198546205,40.239621386248817,16.0,30.0,1297.9710094767348,19.4477887979716,32.839285732434387,19.5,30.0,0.0,18.162216542259509,0.0,0.0,0.0,10.7748330930407,0.0,0.0,485.8272005254187,488.13212487611966,481.902788034276,481.10764705400279,577.6936988293403,749.3213950080989,553.5916932128353,637.1750549720193,667.2307243351329,11191.05300382616,80.60486138675396,87.87650337878066,60.0,0.0,60.0,60.0,16.0,16.0,19.0,19.0,16.0,12.0,21.0,10.0,1.0,0.0,1880.139215096492,0.0,4239.221886161493,0.0,62.65535456792584,0.0,94.18614289716575,1297.9710094767348,11004.165738267182,6602499.44296031,8639415.54604493,80.60486138675396,88.0,0.3668055246089061,0.7642803860067708,0.36028137401965956,88.0,0.3542647819438875,8639415.54604493,0.4502696083943364 
 03/26  06:40:00,2.6100000000000005,96.33333333333334,4.026666666666666,33.166666666666667,200.0,0.0,0.0,0.0,2.0,2.0,0.0,0.0,0.0,0.0,0.0,2940.0,0.0,60.67924851848516,93.59070807871272,239.82131351533566,1.8194921897153825,48.42805444537374,0.0,93.59070807871263,127.94559350010914,0.0,0.0,19.65914929751682,-1138.914890603207,18.388004680291404,1115.4607099805149,20.194733663502399,-3105.831710408118,18.969112864735377,969.9988911872847,14.189792224771339,23.982351802384075,18.45544054786992,-170.67883494490818,15.984551477707499,363.1041614138211,15.639149250393914,-120.47756114374713,18.165848175896785,-199.5525260034662,1161.499001652519,847.3942963811044,0.0,0.0,0.0,0.0,0.0,0.0,0.0,0.0,0.0,0.0,0.0,0.0,0.0,0.0,0.0,0.0,0.0,0.0,0.0,0.0,0.0,0.0,1.8852165211921499,0.5754629185568223,463.333559720649,551.2558432314559,17191.170198643016,0.47775169668487718,0.072916925623455,404.3422804264745,483.61328439237885,13778.408000255857,3.5772356308404125,0.6759704517839028,567.0989443953845,673.5760233875881,21632.631071196665,0.4142901181330565,0.07828611453761458,362.17126679916756,432.27796055416817,12760.421983133665,0.0,0.0,14.889494353750138,18.137456134474836,354.7661357152989,0.0,0.0,22.466592269169696,26.843005397001403,779.0708475939641,0.0,0.0,94.65243156208033,114.38699507402645,2681.36645140578,0.0,0.0,17.983227620263187,21.711955130016415,519.5474640658388,0.0,0.0,46.74837751028771,55.95972888386969,1578.1018431550793,25.45421158002591,17.458306982185129,757.5152892222915,907.7225714589522,25821.507793333607,0.0,0.0,45.65100269933096,56.309322357725068,770.8700671086372,1890.3572152661539,21.050544231249213,29.456894873608975,22.0,30.0,0.0,19.502441470447889,32.43220375202755,16.0,30.0,4255.914774396388,21.562415602607254,28.536786603548526,22.0,30.0,0.0,20.114430519258993,31.207670769574919,16.0,30.0,0.0,14.206100666642552,45.74494377450829,12.0,30.0,1364.6114599478568,19.826758491032508,32.06009696932046,20.0,30.0,0.0,16.513794001788587,39.237924367178418,10.0,30.0,794.1245289488388,16.79972380114561,38.792852683550339,16.75,30.0,16.973173384771884,19.312581006668255,33.06091932672366,19.0,30.0,0.0,18.963297617716124,0.0,0.0,0.0,10.686622686766113,0.0,0.0,488.9245819028869,491.7646555438746,485.94418056510616,485.4554434896595,577.5140347647334,730.489577978571,536.4441117823052,627.3245006971686,662.193746664658,10769.695981398017,80.8835929693634,84.58987620127363,60.0,0.0,60.0,60.0,16.0,16.0,19.0,19.0,16.0,12.0,21.0,10.0,1.0,0.0,1890.3572152661539,0.0,4255.914774396388,0.0,1364.6114599478568,0.0,794.1245289488388,16.973173384771884,5608.609303653668,3365165.582192201,4381888.706895093,80.8835929693634,84.6528211945674,0.3569536434551223,0.767538357011412,0.36028137401965956,84.6528211945674,0.3542647819438875,4381888.706895093,0.22886821275854486 
 03/26  06:50:00,2.575,96.16666666666666,4.123333333333333,42.33333333333333,219.0,0.0,0.0,0.0,2.0,2.0,0.0,0.0,0.0,0.0,0.0,2940.0,0.0,77.12423322883527,95.39778134662905,244.4519586812161,2.3126041916277408,61.552808087116328,0.0,95.39778134662893,130.415999660166,0.0,0.0,20.020098704671406,-1118.4607624142464,18.78529592882825,1099.0283135839482,20.209936468488807,-2600.2370633340044,19.388021342464037,923.4695366610054,14.18745022167114,34.15896544728204,18.24505608203695,-105.69372717123625,16.52983556859929,585.4704530311492,15.662074627665039,-468.01183225426908,18.86530357573652,-243.05574187072717,1265.367728446834,959.1243362204536,0.0,0.0,0.0,0.0,0.0,0.0,0.0,0.0,0.0,0.0,0.0,0.0,0.0,0.0,0.0,0.0,0.0,0.0,0.0,0.0,0.0,0.0,1.981673521891837,0.6049064474639307,465.7403530935587,553.2737716569675,17748.5169906299,0.4920424755379363,0.07509805792703546,404.26288986258779,482.636498254849,14245.196261248428,3.8074830316596288,0.719479030925856,549.4331978845535,652.3027597247909,21187.41382693195,0.4285726027809821,0.0809849967462173,352.60031876751045,420.10454014568207,12825.566228247793,0.0,0.0,15.042143785628756,18.323535127211949,359.8861258622051,0.0,0.0,20.895872631789563,25.005446139466245,707.9306540398509,0.0,0.0,90.84388759155449,109.43999965664755,2747.0810101860586,0.0,0.0,38.75539118299619,46.83702012337673,1104.6999868469357,0.0,0.0,45.922487194807988,54.80893463086855,1622.7810037709308,25.925038513357685,17.781233548256304,748.5735239027166,895.542645345248,26363.581553485146,0.0,0.0,51.90866130736002,64.01355437677386,885.3159373058961,1858.6857305051804,21.546225303910697,28.524137577431735,22.0,30.0,0.0,20.0833084357515,31.229971586097464,16.0,30.0,3023.0610453644196,21.72444033994151,28.21783159763592,21.75,30.0,0.0,20.686134184851786,30.073790372807208,16.0,30.0,0.0,14.219087174023365,45.590426821311599,12.0,30.0,0.0,19.373569681097199,32.91194832931571,19.0,30.0,0.0,17.476209893064536,36.82539296262476,10.0,30.0,964.352210363116,16.600235386188918,39.23268414798753,16.5,30.0,1467.9503181086143,20.13106582367301,31.35311673630702,19.75,30.0,0.0,19.48365865428422,0.0,0.0,0.0,10.754528416605904,0.0,0.0,490.81380869723986,494.63777801919408,489.9901858976505,489.4620725177863,569.6923963629229,717.2090974772705,517.7884864910844,647.0417630087285,660.9730446556499,10184.757974611493,81.2704207021238,84.97121302632169,60.0,0.0,60.0,60.0,16.0,16.0,19.0,19.0,16.0,12.0,21.0,10.0,1.0,0.0,1858.6857305051804,0.0,3023.0610453644196,0.0,0.0,0.0,964.352210363116,1467.9503181086143,5600.344393062531,3360206.6358375188,4374056.358398868,81.2704207021238,85.03406476577395,0.35667814643541775,0.7678796400472734,0.36028137401965956,85.03406476577395,0.3542647819438875,4374056.358398868,0.22845093063674114 
 03/26  07:00:00,2.54,96.0,4.22,51.5,238.0,0.0,0.0,0.0,2.0,2.0,0.0,0.0,0.0,0.0,0.0,2205.0,0.0,93.58161403372864,95.74674771016898,245.3462937404205,2.806088881759521,74.68746577947036,0.0,95.74674771016888,130.89306313592409,0.0,0.0,20.137437360141328,-1208.7304248354618,18.995313358516936,868.438072888225,20.54449726374915,-2350.167122762378,19.546903087292106,667.2717226837691,14.188802503818856,34.58461231281852,18.484113144343824,-87.23541357446223,16.93424371325361,492.41148146763876,15.85041127813765,-465.6180496315519,18.31089849605187,-122.41824514071297,1234.5294415872884,876.8604500515137,0.0,0.0,0.0,0.0,0.0,0.0,0.0,0.0,0.0,0.0,0.0,0.0,0.0,0.0,0.0,0.0,0.0,0.0,0.0,0.0,0.0,0.0,2.0294003845403276,0.6194750868560224,440.8402732616198,523.4897535273553,16868.283159517785,0.48435518309024569,0.07392478374393256,376.92527808881746,449.5419873347539,13470.262729744674,4.0596106388906849,0.767122191778286,478.03884330306939,566.9343247775346,18675.576186218506,0.43171518402211137,0.08157883295958268,320.97506141724298,382.15554448324078,11758.403530713233,0.0,0.0,14.373310277243317,17.50467986587175,345.34209903740006,0.0,0.0,18.22912261008473,21.799163142953103,625.5288431695302,0.0,0.0,94.2204016182182,113.2160302537701,2969.6684961645098,0.0,0.0,38.1606771344368,46.06142124470258,1107.0216930896586,0.0,0.0,34.96667430578544,41.85556569755288,1185.4613714605374,25.67261979107353,17.608106852588173,690.645871121116,825.7578887308965,24544.938009448146,0.0,0.0,51.53335961285422,63.52230104087408,883.8448103723217,1835.297157771195,21.585038753857089,28.432678045881678,22.000000000000019,30.00000000000002,0.0,20.305513551979453,30.77870484931828,16.000000000000015,30.00000000000002,3648.756437502872,21.925359181871714,27.83750073865533,22.000000000000019,30.00000000000002,0.0,20.7782156351529,29.88038292533111,16.000000000000015,30.00000000000002,0.0,14.233202841305655,45.465564062683167,12.00000000000001,30.00000000000002,1276.7994318916472,19.60378296713867,32.38735029879932,19.666666666666683,30.00000000000002,0.0,18.088364635260239,35.39640489377181,10.000000000000007,30.00000000000002,896.5456506833159,16.784476967278957,38.72123617967661,16.333333333333348,30.00000000000002,0.0,19.299310017817697,32.98495560039135,19.000000000000015,30.00000000000002,0.0,19.56205787973392,0.0,0.0,0.0,10.765320014215425,0.0,0.0,492.1741141802389,496.0471648378053,491.3251264227174,492.2099783131884,564.7238020920058,716.1970031994208,518.9449398637424,647.2829681387087,668.3369609593037,11443.940260099658,80.43744085531789,87.87370750556774,60.00000000000004,0.0,60.00000000000004,60.00000000000004,16.0,16.0,19.0,19.0,16.0,12.0,21.0,10.0,1.0,0.0,1835.297157771195,0.0,3648.756437502872,0.0,1276.7994318916472,0.0,896.5456506833159,0.0,11252.829852374924,6751697.91142495,8840744.688226928,80.43744085531789,88.00000000000007,0.37509432841249748,0.7638731167217676,0.3602813740196598,88.00000000000007,0.3542647819438878,8840744.688226928,0.46070872378780028 
 03/26  07:10:00,2.7316666666666666,95.33333333333333,4.359999999999999,60.66666666666667,257.0,0.0,0.0,0.0,2.0,2.0,0.0,0.0,0.0,0.0,0.0,2940.0,0.0,110.04605388063469,94.67666751176469,242.60440845157167,3.29978620626622,87.82776780633363,0.0,94.67666751176459,129.43018237683845,0.0,0.0,20.132374835527405,-1232.6420995440954,19.07324041293234,667.5934471233813,20.48302866512566,-1415.040102747078,19.553642906446947,492.95710861804107,14.186248038456343,33.78476351666144,18.523947193044376,-67.10841200447323,17.11953918697401,391.35661756821789,15.798306394700843,-498.53989459904349,18.85831154044132,-140.61352013702945,1140.9900764363902,947.7635037897694,0.0,0.0,0.0,0.0,0.0,0.0,0.0,0.0,0.0,0.0,0.0,0.0,0.0,0.0,0.0,0.0,0.0,0.0,0.0,0.0,0.0,0.0,2.0806594770830149,0.6351219405015308,433.69077250747167,515.511459369725,16315.053706974702,0.46367134082755809,0.07076790916171522,322.1560363099232,384.37312629416058,11399.51787134893,4.27632362101107,0.8080732466007315,371.8245752694852,441.6262486197956,14153.75953300629,0.42899453688275565,0.08106472730210798,254.38260949121418,303.03350298731257,9179.742360638498,0.0,0.0,13.729735204623946,16.725432375259034,324.5854473887643,0.0,0.0,16.34358144781394,19.538506014405838,556.4310870233896,0.0,0.0,94.13675498740511,113.08389075155688,2970.544361208118,0.0,0.0,42.69789968813805,51.58703005615526,1203.567041448955,0.0,0.0,32.124626148957187,38.336436592574539,1118.222256112298,24.730893281938223,16.962203897076976,585.2117247925717,700.0821151785749,20604.68011759148,0.0,0.0,56.11920433218298,69.15501307543286,956.4125822591706,1834.6550596752618,21.46111115564895,28.62345444014123,22.0,30.0,0.0,20.317826736916517,30.73605793634095,16.0,30.0,2189.040339016368,21.49674695942882,28.568587372487284,21.5,30.0,0.0,20.65361291508696,30.091743738272219,16.0,30.0,0.0,14.237183632840614,45.39704887089073,12.0,30.0,0.0,19.627728399773767,33.80981264763677,19.0,30.0,0.0,18.31265947661191,34.8696908382554,10.0,30.0,672.660511771058,16.56150456828536,39.20064987923588,16.25,30.0,1492.6697334696169,19.924356429140077,32.79928851290216,19.75,30.0,0.0,19.48653449015724,0.0,0.0,0.0,10.900755177033468,0.0,0.0,494.38341646907937,497.7033510243392,494.8292462268803,496.808350461826,560.8025806659011,759.8377410234159,522.3408175249407,619.7186860522252,711.8083666239839,10661.946066798766,80.9548400131616,86.42592129443537,60.0,0.0,60.0,60.0,16.0,16.0,19.0,19.0,16.0,12.0,21.0,10.0,1.0,0.0,1834.6550596752618,0.0,2189.040339016368,0.0,0.0,0.0,672.660511771058,1492.6697334696169,8279.403116889762,4967641.870133857,6477512.618652241,80.9548400131616,86.51883841733479,0.3609801038963254,0.767391435102172,0.36028137401965956,86.51883841733479,0.3542647819438875,6477512.618652241,0.33781065616991659 
 03/26  07:20:00,2.923333333333334,94.66666666666666,4.5,69.83333333333334,276.0,0.0,0.0,0.0,2.0,2.0,0.0,0.0,0.0,0.0,0.0,2940.0,0.0,126.50951789290255,92.2815362663022,236.46716083650649,3.7934552146471467,100.96730130649915,0.0,92.28153626630209,126.15585637800501,0.0,0.0,20.199963529884785,-1292.4790338327144,19.077922958246984,688.5592265002965,20.614086415186976,-1380.1741034596603,19.534394729152049,513.5457659985102,14.18508321157044,35.220024112426347,18.499351945565296,-56.5390041814299,17.18718276856938,396.735112378283,15.860043390524482,-452.7525476105368,18.64113736181874,-108.88813083131655,1086.3314581327159,882.4084814021926,0.0,0.0,0.0,0.0,0.0,0.0,0.0,0.0,0.0,0.0,0.0,0.0,0.0,0.0,0.0,0.0,0.0,0.0,0.0,0.0,0.0,0.0,2.0825873328611887,0.6357104190662969,446.5766707177932,530.8363602931058,16613.09574147231,0.46160478936881407,0.07045250142991667,321.6504784068363,383.8142004054289,11207.71280600405,4.333841887130462,0.8189421555424157,367.62953292584566,436.30624296556439,13923.813910600838,0.4316682365768223,0.08156996156024607,254.13006126287463,302.71361107861346,9015.114188015858,0.0,0.0,13.535538839036905,16.488866900068115,314.8109671442888,0.0,0.0,15.788718052312954,18.883346850304624,525.9579416852447,0.0,0.0,91.72761018625124,110.16900781833172,2866.311853242615,0.0,0.0,39.712534117525027,47.972587947279347,1108.9524023510247,0.0,0.0,31.607244476331038,37.77034623986908,1068.605729812891,23.846951138921538,16.35593356578981,587.2517416254746,702.3697849374275,20401.287041094198,0.0,0.0,53.149755276946319,65.47377344404343,895.7207408337195,1864.1038847431997,21.452881996045034,28.63463438203675,22.0,30.0,0.0,20.23935097326746,30.907347051888775,16.0,30.0,2143.573925720992,21.66426470863974,28.266076653546724,21.5,30.0,0.0,20.535831718066875,30.313255511124049,16.0,30.0,0.0,14.242090594945637,45.44654562643662,12.0,30.0,893.0556372880182,19.43657786867107,35.74642369519712,19.25,30.0,0.0,18.355979167101027,34.8063622233756,10.0,30.0,476.5190876191499,16.64675172913324,39.411718540150108,16.5,30.0,0.0,19.71209254037898,34.38177746043876,19.0,30.0,0.0,19.497726225200159,0.0,0.0,0.0,11.012437594254948,0.0,0.0,499.3085474079542,504.0658387738385,498.95359728496819,501.13996697850288,558.9564411431576,803.3998045553872,521.8271390660276,615.6106882427264,731.5049243740077,10343.279982885466,81.16565651034074,86.39658530572744,60.0,0.0,60.0,60.0,16.0,16.0,19.0,19.0,16.0,12.0,21.0,10.0,1.0,0.0,1864.1038847431997,0.0,2143.573925720992,0.0,893.0556372880182,0.0,476.5190876191499,0.0,7916.369006935984,4749821.40416159,6205764.545086931,81.16565651034074,86.48542384216495,0.3488789668978661,0.7662011223963038,0.36028137401965956,86.48542384216495,0.3542647819438875,6205764.545086931,0.3236730896778538 
 03/26  07:30:00,3.115,94.0,4.64,79.0,295.0,0.0,0.0,0.0,2.0,2.0,0.0,0.0,0.0,0.0,0.0,2940.0,0.0,142.96302873940639,88.72784016007944,227.36116215937825,4.28682669365574,114.09890121552337,0.0,88.72784016007931,121.29768437820242,0.0,0.0,20.27503807387872,-1316.5905079917057,19.127389987312467,692.4716255519347,20.655738087314626,-1367.912994571781,19.573253825981419,505.7115958786741,14.18398943194856,35.711855120181727,18.548195466944315,-56.451746901944407,17.23153554743979,360.85396716087987,15.856270852327337,-496.54332735185087,18.871373521851007,-123.55461815586833,1042.5221478112354,930.554872067817,0.0,0.0,0.0,0.0,0.0,0.0,0.0,0.0,0.0,0.0,0.0,0.0,0.0,0.0,0.0,0.0,0.0,0.0,0.0,0.0,0.0,0.0,2.0983587704036239,0.6405246551903614,441.6844299686443,524.9456876139975,16294.747766197986,0.46379900607264115,0.07078739408923096,318.3930197591569,379.90994223545507,10977.734771968222,4.411712517268801,0.8336569382594109,359.7918995898982,426.9784416118125,13499.815577699283,0.43557792908558659,0.08230875455132018,253.17998860702697,301.5751458250545,8885.378637651818,0.0,0.0,13.350118498373539,16.262608223066715,305.33551885441639,0.0,0.0,15.275703344933382,18.260345488974456,505.67271322403146,0.0,0.0,97.19277243873327,116.74351954923873,2999.734929610743,0.0,0.0,45.78469367413314,55.33949464055843,1251.0469987764423,0.0,0.0,28.050847641820348,33.49512689349183,944.7831035706454,23.031332349510448,15.796524245206073,583.987939508495,698.3729987697093,20073.170312226295,0.0,0.0,58.87710886130947,72.49937471540894,987.7873138124024,1858.050453379285,21.48699920033581,28.625408469056528,22.0,30.0,0.0,20.247390676958785,30.941061837898,16.0,30.0,2098.5564513158667,21.664949898284158,28.31588109294879,21.5,30.0,0.0,20.5345355447574,30.38424941563883,16.0,30.0,0.0,14.245001349393583,45.609317269322847,12.0,30.0,0.0,19.53942298899488,36.5958754467373,19.0,30.0,0.0,18.357193187017495,34.95703027158397,10.0,30.0,1161.100768611895,16.551507957010096,40.07287940622962,16.75,30.0,1459.0693291677777,19.74436531594887,35.064985730855259,19.25,30.0,0.0,19.532009580122005,0.0,0.0,0.0,11.171331763316794,0.0,0.0,504.87113817697436,508.9119468080547,504.1401791970717,507.9909440619988,559.5236391897336,836.360766202748,529.4466955706921,611.6895808611141,755.1395305360685,9670.47801482447,81.61053260315721,85.18300014695655,60.0,0.0,60.0,60.0,16.0,16.0,19.0,19.0,16.0,12.0,21.0,10.0,1.0,0.0,1858.050453379285,0.0,2098.5564513158667,0.0,0.0,0.0,1161.100768611895,1459.0693291677777,5406.359288689324,3243815.5732135947,4232196.626399072,81.61053260315721,85.24367250562858,0.3502119762896442,0.7669258826757048,0.36028137401965956,85.24367250562858,0.3542647819438875,4232196.626399072,0.2210408912394184 
 03/26  07:40:00,3.3066666666666668,93.33333333333333,4.779999999999999,91.83333333333334,276.3333333333333,0.0,0.0,0.0,2.0,2.0,0.0,0.0,0.0,0.0,0.0,2940.0,0.0,155.98543102022959,76.68404784654888,196.4997324096736,4.6773127572062329,124.49211229306366,0.0,76.68404784654877,104.83290718845481,0.0,0.0,20.342803618676507,-1320.4920008561977,19.18784419520631,687.5738571923985,20.69020121851353,-1291.75678493296,19.604873728713334,493.02190614837959,14.186136328506763,39.426726303680798,18.5568111901417,-60.61932387863436,17.280832238312408,359.4806175561705,15.925856868508366,-470.8114873385184,18.960672097256336,-162.67268249793023,1005.5031701128773,961.768004899041,0.0,0.0,0.0,0.0,0.0,0.0,0.0,0.0,0.0,0.0,0.0,0.0,0.0,0.0,0.0,0.0,0.0,0.0,0.0,0.0,0.0,0.0,2.0886698039937268,0.6375670952361804,444.7270220303788,528.5199606467389,16257.58737217786,0.4618997342434859,0.07049751743642947,319.3642151220116,381.0341264284432,10908.037834996612,4.447211719979946,0.8403650264512375,360.8356406631308,428.2386526361993,13397.743903311453,0.4363519563010194,0.08245501819747153,232.67919700202777,277.0608902222213,8089.442702624923,0.0,0.0,13.612754529499352,16.582304225043953,306.21504301796088,0.0,0.0,16.725215340623053,20.00200479978013,543.4112106932897,0.0,0.0,91.04289169898515,109.33340852119687,2779.878378732166,0.0,0.0,44.266588400213077,53.47862958047609,1197.611882173604,0.0,0.0,38.24730850725837,45.64615379178752,1290.3632947477248,22.15768384309762,15.19731402132896,583.9388728179496,698.2025790396349,19871.6702091494,0.0,0.0,57.515641569315189,70.7628350026046,962.8890573139358,1851.4749341810914,21.518385690908756,28.642688945919006,22.0,30.0,0.0,20.280230979759059,30.971114476168699,16.0,30.0,2007.7145249320907,21.670353242552947,28.38495518460906,21.5,30.0,0.0,20.5471525736535,30.39909270466181,16.0,30.0,0.0,14.253089841287581,45.88956624543019,12.0,30.0,887.4638675506128,19.413366382424294,37.43100694554027,19.5,30.0,0.0,18.386523082350359,35.0667762508382,10.0,30.0,676.5122450001516,16.58738572909607,40.671208734226258,16.25,30.0,0.0,20.07093254329724,34.68292065522054,19.0,30.0,0.0,19.58886707296831,0.0,0.0,0.0,11.348221721112337,0.0,0.0,509.4413208905501,514.7514185840627,508.8675096050935,509.3760830108482,565.4829540889156,850.5561507758414,535.5171877675373,634.098704072095,751.0732408501137,10362.728975646782,81.15269387043647,84.9596733012715,60.0,0.0,60.0,60.0,16.0,16.0,19.0,19.0,16.0,12.0,21.0,10.0,1.0,0.0,1851.4749341810914,0.0,2007.7145249320907,0.0,887.4638675506128,0.0,676.5122450001516,0.0,5760.860757620783,3456516.45457247,4500405.350357597,81.15269387043647,85.02432845031143,0.3620286919206928,0.7687912362576022,0.36028137401965956,85.02432845031143,0.3542647819438875,4500405.350357597,0.23498107821859505 
 03/26  07:50:00,3.4983333333333337,92.66666666666667,4.92,104.66666666666666,257.6666666666667,0.0,0.0,0.0,2.0,2.0,0.0,0.0,0.0,0.0,0.0,2940.0,0.0,173.42997710857626,71.2723721728593,182.63272104986096,5.20039338517328,138.41457543302074,0.0,71.2723721728592,97.43473625766127,0.0,0.0,20.39483309048135,-1341.479795898052,19.253365745971466,682.360442375822,20.715004997027408,-1220.888696486478,19.636037602388467,474.42530858377429,14.187519127248747,35.75319542812326,18.624007785377147,-53.37122581016821,17.34748548325245,384.5210681521221,15.969368300648874,-424.189253322637,18.482142742901006,-67.87492995633096,970.800690019887,808.1051719499031,0.0,0.0,0.0,0.0,0.0,0.0,0.0,0.0,0.0,0.0,0.0,0.0,0.0,0.0,0.0,0.0,0.0,0.0,0.0,0.0,0.0,0.0,2.1009766346725717,0.6413237590575616,445.38819606986797,529.2425752455023,16137.571603278877,0.46289963164536426,0.07065012693000066,316.0293372554645,376.993594407957,10698.263614951393,4.529091636530929,0.8558374218690346,352.6344542790094,418.5010397540505,12966.152514560043,0.43965228945911247,0.08307866391895545,234.42689071737358,279.1341018214592,8064.364767526275,0.0,0.0,13.170444367865877,16.043083010672079,291.19408041408055,0.0,0.0,14.922120820693739,17.83538014055695,483.2252621378129,0.0,0.0,91.32101276050824,109.64089480634978,2765.1770140337278,0.0,0.0,38.82832641121097,46.89439649346339,1041.26853082825,0.0,0.0,25.547162810037859,30.56356722070585,814.8318173823268,21.29856496672787,14.608069250156295,583.090813647199,697.0518144186274,19646.66253420069,0.0,0.0,51.71356797047596,63.6357163939021,839.3182329948713,1838.4859520683656,21.543018307395646,28.701501314135123,22.0,30.0,0.0,20.3221242242443,30.989375460484923,16.0,30.0,1923.2784992264733,21.671090668579575,28.483817654814989,21.5,30.0,0.0,20.558952779111203,30.540382864296519,16.0,30.0,0.0,14.256856169390363,46.188744875648108,12.0,30.0,0.0,19.559283612407279,37.643876229593178,19.0,30.0,0.0,18.456109033856309,35.06313023498777,10.0,30.0,400.136498681902,16.6754557755403,40.8059248287249,16.5,30.0,0.0,19.311900818045719,36.883837409910359,19.0,30.0,0.0,19.643834216704329,0.0,0.0,0.0,11.294428711040057,0.0,0.0,514.4630156163607,518.9753401126224,513.4960191327516,518.2777965687246,571.7187551165488,868.3021444422292,539.1723246516824,639.4531846452528,772.4832157043827,10360.304200455754,81.15441922801549,86.29725278563713,60.0,0.0,60.0,60.0,16.0,16.0,19.0,19.0,16.0,12.0,21.0,10.0,1.0,0.0,1838.4859520683656,0.0,1923.2784992264733,0.0,0.0,0.0,400.136498681902,0.0,7783.181596896597,4669908.958137957,6103794.625763478,81.15441922801549,86.38459517248127,0.3444393865632198,0.7647898517356142,0.36028137401965956,86.38459517248127,0.3542647819438875,6103794.625763478,0.3183739872063675 
 03/26  08:00:00,3.69,92.0,5.06,117.5,239.0,0.0,0.0,0.0,2.0,2.0,0.0,0.0,0.0,0.0,0.0,2940.0,0.0,190.5225086761329,67.05980880150702,171.83836016790719,5.712917967704727,152.05608797927409,0.0,67.05980880150693,91.67584275456706,0.0,0.0,20.45881740415646,-1340.7785410202928,19.322591507131173,666.9924257690982,20.736607016864384,-1152.9407134169142,19.663905740417584,467.9848965207765,14.188580187545814,38.306791302571628,18.661789164232184,-51.60629234595797,17.391468977955733,349.2914738091665,15.976366353833998,-475.3007692164996,18.74067990236069,-121.6836549648217,940.217243541696,901.306956900014,0.0,0.0,0.0,0.0,0.0,0.0,0.0,0.0,0.0,0.0,0.0,0.0,0.0,0.0,0.0,0.0,0.0,0.0,0.0,0.0,0.0,0.0,2.1101829125651134,0.6441339781944789,456.9997888998831,543.0409420257706,16394.954768317744,0.46320658407062756,0.0706969755907551,316.2278809728965,377.18299318162709,10612.27127095014,4.602466161026963,0.8697026003452315,360.0215530297345,427.30672061721068,13093.22729047443,0.4428815705108426,0.08368888331648572,232.54710352889846,276.88564025008778,7915.452059082178,0.0,0.0,13.117942794989077,15.978332470592616,284.97456874096209,0.0,0.0,14.899860719724068,17.807941249119808,475.4038936753622,0.0,0.0,96.77220815662879,116.19459586302678,2896.43464621563,0.0,0.0,46.40526990587777,56.07371097521455,1219.7546539455889,0.0,0.0,29.58058682108486,35.320953827874337,958.9889083263983,20.399920548003047,13.991715053500036,587.3774144083361,702.0605613890582,19596.697373493254,0.0,0.0,59.0349923327421,72.5918610159927,966.0627427176538,1872.943091545715,21.575710552031887,28.788445390600925,22.0,30.0,0.0,20.37184414687883,31.06224071874429,16.0,30.0,1847.2346171917896,21.671297302202686,28.619578435681736,21.5,30.0,0.0,20.570419615909068,30.66245257432696,16.0,30.0,0.0,14.26026925964037,46.39115670685567,12.0,30.0,879.6039217442508,19.475718989149955,38.31034701247918,19.25,30.0,0.0,18.475483144516219,35.20552674785121,10.0,30.0,1134.6049687489936,16.619287952971758,40.91022762391523,16.75,30.0,1141.383087764227,19.71598556424116,36.22063049077119,19.75,30.0,0.0,19.712774685604896,0.0,0.0,0.0,11.558383864453618,0.0,0.0,521.4454871000583,526.9878859427444,519.8960443308139,524.730241321165,574.3127999563948,888.4812624616991,545.9361818313207,626.4675226418359,788.3354704683924,9964.714778606056,81.41600091814783,84.95265727722574,60.0,0.0,60.0,60.0,16.0,16.0,19.0,19.0,16.0,12.0,21.0,10.0,1.0,0.0,1872.943091545715,0.0,1847.2346171917896,0.0,879.6039217442508,0.0,1134.6049687489936,1141.383087764227,5352.213038495076,3211327.8230970457,4183388.422940596,81.41600091814783,85.01272144309626,0.3484071012831692,0.7686118638765389,0.36028137401965956,85.01272144309626,0.3542647819438875,4183388.422940596,0.21852953132624435 
 03/26  08:10:00,3.9283333333333338,91.16666666666667,5.15,130.33333333333335,220.33333333333332,0.0,0.0,0.0,2.0,2.0,0.0,0.0,0.0,0.0,0.0,2940.0,0.0,207.03404182417669,64.08596359215675,164.2181376744785,6.2080205611684768,165.23390061815926,0.0,64.08596359215668,87.61037089204229,0.0,0.0,20.519902680721296,-1354.213928093191,19.38843554347512,654.9135410643012,20.75661655288019,-1086.479508008573,19.696494171765086,460.5623679975615,14.193832712143525,39.62794779447198,18.735543837693393,-55.70102564714257,17.44096753668926,361.08798002864219,16.101672162326037,-439.27692555337367,18.6489899512287,-89.00714620978684,908.9972684788072,835.0015614969589,0.0,0.0,0.0,0.0,0.0,0.0,0.0,0.0,0.0,0.0,0.0,0.0,0.0,0.0,0.0,0.0,0.0,0.0,0.0,0.0,0.0,0.0,2.0909460208046397,0.6382619111125274,450.92707923695607,535.7280642381065,16002.329127161745,0.4578913040489325,0.0698857301661985,310.1896803286671,369.91709986652156,10287.284156102274,4.612861374680835,0.871666926432509,350.60813207941347,416.12216293357019,12590.98045255381,0.531960475386548,0.10052163178128267,230.5711870322617,274.51334620880797,7749.918324822602,0.0,0.0,13.156065984944839,16.02486215612504,279.6345643100927,0.0,0.0,15.237778167057737,18.206262880630879,482.76182889757907,0.0,0.0,92.17557699340117,110.64416545806967,2722.376295977633,0.0,0.0,42.3218395391524,51.10083913365182,1104.7309383826242,0.0,0.0,28.739862654885216,34.357342514331048,904.0426555079274,19.63772027904477,13.468943949962125,580.1082924267513,693.243858973178,19109.15677327271,0.0,0.0,54.88268129907476,67.4528228795082,881.0413968431386,1854.6396079053905,21.616129374129789,28.842567868859484,22.0,30.0,0.0,20.414879994176986,31.105556837606657,16.0,30.0,1766.5498702496378,21.674633332340645,28.74556520033672,21.5,30.0,0.0,20.5900796376901,30.75639063108718,16.0,30.0,0.0,14.27015425552963,46.63238716880442,12.0,30.0,0.0,19.644039429539647,38.21350293623884,19.0,30.0,0.0,18.519643278711475,35.27763218727139,10.0,30.0,679.1907780267914,16.74663185673874,41.014758562654019,16.25,30.0,0.0,19.534759968507573,36.79629502863883,19.0,30.0,0.0,19.763070224997404,0.0,0.0,0.0,11.646310825474274,0.0,0.0,526.0993822079588,531.1041779637913,524.8713577860941,529.1381098964514,580.556432799654,896.0148520844858,551.3718216283501,645.0484068320569,790.6090578957964,10120.586192625413,81.31277494705526,85.16003475633124,60.0,0.0,60.0,60.0,16.0,16.0,19.0,19.0,16.0,12.0,21.0,10.0,1.0,0.0,1854.6396079053905,0.0,1766.5498702496378,0.0,0.0,0.0,679.1907780267914,0.0,5821.742869503811,3493045.721702286,4545452.23929161,81.31277494705526,85.2253739999188,0.36405809565012706,0.7686284737675244,0.36028137401965956,85.2253739999188,0.3542647819438875,4545452.23929161,0.2373735164431638 
 03/26  08:20:00,4.166666666666667,90.33333333333334,5.24,143.16666666666667,201.66666666666667,0.0,0.0,0.0,2.0,2.0,0.0,0.0,0.0,0.0,0.0,2940.0,0.0,218.09023700344756,59.949215660063959,153.618035292238,6.5395466821608949,174.05785725518218,0.0,59.9492156600639,81.95512284234468,0.0,0.0,20.568845169785886,-1360.710059190073,19.447934095423105,631.6290121659831,20.772701262027448,-1037.702587214524,19.71995008586848,448.2360102536494,14.196542582996586,36.34235256510625,18.5891191008273,-35.2088713821266,17.498899418708107,367.1290547747409,16.112399938709986,-425.27223009392028,18.68193933480083,-63.87885316387144,878.1050914324696,783.0230078121765,0.0,0.0,0.0,0.0,0.0,0.0,0.0,0.0,0.0,0.0,0.0,0.0,0.0,0.0,0.0,0.0,0.0,0.0,0.0,0.0,0.0,0.0,2.0857050925762707,0.6366621161710229,453.1198094091883,538.2875125577937,15884.875666918508,0.4554461705702806,0.06951254129583037,308.76624575408217,368.1750197263406,10112.560465758199,4.640670890733878,0.8769219370245426,346.97230026548825,411.80658896759067,12297.424503046494,0.6566645771163255,0.12408627685493676,231.14736087673618,275.19399506521509,7664.570190829085,0.0,0.0,12.595743161880254,15.342134074258754,261.6743193028656,0.0,0.0,13.201191422109768,15.792892327825811,402.3535238907433,0.0,0.0,95.4490139770069,114.55023830388783,2784.204548420732,0.0,0.0,41.696074309041247,50.34882512922872,1067.0881640253109,0.0,0.0,21.31007159106845,25.497014811716647,649.9244832303892,18.870154964408639,12.942493116878357,580.4965806232297,693.5945226359939,18865.252331599593,0.0,0.0,54.08955350289172,66.46027568735691,851.2230135036607,1849.8015522612028,21.640804122212569,28.95502901470776,22.0,30.0,0.0,20.449393101942975,31.226280220128648,16.0,30.0,1706.9861368545867,21.675715284136808,28.895553799506538,21.5,30.0,0.0,20.59652980976521,30.93841663958145,16.0,30.0,0.0,14.274112409002012,46.83665174231451,12.0,30.0,444.3715537664247,19.267873497810464,39.54725350609807,19.0,30.0,0.0,18.579845606522427,35.307276753434887,10.0,30.0,679.5985135083779,16.731886607588757,41.075084346778478,16.25,30.0,795.7321641460442,19.28168234093924,37.829073461343899,19.25,30.0,0.0,19.81192745519665,0.0,0.0,0.0,11.734827794127606,0.0,0.0,532.2142317354492,538.6782432111395,530.5477761970014,537.2073889137842,584.7657694587995,916.5529351495164,555.8146192135168,639.8069638205816,814.4029235072775,10666.68402730531,80.95153838743636,84.99281954004512,60.0,0.0,60.0,60.0,16.0,16.0,19.0,19.0,16.0,12.0,21.0,10.0,1.0,0.0,1849.8015522612028,0.0,1706.9861368545867,0.0,444.3715537664247,0.0,679.5985135083779,795.7321641460442,6114.93644686265,3668961.8681175897,4770680.338034531,80.95153838743636,85.06145391014913,0.3738312148954217,0.769092154213322,0.36028137401965956,85.06145391014913,0.3542647819438875,4770680.338034531,0.24909871091112896 
 03/26  08:30:00,4.405,89.5,5.33,156.0,183.0,0.0,0.0,0.0,2.0,2.0,0.0,0.0,0.0,0.0,0.0,2940.0,0.0,233.3353812372441,59.8223982696206,153.29314746388369,6.996675225132644,186.22495667388763,0.0,59.82239826962055,81.78175385497936,0.0,0.0,20.618007218404153,-1359.6688125345527,19.511860421137869,632.2004774067059,20.78797565652814,-978.6085791682049,19.750286606538738,453.99556016222439,14.204393897259644,44.27292181075927,18.8724240448166,-64.3697774364164,17.530567880573299,337.42772154396746,16.149723129533809,-428.49083166417878,18.890749410893777,-118.34109224269202,847.993508841043,855.4448338452216,0.0,0.0,0.0,0.0,0.0,0.0,0.0,0.0,0.0,0.0,0.0,0.0,0.0,0.0,0.0,0.0,0.0,0.0,0.0,0.0,0.0,0.0,2.073283418033868,0.6328703962252344,451.388440601984,536.1857218468256,15632.225248341016,0.45243334251802488,0.06905270795452151,305.42758075851239,364.13966225707699,9883.478906832808,4.666120242432378,0.8817309603991649,345.3309451950306,409.8717162160105,12074.150267996956,0.7600870483882483,0.14362944980881485,226.9910841152252,270.2256574950348,7430.484108887304,0.0,0.0,13.255781220699264,16.14557032296516,269.2861833672821,0.0,0.0,16.015625986499989,19.12140554410831,498.8140170651905,0.0,0.0,90.2999300826987,108.36752725380275,2591.8684465670437,0.0,0.0,44.25021493556754,53.43093336553093,1112.507509693639,0.0,0.0,33.95270020149405,40.54782310733421,1056.9679151789385,18.0803041513018,12.40075730541962,575.755810708125,687.8255791715598,18462.663605001468,0.0,0.0,56.5616376415403,69.43070249756082,893.2239665356128,1847.168225659612,21.671628298973464,29.052581343570638,22.0,30.0,0.0,20.494727894231258,31.282726450135493,16.0,30.0,1639.952642849964,21.677531352673527,29.04768311763414,21.5,30.0,0.0,20.61386752553402,31.018858903571294,16.0,30.0,0.0,14.288314898956426,47.0322112667009,12.0,30.0,471.7712304987706,19.860360625429494,38.234924966212577,19.5,30.0,0.0,18.58723433282048,35.482465105740697,10.0,30.0,680.0485317168939,16.75017969670006,41.341175076307049,16.25,30.0,331.5009561595483,19.85302837714897,36.51165415428538,19.5,30.0,0.0,19.86162236481706,0.0,0.0,0.0,12.00637271124397,0.0,0.0,537.5063409835645,542.7601304309217,535.9361143651538,538.9358380641847,590.0216186778307,919.8221955337369,561.9173275094836,651.0755501470449,806.9530717584174,10153.560089351802,81.29094185603283,85.16061029784385,60.0,0.0,60.0,60.0,16.0,16.0,19.0,19.0,16.0,12.0,21.0,10.0,1.0,0.0,1847.168225659612,0.0,1639.952642849964,0.0,471.7712304987706,0.0,680.0485317168939,331.5009561595483,5855.590687578775,3513354.412547265,4570311.127527371,81.29094185603283,85.22633011440341,0.36518635625262588,0.7690494897608643,0.36028137401965956,85.22633011440341,0.3542647819438875,4570311.127527371,0.23869284529808999 
 03/26  08:40:00,4.6433333333333339,88.66666666666667,5.42,165.5,174.33333333333332,0.0,0.0,0.0,2.0,2.0,0.0,0.0,0.0,0.0,0.0,2940.0,0.0,245.5005308474581,60.078999446742589,153.95074573190957,7.361451397251252,195.9339426944719,0.0,60.07899944674256,82.13254711826029,0.0,0.0,20.57445404658888,-1521.3713362134504,19.568212018829578,587.9737905497564,20.655968166353774,-329.0393100804563,19.74583000107185,265.98450075637569,14.210887392110849,37.34477032217774,18.56306580662534,-35.27007433538297,17.610180544339785,403.6473857988175,16.94864084111904,-311.222971769771,18.548084308608354,-29.270028126182099,803.3726209052602,541.8458536025455,0.0,0.0,0.0,0.0,0.0,0.0,0.0,0.0,0.0,0.0,0.0,0.0,0.0,0.0,0.0,0.0,0.0,0.0,0.0,0.0,0.0,0.0,2.0783378981972078,0.6344132778379755,466.8603117704474,554.6991643662109,15851.930173963752,0.44375421866966949,0.06772805535251365,291.03267896177518,346.97704203566897,9295.879682880539,4.813839445769467,0.9096446420577228,250.85716392877948,298.28135276378688,8555.61417066601,0.7922018836052893,0.14969801277499793,195.0844581530808,232.4250031622845,6263.741218912145,0.0,0.0,12.544076338835401,15.27809932528956,248.90943798091619,0.0,0.0,13.378159404283823,16.00221151926265,396.0295681376911,0.0,0.0,79.75255970357542,95.67850233870426,2268.3829012050684,0.0,0.0,24.471991980483645,29.41068775467584,669.2189450108404,0.0,0.0,19.532866780236014,23.369055276481818,577.4388772380645,17.161654727722295,11.770682254953567,525.1631656262806,627.5293547980223,16609.279910264013,0.0,0.0,36.75157733331447,45.15060181551068,546.0219557624878,1791.71181772245,21.543938897977318,29.427080160413526,22.0,30.0,0.0,20.524659300985957,31.403531174246859,16.0,30.0,942.5032887625434,21.437504397541259,29.633220461816636,21.25,30.0,0.0,20.55707952977452,31.334148037695738,16.0,30.0,0.0,14.296523547392564,47.26973630978601,12.0,30.0,0.0,19.30713103556215,39.860159615584439,19.0,30.0,0.0,18.702779486917238,35.25472521648326,10.0,30.0,1303.5113984136042,18.14262181679232,38.09433246279818,20.7,30.0,0.0,19.292596197415408,38.253918014923957,19.0,30.0,0.0,19.86914901559845,0.0,0.0,0.0,11.78309025521431,0.0,0.0,541.8537753841796,548.6465049523959,540.5481240509309,546.5689873882664,596.3030208398809,931.5254924190214,556.1998545008883,659.9654382772286,828.187303818303,9192.980967946205,81.92631318802421,83.658363106248,60.0,0.0,60.0,60.0,16.0,16.0,19.0,19.0,19.7,12.0,21.0,10.0,1.0,0.0,1791.71181772245,0.0,942.5032887625434,0.0,0.0,0.0,1303.5113984136042,0.0,2621.2636105433327,1572758.1663259995,2037222.359652545,81.92631318802421,83.68777906387057,0.3423754536847778,0.7679383192427882,0.36028137401965956,83.68777906387057,0.3542647819438875,2037222.359652545,0.10698556270193234 
 03/26  08:50:00,4.881666666666667,87.83333333333333,5.51,175.0,165.66666666666669,0.0,0.0,0.0,2.0,2.0,0.0,0.0,0.0,0.0,0.0,5145.0,0.0,269.6936381943195,62.983567952072878,161.39360782911977,8.086879037252283,215.24230279930138,0.0,62.983567952072849,86.10331247419347,0.0,0.0,20.62129432478173,-1254.2257348922743,19.597819435900616,564.941566489177,20.697375925173167,-1082.5964003834338,19.723976948572447,556.89506846378,14.211494137208277,33.22104703542398,18.714292037734677,-37.10948576927058,17.648993807157369,281.10927974091427,17.753432936476629,-77.88364416628312,18.9797692395746,-37.284324969226549,764.1446906118972,364.68284851114819,0.0,0.0,0.0,0.0,0.0,0.0,0.0,0.0,0.0,0.0,0.0,0.0,0.0,0.0,0.0,0.0,0.0,0.0,0.0,0.0,0.0,0.0,2.0254829181077604,0.6182792790316739,411.6648664925965,489.2659650625425,13803.832229256379,0.44552643204866207,0.06799853968996685,306.5286575283215,365.6038671322618,9629.648049677317,4.5982129284382939,0.8688988904834282,356.1648350512538,423.1225025065915,12063.870795838846,1.0748048175647822,0.20309992773333022,298.86140663829726,356.3995152867319,9425.252206994359,0.0,0.0,12.47144696827792,15.195315457348654,241.2950024530234,0.0,0.0,13.563075208779108,16.226032818241895,395.72408485369717,0.0,0.0,72.10055493978666,86.52226092411459,2017.7054849760753,0.0,0.0,13.66039460624788,16.351271610768039,401.1106857939343,0.0,0.0,18.734083602042348,22.36998686209845,564.2190856143166,16.168965815503336,11.089825662210814,603.6856532192497,721.5536855015149,18689.762095084072,0.0,0.0,22.58623921939358,27.7691061292705,317.4812346352744,1841.6642007836888,21.566595000974254,29.518374302348297,22.000000000000037,30.000000000000044,0.0,20.50336771569397,31.587114160417337,16.00000000000002,30.000000000000044,1611.7862402063354,21.512966837526144,29.625644556750897,21.42857142857146,30.000000000000044,0.0,20.522211792187588,31.51480338005453,16.00000000000002,30.000000000000044,0.0,14.293677656666502,47.41557703958648,12.000000000000018,30.000000000000044,771.4259304417387,19.28954212892543,40.173756044022649,19.42857142857146,30.000000000000044,0.0,18.72095408190182,35.266778761032579,10.000000000000015,30.000000000000044,1283.8636904766329,19.437291186250467,34.927571106439128,20.70000000000003,30.000000000000044,1230.1313465310862,19.643133430046576,37.97307068905337,19.428571428571457,30.000000000000044,0.0,19.867961799126627,0.0,0.0,0.0,11.569412076033237,0.0,0.0,545.8892425679661,553.0234854835846,545.1900127411311,549.0011117693853,597.6142343023876,947.1772697819558,553.5430791468432,641.9286795587066,861.1781475264518,10767.992678300925,80.8843938729332,84.4454553811735,60.000000000000088,0.0,60.000000000000088,60.000000000000088,16.0,16.0,19.0,19.0,19.7,12.0,21.0,10.0,1.0,0.0,1841.6642007836888,0.0,1611.7862402063354,0.0,771.4259304417387,0.0,1283.8636904766329,1230.1313465310862,5387.918887595281,3232751.332557164,4198729.796881961,80.8843938729332,84.50593402749633,0.37388301053889069,0.7706945653614191,0.3602813740196601,84.50593402749633,0.35426478194388807,4198729.796881961,0.21939728277119528 
 03/26  09:00:00,5.12,87.0,5.6,184.5,157.0,0.0,0.0,0.0,2.0,2.0,0.0,0.0,0.0,0.0,0.0,2940.0,0.0,297.1289274198441,65.81757803487958,168.65566452232546,8.909521294100394,237.13820685878819,0.0,65.81757803487955,89.97761911716748,0.0,0.0,20.622683430725667,-1519.4012224977997,19.671197694987794,554.3000982931726,20.62230663150036,-400.732745537568,19.791065590380798,313.6513350478749,14.218183447242018,39.46004763737456,18.987995941578079,-71.93393886689916,17.404067889034097,74.3448861208841,18.498364393498439,-104.18038325887726,18.986104303974796,-60.62929245969613,720.5891791352151,638.740979205671,0.0,0.0,0.0,0.0,0.0,0.0,0.0,0.0,0.0,0.0,0.0,0.0,0.0,0.0,0.0,0.0,0.0,0.0,0.0,0.0,0.0,0.0,2.0334080582343527,0.6206984304744665,440.81835340900576,523.7161775784624,14549.028650937616,0.438094599790441,0.06686425515727121,293.52758506497977,349.97224561320436,9115.100049930761,4.7410276667656909,0.8958858024878481,253.1207587798801,301.0929361816901,8366.020538554609,1.064537285632629,0.20115972895552315,246.60875796632377,294.0453802780057,7691.250014377276,0.0,0.0,13.044951396731993,15.887939054964477,246.2782084247112,0.0,0.0,16.162278838102588,19.29333750115539,480.7336468436587,0.0,0.0,86.1962602408948,103.56330825592035,2283.2406897996804,0.0,0.0,24.196570204509614,28.808691609638438,757.8550214818099,0.0,0.0,24.63900101353811,29.412271374030419,734.2792910315562,15.198437708550852,10.424168524383303,538.4118698581979,643.436953068948,16457.264789099965,0.0,0.0,38.55357712231229,47.25969931540027,567.4746817872165,1813.557865466169,21.550014248141108,29.643017984540596,22.0,30.0,0.0,20.562925084706568,31.548294291148947,16.0,30.0,967.2313902348378,21.334256038990444,30.02397294006611,21.25,30.0,0.0,20.576477124123814,31.463603828659104,16.0,30.0,0.0,14.303036477003709,47.62658318142398,12.0,30.0,270.38391528347048,19.88277615860779,38.712899363322339,19.5,30.0,0.0,18.210617215904859,37.05877063816842,10.0,30.0,1192.2766256730138,20.65359021081939,31.930115090107589,20.7,30.0,0.0,19.923209219644126,37.490646730272647,19.0,30.0,0.0,19.897573390536477,0.0,0.0,0.0,12.123472658286984,0.0,0.0,549.079933070404,554.4621133506897,546.0231341248232,548.5952116136857,603.7331737670186,938.927157643033,589.8873111629321,602.7594172369471,860.8111732887714,9928.95483985407,81.43967787632838,83.24862592909357,60.0,0.0,60.0,60.0,16.0,16.0,19.0,19.0,19.7,12.0,21.0,10.0,1.0,0.0,1813.557865466169,0.0,967.2313902348378,0.0,270.38391528347048,0.0,1192.2766256730138,0.0,2737.5180028893116,1642510.801733587,2128219.263023708,81.43967787632838,83.27934787232492,0.3462506000963104,0.7688240029816079,0.36028137401965956,83.27934787232492,0.3542647819438875,2128219.263023708,0.11174406834389948 
 03/26  09:10:00,5.251666666666667,85.0,5.456666666666667,194.0,148.33333333333332,0.0,0.0,1.0,2.0,0.0,0.0,0.0,0.0,0.0,4.0,6615.0,0.0,327.5942245736888,68.58116685066016,175.7372673623445,9.823016257879818,261.45232135193768,0.0,68.58116685066013,93.75565454914575,0.0,0.0,20.61716514312721,-1363.7201072882322,19.70689213170694,529.5871576174473,20.68901789349311,-964.8092567661406,19.777800999480595,522.7835505010232,14.23189984332778,42.71589201457156,18.69957078781973,-95.62344105311206,16.627574837911426,-379.97541660196938,18.28390029878906,-184.4316368159573,18.33723243939228,-760.0194684952405,736.9356944935189,2104.141270851821,0.0,0.0,0.0,0.0,0.0,0.0,0.0,0.0,0.0,0.0,0.0,0.0,0.0,0.0,0.0,0.0,0.0,0.0,0.0,0.0,0.0,0.0,1.9812341713098352,0.6047723355646627,359.45430655838558,427.28548174131319,11768.729355139756,0.4351057585054464,0.06640808279997657,300.8738321321668,358.84823116984719,9252.730949619388,4.474193668393919,0.8454636561590933,293.5673591666897,348.9139590773122,9712.656609639946,1.0086538414082876,0.19059974327443064,295.81218051583365,352.7775534022167,9117.030033242228,0.0,0.0,12.876241639084294,15.688561918612157,240.10096185118639,0.0,0.0,16.2760882873958,19.47538581062266,463.8081683307584,0.0,0.0,281.5144746565685,340.12833576394419,6579.945168635227,0.0,0.0,35.9214952163355,42.8999599458142,1070.9307779975566,0.0,0.0,206.66337932635708,247.93957264525924,5653.755852053438,15.78348117454302,10.825432904350496,594.8783537617569,710.9942634230573,18015.824863660975,0.0,0.0,219.8940528307684,267.7336961465549,4178.323668101397,1811.5432844572177,21.52398875287623,30.10639489098837,21.999999999999994,29.999999999999994,0.0,20.54721456333134,31.91829534093727,15.999999999999997,29.999999999999994,1145.3098298929777,21.490615517492114,30.717387500579308,21.33333333333333,29.999999999999994,0.0,20.544286026120159,32.3315731776277,18.999999999999998,29.999999999999994,0.0,14.323006010218437,48.3116425421037,11.999999999999997,29.999999999999994,0.0,19.37073209705168,40.2630088410359,18.999999999999998,29.999999999999994,0.0,16.722654096709527,42.45854322799202,9.999999999999999,29.999999999999994,478.0905698595951,20.066690676833216,34.64271601510847,20.03333333333333,29.999999999999994,0.0,18.760531208587304,37.605947222147,11.999999999999997,29.999999999999994,0.0,19.92129288704203,0.0,0.0,0.0,14.476277117889885,0.0,0.0,571.1044700932209,570.6603338245116,596.0057991984295,586.1343228389566,634.4636928406336,951.1037307526223,681.3297201790678,688.5806268237985,697.4795680712722,10068.827169313205,81.3471631719017,83.73948020775355,219.99999999999995,0.0,219.99999999999995,219.99999999999995,16.0,19.0,19.0,12.0,19.7,12.0,21.0,10.0,1.0,0.0,1811.5432844572177,0.0,1145.3098298929777,0.0,0.0,0.0,478.0905698595951,0.0,3620.364033770351,2172218.4202622107,2830400.56794869,81.3471631719017,83.78010969296982,0.3473454677923451,0.7681721247333309,0.36028137401965945,83.78010969296982,0.3542647819438875,2830400.56794869,0.15117749619999858 
 03/26  09:20:00,5.383333333333334,83.0,5.3133333333333339,203.5,139.66666666666667,0.0,0.0,1.0,2.0,0.0,0.0,0.0,0.0,0.0,4.0,2940.0,0.0,360.1610975321258,71.27520102013283,182.6406371245518,10.79952539603734,287.44367507124317,0.0,71.27520102013279,97.43860350635268,0.0,0.0,20.665460689307456,-1431.545030858733,19.76713324604819,524.1559790322145,20.709395763442843,-733.9964552284457,19.83470701732365,304.208197521878,14.246360362703602,40.948838675148589,18.885591852645829,-101.5899023463602,16.421203779299426,80.00792916206594,18.635469483220164,-321.19522432334886,17.64631139299336,-376.94331215199608,733.5728824699601,1502.8991832491038,0.0,0.0,0.0,0.0,0.0,0.0,0.0,0.0,0.0,0.0,0.0,0.0,0.0,0.0,0.0,0.0,0.0,0.0,0.0,0.0,0.0,0.0,1.9200763063245999,0.5861038786094629,365.1216024759682,433.6907995999175,11885.386192064025,0.424314520954594,0.06476106852176344,302.12524018333729,360.08559001229568,9227.90652914572,4.498844936497444,0.8501218700864411,250.58564824201268,297.93149206424496,8166.151703800204,0.7820938384664603,0.14778795133530998,255.86088092642107,305.0051410219639,7837.093508914675,0.0,0.0,12.584608829287849,15.32269141576051,231.76265958142978,0.0,0.0,15.799663262556467,18.890426037759107,447.56956651425699,0.0,0.0,247.5234527962866,299.1530394952616,5620.357124938015,0.0,0.0,46.186172339071259,55.00702106199105,1415.1495248762672,0.0,0.0,163.47951002236415,196.79841197977758,4090.912837810438,16.272067476916367,11.160540107624401,555.7283581162888,663.907834182324,16725.39623641906,0.0,0.0,181.25992841536459,220.52138191055037,3443.7071749577469,1843.6363459062823,21.567361155589248,30.312995511624604,22.000000000000005,30.000000000000008,0.0,20.575898609092336,32.211092226456397,16.000000000000005,30.000000000000008,963.3499666123018,21.38612816570645,31.371098270938587,21.250000000000005,30.000000000000008,0.0,20.58352227398504,32.74089424206352,19.000000000000005,30.000000000000008,0.0,14.34242841615265,48.94821282451805,12.000000000000002,30.000000000000008,917.3922665306552,19.425896004200334,40.528942285978768,19.500000000000005,30.000000000000008,0.0,16.527697827023624,42.86143382177971,10.000000000000002,30.000000000000008,1262.6310264217146,20.611403661332674,34.17047938696889,20.700000000000004,30.000000000000008,0.0,17.682278957417649,39.91424204716358,12.000000000000002,30.000000000000008,0.0,19.923259618194235,0.0,0.0,0.0,14.586657667714647,0.0,0.0,586.3964786276298,588.4455313245215,620.2725983735867,610.6859267868032,661.6432464611149,977.1794942316833,669.6108977396875,730.624325654861,676.5567375164684,10554.716886886687,81.0256026138214,85.00383279553786,220.00000000000004,0.0,220.00000000000004,220.00000000000004,16.0,19.0,19.0,12.0,19.7,12.0,21.0,10.0,1.0,0.0,1843.6363459062823,0.0,963.3499666123018,0.0,917.3922665306552,0.0,1262.6310264217146,0.0,6019.680141868181,3611808.085120907,4695168.3629920179,81.0256026138214,85.07139635084126,0.37065600472893936,0.7675995916934062,0.3602813740196596,85.07139635084126,0.35426478194388757,4695168.3629920179,0.2481576437644738 
 03/26  09:30:00,5.515000000000001,81.0,5.17,213.0,131.0,0.0,0.0,1.0,2.0,0.0,0.0,0.0,0.0,0.0,4.0,2940.0,0.0,393.89739638384648,73.90064294874466,189.36824003786814,11.811098701662575,314.3683297010038,0.0,73.90064294874462,101.027781669999,0.0,0.0,20.73701825127843,-1429.1241444830853,19.848528025518733,547.0396344354535,20.74362893306327,-703.404800797171,19.83942288408143,393.2981562488867,14.257847672570547,38.9085994871063,19.02754327311171,-101.29286245175294,16.56772513837874,172.83813897998949,18.35794696533367,-235.5258955562914,17.393405005729816,-121.67895739039182,769.6795401347808,982.4828194318513,0.0,0.0,0.0,0.0,0.0,0.0,0.0,0.0,0.0,0.0,0.0,0.0,0.0,0.0,0.0,0.0,0.0,0.0,0.0,0.0,0.0,0.0,1.9224692595078972,0.5868343282991139,369.6708272724932,438.88713545771398,12001.742629278711,0.42536985202756208,0.06492213858784526,303.48677168109836,361.57968299821757,9227.662814588348,4.37729158450624,0.8271526047819808,256.3674534460847,304.76047427419817,8287.592386075543,0.6326569968709856,0.11954969706556792,263.18858241419715,313.70981365683226,7985.542887474923,0.0,0.0,12.224636851324533,14.88215154865864,222.14276901471738,0.0,0.0,15.877001744007539,18.960813769129169,454.5689184890684,0.0,0.0,178.00604239390575,214.8579252666683,4103.962761963783,0.0,0.0,41.77971356039761,49.88945235842088,1214.9118839109283,0.0,0.0,97.86648496003842,117.90947066768644,2360.321069945521,17.07426187842502,11.710742029098098,563.7398442714923,673.1870770882426,16928.64861321496,0.0,0.0,109.42304637149322,133.38377265632767,1912.1276552536479,1859.10831974797,21.66281948696025,30.704076763888336,22.0,30.0,0.0,20.642448041717647,32.64787372530563,16.0,30.0,893.5319384173304,21.419504007499627,31.90244821099801,21.25,30.0,0.0,20.582319537488084,33.30313409972571,19.0,30.0,0.0,14.355289600166378,49.19324136919842,12.0,30.0,0.0,19.7151000083279,40.17032765210358,19.0,30.0,0.0,16.836059724634298,42.10537796407466,10.0,30.0,471.8939742837679,19.952769872601825,35.68629133350491,19.95,30.0,0.0,17.37780462905206,40.63561827626401,12.0,30.0,0.0,20.009714603774527,0.0,0.0,0.0,13.983188796084133,0.0,0.0,616.9511865565132,616.9495653714666,652.7935304320755,639.7756580236596,668.9196490780735,991.6293741912539,663.2659153347106,726.4050965295659,664.9406608873267,10037.82377838315,81.36766342954954,84.8960691400739,220.0,0.0,220.0,220.0,16.0,19.0,19.0,12.0,19.7,12.0,21.0,10.0,1.0,0.0,1859.10831974797,0.0,893.5319384173304,0.0,0.0,0.0,471.8939742837679,0.0,5339.745846247657,3203847.5077485947,4174436.2222575538,81.36766342954954,84.9559931825417,0.3479915282082553,0.7673017394627448,0.36028137401965956,84.9559931825417,0.3542647819438875,4174436.2222575538,0.22109179466850388 
 03/26  09:40:00,5.6466666666666669,79.0,5.026666666666667,217.83333333333332,134.0,0.0,4.0,0.0,0.0,0.0,0.0,0.0,0.0,0.0,0.0,4410.0,0.0,426.7053182235327,75.64910434806757,193.84863553236429,12.794835968681383,340.5520662693904,0.0,75.64910434806754,103.41806096204428,0.0,0.0,20.71227859707335,-1482.1182727107776,19.93274708300212,480.50240580911369,20.63938234464917,-126.99091733175632,19.800380274855085,-38.58519169609729,14.2719282056477,42.779150943248698,18.581985230200876,-254.65617019754257,17.046523368372548,541.9336917369072,17.848050869387494,-106.85399237766207,17.156620762691945,-531.7510874860928,693.7467141119943,981.2124172753645,0.0,0.0,0.0,0.0,0.0,0.0,0.0,0.0,0.0,0.0,0.0,0.0,0.0,0.0,0.0,0.0,0.0,0.0,0.0,0.0,0.0,0.0,1.8640860506421422,0.5690128359713497,400.91130768492089,476.21381882163868,12854.433802186966,0.41001613886166329,0.06257877577253709,292.2255181503918,348.2457597377795,8841.273905911508,4.176515498254559,0.7892130571153737,83.03124175060759,98.72659658461819,2743.467481531583,0.9048255621358173,0.17097988702490864,28.06200321121471,33.46498828347307,857.8449432430273,0.0,0.0,11.667283732170113,14.209191532027907,209.2372069911546,0.0,0.0,78.47464936496233,94.05896490365692,2118.948115829888,0.0,0.0,229.10454941645899,275.63193148832,5639.054440307505,0.0,0.0,31.287082845452575,37.485285943180169,855.0553582444773,0.0,0.0,112.04086183923278,135.11763077399773,2572.878174965622,17.547461956345207,12.035296266354731,345.557742886076,413.11019060986396,10281.979639913563,0.0,0.0,116.24393152130135,141.5579305277442,2030.6037731485617,1801.228527980214,21.602203190743514,31.072240935487647,21.999999999999984,29.99999999999998,0.0,20.703224603984049,32.814926348073,15.999999999999988,29.99999999999998,0.0,21.355101853593749,31.538988791235455,20.999999999999987,29.99999999999998,0.0,20.386941206240438,36.33707294354098,18.999999999999987,29.99999999999998,0.0,14.372733567915067,49.57296616241751,11.999999999999993,29.99999999999998,0.0,18.967742366443319,38.82671539334056,15.999999999999988,29.99999999999998,0.0,17.765160370183204,40.738732015639,9.999999999999993,29.99999999999998,0.0,19.094450794930706,37.44759176221928,15.999999999999988,29.99999999999998,0.0,17.010845693751099,42.115557469089299,11.999999999999993,29.99999999999998,0.0,19.718423638810149,0.0,0.0,0.0,14.002801377229123,0.0,0.0,632.9920575515088,632.7217232659241,629.5659071279832,797.5825122651297,682.8081747138872,785.0354311977129,716.7946801298826,714.2392440567118,688.1766064809254,8875.662614179046,82.13618800395526,82.13618800395526,131.99999999999992,0.0,131.99999999999992,131.99999999999992,16.0,19.0,16.0,12.0,16.0,12.0,21.0,10.0,1.0,0.0,1801.228527980214,0.0,0.0,0.0,0.0,0.0,0.0,0.0,0.0,0.0,0.0,82.13618800395526,82.13618800395526,0.3399999999999998,0.7698277812510557,0.3602813740196593,82.13618800395526,0.3542647819438872,0.0,0.00242 
 03/26  09:50:00,5.778333333333334,77.0,4.883333333333333,222.66666666666669,137.0,0.0,4.0,0.0,0.0,0.0,0.0,0.0,0.0,0.0,0.0,2205.0,0.0,461.28723639215527,77.36747544141302,198.2519261289513,13.831765555114439,368.15160934293677,0.0,77.36747544141298,105.7672045245292,0.0,0.0,20.701911950626714,-1226.334428670227,19.948980864820248,388.81858516227569,20.753204959209378,-452.4438577572885,19.757331275173205,-49.00502513376674,14.292126961264428,45.53138571289876,18.27807079872628,-81.88996502669177,17.218984640943146,180.4281114681909,17.18425997784501,-23.320325318971393,16.674764449075263,-553.4978103335299,692.8993678279821,1193.3794333320216,0.0,0.0,0.0,0.0,0.0,0.0,0.0,0.0,0.0,0.0,0.0,0.0,0.0,0.0,0.0,0.0,0.0,0.0,0.0,0.0,0.0,0.0,1.8918449798897506,0.5774862575976045,396.8361474355188,471.11001284281749,12613.927628367635,0.4070975841048168,0.062133330907328618,273.35649963671269,325.5389570402772,8165.606631706236,4.077917109383574,0.7705814643581972,151.289474561299,179.1612465443174,5007.873406213021,0.7194793383827822,0.1359560352197246,27.898003351473329,33.231504862391897,833.301831238868,0.0,0.0,10.524424632755045,12.805592361059312,186.47930395964284,0.0,0.0,56.05575053343694,67.25873931930454,1443.2091492519069,0.0,0.0,268.66223076068817,322.83685355062638,6628.308523893422,0.0,0.0,20.3670508986415,24.48314090656026,505.25648049263307,0.0,0.0,177.95083555249705,215.0473018341329,3798.101344622499,18.045756597127324,12.377062137947423,346.7428095812096,414.2628226975793,10216.5309300899,0.0,0.0,179.57795799137396,218.09604590815523,3329.8405990882499,1762.7898721058082,21.617481104328843,31.04564456492544,22.000000000000019,30.00000000000002,0.0,20.638967004229174,33.01033807808539,16.000000000000015,30.00000000000002,1548.130236775643,21.67077480981472,30.89151602101204,21.666666666666687,30.00000000000002,0.0,20.266161163163618,39.07905305022407,19.000000000000015,30.00000000000002,0.0,14.399475231768112,49.840573810184029,12.00000000000001,30.00000000000002,0.0,18.48247867619648,38.852728033632747,16.000000000000015,30.00000000000002,0.0,17.94924256390722,39.8195689489947,10.000000000000007,30.00000000000002,0.0,17.95988064542439,40.039935311183189,16.000000000000015,30.00000000000002,0.0,16.25409409985351,44.58530805929436,12.00000000000001,30.00000000000002,0.0,19.68344506081619,0.0,0.0,0.0,14.761815736928567,0.0,0.0,635.1334599140654,637.6477878617066,630.8250865604547,952.0343112933297,693.9381266982668,712.7936840694232,690.6443550780298,706.4427238142189,705.8818121562206,9511.331584928746,81.71584181220983,81.71584181220983,132.0000000000001,0.0,132.0000000000001,132.0000000000001,16.0,19.0,16.0,12.0,16.0,12.0,21.0,10.0,1.0,0.0,1762.7898721058082,0.0,1548.130236775643,0.0,0.0,0.0,0.0,0.0,0.0,0.0,0.0,81.71584181220983,81.71584181220983,0.3400000000000003,0.7713980810661318,0.3602813740196598,81.71584181220983,0.3542647819438878,0.0,0.0024420000000000008 
 03/26  10:00:00,5.91,75.0,4.74,227.5,140.0,0.0,4.0,0.0,0.0,0.0,0.0,0.0,0.0,0.0,0.0,2940.0,0.0,497.31285463436327,79.05708503050752,202.58151671804138,14.911983688569837,396.90335300137857,0.0,79.05708503050748,108.07702893015673,0.0,0.0,20.53614797341438,-925.768194260434,19.947837750746744,324.1391428750221,20.688057801240139,-438.74471411553466,19.740919976453634,-68.99526011390671,14.31293318950744,44.57591864398397,18.12694179866022,-76.5549273414452,17.048930518142919,135.83113528367449,16.79353469341261,-9.540302392362364,16.45307028226218,-364.2452470475432,652.935731578516,1095.5232577161483,0.0,0.0,0.0,0.0,0.0,0.0,0.0,0.0,0.0,0.0,0.0,0.0,0.0,0.0,0.0,0.0,0.0,0.0,0.0,0.0,0.0,0.0,1.8808755394624959,0.5741378325587595,351.6220701171586,418.0558901473652,10810.618061022784,0.4035590497394125,0.06159326155973939,259.65988696042589,309.44290647635577,7648.974586320244,4.07661405894124,0.7703352341158809,141.38459969136938,168.08341398694749,4494.492477486535,0.49193609742911245,0.09295844622621169,25.73135977486438,30.683083554195734,753.6277761050887,0.0,0.0,10.019653522951636,12.193056211570236,175.3318296580816,0.0,0.0,53.15210167938842,63.827666955695757,1328.095312608858,0.0,0.0,282.1338371714296,339.57529420811809,6702.69073049417,0.0,0.0,12.863405343356835,15.500442567414926,299.2781527857072,0.0,0.0,191.80481554112016,232.149117194949,3951.1551754620397,18.443603531495623,12.649933835045012,306.97728434221696,367.02413158084189,8923.457811485989,0.0,0.0,192.7070720242736,234.10001633704423,3573.0869822642537,1030.3907283235442,21.18379850081643,32.062808702810887,21.5,30.0,0.0,20.55434925189553,33.269508610158229,16.0,30.0,967.3165517161209,21.399816184820929,31.601239512054528,21.25,30.0,0.0,20.20443624258548,40.03473557440299,19.0,30.0,0.0,14.424942738169904,49.80822402404442,12.0,30.0,0.0,18.24120879609703,39.1485011881443,16.0,30.0,0.0,17.60545912350092,40.571912487686109,10.0,30.0,0.0,17.331323059825175,41.556484307420067,16.0,30.0,0.0,15.991603449447816,45.11683213442859,12.0,30.0,0.0,19.494106917300838,0.0,0.0,0.0,14.934145329411099,0.0,0.0,650.1916664914146,645.5533378957076,647.2342864079758,1006.3570531449773,693.208466825635,694.1347157413102,682.9860862818122,700.3698248006277,692.6859543258381,7380.4452380907709,83.12463523727206,83.12463523727206,132.0,0.0,132.0,132.0,16.0,19.0,16.0,12.0,16.0,12.0,21.0,10.0,1.0,0.0,1030.3907283235442,0.0,967.3165517161209,0.0,0.0,0.0,0.0,0.0,0.0,0.0,0.0,83.12463523727206,83.12463523727206,0.34,0.769265720671793,0.36028137401965956,83.12463523727206,0.3542647819438875,0.0,0.002464 
 03/26  10:10:00,6.085000000000001,74.0,4.731666666666667,232.33333333333332,143.0,0.0,0.0,1.0,2.0,0.0,0.0,0.0,0.0,0.0,0.0,6615.0,0.0,534.4700600836874,80.71896568402562,206.84005310877576,16.026131815890307,426.5582032842643,0.0,80.71896568402558,110.34894577858889,0.0,0.0,20.72792397626717,-1234.2213354837336,19.997232911223965,508.2654714044692,20.797240860231015,-1405.4656869518126,19.819896298134304,628.8320981594561,14.334729511143806,49.97320257758947,19.027073585164595,-92.70617439530662,16.969601047709398,128.64907136196394,17.574401124044443,-95.44823018735439,16.34449967002341,-304.6769646029185,726.0642445670005,1062.9614077197003,0.0,0.0,0.0,0.0,0.0,0.0,0.0,0.0,0.0,0.0,0.0,0.0,0.0,0.0,0.0,0.0,0.0,0.0,0.0,0.0,0.0,0.0,1.8040861965474478,0.5506978621939707,402.7579098135811,478.3642386496892,12544.537865309701,0.4064431013559106,0.062033440377886248,302.8512562684407,360.9134910931428,8822.224479890798,4.01282844060855,0.7582820182555842,411.71532904719268,488.83264304314147,12917.951604673663,0.6873951389712533,0.12989326133243629,336.8147098546265,401.5234453245573,9725.45183180689,0.0,0.0,11.22998875297127,13.669778024530175,193.05203644786003,0.0,0.0,16.290577149750829,19.485527202325664,440.44557286386108,0.0,0.0,246.08789599599147,296.4560599481151,5691.621408789069,0.0,0.0,25.852235474286468,30.976406227538605,664.0849863142328,0.0,0.0,197.62263220909802,239.36453392744387,3958.550203315232,18.12596348565428,12.432073721299233,637.1777661534429,761.0205214038184,18194.07592235218,0.0,0.0,199.64540907709188,242.5164815442971,3672.9957662405224,1853.1717124053774,21.585784758690584,32.00273284418932,21.999999999999994,29.999999999999994,0.0,20.574583129828154,33.93384462774767,15.999999999999997,29.999999999999994,1650.1122266177693,21.56204114388931,32.21254920113486,21.44444444444444,29.999999999999994,0.0,20.41831011172757,34.800466754302387,15.999999999999997,29.999999999999994,0.0,14.451643752222337,49.71230401308205,11.999999999999997,29.999999999999994,1386.9456082041939,19.461868436790217,37.28465332185379,19.888888888888887,29.999999999999994,0.0,17.467793173890845,41.082443419087088,9.999999999999999,29.999999999999994,1338.1758530319874,18.563144399089678,39.028643894199188,20.7,29.999999999999994,0.0,15.887071754169133,45.36121617817836,11.999999999999997,29.999999999999994,0.0,19.883229094586594,0.0,0.0,0.0,15.043984422638613,0.0,0.0,700.6979531253672,693.087743522381,710.3993717280253,725.1701935829226,690.4439704994275,768.2839441724508,690.1995907867682,744.450266502428,688.7650871530273,10466.835495347112,81.08395057964427,85.747682111946,59.999999999999989,0.0,59.999999999999989,59.999999999999989,16.0,16.0,19.0,12.0,19.7,12.0,21.0,10.0,1.0,0.0,1853.1717124053774,0.0,1650.1122266177693,0.0,1386.9456082041939,0.0,1338.1758530319874,0.0,7057.959099702512,4234775.459821506,5519676.1896442589,81.08395057964427,85.82688775589064,0.3485986366567504,0.7655782966053703,0.36028137401965945,85.82688775589064,0.3542647819438875,5519676.1896442589,0.2881531618615014 
 03/26  10:20:00,6.26,73.0,4.7233333333333349,237.16666666666669,146.0,0.0,0.0,1.0,2.0,0.0,0.0,0.0,0.0,0.0,0.0,2940.0,0.0,572.4829808434848,82.35389526351492,211.02952843712164,17.165938050247726,456.8959897464255,0.0,82.35389526351487,112.58401846553461,0.0,0.0,20.780391309551157,-1391.456421029846,20.14021465207263,403.4930063774678,20.813268086525978,-864.154467091369,19.982930191793359,351.90131757856127,14.363410956138413,50.029432922814049,19.097639972191595,-98.96756086513178,16.927396699937135,121.50205498353445,18.552565611303004,-273.8630741556841,16.29203308533261,-210.2869972078877,707.8081276857685,1082.5475226139518,0.0,0.0,0.0,0.0,0.0,0.0,0.0,0.0,0.0,0.0,0.0,0.0,0.0,0.0,0.0,0.0,0.0,0.0,0.0,0.0,0.0,0.0,1.8310964158398289,0.5589427398778477,416.0519375021272,493.8360737157569,12846.66651321292,0.3950212016372374,0.060290171190054569,272.7222281055309,324.7013955443533,7927.4979587102429,4.131458064193474,0.7806988027576485,321.6307097759586,381.52487786634085,10002.41732578041,0.5768423345010317,0.10900270871145723,286.75680077761856,341.4082161454435,8301.234183710381,0.0,0.0,11.158061463578044,13.572378180290505,188.63010487198083,0.0,0.0,16.19008621752312,19.339149258733067,437.0985746637742,0.0,0.0,244.33385839971718,294.2389334840701,5523.776952671595,0.0,0.0,43.13783455579402,51.40095995966331,1218.6781918961993,0.0,0.0,204.08169693029672,247.04420625810966,4006.4834062213255,17.740210656831239,12.167497021146259,557.4841156083875,665.3791142027463,15853.026243081309,0.0,0.0,207.8834625103161,252.0541121866823,3891.943856813956,1808.6846679076244,21.66030904755201,31.82616693733881,22.000000000000005,30.000000000000008,0.0,20.72952850854518,33.76251815634548,16.000000000000005,30.000000000000008,1600.169380871764,21.51501479790764,32.159261529870978,21.500000000000005,30.000000000000008,0.0,20.632589794719494,33.974260573573207,16.000000000000005,30.000000000000008,0.0,14.489038792479285,49.676873784141069,12.000000000000002,30.000000000000008,0.0,19.64810484391664,38.62081340390556,19.000000000000005,30.000000000000008,0.0,17.382178279525339,41.434557994998858,10.000000000000002,30.000000000000008,1252.1381082597932,20.251505482918107,35.51548514632252,20.700000000000004,30.000000000000008,0.0,15.865324542405574,45.67622459551925,12.000000000000002,30.000000000000008,0.0,19.964939976750878,0.0,0.0,0.0,15.389392142853277,0.0,0.0,700.5869495925891,704.6704956989406,702.823213529702,704.914753258847,692.5169328985091,877.2841406044014,698.146847479244,762.3519034487472,702.0682880275604,9881.618818406694,81.47088623074677,85.03916587751651,60.000000000000017,0.0,60.000000000000017,60.000000000000017,16.0,16.0,19.0,12.0,19.7,12.0,21.0,10.0,1.0,0.0,1808.6846679076244,0.0,1600.169380871764,0.0,0.0,0.0,1252.1381082597932,0.0,5400.020065020844,3240012.039012505,4224538.787931099,81.47088623074677,85.09976711179414,0.35000066883402816,0.7664132434135705,0.3602813740196596,85.09976711179414,0.35426478194388757,4224538.787931099,0.22080601697241715 
 03/26  10:30:00,6.4350000000000009,72.0,4.715,242.0,149.0,0.0,0.0,1.0,2.0,0.0,0.0,0.0,0.0,0.0,0.0,2940.0,0.0,611.1210826223995,83.96242338295569,215.1513509672585,18.32448992900529,487.7327253822466,0.0,83.96242338295565,114.78299835497382,0.0,0.0,20.812297730234996,-1531.637293754381,20.232526639543793,436.85524701123497,20.50522503326973,-148.34317719055526,19.978607154566626,195.2389829613374,14.39245379800281,52.936353802007619,18.915264178227127,-85.36191727962469,16.941246877821479,184.15023385276073,18.556904879730174,-316.27491250284796,16.329735630493837,-106.20812609272594,713.5266881011503,1063.3089854689438,0.0,0.0,0.0,0.0,0.0,0.0,0.0,0.0,0.0,0.0,0.0,0.0,0.0,0.0,0.0,0.0,0.0,0.0,0.0,0.0,0.0,0.0,1.8203295480255979,0.5556561501909638,463.4458262161091,549.9673712660799,14158.185329787933,0.38515092219199156,0.058783718283270999,263.1099801150218,313.13198466129657,7591.749939270414,4.317909774039629,0.8159315521616839,269.5914772190522,320.4358079900388,8112.580066281337,0.5969400894046688,0.11280047040904548,217.64456849328514,259.0575011194636,6204.086409955762,0.0,0.0,11.248167301500108,13.678423824741716,186.92462099634265,0.0,0.0,16.169748361830398,19.33262838671965,419.74622744617519,0.0,0.0,238.77159516552696,287.4682168625677,5328.505813825419,0.0,0.0,51.06987524392064,60.87208794809537,1426.6265049017687,0.0,0.0,200.43324681540029,242.50004542443217,3911.334195384659,17.396387470112477,11.931678648911167,523.7639879098798,624.8841517709634,14847.168858128985,0.0,0.0,204.80663079324416,248.07340998227023,3868.3869686402188,1792.1926317439427,21.665594639165989,31.593556601486747,22.0,30.0,0.0,20.801936592027365,33.45006092833466,16.0,30.0,47.3020600562476,21.243762886098325,32.38616633950707,21.0,30.0,0.0,20.58238526386316,33.80229461038873,16.0,30.0,0.0,14.525798809847855,49.73399952937747,12.0,30.0,0.0,19.29360602524435,40.66349213158039,19.0,30.0,0.0,17.41703911461011,41.54821448613137,10.0,30.0,524.4397158723986,20.30486573747482,35.56425634917957,20.2,30.0,0.0,15.988528171966433,45.71945194507468,12.0,30.0,0.0,20.093317968025909,0.0,0.0,0.0,15.655953735724954,0.0,0.0,689.6349519309307,698.0297895151111,687.5149884266818,691.5044572677515,700.0347641728823,944.439293576819,710.6884244412652,762.1127770779647,721.483036775438,9891.71652611349,81.4643130800222,83.18375399222131,60.0,0.0,60.0,60.0,16.0,16.0,19.0,12.0,19.7,12.0,21.0,10.0,1.0,0.0,1792.1926317439427,0.0,47.3020600562476,0.0,0.0,0.0,524.4397158723986,0.0,2602.200347010258,1561320.2082061549,2020818.5152074923,81.4643130800222,83.21295580706254,0.3417400115670086,0.7683225435097603,0.36028137401965956,83.21295580706254,0.3542647819438875,2020818.5152074923,0.10621256279078961 
 03/26  10:40:00,6.609999999999999,71.0,4.706666666666667,247.5,151.5,0.0,0.0,0.0,0.0,0.0,0.0,0.0,0.0,0.0,0.0,3675.0,0.0,650.8437702159337,85.69677757834408,219.59559781117887,19.515562845668396,519.4350602292893,0.0,85.69677757834404,117.15399202970642,0.0,0.0,20.891738225766479,-1380.420433698546,20.328127984905483,426.09941383692788,20.802706089293165,-814.1755044222427,20.03076991031964,452.2936810885257,14.423109915438874,54.05624098516784,18.679693920621689,-221.41931378187977,17.076694099120048,266.4322424828213,17.804261778478034,-117.59335304887485,16.36162490076112,-130.6156273679084,704.5050144533358,924.429260608631,0.0,0.0,0.0,0.0,0.0,0.0,0.0,0.0,0.0,0.0,0.0,0.0,0.0,0.0,0.0,0.0,0.0,0.0,0.0,0.0,0.0,0.0,1.8184557327392004,0.5550841675028084,419.1900887463389,497.2672116780841,12741.65826201175,0.3940694908288209,0.06014491618266498,279.0193150990525,332.02168889920019,7986.267078151224,4.109480129698001,0.7765457539111873,330.96180863714945,392.93078447998087,10078.897926999856,0.7905845121248701,0.14939238702284017,309.09781984272896,368.10187372155789,8758.484091232185,0.0,0.0,11.214942706488646,13.638085954281327,183.15500066609318,0.0,0.0,76.3414971942261,91.4656409255416,1890.1275165660032,0.0,0.0,305.4018490725451,367.37250779163858,6855.8681593806809,0.0,0.0,34.68143464851117,41.56399880074565,860.6685175658676,0.0,0.0,200.0431941270306,241.96716631108618,3863.179162827879,17.071043469644139,11.708534615668136,585.5059618054482,698.5314955315168,16379.820547050072,0.0,0.0,202.94113277972236,245.8132394578435,3763.2201436162256,1819.0567616863828,21.76552134171826,31.318376317800934,22.0,30.0,0.0,20.868026403608739,33.1845697865408,16.0,30.0,1373.4106353174362,21.57479604226375,31.635295509822279,21.4,30.0,0.0,20.693545564049466,33.44382536665017,16.0,30.0,0.0,14.563206061010567,49.89143951368381,12.000000000000002,30.0,0.0,18.844725618390585,39.42885260707594,16.0,30.0,0.0,17.668419656227724,41.45132119427016,10.0,30.0,0.0,18.816559599114478,38.65455566369662,16.0,30.0,0.0,16.06719610697541,45.77701087545408,12.000000000000002,30.0,0.0,20.142989186261877,0.0,0.0,0.0,15.664203395327837,0.0,0.0,686.4720034938016,691.9753015188732,682.8030354562668,685.8289710390432,712.6873689687288,799.0678804078515,742.7308893021243,744.3861041602818,736.0411611254774,9528.39090890429,81.7045236388468,84.47769641236615,60.0,0.0,60.0,60.0,16.0,16.0,16.0,12.0,16.0,12.0,21.0,10.0,1.0,0.0,1819.0567616863828,0.0,1373.4106353174362,0.0,0.0,0.0,0.0,0.0,4196.881908795138,2518129.1452770826,3279593.990397744,81.7045236388468,84.5247940923623,0.3438960636265046,0.7675163458460419,0.36028137401965956,84.5247940923623,0.35426478194388757,3279593.990397744,0.1716688875006827 
 03/26  10:50:00,6.784999999999999,70.0,4.698333333333333,253.0,154.0,0.0,0.0,0.0,0.0,0.0,0.0,0.0,0.0,0.0,0.0,2205.0,0.0,690.8198593050599,87.40288279114302,223.96745743346734,20.71423375673558,551.3396307360057,0.0,87.40288279114297,119.48636720354955,0.0,0.0,20.885452764399888,-1285.9117628112495,20.414480260902125,332.32614512931738,20.843743985784898,-849.0238305574628,20.05320925086891,385.47612668248476,14.453486887019406,50.37992019614059,18.48172825312193,-125.00223247674461,17.134994661240837,188.3708641260705,17.23106097476215,-33.996787587008679,16.37506631485968,-123.41760302486736,676.8880407203535,835.4910512875449,0.0,0.0,0.0,0.0,0.0,0.0,0.0,0.0,0.0,0.0,0.0,0.0,0.0,0.0,0.0,0.0,0.0,0.0,0.0,0.0,0.0,0.0,1.8188042812877599,0.5551905620536513,418.8196927044055,496.6253333948969,12582.126829773497,0.3862019022841341,0.058944124280240307,260.00203316493869,309.15707304600877,7371.520631571526,4.226254755572002,0.7986120097452774,358.39439565651517,424.7726406649163,10801.696225452151,0.8968573470025366,0.16947417743812116,280.40541222375875,333.53544380745657,7862.453456500258,0.0,0.0,10.435898156248538,12.680363482871636,167.41807331043186,0.0,0.0,63.347037244444127,75.94255209260197,1503.761679360032,0.0,0.0,295.14874497647278,354.7569203887483,6554.333914786741,0.0,0.0,22.306599303340989,26.808636315901276,502.3587377780262,0.0,0.0,196.7975681930854,237.85314405855366,3747.189416439944,16.566835165238506,11.362712733359756,573.7870134091552,683.9042086041037,15865.140121023822,0.0,0.0,198.41301439722018,240.13352663351476,3629.865068579536,1748.3872334774279,21.78152654998435,31.22315915918923,22.000000000000019,30.00000000000002,0.0,20.91010417967106,33.00426323989375,16.000000000000015,30.00000000000002,1842.8584336221275,21.628768414369547,31.466168719922977,21.666666666666687,30.00000000000002,0.0,20.676155671083408,33.426883209121388,16.000000000000015,30.00000000000002,0.0,14.5981709273886,50.03293611527664,12.00000000000001,30.00000000000002,0.0,18.50971885985808,39.31811680043971,16.000000000000015,30.00000000000002,0.0,17.7258392411551,41.0414001191673,10.000000000000007,30.00000000000002,0.0,17.846351866642725,40.95190676236727,16.000000000000015,30.00000000000002,0.0,16.11116972067825,45.7082230479681,12.00000000000001,30.00000000000002,0.0,20.16859768687854,0.0,0.0,0.0,15.718737535628666,0.0,0.0,683.6478933580327,687.4688107936181,679.5597931521065,684.2117130931522,724.6643746834441,743.2003733047116,729.0267427323042,739.8317667436442,740.0886260951387,9193.45704020358,81.92599645710813,84.22617440767158,60.00000000000004,0.0,60.00000000000004,60.00000000000004,16.0,16.0,16.0,12.0,16.0,12.0,21.0,10.0,1.0,0.0,1748.3872334774279,0.0,1842.8584336221275,0.0,0.0,0.0,0.0,0.0,3481.0757497180418,2088645.4498308234,2713975.473067295,81.92599645710813,84.2652390653389,0.34270252499060158,0.7689297157727664,0.3602813740196598,84.2652390653389,0.3542647819438878,2713975.473067295,0.1422600579328327 
 03/26  11:00:00,6.96,69.0,4.69,258.5,156.5,0.0,0.0,0.0,0.0,0.0,0.0,0.0,0.0,0.0,0.0,2942.0,0.0,730.9517100794949,89.08046863516482,228.26623690652048,21.91757497245315,583.3685115281161,0.0,89.08046863516478,121.77975423808543,0.0,0.0,20.739363084234648,-626.1539766125641,20.421391901414734,188.99347035601103,20.906289980750878,-1105.7486851254878,20.120648747120009,340.20904536278956,14.478451810821385,45.858324379642898,18.404585601950598,-99.76783690711005,17.104156519514885,162.86444559081793,16.903369867045428,-9.389667993345896,16.390397306075543,-112.37589111305738,611.2325322306979,728.0461660083206,0.0,0.0,0.0,0.0,0.0,0.0,0.0,0.0,0.0,0.0,0.0,0.0,0.0,0.0,0.0,0.0,0.0,0.0,0.0,0.0,0.0,0.0,1.8621847149903026,0.5684324526832427,273.82763276916156,325.12260143558657,7978.764236234596,0.3851398772624578,0.05878203254921517,199.37032218596932,237.16422201146015,5556.408111804125,4.149976272205378,0.78419808620661,344.27196414141306,408.3816889373402,10194.92799384536,0.6789094054772823,0.12828975916048414,272.0785607598507,323.71810270372006,7554.140926770315,0.0,0.0,9.782281698439697,11.887243978927819,153.87236681202939,0.0,0.0,57.01155419535091,68.38741015889079,1316.829237995197,0.0,0.0,277.09693600841788,333.242761066851,6009.120858104244,0.0,0.0,12.045790645934688,14.507348648866106,254.61890851243664,0.0,0.0,183.7418471619102,222.1123253442585,3447.452929425233,15.964349717699865,10.94948540308633,469.18830961860729,559.5175422642084,12809.026096861882,0.0,0.0,184.15227698116829,222.93318140936413,3308.7740061193715,966.1736553243,21.397194955458916,31.856984091138857,21.5,30.0,0.0,20.822392764498305,33.095499515886498,16.0,30.0,1637.5000251507329,21.61611005255892,31.341051526503838,21.5,30.0,0.0,20.752312361221429,33.143706263752388,16.0,30.0,0.0,14.62200849151232,49.981743495177187,12.0,30.0,0.0,18.36777372644662,39.42140552044261,16.0,30.0,0.0,17.641367892684923,41.06315714648706,10.0,30.0,0.0,17.3335631543088,42.203542781916599,16.0,30.0,0.0,16.15265886838436,45.36950715816193,12.0,30.0,0.0,20.04637821869275,0.0,0.0,0.0,15.733815593700426,0.0,0.0,678.1248109459091,683.7058252494527,672.5120377812615,678.3934520240666,726.4560295939193,729.6313430690404,719.5239096347664,735.6195804566994,730.2821578921407,6016.210210320329,82.07044781198447,82.07044781198447,60.0,0.0,60.0,60.0,16.0,16.0,16.0,12.0,16.0,12.0,21.0,10.0,1.0,0.0,966.1736553243,0.0,1637.5000251507329,0.0,0.0,0.0,0.0,0.0,0.0,0.0,0.0,82.07044781198447,82.07044781198447,0.255,0.5401834001748282,0.27021103051474468,82.07044781198447,0.2656985864579156,0.0,0.0011366666666666665 
 03/26  11:10:00,6.994999999999999,68.5,4.723333333333334,264.0,159.0,0.0,0.0,0.0,0.0,0.0,0.0,0.0,0.0,0.0,0.0,2946.0,0.0,771.1715728335663,90.72904819709537,232.49068846518478,23.123555042268923,615.4676321939568,0.0,90.72904819709533,124.0334874858984,0.0,0.0,20.6451017123259,-736.1174524912262,20.415963099545878,168.73427969320938,20.825293953413977,-462.34885124393215,20.079334349687046,131.3103050570952,14.504262840846434,45.45329730828669,18.370947872202185,-81.6457651838461,17.10460078829467,180.57472073594318,16.643599164248266,-30.396072528967737,16.414735960687297,-81.60563131104004,596.0717554542953,693.7828972814896,0.0,0.0,0.0,0.0,0.0,0.0,0.0,0.0,0.0,0.0,0.0,0.0,0.0,0.0,0.0,0.0,0.0,0.0,0.0,0.0,0.0,0.0,1.9019829785533294,0.5805808847842886,344.93653829128137,409.7265122362892,9885.327441820858,0.38030766366031856,0.05804451521067133,189.60640719380789,225.55451769090792,5234.700422072144,4.347321308313175,0.8214892872851808,292.61441404874787,347.59787292589638,8517.132346808936,0.6100187550268443,0.11527187358783903,181.12302904513909,215.4685456869951,4974.393605539399,0.0,0.0,9.56876481545886,11.625347272974598,150.29962027216704,0.0,0.0,52.046681905452839,62.4324719683825,1190.733003286833,0.0,0.0,272.4146895903626,327.59279885112326,5882.276794507587,0.0,0.0,14.657028408794025,17.66891977175382,296.7413412368289,0.0,0.0,174.5745762133941,210.9773292092919,3281.833888813768,15.651195110375572,10.734701721793949,420.1433953571674,501.06393566299848,11446.598690791348,0.0,0.0,184.41094876236003,223.145829324697,3341.0581551031689,902.0126345394808,21.24572668855805,31.966686247726174,21.5,30.0,0.0,20.73544490449933,33.0943300003531,16.0,30.0,970.8150368282609,21.447990342247964,31.518119315197944,21.25,30.0,0.0,20.631628580195068,33.21431684337114,16.0,30.0,0.0,14.647681269849186,49.759910070649137,12.0,30.0,0.0,18.29368827271375,39.313335055369488,16.0,30.0,0.0,17.632147524289026,40.75324633526607,10.0,30.0,0.0,16.936845957613767,43.07107446796469,16.0,30.0,0.0,16.20895981865833,44.79918361033873,12.0,30.0,0.0,20.068214749399723,0.0,0.0,0.0,15.845105584526474,0.0,0.0,669.7609525413087,675.6015632081096,666.2979710283223,670.6764272353635,721.4289173812514,714.9745363082654,703.9352319532611,726.2493210038153,712.3362967066524,5933.030649638169,82.77471227476045,82.77471227476046,60.0,0.0,60.0,60.0,16.0,16.0,16.0,12.0,16.0,12.0,21.0,10.0,1.0,0.0,902.0126345394808,0.0,970.8150368282609,0.0,0.0,0.0,0.0,0.0,0.0,0.0,0.0,82.77471227476045,82.77471227476045,0.255,0.539001403998929,0.27021103051474468,82.77471227476045,0.2656985864579156,0.0,0.00114 
 03/26  11:20:00,7.03,68.0,4.756666666666668,269.5,161.5,0.0,0.0,0.0,0.0,0.0,0.0,0.0,0.0,0.0,0.0,2211.0,0.0,811.4326264295519,92.34788898195679,236.63893505636043,24.330770047905827,647.599625181819,0.0,92.34788898195674,126.24656557081981,0.0,0.0,20.861971309676066,-1394.5736386363759,20.500833981597557,307.1036333723652,20.474491791182943,-274.4936266019024,20.012702461346959,255.08826517833638,14.532785017088557,46.90331275719045,18.366285144143583,-73.62813308581073,17.16568297783872,206.84364206518382,16.43812433171335,-24.684294886513699,16.439846923762589,-76.64384258635646,596.0641793803283,654.7463956891868,0.0,0.0,0.0,0.0,0.0,0.0,0.0,0.0,0.0,0.0,0.0,0.0,0.0,0.0,0.0,0.0,0.0,0.0,0.0,0.0,0.0,0.0,1.8583931156234373,0.5672750658191199,428.07501807864858,507.4197367279213,12569.08965029716,0.3882414854302708,0.05925541596921104,249.35688826783338,296.49905476958176,6908.029578877657,4.3554293603163469,0.8230214210726278,287.60061686446428,341.8232612392432,8217.160156772547,0.9830130475464067,0.1857545441319739,265.7083588695495,316.2929127202541,7219.3856923880589,0.0,0.0,9.779296795244863,11.874326905504479,153.48844883690809,0.0,0.0,51.21890428484861,61.43793158051925,1164.6561687499462,0.0,0.0,274.8349786329766,330.2125354918842,5972.999421362272,0.0,0.0,18.25961018515958,22.01472782609669,356.95859202977638,0.0,0.0,171.6652267062839,207.3072970733436,3231.393209137549,15.563474366975055,10.674536602863549,512.7792765292517,611.2892062084623,13856.031948924656,0.0,0.0,185.40853553023158,224.11671537590719,3391.93782440845,1844.8818041812675,21.703882768798658,31.001853722088709,21.999999999999994,29.99999999999999,0.0,20.82663671413213,32.78168655066672,15.999999999999993,29.99999999999999,85.23892007529205,21.06949973970673,32.17813137492736,20.999999999999994,29.99999999999999,0.0,20.521736701420879,33.33141562940209,15.999999999999993,29.99999999999999,0.0,14.67803039867431,49.47502267653802,11.999999999999995,29.99999999999999,0.0,18.258521434713228,39.191414377416389,15.999999999999993,29.99999999999999,0.0,17.74085044948768,40.318251522963567,9.999999999999997,29.99999999999999,0.0,16.636124609954764,43.65991405852498,15.999999999999993,29.99999999999999,0.0,16.25721958696284,44.49149572108401,11.999999999999995,29.99999999999999,0.0,20.090799117890769,0.0,0.0,0.0,15.973755317075606,0.0,0.0,666.1576514547553,669.5935764469341,663.4993572361796,665.9223299761943,714.4448412876012,704.924189902049,696.9859424396947,715.5617410782319,705.2529261175473,10017.210298076872,81.38131266830006,83.69545248952487,59.99999999999998,0.0,59.99999999999998,59.99999999999998,16.0,16.0,16.0,12.0,16.0,12.0,21.0,10.0,1.0,0.0,1844.8818041812675,0.0,85.23892007529205,0.0,0.0,0.0,0.0,0.0,3502.18424700249,2101310.548201495,2719269.42509647,81.38131266830006,83.73475426610625,0.3434061415667496,0.7663923361679087,0.36028137401965945,83.73475426610625,0.35426478194388735,2719269.42509647,0.14254534343834977 
 03/26  11:30:00,7.0649999999999999,67.5,4.79,275.0,164.0,0.0,0.0,0.0,0.0,0.0,0.0,0.0,0.0,0.0,0.0,2948.0,0.0,851.7012000251637,93.9359773019667,240.70837908767704,25.53821037598776,679.7376180472745,0.0,93.93597730196665,128.41760270479868,0.0,0.0,20.681918148812238,-945.5886143752423,20.627214865438824,333.1140571428823,20.946603411098523,-1043.1981354149198,20.133627953964934,526.1677690852657,14.565128405986372,49.26816185613565,18.39309066761306,-64.07994483192727,17.211437619217436,215.62062774463676,16.293668719304827,-14.93443025512002,16.478673359310397,-35.20625989015366,627.9376819675335,623.4965366288384,0.0,0.0,0.0,0.0,0.0,0.0,0.0,0.0,0.0,0.0,0.0,0.0,0.0,0.0,0.0,0.0,0.0,0.0,0.0,0.0,0.0,0.0,1.8727673049856655,0.5716627915096659,413.7476591665667,490.9464643596862,11985.536969563496,0.3986428774528765,0.0608429300141753,265.8560692622609,315.9920910659112,7411.6616596819189,4.171822077195406,0.7883261672704853,368.99034304454008,437.5202677558359,10978.869728333684,1.0655102731166544,0.20134358902431108,317.07194077724946,377.20120794140669,8744.025857004155,0.0,0.0,9.880498580836358,11.998399813193157,155.05596207638494,0.0,0.0,48.676379224895978,58.39334083881265,1104.4279719813897,0.0,0.0,275.92099806186539,331.5363348057966,6007.302665177132,0.0,0.0,22.41787250761986,27.05799218241367,428.28830220509209,0.0,0.0,169.1458272895431,204.2729865288493,3195.4095409168919,15.789082840104678,10.829274924625983,580.9353127566641,692.3314464735778,15758.761430090672,0.0,0.0,188.23269851754925,227.4606117827846,3494.7633091411887,1140.8188044850775,21.555842944537614,31.20316577808181,21.75,30.0,0.0,20.958759741463664,32.42113098688178,16.0,30.0,1711.6967128446514,21.73448298081341,30.81677573431775,21.5,30.0,0.0,20.756341861267999,32.762297478052648,16.0,30.0,0.0,14.714243549081515,49.17667802271363,12.0,30.0,0.0,18.27132501193872,38.99964897133759,16.0,30.0,0.0,17.799563697593198,40.00120981377974,10.0,30.0,0.0,16.440712656353779,43.960875156409539,16.0,30.0,0.0,16.329973394322445,44.0905872099693,12.0,30.0,0.0,20.224075112690224,0.0,0.0,0.0,16.15069222648551,0.0,0.0,662.2081888634531,665.4133409160817,659.5812814148574,662.0110566699256,707.6829053870031,697.5186767213005,689.6861731381478,705.0850172537083,697.2742978347126,9446.961228517654,81.75839127303895,83.56151349315815,60.0,0.0,60.0,60.0,16.0,16.0,16.0,12.0,16.0,12.0,21.0,10.0,1.0,0.0,1140.8188044850775,0.0,1711.6967128446514,0.0,0.0,0.0,0.0,0.0,2728.710876536032,1637226.5259216193,2123691.0599205119,81.75839127303895,83.59213649441074,0.34595702921786777,0.7695453604091231,0.36028137401965956,83.59213649441074,0.3542647819438875,2123691.0599205119,0.1115786017825333 
 03/26  11:40:00,7.1,67.0,4.823333333333333,270.1666666666667,155.5,0.0,0.0,0.0,0.0,0.0,0.0,0.0,0.0,0.0,0.0,2948.0,0.0,848.4874471471461,92.44893790611657,236.89785587216955,25.44183767492993,677.1726484943395,0.0,92.44893790611653,126.38470711114558,0.0,0.0,20.787323710664059,-1057.7699639859712,20.71881229853895,179.50454911835147,20.86624903267755,-612.1709899919123,20.12676723723392,266.49646852887829,14.596473207345472,48.647007885693458,18.417291600030713,-61.99683578332392,17.25632081742581,190.3346471271808,16.18719668428736,-1.9187540389995386,16.532444197010535,-10.038240710950728,574.6188814277409,579.5821536307797,0.0,0.0,0.0,0.0,0.0,0.0,0.0,0.0,0.0,0.0,0.0,0.0,0.0,0.0,0.0,0.0,0.0,0.0,0.0,0.0,0.0,0.0,1.865660941905269,0.5694935720101556,399.76206501153407,474.5833161114657,11517.417156707153,0.38080366637722926,0.058120217701042347,217.33576009630048,258.2895500975457,6080.72841194438,4.426235457183371,0.8364012579711593,318.1427245353118,377.00031889735217,9376.54853975031,1.0806068237314977,0.2041963007807063,263.3115257841594,313.1510994772726,7195.972592350225,0.0,0.0,9.653692144101687,11.721009203009718,151.47196645017616,0.0,0.0,47.562480552912877,57.053757650845899,1077.5355993123145,0.0,0.0,270.52833914089606,324.95598325988626,5903.789901990009,0.0,0.0,26.864444349861885,32.44201285918109,504.22651112629736,0.0,0.0,161.5181969285986,194.96291810732914,3069.5139414030547,15.383984116571869,10.551429435234484,490.8741225762496,585.0070031949304,13258.918365304437,0.0,0.0,183.98829825420285,222.20691198180072,3445.7620824909388,1748.9868112615607,21.59290757390737,30.904511775598598,22.000000000000008,30.00000000000001,0.0,21.035511679961915,32.09128098911562,16.000000000000008,30.00000000000001,1527.6528850032538,21.54453556444774,31.03990703401422,21.500000000000008,30.00000000000001,0.0,20.656691539417666,32.803154176644067,16.000000000000008,30.00000000000001,0.0,14.750191272168822,48.827440689730547,12.000000000000004,30.00000000000001,0.0,18.292628956296409,38.718208091861708,16.000000000000008,30.00000000000001,0.0,17.864065178638513,39.55548090375272,10.000000000000004,30.00000000000001,0.0,16.304904243973053,44.02771013518915,16.000000000000008,30.00000000000001,0.0,16.42372672620089,43.52961103426948,12.000000000000004,30.00000000000001,0.0,20.12829540155984,0.0,0.0,0.0,16.266037214180878,0.0,0.0,651.9664776411796,657.7740164161805,653.8115830563422,655.5653884365122,699.1133057863149,687.25824498268,677.7808943096561,692.2352569068845,685.3837120487303,8542.232900974412,82.35663651547648,82.35663651547648,60.00000000000002,0.0,60.00000000000002,60.00000000000002,16.0,16.0,16.0,12.0,16.0,12.0,21.0,10.0,1.0,0.0,1748.9868112615607,0.0,1527.6528850032538,0.0,0.0,0.0,0.0,0.0,0.0,0.0,0.0,82.35663651547648,82.35663651547648,0.34000000000000016,0.7704111952832702,0.36028137401965967,82.35663651547648,0.35426478194388769,0.0,0.00115 
 03/26  11:50:00,7.135,66.5,4.8566666666666669,265.3333333333333,147.0,0.0,0.0,0.0,0.0,0.0,0.0,0.0,0.0,0.0,0.0,2950.0,0.0,842.3822781249717,90.91838844058869,232.97583883588937,25.25876713206068,672.3000690534776,0.0,90.91838844058865,124.29232995353776,0.0,0.0,20.715284563654718,-712.0512869097338,20.70188340107695,107.37106163279356,20.84151666044066,-408.7765515761407,20.120738758925364,148.7361004171679,14.624831730823303,47.714715847455,18.447392694494974,-59.39460678219626,17.24164941239919,189.0315477537838,16.112478186815886,10.064980373309794,16.58500485893422,2.243544698358164,557.5372427989441,542.6315917617276,0.0,0.0,0.0,0.0,0.0,0.0,0.0,0.0,0.0,0.0,0.0,0.0,0.0,0.0,0.0,0.0,0.0,0.0,0.0,0.0,0.0,0.0,1.9139682995026118,0.5842394076625799,325.36339502405976,386.3293983421015,9237.795542210906,0.3737861947542176,0.057049175023537488,130.6932098431556,155.30076828061199,3629.2394497033058,4.46425399349708,0.8435854107137345,308.7341200456811,366.56310131673509,8912.781156234345,0.8801589764609075,0.16631877862073078,191.7104236394643,227.99168360002157,5214.907453819065,0.0,0.0,9.36918551427472,11.373057223796464,146.89047954608408,0.0,0.0,46.9238647604749,56.258103571624157,1062.990641352303,0.0,0.0,265.46660573387939,318.9209817708167,5744.247834615525,0.0,0.0,28.8120838220516,34.80333981910947,533.8072477284458,0.0,0.0,157.24201667077197,189.7609626589327,3002.780597740639,15.145198872066264,10.387653547370555,404.9916517649262,482.70595322897585,10985.794963312755,0.0,0.0,180.77235754778617,218.25731410690308,3410.2558801744178,917.1992707036084,21.30275350591232,31.301440794301958,21.5,30.0,0.0,20.94483811265543,32.10776397034904,16.0,30.0,910.8387415580066,21.45917851138764,30.990858351845014,21.25,30.0,0.0,20.62638585189389,32.68908956596185,16.0,30.0,0.0,14.780766846326334,48.469861766410179,12.0,30.0,0.0,18.327929422179819,38.39821773551661,16.0,30.0,0.0,17.805955169266853,39.4742958059604,10.0,30.0,0.0,16.218991957504387,43.944743768767747,16.0,30.0,0.0,16.5096717841204,42.99997839502802,12.0,30.0,0.0,20.120689078320554,0.0,0.0,0.0,16.374743957388206,0.0,0.0,645.2626767588857,650.6786066268437,644.4613235340337,648.216722259576,689.8867964046723,677.2308622715937,668.7587745050012,679.7694889365383,674.3296790929335,7478.9140306091,81.84606069997682,83.82785753707813,60.0,0.0,60.0,60.0,16.0,16.0,16.0,12.0,16.0,12.0,21.0,10.0,1.0,0.0,917.1992707036084,0.0,910.8387415580066,0.0,0.0,0.0,0.0,0.0,2998.7835398768618,1799270.1239261169,2329181.716521794,81.84606069997682,83.8615150264861,0.2699594513292287,0.5395621101860446,0.27021103051474468,83.8615150264861,0.2656985864579156,2329181.716521794,0.12226078259246663 
 03/26  12:00:00,7.17,66.0,4.89,260.5,138.5,0.0,0.0,0.0,0.0,0.0,0.0,0.0,0.0,0.0,0.0,1476.0,0.0,833.5460961633839,89.34981243895949,228.9563794293462,24.99380838291039,665.247896068711,0.0,89.34981243895945,122.14796763810696,0.0,0.0,20.987947875558754,-1390.0728255623708,20.77612566975325,345.1780539686688,20.670567275076644,-57.15763150033854,20.061878918024556,219.9801516380544,14.653178310854944,49.8078543043884,18.468339043204247,-65.64995444759427,17.324223618269337,252.8883662111566,16.051915084329687,15.28812659580683,16.62171052413681,-11.892613076749058,585.3584893008829,502.4592537153112,0.0,0.0,0.0,0.0,0.0,0.0,0.0,0.0,0.0,0.0,0.0,0.0,0.0,0.0,0.0,0.0,0.0,0.0,0.0,0.0,0.0,0.0,1.862672282763958,0.5685812828949811,470.49750925829189,556.8886063307161,13610.369766919592,0.3909263613639907,0.05966519556837466,255.308106999659,302.7986680911752,7129.5422092361009,4.585671659454338,0.8665290361780689,332.22099236522907,394.40694883322626,9348.082980263065,1.1584680209326304,0.21890930100767765,242.58053487599916,288.5081116532087,6538.666156876757,0.0,0.0,9.839490950050326,11.928043189581443,154.18649281129479,0.0,0.0,49.57002850311402,59.36963067143971,1121.2879497152674,0.0,0.0,268.07652676047999,321.5103472174354,5861.452502817639,0.0,0.0,29.94525045247957,36.13455692737771,548.5217979651158,0.0,0.0,153.52420008003839,185.017216071628,2937.307588748081,15.173120302253955,10.406804048185159,555.7084798543194,661.1278085080912,14992.729263139063,0.0,0.0,177.44249210193326,213.94377696759529,3351.2002512820365,1855.0796115043773,21.826268194023773,30.28012146814384,22.0,30.0,0.0,21.056766042485024,31.778967593676787,16.0,30.0,0.0,21.04748715557612,31.68730014233184,21.0,30.0,0.0,20.53177920739938,32.75579258260217,16.0,30.0,0.0,14.81190299674607,48.12376203638302,12.0,30.0,0.0,18.34745441437973,38.18066871836152,16.0,30.0,0.0,17.956593598008408,38.996200292854,10.0,30.0,0.0,16.149379140627404,43.953875881296628,16.0,30.0,0.0,16.562964314474195,42.75426599893058,12.0,30.0,0.0,20.25090762839518,0.0,0.0,0.0,16.42390956853859,0.0,0.0,643.500752296548,645.9383870370359,640.853779709282,642.9037547530189,681.2711085339549,670.1692245426925,664.6489671589113,672.9233892177697,670.7617331978743,9073.76039005639,82.00517357298048,82.0051735729805,60.0,0.0,60.0,60.0,16.0,16.0,16.0,12.0,16.0,12.0,21.0,10.0,1.0,0.0,1855.0796115043773,0.0,0.0,0.0,0.0,0.0,0.0,0.0,0.0,0.0,0.0,82.00517357298048,82.00517357298048,0.34,0.7712409224600504,0.36028137401965956,82.00517357298048,0.3542647819438875,0.0,0.0011366666666666665 
 03/26  12:10:00,7.153333333333334,65.83333333333333,4.8966666666666669,255.66666666666669,130.0,0.0,0.0,0.0,0.0,0.0,0.0,0.0,0.0,0.0,0.0,2214.0,0.0,822.1342563347005,87.7480806160906,224.8519587930008,24.651619697919388,656.1401170310392,0.0,87.74808061609056,119.95827880134108,0.0,0.0,20.9570363615231,-963.23983771655,20.884298773736377,163.56192802514466,21.0365989928816,-1225.646108006799,20.124853768836265,540.3769491596601,14.681386166839614,50.665096162431968,18.49324473683412,-50.67337717664077,17.36123396105024,175.37622656107005,16.01450077434955,27.5016338325291,16.65512659156481,15.2603571927948,573.8378197012049,520.0218580429706,0.0,0.0,0.0,0.0,0.0,0.0,0.0,0.0,0.0,0.0,0.0,0.0,0.0,0.0,0.0,0.0,0.0,0.0,0.0,0.0,0.0,0.0,1.870228656816773,0.5708878683811884,361.3845784677106,428.51016750879355,10491.171486943664,0.3794042379971895,0.05790662973095078,179.01898010632645,212.43102076948973,5039.134292721234,4.294017829862236,0.8114168234811485,381.2929403382882,451.27635139915358,11396.964905531311,1.2645150911640407,0.2389484299251777,334.1946472103331,397.2243165845901,9106.968071958589,0.0,0.0,9.629488305969547,11.680862568860395,151.76663217039187,0.0,0.0,44.15207250835213,52.905247994444497,1002.8456283519797,0.0,0.0,267.9771905324865,321.5916095180174,5875.748555854793,0.0,0.0,31.589918982184448,38.15251297303108,577.715659712879,0.0,0.0,159.59707589186824,192.4307534568507,3074.585483160706,15.402009156555473,10.56379228844683,549.668646759697,654.3905423497774,14832.867104990175,0.0,0.0,184.93019761985429,223.00016428260418,3556.7215754389965,1528.9310763578356,21.717959147721694,30.391364461113697,22.0,30.0,0.0,21.169417131119176,31.510857139877794,16.0,30.0,2188.778006577535,21.939015682157867,29.910683139222696,21.666666666666666,30.0,0.0,20.666822075700766,32.40220184453467,16.0,30.0,0.0,14.84198769623005,47.85849089472566,12.0,30.0,0.0,18.37967502769595,38.00084365543434,16.0,30.0,0.0,17.974521404596083,38.843028512931287,10.0,30.0,0.0,16.118161674977949,43.907151122962307,16.0,30.0,0.0,16.614919905801107,42.48007368905028,12.0,30.0,0.0,20.22680815252273,0.0,0.0,0.0,16.583267086003216,0.0,0.0,639.838950735179,644.039814462663,636.7473481428816,639.4630135578186,675.368106548707,665.9763652266397,660.4690055800045,668.1104075722508,665.9024221603787,8652.564772853058,82.28364046271708,82.28364046271708,60.0,0.0,60.0,60.0,16.0,16.0,16.0,12.0,16.0,12.0,21.0,10.0,1.0,0.0,1528.9310763578356,0.0,2188.778006577535,0.0,0.0,0.0,0.0,0.0,0.0,0.0,0.0,82.28364046271708,82.28364046271708,0.34,0.7713853886321155,0.36028137401965956,82.28364046271708,0.3542647819438875,0.0,0.0011300000000000002 
 03/26  12:20:00,7.136666666666667,65.66666666666667,4.903333333333333,250.83333333333332,121.5,0.0,0.0,0.0,0.0,0.0,0.0,0.0,0.0,0.0,0.0,2954.0,0.0,808.2990868876228,86.117516167736,220.6736550831717,24.236768590221293,645.0983037615235,0.0,86.11751616773596,117.72917357959783,0.0,0.0,20.810009968525763,-771.4216924650427,20.86304066829185,34.71482306223538,20.808346848268,-439.51190530811189,20.24607490201516,152.22239885608748,14.707710513581813,48.85813730284603,18.516473592458039,-55.54855979132748,17.348835383053136,178.47308086502654,15.989932434637883,33.88050351992689,16.695832553986983,17.38558259156048,534.3733992865621,477.9907951768414,0.0,0.0,0.0,0.0,0.0,0.0,0.0,0.0,0.0,0.0,0.0,0.0,0.0,0.0,0.0,0.0,0.0,0.0,0.0,0.0,0.0,0.0,1.9053805051417734,0.5816179808125072,289.13329178824656,342.9165593424446,8298.900718319428,0.3737004615903728,0.057036089986320637,168.22778808345798,199.82037753085454,4708.821561672147,4.453985362546003,0.841645004260394,239.13288194763323,283.9974405521353,6928.526113458794,0.8757394470000118,0.16548364455782534,209.01279364141628,248.64209957741873,5765.260902180235,0.0,0.0,9.373603576450833,11.37322535712029,148.52100242254213,0.0,0.0,45.990389633061429,55.119045519229889,1048.5160163373758,0.0,0.0,261.80588894021028,314.3313362545458,5725.883963110581,0.0,0.0,32.112281517589419,38.79606227850506,587.3608204330569,0.0,0.0,152.1842842670416,183.5148299000157,2954.7432044168656,15.369099481936056,10.541220495155047,377.7955665115535,450.2444712043448,10305.700839727491,0.0,0.0,177.64507329437505,214.25774116614083,3434.568052336051,949.3813013870195,21.398275515031167,30.850601355573227,21.5,30.0,0.0,21.08592768279891,31.543700891997906,16.0,30.0,894.0621429471172,21.332988889878516,30.939832929708318,21.25,30.0,0.0,20.808747913287524,31.99647796887301,16.0,30.0,0.0,14.868045053463124,47.612051484166219,12.0,30.0,0.0,18.40736774104256,37.81293606612607,16.0,30.0,0.0,17.929765292944535,38.8267137450749,10.0,30.0,0.0,16.103375820174194,43.8036801114427,16.0,30.0,0.0,16.675508436487278,42.175989294443038,12.0,30.0,0.0,20.12785122808888,0.0,0.0,0.0,16.618843375599597,0.0,0.0,634.0591054275669,638.511116401173,632.2197757938781,634.4718381766,669.7917808977288,661.0808426241035,655.7048896019494,663.0277336080895,660.8340708307303,7557.069474036305,81.8515060966272,83.84710188318202,60.0,0.0,60.0,60.0,16.0,16.0,16.0,12.0,16.0,12.0,21.0,10.0,1.0,0.0,949.3813013870195,0.0,894.0621429471172,0.0,0.0,0.0,0.0,0.0,3019.6313126833586,1811778.7876100152,2344811.4362392325,81.8515060966272,83.88099372456108,0.2706543770894453,0.5395407966078193,0.27021103051474468,83.88099372456108,0.2656985864579156,2344811.4362392325,0.1230601946844401 
 03/26  12:30:00,7.12,65.5,4.91,246.0,113.0,0.0,0.0,0.0,0.0,0.0,0.0,0.0,0.0,0.0,0.0,1478.0,0.0,792.1921075451749,84.46195275676321,216.43129205779659,23.75379833004111,632.2433828092054,0.0,84.46195275676317,115.4658928806653,0.0,0.0,21.034827043953159,-1422.2402257142667,20.87613197202117,266.9663060409098,20.758152544412718,-66.45534397978372,20.112648218350757,225.37069778062688,14.734698629654114,50.832389325935228,18.5329517478018,-59.311628685809868,17.405753911280688,242.49162970149428,15.967882225259168,37.17959289377643,16.72512559344426,10.792770650889452,570.1469050429687,454.1272100371398,0.0,0.0,0.0,0.0,0.0,0.0,0.0,0.0,0.0,0.0,0.0,0.0,0.0,0.0,0.0,0.0,0.0,0.0,0.0,0.0,0.0,0.0,1.8839938347927528,0.575089693160181,426.85863692028627,505.08385010421986,12464.424893919531,0.3848009896965119,0.05873030978273991,225.53372373949726,267.39034791549326,6342.063335257339,4.5364311753690249,0.8572243339699597,237.40553894584256,281.59122289779909,6809.6892226955719,1.075915953408929,0.20330989293441588,247.02490818646744,293.60970926483386,6689.019116236132,0.0,0.0,9.761967133082902,11.829867101843078,155.57975359230594,0.0,0.0,47.80888963647642,57.23874331650106,1093.4674983261107,0.0,0.0,263.78846696100927,316.25490998429145,5833.891337058617,0.0,0.0,33.077104469376617,39.92105753056721,605.1272221492521,0.0,0.0,149.27881500083655,179.7891106525438,2915.549958142895,15.579130910847132,10.685274973146186,473.4021352014412,563.1377672783401,12879.583803871883,0.0,0.0,175.15049539321297,210.9922073658153,3405.1425753419109,1854.32149415272,21.836912637926127,29.920700113292427,22.0,30.0,0.0,21.110699718891298,31.36817461984724,16.0,30.0,0.0,21.18908451219128,31.064562633167463,21.0,30.0,0.0,20.570174912705065,32.35059264596485,16.0,30.0,0.0,14.89625830520513,47.350080951415048,12.0,30.0,0.0,18.42673888294883,37.64780310953843,16.0,30.0,0.0,18.03634692337286,38.436720427991179,10.0,30.0,0.0,16.087053043969996,43.715081461076668,16.0,30.0,0.0,16.715534373227876,41.96357218503033,12.0,30.0,0.0,20.24543067023798,0.0,0.0,0.0,16.656100196939954,0.0,0.0,628.8735150519194,633.0393243271163,626.3354747915395,629.698898474648,664.0186761417569,656.395374199966,650.7965632227965,658.4260971030994,657.134528593763,9089.36614888334,81.99485457378123,81.99485457378123,60.0,0.0,60.0,60.0,16.0,16.0,16.0,12.0,16.0,12.0,21.0,10.0,1.0,0.0,1854.32149415272,0.0,0.0,0.0,0.0,0.0,0.0,0.0,0.0,0.0,0.0,81.99485457378123,81.99485457378123,0.34,0.7708947011373863,0.36028137401965956,81.99485457378123,0.3542647819438875,0.0,0.00113 
 03/26  12:40:00,7.1033333333333339,65.33333333333333,4.916666666666666,244.66666666666667,147.66666666666667,0.0,0.0,0.0,0.0,0.0,0.0,0.0,0.0,0.0,0.0,1478.0,0.0,883.2522825701008,85.54500381595332,219.206694312655,26.484210937291637,704.9177293555073,0.0,85.54500381595328,116.9465057898278,0.0,0.0,20.95688702573974,-1128.7986808346964,20.947260224916169,66.90103289021249,20.78690381167209,-305.93740235788257,20.04421547970869,173.06709419976779,14.769592665597166,49.22562050192792,18.5906646299483,-61.25145706609328,17.433657786438898,194.78846001241528,15.95813854758616,46.14115879384485,16.76019406972669,29.146397615892967,500.2701286357624,433.82052848702599,0.0,0.0,0.0,0.0,0.0,0.0,0.0,0.0,0.0,0.0,0.0,0.0,0.0,0.0,0.0,0.0,0.0,0.0,0.0,0.0,0.0,0.0,1.8618750292248599,0.5683379210088095,333.80432456411116,395.19618780036327,9558.152626162404,0.36476401441712105,0.05567216337257648,165.3717086582018,195.96974914549706,4659.5490021777609,4.59190122361152,0.8677062024965083,229.91489949126814,272.32502405480747,6772.8668105254569,1.1266342277420445,0.21289384500038628,237.05499410166898,281.88005052933979,6367.057169250651,0.0,0.0,9.43360925649932,11.430065208943262,151.29547525960835,0.0,0.0,48.60448117136887,58.18674503458833,1116.3269151079254,0.0,0.0,259.3772086132414,310.94885458111579,5748.421243880255,0.0,0.0,33.547800905067649,40.48827784438504,614.9722684921493,0.0,0.0,145.40565851291633,175.08531188907006,2859.637888422025,15.318787083977533,10.506712677625198,384.53833010071858,457.58920793885116,10387.699645437238,0.0,0.0,171.3629837342426,206.38665198920305,3353.1755493590565,1501.5314308308226,21.61645884922196,30.194692454742108,22.0,30.0,0.0,21.111133712158165,31.244249788623919,16.0,30.0,1153.7549036166207,21.508065033210224,30.37537233311075,21.5,30.0,0.0,20.433761361315236,32.431890807927867,16.0,30.0,0.0,14.929964965643066,47.06900695388421,12.0,30.0,0.0,18.459694441624444,37.41120931287426,16.0,30.0,0.0,18.043602826642436,38.262440705854967,10.0,30.0,0.0,16.089025557972215,43.502100542478149,16.0,30.0,0.0,16.76785681244719,41.598156151474899,12.0,30.0,0.0,19.954943685084296,0.0,0.0,0.0,16.703681645688485,0.0,0.0,623.699555327338,628.1426300059209,622.4627564880206,622.1587306967704,658.3389966358245,650.2829648734573,645.0533854481331,651.5084046771651,649.2900746880453,9893.596818317366,81.46303846931133,84.97904626048228,60.0,0.0,60.0,60.0,16.0,16.0,16.0,12.0,16.0,12.0,21.0,10.0,1.0,0.0,1501.5314308308226,0.0,1153.7549036166207,0.0,0.0,0.0,0.0,0.0,5321.003824997573,3192602.294998544,4139939.3422643255,81.46303846931133,85.03875974512119,0.3473667941665858,0.7703487454331948,0.36028137401965956,85.03875974512119,0.3542647819438875,4139939.3422643255,0.21640684579774498 
 03/26  12:50:00,7.086666666666667,65.16666666666667,4.923333333333333,243.33333333333335,182.33333333333332,0.0,0.0,0.0,0.0,0.0,0.0,0.0,0.0,0.0,0.0,2217.0,0.0,977.4939775190322,86.59399364091138,221.89481368478546,29.310019322080046,780.1312070667368,0.0,86.59399364091134,118.38055440945098,0.0,0.0,20.957896266013856,-1216.9941869025707,21.041155465447539,103.47956221643283,20.80308428430591,-435.5036033219152,20.094049629082137,300.6631152857186,14.809534662631199,50.24939170942197,18.674906240890935,-55.53614755016115,17.454879251619798,193.66700612125607,15.9489692604573,48.72210845761269,16.784574762905114,28.16244492641274,543.7613681407388,446.0431299939613,0.0,0.0,0.0,0.0,0.0,0.0,0.0,0.0,0.0,0.0,0.0,0.0,0.0,0.0,0.0,0.0,0.0,0.0,0.0,0.0,0.0,0.0,1.8664764344662828,0.5697425013633347,347.3833274345877,411.57108313356198,10090.928312367112,0.36645715486913468,0.055930579192480917,163.60610892053274,194.1498823459288,4626.621202109535,4.476372659524937,0.8458754080734963,280.3486518218049,332.58345755827988,8149.3821984473129,1.186416063932761,0.2241904882714969,278.17219029860686,331.0074486592107,7539.232007931447,0.0,0.0,9.51653322055449,11.537147844983143,153.68340293653427,0.0,0.0,45.79264351388644,54.83797920611727,1058.614324046886,0.0,0.0,262.6522357287415,315.05655579343877,5840.160681741042,0.0,0.0,34.28309355699004,41.40291570421474,629.3229422556594,0.0,0.0,150.83428849327587,181.72581575347764,2978.9929465468028,15.639277438909416,10.726527735877527,456.2636492683321,543.4977210398926,12368.583990019277,0.0,0.0,177.6184206394222,213.98275422687267,3519.0160894319399,1658.24455056225,21.60771519263516,30.073888991848138,22.000000000000019,30.00000000000002,0.0,21.180803480200976,31.003566084080103,16.000000000000015,30.00000000000002,867.7107637279486,21.415636116631679,30.415663463821248,21.33333333333335,30.00000000000002,0.0,20.545019691081799,32.13046071576565,16.000000000000015,30.00000000000002,0.0,14.97046831710517,46.79233671444259,12.00000000000001,30.00000000000002,0.0,18.52062455000732,37.14477055760051,16.000000000000015,30.00000000000002,0.0,18.06679151855785,38.054433886971398,10.000000000000007,30.00000000000002,0.0,16.08606586576774,43.38878842645348,16.000000000000015,30.00000000000002,0.0,16.794943348470608,41.4226927126202,12.00000000000001,30.00000000000002,0.0,20.131920552003199,0.0,0.0,0.0,16.812411388103376,0.0,0.0,617.9539175744862,623.7983803852424,616.9766034720809,619.2065308630458,653.5296579111072,645.6183006820957,639.6394461368548,647.5588554858307,645.8081174511257,8731.79633442624,82.23131608035479,82.23131608035479,60.00000000000004,0.0,60.00000000000004,60.00000000000004,16.0,16.0,16.0,12.0,16.0,12.0,21.0,10.0,1.0,0.0,1658.24455056225,0.0,867.7107637279486,0.0,0.0,0.0,0.0,0.0,0.0,0.0,0.0,82.23131608035479,82.23131608035479,0.3400000000000003,0.7694801348682674,0.3602813740196598,82.23131608035479,0.3542647819438878,0.0,0.00114 
 03/26  13:00:00,7.07,65.0,4.93,242.0,217.0,0.0,0.0,0.0,0.0,0.0,0.0,0.0,0.0,0.0,0.0,2217.0,0.0,1142.6786694557728,87.00806095301989,222.9559761010816,34.2630155761307,911.9634978813949,0.0,87.00806095301985,118.94661581751471,0.0,0.0,21.107566898697436,-1374.4722376974597,21.211862292123337,177.472090802818,20.758663200421986,-135.39798718687127,20.171032476949454,346.44049507604935,14.863716876104597,52.56943168903136,18.804429750206248,-59.33679471854624,17.51964064190824,226.865008770295,15.950002115747085,57.859088090491827,16.821555817506316,46.772645415598507,607.1833367347529,443.7556549694707,0.0,0.0,0.0,0.0,0.0,0.0,0.0,0.0,0.0,0.0,0.0,0.0,0.0,0.0,0.0,0.0,0.0,0.0,0.0,0.0,0.0,0.0,1.8876956871391828,0.5762196847189208,410.145740250372,485.52871340404587,12161.910318343735,0.37900551557315045,0.0578457746601268,209.80867848012555,248.9643833132713,5994.350822746788,4.470633790131704,0.8447909656333541,258.1993062190133,306.5031473501341,7421.890395807177,1.0608543266435243,0.20046378054488374,266.3660668614201,316.7670360903659,7291.880565116588,0.0,0.0,9.7776536912154,11.851410615553318,159.37017406170649,0.0,0.0,47.775673786224789,57.20540022711246,1114.171601869105,0.0,0.0,268.0799403787596,321.4440007642098,6024.767482395135,0.0,0.0,35.31733779345167,42.648564936245609,650.4180554022159,0.0,0.0,152.11326040630724,183.21568699288646,3025.309737639565,16.196051654748734,11.108403055383232,481.09631285469126,572.6275747361517,13305.772942806447,0.0,0.0,179.7695334612025,216.48117001436419,3602.638414857054,1788.2928891658926,21.865305542097123,29.4524767582173,22.000000000000019,30.00000000000002,0.0,21.338948717959139,30.518576553140656,16.000000000000015,30.00000000000002,0.0,21.18990855830114,30.67054884619973,21.000000000000015,30.00000000000002,0.0,20.674440835284967,31.703921870783384,16.000000000000015,30.00000000000002,0.0,15.029720737756119,46.40113124335836,12.00000000000001,30.00000000000002,0.0,18.61139662945793,36.727220346434339,16.000000000000015,30.00000000000002,0.0,18.173043148562745,37.573970805984497,10.000000000000007,30.00000000000002,0.0,16.099619657620104,43.10784775079743,16.000000000000015,30.00000000000002,0.0,16.848277174738045,41.02116868999508,12.00000000000001,30.00000000000002,0.0,20.403884578450666,0.0,0.0,0.0,16.911012568524567,0.0,0.0,611.9118379920406,616.2344894734002,610.8955857863593,612.6526788977495,647.047652493028,637.9494934285165,631.6022409503858,639.8144785113984,637.1292643383574,9896.419789859821,81.46117878905855,83.81289848167083,60.00000000000004,0.0,60.00000000000004,60.00000000000004,16.0,16.0,16.0,12.0,16.0,12.0,21.0,10.0,1.0,0.0,1788.2928891658926,0.0,0.0,0.0,0.0,0.0,0.0,0.0,3558.9988076217134,2135399.2845730266,2764275.2960955037,81.46117878905855,83.85283848922498,0.3452999602540573,0.7692368627634925,0.3602813740196598,83.85283848922498,0.3542647819438878,2764275.2960955037,0.14489231539696624 
 03/26  13:10:00,6.985000000000001,65.66666666666667,4.905,240.66666666666669,251.66666666666669,0.0,0.0,0.0,0.0,0.0,0.0,0.0,0.0,0.0,0.0,2217.0,0.0,1242.7626105151504,88.04182613893218,225.60507489638847,37.26399942055865,991.8395941946221,0.0,88.04182613893214,120.35985120131008,0.0,0.0,21.05255527873347,-901.3626130540881,21.26890074421965,-54.1485003126069,20.9672807774351,-840.4398035894859,20.157971115032276,371.15858871426829,14.918881287636019,49.31937856040262,18.940239483478675,-72.44386238123168,17.511991807155029,188.71271558373156,15.955742922748242,61.94757893835026,16.86140007286643,52.17103106033544,542.9656553160185,410.10603879301507,0.0,0.0,0.0,0.0,0.0,0.0,0.0,0.0,0.0,0.0,0.0,0.0,0.0,0.0,0.0,0.0,0.0,0.0,0.0,0.0,0.0,0.0,1.8531707097694952,0.5656809248380633,329.49192045230248,390.2331109455497,9777.417626281052,0.355209687540485,0.0542139327747993,195.5930287282752,232.08527442903569,5592.085151794039,4.445088060220423,0.8399637302003824,334.9648921706374,396.39449292633779,10033.899260164313,1.1937249425945705,0.22557160668831637,289.7615018199839,344.34788256651776,7967.182616831901,0.0,0.0,9.35244404305905,11.332318092565832,155.1832167547034,0.0,0.0,50.72167677847176,60.700732155376289,1202.4722239231438,0.0,0.0,264.0501600695416,316.6465416512115,5953.814349780525,0.0,0.0,34.92784889333072,42.17489462000206,650.5036573674258,0.0,0.0,148.15082002604147,178.40508469249293,2987.8439442991918,15.881894971243702,10.892932079042323,475.4200116614079,565.9587305728028,13006.076490931766,0.0,0.0,175.2620293157113,210.9961365762077,3567.1173843580238,1343.3979464434927,21.848743190163604,29.36314017904217,22.0,30.0,0.0,21.258786109989246,30.46296783940823,16.0,30.0,1788.9271581816086,21.677910642881835,29.61222761659554,21.666666666666666,30.0,0.0,20.610949928209317,31.671364805691259,16.0,30.0,0.0,15.090290476520586,45.99003076187524,12.0,30.0,0.0,18.721988493114048,36.26144694540404,16.0,30.0,0.0,18.123468185223524,37.47766112997005,10.0,30.0,0.0,16.118271063556123,42.799855798501038,16.0,30.0,0.0,16.903823647802125,40.63427849837008,12.0,30.0,0.0,20.16909494497957,0.0,0.0,0.0,16.98430451869388,0.0,0.0,606.9329692941124,607.8094608408386,603.7926008540077,606.5437109876513,640.2215259415403,630.2334905253334,624.229390612941,631.8712277317169,629.2994975242956,9334.288226034725,81.83291397530063,81.83291397530063,60.0,0.0,60.0,60.0,16.0,16.0,16.0,12.0,16.0,12.0,21.0,10.0,1.0,0.0,1343.3979464434927,0.0,1788.9271581816086,0.0,0.0,0.0,0.0,0.0,0.0,0.0,0.0,81.83291397530063,81.83291397530063,0.34,0.771528464760346,0.36028137401965956,81.83291397530063,0.3542647819438875,0.0,0.00116 
 03/26  13:20:00,6.9,66.33333333333334,4.88,239.33333333333335,286.3333333333333,0.0,0.0,0.0,0.0,0.0,0.0,0.0,0.0,0.0,0.0,2957.0,0.0,1344.1685071175894,89.03064628545879,228.13899917211013,40.30462061788479,1072.7707199835432,0.0,89.03064628545875,121.71164330876808,0.0,0.0,20.826439736494505,-353.03531337628467,21.342571253457409,-197.80493033266704,20.88011959800776,-494.85310730482026,20.269892970552406,175.57252689694043,14.974084223117668,47.72147086598807,19.081480775718956,-90.5919414622349,17.50067107014592,161.48370093325549,15.959151807613527,63.680257100036389,16.891941731015359,52.01875000077371,511.37387729652849,371.7304119205007,0.0,0.0,0.0,0.0,0.0,0.0,0.0,0.0,0.0,0.0,0.0,0.0,0.0,0.0,0.0,0.0,0.0,0.0,0.0,0.0,0.0,0.0,1.9051704529393248,0.5815538623135913,239.1429791125821,284.00381823809928,6914.277020384635,0.3567455809109408,0.054448348734881069,157.7445438231772,187.28280941131147,4537.502359236624,4.4112839271995469,0.8335759499621217,236.97151232051247,281.3664520353981,6967.572770355212,0.8105801801939657,0.15317085793536765,225.33603925371066,268.02604424276259,6291.973792855542,0.0,0.0,9.246239873332677,11.20523004709996,156.06957405118494,0.0,0.0,53.272378650157857,63.73893065059404,1283.4102722999645,0.0,0.0,260.1173552376513,312.067869987749,5888.812425507336,0.0,0.0,34.406781153238707,41.55612552669997,647.3942741049038,0.0,0.0,143.90606396898535,173.33026411936334,2936.9323395890935,15.974026581743578,10.956122484049097,346.79732669184406,413.52442464901488,9635.663161290102,0.0,0.0,170.64392924460595,205.46151232245453,3522.2159804985356,686.099873226945,21.323867774865766,30.245387816825443,21.25,30.0,0.0,21.24251937716585,30.353306835842248,16.0,30.0,942.7940235989205,21.384619919062787,30.024009568919494,21.25,30.0,0.0,20.77121337996593,31.23544427381968,16.0,30.0,0.0,15.149114478820664,45.61598910794631,12.0,30.0,0.0,18.832300758592664,35.86575633844441,16.0,30.0,0.0,18.08303347369434,37.46709862316753,10.0,30.0,0.0,16.129199538729848,42.60224481060436,16.0,30.0,0.0,16.940782759406095,40.40285867923801,12.0,30.0,0.0,20.021445115136005,0.0,0.0,0.0,17.044402633481224,0.0,0.0,603.208376220125,601.9226691772017,598.5649779178505,601.493343727814,634.358698702766,624.9609722576465,620.6315652907589,626.772665229958,624.974593710343,5581.637268756718,80.64444503139035,82.58985850129398,60.0,0.0,60.0,60.0,16.0,16.0,16.0,12.0,16.0,12.0,21.0,10.0,1.0,0.0,686.099873226945,0.0,942.7940235989205,0.0,0.0,0.0,0.0,0.0,2943.8004465882074,1766280.2679529244,2285430.446422679,80.64444503139035,82.62289808034244,0.18312668155294027,0.34825368369592388,0.18014068700982978,82.62289808034244,0.17713239097194376,2285430.446422679,0.12002571654731263 
 03/26  13:30:00,6.8149999999999999,67.0,4.855,238.0,321.0,0.0,0.0,0.0,0.0,0.0,0.0,0.0,0.0,0.0,0.0,2221.0,0.0,1446.3299719140419,89.96495286929044,230.53322932249803,43.367896224100459,1154.3048465070722,0.0,89.9649528692904,122.98891124308978,0.0,0.0,20.856288212946575,-467.1193866578437,21.375920373320488,-126.56212056697658,20.896574369992249,-616.2707832472755,20.187649720564666,204.43624360547066,15.033262309552086,47.28351800582277,19.228327930552696,-112.7187002070639,17.496119597355503,192.70307759790186,15.964099762663697,65.04967736463176,16.921020895743156,48.81155951650027,506.22091348485068,338.29801721648757,0.0,0.0,0.0,0.0,0.0,0.0,0.0,0.0,0.0,0.0,0.0,0.0,0.0,0.0,0.0,0.0,0.0,0.0,0.0,0.0,0.0,0.0,1.900555325644484,0.580145093298072,180.50194109692093,214.00454069158634,5317.874000787124,0.35593712739719826,0.05432495839395576,115.67119314717027,137.19325054774868,3329.4184643877608,4.427153101051913,0.8365746600627197,226.79536399904803,269.07478524011136,6721.392753613993,0.8517647927850258,0.1609532866184855,233.01028980366056,277.10200632141746,6470.714792678927,0.0,0.0,9.382494202439874,11.363227592863704,161.20101714684768,0.0,0.0,57.29661663106893,68.50476884264789,1402.4585968935158,0.0,0.0,259.5066450371712,311.21971898490758,5912.394190698998,0.0,0.0,34.328654124829117,41.442817291781299,652.6093622709319,0.0,0.0,139.6463468681245,168.10374772620299,2883.5790971246017,16.01752399833033,10.985956103107223,328.91293433857507,391.87051442102776,9156.105142222055,0.0,0.0,166.09107161031765,199.85945069017397,3471.4831217184607,709.2362063704951,21.442322756177874,29.894873455553474,21.333333333333326,29.99999999999999,0.0,21.17011107868358,30.398842358808687,15.999999999999993,29.99999999999999,1040.5577623356847,21.440006917816296,29.763516787398055,21.333333333333326,29.99999999999999,0.0,20.620278842408596,31.376997276009459,15.999999999999993,29.99999999999999,0.0,15.214089052800813,45.23792127269835,11.999999999999995,29.99999999999999,0.0,18.944533613133247,35.492851875079228,15.999999999999993,29.99999999999999,0.0,18.070168046424479,37.36929373009842,9.999999999999997,29.99999999999999,0.0,16.1405815304866,42.431771872839579,15.999999999999993,29.99999999999999,0.0,16.97558218431847,40.19674993481632,11.999999999999995,29.99999999999999,0.0,20.041252545419796,0.0,0.0,0.0,17.090547786051169,0.0,0.0,597.5503002992517,598.0820183261171,591.4157289727199,595.2274617879548,628.8845717734429,620.5411879685198,616.2048963579526,622.5631190407653,621.2645647595197,6448.955106861736,80.906340272822,83.31982439208025,59.99999999999998,0.0,59.99999999999998,59.99999999999998,16.0,16.0,16.0,12.0,16.0,12.0,21.0,10.0,1.0,0.0,709.2362063704951,0.0,1040.5577623356847,0.0,0.0,0.0,0.0,0.0,3652.372282317563,2191423.3693905386,2844995.3579875815,80.906340272822,83.36081336464267,0.23507907607725207,0.4641450461248181,0.24018758267977295,83.36081336464267,0.2361765212959249,2844995.3579875815,0.1491464252820209 
 03/26  13:40:00,6.73,67.66666666666667,4.83,232.5,328.0,0.0,0.0,0.0,0.0,0.0,0.0,0.0,0.0,0.0,0.0,2223.0,0.0,1465.8329694938316,88.58745183156057,227.00342838812834,43.95267865363405,1169.8699215487569,0.0,88.58745183156053,121.10576288961075,0.0,0.0,20.873682865991549,-1035.1587199671818,21.553959077499024,162.84534737631905,20.83870496421445,-111.27322484582919,20.243913995032217,342.33329575877908,15.09158664575339,52.34448879721667,19.359391359095125,-105.00273574342809,17.60375730239251,278.0394531814201,15.977600152990278,79.68676768679609,16.959969749604079,83.24720568378692,623.7865873638721,369.6039056778577,0.0,0.0,0.0,0.0,0.0,0.0,0.0,0.0,0.0,0.0,0.0,0.0,0.0,0.0,0.0,0.0,0.0,0.0,0.0,0.0,0.0,0.0,1.9024586504515555,0.5807260837764214,394.9120526878754,467.7526343843207,11780.909782876957,0.37624869743309799,0.057425014870741478,193.2306365703074,229.13638576783428,5675.700037175794,4.522668292020081,0.8546236379478618,251.79095376735757,298.7614511807196,7446.486604116863,1.0420323539353356,0.19690709635966287,268.76029819903206,319.4605528681368,7568.5818385723709,0.0,0.0,9.87491317407608,11.955638963476908,172.6992032556223,0.0,0.0,57.37893833669216,68.56880669939058,1428.213254063587,0.0,0.0,276.37727061249856,331.21366298749367,6449.307946242357,0.0,0.0,36.70625793046432,44.30610550408886,706.1059268995633,0.0,0.0,150.49530830051635,181.1233381926746,3150.2246196458975,16.910680041214549,11.598545981628642,458.8129048985256,545.8847371731217,13071.05390607423,0.0,0.0,179.20729668481824,215.49748087766134,3841.828210543803,1112.056150003155,21.653035457712279,29.29417782678575,21.666666666666676,30.00000000000001,0.0,21.407267835013497,29.791313447799746,16.000000000000008,30.00000000000001,0.0,21.257516707170678,30.00775234018609,21.000000000000008,30.00000000000001,0.0,20.736100116583836,30.97899965149827,16.000000000000008,30.00000000000001,0.0,15.282363897155147,44.83254723013601,12.000000000000006,30.00000000000001,0.0,19.071219309390167,35.025581933710189,16.000000000000008,30.00000000000001,0.0,18.267779934026885,36.67059500130819,10.000000000000004,30.00000000000001,0.0,16.16846050817533,42.14422889513308,16.000000000000008,30.00000000000001,0.0,17.03370033935314,39.817641379270458,12.000000000000006,30.00000000000001,0.0,20.439559385332907,0.0,0.0,0.0,17.27707899891748,0.0,0.0,587.4483918393617,590.4215454692148,587.7152375640303,587.5483134493114,622.8146051275398,613.5449915619454,607.6727295965829,616.0176980928277,613.6857674638936,8073.865905979287,82.66610976631424,82.66610976631424,60.00000000000002,0.0,60.00000000000002,60.00000000000002,16.0,16.0,16.0,12.0,16.0,12.0,21.0,10.0,1.0,0.0,1112.056150003155,0.0,0.0,0.0,0.0,0.0,0.0,0.0,0.0,0.0,0.0,82.66610976631424,82.66610976631424,0.3400000000000002,0.7686690719845302,0.3602813740196597,82.66610976631424,0.3542647819438876,0.0,0.0012300000000000002 
 03/26  13:50:00,6.645,68.33333333333333,4.805000000000001,227.0,335.0,0.0,0.0,0.0,0.0,0.0,0.0,0.0,0.0,0.0,0.0,1482.0,0.0,1483.4015436616929,87.16844144696325,223.3672585571307,44.479457898870879,1183.8911490944393,0.0,87.1684414469632,119.16586811194297,0.0,0.0,21.03386826737085,-921.4203137505729,21.72819029376069,-47.21089623905618,20.92057683806651,-314.6693355482421,20.206888527560666,224.25260197928766,15.14960210804949,50.347443680827527,19.48617232197084,-122.91216019149738,17.633555472707337,198.06889927430076,15.996139287100528,82.17844112118803,17.005495074278806,83.57136412574482,499.2967322555178,332.1540625237699,0.0,0.0,0.0,0.0,0.0,0.0,0.0,0.0,0.0,0.0,0.0,0.0,0.0,0.0,0.0,0.0,0.0,0.0,0.0,0.0,0.0,0.0,1.8945959149457732,0.5783259813631787,273.3015657927799,323.5307953415389,8299.650873189106,0.34946341652207749,0.05333690728358936,50.946967520426827,60.423638981937617,1527.2295497488208,4.563600588018183,0.8623583877585382,237.18107373848313,280.78564261611737,7238.421736843571,1.0528102453788507,0.19894373495443125,255.623089575126,303.6633392993649,7188.809896208453,0.0,0.0,9.662253036078166,11.687403272933859,171.9238312658237,0.0,0.0,58.65545124239058,70.01598548577849,1483.994345864171,0.0,0.0,271.42182732608679,325.0254997047365,6387.15683464967,0.0,0.0,36.28070081552409,43.75671247987963,706.5391122843575,0.0,0.0,147.07247404425085,176.83466616536166,3122.220871847717,16.656097276583205,11.423935031950073,297.033984008219,353.782790002899,8369.958978110248,0.0,0.0,175.35637473877874,210.65689142033063,3815.7324644031616,1503.164627666658,21.790823334845386,28.96455368036169,22.0,30.0,0.0,21.570367705411205,29.48207027754825,16.0,30.0,1184.3375081420457,21.63076804839409,29.2445360860605,21.5,30.0,0.0,20.627221746037827,31.170103034150455,16.0,30.0,0.0,15.34879154753805,44.437633107413578,12.0,30.0,0.0,19.194903883842835,34.62613316600395,16.0,30.0,0.0,18.280275310135985,36.56431061009395,10.0,30.0,0.0,16.201293644973526,41.891387222202087,16.0,30.0,0.0,17.09683345743429,39.53635229540616,12.0,30.0,0.0,19.927967202076439,0.0,0.0,0.0,17.35486902550518,0.0,0.0,583.8228936399714,589.7981793870079,583.2873008171424,586.7140617173504,616.797048392347,608.6308513646894,604.9370568283039,610.9053099107214,609.6688964740697,9863.938820880983,81.48258377677408,85.14219373144239,60.0,0.0,60.0,60.0,16.0,16.0,16.0,12.0,16.0,12.0,21.0,10.0,1.0,0.0,1503.164627666658,0.0,1184.3375081420457,0.0,0.0,0.0,0.0,0.0,5538.095315899323,3322857.189539594,4312159.672982674,81.48258377677408,85.20434605754395,0.35460317719664416,0.7700839310740206,0.36028137401965956,85.20434605754395,0.3542647819438875,4312159.672982674,0.2254856363284324 
 03/26  14:00:00,6.56,69.0,4.78,221.5,342.0,0.0,0.0,0.0,0.0,0.0,0.0,0.0,0.0,0.0,0.0,2224.0,0.0,1498.953034670171,85.7050174338039,219.6172776590982,44.94575543441843,1196.3025591380898,0.0,85.70501743380386,117.1652565368226,0.0,0.0,20.546461037908285,-179.12349951445214,21.73716293720364,-350.42520814658567,20.897087569000694,-545.3417862896278,20.243268792818364,254.45919590146927,15.19947833480553,49.059513757724257,19.591787785640208,-140.43070501329397,17.631076300268565,178.6412443951796,16.011032574798084,84.90157405304079,17.04318314687309,87.88095513780755,535.7573531018671,302.56377769626058,0.0,0.0,0.0,0.0,0.0,0.0,0.0,0.0,0.0,0.0,0.0,0.0,0.0,0.0,0.0,0.0,0.0,0.0,0.0,0.0,0.0,0.0,1.9087679724716132,0.5826520062489666,273.8075126810953,325.03781704541617,7988.407701023468,0.33789893994453737,0.05157187728091233,179.31496686126233,212.46365429828999,5332.825101694658,4.453661201817915,0.8415837493987,260.06600798478936,308.5636294825929,7807.388577050997,0.8875000091254931,0.16770597300179394,249.0609964625047,296.1347682682997,7082.879078337899,0.0,0.0,9.496476918099999,11.491980331687751,171.53892172199867,0.0,0.0,61.37505184736577,73.28099570712388,1573.659512945025,0.0,0.0,265.2778738608264,317.9005794075348,6268.2501607831859,0.0,0.0,35.56132300566146,42.91117100615229,700.2663869989781,0.0,0.0,141.54182287531308,170.26130359079276,3042.0274676485785,16.688520247596985,11.446173009325792,391.06783323648997,465.78340211915067,11119.121170209784,0.0,0.0,169.1139492665862,203.24433034721967,3726.0023754304395,142.3397726349746,21.05489700877993,30.28545939619907,21.000000000000015,30.00000000000002,0.0,21.45801059067879,29.533270262756028,16.000000000000015,30.00000000000002,997.9846848752359,21.45372768995284,29.488649143501627,21.33333333333335,30.00000000000002,0.0,20.69966438364835,30.917496229524759,16.000000000000015,30.00000000000002,0.0,15.399736818189777,44.14551398002296,12.00000000000001,30.00000000000002,0.0,19.28510832395378,34.33411511714997,16.000000000000015,30.00000000000002,0.0,18.24281256987749,36.54488993664861,10.000000000000007,30.00000000000002,0.0,16.22601846844252,41.703085848533209,16.000000000000015,30.00000000000002,0.0,17.1455811374379,39.295492643400709,12.00000000000001,30.00000000000002,0.0,20.100319273332525,0.0,0.0,0.0,17.407862395613443,0.0,0.0,583.1226135246886,582.5495438435348,579.4648468375796,581.5114359113397,612.448091709074,604.8826641980872,601.0863332221207,607.0784109713073,605.7009303258409,5295.212835302449,81.9358551798417,81.9358551798417,60.00000000000004,0.0,60.00000000000004,60.00000000000004,16.0,16.0,16.0,12.0,16.0,12.0,21.0,10.0,1.0,0.0,142.3397726349746,0.0,997.9846848752359,0.0,0.0,0.0,0.0,0.0,0.0,0.0,0.0,81.9358551798417,81.9358551798417,0.22666666666666686,0.4631666518797211,0.24018758267977323,81.9358551798417,0.23617652129592518,0.0,0.0012766666666666669 
 03/26  14:10:00,6.605,69.16666666666667,4.733333333333334,216.0,349.0,0.0,0.0,0.0,0.0,0.0,0.0,0.0,0.0,0.0,0.0,2226.0,0.0,1512.4076014856565,84.19427699956107,215.74604734860345,45.34917725386062,1207.0404312723709,0.0,84.19427699956103,115.09995982679829,0.0,0.0,21.08963109904966,-1173.2590361124513,21.823573043145829,67.82180007921277,20.88206183551965,-135.67358292281336,20.28416555987152,316.08928016475087,15.251718007913312,52.4261411678227,19.691271623480504,-150.40502440242185,17.709927359188485,277.8986062153678,16.02717996086995,89.19720479472191,17.078040578286495,89.62953551693924,592.1422064837709,299.56904030055287,0.0,0.0,0.0,0.0,0.0,0.0,0.0,0.0,0.0,0.0,0.0,0.0,0.0,0.0,0.0,0.0,0.0,0.0,0.0,0.0,0.0,0.0,1.9200419345931757,0.5860933866279535,351.98058420864859,416.47950109829767,10766.729403240086,0.3748897191496581,0.05721760060281718,155.3480781180797,184.17124377301355,4646.509110718763,4.545248301167,0.8588904575145506,254.7103495513239,302.1343816319957,7587.940384126718,0.9983520050288621,0.18865306217476603,257.8347753716637,306.36712649795666,7341.249422147796,0.0,0.0,10.10553334502858,12.22475724268702,182.71174358318906,0.0,0.0,64.56121523443868,77.06166044092967,1659.28006074643,0.0,0.0,273.6882492606759,327.73860059055547,6524.212062318202,0.0,0.0,36.73538293024329,44.31501861909897,721.7009094732257,0.0,0.0,141.99539366664232,170.7368042612918,3050.3592408370857,16.92886347635411,11.611017473493906,420.51659121306946,500.3075373682424,12105.274544988242,0.0,0.0,170.28655332512143,204.55172259437439,3759.1934817925018,1719.3812141768199,21.86410976321584,28.630532414859233,22.0,30.0,0.0,21.572941886614069,29.255955549488449,16.0,30.0,0.0,21.244536636927685,29.75762066759274,21.0,30.0,0.0,20.77012515841595,30.636960477716245,16.0,30.0,0.0,15.456082901958255,43.80364432985132,12.0,30.0,0.0,19.367305938308488,34.00100432775699,16.0,30.0,0.0,18.400350844174086,35.996922083699057,10.0,30.0,0.0,16.25045389190177,41.45614088434273,16.0,30.0,0.0,17.18792554010666,39.00540882357665,12.0,30.0,0.0,20.38482368618184,0.0,0.0,0.0,17.47764171487556,0.0,0.0,573.3179777801156,578.9376107213899,574.2637010222674,574.3690428309704,607.0071562147986,598.6974894417182,593.9538713458998,601.2989301966253,599.4166459752007,8285.48613407294,82.52627328249776,84.79021978576935,60.0,0.0,60.0,60.0,16.0,16.0,16.0,12.0,16.0,12.0,21.0,10.0,1.0,0.0,1719.3812141768199,0.0,0.0,0.0,0.0,0.0,0.0,0.0,3426.2973771544245,2055778.4262926544,2670430.0126638945,82.52627328249776,84.8286691131815,0.3408765792384808,0.7678755535314288,0.36028137401965956,84.8286691131815,0.3542647819438875,2670430.0126638945,0.1401623606585225 
 03/26  14:20:00,6.65,69.33333333333334,4.686666666666667,210.5,356.0,0.0,0.0,0.0,0.0,0.0,0.0,0.0,0.0,0.0,0.0,2226.0,0.0,1523.6880170807779,82.63334287336085,211.74619468745778,45.687407731765677,1216.0431313143964,0.0,82.6333428733608,112.96604453444579,0.0,0.0,21.060504208517089,-750.9105768362495,21.862009878994355,-254.06282715410564,21.018628316751458,-730.5968079708531,20.25249446776599,334.74410148925616,15.303891434898239,51.10018248361429,19.797605032831624,-150.87968718244137,17.742868593587678,209.63116922776488,16.049812508487319,95.89108384029544,17.122060354792845,106.7557892342271,533.53287123368,296.2214324453658,0.0,0.0,0.0,0.0,0.0,0.0,0.0,0.0,0.0,0.0,0.0,0.0,0.0,0.0,0.0,0.0,0.0,0.0,0.0,0.0,0.0,0.0,1.9054180955135727,0.5816294552849731,329.00515087997595,389.5269556208905,10002.054112926695,0.3430363115914359,0.05235596941261231,195.0552449084032,231.31713792461168,5773.807127316645,4.566233343128314,0.8628558849448818,323.2813312028404,382.336496593478,9908.030445196344,1.2011770589782923,0.2269797919460112,276.5929382458911,328.41838935694377,7821.993559115336,0.0,0.0,9.733610163956808,11.770002673888352,176.13761643135207,0.0,0.0,64.49273731386045,76.93759156592907,1663.9745149924889,0.0,0.0,270.918366173928,324.3789263749651,6432.606516384369,0.0,0.0,36.63446641702652,44.18393084513872,718.8057956671385,0.0,0.0,142.93668107820367,171.82120399780139,3073.933475633929,16.244428829270754,11.141583559170611,437.2953452577509,520.2613684973967,12322.615101264955,0.0,0.0,171.1167200582414,205.46842185054516,3792.635462372509,1176.2529446438269,21.865534790953306,28.57644267566652,21.999999999999994,29.99999999999999,0.0,21.48844498382582,29.234321416443416,15.999999999999993,29.99999999999999,1626.7319744168909,21.677636226508186,28.858218993175258,21.666666666666658,29.99999999999999,0.0,20.67556738202739,30.71641907861129,15.999999999999993,29.99999999999999,0.0,15.511045347169171,43.450996083944477,11.999999999999995,29.99999999999999,0.0,19.46750890524576,33.61427130861881,15.999999999999993,29.99999999999999,0.0,18.400049965490774,35.82622919640819,9.999999999999997,29.99999999999999,0.0,16.286124072109204,41.1392566732647,15.999999999999993,29.99999999999999,0.0,17.24893410290409,38.639878990978008,11.999999999999995,29.99999999999999,0.0,20.199535969880107,0.0,0.0,0.0,17.572514591163058,0.0,0.0,570.2465495234694,569.8325708058046,566.9992501230169,569.1781833816539,600.8886081376107,591.5027737858106,587.2118171933046,593.8951106956665,591.7345331010622,7161.18080119615,83.26966590126001,83.26966590126003,59.99999999999998,0.0,59.99999999999998,59.99999999999998,16.0,16.0,16.0,12.0,16.0,12.0,21.0,10.0,1.0,0.0,1176.2529446438269,0.0,1626.7319744168909,0.0,0.0,0.0,0.0,0.0,0.0,0.0,0.0,83.26966590126001,83.26966590126001,0.3399999999999999,0.7690170445543428,0.36028137401965945,83.26966590126001,0.35426478194388735,0.0,0.001306666666666667 
 03/26  14:30:00,6.695,69.5,4.640000000000001,205.0,363.0,0.0,0.0,0.0,0.0,0.0,0.0,0.0,0.0,0.0,0.0,2969.0,0.0,1532.7196808769443,81.01937959551074,207.6104538860976,45.95820999682377,1223.251121236575,0.0,81.0193795955107,110.75963437139584,0.0,0.0,20.60272187420312,-138.78809454160592,21.926016341563988,-396.7777462084871,20.9442929650138,-419.75001004662229,20.355869637611446,169.14083742648496,15.353984592376492,49.69508068162928,19.893449416584667,-166.8535868496174,17.750021507511059,179.59639313688013,16.067830648640823,95.75431610653959,17.157947432550587,101.92920147886344,527.3159363734535,273.7178111504388,0.0,0.0,0.0,0.0,0.0,0.0,0.0,0.0,0.0,0.0,0.0,0.0,0.0,0.0,0.0,0.0,0.0,0.0,0.0,0.0,0.0,0.0,1.9050031959518632,0.5815028070671133,270.5171478478184,321.0504478048973,7860.69184333852,0.3382240085726086,0.05162149092988532,196.62883765858425,232.94552352081713,5824.925643556967,4.434412104286876,0.8379463537957062,225.65162326789037,267.72396818244968,6741.492897638576,0.751177428371416,0.14194584814274675,220.82725244274062,262.4404894835044,6274.91069193305,0.0,0.0,9.60860720076027,11.620153778055212,173.90408342317347,0.0,0.0,65.22505261484818,77.80185525715919,1686.918647211708,0.0,0.0,266.929479681246,319.6939534218438,6304.589944246685,0.0,0.0,36.19563469346294,43.65982843669177,708.469629367113,0.0,0.0,139.7568313391014,168.014526829364,3003.470443921211,16.764448808268378,11.49825021143236,357.5225904165669,425.7916424934391,10146.814895126456,0.0,0.0,167.68262067922007,201.35931163773098,3715.397576028724,107.07022879750565,21.131207402585966,29.821297593009488,21.0,30.0,0.0,21.52548292381877,29.074108864364179,16.0,30.0,853.5288967115155,21.41279381168968,29.262706857714258,21.25,30.0,0.0,20.829086895130297,30.360036961407084,16.0,30.0,0.0,15.561729010169787,43.14190913736323,12.0,30.0,0.0,19.549494186475248,33.33938044684723,16.0,30.0,0.0,18.384813575634433,35.772361765126287,10.0,30.0,0.0,16.310583353461334,40.937428203262829,16.0,30.0,0.0,17.290669692056527,38.42831326718919,12.0,30.0,0.0,20.15255803118349,0.0,0.0,0.0,17.61835458368317,0.0,0.0,566.5744051487247,564.6856256592895,563.3731658621157,565.5739954619044,595.621915274046,587.173480362651,583.764713516373,589.273592771045,587.7975719884216,4098.371322927327,83.22719077366465,83.22719077366465,60.0,0.0,60.0,60.0,16.0,16.0,16.0,12.0,16.0,12.0,21.0,10.0,1.0,0.0,107.07022879750565,0.0,853.5288967115155,0.0,0.0,0.0,0.0,0.0,0.0,0.0,0.0,83.22719077366465,83.22719077366465,0.17,0.3458461890988984,0.18014068700982978,83.22719077366465,0.17713239097194376,0.0,0.0013133333333333335 
 03/26  14:40:00,6.74,69.66666666666667,4.593333333333334,200.5,345.16666666666665,0.0,0.0,0.0,0.0,0.0,0.0,0.0,0.0,0.0,0.0,2229.0,0.0,1476.4560763552284,78.7810228288681,201.8746521028651,44.271155167848707,1178.347541809351,0.0,78.78102282886806,107.69963097092776,0.0,0.0,20.85000842312706,-916.9410216450019,21.912820708651439,-70.18374114152285,20.908278457157718,-154.49480564800903,20.287895163669036,235.27845709947733,15.399789204658994,51.57690344547643,19.953945103177689,-178.47678096870406,17.79119398011904,262.8574598731776,16.08474096886323,96.76918668083086,17.187936261257847,95.29051904124424,574.2881369116642,266.07723056668706,0.0,0.0,0.0,0.0,0.0,0.0,0.0,0.0,0.0,0.0,0.0,0.0,0.0,0.0,0.0,0.0,0.0,0.0,0.0,0.0,0.0,0.0,1.8216601559072199,0.5560623186529977,382.0585390647659,452.254227480585,11413.698093404359,0.345066478156868,0.05266582389451589,169.05456585255804,200.34739522596787,4982.346684189403,4.367504986778732,0.82530328548351,264.1224714467294,313.1639151580613,7786.676689489028,0.7598343415953578,0.14358169720244863,256.42745777391129,304.53575411377838,7187.5522691450519,0.0,0.0,10.075275509554589,12.175900639934643,182.37673925196286,0.0,0.0,67.56223971974547,80.53912513353527,1748.896887506629,0.0,0.0,271.6654771504357,325.0988879090654,6434.098932312334,0.0,0.0,36.966061993695848,44.561993845873988,721.7433524896085,0.0,0.0,138.7102247145434,166.64166904071289,2977.126709289151,17.96695240723802,12.32301262499179,428.78407722581098,510.09524656617199,12121.272938310949,0.0,0.0,167.0937118732412,200.51325822853154,3698.616431907965,1216.228962019059,21.651206888661176,28.81463839950045,21.666666666666676,30.00000000000001,0.0,21.498064653626196,29.091661370915007,16.000000000000008,30.00000000000001,0.0,21.257095518307105,29.4820122888902,21.000000000000008,30.00000000000001,0.0,20.70719589980944,30.531164739762816,16.000000000000008,30.00000000000001,0.0,15.609840484098087,42.8555450898306,12.000000000000006,30.00000000000001,0.0,19.610378284031279,33.12634299831515,16.000000000000008,30.00000000000001,0.0,18.465438947943363,35.49685931278026,10.000000000000004,30.00000000000001,0.0,16.333002913805918,40.767654721007158,16.000000000000008,30.00000000000001,0.0,17.323652333081357,38.25600282005102,12.000000000000006,30.00000000000001,0.0,20.271551065112449,0.0,0.0,0.0,17.65340993616008,0.0,0.0,561.5832684443549,562.8298544619815,560.3130227366153,562.3689647241417,590.710396505814,583.4615835114205,579.8117640182984,585.4683384723396,584.4307178570839,8093.112083526961,82.65357631645982,82.65357631645982,60.00000000000002,0.0,60.00000000000002,60.00000000000002,16.0,16.0,16.0,12.0,16.0,12.0,21.0,10.0,1.0,0.0,1216.228962019059,0.0,0.0,0.0,0.0,0.0,0.0,0.0,0.0,0.0,0.0,82.65357631645982,82.65357631645982,0.3400000000000002,0.7683032750623279,0.3602813740196597,82.65357631645982,0.3542647819438876,0.0,0.0013200000000000003 
 03/26  14:50:00,6.785,69.83333333333333,4.546666666666667,196.0,327.33333333333339,0.0,0.0,0.0,0.0,0.0,0.0,0.0,0.0,0.0,0.0,2972.0,0.0,1418.3846121350064,76.54135279001803,196.13548696245173,42.52989288530108,1132.0011325230508,0.0,76.541352790018,104.63783222778668,0.0,0.0,21.029119382707124,-861.0939520476027,22.034905018301843,-148.5238302205405,20.96172873526865,-444.22422073313467,20.280170959420859,300.53696780227349,15.442450797004839,52.58523825933911,20.003375602983213,-170.03731579865088,17.85519161401149,224.4006142689832,16.104241454368724,103.68939154834453,17.22018048101708,113.58362601766521,541.2411013756723,279.22404848306999,0.0,0.0,0.0,0.0,0.0,0.0,0.0,0.0,0.0,0.0,0.0,0.0,0.0,0.0,0.0,0.0,0.0,0.0,0.0,0.0,0.0,0.0,1.7251582517835649,0.5266050829620161,291.7565123547441,345.47710051506979,8729.050833997673,0.31914713114519746,0.04870987960091537,81.64086030231266,96.71874706154547,2427.5006371500537,4.254095622895223,0.8038729446136101,307.0895675698783,363.42348534080227,9218.381394083222,0.7427447261906977,0.14035236700504484,265.47964749934268,315.2414087221085,7415.423577675678,0.0,0.0,10.050457490011923,12.14659501798841,181.82161216936923,0.0,0.0,66.52732721626626,79.30240145009027,1723.2904930777302,0.0,0.0,276.19450508374987,330.50052751834917,6555.491082014669,0.0,0.0,37.690650338148518,45.44107825263965,734.3214575048399,0.0,0.0,143.73880057276885,172.69483482655662,3082.6015707653625,18.90340609527523,12.965299105127049,346.1664219110692,411.9812809894613,9687.051978173953,0.0,0.0,173.003739336095,207.58561792449926,3842.871998915478,1313.3215307373087,21.673781557491158,28.70249040185383,21.75,30.0,0.0,21.67038397510548,28.748639034265766,16.0,30.0,1304.7837156576309,21.5126266031645,28.989232391305387,21.5,30.0,0.0,20.68142144877895,30.539973930646263,16.0,30.0,0.0,15.653081727775751,42.603343684281458,12.0,30.0,0.0,19.669246816813325,32.91204752942797,16.0,30.0,0.0,18.543209039295204,35.21739716416198,10.0,30.0,0.0,16.360581647429318,40.58739376511776,16.0,30.0,0.0,17.363996499089816,38.04915414532464,12.0,30.0,0.0,19.991410242398055,0.0,0.0,0.0,17.74411014412467,0.0,0.0,557.4366522171765,560.1943568580286,556.879699012039,559.7857330862123,586.3123217185007,579.2714187896747,575.1418192011043,581.6100229922804,580.224036354693,8218.200023991656,82.57081745445277,82.57081745445277,60.0,0.0,60.0,60.0,16.0,16.0,16.0,12.0,16.0,12.0,21.0,10.0,1.0,0.0,1313.3215307373087,0.0,1304.7837156576309,0.0,0.0,0.0,0.0,0.0,0.0,0.0,0.0,82.57081745445277,82.57081745445277,0.34,0.7702091650230176,0.36028137401965956,82.57081745445277,0.3542647819438875,0.0,0.0013333333333333336 
 03/26  15:00:00,6.83,70.0,4.5,191.5,309.5,0.0,0.0,0.0,0.0,0.0,0.0,0.0,0.0,0.0,0.0,2973.0,0.0,1358.8619667009958,74.30165569672794,190.3962547489196,40.74511802773427,1084.4965551950707,0.0,74.30165569672789,101.57599649917496,0.0,0.0,20.58714325020201,57.33587675046692,21.966649993136543,-545.1450791954032,20.97956431304835,-465.9873163009636,20.320893123999818,116.24874265183849,15.480920425289199,49.58279911294292,20.03804069154492,-183.80007586897023,17.835613307353485,170.8070655482511,16.123752793618757,101.30133503108249,17.25475448603148,103.99501769622293,549.4701118614139,252.2863127994426,0.0,0.0,0.0,0.0,0.0,0.0,0.0,0.0,0.0,0.0,0.0,0.0,0.0,0.0,0.0,0.0,0.0,0.0,0.0,0.0,0.0,0.0,1.7903623460049934,0.5465086526266769,244.03476437979624,289.45597222774748,7008.083566659868,0.30811638813507277,0.04702631076542625,197.67380462417905,234.12396820056416,5790.87984903923,4.099426116440657,0.7746459025775999,239.62503179894459,284.10906259200547,7068.279192139256,0.3724192594445626,0.07037400972119473,192.8415857938805,229.00458447715844,5374.985292050369,0.0,0.0,9.672978049096916,11.687509284396505,174.76448087175369,0.0,0.0,67.67528183290495,80.64800679267678,1751.9603060032644,0.0,0.0,264.1222267829302,316.1012356074792,6204.366116042313,0.0,0.0,36.43711392141372,43.92028432422283,708.2938797750351,0.0,0.0,135.30554380283705,162.5231064121636,2899.697237117803,19.57826589536752,13.428165909031226,324.5368847443344,386.3922496719328,9129.049023122718,0.0,0.0,163.5608626444257,196.23489001423364,3617.1282330109399,30.234054808652748,21.100844169110269,29.658830430496147,21.0,30.0,0.0,21.499378927708244,28.89788009982789,16.0,30.0,888.2148506726521,21.44019670166543,28.98800535781428,21.25,30.0,0.0,20.723510345879946,30.339177478056,16.0,30.0,0.0,15.689105140669457,42.35675079057004,12.0,30.0,0.0,19.710195196947305,32.703171978379398,16.0,30.0,0.0,18.465649478069414,35.25968178773322,10.0,30.0,0.0,16.386296484253074,40.352855591114209,16.0,30.0,0.0,17.404908693604896,37.784649019294388,12.0,30.0,0.0,19.98825427666953,0.0,0.0,0.0,17.7424875076701,0.0,0.0,552.6743526809287,549.7385083132581,548.077622040149,551.7713279420968,581.1053441098101,573.1877102407059,569.12040639568,575.0948641607882,573.2467517923589,4199.4179509706559,83.23998789585096,83.23998789585096,60.0,0.0,60.0,60.0,16.0,16.0,16.0,12.0,16.0,12.0,21.0,10.0,1.0,0.0,30.234054808652748,0.0,888.2148506726521,0.0,0.0,0.0,0.0,0.0,0.0,0.0,0.0,83.23998789585096,83.23998789585096,0.17,0.3458000681363895,0.18014068700982978,83.23998789585096,0.17713239097194376,0.0,0.0013466666666666664 
 03/26  15:10:00,6.708333333333334,70.16666666666667,4.585,187.0,291.66666666666665,0.0,0.0,0.0,0.0,0.0,0.0,0.0,0.0,0.0,0.0,2976.0,0.0,1298.2515920609893,72.06289224268208,184.65941759662639,38.92772857238808,1036.1238774964423,0.0,72.06289224268206,98.51543712619379,0.0,0.0,21.0002800956547,-890.7487608574556,21.981841608463208,46.93203627705856,20.954773917223706,-175.69693183458049,20.34697805272006,289.21944103057469,15.516707943831003,52.6347515853588,20.050918801798824,-180.83982943057357,17.897902349166438,268.95913945308487,16.136837876103237,102.40593413742806,17.275927511935458,100.66969094168599,588.744163705856,268.3993392799214,0.0,0.0,0.0,0.0,0.0,0.0,0.0,0.0,0.0,0.0,0.0,0.0,0.0,0.0,0.0,0.0,0.0,0.0,0.0,0.0,0.0,0.0,1.7883984006490393,0.545909157707277,297.9689430221273,352.73738055353166,8889.877480903058,0.34756608320864659,0.053047326497046177,120.0151330594937,142.26363588631637,3566.184116310559,4.19288372183788,0.792306069886221,248.93736208783904,295.0922613511975,7376.211150331488,0.4247495463514155,0.08026257489633698,253.75931611687796,301.3329306637348,7163.0680738096539,0.0,0.0,10.245036365608123,12.376196920318299,188.28271119402803,0.0,0.0,68.53058624980049,81.6586608103119,1792.935142951569,0.0,0.0,273.98104154361496,327.7168780756342,6567.401368855799,0.0,0.0,37.59373924487973,45.30510845838158,741.1308662468678,0.0,0.0,138.92369015253099,166.82520204472324,3016.5994470751577,19.693964983256909,13.50752056464809,373.5989609047115,444.5484206133608,10684.082474303825,0.0,0.0,167.9685092650539,201.46726007647096,3763.8656018648136,1253.650373249297,21.631563803617018,28.557384336611635,21.75,30.0,0.0,21.60695693715533,28.661065369226415,16.0,30.0,0.0,21.297323893633807,29.125463710649727,21.0,30.0,0.0,20.80018505750394,30.058275622126148,16.0,30.0,0.0,15.7223643496601,42.11240645395416,12.0,30.0,0.0,19.728250279439928,32.53958701478258,16.0,30.0,0.0,18.588202002376865,34.83478904064155,10.0,30.0,0.0,16.401820703221174,40.16384395938312,16.0,30.0,0.0,17.424922598954958,37.5994104972861,16.0,30.0,0.0,20.200580580042684,0.0,0.0,0.0,17.766762594596988,0.0,0.0,542.1143844476933,546.3626530094696,541.0260135634969,542.8441484239581,575.2820505976931,566.5078044846101,561.1935273905363,568.8955662927687,567.0217610834349,6990.904748288862,81.77943176128362,83.54579831479104,60.0,0.0,60.0,60.0,16.0,16.0,16.0,16.0,16.0,12.0,21.0,10.0,1.0,0.0,1253.650373249297,0.0,0.0,0.0,0.0,0.0,0.0,0.0,2673.144697248768,1603886.8183492609,2092597.999216925,81.77943176128362,83.57579708280413,0.2591048232416256,0.5748690049681572,0.27021103051474468,83.57579708280413,0.2656985864579156,2092597.999216925,0.11017509595928007 
 03/26  15:20:00,6.586666666666667,70.33333333333334,4.67,182.5,273.8333333333333,0.0,0.0,0.0,0.0,0.0,0.0,0.0,0.0,0.0,0.0,1490.0,0.0,1236.9260499999646,69.82561626116916,178.92639506929226,37.088895646360999,987.1804374884017,0.0,69.82561626116913,95.45691124093747,0.0,0.0,20.75080574499094,-388.113615553847,21.963204707445628,-499.6752641730725,21.035062880364838,-806.0714514698475,20.306663370805724,193.74977694126756,15.551156767485097,48.702049604602539,20.06772952818732,-163.61165622494083,17.87429741972723,153.5313396620868,16.152632310314688,102.14756911218933,17.302889642846993,103.69285633685922,541.414391817445,277.8080491093856,0.0,0.0,0.0,0.0,0.0,0.0,0.0,0.0,0.0,0.0,0.0,0.0,0.0,0.0,0.0,0.0,0.0,0.0,0.0,0.0,0.0,0.0,1.8298729651365125,0.5585692811772016,336.6992608675893,398.07990541744018,10100.044203274616,0.30389816165631336,0.046382503305298129,162.36851817118532,191.93199558726477,4769.1903695761779,4.249897099017781,0.8030795727546831,274.81364204675108,324.8119250413357,8412.419203292962,0.42305142174047685,0.0799416896712919,231.790019588764,275.0119439801822,6555.698485256681,0.0,0.0,9.476537377960899,11.435513060440553,177.08315947119616,0.0,0.0,66.78643072332385,79.48292326714176,1768.3483391408859,0.0,0.0,267.1050282473136,319.29141613293725,6417.655635650595,0.0,0.0,36.92654162949652,44.4553532225156,738.6115936031677,0.0,0.0,141.22854718761006,169.41411014616177,3110.460215276952,18.90948492925566,12.969468401409925,424.9146972682064,504.7663906912351,12005.222879407436,0.0,0.0,170.05207021901829,203.75022413111319,3863.9395175990359,795.7971144376377,21.342149488605977,29.069697969109954,21.5,30.0,0.0,21.520673291793078,28.70018635682193,16.0,30.0,1603.2481419206425,21.63662282275009,28.452461706278574,21.5,30.0,0.0,20.701968772316407,30.20862212439021,16.0,30.0,0.0,15.753345316117026,41.88379542795879,12.0,30.0,0.0,19.76462275621498,32.37777744053892,16.0,30.0,0.0,18.488135715187938,35.01705624101693,10.0,30.0,0.0,16.42290461710438,40.00427374508899,16.0,30.0,0.0,17.458244410734069,37.43987675132122,16.0,30.0,0.0,19.993064755809689,0.0,0.0,0.0,17.80337064665585,0.0,0.0,541.3138706816983,539.5498848804051,536.3430953246435,541.2221158191933,569.5948889521194,561.7596053164574,559.4682954172643,564.3792636019955,563.3334122631547,10121.668154228191,81.31216152865136,85.00168282162372,60.0,0.0,60.0,60.0,16.0,16.0,16.0,16.0,16.0,12.0,21.0,10.0,1.0,0.0,795.7971144376377,0.0,1603.2481419206425,0.0,0.0,0.0,0.0,0.0,5583.3116810460619,3349987.008627637,4344542.806028056,81.31216152865136,85.0643431415485,0.35611038936820207,0.7665335881569781,0.36028137401965956,85.0643431415485,0.3542647819438875,4344542.806028056,0.22728955924679226 
 03/26  15:30:00,6.465,70.5,4.755,178.0,256.0,0.0,0.0,0.0,0.0,0.0,0.0,0.0,0.0,0.0,0.0,1490.0,0.0,1175.270305104999,67.58986516442697,173.19728341581965,35.240162266058479,937.9734717471928,0.0,67.58986516442694,92.4004699887715,0.0,0.0,20.579439574316749,-183.93948915148213,21.877460935394479,-126.64389280768546,20.64949438901904,-343.4018996531936,20.392011650071866,292.8381676201125,15.581325144583723,50.48770801850333,20.07806266419363,-161.52986833618207,17.885985016153563,212.25736942276218,16.163564232980805,102.89620779676329,17.32308215905732,101.83332951738976,625.7195798387775,302.10753281326518,0.0,0.0,0.0,0.0,0.0,0.0,0.0,0.0,0.0,0.0,0.0,0.0,0.0,0.0,0.0,0.0,0.0,0.0,0.0,0.0,0.0,0.0,1.898599764496511,0.5795481576607177,254.85062982516264,301.8204411234947,7510.50726452838,0.34930394259462896,0.053312567551072807,183.81206147343034,217.42304289081799,5504.410396133668,4.283760755913281,0.8094786008906432,231.9217087783975,274.86429128420289,6900.5227361498359,0.4165374677882045,0.07871078378461911,219.0383820693474,259.82640373717228,6333.084479758001,0.0,0.0,9.707812023574565,11.71195619869807,184.26353605790079,0.0,0.0,64.89821752189336,77.21465855853114,1737.6562848667416,0.0,0.0,272.2826019402528,325.43068700196,6618.654337395119,0.0,0.0,37.544993544005098,45.19396644894646,761.0457244154588,0.0,0.0,144.61606141037204,173.46212316703004,3225.7685511557367,18.958627685188639,13.00317399532829,403.0542677656578,478.67726561826046,11781.348265807861,0.0,0.0,174.09088431904537,208.56092132883999,4008.311457879377,225.45640375385274,21.09474517824293,29.40061737892943,21.0,30.0,0.0,21.4576964871985,28.72432996407068,16.0,30.0,125.89286030596387,21.07142876829777,29.362783239387104,21.0,30.0,0.0,20.87508719089634,29.787564029629534,16.0,30.0,0.0,15.778331389761143,41.696605305005949,12.0,30.0,0.0,19.794214771596715,32.22826504686598,16.0,30.0,0.0,18.509056933965796,34.852257818249089,10.0,30.0,0.0,16.43510455166666,39.86002837803473,16.0,30.0,0.0,17.478480047594315,37.27936148689271,16.0,30.0,0.0,20.402838815025065,0.0,0.0,0.0,17.831450563024668,0.0,0.0,536.7333296562138,535.0328933609412,532.4054950830671,535.9205052494954,564.7723685760875,556.938447760775,553.6713727533961,559.4261964512919,558.0515508944183,7197.3119227688089,83.24579334111508,83.24579334111508,60.0,0.0,60.0,60.0,16.0,16.0,16.0,16.0,16.0,12.0,21.0,10.0,1.0,0.0,225.45640375385274,0.0,125.89286030596387,0.0,0.0,0.0,0.0,0.0,0.0,0.0,0.0,83.24579334111508,83.24579334111508,0.34,0.7702260315728486,0.36028137401965956,83.24579334111508,0.3542647819438875,0.0,0.0013866666666666667 
 03/26  15:40:00,6.343333333333334,70.66666666666666,4.84,165.16666666666669,232.33333333333335,0.0,0.0,0.0,0.0,0.0,0.0,0.0,0.0,0.0,0.0,2980.0,0.0,1073.3078745347485,62.78992239040334,160.89750177051313,32.18284344320574,856.5980707918486,0.0,62.789922390403308,85.8385843102006,0.0,0.0,20.965720440036536,-458.77296492456255,21.88307221060159,-99.4794825544584,21.100093643875405,-944.0319571797297,20.439705034044388,393.376675456705,15.605369219230207,50.15761510016105,20.04104708370143,-182.05923101597,17.92828371877113,241.1737757527594,16.17133858811729,98.59922483585507,17.336034070661005,85.67188220575395,593.4623404876984,275.2998886635389,0.0,0.0,0.0,0.0,0.0,0.0,0.0,0.0,0.0,0.0,0.0,0.0,0.0,0.0,0.0,0.0,0.0,0.0,0.0,0.0,0.0,0.0,1.895922983008257,0.5787310692943397,258.85604693171106,306.3437480672908,7952.650451043437,0.3661331965478589,0.05588113500425197,202.6065347570319,239.93278044050539,6135.603487050193,4.280122959498071,0.8087911866020544,298.5568704747002,353.18358907956329,9289.05828710564,0.6686180714169773,0.12634506262603496,270.0521067818563,320.2772813845754,7919.9042743017439,0.0,0.0,9.984306987337004,12.054124020304276,192.26511289337604,0.0,0.0,68.47701922882821,81.55809531232629,1845.7435648713143,0.0,0.0,267.9145019418272,320.3681612560982,6610.881879268045,0.0,0.0,36.8941864615862,44.44219888057725,757.3390655738296,0.0,0.0,135.66442889770577,162.82425307345435,3061.3943077003648,18.52683813704375,12.707022041868145,437.08149315883795,519.3948726909082,12801.37290615511,0.0,0.0,163.94287307800105,196.58595036034883,3788.705198526929,755.0595378220355,21.626870629041315,28.382294188094997,21.5,30.0,0.0,21.507127368190408,28.58828535742332,16.0,30.0,1552.9328479362326,21.744385171076809,28.11779616428159,21.5,30.0,0.0,20.95287625472504,29.543499721503875,16.0,30.0,0.0,15.795093076254542,41.549056570132957,12.0,30.0,0.0,19.764056704134064,32.2153881786288,19.0,30.0,0.0,18.57638909954517,34.618268695590597,10.0,30.0,0.0,16.442779824945178,39.75059141880872,16.0,30.0,0.0,17.48802604077604,37.171748798347227,16.0,30.0,0.0,20.30480800467818,0.0,0.0,0.0,17.75302597094653,0.0,0.0,532.8138528061122,532.9316790588468,529.3575161723392,531.1968005799772,560.6601281585181,553.2003459097002,549.6173366298034,555.6117164368436,554.2326787469203,5624.2419274857279,81.2572555770067,84.91173246719775,60.0,0.0,60.0,60.0,16.0,16.0,19.0,16.0,16.0,12.0,21.0,10.0,1.0,0.0,755.0595378220355,0.0,1552.9328479362326,0.0,0.0,0.0,0.0,0.0,5530.31875561704,3318191.2533702237,4324386.749661822,81.2572555770067,84.97379761682388,0.184343958520568,0.3836067443930066,0.18014068700982978,84.97379761682388,0.17713239097194376,4324386.749661822,0.22626811098241476 
 03/26  15:50:00,6.221666666666666,70.83333333333334,4.925,152.33333333333335,208.66666666666669,0.0,0.0,0.0,0.0,0.0,0.0,0.0,0.0,0.0,0.0,1492.0,0.0,971.5313023175968,57.97563657476655,148.56097283083433,29.131098355081634,775.3710107981356,0.0,57.97563657476652,79.25709060633035,0.0,0.0,20.84394461842348,-249.46630955645925,21.853944972684866,-302.75652734421785,20.907552339803027,-384.41323097023817,20.42317381836178,96.25000345796662,15.627263920988707,47.65239451991502,19.993369974824334,-162.8998195598772,17.9245211572899,167.95649178173518,16.174534450366524,97.36469267102064,17.341025149833329,83.6248870713739,558.4975514021944,292.5256327753418,0.0,0.0,0.0,0.0,0.0,0.0,0.0,0.0,0.0,0.0,0.0,0.0,0.0,0.0,0.0,0.0,0.0,0.0,0.0,0.0,0.0,0.0,1.9660846768258616,0.6001479477490419,226.3277875142017,267.48659201606417,6996.094348717618,0.34814305582045548,0.05313538702998404,186.17523286697196,220.07814291441233,5658.0864995057,4.541052186061822,0.8580975408280089,226.25221636019973,268.106425648389,6900.984272354509,0.5634393103472222,0.10647001329312586,197.70933636813556,234.482618591263,5830.316820130889,0.0,0.0,9.522596058937657,11.485117629337509,186.0115890142719,0.0,0.0,66.53932539977763,79.17474406902378,1806.2405577250216,0.0,0.0,264.60678035287267,316.15528373982019,6569.913683485762,0.0,0.0,36.88091872622767,44.38140982392691,766.3021994431491,0.0,0.0,137.67222741465319,165.07358619771419,3140.743739133737,17.839526084906408,12.235614598701244,366.3090293092306,435.1825477052512,10771.616399906208,0.0,0.0,166.2071317603292,199.1125623332804,3879.342789739279,729.8840217395498,21.451820155739367,28.673664731763816,21.5,30.0,0.0,21.494825251150894,28.541140408375548,16.0,30.0,1226.3700662647653,21.45209403214787,28.58469752987956,21.5,30.0,0.0,20.874244732333325,29.637439163768137,16.0,30.0,0.0,15.81015987209037,41.393138341934349,12.0,30.0,0.0,19.736242028845248,32.20030955874288,19.0,30.0,0.0,18.528819151454358,34.672258921632877,10.0,30.0,0.0,16.44449861111656,39.653767237134278,16.0,30.0,0.0,17.48859817848589,37.094187351093498,16.0,30.0,0.0,20.230475153834769,0.0,0.0,0.0,17.74643394579107,0.0,0.0,532.0601698215105,529.9238244185227,527.3791178960087,529.2481001725425,556.0425627251764,549.7152863114122,547.5239111490303,551.8125764063507,550.9553218489257,5815.027122500323,84.15935886773142,84.15935886773142,60.0,0.0,60.0,60.0,16.0,16.0,19.0,16.0,16.0,12.0,21.0,10.0,1.0,0.0,729.8840217395498,0.0,1226.3700662647653,0.0,0.0,0.0,0.0,0.0,0.0,0.0,0.0,84.15935886773142,84.15935886773142,0.34,0.7669805427265566,0.36028137401965956,84.15935886773142,0.3542647819438875,0.0,0.0014133333333333336 
 03/26  16:00:00,6.1,71.0,5.01,139.5,185.0,0.0,0.0,0.0,0.0,0.0,0.0,0.0,0.0,0.0,0.0,1492.0,0.0,813.0451580052227,52.06947891050732,133.42659005440604,24.37894753409587,648.8846804274897,0.0,52.0694789105073,71.18292530539763,0.0,0.0,20.595693133387479,-175.44027153848766,21.759397288438035,-119.06074094575797,20.648936070581244,-323.7318631305261,20.40001910985928,288.0237493795453,15.639684811586325,48.28149619841321,19.926540396396449,-143.27253344720976,17.927484030666564,192.8719598342377,16.174966574853273,96.47673117078478,17.342271096869668,81.62903066400168,603.5370833351926,334.8541965551685,0.0,0.0,0.0,0.0,0.0,0.0,0.0,0.0,0.0,0.0,0.0,0.0,0.0,0.0,0.0,0.0,0.0,0.0,0.0,0.0,0.0,0.0,2.002587872650547,0.611290559417139,262.76631638905487,311.1005583666621,7937.68102936345,0.3690763568929042,0.05633033530111481,193.27873367510089,228.55568390787369,5927.081776205223,4.555812919523495,0.8608867950724672,228.89246247169053,271.1960794571222,6987.082613075304,0.635234219554329,0.12003670059605609,217.41004365113646,257.81127053336999,6452.566662974695,0.0,0.0,9.511535608490063,11.470127258067534,188.2016282317685,0.0,0.0,62.340702475588859,74.16842309201373,1704.513370814942,0.0,0.0,269.80916817759069,322.35658712939076,6761.133650438305,0.0,0.0,37.50865174352402,45.13457027893021,788.3524051203622,0.0,0.0,144.68335679128416,173.48202823678043,3334.655229731473,17.686396429626514,12.130587400292538,409.901164386287,486.5996808336925,12274.898876729432,0.0,0.0,173.96954869504865,208.4066611997285,4104.371325106027,217.89429043459539,21.10051067106764,29.150911687701379,21.0,30.0,0.0,21.462307970188499,28.505480470222186,16.0,30.0,127.35450168279744,21.069527146364515,29.153171022357,21.0,30.0,0.0,20.881902456810758,29.510702771974225,16.0,30.0,0.0,15.814177007352,41.277697540038619,12.0,30.0,0.0,19.71344219859693,32.153053022480467,19.0,30.0,0.0,18.52172327568675,34.56035727611926,10.0,30.0,0.0,16.44256395257588,39.55110480267226,16.0,30.0,0.0,17.484768524578585,36.993168918631557,16.0,30.0,0.0,20.437634750380764,0.0,0.0,0.0,17.7491060083916,0.0,0.0,526.4311431910769,526.1284036722215,524.0527346928378,524.7362616636194,551.9894656653494,545.2817308060616,542.0477088111622,547.5391387833124,546.3005087961619,5701.901571054605,84.2341202077254,84.2341202077254,60.0,0.0,60.0,60.0,16.0,16.0,19.0,16.0,16.0,12.0,21.0,10.0,1.0,0.0,217.89429043459539,0.0,127.35450168279744,0.0,0.0,0.0,0.0,0.0,0.0,0.0,0.0,84.2341202077254,84.2341202077254,0.34,0.7671709880046779,0.36028137401965956,84.2341202077254,0.3542647819438875,0.0,0.0014266666666666664 
 03/26  16:10:00,5.886666666666667,72.0,4.9783333333333339,126.66666666666666,161.33333333333332,0.0,0.0,0.0,2.0,0.0,0.0,0.0,0.0,0.0,4.0,2984.0,0.0,714.8948040489896,47.279124589346618,121.15139732707428,21.435934609422327,570.5516858924672,0.0,47.279124589346597,64.63414776883654,0.0,0.0,21.02712975234074,-599.3931853508791,21.702325370727935,-45.79171360205078,21.27537321287847,-983.9428058583899,20.463782135613188,475.50916499755729,15.650430072335676,46.455794589786339,19.972505511870219,-48.1240906599418,17.897385792213357,171.78204671143909,16.17158304946445,86.96213499747336,17.33832958534782,53.71273213478912,591.0307808969255,292.03892373063379,0.0,0.0,0.0,0.0,0.0,0.0,0.0,0.0,0.0,0.0,0.0,0.0,0.0,0.0,0.0,0.0,0.0,0.0,0.0,0.0,0.0,0.0,2.040611869212004,0.6228973959743602,247.65074917206108,293.0164643230737,7856.6338976791089,0.3949371056721784,0.060277336030552259,201.04340796017719,238.07038468677377,6251.995557173632,4.4190776570866279,0.8350486880360221,283.41255959842666,334.81228547390159,9221.821583933448,0.8892425508664612,0.16803525148648164,293.5539888620672,347.91430994573445,8916.053849954527,0.0,0.0,9.73488632202572,11.749407217274254,196.79398170511889,0.0,0.0,12.57073838740014,14.959970673445687,352.540881366034,0.0,0.0,205.65851086438102,245.97775577385566,5213.2821561289,0.0,0.0,36.07847881909922,43.452626459273357,773.2289702627476,0.0,0.0,129.77796632448307,155.74109929622945,3043.5276282370198,17.48640657622816,11.993420148304642,470.53753257904818,558.9532067790716,14201.833604703857,0.0,0.0,157.08668965297415,188.4388356659247,3723.945983190227,881.7041952281965,21.643608642115127,28.156007097356587,21.5,30.0,0.0,21.453404070148264,28.558712824524635,16.0,30.0,844.029151515198,22.048281708614156,28.11196462079293,21.5,30.0,0.0,21.006488604712357,29.704423854345458,16.0,30.0,0.0,15.813057499360302,41.18467552305927,12.0,30.0,0.0,19.857504260018403,33.305031279503328,19.0,30.0,0.0,18.45295809094825,34.59765748546883,10.0,30.0,0.0,16.434527981162508,39.48088139676001,16.0,30.0,0.0,17.472244451170857,36.932645520840548,16.0,30.0,0.0,20.39432428639946,0.0,0.0,0.0,17.58856306113617,0.0,0.0,524.8464451831289,529.6314459454852,565.6150765898178,550.2867912746705,548.2741549331249,635.6179299070943,537.3436205003042,544.0250529014307,542.6667544001842,4942.731394260578,81.40038673788453,81.40038673788453,1744.0,0.0,1744.0,1744.0,16.0,16.0,19.0,16.0,16.0,12.0,21.0,10.0,1.0,0.0,881.7041952281965,0.0,844.029151515198,0.0,0.0,0.0,0.0,0.0,0.0,0.0,0.0,81.40038673788453,81.40038673788453,0.17,0.3856941255796142,0.18014068700982978,81.40038673788453,0.17713239097194376,0.0,0.041856 
 03/26  16:20:00,5.673333333333334,73.0,4.946666666666667,113.83333333333333,137.66666666666667,0.0,0.0,0.0,2.0,0.0,0.0,0.0,0.0,0.0,4.0,746.0,0.0,618.2571244094938,42.49436272611769,108.89054206617533,18.538279468077904,493.4259512796417,0.0,42.49436272611767,58.09301554625904,0.0,0.0,20.56197880158941,44.99093972671653,21.531937767175259,-295.379385242165,21.181587685998296,-811.2760808358198,20.574627523258959,331.4498858638399,15.65537659593027,41.06506536398837,20.073981106431196,-43.3964926684759,17.798464931411226,119.39221621445359,16.156591730426276,84.75434326243522,17.317869350548145,56.489402501242697,595.074769970619,306.5178847241614,0.0,0.0,0.0,0.0,0.0,0.0,0.0,0.0,0.0,0.0,0.0,0.0,0.0,0.0,0.0,0.0,0.0,0.0,0.0,0.0,0.0,0.0,2.196671804006365,0.6705347387076817,208.69090126310312,246.76067397756195,6458.529152536826,0.3941660789593758,0.06015965796083269,178.1938061662284,210.5620511394778,5537.2210758846099,4.3334525138089419,0.8188685778172606,282.0053822456966,332.5472303750359,9177.8137501753,0.5022625639528424,0.09490978154815613,284.42750934980946,336.0694022777258,8813.914314308151,0.0,0.0,8.757399584220372,10.54115255852828,180.71625411286107,0.0,0.0,10.093937063856738,11.960830202230956,292.07527820459389,0.0,0.0,195.96088516939845,233.9085970224624,4973.530320434261,0.0,0.0,34.724337177886358,41.710525017926588,757.6889979829099,0.0,0.0,127.38648000160004,152.47404915245247,3034.7451356513549,17.145527107218105,11.759620786843696,430.77454147771126,510.3290909940976,13234.840365491491,0.0,0.0,154.03920097586477,184.33960787718687,3690.6375797713546,161.93778491955863,21.005653800334458,29.540457259333846,21.0,30.0,0.0,21.206661681736688,29.070956792682453,16.0,30.0,0.0,21.76099618835223,28.75725749164806,21.0,30.0,0.0,21.168126415345897,29.93516262992135,16.0,30.0,0.0,15.802369689482087,41.0738754667602,12.0,30.0,0.0,20.094349587243348,35.34279544852127,19.0,30.0,0.0,18.24151384854441,35.030429729012308,10.0,30.0,0.0,16.407400505211858,39.42917174044143,16.0,30.0,0.0,17.436463637285205,36.91859206224881,16.0,30.0,0.0,20.447471475778245,0.0,0.0,0.0,17.492742101401676,0.0,0.0,541.3534758256333,536.5028741150568,572.5776459083226,581.7287436723847,543.1803359737417,791.5154249214381,536.5635124800959,540.0285817702737,539.2881434336484,5215.080715930568,84.55580785186129,84.55580785186129,1744.0,0.0,1744.0,1744.0,16.0,16.0,19.0,16.0,16.0,12.0,21.0,10.0,1.0,0.0,161.93778491955863,0.0,0.0,0.0,0.0,0.0,0.0,0.0,0.0,0.0,0.0,84.55580785186129,84.55580785186129,0.34,0.6190581225638679,0.36028137401965956,84.55580785186129,0.3542647819438875,0.0,0.041662222222222228 
 03/26  16:30:00,5.46,74.0,4.915,101.0,114.0,0.0,0.0,0.0,2.0,0.0,0.0,0.0,0.0,0.0,4.0,2988.0,0.0,523.4878095583803,37.71701665709074,96.6486968013138,15.696647350331674,417.79134974005049,0.0,37.717016657090727,51.56202127658223,0.0,0.0,21.08685001922683,-797.5447320273738,21.508956991293798,121.02184241847908,21.223417509138284,-733.0752883762853,20.5504444454968,265.8899421409019,15.663829921325143,44.88925838528321,20.06890361408246,-62.28189648309477,17.852327527419655,224.54990422998868,16.142085099452016,71.38031845886411,17.29432570483406,13.870335679220262,611.3656916487266,306.85687787664326,0.0,0.0,0.0,0.0,0.0,0.0,0.0,0.0,0.0,0.0,0.0,0.0,0.0,0.0,0.0,0.0,0.0,0.0,0.0,0.0,0.0,0.0,2.152408858615606,0.6570234611158748,273.7212055688909,323.5519440568368,8973.910289866804,0.4315452094662781,0.06586465345944415,212.59925081253474,251.69073862978503,6751.5556757906219,4.682012418106981,0.8847340170270187,251.83181498301466,297.7341648154637,8344.41415358094,0.8199660415613499,0.15494445229806307,261.9089946580217,310.36776358861769,8204.899300904712,0.0,0.0,10.086597664477655,12.173023352231429,212.42696179316318,0.0,0.0,13.505388398986359,16.0448637299721,397.4853851704037,0.0,0.0,199.4229837595176,238.5490909704341,5195.661758650786,0.0,0.0,35.48774681958167,42.744926312292019,787.5817310503599,0.0,0.0,122.75927425348294,147.33783462853638,2965.962717979241,17.20848468871798,11.802801569765422,465.5871488900685,552.7797879577189,14534.996533362015,0.0,0.0,149.47068416209795,179.41766798574757,3605.868587494934,1251.2360243397469,21.79289231398196,28.288843874430819,21.75,30.0,0.0,21.33244210050704,29.0675063386142,16.0,30.0,0.0,21.796233466826114,29.01746486814357,21.0,30.0,0.0,21.107235599296524,30.12260218148093,16.0,30.0,0.0,15.801923135131535,41.04838666849574,12.0,30.0,0.0,20.135374060943734,35.88952365516499,19.0,30.0,0.0,18.366692511376166,34.86481739969703,10.0,30.0,0.0,16.381850067864514,39.528416353884839,16.0,30.0,0.0,17.394517175143045,37.06925946571399,16.0,30.0,0.0,20.505914374955478,0.0,0.0,0.0,17.35764741656518,0.0,0.0,550.6517315653625,549.693036900218,592.2092653147182,583.9862408752902,542.5843973347317,828.9462005373034,543.2847645704146,542.3463553798399,542.6838661646018,5673.655809177364,83.33186992731955,83.33186992731955,1744.0,0.0,1744.0,1744.0,16.0,16.0,19.0,16.0,16.0,12.0,21.0,10.0,1.0,0.0,1251.2360243397469,0.0,0.0,0.0,0.0,0.0,0.0,0.0,0.0,0.0,0.0,83.33186992731955,83.33186992731955,0.255,0.5774626216096995,0.27021103051474468,83.33186992731955,0.2656985864579156,0.0,0.04146844444444444 
 03/26  16:40:00,5.246666666666667,75.0,4.883333333333334,88.33333333333334,95.0,0.0,0.0,0.0,2.0,0.0,0.0,0.0,0.0,0.0,4.0,1496.0,0.0,441.5733525254153,33.08066981595784,84.76817184264759,13.240463969614574,352.4160958829003,0.0,33.080669815957829,45.22378364125838,0.0,0.0,20.807992684151285,-329.72073566143629,21.496666412173217,-167.94080000092618,21.26934858508269,-770.4782374550805,20.536973474928425,318.5571266815041,15.674659738215869,41.46948477805506,20.0560500224366,-44.06481393500766,17.85533508844764,87.35715337455076,16.12150220650806,70.39798429776988,17.258518027465109,18.538262992349247,609.5587101180081,376.1645022202265,0.0,0.0,0.0,0.0,0.0,0.0,0.0,0.0,0.0,0.0,0.0,0.0,0.0,0.0,0.0,0.0,0.0,0.0,0.0,0.0,0.0,0.0,2.2352224899855805,0.6823023473704459,284.25851559169316,336.21763894756648,9225.479756583165,0.4083541265243332,0.062325110885887258,236.3974324156066,279.59526182081216,7606.825104478979,4.503117342684853,0.850929203077259,271.07998263727429,320.1273479563732,9099.90795886243,0.6086512711672033,0.11501346771867027,275.59516163507819,326.29480934756028,8737.586219936386,0.0,0.0,9.124403364640387,11.005286167496479,196.18614742619969,0.0,0.0,12.327303328520543,14.633971751746462,368.94949799867347,0.0,0.0,204.05521052479089,243.9396649783021,5386.145396336149,0.0,0.0,35.3860545249995,42.59190869012187,798.444679753858,0.0,0.0,134.32105544316557,161.10393129505958,3289.6244129867457,17.713891378179015,12.149445389697546,497.68976664775627,590.5824256929359,15646.421077016079,0.0,0.0,161.89778475523606,194.18274096181472,3967.4914702942335,759.4729546022381,21.349122946385948,29.19896889650927,21.5,30.0,0.0,21.37568366515222,29.168708046251405,16.0,30.0,0.0,21.8289566443652,29.083767685358656,21.0,30.0,0.0,21.09296568841264,30.317889373875894,19.0,30.0,0.0,15.804513650909854,41.08236758751758,12.0,30.0,0.0,20.175043857236937,36.62930284925636,19.0,30.0,0.0,18.32367678378933,35.040989369811239,10.0,30.0,0.0,16.348258915126743,39.71687588921635,16.0,30.0,0.0,17.3399235676046,37.303615060676069,16.0,30.0,0.0,20.4342406131155,0.0,0.0,0.0,17.332517847765027,0.0,0.0,557.4725033495663,559.9170001660581,599.7590320308204,593.6595443482565,545.4249084074734,877.0858656606911,547.7175292876426,548.0965824803075,548.7455658889589,7434.029017531591,83.08926661553099,83.08926661553099,1744.0,0.0,1744.0,1744.0,16.0,19.0,19.0,16.0,16.0,12.0,21.0,10.0,1.0,0.0,759.4729546022381,0.0,0.0,0.0,0.0,0.0,0.0,0.0,0.0,0.0,0.0,83.08926661553099,83.08926661553099,0.34,0.7686145578439845,0.36028137401965956,83.08926661553099,0.3542647819438875,0.0,0.04127466666666666 
 03/26  16:50:00,5.033333333333334,76.0,4.8516666666666679,75.66666666666667,76.00000000000002,0.0,0.0,0.0,2.0,0.0,0.0,0.0,0.0,0.0,4.0,1496.0,0.0,360.5238509761249,28.502216630350675,73.03600248425379,10.810216755261916,287.7311635470651,0.0,28.50221663035066,38.96469102223144,0.0,0.0,20.61958209498867,-216.83948184177008,21.37894378807901,-20.018690762127336,21.30409398668226,-765.9655983255407,20.53865456251836,308.9140758531503,15.682757992619596,42.79838066613641,20.020360899977488,-51.23203211788058,17.813887420560527,144.93155717158244,16.100576584204555,66.18966082162774,17.22260438873647,6.376643383605369,661.7306630755065,426.7164905371874,0.0,0.0,0.0,0.0,0.0,0.0,0.0,0.0,0.0,0.0,0.0,0.0,0.0,0.0,0.0,0.0,0.0,0.0,0.0,0.0,0.0,0.0,2.168501057159144,0.6619356096334385,256.64371524629487,303.98385699788499,8281.257019707271,0.4111598488863137,0.06275333468960832,203.99005109348753,241.37995824543516,6633.956041095227,4.550244823326507,0.8598346226996425,269.4651553577131,318.16390994886538,9176.541508307924,0.6108516078266593,0.11542925317964079,278.26034169744198,329.4192568940605,8942.31000371879,0.0,0.0,9.519698615195722,11.481511748728675,208.79042500104408,0.0,0.0,12.675789430504981,15.046412771944365,384.8575066073795,0.0,0.0,216.54593878976139,258.92974092195069,5786.304832782673,0.0,0.0,36.41320905572333,43.83360364931191,834.9538598392142,0.0,0.0,142.56197224275324,171.03881295799358,3537.6163922933385,18.979889050293076,13.017756550269603,465.21634217774797,552.0740723901313,14923.577821195671,0.0,0.0,171.36756149621693,205.6024775459981,4254.1163420222969,265.6934516200127,21.072411489175246,29.930289069841558,21.0,30.0,0.0,21.30063545100399,29.5466897613393,16.0,30.0,0.0,21.852498454388738,29.252501841898466,21.0,30.0,0.0,21.09572728643945,30.570854388122066,19.0,30.0,0.0,15.803514285441285,41.19095663203968,12.0,30.0,0.0,20.175997296480955,37.25190541124508,19.0,30.0,0.0,18.265923675110718,35.417170459593467,10.0,30.0,0.0,16.31431067711552,40.01134494392802,16.0,30.0,0.0,17.28435735793997,37.65231140631478,16.0,30.0,0.0,20.446296835928054,0.0,0.0,0.0,17.27341703546829,0.0,0.0,572.3726385127548,574.4820210589506,612.687090051692,608.4207109702923,550.9495915300305,913.2594776877849,561.1058080931657,558.5007728384976,560.2115154251861,8382.189134992623,82.46250171823694,82.46250171823694,1744.0,0.0,1744.0,1744.0,16.0,19.0,19.0,16.0,16.0,12.0,21.0,10.0,1.0,0.0,265.6934516200127,0.0,0.0,0.0,0.0,0.0,0.0,0.0,0.0,0.0,0.0,82.46250171823694,82.46250171823694,0.34,0.7695178024398856,0.36028137401965956,82.46250171823694,0.3542647819438875,0.0,0.04146844444444444 
 03/26  17:00:00,4.82,77.0,4.82,63.0,57.0,0.0,0.0,0.0,2.0,0.0,0.0,0.0,0.0,0.0,4.0,2244.0,0.0,282.3891231209743,23.84768857024456,61.10890210576962,8.467368456730137,225.37249023337825,0.0,23.84768857024455,32.60159828216656,0.0,0.0,21.14998689328153,-838.9815558519974,21.31035993393522,174.03729257637327,21.305165168367297,-810.0933348060371,20.545372712479599,293.8478728238796,15.689405049332065,43.8119446407685,19.95881898933496,-65.47669310253578,17.841224662810107,219.8965159200763,16.083012423501108,59.10527628968268,17.194925125454078,-11.244338015982379,701.394628971612,413.7546253674707,0.0,0.0,0.0,0.0,0.0,0.0,0.0,0.0,0.0,0.0,0.0,0.0,0.0,0.0,0.0,0.0,0.0,0.0,0.0,0.0,0.0,0.0,2.1381116205595487,0.6526592248350276,294.3881946063586,347.8883432870333,9988.620185967795,0.4335363352448566,0.06616854933529563,233.21883949711893,275.9966051422086,7690.865651345841,4.559170886787648,0.861521331592527,263.96845733002598,311.9644660192723,9085.668883167142,0.435261640982687,0.08224898733610869,274.27554965765747,324.90554878338357,8934.062399745862,0.0,0.0,10.364499203905498,12.503422807122196,231.7286346733993,0.0,0.0,14.195212830681236,16.852020166220276,436.0082752481009,0.0,0.0,209.86709797662679,250.98237536052188,5721.825555588692,0.0,0.0,35.95289269787058,43.30207183225045,838.0209911784273,0.0,0.0,131.33095044963526,157.6502614209992,3305.85686527693,20.12236717484443,13.801349228288377,494.7497981847989,587.3382109206357,16077.190545545049,0.0,0.0,159.15085728724197,191.16967693070735,3950.73192320818,1183.7402316333019,21.780020633179899,28.822259535002066,21.666666666666687,30.00000000000002,0.0,21.292472877827764,29.70402963520225,16.000000000000015,30.00000000000002,0.0,21.812301012574886,29.498041215778238,21.000000000000015,30.00000000000002,0.0,21.114037203281023,30.657956570312125,19.000000000000015,30.00000000000002,0.0,15.80011717216602,41.30579899424995,12.00000000000001,30.00000000000002,0.0,20.13974217842984,37.739005849104739,19.000000000000015,30.00000000000002,0.0,18.326280081292557,35.422081569859148,10.000000000000007,30.00000000000002,0.0,16.28817214596987,40.2434346219064,16.000000000000015,30.00000000000002,0.0,17.24815247413155,37.897494702297837,16.000000000000015,30.00000000000002,0.0,20.420628058881456,0.0,0.0,0.0,17.05026377451285,0.0,0.0,581.4267260380559,583.1665351241569,623.0884690198848,615.8176287337665,556.1231324569767,936.576547027049,568.6010287298061,566.4344283532998,568.148392906028,6780.2882511675929,81.21476493530196,83.47915797165295,1744.0000000000014,0.0,1744.0000000000014,1744.0000000000014,16.0,19.0,19.0,16.0,16.0,12.0,21.0,10.0,1.0,0.0,1183.7402316333019,0.0,0.0,0.0,0.0,0.0,0.0,0.0,3426.9725169397545,2056183.5101638509,2662496.0784237144,81.21476493530196,83.51761488267919,0.22756575056465856,0.5115230465035442,0.24018758267977323,83.51761488267919,0.23617652129592518,2662496.0784237144,0.18011201830025537 
 03/26  17:10:00,4.655000000000001,78.0,4.701666666666668,50.33333333333333,37.99999999999999,0.0,4.0,0.0,0.0,0.0,0.0,0.0,0.0,0.0,0.0,2247.0,0.0,171.92394010292845,18.476901148539274,47.34643414601091,5.155109468139205,137.21124998622146,0.0,18.476901148539267,25.25932469176831,0.0,0.0,21.067581083547525,-940.8907764254252,21.224688218077,-98.6189296641803,21.1241023458644,-347.3230636122643,20.54702449890562,-69.25682635627183,15.697659000116613,44.76027511050503,19.70268439501211,-222.5171050991668,17.919895217457275,190.37165465941508,16.060775828357586,59.07214265133606,17.151420647593534,-13.676782992306168,589.1039966509115,517.0895223511245,0.0,0.0,0.0,0.0,0.0,0.0,0.0,0.0,0.0,0.0,0.0,0.0,0.0,0.0,0.0,0.0,0.0,0.0,0.0,0.0,0.0,0.0,2.1552062716518209,0.6578773722990906,356.7083310756427,421.4404690604741,12130.318711638238,0.4142447785915766,0.06322417255671194,143.9366329286725,170.24809488121799,4762.623996023629,4.827927972444765,0.912306873099918,182.0734578726672,215.20385568689384,6301.190445427495,0.4009212210463047,0.07575986792258212,12.48633711060206,14.787616590024394,421.2938874788962,0.0,0.0,10.322832613097342,12.452879339167123,234.31974145678067,0.0,0.0,74.16273242045858,88.20879883290255,2252.8696550755778,0.0,0.0,288.1119807582136,344.41861507758019,8007.6903712416919,0.0,0.0,37.60006288770789,45.28997691491858,886.5323123481048,0.0,0.0,149.86371405724237,179.94248582181678,3804.3201433359674,20.835308506029283,14.29033505214629,307.3186909407254,364.991910591175,10114.753281396364,0.0,0.0,180.08276496942259,216.3297270464889,4520.322348379346,1346.4430375241523,21.52475722558505,29.412774230822209,21.666666666666666,30.0,0.0,21.21602008883063,29.901167420799454,16.0,30.0,781.8429976686047,21.504662538859074,29.544700898136033,21.333333333333337,30.0,0.0,21.027747491770243,34.24624711877318,19.0,30.0,0.0,15.803467778146736,41.77237498100463,12.0,30.0,0.0,19.795169976674339,34.76132956965808,16.0,30.0,0.0,18.433897175530935,36.13754253105904,10.0,30.0,0.0,16.254178478874225,40.998848439209769,16.0,30.0,0.0,17.184884178290415,38.87487274567692,16.0,30.0,0.0,19.79977990184986,0.0,0.0,0.0,17.02296818238761,0.0,0.0,592.8600033391535,588.6088130185013,598.2677455695784,812.5215426806788,577.9485468468827,712.5519296862985,619.5071466503398,597.4506523144548,608.8178330252683,8724.24485245008,82.2361286506574,84.66897699071363,162.0,0.0,162.0,162.0,16.0,19.0,16.0,16.0,16.0,12.0,21.0,10.0,1.0,0.0,1346.4430375241523,0.0,781.8429976686047,0.0,0.0,0.0,0.0,0.0,3681.6454601500288,2208987.276090017,2868035.6889735197,82.2361286506574,84.71029483203,0.349388182005001,0.7681714766843799,0.36028137401965956,84.71029483203,0.3542647819438875,2868035.6889735197,0.15302585582662305 
 03/26  17:20:00,4.49,79.0,4.583333333333334,37.666666666666667,18.999999999999998,0.0,4.0,0.0,0.0,0.0,0.0,0.0,0.0,0.0,0.0,2247.0,0.0,102.87694252119582,13.896290169013602,35.60875576603461,3.0847539735152846,82.10541514359022,0.0,13.896290169013597,18.997282204862168,0.0,0.0,20.95108651724126,-853.6487555692163,21.15461143128134,100.48882548325966,20.942965492515119,-226.38367655243193,20.51526805018819,-65.49781920161935,15.705495277584408,43.20666925858372,19.425902674162484,-145.95287172695675,17.953972402704929,142.6773729269134,16.04043634810822,53.61633347205291,17.1134816927744,-24.347852540494985,701.7637639558874,575.932436371788,0.0,0.0,0.0,0.0,0.0,0.0,0.0,0.0,0.0,0.0,0.0,0.0,0.0,0.0,0.0,0.0,0.0,0.0,0.0,0.0,0.0,0.0,2.166919576712015,0.6614528622442046,361.28679909083817,427.36951782650979,12323.200249709214,0.4250283981756604,0.0648700241415843,128.93345183186939,152.53748192109036,4326.921776017358,4.624364348656316,0.8738405798670288,195.2474668122552,231.3207861319072,6667.1964424231559,0.4007423809532948,0.07572607349835498,12.795298610756252,15.15848746429414,434.0968035446006,0.0,0.0,10.03163663592949,12.101757796224721,231.07611406115576,0.0,0.0,64.32633534342307,76.62623200407544,1934.6472625193865,0.0,0.0,283.9406689147351,339.38650014880718,8001.4234213807699,0.0,0.0,37.56774216138031,45.2504244106252,896.1118759232475,0.0,0.0,152.658349144768,183.30192881711234,3910.591583632113,22.090812989636189,15.1514492384336,312.2419916448742,371.0989214466743,10440.319526710258,0.0,0.0,183.0972413962645,220.01283637772753,4620.292084812051,987.4221621267644,21.524001056496937,29.390022369280197,21.666666666666658,29.99999999999999,0.0,21.229900297772678,29.971604036704073,15.999999999999993,29.99999999999999,0.0,21.19402104203374,30.1002161051497,20.999999999999994,29.99999999999999,0.0,20.95706970374507,37.9657038427174,18.999999999999994,29.99999999999999,0.0,15.803829881257416,42.15684554142992,11.999999999999995,29.99999999999999,0.0,19.455881382531083,34.06166820236893,15.999999999999993,29.99999999999999,0.0,18.462469523742429,36.015263723071509,9.999999999999997,29.99999999999999,0.0,16.2237167260135,41.54372475899723,15.999999999999993,29.99999999999999,0.0,17.132429664130109,39.27909523934005,15.999999999999993,29.99999999999999,0.0,20.03509895327619,0.0,0.0,0.0,16.920162915840757,0.0,0.0,593.9259429329824,596.3382708281907,601.5402114204857,1020.7311154502252,595.7625549536954,629.7414275854378,617.8708757946178,619.1947534655233,622.660929281146,7966.282673469612,82.7372475999986,82.7372475999986,161.99999999999995,0.0,161.99999999999995,161.99999999999995,16.0,19.0,16.0,16.0,16.0,12.0,21.0,10.0,1.0,0.0,987.4221621267644,0.0,0.0,0.0,0.0,0.0,0.0,0.0,0.0,0.0,0.0,82.7372475999986,82.7372475999986,0.3399999999999999,0.7711751463359473,0.36028137401965945,82.7372475999986,0.35426478194388735,0.0,0.003969 
 03/26  17:30:00,4.325,80.0,4.465,25.0,0.0,0.0,4.0,0.0,0.0,0.0,0.0,0.0,0.0,0.0,0.0,2996.0,0.0,35.871916578798138,8.778500099315954,22.494593202155479,1.0756269507288273,28.629266403644018,0.0,8.778500099315949,12.000875175590363,0.0,0.0,21.1308967369234,-1096.5361667523762,21.0759444890954,80.24841507808924,21.037562972327899,-255.3117614709322,20.485971030571926,-71.48341342404953,15.71174228286776,41.45270806739893,19.222884460159546,-113.87177340869232,17.925084483514796,138.81473424422848,16.018620783105115,49.17615069739833,17.07321414807449,-34.20300821565161,718.54168479484,611.3332085982481,0.0,0.0,0.0,0.0,0.0,0.0,0.0,0.0,0.0,0.0,0.0,0.0,0.0,0.0,0.0,0.0,0.0,0.0,0.0,0.0,0.0,0.0,2.1594597123239778,0.6591757363626306,332.17343904578606,392.8114239600678,11572.359275225801,0.4197201901610534,0.06405985808318887,154.09681397239678,182.44062125962427,5200.086914708014,4.694181269619319,0.8870334976604916,175.99344520518293,208.14883785815977,6207.853084329405,0.3816284915596215,0.07211422743001159,14.416727052072169,17.060420750024787,490.01565944686089,0.0,0.0,9.861414768724345,11.900261080878949,230.41344790244845,0.0,0.0,60.61246351868734,72.28591354358355,1817.6527346146516,0.0,0.0,282.22959630535487,337.52871757459749,8016.877783663873,0.0,0.0,37.70820451906983,45.44150416694406,909.796557399945,0.0,0.0,153.58569446650299,184.5157055506028,3969.47622032193,22.973857428750244,15.757103860596882,283.46570315133837,337.3267843459227,9532.042206061622,0.0,0.0,184.3889839492798,221.73532008205607,4672.206774798526,1684.205109733058,21.70649174191277,29.066710352130145,22.0,30.0,0.0,21.190801859284315,30.088011249672485,16.0,30.0,1133.8947462541829,21.499006081335094,29.770907283060553,21.5,30.0,0.0,20.902128278994224,40.52189877335218,19.0,30.0,0.0,15.802063770537787,42.32591301978149,12.0,30.0,0.0,19.235271560132849,34.29787875669374,16.0,30.0,0.0,18.408517727040836,36.00406737232772,10.0,30.0,0.0,16.19305851045162,41.583938374491008,16.0,30.0,0.0,17.07874626724989,39.27718810112227,16.0,30.0,0.0,19.83525175229465,0.0,0.0,0.0,16.80322556728251,0.0,0.0,596.900057684466,601.1850777836438,615.2246324186515,1163.7011211983625,603.7786120085912,617.1918756409456,612.0165922513073,618.2174058596449,617.0792927635806,7804.087486643251,82.844612116109,82.844612116109,162.0,0.0,162.0,162.0,16.0,19.0,16.0,16.0,16.0,12.0,21.0,10.0,1.0,0.0,1684.205109733058,0.0,1133.8947462541829,0.0,0.0,0.0,0.0,0.0,0.0,0.0,0.0,82.844612116109,82.844612116109,0.34,0.7704049556604462,0.36028137401965956,82.844612116109,0.3542647819438875,0.0,0.004050000000000001 
 03/26  17:40:00,4.16,81.0,4.346666666666668,21.166666666666669,0.0,0.0,4.0,0.0,0.0,0.0,0.0,0.0,0.0,0.0,0.0,2247.0,0.0,30.35229005191353,7.427748686075829,19.03334101062324,0.9101198045390647,24.22406958629843,0.0,7.427748686075825,10.154295586805011,0.0,0.0,20.76102188960099,-305.86641941228916,20.984540026528575,-41.12270445593732,20.83003018799016,-265.050088656202,20.467656449516598,-73.49084039560006,15.719809872729046,38.262980530690388,19.063237920736925,-91.80284991981765,17.880144880965234,98.93839492874216,15.99205074391735,42.200653360706699,17.0269300376904,-49.095072128558999,539.6496192323448,643.9009386926693,0.0,0.0,0.0,0.0,0.0,0.0,0.0,0.0,0.0,0.0,0.0,0.0,0.0,0.0,0.0,0.0,0.0,0.0,0.0,0.0,0.0,0.0,2.1459043234673369,0.6550379497763545,208.1789892800575,246.8144713786681,7119.362987371306,0.416153569613109,0.06351550207770288,95.64941270802112,113.4272222313716,3256.2375167223838,4.4790986126772769,0.8463905163789267,89.70337658847346,106.2484095763996,3205.3659568805567,0.3626464026580279,0.06852728697241646,11.588137948365297,13.70211882613394,398.92628257319339,0.0,0.0,9.494960380775645,11.454792723310906,224.99860882049536,0.0,0.0,56.473780765862247,67.36996471182059,1692.7831353479112,0.0,0.0,276.1191672201687,330.23822000518399,7881.447215019786,0.0,0.0,36.967603080912088,44.54155251093156,901.4404210850664,0.0,0.0,153.08742323659554,183.9056837610288,3988.2356781807104,23.73993585990256,16.2825348833351,149.05051600208149,177.80158910725707,5266.157884050272,0.0,0.0,183.50335577032483,220.72271440606657,4656.28505077968,207.87652001903065,21.088173330891146,30.358307618309444,21.000000000000008,30.00000000000001,13.96654681689432,21.109511672850894,30.385306286093333,21.000000000000008,30.00000000000001,42.178143640649619,21.265690809652438,30.41914290772543,21.000000000000008,30.00000000000001,0.0,20.86767239664492,42.34475746911729,19.000000000000008,30.00000000000001,0.0,15.799707027182969,42.39201523714401,12.000000000000006,30.00000000000001,0.0,19.054448028010776,34.58654443879254,16.000000000000008,30.00000000000001,0.0,18.30550266147661,36.21468439413897,10.000000000000004,30.00000000000001,0.0,16.152718553732748,41.579258485202107,16.000000000000008,30.00000000000001,0.0,17.012345932669918,39.33696828258975,16.000000000000008,30.00000000000001,0.0,19.035405577475524,0.0,0.0,0.0,16.648262004549616,0.0,0.0,607.3618387364546,611.028413091486,630.6795629973622,1267.8345566919937,607.2275363275737,612.4934408632031,611.4370830188858,613.9953594690041,612.8274396439826,4708.348093965481,83.37831005716336,83.37831005716336,162.00000000000007,0.0,162.00000000000007,162.00000000000007,21.0,19.0,16.0,16.0,16.0,12.0,21.0,10.0,1.0,0.0,207.87652001903065,13.96654681689432,42.178143640649619,0.0,0.0,0.0,0.0,0.0,0.0,0.0,0.0,83.37831005716336,83.37831005716336,0.22666666666666675,0.45957824147977696,0.24018758267977309,83.37831005716336,0.23617652129592504,0.0,0.004131 
 03/26  17:50:00,3.995,82.0,4.2283333333333339,17.333333333333337,0.0,0.0,4.0,0.0,0.0,0.0,0.0,0.0,0.0,0.0,0.0,3000.0,0.0,24.844014124845267,6.079774967788136,15.579206506161528,0.7449530001090509,19.827931556773945,0.0,6.079774967788133,8.311513317609894,0.0,0.0,21.218984635886345,-575.895853122669,21.422928272939339,-245.0774727924636,21.174912876572497,-402.5454055883008,20.450341556210107,-68.17375867616363,15.728665889692487,37.919210229022898,18.932779530865674,-82.38231039955616,17.856106644294785,169.18602073582043,15.960520341972782,31.214917057283516,16.97217943824375,-78.89584508440203,555.4773799002107,671.3490771316069,0.0,0.0,0.0,0.0,0.0,0.0,0.0,0.0,0.0,0.0,0.0,0.0,0.0,0.0,0.0,0.0,0.0,0.0,0.0,0.0,0.0,0.0,2.1030024154137099,0.6419421292471642,176.0515751614618,208.07199712695434,6360.612765592103,0.399690284356805,0.06100279065274802,78.48878978800264,92.72563553184114,2817.7886700278315,4.398259930579224,0.8311148772825445,66.99977883496607,79.22240700710775,2540.037463961603,0.3969654196142367,0.0750123619830379,18.192087124572489,21.527193018581376,625.7346564481287,0.0,0.0,9.787138618549168,11.809652572583957,235.19094976771488,0.0,0.0,54.18988362300161,64.69833414201466,1627.7685543803505,0.0,0.0,277.30206505518029,331.7505670219281,7999.004077716636,0.0,0.0,37.06378808474558,44.67649444148195,912.6316714684566,0.0,0.0,153.50437135389019,184.5008136494138,4026.0822220538905,24.969251897496976,17.1256871724945,109.57525193678409,130.8134921880456,4044.005073773018,0.0,0.0,183.84359364647504,221.30459233380473,4669.6238001127289,1236.0680693494776,21.937802915981079,28.823216907952383,22.0,30.0,1102.6507742473653,21.84578041041263,29.31685253434661,21.75,30.0,1272.202780427735,21.87854066681131,29.328405424301257,21.75,30.0,0.0,20.841211164558208,42.34037161949033,19.0,30.0,0.0,15.799581347431264,42.40878203533137,12.0,30.0,0.0,18.914608266573504,34.85068109469643,16.0,30.0,0.0,18.290913294457324,36.201971560832557,10.0,30.0,0.0,16.10428056499143,41.64770906785638,16.0,30.0,0.0,16.932171940425218,39.49587047337544,16.0,30.0,0.0,18.78859086384301,0.0,0.0,0.0,16.489285019234889,0.0,0.0,610.1271692687844,629.2520633227765,636.0191954674491,1267.9840987260789,608.6937484013872,611.1617021525703,610.2819099033268,612.0129126287208,611.5983967537061,9982.692635392355,81.40397056461588,83.45092451412477,162.0,0.0,162.0,162.0,21.0,19.0,16.0,16.0,16.0,12.0,21.0,10.0,1.0,0.0,1236.0680693494776,1102.6507742473653,1272.202780427735,0.0,0.0,0.0,0.0,0.0,3097.220566480038,1858332.3398880228,2438156.1086027075,81.40397056461588,83.48568858760818,0.35824068554933466,0.7675984036043845,0.36028137401965956,83.48568858760818,0.3542647819438875,2438156.1086027075,0.1309781176473408 
 03/26  18:00:00,3.83,83.0,4.11,13.5,0.0,0.0,4.0,0.0,0.0,0.0,0.0,0.0,0.0,0.0,0.0,4500.0,0.0,19.345258095716049,4.734130938933675,12.131041699827666,0.5800716448068043,15.439391252207069,0.0,4.7341309389336729,6.471915910494838,0.0,0.0,20.820480110595498,-217.74172010467209,21.103329876875664,-451.95363547560916,20.785537418501808,-146.79306234073395,20.437380358928779,-85.1976961296671,15.741104755664847,36.34292373621203,18.824139596209557,-67.45923085306275,17.848667182077827,66.95810927944987,15.928259860498408,28.561293710959448,16.91373207504191,-83.52404250279615,434.3147195498974,719.9717491371395,0.0,0.0,0.0,0.0,0.0,0.0,0.0,0.0,0.0,0.0,0.0,0.0,0.0,0.0,0.0,0.0,0.0,0.0,0.0,0.0,0.0,0.0,2.0941025861629587,0.6392254536516959,134.5742028976876,159.44046448602604,4752.788923573918,0.3911756059133181,0.059703236555756659,87.94826845756,104.18523982517297,3085.5892799367595,4.454413237971211,0.8417258575153452,36.38530173315204,43.10921236316711,1417.9449576693288,0.36993246035751217,0.06990409303807853,13.610858120588383,16.121895833953827,474.6389977333452,0.0,0.0,9.561042645635839,11.541275294570493,233.077577843395,0.0,0.0,49.70561943985788,59.3801849816451,1499.1964577186078,0.0,0.0,277.62146849831978,332.3038336465099,8075.236140765199,0.0,0.0,37.22139127537402,44.890208699527068,925.5468539915951,0.0,0.0,159.26875167383043,191.5565712430699,4205.536411238599,25.442825802786837,17.450497807124014,70.82694935474867,84.7880393700287,2805.539568781468,0.0,0.0,190.28177940031822,229.20294967839556,4868.275756461722,71.79988499682364,21.25331955191911,30.410002544092057,20.99999999999997,29.999999999999959,0.0,21.324529677956439,30.25445631362583,20.99999999999997,29.999999999999959,65.50027192724592,21.231520237044756,30.82908071689905,20.99999999999997,29.999999999999959,0.0,20.82191819520863,42.430815841635858,18.99999999999997,29.999999999999959,0.0,15.806711770484782,42.38692028842294,11.999999999999983,29.999999999999959,0.0,18.807315609811576,35.06465492266654,15.999999999999977,29.999999999999959,0.0,18.24431168767306,36.39471914585958,9.999999999999986,29.999999999999959,0.0,16.057337590724079,41.72913363609227,15.999999999999977,29.999999999999959,0.0,16.85125492394322,39.66329032888461,15.999999999999977,29.999999999999959,0.0,18.245544857032866,0.0,0.0,0.0,16.41312890192387,0.0,0.0,632.6387798266825,632.977776145124,655.6535334365244,1273.9012626794823,609.5593924520277,611.2867956362084,615.8467556278578,611.2592117777716,611.3130584140021,1721.8723763718938,81.30723935076077,81.30723935076077,161.99999999999978,0.0,161.99999999999978,161.99999999999978,21.0,19.0,16.0,16.0,16.0,12.0,21.0,10.0,1.0,0.0,71.79988499682364,0.0,65.50027192724592,0.0,0.0,0.0,0.0,0.0,0.0,0.0,0.0,81.30723935076077,81.30723935076077,0.056666666666666597,0.10317590123548243,0.06004689566994317,81.30723935076077,0.05904413032398117,0.0,0.0042569999999999999 
 03/26  18:10:00,3.7583333333333339,83.66666666666667,3.951666666666667,9.666666666666666,0.0,0.0,0.0,0.0,0.0,0.0,0.0,4.0,0.0,0.0,0.0,4506.0,0.0,13.850902770522327,3.3895638411054667,8.6856364686713,0.41532224229522748,11.054363100641807,0.0,3.3895638411054649,4.633790749739928,0.0,0.0,21.158927503770128,-782.3501020918229,20.952568646020504,-46.15790464123864,21.116928559790588,-1267.9437463772686,20.442788048562578,345.8174983957596,15.75452757077538,39.2804592257637,18.722840549237988,-60.3168596271137,17.829846464156135,159.15913127552839,16.04488152234999,15.256567671629563,16.851316773856476,-102.32913358174102,893.4980697867187,774.5314223412884,0.0,0.0,0.0,0.0,0.0,0.0,0.0,0.0,0.0,0.0,0.0,0.0,0.0,0.0,0.0,0.0,0.0,0.0,0.0,0.0,0.0,0.0,1.9326166243198289,0.5899318145054422,247.3564283810488,292.50394673195509,8919.160524587254,0.4328125511590599,0.0660580816787332,25.407068511998945,30.10739100624658,895.7086351414522,4.091723606489477,0.773190401830967,443.02336580022759,524.4435434652628,15911.521782800548,0.6339076374200593,0.11978602369993559,340.8038569514354,404.0206213408016,11731.569464751201,0.0,0.0,10.459473276900276,12.624169191849692,256.70481614285918,0.0,0.0,46.39747001996743,55.45235057016708,1397.0354680256597,0.0,0.0,287.8050237434642,344.4097911804202,8415.337708774485,0.0,0.0,38.083420429773727,45.91821472228188,955.298519019304,0.0,0.0,168.0255817671186,202.11815926869077,4431.776868869824,26.40793559653545,18.11243868075134,452.9065638131117,539.7051762590651,15323.825217831281,0.0,0.0,199.5886148493285,240.44409606535215,5097.770775396396,1066.500857335299,21.67475671886778,33.106886354351157,21.666666666666666,30.0,0.0,21.134146488715858,33.32319460899018,20.999999999999998,30.0,1714.3215575269256,21.61658395573069,32.82140088907761,21.499999999999998,30.0,0.0,20.94444881724297,35.860462676602569,15.999999999999999,30.0,0.0,15.816941966973513,42.58137343732685,11.999999999999997,30.0,0.0,18.703999840223358,35.71641685910333,15.999999999999999,30.0,0.0,18.249270156398077,37.83183229361477,9.999999999999999,30.0,218.68561950456877,16.094927234644439,41.999003313328959,16.166666666666666,30.0,0.0,16.762007437568007,40.49724080042885,15.999999999999999,30.0,0.0,19.70291916280101,0.0,0.0,0.0,16.314556490948598,0.0,0.0,845.8222462125448,791.834479935791,821.6763223906971,916.7116168878391,620.4112130857418,634.6778267271448,689.5388290862005,629.1104302701751,640.7534819198262,9537.233558526415,81.6986745130603,82.96838742865143,240.0,0.0,240.0,240.0,21.0,16.0,16.0,16.0,16.0,12.0,21.0,10.0,1.0,0.0,1066.500857335299,0.0,1714.3215575269256,0.0,0.0,0.0,218.68561950456877,0.0,1921.3757004865102,1152825.420291906,1512776.6856909095,81.6986745130603,82.98995136911575,0.347379190016217,0.7687016615678364,0.3602813740196595,82.98995136911575,0.3542647819438874,1512776.6856909095,0.08506438765592725 
 03/26  18:20:00,3.686666666666667,84.33333333333334,3.793333333333334,5.833333333333333,0.0,0.0,0.0,0.0,0.0,0.0,0.0,4.0,0.0,0.0,0.0,1502.0,0.0,8.345225809758548,2.042226136394354,5.233131713223871,0.25023336650157759,6.660299277299153,0.0,2.0422261363943527,2.7918779593232094,0.0,0.0,20.93466177162947,-479.77276228506175,21.0363127606266,-71.91893352976794,21.118592404967467,-1042.0930667236103,20.38250550256349,141.0193306092333,15.770129287287775,35.084468776026607,18.630881038626016,-47.32788840708896,17.765694196226254,64.42403665943403,16.86278970839204,-68.09341886969199,16.797981544349839,-88.5950198081396,803.216143748755,805.7475519526499,0.0,0.0,0.0,0.0,0.0,0.0,0.0,0.0,0.0,0.0,0.0,0.0,0.0,0.0,0.0,0.0,0.0,0.0,0.0,0.0,0.0,0.0,2.0572033214832987,0.6279619418447189,196.90377606844266,232.66006381933446,7047.281959424282,0.37598477079173289,0.057384733026821278,21.521511096311508,25.43039083698352,769.6617898782558,4.184370415470016,0.7906973574206384,268.35687282159275,316.7724784057276,9769.667739335506,0.4023773037391186,0.07603501582371855,191.6635059004235,227.07316559159163,6586.853979901816,0.0,0.0,9.634792272391572,11.613610482138377,238.17620492466365,0.0,0.0,42.588798139521959,50.83993670792133,1281.2129986368246,0.0,0.0,277.3960011273281,331.67397004966349,8079.503607200619,0.0,0.0,29.883022531898427,35.83306073615659,831.1709045896904,0.0,0.0,172.15626731642778,206.84588923236863,4544.1364535712759,26.617675791028259,18.256293409484415,275.21248122198349,327.3888307250488,9542.267850095344,0.0,0.0,198.3948879716691,238.74231312951555,5067.77477859084,938.3869749753847,21.38350710845691,32.043373551540359,21.500000000000008,30.000000000000008,0.0,21.308294183571254,36.93285487520009,21.000000000000008,30.000000000000008,1799.4807796297594,21.626183962904159,32.5543604412954,21.500000000000008,30.000000000000008,0.0,20.83145884371319,33.89132170437385,16.000000000000005,30.000000000000008,0.0,15.831397923163229,43.16849152604574,12.000000000000004,30.000000000000008,0.0,18.61216062602056,36.74388112034492,16.000000000000005,30.000000000000008,0.0,18.108238870699659,38.213555594930898,10.000000000000002,30.000000000000008,935.3793713137343,17.58339903696462,38.96956655811963,17.000000000000005,30.000000000000008,0.0,16.69430002290356,41.435006888502268,16.000000000000005,30.000000000000008,0.0,19.44492499574485,0.0,0.0,0.0,16.24045826976431,0.0,0.0,746.5807443463443,1019.9348919399313,807.2501998258549,789.6796788188624,648.3632877378224,677.2510648057817,692.1741940991826,664.8740436583132,675.7214885945357,6101.769982476162,83.9698182649764,83.9698182649764,240.00000000000007,0.0,240.00000000000007,240.00000000000007,21.0,16.0,16.0,16.0,16.0,12.0,21.0,10.0,1.0,0.0,938.3869749753847,0.0,1799.4807796297594,0.0,0.0,0.0,935.3793713137343,0.0,0.0,0.0,0.0,83.9698182649764,83.9698182649764,0.3400000000000001,0.7674683699868166,0.36028137401965967,83.9698182649764,0.35426478194388757,0.0,0.0063999999999999998 
 03/26  18:30:00,3.615,85.0,3.6350000000000004,0.0,0.0,0.0,0.0,0.0,0.0,0.0,0.0,4.0,0.0,0.0,0.0,2254.0,0.0,0.0,0.0,0.0,0.0,0.0,0.0,0.0,0.0,0.0,0.0,21.093729378603436,-460.5495183493912,21.06602108204112,-91.02348085442609,21.022804158924509,-646.4178218061798,20.281631046851417,133.34950404539627,15.778634630378253,32.03943338629993,18.548079695697113,-53.43781050703779,17.734488418910489,115.24383797892244,16.923116193841375,-24.176045773069548,16.736856728209998,-136.96042632743343,759.520562424462,769.2760966810595,0.0,0.0,0.0,0.0,0.0,0.0,0.0,0.0,0.0,0.0,0.0,0.0,0.0,0.0,0.0,0.0,0.0,0.0,0.0,0.0,0.0,0.0,2.013087796061973,0.6144956642435813,169.28879732277648,200.36957344278785,6045.533267898107,0.31998181448432297,0.04883727327294306,18.513798954902208,21.858498549336283,667.473306250713,4.282491881701772,0.8092388287418315,248.0565630263299,293.83333740193339,8855.633498586183,0.4182818769731078,0.07904041514986915,204.28710170544094,242.29287706347857,6995.14471899095,0.0,0.0,9.565479893240875,11.53540653615189,237.87989360237106,0.0,0.0,44.73511140502731,53.449022709975398,1345.3573946003647,0.0,0.0,264.6630368472291,316.6589612233239,7726.7050808149419,0.0,0.0,11.750866475086337,14.08234005393404,333.2784961118687,0.0,0.0,176.13818933593886,211.8060735430809,4644.913741191695,27.100177454897755,18.58722733532082,249.42192122118019,297.294198322859,8722.982106025369,0.0,0.0,182.55868872761568,219.96052113002544,4616.295731819115,758.8966511290934,21.515723332765107,32.42758614185901,21.333333333333326,29.99999999999999,0.0,21.382030431253374,38.8718700998825,20.999999999999994,29.99999999999999,1031.293255962781,21.338305750838676,32.66174788710439,21.333333333333326,29.99999999999999,0.0,20.692663113400167,34.27819390179829,15.999999999999993,29.99999999999999,0.0,15.834159562269314,43.553238100323259,11.999999999999995,29.99999999999999,0.0,18.533344778263577,37.21281374591803,15.999999999999993,29.99999999999999,0.0,18.074280600589025,38.666720739234069,9.999999999999997,29.99999999999999,0.0,17.635456313447347,39.08540729802919,15.999999999999993,29.99999999999999,0.0,16.608750184537607,42.08400539211651,15.999999999999993,29.99999999999999,0.0,19.22998576192835,0.0,0.0,0.0,16.034136227729776,0.0,0.0,784.0831598484847,1138.7850824603266,777.1823389507274,794.9535557354876,665.8376599950086,692.3245018825478,710.9403217366898,677.9493852600217,695.2370486940058,5223.664295967543,82.83849760189907,82.83849760189907,239.99999999999992,0.0,239.99999999999992,239.99999999999992,21.0,16.0,16.0,16.0,16.0,12.0,21.0,10.0,1.0,0.0,758.8966511290934,0.0,1031.293255962781,0.0,0.0,0.0,0.0,0.0,0.0,0.0,0.0,82.83849760189907,82.83849760189907,0.2266666666666666,0.4622511247946501,0.24018758267977295,82.83849760189907,0.2361765212959249,0.0,0.0064 
 03/26  18:40:00,3.5433333333333336,85.66666666666667,3.4766666666666667,0.0,0.0,0.0,0.0,0.0,0.0,0.0,0.0,4.0,0.0,0.0,0.0,6016.0,0.0,0.0,0.0,0.0,0.0,0.0,0.0,0.0,0.0,0.0,0.0,21.067099238118204,-524.3133962211977,21.072781280493083,-104.81810179108752,21.114123366471767,-1096.093389124473,20.23863611598923,343.05167840230765,15.78846286479623,34.65209476919365,19.335872713559757,-254.14360446205229,17.749129189620257,170.81529385376309,17.621874637874258,-59.207575385614848,16.659502767692787,-150.97017836186053,790.0950315752352,855.6886613773055,0.0,0.0,0.0,0.0,0.0,0.0,0.0,0.0,0.0,0.0,0.0,0.0,0.0,0.0,0.0,0.0,0.0,0.0,0.0,0.0,0.0,0.0,1.9677839469805852,0.6006666504824744,124.19839459781191,147.07232817310612,4496.677237794781,0.307791439033399,0.046976715359187907,20.67192094650018,24.445326249484823,747.312232700578,4.131421253167202,0.7806918467814068,270.1346829305439,319.5873879183008,9844.180511713445,0.43505857492279345,0.08221061506477578,279.65575704379878,331.8243872663151,9588.964054397395,0.0,0.0,10.497388201377092,12.666010486033054,262.6858407090757,0.0,0.0,71.53517102375126,85.12926872411423,2326.026447370842,0.0,0.0,298.89431121824347,357.79280511721256,8787.686341075005,0.0,0.0,19.59143057264582,23.373063770886959,606.1584617682302,0.0,0.0,192.23075582621648,231.40441551392403,5056.34169396157,27.834611691996828,19.090954521259844,278.3129305557868,331.8754465324704,9641.211918349069,0.0,0.0,196.0012506034372,236.33766926884787,4975.840200751828,737.497559951769,21.461380274279607,32.387516023875118,21.375000000000008,30.00000000000001,0.0,21.411419184563735,39.48147391015413,21.000000000000008,30.00000000000001,1393.0694185842206,21.50073198976097,31.77467004230126,21.375000000000008,30.00000000000001,0.0,20.66531894015207,33.69911366852365,16.000000000000008,30.00000000000001,0.0,15.840500434882724,43.947005226166,12.000000000000004,30.00000000000001,1429.4444760735087,19.65172963045083,35.170630051764927,19.875000000000008,30.00000000000001,0.0,18.10618501221783,38.94705680913185,10.000000000000004,30.00000000000001,1306.5795549823964,18.690760284560495,36.8925911847349,20.700000000000008,30.00000000000001,0.0,16.501474978203686,42.793683269407789,16.000000000000008,30.00000000000001,0.0,19.185592334122164,0.0,0.0,0.0,16.011191050661507,0.0,0.0,773.655778974865,1174.789408425901,743.2819401898825,758.0789007708008,684.030347505018,717.1879993654195,728.3706480596641,693.4202694200559,714.455668028825,10465.06498257273,81.08509713481348,84.6936776362158,240.00000000000009,0.0,240.00000000000009,240.00000000000009,21.0,16.0,19.0,16.0,19.7,12.0,21.0,10.0,1.0,0.0,737.497559951769,0.0,1393.0694185842206,0.0,1429.4444760735087,0.0,1306.5795549823964,0.0,5460.946987979958,3276568.1927879725,4266095.20901712,81.08509713481348,84.75496331279473,0.3520315662659986,0.7673773942540838,0.36028137401965967,84.75496331279473,0.35426478194388769,4266095.20901712,0.22823695086889027 
 03/26  18:50:00,3.4716666666666669,86.33333333333333,3.318333333333334,0.0,0.0,0.0,0.0,0.0,0.0,0.0,0.0,4.0,0.0,0.0,0.0,3008.0,0.0,0.0,0.0,0.0,0.0,0.0,0.0,0.0,0.0,0.0,0.0,21.182461202406509,-852.1483722456254,21.076764223928984,-106.97950256926504,21.046983394001026,-576.962965486558,20.2645996403554,138.979306871669,15.804503681298659,36.6360906312086,19.224612743393505,-244.9957576650919,17.7882085510532,103.68009196538333,18.610831030435138,-194.54532466007974,16.60213081142073,-104.4727058304361,821.0144182955019,992.949997448203,0.0,0.0,0.0,0.0,0.0,0.0,0.0,0.0,0.0,0.0,0.0,0.0,0.0,0.0,0.0,0.0,0.0,0.0,0.0,0.0,0.0,0.0,1.9242127712606064,0.587366535793836,191.74049100146542,226.54382298937919,6958.637617202651,0.2935620061635627,0.04480494599565976,21.962755890756794,25.947652327258387,796.8677898639128,4.185202735020424,0.7908546362472461,257.4146345725314,304.552494131037,9347.453692828578,0.42661476177822157,0.08061503434962614,232.87146994848855,276.27231920570957,8038.622840323372,0.0,0.0,10.779941462493323,13.000220414988819,271.7094209964666,0.0,0.0,76.94278684390557,91.60250260985525,2490.112031826054,0.0,0.0,314.03347887897919,375.6928950653626,9306.57244329315,0.0,0.0,35.84667776932048,42.54123267156416,1214.861145375372,0.0,0.0,208.97382604338737,251.48896509365478,5500.485353074581,28.691770773828027,19.67885512608233,270.37633672948479,322.26355211412888,9468.215072910936,0.0,0.0,213.91119331178403,257.68114430499198,5517.929671810156,1004.3166463695325,21.53478022631705,32.031870598496919,21.5,30.0,0.0,21.431351331578406,39.90182022785687,21.0,30.0,893.4885052300849,21.36052736994219,32.10229667074218,21.25,30.0,0.0,20.704672538339798,33.382757411709729,16.0,30.0,0.0,15.858648985432922,44.353209818693219,12.0,30.0,0.0,19.586815324427368,35.60847988091166,19.0,30.0,0.0,18.155271760663778,38.994256985123879,10.0,30.0,1246.1855262553739,20.33677239527993,33.74995530105115,20.7,30.0,0.0,16.434097787431847,43.23695542008127,16.0,30.0,0.0,19.233783766038724,0.0,0.0,0.0,16.145255005794895,0.0,0.0,760.570629230824,1198.1688057321595,745.5475153020843,743.8639493958395,704.0050827831741,733.4535967661952,736.3021902655805,719.9909303310936,725.8846794323847,8965.85375209672,82.0765683381067,82.07656833810671,240.0,0.0,240.0,240.0,21.0,16.0,19.0,16.0,19.7,12.0,21.0,10.0,1.0,0.0,1004.3166463695325,0.0,893.4885052300849,0.0,0.0,0.0,1246.1855262553739,0.0,0.0,0.0,0.0,82.0765683381067,82.0765683381067,0.34,0.7703140748921553,0.36028137401965956,82.0765683381067,0.3542647819438875,0.0,0.006346666666666667 
 03/26  19:00:00,3.4,87.0,3.16,0.0,0.0,0.0,0.0,0.0,0.0,0.0,0.0,4.0,0.0,0.0,0.0,4512.0,0.0,0.0,0.0,0.0,0.0,0.0,0.0,0.0,0.0,0.0,0.0,21.012699222668986,-998.1797020052251,21.075842643862566,-103.47306419557394,20.87791741889656,-401.2189133578135,20.22491191662611,263.2796994987091,15.818126805411412,34.602303866031778,19.063382357757207,-153.61958209495624,17.766983431312949,73.2531029949134,18.51820701800283,-175.03976315157349,16.584422860017363,-93.89462235309219,824.0034584941061,1019.0997204466659,0.0,0.0,0.0,0.0,0.0,0.0,0.0,0.0,0.0,0.0,0.0,0.0,0.0,0.0,0.0,0.0,0.0,0.0,0.0,0.0,0.0,0.0,1.9090906397240497,0.5827505005262659,209.02365494279958,247.28983610908709,7643.112872965255,0.2942815804175879,0.04491477112600543,20.93497319049163,24.73088338746524,763.5448074403868,4.043197402712789,0.7640206732261496,254.56768278734033,301.471356171469,9237.711391401606,0.43441105068672805,0.08208825598766578,272.32780390440407,323.19531108801456,9416.814710244795,0.0,0.0,10.298202292592203,12.42319357101525,261.3113499812682,0.0,0.0,65.83649655336652,78.53404719623549,2083.952175178766,0.0,0.0,306.0202557132789,366.2834178691213,9092.12846414743,0.0,0.0,38.415052546335889,45.69041952635196,1277.8703581937105,0.0,0.0,210.701781731676,253.6601421229053,5575.191930118592,29.557647891901387,20.272735179630556,270.11600411330536,322.2546043484162,9480.395464140238,0.0,0.0,215.94794024693949,260.25329887213857,5590.314308847727,973.8303579240889,21.523396063066764,31.834228703745575,21.49999999999997,29.999999999999959,0.0,21.44213548985192,40.23945554790572,20.99999999999997,29.999999999999959,60.75954206136951,21.29228317883477,31.96614248551,20.99999999999997,29.999999999999959,0.0,20.6744382856588,33.41644908613145,15.999999999999977,29.999999999999959,0.0,15.87219919813849,44.58732341073884,11.999999999999983,29.999999999999959,0.0,19.13442536077414,36.653077243751628,18.99999999999997,29.999999999999959,0.0,18.119597046091927,39.05389053144487,9.999999999999986,29.999999999999959,481.42833837589606,19.977108155208286,34.70408674917961,20.033333333333308,29.999999999999959,0.0,16.431598673299793,43.38017263269228,15.999999999999977,29.999999999999959,0.0,19.13222963848915,0.0,0.0,0.0,16.121771583992439,0.0,0.0,745.476771392528,1216.2203578648296,728.3619243261286,740.6190095171032,715.8354354146721,735.1264148966328,734.8772639355227,730.772644493131,731.8123832392387,9193.036493698964,81.9263192137188,83.08792430003446,239.99999999999967,0.0,239.99999999999967,239.99999999999967,21.0,16.0,19.0,16.0,19.7,12.0,21.0,10.0,1.0,0.0,973.8303579240889,0.0,60.75954206136951,0.0,0.0,0.0,481.42833837589606,0.0,1757.9486517314334,1054769.1910388615,1365966.607997211,81.9263192137188,83.10765221066434,0.34193162172438076,0.769574285996395,0.360281374019659,83.10765221066434,0.354264781943887,1365966.607997211,0.07732359694918832 
 03/26  19:10:00,3.325,87.33333333333333,3.0900000000000005,0.0,0.0,0.0,0.0,1.0,2.0,0.0,0.0,4.0,0.0,0.0,0.0,3008.0,0.0,0.0,0.0,0.0,0.0,0.0,0.0,0.0,0.0,0.0,0.0,21.176304470591167,-724.4016468177729,21.068313389733946,-88.52306821758111,21.30350865666152,-1239.6929030419274,20.315406661775044,450.1273853666112,15.827168359392639,32.635592238250357,19.04322025517024,-54.06418147662855,17.666455452165168,81.55628293023938,18.842434795149737,-250.03415246572366,16.551308345271303,-110.59671925334215,955.143592416628,1038.2825142252467,0.0,0.0,0.0,0.0,0.0,0.0,0.0,0.0,0.0,0.0,0.0,0.0,0.0,0.0,0.0,0.0,0.0,0.0,0.0,0.0,0.0,0.0,1.8985810198330189,0.5795424358464648,224.03857518775315,264.8536999113026,8217.490503373167,0.31250356465922049,0.04769590425201777,17.503809763625215,20.68672797399154,643.3913934151152,3.8103993570398675,0.7200301128193252,349.545336468614,413.0486476196385,13011.712378918704,0.4369718324660737,0.08257215277136688,315.75762790319086,374.256362833624,11085.943139495157,0.0,0.0,10.451918721209396,12.600829834496956,266.94133183590909,0.0,0.0,13.935811922953679,16.60711466707929,444.12663869728257,0.0,0.0,246.84147883744698,295.49291547256709,7289.558095919765,0.0,0.0,45.21769675996683,53.643360231340469,1555.7894032055472,0.0,0.0,204.56284170000215,246.19906832753936,5429.882555807201,30.381298756182447,20.837653467889198,356.1304366186687,424.12942849464999,12550.971559784628,0.0,0.0,210.23119751995544,253.3302198246372,5440.819832164491,1012.4877829134996,21.63052278626407,31.500561984062985,21.75,30.0,0.0,21.443446210079224,40.5102249757333,21.0,30.0,1865.2737197782327,21.784729152720926,30.931387606201228,21.5,30.0,0.0,20.871471525729043,32.830047360604108,16.0,30.0,0.0,15.878366390586656,44.75614455272701,12.0,30.0,418.66729517398536,19.16255929552519,38.01331804551738,19.25,30.0,0.0,17.94738029366959,39.526402674345018,10.0,30.0,818.9775706758751,20.511006946353498,34.31890474239111,20.45,30.0,0.0,16.396211715491263,43.58005574451519,16.0,30.0,0.0,19.420011281188154,0.0,0.0,0.0,16.03985653296084,0.0,0.0,738.0124879853681,1230.0525361842736,722.0999710506441,729.2274688926525,723.8567842196374,827.2880467854974,736.8544367556605,776.1029336529997,736.3636509372599,10705.23110199095,80.92617575533584,84.74468441750006,270.0,0.0,270.0,270.0,21.0,16.0,19.0,16.0,19.7,12.0,21.0,10.0,1.0,0.0,1012.4877829134996,0.0,1865.2737197782327,0.0,418.66729517398536,0.0,818.9775706758751,0.0,5778.229327098274,3466937.596258964,4541183.592556306,80.92617575533584,84.80953537116239,0.36260764423660915,0.7662963380938951,0.36028137401965956,84.80953537116239,0.3542647819438875,4541183.592556306,0.24316154681292796 
 03/26  19:20:00,3.2500000000000006,87.66666666666667,3.0200000000000006,0.0,0.0,0.0,0.0,1.0,2.0,0.0,0.0,4.0,0.0,0.0,0.0,1504.0,0.0,0.0,0.0,0.0,0.0,0.0,0.0,0.0,0.0,0.0,0.0,21.1795156584465,-877.6600210472334,21.064160490803347,-108.84965094257615,20.56606021634607,-250.28281792079089,20.23801929779886,-42.83925131312344,15.835778852916816,31.49668604446373,19.44607815556106,-65.73156802704404,17.633304844446756,51.92232465296638,18.697445712695197,-202.20881118016565,16.51185994467268,-106.81320593350074,959.0890186908928,1019.5917554224193,0.0,0.0,0.0,0.0,0.0,0.0,0.0,0.0,0.0,0.0,0.0,0.0,0.0,0.0,0.0,0.0,0.0,0.0,0.0,0.0,0.0,0.0,1.9119932562924676,0.5836365251198009,208.43140562104936,245.82304256182349,7696.794300428264,0.27856600183661608,0.04251617854649207,23.738984360043795,27.986496738789783,871.3055729316475,4.0365733514052029,0.7627689628505677,398.4192199943474,471.723788592033,14092.407914153004,0.41194778212913848,0.07784349624511305,253.22658942658547,300.07991516327265,8865.362793328939,0.0,0.0,10.070453960666973,12.129317463092687,258.8879014534668,0.0,0.0,13.374084112640916,15.873343269736873,449.0623476934619,0.0,0.0,242.72880001527583,290.321489307413,7176.814568475767,0.0,0.0,41.57550888774889,49.36395432280975,1400.566120378674,0.0,0.0,201.3044130613349,242.0541408714188,5357.231944233841,30.781184622824826,21.11192360961923,386.02283484029467,459.18795911877268,13510.3759968946,0.0,0.0,206.81190836198528,249.03835528546439,5339.294356097628,1256.9920164568376,21.544358575809626,31.93135180089964,21.5,30.0,0.0,21.446853623088978,40.6829350724532,21.0,30.0,217.45716001662636,20.73952845507177,33.1136259158928,21.0,30.0,0.0,20.674425049576635,33.14720552877783,16.0,30.0,0.0,15.88532017095699,44.91329478613592,12.0,30.0,485.5502674379464,19.993542573982429,38.11822267314984,20.0,30.0,0.0,17.88587620454083,39.83630408842201,10.0,30.0,768.7697854883271,20.10242929870907,35.59165454080174,20.2,30.0,0.0,16.35173278076553,43.84706763716467,16.0,30.0,0.0,19.398562011310639,0.0,0.0,0.0,15.926869536980096,0.0,0.0,753.0461163292499,1239.497203863998,729.7276548717563,724.0224491209032,731.5957726639672,954.1568896374952,744.1606295791564,798.8001842892272,742.9652023385576,10655.040240277369,80.95943157805343,84.71951952118612,270.0,0.0,270.0,270.0,21.0,16.0,19.0,16.0,19.7,12.0,21.0,10.0,1.0,0.0,1256.9920164568376,0.0,217.45716001662636,0.0,485.5502674379464,0.0,768.7697854883271,0.0,5689.982711767748,3413989.6270606487,4421710.5196084589,80.95943157805343,84.78337829709582,0.3596660903922583,0.7720998232428393,0.36028137401965956,84.78337829709582,0.3542647819438875,4421710.5196084589,0.23693394701963986 
 03/26  19:30:00,3.175,88.0,2.95,0.0,0.0,0.0,0.0,1.0,2.0,0.0,0.0,4.0,0.0,0.0,0.0,3008.0,0.0,0.0,0.0,0.0,0.0,0.0,0.0,0.0,0.0,0.0,0.0,21.27887519235418,-939.4442046832915,21.051900155816953,-82.79568912172107,21.36844461586491,-1326.5006722346048,20.21557049659701,563.7167599528959,15.84253091042491,31.825233943884727,19.368293979018707,-71.21682388911876,17.61864639890908,101.97681727322788,19.008258255145699,-273.15404601056988,16.468403793906796,-131.52818893536688,993.469656507008,1088.356632193,0.0,0.0,0.0,0.0,0.0,0.0,0.0,0.0,0.0,0.0,0.0,0.0,0.0,0.0,0.0,0.0,0.0,0.0,0.0,0.0,0.0,0.0,1.865603752449799,0.569476114911416,283.0164631686601,334.50466707670929,10526.390301336898,0.31026316245891019,0.047353962524253698,19.12239391289942,22.604667582641694,707.2176942473677,3.7305278055982655,0.7049372270593852,400.5321912793238,473.109924987822,15058.59728552163,0.44681221954653196,0.08443163634666134,314.20392857625566,372.2718040250777,11093.998974547201,0.0,0.0,10.658847496312064,12.84774030425946,275.6894789249284,0.0,0.0,14.669417897550434,17.432884118603213,489.3326195797003,0.0,0.0,245.25011709774376,293.6090222245781,7282.275392367952,0.0,0.0,47.32458775153727,56.1332807158478,1644.1830985891716,0.0,0.0,204.4351800821389,246.08213912019245,5449.0010936534549,31.53164651044255,21.62664369714853,410.02455978080345,488.2373326037397,14477.127243547211,0.0,0.0,210.46452943854,253.67602100090245,5456.653126010874,1027.0628008388758,21.722111443655569,31.356866424407288,21.75,30.0,0.0,21.437722849830217,40.343964895641168,21.0,30.0,1979.6353962958945,21.87739225313424,30.868577064192924,21.5,30.0,0.0,20.744982807035926,33.23440840055277,16.0,30.0,0.0,15.889959284023988,45.07426691375213,12.0,30.0,0.0,19.80701148522371,39.88631531038737,19.0,30.0,0.0,17.874022794064226,39.93005001845802,10.0,30.0,586.6748936917381,20.530257408932699,34.792678288958587,20.2,30.0,0.0,16.2974596472284,44.27327471473816,16.0,30.0,0.0,19.435572856513308,0.0,0.0,0.0,15.907694354315739,0.0,0.0,739.0890892453982,1218.438983460868,727.945379827841,736.2520925361095,739.4282017363154,1027.4701006803699,747.8045766120176,804.6701466673727,755.5726572236283,7591.642717938196,82.00636093659858,85.77831589726867,270.0,0.0,270.0,270.0,21.0,16.0,19.0,16.0,19.7,12.0,21.0,10.0,1.0,0.0,1027.0628008388758,0.0,1979.6353962958945,0.0,0.0,0.0,586.6748936917381,0.0,5707.849800078306,3424709.8800469834,4483338.25896829,82.00636093659858,85.84237621453198,0.2752616600026102,0.5726363842876601,0.27021103051474468,85.84237621453198,0.2656985864579156,4483338.25896829,0.2401235894663511 
 03/26  19:40:00,3.1000000000000007,88.33333333333333,2.88,0.0,0.0,0.0,0.0,1.0,2.0,0.0,0.0,4.0,0.0,0.0,0.0,1506.0,0.0,0.0,0.0,0.0,0.0,0.0,0.0,0.0,0.0,0.0,0.0,21.224229490848719,-939.5558294676059,21.050096167960818,-101.84242853578576,20.924996823945798,-734.3054832564894,20.233018985016899,-32.2887039019306,15.849745656317836,30.417691433717154,19.162893418920058,-58.86874617412914,17.60894782394236,52.85610704674036,18.798999752032804,-213.45738445911798,16.426649870363748,-115.67801244057819,998.0540878305947,1067.6091180477443,0.0,0.0,0.0,0.0,0.0,0.0,0.0,0.0,0.0,0.0,0.0,0.0,0.0,0.0,0.0,0.0,0.0,0.0,0.0,0.0,0.0,0.0,1.8908941596341094,0.5771960194243313,218.54937732447145,257.7380210470918,8128.235456671357,0.28260045891018439,0.04313193817310506,22.28159469051997,26.2635245614849,825.1188445318837,3.9545536590033558,0.7472701547625391,434.063139732027,512.8784004861232,15937.956609164576,0.41698833376518598,0.07879598143710995,284.1329078473386,336.63122438210226,10045.53728990226,0.0,0.0,10.255114706687453,12.349522907760722,266.9516941171107,0.0,0.0,13.407126023079059,15.932059029098067,441.9134708578038,0.0,0.0,246.77692106434186,295.15258903096346,7354.01108027111,0.0,0.0,42.47847991427457,50.426470234788499,1444.9442155011817,0.0,0.0,204.5790574777848,246.0349364059506,5466.327641251806,31.894028394553105,21.875190942766197,423.2765888872692,503.48019354132227,14878.972770407141,0.0,0.0,210.31362469676999,253.3075261201625,5449.319536073406,1279.9661507311762,21.564772669418397,31.908620847665305,21.5,30.0,0.0,21.44392709993071,40.924398059352629,21.0,30.0,1208.1801824516063,21.234414356925727,32.169845645561178,21.5,30.0,0.0,20.6950716873205,33.22830627787894,16.0,30.0,0.0,15.896215753417096,45.24108339158028,12.0,30.0,0.0,19.506961770344085,41.502913019206889,19.0,30.0,0.0,17.851224416577045,40.187264423287448,10.0,30.0,826.8472064193932,20.122952424460985,35.786915726221987,20.2,30.0,0.0,16.251283882322299,44.58401648575665,16.0,30.0,0.0,19.38679370983983,0.0,0.0,0.0,15.819368966740179,0.0,0.0,754.02090764779,1252.4782479542274,730.6888523776422,730.2326845112787,747.4551927222267,1077.8444787519437,757.4454532650318,813.0700500769434,763.6056843288552,6944.365381195952,83.41298877168657,83.41298877168657,270.0,0.0,270.0,270.0,21.0,16.0,19.0,16.0,19.7,12.0,21.0,10.0,1.0,0.0,1279.9661507311762,0.0,1208.1801824516063,0.0,0.0,0.0,826.8472064193932,0.0,0.0,0.0,0.0,83.41298877168657,83.41298877168657,0.34,0.7655558489409509,0.36028137401965956,83.41298877168657,0.3542647819438875,0.0,0.006975 
 03/26  19:50:00,3.025,88.66666666666667,2.8100000000000007,0.0,0.0,0.0,0.0,1.0,2.0,0.0,0.0,4.0,0.0,0.0,0.0,2259.0,0.0,0.0,0.0,0.0,0.0,0.0,0.0,0.0,0.0,0.0,0.0,21.392509376386668,-1472.4304066817979,21.032333937864075,-101.03141423112973,21.06543918946285,-198.99811182386129,20.086078910487804,315.87614231822496,15.854243200712404,29.85279174155879,19.042364381618165,-63.98029508940528,17.595713084550054,91.46077768483224,19.04266005409498,-281.63187539775279,16.3838762700869,-138.17195589848033,928.9146827795535,1127.6809324388108,0.0,0.0,0.0,0.0,0.0,0.0,0.0,0.0,0.0,0.0,0.0,0.0,0.0,0.0,0.0,0.0,0.0,0.0,0.0,0.0,0.0,0.0,1.83663972315658,0.5606348361283828,273.6858524674153,323.0590298868444,10289.741726402795,0.28888225570175127,0.044090698367178198,20.514288881622698,24.22406098317666,762.8672191063081,3.8749914464501815,0.7322357230631492,292.7189574319605,346.28748230517706,10760.541231691377,0.4426966492105654,0.083653939760122,279.4542093331021,331.4542514001266,9794.057345968227,0.0,0.0,10.619943057399479,12.79480879671502,278.07833218076527,0.0,0.0,14.194783018329503,16.88409624702029,465.1934273665255,0.0,0.0,250.893746258652,300.26660091001568,7508.001185659488,0.0,0.0,47.179530335856089,55.938413332622548,1650.4942950364207,0.0,0.0,208.11731897932587,250.481091741674,5570.254711099736,32.366447704027489,22.199209673544254,310.4574830612972,369.949082446151,11067.454660321742,0.0,0.0,214.18066948663904,258.13274978836378,5571.621474010508,1729.767811572534,21.819623518048059,31.006666790408006,22.000000000000019,30.00000000000002,0.0,21.422510683994355,40.632632328415358,21.000000000000015,30.00000000000002,0.0,21.256346690791326,31.977298883453658,21.000000000000015,30.00000000000002,0.0,20.51596152923286,33.746990290123118,16.000000000000015,30.00000000000002,0.0,15.898473451189436,45.3875025421888,12.00000000000001,30.00000000000002,0.0,19.33538689982459,42.42862434987841,19.000000000000015,30.00000000000002,0.0,17.83903635541018,40.21141788653008,10.000000000000007,30.00000000000002,591.3617466060124,20.51084604077271,35.06546800366708,20.36666666666668,30.00000000000002,0.0,16.1982081171065,44.91190929682217,16.000000000000015,30.00000000000002,0.0,19.096078480660269,0.0,0.0,0.0,15.796219711376658,0.0,0.0,730.0660280040605,1233.0710880802267,723.4488827946935,738.7472582537904,754.153260966358,1109.5946802437657,757.5328478797305,818.4799712164042,771.6292051587147,9945.148628337867,81.42894987865788,83.84503105237246,270.0000000000002,0.0,270.0000000000002,270.0000000000002,21.0,16.0,19.0,16.0,19.7,12.0,21.0,10.0,1.0,0.0,1729.767811572534,0.0,0.0,0.0,0.0,0.0,591.3617466060124,0.0,3656.2983147902607,2193778.9888741548,2841820.1312930749,81.42894987865788,83.88606413154118,0.34854327715967556,0.7675308079275367,0.3602813740196598,83.88606413154118,0.3542647819438878,2841820.1312930749,0.15477964682723989 
 03/26  20:00:00,2.95,89.0,2.74,0.0,0.0,0.0,0.0,1.0,2.0,0.0,0.0,4.0,0.0,0.0,0.0,2259.0,0.0,0.0,0.0,0.0,0.0,0.0,0.0,0.0,0.0,0.0,0.0,21.304659556389283,-942.6369445450929,21.007772382042753,-121.63006795025966,21.277785191232505,-1366.3274569423125,20.116209351904105,378.4391413666377,15.85807529281068,27.976612704176604,18.939041543786986,-53.01308460518911,17.566341660986369,30.609959733634264,18.930252009453697,-228.53828656422633,16.33012347746551,-164.18658732642826,974.2357440395476,1082.57436868051,0.0,0.0,0.0,0.0,0.0,0.0,0.0,0.0,0.0,0.0,0.0,0.0,0.0,0.0,0.0,0.0,0.0,0.0,0.0,0.0,0.0,0.0,1.8674582422139017,0.5700421984779924,247.4449759713895,292.3686593894155,9210.146570707038,0.27717956114722588,0.042304572824668217,23.292331200383374,27.515404018823288,866.2311565627771,3.6928784757431738,0.6978228412213111,367.6182058936479,433.65854674180437,13946.360191247704,0.4375692695248705,0.08268504715133612,299.8228285442225,355.2539162023962,10598.705242554832,0.0,0.0,10.234096953474359,12.329403400392568,269.5532418721864,0.0,0.0,13.80363227578566,16.42780920506479,450.88250316021256,0.0,0.0,249.08681166514888,298.1473825772649,7459.822955827124,0.0,0.0,41.82619043420493,49.633332876098837,1447.406712986669,0.0,0.0,207.0204241932318,249.19847568642047,5543.718813926074,32.7024209717253,22.429644013529044,372.2031135705597,442.90727481326828,13289.575239615362,0.0,0.0,212.6462986400775,256.37210268667305,5511.497716754691,1068.3784446118044,21.578515306065364,31.911160165302783,21.666666666666687,30.00000000000002,0.0,21.387965741533877,40.4791752643196,21.000000000000015,30.00000000000002,2165.608401347474,21.681679004127319,31.18978512047875,21.666666666666687,30.00000000000002,0.0,20.568409624981233,33.73201752423268,16.000000000000015,30.00000000000002,0.0,15.900157273787436,45.5806346182888,12.00000000000001,30.00000000000002,0.0,19.197040475969396,43.18840352526175,19.000000000000015,30.00000000000002,0.0,17.772496399051709,40.52940078101787,10.000000000000007,30.00000000000002,861.6913069882378,20.202861026080606,35.90157110960764,20.36666666666668,30.00000000000002,0.0,16.12777243264217,45.243728972356858,16.000000000000015,30.00000000000002,0.0,19.17357667293401,0.0,0.0,0.0,15.666921172816647,0.0,0.0,756.2039402323165,1221.1713178007645,725.3999837309499,744.354368256139,763.2120900880969,1136.3849686224463,765.1714915025871,829.2782036478166,777.8119739788762,10937.76835815329,80.77246340086362,87.87930228270052,270.0000000000002,0.0,270.0000000000002,270.0000000000002,21.0,16.0,19.0,16.0,19.7,12.0,21.0,10.0,1.0,0.0,1068.3784446118044,0.0,2165.608401347474,0.0,0.0,0.0,861.6913069882378,0.0,10755.110871045159,6453066.52262709,8451693.441090003,80.77246340086362,88.00000000000007,0.3585036957015053,0.7635782024584021,0.3602813740196598,88.00000000000007,0.3542647819438878,8451693.441090003,0.44652305893668017 
 03/26  20:10:00,2.92,89.0,2.6500000000000005,0.0,0.0,0.0,0.0,0.0,2.0,0.0,0.0,4.0,0.0,0.0,0.0,4522.0,0.0,0.0,0.0,0.0,0.0,0.0,0.0,0.0,0.0,0.0,0.0,21.209018484482347,-704.5507737582545,20.991114739129256,-109.177322932304,21.270988866084318,-1284.1096181184017,20.24918325463918,330.41778410003698,15.859658210243698,26.401884471889227,18.950102351225579,-56.25557018449384,17.49918243671522,49.68756839579022,18.6267269912969,-197.5784594735475,16.276797670755039,-151.70874258269317,1020.2217138963574,1070.7331136447843,0.0,0.0,0.0,0.0,0.0,0.0,0.0,0.0,0.0,0.0,0.0,0.0,0.0,0.0,0.0,0.0,0.0,0.0,0.0,0.0,0.0,0.0,1.904603279802149,0.5813807325403385,189.58766732335168,224.05881270366843,7102.2561647363349,0.29078777964396548,0.04438152924968948,21.06576518560765,24.90597156485485,785.2831468887645,3.5474948516756727,0.6703505010725006,324.81920559655625,383.9358647687302,12217.118661612376,0.41972469657850389,0.07931305679865904,275.3867155741259,326.3878749268505,9850.725435012453,0.0,0.0,10.227357256649502,12.327745002460095,269.9139042526371,0.0,0.0,13.831411117819579,16.46899890641029,452.7637992284248,0.0,0.0,245.90534358822,294.61826707288489,7328.004291741416,0.0,0.0,42.24717206551589,50.26874955114075,1424.823801730136,0.0,0.0,204.13313730216047,245.9346809438792,5452.777722768971,33.111817548363358,22.710437275969384,328.98345936946068,391.9992997040366,11853.118538764269,0.0,0.0,209.85325431417636,253.24314649273766,5417.0987821035519,1133.0002645508953,21.49558258868398,32.05673915648424,21.66666666666666,30.0,0.0,21.370413146745606,40.52945702403516,20.999999999999998,30.0,1396.1194527945009,21.532875193351346,31.385280961796377,21.33333333333333,30.0,0.0,20.790664649833127,33.09639135461442,15.999999999999999,30.0,0.0,15.89879038308911,45.757338678103497,11.999999999999997,30.0,0.0,19.205023644081949,43.4459668127151,18.999999999999998,30.0,0.0,17.666796153131555,41.033079993481567,9.999999999999999,30.0,0.0,19.694219155373039,36.41737209767069,11.999999999999997,30.0,0.0,16.06410903062082,45.61878643544193,15.999999999999999,30.0,0.0,19.062768805015329,0.0,0.0,0.0,15.585745328955042,0.0,0.0,755.6349790582643,1222.743783915241,721.041074210776,735.1793560367911,771.1066306190414,1157.7252710743144,776.6006757981664,792.580148189392,786.4043364998076,7307.762923390574,81.97518762186792,84.36842449055902,569.9999999999999,0.0,569.9999999999999,569.9999999999999,21.0,16.0,19.0,16.0,12.0,12.0,21.0,10.0,1.0,0.0,1133.0002645508953,0.0,1396.1194527945009,0.0,0.0,0.0,0.0,0.0,3621.7634610600218,2173058.0766360138,2837626.870609374,81.97518762186792,84.40906959759055,0.29072544870200076,0.6140288095174228,0.3002344783497162,84.40906959759055,0.2952206516199062,2837626.870609374,0.16247159727168745 
 03/26  20:20:00,2.8900000000000007,89.0,2.5600000000000007,0.0,0.0,0.0,0.0,0.0,2.0,0.0,0.0,4.0,0.0,0.0,0.0,3018.0,0.0,0.0,0.0,0.0,0.0,0.0,0.0,0.0,0.0,0.0,0.0,21.26038267102046,-992.5141207409408,20.975841126301885,-115.74212422417011,21.049604265512096,-500.84191496532659,20.20966293318718,79.7915118223889,15.86015026861185,25.831157375831216,18.981882043207955,-59.99380150595804,17.513383098975429,58.66000538362549,17.949245851318645,-87.11953206139997,16.585597614931915,-280.9549584901081,933.6846362129035,1044.382935791206,0.0,0.0,0.0,0.0,0.0,0.0,0.0,0.0,0.0,0.0,0.0,0.0,0.0,0.0,0.0,0.0,0.0,0.0,0.0,0.0,0.0,0.0,1.8850571890967767,0.5754142823860736,207.4453852457648,245.10075480191876,7712.697041611518,0.28194128119414038,0.043031331073586757,22.53900183171068,26.61800814691648,839.8040043786562,3.7895197218969267,0.7160846035330554,245.8534127853397,290.75842412531338,9177.12922734232,0.41528250220750997,0.07847363987292325,208.1293450586295,246.76037182319593,7421.992371159893,0.0,0.0,10.290206283368052,12.398068563901746,272.14122584898976,0.0,0.0,14.107265997047213,16.785132155988916,464.08130466594175,0.0,0.0,251.40855503977918,301.0405114193113,7520.080027062321,0.0,0.0,31.02851035302949,37.05373058400998,981.0678458080189,0.0,0.0,202.8890624122563,244.16640467765513,5502.13578899271,33.35933141495684,22.880199873084267,256.3855976073246,305.68261354545327,9367.136393475448,0.0,0.0,207.26622639192457,250.17291755940915,5283.663148827002,1045.8277089962238,21.477038437276137,32.066818725001649,21.500000000000005,30.000000000000008,0.0,21.354570098211295,40.7522895384792,21.000000000000005,30.000000000000008,943.3195230251793,21.291375831138283,32.16134364988629,21.250000000000005,30.000000000000008,0.0,20.69660430728637,33.30445205252563,16.000000000000005,30.000000000000008,0.0,15.896739573335486,45.89520519839991,12.000000000000002,30.000000000000008,0.0,19.25983449353766,43.45530123055618,19.000000000000005,30.000000000000008,0.0,17.69489593738869,41.058662193556077,10.000000000000002,30.000000000000008,0.0,18.55629243425133,38.87135654067843,12.000000000000002,30.000000000000008,774.247048523693,16.25037076825361,45.11787252071174,16.250000000000005,30.000000000000008,0.0,18.971127024330405,0.0,0.0,0.0,15.390539985800185,0.0,0.0,756.0313792005657,1235.491326537804,740.417667411493,737.0297940502143,777.1584291310212,1170.56873483776,781.6093548206844,780.8540997314573,787.5909779470326,6884.8039152304559,82.4248077265158,84.20994742645299,570.0000000000001,0.0,570.0000000000001,570.0000000000001,21.0,16.0,19.0,16.0,12.0,12.0,21.0,10.0,1.0,0.0,1045.8277089962238,0.0,943.3195230251793,0.0,0.0,0.0,0.0,774.247048523693,2701.525721350976,1620915.4328105855,2099334.476496755,82.4248077265158,84.24026502481502,0.2600508573783659,0.538932866689339,0.2702110305147447,84.24026502481502,0.26569858645791569,2099334.476496755,0.12392205944449794 
 03/26  20:30:00,2.8600000000000005,89.0,2.47,0.0,0.0,0.0,0.0,0.0,2.0,0.0,0.0,4.0,0.0,0.0,0.0,6042.0,0.0,0.0,0.0,0.0,0.0,0.0,0.0,0.0,0.0,0.0,0.0,21.276559362282208,-892.2178950806458,20.959073662736765,-114.65620302822994,21.24484732066299,-853.9085109113416,20.1444511859806,316.29514589312489,15.861612616975937,27.414114660875428,19.00418493958103,-44.355883518599849,17.680332561077653,209.90149973186034,17.588709403319716,-16.75021936958489,16.772602786103918,-460.93916214455586,930.8361458379974,975.8925850840927,0.0,0.0,0.0,0.0,0.0,0.0,0.0,0.0,0.0,0.0,0.0,0.0,0.0,0.0,0.0,0.0,0.0,0.0,0.0,0.0,0.0,0.0,1.907277362915898,0.5821969972270751,180.27267185501547,213.22949313622687,6782.589434795552,0.2921101139194964,0.04458335072031385,21.859073232836633,25.8223187849109,815.6265798218052,3.6454039004198295,0.6888518330347374,266.7326281919403,315.5012866382309,10018.070510964108,0.43056991577868239,0.08136241794759679,277.5847164393161,329.2661664873658,9868.725497426061,0.0,0.0,10.475006536580088,12.627301899365742,277.62922739550398,0.0,0.0,13.394288208582598,15.945958856823403,442.36334251366767,0.0,0.0,218.79919341085413,261.77951065220847,6700.048131536821,0.0,0.0,14.534361936168768,17.401070477557235,445.0151684352646,0.0,0.0,164.225920680806,197.33374721768977,4626.5216446284589,33.6968882709436,23.111720350441435,274.8147156797545,327.89538747074877,9959.543136639411,0.0,0.0,166.4959451752951,201.16770602747955,4181.231214133248,1273.690089753978,21.564952528604345,31.81338890004097,21.625,30.0,0.0,21.33746359347598,40.829800148529027,21.0,30.0,1085.934990955748,21.44052810304719,31.58546152171682,21.25,30.0,0.0,20.6303177253875,33.49538341389749,16.0,30.0,0.0,15.897820074900168,45.94389914821155,12.0,30.0,0.0,19.301805047993545,43.46338763932433,19.0,30.0,0.0,18.03863020004978,39.96725456107845,10.0,30.0,0.0,18.00583226299645,40.20728149749354,12.0,30.0,159.59267530588356,16.772993649469634,43.55691990616657,16.25,30.0,0.0,18.908606571484876,0.0,0.0,0.0,15.153028906711399,0.0,0.0,752.1185458016827,1240.164789401295,725.1657552282086,741.5406709405152,779.8731088520295,1179.0043658112273,772.198931534288,779.824897574536,785.0066355215419,7345.624226583875,81.4453915677332,82.31800832029885,570.0,0.0,570.0,570.0,21.0,16.0,19.0,16.0,12.0,12.0,21.0,10.0,1.0,0.0,1273.690089753978,0.0,1085.934990955748,0.0,0.0,0.0,0.0,159.59267530588356,1320.5976225292876,792358.5735175725,1025559.3241353226,81.4453915677332,82.33282824964624,0.25651992075097626,0.5581891352201245,0.27021103051474468,82.33282824964624,0.2656985864579156,1025559.3241353226,0.06792741818837012 
 03/26  20:40:00,2.83,89.0,2.3800000000000005,0.0,0.0,0.0,0.0,0.0,2.0,0.0,0.0,4.0,0.0,0.0,0.0,1512.0,0.0,0.0,0.0,0.0,0.0,0.0,0.0,0.0,0.0,0.0,0.0,20.739600296954387,-354.9149484018153,20.93273492604036,-130.79251057310678,20.918629996097708,-1138.730112994056,20.162223803303765,253.01470434408749,15.863698305187328,27.12513172035372,19.033044664932758,-36.44648346710278,17.66642974478183,32.707201554973838,17.308315403021127,-10.980035968576033,16.41151328257145,-334.7873958050486,1012.2879759205061,1097.5437100695663,0.0,0.0,0.0,0.0,0.0,0.0,0.0,0.0,0.0,0.0,0.0,0.0,0.0,0.0,0.0,0.0,0.0,0.0,0.0,0.0,0.0,0.0,1.9676620676169079,0.6006294467695079,210.52138207970899,249.0735027893349,7630.990181269664,0.2722240688091049,0.04154824005022968,26.83995955987273,31.639994994127784,998.1294931025637,3.4945833697467858,0.6603521106853338,333.38978107609287,394.03617096585608,12281.148313641179,0.41023254356243546,0.07751937709040728,259.7657761075036,307.6592707039668,9268.256977419864,0.0,0.0,9.876843948014774,11.886992854520266,262.4589619678478,0.0,0.0,13.181053481908752,15.656227618504012,437.54118236795775,0.0,0.0,233.3660703682708,278.82429658872845,7120.093963819193,0.0,0.0,10.677840686029814,12.779377446668322,318.7443691104584,0.0,0.0,184.16698838829508,221.33266345461386,5003.326090253242,33.82532411083187,23.19981077560486,336.96426993326477,400.9568428336419,12151.124744241351,0.0,0.0,187.82825127579486,226.46010735727928,4768.504369961402,146.78992584510355,20.809870199854534,33.37054381528122,21.0,30.0,0.0,21.301157101808778,40.2189071188167,21.0,30.0,920.4489673078068,21.12769221083329,32.01889920054536,21.0,30.0,0.0,20.660744978073994,33.32714664671492,16.0,30.0,0.0,15.900558856893099,46.007702979358978,12.0,30.0,0.0,19.355188230956459,43.78937865944975,19.0,30.0,0.0,17.957589520337299,40.16536771226811,10.0,30.0,0.0,17.587094072845149,41.25062659257426,12.0,30.0,0.0,16.216610697888564,45.06872319679561,16.0,30.0,0.0,19.149338500396355,0.0,0.0,0.0,15.259821279695807,0.0,0.0,756.0568844376958,1201.7988145188265,716.3528621071287,736.5659996587567,784.0431992904712,1205.9435571483064,772.4949185099007,778.9169843673856,783.1257946232547,8647.702947894286,82.28693915392836,82.28693915392836,570.0,0.0,570.0,570.0,21.0,16.0,19.0,16.0,12.0,12.0,21.0,10.0,1.0,0.0,146.78992584510355,0.0,920.4489673078068,0.0,0.0,0.0,0.0,0.0,0.0,0.0,0.0,82.28693915392836,82.28693915392836,0.34,0.7716998525543626,0.36028137401965956,82.28693915392836,0.3542647819438875,0.0,0.01444 
 03/26  20:50:00,2.8000000000000004,89.0,2.29,0.0,0.0,0.0,0.0,0.0,2.0,0.0,0.0,4.0,0.0,0.0,0.0,3024.0,0.0,0.0,0.0,0.0,0.0,0.0,0.0,0.0,0.0,0.0,0.0,21.18046622241625,-837.8543460915955,20.923028520998757,-71.73329875836305,21.249730183027176,-1184.9013703810138,20.216264706348839,406.6760483608364,15.863972168183047,28.035316237856138,19.041419294225777,-66.68603808453959,17.5554931638422,112.13075046023005,17.12567981798842,-17.847218609505079,16.590295583052894,-359.99035333607505,1029.0413446576936,1085.670626223161,0.0,0.0,0.0,0.0,0.0,0.0,0.0,0.0,0.0,0.0,0.0,0.0,0.0,0.0,0.0,0.0,0.0,0.0,0.0,0.0,0.0,0.0,1.8986268503398716,0.5795564256226715,191.7209071496795,226.35912506621856,7230.765340868045,0.3224376740722147,0.049212099217370987,15.728946461592848,18.593689358705214,591.4574662859204,3.5308520309179229,0.6672055991908398,317.1910544552076,374.6632360166406,12063.848636389503,0.4369974149840853,0.08257698695844391,300.4094798056013,355.8368119733175,10810.782398869242,0.0,0.0,10.85351855897313,13.070677424444169,289.0218042088345,0.0,0.0,15.624615285591979,18.574769066798994,519.8172761281289,0.0,0.0,255.95171001418823,306.2527279866026,7750.182111474076,0.0,0.0,11.107578487582348,13.310624842365476,326.62537938563107,0.0,0.0,198.04156022436366,238.22842101344308,5409.420119470708,34.32786511862855,23.544489107426995,326.68649052797346,389.2017248716201,11853.781126706599,0.0,0.0,201.99159877903234,243.85434897937635,5114.0620712640579,1125.7658893148758,21.715931149680548,31.17369258044403,21.75,30.0,0.0,21.300538310663535,40.57071773855955,21.0,30.0,1676.0275960316804,21.67871139993627,30.90238807004705,21.5,30.0,0.0,20.782018594443327,32.83388778331576,16.0,30.0,0.0,15.901199950287492,46.08033280439143,12.0,30.0,0.0,19.367887520560424,43.87676743590921,19.0,30.0,0.0,17.795052125610068,40.51205182848771,10.0,30.0,0.0,17.34542261700861,41.883437373795718,12.0,30.0,746.0694768184195,16.249008504247326,45.000329962864,16.25,30.0,0.0,19.152619739845595,0.0,0.0,0.0,15.210604571075998,0.0,0.0,734.2052799774274,1225.0445815880833,714.099040961555,724.2689155396978,788.2823755494842,1210.411022016589,770.4267611334292,779.4059443561257,784.2937523608223,9809.122601717227,81.51889666453299,85.01756623882918,570.0,0.0,570.0,570.0,21.0,16.0,19.0,16.0,12.0,12.0,21.0,10.0,1.0,0.0,1125.7658893148758,0.0,1676.0275960316804,0.0,0.0,0.0,0.0,746.0694768184195,5294.786894468345,3176872.1366810069,4120300.9196160819,81.51889666453299,85.07698526298663,0.3464928964822782,0.7692954145484776,0.36028137401965956,85.07698526298663,0.3542647819438875,4120300.9196160819,0.2284739811533696 
 03/26  21:00:00,2.77,89.0,2.2,0.0,0.0,0.0,0.0,0.0,2.0,0.0,0.0,4.0,0.0,0.0,0.0,1512.0,0.0,0.0,0.0,0.0,0.0,0.0,0.0,0.0,0.0,0.0,0.0,21.16086546858848,-1134.054816132229,20.92816218556724,-96.28899497779696,21.033063933393217,-515.1231546497029,20.18087143197031,74.6027037471058,15.863348396841081,26.614195698172808,19.032957045989865,-55.396749496731619,17.715282687639794,192.45058804799829,16.923537349189766,-50.76823293823787,16.886465779882096,-513.4817476153558,1040.748577296681,1022.3158343145169,0.0,0.0,0.0,0.0,0.0,0.0,0.0,0.0,0.0,0.0,0.0,0.0,0.0,0.0,0.0,0.0,0.0,0.0,0.0,0.0,0.0,0.0,1.9085356650346768,0.5825810943329295,248.41672905781668,293.1825878080052,9269.343208613123,0.2991003063054546,0.045650229900099908,20.07061119005423,23.648603139870585,752.931459346683,3.746492413663349,0.707953970835856,313.09084624425045,369.66399759794299,11763.38921825658,0.42510516484072327,0.0803297741573551,194.9850335172046,230.9995799158229,7031.502665203774,0.0,0.0,10.65280235984595,12.816638456216932,284.3275425737142,0.0,0.0,13.462713602708253,15.991515549544902,448.4677763565786,0.0,0.0,226.27694973303609,270.2392125034849,6990.5200207538,0.0,0.0,16.01304962414358,19.177097566496234,462.2359864488176,0.0,0.0,160.4555316646804,192.3879088124136,4612.054025036028,34.44578369117784,23.625366043331856,321.2788592022184,382.3267132786824,11686.063212576635,0.0,0.0,172.863182915084,208.65196782487505,4318.8891034744669,1395.5156567238999,21.41369623250445,31.637954142602717,22.0,30.0,0.0,21.317999825783873,41.66290346533796,21.0,30.0,1097.5987415331313,21.378567502786415,31.567559261437944,21.5,30.0,0.0,20.677948338695886,33.17515335690548,16.0,30.0,0.0,15.901159625415378,45.91752792898467,12.0,30.0,0.0,19.358860566812049,43.46257664088868,19.0,30.0,0.0,18.098002526650214,39.60715615665927,10.0,30.0,0.0,17.053378092497469,42.674015355705368,12.0,30.0,644.0860592358574,16.972384548110676,42.90226436160026,17.0,30.0,0.0,19.14724017123426,0.0,0.0,0.0,15.00288401798525,0.0,0.0,728.9831633291915,1292.906796955219,719.6386040492097,732.4141868519403,781.2358783491983,1187.5211774251894,764.4527640207216,780.8779748132756,782.2409557303188,10187.31705472299,81.26883332298292,84.67225646196512,570.0,0.0,570.0,570.0,21.0,16.0,19.0,16.0,12.0,12.0,21.0,10.0,1.0,0.0,1395.5156567238999,0.0,1097.5987415331313,0.0,0.0,0.0,0.0,644.0860592358574,5150.7906261697139,3090474.375701828,4047610.259138551,81.26883332298292,84.73005788545447,0.3416930208723238,0.7626286083702691,0.36028137401965956,84.73005788545447,0.3542647819438875,4047610.259138551,0.22447240014187135 
 03/26  21:10:00,2.798333333333334,89.66666666666667,2.066666666666667,0.0,0.0,0.0,0.0,0.0,2.0,0.0,0.0,4.0,0.0,0.0,0.0,6804.0,0.0,0.0,0.0,0.0,0.0,0.0,0.0,0.0,0.0,0.0,0.0,21.371003629483114,-1418.128173381299,20.917448144817624,-102.53355358963452,21.141011064753167,-333.9565923780011,20.098907755922704,308.35477414826956,15.863196071246357,31.028361491770374,19.03932924972544,-48.19941891395139,17.82879370352007,138.13585667479794,16.742377795979836,-90.63228338252623,16.985375734494,-449.1717287685669,964.3191241686468,1228.273992036176,0.0,0.0,0.0,0.0,0.0,0.0,0.0,0.0,0.0,0.0,0.0,0.0,0.0,0.0,0.0,0.0,0.0,0.0,0.0,0.0,0.0,0.0,1.8905514806159368,0.5770914165494313,259.77837294606305,306.70439388357479,9862.25534303354,0.30142065567601797,0.04600437357692581,20.17731241106541,23.836331098733248,754.9640360635208,3.7129246908427278,0.7016108637268952,271.6994506158284,321.51540680104218,10138.695898951635,0.4443570789244999,0.08396770198875656,284.380236511204,337.282841478161,10111.623848188767,0.0,0.0,10.765975636939409,12.971640695322688,286.6797652209741,0.0,0.0,13.704691420148415,16.302168007637535,455.9784183690854,0.0,0.0,245.44521847553356,293.3118484980479,7649.788663658224,0.0,0.0,26.721246400928857,32.09376578220387,757.5660661482502,0.0,0.0,166.9866971894027,200.5961922589455,4713.0476400231959,34.57633146254691,23.714904981170727,284.49249027141016,339.37957817529607,10315.338064036687,0.0,0.0,192.59461130168487,232.63151845224048,4850.49712527999,1804.9814569592205,21.745117491044178,30.977925593349729,21.999999999999994,29.999999999999994,0.0,21.304541669887358,41.33248605961401,20.999999999999998,29.999999999999994,0.0,21.27403602281385,31.71583523775007,20.999999999999998,29.999999999999994,0.0,20.5786012783494,33.33346551441047,15.999999999999997,29.999999999999994,0.0,15.903434434346098,45.79251048242965,11.999999999999997,29.999999999999994,0.0,19.37295595880064,43.41857519094735,18.999999999999998,29.999999999999994,0.0,18.266037295418955,39.07156156850628,9.999999999999999,29.999999999999994,0.0,16.799079638858573,43.28846899796891,11.999999999999997,29.999999999999994,0.0,16.738159192919637,43.36312675205565,15.999999999999997,29.999999999999994,0.0,18.89453449670639,0.0,0.0,0.0,15.13876895475368,0.0,0.0,727.9852184077786,1272.1469647873544,718.1565916085119,730.975542912562,776.6771672256796,1189.453352037291,759.9502068578097,778.7391512731186,775.3072489052175,9529.556383054429,81.70382841481396,82.46311749591551,569.9999999999999,0.0,569.9999999999999,569.9999999999999,21.0,16.0,19.0,16.0,12.0,12.0,21.0,10.0,1.0,0.0,1804.9814569592205,0.0,0.0,0.0,0.0,0.0,0.0,0.0,1149.1147887044388,689468.8732226634,893355.8268002502,81.70382841481396,82.47601274517936,0.3405260485123702,0.7717344837878384,0.36028137401965945,82.47601274517936,0.3542647819438875,893355.8268002502,0.060229502993613018 
 03/26  21:20:00,2.826666666666667,90.33333333333334,1.9333333333333336,0.0,0.0,0.0,0.0,0.0,2.0,0.0,0.0,4.0,0.0,0.0,0.0,1512.0,0.0,0.0,0.0,0.0,0.0,0.0,0.0,0.0,0.0,0.0,0.0,21.35694483364034,-1707.8925340030133,20.903819367110608,-106.42715131147614,21.022091459310919,-129.58874259962256,20.063191023767485,174.7324855524016,15.866250331710436,31.40301443132598,19.041044037692413,-53.81800904003934,17.777726467232957,91.25133142313554,16.553208233438036,-75.80063976515278,16.474738625956215,-317.9697650365352,983.5267364842432,1280.3601058307846,0.0,0.0,0.0,0.0,0.0,0.0,0.0,0.0,0.0,0.0,0.0,0.0,0.0,0.0,0.0,0.0,0.0,0.0,0.0,0.0,0.0,0.0,1.8661669250244342,0.5696480235117323,313.32464390489238,369.5478012916361,11788.499708844836,0.2932603962899101,0.044758912742660288,20.79944314069448,24.51731500341851,775.8751635755969,3.839565744988799,0.7255415239963721,268.1600648542326,316.51454128987566,10091.60892294611,0.44044638850621917,0.08322872042823491,241.98282066044409,286.63754299599347,8564.923403190201,0.0,0.0,10.729805892383553,12.906364475565983,285.2883762816488,0.0,0.0,13.977585935266673,16.594794416115947,464.4410095089285,0.0,0.0,262.83077423159298,313.6986983386921,8116.830186157162,0.0,0.0,27.943374206590087,33.53751673178031,776.3189443461765,0.0,0.0,182.97963484619528,219.78724670531558,4994.031988341951,34.61390114834893,23.740672941254429,286.7408394852689,341.4154803152619,10381.121063045426,0.0,0.0,210.16174549438075,253.31496899068345,5335.2337002347489,1856.842283554536,21.63524892383044,31.083507532549697,22.000000000000008,30.000000000000008,0.0,21.286804207332648,41.38320133967969,21.000000000000008,30.000000000000008,882.0969937786397,21.455526118751643,31.450139727565337,21.500000000000008,30.000000000000008,0.0,20.50244783801857,33.548842175318977,16.000000000000005,30.000000000000008,0.0,15.910749763747888,45.594879900710527,12.000000000000004,30.000000000000008,0.0,19.376766990408208,43.165816900137,19.000000000000005,30.000000000000008,0.0,18.148737583281599,39.296352337821009,10.000000000000002,30.000000000000008,0.0,16.529144677490004,43.876730943110867,12.000000000000004,30.000000000000008,0.0,16.27963069620113,44.512009867708538,16.000000000000005,30.000000000000008,0.0,18.921851861845533,0.0,0.0,0.0,15.273162101091828,0.0,0.0,721.3453271639953,1274.0707802654045,722.1161126934663,734.3913709268632,769.9430989960081,1177.6557775226816,757.3499334298135,772.9873045422928,770.2625806684719,10499.667555293021,81.06219951341154,84.76988693409241,570.0000000000001,0.0,570.0000000000001,570.0000000000001,21.0,16.0,19.0,16.0,12.0,12.0,21.0,10.0,1.0,0.0,1856.842283554536,0.0,882.0969937786397,0.0,0.0,0.0,0.0,0.0,5610.772667013532,3366463.600208117,4361175.263896391,81.06219951341154,84.8328557751731,0.3570257555671177,0.7687624534056226,0.36028137401965967,84.8328557751731,0.35426478194388757,4361175.263896391,0.24042944705594564 
 03/26  21:30:00,2.855,91.0,1.8,0.0,0.0,0.0,0.0,0.0,2.0,0.0,0.0,4.0,0.0,0.0,0.0,6050.0,0.0,0.0,0.0,0.0,0.0,0.0,0.0,0.0,0.0,0.0,0.0,21.268874692694735,-916.5860884096109,20.89318435025194,-117.18209735136202,21.172030108819507,-983.9228944851316,20.07098420090167,345.49676711005716,15.865557972719193,28.506030381712237,19.03669797859834,-56.256153028346748,17.64084503155965,-17.662669668731725,16.444826227594115,-60.990884661325498,16.32119443411495,-262.1232111408649,972.9993712286365,1236.5182276766423,0.0,0.0,0.0,0.0,0.0,0.0,0.0,0.0,0.0,0.0,0.0,0.0,0.0,0.0,0.0,0.0,0.0,0.0,0.0,0.0,0.0,0.0,1.8948140594528016,0.5783925700405379,192.60601546434558,227.68617938501257,7214.419808295173,0.288196352661446,0.043986012310965518,22.5780600887214,26.654700347248153,838.9470837805674,3.5285354922467708,0.6667678556777726,287.75417431317819,340.1772211777498,10767.652760578898,0.4344753678875599,0.0821004096537339,293.79082564156399,348.40152927531485,10394.529658051728,0.0,0.0,10.346768606029468,12.464591569569059,274.4155715331179,0.0,0.0,14.201270174214879,16.891887413755958,470.7139240565272,0.0,0.0,268.56894123914,321.32920555020049,8148.976345930108,0.0,0.0,26.451415765991379,31.810266780212119,727.0295391174152,0.0,0.0,193.41118576895924,232.84462108360544,5195.261045211866,34.636404392060729,23.756107264787884,300.4892695966554,358.28772996866356,10814.743060446903,0.0,0.0,218.61137171337513,263.9923209856785,5502.950925550831,1117.4410909202482,21.472057238766728,31.787525446375008,21.625,30.0,0.0,21.274434817549655,41.280164191913218,21.0,30.0,1129.1949997394768,21.38309888273444,31.43749709288085,21.25,30.0,0.0,20.550131623775415,33.3680351919329,16.0,30.0,0.0,15.91074944402233,45.53362123952718,12.0,30.0,0.0,19.370614948563138,43.101985920415398,19.0,30.0,0.0,17.894463865467264,39.922673131799879,10.0,30.0,0.0,16.408111867864326,44.11007658020332,12.0,30.0,0.0,16.085453091278678,44.94491964996916,16.0,30.0,0.0,18.89914804345706,0.0,0.0,0.0,15.20048415875063,0.0,0.0,741.5766853959858,1266.3576585108406,711.2534474619448,728.0878099807128,768.1023313903131,1173.315208062083,756.7804615143267,768.9928937214627,765.6198464138508,7169.803068882609,81.67235807332507,82.55367075241921,570.0,0.0,570.0,570.0,21.0,16.0,19.0,16.0,12.0,12.0,21.0,10.0,1.0,0.0,1117.4410909202482,0.0,1129.1949997394768,0.0,0.0,0.0,0.0,0.0,1333.7443614408324,800246.6168644994,1035918.5817816628,81.67235807332507,82.56863836746753,0.2569581453813611,0.5579475353700147,0.27021103051474468,82.56863836746753,0.2656985864579156,1035918.5817816628,0.06738943291931313 
 03/26  21:40:00,2.8833333333333335,91.66666666666667,1.6666666666666668,0.0,0.0,0.0,0.0,0.0,2.0,0.0,0.0,4.0,0.0,0.0,0.0,1514.0,0.0,0.0,0.0,0.0,0.0,0.0,0.0,0.0,0.0,0.0,0.0,21.416206538571744,-688.2557224444993,20.883794165396095,-78.13199639876615,21.48171304521139,-2056.463867792342,20.219854248014138,511.47637576352738,15.860135841612003,27.15679979639225,19.028957852263667,-69.73484708414768,17.562959060428388,99.62256357317165,16.337261754259456,-57.32187402364485,16.654142720109996,-455.1059172817286,1034.4429868906219,1220.151387965041,0.0,0.0,0.0,0.0,0.0,0.0,0.0,0.0,0.0,0.0,0.0,0.0,0.0,0.0,0.0,0.0,0.0,0.0,0.0,0.0,0.0,0.0,1.87250194313307,0.5715817897231594,142.47120753382183,167.97543678376,5457.526982016984,0.31885716805352418,0.04866562393979307,15.057748643175986,17.76985574778279,562.8733242983046,3.3370660232268829,0.6305869280474081,366.9212743558809,431.95249451812927,14105.90792684226,0.44791285224226209,0.08463961682582426,354.87480278723037,419.53707945114749,12737.027678832088,0.0,0.0,10.760953488096096,12.940015650110688,284.6634421354273,0.0,0.0,14.811702028776445,17.578755836831193,489.8516353160112,0.0,0.0,267.2462622737838,319.3174888614171,8042.812233769215,0.0,0.0,26.075199851238027,31.318679702759306,708.5727971920358,0.0,0.0,189.34882995445089,227.23172857086824,5239.313912019603,34.85885225445149,23.908677815124489,351.6658314025957,418.2303436819626,12589.651393276381,0.0,0.0,213.53299515512638,257.5770427230698,5297.397020284556,1038.1097072795724,21.926776447946794,30.793147305032606,22.0,30.0,0.0,21.265387106482259,41.50586988676231,21.0,30.0,2549.5299082272747,22.071894692165864,30.06088226648042,22.0,30.0,0.0,20.827650787244985,32.71350242941508,16.0,30.0,0.0,15.903001723250572,45.52497677087122,12.0,30.0,0.0,19.358401419663374,43.09459123187932,19.0,30.0,0.0,17.7959101798348,40.180898225382779,10.0,30.0,0.0,16.275775434737228,44.41819084543252,12.0,30.0,993.1300599776615,16.54215747449907,43.67656384645207,16.5,30.0,0.0,19.106314024022987,0.0,0.0,0.0,15.041670460371713,0.0,0.0,734.3524349004501,1277.140787266157,705.0525942594518,721.7702369924393,767.4905333384654,1171.294843275884,757.0656371451682,766.5470158243029,765.6433792248399,11533.354679066026,80.37847513179583,87.87272279547587,570.0,0.0,570.0,570.0,21.0,16.0,19.0,16.0,12.0,12.0,21.0,10.0,1.0,0.0,1038.1097072795724,0.0,2549.5299082272747,0.0,0.0,0.0,0.0,993.1300599776615,11340.751077067576,6804450.646240545,8866387.118262686,80.37847513179583,88.0,0.37802503590225258,0.7676510991272516,0.36028137401965956,88.0,0.3542647819438875,8866387.118262686,0.4744471301496596 
 03/26  21:50:00,2.9116666666666668,92.33333333333333,1.5333333333333335,0.0,0.0,0.0,0.0,0.0,2.0,0.0,0.0,4.0,0.0,0.0,0.0,3028.0,0.0,0.0,0.0,0.0,0.0,0.0,0.0,0.0,0.0,0.0,0.0,21.305290447166557,-980.5404833014773,20.890674658959918,-100.50417536347074,21.10115829741357,-622.5529105319422,20.297161818792327,119.48255953938724,15.855896771549875,27.369554406350873,19.023464837612907,-49.72586760936879,17.703319921186428,176.9449540313999,16.238488187778537,-84.59577132162034,16.70671646597223,-435.76291709918248,993.04026821669,1180.6419418386755,0.0,0.0,0.0,0.0,0.0,0.0,0.0,0.0,0.0,0.0,0.0,0.0,0.0,0.0,0.0,0.0,0.0,0.0,0.0,0.0,0.0,0.0,1.8952461304703015,0.5785244598505194,216.8430418024485,255.966787637136,8051.612077999065,0.29575927428236378,0.045140304377650149,20.10511707785753,23.709819763106883,746.3207081886004,3.6186848738270096,0.6838028862106974,262.4136158023178,310.1137446378541,9778.57956844181,0.4137586312980199,0.0781856824070332,184.60349504019488,218.61451831634714,6655.320893289378,0.0,0.0,10.758917178170729,12.951652168581365,283.8276900006831,0.0,0.0,14.226913898968,16.908744969346047,469.48306586500726,0.0,0.0,239.82791434505072,286.53554387275929,7325.560230965534,0.0,0.0,33.75261552655866,40.59039194630513,906.9047724667844,0.0,0.0,156.85824856117262,188.33347528274858,4355.793617566945,34.794552882277,23.864576736815509,264.53328421475,315.09750275393818,9691.417054911124,0.0,0.0,185.979724298855,224.6224390793511,4553.348650486006,1023.5499024635676,21.4937450438167,31.744662780502524,21.5,30.0,0.0,21.279814901980438,42.23725723015185,21.0,30.0,879.0657459645215,21.33505504976349,31.751292253941388,21.25,30.0,0.0,20.893496031904225,32.65409780267276,16.0,30.0,0.0,15.898829707042517,45.49056296617046,12.0,30.0,0.0,19.355373966016914,42.996867560700227,19.0,30.0,0.0,18.065060963687093,39.56960502480281,10.0,30.0,0.0,16.153147011205726,44.77095445245452,12.0,30.0,0.0,16.62391116895746,43.4279410987283,16.0,30.0,0.0,18.981696161929759,0.0,0.0,0.0,14.90447132511695,0.0,0.0,737.9013282505306,1321.291543876444,720.9371582383845,723.7037533876915,765.5470020753177,1165.1001914071088,759.3754707612769,766.7104087709386,765.4101537448055,8170.285854654221,82.60253194106666,82.60253194106666,570.0,0.0,570.0,570.0,21.0,16.0,19.0,16.0,12.0,12.0,21.0,10.0,1.0,0.0,1023.5499024635676,0.0,879.0657459645215,0.0,0.0,0.0,0.0,0.0,0.0,0.0,0.0,82.60253194106666,82.60253194106666,0.34,0.7704996146056671,0.36028137401965956,82.60253194106666,0.3542647819438875,0.0,0.013774999999999999 
 03/26  22:00:00,2.94,93.0,1.4,0.0,0.0,0.0,0.0,0.0,2.0,0.0,0.0,4.0,0.0,0.0,0.0,1514.0,0.0,0.0,0.0,0.0,0.0,0.0,0.0,0.0,0.0,0.0,0.0,21.45270275642668,-1415.2249546931494,20.87916499180571,-98.95752409992065,21.117410070371905,-274.9687331779951,20.14152712654827,237.9474337015099,15.85109587474992,27.845408386990614,19.024787124254908,-56.62991322912262,17.691837355602944,81.75573459305633,16.131857342259428,-75.58878947609219,16.36077635510741,-333.4608916884504,956.7871001140484,1294.79689315618,0.0,0.0,0.0,0.0,0.0,0.0,0.0,0.0,0.0,0.0,0.0,0.0,0.0,0.0,0.0,0.0,0.0,0.0,0.0,0.0,0.0,0.0,1.886334755155959,0.5758042598156163,241.72109497819424,284.75125701517779,9133.352890234815,0.2991006337460701,0.04565027987577383,19.54968058160386,23.044899970237496,724.4029209880594,3.571242367847513,0.674837937990838,236.99849787078888,279.7981451496773,8751.054377764704,0.4252914870625318,0.08036498243812013,257.40471870969886,304.4693482749873,9103.663442559442,0.0,0.0,10.609839575832579,12.75663004643549,279.2093456126999,0.0,0.0,13.779943475026343,16.35103042855171,454.1139883814699,0.0,0.0,262.3080903433379,313.0764997866712,7972.3096142475519,0.0,0.0,34.34428533094176,41.279122772282679,911.9655020807703,0.0,0.0,178.1042398569577,213.94403738298466,4769.852971963604,34.76064053784301,23.841317241318948,254.5906182982582,302.9892993090681,9251.374380670384,0.0,0.0,209.05061560061535,252.06606349468306,5163.901279095624,1714.258247539521,21.80497608867671,30.870091782343093,22.0,30.0,0.0,21.262528713503678,41.65117538738821,21.0,30.0,0.0,21.21687775094458,31.97565840621345,21.0,30.0,0.0,20.63171860557714,33.34613745712487,16.0,30.0,0.0,15.894290297033642,45.47391465744585,12.0,30.0,0.0,19.359737715380825,43.05516385440943,19.0,30.0,0.0,18.017243633968044,39.61022924826301,10.0,30.0,0.0,16.017064822608359,45.16599097432726,12.0,30.0,0.0,16.14078442235435,44.81349034552024,16.0,30.0,0.0,18.867889332568539,0.0,0.0,0.0,15.043397475358061,0.0,0.0,717.2309739643956,1281.1370423249023,716.9090312650026,730.6395898404256,763.8563634542281,1170.1868415504237,754.4426608965929,766.4711731857135,766.1707922885237,9598.91542354739,81.65797106997073,81.65797106997073,570.0,0.0,570.0,570.0,21.0,16.0,19.0,16.0,12.0,12.0,21.0,10.0,1.0,0.0,1714.258247539521,0.0,0.0,0.0,0.0,0.0,0.0,0.0,0.0,0.0,0.0,81.65797106997073,81.65797106997073,0.34,0.7677273422413475,0.36028137401965956,81.65797106997073,0.3542647819438875,0.0,0.014155 
 03/26  22:10:00,2.9466666666666669,92.83333333333333,1.3916666666666669,0.0,0.0,0.0,0.0,0.0,2.0,0.0,0.0,4.0,0.0,0.0,0.0,7570.0,0.0,0.0,0.0,0.0,0.0,0.0,0.0,0.0,0.0,0.0,0.0,21.384920582439496,-1521.1382168274805,20.871576984754847,-105.75011081762217,21.04666904120064,-324.9894504242968,20.104520999753178,291.9731826793152,15.84717905401546,27.069101963112037,19.01545316336904,-41.30611440526509,17.770555143688953,215.76820040486784,16.04599115257529,-118.50836868404201,17.75861772343554,-372.71382874687756,947.4669662055214,1017.2083466839349,0.0,0.0,0.0,0.0,0.0,0.0,0.0,0.0,0.0,0.0,0.0,0.0,0.0,0.0,0.0,0.0,0.0,0.0,0.0,0.0,0.0,0.0,1.85201202561551,0.5653272361463705,265.5581701225912,313.72963361480228,9951.02989660729,0.2926951980911405,0.0446726492813096,20.054109687016689,23.685628819570785,741.7265659637706,3.6390338597581315,0.6876481216474175,256.7787411949249,303.4405465431956,9540.799622755236,0.4361149042109562,0.08241022377380124,265.70300799490107,314.81010601287036,9364.60839067603,0.0,0.0,11.2279936457735,13.521137080285812,295.17783401278526,0.0,0.0,12.914206474148348,15.361695203800098,424.9954956159079,0.0,0.0,190.68798257586773,227.9848264921778,5839.228124265319,0.0,0.0,43.99353424577299,52.960772581109548,1157.86715370525,0.0,0.0,119.26726982213663,142.6961850956102,3596.7964844601817,34.74130156957376,23.8280532027255,271.495073102087,323.62753351106996,9762.753762153288,0.0,0.0,138.57902157150984,167.6646893173302,3332.7197747887669,1787.5337639006789,21.69867010461355,31.20277369460363,21.999999999999998,30.0,0.0,21.254225821048636,41.73555534823504,21.000000000000005,30.0,1136.673128204793,21.286953265290867,31.905761990119914,21.299999999999998,30.0,0.0,20.57131664273673,33.5493076413513,15.999999999999999,30.0,0.0,15.891918547576964,45.422871168290217,12.0,30.0,0.0,19.350152741896726,41.67735789165279,19.0,30.0,0.0,18.189427501182946,39.05668502510981,10.0,30.0,0.0,15.915570219819827,45.44330803938421,12.0,30.0,2988.755128612903,18.06662267690071,39.68171215491848,20.0,30.0,0.0,18.811842140247245,0.0,0.0,0.0,14.60808914650731,0.0,0.0,720.028410039261,1283.9334549769317,715.0482294540682,729.41315322399,760.0738182791414,1137.2371897786146,742.4294968872471,764.3531516442832,759.212535616461,10470.143520381032,81.08175550491876,84.65774906168122,570.0,0.0,570.0,570.0,21.0,16.0,19.0,19.0,12.0,12.0,21.0,10.0,1.0,0.0,1787.5337639006789,0.0,1136.673128204793,0.0,0.0,0.0,0.0,2988.755128612903,5411.68639847088,3247011.839082528,4222225.9534597559,81.08175550491876,84.71848130375895,0.350389546615696,0.7673336425831956,0.3602813740196596,84.71848130375895,0.3542647819438876,4222225.9534597559,0.2340907495799073 
 03/26  22:20:00,2.9533333333333338,92.66666666666667,1.3833333333333334,0.0,0.0,0.0,0.0,0.0,2.0,0.0,0.0,4.0,0.0,0.0,0.0,3028.0,0.0,0.0,0.0,0.0,0.0,0.0,0.0,0.0,0.0,0.0,0.0,21.25819763301986,-890.7951066727476,20.86328339408065,-111.90211212871719,21.15263792006664,-710.5936738418766,20.185473802685306,267.3799796411288,15.841301943618488,27.57213562521757,19.01703055352165,-32.63630017356218,17.61397010946417,-107.39592560596361,15.91749676947847,-72.25545765710769,18.51012912500837,-619.8832798433182,937.3424142593046,1548.5850731525523,0.0,0.0,0.0,0.0,0.0,0.0,0.0,0.0,0.0,0.0,0.0,0.0,0.0,0.0,0.0,0.0,0.0,0.0,0.0,0.0,0.0,0.0,1.9042344976485313,0.5812681616753759,196.12836755657447,231.74888859359988,7285.6447245862059,0.284327367730235,0.043395507895335017,23.210997905695938,27.369336768311727,855.8213775096893,3.4985349489382777,0.6610988187714058,251.9770269887186,297.7504136375518,9366.986902879324,0.41724772965277426,0.0788449980447419,239.68979808050859,283.8899129889991,8512.259864739419,0.0,0.0,11.57313089144205,13.929645485101864,303.9683450642808,0.0,0.0,13.953718662839842,16.58422082792003,459.281723286953,0.0,0.0,225.7814284406706,269.88788391087476,6736.434682066187,0.0,0.0,52.25892131434791,62.92658701825839,1357.3865905484639,0.0,0.0,185.21416603501027,219.97058193920118,6151.082587111394,34.70538092807991,23.803416274403238,255.0574777480888,303.99570036811158,9250.300533339896,0.0,0.0,185.15874750094714,222.8706342714553,4786.301578482393,975.1720183581197,21.421212556787255,32.16428469107665,21.25,30.0,0.0,21.244695414135945,41.6222987753501,21.0,30.0,1056.089194447703,21.465098324570307,31.510521136816615,21.25,30.0,0.0,20.722250264278409,33.172999501500957,16.0,30.0,0.0,15.88621093561035,45.35206664326106,12.0,30.0,0.0,19.359250222306899,39.960701580798,19.0,30.0,0.0,17.83489580446112,40.02867558319475,10.0,30.0,0.0,15.739291096461223,45.864929542560378,12.0,30.0,865.5356010598023,19.684888246148974,35.66250433272283,19.5,30.0,0.0,18.799473877304338,0.0,0.0,0.0,15.340138852820794,0.0,0.0,743.2894147264751,1275.1624583335943,709.2538546100826,721.8151995483622,753.4742037965114,1106.3719087641212,745.0497732618728,757.912918661544,747.789316486534,10013.526585488104,81.38366633453343,83.35366332065964,570.0,0.0,570.0,570.0,21.0,16.0,19.0,19.0,12.0,12.0,21.0,10.0,1.0,0.0,975.1720183581197,0.0,1056.089194447703,0.0,0.0,0.0,0.0,865.5356010598023,2980.9556681584979,1788573.4008950988,2315148.9719073849,81.38366633453343,83.38712040942522,0.35436518893861659,0.7705636182369939,0.36028137401965956,83.38712040942522,0.3542647819438875,2315148.9719073849,0.13470107987251735 
 03/26  22:30:00,2.96,92.5,1.375,0.0,0.0,0.0,0.0,0.0,2.0,0.0,0.0,4.0,0.0,0.0,0.0,6813.0,0.0,0.0,0.0,0.0,0.0,0.0,0.0,0.0,0.0,0.0,0.0,21.336891751243159,-837.566466698999,20.851444729131875,-102.81252088672257,21.168121515976478,-1060.4449657436838,20.19316362155901,371.74735991192235,15.83679969304797,28.990946754700567,19.009091497069293,-55.09842269810178,17.373009385865879,33.48290423651066,15.933602230580308,6.8743241187581429,18.730267173490785,-1088.5751471205945,973.7027609218842,1792.8901068621054,0.0,0.0,0.0,0.0,0.0,0.0,0.0,0.0,0.0,0.0,0.0,0.0,0.0,0.0,0.0,0.0,0.0,0.0,0.0,0.0,0.0,0.0,1.8822042320390058,0.5745434163733229,159.54094966399919,188.4484617900181,5981.323722518514,0.30046923355322915,0.04585916263022422,19.31819709814994,22.80460560377146,713.783176708184,3.419063458290977,0.6460815302893004,261.96619040112287,309.40214753816886,9807.809840890945,0.42011412945859996,0.07938664577826904,262.3751142940346,310.75302687663568,9321.249948019029,0.0,0.0,12.261097977743815,14.76483754051442,321.75890112769386,0.0,0.0,15.04289249608085,17.892580783297335,494.4874765894425,0.0,0.0,276.8924970376789,331.57868087862837,8113.369820177553,0.0,0.0,49.934323841839347,60.14254990162377,1305.127445145355,0.0,0.0,246.89657400238523,293.4450718832443,8260.570104376533,34.79738708872991,23.866520636988967,265.5880301880243,316.5321612866737,9606.863791470487,0.0,0.0,236.90053135037008,285.1472214433984,6265.389466415722,1079.372784921054,21.545444430940955,31.911470849594225,21.555555555555548,29.99999999999999,0.0,21.232654174973477,41.21543292692523,20.999999999999994,29.99999999999999,1293.4718747171478,21.488268740784084,31.383489521171034,21.333333333333326,29.99999999999999,0.0,20.743840962991979,33.063735699506647,15.999999999999993,29.99999999999999,0.0,15.88351765268337,45.350510452680968,11.999999999999997,29.99999999999999,0.0,19.347235898659016,39.12806034633058,18.999999999999994,29.99999999999999,0.0,17.472630510629445,41.062442602170317,9.999999999999997,29.99999999999999,0.0,15.829911632341569,45.543001119488589,11.999999999999997,29.99999999999999,1755.5075929784826,19.647482249666895,35.838435763889759,19.66666666666666,29.99999999999999,0.0,18.831521918567274,0.0,0.0,0.0,15.961512344938854,0.0,0.0,739.7169757077209,1247.2143729251594,700.1896131098714,714.0471996865014,751.5364560601055,1087.1464679819213,751.2252165799702,754.2367387885229,754.5058244213144,9854.901025566025,81.4886603856428,83.79234299803766,569.9999999999998,0.0,569.9999999999998,569.9999999999998,21.0,16.0,19.0,19.0,12.0,12.0,21.0,10.0,1.0,0.0,1079.372784921054,0.0,1293.4718747171478,0.0,0.0,0.0,0.0,1755.5075929784826,3486.3727257952289,2091823.6354771374,2716999.4004349296,81.4886603856428,83.83146717649756,0.3428790908598409,0.7679863896117827,0.36028137401965945,83.83146717649756,0.3542647819438874,2716999.4004349296,0.155375635489283 
 03/26  22:40:00,2.966666666666667,92.33333333333333,1.3666666666666668,0.0,0.0,0.0,0.0,0.0,2.0,0.0,0.0,0.0,0.0,0.0,0.0,1514.0,0.0,0.0,0.0,0.0,0.0,0.0,0.0,0.0,0.0,0.0,0.0,21.37968960652816,-1612.0494428792966,20.70642856625043,259.90813056480627,20.971478195948657,31.828257642460586,20.223097153286536,248.84432078214389,15.835433155327916,34.81442158318116,18.8687765112182,-65.22731701236327,17.575205430626956,252.57285701552795,15.968963195107456,3.851709617027724,18.66173760682365,-835.5225501884895,1178.2104462639678,1514.7664375262739,0.0,0.0,0.0,0.0,0.0,0.0,0.0,0.0,0.0,0.0,0.0,0.0,0.0,0.0,0.0,0.0,0.0,0.0,0.0,0.0,0.0,0.0,1.7924189688057278,0.5471364373643859,579.6944521767724,683.9766153142447,20582.250389796824,0.3925755386699553,0.059916901506403458,341.63803913241449,402.64830248341209,12432.081790488466,3.7469493035003484,0.708040306783891,324.6935687935055,382.6677548879097,12071.880295084351,0.44225451556847686,0.08357039220870688,248.90762297675657,294.34330844200437,8858.511335506113,0.0,0.0,13.970711497933144,16.791143790591236,366.62537563432957,0.0,0.0,17.836581008595723,21.188739859838223,579.9271062644676,0.0,0.0,263.0503557271419,314.0335068376061,7908.378715475037,0.0,0.0,48.967125786464197,58.856404515298809,1289.2309920540852,0.0,0.0,220.19000610398519,261.64941134094848,7224.998362213002,35.09360135637196,24.069685429610418,582.5229606663254,690.3927911647235,20741.15084544509,0.0,0.0,204.4021478746841,245.99338462619984,5274.661487821122,1781.253262379974,21.535043738439236,34.94074220507336,22.000000000000008,30.00000000000001,0.0,21.033662017452053,36.40738968690046,12.000000000000004,30.00000000000001,96.60614475217247,21.40290023853358,35.32654197444603,21.000000000000008,30.00000000000001,0.0,20.773786095122224,32.93682876200545,16.000000000000008,30.00000000000001,0.0,15.887307990067857,45.38029291247632,12.000000000000004,30.00000000000001,0.0,19.169232369955574,38.47286719915027,12.000000000000004,30.00000000000001,0.0,17.897440794184094,42.076296002430009,10.000000000000004,30.00000000000001,0.0,15.932839686654976,45.2863840792803,12.000000000000004,30.00000000000001,1680.9833937357856,19.38617896885851,36.462014577578248,19.500000000000008,30.00000000000001,0.0,19.53310520724218,0.0,0.0,0.0,15.590599161277737,0.0,0.0,930.0737779815097,948.1119665862145,927.7523950982204,709.4532887135122,752.2173366751943,1041.8155805600775,851.2362079315906,756.7893141453312,753.9839155200218,6709.88814427591,83.56793971595323,83.56793971595323,60.00000000000002,0.0,60.00000000000002,60.00000000000002,12.0,16.0,12.0,19.0,12.0,12.0,21.0,10.0,1.0,0.0,1781.253262379974,0.0,96.60614475217247,0.0,0.0,0.0,0.0,1680.9833937357856,0.0,0.0,0.0,83.56793971595323,83.56793971595323,0.34000000000000016,0.7673260589915221,0.36028137401965967,83.56793971595323,0.3542647819438876,0.0,0.0014600000000000002 
 03/26  22:50:00,2.973333333333333,92.16666666666667,1.3583333333333335,0.0,0.0,0.0,0.0,0.0,2.0,0.0,0.0,0.0,0.0,0.0,0.0,3785.0,0.0,0.0,0.0,0.0,0.0,0.0,0.0,0.0,0.0,0.0,0.0,21.372681414054246,-1096.311919759352,20.774172560579115,-0.9984205741973682,21.185186072650106,-1170.2596188338812,20.224728981005968,431.56739808314139,15.835874736339964,34.03243592016124,18.755617914936395,-43.33373036288451,17.57595727778711,-52.724032093517617,15.948559415868627,-17.053047570100945,18.666679556401939,-828.1192814374414,1191.662002014374,1696.789504930081,0.0,0.0,0.0,0.0,0.0,0.0,0.0,0.0,0.0,0.0,0.0,0.0,0.0,0.0,0.0,0.0,0.0,0.0,0.0,0.0,0.0,0.0,1.895781828844298,0.578687981942704,382.01253734122806,450.76875955408095,14212.722983395288,0.3710312698647039,0.05662870419180463,224.92656794499318,265.70917993995399,8156.510768270455,3.2776997329757164,0.6193688081964698,355.5271177054751,419.31623456588945,13296.195097073924,0.4156837364711881,0.07854945889478232,270.7425601514771,320.19401427445407,9642.197071795239,0.0,0.0,12.77601448468165,15.374224002500146,335.14150404161139,0.0,0.0,14.864601078318632,17.69215009017303,479.1904129575059,0.0,0.0,256.2195518135064,306.28351221961978,7662.59095618786,0.0,0.0,51.14635804480396,61.55013525555258,1344.660083167206,0.0,0.0,224.92496263331985,267.23975271641799,7490.614362048826,35.00888912404244,24.011583761345994,529.7029029466395,628.8553111258892,18964.601909142002,0.0,0.0,212.11761468659166,255.37773730140123,5518.305623748806,1813.4003966526239,21.612231410735768,32.99641131356649,22.0,30.0,0.0,21.157805774103396,35.23511624800068,12.000000000000002,30.0,1393.504382259286,21.5348758771349,33.116418840325909,21.400000000000003,30.0,0.0,20.7815996924802,35.24342915525454,16.0,30.0,0.0,15.893052116294431,45.768285747736779,12.000000000000002,30.0,0.0,19.02982359257076,38.527919287787657,12.000000000000002,30.0,0.0,17.8117735494833,41.387703583766498,10.0,30.0,0.0,15.923989149523385,45.73747535989235,12.000000000000002,30.0,697.2860323546897,19.59010321952595,36.98920987272629,19.400000000000003,30.0,0.0,19.75991155598478,0.0,0.0,0.0,15.728799744640318,0.0,0.0,813.890463318003,894.5417564233635,809.5475736298653,842.0218295742621,768.2991932902231,1033.0724043834612,805.6645104725438,773.2046351139015,805.7555451744271,8959.393691304245,82.08077349994359,83.54978921646286,60.0,0.0,60.0,60.0,12.0,16.0,12.0,19.0,12.0,12.0,21.0,10.0,1.0,0.0,1813.4003966526239,0.0,1393.504382259286,0.0,0.0,0.0,0.0,697.2860323546897,2223.0561627438084,1333833.697646285,1732025.5586229067,82.08077349994359,83.57473798012686,0.3461018720914603,0.7691538942468901,0.36028137401965956,83.57473798012686,0.35426478194388757,1732025.5586229067,0.0914886623817245 
 03/26  23:00:00,2.98,92.0,1.35,0.0,0.0,0.0,0.0,0.0,2.0,0.0,0.0,0.0,0.0,0.0,0.0,3028.0,0.0,0.0,0.0,0.0,0.0,0.0,0.0,0.0,0.0,0.0,0.0,21.354391361791536,-1272.8798163735724,20.678231705494924,128.60400233499355,21.195771601856245,-932.5242780584874,20.293589013124199,284.67722898181207,15.833146826516665,33.29971048624702,18.65726926652577,-47.75395067583307,17.461758491860509,-4.937549804298669,15.924408206441715,-8.147183309196976,18.93900135732488,-1045.6094232688436,1136.6527143548,1805.5476389383323,0.0,0.0,0.0,0.0,0.0,0.0,0.0,0.0,0.0,0.0,0.0,0.0,0.0,0.0,0.0,0.0,0.0,0.0,0.0,0.0,0.0,0.0,1.9022899982439768,0.5806746026385765,345.1121645577417,407.0827008921758,12856.986921054917,0.37507009420974515,0.05724513037389273,174.8513405919926,206.61192097825026,6302.15480948225,3.3152501110172984,0.6264644956570862,298.4795648513655,351.80395054828139,11194.557739727508,0.4012255686657876,0.07581737881061743,212.25925084887434,250.9032002964496,7595.20974815489,0.0,0.0,12.949052213025274,15.578388607422266,339.4975492563626,0.0,0.0,15.762975410728579,18.765757522026058,504.00091260102809,0.0,0.0,275.12734030803429,328.96368194046729,8130.696102203628,0.0,0.0,50.617390796712729,60.890034643909007,1329.1436993740168,0.0,0.0,243.10828779727573,288.5495558684953,8171.87693641391,34.922515256711609,23.952342425728135,419.7219382440979,498.442801795519,15093.658667739506,0.0,0.0,230.9036269532285,277.66363400794946,6091.108362284814,1490.2182877345466,21.64958711741148,32.66207345625678,22.0,30.0,0.0,21.038498514456117,34.114850129273197,12.0,30.0,1564.3389407289306,21.518998744931623,32.75987427644336,21.5,30.0,0.0,20.86590078554751,34.327761243600807,16.0,30.0,0.0,15.893398863653799,46.17816850277131,12.0,30.0,0.0,18.897736187082047,38.705888749552787,12.0,30.0,0.0,17.629071812075645,41.778135846492528,10.0,30.0,0.0,15.914456517204258,46.399806883701248,12.0,30.0,1776.1022262924262,19.7667833415795,36.567487127850899,19.75,30.0,0.0,19.549262745885448,0.0,0.0,0.0,15.947772982772584,0.0,0.0,797.3029621195101,816.5412125071234,786.2132047180487,800.1458192016233,784.1768910003505,1033.2500788295207,800.5255302332288,797.7310196152994,804.7454458570311,10798.129987428709,80.86483048916127,87.88084478567618,60.0,0.0,60.0,60.0,12.0,16.0,12.0,19.0,12.0,12.0,21.0,10.0,1.0,0.0,1490.2182877345466,0.0,1564.3389407289306,0.0,0.0,0.0,0.0,1776.1022262924262,10617.804419690714,6370682.651814429,8325718.974732487,80.86483048916127,88.0,0.3539268139896905,0.7652252783668118,0.36028137401965956,88.0,0.3542647819438875,8325718.974732487,0.43432405335275606 
 03/26  23:10:00,2.981666666666667,91.83333333333334,1.2233333333333337,0.0,0.0,0.0,0.0,0.0,2.0,0.0,0.0,0.0,0.0,0.0,0.0,5299.0,0.0,0.0,0.0,0.0,0.0,0.0,0.0,0.0,0.0,0.0,0.0,20.889504056544337,-463.89951430074879,20.55111155335862,-90.5906552146724,20.76870056666749,-612.1122239698344,20.26519415022655,17.238183982399535,15.82587798830544,27.314840401828719,18.576384343253595,-40.14031518181139,17.407190956315888,30.61024196409796,15.899908797338722,-33.85073363321415,18.280954792747815,-462.850464028838,844.1656028251398,1264.6167840364574,0.0,0.0,0.0,0.0,0.0,0.0,0.0,0.0,0.0,0.0,0.0,0.0,0.0,0.0,0.0,0.0,0.0,0.0,0.0,0.0,0.0,0.0,1.877504374546222,0.5731087834390177,178.12086653547184,210.85148426236067,6464.772226257671,0.3651372330332885,0.05572912592083158,98.5358535591811,116.75781294990371,3534.15645377116,3.2236890506623627,0.6091627079860854,180.45146016008739,213.55885644224737,6643.780659315357,0.36795623351301307,0.06953065637056177,125.59990900110427,148.83717478417399,4489.784420989079,0.0,0.0,12.001384003197794,14.445948522626522,314.3909184738462,0.0,0.0,13.677132399860401,16.29976867311172,434.72530036072859,0.0,0.0,220.36951084189989,263.76353440780147,6486.809762933364,0.0,0.0,45.53885073781248,54.80962055990349,1194.1655926884008,0.0,0.0,186.92295531814504,222.84298636240187,5918.805504624453,34.48493101631624,23.65221606057356,221.0150139956309,263.5904083402955,8146.421711262215,0.0,0.0,176.21225156710018,212.48175564058344,4466.128015969403,0.0,20.89073222133773,33.685558241666317,21.57142857142857,29.999999999999994,0.0,20.838125671187347,33.91817022061191,12.0,29.999999999999994,0.0,20.991626764180656,33.35837059164308,21.428571428571428,29.999999999999994,0.0,20.795746685216046,34.02027568725954,12.0,29.999999999999994,0.0,15.885365845956244,46.416295074342709,12.0,29.999999999999994,0.0,18.799165161748939,38.881557938134267,12.0,29.999999999999994,0.0,17.565703026043086,41.8234871720524,10.0,29.999999999999994,0.0,15.898349157164044,46.606681772133089,12.0,29.999999999999994,0.0,18.696867887419594,39.029650722336018,19.714285714285717,29.999999999999994,0.0,18.09101093619538,0.0,0.0,0.0,15.373461862930006,0.0,0.0,769.0889160438499,782.8737176355624,759.9273892613092,775.021626197852,792.0645612252957,1037.0482721856857,794.2710829002298,803.3226154054869,799.8463418400232,0.0,81.46815838817185,81.46815838817185,59.999999999999989,0.0,59.999999999999989,59.999999999999989,12.0,12.0,12.0,19.0,12.0,12.0,21.0,10.0,0.0,0.0,0.0,0.0,0.0,0.0,0.0,0.0,0.0,0.0,0.0,0.0,0.0,81.46815838817185,81.46815838817185,0.0,0.0,0.0,81.46815838817185,0.0,0.0,0.0013499999999999997 
 03/26  23:20:00,2.9833333333333336,91.66666666666667,1.0966666666666667,0.0,0.0,0.0,0.0,0.0,2.0,0.0,0.0,0.0,0.0,0.0,0.0,3785.0,0.0,0.0,0.0,0.0,0.0,0.0,0.0,0.0,0.0,0.0,0.0,20.403091039038544,-219.00896963334675,20.252843171174498,-295.5829436341001,20.270134285687253,-279.34747701966736,19.94490725989488,-160.71973726903969,15.808068039867495,18.565715575653966,18.51528134409977,-34.00612734470184,17.312578842676609,-4.799935606986219,15.813327418231879,-82.20450484228081,17.858962659712519,-190.37962695625249,669.0987533793003,955.401712179905,0.0,0.0,0.0,0.0,0.0,0.0,0.0,0.0,0.0,0.0,0.0,0.0,0.0,0.0,0.0,0.0,0.0,0.0,0.0,0.0,0.0,0.0,1.8249281954975705,0.557059888735522,140.31828898905193,166.40577638643596,4882.981234883617,0.33895043409365757,0.05173236173590622,83.71306808654839,99.27486402868276,2913.476136155342,3.196988385732536,0.6041172308640471,129.14523884955634,153.20022542777489,4553.22442957421,0.3457493053057414,0.06533433584764574,78.85973177010639,93.54144219594132,2730.1416670831624,0.0,0.0,10.80006258379414,12.996731105731842,282.3181792646502,0.0,0.0,11.884072113150957,14.160031350149325,375.9477597017119,0.0,0.0,170.90652790395,204.59699088957897,4981.986993439998,0.0,0.0,42.23769975549985,50.843681939492757,1096.2505032135765,0.0,0.0,139.7089633579176,166.89697174107068,4238.0334346773629,33.83643495782699,23.20743138396914,148.08051403323706,176.93327125136583,5520.501578257412,0.0,0.0,129.87583024560224,156.99375628861703,3086.5985045566815,0.0,20.171303975053413,34.56859558834561,22.0,30.0,0.0,20.31992957487863,34.076845005791607,12.000000000000002,30.0,0.0,20.19120617097934,34.43038565742363,22.0,30.0,0.0,20.21021960086322,34.513596192988959,12.000000000000002,30.0,0.0,15.85828294730158,46.523205483077678,12.000000000000002,30.0,0.0,18.723475154184454,38.977692914347759,12.000000000000002,30.0,0.0,17.417583720282143,41.88192448417129,10.0,30.0,0.0,15.761263032979882,46.98297785700923,12.000000000000002,30.0,0.0,18.027962195730497,40.47469006060025,20.0,30.0,0.0,17.885006789656467,0.0,0.0,0.0,14.5948370234371,0.0,0.0,736.1853566211179,728.5000882688482,726.2100257042669,732.502549138384,792.5459548440127,1054.044517659794,779.4131515472999,801.8605995858592,787.9948662706349,0.0,81.46815838817187,81.46815838817187,60.0,0.0,60.0,60.0,12.0,12.0,12.0,19.0,12.0,12.0,21.0,10.0,0.0,0.0,0.0,0.0,0.0,0.0,0.0,0.0,0.0,0.0,0.0,0.0,0.0,81.46815838817187,81.46815838817187,0.0,0.0,0.0,81.46815838817187,0.0,0.0,0.00135 
 03/26  23:30:00,2.9850000000000005,91.5,0.97,0.0,0.0,0.0,0.0,0.0,2.0,0.0,0.0,0.0,0.0,0.0,0.0,2271.0,0.0,0.0,0.0,0.0,0.0,0.0,0.0,0.0,0.0,0.0,0.0,20.08451445706622,-158.08039245777486,19.979253548142855,-290.4142740828618,19.95282601829922,-273.41170475092459,19.65148435579517,-214.62425257644174,15.784494815127657,14.091739810670859,18.461066675499909,-32.57906140683469,17.240515356698823,8.464404820581873,15.700694961657746,-102.86819891988054,17.629140271360038,-109.09852955733652,677.5823848232917,796.5258609928828,0.0,0.0,0.0,0.0,0.0,0.0,0.0,0.0,0.0,0.0,0.0,0.0,0.0,0.0,0.0,0.0,0.0,0.0,0.0,0.0,0.0,0.0,1.7770506589738507,0.5424452560970239,152.4854536602918,180.90997937621786,5161.117452274848,0.32995907837733176,0.05036005469739494,72.60493173715875,86.15735405548358,2461.6868807438797,3.164257641812908,0.5979322830334293,190.62214403669533,226.06027283786779,6456.403895179489,0.33920205580661796,0.06409713828545309,110.44414035684867,130.99998892854885,3699.1948641446167,0.0,0.0,10.203743308400876,12.272935772626383,266.01534741163138,0.0,0.0,11.412928528123125,13.59325639171563,359.62157484644788,0.0,0.0,145.25668007225986,173.8447916659673,4204.5618500933419,0.0,0.0,41.216609618189028,49.61343870798241,1055.3259341990986,0.0,0.0,115.8449606849676,138.45935335579285,3439.3001451632578,33.38328287971978,22.89662748951974,197.9975535983954,236.19031353128035,7002.796235609392,0.0,0.0,106.16300369231063,128.43994738407819,2431.819623820902,0.0,19.75053875778292,35.0803808433557,21.999999999999994,29.99999999999999,0.0,19.884291189521524,34.3017962118808,11.999999999999995,29.99999999999999,0.0,19.72691747769406,35.02770286756088,21.999999999999994,29.99999999999999,0.0,19.718254139017235,34.89916001927248,11.999999999999995,29.99999999999999,0.0,15.823430441478365,46.509232304890449,11.999999999999995,29.99999999999999,0.0,18.659226391345699,38.99540757236968,11.999999999999995,29.99999999999999,0.0,17.315503939256158,41.82211757527942,9.999999999999997,29.99999999999999,0.0,15.583076241128545,47.36573989148387,11.999999999999995,29.99999999999999,0.0,17.699409449936114,41.039485570982119,19.999999999999994,29.99999999999999,0.0,17.931807686175625,0.0,0.0,0.0,14.176069333780191,0.0,0.0,713.8423551044048,687.7972565625933,704.4642397010507,695.0280064353676,787.6308782458774,1067.343642572448,763.9763562823528,796.4426147817583,774.9545038405433,0.0,81.46815838817182,81.46815838817182,59.99999999999998,0.0,59.99999999999998,59.99999999999998,12.0,12.0,12.0,19.0,12.0,12.0,21.0,10.0,0.0,0.0,0.0,0.0,0.0,0.0,0.0,0.0,0.0,0.0,0.0,0.0,0.0,81.46815838817182,81.46815838817182,0.0,0.0,0.0,81.46815838817182,0.0,0.0,0.00135 
 03/26  23:40:00,2.986666666666667,91.33333333333334,0.8433333333333334,0.0,0.0,0.0,0.0,0.0,2.0,0.0,0.0,0.0,0.0,0.0,0.0,1514.0,0.0,0.0,0.0,0.0,0.0,0.0,0.0,0.0,0.0,0.0,0.0,19.884114299865787,-76.80025064643248,19.779459673051919,-180.73187845072747,19.675431447544953,-363.51269918776009,19.47334135817058,-1.1132911643914314,15.759897149024213,11.685263760305336,18.411998402077374,-31.25633914069105,17.216895234863395,30.367466748085467,15.592248531862545,-113.13910187061063,17.482343525462839,-70.36927015449536,440.24303052495397,682.6514677091625,0.0,0.0,0.0,0.0,0.0,0.0,0.0,0.0,0.0,0.0,0.0,0.0,0.0,0.0,0.0,0.0,0.0,0.0,0.0,0.0,0.0,0.0,1.748746115257746,0.5338052854877127,95.49995411021564,113.40960045111399,3223.007027522877,0.3281341626952605,0.05008152666289082,54.52597025453591,64.83089202281107,1821.6600185080807,3.071501525527446,0.5804046722463054,106.04643735534978,125.89525238425967,3551.078376833184,0.3383721450080226,0.06394031462736633,63.39411821626629,75.12775656286637,2104.25365628514,0.0,0.0,9.793904785732308,11.772641124152189,254.67061354336247,0.0,0.0,11.086162379662749,13.196718515177614,348.11856464979726,0.0,0.0,125.5806230779981,150.1983248829936,3631.8047632445525,0.0,0.0,41.20691158339022,49.59392920267224,1041.8549823728095,0.0,0.0,98.1642861631727,117.31949443535339,2878.3057260211737,32.9473201716767,22.597613286472375,93.31180699170543,111.60131599064255,3622.8669020240224,0.0,0.0,88.66951809901294,107.30865297854425,1978.956373462538,0.0,19.533940646349387,35.33642089436737,22.000000000000008,30.00000000000001,0.0,19.60072918464828,34.57210512077263,12.000000000000004,30.00000000000001,0.0,19.340875510757379,35.20938690271461,22.000000000000008,30.00000000000001,0.0,19.47312326751014,35.36198690370124,12.000000000000004,30.00000000000001,0.0,15.789690547849073,46.41570601316933,12.000000000000004,30.00000000000001,0.0,18.6028841017844,38.95984377859337,12.000000000000004,30.00000000000001,0.0,17.30484043828519,41.40143850777366,10.000000000000004,30.00000000000001,0.0,15.41897480233214,47.65454899718958,12.000000000000004,30.00000000000001,0.0,17.51069216763519,41.26920503863576,20.000000000000008,30.00000000000001,0.0,17.172464992201524,0.0,0.0,0.0,13.88066329538239,0.0,0.0,702.7602874637612,669.0825644857204,669.0019521370555,693.0511883542108,779.6950434001792,1075.8343117878658,743.224369389993,789.6519571088179,762.574614045255,0.0,81.46815838817189,81.46815838817189,60.00000000000002,0.0,60.00000000000002,60.00000000000002,12.0,12.0,12.0,19.0,12.0,12.0,21.0,10.0,0.0,0.0,0.0,0.0,0.0,0.0,0.0,0.0,0.0,0.0,0.0,0.0,0.0,81.46815838817189,81.46815838817189,0.0,0.0,0.0,81.46815838817189,0.0,0.0,0.0013499999999999999 
 03/26  23:50:00,2.9883333333333339,91.16666666666667,0.7166666666666666,0.0,0.0,0.0,0.0,0.0,2.0,0.0,0.0,0.0,0.0,0.0,0.0,2271.0,0.0,0.0,0.0,0.0,0.0,0.0,0.0,0.0,0.0,0.0,0.0,19.637888797448569,-242.731051740159,19.62678288131991,-292.99934343981036,19.515591491099426,-9.59747361183615,19.33009374876795,-148.4975591744215,15.736748051342407,8.811334494587893,18.372258320482808,-24.601266096121358,17.270787707222536,106.37924080298271,15.492008858574643,-139.66693368484375,17.390974992234584,-41.050540273346047,477.2215559300983,509.5991421343436,0.0,0.0,0.0,0.0,0.0,0.0,0.0,0.0,0.0,0.0,0.0,0.0,0.0,0.0,0.0,0.0,0.0,0.0,0.0,0.0,0.0,0.0,1.728869879080601,0.5277380583274123,155.2661095801845,184.72396017852538,5100.8990126625189,0.31573068269474266,0.04818844363472877,84.13859264018356,100.0722802874226,2770.838360453878,3.098566227291178,0.5855189393974266,99.00275627364846,117.91477637369175,3314.554659850256,0.32969463441606597,0.062300573396837897,37.41139432692755,44.58276449823831,1228.6073739424592,0.0,0.0,9.133940029504565,10.988215822151222,236.94244701653049,0.0,0.0,10.272728656126223,12.239553272810995,321.7355929914836,0.0,0.0,95.23088676098479,113.94019937397479,2776.9611036394037,0.0,0.0,42.73059785226558,51.48734626199038,1068.0251226157794,0.0,0.0,64.2828267848705,76.93388686695438,1872.7399487671726,32.55580757850675,22.329086130663094,136.37219129335808,163.28977301254296,4932.137030943852,0.0,0.0,62.762858545241588,76.10757688444848,1357.4343989067202,0.0,19.182642301145039,35.12310288447,22.000000000000019,30.00000000000002,0.0,19.38913451586715,34.61885291930297,12.00000000000001,30.00000000000002,0.0,19.19988836599982,35.72541777010745,22.000000000000019,30.00000000000002,0.0,19.24542334435884,35.185340443566349,12.00000000000001,30.00000000000002,0.0,15.761361385290137,46.24089913620492,12.00000000000001,30.00000000000002,0.0,18.563983703672997,38.834359123739719,12.00000000000001,30.00000000000002,0.0,17.439425444616729,40.33468527105222,10.000000000000007,30.00000000000002,0.0,15.27444218325015,47.83921579683658,12.00000000000001,30.00000000000002,0.0,17.414815669758114,41.13633190732473,20.000000000000015,30.00000000000002,0.0,17.248942029019529,0.0,0.0,0.0,13.526437499273478,0.0,0.0,647.599850053035,644.3452959822541,682.4758374365284,655.3310409093331,769.1136533296291,1078.8239530157508,707.6123971604122,781.772044130026,744.6847162620431,0.0,81.46815838817192,81.46815838817192,60.00000000000004,0.0,60.00000000000004,60.00000000000004,12.0,12.0,12.0,19.0,12.0,12.0,21.0,10.0,0.0,0.0,0.0,0.0,0.0,0.0,0.0,0.0,0.0,0.0,0.0,0.0,0.0,81.46815838817192,81.46815838817192,0.0,0.0,0.0,81.46815838817192,0.0,0.0,0.00133 
 03/26  24:00:00,2.99,91.0,0.59,0.0,0.0,0.0,0.0,0.0,2.0,0.0,0.0,0.0,0.0,0.0,0.0,3028.0,0.0,0.0,0.0,0.0,0.0,0.0,0.0,0.0,0.0,0.0,0.0,19.50022926570938,-175.96274124357809,19.489925486240908,-198.537459822759,19.40992768266279,-184.47044264889309,19.227663383318047,-196.17583367475673,15.712662366742994,8.464024577646257,18.33614153953112,-21.944317010399446,17.317557661109765,82.08455327247089,15.380409516218795,-155.08839212001437,17.315126571244265,-54.99846444031854,465.56901485544759,521.6694939596459,0.0,0.0,0.0,0.0,0.0,0.0,0.0,0.0,0.0,0.0,0.0,0.0,0.0,0.0,0.0,0.0,0.0,0.0,0.0,0.0,0.0,0.0,1.7223791608834938,0.5257567646164512,135.04577615606307,160.7531916125995,4404.768421479388,0.32023594773857658,0.04887606039966066,49.115735634582538,58.547974929054209,1606.5367275456106,3.042852314020273,0.5749909890438916,112.97314220434549,134.26238615617275,3738.5042908938987,0.3237442369567303,0.061176159666804657,68.69661051376778,81.65111801778169,2225.498064533227,0.0,0.0,8.916466331780223,10.730682939161916,230.76248923607379,0.0,0.0,9.841625983432732,11.730411093947213,307.5353068414182,0.0,0.0,103.62761716745178,123.92792049757425,3042.9000299322808,0.0,0.0,44.745482293739858,53.9631874497698,1104.037458547837,0.0,0.0,28.172099113900246,33.69520725971524,815.6764419759334,32.33472644760556,22.17745298189682,126.55176234156673,151.4680706169674,4563.051616705559,0.0,0.0,61.2312076079258,74.28380666650276,1306.473959178933,0.0,19.072871760292477,35.25137699018799,22.0,30.0,0.0,19.225218030215978,34.53994305762015,12.0,30.0,0.0,19.10435445623289,35.33987826991044,22.0,30.0,0.0,19.12551271566534,35.12748451793905,12.0,30.0,0.0,15.733440427132154,45.90426102885259,12.0,30.0,0.0,18.530196804751367,38.60475654040441,12.0,30.0,0.0,17.541571156223314,39.754478434438968,10.0,30.0,0.0,15.112997995321408,47.794163661468477,12.0,30.0,0.0,17.33562717616242,41.02864568404734,20.0,30.0,0.0,17.12650845871532,0.0,0.0,0.0,13.390327671185926,0.0,0.0,641.6846667977228,620.2232976341265,650.5179604005763,639.5933650259868,751.6451098916622,1079.3040144527616,692.6102896615246,762.6528116463637,730.7160385474608,0.0,81.46815838817186,81.46815838817186,60.0,0.0,60.0,60.0,12.0,12.0,12.0,19.0,12.0,12.0,21.0,10.0,0.0,0.0,0.0,0.0,0.0,0.0,0.0,0.0,0.0,0.0,0.0,0.0,0.0,81.46815838817186,81.46815838817186,0.0,0.0,0.0,81.46815838817186,0.0,0.0,0.0013100000000000002 
 03/27  00:10:00,2.951666666666667,91.33333333333334,0.625,0.0,0.0,0.0,0.0,0.0,2.0,2.0,0.0,0.0,0.0,0.0,0.0,1514.0,0.0,0.0,0.0,0.0,0.0,0.0,0.0,0.0,0.0,0.0,0.0,19.388950343741536,-26.399155631022724,19.344734948362306,-334.39698649681079,19.252179602594454,-207.9544739932354,19.11387018224262,-14.39719612577126,15.686981934651792,7.966503054989971,18.29577856831895,-19.110840403962386,17.296496420152914,59.1745847765651,15.27432239057821,-148.93788018382623,17.279130105847558,-81.3823306454322,380.9085557768617,556.546844435257,0.0,0.0,0.0,0.0,0.0,0.0,0.0,0.0,0.0,0.0,0.0,0.0,0.0,0.0,0.0,0.0,0.0,0.0,0.0,0.0,0.0,0.0,1.7121683232526804,0.522639903312784,122.52390408780933,145.75499193774929,3997.243469434971,0.3195905360543513,0.048777554342849718,82.2222160703192,97.8234347300523,2661.982900638194,3.0219103521824639,0.5710337022264673,47.971285324547078,57.0193954078377,1629.450726693176,0.32439205186604105,0.061298573670831617,27.42293625107446,32.55781189741583,893.6359689164476,0.0,0.0,8.665440709948922,10.41915010702671,224.46044659553193,0.0,0.0,9.584325329684582,11.413592252383053,299.54769660842796,0.0,0.0,89.91540336712828,107.45663692374689,2642.61244649087,0.0,0.0,46.028881672026418,55.48535923091398,1126.3988729563642,0.0,0.0,13.941378196822497,16.670263107475799,404.23156682932827,32.24029792074518,22.112687188439776,86.32743056016051,103.43343365764926,3325.60125953653,0.0,0.0,64.60800091356978,78.32325083221486,1380.0341274113749,0.0,19.000877578098217,35.129334413158009,22.0,30.0,0.0,19.028469965499203,34.4885198480458,12.0,30.0,0.0,18.915820700226399,35.23836330568261,22.0,30.0,0.0,19.001625241523806,35.107235521313118,12.0,30.0,0.0,15.703756363107765,45.531653748640639,12.0,30.0,0.0,18.491120570744337,38.36880884539594,12.0,30.0,0.0,17.514612189617276,39.424702294689,10.0,30.0,0.0,14.967473013724579,47.54333885015339,12.0,30.0,0.0,17.30796647302502,41.03767787817455,20.0,30.0,0.0,16.845060414882718,0.0,0.0,0.0,13.36508248307343,0.0,0.0,626.8732107311212,594.3984377328869,623.4287490252821,626.384581276679,732.7139069217092,1079.598054039603,674.4673099195978,735.1785762625966,799.0116416025204,0.0,81.46815838817186,81.46815838817186,60.0,0.0,60.0,60.0,12.0,12.0,12.0,19.0,12.0,12.0,21.0,10.0,0.0,0.0,0.0,0.0,0.0,0.0,0.0,0.0,0.0,0.0,0.0,0.0,0.0,81.46815838817186,81.46815838817186,0.0,0.0,0.0,81.46815838817186,0.0,0.0,0.00129 
 03/27  00:20:00,2.9133333333333337,91.66666666666667,0.66,0.0,0.0,0.0,0.0,0.0,2.0,2.0,0.0,0.0,0.0,0.0,0.0,2271.0,0.0,0.0,0.0,0.0,0.0,0.0,0.0,0.0,0.0,0.0,0.0,19.22225685753196,-218.6940840644043,19.243133663127347,-194.22400097299704,19.13888578088244,-107.08476345714912,19.004278661904068,-201.1320404451243,15.663137685937038,7.143693785347084,18.258776544107599,-18.204725314480674,17.249007592537966,37.6322834205601,15.1945634018,-150.33992059844918,17.269219335511303,-57.826069651934179,499.2198883079625,540.4401363637716,0.0,0.0,0.0,0.0,0.0,0.0,0.0,0.0,0.0,0.0,0.0,0.0,0.0,0.0,0.0,0.0,0.0,0.0,0.0,0.0,0.0,0.0,1.7070949586324127,0.5210912572138011,146.32635731161452,174.25782349612244,4716.3557730144179,0.31610092965340449,0.04824495263330348,54.5413458455767,64.93362969455383,1755.5525171565203,3.006517956143253,0.5681250861948702,113.64467269453495,135.30388716690255,3722.963740214779,0.32014489442842927,0.0604960117967553,59.06347820555415,70.31297643221555,1894.375502458724,0.0,0.0,8.539890928662519,10.276012602056042,221.42637938085375,0.0,0.0,9.610051331371079,11.452925343903856,300.43986835951736,0.0,0.0,86.81179079495816,103.84844705614037,2545.4517947028896,0.0,0.0,47.22434362443537,56.98518074913827,1150.4902505592625,0.0,0.0,11.817155458569822,14.13941238633888,343.9390317226897,32.14800082442852,22.049383281501045,151.51323540051633,181.43734161343759,5279.038165832025,0.0,0.0,62.14953293385662,75.42413416272922,1320.2173283183248,0.0,18.766411723533087,35.03413268700018,21.999999999999994,29.99999999999999,0.0,18.93954821423965,34.55238512013806,11.999999999999995,29.99999999999999,0.0,18.81433365112092,35.25223871382149,21.999999999999994,29.99999999999999,0.0,18.83882739507148,34.98472617317837,11.999999999999995,29.99999999999999,0.0,15.67902005906685,45.19066693060275,11.999999999999995,29.99999999999999,0.0,18.458201941122846,38.14954308734949,11.999999999999995,29.99999999999999,0.0,17.44031873159332,39.02723074657172,9.999999999999997,29.99999999999999,0.0,14.873255366953967,47.220339853150729,11.999999999999995,29.99999999999999,0.0,17.328036275666717,40.88957208139341,19.999999999999994,29.99999999999999,0.0,17.159957938287147,0.0,0.0,0.0,13.266934514717854,0.0,0.0,593.9817377199363,587.7225277898826,613.7552445200117,604.4957655541892,715.7279837853216,1078.735252159625,646.7227922533051,710.8862542340355,860.8315823012313,0.0,81.46815838817182,81.46815838817182,59.99999999999998,0.0,59.99999999999998,59.99999999999998,12.0,12.0,12.0,19.0,12.0,12.0,21.0,10.0,0.0,0.0,0.0,0.0,0.0,0.0,0.0,0.0,0.0,0.0,0.0,0.0,0.0,81.46815838817182,81.46815838817182,0.0,0.0,0.0,81.46815838817182,0.0,0.0,0.0012933333333333335 
 03/27  00:30:00,2.875,92.0,0.6950000000000001,0.0,0.0,0.0,0.0,0.0,2.0,2.0,0.0,0.0,0.0,0.0,0.0,1514.0,0.0,0.0,0.0,0.0,0.0,0.0,0.0,0.0,0.0,0.0,0.0,19.08637320503683,-186.66763106708505,19.134443479078564,-197.08837669256685,19.059763769611377,-99.90573329844153,18.909546975632176,-109.22470872798043,15.636366232531792,6.826383001912205,18.218197974675556,-18.672794553470739,17.189185480462024,36.59358117841566,15.11295711958902,-150.81945691194279,17.266906695152703,-47.835345872970098,437.3715912626344,532.6334344410582,0.0,0.0,0.0,0.0,0.0,0.0,0.0,0.0,0.0,0.0,0.0,0.0,0.0,0.0,0.0,0.0,0.0,0.0,0.0,0.0,0.0,0.0,1.6983079398055419,0.5184090170346587,147.69785039058969,175.89490284593917,4731.318062223088,0.3175205967841206,0.048461629545805958,85.11213426036108,101.36070187640496,2728.3735373343677,2.9876390129284919,0.5645576366078029,60.05903962095732,71.42648051779824,2010.5152721170614,0.31897774694683136,0.06027546238602253,31.054891409208389,36.90809581730568,996.2852776340137,0.0,0.0,8.593144918198995,10.333765685681503,222.98991232063998,0.0,0.0,9.638504454460432,11.480899870081008,301.3481116868402,0.0,0.0,85.57896382632825,102.33182896031549,2501.661193743273,0.0,0.0,47.65146085913193,57.48250384374676,1155.468287713023,0.0,0.0,13.006078727498182,15.545659801692093,380.2857060669503,32.042137353064209,21.97677459057902,117.28310986782035,140.4748709430648,4230.653376847868,0.0,0.0,60.81829826087326,73.78219143353995,1284.692231986213,0.0,18.627224466003335,35.1396343827156,22.0,30.0,0.0,18.812234776587056,34.72976458962346,12.0,30.0,0.0,18.76141812881771,35.09533493133442,22.0,30.0,0.0,18.743983507927866,34.889906133207208,12.0,30.0,0.0,15.649532852196354,44.749468787497907,12.0,30.0,0.0,18.418158324251104,37.840488094515169,12.0,30.0,0.0,17.35362396336319,38.896032284618268,10.0,30.0,0.0,14.77446226696808,46.980893352425,12.0,30.0,0.0,17.35585138431804,40.54446797023655,20.0,30.0,0.0,16.912433288764278,0.0,0.0,0.0,13.166981747469596,0.0,0.0,583.6783202011641,583.067035408849,602.9728959592796,594.4477409910583,694.0499182691667,1071.421783577557,629.898755202512,692.1139679007179,901.5182660975195,0.0,81.46815838817186,81.46815838817186,60.0,0.0,60.0,60.0,12.0,12.0,12.0,19.0,12.0,12.0,21.0,10.0,0.0,0.0,0.0,0.0,0.0,0.0,0.0,0.0,0.0,0.0,0.0,0.0,0.0,81.46815838817186,81.46815838817186,0.0,0.0,0.0,81.46815838817186,0.0,0.0,0.0012966666666666667 
 03/27  00:40:00,2.836666666666667,92.33333333333334,0.73,0.0,0.0,0.0,0.0,0.0,2.0,2.0,0.0,0.0,0.0,0.0,0.0,2271.0,0.0,0.0,0.0,0.0,0.0,0.0,0.0,0.0,0.0,0.0,0.0,19.00784731275559,-54.175270102174319,19.041242110730779,-256.13340087098177,18.92990330262088,-214.5375003759711,18.821713164133283,-101.28345473675843,15.610904632290005,5.696676900899057,18.179167866447544,-18.14710285904068,17.130516971040835,18.572804198035109,15.040752496964448,-154.2167600167848,17.252415887762866,-52.62344978636354,449.7600007879426,534.990304016737,0.0,0.0,0.0,0.0,0.0,0.0,0.0,0.0,0.0,0.0,0.0,0.0,0.0,0.0,0.0,0.0,0.0,0.0,0.0,0.0,0.0,0.0,1.6841355674862114,0.5140828960580623,125.75054557801798,149.97686162025139,4032.636384828921,0.3129043777426744,0.04775707841005411,76.37152914152479,91.07875619916868,2441.0067194893938,2.964838887585174,0.5602492228996931,94.20358782693809,112.2916576950073,3075.3413600151309,0.31679756509633708,0.05986348546793974,70.10904040605934,83.49879568416198,2231.841291503149,0.0,0.0,8.485348784141653,10.211952290563886,220.38777173737936,0.0,0.0,9.682591981849498,11.542398484433184,302.74986516115566,0.0,0.0,83.73439999961735,100.2173174099621,2440.592713816407,0.0,0.0,48.16751522807182,58.15962052257685,1163.9520020276657,0.0,0.0,15.213886295312815,18.198297244286147,445.93796445258206,31.90845433151366,21.88508527538661,141.2993055387258,169.39162705149526,4953.0388568885459,0.0,0.0,61.224531002028857,74.34103134468032,1289.0495760675993,0.0,18.6017170312645,35.10997781989568,22.000000000000008,30.00000000000001,0.0,18.70928901450695,34.625788188495558,12.000000000000006,30.00000000000001,0.0,18.598611008264574,35.03425654172697,22.000000000000008,30.00000000000001,0.0,18.643121702654907,34.9846175319821,12.000000000000006,30.00000000000001,0.0,15.623492037668754,44.39631655505293,12.000000000000006,30.00000000000001,0.0,18.381664472612056,37.57731849948282,12.000000000000006,30.00000000000001,0.0,17.27125052369682,38.78864736527599,10.000000000000004,30.00000000000001,0.0,14.693608814464298,46.72978900383547,12.000000000000006,30.00000000000001,0.0,17.356297542969718,40.180938397679,20.000000000000008,30.00000000000001,0.0,16.904221078370467,0.0,0.0,0.0,13.09396204958712,0.0,0.0,580.8722835827404,565.8542023588858,581.6662770902144,588.3743669865755,677.2511348936971,1060.8936474914556,617.6776645919169,680.8201796378633,906.0881351530949,0.0,81.46815838817189,81.46815838817189,60.00000000000002,0.0,60.00000000000002,60.00000000000002,12.0,12.0,12.0,19.0,12.0,12.0,21.0,10.0,0.0,0.0,0.0,0.0,0.0,0.0,0.0,0.0,0.0,0.0,0.0,0.0,0.0,81.46815838817189,81.46815838817189,0.0,0.0,0.0,81.46815838817189,0.0,0.0,0.0013000000000000002 
 03/27  00:50:00,2.798333333333333,92.66666666666666,0.765,0.0,0.0,0.0,0.0,0.0,2.0,2.0,0.0,0.0,0.0,0.0,0.0,1514.0,0.0,0.0,0.0,0.0,0.0,0.0,0.0,0.0,0.0,0.0,0.0,18.896314137805747,-179.85198194673149,18.969900785605938,-167.81156643306589,18.844623753438996,-133.22537886857959,18.744126275829005,-98.95484689696969,15.58292195576998,5.873919009554669,18.135861113695076,-19.74350254381301,17.07950981162199,28.670249190776305,14.967052245501306,-152.88762190147623,17.230158268149773,-55.2759455747742,420.529156115213,539.7419009481707,0.0,0.0,0.0,0.0,0.0,0.0,0.0,0.0,0.0,0.0,0.0,0.0,0.0,0.0,0.0,0.0,0.0,0.0,0.0,0.0,0.0,0.0,1.6785602500466595,0.5123810287077716,108.48484451929218,129.22979984897206,3466.1493362314429,0.31440279524755745,0.047985774610433077,62.33677445533042,74.29200543171953,1991.238846330206,2.9656672591655246,0.5604057557002127,74.75129467860976,89.0136573709733,2455.3614123929,0.32024998953275798,0.0605158710379361,73.39870438916748,87.38117945402428,2333.2780608216737,0.0,0.0,8.640466351064358,10.392937025939837,224.59027455380056,0.0,0.0,9.67871895975023,11.532017385543039,302.5571209849694,0.0,0.0,85.00731808814867,101.69645784079015,2473.7936174021226,0.0,0.0,48.52363182008263,58.56803429174161,1168.3970976472543,0.0,0.0,16.145645266613255,19.30206653364249,474.05133553727219,31.891667846528386,21.873571911199176,112.07648385008645,134.34433914762799,4045.8198819679776,0.0,0.0,61.55861748908458,74.71512090050793,1292.6193990357902,0.0,18.47023699965738,35.08278455856811,22.0,30.0,0.0,18.65769059908856,34.55109950269137,12.0,30.0,0.0,18.53672833594826,35.071161105435439,22.0,30.0,0.0,18.556399211897586,35.004977262854939,12.0,30.0,0.0,15.593323320269704,44.04226333853855,12.0,30.0,0.0,18.336747548449155,37.293678820856907,12.0,30.0,0.0,17.206347181588354,38.70864065135804,10.0,30.0,0.0,14.609240697955658,46.638088003858687,12.0,30.0,0.0,17.341545253274938,39.77923152536537,20.0,30.0,0.0,16.714428233781903,0.0,0.0,0.0,13.025320447392474,0.0,0.0,564.4397790594627,557.1042031331507,578.3207306817074,582.3687416144469,661.5193743474506,1046.586920353967,609.1648881406111,677.8509790014605,898.316807960362,0.0,81.46815838817186,81.46815838817186,60.0,0.0,60.0,60.0,12.0,12.0,12.0,19.0,12.0,12.0,21.0,10.0,0.0,0.0,0.0,0.0,0.0,0.0,0.0,0.0,0.0,0.0,0.0,0.0,0.0,81.46815838817186,81.46815838817186,0.0,0.0,0.0,81.46815838817186,0.0,0.0,0.0013 
 03/27  01:00:00,2.76,93.0,0.8,0.0,0.0,0.0,0.0,0.0,2.0,2.0,0.0,0.0,0.0,0.0,0.0,1514.0,0.0,0.0,0.0,0.0,0.0,0.0,0.0,0.0,0.0,0.0,0.0,18.70491161981392,-110.36354587190908,18.894314030115184,-318.54691825753209,18.651649838810337,-206.66648621398964,18.65929478531663,-221.40593280869326,15.554983034708432,4.010701510721262,18.09143635172022,-20.254023680891664,17.014747073020517,-8.133685449174664,14.896946157811258,-156.25342090281345,17.203322723676658,-56.49135785028716,626.8204203336145,536.0801165876161,0.0,0.0,0.0,0.0,0.0,0.0,0.0,0.0,0.0,0.0,0.0,0.0,0.0,0.0,0.0,0.0,0.0,0.0,0.0,0.0,0.0,0.0,1.6627323756386168,0.5075495652132529,290.49772945099417,346.2758723885543,9084.114464840026,0.3031135145190532,0.046262746416216918,233.81848614428407,278.38405877914905,7427.058840841118,2.9123553721200157,0.5503317029705248,226.85923088182126,270.4509816234439,7153.326723499973,0.3082700360395314,0.05825208541941257,207.15014258346259,246.76178510373203,6534.031271211648,0.0,0.0,8.383251831301651,10.087147040699272,218.07125666198736,0.0,0.0,10.698592508205597,12.749866569669138,334.292267717635,0.0,0.0,80.25108610951057,96.05738688872217,2328.530329016393,0.0,0.0,48.56567303466256,58.6351866006443,1165.6949269037846,0.0,0.0,18.771884955368074,22.443248417825865,551.7277977575872,31.773686517250604,21.79265193227065,420.6783744084594,502.9977496533611,13320.00124102749,0.0,0.0,61.436339560648409,74.58660780477533,1285.6316322450676,0.0,18.20560601553082,35.50228157217775,22.0,30.0,0.0,18.581968130857378,34.48182865484678,12.0,30.0,0.0,18.249700467202119,35.48806487334785,22.0,30.0,0.0,18.45044787621659,34.89423548603504,12.0,30.0,0.0,15.563786770240299,43.678161024926648,12.0,30.0,0.0,18.29018023917544,37.009556837318928,12.0,30.0,0.0,17.114697107989089,38.533625072329559,10.0,30.0,0.0,14.530901622470058,46.358133372093949,12.0,30.0,0.0,17.317992238563315,39.355499187825518,20.0,30.0,0.0,17.37326615676009,0.0,0.0,0.0,12.949801845533676,0.0,0.0,559.0238450904794,548.8626633748568,570.6206177546526,563.633906983614,647.7209096604379,1023.1967631880606,599.2478514384272,674.4690387019696,878.6751158630343,0.0,81.46815838817186,81.46815838817186,60.0,0.0,60.0,60.0,12.0,12.0,12.0,19.0,12.0,12.0,21.0,10.0,0.0,0.0,0.0,0.0,0.0,0.0,0.0,0.0,0.0,0.0,0.0,0.0,0.0,81.46815838817186,81.46815838817186,0.0,0.0,0.0,81.46815838817186,0.0,0.0,0.0013 
 03/27  01:10:00,2.7466666666666668,93.33333333333333,0.9666666666666668,0.0,0.0,0.0,0.0,0.0,2.0,2.0,0.0,0.0,0.0,0.0,0.0,3028.0,0.0,0.0,0.0,0.0,0.0,0.0,0.0,0.0,0.0,0.0,0.0,18.72829044534758,-125.40123271584821,18.735952592057904,-229.58055095549674,18.631833584499998,-125.93281844503383,18.527508231260986,-109.90017643974295,15.527174410061783,4.183249017325792,18.050890618170905,-21.518319578524897,16.938863520272077,9.377842589183502,14.834999979073505,-154.9414429290468,17.175675696566676,-61.2371519431926,485.7517014385053,536.488616399417,0.0,0.0,0.0,0.0,0.0,0.0,0.0,0.0,0.0,0.0,0.0,0.0,0.0,0.0,0.0,0.0,0.0,0.0,0.0,0.0,0.0,0.0,1.651719699514307,0.5041879424646848,160.09475191709243,191.07333720087639,5068.380083757573,0.3036139838721776,0.04633913062762173,109.49084168345948,130.68846224393139,3446.0090372657689,2.8968173916859727,0.5473955766602369,115.06909067635972,137.3073790716184,3690.307767930946,0.3126187013428467,0.059073828674007299,92.15046249646393,110.02258925243865,2885.8121830061666,0.0,0.0,8.480491487213279,10.212648316743913,220.3201998914252,0.0,0.0,10.313762039512746,12.304460852852343,321.80328462597989,0.0,0.0,81.58060523632486,97.75616225208342,2351.4574287365078,0.0,0.0,48.564025120991789,58.70341202453831,1161.0035394687084,0.0,0.0,18.652111131435814,22.325030773891624,547.7676851501021,31.83597310971873,21.83537250323645,184.59715056112572,221.41083924198967,6197.701819527852,0.0,0.0,61.39504677002513,74.62612818393646,1278.332616570548,0.0,18.33541732686471,35.008620396279287,22.0,30.0,0.0,18.378038391314257,34.66237994479046,12.0,30.0,0.0,18.311713476485349,35.15013581941045,22.0,30.0,0.0,18.28996512614784,35.0845063909933,12.0,30.0,0.0,15.535469702149774,43.450749955303027,12.0,30.0,0.0,18.255049032885208,36.756535459772617,12.0,30.0,0.0,17.010524866712289,38.591116483539,10.0,30.0,0.0,14.469791113207421,46.27749026647087,12.0,30.0,0.0,17.294197117294563,39.06656749733334,20.0,30.0,0.0,16.88406402884527,0.0,0.0,0.0,12.884499917233125,0.0,0.0,550.3570226059194,533.9433527107715,560.9673681329966,554.3595432076498,639.6220581137068,1003.6374530998569,594.283981485097,673.5239026285145,866.973803740824,0.0,81.46815838817186,81.46815838817186,60.0,0.0,60.0,60.0,12.0,12.0,12.0,19.0,12.0,12.0,21.0,10.0,0.0,0.0,0.0,0.0,0.0,0.0,0.0,0.0,0.0,0.0,0.0,0.0,0.0,81.46815838817186,81.46815838817186,0.0,0.0,0.0,81.46815838817186,0.0,0.0,0.0013 
 03/27  01:20:00,2.7333333333333336,93.66666666666667,1.1333333333333334,0.0,0.0,0.0,0.0,0.0,2.0,2.0,0.0,0.0,0.0,0.0,0.0,3028.0,0.0,0.0,0.0,0.0,0.0,0.0,0.0,0.0,0.0,0.0,0.0,18.597105379880717,-140.70656729345979,18.65202885688301,-255.87762150107006,18.516948494281615,-186.0374044165934,18.446173642733478,-164.8439215241204,15.498123438883262,3.5897422131264777,18.003108845626345,-22.644200942707358,16.889714241536795,0.12480947349069993,14.768942597050528,-157.1778885019362,17.142106672527878,-63.58504173503724,474.32576033322007,538.4508150335784,0.0,0.0,0.0,0.0,0.0,0.0,0.0,0.0,0.0,0.0,0.0,0.0,0.0,0.0,0.0,0.0,0.0,0.0,0.0,0.0,0.0,0.0,1.6330736286939854,0.49849622365506265,161.78567003354994,193.18460973090533,5069.556478286694,0.3027950633486014,0.04621414275772305,106.75339567181814,127.3919942003263,3346.5069900818868,2.8308481363562785,0.5349297309819123,142.741351836594,170.37957427897053,4510.399981312269,0.30833371443003196,0.05826411837302189,81.32144224402825,97.0847422032542,2537.1581707636089,0.0,0.0,8.45283068447058,10.181265477893966,219.33007989640053,0.0,0.0,10.458817734921132,12.479645395360349,325.63901452814766,0.0,0.0,80.99753097265955,97.08463542945062,2328.028008899781,0.0,0.0,48.739474279452327,58.93242790872486,1159.788243389918,0.0,0.0,19.267563774216656,23.065380075936639,565.078258414491,31.883060512596033,21.86766838998357,188.46329989217242,226.02040653568793,6285.170497034347,0.0,0.0,61.51194304096996,74.78977683493753,1273.823828241308,0.0,18.164996510994859,34.984216257957779,22.0,30.0,0.0,18.298504447963475,34.623533530175738,12.0,30.0,0.0,18.172223614801504,35.1309638333613,22.0,30.0,0.0,18.194751307926759,34.918545098753757,12.0,30.0,0.0,15.505022954555077,43.14260108344324,12.0,30.0,0.0,18.206632405255477,36.503527466308749,12.0,30.0,0.0,16.953893203934596,38.31491189396701,10.0,30.0,0.0,14.399199090936709,46.04793598084933,12.0,30.0,0.0,17.25967873650205,38.7561548865808,20.0,30.0,0.0,16.75809682300749,0.0,0.0,0.0,12.813648495590439,0.0,0.0,530.7533607445541,524.2723836902974,546.2284962483818,534.0101348498467,629.6593093792976,984.4349420893673,580.7916056370423,669.3496455230661,854.8389485249663,0.0,81.46815838817186,81.46815838817186,60.0,0.0,60.0,60.0,12.0,12.0,12.0,19.0,12.0,12.0,21.0,10.0,0.0,0.0,0.0,0.0,0.0,0.0,0.0,0.0,0.0,0.0,0.0,0.0,0.0,81.46815838817186,81.46815838817186,0.0,0.0,0.0,81.46815838817186,0.0,0.0,0.0012833333333333334 
 03/27  01:30:00,2.7199999999999999,94.0,1.3,0.0,0.0,0.0,0.0,0.0,2.0,2.0,0.0,0.0,0.0,0.0,0.0,1514.0,0.0,0.0,0.0,0.0,0.0,0.0,0.0,0.0,0.0,0.0,0.0,18.478124918643738,-242.09068512272234,18.562591377735214,-160.5075881974667,18.48414090971894,-53.143833386065839,18.405945111423955,-112.05583820183183,15.467225113788441,4.0776129504018,17.951873224371988,-23.552904554546758,16.840839453193085,11.761363776956842,14.703748318082912,-153.90984708997156,17.10613154144209,-63.72632235524878,393.7932968449718,543.8409593281913,0.0,0.0,0.0,0.0,0.0,0.0,0.0,0.0,0.0,0.0,0.0,0.0,0.0,0.0,0.0,0.0,0.0,0.0,0.0,0.0,0.0,0.0,1.631453851964138,0.49800178631383948,139.81182653295844,166.8031409799815,4342.620628147942,0.30650757180868218,0.046780764928065047,99.8265649705505,119.06499865345012,3116.7289638478807,2.799798191768499,0.5290623945140778,45.18004281547264,53.7953325026471,1494.334420495798,0.3068944793805987,0.057992154077966488,29.32096268232317,34.91388277922978,918.8930507132011,0.0,0.0,8.596138856272706,10.345089265015876,222.74724796730383,0.0,0.0,10.453093245119993,12.464798533849116,324.703934744461,0.0,0.0,82.12685045014035,98.36190624711486,2354.4582141300859,0.0,0.0,48.80139341812523,58.966867232498717,1156.1231240376984,0.0,0.0,19.491247889849423,23.316048876218475,570.7908061445714,32.007871152289308,21.95327239526016,115.58322024204851,138.57239022058057,4100.12231141866,0.0,0.0,61.59603563571045,74.84129494057072,1269.184962509969,0.0,18.01821195239686,35.16515025664198,22.0,30.0,0.0,18.21220256809186,34.735929453935927,12.0,30.0,0.0,18.202102073836337,34.993933869801107,22.0,30.0,0.0,18.190866036720068,34.7698100637987,12.0,30.0,0.0,15.471384384096542,42.86247415967202,12.0,30.0,0.0,18.152153601437889,36.26757917925482,12.0,30.0,0.0,16.89995455494357,38.3064832599934,10.0,30.0,0.0,14.329876806255902,45.99746001521653,12.0,30.0,0.0,17.22089386339446,38.49620937740238,20.0,30.0,0.0,16.404386245409925,0.0,0.0,0.0,12.746060607959546,0.0,0.0,521.0780049626444,521.4498141195036,547.0182844886545,527.5812724673443,620.1667373133603,964.672580471698,575.3388786633692,665.5024834521055,843.3313733771736,0.0,81.46815838817186,81.46815838817186,60.0,0.0,60.0,60.0,12.0,12.0,12.0,19.0,12.0,12.0,21.0,10.0,0.0,0.0,0.0,0.0,0.0,0.0,0.0,0.0,0.0,0.0,0.0,0.0,0.0,81.46815838817186,81.46815838817186,0.0,0.0,0.0,81.46815838817186,0.0,0.0,0.0012666666666666669 
 03/27  01:40:00,2.7066666666666667,94.33333333333333,1.4666666666666668,0.0,0.0,0.0,0.0,0.0,2.0,2.0,0.0,0.0,0.0,0.0,0.0,2271.0,0.0,0.0,0.0,0.0,0.0,0.0,0.0,0.0,0.0,0.0,0.0,18.417028779814957,5.689171212471143,18.478798730105308,-298.6917936693074,18.36755643050369,-223.52017356621946,18.3335988166155,-105.72432223665803,15.438538054826266,2.8827828923963185,17.904854051105319,-22.733021530009809,16.781708543313849,-13.130443306701192,14.644290440826932,-155.97133037027209,17.07301671274222,-64.83933821165012,453.2924944274572,545.8684150609004,0.0,0.0,0.0,0.0,0.0,0.0,0.0,0.0,0.0,0.0,0.0,0.0,0.0,0.0,0.0,0.0,0.0,0.0,0.0,0.0,0.0,0.0,1.6129246428087974,0.49234573956312535,167.7310957129125,200.37609283731238,5212.590709134984,0.300029144661926,0.04579199399602049,97.10387572701456,115.95625223160164,3017.7769275427738,2.710328991882859,0.5121558941577593,106.45461750375242,127.12260023084265,3367.9301712502426,0.2996089651696422,0.056615450712328489,61.74302160609421,73.67982014413403,1918.4208325673115,0.0,0.0,8.330451949726032,10.033108116423343,215.59730472989686,0.0,0.0,10.733216892393412,12.808807539581708,332.730303041298,0.0,0.0,78.6605297456957,94.2939861311678,2245.8301332733706,0.0,0.0,48.81628438383409,59.03542819443965,1152.0448940099003,0.0,0.0,20.183734534713904,24.162441307612338,590.2745141168812,32.12571363698598,22.0340971447092,161.41493431383229,193.7393888163228,5435.954792928232,0.0,0.0,61.553551997135048,74.85568500559856,1261.4974306573386,0.0,18.026389772131826,35.163851980459607,22.000000000000019,30.00000000000002,0.0,18.116550410563936,34.81640283107454,12.00000000000001,30.00000000000002,0.0,18.04505102360855,35.066140423854537,22.000000000000019,30.00000000000002,0.0,18.11405671274234,34.865009475286807,12.00000000000001,30.00000000000002,0.0,15.442391895545662,42.68562603980447,12.00000000000001,30.00000000000002,0.0,18.106897615530529,36.12086760752052,12.00000000000001,30.00000000000002,0.0,16.826481635827748,38.34086019454752,10.000000000000007,30.00000000000002,0.0,14.270811075771939,45.89199836237602,12.00000000000001,30.00000000000002,0.0,17.187962591192329,38.32680009510071,20.000000000000015,30.00000000000002,0.0,16.55418978781352,0.0,0.0,0.0,12.677321527245859,0.0,0.0,526.9865315489929,512.1687720260306,526.1694972765724,519.8176305815432,613.6602424987318,950.9499163888775,572.7019084428633,660.6385220086809,834.2194416864957,0.0,81.46815838817192,81.46815838817192,60.00000000000004,0.0,60.00000000000004,60.00000000000004,12.0,12.0,12.0,19.0,12.0,12.0,21.0,10.0,0.0,0.0,0.0,0.0,0.0,0.0,0.0,0.0,0.0,0.0,0.0,0.0,0.0,81.46815838817192,81.46815838817192,0.0,0.0,0.0,81.46815838817192,0.0,0.0,0.00125 
 03/27  01:50:00,2.6933333333333335,94.66666666666667,1.6333333333333334,0.0,0.0,0.0,0.0,0.0,2.0,2.0,0.0,0.0,0.0,0.0,0.0,1514.0,0.0,0.0,0.0,0.0,0.0,0.0,0.0,0.0,0.0,0.0,0.0,18.329857660309537,-208.59654890267417,18.418086403703108,-136.56519228815115,18.31244540780816,-87.51299686697758,18.265983542628637,-108.91818946516514,15.407244570454857,3.2998325718949959,17.853070398851103,-24.453054745116959,16.736215755720399,7.08662283421495,14.58058087385975,-155.90159203071495,17.036298712186249,-66.53331324592665,416.6479710693184,550.2824376382919,0.0,0.0,0.0,0.0,0.0,0.0,0.0,0.0,0.0,0.0,0.0,0.0,0.0,0.0,0.0,0.0,0.0,0.0,0.0,0.0,0.0,0.0,1.6106312522038469,0.4916456813809057,121.34716451090609,144.81714513046118,3756.1698704198227,0.30243747437503168,0.04615956568605489,72.3668890075907,86.3671282505187,2248.187650210675,2.697311773509094,0.5096961023259816,72.6395998299763,86.68392539143497,2323.9650064863828,0.3038959790277037,0.057425544033957599,70.5749392773169,84.21003115185977,2187.745655037883,0.0,0.0,8.579324485474445,10.32780070108785,221.72859294548449,0.0,0.0,10.660069390503648,12.716608260871752,329.6710704613273,0.0,0.0,81.84641467424373,98.06945724710809,2331.618821413964,0.0,0.0,49.07530887734484,59.32691975389451,1153.0565854986133,0.0,0.0,20.210218975169164,24.183538695968907,590.0956211583298,32.283097547699487,22.142042213785659,121.95993690313608,146.3817868007461,4255.369492118207,0.0,0.0,61.84331284020755,75.18122539758315,1260.655599859771,0.0,17.911912980983908,35.27760856236834,22.0,30.0,0.0,18.089950103531213,34.84935672269544,12.0,30.0,0.0,18.03001559504715,35.09102364534971,22.0,30.0,0.0,18.04171136494822,34.98721760930137,12.0,30.0,0.0,15.408749315020728,42.52235690716846,12.0,30.0,0.0,18.0524198461708,35.996952124042937,12.0,30.0,0.0,16.77804642356459,38.34074498606489,10.0,30.0,0.0,14.202778499317143,45.87677823761591,12.0,30.0,0.0,17.148020128021913,38.1755401312119,20.0,30.0,0.0,16.34001337966931,0.0,0.0,0.0,12.607202230502617,0.0,0.0,516.1434870801536,511.48302790667187,527.8064087368834,519.9177250545024,607.663155881616,937.5435695307319,568.3787387310434,657.8719052058709,825.6661761689331,0.0,81.46815838817186,81.46815838817186,60.0,0.0,60.0,60.0,12.0,12.0,12.0,19.0,12.0,12.0,21.0,10.0,0.0,0.0,0.0,0.0,0.0,0.0,0.0,0.0,0.0,0.0,0.0,0.0,0.0,81.46815838817186,81.46815838817186,0.0,0.0,0.0,81.46815838817186,0.0,0.0,0.00125 
 03/27  02:00:00,2.68,95.0,1.8,0.0,0.0,0.0,0.0,0.0,2.0,2.0,0.0,0.0,0.0,0.0,0.0,1514.0,0.0,0.0,0.0,0.0,0.0,0.0,0.0,0.0,0.0,0.0,0.0,18.14002671427508,-110.34468736324016,18.354586543602058,-321.1263517982452,18.220538647298509,-126.14015030950123,18.207607241118173,-196.43264979384709,15.376093244051124,1.2928035394679114,17.80169929625409,-23.70259928755104,16.67521043424553,-31.801341760485685,14.516462104751664,-159.62908555945547,17.00030304208688,-65.98296805796406,546.3500062384474,547.9192892895571,0.0,0.0,0.0,0.0,0.0,0.0,0.0,0.0,0.0,0.0,0.0,0.0,0.0,0.0,0.0,0.0,0.0,0.0,0.0,0.0,0.0,0.0,1.6026109026655578,0.4891974672361288,335.92825016047586,401.11195270244027,10209.94491903437,0.2917123899035958,0.04452264803168434,217.02709071662896,258.89299874180656,6697.154739407583,2.545945128400259,0.4810931837491043,138.9279192478267,165.78321449828196,4340.871419038163,0.28783929386082487,0.0543914009563161,133.15840335358409,158.8694847402503,4103.568584455521,0.0,0.0,8.155942214719716,9.822005770470638,210.49142742649748,0.0,0.0,10.934153749071779,13.045107559609545,337.32787622163826,0.0,0.0,76.02091079163688,91.1379112098598,2157.3045907455768,0.0,0.0,48.866231976033329,59.090876386550778,1142.8259668502213,0.0,0.0,22.730122667946654,27.200064618905189,662.6092898135271,32.3384150782858,22.179982906917567,329.66110853969055,395.03502321442337,10260.050677339017,0.0,0.0,61.50089719673493,74.78808581215651,1245.814674888825,0.0,17.644224285733097,35.81473296469575,22.0,30.0,0.0,18.030212647582688,34.87069940296409,12.0,30.0,0.0,17.92470905778781,35.2248530643236,22.0,30.0,0.0,17.985324482790568,34.9626716444012,12.0,30.0,0.0,15.37560711153277,42.370653974175969,12.0,30.0,0.0,17.999363668644607,35.91526153920576,12.0,30.0,0.0,16.698774037623527,38.35337580005023,10.0,30.0,0.0,14.133356027720716,45.760632005192338,12.0,30.0,0.0,17.109857794952914,38.00072869441102,20.0,30.0,0.0,16.721228848583018,0.0,0.0,0.0,12.528919543602239,0.0,0.0,513.1855156362374,503.66533838286878,522.6426487056535,507.9364846087775,601.62703382938,927.8505763106684,564.625170991577,652.5012409730919,809.2190907731783,0.0,81.46815838817186,81.46815838817186,60.0,0.0,60.0,60.0,12.0,12.0,12.0,19.0,12.0,12.0,21.0,10.0,0.0,0.0,0.0,0.0,0.0,0.0,0.0,0.0,0.0,0.0,0.0,0.0,0.0,81.46815838817186,81.46815838817186,0.0,0.0,0.0,81.46815838817186,0.0,0.0,0.00125 
 03/27  02:10:00,2.6733333333333335,95.16666666666667,1.9283333333333333,0.0,0.0,0.0,0.0,0.0,2.0,2.0,0.0,0.0,0.0,0.0,0.0,1514.0,0.0,0.0,0.0,0.0,0.0,0.0,0.0,0.0,0.0,0.0,0.0,18.185703456246267,-152.5876272998753,18.180898448645658,-205.2806861746103,18.116074720175616,-273.16114126303639,18.009718519025819,-196.23978271369743,15.344103644664381,2.0240101611752836,17.75355024440995,-26.735233294391834,16.61022836246878,2.580526133933745,14.452354279396367,-161.57272533253537,16.96505596551308,-71.37283896674029,566.7218510244766,552.7167480106662,0.0,0.0,0.0,0.0,0.0,0.0,0.0,0.0,0.0,0.0,0.0,0.0,0.0,0.0,0.0,0.0,0.0,0.0,0.0,0.0,0.0,0.0,1.5659389255808885,0.47800333503690126,184.46869862130866,220.2641788633859,5661.845019072962,0.2935601776505725,0.04480466691858555,146.93716474315233,175.49244671507695,4478.811776436332,2.632213939903454,0.49739492439596658,278.6638273090407,332.82669949005449,8572.9796657035,0.3037436184415032,0.05739675329582447,191.14849632995203,228.35242472683249,5784.5369385593089,0.0,0.0,8.578575192106552,10.329546628912072,220.9349839151547,0.0,0.0,10.965359351531103,13.086176306746929,337.43293683752736,0.0,0.0,81.79140545775278,98.05858914513725,2308.4911330608385,0.0,0.0,49.454441610238358,59.81878905084211,1150.5068822088252,0.0,0.0,21.653331975418064,25.91919173368921,629.9596702119349,32.518128517241148,22.30324315311465,323.52289011548739,387.737386029577,10115.860400469723,0.0,0.0,62.13718298967766,75.58188308676739,1251.1137471807306,0.0,17.800262238746816,35.41686521216454,22.0,30.0,0.0,17.78964339626846,35.27880784692807,12.0,30.0,0.0,17.79315017566337,35.4280930114047,22.0,30.0,0.0,17.675930472946665,35.57946760050701,12.0,30.0,0.0,15.34154864052853,42.26365157763427,12.0,30.0,0.0,17.951115141273769,35.832176247532817,12.0,30.0,0.0,16.61978016608059,38.44284720405733,10.0,30.0,0.0,14.06366670709668,45.73047490093985,12.0,30.0,0.0,17.072461967746209,37.867959808433379,20.0,30.0,0.0,16.74713124641952,0.0,0.0,0.0,12.460296108065493,0.0,0.0,512.5312256356149,492.8535857814749,515.8751767422142,503.07752995134367,597.1364307801007,915.0559875429476,562.9764167977406,648.6676870797312,799.7009215990671,0.0,81.46815838817186,81.46815838817186,60.0,0.0,60.0,60.0,12.0,12.0,12.0,19.0,12.0,12.0,21.0,10.0,0.0,0.0,0.0,0.0,0.0,0.0,0.0,0.0,0.0,0.0,0.0,0.0,0.0,81.46815838817186,81.46815838817186,0.0,0.0,0.0,81.46815838817186,0.0,0.0,0.00125 
 03/27  02:20:00,2.666666666666667,95.33333333333334,2.0566666666666668,0.0,0.0,0.0,0.0,0.0,2.0,2.0,0.0,0.0,0.0,0.0,0.0,757.0,0.0,0.0,0.0,0.0,0.0,0.0,0.0,0.0,0.0,0.0,0.0,18.160861324693966,-31.90225408765582,18.108004122485775,-275.932010608838,18.039177680572246,-53.60762484358838,17.954501513834175,-194.79101135352085,15.309650121455944,1.6790730404111969,17.698575496439675,-23.011069780343975,16.548140715478014,-21.81367534567653,14.38908349234056,-155.47415862090498,16.924962427753316,-68.60666768584122,505.9804308179682,563.5444190363639,0.0,0.0,0.0,0.0,0.0,0.0,0.0,0.0,0.0,0.0,0.0,0.0,0.0,0.0,0.0,0.0,0.0,0.0,0.0,0.0,0.0,0.0,1.573612531569104,0.48034570560717468,149.66515502540777,178.37184235505399,4620.691402573755,0.2810174787034324,0.04289033557744695,143.48693515388937,171.09463068485236,4358.015365583679,2.5877781674926929,0.4889981420054221,165.43749162480325,197.23424111686007,5101.850284757129,0.29120597092082309,0.05502758331837169,112.10101098505355,133.7059563495777,3390.07715604198,0.0,0.0,8.130849886951405,9.774662571350838,208.95741633449294,0.0,0.0,11.22137375989115,13.370029052495834,344.25202765455136,0.0,0.0,76.85544894534672,92.0065240477718,2158.5880279217828,0.0,0.0,49.49473332379801,59.77245784174081,1145.8167537774733,0.0,0.0,22.200303582468395,26.529882406792877,644.3904218581694,32.55994575981057,22.33192438944484,220.47820107068498,263.9944593738003,7075.425116535718,0.0,0.0,62.148597409359869,75.47576761848629,1244.6176390858014,0.0,17.843789116578607,35.32403174983591,22.0,30.0,0.0,17.718491153113609,35.24940429153236,12.0,30.0,0.0,17.744874426087028,35.599856216085857,22.0,30.0,0.0,17.63998626511295,35.42467170549622,12.0,30.0,0.0,15.302597527181363,42.168228085019389,12.0,30.0,0.0,17.89034588713906,35.777276352904518,12.0,30.0,0.0,16.53762748737738,38.556918531618297,10.0,30.0,0.0,13.995489451269516,45.82732529489475,12.0,30.0,0.0,17.02657239328603,37.79293517192418,20.0,30.0,0.0,16.502500246559067,0.0,0.0,0.0,12.396006868715942,0.0,0.0,512.2629573201441,472.92103314658768,527.8490780360918,473.1691627957883,591.7355419371318,902.114216899162,559.2991418341221,644.4672308357294,793.3993253337766,0.0,81.46815838817186,81.46815838817186,60.0,0.0,60.0,60.0,12.0,12.0,12.0,19.0,12.0,12.0,21.0,10.0,0.0,0.0,0.0,0.0,0.0,0.0,0.0,0.0,0.0,0.0,0.0,0.0,0.0,81.46815838817186,81.46815838817186,0.0,0.0,0.0,81.46815838817186,0.0,0.0,0.0012533333333333334 
 03/27  02:30:00,2.66,95.5,2.185,0.0,0.0,0.0,0.0,0.0,2.0,2.0,0.0,0.0,0.0,0.0,0.0,1514.0,0.0,0.0,0.0,0.0,0.0,0.0,0.0,0.0,0.0,0.0,0.0,17.99005698553345,-164.70163041471279,18.068201623705357,-217.70190800492083,17.974701700595256,-132.01354537527596,17.941651949954549,-98.7619582300897,15.281988136506858,1.2664098286335844,17.654210090980578,-25.271680223267965,16.510668553237737,-18.357132632826735,14.336775786877802,-160.10733746576853,16.89305516015101,-71.00647671746532,494.99668006177128,562.3213848969306,0.0,0.0,0.0,0.0,0.0,0.0,0.0,0.0,0.0,0.0,0.0,0.0,0.0,0.0,0.0,0.0,0.0,0.0,0.0,0.0,0.0,0.0,1.5598971646881992,0.4761590856801585,230.40214558670625,275.2419242937225,6972.8221832257199,0.287448670900759,0.04387189726812561,128.8092315936525,153.78238959593259,3909.3104815514327,2.4577628012343277,0.46442985662024346,104.25575755532423,124.55908730930983,3228.0860766273628,0.29496254613523756,0.055737442580354779,95.49258320857766,114.10933925263348,2900.440713702491,0.0,0.0,8.288300036340012,9.984195623595732,212.65779677810907,0.0,0.0,11.235860445267898,13.41347033732933,343.88660001968176,0.0,0.0,78.22191648589807,93.83272568637395,2193.408520563825,0.0,0.0,49.40235028334824,59.78123066039791,1139.3991592520739,0.0,0.0,22.867329243593994,27.378141893143217,662.5478448961852,32.75396451596989,22.464996238662488,211.5884577486172,253.86427059297774,6781.759288631543,0.0,0.0,62.042697594394187,75.50594276390047,1233.7768594139257,0.0,17.55937615441797,35.8397906818524,22.0,30.0,0.0,17.729183224067677,35.332698151604009,12.0,30.0,0.0,17.683285184146489,35.62110965596254,22.0,30.0,0.0,17.69229811519218,35.508587917044298,12.0,30.0,0.0,15.277540975838236,42.13280698708483,12.0,30.0,0.0,17.850057294582887,35.76923891732139,12.0,30.0,0.0,16.508706644038925,38.56956150261515,10.0,30.0,0.0,13.947570053389974,45.84772940476287,12.0,30.0,0.0,16.99644906384149,37.772801040883098,20.0,30.0,0.0,16.391542946482305,0.0,0.0,0.0,12.320937390500419,0.0,0.0,502.53135325209339,484.4667089506431,514.5760711524845,501.58724755113397,588.8832813861327,895.8261353386375,553.9818035855781,642.0203693940132,788.3236793856177,0.0,81.46815838817186,81.46815838817186,60.0,0.0,60.0,60.0,12.0,12.0,12.0,19.0,12.0,12.0,21.0,10.0,0.0,0.0,0.0,0.0,0.0,0.0,0.0,0.0,0.0,0.0,0.0,0.0,0.0,81.46815838817186,81.46815838817186,0.0,0.0,0.0,81.46815838817186,0.0,0.0,0.0012566666666666668 
 03/27  02:40:00,2.6533333333333335,95.66666666666667,2.3133333333333336,0.0,0.0,0.0,0.0,0.0,2.0,2.0,0.0,0.0,0.0,0.0,0.0,1514.0,0.0,0.0,0.0,0.0,0.0,0.0,0.0,0.0,0.0,0.0,0.0,17.93103439957149,-194.79621483577786,17.900318234470764,-256.95152435884349,17.896186408742424,-215.1748675451122,17.802016309101984,-194.99168111805876,15.249440430554698,0.6549128297890832,17.60506306707417,-27.8995642027337,16.4413633038685,-17.142691014670619,14.273264723120655,-164.17100305127918,16.856443856683499,-74.3149636309933,563.0462507535949,560.3089138447092,0.0,0.0,0.0,0.0,0.0,0.0,0.0,0.0,0.0,0.0,0.0,0.0,0.0,0.0,0.0,0.0,0.0,0.0,0.0,0.0,0.0,0.0,1.549573604983728,0.47300781592909899,247.67882482359583,296.0844681228936,7476.358861008326,0.29111858974724366,0.04443201919219225,179.0865544280503,214.12842865157223,5356.624451326073,2.356161857137509,0.4452308875921221,171.8078371276632,205.28126017910325,5240.000056280805,0.29151659544306077,0.05508628031803868,170.36463796004262,203.6343885756346,5098.836348537192,0.0,0.0,8.388369033294513,10.103898094044121,214.76895314581339,0.0,0.0,11.369335787928556,13.576440873172598,347.04125670385437,0.0,0.0,78.38063578687091,94.03155011632319,2185.097688880444,0.0,0.0,49.36997423931534,59.757968924935578,1132.5677338899093,0.0,0.0,23.94959847579674,28.682941711084433,692.4635912686522,32.89298013820657,22.560343030320014,328.997038181948,394.52710370459377,10163.559309888733,0.0,0.0,61.946717940444518,75.41107985296806,1223.0140316401526,0.0,17.523564166609466,35.85964113692543,22.0,30.0,0.0,17.478377847420029,35.84270128330514,12.0,30.0,0.0,17.601165996105935,35.71812503220704,22.0,30.0,0.0,17.470975900286669,35.9050490556704,12.0,30.0,0.0,15.243009516122344,42.091273983252708,12.0,30.0,0.0,17.79983060568564,35.75518360244322,12.0,30.0,0.0,16.417846073364609,38.66186496670939,10.0,30.0,0.0,13.877775206257257,45.87328256456498,12.0,30.0,0.0,16.957678755735978,37.71637620213129,20.0,30.0,0.0,16.55457831114205,0.0,0.0,0.0,12.241933195947358,0.0,0.0,498.64769663565019,480.5891089171716,506.9020399530567,490.30915376524276,584.7688294555,885.2230670671966,548.45332677803,639.8543159908065,775.3378080613252,0.0,81.46815838817186,81.46815838817186,60.0,0.0,60.0,60.0,12.0,12.0,12.0,19.0,12.0,12.0,21.0,10.0,0.0,0.0,0.0,0.0,0.0,0.0,0.0,0.0,0.0,0.0,0.0,0.0,0.0,81.46815838817186,81.46815838817186,0.0,0.0,0.0,81.46815838817186,0.0,0.0,0.00126 
 03/27  02:50:00,2.646666666666667,95.83333333333333,2.4416666666666666,0.0,0.0,0.0,0.0,0.0,2.0,2.0,0.0,0.0,0.0,0.0,0.0,1514.0,0.0,0.0,0.0,0.0,0.0,0.0,0.0,0.0,0.0,0.0,0.0,17.767215007351586,-101.50051959561506,17.889935948556869,-270.6542995319935,17.756941341589664,-137.8004460260704,17.782124135688315,-215.8863154972621,15.217316940524606,-0.3155995759175738,17.55353169761095,-26.922893980330345,16.38946610076489,-40.242580564523908,14.211079913699236,-165.40545369013513,16.817469457485907,-75.19655953537802,502.1080064546004,564.5013588798543,0.0,0.0,0.0,0.0,0.0,0.0,0.0,0.0,0.0,0.0,0.0,0.0,0.0,0.0,0.0,0.0,0.0,0.0,0.0,0.0,0.0,0.0,1.5382192760341736,0.46954190355133509,209.8685688302957,250.82506454070586,6271.469253953301,0.2776934311890155,0.04238300231822581,143.01062966898105,170.83051167576094,4283.608809260454,2.3328433980187599,0.4408245272144294,141.82409700786207,169.50501233177679,4294.7858786276869,0.2786619576540544,0.05265721044105334,140.572194229015,167.987354669685,4207.532586424039,0.0,0.0,8.056891857962649,9.708274182372943,205.8756589435087,0.0,0.0,11.735830912936752,14.016060676275349,357.1616041452603,0.0,0.0,74.91396134780465,89.91323077916366,2081.621673544105,0.0,0.0,49.401479344137118,59.81069868677926,1127.4893424118946,0.0,0.0,24.886061096980364,29.804179690809119,717.8146523603637,32.967894127314568,22.611724367156776,262.54097879623148,314.91597284164109,8185.106283663175,0.0,0.0,61.909595152000587,75.38642853749681,1214.1187584881769,0.0,17.304862734158996,36.31929800947656,22.0,30.0,0.0,17.536578206108979,35.69776473660228,12.0,30.0,0.0,17.413344473050544,36.11770566369164,22.0,30.0,0.0,17.50136823934365,35.823024578816177,12.0,30.0,0.0,15.209594270721962,42.04465140091986,12.0,30.0,0.0,17.74548530344774,35.760231859636778,12.0,30.0,0.0,16.362168692019837,38.72707045864989,10.0,30.0,0.0,13.811004651432409,45.924237951462789,12.0,30.0,0.0,16.915017608146479,37.68896139563226,20.0,30.0,0.0,16.309205177789264,0.0,0.0,0.0,12.16856870436764,0.0,0.0,496.27364097039449,479.188633681106,508.0420730031783,490.06415599029199,580.5122759545666,876.2336022487266,547.0231389672251,636.3034126227175,768.3224680984308,0.0,81.46815838817186,81.46815838817186,60.0,0.0,60.0,60.0,12.0,12.0,12.0,19.0,12.0,12.0,21.0,10.0,0.0,0.0,0.0,0.0,0.0,0.0,0.0,0.0,0.0,0.0,0.0,0.0,0.0,81.46815838817186,81.46815838817186,0.0,0.0,0.0,81.46815838817186,0.0,0.0,0.0012633333333333336 
 03/27  03:00:00,2.64,96.0,2.57,0.0,0.0,0.0,0.0,0.0,2.0,2.0,0.0,0.0,0.0,0.0,0.0,1514.0,0.0,0.0,0.0,0.0,0.0,0.0,0.0,0.0,0.0,0.0,0.0,17.76612921461289,-165.5245996170056,17.750037331229849,-195.06826662779214,17.704240143462955,-230.46689957784475,17.618885334780737,-166.02848291735337,15.18460987648848,0.13697269202035046,17.504351678727369,-29.605496904434888,16.32996583884548,-14.942480773901025,14.148613872382569,-166.74527856704698,16.779755510714574,-78.64116445676155,539.7369632029186,567.6058881953817,0.0,0.0,0.0,0.0,0.0,0.0,0.0,0.0,0.0,0.0,0.0,0.0,0.0,0.0,0.0,0.0,0.0,0.0,0.0,0.0,0.0,0.0,1.516674493214642,0.4629653520191215,187.91604768609867,224.71257230551246,5618.199967628128,0.28382692070566725,0.04331912709182956,156.70931011885893,187.45164661314366,4653.879967449815,2.320928482098955,0.4385730313868019,222.56950905585613,266.20702013677887,6687.77219597993,0.2920779747826968,0.05519236107004852,173.19997881171174,207.19409439521457,5117.673566518597,0.0,0.0,8.436788380715918,10.165405494864224,215.1309495071688,0.0,0.0,11.626058097256135,13.88830267798923,352.8692290005632,0.0,0.0,79.45264969267554,95.36481552402674,2197.9370463342245,0.0,0.0,49.77067989535179,60.27310105218392,1130.0169406210744,0.0,0.0,24.39873320451253,29.22969194537474,702.2258620065345,33.16696939739522,22.748264332918539,308.65972372986246,370.3871749465287,9486.110008225744,0.0,0.0,62.323741680652698,75.9103378846656,1214.518623478572,0.0,17.368530970934338,36.14714262110911,22.0,30.0,0.0,17.348089204773254,36.06992279930786,12.0,30.0,0.0,17.38169555774622,36.15665423183037,22.0,30.0,0.0,17.26280370360956,36.319208146622248,12.0,30.0,0.0,15.175492207626906,42.0268941571308,12.0,30.0,0.0,17.69538377079501,35.77536807376122,12.0,30.0,0.0,16.293342364336355,38.851258159649649,10.0,30.0,0.0,13.743627563901928,46.004654844012417,12.0,30.0,0.0,16.874948336548266,37.6755584238944,20.0,30.0,0.0,16.367872580889384,0.0,0.0,0.0,12.099237042130675,0.0,0.0,495.29943672803418,471.8598455750953,505.43966545136757,484.4127648997187,577.3173552702756,867.4890316908156,546.8847516703283,634.2365646718289,760.9726095315079,0.0,81.46815838817186,81.46815838817186,60.0,0.0,60.0,60.0,12.0,12.0,12.0,19.0,12.0,12.0,21.0,10.0,0.0,0.0,0.0,0.0,0.0,0.0,0.0,0.0,0.0,0.0,0.0,0.0,0.0,81.46815838817186,81.46815838817186,0.0,0.0,0.0,81.46815838817186,0.0,0.0,0.0012666666666666669 
 03/27  03:10:00,2.6333333333333339,96.0,2.6416666666666668,0.0,0.0,0.0,0.0,0.0,2.0,2.0,0.0,0.0,0.0,0.0,0.0,757.0,0.0,0.0,0.0,0.0,0.0,0.0,0.0,0.0,0.0,0.0,0.0,17.739206685877329,-35.8727442790414,17.695374973662746,-265.4642131339324,17.655574488394607,-54.670223282061218,17.594080520457959,-175.14350481368093,15.148878203187106,-0.16021065449930917,17.450373639651713,-25.799513468718147,16.260524695250614,-41.49393826075993,14.086985085081338,-160.8510841274533,16.73846322558844,-75.12619820884675,470.36972233944018,578.8842448791481,0.0,0.0,0.0,0.0,0.0,0.0,0.0,0.0,0.0,0.0,0.0,0.0,0.0,0.0,0.0,0.0,0.0,0.0,0.0,0.0,0.0,0.0,1.5085001668417387,0.46047013639857717,181.72158994433583,216.91496198724128,5458.615222391465,0.2714663833676264,0.041432598194082178,142.50182499868473,170.16842184585196,4224.740081437306,2.2812424396641668,0.4310737792260332,104.07919151267824,124.2481510414318,3161.543569762508,0.2790155057074224,0.05272401846323173,98.35554357318505,117.46307807037238,2913.017682005399,0.0,0.0,7.923781837383162,9.532381458541277,201.59955634331679,0.0,0.0,11.840101271387356,14.121370191732645,358.2644088170303,0.0,0.0,73.7535017642979,88.40339423969478,2028.3712775774382,0.0,0.0,49.78303474282872,60.19420920387767,1124.8145841324129,0.0,0.0,25.480524103830289,30.47450920470353,731.6069284681992,33.15770619894583,22.741910973213885,205.4416104004429,246.35198757759665,6497.527812841942,0.0,0.0,62.295994259435328,75.75785821266915,1207.5483325888156,0.0,17.410048376550706,36.03883737775935,22.0,30.0,0.0,17.305388347897048,36.05650892927172,12.0,30.0,0.0,17.375385164673614,36.219171982124738,22.0,30.0,0.0,17.27555718044004,36.131787415275727,12.0,30.0,0.0,15.135434932772917,42.02742696063632,12.0,30.0,0.0,17.635302538613755,35.81396082077022,12.0,30.0,0.0,16.199321648698914,39.04474902877514,10.0,30.0,0.0,13.677309680221839,46.15283841933627,12.0,30.0,0.0,16.828053442204206,37.69578071659989,20.0,30.0,0.0,16.08877392472551,0.0,0.0,0.0,12.037573065485545,0.0,0.0,493.6073505095016,452.07169781882006,519.7291446436866,453.50585417463528,573.2359094528945,858.3183522325448,546.4378585134675,630.7319947920935,754.0210558426074,0.0,81.46815838817186,81.46815838817186,60.0,0.0,60.0,60.0,12.0,12.0,12.0,19.0,12.0,12.0,21.0,10.0,0.0,0.0,0.0,0.0,0.0,0.0,0.0,0.0,0.0,0.0,0.0,0.0,0.0,81.46815838817186,81.46815838817186,0.0,0.0,0.0,81.46815838817186,0.0,0.0,0.0012699999999999999 
 03/27  03:20:00,2.626666666666667,96.0,2.7133333333333335,0.0,0.0,0.0,0.0,0.0,2.0,2.0,0.0,0.0,0.0,0.0,0.0,1514.0,0.0,0.0,0.0,0.0,0.0,0.0,0.0,0.0,0.0,0.0,0.0,17.61590024804149,-138.52694247424416,17.668772539918288,-192.70462937770186,17.572743452910147,-154.66910310684035,17.570480579377248,-141.93332720008289,15.120280270268804,-0.2976173065674743,17.40690390752267,-28.891895239409679,16.22708946240411,-26.041708605070427,14.035882148376608,-165.57284908670852,16.704855815928885,-79.27989621573494,482.8048303377882,576.6878425827039,0.0,0.0,0.0,0.0,0.0,0.0,0.0,0.0,0.0,0.0,0.0,0.0,0.0,0.0,0.0,0.0,0.0,0.0,0.0,0.0,0.0,0.0,1.5055443806292317,0.4595678817549548,176.9630739242009,211.67997616182917,5256.832175581497,0.2797772658573485,0.04270104790252571,118.3813549013965,141.54492178734058,3514.3959346684275,2.223019102086481,0.42007163682662165,115.68563727153313,138.39721926017089,3482.3827953364154,0.2828342966048484,0.05344563427907187,108.39239390899627,129.65542978729426,3213.8620579793807,0.0,0.0,8.252915476720269,9.948086352651157,209.62524419397784,0.0,0.0,11.873112249411236,14.188345897184606,358.42057859012336,0.0,0.0,76.92147727344758,92.38085792873682,2113.521395042462,0.0,0.0,49.7462153847015,60.26953826059058,1119.8092559351158,0.0,0.0,25.208214320224586,30.204862137487284,722.3743381686741,33.32777505708788,22.858556280581547,205.4276316433195,246.75567200177557,6489.71040985055,0.0,0.0,62.246428160120398,75.85537866762607,1198.0586763429649,0.0,17.216613600881688,36.444120597891259,22.0,30.0,0.0,17.3347053228322,36.06586676152941,12.0,30.0,0.0,17.271697457253184,36.3627763371928,22.0,30.0,0.0,17.297761219731,36.21283785107814,12.0,30.0,0.0,15.109942166756675,42.04204868110223,12.0,30.0,0.0,17.59523650534031,35.854189300577008,12.0,30.0,0.0,16.181705165730347,39.057932493885328,10.0,30.0,0.0,13.630594461115955,46.229829717607007,12.0,30.0,0.0,16.79586495891772,37.731657619277438,20.0,30.0,0.0,16.05358228059349,0.0,0.0,0.0,11.964171055887104,0.0,0.0,490.5379120219733,466.66365274286019,503.40271214606516,481.67396163189019,571.438152978499,853.8107757058663,541.6813968215641,629.9777005138733,752.999705723043,0.0,81.46815838817186,81.46815838817186,60.0,0.0,60.0,60.0,12.0,12.0,12.0,19.0,12.0,12.0,21.0,10.0,0.0,0.0,0.0,0.0,0.0,0.0,0.0,0.0,0.0,0.0,0.0,0.0,0.0,81.46815838817186,81.46815838817186,0.0,0.0,0.0,81.46815838817186,0.0,0.0,0.00129 
 03/27  03:30:00,2.62,96.0,2.785,0.0,0.0,0.0,0.0,0.0,2.0,2.0,0.0,0.0,0.0,0.0,0.0,1514.0,0.0,0.0,0.0,0.0,0.0,0.0,0.0,0.0,0.0,0.0,0.0,17.556255452594294,-179.49552474161829,17.53071040527455,-231.0329484287322,17.51487552022862,-210.8088998722069,17.43341135917798,-177.23268847851615,15.087050083817353,-0.8302845579291187,17.35865514612769,-30.176917001700589,16.169772667866334,-25.355231280796717,13.973592813301149,-169.68553308258425,16.666541500020274,-82.09584035095333,546.8106426333125,577.3760889903306,0.0,0.0,0.0,0.0,0.0,0.0,0.0,0.0,0.0,0.0,0.0,0.0,0.0,0.0,0.0,0.0,0.0,0.0,0.0,0.0,0.0,0.0,1.5000827760888119,0.4579007253018351,217.7983861310842,260.67847461332488,6439.2369184493049,0.2803695001764649,0.042791437755870718,171.29290531511863,205.07335620613578,5021.011668094137,2.146520055991578,0.405616034767872,175.52447178711157,210.01327902693795,5231.903901415105,0.2848854053615629,0.05383322096779343,172.60510517904727,206.60502849089429,5050.222709921447,0.0,0.0,8.304983311740273,10.010516371862459,210.49987421655499,0.0,0.0,11.887602245110028,14.209181596016661,357.91018949259355,0.0,0.0,77.75192906500499,93.38440558692531,2127.2968410008645,0.0,0.0,49.9394241554054,60.52001783046788,1118.1112500562823,0.0,0.0,25.7927026008271,30.915500237643614,737.4796672712528,33.4088946673787,22.914193873373607,322.83577334961867,387.6305043961207,9794.033008771152,0.0,0.0,62.399244292354229,76.06260127492775,1193.0325307191357,0.0,17.171078476930775,36.50673822190281,22.0,30.0,0.0,17.13117660587143,36.500603683162257,12.0,30.0,0.0,17.22731513853187,36.42834043875612,22.0,30.0,0.0,17.088093621940716,36.65637404671617,12.0,30.0,0.0,15.075406924258042,42.063843618228158,12.0,30.0,0.0,17.546020378319726,35.90167171731535,12.0,30.0,0.0,16.113899688148483,39.15650692198828,10.0,30.0,0.0,13.561814853656184,46.34298581971498,12.0,30.0,0.0,16.754967518823358,37.758921686668077,20.0,30.0,0.0,16.212681399331215,0.0,0.0,0.0,11.892871407159712,0.0,0.0,486.96295462148376,464.1080358165233,501.0287021782908,478.45880188162166,568.56971486865,846.9435686194358,537.6396457755875,628.0687476249252,745.2541706880547,0.0,81.46815838817186,81.46815838817186,60.0,0.0,60.0,60.0,12.0,12.0,12.0,19.0,12.0,12.0,21.0,10.0,0.0,0.0,0.0,0.0,0.0,0.0,0.0,0.0,0.0,0.0,0.0,0.0,0.0,81.46815838817186,81.46815838817186,0.0,0.0,0.0,81.46815838817186,0.0,0.0,0.0013100000000000002 
 03/27  03:40:00,2.6133333333333335,96.0,2.8566666666666666,0.0,0.0,0.0,0.0,0.0,2.0,2.0,0.0,0.0,0.0,0.0,0.0,1514.0,0.0,0.0,0.0,0.0,0.0,0.0,0.0,0.0,0.0,0.0,0.0,17.399656343973704,-100.22305289851033,17.51886890664276,-267.9011080706241,17.39141335468796,-131.60117368934153,17.42770294568998,-207.0296245295906,15.053963501741802,-1.6377427885478824,17.308823857827855,-29.173409066377134,16.11844843581963,-48.987420383328529,13.913180561250475,-170.34011074609533,16.626741949081436,-82.4493133102286,479.4505428742523,581.6730046674812,0.0,0.0,0.0,0.0,0.0,0.0,0.0,0.0,0.0,0.0,0.0,0.0,0.0,0.0,0.0,0.0,0.0,0.0,0.0,0.0,0.0,0.0,1.4942588608809489,0.45612297340688309,205.52299092966087,245.945877968912,6017.225208309121,0.26988422209715326,0.0411911205886986,140.14276210266429,167.62592010115146,4110.853899207892,2.1076143573763188,0.3982642398670293,131.85090957969559,157.78066266679887,3910.9886233909539,0.2711205392631535,0.05123215027648401,130.63039216879086,156.3078462503547,3828.252494989716,0.0,0.0,7.9683357089791209,9.608226143661682,201.55893424339926,0.0,0.0,12.169535991081596,14.548300710308965,365.3507345628417,0.0,0.0,73.77900180481673,88.65116158999629,2011.981825957579,0.0,0.0,49.931589158664539,60.52538701092351,1112.2936348898048,0.0,0.0,27.13571954202391,32.52581831588327,773.9808344685819,33.42648506755148,22.926258619719819,248.83170550379087,298.8507236169625,7643.981838378511,0.0,0.0,62.31463270518847,75.9790947111429,1183.9455748307883,0.0,16.957892393095727,36.97746463868668,22.0,30.0,0.0,17.17781292921693,36.387979753988009,12.0,30.0,0.0,17.06520707925493,36.772838759581407,22.0,30.0,0.0,17.138723383600185,36.5300376265361,12.0,30.0,0.0,15.041415198503233,42.08672121478661,12.0,30.0,0.0,17.49395433056588,35.96202366054757,12.0,30.0,0.0,16.05905798926679,39.2472791280295,10.0,30.0,0.0,13.497238237098003,46.45685077117692,12.0,30.0,0.0,16.71178419224637,37.79688802372262,20.0,30.0,0.0,15.947926047707686,0.0,0.0,0.0,11.82554773977057,0.0,0.0,487.32427519818119,465.73959789973227,501.6889201564289,480.5851275989661,566.2771017701523,842.0442207673873,537.0207795986664,624.5791935689172,739.9207540613757,0.0,81.46815838817186,81.46815838817186,60.0,0.0,60.0,60.0,12.0,12.0,12.0,19.0,12.0,12.0,21.0,10.0,0.0,0.0,0.0,0.0,0.0,0.0,0.0,0.0,0.0,0.0,0.0,0.0,0.0,81.46815838817186,81.46815838817186,0.0,0.0,0.0,81.46815838817186,0.0,0.0,0.00133 
 03/27  03:50:00,2.606666666666667,96.0,2.9283333333333334,0.0,0.0,0.0,0.0,0.0,2.0,2.0,0.0,0.0,0.0,0.0,0.0,1514.0,0.0,0.0,0.0,0.0,0.0,0.0,0.0,0.0,0.0,0.0,0.0,17.400872006904789,-156.81851053917354,17.384261179663374,-186.05569715364482,17.341502529216613,-229.13236759669327,17.277009396354566,-162.94623593210964,15.020387417066539,-1.2774242220384907,17.260974627248058,-31.705470050727088,16.060105550542266,-25.305252847670546,13.852940671395868,-171.3059388928641,16.58797587051658,-85.79870709597214,523.3245384097809,583.1878724892415,0.0,0.0,0.0,0.0,0.0,0.0,0.0,0.0,0.0,0.0,0.0,0.0,0.0,0.0,0.0,0.0,0.0,0.0,0.0,0.0,0.0,0.0,1.475930116078251,0.4505281184610046,183.00029529404595,219.1160385045389,5362.246589213435,0.2765320543241077,0.04220574699696394,153.9223024730775,184.3566296727522,4477.611811269742,2.1082160405465197,0.39837793661120948,219.95232216192964,263.4150695113391,6470.598060321839,0.2838344482226799,0.05363462740413451,171.08462142390489,204.9294113528139,4953.412559327143,0.0,0.0,8.324453192257004,10.037180969711294,210.11630088569428,0.0,0.0,12.083117391962136,14.448455200451204,361.8049983451851,0.0,0.0,78.18578430799406,93.95188913843802,2122.970144261134,0.0,0.0,50.22159045713077,60.892198174061437,1113.1051155125365,0.0,0.0,26.294845360681998,31.527791497640274,748.3024734225954,33.540735077593058,23.00461939478263,303.4902982840148,364.63903640886658,9159.491100549045,0.0,0.0,62.627265896517688,76.37958241257255,1182.6221638172338,0.0,17.022728906539606,36.80072814269094,22.0,30.0,0.0,16.99509471219751,36.77098982729402,12.0,30.0,0.0,17.033739895928897,36.81053916199386,22.0,30.0,0.0,16.918134321763085,36.99744160963556,12.0,30.0,0.0,15.006861383802964,42.12119966605436,12.0,30.0,0.0,17.445332699972178,36.02298176888243,12.0,30.0,0.0,15.992795408011017,39.388867839159889,10.0,30.0,0.0,13.432902137624243,46.58767691355814,12.0,30.0,0.0,16.67062454656019,37.84140604288894,20.0,30.0,0.0,16.034266565920669,0.0,0.0,0.0,11.760197092796452,0.0,0.0,486.85936168062576,461.3694658488487,498.91350398356999,475.2600624983916,564.2215616789015,836.5773714664069,538.3470546111382,624.3273941368279,735.6569535184465,0.0,81.46815838817186,81.46815838817186,60.0,0.0,60.0,60.0,12.0,12.0,12.0,19.0,12.0,12.0,21.0,10.0,0.0,0.0,0.0,0.0,0.0,0.0,0.0,0.0,0.0,0.0,0.0,0.0,0.0,81.46815838817186,81.46815838817186,0.0,0.0,0.0,81.46815838817186,0.0,0.0,0.00141 
 03/27  04:00:00,2.6,96.0,3.0,0.0,0.0,0.0,0.0,0.0,2.0,2.0,0.0,0.0,0.0,0.0,0.0,757.0,0.0,0.0,0.0,0.0,0.0,0.0,0.0,0.0,0.0,0.0,0.0,17.375394461791517,-33.7858712758989,17.335818952165448,-251.96606636358775,17.297057116133109,-54.636153190298049,17.25622176633262,-174.39461391446504,14.983644090152265,-1.3727881382557712,17.207729529244458,-28.284263085570616,15.993564540201433,-48.683086240427659,13.792932790014224,-165.65762580946513,16.545327484775329,-82.37702917511979,454.6628298967862,593.7669409257637,0.0,0.0,0.0,0.0,0.0,0.0,0.0,0.0,0.0,0.0,0.0,0.0,0.0,0.0,0.0,0.0,0.0,0.0,0.0,0.0,0.0,0.0,1.468937600051809,0.4483936508094655,170.51789955376848,203.80720993738616,5020.750406412544,0.2650000236627395,0.040445669057194679,136.5576305677606,163.2788300631672,3967.80141510167,2.067937412514405,0.3907667068243397,103.93679289544493,124.23863709326042,3088.471770493369,0.271677779712863,0.05133744892533313,98.28660014970143,117.52929267149807,2853.3051172968819,0.0,0.0,7.852352942544998,9.453228158258279,197.74167995416375,0.0,0.0,12.26500436467963,14.64257351318815,366.13634500362056,0.0,0.0,73.00112505296757,87.6004492519959,1971.2844448631443,0.0,0.0,50.24036287932885,60.820283462728607,1108.1927199962157,0.0,0.0,27.52895176947778,32.95201991288686,781.4522735735027,33.55262729027886,23.012775919258489,199.15304066097907,239.11033385182305,6203.5636292887879,0.0,0.0,62.615704992049199,76.2451105912355,1176.6322165257382,0.0,17.06144196950004,36.69550586773892,22.0,30.0,0.0,16.960879415400865,36.76629945181197,12.0,30.0,0.0,17.031465941152143,36.84867076070182,22.0,30.0,0.0,16.935259342895099,36.83146656152495,12.0,30.0,0.0,14.966079727427469,42.171649090487559,12.0,30.0,0.0,17.38650313406839,36.10624959461412,12.0,30.0,0.0,15.905193423344832,39.581407371714309,10.0,30.0,0.0,13.368880301299562,46.75582360852038,12.0,30.0,0.0,16.622491014317299,37.90904777291516,20.0,30.0,0.0,15.756109121317096,0.0,0.0,0.0,11.704308513804794,0.0,0.0,483.4425765935335,443.497451541258,511.1940165605759,444.84792462780686,561.2035454706279,830.737055454639,539.9969283211366,621.5489538523116,730.6177517492522,0.0,81.46815838817186,81.46815838817186,60.0,0.0,60.0,60.0,12.0,12.0,12.0,19.0,12.0,12.0,21.0,10.0,0.0,0.0,0.0,0.0,0.0,0.0,0.0,0.0,0.0,0.0,0.0,0.0,0.0,81.46815838817186,81.46815838817186,0.0,0.0,0.0,81.46815838817186,0.0,0.0,0.00149 
 03/27  04:10:00,2.568333333333334,96.0,2.955,0.0,0.0,0.0,0.0,0.0,2.0,2.0,0.0,0.0,0.0,0.0,0.0,1514.0,0.0,0.0,0.0,0.0,0.0,0.0,0.0,0.0,0.0,0.0,0.0,17.259249692079007,-131.17467561725244,17.310927467888939,-186.01007851633154,17.218431014384334,-151.9427187822048,17.235095388978679,-142.41310066712436,14.954025323324636,-1.5657358454441664,17.164890144475224,-30.932876510998143,15.958693258080672,-35.27614468450565,13.743394568281694,-169.65085779716856,16.511016820180413,-86.0020578631594,464.19598505418028,591.2494811028117,0.0,0.0,0.0,0.0,0.0,0.0,0.0,0.0,0.0,0.0,0.0,0.0,0.0,0.0,0.0,0.0,0.0,0.0,0.0,0.0,0.0,0.0,1.4715553631377354,0.44919272379051758,170.15919076930425,203.80318478944003,4965.1493041205899,0.273686079816318,0.04177137970334524,114.77479623549788,137.41328728661697,3345.1617167473116,2.064386650643087,0.39009573897261676,113.73889970619719,136.2418943363373,3358.933733900828,0.2762151604526908,0.05219485269325221,106.27257872723939,127.28052765888984,3094.3897910964544,0.0,0.0,8.137882572233448,9.816600837062241,204.99675368554098,0.0,0.0,12.27532962750613,14.683657773188053,366.2275481739795,0.0,0.0,75.54771407260447,90.83536961997098,2041.6058642238207,0.0,0.0,50.18260177465622,60.8719689140564,1105.5212807837386,0.0,0.0,27.436490469214414,32.90374390423991,778.6924116666612,33.504153316574647,22.979529023713753,199.0486283173317,239.3885867596257,6202.1547175988839,0.0,0.0,62.50685859052507,76.27107143545314,1169.9886275352636,0.0,16.8799957589668,37.08987609187275,22.0,30.0,0.0,16.988711906690019,36.74952069601878,12.0,30.0,0.0,16.932204709680485,37.00230693332077,22.0,30.0,0.0,16.958917442873806,36.8680131033524,12.0,30.0,0.0,14.939796684987869,42.213413233802928,12.0,30.0,0.0,17.347423062736543,36.16811769446626,12.0,30.0,0.0,15.884999232622047,39.609911646254747,10.0,30.0,0.0,13.324315292276694,46.85511470277501,12.0,30.0,0.0,16.590082789527103,37.96272599575538,20.0,30.0,0.0,15.724702152525074,0.0,0.0,0.0,11.636727335161336,0.0,0.0,483.4521854602697,457.8187920449239,496.209032950916,472.9039768324727,560.3851204919727,828.1538400285369,534.5021937335798,621.6224282532204,728.9124741957169,0.0,81.46815838817186,81.46815838817186,60.0,0.0,60.0,60.0,12.0,12.0,12.0,19.0,12.0,12.0,21.0,10.0,0.0,0.0,0.0,0.0,0.0,0.0,0.0,0.0,0.0,0.0,0.0,0.0,0.0,81.46815838817186,81.46815838817186,0.0,0.0,0.0,81.46815838817186,0.0,0.0,0.00157 
 03/27  04:20:00,2.536666666666667,96.0,2.91,0.0,0.0,0.0,0.0,0.0,2.0,2.0,0.0,0.0,0.0,0.0,0.0,1514.0,0.0,0.0,0.0,0.0,0.0,0.0,0.0,0.0,0.0,0.0,0.0,17.201078260839844,-171.79578267288253,17.17877490892578,-222.00568038050415,17.164561984527503,-204.44302578466478,17.10327620526993,-174.67479175659083,14.91971483688721,-2.079353056485729,17.117231991418433,-32.11430736853694,15.901920683498347,-34.62094274309197,13.683327265751185,-173.32483503764764,16.471651691320827,-89.04951692576725,527.6085169038015,590.419671043036,0.0,0.0,0.0,0.0,0.0,0.0,0.0,0.0,0.0,0.0,0.0,0.0,0.0,0.0,0.0,0.0,0.0,0.0,0.0,0.0,0.0,0.0,1.472160606676894,0.4493774745655965,214.42660845864166,256.98474861689888,6237.467126677413,0.27535765660492247,0.04202650436583066,167.7793199231591,201.13203615181869,4838.215408566544,2.0395070381062836,0.38539437605938856,173.38292757914773,207.72494676637036,5083.273151075711,0.2790286456019416,0.052726501436496899,170.5296573825525,204.39027257978513,4909.967938614535,0.0,0.0,8.160412144810545,9.8438251258582,205.53048625136734,0.0,0.0,12.282333416727785,14.695957612704925,366.10538536258806,0.0,0.0,76.31845923755816,91.77185152399334,2057.7292962385329,0.0,0.0,50.29079198394325,61.02062333083923,1104.741924140867,0.0,0.0,27.484992945107814,32.97341731058353,779.6726113796423,33.366729959495987,22.885274320641974,317.2103358788481,381.3578332875493,9484.114228949178,0.0,0.0,62.532359788091117,76.32466435176535,1166.047288537279,0.0,16.8339302678133,37.146939683349007,22.0,30.0,0.0,16.793556844655304,37.158803170418959,12.0,30.0,0.0,16.891995492790764,37.05147940467748,22.0,30.0,0.0,16.75688258204917,37.29090293994584,12.0,30.0,0.0,14.904366061801874,42.26643321980211,12.0,30.0,0.0,17.29904801142905,36.240640302056949,12.0,30.0,0.0,15.818927964529462,39.72047049191646,10.0,30.0,0.0,13.258920280724354,46.9966986414322,12.0,30.0,0.0,16.54812805712268,38.022991479176457,20.0,30.0,0.0,15.895794775904216,0.0,0.0,0.0,11.56809270480138,0.0,0.0,480.75540560477148,457.1410322671553,494.30038336934646,470.46860528499806,558.5486075150246,823.5833071099917,531.9776204065613,620.9093609403217,724.6186622136924,0.0,81.46815838817186,81.46815838817186,60.0,0.0,60.0,60.0,12.0,12.0,12.0,19.0,12.0,12.0,21.0,10.0,0.0,0.0,0.0,0.0,0.0,0.0,0.0,0.0,0.0,0.0,0.0,0.0,0.0,81.46815838817186,81.46815838817186,0.0,0.0,0.0,81.46815838817186,0.0,0.0,0.0016133333333333332 
 03/27  04:30:00,2.505,96.0,2.865,0.0,0.0,0.0,0.0,0.0,2.0,2.0,0.0,0.0,0.0,0.0,0.0,1514.0,0.0,0.0,0.0,0.0,0.0,0.0,0.0,0.0,0.0,0.0,0.0,17.051729738517936,-94.65237778359847,17.167885526961073,-257.4448807845565,17.047690772064767,-124.74087452809681,17.10054434272523,-204.0396519624228,14.885425885707038,-2.750062431212129,17.068068885648655,-31.238913869263628,15.850700050373633,-56.00324957133989,13.624755243846512,-173.91085781447863,16.43096185302564,-89.43063205647127,457.38746675710947,593.9716898488749,0.0,0.0,0.0,0.0,0.0,0.0,0.0,0.0,0.0,0.0,0.0,0.0,0.0,0.0,0.0,0.0,0.0,0.0,0.0,0.0,0.0,0.0,1.4710258719573637,0.44903109644608177,200.56302178924029,240.3288618505846,5789.712316855992,0.2662407101953502,0.04063502902859435,136.22138371118974,163.15638528239919,3938.2613993783227,2.058941668889751,0.38906683085596219,128.26518309326648,153.6885543751338,3752.444236215301,0.26650784334180269,0.050360514614853097,127.1683800258027,152.3634866250091,3674.776871270651,0.0,0.0,7.822412731717847,9.439780883293114,197.00346799671156,0.0,0.0,12.518124332782943,14.980758828140184,372.72125562388148,0.0,0.0,72.46978384872517,87.18324564745498,1951.2840011750746,0.0,0.0,50.23506534683919,60.96923808928206,1100.6904208709335,0.0,0.0,29.067310654074136,34.873550308566638,823.9736667586087,33.165767628026099,22.74744007409198,241.21873473423353,290.0686195472125,7328.023341125301,0.0,0.0,62.36030416463923,76.13617320250876,1158.813269501527,0.0,16.630836352875993,37.58392470856616,22.0,30.0,0.0,16.838870232274848,37.02651917482478,12.0,30.0,0.0,16.738986530568739,37.36942851082133,22.0,30.0,0.0,16.810281034812037,37.13625284891722,12.0,30.0,0.0,14.869249117206766,42.31469611903175,12.0,30.0,0.0,17.24796227760362,36.31689281038078,12.0,30.0,0.0,15.764914956399732,39.80764579629051,10.0,30.0,0.0,13.196940365390163,47.12966557384337,12.0,30.0,0.0,16.504202151761456,38.08239441847792,20.0,30.0,0.0,15.634902588990985,0.0,0.0,0.0,11.502553663484758,0.0,0.0,482.0799898565984,459.7023010781336,495.3924150980828,473.38152814481409,557.5652870094714,820.9380350268599,532.2457067569577,618.8764311054363,721.0936471656871,0.0,81.46815838817186,81.46815838817186,60.0,0.0,60.0,60.0,12.0,12.0,12.0,19.0,12.0,12.0,21.0,10.0,0.0,0.0,0.0,0.0,0.0,0.0,0.0,0.0,0.0,0.0,0.0,0.0,0.0,81.46815838817186,81.46815838817186,0.0,0.0,0.0,81.46815838817186,0.0,0.0,0.0016566666666666666 
 03/27  04:40:00,2.4733333333333338,96.0,2.82,0.0,0.0,0.0,0.0,0.0,2.0,2.0,0.0,0.0,0.0,0.0,0.0,1514.0,0.0,0.0,0.0,0.0,0.0,0.0,0.0,0.0,0.0,0.0,0.0,17.04475009930054,-159.90834835041779,17.04141825107554,-175.0316026438254,17.004064492550655,-209.19494470545397,16.95490340287529,-161.49776824932133,14.850685340994684,-2.4853434317023188,17.02067658085643,-33.461922710351817,15.79310793003777,-34.377758346615568,13.566016400708226,-174.99593604672817,16.391236228507265,-92.48349768025565,498.90993370220169,595.3177269280649,0.0,0.0,0.0,0.0,0.0,0.0,0.0,0.0,0.0,0.0,0.0,0.0,0.0,0.0,0.0,0.0,0.0,0.0,0.0,0.0,0.0,0.0,1.4625945115762025,0.4464574211160569,173.70604273625859,208.28640351895309,5023.991991526564,0.2734260420635041,0.04173169140163373,146.4165545495983,175.60797110459277,4207.8010830217149,2.1112706428731586,0.39895514793521538,212.21009241932954,254.50447689794013,6175.826443175971,0.27984023811863248,0.05287986359006658,171.1428419732617,205.27894375344267,4895.7788924289729,0.0,0.0,8.148043503810149,9.83272020552754,205.16635504872137,0.0,0.0,12.416927256854186,14.863529939134925,369.3811796092622,0.0,0.0,76.37310378298894,91.88867655394353,2051.6265007539329,0.0,0.0,50.490824957574677,61.29649185240909,1103.4163075298916,0.0,0.0,27.92833634480605,33.518394386989957,791.275136983314,33.05639143264901,22.67242210744103,296.20422740799406,356.35200924031519,8844.162530534479,0.0,0.0,62.597416422828818,76.44725585685855,1159.2301610009898,0.0,16.67703891776508,37.427204351938637,22.0,30.0,0.0,16.66867984946802,37.360320222469059,12.0,30.0,0.0,16.71665729653793,37.36972583035322,22.0,30.0,0.0,16.596349791504367,37.57491794552412,12.0,30.0,0.0,14.833616369180362,42.36842034729409,12.0,30.0,0.0,17.19996946864876,36.390436482648528,12.0,30.0,0.0,15.700612503027955,39.945684747189137,10.0,30.0,0.0,13.134569068508638,47.266232724693768,12.0,30.0,0.0,16.462156867780359,38.14514449419,20.0,30.0,0.0,15.72840677405625,0.0,0.0,0.0,11.437436877693509,0.0,0.0,480.6649831456025,456.14189173622006,493.47363065929678,468.76703507344566,556.5289409167633,817.7209202545682,534.4493542649682,619.7067153492128,719.3475111498576,0.0,81.46815838817186,81.46815838817186,60.0,0.0,60.0,60.0,12.0,12.0,12.0,19.0,12.0,12.0,21.0,10.0,0.0,0.0,0.0,0.0,0.0,0.0,0.0,0.0,0.0,0.0,0.0,0.0,0.0,81.46815838817186,81.46815838817186,0.0,0.0,0.0,81.46815838817186,0.0,0.0,0.0017 
 03/27  04:50:00,2.441666666666667,96.0,2.775,0.0,0.0,0.0,0.0,0.0,2.0,2.0,0.0,0.0,0.0,0.0,0.0,757.0,0.0,0.0,0.0,0.0,0.0,0.0,0.0,0.0,0.0,0.0,0.0,17.02210253171735,-32.202223498750758,16.990105973883645,-248.20511734253524,16.96130145320953,-53.27145200919722,16.94311888576862,-163.92034873934655,14.8124802393864,-2.538665097747554,16.968097045305055,-30.12304380440912,15.722595575940371,-58.158382573507427,13.507702969386042,-169.07449049067464,16.3477080442152,-89.10957037625156,427.64565378207228,604.5152898607835,0.0,0.0,0.0,0.0,0.0,0.0,0.0,0.0,0.0,0.0,0.0,0.0,0.0,0.0,0.0,0.0,0.0,0.0,0.0,0.0,0.0,0.0,1.453853073629001,0.44378909451434708,197.5374436595927,236.4420378476321,5744.201933957017,0.26288139484435638,0.040122313010432907,138.4287773766744,165.75300125029058,3977.9662036531915,2.1108916790820388,0.39888353724150407,94.54779140293057,113.170710609275,2788.4309358339908,0.2682131488270477,0.050682756770039239,91.9043616491773,110.04380183506186,2644.271067690854,0.0,0.0,7.6158351335287739,9.176539208715593,191.6891783762598,0.0,0.0,12.598966335487939,15.058015918517354,374.32025749907958,0.0,0.0,70.84802326843225,85.12778437626189,1895.4549655969684,0.0,0.0,50.39122972184811,61.08243829664652,1098.7358297975857,0.0,0.0,29.557982345689859,35.415907431741398,836.7991209247027,32.843887579565,22.526671865270929,195.53306219810836,235.07520208260449,6029.572622840137,0.0,0.0,62.4109708407233,76.10326355436504,1152.8699702750235,0.0,16.72155857448694,37.31504464805549,22.0,30.0,0.0,16.62564477113759,37.349037654545359,12.0,30.0,0.0,16.7119575309316,37.42210348011742,22.0,30.0,0.0,16.628853196948783,37.350454404978268,12.0,30.0,0.0,14.79119515595805,42.43742499480836,12.0,30.0,0.0,17.142131492953557,36.48237233611884,12.0,30.0,0.0,15.60703852245684,40.126572410909329,10.0,30.0,0.0,13.073001635626439,47.435966454819467,12.0,30.0,0.0,16.41319763029482,38.225210610144888,20.0,30.0,0.0,15.454699954575136,0.0,0.0,0.0,11.378469424218528,0.0,0.0,478.65376930338638,439.3430844831526,503.7283287125133,441.2518166507424,554.8061925729656,813.7611594140428,535.6823938725403,618.2056949238557,714.9794800581618,0.0,81.46815838817186,81.46815838817186,60.0,0.0,60.0,60.0,12.0,12.0,12.0,19.0,12.0,12.0,21.0,10.0,0.0,0.0,0.0,0.0,0.0,0.0,0.0,0.0,0.0,0.0,0.0,0.0,0.0,81.46815838817186,81.46815838817186,0.0,0.0,0.0,81.46815838817186,0.0,0.0,0.00181 
 03/27  05:00:00,2.41,96.0,2.73,0.0,0.0,0.0,0.0,0.0,2.0,2.0,0.0,0.0,0.0,0.0,0.0,1514.0,0.0,0.0,0.0,0.0,0.0,0.0,0.0,0.0,0.0,0.0,0.0,16.908429395475147,-128.44472146860358,16.966164465715239,-178.2183914442437,16.888922899852007,-138.92742939628739,16.921963300174185,-143.85771228222507,14.781715635252854,-2.7324995435911036,16.92541176207054,-32.92903220812653,15.687445796065124,-43.70908063211368,13.458800402552086,-173.50938498927759,16.312476011974377,-92.64338014727849,438.79120439850979,602.1438392394792,0.0,0.0,0.0,0.0,0.0,0.0,0.0,0.0,0.0,0.0,0.0,0.0,0.0,0.0,0.0,0.0,0.0,0.0,0.0,0.0,0.0,0.0,1.463165413724076,0.4466316891709634,172.1385503957532,206.44012774238724,4967.983106054626,0.2725621865705401,0.04159984532517401,112.06798577597587,134.36207856541697,3230.966117284895,2.1060828315912047,0.39797483590158835,105.32106833858771,126.30666672283127,3087.880540557305,0.2715954509679199,0.051321891717294,104.12106297536951,124.86473822990655,3003.1264222589927,0.0,0.0,7.932436511890065,9.577133492435724,199.70606477157583,0.0,0.0,12.619987183597438,15.112619757181222,374.72806207658518,0.0,0.0,73.47863059733627,88.46186286649838,1967.3521271583032,0.0,0.0,50.289936415458118,61.081015904382997,1095.1798071234226,0.0,0.0,29.589997926091109,35.52184050578036,837.5296591243978,32.80641139761897,22.500968036775708,194.2383027868023,233.89580569073696,5999.988118781326,0.0,0.0,62.25805536567005,76.07515898065981,1145.0744102338322,0.0,16.541842121457369,37.66859136770401,22.0,30.0,0.0,16.65368922513327,37.32585133319076,12.0,30.0,0.0,16.62334084997389,37.52348467038955,22.0,30.0,0.0,16.648155982498218,37.38875283676683,12.0,30.0,0.0,14.763902248663762,42.48121561372162,12.0,30.0,0.0,17.103288286484273,36.541911887711247,12.0,30.0,0.0,15.586868921801282,40.16014819016098,10.0,30.0,0.0,13.028959495371419,47.537919989571957,12.0,30.0,0.0,16.38021326760972,38.27590134686679,20.0,30.0,0.0,15.42798806950368,0.0,0.0,0.0,11.307779768701913,0.0,0.0,478.1230225575954,453.5552702284293,491.2403281051844,466.99176372257718,554.51368823074,811.9715688185913,531.0875391442128,619.4765060430366,712.7628035216624,0.0,81.46815838817186,81.46815838817186,60.0,0.0,60.0,60.0,12.0,12.0,12.0,19.0,12.0,12.0,21.0,10.0,0.0,0.0,0.0,0.0,0.0,0.0,0.0,0.0,0.0,0.0,0.0,0.0,0.0,81.46815838817186,81.46815838817186,0.0,0.0,0.0,81.46815838817186,0.0,0.0,0.00192 
 03/27  05:10:00,2.351666666666667,96.16666666666666,2.705,0.0,0.0,0.0,0.0,0.0,2.0,2.0,0.0,0.0,0.0,0.0,0.0,1514.0,0.0,0.0,0.0,0.0,0.0,0.0,0.0,0.0,0.0,0.0,0.0,16.861022382832318,-157.34035311848403,16.858376671304414,-183.08413381264064,16.823304981620539,-211.34101295847086,16.781218170893813,-183.95018161798135,14.74630462391849,-3.0304074917304435,16.876600161500219,-33.96981897563501,15.640880546560613,-36.011506135821267,13.397534046926106,-178.60415847822004,16.271373738669359,-95.7627702839867,498.12023148285609,604.9643299829273,0.0,0.0,0.0,0.0,0.0,0.0,0.0,0.0,0.0,0.0,0.0,0.0,0.0,0.0,0.0,0.0,0.0,0.0,0.0,0.0,0.0,0.0,1.4601250328278992,0.4457036119743282,171.98307615459627,206.36512333777643,4963.218091278837,0.2732408357011742,0.04170342425231597,144.93686022876094,173.95278896626116,4156.608685669125,2.164925502799858,0.4090940103552266,227.65207507427534,273.2261624425156,6611.361104566298,0.27954507981640888,0.05282408915653983,179.5266803548986,215.50036636187563,5121.473642037705,0.0,0.0,8.094114536337204,9.772679006639635,204.16608880727254,0.0,0.0,12.513619468329253,14.988942046137418,371.8860002409134,0.0,0.0,76.10182820811365,91.62655584045717,2039.9876783049859,0.0,0.0,50.75461315608672,61.66295822790042,1104.6345471944074,0.0,0.0,28.71074224068195,34.477019634337668,813.6799284664722,32.74926023128903,22.46176970595956,303.11025601565509,364.9155272275856,9004.840872220328,0.0,0.0,62.714333718410518,76.65439036452061,1152.5355790660433,0.0,16.514878986341445,37.667136257413947,22.0,30.0,0.0,16.506666699153099,37.600667705708307,12.0,30.0,0.0,16.5570719379905,37.59754485736855,22.0,30.0,0.0,16.428579914589933,37.82555232982299,12.0,30.0,0.0,14.72755732900334,42.53563212825331,12.0,30.0,0.0,17.054351604419567,36.6154170422689,12.0,30.0,0.0,15.54188481001957,40.2244260631666,10.0,30.0,0.0,12.961329894917828,47.674782660696809,12.0,30.0,0.0,16.336776001840286,38.3391597446141,20.0,30.0,0.0,15.573684308539903,0.0,0.0,0.0,11.239798461990976,0.0,0.0,476.48950311590559,453.81013516844987,487.2170363064533,464.55248418263138,553.5955204961088,810.177020023519,531.4143424802358,618.4428643178001,712.5103953010018,0.0,81.46815838817186,81.46815838817186,60.0,0.0,60.0,60.0,12.0,12.0,12.0,19.0,12.0,12.0,21.0,10.0,0.0,0.0,0.0,0.0,0.0,0.0,0.0,0.0,0.0,0.0,0.0,0.0,0.0,81.46815838817186,81.46815838817186,0.0,0.0,0.0,81.46815838817186,0.0,0.0,0.00203 
 03/27  05:20:00,2.2933333333333336,96.33333333333333,2.68,0.0,0.0,0.0,0.0,0.0,2.0,2.0,0.0,0.0,0.0,0.0,0.0,757.0,0.0,0.0,0.0,0.0,0.0,0.0,0.0,0.0,0.0,0.0,0.0,16.832226101716466,-27.997487246687343,16.80007534485783,-242.98014933444666,16.770865457696027,-51.177410752217387,16.76474822975571,-162.86967576236385,14.707061010151883,-3.0308166605800865,16.82276361464764,-30.697237336341745,15.569444061318587,-60.78357982863463,13.336954356546407,-172.19108719196243,16.226521424258669,-92.55320376521218,428.22097137892799,614.4788831411752,0.0,0.0,0.0,0.0,0.0,0.0,0.0,0.0,0.0,0.0,0.0,0.0,0.0,0.0,0.0,0.0,0.0,0.0,0.0,0.0,0.0,0.0,1.4552306077067932,0.44420958721208589,196.01743491921364,234.79778107507085,5694.078230524444,0.26300489417340419,0.040141162114377928,138.8362424916482,166.3650669107486,3985.4202871322197,2.1584368875386787,0.4078678925810052,95.83945927246927,114.80414712188404,2823.146339685339,0.2684694233185629,0.05073118354470196,93.3096111694347,111.80909549439608,2682.1065441980629,0.0,0.0,7.5437407112656509,9.094323993965375,190.59558565163008,0.0,0.0,12.7208475203243,15.213479752795834,378.2284362113839,0.0,0.0,70.4776959345223,84.74206793671421,1885.0412313025566,0.0,0.0,50.63430530855031,61.42353714687176,1101.8692400116568,0.0,0.0,30.317434789165249,36.34681953788573,860.1075229908087,32.592289527506277,22.354108043557124,197.6186312120677,237.7444687916399,6079.500453695637,0.0,0.0,62.52215218357752,76.3033600012078,1149.0777136713653,0.0,16.54729977531964,37.58485554399035,22.0,30.0,0.0,16.45218245375814,37.60009683246711,12.0,30.0,0.0,16.53346745169903,37.70085702028129,22.0,30.0,0.0,16.457410110540413,37.59608058373705,12.0,30.0,0.0,14.683804503918378,42.603666914498408,12.0,30.0,0.0,16.99589689731937,36.70406767837592,12.0,30.0,0.0,15.446349186043511,40.39669639250702,10.0,30.0,0.0,12.895985520115663,47.84983179536825,12.0,30.0,0.0,16.286628555123639,38.41566278426738,20.0,30.0,0.0,15.301226443556067,0.0,0.0,0.0,11.17740905503463,0.0,0.0,474.4745907995092,439.0468998968501,496.29085114977837,440.53776844653768,551.699349563049,806.7000860064778,533.7591037212843,616.434865491335,708.1614215630193,0.0,81.46815838817186,81.46815838817186,60.0,0.0,60.0,60.0,12.0,12.0,12.0,19.0,12.0,12.0,21.0,10.0,0.0,0.0,0.0,0.0,0.0,0.0,0.0,0.0,0.0,0.0,0.0,0.0,0.0,81.46815838817186,81.46815838817186,0.0,0.0,0.0,81.46815838817186,0.0,0.0,0.0020633333333333334 
 03/27  05:30:00,2.2350000000000005,96.5,2.6550000000000004,0.0,0.0,0.0,0.0,0.0,2.0,2.0,0.0,0.0,0.0,0.0,0.0,1514.0,0.0,0.0,0.0,0.0,0.0,0.0,0.0,0.0,0.0,0.0,0.0,16.717235017415505,-124.75865360837338,16.772011859102503,-176.1114459510743,16.698585565664695,-132.9200846743447,16.740103138402277,-145.119753867506,14.6754302174036,-3.2581913864525378,16.778515496280595,-33.604617590083908,15.533215235349868,-47.31083235057645,13.286489881989568,-177.0485222014637,16.1899342660267,-96.28616037875105,435.21796313222606,612.971039719489,0.0,0.0,0.0,0.0,0.0,0.0,0.0,0.0,0.0,0.0,0.0,0.0,0.0,0.0,0.0,0.0,0.0,0.0,0.0,0.0,0.0,0.0,1.4665854597600688,0.44767565926742028,171.1925812275371,205.45939916065945,4943.463056606651,0.2733864829720198,0.04172565368925821,111.50620167160015,133.79052700314134,3215.893280057903,2.1526004810853527,0.4067650191015407,103.81803829718089,124.59247517475746,3047.606429149936,0.2721812894239109,0.05143259437337695,102.78380962503812,123.34895630640254,2966.049239070634,0.0,0.0,7.862341474688532,9.497241745529927,199.10259784266897,0.0,0.0,12.757010102989908,15.286347636630632,379.7429951057618,0.0,0.0,73.0661218086216,88.02592185428529,1959.363481683064,0.0,0.0,50.55191574812119,61.445173991186539,1101.2493692814297,0.0,0.0,30.399939085114036,36.51481425260992,863.8336969616764,32.609934468273738,22.366210197718617,192.30021213373045,231.72997627848444,5947.589910464765,0.0,0.0,62.40496612592745,76.3193114610961,1144.732970401297,0.0,16.364649065799705,37.932629634371767,22.0,30.0,0.0,16.47316387131005,37.59180313805245,12.0,30.0,0.0,16.445341010855829,37.790785940162908,22.0,30.0,0.0,16.471099420684479,37.644216668758499,12.0,30.0,0.0,14.655538313781989,42.64496845021658,12.0,30.0,0.0,16.956064072532365,36.76119876748885,12.0,30.0,0.0,15.423658249129169,40.43369370445195,10.0,30.0,0.0,12.849727863745646,47.95034346204366,12.0,30.0,0.0,16.252535476322565,38.46303964611563,20.0,30.0,0.0,15.2513509776915,0.0,0.0,0.0,11.10173293150347,0.0,0.0,475.3886477045046,451.7659862677966,486.849006674528,462.99311762864309,551.4918580187716,805.3005606748764,528.7171972700651,617.2634442541706,706.1313215793995,0.0,81.46815838817186,81.46815838817186,60.0,0.0,60.0,60.0,12.0,12.0,12.0,19.0,12.0,12.0,21.0,10.0,0.0,0.0,0.0,0.0,0.0,0.0,0.0,0.0,0.0,0.0,0.0,0.0,0.0,81.46815838817186,81.46815838817186,0.0,0.0,0.0,81.46815838817186,0.0,0.0,0.0020966666666666666 
 03/27  05:40:00,2.1766666666666669,96.66666666666666,2.63,0.0,0.0,0.0,0.0,0.0,2.0,2.0,0.0,0.0,0.0,0.0,0.0,1514.0,0.0,0.0,0.0,0.0,0.0,0.0,0.0,0.0,0.0,0.0,0.0,16.6664522808918,-154.4566466703027,16.66164415454817,-180.00844466174613,16.629928354899456,-208.1410909865349,16.59698262210687,-183.70480629225268,14.639032115238273,-3.6257182417557916,16.72875652216424,-34.74575148630365,15.48399932918668,-41.167605349616227,13.223302370074581,-182.7989718743081,16.147521201008979,-99.63763868963872,494.76954136869156,616.374729720444,0.0,0.0,0.0,0.0,0.0,0.0,0.0,0.0,0.0,0.0,0.0,0.0,0.0,0.0,0.0,0.0,0.0,0.0,0.0,0.0,0.0,0.0,1.4636956925912433,0.44679355695703396,171.51824785079789,205.96568146324334,4950.561366649364,0.27392575020602907,0.041807959433154618,145.027715274338,174.19648398713043,4159.231958642074,2.2044897398240375,0.41657024562056657,226.90091819740406,272.53379078606988,6591.2501182068449,0.2796107048988827,0.052836489965775248,179.8881934766635,216.10118297901665,5133.017181536799,0.0,0.0,8.007843368903263,9.673373614147842,203.15419950258068,0.0,0.0,12.672442087061315,15.188819907570839,377.515892043803,0.0,0.0,75.40194657261137,90.84841855079056,2023.6378921684628,0.0,0.0,51.004578305596599,62.0138792048346,1110.094739128539,0.0,0.0,29.713476567876684,35.70119904490353,845.3090612197611,32.54515225305312,22.321777951339599,303.46438020728626,365.6165489006254,9014.856272296023,0.0,0.0,62.838527432131588,76.87331007200672,1150.8579471499484,0.0,16.330454623221354,37.940005364426,22.0,30.0,0.0,16.321186767501488,37.86726637647065,12.0,30.0,0.0,16.37223268130352,37.86934927962906,22.0,30.0,0.0,16.247463011585905,38.08260725187543,12.0,30.0,0.0,14.618009612733215,42.6956225764887,12.0,30.0,0.0,16.905875422587874,36.83134465917938,12.0,30.0,0.0,15.373642064944179,40.50198102733556,10.0,30.0,0.0,12.77864954661651,48.084466150810047,12.0,30.0,0.0,16.20749387216622,38.52090339243958,20.0,30.0,0.0,15.39828970309896,0.0,0.0,0.0,11.026631391105373,0.0,0.0,474.35076297319747,452.39465179288279,483.6808758593359,461.7322003954081,550.6249611794469,803.6775432504417,529.3202444737797,616.4747343392749,705.4364867279755,0.0,81.46815838817186,81.46815838817186,60.0,0.0,60.0,60.0,12.0,12.0,12.0,19.0,12.0,12.0,21.0,10.0,0.0,0.0,0.0,0.0,0.0,0.0,0.0,0.0,0.0,0.0,0.0,0.0,0.0,81.46815838817186,81.46815838817186,0.0,0.0,0.0,81.46815838817186,0.0,0.0,0.00213 
 03/27  05:50:00,2.118333333333333,96.83333333333334,2.6050000000000006,0.0,0.0,0.0,0.0,0.0,2.0,2.0,0.0,0.0,0.0,0.0,0.0,757.0,0.0,0.0,0.0,0.0,0.0,0.0,0.0,0.0,0.0,0.0,0.0,16.635501500918858,-25.9951203604669,16.601642503181865,-237.92072557925258,16.575095386251264,-49.86867129304619,16.577392251925127,-164.31153418838313,14.59879799782621,-3.5425732096802848,16.673906208222456,-31.6085404754956,15.411661555208564,-64.45604530281526,13.161175106542304,-176.07707941361719,16.101191057376807,-96.5651970220398,426.10440047191789,626.5775417744369,0.0,0.0,0.0,0.0,0.0,0.0,0.0,0.0,0.0,0.0,0.0,0.0,0.0,0.0,0.0,0.0,0.0,0.0,0.0,0.0,0.0,0.0,1.4582044247133977,0.4451173457611104,194.21050865950779,232.81740077063834,5640.663895958561,0.26385153411725578,0.04027038066502683,137.62627257802974,165.04632779514774,3949.906698784251,2.1987173701176796,0.41547947281135308,97.36876936613024,116.72858045032464,2867.495832682315,0.2688043603724789,0.050794474749145657,95.02320674120237,113.95230423836147,2730.9474019775118,0.0,0.0,7.465654037126622,9.00482500797209,189.69175512171459,0.0,0.0,12.880404283833185,15.4142983490604,383.8628119178816,0.0,0.0,69.99236137360477,84.21930852815562,1874.163691840705,0.0,0.0,50.88575128575106,61.776635166423478,1107.1027452978606,0.0,0.0,31.202448211204119,37.429738641706979,888.4751039168725,32.3929940380222,22.21741703568053,198.38565097986783,238.84370089951609,6100.0453433130719,0.0,0.0,62.64557745290812,76.52345443444365,1146.4487382846112,0.0,16.35803360538649,37.87029250082918,22.0,30.0,0.0,16.263434705435434,37.85284446749978,12.0,30.0,0.0,16.343394185003864,37.99385050350875,22.0,30.0,0.0,16.270392149370985,37.84409960393438,12.0,30.0,0.0,14.573092637254862,42.758997734343697,12.0,30.0,0.0,16.84601797629426,36.91651561663189,12.0,30.0,0.0,15.277098730791208,40.66501429999476,10.0,30.0,0.0,12.710751108980162,48.26283699193847,12.0,30.0,0.0,16.155446192102379,38.59496546429481,20.0,30.0,0.0,15.129012721731021,0.0,0.0,0.0,10.956684538448377,0.0,0.0,472.4899422186856,438.16140984934767,491.94088352082715,439.33476471743367,548.9807041544071,800.5149978793837,532.2578561393409,614.7213387619503,701.4667060073444,0.0,81.46815838817186,81.46815838817186,60.0,0.0,60.0,60.0,12.0,12.0,12.0,19.0,12.0,12.0,21.0,10.0,0.0,0.0,0.0,0.0,0.0,0.0,0.0,0.0,0.0,0.0,0.0,0.0,0.0,81.46815838817186,81.46815838817186,0.0,0.0,0.0,81.46815838817186,0.0,0.0,0.0021333333333333336 
 03/27  06:00:00,2.06,97.0,2.58,12.5,94.5,0.0,0.0,0.0,2.0,2.0,0.0,0.0,0.0,0.0,0.0,1514.0,0.0,20.59463207902683,51.21917449766786,131.24634672501265,0.6175328343987553,16.436495894676186,0.0,51.21917449766783,70.02049470742618,0.0,0.0,16.520837381201976,-121.94068158706364,16.580147921121094,-172.73502001474436,16.526192152317685,-129.80491379548676,16.61991033516808,-158.71725010562455,14.568098670155984,-3.8355245519651648,16.63646616037621,-34.5965816769874,15.374428537842349,-51.467609991047769,13.142394472834753,-182.9623141266943,16.09909044614332,-101.18374912083937,434.00936074770245,625.179512632711,0.0,0.0,0.0,0.0,0.0,0.0,0.0,0.0,0.0,0.0,0.0,0.0,0.0,0.0,0.0,0.0,0.0,0.0,0.0,0.0,0.0,0.0,1.4698375495172487,0.44866836065850088,172.1110225997258,206.72263032636688,4968.807800999317,0.27429153929266356,0.041863788048330827,111.25296562866083,133.59290677234515,3208.254881569455,2.1899073962893729,0.4138147007349534,107.27602687764687,128.83114237323367,3149.767208548492,0.27173041224311669,0.05134739460376352,106.52661096371651,127.92376809617392,3077.4931272475525,0.0,0.0,7.781127038030274,9.403902690328055,198.1723729488964,0.0,0.0,12.934474410516537,15.508802108120003,385.9814350179796,0.0,0.0,72.41315945068144,87.30226646162524,1943.8311226411884,0.0,0.0,50.76870648697361,61.75370500253088,1107.026109249356,0.0,0.0,31.41440203771962,37.75313624243344,896.8252511959973,32.4123520642753,22.23069414559349,195.6388450202265,235.91355436626604,6039.474656324832,0.0,0.0,62.488954376641547,76.49112450750411,1141.3899283428248,0.0,16.176011017512626,38.20269417429405,22.0,30.0,0.0,16.284925442681144,37.85107160325898,12.0,30.0,0.0,16.26595243738906,38.043628085312288,22.0,30.0,0.0,16.30596777665845,37.84690944888685,12.0,30.0,0.0,14.545622854644224,42.79185181151879,12.0,30.0,0.0,16.80865338442296,36.961781453013049,12.0,30.0,0.0,15.252933503298243,40.70520414105118,10.0,30.0,0.0,12.677359042675306,48.316397051710229,12.0,30.0,0.0,16.135828358786218,38.59989818315246,20.0,30.0,0.0,15.084292046018409,0.0,0.0,0.0,10.881028771657649,0.0,0.0,473.647199679519,450.5740638861373,483.8745454828861,460.10403404636426,548.9330198171763,799.2327141177625,527.4977840626871,615.6600410721289,699.5646666049815,0.0,81.46815838817186,81.46815838817186,60.0,0.0,60.0,60.0,12.0,12.0,12.0,19.0,12.0,12.0,21.0,10.0,0.0,0.0,0.0,0.0,0.0,0.0,0.0,0.0,0.0,0.0,0.0,0.0,0.0,81.46815838817186,81.46815838817186,0.0,0.0,0.0,81.46815838817186,0.0,0.0,0.0021366666666666667 
 03/27  06:10:00,2.0616666666666667,97.0,2.708333333333334,16.666666666666669,126.00000000000002,0.0,0.0,0.0,2.0,2.0,0.0,0.0,0.0,0.0,0.0,7580.0,0.0,28.824923303224919,66.76357307769591,171.07804873342395,0.8643218366387192,23.00508771985452,0.0,66.76357307769583,91.27086606107878,0.0,0.0,17.715785821022096,-971.7681354077895,16.750657303615819,787.2150308022556,17.98968995507196,-2646.0208424229724,16.932454715622109,891.0083779326465,14.538274290561994,1.4872262933056107,17.657983714594644,-114.28562225577059,15.473098996707467,188.76917435178633,14.23246439329051,-276.59777890053126,17.71385387083251,-280.22906283987848,764.6097597617968,771.8539487362734,0.0,0.0,0.0,0.0,0.0,0.0,0.0,0.0,0.0,0.0,0.0,0.0,0.0,0.0,0.0,0.0,0.0,0.0,0.0,0.0,0.0,0.0,1.4919469037173552,0.45541724777697059,396.3805063654156,473.5900771474909,12884.568103152316,0.38388227055162019,0.05859009013303116,340.47321425186569,408.71466210896679,10131.316802746656,1.5979815303079557,0.30196174042100468,504.80192932547876,602.2004078737311,16819.520794726508,0.3570848315008653,0.06747634760031468,343.43843271391065,411.9253826151806,10391.757935185076,0.0,0.0,11.831720772746563,14.316410346021609,300.6658021171746,0.0,0.0,18.984694974297079,22.67111418912152,621.2442265669419,0.0,0.0,79.71863357875567,96.15792916005184,2178.104045088659,0.0,0.0,40.97453615529137,49.65679815144548,1019.4693600248575,0.0,0.0,47.54781852854986,56.73859898118289,1574.0494861767716,33.77949253171685,23.16837622202802,671.6852000934852,807.9279320110791,20166.53824894155,0.0,0.0,56.535632608134687,69.28411504857195,1044.547993893039,2086.505292552568,18.009457355556383,33.95264459784695,21.999999999999998,30.0,0.0,16.684225030016188,36.88123370490368,15.999999999999999,30.0,4689.357572174071,18.410388435962547,33.10597016097908,21.999999999999998,30.0,0.0,16.927397529066238,36.31814442764026,15.999999999999999,30.0,0.0,14.520802747312077,42.78968786264382,12.0,30.0,1894.7955454253855,18.203746850010988,33.83520390554355,20.0,30.0,0.0,15.499208250053517,39.92840661386616,10.0,30.0,1476.9031220192917,14.36820397687286,43.293972943729219,16.999999999999998,30.0,3141.382865949878,18.315409614185353,33.64345439694932,20.0,30.0,0.0,16.034508699898539,0.0,0.0,0.0,10.99060075313868,0.0,0.0,464.7429570383738,462.2765974608018,463.73173000122775,460.3152535823971,545.6314082332731,781.0586515848842,509.77831920485257,621.1364802089104,679.657274610944,12479.10740500444,79.7526337896513,87.86227143070554,60.0,0.0,60.0,60.0,16.0,16.0,19.0,19.0,16.0,12.0,21.0,10.0,1.0,0.0,2086.505292552568,0.0,4689.357572174071,0.0,1894.7955454253855,0.0,1476.9031220192917,3141.382865949878,12270.710013021693,7362426.007813016,9605915.612813894,79.7526337896513,87.99999999999999,0.40902366710072315,0.766443539484747,0.3602813740196596,87.99999999999999,0.3542647819438876,9605915.612813894,0.5016476118663225 
 03/27  06:20:00,2.0633333333333336,97.0,2.836666666666667,20.833333333333337,157.5,0.0,0.0,0.0,2.0,2.0,0.0,0.0,0.0,0.0,0.0,3790.0,0.0,37.46848267341609,80.4283330551592,206.09329454004709,1.1235042212915103,29.90352337386741,0.0,80.42833305515913,109.95162894068717,0.0,0.0,18.538188498656824,-1417.6654909558989,17.414873417282334,925.7092570343725,18.915462714161508,-3479.1515175332076,17.805616713022084,852.6691164412471,14.513772380825945,11.117291735583138,18.549539550894367,-193.9048765792748,15.73193337114429,102.03922795898862,15.495639863042499,-178.39711698086169,18.517023788083223,-371.59662275760777,1070.6191631810544,987.7459886039217,0.0,0.0,0.0,0.0,0.0,0.0,0.0,0.0,0.0,0.0,0.0,0.0,0.0,0.0,0.0,0.0,0.0,0.0,0.0,0.0,0.0,0.0,1.5678554568913133,0.4785883568044302,453.7766232873113,540.0299553034565,15775.051277632843,0.42479130420698976,0.06483383763842946,400.36641981563698,478.93423855104359,12741.012536676095,1.5997404372441509,0.30229411134621156,568.5147929056221,675.5640850798895,20226.515705000216,0.3757300609745263,0.07099963359306996,378.4260445473509,451.98145701825458,12379.687027844031,0.0,0.0,14.123942257510184,17.09017422550114,358.53758517693975,0.0,0.0,22.791788088370838,27.075857219114558,811.5639874472506,0.0,0.0,93.47396477909521,112.53902818752766,2630.328634714076,0.0,0.0,23.489281853341877,28.247283392758914,686.1326516812337,0.0,0.0,59.3113226303589,70.4656516910071,2110.1369421424576,35.03737945248266,24.03112445300595,764.249685040962,916.7959071509372,24161.556641587787,0.0,0.0,58.685491127420288,71.78135832701715,1135.7958352079332,2024.6548165064979,19.359091923137155,31.144942481736558,22.0,30.0,0.0,17.849597342441528,34.246884490065628,16.0,30.0,4391.272734751703,19.803154361654728,30.288660261376994,22.0,30.0,0.0,18.32680738165175,33.22396480045792,16.0,30.0,0.0,14.506674189646518,42.699576914222067,12.000000000000002,30.0,1090.826684404186,19.84353144597951,30.43870161162313,19.8,30.0,0.0,15.926658535151923,38.799627642236007,10.0,30.0,1131.2990823303254,16.61762261700084,37.370878641436139,17.0,30.0,749.813950500397,19.831638076656775,30.445268249134594,19.6,30.0,0.0,17.044491424915287,0.0,0.0,0.0,11.421411521672664,0.0,0.0,464.7342599187282,466.09389651914406,461.82053587473549,462.36317314375028,541.6448158766132,731.1992977024885,524.8944301092688,622.3410346876606,638.1882216816653,11264.601862574265,80.55623586042161,86.60511814101462,60.0,0.0,60.0,60.0,16.0,16.0,19.0,19.0,16.0,12.0,21.0,10.0,1.0,0.0,2024.6548165064979,0.0,4391.272734751703,0.0,1090.826684404186,0.0,1131.2990823303254,749.813950500397,9153.455383508292,5492073.2301049749,7189665.813502706,80.55623586042161,86.70784824305015,0.3731151794502764,0.7640094914811374,0.36028137401965956,86.70784824305015,0.35426478194388757,7189665.813502706,0.37601262230214069 
 03/27  06:30:00,2.065,97.0,2.965,25.0,189.0,0.0,0.0,0.0,2.0,2.0,0.0,0.0,0.0,0.0,0.0,3032.0,0.0,46.42431796762251,91.79633024178144,235.22322680928228,1.39205178004066,37.05120197875971,0.0,91.79633024178134,125.4925429567098,0.0,0.0,19.01210332119871,-1274.809675288468,17.90494701162165,870.1263977263184,19.475139959742245,-3386.629683895553,18.375850379532193,793.7249447758854,14.496308530215178,15.286116928246998,18.19389978348697,-157.2340094302143,15.874943558010724,257.98384841340399,15.401847253499489,-132.26116432201668,18.43916696039483,-277.624882457604,1270.2186925946908,866.1602708198545,0.0,0.0,0.0,0.0,0.0,0.0,0.0,0.0,0.0,0.0,0.0,0.0,0.0,0.0,0.0,0.0,0.0,0.0,0.0,0.0,0.0,0.0,1.654789003275559,0.5051248483747128,451.0921459672343,535.5394224790541,16262.301837752519,0.43332824660225086,0.0661367897744583,392.5354682555386,468.25385394474338,13081.721306131409,1.759548194547625,0.33249210025465339,562.0500590304772,666.1658220288255,20763.192551719258,0.3760527508484388,0.071060610515578,361.1637830494335,430.050995234113,12398.327163897331,0.0,0.0,14.745449150514798,17.841861955704258,374.1157029603908,0.0,0.0,22.82546909575854,27.175320306199116,784.8483222886471,0.0,0.0,93.96192131149819,113.049990322763,2689.0051126648706,0.0,0.0,20.27634475144781,24.378867603582049,583.8604723948699,0.0,0.0,53.21318600920534,63.2948613263209,1858.8617102459173,35.87956358984037,24.608754176845257,740.0826256631967,885.5015838909626,24526.2775320276,0.0,0.0,51.487669696422269,63.00196970397845,985.5986665506774,1889.2379287348309,20.03602660338521,29.85046224253621,22.0,30.0,0.0,18.641913529920218,32.56534309196475,16.0,30.0,4259.898984786227,20.520785038188444,28.961765919109366,22.0,30.0,0.0,19.17322216843204,31.490504329727508,16.0,30.0,0.0,14.500322876155396,42.63669583205492,12.0,30.0,91.24785206698769,19.200327936921157,31.639423014295369,19.0,30.0,0.0,16.18547745260865,38.12277317255941,10.0,30.0,90.1503125289078,16.295715724743894,38.04166008574436,16.0,30.0,1122.2984463494479,19.497233081415616,31.03983484864623,19.5,30.0,0.0,17.76900452328779,0.0,0.0,0.0,11.311761535533599,0.0,0.0,466.1529769497208,468.31998039154748,463.0503553109992,462.493834518306,548.386428720453,709.7629131780742,518.292864081711,598.9350427273002,632.4597030299469,10877.892813302482,80.81205019647453,87.87996337044453,60.0,0.0,60.0,60.0,16.0,16.0,19.0,19.0,16.0,12.0,21.0,10.0,1.0,0.0,1889.2379287348309,0.0,4259.898984786227,0.0,91.24785206698769,0.0,90.1503125289078,1122.2984463494479,10696.235230032464,6417741.138019478,8411743.270436014,80.81205019647453,88.0,0.35654117433441548,0.7629991615060161,0.36028137401965956,88.0,0.3542647819438875,8411743.270436014,0.43957065006267279 
 03/27  06:40:00,2.0666666666666666,97.0,3.0933333333333339,31.833333333333337,218.33333333333332,0.0,0.0,0.0,2.0,2.0,0.0,0.0,0.0,0.0,0.0,3032.0,0.0,59.71747682519293,97.07560891509974,248.75118972725805,1.790655998157069,47.66049718770181,0.0,97.07560891509962,132.70971715034978,0.0,0.0,19.556232129406419,-1187.0216676385967,18.34586590168505,1052.1331917082385,20.061934650784786,-3225.8234182467369,18.87890569013186,919.1796226468114,14.488935355142147,29.18268385610655,18.62481199890939,-141.94262092467833,16.37488601714793,513.1762733538028,15.784462682257342,-259.9389196199187,18.444428582625635,-164.9355705476022,1478.6266510301858,726.1384675635201,0.0,0.0,0.0,0.0,0.0,0.0,0.0,0.0,0.0,0.0,0.0,0.0,0.0,0.0,0.0,0.0,0.0,0.0,0.0,0.0,0.0,0.0,1.7634217931282117,0.5382850406374272,461.3448810802838,546.2146979523033,17334.61169221652,0.45254150509429638,0.06906921628423327,396.53700095405005,471.8776376080745,13750.844589200728,2.0338291333398637,0.384321453767926,559.7280579117379,661.6508826628027,21528.984229977486,0.390717154540861,0.07383166185579382,357.5466124167099,424.65238936613187,12784.952675298939,0.0,0.0,15.250381882377264,18.45425491744638,387.1706988514825,0.0,0.0,21.502252961301239,25.54539761488947,765.9767473179056,0.0,0.0,82.81572651583847,99.3205760370431,2515.8364878606178,0.0,0.0,23.039199673920085,27.653928471202695,689.9433269826266,0.0,0.0,42.60120275734138,50.70027863531783,1481.6873252216847,36.82290782611496,25.25576668457817,743.2114326506189,886.8283176961326,25834.51894089178,0.0,0.0,41.854065724210439,51.25532214118225,785.4000894515389,1897.4610626884119,20.842515503776775,28.36926920194765,22.0,30.0,0.0,19.348908583565668,31.128383602581143,16.0,30.0,4272.582768322718,21.325469719949269,27.53667887824124,22.0,30.0,0.0,19.925144802356955,30.026258865818659,16.0,30.0,0.0,14.509404417540447,42.52553848852132,12.0,30.0,1260.3550488435868,19.85879707977601,30.312148504885056,20.0,30.0,0.0,17.08887492247091,35.90479155737588,10.0,30.0,1033.7201727729876,16.86957964753012,36.64479842863927,17.0,30.0,0.0,19.382008018838307,31.227453696528529,19.0,30.0,0.0,18.562606966641988,0.0,0.0,0.0,11.126245097752616,0.0,0.0,466.9823502382839,469.83768012955337,466.0284989663519,465.94386681853367,541.1882017334382,692.0115450682865,483.3078054285852,622.8874738520889,628.5769419622913,10809.370590565835,80.85735296858153,86.27587215464473,60.0,0.0,60.0,60.0,16.0,16.0,19.0,19.0,16.0,12.0,21.0,10.0,1.0,0.0,1897.4610626884119,0.0,4272.582768322718,0.0,1260.3550488435868,0.0,1033.7201727729876,0.0,8199.920406278501,4919952.2437671,6397155.37563885,80.85735296858153,86.3678965986733,0.35833068020928346,0.7674023183413059,0.36028137401965956,86.3678965986733,0.3542647819438875,6397155.37563885,0.3348220795332202 
 03/27  06:50:00,2.0683333333333335,97.0,3.2216666666666669,38.666666666666667,247.66666666666667,0.0,0.0,0.0,2.0,2.0,0.0,0.0,0.0,0.0,0.0,3032.0,0.0,73.26079065061997,99.67338424733502,255.40796200530463,2.196762567517055,58.469455573555439,0.0,99.6733842473349,136.26107297921315,0.0,0.0,19.932962708271178,-1154.4750151413719,18.727175521081969,1023.6790988959069,20.51291250008271,-3271.9658753200949,19.29048291206798,905.731777026308,14.489059826505648,37.20428203121048,18.44109887584189,-79.33402062939476,16.864989560843325,501.989143646015,15.562212170894796,-457.8854686736825,18.60798739002812,-156.35344400151377,1590.2917840363953,913.27060320328,0.0,0.0,0.0,0.0,0.0,0.0,0.0,0.0,0.0,0.0,0.0,0.0,0.0,0.0,0.0,0.0,0.0,0.0,0.0,0.0,0.0,0.0,1.858470301871038,0.5672986269447613,466.54710254191118,551.4717744964518,17980.307919083512,0.4660478201106052,0.07113061967500079,395.29572222291565,469.55901845920166,14118.774304754501,2.2697586174275705,0.42890374478979045,559.8567812566919,660.5495473633514,22131.690650753306,0.4036769127790729,0.07628059576324127,356.393393945167,422.49645715933908,13118.71283945558,0.0,0.0,15.00477707944605,18.156561386185659,381.4030561797647,0.0,0.0,18.53083209840186,22.044226207392567,645.7505761912116,0.0,0.0,105.326680840407,125.98738600648017,3359.159392480426,0.0,0.0,44.65665033193634,53.717865057342837,1281.9753563926579,0.0,0.0,33.12947337154378,39.359341877538387,1174.528464003478,37.40277117354016,25.65347817115238,742.0867281150113,884.0424978050234,26551.724233093697,0.0,0.0,60.57625875181684,74.13377030029638,1154.9786999732474,1892.6251319887952,21.355965331898056,27.46473692035918,22.0,30.0,0.0,19.904475539211277,30.043926721896626,16.0,30.0,4257.100914403678,21.886676681278734,26.583451889159784,22.0,30.0,0.0,20.484288599941779,28.98009301513904,16.0,30.0,0.0,14.525968209654647,42.40898486175752,12.0,30.0,0.0,19.462454743600327,31.054240631328896,19.0,30.0,0.0,17.88831985325084,34.11867493676994,10.0,30.0,499.34811442632999,16.213103484882688,38.12656383589272,16.25,30.0,1260.6379389660136,19.708707728761206,30.575698430783939,19.75,30.0,0.0,19.061156854696216,0.0,0.0,0.0,11.281763158809352,0.0,0.0,469.48599313904097,472.5107153010215,469.11892809187648,469.9717947581045,532.2182826909632,690.2558152086239,496.00293364681058,605.302866221236,646.2279561685161,10549.556525690496,81.02917100135554,84.78634498301202,60.0,0.0,60.0,60.0,16.0,16.0,19.0,19.0,16.0,12.0,21.0,10.0,1.0,0.0,1892.6251319887952,0.0,4257.100914403678,0.0,0.0,0.0,499.34811442632999,1260.6379389660136,5685.550222534275,3411330.1335205656,4419642.794962374,81.02917100135554,84.85015427018218,0.35951834075114255,0.7671410027021881,0.36028137401965956,84.85015427018218,0.3542647819438875,4419642.794962374,0.23196475867137679 
 03/27  07:00:00,2.07,97.0,3.35,45.5,277.0,0.0,0.0,0.0,2.0,2.0,0.0,0.0,0.0,0.0,0.0,4548.0,0.0,87.03919129764698,100.45511343917592,257.4112288456809,2.6099196494946694,69.46605110893576,0.0,100.45511343917582,137.329756051066,0.0,0.0,20.006371658805326,-1289.3106793189768,18.932539382691375,771.9339323125582,20.476224154816284,-2195.7079062287546,19.46713693670783,587.5114971345905,14.4924768701743,39.18599839604494,18.509305703848939,-64.0803930497116,17.135023904680794,447.0435623851221,15.869211247435935,-440.4844175825033,18.508861068078184,-105.359732797149,1542.4607910975183,862.689150393386,0.0,0.0,0.0,0.0,0.0,0.0,0.0,0.0,0.0,0.0,0.0,0.0,0.0,0.0,0.0,0.0,0.0,0.0,0.0,0.0,0.0,0.0,1.8746580322893328,0.5722399365962547,439.3603807636518,519.6384900128468,16908.597814759185,0.44424969696072677,0.06780367780230863,353.4706006542618,419.73981349187786,12770.439247106333,2.517713454786195,0.4757584003753198,434.61145026713907,513.3213853463768,16995.47999769127,0.392635016361172,0.07419406960717524,293.63979616731987,348.0462512601324,10876.845021182737,0.0,0.0,14.588913990454266,17.660201859527253,371.2883437134401,0.0,0.0,17.198841415904746,20.480202227474586,595.5712932319837,0.0,0.0,101.1126103889895,120.83548772470687,3297.066029835588,0.0,0.0,40.5550101363947,48.722287279608739,1204.7811125453976,0.0,0.0,30.104348259033107,35.83167273967024,1052.6929466157229,37.376435450279348,25.635415260822574,637.8473624308784,760.0599215556788,23028.176393371235,0.0,0.0,57.04944794708603,69.82747473065446,1098.8302868961428,1850.9075126019894,21.320418090511756,27.50803668328279,21.999999999999969,29.999999999999959,0.0,20.125271832848556,29.617518303058888,15.999999999999977,29.999999999999959,2882.009232351389,21.560073821378887,27.111962219136204,21.666666666666637,29.999999999999959,0.0,20.59941530176021,28.758536691448464,15.999999999999977,29.999999999999959,0.0,14.543775604776132,42.3133158405369,11.999999999999983,29.999999999999959,922.1655540954946,19.346786157290177,31.254269318924018,19.49999999999997,29.999999999999959,0.0,18.26545882939432,33.290635015058089,9.999999999999986,29.999999999999959,774.1304141501513,16.751503513991304,36.78341655874565,16.666666666666644,29.999999999999959,0.0,19.483811675258666,30.98945851756951,18.99999999999997,29.999999999999959,0.0,19.063570613612229,0.0,0.0,0.0,11.386005513374874,0.0,0.0,471.6589957868682,475.33512842727506,471.57213745601418,472.6272830585865,527.8591325661793,695.6838967026735,493.16821942383629,584.6496518031831,652.3005745236397,10440.7278621024,81.10119332073313,85.83722670810697,59.999999999999918,0.0,59.999999999999918,59.999999999999918,16.0,16.0,19.0,19.0,16.0,12.0,21.0,10.0,1.0,0.0,1850.9075126019894,0.0,2882.009232351389,0.0,922.1655540954946,0.0,774.1304141501513,0.0,7167.272947819543,4300363.768691733,5596575.770459841,81.10119332073313,85.91766027757643,0.35224243159398468,0.7665558865130198,0.360281374019659,85.91766027757643,0.354264781943887,5596575.770459841,0.29313860673057837 
 03/27  07:10:00,2.2366666666666665,96.50000000000002,3.47,52.33333333333334,306.33333333333339,0.0,0.0,0.0,2.0,2.0,0.0,0.0,0.0,0.0,0.0,7580.0,0.0,101.03941078745726,99.37282710110209,254.63807115219999,3.0297293765073287,80.63969439447287,0.0,99.37282710110199,135.85018857364663,0.0,0.0,20.124715708305709,-1292.7658875078597,19.026395717500834,777.2716485727762,20.54715346868548,-2193.790404040311,19.535396679825668,622.971270491989,14.492678938828274,40.05318276180918,18.733946580071568,-57.29174226819171,17.295967884770975,431.4454622407977,16.193674775298569,-443.62876208206986,18.712883209550797,-74.30534286396923,1534.711885049047,829.4153890698696,0.0,0.0,0.0,0.0,0.0,0.0,0.0,0.0,0.0,0.0,0.0,0.0,0.0,0.0,0.0,0.0,0.0,0.0,0.0,0.0,0.0,0.0,1.8588175193320365,0.5674046151807194,426.88682871247667,504.8379442494962,16351.639504403272,0.44080707659995657,0.06727824734431572,351.63240840826168,417.54698171708596,12629.792441888321,2.493924078031867,0.47126305329400378,437.93419772274378,517.2501106401317,17019.654739490183,0.39534781173388919,0.07470669155969181,307.96919086647878,365.11842027634557,11307.515399463842,0.0,0.0,14.402203306301985,17.437736127068445,361.91260058752257,0.0,0.0,16.24569174429621,19.326864445138136,565.564137157965,0.0,0.0,100.2486673035227,119.763733050086,3273.110460330764,0.0,0.0,38.23987484624526,45.8986111887097,1150.8716994028767,0.0,0.0,24.572953124451144,29.240164919766277,850.6268175174459,37.394220801949497,25.647613718758238,650.6775467782147,775.2322177202293,23378.303233868417,0.0,0.0,54.59161312942681,66.84586411345259,1031.1328293041243,1866.1568644680443,21.398356476784124,27.373918890955048,21.999999999999998,30.0,0.0,20.189094087598894,29.506042982773953,15.999999999999999,30.0,2522.8292214212917,21.603626943612079,27.036287084064168,21.599999999999999,30.0,0.0,20.608789035838453,28.745051652621368,15.999999999999999,30.0,0.0,14.552627543966505,42.24954930802819,12.0,30.0,0.0,19.61305457213113,32.03842901260857,19.0,30.0,0.0,18.464936393500826,32.85672667931121,10.0,30.0,1353.7341670392833,17.156240761615189,35.82712267822961,20.7,30.0,907.19279707991,19.436997484962963,32.14156543686961,19.4,30.0,0.0,19.17953782469569,0.0,0.0,0.0,11.371423807757692,0.0,0.0,474.6843880110097,478.4163783195053,474.53225493961079,476.9188168818601,521.9936776124788,734.4665164780721,490.7963083030196,562.7005707801734,690.2499072952251,10328.177575638194,81.17565612214708,84.70608128664196,60.0,0.0,60.0,60.0,16.0,16.0,19.0,19.0,19.7,12.0,21.0,10.0,1.0,0.0,1866.1568644680443,0.0,2522.8292214212917,0.0,0.0,0.0,1353.7341670392833,907.19279707991,5342.799324372601,3205679.5946235617,4192076.9474804878,81.17565612214708,84.76603962614229,0.3480933108124201,0.7667795774889519,0.3602813740196596,84.76603962614229,0.3542647819438876,4192076.9474804878,0.22007800126898537 
 03/27  07:20:00,2.4033333333333335,96.0,3.5900000000000009,59.166666666666667,335.6666666666667,0.0,0.0,0.0,2.0,2.0,0.0,0.0,0.0,0.0,0.0,3032.0,0.0,115.24874234270934,96.49739928632673,247.27009942517609,3.455810702364886,91.98024385481043,0.0,96.4973992863266,131.91926075099628,0.0,0.0,20.226499709241545,-1305.6113972352378,19.127078380407075,739.3202992711654,20.27912205308528,-1770.0568992975505,19.625343019246718,559.719285279624,14.493487891546046,39.568430408986078,18.455950492484143,-48.547918671664579,17.44155493507516,435.3410252155097,16.91936438020892,-376.43377139058375,18.567826480631945,-50.266935021247608,1507.974553342724,693.0125862263262,0.0,0.0,0.0,0.0,0.0,0.0,0.0,0.0,0.0,0.0,0.0,0.0,0.0,0.0,0.0,0.0,0.0,0.0,0.0,0.0,0.0,0.0,1.8422053833766068,0.5623337556094649,454.851247542946,537.7186042937509,17258.87173854869,0.43128566254154296,0.06582504007044307,340.7646715229149,404.3269977465205,12184.433080985893,2.4482329448424409,0.4626290523133865,447.7965555934012,529.2761516423498,16998.399613680842,0.38974641192430856,0.0736482259872087,266.1920552078126,315.2795521960702,9740.74367674516,0.0,0.0,14.316896644718748,17.32661740209847,355.17459995791088,0.0,0.0,15.998482517116134,19.046347395896555,539.4292771444069,0.0,0.0,90.61587600162119,108.14168581380837,2960.2900524121989,0.0,0.0,27.07382137105173,32.36732742174652,864.1744598902076,0.0,0.0,23.41950650309456,27.861457688850899,802.3481903200291,37.32940509134732,25.603158498866479,643.7360288370144,766.4984354514579,22970.421873042193,0.0,0.0,44.20672642260415,54.13379414810804,810.5063263526143,1832.145989462103,21.44593988791557,27.317188008987526,22.0,30.0,0.0,20.271205591069248,29.395602129075934,16.0,30.0,2168.378726083034,21.39347877546012,27.422649084232849,21.5,30.0,0.0,20.667383046908769,28.67412986079073,16.0,30.0,0.0,14.560446258718896,42.241957469126877,12.0,30.0,459.3982144830598,19.19179923998536,34.612666029874059,19.25,30.0,0.0,18.647677756702469,32.48570321010321,10.0,30.0,1297.8212246296108,18.342062413403395,33.358458713805379,20.7,30.0,0.0,19.472804223225518,33.46957279232967,19.0,30.0,0.0,19.22022682004583,0.0,0.0,0.0,11.247166951621244,0.0,0.0,476.42185636622266,481.2896432211704,476.20483429198665,479.31600858567449,516.5572469909796,776.7241783711177,484.95416676820869,554.2751637556816,721.4763787236915,9799.852414363628,81.52502831433358,85.00726201339205,60.0,0.0,60.0,60.0,16.0,16.0,19.0,19.0,19.7,12.0,21.0,10.0,1.0,0.0,1832.145989462103,0.0,2168.378726083034,0.0,459.3982144830598,0.0,1297.8212246296108,0.0,5269.942566285191,3161965.5397711147,4123590.6471733956,81.52502831433358,85.06640190182459,0.3456647522095064,0.7680394706347847,0.36028137401965956,85.06640190182459,0.3542647819438875,4123590.6471733956,0.2165100469863499 
 03/27  07:30:00,2.57,95.5,3.71,66.0,365.0,0.0,0.0,0.0,2.0,2.0,0.0,0.0,0.0,0.0,0.0,3032.0,0.0,129.65436900467615,92.01698882874831,235.78945977834059,3.887779271316368,103.47746991657084,0.0,92.01698882874817,125.7941999742699,0.0,0.0,20.382858889167939,-1090.4610515407858,19.211340400702164,730.9363165674126,20.669755600591715,-2382.019667072017,19.76487455221411,637.6988145265236,14.486214226519343,33.19347183167332,18.782155002509417,-51.16201085894785,17.536474096748309,393.2070558549199,17.809248113551907,-25.254242820740033,18.63435016156736,-76.84054571359514,1504.5092388715048,384.94755591284697,0.0,0.0,0.0,0.0,0.0,0.0,0.0,0.0,0.0,0.0,0.0,0.0,0.0,0.0,0.0,0.0,0.0,0.0,0.0,0.0,0.0,0.0,1.8528051938035009,0.5655693509778697,436.2419931317685,515.4181031665094,16539.794629161308,0.43146378350741446,0.06585222581004495,328.36520146604598,389.464157242898,11678.964215841452,2.139795852252904,0.40434539914076059,495.08034485719079,584.6950882664717,18951.55687966821,0.38777537375024059,0.07327576979407416,322.0785061782739,381.4725244729634,11763.940037129476,0.0,0.0,14.093692744547221,17.05630567208093,344.62512644006497,0.0,0.0,15.438888482358927,18.334659036476276,534.1139985649913,0.0,0.0,75.17799004473787,89.67201665773215,2444.9469900247156,0.0,0.0,16.847314474197665,20.027122295766003,580.8408440217111,0.0,0.0,15.648797856213307,18.6024150206226,532.6169544102389,37.3536664761452,25.619798680483688,652.8451320273147,777.2449091692236,23150.182382903586,0.0,0.0,21.519176355362796,26.389216639040308,366.7658452782909,1730.6382730605909,21.6414559308164,27.076961314013617,21.75,30.0,0.0,20.33170283161404,29.370403330887009,16.0,30.0,3541.060282778665,21.82063152702103,26.778637419316973,22.0,30.0,0.0,20.853113311841704,28.443302216139658,16.0,30.0,0.0,14.551165315518058,42.35819682358874,12.0,30.0,535.0111253191888,19.85211833695231,34.26752978705136,19.5,30.0,0.0,18.737710270012788,32.36383858150013,10.0,30.0,1314.7976091157798,19.78953331871516,30.59784289667197,20.7,30.0,938.5141144613012,19.498606732571547,34.529467148430807,19.5,30.0,0.0,19.306969853510876,0.0,0.0,0.0,10.7901717969351,0.0,0.0,480.68835722868598,484.7906642846166,479.220778389134,483.66688019916497,512.484076341856,809.0822700704198,480.5839334405706,536.1751166679551,766.1730647799307,10790.694491585677,80.86970731940602,86.36011579194309,60.0,0.0,60.0,60.0,16.0,16.0,19.0,19.0,19.7,12.0,21.0,10.0,1.0,0.0,1730.6382730605909,0.0,3541.060282778665,0.0,535.0111253191888,0.0,1314.7976091157798,938.5141144613012,8308.634296874647,4985180.578124788,6518187.54183411,80.86970731940602,86.45336115471203,0.3619544765624882,0.764280735719708,0.36028137401965956,86.45336115471203,0.3542647819438875,6518187.54183411,0.3410224188420405 
 03/27  07:40:00,2.7366666666666665,95.0,3.83,73.66666666666666,374.1666666666667,0.0,0.0,1.0,2.0,0.0,0.0,0.0,0.0,0.0,4.0,7580.0,0.0,143.82179268502163,84.29306928680157,215.9974879028805,4.312602134473679,114.7845527276777,0.0,84.29306928680144,115.2350163733688,0.0,0.0,20.190306523132344,-1551.9750072795799,19.27949176064959,512.3422624089577,20.60715357812886,-1354.7889431547845,19.765817457711959,473.79429764579859,14.484160816305,37.970721076064517,18.41533457702016,-88.76454158230094,16.648364841875325,-690.4291419056477,18.244325960871863,-197.67031917900213,18.37718873870054,-783.0500585563743,1452.8938704424518,2527.9865698003056,0.0,0.0,0.0,0.0,0.0,0.0,0.0,0.0,0.0,0.0,0.0,0.0,0.0,0.0,0.0,0.0,0.0,0.0,0.0,0.0,0.0,0.0,1.8723838548886905,0.571545743250516,360.46488337767439,426.6123760873849,13366.002663360818,0.4134419639458156,0.06310164284887297,297.0533360429767,352.64883950332895,10473.297808105759,2.0086238136850707,0.37955854378024786,286.68081200555135,338.71641670185115,10846.34202626505,0.3640962911997545,0.06880126439904659,277.6749558870105,329.0554564677579,10001.643296700135,0.0,0.0,14.460906295574909,17.51206972730819,348.74984952579117,0.0,0.0,17.29237555796491,20.590538590741546,573.2883880141612,0.0,0.0,282.69023130669299,339.5817537346565,8055.044378053522,0.0,0.0,37.61617420393431,44.62455936495839,1325.8858408485276,0.0,0.0,206.2392145695452,245.8906310486866,6731.179185378995,37.22466026600561,25.53131705487354,565.6585620864314,673.9015412060921,19979.432959166978,0.0,0.0,217.30737252599003,263.9124630790467,4852.1374443508179,1827.6161093762926,21.25718788967659,28.098699403443278,21.999999999999998,30.0,0.0,20.362203197555237,29.610253318806178,15.999999999999999,30.0,1396.5711003704105,21.556815462094546,28.22726035218511,21.4,30.0,0.0,20.76684822592228,29.381225409901,19.0,30.0,0.0,14.553491357551345,42.77537688418681,12.0,30.0,4.830291896618224,19.262618394030907,36.20189693332968,19.0,30.0,0.0,16.879816945987796,37.69167249456488,10.0,30.0,714.9240725344869,20.38713367864287,30.554425590371733,20.299999999999998,30.0,0.0,19.02204246834064,33.27190680065653,12.0,30.0,0.0,19.261189242226423,0.0,0.0,0.0,13.547284059863582,0.0,0.0,499.4822027806805,498.24829796916057,530.7552852337682,519.7457123079731,529.6707575126608,828.0250666070359,568.8699621118209,587.2102025494321,594.9796231774573,10193.369371607028,81.26481904962239,84.04907827500988,220.0,0.0,220.0,220.0,16.0,19.0,19.0,12.0,19.7,12.0,21.0,10.0,1.0,0.0,1827.6161093762926,0.0,1396.5711003704105,0.0,4.830291896618224,0.0,714.9240725344869,0.0,4213.642699614101,2528185.6197684605,3283291.741723174,81.26481904962239,84.09636423976325,0.34445475665380345,0.7682176749385016,0.3602813740196596,84.09636423976325,0.3542647819438876,3283291.741723174,0.17832117056960512 
 03/27  07:50:00,2.903333333333333,94.5,3.95,81.33333333333334,383.33333333333339,0.0,0.0,1.0,2.0,0.0,0.0,0.0,0.0,0.0,4.0,3032.0,0.0,158.03035591222267,76.77236317142266,196.7262410470273,4.738658844572525,126.12447181362023,0.0,76.77236317142253,104.95364093316182,0.0,0.0,20.103798395693958,-1496.1203194258438,19.208103710043756,492.152166804055,20.629683503248886,-1381.673808537604,19.722766571306516,432.98885795681579,14.477827053991153,31.571026653137865,19.014563686463334,-138.5413746439525,16.08239023306056,-2.2376068523410597,18.16608944030501,-280.5197630797086,17.498430136961006,-492.3696429450772,1387.7823044230564,1869.3394208284049,0.0,0.0,0.0,0.0,0.0,0.0,0.0,0.0,0.0,0.0,0.0,0.0,0.0,0.0,0.0,0.0,0.0,0.0,0.0,0.0,0.0,0.0,1.84674293576351,0.5637188448606563,352.3225270891352,417.04472574124869,12798.73301734228,0.4044541735990843,0.06172987997544023,285.7465489937895,339.23847939530119,9877.419079640214,1.8930354274103166,0.3577164450888733,275.81626138223836,325.713450104266,10326.044990841718,0.3504323060634201,0.06621925662574074,266.98076495797,316.2804545891148,9478.517096244235,0.0,0.0,14.073016330719622,17.034394506735166,334.4420115462636,0.0,0.0,17.302315620530114,20.53897485663337,593.2565226761897,0.0,0.0,271.4267651471493,326.81337814626036,7261.305534570547,0.0,0.0,46.0048341742513,54.60248535328721,1586.0128530821772,0.0,0.0,185.5038887362206,222.1942629830536,5513.540243219787,37.006704894945709,25.38182777431119,543.6140487404376,647.5129180571537,18911.185781770677,0.0,0.0,203.46217685246718,246.72101747635723,4642.14825019096,1859.5600029933958,21.035716230865025,28.761402069714245,22.0,30.0,0.0,20.172230602806218,30.278541442068474,16.0,30.0,1790.5299775051586,21.529401837883165,28.63800307614715,21.5,30.0,0.0,20.64673839907031,30.13381465106866,19.0,30.0,0.0,14.545241210239837,43.43191072411372,12.0,30.0,1300.7071005857654,20.036838636942,34.977348414336699,20.0,30.0,0.0,16.085921522056009,39.781366880510159,10.0,30.0,1166.4118242164505,20.108886177302176,31.79758096906995,20.45,30.0,0.0,17.596165131562637,36.1117465620548,12.0,30.0,0.0,19.129366063773327,0.0,0.0,0.0,14.017706154947007,0.0,0.0,512.4928983322694,512.2250520352061,549.0040086447777,545.830781611238,557.0290299046193,850.6851928476199,570.3858510790093,627.3778800691017,572.2935813095085,11110.146325892048,80.65844175571202,87.8773981550487,220.0,0.0,220.0,220.0,16.0,19.0,19.0,12.0,19.7,12.0,21.0,10.0,1.0,0.0,1859.5600029933958,0.0,1790.5299775051586,0.0,1300.7071005857654,0.0,1166.4118242164505,0.0,10924.6101778552,6554766.106713121,8583906.816178948,80.65844175571202,88.0,0.3641536725951734,0.763624348716031,0.36028137401965956,88.0,0.3542647819438875,8583906.816178948,0.453879821107972 
 03/27  08:00:00,3.07,94.0,4.07,89.0,392.5,0.0,0.0,1.0,2.0,0.0,0.0,0.0,0.0,0.0,4.0,3032.0,0.0,172.10523730247977,69.75931333374801,178.75583667485169,5.160707442683538,137.35770382100317,0.0,69.75931333374789,95.36627011241242,0.0,0.0,20.06455338017582,-1497.0626901924016,19.17825408445338,487.1564735745528,20.755475331701875,-1460.1935623228056,19.7101433274616,453.2098484122304,14.465623472062515,26.826837025000658,18.77795412189328,-124.94161506939594,16.129349316476078,55.60591270674945,18.537066378407194,-414.0117667338965,17.110268348784893,-218.4701209418099,1321.2931751841825,1432.1492962878043,0.0,0.0,0.0,0.0,0.0,0.0,0.0,0.0,0.0,0.0,0.0,0.0,0.0,0.0,0.0,0.0,0.0,0.0,0.0,0.0,0.0,0.0,1.8780974837717804,0.5732898302111662,356.4952017476783,422.18081637667617,12742.954235644173,0.4123184181207093,0.06293016149583476,290.93356662317196,345.51783422622256,9905.809859463516,1.6443513190685249,0.31072398319511065,259.303144283522,306.0329906238313,9630.630435827323,0.3380565095677086,0.06388067074219738,248.36144007628833,294.0921715388688,8726.830571581073,0.0,0.0,13.474077311295958,16.31032365742488,315.16229028946057,0.0,0.0,17.366970171964146,20.639007709434666,578.5137904603013,0.0,0.0,211.91632484847225,255.00274865342545,5657.768786537392,0.0,0.0,56.34169525071767,66.7714329775024,1977.0611740932359,0.0,0.0,121.50824116818554,145.78507214729152,3444.062895005236,36.904610445945959,25.31180414673934,529.5468669668412,630.8512537090439,18148.455110931704,0.0,0.0,142.18909960788774,172.71848464608204,3043.488536980579,1850.0009477306588,20.903977916111395,29.63218255925371,22.0,30.0,0.0,20.070431654105684,31.099618194889165,16.0,30.0,1715.5306450204165,21.690205717679999,29.034694411750988,21.5,30.0,0.0,20.602364415915085,30.93879705531109,19.0,30.0,0.0,14.526589781213764,43.884473808461468,12.0,30.0,0.0,19.683177220074279,36.29144097394303,19.0,30.0,0.0,16.227137159381234,39.839738838162649,10.0,30.0,1250.0582078098196,20.63318273086672,30.952987738138704,20.7,30.0,0.0,17.08073800475104,37.57777359792217,12.0,30.0,0.0,18.971256246374926,0.0,0.0,0.0,13.500993592964566,0.0,0.0,540.8351767245221,539.5442031410644,580.9142286964852,578.9968162533978,567.5097155189598,866.2870061282106,574.3877254170718,622.164322985896,571.7484372353886,10902.209290259118,80.79597996627146,86.24255376873193,220.0,0.0,220.0,220.0,16.0,19.0,19.0,12.0,19.7,12.0,21.0,10.0,1.0,0.0,1850.0009477306588,0.0,1715.5306450204165,0.0,0.0,0.0,1250.0582078098196,0.0,8242.379050108197,4945427.4300649189,6452627.699298695,80.79597996627146,86.33505467328185,0.35974596833693986,0.7668379370330685,0.36028137401965956,86.33505467328185,0.3542647819438875,6452627.699298695,0.3429799736968655 
 03/27  08:10:00,3.308333333333333,93.33333333333334,4.213333333333334,96.66666666666667,401.6666666666667,0.0,4.0,0.0,0.0,0.0,0.0,0.0,0.0,0.0,0.0,6064.0,0.0,186.0406767839907,63.70514114433898,163.24250394066915,5.578575182920941,148.47965133928899,0.0,63.7051411443389,87.08975773391518,0.0,0.0,20.28486891797438,-1200.7815123550832,19.222186627248545,659.726820077444,20.636557534864047,-1248.2609024932445,19.735420314592174,-40.05808310057586,14.459474674220548,33.741911483003409,18.23475674179035,-331.1375240448888,16.61073549556536,625.2084047397275,17.941072933085395,-197.2917335607949,16.86066239281449,-502.4055660880308,1163.4475017764135,1144.839667561018,0.0,0.0,0.0,0.0,0.0,0.0,0.0,0.0,0.0,0.0,0.0,0.0,0.0,0.0,0.0,0.0,0.0,0.0,0.0,0.0,0.0,0.0,1.7593206797034578,0.5370331745126551,411.18597580184186,486.5172026485171,14760.515988716477,0.42015304131681666,0.0641259220569012,341.17680783663107,405.2527480607908,11478.492723291649,1.662645683479486,0.31418096815560977,203.80139557087848,240.8390153868923,7476.5584599806929,0.3608968673452294,0.06819668695110153,22.475666550745627,26.643684549309126,785.5218830936819,0.0,0.0,12.952271707356525,15.68785285637728,296.504166487824,0.0,0.0,86.09283882500067,102.75342511475204,2680.8940222970807,0.0,0.0,239.1244960349595,286.9034210168467,6710.349596080042,0.0,0.0,41.883788275459078,49.85889721286931,1368.298191890382,0.0,0.0,104.36860613429494,125.38556770963152,2824.520945180986,37.12082209182389,25.460097456669346,354.87901479616149,423.87779996615856,11955.38295151651,0.0,0.0,113.02787057701595,137.418701885051,2310.1517629361826,1851.3585372097048,21.245436701050126,29.351717481538104,22.0,30.0,0.0,20.112488127576943,31.449289877214676,16.0,30.0,1476.0195278388183,21.493214043486696,28.827909602605208,21.375,30.0,0.0,20.544203299640068,33.8021822118905,19.0,30.0,0.0,14.520765342250146,44.478741417972937,12.0,30.0,0.0,18.744729615493033,35.788380048694779,16.0,30.0,0.0,17.20564988473943,38.49906617775865,10.0,30.0,0.0,19.494538239127889,33.18477172000929,16.0,30.0,0.0,16.73840336522452,39.07923931208209,12.0,30.0,0.0,18.47732081043551,0.0,0.0,0.0,13.152723951279972,0.0,0.0,553.2617896201027,555.4717629015016,545.901611394512,738.8236226604463,584.802793433774,682.059755882441,620.2602979541457,613.5259090392214,600.7301991784779,9689.025495148615,81.59830896284692,83.39188840306029,132.0,0.0,132.0,132.0,16.0,19.0,16.0,12.0,16.0,12.0,21.0,10.0,1.0,0.0,1851.3585372097048,0.0,1476.0195278388183,0.0,0.0,0.0,0.0,0.0,2714.283886985153,1628570.332191092,2119844.171730567,81.59830896284692,83.42234933623024,0.34547612956617176,0.7694959893353814,0.36028137401965956,83.42234933623024,0.3542647819438875,2119844.171730567,0.11465389692998948 
 03/27  08:20:00,3.546666666666667,92.66666666666667,4.356666666666667,104.33333333333334,410.8333333333333,0.0,4.0,0.0,0.0,0.0,0.0,0.0,0.0,0.0,0.0,3032.0,0.0,199.83111126156647,59.065992942963678,151.35509194641316,5.992095224329765,159.48587414853504,0.0,59.0659929429636,80.74769042675551,0.0,0.0,20.333686425217,-1421.4709125867458,19.315376793565897,552.6424926789296,20.642439653687395,-1067.581667562947,19.58825454178637,-62.49294807195818,14.466003097121427,43.3858235859325,17.832971761095679,-86.13469636729116,16.960579912508206,184.26199406124943,17.09328892890027,-48.55390585400838,16.30941414858085,-686.5224136917476,1188.4387003794087,1467.669859331406,0.0,0.0,0.0,0.0,0.0,0.0,0.0,0.0,0.0,0.0,0.0,0.0,0.0,0.0,0.0,0.0,0.0,0.0,0.0,0.0,0.0,0.0,1.7557350184857699,0.5359386503314316,416.65512275407476,492.8364095125368,14764.14787284778,0.4061028264750599,0.061981505872261897,317.7898151922955,377.21341175269267,10606.200359014318,1.80126135385018,0.34037440548945216,189.39482799074745,223.64965495776813,6867.121263036811,0.36107866791047629,0.0682310407994097,23.395094080215296,27.73263816177743,793.5125553570701,0.0,0.0,11.973661856098002,14.493700877733975,268.68989765266306,0.0,0.0,56.39873581509715,67.4361832951002,1659.7579200300698,0.0,0.0,279.8164579648429,334.96559751375278,7977.907821012914,0.0,0.0,26.368329248220137,31.53829262994453,773.6823352407562,0.0,0.0,183.77516157768106,221.36127851688407,4582.752112113053,37.267736658886807,25.560861905958036,355.26616735233059,424.082439970882,11848.198473643537,0.0,0.0,188.64318162660428,228.67238598894876,4035.5509867320777,1886.2523657120397,21.284386578153286,29.36691614864286,22.0,30.0,0.0,20.218238317187298,31.356067118757964,16.0,30.0,1812.4285889638086,21.494325106032095,29.011936254058818,21.5,30.0,0.0,20.263656665645905,37.0949435988164,19.0,30.0,0.0,14.536706168508106,44.91248990682984,12.0,30.0,0.0,18.131060731230574,36.224318121332917,16.0,30.0,0.0,17.68213111258007,37.02167954960049,10.0,30.0,0.0,18.03910679411573,36.28197626436381,16.0,30.0,0.0,15.857096410772654,41.6233878689128,12.0,30.0,0.0,18.52275474287744,0.0,0.0,0.0,13.913953250280745,0.0,0.0,553.9335240704833,557.3977893820544,552.0749489337152,903.6883312407389,596.9805565627921,615.4153023802319,595.6777390030627,607.2165810648448,606.3916756380122,10054.115075081401,81.35688704461548,83.16267367791193,132.0,0.0,132.0,132.0,16.0,19.0,16.0,12.0,16.0,12.0,21.0,10.0,1.0,0.0,1886.2523657120397,0.0,1812.4285889638086,0.0,0.0,0.0,0.0,0.0,2732.738796254194,1639643.2777525164,2122217.187832257,81.35688704461548,83.19334192974552,0.34609129320847317,0.7701861099739246,0.36028137401965956,83.19334192974552,0.3542647819438875,2122217.187832257,0.11474062710061073 
 03/27  08:30:00,3.785,92.0,4.5,112.0,420.0,0.0,4.0,0.0,0.0,0.0,0.0,0.0,0.0,0.0,0.0,3032.0,0.0,213.47122847037847,56.25205062348204,144.14466847851598,6.40110824574801,170.37213220040696,0.0,56.252050623481988,76.90081793767947,0.0,0.0,20.24985859546593,-1473.2186880988903,19.34436555201338,482.1834678584253,20.66217796296805,-593.2157234688041,19.474668897006539,-87.7195361820597,14.478611380838935,44.432079012966998,17.611092187392253,-66.50797439946365,16.770314631729183,99.98641620423996,16.59216463057173,-23.23915671402979,15.9844598316539,-476.63357090200477,1187.6831823014878,1417.520018364118,0.0,0.0,0.0,0.0,0.0,0.0,0.0,0.0,0.0,0.0,0.0,0.0,0.0,0.0,0.0,0.0,0.0,0.0,0.0,0.0,0.0,0.0,1.724421117101303,0.5263800723752452,419.1505356112019,496.2541512647442,14464.79319379778,0.38087652753997355,0.05813133814712661,279.66347226168008,331.9886280671933,9204.57225244407,1.8219462025376008,0.34428310705548029,183.66305405046283,217.104728558477,6502.094288568354,0.3725346787039856,0.07039581986091942,26.856195570829489,31.87343926274665,886.4580206264718,0.0,0.0,11.672872244142905,14.128396206883153,256.8275485609788,0.0,0.0,48.353857969834759,57.864388644332837,1367.4140373826938,0.0,0.0,305.7610141144741,366.58792059936209,8349.18716564529,0.0,0.0,15.198267817161972,18.224938229404687,412.5180161261046,0.0,0.0,212.71376708060786,256.67031413559138,5047.030591145523,37.38572882975761,25.64178932082141,354.28124181747276,422.7512345720599,11745.639218346676,0.0,0.0,216.61091837438728,262.53175839293416,4605.0930137146019,1820.711187030453,21.1138427957828,30.096286342231737,22.0,30.0,0.0,20.218215418018155,31.736683481152239,16.0,30.0,1097.5796066781955,21.43110983374732,29.479113488582166,21.25,30.0,0.0,20.05600960732256,38.169626880216949,19.0,30.0,0.0,14.560378781017026,45.01020699893394,12.0,30.0,0.0,17.80110418757116,36.80719860309446,16.0,30.0,0.0,17.28899917497685,38.0161617487691,10.0,30.0,0.0,17.214803445904573,38.176360749777817,16.0,30.0,0.0,15.440848447844108,42.701908011065629,12.0,30.0,0.0,18.58779437444962,0.0,0.0,0.0,14.16597754830753,0.0,0.0,571.1004325905869,570.4413913868216,567.5621866954857,943.2456015616224,594.7874476751,595.6655246342323,585.7795447577454,599.2867146306805,590.3530198382783,9617.370574474146,81.64561879953284,83.55736191224277,132.0,0.0,132.0,132.0,16.0,19.0,16.0,12.0,16.0,12.0,21.0,10.0,1.0,0.0,1820.711187030453,0.0,1097.5796066781955,0.0,0.0,0.0,0.0,0.0,2892.907055157452,1735744.233094471,2251232.3839201915,81.64561879953284,83.58982965684817,0.3514302351719151,0.771279115071752,0.36028137401965956,83.58982965684817,0.3542647819438875,2251232.3839201915,0.12141275063051661 
 03/27  08:40:00,4.023333333333333,91.33333333333334,4.643333333333333,117.0,437.8333333333333,0.0,0.0,1.0,2.0,0.0,0.0,0.0,0.0,0.0,0.0,6822.0,0.0,224.33367460680615,54.9173421213119,140.7247050247536,6.726835223184464,179.0415722384841,0.0,54.917342121311857,75.07617022461618,0.0,0.0,20.44540802862999,-1348.3386222928107,19.368990899115475,667.360314837221,20.73841699525199,-2304.3835298738988,19.535744318362249,741.2648043835499,14.486820091148461,46.57348595550845,18.521760885070067,-108.99468111186443,16.676040951827419,122.59775296931531,17.32925938071544,-117.17051149368882,15.817637527415,-381.0699262493591,1302.9511554492895,1367.2159073749354,0.0,0.0,0.0,0.0,0.0,0.0,0.0,0.0,0.0,0.0,0.0,0.0,0.0,0.0,0.0,0.0,0.0,0.0,0.0,0.0,0.0,0.0,1.6621813660564593,0.5073813693701047,428.41338245797479,506.677991881474,14864.803837365398,0.39974011300101505,0.06101039575717581,338.150101259777,401.480899836591,10970.720799896877,1.5273280396801619,0.28861074068030348,481.63186179909737,569.0434928416548,16895.43735427623,0.38450445756270459,0.07265768283497834,358.6086697877615,425.60878129909909,11675.83601776463,0.0,0.0,12.880487736248499,15.596449657385742,277.50072938960587,0.0,0.0,19.1760250511663,22.856491564021419,580.8424844277788,0.0,0.0,276.21603927863148,331.512175351103,7322.068539035986,0.0,0.0,29.47554639793304,35.18098820400026,862.1893298416151,0.0,0.0,218.09661679332403,263.4449953045076,4992.929358127522,37.804506373350587,25.929016716975775,689.6458909060173,821.3673858076554,22247.659630406994,0.0,0.0,223.1641013863088,270.4590498906443,4696.0917515119349,1876.173450636457,21.37933709891593,30.418471410128519,22.000000000000047,30.000000000000065,0.0,20.23207806984404,32.4905861405039,16.000000000000033,30.000000000000065,2424.303632943912,21.5481158893046,30.28051224112793,21.5555555555556,30.000000000000065,0.0,20.283071419224919,32.86469242037798,16.000000000000033,30.000000000000065,0.0,14.574733530369365,45.15956055396849,12.000000000000029,30.000000000000065,1780.373906912262,19.076637667784003,35.03582353393095,20.000000000000044,30.000000000000065,0.0,17.1264501303486,38.856542997372489,10.000000000000022,30.000000000000065,1356.6390768696707,18.376642682445988,36.211625119840238,20.700000000000047,30.000000000000065,0.0,15.26448136242264,43.45334820263261,12.000000000000029,30.000000000000065,0.0,19.27260905902166,0.0,0.0,0.0,14.304014972168636,0.0,0.0,617.9170201406689,611.551039530776,627.0115607782593,638.9462222204224,593.113273606694,668.7533725098051,598.6769306843697,643.3283307477362,593.3058266459705,10704.778296824346,80.92653486648004,85.80480608984615,60.00000000000013,0.0,60.00000000000013,60.00000000000013,16.0,16.0,19.0,12.0,19.7,12.0,21.0,10.0,1.0,0.0,1876.173450636457,0.0,2424.303632943912,0.0,1780.373906912262,0.0,1356.6390768696707,0.0,7382.284420106853,4429370.652064101,5782905.512888942,80.92653486648004,85.88765532996797,0.3594094806702287,0.7658347204578188,0.36028137401966039,85.88765532996797,0.3542647819438883,5782905.512888942,0.3026710866702249 
 03/27  08:50:00,4.261666666666667,90.66666666666666,4.786666666666667,122.0,455.6666666666667,0.0,0.0,1.0,2.0,0.0,0.0,0.0,0.0,0.0,0.0,3032.0,0.0,251.4412234761076,57.557338275816608,147.48970186604064,7.539663520293632,200.67605367170556,0.0,57.557338275816579,78.68524511848315,0.0,0.0,20.551078470922176,-1397.8152571672086,19.505509653449957,643.9815754260126,20.759289355037905,-1767.2185092851083,19.75521911799771,514.7336709932436,14.498530847330216,47.19220354290859,18.796291847060784,-131.3144878548387,16.635834414148336,129.4639163435313,18.2694108786067,-302.41767278404935,15.73902196084513,-266.45349996855819,1369.7687588120398,1379.2207429719497,0.0,0.0,0.0,0.0,0.0,0.0,0.0,0.0,0.0,0.0,0.0,0.0,0.0,0.0,0.0,0.0,0.0,0.0,0.0,0.0,0.0,0.0,1.6479440102650279,0.503035412168812,453.6641373548193,536.2214321265312,15566.621382969952,0.39045466876335047,0.05959320341320977,325.37090308477885,385.86362756564747,10512.883103503318,1.5903637817242445,0.30052225656164868,458.6237769848012,541.9554574952163,15715.897715904224,0.3687230167660174,0.06967555116515821,310.92622464835696,368.37416052944016,10185.367669832398,0.0,0.0,13.005520839793228,15.738789282318323,274.387823085695,0.0,0.0,19.54838935492611,23.24787650928587,599.4823780296304,0.0,0.0,275.54372300525997,330.6327531411587,7129.568959919109,0.0,0.0,45.909798581039229,54.498253955284557,1451.2409066688529,0.0,0.0,224.6915818625039,271.3220421994331,5015.462320632533,38.09429326230565,26.127773156588245,653.7877984573281,778.1148941047076,20929.561773830814,0.0,0.0,231.57867187756035,280.1953682409193,4911.676690929338,1840.594274959186,21.50080319894755,30.249647171042076,22.0,30.0,0.0,20.403686210607995,32.362512683007718,16.0,30.0,2050.29603163288,21.440259753229904,30.42065431244398,21.5,30.0,0.0,20.608953275166095,31.97400996339422,16.0,30.0,0.0,14.593408403281602,45.454930306838928,12.0,30.0,0.0,19.5508982683005,35.77607278700715,19.0,30.0,0.0,17.0451031700666,39.32132392192786,10.0,30.0,1274.170221857497,19.998538368418204,33.36802224485688,20.7,30.0,0.0,15.217875211470652,44.03088206729283,12.0,30.0,0.0,19.34119913710304,0.0,0.0,0.0,14.635181903824203,0.0,0.0,617.8095767803624,621.4045962528255,618.125737149677,620.1333532185937,598.0592027814685,770.551583371604,608.1090184171101,665.2396491642481,608.6542148671554,9622.877210652348,81.64184227336601,85.37828241110515,60.0,0.0,60.0,60.0,16.0,16.0,19.0,12.0,19.7,12.0,21.0,10.0,1.0,0.0,1840.594274959186,0.0,2050.29603163288,0.0,0.0,0.0,1274.170221857497,0.0,5654.145020584412,3392487.0123506479,4416298.38596045,81.64184227336601,85.44173956877396,0.35847150068614716,0.7658818096300725,0.36028137401965956,85.44173956877396,0.3542647819438875,4416298.38596045,0.23162751606994348 
 03/27  09:00:00,4.5,90.0,4.93,127.0,473.5,0.0,0.0,1.0,2.0,0.0,0.0,0.0,0.0,0.0,0.0,2274.0,0.0,290.52285315716099,60.21488407681125,154.29967147489078,8.711528734276943,231.86692063274723,0.0,60.214884076811227,82.31831170962396,0.0,0.0,20.567825702482815,-1386.6110574417215,19.603802666917205,476.36473520087545,20.88364806829339,-1804.8971356987273,19.79492730642342,399.73310883007709,14.511499509056318,47.633174311904578,18.714728731066374,-117.13953798227087,16.62909240866992,112.39122530772035,18.744020314270477,-427.7061293189013,15.745927361238028,-188.26934835451068,1347.2504272030588,1372.2813723991699,0.0,0.0,0.0,0.0,0.0,0.0,0.0,0.0,0.0,0.0,0.0,0.0,0.0,0.0,0.0,0.0,0.0,0.0,0.0,0.0,0.0,0.0,1.6328874327573478,0.49843938728856809,402.77263209233788,475.8359587824,13697.440662694768,0.37237841776204369,0.056834312845244819,295.79480573601526,350.688578575556,9454.03309379724,1.4670846651282113,0.2772268830552179,392.01153538070556,462.4389116527483,13493.238280271282,0.35587000239164037,0.06724678805586557,299.10232768850349,354.2698337681711,9653.733266576048,0.0,0.0,12.825539983536878,15.516041869193915,264.85862489357126,0.0,0.0,19.01457650687887,22.62537596063514,564.3414169745799,0.0,0.0,271.16258665300628,325.29964255704717,6876.3756883190949,0.0,0.0,56.032934395704518,66.35700838994129,1816.0395437703676,0.0,0.0,225.3140888435069,271.91357077370966,4956.219883353186,38.344208634103427,26.29918287661418,587.2874274730596,698.7796529534423,18643.601369594406,0.0,0.0,233.14744891548782,281.72442950305187,4964.642400152509,1901.8803509204436,21.54306695806205,30.111607412281317,22.000000000000019,30.00000000000002,0.0,20.47851036504905,32.20779812682161,16.000000000000015,30.00000000000002,2793.5548782019325,21.699732462833596,29.851475914380459,21.666666666666687,30.00000000000002,0.0,20.622796798268675,31.885782057529988,16.000000000000015,30.00000000000002,0.0,14.612435249561118,45.71400243586484,12.00000000000001,30.00000000000002,592.4743755159155,19.283018434844196,37.49096068044401,19.33333333333335,30.00000000000002,0.0,17.02660273536184,39.56873956788012,10.000000000000007,30.00000000000002,1262.655134806131,20.713544164435559,32.12915450675075,20.700000000000015,30.00000000000002,0.0,15.298785269532364,44.16611156089891,12.00000000000001,30.00000000000002,0.0,19.359530121976705,0.0,0.0,0.0,14.926106445731329,0.0,0.0,609.0644517303678,616.5715049701305,607.9630382920873,612.6164646222146,605.11143509617,827.8847407462321,614.5518042773017,661.8854661035672,620.9815174119725,10750.179274395243,80.89654928697263,85.63673030110337,60.00000000000004,0.0,60.00000000000004,60.00000000000004,16.0,16.0,19.0,12.0,19.7,12.0,21.0,10.0,1.0,0.0,1901.8803509204436,0.0,2793.5548782019325,0.0,592.4743755159155,0.0,1262.655134806131,0.0,7173.540990471727,4304124.594283033,5571261.350188376,80.89654928697263,85.71723431104434,0.35245136634905768,0.7691782225482263,0.3602813740196598,85.71723431104434,0.3542647819438878,5571261.350188376,0.2917055902097956 
 03/27  09:10:00,4.735,89.16666666666667,4.82,132.0,491.33333333333339,0.0,0.0,0.0,0.0,0.0,0.0,0.0,0.0,0.0,0.0,6064.0,0.0,342.08947474160518,62.869009270407399,161.10087833658649,10.257750203956288,273.02192492990869,0.0,62.86900927040737,85.9467020711185,0.0,0.0,19.961379757173945,-425.5456945869313,19.558646227512758,175.0432442433689,20.187284961153787,-907.9447878411149,19.733794309704984,11.394804052400048,14.526249295970356,48.551569707610237,18.551039059117607,-375.2350262122597,16.708916903553467,189.46363433623606,18.146454990319464,-259.8067566749808,15.786154322413859,-134.38304816316339,918.0596267455806,1241.6354255425272,0.0,0.0,0.0,0.0,0.0,0.0,0.0,0.0,0.0,0.0,0.0,0.0,0.0,0.0,0.0,0.0,0.0,0.0,0.0,0.0,0.0,0.0,1.5795637490239468,0.48216231655187627,236.25449649091983,280.3413320664773,7577.76389259946,0.3284279992915258,0.05012637351824265,153.93636244957893,182.98538659254798,4824.049423673938,1.4578837070084939,0.27548822883758397,243.4301265615534,288.7146222634934,7882.145033115221,0.3061252385285786,0.05784679488446305,143.77051592050456,170.75883658325146,4563.956330566613,0.0,0.0,12.387270672403613,14.997108509767536,250.3142174298389,0.0,0.0,89.37727328843062,106.54684568005523,2575.0996981043938,0.0,0.0,334.4701176166821,401.32056119581827,8424.688465461266,0.0,0.0,48.19496705207007,57.35576892714736,1440.2005882441663,0.0,0.0,220.36284743094149,266.0325394836941,4791.452316387943,37.26205354590068,25.556964023251508,295.02969730564009,352.38461096908545,9427.304094178631,0.0,0.0,227.70217449887279,275.2486282802164,4788.866196353123,0.0,20.51355734388644,32.09824902670574,22.0,30.0,0.0,20.288237941586304,32.56295549833011,16.0,30.0,0.0,20.65382595333447,31.794891030082917,21.625,30.0,0.0,20.464430909662,32.18119156299123,16.0,30.0,0.0,14.632373634504905,46.049990480455637,12.0,30.0,0.0,19.050535176995099,36.115547434202827,16.0,30.0,0.0,17.185086549473984,39.85638884657729,10.0,30.0,0.0,19.56619921131594,34.289453222903897,12.0,30.0,0.0,15.415573022981171,44.373069619288319,12.0,30.0,0.0,18.16527194121949,0.0,0.0,0.0,15.034832696638116,0.0,0.0,601.0494152060603,608.5435444618269,591.3509711412374,603.395875111071,617.9668373829577,695.7450219635643,646.9139522575907,644.7067972139427,639.9689805253139,0.0,80.3306274868148,80.3306274868148,60.0,0.0,60.0,60.0,16.0,16.0,16.0,12.0,12.0,12.0,21.0,10.0,0.0,0.0,0.0,0.0,0.0,0.0,0.0,0.0,0.0,0.0,0.0,0.0,0.0,80.3306274868148,80.3306274868148,0.0,0.0,0.0,80.3306274868148,0.0,0.0,0.0020200000000000007 
 03/27  09:20:00,4.970000000000001,88.33333333333334,4.71,137.0,509.1666666666667,0.0,0.0,0.0,0.0,0.0,0.0,0.0,0.0,0.0,0.0,3032.0,0.0,405.9396662596899,65.51753001797498,167.88772605472409,12.172288334270569,323.98031323346319,0.0,65.51753001797495,89.56743072999231,0.0,0.0,19.337448885247239,-90.76901423433333,19.279224019855449,-236.70061884565269,19.532472345971109,-297.1259943636858,19.3251460974968,-160.057216362288,14.537422490686371,39.94227038512341,18.134597553993204,-214.91994429820796,16.616148791010759,76.65731257099515,17.338902584636914,-98.44495305845772,15.808281294972403,-170.90278567615474,811.2901678053187,1020.7155879202499,0.0,0.0,0.0,0.0,0.0,0.0,0.0,0.0,0.0,0.0,0.0,0.0,0.0,0.0,0.0,0.0,0.0,0.0,0.0,0.0,0.0,0.0,1.4858160379305048,0.4535457991240857,181.68696436215394,216.16570045981553,5354.269987673422,0.27861388158510089,0.04252348620041223,115.57003632636772,137.48369071406467,3423.783439704831,1.4144224645707533,0.26727559799145009,139.60855750319684,166.1764216821036,4144.956524723644,0.2715414121975009,0.05131168030942948,79.18874015082815,94.25745520507415,2360.6081943930596,0.0,0.0,10.998707432027448,13.307627658130377,217.25576992405306,0.0,0.0,75.93503932646375,90.7186302337061,2041.3991417674648,0.0,0.0,303.50006160587329,364.2096330855534,7394.604803760675,0.0,0.0,34.42486597420649,41.16031545668669,914.6365295126891,0.0,0.0,200.79322212113028,242.23732590064985,4294.733368276866,35.952792182375649,24.6589795489545,187.82942783434727,225.0060786147888,5739.833853872047,0.0,0.0,206.5367399290652,249.66614957261533,4189.233900605677,0.0,19.544282624968525,34.07470228949772,22.0,30.0,0.0,19.661955557301956,33.81328926614575,16.0,30.0,0.0,19.599721189299275,33.9081235120609,22.0,30.0,0.0,19.701354383408466,33.74678610389646,16.0,30.0,0.0,14.64389587340253,46.403215829408107,12.0,30.0,0.0,18.302739212572225,37.136234533546687,16.0,30.0,0.0,17.00116066446512,40.231865525651539,10.0,30.0,0.0,18.100507686757106,37.54610446635898,12.0,30.0,0.0,15.477550633940857,44.37555254383925,12.0,30.0,0.0,17.411229094729405,0.0,0.0,0.0,14.891480259112266,0.0,0.0,594.3680752364874,587.1356149055571,577.3893727664093,593.3220282592498,630.0747885304892,645.0131530644394,636.2082611455172,640.17091753899,643.4970345247364,0.0,80.33062748681479,80.33062748681479,60.0,0.0,60.0,60.0,16.0,16.0,16.0,12.0,12.0,12.0,21.0,10.0,0.0,0.0,0.0,0.0,0.0,0.0,0.0,0.0,0.0,0.0,0.0,0.0,0.0,80.33062748681479,80.33062748681479,0.0,0.0,0.0,80.33062748681479,0.0,0.0,0.00199 
 03/27  09:30:00,5.205,87.5,4.6,142.0,527.0,0.0,0.0,0.0,0.0,0.0,0.0,0.0,0.0,0.0,0.0,2274.0,0.0,481.28754712960218,68.15820387725441,174.65446805155629,14.431578844494967,384.1148822573103,0.0,68.15820387725437,93.1774320976663,0.0,0.0,18.986414761541924,-73.71868272531293,18.999187685338513,-229.588125903849,19.188688585190826,-238.23798501770814,18.96652741553875,-277.7972596465369,14.54246334063015,33.4618259328164,17.92668275702941,-162.91523676752613,16.513455821858778,66.34284993023596,16.886892694195255,-44.475715108609609,15.792648041973063,-189.51924268608088,727.9113462525656,839.1876713879203,0.0,0.0,0.0,0.0,0.0,0.0,0.0,0.0,0.0,0.0,0.0,0.0,0.0,0.0,0.0,0.0,0.0,0.0,0.0,0.0,0.0,0.0,1.4073671475907557,0.4295992514013295,148.12793404229735,176.45297762470777,4161.909167658561,0.2629506527063769,0.040132883502194269,94.89912426089427,113.0093832776873,2651.5410429116548,1.3480373200740928,0.25473116403516496,173.5963449350494,206.6755161049524,4861.004908740321,0.2597672114431332,0.04908677464911811,120.05990586603076,142.96706571663959,3347.3689716315027,0.0,0.0,10.170074226055246,12.299813937107985,196.0108537876572,0.0,0.0,68.52536373063441,81.9373781163912,1760.088548446776,0.0,0.0,280.4965851069775,336.68712360607489,6599.021186508328,0.0,0.0,24.530874111206346,29.396560560325633,602.9429484985493,0.0,0.0,182.47463348700283,220.05626114514957,3812.8132953471897,34.87341785489671,23.918667938886629,183.90541813576739,220.36392342619815,5313.2251233473439,0.0,0.0,186.7111364200263,225.69408518941783,3659.191999809745,0.0,19.06192663300776,35.12110777441088,21.999999999999994,29.99999999999999,0.0,19.09568399463808,35.014301947589078,15.999999999999993,29.99999999999999,0.0,19.108945114929289,35.00670438521936,21.999999999999994,29.99999999999999,0.0,19.07697691637834,35.07782169891616,15.999999999999993,29.99999999999999,0.0,14.643260433069294,46.56614434890806,11.999999999999995,29.99999999999999,0.0,17.932235151132696,37.92719127462782,15.999999999999993,29.99999999999999,0.0,16.816622672866278,40.66020516937607,9.999999999999997,29.99999999999999,0.0,17.341604756847724,39.373662905463458,11.999999999999995,29.99999999999999,0.0,15.468589092727069,44.37128806227788,11.999999999999995,29.99999999999999,0.0,17.230984590261057,0.0,0.0,0.0,14.791164957105622,0.0,0.0,585.9826524138262,571.3233731750698,574.9878394462393,576.06848239508,632.5886489176037,635.2062409496525,627.7815048165569,636.9036045294522,637.603941883676,0.0,80.33062748681476,80.33062748681476,59.99999999999998,0.0,59.99999999999998,59.99999999999998,16.0,16.0,16.0,12.0,12.0,12.0,21.0,10.0,0.0,0.0,0.0,0.0,0.0,0.0,0.0,0.0,0.0,0.0,0.0,0.0,0.0,80.33062748681476,80.33062748681476,0.0,0.0,0.0,80.33062748681476,0.0,0.0,0.00196 
 03/27  09:40:00,5.44,86.66666666666667,4.489999999999999,141.83333333333335,550.8333333333334,0.0,0.0,0.0,0.0,0.0,0.0,0.0,0.0,0.0,0.0,1516.0,0.0,578.1051083475336,71.99833696918856,184.49474270688916,17.334624344882955,461.38414248112539,0.0,71.99833696918853,98.42718517308596,0.0,0.0,18.70955312547399,-38.51928848998979,18.833469125387575,-272.62812758829599,18.94366088199584,-139.60967286562,18.72893584079521,-133.43622667808735,14.548826747034053,29.835693968673764,17.82353222881863,-142.50627289700589,16.436923357108364,61.79940400407033,16.586915102449454,-21.893954871653827,15.77516302595969,-182.45811439429105,450.1174929776679,715.5919477221103,0.0,0.0,0.0,0.0,0.0,0.0,0.0,0.0,0.0,0.0,0.0,0.0,0.0,0.0,0.0,0.0,0.0,0.0,0.0,0.0,0.0,0.0,1.3370437196912045,0.40813300356874396,121.2568490057026,144.48188085066284,3265.4476538281339,0.24970314722994614,0.0381109809569515,68.22184511223496,81.25149990955318,1825.5342474551388,1.2919770013637063,0.24413775535973299,67.61765233502564,80.58905178216995,1849.1825533025288,0.25186113528257017,0.04759280712066708,48.81024739247964,58.16211823112768,1308.6833436093346,0.0,0.0,9.678176602262273,11.69652200329742,181.935734041081,0.0,0.0,65.10618645611302,77.84915360784376,1615.5290562840037,0.0,0.0,267.0000818589618,320.40192713294109,6088.500017338335,0.0,0.0,19.07089066426066,22.87356057720803,442.23211218727746,0.0,0.0,171.49833259529917,206.68067516441676,3496.969461545223,33.8888184983345,23.243359738226699,90.30389319497573,108.4444974741424,2767.4541247982908,0.0,0.0,174.77759736944166,211.10487421680097,3347.3087500120257,0.0,18.698880619880194,35.93744316824877,22.000000000000008,30.00000000000001,0.0,18.74118912256874,35.84058417690848,16.000000000000008,30.00000000000001,0.0,18.80048844395308,35.69934049234712,22.000000000000008,30.00000000000001,0.0,18.716295055067645,35.917249945982138,16.000000000000008,30.00000000000001,0.0,14.644732531768105,46.63323295766824,12.000000000000004,30.00000000000001,0.0,17.726688950296699,38.38566619532044,16.000000000000008,30.00000000000001,0.0,16.6891058965076,40.965119271909859,10.000000000000004,30.00000000000001,0.0,16.87957670546038,40.52061177691606,12.000000000000004,30.00000000000001,0.0,15.454379447070798,44.370628278140028,12.000000000000004,30.00000000000001,0.0,16.4520500303137,0.0,0.0,0.0,14.80928449710926,0.0,0.0,575.0936303974606,552.9711847371382,563.707192413011,568.6407729003881,631.0266357296466,628.3018735849597,621.9037221675872,632.5049393896991,631.2477374981359,0.0,80.33062748681482,80.33062748681482,60.00000000000002,0.0,60.00000000000002,60.00000000000002,16.0,16.0,16.0,12.0,12.0,12.0,21.0,10.0,0.0,0.0,0.0,0.0,0.0,0.0,0.0,0.0,0.0,0.0,0.0,0.0,0.0,80.33062748681482,80.33062748681482,0.0,0.0,0.0,80.33062748681482,0.0,0.0,0.00193 
 03/27  09:50:00,5.675000000000001,85.83333333333334,4.38,141.66666666666667,574.6666666666666,0.0,0.0,0.0,0.0,0.0,0.0,0.0,0.0,0.0,0.0,3032.0,0.0,669.0717043551408,73.03360266799678,187.14770435990219,20.062232014679048,533.983815323498,0.0,73.03360266799675,99.84247187177106,0.0,0.0,18.487742685318119,-109.79623020063082,18.73814194892827,-240.4182987427861,18.724652867974286,-294.350682670333,18.599326712069208,-129.06551267397115,14.55690831046654,26.78700255899564,17.79211483409204,-143.68877203262685,16.37819161883088,49.90691364301438,16.4024306695484,-12.538840140629376,15.771976314856819,-162.5110024016185,400.9745619910039,589.5160679066692,0.0,0.0,0.0,0.0,0.0,0.0,0.0,0.0,0.0,0.0,0.0,0.0,0.0,0.0,0.0,0.0,0.0,0.0,0.0,0.0,0.0,0.0,1.2902285563514904,0.3938426606689531,120.73777588406846,144.1632467475044,3132.4344254148888,0.24038429715329058,0.03668869004171102,42.623382100132669,50.887411734177387,1102.7979553907595,1.2235846333121077,0.2312140274588262,89.66911063354425,107.02623387706942,2342.701421038559,0.2361242793437533,0.0446191004050932,53.21767406881588,63.489041552738729,1378.2026764015723,0.0,0.0,9.262332211441337,11.204015707219867,169.75417293827582,0.0,0.0,63.53898356788813,76.0678864594176,1535.0819107679466,0.0,0.0,251.66115898524942,302.3748762529642,5573.24261803748,0.0,0.0,13.996498885954285,16.817347548162929,311.0283552486517,0.0,0.0,157.75473607704647,190.2907135240527,3144.842449691947,32.99471424714315,22.630119511072125,109.88706748451014,131.95048780733556,3164.524508530835,0.0,0.0,160.14247647188783,193.5885452529276,3000.9670002916266,0.0,18.420414070560644,36.628986209186759,22.0,30.0,0.0,18.518875995069899,36.44364123282545,16.0,30.0,0.0,18.510073704205025,36.45150718132032,22.0,30.0,0.0,18.543622362057257,36.33816458744805,16.0,30.0,0.0,14.650280621564928,46.63724449149127,12.0,30.0,0.0,17.636235586125787,38.57883272923884,16.0,30.0,0.0,16.59787868741933,41.180290896138959,10.0,30.0,0.0,16.631547645827128,41.142855491403057,12.0,30.0,0.0,15.467433877267482,44.2949857908431,12.0,30.0,0.0,16.356420042255928,0.0,0.0,0.0,14.844766754962452,0.0,0.0,560.0324786911751,528.9599859763393,540.1511356643453,565.4750593665737,627.4531401306995,620.3919744401057,610.2823478478684,627.7481898489883,622.8055544948405,0.0,80.33062748681479,80.33062748681479,60.0,0.0,60.0,60.0,16.0,16.0,16.0,12.0,12.0,12.0,21.0,10.0,0.0,0.0,0.0,0.0,0.0,0.0,0.0,0.0,0.0,0.0,0.0,0.0,0.0,80.33062748681479,80.33062748681479,0.0,0.0,0.0,80.33062748681479,0.0,0.0,0.0018899999999999998 
 03/27  10:00:00,5.91,85.0,4.27,141.5,598.5,0.0,0.0,0.0,0.0,0.0,0.0,0.0,0.0,0.0,0.0,1516.0,0.0,768.5564332643709,74.09122032803458,189.85794297669347,23.045251608259595,613.3817176623134,0.0,74.09122032803455,101.28831539606546,0.0,0.0,18.318326614822163,-3.250440705706751,18.675683136233525,-297.07713030388757,18.502655493891724,-351.5812489444529,18.42994740201835,-116.97364202968538,14.569591397917844,25.53230288401059,17.792940882204968,-142.2875618041105,16.333845916246657,57.65652968291761,16.23544339305542,-6.358982975527653,15.776120698078362,-147.1772526646596,502.4927411613487,520.2521700945972,0.0,0.0,0.0,0.0,0.0,0.0,0.0,0.0,0.0,0.0,0.0,0.0,0.0,0.0,0.0,0.0,0.0,0.0,0.0,0.0,0.0,0.0,1.2371240779281872,0.3776325024200816,174.3239790673358,208.03420171137618,4358.5043824599929,0.2318574064998104,0.03538727205430561,76.68777397538423,91.50682102234228,1922.4543321599393,1.1715471956947608,0.2213808003958354,141.8709043998387,169.23749179961207,3510.651705491425,0.23305478054314406,0.04403907417670899,92.61385760358212,110.43224116451393,2313.761671291443,0.0,0.0,9.055400814895567,10.942040599228129,161.8904208597056,0.0,0.0,63.2065244350577,75.60754783577929,1490.682521074537,0.0,0.0,244.56242735066724,293.6070415563976,5271.380329563968,0.0,0.0,11.457843395910995,13.764776720340498,244.06055006503684,0.0,0.0,151.53257096544747,182.58363271794935,2955.484421644418,32.31683609535985,22.165182507105528,176.18354033401875,211.07869596381699,4621.041997615579,0.0,0.0,153.4138536483321,185.21121759982999,2826.8956859516758,0.0,18.24499699485412,37.09036824890144,22.0,30.0,0.0,18.32992909067998,36.96452316099341,16.0,30.0,0.0,18.21968834711605,37.188537163831799,22.0,30.0,0.0,18.28311879643106,37.01091451282652,16.0,30.0,0.0,14.664035377035639,46.603469443550718,12.0,30.0,0.0,17.582471606671406,38.69198589707938,16.0,30.0,0.0,16.537433482049197,41.33680920788511,10.0,30.0,0.0,16.40281230250335,41.723876892959719,12.0,30.0,0.0,15.489972122426112,44.208924020855857,12.0,30.0,0.0,16.77368088503935,0.0,0.0,0.0,14.928053399718339,0.0,0.0,543.5863843237137,520.1292683599907,542.488032378516,547.6683313235221,620.9839408646417,611.2878790732043,602.1154966230894,621.0503271779206,614.8526128026339,0.0,80.33062748681479,80.33062748681479,60.0,0.0,60.0,60.0,16.0,16.0,16.0,12.0,12.0,12.0,21.0,10.0,0.0,0.0,0.0,0.0,0.0,0.0,0.0,0.0,0.0,0.0,0.0,0.0,0.0,80.33062748681479,80.33062748681479,0.0,0.0,0.0,80.33062748681479,0.0,0.0,0.00185 
 03/27  10:10:00,6.125000000000001,83.50000000000002,4.295,141.33333333333335,622.3333333333334,0.0,0.0,0.0,0.0,0.0,0.0,0.0,0.0,0.0,0.0,1516.0,0.0,875.1590884854431,75.16834868085431,192.61817735561923,26.241698578754489,698.4603591744362,0.0,75.16834868085427,102.76083151659111,0.0,0.0,18.15156547757742,-90.94782568510118,18.657589947408398,-298.7523336127422,18.263152773354109,-138.94632280196493,18.33175962175947,-216.46228453217328,14.585709865030836,24.32269075928886,17.83089213021846,-147.98282734504915,16.305324821787097,63.24738425429496,16.10713595271425,-8.847336901185429,15.800011326347331,-110.29753638338298,566.0581933194017,433.8623920005248,0.0,0.0,0.0,0.0,0.0,0.0,0.0,0.0,0.0,0.0,0.0,0.0,0.0,0.0,0.0,0.0,0.0,0.0,0.0,0.0,0.0,0.0,1.1514813712828698,0.3514900400741361,244.96172113814215,292.6077417595639,5912.4820362881669,0.20273194130228254,0.030941993483254355,128.69068825415187,153.6854971563617,3135.349535780524,1.189803291266577,0.22483055390524893,313.69440127945156,374.6500979139535,7489.279957392315,0.21947225836285384,0.04147246000809784,189.24889814664045,225.88995637050284,4582.0158165016059,0.0,0.0,8.77232200420639,10.598231938024892,153.30902043720597,0.0,0.0,64.17813248491004,76.76624882844766,1485.4033252308125,0.0,0.0,231.60070926811137,278.0563825630047,4875.328778030998,0.0,0.0,7.50761653356777,9.0204995531744,154.15829463243868,0.0,0.0,138.44911870841995,166.77562017979813,2655.766230695289,31.687349983745646,21.733436202843387,378.0241315870546,452.94112187440148,9077.846563624747,0.0,0.0,141.40409347209286,170.6494317223251,2568.8989140571595,0.0,18.036454576474868,37.65957065814121,22.0,30.0,0.0,18.215984216327209,37.276052296157569,16.0,30.0,0.0,17.905383434623766,37.970862567239958,22.0,30.0,0.0,18.150684737815014,37.362283316006358,16.0,30.0,0.0,14.682840327378792,46.54938628991931,12.0,30.0,0.0,17.580108730879006,38.69861850730817,16.0,30.0,0.0,16.502809399891399,41.43957127283127,10.0,30.0,0.0,16.24052900374298,42.14666700677054,12.0,30.0,0.0,15.54892192355648,44.031510102780178,12.0,30.0,0.0,17.09784316347072,0.0,0.0,0.0,15.018939454123107,0.0,0.0,533.2523520556961,520.8521248486939,533.726045870718,540.0692326775763,612.2348992580911,596.1290116551479,586.0663903056993,614.9638023784262,598.6921951170305,0.0,80.33062748681479,80.33062748681479,60.0,0.0,60.0,60.0,16.0,16.0,16.0,12.0,12.0,12.0,21.0,10.0,0.0,0.0,0.0,0.0,0.0,0.0,0.0,0.0,0.0,0.0,0.0,0.0,0.0,80.33062748681479,80.33062748681479,0.0,0.0,0.0,80.33062748681479,0.0,0.0,0.00181 
 03/27  10:20:00,6.34,82.0,4.32,141.16666666666667,646.1666666666667,0.0,0.0,0.0,0.0,0.0,0.0,0.0,0.0,0.0,0.0,758.0,0.0,987.5616715206156,76.26180085549359,195.42024069736804,29.612053344093107,788.1678588862014,0.0,76.26180085549356,104.25566353913063,0.0,0.0,18.064636184923534,24.17427273874091,18.662294052700064,-374.66580576287199,18.232700844253949,-165.73685245408616,18.25293087810998,-33.985340254892438,14.608347197840459,23.0924450662896,17.903907514780316,-146.80837827721053,16.282863048596714,58.13049947536729,15.978072882686636,-13.366970515316297,15.815396591783795,-124.62382533917207,471.2198668293313,391.1279514406233,0.0,0.0,0.0,0.0,0.0,0.0,0.0,0.0,0.0,0.0,0.0,0.0,0.0,0.0,0.0,0.0,0.0,0.0,0.0,0.0,0.0,0.0,1.1475640708280866,0.35029428291455635,229.69149738119979,273.7989519902262,5423.210835398616,0.1944041519879212,0.029670963368119843,168.0138725551089,200.1909728382137,3991.2505208372306,1.1177604194161366,0.2112170104716812,87.49283537977364,104.30873669724939,2074.0965057084365,0.21895066402316988,0.04137389720770405,43.56028283265105,51.910897144477548,1035.496698013466,0.0,0.0,8.56470750938316,10.32612290573414,146.46623078341313,0.0,0.0,63.89376140290377,76.2627352270335,1456.8804686929712,0.0,0.0,227.20514958322887,272.2609679886201,4674.024851846584,0.0,0.0,7.817541391585005,9.381153662130146,154.52298101576356,0.0,0.0,136.16084636727926,163.6686200521699,2562.1492009161058,31.300326256718067,21.467987830396486,215.3814311453813,257.76027174615077,5237.60975593043,0.0,0.0,141.40596127561995,170.20697271731152,2554.37117808264,0.0,18.000076055297986,37.751028136246407,22.0,30.0,0.0,18.121403389556716,37.536593925748878,16.0,30.0,0.0,17.955271645168577,37.91894757379979,22.0,30.0,0.0,18.082459002669226,37.51337938988028,16.0,30.0,0.0,14.712558246716143,46.46475342272477,12.0,30.0,0.0,17.623791761504628,38.59513113206664,16.0,30.0,0.0,16.47805146722888,41.518448715137257,10.0,30.0,0.0,16.066308122516007,42.610350273346039,12.0,30.0,0.0,15.582737478610098,43.94466893379898,12.0,30.0,0.0,16.845425111277974,0.0,0.0,0.0,15.186560521244648,0.0,0.0,532.3920941045911,511.7909529860138,516.8004241380871,547.0454631227724,601.3146762551924,584.8583332003512,579.4629965945783,606.5126783050117,590.1486730362749,0.0,80.33062748681479,80.33062748681479,60.0,0.0,60.0,60.0,16.0,16.0,16.0,12.0,12.0,12.0,21.0,10.0,0.0,0.0,0.0,0.0,0.0,0.0,0.0,0.0,0.0,0.0,0.0,0.0,0.0,80.33062748681479,80.33062748681479,0.0,0.0,0.0,80.33062748681479,0.0,0.0,0.0018333333333333334 
 03/27  10:30:00,6.555,80.5,4.345,141.0,670.0,0.0,0.0,0.0,0.0,0.0,0.0,0.0,0.0,0.0,0.0,758.0,0.0,1104.5870604108093,77.36809123208505,198.25520066652613,33.121020429756388,881.5647678128686,0.0,77.368091232085,105.76804635706388,0.0,0.0,17.974357923501338,-10.89572004261936,18.743248902837985,-311.00843866275366,18.23752613634156,-23.160792494961244,18.124960223395286,-213.59024003136256,14.633953567791537,23.736578174013574,17.993012601544139,-166.56734712886238,16.29518882656639,78.5469589583281,15.877899601380716,-15.62817031966324,15.843397464380697,-87.97479482811832,425.1202629074296,327.690588874053,0.0,0.0,0.0,0.0,0.0,0.0,0.0,0.0,0.0,0.0,0.0,0.0,0.0,0.0,0.0,0.0,0.0,0.0,0.0,0.0,0.0,0.0,1.1360389953704798,0.34677625011308907,126.91465038363748,151.32294375505544,2930.784657661048,0.20258880716212969,0.030920147613267659,114.88099165345187,136.85308855444195,2691.751757211748,1.1051145572132442,0.20882739176365165,140.4281181527151,167.3459900458348,3283.3455949356778,0.20889569217065855,0.03947386473368452,97.1293993464147,115.82965946769036,2218.4091188208219,0.0,0.0,8.738470668918917,10.53388318064211,146.1784365195295,0.0,0.0,65.89119712700315,78.62874000023698,1480.4445246927645,0.0,0.0,227.9973560668374,273.15608205779599,4610.241653768708,0.0,0.0,11.462397908509024,13.760271934018025,218.77269003353718,0.0,0.0,128.99354046292744,155.0129773732768,2386.3847935132669,30.96889157397231,21.240666374466615,172.24043342714647,206.19294295613623,4185.589388333751,0.0,0.0,137.78397199328516,165.75343968041973,2468.8950393781135,0.0,17.91140282251549,38.01875146117352,22.0,30.0,0.0,18.170828236514848,37.39994665657631,16.0,30.0,0.0,18.07200166941792,37.550546422695898,22.0,30.0,0.0,17.861329412614884,38.12388867823333,16.0,30.0,0.0,14.74582161122786,46.3710360380593,12.0,30.0,0.0,17.675923468641089,38.480586167592829,16.0,30.0,0.0,16.521574551212458,41.40136970633325,10.0,30.0,0.0,15.942350191596932,42.94448929471958,12.0,30.0,0.0,15.644019276428468,43.77037182093406,12.0,30.0,0.0,16.743420686277486,0.0,0.0,0.0,15.334977754257047,0.0,0.0,520.137668289392,513.5262457205996,543.3293578728996,518.9967275159786,593.9330285455928,579.9700313751292,574.8788005452068,597.5079043947807,584.4644123057499,0.0,80.33062748681479,80.33062748681479,60.0,0.0,60.0,60.0,16.0,16.0,16.0,12.0,12.0,12.0,21.0,10.0,0.0,0.0,0.0,0.0,0.0,0.0,0.0,0.0,0.0,0.0,0.0,0.0,0.0,80.33062748681479,80.33062748681479,0.0,0.0,0.0,80.33062748681479,0.0,0.0,0.0018566666666666667 
 03/27  10:40:00,6.77,79.0,4.369999999999999,147.33333333333332,658.8333333333334,0.0,0.0,0.0,0.0,0.0,0.0,0.0,0.0,0.0,0.0,1516.0,0.0,1194.1409593520635,79.26214317579333,203.10865207274245,35.806254237195208,953.0368207254801,0.0,79.26214317579329,108.35735896119526,0.0,0.0,17.93211246921141,24.55399862373315,18.796113364949336,-390.43311482684887,18.087671337350114,-198.53158068888889,18.112202892849976,-84.57962147887429,14.657258352297518,24.666884076015977,18.083470930500249,-167.73398026254177,16.300513551032944,85.20367191134528,15.804763724115326,-12.64564333226076,15.879367289682368,-44.27630692010257,463.4483338397308,288.92965027977109,0.0,0.0,0.0,0.0,0.0,0.0,0.0,0.0,0.0,0.0,0.0,0.0,0.0,0.0,0.0,0.0,0.0,0.0,0.0,0.0,0.0,0.0,1.0919603000945007,0.3333212149250613,189.52970211288869,226.45671500054767,4281.747597810217,0.18554161167476009,0.02831831680017706,152.92352079506177,182.51764298904488,3508.388135119404,1.0828425480583422,0.20461877325365503,186.12152945346248,222.38069008498946,4179.754557811097,0.2160678234228406,0.04082914274808022,116.69829462072727,139.45564490501978,2624.3198630565109,0.0,0.0,8.613156224325387,10.401453345669193,140.74607298867097,0.0,0.0,67.01874248076538,80.10835478908922,1484.0199619633514,0.0,0.0,226.72017734823914,272.12279342674585,4493.242860098984,0.0,0.0,15.083123534690035,18.14432756908577,278.89073155725569,0.0,0.0,123.92510806348682,149.17403785518744,2254.2773071569329,30.6138758649958,20.997171375168596,252.34172232968354,302.53467401328148,5815.419701856774,0.0,0.0,136.80240367792147,164.78527014571066,2438.881509617926,0.0,17.918961415563446,37.979702468756268,22.0,30.0,0.0,18.152527924869824,37.44154480841057,16.0,30.0,0.0,17.84893455929442,38.13838499307391,22.0,30.0,0.0,17.905455056812167,37.97599733924318,16.0,30.0,0.0,14.774162019281354,46.29110347084442,12.0,30.0,0.0,17.73576298202286,38.341361483104048,16.0,30.0,0.0,16.541967987787744,41.363273782326007,10.0,30.0,0.0,15.865116214928245,43.160517517773389,12.0,30.0,0.0,15.71226496328954,43.593130490887578,12.0,30.0,0.0,16.932376783306684,0.0,0.0,0.0,15.513726989588982,0.0,0.0,518.7556817700512,508.14909954405837,520.8927992704448,531.0582968223754,588.4628453913272,573.2749388434722,567.420838788934,589.7459460578944,578.250745540166,0.0,80.33062748681479,80.33062748681479,60.0,0.0,60.0,60.0,16.0,16.0,16.0,12.0,12.0,12.0,21.0,10.0,0.0,0.0,0.0,0.0,0.0,0.0,0.0,0.0,0.0,0.0,0.0,0.0,0.0,80.33062748681479,80.33062748681479,0.0,0.0,0.0,80.33062748681479,0.0,0.0,0.00188 
 03/27  10:50:00,6.984999999999999,77.5,4.395,153.66666666666667,647.6666666666667,0.0,0.0,0.0,0.0,0.0,0.0,0.0,0.0,0.0,0.0,758.0,0.0,1278.6688502305047,81.0848453355237,207.77926698683928,38.340784860573119,1020.4976616952902,0.0,81.08484533552366,110.84913100126252,0.0,0.0,17.881687352843735,27.634329574461846,18.85993305116288,-419.7744115327232,18.057637440913653,-88.88833723001312,18.115271614508339,-31.288972180420843,14.690171393947619,24.59866170417496,18.199223563440375,-178.68244040039873,16.32009961772576,91.12020137970285,15.724814753606589,-8.387692898350224,15.933736738332883,-43.23211220760186,374.6609712480131,243.76404728700437,0.0,0.0,0.0,0.0,0.0,0.0,0.0,0.0,0.0,0.0,0.0,0.0,0.0,0.0,0.0,0.0,0.0,0.0,0.0,0.0,0.0,0.0,1.0460178115377533,0.31929725626915547,163.09862022857775,194.4593745688728,3608.8634481413184,0.17634351691618523,0.026914456183788954,154.53589801163668,184.08202645734588,3481.073281602368,1.0776312244918232,0.20363401823352676,41.24108768679216,49.17340480059849,929.3076824511502,0.212211145721405,0.04010036767222316,49.735589475624809,59.28835159370481,1103.3114005314442,0.0,0.0,8.58948581187189,10.35059296903184,137.4099829752633,0.0,0.0,67.71467037344078,80.75155872974689,1483.9014752391104,0.0,0.0,224.0247080549641,268.30821385343458,4363.373586395045,0.0,0.0,16.770612454068507,20.14285619123875,299.63541722437727,0.0,0.0,118.50574814250912,142.3142734444984,2126.976248172967,30.22591105341144,20.731077540062726,154.60414544205507,185.0910004177362,3630.847314770955,0.0,0.0,133.55045010323912,160.45012595973473,2368.091173484942,0.0,17.894225363684634,38.03646048132619,22.0,30.0,0.0,18.159746228582013,37.41268638639303,16.0,30.0,0.0,17.880750005363497,38.05236806409917,22.0,30.0,0.0,17.947575467617438,37.874272652912278,16.0,30.0,0.0,14.819882526379076,46.165548134800527,12.0,30.0,0.0,17.838299836867106,38.102338101198267,16.0,30.0,0.0,16.587480240745874,41.2532210377518,10.0,30.0,0.0,15.76670801943278,43.445079560319367,12.0,30.0,0.0,15.808181102781456,43.339459376681457,12.0,30.0,0.0,16.701792334942636,0.0,0.0,0.0,15.68449811947261,0.0,0.0,515.0355238410986,499.87822828557565,515.1655950715909,533.8881095615578,579.7322764970895,566.0576903466405,559.7981010585281,577.8013118090853,570.3270696941497,0.0,80.33062748681479,80.33062748681479,60.0,0.0,60.0,60.0,16.0,16.0,16.0,12.0,12.0,12.0,21.0,10.0,0.0,0.0,0.0,0.0,0.0,0.0,0.0,0.0,0.0,0.0,0.0,0.0,0.0,80.33062748681479,80.33062748681479,0.0,0.0,0.0,80.33062748681479,0.0,0.0,0.0018666666666666667 
 03/27  11:00:00,7.2,76.0,4.42,160.0,636.5,0.0,0.0,0.0,0.0,0.0,0.0,0.0,0.0,0.0,0.0,758.0,0.0,1357.890271983068,82.84242515993864,212.28300306824426,40.716202847821168,1083.7234581334843,0.0,82.8424251599386,113.25187587171976,0.0,0.0,17.84018467600164,37.20984409952962,18.914408791728655,-468.6633495934648,18.05141204808225,-21.482005608943383,18.034629249041758,-168.7629141982493,14.720674255967389,25.167232509346719,18.312681265133798,-189.7004189816862,16.337023461632513,98.23024705016906,15.670037197191688,-1.05523525119213,15.978275461773574,-21.792037376530517,404.2177705256199,205.30429743457627,0.0,0.0,0.0,0.0,0.0,0.0,0.0,0.0,0.0,0.0,0.0,0.0,0.0,0.0,0.0,0.0,0.0,0.0,0.0,0.0,0.0,0.0,1.0381178506583293,0.31688579079924586,168.26097757765343,200.61460251440367,3643.9983302449566,0.17309821330085099,0.026419141224183607,160.07597958825904,190.682841699593,3531.7121573133747,1.051018860148028,0.1986052267853417,79.80646608950582,95.13184478235961,1750.320818179407,0.20126643444696638,0.038032206055738159,73.04353136844337,87.1120701944564,1565.5932173355585,0.0,0.0,8.56786315109856,10.3226150923788,133.97321117025769,0.0,0.0,69.2229499180491,82.51999942710613,1499.242358465137,0.0,0.0,222.33454908338568,266.2369690635373,4249.613501361929,0.0,0.0,19.13702812967069,22.9883517023618,331.4741349547892,0.0,0.0,114.30487087629634,137.22702897561943,2018.5023543010623,29.91516067462125,20.517942849534476,194.19957787037684,232.3583912060181,4373.85093273745,0.0,0.0,131.13891363489265,157.45591161820225,2310.1475759497818,0.0,17.87998425611789,38.06652219209567,22.0,30.0,0.0,18.145521950086768,37.40968749015997,16.0,30.0,0.0,17.943365486153327,37.8784137062887,22.0,30.0,0.0,17.803127203122089,38.22051890956233,16.0,30.0,0.0,14.859132816764335,46.05677047282949,12.0,30.0,0.0,17.930238919548395,37.890858618718699,16.0,30.0,0.0,16.624481671946734,41.157533736006097,10.0,30.0,0.0,15.711662958669447,43.60444533558346,12.0,30.0,0.0,15.883268292726442,43.134352324462437,12.0,30.0,0.0,16.859171207102894,0.0,0.0,0.0,15.847791118502784,0.0,0.0,505.0432662474368,499.5950157108345,532.8022572677443,507.4607305537195,573.3575505997199,559.3557247130208,556.5307066576775,571.0143917677569,566.24180278307,0.0,80.33062748681479,80.33062748681479,60.0,0.0,60.0,60.0,16.0,16.0,16.0,12.0,12.0,12.0,21.0,10.0,0.0,0.0,0.0,0.0,0.0,0.0,0.0,0.0,0.0,0.0,0.0,0.0,0.0,80.33062748681479,80.33062748681479,0.0,0.0,0.0,80.33062748681479,0.0,0.0,0.0018533333333333336 
 03/27  11:10:00,7.365,75.0,4.488333333333333,166.33333333333335,625.3333333333334,0.0,0.0,0.0,0.0,0.0,0.0,0.0,0.0,0.0,0.0,758.0,0.0,1431.685954487951,84.54130034784547,216.6363054968612,42.92893197460381,1142.6190221778539,0.0,84.54130034784542,115.57436705339282,0.0,0.0,17.800094065806137,42.496915579826239,19.009951725354747,-442.17611129090076,17.914538738368507,-182.75732649448219,18.067776314665019,-16.711705190077738,14.752850852188715,25.77895026348159,18.430466929265429,-201.47485108260345,16.35970057733013,106.8580714713753,15.628899886201382,7.302626421934974,16.025431792367607,-4.178122850757518,410.64692770675358,169.2118356449746,0.0,0.0,0.0,0.0,0.0,0.0,0.0,0.0,0.0,0.0,0.0,0.0,0.0,0.0,0.0,0.0,0.0,0.0,0.0,0.0,0.0,0.0,1.0255291958100515,0.3130431000641183,179.34122409534408,213.8196112439886,3816.0235413522734,0.1704146144127769,0.02600955653430661,160.80215320548536,191.4862267309905,3515.35152624653,1.0146686495495053,0.19173632833512956,120.88210265289004,144.18883450373284,2547.1440438131996,0.20994142776897466,0.039671471611673208,117.79736986986642,140.4198865770444,2508.191268358297,0.0,0.0,8.567015621792758,10.319172847284685,131.7635950324031,0.0,0.0,70.74092977560426,84.29408824618084,1521.6121160521519,0.0,0.0,220.44673120923938,263.9105353742257,4159.220938493263,0.0,0.0,20.994454460426849,25.22030647474947,355.1249554887383,0.0,0.0,110.65289957472639,132.7954997546034,1933.3033105921455,29.66082406379612,20.343500729626976,225.55460299164285,269.7755224632332,4935.408156580523,0.0,0.0,128.33079564015118,153.98424397826723,2258.1932689272268,0.0,17.863188894533395,38.071114249952049,22.0,30.0,0.0,18.214386168154897,37.2167424394453,16.0,30.0,0.0,17.728800038962136,38.37659118173308,22.0,30.0,0.0,17.913415687876659,37.944560496420198,16.0,30.0,0.0,14.899963977581088,45.940326318363329,12.0,30.0,0.0,18.025993801289365,37.66256975678469,16.0,30.0,0.0,16.670046700163814,41.039451037276638,10.0,30.0,0.0,15.676437449977275,43.71013065333575,12.0,30.0,0.0,15.959056176619255,42.932475188412578,12.0,30.0,0.0,16.939705860869358,0.0,0.0,0.0,16.00886729505722,0.0,0.0,506.12416549791899,502.70333401725426,505.57854457711979,533.1729983984881,567.7513408278614,555.5204046488132,550.302512348382,564.1362286524425,560.3816802339316,0.0,80.33062748681479,80.33062748681479,60.0,0.0,60.0,60.0,16.0,16.0,16.0,12.0,12.0,12.0,21.0,10.0,0.0,0.0,0.0,0.0,0.0,0.0,0.0,0.0,0.0,0.0,0.0,0.0,0.0,80.33062748681479,80.33062748681479,0.0,0.0,0.0,80.33062748681479,0.0,0.0,0.00184 
 03/27  11:20:00,7.53,74.0,4.556666666666667,172.66666666666669,614.1666666666666,0.0,0.0,0.0,0.0,0.0,0.0,0.0,0.0,0.0,0.0,758.0,0.0,1500.0361869276388,86.18801584357377,220.85594552657808,44.97838125203034,1197.1686231658023,0.0,86.18801584357373,117.82555198138363,0.0,0.0,17.795155517065778,71.25096383184155,19.080136613696017,-513.9948484436081,17.933405830979493,-2.9467382261218519,17.971822599219764,-190.74356715177783,14.786418655968216,26.272775115813319,18.552247674287423,-211.686140165898,16.383909391175217,113.70798935193398,15.599593667495365,16.22413617509517,16.073871555425855,11.391311172639235,414.32432186523149,137.38084135023383,0.0,0.0,0.0,0.0,0.0,0.0,0.0,0.0,0.0,0.0,0.0,0.0,0.0,0.0,0.0,0.0,0.0,0.0,0.0,0.0,0.0,0.0,1.0125444988321307,0.30907951734802527,203.8927731494062,243.03210068767633,4284.866518853221,0.15008124383604153,0.022906172746648587,198.0918019710821,235.86537384888536,4265.449314055485,1.0358830669153554,0.1957450995682834,218.80854367003639,260.867550927774,4569.889612079663,0.19280154747753204,0.03643264313634391,116.39302815695318,138.823234931799,2396.593258541967,0.0,0.0,8.512343318347689,10.250880482980496,128.75832133158856,0.0,0.0,72.30992038214058,86.12588908461618,1545.3595341695757,0.0,0.0,218.52913871571855,261.55050642946449,4068.9756732016264,0.0,0.0,22.76381159767152,27.345044165043196,376.5561719120271,0.0,0.0,107.21043960044841,128.6189678489092,1852.9306339142186,29.359173988517229,20.136607673880137,276.08132705643359,330.09551730935308,5848.533429437771,0.0,0.0,125.96569951879941,151.0486977288419,2213.941133244739,0.0,17.90888117063963,37.933066264950067,22.0,30.0,0.0,18.220669697779209,37.187255825789737,16.0,30.0,0.0,17.84477996213331,38.10533540725571,22.0,30.0,0.0,17.72624148266991,38.36325510726812,16.0,30.0,0.0,14.94179932900917,45.81984778766135,12.0,30.0,0.0,18.126954390997374,37.4240276385023,16.0,30.0,0.0,16.71501777564242,40.91615676224649,10.0,30.0,0.0,15.657754211885563,43.76547772186476,12.0,30.0,0.0,16.034011251062134,42.72799909931603,12.0,30.0,0.0,17.01382300049324,0.0,0.0,0.0,16.169149006548623,0.0,0.0,505.8485237502784,496.5688247106446,521.2746753848121,500.0217667029616,562.2610149416845,549.540883593217,546.8224937003987,559.2089711839426,556.3963087904118,0.0,80.33062748681479,80.33062748681479,60.0,0.0,60.0,60.0,16.0,16.0,16.0,12.0,12.0,12.0,21.0,10.0,0.0,0.0,0.0,0.0,0.0,0.0,0.0,0.0,0.0,0.0,0.0,0.0,0.0,80.33062748681479,80.33062748681479,0.0,0.0,0.0,80.33062748681479,0.0,0.0,0.0018299999999999999 
 03/27  11:30:00,7.695,73.0,4.625,179.0,603.0,0.0,0.0,0.0,0.0,0.0,0.0,0.0,0.0,0.0,0.0,758.0,0.0,1562.9729666701647,87.78917292895734,224.95883878673502,46.86551013594564,1247.3977981860508,0.0,87.7891729289573,120.01445510843351,0.0,0.0,17.77144577318184,69.20886410418189,19.18427074849806,-489.5136380758704,17.91338974345551,-29.795733168610697,18.008593155405437,-19.64343636951162,14.821674940973978,27.129771563581984,18.675292784514697,-224.22537538333428,16.418145795812735,125.02841240098405,15.580092989713574,25.131146967699693,16.123341980318125,25.780849216462685,332.8759756324889,107.55109581250372,0.0,0.0,0.0,0.0,0.0,0.0,0.0,0.0,0.0,0.0,0.0,0.0,0.0,0.0,0.0,0.0,0.0,0.0,0.0,0.0,0.0,0.0,0.9780734570627252,0.2985572213256182,192.67823809632319,229.64697539450899,3983.66642599501,0.14804762496477948,0.022595791356040824,187.46582299327484,223.13123420756419,4003.9169380643959,1.0120166212016564,0.1912351891915451,108.01920573936131,128.76808559832865,2231.567103446435,0.21019769369107633,0.039719896767021218,116.85314732943597,139.30217963693318,2394.0829516844739,0.0,0.0,8.572858638382302,10.321246749988811,127.52261595937887,0.0,0.0,73.67917788332999,87.71823583552457,1564.5059149216175,0.0,0.0,217.75623168936623,260.54586691584736,4008.085101616116,0.0,0.0,23.945556113776477,28.762523680987319,387.7807967166391,0.0,0.0,104.49800971486845,125.32123350294286,1786.1811835958136,29.08303603941901,19.9472126470638,166.76904046026858,199.53063685818646,3600.9275475089268,0.0,0.0,123.69319251032458,148.22983099581553,2170.5743942640685,0.0,17.905580641032459,37.92625582781199,22.0,30.0,0.0,18.302590208138246,36.96760705756512,16.0,30.0,0.0,17.85229120315481,38.057396700590988,22.0,30.0,0.0,17.844025311188625,38.10074726509033,16.0,30.0,0.0,14.98526435114607,45.6922405921217,12.0,30.0,0.0,18.228372410419224,37.18135410669493,16.0,30.0,0.0,16.77722063823688,40.748123825356397,10.0,30.0,0.0,15.652079568515794,43.78311847981482,12.0,30.0,0.0,16.108145094744523,42.52614754315635,12.0,30.0,0.0,16.795717528743184,0.0,0.0,0.0,16.325967017760858,0.0,0.0,500.1066672826896,497.70932738432,507.381225549004,521.8283022238143,557.1799237544555,545.6304066711506,542.8878912477329,553.4454520312362,550.8985795821753,0.0,80.33062748681479,80.33062748681479,60.0,0.0,60.0,60.0,16.0,16.0,16.0,12.0,12.0,12.0,21.0,10.0,0.0,0.0,0.0,0.0,0.0,0.0,0.0,0.0,0.0,0.0,0.0,0.0,0.0,80.33062748681479,80.33062748681479,0.0,0.0,0.0,80.33062748681479,0.0,0.0,0.0018199999999999998 
 03/27  11:40:00,7.859999999999999,72.0,4.693333333333333,185.33333333333335,579.3333333333333,0.0,0.0,0.0,0.0,0.0,0.0,0.0,0.0,0.0,0.0,758.0,0.0,1596.9685264645994,88.81685600167265,227.5921745311248,47.88484261138733,1274.529206767365,0.0,88.8168560016726,121.41937578237466,0.0,0.0,17.777842356635174,95.27957993266955,19.21356272589695,-611.3742574599583,17.89532355620645,-15.499139030126117,18.042924966504864,-18.320609169360638,14.855937291866752,27.822555862101866,18.79051601879685,-232.19267996344616,16.44747339922492,129.5452825418979,15.56863971904443,33.95724118814883,16.173367152429607,39.09810582963837,351.7351613163437,83.34596226968097,0.0,0.0,0.0,0.0,0.0,0.0,0.0,0.0,0.0,0.0,0.0,0.0,0.0,0.0,0.0,0.0,0.0,0.0,0.0,0.0,0.0,0.0,0.9761046677177827,0.29795624777710097,213.3874325195143,254.26098788023217,4360.256780162575,0.13830757087949589,0.021109214114697178,209.04290453286573,248.84433651370814,4370.110388184009,0.999298478971647,0.18883191212616164,89.79630559783921,107.03114142068047,1829.9666496599544,0.19988823587739433,0.037771775487035957,9.489935045438916,11.309370902512402,196.23551480991427,0.0,0.0,8.525495229775589,10.261798378624214,124.64967517446702,0.0,0.0,74.8666927334875,89.09299382922277,1579.422598938132,0.0,0.0,216.78432276176464,259.3163701271251,3937.9221403972526,0.0,0.0,24.999064008887389,30.02473540428658,396.6598087759236,0.0,0.0,102.88064601560505,123.33914344681164,1738.7902867260346,28.852639208171579,19.789190129061447,178.338100549247,213.27631073069339,3782.443655426915,0.0,0.0,122.74250756684691,146.99692237002595,2150.8036373016204,0.0,17.959002219714244,37.77086850952184,22.0,30.0,0.0,18.242806220836447,37.052374761023518,16.0,30.0,0.0,17.86349051326192,38.01790855328982,22.0,30.0,0.0,17.913324743910644,37.92242804449572,16.0,30.0,0.0,15.026940631820658,45.567571005435897,12.0,30.0,0.0,18.32959525838396,36.939096560093059,16.0,30.0,0.0,16.825267892153403,40.618961199062379,10.0,30.0,0.0,15.65667334711176,43.76669244242247,12.0,30.0,0.0,16.181311040691467,42.322658392375618,12.0,30.0,0.0,16.90045492609527,0.0,0.0,0.0,16.484060408901873,0.0,0.0,500.4585021905083,489.95302956826637,502.767911826717,523.4162043496173,552.5620744503128,541.5743861260779,538.1148476357939,549.01228238946,547.0350015008286,0.0,80.33062748681479,80.33062748681479,60.0,0.0,60.0,60.0,16.0,16.0,16.0,12.0,12.0,12.0,21.0,10.0,0.0,0.0,0.0,0.0,0.0,0.0,0.0,0.0,0.0,0.0,0.0,0.0,0.0,80.33062748681479,80.33062748681479,0.0,0.0,0.0,80.33062748681479,0.0,0.0,0.00181 
 03/27  11:50:00,8.025,71.0,4.761666666666667,191.66666666666667,555.6666666666667,0.0,0.0,0.0,0.0,0.0,0.0,0.0,0.0,0.0,0.0,758.0,0.0,1600.0966467944255,87.66089529563274,224.6300399560935,47.97863029199898,1277.0256447620873,0.0,87.6608952956327,119.83908985834155,0.0,0.0,17.73741324128044,73.5260830474117,19.303190116249949,-520.1506648463064,17.878932663119007,-4.646462003970555,18.015934172970604,-90.90250050547775,14.888102623100743,28.896730541843057,18.889997237995254,-243.46453451922526,16.48501425909463,139.65481694155916,15.563172199320217,42.75453159286087,16.222645664558195,51.557469570998367,350.48138665663466,58.792580301803358,0.0,0.0,0.0,0.0,0.0,0.0,0.0,0.0,0.0,0.0,0.0,0.0,0.0,0.0,0.0,0.0,0.0,0.0,0.0,0.0,0.0,0.0,0.9626967865613271,0.29386348796133307,183.1377831884373,218.23658423075899,3665.412541146802,0.1488122684246375,0.022712495180805479,177.91687475266668,211.69839173068798,3696.118223436599,0.9839979387421698,0.18594065357939724,139.20948376677749,165.90740146401886,2781.627225581126,0.19267302229390999,0.03640835644253778,45.64491691468134,54.40131840447881,908.4887721035329,0.0,0.0,8.612442896117308,10.36412058071668,123.6773996699623,0.0,0.0,75.98534567823815,90.38845675735787,1590.7615176000575,0.0,0.0,216.0606890149497,258.3715525397047,3878.958993162049,0.0,0.0,25.856277848736189,31.050105937380477,402.2058931331525,0.0,0.0,100.26179891876373,120.15890416602655,1674.9695795678698,28.592329688165888,19.610651363625445,185.68194345394469,221.9992348028591,3862.069800744492,0.0,0.0,120.56250961806612,144.30048279229309,2106.6067490806365,0.0,17.909358346837519,37.837330357424637,22.0,30.0,0.0,18.345547122980539,36.80140416679118,16.0,30.0,0.0,17.87412807356537,37.97994925551779,22.0,30.0,0.0,17.86303293037636,37.967206237832979,16.0,30.0,0.0,15.06545446175901,45.4511160104602,12.0,30.0,0.0,18.418482073897484,36.726854248689047,16.0,30.0,0.0,16.888094133339174,40.445955757120717,10.0,30.0,0.0,15.669200863774377,43.72553171037362,12.0,30.0,0.0,16.2528049472919,42.12370069225385,12.0,30.0,0.0,16.95314057988339,0.0,0.0,0.0,16.62960949674638,0.0,0.0,493.43363886150646,493.1046811647754,508.97263269655357,504.61174202164968,547.9496005721481,536.9308824068567,535.0075762283813,544.8870759898136,543.0168030754087,0.0,80.33062748681479,80.33062748681479,60.0,0.0,60.0,60.0,16.0,16.0,16.0,12.0,12.0,12.0,21.0,10.0,0.0,0.0,0.0,0.0,0.0,0.0,0.0,0.0,0.0,0.0,0.0,0.0,0.0,80.33062748681479,80.33062748681479,0.0,0.0,0.0,80.33062748681479,0.0,0.0,0.0018033333333333335 
 03/27  12:00:00,8.19,70.0,4.83,198.0,532.0,0.0,0.0,0.0,0.0,0.0,0.0,0.0,0.0,0.0,0.0,758.0,0.0,1620.9061872852033,88.52179527043494,226.83599202407835,48.60258525652263,1293.6334194667109,0.0,88.5217952704349,121.01600539281597,0.0,0.0,17.757416216785378,113.26290055809659,19.34768050552824,-609.3119869333859,17.85078821185012,-13.711782709889576,18.03950790448227,-15.60312809742004,14.921053158923315,29.3256002095672,18.991479345187778,-248.48311174339779,16.51259511502443,140.3687733244651,15.563414125895959,50.62775013455973,16.27275067996328,62.58793167644944,343.47617638505928,39.86405579574921,0.0,0.0,0.0,0.0,0.0,0.0,0.0,0.0,0.0,0.0,0.0,0.0,0.0,0.0,0.0,0.0,0.0,0.0,0.0,0.0,0.0,0.0,0.9472153782865075,0.2891377833597398,221.33315546855136,263.6619459702808,4383.17558659065,0.12810969312096674,0.019552761465349016,218.37769809237768,259.82892559672947,4457.912484714398,0.9674178886059046,0.18280761311525038,83.06166340235582,98.98955007719934,1636.2855713613715,0.19430765821382685,0.0367172445604359,9.431323534747964,11.23715826101245,188.7288044880977,0.0,0.0,8.484448962362805,10.207835564375813,119.61346639800138,0.0,0.0,76.96378520651656,91.5158354804054,1599.0259336438922,0.0,0.0,214.35630687103498,256.2754434310944,3793.2686096733307,0.0,0.0,26.474312342935499,31.787424594145269,403.85378547336338,0.0,0.0,99.18723967622253,118.831553951885,1637.3864626439907,28.27298439046396,19.39162166698489,188.276605652375,225.05505009217849,3845.7344906534688,0.0,0.0,119.8001251760303,143.30542475902304,2086.2295172181809,0.0,17.983021176346928,37.64821020888873,22.0,30.0,0.0,18.33440675535581,36.8033006953669,16.0,30.0,0.0,17.85646182624939,37.96151660934729,22.0,30.0,0.0,17.925326092003695,37.82083073866214,16.0,30.0,0.0,15.10297610149811,45.33543978188533,12.0,30.0,0.0,18.508640803877485,36.509452147738148,16.0,30.0,0.0,16.927912831570074,40.32721861608478,10.0,30.0,0.0,15.687075265018935,43.66974941735052,12.0,30.0,0.0,16.32278849017354,41.92987277601844,12.0,30.0,0.0,16.988961103890323,0.0,0.0,0.0,16.770462463902065,0.0,0.0,495.4232505560488,491.394145035658,496.9109918825054,509.0586328324843,543.7603169024167,533.5407220695154,530.5349986686637,540.3244018919501,538.6350574707257,0.0,80.33062748681479,80.33062748681479,60.0,0.0,60.0,60.0,16.0,16.0,16.0,12.0,12.0,12.0,21.0,10.0,0.0,0.0,0.0,0.0,0.0,0.0,0.0,0.0,0.0,0.0,0.0,0.0,0.0,80.33062748681479,80.33062748681479,0.0,0.0,0.0,80.33062748681479,0.0,0.0,0.0017966666666666665 
 03/27  12:10:00,8.253333333333334,69.66666666666667,4.793333333333334,204.33333333333335,508.3333333333333,0.0,0.0,0.0,0.0,0.0,0.0,0.0,0.0,0.0,0.0,758.0,0.0,1635.1476075270253,89.34171665125506,228.93693392113324,49.02959788650069,1304.9992425533934,0.0,89.34171665125501,122.13690008253485,0.0,0.0,17.741150808544427,100.80331160255628,19.422383269466068,-570.6124092089012,17.836427670039844,8.257571886823826,18.005487002537444,-100.09895122391845,14.95472681808597,30.269256735841226,19.086030629814247,-259.2045828943574,16.55355139192092,151.23571486183483,15.568235693118048,58.3491958786301,16.32180920895027,71.05635540195772,358.53802823855406,20.310938295361667,0.0,0.0,0.0,0.0,0.0,0.0,0.0,0.0,0.0,0.0,0.0,0.0,0.0,0.0,0.0,0.0,0.0,0.0,0.0,0.0,0.0,0.0,0.9351176638019392,0.28544495232049429,203.24595188696515,242.10446218719467,3995.329438292012,0.13354353319500163,0.02038210213598926,199.6129371569525,237.42672154815723,4076.2343333624819,0.9755866937341826,0.1843512270850686,164.6369284579318,196.18417483863579,3206.3825594468037,0.19051938625014645,0.036001395738878758,56.65661703824042,67.51611728653764,1099.4361333370253,0.0,0.0,8.581360569636726,10.322152758173667,120.51220666257065,0.0,0.0,78.02638437578533,92.74550657486599,1623.2637755658598,0.0,0.0,213.2022374349772,254.8148625564361,3772.938196449621,0.0,0.0,27.11440184394189,32.55054425494302,411.30636769084136,0.0,0.0,96.06617599915529,115.05584781010417,1585.931406617359,27.99459470128729,19.200682236822567,219.18669586027279,261.90035489666885,4400.616212226086,0.0,0.0,116.96014018806695,139.8372057127955,2049.572612952884,0.0,17.971561423696774,37.6521491588255,22.0,30.0,0.0,18.403681428631278,36.598568691634188,16.0,30.0,0.0,17.865284690525379,37.93562786480519,22.0,30.0,0.0,17.85475568863744,37.91161404771799,16.0,30.0,0.0,15.141045103052467,45.214783635212949,12.0,30.0,0.0,18.589563044918518,36.310752967957238,16.0,30.0,0.0,16.994251046987285,40.147859692987648,10.0,30.0,0.0,15.709644145925342,43.596696102300708,12.0,30.0,0.0,16.38907006484365,41.74179649605543,12.0,30.0,0.0,17.077591882087714,0.0,0.0,0.0,16.892360833630776,0.0,0.0,493.8016183423088,490.29259948020447,501.0553395184453,496.74083090372,539.5684517627625,529.4236066726296,527.6235815192904,536.6609280262132,535.0943234357155,0.0,80.33062748681479,80.33062748681479,60.0,0.0,60.0,60.0,16.0,16.0,16.0,12.0,12.0,12.0,21.0,10.0,0.0,0.0,0.0,0.0,0.0,0.0,0.0,0.0,0.0,0.0,0.0,0.0,0.0,80.33062748681479,80.33062748681479,0.0,0.0,0.0,80.33062748681479,0.0,0.0,0.00179 
 03/27  12:20:00,8.316666666666667,69.33333333333334,4.756666666666667,210.66666666666667,484.66666666666665,0.0,0.0,0.0,0.0,0.0,0.0,0.0,0.0,0.0,0.0,758.0,0.0,1643.0827428807498,90.1270002008546,230.94911407967803,49.26751926293329,1311.3320828511,0.0,90.12700020085456,123.21044223091654,0.0,0.0,17.756308692548779,124.14136805487579,19.478859412506723,-604.5084690942413,17.814099958339129,3.2946805994097305,18.03030158282948,-13.784420011937641,14.98857314570887,30.805277368712269,19.17791154800497,-262.4737809335952,16.585145323466145,152.33831969585209,15.576256931298559,64.95289610970099,16.370528911998073,79.43326753502515,334.65201482282375,6.884115085994836,0.0,0.0,0.0,0.0,0.0,0.0,0.0,0.0,0.0,0.0,0.0,0.0,0.0,0.0,0.0,0.0,0.0,0.0,0.0,0.0,0.0,0.0,0.9188411951655018,0.2804765553008247,222.88207433487188,265.4256432796944,4373.052354587743,0.11960001821446668,0.018253971033954015,220.84375827943109,262.6299331546122,4493.33323772064,0.9719549237757857,0.18366495158272604,112.30132501337707,133.81464419164883,2175.7149584904498,0.19684751193583154,0.03719718668477541,10.154420137697553,12.096937251422546,200.15697097540724,0.0,0.0,8.507198720431852,10.230712675670072,118.99653784616283,0.0,0.0,78.55913935139951,93.34419725411638,1636.7448277836753,0.0,0.0,212.79540566342053,254.26730948046126,3756.753661803869,0.0,0.0,27.655149758753447,33.193954186224,417.2699499564964,0.0,0.0,95.9938458260655,114.93353615363431,1584.47128071845,27.65873908504671,18.970328590567026,191.32638321992838,228.62205244937136,3853.5785784271827,0.0,0.0,117.18206168622358,140.03035066832434,2066.7266615489995,0.0,18.023778510249679,37.48418229892056,22.0,30.0,0.0,18.433205363963795,36.51538927408485,16.0,30.0,0.0,17.853053685401045,37.93049348653376,22.0,30.0,0.0,17.919210717697074,37.769931835643948,16.0,30.0,0.0,15.178468227710609,45.095102000788568,12.0,30.0,0.0,18.67195462803951,36.111996186634787,16.0,30.0,0.0,17.03880720013924,40.019921848281,10.0,30.0,0.0,15.734370466539535,43.51235590812214,12.0,30.0,0.0,16.453585875088338,41.55570425746964,12.0,30.0,0.0,17.038638297517353,0.0,0.0,0.0,17.016239772382858,0.0,0.0,492.28573937096015,488.0294132845463,495.4889230467175,501.5290908958685,535.7075162573353,526.2723550100689,524.5192521966204,532.4828019084658,531.0609654630974,0.0,80.33062748681479,80.33062748681479,60.0,0.0,60.0,60.0,16.0,16.0,16.0,12.0,12.0,12.0,21.0,10.0,0.0,0.0,0.0,0.0,0.0,0.0,0.0,0.0,0.0,0.0,0.0,0.0,0.0,80.33062748681479,80.33062748681479,0.0,0.0,0.0,80.33062748681479,0.0,0.0,0.0017933333333333335 
 03/27  12:30:00,8.379999999999999,69.0,4.720000000000001,217.0,461.0,0.0,0.0,0.0,0.0,0.0,0.0,0.0,0.0,0.0,0.0,758.0,0.0,1644.9709170714569,90.88353554935503,232.88762493824448,49.32412515793368,1312.838904693091,0.0,90.88353554935499,124.24468340885797,0.0,0.0,17.760270086015824,125.1207470842628,19.5252672327172,-620.7491883595185,17.803216036317829,22.473862751598064,18.01192713420503,-79.91228430975139,15.022789566474558,31.533378096338028,19.263067264120936,-270.19180785346409,16.623849842087546,159.75302018670937,15.587472279612868,71.56412283781367,16.41825559193081,85.98828616206038,351.4241412542715,-8.740253698513243,0.0,0.0,0.0,0.0,0.0,0.0,0.0,0.0,0.0,0.0,0.0,0.0,0.0,0.0,0.0,0.0,0.0,0.0,0.0,0.0,0.0,0.0,0.8946618924838947,0.27309581577652466,219.41128126038965,261.2500923703135,4285.59772826952,0.11552379874678937,0.017631837415566146,217.25872865784724,258.3259556147694,4401.157727583725,1.0360520435925534,0.19577703015732307,175.36807298788106,208.93873391597237,3368.750469851729,0.18958648037231935,0.03582510966975043,48.95048306259277,58.31841127776941,939.7954273480854,0.0,0.0,8.548915679185014,10.278643450396567,119.10193326777832,0.0,0.0,79.42159357567671,94.33655096008933,1655.9543673486642,0.0,0.0,211.84212506862597,253.0557487332314,3736.5937665937806,0.0,0.0,28.13271619342239,33.7609843398866,422.3494010285301,0.0,0.0,93.87235210958206,112.35973399666958,1548.6210290604425,27.371121393458038,18.77305994064338,228.2795377083624,272.6685736388111,4511.575706603784,0.0,0.0,115.29270867576067,137.70650150793149,2044.1786720583835,0.0,18.045476733431017,37.417551050322668,22.0,30.0,0.0,18.45424333415389,36.44214505928494,16.0,30.0,0.0,17.862482780237163,37.87421481949047,22.0,30.0,0.0,17.876892271589538,37.81998261846959,16.0,30.0,0.0,15.215783567974313,44.97458761175433,12.0,30.0,0.0,18.746662341818636,35.930520074019437,16.0,30.0,0.0,17.09689159917348,39.851718789594567,10.0,30.0,0.0,15.76180970942182,43.42334695446958,12.0,30.0,0.0,16.514996384217345,41.38154427639291,12.0,30.0,0.0,17.130272485911648,0.0,0.0,0.0,17.13008927151253,0.0,0.0,490.020751774487,488.3917976525692,495.68622319766907,494.48035583413687,532.105921952976,523.1538180303384,521.2460124441358,529.1003061853019,527.8851085914631,0.0,80.33062748681479,80.33062748681479,60.0,0.0,60.0,60.0,16.0,16.0,16.0,12.0,12.0,12.0,21.0,10.0,0.0,0.0,0.0,0.0,0.0,0.0,0.0,0.0,0.0,0.0,0.0,0.0,0.0,80.33062748681479,80.33062748681479,0.0,0.0,0.0,80.33062748681479,0.0,0.0,0.0017966666666666665 
 03/27  12:40:00,8.443333333333334,68.66666666666666,4.683333333333334,209.16666666666669,466.6666666666667,0.0,0.0,0.0,0.0,0.0,0.0,0.0,0.0,0.0,0.0,758.0,0.0,1677.2626802369717,88.86714610802753,227.72070037815559,50.29237081548907,1338.6105389095324,0.0,88.86714610802749,121.48812617049383,0.0,0.0,17.762844963071719,128.85448510886909,19.602618112553949,-610.2208017319244,17.78869626373885,26.40201757831801,18.034386990821277,-12.39396055710995,15.060729749065262,32.107094659106,19.362437841748404,-275.70822597852477,16.659531007432756,162.5105355716487,15.599919107191035,77.60987730922602,16.464213582289454,93.1399548559616,320.7676225647392,-21.05520732594914,0.0,0.0,0.0,0.0,0.0,0.0,0.0,0.0,0.0,0.0,0.0,0.0,0.0,0.0,0.0,0.0,0.0,0.0,0.0,0.0,0.0,0.0,0.8714990647229872,0.26602535553204739,219.73651673156273,261.6000968995667,4270.12762838581,0.10967051526999086,0.016738479131561489,218.2336593557975,259.40768353811577,4418.669279074031,1.1476240314751157,0.2168601722364165,137.6721861231214,164.01326174320944,2632.8434637626435,0.19320940313490826,0.03650971336638477,9.720958299329292,11.577941827466177,189.43990909549195,0.0,0.0,8.53764783495721,10.26274225680868,118.52701544809871,0.0,0.0,79.85250478231828,94.81343631490032,1667.366379753243,0.0,0.0,211.68326613381249,252.80049427714878,3726.9902514539905,0.0,0.0,28.570047774426404,34.2794242734933,426.8132919320197,0.0,0.0,93.45907768735614,111.8322393194778,1540.6550313509814,27.04719162821703,18.55088589040949,189.29356041865547,226.13294092204377,3762.870743704423,0.0,0.0,115.0921396321016,137.40195886429539,2050.9884983570207,0.0,18.062137225843807,37.35301173848404,22.0,30.0,0.0,18.51580230691505,36.28846567710756,16.0,30.0,0.0,17.86163398751389,37.85001482857012,22.0,30.0,0.0,17.934595207436787,37.69440241867052,16.0,30.0,0.0,15.25660542095654,44.84119369850642,12.0,30.0,0.0,18.82901547371282,35.72765315752057,16.0,30.0,0.0,17.146586096510846,39.71311073880149,10.0,30.0,0.0,15.790256301880899,43.32955559363671,12.0,30.0,0.0,16.57466906333363,41.20931680955759,12.0,30.0,0.0,17.06656693791716,0.0,0.0,0.0,17.242256628992757,0.0,0.0,490.13250872537676,486.8738769251254,491.1829377544288,498.42741567410988,528.6514838720652,520.065266465748,518.3181120655966,525.917513897476,524.75545973884,0.0,80.33062748681479,80.33062748681479,60.0,0.0,60.0,60.0,16.0,16.0,16.0,12.0,12.0,12.0,21.0,10.0,0.0,0.0,0.0,0.0,0.0,0.0,0.0,0.0,0.0,0.0,0.0,0.0,0.0,80.33062748681479,80.33062748681479,0.0,0.0,0.0,80.33062748681479,0.0,0.0,0.0018 
 03/27  12:50:00,8.506666666666668,68.33333333333334,4.646666666666667,201.33333333333335,472.33333333333339,0.0,0.0,0.0,0.0,0.0,0.0,0.0,0.0,0.0,0.0,758.0,0.0,1706.5845457123497,86.80581731611129,222.43861714186006,51.17156505159899,1362.01192415616,0.0,86.80581731611125,118.67013343280907,0.0,0.0,17.782268184679979,143.96006891089565,19.652043912300856,-670.2740566005859,17.77792573881998,37.202781842041989,18.009016046924559,-80.74367245812323,15.100755581253836,32.487164723915558,19.464978475074216,-283.6616523159837,16.69568513585591,166.46327230443604,15.613891202480618,83.3330210044245,16.50894332753621,99.23919813404655,349.2819771102568,-33.540277206622707,0.0,0.0,0.0,0.0,0.0,0.0,0.0,0.0,0.0,0.0,0.0,0.0,0.0,0.0,0.0,0.0,0.0,0.0,0.0,0.0,0.0,0.0,0.8721771107402727,0.26623232928579756,230.56561172180708,274.4229906919815,4471.508627394335,0.10324750745747609,0.01575816658386387,229.61392930567627,272.91413639600258,4618.559957941737,1.2224289742537343,0.23099564895195288,189.5404711920483,225.78176804813007,3595.3134001566947,0.1891521772921491,0.035743041816354698,51.99613427906468,61.93519113275412,985.1222944955786,0.0,0.0,8.51329996606032,10.231048325821549,117.81125918305203,0.0,0.0,80.70634208604838,95.7908215595496,1688.1280737319956,0.0,0.0,210.8648022861929,251.75765367106315,3706.0203427226558,0.0,0.0,28.894052983293059,34.66166361603536,429.5733185539597,0.0,0.0,92.29969023177377,110.41353565212808,1519.963297405109,26.784978437975629,18.371041452658188,244.12825196252889,291.481619580613,4746.49632924442,0.0,0.0,114.1108759046826,136.16840958979993,2042.5980304027583,0.0,18.110218801198479,37.22617891786232,22.0,30.0,0.0,18.514358837952707,36.25053338162906,16.0,30.0,0.0,17.866926386242445,37.8224104603004,22.0,30.0,0.0,17.88252604752335,37.754069195856178,16.0,30.0,0.0,15.299727065047515,44.70089894015161,12.0,30.0,0.0,18.91445236612507,35.52445048744188,16.0,30.0,0.0,17.196796082001826,39.5684534359868,10.0,30.0,0.0,15.819481090726488,43.22825475070954,12.0,30.0,0.0,16.631882378806485,41.04049144016678,12.0,30.0,0.0,17.197562631796364,0.0,0.0,0.0,17.349170008540417,0.0,0.0,488.42346776016299,485.1303995533429,492.9906682226635,490.67751644209457,525.3574836551052,517.1024588060137,515.9946271347993,522.668568684008,521.5726291671771,0.0,80.33062748681479,80.33062748681479,60.0,0.0,60.0,60.0,16.0,16.0,16.0,12.0,12.0,12.0,21.0,10.0,0.0,0.0,0.0,0.0,0.0,0.0,0.0,0.0,0.0,0.0,0.0,0.0,0.0,80.33062748681479,80.33062748681479,0.0,0.0,0.0,80.33062748681479,0.0,0.0,0.0018166666666666668 
 03/27  13:00:00,8.57,68.0,4.61,193.5,478.0,0.0,0.0,0.0,0.0,0.0,0.0,0.0,0.0,0.0,0.0,758.0,0.0,1732.8525482602095,84.69643783143785,217.03340247596618,51.959190196125437,1382.976048526457,0.0,84.6964378314378,115.78645175517377,0.0,0.0,17.780018577813544,136.07174943637257,19.745080269341263,-622.9043977837891,17.769577042758589,48.73724967819362,18.029059607549557,-10.877186237818308,15.14278166866847,33.062989687372468,19.567919102383234,-292.9224563972821,16.73654114465277,172.20073890102868,15.62945591898775,88.9970211444139,16.552786861242816,105.31098875724456,307.98026303622557,-45.15867073558684,0.0,0.0,0.0,0.0,0.0,0.0,0.0,0.0,0.0,0.0,0.0,0.0,0.0,0.0,0.0,0.0,0.0,0.0,0.0,0.0,0.0,0.0,0.8451570876545599,0.2579844589910134,219.5233034256578,261.2597747527742,4228.735186088068,0.1031057146544723,0.01573652543566427,218.7716251665434,259.9192669711927,4412.659065151985,1.3232145695534726,0.25004054602295408,155.95811949726386,185.75746065990939,2946.3582734925864,0.195994623199477,0.03703602101275075,10.309370101624817,12.276569729450115,198.06650309214013,0.0,0.0,8.557438833611434,10.281577555943035,118.08039083716064,0.0,0.0,81.46866673019548,96.65884738395829,1707.0944116761182,0.0,0.0,211.2958007953269,252.200048224973,3710.1583075058417,0.0,0.0,29.287911027948593,35.12737881134889,433.3861646833274,0.0,0.0,91.68758447484116,109.65066791872951,1508.0280541334819,26.475319187357817,18.158655135362019,190.3691904186278,227.35224196967946,3729.7713086778255,0.0,0.0,113.6374951857311,135.5433508612356,2042.4622003551083,0.0,18.109158440825618,37.188255860048098,22.0,30.0,0.0,18.609370195242538,36.030977513425138,16.0,30.0,0.0,17.874723008467816,37.778289530777417,22.0,30.0,0.0,17.936738412584789,37.64039322568053,16.0,30.0,0.0,15.345079225541838,44.5535305484021,12.0,30.0,0.0,19.000287445378118,35.317096467289157,16.0,30.0,0.0,17.254583825174604,39.40739139029538,10.0,30.0,0.0,15.84983200467493,43.12772307987645,12.0,30.0,0.0,16.687500544256318,40.87981730446233,12.0,30.0,0.0,17.100119596479428,0.0,0.0,0.0,17.452876810652673,0.0,0.0,486.72582061095127,484.0540733965187,489.20498117063337,494.39979612587197,522.3214012609844,514.7334288386966,513.1305691330698,519.6246668453659,518.6825416109062,0.0,80.33062748681479,80.33062748681479,60.0,0.0,60.0,60.0,16.0,16.0,16.0,12.0,12.0,12.0,21.0,10.0,0.0,0.0,0.0,0.0,0.0,0.0,0.0,0.0,0.0,0.0,0.0,0.0,0.0,80.33062748681479,80.33062748681479,0.0,0.0,0.0,80.33062748681479,0.0,0.0,0.0018333333333333334 
 03/27  13:10:00,8.396666666666669,68.66666666666667,4.6850000000000009,185.66666666666667,483.6666666666667,0.0,0.0,0.0,0.0,0.0,0.0,0.0,0.0,0.0,0.0,758.0,0.0,1755.9883965276759,82.5356470008625,211.49644479048775,52.65289870865216,1401.4404283921643,0.0,82.53564700086246,112.832486869952,0.0,0.0,17.816200546655798,163.57016188530725,19.77452718376962,-720.6426234789087,17.756226007535873,53.07843193318604,18.01306122836689,-55.716383516275758,15.18568890100827,33.432896862084707,19.665738397074983,-299.3387985642612,16.772950376321164,173.98909495800127,15.643870132043947,94.42911700492744,16.594182157273033,112.1488911614465,350.2736979805777,-54.41272358407787,0.0,0.0,0.0,0.0,0.0,0.0,0.0,0.0,0.0,0.0,0.0,0.0,0.0,0.0,0.0,0.0,0.0,0.0,0.0,0.0,0.0,0.0,0.8855406369766898,0.2703115497486843,242.0342731456654,287.96917513816808,4782.286134182532,0.09826327428928845,0.014997447235849887,242.4040091125094,288.0256097866131,4957.557101253268,1.4294879409124404,0.27012243781414227,191.25983037142243,227.80260779821399,3676.089139238996,0.1974626680180716,0.03731342933070135,40.79671826310483,48.585050089031089,785.1600725591313,0.0,0.0,8.528076751339319,10.244506723414539,121.4415019801542,0.0,0.0,82.34832000424004,97.67205568943301,1767.7925715069055,0.0,0.0,211.39302911668833,252.2705856907122,3805.374007475692,0.0,0.0,29.618869011043715,35.52005296516598,450.42010131230895,0.0,0.0,91.66565257110887,109.60203246627214,1549.5065346565476,26.600555954890824,18.244551409390146,242.84902612432604,289.9103577164323,4787.836867154529,0.0,0.0,113.98116132631513,135.90462882387397,2110.432605065827,0.0,18.18589642971696,37.00546707496762,22.0,30.0,0.0,18.57589343895404,36.077450555521007,16.0,30.0,0.0,17.87282744981597,37.754255505966948,22.0,30.0,0.0,17.911435747956085,37.66133988009549,16.0,30.0,0.0,15.390520140965256,44.40889340849271,12.0,30.0,0.0,19.086335828403816,35.11542709523547,16.0,30.0,0.0,17.302217710338636,39.27007939957221,10.0,30.0,0.0,15.879605892677957,43.02969444886265,12.0,30.0,0.0,16.741767334084213,40.723945520900119,12.0,30.0,0.0,17.212207669551654,0.0,0.0,0.0,17.551841968254384,0.0,0.0,485.3484755827174,483.5050105353045,488.8328438592752,489.7831631364911,519.4132289120789,511.8768892571897,510.81747582387359,517.0603269717984,516.1511768301361,0.0,80.33062748681479,80.33062748681479,60.0,0.0,60.0,60.0,16.0,16.0,16.0,12.0,12.0,12.0,21.0,10.0,0.0,0.0,0.0,0.0,0.0,0.0,0.0,0.0,0.0,0.0,0.0,0.0,0.0,80.33062748681479,80.33062748681479,0.0,0.0,0.0,80.33062748681479,0.0,0.0,0.00185 
 03/27  13:20:00,8.223333333333333,69.33333333333334,4.76,177.83333333333335,489.3333333333333,0.0,0.0,0.0,0.0,0.0,0.0,0.0,0.0,0.0,0.0,758.0,0.0,1775.919937744659,80.3199177238535,205.8187059925062,53.25052711227305,1417.3474792744119,0.0,80.31991772385345,109.80341696331066,0.0,0.0,17.804098430401404,141.53093139046178,19.864458421975376,-642.6727828503736,17.75509195083029,77.26912806828568,18.022155577609099,-11.462827858288279,15.229761464384577,34.27479489880682,19.75967134679728,-309.1511096066765,16.818075812839113,181.2529617158698,15.659283515257752,100.11260475471136,16.633945281869214,117.4891322109188,312.38446360612218,-62.464066922289479,0.0,0.0,0.0,0.0,0.0,0.0,0.0,0.0,0.0,0.0,0.0,0.0,0.0,0.0,0.0,0.0,0.0,0.0,0.0,0.0,0.0,0.0,0.8845641088395672,0.2700134642367421,216.9056596470861,258.09337285683599,4351.181481231349,0.11297992794362499,0.01724357874597451,216.7767650713707,257.47605202543687,4554.371674319271,1.5902924798124092,0.30050878303333519,189.85556233437004,226.10941187405374,3727.099730792071,0.20828058592008967,0.03935763150417415,23.16564477833045,27.584070010125747,457.4603218987461,0.0,0.0,8.665183328109665,10.407357930078403,127.23496088794647,0.0,0.0,83.0880768846524,98.52068807619031,1825.4113844466247,0.0,0.0,212.67678968327116,253.74258912828388,3929.159504578056,0.0,0.0,30.09470188539877,36.08626562951942,470.024234467963,0.0,0.0,91.04846855322829,108.84293408565651,1580.0938082525702,26.672893540491314,18.29416566563191,188.1063419187617,224.6751939625136,3827.1965050934188,0.0,0.0,113.67686257990272,135.49959960582866,2163.4516525057895,0.0,18.157075750757785,37.043955769786069,22.0,30.0,0.0,18.683161277691327,35.82327080767621,16.0,30.0,0.0,17.894370793754346,37.688899373065009,22.0,30.0,0.0,17.9474338611865,37.58757308426133,16.0,30.0,0.0,15.436870080652053,44.260329713376417,12.0,30.0,0.0,19.16689056479571,34.923241856720377,16.0,30.0,0.0,17.36582652721802,39.09916908780298,10.0,30.0,0.0,15.910045391070442,42.93043141939659,12.0,30.0,0.0,16.7931196256868,40.576011702513849,12.0,30.0,0.0,17.059328006805758,0.0,0.0,0.0,17.637577674550405,0.0,0.0,484.87293029013599,481.98052063536138,486.2009227135142,491.88064902260518,516.6197553947535,509.7057752499649,508.2227985986018,514.29240066055,513.4496547606742,0.0,80.33062748681479,80.33062748681479,60.0,0.0,60.0,60.0,16.0,16.0,16.0,12.0,12.0,12.0,21.0,10.0,0.0,0.0,0.0,0.0,0.0,0.0,0.0,0.0,0.0,0.0,0.0,0.0,0.0,80.33062748681479,80.33062748681479,0.0,0.0,0.0,80.33062748681479,0.0,0.0,0.0018433333333333334 
 03/27  13:30:00,8.05,70.0,4.835,170.0,495.0,0.0,0.0,0.0,0.0,0.0,0.0,0.0,0.0,0.0,0.0,758.0,0.0,1792.5807447831483,78.04563199232956,199.99091505311248,53.75008361183461,1430.6441862808979,0.0,78.04563199232952,106.6942959439042,0.0,0.0,17.84851924648127,177.2452266806249,19.869952590911873,-777.0312515501846,17.739071064754133,69.22899506042723,18.010162878702123,-37.808301904363137,15.274167994779632,34.392041303232307,19.853279250861445,-313.3743887865594,16.851806513087987,179.75436944189824,15.674293432175557,104.47190762527078,16.673260814308649,124.06981738485456,362.2410828133925,-65.8033346783518,0.0,0.0,0.0,0.0,0.0,0.0,0.0,0.0,0.0,0.0,0.0,0.0,0.0,0.0,0.0,0.0,0.0,0.0,0.0,0.0,0.0,0.0,0.9356636097074367,0.28561160247479758,248.00397665683637,295.0010000225467,5103.495359526702,0.10544800824295916,0.016094018352099998,249.47077520419934,296.38297107107209,5290.516460582822,1.6586856607381316,0.3134326645385737,192.80120124970567,229.6231547829857,3849.119773591755,0.21091616906395903,0.03985566308842762,32.34990019861417,38.521509045316978,647.68931953845,0.0,0.0,8.5797135946106,10.302896405489128,129.77026039008508,0.0,0.0,83.78462254710344,99.31652898444149,1883.2562195942522,0.0,0.0,213.0513083897526,254.15042310022347,4026.970031535909,0.0,0.0,30.347967302119849,36.385779530448697,486.3232996049167,0.0,0.0,92.04249524608034,110.01004365825128,1638.7310689747065,26.766942649073294,18.358671227073598,238.15921182013626,284.31888316607128,4884.356856768562,0.0,0.0,115.01714225841525,137.0593185061245,2245.9259480765156,0.0,18.246802649251227,36.82096504830963,22.0,30.0,0.0,18.606662370936559,35.94892996465776,16.0,30.0,0.0,17.88271306489727,37.694614592922309,22.0,30.0,0.0,17.933007226675856,37.581601587494038,16.0,30.0,0.0,15.482543183879635,44.114306046490437,12.0,30.0,0.0,19.250410922203668,34.72873033060214,16.0,30.0,0.0,17.405580351075629,38.98356958293454,10.0,30.0,0.0,15.938387435567997,42.83383904713756,12.0,30.0,0.0,16.84411163868757,40.42740357242336,12.0,30.0,0.0,17.196449883051835,0.0,0.0,0.0,17.71285602246661,0.0,0.0,483.0420237196497,480.3116840498415,486.35691031205007,488.3716916782769,513.9502795234815,507.0406736044538,506.41198230776947,511.819247498776,511.00034090312746,0.0,80.33062748681479,80.33062748681479,60.0,0.0,60.0,60.0,16.0,16.0,16.0,12.0,12.0,12.0,21.0,10.0,0.0,0.0,0.0,0.0,0.0,0.0,0.0,0.0,0.0,0.0,0.0,0.0,0.0,80.33062748681479,80.33062748681479,0.0,0.0,0.0,80.33062748681479,0.0,0.0,0.0018366666666666666 
 03/27  13:40:00,7.876666666666667,70.66666666666667,4.91,174.0,474.0,0.0,0.0,0.0,0.0,0.0,0.0,0.0,0.0,0.0,0.0,758.0,0.0,1767.9477548553965,78.24232426482245,200.49483331685236,53.011462527941549,1410.9847194314426,0.0,78.24232426482242,106.96318919257823,0.0,0.0,17.80113493395794,126.84629853532533,19.947661657795707,-647.3329071919798,17.74382350185283,100.42995876096484,18.0128751452731,-14.235461674221824,15.316093539470418,35.21022462031385,19.921228163867917,-322.7035465742065,16.898301305933186,188.0328107800242,15.69068441274538,108.95000536133807,16.71090752271008,125.96952823735501,329.0419361967024,-68.84943389869159,0.0,0.0,0.0,0.0,0.0,0.0,0.0,0.0,0.0,0.0,0.0,0.0,0.0,0.0,0.0,0.0,0.0,0.0,0.0,0.0,0.0,0.0,0.9313662905169703,0.28429984448014969,224.06157484151505,266.6143917394497,4645.21169758944,0.1275853974566084,0.01947274075955562,208.98172904968119,248.16699974486245,4556.8670175273459,1.809788758519694,0.3419857820332,209.3902904496861,249.35135205778423,4266.144999359622,0.22123274942426567,0.04180513027669418,23.46966615984727,27.94489600864822,480.3060836783552,0.0,0.0,8.753978224888334,10.510420626426536,136.2236960239285,0.0,0.0,84.52139541051632,100.16627027451449,1939.5505748553429,0.0,0.0,214.30129678085422,255.58034970896285,4152.426462778878,0.0,0.0,30.799123169268545,36.922459171555129,506.06822504015988,0.0,0.0,91.01398281330127,108.76181862981746,1660.3532998140302,26.81770075905148,18.39348474557715,198.5873997922546,237.1846649693785,4175.097094726371,0.0,0.0,114.24557973168082,136.1105962006786,2283.5171358710447,0.0,18.142193202032926,37.01801768003889,22.0,30.0,0.0,18.73409130732828,35.65790584166875,16.0,30.0,0.0,17.912173435129099,37.60316077976357,22.0,30.0,0.0,17.950425482699339,37.540892386283477,16.0,30.0,0.0,15.525425281237132,43.97569102985378,12.0,30.0,0.0,19.31452334913504,34.57422392025656,16.0,30.0,0.0,17.470319108313857,38.807035217258079,10.0,30.0,0.0,15.966582814195972,42.740581513082599,12.0,30.0,0.0,16.889632692385328,40.29545763645012,12.0,30.0,0.0,17.06166539265674,0.0,0.0,0.0,17.77059835186426,0.0,0.0,481.445271790477,479.35564568347805,483.9435774606186,489.0683179677097,511.45364745475896,505.2706557119311,503.7831606981163,509.25691250136989,508.5597205010197,0.0,80.33062748681479,80.33062748681479,60.0,0.0,60.0,60.0,16.0,16.0,16.0,12.0,12.0,12.0,21.0,10.0,0.0,0.0,0.0,0.0,0.0,0.0,0.0,0.0,0.0,0.0,0.0,0.0,0.0,80.33062748681479,80.33062748681479,0.0,0.0,0.0,80.33062748681479,0.0,0.0,0.0018299999999999999 
 03/27  13:50:00,7.703333333333333,71.33333333333333,4.985,178.0,453.0,0.0,0.0,0.0,0.0,0.0,0.0,0.0,0.0,0.0,0.0,758.0,0.0,1739.1877251411925,78.43767711691302,200.99531878930183,52.14909424072018,1388.0315069432605,0.0,78.437677116913,107.23025135201448,0.0,0.0,17.874967592916378,194.58478993439167,19.90226027228925,-816.8220728159922,17.714158036235714,66.89152704702065,18.015884623291499,-11.832050486910248,15.355170529941774,34.822888354482248,19.980585746544244,-321.2885632673142,16.9232231905291,181.00220326094587,15.70602622992801,111.24520518778172,16.748408156563995,130.61112009902446,377.04542526405569,-66.22435966502553,0.0,0.0,0.0,0.0,0.0,0.0,0.0,0.0,0.0,0.0,0.0,0.0,0.0,0.0,0.0,0.0,0.0,0.0,0.0,0.0,0.0,0.0,1.0004887264733536,0.3053994891554803,260.59634444513258,309.9215088761463,5568.442443064759,0.1119303187195381,0.017083381977951483,263.7040145359048,313.2889335763781,5772.980818191512,1.8337483213878066,0.34651328824410568,175.920160975788,209.5230290731013,3637.1957117596487,0.22119339348206294,0.04179769340175035,21.476233687499435,25.569801316163713,447.9775695486533,0.0,0.0,8.538658140029295,10.250406506911377,136.49807726586145,0.0,0.0,85.00664949088115,100.71869052559548,1990.1181940366919,0.0,0.0,213.63768631670258,254.76673620012014,4222.669923100417,0.0,0.0,30.860148981317928,36.99188774664788,519.371140389561,0.0,0.0,92.55277682727352,110.58144392655261,1729.0326142598074,26.845811580109566,18.412765144108076,238.04866437681148,284.1801991367522,5068.2861182923229,0.0,0.0,116.05128622221847,138.2367528966187,2370.8947203798168,0.0,18.29303373859232,36.66071135207956,22.0,30.0,0.0,18.601287204642096,35.91611179503262,16.0,30.0,0.0,17.86793242600988,37.66691942525744,22.0,30.0,0.0,17.96299762599959,37.498583737846548,16.0,30.0,0.0,15.562524539144422,43.853448365958779,12.0,30.0,0.0,19.37551244803788,34.42674536875992,16.0,30.0,0.0,17.49090519621889,38.737236752957489,10.0,30.0,0.0,15.9908773252473,42.656196916294707,12.0,30.0,0.0,16.9352242069966,40.161792242658929,12.0,30.0,0.0,17.1954632019568,0.0,0.0,0.0,17.818667093361225,0.0,0.0,480.1821836821464,478.5106813901868,482.61155574843158,488.1854393519275,509.0532081771355,502.5792232972491,502.16673171188367,507.2059405548896,506.4773288162899,0.0,80.33062748681479,80.33062748681479,60.0,0.0,60.0,60.0,16.0,16.0,16.0,12.0,12.0,12.0,21.0,10.0,0.0,0.0,0.0,0.0,0.0,0.0,0.0,0.0,0.0,0.0,0.0,0.0,0.0,80.33062748681479,80.33062748681479,0.0,0.0,0.0,80.33062748681479,0.0,0.0,0.00184 
 03/27  14:00:00,7.53,72.0,5.06,182.0,432.0,0.0,0.0,0.0,0.0,0.0,0.0,0.0,0.0,0.0,0.0,758.0,0.0,1706.5855487077218,78.6332551158645,201.49638113245298,51.17152119877623,1362.011919684238,0.0,78.63325511586447,107.49762130427902,0.0,0.0,17.77763498966315,99.4213867528706,19.984422702819005,-620.1386656845016,17.731507789489624,124.61725321609993,17.978248544881298,-66.64890517840672,15.393900947894231,35.77679130764528,20.024987427361226,-329.9356187095859,16.971051958128777,192.27397485987604,15.722043126517825,114.55086748754752,16.781028076453226,127.41149117064924,366.48587045835486,-65.78317132762823,0.0,0.0,0.0,0.0,0.0,0.0,0.0,0.0,0.0,0.0,0.0,0.0,0.0,0.0,0.0,0.0,0.0,0.0,0.0,0.0,0.0,0.0,0.9842005970935717,0.30042753269034547,233.7058153672513,278.1394914538629,4981.394049056468,0.14502646096513867,0.02213468573949003,195.75620252506784,232.4281284036565,4418.02745115555,2.012922797821597,0.3803708990592588,250.1224790658672,297.838061885239,5273.320950795339,0.23190589281135785,0.043821975210007139,54.45906231168055,64.85482066684323,1140.8622431578165,0.0,0.0,8.818479558152604,10.584797455092819,144.70931753426528,0.0,0.0,85.41066311146436,101.18158393629938,2035.8782770010815,0.0,0.0,214.6820509435611,255.948929225426,4346.220448874451,0.0,0.0,31.36549345933131,37.593828101185369,540.3889044849144,0.0,0.0,90.21958262125301,107.77875384249147,1723.2508268742473,26.897642004492178,18.44831413202482,248.24444633004596,296.4082421656197,5328.6180379724269,0.0,0.0,113.91474088599417,135.67685164675664,2372.964669056269,0.0,18.081951650070708,37.10799955625437,22.0,30.0,0.0,18.768244511616137,35.521353851739139,16.0,30.0,0.0,17.921662126393085,37.53715512220493,22.0,30.0,0.0,17.893594194441684,37.57282573889017,16.0,30.0,0.0,15.599354502790183,43.7305543411621,12.0,30.0,0.0,19.41637991604415,34.322955192425769,16.0,30.0,0.0,17.557983359286177,38.55437655929161,10.0,30.0,0.0,16.01539768593102,42.57040136114772,12.0,30.0,0.0,16.97080529558019,40.05303036284055,12.0,30.0,0.0,17.13616008825435,0.0,0.0,0.0,17.845913659075305,0.0,0.0,479.21484505275876,476.8956305735435,482.09780293874817,481.3792663519758,506.75605781128419,501.13920972657396,499.60643781455527,504.75463656492595,504.1335111024045,0.0,80.33062748681479,80.33062748681479,60.0,0.0,60.0,60.0,16.0,16.0,16.0,12.0,12.0,12.0,21.0,10.0,0.0,0.0,0.0,0.0,0.0,0.0,0.0,0.0,0.0,0.0,0.0,0.0,0.0,80.33062748681479,80.33062748681479,0.0,0.0,0.0,80.33062748681479,0.0,0.0,0.00185 
 03/27  14:10:00,7.501666666666667,72.83333333333333,5.011666666666667,186.0,411.0,0.0,0.0,0.0,0.0,0.0,0.0,0.0,0.0,0.0,0.0,758.0,0.0,1670.4175239424918,78.82975639598291,201.9998098162965,50.08702814285017,1333.146469193723,0.0,78.82975639598287,107.7662534518971,0.0,0.0,17.896371491081476,212.7446358993693,19.918189142542425,-831.6076051736418,17.68456085138198,51.78919026940093,17.990040203882069,-3.943431201587373,15.430877794811071,34.51244288087457,20.070311699059049,-323.3352935664975,16.9825537590892,177.65105356965888,15.736969935562844,114.31314436245452,16.81569378391088,131.152191219016,388.007644555375,-58.089189307580458,0.0,0.0,0.0,0.0,0.0,0.0,0.0,0.0,0.0,0.0,0.0,0.0,0.0,0.0,0.0,0.0,0.0,0.0,0.0,0.0,0.0,0.0,1.0376171127133887,0.3167329403887023,276.9475357460726,329.3162414915437,6048.796867536829,0.1089124099586454,0.016622773192711449,282.18478236684418,335.2322494622906,6291.480426916825,1.9295173980071497,0.3646102414979498,145.26338634528057,173.02284348849589,3062.5531541976145,0.22833252922424647,0.043146736436932429,71.30886512612176,84.90753240196729,1501.4308455310323,0.0,0.0,8.402812868494396,10.084471857174547,138.92081256931903,0.0,0.0,85.58372620070903,101.36786314216396,2052.6208432062778,0.0,0.0,212.79271307445618,253.69586194673549,4317.459139495626,0.0,0.0,31.15622997919381,37.33973199232676,539.7039934932996,0.0,0.0,92.94960864711804,111.02273718552289,1787.6956084433473,26.757495216134119,18.352191506264835,253.59216440291449,302.6991920438999,5490.316949378727,0.0,0.0,116.72259598068598,139.00612828096878,2443.6430151243309,0.0,18.328634016135444,36.51729741903625,22.0,30.0,0.0,18.601624455686353,35.864444625593538,16.0,30.0,0.0,17.836804922910994,37.68422973469759,22.0,30.0,0.0,17.930438435336219,37.516876836061729,16.0,30.0,0.0,15.632768492574203,43.617356753495219,12.0,30.0,0.0,19.463971947432627,34.201185708436877,16.0,30.0,0.0,17.551843780315335,38.55196072314232,10.0,30.0,0.0,16.03413328560503,42.49874268981514,12.0,30.0,0.0,17.009555708638556,39.93505190940761,12.0,30.0,0.0,17.218411083006506,0.0,0.0,0.0,17.870629248319689,0.0,0.0,477.4990901922912,476.52134030478956,479.44436789618205,482.87750455448505,504.56485236319687,498.38966961570136,498.5100737158758,502.87797188735228,502.20223792525669,0.0,80.33062748681479,80.33062748681479,60.0,0.0,60.0,60.0,16.0,16.0,16.0,12.0,12.0,12.0,21.0,10.0,0.0,0.0,0.0,0.0,0.0,0.0,0.0,0.0,0.0,0.0,0.0,0.0,0.0,80.33062748681479,80.33062748681479,0.0,0.0,0.0,80.33062748681479,0.0,0.0,0.00186 
 03/27  14:20:00,7.473333333333334,73.66666666666667,4.963333333333333,190.0,390.0,0.0,0.0,0.0,0.0,0.0,0.0,0.0,0.0,0.0,0.0,758.0,0.0,1630.947503752838,79.02687459687357,202.5048203417462,48.90352664135392,1301.6457343987677,0.0,79.02687459687353,108.03572897698253,0.0,0.0,17.76227849298406,77.97867282531297,20.00565884366558,-596.1078931247485,17.719556651190758,145.12400545165293,17.96786911449948,-55.05258357418984,15.4685187548333,35.59595638355921,20.100297515126799,-334.5029361266911,17.034146662902609,194.98149240705789,15.75347062110264,116.7310033382123,16.84369674904823,122.61834312422298,363.35645449843107,-57.70045779442535,0.0,0.0,0.0,0.0,0.0,0.0,0.0,0.0,0.0,0.0,0.0,0.0,0.0,0.0,0.0,0.0,0.0,0.0,0.0,0.0,0.0,0.0,0.9756027881489353,0.2978030488855114,248.03530689383443,295.2264608889433,5291.469240274231,0.14626597653667285,0.022323866992776686,187.8309674822703,222.98750493089984,4269.866656015084,2.100628852573658,0.3969442276216286,260.49089676602326,310.1685313369663,5523.063709944585,0.23762260858140603,0.04490223140238208,50.26852108114762,59.86337884402887,1058.349404543045,0.0,0.0,8.824753296848096,10.589320059476436,147.01169739397995,0.0,0.0,85.98557374149289,101.83302495023625,2071.0520559479957,0.0,0.0,213.95147149395829,255.00515886026967,4384.719887207906,0.0,0.0,31.755258564589153,38.05399941212229,553.2050000278515,0.0,0.0,88.83777162130238,106.09981219887014,1717.9830992926064,26.762823644976448,18.355846121383029,257.020684080182,306.86974426055459,5528.0482073180269,0.0,0.0,112.66955957453246,134.17343430508758,2366.464117395484,0.0,18.036406918684738,37.17014857535414,22.0,30.0,0.0,18.794187176057347,35.442051535331788,16.0,30.0,0.0,17.924451851850514,37.47306004378446,22.0,30.0,0.0,17.884219985983024,37.56918183840931,16.0,30.0,0.0,15.66796939123896,43.49833213605744,12.0,30.0,0.0,19.488052627194987,34.13652589720228,16.0,30.0,0.0,17.62795895960279,38.33997557794466,10.0,30.0,0.0,16.055245904851444,42.42004056850378,12.0,30.0,0.0,17.03456868380583,39.85204217791083,12.0,30.0,0.0,17.13601843828852,0.0,0.0,0.0,17.876638342633865,0.0,0.0,476.9716548617378,475.06302327000136,478.7006174658812,479.1448356305321,502.5073174301739,497.5002801404995,495.65714657159989,500.5256168041139,500.02201445411967,0.0,80.33062748681479,80.33062748681479,60.0,0.0,60.0,60.0,16.0,16.0,16.0,12.0,12.0,12.0,21.0,10.0,0.0,0.0,0.0,0.0,0.0,0.0,0.0,0.0,0.0,0.0,0.0,0.0,0.0,80.33062748681479,80.33062748681479,0.0,0.0,0.0,80.33062748681479,0.0,0.0,0.0018766666666666665 
 03/27  14:30:00,7.445,74.5,4.914999999999999,194.0,369.0,0.0,0.0,0.0,0.0,0.0,0.0,0.0,0.0,0.0,0.0,1516.0,0.0,1515.4080923111699,78.17478266107172,200.32129044940954,45.43912471671206,1209.4348646036372,0.0,78.17478266107168,106.87085469960091,0.0,0.0,17.855296465328235,198.86351654702049,19.93572684734545,-768.5786635409941,17.68997411307483,80.32971235682953,17.97745741622925,-2.4239973033942876,15.494191155463817,34.72771688269157,20.100674939300914,-322.8123905899297,17.045609754228445,181.90147675394156,15.765572775712876,116.27228530941983,16.869875254755465,127.03432330561168,365.2943905620368,-47.90867037251769,0.0,0.0,0.0,0.0,0.0,0.0,0.0,0.0,0.0,0.0,0.0,0.0,0.0,0.0,0.0,0.0,0.0,0.0,0.0,0.0,0.0,0.0,1.0232044524794009,0.31233347145280856,261.25312918723497,311.3941931282084,5689.461487241023,0.12054596557879086,0.018398346394809349,256.0611422801931,304.78226022919218,5771.264997507781,2.0205266971104196,0.3818077658938813,176.51556602171068,210.5177723802608,3746.7555743001687,0.23324417769757795,0.044074863510502246,49.460585740374089,59.069081444542977,1046.2299299862298,0.0,0.0,8.46534385502882,10.176393780617433,141.76262151070194,0.0,0.0,85.83636374840815,101.84483644252629,2074.5158736308796,0.0,0.0,212.5643038826348,253.83925888574033,4364.819864165277,0.0,0.0,31.60920742843608,37.94932391560624,553.0561674121523,0.0,0.0,91.62592683559554,109.63393406428513,1780.9589975286349,26.648552412688777,18.277470790595875,237.50158734009603,284.1507966181943,5168.598893931516,0.0,0.0,115.58052316483912,137.90042010596117,2436.7061974168589,0.0,18.236089313579336,36.716145004717649,22.0,30.0,0.0,18.676306973555584,35.72106937843519,16.0,30.0,0.0,17.870626394567418,37.57296389409427,22.0,30.0,0.0,17.914275222753024,37.505079612717938,16.0,30.0,0.0,15.685583261097598,43.43048460298384,12.0,30.0,0.0,19.505342309840939,34.07631378722386,16.0,30.0,0.0,17.622525619732529,38.33351423575883,10.0,30.0,0.0,16.06738429766987,42.36457723796149,12.0,30.0,0.0,17.059237782928549,39.76547507918112,12.0,30.0,0.0,17.144536494798979,0.0,0.0,0.0,17.89130995671129,0.0,0.0,475.03168842875518,473.38374410048768,476.6753780657214,479.68220256953517,500.80510440731828,494.7195042685363,493.96206844863777,498.7163642994245,497.9340523150847,0.0,80.33062748681479,80.33062748681479,60.0,0.0,60.0,60.0,16.0,16.0,16.0,12.0,12.0,12.0,21.0,10.0,0.0,0.0,0.0,0.0,0.0,0.0,0.0,0.0,0.0,0.0,0.0,0.0,0.0,80.33062748681479,80.33062748681479,0.0,0.0,0.0,80.33062748681479,0.0,0.0,0.0018933333333333333 
 03/27  14:40:00,7.416666666666666,75.33333333333333,4.866666666666666,184.5,359.66666666666665,0.0,0.0,0.0,0.0,0.0,0.0,0.0,0.0,0.0,0.0,758.0,0.0,1467.0873857822228,74.75109221326889,191.5481317754119,43.99023262302251,1170.8704143931983,0.0,74.75109221326885,102.1904102912054,0.0,0.0,17.884371749160296,176.88990117730646,19.885410694549756,-769.7610147557898,17.68168456678555,100.53474260125859,17.98850410001508,-5.18101999775979,15.527791876435213,34.693821403321468,20.112235044432184,-322.6003482970168,17.07169438253119,180.87477752387987,15.779949496402038,116.15134619149853,16.89743511562547,122.526563545935,358.02873204844129,-43.7239469913593,0.0,0.0,0.0,0.0,0.0,0.0,0.0,0.0,0.0,0.0,0.0,0.0,0.0,0.0,0.0,0.0,0.0,0.0,0.0,0.0,0.0,0.0,1.0226239063815077,0.31215625957921486,242.00737953411989,287.7951748188127,5305.760510097961,0.12755450167103422,0.019468025285566884,245.9892664506249,292.2018827339642,5529.3716973585719,2.0613814584969418,0.38952786441741168,194.54589874443983,231.68089822812008,4135.634026997194,0.23449267874874386,0.04431078585577169,23.26039105954266,27.693238405839968,497.54922039696677,0.0,0.0,8.523998237591253,10.226286096182024,143.77204445773627,0.0,0.0,85.58370143107155,101.34084467445342,2076.5873326132666,0.0,0.0,212.99506261760267,253.83646055271803,4397.246347801986,0.0,0.0,31.79576355428381,38.09686683013938,559.4294580839735,0.0,0.0,91.40785528670135,109.1440304694957,1787.770976456705,26.60382112675151,18.246790896263044,217.52358062322359,259.7177674067088,4771.579716771919,0.0,0.0,115.4498491103435,137.47155475239775,2441.20435064336,0.0,18.278612394872277,36.63598109589992,22.0,30.0,0.0,18.607118876231188,35.876047277191378,16.0,30.0,0.0,17.867331603589407,37.596681900776498,22.0,30.0,0.0,17.94049974369293,37.44881782014951,16.0,30.0,0.0,15.715574540464856,43.31522219008654,12.0,30.0,0.0,19.522306339332958,34.01828068966004,16.0,30.0,0.0,17.64743015189519,38.257219511973037,10.0,30.0,0.0,16.085687283970885,42.2832204094378,12.0,30.0,0.0,17.089144445060087,39.66194431990282,12.0,30.0,0.0,17.11157619365657,0.0,0.0,0.0,17.891437270513877,0.0,0.0,473.51799850526455,470.842671700621,475.1333309947648,479.6763556696162,497.90965051213177,491.9049764040785,491.8196871434829,496.07499350014219,495.40159199525496,0.0,80.33062748681479,80.33062748681479,60.0,0.0,60.0,60.0,16.0,16.0,16.0,12.0,12.0,12.0,21.0,10.0,0.0,0.0,0.0,0.0,0.0,0.0,0.0,0.0,0.0,0.0,0.0,0.0,0.0,80.33062748681479,80.33062748681479,0.0,0.0,0.0,80.33062748681479,0.0,0.0,0.00191 
 03/27  14:50:00,7.388333333333334,76.16666666666667,4.8183333333333329,175.0,350.33333333333339,0.0,0.0,0.0,0.0,0.0,0.0,0.0,0.0,0.0,0.0,758.0,0.0,1416.41774050806,71.28652265164269,182.67022245209214,42.470908805560629,1130.4313018728913,0.0,71.28652265164264,97.45408103497336,0.0,0.0,17.810158436744638,106.50165492880115,19.90645464088422,-642.7995232134708,17.690465886854633,128.7631679622482,17.96555037143144,-42.68984809178414,15.55892181695638,34.856326636302529,20.11513178098801,-322.97487471232855,17.099669300808089,183.6255421879623,15.791003677319822,116.23326421482057,16.917905658874149,117.75722043823407,354.54604849923546,-38.52536905138095,0.0,0.0,0.0,0.0,0.0,0.0,0.0,0.0,0.0,0.0,0.0,0.0,0.0,0.0,0.0,0.0,0.0,0.0,0.0,0.0,0.0,0.0,1.003558454158276,0.30633652446833828,230.81534094227139,274.6340178667523,4999.892343896584,0.146410967913147,0.022345996323740386,202.04463603468276,239.92323942660537,4587.127095241912,2.106073106282415,0.39797299816372186,234.1627651734399,278.8223088754565,4997.276307759573,0.236593087432199,0.0447076884792515,39.155721084204348,46.622835953016338,833.4028740229262,0.0,0.0,8.64773894530437,10.373581809321238,146.78739363967373,0.0,0.0,85.32208644992955,101.02646554895658,2075.9878959668114,0.0,0.0,213.1055272477185,253.936027984826,4423.918154016628,0.0,0.0,32.0162515711641,38.35855200550408,565.9113450520541,0.0,0.0,90.19192439568222,107.68307513326603,1772.2497221898073,26.569513532943345,18.223260310660736,228.67061373359915,273.02911322261635,4996.888717014456,0.0,0.0,114.27228975124595,136.07023840995556,2420.728632067996,0.0,18.113279300907619,37.018988771492058,22.0,30.0,0.0,18.69230554512569,35.721707921693468,16.0,30.0,0.0,17.89793182107262,37.53726472395426,22.0,30.0,0.0,17.900853078618768,37.55114238962945,16.0,30.0,0.0,15.74116100115773,43.222690986450107,12.0,30.0,0.0,19.528217255761196,33.99919790527724,16.0,30.0,0.0,17.677272516569496,38.16997572655977,10.0,30.0,0.0,16.09811773176251,42.22429102784992,12.0,30.0,0.0,17.107070710649614,39.59586163117802,12.0,30.0,0.0,17.098801423645324,0.0,0.0,0.0,17.88229731627353,0.0,0.0,471.4744042571298,469.95342239651645,474.63986714790038,475.57770832907678,495.86333172286967,490.80596879640498,489.7991801168223,493.72661145428097,493.24672139149706,0.0,80.33062748681479,80.33062748681479,60.0,0.0,60.0,60.0,16.0,16.0,16.0,12.0,12.0,12.0,21.0,10.0,0.0,0.0,0.0,0.0,0.0,0.0,0.0,0.0,0.0,0.0,0.0,0.0,0.0,80.33062748681479,80.33062748681479,0.0,0.0,0.0,80.33062748681479,0.0,0.0,0.0019333333333333336 
 03/27  15:00:00,7.36,77.0,4.77,165.5,341.0,0.0,0.0,0.0,0.0,0.0,0.0,0.0,0.0,0.0,0.0,758.0,0.0,1363.5949216697896,67.78201558286635,173.68997555543747,40.887023218544147,1088.2737654797966,0.0,67.78201558286632,92.66315417861483,0.0,0.0,17.891406866214007,187.08383696149213,19.829802849081266,-770.6571113756654,17.648230099685219,69.79438453397961,17.968542162758074,-2.2214789560403007,15.588429211000708,33.52519069331464,20.11497189688842,-316.6976797700181,17.105894127024845,172.55746849167736,15.798897472634998,114.156815069706,16.936500000931767,115.88085801383659,374.2080930514321,-29.135694436912674,0.0,0.0,0.0,0.0,0.0,0.0,0.0,0.0,0.0,0.0,0.0,0.0,0.0,0.0,0.0,0.0,0.0,0.0,0.0,0.0,0.0,0.0,1.0491012288390418,0.32023847034158789,255.97088331432807,304.38329176023447,5639.678522248505,0.12509780922196005,0.019093072225573879,261.49725122696199,310.64676903731637,5885.562538538848,2.017556773035085,0.38124655575115,153.03234493785164,182.26075078130379,3265.552473091495,0.23294137522206782,0.04401764459978604,10.30648357674022,12.270656906378602,224.02527363342956,0.0,0.0,8.33474750434497,9.99710288290849,142.32318868554229,0.0,0.0,85.28889911732969,100.9821766741837,2081.164832123251,0.0,0.0,210.44421638077024,250.7690987987927,4375.562084688087,0.0,0.0,31.727024679174947,38.010211431537758,563.0242060626656,0.0,0.0,91.09613628323443,108.7537309284614,1798.133754683301,26.451238197468695,18.14213868139143,233.27536457419959,278.44972494561139,5135.063092283492,0.0,0.0,115.0894314043826,137.04636700378729,2441.506568647103,0.0,18.27765154180088,36.668729875242039,22.0,30.0,0.0,18.564297811119908,36.053742571154518,16.0,30.0,0.0,17.822680233324488,37.72028344866082,22.0,30.0,0.0,17.923029317630254,37.51469244278659,16.0,30.0,0.0,15.763947453530074,43.14118507057075,12.0,30.0,0.0,19.535590949980177,33.97240421406819,16.0,30.0,0.0,17.6650451712975,38.190345792330777,10.0,30.0,0.0,16.104869165546935,42.19359013129243,12.0,30.0,0.0,17.123727161344648,39.542645513490338,12.0,30.0,0.0,17.169166687771019,0.0,0.0,0.0,17.86873269083832,0.0,0.0,470.4543795585806,469.4251676394915,471.6506641409784,476.77530468745257,493.99300682312869,488.7147668237351,488.42385140040616,492.3173662946188,491.8120644741025,0.0,80.33062748681479,80.33062748681479,60.0,0.0,60.0,60.0,16.0,16.0,16.0,12.0,12.0,12.0,21.0,10.0,0.0,0.0,0.0,0.0,0.0,0.0,0.0,0.0,0.0,0.0,0.0,0.0,0.0,80.33062748681479,80.33062748681479,0.0,0.0,0.0,80.33062748681479,0.0,0.0,0.0019566666666666666 
 03/27  15:10:00,7.210000000000001,77.33333333333334,4.688333333333333,156.0,331.66666666666665,0.0,0.0,0.0,0.0,0.0,0.0,0.0,0.0,0.0,0.0,7590.0,0.0,1308.812262518904,64.23855929325473,164.60992377097939,39.24437289541616,1044.5521027479124,0.0,64.2385592932547,87.81898078444887,0.0,0.0,18.94312399723175,-783.9066929039777,20.049414920352704,235.06004346584107,19.142806949557447,-2051.684849120901,18.262469763885475,923.6608714065127,15.615963183697254,40.60001873064626,20.10992367110594,-296.5734230633571,17.196465980448829,293.5000800514325,15.805538786841588,118.37060743333734,16.95186146088713,128.9139007558255,649.2073770180444,-4.037512978338873,0.0,0.0,0.0,0.0,0.0,0.0,0.0,0.0,0.0,0.0,0.0,0.0,0.0,0.0,0.0,0.0,0.0,0.0,0.0,0.0,0.0,0.0,1.1278912753239863,0.34428915608180296,320.9875971662791,380.7181420374343,8167.425810449239,0.2652200500259917,0.04047925061446761,248.67285093568558,295.6505705305679,5953.108122049184,1.615766476394156,0.3053224634153735,474.6866512199197,562.3530817053206,12362.82184139609,0.3227915967393472,0.060996144508568998,359.1181115205055,427.7523942134468,8230.13826814417,0.0,0.0,9.859372861938759,11.863792890854564,171.63908529176869,0.0,0.0,81.53488312401157,96.86833849065477,2013.8177888878504,0.0,0.0,235.7337617152009,281.6629843580282,5045.0813742474779,0.0,0.0,33.39056379660443,40.13587407202269,602.7336836846508,0.0,0.0,101.42939936782449,121.47221693429809,2034.3542083113305,27.72586382927364,19.01636750978988,602.1068906798881,718.356081462348,13815.298548764833,0.0,0.0,126.30540498033648,150.88724074753967,2716.017785880993,1981.5146503453962,19.800825207667164,33.437016824634238,21.999999999999998,30.0,0.0,19.065231902809633,34.97759939142389,15.999999999999999,30.0,4399.641878575074,20.04085671506172,32.95405689267209,21.999999999999998,30.0,0.0,18.521814649234924,36.18733184389141,15.999999999999999,30.0,0.0,15.783162308627988,43.074540056699969,12.0,30.0,0.0,19.542254880265653,33.95482006220566,15.999999999999999,30.0,0.0,17.82361555591823,37.81236743677789,10.0,30.0,0.0,16.110934258569185,42.16151644967698,12.0,30.0,0.0,17.136590470446995,39.49504110259413,15.999999999999999,30.0,0.0,18.013680030407114,0.0,0.0,0.0,17.867119576127238,0.0,0.0,469.3823757272834,469.5445808346544,469.17771813399039,470.75093454191929,492.1698085449527,486.22066080667767,483.59401185143948,489.95592509708208,488.7597343288973,10402.558918460376,81.1264674557789,84.63371821383739,60.0,0.0,60.0,60.0,16.0,16.0,16.0,16.0,12.0,12.0,21.0,10.0,1.0,0.0,1981.5146503453962,0.0,4399.641878575074,0.0,0.0,0.0,0.0,0.0,5307.761452306876,3184656.871384125,4136622.9568923085,81.1264674557789,84.69328297498267,0.3469253817435626,0.7671099355028694,0.3602813740196596,84.69328297498267,0.3542647819438876,4136622.9568923085,0.21708439375840003 
 03/27  15:20:00,7.0600000000000009,77.66666666666667,4.606666666666667,146.5,322.33333333333339,0.0,0.0,0.0,0.0,0.0,0.0,0.0,0.0,0.0,0.0,2277.0,0.0,1252.2604532464855,60.657184933523,155.4327096167402,37.54867561809467,999.4185018058711,0.0,60.65718493352297,82.92297051367956,0.0,0.0,19.67868598896021,-1185.016273032201,20.645162025657699,213.64887744353889,20.009379057868107,-3090.9434087458878,19.009776347435705,748.5406810191547,15.659119528962262,45.049410884310407,20.123000933888656,-263.6810287682943,17.401277822171318,278.3588804955433,15.822788116201306,124.90699730452119,16.989359302006446,148.75057622618497,805.5010370045199,37.761311027537569,0.0,0.0,0.0,0.0,0.0,0.0,0.0,0.0,0.0,0.0,0.0,0.0,0.0,0.0,0.0,0.0,0.0,0.0,0.0,0.0,0.0,0.0,1.237919504549113,0.37787530663892329,361.51734081816837,426.9702591039598,10027.3831538325,0.30846148034036915,0.04707898051592933,293.59317520949,347.7420151030201,7655.4099910519339,1.7208366216039642,0.3251769882093658,525.0798075950946,619.4653455391417,14932.712080461157,0.3438080559105066,0.06496750867545473,399.6958341080683,474.0719582532789,10142.338301564401,0.0,0.0,10.44419577657845,12.554129672188495,185.93529248091057,0.0,0.0,78.19923210355009,92.7995745432076,1961.8241741830523,0.0,0.0,256.3759859831399,305.72466544049657,5712.892226615423,0.0,0.0,35.394911114935187,42.49925307744502,651.4192335178302,0.0,0.0,116.9437251890118,139.894701389918,2393.0376984368597,28.65516235333972,19.653746470054679,686.2796697351899,816.4677389968621,16864.578504286965,0.0,0.0,144.01126961473876,171.8491688607778,3152.257543630534,1817.4832535153678,20.937976137003653,31.155192948968904,21.999999999999994,29.99999999999999,0.0,20.098658285861537,32.80867108037462,15.999999999999993,29.99999999999999,4111.760260015992,21.339980408304677,30.398880935479256,21.999999999999994,29.99999999999999,0.0,19.75069671875909,33.52408630129213,15.999999999999993,29.99999999999999,0.0,15.829036288537746,42.9308060542004,11.999999999999995,29.99999999999999,0.0,19.588222265458009,33.85765794417793,15.999999999999993,29.99999999999999,0.0,18.125678863250934,37.09952492951007,9.999999999999997,29.99999999999999,0.0,16.135664770651134,42.082203959895789,11.999999999999995,29.99999999999999,0.0,17.189096505277058,39.35549599923723,15.999999999999993,29.99999999999999,0.0,18.830975272056425,0.0,0.0,0.0,17.908645582140865,0.0,0.0,469.0179759132843,469.567434656357,468.18924239001219,469.05840517829366,488.28716522248228,483.18330994590436,481.01819157617276,485.7014268531674,484.6340315222302,11787.518459831897,80.2102235748051,87.86991304438259,59.99999999999998,0.0,59.99999999999998,59.99999999999998,16.0,16.0,16.0,16.0,12.0,12.0,21.0,10.0,1.0,0.0,1817.4832535153678,0.0,4111.760260015992,0.0,0.0,0.0,0.0,0.0,11590.670398087324,6954402.2388523989,9082798.641557876,80.2102235748051,87.99999999999997,0.3863556799362442,0.7658904920542711,0.36028137401965945,87.99999999999997,0.35426478194388735,9082798.641557876,0.47432219602767619 
 03/27  15:30:00,6.91,78.0,4.525,137.0,313.0,0.0,0.0,0.0,0.0,0.0,0.0,0.0,0.0,0.0,0.0,2277.0,0.0,1194.1273515832518,57.03895797718177,146.16106355515718,35.80556423781333,953.0228902178327,0.0,57.03895797718174,77.97657994937451,0.0,0.0,20.19413438399606,-1046.528817931879,21.158197987808728,416.17076093806329,20.144300403828454,-1833.3000204890389,19.548519519577885,916.4977707042863,15.706657054255665,52.8345256896352,20.162420603960105,-202.73419261183586,17.605525569517256,326.93403501332178,15.856415055745878,143.57662931207833,17.05041992593628,198.89959865117053,1056.3065449591107,132.42834327426949,0.0,0.0,0.0,0.0,0.0,0.0,0.0,0.0,0.0,0.0,0.0,0.0,0.0,0.0,0.0,0.0,0.0,0.0,0.0,0.0,0.0,0.0,1.4174200561962443,0.4326679048218083,360.3792013590761,424.7596588041582,10530.566372598149,0.33251727215842999,0.050750499413679778,283.86403801625718,335.2388534243478,7959.204062057386,2.0405384635268977,0.3855892788221651,461.1023954830543,543.1826685325559,13615.137391322525,0.35472321358009348,0.06703008571052403,381.45920139737935,451.0036081076002,10434.598092483293,0.0,0.0,10.92562108765053,13.130134968713554,198.9257430849911,0.0,0.0,72.39977790171827,85.8782800989244,1851.5497849428962,0.0,0.0,282.54621698149585,336.55986158645768,6556.526598836601,0.0,0.0,38.903315812531037,46.703043846145309,731.738413496801,0.0,0.0,140.09739218615014,167.54797333587008,2934.4835496107718,29.931544022894128,20.529179713919154,659.1139542388173,781.2128528621099,17877.36375386413,0.0,0.0,171.1698761085819,204.18202523901477,3838.603022455791,1763.2336284147578,21.612792597261917,29.904729017634549,21.999999999999994,29.99999999999999,0.0,20.98045265168885,31.07831235481361,15.999999999999993,29.99999999999999,2198.9625784767338,21.653328427348325,29.841278544878933,21.666666666666658,29.99999999999999,0.0,20.622679806299364,31.774247475343907,15.999999999999993,29.99999999999999,0.0,15.881558127955385,42.77768405131553,11.999999999999995,29.99999999999999,0.0,19.686689619013309,33.6515194421235,15.999999999999993,29.99999999999999,0.0,18.451819476070147,36.349603368869228,9.999999999999997,29.99999999999999,0.0,16.188643711025827,41.938262845270717,11.999999999999995,29.99999999999999,0.0,17.2840807275023,39.119531419198377,15.999999999999993,29.99999999999999,0.0,19.901930877554343,0.0,0.0,0.0,18.033624958003533,0.0,0.0,467.3511163675581,468.33651459626619,466.5645509695087,467.3961609126994,484.46578977777588,479.1889531024898,476.757803227021,480.9314130950097,479.69020562109287,10164.7316434445,81.28363884291976,86.11966455797294,59.99999999999998,0.0,59.99999999999998,59.99999999999998,16.0,16.0,16.0,16.0,12.0,12.0,21.0,10.0,1.0,0.0,1763.2336284147578,0.0,2198.9625784767338,0.0,0.0,0.0,0.0,0.0,7318.418826342906,4391051.295805745,5723233.7155127259,81.28363884291976,86.20179632911813,0.3572806275447635,0.7654555031370824,0.36028137401965945,86.20179632911813,0.35426478194388735,5723233.7155127259,0.2996614865399951 
 03/27  15:40:00,6.76,78.33333333333333,4.443333333333333,129.66666666666667,299.33333333333339,0.0,0.0,0.0,0.0,0.0,0.0,0.0,0.0,0.0,0.0,2277.0,0.0,1130.2613369822205,53.94859974216578,138.24205552659178,33.89055508538335,902.0519109768789,0.0,53.948599742165757,73.75182594735831,0.0,0.0,20.311006398829919,-748.5787530005739,21.360539858628735,31.4053741673999,20.219424865262377,-1409.1210804768796,19.73575171854043,560.683426731084,15.753090468705827,52.43535695580967,20.19598581718337,-190.58390287788445,17.69334033207673,259.47496470248935,15.894757206596863,144.8669069247023,17.112975425533848,192.13189331293735,993.3352562289524,170.60133725073,0.0,0.0,0.0,0.0,0.0,0.0,0.0,0.0,0.0,0.0,0.0,0.0,0.0,0.0,0.0,0.0,0.0,0.0,0.0,0.0,0.0,0.0,1.4129245788729708,0.4312956589966338,295.05585806999729,347.74992854482977,8686.333173598638,0.28953382569882527,0.04419014433742758,201.43495580878918,237.73541497840945,5806.139878333638,2.371306850202334,0.44809275325063049,401.54888335531657,472.98224822451689,11873.554176687892,0.3550545815670691,0.06709270248810832,346.5481654165966,409.4587210219978,9680.925033537686,0.0,0.0,10.622396140760794,12.762320882268586,197.61537055096199,0.0,0.0,70.25077323452124,83.30035025985659,1828.6862389655258,0.0,0.0,281.9754461534229,335.7549395301408,6669.988607811086,0.0,0.0,39.58292459804297,47.505901636964747,760.6428013634084,0.0,0.0,142.75234607252927,170.65163951361238,3056.6585102380256,29.745128230111648,20.401322517223375,540.9817532425323,641.231282775602,14889.343903014742,0.0,0.0,174.5681068319498,208.18600724570116,3978.697495550647,1184.2420270426408,21.600256527542095,29.93859730982384,21.666666666666687,30.00000000000002,0.0,21.22339718079431,30.621602017517973,16.000000000000015,30.00000000000002,2202.5705927242536,21.669990864449575,29.808896269757797,21.666666666666687,30.00000000000002,0.0,20.76505336892427,31.496881938386545,16.000000000000015,30.00000000000002,0.0,15.929418447164883,42.64328220546516,12.00000000000001,30.00000000000002,0.0,19.770285187361865,33.479963754113857,19.000000000000015,30.00000000000002,0.0,18.52866767482841,36.178243992074907,10.000000000000007,30.00000000000002,0.0,16.24253169727563,41.796619646847698,16.000000000000015,30.00000000000002,0.0,17.369234727069398,38.91230222902902,16.000000000000015,30.00000000000002,0.0,19.76712422560404,0.0,0.0,0.0,18.067587682123535,0.0,0.0,465.58808633212768,466.2368085788803,464.0750843512461,465.22179040161179,480.7281834921194,475.6379950996967,473.59762873354557,476.86882521771488,475.8835788805034,9963.448103096764,81.41645628248145,86.53826933782186,60.00000000000004,0.0,60.00000000000004,60.00000000000004,16.0,16.0,19.0,16.0,16.0,12.0,21.0,10.0,1.0,0.0,1184.2420270426408,0.0,2202.5705927242536,0.0,0.0,0.0,0.0,0.0,7750.428813238534,4650257.287943117,6081125.247893402,81.41645628248145,86.625254726754,0.3716809604412845,0.7645860472681356,0.3602813740196598,86.625254726754,0.3542647819438878,6081125.247893402,0.31830851289045705 
 03/27  15:50:00,6.61,78.66666666666667,4.361666666666666,122.33333333333334,285.6666666666667,0.0,0.0,0.0,0.0,0.0,0.0,0.0,0.0,0.0,0.0,3795.0,0.0,1065.7222504625163,50.84956716614313,130.3008225858154,31.95536460618814,850.54376464442,0.0,50.8495671661431,69.51521346354299,0.0,0.0,20.34498434204764,-748.8099977790917,21.451231114186326,38.326538184995118,20.41254894591315,-1248.3932693247389,19.83222975566435,473.61128339413406,15.794953108787285,52.18473135250223,20.207245999472137,-199.01675241921368,17.727980231852685,285.38555776878027,15.922998754965107,141.78271223566925,17.15447402492797,174.14098726305148,1036.2619431802096,174.95049869948526,0.0,0.0,0.0,0.0,0.0,0.0,0.0,0.0,0.0,0.0,0.0,0.0,0.0,0.0,0.0,0.0,0.0,0.0,0.0,0.0,0.0,0.0,1.4704107512212395,0.448843330653614,327.4458261859959,385.9713124377188,9754.533243119697,0.3005511906105797,0.04587167133861107,193.02858189286304,227.70083726965835,5666.207642259396,2.5089443379919684,0.4741013488269028,367.9716057223994,433.72570470838437,11120.1249452605,0.34363588785764079,0.0649349750297885,306.6841434594673,362.48389959012908,8703.397582746291,0.0,0.0,10.72700525205265,12.891593783724943,203.59448261090754,0.0,0.0,71.32526642869752,84.59398925497831,1884.0938541437586,0.0,0.0,280.79158348780916,334.4715833813468,6735.44265027975,0.0,0.0,39.59632892659667,47.536196757437028,775.3609631777865,0.0,0.0,139.89816897215196,167.29464117860409,3049.998260913361,29.836331305591214,20.463876066934995,519.5444246613981,615.8457240944538,14676.302042962263,0.0,0.0,171.66441726314992,204.83569386460486,3956.8980785464229,1250.6077980951746,21.56196304383697,29.991644820588655,21.6,30.0,0.0,21.354889611001935,30.3665066429788,16.0,30.0,2033.1571455862987,21.665382077934518,29.795695621382039,21.6,30.0,0.0,20.847713962345574,31.325322697329516,16.0,30.0,0.0,15.967822079573623,42.53674596665019,12.000000000000002,30.0,0.0,19.81651536254903,33.38394036992036,19.0,30.0,0.0,18.547694959822988,36.13246215108183,10.0,30.0,0.0,16.275720636442327,41.70937847551933,16.0,30.0,0.0,17.416567107965859,38.796595538588679,16.0,30.0,0.0,19.99382304529126,0.0,0.0,0.0,18.048018756589746,0.0,0.0,463.52381298386737,464.6089111149084,462.60616609201755,463.3910060374393,477.7768445171598,473.34046092037917,471.42663590722335,474.47138819789066,473.7626024962221,7486.958679098829,81.89971318940239,83.49183896417014,60.0,0.0,60.0,60.0,16.0,16.0,19.0,16.0,16.0,12.0,21.0,10.0,1.0,0.0,1250.6077980951746,0.0,2033.1571455862987,0.0,0.0,0.0,0.0,0.0,2409.1317068471109,1445479.0241082665,1874023.1540743523,81.89971318940239,83.51887854532055,0.28430439022823708,0.6155166139682631,0.28822509921572767,83.51887854532055,0.28341182555511,1874023.1540743523,0.09955253734519966 
 03/27  16:00:00,6.46,79.0,4.28,115.0,272.0,0.0,0.0,0.0,0.0,0.0,0.0,0.0,0.0,0.0,0.0,1520.0,0.0,1000.781226447793,47.743684811180127,122.34204035772504,30.008122665218609,798.7148410545246,0.0,47.7436848111801,65.26923681260189,0.0,0.0,20.325322275577208,-359.9687198103129,21.428461575313276,-261.0556206898709,20.31927773027914,-573.0995338151129,19.741656906710177,274.3372618744079,15.837208873889047,49.93105843536932,20.199812262157484,-193.11161912612693,17.752390755073685,215.39337983593487,15.948445017011523,138.142469189557,17.18495476227468,163.05371140621583,859.9209147766096,198.31609235874203,0.0,0.0,0.0,0.0,0.0,0.0,0.0,0.0,0.0,0.0,0.0,0.0,0.0,0.0,0.0,0.0,0.0,0.0,0.0,0.0,0.0,0.0,1.4804765485353453,0.45191591835633257,211.22928168235155,248.7311252583829,6377.701426605934,0.26838281021401369,0.04096196737088121,166.15200631531173,195.78847126665975,4893.530945987243,2.743907667786524,0.5185010710103033,245.04043835656075,289.0293287811471,7306.0175055397689,0.32823351432538108,0.06202447360645899,227.1411698656398,268.4516130462482,6426.305478977782,0.0,0.0,10.369872302639966,12.446249454245422,200.78549168634957,0.0,0.0,69.76222492531186,82.63477971575165,1866.7526006175222,0.0,0.0,277.48627401355909,330.15810256812667,6730.307157368392,0.0,0.0,39.597934188672699,47.4757018806265,789.70843221561,0.0,0.0,140.30755287350534,167.55916655327264,3109.9912447633116,29.493281890709178,20.22858840240685,303.0647478079426,359.6273206169575,8668.465549556911,0.0,0.0,172.2442806748507,205.2941728801777,4013.160052450981,1099.2644008663484,21.55372282204788,30.00114938809515,21.5,30.0,0.0,21.282302703298965,30.486671641747006,16.0,30.0,1643.1351895875478,21.495680847440494,30.105414768252193,21.5,30.0,0.0,20.602359727426149,31.794401813599444,16.0,30.0,0.0,16.007854481507679,42.4258724633513,12.0,30.0,0.0,19.838348107453279,33.33626341053011,19.0,30.0,0.0,18.529454582650048,36.16950561533494,10.0,30.0,0.0,16.30479646180358,41.630745946146607,16.0,30.0,0.0,17.447523029311289,38.71849889889624,16.0,30.0,0.0,19.337313339117395,0.0,0.0,0.0,18.020137786746554,0.0,0.0,463.6774703387307,462.51100875082207,462.17037795298526,462.72716843204969,474.8795385087558,471.537705135897,470.36406267567829,472.4927517035096,472.12209696660798,8512.730310094736,82.37599604231007,82.37599604231008,60.0,0.0,60.0,60.0,16.0,16.0,19.0,16.0,16.0,12.0,21.0,10.0,1.0,0.0,1099.2644008663484,0.0,1643.1351895875478,0.0,0.0,0.0,0.0,0.0,0.0,0.0,0.0,82.37599604231007,82.37599604231007,0.34,0.7687773240636022,0.36028137401965956,82.37599604231007,0.3542647819438875,0.0,0.0021166666666666666 
 03/27  16:10:00,6.295,79.66666666666667,4.343333333333334,107.66666666666666,258.33333333333339,0.0,0.0,0.0,2.0,0.0,0.0,0.0,0.0,0.0,4.0,3042.0,0.0,935.7123680070582,44.63273825244617,114.37028455190095,28.057048138745217,746.7838992625392,0.0,44.632738252446149,61.01633701116453,0.0,0.0,20.329882387292849,-672.7255476598668,21.302575930749446,-79.19043129095314,20.471628449756289,-1140.5385878220578,19.706056661095315,467.2018491889103,15.86954099662564,46.68062778300781,20.315602897436059,-57.25055349559392,17.6862924584334,185.47271185514433,15.959449443224499,126.44701429132459,17.19369571753794,126.21039309201251,942.3878147408645,170.30212153494996,0.0,0.0,0.0,0.0,0.0,0.0,0.0,0.0,0.0,0.0,0.0,0.0,0.0,0.0,0.0,0.0,0.0,0.0,0.0,0.0,0.0,0.0,1.4996612267299508,0.4577720472313647,200.6554218964244,236.5844171252145,6053.771627918168,0.29331908939455439,0.04476787078671464,147.57326777633436,174.12557355104679,4358.9295973937109,2.4676601674240166,0.4663001072229813,295.2506761033554,348.29443381072647,8911.420806546013,0.34355098512689116,0.0649189314298736,305.1923845044955,361.02925295179696,8678.677418720368,0.0,0.0,10.38253628410753,12.472328682681367,204.93522026787134,0.0,0.0,13.407676473162845,15.880854856387085,369.1331312351881,0.0,0.0,206.67004208784278,246.30840708078297,5013.445485267327,0.0,0.0,38.21179118800569,45.8614816612566,775.0347601606711,0.0,0.0,126.38258938545435,151.10647780764098,2841.551664061988,30.111877772347456,20.65286541313269,424.4924489934655,503.6796832482969,12086.495424689634,0.0,0.0,156.59874862002466,186.93212022268663,3665.7046145351216,969.730619438669,21.329013000328044,30.495622005911224,21.5,30.0,0.0,21.10904234767246,30.818197661177345,16.0,30.0,0.0,21.34915182940461,31.104840685504557,21.0,30.0,0.0,20.549036084646585,32.3472051089512,16.0,30.0,0.0,16.029873299347519,42.36910669790811,12.0,30.0,0.0,20.069388069139874,34.34529951368976,19.0,30.0,0.0,18.358685090929286,36.561024965932528,10.0,30.0,0.0,16.30865307853891,41.62661357056132,16.0,30.0,0.0,17.440824730984706,38.74072162054875,16.0,30.0,0.0,19.584966555848945,0.0,0.0,0.0,17.903950346885794,0.0,0.0,466.9690748718775,462.8899175168496,499.98175067753609,484.5052244384183,473.0763925038526,563.1734681723965,468.22708470779357,471.1427872346202,470.64985741612846,5503.644024917563,83.40776054024819,83.40776054024819,1744.0,0.0,1744.0,1744.0,16.0,16.0,19.0,16.0,16.0,12.0,21.0,10.0,1.0,0.0,969.730619438669,0.0,0.0,0.0,0.0,0.0,0.0,0.0,0.0,0.0,0.0,83.40776054024819,83.40776054024819,0.255,0.5383796486639048,0.27021103051474468,83.40776054024819,0.2656985864579156,0.0,0.06191200000000001 
 03/27  16:20:00,6.130000000000001,80.33333333333334,4.406666666666667,100.33333333333333,244.66666666666667,0.0,0.0,0.0,2.0,0.0,0.0,0.0,0.0,0.0,4.0,1522.0,0.0,870.7936326330288,41.51845853188836,106.38999112526052,26.11047547380403,694.9727744737556,0.0,41.51845853188834,56.75888052481113,0.0,0.0,20.62429110849483,-1295.2468812586363,21.38381282756611,155.08995962554128,20.201190040341623,-752.0473064294729,19.670800687211469,315.47580197348818,15.903474883405228,48.2725493503593,20.473303922106465,-74.53707074552927,17.738959691582733,257.1021455387372,15.962010961355002,122.3032173289372,17.182025358198027,113.42240878373286,995.1011218135845,188.78104234788635,0.0,0.0,0.0,0.0,0.0,0.0,0.0,0.0,0.0,0.0,0.0,0.0,0.0,0.0,0.0,0.0,0.0,0.0,0.0,0.0,0.0,0.0,1.4038884897854316,0.428537390044393,285.95002118587129,336.3846286457458,8891.402332652207,0.29856016743019989,0.04556779112182538,201.38409330685477,237.16922569869645,6100.68455770311,2.8619130916091555,0.5407999039321914,249.94502529592465,294.93276142863649,7491.914864939743,0.3582135656640699,0.0676896382585166,264.7429537986885,313.0127626668324,7562.784615175614,0.0,0.0,11.119475784539816,13.343354698056715,223.8380881648895,0.0,0.0,15.153229253492676,17.905213015286586,430.5675351190131,0.0,0.0,210.401327926269,250.424318602218,5209.233317071159,0.0,0.0,38.97819851778775,46.73720883125911,803.1253886961063,0.0,0.0,125.1419888213312,149.48545255471118,2847.1659171714929,30.813762618468219,21.13426791390139,458.01653809750669,542.6909609499044,13260.818508757266,0.0,0.0,155.80484748327667,185.85544155664534,3669.3333703942905,1797.3804550225917,21.793785923454239,29.72917555005498,22.0,30.0,0.0,21.304738219132405,30.587387749256423,16.0,30.0,0.0,21.028607831796817,31.922608636858365,21.0,30.0,0.0,20.430024489434865,32.89692531484343,16.0,30.0,0.0,16.056990343100517,42.306831096990297,12.0,30.0,0.0,20.35472093958561,35.612485557324749,19.0,30.0,0.0,18.443316729614787,36.42501940474824,10.0,30.0,0.0,16.30044280626148,41.67549553164663,16.0,30.0,0.0,17.405498598554819,38.8544292702031,16.0,30.0,0.0,19.70110429076656,0.0,0.0,0.0,17.805090678391808,0.0,0.0,471.02772791591897,470.1208338159986,514.4819172372563,501.0707131223074,471.2517935402684,675.8299378849358,469.3904223091595,470.7306066928698,470.46707743957065,8475.093913865268,82.40107692523208,82.40107692523208,1744.0,0.0,1744.0,1744.0,16.0,16.0,19.0,16.0,16.0,12.0,21.0,10.0,1.0,0.0,1797.3804550225917,0.0,0.0,0.0,0.0,0.0,0.0,0.0,0.0,0.0,0.0,82.40107692523208,82.40107692523208,0.34,0.76662111688225,0.36028137401965956,82.40107692523208,0.3542647819438875,0.0,0.06278399999999999 
 03/27  16:30:00,5.965,81.0,4.470000000000001,93.0,231.0,1.0,0.0,0.0,2.0,0.0,0.0,0.0,0.0,0.0,4.0,1522.0,0.0,806.3079146076461,38.402503674787329,98.4054089185538,24.17688714225165,643.507241866178,0.0,38.40250367478731,52.49913399980308,0.0,0.0,20.675428581216896,-1071.2616196484747,21.124954251480049,-83.0084696720528,20.54164916911469,-1211.604624955412,19.494761715244189,359.20653760809639,15.9191551329017,44.674149847546519,20.367091321740295,-67.87846224181468,17.752457566757238,201.78824864107856,15.90784575608189,108.30093124579014,17.11283360267933,85.80430123900806,970.4029405728788,275.0525920300879,0.0,0.0,0.0,0.0,0.0,0.0,0.0,0.0,0.0,0.0,0.0,0.0,0.0,0.0,0.0,0.0,0.0,0.0,0.0,0.0,0.0,0.0,1.3830482277699226,0.42217589370266259,285.8335901399298,336.3130134092502,8928.008279328735,0.28471664924846309,0.043454922046468728,230.99194782645038,272.2541441176157,6990.039682148898,2.829961638985181,0.5347622144718787,272.37991239529506,320.8286344149028,8490.79413907059,0.3678527405393842,0.06951109987516706,288.8659783835067,341.6734456751393,8255.318925277958,0.0,0.0,10.644117905281324,12.772576071944887,217.66839447847884,0.0,0.0,14.636673614310423,17.284866583576475,423.01866005285356,0.0,0.0,212.5659612308396,253.03915574290154,5320.433831058436,0.0,0.0,39.02459108375748,46.802721973761467,813.6342158860007,0.0,0.0,130.12982289404656,155.4921778976128,2987.124335794165,31.329259101382946,21.487832031126858,483.75327067916018,573.3678893720111,13997.738296903077,0.0,0.0,161.24762366448713,192.51437391058296,3779.2256041072116,1535.1918268857144,21.722269138916706,30.14404400394383,22.0,30.0,0.0,21.12049242428574,31.198800946848054,16.0,30.0,1043.9251669746087,21.514105698489617,31.325340965663658,21.5,30.0,0.0,20.27135509766847,33.55040382214143,16.0,30.0,0.0,16.049166673427114,42.396168253802759,12.0,30.0,0.0,20.440276477355505,36.55920767094368,19.0,30.0,0.0,18.411053270481206,36.64463426317776,10.0,30.0,0.0,16.254373813367736,41.970228065604619,16.0,30.0,0.0,17.337885013792936,39.20438417477689,16.0,30.0,0.0,19.526969989088376,0.0,0.0,0.0,17.573558734747615,0.0,0.0,488.2183250265209,484.5058020317833,534.1533485544667,520.6566315433743,472.1469616643267,739.32794307374,475.0534718908566,476.0423975137495,476.6655284018132,9499.023457746549,81.72393156134354,85.21597115566968,1744.0,0.0,1744.0,1744.0,16.0,16.0,19.0,16.0,16.0,12.0,21.0,10.0,1.0,0.0,1535.1918268857144,0.0,1043.9251669746087,0.0,0.0,0.0,0.0,0.0,5284.767990959349,3170860.7945756094,4116256.995567532,81.72393156134354,85.2752775807572,0.3461589330319783,0.7714592224421005,0.36028137401965956,85.2752775807572,0.3542647819438875,4116256.995567532,0.27770136376951168 
 03/27  16:40:00,5.800000000000001,81.66666666666666,4.533333333333333,84.0,211.0,1.0,0.0,0.0,2.0,0.0,0.0,0.0,0.0,0.0,4.0,2283.0,0.0,723.2724908049836,34.62658986003663,88.72969875201128,21.68709268435872,577.2373625387609,0.0,34.62658986003662,47.337173545061919,0.0,0.0,20.69425567612165,-1158.6249601850032,21.152300665338119,154.23154607459498,20.540473310131405,-1186.843620657584,19.580112780042648,560.7094094357724,15.93394793188457,45.73637416454185,20.339934628128739,-76.66829446608821,17.778877225861089,189.75218927527946,15.877281492084152,89.20277552669737,17.063782798389157,40.81407416938271,1004.001183911852,460.725683117471,0.0,0.0,0.0,0.0,0.0,0.0,0.0,0.0,0.0,0.0,0.0,0.0,0.0,0.0,0.0,0.0,0.0,0.0,0.0,0.0,0.0,0.0,1.4641549020647049,0.44693373078898249,256.3722626509688,302.08079762826119,8074.132281384231,0.3050383774487596,0.04655652891464589,173.06003236381603,204.10375947341604,5340.735283221216,2.5723655357811605,0.48608570215063559,320.896496116227,378.54050047657429,9971.88284636106,0.37898202765089886,0.07161413976774359,336.04433244715019,397.5648639281699,9828.61760798732,0.0,0.0,11.102051981648558,13.333918745268332,230.69947778787117,0.0,0.0,15.02088022966995,17.755988988696733,439.05705021501316,0.0,0.0,226.43564798210896,269.7250816592546,5749.704768653009,0.0,0.0,39.590358783312698,47.524601119480767,834.0695537272529,0.0,0.0,141.49755989048075,169.23563342800566,3271.420401519229,32.20568998645196,22.088950607991767,499.8470205309128,592.9514804878093,14714.569592662549,0.0,0.0,173.49361940514553,207.56259679034953,3986.8840178469229,1671.2875433952145,21.655558805620218,30.52830432960061,22.000000000000019,30.00000000000002,0.0,21.276484724153386,31.07104891207075,16.000000000000015,30.00000000000002,0.0,21.29278314696168,31.892638970584863,21.000000000000015,30.00000000000002,0.0,20.45557775273776,33.37770113343093,19.000000000000015,30.00000000000002,0.0,16.04782162185752,42.50668782618998,12.00000000000001,30.00000000000002,0.0,20.44166302512494,37.19742437777852,19.000000000000015,30.00000000000002,0.0,18.430648797264337,36.81688122627951,10.000000000000007,30.00000000000002,0.0,16.195488686247594,42.28646993857496,16.000000000000015,30.00000000000002,0.0,17.252349962752935,39.5666559155399,16.000000000000015,30.00000000000002,0.0,19.601935602138057,0.0,0.0,0.0,17.165476568882459,0.0,0.0,503.8523658893598,494.7712312723771,539.5697084462114,530.16204289448,475.1294179771998,773.4095181503709,485.01416056338396,481.8224560300508,482.65751651145407,9165.518795817497,81.94452498084995,81.94452498084995,1744.0000000000014,0.0,1744.0000000000014,1744.0000000000014,16.0,19.0,19.0,16.0,16.0,12.0,21.0,10.0,1.0,0.0,1671.2875433952145,0.0,0.0,0.0,0.0,0.0,0.0,0.0,0.0,0.0,0.0,81.94452498084995,81.94452498084995,0.3400000000000003,0.7677587537563441,0.3602813740196598,81.94452498084995,0.3542647819438878,0.0,0.064528 
 03/27  16:50:00,5.635,82.33333333333334,4.596666666666667,75.0,191.00000000000004,1.0,0.0,0.0,2.0,0.0,0.0,0.0,0.0,0.0,4.0,2283.0,0.0,641.6872823656623,30.911826163721288,79.21068867201275,19.240783099747526,512.1248941246496,0.0,30.91182616372127,42.25880993830306,0.0,0.0,20.5340942056378,-959.0157157260145,21.05588112052305,6.889446437299448,20.59070984032847,-982.9755370775026,19.539755844671505,320.78165873262358,15.94548666715452,39.35023013010771,20.297379247838778,-74.95318559580483,17.729886222983205,148.61578252442826,15.81385547031741,50.276326326794379,16.95822796000835,-63.334733959278057,999.5491918032302,621.1379280810111,0.0,0.0,0.0,0.0,0.0,0.0,0.0,0.0,0.0,0.0,0.0,0.0,0.0,0.0,0.0,0.0,0.0,0.0,0.0,0.0,0.0,0.0,1.4186182206099265,0.4330336448748253,268.6115152610155,316.58809564166389,8491.171142210918,0.28818345483029175,0.04398404377751709,201.52896552818147,237.82559753649634,6232.805047427113,2.7452470077997317,0.5187541586923157,265.7090639228679,313.361396975769,8383.74711469619,0.369079469657632,0.06974290809856995,282.48776035899319,334.3044512521043,8291.836265309452,0.0,0.0,10.801030435273681,12.972186042387026,227.92420701135837,0.0,0.0,14.943304092684255,17.66330018740646,441.2890014942724,0.0,0.0,233.13925246919406,277.8254096344957,5941.97014077096,0.0,0.0,39.83335772364308,47.83672312127334,843.2276122988928,0.0,0.0,148.91842583584487,178.22650298250779,3438.8552977768069,32.72017014130906,22.44181765521886,457.4332089475845,542.7754797600973,13615.822976860683,0.0,0.0,181.4722531669483,217.45776019846819,4066.3301592594227,1164.1415079375739,21.500863626213165,31.110932593483768,21.666666666666687,30.00000000000002,0.0,21.15073978572588,31.74166439093593,16.000000000000015,30.00000000000002,753.7662377157749,21.35003477802963,32.09264864555442,21.33333333333335,30.00000000000002,0.0,20.329551217022599,34.01005651116195,19.000000000000015,30.00000000000002,0.0,16.040952060464038,42.758901781204148,12.00000000000001,30.00000000000002,0.0,20.42612466683554,37.84405433009192,19.000000000000015,30.00000000000002,0.0,18.305785816401298,37.48730425099459,10.000000000000007,30.00000000000002,0.0,16.07577845549354,42.971054523716897,16.000000000000015,30.00000000000002,0.0,17.065654717316848,40.42774137613552,16.000000000000015,30.00000000000002,0.0,19.510791760984476,0.0,0.0,0.0,16.696743669138148,0.0,0.0,520.3206860311743,518.8330287150764,559.7698253738628,551.6628675826194,483.6172303514056,805.9649315204943,502.4561191318862,495.7829319686956,498.9686555668126,7838.614348307148,82.82174608484705,82.82174608484705,1744.0000000000014,0.0,1744.0000000000014,1744.0000000000014,16.0,19.0,19.0,16.0,16.0,12.0,21.0,10.0,1.0,0.0,1164.1415079375739,0.0,753.7662377157749,0.0,0.0,0.0,0.0,0.0,0.0,0.0,0.0,82.82174608484705,82.82174608484705,0.3400000000000003,0.7687541826547588,0.3602813740196598,82.82174608484705,0.3542647819438878,0.0,0.06598133333333334 
 03/27  17:00:00,5.47,83.0,4.66,66.0,171.0,1.0,0.0,0.0,2.0,0.0,0.0,0.0,0.0,0.0,4.0,3044.0,0.0,562.2593332135841,27.168593030373139,69.61873385828867,16.859158764762037,448.7341209351848,0.0,27.168593030373125,37.141526452717,0.0,0.0,20.745727561062865,-1196.786522502558,21.012261837710363,140.09723574272312,20.677869729620157,-1183.8423027513518,19.580665773038615,538.5384363856142,15.958516174285517,38.6940723016407,20.233527071747618,-83.72706877854876,17.6955734815838,159.10909482491844,16.07409480391649,8.357799424005549,16.851645913140858,-71.45354334614786,1064.4348986540236,705.0728991807632,0.0,0.0,0.0,0.0,0.0,0.0,0.0,0.0,0.0,0.0,0.0,0.0,0.0,0.0,0.0,0.0,0.0,0.0,0.0,0.0,0.0,0.0,1.5058827540737195,0.45967117035217328,268.31066684104089,316.11896552167,8680.362573431496,0.30859774922109337,0.04709977857464795,183.5572946112808,216.6143004084991,5742.784870289998,2.423613139129541,0.45797678366015528,315.2578626715592,371.9227133764915,10045.981287635172,0.3765691715082093,0.07115819567426478,329.99103097537718,390.5547589218874,9859.858620929872,0.0,0.0,11.13345390238364,13.377186639800279,238.65024978492739,0.0,0.0,15.42515472489385,18.24337063991714,459.23957310459965,0.0,0.0,239.0588576120254,285.05733444981947,6141.322261473502,0.0,0.0,36.73097550204181,44.087372352010699,813.2994352837656,0.0,0.0,155.27922905967635,186.0085206039838,3588.1661475690327,33.55698456460037,23.01576444759971,504.97375687081,599.2662492960599,15219.511865924855,0.0,0.0,186.14418701376389,223.33588661854965,4141.683139764663,1839.4671695363764,21.667952467519478,30.959077918323204,22.0,30.0,0.0,21.169771922624965,31.90152727362107,16.0,30.0,0.0,21.373464384724387,32.20883441777029,21.0,30.0,0.0,20.437462616264108,33.97568612194565,19.0,30.0,0.0,16.04058349795089,43.010060860009378,12.0,30.0,0.0,20.379395531989354,38.342051109694818,19.0,30.0,0.0,18.239202620043956,37.87660082934624,10.0,30.0,494.25178223602077,16.44185050042875,42.27889312346311,16.5,30.0,0.0,16.902014764977439,41.112912413501117,16.0,30.0,0.0,19.61168486589402,0.0,0.0,0.0,16.44522280006924,0.0,0.0,530.9032076062563,530.3872479291607,567.188641974126,560.7499484456176,493.08583211001146,826.4445934945959,513.4282818241111,507.26751422064788,510.05139131446875,10284.569581486652,81.20449401640215,84.70400962847255,1744.0,0.0,1744.0,1744.0,16.0,19.0,19.0,16.0,16.0,12.0,21.0,10.0,1.0,0.0,1839.4671695363764,0.0,0.0,0.0,0.0,0.0,494.25178223602077,0.0,5296.069190776838,3177641.5144661024,4115147.1495132579,81.20449401640215,84.76344302116005,0.34653563969256126,0.769940874271371,0.36028137401965956,84.76344302116005,0.3542647819438875,4115147.1495132579,0.2814223184413561 
 03/27  17:10:00,5.428333333333334,83.5,4.578333333333334,57.0,151.0,1.0,4.0,0.0,0.0,0.0,0.0,0.0,0.0,0.0,0.0,2283.0,0.0,485.0644833024005,23.443173177888526,60.07243139541936,14.544493733179387,387.1255703522045,0.0,23.443173177888516,32.0485950725809,0.0,0.0,20.736843462139789,-1151.849360818895,20.964226886795435,106.05507948479226,20.72654113085074,-531.7946966368552,19.56703281249669,-34.96864917107685,15.975536851374532,41.70759912914889,19.95649567994716,-300.3181204495472,17.79971409208789,215.149091092692,16.201254636507156,-15.378215558663289,16.751338513660185,-67.71197440305423,996.4279643030302,854.8845570614274,0.0,0.0,0.0,0.0,0.0,0.0,0.0,0.0,0.0,0.0,0.0,0.0,0.0,0.0,0.0,0.0,0.0,0.0,0.0,0.0,0.0,0.0,1.5682238925313686,0.4787008218960221,356.5730349147226,420.23254581887286,11498.596945614432,0.31047310724737456,0.04738600537963592,154.30821823648024,182.19687832562892,4839.860574136946,2.126251675585525,0.40178603091185308,187.57133513958517,220.58164827558978,6194.062883624749,0.3913888166493583,0.07395858213328766,33.157322734055629,39.22576985257817,993.5803065905077,0.0,0.0,11.60251916934211,13.937129279831125,249.90500442796026,0.0,0.0,85.87568593010755,101.75602591292471,2497.7992953656414,0.0,0.0,327.9617332755827,390.6332352163611,8570.436773123653,0.0,0.0,31.303560183735479,37.52423518513049,710.2052229164909,0.0,0.0,178.44431380449925,213.7712892513248,4085.487804209146,33.70502866823864,23.11730361333241,298.07328130014607,353.91330841579465,9261.091861666064,0.0,0.0,207.11677997957458,248.40760862135884,4608.927668355316,1605.5244885892003,21.654796161747247,31.02269741278063,22.0,30.0,0.0,21.158190359053554,32.00351841836586,16.0,30.0,1475.4211890736565,21.6701609039946,31.142178211717565,21.666666666666666,30.0,0.0,20.273213666559739,36.89020966495664,19.0,30.0,0.0,16.050146173926679,43.43083601397386,12.0,30.0,0.0,19.963399548893709,35.516394518770137,16.0,30.0,0.0,18.425075286589803,38.33255872503422,10.0,30.0,0.0,16.63467532851586,42.13175165588128,16.0,30.0,0.0,16.749388676387164,42.09122248888995,16.0,30.0,0.0,19.34441088027055,0.0,0.0,0.0,16.39697357299373,0.0,0.0,533.2973929502383,535.0690563489513,540.5103487460008,713.0923869690155,511.8411717760013,601.4452247463224,560.5683095136749,524.1407976311147,536.4940060114203,10044.735126900736,81.36306136699375,83.87412883991625,162.0,0.0,162.0,162.0,16.0,19.0,16.0,16.0,16.0,12.0,21.0,10.0,1.0,0.0,1605.5244885892003,0.0,1475.4211890736565,0.0,0.0,0.0,0.0,0.0,3799.8854404142259,2279931.2642485357,2955784.3090761697,81.36306136699375,83.9167751017784,0.3533295146804742,0.767197946255348,0.36028137401965956,83.9167751017784,0.3542647819438875,2955784.3090761697,0.16009978407196083 
 03/27  17:20:00,5.386666666666667,84.0,4.496666666666667,48.0,131.0,0.0,4.0,0.0,0.0,0.0,0.0,0.0,0.0,0.0,0.0,3045.0,0.0,410.30931094999178,19.736805489348407,50.57495604819571,12.302982175877603,327.46411055329579,0.0,19.736805489348396,26.981709444992047,0.0,0.0,20.617086414635208,-283.9827906716714,21.003571991628804,-83.23001835306978,20.69391073438127,-510.4540301496526,19.60495526748288,-37.66267444298768,15.999863464725234,36.6510091267192,19.840404617893396,-231.62654427296617,17.72752329621359,129.74947147709737,16.024048861889268,2.164173632063921,16.72838762054886,-62.22227283274174,603.7579513880069,854.1468698484607,0.0,0.0,0.0,0.0,0.0,0.0,0.0,0.0,0.0,0.0,0.0,0.0,0.0,0.0,0.0,0.0,0.0,0.0,0.0,0.0,0.0,0.0,1.5281359467710805,0.4664639642158366,171.01065590570819,202.08887450028693,5418.593108532954,0.29914730797113378,0.04565740353649784,99.35941412533012,117.51240057316268,3112.0539832172414,2.144453149621346,0.4052254628914109,93.90147536706972,110.89047988611071,3045.6394935627788,0.3688294787933659,0.06969566870622936,29.646015566863797,35.10714454358516,885.3384749435088,0.0,0.0,10.808745167757019,12.985569549793233,234.2172822492139,0.0,0.0,76.31848955342972,90.55320283453585,2182.448464225684,0.0,0.0,317.19085845837608,378.19684845803377,8209.102416629668,0.0,0.0,32.46709418348203,38.967967014928209,718.1616902098673,0.0,0.0,177.13988004548913,212.35661873080856,4046.424533914752,33.481647625197677,22.964093021397589,117.04983779670507,139.73623854530593,3850.525252662835,0.0,0.0,206.38307985752247,247.73475324510555,4568.159030606723,541.3998753141193,21.2434193380517,31.875518505855049,21.25,30.0,0.0,21.02853337330861,32.323665891436778,16.0,30.0,1003.1705855018786,21.39855741102781,31.61213330855751,21.25,30.0,0.0,20.162005716910426,38.79243462624834,19.0,30.0,0.0,16.07422877794282,43.79628634936593,12.0,30.0,0.0,19.671792591911254,35.41385078322839,16.0,30.0,0.0,18.249875645341225,38.571151625990157,10.0,30.0,0.0,16.307006912446249,43.567000876415978,16.0,30.0,0.0,16.677095657007106,42.68407477025314,16.0,30.0,0.0,17.33608022313037,0.0,0.0,0.0,16.29788020444733,0.0,0.0,538.0706837159497,539.6874999305507,540.5419255362048,816.390345705773,530.5369877529237,557.5339516533151,550.1757309153566,548.8159411448055,554.7248162141932,5249.279481545687,81.81293510558648,83.71039792556698,162.0,0.0,162.0,162.0,16.0,19.0,16.0,16.0,16.0,12.0,21.0,10.0,1.0,0.0,541.3998753141193,0.0,1003.1705855018786,0.0,0.0,0.0,0.0,0.0,2871.321489924259,1722792.8939545553,2232777.540565055,81.81293510558648,83.74262314339453,0.18071071633080866,0.34716202693055217,0.18014068700982978,83.74262314339453,0.17713239097194376,2232777.540565055,0.12255743210938287 
 03/27  17:30:00,5.345,84.5,4.415,39.0,111.0,0.0,4.0,0.0,0.0,0.0,0.0,0.0,0.0,0.0,0.0,7620.0,0.0,338.1025888520718,16.04986367799835,41.12726560503198,10.137885609644123,269.83655209021006,0.0,16.049863677998343,21.941380464290107,0.0,0.0,20.74704631216206,-1594.0320921756286,20.928128184691525,160.84393452051973,20.438756731379386,-278.2806867686068,19.5748740122991,-41.26991390741439,16.02202643903692,34.26552545220911,19.664045631932333,-206.7481758965726,17.701993565975525,164.74844620526185,15.907316310621221,6.842105845619813,16.677612004081369,-81.15471378553312,1056.109314364399,853.2908754629928,0.0,0.0,0.0,0.0,0.0,0.0,0.0,0.0,0.0,0.0,0.0,0.0,0.0,0.0,0.0,0.0,0.0,0.0,0.0,0.0,0.0,0.0,1.5360056452937117,0.46886619209209759,319.46160413386658,376.9141259242749,10296.598298650099,0.31570548858125416,0.0481845983793123,191.98720038499659,226.99024230922499,5991.975559538979,2.227790754678016,0.4209733096519307,86.49250570350769,102.12176789048013,2814.1311087691476,0.38147071992098088,0.07208441419519668,31.323602331143463,37.11410657149796,933.7390449772444,0.0,0.0,10.791489261392627,12.971108682312885,235.1552118842955,0.0,0.0,72.90997785506262,86.62007159043555,2064.315377320173,0.0,0.0,317.58019940724497,378.92809660535615,8218.228638931923,0.0,0.0,35.40879406524246,42.55284096024679,772.8624051669187,0.0,0.0,175.78904850314687,210.90161602171856,4006.2507049151815,33.86040406648098,23.223871101838819,254.8459610380713,303.3979603319451,7807.864653053705,0.0,0.0,206.63770628430619,248.26259002782053,4550.059851890491,1749.075705897951,21.49617363118266,31.74521493124732,21.999999999999998,30.0,0.0,21.006520231635347,32.59992389104157,15.999999999999999,30.0,12.050677150319724,21.28167489780584,32.03670822978538,21.000000000000005,30.0,0.0,20.09748902150135,39.7736806265268,19.0,30.0,0.0,16.094162103264915,43.947406466583377,12.0,30.0,0.0,19.480611543159204,35.76195500149784,15.999999999999999,30.0,0.0,18.207291429814924,38.754836179154569,10.0,30.0,0.0,16.113444355512575,44.18309540993235,15.999999999999999,30.0,0.0,16.608028938770969,42.83301755381988,15.999999999999999,30.0,0.0,18.81895430428615,0.0,0.0,0.0,16.19753839745739,0.0,0.0,563.2153706194564,555.8426686060327,554.9983458397886,870.5316286295347,539.2314718901727,552.8613127153477,554.3948316990137,551.5994605355081,552.3699035651486,9549.748414140606,81.69047388217399,81.69047388217399,161.99999999999998,0.0,161.99999999999998,161.99999999999998,16.0,19.0,16.0,16.0,16.0,12.0,21.0,10.0,1.0,0.0,1749.075705897951,0.0,12.050677150319724,0.0,0.0,0.0,0.0,0.0,0.0,0.0,0.0,81.69047388217399,81.69047388217399,0.3400000000000001,0.7713644361147145,0.3602813740196596,81.69047388217399,0.3542647819438876,0.0,0.006506999999999998 
 03/27  17:40:00,5.303333333333333,85.0,4.333333333333333,33.0,92.5,0.0,4.0,0.0,0.0,0.0,0.0,0.0,0.0,0.0,0.0,3048.0,0.0,283.9281693578117,13.460936207122908,34.493205352873889,8.513482564824838,226.60042247544375,0.0,13.460936207122903,18.40212033270407,0.0,0.0,20.844574823694278,-898.1873868648103,21.2523537377595,55.45664059253414,20.82739620917401,-697.5259376166233,19.570995481064565,-5.433292860883341,16.041892194604743,32.74091789344689,19.506810131453407,-180.56740187464994,17.692238339944895,164.9034187887073,16.139928173365399,-15.753949568840256,16.627447695273589,-76.37776989298755,844.3628921118345,856.7402562249429,0.0,0.0,0.0,0.0,0.0,0.0,0.0,0.0,0.0,0.0,0.0,0.0,0.0,0.0,0.0,0.0,0.0,0.0,0.0,0.0,0.0,0.0,1.6057859960352623,0.49016666545642936,286.4822997966352,337.88245198501115,9318.408036231609,0.3304226774455962,0.0504308115759457,165.1599915711096,194.96954182212236,5273.948924165896,1.8307373111040535,0.34594431426758395,126.1241632425501,148.58441046477655,4220.368471582749,0.4154634887872933,0.07850783990689592,37.94904338744187,44.91887830452471,1131.7131976777249,0.0,0.0,10.65165489572582,12.793914643325572,233.3869920735993,0.0,0.0,70.22870535980903,83.43081957094435,1972.0360946516624,0.0,0.0,315.7725532048228,376.57336553462297,8182.830603963881,0.0,0.0,33.15989370841262,39.79626342778306,745.4135100530457,0.0,0.0,177.9333211135376,213.3878832366206,4047.945104796951,34.14931285064776,23.422025274792714,232.22197054285986,276.2561020266733,7298.010471367015,0.0,0.0,207.06095513571519,248.65679927964119,4560.854055648641,1202.7125509836647,21.532090441517153,31.78643851743732,21.75,30.0,818.7481156330032,21.429739304256839,31.85927450034845,21.5,30.0,1476.1874834593889,21.844110981315028,31.15679558745793,21.5,30.0,0.0,20.076602413597354,39.74717587835656,19.0,30.0,0.0,16.11135308627157,44.06522690263159,12.0,30.0,0.0,19.31349979118036,36.17565155226053,16.0,30.0,0.0,18.181089306632818,38.88444994478354,10.0,30.0,489.1090100040044,16.44098883987237,43.340236509749917,16.5,30.0,0.0,16.542873970438526,43.06101038826945,16.0,30.0,0.0,18.368824288214335,0.0,0.0,0.0,16.156874614136336,0.0,0.0,570.306827591139,561.6822546547418,567.9622868725126,869.8187485831206,546.3209833776166,555.0637447132343,557.8922604147618,553.7938566123238,554.6945284417016,9061.79824470666,82.01297413375095,83.85235040643306,162.0,0.0,162.0,162.0,21.0,19.0,16.0,16.0,16.0,12.0,21.0,10.0,1.0,0.0,1202.7125509836647,818.7481156330032,1476.1874834593889,0.0,0.0,0.0,489.1090100040044,0.0,2783.5164261503757,1670109.8556902253,2188729.9979299718,82.01297413375095,83.88358912185336,0.3477838808716792,0.767054706606031,0.36028137401965956,83.88358912185336,0.3542647819438875,2188729.9979299718,0.12037495989235851 
 03/27  17:50:00,5.261666666666666,85.5,4.251666666666667,27.000000000000005,74.00000000000002,0.0,4.0,0.0,0.0,0.0,0.0,0.0,0.0,0.0,0.0,7620.0,0.0,234.0008997923,10.910198765139047,27.95701177539377,7.016429080733112,186.75390706757424,0.0,10.910198765139042,14.915068865980466,0.0,0.0,20.926074704271114,-1109.9055569599073,21.409888400930197,-207.43118594133729,20.65987344031482,-389.41659949989175,19.57466553749483,-24.393839928009045,16.057705025246418,31.743613645361529,19.38177533626927,-154.76713974048929,17.704015870179519,156.28353733766,16.303941619865499,-29.92873274928474,16.586713271887406,-72.86747680423442,964.480381970951,874.3777280481913,0.0,0.0,0.0,0.0,0.0,0.0,0.0,0.0,0.0,0.0,0.0,0.0,0.0,0.0,0.0,0.0,0.0,0.0,0.0,0.0,0.0,0.0,1.50566184554136,0.4596037379552381,260.257305400353,306.8329544297481,8527.763377215471,0.2793351368267751,0.04263356789175444,115.63278050611291,136.31790247901876,3760.684711477099,2.2621942368628447,0.4274743455901069,146.05142523043944,172.49150695162846,4753.213351933706,0.4152851566291035,0.07847414146430526,37.54383098314146,44.47306149583724,1122.468421297796,0.0,0.0,10.412762750152917,12.513543154353228,229.24436544965745,0.0,0.0,65.72441304637427,78.1545177115981,1837.0243404138265,0.0,0.0,314.2578220958563,374.9718133525417,8174.21632779004,0.0,0.0,26.53562507637917,31.823337858325993,614.4848604792057,0.0,0.0,184.73215284186825,221.71458055339836,4200.660019998129,34.265571528553667,23.501763737005267,201.42367091450044,239.88752189654117,6331.701301666045,0.0,0.0,209.5339076224865,251.7859826661945,4626.113508243427,1478.640674129643,21.6741687397153,31.714107292396144,21.8,30.0,0.0,21.60223512001509,31.812031950646568,21.000000000000005,30.0,986.2112650867802,21.480699013086118,32.07660998212965,21.300000000000006,30.0,0.0,20.0732159553105,39.57182919647199,19.0,30.0,0.0,16.122817440620634,44.14557060486628,12.0,30.0,0.0,19.20332738492564,36.49610718223596,15.999999999999999,30.0,0.0,18.18955510036239,38.98911676439427,10.0,30.0,0.0,16.712576190944497,42.63948805722409,15.999999999999999,30.0,0.0,16.495003160100539,43.28221322693516,15.999999999999999,30.0,0.0,18.489114548812546,0.0,0.0,0.0,16.140993888177268,0.0,0.0,583.5896353353135,581.0125107504199,582.3008822921356,860.0516194058242,551.2432609199985,559.0381686530308,564.4186279297135,556.56245470427,558.9343412851583,8396.141865525073,81.7654089571908,82.47098358830289,161.99999999999998,0.0,161.99999999999998,161.99999999999998,21.0,19.0,16.0,16.0,16.0,12.0,21.0,10.0,1.0,0.0,1478.640674129643,0.0,986.2112650867802,0.0,0.0,0.0,0.0,0.0,1067.7884183976667,640673.0510386,829570.5873525201,81.7654089571908,82.48296658788621,0.30759294727992228,0.6931696394698188,0.3242532366176936,82.48296658788621,0.31883830374949886,829570.5873525201,0.04970767054233104 
 03/27  18:00:00,5.22,86.0,4.17,21.0,55.5,0.0,4.0,0.0,0.0,0.0,0.0,0.0,0.0,0.0,0.0,1526.0,0.0,167.45778367337665,8.4017370033508,21.529154205587188,5.021159203487802,133.646479900506,0.0,8.401737003350796,11.485811459204563,0.0,0.0,20.60306662871442,-776.0750413687165,21.09102985414967,-908.5341631215218,20.79348052885857,-1005.5773414897158,19.57904729949624,-25.850964742318526,16.070010955591149,28.629085319567794,19.252864388108436,-127.60407649845888,17.61669862222519,56.28132244282551,16.04385686368598,-8.928542977360337,16.551817008518336,-64.59611709059573,914.9635022960979,891.1268938783637,0.0,0.0,0.0,0.0,0.0,0.0,0.0,0.0,0.0,0.0,0.0,0.0,0.0,0.0,0.0,0.0,0.0,0.0,0.0,0.0,0.0,0.0,1.5416712624816325,0.4705956234681418,373.174158717464,439.09895851725016,12136.178728166544,0.26040287221739857,0.03974402811620857,161.28798032290482,189.92763982834613,5090.870873567448,2.0048340789226537,0.37884241854169589,176.7145582500974,207.74980743225113,5883.176266387837,0.3810955799540803,0.07201352606842029,33.04285241515962,39.088595122439418,991.0313347032111,0.0,0.0,9.68524193298343,11.621648026072237,214.24876897965226,0.0,0.0,63.066458187631969,74.90284775234363,1754.692400930236,0.0,0.0,306.5488220360055,365.4266748332392,7893.824529874537,0.0,0.0,27.676682395400893,33.18358056429925,620.8702605962387,0.0,0.0,184.53147606257384,221.14552390055025,4198.880762585837,34.10819530117705,23.393823937707177,311.5018749361753,369.59824831762139,9495.262673032095,0.0,0.0,210.6092685033579,252.69050063670847,4657.882203802713,1023.1089253337932,21.141191791311046,32.878667616586898,21.5,30.0,730.1693809835934,21.18637233365193,32.90180799473248,21.0,30.0,1704.450103557801,21.64791356126731,31.932846171091449,21.5,30.0,0.0,20.068311933885263,39.82910790097559,19.0,30.0,0.0,16.13111172672336,44.25959088785926,12.0,30.0,0.0,19.08904544002084,36.85529842811946,16.0,30.0,0.0,18.0026266333981,39.50838656198981,10.0,30.0,0.0,16.294231558609988,43.888408932115527,16.0,30.0,0.0,16.456468118148235,43.47213263353959,16.0,30.0,0.0,18.597598040585994,0.0,0.0,0.0,16.1145999662809,0.0,0.0,587.1356677228505,597.1489710600355,593.5515516527842,875.2716172076823,557.3682605135066,564.4646377013946,567.2528689545499,561.1838592815238,562.8467646885642,11279.268170081472,80.54642114893125,84.61783806124044,162.0,0.0,162.0,162.0,21.0,19.0,16.0,16.0,16.0,12.0,21.0,10.0,1.0,0.0,1023.1089253337932,730.1693809835934,1704.450103557801,0.0,0.0,0.0,0.0,0.0,6160.463974992642,3696278.3849955855,4785135.599170022,80.54642114893125,84.686984236588,0.3753487991664214,0.7706952806147072,0.36028137401965956,84.686984236588,0.3542647819438875,4785135.599170022,0.2554060511568411 
 03/27  18:10:00,5.17,86.33333333333334,4.201666666666667,14.999999999999997,36.99999999999999,0.0,0.0,0.0,0.0,0.0,0.0,4.0,0.0,0.0,0.0,3052.0,0.0,107.93107484466762,5.944288268042317,15.232021656594647,3.2362736309458235,86.13878074291896,0.0,5.944288268042313,8.126292727166549,0.0,0.0,20.820969813036279,-664.8946614145461,21.674248389683596,-170.34425684185295,20.798859904137033,-1797.230754241571,19.671949790903076,615.8790263177743,16.075109922652243,26.309818123089984,19.13145477405343,-142.9219019164076,17.567506364987737,154.86881584396543,15.921245233813542,-7.531028636685363,16.515848961218376,-89.07532663883058,1005.8376758485088,832.2156281426192,0.0,0.0,0.0,0.0,0.0,0.0,0.0,0.0,0.0,0.0,0.0,0.0,0.0,0.0,0.0,0.0,0.0,0.0,0.0,0.0,0.0,0.0,1.5647199855298205,0.47763125321423097,246.44304731526655,290.6038221158169,8018.274883781247,0.19800910742039397,0.03022117024120787,23.799074100718948,27.941982381245738,815.4623061774862,2.374337494471023,0.4486654373528012,416.68615571118189,491.3557203405903,13529.498989825963,0.38841314486081549,0.07339628587694924,334.95400976299097,396.35739531838126,10170.16614296387,0.0,0.0,9.922610438679625,11.919044467399712,220.45076121233158,0.0,0.0,64.76084127581021,77.02921390707766,1795.573740693014,0.0,0.0,304.38599737736987,363.29866359217399,7836.3764321485509,0.0,0.0,32.143031335928657,38.608450612902988,712.3835516614371,0.0,0.0,173.36819145292629,208.0229163306452,3947.9291574595988,34.76976882703008,23.847578070665358,410.07118910734666,487.17202270279588,12455.593592743848,0.0,0.0,201.85482495209809,242.58925494861834,4419.614622800051,973.5501854208352,21.493709905620599,33.179182073022769,21.5,30.0,1227.2521233648102,22.171195306100676,33.455648884500039,21.75,30.0,2170.8911208793545,21.408524825457478,32.632523220722337,21.5,30.0,0.0,20.34306980100584,34.94469186139197,16.0,30.0,0.0,16.128711017177744,44.37661751244028,12.0,30.0,0.0,18.98597963127783,37.25492455957304,16.0,30.0,0.0,17.952241398465135,39.97081681120544,10.0,30.0,0.0,16.102490923030623,44.522469477278708,16.0,30.0,0.0,16.414213568836734,43.7062298054318,16.0,30.0,0.0,19.049859672097655,0.0,0.0,0.0,15.948925045041943,0.0,0.0,653.6524503740178,751.158006449645,607.3645130953785,614.7052291421594,562.1301610649318,573.0612949963708,584.5945335463403,565.2363347153078,568.0525883269337,9984.025177787116,81.40301756781006,85.18663008059844,240.0,0.0,240.0,240.0,21.0,16.0,16.0,16.0,16.0,12.0,21.0,10.0,1.0,0.0,973.5501854208352,1227.2521233648102,2170.8911208793545,0.0,0.0,0.0,0.0,0.0,5725.498229696791,3435298.9378180748,4486738.44338626,81.40301756781006,85.25088838179711,0.360849940989893,0.7671444399795346,0.36028137401965956,85.25088838179711,0.3542647819438875,4486738.44338626,0.24307039905608553 
 03/27  18:20:00,5.12,86.66666666666667,4.233333333333333,8.999999999999999,18.499999999999998,0.0,0.0,0.0,0.0,0.0,0.0,4.0,0.0,0.0,0.0,2289.0,0.0,47.00510006394026,3.4136320637250949,8.747306124152077,1.409432835636701,37.51435416518653,0.0,3.4136320637250936,4.6666938347873379,0.0,0.0,20.82746923634753,-475.27948806679276,21.596968229561754,-205.1759098087935,21.059354074825845,-2161.7547646625068,19.88721355607666,529.7820714800198,16.077524833372146,25.431122936104644,19.000464837958284,-118.61512811786113,17.575090896252143,107.89464581323466,16.483403938038785,-51.43425994975047,16.465042313265387,-96.47896350702919,1057.4311082790267,871.4305128801334,0.0,0.0,0.0,0.0,0.0,0.0,0.0,0.0,0.0,0.0,0.0,0.0,0.0,0.0,0.0,0.0,0.0,0.0,0.0,0.0,0.0,0.0,1.6448005565151789,0.5020758719521301,193.77192623843784,228.16390685245967,6425.141198682437,0.15926587886537678,0.024307979069807196,31.468752981345494,36.970254177327429,1070.5788963216599,2.2606467173054956,0.427181919369897,407.18829438593436,479.1055715072613,13609.291154214054,0.38719147971412379,0.07316543456427124,344.30888891722608,406.95825791080679,10698.985108620021,0.0,0.0,9.678574015118653,11.623269667974033,215.96908589798353,0.0,0.0,61.19818971571901,72.79750662705384,1689.973970191199,0.0,0.0,302.69884735411559,361.2020482710288,7825.754541718494,0.0,0.0,29.194442572511226,34.99132156208408,689.6468384431607,0.0,0.0,178.87612495482598,214.61912763914797,4069.2447663907698,35.495051069420529,24.345028168326836,414.713869298555,492.24085759516489,12796.282294126111,0.0,0.0,204.53925881351089,245.8091061058218,4475.999664365751,750.5688579859834,21.491889916386634,32.910619447413029,21.333333333333326,29.99999999999999,0.0,22.19899118225891,35.6379775383573,20.999999999999994,29.99999999999999,2722.1176143243399,21.83150628213701,31.824557351878526,21.999999999999994,29.99999999999999,0.0,20.69095139556314,34.26148640785783,15.999999999999993,29.99999999999999,0.0,16.12469973680976,44.62257124216072,11.999999999999995,29.99999999999999,0.0,18.87297497938205,37.86061610561523,15.999999999999993,29.99999999999999,0.0,17.952961640828627,40.207816960811317,9.999999999999997,29.99999999999999,910.7742426084835,16.94828296846722,42.497398897288579,16.66666666666666,29.99999999999999,0.0,16.34842733078286,44.24696017726602,15.999999999999993,29.99999999999999,0.0,19.228328842293576,0.0,0.0,0.0,15.889229958665855,0.0,0.0,631.6473485077103,865.8535054984986,608.2239630880101,616.6932537764135,572.6380399716503,591.0488027181971,595.9151916613877,577.4778626311563,584.5336579897576,9203.433595409471,81.919400830326,84.28352714222261,239.99999999999992,0.0,239.99999999999992,239.99999999999992,21.0,16.0,16.0,16.0,16.0,12.0,21.0,10.0,1.0,0.0,750.5688579859834,0.0,2722.1176143243399,0.0,0.0,0.0,910.7742426084835,0.0,3577.7550918777567,2146653.055126655,2787117.620979986,81.919400830326,84.32367785535937,0.34592516972925849,0.768231806678505,0.36028137401965945,84.32367785535937,0.35426478194388735,2787117.620979986,0.1546634496242926 
 03/27  18:30:00,5.07,87.0,4.265000000000001,0.0,0.0,0.0,0.0,0.0,0.0,0.0,0.0,4.0,0.0,0.0,0.0,3052.0,0.0,0.0,0.0,0.0,0.0,0.0,0.0,0.0,0.0,0.0,0.0,20.904125213966596,-883.6053422715845,21.41312497246874,-174.41585517216363,20.733517038175348,-574.021015596986,19.893514929761886,187.72177818230785,16.0796678921726,25.988939028460864,18.883098912667756,-112.86908685504022,17.574616583162759,153.05127843798437,16.703075853859767,-38.39642259624179,16.4096883786791,-120.05134902337295,1007.8436976767748,879.4123724155636,0.0,0.0,0.0,0.0,0.0,0.0,0.0,0.0,0.0,0.0,0.0,0.0,0.0,0.0,0.0,0.0,0.0,0.0,0.0,0.0,0.0,0.0,1.5749141279279902,0.48074301829303736,231.2181642207591,272.69976144348837,7535.92908663358,0.16087388829238428,0.024553401754026907,29.211890200698276,34.36681051130668,984.0125716180321,2.587424409902837,0.4889312943882914,292.9689239771827,345.9355529269966,9524.544438064753,0.3688932003979474,0.06970770982576478,232.75083928842256,275.35931419011686,7251.497123613228,0.0,0.0,9.957984150686638,11.963106956827602,223.17579833875619,0.0,0.0,59.680168051530269,71.04304898782763,1643.1908464637248,0.0,0.0,298.0550436049794,355.79109734829577,7740.351325914056,0.0,0.0,15.208067767756838,18.194554197021455,378.2257708450408,0.0,0.0,189.14848866536694,227.10307746761183,4295.652929772028,35.94196230475287,24.651551649350404,294.84853496556999,350.7397170659151,9279.759251832787,0.0,0.0,199.8059048739074,240.30190605898737,4354.973888789115,1026.2688561959729,21.494533295451654,32.87073677208322,21.5,30.0,0.0,21.95094015490367,37.16056051300471,21.0,30.0,969.1106830584273,21.28005979600087,33.160502350751389,21.25,30.0,0.0,20.65082809282466,34.3771846102664,16.0,30.0,0.0,16.12196958782532,44.84098167162455,12.0,30.0,0.0,18.777267427094299,38.28742831488189,16.0,30.0,0.0,17.96086473003582,40.40807165416125,10.0,30.0,0.0,17.37121525855499,41.51968837808777,16.0,30.0,0.0,16.275831138402329,44.71454272233513,16.0,30.0,0.0,19.000877437015846,0.0,0.0,0.0,15.79180626204927,0.0,0.0,625.7310765534801,910.7293808808498,618.3832917775984,614.8873786233938,581.7033152022287,600.3571587685833,604.9908741166576,586.5745604273468,595.6403088338343,7781.432266733087,82.85966042516078,82.85966042516078,240.0,0.0,240.0,240.0,21.0,16.0,16.0,16.0,16.0,12.0,21.0,10.0,1.0,0.0,1026.2688561959729,0.0,969.1106830584273,0.0,0.0,0.0,0.0,0.0,0.0,0.0,0.0,82.85966042516078,82.85966042516078,0.34,0.7680377697695847,0.36028137401965956,82.85966042516078,0.3542647819438875,0.0,0.009706666666666666 
 03/27  18:40:00,5.02,87.33333333333334,4.296666666666667,0.0,0.0,0.0,0.0,0.0,0.0,0.0,0.0,4.0,0.0,0.0,0.0,6104.0,0.0,0.0,0.0,0.0,0.0,0.0,0.0,0.0,0.0,0.0,0.0,21.006662876357756,-1437.8685872463637,21.287559713121298,-159.68659506318478,20.80196686186326,-302.8144031305111,19.77677767186023,326.2342313948648,16.086726078019866,30.251765170053397,19.432419084953986,-281.98115910429808,17.633919122804529,168.95153757258215,17.417844022965889,-58.498466606118757,16.354535538704046,-115.62896646384655,1007.1585606808567,987.7120639751189,0.0,0.0,0.0,0.0,0.0,0.0,0.0,0.0,0.0,0.0,0.0,0.0,0.0,0.0,0.0,0.0,0.0,0.0,0.0,0.0,0.0,0.0,1.5280565997720477,0.46643974352016129,270.24815854211286,318.61173327534189,8996.338582847837,0.18753248072110927,0.0286221734922328,26.12378553861705,30.768387350440535,875.6383162261476,2.4797418834803239,0.46858312235077967,281.40363802224308,332.4857744862595,9140.745302287638,0.38850170028798799,0.07341301970672486,292.7114319353352,346.6602864071354,9036.669270218044,0.0,0.0,10.988575963463689,13.207893783563977,247.50664216094439,0.0,0.0,76.85310029542126,91.21619573666226,2264.595035040885,0.0,0.0,326.59544336951049,389.91801999868496,8583.063512476356,0.0,0.0,19.604466244078649,23.34748236556392,536.1458673963081,0.0,0.0,209.0141706004012,251.14702143717546,4739.744867302061,36.46370506988571,25.009399910758395,294.45950983206486,350.74979822835879,9148.796710922672,0.0,0.0,214.25747387300712,257.7825896074629,4709.123687568634,1810.5338339938519,21.695280966869285,32.388609304976728,22.000000000000008,30.00000000000001,0.0,21.779635462273818,38.3333800687488,21.000000000000008,30.00000000000001,0.0,21.203410045350755,33.297595174104717,21.000000000000008,30.00000000000001,0.0,20.47559725091561,34.92759873017016,16.000000000000008,30.00000000000001,0.0,16.126904114668453,45.04857934898617,12.000000000000004,30.00000000000001,1061.0405871626229,19.69989181559137,36.29789922594542,19.750000000000008,30.00000000000001,0.0,18.06792269289047,40.23032056592426,10.000000000000004,30.00000000000001,1313.056870604281,18.443882972168447,39.010854291962399,20.700000000000008,30.00000000000001,0.0,16.2062577909609,45.1423582936821,16.000000000000008,30.00000000000001,0.0,18.789780523312048,0.0,0.0,0.0,15.830565716421857,0.0,0.0,616.7190566889502,952.2527651428395,612.9360400618286,619.5959685763766,590.4997400775079,606.2891854160238,607.2229283585134,594.4212438739776,603.6412672078503,9841.778980985506,81.49734955690863,81.49734955690863,240.00000000000009,0.0,240.00000000000009,240.00000000000009,21.0,16.0,19.0,16.0,19.7,12.0,21.0,10.0,1.0,0.0,1810.5338339938519,0.0,0.0,0.0,1061.0405871626229,0.0,1313.056870604281,0.0,0.0,0.0,0.0,81.49734955690863,81.49734955690863,0.34000000000000016,0.7723251433463408,0.36028137401965967,81.49734955690863,0.35426478194388769,0.0,0.00968 
 03/27  18:50:00,4.970000000000001,87.66666666666667,4.328333333333333,0.0,0.0,0.0,0.0,0.0,0.0,0.0,0.0,4.0,0.0,0.0,0.0,3815.0,0.0,0.0,0.0,0.0,0.0,0.0,0.0,0.0,0.0,0.0,0.0,21.052429580571155,-1177.869677427461,21.1879192009104,-122.78608748808361,20.954314684327213,-1049.1339010330972,19.813927803435698,562.7010730111659,16.098384154158933,31.052872548756186,19.26847354263084,-238.0080235332389,17.646973633844867,126.13534958936399,18.41759472275792,-191.14133370071276,16.322471538562874,-77.23717186418435,1073.7597053050418,1092.4420725788887,0.0,0.0,0.0,0.0,0.0,0.0,0.0,0.0,0.0,0.0,0.0,0.0,0.0,0.0,0.0,0.0,0.0,0.0,0.0,0.0,0.0,0.0,1.5263388187957006,0.46591539035277798,252.87715251248523,298.20655406733928,8441.842378829178,0.2216720173950082,0.03383272548763862,20.862928120947893,24.589449362756164,698.8517313955933,2.1496887103889446,0.4062147978815089,348.95479272437248,411.43689377638057,11631.488022336836,0.40209862559713629,0.07598235555501443,341.79039428377316,404.4339790998476,10655.334434795648,0.0,0.0,11.114075017615276,13.356475103152201,251.78394597277083,0.0,0.0,76.20342460083134,90.54816777778307,2210.469903718116,0.0,0.0,331.659750991152,395.92363896862488,8750.06387563539,0.0,0.0,36.3684646284751,43.083279748084027,1106.4662434969235,0.0,0.0,222.16388037866938,266.9347713154407,5049.855105623065,37.138216388677459,25.472027701424876,357.76138419882127,425.54780835583997,11149.642342178273,0.0,0.0,227.64022736540086,273.71643113104326,5084.687627980929,1368.4833821865744,21.720479293287469,32.39522738391125,21.8,30.0,0.0,21.648254096350415,39.473463572825369,21.0,30.0,1658.1957854125136,21.591546166766876,32.49285613533709,21.400000000000003,30.0,0.0,20.566551486400745,34.71382657770566,16.0,30.0,0.0,16.140363974500596,45.223750408914458,12.000000000000002,30.0,0.0,19.438185751337259,36.98944993366625,19.0,30.0,0.0,18.06885974477756,40.31530254786272,10.0,30.0,1271.0384904729784,20.125745381515086,35.33586256917039,20.7,30.0,0.0,16.179209630531923,45.3378460212171,16.0,30.0,0.0,18.995089199570726,0.0,0.0,0.0,15.961582514141427,0.0,0.0,617.6028195936381,999.3360124884138,608.3485933481061,615.3627703702048,598.1984970680812,609.5060629516025,609.4910569010335,604.2828260683585,606.6737000457605,9448.352229039792,81.75750002263912,83.14664540664593,240.0,0.0,240.0,240.0,21.0,16.0,19.0,16.0,19.7,12.0,21.0,10.0,1.0,0.0,1368.4833821865744,0.0,1658.1957854125136,0.0,0.0,0.0,1271.0384904729784,0.0,2102.3106407170805,1261386.384430248,1634814.146416661,81.75750002263912,83.17023770691255,0.34207702135723608,0.7697470710271578,0.36028137401965956,83.17023770691255,0.35426478194388757,1634814.146416661,0.0944636689469997 
 03/27  19:00:00,4.92,88.0,4.36,0.0,0.0,0.0,0.0,0.0,0.0,0.0,0.0,4.0,0.0,0.0,0.0,1526.0,0.0,0.0,0.0,0.0,0.0,0.0,0.0,0.0,0.0,0.0,0.0,20.89808346435187,-683.2876662538065,21.11454405977772,-149.50099377893884,20.748578141009433,-549.1295828414827,19.856823319212606,224.78522608421327,16.107145026504634,27.96595021375856,18.970176243687015,-153.67900529024838,17.5480307040198,46.005927064473329,18.826737927869688,-277.75537512353858,16.31459475813039,-64.95261558387893,931.1135719621384,1148.6652847214069,0.0,0.0,0.0,0.0,0.0,0.0,0.0,0.0,0.0,0.0,0.0,0.0,0.0,0.0,0.0,0.0,0.0,0.0,0.0,0.0,0.0,0.0,1.6014096306572068,0.48883077858889098,153.21622535659436,180.77118406310604,5046.846749727945,0.17570399549763286,0.026816849129675345,28.312280892480595,33.29121165960274,941.9096925335362,2.0128863418809654,0.38036401018158846,216.97253613477586,256.2541236451532,7084.146812056069,0.3586380884209559,0.06776985797826074,233.72900089366017,276.4992825745149,7347.489668581533,0.0,0.0,10.3162617866689,12.384648927019424,234.99019367052538,0.0,0.0,69.93417301597705,83.12405147396319,1981.0692302046619,0.0,0.0,317.55565286698336,378.92838515001537,8294.889803838354,0.0,0.0,45.71370120465025,54.005203807263097,1442.5263222190609,0.0,0.0,223.19091678877843,267.86625170313087,5101.6045124660909,37.33813962563863,25.609149263126644,230.42462423215197,274.53825598565609,7326.022185866908,0.0,0.0,229.8019637934434,275.96875600505276,5178.880665042708,1198.836874541175,21.453470402539105,33.51009610184893,21.5,30.0,0.0,21.553360643483413,40.118357049918547,21.0,30.0,1337.582201062266,21.45280442779294,32.77924634523836,21.5,30.0,0.0,20.589440903685856,34.74966380792485,16.0,30.0,0.0,16.14873606823401,45.36097351798109,12.0,30.0,42.151625155244008,19.026754478301244,38.126688849011177,19.0,30.0,0.0,17.871721508383574,40.862094161057,10.0,30.0,1023.4522874334668,20.732161896450358,34.14290912022599,20.7,30.0,0.0,16.189150881859228,45.37742033988569,16.0,30.0,0.0,18.25962773535853,0.0,0.0,0.0,16.010385493923026,0.0,0.0,648.3494748840549,1024.7946791321199,606.8559751082054,618.6533416859188,603.5698184630218,616.7123755849697,610.465132852952,608.5115807105676,608.3780404288016,9007.68004521244,82.04882361745274,82.04882361745274,240.0,0.0,240.0,240.0,21.0,16.0,19.0,16.0,19.7,12.0,21.0,10.0,1.0,0.0,1198.836874541175,0.0,1337.582201062266,0.0,42.151625155244008,0.0,1023.4522874334668,0.0,0.0,0.0,0.0,82.04882361745274,82.04882361745274,0.34,0.7726496078018106,0.36028137401965956,82.04882361745274,0.3542647819438875,0.0,0.009226666666666666 
 03/27  19:10:00,4.858333333333334,88.33333333333334,4.213333333333334,0.0,0.0,0.0,0.0,1.0,2.0,0.0,0.0,4.0,0.0,0.0,0.0,6104.0,0.0,0.0,0.0,0.0,0.0,0.0,0.0,0.0,0.0,0.0,0.0,20.973602916945688,-683.371394873252,21.045694721016173,-133.49943142630486,20.85231491558425,-1544.2910538342308,19.793185410398548,505.8311407532517,16.109457582461883,24.32076485679218,19.455417055310478,-70.9275580294561,17.43924563766822,81.40888330970438,18.568989039566266,-227.2312983630276,16.29067652121295,-114.73330425929214,1104.05911884252,1028.5498870593866,0.0,0.0,0.0,0.0,0.0,0.0,0.0,0.0,0.0,0.0,0.0,0.0,0.0,0.0,0.0,0.0,0.0,0.0,0.0,0.0,0.0,0.0,1.5597365959544807,0.4761100720251773,134.9485164123814,159.2689666517743,4516.105314442577,0.21548364820184993,0.03288822469503204,22.78805621097465,26.883841259765246,759.927201367926,1.95285399399192,0.3690200290990024,316.64550999453237,373.5673755327068,10591.03187811234,0.3826459407367556,0.0723064891792811,321.9907727974567,381.261773454145,10071.755097780691,0.0,0.0,10.329541503874906,12.417914399208689,236.4953016081238,0.0,0.0,14.413820167492054,17.10531185057854,432.2511328390287,0.0,0.0,244.79165996926154,292.7275483628681,6337.059790076388,0.0,0.0,44.250735466342238,52.49468533972758,1344.2421335208547,0.0,0.0,203.13632416516294,244.21228463815894,4657.349768480938,37.24987190767955,25.548608990178033,325.67380137810189,387.8652811475237,10161.299209608494,0.0,0.0,209.00690388464776,251.605892922488,4638.993063844241,929.5021612962316,21.492016055914914,33.32301110152678,21.5,30.0,0.0,21.471210628869135,40.041032276972078,21.0,30.0,1882.6719219161312,21.530615335279028,32.59320349260607,21.5,30.0,0.0,20.51034153358645,34.83070798092749,16.0,30.0,0.0,16.146421431403895,45.50544838451848,12.0,30.0,700.5182406070035,19.836632018748327,37.734542669423479,19.625,30.0,0.0,17.692070812826779,41.681652858481267,10.0,30.0,522.9471292032083,20.033086809759749,36.52357186498691,20.075,30.0,0.0,16.162773882982227,45.71304921619899,16.0,30.0,0.0,18.78126568408045,0.0,0.0,0.0,15.771566334645503,0.0,0.0,640.2008403643791,1011.3576477958192,602.8046405168669,611.0681765852431,608.307141521637,711.9342475037522,623.8397916856951,655.0186231393471,617.4342299863733,9806.520525158929,81.52061510899859,83.32695681078752,270.0,0.0,270.0,270.0,21.0,16.0,19.0,16.0,19.7,12.0,21.0,10.0,1.0,0.0,929.5021612962316,0.0,1882.6719219161312,0.0,700.5182406070035,0.0,522.9471292032083,0.0,2733.5700018147474,1640142.0010888484,2133594.2867263138,81.52061510899859,83.35763448952682,0.34611900006049159,0.769489940212662,0.36028137401965956,83.35763448952682,0.3542647819438875,2133594.2867263138,0.12107190290976831 
 03/27  19:20:00,4.796666666666667,88.66666666666667,4.066666666666667,0.0,0.0,0.0,0.0,1.0,2.0,0.0,0.0,4.0,0.0,0.0,0.0,3052.0,0.0,0.0,0.0,0.0,0.0,0.0,0.0,0.0,0.0,0.0,0.0,20.971651404054577,-1007.407923805568,20.99633769071034,-133.51105294558824,20.760488301347104,-671.8357140924943,19.829294629989016,214.4253408259042,16.11046864689606,23.369920172612866,19.402805953814565,-69.98023078052165,17.426240643118278,63.492025084214677,18.853943141771454,-301.2889668735957,16.23432167149136,-111.8134432222314,1013.180382897671,1105.8267787825942,0.0,0.0,0.0,0.0,0.0,0.0,0.0,0.0,0.0,0.0,0.0,0.0,0.0,0.0,0.0,0.0,0.0,0.0,0.0,0.0,0.0,0.0,1.5232656270502916,0.4649772976343992,188.9359332560732,222.8275392033545,6260.8870654431379,0.2041773321655294,0.031162596484360415,23.568260817586788,27.77824648047483,785.725633247861,2.2873623951417505,0.4322302333979121,255.49093312270427,301.6477022878408,8475.793663922163,0.36853039945066037,0.06963915333534773,259.5207134844843,307.26247897805998,8164.481845010667,0.0,0.0,10.297142679377818,12.372990251226743,237.0130249441795,0.0,0.0,14.209028215207692,16.854672327093824,425.0265613030055,0.0,0.0,246.72269471956686,294.90334270769247,6407.972067985844,0.0,0.0,48.77946357137546,57.72462816000041,1532.2251506442972,0.0,0.0,206.6369944610892,248.34586271603554,4732.37105017048,36.9104951428794,25.315840290040755,269.1915556553818,320.69571033256337,8535.310692098681,0.0,0.0,212.86233568742143,256.13253715767987,4735.367858517332,1085.4795061357946,21.42316495280719,33.33268817560943,21.5,30.0,0.0,21.413348034399254,40.7239702334617,21.0,30.0,1020.0588138264902,21.293872386083949,33.36744331016861,21.25,30.0,0.0,20.532905964332657,34.85599220339204,16.0,30.0,0.0,16.143708374841247,45.77498953265425,12.0,30.0,0.0,19.734328139214126,40.01641480546918,19.0,30.0,0.0,17.67041687344021,41.95517064589682,10.0,30.0,816.2227589481069,20.523679990822847,35.87950247945096,20.45,30.0,0.0,16.084460950401174,46.343628076211867,16.0,30.0,0.0,18.669056208388285,0.0,0.0,0.0,15.73317694873413,0.0,0.0,632.2139439712686,1044.1842137302147,619.0334004425117,613.6641555538375,617.7239178812306,834.8661854880078,632.5899908119005,680.4488457373972,632.9070210404798,9518.179802949986,81.71131584456319,83.45752271159127,270.0,0.0,270.0,270.0,21.0,16.0,19.0,16.0,19.7,12.0,21.0,10.0,1.0,0.0,1085.4795061357946,0.0,1020.0588138264902,0.0,0.0,0.0,816.2227589481069,0.0,2642.6668447469785,1585600.106848187,2058025.559544939,81.71131584456319,83.48717910120237,0.3430888948248993,0.7701311241177475,0.36028137401965956,83.48717910120237,0.3542647819438875,2058025.559544939,0.11715732909633683 
 03/27  19:30:00,4.734999999999999,89.0,3.92,0.0,0.0,0.0,0.0,1.0,2.0,0.0,0.0,4.0,0.0,0.0,0.0,3052.0,0.0,0.0,0.0,0.0,0.0,0.0,0.0,0.0,0.0,0.0,0.0,21.15265780985243,-1409.6335159885935,20.969448506589474,-84.33494317266157,20.87115046821347,-267.92120828562659,19.82100614108167,436.60833930198216,16.11278518477216,24.605884667848359,19.272432214045037,-80.36331484896178,17.46592208092433,110.60647686089806,18.628814189448325,-231.83202441667096,16.19579884970083,-119.82695158536308,1064.161460716889,1123.4771169014596,0.0,0.0,0.0,0.0,0.0,0.0,0.0,0.0,0.0,0.0,0.0,0.0,0.0,0.0,0.0,0.0,0.0,0.0,0.0,0.0,0.0,0.0,1.5290999171788263,0.4667582164770532,252.97082836038937,298.05901234685146,8619.197966141468,0.24867657988813597,0.03795430095972771,16.77506776899205,19.75402101704168,564.3376705490664,2.330535013353499,0.4403883245188019,287.8048253718999,339.8878367218486,9536.069559970074,0.3897225688391011,0.07364372049113777,306.84696626154297,363.22160849525627,9698.727000120341,0.0,0.0,10.998288026797339,13.217264696987604,254.55806264539786,0.0,0.0,15.612212971889849,18.534326305558765,463.2816136556388,0.0,0.0,259.86486505049279,310.4951524479825,6830.463181255507,0.0,0.0,44.68853845019977,53.00772813290693,1360.9161610317784,0.0,0.0,212.59331664394325,255.52897343746884,4876.690826969125,36.975877691154888,25.360684287486217,304.1935991605778,362.0658539870951,9723.807277338521,0.0,0.0,218.37366528663655,262.7929557647003,4867.3593596204859,1798.0095031525194,21.800509814684209,32.43118497241136,22.0,30.0,0.0,21.397606047815854,42.056710033791819,21.0,30.0,0.0,21.244435160553388,33.59455683477241,21.0,30.0,0.0,20.558587397758609,35.128314939437888,16.0,30.0,0.0,16.14500859685058,46.04993585605289,12.0,30.0,0.0,19.537736408481885,41.63527996238078,19.0,30.0,0.0,17.76779408834402,42.025114582448427,10.0,30.0,748.108862860976,19.967664863426067,37.44947757618069,20.2,30.0,0.0,16.03885915868022,47.02004757380127,16.0,30.0,0.0,18.94277944822402,0.0,0.0,0.0,15.69131582004516,0.0,0.0,622.8338088153889,1121.8511289305666,624.9948089946108,630.1638605886406,627.7893345596312,899.1626105290521,646.4043401309765,697.2566641902613,654.2262383498795,9312.858183900884,81.84707359663153,83.56406433976058,270.0,0.0,270.0,270.0,21.0,16.0,19.0,16.0,19.7,12.0,21.0,10.0,1.0,0.0,1798.0095031525194,0.0,0.0,0.0,0.0,0.0,748.108862860976,0.0,2598.4959657809697,1559097.5794685819,2019992.2062855215,81.84707359663153,83.593224542597,0.341616532192699,0.7685981327857809,0.36028137401965956,83.593224542597,0.3542647819438875,2019992.2062855215,0.11519459472684715 
 03/27  19:40:00,4.673333333333334,89.33333333333334,3.7733333333333336,0.0,0.0,0.0,0.0,1.0,2.0,0.0,0.0,4.0,0.0,0.0,0.0,1526.0,0.0,0.0,0.0,0.0,0.0,0.0,0.0,0.0,0.0,0.0,0.0,21.18028345354594,-1603.2243227035388,20.938083462429529,-109.20443495992333,20.88611182757377,-518.3732012603978,19.788345021958678,349.2925829488531,16.115054228226638,23.938240294468245,19.163141161816215,-71.70973191790279,17.444957280334788,73.36727454944412,19.054146710751817,-311.09085935409908,16.16297935210207,-114.65930857985268,1041.8775158653016,1165.9774915191129,0.0,0.0,0.0,0.0,0.0,0.0,0.0,0.0,0.0,0.0,0.0,0.0,0.0,0.0,0.0,0.0,0.0,0.0,0.0,0.0,0.0,0.0,1.522877723272813,0.4648588898879161,274.55891206725689,323.3475396876621,9369.28954155119,0.22488371470708796,0.03432291128008058,20.71084377099045,24.377341808632985,695.270570304641,2.4703120467540486,0.4668012182074924,284.9633765633271,335.58938040744956,9724.459098770792,0.39206887009901555,0.0740870880761556,303.91865948780989,359.3944863953898,9595.497076855618,0.0,0.0,10.636761847866664,12.76832787837654,247.60556529271396,0.0,0.0,14.787439703791926,17.539542548559635,436.2984886232832,0.0,0.0,261.0941701438676,311.7112708713475,6869.767151447204,0.0,0.0,46.70712442857197,55.16724619327107,1496.8927591991665,0.0,0.0,216.8504561307416,260.40918846085136,4986.991339465432,36.60241451019262,25.104536701092344,300.7240033429832,357.71110020346375,9544.001713637954,0.0,0.0,222.89403239961764,267.9436369906233,4999.8617127749789,1894.8295867867819,21.75557101471103,32.67523068516653,22.0,30.0,0.0,21.360176343251959,42.47883127266583,21.0,30.0,1421.231348490374,21.67562528141708,32.66822720011897,21.5,30.0,0.0,20.472100116761163,35.38398772575487,16.0,30.0,0.0,16.14664774509226,46.31415117346477,12.0,30.0,0.0,19.382049030667014,42.84281839156253,19.0,30.0,0.0,17.71472381675776,42.16581493113293,10.0,30.0,964.1684438290766,20.729238484670796,35.93870579455156,20.7,30.0,18.824438656194788,16.00209825979193,47.23074852359771,16.0,30.0,0.0,18.77633425776918,0.0,0.0,0.0,15.697165606378423,0.0,0.0,631.4843701386772,1142.8884642374397,621.2279440088494,633.575999433099,637.5552842498394,948.2923234769216,646.0299485069382,707.6541867776239,657.9071317974375,8962.461039854174,82.07873279611182,82.07873279611182,270.0,0.0,270.0,270.0,21.0,16.0,19.0,16.0,19.7,12.0,21.0,10.0,1.0,0.0,1894.8295867867819,0.0,1421.231348490374,0.0,0.0,0.0,964.1684438290766,18.824438656194788,0.0,0.0,0.0,82.07873279611182,82.07873279611182,0.34,0.7719143173645038,0.36028137401965956,82.07873279611182,0.3542647819438875,0.0,0.01017 
 03/27  19:50:00,4.611666666666666,89.66666666666666,3.6266666666666667,0.0,0.0,0.0,0.0,1.0,2.0,0.0,0.0,4.0,0.0,0.0,0.0,3052.0,0.0,0.0,0.0,0.0,0.0,0.0,0.0,0.0,0.0,0.0,0.0,21.136754739000684,-1120.5346494117237,20.91100260670622,-115.24357217779866,20.594768640328274,-561.7105625480795,19.829586206277335,365.9866378102188,16.116717603174008,24.11046521116414,19.093116532297118,-49.48585050865998,17.573766649126726,238.1314275885295,18.725420557977189,-189.34699102441415,16.742895792103334,-442.16347548884098,1038.5267074462004,1029.7078908076167,0.0,0.0,0.0,0.0,0.0,0.0,0.0,0.0,0.0,0.0,0.0,0.0,0.0,0.0,0.0,0.0,0.0,0.0,0.0,0.0,0.0,0.0,1.5617355758323506,0.4767202612430863,215.55705105503857,254.36893163349928,7320.900834501971,0.2231646271161022,0.03406053527413037,21.951094222829974,25.858543605633938,737.794786415517,2.4550457720492115,0.46391643462759116,288.15927151761096,340.458285047512,9581.53282929915,0.3866390111087368,0.07306103762447783,295.84569190071559,350.30334576297369,9423.008059926513,0.0,0.0,10.675239305544464,12.82957307551532,249.82501687699804,0.0,0.0,14.158625592046969,16.821684777799314,417.23205304586608,0.0,0.0,215.33680668419209,257.1949914487222,5793.331802976867,0.0,0.0,40.328705816002379,47.83689684757979,1241.2796208349999,0.0,0.0,169.76883897792758,203.490020216446,4230.541839172539,36.37612650573956,24.949332308463356,296.1839978583241,352.81993326158416,9462.220739393568,0.0,0.0,174.4510819157577,210.16021962905678,3855.615653557335,1450.5440636357985,21.658888924291636,33.22252363550935,21.75,30.0,0.0,21.332730513283879,42.79168272394098,21.0,30.0,291.6719815552014,21.162161086800109,33.715649771698767,21.0,30.0,0.0,20.55107557950533,35.25796734755173,16.0,30.0,0.0,16.14779576525183,46.47305955701269,12.0,30.0,0.0,19.299771751495834,43.5234231622761,19.0,30.0,0.0,17.97933215335647,41.602718862705099,10.0,30.0,387.1718314170531,19.97314372681108,37.805803892845698,19.95,30.0,1018.7626951887284,16.932402841531414,44.672608642490349,16.75,30.0,0.0,18.778227299172394,0.0,0.0,0.0,15.436677868438427,0.0,0.0,651.8593676674909,1158.8591597471205,621.537659120586,635.7064927170411,643.5564100690586,977.3441434096126,651.2460113593542,713.1188457494397,664.3233237668226,8631.758206197395,82.29737920570169,84.06449329206882,270.0,0.0,270.0,270.0,21.0,16.0,19.0,16.0,19.7,12.0,21.0,10.0,1.0,0.0,1450.5440636357985,0.0,291.6719815552014,0.0,0.0,0.0,387.1718314170531,1018.7626951887284,2674.274801131443,1604564.8806788659,2083571.8300714964,82.29737920570169,84.09450475567151,0.3441424933710481,0.7696869124488948,0.36028137401965956,84.09450475567151,0.3542647819438875,2083571.8300714964,0.11860573516371781 
 03/27  20:00:00,4.55,90.0,3.48,0.0,0.0,0.0,0.0,1.0,2.0,0.0,0.0,4.0,0.0,0.0,0.0,3052.0,0.0,0.0,0.0,0.0,0.0,0.0,0.0,0.0,0.0,0.0,0.0,21.265227523418259,-648.3998397979409,20.883511807050593,-77.89373674437585,21.00342110256001,-2048.6116811297999,19.946813612691146,642.6078216749538,16.120309949741328,27.342689255456678,19.039627785573907,-54.5042655492182,17.59103091699395,95.22056767164304,19.138350265220504,-273.7720427703932,16.485002545949216,-322.8637153348491,1180.2759790406722,1262.1924921667765,0.0,0.0,0.0,0.0,0.0,0.0,0.0,0.0,0.0,0.0,0.0,0.0,0.0,0.0,0.0,0.0,0.0,0.0,0.0,0.0,0.0,0.0,1.605599854025398,0.4901098455510983,204.30191669260479,240.95786667128574,7108.039963951157,0.26844245183381,0.04097107018220544,15.251367074262483,18.006150357849326,517.3005633876331,2.160260824292807,0.4082125518315963,428.8244598799605,505.80539803718048,14724.14266251267,0.4008605682946277,0.07574840670722366,357.8723233511261,423.2441414002454,11597.988011169298,0.0,0.0,10.891312620953848,13.085794960101529,256.3798611811412,0.0,0.0,15.102853693084159,17.938140690592765,445.20186416425249,0.0,0.0,246.7495976046581,294.66989107438089,6662.049899864507,0.0,0.0,48.717131797130807,57.62553651612412,1568.9239088691787,0.0,0.0,205.64990160639835,246.86346998009118,4961.560605109678,36.417967017195,24.978029504248977,420.8705061636011,500.6680278191869,13455.718172074216,0.0,0.0,211.75023501235774,254.86565113772412,4793.606567863832,995.9260374313045,21.95877515733348,32.95182318549576,22.0,30.0,0.0,21.304430919823504,43.048973011903587,21.0,30.0,3000.8077570900288,21.839513974041777,32.85862702715035,22.0,30.0,0.0,20.78207842990514,35.59216932336062,16.0,30.0,0.0,16.153204261397116,46.8217246211303,12.0,30.0,0.0,19.240813200424915,44.441086399858708,19.0,30.0,0.0,17.946881712375054,42.19484829553605,10.0,30.0,895.473892506147,20.68551865440086,36.46932042742869,20.45,30.0,0.0,16.452883262436726,46.5241470581204,16.0,30.0,0.0,19.150769797926775,0.0,0.0,0.0,15.66257386903964,0.0,0.0,672.6067523633425,1171.8468087921336,651.7856930429701,681.850441664537,658.6612876663835,1021.1532437617301,674.8037562238912,730.0443797790446,683.2846690993052,8745.0359758843,82.22255701754826,82.22255701754826,270.0,0.0,270.0,270.0,21.0,16.0,19.0,16.0,19.7,12.0,21.0,10.0,1.0,0.0,995.9260374313045,0.0,3000.8077570900288,0.0,0.0,0.0,895.473892506147,0.0,0.0,0.0,0.0,82.22255701754826,82.22255701754826,0.34,0.7708267480868263,0.36028137401965956,82.22255701754826,0.3542647819438875,0.0,0.010350000000000002 
 03/27  20:10:00,4.553333333333333,90.33333333333333,3.413333333333333,0.0,0.0,0.0,0.0,0.0,2.0,0.0,0.0,4.0,0.0,0.0,0.0,3817.0,0.0,0.0,0.0,0.0,0.0,0.0,0.0,0.0,0.0,0.0,0.0,21.029799386859759,-561.0157982002957,20.87275411684081,-118.15744689261122,20.96419868173063,-1211.190793060094,19.977656787795185,289.8336599368666,16.123533644412129,24.4484755021247,19.076477046450124,-52.376727781524639,17.530626269019863,24.497782672588074,18.4754902259617,-162.36332159118468,16.29183579401527,-206.72225090811228,1000.6264951986134,1152.5530103850222,0.0,0.0,0.0,0.0,0.0,0.0,0.0,0.0,0.0,0.0,0.0,0.0,0.0,0.0,0.0,0.0,0.0,0.0,0.0,0.0,0.0,0.0,1.6291905037951736,0.4973108985943754,135.91603507391484,160.5690571045169,4595.606680657604,0.230481130804635,0.035177217766275189,21.676435773498473,25.554638664208129,730.0136940126403,2.469443846335752,0.46663715917153317,260.9533732480436,307.9412572800782,8896.245773550954,0.3685097051323182,0.06963524284435338,257.8555825386949,305.05654104700468,8349.557059923462,0.0,0.0,10.254739756905192,12.326109160021137,241.41529743176319,0.0,0.0,13.974676867135614,16.60372472046226,413.1466174834297,0.0,0.0,247.1777338410369,295.37793286881296,6615.0502655839759,0.0,0.0,39.96011778836405,47.479414650122638,1202.874788850576,0.0,0.0,204.88603650414826,246.23628879408816,4830.970606609339,35.84158071464648,24.582702822116933,263.3234485896206,313.59175501614319,8577.804466318452,0.0,0.0,210.29687679558783,253.3056491035794,4699.274964573223,797.2495732382554,21.43576340043298,34.492373401244829,21.4,30.0,0.0,21.29572361802362,43.93055532441651,21.0,30.0,1598.9268756871298,21.48688490383653,33.64188591080541,21.4,30.0,0.0,20.75176643824937,35.42592821536999,16.0,30.0,0.0,16.15754552836899,47.12885530004297,12.000000000000002,30.0,0.0,19.28784310001111,44.66341930213282,19.0,30.0,0.0,17.823283598433837,42.88059442106922,10.0,30.0,0.0,19.527299824195539,38.643869647830438,12.000000000000002,30.0,0.0,16.17596329934931,47.574658696224307,16.0,30.0,0.0,18.70375799082231,0.0,0.0,0.0,15.527838448987993,0.0,0.0,698.6460896651465,1222.7579384220592,653.6257010347572,668.2188978062709,671.5949022283231,1042.7449151662987,690.9508211165614,698.105704602776,692.253441031286,6027.490332905758,81.12177031451796,82.52837465958692,570.0,0.0,570.0,570.0,21.0,16.0,19.0,16.0,12.0,12.0,21.0,10.0,1.0,0.0,797.2495732382554,0.0,1598.9268756871298,0.0,0.0,0.0,0.0,0.0,2128.7057768045694,1277223.4660827416,2060001.4054406284,81.12177031451796,82.55226347097215,0.206956859226819,0.4310434128696594,0.21616882441179575,82.55226347097215,0.21255886916633252,2060001.4054406284,0.1291600730829127 
 03/27  20:20:00,4.556666666666667,90.66666666666667,3.3466666666666669,0.0,0.0,0.0,0.0,0.0,2.0,0.0,0.0,4.0,0.0,0.0,0.0,2293.0,0.0,0.0,0.0,0.0,0.0,0.0,0.0,0.0,0.0,0.0,0.0,21.02817929466064,-710.2535691482971,20.836804163308075,-131.4881665942724,20.89463065072806,-869.677850451238,19.86491898094777,190.90666527674262,16.120502193413786,21.152122681154454,19.134015210978075,-56.58412426084459,17.428090918941338,28.978708258933076,17.81800348905403,-73.04300167232715,16.6123728515361,-377.332325343928,967.4236822585584,1101.7317406139139,0.0,0.0,0.0,0.0,0.0,0.0,0.0,0.0,0.0,0.0,0.0,0.0,0.0,0.0,0.0,0.0,0.0,0.0,0.0,0.0,0.0,0.0,1.6262249734813786,0.4964056695608602,145.5377780494716,171.767431080492,4896.069435330598,0.21347919489286378,0.032582294702818027,24.420369306585039,28.772711007537738,818.4528617197709,2.6322634967834395,0.4974042888857595,224.79358918631113,265.3285800354967,7603.1823743771469,0.3641352877167734,0.0688086333553993,243.00599718073608,287.61173083304387,7764.224700383407,0.0,0.0,9.803012008876007,11.777230166001349,230.64237298508977,0.0,0.0,13.310639101135332,15.798628269370554,395.8953263794042,0.0,0.0,249.99066057221794,298.75886487825417,6606.979345655235,0.0,0.0,29.803040377215369,35.531662186886659,833.575581411129,0.0,0.0,204.34426444344389,245.24980977958826,4913.557533373556,35.332579451372478,24.23359358804696,239.87988253849984,285.78840040252308,7780.678707195908,0.0,0.0,208.28265847529895,250.93437350876668,4564.109252247828,922.7288807530946,21.437753786532914,34.6971068730238,21.333333333333326,29.99999999999999,0.0,21.24400666203968,43.30608363474839,20.999999999999994,29.99999999999999,1226.6372111077135,21.355848111013758,34.131887155472437,21.333333333333326,29.99999999999999,0.0,20.536044559513149,36.11540774430534,15.999999999999993,29.99999999999999,0.0,16.151660714426734,47.476182425892819,11.999999999999995,29.99999999999999,0.0,19.381839333328636,44.946986513098099,18.999999999999994,29.99999999999999,0.0,17.6510456129185,43.488478665135378,9.999999999999997,29.99999999999999,0.0,18.42440905244059,41.338066314867138,11.999999999999995,29.99999999999999,1019.0350612755254,16.42012734703351,47.0350181456271,16.33333333333333,29.99999999999999,0.0,18.621900172766887,0.0,0.0,0.0,15.309009548921673,0.0,0.0,709.8049966124443,1177.679708886587,665.1106857949512,679.4069179924572,685.0906753701206,1074.2326822583917,696.88494497647,693.855104637742,698.6835227158213,7181.302670502771,81.30167378721402,83.73824068182742,569.9999999999998,0.0,569.9999999999998,569.9999999999998,21.0,16.0,19.0,16.0,12.0,12.0,21.0,10.0,1.0,0.0,922.7288807530946,0.0,1226.6372111077135,0.0,0.0,0.0,0.0,1019.0350612755254,3687.266792054217,2212360.075232531,2862881.7656289318,81.30167378721402,83.77962167654494,0.2362422264018072,0.46350307014887628,0.24018758267977295,83.77962167654494,0.2361765212959249,2862881.7656289318,0.17071985181270447 
 03/27  20:30:00,4.5600000000000009,91.0,3.2800000000000004,0.0,0.0,0.0,0.0,0.0,2.0,0.0,0.0,4.0,0.0,0.0,0.0,3060.0,0.0,0.0,0.0,0.0,0.0,0.0,0.0,0.0,0.0,0.0,0.0,21.15145293188359,-1440.5127042616626,20.81127418157554,-98.80872717894673,20.58782206811457,-362.60756150167119,19.802098736239097,336.96587590825768,16.11619268142522,21.277881028347325,19.17089260292944,-57.684515413420999,17.580021106960495,276.63304240322989,17.45710198751634,-18.189159683063268,16.698303236084198,-470.7686037757999,1018.7678026551048,959.3151314773124,0.0,0.0,0.0,0.0,0.0,0.0,0.0,0.0,0.0,0.0,0.0,0.0,0.0,0.0,0.0,0.0,0.0,0.0,0.0,0.0,0.0,0.0,1.5790354932353937,0.48200106631117026,253.32484883089013,298.68297733243807,8647.264838222663,0.2440527813071536,0.03724859299559732,19.13437489365283,22.569120754764165,642.7398221852875,2.7726114520139575,0.5239250665181328,278.70616049421587,329.35940906824126,9284.61282094867,0.39151620224582719,0.07398265348560601,288.99752545378927,342.2906427297378,9184.693431791355,0.0,0.0,10.61637280536483,12.759140244323227,249.58781825626006,0.0,0.0,13.872594975562676,16.469886101635674,414.1075563135326,0.0,0.0,216.40035666324909,258.40076215957648,5857.874328646853,0.0,0.0,15.199833638552946,18.17060046146617,409.0958267337283,0.0,0.0,159.1311272870641,190.85260532464114,3913.2004026864299,35.115768763271869,24.084889412394977,295.23024947141007,351.68841517593418,9427.011969409457,0.0,0.0,160.9781868005633,194.19169724415895,3435.9772033031229,1566.465216294339,21.634964736660053,33.67849737163405,22.0,30.0,0.0,21.215606721992509,43.28687687911206,21.0,30.0,35.69178254924303,21.119665716486595,34.641550243145598,21.0,30.0,0.0,20.456865015166256,36.267839640202797,16.0,30.0,0.0,16.14549151336894,47.71831957494363,12.0,30.0,0.0,19.441998639690099,45.09156696310997,19.0,30.0,0.0,17.98629150237784,42.60019341350072,10.0,30.0,0.0,17.87207410291978,42.88956894216254,12.0,30.0,0.0,16.712349039005664,46.34509091829845,16.0,30.0,0.0,18.779142124785996,0.0,0.0,0.0,15.000445304207999,0.0,0.0,672.4885033263909,1172.9782100726639,665.8138946323863,676.8088304612605,693.6175871162676,1090.4929821431359,695.9645423289113,697.6349681886034,706.7338779811375,7876.725499213666,82.7966537503152,82.7966537503152,570.0,0.0,570.0,570.0,21.0,16.0,19.0,16.0,12.0,12.0,21.0,10.0,1.0,0.0,1566.465216294339,0.0,35.69178254924303,0.0,0.0,0.0,0.0,0.0,0.0,0.0,0.0,82.7966537503152,82.7966537503152,0.34,0.7680946609246695,0.36028137401965956,82.7966537503152,0.3542647819438875,0.0,0.02166 
 03/27  20:40:00,4.5633333333333339,91.33333333333333,3.2133333333333335,0.0,0.0,0.0,0.0,0.0,2.0,0.0,0.0,4.0,0.0,0.0,0.0,3060.0,0.0,0.0,0.0,0.0,0.0,0.0,0.0,0.0,0.0,0.0,0.0,21.194967003866176,-560.1878745163342,20.809361190567416,-73.32884342718859,21.117372893947296,-2166.556206755957,19.95261119105211,659.2739808341311,16.115669120199777,24.83749689239584,19.192054897385306,-68.1570477656031,17.60394825514246,53.00728169604052,17.184541800282248,-32.6356588068528,16.34244665204422,-317.4245219615476,1159.9395418925338,1159.0412970753963,0.0,0.0,0.0,0.0,0.0,0.0,0.0,0.0,0.0,0.0,0.0,0.0,0.0,0.0,0.0,0.0,0.0,0.0,0.0,0.0,0.0,0.0,1.62593295229334,0.4963165300040723,203.21504736880386,239.6919681273219,6974.807532506786,0.2765220617525647,0.04220422187920708,14.970079274473712,17.65294890540827,505.93253161951648,2.528043530406835,0.4777104176883668,430.66767755995968,507.7486167135265,14844.035328182328,0.40704171701382826,0.0769164242278587,363.6612290541591,430.30040568558027,11758.6946634911,0.0,0.0,10.550275162146538,12.68090788446822,248.0241083938689,0.0,0.0,14.659542346001502,17.405454356440207,438.44904380961796,0.0,0.0,258.59485363150318,308.8810066323236,6982.53368344834,0.0,0.0,11.223339033952842,13.429239451132764,292.7001338540905,0.0,0.0,200.54089179602517,240.98686807208524,4733.4588885219,35.09020262183418,24.067354335963104,417.93168981644376,496.9400796950832,13381.011631751931,0.0,0.0,206.64766646222558,249.12655770390303,4508.125462728838,703.0126920685366,21.64716244708612,33.83387460019641,21.500000000000008,30.00000000000001,0.0,21.22522717522676,44.466322843756937,21.000000000000008,30.00000000000001,3119.470870426611,21.850462219115739,33.03631040074312,22.000000000000008,30.00000000000001,0.0,20.757990109189575,35.566195903536847,16.000000000000008,30.00000000000001,0.0,16.147560357789119,47.802146746905247,12.000000000000004,30.00000000000001,0.0,19.47536167791621,44.95580969882881,19.000000000000008,30.00000000000001,0.0,17.955403334622468,42.6978883811331,10.000000000000004,30.00000000000001,0.0,17.471406074252074,44.04867847203459,12.000000000000004,30.00000000000001,0.0,16.195895955777176,47.88682975985795,16.000000000000008,30.00000000000001,0.0,19.264394834564926,0.0,0.0,0.0,15.26377862162469,0.0,0.0,681.2703865388422,1244.543321817164,657.2001875299193,672.0914842339485,695.5892443706874,1085.6623179945912,695.1325442753674,699.8001586399579,704.2113301450996,9775.498084520801,81.54114142868771,85.00913280411723,570.0000000000002,0.0,570.0000000000002,570.0000000000002,21.0,16.0,19.0,16.0,12.0,12.0,21.0,10.0,1.0,0.0,703.0126920685366,0.0,3119.470870426611,0.0,0.0,0.0,0.0,0.0,5248.40789536199,3149044.737217194,4105960.9387037327,81.54114142868771,85.0680308106133,0.3449469298453998,0.766924192581999,0.36028137401965967,85.0680308106133,0.35426478194388769,4105960.9387037327,0.23497996881259412 
 03/27  20:50:00,4.566666666666666,91.66666666666667,3.1466666666666667,0.0,0.0,0.0,0.0,0.0,2.0,0.0,0.0,4.0,0.0,0.0,0.0,3060.0,0.0,0.0,0.0,0.0,0.0,0.0,0.0,0.0,0.0,0.0,0.0,21.150737941042317,-724.3672616490595,20.80273215492492,-95.62300502854731,21.088063717913849,-1459.6930761895774,19.976953896159708,310.3538105720906,16.112383819048455,21.167587137657507,19.207336197831645,-61.2043757046369,17.514349484587095,147.3305376610797,16.960412573666845,-43.28449504121713,16.545056116771648,-397.67313928671799,966.0822939826975,1006.3552172654004,0.0,0.0,0.0,0.0,0.0,0.0,0.0,0.0,0.0,0.0,0.0,0.0,0.0,0.0,0.0,0.0,0.0,0.0,0.0,0.0,0.0,0.0,1.6391812988831636,0.5003605918446775,218.22206379749603,257.34709944029268,7488.561222791691,0.24853528173892104,0.037932735308138138,19.907577579277246,23.507162996303234,668.295856520461,2.7596554628005358,0.5214768448224748,327.6200795586842,386.2853469196596,11195.07456478238,0.37629699280680176,0.07110676356893454,226.13522563097772,267.2538739914657,7308.0691364604949,0.0,0.0,10.32517598996743,12.408437282795655,242.6128259071919,0.0,0.0,14.722570646269024,17.474602062171515,441.07570085168336,0.0,0.0,234.21489319481098,279.97269041333888,6248.6678081995519,0.0,0.0,13.378069151253073,16.018247012729789,340.1920321475021,0.0,0.0,174.24353776909175,209.28804507317708,4195.6768877675599,34.58429615125617,23.72036773062838,324.6795182660279,385.89038420592609,10572.099445196369,0.0,0.0,183.1207449309594,221.00588655829777,3914.4594492995877,997.2461853574978,21.575418147257709,34.304341442127398,21.5,30.0,0.0,21.215918856329937,44.26164570282657,21.0,30.0,1864.3424566017675,21.69149581217085,33.22219425078282,21.5,30.0,0.0,20.705936890739708,35.74101661600925,16.0,30.0,0.0,16.143809377871219,48.015952226078997,12.0,30.0,0.0,19.503083737405356,45.248987785186617,19.0,30.0,0.0,17.804186022777217,43.30134967948247,10.0,30.0,0.0,17.15464140145244,45.02658823023421,12.0,30.0,927.5701866784946,16.493848217223673,47.136343412841998,16.5,30.0,0.0,18.973761704047044,0.0,0.0,0.0,15.024717126708947,0.0,0.0,697.2526411567715,1228.6466214684629,644.787678386133,672.6988482065958,703.2561722951659,1102.2100977507785,701.8304441575376,702.6723779169923,708.0201103036498,10116.15287452714,81.31582732306547,84.9137110817082,570.0,0.0,570.0,570.0,21.0,16.0,19.0,16.0,12.0,12.0,21.0,10.0,1.0,0.0,997.2461853574978,0.0,1864.3424566017675,0.0,0.0,0.0,0.0,927.5701866784946,5444.77639989349,3266865.8399360936,4263188.148760086,81.31582732306547,84.97481509208433,0.35149254666311638,0.7650709916340921,0.36028137401965956,84.97481509208433,0.3542647819438875,4263188.148760086,0.24350411706885784 
 03/27  21:00:00,4.57,92.0,3.08,0.0,0.0,0.0,0.0,0.0,2.0,0.0,0.0,4.0,0.0,0.0,0.0,3060.0,0.0,0.0,0.0,0.0,0.0,0.0,0.0,0.0,0.0,0.0,0.0,20.939722152452818,-252.19388040747368,20.785371334905216,-130.8399104156456,21.141289797162356,-2083.207597386452,19.963718583501028,340.164518413801,16.107080553921997,20.87729728466458,19.229789240356625,-28.93762018858115,17.6637928149085,122.93108068922447,16.7268656833856,-99.84227156038489,16.775525412114285,-465.1310983254648,941.9124768425611,1096.1630255919882,0.0,0.0,0.0,0.0,0.0,0.0,0.0,0.0,0.0,0.0,0.0,0.0,0.0,0.0,0.0,0.0,0.0,0.0,0.0,0.0,0.0,0.0,1.727731143641229,0.5273904589869441,196.35016159020248,231.71812397543557,6618.305052906083,0.22726510870450135,0.034686371902396418,26.20635194423027,30.92453764124675,875.2449867478797,2.639649302945606,0.4987999438672726,330.95957187481369,390.3607038089233,11216.606038036729,0.3599243434044796,0.06801291447552523,222.73104553236645,263.30283551290025,7186.162278135063,0.0,0.0,9.451585617045503,11.361563248162807,221.93375735770639,0.0,0.0,12.530632185534353,14.872904372392627,376.3680000192795,0.0,0.0,213.61672021632789,255.07843936847343,5811.323439512644,0.0,0.0,26.374398258408726,31.63457534405356,653.7334543513066,0.0,0.0,145.08769086490936,173.96599431490507,3609.236944294967,34.12716969384445,23.406837924447509,322.88030326719277,383.6397245453095,10497.669496731998,0.0,0.0,168.51633282341923,203.38380733971719,3576.6190136080406,610.0509583048274,21.266086233949517,35.27905983931318,21.25,30.0,0.0,21.190791647961058,43.727315347258969,21.0,30.0,2312.59784053264,21.606166542058486,33.11129285852644,21.5,30.0,0.0,20.67136567116963,35.70456868854264,16.0,30.0,0.0,16.138260025165378,48.22900371261919,12.0,30.0,0.0,19.545865953719024,45.763918755608369,19.0,30.0,0.0,18.065982168159615,42.819751369024817,10.0,30.0,0.0,16.8068552412192,46.24438735722198,12.0,30.0,301.80321863917757,16.861359550469858,46.19977019666194,16.5,30.0,0.0,18.717514514376487,0.0,0.0,0.0,14.966434924904944,0.0,0.0,711.7932225250323,1190.0986677993224,622.4771790797181,661.6674571833697,710.091177026361,1133.8188217385633,710.3817938694576,709.688310427943,713.2275237149386,9217.06977680891,81.91024592562555,83.88063787840692,570.0,0.0,570.0,570.0,21.0,16.0,19.0,16.0,12.0,12.0,21.0,10.0,1.0,0.0,610.0509583048274,0.0,2312.59784053264,0.0,0.0,0.0,0.0,301.80321863917757,2981.5524422006358,1788931.4653203814,2325342.575864032,81.91024592562555,83.91410167501752,0.35438508140668786,0.7701741933548305,0.36028137401965956,83.91410167501752,0.3542647819438875,2325342.575864032,0.14308448061159632 
 03/27  21:10:00,4.465,92.33333333333334,2.955,0.0,0.0,0.0,0.0,0.0,2.0,0.0,0.0,4.0,0.0,0.0,0.0,2295.0,0.0,0.0,0.0,0.0,0.0,0.0,0.0,0.0,0.0,0.0,0.0,20.96277428795703,-470.6372036576588,20.76953801487558,-86.68234487830674,21.206160501871478,-1756.237473403029,20.006146934151944,396.4207246263071,16.102346014232798,23.859810592204874,19.244966394451553,-51.85774935500471,17.64345786200016,76.54789868296695,16.528037910826769,-78.02879068847158,16.42508679330931,-348.97981704520046,1073.2671811444587,1197.0513549715614,0.0,0.0,0.0,0.0,0.0,0.0,0.0,0.0,0.0,0.0,0.0,0.0,0.0,0.0,0.0,0.0,0.0,0.0,0.0,0.0,0.0,0.0,1.6817357576303312,0.5133503533670121,267.7817380524706,316.05099357733908,8994.684012951815,0.2647362486231116,0.040405410351512769,18.99099479352106,22.391409426167255,641.0605889898193,2.8654204162094247,0.5414626636828092,433.1967392285841,510.4759582789017,14973.136251864873,0.3885390641006534,0.07342008013995716,291.72888525009946,344.99970435118896,9497.99283852263,0.0,0.0,10.117399609930374,12.158223615800424,239.67313313785614,0.0,0.0,13.894474349690672,16.4814866244686,420.9241247602861,0.0,0.0,247.56018421288429,295.5218372841707,6762.79100941752,0.0,0.0,26.288034590447514,31.546294175827059,642.9824735685038,0.0,0.0,173.95502871561696,208.86419417274954,4175.230907271971,33.931220150375128,23.27244180409817,422.81871560303127,502.0251732618613,13761.57240049816,0.0,0.0,198.57575724242464,239.36415863748904,4334.012977855733,480.6423265265172,21.402022639407347,34.53806304656476,21.0,30.0,0.0,21.175083711113588,43.83854351749082,21.0,30.0,2305.655777009186,21.692090979857228,33.31196625628105,22.0,30.0,0.0,20.738321924366983,35.53501980181776,16.0,30.0,0.0,16.134862951287649,48.40554793132774,12.0,30.0,0.0,19.569966494133216,46.02670086817136,19.0,30.0,0.0,18.015054323157384,42.909564012708909,10.0,30.0,0.0,16.531363538464054,47.27215324131411,12.0,30.0,0.0,16.30724607679898,48.035704207842929,16.0,30.0,0.0,19.451645358926517,0.0,0.0,0.0,15.15389056619858,0.0,0.0,683.4591784988479,1192.0041386986298,644.3274479139876,658.3253646148228,715.3839355602289,1149.2306112439777,706.7316734216377,717.1607514899238,719.6269035366905,9574.484428592807,81.67404941938081,81.67404941938082,570.0,0.0,570.0,570.0,21.0,16.0,19.0,16.0,12.0,12.0,21.0,10.0,1.0,0.0,480.6423265265172,0.0,2305.655777009186,0.0,0.0,0.0,0.0,0.0,0.0,0.0,0.0,81.67404941938081,81.67404941938081,0.34,0.7691061896004554,0.36028137401965956,81.67404941938081,0.3542647819438875,0.0,0.022515 
 03/27  21:20:00,4.36,92.66666666666667,2.83,0.0,0.0,0.0,0.0,0.0,2.0,0.0,0.0,4.0,0.0,0.0,0.0,3060.0,0.0,0.0,0.0,0.0,0.0,0.0,0.0,0.0,0.0,0.0,0.0,21.056477839690748,-767.1045644810245,20.770032775047583,-80.69355626265517,21.15887742103773,-1300.806529974851,20.01281595937762,330.8189787345068,16.09741554457692,21.713042608603247,19.24162930705897,-66.57694016518208,17.501400692549838,56.20476499385131,16.397027784072358,-59.9032751781817,16.569178103016755,-352.5991129693889,995.079056533446,1166.9135755076214,0.0,0.0,0.0,0.0,0.0,0.0,0.0,0.0,0.0,0.0,0.0,0.0,0.0,0.0,0.0,0.0,0.0,0.0,0.0,0.0,0.0,0.0,1.696166957705687,0.5177554815951426,209.18487320433878,246.65403868466957,7245.55940721858,0.26859689009316758,0.04099464134511105,18.362363042760987,21.670646355998096,624.3885330980398,3.007280463022568,0.5682691729067592,345.40415175895807,407.3292387101708,11982.057870484437,0.3884319500083076,0.07339983938176635,275.3793302824968,325.8090409261497,9013.760739611485,0.0,0.0,10.007206714974295,12.029597667046609,239.1121317270542,0.0,0.0,13.817127693887266,16.396826031187066,421.39014082601929,0.0,0.0,260.8246983168089,311.78045963959098,7056.233171355682,0.0,0.0,25.36931278574169,30.472420176560694,618.1232644976579,0.0,0.0,187.5415341655167,225.32661962928558,4535.283429191948,33.54868908301017,23.01007481687941,337.6636814560702,401.36977487848619,11131.180789299811,0.0,0.0,210.6923770790882,254.12785927093416,4640.446975537536,1317.406960500359,21.625260194141246,34.118737997901437,21.75,30.0,0.0,21.182878946513914,43.972256789873018,21.0,30.0,1638.4034519441312,21.55884279503035,33.74459573581069,21.5,30.0,0.0,20.723594022165555,35.76281862791677,16.0,30.0,0.0,16.130988589783795,48.52606301052681,12.0,30.0,0.0,19.56656003210952,46.08342323311781,19.0,30.0,0.0,17.765864113535615,43.62005457599703,10.0,30.0,0.0,16.37330771790679,47.8455548583105,12.0,30.0,757.4376579944258,16.273719025362838,48.19229627570744,16.25,30.0,0.0,19.219905091799757,0.0,0.0,0.0,15.158690346830367,0.0,0.0,686.0068169955131,1199.806855262961,654.1404149435828,669.2342690844187,718.4410012155072,1149.1707298746508,706.6440432729029,719.6391622400522,719.6274908630206,9117.364286569617,81.97635503635675,81.97635503635675,570.0,0.0,570.0,570.0,21.0,16.0,19.0,16.0,12.0,12.0,21.0,10.0,1.0,0.0,1317.406960500359,0.0,1638.4034519441312,0.0,0.0,0.0,0.0,757.4376579944258,0.0,0.0,0.0,81.97635503635675,81.97635503635675,0.34,0.7693951908045411,0.36028137401965956,81.97635503635675,0.3542647819438875,0.0,0.022039999999999998 
 03/27  21:30:00,4.255,93.0,2.705,0.0,0.0,0.0,0.0,0.0,2.0,0.0,0.0,4.0,0.0,0.0,0.0,3060.0,0.0,0.0,0.0,0.0,0.0,0.0,0.0,0.0,0.0,0.0,0.0,21.038234235414835,-621.0610764523908,20.768122931897808,-75.18098490278023,21.21829654224633,-1286.8246995788985,19.998366705496339,361.1350943180347,16.09061829023527,23.220577667606308,19.240088828722777,-42.829560181320648,17.635220007836965,239.68954004784883,16.26193175853205,-93.05572048859557,16.77798547559787,-456.9664472012586,990.8910999183122,1107.123111348098,0.0,0.0,0.0,0.0,0.0,0.0,0.0,0.0,0.0,0.0,0.0,0.0,0.0,0.0,0.0,0.0,0.0,0.0,0.0,0.0,0.0,0.0,1.7299432568443028,0.5280657072174306,214.98976061440309,254.24849643583878,7340.685699481933,0.2671544236172129,0.040774484679061809,21.04489600436078,24.840517526285514,718.729516016617,3.1558977940851058,0.5963525687991509,337.1180780116854,397.89619357928219,11719.079962641557,0.3929859545897531,0.07426038446518386,238.69144702020999,282.1956671705026,7860.907435031366,0.0,0.0,10.20786278959612,12.271314919297524,245.96745828149398,0.0,0.0,13.81337988087568,16.39202344636967,424.3619641907294,0.0,0.0,223.93590387161928,267.46143781438658,6225.584737861653,0.0,0.0,35.85460988025426,43.09852488621975,868.706295553944,0.0,0.0,143.40571594482703,171.9742763016693,3662.076142440739,33.29545246981365,22.83638715350731,344.78090145233457,410.0317298929279,11407.717666678675,0.0,0.0,172.49619535966685,208.17976147869036,3792.1963178338539,916.2242445917755,21.482984572597638,34.64238210523596,21.5,30.0,0.0,21.185454672830514,44.093710695888137,21.0,30.0,1724.019775010962,21.70817637378137,33.351466302737687,21.5,30.0,0.0,20.688907487502847,36.017908673517869,16.0,30.0,0.0,16.124963173475707,48.59034145141388,12.0,30.0,0.0,19.57284113487247,46.142924415566969,19.0,30.0,0.0,18.04374739003974,42.963183820524,10.0,30.0,0.0,16.19193430599948,48.42988696271537,12.0,30.0,320.8319526103031,16.867668922187943,46.38750161877676,16.5,30.0,0.0,19.15872779326372,0.0,0.0,0.0,15.01312460581601,0.0,0.0,699.0993008972059,1207.4004843580224,649.4642524937016,679.6351389845721,718.0996929683886,1150.7664903425865,709.2787784877186,718.2199900427768,716.8631193366119,8701.35138412319,82.25139598778782,83.98832092311985,570.0,0.0,570.0,570.0,21.0,16.0,19.0,16.0,12.0,12.0,21.0,10.0,1.0,0.0,916.2242445917755,0.0,1724.019775010962,0.0,0.0,0.0,0.0,320.8319526103031,2628.6339540760848,1577180.3724456509,2044127.902003249,82.25139598778782,84.01781967471683,0.34262113180253619,0.7685044533186247,0.36028137401965956,84.01781967471683,0.3542647819438875,2044127.902003249,0.12785965090416896 
 03/27  21:40:00,4.15,93.33333333333334,2.58,0.0,0.0,0.0,0.0,0.0,2.0,0.0,0.0,4.0,0.0,0.0,0.0,3060.0,0.0,0.0,0.0,0.0,0.0,0.0,0.0,0.0,0.0,0.0,0.0,21.04563916083071,-653.5594206916064,20.766975501546655,-76.48184889182552,21.233427692737189,-1307.8279093868319,20.008096589048188,335.232688761384,16.084921316215003,24.189857199384009,19.23871771328901,-56.02374483452918,17.60515086834647,44.11355633580888,16.15774327072039,-61.184500477142027,16.450761740828168,-344.1898075751815,1006.2144761206487,1229.5572406692016,0.0,0.0,0.0,0.0,0.0,0.0,0.0,0.0,0.0,0.0,0.0,0.0,0.0,0.0,0.0,0.0,0.0,0.0,0.0,0.0,0.0,0.0,1.7489715832248337,0.53387410965349,219.7799294907089,259.90730626956079,7555.422444518858,0.26951251982950588,0.04113438947336781,21.539823097101455,25.424853340015216,740.3231664640377,3.243835113010895,0.6129695980746214,336.643434884644,397.3610016973959,11774.640993323079,0.3967755179195464,0.07497647730906014,238.34242536549028,281.79887475368317,7899.637539261994,0.0,0.0,10.09407604560007,12.13473662729178,245.30096740378594,0.0,0.0,14.426728921027359,17.12016335699458,446.26494411806308,0.0,0.0,258.2453562012883,308.5831985746735,7174.735379824406,0.0,0.0,33.04177826236101,39.733869327640139,800.0128154712143,0.0,0.0,178.96566860866168,215.01782819505349,4427.585135469408,33.0710838522561,22.68249921279569,345.62766634964069,411.08214707917116,11495.554179074083,0.0,0.0,208.2108746286872,251.20809281626078,4666.131072713714,941.7919274053909,21.49248965520342,34.5118981318217,21.5,30.0,0.0,21.19109751023222,44.07176913829211,21.0,30.0,1747.5633828109263,21.706922658860245,33.28935090358948,21.5,30.0,0.0,20.691928911533798,35.91616309982068,16.0,30.0,0.0,16.12093856509446,48.66997602580596,12.0,30.0,0.0,19.573597883967559,46.22696672946357,19.0,30.0,0.0,17.919287668556288,43.35440629742885,10.0,30.0,0.0,16.07436195450952,48.89833861808948,12.0,30.0,0.0,16.341429938024498,48.068755198054237,16.0,30.0,0.0,19.119095418934696,0.0,0.0,0.0,15.128575541417856,0.0,0.0,692.7508032124215,1207.437621662067,646.163418371312,674.4006034069174,719.3265558389137,1152.208703625709,710.8841312580329,720.6225439465216,719.6868971469892,8971.239174817438,82.07293950294758,83.86262806548892,570.0,0.0,570.0,570.0,21.0,16.0,19.0,16.0,12.0,12.0,21.0,10.0,1.0,0.0,941.7919274053909,0.0,1747.5633828109263,0.0,0.0,0.0,0.0,0.0,2708.4025448307268,1625041.526898436,2108982.5808561497,82.07293950294758,83.89302291863916,0.3452800848276909,0.7700030686367563,0.36028137401965956,83.89302291863916,0.3542647819438875,2108982.5808561497,0.13075709420451979 
 03/27  21:50:00,4.045,93.66666666666667,2.455,0.0,0.0,0.0,0.0,0.0,2.0,0.0,0.0,4.0,0.0,0.0,0.0,3060.0,0.0,0.0,0.0,0.0,0.0,0.0,0.0,0.0,0.0,0.0,0.0,21.06735701608062,-721.6663194826763,20.763919041853755,-77.25129577578817,21.228349509170806,-1252.6973608234592,20.009389163382019,332.8834283168783,16.077234688946839,22.380829147513795,19.22767791650866,-63.23157737725606,17.50162707559891,29.792892744871098,16.08164412121515,-55.13686204382722,16.235485715976045,-276.3222673235198,1007.41562627399,1208.914479950281,0.0,0.0,0.0,0.0,0.0,0.0,0.0,0.0,0.0,0.0,0.0,0.0,0.0,0.0,0.0,0.0,0.0,0.0,0.0,0.0,0.0,0.0,1.7705268407260869,0.5404538585854966,228.8199891239027,270.55442231713928,7918.723556330529,0.27097555838272749,0.041357685955849727,20.84649924682995,24.610862217273917,721.2893310151947,3.2755499354596937,0.6189625728381887,338.77486188867547,399.8873677935043,11921.449432017933,0.3984856056828767,0.07529962314491244,242.16826406599166,286.34881605322928,8074.003845876987,0.0,0.0,10.03759860720297,12.067666638156814,245.9169370178829,0.0,0.0,14.685793232433069,17.42944310131589,457.0046669125623,0.0,0.0,264.4231771257984,316.1639208384533,7310.537738859694,0.0,0.0,30.668851351866967,36.89188033267965,744.4604626237808,0.0,0.0,186.1344346319915,223.85859082055289,4536.857311510823,32.890681995606467,22.558766800827486,347.3144515926367,413.1065498229892,11621.278302892193,0.0,0.0,214.26713192170656,258.5688702081238,4821.214780165587,1007.7746944867363,21.474983427922824,34.44336026692482,21.5,30.0,0.0,21.191994827541227,44.039126982914947,21.0,30.0,1689.0654070113097,21.706579531389836,33.27680061912303,21.5,30.0,0.0,20.685173276338455,35.86515078743023,16.0,30.0,0.0,16.11307177940592,48.75960620670459,12.0,30.0,0.0,19.560228392310785,46.254860112224168,19.0,30.0,0.0,17.739125529944489,43.82729477221551,10.0,30.0,0.0,15.996476624008391,49.15031795562661,12.0,30.0,33.14784054612567,16.046742159402795,48.968687103795208,16.0,30.0,0.0,19.121770806761263,0.0,0.0,0.0,15.070041944204354,0.0,0.0,687.2317281377158,1205.976127022287,646.6203292169919,671.461390351704,720.9647842481331,1148.7240951242614,709.5217919038878,719.9651217859181,718.5052451842948,9318.241907759197,81.84332994549047,85.50353519034742,570.0,0.0,570.0,570.0,21.0,16.0,19.0,16.0,12.0,12.0,21.0,10.0,1.0,0.0,1007.7746944867363,0.0,1689.0654070113097,0.0,0.0,0.0,0.0,33.14784054612567,5538.993805232911,3323396.2831397468,4338815.044396577,81.84332994549047,85.5656976264526,0.35463312684109707,0.7663526743454217,0.36028137401965956,85.5656976264526,0.3542647819438875,4338815.044396577,0.2453467156419554 
 03/27  22:00:00,3.94,94.0,2.33,0.0,0.0,0.0,0.0,0.0,2.0,0.0,0.0,4.0,0.0,0.0,0.0,3060.0,0.0,0.0,0.0,0.0,0.0,0.0,0.0,0.0,0.0,0.0,0.0,21.022950373238694,-959.2599949222855,20.757724357692724,-103.26171922579641,21.123772477167067,-588.0483592420178,19.99206074037491,190.18962849974936,16.06793383785388,22.443902614638746,19.21902939347065,-44.470479346960789,17.66660513582005,216.0657638659393,15.993957293769006,-82.96640809657743,16.707257283734138,-428.118667182341,956.4089534165107,1107.69695903241,0.0,0.0,0.0,0.0,0.0,0.0,0.0,0.0,0.0,0.0,0.0,0.0,0.0,0.0,0.0,0.0,0.0,0.0,0.0,0.0,0.0,0.0,1.7787820749777544,0.542973771360731,203.1337022131117,239.99951243556016,7149.4524294012539,0.2662682401302922,0.04063923078911664,21.82643278926588,25.73688557732016,759.092516809948,3.516689383666265,0.6645293619928697,246.2312469353679,290.8782332746035,8710.894109704308,0.3992890842200146,0.07545145204459836,200.8809845633841,237.72049991636338,6717.7714921056399,0.0,0.0,10.232209810407344,12.30525713873601,252.66781540994237,0.0,0.0,13.455507732356324,15.974733971159797,421.40202118961818,0.0,0.0,220.452375325614,263.22612402696219,6292.669895585157,0.0,0.0,39.533480422477818,47.56999650481309,959.7127759774293,0.0,0.0,136.69705233292619,163.90334327168569,3565.605929045652,32.73519332747843,22.45212162378494,262.05046240124849,312.2295878006432,8870.955897096637,0.0,0.0,167.6721915517498,202.41637921958839,3741.9954591969428,1027.708517305405,21.413947247583726,34.626073962948598,21.25,30.0,0.0,21.186589814755544,44.41973156071239,21.0,30.0,960.3269419837583,21.48321725616591,33.78782582304849,21.25,30.0,0.0,20.64216751432119,35.9160192019732,16.0,30.0,0.0,16.103121291124638,48.73718495694117,12.0,30.0,0.0,19.554621580597869,46.16639053277245,19.0,30.0,0.0,18.100522692210704,42.666469880047497,10.0,30.0,0.0,15.887899165157333,49.45894331594437,12.0,30.0,845.6516576122017,16.841710431296357,46.476247142783709,16.5,30.0,0.0,18.855889355257675,0.0,0.0,0.0,14.854014336366467,0.0,0.0,692.1493805981129,1227.8835626398007,651.2295046219772,670.3263503083658,717.5620369866458,1142.196277088358,701.2352377523886,718.2100492068183,714.928879926011,8651.456236250242,82.2841596426933,85.81431761952878,570.0,0.0,570.0,570.0,21.0,16.0,19.0,16.0,12.0,12.0,21.0,10.0,1.0,0.0,1027.708517305405,0.0,960.3269419837583,0.0,0.0,0.0,0.0,845.6516576122017,5342.39618849627,3205437.7130977625,4178903.491835137,82.2841596426933,85.87427142129566,0.34807987294987566,0.7663583844356762,0.36028137401965956,85.87427142129566,0.3542647819438875,4178903.491835137,0.23566964824209375 
 03/27  22:10:00,3.808333333333333,94.16666666666667,2.41,0.0,0.0,0.0,0.0,0.0,2.0,0.0,0.0,4.0,0.0,0.0,0.0,6885.0,0.0,0.0,0.0,0.0,0.0,0.0,0.0,0.0,0.0,0.0,0.0,21.261946292121544,-1520.9144048391989,20.733832855705157,-80.5389456764212,21.075268983033348,-329.31339685227899,19.94480035457223,361.2427291124519,16.059712692054178,24.180794058820739,19.210793169625448,-42.0992855576961,17.767084580077964,196.75940556601405,15.893087302413477,-113.41895982185544,17.99200502487674,-388.3645397640217,990.3334740472177,1014.6534492331782,0.0,0.0,0.0,0.0,0.0,0.0,0.0,0.0,0.0,0.0,0.0,0.0,0.0,0.0,0.0,0.0,0.0,0.0,0.0,0.0,0.0,0.0,1.7605107385057975,0.537396440325335,259.9351937728911,306.62364384590537,9353.918083412014,0.29661963824572037,0.04527161755887063,16.32058659917952,19.268758267181725,574.560832657315,3.5447318272203338,0.669828387607773,268.79427755259828,317.80352952108896,9487.998809166795,0.42550207820757948,0.08040477668321605,286.27458845195016,339.2749423065788,9609.644650513697,0.0,0.0,11.239462132823002,13.522132235028641,280.36564456447527,0.0,0.0,13.119838087381297,15.589602251386994,414.3133608403268,0.0,0.0,181.31268072931324,216.5955880210399,5270.687368314942,0.0,0.0,48.45477579260513,58.35165024013506,1176.4876864771537,0.0,0.0,117.79723735283162,140.4793140100446,3506.5587302637,32.93585644283575,22.58975064666376,283.51884764641178,338.02545300549516,9561.399660629599,0.0,0.0,129.02114874265124,155.96832253984827,2889.4585267525587,1833.9603075467704,21.799777294522145,33.40677858559604,21.999999999999994,29.999999999999994,0.0,21.161796577520513,44.57374490392812,20.999999999999998,29.999999999999994,0.0,21.293439300409174,34.302059926763508,20.999999999999998,29.999999999999994,0.0,20.60199208840139,35.97057431130892,15.999999999999997,29.999999999999994,0.0,16.095732663106334,48.69694561769765,11.999999999999997,29.999999999999994,0.0,19.554454035688506,44.905820117308099,18.999999999999998,29.999999999999994,0.0,18.26908697549078,42.04700413328949,9.999999999999999,29.999999999999994,0.0,15.759970341359479,49.79201557054185,11.999999999999997,29.999999999999994,2974.600624235762,18.51624971171112,41.71822391302775,19.999999999999998,29.999999999999994,0.0,18.855893637039487,0.0,0.0,0.0,14.66755692555707,0.0,0.0,670.6584167048737,1234.9432589686963,661.1059429608838,670.5524089481088,714.3204899639934,1118.871093805782,693.901043540386,715.5902658819299,705.8492654342185,10436.677807173539,81.10388974305626,85.01449590682674,569.9999999999999,0.0,569.9999999999999,569.9999999999999,21.0,16.0,19.0,19.0,12.0,12.0,21.0,10.0,1.0,0.0,1833.9603075467704,0.0,0.0,0.0,0.0,0.0,0.0,2974.600624235762,5918.162800554649,3550897.6803327898,4615001.643739389,81.10388974305626,85.08091098180907,0.3483832044629328,0.7672140443634439,0.36028137401965945,85.08091098180907,0.3542647819438875,4615001.643739389,0.2569850854744482 
 03/27  22:20:00,3.6766666666666669,94.33333333333334,2.49,0.0,0.0,0.0,0.0,0.0,2.0,0.0,0.0,4.0,0.0,0.0,0.0,2295.0,0.0,0.0,0.0,0.0,0.0,0.0,0.0,0.0,0.0,0.0,0.0,21.332438153187156,-1240.7425422006396,20.716357869949598,-87.47903334192098,21.195213778368925,-1259.058340855241,19.961167250495444,480.20065063717927,16.051292140688156,24.64031297694659,19.19459493705463,-48.36956754219472,17.544019171428795,-45.91558825657885,15.780412414508799,-63.43083312551137,18.718588623229068,-758.0112304491495,1051.7408148140006,1544.375236968186,0.0,0.0,0.0,0.0,0.0,0.0,0.0,0.0,0.0,0.0,0.0,0.0,0.0,0.0,0.0,0.0,0.0,0.0,0.0,0.0,0.0,0.0,1.78645214971248,0.5453150640147985,258.88636221590539,305.3067477192293,9401.843282454785,0.29450161644575836,0.044948354158388017,17.537339522004204,20.686859541492646,620.7792801925169,3.498661721403496,0.6611227742636993,346.48184018400027,408.2658641347166,12578.537561093479,0.4288079647682308,0.08102947180049708,294.3295317805163,348.1974226525192,9999.417934091594,0.0,0.0,11.876397744284862,14.275680836858154,299.28568711370499,0.0,0.0,13.738894783564767,16.308438473595488,437.20666286693588,0.0,0.0,230.73624508977756,275.66752912692587,6524.493713670994,0.0,0.0,54.53665962491671,65.66245174768328,1323.9527682451024,0.0,0.0,202.28376718056127,239.96086839757079,6506.011067793215,33.020251996713167,22.64763511434374,342.7814453162057,407.5840707949754,11646.3417969468,0.0,0.0,190.53623479120624,228.9366255234654,4762.275931572891,1780.4783977966814,21.91277559113582,33.22946765601908,21.999999999999994,29.999999999999998,0.0,21.144668621161164,45.029224367712867,20.999999999999998,29.999999999999998,2122.889229454106,21.66936441737973,33.45444588272761,21.666666666666666,29.999999999999998,0.0,20.638408385654789,35.945935482710648,15.999999999999997,29.999999999999998,0.0,16.087569275165078,48.54669253367794,11.999999999999997,29.999999999999998,0.0,19.541068999216536,42.73004599963237,18.999999999999998,29.999999999999998,0.0,17.799372218275076,43.284996110572638,9.999999999999999,29.999999999999998,0.0,15.614879724673987,50.16715200674547,11.999999999999997,29.999999999999998,1043.7136573684093,19.87458387931708,38.10417189985693,19.666666666666666,29.999999999999998,0.0,19.038361414763384,0.0,0.0,0.0,15.594637186580194,0.0,0.0,674.8297021278513,1262.7832364457659,658.0685278804618,674.9749846900907,706.6760950692403,1066.3181880368493,693.7476366950002,713.0908973969533,698.9677933201481,9352.551378692537,81.82036860733773,84.64829596392241,569.9999999999999,0.0,569.9999999999999,569.9999999999999,21.0,16.0,19.0,19.0,12.0,12.0,21.0,10.0,1.0,0.0,1780.4783977966814,0.0,2122.889229454106,0.0,0.0,0.0,0.0,1043.7136573684093,4278.656407467753,2567193.8444806525,3334579.3307149976,81.82036860733773,84.69632355851175,0.36928854691559179,0.7686685134643259,0.3602813740196595,84.69632355851175,0.35426478194388746,3334579.3307149976,0.1898014585305132 
 03/27  22:30:00,3.545,94.5,2.5700000000000005,0.0,0.0,0.0,0.0,0.0,2.0,0.0,0.0,4.0,0.0,0.0,0.0,2295.0,0.0,0.0,0.0,0.0,0.0,0.0,0.0,0.0,0.0,0.0,0.0,20.794809397190403,-500.5732235294994,20.699294745817327,-90.46888084897407,21.070826289253099,-835.2488742082335,20.006679580229169,219.58463744131198,16.04351430797123,23.06556946218904,19.174057804687125,-37.834844416007388,17.360632343907115,-19.100428105520814,15.786454663226929,-26.104250284395819,18.694666869217366,-780.8734758714857,991.5561062743793,1395.791556368094,0.0,0.0,0.0,0.0,0.0,0.0,0.0,0.0,0.0,0.0,0.0,0.0,0.0,0.0,0.0,0.0,0.0,0.0,0.0,0.0,0.0,0.0,1.875733042046816,0.572568083652874,227.69393546573026,269.3132585468814,8001.532565002429,0.27888342321990958,0.042564625033563719,23.02136027624386,27.142528746738085,816.5581729352728,3.5114051407292354,0.6635308278021986,289.01009644219325,341.3664044264098,10378.89576660326,0.3941099871892685,0.07447278669487306,158.84409217185775,187.80313651247693,5456.778265285233,0.0,0.0,11.104651672178335,13.350856368210707,282.65383734524587,0.0,0.0,13.350519639698707,15.851154526934988,427.913418012777,0.0,0.0,224.8580100462148,268.9342640839423,6331.620486311851,0.0,0.0,50.473719910900118,60.76186775629074,1246.0387382494067,0.0,0.0,197.07901778353438,233.93766423369676,6365.141646482762,32.96978423511172,22.613020737388007,287.30245942704087,341.9180758371483,10008.49462372451,0.0,0.0,187.67760292653277,225.83654049473558,4632.808689043569,182.93952169829906,21.02029296830481,35.60213133858458,20.999999999999994,29.99999999999999,0.0,21.127989358109717,44.647073092457009,20.999999999999994,29.99999999999999,1275.3142422041786,21.57581492620025,33.66370823032963,21.333333333333326,29.99999999999999,0.0,20.67583649155843,35.87274318986831,15.999999999999993,29.99999999999999,0.0,16.080393889978738,48.45463662229742,11.999999999999995,29.99999999999999,0.0,19.52252701520134,41.72722830032195,18.999999999999994,29.99999999999999,0.0,17.513139650554814,44.04903728399536,9.999999999999997,29.99999999999999,0.0,15.68550441038855,49.69811682867501,11.999999999999995,29.99999999999999,1795.0812579050458,19.582840289274434,38.73840719175185,19.66666666666666,29.99999999999999,0.0,18.88285259799042,0.0,0.0,0.0,15.586603536959398,0.0,0.0,707.7359541718768,1242.5549208935209,664.0070324907406,679.3365307092649,702.9898797353958,1047.9576248378112,696.6571536254583,706.265755861748,699.4312073294891,10524.251012153174,81.04591725754642,85.91145344312283,569.9999999999998,0.0,569.9999999999998,569.9999999999998,21.0,16.0,19.0,19.0,12.0,12.0,21.0,10.0,1.0,0.0,182.93952169829906,0.0,1275.3142422041786,0.0,0.0,0.0,0.0,1795.0812579050458,7363.030873343056,4417818.524005835,5762937.564096216,81.04591725754642,85.99408640002554,0.35876769577810188,0.7667998241628102,0.36028137401965945,85.99408640002554,0.35426478194388735,5762937.564096216,0.31547441999966999 
 03/27  22:40:00,3.413333333333333,94.66666666666666,2.65,0.0,0.0,0.0,0.0,0.0,2.0,0.0,0.0,0.0,0.0,0.0,0.0,7650.0,0.0,0.0,0.0,0.0,0.0,0.0,0.0,0.0,0.0,0.0,0.0,20.460237075592575,-143.91268688655209,20.40863979878891,-430.4294270816758,20.569562471246266,-794.3896954520267,19.92101483557653,147.15320805986705,16.02949092054613,18.637109139980664,19.049716831052817,-62.32346776309227,17.180469520894286,4.57120092566029,15.787351488908057,1.1791959943085875,18.28285171758776,-755.2847278028078,874.5333995989976,1421.1754758004202,0.0,0.0,0.0,0.0,0.0,0.0,0.0,0.0,0.0,0.0,0.0,0.0,0.0,0.0,0.0,0.0,0.0,0.0,0.0,0.0,0.0,0.0,1.8100464705755595,0.5525172376604272,171.1711356344921,202.90222697868544,5951.956090205224,0.33397108941128186,0.05097238849378539,107.65391024074995,127.57980434027167,3727.0850959047636,3.309540731411918,0.6253856257392139,198.37521809694216,235.07334665680438,7076.154923056515,0.36820687817011746,0.06957801930652255,159.71139519402048,189.52133206997727,5492.5301385821389,0.0,0.0,11.391412365545714,13.71098926874761,292.5503917575641,0.0,0.0,13.91080689338198,16.55009480873035,445.9673127487754,0.0,0.0,246.27262094817457,295.25436838600987,6883.952350763131,0.0,0.0,46.026913572487689,55.465319103252628,1152.6303014074093,0.0,0.0,215.91049310919366,257.34388710592489,6746.943479643069,32.577583506711508,22.34402160954151,246.2546999833693,293.92610209056746,8642.865726747563,0.0,0.0,208.3122247784865,251.06831037715029,5224.609216098923,0.0,20.587391997817858,38.15507869393503,21.999999999999998,30.0,0.0,20.654669759702185,38.09414418555118,12.0,30.0,0.0,20.802751062831953,35.55763332204535,21.599999999999999,30.0,0.0,20.545521456743644,36.13197955956963,12.0,30.0,0.0,16.06202570285519,48.60999560722963,12.0,30.0,0.0,19.385586614327,41.56277524082732,12.0,30.0,0.0,17.2383835579731,45.724865948537679,10.0,30.0,0.0,15.733754644105229,49.615525862172329,12.0,30.0,0.0,18.91046604289642,41.03638235918023,19.5,30.0,0.0,18.40799486640954,0.0,0.0,0.0,15.693311782716606,0.0,0.0,802.0810262820189,809.306599150286,684.4096067089898,682.9026020531071,709.1603383629181,1039.3447892179125,742.7617947260842,712.7645060496525,736.2110236458959,0.0,80.27771084258954,80.27771084258954,60.0,0.0,60.0,60.0,12.0,12.0,12.0,19.0,12.0,12.0,21.0,10.0,0.0,0.0,0.0,0.0,0.0,0.0,0.0,0.0,0.0,0.0,0.0,0.0,0.0,80.27771084258954,80.27771084258954,0.0,0.0,0.0,80.27771084258954,0.0,0.0,0.0016 
 03/27  22:50:00,3.2816666666666665,94.83333333333333,2.73,0.0,0.0,0.0,0.0,0.0,2.0,0.0,0.0,0.0,0.0,0.0,0.0,3060.0,0.0,0.0,0.0,0.0,0.0,0.0,0.0,0.0,0.0,0.0,0.0,20.020734060125599,-155.9493557397916,20.033842114668205,-306.7354686505655,20.0090102731985,-274.23186014760315,19.613970740099377,-152.8527782386342,16.01009112465291,12.856447097479489,18.908473881912238,-46.55656313026704,17.118522994101263,-25.68840337900133,15.75681331286457,-49.48438248708834,17.65850632394936,-246.96471638612526,836.7990061621219,1053.490274899029,0.0,0.0,0.0,0.0,0.0,0.0,0.0,0.0,0.0,0.0,0.0,0.0,0.0,0.0,0.0,0.0,0.0,0.0,0.0,0.0,0.0,0.0,1.7986871947519832,0.5490498152478581,184.72066583665419,219.26348215208044,6188.737235556017,0.3316051000846538,0.050611279011699299,96.12777550472512,114.00652089960622,3227.4923993248837,3.311867223154415,0.6258252500291791,190.4744404549896,226.1195291384447,6453.723971454967,0.34148921637945586,0.0645293303816054,118.95493253930981,141.22259103946204,3991.88580081877,0.0,0.0,10.249388902737249,12.330373428368033,265.4460352016893,0.0,0.0,12.033103947617747,14.317635623154079,384.44043387143986,0.0,0.0,187.5754594029624,224.82779775029494,5264.1823924734549,0.0,0.0,41.23806634211848,49.66428926033097,1042.0839939052885,0.0,0.0,157.6371722177235,188.46610212341785,4650.075780835,32.031778220624108,21.96966956147059,233.54845283019695,278.84128049751225,7996.705503248421,0.0,0.0,150.60893468441589,181.96954454997934,3560.535953542333,0.0,19.88257963696013,37.930789292879527,22.0,30.0,0.0,20.059865235931157,36.928062909001379,12.0,30.0,0.0,19.91488574442043,37.378098429122299,22.0,30.0,0.0,19.97912130829384,37.2941188267342,12.0,30.0,0.0,16.03427449648232,48.9761002856214,12.0,30.0,0.0,19.187460434164334,41.482269591928119,12.0,30.0,0.0,17.151574688138859,45.76910381719768,10.0,30.0,0.0,15.709050237029674,50.16069824775699,12.0,30.0,0.0,17.879082575171489,43.86038575961217,20.0,30.0,0.0,18.226141828287547,0.0,0.0,0.0,14.786690283138667,0.0,0.0,705.6958101979255,677.0655550605134,680.3743527227348,682.2389382732098,724.3239565106857,1035.0777314237506,737.7642556623084,736.9025134412027,743.5605460073666,0.0,80.27771084258953,80.27771084258953,60.0,0.0,60.0,60.0,12.0,12.0,12.0,19.0,12.0,12.0,21.0,10.0,0.0,0.0,0.0,0.0,0.0,0.0,0.0,0.0,0.0,0.0,0.0,0.0,0.0,80.27771084258953,80.27771084258953,0.0,0.0,0.0,80.27771084258953,0.0,0.0,0.0015733333333333335 
 03/27  23:00:00,3.15,95.0,2.81,0.0,0.0,0.0,0.0,0.0,2.0,0.0,0.0,0.0,0.0,0.0,0.0,1530.0,0.0,0.0,0.0,0.0,0.0,0.0,0.0,0.0,0.0,0.0,0.0,19.727871946903094,-170.12276061993044,19.760740520251738,-168.0379113036647,19.679716699571676,-320.1040017269511,19.29772017306302,-58.552199487966849,15.984243642758662,9.009925293061059,18.796922142955375,-41.9828070790781,17.040918552702168,-7.91809219323568,15.663071704826857,-77.85592764833052,17.378826522746658,-116.19679556079405,703.3903315921311,850.1326527660237,0.0,0.0,0.0,0.0,0.0,0.0,0.0,0.0,0.0,0.0,0.0,0.0,0.0,0.0,0.0,0.0,0.0,0.0,0.0,0.0,0.0,0.0,1.7754044413493638,0.541942747664641,133.79099591772784,158.8924932561382,4433.61278256295,0.3332377688043567,0.05086046532423026,92.09216403044316,109.36764828062948,3054.6119881423057,3.265174880214214,0.6170020559739635,136.77968985993136,162.38288925222714,4548.105851111425,0.3436490613639636,0.06493746435449047,117.08486182585398,138.9571266297217,3837.4321274620444,0.0,0.0,9.67825149492558,11.630318640504142,252.58380507378844,0.0,0.0,11.05236152559372,13.141263225633164,353.0049912430626,0.0,0.0,155.3631601111373,186.05853603400505,4367.812895756709,0.0,0.0,38.6759264160045,46.54493489681677,977.2470655830492,0.0,0.0,125.84144207493167,150.48225126719499,3641.531377392642,31.669921262790408,21.72148234759288,186.8857301650654,223.16301678194945,6450.605100667617,0.0,0.0,118.05552254490522,142.7575865565372,2679.8384410162846,0.0,19.470381053725949,38.213159200202287,22.0,30.0,0.0,19.65227191832814,37.54036572834076,12.0,30.0,0.0,19.449683126824586,38.00947324610837,22.0,30.0,0.0,19.455842678230618,38.18850425799866,12.0,30.0,0.0,15.996987062094938,49.167148234378647,12.0,30.0,0.0,19.042507063408935,41.41483691521509,12.0,30.0,0.0,17.041713847126599,45.721043802387658,10.0,30.0,0.0,15.568340868405251,50.82912978802405,12.0,30.0,0.0,17.46478020286622,44.79254051382944,20.0,30.0,0.0,17.7786149507018,0.0,0.0,0.0,14.226989979821168,0.0,0.0,674.118583935731,661.1038615462894,662.362284585524,669.0098424226203,730.8092025966837,1042.7411613313312,724.8020344728199,749.4472941649583,735.2681882088044,0.0,80.27771084258953,80.27771084258953,60.0,0.0,60.0,60.0,12.0,12.0,12.0,19.0,12.0,12.0,21.0,10.0,0.0,0.0,0.0,0.0,0.0,0.0,0.0,0.0,0.0,0.0,0.0,0.0,0.0,80.27771084258953,80.27771084258953,0.0,0.0,0.0,80.27771084258953,0.0,0.0,0.0015466666666666665 
 03/27  23:10:00,3.111666666666667,95.16666666666667,2.8783333333333336,0.0,0.0,0.0,0.0,0.0,2.0,0.0,0.0,0.0,0.0,0.0,0.0,2295.0,0.0,0.0,0.0,0.0,0.0,0.0,0.0,0.0,0.0,0.0,0.0,19.496965762994568,-146.6065173710025,19.548068476409975,-341.2981808179973,19.43223182781021,-124.17085502315801,19.11170528332913,-171.74254719629813,15.959618917928005,4.960777814266521,18.715190340828444,-35.523963194095419,17.011156273113543,-4.269974990483356,15.564605035294444,-112.86665071183197,17.23238939589551,-73.81737525513184,593.9123309556007,672.8672364343524,0.0,0.0,0.0,0.0,0.0,0.0,0.0,0.0,0.0,0.0,0.0,0.0,0.0,0.0,0.0,0.0,0.0,0.0,0.0,0.0,0.0,0.0,1.744361372824415,0.5324668415214942,142.80909966956993,169.91870446763478,4660.866918530812,0.3212693157963806,0.04903377835720095,104.4264119021528,124.27016193586099,3410.2006526658749,3.2467245561358437,0.6135156001768414,141.81762779373458,168.6524259180112,4670.2050756731309,0.33448754377418979,0.06320626299587862,96.95917738462629,115.2385238266925,3115.7160304822748,0.0,0.0,8.886154543213977,10.687597525561659,232.02577434661567,0.0,0.0,10.979532730254223,13.069335834395984,349.4994851545332,0.0,0.0,124.28689848605032,148.97079378653,3498.4075482660157,0.0,0.0,38.00291371954065,45.790518199722459,952.2597738993442,0.0,0.0,97.68038517083409,116.97057669488624,2799.336346145638,31.170501224395289,21.378944598350686,173.25548402307707,207.2429654935512,5930.972309959161,0.0,0.0,90.24458548205209,109.37924602937746,1976.1692126450979,0.0,19.18186326919691,38.41993090552056,22.0,30.0,0.0,19.338555976429875,37.594373443740177,12.0,30.0,0.0,19.154717682706509,38.56826583634625,22.0,30.0,0.0,19.16623598528259,38.55533177159111,12.0,30.0,0.0,15.964966378291145,49.17900915433887,12.0,30.0,0.0,18.9475319495563,41.308957183576797,12.0,30.0,0.0,17.02052941689327,45.26559911771257,10.0,30.0,0.0,15.422480142479213,51.21368116981607,12.0,30.0,0.0,17.283123013743859,44.93636418570928,20.0,30.0,0.0,17.431219424104186,0.0,0.0,0.0,13.787356218835552,0.0,0.0,653.9014032904516,634.2063628984727,657.6897810270943,657.3012386395927,730.1503930228352,1044.4667005243778,706.6282651641913,750.3849566859233,722.0602358278089,0.0,80.27771084258953,80.27771084258953,60.0,0.0,60.0,60.0,12.0,12.0,12.0,19.0,12.0,12.0,21.0,10.0,0.0,0.0,0.0,0.0,0.0,0.0,0.0,0.0,0.0,0.0,0.0,0.0,0.0,80.27771084258953,80.27771084258953,0.0,0.0,0.0,80.27771084258953,0.0,0.0,0.00152 
 03/27  23:20:00,3.0733333333333334,95.33333333333334,2.9466666666666669,0.0,0.0,0.0,0.0,0.0,2.0,0.0,0.0,0.0,0.0,0.0,0.0,1530.0,0.0,0.0,0.0,0.0,0.0,0.0,0.0,0.0,0.0,0.0,0.0,19.34009245671175,-43.865452607783257,19.34072457604526,-318.53612840205417,19.29811204978012,-51.4280574039538,18.978014330913689,-14.400446078810461,15.931916234074873,3.679066485112884,18.636413616891966,-32.88980763274449,17.0071924423502,23.710097265965488,15.447679007108086,-124.68707553554043,17.121467234960478,-46.65841309996699,269.57115696407137,592.4278544003256,0.0,0.0,0.0,0.0,0.0,0.0,0.0,0.0,0.0,0.0,0.0,0.0,0.0,0.0,0.0,0.0,0.0,0.0,0.0,0.0,0.0,0.0,1.724363507252905,0.5263624869514363,97.72491728886374,116.32490453210116,3184.319353562578,0.32114132040891826,0.04901424304165419,83.54072257887208,99.44571535334225,2692.646176480406,3.215197771535232,0.6075581578864764,10.055705802960216,11.965118124460413,425.35887528776996,0.3276460044617262,0.06191345511370486,4.548806230139919,5.412542381494003,155.9344301321869,0.0,0.0,8.54527542090771,10.271678744572297,223.2275554339634,0.0,0.0,10.91483283926491,12.987712513659656,346.39409444374919,0.0,0.0,106.63937914149776,127.72677814574154,3015.3365904257109,0.0,0.0,38.62204795083623,46.530868674438128,957.7912004405037,0.0,0.0,82.0510295892019,98.23648959563647,2336.999423683297,30.824387149465765,21.141554972198749,50.694819414188007,60.913053733241948,2204.6237834683745,0.0,0.0,75.04078149062562,90.99362355182683,1601.4225673520605,0.0,19.023025606638599,38.410941402434769,22.0,30.0,0.0,19.058776863260627,37.6491516205115,12.0,30.0,0.0,19.041628818519425,38.43968586988977,22.0,30.0,0.0,19.000393259682779,39.164599961653127,12.0,30.0,0.0,15.929528841150404,49.05825568253728,12.0,30.0,0.0,18.854756854271835,41.105060119117037,12.0,30.0,0.0,17.0477320186764,44.70076183485468,10.0,30.0,0.0,15.248458899003815,51.523903765836568,12.0,30.0,0.0,17.150596963997058,44.91860910387214,20.0,30.0,0.0,16.307178437532117,0.0,0.0,0.0,13.462548011466847,0.0,0.0,639.0244266511281,610.4783340852184,644.016725106259,666.8463605727848,724.4876138096259,1040.5229496408943,689.4570175210093,745.5326324006106,708.4275920083223,0.0,80.27771084258953,80.27771084258953,60.0,0.0,60.0,60.0,12.0,12.0,12.0,19.0,12.0,12.0,21.0,10.0,0.0,0.0,0.0,0.0,0.0,0.0,0.0,0.0,0.0,0.0,0.0,0.0,0.0,80.27771084258953,80.27771084258953,0.0,0.0,0.0,80.27771084258953,0.0,0.0,0.0015 
 03/27  23:30:00,3.035,95.5,3.015,0.0,0.0,0.0,0.0,0.0,2.0,0.0,0.0,0.0,0.0,0.0,0.0,1530.0,0.0,0.0,0.0,0.0,0.0,0.0,0.0,0.0,0.0,0.0,0.0,19.141685775738716,-212.80675180662184,19.02669892787548,-423.37167050661267,19.078957513300318,-325.11276852684298,18.654447408052119,-304.8416809887117,15.905205599082905,3.0259255232418384,18.569479448103395,-31.787171309060029,17.07311896613724,92.17356319983333,15.317880874930509,-157.98591423245717,16.994074391668357,-110.26967984468559,719.137128380471,551.6214748487704,0.0,0.0,0.0,0.0,0.0,0.0,0.0,0.0,0.0,0.0,0.0,0.0,0.0,0.0,0.0,0.0,0.0,0.0,0.0,0.0,0.0,0.0,1.7001305822107323,0.5189653791852052,287.56424425822555,342.43238391337186,9107.345512750922,0.3228550492984059,0.04927580117497038,253.26830054318607,301.8368533744192,7918.57783084493,3.143223807596731,0.5939576356002896,298.613209624269,355.60252466385148,9510.37156221993,0.3361614497862574,0.0635225717661106,251.00654443867314,299.17141188967107,7791.417627595718,0.0,0.0,8.236952877188703,9.899794191141887,215.30929762037813,0.0,0.0,11.725143288447735,13.953467863284655,371.3794733489488,0.0,0.0,108.56129936864719,129.97098029975985,3110.0756480681054,0.0,0.0,41.92315343521498,50.55020844099067,1026.9781868479614,0.0,0.0,38.84019591879507,46.54806219582402,1095.7860215983483,30.544045849785755,20.949276988879125,483.47519116679919,577.813241728352,15205.756874260554,0.0,0.0,65.62366259451841,79.66666739070355,1374.9197987925205,0.0,18.740368802424159,38.16641717295008,22.0,30.0,0.0,18.561205192256496,38.20990515440853,12.0,30.0,0.0,18.731935461168314,38.31993550548974,22.0,30.0,0.0,18.42415618243558,38.89396145867139,12.0,30.0,0.0,15.898043295862955,48.72819588242851,12.0,30.0,0.0,18.783270142084406,40.79474832172051,12.0,30.0,0.0,17.203336869009278,43.50744564283792,10.0,30.0,0.0,15.052522327509035,51.400936318770707,12.0,30.0,0.0,16.972153099275205,45.098814620462778,20.0,30.0,0.0,17.71756127816908,0.0,0.0,0.0,13.209302200074202,0.0,0.0,603.9027444466974,588.8206916800613,610.038077184637,601.9873048815293,712.4130474202059,1027.2791753766028,663.2347307077027,726.8162770333167,702.5352509880383,0.0,80.27771084258953,80.27771084258953,60.0,0.0,60.0,60.0,12.0,12.0,12.0,19.0,12.0,12.0,21.0,10.0,0.0,0.0,0.0,0.0,0.0,0.0,0.0,0.0,0.0,0.0,0.0,0.0,0.0,80.27771084258953,80.27771084258953,0.0,0.0,0.0,80.27771084258953,0.0,0.0,0.00148 
 03/27  23:40:00,2.9966666666666668,95.66666666666667,3.083333333333333,0.0,0.0,0.0,0.0,0.0,2.0,0.0,0.0,0.0,0.0,0.0,0.0,1530.0,0.0,0.0,0.0,0.0,0.0,0.0,0.0,0.0,0.0,0.0,0.0,18.86716201168354,-116.8046599550994,18.998243084047247,-286.08118917976119,18.808190983194014,-188.72382420840177,18.602190921623206,-177.45800764044726,15.88028451830247,2.88413052014063,18.50207016805141,-27.19954119973235,17.03912444078849,-15.715947583223624,15.220901587606939,-141.31995931293023,16.788445223535019,-338.8350661859813,630.8815033042656,811.4830225263384,0.0,0.0,0.0,0.0,0.0,0.0,0.0,0.0,0.0,0.0,0.0,0.0,0.0,0.0,0.0,0.0,0.0,0.0,0.0,0.0,0.0,0.0,1.6985915828735503,0.5184955991677505,249.67347755391828,297.64658975874047,7781.863282262706,0.30305563568922119,0.046253912650980038,199.9489892233288,238.1237592282656,6283.446783088738,3.170269917792841,0.5990683896056013,211.81629627122755,252.610343752601,6645.104127318225,0.32050229882881239,0.0605635485315216,201.5814939168099,240.32047763684529,6273.347024882902,0.0,0.0,7.397629938734836,8.897013443264717,193.5700167524289,0.0,0.0,10.846442179935377,12.914256402733667,342.897291230489,0.0,0.0,139.24723453275983,166.73439651058556,3985.745451583759,0.0,0.0,41.908174154254059,50.560902593314839,1019.7585437123187,0.0,0.0,72.6653876011263,87.14542272342462,2009.2595916741607,30.21076155569581,20.72068693806298,380.4364835503226,455.0656956405609,12000.522749256972,0.0,0.0,102.17736578067073,123.9436569800828,2176.3008962127958,0.0,18.354504001286587,38.81771226988712,22.0,30.0,0.0,18.643297472262554,37.83503060942208,12.0,30.0,0.0,18.358063865159438,38.98871658798383,22.0,30.0,0.0,18.444800003751426,38.6403213812839,12.0,30.0,0.0,15.871682927938194,48.27181068212189,12.0,30.0,0.0,18.709738498896898,40.52232336290084,12.0,30.0,0.0,17.144019031207934,43.32978677057292,10.0,30.0,0.0,14.929191828483735,50.66463413779009,12.0,30.0,0.0,16.642338642957907,45.31553719070135,20.0,30.0,0.0,17.48750850473577,0.0,0.0,0.0,13.368304051536584,0.0,0.0,594.8891507002659,582.1833646200037,601.8792156102215,595.1146561362126,697.2161335809058,1014.9484062822546,656.3154709109396,690.1487156751534,682.5319849141415,0.0,80.27771084258953,80.27771084258953,60.0,0.0,60.0,60.0,12.0,12.0,12.0,19.0,12.0,12.0,21.0,10.0,0.0,0.0,0.0,0.0,0.0,0.0,0.0,0.0,0.0,0.0,0.0,0.0,0.0,80.27771084258953,80.27771084258953,0.0,0.0,0.0,80.27771084258953,0.0,0.0,0.0014600000000000002 
 03/27  23:50:00,2.9583333333333337,95.83333333333333,3.151666666666667,0.0,0.0,0.0,0.0,0.0,2.0,0.0,0.0,0.0,0.0,0.0,0.0,1530.0,0.0,0.0,0.0,0.0,0.0,0.0,0.0,0.0,0.0,0.0,0.0,18.808324328556723,-218.8480815843177,18.800726417861623,-237.69098751040657,18.731371799762699,-221.18879906441453,18.42850987573659,-116.45194971450155,15.85478532316878,4.212843863119559,18.440118792140834,-35.78640659973664,16.89456978617654,-36.645149801562187,15.162517490820298,-110.30004218203635,16.490909947036969,-436.4077340003944,607.2387037179578,937.7539161470254,0.0,0.0,0.0,0.0,0.0,0.0,0.0,0.0,0.0,0.0,0.0,0.0,0.0,0.0,0.0,0.0,0.0,0.0,0.0,0.0,0.0,0.0,1.6813416324407298,0.5132300465325793,284.738915804097,339.64105573447889,8876.107193945487,0.3078437166587456,0.046984694239735298,212.37563318291809,253.40573611179645,6589.410643746761,3.1226105368077379,0.5900624597142363,192.14157925904744,229.09637047594158,6034.799350876812,0.3260622109340168,0.061614174401741637,186.23636596349,222.1590587728523,5730.494865420682,0.0,0.0,7.398320305720114,8.895265797623257,193.78492143058797,0.0,0.0,11.305311327636204,13.465557505976589,356.8831745915204,0.0,0.0,167.2982797145594,200.51087724326397,4720.988402417911,0.0,0.0,38.50834360498388,46.4714191762681,936.317097744142,0.0,0.0,102.16203897237017,122.75332050146362,2741.769967789811,30.06710374675928,20.622156204910355,377.1934350720377,451.41301846982005,11849.668391142837,0.0,0.0,130.28403743559009,158.0031765320187,2819.328580616505,0.0,18.343701401783805,38.572786586723768,22.0,30.0,0.0,18.37151774130509,37.98025193555634,12.0,30.0,0.0,18.33540464378713,38.98730035898224,22.0,30.0,0.0,18.205712521442899,38.88609096169361,12.0,30.0,0.0,15.84560096607538,47.94344784322455,12.0,30.0,0.0,18.644792702550505,40.2442541337969,12.0,30.0,0.0,16.89533043401316,43.551903612096,10.0,30.0,0.0,14.880000543529406,50.181778677319048,12.0,30.0,0.0,16.173573655052786,46.094613283636949,20.0,30.0,0.0,17.379136460918198,0.0,0.0,0.0,13.49674350643727,0.0,0.0,585.3410814046582,562.8119296069929,601.1041648741766,583.4519709845447,688.8650970637325,1002.3073304131024,643.2227157409944,671.4866597356627,666.8306588675632,0.0,80.27771084258953,80.27771084258953,60.0,0.0,60.0,60.0,12.0,12.0,12.0,19.0,12.0,12.0,21.0,10.0,0.0,0.0,0.0,0.0,0.0,0.0,0.0,0.0,0.0,0.0,0.0,0.0,0.0,80.27771084258953,80.27771084258953,0.0,0.0,0.0,80.27771084258953,0.0,0.0,0.0014766666666666666 
 03/27  24:00:00,2.92,96.0,3.22,0.0,0.0,0.0,0.0,0.0,2.0,0.0,0.0,0.0,0.0,0.0,0.0,1530.0,0.0,0.0,0.0,0.0,0.0,0.0,0.0,0.0,0.0,0.0,0.0,18.598418152102579,-109.89343163717467,18.765875570944936,-287.40301040022407,18.545799446802,-175.2971837276964,18.37530997870064,-176.3746427454248,15.82935753284984,3.9426499229786176,18.370612021815718,-38.74508758715649,16.761775243103139,-95.30097952510141,15.126587263817403,-96.27358374374677,16.229151134854147,-458.38272703967939,577.2362722201087,994.197960993014,0.0,0.0,0.0,0.0,0.0,0.0,0.0,0.0,0.0,0.0,0.0,0.0,0.0,0.0,0.0,0.0,0.0,0.0,0.0,0.0,0.0,0.0,1.6752711819916953,0.5113770396800046,250.3897650853895,298.7636218269506,7712.9537938144189,0.2974641230836327,0.04540050718614663,195.6710595592678,233.24086764875239,6087.1716517972149,3.1224470191742936,0.5900315606905319,194.40476643011977,232.0578867753694,6038.275795633392,0.31507795494177906,0.0595385402384314,193.82809616932497,231.31430661569494,5963.64064491244,0.0,0.0,6.918717144200311,8.323291775737392,181.42466060093333,0.0,0.0,11.72671154874155,13.971221506537472,369.33001906258047,0.0,0.0,182.50903572306567,218.92210102628548,5090.420462551678,0.0,0.0,34.642860861611797,41.810119836048247,844.2187113431647,0.0,0.0,121.3081994890369,145.94678698206944,3174.7882349612739,29.863786802196139,20.48270699739105,367.55504944906127,440.03519943949348,11496.345472431016,0.0,0.0,147.60647354562836,179.00953674503399,3205.5250083222747,0.0,18.06985334430835,38.90901212300182,22.0,30.0,0.0,18.40034657060813,37.7501638957497,12.0,30.0,0.0,18.09726666491686,39.2012498769879,22.0,30.0,0.0,18.177482813746136,38.77949722990736,12.0,30.0,0.0,15.820454331460127,47.549072617133607,12.0,30.0,0.0,18.56637649674893,39.99409527986801,12.0,30.0,0.0,16.681591433118869,43.79441624465022,10.0,30.0,0.0,14.867967634424606,49.769690071719399,12.0,30.0,0.0,15.792610508689945,46.75018162601698,20.0,30.0,0.0,17.253110296254904,0.0,0.0,0.0,13.501135355149673,0.0,0.0,573.7754883568962,557.7113685618668,588.4211669469903,578.3809783794557,675.9731622447243,987.3344336860662,633.8057342664699,659.1339977593345,653.6078107077854,0.0,80.27771084258953,80.27771084258953,60.0,0.0,60.0,60.0,12.0,12.0,12.0,19.0,12.0,12.0,21.0,10.0,0.0,0.0,0.0,0.0,0.0,0.0,0.0,0.0,0.0,0.0,0.0,0.0,0.0,80.27771084258953,80.27771084258953,0.0,0.0,0.0,80.27771084258953,0.0,0.0,0.0014933333333333335 
 03/28  00:10:00,2.9450000000000005,96.16666666666666,3.2333333333333336,0.0,0.0,0.0,0.0,0.0,2.0,2.0,0.0,0.0,0.0,0.0,0.0,2295.0,0.0,0.0,0.0,0.0,0.0,0.0,0.0,0.0,0.0,0.0,0.0,18.592975060449406,-146.70086933240416,18.627962941471688,-230.19782931181076,18.505991525661935,-147.12120879584428,18.277685647002867,-53.28147975283382,15.802497832615727,1.5055343151020016,18.311168708313454,-39.54423251331135,16.76870296422411,53.855543509111,15.070116075787139,-129.2934260571284,16.218554125589443,-139.0833366146419,473.6210801076419,575.5836310548355,0.0,0.0,0.0,0.0,0.0,0.0,0.0,0.0,0.0,0.0,0.0,0.0,0.0,0.0,0.0,0.0,0.0,0.0,0.0,0.0,0.0,0.0,1.661785559361249,0.5072605492555705,194.0843421039808,231.8174963636614,5993.121320304343,0.303447711853842,0.046313753335445979,138.8388926029171,165.82947623853719,4279.299975042724,3.110726683170287,0.5878168335544762,93.66916427335839,111.93961512240009,2958.0799382066986,0.31944468508104675,0.060363697105262018,80.4823028308154,96.23163184334995,2461.0148922732626,0.0,0.0,6.936038007569445,8.349649657532332,181.1406718981109,0.0,0.0,11.496393530413784,13.71124092095518,360.1292615537345,0.0,0.0,89.95471587298754,107.947232159092,2518.3024224315765,0.0,0.0,36.375563853879018,43.94064854368524,880.2742741588593,0.0,0.0,27.2612430785327,32.81028737755787,716.8162502216283,29.772265221357175,20.41993499407214,200.3787893183991,240.4520438901734,6487.792025458835,0.0,0.0,70.24499429755974,85.44193134070159,1430.9874794384564,0.0,18.151208971317609,38.419991483299828,22.0,30.0,0.0,18.23528105939983,37.60278008928704,12.0,30.0,0.0,18.13074407740003,38.744359741135848,22.0,30.0,0.0,18.078169813119673,38.76720085760755,12.0,30.0,0.0,15.793390828823375,47.25969791109749,12.0,30.0,0.0,18.505389492861509,39.72902376890916,12.0,30.0,0.0,16.765938769052665,42.79913217243557,10.0,30.0,0.0,14.809164174337756,49.62112733212474,12.0,30.0,0.0,15.8862037147654,46.33164291525182,20.0,30.0,0.0,16.86861753936042,0.0,0.0,0.0,12.847137029698669,0.0,0.0,562.4065238081315,537.2022539605808,574.2575676904972,571.9266091066021,668.7342901493139,973.0370448509652,604.6787874073714,652.2996633895555,704.2520989706148,0.0,80.27771084258953,80.27771084258953,60.0,0.0,60.0,60.0,12.0,12.0,12.0,19.0,12.0,12.0,21.0,10.0,0.0,0.0,0.0,0.0,0.0,0.0,0.0,0.0,0.0,0.0,0.0,0.0,0.0,80.27771084258953,80.27771084258953,0.0,0.0,0.0,80.27771084258953,0.0,0.0,0.00151 
 03/28  00:20:00,2.9699999999999999,96.33333333333333,3.246666666666667,0.0,0.0,0.0,0.0,0.0,2.0,2.0,0.0,0.0,0.0,0.0,0.0,1530.0,0.0,0.0,0.0,0.0,0.0,0.0,0.0,0.0,0.0,0.0,0.0,18.470579774352389,-204.88651504553446,18.58642310318251,-109.96819097975409,18.425540888717089,-104.0239561915912,18.224140349619068,-170.8022282024417,15.771109348258286,0.5842266099485016,18.248290692898139,-36.733734553868718,16.806062767903187,35.782425833337587,14.971576743992222,-150.04677855911525,16.282724576539367,-153.7026150817104,400.2722158718011,613.4536240411533,0.0,0.0,0.0,0.0,0.0,0.0,0.0,0.0,0.0,0.0,0.0,0.0,0.0,0.0,0.0,0.0,0.0,0.0,0.0,0.0,0.0,0.0,1.6534157841931954,0.5047056728306458,104.30846189185904,124.53656357625278,3200.76921782648,0.30844860843631619,0.047077015939608699,38.74911643185836,46.32083645752887,1197.9271982811973,3.1164962406343159,0.5889070749497953,121.36745351566884,144.77167299719725,3790.809222959866,0.3147871093609691,0.059483580756041,86.1372667724436,102.83722445792087,2620.5766997626194,0.0,0.0,7.056486512422628,8.490134149811415,183.46979199380929,0.0,0.0,11.120044982346553,13.257163575283404,346.3634365367251,0.0,0.0,91.25082622183524,109.39392444898575,2567.791017901232,0.0,0.0,38.7014635663311,46.741124227501618,924.292405086783,0.0,0.0,26.355241856440906,31.680834120888599,700.3400019785465,29.71806422562598,20.382760099880654,137.14634873682634,164.49011976023997,4603.0728178082049,0.0,0.0,71.01000886400486,86.3623792322384,1422.8314799627072,0.0,18.00811061538866,38.300667471539629,22.0,30.0,0.0,18.243910654983695,37.563098470684867,12.0,30.0,0.0,18.075872404446217,38.46634841848637,22.0,30.0,0.0,18.03035747728243,38.75351420395719,12.0,30.0,0.0,15.7586321850434,46.86405409859692,12.0,30.0,0.0,18.436920757004417,39.468763536874089,12.0,30.0,0.0,16.866375907337085,42.20123806987053,10.0,30.0,0.0,14.672214275706669,49.62153238388245,12.0,30.0,0.0,16.055181530533518,45.62494697342234,20.0,30.0,0.0,16.552886242386927,0.0,0.0,0.0,12.7031122074021,0.0,0.0,545.5764995828514,537.1048299787287,560.8128814160716,571.2263072947462,655.5934545698524,967.9240997417687,599.7015185370935,642.9565331091525,748.6810429576399,0.0,80.27771084258953,80.27771084258953,60.0,0.0,60.0,60.0,12.0,12.0,12.0,19.0,12.0,12.0,21.0,10.0,0.0,0.0,0.0,0.0,0.0,0.0,0.0,0.0,0.0,0.0,0.0,0.0,0.0,80.27771084258953,80.27771084258953,0.0,0.0,0.0,80.27771084258953,0.0,0.0,0.0015133333333333334 
 03/28  00:30:00,2.995,96.5,3.26,0.0,0.0,0.0,0.0,0.0,2.0,2.0,0.0,0.0,0.0,0.0,0.0,1530.0,0.0,0.0,0.0,0.0,0.0,0.0,0.0,0.0,0.0,0.0,0.0,18.3084995422738,-89.61306578610675,18.534636705268157,-281.6313573930538,18.310774110618696,-266.08720692071986,18.083553102610787,-111.34006062426215,15.739601762074948,-1.0794050188422233,18.19317325663723,-29.278869144616779,16.772092013127965,-11.165009015485794,14.867206696044864,-167.48358997523304,16.32128798185159,-133.13207746695918,562.8285733884659,613.2643658979913,0.0,0.0,0.0,0.0,0.0,0.0,0.0,0.0,0.0,0.0,0.0,0.0,0.0,0.0,0.0,0.0,0.0,0.0,0.0,0.0,0.0,0.0,1.6352815430399229,0.4991701901831266,376.6601798386188,450.0350623478255,11314.19914194833,0.28694068149662185,0.043794365307787217,187.72586481115793,223.92177232911997,5738.385970592079,3.0842890259223729,0.582821055540887,352.9993602534506,421.73333170935907,10731.027898535736,0.30807015659519179,0.05821431530521384,192.34599979827326,229.89409197663049,5761.234804979712,0.0,0.0,6.738113263800907,8.110437410692555,174.4088659560265,0.0,0.0,10.83936391876653,12.92459024988208,335.9465200618897,0.0,0.0,85.57344998611089,102.6239323888268,2397.8675657614069,0.0,0.0,42.0380285625878,50.80623455126382,990.0928333116104,0.0,0.0,22.00963572337532,26.446889818256599,588.5755662725733,29.50271011217632,20.235054946623,520.6702823394744,623.772030387247,15666.039429184795,0.0,0.0,68.55915344428036,83.43005331060252,1351.6054891793875,0.0,17.805427396596167,38.770177970668729,22.0,30.0,0.0,18.207342623707836,37.63416790822231,12.0,30.0,0.0,17.939897068667777,38.422000918578969,22.0,30.0,0.0,17.837252027677456,38.78926828258054,12.0,30.0,0.0,15.72464658161981,46.45435017862027,12.0,30.0,0.0,18.38259980275506,39.23136063121888,12.0,30.0,0.0,16.826961173766017,41.85657667359099,10.0,30.0,0.0,14.528160703273123,49.28348914211238,12.0,30.0,0.0,16.167832141751043,44.874846619555487,20.0,30.0,0.0,17.095969015283637,0.0,0.0,0.0,12.56647847543331,0.0,0.0,547.2068430300456,538.238675231915,547.0268771456562,555.7124268282796,642.85484773322,970.8965642644828,593.0533102978684,626.3317710654367,767.996848260319,0.0,80.27771084258953,80.27771084258953,60.0,0.0,60.0,60.0,12.0,12.0,12.0,19.0,12.0,12.0,21.0,10.0,0.0,0.0,0.0,0.0,0.0,0.0,0.0,0.0,0.0,0.0,0.0,0.0,0.0,80.27771084258953,80.27771084258953,0.0,0.0,0.0,80.27771084258953,0.0,0.0,0.0015166666666666667 
 03/28  00:40:00,3.0199999999999997,96.66666666666666,3.2733333333333336,0.0,0.0,0.0,0.0,0.0,2.0,2.0,0.0,0.0,0.0,0.0,0.0,1530.0,0.0,0.0,0.0,0.0,0.0,0.0,0.0,0.0,0.0,0.0,0.0,18.303869449669724,-213.15959941462553,18.374096000997839,-197.86190270346607,18.13773690064991,-126.31336584117207,18.060617205000484,-151.69356626600894,15.707377583803983,-1.5777539356299287,18.142178022312579,-29.712529872732149,16.70804656906668,7.5384487201524739,14.768970166515246,-173.57522875492919,16.348164777318489,-123.35143327438829,536.0780835046389,610.8687174427565,0.0,0.0,0.0,0.0,0.0,0.0,0.0,0.0,0.0,0.0,0.0,0.0,0.0,0.0,0.0,0.0,0.0,0.0,0.0,0.0,0.0,0.0,1.6136222613823568,0.49255868784565229,275.5880692797915,329.29590908713848,8286.342031644806,0.2929766179411031,0.04471560102886189,128.7914091965555,153.9797994135963,3885.0756606372835,3.1001299364692289,0.5858144248808068,269.36538254451457,321.8458209657249,8089.62319000864,0.3087671247343967,0.058346017523506547,153.04998715780276,182.83774030687384,4581.8243347624,0.0,0.0,6.95809308906245,8.3739156618723,179.27836446067773,0.0,0.0,10.67564926328824,12.733054729993829,329.3502010339883,0.0,0.0,86.84398504435586,104.16244817216026,2413.720566694591,0.0,0.0,43.654480777232908,52.78536669825778,1014.9640905750852,0.0,0.0,19.8865842960451,23.890679832554626,533.9611644411264,29.47124869181752,20.21347646901065,374.65977230877129,448.9833641609591,11408.221219719953,0.0,0.0,67.36495252716802,82.01621163378799,1307.5300722076154,0.0,17.864830225968619,38.34595235439784,22.0,30.0,0.0,17.987422358648219,37.86155831157121,12.0,30.0,0.0,17.715664173549557,38.71469549902848,22.0,30.0,0.0,17.85721706884599,38.601824962067237,12.0,30.0,0.0,15.690420565800924,46.11724421392866,12.0,30.0,0.0,18.334208641284204,38.96339702755831,12.0,30.0,0.0,16.738536228742356,41.742760551855209,10.0,30.0,0.0,14.400165407563657,49.19140797437319,12.0,30.0,0.0,16.25049224273207,44.23408792466983,20.0,30.0,0.0,16.993732603235338,0.0,0.0,0.0,12.438770226181504,0.0,0.0,538.5835265495859,526.9178650767947,538.8070295359244,554.1247859248904,634.0345208994172,969.1841702900883,584.1968698317085,619.537837899434,782.362274686343,0.0,80.27771084258953,80.27771084258953,60.0,0.0,60.0,60.0,12.0,12.0,12.0,19.0,12.0,12.0,21.0,10.0,0.0,0.0,0.0,0.0,0.0,0.0,0.0,0.0,0.0,0.0,0.0,0.0,0.0,80.27771084258953,80.27771084258953,0.0,0.0,0.0,80.27771084258953,0.0,0.0,0.0015199999999999999 
 03/28  00:50:00,3.0449999999999997,96.83333333333334,3.2866666666666668,0.0,0.0,0.0,0.0,0.0,2.0,2.0,0.0,0.0,0.0,0.0,0.0,1530.0,0.0,0.0,0.0,0.0,0.0,0.0,0.0,0.0,0.0,0.0,0.0,18.128745485996569,-88.91990136032018,18.344685460726916,-260.46729732030078,18.105404454901725,-222.72606060174804,17.94239265398272,-105.43500908272245,15.674766282605234,-2.5557439701702835,18.088906703871325,-26.404646973271214,16.665135952527707,-23.610556513476014,14.674399360801216,-179.00266956304405,16.37029115763857,-100.30570966295855,521.2686508744464,590.7326604574338,0.0,0.0,0.0,0.0,0.0,0.0,0.0,0.0,0.0,0.0,0.0,0.0,0.0,0.0,0.0,0.0,0.0,0.0,0.0,0.0,0.0,0.0,1.5999729904357967,0.4883922437227707,314.5317879764836,375.92385314209528,9336.455429636304,0.28079575885035426,0.04285649555103087,159.25738434437813,190.0551167110267,4787.251980319988,2.9767041239244707,0.5624913310514874,271.4949621556859,324.5711176415877,8131.69309759477,0.3028537657270716,0.05722860274510044,143.11912435070003,171.12247080616047,4238.517532033013,0.0,0.0,6.667075844993289,8.027676549464067,171.00566947176189,0.0,0.0,10.667866705217048,12.726283288977076,327.4893340446006,0.0,0.0,81.20839409821378,97.43995535007912,2246.163011255685,0.0,0.0,44.370966568691127,53.67725431918973,1018.9902246829879,0.0,0.0,16.321580448662169,19.603685392739288,439.5953884369013,29.33309800840445,20.118722913857654,408.5002611153596,489.58997113318767,12279.849900463618,0.0,0.0,63.84220976568414,77.7716020055327,1217.3417287766357,0.0,17.638987091270363,38.80262546491977,22.0,30.0,0.0,18.004779603316348,37.74465718942098,12.0,30.0,0.0,17.738990473851666,38.47019329620031,22.0,30.0,0.0,17.70125645140515,38.70254410711343,12.0,30.0,0.0,15.656302511736144,45.758040848018527,12.0,30.0,0.0,18.281146254183598,38.74530493652229,12.0,30.0,0.0,16.692659420136285,41.63316710258239,10.0,30.0,0.0,14.280866916208094,49.14435875538094,12.0,30.0,0.0,16.31959308862221,43.71093569578575,20.0,30.0,0.0,16.92317795226181,0.0,0.0,0.0,12.29273867285018,0.0,0.0,536.8281977614668,525.0171634143843,533.1764913516192,545.6363752404009,622.00815202392,967.8259595456659,578.5333013128691,611.8777655530996,800.4501824350386,0.0,80.27771084258953,80.27771084258953,60.0,0.0,60.0,60.0,12.0,12.0,12.0,19.0,12.0,12.0,21.0,10.0,0.0,0.0,0.0,0.0,0.0,0.0,0.0,0.0,0.0,0.0,0.0,0.0,0.0,80.27771084258953,80.27771084258953,0.0,0.0,0.0,80.27771084258953,0.0,0.0,0.0015199999999999999 
 03/28  01:00:00,3.07,97.0,3.3,0.0,0.0,0.0,0.0,0.0,2.0,2.0,0.0,0.0,0.0,0.0,0.0,765.0,0.0,0.0,0.0,0.0,0.0,0.0,0.0,0.0,0.0,0.0,0.0,18.07729361660217,-173.3830668453138,18.27204089159187,-109.53043119912013,18.066709936746045,-28.66872859326031,17.873058476766134,-162.2235753636769,15.638547233505668,-1.7967766666310752,18.03142953013723,-28.980042610069689,16.621546343786294,11.334156665406681,14.582356822692625,-171.80277467247948,16.386644073813,-97.19780400704696,468.22936942199888,596.9233108575954,0.0,0.0,0.0,0.0,0.0,0.0,0.0,0.0,0.0,0.0,0.0,0.0,0.0,0.0,0.0,0.0,0.0,0.0,0.0,0.0,0.0,0.0,1.574124509429859,0.4805019870054515,187.40285740319448,223.72231734597205,5540.434417293872,0.29305308568004787,0.04472727192918923,52.65371012081,62.78240537917106,1588.0778606592015,3.0932812200695136,0.5845202607841109,256.0821231016017,305.50166390486489,7681.888774578082,0.30586227183952927,0.057797103522208837,115.06981496100676,137.35819927199254,3387.5927180220198,0.0,0.0,7.135943023831232,8.574930098003524,182.157139426858,0.0,0.0,10.542470827032022,12.555208277739992,321.94279345616737,0.0,0.0,85.08305817684723,101.8899785029459,2342.16531577343,0.0,0.0,44.98768638593372,54.33726182169982,1021.1242489810802,0.0,0.0,15.728859817593588,18.851307091404445,424.5833182145108,29.326658862427366,20.11430649000506,258.19311970464778,309.20426211961247,7929.784827169793,0.0,0.0,63.699876191170208,77.47559648176775,1198.2414341903037,0.0,17.600512769289926,38.57640255517744,22.0,30.0,0.0,17.953609084059907,37.694339654585849,12.0,30.0,0.0,17.768214193163727,38.71577671711866,22.0,30.0,0.0,17.623114521636404,38.59160567340465,12.0,30.0,0.0,15.615915501363612,45.42630013683232,12.0,30.0,0.0,18.218428925337635,38.52458692008726,12.0,30.0,0.0,16.65001046164338,41.77881481031326,10.0,30.0,0.0,14.167308393654423,49.294268780605289,12.0,30.0,0.0,16.37310616417169,43.25213332480586,20.0,30.0,0.0,16.706767155704485,0.0,0.0,0.0,12.186428444926739,0.0,0.0,523.7001198315794,520.6010633492044,551.7789109204574,534.3952023372358,610.3297708702299,964.2094126437594,578.5000612840139,607.9313519010822,818.4406624973749,0.0,80.27771084258953,80.27771084258953,60.0,0.0,60.0,60.0,12.0,12.0,12.0,19.0,12.0,12.0,21.0,10.0,0.0,0.0,0.0,0.0,0.0,0.0,0.0,0.0,0.0,0.0,0.0,0.0,0.0,80.27771084258953,80.27771084258953,0.0,0.0,0.0,80.27771084258953,0.0,0.0,0.0015199999999999999 
 03/28  01:10:00,3.0799999999999998,97.16666666666667,3.25,0.0,0.0,0.0,0.0,0.0,2.0,2.0,0.0,0.0,0.0,0.0,0.0,1530.0,0.0,0.0,0.0,0.0,0.0,0.0,0.0,0.0,0.0,0.0,0.0,18.0610420347154,-114.47831089482543,18.187679304966019,-202.22489838281707,17.949150833918439,-175.37911220782645,17.849582518089126,-88.81696208215658,15.608504290171432,-3.1747699266490345,17.986886338199285,-25.642273192948325,16.569389254940718,-13.293991186912536,14.509428776399556,-183.20899465378489,16.3896347144697,-81.13649353817823,482.6351905951342,592.3119689601552,0.0,0.0,0.0,0.0,0.0,0.0,0.0,0.0,0.0,0.0,0.0,0.0,0.0,0.0,0.0,0.0,0.0,0.0,0.0,0.0,0.0,0.0,1.5691181353296982,0.47897378978318019,204.4348318726144,244.53474792207505,6069.420563949228,0.28253674833252259,0.0431222143364656,91.30835080430615,109.33013927395615,2717.2691513255547,2.9419810344539565,0.5559299006904681,206.26612989269513,246.6494439875022,6130.582002396151,0.3028185553603283,0.05722194923664554,117.10644701605631,140.04590243618348,3450.5030552192044,0.0,0.0,6.841955078903212,8.238172283719802,174.08665382327355,0.0,0.0,10.43356905311164,12.452117023617405,317.5533305127258,0.0,0.0,81.25873373399094,97.5236659514124,2224.1015413977549,0.0,0.0,45.96903464248482,55.64695385248645,1035.0969310443343,0.0,0.0,13.504688895852674,16.218573932976466,364.8168689593758,29.410493789863346,20.1718064402355,274.0268214053862,328.8640090840885,8363.946804689318,0.0,0.0,62.00677267350264,75.59442870906017,1151.1876655485153,0.0,17.668875926322874,38.446558004739319,22.0,30.0,0.0,17.843808391707275,37.69663111664252,12.0,30.0,0.0,17.60234255227853,38.58718935833291,22.0,30.0,0.0,17.65139686334281,38.70246395339149,12.0,30.0,0.0,15.588368365255816,45.30307260085304,12.0,30.0,0.0,18.180920292138596,38.420848152596807,12.0,30.0,0.0,16.583647630754319,41.59621522818058,10.0,30.0,0.0,14.089682526212475,49.344005062827459,12.0,30.0,0.0,16.399640562742535,43.02863253978115,20.0,30.0,0.0,16.700527522442834,0.0,0.0,0.0,12.076536085912256,0.0,0.0,526.7827539344514,505.13805527081538,525.5451342691868,544.3206460419738,604.1627645229412,961.6867981108464,565.8466981138968,605.8242890480824,832.4424884287531,0.0,80.27771084258953,80.27771084258953,60.0,0.0,60.0,60.0,12.0,12.0,12.0,19.0,12.0,12.0,21.0,10.0,0.0,0.0,0.0,0.0,0.0,0.0,0.0,0.0,0.0,0.0,0.0,0.0,0.0,80.27771084258953,80.27771084258953,0.0,0.0,0.0,80.27771084258953,0.0,0.0,0.0015199999999999999 
 03/28  01:20:00,3.09,97.33333333333334,3.2,0.0,0.0,0.0,0.0,0.0,2.0,2.0,0.0,0.0,0.0,0.0,0.0,765.0,0.0,0.0,0.0,0.0,0.0,0.0,0.0,0.0,0.0,0.0,0.0,18.081956907786866,-15.303407218881148,18.038709646598684,-354.8335611324983,17.842225850651539,-205.28033922492797,17.842897073702426,-13.529172010295952,15.570516537827686,-3.4573752379815234,17.932433069959346,-22.824433128785189,16.499035837799896,-23.59013021588362,14.418106351354999,-181.1038545670292,16.40600071921311,-60.6375090207805,462.36618916268346,579.9479024800041,0.0,0.0,0.0,0.0,0.0,0.0,0.0,0.0,0.0,0.0,0.0,0.0,0.0,0.0,0.0,0.0,0.0,0.0,0.0,0.0,0.0,0.0,1.5520098152933373,0.4737514698697611,219.1759639344656,261.46674412459177,6545.150791771057,0.2725652880296721,0.0416003186858474,172.21517218019785,205.5844830248742,5055.096969179141,2.8575474429648985,0.5399749514294973,103.39655061712725,123.48979817284499,3084.839890116578,0.29846436293127406,0.05639916155163907,67.84158286564937,80.95315770955433,2007.3334628716123,0.0,0.0,6.637031362713713,7.977589253182292,168.23401256181945,0.0,0.0,10.428208622159568,12.423751927946484,316.0987804688484,0.0,0.0,77.48163931895647,92.84320804380752,2105.0630204275128,0.0,0.0,46.38427483888602,56.06149677646233,1033.4424888784604,0.0,0.0,10.932850441192923,13.099674822021536,296.2967966407754,29.470250782108225,20.212792031624305,231.7443013624689,277.6274759008583,7129.576624188837,0.0,0.0,59.532088379976197,72.46439306551781,1089.986326720312,0.0,17.797282383691646,37.96722299236325,22.0,30.0,0.0,17.616964930229046,38.10374530123386,12.0,30.0,0.0,17.47383201524537,38.53842884130622,22.0,30.0,0.0,17.695948623060088,38.629552197572909,12.0,30.0,0.0,15.54575350135228,45.10306928473999,12.0,30.0,0.0,18.12248899151809,38.248888092460337,12.0,30.0,0.0,16.485856157266626,41.67325549198776,10.0,30.0,0.0,13.976156967956392,49.50115262942515,12.0,30.0,0.0,16.450780628899815,42.70785533110029,20.0,30.0,0.0,16.58033952306336,0.0,0.0,0.0,11.955888153160944,0.0,0.0,516.328145591667,498.1851138413395,506.1429487544326,553.0126234973607,593.6455959534062,953.4079879816684,557.9267661347619,600.5268244999351,865.6476779376716,0.0,80.27771084258953,80.27771084258953,60.0,0.0,60.0,60.0,12.0,12.0,12.0,19.0,12.0,12.0,21.0,10.0,0.0,0.0,0.0,0.0,0.0,0.0,0.0,0.0,0.0,0.0,0.0,0.0,0.0,80.27771084258953,80.27771084258953,0.0,0.0,0.0,80.27771084258953,0.0,0.0,0.0014933333333333335 
 03/28  01:30:00,3.0999999999999998,97.5,3.15,0.0,0.0,0.0,0.0,0.0,2.0,2.0,0.0,0.0,0.0,0.0,0.0,2295.0,0.0,0.0,0.0,0.0,0.0,0.0,0.0,0.0,0.0,0.0,0.0,17.922746960923843,-148.8042667539898,18.007153038731226,-167.53218826239005,17.83210104681428,-45.85979349337547,17.76348375759688,-164.07074059338093,15.541370337778912,-3.683453653561541,17.888951648825456,-27.33978663517599,16.463121092721744,-16.66823714688901,14.347457046658434,-195.39421637285629,16.410285351360533,-48.935493662185468,428.56235447389568,571.907161721396,0.0,0.0,0.0,0.0,0.0,0.0,0.0,0.0,0.0,0.0,0.0,0.0,0.0,0.0,0.0,0.0,0.0,0.0,0.0,0.0,0.0,0.0,1.549772503678589,0.473068529816419,187.8349366790295,225.028681637405,5504.392785836556,0.28699808968702447,0.043803127241609337,107.97204857009064,129.19457728774843,3177.2540719835585,2.844117871853795,0.5374372395793263,136.6454028520956,163.73774207533035,4065.033384135004,0.2888144719557891,0.05457567497274923,75.26423913658445,90.15013480377343,2203.5323702712778,0.0,0.0,7.155080097264798,8.62417246292457,180.80571408259773,0.0,0.0,10.361891423839222,12.378912733019784,313.0023915791505,0.0,0.0,78.20189795181369,93.96214991705125,2118.2196675776519,0.0,0.0,47.47361917531865,57.54293680483154,1049.4652592735095,0.0,0.0,13.0651590196842,15.693292923390147,354.29134635745137,29.528898314490605,20.253016676605353,216.34781250419759,260.1121263035465,6666.507242573347,0.0,0.0,58.69905217159011,71.66275313122864,1060.8778895336648,0.0,17.530188057774678,38.51999291638434,21.999999999999994,29.99999999999999,0.0,17.65694529984505,38.07562209840826,11.999999999999995,29.99999999999999,0.0,17.54633916851546,38.64183963265434,21.999999999999994,29.99999999999999,0.0,17.573631346147946,38.4939847695921,11.999999999999995,29.99999999999999,0.0,15.521439019899372,44.99030920835567,11.999999999999995,29.99999999999999,0.0,18.084953792965466,38.19575134477259,11.999999999999995,29.99999999999999,0.0,16.459180775336024,41.585425974229398,9.999999999999997,29.99999999999999,0.0,13.903017195927458,49.54739162997311,11.999999999999995,29.99999999999999,0.0,16.47495042342307,42.497372110401098,19.999999999999994,29.99999999999999,0.0,16.421207408506289,0.0,0.0,0.0,11.85165946758277,0.0,0.0,513.9423979446835,503.34663953505238,529.3493841965394,528.5775226502451,587.0500698817431,948.7592453271414,545.4100254502791,597.0798716136762,866.8992050451261,0.0,80.2777108425895,80.2777108425895,59.99999999999998,0.0,59.99999999999998,59.99999999999998,12.0,12.0,12.0,19.0,12.0,12.0,21.0,10.0,0.0,0.0,0.0,0.0,0.0,0.0,0.0,0.0,0.0,0.0,0.0,0.0,0.0,80.2777108425895,80.2777108425895,0.0,0.0,0.0,80.2777108425895,0.0,0.0,0.001466666666666667 
 03/28  01:40:00,3.11,97.66666666666666,3.1,0.0,0.0,0.0,0.0,0.0,2.0,2.0,0.0,0.0,0.0,0.0,0.0,2295.0,0.0,0.0,0.0,0.0,0.0,0.0,0.0,0.0,0.0,0.0,0.0,17.854433802193879,-142.95614019077594,17.876415312964629,-297.10061559021627,17.76672166476609,-160.47037303956655,17.6875581421582,-86.36258009785473,15.506184760007195,-4.24979252545624,17.838203757286317,-27.26618273459691,16.396639928921205,-31.956281599535339,14.259981171915353,-199.52763132773959,16.41103757115632,-55.43134132281469,424.19103981165775,579.4359158842734,0.0,0.0,0.0,0.0,0.0,0.0,0.0,0.0,0.0,0.0,0.0,0.0,0.0,0.0,0.0,0.0,0.0,0.0,0.0,0.0,0.0,0.0,1.5306655533829732,0.4672361274062802,241.92108904048389,289.72287221515719,7062.753126949134,0.28444922472971947,0.043414106338479797,143.7952692534744,172.25869850107956,4170.098173321981,2.7090653327294045,0.5119171074696535,92.83471147942913,111.15675083192929,2771.0239666434438,0.28573608288544347,0.05399396879921457,54.10181030929473,64.8412480091072,1576.1465335541059,0.0,0.0,7.12841082584419,8.592501080946825,179.48066591138869,0.0,0.0,10.322694209111539,12.334273046632135,310.5829840955434,0.0,0.0,76.55259522865365,92.00253051800152,2059.0395247402695,0.0,0.0,48.19056366772599,58.43378223723785,1054.322407447305,0.0,0.0,15.35048304101032,18.43893288680084,416.3971455109175,29.559818787535556,20.274224134112197,208.4978452434675,250.68600486923058,6383.783605596449,0.0,0.0,59.33337046578903,72.45796575626116,1061.3651801694903,0.0,17.475710783285864,38.51000762756708,22.000000000000008,30.00000000000001,0.0,17.4646501280252,38.37271791320861,12.000000000000006,30.00000000000001,0.0,17.48471703188605,38.50956704575307,22.000000000000008,30.00000000000001,0.0,17.490956895429105,38.49263157139423,12.000000000000006,30.00000000000001,0.0,15.48554456479652,44.82437761770601,12.000000000000006,30.00000000000001,0.0,18.03339820903423,38.09013757367144,12.000000000000006,30.00000000000001,0.0,16.372153615843425,41.600307539093737,10.000000000000004,30.00000000000001,0.0,13.797712132912423,49.60315781299602,12.000000000000006,30.00000000000001,0.0,16.490982642588635,42.183055428554578,20.000000000000008,30.00000000000001,0.0,16.343990392793587,0.0,0.0,0.0,11.769523086831019,0.0,0.0,508.4971165209025,496.1515457808001,518.7148670980712,523.0634607748029,578.1474146943208,936.2802469344684,541.4029017865292,603.5485930852824,853.7381688773012,0.0,80.27771084258956,80.27771084258956,60.00000000000002,0.0,60.00000000000002,60.00000000000002,12.0,12.0,12.0,19.0,12.0,12.0,21.0,10.0,0.0,0.0,0.0,0.0,0.0,0.0,0.0,0.0,0.0,0.0,0.0,0.0,0.0,80.27771084258956,80.27771084258956,0.0,0.0,0.0,80.27771084258956,0.0,0.0,0.00144 
 03/28  01:50:00,3.12,97.83333333333334,3.05,0.0,0.0,0.0,0.0,0.0,2.0,2.0,0.0,0.0,0.0,0.0,0.0,765.0,0.0,0.0,0.0,0.0,0.0,0.0,0.0,0.0,0.0,0.0,0.0,17.84061727727318,-39.756716291865817,17.849307010634,-172.13665484844888,17.72881123441998,-45.94385166930124,17.56945785290794,-215.47551043626982,15.466276036065679,-3.6081993862505898,17.77913851245767,-27.51696817059502,16.333822034877799,-22.638806186870626,14.173257704085664,-190.50591459075168,16.402664907599488,-57.25335307932232,354.7346353902858,586.4792007464457,0.0,0.0,0.0,0.0,0.0,0.0,0.0,0.0,0.0,0.0,0.0,0.0,0.0,0.0,0.0,0.0,0.0,0.0,0.0,0.0,0.0,0.0,1.5231746700557916,0.4649495329840634,73.12763818186972,87.3140739129482,2171.5382145377427,0.2856056268659253,0.04359060239101424,64.86762666721605,77.46421108652531,1890.0665553679065,2.7178948727321758,0.513585576857932,101.21252364468684,120.86162916480493,3014.1192772653737,0.2802199927150594,0.052951623717887249,95.16082526401996,113.71383519099038,2733.9593601069379,0.0,0.0,7.226160436217751,8.689198321888818,181.23002839387957,0.0,0.0,10.342746053254459,12.329046501738424,309.73487945697817,0.0,0.0,77.03303540389031,92.36461832027102,2059.800040272127,0.0,0.0,48.3392448919027,58.48205940384975,1047.0978556966259,0.0,0.0,16.03796049522194,19.21468089335683,434.8857403526367,29.592479565324824,20.296625216272177,126.79017722354974,152.16711955462743,4099.624804555036,0.0,0.0,59.46430239769512,72.4479801223916,1053.9922185118938,0.0,17.536414691954556,38.24222485897901,22.0,30.0,0.0,17.494884803687964,38.24701354201695,12.0,30.0,0.0,17.49045571265969,38.55053808648164,22.0,30.0,0.0,17.305185436564288,38.72619313376537,12.0,30.0,0.0,15.440719763981269,44.653830768184878,12.0,30.0,0.0,17.96495329644292,37.99464102289425,12.0,30.0,0.0,16.296590129432138,41.747770207878129,10.0,30.0,0.0,13.694062982407053,49.78188117678197,12.0,30.0,0.0,16.49136073113898,41.874053354109218,20.0,30.0,0.0,16.055398526526955,0.0,0.0,0.0,11.694821085386423,0.0,0.0,501.998917695396,491.4525712537252,534.0496779982432,497.59353684735586,570.0194155403868,921.0237382841442,544.7355829272149,609.4800465949202,834.3406340014726,0.0,80.27771084258953,80.27771084258953,60.0,0.0,60.0,60.0,12.0,12.0,12.0,19.0,12.0,12.0,21.0,10.0,0.0,0.0,0.0,0.0,0.0,0.0,0.0,0.0,0.0,0.0,0.0,0.0,0.0,80.27771084258953,80.27771084258953,0.0,0.0,0.0,80.27771084258953,0.0,0.0,0.0014333333333333334 
 03/28  02:00:00,3.13,98.0,3.0,0.0,0.0,0.0,0.0,0.0,2.0,2.0,0.0,0.0,0.0,0.0,0.0,1530.0,0.0,0.0,0.0,0.0,0.0,0.0,0.0,0.0,0.0,0.0,0.0,17.71351407364576,-127.99772223365562,17.811612101068964,-225.19050625001479,17.621669333661655,-160.88435201642165,17.54855951017978,-89.46059770453462,15.434834522122522,-4.209594868135994,17.7345053880046,-27.053874881412896,16.293694268451675,-27.08097284538985,14.107758210018586,-197.01952734380644,16.38845505666015,-60.50389612566465,419.95818312383019,594.6262549327221,0.0,0.0,0.0,0.0,0.0,0.0,0.0,0.0,0.0,0.0,0.0,0.0,0.0,0.0,0.0,0.0,0.0,0.0,0.0,0.0,0.0,0.0,1.4992516409383732,0.4576470210434595,160.73237698666123,192.29265470512935,4662.095373612092,0.27194839058229539,0.04150616461878745,103.39052823739195,123.5713615849272,2989.1149945312115,2.684046255672871,0.507189390716718,117.7956244232347,141.0489132477063,3455.180915224567,0.29060045061318948,0.054913161491532389,114.23666311887077,136.80080330615398,3288.7967298531254,0.0,0.0,7.212924782259817,8.691651517781116,180.30762956390073,0.0,0.0,10.509349119382764,12.553210568172558,313.60729723026659,0.0,0.0,77.54539912628806,93.17571198793016,2066.208116264728,0.0,0.0,48.99648655341373,59.404867397910518,1053.8446355045849,0.0,0.0,17.01281325838748,20.42255844660916,460.5128650889344,29.678475533880396,20.35560736205789,194.73894899560779,233.9329331169447,5955.113596772782,0.0,0.0,60.10957525219665,73.39119704685962,1056.284195802069,0.0,17.344945792486376,38.636766734883668,22.0,30.0,0.0,17.48418449759515,38.24735763894183,12.0,30.0,0.0,17.34099136954807,38.74787860592042,22.0,30.0,0.0,17.346560539929155,38.74504859968904,12.0,30.0,0.0,15.41310136545026,44.601163764908609,12.0,30.0,0.0,17.92511544629,37.97229562765679,12.0,30.0,0.0,16.26188806094229,41.68108127376427,10.0,30.0,0.0,13.630398055628778,49.85275491815532,12.0,30.0,0.0,16.481857532510788,41.75911499544847,20.0,30.0,0.0,16.221545556203524,0.0,0.0,0.0,11.631790936966898,0.0,0.0,497.2087246610554,490.77705862100728,515.5303786002284,518.0957130928924,567.7066932994877,913.007258383677,538.9365256206754,613.2212705883983,825.1134013165222,0.0,80.27771084258953,80.27771084258953,60.0,0.0,60.0,60.0,12.0,12.0,12.0,19.0,12.0,12.0,21.0,10.0,0.0,0.0,0.0,0.0,0.0,0.0,0.0,0.0,0.0,0.0,0.0,0.0,0.0,80.27771084258953,80.27771084258953,0.0,0.0,0.0,80.27771084258953,0.0,0.0,0.0014266666666666664 
 03/28  02:10:00,3.1933333333333335,98.0,2.973333333333333,0.0,0.0,0.0,0.0,0.0,2.0,2.0,0.0,0.0,0.0,0.0,0.0,1530.0,0.0,0.0,0.0,0.0,0.0,0.0,0.0,0.0,0.0,0.0,0.0,17.637944005430904,-185.95089011527353,17.654787181124779,-237.48079466944547,17.560499206948508,-163.95567575164115,17.459484771961937,-115.65137690499864,15.398591362870296,-4.630053880175481,17.684928041332307,-30.187258942724385,16.221672074780778,-31.93309797635584,14.032474468809824,-199.3616491431162,16.36937726152965,-64.21146058189192,455.3723726002172,594.4254462001176,0.0,0.0,0.0,0.0,0.0,0.0,0.0,0.0,0.0,0.0,0.0,0.0,0.0,0.0,0.0,0.0,0.0,0.0,0.0,0.0,0.0,0.0,1.4805100993879435,0.4519261597643296,259.4476538919966,310.6966577747821,7426.788798742686,0.27559140891642966,0.042062180848050929,176.10473403414808,210.9344272402476,5001.689568687413,2.580373171165507,0.48759886076445727,130.26714895545548,155.90884420380568,3778.3313327767739,0.28197645698487619,0.05328353306592518,123.67590466218687,148.0467391610583,3514.431589129942,0.0,0.0,7.308588917665793,8.806295551350662,181.2296361142278,0.0,0.0,10.795527503429418,12.898732046451224,319.7197211951769,0.0,0.0,76.44521469486716,91.86674699978772,2012.9471511589243,0.0,0.0,49.28408577697155,59.7732916284822,1045.532609125008,0.0,0.0,19.102260309560714,22.933970336182708,513.9728430628485,29.593498232022843,20.297323890276304,280.6380276508294,337.07347803672669,8253.910842403617,0.0,0.0,60.26792603683443,73.60431256039307,1042.9887991055599,0.0,17.269442772896967,38.786012531673417,22.0,30.0,0.0,17.24697496095402,38.7861151340326,12.0,30.0,0.0,17.296226349777684,38.82290373925058,22.0,30.0,0.0,17.221867019249808,38.95307245137353,12.0,30.0,0.0,15.376327081951516,44.53082952963655,12.0,30.0,0.0,17.873877022992859,37.934870929717437,12.0,30.0,0.0,16.16585843902651,41.826746161063599,10.0,30.0,0.0,13.546728012080312,49.90913201770617,12.0,30.0,0.0,16.46422277561303,41.59764451298031,20.0,30.0,0.0,16.334914198652329,0.0,0.0,0.0,11.563481854738264,0.0,0.0,495.96131990208058,489.0983763698606,515.9428080489961,509.7093981664134,564.9643083578606,898.9544410624003,539.6091996175674,617.601357691324,809.9569429853345,0.0,80.27771084258953,80.27771084258953,60.0,0.0,60.0,60.0,12.0,12.0,12.0,19.0,12.0,12.0,21.0,10.0,0.0,0.0,0.0,0.0,0.0,0.0,0.0,0.0,0.0,0.0,0.0,0.0,0.0,80.27771084258953,80.27771084258953,0.0,0.0,0.0,80.27771084258953,0.0,0.0,0.0014199999999999999 
 03/28  02:20:00,3.256666666666667,98.0,2.9466666666666665,0.0,0.0,0.0,0.0,0.0,2.0,2.0,0.0,0.0,0.0,0.0,0.0,765.0,0.0,0.0,0.0,0.0,0.0,0.0,0.0,0.0,0.0,0.0,0.0,17.59709483852432,-30.390882520906417,17.610883446034607,-249.9043467664569,17.50767124430924,-50.8131403282232,17.41578324374131,-140.44255054063297,15.358850202927288,-4.588479090973095,17.62934992767419,-27.82076943971265,16.1423101438642,-52.19726424340661,13.959273785870927,-192.32069583548219,16.345972200717886,-62.79534550662595,394.15932969716325,601.71889619933,0.0,0.0,0.0,0.0,0.0,0.0,0.0,0.0,0.0,0.0,0.0,0.0,0.0,0.0,0.0,0.0,0.0,0.0,0.0,0.0,0.0,0.0,1.461483591299497,0.44611831236248386,226.94901641050408,271.2012640653024,6475.356022059987,0.2634191755680424,0.040204391875464349,146.4643301529894,175.06952800617538,4140.585658495528,2.54201513244059,0.4803505541270958,92.6701477170041,110.74437747693202,2695.080502541629,0.2675555617273009,0.050558496169180049,87.41596220170502,104.50355781261519,2467.2856623129066,0.0,0.0,6.867116948342611,8.261097364341648,168.8714822084586,0.0,0.0,11.043994768718726,13.17286390103154,324.42912608825949,0.0,0.0,71.48046889901383,85.78083848806806,1858.5467715123432,0.0,0.0,49.26128208984142,59.647901948321017,1031.1888114320346,0.0,0.0,19.516451219410546,23.388276339965363,521.8458743071514,29.446442343847598,20.196462512927029,202.60150649373208,243.09668438497546,6046.759426233215,0.0,0.0,60.14887924428984,73.33333738872325,1026.644156010588,0.0,17.29506838655515,38.73747806223401,22.0,30.0,0.0,17.22742782038408,38.73873742957875,12.0,30.0,0.0,17.27230413402908,38.97493750025773,22.0,30.0,0.0,17.18529975483087,38.858202480737897,12.0,30.0,0.0,15.332893035281009,44.47857125807236,12.0,30.0,0.0,17.810905911173763,37.93208617314555,12.0,30.0,0.0,16.058578093775745,42.07264175641457,10.0,30.0,0.0,13.46661478596625,50.0768783661108,12.0,30.0,0.0,16.43978654287141,41.47241414861978,20.0,30.0,0.0,16.117591322140276,0.0,0.0,0.0,11.507420519331215,0.0,0.0,498.7728786128647,478.1250498497747,535.3365993336805,480.92914457288409,562.6694396314505,885.4910572908857,542.0572551140574,619.894853588312,797.1299833997217,0.0,80.27771084258953,80.27771084258953,60.0,0.0,60.0,60.0,12.0,12.0,12.0,19.0,12.0,12.0,21.0,10.0,0.0,0.0,0.0,0.0,0.0,0.0,0.0,0.0,0.0,0.0,0.0,0.0,0.0,80.27771084258953,80.27771084258953,0.0,0.0,0.0,80.27771084258953,0.0,0.0,0.0014033333333333337 
 03/28  02:30:00,3.32,98.0,2.92,0.0,0.0,0.0,0.0,0.0,2.0,2.0,0.0,0.0,0.0,0.0,0.0,1530.0,0.0,0.0,0.0,0.0,0.0,0.0,0.0,0.0,0.0,0.0,0.0,17.497144116589323,-114.27476060561344,17.59054486412616,-179.08673144781779,17.423065940371587,-136.6762687069047,17.38797716243034,-113.33098352769707,15.326844089327058,-4.589428226806135,17.584873501803103,-31.661047281105966,16.108730900161605,-30.65167025168671,13.901080273858888,-195.95936717574808,16.324204819874269,-67.61268319221125,395.4862421893722,598.5364419508372,0.0,0.0,0.0,0.0,0.0,0.0,0.0,0.0,0.0,0.0,0.0,0.0,0.0,0.0,0.0,0.0,0.0,0.0,0.0,0.0,0.0,0.0,1.445980799299635,0.44138608037229395,149.508088915512,179.00448916419499,4221.17160266057,0.26728720248952778,0.040794750074714249,105.23572606893943,125.93218054093558,2965.113717362028,2.52087240730965,0.47635533017945028,101.50718456107396,121.56818211527667,2909.5502953067827,0.2726231761254093,0.05151609526179313,99.15762538796219,118.75802405931026,2784.884581116072,0.0,0.0,7.3014916394923,8.802252843100554,178.17115809707054,0.0,0.0,11.232565889025557,13.425664927641894,327.5399221981241,0.0,0.0,75.93990156937828,91.31907241988309,1962.0357178576379,0.0,0.0,49.43249401364504,59.982597855569867,1022.9715220889957,0.0,0.0,20.410760239380758,24.5091663587689,542.17409699306,29.47863918124351,20.218545391799397,184.92396892727997,222.2628633685827,5546.42509678918,0.0,0.0,60.25643678835007,73.62278341663427,1013.0564850896496,0.0,17.148723278231456,39.04672248980359,22.0,30.0,0.0,17.261216650134448,38.710408740933448,12.0,30.0,0.0,17.165784918988345,39.09935635821718,22.0,30.0,0.0,17.189295626022408,38.99848433557217,12.0,30.0,0.0,15.305213051424829,44.46960829061563,12.0,30.0,0.0,17.769035907158768,37.955934695186638,12.0,30.0,0.0,16.043328780916914,42.08529947474409,10.0,30.0,0.0,13.41431406417287,50.16075772169832,12.0,30.0,0.0,16.41921325163768,41.43727191737562,20.0,30.0,0.0,16.07916621801829,0.0,0.0,0.0,11.447074953101748,0.0,0.0,493.3834245594329,481.8676075201424,513.8415291608139,504.36618784139878,562.2683965465164,878.3740352729944,541.1209061434429,624.8165843582134,791.1643814806939,0.0,80.27771084258953,80.27771084258953,60.0,0.0,60.0,60.0,12.0,12.0,12.0,19.0,12.0,12.0,21.0,10.0,0.0,0.0,0.0,0.0,0.0,0.0,0.0,0.0,0.0,0.0,0.0,0.0,0.0,80.27771084258953,80.27771084258953,0.0,0.0,0.0,80.27771084258953,0.0,0.0,0.0013866666666666667 
 03/28  02:40:00,3.3833333333333335,98.0,2.893333333333333,0.0,0.0,0.0,0.0,0.0,2.0,2.0,0.0,0.0,0.0,0.0,0.0,2295.0,0.0,0.0,0.0,0.0,0.0,0.0,0.0,0.0,0.0,0.0,0.0,17.446624322484064,-116.22969819108822,17.52086879726579,-199.05509560088877,17.385441715865409,-93.97932525835063,17.348609831239139,-75.49425586647382,15.291951460067815,-4.7654136899108379,17.53771349203255,-31.722781165579634,16.06110306435965,-34.9885894520488,13.837693716186875,-197.00264223880877,16.29929480602586,-69.49393883090326,309.59004722359375,602.5486999299535,0.0,0.0,0.0,0.0,0.0,0.0,0.0,0.0,0.0,0.0,0.0,0.0,0.0,0.0,0.0,0.0,0.0,0.0,0.0,0.0,0.0,0.0,1.4282224752030062,0.43596534652106458,146.9871012038196,176.1085365443387,4116.254192559757,0.2648816739652284,0.04042760591654893,98.03296772334508,117.46973610418346,2737.9006453431786,2.470099606470611,0.4667610745409323,52.19647352000261,62.488165843187889,1520.3236657160324,0.267567682246571,0.050560786516736799,46.46125562473401,55.61156859063377,1300.3431674060003,0.0,0.0,7.281356658725975,8.784419708174588,176.25343838762317,0.0,0.0,11.253454570844431,13.461802343643587,325.669150522227,0.0,0.0,75.7677270092766,91.18352038413713,1940.6788182329067,0.0,0.0,49.76659729007166,60.441193511882648,1017.1305294964802,0.0,0.0,20.77163464778112,24.9605298597959,548.0316136160309,29.411978270672234,20.172824602655873,121.08928614612023,145.6986557683411,3794.7041644326839,0.0,0.0,60.53769377644832,74.02725433093522,1004.1140437739207,0.0,17.118465253042154,39.1291663033856,22.000000000000019,30.00000000000002,0.0,17.185891279695924,38.89184866838805,12.00000000000001,30.00000000000002,0.0,17.161527627021124,39.129128310585247,22.000000000000019,30.00000000000002,0.0,17.16593381972087,38.995063748953459,12.00000000000001,30.00000000000002,0.0,15.27197573944463,44.47359313863256,12.00000000000001,30.00000000000002,0.0,17.721972704229616,37.989564331421309,12.00000000000001,30.00000000000002,0.0,15.995856609351535,42.168228471953629,10.000000000000007,30.00000000000002,0.0,13.351061657277704,50.28167921023277,12.00000000000001,30.00000000000002,0.0,16.393987479959045,41.41022875093206,20.000000000000015,30.00000000000002,0.0,15.76419036200123,0.0,0.0,0.0,11.400187399208554,0.0,0.0,490.27330103600237,477.081303190786,518.3200899709481,492.0213271810928,561.7953072660587,870.7313106995833,539.4938949114788,626.1513647399734,786.454408878722,0.0,80.27771084258959,80.27771084258959,60.00000000000004,0.0,60.00000000000004,60.00000000000004,12.0,12.0,12.0,19.0,12.0,12.0,21.0,10.0,0.0,0.0,0.0,0.0,0.0,0.0,0.0,0.0,0.0,0.0,0.0,0.0,0.0,80.27771084258959,80.27771084258959,0.0,0.0,0.0,80.27771084258959,0.0,0.0,0.0013700000000000002 
 03/28  02:50:00,3.4466666666666665,98.0,2.8666666666666669,0.0,0.0,0.0,0.0,0.0,2.0,2.0,0.0,0.0,0.0,0.0,0.0,1530.0,0.0,0.0,0.0,0.0,0.0,0.0,0.0,0.0,0.0,0.0,0.0,17.370298405131075,-137.1032614201231,17.484569891638807,-97.20452522402633,17.32525205460959,-95.84690405506876,17.29890409919245,-119.5524946215964,15.254271225614997,-4.5984390838578979,17.487064221430857,-32.31212907439391,16.013374498829746,-28.36756556680075,13.772311170417304,-194.93204760519496,16.27088726399368,-71.37249073600873,280.4308871640692,605.2311650846517,0.0,0.0,0.0,0.0,0.0,0.0,0.0,0.0,0.0,0.0,0.0,0.0,0.0,0.0,0.0,0.0,0.0,0.0,0.0,0.0,0.0,0.0,1.4138579707206809,0.43158057714306499,109.19225297542852,130.8696218071472,3040.5751673017359,0.2663181765070318,0.040646852336238079,45.110773121044058,54.09005999107347,1256.193083935485,2.432598512220273,0.4596746999660381,76.08548893159579,91.07650493816881,2167.9388646838526,0.2648523886626544,0.050047692491053358,38.48344731947264,46.03172480837245,1065.4726688126837,0.0,0.0,7.392964269623007,8.914306736400576,177.46355737798715,0.0,0.0,11.233346202522386,13.432055249821437,322.51219911280097,0.0,0.0,76.98012547266305,92.59444534136999,1954.9560626247756,0.0,0.0,50.009079589382398,60.71190740660791,1008.9820682270944,0.0,0.0,20.8061369511434,24.989982444005368,545.073411274049,29.378877325481139,20.150121622415054,95.87844202041953,115.3880977354634,3103.125474932377,0.0,0.0,60.743731321809068,74.2441678281042,994.2701339931475,0.0,17.040787301524334,39.36018781792476,22.0,30.0,0.0,17.177256803544993,38.95820214036239,12.0,30.0,0.0,17.107275159939414,39.20018042082556,22.0,30.0,0.0,17.112016782605158,39.15005277966782,12.0,30.0,0.0,15.233363882440188,44.49327201809149,12.0,30.0,0.0,17.667409271669024,38.04670976259963,12.0,30.0,0.0,15.94872377586182,42.28388960370613,10.0,30.0,0.0,13.282995059364172,50.42881422863686,12.0,30.0,0.0,16.36273678920707,41.404175119682729,20.0,30.0,0.0,15.63028571793759,0.0,0.0,0.0,11.35548739317835,0.0,0.0,490.2587775242289,477.0230424140961,502.2452209454905,482.78974032875808,560.9675707333106,863.9466068334555,541.5626371433305,626.1674945235718,782.1456570343303,0.0,80.27771084258953,80.27771084258953,60.0,0.0,60.0,60.0,12.0,12.0,12.0,19.0,12.0,12.0,21.0,10.0,0.0,0.0,0.0,0.0,0.0,0.0,0.0,0.0,0.0,0.0,0.0,0.0,0.0,80.27771084258953,80.27771084258953,0.0,0.0,0.0,80.27771084258953,0.0,0.0,0.0013633333333333334 
 03/28  03:00:00,3.51,98.0,2.84,0.0,0.0,0.0,0.0,0.0,2.0,2.0,0.0,0.0,0.0,0.0,0.0,1530.0,0.0,0.0,0.0,0.0,0.0,0.0,0.0,0.0,0.0,0.0,0.0,17.227226911925059,-88.145767013144,17.466945528455214,-217.29158820862905,17.23328383754286,-214.85034348909904,17.18667773885193,-126.18630220000068,15.217352715902705,-5.443315973081724,17.438700921893024,-31.39749975347712,15.954641107283692,-55.10842801284957,13.709278442798727,-195.62846169333603,16.241747062265568,-73.24361767654614,459.01624815888138,603.4253191438893,0.0,0.0,0.0,0.0,0.0,0.0,0.0,0.0,0.0,0.0,0.0,0.0,0.0,0.0,0.0,0.0,0.0,0.0,0.0,0.0,0.0,0.0,1.3954542801431749,0.4259628449765491,312.10217339318356,374.09765538719037,8472.027691342253,0.24611952982338596,0.037564030803325088,157.9754402889784,189.08197670464069,4357.388399080304,2.3916585154395086,0.4519384949810108,290.58436137026936,348.32680648590527,7986.939102349732,0.25652069125197887,0.04847329766666266,158.9334210390603,190.58746663715645,4319.332588213158,0.0,0.0,6.975318748645861,8.413648814292479,166.04514823773338,0.0,0.0,11.527919640678459,13.786278578181556,328.3826444000812,0.0,0.0,72.72550810093338,87.5137511421032,1828.1591810710239,0.0,0.0,50.15480862863594,60.90485326445733,999.0344654456071,0.0,0.0,22.501217339597713,27.027985393115089,585.2097074247226,29.231441941874455,20.04899996013338,427.32373880374748,513.4768136250468,11743.660814901014,0.0,0.0,60.73395883150791,74.2463266257846,980.7304145941287,0.0,16.84051007003093,39.876428148497989,22.0,30.0,0.0,17.185516534199964,39.01033818221959,12.0,30.0,0.0,16.988301945244314,39.518218412690618,22.0,30.0,0.0,16.942886425500967,39.619410481910367,12.0,30.0,0.0,15.1963805703053,44.53432627403684,12.0,30.0,0.0,17.616996417652659,38.122616009572627,12.0,30.0,0.0,15.878129340750665,42.46015745254533,10.0,30.0,0.0,13.218432764258111,50.55271205272816,12.0,30.0,0.0,16.330893556550259,41.41355896086725,20.0,30.0,0.0,16.212280601113677,0.0,0.0,0.0,11.310649000153019,0.0,0.0,484.89176004575315,486.3180912982348,492.5469500988672,484.6015483678128,560.122299640228,858.5361913288568,539.2793121302354,627.0995935429846,774.6273801580642,0.0,80.27771084258953,80.27771084258953,60.0,0.0,60.0,60.0,12.0,12.0,12.0,19.0,12.0,12.0,21.0,10.0,0.0,0.0,0.0,0.0,0.0,0.0,0.0,0.0,0.0,0.0,0.0,0.0,0.0,80.27771084258953,80.27771084258953,0.0,0.0,0.0,80.27771084258953,0.0,0.0,0.0013566666666666665 
 03/28  03:10:00,3.5199999999999997,98.0,2.8183333333333335,0.0,0.0,0.0,0.0,0.0,2.0,2.0,0.0,0.0,0.0,0.0,0.0,765.0,0.0,0.0,0.0,0.0,0.0,0.0,0.0,0.0,0.0,0.0,0.0,17.2479791016506,-94.77732998017473,17.376016183802,-155.70732624859057,17.17618874163272,-32.6816241236711,17.147551616793206,-137.48966921764214,15.176709401056538,-4.5257444220562779,17.38477718090843,-33.49915448410769,15.903510506912728,-24.12990536416828,13.64645738887165,-189.67859600365524,16.208767511940175,-74.72617688576077,388.29700232621055,603.4483135645855,0.0,0.0,0.0,0.0,0.0,0.0,0.0,0.0,0.0,0.0,0.0,0.0,0.0,0.0,0.0,0.0,0.0,0.0,0.0,0.0,0.0,0.0,1.369274824428675,0.4179715581284112,154.31788383363677,184.637874143814,4224.619983131926,0.251714885913551,0.038418022880578609,88.54817271150411,105.89651459225506,2432.8128728239005,2.468991905465503,0.4665517584024006,210.81991179092109,252.22462436217263,5797.0144732090889,0.26451318760685069,0.049983595541732917,97.74015962852478,116.95319152026052,2655.1158763214687,0.0,0.0,7.372234968650418,8.875204886465287,174.75330627828707,0.0,0.0,11.639059164351947,13.896097133432367,330.0728626951336,0.0,0.0,77.2614788887322,92.79743873859256,1933.171288658398,0.0,0.0,50.22891045022771,60.891384996917938,993.4111187334428,0.0,0.0,22.215327023198478,26.63897107949243,575.8663850247225,29.271328251425559,20.076356825394766,212.54763465763393,255.1768322163024,6094.4250383877929,0.0,0.0,60.81466209560381,74.21263431240443,976.2356541509009,0.0,16.94004695366639,39.6729702633162,22.0,30.0,0.0,17.07562397134399,39.32805032903468,12.0,30.0,0.0,16.962819921851769,39.55144477892843,22.0,30.0,0.0,16.917444202637659,39.72202459306344,12.0,30.0,0.0,15.152262232385614,44.60685119298542,12.0,30.0,0.0,17.55701629090876,38.232519564596348,12.0,30.0,0.0,15.828596175527105,42.56759116809417,10.0,30.0,0.0,13.154474089681214,50.730456354744607,12.0,30.0,0.0,16.293016486374318,41.45764945556348,20.0,30.0,0.0,15.951125003716023,0.0,0.0,0.0,11.27100622032877,0.0,0.0,485.7450514833081,475.7293579074341,496.689400136208,477.45811801893208,560.1039449949066,851.6273688961793,539.3608328792216,628.5026549285907,770.26498466087,0.0,80.27771084258953,80.27771084258953,60.0,0.0,60.0,60.0,12.0,12.0,12.0,19.0,12.0,12.0,21.0,10.0,0.0,0.0,0.0,0.0,0.0,0.0,0.0,0.0,0.0,0.0,0.0,0.0,0.0,80.27771084258953,80.27771084258953,0.0,0.0,0.0,80.27771084258953,0.0,0.0,0.0013499999999999999 
 03/28  03:20:00,3.5300000000000004,98.0,2.796666666666667,0.0,0.0,0.0,0.0,0.0,2.0,2.0,0.0,0.0,0.0,0.0,0.0,765.0,0.0,0.0,0.0,0.0,0.0,0.0,0.0,0.0,0.0,0.0,0.0,17.258397855417735,-24.383568052700868,17.28795324827362,-233.5437199280036,17.095129349412887,-138.53949626385134,17.171505319867764,-8.189815681747178,15.139927608277734,-4.637093250762831,17.336751660456188,-31.441862577656424,15.856223404701055,-35.111851147674318,13.58984746149654,-189.05889758833633,16.178678880584429,-74.79786607440019,326.12561236763306,607.5794208106293,0.0,0.0,0.0,0.0,0.0,0.0,0.0,0.0,0.0,0.0,0.0,0.0,0.0,0.0,0.0,0.0,0.0,0.0,0.0,0.0,0.0,0.0,1.3679705531630202,0.41757342892644086,120.4137237181947,144.02787863526172,3323.6194597211117,0.24909093679473166,0.038017542245838167,114.41680753050405,136.8894625891445,3112.848439691143,2.3661459865937455,0.4471175333699445,55.6098254980227,66.55479835787881,1562.8660878587396,0.26505467552931719,0.05008591752254669,59.68762854817379,71.3955066548197,1635.2983760558837,0.0,0.0,7.211526864775748,8.682949433248496,170.2850188547178,0.0,0.0,11.525701714196439,13.763178787445663,325.5697366452733,0.0,0.0,75.97578984447593,91.26898039676631,1892.0115170661139,0.0,0.0,50.421338976772847,61.13655315249998,990.8816731542128,0.0,0.0,21.886898697568975,26.248325784985018,565.5864841549588,29.26022933640156,20.068744400824124,129.67381866851142,155.82220929314622,3922.0619985545474,0.0,0.0,61.01260589535814,74.46353861377927,974.2422807660308,0.0,17.031535829691607,39.442472871280489,22.0,30.0,0.0,16.956548036504136,39.661646177654,12.0,30.0,0.0,16.858035809736145,39.90856752235358,22.0,30.0,0.0,17.023702254454628,39.41178573738688,12.0,30.0,0.0,15.115815993855918,44.671320412865728,12.0,30.0,0.0,17.509215043781475,38.32417528472559,12.0,30.0,0.0,15.778039319680321,42.75532170019915,10.0,30.0,0.0,13.10128774424506,50.8935972774201,12.0,30.0,0.0,16.261731805135019,41.50577332726456,20.0,30.0,0.0,15.691212663814263,0.0,0.0,0.0,11.238984889331663,0.0,0.0,482.183363727667,480.44193031781358,497.0445812104266,496.23185404101249,559.7670344091318,848.0325334947947,538.1634892709408,626.6412425184212,771.2633134821153,0.0,80.27771084258953,80.27771084258953,60.0,0.0,60.0,60.0,12.0,12.0,12.0,19.0,12.0,12.0,21.0,10.0,0.0,0.0,0.0,0.0,0.0,0.0,0.0,0.0,0.0,0.0,0.0,0.0,0.0,80.27771084258953,80.27771084258953,0.0,0.0,0.0,80.27771084258953,0.0,0.0,0.0013399999999999999 
 03/28  03:30:00,3.54,98.0,2.775,0.0,0.0,0.0,0.0,0.0,2.0,2.0,0.0,0.0,0.0,0.0,0.0,1530.0,0.0,0.0,0.0,0.0,0.0,0.0,0.0,0.0,0.0,0.0,0.0,17.103826228703626,-135.19357493683766,17.2599099477577,-170.19351553869547,17.04935665195148,-125.86881412268827,17.09518211277451,-130.05738186039219,15.10683035721937,-5.031636453059292,17.29405195293573,-31.822215858080797,15.81300395684765,-44.379920382978529,13.538621892626784,-190.30605768801503,16.151616090618299,-75.88756528057729,408.8176513954809,608.2334852595133,0.0,0.0,0.0,0.0,0.0,0.0,0.0,0.0,0.0,0.0,0.0,0.0,0.0,0.0,0.0,0.0,0.0,0.0,0.0,0.0,0.0,0.0,1.37189294799079,0.41877074114492987,211.3847679169215,253.4105141306496,5705.336276804168,0.24904983595092709,0.03801126922327947,104.62763547885541,125.27782251687653,2839.1448732807459,2.3266329886571635,0.4396509804718753,154.67543393087795,185.55989043604047,4225.8638828759799,0.2553961304979898,0.04826079563454076,71.8709900321653,86.2601686044839,1945.4212671902913,0.0,0.0,7.155922802708659,8.634343281519353,168.37812488648238,0.0,0.0,11.527456771341157,13.793176369012097,324.4550577543456,0.0,0.0,74.51105289408528,89.70298090657036,1847.7424702961012,0.0,0.0,50.623080614613247,61.50928130795122,989.1944691320935,0.0,0.0,22.860795731235354,27.469554675169694,589.0165571659031,29.270305300629866,20.075655213052039,234.5841803081878,282.16875726701769,6621.078467650679,0.0,0.0,61.18082445844366,74.82207242849931,971.1688895870461,0.0,16.77474195297876,40.12121586937978,22.0,30.0,0.0,16.971981764233765,39.63151809248781,12.0,30.0,0.0,16.836799263424856,39.95083324358512,22.0,30.0,0.0,16.89923672863224,39.79722403541132,12.0,30.0,0.0,15.086842753358316,44.74067035074356,12.0,30.0,0.0,17.47132633522294,38.410794270235928,12.0,30.0,0.0,15.736592841281795,42.874991404483008,10.0,30.0,0.0,13.057993802378796,51.00378322706478,12.0,30.0,0.0,16.236807453394726,41.559619934823519,20.0,30.0,0.0,15.92012471261239,0.0,0.0,0.0,11.204554213743024,0.0,0.0,482.52399095853476,483.7126534653322,494.2243341483568,480.5521498202332,558.9082649133027,846.6923840612055,534.8065724255915,623.9878295618405,767.3513330496467,0.0,80.27771084258953,80.27771084258953,60.0,0.0,60.0,60.0,12.0,12.0,12.0,19.0,12.0,12.0,21.0,10.0,0.0,0.0,0.0,0.0,0.0,0.0,0.0,0.0,0.0,0.0,0.0,0.0,0.0,80.27771084258953,80.27771084258953,0.0,0.0,0.0,80.27771084258953,0.0,0.0,0.00133 
 03/28  03:40:00,3.55,98.0,2.7533333333333336,0.0,0.0,0.0,0.0,0.0,2.0,2.0,0.0,0.0,0.0,0.0,0.0,765.0,0.0,0.0,0.0,0.0,0.0,0.0,0.0,0.0,0.0,0.0,0.0,17.077825720416877,-83.4161163661147,17.195091037927776,-140.720074048269,17.01539998947971,-32.57390168491838,16.993392099488838,-187.16941174573277,15.065586910602152,-4.635738352306788,17.240301169331315,-33.634058475660768,15.756289927188654,-32.225406807947368,13.478573975556302,-186.02374306260527,16.116979331420937,-77.32383199949868,373.3886892348346,606.6917980382189,0.0,0.0,0.0,0.0,0.0,0.0,0.0,0.0,0.0,0.0,0.0,0.0,0.0,0.0,0.0,0.0,0.0,0.0,0.0,0.0,0.0,0.0,1.3620730607259859,0.41577321755982479,113.2860195870008,135.61263933758375,3072.2179626655067,0.25363126000737165,0.038710509769134867,69.14658427191124,82.7424895145875,1874.5068640122514,2.3469959841796834,0.44349886322367429,182.92616082984788,218.94653894156043,4980.419126889595,0.25284032313790585,0.04777783883936239,109.88460287982973,131.56200590457855,2941.353828430583,0.0,0.0,7.340441529429562,8.840597661028005,171.97023357650805,0.0,0.0,11.64980341758147,13.916280304057532,326.41072765144909,0.0,0.0,75.55119709119289,90.79318827805516,1863.0124926411307,0.0,0.0,50.60117914163691,61.37827437916537,981.8471232659514,0.0,0.0,23.24736822437394,27.886637365060527,596.8960714044491,29.23785137029775,20.05339600157597,184.59275826646957,221.75380431214416,5302.131020470126,0.0,0.0,61.11815668681421,74.61239680745817,964.4587245225084,0.0,16.795778620320119,40.10311800424404,22.0,30.0,0.0,16.9062569390325,39.82942010004085,12.0,30.0,0.0,16.839612022131836,39.94305874558074,22.0,30.0,0.0,16.7487774303352,40.23039545475521,12.0,30.0,0.0,15.041713963960682,44.85901708911844,12.0,30.0,0.0,17.410975500746458,38.5561894212277,12.0,30.0,0.0,15.673318960636632,43.03408221214501,10.0,30.0,0.0,12.996455811236542,51.20433802864445,12.0,30.0,0.0,16.197079582010063,41.650725524991887,20.0,30.0,0.0,15.772930252704189,0.0,0.0,0.0,11.1659120860953,0.0,0.0,486.3704381356403,474.061720089975,490.6775836717813,471.1256955686612,557.4573727412584,843.1504017329635,538.0300747330343,625.6723143953987,759.9715255082376,0.0,80.27771084258953,80.27771084258953,60.0,0.0,60.0,60.0,12.0,12.0,12.0,19.0,12.0,12.0,21.0,10.0,0.0,0.0,0.0,0.0,0.0,0.0,0.0,0.0,0.0,0.0,0.0,0.0,0.0,80.27771084258953,80.27771084258953,0.0,0.0,0.0,80.27771084258953,0.0,0.0,0.0013200000000000003 
 03/28  03:50:00,3.56,98.0,2.7316666666666666,0.0,0.0,0.0,0.0,0.0,2.0,2.0,0.0,0.0,0.0,0.0,0.0,765.0,0.0,0.0,0.0,0.0,0.0,0.0,0.0,0.0,0.0,0.0,0.0,17.077260125861707,-26.225660578362296,17.11752691167755,-213.7400403459228,16.8834869187175,-193.58545909911437,17.01727752438554,-5.530733185138615,15.02843328058257,-4.676145511351422,17.19264219586605,-32.48533028579271,15.7102945756451,-35.98960812935957,13.42514123566209,-184.8812574334006,16.085178675802334,-78.4872104331962,349.55042416191648,606.642045400276,0.0,0.0,0.0,0.0,0.0,0.0,0.0,0.0,0.0,0.0,0.0,0.0,0.0,0.0,0.0,0.0,0.0,0.0,0.0,0.0,0.0,0.0,1.3433218738883586,0.41004941205383357,124.41640167943885,148.90274159061739,3383.9566157242286,0.24686767238827318,0.03767821617647637,101.91087910547617,121.99181900541362,2737.3726555137566,2.2756209769898785,0.43001152248486,99.02570613859841,118.60982914332182,2680.1596457433895,0.26207121364572047,0.04952214921498873,86.4939709960404,103.51617918487199,2335.1219024938475,0.0,0.0,7.230193085287599,8.709010379278198,168.71894020745624,0.0,0.0,11.683695860499763,13.959173727536847,326.04852346803178,0.0,0.0,75.72463539888253,91.01633671928421,1858.8880883862908,0.0,0.0,50.643972445513238,61.441168403790239,976.6705530465524,0.0,0.0,22.86074425093066,27.42626986221656,585.0237597050742,29.21477148773377,20.037566178143885,153.70806237996997,184.73056906120187,4488.322084619141,0.0,0.0,61.138622950591919,74.64757059050182,959.0699088531751,0.0,16.863777053042946,39.92870038238059,22.0,30.0,0.0,16.805433606001829,40.104140543283879,12.0,30.0,0.0,16.630291718698634,40.55093291676638,22.0,30.0,0.0,16.867860353901166,39.87711904956439,12.0,30.0,0.0,15.004737904158157,44.95467524313502,12.0,30.0,0.0,17.362969833763498,38.67067550998561,12.0,30.0,0.0,15.626631398159582,43.20010113073478,10.0,30.0,0.0,12.946886263517563,51.37810159821573,12.0,30.0,0.0,16.16354830441607,41.730111597313257,20.0,30.0,0.0,15.649973112948029,0.0,0.0,0.0,11.129598803470783,0.0,0.0,482.53204552893109,482.81172050131149,492.27189590617356,490.629872706158,557.3973722223346,840.5466265777957,537.8202972716534,625.9124501017259,761.5674772814057,0.0,80.27771084258953,80.27771084258953,60.0,0.0,60.0,60.0,12.0,12.0,12.0,19.0,12.0,12.0,21.0,10.0,0.0,0.0,0.0,0.0,0.0,0.0,0.0,0.0,0.0,0.0,0.0,0.0,0.0,80.27771084258953,80.27771084258953,0.0,0.0,0.0,80.27771084258953,0.0,0.0,0.0013166666666666668 
 03/28  04:00:00,3.57,98.0,2.71,0.0,0.0,0.0,0.0,0.0,2.0,2.0,0.0,0.0,0.0,0.0,0.0,1530.0,0.0,0.0,0.0,0.0,0.0,0.0,0.0,0.0,0.0,0.0,0.0,16.93286989279175,-121.88435979066708,17.089431474170597,-164.22888651852697,16.868087543868616,-67.59107703859934,16.93199015927465,-142.10813129700484,14.995115647883433,-5.0755131475975479,17.150580254939855,-32.549793510572417,15.666924280733842,-45.59392732116953,13.375930528325516,-186.78606923517067,16.05688014834236,-79.43120333099324,382.92541221532749,607.7941044463353,0.0,0.0,0.0,0.0,0.0,0.0,0.0,0.0,0.0,0.0,0.0,0.0,0.0,0.0,0.0,0.0,0.0,0.0,0.0,0.0,0.0,0.0,1.3418501417660292,0.4096001653742458,203.04884927746898,243.58092911591133,5407.465080025734,0.2423735780050546,0.03699230433532579,94.54245202124069,113.23594126347186,2530.3516430506276,2.2921128205676046,0.43312789504300938,152.642063289964,183.34317945065545,4113.53958676759,0.25110903867949416,0.04745068758115912,68.3153047852374,82.11571002288065,1820.0035791160518,0.0,0.0,7.138896503949065,8.617244747711851,165.99172230205694,0.0,0.0,11.706704006034226,14.015008000015144,325.5200006657477,0.0,0.0,74.21680539379077,89.39608900178929,1813.981495843778,0.0,0.0,50.88100079552498,61.85706982424385,975.6939051529023,0.0,0.0,23.78451659784998,28.590010224371349,606.7999361039211,29.17779044202399,20.012201949262005,219.17310779512725,263.89395018736595,6125.421057933757,0.0,0.0,61.3376819647313,75.04417568000886,956.4566850303829,0.0,16.628858278762448,40.559503572179739,22.0,30.0,0.0,16.816206538794597,40.08794644799673,12.0,30.0,0.0,16.676806701912626,40.4124711308297,22.0,30.0,0.0,16.724920227745426,40.32523173226723,12.0,30.0,0.0,14.975464182849358,45.040499266118327,12.0,30.0,0.0,17.325589913795569,38.76657830953666,12.0,30.0,0.0,15.584620525555846,43.330175933851368,10.0,30.0,0.0,12.904908780668127,51.511615563663088,12.0,30.0,0.0,16.13738534221511,41.802972329957928,20.0,30.0,0.0,15.722813532116973,0.0,0.0,0.0,11.095473257999853,0.0,0.0,481.6374883189477,483.85169939509776,493.0588095205626,471.86470877619777,556.9947485663528,839.8492309437519,534.6937193631736,624.0655564590622,758.8879570236793,0.0,80.27771084258953,80.27771084258953,60.0,0.0,60.0,60.0,12.0,12.0,12.0,19.0,12.0,12.0,21.0,10.0,0.0,0.0,0.0,0.0,0.0,0.0,0.0,0.0,0.0,0.0,0.0,0.0,0.0,80.27771084258953,80.27771084258953,0.0,0.0,0.0,80.27771084258953,0.0,0.0,0.0013133333333333335 
 03/28  04:10:00,3.625,98.0,2.756666666666667,0.0,0.0,0.0,0.0,0.0,2.0,2.0,0.0,0.0,0.0,0.0,0.0,765.0,0.0,0.0,0.0,0.0,0.0,0.0,0.0,0.0,0.0,0.0,0.0,16.918998557245979,-63.93414934181283,17.01563541691462,-154.90837636866719,16.84089344726026,-40.021275639427589,16.842846139618268,-176.82910627702769,14.953867311254069,-4.715484335093237,17.09924607486222,-34.19583330350008,15.610009317027611,-35.127065878763009,13.318977834707,-182.46339382418206,16.021627893887623,-80.3063251474108,339.0337069387824,605.5640955752535,0.0,0.0,0.0,0.0,0.0,0.0,0.0,0.0,0.0,0.0,0.0,0.0,0.0,0.0,0.0,0.0,0.0,0.0,0.0,0.0,0.0,0.0,1.328820844322778,0.4056229683524964,97.943330917385,117.30523529180306,2621.747850003687,0.24745259682579519,0.03776749035802735,70.26064244812429,84.13358327355367,1869.7059220469915,2.230215254881024,0.4214314540591506,149.4805665195386,179.0251422616285,4009.6255916264578,0.24799550870400073,0.04686234102494343,91.45345134950671,109.55890015883785,2409.1651228833518,0.0,0.0,7.3011268391784729,8.797438993743054,168.36130864360855,0.0,0.0,11.803846555449225,14.108511757399285,325.7007329922233,0.0,0.0,74.84354902812126,89.99785273041899,1812.0230728371287,0.0,0.0,50.7542628035954,61.60176520330522,961.9808293905118,0.0,0.0,24.376355375440313,29.25369160949076,617.4900183559469,29.18984730958593,20.02047140575167,151.11236984818448,181.6932253058448,4362.122922185363,0.0,0.0,61.160020270409038,74.69850654906112,942.4221875927202,0.0,16.67257907158968,40.48031095853199,22.0,30.0,0.0,16.728420183246958,40.356020614894678,12.0,30.0,0.0,16.682784972984466,40.42917849362078,22.0,30.0,0.0,16.60124548897961,40.68699454297236,12.0,30.0,0.0,14.930404360206668,45.18286432673538,12.0,30.0,0.0,17.266999405978546,38.92521830454167,12.0,30.0,0.0,15.520207610930499,43.50624561252102,10.0,30.0,0.0,12.846221400676575,51.721496018986247,12.0,30.0,0.0,16.096726052510424,41.922574844524969,20.0,30.0,0.0,15.540382036800997,0.0,0.0,0.0,11.057467146473409,0.0,0.0,487.42867296850269,471.7328531310624,484.31166835936519,468.48456562666487,555.9643136847305,837.0575432900957,538.3835065668538,626.2392057865645,751.3512837558054,0.0,80.27771084258953,80.27771084258953,60.0,0.0,60.0,60.0,12.0,12.0,12.0,19.0,12.0,12.0,21.0,10.0,0.0,0.0,0.0,0.0,0.0,0.0,0.0,0.0,0.0,0.0,0.0,0.0,0.0,80.27771084258953,80.27771084258953,0.0,0.0,0.0,80.27771084258953,0.0,0.0,0.0013100000000000002 
 03/28  04:20:00,3.68,98.0,2.8033333333333338,0.0,0.0,0.0,0.0,0.0,2.0,2.0,0.0,0.0,0.0,0.0,0.0,765.0,0.0,0.0,0.0,0.0,0.0,0.0,0.0,0.0,0.0,0.0,0.0,16.902301413949205,-30.183483371158219,16.96197024931979,-174.27494134426616,16.714334292758019,-186.86404962119924,16.86848560168049,-6.3421364466667,14.917032248124574,-4.687466498028812,17.054094413948815,-33.74434789319935,15.569431246727384,-34.35343133899096,13.268357607513412,-181.5706418253901,15.989438084717227,-81.90032241836605,295.7664666171572,604.6729771160801,0.0,0.0,0.0,0.0,0.0,0.0,0.0,0.0,0.0,0.0,0.0,0.0,0.0,0.0,0.0,0.0,0.0,0.0,0.0,0.0,0.0,0.0,1.300633852979939,0.39701888064100707,82.34420098412252,98.61919541271871,2204.858442824556,0.24219361184539987,0.03696483697274113,75.57701642632077,90.52295931485651,1994.3967355001969,2.1553223567445896,0.4072793569056293,79.30125333891633,95.04663230979638,2112.450115516013,0.2546476453265291,0.048119358527310859,82.56115738227413,98.87441862042553,2185.4732684301477,0.0,0.0,7.287227505882521,8.782467374908624,166.71946807970657,0.0,0.0,11.796036363494432,14.102493668049878,323.14397826909376,0.0,0.0,75.85851074700452,91.23617778248564,1822.9045608656098,0.0,0.0,50.83236190300065,61.711331083187918,953.0246495428919,0.0,0.0,23.690919111178226,28.4366537395976,595.9524423576476,29.203909167508248,20.03011602709757,114.84402953940296,138.1818932032404,3417.321482974186,0.0,0.0,61.21973131886135,74.78548983889417,932.571349722001,0.0,16.70328338190437,40.41952551259146,22.0,30.0,0.0,16.674748679992434,40.519380951909479,12.0,30.0,0.0,16.482849002568295,41.016664621658289,22.0,30.0,0.0,16.718716924642217,40.34545061990371,12.0,30.0,0.0,14.894063732249505,45.2937228982148,12.0,30.0,0.0,17.220506930154277,39.0491359287725,12.0,30.0,0.0,15.483971928493224,43.64587278341643,10.0,30.0,0.0,12.798888044930438,51.902498138276957,12.0,30.0,0.0,16.062405012746554,42.01809725885876,20.0,30.0,0.0,15.355692285303757,0.0,0.0,0.0,11.025822787103142,0.0,0.0,481.88971260895547,481.71243134583258,493.5874983380045,483.88579886134689,556.299144087233,835.5934545627891,538.6309764944604,626.6581082072617,754.5979803543185,0.0,80.27771084258953,80.27771084258953,60.0,0.0,60.0,60.0,12.0,12.0,12.0,19.0,12.0,12.0,21.0,10.0,0.0,0.0,0.0,0.0,0.0,0.0,0.0,0.0,0.0,0.0,0.0,0.0,0.0,80.27771084258953,80.27771084258953,0.0,0.0,0.0,80.27771084258953,0.0,0.0,0.0013066666666666668 
 03/28  04:30:00,3.735,98.0,2.85,0.0,0.0,0.0,0.0,0.0,2.0,2.0,0.0,0.0,0.0,0.0,0.0,1530.0,0.0,0.0,0.0,0.0,0.0,0.0,0.0,0.0,0.0,0.0,0.0,16.765806399821089,-115.27252488092836,16.917997433219044,-188.66809902431977,16.69079010850249,-87.21314162807562,16.774163457253537,-157.9310107489962,14.884098878077772,-5.074839999078179,17.0150513685225,-33.32404072929742,15.5250520943025,-46.932731300984418,13.222337085917257,-182.69903732260969,15.96134029546487,-82.30047732304871,384.57892463820328,605.232194854742,0.0,0.0,0.0,0.0,0.0,0.0,0.0,0.0,0.0,0.0,0.0,0.0,0.0,0.0,0.0,0.0,0.0,0.0,0.0,0.0,0.0,0.0,1.288066532327533,0.39318270217568165,181.30468102418687,217.65607301400514,4718.995134338705,0.23387988318789899,0.03569595286750595,93.63800732820696,112.2684967968621,2447.235705420224,2.137151372883249,0.40384568648587496,168.25258715358667,202.2006419913015,4414.067777156119,0.24246107876004625,0.045816530377937678,87.39726602694616,105.04467999992986,2271.2928675266095,0.0,0.0,7.137610727878059,8.620810548103883,162.0660434396421,0.0,0.0,11.825443702961057,14.16723076504734,321.7702034229111,0.0,0.0,73.83652948822993,89.00123509134974,1759.340209481239,0.0,0.0,51.056520457560939,62.115974262458589,947.3227516576935,0.0,0.0,24.761030984722806,29.781489308564745,618.7315989668839,29.23084175347774,20.04858830828378,225.31872561232837,271.442654593265,6140.492219361469,0.0,0.0,61.40326430978388,75.16607931567055,925.2496531444435,0.0,16.48544129579234,41.05030783945283,22.0,30.0,0.0,16.643326751007458,40.65344748538517,12.0,30.0,0.0,16.509514013912324,40.955261648244178,22.0,30.0,0.0,16.555567516365345,40.87728952699901,12.0,30.0,0.0,14.865448950265926,45.38962628861253,12.0,30.0,0.0,17.18553607897219,39.14987548308473,12.0,30.0,0.0,15.43885111450332,43.81493467123514,10.0,30.0,0.0,12.75995350033621,52.04319727782523,12.0,30.0,0.0,16.036540454708793,42.102245637283839,20.0,30.0,0.0,15.61689717606163,0.0,0.0,0.0,11.001906013010107,0.0,0.0,477.7336073574158,480.16370185639269,490.07884274466678,470.7041498053889,556.259504719333,835.147839952949,534.5924710377101,625.1393813999321,751.775183174398,0.0,80.27771084258953,80.27771084258953,60.0,0.0,60.0,60.0,12.0,12.0,12.0,19.0,12.0,12.0,21.0,10.0,0.0,0.0,0.0,0.0,0.0,0.0,0.0,0.0,0.0,0.0,0.0,0.0,0.0,80.27771084258953,80.27771084258953,0.0,0.0,0.0,80.27771084258953,0.0,0.0,0.0013033333333333335 
 03/28  04:40:00,3.79,98.0,2.896666666666667,0.0,0.0,0.0,0.0,0.0,2.0,2.0,0.0,0.0,0.0,0.0,0.0,765.0,0.0,0.0,0.0,0.0,0.0,0.0,0.0,0.0,0.0,0.0,0.0,16.733982710653714,-68.40386633395747,16.850383136974558,-153.30558790143869,16.6615992667435,-36.29063300331927,16.69070290155908,-173.7722193454565,14.84335760692396,-4.759615001014225,16.96620591390264,-34.74075715525066,15.467042580163497,-37.908365051928289,13.16915750322011,-178.36137890202418,15.925931796366859,-82.95595769099509,344.18088688479477,601.4405683640273,0.0,0.0,0.0,0.0,0.0,0.0,0.0,0.0,0.0,0.0,0.0,0.0,0.0,0.0,0.0,0.0,0.0,0.0,0.0,0.0,0.0,0.0,1.276859302548152,0.3897616918645153,109.32050770445879,131.03972310272077,2846.070097290629,0.2368000382098439,0.0361416419734194,74.79263805623258,89.62764377804571,1941.8671132411074,2.0759445699640688,0.3922797751254855,167.21164458062877,200.42064092355987,4363.051632614426,0.23884073428547057,0.04513241388614333,97.41549687571716,116.7873322386158,2504.0854402539305,0.0,0.0,7.2523900611728469,8.743974945379062,163.2883844701607,0.0,0.0,11.936287222081754,14.276673323698024,322.30614200872545,0.0,0.0,74.20948093712134,89.30055326844581,1750.7065092933668,0.0,0.0,50.91354944877352,61.83917706031246,933.8241351458996,0.0,0.0,25.376560729025568,30.471399296884209,629.5177712435493,29.251975889529736,20.063083600500513,168.63153168596899,202.85641141027038,4690.100696425762,0.0,0.0,61.212198210019547,74.7998376720175,912.7064006031895,0.0,16.49262671813568,41.08319909056353,22.0,30.0,0.0,16.568946853442556,40.93012995638385,12.0,30.0,0.0,16.512997848384168,40.967134114388468,22.0,30.0,0.0,16.445478602750226,41.25991839349201,12.0,30.0,0.0,14.821201984297187,45.550140292394498,12.0,30.0,0.0,17.130190163413315,39.31988966840335,12.0,30.0,0.0,15.371680202480788,44.012056295162327,10.0,30.0,0.0,12.70618846127051,52.24922192714767,12.0,30.0,0.0,15.995994857237453,42.24107986578491,20.0,30.0,0.0,15.457072245112613,0.0,0.0,0.0,10.977146801489284,0.0,0.0,485.22162972906838,469.0643453954297,484.13129030289459,466.0171070304432,555.2363429488122,832.560325021013,535.8507081075325,627.3125127545528,744.5749067576826,0.0,80.27771084258953,80.27771084258953,60.0,0.0,60.0,60.0,12.0,12.0,12.0,19.0,12.0,12.0,21.0,10.0,0.0,0.0,0.0,0.0,0.0,0.0,0.0,0.0,0.0,0.0,0.0,0.0,0.0,80.27771084258953,80.27771084258953,0.0,0.0,0.0,80.27771084258953,0.0,0.0,0.0013 
 03/28  04:50:00,3.8449999999999999,98.0,2.943333333333334,0.0,0.0,0.0,0.0,0.0,2.0,2.0,0.0,0.0,0.0,0.0,0.0,765.0,0.0,0.0,0.0,0.0,0.0,0.0,0.0,0.0,0.0,0.0,0.0,16.721455043580325,-26.501647656170918,16.78932936041832,-185.96595509134068,16.555971590770786,-162.39268939638715,16.717598827442566,-7.301514223543563,14.806885258703556,-4.713838907366323,16.923044775169257,-34.38480667739907,15.421801083013723,-39.43956155757951,13.12275193797183,-176.23391806292853,15.893870015396141,-84.11741542388472,291.3912965733193,598.2919552173705,0.0,0.0,0.0,0.0,0.0,0.0,0.0,0.0,0.0,0.0,0.0,0.0,0.0,0.0,0.0,0.0,0.0,0.0,0.0,0.0,0.0,0.0,1.2530495294396845,0.382493751355215,94.14725004731077,112.84417808026662,2451.9644966535267,0.23154219063994836,0.035339162185584308,87.73694304696348,105.17214910134067,2255.2242419892279,1.977312147225213,0.37364175117634426,69.16283284088154,82.94915264814722,1803.617385550567,0.2438251573384085,0.04607429276991845,71.82152810935216,86.07683874230773,1856.5409553254468,0.0,0.0,7.2057335929126788,8.689448174711098,160.9367030293479,0.0,0.0,11.978545279604982,14.33043643620049,321.11998657725806,0.0,0.0,74.18302863156565,89.28873389530418,1735.3584810038117,0.0,0.0,50.87567275644351,61.806516720539239,923.2672900105887,0.0,0.0,25.12924584775751,30.180197866593934,618.9779605103506,29.289006674571657,20.08848194415066,117.02700966129732,140.89137093798659,3389.993229923146,0.0,0.0,61.15026834590873,74.73451918779775,902.682742313845,0.0,16.5327194743604,41.01644315881891,22.0,30.0,0.0,16.49907650962498,41.149695816023477,12.0,30.0,0.0,16.35268253680945,41.51818799132848,22.0,30.0,0.0,16.563765362720237,40.85405501932441,12.0,30.0,0.0,14.78535013164222,45.67251209324137,12.0,30.0,0.0,17.086013506642045,39.45287240328062,12.0,30.0,0.0,15.326357962035843,44.19688380918813,10.0,30.0,0.0,12.66476403006781,52.4317076922036,12.0,30.0,0.0,15.962251767479737,42.34626647700331,20.0,30.0,0.0,15.240716213737132,0.0,0.0,0.0,10.959065164440095,0.0,0.0,477.9165586454143,481.1155572066591,494.2783171999936,481.9290167036779,555.0775361917653,830.0860752582827,538.7663190977326,627.2787998333409,744.9099223248721,0.0,80.27771084258953,80.27771084258953,60.0,0.0,60.0,60.0,12.0,12.0,12.0,19.0,12.0,12.0,21.0,10.0,0.0,0.0,0.0,0.0,0.0,0.0,0.0,0.0,0.0,0.0,0.0,0.0,0.0,80.27771084258953,80.27771084258953,0.0,0.0,0.0,80.27771084258953,0.0,0.0,0.0013733333333333335 
 03/28  05:00:00,3.9,98.0,2.99,0.0,0.0,0.0,0.0,0.0,2.0,2.0,0.0,0.0,0.0,0.0,0.0,1530.0,0.0,0.0,0.0,0.0,0.0,0.0,0.0,0.0,0.0,0.0,0.0,16.59269693326778,-108.82131485826676,16.75579536815789,-170.48682336292718,16.535431895144229,-72.10250297444452,16.632535644154865,-147.45421929562583,14.77431892427008,-5.002429809598269,16.885353097626003,-34.476291120287047,15.378882068939263,-47.868258152282809,13.081303668670785,-175.48747644079857,15.865724685201723,-84.75693804980273,356.65339937392448,595.0704140652877,0.0,0.0,0.0,0.0,0.0,0.0,0.0,0.0,0.0,0.0,0.0,0.0,0.0,0.0,0.0,0.0,0.0,0.0,0.0,0.0,0.0,0.0,1.2423943030056118,0.3792412402337032,178.7975237965107,214.7810644962588,4540.640596994632,0.22569621225090415,0.03444691884171309,88.80695934253369,106.54034050816867,2264.4331880562147,1.933053242519664,0.36527839049880286,140.08561424186096,168.50213661978504,3595.683914449878,0.23248569360796968,0.04393153696295722,64.69175155741476,77.8746746461914,1642.1182689178539,0.0,0.0,7.108219917769334,8.590429806994847,157.53935313596458,0.0,0.0,12.03051084617843,14.422705839178294,320.32057772365297,0.0,0.0,72.87524185373339,87.9077247638249,1690.47970866326,0.0,0.0,50.94395853091446,62.02043233797576,915.2685329483347,0.0,0.0,26.054322972146374,31.35510182626183,637.4124464574645,29.355752538808067,20.134261000554237,198.00797232086229,238.7624524923072,5322.97586314553,0.0,0.0,61.18398481757032,74.92880052547527,894.4446718254003,0.0,16.329018058847283,41.641748321865168,22.0,30.0,0.0,16.489542835908045,41.23712125526372,12.0,30.0,0.0,16.379511975645238,41.438779687978797,22.0,30.0,0.0,16.418354179228815,41.46395107405155,12.0,30.0,0.0,14.757192869760459,45.779748914673628,12.0,30.0,0.0,17.052139181683505,39.56315196127453,12.0,30.0,0.0,15.284920343186718,44.390362461912307,10.0,30.0,0.0,12.632244087236775,52.56580763220921,12.0,30.0,0.0,15.936471910733502,42.44407980363442,20.0,30.0,0.0,15.41756633111126,0.0,0.0,0.0,10.946082408453674,0.0,0.0,477.8497384969926,481.1113227147119,489.6602352455898,465.9759660378862,555.1942281076854,829.6231815956217,534.040807690937,626.7333575122572,742.1196717803227,0.0,80.27771084258953,80.27771084258953,60.0,0.0,60.0,60.0,12.0,12.0,12.0,19.0,12.0,12.0,21.0,10.0,0.0,0.0,0.0,0.0,0.0,0.0,0.0,0.0,0.0,0.0,0.0,0.0,0.0,80.27771084258953,80.27771084258953,0.0,0.0,0.0,80.27771084258953,0.0,0.0,0.0014466666666666667 
 03/28  05:10:00,3.9566666666666667,98.0,3.0283333333333339,0.0,0.0,0.0,0.0,0.0,2.0,2.0,0.0,0.0,0.0,0.0,0.0,765.0,0.0,0.0,0.0,0.0,0.0,0.0,0.0,0.0,0.0,0.0,0.0,16.599781113446157,-32.947066268021448,16.683989788499589,-157.7901033175076,16.50544611631824,-40.70177193135805,16.544932652284893,-179.48665261798079,14.733969029985385,-4.710989377449749,16.837353280733685,-35.63818506445472,15.323858926820784,-39.07131048556403,13.033555366012088,-171.2450967652162,15.830054662895778,-85.06721375085442,307.42427693856009,589.4428863673431,0.0,0.0,0.0,0.0,0.0,0.0,0.0,0.0,0.0,0.0,0.0,0.0,0.0,0.0,0.0,0.0,0.0,0.0,0.0,0.0,0.0,0.0,1.2362212014528194,0.37735689910037226,81.86790229482488,98.17675213433034,2097.8878318822314,0.2296336451321081,0.035047870136158138,72.72020810504866,87.20699270964845,1840.5688307708584,1.902556007041804,0.3595154964175746,134.75997866026519,161.6254209968527,3440.707029868735,0.2287697074319929,0.04322934758730023,92.1919890486288,110.59821305762273,2312.7001395928334,0.0,0.0,7.20293580331022,8.689189425589812,158.23842882708107,0.0,0.0,12.089877883022384,14.469533243378445,319.37103040974827,0.0,0.0,73.10523087599397,88.03261396048538,1678.9898357557575,0.0,0.0,50.74750588533422,61.674595585724137,901.5464172655726,0.0,0.0,26.567313587960837,31.918020976583308,645.0412532091972,29.188548567802628,20.019580636352975,136.02572539574136,163.78339251127677,3789.480188564556,0.0,0.0,60.90544876014244,74.4499211949572,881.9481580746814,0.0,16.411584667027783,41.47149059973601,22.0,30.0,0.0,16.404591328204739,41.60421120052711,12.0,30.0,0.0,16.376826751493718,41.54366779969412,22.0,30.0,0.0,16.297877434088208,41.904920165641019,12.0,30.0,0.0,14.713396663648958,45.965063887222729,12.0,30.0,0.0,16.998426240376309,39.75340923364732,12.0,30.0,0.0,15.223031398845807,44.56514367526181,10.0,30.0,0.0,12.58681611888426,52.76311448979146,12.0,30.0,0.0,15.89610481095086,42.61096215227178,20.0,30.0,0.0,15.236673337549837,0.0,0.0,0.0,10.933092743286549,0.0,0.0,491.2408022282037,469.0942556869872,479.2098207325107,465.4036445535617,554.4652414685096,827.5916714189712,537.5310329788039,628.3232364332178,735.8176136141996,0.0,80.27771084258953,80.27771084258953,60.0,0.0,60.0,60.0,12.0,12.0,12.0,19.0,12.0,12.0,21.0,10.0,0.0,0.0,0.0,0.0,0.0,0.0,0.0,0.0,0.0,0.0,0.0,0.0,0.0,80.27771084258953,80.27771084258953,0.0,0.0,0.0,80.27771084258953,0.0,0.0,0.0015199999999999999 
 03/28  05:20:00,4.013333333333334,98.0,3.066666666666667,0.0,0.0,0.0,0.0,0.0,2.0,2.0,0.0,0.0,0.0,0.0,0.0,1530.0,0.0,0.0,0.0,0.0,0.0,0.0,0.0,0.0,0.0,0.0,0.0,16.50693417442941,-82.21206556099856,16.643218481717093,-204.8243969105227,16.453175600057457,-83.20378982386683,16.5269820191181,-91.53154590401778,14.701589176891235,-4.887964374501834,16.799593245881519,-35.09443962402162,15.285448074859918,-44.26091488859106,12.994876020825576,-169.69598948696206,15.80136652467521,-86.55240968760927,279.49630373645507,584.0535175488548,0.0,0.0,0.0,0.0,0.0,0.0,0.0,0.0,0.0,0.0,0.0,0.0,0.0,0.0,0.0,0.0,0.0,0.0,0.0,0.0,0.0,0.0,1.215387493298117,0.37099740332665356,135.9339777494158,163.28094461387145,3415.7617655744859,0.22080584474241569,0.03370052575433695,74.28029568657499,89.13119041022378,1855.925039408864,1.8638935769523802,0.3522096706259223,76.51554300141744,91.97454747158953,1955.4529736554176,0.23250060468111068,0.043934354626060208,74.72233336643981,89.82518593226192,1871.4271874258776,0.0,0.0,7.0978609373152949,8.580539561010302,154.68438297584368,0.0,0.0,12.116257379938748,14.53112907977447,317.816333896724,0.0,0.0,72.75822715437349,87.80106562346069,1657.5934134136406,0.0,0.0,50.71884636769089,61.766977172797229,892.037921023322,0.0,0.0,26.349746717658875,31.72005793246639,635.2109892682303,29.031462327754118,19.91183973096991,128.22369794281026,154.59942462090113,3571.1554910895445,0.0,0.0,60.809090904696848,74.48118442067703,872.0282332877233,0.0,16.281223815976,41.91556076804342,22.0,30.0,0.0,16.376640132633903,41.816524491856238,12.0,30.0,0.0,16.321794125144416,41.74790944938595,22.0,30.0,0.0,16.32777496914927,41.85633688518837,12.0,30.0,0.0,14.685381969791312,46.0737256258048,12.0,30.0,0.0,16.96487169615566,39.86921022830067,12.0,30.0,0.0,15.189969421215166,44.76661599482094,10.0,30.0,0.0,12.558278617080172,52.92441947884147,12.0,30.0,0.0,15.869633329975344,42.706239780803318,20.0,30.0,0.0,15.120371458799696,0.0,0.0,0.0,10.923331046660494,0.0,0.0,484.68423827563699,463.69842520857937,491.4997478617381,468.06442586725276,555.0472305153843,826.6967833888116,542.7892928149689,627.9400291315612,737.6072359915577,0.0,80.27771084258953,80.27771084258953,60.0,0.0,60.0,60.0,12.0,12.0,12.0,19.0,12.0,12.0,21.0,10.0,0.0,0.0,0.0,0.0,0.0,0.0,0.0,0.0,0.0,0.0,0.0,0.0,0.0,80.27771084258953,80.27771084258953,0.0,0.0,0.0,80.27771084258953,0.0,0.0,0.0015266666666666667 
 03/28  05:30:00,4.07,98.0,3.1050000000000006,0.0,0.0,0.0,0.0,0.0,2.0,2.0,0.0,0.0,0.0,0.0,0.0,3060.0,0.0,0.0,0.0,0.0,0.0,0.0,0.0,0.0,0.0,0.0,0.0,16.461612168890669,-73.6060006475958,16.5619093579489,-152.0608987915258,16.411677812558709,-89.63834397974373,16.495987653515639,-62.00257171854546,14.667377103056254,-4.97803516450174,16.759758058661185,-36.55905149309008,15.237329376328534,-45.6097365693214,12.955553887672738,-167.13814160966008,15.771219549920624,-87.31953556056445,222.90370036879484,577.7617242693373,0.0,0.0,0.0,0.0,0.0,0.0,0.0,0.0,0.0,0.0,0.0,0.0,0.0,0.0,0.0,0.0,0.0,0.0,0.0,0.0,0.0,0.0,1.2074015815310653,0.368559701322059,128.38736259652655,154.49350594265798,3200.9230750666449,0.2265139038315044,0.034571719144002508,72.40277993757778,87.14930700011561,1796.9928644773755,1.813654121717227,0.3427161983592645,43.136339099163027,51.85919808310596,1113.4411457642355,0.22455944210052054,0.04243375701068036,20.69334218468401,24.880187698464206,518.2239969071756,0.0,0.0,7.129280603031372,8.627713628284159,154.08410132704547,0.0,0.0,12.109453926934963,14.53954973797602,315.3298829511519,0.0,0.0,72.09091121032842,87.09450813074185,1626.722014807909,0.0,0.0,50.54523056230181,61.62393046030759,879.9284006852684,0.0,0.0,27.079080947688064,32.63513028222011,648.0796076358264,28.847447285862523,19.78562913982341,85.01882074258912,102.75423659353774,2519.380130387082,0.0,0.0,60.556372338156027,74.24850452333163,860.0553106280181,0.0,16.252972666155246,42.136322432236848,22.0,30.0,0.0,16.27907393048033,42.229592950396128,12.0,30.0,0.0,16.293176293904243,41.93925681555428,22.0,30.0,0.0,16.312519619132634,42.12254065603632,12.0,30.0,0.0,14.653593291228339,46.21726326876479,12.0,30.0,0.0,16.926835181681299,40.02228354864854,12.0,30.0,0.0,15.139308951071403,45.026400827883,10.0,30.0,0.0,12.527603749405884,53.08711993234225,12.0,30.0,0.0,15.84045316892727,42.84357812081919,20.0,30.0,0.0,14.917645699440037,0.0,0.0,0.0,10.913671867679568,0.0,0.0,480.9819293645888,462.99635223483969,492.53567947106856,459.2767154801312,556.0431098538927,825.5697194658487,538.7581658838672,629.7564907991907,735.274225377852,0.0,80.27771084258953,80.27771084258953,60.0,0.0,60.0,60.0,12.0,12.0,12.0,19.0,12.0,12.0,21.0,10.0,0.0,0.0,0.0,0.0,0.0,0.0,0.0,0.0,0.0,0.0,0.0,0.0,0.0,80.27771084258953,80.27771084258953,0.0,0.0,0.0,80.27771084258953,0.0,0.0,0.0015333333333333334 
 03/28  05:40:00,4.126666666666667,98.0,3.1433333333333337,0.0,0.0,0.0,0.0,0.0,2.0,2.0,0.0,0.0,0.0,0.0,0.0,765.0,0.0,0.0,0.0,0.0,0.0,0.0,0.0,0.0,0.0,0.0,0.0,16.433583223241116,-30.251152200531125,16.51389790658019,-162.66604468875404,16.363879055872176,-46.743621709933908,16.39342722955702,-188.10429401615284,14.62534086449643,-4.600275070349397,16.71003353764461,-36.1420593994813,15.187794532065855,-39.62103456640216,12.910373931162411,-163.1318401003673,15.733773739016226,-86.41133295565249,261.920329520623,574.0813737875039,0.0,0.0,0.0,0.0,0.0,0.0,0.0,0.0,0.0,0.0,0.0,0.0,0.0,0.0,0.0,0.0,0.0,0.0,0.0,0.0,0.0,0.0,1.202533315942403,0.3670736617650803,68.52051175654236,82.21828769744792,1715.8335551363005,0.22521616998588363,0.034373652317747808,59.744160995911787,71.69203208167343,1472.9134974237475,1.8002458338282035,0.34018250828197357,77.9422646565388,93.52514688549269,1961.4779599178397,0.2210740145615593,0.04177513502674967,73.69454526915125,88.4596566068029,1802.4647806143924,0.0,0.0,7.138658229965943,8.615781705238938,152.86861716981734,0.0,0.0,12.11567920592681,14.508318514932269,312.8917576951644,0.0,0.0,72.0113316956978,86.76386815551999,1609.8212670376013,0.0,0.0,50.44100116442703,61.33055714790637,868.2783041663697,0.0,0.0,27.31269220842989,32.82817876576811,648.5093998732588,28.705709382732587,19.688415214494236,103.07270346056149,124.21163849586969,2918.2600817062645,0.0,0.0,60.38880082778025,73.83276773252476,850.1863971986558,0.0,16.26018074857262,42.284889665224998,22.0,30.0,0.0,16.23533900234262,42.47234576519864,12.0,30.0,0.0,16.254188088649966,42.31898363433847,22.0,30.0,0.0,16.14495658067426,42.73274787762874,12.0,30.0,0.0,14.606021016005073,46.457068971796257,12.0,30.0,0.0,16.868652587602019,40.27792752062558,12.0,30.0,0.0,15.085621745949164,45.26721800885121,10.0,30.0,0.0,12.484013633129927,53.33444048891627,12.0,30.0,0.0,15.796584693206772,43.06743640298835,20.0,30.0,0.0,15.007378282011305,0.0,0.0,0.0,10.906843658858517,0.0,0.0,477.91065408695348,467.06856780299565,474.10236697864539,466.12244085326236,556.6376664711573,824.3047531092558,539.7106831570294,631.4841235615896,732.1631054364889,0.0,80.27771084258953,80.27771084258953,60.0,0.0,60.0,60.0,12.0,12.0,12.0,19.0,12.0,12.0,21.0,10.0,0.0,0.0,0.0,0.0,0.0,0.0,0.0,0.0,0.0,0.0,0.0,0.0,0.0,80.27771084258953,80.27771084258953,0.0,0.0,0.0,80.27771084258953,0.0,0.0,0.0015400000000000002 
 03/28  05:50:00,4.183333333333334,98.0,3.1816666666666668,0.0,0.0,0.0,0.0,0.0,2.0,2.0,0.0,0.0,0.0,0.0,0.0,765.0,0.0,0.0,0.0,0.0,0.0,0.0,0.0,0.0,0.0,0.0,0.0,16.321171941493966,-102.54888921548832,16.54498047820755,-14.571136348372022,16.20819015226626,-218.1582678177133,16.424742228350668,-3.7500550528266105,14.589642638278118,-4.4444486786804309,16.668184472428004,-36.37510528582959,15.156028698804866,-32.90534523680435,12.87183805847377,-160.31808021281246,15.701482906680506,-87.9966003410932,234.16595073003738,568.8394730817151,0.0,0.0,0.0,0.0,0.0,0.0,0.0,0.0,0.0,0.0,0.0,0.0,0.0,0.0,0.0,0.0,0.0,0.0,0.0,0.0,0.0,0.0,1.1714947223188426,0.3575991215869483,46.88924570572583,56.29787775315683,1161.350554847694,0.22315313243073804,0.03405878089602229,5.857530105853143,7.0264517511680328,150.02241139308894,1.7984618334833498,0.3398453955939816,92.42623014587318,111.00765017895484,2259.204934768279,0.2320569224457578,0.04385051444553245,94.76567226202232,113.7093008801109,2329.4912998149504,0.0,0.0,7.235640913865543,8.7341976804458,153.61719763920213,0.0,0.0,12.041035602875484,14.4215273958883,308.60510570505115,0.0,0.0,73.7578887012772,88.87687217143615,1637.442211744147,0.0,0.0,50.46980020563471,61.37436726048137,859.7931393792171,0.0,0.0,26.253973305317847,31.56050122740213,618.6551309795962,28.536664519237566,19.57247223541672,92.14491935332726,111.08448404500339,2632.757919930264,0.0,0.0,60.383055965875978,73.82976618989659,842.3780386719286,0.0,16.08979137567209,42.80270185660473,22.0,30.0,0.0,16.35099894663019,42.15972134412095,12.0,30.0,0.0,15.99344752209547,43.14006614747179,22.0,30.0,0.0,16.27359157647229,42.27817166446502,12.0,30.0,0.0,14.570920096146489,46.62717802145875,12.0,30.0,0.0,16.82604594451743,40.450607795197949,12.0,30.0,0.0,15.064911318030817,45.442737436941978,10.0,30.0,0.0,12.452773099687962,53.52151314731546,12.0,30.0,0.0,15.762913539035491,43.20706869531757,20.0,30.0,0.0,14.897623919554033,0.0,0.0,0.0,10.901113520647029,0.0,0.0,489.29677869832889,469.2500214316417,483.42643369475419,473.53655403994886,556.9899733570261,825.2528091658795,535.4843512851644,632.1035311312327,737.4122464922814,0.0,80.27771084258953,80.27771084258953,60.0,0.0,60.0,60.0,12.0,12.0,12.0,19.0,12.0,12.0,21.0,10.0,0.0,0.0,0.0,0.0,0.0,0.0,0.0,0.0,0.0,0.0,0.0,0.0,0.0,80.27771084258953,80.27771084258953,0.0,0.0,0.0,80.27771084258953,0.0,0.0,0.00155 
 03/28  06:00:00,4.24,98.0,3.22,10.5,2.0,0.0,0.0,0.0,2.0,2.0,0.0,0.0,0.0,0.0,0.0,1530.0,0.0,14.758391208055217,5.770594232538036,14.786899081806919,0.4425337081016938,11.778629387242108,0.0,5.770594232538033,7.888839812061626,0.0,0.0,16.29106409431497,-63.704495779790708,16.445020421467715,-228.90516568446948,16.213568185488197,-13.94342753391993,16.324232778140734,-177.44920605143228,14.558905789988686,-4.748673083743,16.63801998075472,-35.220449207345328,15.109810120237075,-44.516406198083817,12.840164922809599,-158.36729085920184,15.677300137086555,-87.75445355509425,299.78158443191799,564.2361982113984,0.0,0.0,0.0,0.0,0.0,0.0,0.0,0.0,0.0,0.0,0.0,0.0,0.0,0.0,0.0,0.0,0.0,0.0,0.0,0.0,0.0,0.0,1.169988052195317,0.35713921007183066,152.9068820539096,183.99084157642933,3710.895254329008,0.20625281513617539,0.031479367389526159,97.3989988353089,117.32033346066403,2356.7863333440366,1.8609932465897492,0.3516616112225529,157.7594884037087,189.97003706364175,3832.4010751361995,0.21920823054574507,0.0414225681303373,78.12957073974775,94.18364370858248,1876.2943075807883,0.0,0.0,6.962309711039708,8.421106350004028,146.60602737592132,0.0,0.0,12.155209592100363,14.588593878503774,309.39653335351155,0.0,0.0,71.39617376662821,86.21216151442428,1569.3270299168017,0.0,0.0,50.47191190553741,61.502887787129669,851.4334324476354,0.0,0.0,27.2391052297667,32.81344347786864,637.3665374689167,28.322644212315948,19.425681901451275,190.08164632129664,229.5805089267563,4880.839114046636,0.0,0.0,60.2899974122743,73.86180836656524,833.6669575221125,0.0,16.10007442939892,42.88888824633185,22.0,30.0,0.0,16.17054842304264,42.89971732957595,12.0,30.0,0.0,16.077769123031467,42.83978152242611,22.0,30.0,0.0,16.083937041695145,43.16438099443751,12.0,30.0,0.0,14.544187254882008,46.76986259989948,12.0,30.0,0.0,16.797735981909477,40.58872901452204,12.0,30.0,0.0,15.014456543745311,45.665641322659499,10.0,30.0,0.0,12.429813148928649,53.68965052758727,12.0,30.0,0.0,15.739993387722642,43.33822187527828,20.0,30.0,0.0,15.104177593445442,0.0,0.0,0.0,10.899863144253168,0.0,0.0,477.9212114726897,460.1504956724291,484.17726764372608,457.1745592163934,557.1119225623356,823.7070230395896,539.4997562705906,630.6922782310084,735.1279766146031,0.0,80.27771084258953,80.27771084258953,60.0,0.0,60.0,60.0,12.0,12.0,12.0,19.0,12.0,12.0,21.0,10.0,0.0,0.0,0.0,0.0,0.0,0.0,0.0,0.0,0.0,0.0,0.0,0.0,0.0,80.27771084258953,80.27771084258953,0.0,0.0,0.0,80.27771084258953,0.0,0.0,0.00156 
 03/28  06:10:00,4.361666666666667,97.5,3.3000000000000004,14.000000000000002,2.666666666666667,0.0,0.0,0.0,2.0,2.0,0.0,0.0,0.0,0.0,0.0,7660.0,0.0,20.002258556084905,6.4717177780057109,16.58351455483957,0.5997720898814657,15.963742915925647,0.0,6.471717778005706,8.847328854225055,0.0,0.0,17.47050531003306,-892.7308319863547,16.640300602546316,744.9696383803218,17.718265814324007,-2523.9580719497887,16.6428096446239,929.1066865659157,14.528718595818285,-1.273950053239361,17.665055240023258,-116.51300119066802,15.212464258363046,190.4182759542777,13.929513165972521,-249.32376550592978,17.2881902294558,-250.4744958850335,608.2052608030338,698.0673397084073,0.0,0.0,0.0,0.0,0.0,0.0,0.0,0.0,0.0,0.0,0.0,0.0,0.0,0.0,0.0,0.0,0.0,0.0,0.0,0.0,0.0,0.0,1.2006944422422022,0.3665123450067772,378.3922588670213,452.56271512655368,10500.137617232956,0.3304561437543878,0.050435919376432828,330.81279817372686,397.5394289741038,8272.944498355555,1.125539220485905,0.21268692752946057,504.55544564811887,602.6664237417631,14373.23544709659,0.3113588889366926,0.058835768884484617,341.78569147648929,410.4791210787724,8671.79270609739,0.0,0.0,11.028425182296882,13.357640632533434,228.89618573312624,0.0,0.0,18.21769319514499,21.776351332992705,512.77325341754,0.0,0.0,77.90939704166945,94.14395795553095,1731.9377100741315,0.0,0.0,40.47054386291883,49.139429127257709,799.7547867184604,0.0,0.0,44.15991645561407,52.81131183264041,1229.308904702494,29.625960232446084,20.319588636794305,662.5379977391378,797.5449352030413,16602.36346291903,0.0,0.0,54.37032026633957,66.68333615842896,755.6327154323233,2092.8054930857445,17.88564761856291,38.503148134732629,21.999999999999998,30.0,0.0,16.613914489304166,41.685560048767239,15.999999999999999,30.0,4717.708223435732,18.281133253417474,37.57044333938776,21.999999999999998,30.0,0.0,16.77598776396819,41.289283247530807,15.999999999999999,30.0,0.0,14.518910066211685,46.96612197538135,12.0,30.0,1895.2700706518386,18.196791912504787,37.27088743051037,20.0,30.0,0.0,15.263325924454867,45.18592685922037,10.0,30.0,1481.7796067733373,14.134581869188415,48.20009997099371,16.999999999999998,30.0,3159.2586477808174,17.926806397901478,37.927623181563479,20.0,30.0,0.0,16.044136288953156,0.0,0.0,0.0,11.060599640986288,0.0,0.0,474.47782035028788,474.28711573633657,473.1226699548383,470.54208870592506,555.0947380528966,806.2393632659329,521.4915852175162,638.0190869675546,713.9447736471817,12697.198540213927,79.6083113312168,87.85986128846008,60.0,0.0,60.0,60.0,16.0,16.0,19.0,19.0,16.0,12.0,21.0,10.0,1.0,0.0,2092.8054930857445,0.0,4717.708223435732,0.0,1895.2700706518386,0.0,1481.7796067733373,3159.2586477808174,12485.159090965606,7491095.454579366,9767318.531338677,79.6083113312168,87.99999999999999,0.4161719696988536,0.7669564120669474,0.3602813740196596,87.99999999999999,0.3542647819438876,9767318.531338677,0.5094705636296111 
 03/28  06:20:00,4.483333333333333,97.0,3.3800000000000005,17.5,3.3333333333333337,0.0,0.0,0.0,2.0,2.0,0.0,0.0,0.0,0.0,0.0,4596.0,0.0,25.235028385818244,7.279078048418156,18.652355913342548,0.756677755537291,20.140000042517707,0.0,7.279078048418151,9.95105155369915,0.0,0.0,18.332618419171248,-1303.9372696217614,17.286976229331,980.5846322830157,18.68367360629037,-3415.8214150367409,17.479608127290328,974.7110671616372,14.502385069977171,7.9967756413967019,18.529308493724448,-201.23946948233744,15.456056190337622,100.30016227511993,15.227048535343077,-159.67569912980594,18.258830868847907,-386.4737266209475,937.0659987242076,986.8995998446033,0.0,0.0,0.0,0.0,0.0,0.0,0.0,0.0,0.0,0.0,0.0,0.0,0.0,0.0,0.0,0.0,0.0,0.0,0.0,0.0,0.0,0.0,1.2762714670467675,0.38958225489828066,452.577711010748,539.2761028790859,13485.111607571202,0.37962741529367535,0.0579406921998894,402.1643335424787,481.72647951200386,10780.909075401563,1.023014297779387,0.1933133593687429,581.9824979806796,692.4054686321758,17833.761747165594,0.33187959922654589,0.06271345412444177,388.04063596556457,464.15984306709756,10718.61582965891,0.0,0.0,13.63318696325577,16.514982708709508,279.1717391564353,0.0,0.0,22.825257318724085,27.151101049235174,700.7514077086793,0.0,0.0,95.15793383661334,114.79156306916467,2164.3121212040539,0.0,0.0,23.057845722557919,27.77722821211874,553.8015087207166,0.0,0.0,60.311888022767309,71.75824965321137,1846.070937881264,30.92828096459193,21.212812732916288,776.8289089721463,932.7067683229313,20564.21376154372,0.0,0.0,60.90581501809903,74.5159669853786,907.3486082144551,1980.5259620998418,19.285421933462467,35.29139405394381,22.0,30.0,0.0,17.753888767681287,38.829065975181837,16.0,30.0,4468.424126703277,19.75315819269617,34.295681681202399,22.0,30.0,0.0,18.18870577154724,37.80268756674306,16.0,30.0,0.0,14.501715318549208,47.22793932578833,12.0,30.0,985.9323570899742,19.781958692955699,33.84468755034599,19.666666666666666,30.0,0.0,15.6569866260344,44.1296008451843,10.0,30.0,1237.5210508934595,16.457734493463695,41.58020386209369,17.0,30.0,950.4202037350533,19.733828480913556,33.98738677200831,19.5,30.0,0.0,17.080209427036669,0.0,0.0,0.0,11.664672596922495,0.0,0.0,475.86931289331076,476.95397642346816,472.53316007742367,472.45584399706419,555.1703070951147,754.3832463653846,548.045615902373,643.9692397598901,661.8467427634621,11479.65242167419,80.41396260923166,87.87331542582239,60.0,0.0,60.0,60.0,16.0,16.0,19.0,19.0,16.0,12.0,21.0,10.0,1.0,0.0,1980.5259620998418,0.0,4468.424126703277,0.0,985.9323570899742,0.0,1237.5210508934595,950.4202037350533,11287.945631444469,6772767.378866681,8862928.154417063,80.41396260923166,88.0,0.37626485438148229,0.7641838962241179,0.36028137401965956,88.0,0.3542647819438875,8862928.154417063,0.4624622640296873 
 03/28  06:30:00,4.605,96.5,3.46,21.0,4.0,0.0,0.0,0.0,2.0,2.0,0.0,0.0,0.0,0.0,0.0,3064.0,0.0,30.281240847969273,8.623300767870408,22.09687735122739,0.9079896336539276,24.167368205100023,0.0,8.623300767870403,11.788705923105164,0.0,0.0,18.81911665625297,-1249.1021080160709,17.805120558176286,886.8249750040563,19.234876910557927,-3350.7824469387426,18.04801357058362,868.328375177091,14.483812869392736,12.327994025285577,18.326507887074404,-174.2392404250265,15.571411593729313,200.61730620206698,15.194729802362467,-94.71772583132059,18.28791698903867,-340.04879209079726,1068.0980243820323,923.85051181913,0.0,0.0,0.0,0.0,0.0,0.0,0.0,0.0,0.0,0.0,0.0,0.0,0.0,0.0,0.0,0.0,0.0,0.0,0.0,0.0,0.0,0.0,1.3383051426650863,0.408518053316571,450.2489962007985,535.1027827078294,13914.198148324787,0.3841653190922266,0.058633290459741558,395.81005022972797,472.68808800797299,11141.022530405178,1.0772136500493777,0.20355511149837075,572.9235240696378,679.7700423374903,18211.379946723642,0.3283485704979601,0.062046215135668939,371.5803734676497,443.0242514062987,10799.423630396417,0.0,0.0,14.363511949566874,17.396822760292584,290.3664089807312,0.0,0.0,23.39464969607642,27.87609815181002,687.8004352709713,0.0,0.0,99.56166432023484,120.02644833193776,2278.3373273697554,0.0,0.0,19.075863132206373,22.96158409485891,450.9679033701372,0.0,0.0,57.88601984113809,68.87245855645652,1748.8413700918516,31.665601335676635,21.718519434620469,754.006316681728,902.7921996017637,20938.230848299274,0.0,0.0,56.940348739088538,69.63580350664586,839.8677519368139,1887.77103530209,19.995522317243944,33.80080303558718,22.0,30.0,0.0,18.584097288280068,36.886272631894538,16.0,30.0,4256.981826161356,20.47959274048156,32.82005316839301,22.0,30.0,0.0,19.06429780584594,35.81867040948781,16.0,30.0,0.0,14.493409013446362,47.39414871298368,12.0,30.0,460.73084337572467,19.230414272471259,35.112635720580318,19.25,30.0,0.0,15.856666183547369,43.64563029875907,10.0,30.0,103.06319171407269,16.261738584183129,42.2669144316393,16.0,30.0,1445.3082060687539,19.661483155426909,34.23753834091033,19.75,30.0,0.0,17.831420429323175,0.0,0.0,0.0,11.722217289455785,0.0,0.0,477.95650312550375,479.98880682753119,473.856537958452,473.1667542798744,567.3292972585301,731.6402494728313,549.1549752878011,614.778166629095,652.5697184278412,11116.431459152274,80.65411086804876,86.41412675141491,60.0,0.0,60.0,60.0,16.0,16.0,19.0,19.0,16.0,12.0,21.0,10.0,1.0,0.0,1887.77103530209,0.0,4256.981826161356,0.0,460.73084337572467,0.0,103.06319171407269,1445.3082060687539,8716.056453751664,5229633.872250998,6814774.533593785,80.65411086804876,86.5119509430549,0.3755352151250555,0.7659244775747272,0.36028137401965956,86.5119509430549,0.3542647819438875,6814774.533593785,0.3559782757468769 
 03/28  06:40:00,4.726666666666667,96.0,3.54,30.33333333333333,3.8333333333333337,0.0,0.0,0.0,2.0,2.0,0.0,0.0,0.0,0.0,0.0,3064.0,0.0,43.61674978889585,12.272161437717515,31.44694556893855,1.3078578014279788,34.8103983552375,0.0,12.272161437717504,16.776975096260196,0.0,0.0,19.377439709487719,-1159.4947238927744,18.25552541346734,1070.8900575553035,19.84161805000209,-3192.167288741137,18.53848129537799,1010.6281642469362,14.474995975554226,23.602810888045583,18.695628999068448,-166.23830454226536,15.960362020048843,423.91652527444639,15.550029918090308,-105.19767864792824,18.070098956836327,-181.59490063596668,1264.9379497371984,672.4854012108979,0.0,0.0,0.0,0.0,0.0,0.0,0.0,0.0,0.0,0.0,0.0,0.0,0.0,0.0,0.0,0.0,0.0,0.0,0.0,0.0,0.0,0.0,1.4165668092550124,0.4324074509325435,461.1294959896014,546.5160900062589,14857.368035661872,0.3974561405640208,0.06066180411538779,398.4233743666157,474.6376779931689,11668.358361849654,1.2521056928403172,0.23660349448985597,573.6056206335992,678.7153924680703,18997.20235901032,0.3374134439376543,0.0637591541832302,369.4961743416768,439.4078789097646,11185.53532739684,0.0,0.0,14.783767092549601,17.90721533511249,295.38035415696836,0.0,0.0,21.918489628048,26.05875477079302,667.5276957835029,0.0,0.0,91.56829078647252,110.12229024544082,2199.3330442704607,0.0,0.0,17.59633788466007,21.143242570725798,431.60893877523349,0.0,0.0,42.36820270713826,50.47977804178002,1240.3613620975369,32.55289694238229,22.327089809590058,758.866035910859,906.0615294487355,22149.44295559774,0.0,0.0,41.10781299318417,50.324958705846267,575.4500579976862,1917.2936525642886,20.813172964835866,32.20659947888738,22.0,30.0,0.0,19.298344465401614,35.35429140669146,16.0,30.0,4317.98607099392,21.3062617295133,31.258524020589726,22.0,30.0,0.0,19.820427367448393,34.24290176265783,16.0,30.0,0.0,14.498943538436528,47.53118522183783,12.0,30.0,857.3960822230474,19.912125547481574,33.75455798658121,19.75,30.0,0.0,16.562325006065917,41.9052982281473,10.0,30.0,796.7088037256142,16.81436602372755,40.92270345472219,16.75,30.0,62.143015785739937,19.295713960411548,35.14588898391763,19.0,30.0,0.0,18.65087661937438,0.0,0.0,0.0,11.467603605389801,0.0,0.0,479.9061564257305,482.5863898810196,477.4096913865858,477.1753251268968,564.8458288658478,716.5897288096512,518.7878012489869,610.0327346754634,651.4222416913324,11111.052129686253,80.65780061845192,87.87738744824664,60.0,0.0,60.0,60.0,16.0,16.0,19.0,19.0,16.0,12.0,21.0,10.0,1.0,0.0,1917.2936525642886,0.0,4317.98607099392,0.0,857.3960822230474,0.0,796.7088037256142,62.143015785739937,10925.500854994732,6555300.512996838,8579131.23035835,80.65780061845192,88.0,0.36418336183315777,0.7641757662487085,0.36028137401965956,88.0,0.3542647819438875,8579131.23035835,0.4477448239786342 
 03/28  06:50:00,4.848333333333333,95.5,3.62,39.666666666666667,3.666666666666667,0.0,0.0,0.0,2.0,2.0,0.0,0.0,0.0,0.0,0.0,3064.0,0.0,56.60576457160907,16.119891485210795,41.30660531351185,1.6973365144839734,45.176895254022358,0.0,16.119891485210787,22.037113785890495,0.0,0.0,19.81166655162417,-1159.7682729205808,18.67127402191489,1100.801855867886,20.30592425251914,-3273.357274985844,18.977410380075253,1049.5990679264442,14.47762891475092,36.46141041847996,18.532153417587794,-103.68123241786114,16.490225869396995,574.4709738569808,15.430772151381906,-404.07619749977746,18.78361177750375,-244.4834891491911,1382.2001231864888,863.0490032267396,0.0,0.0,0.0,0.0,0.0,0.0,0.0,0.0,0.0,0.0,0.0,0.0,0.0,0.0,0.0,0.0,0.0,0.0,0.0,0.0,0.0,0.0,1.4845144096421308,0.4531484766917371,472.7844675274969,559.2469262427521,15656.935195719874,0.41108164260895577,0.06274139844459031,406.5631216055155,483.3825396236299,12279.745191639227,1.4732941650530603,0.2784002579465345,580.8520579949608,685.905463345003,19773.68373220506,0.3490406945259331,0.06595629148260261,372.9626165351738,442.61647719602498,11644.880390295237,0.0,0.0,15.084249022188628,18.2712841693339,298.2986153662218,0.0,0.0,20.70899541508891,24.66493695592321,605.8518138967295,0.0,0.0,96.92031517286361,116.2057579149627,2474.296818962033,0.0,0.0,41.81325712430979,50.33652758049315,974.9935038101919,0.0,0.0,43.55094760175102,51.74445824351311,1333.8432521365558,33.15061501721459,22.737047336909879,770.8647004819535,918.6873587564165,23180.006464255457,0.0,0.0,55.75888850660675,68.22038491255276,787.95153074544,1950.906619759981,21.413594583960206,31.11422163907592,22.0,30.0,0.0,19.911186205955397,34.11201366252624,16.0,30.0,4317.848932608119,21.91591240318617,30.180913234583124,22.0,30.0,0.0,20.448422001397494,33.01252945356351,16.0,30.0,0.0,14.520187414862577,47.62257318757515,12.0,30.0,442.7710824068911,19.41557266012299,34.93230633169808,19.0,30.0,0.0,17.46953613194235,39.672606372716227,10.0,30.0,812.2706838390648,16.332736804885586,42.31801708694416,16.5,30.0,2048.1181927244917,20.138918338951485,33.43605815593702,20.0,30.0,0.0,19.217439325114588,0.0,0.0,0.0,11.670847573326489,0.0,0.0,481.46284889451888,485.12883895139239,480.8360305411607,480.50090149616,555.7567919201077,704.7772973097317,508.93064305424266,631.1617938407709,651.5715597670476,11200.75979965684,80.59850309080083,87.8763971971243,60.0,0.0,60.0,60.0,16.0,16.0,19.0,19.0,16.0,12.0,21.0,10.0,1.0,0.0,1950.906619759981,0.0,4317.848932608119,0.0,442.7710824068911,0.0,812.2706838390648,2048.1181927244917,11013.710433486818,6608226.260092092,8654444.909272438,80.59850309080083,88.0,0.3671236811162273,0.7635712303787403,0.36028137401965956,88.0,0.3542647819438875,8654444.909272438,0.45164113528216678 
 03/28  07:00:00,4.97,95.0,3.7,49.0,3.5,0.0,0.0,0.0,2.0,2.0,0.0,0.0,0.0,0.0,0.0,3830.0,0.0,69.5385618958411,19.67312042447805,50.41162246622634,2.0851295667366487,55.498525514837499,0.0,19.673120424478044,26.89464713304674,0.0,0.0,19.841513965738213,-1267.3524327757073,18.8912780518732,764.3583744456515,20.216616422334704,-1917.6497906935368,19.12859382627807,622.5785545097817,14.485728430329687,39.82706549754454,18.717599519414436,-97.75320514954309,16.84823426007065,453.0288709346867,15.509128645506359,-384.73634786822807,18.635611961806917,-177.18732097508173,1312.8648630810888,842.4417849998088,0.0,0.0,0.0,0.0,0.0,0.0,0.0,0.0,0.0,0.0,0.0,0.0,0.0,0.0,0.0,0.0,0.0,0.0,0.0,0.0,0.0,0.0,1.4817141101105716,0.45229368440493636,437.38980062355128,517.8129294364644,14287.168074454401,0.37516658427059509,0.05725985718415676,348.1896845045191,413.8152644685355,10582.104230473733,1.8299899916488696,0.3458030974393179,423.41561137169847,500.6776535220123,14028.707860586816,0.3293761644541573,0.062240393887784819,292.126418779843,346.6444825332036,9091.028085765203,0.0,0.0,14.627866063594118,17.72292404955991,286.3651439685947,0.0,0.0,19.19964835504752,22.846181629744629,571.432881358679,0.0,0.0,91.36739053933833,109.37701439690642,2401.5134569286299,0.0,0.0,39.66623572406449,47.71831673662554,932.7608763066257,0.0,0.0,40.61557844510618,48.30174873995905,1223.0464386046663,32.967255246461238,22.611286177271088,631.3782302129656,752.6428952043824,18992.045142287003,0.0,0.0,53.92070015934989,65.95040664258815,762.255830727787,1828.8560535003829,21.29949454647878,31.393552761753225,22.0,30.0,0.0,20.13603133202416,33.69703068320664,16.0,30.0,2633.5747601134969,21.477949682588368,31.063726269888997,21.6,30.0,0.0,20.503817385950645,32.951936662714107,16.0,30.0,0.0,14.544938436373837,47.663646590480137,12.000000000000002,30.0,448.3428356220669,19.794461122559633,34.20158729785242,19.400000000000003,30.0,0.0,17.985817407181626,38.46803543865762,10.0,30.0,448.1708089203773,16.57906501721827,41.76390786446231,16.4,30.0,0.0,19.961438500307023,33.95861814410171,19.0,30.0,0.0,19.19567693217193,0.0,0.0,0.0,11.798210596467746,0.0,0.0,483.0399553749376,486.25296354351829,483.02896210564219,482.70550705124409,550.5005072107219,702.2845759784066,508.85761055385128,629.0209617843082,652.6803100418499,10554.795553005173,81.02571069928064,85.45347091753755,60.0,0.0,60.0,60.0,16.0,16.0,19.0,19.0,16.0,12.0,21.0,10.0,1.0,0.0,1828.8560535003829,0.0,2633.5747601134969,0.0,448.3428356220669,0.0,448.1708089203773,0.0,6700.470252422301,4020282.1514533807,5246923.822349524,81.02571069928064,85.52866898519869,0.3593490084140767,0.7675890958521296,0.36028137401965956,85.52866898519869,0.35426478194388757,5246923.822349524,0.2744300387621753 
 03/28  07:10:00,5.025,95.0,3.7416666666666669,58.333333333333339,3.333333333333333,0.0,0.0,0.0,2.0,2.0,0.0,0.0,0.0,0.0,0.0,7660.0,0.0,82.42749440934029,23.011642387911296,58.96646500245502,2.471607345756783,65.78514764809695,0.0,23.01164238791128,31.458659766281337,0.0,0.0,19.9786068148261,-1240.7267546074236,18.982972278914063,777.9369772544328,20.375643471298259,-2146.43552581288,19.193193495504887,695.4477653043706,14.491333175879186,39.37359241127444,18.53071749482521,-53.46108616565075,17.029870103004929,457.07021596726818,15.795157539621304,-395.529209419215,18.38344717178988,-81.7185729921889,1327.9765255706223,752.6265151453252,0.0,0.0,0.0,0.0,0.0,0.0,0.0,0.0,0.0,0.0,0.0,0.0,0.0,0.0,0.0,0.0,0.0,0.0,0.0,0.0,0.0,0.0,1.4936542691494459,0.45593842159628997,431.5603140146601,510.8934676113674,14140.417870486259,0.3784544807374134,0.057761672884220609,351.67226615643178,418.04861099598437,10687.419660127653,1.8457667209783167,0.34878433880920586,449.32309731209849,531.3001270435684,14997.114281930326,0.33917818555619036,0.0640926276561206,319.29348755109757,379.0976489060689,9904.002772489723,0.0,0.0,13.972994616548784,16.936232954988279,272.43177060858508,0.0,0.0,16.127644075068308,19.23498884715908,460.87472253739187,0.0,0.0,99.0853113631905,118.5875577838249,2637.5669378678614,0.0,0.0,39.534513636698537,47.56180767964136,941.8793618628496,0.0,0.0,26.704741941691137,31.857879814036005,763.2095421527108,33.21662365749202,22.78232075273802,663.1693997795262,790.5966282005134,19998.00277281483,0.0,0.0,54.01224231446012,66.10346995236246,759.5653486807817,1843.0829500494322,21.406859682321163,31.28527206381676,21.999999999999998,30.0,0.0,20.194813185435618,33.691046092566569,15.999999999999999,30.0,2878.255534161798,21.649042128411915,30.83844910662313,21.699999999999997,30.0,0.0,20.52122383298257,33.027702973918888,15.999999999999999,30.0,0.0,14.561208535463866,47.73307994771983,12.0,30.0,0.0,19.23020025643175,36.793131637494827,19.0,30.0,0.0,18.219370796843479,38.02007775763154,10.0,30.0,1338.2692022452082,16.811842614832945,41.32450436676552,20.7,30.0,288.53345971314476,19.22212475423248,36.736711381037277,19.1,30.0,0.0,19.3326711762369,0.0,0.0,0.0,11.812863374093979,0.0,0.0,486.32070020185679,490.2531521628788,486.0588957889219,488.03330137908008,547.2323217356419,739.4914647514851,510.35376103182849,609.6385134477506,691.7346583822553,10428.36185768969,81.10938942063516,84.67127622359036,60.0,0.0,60.0,60.0,16.0,16.0,19.0,19.0,19.7,12.0,21.0,10.0,1.0,0.0,1843.0829500494322,0.0,2878.255534161798,0.0,0.0,0.0,1338.2692022452082,288.53345971314476,5390.357490529858,3234214.494317915,4213972.531833388,81.10938942063516,84.73176888615721,0.3496785830176619,0.7677357395061103,0.3602813740196596,84.73176888615721,0.3542647819438876,4213972.531833388,0.22069657165533614 
 03/28  07:20:00,5.08,95.0,3.783333333333334,67.66666666666667,3.1666666666666667,0.0,0.0,0.0,2.0,2.0,0.0,0.0,0.0,0.0,0.0,7660.0,0.0,95.27714748290538,26.188600701487379,67.10730970548494,2.856907341441295,76.04042118702466,0.0,26.188600701487365,35.80180264125283,0.0,0.0,20.05780413069065,-1272.3292402471639,19.07672109293574,760.3380679556683,20.381436126896838,-1876.8800918615498,19.254878309449198,685.1412125885818,14.496370613218485,42.509082444333127,18.67758706777227,-67.60664250491968,17.169933289034799,427.3051740311526,16.583130941238765,-293.9912368725424,18.558366123009486,-75.61445246906342,1314.6325824743599,649.5070983852099,0.0,0.0,0.0,0.0,0.0,0.0,0.0,0.0,0.0,0.0,0.0,0.0,0.0,0.0,0.0,0.0,0.0,0.0,0.0,0.0,0.0,0.0,1.473166007618213,0.4496843735098329,419.9447140477048,497.1338540886786,13724.319284164629,0.3699931481636973,0.05647026070874501,342.1690427009279,406.6453564793448,10407.122671535626,1.7974595657348332,0.3396560025953957,418.25296817277339,494.4592554172514,13886.750393502685,0.3366160162650445,0.0636084686819812,312.26200866168548,370.6920479700135,9655.37603231219,0.0,0.0,14.37851258092924,17.427726481620238,279.1318157832931,0.0,0.0,17.52351521843817,20.867714832335179,512.2223750506358,0.0,0.0,82.11806656358476,98.23928420521354,2201.6105950698308,0.0,0.0,23.773996770607817,28.488410687072535,620.6106997748717,0.0,0.0,31.832594612033114,37.913531437098438,936.4028572493446,33.36840414459131,22.88642259574165,646.2410528410783,770.2260081486495,19504.258173109483,0.0,0.0,40.15558352663196,49.16943388561037,555.7631524064595,1855.6396199204478,21.416225346699386,31.484479697968515,21.999999999999998,30.0,0.0,20.263490944265,33.79371151288378,15.999999999999999,30.0,2517.4624552355419,21.579183122325884,31.1829042017817,21.599999999999999,30.0,0.0,20.524079776249736,33.24673344866771,15.999999999999999,30.0,0.0,14.574792469620573,47.97376424596864,12.0,30.0,896.885441355172,19.663340006946059,37.44684515426194,19.599999999999999,30.0,0.0,18.376685190782529,37.93043491919518,10.0,30.0,1319.5196570729614,18.08296375709931,38.5751075530004,20.7,30.0,615.3063509081621,19.719577534640867,36.865865229950689,19.3,30.0,0.0,19.3750220172707,0.0,0.0,0.0,11.723675967156416,0.0,0.0,491.2850452478056,495.70675098761537,491.0801578437969,492.72047397015117,542.5115772610285,779.7637079516906,502.44669305861688,597.7045604033585,718.3787257328706,10613.759484178836,80.98677720747489,85.24659613450388,60.0,0.0,60.0,60.0,16.0,16.0,19.0,19.0,19.7,12.0,21.0,10.0,1.0,0.0,1855.6396199204478,0.0,2517.4624552355419,0.0,896.885441355172,0.0,1319.5196570729614,615.3063509081621,6446.595193978246,3867957.1163869479,5045708.811300012,80.98677720747489,85.31894200151314,0.35088650646594157,0.7660308601967556,0.3602813740196596,85.31894200151314,0.3542647819438876,5045708.811300012,0.26394019152093398 
 03/28  07:30:00,5.135,95.0,3.825,77.0,3.0,0.0,0.0,0.0,2.0,2.0,0.0,0.0,0.0,0.0,0.0,3064.0,0.0,108.08858168813265,29.238452133711094,74.9224501064449,3.2410613544748356,86.26519256208877,0.0,29.23845213371108,39.971180772838689,0.0,0.0,20.09697633163084,-1283.6730299448073,19.131886382079629,615.8549248853215,20.4438380954384,-1647.633335663319,19.29134147195419,560.8510375519895,14.496345121545133,34.34747269550195,18.51905234983652,-44.38578436208415,17.303354594857795,412.49801803226537,17.368125797422978,-117.42980714248493,18.49689371532145,-34.58772356542043,1266.0758830637515,359.98536697872069,0.0,0.0,0.0,0.0,0.0,0.0,0.0,0.0,0.0,0.0,0.0,0.0,0.0,0.0,0.0,0.0,0.0,0.0,0.0,0.0,0.0,0.0,1.4768782630360987,0.4508175406093098,414.49101285576986,490.54550217772029,13473.515075875883,0.3554644280331581,0.054252812581373339,315.95275327275098,375.3274391541118,9577.788415522504,1.800405056187688,0.34021259565149078,386.12971402065468,456.39792335711805,12713.845653116645,0.3307978944196208,0.06250905034384367,290.54516585054776,344.75065002341048,8938.980990602691,0.0,0.0,13.594278605941995,16.468344748311993,262.46002906909708,0.0,0.0,14.811243184994766,17.641375140165928,424.0217138624656,0.0,0.0,75.4979675874985,90.22267119320883,2039.8012074833355,0.0,0.0,16.09347801301672,19.184634782840918,458.0281694370227,0.0,0.0,17.5350222993022,20.90564194432865,498.8244630964584,33.38854067564682,22.900233659565737,599.2503103524762,714.0774689620077,17988.62268454977,0.0,0.0,22.753026121474656,27.89036745213625,293.99641399911249,1856.7269999427038,21.398379044388784,31.600544177050894,22.0,30.0,0.0,20.263745849390494,33.89864506646402,16.0,30.0,2307.8308761541318,21.500731556752006,31.42632394284755,21.5,30.0,0.0,20.481172380709244,33.44750772920803,16.0,30.0,0.0,14.57590101234377,48.33224924590892,12.0,30.0,0.0,19.364691666121506,39.44984431721927,19.0,30.0,0.0,18.538264546074776,37.67317079262219,10.0,30.0,1296.2507679441545,19.336443568583876,35.94880461133015,20.7,30.0,766.7267185910189,19.30789990167069,38.96038332752274,19.25,30.0,0.0,19.29154802613863,0.0,0.0,0.0,11.296268806490492,0.0,0.0,491.65269824612258,497.08451407723518,491.94305104392427,496.0296820224391,541.287864869224,810.4968151451709,493.9428087712947,586.1714930359763,757.3015678521588,10557.926709711552,81.02371513137038,86.21790842808304,60.0,0.0,60.0,60.0,16.0,16.0,19.0,19.0,19.7,12.0,21.0,10.0,1.0,0.0,1856.7269999427038,0.0,2307.8308761541318,0.0,0.0,0.0,1296.2507679441545,766.7267185910189,7860.831632510519,4716498.979506311,6144051.960343628,81.02371513137038,86.30612307379958,0.347027721083684,0.7662136587820809,0.36028137401965956,86.30612307379958,0.3542647819438875,6144051.960343628,0.32104736860453539 
 03/28  07:40:00,5.1899999999999999,95.0,3.866666666666667,90.16666666666666,12.499999999999999,0.0,0.0,1.0,2.0,0.0,0.0,0.0,0.0,0.0,4.0,7660.0,0.0,126.18039984414426,34.91758249992673,89.47501618997026,3.7835516787442788,100.70425360882725,0.0,34.917582499926719,47.73498254532708,0.0,0.0,20.05675629349085,-1575.4445210841732,19.14942072311868,617.7411860181295,20.428677249803547,-1466.9951672960106,19.354343915196126,643.2434471208925,14.49346361532926,37.575290706329848,18.61727326006114,-94.88963776185634,16.509441390468035,-569.8803957522222,18.04650255856012,-201.81771070020984,18.16516741918771,-740.7244907693225,1271.4462585767015,2310.092914113148,0.0,0.0,0.0,0.0,0.0,0.0,0.0,0.0,0.0,0.0,0.0,0.0,0.0,0.0,0.0,0.0,0.0,0.0,0.0,0.0,0.0,0.0,1.5475988331125899,0.47240501621263439,377.44485853148009,447.15086450869458,12147.711687205576,0.3650834829876122,0.05572092231190662,315.3818976277111,374.9552195896953,9501.010895125797,1.4766061253981878,0.2790261007933085,325.22358939163186,384.6881110812427,10671.925361417869,0.32634004467506819,0.061666675108667457,317.2919356038011,376.6851128692423,9741.662357063156,0.0,0.0,13.929132326578597,16.883590960797567,267.27065632495336,0.0,0.0,16.848949152592775,20.06934528350436,482.6994436884952,0.0,0.0,276.7026861176528,332.7231486953223,6519.171319514967,0.0,0.0,36.07647823753933,42.819328287783758,1100.651310547018,0.0,0.0,201.78773131048644,240.90420544948035,5566.659799384168,33.59151536350985,23.039448123120619,624.8551343359246,744.9547387478904,18709.429783428885,0.0,0.0,211.84663887994669,257.28737851890255,3788.5683991863177,1838.8814422769015,21.254078076157997,32.338099134027107,21.999999999999998,30.0,0.0,20.22310271026452,34.35817318764157,15.999999999999999,30.0,1530.8337966827763,21.527458399318449,32.37130239136788,21.4,30.0,0.0,20.52117826534854,34.20537828183801,19.0,30.0,0.0,14.572697223464076,48.85955182265103,12.0,30.0,927.1616780199994,19.432097800731837,40.15689765158011,19.6,30.0,0.0,16.85942127258165,43.0975779418388,10.0,30.0,1263.4511051161817,20.356267426430628,34.83940278419474,20.7,30.0,0.0,18.919942031811006,38.14210479412371,12.0,30.0,0.0,19.346001602002838,0.0,0.0,0.0,13.823223260706286,0.0,0.0,512.570564332733,511.48766454158149,538.9535609288663,530.2603381010058,557.455548464134,844.0667836955413,591.1071096406944,619.4674892114002,613.7939309963584,10046.02118395822,81.36225934444127,84.14020112666612,220.0,0.0,220.0,220.0,16.0,19.0,19.0,12.0,19.7,12.0,21.0,10.0,1.0,0.0,1838.8814422769015,0.0,1530.8337966827763,0.0,927.1616780199994,0.0,1263.4511051161817,0.0,4204.090051506576,2522454.0309039449,3297616.3736003518,81.36225934444127,84.18737980026211,0.34413633505021926,0.7676574979918088,0.3602813740196596,84.18737980026211,0.3542647819438876,3297616.3736003518,0.17715938476055163 
 03/28  07:50:00,5.245,95.0,3.9083333333333338,103.33333333333332,21.999999999999998,0.0,0.0,1.0,2.0,0.0,0.0,0.0,0.0,0.0,4.0,3064.0,0.0,146.12172588880015,42.38956227197692,108.62166132903504,4.381499006461879,116.6193916485305,0.0,42.38956227197689,57.94974538002793,0.0,0.0,19.983390709193587,-1443.1949507524365,19.139811148062387,528.0380740249789,20.462432793590666,-1430.3724016488789,19.405123412404757,535.3481487049353,14.491798365729356,32.71148587537317,18.675082975019238,-116.97838087871674,16.02104714489515,62.89508928268674,18.175889086376487,-323.80326036461948,17.314044408518148,-426.9819503544054,1226.274148994984,1711.7953752718325,0.0,0.0,0.0,0.0,0.0,0.0,0.0,0.0,0.0,0.0,0.0,0.0,0.0,0.0,0.0,0.0,0.0,0.0,0.0,0.0,0.0,0.0,1.548749788825637,0.4727563457953715,359.50814344319846,425.94281636924077,11380.881439086184,0.3564445634339766,0.054402405896516587,296.09605789894439,351.90497562021838,8834.873127604127,1.3215510534852606,0.24972620058300477,304.5106131007888,359.96195040774878,9949.617839888466,0.30964569642886599,0.058512036362219559,295.33652506838407,350.35678013374959,9041.532044568405,0.0,0.0,13.559719965293516,16.426957218674777,258.62567878648135,0.0,0.0,16.933341276937484,20.153720963863209,485.9224512760169,0.0,0.0,262.56490900741246,316.3551394901592,5829.939830131904,0.0,0.0,49.48671291266698,58.73908055784246,1501.4432196543526,0.0,0.0,175.82754657542908,210.85621893015236,4381.506892000176,33.62072585219009,23.059482751845065,583.2934355695741,695.1365717957982,17360.44976186456,0.0,0.0,195.86884475362417,237.4992061657824,3654.6523598401565,1849.2592945927934,21.034495405818317,33.07545507246468,22.0,30.0,0.0,20.126592467243229,34.914923999572668,16.0,30.0,1890.1612493614308,21.51331717373103,32.79267842256313,21.5,30.0,0.0,20.51240338262661,34.748530942686858,19.0,30.0,0.0,14.569720193991888,49.52132648796834,12.0,30.0,0.0,19.522260943524129,40.681850495571698,19.0,30.0,0.0,16.170786252865086,45.2211039617433,10.0,30.0,911.8353430132421,20.40762480937437,35.522277469828868,20.2,30.0,0.0,17.53026017897293,41.41957908981852,12.0,30.0,0.0,19.250683802472169,0.0,0.0,0.0,14.309605676360956,0.0,0.0,525.3524092182962,525.8656761296148,557.1165676331254,553.8744569627289,581.1900573968092,872.4612707581107,590.882238989297,644.5843284502266,593.7111104575591,9781.734132726506,81.53704246901862,83.30324906702765,220.0,0.0,220.0,220.0,16.0,19.0,19.0,12.0,19.7,12.0,21.0,10.0,1.0,0.0,1849.2592945927934,0.0,1890.1612493614308,0.0,0.0,0.0,911.8353430132421,0.0,2672.902872991026,1603741.7237946157,2097814.388449339,81.53704246901862,83.33324511846536,0.3440967624330342,0.7677192048545068,0.36028137401965956,83.33324511846536,0.3542647819438875,2097814.388449339,0.11464745931047676 
 03/28  08:00:00,5.3,95.0,3.95,116.5,31.5,0.0,0.0,1.0,2.0,0.0,0.0,0.0,0.0,0.0,4.0,3064.0,0.0,164.12401885008129,46.3244342953388,118.70467002409501,4.921305916398144,130.98701399064218,0.0,46.32443429533876,63.32901375731806,0.0,0.0,19.99373006153423,-1451.289354226651,19.13900111599139,531.380359319257,20.58964778358736,-1449.6680344169336,19.429709999314107,529.5039453469358,14.485381616880769,28.41976923256553,18.76141463723946,-110.16117195340442,16.121731123535026,126.892519404224,18.32035840519415,-374.8252165311219,16.957023858032728,-143.74470074279908,1195.5071176230368,1209.9361867220217,0.0,0.0,0.0,0.0,0.0,0.0,0.0,0.0,0.0,0.0,0.0,0.0,0.0,0.0,0.0,0.0,0.0,0.0,0.0,0.0,0.0,0.0,1.5825798243207832,0.4830829744568935,365.6709426410526,433.3225744811474,11499.480402828938,0.3643747395387917,0.055612750234858319,301.7642495141291,358.7105095941545,8937.575053680404,1.2332515585545883,0.23304073290903033,284.69336271577085,336.2882755661018,9307.057851461777,0.298813117643308,0.05646506380259031,275.3193099542916,326.45756522309196,8393.01552993434,0.0,0.0,13.017420094316354,15.770444233795644,246.5434385996977,0.0,0.0,17.10627133028228,20.365105727181484,486.2801208798168,0.0,0.0,191.2733455151817,230.24725240201483,4310.10905382638,0.0,0.0,54.221460786889227,64.3520587029181,1648.4816607850144,0.0,0.0,103.51027318904495,124.3260732191148,2462.98558536463,33.79091054454736,23.176207506548267,568.3402071372595,677.2977163347166,16811.06358736845,0.0,0.0,121.6242595909882,147.8046311303849,2085.6773272779239,1868.1861394885319,20.981052302431828,33.858474855284978,22.0,30.0,0.0,20.066832473801126,35.72538870102055,16.0,30.0,1736.9752477748744,21.66801737013538,33.20477137631157,21.5,30.0,0.0,20.48411671655292,35.54750781117182,19.0,30.0,0.0,14.558142933829089,50.01996661119034,12.0,30.0,880.846433183633,19.442849308401489,41.39659221598826,19.25,30.0,0.0,16.389642137917109,45.0854769212431,10.0,30.0,1266.0367631058878,20.48209505855435,35.60471064211426,20.7,30.0,0.0,17.036652644744004,43.06956132304524,12.0,30.0,0.0,19.17192273018765,0.0,0.0,0.0,13.640071343863557,0.0,0.0,553.1233701841065,553.3934386257802,589.3247020784016,585.3361039372818,588.5727418340946,888.3869432765714,588.948634157575,639.2086567988647,588.0166571481343,10035.915287714763,81.36894798313878,84.82263217398303,220.0,0.0,220.0,220.0,16.0,19.0,19.0,12.0,19.7,12.0,21.0,10.0,1.0,0.0,1868.1861394885319,0.0,1736.9752477748744,0.0,880.846433183633,0.0,1266.0367631058878,0.0,5226.779882528812,3136067.929517287,4082301.852053596,81.36894798313878,84.88128719698823,0.3442259960842937,0.7651702034049894,0.36028137401965956,84.88128719698823,0.3542647819438875,4082301.852053596,0.21771858519567589 
 03/28  08:10:00,5.4383333333333339,94.66666666666667,3.99,129.66666666666669,41.00000000000001,0.0,4.0,0.0,0.0,0.0,0.0,0.0,0.0,0.0,0.0,6128.0,0.0,182.05252490784788,49.64773396473299,127.220562050034,5.458900816721906,145.29575274331448,0.0,49.64773396473295,67.87221636052679,0.0,0.0,20.193115308084196,-1184.512525847488,19.20297383372136,689.4975816666863,20.495858099936095,-1132.0547029400264,19.466577732631053,-38.22198634587318,14.48637076121273,39.155736761604,18.592778539519537,-413.7561300841062,16.614168304221534,630.6707302484879,17.761128675185025,-178.04491816477049,16.671589170822217,-552.1939865796961,1038.7218188314328,1177.1265104920313,0.0,0.0,0.0,0.0,0.0,0.0,0.0,0.0,0.0,0.0,0.0,0.0,0.0,0.0,0.0,0.0,0.0,0.0,0.0,0.0,0.0,0.0,1.4925874313347159,0.45561276902769107,412.7429905045323,488.77336525674328,13100.543081230602,0.37661253016572007,0.05748054489708792,343.7836128246537,408.7230202214006,10128.870610261429,1.300154056850455,0.2456829283542055,197.9894200810128,234.1747568066494,6423.998757515227,0.33428959602377447,0.06316885790320756,25.816741342001856,30.64965777742725,782.2500061671518,0.0,0.0,12.912583889228133,15.653057576602315,240.98547435065403,0.0,0.0,91.62651439421994,109.27244956966558,2553.4698962636109,0.0,0.0,256.59903074780967,307.9112139808573,6201.467354550172,0.0,0.0,40.06560818256615,47.7598212276381,1132.8088771087024,0.0,0.0,123.728827062599,148.83425417190939,2780.8636501387679,33.808977570752379,23.18859915689464,362.176511447729,432.68902617449148,10564.58935202771,0.0,0.0,130.75752482336629,158.81285089357457,2233.181759489534,1825.5645346710795,21.283439818321413,33.62520780416309,22.0,30.0,0.0,20.13243421146451,36.03466101151338,16.0,30.0,1423.2788721761177,21.505854453251375,33.11255173564047,21.375,30.0,0.0,20.397518512589259,38.402924407840568,19.0,30.0,0.0,14.561667145772296,50.660077564674427,12.0,30.0,0.0,19.248543824116728,39.36217566833364,16.0,30.0,0.0,17.362156761195704,43.49741424690552,10.0,30.0,0.0,19.40000663012071,38.08160584609869,16.0,30.0,0.0,16.596362818773878,44.98894751372396,12.0,30.0,0.0,18.697706834296385,0.0,0.0,0.0,13.647093534081235,0.0,0.0,566.3026052164686,567.6746657169659,559.4654047650033,741.1907289801877,604.5196450580768,699.8130174392359,639.395022468229,630.6259574136082,615.6402928346739,10038.789366561532,81.36704335743805,83.15601669658918,132.0,0.0,132.0,132.0,16.0,19.0,16.0,12.0,16.0,12.0,21.0,10.0,1.0,0.0,1825.5645346710795,0.0,1423.2788721761177,0.0,0.0,0.0,0.0,0.0,2707.320592183031,1624392.3553098185,2115173.3486679766,81.36704335743805,83.18639940287187,0.34524401973943438,0.7691517514283837,0.36028137401965956,83.18639940287187,0.3542647819438875,2115173.3486679766,0.11317901413073478 
 03/28  08:20:00,5.576666666666666,94.33333333333334,4.03,142.83333333333335,50.5,0.0,4.0,0.0,0.0,0.0,0.0,0.0,0.0,0.0,0.0,3064.0,0.0,199.90669182293716,52.530989054836037,134.60886755606033,5.99426713053968,159.5451669714151,0.0,52.530989054836,71.813844661973,0.0,0.0,20.308582622827396,-1362.316213148204,19.329503825775569,697.6040189669702,20.54890024178896,-1053.5827993381095,19.311018559934618,-41.54459461107709,14.501093135201764,45.03608071914789,18.086956787409244,-141.51490469283045,16.870406042656989,217.13060959850783,16.9098008906711,-42.076957884391337,16.14961072801014,-549.3588187434847,1076.6886782241014,1378.9414191537356,0.0,0.0,0.0,0.0,0.0,0.0,0.0,0.0,0.0,0.0,0.0,0.0,0.0,0.0,0.0,0.0,0.0,0.0,0.0,0.0,0.0,0.0,1.515452229135398,0.46259225553583585,438.6249582378799,518.9983300954383,13872.915545101556,0.37954997713701507,0.05792887318941012,343.8867847911683,408.3798463974363,10147.540609890151,1.3236521399688222,0.2501232312866256,203.75258986044356,240.83265597792579,6552.378651446619,0.3628038794805136,0.06855704449745154,31.154669521113808,36.989201130275038,914.5818998359316,0.0,0.0,11.777175874770002,14.266778225227418,217.10308056406613,0.0,0.0,67.89693381000554,81.1670987301622,1764.8654190921662,0.0,0.0,300.10630960209905,359.6172650161714,7333.575885959014,0.0,0.0,25.517711440025104,30.563849354844075,639.605998951485,0.0,0.0,194.88279663389745,235.0276784817841,4042.778221984753,33.82390087783624,23.198834621286865,384.3746285355198,458.7188284551718,11157.325935967705,0.0,0.0,198.80437466296415,240.92118135966059,3583.159627155515,1813.8157444463678,21.41470185568874,33.5141834013692,22.0,30.0,0.0,20.290253191357537,35.81632440938797,16.0,30.0,1493.2070199143496,21.591994263624348,33.214683336403719,21.5,30.0,0.0,20.069101751462463,41.351977826881817,19.0,30.0,0.0,14.587330306721523,51.12499560444053,12.0,30.0,0.0,18.44685150436902,40.50190798358497,16.0,30.0,0.0,17.664525801944277,42.39215407355852,10.0,30.0,0.0,17.9173670674767,41.75414387227562,16.0,30.0,0.0,15.77966836920504,47.80835362863212,12.0,30.0,0.0,18.831216188158185,0.0,0.0,0.0,14.33282641243272,0.0,0.0,570.4568800953499,569.5634499630395,570.2394433721246,875.8919615932957,616.2998545307471,631.3184158595805,614.4452539402025,625.7324830344476,626.3604838458016,9280.265336786666,81.86866069595759,81.86866069595759,132.0,0.0,132.0,132.0,16.0,19.0,16.0,12.0,16.0,12.0,21.0,10.0,1.0,0.0,1813.8157444463678,0.0,1493.2070199143496,0.0,0.0,0.0,0.0,0.0,0.0,0.0,0.0,81.86866069595759,81.86866069595759,0.34,0.7710690184447789,0.36028137401965956,81.86866069595759,0.3542647819438875,0.0,0.0031606666666666664 
 03/28  08:30:00,5.715,94.0,4.07,156.0,60.0,0.0,4.0,0.0,0.0,0.0,0.0,0.0,0.0,0.0,0.0,2298.0,0.0,217.68281822417274,55.16169484105209,141.3500325022265,6.527293854194603,173.73230243399224,0.0,55.16169484105206,75.41021891804236,0.0,0.0,20.26177406538931,-1225.21227941975,19.404195598751483,411.8232781249382,20.543949677829937,-1031.6641686217448,19.211571853523226,-48.300102155697327,14.516342104262236,43.800951197390897,17.811364894978163,-83.1086380522966,16.719606123411788,114.97629586078009,16.39511878458986,-12.840799193706417,15.895094300699208,-363.8821071796218,1100.3721057113776,1328.116475811861,0.0,0.0,0.0,0.0,0.0,0.0,0.0,0.0,0.0,0.0,0.0,0.0,0.0,0.0,0.0,0.0,0.0,0.0,0.0,0.0,0.0,0.0,1.5191246894337112,0.4637132751629154,447.9869203219197,530.1673849592161,13962.03981281663,0.34539934757363635,0.05271662814005437,273.897926432606,325.3116441845526,8036.795985420986,1.4213108171019878,0.2685772519089168,249.98839255979164,295.1970427908109,7999.957553227344,0.3618808915744878,0.06838263257265449,32.46589083150591,38.56677768398776,930.768610921805,0.0,0.0,11.121533646907917,13.467184821139992,202.41758428343759,0.0,0.0,57.04205773811098,68.26332107698188,1418.6310278542074,0.0,0.0,310.60052144034969,372.5488476830217,7313.630661607746,0.0,0.0,15.534960262311469,18.65882110774645,358.3469480255949,0.0,0.0,213.31123095961136,257.5137811051809,4239.841702800393,33.56916324178853,23.024117449786375,395.87048868931267,472.0994651691909,11477.109877071502,0.0,0.0,216.41190357986666,262.1166444886266,3903.885572993833,1844.0222422566179,21.36426273322263,33.8211405713037,21.999999999999994,29.99999999999999,0.0,20.335426785683816,35.93824833551496,15.999999999999993,29.99999999999999,1964.3765758401849,21.574717000093718,33.43015434995142,21.666666666666658,29.99999999999999,0.0,19.85494260731614,42.330412255766017,18.999999999999994,29.99999999999999,0.0,14.610838149707206,51.27602225261473,11.999999999999995,29.99999999999999,0.0,18.018553020270564,41.491305557476049,15.999999999999993,29.99999999999999,0.0,17.33676937954895,43.32974183399649,9.999999999999997,29.99999999999999,0.0,17.050473610408078,44.095266666616328,15.999999999999993,29.99999999999999,0.0,15.460307525872083,48.798441205101507,11.999999999999995,29.99999999999999,0.0,18.992619678106857,0.0,0.0,0.0,14.51514145634549,0.0,0.0,578.5013496855648,576.9513784893803,577.7264835413489,907.9947118771086,616.0849708402948,616.2104739802049,608.5481564596737,620.8366303169764,616.9904257173251,9622.059470298736,81.64250863144409,86.2941648091552,131.99999999999995,0.0,131.99999999999995,131.99999999999995,16.0,19.0,16.0,12.0,16.0,12.0,21.0,10.0,1.0,0.0,1844.0222422566179,0.0,1964.3765758401849,0.0,0.0,0.0,0.0,0.0,7039.708328026612,4223824.996815969,5507460.9299193429,81.64250863144409,86.37316537349148,0.3479902776008871,0.7656597583624024,0.36028137401965945,86.37316537349148,0.35426478194388735,5507460.9299193429,0.2895193016891392 
 03/28  08:40:00,5.853333333333333,93.66666666666667,4.11,165.66666666666667,66.66666666666666,0.0,0.0,1.0,2.0,0.0,0.0,0.0,0.0,0.0,0.0,6128.0,0.0,231.1490528777631,56.685718106116357,145.2553548708949,6.931086224760852,184.47971190017592,0.0,56.68571810611632,77.49367426483413,0.0,0.0,20.34804442530575,-1170.7458558742044,19.381746356303269,656.4642633977935,20.644481463187618,-2437.5705609328485,19.369014589847916,888.3310601131634,14.526281334370538,44.5426330719298,18.619884240723903,-110.9396089618492,16.59455014737786,150.9237833720386,17.147129502956209,-102.16188510941555,15.775476894419097,-306.57313482945008,1192.3748488320408,1211.621311905278,0.0,0.0,0.0,0.0,0.0,0.0,0.0,0.0,0.0,0.0,0.0,0.0,0.0,0.0,0.0,0.0,0.0,0.0,0.0,0.0,0.0,0.0,1.4004998438856407,0.4275030048490968,415.71795094193836,492.1260252958724,12914.16825631665,0.35602709284679376,0.054338689384431298,335.870601235169,399.1093658605981,9701.032125603857,1.3041233268927615,0.24643297938260817,517.9806049610954,612.5683938283908,16331.069227200027,0.3524826013890132,0.06660668960487779,382.23657633163648,454.2312145457152,11027.515003585837,0.0,0.0,12.34718745828425,14.962568106010672,221.5441870176906,0.0,0.0,18.548404621871837,22.116646981462819,500.5698414214204,0.0,0.0,267.2813639425855,321.12812463458359,6096.535461552191,0.0,0.0,26.798392334836163,32.02452217851609,680.1559999718705,0.0,0.0,211.53388410507055,255.69625416750629,4096.429875521556,33.53985403942309,23.004015116202415,711.8018087476984,848.3703778490462,20215.976036973927,0.0,0.0,215.27891403816899,260.95437498092289,3828.6052633819915,1491.1230456264098,21.36427228298936,34.60723979542074,21.750000000000008,30.00000000000001,0.0,20.260388155687666,36.86491486155984,16.000000000000008,30.00000000000001,2617.1839072927934,21.602851640993867,34.18040753701622,21.625000000000008,30.00000000000001,0.0,20.240584238106213,37.174651096282108,16.000000000000008,30.00000000000001,0.0,14.623700400311347,51.4274676902151,12.000000000000004,30.00000000000001,1648.3376740850804,19.245507199879027,39.52797098262811,20.000000000000008,30.00000000000001,0.0,17.104669169646063,44.373577279415297,10.000000000000004,30.00000000000001,1349.2844750182317,18.22911233033157,41.67938341742155,20.700000000000008,30.00000000000001,0.0,15.34508549569272,49.366406262383417,12.000000000000004,30.00000000000001,0.0,19.361100680258028,0.0,0.0,0.0,14.528780325709086,0.0,0.0,625.2165444507164,618.0941549163068,627.1215475758656,631.7645659672176,614.3879333193459,692.101402965184,615.7191957721767,667.3763591613241,614.267705882865,10217.816713645565,81.24857122471977,85.74871747703819,60.00000000000002,0.0,60.00000000000002,60.00000000000002,16.0,16.0,19.0,12.0,19.7,12.0,21.0,10.0,1.0,0.0,1491.1230456264098,0.0,2617.1839072927934,0.0,1648.3376740850804,0.0,1349.2844750182317,0.0,6810.189477567868,4086113.6865407216,5341982.16074932,81.24857122471977,85.82514489986287,0.3545063159189291,0.765159646578455,0.36028137401965967,85.82514489986287,0.35426478194388769,5341982.16074932,0.2791930723589646 
 03/28  08:50:00,5.991666666666666,93.33333333333333,4.15,175.33333333333332,73.33333333333334,0.0,0.0,1.0,2.0,0.0,0.0,0.0,0.0,0.0,0.0,3064.0,0.0,251.8478172907091,59.84942288405606,153.3622705619918,7.55174243800439,200.99932582316809,0.0,59.84942288405603,81.81869855177719,0.0,0.0,20.463757382171037,-1369.3519638616622,19.516108010367775,636.0835720004325,20.63022218829721,-1641.9177865106113,19.624600023975384,554.5825208309948,14.539292749577279,45.04013377387058,18.86565374758065,-126.89851667497394,16.566192397048569,147.81406416008577,18.110765430127409,-281.94881225446138,15.705513049610487,-209.70872409316963,1191.0871633068928,1241.2322341036104,0.0,0.0,0.0,0.0,0.0,0.0,0.0,0.0,0.0,0.0,0.0,0.0,0.0,0.0,0.0,0.0,0.0,0.0,0.0,0.0,0.0,0.0,1.3997323814880214,0.42726873671795526,455.2725327552031,538.5671243780472,14113.054327545316,0.34813712042425329,0.05313448113923279,326.38500255573936,387.4242405664184,9442.94899104008,1.4279993682373183,0.26984115046056669,469.87613484587487,555.8326729717884,14481.586992114972,0.33187694005022946,0.06271295163458604,316.4821667941569,375.3592830853201,9272.812468826109,0.0,0.0,12.458571176771029,15.089156747552272,220.48110171700083,0.0,0.0,18.88576408318617,22.479605958667855,515.5376238998501,0.0,0.0,267.31928274821436,321.07932896051218,5991.709127319233,0.0,0.0,44.130008403551887,52.45146838512318,1235.5327377469917,0.0,0.0,218.8087727260805,264.40018888532719,4155.791062728284,33.47499839219099,22.959532504932104,665.6322342996484,792.5811691406682,18964.26456611056,0.0,0.0,224.3978737063072,271.58411815011507,4062.028609227451,1846.655616691973,21.54472287741647,34.23283738223643,22.0,30.0,0.0,20.42667534325937,36.67931634489197,16.0,30.0,2003.866846618324,21.437780752436625,34.543891666435929,21.5,30.0,0.0,20.583412617883753,36.33917713959201,16.0,30.0,0.0,14.641005322724562,51.70010241052757,12.0,30.0,0.0,19.57614167226093,40.47329896732015,19.0,30.0,0.0,17.043378180585898,44.78129910648188,10.0,30.0,1281.4880851580288,19.88740323133521,38.19272352939355,20.7,30.0,0.0,15.29709941068721,49.938936515548849,12.0,30.0,0.0,19.503693064732443,0.0,0.0,0.0,14.830160782449486,0.0,0.0,621.4964609433577,625.9521475475324,623.0838806702069,624.1090343827461,616.8425041826272,792.7288874748548,622.0458381974945,685.0856628975545,626.2956616754375,10309.385754515153,81.18789791445096,86.66386169871142,60.0,0.0,60.0,60.0,16.0,16.0,19.0,12.0,19.7,12.0,21.0,10.0,1.0,0.0,1846.655616691973,0.0,2003.866846618324,0.0,0.0,0.0,1281.4880851580288,0.0,8286.741659864021,4972044.995918413,6515054.517065317,81.18789791445096,86.75686174272035,0.3612247219954674,0.7639505962137659,0.36028137401965956,86.75686174272035,0.3542647819438875,6515054.517065317,0.34019616822072987 
 03/28  09:00:00,6.13,93.0,4.19,185.0,80.0,0.0,0.0,1.0,2.0,0.0,0.0,0.0,0.0,0.0,0.0,2298.0,0.0,275.5299171673407,63.118366277916,161.73885584085168,8.26185262196617,219.89990916766065,0.0,63.118366277915978,86.28759200532295,0.0,0.0,20.45485567168657,-1338.4239081991883,19.59997219698083,490.0440908493333,20.76212048203716,-1666.206867514088,19.665751018695354,438.73241642586228,14.553155431444493,45.140258869385679,18.779360968590649,-113.75585210043977,16.556557112580223,134.61983573301112,18.58447241800145,-404.53679077857597,15.715555980359085,-138.3532318099149,1164.6145656022075,1242.4981402348454,0.0,0.0,0.0,0.0,0.0,0.0,0.0,0.0,0.0,0.0,0.0,0.0,0.0,0.0,0.0,0.0,0.0,0.0,0.0,0.0,0.0,0.0,1.372908588526945,0.4190807657286161,401.5998650187455,474.9156852286773,12356.17034078621,0.32802383354605837,0.050064687659654858,297.3344812166929,352.83005105018767,8553.680008925678,1.4289133635872334,0.27001386311172245,387.21721594626129,457.16090343582729,12091.765248315602,0.31587366468879665,0.0596889011127734,305.9018577858909,362.7090772044563,8866.437673949698,0.0,0.0,12.262764095536756,14.84692045587798,214.00389111656495,0.0,0.0,18.344643746720089,21.84575247610515,486.67641017417147,0.0,0.0,262.36294823964126,315.0599862989393,5792.127451005586,0.0,0.0,54.519337337514858,64.6494273876796,1580.3586928662115,0.0,0.0,219.21002499142058,264.7334380701522,4133.88949530705,33.298787820227037,22.838674773818295,596.6697146758467,710.2115320310509,16935.099152379506,0.0,0.0,225.72029334611569,272.8452463959717,4142.3357588302319,1826.3608137915158,21.522232199973286,34.25826519778987,22.000000000000019,30.00000000000002,0.0,20.489222053748564,36.55209249508231,16.000000000000015,30.00000000000002,2697.7653323525048,21.69520120658934,33.931261057918337,21.666666666666687,30.00000000000002,0.0,20.580083889086965,36.31926032579483,16.000000000000015,30.00000000000002,0.0,14.65877647198517,51.936892323650827,12.00000000000001,30.00000000000002,542.4221186676334,19.317976301806785,42.25346395548853,19.000000000000015,30.00000000000002,0.0,17.012863715807919,45.06777597101627,10.000000000000007,30.00000000000002,1246.663046666558,20.595056560129288,36.74575048788211,20.700000000000015,30.00000000000002,0.0,15.370904011160036,50.04777290779627,12.00000000000001,30.00000000000002,0.0,19.518684568622,0.0,0.0,0.0,15.100368334017072,0.0,0.0,614.9117368664469,622.0165376234705,613.4258357794884,618.1980254965179,621.4958030092578,850.2797706057936,627.4427282074873,677.4943150714596,636.5644962464404,10423.782911008595,81.11223902567062,86.12080337060847,60.00000000000004,0.0,60.00000000000004,60.00000000000004,16.0,16.0,19.0,12.0,19.7,12.0,21.0,10.0,1.0,0.0,1826.3608137915158,0.0,2697.7653323525048,0.0,542.4221186676334,0.0,1246.663046666558,0.0,7579.196072738752,4547517.643643249,5914779.313262796,81.11223902567062,86.20586542047805,0.36597320242462519,0.7666991382332242,0.3602813740196598,86.20586542047805,0.3542647819438878,5914779.313262796,0.30898519095633217 
 03/28  09:10:00,6.328333333333333,91.83333333333333,4.211666666666667,194.66666666666669,86.66666666666667,0.0,0.0,0.0,0.0,0.0,0.0,0.0,0.0,0.0,0.0,6128.0,0.0,302.0827983695385,66.37120334280438,170.07417098168444,9.058041881022204,241.0916335169692,0.0,66.37120334280435,90.73446688606721,0.0,0.0,19.855014024838377,-379.89407027460279,19.537345054447394,139.28265326939897,20.08020974405555,-843.1371832969005,19.61948974977777,75.80873354881294,14.56795765872753,46.49634594046319,18.597291814343316,-380.2941665304887,16.64205254892108,207.4101643724896,17.997550433679416,-241.74492804356295,15.755741843616005,-92.65663038821788,825.7623495976337,1128.7532302181447,0.0,0.0,0.0,0.0,0.0,0.0,0.0,0.0,0.0,0.0,0.0,0.0,0.0,0.0,0.0,0.0,0.0,0.0,0.0,0.0,0.0,0.0,1.3211907135587742,0.4032938686076844,233.43952051008268,277.35528309040248,6737.666556554788,0.28075861092104306,0.042850825842650038,157.2433605258238,187.13989871832016,4431.274104872775,1.446842467448923,0.27340182680440736,250.72768365383772,297.760644983486,7335.357303668013,0.2610398557072878,0.049327259203947048,148.88542338883856,177.10985035109656,4250.860561162657,0.0,0.0,11.9511181995002,14.483613958997969,204.134101323246,0.0,0.0,89.41355608167142,106.70654729487504,2297.587268930645,0.0,0.0,327.21445099450878,393.07725068029046,7195.932692118693,0.0,0.0,46.669176990410829,55.626956873623758,1238.111407081659,0.0,0.0,215.33174751590844,260.20034886113259,4018.265369231479,32.34596616472487,22.185161978549304,308.92772039195997,369.1851812159161,8761.695851543087,0.0,0.0,221.38595610425217,267.7753861157746,4013.243483550002,0.0,20.504880516151496,36.532789011943247,22.0,30.0,0.0,20.28858755547629,37.01926611731672,16.0,30.0,0.0,20.653956506050038,36.18210648768807,21.625,30.0,0.0,20.434650435431757,36.66301301460057,16.0,30.0,0.0,14.677130472104757,52.26986455166172,12.0,30.0,0.0,19.069408234340167,40.93078868454476,16.0,30.0,0.0,17.175396851354877,45.33486487826389,10.0,30.0,0.0,19.453769876767635,39.24607802330834,12.0,30.0,0.0,15.476893802527713,50.25521908844368,12.0,30.0,0.0,18.550833586779814,0.0,0.0,0.0,15.189802242669398,0.0,0.0,609.8477564790846,615.2689812229722,599.337407750941,611.9692668638686,633.0741307374908,712.3376817482237,661.6915367106561,659.1884277224531,654.5952358949743,0.0,78.48000178959768,78.48000178959768,60.0,0.0,60.0,60.0,16.0,16.0,16.0,12.0,12.0,12.0,21.0,10.0,0.0,0.0,0.0,0.0,0.0,0.0,0.0,0.0,0.0,0.0,0.0,0.0,0.0,78.48000178959768,78.48000178959768,0.0,0.0,0.0,78.48000178959768,0.0,0.0,0.0014199999999999997 
 03/28  09:20:00,6.526666666666667,90.66666666666667,4.233333333333334,204.33333333333335,93.33333333333334,0.0,0.0,0.0,0.0,0.0,0.0,0.0,0.0,0.0,0.0,3064.0,0.0,331.718430653077,69.60590800647653,178.3630241519091,9.946665996736407,264.74366936475237,0.0,69.6059080064765,95.15655339964535,0.0,0.0,19.238002257669487,-69.30990099944825,19.232503913764519,-198.38186274465694,19.441036735308864,-262.84550678407018,19.236651002490974,-124.79333071057265,14.577927135602856,38.159956349606108,18.172137862506369,-221.07793102666506,16.553471996560949,93.28158657443464,17.20014232621162,-88.20321468930865,15.77644004743543,-133.7965549747821,742.1141243623495,928.4681854905718,0.0,0.0,0.0,0.0,0.0,0.0,0.0,0.0,0.0,0.0,0.0,0.0,0.0,0.0,0.0,0.0,0.0,0.0,0.0,0.0,0.0,0.0,1.2433698346405225,0.3795390215630411,183.26109305232576,218.27547402944976,4821.857314789663,0.2338533869086477,0.03569190886884123,113.47538576869037,135.14889899976465,3008.434698997537,1.521691885817633,0.2875457078264613,135.8073847046782,161.84115119380747,3621.9377995601819,0.2255189804214443,0.04261507566542786,77.68973813200646,92.60105968148221,2079.268067743633,0.0,0.0,10.587497693029594,12.823213259019685,176.77076610001047,0.0,0.0,76.19887509941074,91.13120569811429,1817.386477866257,0.0,0.0,297.0660879379608,356.91339954707805,6310.402186339983,0.0,0.0,32.751651126788498,39.22130964655314,762.7316177719753,0.0,0.0,196.17285648196427,236.89777288430455,3601.8948762806678,31.12456292825665,21.347436850656146,191.96315096907328,230.03774680320795,5141.561014172301,0.0,0.0,200.66311192512664,242.73325879733972,3495.3784271683155,0.0,19.536051189033889,38.800067300193578,22.0,30.0,0.0,19.65864562176263,38.491462440252139,16.0,30.0,0.0,19.62116624233661,38.56775222300226,22.0,30.0,0.0,19.70425131653263,38.39225708111433,16.0,30.0,0.0,14.685816154172312,52.63995233672732,12.0,30.0,0.0,18.33046454949277,42.143466672978309,16.0,30.0,0.0,16.992533137109854,45.773275475368048,10.0,30.0,0.0,17.997891122624965,42.96767958828762,12.0,30.0,0.0,15.527834389798248,50.288605976881679,12.0,30.0,0.0,17.759409862702737,0.0,0.0,0.0,15.029074400192613,0.0,0.0,603.7684905378873,596.574956881058,588.2069475037527,604.4722582864666,644.6195237404951,659.543742888501,650.2520749126434,654.846130725741,658.1268062435231,0.0,78.48000178959768,78.48000178959768,60.0,0.0,60.0,60.0,16.0,16.0,16.0,12.0,12.0,12.0,21.0,10.0,0.0,0.0,0.0,0.0,0.0,0.0,0.0,0.0,0.0,0.0,0.0,0.0,0.0,78.48000178959768,78.48000178959768,0.0,0.0,0.0,78.48000178959768,0.0,0.0,0.0014166666666666664 
 03/28  09:30:00,6.725,89.5,4.255000000000001,214.0,100.0,0.0,0.0,0.0,0.0,0.0,0.0,0.0,0.0,0.0,0.0,2298.0,0.0,364.5025260909506,72.82036151433288,186.59998601975489,10.929695290195486,290.908460560869,0.0,72.82036151433283,99.55095504788689,0.0,0.0,18.891208037979525,-63.661515882996628,18.938734115591389,-179.361687202876,19.091719608124998,-201.55978636096789,18.886342651652038,-227.92279616275568,14.580267037152302,31.830377495473927,17.937330655949638,-167.65275977369684,16.452096150099295,82.52403582852333,16.751480042519025,-37.26930139367932,15.75851647887844,-158.45118677868377,614.670697431295,766.0848300565931,0.0,0.0,0.0,0.0,0.0,0.0,0.0,0.0,0.0,0.0,0.0,0.0,0.0,0.0,0.0,0.0,0.0,0.0,0.0,0.0,0.0,0.0,1.1751504889543137,0.35871504546834967,146.0724157995483,174.22837012963226,3654.9266684107749,0.21934142109359246,0.03347701787142741,77.28428256034784,92.15659041429893,1929.3553335472653,1.4517122936503416,0.27432205095433517,164.63142990895518,196.20994793731729,4118.354186334238,0.2155386668550946,0.04072915095523327,107.70340994745755,128.40023706767463,2680.2011500130436,0.0,0.0,9.780312023876045,11.84095148743198,159.25347568068509,0.0,0.0,68.87068366217534,82.44353893994071,1563.343223877523,0.0,0.0,274.44926801208228,329.833698125768,5617.731640908078,0.0,0.0,22.922580826745035,27.513237184906015,489.3075413094016,0.0,0.0,178.0028680757331,214.89088772998657,3189.6028498774619,30.10671884972639,20.649327057425507,168.93240380306009,202.52829574981338,4300.02639106165,0.0,0.0,180.99972233430689,218.96752586977105,3032.650054934138,0.0,19.05352188898357,39.998892515135057,21.999999999999994,29.99999999999999,0.0,19.104797038040837,39.847003721159527,15.999999999999993,29.99999999999999,0.0,19.11435467842725,39.83313431748054,21.999999999999994,29.99999999999999,0.0,19.08415704865592,39.91751780222818,15.999999999999993,29.99999999999999,0.0,14.680714292548828,52.83207280248398,11.999999999999995,29.99999999999999,0.0,17.94828062130619,43.087650665782849,15.999999999999993,29.99999999999999,0.0,16.804259921532535,46.28439777648533,9.999999999999997,29.99999999999999,0.0,17.233983607952618,45.083686236079739,11.999999999999995,29.99999999999999,0.0,15.50708293817071,50.33365647608229,11.999999999999995,29.99999999999999,0.0,17.41380759042254,0.0,0.0,0.0,14.901759931340813,0.0,0.0,597.0530356668173,583.6024872838855,587.0827971014388,589.6340851420251,646.8829151100212,649.1910314471475,642.0047693845402,651.676664999376,651.8548974605951,0.0,78.48000178959765,78.48000178959765,59.99999999999998,0.0,59.99999999999998,59.99999999999998,16.0,16.0,16.0,12.0,12.0,12.0,21.0,10.0,0.0,0.0,0.0,0.0,0.0,0.0,0.0,0.0,0.0,0.0,0.0,0.0,0.0,78.48000178959765,78.48000178959765,0.0,0.0,0.0,78.48000178959765,0.0,0.0,0.0014133333333333336 
 03/28  09:40:00,6.923333333333334,88.33333333333333,4.276666666666667,213.66666666666669,98.16666666666667,0.0,0.0,0.0,0.0,0.0,0.0,0.0,0.0,0.0,0.0,1532.0,0.0,380.4489286872147,73.04905856470558,187.1860120341517,11.407840170043002,303.6351118897696,0.0,73.04905856470555,99.863601254357,0.0,0.0,18.601411875487327,-22.037203113226047,18.724814317288734,-234.0085590054859,18.83409743534314,-125.01534914159523,18.642048241264509,-115.06858174004562,14.579303295652697,28.161546020954984,17.782603899561495,-142.54068790234926,16.37349742465379,71.13634469848333,16.45115975269876,-16.28913914177776,15.734051307313223,-157.39576761497399,418.4328016782123,662.9020643640013,0.0,0.0,0.0,0.0,0.0,0.0,0.0,0.0,0.0,0.0,0.0,0.0,0.0,0.0,0.0,0.0,0.0,0.0,0.0,0.0,0.0,0.0,1.1112083449477282,0.33919668649198067,136.51282134308904,162.87430597250163,3251.1742199264838,0.20679286958940447,0.03156179328287615,72.50055605858245,86.46305433410434,1724.2234531383368,1.389204914031482,0.26251037680111169,69.19511386351552,82.57633311193394,1683.6978358477402,0.20811278258521127,0.03932592263514952,47.82714022377091,57.054047507626837,1138.7188240177334,0.0,0.0,9.257836142898168,11.20068615678109,146.87223078613193,0.0,0.0,65.0440170464254,77.87067883028502,1420.6654258247757,0.0,0.0,260.7435333999008,313.28679297961949,5162.618352110046,0.0,0.0,17.41358994889669,20.91967922819577,348.4931538877828,0.0,0.0,167.41651323163775,201.98260939708497,2922.812363161656,29.209207122407159,20.03374974102001,100.91971638219568,121.18217413400365,2616.5846447796905,0.0,0.0,169.48346804378435,204.89977497456318,2763.942211495282,0.0,18.65624476777512,41.01002354623108,22.000000000000008,30.00000000000001,0.0,18.7196169394876,40.82540443357858,16.000000000000008,30.00000000000001,0.0,18.770786803685565,40.70689914248591,22.000000000000008,30.00000000000001,0.0,18.70187384446203,40.900523736171439,16.000000000000008,30.00000000000001,0.0,14.672645803383494,52.94431515629098,12.000000000000004,30.00000000000001,0.0,17.712360148444085,43.70287734673262,16.000000000000008,30.00000000000001,0.0,16.666463034976269,46.67016527769955,10.000000000000004,30.00000000000001,0.0,16.766104798274914,46.42325666565591,12.000000000000004,30.00000000000001,0.0,15.47716876439232,50.3950484662111,12.000000000000004,30.00000000000001,0.0,16.852186295554064,0.0,0.0,0.0,14.881499167965315,0.0,0.0,586.5216697674902,567.6692415235118,576.500442901021,583.123161097159,645.2876625860191,642.3507426694201,635.8325337021726,647.1047404868599,645.3688247019695,0.0,78.48000178959771,78.48000178959771,60.00000000000002,0.0,60.00000000000002,60.00000000000002,16.0,16.0,16.0,12.0,12.0,12.0,21.0,10.0,0.0,0.0,0.0,0.0,0.0,0.0,0.0,0.0,0.0,0.0,0.0,0.0,0.0,78.48000178959771,78.48000178959771,0.0,0.0,0.0,78.48000178959771,0.0,0.0,0.00141 
 03/28  09:50:00,7.121666666666667,87.16666666666667,4.298333333333334,213.33333333333335,96.33333333333333,0.0,0.0,0.0,0.0,0.0,0.0,0.0,0.0,0.0,0.0,2298.0,0.0,396.1389865850362,73.22661937553497,187.64100324016594,11.878298532310744,316.15717565121329,0.0,73.22661937553494,100.10634034448997,0.0,0.0,18.38817507133372,-59.02402075047884,18.57602256867478,-223.99726858441023,18.59520032764479,-345.11634475532449,18.493849671767689,-83.7475791078196,14.57788083273153,24.9305985699497,17.68771747662904,-137.98485976105602,16.307000163984868,56.1176884541474,16.26126736916961,-8.657397991564216,15.720904079030792,-149.73306603545564,428.9158581945842,560.4973445587782,0.0,0.0,0.0,0.0,0.0,0.0,0.0,0.0,0.0,0.0,0.0,0.0,0.0,0.0,0.0,0.0,0.0,0.0,0.0,0.0,0.0,0.0,1.0693196880534,0.32641016118846186,143.8613780471295,171.87046144735107,3291.9565694849018,0.19753578674783058,0.03014892960131727,59.74599310162762,71.33907077466836,1365.0817817690195,1.2701913882838039,0.24002104842853468,117.91941914140446,140.91617994232255,2712.0494508360245,0.1975475320477975,0.037329465617497659,68.00889877168339,81.26102664901177,1562.6873030048324,0.0,0.0,8.811913221801298,10.669572244612933,136.09583693401329,0.0,0.0,62.790604333739029,75.26410522684455,1329.831183742741,0.0,0.0,245.79872656617273,295.6750907171842,4714.219094352383,0.0,0.0,12.455915964413807,14.989023687272823,237.74084817295617,0.0,0.0,154.81431640325673,186.93243979525009,2637.501066682161,28.38442024586137,19.46805229482949,151.79788420167814,182.1564841152237,3627.764366608717,0.0,0.0,156.00958402847349,188.76986686673053,2476.2261090655458,0.0,18.387581966044324,41.71940209016599,22.000000000000019,30.00000000000002,0.0,18.475532280864134,41.46145072672308,16.000000000000015,30.00000000000002,0.0,18.43844725012131,41.56773821248995,22.000000000000019,30.00000000000002,0.0,18.49012497191135,41.45314885154767,16.000000000000015,30.00000000000002,0.0,14.66552907628867,53.000633375797438,12.00000000000001,30.00000000000002,0.0,17.579123294956636,44.04943979816365,16.000000000000015,30.00000000000002,0.0,16.556111457844645,46.97554452041152,10.000000000000007,30.00000000000002,0.0,16.50266047207258,47.19136328245256,12.00000000000001,30.00000000000002,0.0,15.468685653202027,50.392236870729607,12.00000000000001,30.00000000000002,0.0,16.937076740402376,0.0,0.0,0.0,14.866447443725863,0.0,0.0,576.9329838250424,553.6129957108851,555.0385172910591,577.2050786764622,641.949514338982,635.1755810122551,626.6143849367416,642.7635435190333,637.902926064322,0.0,78.48000178959774,78.48000178959774,60.00000000000004,0.0,60.00000000000004,60.00000000000004,16.0,16.0,16.0,12.0,12.0,12.0,21.0,10.0,0.0,0.0,0.0,0.0,0.0,0.0,0.0,0.0,0.0,0.0,0.0,0.0,0.0,78.48000178959774,78.48000178959774,0.0,0.0,0.0,78.48000178959774,0.0,0.0,0.0013866666666666667 
 03/28  10:00:00,7.32,86.0,4.32,213.0,94.5,0.0,0.0,0.0,0.0,0.0,0.0,0.0,0.0,0.0,0.0,1532.0,0.0,411.34694655907966,73.35894992768327,187.98009339745119,12.334301287717022,328.2944807252932,0.0,73.35894992768324,100.28724624188496,0.0,0.0,18.216925045940575,-33.23126690074969,18.45716061991385,-112.19716635679345,18.40294721605284,-142.5656527936003,18.34830816634519,-124.3055236159804,14.57599530758284,23.556908450439339,17.60870832264827,-130.8135580925341,16.25749187064415,62.640120932966059,16.098105787471689,-4.206180836083689,15.711928596778533,-138.3432413175965,314.7857123446681,498.15402182123128,0.0,0.0,0.0,0.0,0.0,0.0,0.0,0.0,0.0,0.0,0.0,0.0,0.0,0.0,0.0,0.0,0.0,0.0,0.0,0.0,0.0,0.0,1.0277048800370972,0.31370722833855227,113.49720058859217,135.73067081060592,2514.5345302546309,0.19159368073473755,0.029242014764154085,40.719395808167067,48.75815962278913,902.9868266744559,1.2687790430805053,0.23975416535912806,90.54386919478583,108.17984177111386,2016.0465308337478,0.189141847880156,0.03574108992444368,59.784744882516168,71.47240678300807,1324.334435323999,0.0,0.0,8.591132366927152,10.395063971622207,129.11490209027662,0.0,0.0,61.9034764139076,74.17768564255758,1272.8390951153,0.0,0.0,237.90845242907694,286.05350177679216,4433.314660834343,0.0,0.0,9.602151507678155,11.556666664757652,175.17714536232408,0.0,0.0,147.7586893590925,178.28759836266654,2457.228619086218,27.637239002346037,18.95558230613583,92.86254101056466,111.62913455642334,2281.561098997134,0.0,0.0,148.3934191298448,179.40532557864646,2305.7054265444505,0.0,18.191719779433684,42.241953069838157,22.0,30.0,0.0,18.28492868012108,41.97079787989806,16.0,30.0,0.0,18.2191084105207,42.15748047594231,22.0,30.0,0.0,18.26705449647424,42.04181266387627,16.0,30.0,0.0,14.65897076375795,53.037086794439989,12.0,30.0,0.0,17.46677055581392,44.343797765836239,16.0,30.0,0.0,16.48251939273773,47.180211613830987,10.0,30.0,0.0,16.27798866795323,47.85427109878465,12.0,30.0,0.0,15.466095664410056,50.37781267117793,12.0,30.0,0.0,16.641471463830596,0.0,0.0,0.0,14.901017644102453,0.0,0.0,568.0953778266323,546.2747692774651,555.5694653996045,565.2203294532124,636.497644053937,627.3709873032742,618.725286699671,637.4731264725257,630.5200676420009,0.0,78.48000178959768,78.48000178959768,60.0,0.0,60.0,60.0,16.0,16.0,16.0,12.0,12.0,12.0,21.0,10.0,0.0,0.0,0.0,0.0,0.0,0.0,0.0,0.0,0.0,0.0,0.0,0.0,0.0,78.48000178959768,78.48000178959768,0.0,0.0,0.0,78.48000178959768,0.0,0.0,0.0013633333333333334 
 03/28  10:10:00,7.44,85.5,4.381666666666668,212.66666666666667,92.66666666666667,0.0,0.0,0.0,0.0,0.0,0.0,0.0,0.0,0.0,0.0,1532.0,0.0,425.8863319887877,73.4510951433895,188.21620985414487,12.770257035702216,339.89820221916576,0.0,73.45109514338947,100.41321573772223,0.0,0.0,18.062809079219425,-23.490379631966336,18.40876838221775,-226.92103367853384,18.179653615646719,-188.0680792190069,18.228673602492809,-203.392656498856,14.574633328734884,21.752505424431207,17.552712356216689,-126.03982918954512,16.215461084105486,54.06873985511265,15.96340356072189,-14.597901233544349,15.71609458074226,-119.9835525438034,457.99744426310738,436.9885275935344,0.0,0.0,0.0,0.0,0.0,0.0,0.0,0.0,0.0,0.0,0.0,0.0,0.0,0.0,0.0,0.0,0.0,0.0,0.0,0.0,0.0,0.0,0.9973070099989199,0.30442826923043955,173.00058002332049,206.83910829241365,3714.8539740059325,0.17372224089422806,0.02651438353086509,140.74113263597622,168.11150846821909,3052.086223299493,1.1633021581676464,0.21982278121081764,286.52685862834269,342.78642390384916,6080.806772291445,0.18692011601062048,0.03532126152883984,190.08814194799818,227.27587659354857,4092.0659138263956,0.0,0.0,8.251870795872306,9.984428674229868,121.91267300823137,0.0,0.0,60.53616257253556,72.55393778841496,1221.081507632723,0.0,0.0,224.835600600599,270.3833162817396,4107.106551274447,0.0,0.0,7.939164892516112,9.55968902474033,140.05754246374,0.0,0.0,135.58649800739176,163.57830120309908,2227.3514466358258,27.406046824368269,18.797014282831467,310.0259036746751,371.84467859166525,6608.636709031939,0.0,0.0,139.6884488097211,168.86270228672695,2140.760676442689,0.0,18.011382824157175,42.7302260782527,22.0,30.0,0.0,18.207297844570755,42.18777480228071,16.0,30.0,0.0,17.902270972471734,43.024795087031538,22.0,30.0,0.0,18.09667069076,42.495118684788597,16.0,30.0,0.0,14.654236591949598,53.047034021277017,12.0,30.0,0.0,17.391551178425197,44.52798608969502,16.0,30.0,0.0,16.419880555894208,47.34186858935235,10.0,30.0,0.0,16.098868018983219,48.38501425790963,12.0,30.0,0.0,15.487391886560275,50.27217111577953,12.0,30.0,0.0,17.11653735355663,0.0,0.0,0.0,14.91783962733831,0.0,0.0,562.7544135829069,539.2220517109333,555.2855060036757,547.8512316737291,628.9960151182024,614.8430352175036,605.432284346124,631.4912186385241,616.5962152911419,0.0,78.48000178959768,78.48000178959768,60.0,0.0,60.0,60.0,16.0,16.0,16.0,12.0,12.0,12.0,21.0,10.0,0.0,0.0,0.0,0.0,0.0,0.0,0.0,0.0,0.0,0.0,0.0,0.0,0.0,78.48000178959768,78.48000178959768,0.0,0.0,0.0,78.48000178959768,0.0,0.0,0.0013399999999999999 
 03/28  10:20:00,7.5600000000000009,85.0,4.443333333333333,212.33333333333335,90.83333333333334,0.0,0.0,0.0,0.0,0.0,0.0,0.0,0.0,0.0,0.0,2298.0,0.0,439.61784048407159,73.50739969126242,188.36048560053363,13.181988870564983,350.8571644743865,0.0,73.50739969126239,100.49018832337996,0.0,0.0,17.974405571518177,-28.996659464367278,18.298240789108247,-216.91804777963007,18.156032228981418,-114.85723017765307,18.093322536950717,-83.1456543166867,14.574286341805465,21.656612225630615,17.513617764502315,-122.75542422628506,16.19584246380486,64.40006148684883,15.852372582282606,-17.657767661949735,15.719887362366457,-110.51560419105934,346.97482722630329,406.64758830588337,0.0,0.0,0.0,0.0,0.0,0.0,0.0,0.0,0.0,0.0,0.0,0.0,0.0,0.0,0.0,0.0,0.0,0.0,0.0,0.0,0.0,0.0,0.9623876342178318,0.2937691191141122,118.28590372269322,141.65306463692026,2502.3294405234448,0.17053210484270799,0.02602748852910683,100.10632800225445,119.8627152691727,2117.8985949988498,1.0853643346734812,0.20509530133663665,123.95113449171473,148.54882549011078,2632.93050406645,0.18610324415958005,0.035166901768628109,97.4797718083052,116.79316212547124,2040.974202467483,0.0,0.0,8.219299068756156,9.951979228999385,119.36691472390626,0.0,0.0,59.80546933251229,71.74321742993884,1185.9224990821904,0.0,0.0,222.9466351855816,268.31353142854138,4010.1618759907375,0.0,0.0,10.202957146127572,12.294154968979463,174.50635259702359,0.0,0.0,131.1898174348696,158.3809153929019,2127.0258020941257,27.404068380141405,18.795657325199867,158.5037512963401,190.6235103000023,3487.3615638198227,0.0,0.0,137.82609775191646,166.68905785535444,2096.1677314711826,0.0,17.9461439345518,42.90407378646773,21.999999999999994,29.99999999999999,0.0,18.024311208262007,42.68759454612435,15.999999999999993,29.99999999999999,0.0,17.973027635661109,42.84035945242524,21.999999999999994,29.99999999999999,0.0,17.91645318709753,42.98311546401183,15.999999999999993,29.99999999999999,0.0,14.652170221925538,53.043389209139579,11.999999999999995,29.99999999999999,0.0,17.342342725656438,44.64918701543913,15.999999999999993,29.99999999999999,0.0,16.40267078218932,47.38050622216393,9.999999999999997,29.99999999999999,0.0,15.958876179650329,48.80025236155207,11.999999999999995,29.99999999999999,0.0,15.503904766775856,50.20132474476311,11.999999999999995,29.99999999999999,0.0,16.77143224351496,0.0,0.0,0.0,14.983517503424656,0.0,0.0,545.4535944663287,528.3589206370577,547.5534803242845,544.6282620175929,621.5062194576266,605.5960826418134,597.177936523747,624.6748854776619,608.7454396924863,0.0,78.48000178959765,78.48000178959765,59.99999999999998,0.0,59.99999999999998,59.99999999999998,16.0,16.0,16.0,12.0,12.0,12.0,21.0,10.0,0.0,0.0,0.0,0.0,0.0,0.0,0.0,0.0,0.0,0.0,0.0,0.0,0.0,78.48000178959765,78.48000178959765,0.0,0.0,0.0,78.48000178959765,0.0,0.0,0.0013433333333333334 
 03/28  10:30:00,7.68,84.5,4.505000000000001,212.0,89.0,0.0,0.0,0.0,0.0,0.0,0.0,0.0,0.0,0.0,0.0,766.0,0.0,452.44913711392976,73.53163154310761,188.42257587638236,13.566728181518029,361.09767604482,0.0,73.53163154310758,100.52331510198423,0.0,0.0,17.849216721912549,-14.495284731624452,18.215978900141434,-233.59397263659049,18.078986504035343,-85.47931254068692,18.098315255159254,-31.206833788274396,14.574869627086864,21.33505239575723,17.477484965290587,-116.80313222476844,16.176290289960059,64.04067491455499,15.72896903826138,-18.06809592404585,15.729976369408869,-107.77090756734697,246.3748551186468,378.7411752200496,0.0,0.0,0.0,0.0,0.0,0.0,0.0,0.0,0.0,0.0,0.0,0.0,0.0,0.0,0.0,0.0,0.0,0.0,0.0,0.0,0.0,0.0,0.964702992199197,0.29447588284468775,130.96480103216974,156.39343894393526,2697.9608079338324,0.1767461236974029,0.026975904105220225,86.17992671865047,102.88171263348638,1780.7923121213708,0.9353844334677509,0.17675442809292353,30.372244529496123,36.25434452026818,647.57807988566,0.1819568801351615,0.03438338626892696,6.627364956337867,7.90935081969986,141.59360016586627,0.0,0.0,8.123225136558789,9.80640510079093,116.0265910414805,0.0,0.0,58.878148621750899,70.43204301570177,1147.9885415278403,0.0,0.0,220.45787274007334,264.5501711546246,3903.7935515596648,0.0,0.0,12.389530097736634,14.8979427380445,204.86868216116236,0.0,0.0,127.16102877279762,153.04272902061329,2038.2444382392917,27.418022445342154,18.805228014637973,80.73577187068264,96.8774247284035,1912.6803467743173,0.0,0.0,136.19987920121393,164.19232840407589,2058.140132332608,0.0,17.799104628059966,43.31727582899488,22.0,30.0,0.0,17.88699784981145,43.085968620272087,16.0,30.0,0.0,17.919321595040885,43.00578833085113,22.0,30.0,0.0,17.975653175265078,42.844400608776137,16.0,30.0,0.0,14.652021962795559,53.027319562423539,12.0,30.0,0.0,17.29271467465658,44.774992941992589,16.0,30.0,0.0,16.380752696260506,47.43752602411481,10.0,30.0,0.0,15.786729821915568,49.308870083596087,12.0,30.0,0.0,15.53063939457119,50.097174184583298,12.0,30.0,0.0,16.39796906832553,0.0,0.0,0.0,15.05445107939472,0.0,0.0,535.910685896194,523.2464926840179,535.7554359393846,560.8110771692126,610.4263787731568,595.3188786673956,589.4668316969181,611.5630662931932,598.8854249871498,0.0,78.48000178959768,78.48000178959768,60.0,0.0,60.0,60.0,16.0,16.0,16.0,12.0,12.0,12.0,21.0,10.0,0.0,0.0,0.0,0.0,0.0,0.0,0.0,0.0,0.0,0.0,0.0,0.0,0.0,78.48000178959768,78.48000178959768,0.0,0.0,0.0,78.48000178959768,0.0,0.0,0.0013466666666666664 
 03/28  10:40:00,7.8,84.0,4.566666666666667,212.5,126.5,0.0,0.0,0.0,0.0,0.0,0.0,0.0,0.0,0.0,0.0,766.0,0.0,550.6157215794474,75.52876712570651,193.54029508346089,16.510226653998303,439.4436118235798,0.0,75.52876712570647,103.25355085573979,0.0,0.0,17.770405047004084,-0.9064386096179082,18.221733716569504,-199.89289732562757,18.049327285592498,-37.79098147310471,17.96138178730621,-214.71335314243297,14.584406835577088,21.0532991136762,17.49327849778542,-116.3938421264566,16.15533932386262,61.40277693498322,15.644312682012675,-16.892064979354765,15.742286318782274,-93.39503043488962,291.57163975375956,349.2026427743587,0.0,0.0,0.0,0.0,0.0,0.0,0.0,0.0,0.0,0.0,0.0,0.0,0.0,0.0,0.0,0.0,0.0,0.0,0.0,0.0,0.0,0.0,0.9729215807280683,0.2969846095018525,166.9051589877139,199.349073923095,3371.3054866145228,0.1829994073950385,0.02793031248398025,67.25098581077212,80.28667455422596,1371.635253746268,0.9020065669657414,0.17044719708347359,85.63481746431578,102.2068218552124,1773.4510294500083,0.17027244858950378,0.03217544379998182,75.94905587199624,90.71297850587816,1528.1490453392624,0.0,0.0,8.021093910656674,9.682484946078617,112.75810161970873,0.0,0.0,58.239534881874238,69.667555907699,1120.606515090628,0.0,0.0,217.24879370470053,260.71449648780296,3782.8757795606504,0.0,0.0,14.21881831719003,17.10319107940633,228.74647449231405,0.0,0.0,122.66919650024477,147.61755388873767,1943.1622862005734,27.491080442168124,18.855336380087889,114.13498236861237,136.88232258885416,2509.6710332433256,0.0,0.0,133.98963647211196,161.48496677797704,2009.8867994755145,0.0,17.73499486246125,43.50842431406966,22.00000000000001,30.000000000000015,0.0,17.867526253589007,43.16703257333981,16.000000000000008,30.000000000000015,0.0,17.94611666843363,42.93210651814783,22.00000000000001,30.000000000000015,0.0,17.731828448533759,43.5413360131689,16.000000000000008,30.000000000000015,0.0,14.662009903100508,52.98276481072064,12.000000000000006,30.000000000000015,0.0,17.286125296294786,44.78812901188017,16.000000000000008,30.000000000000015,0.0,16.35494262966446,47.51008117089083,10.000000000000004,30.000000000000015,0.0,15.683930750435044,49.61613371984734,12.000000000000006,30.000000000000015,0.0,15.559239932252313,49.997159486021697,12.000000000000006,30.000000000000015,0.0,16.540052218558288,0.0,0.0,0.0,15.122053190349249,0.0,0.0,535.6092087818498,516.3323174695922,556.3075749243807,522.4443446348827,603.7155863492598,591.2076489597996,583.1126378785519,602.578337870929,593.2246526006695,0.0,78.48000178959771,78.48000178959771,60.00000000000003,0.0,60.00000000000003,60.00000000000003,16.0,16.0,16.0,12.0,12.0,12.0,21.0,10.0,0.0,0.0,0.0,0.0,0.0,0.0,0.0,0.0,0.0,0.0,0.0,0.0,0.0,78.48000178959771,78.48000178959771,0.0,0.0,0.0,78.48000178959771,0.0,0.0,0.0013499999999999999 
 03/28  10:50:00,7.919999999999999,83.5,4.628333333333334,213.0,164.0,0.0,0.0,0.0,0.0,0.0,0.0,0.0,0.0,0.0,0.0,1532.0,0.0,624.2458486910072,77.32471460934828,198.14248561073067,18.71801303008854,498.2072803109119,0.0,77.32471460934825,105.70874722519474,0.0,0.0,17.709444350935109,-0.6251065814544745,18.235234977354936,-225.59111077749436,17.862040238406587,-229.63854745353093,17.937882939388329,-97.01489359732386,14.594897485520438,20.961046209144884,17.52136213706462,-119.32104134160795,16.14710422226488,67.42116422838945,15.58237154446882,-14.839356020749904,15.758240748235341,-71.9576677456032,386.40549054118267,312.5807177538502,0.0,0.0,0.0,0.0,0.0,0.0,0.0,0.0,0.0,0.0,0.0,0.0,0.0,0.0,0.0,0.0,0.0,0.0,0.0,0.0,0.0,0.0,0.9303044719050522,0.28397572402474127,164.45135557215776,196.94429135039088,3268.6181896106538,0.16644608997017835,0.025403859885558358,103.92761776856752,124.3107973814711,2087.2850578738978,0.9040597997934705,0.17083518514615854,217.89785960695537,260.9024847811313,4300.005755002901,0.17670306634345074,0.0333906021057163,131.10382641116883,156.92404884207498,2608.1931814074907,0.0,0.0,7.959744603676328,9.628981346139252,110.09082664229871,0.0,0.0,59.005445565554939,70.73473213954316,1121.5847067530459,0.0,0.0,212.8710513751841,256.0185701854222,3653.252218456084,0.0,0.0,16.104436884876937,19.41634901415737,252.98454997157928,0.0,0.0,115.47625479375249,139.25265351867388,1807.7385633880722,27.49877837301169,18.86061616804643,245.19153214597089,294.4141273749975,4951.533229427534,0.0,0.0,129.25539753079165,156.08474862509775,1923.387540182529,0.0,17.696293355377017,43.637341649774359,22.0,30.0,0.0,17.84717586188155,43.23932506809719,16.0,30.0,0.0,17.643053058615899,43.78600363092723,22.0,30.0,0.0,17.752224311577004,43.48159919518041,16.0,30.0,0.0,14.673709066631222,52.93544584646864,12.0,30.0,0.0,17.294547474778125,44.759385179157927,16.0,30.0,0.0,16.35444525877299,47.51050911417491,10.0,30.0,0.0,15.619483347155495,49.81042961318015,12.0,30.0,0.0,15.591695304760682,49.88702459952801,12.0,30.0,0.0,16.879983692931917,0.0,0.0,0.0,15.187596616089426,0.0,0.0,531.6136374712887,516.9219019358735,531.9203370272823,539.7720328533103,598.4694417979087,584.3728562074216,578.2040919029334,596.218488509559,587.6927529398079,0.0,78.48000178959768,78.48000178959768,60.0,0.0,60.0,60.0,16.0,16.0,16.0,12.0,12.0,12.0,21.0,10.0,0.0,0.0,0.0,0.0,0.0,0.0,0.0,0.0,0.0,0.0,0.0,0.0,0.0,78.48000178959768,78.48000178959768,0.0,0.0,0.0,78.48000178959768,0.0,0.0,0.0013433333333333334 
 03/28  11:00:00,8.04,83.0,4.69,213.5,201.5,0.0,0.0,0.0,0.0,0.0,0.0,0.0,0.0,0.0,0.0,1532.0,0.0,746.3926231294839,78.3694361127597,200.81970543833223,22.38054606334427,595.6915526862042,0.0,78.36943611275966,107.13696072566194,0.0,0.0,17.638468428910465,1.8494946306223029,18.251427831077874,-301.27254998858919,17.821684804696468,-93.75003327780041,17.88660431121469,-119.13235116156453,14.614016125887734,21.087698503095127,17.581989950009125,-122.43052080399059,16.14554652716639,72.3551039095446,15.521999715341316,-10.604619509493603,15.787275947407834,-53.23570688556242,322.985196984539,280.60986654149908,0.0,0.0,0.0,0.0,0.0,0.0,0.0,0.0,0.0,0.0,0.0,0.0,0.0,0.0,0.0,0.0,0.0,0.0,0.0,0.0,0.0,0.0,0.9136906237077556,0.2789043417911342,165.37696108028184,198.1048726265883,3224.1462394149828,0.1614114375902811,0.02463544529766195,117.5788813908175,140.69876130248066,2319.143625406331,0.888609155252681,0.16791556221705998,90.43193634227129,108.22464149101441,1775.4295457708172,0.16686484840919153,0.031531528421993849,53.475173096042478,63.90000138035999,1041.2491211976265,0.0,0.0,7.893182034920855,9.547386284802397,107.59153515879754,0.0,0.0,60.19165455267806,72.14833682442893,1133.1369366328993,0.0,0.0,208.19714079892123,250.37943369234785,3525.9458760062645,0.0,0.0,18.91408743985904,22.810638742000564,289.98484229956656,0.0,0.0,108.8845191897353,131.26976692817295,1689.7445563652082,27.53652370576578,18.886504599290669,169.40826201559805,203.4541943616003,3450.4057273910159,0.0,0.0,124.4974646268108,150.28633829026888,1843.578435335794,0.0,17.629727461523573,43.87521952735481,22.0,30.0,0.0,17.790367203373934,43.46206653991899,16.0,30.0,0.0,17.652920634678538,43.8015086425369,22.0,30.0,0.0,17.689454943938054,43.6971616489133,16.0,30.0,0.0,14.696469313124414,52.85163802121411,12.0,30.0,0.0,17.325629281651879,44.67314628162058,16.0,30.0,0.0,16.363500473383696,47.490137166686988,10.0,30.0,0.0,15.55189764842779,50.016891364413357,12.0,30.0,0.0,15.646332368708164,49.71031381887256,12.0,30.0,0.0,16.683921373733339,0.0,0.0,0.0,15.274491432394893,0.0,0.0,519.3255670203712,508.7139940456045,525.3247140698126,523.3716061196699,590.0216011104624,572.117332238527,565.9271042108857,585.0198230115185,576.2750804108391,0.0,78.48000178959768,78.48000178959768,60.0,0.0,60.0,60.0,16.0,16.0,16.0,12.0,12.0,12.0,21.0,10.0,0.0,0.0,0.0,0.0,0.0,0.0,0.0,0.0,0.0,0.0,0.0,0.0,0.0,78.48000178959768,78.48000178959768,0.0,0.0,0.0,78.48000178959768,0.0,0.0,0.0013366666666666664 
 03/28  11:10:00,8.273333333333334,81.33333333333334,4.716666666666667,214.0,239.0,0.0,0.0,0.0,0.0,0.0,0.0,0.0,0.0,0.0,0.0,766.0,0.0,837.4916243678759,80.1171727275093,205.2983646576008,25.112128360053604,668.3969459534624,0.0,80.11717272750926,109.52624918224612,0.0,0.0,17.57602092230441,10.35625660979531,18.30314897926435,-263.38860394562928,17.744302117849274,-145.92137492079429,17.884221881890256,-27.269675755371737,14.638420529272939,20.550832809488584,17.660384143328807,-128.9527021393485,16.143713084985703,73.74839203870852,15.465018860446773,-8.16882199515021,15.811784512809038,-60.68684769222864,314.7233771387446,252.37246285386346,0.0,0.0,0.0,0.0,0.0,0.0,0.0,0.0,0.0,0.0,0.0,0.0,0.0,0.0,0.0,0.0,0.0,0.0,0.0,0.0,0.0,0.0,0.8726729559390565,0.2663836861840832,159.82628830219267,190.98123393631227,3022.384656682364,0.15251435268569533,0.023277526356180607,119.72646934529127,142.94700321340768,2310.3295736915786,0.8542283480253038,0.1614188110403069,85.77974612236751,102.5023979338809,1628.3752406434479,0.1695167698352269,0.03203264736115398,62.33223890091149,74.44479504793275,1193.8551614007052,0.0,0.0,7.869555977068866,9.496584098538696,104.06994822163802,0.0,0.0,60.23591332684356,72.02461222181496,1113.191600587029,0.0,0.0,206.83449024474255,248.18290907925673,3408.393399426107,0.0,0.0,19.34339158471095,23.281593019930303,284.8727881560483,0.0,0.0,107.55486786903048,129.36133547762476,1627.3303177510036,27.609642548650635,18.93665469729125,166.13476364674845,199.124803976021,3303.223986800904,0.0,0.0,123.30686409985974,148.46343601961574,1794.4561079561186,0.0,17.573337092455465,44.0438606003836,22.0,30.0,0.0,17.810850782300887,43.42215381145395,16.0,30.0,0.0,17.56734775958981,44.08519499301799,22.0,30.0,0.0,17.72335512046651,43.59306442033693,16.0,30.0,0.0,14.729342921960808,52.737587428775679,12.0,30.0,0.0,17.38745280375469,44.50421021028177,16.0,30.0,0.0,16.369403286205949,47.48644785435488,10.0,30.0,0.0,15.484334131781772,50.23188662195728,12.0,30.0,0.0,15.68752425444067,49.58215679219792,12.0,30.0,0.0,16.687616265825985,0.0,0.0,0.0,15.382928453864958,0.0,0.0,518.3259112443108,509.6289302192964,513.6975711036571,530.7820515307814,580.5728502542211,565.2370894264947,558.9897239795581,574.0020324874816,568.8518526312782,0.0,78.48000178959768,78.48000178959768,60.0,0.0,60.0,60.0,16.0,16.0,16.0,12.0,12.0,12.0,21.0,10.0,0.0,0.0,0.0,0.0,0.0,0.0,0.0,0.0,0.0,0.0,0.0,0.0,0.0,78.48000178959768,78.48000178959768,0.0,0.0,0.0,78.48000178959768,0.0,0.0,0.00133 
 03/28  11:20:00,8.506666666666668,79.66666666666667,4.743333333333334,214.5,276.5,0.0,0.0,0.0,0.0,0.0,0.0,0.0,0.0,0.0,0.0,766.0,0.0,935.1614274272697,81.88975580207198,209.8406933276767,28.040732952791858,746.3464261366296,0.0,81.88975580207193,111.94950463312303,0.0,0.0,17.54343458964545,26.776149511972109,18.345980038944974,-336.21608567871228,17.758133939321696,-8.847837168331353,17.77843417482373,-203.91329760824193,14.663826432050476,20.58671740814927,17.749952902856636,-138.27061031519453,16.14485986763391,77.56149157973596,15.4257115598242,-2.677670766467486,15.834849057397172,-46.893419196890139,346.53520325213779,220.72626286736796,0.0,0.0,0.0,0.0,0.0,0.0,0.0,0.0,0.0,0.0,0.0,0.0,0.0,0.0,0.0,0.0,0.0,0.0,0.0,0.0,0.0,0.0,0.844397164407982,0.2577524921880287,158.76936780748296,189.71615368000176,2925.5259449580319,0.1370981570571348,0.020924627145472345,149.8567501535688,178.93269401091764,2812.8438469829777,0.8427979469043081,0.15925887129711045,121.4863498817428,145.11916097560056,2265.4982345525538,0.15150691246915985,0.028629424124935716,115.73897266103566,138.3209483505278,2113.3799897679784,0.0,0.0,7.841934843671248,9.462022729235951,100.46820017721604,0.0,0.0,61.96181643033548,74.06993383506378,1123.8466560783734,0.0,0.0,205.43823762224629,246.49423660275208,3292.2038972978778,0.0,0.0,20.670272876515523,24.88140860351458,293.0352090828493,0.0,0.0,104.67810129377196,125.88172940940487,1542.245185589292,27.727672378552357,19.01760794139394,230.36125612354773,275.9675909672981,4349.407526012786,0.0,0.0,121.2331784786625,145.9045304467374,1734.8226743840979,0.0,17.56980067479713,44.07863111148377,22.0,30.0,0.0,17.78658722860462,43.48544185698419,16.0,30.0,0.0,17.66732497836108,43.747547969278119,22.0,30.0,0.0,17.522441284258588,44.21079430014447,16.0,30.0,0.0,14.761335147265904,52.63135982865268,12.0,30.0,0.0,17.453527516266815,44.32877837210161,16.0,30.0,0.0,16.379731773980539,47.45450898182728,10.0,30.0,0.0,15.446538998499909,50.356508742975737,12.0,30.0,0.0,15.726863471758366,49.46282396247214,12.0,30.0,0.0,16.82796705060764,0.0,0.0,0.0,15.499958996886914,0.0,0.0,513.9469407553773,502.3861209384112,531.1540293364535,505.30719141588465,574.0222240853848,559.3009945033422,556.2448320103581,568.3400431906092,564.8125375205261,0.0,78.48000178959768,78.48000178959768,60.0,0.0,60.0,60.0,16.0,16.0,16.0,12.0,12.0,12.0,21.0,10.0,0.0,0.0,0.0,0.0,0.0,0.0,0.0,0.0,0.0,0.0,0.0,0.0,0.0,78.48000178959768,78.48000178959768,0.0,0.0,0.0,78.48000178959768,0.0,0.0,0.0013233333333333338 
 03/28  11:30:00,8.739999999999999,78.0,4.77,215.0,314.0,0.0,0.0,0.0,0.0,0.0,0.0,0.0,0.0,0.0,0.0,766.0,0.0,1038.8355717566213,83.68006467886896,214.42844423532075,31.149374684224314,829.0879058725375,0.0,83.68006467886892,114.39699259953157,0.0,0.0,17.50768951703966,27.887582961421687,18.445509287600225,-294.51207280897236,17.63164365475285,-178.7074584117263,17.818029242587508,-17.44611477189028,14.693354641226879,20.900848527105866,17.853622805007384,-150.25065361047155,16.15656579158969,85.55749589366406,15.396098371395466,3.4179326364510418,15.862610929595729,-33.116647291531538,336.91235197335029,188.65819007789288,0.0,0.0,0.0,0.0,0.0,0.0,0.0,0.0,0.0,0.0,0.0,0.0,0.0,0.0,0.0,0.0,0.0,0.0,0.0,0.0,0.0,0.0,0.7934105068412352,0.24218879940208647,178.58039761222586,213.39842272142844,3196.7917980262884,0.1320497325335394,0.020154110582042037,138.48590576689805,165.30736228051317,2556.0723246456329,0.7847657036064265,0.14829283892789622,138.83149443649584,165.9513421568001,2463.5287638910137,0.16470027462212906,0.03112250087341818,113.82197508357221,135.96896168965317,2053.5628123674075,0.0,0.0,7.89317081708596,9.522436441786404,97.94864217764476,0.0,0.0,63.5865087760963,75.99054652879578,1132.8964284117329,0.0,0.0,204.64760377870747,245.5161347534283,3194.1831979028258,0.0,0.0,21.620013864567249,26.02630477346955,295.17971004592257,0.0,0.0,102.03133023951628,122.67699741909736,1464.0246780302737,27.857454850362893,19.106621982416259,234.64457974127505,281.0841096315964,4305.1245220494679,0.0,0.0,118.92270772359741,143.0580220567214,1675.3689743584376,0.0,17.55205641566829,44.11314145507349,22.0,30.0,0.0,17.86750692890598,43.242000775488637,16.0,30.0,0.0,17.461821121338756,44.359228840580389,22.0,30.0,0.0,17.65099100147857,43.79285509112415,16.0,30.0,0.0,14.798451133068144,52.508307703004408,12.0,30.0,0.0,17.530580457587044,44.11477829154564,16.0,30.0,0.0,16.408510353975115,47.37942648210184,10.0,30.0,0.0,15.42233481053803,50.4433082420611,12.0,30.0,0.0,15.77247713090632,49.32779901531294,12.0,30.0,0.0,16.838732577874596,0.0,0.0,0.0,15.627482974416408,0.0,0.0,511.67534283326799,505.8880891006359,508.0867295534598,531.5389076677109,568.4063865278509,555.7905231422063,551.4260667425759,562.6072246022852,559.6988857941585,0.0,78.48000178959768,78.48000178959768,60.0,0.0,60.0,60.0,16.0,16.0,16.0,12.0,12.0,12.0,21.0,10.0,0.0,0.0,0.0,0.0,0.0,0.0,0.0,0.0,0.0,0.0,0.0,0.0,0.0,78.48000178959768,78.48000178959768,0.0,0.0,0.0,78.48000178959768,0.0,0.0,0.0013166666666666668 
 03/28  11:40:00,8.973333333333333,76.33333333333334,4.796666666666667,208.66666666666669,343.1666666666667,0.0,0.0,0.0,0.0,0.0,0.0,0.0,0.0,0.0,0.0,766.0,0.0,1175.969384886737,83.46105888278105,213.86735163233304,35.26127413486321,938.5330364233257,0.0,83.461058882781,114.09759507240884,0.0,0.0,17.50608307553749,55.46583559603823,18.52788171781837,-388.43415877427199,17.653950106747229,-7.402011839579245,17.744093217641674,-169.93536946434007,14.729665654050703,21.04150411904891,17.982682499317474,-160.80129483494557,16.169328318251059,90.09705965662761,15.37434565387338,10.116880213461173,15.893101932734375,-19.4618125720458,333.935061996428,159.88905936873517,0.0,0.0,0.0,0.0,0.0,0.0,0.0,0.0,0.0,0.0,0.0,0.0,0.0,0.0,0.0,0.0,0.0,0.0,0.0,0.0,0.0,0.0,0.7807325787686918,0.23831885798800118,191.57058786015763,228.88255130537369,3354.0375402995239,0.10686476248108574,0.016310250683926398,184.86519482064925,220.66381491909446,3324.5559849236735,0.7940672725040512,0.15005050500832418,201.9536097314933,241.30625460938547,3527.026195671827,0.14275894005555998,0.026976368113295528,119.82752106211474,143.21015101085772,2071.0575565839556,0.0,0.0,7.85552685210513,9.475362930956509,94.44368177509428,0.0,0.0,65.29441623394068,78.00402201315404,1144.9222290811673,0.0,0.0,203.8477131058515,244.52918532732307,3095.9833412564937,0.0,0.0,22.800323217828074,27.447856707752128,299.87693143248966,0.0,0.0,99.89711101681083,120.08795080625193,1395.8456585371965,27.976387104142874,19.188194172937505,268.6702787694498,321.8047182578529,4743.61731740967,0.0,0.0,117.61895334408784,141.41717837057966,1634.3414125082325,0.0,17.596475790839795,43.980781803999558,22.0,30.0,0.0,17.870137932765087,43.22069110054145,16.0,30.0,0.0,17.57562905121741,44.01625049051813,22.0,30.0,0.0,17.507817897107019,44.21704459039207,16.0,30.0,0.0,14.84334072567008,52.36140754648763,12.0,30.0,0.0,17.627560147219396,43.85443714060307,16.0,30.0,0.0,16.435509910392715,47.29848306313437,10.0,30.0,0.0,15.409619781121759,50.487893601319658,12.0,30.0,0.0,15.822304458785914,49.17337177596669,12.0,30.0,0.0,16.8710186350128,0.0,0.0,0.0,15.769634656105416,0.0,0.0,509.06145690461707,500.62083462042616,524.1995210095487,503.34983401562888,563.2725513395579,550.9013756733777,547.6559125838568,558.5361075059243,556.2879150881854,0.0,78.48000178959768,78.48000178959768,60.0,0.0,60.0,60.0,16.0,16.0,16.0,12.0,12.0,12.0,21.0,10.0,0.0,0.0,0.0,0.0,0.0,0.0,0.0,0.0,0.0,0.0,0.0,0.0,0.0,78.48000178959768,78.48000178959768,0.0,0.0,0.0,78.48000178959768,0.0,0.0,0.0013100000000000002 
 03/28  11:50:00,9.206666666666666,74.66666666666667,4.823333333333333,202.33333333333332,372.3333333333333,0.0,0.0,0.0,0.0,0.0,0.0,0.0,0.0,0.0,0.0,766.0,0.0,1260.191425281068,82.91853662314498,212.4772649290423,37.786641737357829,1005.7498658434613,0.0,82.91853662314495,113.35592601229469,0.0,0.0,17.481900513519766,48.333973109871298,18.641440910755997,-360.6537626501822,17.592559525195008,-100.35998139921685,17.77639412653909,-24.402987314244,14.76623979440236,21.693137287369184,18.107745655978634,-175.7007204021529,16.195520302966714,101.46816583838427,15.360040422391668,17.445341513349037,15.926985745292088,-4.844560118144727,301.6210901733766,130.3858992882624,0.0,0.0,0.0,0.0,0.0,0.0,0.0,0.0,0.0,0.0,0.0,0.0,0.0,0.0,0.0,0.0,0.0,0.0,0.0,0.0,0.0,0.0,0.6961338177065832,0.21249506034999489,168.93667299616176,201.8448745077613,2874.1249083758937,0.10262285261179774,0.015662828542704175,162.53765851045075,193.9509861334921,2874.9467109729455,0.7661898726896094,0.1447826667969784,73.33930978064108,87.65388514966488,1242.1829387822475,0.1552327094721251,0.029333467398360747,80.56414738124977,96.24883682751657,1371.9970177613773,0.0,0.0,7.9689628611513909,9.610461212777441,92.74892922038514,0.0,0.0,67.1601953725321,80.20391408589104,1159.113637141781,0.0,0.0,204.36976956047566,245.10743944119393,3027.8043949114478,0.0,0.0,23.63653235145927,28.454182283114048,299.52502806307998,0.0,0.0,97.87283392595018,117.63000452236476,1331.6852007167145,28.155824153782349,19.31126485170258,196.22093927059093,235.08117735851247,3451.460658047146,0.0,0.0,115.91664654155639,139.29779880970208,1589.0924763109927,0.0,17.585340696665246,43.99699665141206,22.0,30.0,0.0,17.95947262633171,42.94145436507465,16.0,30.0,0.0,17.49325217311435,44.21931861653023,22.0,30.0,0.0,17.612805613672216,43.91043135554922,16.0,30.0,0.0,14.889615495179017,52.21011267210805,12.0,30.0,0.0,17.727513092696314,43.57991146975599,16.0,30.0,0.0,16.486769734447326,47.1463851720673,10.0,30.0,0.0,15.407242990679429,50.50449386549035,12.0,30.0,0.0,15.876785816538705,49.01114409071401,12.0,30.0,0.0,16.802491661059077,0.0,0.0,0.0,15.914893184705189,0.0,0.0,504.408174191451,500.89550395067536,506.35826411217598,523.8994065136599,558.4419462879998,546.990855085172,543.7530030305906,554.0146927514335,551.876813428495,0.0,78.48000178959768,78.48000178959768,60.0,0.0,60.0,60.0,16.0,16.0,16.0,12.0,12.0,12.0,21.0,10.0,0.0,0.0,0.0,0.0,0.0,0.0,0.0,0.0,0.0,0.0,0.0,0.0,0.0,78.48000178959768,78.48000178959768,0.0,0.0,0.0,78.48000178959768,0.0,0.0,0.0013166666666666668 
 03/28  12:00:00,9.44,73.0,4.85,196.0,401.5,0.0,0.0,0.0,0.0,0.0,0.0,0.0,0.0,0.0,0.0,766.0,0.0,1346.5070071915698,82.36218894364764,211.05174926891173,40.374782773224918,1074.6375241870308,0.0,82.3621889436476,112.59535655505937,0.0,0.0,17.49783732506804,80.05862637995233,18.711541115574819,-469.15884704031216,17.60150219510689,-8.492080455044743,17.729078423752534,-135.56548650765263,14.80497052057747,22.106141087914979,18.24222589390064,-186.19221453659794,16.217451324485645,105.11468217179663,15.352395771503315,25.00348995153945,15.9636577179219,9.02996475555301,319.2677863097397,106.28051166439536,0.0,0.0,0.0,0.0,0.0,0.0,0.0,0.0,0.0,0.0,0.0,0.0,0.0,0.0,0.0,0.0,0.0,0.0,0.0,0.0,0.0,0.0,0.7033756387169394,0.2147056284239742,207.39894592726609,247.73952791358188,3455.096388834167,0.08036101155806309,0.012265111654161035,202.33519034537305,241.45149275729964,3476.405889305385,0.7370692397582453,0.13927990169279018,181.52121268886956,216.89519919689557,2993.4467731594365,0.13852095225136949,0.026175538974181679,89.63930678205679,107.12359024743049,1467.687523426777,0.0,0.0,7.930710292705944,9.562558497013514,89.28595527900417,0.0,0.0,68.82268555648645,82.15647130663612,1170.3024399744914,0.0,0.0,204.43560288791023,245.1498065742505,2947.263224931911,0.0,0.0,24.49192870035621,29.48271324408102,299.0315712371596,0.0,0.0,97.09347872768885,116.66792777719215,1286.0837841959156,28.337933884575809,19.436168645113729,255.07744892657949,305.48560339502509,4281.337133981346,0.0,0.0,115.79301265663554,139.07206083452724,1568.0797639571513,0.0,17.652356482061678,43.77663275175643,22.0,30.0,0.0,17.943794812211768,42.92719570231879,16.0,30.0,0.0,17.56139665093491,44.05229032244711,22.0,30.0,0.0,17.522638315942428,44.089512971967248,16.0,30.0,0.0,14.937466851841375,52.05312581156316,12.0,30.0,0.0,17.8383229369428,43.27721832050304,16.0,30.0,0.0,16.524647675339446,47.03329552775964,10.0,30.0,0.0,15.413616408009908,50.487844583797627,12.0,30.0,0.0,15.934263775510992,48.83364755858689,12.0,30.0,0.0,16.902260690304723,0.0,0.0,0.0,16.06986021670839,0.0,0.0,503.59848006608027,496.13163177711638,514.9390419078936,500.44621157476225,553.951347485887,542.8222189334817,539.7973972386378,549.8783939282986,547.9780857412612,0.0,78.48000178959768,78.48000178959768,60.0,0.0,60.0,60.0,16.0,16.0,16.0,12.0,12.0,12.0,21.0,10.0,0.0,0.0,0.0,0.0,0.0,0.0,0.0,0.0,0.0,0.0,0.0,0.0,0.0,78.48000178959768,78.48000178959768,0.0,0.0,0.0,78.48000178959768,0.0,0.0,0.0013233333333333338 
 03/28  12:10:00,9.605,72.0,4.845000000000001,189.66666666666669,430.6666666666667,0.0,0.0,0.0,0.0,0.0,0.0,0.0,0.0,0.0,0.0,766.0,0.0,1434.4762130789753,81.78512053374473,209.5731350727608,43.012506439251797,1144.8449169757533,0.0,81.78512053374469,111.80646028842257,0.0,0.0,17.478630718328483,67.20091587692696,18.83889427824292,-422.46957622712127,17.59751179031641,-9.64186163549357,17.759287162227574,-23.79905444877886,14.846595409054216,22.92104329009689,18.382192157583377,-202.67653458960604,16.253006809144475,117.39778707180176,15.350790898187143,32.92531532374039,16.00303710580473,23.2566785979202,256.6596769901553,79.57803340015744,0.0,0.0,0.0,0.0,0.0,0.0,0.0,0.0,0.0,0.0,0.0,0.0,0.0,0.0,0.0,0.0,0.0,0.0,0.0,0.0,0.0,0.0,0.6566823634869723,0.2004524919068902,186.1254096384163,222.3443696994052,3033.8199237009018,0.08113179570595206,0.012382752702373636,180.96588170510527,215.8770226779871,3086.904815739989,0.7212758790252953,0.1362955175784761,106.03599116691339,126.69091040533363,1723.3699273262369,0.14660544375866919,0.027703220664903467,73.56496087332813,87.88706372792839,1193.4690890380562,0.0,0.0,8.066391863742006,9.724579168016522,88.92145922450847,0.0,0.0,70.63987196746625,84.29429389299017,1193.324507267199,0.0,0.0,205.23011210792147,246.05287166562159,2915.716241957512,0.0,0.0,25.18290463056594,30.31342825570828,299.725570946559,0.0,0.0,95.29495048053205,114.48445723419957,1241.795392302699,28.458269246377097,19.51870318681557,150.76770689658643,180.67778611859647,2585.4907596944747,0.0,0.0,114.29612130506351,137.20490627489577,1543.6328969166532,0.0,17.638576391174639,43.7624364249689,22.0,30.0,0.0,18.050194339776227,42.60286275476048,16.0,30.0,0.0,17.587849366979805,43.949317178455,22.0,30.0,0.0,17.612359372755259,43.89961328916753,16.0,30.0,0.0,14.98835766815892,51.88735813827876,12.0,30.0,0.0,17.95121996720869,42.97022279676175,16.0,30.0,0.0,16.58779313358389,46.83914636940153,10.0,30.0,0.0,15.427854386310078,50.446097595662987,12.0,30.0,0.0,15.994870442725635,48.64832023968844,12.0,30.0,0.0,16.727082584050807,0.0,0.0,0.0,16.220236267057329,0.0,0.0,499.268980758078,497.44125298781378,505.7653556929993,515.0672528027349,549.5810518436919,538.8969728242275,536.2893140946036,545.8565549661728,544.0730692127922,0.0,78.48000178959768,78.48000178959768,60.0,0.0,60.0,60.0,16.0,16.0,16.0,12.0,12.0,12.0,21.0,10.0,0.0,0.0,0.0,0.0,0.0,0.0,0.0,0.0,0.0,0.0,0.0,0.0,0.0,78.48000178959768,78.48000178959768,0.0,0.0,0.0,78.48000178959768,0.0,0.0,0.00133 
 03/28  12:20:00,9.77,71.0,4.84,183.33333333333332,459.8333333333333,0.0,0.0,0.0,0.0,0.0,0.0,0.0,0.0,0.0,0.0,766.0,0.0,1523.6464946172842,81.17990878390056,208.02240159184093,45.68624320538461,1216.0108692476184,0.0,81.17990878390052,110.97908994240565,0.0,0.0,17.503250516906119,99.58370034423752,18.90888799829661,-554.0314605835174,17.58320388058286,-13.035913545701533,17.774098731463306,-41.63583739293256,14.890882323623297,23.396591989746754,18.531582758468625,-214.24202287442859,16.28201831426542,120.57615254330267,15.354231779336516,40.549784734992389,16.044597357979265,36.61100514677355,292.19095188994836,58.198004982402839,0.0,0.0,0.0,0.0,0.0,0.0,0.0,0.0,0.0,0.0,0.0,0.0,0.0,0.0,0.0,0.0,0.0,0.0,0.0,0.0,0.0,0.0,0.6523091795413295,0.199117576172567,215.22999665718386,257.05278818994347,3466.0173452407627,0.06318307611334037,0.00964332663512521,211.41672576851438,252.23780304386515,3522.6845273772767,0.6902569960332438,0.13043405064876116,109.138104701504,130.3987649862943,1737.0269494395776,0.13617165699160195,0.025731605629554404,24.70743560364604,29.51526766276809,395.5304927544043,0.0,0.0,8.02586457986386,9.674073789084363,86.6314981531691,0.0,0.0,72.26135932052785,86.19394240286516,1214.2159243343797,0.0,0.0,205.56714147778508,246.42262452140685,2870.1874342873327,0.0,0.0,25.785282644585445,31.03681442017714,299.2715945706114,0.0,0.0,95.1657883444704,114.3062740039228,1220.0395738332553,28.635189468258227,19.64004764626765,195.30435373355358,233.93519404277505,3220.2740919789177,0.0,0.0,114.66908761074112,137.57962106505713,1546.255920571121,0.0,17.712748708440519,43.52106325015509,22.0,30.0,0.0,18.019497777757807,42.58746544916463,16.0,30.0,0.0,17.59103118846157,43.90474566252524,22.0,30.0,0.0,17.644418677181716,43.73749419700591,16.0,30.0,0.0,15.04165876576732,51.71139718755997,12.0,30.0,0.0,18.07507990640498,42.630548934914319,16.0,30.0,0.0,16.633093721430158,46.6936241821141,10.0,30.0,0.0,15.447990904874122,50.383846638737768,12.0,30.0,0.0,16.057364668381618,48.4557362764024,12.0,30.0,0.0,16.872970524766467,0.0,0.0,0.0,16.378401225609836,0.0,0.0,499.7388441968519,491.7799668667596,504.45831718169196,509.1635464888618,545.4802863227359,535.2175045632846,532.6725816961075,541.8481550673071,540.2048001550302,0.0,78.48000178959768,78.48000178959768,60.0,0.0,60.0,60.0,16.0,16.0,16.0,12.0,12.0,12.0,21.0,10.0,0.0,0.0,0.0,0.0,0.0,0.0,0.0,0.0,0.0,0.0,0.0,0.0,0.0,78.48000178959768,78.48000178959768,0.0,0.0,0.0,78.48000178959768,0.0,0.0,0.0013266666666666666 
 03/28  12:30:00,9.934999999999999,70.0,4.835,177.0,489.0,0.0,0.0,0.0,0.0,0.0,0.0,0.0,0.0,0.0,0.0,766.0,0.0,1613.5534730581479,80.53869864666138,206.37941998630968,48.38206881357131,1287.764764322507,0.0,80.53869864666133,110.10250707161088,0.0,0.0,17.484065513852419,80.75054164548874,19.05540895922971,-480.5959636294865,17.57598769400048,2.048243485313833,17.76248412838904,-69.69271659973674,14.938364334610706,24.257001951483688,18.685639687954603,-232.86651794244563,16.325212079534127,132.70023759325887,15.362658512101899,48.60415699084274,16.088054870977524,49.59826668494816,282.94141689834398,33.697513580206308,0.0,0.0,0.0,0.0,0.0,0.0,0.0,0.0,0.0,0.0,0.0,0.0,0.0,0.0,0.0,0.0,0.0,0.0,0.0,0.0,0.0,0.0,0.6193318994767199,0.18905125136652013,189.24005310716277,226.0385600637506,2976.1439926906316,0.07059520492917698,0.010774603926919565,184.8398877591263,220.43053462834653,3067.349976593625,0.6780960363056254,0.1281360612822422,148.7739479744215,177.75034676623978,2318.5547343689706,0.1332385490284338,0.025177352424118245,43.97217133338317,52.533469248982068,685.9903127204844,0.0,0.0,8.175774622308,9.852979803647088,86.42988420485357,0.0,0.0,74.1185929260005,88.37306760170294,1238.8443151037155,0.0,0.0,206.46075288016037,247.43648095569058,2843.1075010867377,0.0,0.0,26.398283104675746,31.77227069794329,298.90205599703156,0.0,0.0,93.3660168866184,112.12150292071326,1177.5579318468643,28.780736044200489,19.739873830041494,190.33407257302364,227.9777312271392,3082.9163256774716,0.0,0.0,113.21622825383781,135.76713524715434,1523.0793263826477,0.0,17.68915009033857,43.49311004670447,22.0,30.0,0.0,18.153981367061637,42.237341799603878,16.0,30.0,0.0,17.60687817466549,43.819426363609299,22.0,30.0,0.0,17.62707819452496,43.70926598518229,16.0,30.0,0.0,15.09845713290127,51.52049271493912,12.0,30.0,0.0,18.199513984369184,42.28599278620935,16.0,30.0,0.0,16.705212684470714,46.469451376221439,10.0,30.0,0.0,15.474191081690555,50.296337788466079,12.0,30.0,0.0,16.12135147988569,48.25311275559157,12.0,30.0,0.0,16.885066123175468,0.0,0.0,0.0,16.531200094990454,0.0,0.0,494.596147318353,492.3932648001162,503.6336357727398,500.5975635577283,541.4840054323813,531.5918870032604,529.6491881068148,538.1196592718663,536.6058643599431,0.0,78.48000178959768,78.48000178959768,60.0,0.0,60.0,60.0,16.0,16.0,16.0,12.0,12.0,12.0,21.0,10.0,0.0,0.0,0.0,0.0,0.0,0.0,0.0,0.0,0.0,0.0,0.0,0.0,0.0,78.48000178959768,78.48000178959768,0.0,0.0,0.0,78.48000178959768,0.0,0.0,0.0013233333333333338 
 03/28  12:40:00,10.1,69.0,4.83,172.66666666666667,497.0,0.0,0.0,0.0,0.0,0.0,0.0,0.0,0.0,0.0,0.0,766.0,0.0,1659.172718674662,79.54240759641684,203.82647568899328,49.749937214321239,1324.1729710673224,0.0,79.54240759641681,108.74050167236573,0.0,0.0,17.527233179754228,122.57406412806086,19.13620123538538,-589.074002849783,17.559351449255006,-3.8574282628724179,17.78583467734051,-13.544447074601863,14.984134397048717,24.727710757050006,18.8280525987615,-243.82651567446966,16.360249446813595,135.26045994672223,15.374993716865682,56.24738809105554,16.13360748375427,62.958790184701687,284.5443815981225,14.618032003541885,0.0,0.0,0.0,0.0,0.0,0.0,0.0,0.0,0.0,0.0,0.0,0.0,0.0,0.0,0.0,0.0,0.0,0.0,0.0,0.0,0.0,0.0,0.5988883046562464,0.18281083780715705,229.76742008304695,274.35285924578377,3581.255815539021,0.03528143345944444,0.005384834166581875,227.6875287411689,271.5271900242063,3705.467280358604,0.6660984801690393,0.12586894938946326,103.32071175391357,123.45135395036415,1577.167654916298,0.13231332471226479,0.025002517897253355,8.376382883153969,10.005348956523756,130.48815394946355,0.0,0.0,8.099695940775613,9.759615007586229,83.78123077981563,0.0,0.0,75.8248607568594,90.37026020021722,1260.7254162857542,0.0,0.0,207.2064827512137,248.29062054397029,2805.461151390316,0.0,0.0,26.911272805507829,32.38681071519422,297.3110822771159,0.0,0.0,93.98919470120575,112.84591182892777,1166.3157597939224,28.907903435450974,19.82709426299793,197.11088936582568,236.06398799766925,3125.5516495230788,0.0,0.0,114.2476586387192,136.93166028330627,1534.5195477409878,0.0,17.79263678377575,43.215463594934437,22.0,30.0,0.0,18.162239963041239,42.17357287928835,16.0,30.0,0.0,17.60008540223019,43.74447283948869,22.0,30.0,0.0,17.68584894175202,43.56131883361593,16.0,30.0,0.0,15.152652315632736,51.33581471051251,12.0,30.0,0.0,18.324531324334026,41.9452809873553,16.0,30.0,0.0,16.75726794902791,46.28948358763853,10.0,30.0,0.0,15.504652173412183,50.1894000422212,12.0,30.0,0.0,16.187628799059529,48.03967824737316,12.0,30.0,0.0,16.932081902399756,0.0,0.0,0.0,16.68920729075047,0.0,0.0,494.383635903652,492.568312339902,496.7305671517194,504.77056439554448,537.7952836737918,528.2951725723498,526.0902107651361,534.4535243629291,533.0881479109028,0.0,78.48000178959768,78.48000178959768,60.0,0.0,60.0,60.0,16.0,16.0,16.0,12.0,12.0,12.0,21.0,10.0,0.0,0.0,0.0,0.0,0.0,0.0,0.0,0.0,0.0,0.0,0.0,0.0,0.0,78.48000178959768,78.48000178959768,0.0,0.0,0.0,78.48000178959768,0.0,0.0,0.0013200000000000003 
 03/28  12:50:00,10.264999999999999,68.0,4.825000000000001,168.33333333333335,505.0,0.0,0.0,0.0,0.0,0.0,0.0,0.0,0.0,0.0,0.0,766.0,0.0,1702.3862349711904,78.5145350467958,201.19260109259526,51.04567043172953,1358.6611847791392,0.0,78.51453504679577,107.33532196912927,0.0,0.0,17.52840325377166,108.39718464208636,19.251776893749569,-555.521777352953,17.562660911670677,24.717536390827264,17.75339050466969,-91.31935756949633,15.030701356091122,25.76939082855489,18.96438255301014,-260.26541986459827,16.410846805275108,148.09148146207463,15.391500515519983,64.38015231143481,16.18039129667167,74.8588374578876,294.15624461032987,-6.322100187871911,0.0,0.0,0.0,0.0,0.0,0.0,0.0,0.0,0.0,0.0,0.0,0.0,0.0,0.0,0.0,0.0,0.0,0.0,0.0,0.0,0.0,0.0,0.5623080639131549,0.1716447081541987,209.19649002570766,249.79058908257705,3193.651277617539,0.04097374903837708,0.006253624700607003,206.42571231923405,246.0965216443342,3330.5747329345924,0.6681189156473014,0.12625073991823539,194.7950162786279,232.72489471723518,2911.9478636100727,0.13006006891706138,0.024576732599595868,64.1768321865655,76.67782608278033,956.5428413410205,0.0,0.0,8.267573124052533,9.960193960032889,83.6359502557197,0.0,0.0,77.47957784748917,92.30743797780579,1280.1133537574099,0.0,0.0,208.4983804998197,249.77300605642996,2786.7130224344384,0.0,0.0,27.519349571041869,33.11510947258119,296.7363426050677,0.0,0.0,92.47161781629595,111.00027762321366,1128.7489947010257,29.085371881679867,19.948814733662468,232.27229958972738,278.1086689089514,3565.489897360111,0.0,0.0,113.09011487616776,135.4783242347638,1514.0598015246649,0.0,17.7990043304841,43.157501816462097,22.0,30.0,0.0,18.260167165212939,41.837994869861727,16.0,30.0,0.0,17.63256151035379,43.6719272928002,22.0,30.0,0.0,17.62089579575905,43.60053468077758,16.0,30.0,0.0,15.206860761543508,51.145231704545597,12.0,30.0,0.0,18.440673771897126,41.618936116568367,16.0,30.0,0.0,16.83827525841361,46.04429218323843,10.0,30.0,0.0,15.540070093755388,50.06463803447975,12.0,30.0,0.0,16.25418012174992,47.82305734712875,12.0,30.0,0.0,17.006647679330606,0.0,0.0,0.0,16.836037304148915,0.0,0.0,494.59713815466866,489.4828491760951,498.66391116514895,494.3461890851395,534.1334166726482,525.0731016294666,523.1239312835247,531.16760457427,529.8730537142506,0.0,78.48000178959768,78.48000178959768,60.0,0.0,60.0,60.0,16.0,16.0,16.0,12.0,12.0,12.0,21.0,10.0,0.0,0.0,0.0,0.0,0.0,0.0,0.0,0.0,0.0,0.0,0.0,0.0,0.0,78.48000178959768,78.48000178959768,0.0,0.0,0.0,78.48000178959768,0.0,0.0,0.0013233333333333338 
 03/28  13:00:00,10.43,67.0,4.82,164.0,513.0,0.0,0.0,0.0,0.0,0.0,0.0,0.0,0.0,0.0,0.0,766.0,0.0,1743.0524375404473,77.45181621844266,198.4694302141489,52.26502310707245,1391.116408242693,0.0,77.45181621844263,105.882504761004,0.0,0.0,17.564641265480615,134.24424921820356,19.348117525393147,-606.670034069678,17.554619206204543,19.855040530803309,17.774030636235506,-12.14001155640301,15.077978967440167,26.45582096487169,19.10092112244254,-268.86344680811137,16.452222679581678,150.37991952393896,15.411008525414005,71.74193699490832,16.22937143647758,87.92342008122478,276.7673326076492,-21.341821759089727,0.0,0.0,0.0,0.0,0.0,0.0,0.0,0.0,0.0,0.0,0.0,0.0,0.0,0.0,0.0,0.0,0.0,0.0,0.0,0.0,0.0,0.0,0.5319574919726102,0.16238018680482609,230.6715023450524,275.36701331360276,3478.823983881336,0.0039972767789525479,0.0006100849784726111,229.67635157202742,273.7734320591708,3651.7338257909029,0.6542724743314883,0.12363425440882248,133.42323594733177,159.4049821730191,1953.8352730560017,0.1379625090572788,0.026070013049372406,11.00008199809027,13.140267227295976,163.23757338467946,0.0,0.0,8.233446002269487,9.917396159873674,81.41279993403259,0.0,0.0,78.55524994371393,93.55222575238297,1290.2103289342538,0.0,0.0,210.11179304466973,251.65983306012707,2762.4287365111269,0.0,0.0,28.01911277554206,33.71268502286633,294.8529664478756,0.0,0.0,93.93704381089374,112.73455568796244,1128.0901913455603,29.20711182394602,20.032312636451324,198.735357327839,237.9696340253748,3027.9731879764347,0.0,0.0,114.93564564667271,137.62215335383864,1533.6419863373395,0.0,17.877424250359895,42.86864745700416,22.0,30.0,0.0,18.311363639223896,41.66999943949109,16.0,30.0,0.0,17.636645347340758,43.60393549516463,22.0,30.0,0.0,17.67897899379401,43.47545625764091,16.0,30.0,0.0,15.260792076690214,50.95559379581695,12.0,30.0,0.0,18.560427653804927,41.294357240583007,16.0,30.0,0.0,16.896825452262595,45.85199077933632,10.0,30.0,0.0,15.578190063628047,49.91981801912203,12.0,30.0,0.0,16.32328783494831,47.591544265371449,12.0,30.0,0.0,16.99441569395027,0.0,0.0,0.0,16.98225575352279,0.0,0.0,491.261418354318,487.98625954188858,495.8516675514511,499.0245015445986,530.6735389159915,521.8796266073874,520.8723036071036,527.6977169357383,526.4796353915654,0.0,78.48000178959768,78.48000178959768,60.0,0.0,60.0,60.0,16.0,16.0,16.0,12.0,12.0,12.0,21.0,10.0,0.0,0.0,0.0,0.0,0.0,0.0,0.0,0.0,0.0,0.0,0.0,0.0,0.0,78.48000178959768,78.48000178959768,0.0,0.0,0.0,78.48000178959768,0.0,0.0,0.0013266666666666666 
 03/28  13:10:00,10.575,65.83333333333334,4.835000000000001,159.66666666666667,521.0,0.0,0.0,0.0,0.0,0.0,0.0,0.0,0.0,0.0,0.0,766.0,0.0,1818.3068611496656,78.05864297751595,200.0243711791466,54.5214846762527,1451.1760996218334,0.0,78.0586429775159,106.71208294707863,0.0,0.0,17.586946199188156,135.13767833307066,19.4571765075899,-629.4833674419779,17.559951354189879,40.937921383630058,17.789999097566886,-23.21474511395934,15.130082487064128,27.20665860787301,19.248137211488307,-283.87059048453878,16.503540276657657,160.04687773729985,15.43434535476877,79.04606283498242,16.279797391054119,97.77528976470194,270.79929302847816,-36.43558546676968,0.0,0.0,0.0,0.0,0.0,0.0,0.0,0.0,0.0,0.0,0.0,0.0,0.0,0.0,0.0,0.0,0.0,0.0,0.0,0.0,0.0,0.0,0.5073481537314266,0.15486817879469678,226.65391403126479,270.5190766797711,3370.0659547056559,0.0,0.0,225.62960484507463,268.88081301971297,3548.510259487569,0.6702144342199042,0.12664671848448687,175.88796080710217,210.10948829558678,2531.0554878945774,0.1341354942017708,0.02534684319761352,24.29090596922144,29.01272745766961,352.1140800928569,0.0,0.0,8.325757905961705,10.026025551229426,80.84129793128004,0.0,0.0,80.00303894220885,95.2322461337742,1309.4393432037905,0.0,0.0,210.8472993338585,252.4617398043035,2742.071295929838,0.0,0.0,28.50154641780923,34.286454428101027,293.8576351753822,0.0,0.0,92.81789701991272,111.3595021419539,1099.8177773498417,29.249409980540734,20.061323717792005,201.95360474254626,241.79504596324106,3013.6150128772248,0.0,0.0,114.10992160849264,136.56621703548269,1517.9667307218807,0.0,17.919399278486457,42.718685286334288,22.0,30.0,0.0,18.37313247205905,41.45779746788464,16.0,30.0,0.0,17.665544235049589,43.45358341935043,22.0,30.0,0.0,17.706410453567483,43.38344483559497,16.0,30.0,0.0,15.319541847225889,50.74482173135162,12.0,30.0,0.0,18.68100853045021,40.961682831727959,16.0,30.0,0.0,16.973600181586219,45.59419535143729,10.0,30.0,0.0,15.619534278859769,49.770480679723338,12.0,30.0,0.0,16.391272900899499,47.3694265096303,12.0,30.0,0.0,17.017146301556687,0.0,0.0,0.0,17.11037125611107,0.0,0.0,489.76948100989787,487.47916351810707,493.2527080970901,498.8069514436796,527.5183253925567,519.5166192055642,517.4905170459273,524.5264589987423,523.5152931960588,0.0,78.48000178959768,78.48000178959768,60.0,0.0,60.0,60.0,16.0,16.0,16.0,12.0,12.0,12.0,21.0,10.0,0.0,0.0,0.0,0.0,0.0,0.0,0.0,0.0,0.0,0.0,0.0,0.0,0.0,78.48000178959768,78.48000178959768,0.0,0.0,0.0,78.48000178959768,0.0,0.0,0.00133 
 03/28  13:20:00,10.72,64.66666666666667,4.8500000000000009,155.33333333333335,529.0,0.0,0.0,0.0,0.0,0.0,0.0,0.0,0.0,0.0,0.0,766.0,0.0,1854.6434151230124,76.9291916412296,197.13019222846138,55.611013687220609,1480.1758629846136,0.0,76.92919164122957,105.16803734129998,0.0,0.0,17.61453068569664,144.65894693050178,19.554152321516506,-658.351723920513,17.564708379866866,48.799437179891359,17.80071884290798,-22.23213280799996,15.181652642603304,27.868960624468629,19.3873813653863,-294.9064642199992,16.552244776855774,164.8681257776616,15.459110652528535,85.31832122386766,16.33009450256877,107.59768427064819,271.09776379481357,-48.11150226205973,0.0,0.0,0.0,0.0,0.0,0.0,0.0,0.0,0.0,0.0,0.0,0.0,0.0,0.0,0.0,0.0,0.0,0.0,0.0,0.0,0.0,0.0,0.4894417829533473,0.14940225364876293,231.27259283859486,275.9706980394758,3393.700805368619,0.0,0.0,230.88891507736117,275.0868770700205,3587.9650552006289,0.6662569553681635,0.12589889557221538,181.1130208768984,216.3228465430014,2561.1398877918197,0.1335025434549116,0.025227237992235749,24.68038337001623,29.47445410954731,351.435527134745,0.0,0.0,8.34941450667153,10.051975784873186,79.57294225271426,0.0,0.0,81.14098722989809,96.54227936851514,1323.43635992877,0.0,0.0,212.37314797684324,254.21534241495685,2728.4353395882365,0.0,0.0,28.94000423901537,34.80707034475399,292.25178199256416,0.0,0.0,93.51607717445043,112.16534708288589,1093.060670651838,29.282662997137537,20.084130999408467,207.21619791708859,248.04721527803887,3034.7507742126629,0.0,0.0,115.14428055802003,137.73693912706154,1526.884522620026,0.0,17.97073326171857,42.52881495951813,22.0,30.0,0.0,18.42706025899566,41.23825456231864,16.0,30.0,0.0,17.689656963653758,43.35206638841694,22.0,30.0,0.0,17.726960459498195,43.285807977452737,16.0,30.0,0.0,15.377675530785983,50.531347191864387,12.0,30.0,0.0,18.801478975429729,40.62329752803976,16.0,30.0,0.0,17.04263682121095,45.37245620986802,10.0,30.0,0.0,15.661512304926115,49.613363108735587,12.0,30.0,0.0,16.45875148929227,47.14141830113891,12.0,30.0,0.0,17.063537002613118,0.0,0.0,0.0,17.237842966121595,0.0,0.0,489.04687803595786,485.672379488012,491.83816516801417,497.48176426038818,524.3904724899652,516.3563600100252,515.141392510656,521.9596261658136,520.9402217637829,0.0,78.48000178959768,78.48000178959768,60.0,0.0,60.0,60.0,16.0,16.0,16.0,12.0,12.0,12.0,21.0,10.0,0.0,0.0,0.0,0.0,0.0,0.0,0.0,0.0,0.0,0.0,0.0,0.0,0.0,78.48000178959768,78.48000178959768,0.0,0.0,0.0,78.48000178959768,0.0,0.0,0.00133 
 03/28  13:30:00,10.865,63.5,4.865,151.0,537.0,0.0,0.0,0.0,0.0,0.0,0.0,0.0,0.0,0.0,0.0,766.0,0.0,1887.8942586456247,75.76370671769226,194.14367413721494,56.608018548361297,1506.712946932887,0.0,75.76370671769222,103.57473108987168,0.0,0.0,17.640789417303446,149.98832500943719,19.655365676798576,-671.1704767590163,17.5722613618654,59.88502621676071,17.815628416464734,-11.56739872887681,15.233997321560843,28.511684727590024,19.523638341775649,-307.3388987334747,16.603195730026159,171.2108110380168,15.485148372616099,91.57045262444672,16.380634417885419,116.59226359300601,262.9519648775731,-59.684458932822057,0.0,0.0,0.0,0.0,0.0,0.0,0.0,0.0,0.0,0.0,0.0,0.0,0.0,0.0,0.0,0.0,0.0,0.0,0.0,0.0,0.0,0.0,0.4646644366402021,0.14183896112338285,231.9078730828304,276.67509569445766,3355.0997371823048,0.0,0.0,231.99088540617962,276.32572370563477,3567.8656938441938,0.6657784988457663,0.12580848428680398,183.92555038938574,219.65188601794999,2556.4597981513909,0.13393039901460072,0.025308087493310786,20.561834662311616,24.552154262545078,288.2024819514104,0.0,0.0,8.394408782981426,10.103600093174192,78.49535055695478,0.0,0.0,82.36846648008773,97.95852513922024,1338.2464793299096,0.0,0.0,213.6171563459248,255.62863112603947,2711.991025027244,0.0,0.0,29.339923158865984,35.28117713589843,290.09387010108437,0.0,0.0,93.65408741363524,112.29953098444224,1079.46618985302,29.312955834253296,20.104907979597603,200.8771572823034,240.43342409463043,2895.137612192256,0.0,0.0,115.55322974400815,138.1618173060171,1525.8618999910496,0.0,18.015900656672483,42.32917005733697,22.0,30.0,0.0,18.494656194905799,40.97513451448132,16.0,30.0,0.0,17.716912429739627,43.223127045618358,22.0,30.0,0.0,17.75561862289891,43.20070313286127,16.0,30.0,0.0,15.435747280826299,50.31734493242068,12.0,30.0,0.0,18.918741999180289,40.30195182030204,16.0,30.0,0.0,17.11458135795143,45.13281893985611,10.0,30.0,0.0,15.703698262752854,49.44594252703204,12.0,30.0,0.0,16.5253502507075,46.91022996776651,12.0,30.0,0.0,17.083471679993289,0.0,0.0,0.0,17.358348960141134,0.0,0.0,487.19147402843836,483.77189940082607,490.71042989929767,497.7458115367627,521.4245395122777,513.9179642784202,512.8058427707441,518.8488709743111,517.8917827474319,0.0,78.48000178959768,78.48000178959768,60.0,0.0,60.0,60.0,16.0,16.0,16.0,12.0,12.0,12.0,21.0,10.0,0.0,0.0,0.0,0.0,0.0,0.0,0.0,0.0,0.0,0.0,0.0,0.0,0.0,78.48000178959768,78.48000178959768,0.0,0.0,0.0,78.48000178959768,0.0,0.0,0.00133 
 03/28  13:40:00,11.01,62.333333333333339,4.880000000000001,152.33333333333335,510.3333333333333,0.0,0.0,0.0,0.0,0.0,0.0,0.0,0.0,0.0,0.0,766.0,0.0,1841.8039656931526,75.04027575617345,192.28978099517998,55.22600459563593,1469.9285690244618,0.0,75.04027575617342,102.58574611873509,0.0,0.0,17.67447488802985,159.83630013894254,19.711193359795368,-694.8618990331079,17.581055750687509,68.59047903659848,17.827140248732328,-13.387125618670439,15.280000036785858,29.218211098078088,19.62186097169669,-315.5490153377855,16.654164750324556,176.26283820077698,15.51273705424413,97.46382718065934,16.431740264228624,125.19633573225747,264.35564066698228,-69.12843045252385,0.0,0.0,0.0,0.0,0.0,0.0,0.0,0.0,0.0,0.0,0.0,0.0,0.0,0.0,0.0,0.0,0.0,0.0,0.0,0.0,0.0,0.0,0.4455630524046146,0.13600825775476636,237.09276659828007,282.79483082240986,3386.790956836556,0.0,0.0,237.77543997437503,283.1709207580475,3603.515766552209,0.6613886895352438,0.12497896627650114,191.23508325115973,228.35089594269187,2611.4195889841078,0.13310485571465845,0.025152089137312623,22.001407198603379,26.268203593698617,302.5573679405824,0.0,0.0,8.417908932041719,10.129610223132353,77.0749260699584,0.0,0.0,83.4968880104457,99.2627076855837,1348.0388750548933,0.0,0.0,214.89548451585973,257.08443204492479,2694.6656932448638,0.0,0.0,29.72549631828379,35.73776162565131,287.6567976590452,0.0,0.0,94.11187404861284,112.81703438902879,1069.390078585303,29.350772303346817,20.130845201198097,208.87470988999994,249.95264588548006,2950.0703672259,0.0,0.0,116.29600509915062,138.98918111263033,1527.4064428321067,0.0,18.07322044802887,42.08792620461917,22.0,30.0,0.0,18.529710950345995,40.80539026735389,16.0,30.0,0.0,17.74371699338103,43.07942238729674,22.0,30.0,0.0,17.774384670163064,43.10284322820639,16.0,30.0,0.0,15.486093994685332,50.126353107108979,12.0,30.0,0.0,19.016019607177744,40.024965382322708,16.0,30.0,0.0,17.184286797900098,44.89462454200559,10.0,30.0,0.0,15.746321603224163,49.28319836312597,12.0,30.0,0.0,16.59152432767542,46.68624662454423,12.0,30.0,0.0,17.134252539591967,0.0,0.0,0.0,17.47110135064442,0.0,0.0,485.21159383843618,482.4767616926868,489.11436958675878,496.40177544644828,518.6616432484076,511.50407139932386,510.2962248591323,516.2196604806044,515.3791259610122,0.0,78.48000178959768,78.48000178959768,60.0,0.0,60.0,60.0,16.0,16.0,16.0,12.0,12.0,12.0,21.0,10.0,0.0,0.0,0.0,0.0,0.0,0.0,0.0,0.0,0.0,0.0,0.0,0.0,0.0,78.48000178959768,78.48000178959768,0.0,0.0,0.0,78.48000178959768,0.0,0.0,0.00133 
 03/28  13:50:00,11.155000000000002,61.166666666666667,4.895,153.66666666666667,483.6666666666667,0.0,0.0,0.0,0.0,0.0,0.0,0.0,0.0,0.0,0.0,766.0,0.0,1753.230118511846,72.29978946388694,185.2672969806963,52.570143628841567,1399.2385376074956,0.0,72.2997894638869,98.83929358788537,0.0,0.0,17.69701719321562,158.53781558882657,19.74979995695122,-679.5196719409951,17.593543313539784,81.01430409402201,17.836164382295686,-10.021914979989902,15.31872749037953,30.115358956730974,19.68799003584842,-319.2359027349107,16.70433878288327,180.4957730276692,15.54071691289033,103.00963096322278,16.481550764305834,132.6251778976839,255.02262312021595,-76.10329306242739,0.0,0.0,0.0,0.0,0.0,0.0,0.0,0.0,0.0,0.0,0.0,0.0,0.0,0.0,0.0,0.0,0.0,0.0,0.0,0.0,0.0,0.0,0.4159000945103177,0.12695363080290529,232.33522801326684,277.079693754752,3264.6329617709445,0.0,0.0,233.21383896644623,277.68350023182605,3487.4192009711125,0.6604924945775523,0.12480961726711122,192.18731704500576,229.45372058342753,2580.242759473699,0.13351554857492382,0.025229695497906988,24.68697321147467,29.471455429481865,332.8457616110216,0.0,0.0,8.460357448835307,10.17879327729213,75.63296172953692,0.0,0.0,84.11781964415639,99.97064998024601,1345.7348453083735,0.0,0.0,215.8863619127185,258.1986602911712,2672.0302732991997,0.0,0.0,30.111534802370057,36.19477344191725,285.05876987278728,0.0,0.0,94.35057484267482,113.07261460185507,1056.3443450027244,29.38235967263613,20.152510063536448,202.03695213221239,241.7504292660636,2804.2442381990679,0.0,0.0,116.79790702300829,139.53465946276,1522.6219658117635,0.0,18.104586053925507,41.92543063568488,22.0,30.0,0.0,18.57635752547109,40.605824003757508,16.0,30.0,0.0,17.776578191393303,42.89727014514211,22.0,30.0,0.0,17.79196895326619,43.00966105880222,16.0,30.0,0.0,15.525653260955365,49.966108547438199,12.0,30.0,0.0,19.09061957615904,39.80254106125045,16.0,30.0,0.0,17.250786341930458,44.662779527299118,10.0,30.0,0.0,15.788849401648087,49.115602352808597,12.0,30.0,0.0,16.655699774540194,46.46256653328465,12.0,30.0,0.0,17.148517377951806,0.0,0.0,0.0,17.570492159347514,0.0,0.0,483.87789252573807,481.6596214483557,486.7594491379861,494.9225687296412,515.9958821870692,509.07517470317296,507.9312956344623,513.7893230521711,512.9797739012823,0.0,78.48000178959768,78.48000178959768,60.0,0.0,60.0,60.0,16.0,16.0,16.0,12.0,12.0,12.0,21.0,10.0,0.0,0.0,0.0,0.0,0.0,0.0,0.0,0.0,0.0,0.0,0.0,0.0,0.0,78.48000178959768,78.48000178959768,0.0,0.0,0.0,78.48000178959768,0.0,0.0,0.0013533333333333334 
 03/28  14:00:00,11.3,60.0,4.91,155.0,457.0,0.0,0.0,0.0,0.0,0.0,0.0,0.0,0.0,0.0,0.0,766.0,0.0,1699.2710751755654,71.45914453107312,183.11305021764407,50.95218942445454,1356.1741982277713,0.0,71.45914453107308,97.6900682314401,0.0,0.0,17.725046927966383,164.73746225286778,19.774818824402034,-692.4640679066388,17.60330976833042,84.97683478272757,17.84543687242133,-9.009460464343875,15.35737138947786,30.7809395861741,19.747713507749429,-319.67033988739788,16.74908684161211,181.82183364517187,15.569496719049049,107.5414940611015,16.530980217445046,138.2248514960902,255.9510902561151,-80.38275106210176,0.0,0.0,0.0,0.0,0.0,0.0,0.0,0.0,0.0,0.0,0.0,0.0,0.0,0.0,0.0,0.0,0.0,0.0,0.0,0.0,0.0,0.0,0.39489587440544857,0.12054208620434938,235.7580452347333,281.11046568280485,3262.6077805973447,0.0,0.0,237.14931935453564,282.3430512268203,3485.076287202252,0.6513967346265115,0.12309084176615869,183.92845368214143,219.5671261811089,2424.2332521929617,0.13186512365244563,0.02491782381943416,32.87903373646031,39.24767832115494,433.9576886715184,0.0,0.0,8.45500457584655,10.170530289401216,73.72557673272326,0.0,0.0,84.35520213566424,100.22633099251633,1335.3611827472192,0.0,0.0,215.94710464250267,258.2106148919176,2632.726923794143,0.0,0.0,30.395860867380823,36.529548249718967,281.2945856790475,0.0,0.0,94.42323175986494,113.13034436154969,1040.8703771910264,29.410281052518984,20.171660529848418,205.96325634825423,246.4016198704438,2804.2397594538886,0.0,0.0,117.07598790375596,139.81981325338794,1511.3522801282118,0.0,18.146557030508985,41.73346158443342,22.0,30.0,0.0,18.59410861225975,40.455184168819297,16.0,30.0,0.0,17.800740027915237,42.74140370608298,22.0,30.0,0.0,17.806836299230086,42.88675091743575,16.0,30.0,0.0,15.56339796260194,49.80749824289947,12.0,30.0,0.0,19.15421709498731,39.60446135593013,16.0,30.0,0.0,17.305585680317387,44.46362584310259,10.0,30.0,0.0,15.830311930887199,48.94508605960402,12.0,30.0,0.0,16.717075750522583,46.24194506821406,12.0,30.0,0.0,17.19419468160184,0.0,0.0,0.0,17.65475202468373,0.0,0.0,482.9366433718759,480.4767646409817,484.8546292635411,491.9430215524241,513.427173347147,506.7630052299533,505.7978399799834,511.2994959233231,510.5148705235675,0.0,78.48000178959768,78.48000178959768,60.0,0.0,60.0,60.0,16.0,16.0,16.0,12.0,12.0,12.0,21.0,10.0,0.0,0.0,0.0,0.0,0.0,0.0,0.0,0.0,0.0,0.0,0.0,0.0,0.0,78.48000178959768,78.48000178959768,0.0,0.0,0.0,78.48000178959768,0.0,0.0,0.0013766666666666667 
 03/28  14:10:00,11.325000000000001,59.33333333333333,4.915,156.33333333333335,430.33333333333339,0.0,0.0,0.0,0.0,0.0,0.0,0.0,0.0,0.0,0.0,766.0,0.0,1641.648424235889,70.6368442709297,181.0058119509711,49.224384065801348,1310.1859763328417,0.0,70.63684427092966,96.56592143333211,0.0,0.0,17.741706434117963,160.8689634944276,19.80092701937661,-670.8015771175151,17.614002893987629,92.65645454007609,17.853515935798805,-7.130925419299558,15.39400618797059,31.40181032019649,19.79390839406774,-320.1162856834808,16.793438174087585,184.28979100533616,15.597688370717954,111.1308516105604,16.577506851759205,140.7836315858085,251.09043365776416,-83.00855243080969,0.0,0.0,0.0,0.0,0.0,0.0,0.0,0.0,0.0,0.0,0.0,0.0,0.0,0.0,0.0,0.0,0.0,0.0,0.0,0.0,0.0,0.0,0.39459192938774487,0.12044930689491602,229.52038552660106,273.6363194770509,3172.071998959699,0.0,0.0,230.98183095827967,274.9435543065303,3399.6642171177857,0.6550668208883057,0.12378435768864436,183.67982541178669,219.23380592178183,2420.570056832796,0.13654086178538689,0.025801372219460856,11.359712902617778,13.558189717891408,150.8334670418061,0.0,0.0,8.482821422318369,10.201858620223508,74.10948157400245,0.0,0.0,84.52186989777386,100.39796056155862,1342.0357823239245,0.0,0.0,215.5076629613494,257.6147743968321,2639.1479939284074,0.0,0.0,30.626164881972458,36.79800935450933,284.2484458738141,0.0,0.0,93.6883203394924,112.21818495872442,1038.294065744903,29.40655568753588,20.16910540983257,199.7857784795058,238.99267562234804,2719.9635845372906,0.0,0.0,116.47156094656254,139.05272100871626,1513.3011562309708,0.0,18.163250361027534,41.58281794575457,22.0,30.0,0.0,18.63202653036762,40.25468882975,16.0,30.0,0.0,17.825753748710249,42.58589499711708,22.0,30.0,0.0,17.82006167724321,42.82842033353689,16.0,30.0,0.0,15.59751776541894,49.65470811629118,12.0,30.0,0.0,19.205134295125096,39.43438105994696,16.0,30.0,0.0,17.35932595991229,44.260269901100389,10.0,30.0,0.0,15.869594096886666,48.77471465608411,12.0,30.0,0.0,16.7727616243014,46.03287437253481,12.0,30.0,0.0,17.196921538646448,0.0,0.0,0.0,17.72334590608386,0.0,0.0,481.72555985480536,479.2708962920014,483.700147108844,492.8980414807238,510.98018973259857,504.6622700307771,503.66894496879356,508.8872185356743,508.16148097142038,0.0,78.48000178959768,78.48000178959768,60.0,0.0,60.0,60.0,16.0,16.0,16.0,12.0,12.0,12.0,21.0,10.0,0.0,0.0,0.0,0.0,0.0,0.0,0.0,0.0,0.0,0.0,0.0,0.0,0.0,78.48000178959768,78.48000178959768,0.0,0.0,0.0,78.48000178959768,0.0,0.0,0.0014000000000000003 
 03/28  14:20:00,11.350000000000002,58.66666666666667,4.920000000000001,157.66666666666667,403.6666666666667,0.0,0.0,0.0,0.0,0.0,0.0,0.0,0.0,0.0,0.0,766.0,0.0,1580.7868154391477,69.83612364846755,178.95387225604305,47.39946054848912,1261.6127812264027,0.0,69.83612364846752,95.47127563598935,0.0,0.0,17.76722768068784,167.2978827238676,19.803726150646577,-684.68684930768,17.620110647106395,92.76893880668195,17.860889502698919,-6.1356228698684849,15.429217446386183,31.777151843652235,19.82909835562446,-317.92086880018499,16.83245973673843,184.0230840300237,15.625033982060533,113.6987349554222,16.621571934013166,142.51680945315185,257.2159190281873,-83.26268162995848,0.0,0.0,0.0,0.0,0.0,0.0,0.0,0.0,0.0,0.0,0.0,0.0,0.0,0.0,0.0,0.0,0.0,0.0,0.0,0.0,0.0,0.0,0.4034877812683804,0.12316476839694153,234.23546919140726,279.2026285723808,3241.3528036068435,0.0,0.0,236.19798999390796,281.1327274920461,3464.437314940014,0.6566415852536891,0.12408193220969187,181.54583420486288,216.6595776261355,2388.240706691368,0.13796192454424456,0.026069902597173946,11.567525608492906,13.804432991298923,153.23727310033733,0.0,0.0,8.457030872846506,10.168803585916635,73.9866133114722,0.0,0.0,84.51960323048317,100.37220572442416,1344.4941068049066,0.0,0.0,214.8196117351547,256.7317421719754,2637.9928583226776,0.0,0.0,30.784925435755608,36.98079784703789,286.36809299679569,0.0,0.0,93.34100901282454,111.77251671900288,1039.0827074846905,29.395437770640464,20.16147995242831,205.03505495577836,245.2226500734748,2787.054091603066,0.0,0.0,116.2411371664457,138.73885034856785,1517.0460152696065,0.0,18.198446215561483,41.384676183956958,22.0,30.0,0.0,18.63255038323188,40.11328450387889,16.0,30.0,0.0,17.839961594884195,42.44009067315316,22.0,30.0,0.0,17.831513438139298,42.756034310193559,16.0,30.0,0.0,15.629371771465653,49.50528715005391,12.0,30.0,0.0,19.246733645794408,39.28225404233057,16.0,30.0,0.0,17.402570924592668,44.08073229921192,10.0,30.0,0.0,15.90594903235621,48.6114444783674,12.0,30.0,0.0,16.823792912150354,45.83557634133651,12.0,30.0,0.0,17.233644876064859,0.0,0.0,0.0,17.77892502343322,0.0,0.0,480.41423739921569,476.843529804186,482.45122609215556,492.9289317646243,508.65149744635075,502.5438184355602,501.6793484096769,506.6681549406268,505.9838137946116,0.0,78.48000178959768,78.48000178959768,60.0,0.0,60.0,60.0,16.0,16.0,16.0,12.0,12.0,12.0,21.0,10.0,0.0,0.0,0.0,0.0,0.0,0.0,0.0,0.0,0.0,0.0,0.0,0.0,0.0,78.48000178959768,78.48000178959768,0.0,0.0,0.0,78.48000178959768,0.0,0.0,0.0014166666666666664 
 03/28  14:30:00,11.375,58.0,4.925000000000001,159.0,377.0,0.0,0.0,0.0,0.0,0.0,0.0,0.0,0.0,0.0,0.0,766.0,0.0,1517.1053949168114,69.05963393872522,176.96402552213429,45.48998684317394,1210.789129816862,0.0,69.05963393872519,94.40975533339524,0.0,0.0,17.77797432595743,159.43896792454326,19.81238954713845,-654.6907167476693,17.62981098035983,101.07746460916769,17.867336203703347,-5.821777824360424,15.463244309806367,32.1438628377216,19.85300367754448,-316.066188439253,16.87122080788921,184.99049070696493,15.65148168276465,115.63341313527951,16.66251503415117,142.02578076583769,248.2502437210478,-82.3706632342537,0.0,0.0,0.0,0.0,0.0,0.0,0.0,0.0,0.0,0.0,0.0,0.0,0.0,0.0,0.0,0.0,0.0,0.0,0.0,0.0,0.0,0.0,0.3979281183515068,0.12146767959447706,225.27727780414174,268.5032317979504,3107.182492102525,0.0,0.0,227.14118671085076,270.30620208974616,3332.5345374619985,0.6650192591587724,0.12566501495819588,186.41934090108166,222.4426657247736,2450.2703793221505,0.13976696500474235,0.026410991119565819,11.576442647706358,13.813428027113128,152.98803896553006,0.0,0.0,8.47585839296831,10.18947431103457,74.22281820612746,0.0,0.0,84.42825888731439,100.24456299941859,1343.735432547368,0.0,0.0,214.0287252864799,255.72689695799628,2635.3348833947627,0.0,0.0,30.942170965102919,37.16207089788392,288.31264832370706,0.0,0.0,92.44363695562673,110.67094372371287,1032.6014179959789,29.377400806375034,20.14910892069619,195.98551770279415,234.395075380684,2661.21938457084,0.0,0.0,115.41350307957453,137.71899077642289,1509.9137415148039,0.0,18.20148208708866,41.23783208859338,22.0,30.0,0.0,18.661051097752855,39.93322984180895,16.0,30.0,0.0,17.860893189927997,42.27643582270011,22.0,30.0,0.0,17.84089310542756,42.67359462482623,16.0,30.0,0.0,15.659392600598514,49.356694653728919,12.0,30.0,0.0,19.277448584320909,39.15125737580705,16.0,30.0,0.0,17.445377128692397,43.897926976312309,10.0,30.0,0.0,15.93960014057206,48.45164584148177,12.0,30.0,0.0,16.868932801401088,45.65061127975969,12.0,30.0,0.0,17.219397454665093,0.0,0.0,0.0,17.82125678612872,0.0,0.0,478.0467435160565,476.04799235960408,481.09208779952368,492.342487969151,506.4242729627835,500.52288510728229,499.65742483598458,504.5146330197868,503.8690954338196,0.0,78.48000178959768,78.48000178959768,60.0,0.0,60.0,60.0,16.0,16.0,16.0,12.0,12.0,12.0,21.0,10.0,0.0,0.0,0.0,0.0,0.0,0.0,0.0,0.0,0.0,0.0,0.0,0.0,0.0,78.48000178959768,78.48000178959768,0.0,0.0,0.0,78.48000178959768,0.0,0.0,0.0014333333333333334 
 03/28  14:40:00,11.4,57.33333333333333,4.930000000000001,155.33333333333332,383.0,0.0,0.0,0.0,0.0,0.0,0.0,0.0,0.0,0.0,0.0,766.0,0.0,1524.1467893294694,67.90559265012398,174.0068132433403,45.70111255733433,1216.408714664753,0.0,67.90559265012395,92.83209339852097,0.0,0.0,17.800650839924495,165.7988806179601,19.82882422033284,-679.1503489542229,17.632933982221485,97.36108909477935,17.87302141456955,-4.910522872242325,15.503237102163503,32.07683944426907,19.901396657848595,-314.6899614638837,16.903874708088048,182.9844029004662,15.676400648625432,116.60835352041943,16.700586129323534,141.32042641796444,256.2602948006197,-80.01845141734248,0.0,0.0,0.0,0.0,0.0,0.0,0.0,0.0,0.0,0.0,0.0,0.0,0.0,0.0,0.0,0.0,0.0,0.0,0.0,0.0,0.0,0.0,0.40876642891471046,0.12477607720229257,231.44527340874115,275.80672541227195,3193.387234337353,0.0,0.0,233.84299408656134,278.26547606440956,3417.4705301728415,0.660853226696798,0.12487778282252424,181.60967247033779,216.683551599302,2380.1261400217169,0.13997168138035183,0.026449675241941,11.697202978346385,13.955935980177307,154.15397589481516,0.0,0.0,8.425693623459058,10.127004770757486,73.95881441968938,0.0,0.0,84.22538394841901,99.98134117422194,1342.7955300156353,0.0,0.0,212.93875348809164,254.37566573481483,2624.131605260376,0.0,0.0,31.004763526037018,37.23010102676399,289.16394590533897,0.0,0.0,92.03361781406035,110.15499119587243,1030.7155373981976,29.35497439862417,20.133727296724403,202.73523184000809,242.41638258647675,2747.2809105295466,0.0,0.0,115.0458693104539,137.2527436324808,1506.727690533557,0.0,18.23027094698367,41.0518953742048,22.0,30.0,0.0,18.65827537495091,39.79548686236639,16.0,30.0,0.0,17.867406739337939,42.11986878968108,22.0,30.0,0.0,17.849415582555304,42.58142231722603,16.0,30.0,0.0,15.695591447769188,49.18377962070296,12.0,30.0,0.0,19.3178677754802,38.99298281277263,16.0,30.0,0.0,17.476797653903235,43.73821769515903,10.0,30.0,0.0,15.969791249596823,48.29657238505933,12.0,30.0,0.0,16.9097140213175,45.47286585700136,12.0,30.0,0.0,17.25991430429393,0.0,0.0,0.0,17.854638359321414,0.0,0.0,477.12142365491567,474.8249538813819,478.75922684115877,491.35553971580176,504.2850176736362,498.53515602114546,497.5799934944379,502.4775232737589,501.8502137493325,0.0,78.48000178959768,78.48000178959768,60.0,0.0,60.0,60.0,16.0,16.0,16.0,12.0,12.0,12.0,21.0,10.0,0.0,0.0,0.0,0.0,0.0,0.0,0.0,0.0,0.0,0.0,0.0,0.0,0.0,78.48000178959768,78.48000178959768,0.0,0.0,0.0,78.48000178959768,0.0,0.0,0.00145 
 03/28  14:50:00,11.424999999999999,56.66666666666667,4.9350000000000009,151.66666666666669,389.0,0.0,0.0,0.0,0.0,0.0,0.0,0.0,0.0,0.0,0.0,766.0,0.0,1528.567733013802,66.70275697046673,170.92456417082458,45.83366486350147,1219.9369406168879,0.0,66.70275697046668,91.18772583173835,0.0,0.0,17.810606446449108,157.94925618466187,19.867547520434827,-655.3658999226791,17.640910351768853,105.58362318903164,17.87771461790489,-4.71555978141032,15.545698451103366,31.988665065371437,19.953702272931378,-317.67036343189968,16.939712798191019,184.42641521702536,15.700140675380784,117.30860437029367,16.735324910783836,138.75737062251984,246.06928719285225,-78.06353195970905,0.0,0.0,0.0,0.0,0.0,0.0,0.0,0.0,0.0,0.0,0.0,0.0,0.0,0.0,0.0,0.0,0.0,0.0,0.0,0.0,0.0,0.0,0.40084411667891997,0.1223577889740293,223.1809283152553,265.93945909432639,3068.200787407383,0.0,0.0,225.49372327964924,268.27256791697388,3302.188634730895,0.6698536493935287,0.12657854296929875,187.33463195357929,223.4845878631562,2451.4187884263149,0.1411427843992505,0.0266709721087019,11.566547099081945,13.798593952563554,152.0178948369186,0.0,0.0,8.441268106442783,10.143441262956982,74.33326322472958,0.0,0.0,84.38656125196457,100.14957826082348,1348.083606733937,0.0,0.0,212.18503275651529,253.4205470272002,2619.9739442453667,0.0,0.0,31.100303276142463,37.33803154143024,290.16407718390806,0.0,0.0,90.98850509158406,108.88150777048316,1020.6726447569886,29.32863613555665,20.11566264441472,194.39021568211246,232.43782036939414,2628.7340619645335,0.0,0.0,114.00450818432411,135.98621318269103,1493.292484119465,0.0,18.231019203774314,40.90606132593576,22.0,30.0,0.0,18.699899645838987,39.568105903361068,16.0,30.0,0.0,17.883986084800556,41.96244871596503,22.0,30.0,0.0,17.85617235455764,42.48361163275831,16.0,30.0,0.0,15.73547168055061,48.9929633291396,12.0,30.0,0.0,19.360875275127829,38.82138582665897,16.0,30.0,0.0,17.51518102152501,43.558549524974129,10.0,30.0,0.0,15.99741404990061,48.143801958483837,12.0,30.0,0.0,16.94495868685695,45.30548983991253,12.0,30.0,0.0,17.24215836758106,0.0,0.0,0.0,17.881775015377614,0.0,0.0,475.8946738155736,473.7421634405619,477.774419609863,490.1539402633504,502.17071325325255,496.54031945150208,495.75156228861558,500.4525767184297,499.823668468267,0.0,78.48000178959768,78.48000178959768,60.0,0.0,60.0,60.0,16.0,16.0,16.0,12.0,12.0,12.0,21.0,10.0,0.0,0.0,0.0,0.0,0.0,0.0,0.0,0.0,0.0,0.0,0.0,0.0,0.0,78.48000178959768,78.48000178959768,0.0,0.0,0.0,78.48000178959768,0.0,0.0,0.0014566666666666667 
 03/28  15:00:00,11.45,56.0,4.94,148.0,395.0,0.0,0.0,0.0,0.0,0.0,0.0,0.0,0.0,0.0,0.0,766.0,0.0,1530.292940111302,65.44838418895789,167.7102502331819,45.885386350559517,1221.3137228179604,0.0,65.44838418895785,89.47290313945192,0.0,0.0,17.83934238288793,168.12960642007239,19.885548199477815,-691.3755250546656,17.643594459917709,102.0734160792781,17.8819892323601,-3.769454919861005,15.589678725476177,31.660940421202896,20.00821522414363,-319.3917365299285,16.97182259110096,183.08442748178278,15.722764502900727,117.61952417772761,16.768555028266534,138.12576608252449,256.043914348269,-75.13274178437678,0.0,0.0,0.0,0.0,0.0,0.0,0.0,0.0,0.0,0.0,0.0,0.0,0.0,0.0,0.0,0.0,0.0,0.0,0.0,0.0,0.0,0.0,0.4115241708008598,0.1256178787548412,233.0747130120908,277.6708892783872,3210.328045979324,0.0,0.0,236.07054929722038,280.8442761462132,3442.0896749040809,0.6676299106058805,0.126158335337468,183.26342855012764,218.60920653009408,2390.469521514002,0.14165062781120903,0.02676693647226171,11.748704822174036,14.014472416297414,153.92372002401704,0.0,0.0,8.38668608678763,10.075526701851649,74.12167435421826,0.0,0.0,84.59342337305353,100.37068165628537,1354.7485512566169,0.0,0.0,211.973481939943,253.11982970807504,2619.509290043334,0.0,0.0,31.157735762643016,37.400538578408887,290.66436918278898,0.0,0.0,91.18069545647019,109.08958907603054,1024.216607769134,29.305016217714788,20.099462426416186,205.0198900854216,245.08886486030216,2763.9816276777949,0.0,0.0,114.24256685605683,136.24695212718314,1496.1724088229176,0.0,18.27084055088606,40.676085388900919,22.0,30.0,0.0,18.693943989174433,39.413103203681597,16.0,30.0,0.0,17.888634983856809,41.80544270100616,22.0,30.0,0.0,17.862536531309428,42.37671147691518,16.0,30.0,0.0,15.777316483573879,48.79131338554614,12.0,30.0,0.0,19.40773810930418,38.638356943887668,16.0,30.0,0.0,17.54646669323968,43.39065060572022,10.0,30.0,0.0,16.02271256994925,47.99002664692226,12.0,30.0,0.0,16.978677772009669,45.135783008360537,12.0,30.0,0.0,17.291157584269198,0.0,0.0,0.0,17.90695137656512,0.0,0.0,474.69577271727027,471.6868930403267,476.529530262115,488.74895265940338,500.1423919512807,494.68743057404938,493.97658956142609,498.39566928106447,497.80103424776,0.0,78.48000178959768,78.48000178959768,60.0,0.0,60.0,60.0,16.0,16.0,16.0,12.0,12.0,12.0,21.0,10.0,0.0,0.0,0.0,0.0,0.0,0.0,0.0,0.0,0.0,0.0,0.0,0.0,0.0,78.48000178959768,78.48000178959768,0.0,0.0,0.0,78.48000178959768,0.0,0.0,0.0014633333333333335 
 03/28  15:10:00,11.43,55.833333333333339,4.948333333333334,144.33333333333332,401.0,0.0,0.0,0.0,0.0,0.0,0.0,0.0,0.0,0.0,0.0,7670.0,0.0,1529.2464101746614,64.13978321440512,164.35697564162576,45.8539981823299,1220.4784061236647,0.0,64.13978321440509,87.68394639597733,0.0,0.0,18.93412596311835,-740.1552850120721,20.141510285486065,202.2897891338161,19.147969743488923,-2038.548132276695,18.206083876263578,1003.00225903223,15.629211849325298,38.84877126069121,20.05657411965246,-297.62692224517169,17.077390085497698,311.60457153597869,15.742374729073376,126.14465158448978,16.799971381055547,168.3788668877713,518.3947356420857,-52.169904435700299,0.0,0.0,0.0,0.0,0.0,0.0,0.0,0.0,0.0,0.0,0.0,0.0,0.0,0.0,0.0,0.0,0.0,0.0,0.0,0.0,0.0,0.0,0.5130580371709321,0.1566111224575495,310.5320909653336,369.0191270092798,5331.6603339208509,0.15509541136334988,0.023671460830792108,241.96090284303103,288.20979508483517,3805.116753670736,0.4455450338365,0.08419218326464478,474.27477411147518,562.9179523957369,8432.167951808686,0.2400120447568216,0.04535374995404792,363.9400565127396,434.43427033380439,5270.5849353521239,0.0,0.0,9.771017859539214,11.781584403081724,87.35006215942396,0.0,0.0,81.51404243797222,97.08789233772781,1313.8058997460112,0.0,0.0,236.9507344871163,283.8318479941335,3022.8533334220685,0.0,0.0,32.706846447473598,39.408024989934208,307.6082211318892,0.0,0.0,103.14485318246835,123.84637937667331,1169.020611822682,30.68390306816353,21.045201006970879,594.5985187370945,710.6162692951516,8604.759631488105,0.0,0.0,127.22595661186226,152.27118315636896,1682.2884373657676,1982.487550112646,19.870780495621014,36.65963439131698,21.999999999999998,30.0,0.0,19.173617114493959,38.264644591202358,15.999999999999999,30.0,4399.080135061194,20.108615889837379,36.149923255664727,21.999999999999998,30.0,0.0,18.51037273686538,40.066248636063317,15.999999999999999,30.0,0.0,15.809436073711709,48.60475391254209,12.0,30.0,0.0,19.445329424380846,38.42130387291137,15.999999999999999,30.0,0.0,17.72488046677563,42.650582875186298,10.0,30.0,0.0,16.04295994919562,47.81196507782708,12.0,30.0,0.0,17.010630867577438,44.895503638798619,15.999999999999999,30.0,0.0,18.13749879294614,0.0,0.0,0.0,17.952441931741555,0.0,0.0,474.64390710067189,474.06880779297247,474.5486788734035,477.3327462803041,498.2141560044987,491.93469555067807,489.2440850103993,495.89911848373,494.5631543986653,10427.662422191044,81.10985300914224,84.6632519654509,60.0,0.0,60.0,60.0,16.0,16.0,16.0,16.0,12.0,12.0,21.0,10.0,1.0,0.0,1982.487550112646,0.0,4399.080135061194,0.0,0.0,0.0,0.0,0.0,5377.522911982191,3226513.747189314,4191764.5718858,81.10985300914224,84.72360047620399,0.34925076373273969,0.7672276603594976,0.3602813740196596,84.72360047620399,0.3542647819438876,4191764.5718858,0.21944175773806164 
 03/28  15:20:00,11.41,55.66666666666667,4.956666666666667,140.66666666666667,407.0,0.0,0.0,0.0,0.0,0.0,0.0,0.0,0.0,0.0,0.0,2301.0,0.0,1525.3511679968788,62.77428114595673,160.85789122956198,45.737192296509778,1217.3695574614793,0.0,62.7742811459567,85.81720154320499,0.0,0.0,19.68680571189349,-1164.6652529398035,20.778754049689455,190.11937439989249,20.034512999526436,-3088.0544143414219,18.99420807781324,791.1592964800532,15.692296258778603,43.449109359097167,20.144019193627849,-272.3372908619298,17.307475400338974,294.36038467482458,15.780910161883896,134.478616323842,16.867219327399888,192.71968027837779,656.6386674213134,-23.35930012126027,0.0,0.0,0.0,0.0,0.0,0.0,0.0,0.0,0.0,0.0,0.0,0.0,0.0,0.0,0.0,0.0,0.0,0.0,0.0,0.0,0.0,0.0,0.6411495550427466,0.19571109738789578,355.7358523391458,420.9562423320751,6850.454712850195,0.20870090909906265,0.031853008104252528,286.97980390329078,340.54447562194579,5063.880076062193,0.489536221634983,0.09250495495747979,531.9663934910158,628.8245419603162,10613.842323666575,0.25992547017878689,0.04911667992796423,407.2169238377403,484.0278321370823,6839.844046767934,0.0,0.0,10.393143535725813,12.517062382081777,94.81168844004989,0.0,0.0,78.57899760123597,93.46340526932616,1286.1607954033457,0.0,0.0,257.79119235692778,308.144918303795,3469.613999996085,0.0,0.0,34.83603323817039,41.92311906495729,332.72438557211395,0.0,0.0,118.49370363266098,142.09327571669793,1369.7912017006625,31.756552976696953,21.78090053271396,686.6023319837585,818.2723188778327,10938.241818523595,0.0,0.0,144.91039755390427,173.21433862378104,1948.0697671614958,1815.795584099524,21.03164702631348,34.04922718481706,21.999999999999994,29.99999999999999,0.0,20.20927651138336,35.86722555041118,15.999999999999993,29.99999999999999,4107.77476000725,21.42986747424642,33.182435988308409,21.999999999999994,29.99999999999999,0.0,19.79106308965573,36.7840517651195,15.999999999999993,29.99999999999999,0.0,15.880592539322237,48.18444453493281,11.999999999999995,29.99999999999999,0.0,19.552263822696344,38.014984630490278,15.999999999999993,29.99999999999999,0.0,18.062727276863894,41.60957677154697,9.999999999999997,29.99999999999999,0.0,16.094991466742884,47.41724057783351,11.999999999999995,29.99999999999999,0.0,17.103299064358038,44.41190283054693,15.999999999999993,29.99999999999999,0.0,18.991534224476945,0.0,0.0,0.0,18.042132717697809,0.0,0.0,474.4496821829432,475.0346467199371,473.5300567490612,474.51549831340835,494.16892026563178,488.85142267613386,486.67227689794898,491.460020020354,490.319210768817,11773.302417858233,80.21962991989355,87.87007012755535,59.99999999999998,0.0,59.99999999999998,59.99999999999998,16.0,16.0,16.0,16.0,12.0,12.0,21.0,10.0,1.0,0.0,1815.795584099524,0.0,4107.77476000725,0.0,0.0,0.0,0.0,0.0,11576.691759797714,6946015.055878631,9072224.690563433,80.21962991989355,87.99999999999997,0.3858897253265904,0.7658589536681347,0.36028137401965945,87.99999999999997,0.35426478194388735,9072224.690563433,0.4732356839092985 
 03/28  15:30:00,11.39,55.5,4.965,137.0,413.0,0.0,0.0,0.0,0.0,0.0,0.0,0.0,0.0,0.0,0.0,2301.0,0.0,1518.5289972269243,61.34917425789566,157.2060688540341,45.53262341730057,1211.9247532325242,0.0,61.34917425789563,83.86897238309737,0.0,0.0,20.20334572141515,-1025.1153841494746,21.346232956400607,370.22676127156219,20.301798090009379,-1641.0422624310705,19.544577583802615,910.7236533316951,15.76061650117547,52.20906193297725,20.26169061813119,-213.75916058804715,17.539680229744755,346.66732635242615,15.837956576771529,158.25949417247294,16.962426216101116,255.55021977247169,899.7110748954616,62.35031386657099,0.0,0.0,0.0,0.0,0.0,0.0,0.0,0.0,0.0,0.0,0.0,0.0,0.0,0.0,0.0,0.0,0.0,0.0,0.0,0.0,0.0,0.0,0.8466648422550155,0.258444701543045,350.8753289229776,414.38932716440487,7207.959815578959,0.23082932763037507,0.035230361359947347,274.3177802032588,324.61016564832746,5322.18461071747,0.6836303790317514,0.12918185544817677,450.79050705369249,532.2914211345417,9297.488547628907,0.26732840979516789,0.050515572523652258,378.7411864072249,448.8078600492537,7020.439756606954,0.0,0.0,10.909158805546241,13.136061975364062,101.6491338602001,0.0,0.0,73.52543940353687,87.40280730825043,1229.696681990993,0.0,0.0,284.3262310398336,339.4764288019178,4041.667987857095,0.0,0.0,38.67167386581961,46.53049587167517,377.31638230456886,0.0,0.0,141.29408407157983,169.37961738317774,1678.814796387779,33.10782199091534,22.70769683876224,646.2767429473879,767.3334456682026,11844.86788635048,0.0,0.0,172.02092978535868,205.52806395273616,2378.9153429226455,1741.889458352396,21.712632102513394,32.48178458347828,21.999999999999994,29.99999999999999,0.0,21.110076244154507,33.782827987797279,15.999999999999993,29.99999999999999,1941.486137195331,21.675009174952689,32.520697614039168,21.666666666666658,29.99999999999999,0.0,20.658742999653869,34.672273059584,15.999999999999993,29.99999999999999,0.0,15.958758642081742,47.7230661335969,11.999999999999995,29.99999999999999,0.0,19.715084264543408,37.4228212340902,15.999999999999993,29.99999999999999,0.0,18.43089684451329,40.39973496330914,9.999999999999997,29.99999999999999,0.0,16.17855904792514,46.87119103188738,11.999999999999995,29.99999999999999,0.0,17.247128326309598,43.71922771423441,15.999999999999993,29.99999999999999,0.0,20.102659374197125,0.0,0.0,0.0,18.22043382830573,0.0,0.0,472.4025764608266,473.5319872361183,471.54399903296936,472.50086453199938,490.2128137571913,484.7342091540355,482.2654204978486,486.5836622948607,485.28432209893807,8874.671705687233,82.13667852495783,84.59556237297932,59.99999999999998,0.0,59.99999999999998,59.99999999999998,16.0,16.0,16.0,16.0,12.0,12.0,21.0,10.0,1.0,0.0,1741.889458352396,0.0,1941.486137195331,0.0,0.0,0.0,0.0,0.0,3721.0029537101725,2232601.7722261047,2903293.764896998,82.13667852495783,84.6373223836529,0.35070009845700569,0.7673145537912394,0.36028137401965945,84.6373223836529,0.35426478194388735,2903293.764896998,0.1524612757746439 
 03/28  15:40:00,11.37,55.33333333333333,4.973333333333334,134.5,376.5,0.0,0.0,0.0,0.0,0.0,0.0,0.0,0.0,0.0,0.0,2301.0,0.0,1405.3171406582008,59.06427715223566,151.3509623188156,42.137998242972887,1121.5713293718423,0.0,59.06427715223563,80.7453448107482,0.0,0.0,20.180422347722567,-637.3580049563176,21.512344286498583,-123.35511923424288,20.38797664615656,-1074.5587238492768,19.625404092015743,425.85283549716498,15.820043291010297,51.10509895605165,20.336880716635429,-210.22480033163843,17.621829631509028,263.8805524639795,15.899770587172105,160.78354498697343,17.055235506389417,243.98339001697503,807.2793634970616,81.85010501410949,0.0,0.0,0.0,0.0,0.0,0.0,0.0,0.0,0.0,0.0,0.0,0.0,0.0,0.0,0.0,0.0,0.0,0.0,0.0,0.0,0.0,0.0,0.7901032596367155,0.2411792611833688,353.13070843170285,417.4248719290671,7048.055241912307,0.14296260144230053,0.021819688864819998,166.2694265317538,196.83952130550206,3273.8946507450175,0.8432151882494375,0.15933771508870718,377.2145992161917,444.97086332987058,7827.292751511894,0.2536677816865348,0.04793419910932255,303.3990080676799,359.46656524726418,5607.3608463829009,0.0,0.0,10.461508583782117,12.593880123616401,99.25323170856473,0.0,0.0,72.42983289579569,86.06041147667858,1233.5063791434723,0.0,0.0,279.0089518780637,333.0669611977801,4005.880299108464,0.0,0.0,39.1405277800267,47.08266443557793,389.8919054054345,0.0,0.0,140.18016572615785,167.97344167180959,1705.8107681693965,32.85872822789845,22.53685063641872,507.1340858702474,602.3778322289765,9221.3927509553,0.0,0.0,171.33115115186699,204.65434734108858,2401.070639485499,984.8505730033344,21.434634461154454,32.93468024813497,21.666666666666687,30.00000000000002,0.0,21.260526232831514,33.24763525793291,16.000000000000015,30.00000000000002,2256.807672207611,21.679620760211028,32.32183060543065,21.666666666666687,30.00000000000002,0.0,20.58019346069529,34.71271080277226,16.000000000000015,30.00000000000002,0.0,16.02318372550343,47.28675188430644,12.00000000000001,30.00000000000002,0.0,19.851375191790706,36.89474836830368,19.000000000000015,30.00000000000002,0.0,18.48242620744594,40.044288923511178,10.000000000000007,30.00000000000002,0.0,16.260961403506717,46.340534255790959,16.000000000000015,30.00000000000002,0.0,17.372133578628149,43.11639652083338,16.000000000000015,30.00000000000002,0.0,19.8916233898874,0.0,0.0,0.0,18.294482137654297,0.0,0.0,471.3969331296229,470.85073567137996,469.451481644679,471.46226301601316,486.37881056556,481.01790322180826,478.9628930098727,482.3800661442982,481.35073317060087,6635.12740521295,83.61737678972169,83.61737678972169,60.00000000000004,0.0,60.00000000000004,60.00000000000004,16.0,16.0,19.0,16.0,16.0,12.0,21.0,10.0,1.0,0.0,984.8505730033344,0.0,2256.807672207611,0.0,0.0,0.0,0.0,0.0,0.0,0.0,0.0,83.61737678972169,83.61737678972169,0.3400000000000003,0.7683436045963292,0.3602813740196598,83.61737678972169,0.3542647819438878,0.0,0.0015000000000000005 
 03/28  15:50:00,11.35,55.16666666666667,4.981666666666667,132.0,340.0,0.0,0.0,0.0,0.0,0.0,0.0,0.0,0.0,0.0,0.0,3068.0,0.0,1292.6775035839438,56.83662330028222,145.64254749847394,38.76053210046622,1031.6746020414235,0.0,56.83662330028219,77.69997310609908,0.0,0.0,20.25203797053623,-602.7391941716969,21.55625050737209,-107.91593964747972,20.417122265132855,-1114.014825184599,19.69337256980981,453.828127498517,15.869208896366079,50.323956757194498,20.364127283214999,-227.51632238441199,17.658125156123505,283.6115023546222,15.946354789897061,155.2991825997829,17.117996624944654,216.72045327454317,790.837310039994,71.6228828388048,0.0,0.0,0.0,0.0,0.0,0.0,0.0,0.0,0.0,0.0,0.0,0.0,0.0,0.0,0.0,0.0,0.0,0.0,0.0,0.0,0.0,0.0,0.8242080212738581,0.2515897500835953,283.65743609613937,335.13862755909715,5792.841802747109,0.15807544140764163,0.02412628837112968,156.92508813667485,185.5989420976037,3120.832189355994,0.8151985639419802,0.1540435683941762,364.98073294107499,431.1945626660532,7460.570630755728,0.24105494510379939,0.045550821070256857,289.70702317336636,343.37757001226648,5387.474507987157,0.0,0.0,10.54247526352962,12.693778824878864,101.41927952925887,0.0,0.0,74.02704443487703,87.96618868456986,1273.3320156351943,0.0,0.0,274.87419942815549,328.23112832686737,3966.164547790846,0.0,0.0,38.71952505212514,46.5832298734558,391.4758278505824,0.0,0.0,134.7109369156462,161.4461845450304,1662.8506655474949,33.00976246587918,22.64044064875116,444.68151553480939,528.4551858127682,8168.620899702959,0.0,0.0,165.31495495975259,197.54179602976488,2324.7879690533288,1391.8385336747768,21.55528661442,32.536772174344928,21.75,30.0,0.0,21.32292885691748,33.02772087344412,16.0,30.0,1744.6183499127633,21.550636722734994,32.43958259849743,21.5,30.0,0.0,20.62663532738679,34.44718682000033,16.0,30.0,0.0,16.06967479407124,46.94449150044599,12.0,30.0,0.0,19.91884031241848,36.610739674867478,19.0,30.0,0.0,18.499273679416807,39.870259592997047,10.0,30.0,0.0,16.31579206871063,46.00403614415497,16.0,30.0,0.0,17.44122399256925,42.78758611729056,16.0,30.0,0.0,19.88944249882311,0.0,0.0,0.0,18.299456739347876,0.0,0.0,469.4923025597598,469.8852113271903,467.80074231968936,469.4585022361755,483.37985241944167,478.93592597482066,477.19309965684149,480.041253525963,479.407430856914,8482.584078784048,82.39606037645562,82.39606037645562,60.0,0.0,60.0,60.0,16.0,16.0,19.0,16.0,16.0,12.0,21.0,10.0,1.0,0.0,1391.8385336747768,0.0,1744.6183499127633,0.0,0.0,0.0,0.0,0.0,0.0,0.0,0.0,82.39606037645562,82.39606037645562,0.34,0.7712214537891339,0.36028137401965956,82.39606037645562,0.3542647819438875,0.0,0.0014966666666666666 
 03/28  16:00:00,11.33,55.0,4.99,129.5,303.5,0.0,0.0,0.0,0.0,0.0,0.0,0.0,0.0,0.0,0.0,3070.0,0.0,1119.2888983388826,53.16693052226521,136.23899878459288,33.56154155544858,893.2948125185137,0.0,53.16693052226519,72.68322486169463,0.0,0.0,20.337466552871594,-442.8808486126961,21.52430751159995,-165.5779414048368,20.54853981851376,-1165.7568966735144,19.705219122510706,427.79636593200407,15.909696306417742,50.90816953258796,20.344539925707964,-213.42230051234663,17.727982359908169,271.5661342930857,15.990154228544212,155.88908952099,17.170644735438203,217.5898479976147,766.9103071160307,99.00261831664511,0.0,0.0,0.0,0.0,0.0,0.0,0.0,0.0,0.0,0.0,0.0,0.0,0.0,0.0,0.0,0.0,0.0,0.0,0.0,0.0,0.0,0.0,0.8037558704849774,0.24534672481226417,289.10812782085039,341.89862689044119,5833.6775003528659,0.1518257822678211,0.023172433191059384,144.51549047245784,170.75893061263728,2869.529188197334,0.8496132951195583,0.16054672999235804,358.386923764717,423.352631849319,7352.785289188228,0.2423478715041495,0.045795138228297328,240.43551523950769,284.7491399303507,4468.3635236889999,0.0,0.0,10.453966159307813,12.585643598247492,101.75863883539502,0.0,0.0,72.41140951287305,86.03119372328603,1253.3943908802256,0.0,0.0,275.26156395023,328.6492861044954,4013.382600578969,0.0,0.0,39.0676817807837,46.99695693094955,400.4753103629451,0.0,0.0,136.6250740923478,163.72506862792268,1707.5797296295155,33.116160395595567,22.71341590918764,443.8074195809095,527.1979936273306,8193.959255915928,0.0,0.0,167.65898273494879,200.34146610979469,2374.7631938477904,926.3836214915822,21.468943779278506,32.48908876150426,21.5,30.0,0.0,21.298585332791054,32.791156450129438,16.0,30.0,1810.3840062053455,21.679720114933713,31.898954769385079,21.5,30.0,0.0,20.571094734097799,34.3434067514026,16.0,30.0,0.0,16.106594545800424,46.602443688330868,12.0,30.0,0.0,19.954240341307995,36.32486222044512,19.0,30.0,0.0,18.555695046829,39.47533148575143,10.0,30.0,0.0,16.366307814718309,45.59044443853928,16.0,30.0,0.0,17.499626475195588,42.362516587353287,16.0,30.0,0.0,19.84380964486137,0.0,0.0,0.0,18.329542492920024,0.0,0.0,466.78987627163738,466.40984200241766,464.49637462028377,467.07687659093696,480.3140522513048,475.959324800189,473.98133583005207,476.88277386719826,476.060495555715,6432.9180505020999,82.42750433452739,82.42750433452739,60.0,0.0,60.0,60.0,16.0,16.0,19.0,16.0,16.0,12.0,21.0,10.0,1.0,0.0,926.3836214915822,0.0,1810.3840062053455,0.0,0.0,0.0,0.0,0.0,0.0,0.0,0.0,82.42750433452739,82.42750433452739,0.255,0.5396259408331721,0.27021103051474468,82.42750433452739,0.2656985864579156,0.0,0.0014933333333333335 
 03/28  16:10:00,11.175,56.333333333333339,4.868333333333334,127.0,267.0,0.0,0.0,0.0,2.0,0.0,0.0,0.0,0.0,0.0,4.0,2305.0,0.0,1014.4678899574758,51.004457304299517,130.69762575492457,30.418515817459299,809.6380780353588,0.0,51.004457304299489,69.72696002536049,0.0,0.0,20.274126464198259,-295.13869145057415,21.458320465339378,-260.65197305759139,20.454955619163717,-1004.4753969021458,19.81947843619008,441.8903292363575,15.944118284839245,44.406245567928127,20.463966971867273,-49.63821793893309,17.66328313989903,139.18603658846528,16.0227078858151,143.39764964396515,17.20340811754667,179.29757782079575,754.2822799546102,78.61837751338014,0.0,0.0,0.0,0.0,0.0,0.0,0.0,0.0,0.0,0.0,0.0,0.0,0.0,0.0,0.0,0.0,0.0,0.0,0.0,0.0,0.0,0.0,0.9486254055270997,0.28956819460534186,178.0798287596856,210.59658346198933,3613.208527247989,0.16696692410308806,0.02548335227458609,137.6224122370128,162.75372735951727,2757.0890552722578,0.6972190032907648,0.1317496226928883,301.2123624656466,356.03287130848778,6193.1820781287019,0.22718717079590818,0.04293030438320259,304.72537081543205,361.11841301439156,5819.637639586848,0.0,0.0,9.61348781123768,11.57095501276187,97.0394461367932,0.0,0.0,11.750529927132324,13.945485494145771,212.71357884488573,0.0,0.0,199.1290111149951,237.85784831195734,2891.1550395772276,0.0,0.0,37.254543775031098,44.798364721905077,395.76459920531036,0.0,0.0,124.28649503916488,148.8901430497418,1597.4728754032547,32.50440146942742,22.293828168331573,408.74312761265608,485.79714507491067,7681.943411524793,0.0,0.0,153.52892754559177,183.4548108968271,2200.536936445241,671.9182303721145,21.312936547222316,32.737795192328949,21.333333333333337,30.0,0.0,21.219756577653475,32.82277081767333,16.0,30.0,0.0,21.460883956166684,32.91467820568757,21.0,30.0,0.0,20.724997280820938,34.22459130877109,16.0,30.0,0.0,16.129356065369824,46.320417088054657,12.0,30.0,0.0,20.21031587832392,37.28315714408443,19.0,30.0,0.0,18.360791048316285,39.80641669066662,10.0,30.0,0.0,16.39493662883862,45.342558339104389,16.0,30.0,0.0,17.519484296795228,42.17710783524431,16.0,30.0,0.0,19.87157101625591,0.0,0.0,0.0,18.255797825037214,0.0,0.0,466.74106629295076,464.76016148423437,499.51121366322618,485.5969198440629,477.66643045586616,574.4329997047406,472.2387856481138,475.1119764412464,474.6182107866248,5865.907085249415,82.32443451926948,82.32443451926948,1744.0,0.0,1744.0,1744.0,16.0,16.0,19.0,16.0,16.0,12.0,21.0,10.0,1.0,0.0,671.9182303721145,0.0,0.0,0.0,0.0,0.0,0.0,0.0,0.0,0.0,0.0,82.32443451926948,82.32443451926948,0.22666666666666669,0.46259503899253487,0.24018758267977304,82.32443451926948,0.236176521295925,0.0,0.04330933333333334 
 03/28  16:20:00,11.020000000000002,57.66666666666667,4.746666666666667,124.5,230.5,0.0,0.0,0.0,2.0,0.0,0.0,0.0,0.0,0.0,4.0,1538.0,0.0,913.090008756101,48.90210910572243,125.31033060859062,27.378732031137639,728.7292825426196,0.0,48.9021091057224,66.85289064889413,0.0,0.0,20.64201755638978,-1068.3091464142286,21.446714642567146,116.31337625764127,20.37137080614012,-793.5070294227544,19.773550423886648,347.8747572840002,15.974493773951157,46.16464725505651,20.61771760259746,-73.74679237038174,17.682261731601569,273.9898195325791,16.044001601053826,136.9043573685816,17.210131032055679,151.0482236939347,772.864663595441,66.39154903785175,0.0,0.0,0.0,0.0,0.0,0.0,0.0,0.0,0.0,0.0,0.0,0.0,0.0,0.0,0.0,0.0,0.0,0.0,0.0,0.0,0.0,0.0,0.8413729479116128,0.256829349179369,244.4993008422549,288.18239097444526,5277.317074382368,0.18993129870892773,0.02898829345374355,165.56637841975926,195.40213972700119,3415.69728436508,0.9219665434861102,0.17421892356124539,262.6439980609722,310.4101014248833,5383.743632164824,0.2464578274052683,0.04657177388610511,272.53875883656448,322.84794594656275,5213.601936373661,0.0,0.0,10.617671608837993,12.767765436302966,110.93334954458092,0.0,0.0,14.247006383101067,16.865823189400275,270.732414649687,0.0,0.0,195.35173823458565,233.13631442390278,2908.6811217002689,0.0,0.0,37.32216405981009,44.845067957391837,409.0874408905183,0.0,0.0,114.76982698848338,137.39364994010988,1506.3762183617863,32.069461177512547,21.99551521091396,430.75243071880268,511.1450784431297,8290.328744449067,0.0,0.0,143.22268220883138,171.0612518245249,2072.324378079561,1524.8601871601482,21.85901283708641,31.623065211737477,22.0,30.0,0.0,21.294242139415286,32.75076268165803,16.0,30.0,0.0,21.26246713540054,33.48803319820713,21.0,30.0,0.0,20.579997941005979,34.78442378048308,16.0,30.0,0.0,16.147833362480946,46.0705897290525,12.0,30.0,0.0,20.499999169957943,38.43932402484167,19.0,30.0,0.0,18.393346871330587,39.6069670262539,10.0,30.0,0.0,16.405897800213034,45.181178419686208,16.0,30.0,0.0,17.49794548083759,42.12240393959617,16.0,30.0,0.0,19.94383253658173,0.0,0.0,0.0,18.166749857307914,0.0,0.0,472.87318961482347,470.13774023797148,513.9400650987774,502.45620978950066,475.58537138493326,686.5885127830161,472.0223184003021,474.851758399723,474.46887076815167,9865.63020092158,81.48154097060342,84.96768466443072,1744.0,0.0,1744.0,1744.0,16.0,16.0,19.0,16.0,16.0,12.0,21.0,10.0,1.0,0.0,1524.8601871601482,0.0,0.0,0.0,0.0,0.0,0.0,0.0,5275.854292444281,3165512.5754665688,4114345.7042553389,81.48154097060342,85.02689095755474,0.34586180974814276,0.7658904428536646,0.36028137401965956,85.02689095755474,0.3542647819438875,4114345.7042553389,0.2574490877323887 
 03/28  16:30:00,10.865,59.0,4.625,122.0,194.0,0.0,0.0,0.0,2.0,0.0,0.0,0.0,0.0,0.0,4.0,769.0,0.0,816.0222868653889,46.85542391303831,120.06568020401069,24.468187774129093,651.2603955912588,0.0,46.85542391303829,64.05491682156056,0.0,0.0,20.786339415789365,-1074.7403309945276,21.549909536169836,59.00484545324343,20.446494347776594,-707.9032974216061,19.729287064648248,359.3701623090128,16.011035199833409,47.57776418517153,20.70618710243685,-75.93183924795562,17.768404830669725,228.13073561476359,16.06790007451798,135.6249790166703,17.22687643606857,165.59673237147764,763.6215056045585,122.36093590827204,0.0,0.0,0.0,0.0,0.0,0.0,0.0,0.0,0.0,0.0,0.0,0.0,0.0,0.0,0.0,0.0,0.0,0.0,0.0,0.0,0.0,0.0,0.7861532242769199,0.2399735116840415,251.40417178998426,295.73140831926937,5612.460707853232,0.1712752532904723,0.02614091167437001,166.50428018402088,196.21995969731024,3537.583368737821,1.0591247884848459,0.20013695927529219,268.12687407208559,316.1010501027605,5626.993014490427,0.27353209943556708,0.05168784947762037,282.79808387603608,334.4024426165177,5436.003296262181,0.0,0.0,10.598834238674279,12.719291846469945,114.75578586999242,0.0,0.0,14.182082517573936,16.73909929058782,278.9762697284087,0.0,0.0,212.3963053682389,252.8798425477098,3270.768648898449,0.0,0.0,38.60061894740852,46.283983186221458,436.80172048959909,0.0,0.0,130.9343241615553,156.41445929214118,1761.6736616351198,31.60881864037984,21.679573827421025,440.3418354494817,521.6268981893319,8610.471771839697,0.0,0.0,161.11051010280517,192.0140921466019,2388.6986185254138,1594.536671422651,22.0510857598234,31.345460525805863,22.0,30.0,0.0,21.513545886699548,32.380703440039138,16.0,30.0,0.0,21.34639710724201,33.423838175444398,21.0,30.0,0.0,20.46486570680893,35.23446357944919,16.0,30.0,0.0,16.17889940813227,45.78919238602322,12.0,30.0,0.0,20.686214710525577,39.20775473841489,19.0,30.0,0.0,18.492674593217264,39.322766867539389,10.0,30.0,0.0,16.42445839315062,45.077188977658767,16.0,30.0,0.0,17.503995209803486,42.06014320692971,16.0,30.0,0.0,19.98007263513078,0.0,0.0,0.0,18.18709095955805,0.0,0.0,478.57308794523535,479.31988697677186,519.726772235723,516.7354648204774,474.74350978975169,759.3096217087708,475.1710301997127,477.66870910382718,477.21841172496206,3887.6844025805464,85.43288649495803,85.43288649495803,1744.0,0.0,1744.0,1744.0,16.0,16.0,19.0,16.0,16.0,12.0,21.0,10.0,1.0,0.0,1594.536671422651,0.0,0.0,0.0,0.0,0.0,0.0,0.0,0.0,0.0,0.0,85.43288649495803,85.43288649495803,0.34,0.7712139914698086,0.36028137401965956,85.43288649495803,0.3542647819438875,0.0,0.043696888888888899 
 03/28  16:40:00,10.71,60.333333333333339,4.503333333333334,110.66666666666667,176.66666666666669,0.0,0.0,0.0,2.0,0.0,0.0,0.0,0.0,0.0,4.0,769.0,0.0,688.8293713077868,41.309044226185907,105.85324493166006,20.6543533103901,549.7489024576241,0.0,41.30904422618588,56.472595292221807,0.0,0.0,20.886976159384397,-1327.0032317991918,21.58911021425553,132.54937621440878,20.45175999789232,-794.392818804301,19.77511694743253,411.7045594336996,16.04210799107501,48.98240445970748,20.71953353248221,-82.59788945940477,17.854331207750528,254.61874864802668,16.09297446666003,137.05441861774762,17.250323253381436,166.55656634423304,792.4220798704373,136.29290168675926,0.0,0.0,0.0,0.0,0.0,0.0,0.0,0.0,0.0,0.0,0.0,0.0,0.0,0.0,0.0,0.0,0.0,0.0,0.0,0.0,0.0,0.0,0.7437814827504994,0.2270395246491146,297.97271267484157,350.5110444010237,6740.870359528306,0.1791220773346917,0.027338534391741718,208.36297447308949,245.4365259207884,4546.18552843459,1.1268929498945,0.21294273429601294,295.442830092589,348.3940766508338,6251.093966393214,0.29926551516608299,0.05655055086282745,311.9826851507505,368.83592379608117,6135.847096034018,0.0,0.0,10.976635489224775,13.172305475454895,122.81408135081266,0.0,0.0,15.058751324532138,17.76806305364075,302.8722329021493,0.0,0.0,214.30234534353418,255.04999101575369,3418.4895332122484,0.0,0.0,38.878742418637738,46.61599744739386,454.0337727489488,0.0,0.0,130.3946667553105,155.7668938199447,1800.413903258054,31.296244315814623,21.465188145277528,510.742090713805,604.7734972623514,10185.326624340645,0.0,0.0,160.5276903972056,191.34921760628979,2418.198524979798,1771.545913095992,22.052172558602409,31.459389911490704,22.0,30.0,0.0,21.65208313619553,32.19818683257998,16.0,30.0,0.0,21.275871079712436,33.63723557449908,21.0,30.0,0.0,20.53426047326131,35.11123738519847,19.0,30.0,0.0,16.20229189299778,45.62651218555672,12.0,30.0,0.0,20.753986956347064,39.56881485761679,19.0,30.0,0.0,18.615078908283583,39.04252253517914,10.0,30.0,0.0,16.448419499376369,44.922676892455957,16.0,30.0,0.0,17.523878572243328,41.93406251521277,16.0,30.0,0.0,20.10134914757151,0.0,0.0,0.0,18.148728801777144,0.0,0.0,488.00786921742408,482.9188028946155,525.4237174237815,517.4026636646581,475.56423071567095,789.6823859677181,477.80045758725199,479.7124573939049,479.28945208444676,7952.996383218841,82.7462508339059,82.7462508339059,1744.0,0.0,1744.0,1744.0,16.0,19.0,19.0,16.0,16.0,12.0,21.0,10.0,1.0,0.0,1771.545913095992,0.0,0.0,0.0,0.0,0.0,0.0,0.0,0.0,0.0,0.0,82.7462508339059,82.7462508339059,0.34,0.7654341556458794,0.36028137401965956,82.7462508339059,0.3542647819438875,0.0,0.04389066666666667 
 03/28  16:50:00,10.555000000000002,61.666666666666667,4.381666666666666,99.33333333333334,159.33333333333335,0.0,0.0,0.0,2.0,0.0,0.0,0.0,0.0,0.0,4.0,3077.0,0.0,611.019042184479,37.148071261762229,95.19084198123666,18.321230511100077,487.64911264750097,0.0,37.148071261762208,50.78422978671297,0.0,0.0,20.516739648066939,-226.19036443389906,21.437312885435447,-356.21348263661096,20.498948729692797,-778.4648339925661,19.794096920352023,377.9532275307906,16.067337465914457,41.83073003262221,20.718991785054358,-54.16037511051873,17.802614837679127,127.32292632322651,16.109502081123357,127.78703535414769,17.267349935433264,152.844569377183,733.5742755607412,162.48326501290399,0.0,0.0,0.0,0.0,0.0,0.0,0.0,0.0,0.0,0.0,0.0,0.0,0.0,0.0,0.0,0.0,0.0,0.0,0.0,0.0,0.0,0.0,0.9172128717183968,0.2799795090715497,219.18221368546319,259.40833940278238,4698.128376562756,0.15473064483540628,0.02361578828379217,184.75703874515765,218.51689409406976,3992.122258184733,0.9726681867815011,0.1837997329519088,279.52186870456117,330.62216596323256,6014.690618582031,0.26362241432567459,0.049815271036597597,290.9715822798973,345.1013116297488,5806.899517258064,0.0,0.0,9.367180047457639,11.278340736554459,107.86571029578566,0.0,0.0,12.850396383089077,15.217867027492787,263.2095540987668,0.0,0.0,203.28036986854174,242.86702981798767,3241.848808983402,0.0,0.0,37.56079096347135,45.18198257714557,450.7484149040373,0.0,0.0,129.90134112230133,155.68978797127086,1835.3824081967323,30.6450980097336,21.01858574055803,432.6870274372443,514.3095667777096,8690.176017620666,0.0,0.0,159.5237375343639,190.8080640067703,2440.35685938896,467.4603517070016,21.272739595376107,33.14014825092211,21.25,30.0,0.0,21.384558391106788,32.96491304076031,16.0,30.0,0.0,21.30991920816674,33.832245358357827,21.0,30.0,0.0,20.528677968688905,35.35402509463641,19.0,30.0,0.0,16.21109094282867,45.604374440558618,12.0,30.0,0.0,20.791982485563307,39.88394266252603,19.0,30.0,0.0,18.450095901269415,39.53118252413475,10.0,30.0,0.0,16.455146008847764,44.95920729040657,16.0,30.0,0.0,17.531289098414019,41.9885040374269,16.0,30.0,0.0,19.924329601578383,0.0,0.0,0.0,18.10989768608269,0.0,0.0,494.95263598989666,499.4574391442094,541.125202033392,532.2362013887635,478.33619145001628,814.429469110239,486.1293841946343,485.3773217385449,486.534904754274,4613.708342144191,82.1569932639652,82.1569932639652,1744.0,0.0,1744.0,1744.0,16.0,19.0,19.0,16.0,16.0,12.0,21.0,10.0,1.0,0.0,467.4603517070016,0.0,0.0,0.0,0.0,0.0,0.0,0.0,0.0,0.0,0.0,82.1569932639652,82.1569932639652,0.17,0.34694587390213907,0.18014068700982978,82.1569932639652,0.17713239097194376,0.0,0.045150222222222226 
 03/28  17:00:00,10.4,63.0,4.26,88.0,142.0,0.0,0.0,0.0,2.0,0.0,0.0,0.0,0.0,0.0,4.0,770.0,0.0,536.0872878442515,32.90638869637307,84.32163095654575,16.074421101102347,427.84669059000728,0.0,32.90638869637306,44.98552813770579,0.0,0.0,20.948215429659336,-1461.1583837920317,21.347138029711908,154.28016115142055,20.502307604070759,-820.1374780904316,19.79700018948403,358.5339539234483,16.09630285954495,43.876744322092239,20.70331813104549,-84.9862281152117,17.848845333540063,250.04628035672523,16.117818880710325,120.45120419065143,17.25917753318369,121.67847527163213,770.3142484348136,137.1409047271336,0.0,0.0,0.0,0.0,0.0,0.0,0.0,0.0,0.0,0.0,0.0,0.0,0.0,0.0,0.0,0.0,0.0,0.0,0.0,0.0,0.0,0.0,0.8759337322667036,0.26737903915345048,310.03504764220738,364.7172052829679,7193.7954909795039,0.2101257625858864,0.0320704765851475,226.84702498551469,267.4598197814618,4967.952106871674,1.0613568025931349,0.20055873064874059,272.16335002624745,320.9484606661171,5917.292022256252,0.27619693413779758,0.05219140856723308,285.9940933744406,338.12710671409527,5788.329774205946,0.0,0.0,10.752614694745525,12.903047489176272,127.67357702681395,0.0,0.0,14.750718518288185,17.39930797543622,307.1944565159369,0.0,0.0,195.03715525699915,232.1831647386842,3206.7515733380298,0.0,0.0,37.009109038862238,44.37542108155008,455.60115824892588,0.0,0.0,114.43950742968296,136.72471116417686,1645.4121188207928,30.33652073107522,20.806941516512504,505.38328040935348,598.5322015887375,10337.084179847065,0.0,0.0,142.40284483566783,169.8639945853595,2178.3520667510149,1908.4386612251859,22.027633299951295,31.908064511834227,22.0,30.0,0.0,21.370809198720747,33.10242678782294,16.0,30.0,0.0,21.254581169017376,34.16757614563043,21.0,30.0,0.0,20.508281975816858,35.630768041137809,19.0,30.0,0.0,16.230025416709347,45.58590629671535,12.0,30.0,0.0,20.801446767114574,40.31820504859131,19.0,30.0,0.0,18.546027364721785,39.40847921365594,10.0,30.0,0.0,16.449857828322508,45.130248913878208,16.0,30.0,0.0,17.495103469317589,42.21455662883219,16.0,30.0,0.0,20.04070720362193,0.0,0.0,0.0,17.948545336467207,0.0,0.0,512.7366017308767,504.9819211799356,553.8178494254916,545.914165902012,485.48327001544956,842.5139509993671,495.34093816609529,496.870959953345,496.43884607840047,8546.93576158444,82.35357789505102,82.35357789505102,1744.0,0.0,1744.0,1744.0,16.0,19.0,19.0,16.0,16.0,12.0,21.0,10.0,1.0,0.0,1908.4386612251859,0.0,0.0,0.0,0.0,0.0,0.0,0.0,0.0,0.0,0.0,82.35357789505102,82.35357789505102,0.34,0.7725037910889433,0.36028137401965956,82.35357789505102,0.3542647819438875,0.0,0.04640977777777778 
 03/28  17:10:00,10.258333333333335,63.83333333333333,4.198333333333333,76.66666666666666,124.66666666666666,0.0,4.0,0.0,0.0,0.0,0.0,0.0,0.0,0.0,0.0,1540.0,0.0,463.05237925707015,28.67839216147544,73.48749554433758,13.88448848022156,369.5581295390937,0.0,28.678392161475427,39.205536329983548,0.0,0.0,20.199063828013168,-209.60802948450874,21.27535956206333,-140.35084258776534,20.67299559126735,-211.59617651964755,19.80957480634521,-32.45607599966496,16.128752264332115,48.508935806678298,20.437783657076218,-308.50630141981449,17.97374615825094,235.87948915669586,16.128540655618499,118.95627214899287,17.26946902938832,147.17940871931843,741.9415232800238,275.30586890422776,0.0,0.0,0.0,0.0,0.0,0.0,0.0,0.0,0.0,0.0,0.0,0.0,0.0,0.0,0.0,0.0,0.0,0.0,0.0,0.0,0.0,0.0,0.9915778683420056,0.30267944699084428,455.68024002244496,539.4442765904935,9616.118812146233,0.163788980230366,0.024998318105977719,241.27283754158189,285.08951770824987,5286.318992109138,0.9824707414171244,0.18565206753913925,184.3208967236044,217.67822159806219,4166.431503260604,0.27336460488360139,0.05165619895759662,26.77245883932106,31.72989317423295,549.5918291038224,0.0,0.0,10.821848595351656,13.015632034304258,132.10990647552883,0.0,0.0,88.31931170950753,104.70645411039811,1793.0013789263158,0.0,0.0,300.2098147414367,357.8378245157869,5128.377904534519,0.0,0.0,39.01537932304504,46.87885243388567,491.51385950865349,0.0,0.0,152.97452262246879,183.0998289546169,2246.055888302837,29.99495531211509,20.57267168183477,409.0491028725261,485.5773095454681,8535.40596317585,0.0,0.0,184.43423359836477,220.31453682234003,2916.272933598266,283.5238615630394,20.802581665488164,34.48743766803767,21.0,30.0,0.0,21.267608868566187,33.527635255136789,16.0,30.0,1072.18090042285,21.572722394283369,32.897702016032187,21.5,30.0,0.0,20.412436797150695,38.87504028096096,19.0,30.0,0.0,16.255971021023386,45.717401039783499,12.0,30.0,0.0,20.379458136929889,36.57220376897262,16.0,30.0,0.0,18.728246627756819,40.22405178684074,10.0,30.0,0.0,16.45177617404074,45.21061032754687,16.0,30.0,0.0,17.505067483861827,42.365380634038398,16.0,30.0,0.0,19.97527219469226,0.0,0.0,0.0,18.05796422934533,0.0,0.0,517.6228865708217,518.4577206557008,516.930481603815,722.5185301072744,497.1364819999718,574.0747746047632,559.6501075867298,502.9087731428092,507.2888067243875,8445.747267992854,82.42048003846125,82.42048003846125,162.0,0.0,162.0,162.0,16.0,19.0,16.0,16.0,16.0,12.0,21.0,10.0,1.0,0.0,283.5238615630394,0.0,1072.18090042285,0.0,0.0,0.0,0.0,0.0,0.0,0.0,0.0,82.42048003846125,82.42048003846125,0.34,0.7698521274705557,0.36028137401965956,82.42048003846125,0.3542647819438875,0.0,0.004428 
 03/28  17:20:00,10.116666666666668,64.66666666666667,4.136666666666667,65.33333333333333,107.33333333333333,0.0,4.0,0.0,0.0,0.0,0.0,0.0,0.0,0.0,0.0,3080.0,0.0,392.0351683007216,24.46611324780265,62.69364174922596,11.755056352925033,312.8798803051894,0.0,24.46611324780264,33.44703170210326,0.0,0.0,20.845869864449548,-1286.0682128895415,21.123124593542227,107.84267333988078,20.57701813960354,-163.29596378114435,19.79446353310007,-26.418571400647069,16.15885907148924,46.5402969335762,20.20474982087122,-240.22944472200732,17.950042922010625,274.33922107497076,16.142574308235447,119.3779519732982,17.288109532462529,138.45508895499143,750.9642694072477,251.15976619108825,0.0,0.0,0.0,0.0,0.0,0.0,0.0,0.0,0.0,0.0,0.0,0.0,0.0,0.0,0.0,0.0,0.0,0.0,0.0,0.0,0.0,0.0,1.0522031822229619,0.3211853425589017,410.1695311941735,484.48913885463608,9528.716376497287,0.2224348425082619,0.03394915178697526,213.4681812982817,252.70158416182796,4685.865820606268,0.9608382861270536,0.1815643019892392,149.77817692834788,177.24800232741985,3365.528641046748,0.2800017012987809,0.052910374395083299,26.86345120207905,31.86133899572204,555.8846641083716,0.0,0.0,10.585053959253067,12.739340914785604,132.69930322627264,0.0,0.0,77.75596838893675,92.36240337763239,1557.6086344447488,0.0,0.0,283.8355535290026,338.81033862922097,4888.951649316209,0.0,0.0,38.55642123565658,46.37154828173173,497.4507369265556,0.0,0.0,141.7512114657317,169.86412477118066,2126.3802200057205,29.942707585296117,20.536836478255233,356.34865216275406,423.51954796378649,7602.348420439842,0.0,0.0,172.09249245172897,205.89593163614357,2738.645368418111,1817.0433411429158,21.757246018308594,32.659862601765308,22.0,30.0,0.0,21.101865557824035,33.94406213928902,16.0,30.0,0.0,21.28769382755186,33.553121209115349,21.0,30.0,0.0,20.352340100394156,40.86079698040969,19.0,30.0,0.0,16.276799334617068,46.05331334359954,12.0,30.0,0.0,20.1005703201653,36.75172747182738,16.0,30.0,0.0,18.658819055313818,39.89931478563533,10.0,30.0,0.0,16.461045609099008,45.88781109866474,16.0,30.0,0.0,17.52383408636164,43.066049468992229,16.0,30.0,0.0,19.950834410353239,0.0,0.0,0.0,17.972696445758556,0.0,0.0,526.6894105531635,523.2360827051152,522.6178264693456,832.4654458402266,516.5796249810995,550.114132598863,536.3662154843395,535.82595950123,544.3544653620039,10012.234060117482,81.3845963537259,83.18860697669413,162.0,0.0,162.0,162.0,16.0,19.0,16.0,16.0,16.0,12.0,21.0,10.0,1.0,0.0,1817.0433411429158,0.0,0.0,0.0,0.0,0.0,0.0,0.0,2730.0539160354248,1638032.3496212548,2120020.774210292,81.3845963537259,83.21924506597638,0.34600179720118087,0.769712906092463,0.36028137401965956,83.21924506597638,0.3542647819438875,2120020.774210292,0.1146780802589352 
 03/28  17:30:00,9.975000000000002,65.5,4.075,54.0,90.0,0.0,4.0,0.0,0.0,0.0,0.0,0.0,0.0,0.0,0.0,770.0,0.0,323.0418429352715,20.27070371666781,51.94302103870208,9.686310283001852,257.8168816599469,0.0,20.270703716667805,27.711588799100434,0.0,0.0,20.990462957368317,-1537.1772785987815,21.158953789461969,107.75068976255898,20.260812622681244,130.4875603069304,19.770907381779666,-38.124099465574548,16.19503829235456,45.77010121293557,19.98128574918291,-171.47117473418985,18.014929943834745,221.02628409914724,16.16082883051676,120.5465559431268,17.301409557401305,141.53275860648683,755.2307156362349,302.54549484408019,0.0,0.0,0.0,0.0,0.0,0.0,0.0,0.0,0.0,0.0,0.0,0.0,0.0,0.0,0.0,0.0,0.0,0.0,0.0,0.0,0.0,0.0,1.0109819353473393,0.3086025443673197,399.28252750401409,469.9143745313922,9494.916498228591,0.20098351040047258,0.030675138950011079,162.96885564228925,192.22078789270433,3667.7427485351038,1.1656017836093698,0.2202573287243708,173.23053003223999,204.48732019312195,3841.5417212666727,0.26742039186936025,0.050532953867981889,23.750136258297798,28.059147250424457,495.551266879586,0.0,0.0,10.3470353414642,12.411692579458194,133.46204285231813,0.0,0.0,70.90811103431706,84.03620228887343,1401.952018942617,0.0,0.0,284.3364070030039,338.2527631500488,5013.529845593168,0.0,0.0,39.33771258324696,47.157854482445127,520.5203262346847,0.0,0.0,146.02368489373988,174.4161353620846,2236.988606514276,29.66631719896575,20.347268312047846,343.2868254015091,406.60488534707437,7485.434206105322,0.0,0.0,177.1917073302024,211.37400317126325,2849.0197659432458,1911.8635853239687,21.888762913430957,32.507612716726928,22.0,30.0,0.0,21.240040269367083,33.811981615480799,16.0,30.0,193.52908231499834,21.005459690140318,34.30247248926118,21.0,30.0,0.0,20.27876444670882,42.69409066234096,19.0,30.0,0.0,16.31134281808028,46.182195924946118,12.0,30.0,0.0,19.81696693213829,37.20928036153498,16.0,30.0,0.0,18.71685831905834,39.80085023782391,10.0,30.0,0.0,16.479483536605576,45.90979035226777,16.0,30.0,0.0,17.53647302768738,42.928652233953979,16.0,30.0,0.0,20.00057245203215,0.0,0.0,0.0,17.909313162909244,0.0,0.0,533.9252003951813,532.568667370305,532.3872928311438,932.6479313051872,529.8011321444028,541.782770762499,540.0415538542147,541.4857034965176,541.5305753891186,8745.541205742093,82.22226339357285,82.22226339357285,162.0,0.0,162.0,162.0,16.0,19.0,16.0,16.0,16.0,12.0,21.0,10.0,1.0,0.0,1911.8635853239687,0.0,193.52908231499834,0.0,0.0,0.0,0.0,0.0,0.0,0.0,0.0,82.22226339357285,82.22226339357285,0.34,0.7720912071630411,0.36028137401965956,82.22226339357285,0.3542647819438875,0.0,0.004445999999999999 
 03/28  17:40:00,9.833333333333334,66.33333333333333,4.013333333333334,45.833333333333339,75.0,0.0,4.0,0.0,0.0,0.0,0.0,0.0,0.0,0.0,0.0,3080.0,0.0,274.6140661629658,17.08423043506879,43.777773913368587,8.234215926946576,219.16706897067389,0.0,17.08423043506878,23.35543824146662,0.0,0.0,20.953813739958187,-1091.9743661386584,21.16128924346745,212.63570792749602,20.76011614054648,-358.9899956810531,19.786375624556688,-4.263055299942124,16.222258227988413,43.64961420657818,19.86978503832006,-144.94276267801093,18.044824620648627,226.3524714336413,16.167483440379145,108.01548970409334,17.30139623143645,109.41750985127487,749.7587763659158,328.6538008879659,0.0,0.0,0.0,0.0,0.0,0.0,0.0,0.0,0.0,0.0,0.0,0.0,0.0,0.0,0.0,0.0,0.0,0.0,0.0,0.0,0.0,0.0,1.0883770663480115,0.3322274317301622,369.0493409969772,436.167979807295,8712.766594147863,0.24336324175335487,0.037143351915957707,224.83280947431326,265.9278637757583,5152.386394312391,1.0792918643046413,0.20394782016338659,144.09507852590597,170.2717056284664,3517.563446971593,0.316000242686695,0.059712819857652098,31.918474616975549,37.842391897949749,674.6329900850135,0.0,0.0,10.168994209066696,12.236918343146968,134.33855503718676,0.0,0.0,65.10701224821857,77.43775776391567,1294.2989144888232,0.0,0.0,279.83274017768636,333.95271786024878,5021.904545759166,0.0,0.0,38.88646034789867,46.76949019116599,525.107544533175,0.0,0.0,146.00540751110828,174.96756709898893,2273.0149330832748,29.87945144780109,20.493450924417766,316.5460301300081,376.2787340295853,7025.223573357675,0.0,0.0,176.57562477284848,211.38249408388047,2859.026196672227,1149.7511502283476,21.673102843368505,33.25012895101272,21.75,30.0,0.0,21.31107540589106,33.81607254995459,21.0,30.0,1142.4411927444406,21.860888130243823,32.726895137725758,21.5,30.0,0.0,20.28901106530868,42.32794113074071,19.0,30.0,0.0,16.326830184337667,46.17615469821353,12.0,30.0,0.0,19.73047323695006,37.37027050094938,16.0,30.0,0.0,18.73573879286453,39.76186105820492,10.0,30.0,0.0,16.4746817223447,45.88791764668494,16.0,30.0,0.0,17.52109120069181,42.925859230385,16.0,30.0,0.0,19.941119395503216,0.0,0.0,0.0,17.8248863582226,0.0,0.0,552.641072804592,542.0212235265883,543.2287043643828,914.4134122420793,532.6792079571183,540.5888434488838,542.1099031202307,541.1180567603096,540.8788289866159,5811.984720705489,82.68928303730428,82.68928303730428,162.0,0.0,162.0,162.0,21.0,19.0,16.0,16.0,16.0,12.0,21.0,10.0,1.0,0.0,1149.7511502283476,0.0,1142.4411927444406,0.0,0.0,0.0,0.0,0.0,0.0,0.0,0.0,82.68928303730428,82.68928303730428,0.255,0.5778341458549018,0.27021103051474468,82.68928303730428,0.2656985864579156,0.0,0.004455 
 03/28  17:50:00,9.691666666666667,67.16666666666667,3.9516666666666668,37.66666666666667,60.00000000000001,0.0,4.0,0.0,0.0,0.0,0.0,0.0,0.0,0.0,0.0,1542.0,0.0,230.57866748593745,13.929907518751025,35.69491586413762,6.913825531411044,184.0227734049218,0.0,13.929907518751018,19.043239670644323,0.0,0.0,20.83709462716954,-378.90282600701905,21.065908702911864,-170.01291977072106,20.235397798415705,-192.35248223998543,19.80937170478411,-19.384130069221727,16.252944395848567,40.02524029675433,19.74710247228809,-125.17831253028271,17.999565219701269,156.677602310152,16.16785631079521,102.35239713744181,17.289609314946433,99.22024588738805,615.5971985505285,360.59426797698827,0.0,0.0,0.0,0.0,0.0,0.0,0.0,0.0,0.0,0.0,0.0,0.0,0.0,0.0,0.0,0.0,0.0,0.0,0.0,0.0,0.0,0.0,1.0512992341841705,0.3209094121441302,243.2321469038388,287.2859599080042,5759.225278309881,0.2022244932078468,0.030864544140391759,177.3343298166654,209.6945970687398,4069.5366222826626,1.1869817941433226,0.22429739118354553,156.92199603654587,185.67809895170098,3546.283754425084,0.2815801049097156,0.053208636604254639,25.818148897335015,30.60254700166552,554.6029291497755,0.0,0.0,9.621781100564526,11.566019045499278,130.33418743903725,0.0,0.0,61.96108222880041,73.65050318772296,1234.8420864128544,0.0,0.0,273.06829172953737,325.6796903419351,4915.84342849319,0.0,0.0,38.42390830561716,46.16670418441099,529.0361810367072,0.0,0.0,145.6374650217436,174.3676476619691,2301.164436398124,29.38156699956433,20.15196639201944,195.27755980874924,232.29402342612,4388.013111319273,0.0,0.0,175.98363133905384,210.53706629209135,2862.5964295765309,936.0837392724923,21.56792510624453,33.476764480439147,21.5,30.0,28.461798785690087,21.162434173349327,34.449245742928898,21.0,30.0,268.2741221000961,20.923219004295669,34.83700244636006,21.0,30.0,0.0,20.307258622317286,42.27561379841565,19.0,30.0,0.0,16.349903828847546,46.157604005783287,12.0,30.0,0.0,19.607644634692066,37.661540200310529,16.0,30.0,0.0,18.615619811076777,40.083330236698369,10.0,30.0,0.0,16.46216577170545,45.887751755698477,16.0,30.0,0.0,17.492313888930945,42.98587811336439,16.0,30.0,0.0,19.40294261763829,0.0,0.0,0.0,17.715762079744598,0.0,0.0,552.6827825612929,561.7700900881864,554.1863653676169,915.7538112695518,536.5858169292744,542.0604704541385,543.6946443967697,540.8529765830034,541.1347294487748,9811.393276176583,81.51745364927018,81.51745364927018,162.0,0.0,162.0,162.0,21.0,19.0,16.0,16.0,16.0,12.0,21.0,10.0,1.0,0.0,936.0837392724923,28.461798785690087,268.2741221000961,0.0,0.0,0.0,0.0,0.0,0.0,0.0,0.0,81.51745364927018,81.51745364927018,0.34,0.7723057719773679,0.36028137401965956,81.51745364927018,0.3542647819438875,0.0,0.0044009999999999999 
 03/28  18:00:00,9.55,68.0,3.89,29.5,45.0,0.0,4.0,0.0,0.0,0.0,0.0,0.0,0.0,0.0,0.0,3855.0,0.0,170.9037991932211,10.815348653724149,27.713956598588255,5.124494698517044,136.39679958707135,0.0,10.815348653724144,14.785401572638437,0.0,0.0,20.777126081526345,-6.325469048145138,21.476233613644447,-652.9823679206031,20.68146660985166,-543.4020221323415,19.82158754553039,-3.677651049147448,16.27581266933486,35.71196162548961,19.6346768361514,-131.82796407202634,17.960504017866268,169.1173714911347,16.160537867313246,85.64567718469485,17.265627413596645,56.22739028086944,727.3909138458541,344.3820450001143,0.0,0.0,0.0,0.0,0.0,0.0,0.0,0.0,0.0,0.0,0.0,0.0,0.0,0.0,0.0,0.0,0.0,0.0,0.0,0.0,0.0,0.0,1.0925462255788859,0.3335000688580238,382.2041366386403,452.4867611047888,8929.111371916406,0.17384930221334073,0.02653377628408741,203.43596016948184,240.13243106849243,4979.363304992816,1.1377127798186564,0.21498729777374477,168.71614487799838,199.51483678248176,4147.0605761471929,0.29499675328005656,0.05574390651550575,29.03998456893423,34.4391163802966,632.1592349270355,0.0,0.0,9.412532591464198,11.328347043432647,130.38822761413997,0.0,0.0,61.75863912668224,73.52838372974878,1236.2944397757379,0.0,0.0,263.2812352818872,314.5117257226665,4765.999946711451,0.0,0.0,36.99138248145735,44.50800100103156,517.9661386807979,0.0,0.0,137.4308147472623,164.7846660936141,2197.0797995444606,29.429038305912539,20.184525587045646,337.4355085817235,401.1459344818471,7678.980004541259,0.0,0.0,166.12098793783376,199.11953978768873,2691.2729637884756,0.0,21.233817871221804,34.37996427018162,21.0,30.0,1391.2954913072034,21.811798711867377,33.26462466931873,21.8,30.0,1118.5128384190667,21.645219430044994,33.562584790269458,21.4,30.0,0.0,20.317340848368035,42.69088009343394,19.0,30.0,0.0,16.360900911802998,46.16400005772521,12.000000000000002,30.0,0.0,19.508806221903986,37.926514631050569,16.0,30.0,0.0,18.523199715688379,40.389519303863398,10.0,30.0,0.0,16.436411700020864,45.99206339928693,16.0,30.0,0.0,17.442747048937,43.16098065069104,16.0,30.0,0.0,19.982442273438964,0.0,0.0,0.0,17.5378643628954,0.0,0.0,566.3000332592808,571.5022614188679,567.8889295409916,942.441248698116,539.3432658687123,544.648782120253,548.4232837038526,543.1134611208389,544.0843140677,7430.0436750316189,82.09613105078836,85.06365623580094,162.0,0.0,162.0,162.0,21.0,19.0,16.0,16.0,16.0,12.0,21.0,10.0,1.0,0.0,0.0,1391.2954913072034,1118.5128384190667,0.0,0.0,0.0,0.0,0.0,4490.673481102751,2694404.08866165,3521267.130752906,82.09613105078836,85.11405466494998,0.2856891160367584,0.6123756433320045,0.28822509921572767,85.11405466494998,0.28341182555511,3521267.130752906,0.18745289079915113 
 03/28  18:10:00,9.3,69.16666666666667,3.875,21.33333333333333,29.999999999999994,0.0,0.0,0.0,0.0,0.0,0.0,4.0,0.0,0.0,0.0,2316.0,0.0,113.11592348438734,7.756940744113297,19.876886680675779,3.3917451765968247,90.27682267821554,0.0,7.756940744113293,10.604326087757127,0.0,0.0,20.953646194911884,-605.0860981790289,21.36376611533247,-75.03067321834974,20.780042574077006,-1219.3825388872465,19.917750670892205,580.6154617494274,16.297329223441485,34.32776143554959,19.506420721185834,-119.94352292427766,17.96214234319408,199.98820200506879,16.143123280942043,79.1974615431418,17.22446623723249,43.62598058436955,682.3538729186233,374.2392888584718,0.0,0.0,0.0,0.0,0.0,0.0,0.0,0.0,0.0,0.0,0.0,0.0,0.0,0.0,0.0,0.0,0.0,0.0,0.0,0.0,0.0,0.0,1.1035158871265476,0.33684856139394017,175.92620844092736,207.73199980754277,4376.750670075585,0.1479669886163154,0.02258348422104936,18.250671408738435,21.55100724507996,454.969352478588,1.296601775710668,0.24501167341471437,359.9624154790402,425.1953311413997,8869.756139601432,0.3040048492714426,0.057446116642373878,327.3547986866006,387.823241137282,7423.261410461531,0.0,0.0,9.473871018811904,11.394828527846018,136.28102155191676,0.0,0.0,60.600918026026537,72.1408565121279,1229.307124432802,0.0,0.0,264.96522095760766,316.340704498351,4928.264939418335,0.0,0.0,37.23951760992225,44.78821454634786,537.5324235556903,0.0,0.0,137.9081194099818,165.30780520435739,2255.493988250473,29.619571453042125,20.315206757916419,362.88658808824177,431.5135348158384,8079.896506082664,0.0,0.0,166.7080327088784,199.81248502962394,2738.9212581049548,1149.245730640631,21.719847768372487,34.34098437137209,21.666666666666666,30.0,0.0,21.718928467609705,36.77035627068259,21.0,30.0,2126.443123998789,21.686091866635203,34.33484875808806,21.666666666666666,30.0,0.0,20.592101682640608,36.57375872326858,16.0,30.0,0.0,16.372341395132844,46.18824099329391,12.0,30.0,0.0,19.38656717423553,38.27496827608694,16.0,30.0,0.0,18.517629480176067,40.83291467861932,10.0,30.0,0.0,16.397638002296067,46.16391995510617,16.0,30.0,0.0,17.37203408644082,43.412093675049067,16.0,30.0,0.0,19.529427625500327,0.0,0.0,0.0,17.396191248352044,0.0,0.0,628.3632860040758,761.0327877580444,623.4532287456982,614.9901057022826,542.9303508827409,548.482731041245,571.4476787924539,546.4857838620978,547.4791576239636,9236.123488932972,81.89781935062627,84.16481820959818,240.0,0.0,240.0,240.0,21.0,16.0,16.0,16.0,16.0,12.0,21.0,10.0,1.0,0.0,1149.245730640631,0.0,2126.443123998789,0.0,0.0,0.0,0.0,0.0,3430.912340181244,2058547.4041087463,2672895.94909412,81.89781935062627,84.20331937614324,0.34103041133937486,0.7714141287110331,0.36028137401965956,84.20331937614324,0.3542647819438875,2672895.94909412,0.14535058935289425 
 03/28  18:20:00,9.05,70.33333333333334,3.8600000000000005,13.166666666666665,14.999999999999997,0.0,0.0,0.0,0.0,0.0,0.0,4.0,0.0,0.0,0.0,3090.0,0.0,60.09353510837903,4.79418442833455,12.284924296663338,1.8018871185113954,47.96013744681285,0.0,4.794184428334548,6.554013583446358,0.0,0.0,20.79598142284142,-358.2633793509931,21.33751198495979,-123.79449923951458,20.916035108152067,-1466.1991404714557,20.049304812617526,375.1150240790182,16.317947732051758,31.7882818220193,19.395614091967528,-92.20789273625275,17.965063852708498,104.6943928978003,16.129213253469407,74.18839986562159,17.188455997204345,35.58730852902477,691.5642425775645,430.9528630122104,0.0,0.0,0.0,0.0,0.0,0.0,0.0,0.0,0.0,0.0,0.0,0.0,0.0,0.0,0.0,0.0,0.0,0.0,0.0,0.0,0.0,0.0,1.2138882043103754,0.370539744905487,167.97744818277639,198.4225633169903,4205.242055057421,0.1048989832391775,0.016010223327102795,24.342419708742349,28.715041062168817,617.0853995927153,1.484206887311052,0.2804623747753312,322.07272163030458,380.3156521791186,8131.198868748208,0.2861474687947167,0.054071706121450607,275.0797845458362,325.9791470163532,6468.581596507927,0.0,0.0,8.978844553586028,10.805073895809678,133.91183801039964,0.0,0.0,55.96706627665957,66.67178107925627,1153.7460983417644,0.0,0.0,265.90980199893206,317.6661237484174,5059.641423588509,0.0,0.0,37.34891142625115,44.946695523970848,555.835193831245,0.0,0.0,145.7341647688378,174.8027632499814,2440.892125523343,29.82360203562915,20.455145429100936,328.3977686413997,390.4446989218859,7628.048655430175,0.0,0.0,175.25717711269244,210.2105294819981,2940.01975613317,583.4225537250308,21.34326386883316,35.30272246531545,21.25,30.0,0.0,21.724002180191897,39.498105858928138,21.0,30.0,1926.9342188020006,21.598024834935154,34.41663425623875,21.5,30.0,0.0,20.781859202982319,36.35883026169175,16.0,30.0,0.0,16.383764964002116,46.30064344114066,12.0,30.0,0.0,19.297212900137916,38.82082782611957,16.0,30.0,0.0,18.47828726339344,41.05731557537037,10.0,30.0,0.0,16.36731662047267,46.4570536326045,16.0,30.0,0.0,17.314869710021566,43.83865318786691,16.0,30.0,0.0,19.4811351742857,0.0,0.0,0.0,17.31391974818838,0.0,0.0,632.5706247057975,914.0934705271104,614.4184792300148,625.5925515684722,550.2290243118008,566.614796419094,577.1154428378152,556.258131777643,560.9730354802173,7251.499595160188,81.30624565060474,83.32228838925835,240.0,0.0,240.0,240.0,21.0,16.0,16.0,16.0,16.0,12.0,21.0,10.0,1.0,0.0,583.4225537250308,0.0,1926.9342188020006,0.0,0.0,0.0,0.0,0.0,3050.5222528317897,1830313.3516990739,2371693.4915189037,81.30624565060474,83.35652748776328,0.27168407509439299,0.5403587501338191,0.27021103051474468,83.35652748776328,0.2656985864579156,2371693.4915189037,0.12975472822564966 
 03/28  18:30:00,8.8,71.5,3.8449999999999999,0.0,0.0,0.0,0.0,0.0,0.0,0.0,0.0,4.0,0.0,0.0,0.0,3094.0,0.0,0.0,0.0,0.0,0.0,0.0,0.0,0.0,0.0,0.0,0.0,20.780093986401753,-317.8687164161952,21.279506566010846,-118.8915487140776,21.01576404869097,-1346.8502515200156,20.02421275923715,338.86972095621538,16.336323599861193,30.39310040269696,19.287963759211864,-85.345508436258,17.90439793436536,133.1306264682089,16.11157989192199,64.06012325865857,17.14621332437431,10.900865819795854,741.478916577292,458.52368609910016,0.0,0.0,0.0,0.0,0.0,0.0,0.0,0.0,0.0,0.0,0.0,0.0,0.0,0.0,0.0,0.0,0.0,0.0,0.0,0.0,0.0,0.0,1.2512114943825657,0.38193269059296877,262.0926770858116,310.164240233946,6569.414102688587,0.0925549043165487,0.014126206397519643,27.26528626426504,32.1756885649246,702.2008959070853,1.6554667683981615,0.3128244082385038,393.6937281959232,465.098814262485,10106.933538530811,0.28695892106869089,0.05422504177412902,223.0503506424736,264.0941471426843,5340.688037619373,0.0,0.0,8.99894097839258,10.829408879129064,138.96037408425983,0.0,0.0,54.458198937029418,64.88290789103508,1141.0980497557508,0.0,0.0,264.76142683876426,316.4330047990959,5113.686383745364,0.0,0.0,37.14519460598001,44.710184609099687,569.0560370632237,0.0,0.0,146.39166221436427,175.65111312548965,2507.1394591411528,30.057229072602057,20.615383451716096,388.96291433999826,462.2664766930033,9285.298120009167,0.0,0.0,175.85959973470103,211.05300877660839,2994.516178985435,559.0829900298501,21.27541920136769,35.519124898954299,21.25,30.0,0.0,21.683500137056588,40.441555347383019,21.0,30.0,1847.3839005266366,21.701472235634193,34.13620766637327,21.5,30.0,0.0,20.724622387362524,36.49818344847992,16.0,30.0,0.0,16.39365633449989,46.53972016881077,12.0,30.0,0.0,19.2137410031901,39.483470271724019,16.0,30.0,0.0,18.366356583991178,41.712121937684759,10.0,30.0,0.0,16.331359510473435,47.04499360948552,16.0,30.0,0.0,17.248370039680034,44.509580083851577,16.0,30.0,0.0,19.711596831264424,0.0,0.0,0.0,17.180963613410954,0.0,0.0,633.0465708564241,958.7199495786256,606.2795069496544,621.491838973583,562.5593713470801,590.170115064474,594.4167485120265,577.6537726597501,583.5254606078397,7783.270501568097,80.72703400108834,82.81827282390182,240.0,0.0,240.0,240.0,21.0,16.0,16.0,16.0,16.0,12.0,21.0,10.0,1.0,0.0,559.0829900298501,0.0,1847.3839005266366,0.0,0.0,0.0,0.0,0.0,3164.118831147169,1898471.2986883017,2457460.8066671874,80.72703400108834,82.85378900154965,0.27547062770490568,0.5412401422654647,0.27021103051474468,82.85378900154965,0.2656985864579156,2457460.8066671874,0.13428129528002709 
 03/28  18:40:00,8.55,72.66666666666667,3.83,0.0,0.0,0.0,0.0,0.0,0.0,0.0,0.0,4.0,0.0,0.0,0.0,6966.0,0.0,0.0,0.0,0.0,0.0,0.0,0.0,0.0,0.0,0.0,0.0,20.917492789091385,-519.3509392480827,21.241811479893543,-113.8616457353588,20.821023229744278,-889.9056443366517,20.038988863707219,316.1242850473376,16.355805596394825,28.595507058606367,19.190174826431816,-89.99441595562097,17.91723014458988,187.69783130101613,17.11976047890265,-15.580725700466541,17.10138111418309,-12.62896851836077,688.438269329228,468.46800395450239,0.0,0.0,0.0,0.0,0.0,0.0,0.0,0.0,0.0,0.0,0.0,0.0,0.0,0.0,0.0,0.0,0.0,0.0,0.0,0.0,0.0,0.0,1.1999055101420835,0.3662715232423951,150.35994461017794,177.9179562444592,3918.2497683689728,0.10843962743985529,0.016550614688622638,23.722327714165176,28.026536466951428,622.0433597615437,1.7892360362315186,0.3381020476627973,273.275737113608,323.2642356946023,7132.486096095094,0.29659493726984395,0.05604590651357605,265.5736088716642,314.97300898337178,6482.999671687145,0.0,0.0,9.067750108269865,10.918054589242538,144.77872951175278,0.0,0.0,54.495237728957267,65.0049012617887,1159.3592797403538,0.0,0.0,258.3099187050706,308.8910419364927,5127.757319350568,0.0,0.0,21.0356215725231,25.244751106470046,385.8418204828084,0.0,0.0,153.56123313183208,184.3676640924587,2686.0022591329745,30.261208601565487,20.755287106697915,279.88461559098479,333.3720786391654,6830.353923605669,0.0,0.0,167.39241831932015,201.1203939413755,2877.383257088582,773.086156646782,21.511801842212159,35.095961671225648,21.444444444444487,30.000000000000065,0.0,21.650847889663497,41.0619514317635,21.000000000000044,30.000000000000065,1239.2857116273299,21.465293375519303,34.692944630589227,21.333333333333376,30.000000000000065,0.0,20.74431075859955,36.389848147759227,16.000000000000033,30.000000000000065,0.0,16.40247511538808,46.7871961629895,12.000000000000029,30.000000000000065,0.0,19.11810618085659,39.956630093006108,19.000000000000044,30.000000000000065,0.0,18.38526653055542,41.935128021534399,10.000000000000022,30.000000000000065,1333.0542274272132,17.88055521630008,42.93044688245059,20.700000000000047,30.000000000000065,0.0,17.178880469616467,44.99297350582631,16.000000000000033,30.000000000000065,0.0,19.467708227034256,0.0,0.0,0.0,17.009974147753007,0.0,0.0,635.451693895597,986.9686087900063,607.4155714787935,615.2677911434702,574.5365619927115,601.770981667299,606.4347948957739,588.5505108706367,595.8558643545159,10163.085688605177,81.28481302589599,83.70267219698279,240.0000000000005,0.0,240.0000000000005,240.0000000000005,21.0,16.0,19.0,16.0,19.7,12.0,21.0,10.0,1.0,0.0,773.086156646782,0.0,1239.2857116273299,0.0,0.0,0.0,1333.0542274272132,0.0,3658.984976571594,2195390.9859429497,2863127.620552061,81.28481302589599,83.74373547244943,0.34863283255238688,0.7689445532525344,0.36028137401966039,83.74373547244943,0.3542647819438883,2863127.620552061,0.1554426362687072 
 03/28  18:50:00,8.3,73.83333333333333,3.8149999999999997,0.0,0.0,0.0,0.0,0.0,0.0,0.0,0.0,4.0,0.0,0.0,0.0,4644.0,0.0,0.0,0.0,0.0,0.0,0.0,0.0,0.0,0.0,0.0,0.0,20.905884983492919,-427.044478099047,21.20601081672495,-125.5218620486404,20.937981152572215,-1055.6369364198252,20.008488289606903,315.2417851338693,16.378611852182617,27.530379991099616,19.10063765745763,-76.66325740101729,17.922241081475037,103.18582076775071,18.325176166351608,-115.48845166184636,17.049394652882684,-13.186449613272526,709.4994668764492,569.0757016580629,0.0,0.0,0.0,0.0,0.0,0.0,0.0,0.0,0.0,0.0,0.0,0.0,0.0,0.0,0.0,0.0,0.0,0.0,0.0,0.0,0.0,0.0,1.2237536091184516,0.37355116273456959,130.94423404716418,154.8992440647507,3466.1641532093797,0.09497520982827852,0.014495605895646885,25.621188031951559,30.25837885575897,682.4959093325748,1.763614910206487,0.33326056504279769,271.19067194812666,320.6338668731081,7212.185165179011,0.29463632966261796,0.05567579925597458,265.6719086760289,315.11150581447017,6592.143522871412,0.0,0.0,8.90790616052363,10.723280758445535,147.0404115780521,0.0,0.0,51.84726585328521,61.84795380805151,1120.4994007584608,0.0,0.0,255.48514883309316,305.47368914390929,5189.2612522846679,0.0,0.0,28.750675738715203,34.15867495129353,676.2635596850498,0.0,0.0,172.89305807297576,207.6090651818006,3085.1956496053046,30.379728477682453,20.836576459315788,278.9890011998076,332.2500754710344,6923.398697979743,0.0,0.0,177.44015737254137,213.15169674868774,3133.118263440144,668.6910155707163,21.388830489291608,35.60725067077755,21.333333333333305,29.999999999999959,0.0,21.617214487056886,41.615398363623828,20.99999999999997,29.999999999999959,1414.7693328210167,21.475750629752765,34.662716732933059,21.333333333333305,29.999999999999959,0.0,20.68956450318832,36.55087546140173,15.999999999999977,29.999999999999959,0.0,16.418608315189265,47.042982524505259,11.999999999999983,29.999999999999959,0.0,19.03205699814134,40.3762355712867,18.99999999999997,29.999999999999959,0.0,18.36120424162859,42.21859258334546,9.999999999999986,29.999999999999959,1266.6804988455047,19.90620858332593,38.04019692237293,20.69999999999997,29.999999999999959,0.0,17.09930737594929,45.48742776447533,15.999999999999977,29.999999999999959,0.0,19.37394573502366,0.0,0.0,0.0,16.988734241099786,0.0,0.0,647.2705253398722,1011.8300604933794,605.0878191199829,615.4342483656449,587.2877190800074,611.0819116235774,615.7621008361466,600.5623766234413,606.6632098514709,9980.194072940041,81.40579806327853,83.73558630980654,239.99999999999967,0.0,239.99999999999967,239.99999999999967,21.0,16.0,19.0,16.0,19.7,12.0,21.0,10.0,1.0,0.0,668.6910155707163,0.0,1414.7693328210167,0.0,0.0,0.0,1266.6804988455047,0.0,3525.8410484932207,2115504.6290959354,2739258.9877236268,81.40579806327853,83.77515384859876,0.3441947016164404,0.769429824187237,0.360281374019659,83.77515384859876,0.354264781943887,2739258.9877236268,0.1490281340282953 
 03/28  19:00:00,8.05,75.0,3.8,0.0,0.0,0.0,0.0,0.0,0.0,0.0,0.0,4.0,0.0,0.0,0.0,1548.0,0.0,0.0,0.0,0.0,0.0,0.0,0.0,0.0,0.0,0.0,0.0,20.639964095420376,-451.7229488191024,21.1684550310787,-119.69900723764391,20.51037966330895,-467.4103045417355,19.96640997041898,239.3351745582272,16.403271921140985,26.547245897825009,19.42857396427683,-132.70626538203727,17.87273962246497,112.09006948658862,18.84897427052543,-198.42607848400895,17.009757283128708,-7.604201960102728,673.516194333587,643.2488806065435,0.0,0.0,0.0,0.0,0.0,0.0,0.0,0.0,0.0,0.0,0.0,0.0,0.0,0.0,0.0,0.0,0.0,0.0,0.0,0.0,0.0,0.0,1.238769639559913,0.37813481061047418,140.9126299993138,166.60489295151846,3687.054237241693,0.09283297563052745,0.014168647074256327,26.06012690256683,30.724841781955896,705.3524081547158,1.8953898753760684,0.35816135211187996,226.7738270448996,268.4433838199573,5921.675318461573,0.2919941922930679,0.055176529155908499,242.39172714220659,287.3031061706564,6104.496417304007,0.0,0.0,8.885636823213737,10.680564270509631,151.58344006190726,0.0,0.0,51.627945091940777,61.39908155892374,1190.0118707354027,0.0,0.0,255.47640510793424,305.12829209370036,5270.750445537964,0.0,0.0,38.32598671791433,45.379839164857049,971.8840228854595,0.0,0.0,178.24646714959958,213.78359317435503,3252.291170559406,30.505256138074594,20.92267224833649,239.9348969744413,285.70366675747189,6103.146705357814,0.0,0.0,182.41906869523195,218.83407627098934,3309.68584695164,302.2718453707185,21.054781284687445,36.32478291017117,21.0,30.0,0.0,21.576699333367594,41.80316985160866,21.0,30.0,274.2672787655689,21.013426507943288,35.88035265424989,21.0,30.0,0.0,20.60875058373734,36.71734919792189,16.0,30.0,0.0,16.43923761180018,47.26212811669935,12.0,30.0,798.9065707601166,19.515546031383367,39.344443075505377,19.5,30.0,0.0,18.263747251344179,42.575145550933388,10.0,30.0,950.8136437141714,20.71543842837688,36.406108310692207,20.7,30.0,0.0,17.042947461445857,45.77952475998124,16.0,30.0,0.0,19.258405900700376,0.0,0.0,0.0,16.976203264219543,0.0,0.0,646.2020710568,1016.2336300565905,617.0117172181784,613.6838182086674,598.7714760471729,617.6395048474333,619.8100710599454,612.253217931775,611.6912915699788,10854.481602074693,80.82750421244944,84.67339468041499,240.0,0.0,240.0,240.0,21.0,16.0,19.0,16.0,19.7,12.0,21.0,10.0,1.0,0.0,302.2718453707185,0.0,274.2672787655689,0.0,798.9065707601166,0.0,950.8136437141714,0.0,5819.678972165138,3491807.3832990827,4521541.464777704,80.82750421244944,84.7387106680412,0.36398929907217128,0.7723344099973128,0.36028137401965956,84.7387106680412,0.3542647819438875,4521541.464777704,0.241733489501774 
 03/28  19:10:00,7.936666666666667,75.66666666666667,3.8183333333333335,0.0,0.0,0.0,0.0,1.0,2.0,0.0,0.0,4.0,0.0,0.0,0.0,3096.0,0.0,0.0,0.0,0.0,0.0,0.0,0.0,0.0,0.0,0.0,0.0,21.03088554554035,-613.9715420740706,21.144046729617537,-89.43514566187523,21.075383205949735,-1241.1450497715424,20.022893590402476,541.8029344737515,16.426672145726064,28.10920645466851,19.656027648484505,-54.50013237767017,17.86083345246,156.25884726101254,18.56498244232774,-146.2889576263027,16.979944471250918,-16.29799149165251,778.484507370458,639.6453671534437,0.0,0.0,0.0,0.0,0.0,0.0,0.0,0.0,0.0,0.0,0.0,0.0,0.0,0.0,0.0,0.0,0.0,0.0,0.0,0.0,0.0,0.0,1.2120435971667616,0.369976678011832,190.91995635353343,225.53210290745109,5244.851906722862,0.15765805392329425,0.024062584542627328,19.289954300146765,22.797551140152036,528.1019939200625,1.7837208722341745,0.3370598775952712,340.5929633363639,402.4046577709801,9452.814033359726,0.32820376442059426,0.0620188519313292,320.53689372498999,379.947462127185,8242.392506559805,0.0,0.0,9.802061158402236,11.792278411623688,169.83647165441659,0.0,0.0,13.005445449086889,15.455190657427455,313.43304127409837,0.0,0.0,216.41511105288178,258.75427357062696,4509.218153617993,0.0,0.0,37.16729783880787,44.191556662129929,898.3819281165169,0.0,0.0,175.54841908496105,210.81624519719433,3229.4649303792104,30.98711802306656,21.25316736835842,344.7124056332705,410.27484774946717,8803.596254045167,0.0,0.0,179.4245174434701,215.5788915561998,3253.918615689254,979.6262105005277,21.714672536015429,34.675990636655189,21.75,30.0,0.0,21.56038500943547,42.30419745796829,21.0,30.0,1879.1932321531586,21.784939248067638,34.18568268259576,21.5,30.0,0.0,20.758597248750474,36.46554899705699,16.0,30.0,0.0,16.458540484826466,47.38669802101804,12.0,30.0,0.0,19.945262097666779,39.96687118785481,19.0,30.0,0.0,18.250385721855968,42.71299961561413,10.0,30.0,378.39951772074576,19.967071837700148,39.115775606957217,19.95,30.0,0.0,17.003807234280058,46.09353340667015,16.0,30.0,0.0,19.524445240063814,0.0,0.0,0.0,16.856366540019939,0.0,0.0,633.3892283890334,1042.6502893209789,613.4794353611229,617.277058877822,606.0850876766375,717.0720336288543,623.7742318826564,666.1177334228121,619.8203721084623,8016.124817269234,82.70446716631415,82.70446716631416,270.0,0.0,270.0,270.0,21.0,16.0,19.0,16.0,19.7,12.0,21.0,10.0,1.0,0.0,979.6262105005277,0.0,1879.1932321531586,0.0,0.0,0.0,378.39951772074576,0.0,0.0,0.0,0.0,82.70446716631415,82.70446716631415,0.34,0.7706099095867468,0.36028137401965956,82.70446716631415,0.3542647819438875,0.0,0.007470000000000001 
 03/28  19:20:00,7.823333333333334,76.33333333333334,3.836666666666667,0.0,0.0,0.0,0.0,1.0,2.0,0.0,0.0,4.0,0.0,0.0,0.0,2322.0,0.0,0.0,0.0,0.0,0.0,0.0,0.0,0.0,0.0,0.0,0.0,20.990773977272398,-958.9085160623678,21.129848134218898,-111.96294307777082,20.743082404078437,-275.0912434791867,20.008970656660119,139.32964425702745,16.452599266830704,26.309135175795299,19.566415798156677,-44.0780999504596,17.867547104899633,83.86183992383937,18.969945771412769,-217.4309897437608,16.940595859161229,-23.609431591707094,752.0527081153454,715.1850111401066,0.0,0.0,0.0,0.0,0.0,0.0,0.0,0.0,0.0,0.0,0.0,0.0,0.0,0.0,0.0,0.0,0.0,0.0,0.0,0.0,0.0,0.0,1.2184445463607697,0.3719305697071945,209.70779987086383,247.57644927332218,5784.592239056694,0.11161550666689935,0.01703533374036925,24.917398265863488,29.40534694304261,685.0923788413471,2.1222149983787967,0.40102324232403566,261.9287337640078,309.96849962424,7080.403657938757,0.3029793422735726,0.057252332251241957,210.1870586858781,249.26700214421559,5428.769235915923,0.0,0.0,9.362394328142047,11.259936285487799,164.83095023653233,0.0,0.0,12.412694618545402,14.750161957550358,299.02802879999049,0.0,0.0,217.3715106467503,259.8510813351826,4569.161963407337,0.0,0.0,40.810637469860839,48.36356531219772,1049.629675720192,0.0,0.0,180.9455604142146,217.2624900953917,3350.1672124873186,30.904371596869479,21.196413989622415,271.3826206270109,323.2504055870968,7001.702784709916,0.0,0.0,185.39554746157882,222.70828709364384,3386.373263034442,1352.3504260938949,21.49352866703172,35.12169177674187,21.666666666666658,29.99999999999999,0.0,21.551575596373284,42.8322933412915,20.999999999999994,29.99999999999999,929.1279086795667,21.275875293423178,35.550226732782849,21.333333333333326,29.99999999999999,0.0,20.66754583431843,36.916935668925287,15.999999999999993,29.99999999999999,0.0,16.483268654276075,47.540816446489447,11.999999999999995,29.99999999999999,0.0,19.816884167700203,42.39621113043314,18.999999999999994,29.99999999999999,0.0,18.228879188620789,42.92527779438866,9.999999999999997,29.99999999999999,979.9552856582491,20.66181195255256,37.858561111060428,20.69999999999999,29.99999999999999,0.0,16.94626794716614,46.52973794263303,15.999999999999993,29.99999999999999,0.0,19.33247526525411,0.0,0.0,0.0,16.804277210879655,0.0,0.0,630.7488771561374,1071.3508700819114,628.5864079238669,630.0088800775836,615.4182755816463,842.8207641882987,630.598421836078,691.0880458035802,631.4002809916958,9739.693566715978,81.56477389113077,86.16740225095738,269.9999999999999,0.0,269.9999999999999,269.9999999999999,21.0,16.0,19.0,16.0,19.7,12.0,21.0,10.0,1.0,0.0,1352.3504260938949,0.0,929.1279086795667,0.0,0.0,0.0,979.9552856582491,0.0,6965.5856304620779,4179351.3782772489,5457729.746969713,81.56477389113077,86.24557016018479,0.34551952101540259,0.7657564271093497,0.36028137401965945,86.24557016018479,0.35426478194388735,5457729.746969713,0.2912719468424251 
 03/28  19:30:00,7.710000000000001,77.0,3.855,0.0,0.0,0.0,0.0,1.0,2.0,0.0,0.0,4.0,0.0,0.0,0.0,2322.0,0.0,0.0,0.0,0.0,0.0,0.0,0.0,0.0,0.0,0.0,0.0,21.008469334844969,-1051.3207752065658,21.117488558658285,-74.97069867985289,20.90127391154212,-89.74812097393257,19.9897841372106,428.79336446823847,16.477680832376753,28.19582174459946,19.496970305982197,-57.7622543476686,17.911097527052939,159.4744292541975,18.715264419134735,-163.5990090304913,16.913428275944879,-19.326272949813445,796.9561294684198,761.1712078948743,0.0,0.0,0.0,0.0,0.0,0.0,0.0,0.0,0.0,0.0,0.0,0.0,0.0,0.0,0.0,0.0,0.0,0.0,0.0,0.0,0.0,0.0,1.1874605686436422,0.3624727010511727,254.30677476619395,300.3533336969173,7066.115947218509,0.17630293063587708,0.02690826169656243,17.078253222322368,20.145030467752865,476.2006900188303,2.1326758254474704,0.4029999670157729,277.5151417715379,328.28833829153816,7612.230596042301,0.3335653814444474,0.0630320070756703,295.41857060186228,350.2539993730926,7674.950309697722,0.0,0.0,10.236538427872592,12.31078067011493,183.0693508404129,0.0,0.0,13.957806160178336,16.59055957944942,336.7731650170413,0.0,0.0,230.0448621214061,274.90407291233665,4925.6861464195649,0.0,0.0,40.55969556568799,48.21213619045044,1001.2097499216384,0.0,0.0,186.22029061649719,223.61791671780828,3478.691819714067,31.406818387580235,21.541027700672314,293.0063658202783,348.819581485366,7668.911378686641,0.0,0.0,190.36411338206663,228.71252491821,3505.3419138703786,1134.894015912223,21.667145933800929,34.830821338731599,21.666666666666658,29.99999999999999,0.0,21.54892338514482,43.83795005734186,20.999999999999994,29.99999999999999,0.0,21.351175975358627,35.57510438063355,20.999999999999994,29.99999999999999,0.0,20.68643537191757,36.97798628359779,15.999999999999993,29.99999999999999,0.0,16.507633871736024,47.71628069417926,11.999999999999995,29.99999999999999,0.0,19.716636224868535,43.851789988428389,18.999999999999994,29.99999999999999,0.0,18.312242212766948,43.1082892152631,9.999999999999997,29.99999999999999,407.9357067156516,20.000673062401849,39.696277867187919,20.033333333333326,29.99999999999999,0.0,16.91313109158765,47.1221706774173,15.999999999999993,29.99999999999999,0.0,19.484461566660888,0.0,0.0,0.0,16.76274667656908,0.0,0.0,634.4720304312402,1129.8764233108917,638.9006735783783,634.8204900084386,625.6654317544718,915.7750962021517,649.9711503257602,702.3335960243045,653.4168397624678,8557.675782055769,82.34645455604047,82.34645455604047,269.9999999999999,0.0,269.9999999999999,269.9999999999999,21.0,16.0,19.0,16.0,19.7,12.0,21.0,10.0,1.0,0.0,1134.894015912223,0.0,0.0,0.0,0.0,0.0,407.9357067156516,0.0,0.0,0.0,0.0,82.34645455604047,82.34645455604047,0.3399999999999999,0.7683597826347574,0.36028137401965945,82.34645455604047,0.35426478194388735,0.0,0.007470000000000001 
 03/28  19:40:00,7.596666666666668,77.66666666666667,3.873333333333333,0.0,0.0,0.0,0.0,1.0,2.0,0.0,0.0,4.0,0.0,0.0,0.0,1548.0,0.0,0.0,0.0,0.0,0.0,0.0,0.0,0.0,0.0,0.0,0.0,21.18233283640125,-1263.213952031504,21.098379381524496,-107.01081797573073,20.837436244422123,-171.14337331328535,19.934399239502956,248.30312119231167,16.50170117648809,24.899098790032583,19.437306630492324,-46.67168951230815,17.887778501017466,84.22928364699328,19.12520674071614,-221.72858678899343,16.879978703825416,-38.066903570565049,753.7785892028178,795.9019186309047,0.0,0.0,0.0,0.0,0.0,0.0,0.0,0.0,0.0,0.0,0.0,0.0,0.0,0.0,0.0,0.0,0.0,0.0,0.0,0.0,0.0,0.0,1.2193389046327239,0.3722035728427119,262.06459359003056,309.1852517281776,7439.62724742287,0.1277557825746574,0.0194987458142029,23.500397353380909,27.71182914292945,656.3910938811653,2.2516247891108307,0.42547709544800296,246.39738164745052,291.09371923500529,6905.978354755565,0.32368849335672048,0.061165626106712087,258.90957748382848,306.8864819029792,6721.513143928743,0.0,0.0,9.369473542514874,11.25829824188277,170.1559538679544,0.0,0.0,11.688082191039462,13.881229152439527,282.9737959585628,0.0,0.0,227.63144434058064,271.90673936959549,4893.837268773698,0.0,0.0,40.050431057532509,47.4110315693638,1053.626735062105,0.0,0.0,188.96415272928994,226.77889100361319,3556.0555191598734,31.257771262001996,21.438800591222227,262.04294727026498,312.0238481785974,6851.923019335795,0.0,0.0,193.3630491732273,232.2022755859495,3572.8247558921486,1732.1832691207724,21.77006456838711,34.77973488358698,22.0,30.0,0.0,21.523928748205856,43.80245616725222,21.0,30.0,907.9382275221265,21.554946198703975,35.16778980957886,21.5,30.0,0.0,20.55092991871932,37.49962097505827,16.0,30.0,0.0,16.529912217459505,47.92569460505726,12.0,30.0,0.0,19.639575531263917,45.06221495093561,19.0,30.0,0.0,18.238427354432554,43.331235733230958,10.0,30.0,902.7299343402347,20.738627199726677,38.19717650928426,20.7,30.0,0.0,16.865118320042478,47.41549576956065,16.0,30.0,0.0,19.225174363391859,0.0,0.0,0.0,16.67697947954781,0.0,0.0,644.2327500670047,1123.6144074892425,639.6463693876332,645.7516021577902,637.2133082747912,978.7914489162376,650.914610719163,719.4143787329874,659.6682299412589,10132.446432450759,81.30512056863894,84.71198250227303,270.0,0.0,270.0,270.0,21.0,16.0,19.0,16.0,19.7,12.0,21.0,10.0,1.0,0.0,1732.1832691207724,0.0,907.9382275221265,0.0,0.0,0.0,902.7299343402347,0.0,5155.9897881491,3093593.8728894598,4009065.4585311126,81.30512056863894,84.76984232791158,0.34186632627163668,0.7667022427573178,0.36028137401965956,84.76984232791158,0.3542647819438875,4009065.4585311126,0.21594140384361786 
 03/28  19:50:00,7.483333333333333,78.33333333333334,3.891666666666667,0.0,0.0,0.0,0.0,1.0,2.0,0.0,0.0,4.0,0.0,0.0,0.0,3096.0,0.0,0.0,0.0,0.0,0.0,0.0,0.0,0.0,0.0,0.0,0.0,21.049187664033729,-1277.2327632055827,21.079762072349,-96.71375034480755,20.856975561836607,-172.4109591057345,19.943021365588519,378.1666674922071,16.522055797931178,25.20626003710781,19.39046949672972,-52.529979893739469,17.895256637328587,124.83531423254135,18.83127065870424,-162.01899336901239,16.843644047352485,-47.412026473201198,779.6443719892227,790.1550164527814,0.0,0.0,0.0,0.0,0.0,0.0,0.0,0.0,0.0,0.0,0.0,0.0,0.0,0.0,0.0,0.0,0.0,0.0,0.0,0.0,0.0,0.0,1.2044845899918817,0.3676692887643107,268.8913034936426,317.7330833682355,7626.066615014238,0.15780639247305393,0.024085224736424588,20.459037969074239,24.16183181955586,576.5580720405934,2.2126961644487279,0.418120968338762,287.98464862582298,340.8905705459997,8005.759629294544,0.3443193921227955,0.06506413305419413,306.30986097199237,363.44701469170067,8042.587624347354,0.0,0.0,9.870067972730027,11.872612506038398,181.82092295246117,0.0,0.0,13.218061551728681,15.720959395158735,321.57309384792657,0.0,0.0,232.55301766167703,278.0863118228855,5055.812678846345,0.0,0.0,38.12862873669408,45.326378933520619,959.9508660843173,0.0,0.0,189.45068360190013,227.66577750492506,3589.971151770521,31.537971659193596,21.630981933603299,304.6902058310467,363.1273993888741,7985.365283629109,0.0,0.0,193.4265825456144,232.62657281548349,3583.387141359559,1246.6781956270382,21.6710055969258,35.03609298342543,21.75,30.0,0.0,21.504971623783484,44.10080067990984,21.0,30.0,0.0,21.30151092293982,35.72595170087531,21.0,30.0,0.0,20.594717305342454,37.47097765537385,16.0,30.0,0.0,16.54679332419742,48.04899220405913,12.0,30.0,0.0,19.584426754844637,45.70267933412359,19.0,30.0,0.0,18.246117790779857,43.49901460400425,10.0,30.0,332.6499371793457,20.014867201703546,40.06707536588672,19.95,30.0,0.0,16.81581648033341,47.79272770249993,16.0,30.0,0.0,19.309777537233,0.0,0.0,0.0,16.585991012366877,0.0,0.0,645.6856694759105,1138.7872248860786,640.0565129548725,649.0273915789719,644.3939310347249,1010.0664050551729,659.630439193258,723.6615575884537,669.8695162211327,8406.741399645154,82.44616978890494,84.13262116521368,270.0,0.0,270.0,270.0,21.0,16.0,19.0,16.0,19.7,12.0,21.0,10.0,1.0,0.0,1246.6781956270382,0.0,0.0,0.0,0.0,0.0,332.6499371793457,0.0,2552.3229467966186,1531393.7680779712,1988638.2915139446,82.44616978890494,84.16126270821775,0.3400774315598873,0.7670805393983206,0.36028137401965956,84.16126270821775,0.3542647819438875,1988638.2915139446,0.11081919115872513 
 03/28  20:00:00,7.37,79.0,3.91,0.0,0.0,0.0,0.0,1.0,2.0,0.0,0.0,4.0,0.0,0.0,0.0,3096.0,0.0,0.0,0.0,0.0,0.0,0.0,0.0,0.0,0.0,0.0,0.0,21.18984524942683,-926.0850319904475,21.06438548014908,-95.18434466179261,20.9732602791025,-842.3665716141741,19.925388852317178,395.24758360663466,16.5425737086384,23.5102124326652,19.34303676854151,-50.396914895058447,17.884739721581,79.62793654344023,19.116374526061834,-236.38632941719158,16.79885687782313,-62.094654471826519,823.2250358312576,854.76997723321,0.0,0.0,0.0,0.0,0.0,0.0,0.0,0.0,0.0,0.0,0.0,0.0,0.0,0.0,0.0,0.0,0.0,0.0,0.0,0.0,0.0,0.0,1.1867168005751155,0.36224566562121959,251.81973491300563,297.9128083747471,7147.6553351165489,0.15280163796575253,0.023321373315896299,20.876797943901637,24.656817754093884,592.2020730877778,2.2236944202027679,0.4201992479597068,366.98940968922218,433.6124669878307,10487.588794093059,0.34635051412649589,0.06544794295663185,301.00688514711279,356.9516738415407,7959.365791859524,0.0,0.0,9.864189552959456,11.865495109216712,184.33094932129996,0.0,0.0,13.727727074709483,16.332207393744544,335.65779663391489,0.0,0.0,231.50887221212043,276.8519777177882,5071.2593850629059,0.0,0.0,44.418944337152229,52.693930863716989,1172.2079320378708,0.0,0.0,192.28969816801357,231.10754127007858,3663.017352583663,31.6280442995403,21.692760150576345,367.29082594814528,437.2099521658847,9706.821248946799,0.0,0.0,196.84019155303452,236.73871920232637,3675.8434096618109,1339.209990717938,21.62810877395852,35.857623828056848,21.75,30.0,0.0,21.489145818407797,44.55847360828,21.0,30.0,1651.3273467633599,21.56747266109067,35.94671120837034,21.5,30.0,0.0,20.545446179603088,38.283039961167109,16.0,30.0,0.0,16.564690792373029,48.32389690596308,12.0,30.0,0.0,19.529163149349825,46.3578230169271,19.0,30.0,0.0,18.214440768547957,44.14016951784521,10.0,30.0,733.0722958477949,20.5461508422644,39.05609965269759,20.45,30.0,0.0,16.749893243552248,48.42547453908182,16.0,30.0,0.0,19.469615942797846,0.0,0.0,0.0,16.540538131730334,0.0,0.0,688.0337338409663,1164.4679502285133,684.6264343540489,686.0008734823248,658.5482342258359,1039.7907235487992,685.4826416210976,740.4995406230565,688.5169240787153,8708.540620471445,82.24666839057906,82.24666839057906,270.0,0.0,270.0,270.0,21.0,16.0,19.0,16.0,19.7,12.0,21.0,10.0,1.0,0.0,1339.209990717938,0.0,1651.3273467633599,0.0,0.0,0.0,733.0722958477949,0.0,0.0,0.0,0.0,82.24666839057906,82.24666839057906,0.34,0.7711712688193853,0.36028137401965956,82.24666839057906,0.3542647819438875,0.0,0.007350000000000001 
 03/28  20:10:00,7.273333333333333,79.83333333333334,3.8800000000000005,0.0,0.0,0.0,0.0,0.0,2.0,0.0,0.0,4.0,0.0,0.0,0.0,3872.0,0.0,0.0,0.0,0.0,0.0,0.0,0.0,0.0,0.0,0.0,0.0,21.0074127435742,-383.8976550454329,21.04511087831994,-118.62200935360089,21.01734473023786,-1256.8367615401112,20.015729742523676,350.57846935677795,16.56059545328965,20.59519050290579,19.399164851943554,-38.341157640431777,17.799856833993894,33.30716050312749,18.530970018826794,-121.67572553388124,16.762100168647188,-76.60102008139876,775.1026502435129,781.9024926427511,0.0,0.0,0.0,0.0,0.0,0.0,0.0,0.0,0.0,0.0,0.0,0.0,0.0,0.0,0.0,0.0,0.0,0.0,0.0,0.0,0.0,0.0,1.3399034436524429,0.4090059351808434,157.37122724791099,186.24191288445474,4458.888259469013,0.13539875455487686,0.02066525557919366,26.149667996469576,30.899912685573445,743.958175928269,1.949619420263502,0.3684088095736022,311.195887091598,367.990669939997,8919.444565288588,0.3165027887368315,0.05980778320801804,274.9789629870603,326.1399100411174,7394.536536883106,0.0,0.0,8.984090339727537,10.80830047427985,169.90779250386434,0.0,0.0,12.378699643463954,14.724255226460098,306.91238384757107,0.0,0.0,221.41518921323957,265.03384861500657,4819.343892481437,0.0,0.0,35.62791671959609,42.44276360853651,877.2651488960933,0.0,0.0,184.98230388413,222.45512961141373,3542.98065889656,31.627811562050373,21.6926005226683,312.6176236805329,372.31995151062679,8425.871978909112,0.0,0.0,188.9631870938295,227.5034114634052,3499.9320280794274,718.2591900463559,21.34932207706679,36.850124749766028,21.4,30.0,0.0,21.461915693893624,44.2418861690731,21.0,30.0,1599.8130513019297,21.511079056372496,35.74153457637972,21.4,30.0,0.0,20.6877853001337,37.92696905042521,16.0,30.0,0.0,16.579278159358297,48.68846534881645,12.000000000000002,30.0,0.0,19.605349291002978,46.91022283422133,19.0,30.0,0.0,18.039182054647257,44.95497694635883,10.0,30.0,0.0,19.47378351990359,41.29164720272246,12.000000000000002,30.0,0.0,16.701401722966247,48.92782081311163,16.0,30.0,0.0,19.348088884436224,0.0,0.0,0.0,16.362746113387755,0.0,0.0,707.6360155833247,1141.416296723938,663.7271906390198,683.7194067291255,676.4497895440486,1084.2907640957047,700.5527293889006,713.2346910584703,703.4999516263695,5217.737782808071,82.64533010742423,82.64533010742423,570.0,0.0,570.0,570.0,21.0,16.0,19.0,16.0,12.0,12.0,21.0,10.0,1.0,0.0,718.2591900463559,0.0,1599.8130513019297,0.0,0.0,0.0,0.0,0.0,0.0,0.0,0.0,82.64533010742423,82.64533010742423,0.20400000000000002,0.43149533881909277,0.21616882441179575,82.64533010742423,0.21255886916633252,0.0,0.015390000000000001 
 03/28  20:20:00,7.176666666666668,80.66666666666667,3.85,0.0,0.0,0.0,0.0,0.0,2.0,0.0,0.0,4.0,0.0,0.0,0.0,3102.0,0.0,0.0,0.0,0.0,0.0,0.0,0.0,0.0,0.0,0.0,0.0,21.19481890187786,-815.5281775468574,21.024116169956878,-103.12846344900209,20.910284799658507,-608.6641694802511,19.99953451270042,203.12223708050443,16.575791722110759,19.687544945234849,19.470968805668855,-50.762880656283318,17.79485410128494,98.007254094063,17.99285267226248,-50.34512497278115,16.700255305665566,-113.8942482082391,785.4325380682453,760.0964554953332,0.0,0.0,0.0,0.0,0.0,0.0,0.0,0.0,0.0,0.0,0.0,0.0,0.0,0.0,0.0,0.0,0.0,0.0,0.0,0.0,0.0,0.0,1.297285512092836,0.3959967985631368,213.46783235354656,252.1538287883812,6150.959818356048,0.15474625439705093,0.023618170695520595,23.172534718230755,27.38063426369399,663.5353920825846,2.2615673652655658,0.427355889128036,289.72347884718786,342.77889632217,8274.795540532923,0.32179397888731778,0.060807630175230099,247.61161589685083,293.7982496488887,6680.348777361758,0.0,0.0,9.382031901625686,11.283221439152765,179.50059290984113,0.0,0.0,13.148244861456839,15.626280461259203,331.4266855183397,0.0,0.0,227.33567910828874,272.0325928017264,4993.091789431951,0.0,0.0,24.888033849957606,29.73866560998867,573.3292170377506,0.0,0.0,181.8583046683044,218.70296811407597,3484.726901614687,31.7591909593842,21.782709848686019,292.0430668254672,347.8674137681657,7940.584766822367,0.0,0.0,184.41950466834499,222.1439863699033,3367.6564094602456,958.3045352858194,21.57999639455656,36.32679097870832,21.5,30.0,0.0,21.434255440117189,44.122996171343157,21.0,30.0,914.8669131309109,21.3779882758464,36.46682469076208,21.25,30.0,0.0,20.63751814049493,38.047212502742848,16.0,30.0,0.0,16.590599554406908,49.047478217472008,12.0,30.0,0.0,19.7172515757851,47.24700014524121,19.0,30.0,0.0,18.040049704394947,45.234258338050718,10.0,30.0,0.0,18.56647909788359,43.601307074341409,12.0,30.0,0.0,16.605716536888058,49.48776827765374,16.0,30.0,0.0,19.38893792582148,0.0,0.0,0.0,16.13306830412788,0.0,0.0,706.489893178852,1129.4824615648836,688.6396442508826,682.6655292770573,693.4957165538153,1120.5668690834748,712.9526018459567,706.8015537090347,714.0139609022178,7455.788172730563,81.6497413409874,85.04728535491685,570.0,0.0,570.0,570.0,21.0,16.0,19.0,16.0,12.0,12.0,21.0,10.0,1.0,0.0,958.3045352858194,0.0,914.8669131309109,0.0,0.0,0.0,0.0,0.0,5141.901700422319,3085141.020253391,4026217.5683931235,81.6497413409874,85.10498693134545,0.25639672334741067,0.5375267246196469,0.27021103051474468,85.10498693134545,0.2656985864579156,4026217.5683931235,0.22456331355644244 
 03/28  20:30:00,7.08,81.5,3.8200000000000005,0.0,0.0,0.0,0.0,0.0,2.0,0.0,0.0,4.0,0.0,0.0,0.0,1552.0,0.0,0.0,0.0,0.0,0.0,0.0,0.0,0.0,0.0,0.0,0.0,21.331882692055105,-1259.927437630995,21.014676879967749,-91.85017287468406,20.880118767911485,-233.59504854740954,19.93878698579273,329.2954860466616,16.59114829157046,18.902649552098695,19.514533513836939,-61.337430005845337,17.833875541946037,88.9132596622403,17.641411635885768,-18.40346083995155,16.630048377486099,-117.08634749614157,791.0476151802795,799.1885998472913,0.0,0.0,0.0,0.0,0.0,0.0,0.0,0.0,0.0,0.0,0.0,0.0,0.0,0.0,0.0,0.0,0.0,0.0,0.0,0.0,0.0,0.0,1.3014765054747595,0.3972761005722709,245.06424295027649,289.08016475683697,7246.382073930319,0.17533641315933988,0.02676074681919107,20.30727196172497,23.95869805759928,586.5339704650633,2.273588947461232,0.4296275410924476,271.63844795850437,321.27191302558875,7711.79067078812,0.34206654508876446,0.06463842499787685,291.3842755519115,345.3430522581495,7865.116790315529,0.0,0.0,9.478376497612726,11.385872161140256,183.48819357128662,0.0,0.0,12.745339242624734,15.124705909152887,325.4459444475233,0.0,0.0,237.38689740111233,283.6792318234398,5290.23240794128,0.0,0.0,18.231617022550613,21.80413067839919,403.00115025925529,0.0,0.0,186.9548735116773,224.6469699315938,3581.4250886930765,31.928980735345019,21.89916374166326,288.8357978858845,343.8970084133583,7833.581435550164,0.0,0.0,188.81299766392608,227.23084727231766,3454.977788984509,1525.5000760597657,21.832988266765307,35.38636338239778,22.0,30.0,0.0,21.428382798342335,44.67147538817801,21.0,30.0,0.0,21.177026383543116,36.79370946666627,21.0,30.0,0.0,20.55163764684251,38.470039730842639,16.0,30.0,0.0,16.603879955880303,49.258247159687908,12.0,30.0,0.0,19.784540948180984,47.26212439488636,19.0,30.0,0.0,18.103635847014606,44.99255681354637,10.0,30.0,0.0,17.995250024352047,45.29235031906925,12.0,30.0,0.0,16.501284024110399,49.97926541984343,16.0,30.0,0.0,19.23759822806185,0.0,0.0,0.0,16.050396840087239,0.0,0.0,682.6653921265081,1159.884868452693,680.5998454029692,694.1184025534724,703.3065044172699,1131.1155951751846,709.2849912371701,710.8049793592693,720.174643756212,9061.017500058962,82.0135810588076,82.0135810588076,570.0,0.0,570.0,570.0,21.0,16.0,19.0,16.0,12.0,12.0,21.0,10.0,1.0,0.0,1525.5000760597657,0.0,0.0,0.0,0.0,0.0,0.0,0.0,0.0,0.0,0.0,82.0135810588076,82.0135810588076,0.34,0.7682725325065314,0.36028137401965956,82.0135810588076,0.3542647819438875,0.0,0.01501 
 03/28  20:40:00,6.983333333333333,82.33333333333334,3.79,0.0,0.0,0.0,0.0,0.0,2.0,0.0,0.0,4.0,0.0,0.0,0.0,776.0,0.0,0.0,0.0,0.0,0.0,0.0,0.0,0.0,0.0,0.0,0.0,21.3455477848632,-1733.039875332035,21.004726198474608,-95.24631981174116,20.609616452115689,314.74940056429298,19.862852449718564,233.21190985077738,16.60839707619684,20.15104064071363,19.539234254300557,-67.98248671617489,17.86194648491548,94.31496445189259,17.392701485270878,-6.433697836430895,16.577396519334408,-97.80758115379831,794.1456185873121,841.3438678539114,0.0,0.0,0.0,0.0,0.0,0.0,0.0,0.0,0.0,0.0,0.0,0.0,0.0,0.0,0.0,0.0,0.0,0.0,0.0,0.0,0.0,0.0,1.2460761484386438,0.38036512467602076,336.21085282217487,395.9550130038834,9932.242354061742,0.17121993976714118,0.026132469439429364,20.196468538596574,23.75666659609432,587.0752903528583,2.63481317921386,0.4978860882868218,261.89588423092217,309.0779233454063,7481.614338826264,0.35158934414933737,0.06643789571982942,257.0027785749813,304.0539164102521,6915.24790176105,0.0,0.0,9.83577391003502,11.787776761366742,192.76615296665845,0.0,0.0,13.80100904664473,16.333716350021115,356.2214975788302,0.0,0.0,247.38554391171616,294.9250297210499,5584.446491638143,0.0,0.0,12.109844488253268,14.463162715079755,260.86572839395799,0.0,0.0,192.2631841588753,230.5563049862455,3696.1396059792325,32.001337694910798,21.948791285947057,280.71443679637658,333.5257083175312,7668.051021093965,0.0,0.0,193.43575642001847,232.29697377008174,3566.636629421275,1904.7566523104777,21.744594516787136,35.65713927765014,22.0,30.0,0.0,21.418237524734438,45.402511700879177,21.0,30.0,0.0,21.13859959830413,36.897581000884,21.0,30.0,0.0,20.397745777860217,38.823007169934289,16.0,30.0,0.0,16.622380291311797,49.321175426302399,12.0,30.0,0.0,19.82229475960484,47.07909578271407,19.0,30.0,0.0,18.14755232891159,44.85638970376665,10.0,30.0,0.0,17.616591075096669,46.43773062531748,12.0,30.0,0.0,16.431649855327604,50.27266988016139,16.0,30.0,0.0,19.183767465314348,0.0,0.0,0.0,16.018251474368165,0.0,0.0,686.3655647603943,1201.2291148885036,680.6508953847819,692.5821058624363,707.1618106995769,1124.1205662158384,707.6701305102598,712.6858308613187,722.3437274931578,8612.351978572686,82.31032638704996,82.31032638704996,570.0,0.0,570.0,570.0,21.0,16.0,19.0,16.0,12.0,12.0,21.0,10.0,1.0,0.0,1904.7566523104777,0.0,0.0,0.0,0.0,0.0,0.0,0.0,0.0,0.0,0.0,82.31032638704996,82.31032638704996,0.34,0.7726904505832861,0.36028137401965956,82.31032638704996,0.3542647819438875,0.0,0.01482 
 03/28  20:50:00,6.886666666666667,83.16666666666666,3.76,0.0,0.0,0.0,0.0,0.0,2.0,0.0,0.0,4.0,0.0,0.0,0.0,776.0,0.0,0.0,0.0,0.0,0.0,0.0,0.0,0.0,0.0,0.0,0.0,21.37452299804667,-1554.661311871052,20.98977014780804,-105.47806567181454,20.517356905899235,89.3255617902505,19.86125181142075,301.49319780675617,16.62295094759123,19.541253238623314,19.55422912752204,-64.21615539670711,17.827313874614455,66.82532511744285,17.21168006810936,-27.989844789090684,16.543552495551127,-97.34655099692373,783.5617262960695,897.1553830399016,0.0,0.0,0.0,0.0,0.0,0.0,0.0,0.0,0.0,0.0,0.0,0.0,0.0,0.0,0.0,0.0,0.0,0.0,0.0,0.0,0.0,0.0,1.2886910840373927,0.3933733467757609,301.0114214297414,354.5034375929196,8961.28607887348,0.16160594350916797,0.024665131793218554,22.399992198953887,26.353595262640657,653.8167848798579,2.5164613760786849,0.4755218019800993,275.9395954335678,325.81162797250649,7857.891875950888,0.3611046735904549,0.06823595494906554,297.54425912851579,352.00200566614958,8077.431702883282,0.0,0.0,9.427081608225265,11.297796612178392,186.8648470577712,0.0,0.0,12.752076330626192,15.091237948044628,332.2296214037118,0.0,0.0,249.18618777322414,297.1644962029074,5634.610140875544,0.0,0.0,11.826482648035727,14.137870227569176,251.0726142324857,0.0,0.0,194.41496444250306,233.1820931886836,3761.06144237672,32.042889457008197,21.97729043690549,295.04946017359807,350.69495865296968,8017.65871535835,0.0,0.0,201.8158986925246,242.3805405434027,3756.4776442679637,1737.6224447805776,21.75354245779907,35.671090833216869,22.0,30.0,0.0,21.397858953515283,45.176149106746759,21.0,30.0,141.65083966239389,21.003159964720444,37.27052213050947,21.0,30.0,0.0,20.42323839657142,38.77953053205051,16.0,30.0,0.0,16.635940699746869,49.36217730759081,12.0,30.0,0.0,19.846467817435057,47.154353462789469,19.0,30.0,0.0,18.066134889566233,45.15403055903072,10.0,30.0,0.0,17.355709991838528,47.284314434708907,12.0,30.0,0.0,16.392971717146044,50.319285171155048,16.0,30.0,0.0,19.07764208255147,0.0,0.0,0.0,16.00689363922932,0.0,0.0,687.0742313638555,1183.147056614383,683.4427478368037,692.7801555268235,710.10193090069,1131.0185085033696,710.3681553572802,716.1176070871709,718.3095449676772,7548.751768545623,83.01348506321857,83.01348506321857,570.0,0.0,570.0,570.0,21.0,16.0,19.0,16.0,12.0,12.0,21.0,10.0,1.0,0.0,1737.6224447805776,0.0,141.65083966239389,0.0,0.0,0.0,0.0,0.0,0.0,0.0,0.0,83.01348506321857,83.01348506321857,0.34,0.7707539028865341,0.36028137401965956,83.01348506321857,0.3542647819438875,0.0,0.014503333333333332 
 03/28  21:00:00,6.79,84.0,3.73,0.0,0.0,0.0,0.0,0.0,2.0,0.0,0.0,4.0,0.0,0.0,0.0,3104.0,0.0,0.0,0.0,0.0,0.0,0.0,0.0,0.0,0.0,0.0,0.0,21.339042469666713,-894.3686580287363,20.983732590677179,-78.62517955342611,21.220744163719347,-1390.2206868565614,20.037196295447555,619.7177607714912,16.63419586474444,19.23051882739729,19.56076031755437,-68.76352515562505,17.817790525781363,83.38904828719933,17.09213784139635,-40.23853511350893,16.515278633364419,-114.43659112496971,874.3602272360854,894.3859145718702,0.0,0.0,0.0,0.0,0.0,0.0,0.0,0.0,0.0,0.0,0.0,0.0,0.0,0.0,0.0,0.0,0.0,0.0,0.0,0.0,0.0,0.0,1.3831426843932449,0.42220472661576466,292.3246182475603,345.6391973684663,8736.98646508067,0.21697884367916049,0.033116429132961009,18.4219406280819,21.78220447815385,543.2456840434214,2.0939043956528415,0.39567354415208658,403.7652117838548,477.05846550145807,12226.0985517408,0.3675017336073033,0.0694447720346378,346.87943679005329,411.2880573093835,9730.062416210461,0.0,0.0,9.820046475765866,11.808679228746805,196.6479278553194,0.0,0.0,14.435155062164942,17.149495847379457,378.9397595214537,0.0,0.0,251.26546956722147,300.7068633055712,5722.397460626682,0.0,0.0,16.848511909557108,20.21959440472542,355.8911631945246,0.0,0.0,189.3224032931858,227.90332429672504,3687.099722199323,32.473188038014388,22.272419779159394,413.27387958682587,492.02770296505676,11508.049900765453,0.0,0.0,201.9487986365245,243.47301716876184,3761.1441983904367,906.6128159057083,21.694053998881345,35.94273576768303,21.75,30.0,0.0,21.397046509330868,45.50064050194451,21.0,30.0,2053.8641283008184,21.90052993828751,35.29409749242433,21.5,30.0,0.0,20.776378169410806,37.94408436044016,16.0,30.0,0.0,16.643962471333106,49.413870048435587,12.0,30.0,0.0,19.855892197519414,47.19164652776054,19.0,30.0,0.0,18.052959262270066,45.21455109086864,10.0,30.0,0.0,17.209928163604283,47.766747841301917,12.0,30.0,0.0,16.36385973802909,50.4738535338368,16.0,30.0,0.0,19.53977193941136,0.0,0.0,0.0,15.916236896266799,0.0,0.0,693.3767290221945,1201.788879023117,681.5103194477558,690.229089574184,712.9685403691045,1131.949204685184,709.966028621034,717.5613111868095,719.6216688763616,8151.391379694803,81.30214826253297,83.36867444294683,570.0,0.0,570.0,570.0,21.0,16.0,19.0,16.0,12.0,12.0,21.0,10.0,1.0,0.0,906.6128159057083,0.0,2053.8641283008184,0.0,0.0,0.0,0.0,0.0,3126.787640381496,1876072.5842288978,2427686.4868826309,81.30214826253297,83.40377091788636,0.2742262546793832,0.5776953900717287,0.27021103051474468,83.40377091788636,0.2656985864579156,2427686.4868826309,0.14042636398456349 
 03/28  21:10:00,6.693333333333333,86.0,3.7233333333333338,0.0,0.0,0.0,0.0,0.0,2.0,0.0,0.0,4.0,0.0,0.0,0.0,1554.0,0.0,0.0,0.0,0.0,0.0,0.0,0.0,0.0,0.0,0.0,0.0,21.35566568034286,-886.0433316102699,20.98858141729162,-88.88519067388,20.783774207422327,-762.3000908677605,20.033841301840299,63.78676832901874,16.6469001396447,18.210666255562189,19.565833382102889,-62.261656293665797,17.78960873730965,35.91323442613157,16.9422625922609,-40.0810082756127,16.47546576250518,-107.82420646270612,889.1202323623274,925.8247811437618,0.0,0.0,0.0,0.0,0.0,0.0,0.0,0.0,0.0,0.0,0.0,0.0,0.0,0.0,0.0,0.0,0.0,0.0,0.0,0.0,0.0,0.0,1.3769528445505933,0.4203152761143447,228.98744692749885,269.9349450840359,6916.635200702464,0.17563172858601079,0.026805819381259277,22.124341228870557,26.082596402521597,655.1180092999505,2.523358188696645,0.47682505455341009,435.1132724318559,514.2588575680896,12790.933191728363,0.3301092667270892,0.06237892417367519,267.8645371084848,317.48239814055526,7547.666921180652,0.0,0.0,9.33894752875848,11.218052310544218,189.09400731645676,0.0,0.0,13.165959739722009,15.622978352647067,348.48276958874109,0.0,0.0,252.371168326347,301.74425871325277,5768.181909622054,0.0,0.0,19.344267024918289,23.203660482253619,404.4282015415681,0.0,0.0,189.5504414367566,227.94902589489036,3710.8223063652478,32.28823275751173,22.145564305563608,419.8404320857032,499.15673412265968,11696.389401426622,0.0,0.0,204.9739957028376,246.8668156650343,3840.439956823407,1214.8202329107685,21.68585449944824,36.305553639222789,21.5,30.0,0.0,21.409925242666885,45.95252272885269,21.0,30.0,1258.34079454971,21.258205808622507,36.90302248375063,21.5,30.0,0.0,20.6754873292951,38.200293891411067,16.0,30.0,0.0,16.656296678359007,49.46881515132493,12.0,30.0,0.0,19.86584818658214,47.24774473185961,19.0,30.0,0.0,17.99436102030041,45.548810997396447,10.0,30.0,0.0,16.99660709929106,48.49402585213329,12.0,30.0,0.0,16.313935654300538,50.69371129090401,16.0,30.0,0.0,19.58514647432743,0.0,0.0,0.0,15.87248931693355,0.0,0.0,712.1390988721828,1228.3277009592726,690.785660159662,688.3144747368604,716.1101572823834,1133.6039406218866,717.2116897264409,720.0076468198569,721.1483327292121,7767.218873342504,82.86899194932627,82.86899194932627,570.0,0.0,570.0,570.0,21.0,16.0,19.0,16.0,12.0,12.0,21.0,10.0,1.0,0.0,1214.8202329107685,0.0,1258.34079454971,0.0,0.0,0.0,0.0,0.0,0.0,0.0,0.0,82.86899194932627,82.86899194932627,0.34,0.7689451036459918,0.36028137401965956,82.86899194932627,0.3542647819438875,0.0,0.01387 
 03/28  21:20:00,6.596666666666668,88.0,3.716666666666667,0.0,0.0,0.0,0.0,0.0,2.0,0.0,0.0,4.0,0.0,0.0,0.0,2331.0,0.0,0.0,0.0,0.0,0.0,0.0,0.0,0.0,0.0,0.0,0.0,21.460688448371017,-1419.1502728292933,20.980886351466077,-88.04185652160595,20.900452707776773,-208.6359415460798,19.89777173428984,357.50521107024226,16.656659662782837,17.311892930049127,19.568630347991048,-72.35170120361974,17.783569093732586,86.36517888651116,16.832564886392317,-43.021846886561117,16.442793199151806,-118.19705236120379,831.1132514651722,939.5386605115582,0.0,0.0,0.0,0.0,0.0,0.0,0.0,0.0,0.0,0.0,0.0,0.0,0.0,0.0,0.0,0.0,0.0,0.0,0.0,0.0,0.0,0.0,1.332122284006179,0.40663073382361988,280.66750420864715,331.37042344567,8551.239020217366,0.18971844087202256,0.02895580599389843,19.98742598597087,23.609193529480846,596.147570915269,2.538687057613741,0.4797216662157484,300.17458650810826,355.19196964941576,8839.8771502043,0.36299028328882079,0.06859226819516638,288.5659520937777,342.39576600371347,8043.05570409551,0.0,0.0,9.688102342263046,11.64476585708601,198.2019308498712,0.0,0.0,13.772505052898716,16.35393647565349,367.29989343034756,0.0,0.0,257.08601486966526,307.6063748644625,5926.630048030849,0.0,0.0,21.747881144651705,26.12177339851565,452.92881357891147,0.0,0.0,188.57549533388784,226.97757520411484,3714.069142943874,32.31728801340466,22.165492464612247,318.71874745756176,379.65470086017566,8944.63148934381,0.0,0.0,206.4220535342552,248.8649379159076,3876.5203902860914,1599.63696914013,21.840492073071809,35.71757750337379,21.999999999999994,29.99999999999999,0.0,21.39985506506106,45.65000412007019,20.999999999999994,29.99999999999999,0.0,21.259382159055794,36.9525380861715,20.999999999999994,29.99999999999999,0.0,20.48925506639225,38.901287321747748,15.999999999999993,29.99999999999999,0.0,16.66464700041741,49.5489362780587,11.999999999999995,29.99999999999999,0.0,19.871034222882189,47.370082680006827,18.999999999999994,29.99999999999999,0.0,17.996257166024106,45.54830302598098,9.999999999999997,29.99999999999999,0.0,16.85456941675555,49.02120322614888,11.999999999999995,29.99999999999999,0.0,16.275522401855065,50.94445221570837,15.999999999999993,29.99999999999999,0.0,19.276213089785018,0.0,0.0,0.0,15.79576640477265,0.0,0.0,691.5929224573376,1206.025608827003,688.1420221929691,700.7403503696495,719.9855337559488,1139.3428252342768,714.455920400295,722.8803774036076,725.3505258963677,7352.432492856532,83.14319789241563,83.14319789241563,569.9999999999998,0.0,569.9999999999998,569.9999999999998,21.0,16.0,19.0,16.0,12.0,12.0,21.0,10.0,1.0,0.0,1599.63696914013,0.0,0.0,0.0,0.0,0.0,0.0,0.0,0.0,0.0,0.0,83.14319789241563,83.14319789241563,0.3399999999999999,0.7697791253993213,0.36028137401965945,83.14319789241563,0.35426478194388735,0.0,0.013363333333333332 
 03/28  21:30:00,6.5,90.0,3.71,0.0,0.0,0.0,0.0,0.0,2.0,0.0,0.0,4.0,0.0,0.0,0.0,2331.0,0.0,0.0,0.0,0.0,0.0,0.0,0.0,0.0,0.0,0.0,0.0,21.407886262372125,-951.6807548881,20.964470030349088,-109.27298054511246,21.125613528351857,-1309.0369105907633,19.916074530711286,437.1519409800365,16.66523968098607,16.660617683162167,19.56807056021225,-64.73607044620657,17.749025188327928,22.994713017425349,16.732542377648515,-43.913900056475259,16.403344680141367,-130.87680574153846,840.9478704210054,952.9232691305765,0.0,0.0,0.0,0.0,0.0,0.0,0.0,0.0,0.0,0.0,0.0,0.0,0.0,0.0,0.0,0.0,0.0,0.0,0.0,0.0,0.0,0.0,1.3652687108537037,0.41674869073678369,233.76495679286323,276.1884098396919,7090.898814957534,0.1774901983637561,0.027089468614736879,22.893129827099139,27.060989781726556,684.7999919990816,2.371080533953065,0.44804998751947558,364.3972836603359,429.9950358018402,11184.855804626448,0.3632873829185793,0.06864840947063096,315.80089392752066,374.35736142405758,8892.39520479313,0.0,0.0,9.36073004566423,11.250535800380284,193.4775651262554,0.0,0.0,13.978759269249928,16.601874461267895,375.59903261035188,0.0,0.0,255.18357926276924,305.39788079316238,5892.860825518539,0.0,0.0,22.93489717292419,27.562146101718,476.40501883943827,0.0,0.0,187.9952006303913,226.30688424490439,3720.9449465250297,32.228034204056658,22.10427586012116,366.72525606480897,436.3843955333225,10324.90365968578,0.0,0.0,207.45833062252269,250.16610863483778,3907.883234229129,1048.4280909748682,21.67029417875262,36.79130249944832,21.666666666666658,29.99999999999999,0.0,21.372348758458146,45.51517934503104,20.999999999999994,29.99999999999999,2120.690071896556,21.681177669461424,36.30795185098053,21.666666666666658,29.99999999999999,0.0,20.511242188050799,39.203575594670997,15.999999999999993,29.99999999999999,0.0,16.67222425469135,49.686397003901827,11.999999999999995,29.99999999999999,0.0,19.87476577060884,47.5537136697768,18.999999999999994,29.99999999999999,0.0,17.915708165719523,46.0200053657312,9.999999999999997,29.99999999999999,0.0,16.725127088161878,49.56544601506238,11.999999999999995,29.99999999999999,0.0,16.225339570888637,51.25623225934298,15.999999999999993,29.99999999999999,0.0,19.294353764291519,0.0,0.0,0.0,15.724158233828089,0.0,0.0,722.2120241287018,1187.9578407716456,693.9395667214963,710.0965843640809,725.0500575978654,1145.4293102110819,719.4888591148022,725.9115771369261,727.0103861024513,8343.63309093227,82.48790820111711,82.48790820111711,569.9999999999998,0.0,569.9999999999998,569.9999999999998,21.0,16.0,19.0,16.0,12.0,12.0,21.0,10.0,1.0,0.0,1048.4280909748682,0.0,2120.690071896556,0.0,0.0,0.0,0.0,0.0,0.0,0.0,0.0,82.48790820111711,82.48790820111711,0.3399999999999999,0.7680224016024566,0.36028137401965945,82.48790820111711,0.35426478194388735,0.0,0.012856666666666666 
 03/28  21:40:00,6.403333333333333,92.0,3.703333333333333,0.0,0.0,0.0,0.0,0.0,2.0,0.0,0.0,4.0,0.0,0.0,0.0,3110.0,0.0,0.0,0.0,0.0,0.0,0.0,0.0,0.0,0.0,0.0,0.0,21.188795700217768,-386.9979759977607,20.955614952596578,-103.78860571875444,21.12924512100801,-1473.3928164723985,20.0499645650928,363.22346026634207,16.671782088469376,15.24521004149912,19.566556126064275,-62.74928621061943,17.68862038470935,14.725167374418561,16.65074085963527,-41.55092109108696,16.36218873098396,-132.06823719311479,796.8670050728388,944.4413361362169,0.0,0.0,0.0,0.0,0.0,0.0,0.0,0.0,0.0,0.0,0.0,0.0,0.0,0.0,0.0,0.0,0.0,0.0,0.0,0.0,0.0,0.0,1.4262844351979938,0.4353737592179469,117.0139604194589,138.2832721555441,3575.286171638313,0.1866055551224854,0.028480701331270666,22.675460546831034,26.79816415646071,682.5850611939811,2.257792984802961,0.42664266530668218,304.85012110405298,360.3199814408117,9308.911258361075,0.3429212713935347,0.0647999379050519,287.2618219201855,340.5934333148406,8250.40404787853,0.0,0.0,9.164338125751112,11.01905070757004,191.2888966472484,0.0,0.0,13.880304606074312,16.489886881997394,375.6630280086207,0.0,0.0,251.2812333668607,300.95528559164208,5803.939924780196,0.0,0.0,22.651058228447537,27.241158866327248,470.5544525206627,0.0,0.0,185.28506196960104,223.1798978146304,3685.083516052032,32.2804135543099,22.1402013404046,299.97753502074979,357.34034836809169,8629.23786604141,0.0,0.0,204.62818167655409,246.93290845581348,3859.221435164429,715.5489460483478,21.443115088292389,37.78853121562742,21.5,30.0,0.0,21.36264493975785,45.69760196794025,21.0,30.0,1803.662710618905,21.57094974530123,36.534000712764228,21.5,30.0,0.0,20.721808199775148,38.73893760617662,16.0,30.0,0.0,16.67721528837536,49.875488340470869,12.0,30.0,0.0,19.876122527148025,47.794033105293269,19.0,30.0,0.0,17.81794083034523,46.6944632963899,10.0,30.0,0.0,16.626328631150945,50.06212644939049,12.0,30.0,0.0,16.174458465624818,51.692705098252307,16.0,30.0,0.0,19.240231234062745,0.0,0.0,0.0,15.636650369140535,0.0,0.0,745.290530545458,1190.0904765488106,682.0499163159857,703.9933833089544,731.1583844935384,1155.0695665678728,734.0129045692531,730.4073134259243,734.4231812520231,6708.594210380636,82.36958859655366,84.16100811409123,570.0,0.0,570.0,570.0,21.0,16.0,19.0,16.0,12.0,12.0,21.0,10.0,1.0,0.0,715.5489460483478,0.0,1803.662710618905,0.0,0.0,0.0,0.0,0.0,2711.019306859263,1626611.5841155579,2112174.871014887,82.36958859655366,84.19143236460369,0.2603673102286421,0.5389700333840852,0.27021103051474468,84.19143236460369,0.2656985864579156,2112174.871014887,0.12218309329277413 
 03/28  21:50:00,6.306666666666667,94.0,3.6966666666666669,0.0,0.0,0.0,0.0,0.0,2.0,0.0,0.0,4.0,0.0,0.0,0.0,3112.0,0.0,0.0,0.0,0.0,0.0,0.0,0.0,0.0,0.0,0.0,0.0,21.205516554461935,-531.8451893320095,20.9491353280469,-86.05597739256685,21.218818665858529,-1196.7274475244888,20.049780434953499,330.4146145845259,16.67692030161691,15.077634803422825,19.563869683126386,-65.97644066658873,17.65949948150149,32.645392949972578,16.57670964883897,-44.09940511223087,16.319695929122113,-143.59637934797139,862.1342000794666,981.6454578886639,0.0,0.0,0.0,0.0,0.0,0.0,0.0,0.0,0.0,0.0,0.0,0.0,0.0,0.0,0.0,0.0,0.0,0.0,0.0,0.0,0.0,0.0,1.4432931106274534,0.44056566258469279,222.03153430790042,263.0947924211489,6675.36961028849,0.19177227309607956,0.029269272450561595,22.348621993619856,26.42068306036111,677.06624577787,2.361696655133004,0.44627676778779387,346.71635911268097,409.9751291674994,10629.192308351414,0.34082267906917165,0.06440337850891374,242.11979261826824,286.79719581589407,7000.354570389755,0.0,0.0,9.291831839532702,11.171551545810836,195.8470438470115,0.0,0.0,14.342231351192164,17.03740450971619,390.9366277986103,0.0,0.0,255.9662437264251,306.61267825806086,5941.348091848671,0.0,0.0,23.907406758374877,28.762870307076747,497.16628262546927,0.0,0.0,187.58033343836096,225.98568748657068,3747.47663180094,32.36734133074354,22.19982258624386,346.99085004721288,413.180367075978,10060.667411428869,0.0,0.0,208.34684951259806,251.47773783703244,3944.7456587516164,729.211033559448,21.464077574810735,37.71817376489905,21.5,30.0,0.0,21.35747705887127,45.752331809579917,21.0,30.0,1605.6886387695323,21.710802785635197,36.486115426816898,21.5,30.0,0.0,20.69935625053825,39.13462454282219,16.0,30.0,0.0,16.681389062943816,50.179242939452809,12.0,30.0,0.0,19.875891310936337,48.135831425765818,19.0,30.0,0.0,17.774430228096123,47.15708538664232,10.0,30.0,0.0,16.536394020373885,50.75151242767815,12.0,30.0,0.0,16.119777693312384,52.37844615323532,16.0,30.0,0.0,19.372276144645327,0.0,0.0,0.0,15.571376679789179,0.0,0.0,730.6434991239637,1183.1236643046619,683.1443948827146,710.8022356681206,740.6656172343402,1167.4977873295505,740.2271225470823,741.103239763899,747.1447453982662,8722.304383857723,82.23742890176115,85.62791959856186,570.0,0.0,570.0,570.0,21.0,16.0,19.0,16.0,12.0,12.0,21.0,10.0,1.0,0.0,729.211033559448,0.0,1605.6886387695323,0.0,0.0,0.0,0.0,0.0,5131.23768830046,3078742.6129802765,4024931.639022518,82.23742890176115,85.68550138625021,0.341041256276682,0.7653869856818271,0.36028137401965956,85.68550138625021,0.3542647819438875,4024931.639022518,0.22107644522917095 
 03/28  22:00:00,6.21,96.0,3.69,0.0,0.0,0.0,0.0,0.0,2.0,0.0,0.0,4.0,0.0,0.0,0.0,3112.0,0.0,0.0,0.0,0.0,0.0,0.0,0.0,0.0,0.0,0.0,0.0,21.205462785943248,-544.1266210602489,20.948475547925157,-86.69649762655608,21.242047526217399,-1198.3000208658996,20.060663936226164,319.48709681023447,16.680737704112948,14.613782212643415,19.55736139224871,-67.18813783306575,17.641387170378417,24.389246041024764,16.511292781913139,-44.085685266355998,16.277966506037687,-146.24083575136093,867.3560638559402,1003.4604591508262,0.0,0.0,0.0,0.0,0.0,0.0,0.0,0.0,0.0,0.0,0.0,0.0,0.0,0.0,0.0,0.0,0.0,0.0,0.0,0.0,0.0,0.0,1.454685999505998,0.4440433453925513,222.89767724359565,264.1067899479311,6746.3334465288539,0.1934802182490613,0.029529947840210827,22.42975165816933,26.51494734563614,684.0479773520928,2.3891669473568215,0.45146767712713956,346.7733284814674,410.0434591889396,10697.8238437517,0.3418947113240631,0.064605954520798,235.01479893232199,278.32912968598085,6844.791277279929,0.0,0.0,9.285675643305679,11.163519278495162,197.59273172597714,0.0,0.0,14.425964267767665,17.136388636758754,395.86577188949516,0.0,0.0,257.90997778587146,308.9562554439676,6023.06639854038,0.0,0.0,24.384411022542417,29.342746175582719,508.193510863321,0.0,0.0,188.83558751943805,227.5265045814765,3790.6484720166256,32.399720776115817,22.22203071064186,345.87571944374079,411.84780913298496,10099.80101472763,0.0,0.0,210.1325075962151,253.67611383365256,3994.4789552615227,741.788133656491,21.46640494625646,37.88610250540491,21.5,30.0,0.0,21.360406913167958,46.0045103867882,21.0,30.0,1596.887553808502,21.710119840263418,36.695488521649398,21.5,30.0,0.0,20.70615071509219,39.312366092069428,16.0,30.0,0.0,16.684466608609769,50.4828600819535,12.0,30.0,0.0,19.87047981994236,48.42626830783611,19.0,30.0,0.0,17.746830534975609,47.52439209942028,10.0,30.0,0.0,16.459591061945625,51.39372798500615,12.0,30.0,0.0,16.06855551196572,52.906205664169849,16.0,30.0,0.0,19.357867353409337,0.0,0.0,0.0,15.51022378692319,0.0,0.0,726.1186458411803,1187.6536311751602,678.3390282039977,706.3977514988249,747.7427686478993,1174.5829972695443,742.3648170958373,749.3686205093325,752.1677106944293,7609.703256491615,82.97292475350287,82.97292475350287,570.0,0.0,570.0,570.0,21.0,16.0,19.0,16.0,12.0,12.0,21.0,10.0,1.0,0.0,741.788133656491,0.0,1596.887553808502,0.0,0.0,0.0,0.0,0.0,0.0,0.0,0.0,82.97292475350287,82.97292475350287,0.34,0.7691933742434814,0.36028137401965956,82.97292475350287,0.3542647819438875,0.0,0.01121 
 03/28  22:10:00,6.156666666666666,96.16666666666666,3.7033333333333338,0.0,0.0,0.0,0.0,0.0,2.0,0.0,0.0,4.0,0.0,0.0,0.0,7780.0,0.0,0.0,0.0,0.0,0.0,0.0,0.0,0.0,0.0,0.0,0.0,21.24675085738336,-565.9889363995616,20.94359772711846,-100.7249514024322,21.090931724590335,-1094.0789485788283,20.096697321879,352.6492808396509,16.68125228747784,11.624700888197296,19.551714726376216,-42.077491625614047,17.78193989448937,180.83817179506276,16.434561585486084,-93.75871918605033,17.764148317367107,-324.58819708067929,835.2513836619587,827.1716685055135,0.0,0.0,0.0,0.0,0.0,0.0,0.0,0.0,0.0,0.0,0.0,0.0,0.0,0.0,0.0,0.0,0.0,0.0,0.0,0.0,0.0,0.0,1.4628828894526634,0.44654544855087399,133.30179882003044,157.7800257200006,4124.472226863609,0.20441664232780394,0.03119912123440231,21.055420925434736,24.90656925962433,644.7689466836642,2.3824010187535018,0.4501891569828993,270.23670841389017,319.6922018293172,8389.564256285328,0.34459026108100496,0.065115317664589,273.04082611962516,323.8879966768801,7990.19958778631,0.0,0.0,9.677824236301213,11.641478472937543,206.92460957945753,0.0,0.0,12.496014199955733,14.86022831615956,344.1558461727743,0.0,0.0,178.8320268061349,214.24574228802983,4283.478726857979,0.0,0.0,36.650388944890547,44.11871325992163,759.4435802088613,0.0,0.0,121.73132425622186,145.80543406189336,2917.8309941157197,32.48694487516626,22.28185519558729,275.14022155053626,328.0988924537336,8086.071862289214,0.0,0.0,131.5474132724576,159.12988289873216,2438.7041531145166,718.4829108893398,21.508538953583139,38.09857710080507,21.4,30.0,0.0,21.353358542812776,46.35882838281589,21.000000000000005,30.0,1350.6307850057265,21.511852863066616,37.412568619811967,21.4,30.0,0.0,20.765764958067295,39.26457598105304,15.999999999999999,30.0,0.0,16.682473698769095,50.72416699535923,12.0,30.0,0.0,19.869675051555814,47.46801768246043,19.0,30.0,0.0,18.039313769974905,47.00512105051103,10.0,30.0,0.0,16.355695731027585,52.04858100565748,12.0,30.0,2967.1336992054696,18.086378408286085,46.86220311878697,20.0,30.0,0.0,19.17737734760386,0.0,0.0,0.0,15.129728778701985,0.0,0.0,728.0199406876678,1194.9060812453816,681.0663227105418,692.9065074407325,749.7965752643106,1159.8181779028033,743.5382715432854,753.9805928857609,751.4777340929908,10432.949521591237,81.1063028866824,84.07881127766278,570.0,0.0,570.0,570.0,21.0,16.0,19.0,19.0,12.0,12.0,21.0,10.0,1.0,0.0,718.4829108893398,0.0,1350.6307850057265,0.0,0.0,0.0,0.0,2967.1336992054696,4498.183722450015,2698910.2334700089,3508962.148183177,81.1063028866824,84.12929433819225,0.35393945741500057,0.7682130888764285,0.3602813740196596,84.12929433819225,0.3542647819438876,3508962.148183177,0.19310603170552527 
 03/28  22:20:00,6.1033333333333339,96.33333333333333,3.716666666666667,0.0,0.0,0.0,0.0,0.0,2.0,0.0,0.0,4.0,0.0,0.0,0.0,3112.0,0.0,0.0,0.0,0.0,0.0,0.0,0.0,0.0,0.0,0.0,0.0,21.149829002795003,-589.3068873813993,20.92933775122001,-126.38910478373455,21.091095368331908,-716.304452316534,20.088648346527607,219.3211093312002,16.68062048174529,12.272155735581919,19.557290985289464,-37.02740953576463,17.709876879063854,-58.97848779239166,16.32723049419944,-52.3190071637506,18.634487780191017,-631.0083408807666,775.3970690999154,1320.0389718336624,0.0,0.0,0.0,0.0,0.0,0.0,0.0,0.0,0.0,0.0,0.0,0.0,0.0,0.0,0.0,0.0,0.0,0.0,0.0,0.0,0.0,0.0,1.502463676242656,0.4586274958005665,129.90998808255916,153.71915687309557,3986.2567579048347,0.18417710887344558,0.02811005935186899,25.77407869169418,30.439754841928975,788.9727515479797,2.4567100732558675,0.46423092843081417,205.895146536552,243.7409525541724,6343.340123344483,0.3289175662836909,0.06215373512541397,216.05875557112177,256.29866437760497,6338.489258171689,0.0,0.0,10.124818736704324,12.171951885371318,217.55174515369624,0.0,0.0,13.718138326115757,16.295849668143896,379.7777260992243,0.0,0.0,215.7984286188698,258.28515923160509,5089.807665227044,0.0,0.0,46.27501166342448,55.71715231574992,950.8820337864222,0.0,0.0,186.2907633521312,221.55997992638755,5035.597162179646,32.40062717195033,22.22265238131025,213.2214176449512,254.4950400108866,6345.524423158515,0.0,0.0,182.22919319495558,219.22347957266096,3757.338727398571,642.2040411013225,21.302034197648476,38.80313721330137,21.25,30.0,0.0,21.33030876564434,46.372413754413688,21.0,30.0,989.9129559665146,21.37090469598028,37.98291376105544,21.25,30.0,0.0,20.735280201397655,39.568944356638578,16.0,30.0,0.0,16.68039241293232,50.99295352009529,12.0,30.0,0.0,19.88604227418823,46.06460715137423,19.0,30.0,0.0,17.848493767151138,47.80974319048779,10.0,30.0,0.0,16.203346881572658,52.905440115442207,12.0,30.0,869.0680003221349,19.68008288668335,42.637731818647399,19.5,30.0,0.0,18.87315781801245,0.0,0.0,0.0,15.909729852276538,0.0,0.0,729.114106924729,1176.8061735511745,687.6625317673348,696.854569122865,749.53409183853,1140.454280608262,747.7045941966429,759.6355217379783,752.8659187786174,9012.000166973094,82.04592080774472,85.48470866171759,570.0,0.0,570.0,570.0,21.0,16.0,19.0,19.0,12.0,12.0,21.0,10.0,1.0,0.0,642.2040411013225,0.0,989.9129559665146,0.0,0.0,0.0,0.0,869.0680003221349,5204.257433290957,3122554.4599745746,4067272.3113121746,82.04592080774472,85.54311069547028,0.3434752477763653,0.7666571023967652,0.36028137401965956,85.54311069547028,0.3542647819438875,4067272.3113121746,0.22201149352156639 
 03/28  22:30:00,6.05,96.5,3.73,0.0,0.0,0.0,0.0,0.0,2.0,0.0,0.0,4.0,0.0,0.0,0.0,2334.0,0.0,0.0,0.0,0.0,0.0,0.0,0.0,0.0,0.0,0.0,0.0,21.178230042975867,-1095.9506206884449,20.912171703448438,-85.42662789085768,21.02198482813489,-379.3092517412956,20.02050522812534,327.3054820396105,16.682117381802688,14.46729484766662,19.5497361831801,-58.288051020071979,17.618626009315365,56.93672730675763,16.32771312,-24.192366157401609,18.695886515713178,-790.5383902865684,867.843528062391,1382.2735905198238,0.0,0.0,0.0,0.0,0.0,0.0,0.0,0.0,0.0,0.0,0.0,0.0,0.0,0.0,0.0,0.0,0.0,0.0,0.0,0.0,0.0,0.0,1.4104355840048946,0.43053589255338656,223.35218515174177,263.79120008636036,6920.418001223372,0.21899740613757424,0.0334245125362598,17.794620372668658,21.025285403784055,548.682987520574,2.634435988589721,0.49781481265867746,271.83629904128557,321.612378985203,8289.720992529205,0.36000246231412927,0.06802767617424963,266.5045853924479,315.88316548515987,7784.532410063881,0.0,0.0,11.319728237570916,13.60100867273977,244.5354649569503,0.0,0.0,14.157004353253758,16.818186011788499,393.14846690053857,0.0,0.0,246.30158958432123,294.8706421327403,5822.451035682658,0.0,0.0,46.07641915597333,55.44706372088959,956.056933276625,0.0,0.0,213.73829665458454,254.2843846834092,5809.2007715922359,32.6645899659474,22.40369682163745,282.0349983385776,335.9985647939993,8291.477947006011,0.0,0.0,203.17537517763976,244.56988981171694,4185.622640791761,1053.5493780646437,21.573985291969046,37.97003941965838,21.666666666666658,29.99999999999999,0.0,21.309567153886684,46.60410461156943,20.999999999999994,29.99999999999999,0.0,21.174138459645606,38.69602497151694,20.999999999999994,29.99999999999999,0.0,20.629540634078368,40.17096214249172,15.999999999999993,29.99999999999999,0.0,16.68349147043638,51.21871242630776,11.999999999999995,29.99999999999999,0.0,19.87573685931732,45.10805230469128,18.999999999999994,29.99999999999999,0.0,17.73351512304429,48.264410209602917,9.999999999999997,29.99999999999999,0.0,16.24770566703635,52.93445182522704,11.999999999999995,29.99999999999999,1878.4488226016425,19.574557098343165,43.081367456277707,19.66666666666666,29.99999999999999,0.0,19.15819648019128,0.0,0.0,0.0,16.13755172449428,0.0,0.0,710.57546538845,1178.7096804962089,697.6187752972974,710.0821474735872,751.1598418096558,1112.5688384463522,749.0312705005417,759.7157693347164,757.5000892697569,9193.15519417118,81.92621952348782,81.92621952348782,569.9999999999998,0.0,569.9999999999998,569.9999999999998,21.0,16.0,19.0,19.0,12.0,12.0,21.0,10.0,1.0,0.0,1053.5493780646437,0.0,0.0,0.0,0.0,0.0,0.0,1878.4488226016425,0.0,0.0,0.0,81.92621952348782,81.92621952348782,0.3399999999999999,0.7696679719119046,0.36028137401965945,81.92621952348782,0.35426478194388735,0.0,0.010386666666666666 
 03/28  22:40:00,5.996666666666666,96.66666666666666,3.743333333333333,0.0,0.0,0.0,0.0,0.0,2.0,0.0,0.0,0.0,0.0,0.0,0.0,4668.0,0.0,0.0,0.0,0.0,0.0,0.0,0.0,0.0,0.0,0.0,0.0,20.618152610418016,-169.82368704829742,20.594933400177657,-519.6571037942007,20.459124370698136,-264.26964922918196,19.94613077018917,74.34920418796377,16.682741207673609,12.56171079352889,19.432532030926756,-53.603879399628478,17.570685192301118,-32.685277340776739,16.31843292110954,-15.05246217896803,18.38350991898994,-570.4732058835895,735.1891298865397,1247.911842441847,0.0,0.0,0.0,0.0,0.0,0.0,0.0,0.0,0.0,0.0,0.0,0.0,0.0,0.0,0.0,0.0,0.0,0.0,0.0,0.0,0.0,0.0,1.4172408024434869,0.43261318755906155,196.9669255734578,233.75897522165369,5803.652777247149,0.25178667737164575,0.03842898006282745,131.6266757113804,156.1236977526032,3904.879195026553,2.4006179065939685,0.4536315016239545,169.5616445146197,201.30753258279217,5050.02521031513,0.3052698744905965,0.057685161468366618,131.24985951895463,156.0254674474908,3829.431762044944,0.0,0.0,10.507823453901154,12.637623721708606,228.12794407747485,0.0,0.0,12.753911156015306,15.174001745551872,352.3436939364071,0.0,0.0,227.67458926675858,272.92227994792469,5370.091478226741,0.0,0.0,43.30269097798865,52.15506509350551,904.4477501198663,0.0,0.0,198.52813336717098,236.84647900086146,5223.888219986437,32.16755243286761,22.062793163832369,201.25786925204216,240.47769022690134,5978.383777807747,0.0,0.0,190.81579245961448,230.04220013471653,3901.2695535639029,0.0,20.585178030855848,42.246479518451859,21.999999999999976,29.999999999999969,0.0,20.761859915997758,41.117134166781998,11.99999999999999,29.999999999999969,0.0,20.620156746331639,41.082596657566707,21.833333333333309,29.999999999999969,0.0,20.472762822956914,41.51879643466211,11.99999999999999,29.999999999999969,0.0,16.68508855658347,51.50440377377058,11.99999999999999,29.999999999999969,0.0,19.744494645119454,44.67847033784245,11.99999999999999,29.999999999999969,0.0,17.643682718526866,49.31099702363639,9.99999999999999,29.999999999999969,0.0,16.263961042685975,53.08285492160706,11.99999999999999,29.999999999999969,0.0,19.02477791477324,45.07934928630139,19.333333333333316,29.999999999999969,0.0,18.501279520379155,0.0,0.0,0.0,15.998180466829485,0.0,0.0,813.4348019853571,767.4692691998579,750.6047921384458,758.9116557913061,757.0791323750057,1089.4039104285803,779.4568131197857,763.9675414845121,777.2393548038319,0.0,80.51977407296973,80.51977407296973,59.999999999999939,0.0,59.999999999999939,59.999999999999939,12.0,12.0,12.0,19.0,12.0,12.0,21.0,10.0,0.0,0.0,0.0,0.0,0.0,0.0,0.0,0.0,0.0,0.0,0.0,0.0,0.0,80.51977407296973,80.51977407296973,0.0,0.0,0.0,80.51977407296973,0.0,0.0,0.00108 
 03/28  22:50:00,5.943333333333333,96.83333333333334,3.7566666666666665,0.0,0.0,0.0,0.0,0.0,2.0,0.0,0.0,0.0,0.0,0.0,0.0,2334.0,0.0,0.0,0.0,0.0,0.0,0.0,0.0,0.0,0.0,0.0,0.0,20.258367651701357,-183.39243047681868,20.21885879093041,-372.9816081703922,20.11986103285102,-259.5901784761153,19.743689880854438,26.966164870298625,16.677148067150676,8.116683628374315,19.313742465257563,-42.04260411862873,17.487395365250408,-16.150200064291327,16.286195542411645,-45.21572243891694,17.84657792080288,-185.67978436065477,617.7294612978833,926.0364672638374,0.0,0.0,0.0,0.0,0.0,0.0,0.0,0.0,0.0,0.0,0.0,0.0,0.0,0.0,0.0,0.0,0.0,0.0,0.0,0.0,0.0,0.0,1.429799943306733,0.43644686914124988,217.47571872593154,258.0669418449331,6164.722311093496,0.25920688220920687,0.03956148995867019,131.52332952221048,156.08100974638726,3742.0906460497164,2.1908710914620759,0.413996804887014,103.77341701997242,123.20947292967105,3001.4313135682934,0.27224953029311069,0.051445489473376949,62.73397188928497,74.62331606874034,1796.7061588439122,0.0,0.0,9.485895994814002,11.399799746256699,206.8283943967376,0.0,0.0,11.606332050552208,13.805733040231827,318.14263897056846,0.0,0.0,175.80804352576588,210.7095049647432,4120.295821265239,0.0,0.0,38.64677467323623,46.51269959861552,808.9402690490261,0.0,0.0,147.36800345320345,176.25459125932114,3632.785372590793,31.764657189443839,21.786458977670699,181.0626057698604,216.08887289901686,5322.460302041403,0.0,0.0,140.78610275369304,170.01188518740305,2708.989006937486,0.0,20.022250697347457,42.396601565782678,22.000000000000019,30.00000000000002,0.0,20.158989499302803,41.630179315879079,12.00000000000001,30.00000000000002,0.0,20.093268412435554,42.160213813302529,22.000000000000019,30.00000000000002,0.0,20.1127343325064,42.48359909570778,12.00000000000001,30.00000000000002,0.0,16.676179211552097,51.90531556982404,12.00000000000001,30.00000000000002,0.0,19.575356987135714,44.6672668740484,12.00000000000001,30.00000000000002,0.0,17.512669826799244,49.70084239341179,10.000000000000007,30.00000000000002,0.0,16.22889310461037,53.63318550702744,12.00000000000001,30.00000000000002,0.0,18.11666236286754,47.90532749345074,20.000000000000015,30.00000000000002,0.0,18.28533030491557,0.0,0.0,0.0,15.288343145700005,0.0,0.0,733.4497104673604,702.2375004882931,727.3676943803736,757.0221257278622,767.0446487117423,1086.832888471848,771.294365855991,778.4342613864125,781.2914320755997,0.0,80.51977407296987,80.51977407296987,60.00000000000004,0.0,60.00000000000004,60.00000000000004,12.0,12.0,12.0,19.0,12.0,12.0,21.0,10.0,0.0,0.0,0.0,0.0,0.0,0.0,0.0,0.0,0.0,0.0,0.0,0.0,0.0,80.51977407296987,80.51977407296987,0.0,0.0,0.0,80.51977407296987,0.0,0.0,0.00109 
 03/28  23:00:00,5.89,97.0,3.77,0.0,0.0,0.0,0.0,0.0,2.0,0.0,0.0,0.0,0.0,0.0,0.0,1556.0,0.0,0.0,0.0,0.0,0.0,0.0,0.0,0.0,0.0,0.0,0.0,19.98166120071047,-260.49398334469699,19.982141893837345,-133.49999254090313,19.859915626670927,-195.50943670186644,19.506149608406085,-81.84018993310701,16.66614023618112,4.745361968257896,19.22272890050815,-40.547611212974178,17.453059500327578,15.694185355379887,16.2096671384327,-75.58820500476793,17.60679757749138,-78.39921430370578,554.1710035221254,691.8505105277852,0.0,0.0,0.0,0.0,0.0,0.0,0.0,0.0,0.0,0.0,0.0,0.0,0.0,0.0,0.0,0.0,0.0,0.0,0.0,0.0,0.0,0.0,1.3999773770137394,0.42734352167696568,167.62573083468207,199.20124456324442,4656.026579275134,0.26553299376677999,0.040527013700668499,92.50679043363135,109.85421920312649,2593.9126224256908,2.1411231082269905,0.4045962033686681,97.48637462608639,115.75663238252972,2758.14054944123,0.2669021180925991,0.05043501853601645,92.54568356232855,109.87958330479143,2570.3176371366864,0.0,0.0,9.031207107474394,10.842341251848236,197.6117761731283,0.0,0.0,10.781999693423215,12.818143327038964,294.2273429147592,0.0,0.0,139.28933663987406,166.78511162359218,3268.4993516554907,0.0,0.0,35.99973832644443,43.30078507324433,749.2225595441008,0.0,0.0,110.34930201189614,132.01287631900528,2648.8928193017,31.458943919462198,21.57677909428135,163.6328074705824,195.31115191997066,4830.5915566617609,0.0,0.0,102.93745624377684,124.43268095080137,1869.0992112013892,0.0,19.62194604119571,42.963253726531167,22.0,30.0,0.0,19.824698184985725,42.3550641682323,12.0,30.0,0.0,19.717529447426395,42.81566506026043,22.0,30.0,0.0,19.6947371113406,43.02963579145228,12.0,30.0,0.0,16.659084141205214,52.164765709173639,12.0,30.0,0.0,19.455597978088634,44.67548226298811,12.0,30.0,0.0,17.47627302729569,49.68289275941068,10.0,30.0,0.0,16.111964977549456,54.30526845698476,12.0,30.0,0.0,17.744964178868587,48.948930892030549,20.0,30.0,0.0,18.12131835156633,0.0,0.0,0.0,14.73430851516432,0.0,0.0,698.721029673266,692.2940058546494,706.2073711977776,717.569354427915,770.459053728096,1091.8298201831904,758.5643215768017,788.29570592735,770.1892018459743,0.0,80.51977407296981,80.51977407296981,60.0,0.0,60.0,60.0,12.0,12.0,12.0,19.0,12.0,12.0,21.0,10.0,0.0,0.0,0.0,0.0,0.0,0.0,0.0,0.0,0.0,0.0,0.0,0.0,0.0,80.51977407296981,80.51977407296981,0.0,0.0,0.0,80.51977407296981,0.0,0.0,0.0011 
 03/28  23:10:00,5.8566666666666669,97.0,3.75,0.0,0.0,0.0,0.0,0.0,2.0,0.0,0.0,0.0,0.0,0.0,0.0,1556.0,0.0,0.0,0.0,0.0,0.0,0.0,0.0,0.0,0.0,0.0,0.0,19.70770658398358,-107.57395202926091,19.842715435456634,-326.593724989536,19.585251281391849,-205.45470965077358,19.31789098105166,-162.7433567204871,16.652911743942803,1.3096905379010764,19.149428369179426,-29.539212949706895,17.57685736516444,112.87625779755308,16.09467789018183,-130.65019391803606,17.47288553280628,-50.565676309382187,632.5154718583517,392.98530513286758,0.0,0.0,0.0,0.0,0.0,0.0,0.0,0.0,0.0,0.0,0.0,0.0,0.0,0.0,0.0,0.0,0.0,0.0,0.0,0.0,0.0,0.0,1.358062516214499,0.4145489976234734,293.586144195305,349.1580263847244,7963.220751249317,0.23615435082711118,0.036043093838081689,224.529834337036,266.7175097445031,6200.234263736029,2.0655942156863968,0.3903239258666662,211.33123003571886,251.47278429818068,5766.575499496899,0.25745719321507096,0.04865026326815398,200.93935858219505,239.00859144974897,5474.823247081491,0.0,0.0,7.761070772326896,9.320888428940219,170.05611024053429,0.0,0.0,11.107518019560754,13.211060723858737,301.95873743341516,0.0,0.0,89.21011751501976,106.69033765463539,2146.603645807806,0.0,0.0,37.17414302403989,44.738334869731669,762.4209347734819,0.0,0.0,39.569108882013427,47.37583739045454,938.680162808728,31.03244415687015,21.284255251625625,404.2389077784677,482.41060920688076,10990.553201934486,0.0,0.0,52.93582327853041,64.08701038115662,902.9118586420561,0.0,19.245329582678637,43.70518694065801,22.0,30.0,0.0,19.638430043936525,42.59011984252204,12.0,30.0,0.0,19.305416028544867,43.65583032012441,22.0,30.0,0.0,19.39273430536562,43.40647369375759,12.0,30.0,0.0,16.640251177263737,52.220422907203047,12.0,30.0,0.0,19.36663573904642,44.62630103059573,12.0,30.0,0.0,17.746571093125657,48.41263492877917,10.0,30.0,0.0,15.924287313392848,54.97777013361272,12.0,30.0,0.0,17.563161464188107,49.292808502291268,20.0,30.0,0.0,18.39092814840853,0.0,0.0,0.0,14.156928481912523,0.0,0.0,680.5517429205768,674.4252024498866,689.1547175957692,686.4209384761439,763.1378996982331,1084.5456878668425,719.8993382346876,788.1438138843961,752.0918158969234,0.0,80.51977407296981,80.51977407296981,60.0,0.0,60.0,60.0,12.0,12.0,12.0,19.0,12.0,12.0,21.0,10.0,0.0,0.0,0.0,0.0,0.0,0.0,0.0,0.0,0.0,0.0,0.0,0.0,0.0,80.51977407296981,80.51977407296981,0.0,0.0,0.0,80.51977407296981,0.0,0.0,0.00111 
 03/28  23:20:00,5.823333333333333,97.0,3.7300000000000006,0.0,0.0,0.0,0.0,0.0,2.0,0.0,0.0,0.0,0.0,0.0,0.0,1556.0,0.0,0.0,0.0,0.0,0.0,0.0,0.0,0.0,0.0,0.0,0.0,19.609024836622994,-283.03425381075797,19.571635976335736,-260.9039520726701,19.51232492954977,-115.79476176735557,19.161339753483504,-12.975377309819365,16.640751837463399,3.859671448174467,19.091396924454675,-31.691904158642786,17.556934129394155,43.56334930448793,15.996081209704922,-112.79870333490601,17.21778848018895,-337.9738269801953,530.8096432775001,750.7141758567143,0.0,0.0,0.0,0.0,0.0,0.0,0.0,0.0,0.0,0.0,0.0,0.0,0.0,0.0,0.0,0.0,0.0,0.0,0.0,0.0,0.0,0.0,1.357480461105331,0.41437132512372745,288.6375736741287,343.59359259457167,7762.789888019866,0.24729068148840564,0.037742778004945919,182.65292705638286,217.46899626233023,4924.407061666481,2.0794094944724339,0.3929345227650103,76.21895068753378,90.6567711668217,2118.8952836864984,0.2598207055120186,0.049096883127743479,45.42519604691021,53.9590836487168,1226.1391707706665,0.0,0.0,7.682665618545977,9.221856708935374,168.6454112457599,0.0,0.0,10.961333140401007,13.037892630290826,297.36228979477348,0.0,0.0,149.432749453754,178.76302176161335,3591.5376405008685,0.0,0.0,38.47622036213727,46.332321995668497,781.0101030123711,0.0,0.0,82.45154892453692,98.83716568043471,1890.540345149659,30.987283165786516,21.25328063497018,239.04161689765028,285.65625786706019,6647.248053774818,0.0,0.0,109.65194035125941,132.65506818225723,1945.4973928733053,0.0,19.145293090935174,43.581462451358209,22.0,30.0,0.0,19.226922477511537,43.21311112727766,12.0,30.0,0.0,19.283161809252186,43.34228284172799,22.0,30.0,0.0,19.178641881919764,43.58057518550267,12.0,30.0,0.0,16.626303508291949,52.19956546872067,12.0,30.0,0.0,19.303243799709177,44.53928125471204,12.0,30.0,0.0,17.697938621057163,48.44367865914752,10.0,30.0,0.0,15.782139613200404,55.10031803854778,12.0,30.0,0.0,17.12364133688302,50.506522559967098,20.0,30.0,0.0,18.026092465351625,0.0,0.0,0.0,14.469589514157886,0.0,0.0,652.3761106319504,639.7927840250582,663.5096875158702,657.8903464884925,755.4327102205384,1077.3412963317508,718.5951426701533,757.6110678358175,746.0287428574592,0.0,80.51977407296981,80.51977407296981,60.0,0.0,60.0,60.0,12.0,12.0,12.0,19.0,12.0,12.0,21.0,10.0,0.0,0.0,0.0,0.0,0.0,0.0,0.0,0.0,0.0,0.0,0.0,0.0,0.0,80.51977407296981,80.51977407296981,0.0,0.0,0.0,80.51977407296981,0.0,0.0,0.00111 
 03/28  23:30:00,5.79,97.0,3.71,0.0,0.0,0.0,0.0,0.0,2.0,0.0,0.0,0.0,0.0,0.0,0.0,1556.0,0.0,0.0,0.0,0.0,0.0,0.0,0.0,0.0,0.0,0.0,0.0,19.384684170263495,-94.90242583158124,19.525294326653087,-250.67612673102895,19.354153034242495,-299.5748103879241,19.013789185041096,-105.1136096063824,16.63011706880085,4.173686223831808,19.027595766664207,-34.66321800401627,17.44582281425747,-59.61357080581229,15.952371733730438,-82.59695613915517,16.940636882013913,-392.9077175845705,587.3086294280329,854.7853286094528,0.0,0.0,0.0,0.0,0.0,0.0,0.0,0.0,0.0,0.0,0.0,0.0,0.0,0.0,0.0,0.0,0.0,0.0,0.0,0.0,0.0,0.0,1.3488193872994896,0.4117275297006989,387.45917641871,461.50032146598138,10256.58772088787,0.2338241935908884,0.035687453234262579,190.71558430515149,226.8123364126261,5146.195889169105,1.9770932258574999,0.3736003828150984,346.6906184025426,412.81277080419866,9311.251820150093,0.2501673964935144,0.04727275066015009,181.77499385895153,216.55094678243357,4817.435395638613,0.0,0.0,7.014567200226773,8.424332071814343,154.31026267816356,0.0,0.0,11.194942019201744,13.319704650460907,302.8227588319556,0.0,0.0,173.7449241186351,208.0129099086563,4118.733242636357,0.0,0.0,34.099710884693838,41.06724074971594,692.0832651837097,0.0,0.0,113.07522682822234,135.7364128539877,2504.6000538426735,30.847996097689504,21.157747666453714,517.2802674755924,617.7348050843855,13694.642267290214,0.0,0.0,138.57953940142375,167.58216554836694,2494.6414652954524,0.0,18.859735164571388,44.275197903748168,22.0,30.0,0.0,19.236498428493797,43.07562475612468,12.0,30.0,0.0,19.070063376645935,43.51740016987386,22.0,30.0,0.0,18.942970336465014,44.045223030962649,12.0,30.0,0.0,16.61660696527022,52.099808102783359,12.0,30.0,0.0,19.227558065385784,44.515677729002188,12.0,30.0,0.0,17.489548783843476,48.90653161913778,10.0,30.0,0.0,15.746774350608924,54.94001123397247,12.0,30.0,0.0,16.692596744099619,51.64116067895895,20.0,30.0,0.0,18.18457675202376,0.0,0.0,0.0,14.569542625179294,0.0,0.0,648.5586895801881,633.621641209503,633.861579672217,649.0479570110247,745.2955160165452,1067.8644968786203,708.9621389439358,736.6019406573093,729.4662049224423,0.0,80.51977407296981,80.51977407296981,60.0,0.0,60.0,60.0,12.0,12.0,12.0,19.0,12.0,12.0,21.0,10.0,0.0,0.0,0.0,0.0,0.0,0.0,0.0,0.0,0.0,0.0,0.0,0.0,0.0,80.51977407296981,80.51977407296981,0.0,0.0,0.0,80.51977407296981,0.0,0.0,0.00111 
 03/28  23:40:00,5.756666666666667,97.0,3.69,0.0,0.0,0.0,0.0,0.0,2.0,0.0,0.0,0.0,0.0,0.0,0.0,1556.0,0.0,0.0,0.0,0.0,0.0,0.0,0.0,0.0,0.0,0.0,0.0,19.374285504528875,-237.01819583491034,19.344455796358269,-214.30217342275638,19.12969361187374,-166.35473868506416,18.935478858875564,-138.24123853009315,16.617645581179674,3.8498306750015418,18.96997726952428,-41.70817120690165,17.305158105647665,-43.72331698839798,15.92129336444718,-72.9592055477084,16.703778528008848,-366.866668545365,568.8278199329616,852.6545594951135,0.0,0.0,0.0,0.0,0.0,0.0,0.0,0.0,0.0,0.0,0.0,0.0,0.0,0.0,0.0,0.0,0.0,0.0,0.0,0.0,0.0,0.0,1.3139301763298197,0.40107758740226487,335.3699575717211,399.5381592151309,8909.216206674388,0.23207898096569003,0.03542108989097833,166.9690338521262,199.05034788778648,4441.2068961801319,2.059417777804403,0.3891567985269092,306.50691328366596,365.2343740399076,8086.738210249389,0.25459179144707047,0.04810880412832017,173.2520287286904,206.4236412257601,4574.886859023809,0.0,0.0,7.0756601123067839,8.494015714542782,155.96729957194013,0.0,0.0,11.532097071713855,13.7253064576744,311.28719626435216,0.0,0.0,185.2116344209766,221.9126683687837,4316.31646858907,0.0,0.0,30.914231239050623,37.231530550229219,628.4825224950387,0.0,0.0,124.5628233173538,149.72244284253197,2684.23810299713,30.853083218836376,21.161236775607944,452.69830676346489,540.8614885363743,12029.87825364461,0.0,0.0,148.2150920378483,179.2606650872697,2674.2608401415347,0.0,18.91425367072818,43.859138425962928,22.0,30.0,0.0,18.98041150477271,43.37305028634982,12.0,30.0,0.0,18.754259334999007,44.158497861014527,22.0,30.0,0.0,18.861124643985968,44.16114375951955,12.0,30.0,0.0,16.604728500684808,52.0098398538595,12.0,30.0,0.0,19.163125297324357,44.43805140002455,12.0,30.0,0.0,17.253750800741007,49.4040646525134,10.0,30.0,0.0,15.729912825084473,54.75964443776256,12.0,30.0,0.0,16.349332627342024,52.56241981016842,20.0,30.0,0.0,18.094200749761684,0.0,0.0,0.0,14.552019079235868,0.0,0.0,631.0744088088312,606.2103084237713,619.7866888379931,643.6102880262432,739.291956558057,1050.6688638117449,694.9207964088435,723.2304858800546,717.7911810863413,0.0,80.51977407296981,80.51977407296981,60.0,0.0,60.0,60.0,12.0,12.0,12.0,19.0,12.0,12.0,21.0,10.0,0.0,0.0,0.0,0.0,0.0,0.0,0.0,0.0,0.0,0.0,0.0,0.0,0.0,80.51977407296981,80.51977407296981,0.0,0.0,0.0,80.51977407296981,0.0,0.0,0.00111 
 03/28  23:50:00,5.723333333333334,97.0,3.67,0.0,0.0,0.0,0.0,0.0,2.0,0.0,0.0,0.0,0.0,0.0,0.0,1556.0,0.0,0.0,0.0,0.0,0.0,0.0,0.0,0.0,0.0,0.0,0.0,19.177792113969603,-111.5391247827256,19.30978299123874,-255.4054874434355,19.0859067993635,-254.85726104644255,18.794699073584597,-77.02322645608183,16.602881661945696,3.237498900540359,18.90837450365217,-42.24951346606238,17.20682316061628,-90.64052798460398,15.894475624671938,-68.75198973581559,16.527971099917985,-356.68087070566028,529.436459188104,851.4131813159088,0.0,0.0,0.0,0.0,0.0,0.0,0.0,0.0,0.0,0.0,0.0,0.0,0.0,0.0,0.0,0.0,0.0,0.0,0.0,0.0,0.0,0.0,1.3033109302603,0.3978360592980159,327.82869491972169,390.6876455007432,8601.711072756309,0.2233733984372669,0.03409239902888689,159.87101166523002,190.22291750005065,4255.54903408131,1.9133087626749923,0.3615473852371491,276.3090327679912,329.3168552748908,7298.402939213001,0.2528271494341742,0.04777534947735717,141.73356661628305,168.93127668003803,3703.1029659109519,0.0,0.0,6.590510292991334,7.914978867642663,145.5181643787667,0.0,0.0,11.790574680709968,14.035229953613607,317.4155932103795,0.0,0.0,188.4745439403789,225.9402903325763,4350.687596642127,0.0,0.0,27.75942664051457,33.43448627808028,565.5518182800664,0.0,0.0,131.93576763683127,158.6889624643465,2791.2385728334868,30.79941563145453,21.12442773076443,413.2709410427823,493.8192713293966,10943.57922673029,0.0,0.0,153.69374939147299,185.9086752625944,2762.5021037946978,0.0,18.65757665369743,44.44078775276422,22.0,30.0,0.0,18.996394339021696,43.22919438584549,12.0,30.0,0.0,18.763627617740135,43.91769841244883,22.0,30.0,0.0,18.6657632538979,44.461317020192627,12.0,30.0,0.0,16.589689751575045,51.87928631711277,12.0,30.0,0.0,19.09149554188685,44.400241432481838,12.0,30.0,0.0,17.102976145670625,49.680450587370199,10.0,30.0,0.0,15.717855245668745,54.583960470353378,12.0,30.0,0.0,16.116855298588214,53.10204419274838,20.0,30.0,0.0,17.930421238770984,0.0,0.0,0.0,14.487517222355404,0.0,0.0,624.5446127071655,601.7045590509545,606.9872755816159,628.4600575529219,727.3294219284603,1035.0741648900367,684.3016355615623,711.171314951444,704.2470590656121,0.0,80.51977407296981,80.51977407296981,60.0,0.0,60.0,60.0,12.0,12.0,12.0,19.0,12.0,12.0,21.0,10.0,0.0,0.0,0.0,0.0,0.0,0.0,0.0,0.0,0.0,0.0,0.0,0.0,0.0,80.51977407296981,80.51977407296981,0.0,0.0,0.0,80.51977407296981,0.0,0.0,0.0011033333333333334 
 03/28  24:00:00,5.69,97.0,3.65,0.0,0.0,0.0,0.0,0.0,2.0,0.0,0.0,0.0,0.0,0.0,0.0,1556.0,0.0,0.0,0.0,0.0,0.0,0.0,0.0,0.0,0.0,0.0,0.0,19.159349827922087,-230.55410220481918,19.145577557642829,-209.1865076226286,18.911735699513565,-157.18765215163058,18.74200629545579,-133.06664687648664,16.58766392860427,2.8213732461855445,18.85245730172805,-47.514572011029319,17.09816490262422,-63.87867491706993,15.865855830016534,-65.86654287126919,16.377353795660914,-335.8589939970145,531.1562570401802,833.914647862493,0.0,0.0,0.0,0.0,0.0,0.0,0.0,0.0,0.0,0.0,0.0,0.0,0.0,0.0,0.0,0.0,0.0,0.0,0.0,0.0,0.0,0.0,1.2857880081237912,0.3924871819669693,326.35093495892206,389.0939554538312,8573.215634653348,0.22675537430728566,0.03460857361222309,161.14315481021939,192.2610449108019,4240.5378296147359,1.978497622014478,0.37386576379714267,299.33196821423948,356.9639115118093,7806.029862539282,0.2505219865421064,0.047339755582408608,169.70594567201494,202.368967678278,4426.1880456500589,0.0,0.0,6.734961116929247,8.086030163386866,148.96694493467906,0.0,0.0,11.91919250563934,14.192878787340192,320.26675531669187,0.0,0.0,191.87845968160077,230.14067802357014,4382.104995583314,0.0,0.0,25.760655007260057,31.028143694220924,525.6733117541127,0.0,0.0,134.93377629980996,162.41803175635199,2813.591491659089,30.80718504859241,21.12975654910317,439.5170105434945,525.4821862088437,11582.774963386462,0.0,0.0,155.39287326532037,188.02021030947589,2784.2010124537139,0.0,18.69226487257324,44.026970111042007,22.0,30.0,0.0,18.76562429547331,43.433267842469899,12.0,30.0,0.0,18.52878728135261,44.305577741464649,22.0,30.0,0.0,18.622089133920647,44.45280246456721,12.0,30.0,0.0,16.575035522506039,51.762073687485038,12.0,30.0,0.0,19.02995129593072,44.32457118383917,12.0,30.0,0.0,16.94470864680598,49.92414366243311,10.0,30.0,0.0,15.700329662718179,54.4125498614966,12.0,30.0,0.0,15.926559064654662,53.52926238178091,20.0,30.0,0.0,17.89574139892799,0.0,0.0,0.0,14.422571150380819,0.0,0.0,604.5771376743145,574.382930921031,591.17239461913,621.7876682885142,720.2425804921516,1015.2444531919523,669.9462007161192,699.5559307658862,693.3399502537707,0.0,80.51977407296981,80.51977407296981,60.0,0.0,60.0,60.0,12.0,12.0,12.0,19.0,12.0,12.0,21.0,10.0,0.0,0.0,0.0,0.0,0.0,0.0,0.0,0.0,0.0,0.0,0.0,0.0,0.0,80.51977407296981,80.51977407296981,0.0,0.0,0.0,80.51977407296981,0.0,0.0,0.0010966666666666669 
 03/29  00:10:00,5.668333333333334,97.0,3.625,0.0,0.0,0.0,0.0,0.0,2.0,2.0,0.0,0.0,0.0,0.0,0.0,1556.0,0.0,0.0,0.0,0.0,0.0,0.0,0.0,0.0,0.0,0.0,0.0,18.988064119791095,-105.48563311544149,19.12267724656852,-246.6409988290693,18.886011838974264,-240.89137826241677,18.62557269918679,-76.49794321191735,16.568832052986953,0.98832463768548,18.796450323997616,-41.086620637980249,17.204129945099397,59.22222521587878,15.797853864982379,-110.9391525795516,16.428154861545467,-128.53689909382246,499.70722861818197,489.19366656131697,0.0,0.0,0.0,0.0,0.0,0.0,0.0,0.0,0.0,0.0,0.0,0.0,0.0,0.0,0.0,0.0,0.0,0.0,0.0,0.0,0.0,0.0,1.2968792992798442,0.3958728019779745,314.44347820693067,374.9910349577637,8173.4872195028979,0.22299034156158799,0.03403393491477229,153.6262607674296,182.91736027516672,4048.609003449309,1.8913588911242752,0.35739963929030157,266.21876375538957,317.5292874647495,6960.10430051515,0.25202971303563256,0.047624662327217018,137.61821540760443,164.14276162688129,3558.675978275054,0.0,0.0,6.457070752500112,7.755830831554492,142.84317462154773,0.0,0.0,11.400587634116459,13.577157503045836,305.4963090781665,0.0,0.0,87.218821950557,104.53387433361852,2040.1126120720363,0.0,0.0,31.17097515228175,37.56081897133541,631.5208902973277,0.0,0.0,30.289115009961237,36.43290871849136,643.1659379232048,30.80985463008231,21.131587537779369,396.35754703933699,473.91818041591275,10427.873464510834,0.0,0.0,69.38145563245861,84.10680253232818,1171.2089749391608,0.0,18.474144260000445,44.499348649249899,22.0,30.0,0.0,18.798494058145758,43.280425476538,12.0,30.0,0.0,18.562400383484904,44.01060831963202,22.0,30.0,0.0,18.468923134765825,44.59851227762021,12.0,30.0,0.0,16.55442949023019,51.56151364086456,12.0,30.0,0.0,18.96956677885354,44.26033634570861,12.0,30.0,0.0,17.20686673928681,48.62613736054923,10.0,30.0,0.0,15.603142191797673,54.46083212034551,12.0,30.0,0.0,16.100153226874924,52.81143020211234,20.0,30.0,0.0,17.752802839459315,0.0,0.0,0.0,13.880125945327875,0.0,0.0,597.8084623160037,572.7398727575708,580.2649039673481,607.8030436885763,705.611383732692,1009.192350637732,642.8794986604082,688.407517427618,746.0834385619178,0.0,80.51977407296981,80.51977407296981,60.0,0.0,60.0,60.0,12.0,12.0,12.0,19.0,12.0,12.0,21.0,10.0,0.0,0.0,0.0,0.0,0.0,0.0,0.0,0.0,0.0,0.0,0.0,0.0,0.0,80.51977407296981,80.51977407296981,0.0,0.0,0.0,80.51977407296981,0.0,0.0,0.00109 
 03/29  00:20:00,5.6466666666666669,97.0,3.6,0.0,0.0,0.0,0.0,0.0,2.0,2.0,0.0,0.0,0.0,0.0,0.0,1556.0,0.0,0.0,0.0,0.0,0.0,0.0,0.0,0.0,0.0,0.0,0.0,18.9870324546463,-216.810696331705,18.976542757504079,-196.97067873486936,18.734907998848308,-146.71627970141254,18.588409943563567,-123.86268285635242,16.549317922026846,0.39403182821791918,18.748388830679354,-38.70492572162971,17.239036939472535,46.15351304747014,15.715897627173213,-122.68852757962697,16.508092936136188,-136.15575053797284,507.6310825849732,529.568155431812,0.0,0.0,0.0,0.0,0.0,0.0,0.0,0.0,0.0,0.0,0.0,0.0,0.0,0.0,0.0,0.0,0.0,0.0,0.0,0.0,0.0,0.0,1.2903939574189428,0.39389314939528177,312.10228293791638,372.3210248944097,8127.978716886921,0.2289531241179516,0.03494400551250788,155.3168436944458,185.4219694074164,4050.8783506041875,1.9774422817730999,0.3736663419828232,287.1335758315912,342.61394302870488,7423.443973323622,0.2515682387507447,0.047537460081395439,163.07942267010115,194.58870027580884,4214.347373363684,0.0,0.0,6.6273813723940269,7.9586884593870679,146.63447209847403,0.0,0.0,11.01630144126994,13.123253877620435,294.68728394271076,0.0,0.0,89.81277326508524,107.59223920988413,2119.147432407257,0.0,0.0,35.03319832100671,42.23250219163742,703.3257582488718,0.0,0.0,29.363232906876584,35.29833761788859,635.179746795714,30.856628799294485,21.16366858662174,421.2444265661115,503.91308984740206,11035.107763094902,0.0,0.0,71.24283107525504,86.39689449329856,1190.0970939136078,0.0,18.53245067342946,43.99997886302255,22.0,30.0,0.0,18.597337978986454,43.42491177458383,12.0,30.0,0.0,18.362273032565868,44.304824579521149,22.0,30.0,0.0,18.452429877746284,44.493141718899909,12.0,30.0,0.0,16.533895165849207,51.391963714161679,12.0,30.0,0.0,18.92259864570066,44.15963263620283,12.0,30.0,0.0,17.286364172532588,48.04021421916036,10.0,30.0,0.0,15.487520940208356,54.45475328973076,12.0,30.0,0.0,16.28101610312251,51.92088510797289,20.0,30.0,0.0,17.73729549838861,0.0,0.0,0.0,13.769478904171109,0.0,0.0,579.3831899208897,548.4932474069276,566.9098730732549,602.4805231376354,697.8498671577091,1007.6318374869049,630.2138675299023,670.4946885548559,772.3588300373251,0.0,80.51977407296981,80.51977407296981,60.0,0.0,60.0,60.0,12.0,12.0,12.0,19.0,12.0,12.0,21.0,10.0,0.0,0.0,0.0,0.0,0.0,0.0,0.0,0.0,0.0,0.0,0.0,0.0,0.0,80.51977407296981,80.51977407296981,0.0,0.0,0.0,80.51977407296981,0.0,0.0,0.0011066666666666669 
 03/29  00:30:00,5.625,97.0,3.575,0.0,0.0,0.0,0.0,0.0,2.0,2.0,0.0,0.0,0.0,0.0,0.0,1556.0,0.0,0.0,0.0,0.0,0.0,0.0,0.0,0.0,0.0,0.0,0.0,18.825954977974825,-103.43308746938055,18.962469257495646,-234.21348935108473,18.72037883374836,-224.91488667341583,18.486581114213047,-72.70792616698327,16.528469781814868,-0.09918861499119203,18.700501665217624,-33.617886593077489,17.250352870244293,6.883400527992535,15.636434106496168,-127.63388303068922,16.559564153168254,-133.24448919462464,484.17097195664339,534.383975676508,0.0,0.0,0.0,0.0,0.0,0.0,0.0,0.0,0.0,0.0,0.0,0.0,0.0,0.0,0.0,0.0,0.0,0.0,0.0,0.0,0.0,0.0,1.2895873424401863,0.39364692992679686,310.0761364474275,370.01585713647918,7993.818471722365,0.22249576854307608,0.033958450632337617,153.39923973863547,182.76452058678184,4011.359620313206,1.8514606377947037,0.34986028680927896,261.8219578396402,312.4773077924606,6791.351298220165,0.25010407366259659,0.047260784894670549,134.60303595372182,160.64632469595029,3454.1691612649694,0.0,0.0,6.362010119822104,7.643289987697658,140.76892541443426,0.0,0.0,10.912062707542816,13.000642247424448,291.37184039394085,0.0,0.0,86.10353961665531,103.16404388100068,2041.1216132011739,0.0,0.0,36.69304775477557,44.25174531971347,730.5537522369345,0.0,0.0,27.043871892677175,32.49790072832148,592.5317031155222,30.85627936992541,21.16342892313129,392.03067874100727,469.0082925795982,10249.90882291806,0.0,0.0,69.7365689034079,84.60437800552163,1154.3536743286082,0.0,18.321498463314449,44.46584866244429,22.0,30.0,0.0,18.641112281682085,43.264903092701427,12.0,30.0,0.0,18.40937164180542,43.989424970901797,22.0,30.0,0.0,18.321922237868749,44.54777147621608,12.0,30.0,0.0,16.511907431289097,51.16878230808376,12.0,30.0,0.0,18.875044962216117,44.05793787962503,12.0,30.0,0.0,17.320967919817563,47.74265723598313,10.0,30.0,0.0,15.38070528986917,54.49281356204048,12.0,30.0,0.0,16.401112496250783,51.2652799009667,20.0,30.0,0.0,17.621368928899295,0.0,0.0,0.0,13.6710886675017,0.0,0.0,575.5499346703116,549.0297222575443,558.8594550079649,588.3410008922322,684.4791480438962,1009.377670267195,626.2689279362512,659.8897865962995,783.9045826129925,0.0,80.51977407296981,80.51977407296981,60.0,0.0,60.0,60.0,12.0,12.0,12.0,19.0,12.0,12.0,21.0,10.0,0.0,0.0,0.0,0.0,0.0,0.0,0.0,0.0,0.0,0.0,0.0,0.0,0.0,80.51977407296981,80.51977407296981,0.0,0.0,0.0,80.51977407296981,0.0,0.0,0.0011233333333333332 
 03/29  00:40:00,5.6033333333333339,97.0,3.55,0.0,0.0,0.0,0.0,0.0,2.0,2.0,0.0,0.0,0.0,0.0,0.0,778.0,0.0,0.0,0.0,0.0,0.0,0.0,0.0,0.0,0.0,0.0,0.0,18.75620058457372,-205.6446926990775,18.93366559086489,-43.73849123310629,18.69612719605228,-39.058564002463757,18.420692130786028,-129.58316742051466,16.505190118359417,0.25025572920796437,18.649911139011026,-35.558469235291,17.238458419356485,34.46049134438317,15.559594663282973,-122.34845281413414,16.597907029043314,-136.55358180783606,427.7279169580506,542.6799474362283,0.0,0.0,0.0,0.0,0.0,0.0,0.0,0.0,0.0,0.0,0.0,0.0,0.0,0.0,0.0,0.0,0.0,0.0,0.0,0.0,0.0,0.0,1.2719962025926346,0.38827722911863085,199.5536494124949,237.78448823888258,5119.296092415194,0.23508953259909019,0.035880575793511938,30.958936184067157,36.83617917255798,820.9959818414158,2.0054960775185077,0.37896751275859949,234.26966207102724,278.908558106997,6121.117296996994,0.25129183968182797,0.047485230476535879,96.0699890165075,114.47040557351977,2456.2453844173285,0.0,0.0,6.732811034072975,8.06906084758907,148.9819512582286,0.0,0.0,10.812699498349073,12.855173117235994,288.1543814701549,0.0,0.0,90.10178832191694,107.68513848519898,2139.9947539110096,0.0,0.0,37.38527116841735,44.99535408365311,738.876182055596,0.0,0.0,26.828001517661538,32.1529639230706,594.0020992535497,30.921497607550206,21.208160224657214,235.35698505123004,281.3100348866887,6342.318974840101,0.0,0.0,70.04506875025567,84.80305327216206,1152.185835239672,0.0,18.23837523042007,44.326847343394849,22.0,30.0,0.0,18.668034506011546,43.09969445024123,12.0,30.0,0.0,18.453602586514358,44.35226833849865,22.0,30.0,0.0,18.243144440282494,44.4368009531734,12.0,30.0,0.0,16.486182008350938,50.94708629467042,12.0,30.0,0.0,18.820360364690847,43.937877981466069,12.0,30.0,0.0,17.319899367542008,47.8102636035722,10.0,30.0,0.0,15.28083743109723,54.64103556528862,12.0,30.0,0.0,16.49309515814424,50.723067174887777,20.0,30.0,0.0,17.38436036242157,0.0,0.0,0.0,13.593786100825487,0.0,0.0,556.9116909716208,547.3933213053547,594.888708796593,573.718662001727,672.613342283295,1007.83053905536,629.485960059116,654.7696935399343,788.8214116467349,0.0,80.51977407296981,80.51977407296981,60.0,0.0,60.0,60.0,12.0,12.0,12.0,19.0,12.0,12.0,21.0,10.0,0.0,0.0,0.0,0.0,0.0,0.0,0.0,0.0,0.0,0.0,0.0,0.0,0.0,80.51977407296981,80.51977407296981,0.0,0.0,0.0,80.51977407296981,0.0,0.0,0.00114 
 03/29  00:50:00,5.581666666666666,97.0,3.5250000000000005,0.0,0.0,0.0,0.0,0.0,2.0,2.0,0.0,0.0,0.0,0.0,0.0,1556.0,0.0,0.0,0.0,0.0,0.0,0.0,0.0,0.0,0.0,0.0,0.0,18.778216595947133,-109.50895219163204,18.83316036098681,-228.8714541736639,18.57656284069391,-194.9573727020429,18.39863090851884,-61.87849864289433,16.48549060566445,-0.39433278117599,18.61087511321937,-30.812431265275906,17.20352738042569,10.360608102076867,15.500894047149015,-130.7723106764729,16.60772153713002,-132.87096424851445,463.78181996066726,547.7530411207645,0.0,0.0,0.0,0.0,0.0,0.0,0.0,0.0,0.0,0.0,0.0,0.0,0.0,0.0,0.0,0.0,0.0,0.0,0.0,0.0,0.0,0.0,1.270295956052045,0.3877582283431151,236.7559040025131,282.7113846462453,6147.614353367202,0.2240099448735698,0.034189552025880618,110.7286532666266,132.36713446943549,2883.8957464750317,1.8646397753911966,0.35235067562191937,227.88680958985268,272.11948170392545,5880.93073258008,0.2530930941099086,0.04782560357330093,123.45323737802781,147.4802406759805,3166.1250891554598,0.0,0.0,6.4681817569371848,7.7702850765711759,143.1348295602183,0.0,0.0,10.755091077388311,12.819199173107567,286.33929977502586,0.0,0.0,86.62354411182781,103.78844355604974,2051.9764799188776,0.0,0.0,38.71150750443911,46.71206354054946,761.5941070363297,0.0,0.0,25.236085639181757,30.314422907006859,561.4182544382155,30.99201053981126,21.256523003985785,303.89360710743889,364.09720225126878,8045.180411955355,0.0,0.0,69.19207108791547,83.98965888524387,1130.4480714337254,0.0,18.378651455910864,43.94723608290522,22.0,30.0,0.0,18.511993796243347,43.08302799969767,12.0,30.0,0.0,18.27200437245911,44.105053449035249,22.0,30.0,0.0,18.26716506666154,44.56675176113548,12.0,30.0,0.0,16.468505177284304,50.8669147567729,12.0,30.0,0.0,18.789091728529237,43.875769303708228,12.0,30.0,0.0,17.26926343212942,47.57996028192987,10.0,30.0,0.0,15.216395819248256,54.69487833030726,12.0,30.0,0.0,16.528903574606195,50.46708097060829,20.0,30.0,0.0,17.450597423492025,0.0,0.0,0.0,13.518534476245016,0.0,0.0,557.7153719481134,518.5682586250619,546.201718608258,585.7064886647033,668.3471040168781,1005.7680041851768,613.7719730769854,651.0735965105369,791.5550965344775,0.0,80.51977407296981,80.51977407296981,60.0,0.0,60.0,60.0,12.0,12.0,12.0,19.0,12.0,12.0,21.0,10.0,0.0,0.0,0.0,0.0,0.0,0.0,0.0,0.0,0.0,0.0,0.0,0.0,0.0,80.51977407296981,80.51977407296981,0.0,0.0,0.0,80.51977407296981,0.0,0.0,0.0011466666666666668 
 03/29  01:00:00,5.56,97.0,3.5,0.0,0.0,0.0,0.0,0.0,2.0,2.0,0.0,0.0,0.0,0.0,0.0,778.0,0.0,0.0,0.0,0.0,0.0,0.0,0.0,0.0,0.0,0.0,0.0,18.808110054525085,-30.51473021982656,18.70176435971742,-314.9999605876719,18.48457114212404,-215.78250691054928,18.38212711595884,-10.00027942043107,16.460047989959209,-0.34168606759808997,18.563120859281093,-28.455296642215389,17.161812268070734,2.871195366772554,15.427895190733623,-128.8403347920596,16.618632762557384,-128.84244945277158,438.65636797841037,549.302027369074,0.0,0.0,0.0,0.0,0.0,0.0,0.0,0.0,0.0,0.0,0.0,0.0,0.0,0.0,0.0,0.0,0.0,0.0,0.0,0.0,0.0,0.0,1.2730499019047473,0.3885988711552953,190.81843064679999,227.17337741077916,5013.974409084293,0.2211072007319666,0.03374652025823666,157.6117383369252,187.78136068423027,4062.469984863908,1.784737744446761,0.337252030318738,124.3305072799721,148.206718206958,3207.4490981641486,0.25161550860457357,0.04754639240449234,104.24163544700375,124.18222810768971,2682.4709734013729,0.0,0.0,6.3480027140445369,7.60955520003785,140.45371771759975,0.0,0.0,10.762506879774318,12.800023410040556,286.06610152539596,0.0,0.0,84.6707667016687,101.24336087220979,2000.3367950279103,0.0,0.0,39.234520920622909,47.2491684803204,766.7867494732288,0.0,0.0,24.043726626153658,28.810323907346925,537.8592075347937,31.02274421712891,21.277602343709824,232.99945048075538,278.53201191795565,6278.796363556164,0.0,0.0,68.19102154099156,82.60611993651092,1106.740393634648,0.0,18.510152379891989,43.335295284447479,22.0,30.0,0.0,18.321999502815009,43.34253119493266,12.0,30.0,0.0,18.163129105587737,43.8928308715361,22.0,30.0,0.0,18.286371938154074,44.51798307045875,12.0,30.0,0.0,16.440315087051777,50.71361791257928,12.0,30.0,0.0,18.738997337595746,43.7711052882517,12.0,30.0,0.0,17.210218134168,47.546965281005437,10.0,30.0,0.0,15.12444987260909,54.8263284005683,12.0,30.0,0.0,16.565541799463149,50.16556575875022,20.0,30.0,0.0,17.320109844228026,0.0,0.0,0.0,13.439381176646164,0.0,0.0,539.3917654548569,503.94664808668485,515.1239368360652,588.2453604814876,659.0285025376383,1000.7665949820732,607.2206837900372,645.4871842999648,795.652891324144,0.0,80.51977407296981,80.51977407296981,60.0,0.0,60.0,60.0,12.0,12.0,12.0,19.0,12.0,12.0,21.0,10.0,0.0,0.0,0.0,0.0,0.0,0.0,0.0,0.0,0.0,0.0,0.0,0.0,0.0,80.51977407296981,80.51977407296981,0.0,0.0,0.0,80.51977407296981,0.0,0.0,0.0011533333333333333 
 03/29  01:10:00,5.556666666666667,96.83333333333334,3.476666666666667,0.0,0.0,0.0,0.0,0.0,2.0,2.0,0.0,0.0,0.0,0.0,0.0,2334.0,0.0,0.0,0.0,0.0,0.0,0.0,0.0,0.0,0.0,0.0,0.0,18.64987445771921,-177.14454683992364,18.674879843371749,-145.70209373201323,18.477854376788053,-65.48950922048819,18.321849750282728,-99.89306603435034,16.439452904277187,-1.3867863886594876,18.52555099554177,-30.329856963070389,17.143447205695716,10.805894911492942,15.373617922262035,-137.94961020197989,16.61631514652261,-123.8036958656811,403.52074720767078,543.8511710835829,0.0,0.0,0.0,0.0,0.0,0.0,0.0,0.0,0.0,0.0,0.0,0.0,0.0,0.0,0.0,0.0,0.0,0.0,0.0,0.0,0.0,0.0,1.2735165375007516,0.3887413118134163,195.02028752760067,233.29594903047744,5011.278553918586,0.23390241502691,0.035699391792873947,105.37600543737075,125.91034157700565,2725.1955823963746,1.8098103083619735,0.34198985418782587,152.8724935731525,182.87538127959057,3954.2923762225,0.2440491659507382,0.04611662243967085,70.89358701371866,84.83160039398403,1813.7611911511313,0.0,0.0,6.537974080263788,7.862770901679687,144.40025350979639,0.0,0.0,10.49689797720166,12.524229675096116,278.3061172413,0.0,0.0,86.01251619479169,103.17379378432406,2030.1078157114963,0.0,0.0,40.249663112869928,48.63171083017449,782.0883398227975,0.0,0.0,22.530539882036487,27.082043011881919,504.37459317549988,31.024995124558744,21.279146175966227,215.46872698381947,258.6747714466326,5827.258316667638,0.0,0.0,67.24934215800195,81.74382598584141,1080.2928862480556,0.0,18.235821538887149,43.930435729276499,22.0,30.0,0.0,18.36054390097977,43.38508891059067,12.0,30.0,0.0,18.231513200790137,44.05806659922507,22.0,30.0,0.0,18.20192605560657,44.33350867484975,12.0,30.0,0.0,16.42257838069092,50.61330562754952,12.0,30.0,0.0,18.708004900462215,43.73539484236731,12.0,30.0,0.0,17.20097092277954,47.391865368150899,10.0,30.0,0.0,15.068933416297096,54.833995363000187,12.0,30.0,0.0,16.57657134790535,50.00755270590411,20.0,30.0,0.0,17.167332087322408,0.0,0.0,0.0,13.356816906803083,0.0,0.0,536.9313348034851,518.9555842559325,544.7911903030449,569.7687103623835,650.7757945286958,1000.4099933538282,596.0443639488265,638.210623749095,796.8447411472948,0.0,80.51977407296981,80.51977407296981,60.0,0.0,60.0,60.0,12.0,12.0,12.0,19.0,12.0,12.0,21.0,10.0,0.0,0.0,0.0,0.0,0.0,0.0,0.0,0.0,0.0,0.0,0.0,0.0,0.0,80.51977407296981,80.51977407296981,0.0,0.0,0.0,80.51977407296981,0.0,0.0,0.00116 
 03/29  01:20:00,5.553333333333334,96.66666666666667,3.453333333333333,0.0,0.0,0.0,0.0,0.0,2.0,2.0,0.0,0.0,0.0,0.0,0.0,1556.0,0.0,0.0,0.0,0.0,0.0,0.0,0.0,0.0,0.0,0.0,0.0,18.571857325669816,-215.5886193875715,18.62729347962665,-119.88320806104344,18.461863829502425,-90.47618259756206,18.30297196278881,-13.31875295348533,16.41362530184486,-1.6165988922148956,18.4804762384575,-29.609008926768014,17.10971447768618,13.457998758556414,15.306379128171118,-138.39260296618046,16.614064834005867,-122.15029500631721,299.5305841863433,546.6463810507881,0.0,0.0,0.0,0.0,0.0,0.0,0.0,0.0,0.0,0.0,0.0,0.0,0.0,0.0,0.0,0.0,0.0,0.0,0.0,0.0,0.0,0.0,1.2726168585573268,0.38846668454130858,130.88082836262999,156.3234532874651,3351.4443717168207,0.23699302822119973,0.03617109710335771,84.08638393184427,100.45793963847494,2169.41433488927,1.7304875734009949,0.3270006752458419,40.87489502712069,48.7283937867573,1090.5669288684285,0.2455880729795128,0.046407421197942697,42.27239685905004,50.38963259188306,1086.886987640314,0.0,0.0,6.558349616856498,7.8808743662038129,144.55339983751919,0.0,0.0,10.425857226629173,12.432022381294975,275.59001870552756,0.0,0.0,85.93321468970027,103.00158297593089,2022.4702688756357,0.0,0.0,40.681827144606227,49.127785086228907,784.3564957988369,0.0,0.0,21.868614258261638,26.26300224358559,490.2301087027274,31.06502271189298,21.306599939569954,103.12922010945391,123.70214533938847,3054.0823203308475,0.0,0.0,66.78943221716588,81.14018451851512,1063.187560916575,0.0,18.1564095847924,43.82725973059361,22.0,30.0,0.0,18.32719591873837,43.41569130357533,12.0,30.0,0.0,18.258887809676059,43.84101436955033,22.0,30.0,0.0,18.21846675085223,44.22665247813181,12.0,30.0,0.0,16.3952742233146,50.46670210857975,12.0,30.0,0.0,18.661958914384358,43.673257120824178,12.0,30.0,0.0,17.162515608111904,47.31897289230258,10.0,30.0,0.0,14.988503854233493,54.874013297910199,12.0,30.0,0.0,16.587933721424166,49.77726856285219,20.0,30.0,0.0,16.74918589806355,0.0,0.0,0.0,13.280004116276315,0.0,0.0,520.0776313242498,520.6276947860706,543.6733045642382,580.1372311912903,639.2605434543463,997.5536844277164,587.0543085360446,629.6019312040983,797.7341024579697,0.0,80.51977407296981,80.51977407296981,60.0,0.0,60.0,60.0,12.0,12.0,12.0,19.0,12.0,12.0,21.0,10.0,0.0,0.0,0.0,0.0,0.0,0.0,0.0,0.0,0.0,0.0,0.0,0.0,0.0,80.51977407296981,80.51977407296981,0.0,0.0,0.0,80.51977407296981,0.0,0.0,0.0011666666666666668 
 03/29  01:30:00,5.55,96.5,3.4299999999999999,0.0,0.0,0.0,0.0,0.0,2.0,2.0,0.0,0.0,0.0,0.0,0.0,1556.0,0.0,0.0,0.0,0.0,0.0,0.0,0.0,0.0,0.0,0.0,0.0,18.41262010659366,-100.83714578796207,18.597607872809485,-232.10353266588982,18.364834390801798,-225.64370441060238,18.207844628317639,-121.65256826492987,16.387710670742206,-2.299651468890602,18.436926775408446,-27.079420119001413,17.063049622173478,-20.05112406605349,15.239450769151603,-144.85200829869394,16.61357041631785,-104.68535218229204,484.34873927645369,522.9744030514314,0.0,0.0,0.0,0.0,0.0,0.0,0.0,0.0,0.0,0.0,0.0,0.0,0.0,0.0,0.0,0.0,0.0,0.0,0.0,0.0,0.0,0.0,1.2824179115594237,0.391458458961973,349.5375299362785,417.64158805211187,8807.479106659935,0.2239381493540324,0.034178594223753428,193.09050181427774,230.4083438656043,4964.706648825339,1.57753453498588,0.2980979846912095,281.1466940279979,335.84242964885825,7165.45039917925,0.23261841890285746,0.043956617328582279,150.04724185933098,179.32264691076305,3794.3224170389569,0.0,0.0,6.184303871673842,7.434681688060229,136.02400238757952,0.0,0.0,10.505168881064935,12.527372524115144,276.8663495533835,0.0,0.0,79.5338783434789,95.37174989611309,1863.4161380578494,0.0,0.0,41.121488996589288,49.67446511820951,786.5931683844306,0.0,0.0,18.631479275196058,22.374071760978617,418.33666272449536,31.00885948769157,21.268079209665009,453.58047483830026,543.2326318546191,11546.586732066207,0.0,0.0,63.38655348779315,77.03637914960228,995.9955503960143,0.0,17.939629258942337,44.38344546511191,22.0,30.0,0.0,18.319959113992334,43.372226669916859,12.0,30.0,0.0,18.124788681015173,44.03759740664782,22.0,30.0,0.0,18.06485695868797,44.12338272707619,12.0,30.0,0.0,16.368493596914698,50.28631625365334,12.0,30.0,0.0,18.618655924518806,43.60210555580541,12.0,30.0,0.0,17.100515023382159,47.18045569172827,10.0,30.0,0.0,14.908433903480227,54.76418949695314,12.0,30.0,0.0,16.603655895542436,49.493660174891157,20.0,30.0,0.0,17.342174548932286,0.0,0.0,0.0,13.174118057654273,0.0,0.0,526.4671129144796,527.3633569694138,548.3702380918466,542.899862722662,626.7431182434236,994.1306622858137,576.1843671269753,615.7521933444314,801.9355649202754,0.0,80.51977407296981,80.51977407296981,60.0,0.0,60.0,60.0,12.0,12.0,12.0,19.0,12.0,12.0,21.0,10.0,0.0,0.0,0.0,0.0,0.0,0.0,0.0,0.0,0.0,0.0,0.0,0.0,0.0,80.51977407296981,80.51977407296981,0.0,0.0,0.0,80.51977407296981,0.0,0.0,0.0011733333333333334 
 03/29  01:40:00,5.546666666666667,96.33333333333334,3.4066666666666665,0.0,0.0,0.0,0.0,0.0,2.0,2.0,0.0,0.0,0.0,0.0,0.0,778.0,0.0,0.0,0.0,0.0,0.0,0.0,0.0,0.0,0.0,0.0,0.0,18.373939243248218,-194.63471142563595,18.571187710038374,-20.852294858074289,18.32481775447143,-33.43479632595427,18.128288082040176,-135.61907678139779,16.358721542749757,-2.1337367446284647,18.390442021656047,-28.436884831782096,17.025186465744313,15.616765825892344,15.172743350121263,-140.31680229549102,16.611620695480405,-105.69458871611244,404.8198244422183,529.3525645186612,0.0,0.0,0.0,0.0,0.0,0.0,0.0,0.0,0.0,0.0,0.0,0.0,0.0,0.0,0.0,0.0,0.0,0.0,0.0,0.0,0.0,0.0,1.2513952844363852,0.38198879256299919,160.33206210580136,191.270231548136,4033.6911552783997,0.22651743591910207,0.034572258229411189,9.434153093363605,11.23741426795596,249.28575973533445,1.7896371730183128,0.3381778482649874,214.34365184315,255.47861819203502,5487.004578753252,0.23997495394457486,0.045346741108196298,100.26272902557551,119.58669675092318,2519.33033838974,0.0,0.0,6.558419787187685,7.864535634860322,143.92347870479129,0.0,0.0,10.397604872832228,12.372892484983263,273.1798011881995,0.0,0.0,84.13779417087751,100.65065251145178,1965.2027855221398,0.0,0.0,41.607692544353117,50.15786656696117,789.9142062907614,0.0,0.0,18.702553020684396,22.405714517598438,420.5625860855602,31.05688751060048,21.301020240466728,215.31972685885052,257.6257210650987,5737.769982792386,0.0,0.0,63.867755319130768,77.45946990672356,995.4292449575215,0.0,17.90889902498398,44.16437599211999,22.0,30.0,0.0,18.344381359571235,43.12674914687544,12.0,30.0,0.0,18.127955710272596,44.18115729251353,22.0,30.0,0.0,17.962577188012447,44.05518660805562,12.0,30.0,0.0,16.336296592799799,50.099383902159917,12.0,30.0,0.0,18.56853015580778,43.50856252213391,12.0,30.0,0.0,17.06092327522428,47.40415856430059,10.0,30.0,0.0,14.829440243800816,54.840346479798267,12.0,30.0,0.0,16.613972451161595,49.21658579186236,20.0,30.0,0.0,17.055173797539113,0.0,0.0,0.0,13.104658859025524,0.0,0.0,510.89974179556159,522.532328899124,557.879033864093,520.8981397128054,613.8624530762129,987.1727496159851,584.9833951497901,609.0405132443357,804.7949040652336,0.0,80.51977407296981,80.51977407296981,60.0,0.0,60.0,60.0,12.0,12.0,12.0,19.0,12.0,12.0,21.0,10.0,0.0,0.0,0.0,0.0,0.0,0.0,0.0,0.0,0.0,0.0,0.0,0.0,0.0,80.51977407296981,80.51977407296981,0.0,0.0,0.0,80.51977407296981,0.0,0.0,0.00118 
 03/29  01:50:00,5.543333333333334,96.16666666666666,3.383333333333333,0.0,0.0,0.0,0.0,0.0,2.0,2.0,0.0,0.0,0.0,0.0,0.0,1556.0,0.0,0.0,0.0,0.0,0.0,0.0,0.0,0.0,0.0,0.0,0.0,18.407504216008016,-84.45334948873097,18.46144548907592,-246.43160991373896,18.20949360812206,-185.90314069099896,18.105335214872338,-62.35774710595388,16.33507029380889,-2.4872629053027568,18.35361393533193,-25.852758132529745,16.9822422720934,-5.816124633053278,15.119348456032121,-146.68747643766756,16.603944853636358,-103.93564483836039,444.66205128182949,533.8031158172044,0.0,0.0,0.0,0.0,0.0,0.0,0.0,0.0,0.0,0.0,0.0,0.0,0.0,0.0,0.0,0.0,0.0,0.0,0.0,0.0,0.0,0.0,1.2321082036213107,0.37610140525681037,229.0283361197642,273.7885766316892,5824.3379000601639,0.21625173419391043,0.03300545393679952,116.64296982795027,139.55963184907623,2969.0058192808539,1.6721951708996013,0.31598548202940326,217.1912531735,259.5955986771497,5480.544458141859,0.24346855118360434,0.04600690687520867,114.97671584322325,137.4631507075925,2892.962083451732,0.0,0.0,6.313039525239395,7.587300543111038,138.26652030932838,0.0,0.0,10.44045771470186,12.454039765914648,273.65458923200677,0.0,0.0,81.50132104091452,97.73308992657923,1894.5255714845753,0.0,0.0,42.26335135650476,51.0734490101933,797.8507408497587,0.0,0.0,18.09685314936528,21.730284128711497,406.9021975207505,31.08221486573659,21.318391540285736,295.3237490018948,354.1684401340144,7671.604191102582,0.0,0.0,63.642840607148247,77.37767163512246,983.8206210437996,0.0,18.063394751573676,43.857710260696347,22.0,30.0,0.0,18.16079363597956,43.442531760440008,12.0,30.0,0.0,17.9467071829647,44.26617204725352,22.0,30.0,0.0,17.980757203261953,44.27143313246863,12.0,30.0,0.0,16.315317769323778,50.0418324855652,12.0,30.0,0.0,18.537966341534987,43.46655722462066,12.0,30.0,0.0,17.00449809888825,47.24126846290535,10.0,30.0,0.0,14.775817111413155,54.85219469055752,12.0,30.0,0.0,16.61396790196364,49.07286049270103,20.0,30.0,0.0,17.14424784570047,0.0,0.0,0.0,13.040547695365867,0.0,0.0,523.8069616553714,513.5204394880102,531.9775775764535,544.0466282618024,609.9676748032955,982.6337224279982,571.2971036492004,606.6800264988192,806.1106794870028,0.0,80.51977407296981,80.51977407296981,60.0,0.0,60.0,60.0,12.0,12.0,12.0,19.0,12.0,12.0,21.0,10.0,0.0,0.0,0.0,0.0,0.0,0.0,0.0,0.0,0.0,0.0,0.0,0.0,0.0,80.51977407296981,80.51977407296981,0.0,0.0,0.0,80.51977407296981,0.0,0.0,0.0012066666666666665 
 03/29  02:00:00,5.54,96.0,3.36,0.0,0.0,0.0,0.0,0.0,2.0,2.0,0.0,0.0,0.0,0.0,0.0,778.0,0.0,0.0,0.0,0.0,0.0,0.0,0.0,0.0,0.0,0.0,0.0,18.426327952574366,-27.466612743402039,18.342780093384787,-282.3613470357841,18.14928443027953,-168.82739168356603,18.08994147539074,-10.855652150188235,16.304924685248066,-2.6143386988234456,18.307422540277608,-24.779498628591058,16.937909147194124,-8.526477617235287,15.05347455130272,-144.33373657942367,16.594963577566824,-100.75440933779027,389.76911358801319,536.0494482670297,0.0,0.0,0.0,0.0,0.0,0.0,0.0,0.0,0.0,0.0,0.0,0.0,0.0,0.0,0.0,0.0,0.0,0.0,0.0,0.0,0.0,0.0,1.2365634721877155,0.3774613773466775,164.29847992279327,195.81244246109967,4214.968349920465,0.2170909136703621,0.03313353383247285,143.79397026720035,171.48126044557635,3620.3097511066705,1.6036569149793006,0.30303418650402516,93.869084746199,111.98040492448659,2381.481470814725,0.24208732527142419,0.04574590424630085,84.75905089269212,101.06606518690747,2137.4103096791388,0.0,0.0,6.196705815607057,7.431948005919984,135.39730208788539,0.0,0.0,10.372270396606434,12.345846774298528,271.0168779703319,0.0,0.0,80.64652273390424,96.51278079184729,1866.808448939731,0.0,0.0,42.56969457494439,51.3392118810914,797.5965657429817,0.0,0.0,17.513737383311388,20.981014537079806,393.9595698824766,31.07124440860096,21.31086722126267,185.43478612925405,221.9613232787653,4988.261201246458,0.0,0.0,63.19957315397014,76.67890683955489,969.4765558440403,0.0,18.161606442431237,43.497499179494038,22.0,30.0,0.0,17.994081817128607,43.742021053856358,12.0,30.0,0.0,17.893130859955855,44.10089358690373,22.0,30.0,0.0,17.997244451926027,44.31138498427289,12.0,30.0,0.0,16.281925183823465,49.938552517678129,12.0,30.0,0.0,18.48795005201802,43.40729960835137,12.0,30.0,0.0,16.947854765747704,47.208881402729087,10.0,30.0,0.0,14.697687089965447,54.963101596654428,12.0,30.0,0.0,16.61201774771295,48.889008226821918,20.0,30.0,0.0,16.9215302887057,0.0,0.0,0.0,12.975575514264998,0.0,0.0,519.9617804796243,506.63830453942105,515.3559351403353,556.3235943967497,601.2865033985543,976.930650800402,563.9120335116866,602.2947410707525,809.3936838306536,0.0,80.51977407296981,80.51977407296981,60.0,0.0,60.0,60.0,12.0,12.0,12.0,19.0,12.0,12.0,21.0,10.0,0.0,0.0,0.0,0.0,0.0,0.0,0.0,0.0,0.0,0.0,0.0,0.0,0.0,80.51977407296981,80.51977407296981,0.0,0.0,0.0,80.51977407296981,0.0,0.0,0.0012333333333333333 
 03/29  02:10:00,5.515000000000001,96.0,3.343333333333333,0.0,0.0,0.0,0.0,0.0,2.0,2.0,0.0,0.0,0.0,0.0,0.0,2334.0,0.0,0.0,0.0,0.0,0.0,0.0,0.0,0.0,0.0,0.0,0.0,18.281299433489616,-157.91748237793974,18.3146845162316,-141.18970744599756,18.12871168464988,-81.67265418557493,18.03229550367255,-104.79840847136606,16.28127822703128,-3.042948980846764,18.269744321480006,-27.03151526376024,16.911580118897967,-5.621028515662147,15.002523358275689,-151.36282402564107,16.586395733198765,-92.81700787869844,389.948635798443,527.6134041800532,0.0,0.0,0.0,0.0,0.0,0.0,0.0,0.0,0.0,0.0,0.0,0.0,0.0,0.0,0.0,0.0,0.0,0.0,0.0,0.0,0.0,0.0,1.2420014230834738,0.37912131351754399,184.08223088897297,220.39918785281103,4630.239745264218,0.228580327235667,0.03488710733145101,101.309516973772,121.16108157091414,2561.45263859624,1.6106432343218398,0.3043543526685261,143.62078591919173,171.90777058517,3637.2407797543926,0.23530253725488474,0.044463820342948729,67.42115401315039,80.70046641567538,1692.8790510909267,0.0,0.0,6.45138799999138,7.7618680985849279,140.96523770380242,0.0,0.0,10.274269591489979,12.267446039322766,268.2141488634011,0.0,0.0,81.16862132048508,97.43828476953527,1879.0077478908716,0.0,0.0,43.134109174915739,52.18498134457778,805.8345671264744,0.0,0.0,16.118661075734104,19.369933177688809,363.1973232537397,31.060929743681937,21.303792691139884,203.78347102163336,244.81107793841427,5424.719717631837,0.0,0.0,62.10183615928702,75.59524821632773,946.1211183569265,0.0,17.911153157590627,44.01416429150755,22.0,30.0,0.0,18.022715758350246,43.639587986448,12.0,30.0,0.0,17.92091742664798,44.13422258107835,22.0,30.0,0.0,17.9158157442276,44.14285547992821,12.0,30.0,0.0,16.262049422469077,49.86847964388656,12.0,30.0,0.0,18.45674912338185,43.38746412081707,12.0,30.0,0.0,16.928276818017986,47.18916173495488,10.0,30.0,0.0,14.649443037550054,55.00468928891698,12.0,30.0,0.0,16.61207511165723,48.79000867463205,20.0,30.0,0.0,16.87886626095814,0.0,0.0,0.0,12.901377642105598,0.0,0.0,514.9963711790625,508.4063689580868,527.9368837160266,536.4652387150961,595.3772055491864,974.725544749685,561.4005392749842,598.8457422094169,813.3165257499301,0.0,80.51977407296981,80.51977407296981,60.0,0.0,60.0,60.0,12.0,12.0,12.0,19.0,12.0,12.0,21.0,10.0,0.0,0.0,0.0,0.0,0.0,0.0,0.0,0.0,0.0,0.0,0.0,0.0,0.0,80.51977407296981,80.51977407296981,0.0,0.0,0.0,80.51977407296981,0.0,0.0,0.0012600000000000003 
 03/29  02:20:00,5.49,96.0,3.3266666666666668,0.0,0.0,0.0,0.0,0.0,2.0,2.0,0.0,0.0,0.0,0.0,0.0,1556.0,0.0,0.0,0.0,0.0,0.0,0.0,0.0,0.0,0.0,0.0,0.0,18.20503691644569,-205.21940568764854,18.267887873374279,-111.60180366363784,18.11128372233781,-72.4791296043572,18.010969509503658,-9.722450028948856,16.25177158510445,-3.079437723834829,18.22388740071753,-26.895085339533155,16.872089370221674,-0.9564111165561826,14.939479170648678,-151.66433140051425,16.578769626916896,-89.16288147377685,277.8377542084329,528.006961698377,0.0,0.0,0.0,0.0,0.0,0.0,0.0,0.0,0.0,0.0,0.0,0.0,0.0,0.0,0.0,0.0,0.0,0.0,0.0,0.0,0.0,0.0,1.2438133977813544,0.3796744193471778,128.88664074872743,154.0806793624277,3232.8732588359009,0.23195149930922016,0.03540163298370271,84.25997126083925,100.75148798443709,2129.1442302210095,1.5724870398677778,0.2971441874277737,33.348935584176818,39.793621514575367,877.2955683805009,0.2372787575259992,0.044837255768329389,32.81309407318564,39.1462578740375,830.2477929975171,0.0,0.0,6.542030850112322,7.864272562124372,142.88441321468734,0.0,0.0,10.238833360297108,12.217277024248669,266.8893123216558,0.0,0.0,81.20996858448948,97.41544225438864,1877.1412506482303,0.0,0.0,43.44434235059208,52.53023216808048,807.712338196676,0.0,0.0,15.456756809840016,18.558027426335337,349.1249710992085,31.04970623798508,21.29609481343285,94.95084097986232,114.00591440651262,2804.191740859567,0.0,0.0,61.5929167355237,74.93213061891801,932.6697179165574,0.0,17.82800515523052,44.00300753874414,22.0,30.0,0.0,17.989444507586336,43.62240763982676,12.0,30.0,0.0,17.94244262473726,43.97505862368328,22.0,30.0,0.0,17.927279923994683,44.082452722783987,12.0,30.0,0.0,16.23099989004537,49.77788254872962,12.0,30.0,0.0,18.409723243339444,43.35718730119489,12.0,30.0,0.0,16.884298735616576,47.20838012325809,10.0,30.0,0.0,14.577670884896805,55.072383943595067,12.0,30.0,0.0,16.613370805714135,48.6374034419913,20.0,30.0,0.0,16.440289433712367,0.0,0.0,0.0,12.829249485295364,0.0,0.0,504.43172370128039,505.8395847511972,529.1801545701748,550.6566565164935,587.1786236936217,970.5220849406455,556.884620881478,593.2815345791148,820.4340438143706,0.0,80.51977407296981,80.51977407296981,60.0,0.0,60.0,60.0,12.0,12.0,12.0,19.0,12.0,12.0,21.0,10.0,0.0,0.0,0.0,0.0,0.0,0.0,0.0,0.0,0.0,0.0,0.0,0.0,0.0,80.51977407296981,80.51977407296981,0.0,0.0,0.0,80.51977407296981,0.0,0.0,0.0012566666666666668 
 03/29  02:30:00,5.465,96.0,3.3099999999999998,0.0,0.0,0.0,0.0,0.0,2.0,2.0,0.0,0.0,0.0,0.0,0.0,1556.0,0.0,0.0,0.0,0.0,0.0,0.0,0.0,0.0,0.0,0.0,0.0,18.048461196727677,-91.04754174424852,18.238475401322498,-216.72256729770198,18.01953421331234,-218.88898863595024,17.910058203095248,-130.1446908406715,16.222664282110835,-3.7042341686559014,18.178931755187038,-24.887994408529609,16.82140758287743,-33.00162500577699,14.874375208391596,-158.9735708305053,16.583518257717406,-55.18498309797275,467.3943105573926,490.6330693938114,0.0,0.0,0.0,0.0,0.0,0.0,0.0,0.0,0.0,0.0,0.0,0.0,0.0,0.0,0.0,0.0,0.0,0.0,0.0,0.0,0.0,0.0,1.258587455883673,0.38418420509269626,348.6416390328502,416.9631262985265,8616.05307096599,0.22085193854980285,0.03370756082872449,191.42841236025567,228.6459382900297,4829.213610708373,1.4262217318115247,0.26950524032719677,289.21324861193195,345.79812925303619,7241.04417332857,0.2250460641747642,0.042525711295306908,155.12929576982146,185.578472073895,3855.1870246231785,0.0,0.0,6.124179439693669,7.365477251155658,133.7086535823127,0.0,0.0,10.279577162441325,12.267006921183615,267.55721304099395,0.0,0.0,73.33945419225414,88.00919269296566,1690.1039826293155,0.0,0.0,43.700346875692357,52.85338880703107,808.0809325451988,0.0,0.0,10.754511821398243,12.9093458965743,243.9989040899581,30.959291666090729,21.234082075508053,459.8393767501119,551.2154921082222,11489.177466706013,0.0,0.0,56.62017634696829,68.90938155622072,846.4870539154157,0.0,17.611228486431736,44.543612387243147,22.0,30.0,0.0,17.98138751978595,43.53113144390294,12.0,30.0,0.0,17.812547367433404,44.0635359627783,22.0,30.0,0.0,17.76007793216391,44.15998642267344,12.0,30.0,0.0,16.201194810195149,49.66430470306774,12.0,30.0,0.0,18.364664559277317,43.31593398980941,12.0,30.0,0.0,16.8190127041048,47.13115159589534,10.0,30.0,0.0,14.501560197652206,55.06440554153944,12.0,30.0,0.0,16.639643442371559,48.4242639047181,20.0,30.0,0.0,17.042749871656015,0.0,0.0,0.0,12.708123241310359,0.0,0.0,509.21928024936269,508.33360579779449,524.6867887366626,520.9098143368133,579.2511793365111,964.882087047014,544.3344339608344,585.6349772051179,843.9621085099719,0.0,80.51977407296981,80.51977407296981,60.0,0.0,60.0,60.0,12.0,12.0,12.0,19.0,12.0,12.0,21.0,10.0,0.0,0.0,0.0,0.0,0.0,0.0,0.0,0.0,0.0,0.0,0.0,0.0,0.0,80.51977407296981,80.51977407296981,0.0,0.0,0.0,80.51977407296981,0.0,0.0,0.0012533333333333334 
 03/29  02:40:00,5.4399999999999999,96.0,3.293333333333333,0.0,0.0,0.0,0.0,0.0,2.0,2.0,0.0,0.0,0.0,0.0,0.0,778.0,0.0,0.0,0.0,0.0,0.0,0.0,0.0,0.0,0.0,0.0,0.0,18.017399324079095,-178.82784665430337,18.21085871887635,-19.63286938345152,17.9741292481719,-33.182212596895627,17.830863468155756,-138.07562068612106,16.190178270657428,-3.1926307543705549,18.13056741853962,-26.562890212630977,16.777316378081836,0.3440035357357374,14.808070656336869,-154.43613115875497,16.597737932116958,-42.093385558811579,390.26978543590669,484.6244141318041,0.0,0.0,0.0,0.0,0.0,0.0,0.0,0.0,0.0,0.0,0.0,0.0,0.0,0.0,0.0,0.0,0.0,0.0,0.0,0.0,0.0,0.0,1.2260719725046659,0.37425884386589317,150.19774260367806,179.33526796662725,3718.661782425232,0.22242074666197868,0.0339470004062849,9.300882355062547,11.089437454711453,241.38772183905699,1.6651545790491738,0.3146550602889596,210.64831246982167,251.3042774149025,5299.435417509973,0.2325786375161169,0.043949100059734857,104.4976625630746,124.74038489068812,2585.557462337357,0.0,0.0,6.627655038647904,7.950890143957038,144.60367399774459,0.0,0.0,10.281482881016006,12.243352565113315,267.1578721874192,0.0,0.0,76.5185975620185,91.60950959288887,1759.9662094918459,0.0,0.0,44.20690066526037,53.356055626079569,813.1351564245921,0.0,0.0,9.532721498610059,11.415250001378233,217.5449934749699,30.969557977992325,21.241123441695703,211.53733447421303,253.30187918829413,5559.856820035988,0.0,0.0,55.33225864211415,67.20857705593,820.1934547284599,0.0,17.592927219155756,44.29687931217943,22.0,30.0,0.0,18.001106161271115,43.25711054522177,12.0,30.0,0.0,17.800763302763519,44.283440713016599,22.0,30.0,0.0,17.65999577511275,44.128282041294259,12.0,30.0,0.0,16.165209494962605,49.55068411918743,12.0,30.0,0.0,18.31224159392022,43.257646977855298,12.0,30.0,0.0,16.77138562945003,47.35432425954954,10.0,30.0,0.0,14.424044497209643,55.19003151962723,12.0,30.0,0.0,16.678961252163768,48.158750803109388,20.0,30.0,0.0,16.762770433496205,0.0,0.0,0.0,12.616984726759912,0.0,0.0,493.0704930905417,499.6577682414137,537.2745581104338,501.45348845879087,570.8784091225625,955.2499511622699,546.4876419149631,579.4095575746046,877.9446998018117,0.0,80.51977407296981,80.51977407296981,60.0,0.0,60.0,60.0,12.0,12.0,12.0,19.0,12.0,12.0,21.0,10.0,0.0,0.0,0.0,0.0,0.0,0.0,0.0,0.0,0.0,0.0,0.0,0.0,0.0,80.51977407296981,80.51977407296981,0.0,0.0,0.0,80.51977407296981,0.0,0.0,0.00125 
 03/29  02:50:00,5.414999999999999,96.0,3.2766666666666666,0.0,0.0,0.0,0.0,0.0,2.0,2.0,0.0,0.0,0.0,0.0,0.0,1556.0,0.0,0.0,0.0,0.0,0.0,0.0,0.0,0.0,0.0,0.0,0.0,18.048647931527307,-72.74154437362586,18.104606677323198,-236.09447717890886,17.86544370424484,-175.13455469354359,17.807497231163305,-65.25323426535397,16.163311061165666,-4.034208996169852,18.092176307042935,-23.849715859719397,16.73159658917511,-19.86179781068222,14.752228130153187,-163.7102128008055,16.600956347354779,-40.72572296417184,426.5480713865377,490.72881883519508,0.0,0.0,0.0,0.0,0.0,0.0,0.0,0.0,0.0,0.0,0.0,0.0,0.0,0.0,0.0,0.0,0.0,0.0,0.0,0.0,0.0,0.0,1.2078375096342374,0.3686927685086195,217.71813915660284,260.49697879749666,5453.56120353657,0.21318793701255429,0.03253784142438252,114.78589491630294,137.4395575172799,2877.103043653527,1.5668189700147429,0.29607312358555246,209.1341271059672,250.15601910732935,5200.154672357485,0.23662563901609796,0.04471383957220293,110.89154549916762,132.66233575685417,2752.3167357327486,0.0,0.0,6.3431274127630659,7.626004839176659,138.35598926342039,0.0,0.0,10.192940812720697,12.166214650838594,264.6364839662734,0.0,0.0,73.84393998232867,88.61458769900958,1693.272529623645,0.0,0.0,44.891133552961907,54.31195873347532,822.5443691612045,0.0,0.0,10.76696949136546,12.917685073084677,246.4986386863731,30.962364987263258,21.23618997754682,283.43298693212037,340.1594428127742,7278.327768986039,0.0,0.0,55.42617231834857,67.48644507259425,815.9110669393758,0.0,17.737114460683974,43.978940579576988,22.0,30.0,0.0,17.82532552975539,43.575864265911508,12.0,30.0,0.0,17.630649546076805,44.343428636651498,22.0,30.0,0.0,17.677684417036326,44.31434351049396,12.0,30.0,0.0,16.140799687908449,49.528142300592758,12.0,30.0,0.0,18.28038649043706,43.234575329909947,12.0,30.0,0.0,16.714014468147736,47.1979987810156,10.0,30.0,0.0,14.366390014132426,55.24245685735146,12.0,30.0,0.0,16.694346911862814,48.01130736101577,20.0,30.0,0.0,16.83812207314669,0.0,0.0,0.0,12.54322894792148,0.0,0.0,502.7218970327616,492.2241168264087,510.59522653335116,523.0366869891054,565.9403888613279,948.758809386785,529.8246307679683,578.6820404296211,887.3244526595518,0.0,80.51977407296981,80.51977407296981,60.0,0.0,60.0,60.0,12.0,12.0,12.0,19.0,12.0,12.0,21.0,10.0,0.0,0.0,0.0,0.0,0.0,0.0,0.0,0.0,0.0,0.0,0.0,0.0,0.0,80.51977407296981,80.51977407296981,0.0,0.0,0.0,80.51977407296981,0.0,0.0,0.0012533333333333334 
 03/29  03:00:00,5.39,96.0,3.26,0.0,0.0,0.0,0.0,0.0,2.0,2.0,0.0,0.0,0.0,0.0,0.0,778.0,0.0,0.0,0.0,0.0,0.0,0.0,0.0,0.0,0.0,0.0,0.0,18.06183985367103,-24.49259593748411,17.993494777198636,-255.4960632770135,17.816085497897534,-145.09246447959004,17.794680002149783,-8.035157037634236,16.129593618741035,-3.8748023420441486,18.043463433408975,-23.35734491957993,16.683796223917285,-21.35798318981506,14.6828373784729,-160.9982773307206,16.60142481032731,-42.91350694621758,355.5939598499235,498.9551530155675,0.0,0.0,0.0,0.0,0.0,0.0,0.0,0.0,0.0,0.0,0.0,0.0,0.0,0.0,0.0,0.0,0.0,0.0,0.0,0.0,0.0,0.0,1.2145869794695004,0.3707530462361112,150.90670499012618,180.01686951903825,3817.3706530646488,0.21527550543389988,0.032856456873305846,133.7047110316483,159.58221012125299,3322.863902016081,1.5232441585446422,0.2878390322268788,79.12830790406271,94.46647752877105,1988.9322554192154,0.23622017681478764,0.04463722162033023,71.41645416238265,85.22199768043102,1781.5163754741057,0.0,0.0,6.353476298544672,7.622923554337387,138.47685901716373,0.0,0.0,10.159176378849337,12.100258650855338,263.30457517640249,0.0,0.0,73.48241798002333,88.00623109770048,1680.599237292097,0.0,0.0,45.26312196005413,54.652556892700648,824.4236006948187,0.0,0.0,12.081458123148617,14.464765557105889,277.50709785552439,30.91672044494768,21.20488370709718,160.71606614169159,192.56282608048674,4336.028124897904,0.0,0.0,55.782882436222,67.78210868335332,816.4953764401993,0.0,17.819819787783446,43.6430844153225,22.0,30.0,0.0,17.674032788110698,43.87082566109141,12.0,30.0,0.0,17.595679965010686,44.190189656343559,22.0,30.0,0.0,17.700160780890817,44.31180784492942,12.0,30.0,0.0,16.103266832008619,49.4670592054485,12.0,30.0,0.0,18.2274219723833,43.201741411612399,12.0,30.0,0.0,16.654533132606657,47.194458957867137,10.0,30.0,0.0,14.282928268438415,55.41188433645209,12.0,30.0,0.0,16.70507295809847,47.793205939885329,20.0,30.0,0.0,16.5585227031726,0.0,0.0,0.0,12.473927064349056,0.0,0.0,497.4048651884802,487.852671322407,498.11731948070107,534.0979984968909,557.7071973593118,937.9429836245602,523.1732547423841,578.8160519431026,881.3702669446893,0.0,80.51977407296981,80.51977407296981,60.0,0.0,60.0,60.0,12.0,12.0,12.0,19.0,12.0,12.0,21.0,10.0,0.0,0.0,0.0,0.0,0.0,0.0,0.0,0.0,0.0,0.0,0.0,0.0,0.0,80.51977407296981,80.51977407296981,0.0,0.0,0.0,80.51977407296981,0.0,0.0,0.0012566666666666668 
 03/29  03:10:00,5.333333333333333,95.83333333333333,3.255,0.0,0.0,0.0,0.0,0.0,2.0,2.0,0.0,0.0,0.0,0.0,0.0,2334.0,0.0,0.0,0.0,0.0,0.0,0.0,0.0,0.0,0.0,0.0,0.0,17.92785969672851,-139.48444692454147,17.963409101852308,-137.73317235198346,17.790202963531045,-84.5859155038855,17.735714210974768,-112.71256628313236,16.10345578368969,-4.173989767074374,18.00508806186341,-25.638353740293764,16.651844282115584,-21.57564349264809,14.62996222801126,-168.7315170516118,16.594339857244294,-46.47890176896901,374.6907695650354,504.25138542890888,0.0,0.0,0.0,0.0,0.0,0.0,0.0,0.0,0.0,0.0,0.0,0.0,0.0,0.0,0.0,0.0,0.0,0.0,0.0,0.0,0.0,0.0,1.2265049935376007,0.37439102366837637,171.67200189427298,205.70590493162403,4274.1243673617,0.22627636119684173,0.034535464163132138,97.58954749371753,116.80562942963607,2440.075881983335,1.5196419457270898,0.28715834197412895,136.4323970480962,163.42018097901019,3420.5103054528087,0.23012175957383455,0.04348483741002164,67.01843453977023,80.26590667136735,1667.1283742299427,0.0,0.0,6.609856626468314,7.95518529468181,144.46995579353573,0.0,0.0,10.127999392911216,12.100345933191397,262.8908353037041,0.0,0.0,74.50583054338459,89.50655587865518,1707.8586516637316,0.0,0.0,45.82700548122028,55.507403063707,834.944548069236,0.0,0.0,13.802875679715339,16.574609526355617,318.4033785288061,30.98216352060754,21.249769218523697,193.28256100644519,232.37181400009843,5119.6211790262609,0.0,0.0,56.338444747743739,68.67682952034159,822.9833478031219,0.0,17.59089142619562,44.14656243632378,22.0,30.0,0.0,17.693212789184157,43.78862982114835,12.0,30.0,0.0,17.60706956760139,44.229940142997019,22.0,30.0,0.0,17.614156559785998,44.1701596037454,12.0,30.0,0.0,16.081295912109053,49.42269824135785,12.0,30.0,0.0,18.195123641701057,43.192749037838648,12.0,30.0,0.0,16.627455300582019,47.209643988118347,10.0,30.0,0.0,14.231821662020831,55.48398281069791,12.0,30.0,0.0,16.702486493011535,47.6819841424736,20.0,30.0,0.0,16.562390432904168,0.0,0.0,0.0,12.404910882466492,0.0,0.0,495.13575380267459,489.3899504749843,508.65093109538966,512.1566127493858,553.3174580478078,931.790407423902,525.0058655530179,583.63820351251,869.6435973646942,0.0,80.51977407296981,80.51977407296981,60.0,0.0,60.0,60.0,12.0,12.0,12.0,19.0,12.0,12.0,21.0,10.0,0.0,0.0,0.0,0.0,0.0,0.0,0.0,0.0,0.0,0.0,0.0,0.0,0.0,80.51977407296981,80.51977407296981,0.0,0.0,0.0,80.51977407296981,0.0,0.0,0.0012600000000000003 
 03/29  03:20:00,5.276666666666667,95.66666666666666,3.25,0.0,0.0,0.0,0.0,0.0,2.0,2.0,0.0,0.0,0.0,0.0,0.0,1556.0,0.0,0.0,0.0,0.0,0.0,0.0,0.0,0.0,0.0,0.0,0.0,17.852596626549706,-197.90809577669598,17.91514090462408,-104.09337959163077,17.777431274264559,-45.43177942245437,17.715583857604956,-4.362277625129856,16.0711488879371,-4.117003688998551,17.958097316008208,-25.908359801724289,16.607808176052868,-15.722067670856632,14.565162163486596,-168.44324150984165,16.583078152800014,-48.39548406449231,249.42073321512658,511.10870737635346,0.0,0.0,0.0,0.0,0.0,0.0,0.0,0.0,0.0,0.0,0.0,0.0,0.0,0.0,0.0,0.0,0.0,0.0,0.0,0.0,0.0,0.0,1.2320718056447447,0.37609029476335306,125.23289570075329,149.83678940899567,3115.3899955752347,0.23054357648329799,0.03518674854751191,84.01042487324816,100.52726447175923,2104.496856496754,1.4991972556583822,0.2832950218553255,21.826479995930577,26.071571146245707,582.5080139310544,0.23367909433122348,0.04415704730370812,3.307212988249522,3.9541824334197566,88.34149479057845,0.0,0.0,6.7337772426750679,8.097999927325362,147.5130425630838,0.0,0.0,10.121773252277319,12.08559422711358,262.9451709558174,0.0,0.0,75.43742499899875,90.56170966313403,1730.708901384739,0.0,0.0,46.117886729121469,55.82983705931758,838.8595625921618,0.0,0.0,14.463799069835704,17.3549580816429,335.0789131595451,31.02823128282398,21.281365763253768,81.06569771181043,97.45528268455354,2457.8300094481216,0.0,0.0,56.64997267481205,69.01904569821363,826.1407892336458,0.0,17.504741613009835,44.120523685738579,22.0,30.0,0.0,17.65605871454427,43.79411071183755,12.0,30.0,0.0,17.636145092451057,44.11073288639298,22.0,30.0,0.0,17.628672197164766,44.04581423746265,12.0,30.0,0.0,16.047408212136959,49.369627343122399,12.0,30.0,0.0,18.146118709752878,43.18040074130538,12.0,30.0,0.0,16.578412355647069,47.26757592218242,10.0,30.0,0.0,14.15770435312689,55.60500022338712,12.0,30.0,0.0,16.69362756250783,47.53527672318307,20.0,30.0,0.0,16.07021151719954,0.0,0.0,0.0,12.334110388096422,0.0,0.0,485.9996723510823,487.84565329042018,515.1574898919566,523.9452032910285,548.5179215652134,921.9642728113356,525.3902891776107,588.7741666893262,852.2254860059359,0.0,80.51977407296981,80.51977407296981,60.0,0.0,60.0,60.0,12.0,12.0,12.0,19.0,12.0,12.0,21.0,10.0,0.0,0.0,0.0,0.0,0.0,0.0,0.0,0.0,0.0,0.0,0.0,0.0,0.0,80.51977407296981,80.51977407296981,0.0,0.0,0.0,80.51977407296981,0.0,0.0,0.0012766666666666667 
 03/29  03:30:00,5.22,95.5,3.245,0.0,0.0,0.0,0.0,0.0,2.0,2.0,0.0,0.0,0.0,0.0,0.0,1556.0,0.0,0.0,0.0,0.0,0.0,0.0,0.0,0.0,0.0,0.0,0.0,17.692307873463393,-84.71759730700069,17.88378981258723,-208.13846368969417,17.685307850224647,-224.48781256699386,17.6095125984788,-138.28115226259707,16.039453156079309,-4.608493309750372,17.911666571612785,-25.384778408894165,16.55205973089904,-48.44557819518718,14.501186622087685,-172.32984314645888,16.56796867215649,-50.912989887496568,461.1366570816999,510.7084561732868,0.0,0.0,0.0,0.0,0.0,0.0,0.0,0.0,0.0,0.0,0.0,0.0,0.0,0.0,0.0,0.0,0.0,0.0,0.0,0.0,0.0,0.0,1.2565716772737999,0.38356888805671549,358.7198848726638,429.4403244738586,8802.29161598543,0.22192778676002843,0.03387176232601166,194.6911759478436,232.7711735116859,4879.843545190841,1.3881904072324294,0.2623186710567706,307.33210192653805,367.7949212306251,7657.520786548633,0.2222357806467318,0.04199466754473389,164.1328004968939,196.53282904628305,4058.5537283964556,0.0,0.0,6.326928635048196,7.612291708649499,138.92817482538789,0.0,0.0,10.315365672614704,12.317825546713565,268.1896419314584,0.0,0.0,69.15142311704634,83.05826989494078,1585.5921324571714,0.0,0.0,46.15652486483775,55.89080055694949,838.2246541608788,0.0,0.0,16.76378655915574,20.116276541492725,389.7768683384305,31.002942965815266,21.26402123855643,480.95749127088348,577.0663750486608,11921.319785524349,0.0,0.0,56.52454939744385,68.88512569591826,821.9628445722902,0.0,17.27815292141653,44.67849800378408,22.0,30.0,0.0,17.642935621069684,43.68186637076147,12.0,30.0,0.0,17.499827980190937,44.07335106883647,22.0,30.0,0.0,17.448994267174755,44.17613950826948,12.0,30.0,0.0,16.015082233452156,49.29200760180344,12.0,30.0,0.0,18.098478992801917,43.15548020873456,12.0,30.0,0.0,16.5069434449549,47.262700723826657,10.0,30.0,0.0,14.084953679592262,55.647033491495147,12.0,30.0,0.0,16.678706777873228,47.36796487219749,20.0,30.0,0.0,16.72798694822926,0.0,0.0,0.0,12.255717825324889,0.0,0.0,490.89538344823077,488.96888439595258,497.80212353484986,495.1494118810076,545.9807751293324,911.4352575739974,530.7764076092493,601.532568071879,829.8654530984522,0.0,80.51977407296981,80.51977407296981,60.0,0.0,60.0,60.0,12.0,12.0,12.0,19.0,12.0,12.0,21.0,10.0,0.0,0.0,0.0,0.0,0.0,0.0,0.0,0.0,0.0,0.0,0.0,0.0,0.0,80.51977407296981,80.51977407296981,0.0,0.0,0.0,80.51977407296981,0.0,0.0,0.0012933333333333335 
 03/29  03:40:00,5.163333333333333,95.33333333333333,3.24,0.0,0.0,0.0,0.0,0.0,2.0,2.0,0.0,0.0,0.0,0.0,0.0,778.0,0.0,0.0,0.0,0.0,0.0,0.0,0.0,0.0,0.0,0.0,0.0,17.66437092813122,-169.73219638718457,17.853528601525285,-18.37286748339386,17.632328166005644,-31.670809329301848,17.528940277640588,-144.76684060078197,16.004409349086094,-3.989945471413961,17.86112715801179,-27.51242234826691,16.50310234209997,-14.879193714908979,14.438314976835312,-166.97624288019575,16.549389005226478,-53.010396971813978,389.02920884186735,517.4611630736038,0.0,0.0,0.0,0.0,0.0,0.0,0.0,0.0,0.0,0.0,0.0,0.0,0.0,0.0,0.0,0.0,0.0,0.0,0.0,0.0,0.0,0.0,1.2224113165706164,0.37314142752460818,144.85469988301913,173.1193591354396,3574.9917188967,0.22328061642817682,0.03407823816058865,9.019536691980664,10.764847977105755,233.19201249663963,1.6103910199463146,0.30430669311154859,213.15681528780596,254.5378643985771,5342.479826560423,0.23002812073759913,0.04346714299652288,110.30814614277596,131.79498538186867,2722.7743677621849,0.0,0.0,6.8448509094786529,8.21534752018884,150.60758327985907,0.0,0.0,10.458910058334265,12.464135833778622,272.0631057384064,0.0,0.0,75.3086105739778,90.24236025428229,1727.1064785662375,0.0,0.0,46.47649059076662,56.16366292427618,843.1743905870711,0.0,0.0,16.86235054206658,20.190633015213327,393.4453744326152,31.079820770185333,21.31674949944125,213.99608046345854,256.47393719952677,5607.80670876788,0.0,0.0,56.902851788069629,69.20625805749299,826.2863750964257,0.0,17.265169147181198,44.38574676943014,22.0,30.0,0.0,17.655983640601087,43.36381970058408,12.0,30.0,0.0,17.47277158257127,44.375884705238828,22.0,30.0,0.0,17.347087705110746,44.147774991028409,12.0,30.0,0.0,15.976515636887852,49.217961278805947,12.0,30.0,0.0,18.042413911223446,43.110126825545048,12.0,30.0,0.0,16.45349886314329,47.50097671733502,10.0,30.0,0.0,14.014647517426458,55.80103608201236,12.0,30.0,0.0,16.658358650438605,47.211004125199149,20.0,30.0,0.0,16.456302387527026,0.0,0.0,0.0,12.185261771461299,0.0,0.0,477.54196712502729,477.92333344555859,511.9349199458153,479.45163922636928,545.7426292820741,896.3418956381166,538.3127033894213,608.8686388084517,813.4580400320832,0.0,80.51977407296981,80.51977407296981,60.0,0.0,60.0,60.0,12.0,12.0,12.0,19.0,12.0,12.0,21.0,10.0,0.0,0.0,0.0,0.0,0.0,0.0,0.0,0.0,0.0,0.0,0.0,0.0,0.0,80.51977407296981,80.51977407296981,0.0,0.0,0.0,80.51977407296981,0.0,0.0,0.0013100000000000002 
 03/29  03:50:00,5.1066666666666669,95.16666666666667,3.2350000000000005,0.0,0.0,0.0,0.0,0.0,2.0,2.0,0.0,0.0,0.0,0.0,0.0,1556.0,0.0,0.0,0.0,0.0,0.0,0.0,0.0,0.0,0.0,0.0,0.0,17.691978746434779,-66.80729107348862,17.750947293363745,-225.01811444518774,17.525085386862654,-170.8627346055946,17.50476249881151,-71.6749260105264,15.975640285230114,-4.626816344562371,17.821020289506629,-25.794948381435036,16.45557417715859,-33.557377375204627,14.385980337072923,-173.32248198764558,16.53260784651865,-54.46629186875154,423.4097468678324,525.001097012402,0.0,0.0,0.0,0.0,0.0,0.0,0.0,0.0,0.0,0.0,0.0,0.0,0.0,0.0,0.0,0.0,0.0,0.0,0.0,0.0,0.0,0.0,1.2113945989691728,0.3697785711139111,212.26218993068364,254.21811383215937,5309.626652595603,0.2150994921266251,0.03282959281541897,112.19035274848472,134.45381098505036,2808.2628492634059,1.5185747041786609,0.2869566712355748,208.05371736018607,249.08724140044718,5168.963884377918,0.23511571881068855,0.04442851829378089,110.60493445835255,132.41822966852545,2745.492594748495,0.0,0.0,6.522506830711546,7.845374523537974,143.87908336626934,0.0,0.0,10.579052331935012,12.636580014625775,275.588168975503,0.0,0.0,72.66289208276537,87.27448139756842,1666.060669372218,0.0,0.0,46.79371428941265,56.680683296806758,849.3300192023796,0.0,0.0,17.005435171906048,20.40660772066384,398.0770082867216,31.135394980219929,21.35486624157746,279.68765676675459,335.96431526455037,7189.341964745322,0.0,0.0,57.21343561129518,69.75121949172589,829.4074636686745,0.0,17.399843739481086,44.06419998162836,22.0,30.0,0.0,17.48747440874016,43.62838983019985,12.0,30.0,0.0,17.30459503729299,44.39457591787939,22.0,30.0,0.0,17.363858453261466,44.31662702082745,12.0,30.0,0.0,15.950734480526814,49.21928259991711,12.0,30.0,0.0,18.00792186744713,43.100657505500098,12.0,30.0,0.0,16.396314288797453,47.33436661650596,10.0,30.0,0.0,13.964103086762862,55.8317252607489,12.0,30.0,0.0,16.643105468536086,47.16963739160528,20.0,30.0,0.0,16.513767949943586,0.0,0.0,0.0,12.117831618317194,0.0,0.0,483.7972535404073,472.9230953055884,489.8064500599278,495.87439498143876,546.5759234412868,888.4828033838752,529.5615662099992,611.2141871769075,810.8855819497471,0.0,80.51977407296981,80.51977407296981,60.0,0.0,60.0,60.0,12.0,12.0,12.0,19.0,12.0,12.0,21.0,10.0,0.0,0.0,0.0,0.0,0.0,0.0,0.0,0.0,0.0,0.0,0.0,0.0,0.0,80.51977407296981,80.51977407296981,0.0,0.0,0.0,80.51977407296981,0.0,0.0,0.00138 
 03/29  04:00:00,5.05,95.0,3.23,0.0,0.0,0.0,0.0,0.0,2.0,2.0,0.0,0.0,0.0,0.0,0.0,778.0,0.0,0.0,0.0,0.0,0.0,0.0,0.0,0.0,0.0,0.0,0.0,17.700863015018727,-22.177280982466074,17.642814743321844,-242.23191610851064,17.470531884028419,-146.98447456157829,17.494042837021178,-6.923687329572658,15.939631554197444,-4.396556655105201,17.77004023857298,-25.705120114472835,16.406613497547015,-33.82853710745212,14.32141404375147,-170.4128787836662,16.509888122046438,-55.29438404866346,352.5119602793029,532.2505585757363,0.0,0.0,0.0,0.0,0.0,0.0,0.0,0.0,0.0,0.0,0.0,0.0,0.0,0.0,0.0,0.0,0.0,0.0,0.0,0.0,0.0,0.0,1.220743275782028,0.3726322575647216,151.12870325598767,180.47217721688203,3824.1506247766608,0.2179291369277532,0.03326146778506612,129.16630990813355,154.32317549542743,3214.6194787631286,1.48574439931005,0.28075290992253418,77.80593115066746,92.9838051680904,1957.378817708611,0.2363163460895685,0.04465539419681943,63.510212762097058,75.85763856720087,1590.101361783629,0.0,0.0,6.5177760015645609,7.824091244904263,144.05973508638176,0.0,0.0,10.663351216361236,12.711155291240829,277.91676152122479,0.0,0.0,72.46353807694443,86.86780831997976,1661.9777925528975,0.0,0.0,46.98221741671595,56.79632589597995,851.513523482548,0.0,0.0,17.37504546033985,20.80629027825454,407.96072558532918,31.153874340032404,21.367540699610708,157.66516880444918,189.1056212401328,4277.192076577738,0.0,0.0,57.40687133203976,69.84768132475034,831.2725787612341,0.0,17.472554913110505,43.746376437480098,22.0,30.0,0.0,17.340500673238038,43.867296000110219,12.0,30.0,0.0,17.25795343556451,44.221732066449117,22.0,30.0,0.0,17.391230075427126,44.30766286611961,12.0,30.0,0.0,15.910918027020138,49.18323831956567,12.0,30.0,0.0,17.951388096437769,43.08085670603358,12.0,30.0,0.0,16.337794955997706,47.29659043398725,10.0,30.0,0.0,13.889731561620082,55.955889084866317,12.0,30.0,0.0,16.61716505293897,47.08981281522068,20.0,30.0,0.0,16.22192612917755,0.0,0.0,0.0,12.049595516921677,0.0,0.0,480.53219418443896,471.4168332584868,484.82951627928977,503.96564882834,546.2721872708104,877.6743152917856,525.9921749964256,610.8527505888573,805.0107452699408,0.0,80.51977407296981,80.51977407296981,60.0,0.0,60.0,60.0,12.0,12.0,12.0,19.0,12.0,12.0,21.0,10.0,0.0,0.0,0.0,0.0,0.0,0.0,0.0,0.0,0.0,0.0,0.0,0.0,0.0,80.51977407296981,80.51977407296981,0.0,0.0,0.0,80.51977407296981,0.0,0.0,0.00145 
 03/29  04:10:00,5.08,95.0,3.24,0.0,0.0,0.0,0.0,0.0,2.0,2.0,0.0,0.0,0.0,0.0,0.0,2334.0,0.0,0.0,0.0,0.0,0.0,0.0,0.0,0.0,0.0,0.0,0.0,17.572110912015867,-130.00535938819153,17.612613477112406,-134.48567163120334,17.446719294517999,-81.20704094966459,17.429450533624654,-127.9619589991612,15.911780308003938,-4.729111006533941,17.73166982455176,-28.220318565975675,16.372281846753965,-34.731049235492267,14.271260366101288,-177.7474994572283,16.491792817849558,-58.101726262761079,372.2463959609557,536.023928005171,0.0,0.0,0.0,0.0,0.0,0.0,0.0,0.0,0.0,0.0,0.0,0.0,0.0,0.0,0.0,0.0,0.0,0.0,0.0,0.0,0.0,0.0,1.2225897662485795,0.3731958993432783,167.84151251908916,201.32450358808524,4154.679868383931,0.22565846811980448,0.0344411581379433,96.40961779004933,115.51254289455079,2396.2538366389896,1.4319796745772933,0.27059328695716058,140.05700326131484,167.94409209033587,3488.2676638749146,0.22766504051380616,0.04302060478341007,72.38704327862345,86.79041522782019,1791.233567099729,0.0,0.0,6.696100453998387,8.063352230364178,147.22925029828043,0.0,0.0,10.737995481027827,12.83950896682775,278.4038839991273,0.0,0.0,72.94090872672018,87.71227423815576,1663.7599881685083,0.0,0.0,47.30793281277229,57.371245833344,849.7325532325856,0.0,0.0,18.369464286448147,22.063713689962265,429.4232281492523,31.148847412538797,21.36409287554102,196.44334155118436,236.40232926292425,5172.192338011625,0.0,0.0,57.66553999025814,70.38992313249524,823.1308739590985,0.0,17.254033800914266,44.17114585911932,22.0,30.0,0.0,17.355130648302454,43.802932230863877,12.0,30.0,0.0,17.272531923650918,44.27882846052549,22.0,30.0,0.0,17.29132796493144,44.08296075909982,12.0,30.0,0.0,15.887709443286653,49.14575495218796,12.0,30.0,0.0,17.918020658031744,43.07523130284493,12.0,30.0,0.0,16.30879568582165,47.29376241835168,10.0,30.0,0.0,13.842522597587787,55.987230685416509,12.0,30.0,0.0,16.60068143526638,47.02993957700016,20.0,30.0,0.0,16.24949425470031,0.0,0.0,0.0,11.980663194397398,0.0,0.0,480.24159984768468,474.3798366873518,491.3876340684262,483.3147823807054,545.1970071959341,873.2813558001533,526.4755770673529,610.541127111656,799.0867988334294,0.0,80.51977407296981,80.51977407296981,60.0,0.0,60.0,60.0,12.0,12.0,12.0,19.0,12.0,12.0,21.0,10.0,0.0,0.0,0.0,0.0,0.0,0.0,0.0,0.0,0.0,0.0,0.0,0.0,0.0,80.51977407296981,80.51977407296981,0.0,0.0,0.0,80.51977407296981,0.0,0.0,0.00152 
 03/29  04:20:00,5.11,95.0,3.2500000000000006,0.0,0.0,0.0,0.0,0.0,2.0,2.0,0.0,0.0,0.0,0.0,0.0,1556.0,0.0,0.0,0.0,0.0,0.0,0.0,0.0,0.0,0.0,0.0,0.0,17.4984352896199,-190.45046544431558,17.56626231422902,-97.74584462782855,17.43092593296251,-52.3665481173918,17.41247178865256,-3.2586846261048167,15.87760979525411,-4.666035974783782,17.68459314444172,-28.608806708770375,16.32682484416173,-28.18611181483743,14.209689259460662,-177.48411713017755,16.468332655207879,-59.52085973882191,245.99150106386038,541.5724130281044,0.0,0.0,0.0,0.0,0.0,0.0,0.0,0.0,0.0,0.0,0.0,0.0,0.0,0.0,0.0,0.0,0.0,0.0,0.0,0.0,0.0,0.0,1.214565913607718,0.37074661587537185,131.08167417020227,157.0293041824968,3220.750727842415,0.22760758933095066,0.034738643060279409,80.3523679766718,96.25970106311957,1987.3239440377593,1.367458314476666,0.25840104204018646,27.84392928957237,33.31773455653346,719.6766138345271,0.22924273258459627,0.04331873253677177,2.328047557886607,2.7889008323051529,63.06056786675994,0.0,0.0,6.799432550974142,8.182272300757472,148.6320975819234,0.0,0.0,10.772388720298928,12.874610869430779,277.63590051448139,0.0,0.0,74.1006928736705,89.05228970782285,1678.7564396484154,0.0,0.0,47.50202312394769,57.580242271272179,843.8923894734745,0.0,0.0,18.64678143848308,22.38371460484781,433.8854192469472,31.127710501247678,21.3495956798681,82.12898479586235,98.83923306151638,2455.8174390932597,0.0,0.0,57.82944079706278,70.55803268769502,813.9314161681109,0.0,17.16897714552965,44.17718441135541,22.0,30.0,0.0,17.318909146448044,43.79959315205543,12.0,30.0,0.0,17.29367518933367,44.15779268072695,22.0,30.0,0.0,17.31287618968566,43.89218623247821,12.0,30.0,0.0,15.85218277327297,49.0935976343274,12.0,30.0,0.0,17.867556876780335,43.06448117881129,12.0,30.0,0.0,16.259590770668848,47.345039292370667,10.0,30.0,0.0,13.773307987383074,56.0634056316418,12.0,30.0,0.0,16.57460206087991,46.94947536862263,20.0,30.0,0.0,15.778935573896537,0.0,0.0,0.0,11.91114026592281,0.0,0.0,475.1010663093552,475.07165012314399,500.1166481487619,485.1096869329441,544.0953313794047,866.5309028108532,527.1108556128752,611.2380046100666,792.0159327194012,0.0,80.51977407296981,80.51977407296981,60.0,0.0,60.0,60.0,12.0,12.0,12.0,19.0,12.0,12.0,21.0,10.0,0.0,0.0,0.0,0.0,0.0,0.0,0.0,0.0,0.0,0.0,0.0,0.0,0.0,80.51977407296981,80.51977407296981,0.0,0.0,0.0,80.51977407296981,0.0,0.0,0.00153 
 03/29  04:30:00,5.140000000000001,95.0,3.26,0.0,0.0,0.0,0.0,0.0,2.0,2.0,0.0,0.0,0.0,0.0,0.0,1556.0,0.0,0.0,0.0,0.0,0.0,0.0,0.0,0.0,0.0,0.0,0.0,17.343781847225189,-79.40674715276055,17.536419901467295,-198.94396789933445,17.347720588735198,-213.2035483905638,17.310267735690937,-143.4136827229736,15.844306632133666,-4.911148082555357,17.638543178379764,-28.955146982475925,16.270021302535946,-59.11079922552665,14.148678526174045,-180.95991826701664,16.444199482494505,-60.90996483056125,444.1830475843353,540.8663810329844,0.0,0.0,0.0,0.0,0.0,0.0,0.0,0.0,0.0,0.0,0.0,0.0,0.0,0.0,0.0,0.0,0.0,0.0,0.0,0.0,0.0,0.0,1.230796743783114,0.3757010817408773,347.8830453524712,416.95453390541828,8371.068803630837,0.21802745155269816,0.033276473069703629,190.4267339913498,227.95271908421894,4679.441436489892,1.286093683453597,0.24302601728148105,296.30271167819367,355.02383070160047,7241.95415815087,0.2158924821892514,0.04079600948398551,158.39670722315888,189.89401980899664,3846.009249130173,0.0,0.0,6.352813363973883,7.648835132483349,138.07572064554808,0.0,0.0,11.1891531899083,13.374865681904474,286.65917631969696,0.0,0.0,67.72202713007025,81.43336422793172,1521.5029863071232,0.0,0.0,47.419061191127557,57.498029986372809,833.0935486680606,0.0,0.0,21.329070964262578,25.605991132328485,493.91103254492739,31.047680534802358,21.294705442251279,465.38518320449625,559.0309825658417,11334.135136709378,0.0,0.0,57.53056877498145,70.21704401775034,797.6261968551173,0.0,16.951143588126639,44.709688289152328,22.0,30.0,0.0,17.30555160895184,43.73763613051717,12.0,30.0,0.0,17.173886564367206,44.062096593426037,22.0,30.0,0.0,17.138011445771004,44.128179867334527,12.0,30.0,0.0,15.8186376722559,49.01592995016409,12.0,30.0,0.0,17.819124781655029,43.04453781462115,12.0,30.0,0.0,16.188425014055395,47.341983049722617,10.0,30.0,0.0,13.704823005343755,56.049138688652778,12.0,30.0,0.0,16.548034324226827,46.81134867810548,20.0,30.0,0.0,16.412242741251384,0.0,0.0,0.0,11.837128055279124,0.0,0.0,477.405198851662,478.270016424123,479.9777013033621,475.19151828699207,543.6451242885435,860.9419883918695,532.2098724902063,616.793142022681,778.4557520530457,0.0,80.51977407296981,80.51977407296981,60.0,0.0,60.0,60.0,12.0,12.0,12.0,19.0,12.0,12.0,21.0,10.0,0.0,0.0,0.0,0.0,0.0,0.0,0.0,0.0,0.0,0.0,0.0,0.0,0.0,80.51977407296981,80.51977407296981,0.0,0.0,0.0,80.51977407296981,0.0,0.0,0.0015400000000000002 
 03/29  04:40:00,5.17,95.0,3.2700000000000006,0.0,0.0,0.0,0.0,0.0,2.0,2.0,0.0,0.0,0.0,0.0,0.0,778.0,0.0,0.0,0.0,0.0,0.0,0.0,0.0,0.0,0.0,0.0,0.0,17.322966181493557,-157.29488461442726,17.50800491717932,-18.10475934034912,17.2984502773719,-34.707461082593,17.232109438584148,-147.30396712222456,15.807668381806618,-4.495964608935452,17.58885598468511,-30.623368606418639,16.21927495255894,-27.574838893027846,14.08864459783268,-175.75005351751384,16.417184750977598,-63.23010252616791,368.1533736920146,546.2842638718541,0.0,0.0,0.0,0.0,0.0,0.0,0.0,0.0,0.0,0.0,0.0,0.0,0.0,0.0,0.0,0.0,0.0,0.0,0.0,0.0,0.0,0.0,1.1868956684704846,0.36230026510088056,133.41011262791035,159.63988404458415,3210.4065545341165,0.21621498513242877,0.032999845105682049,9.16701170046038,10.955477918937709,230.46611866842134,1.3622988474258183,0.25742608605930059,203.99329049858967,243.91222253153379,4977.263945801381,0.22137864858326079,0.041832700034629768,110.43468550105522,132.10842501262568,2658.124751326504,0.0,0.0,6.787951245414311,8.153976610118204,146.63441154821764,0.0,0.0,11.304619548903013,13.487338745226829,287.8141241837948,0.0,0.0,73.5256473949675,88.21884095650954,1639.3033016450946,0.0,0.0,47.68754834072097,57.712043306149997,828.8888279477532,0.0,0.0,20.5012598846552,24.564236143783274,472.3966802982824,31.05921246992579,21.302614862774897,204.631485145513,245.54871241313894,5248.833869962732,0.0,0.0,57.80850981687565,70.42099323003493,790.6015607898086,0.0,16.95203408269367,44.44831346966793,22.0,30.0,0.0,17.317901114476955,43.45032840267985,12.0,30.0,0.0,17.150447272037444,44.33889986040441,22.0,30.0,0.0,17.039375399423088,44.166271156433477,12.0,30.0,0.0,15.778723054547964,48.94732571335064,12.0,30.0,0.0,17.763158274422318,43.01293147179885,12.0,30.0,0.0,16.133556803331297,47.53978226319601,10.0,30.0,0.0,13.638511693040713,56.173377985298447,12.0,30.0,0.0,16.516356404480847,46.704751444052678,20.0,30.0,0.0,16.149731307157329,0.0,0.0,0.0,11.77189974011749,0.0,0.0,469.2966717302698,468.7298343151096,491.162127456312,464.912822775184,544.9533997866536,852.9633925916543,533.5129215334357,620.636825958225,773.3606353812198,0.0,80.51977407296981,80.51977407296981,60.0,0.0,60.0,60.0,12.0,12.0,12.0,19.0,12.0,12.0,21.0,10.0,0.0,0.0,0.0,0.0,0.0,0.0,0.0,0.0,0.0,0.0,0.0,0.0,0.0,80.51977407296981,80.51977407296981,0.0,0.0,0.0,80.51977407296981,0.0,0.0,0.00155 
 03/29  04:50:00,5.200000000000001,95.0,3.28,0.0,0.0,0.0,0.0,0.0,2.0,2.0,0.0,0.0,0.0,0.0,0.0,1556.0,0.0,0.0,0.0,0.0,0.0,0.0,0.0,0.0,0.0,0.0,0.0,17.337297753216256,-76.4178246969027,17.4204764796685,-184.69499586182659,17.198716199207046,-166.4869623746854,17.211140086952086,-72.67327244692888,15.777641909301897,-4.998627550677497,17.550090460895384,-28.916383847847045,16.17180316847955,-43.98233818632434,14.038653662295019,-181.3458098790012,16.39521801983212,-64.16165665274701,394.9225745792396,551.7307766293493,0.0,0.0,0.0,0.0,0.0,0.0,0.0,0.0,0.0,0.0,0.0,0.0,0.0,0.0,0.0,0.0,0.0,0.0,0.0,0.0,0.0,0.0,1.1804699452072272,0.3603388111133172,197.28962950683173,236.62740366840175,4769.717840976806,0.20817018544018463,0.03177200632481451,92.05571918210967,110.53343489049506,2228.8439410883077,1.2300301657833144,0.23243200411627266,192.78985925535074,231.11293024523367,4632.452711293618,0.22636836059462524,0.04277557834365555,104.96029725299815,125.8095982530772,2523.6066531449434,0.0,0.0,6.473198716263559,7.793107133713265,139.06038374818099,0.0,0.0,11.343275683247679,13.56526112985235,287.2857069157901,0.0,0.0,70.86544550498246,85.22626471980928,1567.662742176055,0.0,0.0,47.91078871287962,58.12103147054607,825.0515117951682,0.0,0.0,20.92389980142028,25.12864977601071,479.88036409251608,31.07247135493204,21.311708748238716,260.8055353324818,313.6836269874112,6520.566335538237,0.0,0.0,57.978027990209657,70.79887031306088,781.9227647967468,0.0,17.056330537130838,44.21889609288147,22.0,30.0,0.0,17.176666898499766,43.724663413552708,12.0,30.0,0.0,16.995436416138256,44.435218940761888,22.0,30.0,0.0,17.060085082450877,44.310263922613987,12.0,30.0,0.0,15.752238028798783,48.94775823724261,12.0,30.0,0.0,17.729394054240247,43.010842681894718,12.0,30.0,0.0,16.07894494676884,47.425332858104749,10.0,30.0,0.0,13.591038200059107,56.1905683350967,12.0,30.0,0.0,16.495792908191999,46.680109969028219,20.0,30.0,0.0,16.2031301697228,0.0,0.0,0.0,11.71040680867374,0.0,0.0,473.58022394983848,465.00888272330789,478.45166501298709,477.0475929834681,545.4204123265076,848.3971379138242,528.9922088908771,621.0547946183074,771.8881281310399,0.0,80.51977407296981,80.51977407296981,60.0,0.0,60.0,60.0,12.0,12.0,12.0,19.0,12.0,12.0,21.0,10.0,0.0,0.0,0.0,0.0,0.0,0.0,0.0,0.0,0.0,0.0,0.0,0.0,0.0,80.51977407296981,80.51977407296981,0.0,0.0,0.0,80.51977407296981,0.0,0.0,0.00162 
 03/29  05:00:00,5.23,95.0,3.29,0.0,0.0,0.0,0.0,0.0,2.0,2.0,0.0,0.0,0.0,0.0,0.0,778.0,0.0,0.0,0.0,0.0,0.0,0.0,0.0,0.0,0.0,0.0,0.0,17.35333210359064,-14.038825658763017,17.302877964138696,-265.01346015457787,17.141592774557269,-153.22439672020574,17.20684350564772,-5.221818525183608,15.740180875951303,-4.766440700023793,17.501572732892404,-28.093829791128316,16.11678632393418,-47.91091238689296,13.977353347075944,-178.28159122778608,16.366754595166197,-64.23420493200217,348.128736367129,557.3965328616462,0.0,0.0,0.0,0.0,0.0,0.0,0.0,0.0,0.0,0.0,0.0,0.0,0.0,0.0,0.0,0.0,0.0,0.0,0.0,0.0,0.0,0.0,1.1790357911953329,0.35990103516341057,181.99855580614062,217.64762576141494,4415.987842227303,0.20675949238544748,0.031556699082028,145.472127230731,174.05896352284155,3470.931356222704,1.1514430381533319,0.2175818288271603,76.67392571004602,91.75814437835823,1845.2194023590187,0.22655458048161845,0.04281076728677596,45.369119871582807,54.26286728976089,1094.933827883207,0.0,0.0,6.357903614877157,7.6399114979199569,135.735198198752,0.0,0.0,11.419036861353357,13.629371809955213,287.42578315614346,0.0,0.0,69.48304511950929,83.41470161425419,1524.0827837551356,0.0,0.0,48.01339807231738,58.1359880359872,817.5199429731397,0.0,0.0,21.489087392298644,25.755142347612105,490.3268059467603,31.054715193750839,21.299530311214576,177.0217326500168,212.5315862629154,4553.319645824933,0.0,0.0,58.026671050418169,70.72334412927589,772.2318689660639,0.0,17.145692883613007,43.90715214478442,22.0,30.0,0.0,17.000543698134778,44.154139793722347,12.0,30.0,0.0,16.940686017907699,44.432400068233139,22.0,30.0,0.0,17.09732321479531,44.22985939157953,12.0,30.0,0.0,15.71122743739845,48.916173070594677,12.0,30.0,0.0,17.675591061058378,43.000957006595147,12.0,30.0,0.0,16.01061906975355,47.493285359392427,10.0,30.0,0.0,13.52146074437197,56.29807626959321,12.0,30.0,0.0,16.46283000611198,46.622178820281408,20.0,30.0,0.0,16.013356946325513,0.0,0.0,0.0,11.650262246849874,0.0,0.0,472.5468948039223,464.67575838492379,478.51780557951886,481.1514080246027,544.9521474437115,841.7376253094584,527.5356539490362,619.6801810890381,767.7929511680559,0.0,80.51977407296981,80.51977407296981,60.0,0.0,60.0,60.0,12.0,12.0,12.0,19.0,12.0,12.0,21.0,10.0,0.0,0.0,0.0,0.0,0.0,0.0,0.0,0.0,0.0,0.0,0.0,0.0,0.0,80.51977407296981,80.51977407296981,0.0,0.0,0.0,80.51977407296981,0.0,0.0,0.00169 
 03/29  05:10:00,5.3066666666666679,95.0,3.3016666666666669,0.0,0.0,0.0,0.0,0.0,2.0,2.0,0.0,0.0,0.0,0.0,0.0,1556.0,0.0,0.0,0.0,0.0,0.0,0.0,0.0,0.0,0.0,0.0,0.0,17.197759945632709,-142.92740420505198,17.283250905643166,-119.77546620293492,17.113279050337796,-125.45502702166596,17.137497641929885,-108.60605007820129,15.70983930125941,-5.062166657602674,17.462653564637365,-30.478481333567744,16.082907840000805,-45.826173468891287,13.927871510563329,-183.09796183514494,16.343542160837218,-66.82281382172767,395.69561606152367,559.4979961158288,0.0,0.0,0.0,0.0,0.0,0.0,0.0,0.0,0.0,0.0,0.0,0.0,0.0,0.0,0.0,0.0,0.0,0.0,0.0,0.0,0.0,0.0,1.1835434229596696,0.36127699113543029,227.35100508743722,272.6601823441458,5355.700147171252,0.21692655610747997,0.03310844873435287,117.67206030692633,140.99568652084145,2795.646999240479,1.1336794703792466,0.21422514557430973,171.56700265489526,205.8115515031405,4070.5389554255837,0.21757663837251219,0.041114255172432379,83.72155805448641,100.47606312301366,1982.1522179365202,0.0,0.0,6.5438242565649749,7.882791394500579,138.30846224029689,0.0,0.0,11.367442046565343,13.599303500285317,283.49745916526396,0.0,0.0,70.56255277076869,84.91593292221283,1533.097768972901,0.0,0.0,48.22976880662057,58.53875059460759,808.883584742559,0.0,0.0,22.175225791861533,26.636549524734464,501.42119706417318,31.015049111821804,21.27232449370495,267.3030937602641,321.47059593453528,6561.781193647256,0.0,0.0,58.16697509654568,71.06850810465176,757.5544735987792,0.0,16.87046936664373,44.62898400762137,22.0,30.0,0.0,17.038834238202854,44.119485373261898,12.0,30.0,0.0,16.94462172427371,44.491220130156367,22.0,30.0,0.0,16.985275812895133,44.31966243910585,12.0,30.0,0.0,15.684671901939975,48.89653578456384,12.0,30.0,0.0,17.639698928984779,43.02025039087127,12.0,30.0,0.0,15.985421225583979,47.507779024361777,10.0,30.0,0.0,13.474343369311612,56.338377918852348,12.0,30.0,0.0,16.440413784720506,46.58808575518776,20.0,30.0,0.0,16.153681848273835,0.0,0.0,0.0,11.589401165247527,0.0,0.0,471.3353568570109,469.6588140635589,479.1874737076695,470.42718737266469,544.1726274603684,840.1998356485138,526.3915500543296,619.8147322226732,763.7014873328469,0.0,80.51977407296981,80.51977407296981,60.0,0.0,60.0,60.0,12.0,12.0,12.0,19.0,12.0,12.0,21.0,10.0,0.0,0.0,0.0,0.0,0.0,0.0,0.0,0.0,0.0,0.0,0.0,0.0,0.0,80.51977407296981,80.51977407296981,0.0,0.0,0.0,80.51977407296981,0.0,0.0,0.00176 
 03/29  05:20:00,5.383333333333334,95.0,3.3133333333333336,0.0,0.0,0.0,0.0,0.0,2.0,2.0,0.0,0.0,0.0,0.0,0.0,778.0,0.0,0.0,0.0,0.0,0.0,0.0,0.0,0.0,0.0,0.0,0.0,17.13327716290572,-130.93167268572734,17.28691112090609,-17.863121354380554,17.09461452662919,-40.09474452068298,17.047474011427228,-155.5000686292542,15.672032124901613,-4.810206116576268,17.414213210148895,-31.208395127193513,16.03168202197103,-38.57094022665888,13.867898056434802,-180.18061133362063,16.313942166785748,-67.899307033323,318.46685656561569,562.63597826317,0.0,0.0,0.0,0.0,0.0,0.0,0.0,0.0,0.0,0.0,0.0,0.0,0.0,0.0,0.0,0.0,0.0,0.0,0.0,0.0,0.0,0.0,1.1708162523773869,0.3573920184302158,92.76096875756778,111.07347375671482,2173.4001344530545,0.21399708214734637,0.03266133732407606,8.647224224096894,10.343837152517502,210.09491135945854,1.1344333524348034,0.21436760250090776,156.98433032140719,187.86535646867677,3707.927717739539,0.2143233242105383,0.04049949437085001,102.72630320755255,122.9871806651152,2391.294408023088,0.0,0.0,6.655228086846142,8.00015258884841,139.13564713253454,0.0,0.0,11.482288654311328,13.710931584946126,283.4691027425921,0.0,0.0,71.31005867287137,85.64117014820244,1530.5397375784797,0.0,0.0,48.34557564519377,58.569447033262729,796.9983316069512,0.0,0.0,22.69085360794643,27.204593202300449,508.2123379013624,30.926737206052793,21.211753913616464,157.2579049070157,188.9035729071844,4012.2429991615028,0.0,0.0,58.20038568623801,70.97445097464036,742.1053692188706,0.0,16.805245966688977,44.74269574444417,22.0,30.0,0.0,17.099267934799774,43.915580951752257,12.0,30.0,0.0,16.965758189168107,44.45933088587511,22.0,30.0,0.0,16.852443431080809,44.56348321769436,12.0,30.0,0.0,15.643446412185805,48.873666798796978,12.0,30.0,0.0,17.584731901949099,43.05190659491268,12.0,30.0,0.0,15.927832517380154,47.688786588774799,10.0,30.0,0.0,13.40654261249703,56.446809148523858,12.0,30.0,0.0,16.405800298721993,46.53786416566521,20.0,30.0,0.0,15.884212255981236,0.0,0.0,0.0,11.530135568119662,0.0,0.0,469.43413499162787,468.4929325610521,481.6812282952557,461.47879271641349,543.3876252615663,836.4739263777442,529.7787108853161,620.9267068741135,755.7707311736881,0.0,80.51977407296981,80.51977407296981,60.0,0.0,60.0,60.0,12.0,12.0,12.0,19.0,12.0,12.0,21.0,10.0,0.0,0.0,0.0,0.0,0.0,0.0,0.0,0.0,0.0,0.0,0.0,0.0,0.0,80.51977407296981,80.51977407296981,0.0,0.0,0.0,80.51977407296981,0.0,0.0,0.0017800000000000002 
 03/29  05:30:00,5.460000000000001,95.0,3.325,0.0,0.0,0.0,0.0,0.0,2.0,2.0,0.0,0.0,0.0,0.0,0.0,1556.0,0.0,0.0,0.0,0.0,0.0,0.0,0.0,0.0,0.0,0.0,0.0,17.12949336893709,-80.13401501443286,17.20630206550942,-175.78197772080447,16.995954317549598,-165.516933220817,17.029163372053213,-68.61482697924316,15.641354522585159,-5.1719921827966008,17.376700602522378,-30.506670167535334,15.987740852577426,-46.1616692451812,13.819232947431168,-184.86878109790747,16.289802465680937,-70.25041453627489,365.19008626410325,564.9902041286824,0.0,0.0,0.0,0.0,0.0,0.0,0.0,0.0,0.0,0.0,0.0,0.0,0.0,0.0,0.0,0.0,0.0,0.0,0.0,0.0,0.0,0.0,1.1368575253040754,0.3470261066251757,177.7182763171237,213.31755808746858,4137.892058917814,0.202508812137633,0.0309079383604446,82.95849234708327,99.69610221310932,1932.2525801438247,1.1165628302608429,0.21099070866607012,176.55117327587386,211.80967914729656,4085.5385705877308,0.21887914000627083,0.0413603817094238,99.18478775123606,118.98999084052343,2297.8687304681809,0.0,0.0,6.486322028342752,7.814544658957718,134.21251931981585,0.0,0.0,11.563092839052637,13.839761140027806,282.85333542855076,0.0,0.0,70.63298863004784,85.02404642071353,1498.2575292027289,0.0,0.0,48.558122186871,58.96691967575089,788.200339292715,0.0,0.0,22.769176712168269,27.361927330748647,505.2616224818672,30.83563461411311,21.149269282656463,234.84674650745445,282.6743804476271,5698.756161829495,0.0,0.0,58.31690741293046,71.28768891157978,727.5462207310717,0.0,16.867230532604816,44.60841713020155,22.0,30.0,0.0,16.96950210006381,44.27444208611527,12.0,30.0,0.0,16.81041504055053,44.798541137470937,22.0,30.0,0.0,16.877721670546067,44.606172323063059,12.0,30.0,0.0,15.616636996480047,48.8906222946479,12.0,30.0,0.0,17.551584994516653,43.087490293275319,12.0,30.0,0.0,15.881990999892523,47.71992199708487,10.0,30.0,0.0,13.360581732352339,56.50256967980724,12.0,30.0,0.0,16.382741468578005,46.53661416824036,20.0,30.0,0.0,16.01937360909555,0.0,0.0,0.0,11.473910751279896,0.0,0.0,471.51147911858188,466.9332293811336,477.1904075148385,471.05038005390028,543.487374651784,834.194877119523,528.7284624077724,621.4995166700619,754.6696107113722,0.0,80.51977407296981,80.51977407296981,60.0,0.0,60.0,60.0,12.0,12.0,12.0,19.0,12.0,12.0,21.0,10.0,0.0,0.0,0.0,0.0,0.0,0.0,0.0,0.0,0.0,0.0,0.0,0.0,0.0,80.51977407296981,80.51977407296981,0.0,0.0,0.0,80.51977407296981,0.0,0.0,0.0018 
 03/29  05:40:00,5.536666666666667,95.0,3.336666666666667,0.0,0.0,0.0,0.0,0.0,2.0,2.0,0.0,0.0,0.0,0.0,0.0,778.0,0.0,0.0,0.0,0.0,0.0,0.0,0.0,0.0,0.0,0.0,0.0,17.13699456943692,-14.550219129517246,17.09934418563403,-248.91488492970803,16.982658880160615,-85.78484292666701,17.028592722064098,-2.0254810212082505,15.603136677675197,-4.942744084879081,17.330094267427144,-29.40962050704377,15.932236850992487,-51.90662622239961,13.759956336554028,-181.60121880732687,16.25904373243269,-69.90695999680986,277.96131807353097,569.3583647033083,0.0,0.0,0.0,0.0,0.0,0.0,0.0,0.0,0.0,0.0,0.0,0.0,0.0,0.0,0.0,0.0,0.0,0.0,0.0,0.0,0.0,0.0,1.122018722891966,0.3424965576593303,174.0308446384366,208.30667097171526,4045.1265540572287,0.19735510428961756,0.030121352913555795,138.68953504900467,166.07998875238128,3172.2773457260575,1.0942137060928055,0.20676751815812659,32.009898156189247,38.32694307937606,758.0834903880109,0.2154172484782622,0.040706207195438808,2.8169526309428836,3.3720280371274726,69.90196747965064,0.0,0.0,6.315675374998639,7.594705272640664,129.23029219217234,0.0,0.0,11.611191033969354,13.870539660751343,281.16993812024608,0.0,0.0,68.9755603355366,82.88022184184658,1443.5598736835644,0.0,0.0,48.642525654128579,58.95966156790304,775.7403355604322,0.0,0.0,23.439825139999888,28.11174171759677,515.0512323831767,30.68553074484937,21.046317383298616,128.1016499480872,153.9819458045978,3283.8074325160766,0.0,0.0,58.30906991795118,71.1423727775286,712.3157143306046,0.0,16.94155947621145,44.395671804167488,22.0,30.0,0.0,16.810961883509415,44.75194440959688,12.0,30.0,0.0,16.841372515955304,44.763450278670138,22.0,30.0,0.0,16.919504544005269,44.438038229615518,12.0,30.0,0.0,15.574995811482243,48.9119676909048,12.0,30.0,0.0,17.499811470878126,43.1458572044751,12.0,30.0,0.0,15.813022946619398,47.88546415781349,10.0,30.0,0.0,13.293783834312557,56.648386846627477,12.0,30.0,0.0,16.34699978776814,46.5329267326516,20.0,30.0,0.0,15.7155519722969,0.0,0.0,0.0,11.42150385836631,0.0,0.0,473.130934536286,466.45935646436205,491.4748923251099,465.2063820186111,543.3021900639905,831.0468064727024,528.0114089384503,620.6210127518506,750.9173108572161,0.0,80.51977407296981,80.51977407296981,60.0,0.0,60.0,60.0,12.0,12.0,12.0,19.0,12.0,12.0,21.0,10.0,0.0,0.0,0.0,0.0,0.0,0.0,0.0,0.0,0.0,0.0,0.0,0.0,0.0,80.51977407296981,80.51977407296981,0.0,0.0,0.0,80.51977407296981,0.0,0.0,0.0018199999999999998 
 03/29  05:50:00,5.613333333333333,95.0,3.348333333333333,0.0,0.0,0.0,0.0,0.0,2.0,2.0,0.0,0.0,0.0,0.0,0.0,1556.0,0.0,0.0,0.0,0.0,0.0,0.0,0.0,0.0,0.0,0.0,0.0,17.002114393137036,-128.35217627089015,17.079469062907174,-120.50232854342153,16.932259793464554,-148.07513620101077,16.978820321740494,-83.22174961872782,15.572125418862932,-5.268352959799245,17.29234285003521,-31.690094872375938,15.89757136951796,-49.239084806664099,13.712445815409279,-185.37499019275254,16.234068016359886,-72.44314082435426,344.7360133300158,569.8155181959892,0.0,0.0,0.0,0.0,0.0,0.0,0.0,0.0,0.0,0.0,0.0,0.0,0.0,0.0,0.0,0.0,0.0,0.0,0.0,0.0,0.0,0.0,1.125392550998329,0.34352641971865968,201.3827663151854,241.64932958073767,4559.327509096206,0.209525426786689,0.031978850242168659,112.12113887634607,134.4827611884159,2552.8143338194524,1.0649550170176304,0.2012386653472469,123.41969648067266,148.09508422504696,2816.1506178585475,0.20629604113005135,0.03898262304044809,55.72708918454309,66.91953097548228,1271.338424797457,0.0,0.0,6.519804041324681,7.8592173266306999,132.00997558973979,0.0,0.0,11.534920508658946,13.81111542071195,276.68418202176937,0.0,0.0,69.93882057023956,84.23821146961866,1448.9813389787406,0.0,0.0,48.77108708745928,59.25581693014089,765.6177210560436,0.0,0.0,23.933297791434855,28.7672666291233,520.9039729782193,30.632152261999204,21.009706626885607,208.66581638598323,251.12784655876926,5004.270321218184,0.0,0.0,58.3615928076235,71.37765986585292,697.2172726590222,0.0,16.70904417039907,45.08677180215559,22.0,30.0,0.0,16.844149076018128,44.7112753420639,12.0,30.0,0.0,16.78978200715344,44.89218819984964,22.0,30.0,0.0,16.845246388584614,44.680375114761407,12.0,30.0,0.0,15.547917440015418,48.93782102899604,12.0,30.0,0.0,17.465200830901105,43.20511359041767,12.0,30.0,0.0,15.786821236618377,47.955643917204387,10.0,30.0,0.0,13.249644347496615,56.73230073055563,12.0,30.0,0.0,16.32308083004538,46.54678340606346,20.0,30.0,0.0,15.914743391986207,0.0,0.0,0.0,11.36800733542676,0.0,0.0,471.4281776823555,471.43099675798376,479.01904693035268,464.8523515939978,542.9287853814205,831.1747662122159,528.0639760544003,621.3804708376374,747.9425007046411,0.0,80.51977407296981,80.51977407296981,60.0,0.0,60.0,60.0,12.0,12.0,12.0,19.0,12.0,12.0,21.0,10.0,0.0,0.0,0.0,0.0,0.0,0.0,0.0,0.0,0.0,0.0,0.0,0.0,0.0,80.51977407296981,80.51977407296981,0.0,0.0,0.0,80.51977407296981,0.0,0.0,0.0018266666666666666 
 03/29  06:00:00,5.69,95.0,3.36,15.5,110.5,0.0,0.0,0.0,2.0,2.0,0.0,0.0,0.0,0.0,0.0,778.0,0.0,25.890839403139993,61.62856278139658,157.91985076973612,0.7763415203684218,20.66339136858622,0.0,61.628562781396528,84.25091767649528,0.0,0.0,16.94381921709742,-115.59633398015285,17.092535516732619,-15.22648355633595,16.932496762323276,-39.29146393108749,16.96404110948844,-178.12216106776669,15.535798405309606,-5.076966263862715,17.255260205198938,-32.32768076699085,15.84845734604092,-42.16453305166124,13.696122434657305,-184.7529355758238,16.247412113089874,-74.30042336220731,294.69927670834297,571.4995490265119,0.0,0.0,0.0,0.0,0.0,0.0,0.0,0.0,0.0,0.0,0.0,0.0,0.0,0.0,0.0,0.0,0.0,0.0,0.0,0.0,0.0,0.0,1.109929617957455,0.33880635468786787,79.94221987416734,95.78907713774207,1801.3475628591685,0.20503294839544229,0.03129318504203942,7.770629199416456,9.302869189616786,181.2005606900562,1.0708960036662952,0.2023613007683854,151.79082463089694,181.78511151099827,3443.4263790386487,0.2000495785272547,0.037802263516110098,110.2770111587438,132.10641690653359,2470.093897667117,0.0,0.0,6.602329807378621,7.942157171989045,132.17988881597436,0.0,0.0,11.604577361705586,13.868037416193989,275.5803241711838,0.0,0.0,70.64629582374835,84.91934667756887,1445.5888412415466,0.0,0.0,48.92716338046524,59.329257650512008,756.5505460144824,0.0,0.0,24.4191428201855,29.29334932818197,527.2571915384806,30.485817027464689,20.90933952501008,149.8444428451647,180.1072309306535,3684.938333086418,0.0,0.0,58.432740024192707,71.32486966906376,684.1269106949953,0.0,16.653068091154858,45.31939168870085,22.0,30.0,0.0,16.906964371907223,44.57942392366933,12.0,30.0,0.0,16.807978432098144,44.81451957043595,22.0,30.0,0.0,16.72175248284469,45.09717470735904,12.0,30.0,0.0,15.508074344964767,48.98899015858106,12.0,30.0,0.0,17.41722314570382,43.29726349587183,12.0,30.0,0.0,15.733282093896588,48.09846779200331,10.0,30.0,0.0,13.207646894613835,56.81417502326186,12.0,30.0,0.0,16.31006144035356,46.51161528605973,20.0,30.0,0.0,15.747975955431043,0.0,0.0,0.0,11.32615453816607,0.0,0.0,470.6805123320724,470.561220096253,477.68269033043375,460.18912560765917,542.7302301204413,830.1920403658915,531.718740782158,622.9011818963317,741.9338158856679,0.0,80.51977407296981,80.51977407296981,60.0,0.0,60.0,60.0,12.0,12.0,12.0,19.0,12.0,12.0,21.0,10.0,0.0,0.0,0.0,0.0,0.0,0.0,0.0,0.0,0.0,0.0,0.0,0.0,0.0,80.51977407296981,80.51977407296981,0.0,0.0,0.0,80.51977407296981,0.0,0.0,0.0018333333333333334 
 03/29  06:10:00,5.796666666666667,94.66666666666667,3.4466666666666665,20.666666666666669,147.33333333333335,0.0,0.0,0.0,2.0,2.0,0.0,0.0,0.0,0.0,0.0,7790.0,0.0,35.95310883190595,80.00351946039973,205.00471342821059,1.078063582065206,28.69408817143996,0.0,80.00351946039963,109.37087654951276,0.0,0.0,18.225390594569057,-1029.1457765965834,17.279837111391119,774.9936020062331,18.41496909486906,-2484.2867672530258,17.322508336131386,949.3774320600095,15.509141638631624,-4.9204473129330898,18.26878271540869,-108.36168384281084,15.964399660464462,206.57544615274476,14.782855643884485,-273.2694337201808,17.84541855829439,-222.5232215461308,622.7144806977816,685.1679177379313,0.0,0.0,0.0,0.0,0.0,0.0,0.0,0.0,0.0,0.0,0.0,0.0,0.0,0.0,0.0,0.0,0.0,0.0,0.0,0.0,0.0,0.0,1.0913912419687435,0.33314750975846876,393.09527513668959,469.09225452216477,10313.46349117903,0.31348260560289639,0.04784533052547259,337.56042379397737,404.74664917697978,7915.4599750269,0.9157026514685083,0.17303527049669477,501.59378326781157,597.9363085393549,13458.717256443773,0.2994307844076409,0.05658178087823901,349.4274384121175,418.8115812655729,8289.510995036566,0.0,0.0,10.768831104221622,12.999361045523811,212.70021875417735,0.0,0.0,18.01868470228591,21.495000016469548,476.30363408763449,0.0,0.0,78.25150643831009,94.32603421761948,1626.488707294936,0.0,0.0,39.61898383373489,47.98490765224515,726.4559787491712,0.0,0.0,41.13638964927319,49.10283478924401,1071.0084627305337,31.907531624528006,21.884452417371756,682.4868828447014,819.8713821433647,15979.851764274554,0.0,0.0,52.34505451212579,64.12468235395233,612.2794364476102,2280.086900766721,18.61751676728799,40.132955497917539,21.999999999999998,30.0,0.0,17.300161312322314,43.550155499619169,15.999999999999999,30.0,4627.662175975752,18.944675788377407,39.32707128826924,21.999999999999998,30.0,0.0,17.42214745926264,43.22430018972344,15.999999999999999,30.0,0.0,15.488529660966437,49.01488757779896,12.0,30.0,1860.7381016629998,18.794816735229405,39.735665411393927,20.0,30.0,0.0,16.00718098802207,47.297363639103839,10.0,30.0,1453.483392002653,14.88519630813687,51.00314333167771,16.999999999999998,30.0,3080.5855053427396,18.474836477760719,40.632465515682309,20.0,30.0,0.0,16.74556924785103,0.0,0.0,0.0,11.434988188011193,0.0,0.0,472.380610415567,473.7574754877493,470.91761077440619,469.84670481956888,541.4871053850092,810.442042615302,515.261802642005,629.1280399627663,719.4509511371364,13444.36478692557,79.11358728364212,87.85159954361572,60.0,0.0,60.0,60.0,16.0,16.0,19.0,19.0,16.0,12.0,21.0,10.0,1.0,0.0,2280.086900766721,0.0,4627.662175975752,0.0,1860.7381016629998,0.0,1453.483392002653,3080.5855053427396,13219.847882989283,7931908.72979357,10321983.307702842,79.11358728364212,87.99999999999999,0.4406615960996428,0.7683666058215357,0.3602813740196596,87.99999999999999,0.3542647819438876,10321983.307702842,0.5385831320005479 
 03/29  06:20:00,5.903333333333334,94.33333333333334,3.533333333333333,25.833333333333337,184.16666666666669,0.0,0.0,0.0,2.0,2.0,0.0,0.0,0.0,0.0,0.0,3116.0,0.0,46.46168247853419,96.1256866054657,246.31694363040635,1.3931698906868642,37.08099774092023,0.0,96.1256866054656,131.4111013349539,0.0,0.0,18.959863955484754,-1351.7081867996254,17.90100616770564,817.1804445146536,19.30105073217704,-3402.58868089685,18.197796026333316,816.0319746126829,15.478055383494267,0.4899953434507438,18.813070933889429,-148.79345892958615,16.284532709485239,171.5937080664537,15.857058832210118,-187.768732736817,18.18277020011186,-217.96964287873676,854.1742961534055,724.4849829246894,0.0,0.0,0.0,0.0,0.0,0.0,0.0,0.0,0.0,0.0,0.0,0.0,0.0,0.0,0.0,0.0,0.0,0.0,0.0,0.0,0.0,0.0,1.1716365522959636,0.3576424152307581,443.8903520711632,527.806247417737,12423.8188862228,0.35474105282623927,0.054142407330012107,390.231802324286,466.3190721656289,9813.704905173656,0.92573361267036,0.1749307658107257,567.9595707189825,674.3235335334815,16360.760100905532,0.31174924080278457,0.05890953151980053,380.2866124808542,453.8335764852567,9862.122752687394,0.0,0.0,12.725682162634917,15.359284611595385,247.9696770087956,0.0,0.0,20.529284017228674,24.408987914038354,574.1236223322108,0.0,0.0,82.87347359090012,99.649844475191,1790.6783570785574,0.0,0.0,22.546882231451155,27.11841679174473,495.6375120030975,0.0,0.0,46.18580709768371,55.02053046591731,1245.1974086163598,33.10727856534116,22.70732411888969,760.1893217636434,910.7937627957622,18763.834513954356,0.0,0.0,46.80411921672564,57.26130502970953,558.0858753852159,1876.0306603567665,19.828537129812987,37.200378818714387,22.0,30.0,0.0,18.37393752119912,40.7236209395677,16.0,30.0,4239.6194549315609,20.278010152663833,36.182220566898077,22.0,30.0,0.0,18.791529398542019,39.677061020858747,16.0,30.0,0.0,15.461564574193794,49.0484325523714,12.0,30.0,445.9543932023145,19.840120905910628,37.202172031506567,19.5,30.0,0.0,16.54158276995902,45.73112213759665,10.0,30.0,772.5366350146871,16.803891678129806,45.02649448692923,16.75,30.0,17.186847719966779,19.304591749083867,38.4848084297908,19.0,30.0,0.0,17.625406943262,0.0,0.0,0.0,11.648344032997376,0.0,0.0,472.8890476844505,474.84313301010357,470.83310759553719,470.8372046094584,540.8267415877955,755.3510545706342,521.6728198129081,637.602463338581,669.2279737750007,12124.188411016992,79.98756674791818,87.86619474142037,60.0,0.0,60.0,60.0,16.0,16.0,19.0,19.0,16.0,12.0,21.0,10.0,1.0,0.0,1876.0306603567665,0.0,4239.6194549315609,0.0,445.9543932023145,0.0,772.5366350146871,17.186847719966779,11921.718060954121,7153030.836572473,9337565.68571217,79.98756674791818,88.0,0.39739060203180406,0.7660459676550446,0.36028137401965956,88.0,0.3542647819438875,9337565.68571217,0.4874067489903662 
 03/29  06:30:00,6.01,94.0,3.62,31.0,221.0,0.0,0.0,0.0,2.0,2.0,0.0,0.0,0.0,0.0,0.0,3116.0,0.0,57.35538592195513,107.09048267334353,274.41371447423657,1.7198261517227159,45.77529732266231,0.0,107.09048267334342,146.4008088530593,0.0,0.0,19.67651708319069,-1187.2867034714118,18.47984561594427,1132.0953099996928,20.071582340529774,-3189.436819040272,18.896717957141307,1038.0064074552007,15.460336338021449,12.546427000598783,18.403779522685725,-96.87825827766909,16.69310057541908,479.1531607595383,15.811140028491874,-368.90070091820487,18.66146282694762,-248.61771353622624,1160.2262128230205,818.8562712523215,0.0,0.0,0.0,0.0,0.0,0.0,0.0,0.0,0.0,0.0,0.0,0.0,0.0,0.0,0.0,0.0,0.0,0.0,0.0,0.0,0.0,0.0,1.3257516154295486,0.404686085295955,470.0517946566727,556.8566643094854,14028.933206985497,0.3879817238352005,0.0592157698161173,409.27579103667849,487.44176333988266,10976.124537786536,1.0446211884232422,0.1973962941087004,574.7837193541312,679.9940389175091,17603.644368462978,0.32630990380604638,0.061660979555186377,374.65774548878059,445.4261749862627,10428.078649904968,0.0,0.0,14.12063733387001,17.04498713120409,271.9455934889414,0.0,0.0,21.08187064632052,25.12416502470243,558.5646089349199,0.0,0.0,87.65998794873055,105.13900807320518,2005.1023942678863,0.0,0.0,38.35476956979733,46.146723234191949,811.1395881481092,0.0,0.0,47.1328203010782,56.026903590921538,1318.3620161875368,34.58853951290816,23.72327812956665,773.9505840120372,923.6569181888012,20726.177250658973,0.0,0.0,51.227445890494127,62.63792624397424,612.2843751149824,1931.8714540531517,20.915506711797414,34.83057259007205,22.0,30.0,0.0,19.352118516666996,38.35941280588272,16.0,30.0,4351.276879428799,21.353948157499525,33.91253637134479,22.0,30.0,0.0,19.889407602716774,37.103972191173628,16.0,30.0,0.0,15.456226221590143,49.05447743458206,12.0,30.0,22.084555076185145,19.181627795225809,38.759537415420158,19.0,30.0,0.0,17.302274077126538,43.62287674319256,10.0,30.0,704.5876375948179,16.415093555768885,46.1617344051775,16.5,30.0,1491.7842069205222,19.955711372209355,36.94761847253962,20.0,30.0,0.0,18.7637101223558,0.0,0.0,0.0,11.774348800787497,0.0,0.0,474.65697575114737,478.30783126575866,474.10541569390548,473.1346322502779,543.7350825238219,724.4437320191149,506.16027845354759,655.3133125028854,654.7699663475211,10654.443572702286,80.95985063902,86.3103023022767,60.0,0.0,60.0,60.0,16.0,16.0,19.0,19.0,16.0,12.0,21.0,10.0,1.0,0.0,1931.8714540531517,0.0,4351.276879428799,0.0,22.084555076185145,0.0,704.5876375948179,1491.7842069205222,8097.054798099418,4858232.87885965,6337333.664669533,80.95985063902,86.40117073379933,0.35490182660331395,0.7654609775457855,0.36028137401965956,86.40117073379933,0.3542647819438875,6337333.664669533,0.33140801722948245 
 03/29  06:40:00,6.116666666666667,93.66666666666667,3.7066666666666667,38.5,255.83333333333335,0.0,0.0,0.0,2.0,2.0,0.0,0.0,0.0,0.0,0.0,3116.0,0.0,72.04844601127856,112.31185318758728,287.7933092822262,2.1604083483839218,57.50186732764917,0.0,112.31185318758713,153.53881820295153,0.0,0.0,20.152454962579108,-1207.817053310664,18.986291332100707,1109.4757523081758,20.214948425472906,-2672.229773703548,19.435706044400967,958.0476520600878,15.453927933302979,21.488495181876119,19.11928050715082,-89.67771637559534,17.210217653458618,522.5169242622882,16.204935270923057,-362.3675951222289,18.451834738534719,-85.32326883610659,1311.3170081663266,692.8156401938729,0.0,0.0,0.0,0.0,0.0,0.0,0.0,0.0,0.0,0.0,0.0,0.0,0.0,0.0,0.0,0.0,0.0,0.0,0.0,0.0,0.0,0.0,1.4198478734609826,0.43340899678296176,472.91057994481266,558.9820123561867,14625.86620171418,0.39897975468747445,0.06089434595352174,404.41968479374108,480.43077680731838,11351.148894751344,1.1598634579603542,0.21917298903256886,553.4557611423195,653.8818802288547,17260.08383287304,0.33615875726587948,0.06352206297541183,365.1365798904601,433.01037491277386,10605.185800936997,0.0,0.0,13.969522811107435,16.862306131907425,266.26653054022509,0.0,0.0,17.82017859401536,21.164723127783554,502.28831558853718,0.0,0.0,95.24284021917539,113.90193000426453,2316.243394908016,0.0,0.0,33.9236692404607,40.733306252205029,747.7588682444869,0.0,0.0,27.200965815990377,32.38598356085361,728.9713376978464,35.47452434435593,24.33094948172561,760.8386776828781,905.9117935796319,21292.778668402665,0.0,0.0,47.809283406476847,58.46980127059305,554.7092817262709,1930.1777652781964,21.594349717276559,33.46194421213731,22.0,30.0,0.0,20.121625024183339,36.62365102673607,16.0,30.0,3026.9751779680957,21.732141696493089,33.19880278366375,21.75,30.0,0.0,20.635247289009116,35.4859879219493,16.0,30.0,0.0,15.465589866068332,49.04191027808864,12.0,30.0,1361.9607483622727,20.16668300898051,36.47852449980991,19.75,30.0,0.0,18.162774283589763,41.37135970427551,10.0,30.0,549.7689406157367,16.997962253161025,44.48504713885053,16.5,30.0,0.0,19.45624876340613,38.155932986535677,19.0,30.0,0.0,19.451640583918498,0.0,0.0,0.0,11.709867588026335,0.0,0.0,477.8490958789896,481.20639873825186,477.48256962880626,479.2081581208399,541.8585422788409,715.7696046457194,502.47648053664889,638.6432499784519,669.7598923607066,10575.803396090254,81.01177981482457,86.53666177995904,60.0,0.0,60.0,60.0,16.0,16.0,19.0,19.0,16.0,12.0,21.0,10.0,1.0,0.0,1930.1777652781964,0.0,3026.9751779680957,0.0,1361.9607483622727,0.0,549.7689406157367,0.0,8360.74990016319,5016449.940097913,6560039.962314682,81.01177981482457,86.63049261707642,0.363691663338773,0.7642047622712169,0.36028137401965956,86.63049261707642,0.3542647819438875,6560039.962314682,0.34300207804036356 
 03/29  06:50:00,6.223333333333334,93.33333333333333,3.793333333333333,46.0,290.66666666666665,0.0,0.0,0.0,2.0,2.0,0.0,0.0,0.0,0.0,0.0,3116.0,0.0,87.04959665802132,115.49734326911256,295.95608785396709,2.610230359697397,69.47434147588948,0.0,115.4973432691124,157.89362465154347,0.0,0.0,20.30243137643318,-1261.6171555846018,19.201982319554703,742.387747152371,20.468777782498245,-2098.3368783361845,19.619728675356734,614.2831170304203,15.448185657356607,22.087020885544889,18.932392328036973,-54.71588293168293,17.457949263149069,387.224689029087,16.050452979443599,-430.9025108776471,18.54688010288178,-85.81509592715713,1245.3002258183315,822.7349658273549,0.0,0.0,0.0,0.0,0.0,0.0,0.0,0.0,0.0,0.0,0.0,0.0,0.0,0.0,0.0,0.0,0.0,0.0,0.0,0.0,0.0,0.0,1.438627111965478,0.4391413650688273,399.98547231476888,472.5798284512333,12302.353479349622,0.36074835861464407,0.05505927329283335,322.6884085376797,382.8335022305266,9135.03967165748,1.2455355060508287,0.23536196259463888,459.08665248920206,542.3361293070477,14168.792115163951,0.3317971922763381,0.06269788213838587,329.38763966188176,390.41229695069418,9556.748628683625,0.0,0.0,13.016916360138679,15.71035377915501,245.41641049987434,0.0,0.0,15.313291721115853,18.2022474065892,419.26528370251608,0.0,0.0,102.96677255706567,123.0085226383308,2545.5590786825675,0.0,0.0,45.012511525585569,54.119282952302018,955.4751749679915,0.0,0.0,22.327605494444485,26.568192894990795,596.7039975892492,35.5200848969922,24.362198146085196,643.9702650213585,766.4210731459359,18052.54304631794,0.0,0.0,59.05141177376757,72.17072092769974,701.3058078266543,1846.8450912761169,21.671117391591605,33.378974703617689,22.0,30.0,0.0,20.32472893717676,36.234873341784908,16.0,30.0,2785.9401882181625,21.676178811813619,33.379641778855177,21.75,30.0,0.0,20.722452091971385,35.359497182532887,16.0,30.0,0.0,15.470173376212636,49.06373284824144,12.0,30.0,0.0,19.887974321869274,37.21636527915872,19.0,30.0,0.0,18.481611956822534,40.614558433652188,10.0,30.0,837.4640274044227,16.713877737861968,45.33563156598815,16.5,30.0,1045.5551297717298,19.477569061858959,38.14044851265129,19.5,30.0,0.0,19.430856995752995,0.0,0.0,0.0,11.953231001827817,0.0,0.0,484.23017594082088,487.1001523063346,482.98192686741467,486.89604672706926,537.2450039120615,729.8478168660618,507.8769807101867,587.4882666201265,692.6090346440608,9771.823947404662,81.54345080214047,85.16050259721493,60.0,0.0,60.0,60.0,16.0,16.0,19.0,19.0,16.0,12.0,21.0,10.0,1.0,0.0,1846.8450912761169,0.0,2785.9401882181625,0.0,0.0,0.0,837.4640274044227,1045.5551297717298,5473.738089680926,3284242.8538085559,4285040.42925483,81.54345080214047,85.22193214448319,0.35245793632269759,0.7663674928720634,0.36028137401965956,85.22193214448319,0.3542647819438875,4285040.42925483,0.2246754356545845 
 03/29  07:00:00,6.33,93.0,3.88,53.5,325.5,0.0,0.0,0.0,2.0,2.0,0.0,0.0,0.0,0.0,0.0,3116.0,0.0,102.34250408702202,116.47910970208179,298.47196116045145,3.0688023924096727,81.67968359668817,0.0,116.47910970208167,159.23577379779295,0.0,0.0,20.356977508572866,-1289.3403834051119,19.2972014519784,640.0421724083092,20.4903608639871,-1579.9744693257795,19.685632081743788,524.8574008433839,15.444817845599524,24.99425185070443,18.598294857445837,-41.73322710889178,17.566865931497224,339.79645527410119,16.07328965556006,-436.88828379772238,18.621645993012529,-101.15153354960956,1201.3992809279044,888.5256824229477,0.0,0.0,0.0,0.0,0.0,0.0,0.0,0.0,0.0,0.0,0.0,0.0,0.0,0.0,0.0,0.0,0.0,0.0,0.0,0.0,0.0,0.0,1.4265392254934537,0.43545153403341088,418.5018847654813,494.70166090855477,12698.62983095443,0.34519235607608486,0.05268503603114848,306.0180355528321,363.0236572311342,8618.436746536247,1.2614606930753197,0.2383712571948829,413.85175567720986,489.0101016988916,12568.285473786213,0.3234396475731608,0.061118603093945709,297.0489755207285,352.01856395672936,8547.646743403257,0.0,0.0,13.047604949279203,15.748559510966928,243.32162590163328,0.0,0.0,15.125393884788413,18.017534412725138,394.73752338456907,0.0,0.0,103.75347139153949,123.89329317244973,2564.5734638448805,0.0,0.0,49.05904360072592,59.00448639683154,1019.7600703617497,0.0,0.0,28.370482791498618,33.78265243162957,751.3818057199117,35.58075860948302,24.403812489357365,595.3894769022892,708.5830150415079,16601.56988022969,0.0,0.0,63.70278802695902,77.79336826424773,770.7372424328411,1852.3850532511333,21.605697722852307,33.58845546110139,22.0,30.0,0.0,20.373124308770597,36.20310191249326,16.0,30.0,2223.4554906267455,21.51673582762381,33.78404435596535,21.5,30.0,0.0,20.689557149894399,35.500768910826909,16.0,30.0,0.0,15.476376220315567,49.10236190621661,12.0,30.0,0.0,19.310475613133435,38.624790960241018,19.0,30.0,0.0,18.58833668890728,40.419262400850019,10.0,30.0,653.2111900647952,16.574607652399079,45.794561713941209,16.25,30.0,0.0,19.488760304670945,38.15978482229979,19.0,30.0,0.0,19.41592410862571,0.0,0.0,0.0,12.1711746074771,0.0,0.0,487.8192332295961,492.0891324348391,487.5528276558886,490.5293023974214,532.7505551278752,737.7601910828621,507.25816144350736,571.4922855735762,685.2006464700278,8840.14802186025,82.1596867894926,82.1596867894926,60.0,0.0,60.0,60.0,16.0,16.0,19.0,19.0,16.0,12.0,21.0,10.0,1.0,0.0,1852.3850532511333,0.0,2223.4554906267455,0.0,0.0,0.0,653.2111900647952,0.0,0.0,0.0,0.0,82.1596867894926,82.1596867894926,0.34,0.7696662304001617,0.36028137401965956,82.1596867894926,0.3542647819438875,0.0,0.0018266666666666666 
 03/29  07:10:00,6.545,92.33333333333333,3.9433333333333335,61.0,360.33333333333339,0.0,0.0,0.0,2.0,2.0,0.0,0.0,0.0,0.0,0.0,3895.0,0.0,117.91216994760086,115.23248594881298,295.277722307909,3.5356746881155467,94.10592322894593,0.0,115.23248594881287,157.53154461460134,0.0,0.0,20.40020108723975,-1447.679460983964,19.410276127321489,690.2760634384985,20.492605515680166,-1208.8688747066724,19.780554415627294,460.4358162183315,15.44107092320689,25.40296021398224,18.86827922796212,-46.98335418578911,17.70719492873583,407.72951890741538,16.859491435443695,-405.0918554730656,18.679770463023158,-55.592968844613967,1199.4483450547298,701.4090009862148,0.0,0.0,0.0,0.0,0.0,0.0,0.0,0.0,0.0,0.0,0.0,0.0,0.0,0.0,0.0,0.0,0.0,0.0,0.0,0.0,0.0,0.0,1.3967966615301264,0.42637260730467849,452.8951693109624,535.440751925576,13583.192223974404,0.34674328438329507,0.052921746700747108,330.5173859877392,392.20024323738087,9225.45280503629,1.266870106973566,0.23939344425048499,352.27442139116479,416.6009341458309,10526.408336089025,0.31273350118812145,0.05909552176646285,267.5403312182067,317.1658803776486,7613.011692251696,0.0,0.0,13.14184544554072,15.865166450933352,239.3797767644064,0.0,0.0,15.08244126833596,17.940520974829956,398.9870534048464,0.0,0.0,95.71950550832765,114.26957823895282,2359.6667917563,0.0,0.0,35.11681357378819,42.07227921927447,800.1823434307596,0.0,0.0,21.140151279014999,25.15520528771752,554.7245675140566,35.6268169053467,24.435402541390066,593.3711522980625,706.3259166236716,16418.8164784661,0.0,0.0,49.638584125665399,60.66315215029748,567.1355666061617,1852.0737296559328,21.570108372903616,33.71030225463932,22.0,30.0,0.0,20.485920851344927,36.01847168144924,16.0,30.0,1815.6385045939917,21.453799775856234,33.9681500208314,21.400000000000003,30.0,0.0,20.752594275640545,35.439350490456977,16.0,30.0,0.0,15.478701776992324,49.15673855819245,12.000000000000002,30.0,893.3413507447451,19.711885427586464,38.99706149602011,19.6,30.0,0.0,18.785740105614225,39.985129992977338,10.0,30.0,1336.5413413918878,17.88225334136372,42.21297237515809,20.7,30.0,951.3417962686281,19.585929516223005,39.16786115540866,19.4,30.0,0.0,19.54585844636817,0.0,0.0,0.0,12.05162901374534,0.0,0.0,489.5991754279021,494.5008932755393,489.91021393590679,493.27844354670216,528.5546735350031,775.291268822824,502.2326017474269,560.4156707571295,720.4568904781152,10673.449491709045,80.9471663803854,84.14285561283045,60.0,0.0,60.0,60.0,16.0,16.0,19.0,19.0,19.7,12.0,21.0,10.0,1.0,0.0,1852.0737296559328,0.0,1815.6385045939917,0.0,893.3413507447451,0.0,1336.5413413918878,951.3417962686281,4835.543200271019,2901325.920162611,3772799.360427766,80.9471663803854,84.19712902495754,0.3651847733423673,0.7695852173451494,0.36028137401965956,84.19712902495754,0.35426478194388757,3772799.360427766,0.19798556674224386 
 03/29  07:20:00,6.760000000000001,91.66666666666667,4.006666666666667,68.5,395.1666666666667,0.0,0.0,0.0,2.0,2.0,0.0,0.0,0.0,0.0,0.0,3116.0,0.0,133.74379297838576,111.85506144907046,286.62343841977158,4.010403390986177,106.74124712966919,0.0,111.8550614490703,152.91434926484568,0.0,0.0,20.472588605391566,-1268.272860957551,19.47376594464248,618.8949117328593,20.562235605486579,-1450.3428205634917,19.79968265488742,552.9523013381597,15.437324611142423,24.368586983616994,18.8535075566248,-37.1910017235831,17.830361707779205,383.0918639634665,17.652722766585648,-224.02771911746692,18.694392808348235,-28.908588099239297,1172.773042002148,457.35581494884027,0.0,0.0,0.0,0.0,0.0,0.0,0.0,0.0,0.0,0.0,0.0,0.0,0.0,0.0,0.0,0.0,0.0,0.0,0.0,0.0,0.0,0.0,1.3524403038395226,0.4128328155798298,414.11810219555368,489.4440097696506,12274.480627209568,0.33607804565374019,0.051293963011865107,317.68531023526068,376.8006178204963,8741.956007713747,1.2051975005651852,0.22773951257845535,383.2167901010952,452.7476069381389,11302.734254557432,0.31091201620646766,0.05875132581376938,288.21324141289917,341.4849133148148,8059.89625559589,0.0,0.0,13.114875968302324,15.829575537896112,233.16603156558512,0.0,0.0,14.488756308442241,17.23208908470646,374.9436723944253,0.0,0.0,79.59943765477513,94.9529559326021,1951.61684423193,0.0,0.0,18.764322428772894,22.40085605639611,461.697246812722,0.0,0.0,18.784933899385697,22.35470100478042,484.6193198296524,35.54815924861997,24.381453531289425,598.5972049055141,712.1023963292482,16311.844699864589,0.0,0.0,30.638186956547636,37.48001614377427,324.8353771048911,1837.3635349617794,21.59321750901582,33.73755282317325,22.0,30.0,0.0,20.50135197327584,36.077930751686,16.0,30.0,2068.1443470876195,21.51191026782498,33.930371896377398,21.5,30.0,0.0,20.708792294592099,35.62488079845657,16.0,30.0,0.0,15.479150802213159,49.25717452840487,12.0,30.0,0.0,19.643864715394348,40.96825778010197,19.0,30.0,0.0,18.937102880742679,39.6967111209768,10.0,30.0,1286.4042474221806,19.162294880416789,39.06995498454188,20.7,30.0,0.0,19.579779160599445,40.718032147537218,19.0,30.0,0.0,19.560174152056907,0.0,0.0,0.0,11.801497103970961,0.0,0.0,490.50963137127516,495.82629007734297,490.652506972468,494.5076980662569,524.0526242705163,813.4852028933683,495.0126955877037,552.6947588325115,756.383457826107,11143.902625022922,80.63575666617956,86.6552700058516,60.0,0.0,60.0,60.0,16.0,16.0,19.0,19.0,19.7,12.0,21.0,10.0,1.0,0.0,1837.3635349617794,0.0,2068.1443470876195,0.0,0.0,0.0,1286.4042474221806,0.0,9108.273732617974,5464964.239570784,7138383.057107268,80.63575666617956,86.7575013257721,0.38860912442059916,0.7658056915831752,0.36028137401965956,86.7575013257721,0.3542647819438875,7138383.057107268,0.3729659189695779 
 03/29  07:30:00,6.975,91.0,4.07,76.0,430.0,0.0,0.0,0.0,2.0,2.0,0.0,0.0,0.0,0.0,0.0,3116.0,0.0,149.82216799236429,106.57588024911401,273.09602160707257,4.492532526781533,119.57351961201332,0.0,106.57588024911385,145.69730832468123,0.0,0.0,20.56408377150711,-1403.1374830236842,19.518518378350536,599.7840578639209,20.624703444855024,-1267.284340147935,19.86541029464292,474.0161229435919,15.42667874621009,17.34663195492672,18.61050924608311,-21.439628580805747,17.90601982207434,367.63051131823149,18.44892243904537,-67.72102035262836,18.697083115788254,-205.59561557478617,1129.1423144717165,486.7435207222384,0.0,0.0,0.0,0.0,0.0,0.0,0.0,0.0,0.0,0.0,0.0,0.0,0.0,0.0,0.0,0.0,0.0,0.0,0.0,0.0,0.0,0.0,1.3227312301806485,0.4037641117767547,406.90755385017089,480.898886560703,11849.073048776409,0.3194383485345336,0.048754326699409909,294.69301840597447,349.39834689357135,7986.425548879089,1.1682126161024096,0.22075068331489229,361.2949284977179,426.70254205901656,10589.373029935785,0.30446959475802018,0.057533937029104319,289.81593702273286,343.3279498576294,7992.401158097227,0.0,0.0,12.290659963690615,14.833893449765636,212.7913877657976,0.0,0.0,13.30918720812203,15.845442672235056,327.68902514527596,0.0,0.0,71.48472382967469,85.22821287147699,1731.1268057129838,0.0,0.0,26.486079453503657,31.416010912982814,717.3153614486485,0.0,0.0,19.162409376915855,22.812569967386886,474.50963556942716,35.43385732845053,24.303057152572387,582.8858015084157,693.2746998304699,15632.37171503608,0.0,0.0,28.349361677769516,34.65808133551426,282.75155940669199,1847.6090071224897,21.654186481777445,33.831850418949148,22.0,30.0,0.0,20.493990838552585,36.33062585988245,16.0,30.0,1910.9676371574465,21.569941472328315,34.00941340756158,21.5,30.0,0.0,20.735349733517315,35.79265897536555,16.0,30.0,0.0,15.464922316298385,49.46627479371686,12.0,30.0,0.0,19.22147095250731,43.46898275846923,19.0,30.0,0.0,18.999682048555376,39.75555645691146,10.0,30.0,1163.5513371343764,20.495518385794175,36.464660038928659,20.7,30.0,789.035717138504,19.254711733993014,42.58128283166936,19.25,30.0,0.0,19.551834321294178,0.0,0.0,0.0,11.773672430252662,0.0,0.0,493.45263784027795,500.02992446994656,493.3778312409957,499.59862386047026,520.969628727682,855.1022937923697,492.1285709340187,551.3956479257353,787.9754751656093,11260.307043732255,80.55897994305805,86.35428089815716,60.0,0.0,60.0,60.0,16.0,16.0,19.0,19.0,19.7,12.0,21.0,10.0,1.0,0.0,1847.6090071224897,0.0,1910.9676371574465,0.0,0.0,0.0,1163.5513371343764,789.035717138504,8769.427793511079,5261656.676106647,6850459.451799767,80.55897994305805,86.45270434745359,0.37731425978370267,0.7676820960853079,0.36028137401965956,86.45270434745359,0.3542647819438875,6850459.451799767,0.3579638914935879 
 03/29  07:40:00,7.19,90.33333333333333,4.133333333333333,80.83333333333333,454.6666666666667,0.0,0.0,1.0,2.0,0.0,0.0,0.0,0.0,0.0,4.0,7011.0,0.0,161.4350377608317,97.25500240523593,249.21195634574714,4.84076171941616,128.84187703287777,0.0,97.25500240523576,132.95496165203918,0.0,0.0,20.505190915035248,-1476.772606942787,19.598329193339987,535.1048499269126,20.54060224682759,-1001.8617877835001,19.933229566924739,395.71581872062367,15.42182572506419,24.218695416226706,18.83326253231975,-71.76417017605587,17.195041278929815,-569.0544747110563,18.32946243376542,-109.65111940936183,18.49782062089239,-491.3689599083492,1124.5836118990636,1923.7148169317332,0.0,0.0,0.0,0.0,0.0,0.0,0.0,0.0,0.0,0.0,0.0,0.0,0.0,0.0,0.0,0.0,0.0,0.0,0.0,0.0,0.0,0.0,1.317112929559822,0.4020491237972604,367.2528167587474,434.4165683540569,10520.010534933203,0.318785901774975,0.04865474691315258,302.5856537598856,359.08905549700969,8097.316889794487,1.1178635211748507,0.2112364930413555,266.17584081930297,314.74325105462358,7640.103817611362,0.28465605925417189,0.053789882701090769,262.6686394297673,311.38122042234076,7154.980749728238,0.0,0.0,13.141217138333332,15.869838489894489,221.7187976647218,0.0,0.0,15.66937704285851,18.645542016186199,388.6657046879735,0.0,0.0,241.31933835330123,289.3658334281667,4994.481588239132,0.0,0.0,28.98959929481119,34.44951114579009,745.3802094630569,0.0,0.0,172.42760917839829,205.55662015888132,4123.733957171828,35.46276249195374,24.322882367595218,557.6267316078966,663.7259395415605,14818.549831410768,0.0,0.0,175.80888542008717,213.3234184382729,2443.3345204124759,1833.484972231317,21.51371652174537,34.54651611865337,22.000000000000047,30.000000000000065,0.0,20.56179016440977,36.54860242212477,16.000000000000033,30.000000000000065,1119.7553834962465,21.47255161081101,35.2837173211683,21.33333333333338,30.000000000000065,0.0,20.805523169671369,36.45376073846763,19.000000000000044,30.000000000000065,0.0,15.463764237007489,49.84662109154879,12.000000000000029,30.000000000000065,824.1938350594105,19.503540594929068,43.443279341449208,19.555555555555597,30.000000000000065,0.0,17.505911581515805,44.6366435883383,10.000000000000022,30.000000000000065,463.5214009162026,20.022623734419818,38.790846239189438,20.033333333333379,30.000000000000065,0.0,19.128262586326849,40.74966488469982,12.000000000000029,30.000000000000065,0.0,19.64545213976006,0.0,0.0,0.0,13.850343594083343,0.0,0.0,512.1428392011175,512.8817761374451,546.8854359315559,534.5256667633616,533.5709014173395,877.9173606349835,568.7728057151859,608.6575140478195,607.4392478557269,9665.159045051314,81.61405562087802,83.25678392139314,220.00000000000046,0.0,220.00000000000046,220.00000000000046,16.0,19.0,19.0,12.0,19.7,12.0,21.0,10.0,1.0,0.0,1833.484972231317,0.0,1119.7553834962465,0.0,824.1938350594105,0.0,463.5214009162026,0.0,2485.894717918077,1491536.8307508417,1938047.177203645,81.61405562087802,83.28468290141957,0.34730760170838095,0.7696812413805675,0.36028137401966039,83.28468290141957,0.3542647819438883,1938047.177203645,0.10704845321458954 
 03/29  07:50:00,7.405,89.66666666666667,4.196666666666666,85.66666666666666,479.3333333333333,0.0,0.0,1.0,2.0,0.0,0.0,0.0,0.0,0.0,4.0,2337.0,0.0,173.3632446193493,87.70435309937938,224.7391218595261,5.198447185720874,138.36191299735638,0.0,87.70435309937924,119.89849997080566,0.0,0.0,20.48789560072816,-1486.615608817909,19.608391976449349,523.9154127147144,20.679489294208638,-1199.6867539866367,19.894600260847889,450.96288393557679,15.417627296895703,20.595715302919169,18.855143251984619,-94.93339431255163,16.609299254097964,-9.455752192096047,18.700871072844813,-272.10790020896197,17.791624557536954,-373.58241634819236,1093.8159119184405,1630.1103890918476,0.0,0.0,0.0,0.0,0.0,0.0,0.0,0.0,0.0,0.0,0.0,0.0,0.0,0.0,0.0,0.0,0.0,0.0,0.0,0.0,0.0,0.0,1.2615498888747084,0.3850884886674938,364.22244299110448,430.49294844100157,10212.981792487155,0.3069196813141646,0.04684366320423762,296.81586919434298,351.9093882130249,7789.263208828821,1.0358205127738046,0.19573327905778643,279.9266987570842,330.3521352228995,7994.2033291577449,0.27905622884180006,0.052731713688926717,275.20473248150497,325.8372310902577,7344.597315060779,0.0,0.0,13.182002333805795,15.903587739516784,216.59009452243755,0.0,0.0,16.612225997242026,19.74739399315922,404.7666521388368,0.0,0.0,256.13936766279678,307.7721823208451,4792.749814486292,0.0,0.0,43.006772499254918,50.92988156020963,1141.0895066887466,0.0,0.0,173.41458662183124,207.42840087067493,3703.5587934843495,35.34505203404773,24.24214817150053,564.6434822356448,671.2941412303943,14702.054725331123,0.0,0.0,187.5550712929998,226.90871720549323,2783.213547515032,1835.3271208320558,21.422828740693477,34.98593985898704,22.000000000000019,30.00000000000002,0.0,20.514530022437936,36.92617063950128,16.000000000000015,30.00000000000002,1871.4843912280376,21.674913575098363,35.18820213340109,21.666666666666687,30.00000000000002,0.0,20.7073667375239,37.233605378546048,19.000000000000015,30.00000000000002,0.0,15.46068646950564,50.48600810603554,12.00000000000001,30.00000000000002,0.0,19.531509240658538,43.9342989057927,19.000000000000015,30.00000000000002,0.0,16.620473357686906,47.47177888355731,10.000000000000007,30.00000000000002,1122.8166406239962,20.644537202064613,37.90472634037076,20.700000000000015,30.00000000000002,0.0,17.960085799321637,43.51436707624119,12.00000000000001,30.00000000000002,0.0,19.61257524993311,0.0,0.0,0.0,14.637054480130427,0.0,0.0,522.3114724648291,523.61119179075,561.1210455132742,560.3296708041664,560.4259686887144,889.0055417578797,578.0222010165355,641.76977805047,577.3593449919185,8955.29375657706,82.08341616128138,84.50596126917373,220.00000000000018,0.0,220.00000000000018,220.00000000000018,16.0,19.0,19.0,12.0,19.7,12.0,21.0,10.0,1.0,0.0,1835.3271208320558,0.0,1871.4843912280376,0.0,0.0,0.0,1122.8166406239962,0.0,3666.069966765998,2199641.980059597,2885081.124622547,82.08341616128138,84.54710412740357,0.34886899889220016,0.7651900665123748,0.3602813740196598,84.54710412740357,0.3542647819438878,2885081.124622547,0.15623310736926139 
 03/29  08:00:00,7.62,89.0,4.26,90.5,504.0,0.0,0.0,1.0,2.0,0.0,0.0,0.0,0.0,0.0,4.0,3116.0,0.0,196.48337023725115,81.77977375799247,209.55789451104494,5.891717442034546,156.81410606032913,0.0,81.77977375799233,111.79915084060453,0.0,0.0,20.507896901058186,-1455.369728895309,19.627405024398607,483.8283268673458,20.609829299243765,-827.8893556339115,19.90882660431801,233.27375462117039,15.411225355938594,18.90482799747295,18.826014750703579,-85.91809184463597,16.72529614055336,145.16972439660868,18.485762954382488,-243.1286983169402,17.437492900886249,-170.57439450805533,1051.5072031830087,1116.1781635294183,0.0,0.0,0.0,0.0,0.0,0.0,0.0,0.0,0.0,0.0,0.0,0.0,0.0,0.0,0.0,0.0,0.0,0.0,0.0,0.0,0.0,0.0,1.2083865458984829,0.36886036199587388,360.6715995631913,426.4575496390627,9937.51304918234,0.29457594045439358,0.04495969787154969,291.1231875845245,345.3079326302545,7494.4121798731589,1.0637636646540279,0.20101354207370149,233.92900240610016,276.75243462495799,6439.74010627015,0.25818111689975156,0.04878705912693716,233.62042229094488,276.9934317502415,6118.024141833421,0.0,0.0,12.64302962581015,15.258645019336422,201.98361030494804,0.0,0.0,16.665091625940819,19.834765330877319,390.7469896939224,0.0,0.0,200.15929638654706,240.44350538598858,3760.0801919599746,0.0,0.0,44.09299260875093,52.37947739357434,1098.847666200855,0.0,0.0,117.21175717788688,140.53859676751484,2339.838491940671,35.22515021713079,24.15991098568642,517.1507053155663,615.3915971544368,13246.683281919957,0.0,0.0,128.48341851946473,155.80357627315076,1739.9247609141658,1833.3103139827609,21.394697526391945,35.40341611681812,22.0,30.0,0.0,20.47942432426499,37.391210394208638,16.0,30.0,984.8991532071545,21.368804277827043,36.35540508192287,21.25,30.0,0.0,20.688407321024998,37.619065510829788,19.0,30.0,0.0,15.452379792187802,50.886532734745248,12.0,30.0,432.6107603338303,19.277053495439028,44.98152092260921,19.0,30.0,0.0,16.896646930756444,46.90823057838223,10.0,30.0,636.8821384682517,20.046143493238185,39.45218067368024,20.2,30.0,0.0,17.46841381084368,45.0919947506478,12.0,30.0,0.0,19.57747407217824,0.0,0.0,0.0,14.139736649461817,0.0,0.0,536.6072029514817,538.9858474110729,580.2828503098191,570.9194922081022,571.5222294481597,895.4540041945921,574.8474854053302,637.4251061807984,577.1164560537844,10388.762728115584,81.13558754466918,84.66297812116166,220.0,0.0,220.0,220.0,16.0,19.0,19.0,12.0,19.7,12.0,21.0,10.0,1.0,0.0,1833.3103139827609,0.0,984.8991532071545,0.0,432.6107603338303,0.0,636.8821384682517,0.0,5338.210484127625,3202926.290476575,4147121.2823760805,81.13558754466918,84.72288492328357,0.34794034947092086,0.7698494418519056,0.36028137401965956,84.72288492328357,0.3542647819438875,4147121.2823760805,0.22179808446133393 
 03/29  08:10:00,7.948333333333334,87.66666666666667,4.348333333333333,95.33333333333334,528.6666666666667,0.0,4.0,0.0,0.0,0.0,0.0,0.0,0.0,0.0,0.0,4674.0,0.0,208.65497193081803,73.32912492847287,187.90376257919236,6.256702907655533,166.5284137940396,0.0,73.32912492847275,100.24647320678916,0.0,0.0,20.530974204617747,-1510.2090523844909,19.666978249468238,492.99639123717136,20.34497982273242,-285.7437826233603,19.799037354770666,-41.76348880318637,15.40938741698297,24.33924600679611,18.638580931228554,-256.3302829929801,17.20395491631228,499.2440325152662,18.065521575156294,-122.04541022770174,17.176318189094208,-518.2812083984393,895.721335950653,1015.1300284022407,0.0,0.0,0.0,0.0,0.0,0.0,0.0,0.0,0.0,0.0,0.0,0.0,0.0,0.0,0.0,0.0,0.0,0.0,0.0,0.0,0.0,0.0,1.162235440581798,0.3547727230103169,389.97941473834717,461.2897453379224,10485.420135314886,0.29167762960791668,0.04451734273625102,296.0723147995151,351.3470122302862,7437.694716327756,1.0264065845653068,0.19395438105920388,90.83664289078166,107.589813342943,2451.752234973054,0.2838552194706082,0.05363855243208769,23.18279187818954,27.507648613141528,585.9057041357286,0.0,0.0,11.695641424925727,14.122067328313185,179.0425381675194,0.0,0.0,78.76745041485158,93.9189417070218,1769.9786188517183,0.0,0.0,234.91522524232466,281.19254070683038,4694.037860644675,0.0,0.0,33.29759499673018,39.67011739636504,767.408049438887,0.0,0.0,112.39282647215305,134.8436907878609,2060.484604095474,35.159198886073308,24.114676876593494,322.66514570734855,384.65796519615466,8032.908204097675,0.0,0.0,117.06960488913428,141.8722668037692,1480.4218311924322,1815.4631887035594,21.394004902113989,35.907159059577967,21.999999999999994,30.0,0.0,20.497943161202988,37.83229841088277,15.999999999999999,30.0,51.08651732530253,21.231173686563328,36.2123689199578,20.999999999999998,30.0,0.0,20.42715362830103,41.09452495717495,18.999999999999998,30.0,0.0,15.453312603694429,51.42494028927816,11.999999999999997,30.0,0.0,19.078500669773307,42.75715479324225,15.999999999999999,30.0,0.0,17.822585063365329,45.3557911778578,9.999999999999999,30.0,0.0,19.331630492655714,41.12139911442641,15.999999999999999,30.0,0.0,17.079371849515029,46.80858786259839,11.999999999999997,30.0,0.0,19.12740120294773,0.0,0.0,0.0,13.969953659817034,0.0,0.0,552.3902971253092,553.489060744158,549.5630821409443,738.6988914239819,587.7922741558596,694.3331677069111,626.049015649444,623.1125842744727,599.7215800619687,9412.748324523285,81.78104731190079,82.9299848059431,132.0,0.0,132.0,132.0,16.0,19.0,16.0,12.0,16.0,12.0,21.0,10.0,1.0,0.0,1815.4631887035594,0.0,51.08651732530253,0.0,0.0,0.0,0.0,0.0,1738.7969770451287,1043278.1862270776,1352476.8801948908,81.78104731190079,82.94949757880267,0.34129323256817098,0.7706616085570816,0.3602813740196595,82.94949757880267,0.3542647819438874,1352476.8801948908,0.07398079777013432 
 03/29  08:20:00,8.276666666666668,86.33333333333334,4.436666666666667,100.16666666666666,553.3333333333334,0.0,4.0,0.0,0.0,0.0,0.0,0.0,0.0,0.0,0.0,3116.0,0.0,220.88755987616907,66.48693387072284,170.37121914161697,6.623517881849303,176.29140342919104,0.0,66.48693387072274,90.89267929181308,0.0,0.0,20.42011981218943,-994.708434746702,19.707262316830219,562.8665430340655,20.735940629789768,-860.4917506547395,19.738911563106997,-30.472736051759435,15.41811236600773,32.99324839523175,18.311600623479536,-83.59495969526007,17.39087885033244,164.90220529047523,17.400605707973413,-30.05311197161703,16.678087112861236,-552.9256912094629,906.4042755254679,1249.5572386834843,0.0,0.0,0.0,0.0,0.0,0.0,0.0,0.0,0.0,0.0,0.0,0.0,0.0,0.0,0.0,0.0,0.0,0.0,0.0,0.0,0.0,0.0,1.2223159976735425,0.3731123314021803,397.38774292571716,469.8224354847635,10416.920056629862,0.31560140393944149,0.0481687124449697,317.9335805398325,376.9719609134927,7796.517867943601,0.81244027184748,0.15352234917752845,165.21280626716465,195.05891082272377,4461.294406759195,0.3080064946989497,0.05820228546843341,30.92529461470623,36.66342678597546,752.007126729427,0.0,0.0,10.979273584378117,13.248502016009003,161.1759778937229,0.0,0.0,56.920712139033799,67.96789418992818,1182.1924923076404,0.0,0.0,279.25469484643767,333.92683115592947,5504.235960961357,0.0,0.0,22.054304882578493,26.37029280972709,443.68564488177767,0.0,0.0,185.2739490070566,222.84947936903823,3017.375305134605,35.30545450440429,24.214989372019418,347.36792458474539,413.7356043140792,8382.674532188847,0.0,0.0,188.07751016596203,227.35057915585677,2532.597659164499,1283.985122071232,21.38441202882214,36.17805352691574,21.750000000000005,30.000000000000008,0.0,20.52054372479404,38.04551414697331,16.000000000000005,30.000000000000008,1553.3283108555266,21.825781803561875,35.20931550345607,21.500000000000005,30.000000000000008,0.0,20.307551266851744,43.58499796221131,19.000000000000005,30.000000000000008,0.0,15.472293040423889,51.84675667146947,12.000000000000002,30.000000000000008,0.0,18.564145829889026,43.220383638806499,16.000000000000005,30.000000000000008,0.0,18.038505683019257,44.49457281481068,10.000000000000002,30.000000000000008,0.0,18.196925206939594,44.06681121615266,16.000000000000005,30.000000000000008,0.0,16.303095544030954,49.646413508295697,12.000000000000002,30.000000000000008,0.0,19.182383467139343,0.0,0.0,0.0,14.815938242595373,0.0,0.0,559.830518384465,559.2776932056795,555.635815627189,873.2049348278868,600.4041814032374,622.2247473238134,601.5035844265551,614.9324781050784,613.6518511030026,8291.191457435523,82.52258675799843,82.52258675799843,132.00000000000004,0.0,132.00000000000004,132.00000000000004,16.0,19.0,16.0,12.0,16.0,12.0,21.0,10.0,1.0,0.0,1283.985122071232,0.0,1553.3283108555266,0.0,0.0,0.0,0.0,0.0,0.0,0.0,0.0,82.52258675799843,82.52258675799843,0.3400000000000001,0.7708456993138564,0.3602813740196596,82.52258675799843,0.35426478194388757,0.0,0.0036079999999999998 
 03/29  08:30:00,8.605,85.0,4.525,105.0,578.0,0.0,4.0,0.0,0.0,0.0,0.0,0.0,0.0,0.0,0.0,3116.0,0.0,233.17098184938502,61.99588880085981,158.86336049014677,6.991857884416398,186.09497181419608,0.0,61.99588880085974,84.75308019383326,0.0,0.0,20.439990740528388,-1249.321633399608,19.754016054090746,361.95036632356598,20.613319635445405,-543.0173990590822,19.68742462201444,-69.06668893915364,15.42918804200339,31.17407131235005,18.1156844004552,-78.4686836820652,17.231050513144873,91.93005396470062,16.98613320036447,-15.165283990934313,16.443130555670594,-346.67842449867455,898.0670470407954,1102.5177003343618,0.0,0.0,0.0,0.0,0.0,0.0,0.0,0.0,0.0,0.0,0.0,0.0,0.0,0.0,0.0,0.0,0.0,0.0,0.0,0.0,0.0,0.0,1.1420011289698045,0.348596193214226,453.737261088975,537.2969547565409,11318.972980577973,0.27476704079690175,0.04193636153798867,269.1321146880146,319.13820025363409,6438.885889016594,0.9194710798181686,0.17374736958015289,203.20911919448123,240.11816979733957,5245.436842846375,0.2680347687252734,0.0506490492678143,25.257687301326017,29.947728407554274,592.5489325494328,0.0,0.0,10.473346362700378,12.637112994397184,147.17123567910734,0.0,0.0,51.983193987190357,62.12259050897133,1013.18073966156,0.0,0.0,289.1690385262203,346.2185063302119,5330.150495306009,0.0,0.0,12.855088749581457,15.40129781917097,231.87156174221264,0.0,0.0,196.25408315580249,236.3473723180511,2964.633041022622,35.01933097051248,24.018745521613505,392.843617747125,467.9560832693096,9209.699139307522,0.0,0.0,197.85514906789673,239.1420338095992,2582.320496811793,1874.7877333068739,21.21079469515218,37.131387256945767,22.0,30.0,0.0,20.53335245900952,38.529843567968359,16.0,30.0,1505.492744103899,21.53678414566278,36.235124198611568,21.5,30.0,0.0,20.200304777795894,45.03370740897967,19.0,30.0,0.0,15.492225099215008,52.037491706416307,12.0,30.0,0.0,18.257621487694949,43.98065302177833,16.0,30.0,0.0,17.713413562040168,45.643988730737579,10.0,30.0,0.0,17.516286300554744,46.01172268908624,16.0,30.0,0.0,16.023981716602945,50.65367153838525,12.0,30.0,0.0,19.268354652564857,0.0,0.0,0.0,14.973997084012565,0.0,0.0,575.0106919909135,573.7918003787542,572.4212433742944,940.6041257378146,599.7475274007912,601.4849348443469,592.1771436086676,607.108156925114,597.9401252849808,10074.819126916573,81.34321957583629,84.78171544579459,132.0,0.0,132.0,132.0,16.0,19.0,16.0,12.0,16.0,12.0,21.0,10.0,1.0,0.0,1874.7877333068739,0.0,1505.492744103899,0.0,0.0,0.0,0.0,0.0,5203.815777292351,3122289.4663754107,4070752.6600367568,81.34321957583629,84.84011252068939,0.3434605259097451,0.7664485974393674,0.36028137401965956,84.84011252068939,0.3542647819438875,4070752.6600367568,0.21524313832191137 
 03/29  08:40:00,8.933333333333334,83.66666666666667,4.613333333333333,111.16666666666666,582.6666666666666,0.0,0.0,1.0,2.0,0.0,0.0,0.0,0.0,0.0,0.0,7011.0,0.0,245.2186969215391,60.40160744951389,154.7782511997677,7.353123793352086,195.7103538567548,0.0,60.40160744951383,82.57357671649499,0.0,0.0,20.721510477357535,-1505.825326962911,19.775122705378917,591.457295099311,20.70099501690729,-1519.84457465459,19.758019072143108,641.1387125282821,15.437403108857542,34.95040832557715,18.984793907294667,-94.06084092229939,17.172010184705579,124.3416315396082,17.766513955367296,-101.39884285075243,16.331746935521818,-265.8005951419857,997.6142123910695,1092.525724655244,0.0,0.0,0.0,0.0,0.0,0.0,0.0,0.0,0.0,0.0,0.0,0.0,0.0,0.0,0.0,0.0,0.0,0.0,0.0,0.0,0.0,0.0,1.0321487810834156,0.31506373048944377,433.7937090083814,512.7605675903463,10991.289021844892,0.27814622314784678,0.04245210976004997,313.09421073479839,371.39462944739787,7274.257624290624,0.9179449868567406,0.17345899222538603,415.3244679926936,490.6895193739474,10523.004687934052,0.2832440556970292,0.053523064190670769,343.23936811485216,407.2390861053457,7902.797824033889,0.0,0.0,11.75668006808195,14.192573900960954,157.68155697378888,0.0,0.0,17.805401753245229,21.199986114737884,377.1215294185693,0.0,0.0,260.19947876380777,311.83146040203516,4566.002528632423,0.0,0.0,27.01694591049518,32.19968172907518,545.532795582684,0.0,0.0,206.16460643040819,248.51054040196125,2933.4853969251837,35.160948491159007,24.115876880081676,650.0906606508745,773.3082378531744,14757.085857437043,0.0,0.0,209.22298537846849,252.81147278959242,2687.3035266205176,1844.8053136187244,21.63331841011892,37.036772997528839,22.000000000000047,30.000000000000065,0.0,20.539696255522818,39.4634427517185,16.000000000000033,30.000000000000065,1714.1386577212584,21.554736575631226,37.23393598970374,21.44444444444449,30.000000000000065,0.0,20.421610702525805,40.009871660550249,16.000000000000033,30.000000000000065,0.0,15.506657392192299,52.29532530164079,12.000000000000029,30.000000000000065,1391.2847216533613,19.45636850846638,41.981112805300288,19.888888888888933,30.000000000000065,0.0,17.602783584364834,46.53281899144973,10.000000000000022,30.000000000000065,1338.065288596566,18.745108292224545,43.47118739034408,20.700000000000047,30.000000000000065,0.0,15.91857339051498,51.37245169562699,12.000000000000029,30.000000000000065,0.0,19.6698924551162,0.0,0.0,0.0,15.205462539326146,0.0,0.0,628.877172969298,622.8787877671136,627.1950250998032,639.2652953123626,599.3714129347037,676.6729797319108,607.3840723379684,653.4190092691827,601.185287594234,10578.267937787337,81.01025227326278,85.68921664400119,60.00000000000013,0.0,60.00000000000013,60.00000000000013,16.0,16.0,19.0,12.0,19.7,12.0,21.0,10.0,1.0,0.0,1844.8053136187244,0.0,1714.1386577212584,0.0,1391.2847216533613,0.0,1338.065288596566,0.0,7080.988985648826,4248593.391389285,5535412.918347395,81.01025227326278,85.76868099211203,0.3493662995216278,0.7656310755538773,0.36028137401966039,85.76868099211203,0.3542647819438883,5535412.918347395,0.28944147175406456 
 03/29  08:50:00,9.261666666666667,82.33333333333333,4.701666666666666,117.33333333333334,587.3333333333333,0.0,0.0,1.0,2.0,0.0,0.0,0.0,0.0,0.0,0.0,3116.0,0.0,273.66687878105798,62.89828225720705,161.1759854160739,8.20614883989184,218.41476409437554,0.0,62.898282257207018,85.98672046339792,0.0,0.0,20.712211549393257,-1427.1831035561496,19.880261475502708,439.71042517429626,20.728710356656486,-1090.210594057034,19.90388647202847,357.1282986489473,15.44969885557653,34.82384959175276,19.019061823385259,-99.22351468457194,17.13155149072186,102.48520678967634,18.7417398494067,-283.0163579091381,16.298955417899717,-162.86649351008578,950.8011951811704,1083.8773528049874,0.0,0.0,0.0,0.0,0.0,0.0,0.0,0.0,0.0,0.0,0.0,0.0,0.0,0.0,0.0,0.0,0.0,0.0,0.0,0.0,0.0,0.0,0.9775545391522802,0.29839882147505505,422.38916583948568,499.11362431969038,10373.93212262923,0.24916598265696444,0.03802899613201533,277.80932751647108,329.28462590548215,6326.4600882696,0.8984791804336052,0.16978064634043947,343.44556211083468,405.46535015545489,8454.852971453354,0.2549238067083516,0.04817154321775349,284.4340381772754,337.0205167370252,6473.209460154196,0.0,0.0,11.588717118234726,13.980380982119485,148.13874850121344,0.0,0.0,17.49546623404436,20.803403716376395,364.36343764398796,0.0,0.0,255.9271110353862,306.60553121192847,4280.736425581277,0.0,0.0,44.17658899653995,52.35775400841078,992.6691275047788,0.0,0.0,210.83743767389937,253.9715403624516,2864.339284389441,35.041306671948557,24.03381801916911,561.8158783823831,667.896034884948,12505.270367570109,0.0,0.0,215.73430853085899,260.1731785357497,2788.0481556500114,1808.0592540520339,21.58303781831617,37.13666219717257,22.0,30.0,0.0,20.64193754876402,39.35983384716164,16.0,30.0,1785.517290252763,21.492438327454125,37.44611657795798,21.5,30.0,0.0,20.60723690529188,39.444748035769,16.0,30.0,0.0,15.52557019178715,52.691948280520858,12.0,30.0,0.0,19.622075083984375,43.430359303140509,19.0,30.0,0.0,17.52022178426919,47.0568443616857,10.0,30.0,1247.1069269649118,20.426519307851025,39.9434606496638,20.7,30.0,0.0,15.929447991729165,51.86033641649293,12.0,30.0,0.0,19.704242169074996,0.0,0.0,0.0,15.581638929575967,0.0,0.0,620.2261421170658,626.1282715052769,624.7150367468003,626.0389635312965,605.0010836035896,784.2376998354919,614.9723827208982,676.1839766238927,617.2054085312112,10159.06657307106,81.28736623792324,84.9870065327116,60.0,0.0,60.0,60.0,16.0,16.0,19.0,12.0,19.7,12.0,21.0,10.0,1.0,0.0,1808.0592540520339,0.0,1785.517290252763,0.0,0.0,0.0,1247.1069269649118,0.0,5598.592663730342,3359155.598238205,4377594.783427348,81.28736623792324,85.04983870688,0.35661975545767807,0.7668358547365409,0.36028137401965956,85.04983870688,0.3542647819438875,4377594.783427348,0.2292415954048888 
 03/29  09:00:00,9.59,81.0,4.79,123.5,592.0,0.0,0.0,1.0,2.0,0.0,0.0,0.0,0.0,0.0,0.0,3116.0,0.0,318.08947903765297,65.72789452422133,168.42685137140064,9.538158152544203,253.86817765313419,0.0,65.7278945242213,89.85501495876436,0.0,0.0,20.732784887353185,-1611.9633834385305,19.943235624194885,482.06107692307526,20.413660124543349,-270.17774521311096,19.893144642695025,190.73483883406056,15.464347576535968,37.423760711530807,18.820469617335527,-82.2880900020451,17.161330968711064,176.21945971300239,18.55434141743696,-238.5641415157894,16.352837693727137,-75.19314664469607,941.0824437300225,983.9905111464518,0.0,0.0,0.0,0.0,0.0,0.0,0.0,0.0,0.0,0.0,0.0,0.0,0.0,0.0,0.0,0.0,0.0,0.0,0.0,0.0,0.0,0.0,0.9301106136707738,0.2839165487395524,469.64705536982498,554.9017654436192,11215.766983323438,0.2326290963475679,0.03550505133509889,271.49763634189778,321.742180099668,6020.841421529452,0.9478975699326833,0.17911896635160313,272.57018539352529,322.518699355529,6317.786863857449,0.23910338739685664,0.045182045993359138,206.30780430258697,244.3792308855991,4536.202439926816,0.0,0.0,11.682349289723911,14.091520139698556,142.0231574830788,0.0,0.0,17.405419009832614,20.719127411910987,338.10859389677526,0.0,0.0,249.47754618310914,298.79145696384605,4037.9424961453767,0.0,0.0,44.8585065679181,53.29896769115973,932.6186546636411,0.0,0.0,203.35087373030567,244.82499943013694,2685.3305076362278,35.02788146287606,24.024610056842304,518.7489810807819,616.6077088047482,11314.479700977965,0.0,0.0,208.2377730789755,250.95110089291823,2638.408023035759,1804.0595169564818,21.560581922481196,37.18936567277532,22.0,30.0,0.0,20.673740561424606,39.31546110572918,16.0,30.0,101.21162538030335,21.210286574462609,38.02428399827619,21.0,30.0,0.0,20.547876914231894,39.567547499142808,16.0,30.0,0.0,15.546423662297777,53.095118263409,12.0,30.0,0.0,19.24091945339994,45.77765636764934,19.0,30.0,0.0,17.583703564144505,47.36038002868737,10.0,30.0,418.427359679275,19.936098259377663,41.7174578531883,19.95,30.0,0.0,16.074385075040845,52.094690820464489,12.0,30.0,0.0,19.78519903719004,0.0,0.0,0.0,15.788792656086742,0.0,0.0,608.3083728665214,616.8490868130555,608.9124028821859,613.3193330252223,613.8464430513304,848.8525481844671,626.391016365927,682.9587691788813,635.7980545161133,9399.838013137687,81.78956007841917,81.78956007841919,60.0,0.0,60.0,60.0,16.0,16.0,19.0,12.0,19.7,12.0,21.0,10.0,1.0,0.0,1804.0595169564818,0.0,101.21162538030335,0.0,0.0,0.0,418.427359679275,0.0,0.0,0.0,0.0,81.78956007841917,81.78956007841917,0.34,0.7704634687595638,0.36028137401965956,81.78956007841917,0.3542647819438875,0.0,0.0016133333333333332 
 03/29  09:10:00,9.961666666666668,79.83333333333333,4.808333333333334,129.66666666666667,596.6666666666667,0.0,0.0,0.0,0.0,0.0,0.0,0.0,0.0,0.0,0.0,4674.0,0.0,376.3745001682542,68.49862458099848,175.5268329652761,11.28582456278943,300.38503235676867,0.0,68.49862458099844,93.64281300859635,0.0,0.0,20.006477468037269,-276.3743101590381,19.874372516511025,-79.71641359091217,19.940314471609278,-315.6917840221142,19.747174957472624,32.921079235247898,15.47860651199181,32.508643878860159,18.58926749562596,-197.00376858385634,17.182947203625987,109.95328237498201,18.0903150854506,-138.66837898132787,16.388747090740045,-87.90170099562342,578.5218095436114,838.5694744078041,0.0,0.0,0.0,0.0,0.0,0.0,0.0,0.0,0.0,0.0,0.0,0.0,0.0,0.0,0.0,0.0,0.0,0.0,0.0,0.0,0.0,0.0,0.8302069948259903,0.2534209385915721,158.10531546077466,187.82684399842948,3357.4120644952915,0.16455938372453614,0.02511590105685838,100.78976004586201,119.71698472407694,2126.702643315714,0.8147179977856959,0.15395275846290552,152.451557839439,181.06794313370998,3241.076257196709,0.18234709888556023,0.034457123750105848,145.77093210266208,173.23887402950585,3027.2412961571965,0.0,0.0,10.403333068460121,12.554371597588569,118.9386862815039,0.0,0.0,73.27321083719385,87.42616280259147,1305.5737993512497,0.0,0.0,292.7706002362496,350.77256797443706,4530.645390342648,0.0,0.0,37.02466034906187,44.1276197881216,687.7025479037245,0.0,0.0,194.52267158669313,234.23478085107088,2452.6410100686609,33.99337157936746,23.315069670348053,215.62244858857538,257.4042438319368,4571.878260003613,0.0,0.0,198.78797828448499,239.6166185449389,2392.5472879072929,0.0,20.38741250448782,40.06242331391523,21.999999999999994,30.0,0.0,20.40896428822519,40.02535446878791,15.999999999999999,30.0,0.0,20.407652373405786,40.03245334049052,21.999999999999994,30.0,0.0,20.26549049872153,40.329345451527718,15.999999999999999,30.0,0.0,15.562560239295577,53.52666904946843,11.999999999999997,30.0,0.0,18.78948678059659,45.289954468437738,15.999999999999999,30.0,0.0,17.600867678869674,47.94810537110174,9.999999999999999,30.0,0.0,19.145571512760396,43.588043032360889,11.999999999999997,30.0,0.0,16.15400499201438,52.30044106315965,11.999999999999997,30.0,0.0,18.72742501909257,0.0,0.0,0.0,15.848225230824509,0.0,0.0,612.8224371050696,605.3782566648699,592.872122192357,605.0033084790147,626.1795349646608,717.6669689126715,658.8827391183586,663.1412167969188,650.4640951275701,0.0,80.07036488763525,80.07036488763525,60.0,0.0,60.0,60.0,16.0,16.0,16.0,12.0,12.0,12.0,21.0,10.0,0.0,0.0,0.0,0.0,0.0,0.0,0.0,0.0,0.0,0.0,0.0,0.0,0.0,80.07036488763525,80.07036488763525,0.0,0.0,0.0,80.07036488763525,0.0,0.0,0.0016200000000000002 
 03/29  09:20:00,10.333333333333334,78.66666666666667,4.826666666666667,135.83333333333335,601.3333333333333,0.0,0.0,0.0,0.0,0.0,0.0,0.0,0.0,0.0,0.0,3116.0,0.0,447.1737315007085,71.21110340644407,182.47754680994053,13.408722648914642,356.8893358455124,0.0,71.21110340644404,97.35097720889535,0.0,0.0,19.55994690817552,-100.17693261175772,19.60104327357243,-222.66319171301127,19.55633298859208,-163.9390472315876,19.485132927111253,-125.62385599709745,15.489022408282205,27.081260156215185,18.39542486831906,-138.98807029181254,17.090551219016779,77.14432131457763,17.52867811613086,-54.92058947257497,16.412396101941689,-99.02878978775381,470.20565042453509,656.9484838940251,0.0,0.0,0.0,0.0,0.0,0.0,0.0,0.0,0.0,0.0,0.0,0.0,0.0,0.0,0.0,0.0,0.0,0.0,0.0,0.0,0.0,0.0,0.7263326728086021,0.2217132700880959,116.67927250961411,138.70082085653938,2211.6992111486536,0.12997993677651765,0.0198382076887237,66.57432268403355,79.08693605073947,1261.0263056163772,0.6997734857333644,0.13223232912573033,92.52269535762405,110.02267411087709,1767.1560406841505,0.13848200239936757,0.026168178835859328,81.27198150187007,96.66739388468099,1547.7973209750836,0.0,0.0,9.403790370700233,11.342432167744305,100.58065576463864,0.0,0.0,64.7347122038835,77.31036616791912,1057.8216497685349,0.0,0.0,265.89206270498127,318.64009778410976,3824.8633088356216,0.0,0.0,26.340209602928075,31.497174300807456,416.9925180562518,0.0,0.0,174.56827028154468,210.09434111341,2087.7171394121944,33.02260169513864,22.64924670448468,124.43716512571801,148.83704561922469,2441.4309069532066,0.0,0.0,177.4375836864299,213.83923717211443,1987.643956948612,0.0,19.73052177241447,41.84904266795543,22.000000000000005,30.000000000000008,0.0,19.810521783985196,41.70091295179099,16.000000000000005,30.000000000000008,0.0,19.777821826115173,41.7458320932218,22.000000000000005,30.000000000000008,0.0,19.77425190315827,41.71857694171352,16.000000000000005,30.000000000000008,0.0,15.571257897566714,53.91957736160568,12.000000000000002,30.000000000000008,0.0,18.423707557113283,45.58389593925372,16.000000000000005,30.000000000000008,0.0,17.428889055782187,48.43204942283508,10.000000000000002,30.000000000000008,0.0,18.131660419863928,46.33785534795178,12.000000000000002,30.000000000000008,0.0,16.206083956071685,52.34671297063238,12.000000000000002,30.000000000000008,0.0,17.984006074791759,0.0,0.0,0.0,15.805585722165537,0.0,0.0,596.9525566775874,580.1967116206977,580.0919740958347,590.4192661436645,638.2880079255515,660.6232396827467,646.766429366713,654.8778145656606,656.2534038759424,0.0,80.07036488763528,80.07036488763528,60.000000000000017,0.0,60.000000000000017,60.000000000000017,16.0,16.0,16.0,12.0,12.0,12.0,21.0,10.0,0.0,0.0,0.0,0.0,0.0,0.0,0.0,0.0,0.0,0.0,0.0,0.0,0.0,80.07036488763528,80.07036488763528,0.0,0.0,0.0,80.07036488763528,0.0,0.0,0.0016433333333333335 
 03/29  09:30:00,10.705,77.5,4.845000000000001,142.0,606.0,0.0,0.0,0.0,0.0,0.0,0.0,0.0,0.0,0.0,0.0,2337.0,0.0,528.6416560866155,73.86622076251656,189.28127263653639,15.85151552260464,421.90820113927898,0.0,73.86622076251652,100.9807239317156,0.0,0.0,19.292063485622948,-48.727542126075288,19.41937292020433,-221.36838217350855,19.302134106208187,-151.99959310717868,19.25851155229765,-145.0783061600472,15.499721989575612,23.715959246538178,18.3135229151055,-120.70915866629938,17.029176412028485,76.29085353790588,17.19128026033451,-22.437722309948599,16.420608872952003,-101.95095124180713,337.20389960806735,530.4376526378399,0.0,0.0,0.0,0.0,0.0,0.0,0.0,0.0,0.0,0.0,0.0,0.0,0.0,0.0,0.0,0.0,0.0,0.0,0.0,0.0,0.0,0.0,0.6184257059662062,0.1887746355208199,111.78269496623696,133.02425653484313,1959.6788535355764,0.11035267259801263,0.01684259349786517,62.101055159566829,73.85784238380188,1084.7367341332497,0.5964939315241026,0.11271616241952054,75.20162114648739,89.41861797547687,1318.4014701966544,0.1139805114005888,0.021538267460428714,45.92548864429412,54.55873757684617,795.5804973216787,0.0,0.0,8.867119460156314,10.690228462616519,88.29940422721417,0.0,0.0,60.92946257471449,72.78200484486213,928.1415716902186,0.0,0.0,248.53095777719165,297.82274678827,3335.8191718257387,0.0,0.0,18.677606386655527,22.36937479245353,260.2352804157546,0.0,0.0,159.24820994710783,191.5606517088538,1791.3419924147134,32.246523891023887,22.11695740125095,93.86441441188379,112.23590746163967,1776.618008227675,0.0,0.0,160.89954228751118,193.83247024229758,1678.2207637674479,0.0,19.37961020616287,42.86571995618927,21.999999999999994,29.99999999999999,0.0,19.423223193796419,42.89637920954725,15.999999999999993,29.99999999999999,0.0,19.395960903105029,42.935128939606517,21.999999999999994,29.99999999999999,0.0,19.38695051541957,42.917353400447,15.999999999999993,29.99999999999999,0.0,15.579823751899517,54.122544898168637,11.999999999999995,29.99999999999999,0.0,18.241784694435503,46.025245641128318,15.999999999999993,29.99999999999999,0.0,17.322170758185349,48.76422094070554,9.999999999999997,29.99999999999999,0.0,17.56555570769462,48.02069252908541,11.999999999999995,29.99999999999999,0.0,16.227045197311676,52.28337463491724,11.999999999999995,29.99999999999999,0.0,17.625864265224167,0.0,0.0,0.0,15.800798478787364,0.0,0.0,586.6635476576036,561.7481100935954,570.3068806142063,580.7759608365734,641.5880097561108,646.6400019326227,637.4657117989018,650.3171209602884,649.3637727844719,0.0,80.07036488763524,80.07036488763524,59.99999999999998,0.0,59.99999999999998,59.99999999999998,16.0,16.0,16.0,12.0,12.0,12.0,21.0,10.0,0.0,0.0,0.0,0.0,0.0,0.0,0.0,0.0,0.0,0.0,0.0,0.0,0.0,80.07036488763524,80.07036488763524,0.0,0.0,0.0,80.07036488763524,0.0,0.0,0.001666666666666667 
 03/29  09:40:00,11.076666666666667,76.33333333333333,4.863333333333333,137.66666666666669,633.5,0.0,0.0,0.0,0.0,0.0,0.0,0.0,0.0,0.0,0.0,1558.0,0.0,613.283536935558,73.6664935912737,188.769627484341,18.38947890713215,489.46017773644805,0.0,73.66649359127368,100.70768174636028,0.0,0.0,19.07570330912793,-38.91337190700189,19.304112231124529,-215.38453276248988,19.070501826776114,-279.1165015000439,19.094450981694388,-29.449478945920008,15.513448476057669,21.91326677136849,18.292938280662804,-114.67673680958265,16.98634578137085,75.55939402997231,16.96292644749038,-8.645418503237185,16.430059291934904,-91.70993139321493,283.5544054271956,440.8672538046718,0.0,0.0,0.0,0.0,0.0,0.0,0.0,0.0,0.0,0.0,0.0,0.0,0.0,0.0,0.0,0.0,0.0,0.0,0.0,0.0,0.0,0.0,0.5199888696891455,0.1587267611993729,114.90536374196026,136.66650461109138,1861.4597708308175,0.09491012333345114,0.014485672059440049,61.66561426325025,73.39293424244295,1003.1450306402571,0.48282215614725978,0.09123623509963344,82.53795515126761,98.08123224037637,1295.9059312984614,0.09908045983774976,0.018722687044170399,51.67904148603656,61.372143909500817,837.3797127198045,0.0,0.0,8.546325465156134,10.294696512282476,78.9014330827288,0.0,0.0,59.390194027806689,70.90812714826308,850.0766941013992,0.0,0.0,238.01364012487455,285.0616319547772,2983.007509794322,0.0,0.0,13.753321636665526,16.479049008759714,171.5567589399385,0.0,0.0,149.9501008445613,180.2165575627056,1580.6707497625985,31.615191082157709,21.683944500794057,104.12584327884577,124.23529068744537,1834.8312129129977,0.0,0.0,150.78322300225978,181.44822004650059,1483.2793976378526,0.0,19.1075865499471,43.74115427813799,22.000000000000008,30.00000000000001,0.0,19.151629451574807,43.95412009199032,16.000000000000008,30.00000000000001,0.0,19.046376119544389,44.23743665987436,22.000000000000008,30.00000000000001,0.0,19.13369919738244,43.706716323784018,16.000000000000008,30.00000000000001,0.0,15.594090111176536,54.2153781564025,12.000000000000004,30.00000000000001,0.0,18.154381277188706,46.27382706635636,16.000000000000008,30.00000000000001,0.0,17.251849724370638,49.002655944275179,10.000000000000004,30.00000000000001,0.0,17.21322729116163,49.10466763071177,12.000000000000004,30.00000000000001,0.0,16.249691962188274,52.202709724659388,12.000000000000004,30.00000000000001,0.0,17.565202013683064,0.0,0.0,0.0,15.882416396783315,0.0,0.0,576.7782709854537,539.2104254480789,549.1111969675574,576.7082914647829,640.4508615143943,638.2206081400941,629.6012803000225,644.984299423463,641.602181775312,0.0,80.0703648876353,80.0703648876353,60.00000000000002,0.0,60.00000000000002,60.00000000000002,16.0,16.0,16.0,12.0,12.0,12.0,21.0,10.0,0.0,0.0,0.0,0.0,0.0,0.0,0.0,0.0,0.0,0.0,0.0,0.0,0.0,80.0703648876353,80.0703648876353,0.0,0.0,0.0,80.0703648876353,0.0,0.0,0.00169 
 03/29  09:50:00,11.448333333333335,75.16666666666667,4.881666666666667,133.33333333333332,661.0,0.0,0.0,0.0,0.0,0.0,0.0,0.0,0.0,0.0,0.0,1558.0,0.0,708.8008816351839,73.50204587442399,188.34838614559937,21.253537671052024,565.6917449102464,0.0,73.50204587442396,100.48286924986351,0.0,0.0,18.885714390420039,-64.89478128932206,19.260776174808315,-247.83062360910436,18.840428096821463,-82.68579038549297,18.97025702211853,-163.16011257187166,15.53013839908618,20.032084778265657,18.317784141033934,-120.66174165672999,16.94797170291976,72.10414438933185,16.807357983023438,-5.430147312958113,16.4580403794036,-61.502999304012067,391.2530347295342,342.49946992430798,0.0,0.0,0.0,0.0,0.0,0.0,0.0,0.0,0.0,0.0,0.0,0.0,0.0,0.0,0.0,0.0,0.0,0.0,0.0,0.0,0.0,0.0,0.386476143941079,0.11797196090997528,201.8282922663168,240.42256051763716,3021.7842714060245,0.04784016293123006,0.007301612168991157,129.19695652540686,153.82424149556938,1962.0772550908217,0.4299336521958378,0.0812421867339074,250.77849516119643,298.6610742560908,3685.8118479997158,0.07865254617069795,0.014862537069292879,156.11447620171516,185.86217425314033,2348.360718308654,0.0,0.0,8.130075758978457,9.79225007565811,69.21904887749753,0.0,0.0,59.125946472367619,70.59760251088307,799.0698171260328,0.0,0.0,221.19721302960057,264.97104477736948,2578.6130256450967,0.0,0.0,7.088125360743392,8.49580385570575,79.82800547221788,0.0,0.0,133.60646662384085,160.54260485603519,1322.6711100110848,30.881287748260065,21.180581445994564,301.66168120540285,360.2833255660934,4421.657082521193,0.0,0.0,134.0970933809799,161.32745200977878,1238.0397154426283,0.0,18.867463136474453,44.80806788640362,22.0,30.0,0.0,18.994492518102026,44.71541341143376,16.0,30.0,0.0,18.722291767020786,45.27715571737312,22.0,30.0,0.0,18.92962278754439,44.45136008600298,16.0,30.0,0.0,15.612616243452312,54.25112275650885,12.0,30.0,0.0,18.12918375318533,46.40677015119575,16.0,30.0,0.0,17.18945121998798,49.30963531842307,10.0,30.0,0.0,16.992369331019615,49.80949008561309,12.0,30.0,0.0,16.305811565461405,52.05680788439038,12.0,30.0,0.0,18.045753795363063,0.0,0.0,0.0,15.957911064106132,0.0,0.0,547.3384989583162,522.6621406589806,542.0550181879054,564.0421257199746,634.7873888992119,623.7081316531052,612.0331988282455,639.7098294792291,626.8436031968764,0.0,80.07036488763527,80.07036488763527,60.0,0.0,60.0,60.0,16.0,16.0,16.0,12.0,12.0,12.0,21.0,10.0,0.0,0.0,0.0,0.0,0.0,0.0,0.0,0.0,0.0,0.0,0.0,0.0,0.0,80.07036488763527,80.07036488763527,0.0,0.0,0.0,80.07036488763527,0.0,0.0,0.0016533333333333335 
 03/29  10:00:00,11.82,74.0,4.9,129.0,688.5,0.0,0.0,0.0,0.0,0.0,0.0,0.0,0.0,0.0,0.0,779.0,0.0,813.5689353867045,73.37021316045196,188.01072042278615,24.394974296053627,649.3062027760279,0.0,73.37021316045193,100.30264393499897,0.0,0.0,18.7592834979112,-2.213320668302913,19.26358267187004,-249.9612587569427,18.841049093000437,-19.89573940801165,18.833540541096967,-86.08458673837527,15.553916150611709,19.13168316740058,18.379501721641206,-122.27600512811955,16.936143677975957,77.07056105683842,16.667948338622577,-6.040666030032469,16.476853940714894,-75.63420609320019,284.5316426845311,293.1263234305643,0.0,0.0,0.0,0.0,0.0,0.0,0.0,0.0,0.0,0.0,0.0,0.0,0.0,0.0,0.0,0.0,0.0,0.0,0.0,0.0,0.0,0.0,0.32360244159010756,0.09877974407512441,147.55898561683117,175.37977895866769,2063.3332414567946,0.026421158262854399,0.004032533312401465,134.39877910860799,159.63497513233794,1917.6948226123578,0.336976510492561,0.0636765892843086,95.3879460846022,113.34583163487813,1348.3872569933165,0.06494431863694306,0.012272169054599968,44.87580045191201,53.33746807721682,625.3454008068967,0.0,0.0,8.037252359366338,9.656665077123414,62.870553008754537,0.0,0.0,58.54117272030934,69.72890194441018,750.3077149957394,0.0,0.0,217.80007110867479,260.28548698023999,2371.7611612455568,0.0,0.0,6.98890005379312,8.363716381854433,70.72440550019873,0.0,0.0,130.8228434803243,156.80180432438113,1204.9118537237064,30.405840909868905,20.85448622076057,139.03804136020492,165.79092371002333,2039.575219337331,0.0,0.0,132.58259909966106,159.02336295197623,1170.4223258581458,0.0,18.747975040179154,45.223151970941639,22.0,30.0,0.0,18.907416791923205,45.23603892372108,16.0,30.0,0.0,18.815948369206838,45.03852453026443,22.0,30.0,0.0,18.728777969698169,45.513368726046227,16.0,30.0,0.0,15.643250272358584,54.250355325030799,12.0,30.0,0.0,18.15268833034144,46.38213918307285,16.0,30.0,0.0,17.17921411992458,49.474086295302928,10.0,30.0,0.0,16.79206954035963,50.47554015926315,12.0,30.0,0.0,16.33622828698604,52.038813394926027,12.0,30.0,0.0,17.78635166436352,0.0,0.0,0.0,16.131499653786866,0.0,0.0,543.3378029537361,502.82962124440868,542.7811861532689,525.5933409198779,626.1175873005282,614.2827271727347,599.5431550285657,632.2697447412722,615.7679240982749,0.0,80.07036488763527,80.07036488763527,60.0,0.0,60.0,60.0,16.0,16.0,16.0,12.0,12.0,12.0,21.0,10.0,0.0,0.0,0.0,0.0,0.0,0.0,0.0,0.0,0.0,0.0,0.0,0.0,0.0,80.07036488763527,80.07036488763527,0.0,0.0,0.0,80.07036488763527,0.0,0.0,0.0016166666666666665 
 03/29  10:10:00,12.116666666666668,72.16666666666667,4.991666666666667,124.66666666666666,716.0,0.0,0.0,0.0,0.0,0.0,0.0,0.0,0.0,0.0,0.0,779.0,0.0,925.9629642945696,73.26732945767435,187.74723571374893,27.765071888508769,739.0068681090252,0.0,73.26732945767431,100.16199411319936,0.0,0.0,18.678154747639405,1.9611246951290014,19.301598856667739,-283.7791598810918,18.69544453572581,-158.9578617721604,18.818153743230533,-20.742059281648836,15.580430280426182,19.2691563554215,18.467545177186748,-132.22251609532987,16.933093079442238,81.9644935215565,16.564702739358006,-10.707417318544913,16.507933043094608,-41.80167248727503,306.58794311984277,239.00749923212244,0.0,0.0,0.0,0.0,0.0,0.0,0.0,0.0,0.0,0.0,0.0,0.0,0.0,0.0,0.0,0.0,0.0,0.0,0.0,0.0,0.0,0.0,0.24173935846846737,0.07379101296351264,166.8873336390491,198.36710487755694,2212.505654653191,0.013231946738834013,0.002019527890542432,128.30677248897067,152.4183917921206,1744.0800147329799,0.25575495430960268,0.04832860058760445,100.25504113112011,119.20626755687656,1312.9682766200418,0.05740644489187168,0.010847778702167738,80.51435657865244,95.68975024388603,1075.5598022391924,0.0,0.0,8.001430583085897,9.611769651746505,58.29558214886668,0.0,0.0,59.66622539322336,71.04971463044731,735.3483020462634,0.0,0.0,217.2475249102616,259.60657300587556,2236.593746410473,0.0,0.0,10.956030928775896,13.116498387220993,101.30704854252987,0.0,0.0,125.23237469119116,150.06131494060038,1092.5142609490573,30.40311962261955,20.85261976860052,184.0574273922807,219.35538340101147,2507.2564323650087,0.0,0.0,132.24232219299365,158.50339628677603,1135.0079887123198,0.0,18.688850381356386,45.695519165315989,22.0,30.0,0.0,18.86853059755404,45.09219842170042,16.0,30.0,0.0,18.599807398766268,45.80052170890086,22.0,30.0,0.0,18.745225910028798,45.219852974004279,16.0,30.0,0.0,15.676731671881111,54.21919200594647,12.0,30.0,0.0,18.20673115892996,46.33649651063708,16.0,30.0,0.0,17.182510883261388,49.45512887574291,10.0,30.0,0.0,16.656166558140698,50.94382512395709,12.0,30.0,0.0,16.394402280359576,51.86077512837484,12.0,30.0,0.0,17.914638666297198,0.0,0.0,0.0,16.310360461398134,0.0,0.0,518.9869048106435,534.6529014789813,539.670677700032,546.2895677646841,618.4119751706644,602.752273111932,597.8162395693871,624.2033745514409,611.4500652649828,0.0,80.07036488763527,80.07036488763527,60.0,0.0,60.0,60.0,16.0,16.0,16.0,12.0,12.0,12.0,21.0,10.0,0.0,0.0,0.0,0.0,0.0,0.0,0.0,0.0,0.0,0.0,0.0,0.0,0.0,80.07036488763527,80.07036488763527,0.0,0.0,0.0,80.07036488763527,0.0,0.0,0.00158 
 03/29  10:20:00,12.413333333333334,70.33333333333334,5.083333333333334,120.33333333333333,743.5,0.0,0.0,0.0,0.0,0.0,0.0,0.0,0.0,0.0,0.0,779.0,0.0,1044.4610201370197,73.18886535626908,187.54632494370208,31.318195527316499,833.5790897712276,0.0,73.18886535626905,100.05472773784182,0.0,0.0,18.605206022408589,6.815243402211308,19.386358669126893,-278.525661091795,18.684839056496885,-1.621674770088248,18.715771104588357,-146.1594944728381,15.611712995103023,19.55291514493814,18.578340267559065,-142.97339291658137,16.942368973586988,89.39833386486589,16.48223290721956,-6.648837622433803,16.550507829155675,-16.13582929408267,280.78781139322475,186.2182998253502,0.0,0.0,0.0,0.0,0.0,0.0,0.0,0.0,0.0,0.0,0.0,0.0,0.0,0.0,0.0,0.0,0.0,0.0,0.0,0.0,0.0,0.0,0.19150251790270915,0.05845620204600401,149.53183810734479,177.76711022140828,1876.1238766319537,0.0,0.0,137.85360121226828,163.72528614972809,1800.534844417899,0.2433986188422424,0.045993692147060189,178.53671650183532,212.22652398462274,2251.705957960398,0.034542867419041039,0.006527374795737155,98.42103638257966,117.02842145249926,1220.7543822689846,0.0,0.0,7.990239039124622,9.596287443559432,54.03024596594541,0.0,0.0,61.59158939591243,73.31806440334599,731.6315608412489,0.0,0.0,215.25338141438903,257.1802939511477,2097.096493686217,0.0,0.0,13.949079229031252,16.704365349470817,117.73142409427676,0.0,0.0,118.40840095058492,141.83661194325343,978.9920697672372,30.333076895341575,20.804579489260346,197.04091580616123,234.82326151203345,2516.7039376312607,0.0,0.0,128.78552271129377,154.2528840089169,1074.9072067268235,0.0,18.63323186107452,45.688518716312,22.0,30.0,0.0,18.90269771769694,45.12657792148126,16.0,30.0,0.0,18.665836253788805,45.564451792360717,22.0,30.0,0.0,18.566452755228324,46.02715319737552,16.0,30.0,0.0,15.716654655361545,54.14894574242703,12.0,30.0,0.0,18.28435338758539,46.1287512798954,16.0,30.0,0.0,17.206751364349026,49.49587829029169,10.0,30.0,0.0,16.553746666168963,51.3599372320218,12.0,30.0,0.0,16.46763159146872,51.73668622828165,12.0,30.0,0.0,17.90308563112059,0.0,0.0,0.0,16.493464873094685,0.0,0.0,541.783783242476,520.602764380765,536.5698471710821,526.1698755258011,611.7074186278662,598.798418892987,587.0330380566262,612.9344009677882,600.8393198337517,0.0,80.07036488763527,80.07036488763527,60.0,0.0,60.0,60.0,16.0,16.0,16.0,12.0,12.0,12.0,21.0,10.0,0.0,0.0,0.0,0.0,0.0,0.0,0.0,0.0,0.0,0.0,0.0,0.0,0.0,80.07036488763527,80.07036488763527,0.0,0.0,0.0,80.07036488763527,0.0,0.0,0.0015666666666666666 
 03/29  10:30:00,12.71,68.5,5.175000000000001,116.0,771.0,0.0,0.0,0.0,0.0,0.0,0.0,0.0,0.0,0.0,0.0,779.0,0.0,1165.0972943346633,76.33638608406008,195.61181819419333,34.93543242369043,929.8577987625417,0.0,76.33638608406004,104.35762720124177,0.0,0.0,18.568238977102277,32.743370725521348,19.468891810155215,-345.60267876974197,18.609022209637929,-81.63038247208852,18.72111335274553,-17.884203266168698,15.647207270656115,19.780255538352266,18.71026968729221,-153.06246794454865,16.95673837899553,95.38201982961073,16.420861556931514,0.319491483017714,16.60133646611296,5.67757745659128,260.76824345111529,138.67369721250999,0.0,0.0,0.0,0.0,0.0,0.0,0.0,0.0,0.0,0.0,0.0,0.0,0.0,0.0,0.0,0.0,0.0,0.0,0.0,0.0,0.0,0.0,0.10387099038298683,0.031706651521058257,178.42227258239059,212.08907711295238,2132.241033603272,0.0,0.0,169.1321290261339,200.85806421493843,2109.43709570078,0.15427696448484716,0.029152865548912927,89.88616064682209,106.8731435110764,1063.3584396274055,0.045445137975090758,0.008587516624166807,96.09713409805137,114.24133484414648,1145.0536045069892,0.0,0.0,7.916604791296996,9.505647799300228,49.47290853728767,0.0,0.0,63.36956504681539,75.40215361029395,727.428425229501,0.0,0.0,212.1966849312528,253.48557280720676,1952.584424339044,0.0,0.0,15.915922519115047,19.062982692873168,122.49798812645914,0.0,0.0,112.42927000317032,134.6280238822169,880.0309653868602,30.326237217952565,20.799888352505197,186.42534052031489,222.1557252087275,2270.6891366892798,0.0,0.0,125.47433970229123,150.1738037947624,1020.4484992754973,0.0,18.63881033694919,45.814440488572788,22.0,30.0,0.0,18.907004081500927,45.126798905044427,16.0,30.0,0.0,18.57100810702752,45.94947975989248,22.0,30.0,0.0,18.621801675522574,45.66802779409134,16.0,30.0,0.0,15.761862884053683,54.067450403673479,12.0,30.0,0.0,18.385090286306715,45.94176958026926,16.0,30.0,0.0,17.236951620376,49.412843817720659,10.0,30.0,0.0,16.48308085227513,51.64585431977956,12.0,30.0,0.0,16.548456574098635,51.491545877086469,12.0,30.0,0.0,17.906580774706819,0.0,0.0,0.0,16.68766676476771,0.0,0.0,526.7946575009447,522.3600114876905,534.4249362351432,539.662427807213,604.5110983637513,588.0932183087176,586.6685087042656,604.821642315301,597.0601164704106,0.0,80.07036488763527,80.07036488763527,60.0,0.0,60.0,60.0,16.0,16.0,16.0,12.0,12.0,12.0,21.0,10.0,0.0,0.0,0.0,0.0,0.0,0.0,0.0,0.0,0.0,0.0,0.0,0.0,0.0,80.07036488763527,80.07036488763527,0.0,0.0,0.0,80.07036488763527,0.0,0.0,0.0015533333333333333 
 03/29  10:40:00,13.006666666666668,66.66666666666667,5.266666666666667,112.66666666666667,786.0,0.0,0.0,0.0,0.0,0.0,0.0,0.0,0.0,0.0,0.0,779.0,0.0,1277.944593870167,76.0460749065678,194.86801218556679,38.31911393425949,1019.9201363620078,0.0,76.04607490656776,103.96074981173932,0.0,0.0,18.53275688489476,38.27645963348459,19.572090584550364,-365.9372133474053,18.587628986661728,-11.610745304828925,18.694477937219064,-68.64740262406167,15.686174171270281,20.421343154637158,18.853718051504676,-168.0207661483796,16.98538971622321,107.09804848906879,16.376518249859868,9.327196710580893,16.655355267716673,25.83230739570081,239.68783501643248,93.53839201323444,0.0,0.0,0.0,0.0,0.0,0.0,0.0,0.0,0.0,0.0,0.0,0.0,0.0,0.0,0.0,0.0,0.0,0.0,0.0,0.0,0.0,0.0,0.01514579023423688,0.0046232570922579,181.38118862518014,215.59436360999679,2057.0490208844155,0.0,0.0,172.5951678063186,204.9281170830265,2063.973819778217,0.14172989733817305,0.02678191559678252,124.53338039519166,148.0499566205549,1402.7078871512402,0.02819066812687896,0.005327034793438956,41.36269932479626,49.17468013356683,465.03059523525578,0.0,0.0,7.970050490774125,9.567471591833085,45.79365034554063,0.0,0.0,65.58384331363897,78.00141259505002,728.2193246845709,0.0,0.0,210.3494672978493,251.21200761731124,1832.2470953682826,0.0,0.0,18.535518088898227,22.202116598929867,129.88354256573718,0.0,0.0,106.92710985306015,127.99198535308644,790.6633076702732,30.346351929406695,20.81368445089623,173.96419532428818,207.29299978472637,2018.6811325530978,0.0,0.0,121.66545312317838,145.50546099130345,964.7381894609719,0.0,18.63602404373993,45.83650367461364,22.0,30.0,0.0,18.949546987081729,45.007851473232069,16.0,30.0,0.0,18.590885936269165,45.857536075359977,22.0,30.0,0.0,18.582877694498185,45.899361632932329,16.0,30.0,0.0,15.81154763680765,53.960403017386038,12.0,30.0,0.0,18.49787625604929,45.64533811256337,16.0,30.0,0.0,17.291850124103318,49.31901331528635,10.0,30.0,0.0,16.43960055696425,51.88327923300432,12.0,30.0,0.0,16.632873514717958,51.30902364849062,12.0,30.0,0.0,17.90853596036504,0.0,0.0,0.0,16.88696400948886,0.0,0.0,528.1703032814,518.5261049932223,534.0449078944047,532.2726680562633,598.6091841875996,585.8133062637231,578.1861338705229,594.754853621731,588.58021376229,0.0,80.07036488763527,80.07036488763527,60.0,0.0,60.0,60.0,16.0,16.0,16.0,12.0,12.0,12.0,21.0,10.0,0.0,0.0,0.0,0.0,0.0,0.0,0.0,0.0,0.0,0.0,0.0,0.0,0.0,80.07036488763527,80.07036488763527,0.0,0.0,0.0,80.07036488763527,0.0,0.0,0.0015400000000000002 
 03/29  10:50:00,13.303333333333333,64.83333333333333,5.358333333333333,109.33333333333334,801.0,0.0,0.0,0.0,0.0,0.0,0.0,0.0,0.0,0.0,0.0,779.0,0.0,1390.77115012944,75.74518335464248,194.09709072072062,41.70217290628304,1109.965912859903,0.0,75.74518335464244,103.54940824823841,0.0,0.0,18.514647635598047,54.762905467019667,19.683378367450648,-409.3185692205434,18.560672359723676,-14.012982845900297,18.698332313165588,-21.98331450790647,15.728789253278287,21.12464033998606,19.011303424888486,-180.63473504397508,17.016711836086878,114.88645660581915,16.347577241566229,19.490385902314416,16.7124379655248,44.52446778015701,217.67121924870936,55.11925639287438,0.0,0.0,0.0,0.0,0.0,0.0,0.0,0.0,0.0,0.0,0.0,0.0,0.0,0.0,0.0,0.0,0.0,0.0,0.0,0.0,0.0,0.0,0.0,0.0,193.48605250479256,229.95071222456347,2086.708175370007,0.0,0.0,185.94330556293179,220.7308229793518,2128.675773237057,0.0929303249063796,0.017560530027660553,84.5261112209153,100.4822621342058,900.4907014250675,0.02799238733496371,0.0052895667677558019,9.43878862788406,11.219798034535208,101.25709031187613,0.0,0.0,7.969733336473529,9.564603965524093,41.84709241351115,0.0,0.0,67.28242216906678,79.98029089749142,723.9011078737816,0.0,0.0,209.0201428983672,249.55928665183664,1717.9838681582333,0.0,0.0,20.533346017290844,24.59511775914803,130.67104582408073,0.0,0.0,103.68387544516166,124.06434180823625,722.2477140263478,30.39173624746921,20.844812241062568,153.8856844173905,183.3584934864986,1710.405314058413,0.0,0.0,119.52251149812433,142.8286487604306,925.8882264373648,0.0,18.657605393238176,45.78567434241753,22.0,30.0,0.0,18.993595010944767,44.86430542963371,16.0,30.0,0.0,18.585219067528816,45.932918490029418,22.0,30.0,0.0,18.61272772149136,45.73406694983546,16.0,30.0,0.0,15.865374964741177,53.839884450034748,12.0,30.0,0.0,18.62617475007679,45.34758341068397,16.0,30.0,0.0,17.346635411263887,49.20126526395739,10.0,30.0,0.0,16.419038175504477,52.00532316098031,12.0,30.0,0.0,16.71936974457292,51.05995052075182,12.0,30.0,0.0,17.908832004278414,0.0,0.0,0.0,17.096327037587078,0.0,0.0,523.5216998613305,515.9409726218432,532.3301558162837,540.4853430883642,592.5613334740845,577.9165654389127,573.8969287462148,589.6593089125966,586.003379918487,0.0,80.07036488763527,80.07036488763527,60.0,0.0,60.0,60.0,16.0,16.0,16.0,12.0,12.0,12.0,21.0,10.0,0.0,0.0,0.0,0.0,0.0,0.0,0.0,0.0,0.0,0.0,0.0,0.0,0.0,80.07036488763527,80.07036488763527,0.0,0.0,0.0,80.07036488763527,0.0,0.0,0.0015133333333333334 
 03/29  11:00:00,13.6,63.0,5.45,106.0,816.0,0.0,0.0,0.0,0.0,0.0,0.0,0.0,0.0,0.0,0.0,779.0,0.0,1502.9557967321537,75.43031846823269,193.2903590783847,45.065983926716089,1199.4993815372498,0.0,75.43031846823264,103.11896407711233,0.0,0.0,18.502544090377506,68.48835472072642,19.80533601282772,-446.6209430602512,18.53479273366049,-7.897705580808633,18.704001216953139,-20.46666469582044,15.775045196543742,21.950567367208238,19.180057541979474,-196.76103081344037,17.055461232105658,125.30386868231017,16.332008150198179,30.40055432373117,16.77227498401983,62.584567469696597,211.36068906258425,18.222342831601055,0.0,0.0,0.0,0.0,0.0,0.0,0.0,0.0,0.0,0.0,0.0,0.0,0.0,0.0,0.0,0.0,0.0,0.0,0.0,0.0,0.0,0.0,0.0,0.0,200.08903948657264,237.76575541695363,2047.1791580072989,0.0,0.0,193.3133442006075,229.4245247620185,2118.8534412821479,0.051547006566480899,0.009740553017097679,96.33854210742224,114.5200904688135,966.5942211000802,0.012698554287282494,0.002399575640076056,8.217000876176419,9.766298969550709,83.43705472385617,0.0,0.0,8.014922488164402,9.616201469618096,38.184615169545427,0.0,0.0,69.41031385484732,82.46472679759359,724.2547385490638,0.0,0.0,208.12703544702655,248.41921744865696,1613.1071885847155,0.0,0.0,22.081342785425048,26.447472326825456,127.16231634445653,0.0,0.0,100.42557686130594,120.11993999093761,656.923696252488,30.457976588427138,20.89024457368117,161.19446377782584,192.02070407837267,1684.9852543382986,0.0,0.0,117.14240878377224,139.87332088851333,886.076294104776,0.0,18.68003704775819,45.7086512094981,22.0,30.0,0.0,19.049311123516909,44.65348091526419,16.0,30.0,0.0,18.57723067616144,45.97610096402101,22.0,30.0,0.0,18.63315224224026,45.62001928144727,16.0,30.0,0.0,15.923250938279816,53.705706208198417,12.0,30.0,0.0,18.764296577188309,45.00709860870762,16.0,30.0,0.0,17.412642879450876,49.03473542394682,10.0,30.0,0.0,16.417598788792956,52.08057377833054,12.0,30.0,0.0,16.807748785566589,50.842169842229917,12.0,30.0,0.0,17.963900854040966,0.0,0.0,0.0,17.305754875100634,0.0,0.0,520.5503665435144,513.4698274991864,527.468776729832,546.1329152897629,586.7373457612822,573.0344959632705,569.2901429107602,582.6308408304258,579.0983355523191,0.0,80.07036488763527,80.07036488763527,60.0,0.0,60.0,60.0,16.0,16.0,16.0,12.0,12.0,12.0,21.0,10.0,0.0,0.0,0.0,0.0,0.0,0.0,0.0,0.0,0.0,0.0,0.0,0.0,0.0,80.07036488763527,80.07036488763527,0.0,0.0,0.0,80.07036488763527,0.0,0.0,0.0014866666666666666 
 03/29  11:10:00,13.850000000000002,61.5,5.545,102.66666666666666,831.0,0.0,0.0,0.0,0.0,0.0,0.0,0.0,0.0,0.0,0.0,779.0,0.0,1614.038189073541,75.09762007812465,192.43792534455106,48.396743739438729,1288.153145757537,0.0,75.0976200781246,102.66414015438804,0.0,0.0,18.50090092719945,83.81214157915929,19.942005654749275,-476.68388108400179,18.514257329473005,2.3429933857487414,18.684393771924019,-54.448405203666428,15.824866913552988,22.849701592023736,19.358801127431069,-213.17741277043297,17.099000567973755,135.06920936603547,16.327527244612804,41.42344110809006,16.834144831712736,79.40452917962148,219.7616169012399,-15.229194039407503,0.0,0.0,0.0,0.0,0.0,0.0,0.0,0.0,0.0,0.0,0.0,0.0,0.0,0.0,0.0,0.0,0.0,0.0,0.0,0.0,0.0,0.0,0.0,0.0,208.668013944102,247.91901848554304,2044.3973129728809,0.0,0.0,202.8676804039673,240.6901788128199,2151.8491588130816,0.0,0.0,140.80593459107255,167.37340030763435,1340.5102660870044,0.004204757117709944,0.0007945497198998381,37.77460710544511,44.898818325404509,361.5353665232966,0.0,0.0,8.060917048833135,9.668683163350611,35.30984868163088,0.0,0.0,71.47637667720803,84.871014198577,730.706125045916,0.0,0.0,207.57025407238423,247.67815828510298,1533.29962201582,0.0,0.0,23.35435198695752,27.96899044670954,123.2845887768221,0.0,0.0,97.80705712257354,116.944200032511,607.7272744838081,30.644648210888385,21.01827723654897,198.82155582932846,236.75301237102537,1945.99873003526,0.0,0.0,115.29424881564461,137.5573922760941,862.5717614753892,0.0,18.715285503428988,45.56115006970053,22.0,30.0,0.0,19.12509020909379,44.40031291657126,16.0,30.0,0.0,18.575324918544145,45.92772904947449,22.0,30.0,0.0,18.600341114670049,45.78403502522201,16.0,30.0,0.0,15.98493080660478,53.553624802917337,12.0,30.0,0.0,18.91210139573699,44.63007487284495,16.0,30.0,0.0,17.483819139341,48.85747724144745,10.0,30.0,0.0,16.431251120885155,52.0996769530103,12.0,30.0,0.0,16.897002675228764,50.60987580002341,12.0,30.0,0.0,18.061238521468554,0.0,0.0,0.0,17.517800949377248,0.0,0.0,517.6386706981342,512.2592712836897,529.5037329935996,529.7775310931971,581.2982792537564,568.082439626874,564.0071486440061,577.0228502158246,574.301811028038,0.0,80.07036488763527,80.07036488763527,60.0,0.0,60.0,60.0,16.0,16.0,16.0,12.0,12.0,12.0,21.0,10.0,0.0,0.0,0.0,0.0,0.0,0.0,0.0,0.0,0.0,0.0,0.0,0.0,0.0,80.07036488763527,80.07036488763527,0.0,0.0,0.0,80.07036488763527,0.0,0.0,0.0014600000000000002 
 03/29  11:20:00,14.100000000000002,60.00000000000001,5.640000000000001,99.33333333333333,846.0,0.0,0.0,0.0,0.0,0.0,0.0,0.0,0.0,0.0,0.0,779.0,0.0,1723.668904126691,74.74280855200618,191.528822760377,51.68397501428912,1375.6483341744666,0.0,74.74280855200616,102.17908589823553,0.0,0.0,18.513091575668946,101.96844828409121,20.09292942051536,-505.70048005918309,18.497144264383345,10.203458513998158,18.690823255652867,-17.146724996197749,15.87820286961534,23.784966581664095,19.546474930825338,-230.76615456777609,17.14854441826911,145.09908528886809,16.332621154656793,52.56257796865111,16.89812741664702,95.7574390473651,201.32256948792384,-46.61987278594688,0.0,0.0,0.0,0.0,0.0,0.0,0.0,0.0,0.0,0.0,0.0,0.0,0.0,0.0,0.0,0.0,0.0,0.0,0.0,0.0,0.0,0.0,0.0,0.0,220.58090875773167,262.011312955839,2073.865709741281,0.0,0.0,216.05116402521564,256.23694654093756,2223.1088353362035,0.0,0.0,124.48076994699386,147.95887916466999,1122.6674323537187,0.008541232154693672,0.001613989447221026,9.30695710205846,11.060791701494777,84.90753227132574,0.0,0.0,8.111781400368903,9.726860116769185,32.48021299865268,0.0,0.0,73.60350749807188,87.34457111333563,738.1012497383824,0.0,0.0,207.60396903953635,247.63567354063907,1461.55652362504,0.0,0.0,24.440034478980996,29.264668235248167,117.89652810351736,0.0,0.0,95.81443589705384,114.518702130111,564.1818232590568,30.81785992599247,21.137078138540795,183.5361576975656,218.53454141203239,1715.2648374670319,0.0,0.0,113.95118381331662,135.84702521564388,843.2166710750106,0.0,18.769871611077656,45.37012047090848,22.0,30.0,0.0,19.21906597711606,44.10749592785498,16.0,30.0,0.0,18.576515830269469,45.93434992405335,22.0,30.0,0.0,18.624895235821428,45.6699722243722,16.0,30.0,0.0,16.050236425751156,53.38547495325169,12.0,30.0,0.0,19.068078447836077,44.23478651011305,16.0,30.0,0.0,17.563364507658667,48.637663292667948,10.0,30.0,0.0,16.457277406643603,52.064178370383988,12.0,30.0,0.0,16.98744218052974,50.3633257802386,12.0,30.0,0.0,18.074389474494589,0.0,0.0,0.0,17.730253032354307,0.0,0.0,515.8640305165482,511.5164947884052,520.5718996935506,535.3793510899855,575.9570760164356,562.7828390249484,559.6282969948418,571.9971322235309,569.5947121294972,0.0,80.07036488763527,80.07036488763527,60.0,0.0,60.0,60.0,16.0,16.0,16.0,12.0,12.0,12.0,21.0,10.0,0.0,0.0,0.0,0.0,0.0,0.0,0.0,0.0,0.0,0.0,0.0,0.0,0.0,80.07036488763527,80.07036488763527,0.0,0.0,0.0,80.07036488763527,0.0,0.0,0.0014233333333333334 
 03/29  11:30:00,14.35,58.5,5.734999999999999,96.0,861.0,0.0,0.0,0.0,0.0,0.0,0.0,0.0,0.0,0.0,0.0,779.0,0.0,1808.5240812470832,77.15056707402579,197.6986449123606,54.22832400551306,1443.3704316055597,0.0,77.15056707402575,105.47067434145635,0.0,0.0,18.53781723439461,120.64455267097037,20.230740985976355,-559.2352195428466,18.49108097957983,25.90311743267921,18.694124906471918,-29.00002846846826,15.932804475336053,24.85840661428557,19.7337423083999,-248.32191872470185,17.203717970126765,155.42333557989606,16.347233149532337,63.667332999567069,16.965992953082599,111.69149538643296,200.1672308375937,-75.8325458468853,0.0,0.0,0.0,0.0,0.0,0.0,0.0,0.0,0.0,0.0,0.0,0.0,0.0,0.0,0.0,0.0,0.0,0.0,0.0,0.0,0.0,0.0,0.0,0.0,231.32150778804053,274.6893843765904,2090.7330174213468,0.0,0.0,227.76792441988943,270.0582917523745,2261.294556475697,0.0,0.0,165.05798883526084,196.16877561643134,1411.1128527208505,0.004001756111803689,0.0007561897414595026,26.82850063407892,31.88208947594354,231.2237940267819,0.0,0.0,8.17819396829398,9.803618641136872,29.687695898207396,0.0,0.0,75.68922967040344,89.76526005845087,744.7962254342746,0.0,0.0,208.32538694846998,248.40724984179603,1397.4099582655745,0.0,0.0,25.403057283895568,30.411972337477669,111.54249686324286,0.0,0.0,94.47800780868401,112.87814167831607,526.0501064181402,31.032294736563828,21.284152768562305,206.64504797458418,245.98040751789825,1814.6271206853408,0.0,0.0,113.2390975524055,134.89119680401374,828.8068282632803,0.0,18.84047095681839,45.14122245204325,22.0,30.0,0.0,19.290518924547368,43.809803848524719,16.0,30.0,0.0,18.593744131716809,45.83973743319841,22.0,30.0,0.0,18.62809432937446,45.654033376576148,16.0,30.0,0.0,16.116589472628364,53.20724772976148,12.0,30.0,0.0,19.22753107762212,43.82062720905762,16.0,30.0,0.0,17.650049973648657,48.39508723296214,10.0,30.0,0.0,16.494150248951749,51.98972282356181,12.0,30.0,0.0,17.080230148161289,50.108891852461358,12.0,30.0,0.0,18.1434266550158,0.0,0.0,0.0,17.943122774072525,0.0,0.0,514.6760292696106,510.9451849217094,520.8263913665428,529.8289347007014,570.8299554976097,558.2613266162958,555.4631143432717,566.758619461875,564.5688703442102,0.0,80.07036488763527,80.07036488763527,60.0,0.0,60.0,60.0,16.0,16.0,16.0,12.0,12.0,12.0,21.0,10.0,0.0,0.0,0.0,0.0,0.0,0.0,0.0,0.0,0.0,0.0,0.0,0.0,0.0,80.07036488763527,80.07036488763527,0.0,0.0,0.0,80.07036488763527,0.0,0.0,0.0013866666666666667 
 03/29  11:40:00,14.600000000000002,57.0,5.83,97.33333333333333,857.6666666666666,0.0,0.0,0.0,0.0,0.0,0.0,0.0,0.0,0.0,0.0,779.0,0.0,1914.4894474901269,74.84141342608155,191.78158767743845,57.40564252016091,1527.9402455532259,0.0,74.84141342608152,102.31388623680083,0.0,0.0,18.558297946657697,129.9592692039041,20.388617472630217,-577.7595060685435,18.493168870649357,42.75863769586795,18.701422129063447,-16.006396519482224,15.992084963850266,26.041765608407276,19.92984266774777,-266.3208918278938,17.264107865937676,166.03528769250625,16.36772742738954,74.80479558890102,17.034272477197069,127.70398622655375,184.7197900665733,-102.64604907879357,0.0,0.0,0.0,0.0,0.0,0.0,0.0,0.0,0.0,0.0,0.0,0.0,0.0,0.0,0.0,0.0,0.0,0.0,0.0,0.0,0.0,0.0,0.0,0.0,231.770799282683,275.1628427372758,2002.8321270728109,0.0,0.0,228.91041689576356,271.30410724577509,2204.5254918022817,0.0,0.0,168.6542195122241,200.41168282385039,1367.0286853429425,0.0072715535049508,0.0013740652881615264,24.188417376441018,28.74126040273593,197.21373850826496,0.0,0.0,8.272358222037319,9.913448049856863,27.012606491054286,0.0,0.0,77.54438188096164,91.90816695797506,749.3349317962332,0.0,0.0,209.62735924980906,249.86481543878848,1339.2731589383855,0.0,0.0,26.28524545947578,31.46126536767181,104.47326308985103,0.0,0.0,93.68642320143035,111.88926652588636,491.91857132455649,31.2458325549505,21.43061217760666,195.90583735040065,233.16879134344263,1631.4126847680537,0.0,0.0,113.02823211791778,134.53533015150709,817.2889270064392,0.0,18.894235586820629,44.89356878846941,22.0,30.0,0.0,19.394323286904354,43.48696352939737,16.0,30.0,0.0,18.62397445172391,45.73710262625926,22.0,30.0,0.0,18.646791944208503,45.60260716484937,16.0,30.0,0.0,16.187434166287394,53.007634801106579,12.0,30.0,0.0,19.392442779335707,43.388666349805138,16.0,30.0,0.0,17.743278860762705,48.130746332840399,10.0,30.0,0.0,16.53923554507788,51.875483170381098,12.0,30.0,0.0,17.174416853013854,49.839338660486948,12.0,30.0,0.0,18.1693628244366,0.0,0.0,0.0,18.152148042826157,0.0,0.0,513.8415246538548,506.6656142087332,517.4945834546404,529.9294620376953,565.9588033845795,554.1095342029285,551.4535719460525,561.9903998510912,560.0836880560261,0.0,80.07036488763527,80.07036488763527,60.0,0.0,60.0,60.0,16.0,16.0,16.0,12.0,12.0,12.0,21.0,10.0,0.0,0.0,0.0,0.0,0.0,0.0,0.0,0.0,0.0,0.0,0.0,0.0,0.0,80.07036488763527,80.07036488763527,0.0,0.0,0.0,80.07036488763527,0.0,0.0,0.0013499999999999999 
 03/29  11:50:00,14.85,55.5,5.925,98.66666666666666,854.3333333333334,0.0,0.0,0.0,0.0,0.0,0.0,0.0,0.0,0.0,0.0,779.0,0.0,1992.4621160254815,75.27678263911375,192.89720867426113,59.743613674517138,1590.1693864271213,0.0,75.2767826391137,102.90906895842562,0.0,0.0,18.596421243749498,150.44660101270166,20.52753071726295,-634.0392520541991,18.497316653451173,53.91730754372293,18.712804990982194,-12.787183681619183,16.052445704879035,27.143652569493839,20.121763779034958,-282.6854851431726,17.325900279467957,174.89191090262376,16.394883687000925,85.47233908648298,17.106006078766855,143.4005396029902,183.30376638053895,-128.24860244807588,0.0,0.0,0.0,0.0,0.0,0.0,0.0,0.0,0.0,0.0,0.0,0.0,0.0,0.0,0.0,0.0,0.0,0.0,0.0,0.0,0.0,0.0,0.0,0.0,244.31523278625853,289.9591623084764,2028.8102152518057,0.0,0.0,242.58228447590009,287.42814349829669,2248.788197919161,0.0,0.0,164.80257468587943,195.80907894124415,1261.864214309332,0.007650312208500451,0.0014456372276077945,11.102816467110206,13.191145736412408,85.3756799421444,0.0,0.0,8.31910112772944,9.966381972053306,24.14641774567078,0.0,0.0,79.43982703130978,94.09708323125772,753.1560845615007,0.0,0.0,210.8636697056693,251.24531188771827,1279.4620924339307,0.0,0.0,27.014481794357946,32.32636679446806,96.49327440210091,0.0,0.0,93.42428091157685,111.532435319822,461.3522655742181,31.48027467928421,21.591409245050906,209.35253382781014,249.10145043252315,1642.9742237224016,0.0,0.0,113.28818809593665,134.74035953719887,809.0464976810926,0.0,18.9778727811439,44.62225401580547,22.0,30.0,0.0,19.466234448485037,43.19012118352954,16.0,30.0,0.0,18.651622901784444,45.57101025513495,22.0,30.0,0.0,18.665437453336574,45.52007125578671,16.0,30.0,0.0,16.25907274065958,52.800142578125477,12.0,30.0,0.0,19.554415693924367,42.9688582736198,16.0,30.0,0.0,17.835333718401157,47.84695594020708,10.0,30.0,0.0,16.590997605443087,51.73280279229615,12.0,30.0,0.0,17.270891954351066,49.55976698875755,12.0,30.0,0.0,18.24181491642298,0.0,0.0,0.0,18.360552755951006,0.0,0.0,509.36388263933778,506.72515059214416,515.644868508865,531.8561813603953,561.3498567399616,549.8546018371975,548.0359777880104,557.5790223644253,555.8765022251313,0.0,80.07036488763527,80.07036488763527,60.0,0.0,60.0,60.0,16.0,16.0,16.0,12.0,12.0,12.0,21.0,10.0,0.0,0.0,0.0,0.0,0.0,0.0,0.0,0.0,0.0,0.0,0.0,0.0,0.0,80.07036488763527,80.07036488763527,0.0,0.0,0.0,80.07036488763527,0.0,0.0,0.0013366666666666664 
 03/29  12:00:00,15.1,54.0,6.02,100.0,851.0,0.0,0.0,0.0,0.0,0.0,0.0,0.0,0.0,0.0,0.0,779.0,0.0,2065.4829326481828,75.66921931068323,193.90281027689148,61.93310510657338,1648.4464977821543,0.0,75.66921931068319,103.44555964095082,0.0,0.0,18.62506676279137,156.3766529236218,20.681599374831703,-645.0794728039491,18.511652995388745,74.87960562711851,18.724693734810648,-11.647743895373253,16.114842913839515,28.39663038878956,20.312945389998679,-300.1605391481962,17.394170032741355,185.46635417479502,16.42711921564532,96.2145263834202,17.179649332667976,157.77151688137247,170.02427686353713,-151.73747409191538,0.0,0.0,0.0,0.0,0.0,0.0,0.0,0.0,0.0,0.0,0.0,0.0,0.0,0.0,0.0,0.0,0.0,0.0,0.0,0.0,0.0,0.0,0.0,0.0,241.60524250904806,286.67802871588767,1911.7869593655628,0.0,0.0,240.36087564103918,284.6799838719151,2158.7033295927565,0.0,0.0,180.18338446947056,214.04168959457648,1304.4595337085819,0.011835871620610781,0.002236559263153964,11.884049678131765,14.11781894847703,85.82282911362057,0.0,0.0,8.423490654797173,10.088293981843098,21.41859311795493,0.0,0.0,81.14803269129632,96.06218398298259,754.5429975559274,0.0,0.0,212.19864902866446,252.7336494185083,1223.3739833857245,0.0,0.0,27.72299545725683,33.16572807345348,88.1404552954977,0.0,0.0,92.76977654017874,110.70747894483698,429.3138654371812,31.721496111298739,21.75685604341478,206.82858804333552,246.06091574078193,1524.4955564860528,0.0,0.0,113.10760047653514,134.42578489388488,795.8662696150706,0.0,19.034238666263126,44.36608578519774,22.0,30.0,0.0,19.574068736703955,42.831433703738969,16.0,30.0,0.0,18.695040767760724,45.41102364656873,22.0,30.0,0.0,18.682398595345619,45.43945799052062,16.0,30.0,0.0,16.332125140162348,52.577969521194457,12.0,30.0,0.0,19.716270744396306,42.53224764986739,16.0,30.0,0.0,17.93658726483275,47.55014399224399,10.0,30.0,0.0,16.647681555880799,51.56978129540859,12.0,30.0,0.0,17.36821004127119,49.27253575887624,12.0,30.0,0.0,18.278334983900078,0.0,0.0,0.0,18.560957458361388,0.0,0.0,509.2289904987907,504.79037573711897,511.10691238903066,532.2402017878277,557.050391729543,546.4710156348317,543.7065234255375,553.3973297970056,551.9096244108363,0.0,80.07036488763527,80.07036488763527,60.0,0.0,60.0,60.0,16.0,16.0,16.0,12.0,12.0,12.0,21.0,10.0,0.0,0.0,0.0,0.0,0.0,0.0,0.0,0.0,0.0,0.0,0.0,0.0,0.0,80.07036488763527,80.07036488763527,0.0,0.0,0.0,80.07036488763527,0.0,0.0,0.0013233333333333338 
 03/29  12:10:00,15.241666666666668,53.33333333333333,6.098333333333333,101.33333333333334,847.6666666666667,0.0,0.0,0.0,0.0,0.0,0.0,0.0,0.0,0.0,0.0,779.0,0.0,2133.537344485411,76.02054445015905,194.8030587819772,63.97368046525743,1702.7599652316577,0.0,76.02054445015901,103.92584774224328,0.0,0.0,18.672143810748584,176.43856024657362,20.819220017721429,-698.546525573618,18.524987792338409,84.2355795843132,18.736723345554304,-9.542570463813377,16.179021897503245,29.5276647637657,20.50346178538652,-315.30227528669277,17.46103239090339,192.89847737781839,16.463102047168687,106.3767185153149,17.255052007192199,172.54305923704806,173.86740697238475,-173.3907321136503,0.0,0.0,0.0,0.0,0.0,0.0,0.0,0.0,0.0,0.0,0.0,0.0,0.0,0.0,0.0,0.0,0.0,0.0,0.0,0.0,0.0,0.0,0.0,0.0,253.46437307430629,300.6252485739516,1978.5341853128007,0.0,0.0,253.3386903163218,299.9470241593972,2240.2529888556007,0.0,0.0,183.5632858999747,218.00776009967405,1289.8162352546268,0.02084155009440907,0.003938312565081078,13.063351244922531,15.516121998129848,91.09760852860467,0.0,0.0,8.464778151059243,10.13390339046579,20.353969337234479,0.0,0.0,82.71098546718734,97.84598158878488,772.1759607950523,0.0,0.0,213.5829586379254,254.26946729436617,1210.9019994464389,0.0,0.0,28.33841339519199,33.89085636952485,85.38079141059242,0.0,0.0,93.01080761386268,110.94392004141445,422.23435950256876,31.979104987317709,21.933542515307079,219.5640122515014,261.1202997789874,1570.7429963403279,0.0,0.0,113.83679171751052,135.18561065210168,812.5973404093344,0.0,19.124388041053604,44.046640841748459,22.0,30.0,0.0,19.648517304380456,42.5066256319496,16.0,30.0,0.0,18.731670118318755,45.2076017799052,22.0,30.0,0.0,18.699398120081268,45.35811279717632,16.0,30.0,0.0,16.406115625401097,52.343965255411557,12.0,30.0,0.0,19.879787367832326,42.10165537347501,16.0,30.0,0.0,18.032040661870217,47.24401903371645,10.0,30.0,0.0,16.707694758473506,51.37419796317181,12.0,30.0,0.0,17.46731824587383,48.96314167162773,12.0,30.0,0.0,18.348538231139299,0.0,0.0,0.0,18.75604374414368,0.0,0.0,506.99429067546085,503.1706741501584,510.77106509270518,530.7528355728439,552.8155420610488,542.2367056348112,540.9124805753684,549.6876667786,548.2304660859784,0.0,80.07036488763527,80.07036488763527,60.0,0.0,60.0,60.0,16.0,16.0,16.0,12.0,12.0,12.0,21.0,10.0,0.0,0.0,0.0,0.0,0.0,0.0,0.0,0.0,0.0,0.0,0.0,0.0,0.0,80.07036488763527,80.07036488763527,0.0,0.0,0.0,80.07036488763527,0.0,0.0,0.0013100000000000002 
 03/29  12:20:00,15.383333333333335,52.66666666666667,6.176666666666667,102.66666666666667,844.3333333333334,0.0,0.0,0.0,0.0,0.0,0.0,0.0,0.0,0.0,0.0,779.0,0.0,2196.5976179774768,76.3324927466834,195.60239930907796,65.86450818553652,1753.0876550506974,0.0,76.33249274668336,104.35230471387543,0.0,0.0,18.708240385933175,180.96307011516366,20.969890489122855,-708.6532856380873,18.55073615413577,107.8389782296781,18.751362553692517,-6.60931213668664,16.245142111523223,30.77522662597579,20.69207017768577,-332.5861616994648,17.534696701069224,203.4573348645099,16.50314381406056,116.49822284672996,17.331047763414277,184.6632059624685,161.85103330093353,-193.53023328812197,0.0,0.0,0.0,0.0,0.0,0.0,0.0,0.0,0.0,0.0,0.0,0.0,0.0,0.0,0.0,0.0,0.0,0.0,0.0,0.0,0.0,0.0,0.0,0.0,250.0495860594835,296.4862308858692,1910.4629150861022,0.0,0.0,250.34752599066042,296.26420788022656,2195.492525575885,0.0,0.0,202.7051988505388,240.668514915339,1389.6822992596654,0.020410280118677499,0.0038568178606722396,80.74185591204638,95.88511548982857,542.4730227386036,0.0,0.0,8.577510192840299,10.264948601824047,19.464339320285107,0.0,0.0,84.31910098291566,99.68215135493776,789.896733185841,0.0,0.0,215.0215536582992,255.85911748272319,1202.966313026394,0.0,0.0,28.99047133059009,34.65885529824761,82.7408282136084,0.0,0.0,92.48362045174183,110.26472290324827,411.44779159605226,32.22914395597594,22.105037006842218,216.23951379923995,257.1278598944014,1487.4312508223093,0.0,0.0,113.77729349830622,135.01204313442848,822.2320056736655,0.0,19.184857454118569,43.75633953336756,22.0,30.0,0.0,19.75584065708448,42.18068694061814,16.0,30.0,0.0,18.78947989615856,44.97417398653298,22.0,30.0,0.0,18.719662877732266,45.232466256450148,16.0,30.0,0.0,16.48146903975395,52.09647636048004,12.0,30.0,0.0,20.040609252873826,41.66164420633436,16.0,30.0,0.0,18.137932469997997,46.913150252674807,10.0,30.0,0.0,16.771424507428308,51.169133761084989,12.0,30.0,0.0,17.56506508635943,48.6605945198215,12.0,30.0,0.0,18.362596190123818,0.0,0.0,0.0,18.94441816644581,0.0,0.0,505.3177383095088,500.3716983887273,508.39840788101466,514.6101368576627,548.8977023135102,539.3157704968533,537.3009610723384,545.5492461712883,544.2791575083132,0.0,80.07036488763527,80.07036488763527,60.0,0.0,60.0,60.0,16.0,16.0,16.0,12.0,12.0,12.0,21.0,10.0,0.0,0.0,0.0,0.0,0.0,0.0,0.0,0.0,0.0,0.0,0.0,0.0,0.0,80.07036488763527,80.07036488763527,0.0,0.0,0.0,80.07036488763527,0.0,0.0,0.0012866666666666665 
 03/29  12:30:00,15.524999999999999,52.0,6.255,104.0,841.0,0.0,0.0,0.0,0.0,0.0,0.0,0.0,0.0,0.0,0.0,779.0,0.0,2254.6276787908839,76.6066910919328,196.3050007661989,67.60450661062632,1799.400776856612,0.0,76.60669109193278,104.72715464011147,0.0,0.0,18.762059104086803,199.59753573624404,21.098534509608958,-768.343098349711,18.573263674261079,115.43789850531357,18.771627941808985,1.0046954668873696,16.31302211491767,31.873676809570897,20.880187800090917,-346.9322440558917,17.60583295570539,210.05790373244418,16.546446316385585,125.88542444117445,17.409266959704469,198.55061363096685,163.72859361380325,-212.0554929060836,0.0,0.0,0.0,0.0,0.0,0.0,0.0,0.0,0.0,0.0,0.0,0.0,0.0,0.0,0.0,0.0,0.0,0.0,0.0,0.0,0.0,0.0,0.0,0.0,261.3446575578129,309.74545807215505,1970.6489890575179,0.0,0.0,262.7142989844343,310.8014411212696,2261.307867325819,0.0,0.0,204.719691498999,242.99924191323735,1363.7013213485378,0.02637515092709322,0.0049839665395111898,101.41877143155789,120.41522869419535,658.2874064713521,0.0,0.0,8.61374966356373,10.304365543312264,18.400083483899239,0.0,0.0,85.71461194483277,101.2641476795084,805.9240515788094,0.0,0.0,216.58475200280084,257.60357514969516,1192.0467630347244,0.0,0.0,29.51891318008268,35.27841801460662,79.70562528195696,0.0,0.0,93.1152402286398,110.96655010459016,406.25420877871536,32.49638340800664,22.288328812075897,228.3622002541331,271.44798818806557,1523.9450988947934,0.0,0.0,114.8572799953482,136.1930433552521,838.6037554958331,0.0,19.27842378332459,43.45790528445539,22.0,30.0,0.0,19.817961328625218,41.94001288957948,16.0,30.0,0.0,18.835413384154966,44.7227898469434,22.0,30.0,0.0,18.748776123721176,45.08335388900374,16.0,30.0,0.0,16.55787106938986,51.83874069228425,12.0,30.0,0.0,20.202648355051787,41.228898414427089,16.0,30.0,0.0,18.235792757710116,46.58870156049309,10.0,30.0,0.0,16.83754071489315,50.940174209324919,12.0,30.0,0.0,17.66516855631273,48.33767119742098,12.0,30.0,0.0,18.43363607615109,0.0,0.0,0.0,19.125890750361046,0.0,0.0,502.33159984616449,505.2960748495854,506.619546511244,510.4162303738725,545.1489803806528,535.6679512411198,534.3301543178042,542.2689798261821,541.0881590424879,0.0,80.07036488763527,80.07036488763527,60.0,0.0,60.0,60.0,16.0,16.0,16.0,12.0,12.0,12.0,21.0,10.0,0.0,0.0,0.0,0.0,0.0,0.0,0.0,0.0,0.0,0.0,0.0,0.0,0.0,80.07036488763527,80.07036488763527,0.0,0.0,0.0,80.07036488763527,0.0,0.0,0.0012633333333333336 
 03/29  12:40:00,15.666666666666668,51.33333333333333,6.333333333333333,104.66666666666667,835.5,0.0,0.0,0.0,0.0,0.0,0.0,0.0,0.0,0.0,0.0,779.0,0.0,2300.7919963132969,76.51227371436272,196.0630234780737,68.98871379534688,1836.2439459799144,0.0,76.51227371436268,104.5980789267429,0.0,0.0,18.79574067445946,197.43088920934316,21.243364898989996,-767.0740462454814,18.605589921164176,136.57076240107564,18.79329370439131,5.917353250258202,16.382110878033975,33.10210746251488,21.062427475757504,-363.53677858858239,17.683607470161996,220.05081823422916,16.59275400731812,135.08837982030833,17.488352268530688,208.62591285055397,151.01857187712086,-228.7835097313773,0.0,0.0,0.0,0.0,0.0,0.0,0.0,0.0,0.0,0.0,0.0,0.0,0.0,0.0,0.0,0.0,0.0,0.0,0.0,0.0,0.0,0.0,0.0,0.0,256.5591032925082,303.9944014968929,1884.8249270637346,0.0,0.0,255.75776240638613,302.42736655562478,2183.4845916072747,0.0,0.0,217.33747922711738,257.8922591645095,1412.847907973437,0.032862064666009337,0.006209762786471906,109.60534627418754,130.10961627834014,686.5605881791572,0.0,0.0,8.732002401942378,10.441822387345864,17.5023926170091,0.0,0.0,87.15671347257562,102.90125559482294,821.5773802170149,0.0,0.0,218.04701353935566,259.21659039293538,1184.7858401578167,0.0,0.0,30.07694457035954,35.93261766253415,76.73705603584065,0.0,0.0,92.75085204336227,110.48180581741436,396.5064170727699,32.76572959637292,22.473065566785278,223.47748276655123,265.5933892972816,1436.1478976361717,0.0,0.0,114.89432203856942,136.14024111309014,845.840518466397,0.0,19.324527260460316,43.25470920853824,22.0,30.0,0.0,19.92670711271407,41.59402763825993,16.0,30.0,0.0,18.89827655184985,44.50268306949075,22.0,30.0,0.0,18.778232656838847,44.88616665596587,16.0,30.0,0.0,16.63490027691203,51.56965947610118,12.0,30.0,0.0,20.359408403473993,40.79885989485269,16.0,30.0,0.0,18.3439306773944,46.249812377988479,10.0,30.0,0.0,16.90614495884992,50.70063418005493,12.0,30.0,0.0,17.764232836777983,48.01582038925728,12.0,30.0,0.0,18.45793987076943,0.0,0.0,0.0,19.300378805220214,0.0,0.0,506.8240785096316,499.6587972033129,503.6303288199855,508.5968088147362,541.5797818639835,533.1377638992766,530.9580367249073,538.7655983140405,537.6732391560352,0.0,80.07036488763527,80.07036488763527,60.0,0.0,60.0,60.0,16.0,16.0,16.0,12.0,12.0,12.0,21.0,10.0,0.0,0.0,0.0,0.0,0.0,0.0,0.0,0.0,0.0,0.0,0.0,0.0,0.0,80.07036488763527,80.07036488763527,0.0,0.0,0.0,80.07036488763527,0.0,0.0,0.00124 
 03/29  12:50:00,15.808333333333332,50.66666666666667,6.411666666666667,105.33333333333334,830.0,0.0,0.0,0.0,0.0,0.0,0.0,0.0,0.0,0.0,0.0,779.0,0.0,2341.5936000355807,76.3838069127205,195.73378985632318,70.21212186408674,1868.8071821804259,0.0,76.38380691272046,104.42245506921903,0.0,0.0,18.85782225254607,219.5829475505907,21.36173926495723,-827.3122018032209,18.6292083289543,137.62792699756757,18.820527771383003,15.372318007425747,16.452366778460076,34.086393186018259,21.2421242623575,-376.377500604583,17.75666368955205,225.14319749092284,16.641345745370584,143.4756334494407,17.568657128943536,220.79794448547228,151.51422805257244,-243.99856816374723,0.0,0.0,0.0,0.0,0.0,0.0,0.0,0.0,0.0,0.0,0.0,0.0,0.0,0.0,0.0,0.0,0.0,0.0,0.0,0.0,0.0,0.0,0.0,0.0,267.6271327534835,316.96393272254519,1944.266982060593,0.0,0.0,270.42369169620909,319.6774913237568,2261.315617071215,0.0,0.0,214.60437408455449,254.58726873475247,1351.222089973603,0.03620536002011731,0.006841526836756859,125.89758738890107,149.41364626968946,762.2431991588113,0.0,0.0,8.74424362082062,10.452453815825692,16.379969693528456,0.0,0.0,88.39380711800195,104.2942427469255,835.3186432708491,0.0,0.0,219.39598218833459,260.7048704020613,1171.4931369850397,0.0,0.0,30.51630543021361,36.444586996300348,73.3924731132767,0.0,0.0,93.52476710003056,111.35191717239658,392.1443021018991,33.03904989186179,22.660528046544444,235.46644470997908,279.73251690329797,1472.9362200252693,0.0,0.0,116.07197488398028,137.44163404571143,859.6633950183618,0.0,19.427181284212599,42.9147427439233,22.0,30.0,0.0,19.982189627756374,41.35652177623944,16.0,30.0,0.0,18.93906491345064,44.311167422296168,22.0,30.0,0.0,18.81653720100131,44.73049648113469,16.0,30.0,0.0,16.712159759103544,51.29620829062064,12.0,30.0,0.0,20.51593105029344,40.381768671402017,16.0,30.0,0.0,18.44010685586897,45.933938538875008,10.0,30.0,0.0,16.975919974504629,50.443545928525747,12.0,30.0,0.0,17.86622428852448,47.67645992455916,12.0,30.0,0.0,18.54162110662615,0.0,0.0,0.0,19.466710434309254,0.0,0.0,501.23122475261558,497.2297041155565,507.7909449241783,505.23992827453596,538.1184113768453,529.5656297325514,529.6833857016574,535.596649086343,534.5317765954346,0.0,80.07036488763527,80.07036488763527,60.0,0.0,60.0,60.0,16.0,16.0,16.0,12.0,12.0,12.0,21.0,10.0,0.0,0.0,0.0,0.0,0.0,0.0,0.0,0.0,0.0,0.0,0.0,0.0,0.0,80.07036488763527,80.07036488763527,0.0,0.0,0.0,80.07036488763527,0.0,0.0,0.0012266666666666668 
 03/29  13:00:00,15.95,50.0,6.49,106.0,824.5,0.0,0.0,0.0,0.0,0.0,0.0,0.0,0.0,0.0,0.0,779.0,0.0,2377.049036229373,76.2226094538628,195.3206793479526,71.27522697459934,1897.1036911426632,0.0,76.22260945386278,104.20208592181487,0.0,0.0,18.884286209987516,207.62667770722875,21.504608083848156,-812.7748742514232,18.66756691020981,162.46799161626769,18.847267485452549,17.98584229869539,16.52402668560992,35.255813410038289,21.416478551466775,-392.2025636421022,17.837812381274387,235.19307918839696,16.692419321216318,151.84557121838498,17.64757996297396,227.82802502782534,143.04227149396139,-257.03665809321867,0.0,0.0,0.0,0.0,0.0,0.0,0.0,0.0,0.0,0.0,0.0,0.0,0.0,0.0,0.0,0.0,0.0,0.0,0.0,0.0,0.0,0.0,0.0,0.0,267.4400020628783,316.68550253765718,1879.2217903461206,0.0,0.0,260.0541203497873,307.2646534655095,2160.6937561726156,0.0,0.0,228.4848163726674,270.9610920526181,1404.7068509917788,0.040828471171111688,0.007715130606786031,127.80334481115747,151.64175723009027,746.0600635799005,0.0,0.0,8.87212909480803,10.601240725853641,15.471976200415283,0.0,0.0,89.6699058208849,105.73394576197978,848.374758450318,0.0,0.0,220.58892444502903,261.99394472088997,1163.3096256838974,0.0,0.0,31.04441311687518,37.06186468032069,70.24280112097383,0.0,0.0,92.89114660061309,110.54773974851897,381.0649310062156,33.316520865601827,22.85083735637986,234.98333948573956,279.10152218706477,1410.7950454344278,0.0,0.0,115.80553735153829,137.0360967492039,861.190209334195,0.0,19.450833700504285,42.75414934492896,22.0,30.0,0.0,20.099300908552157,40.98546607528316,16.0,30.0,0.0,19.007950696395647,44.055434998152048,22.0,30.0,0.0,18.8509187149846,44.55793240039158,16.0,30.0,0.0,16.790273174142013,51.015159752415367,12.0,30.0,0.0,20.666155295515116,39.97423853906869,16.0,30.0,0.0,18.550297264408486,45.57954329731337,10.0,30.0,0.0,17.047610400739523,50.186010668503929,12.0,30.0,0.0,17.963852520420024,47.35586710748257,12.0,30.0,0.0,18.57083010217106,0.0,0.0,0.0,19.625912658102484,0.0,0.0,498.7856450815418,495.8999862362564,502.2839010913097,508.6890877383331,535.1928650856402,527.9589173993346,525.7871060859991,532.2857848846177,531.5421041431115,0.0,80.07036488763527,80.07036488763527,60.0,0.0,60.0,60.0,16.0,16.0,16.0,12.0,12.0,12.0,21.0,10.0,0.0,0.0,0.0,0.0,0.0,0.0,0.0,0.0,0.0,0.0,0.0,0.0,0.0,80.07036488763527,80.07036488763527,0.0,0.0,0.0,80.07036488763527,0.0,0.0,0.0012133333333333332 
 03/29  13:10:00,16.048333333333333,49.333333333333339,6.523333333333334,106.66666666666667,819.0,0.0,0.0,0.0,0.0,0.0,0.0,0.0,0.0,0.0,0.0,779.0,0.0,2407.184981098911,76.02987212991086,194.82674348343333,72.17882902702141,1921.1547631563799,0.0,76.02987212991082,103.93859938763976,0.0,0.0,18.96317481192944,240.8030590297967,21.60989991198847,-883.8463167519658,18.6887894476866,153.84209356114844,18.879445081813594,28.687939639010439,16.596559357007036,35.99076622833314,21.587829627858054,-403.09555005512359,17.910323655759997,237.9769252695769,16.745129442830544,158.85303411180667,17.728188437008485,239.20320245622907,146.95169805811384,-268.961321270579,0.0,0.0,0.0,0.0,0.0,0.0,0.0,0.0,0.0,0.0,0.0,0.0,0.0,0.0,0.0,0.0,0.0,0.0,0.0,0.0,0.0,0.0,0.0,0.0,276.6720053612367,327.4406598626013,1961.3131105306862,0.0,0.0,280.96968954347877,331.9010674860756,2301.461777425524,0.0,0.0,219.5584854542704,260.3261243272533,1319.4734789820462,0.04289617171588212,0.008105852554021564,140.66547949289788,166.86199528788107,805.7371781045596,0.0,0.0,8.827661260848034,10.544204063331826,15.024862954933859,0.0,0.0,90.7612740094324,106.95551192925127,867.6212275289914,0.0,0.0,221.55482856720387,263.0335495969256,1164.5598539988453,0.0,0.0,31.356979487188175,37.42199736541214,69.24961357017679,0.0,0.0,93.92367592623912,111.72670772757907,385.5814063337934,33.42555621721223,22.925621548156547,245.57227100085505,291.56720582119638,1459.468515658575,0.0,0.0,117.16429468873388,138.55897955368094,882.9932678522106,0.0,19.582176839993953,42.33544945154858,22.0,30.0,0.0,20.139924549820838,40.81404854356053,16.0,30.0,0.0,19.038079297325234,43.875906932040638,22.0,30.0,0.0,18.89554906584568,44.36802507264305,16.0,30.0,0.0,16.868235710825787,50.73166439004624,12.0,30.0,0.0,20.816673782874188,39.569253636075149,16.0,30.0,0.0,18.64110048273399,45.277027712485807,10.0,30.0,0.0,17.119511568376205,49.92140291662254,12.0,30.0,0.0,18.06459216380255,47.02104828846081,12.0,30.0,0.0,18.656706009977595,0.0,0.0,0.0,19.776404125037048,0.0,0.0,497.27949267164566,495.7637178057707,499.82766919477998,503.4294259405905,532.1913549011388,524.3119121450199,523.621102366841,530.3549330404198,529.4591812943363,0.0,80.07036488763527,80.07036488763527,60.0,0.0,60.0,60.0,16.0,16.0,16.0,12.0,12.0,12.0,21.0,10.0,0.0,0.0,0.0,0.0,0.0,0.0,0.0,0.0,0.0,0.0,0.0,0.0,0.0,80.07036488763527,80.07036488763527,0.0,0.0,0.0,80.07036488763527,0.0,0.0,0.0012000000000000002 
 03/29  13:20:00,16.14666666666667,48.66666666666667,6.556666666666667,107.33333333333333,813.5,0.0,0.0,0.0,0.0,0.0,0.0,0.0,0.0,0.0,0.0,779.0,0.0,2432.037992158983,75.80665758176068,194.25470542392058,72.92402420899302,1940.9895746931907,0.0,75.80665758176063,103.6334481773624,0.0,0.0,18.975174881400926,211.83957710242795,21.7519497116758,-848.0436722154591,18.73766181740547,190.9991870165304,18.90767984607072,27.35377440875527,16.670420632022244,37.12189757905031,21.752313512001864,-418.71374849515908,17.995854968716786,249.21510271891203,16.799666971542857,166.28798549166528,17.805992321476255,243.09504190211875,139.0690032026796,-278.63725463526137,0.0,0.0,0.0,0.0,0.0,0.0,0.0,0.0,0.0,0.0,0.0,0.0,0.0,0.0,0.0,0.0,0.0,0.0,0.0,0.0,0.0,0.0,0.0,0.0,279.38162918938607,330.63379514953359,1917.391402355111,0.0,0.0,262.20356898698716,309.56851147512739,2163.3479360575449,0.028204924062885139,0.00532972865889742,240.74737244104979,285.33967445810768,1440.2966734419754,0.04913732516183191,0.009285208836325,136.75060422381086,162.18529600840976,765.3872014381228,0.0,0.0,8.98778817543553,10.7314735817063,14.938998699564604,0.0,0.0,91.88983630899817,108.22263067395778,885.8679711141077,0.0,0.0,222.7182407910212,264.28543502600305,1177.3163275298699,0.0,0.0,31.872584479166624,38.02376746525662,68.83972387032782,0.0,0.0,92.92732424239246,110.49512826237353,380.3958634521642,33.54177353889713,23.005331645334118,247.65921334925464,293.995204997725,1428.9608601989447,0.0,0.0,116.46948049440621,137.65619405665906,887.8460369248031,0.0,19.56796955760341,42.29721923432842,22.0,30.0,0.0,20.270287713564895,40.40363223121414,16.0,30.0,0.0,19.123783429741026,43.56917215526838,22.0,30.0,0.0,18.929124798771956,44.18254543600557,16.0,30.0,0.0,16.947168676594317,50.44064320692752,12.0,30.0,0.0,20.95852677803531,39.18728652911886,16.0,30.0,0.0,18.75557877497292,44.9066414732309,10.0,30.0,0.0,17.194196331592108,49.64564126676163,12.0,30.0,0.0,18.15794474008589,46.70672775581906,12.0,30.0,0.0,18.681180994145998,0.0,0.0,0.0,19.920266316353119,0.0,0.0,497.03199796861937,495.4441950394761,498.2585062395994,501.1245181510122,529.2910514244032,522.2567829158394,520.927527251935,527.0825554244642,526.2575791552921,0.0,80.07036488763527,80.07036488763527,60.0,0.0,60.0,60.0,16.0,16.0,16.0,12.0,12.0,12.0,21.0,10.0,0.0,0.0,0.0,0.0,0.0,0.0,0.0,0.0,0.0,0.0,0.0,0.0,0.0,80.07036488763527,80.07036488763527,0.0,0.0,0.0,80.07036488763527,0.0,0.0,0.0011833333333333336 
 03/29  13:30:00,16.244999999999999,48.0,6.59,108.0,808.0,0.0,0.0,0.0,0.0,0.0,0.0,0.0,0.0,0.0,0.0,779.0,0.0,2451.652717644015,75.55390056436319,193.60696064046253,73.5121513056503,1956.6437593549493,0.0,75.55390056436315,103.28791017186895,0.0,0.0,19.075893148080284,261.46719030690476,21.839137395914137,-939.7158094506558,18.75295233170624,164.80865474968233,18.94557820081718,42.91461648387212,16.744792436544956,37.57470946490071,21.91473660325465,-426.7489660588726,18.065304595472364,248.33909304839654,16.854336206665104,171.65758946134498,17.887239161506593,255.6540591037592,146.3249014768826,-288.0734063842174,0.0,0.0,0.0,0.0,0.0,0.0,0.0,0.0,0.0,0.0,0.0,0.0,0.0,0.0,0.0,0.0,0.0,0.0,0.0,0.0,0.0,0.0,0.0,0.0,286.64167379865878,338.9967458083225,2007.9343804330336,0.0,0.0,292.4459672444431,345.22627211859926,2364.0139238600825,0.0,0.0,221.65683693719937,262.6782385993653,1287.488385285477,0.05022284196143858,0.009490332948117643,154.3442600912429,183.00142857639134,849.5354719300914,0.0,0.0,8.872598995752274,10.5900292544092,14.382505652418665,0.0,0.0,92.80033363695411,109.23085918605912,902.6263266297431,0.0,0.0,223.59113130583115,265.22164876894535,1173.6992806567487,0.0,0.0,32.03218523239436,38.20083690905364,67.5084577766524,0.0,0.0,94.76316996669931,112.62826108180745,388.09164181683368,33.65057084918861,23.07995257145996,256.78311319132157,304.70382957976718,1471.8132604605656,0.0,0.0,118.58176735767226,140.075040196396,911.9125310562414,0.0,19.73961460190307,41.76924611972776,22.0,30.0,0.0,20.285719293686634,40.274172793463637,16.0,30.0,0.0,19.136145795187873,43.45995032409718,22.0,30.0,0.0,18.982159359618433,43.96116458083011,16.0,30.0,0.0,17.025459400987619,50.14880353836252,12.0,30.0,0.0,21.102895195628397,38.79605111455544,16.0,30.0,0.0,18.836599525039199,44.63678900724042,10.0,30.0,0.0,17.267007563840815,49.37158576848893,12.0,30.0,0.0,18.25814364306798,46.36943772376352,12.0,30.0,0.0,18.77362651906738,0.0,0.0,0.0,20.054325176271868,0.0,0.0,496.52176429817,492.0901271214498,497.95750467906177,499.3074642173502,526.5422330774622,519.584985211553,519.0771899204059,524.5403415270056,523.7549801822655,0.0,80.07036488763527,80.07036488763527,60.0,0.0,60.0,60.0,16.0,16.0,16.0,12.0,12.0,12.0,21.0,10.0,0.0,0.0,0.0,0.0,0.0,0.0,0.0,0.0,0.0,0.0,0.0,0.0,0.0,80.07036488763527,80.07036488763527,0.0,0.0,0.0,80.07036488763527,0.0,0.0,0.0011666666666666668 
 03/29  13:40:00,16.343333333333335,47.33333333333333,6.623333333333333,108.0,798.0,0.0,0.0,0.0,0.0,0.0,0.0,0.0,0.0,0.0,0.0,779.0,0.0,2452.646783831146,74.84732118824324,191.79629167273979,73.54194335750356,1957.436954677291,0.0,74.84732118824322,102.3219625955714,0.0,0.0,19.063964531811445,209.05510650378893,21.979071473568085,-868.2203307702948,18.81444485854115,219.91937237753155,18.973605595831175,34.986516305521949,16.819180434207909,38.76659224702439,22.06245015968717,-442.4671853850732,18.155582967838997,261.9867633495069,16.910965107278444,178.40437899580639,17.96288312496913,254.8951691482821,136.00103698335807,-294.2646882617955,0.0,0.0,0.0,0.0,0.0,0.0,0.0,0.0,0.0,0.0,0.0,0.0,0.0,0.0,0.0,0.0,0.0,0.0,0.0,0.0,0.0,0.0,0.0,0.0,291.02199623874557,344.2314200496354,1940.3813466895845,0.0,0.0,260.51097579712879,307.3423009913168,2132.5281020760937,0.07521043449066171,0.014212100243889218,252.55778331674464,299.16097355099518,1471.5417403500977,0.056684014252170438,0.01071126497584475,142.9548994406177,169.4647496513002,767.0277945005066,0.0,0.0,9.102046925865386,10.859900458948554,14.375837934405288,0.0,0.0,93.83241712117328,110.38646491735011,917.9226248454866,0.0,0.0,224.6886559535955,266.38815466660358,1188.992719094388,0.0,0.0,32.580658935009299,38.84109661377922,67.11770665069027,0.0,0.0,92.98644731491473,110.47271094310949,378.6064963626793,33.771953056516348,23.16320511420875,259.80291458801306,308.2411549269401,1440.3273112743335,0.0,0.0,117.06505886385567,138.20923677659273,906.8637699231974,0.0,19.66895399604284,41.849918441174988,22.0,30.0,0.0,20.43782716077864,39.80440224936531,16.0,30.0,0.0,19.244010892180904,43.086046344623898,22.0,30.0,0.0,19.011839678740974,43.80634593205796,16.0,30.0,0.0,17.103509638455745,49.855925662042668,12.0,30.0,0.0,21.23201922425775,38.45119056828614,16.0,30.0,0.0,18.95742587617909,44.242135027836727,10.0,30.0,0.0,17.34221085229574,49.08689097475455,12.0,30.0,0.0,18.345500168537336,46.06887378644369,12.0,30.0,0.0,18.792016687508985,0.0,0.0,0.0,20.18302049604451,0.0,0.0,493.0777481890645,490.6543053804124,497.29686417044226,498.948888185134,523.9777775224586,517.6547621733778,516.6309839512018,521.8941716112214,521.2422417883668,0.0,80.07036488763527,80.07036488763527,60.0,0.0,60.0,60.0,16.0,16.0,16.0,12.0,12.0,12.0,21.0,10.0,0.0,0.0,0.0,0.0,0.0,0.0,0.0,0.0,0.0,0.0,0.0,0.0,0.0,80.07036488763527,80.07036488763527,0.0,0.0,0.0,80.07036488763527,0.0,0.0,0.00115 
 03/29  13:50:00,16.441666666666668,46.66666666666667,6.656666666666666,108.0,788.0,0.0,0.0,0.0,0.0,0.0,0.0,0.0,0.0,0.0,0.0,779.0,0.0,2448.31300308918,74.11709381398276,189.92502137806143,73.41198204178076,1953.9780470282017,0.0,74.11709381398272,101.32368641294859,0.0,0.0,19.19380273217115,282.1813447126733,22.03478489055276,-990.854879202554,18.817989085810884,167.86441529311925,19.01690526046824,57.7065028767729,16.89338445543244,38.86489765089277,22.20668536184634,-445.5563359221328,18.218869743358228,255.884476957488,16.966290747719989,182.08462489611817,18.04432510433702,269.9769734491556,146.79304552685609,-299.2642021581587,0.0,0.0,0.0,0.0,0.0,0.0,0.0,0.0,0.0,0.0,0.0,0.0,0.0,0.0,0.0,0.0,0.0,0.0,0.0,0.0,0.0,0.0,0.0,0.0,298.09940205422449,352.2968453893257,2063.6338644121035,0.0,0.0,305.4968709129281,360.41432845432498,2425.6925444085065,0.0,0.0,218.67755185566385,259.0219429617613,1223.22279887101,0.05461920917949328,0.010321090169972273,166.61404342982525,197.45158919191773,881.6642014040283,0.0,0.0,8.876828893256662,10.587403011282209,13.604186894447518,0.0,0.0,94.50385837798697,111.11580874251789,930.5046691445929,0.0,0.0,225.30454293237637,267.03237429448219,1177.1281233188095,0.0,0.0,32.56853795105957,38.81340048231912,65.25575515811167,0.0,0.0,95.90596245301141,113.89112914227104,390.6227276090293,33.87414865142038,23.2332981148288,269.6035120773688,319.72329794121176,1494.3026650011767,0.0,0.0,120.22157764177179,141.87031375947564,933.1441051494466,0.0,19.897761156052366,41.17346999972625,22.0,30.0,0.0,20.41322434169068,39.77737104560303,16.0,30.0,0.0,19.227280739279725,43.02905054460068,22.0,30.0,0.0,19.074423755060605,43.54928922903973,16.0,30.0,0.0,17.178932901156224,49.56847560166228,12.0,30.0,0.0,21.365060798503778,38.08271530768448,16.0,30.0,0.0,19.023193571337268,44.01317825854209,10.0,30.0,0.0,17.41295634473844,48.819813356023697,12.0,30.0,0.0,18.445414047184227,45.73387589698537,12.0,30.0,0.0,18.900370196160219,0.0,0.0,0.0,20.290803794840213,0.0,0.0,491.62852161928267,489.67984988110188,493.96386164912976,497.97159474202967,521.5733686911455,515.086751349887,514.6077399149136,519.8109178725199,519.1495826711263,0.0,80.07036488763527,80.07036488763527,60.0,0.0,60.0,60.0,16.0,16.0,16.0,12.0,12.0,12.0,21.0,10.0,0.0,0.0,0.0,0.0,0.0,0.0,0.0,0.0,0.0,0.0,0.0,0.0,0.0,80.07036488763527,80.07036488763527,0.0,0.0,0.0,80.07036488763527,0.0,0.0,0.0011433333333333333 
 03/29  14:00:00,16.54,46.0,6.69,108.0,778.0,0.0,0.0,0.0,0.0,0.0,0.0,0.0,0.0,0.0,0.0,779.0,0.0,2438.7929542726126,73.36453415932938,187.996521552517,73.12651257615573,1946.3800294684045,0.0,73.36453415932934,100.29488030991233,0.0,0.0,19.14813192266282,199.1719019723223,22.18051494376824,-868.1346046122435,18.89591587716881,249.91447097709898,19.042046141303027,39.19199249301619,16.96832576096287,40.119948561621189,22.337411656996609,-461.8384996535424,18.31396111239521,273.00209063142759,17.023411996171157,187.9202422851049,18.115509102269994,261.2650000128001,132.9900912246194,-299.7818856380736,0.0,0.0,0.0,0.0,0.0,0.0,0.0,0.0,0.0,0.0,0.0,0.0,0.0,0.0,0.0,0.0,0.0,0.0,0.0,0.0,0.0,0.0,0.0,0.0,302.91823442945579,358.14171308551559,1949.014238033306,0.0,0.0,255.1154053231338,300.75827894856249,2069.637343849409,0.1149210167669386,0.021715989562913576,264.50309740817729,313.12608362338195,1500.8364918428918,0.061893237093304759,0.011695623033504297,143.3365230398223,169.83940449810803,735.9606027669935,0.0,0.0,9.209712322287384,10.980447581179505,13.718120935374659,0.0,0.0,95.3967394348491,112.11150419327172,941.7409166522564,0.0,0.0,226.11823370930527,267.85471899585147,1194.2915005506496,0.0,0.0,33.208401521250468,39.56223640709292,64.82207169501807,0.0,0.0,92.73946808745842,110.09125436683648,373.6088208906728,33.99994007937525,23.319574814386326,271.9811408454234,322.5117275681736,1448.4390954616134,0.0,0.0,117.27125628330487,138.32541019770953,911.6053150331824,0.0,19.75071804155227,41.44660653976273,22.0,30.0,0.0,20.60090081198521,39.22710028058394,16.0,30.0,0.0,19.366145141979655,42.567325142880147,22.0,30.0,0.0,19.094658917688347,43.39864044756085,16.0,30.0,0.0,17.25624292088729,49.2727423129989,12.0,30.0,0.0,21.478711603677917,37.77817758523308,16.0,30.0,0.0,19.15141727391827,43.591184116051589,10.0,30.0,0.0,17.486038609586517,48.534604921906517,12.0,30.0,0.0,18.522419927227607,45.4576914745261,12.0,30.0,0.0,18.90428283442819,0.0,0.0,0.0,20.396769105942039,0.0,0.0,490.5706049056479,489.0271127711864,492.39750843474607,495.0214166500577,519.1905864374353,513.301155090142,511.99635946546757,517.4582269274092,516.8434154460346,0.0,80.07036488763527,80.07036488763527,60.0,0.0,60.0,60.0,16.0,16.0,16.0,12.0,12.0,12.0,21.0,10.0,0.0,0.0,0.0,0.0,0.0,0.0,0.0,0.0,0.0,0.0,0.0,0.0,0.0,80.07036488763527,80.07036488763527,0.0,0.0,0.0,80.07036488763527,0.0,0.0,0.0011366666666666665 
 03/29  14:10:00,16.546666666666668,45.833333333333339,6.671666666666667,108.0,768.0,0.0,0.0,0.0,0.0,0.0,0.0,0.0,0.0,0.0,0.0,1558.0,0.0,2424.2258572175949,72.59085334570534,186.01389597515786,72.68970944513467,1934.7540123604734,0.0,72.59085334570531,99.23719998126772,0.0,0.0,19.263120930990504,287.4937612323056,22.23838471821682,-962.3388941244484,18.909875182183109,212.20569466073085,19.080503799405528,70.16130934639523,17.03442867297842,40.99338125817155,22.453987492517869,-453.89675359890318,18.37784704432723,277.5484401670992,17.072469539723195,194.62841651242867,18.186058433876587,286.5432437135046,145.3050716893049,-298.36443275182367,0.0,0.0,0.0,0.0,0.0,0.0,0.0,0.0,0.0,0.0,0.0,0.0,0.0,0.0,0.0,0.0,0.0,0.0,0.0,0.0,0.0,0.0,0.0,0.0,305.0075840295705,361.23320312779648,2078.615195281268,0.0,0.0,294.53760801971375,348.1348101053875,2379.478936682202,0.06884441618391987,0.013009148938760374,236.50807768698179,280.57533836794758,1339.3967493974186,0.06523224098186267,0.01232657614925598,167.24971124423349,198.63982547148096,873.8759122926056,0.0,0.0,9.003009905472223,10.756930808421899,14.356564477864854,0.0,0.0,95.96742004955505,113.01334900110129,964.1063218789475,0.0,0.0,227.46638553092667,270.0315405441929,1227.1418582719214,0.0,0.0,33.29714158610695,39.75402329263976,68.30192360765006,0.0,0.0,96.18646480873426,114.42804440505165,401.1670186411152,33.988929126136827,23.312022720258459,276.74539648749058,328.85294663019217,1521.2953163232995,0.0,0.0,121.04063063801542,143.06771603263196,962.0824335500265,0.0,19.950885937508674,40.80326943226794,22.0,30.0,0.0,20.596136732100235,39.103729258653007,16.0,30.0,0.0,19.36521614744754,42.43086410961163,22.0,30.0,0.0,19.148620917505924,43.11978746254995,16.0,30.0,0.0,17.31511394825909,49.04012624026571,12.0,30.0,0.0,21.576707086822343,37.479922673512998,16.0,30.0,0.0,19.216051804762878,43.34009167960721,10.0,30.0,0.0,17.542365350995426,48.3022106879713,12.0,30.0,0.0,18.60146538018878,45.16813279567991,12.0,30.0,0.0,18.992723905379074,0.0,0.0,0.0,20.494061772894704,0.0,0.0,489.05761060693217,486.761832023896,490.9699781727122,492.80930831467216,517.2174461209388,510.473714544249,509.7164950649235,515.1021479104064,514.2045930162517,0.0,80.07036488763527,80.07036488763527,60.0,0.0,60.0,60.0,16.0,16.0,16.0,12.0,12.0,12.0,21.0,10.0,0.0,0.0,0.0,0.0,0.0,0.0,0.0,0.0,0.0,0.0,0.0,0.0,0.0,80.07036488763527,80.07036488763527,0.0,0.0,0.0,80.07036488763527,0.0,0.0,0.00113 
 03/29  14:20:00,16.553333333333336,45.66666666666667,6.653333333333334,108.0,758.0,0.0,0.0,0.0,0.0,0.0,0.0,0.0,0.0,0.0,0.0,779.0,0.0,2404.745780095363,71.79714519916864,183.97994786647747,72.10559266388036,1919.20699458707,0.0,71.7971451991686,98.15214077016417,0.0,0.0,19.35601223811978,282.59698421345458,22.309809576124235,-994.8756240462153,18.951785163886734,214.37308751100682,19.12562029299857,68.58473090901862,17.11715053325937,40.80122488329556,22.58743993911689,-466.0950367058799,18.45700546197788,268.70932547182749,17.136080895093998,194.57256612076868,18.2727686099767,279.9952926069882,138.9436720369995,-300.8161330274261,0.0,0.0,0.0,0.0,0.0,0.0,0.0,0.0,0.0,0.0,0.0,0.0,0.0,0.0,0.0,0.0,0.0,0.0,0.0,0.0,0.0,0.0,0.0,0.0,288.2077836691013,340.3477495697809,2036.7800885045065,0.0,0.0,296.2758518517226,349.21773434765029,2420.8275960945,0.06834113343179772,0.012914046377890731,239.9487802541793,283.99147945681599,1382.432098164449,0.0692280800745962,0.013081647784315228,171.7221893653174,203.3857577837552,916.1620862942368,0.0,0.0,9.01843279269451,10.746049625716005,15.918955386154896,0.0,0.0,96.13372874594282,112.88018925807109,990.8965037867007,0.0,0.0,228.21936377763493,270.18090842306517,1270.4129261470856,0.0,0.0,33.547823793147717,39.94451426722307,74.04429282119833,0.0,0.0,96.79200768425562,114.82055276411958,423.43454749342336,33.93712858292551,23.276494226972237,260.20167203310737,308.4303906136539,1440.6943548733137,0.0,0.0,121.84253266379894,143.62029730674164,987.0785827942416,0.0,20.084618632148204,40.34270158864368,22.0,30.0,0.0,20.64449577387428,38.86537193298526,16.0,30.0,0.0,19.424269825761347,42.12698324323561,22.0,30.0,0.0,19.209358799194619,42.81553451415474,16.0,30.0,0.0,17.406626256620819,48.664474740386619,12.0,30.0,0.0,21.71565020744352,37.074986155432998,16.0,30.0,0.0,19.30856173728207,43.00737340135491,10.0,30.0,0.0,17.626477652053027,47.95369128272579,12.0,30.0,0.0,18.709531127211326,44.77837936470756,12.0,30.0,0.0,19.0004972873129,0.0,0.0,0.0,20.577115676986549,0.0,0.0,486.74298785976887,484.37221703237216,489.0588844956912,491.20345442639589,513.9072987376055,507.3710469344563,507.3451694241368,511.9555607390446,511.26598400953795,0.0,80.07036488763527,80.07036488763527,60.0,0.0,60.0,60.0,16.0,16.0,16.0,12.0,12.0,12.0,21.0,10.0,0.0,0.0,0.0,0.0,0.0,0.0,0.0,0.0,0.0,0.0,0.0,0.0,0.0,80.07036488763527,80.07036488763527,0.0,0.0,0.0,80.07036488763527,0.0,0.0,0.0011266666666666667 
 03/29  14:30:00,16.56,45.5,6.635,108.0,748.0,0.0,0.0,0.0,0.0,0.0,0.0,0.0,0.0,0.0,0.0,779.0,0.0,2400.7688107133938,67.79996254548412,173.7372732671168,71.98632792896284,1916.0328299548253,0.0,67.79996254548408,92.68768903715788,0.0,0.0,19.332666018042749,220.00622508391099,22.41342019794068,-933.4204763930866,19.016483659622069,262.33269089229909,19.153878334200177,63.13840129327946,17.19275551631719,41.340843647388059,22.701467112357507,-478.73907637074128,18.541158125699494,279.889013294247,17.188378726189599,197.4110944070203,18.33662577946479,271.35726508280188,140.18094190726334,-297.6758189932616,0.0,0.0,0.0,0.0,0.0,0.0,0.0,0.0,0.0,0.0,0.0,0.0,0.0,0.0,0.0,0.0,0.0,0.0,0.0,0.0,0.0,0.0,0.0,0.0,301.8594954199389,356.5873873773661,2066.3797624182686,0.0,0.0,265.15483459096409,312.4024085691904,2224.071311372508,0.1715592083072716,0.032418595674087617,264.6087229578893,313.0532019948257,1577.5941370572403,0.07862402219738637,0.014857147051660308,164.59301708176793,194.91514057433239,886.5162954006158,0.0,0.0,9.217127896598065,10.979574663598302,17.539109292630017,0.0,0.0,96.872074790132,113.70472899156364,1015.8287790298061,0.0,0.0,228.41286630664113,270.30451059324926,1315.8074286418767,0.0,0.0,33.915192203456559,40.37182568077721,78.69656302526718,0.0,0.0,94.45361519733638,112.01727250264034,424.4445879665137,33.92940598151891,23.27119751818856,272.47456354452677,322.92476511320367,1520.409032671273,0.0,0.0,119.57999237590646,140.91183728152405,984.8308501217766,0.0,19.97943138552399,40.508458143477479,22.0,30.0,0.0,20.76178471566105,38.49235289123109,16.0,30.0,0.0,19.531184730794626,41.7696768042081,22.0,30.0,0.0,19.241670723665665,42.62792543211406,16.0,30.0,0.0,17.481836962668184,48.36058206727787,12.0,30.0,0.0,21.814278955116554,36.80776414299726,16.0,30.0,0.0,19.41318722545734,42.64950576646115,10.0,30.0,0.0,17.689627248213414,47.67854105009876,12.0,30.0,0.0,18.776059669950319,44.51734531406187,12.0,30.0,0.0,19.039564328576735,0.0,0.0,0.0,20.652425951496665,0.0,0.0,485.1076453588333,483.4257065016381,487.4069579876722,489.8144834490208,511.5941494176076,506.0463187005365,504.96541039208679,509.473526749272,508.9803221628923,0.0,80.07036488763527,80.07036488763527,60.0,0.0,60.0,60.0,16.0,16.0,16.0,12.0,12.0,12.0,21.0,10.0,0.0,0.0,0.0,0.0,0.0,0.0,0.0,0.0,0.0,0.0,0.0,0.0,0.0,80.07036488763527,80.07036488763527,0.0,0.0,0.0,80.07036488763527,0.0,0.0,0.0011233333333333332 
 03/29  14:40:00,16.566666666666664,45.333333333333339,6.616666666666667,108.66666666666666,725.0,0.0,0.0,0.0,0.0,0.0,0.0,0.0,0.0,0.0,0.0,779.0,0.0,2340.4401935162456,66.72080450750441,170.97182552059196,70.17738180980261,1867.8849651690399,0.0,66.72080450750437,91.21239818313845,0.0,0.0,19.467708356709055,296.09576086303425,22.421852581760868,-1033.3186281403178,19.01122752253444,195.05615143673277,19.199514402975596,86.52715479915242,17.26348652761304,40.76013276857066,22.79345749612132,-476.81575523437507,18.59608789872336,270.1169724769916,17.238232303146416,197.6234945400936,18.407644559678717,283.6808832195102,152.10960574418824,-296.0050802925689,0.0,0.0,0.0,0.0,0.0,0.0,0.0,0.0,0.0,0.0,0.0,0.0,0.0,0.0,0.0,0.0,0.0,0.0,0.0,0.0,0.0,0.0,0.0,0.0,299.3916451492079,353.382900743569,2182.063212292186,0.0,0.0,308.92180487753179,364.01568138074199,2558.0674859697958,0.040169353278316059,0.007590580740422538,224.69274754451346,265.8590368277519,1317.7038776730954,0.07351584983687352,0.013891883944987435,184.93110635761557,218.94362580481988,1017.7661758606882,0.0,0.0,8.935539942453707,10.641235490000224,18.123154863942955,0.0,0.0,97.25370473637398,114.11269255042387,1036.357905109919,0.0,0.0,228.70513547748684,270.5976309187002,1335.2172856457267,0.0,0.0,33.742433269160148,40.156850936825808,81.67793363515573,0.0,0.0,97.79710442171016,115.94578627160276,454.0427099234256,33.86898183855248,23.22975434742969,272.97895263518788,323.41770508696166,1571.430357495696,0.0,0.0,123.058900515134,144.9768217480245,1026.3733033905444,0.0,20.210570480515047,39.847217731911808,22.0,30.0,0.0,20.71426140422026,38.52722295572325,16.0,30.0,0.0,19.490319712709593,41.779124345423458,22.0,30.0,0.0,19.307833673624267,42.368009622984938,16.0,30.0,0.0,17.550921888193757,48.07677499751396,12.0,30.0,0.0,21.908437049814887,36.524196560057649,16.0,30.0,0.0,19.459138719569567,42.47306961179559,10.0,30.0,0.0,17.74631461229987,47.44493847437462,12.0,30.0,0.0,18.857692096140029,44.22934589413652,12.0,30.0,0.0,19.126417591010399,0.0,0.0,0.0,20.712663658166,0.0,0.0,484.13695622988998,482.5805040637525,485.82678168002169,488.0036649270498,509.43141554490509,503.6602396140701,503.61001182396697,507.85576165530378,507.3014913139629,0.0,80.07036488763527,80.07036488763527,60.0,0.0,60.0,60.0,16.0,16.0,16.0,12.0,12.0,12.0,21.0,10.0,0.0,0.0,0.0,0.0,0.0,0.0,0.0,0.0,0.0,0.0,0.0,0.0,0.0,80.07036488763527,80.07036488763527,0.0,0.0,0.0,80.07036488763527,0.0,0.0,0.00112 
 03/29  14:50:00,16.57333333333333,45.166666666666667,6.598333333333333,109.33333333333334,702.0,0.0,0.0,0.0,0.0,0.0,0.0,0.0,0.0,0.0,0.0,779.0,0.0,2275.906643674357,65.6574328492253,168.2468300353936,68.24235307975548,1816.381191156098,0.0,65.65743284922528,89.75868850701024,0.0,0.0,19.401039809197088,196.8950748382431,22.519510415118896,-890.910549265911,19.092410320005894,285.47317695036147,19.218727679365608,58.33711549253621,17.332756708102289,41.68706462883847,22.86498532192831,-486.247886384725,18.681970931863569,283.952640562733,17.289832917504798,201.1778592423193,18.46762926258637,270.4900834085697,145.85628040399753,-289.22150035391226,0.0,0.0,0.0,0.0,0.0,0.0,0.0,0.0,0.0,0.0,0.0,0.0,0.0,0.0,0.0,0.0,0.0,0.0,0.0,0.0,0.0,0.0,0.0,0.0,310.76863242860596,367.04869081324235,2139.5175268361815,0.0,0.0,253.87150283419028,298.967898395706,2182.860541473941,0.22939743960375937,0.043347966667377068,273.677091792159,323.65211153278218,1679.04428419457,0.08295251740772447,0.015675078875231377,154.78910726083547,183.24804851989027,852.011281185134,0.0,0.0,9.262616453668576,11.027821284710923,19.905073873757297,0.0,0.0,97.65982791873907,114.55807501414832,1052.4505094578936,0.0,0.0,229.4594961226207,271.38158968896848,1385.7701802985776,0.0,0.0,34.354632421571569,40.875625627983669,86.82570287262328,0.0,0.0,94.58639683126212,112.11320541861277,448.74063314256378,33.85917742792482,23.223029785956674,281.59532478458228,333.60760864334409,1615.322212266014,0.0,0.0,120.00857514808517,141.35218371604177,1011.9151382042356,0.0,20.013073112261229,40.23928463452309,22.0,30.0,0.0,20.882863301198545,38.03649055232174,16.0,30.0,0.0,19.631692687014338,41.32120558581492,22.0,30.0,0.0,19.314753316278986,42.260408894125728,16.0,30.0,0.0,17.617768090584446,47.80064352714272,12.0,30.0,0.0,21.97727949516426,36.32668053535157,16.0,30.0,0.0,19.567462676295226,42.0987932766551,10.0,30.0,0.0,17.80625212595,47.185445155119328,12.0,30.0,0.0,18.915525833387947,43.99681976224436,12.0,30.0,0.0,19.132984248358498,0.0,0.0,0.0,20.766193155570716,0.0,0.0,483.0398042696262,481.15875106451878,484.74263342069465,486.65294129786869,507.3965636761974,502.43834950746278,501.3687851301738,505.6910414183936,505.23878938010969,0.0,80.07036488763527,80.07036488763527,60.0,0.0,60.0,60.0,16.0,16.0,16.0,12.0,12.0,12.0,21.0,10.0,0.0,0.0,0.0,0.0,0.0,0.0,0.0,0.0,0.0,0.0,0.0,0.0,0.0,80.07036488763527,80.07036488763527,0.0,0.0,0.0,80.07036488763527,0.0,0.0,0.0011 
 03/29  15:00:00,16.58,45.0,6.58,110.0,679.0,0.0,0.0,0.0,0.0,0.0,0.0,0.0,0.0,0.0,0.0,1558.0,0.0,2207.479209044164,64.61326470267339,165.57104362814733,66.19056843403382,1761.7697527293272,0.0,64.61326470267335,88.33123148732261,0.0,0.0,19.516722274074558,285.52582052667096,22.522720295321706,-979.2779099667996,19.098051186962925,229.22767113333158,19.255729927859166,90.40449741897192,17.391815759413214,41.63827157951354,22.923149060054216,-473.43542110141927,18.73328521612534,280.6156109073281,17.333027734936367,202.48488975364388,18.526921852736863,285.53993105206839,155.8894041870244,-279.9207031010442,0.0,0.0,0.0,0.0,0.0,0.0,0.0,0.0,0.0,0.0,0.0,0.0,0.0,0.0,0.0,0.0,0.0,0.0,0.0,0.0,0.0,0.0,0.0,0.0,308.0957259523183,364.50495902489618,2237.160580177132,0.0,0.0,294.6262429100543,347.8954398918005,2505.7251169552685,0.12413829470829181,0.02345772764706951,239.46856600334673,283.80018888391705,1455.9280470563513,0.08120458467446325,0.01534478168451686,178.1569506867819,211.40788356882104,995.8698391216326,0.0,0.0,8.988703771917742,10.724797178751996,20.041198519093045,0.0,0.0,97.63982263306886,114.78318685785021,1061.6909393341946,0.0,0.0,229.3747408072423,271.8834825294192,1399.581276577512,0.0,0.0,34.24568611783215,40.835759512841217,88.97380935867906,0.0,0.0,97.59923146265459,115.93875685297062,473.10835538087079,33.81908265284639,23.19552994022387,281.7654798491856,334.5174298273787,1657.3846678441365,0.0,0.0,123.17145521364128,145.40352129414704,1047.0087763396846,0.0,20.211432498611296,39.62606226547585,22.0,30.0,0.0,20.848039268516368,38.00613009893684,16.0,30.0,0.0,19.608802436024584,41.24395964207751,22.0,30.0,0.0,19.366274656102858,41.98747272181002,16.0,30.0,0.0,17.66475557436989,47.59297585868744,12.0,30.0,0.0,22.03604304228587,36.108728248421147,16.0,30.0,0.0,19.606873537980957,41.908872404663728,10.0,30.0,0.0,17.8486332830831,46.982167278267088,12.0,30.0,0.0,18.97531487797982,43.75010276656754,12.0,30.0,0.0,19.206200863744777,0.0,0.0,0.0,20.809606438736894,0.0,0.0,481.0625410618096,479.3293640440166,483.0407243102429,484.91342201088937,505.7530409326381,499.98338361678796,499.4178794135802,503.86075315911787,503.1755444843734,0.0,80.07036488763527,80.07036488763527,60.0,0.0,60.0,60.0,16.0,16.0,16.0,12.0,12.0,12.0,21.0,10.0,0.0,0.0,0.0,0.0,0.0,0.0,0.0,0.0,0.0,0.0,0.0,0.0,0.0,80.07036488763527,80.07036488763527,0.0,0.0,0.0,80.07036488763527,0.0,0.0,0.0010799999999999999 
 03/29  15:10:00,16.525,45.5,6.536666666666667,110.66666666666666,656.0,0.0,0.0,0.0,0.0,0.0,0.0,0.0,0.0,0.0,0.0,7020.0,0.0,2135.4461844088457,63.59129419803879,162.95213918415934,64.03067232703865,1704.2807357060779,0.0,63.59129419803876,86.93412032704471,0.0,0.0,20.44498550347599,-682.4193763165486,22.775631956383486,-132.10422909791124,20.297869759167527,-1163.365248694405,19.609643326828487,925.395083646739,17.45438488418784,48.517182591006918,22.977387156717357,-445.1849335754931,18.85421884595833,372.3407799683075,17.379812685660395,209.9926339797766,18.591054258398424,314.27572273876725,281.352521919466,-265.9029469217474,0.0,0.0,0.0,0.0,0.0,0.0,0.0,0.0,0.0,0.0,0.0,0.0,0.0,0.0,0.0,0.0,0.0,0.0,0.0,0.0,0.0,0.0,0.0,0.0,262.7538347150874,309.874428456901,2631.2165676921424,0.005393441976990845,0.0008231749049131326,158.52815598985587,187.25468915722187,1508.229006051969,0.0396721771455761,0.007496632113676515,398.4789540037808,470.08382144279639,3967.7917655451085,0.18121771318890057,0.03424370997522685,374.5743957893744,444.0066076514755,2669.2066886659197,0.0,0.0,10.23264228566308,12.227699628497968,25.08351438499647,0.0,0.0,93.94269254435345,110.61866881095837,1042.879824026448,0.0,0.0,248.8071742630052,295.2349670108264,1634.592553214754,0.0,0.0,35.487648508854537,42.383453208530898,99.6616161701562,0.0,0.0,106.0413660708966,126.14001773891592,540.3844437788498,34.696943599986159,23.797629355271718,482.19048002129997,571.8356269009157,3505.105726155574,0.0,0.0,132.41808802469118,156.55523542929672,1149.0731340667094,1601.7371281993342,21.540912754229596,36.356162226497939,21.888888888888883,29.999999999999994,0.0,21.344921640755869,36.80317937220272,15.999999999999997,29.999999999999994,2702.8652303729775,21.435552144247575,36.59100236284313,21.66666666666666,29.999999999999994,0.0,20.04512337911556,39.94765677528884,15.999999999999997,29.999999999999994,0.0,17.71975893714285,47.314733859158739,11.999999999999997,29.999999999999994,0.0,22.09966419692356,35.839342091495918,15.999999999999997,29.999999999999994,0.0,19.784797781383916,41.22500888206236,9.999999999999999,29.999999999999994,0.0,17.89837842771231,46.691481870683229,11.999999999999997,29.999999999999994,0.0,19.043665677552285,43.40468115707886,15.999999999999997,29.999999999999994,0.0,19.849630110096628,0.0,0.0,0.0,20.844813144947819,0.0,0.0,478.47657912749227,478.65569266770037,478.22921360666137,479.76243417837545,503.2423252999229,496.70878866387866,494.55206255360056,500.793502342911,499.60334262337156,9121.003199671884,81.30566035617852,84.47302043835674,59.999999999999989,0.0,59.999999999999989,59.999999999999989,16.0,16.0,16.0,16.0,12.0,12.0,21.0,10.0,1.0,0.0,1601.7371281993342,0.0,2702.8652303729775,0.0,0.0,0.0,0.0,0.0,4793.289835853794,2875973.901512276,3738387.22372906,81.30566035617852,84.526812727466,0.3108874389729043,0.6817505805407595,0.3202501102396973,84.526812727466,0.31490202839456668,3738387.22372906,0.1954561356339111 
 03/29  15:20:00,16.47,46.0,6.493333333333334,111.33333333333334,633.0,0.0,0.0,0.0,0.0,0.0,0.0,0.0,0.0,0.0,0.0,1562.0,0.0,2060.0655470743397,62.59400061834946,160.39647030725704,61.770400157441589,1644.120029838127,0.0,62.59400061834943,85.57074439404201,0.0,0.0,20.10296500694772,163.4617011215534,23.1585588976526,-778.0327410175677,20.356832524786897,-430.14111181046988,20.048735102351999,258.7970198384546,17.534201328168139,46.0493031464642,23.0590205052863,-429.3690401894115,18.97255577825326,265.1516034849856,17.441962549623456,205.90159280947109,18.688312057556709,309.86835870050808,326.2331646118656,-254.474456994994,0.0,0.0,0.0,0.0,0.0,0.0,0.0,0.0,0.0,0.0,0.0,0.0,0.0,0.0,0.0,0.0,0.0,0.0,0.0,0.0,0.0,0.0,0.0,0.0,345.1190857364528,406.805871338142,3137.9831974453497,0.0,0.0,257.5311244652178,302.60286932694347,2696.3572053086279,0.0,0.0,241.11854040951045,284.7885489412882,2206.1530865688716,0.09923122003083945,0.018751175364860058,230.06729453470917,272.11771098056848,1956.8062070126733,0.0,0.0,9.506571012611337,11.338980565895998,25.883188050518805,0.0,0.0,94.18687335121075,110.64087931097422,1077.8028206359596,0.0,0.0,245.4535215011834,290.63996583059949,1692.5939289202448,0.0,0.0,35.51771671791663,42.33119597745741,108.86937477254017,0.0,0.0,110.03240449321916,130.59883519538045,599.1788471564547,34.53674536097901,23.68775401987588,462.08905414371807,546.9537255423379,3543.677171902932,0.0,0.0,137.12352547937616,161.80654982971124,1214.684983799716,0.0,20.907087143921843,37.76806320293078,21.000000000000008,30.000000000000008,0.0,21.923214697370594,35.440639708906889,16.000000000000005,30.000000000000008,1370.5283983113519,21.42007889909644,36.570184350095,21.500000000000008,30.000000000000008,0.0,20.652285035047755,38.38425733302674,16.000000000000005,30.000000000000008,0.0,17.801765524235259,46.883177960614577,12.000000000000004,30.000000000000008,0.0,22.217299200086658,35.459382964566319,16.000000000000005,30.000000000000008,0.0,19.896187939985109,40.88563118122687,10.000000000000002,30.000000000000008,0.0,17.971690865239716,46.28320030970537,12.000000000000004,30.000000000000008,0.0,19.165070319145977,42.91441105835043,16.000000000000005,30.000000000000008,0.0,20.049616707217078,0.0,0.0,0.0,20.88055050348227,0.0,0.0,478.22133524534226,477.0973588522651,477.2232765605484,478.66899376939537,499.2983787756498,493.66310263101789,493.4843452129461,496.9060166599958,496.1442877959642,10100.27491590536,81.32639481733881,84.74238929590662,60.000000000000017,0.0,60.000000000000017,60.000000000000017,16.0,16.0,16.0,16.0,12.0,12.0,21.0,10.0,1.0,0.0,0.0,0.0,1370.5283983113519,0.0,0.0,0.0,0.0,0.0,5169.797380520261,3101878.428312155,4017795.635750282,81.32639481733881,84.80040422247612,0.34232657935067536,0.7719941187563819,0.36028137401965967,84.80040422247612,0.35426478194388757,4017795.635750282,0.209998706392348 
 03/29  15:30:00,16.415,46.5,6.45,112.0,610.0,0.0,0.0,0.0,0.0,0.0,0.0,0.0,0.0,0.0,0.0,2343.0,0.0,1981.5543131106302,61.62322809400547,157.90876304217049,59.41625912044582,1581.4608341433053,0.0,61.62322809400544,84.24362475438365,0.0,0.0,20.722005403357728,-504.85623588202039,23.082657236947499,-454.5320961719738,20.434702946493635,-311.36409771209329,20.051767314688076,274.00180019352339,17.59997132527814,47.46034667674102,23.109202327868677,-445.3756798482582,19.0317024222145,341.3029764264258,17.49232750009905,209.80618647583089,18.75351805809041,284.7438841900444,365.3181459735496,-240.03931236488905,0.0,0.0,0.0,0.0,0.0,0.0,0.0,0.0,0.0,0.0,0.0,0.0,0.0,0.0,0.0,0.0,0.0,0.0,0.0,0.0,0.0,0.0,0.0,0.0,342.02643048242586,402.828971285355,3589.9298840623325,0.0,0.0,178.36105132503634,210.37752772045415,1867.4235181044083,0.17854389416164904,0.03373845316735621,302.60545510939957,356.8596781094013,3001.774287944133,0.11945872609380977,0.022573455422110673,245.5352250148066,290.3442987172138,2048.8738684822844,0.0,0.0,10.04150878583693,11.979295654612712,29.60824186350829,0.0,0.0,94.9210904743444,111.56423634671921,1108.3113404462372,0.0,0.0,246.0294708057624,291.42982315090986,1755.9781789509416,0.0,0.0,36.27237095832901,43.25082385147955,118.8235909313278,0.0,0.0,104.09062473426204,123.61515118064487,590.358493743173,34.55856337876017,23.702718366776524,407.2890366490857,482.31143996512858,3434.181419960216,0.0,0.0,131.26337192109404,154.99230060451178,1183.7605961305577,1086.7972954968469,21.751581206985997,35.72584934741675,21.666666666666658,29.99999999999999,0.0,21.7899245863237,35.639487868370327,15.999999999999993,29.99999999999999,787.8447223451681,21.389014460726949,36.58139796384678,21.333333333333326,29.99999999999999,0.0,20.59085885072013,38.43688452728443,15.999999999999993,29.99999999999999,0.0,17.857509640237784,46.60367556834216,11.999999999999995,29.99999999999999,0.0,22.282599303328245,35.23843915007263,15.999999999999993,29.99999999999999,0.0,19.962616509165924,40.56930707137277,9.999999999999997,29.99999999999999,0.0,18.021352306066917,46.01040277022111,11.999999999999995,29.99999999999999,0.0,19.224288421448678,42.641927620445759,15.999999999999993,29.99999999999999,0.0,20.252451302068015,0.0,0.0,0.0,20.907465952470749,0.0,0.0,475.26119761693936,475.31811671681018,476.3462963122163,477.0173540275011,496.98754904875087,491.7290588947037,490.28935598362758,494.45390665282715,493.8112865936433,8233.706174592191,82.56044253120195,84.91924836124389,59.99999999999998,0.0,59.99999999999998,59.99999999999998,16.0,16.0,16.0,16.0,12.0,12.0,21.0,10.0,1.0,0.0,1086.7972954968469,0.0,787.8447223451681,0.0,0.0,0.0,0.0,0.0,3569.711615723831,2141826.9694342997,2784379.6264836459,82.56044253120195,84.95930871493596,0.345657053857461,0.768076059201139,0.36028137401965945,84.95930871493596,0.35426478194388735,2784379.6264836459,0.14587440724381629 
 03/29  15:40:00,16.36,47.0,6.406666666666666,109.83333333333334,578.8333333333334,0.0,0.0,0.0,0.0,0.0,0.0,0.0,0.0,0.0,0.0,2343.0,0.0,1872.797891414934,59.41458560199443,152.2490423960225,56.15522601933445,1494.6632238849609,0.0,59.414585601994399,81.22424302011737,0.0,0.0,20.77685425480248,-250.27345743197803,23.265104246640214,-594.4566357918467,20.435150525566738,-0.9620993724453513,20.1478889900744,364.4086373326736,17.66850997182253,49.8021942971893,23.14007780982466,-410.2610169978775,19.162980944324688,317.6553862635278,17.551411216599325,214.04219019990632,18.822951954625006,310.22419403171036,398.9493521763283,-213.89688087685114,0.0,0.0,0.0,0.0,0.0,0.0,0.0,0.0,0.0,0.0,0.0,0.0,0.0,0.0,0.0,0.0,0.0,0.0,0.0,0.0,0.0,0.0,0.0,0.0,373.10225703719245,439.37003294252829,4043.2760469310558,0.0,0.0,181.89790864118928,214.10571044214425,2058.0035156377718,0.3188214563861833,0.06024592902233252,331.57951648741769,391.326895837497,3207.875088348792,0.13502239177772225,0.02551443533214707,250.427388229505,295.94183754011126,2180.700178998312,0.0,0.0,10.147832967716367,12.103311137618923,32.33787240107289,0.0,0.0,92.63932269447327,108.85234496943605,1103.4158525472699,0.0,0.0,255.05666802761639,301.94649841394979,1927.2292125227382,0.0,0.0,37.3735841320969,44.55179672157281,131.46822953383757,0.0,0.0,112.72235434919739,133.8193550666299,668.8762255934,34.683694401447208,23.788542113475466,418.490275607703,495.21241645702426,3791.3776349311476,0.0,0.0,141.10976527989338,166.58714502641505,1297.1636155094912,496.2372996783239,21.796592696071199,35.51577450137401,21.666666666666676,30.00000000000001,0.0,22.095421056797706,34.85106805102369,16.000000000000008,30.00000000000001,0.0,21.21410329155016,36.8437664979769,21.000000000000008,30.00000000000001,0.0,20.721710429615784,37.94338591872336,16.000000000000008,30.00000000000001,0.0,17.921593928426625,46.24247665660149,12.000000000000006,30.00000000000001,0.0,22.347855807801765,34.9197886024512,19.000000000000008,30.00000000000001,0.0,20.120629887098056,39.97857916003743,10.000000000000004,30.00000000000001,0.0,18.087115080798868,45.606810400838458,16.000000000000008,30.00000000000001,0.0,19.300966363444524,42.220180072240847,16.000000000000008,30.00000000000001,0.0,20.4427493645438,0.0,0.0,0.0,20.9409581844187,0.0,0.0,472.5987982813523,471.97106697580446,473.6120482540334,472.9808147943003,493.61040245912769,487.3283737229826,486.11079540884398,490.3941649052448,489.335074435117,5497.125419168569,82.4000755507686,82.4000755507686,60.00000000000002,0.0,60.00000000000002,60.00000000000002,16.0,16.0,19.0,16.0,16.0,12.0,21.0,10.0,1.0,0.0,496.2372996783239,0.0,0.0,0.0,0.0,0.0,0.0,0.0,0.0,0.0,0.0,82.4000755507686,82.4000755507686,0.22666666666666675,0.514170848993457,0.24018758267977309,82.4000755507686,0.23617652129592504,0.0,0.0011000000000000003 
 03/29  15:50:00,16.305,47.5,6.363333333333334,107.66666666666666,547.6666666666666,0.0,0.0,0.0,0.0,0.0,0.0,0.0,0.0,0.0,0.0,1564.0,0.0,1762.6579899396778,57.24856287743743,146.69853898436404,52.852710953526848,1406.7614840827799,0.0,57.2485628774374,78.26312573916795,0.0,0.0,20.435542405552427,303.61982239426109,23.205742188638057,-904.628752345895,20.585032964770055,-142.6506063763145,20.14558458851045,221.56319566634648,17.73477147113153,47.38801239514959,23.1577768071932,-408.18837752693937,19.208596756804768,271.4239533701366,17.60931381338362,208.4294077143453,18.89619973059809,296.96823809421587,346.11492113390889,-204.08633896067478,0.0,0.0,0.0,0.0,0.0,0.0,0.0,0.0,0.0,0.0,0.0,0.0,0.0,0.0,0.0,0.0,0.0,0.0,0.0,0.0,0.0,0.0,0.0,0.0,314.72050548550876,370.8184377610132,3114.5957653964717,0.0,0.0,269.08373848714919,316.19465240952629,3012.0164561499766,0.2723088915220999,0.05145670663682918,230.4257427590617,271.3489412355603,2395.718955522618,0.12637058812122155,0.023879551799172617,232.41416036303759,274.49429871295447,2010.5938970816133,0.0,0.0,9.742199908447436,11.60946788981839,33.28304963472432,0.0,0.0,92.91757915363195,109.06433722932715,1125.891950467962,0.0,0.0,251.880865912011,297.9510670933073,1938.6294527298013,0.0,0.0,37.19389015713858,44.2952517252311,139.56175978983607,0.0,0.0,113.44467854190079,134.5346912497144,703.3875792856145,34.27611561158979,23.50899561837435,319.9127920078439,378.1050190883171,2803.9251921742127,0.0,0.0,141.75330894568214,167.2148565619499,1319.2187594978278,0.0,21.269694118249754,36.623067276673207,21.0,30.0,0.0,21.981957869650274,34.958373571931257,16.0,30.0,1026.0496499942,21.56363935987431,36.016186368893489,21.5,30.0,0.0,20.637471949676013,38.17998739720079,16.0,30.0,0.0,17.982089494607849,45.90246954978557,12.0,30.0,0.0,22.397521931239419,34.72464552717969,19.0,30.0,0.0,20.136599689894937,39.86721809554741,10.0,30.0,0.0,18.149793049367923,45.28734811788671,16.0,30.0,0.0,19.380264963122128,41.904681286816529,16.0,30.0,0.0,20.257081075151676,0.0,0.0,0.0,20.943146381239175,0.0,0.0,471.2310718365293,468.28357870826826,471.92009752488499,473.82614637926567,490.4533385600362,485.1156078414819,484.58452801742046,487.7572172332557,487.1630839282609,8671.516294187895,82.27120619122755,82.27120619122755,60.0,0.0,60.0,60.0,16.0,16.0,19.0,16.0,16.0,12.0,21.0,10.0,1.0,0.0,0.0,0.0,1026.0496499942,0.0,0.0,0.0,0.0,0.0,0.0,0.0,0.0,82.27120619122755,82.27120619122755,0.34,0.7714003700704576,0.36028137401965956,82.27120619122755,0.3542647819438875,0.0,0.0011066666666666669 
 03/29  16:00:00,16.25,48.0,6.32,105.5,516.5,0.0,0.0,0.0,0.0,0.0,0.0,0.0,0.0,0.0,0.0,2346.0,0.0,1626.3835569146525,52.22654838369394,133.82972441421499,48.76656675755776,1298.0020758319609,0.0,52.22654838369391,71.3976511834272,0.0,0.0,20.45337587049876,244.2320225174828,23.05497004974723,-722.0506953052002,20.310368584781437,-272.7759004469692,20.20248846650135,288.49618873141716,17.78811903367612,45.77186685340225,23.13683863276929,-419.10637629784187,19.229434603906296,283.0891884900868,17.648632253322569,200.42092728660578,18.941573839791336,265.85068350459997,363.2049086778263,-192.50587830400415,0.0,0.0,0.0,0.0,0.0,0.0,0.0,0.0,0.0,0.0,0.0,0.0,0.0,0.0,0.0,0.0,0.0,0.0,0.0,0.0,0.0,0.0,0.0,0.0,266.9479100819328,314.84489924673229,2672.0172218044615,0.0,0.0,250.10625687658095,294.3967928792332,2760.243259527505,0.07233104778394811,0.013667998447458085,258.7711772591819,305.4871126066958,2523.923798214019,0.11234004721205215,0.021228278006812586,249.85157480510157,295.32259342202726,2229.969643254203,0.0,0.0,9.636597924207829,11.489214531213204,34.756611528239478,0.0,0.0,93.97458510119034,110.38374735800982,1149.4866860909497,0.0,0.0,242.46171464295277,287.01740994455977,1885.6290109782654,0.0,0.0,36.17379245276976,43.10502413406451,141.87614504113103,0.0,0.0,105.60247022393665,125.31299879777152,672.7018180224933,34.076298534126298,23.371946868399406,375.1626717195236,444.0629574738835,3387.900973721371,0.0,0.0,132.80620656391367,156.77826158000847,1247.8131562769314,0.0,21.272031963971835,36.565855800950718,21.000000000000015,30.00000000000002,0.0,21.807705532194619,35.34061130613636,16.000000000000015,30.00000000000002,59.816650590818948,21.108871371189335,36.92471755155091,21.000000000000015,30.00000000000002,0.0,20.717706998941908,37.870020893007389,16.000000000000015,30.00000000000002,0.0,18.021864194261775,45.67217354094201,12.00000000000001,30.00000000000002,0.0,22.401860854032674,34.634129333427228,19.000000000000015,30.00000000000002,0.0,20.12335260815683,39.79100670964816,10.000000000000007,30.00000000000002,0.0,18.17967615252033,45.094553528102029,16.000000000000015,30.00000000000002,0.0,19.411007036121008,41.725692095858857,16.000000000000015,30.00000000000002,0.0,20.364702828114866,0.0,0.0,0.0,20.933688163040285,0.0,0.0,469.55333762218438,468.0245889545459,469.21488671242579,470.56262489951248,488.2508049628694,483.05321592582336,482.1596921676486,485.7230794909947,485.139362629989,2907.9230951930896,82.36789993166265,82.36789993166265,60.00000000000004,0.0,60.00000000000004,60.00000000000004,16.0,16.0,19.0,16.0,16.0,12.0,21.0,10.0,1.0,0.0,0.0,0.0,59.816650590818948,0.0,0.0,0.0,0.0,0.0,0.0,0.0,0.0,82.36789993166265,82.36789993166265,0.11333333333333343,0.2057545460523844,0.12009379133988661,82.36789993166265,0.11808826064796259,0.0,0.0011133333333333336 
 03/29  16:10:00,16.080000000000003,48.33333333333333,6.211666666666668,103.33333333333334,485.33333333333339,0.0,0.0,0.0,2.0,0.0,0.0,0.0,0.0,0.0,4.0,3132.0,0.0,1519.3685895240088,50.038523988889377,128.2228577527422,45.55775336025663,1212.5943348385534,0.0,50.03852398888935,68.40645595119814,0.0,0.0,20.411079489739405,257.9149700704197,23.019426528756854,-650.6837303563589,20.926423823667816,-917.6248613093055,20.339092334165234,533.4513552470785,17.83253801789862,33.10432784807884,23.32771316866955,-50.3403653546478,19.050567988074648,41.482454854457959,17.67736972489307,181.38177755890184,18.951088123973898,171.26604134645039,419.8695277851202,-170.0488716076859,0.0,0.0,0.0,0.0,0.0,0.0,0.0,0.0,0.0,0.0,0.0,0.0,0.0,0.0,0.0,0.0,0.0,0.0,0.0,0.0,0.0,0.0,0.19256863628045715,0.05878163500624456,255.05446923371444,300.9564079948252,2587.4104768880395,0.0,0.0,245.6926501049643,289.28610625612097,2800.874845283455,0.07692586740735404,0.014536256123838637,309.07760979347776,363.65387524580339,3611.635287667627,0.10482318469976781,0.019807858030946296,307.153506586311,362.6373759667421,2993.956058718845,0.0,0.0,7.252028715460855,8.649252505643421,28.99106327323051,0.0,0.0,12.348239264135268,14.485840011420166,164.77401963915475,0.0,0.0,130.1170516173255,154.36001829189724,954.1038296192141,0.0,0.0,33.07355428977498,39.43123581904912,141.81523655170327,0.0,0.0,75.79263607712946,90.03716396991448,505.02243317417278,33.80214445774061,23.183912522455846,510.1505945105229,603.1558074350364,4861.054998463662,0.0,0.0,100.34355975594653,118.56893917686144,974.0424217205765,0.0,21.172088787040577,36.76020871935864,21.0,30.0,0.0,21.81879845821412,35.346261172284588,16.0,30.0,739.9956076108672,21.98367077902379,35.58930826716629,21.5,30.0,0.0,20.943480370700187,37.70402434404647,16.0,30.0,0.0,18.046538102125078,45.50162382336497,12.0,30.0,0.0,22.796431762341045,35.39533229977988,19.0,30.0,0.0,19.705776441775119,40.678661629154017,10.0,30.0,0.0,18.19161539579457,44.95853779038324,16.0,30.0,0.0,19.379032742144337,41.711096520743129,16.0,30.0,0.0,20.564610281145649,0.0,0.0,0.0,20.922816787178705,0.0,0.0,468.7813717480226,471.1415306233466,507.3248004780633,493.17359088685387,486.3697590691745,573.3316166329636,478.6317818668171,483.8498050963236,483.1310044286789,4407.9489288688,83.26912370214012,84.95667040092966,1744.0,0.0,1744.0,1744.0,16.0,16.0,19.0,16.0,16.0,12.0,21.0,10.0,1.0,0.0,0.0,0.0,739.9956076108672,0.0,0.0,0.0,0.0,0.0,2553.979001183518,1532387.4007101109,1985090.5885074193,83.26912370214012,84.98533054614568,0.17013263337278396,0.3833601957806704,0.18014068700982978,84.98533054614568,0.17713239097194376,1985090.5885074193,0.13577937726905246 
 03/29  16:20:00,15.91,48.666666666666667,6.1033333333333339,101.16666666666666,454.16666666666665,0.0,0.0,0.0,2.0,0.0,0.0,0.0,0.0,0.0,4.0,1566.0,0.0,1413.116550222867,47.89637956766836,122.73356419202824,42.371817167478088,1127.795491438458,0.0,47.89637956766833,65.4779821212367,0.0,0.0,20.423821386353724,272.5473484568065,22.99459609511117,-635.6227484842439,20.94490033495024,-730.2389433527305,20.53125752422668,366.40978419469595,17.86938100780153,28.883217350699966,23.62495176197047,-67.20004360586018,18.884895577161335,116.40779007286779,17.68814066609088,168.0513121173035,18.891466365813686,100.90085253813754,435.4399463274767,-139.35728438998764,0.0,0.0,0.0,0.0,0.0,0.0,0.0,0.0,0.0,0.0,0.0,0.0,0.0,0.0,0.0,0.0,0.0,0.0,0.0,0.0,0.0,0.0,0.2953091626577912,0.09014321204450282,268.4377392102666,316.41193311771328,2812.909138397352,0.0,0.0,256.17578145751238,301.2594612517123,3021.721793708095,0.0,0.0,288.2804356403468,339.12529919644137,3394.5602265915856,0.07484513754404157,0.014143072098269379,283.7512832996983,334.52069725333117,2993.7987119305155,0.0,0.0,7.139674555040102,8.504788899915678,31.187463886736773,0.0,0.0,13.242087049368035,15.48066903872505,194.4548197431534,0.0,0.0,103.00477746324285,122.176975769312,724.8704398664248,0.0,0.0,30.580591289670566,36.416522782529018,140.48737233965736,0.0,0.0,50.33205102986976,59.748322309509969,338.34345638701526,33.476124347077767,22.960304764799575,503.22585367954937,594.2803615485209,5092.437443564727,0.0,0.0,72.48849075188622,85.54653751416424,727.9343858109494,0.0,21.16678579638904,36.859330719933769,21.0,30.0,0.0,21.8478897980603,35.372142240408447,16.0,30.0,0.0,21.847873981818198,36.0824540427288,21.0,30.0,0.0,21.20254330247495,37.34773141659285,16.0,30.0,0.0,18.060474619657727,45.364491292932068,12.0,30.0,0.0,23.3173849289145,36.442675652965977,19.0,30.0,0.0,19.399883727120544,41.37672798735047,10.0,30.0,0.0,18.17342017110965,44.95726703850242,16.0,30.0,0.0,19.23342634414776,42.02554748688517,16.0,30.0,0.0,20.679793220355564,0.0,0.0,0.0,20.92382761792154,0.0,0.0,474.8171597504312,477.6659767759556,516.7049172928238,506.9221259173345,484.83802790775499,691.8115276680221,477.6185212608386,484.10055343210879,482.4251203904412,0.0,84.3626584725006,84.3626584725006,1744.0,0.0,1744.0,1744.0,16.0,16.0,19.0,16.0,16.0,12.0,21.0,10.0,1.0,0.0,0.0,0.0,0.0,0.0,0.0,0.0,0.0,0.0,0.0,0.0,0.0,84.3626584725006,84.3626584725006,0.0,0.0,0.0,84.3626584725006,0.0,0.0,0.03294222222222222 
 03/29  16:30:00,15.74,49.0,5.995,99.0,423.0,0.0,0.0,0.0,2.0,0.0,0.0,0.0,0.0,0.0,4.0,783.0,0.0,1308.1170301724979,45.79870124738793,117.35822128509078,39.22343838886193,1043.9962837394447,0.0,45.79870124738791,62.61029682244755,0.0,0.0,20.455205825836143,270.6932781335545,22.9605410298336,-601.7602171699564,21.069276581012116,-730.3555100565172,20.572615703175769,351.38248460019715,17.90317401717013,26.223709424418418,23.810483697780354,-81.91963480178788,18.840475108688005,129.8953098930565,17.695869065833578,160.59223238800497,18.825529768482548,88.64714189476104,443.95116056891495,-123.83512599686765,0.0,0.0,0.0,0.0,0.0,0.0,0.0,0.0,0.0,0.0,0.0,0.0,0.0,0.0,0.0,0.0,0.0,0.0,0.0,0.0,0.0,0.0,0.3629445920295421,0.11078894750596524,274.56669825071688,322.8661835805949,2982.8716914767589,0.0,0.0,261.27370885278449,306.5239461588702,3180.9951672301788,0.0,0.0,284.0781450626267,333.09786772651088,3516.4068724159449,0.07314656688719684,0.013822102586393957,278.7372449986614,327.6593377899935,3046.508823666016,0.0,0.0,7.089571677194426,8.424982979872457,33.600547718836669,0.0,0.0,14.197878288193488,16.529785043912168,222.72926404050438,0.0,0.0,94.06567209066391,111.32311914369514,674.6670493928859,0.0,0.0,28.470390177932456,33.82317802456877,139.38904116758807,0.0,0.0,42.639193313550737,50.495657191812508,287.9305411560368,33.126973410667478,22.72083224325616,504.4273347202678,594.0754472214522,5337.326485401153,0.0,0.0,63.28291934932885,74.47707695731637,653.7570760479385,0.0,21.18737414657304,36.89964590837245,21.0,30.0,0.0,21.86733729258062,35.428928702339529,16.0,30.0,0.0,21.97176807273911,35.905160822049037,21.0,30.0,0.0,21.22673957106044,37.618180737628808,16.0,30.0,0.0,18.07433347984251,45.2512962496071,12.0,30.0,0.0,23.664084713350137,37.14628184951046,19.0,30.0,0.0,19.298634911047455,41.63701272387601,10.0,30.0,0.0,18.152768301084046,45.15044429201669,16.0,30.0,0.0,19.08673064804079,42.43853414101329,16.0,30.0,0.0,20.72676817700287,0.0,0.0,0.0,20.889853862749847,0.0,0.0,481.00813774366716,485.26284467161499,523.9408602042465,524.133562883558,484.6555656858148,766.6566091151187,480.01015928988718,491.6755261449887,486.02588442396788,0.0,84.3626584725006,84.3626584725006,1744.0,0.0,1744.0,1744.0,16.0,16.0,19.0,16.0,16.0,12.0,21.0,10.0,1.0,0.0,0.0,0.0,0.0,0.0,0.0,0.0,0.0,0.0,0.0,0.0,0.0,84.3626584725006,84.3626584725006,0.0,0.0,0.0,84.3626584725006,0.0,0.0,0.03332977777777778 
 03/29  16:40:00,15.57,49.33333333333333,5.886666666666667,91.16666666666666,395.66666666666665,0.0,0.0,0.0,2.0,0.0,0.0,0.0,0.0,0.0,4.0,783.0,0.0,1197.1045636486547,41.9280360126112,107.43967507289412,35.894761053202589,955.398171794646,0.0,41.92803601261118,57.3188039929752,0.0,0.0,20.485462252191938,265.5508462850121,22.90431751971917,-585.7497122740897,21.156178559587454,-746.0157637591365,20.624842282978869,349.60195854906126,17.936322232538669,24.95243709294334,23.8907455623372,-90.01388340848541,18.834050499601525,129.58068910812563,17.704977718751846,151.44111701047235,18.812373069042957,110.27879822685236,450.58513769213098,-126.06726774591243,0.0,0.0,0.0,0.0,0.0,0.0,0.0,0.0,0.0,0.0,0.0,0.0,0.0,0.0,0.0,0.0,0.0,0.0,0.0,0.0,0.0,0.0,0.42674156824588385,0.13026299397005,274.3332146209041,322.57131511741837,3082.077196997233,0.0,0.0,260.2765818612359,305.3647638205211,3249.495447197102,0.0,0.0,280.3594266334976,328.66772727121676,3596.2760642947057,0.07348193090934911,0.013885474472666117,274.3768500113306,322.4821400990343,3119.7878252099355,0.0,0.0,7.079930108842438,8.413154130073869,36.17855309897772,0.0,0.0,14.782213805659163,17.1975023455596,241.32394487030326,0.0,0.0,98.68295774059493,116.79841950697667,735.3809271821581,0.0,0.0,27.3478041524015,32.49017502590156,142.3739244000889,0.0,0.0,48.2004149611776,57.08736655786669,338.345891362549,32.8122716540335,22.504987417032589,500.0543379066483,588.8429275638574,5502.754990029537,0.0,0.0,68.36035634636036,80.47352742564847,717.5061730251517,0.0,21.202376134658157,36.93286586782886,21.0,30.0,0.0,21.852992363558628,35.53130315694696,16.0,30.0,0.0,22.029168954424124,35.86473078077639,21.0,30.0,0.0,21.279106102648617,37.4458471122263,19.0,30.0,0.0,18.088647687633725,45.21059198441628,12.0,30.0,0.0,23.821196581362626,37.494286182290057,19.0,30.0,0.0,19.2678066703543,41.79241372066976,10.0,30.0,0.0,18.136785074426329,45.38713689507328,16.0,30.0,0.0,19.04934765852938,42.6783228171206,16.0,30.0,0.0,20.75676978497957,0.0,0.0,0.0,20.801126210413377,0.0,0.0,486.19588463642597,488.9720533764677,528.2046854277578,522.9397969610401,486.62479627344455,799.246722681572,484.53827679433888,501.3866599159975,493.90379509544456,0.0,84.3626584725006,84.3626584725006,1744.0,0.0,1744.0,1744.0,16.0,19.0,19.0,16.0,16.0,12.0,21.0,10.0,1.0,0.0,0.0,0.0,0.0,0.0,0.0,0.0,0.0,0.0,0.0,0.0,0.0,84.3626584725006,84.3626584725006,0.0,0.0,0.0,84.3626584725006,0.0,0.0,0.033717333333333338 
 03/29  16:50:00,15.4,49.66666666666667,5.778333333333334,83.33333333333334,368.33333333333339,0.0,0.0,0.0,2.0,0.0,0.0,0.0,0.0,0.0,4.0,783.0,0.0,1089.1021885420644,38.14014960995809,97.73325330708154,32.65634094546288,869.2023937244654,0.0,38.140149609958069,52.14047610287262,0.0,0.0,20.506519500596008,254.10303591075172,22.845198780242997,-551.9818406926934,21.232561371593876,-764.0389422642638,20.676834558314164,352.81877608869947,17.969236825311584,23.846787014713358,23.927543548647529,-94.82840508711218,18.839611302348023,128.89203282822474,17.71459559533548,145.12662249609026,18.807272594578323,109.48538133411967,457.30010569891967,-113.89073978899023,0.0,0.0,0.0,0.0,0.0,0.0,0.0,0.0,0.0,0.0,0.0,0.0,0.0,0.0,0.0,0.0,0.0,0.0,0.0,0.0,0.0,0.0,0.48635261146262967,0.14845928310825083,269.2517261764587,316.597874769043,3114.117511448941,0.0,0.0,254.35093401364606,298.4118560344235,3256.3104390154355,0.0,0.0,283.906973292793,332.76240140262407,3763.049906978438,0.0778006418672588,0.014701557420116927,277.0748615402434,325.58501669386859,3274.748317836766,0.0,0.0,7.075156357546805,8.407007969878873,38.79357224059778,0.0,0.0,15.072202449656013,17.52734030695231,253.675094552196,0.0,0.0,98.87358407788234,117.02545070851721,768.5874698875656,0.0,0.0,26.950394389183054,32.018141838348849,148.84072199265118,0.0,0.0,48.79233567475087,57.79149140128431,356.7137787990306,32.50168269666532,22.291963440785549,497.9672312011098,586.3340293904279,5686.039943124598,0.0,0.0,68.72473853048654,80.92164132331668,733.5401123019435,0.0,21.196820193010767,37.0202831781155,21.0,30.0,0.0,21.842635344895638,35.715525288177378,16.0,30.0,0.0,22.075331650146788,35.91868797444541,21.0,30.0,0.0,21.335462728878466,37.40654671136188,19.0,30.0,0.0,18.104214923504324,45.20412889085792,12.0,30.0,0.0,23.90960825774877,37.753113008959527,19.0,30.0,0.0,19.258094035939565,41.934186788027378,10.0,30.0,0.0,18.124093600114226,45.639895266093237,16.0,30.0,0.0,19.024269701854235,42.915557204525729,16.0,30.0,0.0,20.783979103751549,0.0,0.0,0.0,20.718689720177215,0.0,0.0,490.02017646339808,499.23788925486539,537.9939296932671,527.3056572086625,489.818388972783,819.1208744323296,491.44359386755277,511.0940100743513,502.3356176222739,0.0,84.3626584725006,84.3626584725006,1744.0,0.0,1744.0,1744.0,16.0,19.0,19.0,16.0,16.0,12.0,21.0,10.0,1.0,0.0,0.0,0.0,0.0,0.0,0.0,0.0,0.0,0.0,0.0,0.0,0.0,84.3626584725006,84.3626584725006,0.0,0.0,0.0,84.3626584725006,0.0,0.0,0.03429866666666667 
 03/29  17:00:00,15.23,50.0,5.67,75.5,341.0,0.0,0.0,0.0,2.0,0.0,0.0,0.0,0.0,0.0,4.0,783.0,0.0,982.5185752637333,34.33129779168921,87.97311756384022,29.4604629406523,784.1389276320642,0.0,34.331297791689198,46.93348690013547,0.0,0.0,20.532312051900186,248.78714483630575,22.776875967684249,-527.0312252106032,21.306741794717547,-774.9351417353064,20.723042641633826,350.414019417105,18.00213258026814,23.09925260393061,23.93084782393229,-97.00070378457429,18.84716224152699,124.21942598924716,17.72529018518139,139.84346149075896,18.8094850959261,112.14515077185729,463.5204634615984,-103.31556871201792,0.0,0.0,0.0,0.0,0.0,0.0,0.0,0.0,0.0,0.0,0.0,0.0,0.0,0.0,0.0,0.0,0.0,0.0,0.0,0.0,0.0,0.0,0.5495452304485221,0.16774884934326074,270.1102091396193,317.5909081286207,3218.760081312363,0.0,0.0,254.43068884137987,298.529294184943,3332.331808907375,0.0,0.0,283.56152821075178,332.3029444544004,3881.373526110877,0.07823060035375684,0.014782804299651705,275.65501939880718,323.852663710527,3376.722881768236,0.0,0.0,7.035731346789636,8.359578728549037,41.22057688958837,0.0,0.0,15.235578812239059,17.713289817028543,262.7061007218505,0.0,0.0,100.137859833849,118.52218782440102,810.8152058111623,0.0,0.0,26.70062166103612,31.721032040383507,156.11512777402442,0.0,0.0,50.635846889279758,59.974804539935387,386.4175852328727,32.19857749253812,22.084072354278555,498.17085525288527,586.5224669256143,5887.605661242515,0.0,0.0,70.48792685695956,83.02205959501056,762.8791359843591,0.0,21.201328143787607,37.1732461430021,21.0,30.0,0.0,21.82052524078261,35.76391908735023,16.0,30.0,0.0,22.124842565728387,35.816189556791439,21.0,30.0,0.0,21.382836786091823,37.460093793719199,19.0,30.0,0.0,18.121114187233365,45.235972446116708,12.0,30.0,0.0,23.94958612304756,37.99062307169246,19.0,30.0,0.0,19.249413068138656,42.09796212821384,10.0,30.0,0.0,18.11509233613676,45.89306222909253,16.0,30.0,0.0,19.013889032864957,43.14243641565113,16.0,30.0,0.0,20.806026432877947,0.0,0.0,0.0,20.62168771562181,0.0,0.0,500.04693579098815,501.1859516999861,540.0566956212443,537.1251714604215,494.56572446935106,833.5952474477663,498.07475859137159,520.6453979898541,511.6131493586825,0.0,84.3626584725006,84.3626584725006,1744.0,0.0,1744.0,1744.0,16.0,19.0,19.0,16.0,16.0,12.0,21.0,10.0,1.0,0.0,0.0,0.0,0.0,0.0,0.0,0.0,0.0,0.0,0.0,0.0,0.0,84.3626584725006,84.3626584725006,0.0,0.0,0.0,84.3626584725006,0.0,0.0,0.03488000000000001 
 03/29  17:10:00,14.988333333333335,51.0,5.615,67.66666666666666,313.66666666666665,0.0,4.0,0.0,0.0,0.0,0.0,0.0,0.0,0.0,0.0,4698.0,0.0,878.8786559912958,30.555909502897835,78.29873929357295,26.352851377085274,701.424805517234,0.0,30.55590950289782,41.77224487922332,0.0,0.0,20.606372481829668,268.16629372827017,22.713990748835344,-515.500568876735,20.909784079828186,-230.136048867447,20.771300627347978,-21.06002537560822,18.042539165449008,40.77792283229055,23.530718263948488,-779.2089082536605,19.281651059892839,527.797278516851,17.75034670425711,160.26740045307288,18.874574052831578,284.19379251811025,404.3349934953571,-100.7972838382121,0.0,0.0,0.0,0.0,0.0,0.0,0.0,0.0,0.0,0.0,0.0,0.0,0.0,0.0,0.0,0.0,0.0,0.0,0.0,0.0,0.0,0.0,0.3445996401657937,0.10518914534975386,316.0755740997858,373.1731289823391,3977.982886113137,0.010079879514412624,0.0015384431493303763,209.62703652143015,246.89624639970416,2843.3331101928567,0.2370047286476317,0.04478547404528188,115.3479030552739,136.19604293622192,1529.3620208436603,0.051746458994588528,0.009778242440398433,12.374037795642599,14.604467647490182,157.19969854980818,0.0,0.0,10.617047503728859,12.664612239187918,68.00583750923006,0.0,0.0,118.25041845211018,138.58869592025043,1939.0582781353947,0.0,0.0,272.68362202677636,322.938905933477,2797.003562692854,0.0,0.0,33.582712542879708,40.04375958072501,214.1654648064023,0.0,0.0,118.79005073058684,141.1244984310536,993.8229999296093,32.515772343971558,22.301627122065548,275.7590145020429,326.4714011620794,3414.391647795251,0.0,0.0,145.11515176511728,171.58919038591504,1605.490181325821,0.0,21.301630969446089,37.09195203641271,20.999999999999998,30.0,0.0,21.81840910089568,35.73725061846804,15.999999999999999,30.0,0.0,21.507424519480318,36.7093363152174,20.999999999999998,30.0,0.0,21.34191448083311,40.686509960585599,18.999999999999998,30.0,0.0,18.154241559750209,45.65755490254123,11.999999999999997,30.0,0.0,23.243625571365468,35.17496474225507,15.999999999999999,30.0,0.0,20.093702389127015,42.06297788197956,9.999999999999999,30.0,0.0,18.137749627096903,46.444180686093748,15.999999999999999,30.0,0.0,19.129851462118375,43.83440150750705,15.999999999999999,30.0,0.0,20.520572601118837,0.0,0.0,0.0,20.503910481745725,0.0,0.0,511.0940999555664,502.9522526933964,515.5949231108656,713.0339726645598,515.0715728914213,611.0761661656154,586.5861639355782,544.6715203285525,552.6883248941012,0.0,84.36265847250059,84.36265847250059,161.99999999999998,0.0,161.99999999999998,161.99999999999998,16.0,19.0,16.0,16.0,16.0,12.0,21.0,10.0,1.0,0.0,0.0,0.0,0.0,0.0,0.0,0.0,0.0,0.0,0.0,0.0,0.0,84.36265847250059,84.36265847250059,0.0,0.0,0.0,84.36265847250059,0.0,0.0,0.003294 
 03/29  17:20:00,14.746666666666667,52.0,5.5600000000000009,59.83333333333333,286.3333333333333,0.0,4.0,0.0,0.0,0.0,0.0,0.0,0.0,0.0,0.0,1568.0,0.0,778.7340669915645,26.81706094273571,68.71800138767866,23.350046822314526,621.5002826508467,0.0,26.817060942735698,36.66095543759789,0.0,0.0,20.592545973213217,216.78487670422244,22.585978094452537,-538.9315208586105,20.59679425245536,-25.872470566856227,20.764664963052544,-30.893531216051437,18.098021632591789,41.20424775698088,23.083598347820243,-492.14267762504655,19.43150624495007,256.309992773593,17.797325122242158,163.6314954056915,19.00231927467318,259.10618703497456,387.26698878825678,-47.07504449333283,0.0,0.0,0.0,0.0,0.0,0.0,0.0,0.0,0.0,0.0,0.0,0.0,0.0,0.0,0.0,0.0,0.0,0.0,0.0,0.0,0.0,0.0,0.4082956108007192,0.1246323598292794,259.9536066284119,306.43510568552787,3354.4611295856468,0.0,0.0,222.19612673540434,261.4220623533522,3067.9385117407475,0.4802025383934141,0.09074122040691883,118.10439694061516,139.15669037932273,1478.3214868560804,0.02079191931070653,0.003928934110110832,13.213091344207385,15.521748857026335,171.99679792258048,0.0,0.0,9.918072059750515,11.808024566515784,69.563641110329,0.0,0.0,103.7116991045576,121.64285513375788,1616.1967284899607,0.0,0.0,271.68004111337975,321.14929291153808,3007.8668987989378,0.0,0.0,36.00811017886925,42.85954018827472,251.62005888483686,0.0,0.0,128.88459381207933,152.82427515015039,1191.1063128211475,32.73921519059184,22.454880103286599,226.698875236236,268.0204320800134,2890.6415958165009,0.0,0.0,157.7851131039747,186.37792189471475,1807.0667875048235,0.0,21.216515059505324,37.15989074734452,21.000000000000008,30.000000000000008,0.0,21.695372580613193,35.94566178917037,16.000000000000005,30.000000000000008,61.13840918622298,21.006285437096005,38.249585860857809,21.000000000000008,30.000000000000008,0.0,21.27996586125762,45.531809613914237,19.000000000000005,30.000000000000008,0.0,18.214520384699378,46.212490883840747,12.000000000000004,30.000000000000008,0.0,22.588343048463164,35.728917287838118,16.000000000000005,30.000000000000008,0.0,20.26938658319372,41.051541488380539,10.000000000000002,30.000000000000008,0.0,18.200608029092544,47.00447873587407,16.000000000000005,30.000000000000008,0.0,19.340284821397284,43.83778408753622,16.000000000000005,30.000000000000008,0.0,20.330770987122106,0.0,0.0,0.0,20.45272268141958,0.0,0.0,506.8473404817571,502.4721920308964,537.9436709788151,978.2813882848651,544.2307083170492,570.0624968780983,564.676774991049,573.8872874934885,576.891199707019,3196.727260935847,84.06988212982748,84.06988212982748,162.00000000000007,0.0,162.00000000000007,162.00000000000007,16.0,19.0,16.0,16.0,16.0,12.0,21.0,10.0,1.0,0.0,0.0,0.0,61.13840918622298,0.0,0.0,0.0,0.0,0.0,0.0,0.0,0.0,84.06988212982748,84.06988212982748,0.1700000000000001,0.30712598739842447,0.18014068700982986,84.06988212982748,0.17713239097194384,0.0,0.003312 
 03/29  17:30:00,14.504999999999999,53.0,5.505,52.0,259.0,0.0,4.0,0.0,0.0,0.0,0.0,0.0,0.0,0.0,0.0,3140.0,0.0,682.6906668644767,23.11787318569102,59.23890169114515,20.470215666598784,544.8488884875812,0.0,23.11787318569101,31.60388532070803,0.0,0.0,20.659717761286069,268.6703384464754,22.491465969251978,-387.6907365856928,21.070956761106886,-516.2464926144676,20.77405504437734,-22.226980843237656,18.14186976851036,38.330635701119039,22.85390585715419,-397.19550312676315,19.42353850796963,225.10038215258784,17.82706418352853,152.4196136797376,19.04880933059752,196.81971929413909,422.64727559091809,-21.161387209838723,0.0,0.0,0.0,0.0,0.0,0.0,0.0,0.0,0.0,0.0,0.0,0.0,0.0,0.0,0.0,0.0,0.0,0.0,0.0,0.0,0.0,0.0,0.5398292139753644,0.16478303234901238,303.7355521820238,358.2590751171033,4130.023045833411,0.07384270326831288,0.01127025385658011,152.51648516875845,179.7941243000681,2168.2039648535908,0.3043609117515516,0.05751339980188052,188.1963956660167,221.63076649431992,2755.9451016817736,0.013496429075822063,0.002550345630351863,13.160450306625498,15.510195832498124,177.1898632198375,0.0,0.0,9.47050856051173,11.286289566308195,71.65845885514089,0.0,0.0,92.7450982728409,108.99307920944087,1447.7946151753886,0.0,0.0,246.28008647530633,291.5727629676451,2802.3149727975326,0.0,0.0,35.10525111085455,41.83720148950275,264.05725557787647,0.0,0.0,112.03577633918765,133.00190299923916,1099.0096076875216,32.99434542006024,22.6298665432512,265.7307707911472,314.4145956805217,3535.4146887683466,0.0,0.0,139.55738666054089,165.1266886129795,1639.766556801165,0.0,21.311488851510604,37.17438047948406,21.0,30.0,0.0,21.66569626516157,36.240743461099558,16.0,30.0,1120.8481619005623,21.829109848293478,36.281421361581987,21.5,30.0,0.0,21.263437743720908,47.146479607323239,19.0,30.0,0.0,18.24821958250937,46.289587742304387,12.0,30.0,0.0,22.359044078398108,35.99926139278554,16.0,30.0,0.0,20.1823660386869,41.11453157602064,10.0,30.0,0.0,18.225741053555788,46.866846337640279,16.0,30.0,0.0,19.38332733903292,43.52982705032207,16.0,30.0,0.0,20.417192487301489,0.0,0.0,0.0,20.35815869728185,0.0,0.0,521.4779630662629,516.7086914727876,537.0682998189664,1070.9335788175836,552.1421631366956,560.6989412603151,560.5403534237373,572.8293251138957,570.7439796759471,5322.653065905767,80.92746488822069,82.7289369503395,162.0,0.0,162.0,162.0,16.0,19.0,16.0,16.0,16.0,12.0,21.0,10.0,1.0,0.0,0.0,0.0,1120.8481619005623,0.0,0.0,0.0,0.0,0.0,2726.2162592054748,1635729.755523285,2117012.2873085017,80.92746488822069,82.75953192643111,0.17587387530684918,0.38606499018804665,0.18014068700982978,82.75953192643111,0.17713239097194376,2117012.2873085017,0.11341463894004209 
 03/29  17:40:00,14.263333333333332,54.0,5.449999999999999,44.16666666666667,215.83333333333335,0.0,4.0,0.0,0.0,0.0,0.0,0.0,0.0,0.0,0.0,1572.0,0.0,565.5511531664552,19.330931508139586,49.53493343678572,16.957828055809629,451.36091357488,0.0,19.330931508139576,26.42684894144355,0.0,0.0,20.667491705621417,201.0481500123442,22.4242099468791,-428.3909906453878,20.580653158983773,-76.64889278469809,20.789122890180104,-32.798468072344807,18.182921447930249,36.222945488899259,22.636466522299174,-349.17917229596426,19.43565301208711,215.25484456531377,17.847633036881989,145.9618042930199,19.06443879995527,171.42124493269376,414.207698441458,5.371845272057271,0.0,0.0,0.0,0.0,0.0,0.0,0.0,0.0,0.0,0.0,0.0,0.0,0.0,0.0,0.0,0.0,0.0,0.0,0.0,0.0,0.0,0.0,0.5462206533580782,0.1667340211715746,272.76608453343416,321.55684765957417,3815.255514045227,0.05911390865114145,0.009022269330149796,178.1455142608983,209.53905086972436,2624.6444536351066,0.5098528409516084,0.0963440742538943,183.21776329730637,216.05948026359835,2469.0333096245756,0.0,0.0,17.277007331351418,20.291968178723807,240.7055729722196,0.0,0.0,9.33316279210035,11.10854763169091,75.7747819655012,0.0,0.0,89.70112338098015,105.37180800090528,1405.237751853586,0.0,0.0,240.96095828110783,284.96851061504119,2843.4143689319819,0.0,0.0,35.3340651666891,42.05755904377324,283.8493305845508,0.0,0.0,107.9642593782913,128.01286717682488,1111.676458476097,32.99092378433298,22.627519742340874,239.9515974376833,283.78022108263056,3302.339845892739,0.0,0.0,135.60765682101738,160.32985262284897,1623.5003810387644,0.0,21.267105961397435,37.35336220347604,21.0,30.0,0.0,21.679898654413465,36.27074664134217,21.0,30.0,42.29814388123869,21.008558170483153,38.63024806755688,21.0,30.0,0.0,21.260542604104555,48.595680051584789,19.0,30.0,0.0,18.281103899650625,46.24678036229707,12.0,30.0,0.0,22.138141125778018,36.386862949066578,16.0,30.0,0.0,20.15006713174263,41.079672642477678,10.0,30.0,0.0,18.23780635771541,46.55954279899191,16.0,30.0,0.0,19.38380294164886,43.294803034496499,16.0,30.0,0.0,20.302826559169107,0.0,0.0,0.0,20.224397920744328,0.0,0.0,527.0390503434428,521.1203809088409,564.3380611804012,1156.3001988224488,556.0560011661315,557.8651733557476,557.2222023656378,564.5017600135926,563.1400623068389,2826.755015464862,82.57756059533821,82.57756059533821,162.0,0.0,162.0,162.0,21.0,19.0,16.0,16.0,16.0,12.0,21.0,10.0,1.0,0.0,0.0,0.0,42.29814388123869,0.0,0.0,0.0,0.0,0.0,0.0,0.0,0.0,82.57756059533821,82.57756059533821,0.17,0.3098979800976635,0.18014068700982978,82.57756059533821,0.17713239097194376,0.0,0.003348 
 03/29  17:50:00,14.021666666666665,55.0,5.395,36.333333333333339,172.66666666666669,0.0,4.0,0.0,0.0,0.0,0.0,0.0,0.0,0.0,0.0,3148.0,0.0,457.65938413440019,15.647389519390286,40.09593710778415,13.7227315477748,365.25348667276628,0.0,15.647389519390277,21.39116777599356,0.0,0.0,20.711108882325797,246.73731445811382,22.304235740690986,-339.1392434256471,21.067529814903126,-557.354269639693,20.803705535921134,-26.479529642099494,18.21582698652461,33.60313253278963,22.46509466252913,-321.91918086870728,19.433114081779896,196.41584001406819,17.857086460264627,131.02037014768809,19.062652773579069,140.70359006037746,438.2809511661692,24.81475028015757,0.0,0.0,0.0,0.0,0.0,0.0,0.0,0.0,0.0,0.0,0.0,0.0,0.0,0.0,0.0,0.0,0.0,0.0,0.0,0.0,0.0,0.0,0.6366694976615455,0.19434355850474528,286.8292593125848,338.3160805840893,4184.405530453991,0.10128467990942362,0.01545858972976551,130.73049777123175,154.1609054863475,1971.4846369283715,0.38044507619663717,0.07189060396761854,193.8340111290974,228.2753432452203,3029.3760042171968,0.01310287615955192,0.0024759781102705817,14.706278299869894,17.328108257500675,212.17749612441703,0.0,0.0,9.201583473436644,10.964415212354224,79.51393039275095,0.0,0.0,85.93641502741049,101.12319791163074,1364.3234699504074,0.0,0.0,235.27553773878473,278.64014981775338,2866.1291377580948,0.0,0.0,34.45341825934093,41.06442719284911,292.97729333324079,0.0,0.0,105.01847671049228,124.68745081888128,1126.6095409046073,33.174957723111777,22.753743294315357,244.14115072153462,288.9887250943658,3493.9717181254247,0.0,0.0,131.7737960819606,156.06913601554249,1604.655520744867,0.0,21.320553671646356,37.548090939576848,21.0,30.0,0.0,21.615182560212106,36.718062353852079,21.0,30.0,1152.5316013649613,21.829961891568407,36.72997616978743,21.5,30.0,0.0,21.265343386877818,48.53662655165374,19.0,30.0,0.0,18.3001602860299,46.15959396596297,12.0,30.0,0.0,22.000043575868554,36.59296583795579,16.0,30.0,0.0,20.099464188020546,41.09604168441644,10.0,30.0,0.0,18.23059529999629,46.407267931535319,16.0,30.0,0.0,19.357752415511976,43.19960695612566,16.0,30.0,0.0,20.302209455768958,0.0,0.0,0.0,20.08348444035493,0.0,0.0,546.0658714440625,539.8788411590577,565.9502636776176,1157.422758787343,556.474201379169,555.2636130945789,555.5051096835887,559.9019097467855,558.5902181326329,3797.4197087354816,83.91346167369825,83.91346167369825,162.0,0.0,162.0,162.0,21.0,19.0,16.0,16.0,16.0,12.0,21.0,10.0,1.0,0.0,0.0,0.0,1152.5316013649613,0.0,0.0,0.0,0.0,0.0,0.0,0.0,0.0,83.91346167369825,83.91346167369825,0.17,0.38510071667884568,0.18014068700982978,83.91346167369825,0.17713239097194376,0.0,0.003312 
 03/29  18:00:00,13.78,56.0,5.34,28.5,129.5,0.0,4.0,0.0,0.0,0.0,0.0,0.0,0.0,0.0,0.0,1576.0,0.0,334.9353738009053,12.07370158488787,30.938451839412705,10.04290046799084,267.3086383555853,0.0,12.073701584887865,16.505665431257158,0.0,0.0,20.692170601084038,162.2158466970668,22.200411424347398,-370.9944581698919,20.572123215717725,-89.86373768138719,20.820133305646939,-38.68249178332934,18.247195677059098,31.985193073829835,22.277954265669555,-291.6162392578826,19.434194758494358,188.4192692882043,17.859667708364609,125.64120411069712,19.050058215370695,128.8861947770372,429.12655699653399,55.85235694439007,0.0,0.0,0.0,0.0,0.0,0.0,0.0,0.0,0.0,0.0,0.0,0.0,0.0,0.0,0.0,0.0,0.0,0.0,0.0,0.0,0.0,0.0,0.6288213578501996,0.19194791143168483,262.57881555704719,309.57003873816327,3910.3299567816604,0.09058569875295845,0.013825656097826381,155.6356711238279,183.11154449816187,2413.094147639671,0.5932910256540102,0.11211092699433303,188.66020470010398,222.48261160674466,2718.77022714761,0.0,0.0,18.731149716551174,22.00146303399758,279.5003782241612,0.0,0.0,9.115384555853254,10.84863646449125,83.58068290090631,0.0,0.0,83.94853382755616,98.72290668315049,1346.9698164410007,0.0,0.0,234.38480978655839,277.2968245593223,2951.596591357635,0.0,0.0,34.803487812376797,41.43391866332813,311.85648332910957,0.0,0.0,104.68309125266274,124.16063619997957,1165.9611612022537,33.15647444729949,22.74106615041118,227.9890570807534,269.7127041197365,3361.191458854922,0.0,0.0,131.7733137343003,155.96314402845014,1630.2816725912508,0.0,21.228288648859473,37.844079916672217,21.0,30.0,0.0,21.581387487963754,36.9027231282511,21.0,30.0,60.62916899295351,20.98953268332511,39.100488302423759,21.0,30.0,0.0,21.273574728019367,48.993871760097167,19.0,30.0,0.0,18.32059998820521,46.03349540168724,12.0,30.0,0.0,21.837611529878225,36.90499629087205,16.0,30.0,0.0,20.061429497928576,41.14955424832969,10.0,30.0,0.0,18.215149456196074,46.307181789989787,16.0,30.0,0.0,19.319101820187883,43.19323273803096,16.0,30.0,0.0,20.204251543418644,0.0,0.0,0.0,19.93485327555876,0.0,0.0,551.7182413437419,546.3347606899613,590.4005187153873,1186.9550061106239,556.2861759910815,555.1818226930898,555.6085476230913,556.8217075116746,556.4359683790757,3029.736615177919,84.42089923048863,84.42089923048863,162.0,0.0,162.0,162.0,21.0,19.0,16.0,16.0,16.0,12.0,21.0,10.0,1.0,0.0,0.0,0.0,60.62916899295351,0.0,0.0,0.0,0.0,0.0,0.0,0.0,0.0,84.42089923048863,84.42089923048863,0.17,0.30676338551933665,0.18014068700982978,84.42089923048863,0.17713239097194376,0.0,0.0032759999999999996 
 03/29  18:10:00,13.465,57.16666666666667,5.293333333333333,20.666666666666666,86.33333333333332,0.0,0.0,0.0,0.0,0.0,0.0,4.0,0.0,0.0,0.0,3156.0,0.0,196.87866304598175,8.159057613763654,20.907302256711519,5.9033288314972129,157.12695794939175,0.0,8.15905761376365,11.154050334960714,0.0,0.0,21.03668031536511,-157.33251779408637,22.305730434477355,-51.74254935161418,21.22575428898604,-1015.8811173038806,20.731575874257737,190.2860596003817,18.271725551309296,30.027821788183716,22.101773239480843,-269.4195695604834,19.43165359601814,188.11389177514185,17.856780625523059,112.4126528989807,19.033224794300506,107.81081190409839,441.3456883012707,80.3568961779531,0.0,0.0,0.0,0.0,0.0,0.0,0.0,0.0,0.0,0.0,0.0,0.0,0.0,0.0,0.0,0.0,0.0,0.0,0.0,0.0,0.0,0.0,0.7345561378908334,0.22422348531466225,201.1832431597289,236.98386782686169,3258.343082954938,0.09300777603720686,0.014195326013004713,14.304656136561955,16.846481465987499,240.9200411961039,0.5051709957971293,0.09545937184375086,373.84633418524069,440.09485041700858,6375.440063396024,0.12547688784498266,0.023710674195952878,266.0351313536661,314.06704538457248,4087.019339914685,0.0,0.0,9.157889821812065,10.911549189915466,89.97081174923017,0.0,0.0,80.09377512469126,94.35554512611968,1315.875927635242,0.0,0.0,238.1478633406134,282.09617852923068,3131.551240311809,0.0,0.0,34.39300994432161,40.99970269251569,328.34657996538308,0.0,0.0,109.11942899116125,129.59080459621405,1275.160289982774,33.5787134557835,23.030667665146447,368.9715139502411,436.968572738329,5561.592451267982,0.0,0.0,135.345356552487,160.4623743089569,1718.1189380630318,662.4729863128081,21.601657740201796,40.72618350365989,21.5,30.0,0.0,21.928030189029625,39.05818236552254,21.0,30.0,1678.5144963801927,21.95427627624893,39.749098564651607,21.5,30.0,0.0,21.181202151267649,42.20828559721148,16.0,30.0,0.0,18.332028027973654,46.00153578578685,12.0,30.0,0.0,21.712586761385727,37.39268858758706,16.0,30.0,0.0,20.023732902183747,41.949590847774789,10.0,30.0,0.0,18.19196084176918,46.29249420980213,16.0,30.0,0.0,19.277930311029985,43.28181020891856,16.0,30.0,0.0,20.11136764672315,0.0,0.0,0.0,19.778295063124653,0.0,0.0,767.6550461121427,715.4576426553387,763.1587640394193,791.9901931299419,558.6632009638885,569.679619176264,595.8333717746893,555.9757939592088,558.5362752197692,9479.05584521645,81.73717004919355,83.47071412473476,240.0,0.0,240.0,240.0,21.0,16.0,16.0,16.0,16.0,12.0,21.0,10.0,1.0,0.0,662.4729863128081,0.0,1678.5144963801927,0.0,0.0,0.0,0.0,0.0,2623.5225653841146,1574113.5392304687,2037197.4364514794,81.73717004919355,83.50015545810882,0.3424507521794705,0.7695129391036247,0.36028137401965956,83.50015545810882,0.3542647819438875,2037197.4364514794,0.11073426669547695 
 03/29  18:20:00,13.15,58.333333333333339,5.246666666666667,12.833333333333333,43.16666666666666,0.0,0.0,0.0,0.0,0.0,0.0,4.0,0.0,0.0,0.0,3157.0,0.0,99.8580814016295,5.012503646245404,12.844356516556227,2.994206324496382,79.69578320264485,0.0,5.012503646245401,6.852472506148293,0.0,0.0,20.81088297317199,-224.9402110373028,22.481478636852235,-171.31937051617525,20.950075637005406,-270.8513308065794,20.62586160256319,-18.337984780185594,18.29674572554574,27.284170378069307,21.936324370139979,-227.25994510312399,19.430447817572138,141.45917325209985,17.849470275035494,104.34891504878596,19.008528283333008,88.45715099811878,456.08036821467979,127.3355660785237,0.0,0.0,0.0,0.0,0.0,0.0,0.0,0.0,0.0,0.0,0.0,0.0,0.0,0.0,0.0,0.0,0.0,0.0,0.0,0.0,0.0,0.0,0.7781706953939439,0.2375368423058437,177.51108288348247,209.4212500092776,2897.1983000375505,0.0,0.0,38.907913352303427,45.70417543289247,707.1229847244595,0.8156531952412883,0.1541294775588225,240.84054515956624,284.24393996401497,3918.054119749175,0.1702995195119112,0.0321805592426136,110.4331412515144,130.44418822364518,1738.1013742805126,0.0,0.0,8.512897067658612,10.14392867183673,89.22965526151114,0.0,0.0,78.92752985923539,92.99039171391473,1328.0537062117065,0.0,0.0,238.97320621815559,283.14152714506056,3268.3409454290069,0.0,0.0,35.498026112283159,42.3253697309499,359.4269235238947,0.0,0.0,114.5170837636125,136.0520195058278,1399.363235358851,33.620202625491959,23.059123885796958,238.69697696962485,282.87664292653309,3782.723715512614,0.0,0.0,141.70951924535172,168.11777233855393,1843.9683065281252,107.67440095294976,21.2867846126165,41.13316236131216,21.0,30.0,0.0,22.313780090359928,41.070798605032447,21.0,30.0,766.7713172027649,21.33722828927845,40.56692950894213,21.25,30.0,0.0,21.001967132759565,42.064986892373017,16.0,30.0,0.0,18.344054928290228,46.43139080070703,12.0,30.0,0.0,21.595083546981035,38.947374230457018,16.0,30.0,0.0,19.971248681682544,42.964797473683628,10.0,30.0,0.0,18.163560726981026,47.131093446367618,16.0,30.0,0.0,19.226796566901308,44.38238923458746,16.0,30.0,0.0,20.039744973325687,0.0,0.0,0.0,19.617079325628845,0.0,0.0,744.9557390536834,880.8874343291064,720.6530215392563,756.8078138845893,584.1300806439006,648.0790908156401,645.991123239621,596.5323417013832,612.278041029741,4404.577609948688,82.7798752665736,82.7798752665736,240.0,0.0,240.0,240.0,21.0,16.0,16.0,16.0,16.0,12.0,21.0,10.0,1.0,0.0,107.67440095294976,0.0,766.7713172027649,0.0,0.0,0.0,0.0,0.0,0.0,0.0,0.0,82.7798752665736,82.7798752665736,0.17,0.3462423168016314,0.18014068700982978,82.7798752665736,0.17713239097194376,0.0,0.0048000000000000008 
 03/29  18:30:00,12.835,59.5,5.199999999999999,0.0,0.0,0.0,0.0,0.0,0.0,0.0,0.0,4.0,0.0,0.0,0.0,2370.0,0.0,0.0,0.0,0.0,0.0,0.0,0.0,0.0,0.0,0.0,0.0,21.24775326152212,-660.8782928554596,22.535879464184075,-172.3286461119405,21.102818339995975,-119.68053777438699,20.535209061316274,257.44316908055517,18.32005229065043,27.14390439636216,21.761470607851899,-213.35128850233353,19.455293927453718,196.85693542434084,17.84036823015633,97.9917225840826,18.976874020362457,75.75905115575003,473.0062019833796,170.2441181041179,0.0,0.0,0.0,0.0,0.0,0.0,0.0,0.0,0.0,0.0,0.0,0.0,0.0,0.0,0.0,0.0,0.0,0.0,0.0,0.0,0.0,0.0,0.7358642344010506,0.2246227821737028,202.56404534837055,238.18581187864647,3587.871020407259,0.0,0.0,33.50464501914283,39.311949527985138,642.3790426811913,0.9219413299132898,0.17421415909170252,232.19366863437103,273.4055334082197,4021.3846219036888,0.23684727261640765,0.04475572044905658,246.58400165377319,290.9136204875657,3980.8930918696439,0.0,0.0,9.07374890055493,10.806898282603277,101.0762751741475,0.0,0.0,77.13806074585088,90.90495057593444,1325.928991101746,0.0,0.0,245.43048933293137,290.6133899606828,3532.1889802444777,0.0,0.0,36.060343206553969,42.9782364648959,385.9698313304335,0.0,0.0,115.29752502636993,136.91787458070966,1468.7641397241633,34.059857419580897,23.360670383800337,244.23492456221278,289.13043382783487,3949.526372182903,0.0,0.0,142.5521499267979,169.12743901250927,1894.0313924503558,1005.4441129428017,21.81908175523441,39.27632338611315,21.666666666666658,29.99999999999999,0.0,22.507390042783699,41.885826310348779,20.999999999999994,29.99999999999999,0.0,21.515829064212406,39.76960524044134,20.999999999999994,29.99999999999999,0.0,20.915117952905875,41.456540104094859,15.999999999999993,29.99999999999999,0.0,18.355619192256797,46.83413173366223,11.999999999999995,29.99999999999999,0.0,21.455444919166348,39.53395627101367,15.999999999999993,29.99999999999999,0.0,20.01336383499411,43.078073185069587,9.999999999999997,29.99999999999999,0.0,18.13487504567868,47.960607628035258,15.999999999999993,29.99999999999999,0.0,19.169752927468275,45.07529189182135,15.999999999999993,29.99999999999999,0.0,19.919550465846628,0.0,0.0,0.0,19.43431675867602,0.0,0.0,712.8052028026127,948.4509637878502,700.5091671848738,709.9063963750768,607.9833433583268,664.2835795733831,659.7451358183821,634.2448837251079,641.054822704248,4597.986557669925,83.13465354170376,83.13465354170376,239.99999999999992,0.0,239.99999999999992,239.99999999999992,21.0,16.0,16.0,16.0,16.0,12.0,21.0,10.0,1.0,0.0,1005.4441129428017,0.0,0.0,0.0,0.0,0.0,0.0,0.0,0.0,0.0,0.0,83.13465354170376,83.13465354170376,0.2266666666666666,0.5103031381347126,0.24018758267977295,83.13465354170376,0.2361765212959249,0.0,0.0048000000000000008 
 03/29  18:40:00,12.52,60.66666666666667,5.153333333333333,0.0,0.0,0.0,0.0,0.0,0.0,0.0,0.0,4.0,0.0,0.0,0.0,7119.0,0.0,0.0,0.0,0.0,0.0,0.0,0.0,0.0,0.0,0.0,0.0,21.05343012288853,-283.01933090682959,22.543814259166909,-232.99891194353465,20.97317965799248,-508.32593791174869,20.54898853270555,246.43575817217525,18.34903645966547,24.98238541868355,21.639376079646863,-186.5274734690319,19.455260956439596,143.7428055264998,18.814748067348959,1.7557208257364044,18.94608039231744,57.531940489572708,472.2561304411413,206.57699443026923,0.0,0.0,0.0,0.0,0.0,0.0,0.0,0.0,0.0,0.0,0.0,0.0,0.0,0.0,0.0,0.0,0.0,0.0,0.0,0.0,0.0,0.0,0.8540507763631604,0.2606992601841156,138.4373555625013,163.34285619504429,2473.833611830534,0.0,0.0,42.06985027648188,49.42175048814056,838.0717288089581,0.8852985158969167,0.16728996899034755,230.98222472389575,272.25984538042266,4177.95101184189,0.22033255232964434,0.04163502500560181,212.32906712182206,250.73642064592466,3576.062722298516,0.0,0.0,8.484973030526163,10.116488855078508,100.14657930987326,0.0,0.0,75.8061397858397,89.45977769329969,1336.8480233546923,0.0,0.0,232.19104761917374,275.3268862325931,3466.349634087137,0.0,0.0,19.661654086837126,23.387839755052235,270.23324823095029,0.0,0.0,125.578538482346,149.323463908527,1665.673716673194,34.082050727853189,23.375892131586615,238.2025565904192,282.360663548052,4033.270697099958,0.0,0.0,138.1289264812627,164.19378043651023,1876.8045308340425,666.2859323579005,21.451619549445668,40.30821680508948,21.444444444444497,30.000000000000076,0.0,22.572269571759663,41.786646707666609,21.00000000000005,30.000000000000076,964.4571621823263,21.463423199730003,39.73588600313306,21.333333333333383,30.000000000000076,0.0,20.94433363874474,41.26959949607642,16.00000000000004,30.000000000000076,0.0,18.37145387275785,47.17992843896598,12.000000000000032,30.000000000000076,0.0,21.3633917873717,40.176939768668038,19.00000000000005,30.000000000000076,0.0,19.966808783758748,43.52918576968393,10.000000000000025,30.000000000000076,1287.66305487412,19.626338592044236,44.01146443286369,20.700000000000054,30.000000000000076,0.0,19.11616055073678,45.58283437668351,16.00000000000004,30.000000000000076,0.0,19.8357428096204,0.0,0.0,0.0,19.265864625212147,0.0,0.0,717.5264037704397,946.9368281445243,690.5910339989654,703.1902866616238,628.7135521251457,688.763634634383,677.6480975417112,649.8247564429016,660.7188793161619,9512.539698126433,81.71503187709839,83.26186695373022,240.0000000000006,0.0,240.0000000000006,240.0000000000006,21.0,16.0,19.0,16.0,19.7,12.0,21.0,10.0,1.0,0.0,666.2859323579005,0.0,964.4571621823263,0.0,0.0,0.0,1287.66305487412,0.0,2340.948643759819,1404569.1862558872,1829223.360122954,81.71503187709839,83.28813734847147,0.34247606590310578,0.7689148816104894,0.36028137401966056,83.28813734847147,0.3542647819438884,1829223.360122954,0.0999196147263936 
 03/29  18:50:00,12.205000000000002,61.83333333333333,5.1066666666666669,0.0,0.0,0.0,0.0,0.0,0.0,0.0,0.0,4.0,0.0,0.0,0.0,2373.0,0.0,0.0,0.0,0.0,0.0,0.0,0.0,0.0,0.0,0.0,0.0,20.894661638565326,-132.36636878262224,22.532975642736149,-245.62573512768084,20.75481894558376,-309.45190785588388,20.561113543411204,124.03790409972206,18.38134444468473,22.857677981460065,21.521402804354975,-166.83193769509155,19.445399741689259,118.6466373857524,19.358567861142384,-33.259329127246768,18.906716746336543,43.422167082016468,460.56750036847287,267.89251628432819,0.0,0.0,0.0,0.0,0.0,0.0,0.0,0.0,0.0,0.0,0.0,0.0,0.0,0.0,0.0,0.0,0.0,0.0,0.0,0.0,0.0,0.0,0.9160649370468947,0.2796291016626665,101.80104137199918,120.14419003540556,1838.9141563922554,0.0,0.0,44.616872982075218,52.32454136717787,919.6090020788531,0.9181294147121515,0.17349384253819967,178.3988935902021,210.54385096926888,3210.426746877217,0.2109321407543822,0.039858681170518207,186.2073223367583,219.93192951208355,3259.7264491372168,0.0,0.0,8.172630159903104,9.733661483906899,102.0168613096827,0.0,0.0,74.77317295460166,88.17313825704277,1350.7282866661727,0.0,0.0,226.59881912889333,268.4480607030938,3504.4612880549505,0.0,0.0,18.23000004646769,21.53551342312784,304.2619127429493,0.0,0.0,135.57256757304698,161.07421993533189,1866.4689459884153,34.17014060240404,23.43631042688894,186.8016561335945,221.5726403855628,3330.2439657811348,0.0,0.0,140.02592118717497,166.34317344435716,1944.4423443744959,0.0,21.174943204629459,41.30050459076334,21.000000000000015,30.00000000000002,0.0,22.60257934376367,41.483531170274357,21.000000000000015,30.00000000000002,67.48828967695579,21.167057172865559,40.26643132901594,21.000000000000015,30.00000000000002,0.0,20.967108442193195,41.08896308390365,16.000000000000015,30.00000000000002,0.0,18.39392963282043,47.511050923131609,12.00000000000001,30.00000000000002,0.0,21.258773743558299,40.690078771258047,19.000000000000015,30.00000000000002,0.0,19.917507875003897,43.83874911660124,10.000000000000007,30.00000000000002,347.67942337465117,20.57756792386784,41.70188237511542,20.36666666666668,30.00000000000002,0.0,19.048939086831127,46.044652542061289,16.000000000000015,30.00000000000002,0.0,19.718875582276973,0.0,0.0,0.0,19.095013634245249,0.0,0.0,731.5636864511722,929.9784871636766,680.6210924701663,696.3098050262155,649.6215577198975,703.4304580023766,686.9950057044057,664.4158919450169,675.083548160242,9137.692731519965,81.96295214056741,81.96295214056741,240.00000000000018,0.0,240.00000000000018,240.00000000000018,21.0,16.0,19.0,16.0,19.7,12.0,21.0,10.0,1.0,0.0,0.0,0.0,67.48828967695579,0.0,0.0,0.0,347.67942337465117,0.0,0.0,0.0,0.0,81.96295214056741,81.96295214056741,0.3400000000000003,0.7711141529894902,0.3602813740196598,81.96295214056741,0.3542647819438878,0.0,0.00464 
 03/29  19:00:00,11.89,63.0,5.06,0.0,0.0,0.0,0.0,0.0,0.0,0.0,0.0,4.0,0.0,0.0,0.0,3164.0,0.0,0.0,0.0,0.0,0.0,0.0,0.0,0.0,0.0,0.0,0.0,21.17452851899852,-63.26905722611491,22.50311184690613,-218.22715029313236,21.289147962494878,-1174.4582514160437,20.609766955745724,376.82370058083827,18.414078058653258,21.000120085575916,21.418287854755087,-170.8500840956267,19.404746297169799,144.12044219517703,19.12289096441969,-7.316722638227461,18.86108176404835,11.371057482093648,593.1836188012699,275.00813319467377,0.0,0.0,0.0,0.0,0.0,0.0,0.0,0.0,0.0,0.0,0.0,0.0,0.0,0.0,0.0,0.0,0.0,0.0,0.0,0.0,0.0,0.0,0.9955723731778867,0.3038987708113207,239.54799508006043,282.17248572698215,4655.322776936073,0.0,0.0,41.759552015363137,49.03087707876743,886.106655483863,0.8381988018084833,0.1583897962601065,369.1197145613778,434.74249416198367,7292.820163783887,0.22695405272189018,0.042886253348807659,247.04070893699763,291.5928971605879,4557.90888399269,0.0,0.0,8.286102622372612,9.87125936827155,109.07942392830964,0.0,0.0,74.8267790252206,88.3062736292082,1385.9219695983364,0.0,0.0,224.2240628544809,265.81540397898558,3574.192095779593,0.0,0.0,14.165810300426657,16.802252760532644,229.4771383367415,0.0,0.0,132.32895294642496,157.36044343418704,1886.0811953641294,34.524640053038499,23.679451339532585,376.0796931048063,445.2954145513003,6842.488132562958,0.0,0.0,134.21281887180579,159.64886046074418,1893.0740594163263,537.7441857996821,21.565223081264138,39.694897273431767,21.5,30.0,0.0,22.596613123150516,41.26089497281428,21.0,30.0,1811.7758822413726,21.849061744069517,38.55326517361009,21.5,30.0,0.0,21.104909271210695,40.49385930796332,16.0,30.0,0.0,18.41797137852179,47.76452820683603,12.0,30.0,0.0,21.1704666404381,41.06835572635663,19.0,30.0,0.0,19.837007903774837,44.19466447515178,10.0,30.0,307.9212538290848,19.975141504214425,43.510351048290818,19.95,30.0,0.0,18.972942274757039,46.45787872411166,16.0,30.0,0.0,20.075800442521044,0.0,0.0,0.0,18.88337697364283,0.0,0.0,698.5794841127082,915.4199184157287,676.0992645055936,683.5849721408574,665.9640700709201,712.1695116906809,694.5397575078698,677.2162523577042,684.818039117182,8476.832604004805,82.39988894749101,82.39988894749101,240.0,0.0,240.0,240.0,21.0,16.0,19.0,16.0,19.7,12.0,21.0,10.0,1.0,0.0,537.7441857996821,0.0,1811.7758822413726,0.0,0.0,0.0,307.9212538290848,0.0,0.0,0.0,0.0,82.39988894749101,82.39988894749101,0.34,0.7701086154060379,0.36028137401965956,82.39988894749101,0.3542647819438875,0.0,0.00448 
 03/29  19:10:00,11.658333333333335,64.0,5.03,0.0,0.0,0.0,0.0,1.0,2.0,0.0,0.0,4.0,0.0,0.0,0.0,3164.0,0.0,0.0,0.0,0.0,0.0,0.0,0.0,0.0,0.0,0.0,0.0,20.96040656742179,-264.2365472997021,22.490546084558809,-251.74477279725859,20.709231924690504,-122.7992254639098,20.55429113487486,28.409525331355668,18.44611603287384,17.89141918103477,21.463362516921778,1.1333891276259749,19.31471628667859,-6.880251370608448,19.41672492240043,-50.17568194638622,18.797574969145538,-21.845041433118696,503.0884581827298,318.90294432549356,0.0,0.0,0.0,0.0,0.0,0.0,0.0,0.0,0.0,0.0,0.0,0.0,0.0,0.0,0.0,0.0,0.0,0.0,0.0,0.0,0.0,0.0,0.9870600423687131,0.3013003792334289,185.68260191198625,219.18870755973303,3594.7039554891869,0.0,0.0,46.266471061978787,54.300615587382,1004.4748589121072,1.0217027882355899,0.19306553065676308,219.63943518021615,259.71775169644277,4130.056326557215,0.2129240410410913,0.04023507956180862,120.6128684432815,142.54698455369306,2245.3715365583977,0.0,0.0,6.840809035623251,8.149704718182054,93.55809993893675,0.0,0.0,12.024637812675924,14.179476250177898,231.7959406393369,0.0,0.0,156.39342851752043,185.570173875789,2499.486319681625,0.0,0.0,25.598608177722015,30.280123281152134,454.0320568928076,0.0,0.0,131.6805678767576,156.65254806910066,1910.9784740641047,34.397516780003957,23.592261165983513,225.95289947535307,268.25721550563068,4262.026106239765,0.0,0.0,134.73131051754528,160.36917378896494,1915.668083606292,108.17245426073868,21.29486403553056,40.308745114838888,21.0,30.0,0.0,22.611361130467409,41.11851477174186,21.0,30.0,20.641037133381237,21.0382686330997,40.66154889648002,21.0,30.0,0.0,20.954407905918268,41.28853906683078,16.0,30.0,0.0,18.44181267069786,47.98146861155052,12.0,30.0,0.0,21.322056357295027,42.783952666908309,19.0,30.0,0.0,19.618963922090779,44.725240863355008,10.0,30.0,368.6530246374159,20.517147290563189,43.15120168140244,20.2,30.0,0.0,18.867357334899688,46.964568997057707,16.0,30.0,0.0,19.629986259131948,0.0,0.0,0.0,18.70341104750668,0.0,0.0,696.97075510136,908.5526274113898,683.3550962968714,703.0965267680435,680.7864892677158,831.2359982219375,693.8019495477306,743.2872039823367,696.8626088662786,6048.850190548635,83.05059701305847,84.764079806683,270.0,0.0,270.0,270.0,21.0,16.0,19.0,16.0,19.7,12.0,21.0,10.0,1.0,0.0,108.17245426073868,0.0,20.641037133381237,0.0,0.0,0.0,368.6530246374159,0.0,2593.192336084675,1555915.401650805,2028533.7188389227,83.05059701305847,84.79318043289125,0.25643974453615589,0.5358634906550992,0.27021103051474468,84.79318043289125,0.2656985864579156,2028533.7188389227,0.11034375337962396 
 03/29  19:20:00,11.426666666666668,65.0,5.0,0.0,0.0,0.0,0.0,1.0,2.0,0.0,0.0,4.0,0.0,0.0,0.0,3168.0,0.0,0.0,0.0,0.0,0.0,0.0,0.0,0.0,0.0,0.0,0.0,21.318861887383627,-319.72581078183875,22.469271425011948,-187.3166898955481,21.2964029156908,-1241.7801323920317,20.62702866245601,482.7771818020492,18.4766451125171,14.718050549497648,21.561583563212485,-23.66829729323362,19.279113790321234,110.68715872700068,19.055704957291483,-17.32612245611631,18.726411965876026,-52.03010557343964,650.9413215358286,308.70227822183849,0.0,0.0,0.0,0.0,0.0,0.0,0.0,0.0,0.0,0.0,0.0,0.0,0.0,0.0,0.0,0.0,0.0,0.0,0.0,0.0,0.0,0.0,0.9549186315705422,0.29148920377611178,141.30841715520979,166.34787893864903,2923.9879083447237,0.0023409213965570059,0.00035728348543299845,33.87768788884995,39.74736281561134,751.6478222960053,0.9786728966741762,0.18493440980237653,339.4772815420754,399.5914994867635,7137.486921708982,0.2802493182300161,0.05295716519841573,321.6049498654554,379.74482314073188,6235.902019850503,0.0,0.0,7.7631759102455739,9.248663085100928,110.13316777412014,0.0,0.0,12.745397855409314,15.013785880396837,256.55895370504256,0.0,0.0,165.34675884782494,196.18801005622295,2710.1248645154234,0.0,0.0,16.206328455127279,19.212113010751084,273.45765980743627,0.0,0.0,127.2659129141523,151.42129994058008,1877.1723516488899,35.05035509059576,24.04002406762399,348.2326086437086,412.5349052955264,6643.0710019445309,0.0,0.0,128.56834102280136,153.11599677633303,1828.8881568579416,668.718864548202,21.793530092438993,39.23305136694387,21.5,30.0,0.0,22.616820669094606,41.56288331258164,21.0,30.0,2085.1589690559906,21.980905827458338,37.9685462261069,22.0,30.0,0.0,21.160558044438458,40.3296180772601,16.0,30.0,0.0,18.464525876682026,48.14427897000789,12.0,30.0,0.0,21.525168587171,44.56342243745926,19.0,30.0,0.0,19.591899875786078,44.9722265092219,10.0,30.0,38.19412129552924,19.83668787125346,46.09254503691563,19.7,30.0,0.0,18.75335429806426,47.554441529694468,16.0,30.0,0.0,20.09991144695474,0.0,0.0,0.0,18.468032599912456,0.0,0.0,703.5133951960398,932.7847749140303,662.1117877228836,681.781033447866,693.4825218177202,962.1228107216293,704.3598074676884,808.2710205832685,711.4775058945163,9638.493619400291,81.6317810291528,81.6317810291528,270.0,0.0,270.0,270.0,21.0,16.0,19.0,16.0,19.7,12.0,21.0,10.0,1.0,0.0,668.718864548202,0.0,2085.1589690559906,0.0,0.0,0.0,38.19412129552924,0.0,0.0,0.0,0.0,81.6317810291528,81.6317810291528,0.34,0.7701321090596138,0.36028137401965956,81.6317810291528,0.3542647819438875,0.0,0.0047550000000000009 
 03/29  19:30:00,11.195,66.0,4.97,0.0,0.0,0.0,0.0,1.0,2.0,0.0,0.0,4.0,0.0,0.0,0.0,3168.0,0.0,0.0,0.0,0.0,0.0,0.0,0.0,0.0,0.0,0.0,0.0,20.95044255860708,-61.81275530818613,22.455164226421549,-242.25689882839948,20.88406075775584,-388.16319232769708,20.597583223261326,51.11380720823627,18.508281675940276,15.062761864554802,21.62238977836994,-9.566464889654356,19.19880875509141,6.5040687885787069,19.479407932551646,-68.15103323253601,18.656822886166095,-59.79104364935938,512.3178507763597,377.9581488958454,0.0,0.0,0.0,0.0,0.0,0.0,0.0,0.0,0.0,0.0,0.0,0.0,0.0,0.0,0.0,0.0,0.0,0.0,0.0,0.0,0.0,0.0,1.0668026132944666,0.3256418233499593,146.17878350650296,172.72081341640055,2935.3266460005027,0.0,0.0,46.74570510580889,54.86272835390781,1058.4400537047723,1.0543821802950229,0.1992407748100951,229.0167114537593,270.4756887251359,4658.035654890673,0.22070218764089567,0.041704872948015048,157.8130285701822,186.4200002213393,3101.356001029164,0.0,0.0,6.758998221985364,8.050885848463894,99.39981218701159,0.0,0.0,13.545976663006409,15.945153608486354,282.55604962708898,0.0,0.0,155.3693325822845,184.48909841053593,2563.6981846849355,0.0,0.0,28.907759469827885,34.182286283528167,539.7344290044641,0.0,0.0,131.73021599115067,156.81918670141415,1977.8533644406444,34.7187840324626,23.81260907576311,234.1617226537196,277.85059098565815,4702.104979294805,0.0,0.0,135.0791661060328,160.95831619571627,1956.1666151244027,0.0,21.168535984580779,41.09998243196468,21.0,30.0,0.0,22.617254199482845,41.24367888282693,21.0,30.0,22.78335321191292,21.28992146609675,39.51359817341004,21.0,30.0,0.0,21.03013960598159,40.5952905977952,16.0,30.0,0.0,18.491585001829443,48.42424176344002,12.0,30.0,0.0,21.664468035953687,45.98425265231644,19.0,30.0,0.0,19.409190001441187,45.76780350104341,10.0,30.0,652.9899017281067,20.536288423358159,44.245397782481358,20.45,30.0,0.0,18.64846513301566,48.27380714582495,16.0,30.0,0.0,19.75403807260022,0.0,0.0,0.0,18.362998200156797,0.0,0.0,720.6269185453791,915.2660423874365,657.4045446721598,679.2473550072505,711.7936278081566,1060.5673295342663,719.5665118174558,818.5959550079928,733.1465143604728,10032.646355713652,81.37113141812022,81.37113141812022,270.0,0.0,270.0,270.0,21.0,16.0,19.0,16.0,19.7,12.0,21.0,10.0,1.0,0.0,0.0,0.0,22.78335321191292,0.0,0.0,0.0,652.9899017281067,0.0,0.0,0.0,0.0,81.37113141812022,81.37113141812022,0.34,0.7716567287670687,0.36028137401965956,81.37113141812022,0.3542647819438875,0.0,0.0046500000000000009 
 03/29  19:40:00,10.963333333333335,67.0,4.9399999999999999,0.0,0.0,0.0,0.0,1.0,2.0,0.0,0.0,4.0,0.0,0.0,0.0,3168.0,0.0,0.0,0.0,0.0,0.0,0.0,0.0,0.0,0.0,0.0,0.0,21.02417937563689,226.1951770096955,22.412887979121935,-220.43636685476538,21.29823848536857,-1817.654893055445,20.630460555606964,411.5623550065286,18.538962185896325,12.26508908961209,21.65787052516936,-17.480374813537624,19.120295795509667,31.5163101297494,19.21695605223629,-31.701940417785239,18.59029054388595,-78.9012827326535,713.7488142444954,348.0143716233806,0.0,0.0,0.0,0.0,0.0,0.0,0.0,0.0,0.0,0.0,0.0,0.0,0.0,0.0,0.0,0.0,0.0,0.0,0.0,0.0,0.0,0.0,1.135853154974297,0.3467195222754264,228.7971052766031,269.9319465335436,4738.336853835497,0.0,0.0,42.73288152645586,50.171180129909348,983.7215444256844,0.892964828750899,0.1687386297715229,461.8974178947542,544.0322720333104,10045.841742973491,0.24460902570142419,0.046222416043353007,283.5780194504317,334.77635840355006,5762.80173397928,0.0,0.0,6.695659482612367,7.973981354464565,101.94056389811094,0.0,0.0,13.94708084379045,16.409750711427664,299.73439674014409,0.0,0.0,148.9587750775054,176.93128578296487,2489.922211062397,0.0,0.0,22.77593299263929,26.981414156761006,412.0756451457795,0.0,0.0,123.34201657549076,146.86667567234333,1885.4166997674043,35.03942979131309,24.03253072106523,464.0089831332001,549.4456327028627,9282.981770882536,0.0,0.0,125.95979309775308,150.18937084841739,1828.2377418704344,0.0,21.30512261993822,40.775167274361439,21.0,30.0,0.0,22.574209633021803,41.140422459864989,21.0,30.0,2579.290978244484,21.914109221589606,38.10102206198216,22.0,30.0,0.0,21.15117783674581,40.732598869910507,16.0,30.0,0.0,18.518088333831036,48.775588950734007,12.0,30.0,0.0,21.753141152680678,46.86538530320287,19.0,30.0,0.0,19.28182953448089,46.535122048691238,10.0,30.0,0.0,19.99371979462483,46.14701302398808,19.7,30.0,0.0,18.549691170619526,49.11217819536428,16.0,30.0,0.0,20.23987238262557,0.0,0.0,0.0,18.141946384825965,0.0,0.0,722.51872734711,904.5430892450338,662.0073509458852,701.4045179256364,733.0656299441939,1121.3603081441777,740.821157753792,838.2660130190361,759.87088678172,8910.34519596296,82.11325572281604,82.11325572281604,270.0,0.0,270.0,270.0,21.0,16.0,19.0,16.0,19.7,12.0,21.0,10.0,1.0,0.0,0.0,0.0,2579.290978244484,0.0,0.0,0.0,0.0,0.0,0.0,0.0,0.0,82.11325572281604,82.11325572281604,0.34,0.7708278533335006,0.36028137401965956,82.11325572281604,0.3542647819438875,0.0,0.004545 
 03/29  19:50:00,10.731666666666666,68.0,4.909999999999999,0.0,0.0,0.0,0.0,1.0,2.0,0.0,0.0,4.0,0.0,0.0,0.0,3168.0,0.0,0.0,0.0,0.0,0.0,0.0,0.0,0.0,0.0,0.0,0.0,20.89994509261798,-36.78048123045522,22.39369880197738,-245.06223009116958,20.926725821456075,-417.95772603605476,20.586240249120157,44.85016508844785,18.568825339269467,12.900061017345259,21.67112780924051,-17.09110105467397,19.091578632423614,19.157357227427839,19.44452340716571,-63.675311532560218,18.520004346811179,-97.0810673030735,520.6504515709439,406.1234581079177,0.0,0.0,0.0,0.0,0.0,0.0,0.0,0.0,0.0,0.0,0.0,0.0,0.0,0.0,0.0,0.0,0.0,0.0,0.0,0.0,0.0,0.0,1.1371313921665066,0.34710970456853076,147.66943536834777,174.55189033987325,3080.70861365998,0.0,0.0,46.7633643344014,54.89712496980886,1097.3784201244249,1.1043872854445623,0.20868996323593398,228.4337298257094,269.83260365257225,4854.804204424191,0.22851321741108125,0.04318088008523832,151.61264328361026,179.12372332976097,3114.8451737481357,0.0,0.0,6.693027934432153,7.970470859904925,105.37847239061773,0.0,0.0,14.296516294558835,16.816148213344368,315.20959805659029,0.0,0.0,156.5410535317106,185.9875695178026,2673.5674104723227,0.0,0.0,24.417243956857385,28.861597406800166,474.05869859075326,0.0,0.0,130.544767586493,155.4966559540492,2030.0023561903882,34.955508790450448,23.97497173556273,234.10081039589165,277.8573427676404,4926.881718296323,0.0,0.0,133.19460697137402,158.8815078726226,1962.4506133406358,0.0,21.09162179796802,41.64056353985774,21.0,30.0,0.0,22.566999067352179,41.29202539759944,21.0,30.0,35.99954810559283,21.27806763273277,39.60295088277317,21.0,30.0,0.0,21.010286499933199,40.92538374520599,16.0,30.0,0.0,18.545653828782095,49.12432177538964,12.0,30.0,0.0,21.802986246514967,47.559293860790479,19.0,30.0,0.0,19.229194603618177,46.993717342098587,10.0,30.0,674.6053817371011,20.351046056103664,45.54305078647111,20.45,30.0,0.0,18.446356239540049,49.78494732895842,16.0,30.0,0.0,19.651924338104484,0.0,0.0,0.0,18.015174005159559,0.0,0.0,739.5402023397483,912.5616239508399,661.9327992469207,694.4574414662175,754.1797003042202,1165.3027136554266,756.0733769438331,862.4523258119743,776.827387562098,9949.260378892923,81.42626944325272,81.42626944325272,270.0,0.0,270.0,270.0,21.0,16.0,19.0,16.0,19.7,12.0,21.0,10.0,1.0,0.0,0.0,0.0,35.99954810559283,0.0,0.0,0.0,674.6053817371011,0.0,0.0,0.0,0.0,81.42626944325272,81.42626944325272,0.34,0.7723405274894755,0.36028137401965956,81.42626944325272,0.3542647819438875,0.0,0.004515000000000001 
 03/29  20:00:00,10.5,69.0,4.88,0.0,0.0,0.0,0.0,1.0,2.0,0.0,0.0,4.0,0.0,0.0,0.0,3168.0,0.0,0.0,0.0,0.0,0.0,0.0,0.0,0.0,0.0,0.0,0.0,21.00854373700998,231.2729450876202,22.34998616811131,-220.98691670537807,21.33660154721627,-1893.5849417350628,20.618881282124528,411.83215356251869,18.597507892498816,10.664322331204638,21.667786684003639,-24.12832199343464,19.044529159811924,19.551771166020218,19.38246496303455,-54.24700966770621,18.455675266099104,-98.67199722492842,728.6708074085923,423.34559408518137,0.0,0.0,0.0,0.0,0.0,0.0,0.0,0.0,0.0,0.0,0.0,0.0,0.0,0.0,0.0,0.0,0.0,0.0,0.0,0.0,0.0,0.0,1.1917789807330964,0.3637908976596753,228.12310763951849,269.1601556662205,4924.239308220814,0.0,0.0,42.25935023191209,49.6267997057145,1007.2767801108495,0.9474570348671404,0.17903572087436524,460.1933750015533,542.0726225825919,10419.327229011024,0.25415531311901409,0.048026325230350348,281.96152283678699,332.89236942516785,5982.507240675655,0.0,0.0,6.662760538581732,7.9329874957392809,108.36202913887652,0.0,0.0,14.4576965821202,17.003985066613397,325.91122343642288,0.0,0.0,154.81162273079387,183.9626293735049,2692.046671659547,0.0,0.0,27.51851386720208,32.57804185235684,533.4785161146999,0.0,0.0,130.6137389852838,155.62072471987134,2069.284950973484,35.28879049733105,24.203560011886876,461.53481987354976,546.602842458932,9658.389111148048,0.0,0.0,133.55291506468948,159.3738234388718,1997.4238490203277,0.0,21.27183377214142,41.0798352197747,21.0,30.0,0.0,22.519091856628195,41.3414621662475,21.0,30.0,2638.177716801032,21.901707304947125,38.22970550042655,22.0,30.0,0.0,21.133110788283639,40.96541329123837,16.0,30.0,0.0,18.572589519683146,49.46419507237654,12.0,30.0,0.0,21.820205871273509,47.97999237396206,19.0,30.0,0.0,19.149899999968356,47.58905628274911,10.0,30.0,0.0,20.183317566599187,46.166745415724708,19.7,30.0,0.0,18.35748545479867,50.56427658151497,16.0,30.0,0.0,20.170914859826675,0.0,0.0,0.0,17.890981144277949,0.0,0.0,736.0668904979525,910.660010202323,669.4587763000786,713.0290021996907,774.6302826737303,1189.9805026208329,774.6336847278462,866.2085700698284,800.7319743409914,9124.331075181188,81.97176294414492,81.97176294414492,270.0,0.0,270.0,270.0,21.0,16.0,19.0,16.0,19.7,12.0,21.0,10.0,1.0,0.0,0.0,0.0,2638.177716801032,0.0,0.0,0.0,0.0,0.0,0.0,0.0,0.0,81.97176294414492,81.97176294414492,0.34,0.771035972517387,0.36028137401965956,81.97176294414492,0.3542647819438875,0.0,0.004485 
 03/29  20:10:00,10.378333333333334,69.33333333333333,4.83,0.0,0.0,0.0,0.0,0.0,2.0,0.0,0.0,4.0,0.0,0.0,0.0,3168.0,0.0,0.0,0.0,0.0,0.0,0.0,0.0,0.0,0.0,0.0,0.0,20.880967973449189,-38.55929119548432,22.335173433073,-241.39877272085017,20.969168104330714,-452.4213758105575,20.57855766847165,43.39143662248114,18.625074631341805,11.727001921560309,21.74644252671678,-25.199482886699515,19.031384890683144,15.403650875055746,19.02407557743061,-21.681319124613198,18.39307195859719,-115.9360378095048,543.1535327543636,434.3929251918855,0.0,0.0,0.0,0.0,0.0,0.0,0.0,0.0,0.0,0.0,0.0,0.0,0.0,0.0,0.0,0.0,0.0,0.0,0.0,0.0,0.0,0.0,1.1913072419560487,0.3636468992539832,155.47330021057895,183.76569902140006,3347.3037498804708,0.0,0.0,46.34723984971345,54.419803423655547,1115.589163522012,1.15136549699647,0.2175671763031879,236.64167653196166,279.5226826820852,5192.041977264648,0.237735530769775,0.0449235696843868,152.72816342615853,180.4572964911405,3242.112877252631,0.0,0.0,6.638347009768377,7.903491464056798,109.94297188853092,0.0,0.0,14.816286950910677,17.41823835902012,340.7536184846705,0.0,0.0,162.28771428445547,192.87673102060803,2854.221958916276,0.0,0.0,17.532532457733955,20.801370250739305,322.5765836169112,0.0,0.0,132.83489204810864,158.32127131048106,2114.153715146387,35.06084064294347,24.047215804487985,240.97934246677077,286.0420663218381,5237.147780440676,0.0,0.0,134.4705134826005,160.56456487849312,2002.2730301400812,5.188665229774272,21.07490712074765,41.79714239454647,21.0,30.0,0.0,22.515331464875968,41.53448267065556,21.0,30.0,51.591281310835629,21.276653555623584,39.74362293846059,21.0,30.0,0.0,20.997191340436168,41.14775980383902,16.0,30.0,0.0,18.599996816547308,49.769478877331078,12.0,30.0,0.0,21.93202887205318,48.05633835288482,19.0,30.0,0.0,19.12592353926283,47.85041008060917,10.0,30.0,0.0,19.549566286808785,47.55818473110795,12.0,30.0,0.0,18.269155645366064,51.02727000851442,16.0,30.0,0.0,19.628027798416679,0.0,0.0,0.0,17.73243222089862,0.0,0.0,748.3995176374028,922.4445194098441,671.8397437720581,706.5821086691258,793.5001080804515,1211.435864670836,784.0058203544611,837.9051257686836,808.7922068337185,2528.536248753706,81.20374913096113,81.20374913096113,570.0,0.0,570.0,570.0,21.0,16.0,19.0,16.0,12.0,12.0,21.0,10.0,1.0,0.0,5.188665229774272,0.0,51.591281310835629,0.0,0.0,0.0,0.0,0.0,0.0,0.0,0.0,81.20374913096113,81.20374913096113,0.085,0.15483350855707588,0.09007034350491489,81.20374913096113,0.08856619548597188,0.0,0.009404999999999999 
 03/29  20:20:00,10.256666666666668,69.66666666666667,4.78,0.0,0.0,0.0,0.0,0.0,2.0,0.0,0.0,4.0,0.0,0.0,0.0,3172.0,0.0,0.0,0.0,0.0,0.0,0.0,0.0,0.0,0.0,0.0,0.0,21.375185699973096,-564.6074521147789,22.313937321845854,-176.91747188744353,21.248937382025035,-799.051463060629,20.632341171323675,392.68021166647579,18.65014696892379,8.815730919127973,21.820350485439918,-52.719532985395719,19.0951776792617,100.45596256376007,18.768008659093306,-7.466789121421115,18.329502981068925,-126.30117193888509,657.6558858604681,494.4419356290341,0.0,0.0,0.0,0.0,0.0,0.0,0.0,0.0,0.0,0.0,0.0,0.0,0.0,0.0,0.0,0.0,0.0,0.0,0.0,0.0,0.0,0.0,1.1044025943279419,0.33711922903783328,166.54927339358697,196.0248706574451,3835.2333177978309,0.06245820594971132,0.009532693215767906,32.30231002140761,37.92441241342838,786.3657131193049,1.1597422619095797,0.21915008728450115,289.2800108872076,340.9939074788164,6664.260317158005,0.3057186217151517,0.05776995875191829,302.88026613001309,357.737645741074,6583.442785791707,0.0,0.0,7.808143716384303,9.295062990569978,131.59501139500129,0.0,0.0,14.868597731919833,17.47310293316727,348.7388430089336,0.0,0.0,185.3367223592306,220.14225305558802,3354.890196974136,0.0,0.0,10.390933295674792,12.349038709878686,185.04930027296957,0.0,0.0,143.16960602387736,170.6665771040175,2288.8067948871914,35.51947863125115,24.361782325961018,300.09107488571137,356.00361327288069,6458.888237185847,0.0,0.0,143.64823582009647,171.54923074159806,2150.2107358386467,907.3951846422773,21.83478742600602,39.373937603911148,21.75,30.0,0.0,22.50606633668484,42.04982021452597,21.0,30.0,1295.9137744705527,21.76980321706067,39.18826529126348,21.5,30.0,0.0,21.159424073007555,40.96060663974197,16.0,30.0,0.0,18.62388579949129,49.915307399657589,12.0,30.0,0.0,22.044170996794713,47.85249066408006,19.0,30.0,0.0,19.263663766267343,47.42073654606588,10.0,30.0,0.0,19.113830750995175,48.47048648418195,12.0,30.0,0.0,18.181107670798096,51.35861509104931,16.0,30.0,0.0,19.879151183732618,0.0,0.0,0.0,17.64528594766447,0.0,0.0,725.0849023611137,951.9072696463495,706.460351286456,720.5092478883898,804.6448974328924,1217.3748746344482,783.2637705028283,815.3736685648934,809.9725027233457,7938.672589465072,81.09523374291205,83.05551212348444,570.0,0.0,570.0,570.0,21.0,16.0,19.0,16.0,12.0,12.0,21.0,10.0,1.0,0.0,907.3951846422773,0.0,1295.9137744705527,0.0,0.0,0.0,0.0,0.0,2966.268400632004,1779761.0403792025,2306653.5853488889,81.09523374291205,83.08880415806417,0.26887561335440016,0.5774097546777631,0.27021103051474468,83.08880415806417,0.2656985864579156,2306653.5853488889,0.12906598643814225 
 03/29  20:30:00,10.135,70.0,4.73,0.0,0.0,0.0,0.0,0.0,2.0,0.0,0.0,4.0,0.0,0.0,0.0,1588.0,0.0,0.0,0.0,0.0,0.0,0.0,0.0,0.0,0.0,0.0,0.0,21.200749673188445,-224.26863084609705,22.30693470113725,-221.4776041110598,20.834113149426888,-190.4135722329197,20.60046062031012,119.61590852336758,18.676331639667148,11.655030137300358,21.871962686546348,-39.46437032116785,19.077429790663048,-9.64909404785567,18.573327521520285,-10.399574815921853,18.276151509774647,-112.05421980304664,470.53448720959207,552.684565804544,0.0,0.0,0.0,0.0,0.0,0.0,0.0,0.0,0.0,0.0,0.0,0.0,0.0,0.0,0.0,0.0,0.0,0.0,0.0,0.0,0.0,0.0,1.2184781918562695,0.3719408400049663,125.08149567375854,147.406296724176,2838.43638706232,0.015871085336558727,0.0024223268218190976,42.418294432203918,49.714221285169347,1041.5725071225784,1.1960957255357843,0.2260196004413803,149.44367869643518,176.50892251856787,3296.4313332794474,0.25955178526888847,0.0490460667552699,136.37510757036186,161.1674100389641,2996.1020605672367,0.0,0.0,6.998290127550249,8.320504815748082,120.06143313044072,0.0,0.0,15.081990928453572,17.68966684604989,359.9530973882423,0.0,0.0,184.476961378087,218.91942841674763,3358.465159419283,0.0,0.0,9.863318307023093,11.718436044863111,171.87891176967694,0.0,0.0,148.37123336194797,176.70004188100558,2389.519067285003,35.13357373409757,24.097101326541549,158.15439784008664,187.74620223075014,3657.3478073399467,0.0,0.0,151.96754015363704,181.2883075481975,2300.855341805678,559.2408774186595,21.520654848035357,40.74816549689564,21.5,30.0,0.0,22.50950043244722,42.18597393942833,21.0,30.0,9.571296997392464,21.066118783445455,40.8594373106592,21.0,30.0,0.0,21.05243495288938,41.46048077082659,16.0,30.0,0.0,18.652314232394415,50.027749820749949,12.0,30.0,0.0,22.129858171418275,47.85687961170933,19.0,30.0,0.0,19.18940148511377,47.66028822150369,10.0,30.0,0.0,18.792202334796668,49.32892660798119,12.0,30.0,0.0,18.113872642746263,51.48190293619035,16.0,30.0,0.0,19.290733694203426,0.0,0.0,0.0,17.607912279797089,0.0,0.0,756.0748704000832,961.5932870118093,705.368344517138,732.4238721609643,814.7046619228127,1228.8956249808869,784.3653145919961,807.8292531375164,805.7708028900638,9593.58030541363,81.6614868634532,81.6614868634532,570.0,0.0,570.0,570.0,21.0,16.0,19.0,16.0,12.0,12.0,21.0,10.0,1.0,0.0,559.2408774186595,0.0,9.571296997392464,0.0,0.0,0.0,0.0,0.0,0.0,0.0,0.0,81.6614868634532,81.6614868634532,0.34,0.7689188740878874,0.36028137401965956,81.6614868634532,0.3542647819438875,0.0,0.008835 
 03/29  20:40:00,10.013333333333334,70.33333333333333,4.68,0.0,0.0,0.0,0.0,0.0,2.0,0.0,0.0,4.0,0.0,0.0,0.0,3176.0,0.0,0.0,0.0,0.0,0.0,0.0,0.0,0.0,0.0,0.0,0.0,21.354147675792598,-108.4591695125248,22.275682937345075,-208.07848005659839,21.39374285769626,-1215.9148728601143,20.61394600660165,350.31986039318266,18.698706213855549,9.316113205484279,21.904819045352246,-45.8387606681265,19.023687224603344,24.262275941089457,18.44043832734043,-22.677369058410464,18.235509535457333,-119.85067683914895,711.1167352132472,540.8708482081768,0.0,0.0,0.0,0.0,0.0,0.0,0.0,0.0,0.0,0.0,0.0,0.0,0.0,0.0,0.0,0.0,0.0,0.0,0.0,0.0,0.0,0.0,1.2346504774521377,0.3768774351197001,198.89826560734088,234.85553670398765,4561.052709055944,0.019227915324903638,0.002934663511126929,40.001304259613018,46.98589986232078,989.2856698831112,1.1331759192690938,0.21412999230330577,355.5824941466337,418.9291609041037,8411.482741183736,0.27544154474849666,0.05204866680810593,224.01153954679129,264.2997420441729,4993.120143470314,0.0,0.0,6.854958026292714,8.158723054692832,119.55166456956425,0.0,0.0,15.41537232772562,18.10657171230571,373.0332694776144,0.0,0.0,180.82941609016269,214.93658074713719,3303.801555494684,0.0,0.0,11.878507427264289,14.13851883132569,205.14769392586789,0.0,0.0,140.29042427082258,167.33931147065133,2280.5112640159907,35.263584195994649,24.186271739365336,358.84847097404465,425.3179419648293,7956.102464748102,0.0,0.0,148.4100268100987,177.3786431475321,2244.296206128052,0.0,21.455472980827144,40.47149388828115,21.0,30.0,0.0,22.475498984010277,41.95926546631544,21.0,30.0,1688.1866988176399,21.84784585531732,39.061849107074838,21.5,30.0,0.0,21.11460761520519,41.16360756106563,16.0,30.0,0.0,18.67350707978217,50.12860629215934,12.0,30.0,0.0,22.180355741475116,47.852183933657688,19.0,30.0,0.0,19.099924083566749,47.87933189601799,10.0,30.0,0.0,18.592068700192124,49.955912748530007,12.0,30.0,0.0,18.06699783545492,51.59743804315228,16.0,30.0,0.0,19.96552811753609,0.0,0.0,0.0,17.47524108133708,0.0,0.0,736.3814218003374,946.8972004631204,712.3177795903703,727.2742836478965,822.6095022921504,1234.681845130334,782.7336124255708,807.096024961867,804.3053810576275,3980.1005131043386,83.18817009248289,83.18817009248289,570.0,0.0,570.0,570.0,21.0,16.0,19.0,16.0,12.0,12.0,21.0,10.0,1.0,0.0,0.0,0.0,1688.1866988176399,0.0,0.0,0.0,0.0,0.0,0.0,0.0,0.0,83.18817009248289,83.18817009248289,0.17,0.3857835756066646,0.18014068700982978,83.18817009248289,0.17713239097194376,0.0,0.00855 
 03/29  20:50:00,9.891666666666668,70.66666666666667,4.63,0.0,0.0,0.0,0.0,0.0,2.0,0.0,0.0,4.0,0.0,0.0,0.0,1590.0,0.0,0.0,0.0,0.0,0.0,0.0,0.0,0.0,0.0,0.0,0.0,21.044391657262098,-109.79594770634322,22.269959286599769,-200.97007439713833,21.14727133636016,-624.7830988481583,20.581788662916084,59.55548536860033,18.720185067303065,9.866342844401516,21.92706110151766,-45.730282653982047,19.01095540159229,9.496545024285297,18.311172306148316,-26.01774956311789,18.187224365644359,-124.26436827048019,721.0053351940451,574.6796589837927,0.0,0.0,0.0,0.0,0.0,0.0,0.0,0.0,0.0,0.0,0.0,0.0,0.0,0.0,0.0,0.0,0.0,0.0,0.0,0.0,0.0,0.0,1.2424845318941127,0.3792687826294605,198.32923927192489,233.74030307673258,4480.835133357196,0.00012353155742175298,0.000018854022805517858,42.26774929774121,49.55834902196594,1056.0961971016182,1.238221144654361,0.2339798081357448,344.47795660565989,405.9132921962003,7946.903558815923,0.263429640449123,0.04977884362228324,197.29049390062878,232.89059643093897,4401.888823304687,0.0,0.0,6.748685402960958,8.021067546605142,119.66343819984124,0.0,0.0,15.555906547095472,18.240395968144275,381.3850154436633,0.0,0.0,183.74555932228214,218.12830891913729,3394.838909929191,0.0,0.0,14.773066680304297,17.57250024761194,253.09285482167673,0.0,0.0,140.22871666897565,167.0728206191347,2297.220419731949,35.13311140935716,24.096784231383525,341.72349038178586,404.58161023529467,7653.927279686604,0.0,0.0,151.26981771278578,180.60870090918577,2296.54167531205,74.79095182304892,21.18322420929292,41.23542092177955,21.0,30.0,0.0,22.484682597083379,42.1515550911208,21.0,30.0,1113.3820546590776,21.49310218313196,39.913979626169147,21.5,30.0,0.0,21.012469727258837,41.26605180976438,16.0,30.0,0.0,18.695553354665223,50.172135041751207,12.0,30.0,0.0,22.217319444182964,47.769298679783819,19.0,30.0,0.0,19.078491035104834,47.99041133097859,10.0,30.0,0.0,18.3927035029972,50.590513572886028,12.0,30.0,0.0,18.00476200767958,51.80640442389793,16.0,30.0,0.0,20.040634911895205,0.0,0.0,0.0,17.37906337172521,0.0,0.0,741.1367775338957,960.212151906775,713.1891830162424,721.1117227860339,828.1930310299499,1234.242969227653,785.0870467930181,806.6577563183266,804.7856832658383,7898.204896919628,82.7824714028026,82.7824714028026,570.0,0.0,570.0,570.0,21.0,16.0,19.0,16.0,12.0,12.0,21.0,10.0,1.0,0.0,74.79095182304892,0.0,1113.3820546590776,0.0,0.0,0.0,0.0,0.0,0.0,0.0,0.0,82.7824714028026,82.7824714028026,0.34,0.7700218192206497,0.36028137401965956,82.7824714028026,0.3542647819438875,0.0,0.008328333333333334 
 03/29  21:00:00,9.77,71.0,4.58,0.0,0.0,0.0,0.0,0.0,2.0,0.0,0.0,4.0,0.0,0.0,0.0,3180.0,0.0,0.0,0.0,0.0,0.0,0.0,0.0,0.0,0.0,0.0,0.0,21.404741712322286,-530.0398881086435,22.255848973252399,-208.45425249397273,21.229063293701928,-390.1471100593494,20.493250833928248,240.62395919573874,18.738706033256756,9.74874463189552,21.935977948653318,-52.9493356475964,19.011591104971325,26.01292631350134,18.220464189455627,-31.85852668533215,18.142565164930617,-136.66349131599623,643.6375593339217,619.2016723197965,0.0,0.0,0.0,0.0,0.0,0.0,0.0,0.0,0.0,0.0,0.0,0.0,0.0,0.0,0.0,0.0,0.0,0.0,0.0,0.0,0.0,0.0,1.2028490452324015,0.3671700382272288,195.96593726955488,231.00680179478909,4682.093457548465,0.02049515918752122,0.0031280767990722257,40.19672411755994,47.210291109989757,1013.5735379791323,1.2729177400181049,0.24053623205179618,270.62528672544058,319.31653347607917,6295.268915881053,0.2969010390867676,0.056103748882609136,248.3551793496106,293.4590922911859,5514.938604615654,0.0,0.0,7.129643935073782,8.484749444976279,128.3863452894422,0.0,0.0,15.659463940028307,18.390963719383874,388.05222223767989,0.0,0.0,194.51482086229889,231.2032226704823,3646.517605668639,0.0,0.0,18.068800766021039,21.534298234898935,309.49320098151557,0.0,0.0,144.9048488327078,172.90107242817755,2393.2428015961925,35.15085620121718,24.10895487051934,278.0064407958415,329.8548814413076,6273.901237006653,0.0,0.0,159.19958162603462,190.36198969226337,2438.592291695766,766.4820330228063,21.662225553348308,39.95688430734587,21.5,30.0,0.0,22.475115146522968,42.11982060424923,21.0,30.0,0.0,21.392309524897187,39.99460812844477,21.0,30.0,0.0,20.889713801209007,41.6380647071673,16.0,30.0,0.0,18.713409548211808,50.192004874893388,12.0,30.0,0.0,22.23179612995146,47.736813906172347,19.0,30.0,0.0,19.092106801087416,47.87336011497832,10.0,30.0,0.0,18.26488583552139,51.011205984905689,12.0,30.0,0.0,17.949824528128226,52.00165495322892,16.0,30.0,0.0,19.781132619756638,0.0,0.0,0.0,17.323983006057344,0.0,0.0,738.4878053766482,958.9620216615402,707.7372712292156,725.4612174141614,831.9300023543422,1233.8336273330093,782.677028823162,807.0435727392907,805.7778041902658,4758.743695247829,81.78393157192994,81.78393157192994,570.0,0.0,570.0,570.0,21.0,16.0,19.0,16.0,12.0,12.0,21.0,10.0,1.0,0.0,766.4820330228063,0.0,0.0,0.0,0.0,0.0,0.0,0.0,0.0,0.0,0.0,81.78393157192994,81.78393157192994,0.17,0.38583259012403939,0.18014068700982978,81.78393157192994,0.17713239097194376,0.0,0.008106666666666665 
 03/29  21:10:00,9.675,71.66666666666667,4.5,0.0,0.0,0.0,0.0,0.0,2.0,0.0,0.0,4.0,0.0,0.0,0.0,795.0,0.0,0.0,0.0,0.0,0.0,0.0,0.0,0.0,0.0,0.0,0.0,21.006540013586208,-430.7788684962452,22.213055297520197,-244.13891301380137,20.812763104277729,49.41055094532294,20.399995548731295,72.3889113420937,18.761317024156204,11.318022125024186,21.944274141680894,-46.49208626629286,18.95243939862821,-11.160840584627295,18.124171875463078,-27.312658461820435,18.100264970553483,-115.72726921148842,532.2506361857231,640.996991553825,0.0,0.0,0.0,0.0,0.0,0.0,0.0,0.0,0.0,0.0,0.0,0.0,0.0,0.0,0.0,0.0,0.0,0.0,0.0,0.0,0.0,0.0,1.2428589936486685,0.37938308719434329,204.35883263614989,240.44737035808738,4650.354920952902,0.0,0.0,45.51713290013355,53.24554889698324,1150.7666663285746,1.3224173736812417,0.24988990432374193,157.72704193571065,185.55332527344636,3595.543014063022,0.2713364879784861,0.051272956912034397,132.2398551730039,155.78545150159386,2916.368046720263,0.0,0.0,6.629597891659584,7.856866706750958,121.08399278007565,0.0,0.0,15.777188339710558,18.439497627285268,394.7656892393562,0.0,0.0,192.60410135082643,228.13194866163293,3602.735974355166,0.0,0.0,18.871157027258499,22.415924214523604,321.82682335962007,0.0,0.0,145.19666320772778,172.6049406758011,2413.3481411143909,34.70998726806003,23.806575629670815,171.53255724061337,203.005796800513,4021.383283246567,0.0,0.0,160.50110587902695,191.21781367169704,2470.2916827520186,417.9646066231602,21.0146271276779,41.47129204927544,21.0,30.0,0.0,22.408541673838557,42.005451397284847,21.0,30.0,0.0,21.00816153653532,42.163912548572969,21.0,30.0,0.0,20.697164029595937,41.643314128268489,16.0,30.0,0.0,18.74136301904819,50.21901451356481,12.0,30.0,0.0,22.24950782912078,47.708276007634129,19.0,30.0,0.0,18.968463191881296,48.50917938767104,10.0,30.0,0.0,18.121355242340998,51.413387571527007,12.0,30.0,0.0,17.9002850328389,52.036203194379577,16.0,30.0,0.0,19.406819673137876,0.0,0.0,0.0,17.25988300644714,0.0,0.0,736.1056318746628,946.7728045552624,767.7924724111274,704.7123214524083,837.802638919624,1234.6809165794448,794.7981330373308,805.0495150712956,801.4363401756718,2409.255630594731,86.40949124345819,86.40949124345819,570.0,0.0,570.0,570.0,21.0,16.0,19.0,16.0,12.0,12.0,21.0,10.0,1.0,0.0,417.9646066231602,0.0,0.0,0.0,0.0,0.0,0.0,0.0,0.0,0.0,0.0,86.40949124345819,86.40949124345819,0.34,0.6181978439212296,0.36028137401965956,86.40949124345819,0.3542647819438875,0.0,0.007885 
 03/29  21:20:00,9.58,72.33333333333334,4.42,0.0,0.0,0.0,0.0,0.0,2.0,0.0,0.0,4.0,0.0,0.0,0.0,3184.0,0.0,0.0,0.0,0.0,0.0,0.0,0.0,0.0,0.0,0.0,0.0,21.47720995061598,-665.6821084267529,22.187277706993787,-232.1323235162509,21.218563702850959,-685.7437917667253,20.370406644041585,244.11966325364694,18.77462311214203,9.8991113560636,21.941886470089153,-56.16577619707115,18.963282719881386,17.424673862700275,18.072806163568765,-34.330435895234277,18.064533863654959,-150.0052400061047,642.3770698426183,651.8867050367983,0.0,0.0,0.0,0.0,0.0,0.0,0.0,0.0,0.0,0.0,0.0,0.0,0.0,0.0,0.0,0.0,0.0,0.0,0.0,0.0,0.0,0.0,1.152931560054323,0.35193271063929279,258.4884812148373,304.5815393382296,6194.422513250228,0.0,0.0,41.11941061362485,48.31885724492565,1044.6720969405074,1.377188665816592,0.2602397327695753,340.72819291013658,401.3480110918342,8163.699215388944,0.30261760345826119,0.057183976466035738,206.54440378230164,243.9294359408496,4603.449553944696,0.0,0.0,6.977226881189565,8.302603355155702,128.82988647815996,0.0,0.0,15.82630995228077,18.587001017484508,398.61687323813956,0.0,0.0,196.606672441903,233.76751277964068,3730.523485123524,0.0,0.0,20.118704087408767,23.99841138218917,344.4214898570402,0.0,0.0,144.8289862726993,172.87151696490043,2421.357344874751,34.66575541717076,23.776238283381877,349.4414677887992,414.1192646448683,7871.378514398012,0.0,0.0,161.1576609520289,192.81487407345586,2481.3573041047104,930.8696445403234,21.633017690393428,39.616709789308178,21.5,30.0,0.0,22.383145075471913,42.007843242856157,21.0,30.0,1393.1167101995032,21.45269427967343,40.17366063928748,21.5,30.0,0.0,20.681916304229824,42.74613923220885,16.0,30.0,0.0,18.751819658993769,50.21309159891277,12.0,30.0,0.0,22.24666697841888,47.633091189139609,19.0,30.0,0.0,19.01227565043593,48.01642155462937,10.0,30.0,0.0,18.062493096144754,51.625921646635138,12.0,30.0,0.0,17.857719297223157,52.27136324985818,16.0,30.0,0.0,19.730781173997039,0.0,0.0,0.0,17.16869881329563,0.0,0.0,721.4718321482957,945.3858944388364,725.5316317020281,755.6244074659488,839.3974457978459,1230.4832985893064,780.6304988926916,806.402542746721,806.0372672037104,6782.07074160258,83.52006567769772,83.52006567769772,570.0,0.0,570.0,570.0,21.0,16.0,19.0,16.0,12.0,12.0,21.0,10.0,1.0,0.0,930.8696445403234,0.0,1393.1167101995032,0.0,0.0,0.0,0.0,0.0,0.0,0.0,0.0,83.52006567769772,83.52006567769772,0.34,0.7681823630565017,0.36028137401965956,83.52006567769772,0.3542647819438875,0.0,0.0077266666666666659 
 03/29  21:30:00,9.485,73.0,4.34,0.0,0.0,0.0,0.0,0.0,2.0,0.0,0.0,4.0,0.0,0.0,0.0,3185.0,0.0,0.0,0.0,0.0,0.0,0.0,0.0,0.0,0.0,0.0,0.0,21.3035257890173,-130.17260143514887,22.173817307788519,-226.83454835721626,20.98212563144292,-565.0350987628183,20.43745917272893,124.12731753968206,18.790174163205309,11.627491691536314,21.93766481157296,-49.90907090980576,18.91114856616845,-42.76882176734148,18.012621907082555,-34.09388118071578,18.011653253936524,-158.15921730578294,628.9154075185397,652.4285452291986,0.0,0.0,0.0,0.0,0.0,0.0,0.0,0.0,0.0,0.0,0.0,0.0,0.0,0.0,0.0,0.0,0.0,0.0,0.0,0.0,0.0,0.0,1.2931767483799333,0.3947425971855718,181.51225311559089,214.47121824739706,4265.465787346733,0.0,0.0,44.86918058538798,52.71220015100313,1147.8771937163099,1.2563394448739969,0.23740352321882039,288.70139941889996,341.0301948717168,6803.283701239891,0.2719205636110023,0.051383326457105488,194.20205538805613,229.58956570176358,4394.173377677296,0.0,0.0,6.762501935245156,8.04680683086843,126.38195035778417,0.0,0.0,16.038951899811879,18.837009122661855,406.98206241845397,0.0,0.0,192.1079014111627,228.5296096613206,3641.1277134975296,0.0,0.0,19.64312171317489,23.44001544410831,337.0593967786006,0.0,0.0,144.14678754290885,172.11988337339029,2418.1470112170566,34.453195142718367,23.63044934342824,292.62406229750266,347.3861034490252,6747.0451788638279,0.0,0.0,160.35438873198809,191.93927300497877,2471.5961534743476,447.3014572659514,21.32041814853022,41.09137827161812,21.25,30.0,0.0,22.376645150820818,42.108708493642499,21.0,30.0,154.81601033584043,21.233857075381029,40.6211855786123,21.0,30.0,0.0,20.792711256555536,41.982551057473319,16.0,30.0,0.0,18.76884711497415,50.210119502942067,12.0,30.0,0.0,22.245920275231378,47.612264427394588,19.0,30.0,0.0,18.904796954811365,48.440788609568887,10.0,30.0,0.0,17.984120551011775,51.833538653804918,12.0,30.0,0.0,17.788308733173627,52.37708476078856,16.0,30.0,0.0,19.614525901788768,0.0,0.0,0.0,17.0803612410768,0.0,0.0,757.4028442307266,951.7526286795803,723.2999149789509,734.9381625642242,842.5860504642249,1230.3496821203767,786.4054187192129,805.7575683801831,802.843181975469,4156.057802349309,83.08865110331094,83.08865110331094,570.0,0.0,570.0,570.0,21.0,16.0,19.0,16.0,12.0,12.0,21.0,10.0,1.0,0.0,447.3014572659514,0.0,154.81601033584043,0.0,0.0,0.0,0.0,0.0,0.0,0.0,0.0,83.08865110331094,83.08865110331094,0.17,0.34606314855163136,0.18014068700982978,83.08865110331094,0.17713239097194376,0.0,0.007568333333333334 
 03/29  21:40:00,9.39,73.66666666666667,4.26,0.0,0.0,0.0,0.0,0.0,2.0,0.0,0.0,4.0,0.0,0.0,0.0,3188.0,0.0,0.0,0.0,0.0,0.0,0.0,0.0,0.0,0.0,0.0,0.0,21.498612267862577,-195.54654465766044,22.163714263386546,-168.4207345633597,21.22374902924501,-1052.6679944911398,20.56873987504865,410.791304753978,18.803071181530187,8.302830089859015,21.92784185020935,-64.59505970331765,18.908169395238333,17.139152007036729,17.95994244869997,-36.45955166635315,17.96058046437232,-162.34384336922995,693.6332078732817,718.5702723169816,0.0,0.0,0.0,0.0,0.0,0.0,0.0,0.0,0.0,0.0,0.0,0.0,0.0,0.0,0.0,0.0,0.0,0.0,0.0,0.0,0.0,0.0,1.257517138723519,0.3838574904528447,158.01075824852706,186.22350199012434,3843.4914831313847,0.07029120653536245,0.01072820612566582,35.445512535783439,41.63523943805877,915.5545936666523,1.2287510629256802,0.23219029911671974,334.06543467386526,394.0494818064374,8209.477138574288,0.31326291737201336,0.05919556261753841,293.0826711989809,346.4148311063013,6831.568766254365,0.0,0.0,7.245802663831549,8.622120913948994,136.9746112156625,0.0,0.0,15.900645660939995,18.67544447061218,406.1166302059685,0.0,0.0,208.60952191265756,248.16344129554745,3999.0398499633945,0.0,0.0,21.282734405721624,25.403311492234566,366.49158118854077,0.0,0.0,153.76607341414155,183.66082676149655,2589.4271633942687,34.68694410086012,23.790770988244259,335.61189667706057,398.20434435262208,7819.643522524699,0.0,0.0,171.4319689066372,205.22709780399283,2668.4644685233336,0.0,21.545708086242365,40.60062001299919,21.0,30.0,0.0,22.378857234647137,42.53936366386135,21.0,30.0,1355.6553226206468,21.639285741190997,39.79709654515572,21.5,30.0,0.0,21.077778361481486,41.46250268599229,16.0,30.0,0.0,18.78139291695654,50.19418758752745,12.0,30.0,0.0,22.233942658162769,47.60025384006538,19.0,30.0,0.0,18.919283196832848,48.48635954694923,10.0,30.0,0.0,17.91727913041082,52.08046396870679,12.0,30.0,0.0,17.723192385985717,52.72472820953533,16.0,30.0,0.0,19.86118935985488,0.0,0.0,0.0,17.057567578311134,0.0,0.0,762.3959582965105,976.910764068526,731.958364124755,746.1156000329793,844.7293583557078,1229.090692496834,791.7280280678085,808.3778751091628,809.61184366597,4548.006147310154,81.67423589404565,81.67423589404565,570.0,0.0,570.0,570.0,21.0,16.0,19.0,16.0,12.0,12.0,21.0,10.0,1.0,0.0,0.0,0.0,1355.6553226206468,0.0,0.0,0.0,0.0,0.0,0.0,0.0,0.0,81.67423589404565,81.67423589404565,0.17,0.38571888101658327,0.18014068700982978,81.67423589404565,0.17713239097194376,0.0,0.00741 
 03/29  21:50:00,9.294999999999999,74.33333333333333,4.18,0.0,0.0,0.0,0.0,0.0,2.0,0.0,0.0,4.0,0.0,0.0,0.0,797.0,0.0,0.0,0.0,0.0,0.0,0.0,0.0,0.0,0.0,0.0,0.0,21.018226024175399,-35.295683591481068,22.129416888721019,-257.8732176436133,20.85910509811614,-469.8039131462083,20.462135942493157,88.7590298636369,18.817449930603595,11.182539424890252,21.918470204270265,-51.896829212485958,18.846344282445228,-30.216593066727,17.908173166879398,-32.79759246705919,17.91537601109135,-146.25375347744467,522.2206895884137,710.3529344864783,0.0,0.0,0.0,0.0,0.0,0.0,0.0,0.0,0.0,0.0,0.0,0.0,0.0,0.0,0.0,0.0,0.0,0.0,0.0,0.0,0.0,0.0,1.3200143321050162,0.402934777809834,62.78707599054573,73.8473079574197,1498.391604404757,0.0,0.0,43.81067139417691,51.27102248196355,1133.4415229172083,1.2851057183924498,0.24283932698270034,149.0137430910812,175.3941902981601,3512.5061456170717,0.26664510125733717,0.05038645148475757,150.47480832732146,177.15571849883407,3465.9674021012117,0.0,0.0,6.874849981997389,8.146081077299773,131.6054258049246,0.0,0.0,16.06162786964133,18.774819210049704,413.3825248357028,0.0,0.0,198.5259423158753,235.30540172763348,3801.3423354700787,0.0,0.0,20.535286318517995,24.416679494938223,355.07493079821009,0.0,0.0,149.23322910124916,177.550865631346,2527.4984567810636,34.19175915637386,23.451137967334618,148.02108582335883,175.24015139487626,3652.792396038441,0.0,0.0,166.4382887391198,198.4998598380619,2593.8408321760359,0.0,21.011466856890875,43.30686119538243,21.0,30.0,0.0,22.320701065937667,42.04008735214997,21.0,30.0,440.90724422819479,21.011197510213394,40.330014992615968,21.0,30.0,0.0,20.81346778483787,42.586452813991908,16.0,30.0,0.0,18.799810052025085,50.265626802352539,12.0,30.0,0.0,22.22806697464985,47.74451819643939,19.0,30.0,0.0,18.802735805840748,48.85057582851451,10.0,30.0,0.0,17.850429487615928,52.39235384280132,12.0,30.0,0.0,17.669413362183275,52.98017125386741,16.0,30.0,0.0,19.295716561869843,0.0,0.0,0.0,16.96719599894311,0.0,0.0,829.6136734157263,942.7113082445021,683.1616198789426,768.0077082894907,851.7443069090059,1237.6674885417363,792.6518163167838,813.4441305151727,813.3944622467158,2494.0584528317697,86.35348536705023,86.35348536705023,570.0,0.0,570.0,570.0,21.0,16.0,19.0,16.0,12.0,12.0,21.0,10.0,1.0,0.0,0.0,0.0,440.90724422819479,0.0,0.0,0.0,0.0,0.0,0.0,0.0,0.0,86.35348536705023,86.35348536705023,0.34,0.6190157237469478,0.36028137401965956,86.35348536705023,0.3542647819438875,0.0,0.006966666666666667 
 03/29  22:00:00,9.2,75.0,4.1,0.0,0.0,0.0,0.0,0.0,2.0,0.0,0.0,4.0,0.0,0.0,0.0,3192.0,0.0,0.0,0.0,0.0,0.0,0.0,0.0,0.0,0.0,0.0,0.0,21.383235016856568,-182.42638367917562,22.1069672713099,-206.38425598693835,21.499841421724449,-1394.6644919566173,20.550811925012679,378.4171742670313,18.82477925573032,8.025173895436936,21.90983515475308,-59.937433619164668,18.816444253821829,-3.838873781502116,17.877069897075928,-35.557449917594599,17.87927054741698,-173.49418665681947,697.7932896848338,678.6012638880206,0.0,0.0,0.0,0.0,0.0,0.0,0.0,0.0,0.0,0.0,0.0,0.0,0.0,0.0,0.0,0.0,0.0,0.0,0.0,0.0,0.0,0.0,1.3305393065805753,0.40614752948125018,264.9301933259684,312.33800703363939,6539.788536606916,0.05746915161885845,0.008771238037066309,39.29943076416988,46.211613449278917,1023.4873813511894,1.167084406259658,0.2205374917346293,383.7832018814953,452.16281856843696,9657.323843625483,0.28632874996502935,0.05410596182256789,244.59959673410445,288.8038467333035,5805.260009362536,0.0,0.0,7.230306723234882,8.60084513591626,139.78618086941436,0.0,0.0,16.119942860351835,18.93493718389084,417.4436088456064,0.0,0.0,193.69123349926026,230.4940641915353,3732.3222915570706,0.0,0.0,19.29585732145832,23.035892779545667,336.05400032254598,0.0,0.0,144.01413151524489,172.05822865338397,2454.0232732446686,34.20327061527727,23.459033343811578,389.3641171321407,461.53796150935116,9171.030659772585,0.0,0.0,159.87295047199468,191.5195168564075,2481.29978609073,583.687395165805,21.52166111758097,40.50439014945175,21.5,30.0,0.0,22.30299329366428,42.29050063792307,21.0,30.0,1949.30019461281,21.855260171773844,39.14782320581635,21.5,30.0,0.0,21.032280366887556,41.36805385344418,16.0,30.0,0.0,18.80515729111254,50.31230223061222,12.0,30.0,0.0,22.221855902702698,47.68098940390054,19.0,30.0,0.0,18.770728678684074,49.14238301970223,10.0,30.0,0.0,17.821891826158809,52.5310714196801,12.0,30.0,0.0,17.629487150839279,53.2082007511821,16.0,30.0,0.0,19.84872867519723,0.0,0.0,0.0,16.841451683352319,0.0,0.0,753.2836500564401,954.1527159481317,726.0471422487507,736.110908816439,855.0502705306415,1233.9430214431826,801.451239011298,815.6884707428346,817.7350771101606,8054.641480586591,82.67895791180183,82.67895791180183,570.0,0.0,570.0,570.0,21.0,16.0,19.0,16.0,12.0,12.0,21.0,10.0,1.0,0.0,583.687395165805,0.0,1949.30019461281,0.0,0.0,0.0,0.0,0.0,0.0,0.0,0.0,82.67895791180183,82.67895791180183,0.34,0.7691390616016368,0.36028137401965956,82.67895791180183,0.3542647819438875,0.0,0.006523333333333333 
 03/29  22:10:00,9.145,75.66666666666667,4.056666666666667,0.0,0.0,0.0,0.0,0.0,2.0,0.0,0.0,4.0,0.0,0.0,0.0,7182.0,0.0,0.0,0.0,0.0,0.0,0.0,0.0,0.0,0.0,0.0,0.0,21.32564328571446,-392.88915898021329,22.106206054844628,-239.98745821300066,21.205519025718588,-223.99274323473265,20.54284428427967,82.46963093036266,18.82674926249023,2.448041955188093,21.893626221965208,-45.44307536757982,18.894243090423918,-35.17897054797541,17.82323147876916,-64.31009428475777,18.958568518430746,-258.5034322585402,534.9287172590466,711.6644522620139,0.0,0.0,0.0,0.0,0.0,0.0,0.0,0.0,0.0,0.0,0.0,0.0,0.0,0.0,0.0,0.0,0.0,0.0,0.0,0.0,0.0,0.0,1.2913203683124537,0.39417593660331326,152.0975410095185,179.72273650407997,3740.7966575717366,0.017032773665861573,0.002599629680381804,41.71313149103822,49.042551780227167,1090.8228255831294,1.3354581473658765,0.2523541472724636,168.5238750105389,199.3406804758419,4084.4859824179955,0.2763291345897309,0.05221638975618495,150.96101086037553,178.60416197962645,3570.5450657834596,0.0,0.0,6.905385375343711,8.222491195422155,134.21090420938217,0.0,0.0,15.60554783548526,18.348504902325588,405.29428683605877,0.0,0.0,156.7513299624777,186.59442334807924,3074.153499742698,0.0,0.0,31.796770174321759,37.98205770412968,552.2711964841428,0.0,0.0,119.8693777650138,142.37050360862626,2468.76990092517,33.9661021146268,23.296366333763243,175.93446559366647,209.30525382150499,4352.438875890563,0.0,0.0,126.16151804457945,151.1999304878006,1971.097076398288,231.0298327366224,21.33285447062408,40.871222178397399,21.111111111111108,29.999999999999994,0.0,22.316506157224926,42.66203638059037,20.999999999999998,29.999999999999994,467.93521604031209,21.214280014908728,40.803714740468787,21.111111111111108,29.999999999999994,0.0,20.96757817145936,41.65351731910967,15.999999999999997,29.999999999999994,0.0,18.802753458477619,50.183867651147497,11.999999999999997,29.999999999999994,0.0,22.206208666439168,46.52596357681551,18.999999999999998,29.999999999999994,0.0,18.915759101406655,48.53258474146034,9.999999999999999,29.999999999999994,0.0,17.74688618803308,52.93133445638083,11.999999999999997,29.999999999999994,1894.643469224375,19.352244240532177,47.68673177597279,19.777777777777776,29.999999999999994,0.0,19.352024926372164,0.0,0.0,0.0,16.767874692755858,0.0,0.0,748.071430686818,975.7907444754999,729.9841220991923,741.7410973247449,850.0503160670319,1208.2953773609498,794.9822628489931,823.0419680811655,812.914394877588,9739.027488594718,81.5652808137562,82.36124268631306,569.9999999999999,0.0,569.9999999999999,569.9999999999999,21.0,16.0,19.0,19.0,12.0,12.0,21.0,10.0,1.0,0.0,231.0298327366224,0.0,467.93521604031209,0.0,0.0,0.0,0.0,1894.643469224375,1204.5579677877368,722734.7806726419,945870.548253404,81.5652808137562,82.37476076132114,0.3423741544818135,0.7700549880774085,0.36028137401965945,82.37476076132114,0.3542647819438875,945870.548253404,0.05526526850917699 
 03/29  22:20:00,9.09,76.33333333333334,4.013333333333334,0.0,0.0,0.0,0.0,0.0,2.0,0.0,0.0,4.0,0.0,0.0,0.0,3192.0,0.0,0.0,0.0,0.0,0.0,0.0,0.0,0.0,0.0,0.0,0.0,21.473824518395078,-438.16658756340407,22.07988483364955,-181.5669539688797,21.392044454600716,-908.3874152547595,20.560979309654358,391.5356772304457,18.82244569411388,-2.6772980907364505,21.88216629357823,-49.95725163949363,18.829870821913937,39.81130449518538,17.75822698380194,-61.056056579075299,19.007987400101,-148.10760602393263,661.9991296836353,662.5922497805979,0.0,0.0,0.0,0.0,0.0,0.0,0.0,0.0,0.0,0.0,0.0,0.0,0.0,0.0,0.0,0.0,0.0,0.0,0.0,0.0,0.0,0.0,1.2688677555280277,0.38732226969720026,114.98301354007062,135.5475568449764,2934.0352225816375,0.08813889073906936,0.013452211651262114,33.77313424796146,39.698039013791788,887.1405891066644,1.2726994867121478,0.24049498993048913,258.0170289049555,303.97369743204879,6534.639534757302,0.3119965621880782,0.05895626647544939,268.2297640706254,316.73574296408307,6411.666809806428,0.0,0.0,7.628679972424978,9.076420038496107,148.94969869564026,0.0,0.0,14.577449910648891,17.131774663536264,379.9635289175501,0.0,0.0,149.7108675850065,178.13978489412998,2931.5638922842874,0.0,0.0,34.40067453725358,41.091245246938118,595.5980298604984,0.0,0.0,121.36191521170804,144.12963836576845,2509.272155627794,34.19496838756889,23.453339086124076,265.5901156666115,315.07612265489169,6381.750678374296,0.0,0.0,114.63318600271058,137.36613967304616,1784.2637009618614,541.9473514682416,21.74522350619121,39.99490334887335,21.500000000000005,30.000000000000008,0.0,22.289398821355797,42.79431528260085,21.000000000000005,30.000000000000008,903.8180193837077,21.759870215278118,39.22983344926651,21.500000000000005,30.000000000000008,0.0,21.04350401317702,41.210441701885198,16.000000000000005,30.000000000000008,0.0,18.79107458037054,49.873591331469757,12.000000000000002,30.000000000000008,0.0,22.19765772812704,44.98798421197354,19.000000000000005,30.000000000000008,0.0,18.821520718962419,48.772799249744597,10.000000000000002,30.000000000000008,0.0,17.656486989680979,53.29429008020851,12.000000000000002,30.000000000000008,0.0,19.384971733399273,47.2470286486962,19.000000000000005,30.000000000000008,0.0,19.672466933852229,0.0,0.0,0.0,16.738525415467259,0.0,0.0,754.5787124849807,978.653890948391,715.9856304301349,727.8279769124789,835.885050827646,1178.0763247651783,794.2167327509935,827.9066943067119,801.2235734811366,5356.51983090648,81.45966036000627,83.32052111540466,570.0000000000001,0.0,570.0000000000001,570.0000000000001,21.0,16.0,19.0,19.0,12.0,12.0,21.0,10.0,1.0,0.0,541.9473514682416,0.0,903.8180193837077,0.0,0.0,0.0,0.0,0.0,2815.9936022319295,1689596.1613391576,2218571.2828837388,81.45966036000627,83.35212470866509,0.178866453407731,0.3814407976256746,0.18014068700982978,83.35212470866509,0.17713239097194376,2218571.2828837388,0.12144570670995439 
 03/29  22:30:00,9.035,77.0,3.9699999999999999,0.0,0.0,0.0,0.0,0.0,2.0,0.0,0.0,4.0,0.0,0.0,0.0,1598.0,0.0,0.0,0.0,0.0,0.0,0.0,0.0,0.0,0.0,0.0,0.0,21.049000329685528,-108.92515039067939,22.083886897851874,-203.75975463518444,21.307261089350349,-779.6194328511629,20.606460254278514,174.6606341218178,18.81890054887036,0.8859412862577472,21.869937489059248,-37.557837450513947,18.908909198933963,47.26430229311927,17.704740469658228,-63.26142751623843,18.78514518155491,-43.194794258658479,654.7976132366803,524.6387136687815,0.0,0.0,0.0,0.0,0.0,0.0,0.0,0.0,0.0,0.0,0.0,0.0,0.0,0.0,0.0,0.0,0.0,0.0,0.0,0.0,0.0,0.0,1.3406001507800288,0.40921860524420908,160.80848776074215,189.62985858226217,3861.6069625392176,0.05076567214672128,0.007748118459511795,39.97195443600756,46.878859351195639,1054.62290539309,1.2684227420699519,0.23968683712584136,242.57581547490765,285.65831373531037,6105.961691386379,0.2800318762731711,0.0529160763932674,181.4663327222031,214.28374881978187,4378.912177219749,0.0,0.0,6.92392654153908,8.229723031260752,135.87043026962454,0.0,0.0,14.30140074182028,16.78475768870087,374.1706589679443,0.0,0.0,112.95262404659036,134.26820091481185,2252.4399753161935,0.0,0.0,33.753090778560459,40.275251749087008,583.6187486800145,0.0,0.0,88.41238966469561,105.07881574932067,1775.1507138474534,33.92377844553989,23.26733775414259,248.96709010006374,295.11606202717629,6044.631422819155,0.0,0.0,83.92052158856282,100.62040833326089,1262.9537304270785,0.0,20.969225821272695,41.86278303605113,21.0,30.0,0.0,22.308480576909326,42.9458313494098,21.0,30.0,1303.416770596533,21.653807893256166,39.33162641044858,21.5,30.0,0.0,21.081758467745318,41.13368075679112,16.0,30.0,0.0,18.783856038526559,49.6316745022587,12.0,30.0,0.0,22.18958246154456,44.14865546251412,19.0,30.0,0.0,18.9633611890322,48.18199751577707,10.0,30.0,0.0,17.586334335333285,53.43807428021704,12.0,30.0,59.20268955645769,19.01361040331715,48.27392459656247,19.0,30.0,0.0,19.705954911739459,0.0,0.0,0.0,16.363895120973589,0.0,0.0,750.4428748361916,988.3857908719235,706.5984697746837,728.4047358348208,825.8549266664304,1168.1475540675265,787.5037133825297,827.1357434823001,798.5204078238969,6360.067949290671,83.79904278245997,83.79904278245997,570.0,0.0,570.0,570.0,21.0,16.0,19.0,19.0,12.0,12.0,21.0,10.0,1.0,0.0,0.0,0.0,1303.416770596533,0.0,0.0,0.0,0.0,59.20268955645769,0.0,0.0,0.0,83.79904278245997,83.79904278245997,0.34,0.7712651167043012,0.36028137401965956,83.79904278245997,0.3542647819438875,0.0,0.0060799999999999999 
 03/29  22:40:00,8.979999999999999,77.66666666666667,3.9266666666666665,0.0,0.0,0.0,0.0,0.0,2.0,0.0,0.0,0.0,0.0,0.0,0.0,5593.0,0.0,0.0,0.0,0.0,0.0,0.0,0.0,0.0,0.0,0.0,0.0,21.13126039036732,117.91330665371827,21.679473910553065,-744.4254919045721,21.07127249996141,-438.4648947791967,20.538221193937475,141.80434235846082,18.819337783488629,-0.13131891571341815,21.75648819252605,-51.30433111951769,19.037893997778448,137.61625772938425,17.641072626098585,-95.59110619718024,18.665841006245388,-196.36260594579543,667.2785653186996,551.1199520829119,0.0,0.0,0.0,0.0,0.0,0.0,0.0,0.0,0.0,0.0,0.0,0.0,0.0,0.0,0.0,0.0,0.0,0.0,0.0,0.0,0.0,0.0,1.199611686176482,0.3661818333872048,235.10799204008326,277.8259512587486,5794.207831190618,0.18051081096399433,0.027550490073869738,204.3348289563359,241.18524682635428,5160.901139524165,1.2385771481974955,0.23404708015825718,202.7102143324796,239.4928628453749,5021.256404623226,0.27454447171406956,0.05187915187340696,196.93502765194925,232.89319572129726,4713.002750096857,0.0,0.0,7.118260477232011,8.473903027857763,140.44521995257626,0.0,0.0,13.48938774826987,15.8726718216868,351.29995197778887,0.0,0.0,123.75044520372976,147.00736754455267,2548.227281400317,0.0,0.0,35.64573135706758,42.62276011604204,613.676041117287,0.0,0.0,64.58843472204387,76.83539828591924,1270.1760773189899,33.718931386041777,23.126839085076687,311.58311319323567,370.09237733070679,7571.472178340782,0.0,0.0,84.82487047605923,101.77811668283968,1251.6695108944333,0.0,21.28334256385948,41.5065184057368,21.857142857142877,30.00000000000002,0.0,21.597509449701894,39.90349244928281,12.00000000000001,30.00000000000002,0.0,21.291062738263549,40.64988793400608,21.000000000000015,30.00000000000002,0.0,20.959748276548966,41.467539258261847,12.00000000000001,30.00000000000002,0.0,18.78453781415943,49.55559114660236,12.00000000000001,30.00000000000002,0.0,22.07243908375617,43.83186583397649,12.00000000000001,30.00000000000002,0.0,19.209708253089944,47.67873377722787,10.000000000000007,30.00000000000002,0.0,17.495198885363445,53.74807893135738,12.00000000000001,30.00000000000002,0.0,18.791968880535494,49.13523259412621,20.000000000000015,30.00000000000002,0.0,19.748812471029618,0.0,0.0,0.0,16.172940411454449,0.0,0.0,771.1965978393076,727.6908790031471,727.752823487004,727.8481913628884,823.86607124276,1153.0428938795063,798.0400275312087,832.2112944433951,809.8801945530341,0.0,85.1509004856993,85.1509004856993,60.00000000000004,0.0,60.00000000000004,60.00000000000004,12.0,12.0,12.0,19.0,12.0,12.0,21.0,10.0,0.0,0.0,0.0,0.0,0.0,0.0,0.0,0.0,0.0,0.0,0.0,0.0,0.0,85.1509004856993,85.1509004856993,0.0,0.0,0.0,85.1509004856993,0.0,0.0,0.0006399999999999998 
 03/29  22:50:00,8.924999999999999,78.33333333333334,3.8833333333333335,0.0,0.0,0.0,0.0,0.0,2.0,0.0,0.0,0.0,0.0,0.0,0.0,1598.0,0.0,0.0,0.0,0.0,0.0,0.0,0.0,0.0,0.0,0.0,0.0,20.88341087816228,-170.06622448375038,21.344768149868945,-224.78488049974659,20.80203323856097,-70.96444224143261,20.425183308697599,74.22833571350998,18.817273499128914,0.946457105383729,21.612726759603775,-55.11298875374786,19.085408216947685,47.945268638918609,17.574097033414235,-84.5620269751281,18.380095811403188,-292.8108791968857,585.5828505243226,742.3447636219423,0.0,0.0,0.0,0.0,0.0,0.0,0.0,0.0,0.0,0.0,0.0,0.0,0.0,0.0,0.0,0.0,0.0,0.0,0.0,0.0,0.0,0.0,1.212811814125961,0.37021117647312609,206.41521323329688,243.61064797067315,4906.092578925081,0.21427008812443724,0.032703004902997139,112.9437485781962,133.38187861882927,2740.3620612396878,1.2365180238178369,0.23365797880155654,155.17405476554809,183.1980654088506,3728.186154693845,0.26097302600816627,0.049314630764959597,143.44476579198824,169.48599511979186,3397.163924556695,0.0,0.0,7.160269694784562,8.508148882208304,142.07073281926328,0.0,0.0,13.216803134126149,15.533617966593806,340.36401154806426,0.0,0.0,163.3351925620139,193.70313878099334,3393.4573049396487,0.0,0.0,35.75672331301471,42.68918131371181,612.9811718594472,0.0,0.0,98.1777102722514,116.79197575175452,1848.4782335897317,33.407506040180567,22.91324145417049,196.91618389216664,233.6000558827305,4861.392026064714,0.0,0.0,123.87670603181482,148.29515632377272,1900.9586369964218,0.0,20.81325093018698,41.65460523918816,22.0,30.0,0.0,21.095848539456676,40.853493330680567,12.0,30.0,0.0,20.874784637865205,41.9174906012088,21.5,30.0,0.0,20.750319196782315,42.18864707250509,12.0,30.0,0.0,18.78245915077221,49.37742626330511,12.0,30.0,0.0,21.859270077788623,43.25389095506292,12.0,30.0,0.0,19.273587580867408,47.395066101212567,10.0,30.0,0.0,17.398413936439647,53.97911867599205,12.0,30.0,0.0,18.289143121210509,50.88942518733227,20.0,30.0,0.0,19.455671508552478,0.0,0.0,0.0,16.43816474103612,0.0,0.0,715.5148356624936,711.6325360106132,738.3843032889242,736.4324431836817,816.8224186518826,1114.1032986301928,795.9765924310789,830.9535940087283,822.7282769477013,0.0,85.15090048569924,85.15090048569924,60.0,0.0,60.0,60.0,12.0,12.0,12.0,19.0,12.0,12.0,21.0,10.0,0.0,0.0,0.0,0.0,0.0,0.0,0.0,0.0,0.0,0.0,0.0,0.0,0.0,85.15090048569924,85.15090048569924,0.0,0.0,0.0,85.15090048569924,0.0,0.0,0.0006566666666666667 
 03/29  23:00:00,8.87,79.0,3.84,0.0,0.0,0.0,0.0,0.0,2.0,0.0,0.0,0.0,0.0,0.0,0.0,2397.0,0.0,0.0,0.0,0.0,0.0,0.0,0.0,0.0,0.0,0.0,0.0,20.752698484710629,49.165345558031159,21.161045129292167,-442.26109798990009,20.628365599857248,-204.11592530992977,20.298741173749975,-2.180901471556829,18.81727102863074,3.8146313821950779,21.508294933217895,-59.785852375780837,18.934534940619547,-69.16940759726646,17.550513684656296,-54.75087619615594,18.17092517370087,-293.66101324814579,507.04018603658656,826.9692355326713,0.0,0.0,0.0,0.0,0.0,0.0,0.0,0.0,0.0,0.0,0.0,0.0,0.0,0.0,0.0,0.0,0.0,0.0,0.0,0.0,0.0,0.0,1.1976001456630523,0.36556781003145707,168.1760116374995,198.9000591171906,3980.5980098438537,0.20767271328046217,0.031696079560510129,150.7716761407535,178.18215823860528,3605.07328286296,1.1828396319101445,0.223514669673119,79.54451943422727,94.10127094714245,1893.2876644253298,0.2370529532264256,0.04479458677748029,70.42449611821619,83.29617096109162,1646.2152771347288,0.0,0.0,6.427917874822903,7.644722331915503,128.2691223686174,0.0,0.0,13.5185088286477,15.9113108003286,346.02293946707126,0.0,0.0,187.52087439969282,222.88456312590874,3810.840205258967,0.0,0.0,31.884805431099026,38.107898665760817,549.349839930209,0.0,0.0,129.58934783371957,154.5518650244477,2377.71960179085,32.928720508890538,22.5848563161115,177.78953826475999,211.29310159041484,4383.119250976681,0.0,0.0,153.77427870605565,184.28824903704459,2404.888305483657,0.0,20.6479673158345,41.916044611270937,22.000000000000019,30.00000000000002,0.0,20.83164977076955,41.07571431217792,12.00000000000001,30.00000000000002,0.0,20.618099065015117,41.88941369728912,22.000000000000019,30.00000000000002,0.0,20.52933518136477,42.80589233143269,12.00000000000001,30.00000000000002,0.0,18.785772819228254,49.26835762740456,12.00000000000001,30.00000000000002,0.0,21.722674657130356,42.94407897201799,12.00000000000001,30.00000000000002,0.0,18.975665535195888,48.03954506381997,10.000000000000007,30.00000000000002,0.0,17.38770878772487,53.716397238773698,12.00000000000001,30.00000000000002,0.0,17.960447915186497,51.67913812238804,20.000000000000015,30.00000000000002,0.0,19.207619215521285,0.0,0.0,0.0,16.563949782565989,0.0,0.0,706.7120547824034,685.261748446935,700.9300770101753,738.4430600635346,815.5127359028427,1091.736887950738,786.9874256022699,818.2622365917482,811.9252392395538,0.0,85.15090048569931,85.15090048569931,60.00000000000004,0.0,60.00000000000004,60.00000000000004,12.0,12.0,12.0,19.0,12.0,12.0,21.0,10.0,0.0,0.0,0.0,0.0,0.0,0.0,0.0,0.0,0.0,0.0,0.0,0.0,0.0,85.15090048569931,85.15090048569931,0.0,0.0,0.0,85.15090048569931,0.0,0.0,0.0006733333333333333 
 03/29  23:10:00,8.788333333333334,79.66666666666667,3.785,0.0,0.0,0.0,0.0,0.0,2.0,0.0,0.0,0.0,0.0,0.0,0.0,1598.0,0.0,0.0,0.0,0.0,0.0,0.0,0.0,0.0,0.0,0.0,0.0,20.58245850730297,-223.62627234373168,20.99645327271989,-188.21471620896319,20.507892436231175,-62.694755640407269,20.17783326305244,3.700423007775953,18.815555565386747,3.26063900429898,21.403586142119957,-64.95535197889933,18.818915153614456,-42.315767732062798,17.539197351015877,-50.91668512491276,18.019365165131057,-254.98313862878468,403.3332371844717,794.8374924833338,0.0,0.0,0.0,0.0,0.0,0.0,0.0,0.0,0.0,0.0,0.0,0.0,0.0,0.0,0.0,0.0,0.0,0.0,0.0,0.0,0.0,0.0,1.189334319547994,0.36304466408668925,158.0715564218076,186.85905966627207,3667.4395400111918,0.21602380858545867,0.03297066675602239,89.44639806668156,105.79257344627689,2115.9672173992159,1.1763102251729428,0.22228084375905955,91.01065896878095,107.49670217063474,2150.370733741798,0.23759719431351607,0.0448974290086009,93.58606530500761,110.56845346311816,2163.094649822125,0.0,0.0,6.568899460287701,7.8041075450824028,132.1773262515022,0.0,0.0,13.563150865034296,15.957613175220594,345.84032252066086,0.0,0.0,188.90215903252594,224.47036555427719,3798.184501216973,0.0,0.0,28.996338275753346,34.62129145730459,504.83402703773188,0.0,0.0,131.63332226061329,156.96362680089389,2380.963906930642,32.644479459848017,22.389903607577524,124.04202547318009,147.34670836750258,3163.5079867487468,0.0,0.0,153.6783087428876,184.07072432337314,2396.7920604032185,0.0,20.34574378238305,42.22763293549379,22.0,30.0,0.0,20.639958120413568,41.4580648728019,12.0,30.0,0.0,20.474368921599113,42.21016195745226,22.0,30.0,0.0,20.33430296002466,42.85752673578092,12.0,30.0,0.0,18.786435329680168,49.11441806710554,12.0,30.0,0.0,21.585141694313998,42.65440010914016,12.0,30.0,0.0,18.779113973523338,48.39887538357186,10.0,30.0,0.0,17.395246353514819,53.411463723675087,12.0,30.0,0.0,17.741934482271444,52.14278334801272,20.0,30.0,0.0,18.83318594261946,0.0,0.0,0.0,16.45795404474965,0.0,0.0,678.6862484687169,678.9001938876295,697.7670510864319,713.909326282677,812.6726891248252,1068.777229681869,776.7395834219126,808.044570384702,803.0915260620993,0.0,85.15090048569924,85.15090048569924,60.0,0.0,60.0,60.0,12.0,12.0,12.0,19.0,12.0,12.0,21.0,10.0,0.0,0.0,0.0,0.0,0.0,0.0,0.0,0.0,0.0,0.0,0.0,0.0,0.0,85.15090048569924,85.15090048569924,0.0,0.0,0.0,85.15090048569924,0.0,0.0,0.00069 
 03/29  23:20:00,8.706666666666667,80.33333333333334,3.73,0.0,0.0,0.0,0.0,0.0,2.0,0.0,0.0,0.0,0.0,0.0,0.0,2397.0,0.0,0.0,0.0,0.0,0.0,0.0,0.0,0.0,0.0,0.0,0.0,20.497828476460215,35.513341191503958,20.857382518218935,-414.9086359797943,20.34436014262352,-173.84431885904096,20.07223104190784,-49.6695981736534,18.810614186110017,1.946587127894976,21.318198141177704,-65.65509522402107,18.717298911644634,-80.6553151347431,17.52186792786386,-51.179552308564087,17.910298050037988,-259.9016060350267,455.94632398971177,761.9789032534,0.0,0.0,0.0,0.0,0.0,0.0,0.0,0.0,0.0,0.0,0.0,0.0,0.0,0.0,0.0,0.0,0.0,0.0,0.0,0.0,0.0,0.0,1.165855489097039,0.355877743924615,173.62535165889643,205.61012190534354,4040.191544110722,0.20147980124444898,0.030750885415819434,149.8593855169444,177.31299710777163,3519.9502585920938,1.1473784180334164,0.21681376002143167,126.02828549177417,149.2511281590065,2927.7521743008308,0.22837880998348399,0.043155481856289468,94.16011874850146,111.4687412827397,2163.017716725583,0.0,0.0,6.4962125419252179,7.724557407441512,131.6974975591279,0.0,0.0,13.733472931328162,16.1783332868912,349.7324714505788,0.0,0.0,184.80370611463463,219.91457326774134,3686.171077407642,0.0,0.0,25.497317758907238,30.46956846264123,447.7267215809675,0.0,0.0,132.60972530288658,158.34519345831724,2382.6569007268828,32.304467960154209,22.156699561148288,192.5382579127653,229.0225652777233,4670.065978490522,0.0,0.0,152.48110570709555,182.8678632815595,2368.4649355506815,0.0,20.28422548761967,42.345757330452958,21.999999999999994,29.99999999999999,0.0,20.44930337286293,41.58088077247846,11.999999999999995,29.99999999999999,0.0,20.22733580620307,42.515861909505307,21.999999999999994,29.99999999999999,0.0,20.169960888733415,42.98119205233553,11.999999999999995,29.99999999999999,0.0,18.78215930645231,48.9612961741078,11.999999999999995,29.99999999999999,0.0,21.4855477541315,42.44140536426407,11.999999999999995,29.99999999999999,0.0,18.613877880791667,48.59943117224229,9.999999999999997,29.99999999999999,0.0,17.389241740728374,53.17496459594088,11.999999999999995,29.99999999999999,0.0,17.597565367337674,52.31356820859598,19.999999999999994,29.99999999999999,0.0,18.98913284252079,0.0,0.0,0.0,16.34339296922246,0.0,0.0,676.8021614756206,656.7842913041204,678.0701158454388,696.2599672370686,808.7694122709454,1050.8479460058309,763.9928464836336,798.8945127525442,791.8012251713367,0.0,85.15090048569921,85.15090048569921,59.99999999999998,0.0,59.99999999999998,59.99999999999998,12.0,12.0,12.0,19.0,12.0,12.0,21.0,10.0,0.0,0.0,0.0,0.0,0.0,0.0,0.0,0.0,0.0,0.0,0.0,0.0,0.0,85.15090048569921,85.15090048569921,0.0,0.0,0.0,85.15090048569921,0.0,0.0,0.0006900000000000001 
 03/29  23:30:00,8.625,81.0,3.675,0.0,0.0,0.0,0.0,0.0,2.0,0.0,0.0,0.0,0.0,0.0,0.0,799.0,0.0,0.0,0.0,0.0,0.0,0.0,0.0,0.0,0.0,0.0,0.0,20.353865443755166,-149.61276234875278,20.718495202983385,-268.53851386781209,20.312517448201608,-22.685089968384547,19.97272935585709,2.0902647477651046,18.800393253962917,0.20692107654173243,21.220913909462707,-67.89731569007779,18.646223684394707,-53.09538848734428,17.498097210700978,-51.18340814295232,17.79772870106607,-242.15693535064839,326.2235315363355,750.3755118496119,0.0,0.0,0.0,0.0,0.0,0.0,0.0,0.0,0.0,0.0,0.0,0.0,0.0,0.0,0.0,0.0,0.0,0.0,0.0,0.0,0.0,0.0,1.1436364055639375,0.3490953618937538,141.87941233434484,167.49942587182808,3263.5542444850036,0.21034926505949179,0.03210458868429362,79.84862750768645,94.19055483132955,1867.1347032904485,1.1554980957340982,0.21834809065270192,94.25860606853006,111.18369036987093,2217.4875890060445,0.23461694265578779,0.04433426731968777,103.10973284388547,121.71327816048167,2357.6134218540867,0.0,0.0,6.789348638614673,8.04530065711341,138.64281633155063,0.0,0.0,13.667786222737107,16.05075899348827,347.16357343869967,0.0,0.0,185.34517062625126,219.8649827009048,3692.201856745167,0.0,0.0,23.924322046525167,28.488193093660116,423.3478005737661,0.0,0.0,132.53097161745746,157.77804200155397,2363.853868918278,32.088461427010667,22.008546932106087,101.17034066551841,120.07322019723176,2645.518370427521,0.0,0.0,151.34817178576786,180.93079812910478,2349.145174762736,0.0,20.031056045211728,42.539850455665227,22.0,30.0,0.0,20.293438032626385,41.52396928855946,12.0,30.0,0.0,20.250715193630794,42.43359092740634,22.0,30.0,0.0,20.028107483210538,43.1334644713927,12.0,30.0,0.0,18.769141918113566,48.686921098301777,12.0,30.0,0.0,21.3598523033452,42.186206513551457,12.0,30.0,0.0,18.511779719613938,48.645725779526539,10.0,30.0,0.0,17.370301857514265,52.8750333745587,12.0,30.0,0.0,17.442358446164154,52.501497623708427,20.0,30.0,0.0,18.50633746912871,0.0,0.0,0.0,16.250512080019428,0.0,0.0,649.5601948454167,629.7783454779376,677.1265471771257,683.9148276579676,798.3313939525584,1028.1802946531696,752.5151386409972,785.6105646613524,779.7065667986566,0.0,85.15090048569924,85.15090048569924,60.0,0.0,60.0,60.0,12.0,12.0,12.0,19.0,12.0,12.0,21.0,10.0,0.0,0.0,0.0,0.0,0.0,0.0,0.0,0.0,0.0,0.0,0.0,0.0,0.0,85.15090048569924,85.15090048569924,0.0,0.0,0.0,85.15090048569924,0.0,0.0,0.00069 
 03/29  23:40:00,8.543333333333333,81.66666666666666,3.62,0.0,0.0,0.0,0.0,0.0,2.0,0.0,0.0,0.0,0.0,0.0,0.0,2397.0,0.0,0.0,0.0,0.0,0.0,0.0,0.0,0.0,0.0,0.0,0.0,20.34008620331499,-52.58405773761908,20.61338013327653,-318.4284342487154,20.135550449903666,-227.2289650140808,19.902776901097107,-53.78368137951616,18.791469456670244,-0.7836244091418418,21.15789630503287,-68.63045152064758,18.574475419020865,-92.62308806067907,17.477267445428774,-50.54585076857171,17.72791834129124,-260.5753089083171,443.11957637962998,747.2050041198982,0.0,0.0,0.0,0.0,0.0,0.0,0.0,0.0,0.0,0.0,0.0,0.0,0.0,0.0,0.0,0.0,0.0,0.0,0.0,0.0,0.0,0.0,1.1422861904734712,0.3486832083252356,182.76318166629845,216.55054426418688,4242.275389259343,0.2046851423191583,0.03124010108656263,117.38229395284758,138.96436548552766,2733.360323803008,1.1310623635105035,0.21373060534967959,176.5073668482645,209.29668920875106,4052.8355924858476,0.2257357029359141,0.042656028521525727,108.78771781141117,128.93413278797676,2485.736867773002,0.0,0.0,6.591914446365955,7.8384506823988719,135.50230866808733,0.0,0.0,13.669784610281802,16.113259225079604,347.69578692761987,0.0,0.0,185.18341992553645,220.50895119726756,3678.744641944027,0.0,0.0,21.8023181333255,26.053786086631584,388.6192483302218,0.0,0.0,135.79180062803457,162.26356623225414,2422.948077230601,31.84993183173577,21.84494638665006,219.1899760249327,260.83132515761118,5238.618969410622,0.0,0.0,153.48066895929689,184.15940308991635,2384.1586893698724,0.0,20.078826601641454,42.39381126909921,22.000000000000008,30.00000000000001,0.0,20.179023018263764,41.794267656534248,12.000000000000006,30.00000000000001,0.0,19.960730635943145,42.7644848032071,22.000000000000008,30.00000000000001,0.0,19.935646889114559,43.14684890029767,12.000000000000006,30.00000000000001,0.0,18.760658174603277,48.550242211309278,12.000000000000006,30.00000000000001,0.0,21.301212670514276,42.06335794325352,12.000000000000006,30.00000000000001,0.0,18.40484280217248,48.65177392393235,10.000000000000004,30.00000000000001,0.0,17.357656328990808,52.68304290033288,12.000000000000006,30.00000000000001,0.0,17.367009467563685,52.423496471959179,20.000000000000008,30.00000000000001,0.0,18.865303412035187,0.0,0.0,0.0,16.177537833465075,0.0,0.0,648.243487528679,627.3231873680248,651.5641012472161,670.4913077754803,792.9483581793265,1016.9855925910883,738.5751604879525,776.4112243950278,766.5266878235407,0.0,85.15090048569927,85.15090048569927,60.00000000000002,0.0,60.00000000000002,60.00000000000002,12.0,12.0,12.0,19.0,12.0,12.0,21.0,10.0,0.0,0.0,0.0,0.0,0.0,0.0,0.0,0.0,0.0,0.0,0.0,0.0,0.0,85.15090048569927,85.15090048569927,0.0,0.0,0.0,85.15090048569927,0.0,0.0,0.0006900000000000001 
 03/29  23:50:00,8.461666666666668,82.33333333333334,3.5649999999999997,0.0,0.0,0.0,0.0,0.0,2.0,0.0,0.0,0.0,0.0,0.0,0.0,799.0,0.0,0.0,0.0,0.0,0.0,0.0,0.0,0.0,0.0,0.0,0.0,20.209242751961104,-142.8811631463568,20.521670766893615,-245.673917103838,20.13094026364527,-31.478424528916095,19.82445767865742,-6.747064159838374,18.7764769609528,-1.901467035450679,21.072954565377225,-69.16057791841075,18.51271402617788,-68.72736844494648,17.450283568081063,-49.01375346934094,17.639919407633049,-243.69844955260579,302.3253654085215,743.4729026876366,0.0,0.0,0.0,0.0,0.0,0.0,0.0,0.0,0.0,0.0,0.0,0.0,0.0,0.0,0.0,0.0,0.0,0.0,0.0,0.0,0.0,0.0,1.1333899786171476,0.34596763694052126,135.63535913739325,160.20836184179425,3121.682780218726,0.2087811941802119,0.03186526162701647,77.7698903652622,91.79331356917717,1814.0679877278113,1.1403637230664279,0.215488231871963,91.41365024639429,107.90240436174376,2142.820556773357,0.23123616245871074,0.043695419965742759,100.47607471427043,118.67578751285724,2292.685277642304,0.0,0.0,6.769346421331927,8.022012991331355,140.0730312430589,0.0,0.0,13.632061163941069,16.018196334245276,346.3989945533495,0.0,0.0,185.1112494578318,219.72098312021383,3680.50503519748,0.0,0.0,20.694734005077675,24.644980914459933,371.4504908168761,0.0,0.0,135.26929668557515,161.13886376343815,2407.163775383044,31.659820162435559,21.714554295223299,98.3179130994724,116.73843339546052,2584.8939356941389,0.0,0.0,152.2449357014506,182.09579377743357,2365.905586971948,0.0,19.866287385875137,42.57004823197015,22.0,30.0,0.0,20.094935180812184,41.717900203059929,12.0,30.0,0.0,20.03657887289395,42.51211887530984,22.0,30.0,0.0,19.83552368470938,43.2282151638488,12.0,30.0,0.0,18.74180200110343,48.25384670175296,12.0,30.0,0.0,21.19702910203506,41.868881337413998,12.0,30.0,0.0,18.32488810634244,48.64818678303753,10.0,30.0,0.0,17.333065119409367,52.36698133803922,12.0,30.0,0.0,17.254583129098788,52.45262501446133,20.0,30.0,0.0,18.35682311679059,0.0,0.0,0.0,16.093538898779984,0.0,0.0,625.0620481326989,609.1291886912889,649.1291925869621,660.2516583951872,779.3553361848341,998.0003304684354,727.574837622368,760.7648007609034,752.9529011941328,0.0,85.15090048569924,85.15090048569924,60.0,0.0,60.0,60.0,12.0,12.0,12.0,19.0,12.0,12.0,21.0,10.0,0.0,0.0,0.0,0.0,0.0,0.0,0.0,0.0,0.0,0.0,0.0,0.0,0.0,85.15090048569924,85.15090048569924,0.0,0.0,0.0,85.15090048569924,0.0,0.0,0.0006933333333333333 
 03/29  24:00:00,8.38,83.0,3.51,0.0,0.0,0.0,0.0,0.0,2.0,0.0,0.0,0.0,0.0,0.0,0.0,2397.0,0.0,0.0,0.0,0.0,0.0,0.0,0.0,0.0,0.0,0.0,0.0,20.195417016578717,-61.340311182002597,20.430492013788908,-303.9892339933191,19.98332477722498,-204.8073936306373,19.766424544663545,-51.78719798001616,18.764610662424418,-2.6199118797917646,21.015310657983414,-69.3799121921353,18.45210019859921,-96.77165466688567,17.42827943203158,-48.336468365711848,17.57905555260999,-264.01566786704788,412.7075052114015,743.1739495693321,0.0,0.0,0.0,0.0,0.0,0.0,0.0,0.0,0.0,0.0,0.0,0.0,0.0,0.0,0.0,0.0,0.0,0.0,0.0,0.0,0.0,0.0,1.1338047295794219,0.3460942397983586,171.42202381956435,203.19708026716533,3979.328060499516,0.20385841445496945,0.03111392162011136,112.58094390932547,133.348963306419,2618.7953557819807,1.1251512578673578,0.212613616377052,160.4160316086493,190.2866596997527,3688.129200630995,0.22488279602934875,0.042494859415976738,100.26191345376413,118.88462948862699,2290.763565049257,0.0,0.0,6.600854908861374,7.8493342962234629,137.44768992612965,0.0,0.0,13.622719060817993,16.065663779478844,346.84824977807406,0.0,0.0,184.71961940464946,220.06180483989759,3671.3938994274378,0.0,0.0,19.234312514924868,22.985777707147748,347.6619496550832,0.0,0.0,137.69025189136546,164.61819681648724,2454.5524198512177,31.480702667021398,21.591702789452289,200.20884824882683,238.3630325326348,4825.502231886985,0.0,0.0,153.4348185140734,184.18994369050302,2386.2644298945267,0.0,19.909057714075069,42.46536848817322,22.000000000000019,30.00000000000002,0.0,19.99708997150981,41.945408127131788,12.00000000000001,30.00000000000002,0.0,19.80029094128363,42.80329156318015,22.000000000000019,30.00000000000002,0.0,19.766035485489846,43.18145941797827,12.00000000000001,30.00000000000002,0.0,18.730907798060309,48.11101744064878,12.00000000000001,30.00000000000002,0.0,21.14620923245871,41.7788797354672,12.00000000000001,30.00000000000002,0.0,18.24269450818508,48.59399428205872,10.000000000000007,30.00000000000002,0.0,17.318734300353048,52.20730254632181,12.00000000000001,30.00000000000002,0.0,17.191721224942854,52.37622206779782,20.000000000000015,30.00000000000002,0.0,18.68833739811252,0.0,0.0,0.0,16.02042718751381,0.0,0.0,625.4423355805881,606.464157347325,628.362822685717,646.5432747270434,772.6644296602555,988.6913064458338,713.6656003998904,752.3938229511523,741.286221761887,0.0,85.15090048569931,85.15090048569931,60.00000000000004,0.0,60.00000000000004,60.00000000000004,12.0,12.0,12.0,19.0,12.0,12.0,21.0,10.0,0.0,0.0,0.0,0.0,0.0,0.0,0.0,0.0,0.0,0.0,0.0,0.0,0.0,85.15090048569931,85.15090048569931,0.0,0.0,0.0,85.15090048569931,0.0,0.0,0.0006966666666666668 
 03/30  00:10:00,8.318333333333336,83.33333333333334,3.4766666666666667,0.0,0.0,0.0,0.0,0.0,2.0,2.0,0.0,0.0,0.0,0.0,0.0,1598.0,0.0,0.0,0.0,0.0,0.0,0.0,0.0,0.0,0.0,0.0,0.0,20.157865159238015,-73.52946601813778,20.348715185147847,-261.429048574179,19.931295721425,-164.4914446356952,19.702686564625915,-15.804950091553167,18.75028551607269,-0.5239325435431397,20.94642432643327,-68.841133458148,18.571081411326927,76.98919044060495,17.38737027234518,-70.21788992120782,17.653225947870085,-102.93072957670722,344.20800285563498,403.37527579731207,0.0,0.0,0.0,0.0,0.0,0.0,0.0,0.0,0.0,0.0,0.0,0.0,0.0,0.0,0.0,0.0,0.0,0.0,0.0,0.0,0.0,0.0,1.145882582485212,0.34978100808461906,121.86954095892314,144.34327622534284,2844.1741917625606,0.20963806806580988,0.031996042134586368,92.05563703089881,108.98683628353447,2141.4829490549984,1.1370142245990263,0.21485529565363319,108.58493716246082,128.5676882024914,2512.4373405778517,0.2309198859275272,0.043635654937174448,66.93743511383747,79.12736114988216,1529.6783618069547,0.0,0.0,6.232225351853591,7.405529098183706,130.3794717424199,0.0,0.0,13.312864320674267,15.691198077736044,338.6976066476505,0.0,0.0,80.78651896708945,96.07544597414115,1659.8268774338754,0.0,0.0,23.04246191221648,27.51371080503141,416.9883268074086,0.0,0.0,31.45504863413722,37.55166740700288,575.6979958456782,31.399897062489865,21.536280564121996,130.54823610707789,155.24839699889294,3292.0752822185688,0.0,0.0,62.89679728373383,75.5775120848592,918.2675819512245,0.0,19.882351396086734,42.32981733222344,22.0,30.0,0.0,19.92305894777784,41.92945968085651,12.0,30.0,0.0,19.772404109998687,42.63293378569688,22.0,30.0,0.0,19.69256812208418,43.34864985040227,12.0,30.0,0.0,18.716643848427787,47.85285985146956,12.0,30.0,0.0,21.070383702390829,41.67144374166941,12.0,30.0,0.0,18.52349252840272,46.91641093108002,10.0,30.0,0.0,17.26650339471275,52.07540590663436,12.0,30.0,0.0,17.371528800495164,51.6120976495088,20.0,30.0,0.0,18.41969747996825,0.0,0.0,0.0,15.47426660369824,0.0,0.0,612.237573646491,592.9369957703582,613.3759919358022,646.867343696828,761.022093439274,978.5066986178229,667.4589044118137,741.222593368281,791.6550316437192,0.0,85.15090048569924,85.15090048569924,60.0,0.0,60.0,60.0,12.0,12.0,12.0,19.0,12.0,12.0,21.0,10.0,0.0,0.0,0.0,0.0,0.0,0.0,0.0,0.0,0.0,0.0,0.0,0.0,0.0,85.15090048569924,85.15090048569924,0.0,0.0,0.0,85.15090048569924,0.0,0.0,0.0007000000000000001 
 03/30  00:20:00,8.256666666666668,83.66666666666667,3.4433333333333335,0.0,0.0,0.0,0.0,0.0,2.0,2.0,0.0,0.0,0.0,0.0,0.0,1598.0,0.0,0.0,0.0,0.0,0.0,0.0,0.0,0.0,0.0,0.0,0.0,20.04487524858847,-199.26591994364936,20.242942212412893,-237.52593328999616,19.761782430103499,-164.3570175019522,19.63199578457649,-104.82395317839019,18.739690106533979,2.6527612920628487,20.889203380153618,-58.95930417784541,18.631685359599893,24.24861260724674,17.305097848074348,-106.14911473476622,17.74476197379198,-121.83268327423122,488.46575133276749,468.5233632519212,0.0,0.0,0.0,0.0,0.0,0.0,0.0,0.0,0.0,0.0,0.0,0.0,0.0,0.0,0.0,0.0,0.0,0.0,0.0,0.0,0.0,0.0,1.1327379937644913,0.3457686183652293,314.74946340502398,372.84986744412768,7233.890661948622,0.19735945575842579,0.030122017057146796,151.9410117385032,180.12906117480657,3502.064795590639,1.1975744377141493,0.22629902451136617,288.7976351651648,342.1971732228388,6545.164506044248,0.2216481728319311,0.04188363054269294,152.99943529210663,181.28329209138634,3476.835392443414,0.0,0.0,5.4404318814134229,6.462567917358522,114.42063878448875,0.0,0.0,12.600104550933656,14.853194194283839,320.794575801571,0.0,0.0,80.65672441952577,95.86869820275872,1685.0041994040863,0.0,0.0,29.913919242753388,35.740776559072219,537.5252452350985,0.0,0.0,29.747891604861747,35.48925666561232,558.4815721692768,31.212351607997065,21.407648565155747,417.4468590908384,495.8946163387409,9566.109190789364,0.0,0.0,66.29292302687196,79.68971320014029,963.6669422237342,0.0,19.70069247995319,42.69395105469364,22.0,30.0,0.0,19.792412731294488,42.114282412769309,12.0,30.0,0.0,19.50858255855043,43.03205892466415,22.0,30.0,0.0,19.59490918545429,43.13621029455075,12.0,30.0,0.0,18.71058862157054,47.52210758562599,12.0,30.0,0.0,21.01649805234362,41.51532068021184,12.0,30.0,0.0,18.635574784758167,46.330969538025467,10.0,30.0,0.0,17.13712179936059,51.81944877913993,12.0,30.0,0.0,17.54855082420292,50.6430386538279,20.0,30.0,0.0,18.890366446530217,0.0,0.0,0.0,15.379977593030869,0.0,0.0,607.6222548436414,583.9656407097791,596.3857482270523,622.1773674959411,747.8823235326115,980.4957966890679,668.9498976438888,715.8760157625097,816.0375085179461,0.0,85.15090048569924,85.15090048569924,60.0,0.0,60.0,60.0,12.0,12.0,12.0,19.0,12.0,12.0,21.0,10.0,0.0,0.0,0.0,0.0,0.0,0.0,0.0,0.0,0.0,0.0,0.0,0.0,0.0,85.15090048569924,85.15090048569924,0.0,0.0,0.0,85.15090048569924,0.0,0.0,0.0007233333333333333 
 03/30  00:30:00,8.195,84.0,3.41,0.0,0.0,0.0,0.0,0.0,2.0,2.0,0.0,0.0,0.0,0.0,0.0,1598.0,0.0,0.0,0.0,0.0,0.0,0.0,0.0,0.0,0.0,0.0,0.0,19.897754323120674,-71.82269514859309,20.23566887509462,-273.1108086589476,19.74514951109812,-206.07987511525062,19.528597736541579,-40.68245667856263,18.726687527872217,2.926951161718179,20.83446435698353,-53.60536700755543,18.645248114268797,-4.85129353378511,17.224423112487537,-113.2189537292067,17.807642592993969,-122.22436510629803,446.423628116665,477.1814850947402,0.0,0.0,0.0,0.0,0.0,0.0,0.0,0.0,0.0,0.0,0.0,0.0,0.0,0.0,0.0,0.0,0.0,0.0,0.0,0.0,0.0,0.0,1.135770385983132,0.3466942570156081,296.51957101959467,351.27716767961575,6761.8330863608339,0.18836451617631179,0.028749163030572616,148.39753512749253,175.47201807092456,3440.865523391316,1.1335270512805056,0.21419634377938513,235.9471239388651,279.61778962277546,5382.274807179419,0.2284986575284175,0.043178128784659378,111.99908716633752,132.67207103745813,2533.2483442479826,0.0,0.0,5.216888314575185,6.200478053718468,110.248689338607,0.0,0.0,12.443076247456244,14.670588114303659,317.07626091507748,0.0,0.0,78.05746837933751,92.79810886671118,1645.1692029805614,0.0,0.0,32.135572008361368,38.41255892614748,574.0153022925672,0.0,0.0,27.787242383978076,33.13838251680585,531.628108079303,31.091671465861095,21.32487754860158,356.77392740834218,423.72085896531459,8223.052361977552,0.0,0.0,65.46021902321853,78.72141635087003,945.8952183244524,0.0,19.497946308030376,43.079425920838449,22.0,30.0,0.0,19.84884072643519,41.84167903169562,12.0,30.0,0.0,19.54093730452567,42.73751749793533,22.0,30.0,0.0,19.454916693327477,43.335590348710187,12.0,30.0,0.0,18.700217648983668,47.214260994104339,12.0,30.0,0.0,20.96462794676023,41.361547386843657,12.0,30.0,0.0,18.66878537379725,45.951901393139539,10.0,30.0,0.0,17.019371219240818,51.70504795925819,12.0,30.0,0.0,17.66988326433986,49.86305732389968,20.0,30.0,0.0,18.74181141466423,0.0,0.0,0.0,15.273497338393718,0.0,0.0,600.2117503435363,577.1897484435965,585.4245993075274,617.1183494423108,736.1025764176104,982.753942357434,661.881046859552,702.2039009866303,823.7620284327595,0.0,85.15090048569924,85.15090048569924,60.0,0.0,60.0,60.0,12.0,12.0,12.0,19.0,12.0,12.0,21.0,10.0,0.0,0.0,0.0,0.0,0.0,0.0,0.0,0.0,0.0,0.0,0.0,0.0,0.0,85.15090048569924,85.15090048569924,0.0,0.0,0.0,85.15090048569924,0.0,0.0,0.0007466666666666667 
 03/30  00:40:00,8.133333333333333,84.33333333333334,3.376666666666667,0.0,0.0,0.0,0.0,0.0,2.0,2.0,0.0,0.0,0.0,0.0,0.0,799.0,0.0,0.0,0.0,0.0,0.0,0.0,0.0,0.0,0.0,0.0,0.0,19.849035435844827,-172.51661635523488,20.187986131565564,-102.18883483545574,19.728402189745354,-13.511399653085391,19.453736939726676,-102.58502189483443,18.710460375165665,2.0366212644890426,20.775856571050054,-55.33229228367469,18.639503439290374,18.327390489830579,17.14733401491613,-109.25076930784724,17.858458687001496,-127.01894291991118,404.02797827032557,489.4364210052961,0.0,0.0,0.0,0.0,0.0,0.0,0.0,0.0,0.0,0.0,0.0,0.0,0.0,0.0,0.0,0.0,0.0,0.0,0.0,0.0,0.0,0.0,1.0889013868799838,0.3323874807325958,199.2884739523451,235.7144834617653,4537.183870454453,0.19949081644732495,0.03044731630758928,50.21910754872935,59.317068056599349,1180.8293130046932,1.2584687502439305,0.23780588628948053,240.56754687011117,284.35981711316949,5546.341168230705,0.22610137934078243,0.04272512837127407,85.23682249536033,100.8412390772408,1921.2192554353024,0.0,0.0,5.580267368809435,6.614452636746868,118.48886357722864,0.0,0.0,12.403370232773899,14.589988594800243,316.2302134426185,0.0,0.0,82.49186496006532,97.8060354899713,1749.469214797741,0.0,0.0,33.00723727564557,39.36862699692927,586.902903134822,0.0,0.0,27.74934327883214,32.99869097212989,539.8498752895342,30.955904096397047,21.231758639504155,240.94423270629754,285.86544769039957,5699.137248649365,0.0,0.0,66.09290998318757,79.30625224163991,952.2256529467337,0.0,19.434195373672045,42.940732201045118,22.0,30.0,0.0,19.83843210421987,41.814557725962497,12.0,30.0,0.0,19.585741684181746,43.019669397775107,22.0,30.0,0.0,19.34947604090477,43.3605227941721,12.0,30.0,0.0,18.6844452132672,46.901885207211559,12.0,30.0,0.0,20.90290128559817,41.19192317047401,12.0,30.0,0.0,18.671495595448154,45.91675184871387,10.0,30.0,0.0,16.91177032363032,51.77863687179296,12.0,30.0,0.0,17.76835536612264,49.23354654461149,20.0,30.0,0.0,18.573280016852139,0.0,0.0,0.0,15.186516646926377,0.0,0.0,584.5779482959247,578.855153558291,614.0282008004932,606.6200221789991,724.4287444104209,981.7819244187027,660.7368993844747,696.0650669467652,826.8328651780976,0.0,85.15090048569924,85.15090048569924,60.0,0.0,60.0,60.0,12.0,12.0,12.0,19.0,12.0,12.0,21.0,10.0,0.0,0.0,0.0,0.0,0.0,0.0,0.0,0.0,0.0,0.0,0.0,0.0,0.0,85.15090048569924,85.15090048569924,0.0,0.0,0.0,85.15090048569924,0.0,0.0,0.0007700000000000001 
 03/30  00:50:00,8.071666666666666,84.66666666666667,3.3433333333333334,0.0,0.0,0.0,0.0,0.0,2.0,2.0,0.0,0.0,0.0,0.0,0.0,1598.0,0.0,0.0,0.0,0.0,0.0,0.0,0.0,0.0,0.0,0.0,0.0,19.877811010633605,-80.12104508686253,20.094663559780117,-265.3824900409204,19.628553521676623,-157.5913431023264,19.437172148417049,-22.877301971328735,18.695459324143358,2.3497682989239907,20.729962386079387,-50.429146288098767,18.61249809740368,-3.1433667927890385,17.090488940066615,-118.59636266322286,17.877584186679667,-125.06232594152414,423.1062444580357,495.54513604424758,0.0,0.0,0.0,0.0,0.0,0.0,0.0,0.0,0.0,0.0,0.0,0.0,0.0,0.0,0.0,0.0,0.0,0.0,0.0,0.0,0.0,0.0,1.1154393420614042,0.34048819965244328,217.28452454958512,257.5573718644057,5029.091648934758,0.1932768022360054,0.029498901440171769,123.40244289577186,146.38653796661473,2871.2061404395296,1.1966782597383,0.22612967871094118,203.5284291017391,241.3013525897631,4657.044905098817,0.23297470123129217,0.044023942031612268,107.30905013475226,127.37436306341576,2437.2089633961088,0.0,0.0,5.156338450675824,6.126599310951576,109.96038084145747,0.0,0.0,12.226045203449385,14.419713307517324,312.2303778097091,0.0,0.0,79.13676780607259,94.06569671212793,1681.1047795323084,0.0,0.0,34.53281392264699,41.298220499475949,613.507509207561,0.0,0.0,26.173559603137755,31.198621968102424,514.0922569854868,30.883716599216883,21.18224732456577,276.78456290413058,329.2709004808079,6514.315223108632,0.0,0.0,65.2665461118188,78.52935258137248,937.0036580451267,0.0,19.56471228566283,42.53099468966289,22.0,30.0,0.0,19.698738136097,41.78632315189505,12.0,30.0,0.0,19.427860117796756,42.790690814849757,22.0,30.0,0.0,19.37577722726637,43.4300302886744,12.0,30.0,0.0,18.672618992957149,46.76060415552724,12.0,30.0,0.0,20.866621809550563,41.10575123728931,12.0,30.0,0.0,18.630124470295124,45.722772416855168,10.0,30.0,0.0,16.844615797685625,51.81159655229038,12.0,30.0,0.0,17.805107213049614,48.94803000913281,20.0,30.0,0.0,18.595477895496413,0.0,0.0,0.0,15.100761671134898,0.0,0.0,581.7985991387504,552.3559135936941,573.2409779612814,615.1555234033247,718.7826731935326,980.8142999222192,650.1131210372827,692.690387191119,828.9634244153102,0.0,85.15090048569924,85.15090048569924,60.0,0.0,60.0,60.0,12.0,12.0,12.0,19.0,12.0,12.0,21.0,10.0,0.0,0.0,0.0,0.0,0.0,0.0,0.0,0.0,0.0,0.0,0.0,0.0,0.0,85.15090048569924,85.15090048569924,0.0,0.0,0.0,85.15090048569924,0.0,0.0,0.0007733333333333332 
 03/30  01:00:00,8.01,85.0,3.31,0.0,0.0,0.0,0.0,0.0,2.0,2.0,0.0,0.0,0.0,0.0,0.0,799.0,0.0,0.0,0.0,0.0,0.0,0.0,0.0,0.0,0.0,0.0,0.0,19.917328486892317,-10.40029510601289,19.969224638312974,-338.12311257018976,19.57612005254974,-145.82189402622636,19.42075633543067,4.094313052853977,18.675217635927618,2.306995350800264,20.67385651768939,-48.09620399099009,18.58069397046391,-8.554914544671647,17.019030087042095,-117.41569701260892,17.898535272787379,-122.40898029314747,383.7050065103949,498.7871052637388,0.0,0.0,0.0,0.0,0.0,0.0,0.0,0.0,0.0,0.0,0.0,0.0,0.0,0.0,0.0,0.0,0.0,0.0,0.0,0.0,0.0,0.0,1.150446401349304,0.3511741151859903,160.33320821255803,189.4637854001498,3776.577649529833,0.19501672027164267,0.02976445669591616,159.9359870839084,189.1263028231236,3691.364100102188,1.1329138615009354,0.21408047269481024,106.60191297883456,126.10977633196602,2454.8528147168269,0.2323588296711644,0.04390756418578313,114.86070493931625,135.85742858859636,2622.9612088613719,0.0,0.0,5.010776477164409,5.940056556582992,107.30500029757916,0.0,0.0,12.170088215744647,14.32025416110611,311.0450208007007,0.0,0.0,77.5641139071151,91.99179925026813,1650.853689364297,0.0,0.0,35.16722274727512,41.96726255620737,622.8416459635727,0.0,0.0,25.0223942112049,29.747008924048719,496.84675084482998,30.777213627779234,21.109200019052979,195.06810676778688,231.51459109912626,4723.958466267735,0.0,0.0,64.36142616799838,77.27298415967884,921.1344719131587,0.0,19.69378699896062,41.95016825545528,22.0,30.0,0.0,19.51991730960091,41.95166731211321,12.0,30.0,0.0,19.38153575216902,42.5925212103462,22.0,30.0,0.0,19.38325412660326,43.29192464960817,12.0,30.0,0.0,18.65147319944109,46.52850553134974,12.0,30.0,0.0,20.808457125449043,40.977279733306868,12.0,30.0,0.0,18.584114504140094,45.63118690172562,10.0,30.0,0.0,16.749849185441027,51.88662319070103,12.0,30.0,0.0,17.848223405713996,48.58042563035905,20.0,30.0,0.0,18.423905680222206,0.0,0.0,0.0,15.012800587312182,0.0,0.0,566.4301192930097,532.2503430843602,555.1025871715391,608.7480785222732,708.8722129489033,977.6737482610678,641.9865815685292,686.4753665826906,831.3628270290205,0.0,85.15090048569924,85.15090048569924,60.0,0.0,60.0,60.0,12.0,12.0,12.0,19.0,12.0,12.0,21.0,10.0,0.0,0.0,0.0,0.0,0.0,0.0,0.0,0.0,0.0,0.0,0.0,0.0,0.0,85.15090048569924,85.15090048569924,0.0,0.0,0.0,85.15090048569924,0.0,0.0,0.0007766666666666666 
 03/30  01:10:00,7.949999999999999,85.16666666666667,3.2416666666666669,0.0,0.0,0.0,0.0,0.0,2.0,2.0,0.0,0.0,0.0,0.0,0.0,2397.0,0.0,0.0,0.0,0.0,0.0,0.0,0.0,0.0,0.0,0.0,0.0,19.765451297198774,-159.5649563673299,19.947828003944474,-173.91277177500479,19.558139594368137,-68.67414699807704,19.390953525673287,-27.29073443092907,18.65773535697695,1.3697827434433805,20.62999989545987,-48.86963434022891,18.56459894443796,-5.613498348873085,16.96694017781246,-127.55082753652673,17.904935842719078,-119.27143844281746,361.93755198875126,496.5234432326653,0.0,0.0,0.0,0.0,0.0,0.0,0.0,0.0,0.0,0.0,0.0,0.0,0.0,0.0,0.0,0.0,0.0,0.0,0.0,0.0,0.0,0.0,1.1356656528199818,0.34666228718558669,196.21502802924349,232.9981027331661,4524.1731760733459,0.2056666754272798,0.03138990772699631,113.39820008883854,134.4749526905861,2640.2826551633036,1.1946491379368903,0.22574624677567849,121.08865713355908,143.77462737888733,2806.000709099744,0.2229765007219985,0.04213463732464068,37.11575071179027,44.08343897868599,852.8570102307372,0.0,0.0,5.197563426156206,6.182746437668509,111.724403472522,0.0,0.0,11.964570234223775,14.127101301310482,306.25593555035729,0.0,0.0,78.35816348838138,93.24461514072776,1674.5778006680976,0.0,0.0,36.33539934875784,43.51192696857167,643.5580461508931,0.0,0.0,23.522307806824885,28.056288991480874,470.3515577743199,30.579592742934218,20.973657574028964,185.83763173349616,221.46158782210726,4537.778207823338,0.0,0.0,63.505608924461828,76.52057516783292,904.9273773869657,0.0,19.415209216931307,42.54529921393679,22.0,30.0,0.0,19.566397613356125,41.97474727469617,12.0,30.0,0.0,19.405446285623758,42.59501950161169,22.0,30.0,0.0,19.35441190069268,43.17940460302,12.0,30.0,0.0,18.636966736488618,46.39592203946199,12.0,30.0,0.0,20.77345291157188,40.91769068132424,12.0,30.0,0.0,18.57223730744552,45.47359744946001,10.0,30.0,0.0,16.693311544594836,51.85856846475888,12.0,30.0,0.0,17.86391669870658,48.38224868573898,20.0,30.0,0.0,18.324301960987584,0.0,0.0,0.0,14.923670632893405,0.0,0.0,561.663750381923,546.9168132824063,562.6143926613506,607.1851103868033,701.7034314424957,976.0368741700925,632.8084609864197,679.3450432684088,831.7583806770216,0.0,85.15090048569924,85.15090048569924,60.0,0.0,60.0,60.0,12.0,12.0,12.0,19.0,12.0,12.0,21.0,10.0,0.0,0.0,0.0,0.0,0.0,0.0,0.0,0.0,0.0,0.0,0.0,0.0,0.0,85.15090048569924,85.15090048569924,0.0,0.0,0.0,85.15090048569924,0.0,0.0,0.0007800000000000001 
 03/30  01:20:00,7.890000000000001,85.33333333333334,3.173333333333334,0.0,0.0,0.0,0.0,0.0,2.0,2.0,0.0,0.0,0.0,0.0,0.0,799.0,0.0,0.0,0.0,0.0,0.0,0.0,0.0,0.0,0.0,0.0,0.0,19.766139537129417,-78.77560484318201,19.859693722300145,-259.14084453426406,19.561431741098404,-31.123399718052043,19.36350901752058,-14.643970935235189,18.633125564667077,1.288085116727899,20.572136612494366,-47.31982734340852,18.53366848419681,-3.214452872839047,16.895422802574474,-125.30480491743424,17.91459219729834,-117.20676786172294,247.95807154071736,500.07305125015957,0.0,0.0,0.0,0.0,0.0,0.0,0.0,0.0,0.0,0.0,0.0,0.0,0.0,0.0,0.0,0.0,0.0,0.0,0.0,0.0,0.0,0.0,1.1299583768930475,0.3449201394667422,114.94936441143585,135.93258411828288,2693.8067650308614,0.20676613271640355,0.03155771256355366,88.85127082990697,105.08849453683036,2062.2478120685707,1.19390102497566,0.22560488000295929,75.72179186071371,89.54683573539336,1782.622665879419,0.22480545029537209,0.042480243819987158,8.383683951312558,9.917244024957995,197.45598127093673,0.0,0.0,5.2523933013499779,6.22746095465856,113.30567289357728,0.0,0.0,11.92071203562359,14.03159826774948,305.25515034269059,0.0,0.0,78.12854903550418,92.67738230478311,1673.9432624531492,0.0,0.0,36.7933577773477,43.93076462877938,649.6393792317482,0.0,0.0,22.767745521406167,27.062790940776926,459.27771327819996,30.41360488206579,20.85981130457188,81.02863247283655,96.35384957629928,2240.2916251431486,0.0,0.0,62.94351519193346,75.61704773494334,894.1376892800853,0.0,19.476358948386836,42.19241505352461,22.0,30.0,0.0,19.450311876887367,41.897925254682849,12.0,30.0,0.0,19.46056636109204,42.34586464863944,22.0,30.0,0.0,19.336133482433018,43.26580327973566,12.0,30.0,0.0,18.609445717839365,46.155495737706498,12.0,30.0,0.0,20.710106301987698,40.81979782205909,12.0,30.0,0.0,18.5340036507237,45.32545107344425,10.0,30.0,0.0,16.59932773621613,51.87670302582684,12.0,30.0,0.0,17.887659521576443,48.03844597657003,20.0,30.0,0.0,17.881413946303597,0.0,0.0,0.0,14.836916452875899,0.0,0.0,552.7865839319642,525.3868702439868,560.8981633084413,637.450158385915,688.6144172979724,972.7139896687959,619.6013268482066,670.5073754945302,832.1123800930316,0.0,85.15090048569924,85.15090048569924,60.0,0.0,60.0,60.0,12.0,12.0,12.0,19.0,12.0,12.0,21.0,10.0,0.0,0.0,0.0,0.0,0.0,0.0,0.0,0.0,0.0,0.0,0.0,0.0,0.0,85.15090048569924,85.15090048569924,0.0,0.0,0.0,85.15090048569924,0.0,0.0,0.0007766666666666666 
 03/30  01:30:00,7.83,85.5,3.105,0.0,0.0,0.0,0.0,0.0,2.0,2.0,0.0,0.0,0.0,0.0,0.0,1598.0,0.0,0.0,0.0,0.0,0.0,0.0,0.0,0.0,0.0,0.0,0.0,19.678978169196989,-111.27493703949472,19.832232176204387,-221.6455622025918,19.47327468754866,-142.721668835223,19.316146885613294,-78.44772427082558,18.612991936242783,1.1557941221159923,20.52751744494742,-45.57215227782237,18.505291141265958,-16.122217178880648,16.842925739460985,-132.45651994597348,17.916076607317007,-113.24820981841578,359.1383542064891,499.6632387763509,0.0,0.0,0.0,0.0,0.0,0.0,0.0,0.0,0.0,0.0,0.0,0.0,0.0,0.0,0.0,0.0,0.0,0.0,0.0,0.0,0.0,0.0,1.1452627272861218,0.3495917970958858,139.54262124903196,165.3340745421484,3254.234588277274,0.20504375870330389,0.03129483496692672,108.40695437434279,128.35370832280646,2520.6769540373668,1.1991791536173864,0.22660225880903005,86.14226261986264,102.15211006813033,2011.3252160227585,0.21796697919689674,0.041188015721257877,81.12410036037957,96.23996952358472,1866.2223020703914,0.0,0.0,5.068533661111502,6.025325669184673,109.73234312376167,0.0,0.0,11.799084070563599,13.924543388636242,302.5822287992662,0.0,0.0,76.18959542367127,90.61180087677559,1635.8554205339727,0.0,0.0,37.56436246387315,44.96911191087446,663.3669328749938,0.0,0.0,21.482496565021039,25.598628552809048,436.1263659699707,30.282068433536243,20.769594261684675,166.94503704557943,198.61705885646803,4124.3467991700149,0.0,0.0,62.02640926428675,74.71937599846689,878.0484906997754,0.0,19.349268963161888,42.29817263971093,22.0,30.0,0.0,19.467262950260538,42.05096374925719,12.0,30.0,0.0,19.325318984507637,42.557021461206357,22.0,30.0,0.0,19.27611295651315,42.90219830610559,12.0,30.0,0.0,18.59189780711374,46.028246545271318,12.0,30.0,0.0,20.67269298325269,40.75185812300555,12.0,30.0,0.0,18.499157406667587,45.248419964081808,10.0,30.0,0.0,16.542808602106978,51.84569824689524,12.0,30.0,0.0,17.896566707022644,47.851622268782289,20.0,30.0,0.0,18.215829214262969,0.0,0.0,0.0,14.753478156288998,0.0,0.0,539.5746632364979,550.7232331396938,559.8400054493568,587.6622473537259,680.7012920496813,969.1511638856691,614.9206359377968,662.3319254348967,831.853335509182,0.0,85.15090048569924,85.15090048569924,60.0,0.0,60.0,60.0,12.0,12.0,12.0,19.0,12.0,12.0,21.0,10.0,0.0,0.0,0.0,0.0,0.0,0.0,0.0,0.0,0.0,0.0,0.0,0.0,0.0,85.15090048569924,85.15090048569924,0.0,0.0,0.0,85.15090048569924,0.0,0.0,0.0007733333333333332 
 03/30  01:40:00,7.77,85.66666666666666,3.0366666666666668,0.0,0.0,0.0,0.0,0.0,2.0,2.0,0.0,0.0,0.0,0.0,0.0,1598.0,0.0,0.0,0.0,0.0,0.0,0.0,0.0,0.0,0.0,0.0,0.0,19.60866258884585,-204.0114148233033,19.705325880602204,-215.11760216571202,19.44040168023376,-72.09310464158694,19.26352660983376,-6.437389384976328,18.589369706005667,0.23951652693634174,20.479004457259586,-45.07309160654742,18.460206387089707,-13.956799959090859,16.7783673829828,-139.50964263837433,17.91988493552219,-107.02870180508461,384.019493743192,491.3960481203269,0.0,0.0,0.0,0.0,0.0,0.0,0.0,0.0,0.0,0.0,0.0,0.0,0.0,0.0,0.0,0.0,0.0,0.0,0.0,0.0,0.0,0.0,1.1372079707775856,0.3471330802129382,262.4033209745102,311.2598191353475,6064.005027034113,0.20337953777017837,0.031040832993006467,174.5540747909301,207.14426007199388,4024.8891665630546,1.2773679643659888,0.2413771663578967,68.0406614779565,80.64768351808425,1603.7066555132493,0.2184198152736943,0.041273585652625528,42.54992377534883,50.37018929168802,981.9496386872519,0.0,0.0,5.192625712279698,6.171263205943118,112.7993744307428,0.0,0.0,11.648839489400358,13.749745248200375,299.0842352280637,0.0,0.0,75.49719568580432,89.78890816273484,1620.8512364469787,0.0,0.0,38.37155981092319,45.94880679727727,676.2344679637085,0.0,0.0,19.822186280925338,23.615728480661305,405.3622298951623,30.07072012823322,20.624636576291655,220.53500373891459,262.46583709540337,5298.923445985011,0.0,0.0,60.70374004906387,73.14682197862423,855.1557204713676,0.0,19.257956269529826,42.376493970333978,22.0,30.0,0.0,19.282861925683759,42.41545451997895,12.0,30.0,0.0,19.31369343733804,42.49914063299289,22.0,30.0,0.0,19.221685001782306,42.911032935049068,12.0,30.0,0.0,18.568297358470589,45.84559288450886,12.0,30.0,0.0,20.626545116629438,40.65416319641639,12.0,30.0,0.0,18.435926199812099,45.16756160139613,10.0,30.0,0.0,16.462960792470839,51.731690464151309,12.0,30.0,0.0,17.911020774368369,47.551627817727368,20.0,30.0,0.0,18.298231425547109,0.0,0.0,0.0,14.657811510647468,0.0,0.0,536.9448535865899,552.1614068006152,564.1252826506726,592.5496983864736,669.661670686157,964.643625193999,605.5249456211898,649.3789776739639,832.9187848472448,0.0,85.15090048569924,85.15090048569924,60.0,0.0,60.0,60.0,12.0,12.0,12.0,19.0,12.0,12.0,21.0,10.0,0.0,0.0,0.0,0.0,0.0,0.0,0.0,0.0,0.0,0.0,0.0,0.0,0.0,85.15090048569924,85.15090048569924,0.0,0.0,0.0,85.15090048569924,0.0,0.0,0.0007700000000000001 
 03/30  01:50:00,7.710000000000001,85.83333333333334,2.968333333333333,0.0,0.0,0.0,0.0,0.0,2.0,2.0,0.0,0.0,0.0,0.0,0.0,1598.0,0.0,0.0,0.0,0.0,0.0,0.0,0.0,0.0,0.0,0.0,0.0,19.469897486357199,-66.08825120115762,19.725354827333786,-208.6927812726792,19.355414919810224,-217.62781022691616,19.1914926690053,-74.5144002183597,18.563634275659948,0.0936540477393919,20.4288007017357,-43.33046932372238,18.42719737762411,-33.25904257291995,16.714837724239368,-142.7514018059834,17.923767829125354,-96.95664024870854,430.5560834900707,481.4655604611427,0.0,0.0,0.0,0.0,0.0,0.0,0.0,0.0,0.0,0.0,0.0,0.0,0.0,0.0,0.0,0.0,0.0,0.0,0.0,0.0,0.0,0.0,1.1369278471312599,0.34704757238438946,303.08300918351559,359.54440390882589,6950.597029438282,0.1954341074936347,0.029828160484376484,147.02642275176656,174.12950823267935,3428.7833722049219,1.3008104281262459,0.24580695920752949,282.7956709900466,335.5214772111365,6535.827438480408,0.21682832467158986,0.04097285046704266,147.09460414192916,174.56302141286609,3366.079800818417,0.0,0.0,4.975714491175104,5.9167941630833,108.42619034864805,0.0,0.0,11.618117500422909,13.715084992293388,298.5707683458486,0.0,0.0,71.56241856478306,85.14356496556175,1540.107238259566,0.0,0.0,38.7278681937476,46.38829283604195,681.3503484965775,0.0,0.0,17.864758288765139,21.283699926729477,367.98728816089206,29.86104591371121,20.48082710131085,406.18271968186408,482.99117081908579,9393.614601139056,0.0,0.0,58.73765978898422,70.8036225079534,823.34018259915,0.0,19.07186984975374,42.876446376277659,22.0,30.0,0.0,19.381117767328584,42.06940591183293,12.0,30.0,0.0,19.189325455898648,42.602850393019938,22.0,30.0,0.0,19.10928976037696,42.81837274534662,12.0,30.0,0.0,18.541580267017524,45.65126234060652,12.0,30.0,0.0,20.577028670309006,40.57260449638792,12.0,30.0,0.0,18.39942679690495,45.133302705904558,10.0,30.0,0.0,16.386165728226865,51.69267755852379,12.0,30.0,0.0,17.926053928134935,47.26399345297213,20.0,30.0,0.0,18.437590396810358,0.0,0.0,0.0,14.561468369427584,0.0,0.0,545.3391704272557,548.6224389601964,555.078356531367,555.5586265318037,656.972032811137,962.2616702571627,604.7731140526704,641.0775502872771,836.412595288303,0.0,85.15090048569924,85.15090048569924,60.0,0.0,60.0,60.0,12.0,12.0,12.0,19.0,12.0,12.0,21.0,10.0,0.0,0.0,0.0,0.0,0.0,0.0,0.0,0.0,0.0,0.0,0.0,0.0,0.0,85.15090048569924,85.15090048569924,0.0,0.0,0.0,85.15090048569924,0.0,0.0,0.0007599999999999999 
 03/30  02:00:00,7.65,86.0,2.9,0.0,0.0,0.0,0.0,0.0,2.0,2.0,0.0,0.0,0.0,0.0,0.0,799.0,0.0,0.0,0.0,0.0,0.0,0.0,0.0,0.0,0.0,0.0,0.0,19.427384134717767,-170.73831257878374,19.73296055342913,-23.479304441537125,19.31303712127027,-19.92995448293641,19.127493145679389,-96.72638325193884,18.53518416293702,-0.5065291732720425,20.375004894036424,-44.037158875179049,18.39141027876706,-9.360015537633899,16.651917248613004,-138.69904206203956,17.925636522488909,-98.9067306686951,358.670755624511,491.7229385841847,0.0,0.0,0.0,0.0,0.0,0.0,0.0,0.0,0.0,0.0,0.0,0.0,0.0,0.0,0.0,0.0,0.0,0.0,0.0,0.0,0.0,0.0,1.1203390575814539,0.34198383931057815,158.24010011109989,187.41057406129228,3634.038470795246,0.1993654297684013,0.030428179146581397,11.816677598233806,13.97370560892697,284.2146707087103,1.5267153212219063,0.28849495865871258,202.77407820899456,239.99827767593815,4720.9452849314789,0.21966526601696763,0.04150893159806643,84.00716802356006,99.49021917800393,1921.4850158095349,0.0,0.0,5.277390553072065,6.259342376710962,115.35140138888205,0.0,0.0,11.603898018624943,13.667711216296622,298.4085869781483,0.0,0.0,75.58861409268656,89.71151059319986,1630.1182873785645,0.0,0.0,39.22881550877569,46.885699671326438,689.3336382822329,0.0,0.0,18.09661107453087,21.506785866058015,375.4268901360497,29.72029690876618,20.384291432624275,203.58284317221234,241.82007334630925,4934.252667841182,0.0,0.0,59.41057049598589,71.45788942617607,832.0619400385389,0.0,19.01983922719344,42.74352425667394,22.0,30.0,0.0,19.46107604787776,41.64462483769188,12.0,30.0,0.0,19.177444489861043,42.81560031223399,22.0,30.0,0.0,19.024651799232094,42.79660200064774,12.0,30.0,0.0,18.510234070729646,45.48174832523146,12.0,30.0,0.0,20.51922582156699,40.48510377100764,12.0,30.0,0.0,18.35952952425128,45.28715578612354,10.0,30.0,0.0,16.310855976969884,51.7916860486897,12.0,30.0,0.0,17.93638044825584,47.00121526147859,20.0,30.0,0.0,18.174019439404707,0.0,0.0,0.0,14.49177963785798,0.0,0.0,532.8327646281983,539.3342199599858,565.1883536504705,545.869970541633,647.566055766484,957.6767128010579,607.1616866389123,637.953593917794,838.9690519008298,0.0,85.15090048569924,85.15090048569924,60.0,0.0,60.0,60.0,12.0,12.0,12.0,19.0,12.0,12.0,21.0,10.0,0.0,0.0,0.0,0.0,0.0,0.0,0.0,0.0,0.0,0.0,0.0,0.0,0.0,85.15090048569924,85.15090048569924,0.0,0.0,0.0,85.15090048569924,0.0,0.0,0.00075 
 03/30  02:10:00,7.666666666666668,85.83333333333334,2.828333333333333,0.0,0.0,0.0,0.0,0.0,2.0,2.0,0.0,0.0,0.0,0.0,0.0,1598.0,0.0,0.0,0.0,0.0,0.0,0.0,0.0,0.0,0.0,0.0,0.0,19.45900268664522,-84.81423470308255,19.64201125436803,-230.21258517083946,19.223074815706668,-143.23158953563189,19.10880317646604,-37.060878723323188,18.512114094320319,-0.12589809982576129,20.334610546492656,-41.052631528033348,18.353868825534719,-23.94963834858845,16.602426446072728,-145.1259388171934,17.92416491656818,-95.70511079802253,389.53680503617718,491.85253926412227,0.0,0.0,0.0,0.0,0.0,0.0,0.0,0.0,0.0,0.0,0.0,0.0,0.0,0.0,0.0,0.0,0.0,0.0,0.0,0.0,0.0,0.0,1.1046757027344656,0.3372025954622911,212.2249352993258,251.91214907034559,4919.061536294137,0.18668606152214085,0.02849298863280538,106.79180645810988,126.93607391871518,2484.1737912369796,1.468299057482846,0.2774563600685651,189.0057573377495,224.3093206124483,4343.136453771217,0.22323379935707456,0.04218325762605338,99.98199149927446,118.74676415735789,2285.271774867074,0.0,0.0,5.012096802122455,5.958702357603057,109.15156209812318,0.0,0.0,11.512736787439746,13.595338655985339,294.8258049135368,0.0,0.0,72.81511730197325,86.63478308753153,1560.712710669229,0.0,0.0,39.73602099785775,47.61350681646364,692.666771359035,0.0,0.0,17.254656975827886,20.555632765596394,357.3819169047186,29.491268723439757,20.22720762924538,268.94147287396859,320.2481500004609,6363.915672796665,0.0,0.0,58.72399643061772,70.81830142963568,811.3567465115775,0.0,19.154005393548176,42.42226973031161,22.0,30.0,0.0,19.30375898814026,41.860336036503898,12.0,30.0,0.0,19.03637980798829,42.78614062256551,22.0,30.0,0.0,19.036409204304325,42.9695666352107,12.0,30.0,0.0,18.490632210223983,45.418604246453018,12.0,30.0,0.0,20.485467852287419,40.434124929426449,12.0,30.0,0.0,18.31275018653931,45.13975227155866,10.0,30.0,0.0,16.26002995719331,51.84002795671094,12.0,30.0,0.0,17.940529594296465,46.87233729059942,20.0,30.0,0.0,18.260604554330109,0.0,0.0,0.0,14.416527629990253,0.0,0.0,539.3624856839701,528.9985268844582,544.9505953933585,561.4200202475493,643.1812393894877,954.0341755117197,597.4194449931058,637.8304725410379,842.3949461934018,0.0,85.15090048569924,85.15090048569924,60.0,0.0,60.0,60.0,12.0,12.0,12.0,19.0,12.0,12.0,21.0,10.0,0.0,0.0,0.0,0.0,0.0,0.0,0.0,0.0,0.0,0.0,0.0,0.0,0.0,85.15090048569924,85.15090048569924,0.0,0.0,0.0,85.15090048569924,0.0,0.0,0.00074 
 03/30  02:20:00,7.683333333333334,85.66666666666667,2.756666666666667,0.0,0.0,0.0,0.0,0.0,2.0,2.0,0.0,0.0,0.0,0.0,0.0,799.0,0.0,0.0,0.0,0.0,0.0,0.0,0.0,0.0,0.0,0.0,0.0,19.504936136902594,-3.109779451605391,19.51412072639407,-336.1195036573781,19.171908436440256,-136.14165907408097,19.09504564691113,-1.2045156369545112,18.482686216885797,0.09418250427756903,20.285306576477717,-39.15704028121604,18.309721700734415,-30.419677042402328,16.540898762723857,-143.25211453981684,17.924236591359347,-90.44581086693478,362.01779085264845,491.0024902805974,0.0,0.0,0.0,0.0,0.0,0.0,0.0,0.0,0.0,0.0,0.0,0.0,0.0,0.0,0.0,0.0,0.0,0.0,0.0,0.0,0.0,0.0,1.1063905781352264,0.33772606170183958,181.2190161245592,214.41786971344446,4242.406421226082,0.18288644651196118,0.02791307181195989,173.5072446730326,205.43734738585716,3977.3430514277549,1.4371362416680625,0.27156769494861357,90.63488596379992,107.35454187559422,2087.458159279937,0.2199610675561142,0.04156482758052043,88.9524768135949,105.3306718535483,2031.6384265340376,0.0,0.0,4.793320860565985,5.6863485844432068,103.9687065291839,0.0,0.0,11.445702338946273,13.485924563891978,291.6671819355223,0.0,0.0,70.74558269359925,83.9983205020707,1506.305276534949,0.0,0.0,39.94555310878632,47.763197666229277,689.3683365729838,0.0,0.0,16.336429432928985,19.414359328345449,338.17585488223826,29.228548725575516,20.04701558681449,206.19316333670455,244.92861760288054,4955.716760143857,0.0,0.0,57.773849491120959,69.52527945677768,788.0117574488992,0.0,19.29631995604678,41.9170414397183,22.0,30.0,0.0,19.10456099295177,42.21726030485811,12.0,30.0,0.0,18.986670484181567,42.65371678197221,22.0,30.0,0.0,19.044218713376627,42.94357026541416,12.0,30.0,0.0,18.458941891316316,45.30456220364698,12.0,30.0,0.0,20.432423156424816,40.35089173196632,12.0,30.0,0.0,18.253368289525999,45.15112995195484,10.0,30.0,0.0,16.185570826134929,51.95011023918411,12.0,30.0,0.0,17.948316078810934,46.69452720742684,20.0,30.0,0.0,18.157951922151179,0.0,0.0,0.0,14.342414388460745,0.0,0.0,533.0929549379025,519.5804601756735,531.2189787969351,566.589390488527,635.1724885358184,948.117243079408,593.0658854952279,635.0086933623047,849.8822807827754,0.0,85.15090048569924,85.15090048569924,60.0,0.0,60.0,60.0,12.0,12.0,12.0,19.0,12.0,12.0,21.0,10.0,0.0,0.0,0.0,0.0,0.0,0.0,0.0,0.0,0.0,0.0,0.0,0.0,0.0,85.15090048569924,85.15090048569924,0.0,0.0,0.0,85.15090048569924,0.0,0.0,0.0007300000000000001 
 03/30  02:30:00,7.7,85.5,2.685,0.0,0.0,0.0,0.0,0.0,2.0,2.0,0.0,0.0,0.0,0.0,0.0,2397.0,0.0,0.0,0.0,0.0,0.0,0.0,0.0,0.0,0.0,0.0,0.0,19.367878109343203,-145.74087672527453,19.501015833879174,-142.77200070744656,19.16218633055031,-50.35855844964558,19.062958435084249,-39.59108025991559,18.45865546255589,-1.3228629309519416,20.246995470110087,-41.42072242869474,18.28941430066059,-21.902422372934319,16.493451017326995,-151.48681301858964,17.92326946566434,-83.29615347948331,321.2017466793535,484.1041428119708,0.0,0.0,0.0,0.0,0.0,0.0,0.0,0.0,0.0,0.0,0.0,0.0,0.0,0.0,0.0,0.0,0.0,0.0,0.0,0.0,0.0,0.0,1.1018453216467692,0.336338620771297,181.61486732395847,215.91908741214267,4148.577544809532,0.20088479117881415,0.030660071913738417,107.5109954854246,127.66087053350559,2472.942562147024,1.492695925018874,0.28206650132631785,117.47157344639686,139.68002114784754,2700.68120584902,0.21443709926121458,0.04052099381353259,41.318194513274409,49.16227830618821,940.6801595469316,0.0,0.0,5.0578261445529268,6.020326097104112,109.28335986149307,0.0,0.0,11.211451580021599,13.254005532992873,284.49250616527328,0.0,0.0,72.38571901756048,86.22564858093537,1536.6813481036132,0.0,0.0,40.62763014202517,48.74151786981906,695.6538407523382,0.0,0.0,15.03979911278304,17.93224512534236,310.8318574561275,28.98562352033939,19.880400219711519,179.85700426971668,214.56845904447526,4362.743023560615,0.0,0.0,56.83206601360994,68.62922391245081,764.5205784291976,0.0,19.04462411853954,42.459142159878158,21.999999999999994,29.99999999999999,0.0,19.160418774296028,42.07967154478852,11.999999999999995,29.99999999999999,0.0,19.021917140663669,42.625995766560787,21.999999999999994,29.99999999999999,0.0,19.00435102631101,42.841390325120247,11.999999999999995,29.99999999999999,0.0,18.438599606717568,45.23967414242108,11.999999999999995,29.99999999999999,0.0,20.4002797195933,40.32479078430622,11.999999999999995,29.99999999999999,0.0,18.243239134007728,45.064571708712467,9.999999999999997,29.99999999999999,0.0,16.13841342998026,51.96604860368758,11.999999999999995,29.99999999999999,0.0,17.954048270345959,46.59117792348874,19.999999999999994,29.99999999999999,0.0,18.0140045728538,0.0,0.0,0.0,14.268652449506922,0.0,0.0,529.2932663747104,522.5329087952177,538.4783061418489,562.3475985588634,629.0718445758,947.1774858970568,586.3631506545465,630.9265509682133,855.3923976904184,0.0,85.15090048569921,85.15090048569921,59.99999999999998,0.0,59.99999999999998,59.99999999999998,12.0,12.0,12.0,19.0,12.0,12.0,21.0,10.0,0.0,0.0,0.0,0.0,0.0,0.0,0.0,0.0,0.0,0.0,0.0,0.0,0.0,85.15090048569921,85.15090048569921,0.0,0.0,0.0,85.15090048569921,0.0,0.0,0.00072 
 03/30  02:40:00,7.716666666666667,85.33333333333334,2.6133333333333335,0.0,0.0,0.0,0.0,0.0,2.0,2.0,0.0,0.0,0.0,0.0,0.0,799.0,0.0,0.0,0.0,0.0,0.0,0.0,0.0,0.0,0.0,0.0,0.0,19.337919172024678,-94.7778997372789,19.44291843954774,-205.9689927335081,19.16207633394204,-32.199856224011927,19.05395216791105,-7.554321716709413,18.425889667236427,-1.317297301087877,20.196323022718447,-40.14613230847524,18.25382131259432,-20.440072222149877,16.42905291378023,-149.1240073107204,17.926648463718789,-78.45278818832927,219.27102259255399,483.431709277319,0.0,0.0,0.0,0.0,0.0,0.0,0.0,0.0,0.0,0.0,0.0,0.0,0.0,0.0,0.0,0.0,0.0,0.0,0.0,0.0,0.0,0.0,1.091765479414865,0.33326174585313358,109.98165516031793,130.24667137734648,2522.40632240216,0.20167057574210718,0.030780002402641526,73.51313673374486,87.04694429996713,1681.1247289496753,1.4902773076341729,0.2816094685627691,73.91825712425565,87.52825501613516,1715.8231635223909,0.21410904944924465,0.04045900405314525,5.626356270875825,6.662830452435762,132.37019410313219,0.0,0.0,5.070829458538264,6.016912509958155,109.08044619707347,0.0,0.0,11.13974910873833,13.129813025764103,281.2174624609468,0.0,0.0,71.9355723291084,85.42698516887171,1519.7379990014179,0.0,0.0,40.94032607435208,48.97515678542943,693.4855489273675,0.0,0.0,14.241884955801316,16.924183968236627,294.38970464478606,28.760865072928064,19.726244905986339,77.81416503970306,92.60526494082484,2125.9971888171214,0.0,0.0,56.12991943190481,67.58148775975403,745.9492875931192,0.0,19.041319856696018,42.28496320549766,22.00000000000001,30.000000000000015,0.0,19.091439638095804,41.98034772121618,12.000000000000006,30.000000000000015,0.0,19.06426755307791,42.38739388413919,22.00000000000001,30.000000000000015,0.0,19.01774894983429,42.86563664486874,12.000000000000006,30.000000000000015,0.0,18.401662438226177,45.128985353347719,12.000000000000006,30.000000000000015,0.0,20.343236938811775,40.26892863692095,12.000000000000006,30.000000000000015,0.0,18.203109597439423,45.029828302615587,10.000000000000004,30.000000000000015,0.0,16.058221957928529,52.03168675264289,12.000000000000006,30.000000000000015,0.0,17.96794676942949,46.38627104850237,20.000000000000008,30.000000000000015,0.0,17.62568890986041,0.0,0.0,0.0,14.201167890362595,0.0,0.0,521.2122297697849,508.04182762519778,534.3821474087102,597.1225858864533,618.7277584234091,944.0869147381994,579.4532479777979,625.0297955646696,867.4714472222396,0.0,85.15090048569928,85.15090048569928,60.00000000000003,0.0,60.00000000000003,60.00000000000003,12.0,12.0,12.0,19.0,12.0,12.0,21.0,10.0,0.0,0.0,0.0,0.0,0.0,0.0,0.0,0.0,0.0,0.0,0.0,0.0,0.0,85.15090048569928,85.15090048569928,0.0,0.0,0.0,85.15090048569928,0.0,0.0,0.0007099999999999999 
 03/30  02:50:00,7.733333333333333,85.16666666666667,2.541666666666667,0.0,0.0,0.0,0.0,0.0,2.0,2.0,0.0,0.0,0.0,0.0,0.0,799.0,0.0,0.0,0.0,0.0,0.0,0.0,0.0,0.0,0.0,0.0,0.0,19.3630514013402,-28.9719912894725,19.4170922984767,-157.95902753198085,19.09218124475327,-117.3024909554847,19.039531675737189,-6.60486622726944,18.39695705047223,-1.439269018556331,20.15330053823015,-39.238954442420098,18.218911179638988,-25.37726726023766,16.376378389748806,-150.58174738996173,17.92930243602128,-70.6688150090248,175.78273750435597,478.49432685573836,0.0,0.0,0.0,0.0,0.0,0.0,0.0,0.0,0.0,0.0,0.0,0.0,0.0,0.0,0.0,0.0,0.0,0.0,0.0,0.0,0.0,0.0,1.09754280346158,0.3350252757819231,94.25671813713244,111.58256695104378,2180.9892893653957,0.20672513118811493,0.03155145469904074,53.822205104792008,63.72931284572762,1230.6787266370714,1.4360424810412467,0.271361013046343,37.33387715361353,44.22408159706693,873.2477820563219,0.2095451414585053,0.039596587577192979,4.818360585334451,5.705896815197942,113.7538786801851,0.0,0.0,4.994119218684535,5.926531756056538,106.98293483802068,0.0,0.0,11.00271719251434,12.970366507078707,276.4924470988652,0.0,0.0,70.55311053331485,83.79698108257783,1482.6640376407466,0.0,0.0,41.30488915169751,49.42112783520134,693.5788365871491,0.0,0.0,13.05157309517034,15.509032199003782,269.65683940300837,28.546675161832625,19.579338245427047,54.981286233378558,65.47380604704108,1635.4249336082592,0.0,0.0,55.03778871031573,66.28110335139543,722.7105393923251,0.0,19.14359503507448,42.025162655828868,22.0,30.0,0.0,19.09469664442253,41.93574569372736,12.0,30.0,0.0,18.962674971861448,42.47311404074231,22.0,30.0,0.0,19.014672349077455,42.894801554079027,12.0,30.0,0.0,18.37297588185193,45.06137513425648,12.0,30.0,0.0,20.30078703820149,40.22287055786155,12.0,30.0,0.0,18.16314208500717,45.025435895738208,10.0,30.0,0.0,16.000749921550577,52.099647626707369,12.0,30.0,0.0,17.980424319679668,46.24270001975515,20.0,30.0,0.0,17.453742393582116,0.0,0.0,0.0,14.138837804850832,0.0,0.0,524.9071094101532,507.17083666287336,527.8246086448734,618.3766804358198,610.7661442475562,941.3150961536404,574.4848064382775,621.2903631213882,878.9947552746498,0.0,85.15090048569924,85.15090048569924,60.0,0.0,60.0,60.0,12.0,12.0,12.0,19.0,12.0,12.0,21.0,10.0,0.0,0.0,0.0,0.0,0.0,0.0,0.0,0.0,0.0,0.0,0.0,0.0,0.0,85.15090048569924,85.15090048569924,0.0,0.0,0.0,85.15090048569924,0.0,0.0,0.0007133333333333332 
 03/30  03:00:00,7.75,85.0,2.47,0.0,0.0,0.0,0.0,0.0,2.0,2.0,0.0,0.0,0.0,0.0,0.0,2397.0,0.0,0.0,0.0,0.0,0.0,0.0,0.0,0.0,0.0,0.0,0.0,19.24228704189119,-133.938488907792,19.39084575051004,-175.61754653820806,19.045809847485395,-99.098752641777,18.97451819718713,-95.5887487881004,18.371820360290827,-1.7961456712513775,20.11762931837093,-37.94578313767076,18.189188132904364,-30.74032236530292,16.329816009041637,-157.83136839091524,17.933627491783324,-53.90479500055419,344.2601684812495,463.2439316717396,0.0,0.0,0.0,0.0,0.0,0.0,0.0,0.0,0.0,0.0,0.0,0.0,0.0,0.0,0.0,0.0,0.0,0.0,0.0,0.0,0.0,0.0,1.0819543661755023,0.3302669005419729,172.94872749946809,205.56709909805148,3904.1743827853699,0.19404704596040305,0.029616460006166545,96.21734945962953,114.2073108910435,2186.6321318212087,1.5202875349362653,0.2872803353998993,152.02236730699304,180.6769635682392,3439.676514173989,0.20925211273624418,0.039541215558625147,69.86262066016862,83.0373314858254,1568.2300590810035,0.0,0.0,4.957413282315379,5.902355781988175,105.78110875483756,0.0,0.0,10.91211204164889,12.905930284373842,273.12187443703376,0.0,0.0,68.4358124498509,81.55051514466419,1431.3852043819239,0.0,0.0,41.950631337268308,50.3602633367729,698.8952681004073,0.0,0.0,10.725200273646374,12.787871845643288,221.4100696003429,28.346901629690519,19.442319361927674,199.24629046779629,237.54204792268423,4702.088961440684,0.0,0.0,52.998697534656567,64.04569508835434,686.402748844005,0.0,18.937863748975916,42.32458193549589,22.000000000000019,30.00000000000002,0.0,19.088252030423278,41.919881007724629,12.00000000000001,30.00000000000002,0.0,18.91954236051244,42.62854867281628,22.000000000000019,30.00000000000002,0.0,18.91005674436124,42.64994319615491,12.00000000000001,30.00000000000002,0.0,18.352411606821645,45.01111216080451,12.00000000000001,30.00000000000002,0.0,20.272313702605169,40.19080963974854,12.00000000000001,30.00000000000002,0.0,18.13403136281274,44.952305979249569,10.000000000000007,30.00000000000002,0.0,15.955179429466039,52.1067752658533,12.00000000000001,30.00000000000002,0.0,17.99557984977402,46.12770966799831,20.000000000000015,30.00000000000002,0.0,18.00688497543851,0.0,0.0,0.0,14.068610851442532,0.0,0.0,513.3237496731981,510.4606327621334,542.4979341463568,557.6733787992567,604.6732353114794,938.5865055075383,564.8937678973388,616.2174109523833,892.1039935520919,0.0,85.15090048569931,85.15090048569931,60.00000000000004,0.0,60.00000000000004,60.00000000000004,12.0,12.0,12.0,19.0,12.0,12.0,21.0,10.0,0.0,0.0,0.0,0.0,0.0,0.0,0.0,0.0,0.0,0.0,0.0,0.0,0.0,85.15090048569931,85.15090048569931,0.0,0.0,0.0,85.15090048569931,0.0,0.0,0.0007166666666666667 
 03/30  03:10:00,7.628333333333334,85.66666666666667,2.4266666666666669,0.0,0.0,0.0,0.0,0.0,2.0,2.0,0.0,0.0,0.0,0.0,0.0,799.0,0.0,0.0,0.0,0.0,0.0,0.0,0.0,0.0,0.0,0.0,0.0,19.224212345709569,-79.66625068554913,19.320086351635156,-186.2398761784616,19.029582905986318,-28.990242226288957,18.94788346421147,-5.457631998730847,18.336936800106629,-2.0255840311990598,20.06586025242492,-37.70889560739505,18.149973390979946,-24.132412659596868,16.263927506275935,-156.37613198125929,17.953105450704535,-36.449621342802178,233.3739045001803,450.8061313320725,0.0,0.0,0.0,0.0,0.0,0.0,0.0,0.0,0.0,0.0,0.0,0.0,0.0,0.0,0.0,0.0,0.0,0.0,0.0,0.0,0.0,0.0,1.0835816333960722,0.3307636243577754,119.97311609452668,142.1184118365377,2750.773021772415,0.19874252649181962,0.03033310843892241,82.21844049184068,97.38057533677493,1880.0444642142596,1.5741297678372766,0.2974546046555701,84.65046476003124,100.27973423375757,1955.9854215241197,0.21724715330510215,0.041051994199754738,6.236360658087907,7.388339658712167,146.00415325080673,0.0,0.0,5.0960291160220019,6.04877634671128,109.64123509368524,0.0,0.0,10.887229271812338,12.838084264014645,274.1118638448694,0.0,0.0,67.65956184393079,80.38120751824613,1426.3538784133078,0.0,0.0,42.359395785414239,50.70541080925178,709.7037796781564,0.0,0.0,8.681962986917848,10.314354875335857,182.21729255161885,28.351761203970207,19.44565240327175,88.41294614904727,105.22762085027199,2341.643697908672,0.0,0.0,50.96224609470671,61.40439028480758,665.27762251693,0.0,18.957547566770754,42.196327324554157,22.0,30.0,0.0,19.00339046339191,42.02530794562467,12.0,30.0,0.0,18.937658931948389,42.375674590991319,22.0,30.0,0.0,18.905889627364645,42.62140072239598,12.0,30.0,0.0,18.312889071084049,44.91471661890568,12.0,30.0,0.0,20.217034032448948,40.129093583089979,12.0,30.0,0.0,18.089231132776527,44.92976498479479,10.0,30.0,0.0,15.874242219316516,52.1666899897204,12.0,30.0,0.0,18.040839700800217,45.877242384115778,20.0,30.0,0.0,17.58958312367975,0.0,0.0,0.0,13.993325576298395,0.0,0.0,512.8393201212583,509.1620611081264,523.4736392542596,576.302622050703,592.3496502369313,931.9752682612351,550.4745995309695,608.6854363547657,930.6879318941814,0.0,85.15090048569924,85.15090048569924,60.0,0.0,60.0,60.0,12.0,12.0,12.0,19.0,12.0,12.0,21.0,10.0,0.0,0.0,0.0,0.0,0.0,0.0,0.0,0.0,0.0,0.0,0.0,0.0,0.0,85.15090048569924,85.15090048569924,0.0,0.0,0.0,85.15090048569924,0.0,0.0,0.0007199999999999999 
 03/30  03:20:00,7.506666666666667,86.33333333333334,2.3833333333333339,0.0,0.0,0.0,0.0,0.0,2.0,2.0,0.0,0.0,0.0,0.0,0.0,1598.0,0.0,0.0,0.0,0.0,0.0,0.0,0.0,0.0,0.0,0.0,0.0,19.149174237634456,-154.8243104052899,19.29950059052853,-93.78118522844261,19.00864401400702,-36.0414217477969,18.932960469641619,-4.483408460496165,18.30921767409014,-2.2265969258874636,20.023559814519169,-37.81730305610657,18.120568171645816,-26.726632335967908,16.21320404956821,-161.87365505472338,17.958613756995264,-37.49690633697327,164.94639144396343,455.4509127407355,0.0,0.0,0.0,0.0,0.0,0.0,0.0,0.0,0.0,0.0,0.0,0.0,0.0,0.0,0.0,0.0,0.0,0.0,0.0,0.0,0.0,0.0,1.1073627134427562,0.3380228063012076,89.4720336381823,106.2258107965577,2056.228987180796,0.20732276486770979,0.03164266863060284,44.321320636579468,52.67637974429515,1025.6216858163335,1.5591879128698812,0.29463112488093,30.13894804634171,35.72556553484353,726.599939371664,0.21503728390970179,0.04063440739034424,4.874285265384488,5.787525937203261,116.34568811375985,0.0,0.0,5.257423826597447,6.255275763751026,114.10358830807597,0.0,0.0,10.830475691649138,12.80290599580059,274.5032046601061,0.0,0.0,68.07655428545448,81.06991038966507,1447.5741432275173,0.0,0.0,43.103371568388919,51.725292623692428,728.2006843544009,0.0,0.0,11.30012552812918,13.45448103567945,240.17748085878353,28.43019106248162,19.499445173169844,50.07445393386175,59.76020405381472,1548.6084484752697,0.0,0.0,51.49825126066008,62.204444833713889,679.9876102620613,0.0,18.857010643164164,42.252491411442978,22.0,30.0,0.0,19.01959542572189,41.96627524650216,12.0,30.0,0.0,18.9355881183489,42.3717851574494,22.0,30.0,0.0,18.906725353048239,42.648675795272989,12.0,30.0,0.0,18.288281845979,44.86544058280867,12.0,30.0,0.0,20.1830559919062,40.10509173019989,12.0,30.0,0.0,18.06142585787898,44.90261667074951,10.0,30.0,0.0,15.823457772677469,52.20681934810125,12.0,30.0,0.0,18.05598468286989,45.71920348282036,20.0,30.0,0.0,17.281167182721263,0.0,0.0,0.0,13.946526547889015,0.0,0.0,500.9671252661169,511.25937352311748,528.348407763812,594.0598814775292,584.5312132264854,927.364160010981,547.0415203945385,605.12872290899,928.8570514792149,0.0,85.15090048569924,85.15090048569924,60.0,0.0,60.0,60.0,12.0,12.0,12.0,19.0,12.0,12.0,21.0,10.0,0.0,0.0,0.0,0.0,0.0,0.0,0.0,0.0,0.0,0.0,0.0,0.0,0.0,85.15090048569924,85.15090048569924,0.0,0.0,0.0,85.15090048569924,0.0,0.0,0.0007233333333333333 
 03/30  03:30:00,7.385,87.0,2.34,0.0,0.0,0.0,0.0,0.0,2.0,2.0,0.0,0.0,0.0,0.0,0.0,1598.0,0.0,0.0,0.0,0.0,0.0,0.0,0.0,0.0,0.0,0.0,0.0,19.001365984893398,-81.96526391023599,19.275047111683315,-215.32272227995919,18.91741795055676,-186.10225448796337,18.83282245762569,-106.63151828475611,18.277318925319137,-2.0859335724370569,19.976041485504998,-36.45725528191042,18.07010518659498,-52.49366013113422,16.154416542031524,-163.3320808571184,17.960162867943006,-40.82214751437283,419.74866659273178,455.4067034193296,0.0,0.0,0.0,0.0,0.0,0.0,0.0,0.0,0.0,0.0,0.0,0.0,0.0,0.0,0.0,0.0,0.0,0.0,0.0,0.0,0.0,0.0,1.1279120549660589,0.34429549907388859,345.1179415252591,410.0488464631612,7838.622159489616,0.19571181584406698,0.029870545763746489,195.3654118795124,231.78790108892972,4548.21188493314,1.5254574769797272,0.28825727078226145,284.55451534271426,338.02552337872006,6546.764493476267,0.20537797715516838,0.03880914156371283,151.40619263671628,179.93884588768428,3452.083162435632,0.0,0.0,5.0979438832299979,6.068572082434404,111.56779110364669,0.0,0.0,10.802723316555394,12.771983291093207,275.473301694856,0.0,0.0,61.96882036172102,73.83534550730727,1325.5523780430918,0.0,0.0,43.28077201958662,51.95129117980363,736.211433198241,0.0,0.0,13.772291059556382,16.400323131248674,296.2978483667114,28.36937741373017,19.45773485166679,459.7687071685632,547.4170543508394,10500.672042075526,0.0,0.0,51.62646774375395,62.37225933579461,688.9584165058277,0.0,18.635184587167808,42.83343709486715,22.0,30.0,0.0,19.01170577448389,41.877785968721557,12.0,30.0,0.0,18.7932101795567,42.545193695314647,22.0,30.0,0.0,18.736812759541018,42.610501209971037,12.0,30.0,0.0,18.255861595361883,44.76824154605479,12.0,30.0,0.0,20.13752548595783,40.050016112951727,12.0,30.0,0.0,17.995156835876658,44.92333112585625,10.0,30.0,0.0,15.757232929442744,52.22277113098846,12.0,30.0,0.0,18.064702568886923,45.477914230486678,20.0,30.0,0.0,18.094073031515543,0.0,0.0,0.0,13.89304174619388,0.0,0.0,509.4881043412377,507.23781422368429,532.3263496724426,525.8754536542639,573.6451486707538,916.3767832581816,547.6422000501539,617.1854209150265,906.4217221372187,0.0,85.15090048569924,85.15090048569924,60.0,0.0,60.0,60.0,12.0,12.0,12.0,19.0,12.0,12.0,21.0,10.0,0.0,0.0,0.0,0.0,0.0,0.0,0.0,0.0,0.0,0.0,0.0,0.0,0.0,85.15090048569924,85.15090048569924,0.0,0.0,0.0,85.15090048569924,0.0,0.0,0.0007266666666666667 
 03/30  03:40:00,7.263333333333334,87.66666666666666,2.296666666666667,0.0,0.0,0.0,0.0,0.0,2.0,2.0,0.0,0.0,0.0,0.0,0.0,799.0,0.0,0.0,0.0,0.0,0.0,0.0,0.0,0.0,0.0,0.0,0.0,18.96981733333292,-155.9737983717696,19.251853145022307,-23.329551233661677,18.865988981796975,-14.127574554790954,18.76137990885887,-105.36371191554645,18.24138365916179,-2.9200349297344418,19.924210817239464,-37.48818580586095,18.025189108191286,-26.33031267461456,16.09653150390729,-159.11522783217516,17.956934983440033,-42.700653016465938,348.57096812425518,460.48382278296597,0.0,0.0,0.0,0.0,0.0,0.0,0.0,0.0,0.0,0.0,0.0,0.0,0.0,0.0,0.0,0.0,0.0,0.0,0.0,0.0,0.0,0.0,1.123014081124596,0.34280039106367407,148.82792119194313,176.51035937022338,3415.96993374583,0.19807324538341315,0.03023095930760274,12.108271125940937,14.339270245867663,290.4122167955912,1.7461457842012478,0.329959520824121,205.67427746858616,243.77502010392284,4785.116777291068,0.2171794597185842,0.04103920251673926,92.93415533307904,110.20598751308882,2128.5340838182598,0.0,0.0,5.4246943846531769,6.441027610302872,119.65832055647887,0.0,0.0,10.887601457216409,12.84448871724577,279.2355029454821,0.0,0.0,67.77764918862985,80.55617301824117,1459.3704961273778,0.0,0.0,43.58656251695334,52.20562467618532,746.8558190128349,0.0,0.0,14.249873491864456,16.927863922574948,310.1926385751347,28.458107345601467,19.518592143759585,206.73945069733817,245.8525297616553,4996.990566195364,0.0,0.0,52.034262124313659,62.727338557055677,702.2454250894829,0.0,18.609075699787387,42.625933665174937,22.0,30.0,0.0,19.03366017378396,41.60622251176649,12.0,30.0,0.0,18.758769376857854,42.79667314780867,22.0,30.0,0.0,18.64519803613913,42.55286697623902,12.0,30.0,0.0,18.21577209374072,44.69279754103147,12.0,30.0,0.0,20.08299194354723,39.984795213003277,12.0,30.0,0.0,17.94402768473715,45.160605335213769,10.0,30.0,0.0,15.692748350345882,52.34988490615211,12.0,30.0,0.0,18.06589186857268,45.2502479267867,20.0,30.0,0.0,17.82585980366959,0.0,0.0,0.0,13.842049725278793,0.0,0.0,486.96902427136248,493.2945082460736,547.2161285057289,495.72859550445409,565.6616545424008,901.2646467127041,564.5563698240674,628.0351100073441,884.0139070157758,0.0,85.15090048569924,85.15090048569924,60.0,0.0,60.0,60.0,12.0,12.0,12.0,19.0,12.0,12.0,21.0,10.0,0.0,0.0,0.0,0.0,0.0,0.0,0.0,0.0,0.0,0.0,0.0,0.0,0.0,85.15090048569924,85.15090048569924,0.0,0.0,0.0,85.15090048569924,0.0,0.0,0.0007300000000000001 
 03/30  03:50:00,7.141666666666666,88.33333333333334,2.2533333333333336,0.0,0.0,0.0,0.0,0.0,2.0,2.0,0.0,0.0,0.0,0.0,0.0,1598.0,0.0,0.0,0.0,0.0,0.0,0.0,0.0,0.0,0.0,0.0,0.0,18.993723422171354,-71.86901063564028,19.155532701667647,-210.85121208121223,18.777052266840223,-127.89472718243906,18.73795045242023,-45.808223520542927,18.212387424434334,-2.535263856365475,19.882186971717176,-35.98834680680045,17.982087641159397,-41.640276043244288,16.04938984188405,-163.00700538565503,17.94999679099667,-44.47971405928493,377.59214565760478,465.50279891544997,0.0,0.0,0.0,0.0,0.0,0.0,0.0,0.0,0.0,0.0,0.0,0.0,0.0,0.0,0.0,0.0,0.0,0.0,0.0,0.0,0.0,0.0,1.120623735273872,0.3420707372630867,203.23467743547247,241.58528637434078,4758.756097306373,0.19032154776908617,0.02904785527611205,104.70559737225486,124.61562495280792,2460.0388188480685,1.7030485128162006,0.3218156675767576,182.73899000161414,217.1402379386148,4250.8732981933549,0.22241987213925358,0.042029454296911097,97.71009703821653,116.15577165689322,2262.984867287158,0.0,0.0,5.2108943753899459,6.201202658737797,115.91264518184478,0.0,0.0,10.946913122344622,12.946283568493599,282.58583168211887,0.0,0.0,65.03220370767312,77.47883974970881,1409.1758729080298,0.0,0.0,43.88311936878669,52.69013495073135,758.6653108394494,0.0,0.0,14.692630014679033,17.49336635336033,323.17671038640597,28.494193800640525,19.543342798793235,261.42225206802757,311.66944416978626,6262.041258688097,0.0,0.0,52.33075817553953,63.24071767088943,713.5311233136149,0.0,18.727795182814576,42.39855109013496,22.0,30.0,0.0,18.872249234518585,41.947681671615089,12.0,30.0,0.0,18.620450536865243,42.79645942976434,22.0,30.0,0.0,18.652849869087583,42.78948140559038,12.0,30.0,0.0,18.190266509785915,44.686368576393189,12.0,30.0,0.0,20.04847020016436,39.9597027458302,12.0,30.0,0.0,17.892611543232854,45.02359199895931,10.0,30.0,0.0,15.648740405883914,52.38974081348174,12.0,30.0,0.0,18.06146517675353,45.16648079779918,20.0,30.0,0.0,17.865541841536208,0.0,0.0,0.0,13.789933418589485,0.0,0.0,497.7144245183641,489.12341431961729,510.4880358547954,523.4088262822315,563.7734937211754,892.3447692414134,548.6850438120309,633.9232985883856,876.8619377409241,0.0,85.15090048569924,85.15090048569924,60.0,0.0,60.0,60.0,12.0,12.0,12.0,19.0,12.0,12.0,21.0,10.0,0.0,0.0,0.0,0.0,0.0,0.0,0.0,0.0,0.0,0.0,0.0,0.0,0.0,85.15090048569924,85.15090048569924,0.0,0.0,0.0,85.15090048569924,0.0,0.0,0.0007233333333333333 
 03/30  04:00:00,7.02,89.0,2.21,0.0,0.0,0.0,0.0,0.0,2.0,2.0,0.0,0.0,0.0,0.0,0.0,799.0,0.0,0.0,0.0,0.0,0.0,0.0,0.0,0.0,0.0,0.0,0.0,19.02626044145036,2.1109697637011779,19.020788409189696,-307.78103407354959,18.733511709871764,-101.79013263391608,18.721831815702545,-1.5968020458312822,18.17564287953504,-2.2335088345409987,19.828735167256015,-35.8007132114642,17.932740684160267,-46.440134535965629,15.99183428155634,-160.118216394947,17.939381676495075,-44.86878423686221,341.263449441396,470.6704024806695,0.0,0.0,0.0,0.0,0.0,0.0,0.0,0.0,0.0,0.0,0.0,0.0,0.0,0.0,0.0,0.0,0.0,0.0,0.0,0.0,0.0,0.0,1.135785528945303,0.34669887940943319,174.7066432401305,207.02040609736683,4170.581650796674,0.19042342077970873,0.029063403659906708,168.4960269925336,199.7869697907033,3942.7709259715445,1.6987164021324315,0.32099705255714897,68.51198293013036,81.25532095708999,1630.5040609650212,0.22245458723872964,0.04203601421744701,65.99506743727254,78.24581543270384,1547.4347099355692,0.0,0.0,5.098537946259718,6.054999108272977,114.29698260035919,0.0,0.0,11.173649465717168,13.186061871014426,290.01499254858347,0.0,0.0,63.54806930287401,75.5603657166526,1385.0710029736304,0.0,0.0,43.98087995439843,52.6960597628389,765.8591216064755,0.0,0.0,15.318678716909045,18.19812167169639,340.49771338103496,28.508478246659167,19.553140086871865,179.6872481368681,213.77906376628617,4467.320519401361,0.0,0.0,52.44815179355971,63.247598297222619,722.5318394281488,0.0,18.84289141267665,42.04406319918339,22.0,30.0,0.0,18.664085454063707,42.43476418348771,12.0,30.0,0.0,18.58603158787804,42.73234452200011,22.0,30.0,0.0,18.661665939326974,42.77539301120759,12.0,30.0,0.0,18.14962627416722,44.653369153744787,12.0,30.0,0.0,19.990902908707477,39.92329881145265,12.0,30.0,0.0,17.82846012904626,45.0702626963035,10.0,30.0,0.0,15.584166928342315,52.4974686045892,12.0,30.0,0.0,18.051357083467239,45.03718703489073,20.0,30.0,0.0,17.683116653717087,0.0,0.0,0.0,13.734028785577632,0.0,0.0,492.8705204538946,488.33835585088618,502.9136649881716,525.8647656612274,559.2566580593458,878.013071004049,546.2246962131521,638.000523772356,864.5091765465465,0.0,85.15090048569924,85.15090048569924,60.0,0.0,60.0,60.0,12.0,12.0,12.0,19.0,12.0,12.0,21.0,10.0,0.0,0.0,0.0,0.0,0.0,0.0,0.0,0.0,0.0,0.0,0.0,0.0,0.0,85.15090048569924,85.15090048569924,0.0,0.0,0.0,85.15090048569924,0.0,0.0,0.0007166666666666667 
 03/30  04:10:00,7.038333333333333,89.0,2.1833333333333337,0.0,0.0,0.0,0.0,0.0,2.0,2.0,0.0,0.0,0.0,0.0,0.0,2397.0,0.0,0.0,0.0,0.0,0.0,0.0,0.0,0.0,0.0,0.0,0.0,18.895236847916978,-124.62289955514217,18.999557172739594,-138.51368432264673,18.717311329119704,-45.20483472829983,18.68118586636213,-67.1200374419771,18.14687434300811,-3.221269027963236,19.789123118787815,-39.329190419992418,17.905813255908535,-40.740389822030468,15.947419456345326,-166.0155640483246,17.929829687776214,-47.64309044717936,312.10860810688976,473.35729256330947,0.0,0.0,0.0,0.0,0.0,0.0,0.0,0.0,0.0,0.0,0.0,0.0,0.0,0.0,0.0,0.0,0.0,0.0,0.0,0.0,0.0,0.0,1.1354006144286227,0.34658138413572128,168.19544432515205,200.25955020374367,3924.4123185235887,0.2089380435498564,0.03188920078599762,103.02216109052266,122.51123303255094,2415.3322842143127,1.6824047480653968,0.31791472941523,102.10706120080208,121.57352920778635,2409.922785161045,0.2167517382741036,0.04095837835867414,35.92174364362998,42.7753806075948,838.4587156378916,0.0,0.0,5.432003617538922,6.472414520409703,121.26411091249986,0.0,0.0,11.17398467829485,13.229219953129285,288.74596239473,0.0,0.0,65.67306697834626,78.3396579923519,1426.1112685044396,0.0,0.0,44.32959751470068,53.28847027234166,766.3679909894624,0.0,0.0,16.363295745804888,19.500255980265235,362.6803134562096,28.382231076693097,19.466550807059745,166.29489869463186,198.6703447134778,4150.171629936839,0.0,0.0,52.7570836032848,63.83288489443235,718.3660665772131,0.0,18.606299280191729,42.60493133667273,22.0,30.0,0.0,18.701905153072209,42.31039311290118,12.0,30.0,0.0,18.6043329386883,42.733676683527608,22.0,30.0,0.0,18.605214184512215,42.68977669803384,12.0,30.0,0.0,18.125239668388056,44.63670765454259,12.0,30.0,0.0,19.956300089494076,39.9228476011415,12.0,30.0,0.0,17.81038738614408,45.08480043297846,10.0,30.0,0.0,15.543167948741491,52.527772949904818,12.0,30.0,0.0,18.04272821457986,44.96992950278551,20.0,30.0,0.0,17.564281990142889,0.0,0.0,0.0,13.675745081606822,0.0,0.0,493.763374260093,488.1923776986673,509.4445496825298,507.78010178006095,556.8833978923018,873.1869071122762,547.5038315985889,640.4622180871911,856.063936968528,0.0,85.15090048569924,85.15090048569924,60.0,0.0,60.0,60.0,12.0,12.0,12.0,19.0,12.0,12.0,21.0,10.0,0.0,0.0,0.0,0.0,0.0,0.0,0.0,0.0,0.0,0.0,0.0,0.0,0.0,85.15090048569924,85.15090048569924,0.0,0.0,0.0,85.15090048569924,0.0,0.0,0.0007099999999999999 
 03/30  04:20:00,7.056666666666667,89.0,2.1566666666666669,0.0,0.0,0.0,0.0,0.0,2.0,2.0,0.0,0.0,0.0,0.0,0.0,799.0,0.0,0.0,0.0,0.0,0.0,0.0,0.0,0.0,0.0,0.0,0.0,18.752394401634356,-181.0572345955352,19.020942413234466,-26.604906290314604,18.701572651199237,-33.81665938684773,18.669271553631643,-1.6853942567933587,18.107850450477757,-3.216460304835266,19.735593285034257,-39.00010258181953,17.866785764492137,-35.540615479180818,15.888905846177224,-162.73141889083014,17.915354068622024,-48.5013640643233,185.34892958551473,478.2882139551323,0.0,0.0,0.0,0.0,0.0,0.0,0.0,0.0,0.0,0.0,0.0,0.0,0.0,0.0,0.0,0.0,0.0,0.0,0.0,0.0,0.0,0.0,1.1277676226956302,0.3442514110792522,92.4534276272202,109.738486903473,2128.358402977523,0.20942895301119225,0.03196412591745913,9.142047342901935,10.835698243232802,220.25273735645556,1.6724058965490916,0.3160253016910605,58.81583733562248,69.75209208342845,1403.7652373279159,0.2191065803229426,0.04140335984938446,3.7460764227086185,4.442569347475657,92.05447198384293,0.0,0.0,5.525560558642795,6.564295399347699,122.73210798149246,0.0,0.0,11.201831088871178,13.225085150236142,287.85670035272588,0.0,0.0,66.75230794460799,79.39169200139715,1442.3269422540553,0.0,0.0,44.52102888458412,53.36839092802328,762.355626731018,0.0,0.0,16.77187610008271,19.928200069657096,370.74029768369948,28.239948200726727,19.36896310063562,60.681666457894177,72.34775840830945,1798.6168536651108,0.0,0.0,52.91597591691464,63.843205900723329,712.8168502694748,0.0,18.37512923840967,43.125751096471798,22.0,30.0,0.0,18.79488223609277,41.98202473836525,12.0,30.0,0.0,18.615473870902563,42.64191856808727,22.0,30.0,0.0,18.619863460353746,42.61781319398722,12.0,30.0,0.0,18.080828706812495,44.622611656909338,12.0,30.0,0.0,19.8936834905406,39.9193304585941,12.0,30.0,0.0,17.76879382369319,45.15452291231341,10.0,30.0,0.0,15.474320606790947,52.62128573407029,12.0,30.0,0.0,18.025592773182447,44.86327133230718,20.0,30.0,0.0,17.087756287305497,0.0,0.0,0.0,13.618160031740539,0.0,0.0,492.33272820782818,484.12849468496878,510.28261589181389,517.5716042196156,554.577217678464,864.9420050461365,549.9745574607475,643.0205340623627,843.6501135558463,0.0,85.15090048569924,85.15090048569924,60.0,0.0,60.0,60.0,12.0,12.0,12.0,19.0,12.0,12.0,21.0,10.0,0.0,0.0,0.0,0.0,0.0,0.0,0.0,0.0,0.0,0.0,0.0,0.0,0.0,85.15090048569924,85.15090048569924,0.0,0.0,0.0,85.15090048569924,0.0,0.0,0.0007266666666666667 
 03/30  04:30:00,7.074999999999999,89.0,2.13,0.0,0.0,0.0,0.0,0.0,2.0,2.0,0.0,0.0,0.0,0.0,0.0,1598.0,0.0,0.0,0.0,0.0,0.0,0.0,0.0,0.0,0.0,0.0,0.0,18.770116601772839,-86.09302361900609,18.89498651497682,-265.8020736800195,18.6096339146869,-131.7206049969741,18.618929604586858,-105.95516063952523,18.078025484473576,-3.081667762276652,19.6961153679458,-39.027077648563338,17.81613611396518,-52.85859171089237,15.84416143654391,-166.44302544593053,17.903968477280836,-48.92877878479777,364.3289730856759,480.51735664077298,0.0,0.0,0.0,0.0,0.0,0.0,0.0,0.0,0.0,0.0,0.0,0.0,0.0,0.0,0.0,0.0,0.0,0.0,0.0,0.0,0.0,0.0,1.1269611639473259,0.3440052393001605,218.68366213441073,260.19667402837498,5050.464635114484,0.20078246889707569,0.03064445495987114,119.63431786728717,142.42381134504013,2758.403236783282,1.627422964622515,0.30752512559004449,142.70761930658143,169.5821084456503,3306.327383549935,0.20417887562443444,0.0385825539728712,62.89917339430992,74.64672036038484,1445.1963460997757,0.0,0.0,5.299015153147485,6.309580976075371,117.20046365359905,0.0,0.0,11.471164407012225,13.57688992472778,293.5001313085727,0.0,0.0,62.15883572694088,74.1070919937237,1332.6507631111836,0.0,0.0,44.573271324066727,53.56402411807275,757.6481348392434,0.0,0.0,18.348154228006114,21.854557435435816,404.4191008352643,28.132042456855819,19.294953674112365,241.93525171483447,288.5416565045939,5754.8005749143699,0.0,0.0,52.873853961283248,63.95366681523733,704.2648895668767,0.0,18.488685652762329,42.81835551289187,22.0,30.0,0.0,18.570779236966037,42.541921691377158,12.0,30.0,0.0,18.470820579267519,42.91560977221387,22.0,30.0,0.0,18.54443368899365,42.71508444496925,12.0,30.0,0.0,18.055114870842006,44.62700378008639,12.0,30.0,0.0,19.85888397762986,39.91734888384069,12.0,30.0,0.0,17.704797872549624,45.26994376232162,10.0,30.0,0.0,15.432249971213765,52.681460565886847,12.0,30.0,0.0,18.015556102503078,44.8023699721779,20.0,30.0,0.0,17.666851304905536,0.0,0.0,0.0,13.563406936950202,0.0,0.0,491.76711759963106,485.17034176009829,503.2110545538686,502.3355700476275,553.6884748749585,859.3272165958736,553.539660376255,645.8805310647804,832.7651762041468,0.0,85.15090048569924,85.15090048569924,60.0,0.0,60.0,60.0,12.0,12.0,12.0,19.0,12.0,12.0,21.0,10.0,0.0,0.0,0.0,0.0,0.0,0.0,0.0,0.0,0.0,0.0,0.0,0.0,0.0,85.15090048569924,85.15090048569924,0.0,0.0,0.0,85.15090048569924,0.0,0.0,0.0007433333333333333 
 03/30  04:40:00,7.093333333333334,89.0,2.103333333333333,0.0,0.0,0.0,0.0,0.0,2.0,2.0,0.0,0.0,0.0,0.0,0.0,799.0,0.0,0.0,0.0,0.0,0.0,0.0,0.0,0.0,0.0,0.0,0.0,18.7876879638764,-12.020021111581628,18.824708482838589,-233.91428178600473,18.518463356743007,-159.51092265665558,18.578271733189689,-0.9642261686615257,18.040515428220045,-2.83599075786924,19.646170509705287,-38.83477682479361,17.757627581530703,-58.13583199970208,15.789754020604434,-163.62105128217855,17.888107792201358,-49.48620891794212,338.4686260375556,483.3317478788433,0.0,0.0,0.0,0.0,0.0,0.0,0.0,0.0,0.0,0.0,0.0,0.0,0.0,0.0,0.0,0.0,0.0,0.0,0.0,0.0,0.0,0.0,1.1001153374196545,0.33581054255789208,202.07096386752964,239.69123887559815,4686.607817011319,0.1937065132024778,0.029564486142014319,144.33472910913535,171.26056677146389,3310.0504978999886,1.5979017921365458,0.30194667273933226,102.39888303865684,121.56535352201914,2350.587705485725,0.20957235074497988,0.03960172916571803,46.655460301345069,55.35350567524545,1075.0649803845645,0.0,0.0,5.0949610877625999,6.054634107427894,112.14029077676683,0.0,0.0,11.645728092462744,13.754752794498307,296.3970961698231,0.0,0.0,60.21264021467212,71.65436678642347,1279.9354539253578,0.0,0.0,44.552792437556437,53.42973627695169,750.536080405384,0.0,0.0,19.070428716045539,22.663599628152367,419.11602732414726,27.936457907512915,19.160807892670044,210.73943911309613,250.82833250333025,5045.884414676624,0.0,0.0,52.78794517054833,63.717246076367569,695.9184366676954,0.0,18.58056111244159,42.597305167645789,22.0,30.0,0.0,18.495131865458416,42.70677797264962,12.0,30.0,0.0,18.33977074637183,43.16121010816629,22.0,30.0,0.0,18.51433955367293,42.819310771131878,12.0,30.0,0.0,18.0142580646161,44.63758019551693,12.0,30.0,0.0,19.802732065473888,39.93271615356646,12.0,30.0,0.0,17.625848427444394,45.42315953039235,10.0,30.0,0.0,15.370900884493983,52.79988308551767,12.0,30.0,0.0,17.997318544496769,44.7280014757277,20.0,30.0,0.0,17.595327765845189,0.0,0.0,0.0,13.511396302759277,0.0,0.0,497.06181613083666,485.2921981603517,494.4842585568944,505.44381764004506,552.6852540860692,852.315602572357,555.0103408749507,651.74793952528,820.5536526311641,0.0,85.15090048569924,85.15090048569924,60.0,0.0,60.0,60.0,12.0,12.0,12.0,19.0,12.0,12.0,21.0,10.0,0.0,0.0,0.0,0.0,0.0,0.0,0.0,0.0,0.0,0.0,0.0,0.0,0.0,85.15090048569924,85.15090048569924,0.0,0.0,0.0,85.15090048569924,0.0,0.0,0.0007599999999999999 
 03/30  04:50:00,7.111666666666666,89.0,2.0766666666666668,0.0,0.0,0.0,0.0,0.0,2.0,2.0,0.0,0.0,0.0,0.0,0.0,1598.0,0.0,0.0,0.0,0.0,0.0,0.0,0.0,0.0,0.0,0.0,0.0,18.673482049313305,-113.66157304445869,18.812902320787275,-133.88474934618115,18.508418135889415,-63.36327526857281,18.51191355935763,-90.41947897605599,18.00958790896421,-3.7068780759012727,19.606437382281898,-40.86513849625959,17.730121158186603,-47.83535011957565,15.7455483432839,-167.75711545189189,17.87401234659729,-52.56700998690684,341.0062921422309,484.837789898275,0.0,0.0,0.0,0.0,0.0,0.0,0.0,0.0,0.0,0.0,0.0,0.0,0.0,0.0,0.0,0.0,0.0,0.0,0.0,0.0,0.0,0.0,1.09821550054347,0.335230616771511,192.4408074628287,228.92791288646994,4382.839681902871,0.19693213751827855,0.03005679754552481,99.56944270570757,118.2542262032577,2283.6679660603206,1.670026238037363,0.31557563077047687,153.28563080975597,182.54275641024322,3511.0419835670456,0.20818217251865679,0.039339034867471037,78.47205648858554,93.45172201798256,1783.447367665945,0.0,0.0,5.433993891221961,6.474148650946926,119.07627677247447,0.0,0.0,11.708239988888899,13.862458223520033,296.6510284716097,0.0,0.0,63.37650345352568,75.60795418708293,1342.597988441578,0.0,0.0,44.88773650377962,53.9656800980538,750.5680476672721,0.0,0.0,19.552197270577837,23.290176529979094,428.3124543411675,27.824179102943206,19.083799110386296,226.83156761154334,270.66644596649499,5371.247889721363,0.0,0.0,53.09748640074794,64.25206417086184,692.6595799392688,0.0,18.38108003145663,43.05146761100221,22.0,30.0,0.0,18.53571916374545,42.61760161209383,12.0,30.0,0.0,18.3788614272214,43.117827199699167,22.0,30.0,0.0,18.405482081881475,42.99160643478541,12.0,30.0,0.0,17.986749134621115,44.654752150957218,12.0,30.0,0.0,19.76651911045406,39.955098843161199,12.0,30.0,0.0,17.610100428138318,45.43669631507085,10.0,30.0,0.0,15.32910752532903,52.86149939655192,12.0,30.0,0.0,17.983258711819837,44.70223384184296,20.0,30.0,0.0,17.587928066395315,0.0,0.0,0.0,13.46305488223408,0.0,0.0,490.49009266462806,488.4267357486673,502.06938174876248,491.19806838313658,552.9198556943318,850.0068372888329,555.2511390973245,655.1154016389314,816.5383512518895,0.0,85.15090048569924,85.15090048569924,60.0,0.0,60.0,60.0,12.0,12.0,12.0,19.0,12.0,12.0,21.0,10.0,0.0,0.0,0.0,0.0,0.0,0.0,0.0,0.0,0.0,0.0,0.0,0.0,0.0,85.15090048569924,85.15090048569924,0.0,0.0,0.0,85.15090048569924,0.0,0.0,0.0008066666666666666 
 03/30  05:00:00,7.13,89.0,2.05,0.0,0.0,0.0,0.0,0.0,2.0,2.0,0.0,0.0,0.0,0.0,0.0,799.0,0.0,0.0,0.0,0.0,0.0,0.0,0.0,0.0,0.0,0.0,0.0,18.579694065629018,-144.64360880092046,18.825738588388036,-23.28652584024286,18.49327651402379,-27.427499352040287,18.445077451620539,-106.26723080894499,17.97094928735776,-3.935846586495586,19.557087253656954,-41.10654838928605,17.69155712665294,-42.03066879933294,15.69198736963953,-165.22487168025328,17.85506830677363,-54.06163069380432,282.6888194447365,487.57577978784345,0.0,0.0,0.0,0.0,0.0,0.0,0.0,0.0,0.0,0.0,0.0,0.0,0.0,0.0,0.0,0.0,0.0,0.0,0.0,0.0,0.0,0.0,1.1005847998540695,0.33595384610930087,106.38055725847247,126.34131665683357,2401.7893046193869,0.19810104008004149,0.03023520147741781,10.820109570340664,12.834254008346877,253.9720506076234,1.6707815265699273,0.31571835347126378,142.10855752347303,168.68173357555663,3254.611727761832,0.20898781622103219,0.03949127290646866,68.54240901842545,81.38437872347775,1545.464197785073,0.0,0.0,5.513709414806391,6.554345948375562,120.2075255370701,0.0,0.0,11.744582676969318,13.877061695659327,296.0027685022293,0.0,0.0,64.66646407522961,76.97349671619415,1363.0223863945903,0.0,0.0,45.03479925933169,54.0309475885086,746.2785087339105,0.0,0.0,19.414416495187426,23.07716073595124,423.88146420764135,27.696435691907614,18.996183602131429,143.271546504603,170.66834343934546,3526.1927217884228,0.0,0.0,53.213856772826499,64.25700242088026,687.7361916289159,0.0,18.244724775325527,43.348563859503247,22.0,30.0,0.0,18.60936683969493,42.37980036780192,12.0,30.0,0.0,18.394768975824126,43.069233302839048,22.0,30.0,0.0,18.31347805813016,43.15091983943593,12.0,30.0,0.0,17.944223645011609,44.683849541611078,12.0,30.0,0.0,19.710989132176637,39.98802710537024,12.0,30.0,0.0,17.571108678128636,45.52415970818054,10.0,30.0,0.0,15.268939418815157,52.98425598819711,12.0,30.0,0.0,17.960610751094877,44.67116896974571,20.0,30.0,0.0,17.3671786664185,0.0,0.0,0.0,13.418846848353349,0.0,0.0,484.6402427708369,484.6120308367732,502.1566935167189,480.2791798869334,553.6416602117168,846.4178554143025,557.1156849631109,657.5794859625287,813.6166498645293,0.0,85.15090048569924,85.15090048569924,60.0,0.0,60.0,60.0,12.0,12.0,12.0,19.0,12.0,12.0,21.0,10.0,0.0,0.0,0.0,0.0,0.0,0.0,0.0,0.0,0.0,0.0,0.0,0.0,0.0,85.15090048569924,85.15090048569924,0.0,0.0,0.0,85.15090048569924,0.0,0.0,0.0008533333333333332 
 03/30  05:10:00,7.053333333333333,89.33333333333334,2.058333333333333,0.0,0.0,0.0,0.0,0.0,2.0,2.0,0.0,0.0,0.0,0.0,0.0,1598.0,0.0,0.0,0.0,0.0,0.0,0.0,0.0,0.0,0.0,0.0,0.0,18.59608536238241,-66.47573964230787,18.736326285461538,-200.91159838910645,18.409205167055725,-123.7393309188019,18.422272604815967,-54.571284855124989,17.939927458577153,-3.701855003316439,19.51603294237754,-40.392456071793649,17.648591035830195,-52.68436813433607,15.64801891119267,-168.04098235580978,17.8385372426058,-55.161725662873667,337.2469228578966,490.025927420225,0.0,0.0,0.0,0.0,0.0,0.0,0.0,0.0,0.0,0.0,0.0,0.0,0.0,0.0,0.0,0.0,0.0,0.0,0.0,0.0,0.0,0.0,1.0912656017584466,0.3331091580459239,182.5362820951304,217.32294207918305,4173.474298444418,0.1891282605860497,0.028865729637675476,95.51547071685092,113.85780802724799,2185.9236879231109,1.6872016278997815,0.3188211692932317,158.48407726594292,188.5606264829342,3611.023991071844,0.21215420719971757,0.040089608314383507,83.58557798386572,99.46789337274109,1896.8889389025758,0.0,0.0,5.367606806042115,6.395532408580664,117.53130773235796,0.0,0.0,11.893203256323935,14.087446657217786,300.69919721502108,0.0,0.0,62.60073869215762,74.69284086797528,1322.95148771405,0.0,0.0,45.21779339899,54.384824543712067,752.5652472910883,0.0,0.0,20.42931408320787,24.342816329843534,448.45757407232136,27.64832035771869,18.96318268704986,229.28807797703946,273.7303174064268,5413.986028862231,0.0,0.0,53.376669219854829,64.6131167723438,693.5953376452053,0.0,18.345849504401344,43.08469272996757,22.0,30.0,0.0,18.460734439379089,42.76423226033366,12.0,30.0,0.0,18.265455569984455,43.345235452179,22.0,30.0,0.0,18.319391107683456,43.18449093659788,12.0,30.0,0.0,17.917263464143475,44.71517096396309,12.0,30.0,0.0,19.67671859540238,40.014099108991249,12.0,30.0,0.0,17.52335502433061,45.591289264348308,10.0,30.0,0.0,15.229177810255749,53.04402539598705,12.0,30.0,0.0,17.94557940962045,44.659268291415958,20.0,30.0,0.0,17.506981700197686,0.0,0.0,0.0,13.3776578057165,0.0,0.0,487.09038761428658,485.4414262387072,496.28708051318349,489.4170029758794,553.8485775858812,843.4201448249369,556.1436565955862,658.036775158276,809.1045293892191,0.0,85.15090048569924,85.15090048569924,60.0,0.0,60.0,60.0,12.0,12.0,12.0,19.0,12.0,12.0,21.0,10.0,0.0,0.0,0.0,0.0,0.0,0.0,0.0,0.0,0.0,0.0,0.0,0.0,0.0,85.15090048569924,85.15090048569924,0.0,0.0,0.0,85.15090048569924,0.0,0.0,0.0009 
 03/30  05:20:00,6.976666666666667,89.66666666666667,2.0666666666666666,0.0,0.0,0.0,0.0,0.0,2.0,2.0,0.0,0.0,0.0,0.0,0.0,799.0,0.0,0.0,0.0,0.0,0.0,0.0,0.0,0.0,0.0,0.0,0.0,18.619042003344619,-1.9159214687697386,18.62594393172277,-270.31657348361207,18.40410169760382,-40.26624233138887,18.41075111194521,0.06694057235741013,17.90080701401233,-3.352566807356652,19.464174404403097,-39.64718684684976,17.599716038675255,-56.10006453417873,15.59452394534883,-165.1194820388398,17.816659190615924,-55.25341128662126,263.9633131031833,493.77077409743517,0.0,0.0,0.0,0.0,0.0,0.0,0.0,0.0,0.0,0.0,0.0,0.0,0.0,0.0,0.0,0.0,0.0,0.0,0.0,0.0,0.0,0.0,1.1001786825864795,0.33582987868940158,159.0023962086166,188.72169861776605,3688.1185329523875,0.18833474606393409,0.028744619362627303,152.62111848511572,181.2381978153336,3477.9055208289585,1.6957986721972949,0.32044570525270135,24.779337393228585,29.42418442553259,602.9703385505098,0.2133523793792457,0.040316020290862748,2.4521849996686466,2.9115767199603206,60.86748823617222,0.0,0.0,5.254062232786277,6.247765957946922,115.4638841874627,0.0,0.0,11.96907664576289,14.14810605100733,303.28691690246958,0.0,0.0,61.19059835260064,72.87002426472327,1295.8659790976929,0.0,0.0,45.30125232264578,54.37420808256243,756.065686758616,0.0,0.0,21.123708388279167,25.11477245246827,466.1165252316963,27.559157977355903,18.902028791053437,124.51825774989953,148.419324437127,3139.232372388074,0.0,0.0,53.45492261107257,64.57247339850639,698.8120920555142,0.0,18.441581638682505,42.825305201858679,22.0,30.0,0.0,18.29852554852193,43.16985220903205,12.0,30.0,0.0,18.306366503449789,43.242885734919877,22.0,30.0,0.0,18.337466929277026,43.086964017363907,12.0,30.0,0.0,17.87433411642611,44.76233080159241,12.0,30.0,0.0,19.62091826473381,40.0623126079539,12.0,30.0,0.0,17.46273852868508,45.71021515880636,10.0,30.0,0.0,15.170685647412427,53.170699920807319,12.0,30.0,0.0,17.920756517780004,44.644883326213918,20.0,30.0,0.0,17.216552359451766,0.0,0.0,0.0,13.336126619034367,0.0,0.0,488.9313884789131,484.81093136530589,511.40726487108216,483.2641930760629,553.6573158824728,839.3744292638579,555.7290988373569,658.5811128585391,802.1425046459514,0.0,85.15090048569924,85.15090048569924,60.0,0.0,60.0,60.0,12.0,12.0,12.0,19.0,12.0,12.0,21.0,10.0,0.0,0.0,0.0,0.0,0.0,0.0,0.0,0.0,0.0,0.0,0.0,0.0,0.0,85.15090048569924,85.15090048569924,0.0,0.0,0.0,85.15090048569924,0.0,0.0,0.0009499999999999999 
 03/30  05:30:00,6.9,90.0,2.075,0.0,0.0,0.0,0.0,0.0,2.0,2.0,0.0,0.0,0.0,0.0,0.0,1598.0,0.0,0.0,0.0,0.0,0.0,0.0,0.0,0.0,0.0,0.0,0.0,18.4707084567497,-133.760418608274,18.605636435841217,-139.8312070294685,18.356528489436184,-108.10789985961788,18.383800248282467,-37.032032684928257,17.868644535144985,-3.944797643659797,19.421330378454429,-41.64213726192486,17.570215179753715,-53.58630509153318,15.551050828568429,-167.79885863740277,17.798059356336528,-57.4828049413299,320.4236363885475,494.8509462601347,0.0,0.0,0.0,0.0,0.0,0.0,0.0,0.0,0.0,0.0,0.0,0.0,0.0,0.0,0.0,0.0,0.0,0.0,0.0,0.0,0.0,0.0,1.1210621305403499,0.3422045575519993,215.84260425650269,256.9006747755264,4924.68683173589,0.2061061891261987,0.03145698857237465,119.67727794911042,142.34116327646545,2751.197545963814,1.6683134790476273,0.31525198016773017,94.29366653449964,112.23905976541326,2189.288187786444,0.20825565780686734,0.03935292097635436,18.03421874190583,21.500370083005259,418.0228720031706,0.0,0.0,5.460871791135087,6.510675652220309,120.51203834820967,0.0,0.0,11.919790628537319,14.12417296876809,302.9098999248348,0.0,0.0,62.3450336035,74.43497640244637,1327.167727173372,0.0,0.0,45.43753823575128,54.67314956195822,761.6781120588654,0.0,0.0,21.726427244431166,25.889994209292376,481.87472708019348,27.56095211879539,18.903259340737585,194.61626558719184,232.32108080242825,4680.171468828032,0.0,0.0,53.595658768040539,64.90472366637786,703.8700234945432,0.0,18.17311567975497,43.50438597189615,22.0,30.0,0.0,18.334917608798528,43.070772211131458,12.0,30.0,0.0,18.252883367477844,43.32301070176458,22.0,30.0,0.0,18.310633672588208,43.12372789891645,12.0,30.0,0.0,17.845499214082524,44.800261623083418,12.0,30.0,0.0,19.583175996866154,40.11328469532076,12.0,30.0,0.0,17.441472899467095,45.73839532644408,10.0,30.0,0.0,15.131595659107337,53.24154969999233,12.0,30.0,0.0,17.903104232074285,44.64633604828424,20.0,30.0,0.0,17.35684401474581,0.0,0.0,0.0,13.289785540733478,0.0,0.0,486.7352354897947,487.67889861096196,499.62795491030615,481.57634579686626,553.6789864965535,839.0258212998094,555.2562390132662,659.3640775180932,798.2136822968125,0.0,85.15090048569924,85.15090048569924,60.0,0.0,60.0,60.0,12.0,12.0,12.0,19.0,12.0,12.0,21.0,10.0,0.0,0.0,0.0,0.0,0.0,0.0,0.0,0.0,0.0,0.0,0.0,0.0,0.0,85.15090048569924,85.15090048569924,0.0,0.0,0.0,85.15090048569924,0.0,0.0,0.001 
 03/30  05:40:00,6.823333333333333,90.33333333333334,2.083333333333333,0.0,0.0,0.0,0.0,0.0,2.0,2.0,0.0,0.0,0.0,0.0,0.0,799.0,0.0,0.0,0.0,0.0,0.0,0.0,0.0,0.0,0.0,0.0,0.0,18.41717112491284,-116.10822853401578,18.610536487231387,-17.989981198302986,18.321245804894518,-21.91377408914468,18.273083998133815,-149.53511056582284,17.828137032750143,-4.322352365693575,19.367219394708316,-42.25211845814687,17.524749165459583,-47.79638448980404,15.498281572555161,-165.30841263446338,17.77415972320577,-58.28234766864,287.8705213269386,498.37848752311768,0.0,0.0,0.0,0.0,0.0,0.0,0.0,0.0,0.0,0.0,0.0,0.0,0.0,0.0,0.0,0.0,0.0,0.0,0.0,0.0,0.0,0.0,1.1309128548806103,0.3452114941638005,79.89907099662686,94.94605108396307,1841.6853392261899,0.20908537434722289,0.031911687171432067,8.805752984285553,10.454000690942558,209.74815629406565,1.7641611516906642,0.3333637852779034,144.5672145967389,171.7224215347035,3357.947726204722,0.2072725802858601,0.03916715424902873,97.43240860824604,115.78144480971564,2219.4643334998029,0.0,0.0,5.575270559299036,6.6320074003432,123.45197003338359,0.0,0.0,12.003855928063742,14.195255027189813,305.6289760676125,0.0,0.0,63.18059928529377,75.26408749218916,1348.7653404494675,0.0,0.0,45.563748502710399,54.712473583672807,766.0050595275948,0.0,0.0,22.37901604449673,26.613854331855149,498.80369514889517,27.480652990549346,18.848184492832205,145.17759040054683,173.0599425087576,3616.0118387859226,0.0,0.0,53.73597826331019,64.93915863232276,709.2521253826723,0.0,18.122043586961593,43.56453646778295,22.0,30.0,0.0,18.4009047596629,42.84691388859489,12.0,30.0,0.0,18.235406921691206,43.35353631509303,22.0,30.0,0.0,18.12346527363159,43.53349946813667,12.0,30.0,0.0,17.80031662998159,44.860508967065999,12.0,30.0,0.0,19.523374996555256,40.196145101883157,12.0,30.0,0.0,17.390549363006689,45.886938378710919,10.0,30.0,0.0,15.074107763352873,53.37508475091263,12.0,30.0,0.0,17.87577033971309,44.643923762959939,20.0,30.0,0.0,17.211501795494969,0.0,0.0,0.0,13.24184537173014,0.0,0.0,482.6343867296858,484.83642595671628,492.80816527780436,472.59273559468945,554.4672731229233,837.6172614521532,559.9346177806762,661.4423400732542,788.2233449299707,0.0,85.15090048569924,85.15090048569924,60.0,0.0,60.0,60.0,12.0,12.0,12.0,19.0,12.0,12.0,21.0,10.0,0.0,0.0,0.0,0.0,0.0,0.0,0.0,0.0,0.0,0.0,0.0,0.0,0.0,85.15090048569924,85.15090048569924,0.0,0.0,0.0,85.15090048569924,0.0,0.0,0.00105 
 03/30  05:50:00,6.746666666666666,90.66666666666667,2.091666666666667,0.0,0.0,0.0,0.0,0.0,2.0,2.0,0.0,0.0,0.0,0.0,0.0,799.0,0.0,0.0,0.0,0.0,0.0,0.0,0.0,0.0,0.0,0.0,0.0,18.485150586737903,2.002993696500198,18.46577316150978,-297.67048749214066,18.163182760887695,-214.05037654153967,18.2808450757963,7.095492616126194,17.79214174903272,-3.5214717756430504,19.31983528981067,-39.69790662501589,17.47579651626281,-58.87218939441527,15.451135373120806,-165.4535204206561,17.751939328048434,-59.01955567153709,359.7097314389175,501.3975348039023,0.0,0.0,0.0,0.0,0.0,0.0,0.0,0.0,0.0,0.0,0.0,0.0,0.0,0.0,0.0,0.0,0.0,0.0,0.0,0.0,0.0,0.0,1.1091540370083482,0.33856960836640667,196.98596269186994,233.93012753577268,4608.447912226879,0.19024818906583725,0.029036658892832306,158.96922947646216,188.90080139486845,3648.4723010564678,1.7575324536639272,0.3321111968374769,134.43376221702679,159.84636494228062,3073.4132181458978,0.2210996857856807,0.04177998597613013,99.0001367937581,117.61367868364889,2285.864888782494,0.0,0.0,5.27613434603287,6.27720142866355,117.28068995588612,0.0,0.0,12.180998973224032,14.407612321925499,310.94659658977766,0.0,0.0,60.693628227983108,72.32009754316226,1298.0143129098518,0.0,0.0,45.586852818880867,54.75147792354098,769.3141318216187,0.0,0.0,22.50851657354315,26.771108500763846,504.16628986690037,27.43351509931317,18.815853977581058,251.2283399360803,299.28458226744638,5988.124783239856,0.0,0.0,53.73446117915891,64.95140546280936,712.2073380951168,0.0,18.31901342564678,43.08632130837828,22.0,30.0,0.0,18.14274780105175,43.48755973466994,12.0,30.0,0.0,17.95836414413752,44.009278807929749,22.0,30.0,0.0,18.202071911579695,43.43795668507774,12.0,30.0,0.0,17.764529607742113,44.92614922825493,12.0,30.0,0.0,19.47741759684149,40.27170560191092,12.0,30.0,0.0,17.33049049303232,45.974988177160657,10.0,30.0,0.0,15.027355366342827,53.4783255797096,12.0,30.0,0.0,17.852514849136495,44.671181945691078,20.0,30.0,0.0,17.412364544950596,0.0,0.0,0.0,13.190886967611812,0.0,0.0,489.3411293425422,485.358508299608,492.5597181179151,491.65843330953256,555.0214507421246,834.7058405146961,557.3516987988268,662.4365745605127,786.7463847744617,0.0,85.15090048569924,85.15090048569924,60.0,0.0,60.0,60.0,12.0,12.0,12.0,19.0,12.0,12.0,21.0,10.0,0.0,0.0,0.0,0.0,0.0,0.0,0.0,0.0,0.0,0.0,0.0,0.0,0.0,85.15090048569924,85.15090048569924,0.0,0.0,0.0,85.15090048569924,0.0,0.0,0.0011133333333333334 
 03/30  06:00:00,6.67,91.0,2.1,17.0,98.0,0.0,0.0,0.0,2.0,2.0,0.0,0.0,0.0,0.0,0.0,1598.0,0.0,28.47984062531214,59.11860858642003,151.48824804242379,0.8539733660745525,22.729666382832418,0.0,59.11860858641999,80.81962000040253,0.0,0.0,18.333443832359344,-125.33134739457592,18.46301148717052,-105.49112940065106,18.20350222952923,-16.579224176111098,18.29581760851798,-97.23342282120577,17.761413743881563,-4.2666194820296259,19.286541012308108,-42.50465199272787,17.448470989891683,-53.51239285977533,15.443535351321352,-171.09467851582634,17.7716753249479,-62.25295552220592,329.1491379741151,504.4914712625397,0.0,0.0,0.0,0.0,0.0,0.0,0.0,0.0,0.0,0.0,0.0,0.0,0.0,0.0,0.0,0.0,0.0,0.0,0.0,0.0,0.0,0.0,1.1310204157181217,0.3452443271422838,221.30674216508144,263.7310384920045,5086.197131534087,0.20495993206993025,0.031282040914214017,114.91818591987055,136.74510387178334,2667.0051186915486,1.8722206704173985,0.3537831954681404,157.10487856372658,187.45115962666024,3645.7349831345516,0.2115693876589608,0.03997909819708253,70.61250671471579,84.2889536822491,1628.013676640624,0.0,0.0,5.5304919904970639,6.596910457189917,123.45559675086054,0.0,0.0,12.117214819738678,14.366787495540095,310.26443528881608,0.0,0.0,62.641079438718808,74.82894632351801,1347.0870880950607,0.0,0.0,45.95003578043078,55.321608218452528,780.0833782435609,0.0,0.0,23.079984106487126,27.51202904087779,520.2767604132844,27.31289594689823,18.733124792111278,251.6975728285263,300.83826985852377,5993.20290131402,0.0,0.0,54.103746832513028,65.56072041684165,720.6679866301627,0.0,18.043898926881348,43.76989463258874,22.0,30.0,0.0,18.202208023451897,43.33636894574193,12.0,30.0,0.0,18.06822687765255,43.75977637629508,22.0,30.0,0.0,18.128561380822384,43.49399794533653,12.0,30.0,0.0,17.73676531156444,44.96757477118526,12.0,30.0,0.0,19.442220147797657,40.32875778408288,12.0,30.0,0.0,17.31394327790749,45.99680359772453,10.0,30.0,0.0,15.00219761881967,53.521407041982957,12.0,30.0,0.0,17.85030936860774,44.637738015515797,20.0,30.0,0.0,17.28577012327736,0.0,0.0,0.0,13.147466963886837,0.0,0.0,484.2017151475508,487.0006209010549,497.37957372095209,475.46881082602536,555.1261525227787,834.7554854196061,556.1213311130017,661.8242180423697,784.8677258020952,0.0,85.15090048569924,85.15090048569924,60.0,0.0,60.0,60.0,12.0,12.0,12.0,19.0,12.0,12.0,21.0,10.0,0.0,0.0,0.0,0.0,0.0,0.0,0.0,0.0,0.0,0.0,0.0,0.0,0.0,85.15090048569924,85.15090048569924,0.0,0.0,0.0,85.15090048569924,0.0,0.0,0.0011766666666666668 
 03/30  06:10:00,6.706666666666667,91.00000000000002,2.1950000000000005,22.666666666666669,130.66666666666669,0.0,0.0,0.0,2.0,2.0,0.0,0.0,0.0,0.0,0.0,8000.0,0.0,39.19173365392349,76.86683578954734,196.9671530657074,1.175174253335372,31.2788227960633,0.0,76.86683578954725,105.08279216455671,0.0,0.0,19.50999906106329,-875.4826231553377,18.638658985486708,728.5576363773342,19.67097438143939,-2341.8093309027319,18.630036378725778,868.3487021510733,17.72800880658604,-8.63302051923336,19.246418033730089,-60.49531701810661,17.544072363997186,190.42449343345457,16.28083181222552,-236.33349897712098,18.825770147998776,-156.82276918600346,592.77845622225,536.6985360556181,0.0,0.0,0.0,0.0,0.0,0.0,0.0,0.0,0.0,0.0,0.0,0.0,0.0,0.0,0.0,0.0,0.0,0.0,0.0,0.0,0.0,0.0,1.1557131768280995,0.35278180000857747,380.3390769893921,450.63266396188,10153.6282210428,0.32079321906316529,0.048961114020629619,333.64698885602658,397.1470076744039,8017.069649193095,1.134103697938192,0.21430530951213012,488.66047981448778,578.1547043518037,13413.680759462595,0.30030061109513886,0.056746147221303628,337.87512046707379,401.91186637891448,8248.733828084953,0.0,0.0,9.279745229803689,11.084026807043167,205.81292387050554,0.0,0.0,16.61031330641844,19.72787304928707,422.4806650755145,0.0,0.0,71.81080463143509,85.84762782777843,1572.1565545382105,0.0,0.0,36.62801603214963,43.99105340238012,715.7063086445758,0.0,0.0,36.1394906553725,42.89656701249898,931.9483172720865,28.716915679279724,19.696101288943575,663.1775475708568,790.6844546897586,15951.701775755322,0.0,0.0,45.656642801597218,55.43894608117462,605.7645467116988,1972.2153342889238,19.854306818525978,39.09354287989811,21.999999999999998,30.0,0.0,18.588194560313729,42.27247116060745,15.999999999999999,30.0,4435.646086381468,20.21583634356091,38.22900112061431,21.999999999999998,30.0,0.0,18.763891914116113,41.80997491820108,15.999999999999999,30.0,0.0,17.70490380110364,45.00255047940453,12.0,30.0,0.0,19.39650923219864,40.41118326955532,19.0,30.0,0.0,17.54463264124243,45.24148597654957,10.0,30.0,979.5736516607885,16.42782587858906,48.84303497440229,16.799999999999998,30.0,1710.6388789675223,19.484485020361228,40.26525048171729,19.7,30.0,0.0,18.064133051489536,0.0,0.0,0.0,13.162902024518525,0.0,0.0,487.70113556370407,489.4661631780175,486.8982838603139,484.9864278431657,553.7846782522414,821.0716617421458,535.6409813709739,667.4742065102699,757.5489264252924,11196.432183925846,80.60118807126594,85.99551464211902,60.0,0.0,60.0,60.0,16.0,16.0,19.0,19.0,16.0,12.0,21.0,10.0,1.0,0.0,1972.2153342889238,0.0,4435.646086381468,0.0,0.0,0.0,979.5736516607885,1710.6388789675223,8162.62151305481,4897572.907832885,6379070.207647905,80.60118807126594,86.08712821522734,0.3740873837684936,0.7674576579183731,0.3602813740196596,86.08712821522734,0.3542647819438876,6379070.207647905,0.33295165079769109 
 03/30  06:20:00,6.743333333333334,91.0,2.29,28.333333333333337,163.33333333333335,0.0,0.0,0.0,2.0,2.0,0.0,0.0,0.0,0.0,0.0,2400.0,0.0,50.279971668904327,92.57688278455925,237.22334836777507,1.5076614639830984,40.1283557542289,0.0,92.57688278455915,126.55961746008612,0.0,0.0,20.226511887745855,-1404.0560517137743,19.235273206836078,708.1371964361864,20.51464801107575,-3422.576672943971,19.42939365006028,708.1352953114096,17.685273703979325,-7.287527739905061,19.19502976312466,-48.407308232045,17.942194660207954,249.9322818731011,16.268119181792846,-250.52045473629648,18.8010410170236,-118.05551973455495,782.7393297177778,571.7190423094735,0.0,0.0,0.0,0.0,0.0,0.0,0.0,0.0,0.0,0.0,0.0,0.0,0.0,0.0,0.0,0.0,0.0,0.0,0.0,0.0,0.0,0.0,1.239294894755645,0.3782951449193055,445.82060146549778,526.1782665426533,12718.084918244062,0.3613630948774422,0.055153097508767127,388.5458206613873,460.7780571916579,10027.775599729825,1.1234443758708413,0.2122910763172413,557.6675393295313,657.2840943254778,16366.587469297783,0.3197033054761461,0.06041256717236317,378.0496226507258,447.80594075936235,10029.61225020301,0.0,0.0,10.576523914313347,12.627149966802755,232.90802469749284,0.0,0.0,16.706595144804568,19.83510241481695,421.8875625017657,0.0,0.0,86.75629211927668,103.35129532425276,2011.0415330713195,0.0,0.0,40.01275506807288,47.99148975269814,773.9128722571352,0.0,0.0,32.41764875508857,38.4885974669357,821.9709224440493,29.78770635036765,20.430525617536114,759.1406586489583,902.8249787137113,19100.451539852253,0.0,0.0,50.129996112316977,60.76976553501391,667.7726663356124,1858.2131023162097,21.02296684328071,36.32818056695537,21.999999999999994,29.99999999999999,0.0,19.623365957042723,39.62023090809079,15.999999999999993,29.99999999999999,4198.784261941113,21.484451602894706,35.31107404579375,21.999999999999994,29.99999999999999,0.0,20.013780707333848,38.66513465232598,15.999999999999993,29.99999999999999,0.0,17.65792772453267,45.03741991242427,11.999999999999995,29.99999999999999,0.0,19.33477373657848,40.5140039422554,18.999999999999994,29.99999999999999,0.0,18.239099440003235,43.258974819323707,9.999999999999997,29.99999999999999,0.0,16.297993226365823,49.17119903542925,15.999999999999993,29.99999999999999,0.0,19.374743708356946,40.44154277666544,18.999999999999994,29.99999999999999,0.0,18.815892464997334,0.0,0.0,0.0,13.219620081195128,0.0,0.0,487.5633361117098,492.0789783701563,487.0783982100518,488.13511107759367,550.6044838536042,786.7105620562664,528.0126541285147,683.1597462916232,723.507121773455,10183.016079340086,81.27144990704801,83.99318141334509,59.99999999999998,0.0,59.99999999999998,59.99999999999998,16.0,16.0,19.0,19.0,16.0,12.0,21.0,10.0,1.0,0.0,1858.2131023162097,0.0,4198.784261941113,0.0,0.0,0.0,0.0,0.0,4118.23612343435,2470941.674060611,3210745.124831494,81.27144990704801,84.03940544985054,0.3639412041144783,0.7688967664435331,0.36028137401965945,84.03940544985054,0.35426478194388735,3210745.124831494,0.1682187464912377 
 03/30  06:30:00,6.779999999999999,91.0,2.385,34.0,196.0,0.0,0.0,0.0,2.0,2.0,0.0,0.0,0.0,0.0,0.0,8000.0,0.0,61.69074512537975,101.37943925979161,259.7795001012887,1.8498215366131925,49.2353203417183,0.0,101.37943925979151,138.5933795253824,0.0,0.0,20.607157208484379,-1389.8430020339893,19.662921070036867,794.8475003750598,20.701875952820509,-1621.2991872230826,19.8683348587606,566.6357312460516,17.65469849582946,-2.5487995168719808,19.171065698225989,-22.494985572778057,18.245402819677638,324.58306498215708,16.46258704793281,-295.5661727410805,18.900553805152979,-59.6098185223908,975.7537466509749,624.7976793726447,0.0,0.0,0.0,0.0,0.0,0.0,0.0,0.0,0.0,0.0,0.0,0.0,0.0,0.0,0.0,0.0,0.0,0.0,0.0,0.0,0.0,0.0,1.346120444916822,0.4109036767145366,458.04707788709296,540.3168765160373,13474.100440018852,0.35216505861436389,0.05374924582026311,353.5481199355598,418.9360689615829,9549.558992482,1.736955252848369,0.3282228368950056,394.5016398835928,465.63049562769228,11718.166765156568,0.3120259479297131,0.05896181933668047,301.35305347226656,356.8138669793716,8321.760663043468,0.0,0.0,10.56122203601218,12.626394430450933,231.2348684517636,0.0,0.0,14.014332975055327,16.65925213029024,352.4513803743717,0.0,0.0,101.25673433585871,120.58567579587492,2436.3958044536354,0.0,0.0,44.908937617148527,53.887153261695349,891.2382435329531,0.0,0.0,19.092244351493908,22.719740146475915,473.2301527025199,30.75048159840586,21.09086529383119,647.8719785484884,769.6331455161236,17397.510238215822,0.0,0.0,56.29387760397137,68.31053636540011,758.2484623336801,1817.5887106497892,21.53698313440716,35.192313185000759,21.999999999999998,30.0,0.0,20.317280066777568,37.94141886540066,15.999999999999999,30.0,1955.0340635510084,21.53823446890023,35.198814268711988,21.5,30.0,0.0,20.627536180785254,37.21974351670607,15.999999999999999,30.0,0.0,17.631689673461069,45.056166007641838,12.0,30.0,0.0,19.32085221517748,40.516451130132107,19.0,30.0,0.0,18.75474965746073,41.86453563818442,10.0,30.0,582.9556139949651,16.595624364602828,48.16690238865343,16.5,30.0,0.0,19.122636784508257,41.055293192735579,19.0,30.0,0.0,19.606181248808097,0.0,0.0,0.0,13.334885036725046,0.0,0.0,493.6648561935733,498.181194599638,494.5198245167247,497.5795543163463,551.2611946262841,785.9183989289969,531.1801135326057,648.953592363459,738.7699023139419,10453.761614481766,81.09259034927325,83.97751612996703,60.0,0.0,60.0,60.0,16.0,16.0,19.0,19.0,16.0,12.0,21.0,10.0,1.0,0.0,1817.5887106497892,0.0,1955.0340635510084,0.0,0.0,0.0,582.9556139949651,0.0,4365.8279641992789,2619496.778519567,3410166.171963526,81.09259034927325,84.02651174701954,0.34952759880664266,0.7687396715199587,0.3602813740196596,84.02651174701954,0.3542647819438876,3410166.171963526,0.17860864094210333 
 03/30  06:40:00,6.816666666666666,91.0,2.48,42.83333333333333,216.0,0.0,0.0,0.0,2.0,2.0,0.0,0.0,0.0,0.0,0.0,2400.0,0.0,77.63389113961428,104.01423757404905,266.5311418615733,2.3278858360884779,61.959558456588677,0.0,104.01423757404894,142.19534857755833,0.0,0.0,20.8085062441584,-1241.6647500337129,19.91079459852063,618.0596625648398,20.865796972142058,-1742.1999604058295,20.07602631399973,646.2168054029653,17.626843347006699,-0.18987634766417195,19.157289083855838,-23.003017177158286,18.46630834241175,250.17916284646643,16.232318842372519,-276.16338652708625,19.053323569659456,-90.78542145453258,1017.6321639090618,707.4094752360737,0.0,0.0,0.0,0.0,0.0,0.0,0.0,0.0,0.0,0.0,0.0,0.0,0.0,0.0,0.0,0.0,0.0,0.0,0.0,0.0,0.0,0.0,1.4061262057627134,0.429220453529522,401.44260794549578,472.7814467234796,11915.100308727462,0.3530964913143409,0.05389140587825718,336.3021838953402,397.4669572259031,9292.52763562864,1.6179065967411837,0.305726870132499,411.09121191783688,483.99417591884596,12276.942893187803,0.32072223896741205,0.06060510940427287,336.7571054917627,397.70209419768926,9446.974698357917,0.0,0.0,10.548112753095185,12.59708164636701,229.69005315137657,0.0,0.0,14.131876662902439,16.777024532630983,354.27519773587536,0.0,0.0,103.85690618924784,123.4037101865635,2560.0332614960109,0.0,0.0,49.31439567765996,59.17721561118138,937.0104976024938,0.0,0.0,20.262275725656758,24.013042694613675,523.5060099930155,31.038033773995683,21.28808900822751,666.0821055115778,789.387102479315,18160.22420175764,0.0,0.0,62.27972926557384,75.43123419651394,857.000418532113,1726.8188205456036,21.713526779880604,34.81828828991215,22.000000000000008,30.00000000000001,0.0,20.655165866769676,37.15506765322544,16.000000000000008,30.00000000000001,2045.0534333776118,21.74922642354555,34.750858010604137,21.666666666666676,30.00000000000001,0.0,20.87686014493381,36.6521123402496,16.000000000000008,30.00000000000001,0.0,17.605925620522706,45.07771757404829,12.000000000000006,30.00000000000001,0.0,19.314443811702817,40.503197740727419,19.000000000000008,30.00000000000001,0.0,19.094003577360973,40.97050883691113,10.000000000000004,30.00000000000001,8.345267284811117,16.195644621639138,49.30122719268232,16.000000000000008,30.00000000000001,937.6376319191395,19.682800051047665,39.6385933367784,19.666666666666676,30.00000000000001,0.0,19.852640203394988,0.0,0.0,0.0,13.509414970548957,0.0,0.0,496.88851259286869,502.11025346753,497.0661353370645,500.6386325153069,548.6353808480145,801.0846082219662,526.8827044152416,593.2082829987156,763.362575094358,10705.83795216669,80.92577252759929,85.96736011025264,60.00000000000002,0.0,60.00000000000002,60.00000000000002,16.0,16.0,19.0,19.0,16.0,12.0,21.0,10.0,1.0,0.0,1726.8188205456036,0.0,2045.0534333776118,0.0,0.0,0.0,8.345267284811117,937.6376319191395,7629.170006296596,4577502.003777957,5980695.274356058,80.92577252759929,86.05298300432827,0.3676390002098866,0.7648937863455162,0.3602813740196597,86.05298300432827,0.3542647819438876,5980695.274356058,0.31229615426651499 
 03/30  06:50:00,6.853333333333333,91.0,2.575,51.66666666666666,236.0,0.0,0.0,0.0,2.0,2.0,0.0,0.0,0.0,0.0,0.0,3200.0,0.0,93.6284779660059,105.24679514968693,269.68962790429318,2.8074936296088865,74.72486254603918,0.0,105.24679514968679,143.88034822950466,0.0,0.0,20.91843735473115,-1301.3068485315362,20.057470071276755,518.5225559532901,20.793681685502827,-1072.8494500688376,20.209003773533618,391.56889084869376,17.605502723287896,2.136381669513625,19.139409211730599,-26.109888546952548,18.57436440486235,259.4695335028225,16.631885597869876,-319.94358659096937,19.081149773825869,-72.67566582861088,1016.3964655078416,709.7201288043666,0.0,0.0,0.0,0.0,0.0,0.0,0.0,0.0,0.0,0.0,0.0,0.0,0.0,0.0,0.0,0.0,0.0,0.0,0.0,0.0,0.0,0.0,1.3764028087880856,0.4201473775299407,418.69631550997567,493.27326194528396,12451.211587253176,0.3289849583995144,0.05021137948710538,302.95551567075679,358.0187081804944,8443.824452842277,1.9625163186061068,0.37084586519389786,378.43792710407527,446.06510137384898,11137.381738015385,0.3114955107645678,0.05886158555641868,261.63139329588378,308.90830588526878,7371.7942867968199,0.0,0.0,10.607252829483708,12.675212859096903,229.85532718938996,0.0,0.0,13.706982850286114,16.283489647020617,342.11639143277776,0.0,0.0,102.23268558737408,121.48095385079125,2540.3583468766098,0.0,0.0,48.374308609249627,57.95389564180503,983.0736493223308,0.0,0.0,21.06446874497862,24.997559658851306,541.3159708581237,31.122021167775619,21.345693530710308,611.4309523060335,724.5897712079857,16852.837017276546,0.0,0.0,61.913559772545017,75.00875471511324,864.4798450142686,1711.134223664013,21.800028795593705,34.634733496446958,22.0,30.0,0.0,20.823184825852999,36.77365981393074,16.0,30.0,1645.4301592743387,21.564467327205656,35.15173127503737,21.5,30.0,0.0,20.9511140505013,36.48571484520638,16.0,30.0,0.0,17.589523827943343,45.089540979825319,12.0,30.0,0.0,19.295320505999557,40.52657436369712,19.0,30.0,0.0,19.238279212964839,40.58942184324491,10.0,30.0,681.4219708909802,16.9005082574219,47.090994311677579,16.75,30.0,0.0,19.66964842262459,39.64987384023891,19.0,30.0,0.0,19.98456668818463,0.0,0.0,0.0,13.653482927157793,0.0,0.0,499.8396670788143,505.46492780941636,499.9696913597775,504.16001405998056,543.2762914707359,799.705115718293,518.398541203273,570.0609171940434,745.4211255693178,8510.94057603376,82.37734917313526,82.37734917313526,60.0,0.0,60.0,60.0,16.0,16.0,19.0,19.0,16.0,12.0,21.0,10.0,1.0,0.0,1711.134223664013,0.0,1645.4301592743387,0.0,0.0,0.0,681.4219708909802,0.0,0.0,0.0,0.0,82.37734917313526,82.37734917313526,0.34,0.7691792522810427,0.36028137401965956,82.37734917313526,0.3542647819438875,0.0,0.0013133333333333335 
 03/30  07:00:00,6.89,91.0,2.67,60.5,256.0,0.0,0.0,0.0,2.0,2.0,0.0,0.0,0.0,0.0,0.0,2400.0,0.0,109.66443283121132,105.02024462618226,269.1092386597727,3.2883428673715167,87.52319339098024,0.0,105.02024462618215,143.57063648800159,0.0,0.0,20.899033577043608,-1145.528845307226,20.10601183290832,380.5846519663579,20.909131722904868,-1050.9134650648153,20.236444755789454,318.36711785001207,17.58444942374182,1.863505860676186,19.126248086342775,-20.85005820710099,18.63919776011182,196.59952406214343,16.324675166319996,-262.08283340447908,18.875114369622027,-58.484682295325637,952.7547750364387,732.5138872464834,0.0,0.0,0.0,0.0,0.0,0.0,0.0,0.0,0.0,0.0,0.0,0.0,0.0,0.0,0.0,0.0,0.0,0.0,0.0,0.0,0.0,0.0,1.3825330988652245,0.4220186504472606,384.3892798365316,452.85933549814629,11337.688125244715,0.31293396323427499,0.04776159390022516,261.4201241598591,308.8334685347247,7272.520220272463,2.0269232242460757,0.38301648228383936,301.59465862469247,354.93506572785528,8947.369021255316,0.30473563286264218,0.0575842087797888,203.55541009900379,240.25319901156278,5717.246414826057,0.0,0.0,10.005582087205357,11.953686400542692,215.7391182051851,0.0,0.0,12.818328135695296,15.223847785871785,318.69256913172918,0.0,0.0,103.40634128110563,122.79831927176022,2574.857893781909,0.0,0.0,50.800471546080938,60.95775154003671,964.9728893652965,0.0,0.0,16.255124720099308,19.308806346152424,405.03133989648588,31.070508461511879,21.31036245645536,503.7567042240505,596.9039671727355,13899.567876522138,0.0,0.0,64.41225343854154,77.96999142117432,905.8108991928104,1519.376812154665,21.69013611188963,34.87474682599637,22.000000000000019,30.00000000000002,0.0,20.827739701259284,36.76651124911723,16.000000000000015,30.00000000000002,1884.8736793581866,21.674793329846194,34.920843187220899,21.666666666666687,30.00000000000002,0.0,20.903310803413448,36.59891654136164,16.000000000000015,30.00000000000002,0.0,17.570803527787189,45.11568159535155,12.00000000000001,30.00000000000002,0.0,19.281623628124775,40.54158311611219,19.000000000000015,30.00000000000002,0.0,19.30198921453719,40.42521975970641,10.000000000000007,30.00000000000002,0.0,16.261971679080959,49.01398075404413,16.000000000000015,30.00000000000002,0.0,19.301434158357883,40.543452810830249,19.000000000000015,30.00000000000002,0.0,19.85431259341405,0.0,0.0,0.0,13.742044165005673,0.0,0.0,500.881612729769,508.14466804156168,501.1601053221903,510.83421106593826,537.823589662592,807.4032179504069,518.027144497258,560.0850290149938,749.728311702357,9319.93909763353,81.84212809043396,86.57289932115309,60.00000000000004,0.0,60.00000000000004,60.00000000000004,16.0,16.0,19.0,19.0,16.0,12.0,21.0,10.0,1.0,0.0,1519.376812154665,0.0,1884.8736793581866,0.0,0.0,0.0,0.0,0.0,7159.31010479368,4295586.062876204,5616486.1346057639,81.84212809043396,86.65324352173339,0.3519770034931228,0.7659379710518348,0.3602813740196598,86.65324352173339,0.3542647819438878,5616486.1346057639,0.29338394566616646 
 03/30  07:10:00,7.119999999999999,90.33333333333334,2.67,69.33333333333334,276.0,0.0,0.0,0.0,2.0,2.0,0.0,0.0,0.0,0.0,0.0,5600.0,0.0,125.73140608337993,103.350835649365,264.83161274644848,3.7701231934419376,100.34629075428335,0.0,103.35083564936488,141.28842785086148,0.0,0.0,20.84412040418026,-793.9728543214385,20.08464000225613,316.41954302138796,20.87268930394789,-1126.1336452459455,20.265031581512205,305.0069930773658,17.564579457243796,0.8894656713207496,19.130818601097958,-15.518625485618316,18.623833860426318,210.5467415518752,17.103455381698205,-302.2803457087091,18.74311719222281,-70.60806352223537,894.3495080022427,650.8324263902621,0.0,0.0,0.0,0.0,0.0,0.0,0.0,0.0,0.0,0.0,0.0,0.0,0.0,0.0,0.0,0.0,0.0,0.0,0.0,0.0,0.0,0.0,1.347690510808682,0.41138293980729009,323.87000583747285,382.0562264774541,9277.981692046256,0.304971638144535,0.04654634281815247,246.84131018770089,291.926456919541,6703.23793333253,1.8379252205777009,0.3473025738053102,316.53531904139546,373.1235750805697,9178.146254546054,0.28530105265871549,0.053911763540951517,228.70556225611944,270.310219241856,6286.006931660049,0.0,0.0,9.555967106614128,11.426572114298376,201.26131718217438,0.0,0.0,12.118498332418268,14.402395324102005,295.8736046960275,0.0,0.0,94.64299326820948,112.53555484053048,2301.488816903444,0.0,0.0,41.87578636920029,50.13469139633446,865.1075140436952,0.0,0.0,13.311064682896536,15.830167764072545,319.58880103652418,30.699254979259427,21.055730438449549,469.33081455268248,556.7053488780014,12711.81241614123,0.0,0.0,58.11452796526409,70.42710667195677,791.2055622928543,1054.9380517975924,21.434307430851154,35.45883852280046,21.57142857142857,29.999999999999994,0.0,20.72357012735578,37.04149669815662,16.0,29.999999999999994,1528.1341339478304,21.548370620331409,35.21879349792673,21.428571428571428,29.999999999999994,0.0,20.885516910756765,36.678100176947989,16.0,29.999999999999994,0.0,17.552872900537538,45.15000566470527,12.0,29.999999999999994,0.0,19.28960092415794,41.88834055066257,19.0,29.999999999999994,0.0,19.238780157489879,40.595729322302428,10.0,29.999999999999994,1350.4971211606754,17.467417485351157,45.41837709556263,20.699999999999997,29.999999999999994,13.064311164850022,19.080430977693927,42.341528472398469,19.0,29.999999999999994,0.0,19.782094115468977,0.0,0.0,0.0,13.749658887929837,0.0,0.0,504.3438200441623,511.1887192642996,504.8872699873771,511.21412096443739,532.6184487080883,851.9273239640567,514.3233457514537,539.0299040754281,795.4110305459498,9066.803182199572,82.00973157895094,83.06978594879766,59.999999999999989,0.0,59.999999999999989,59.999999999999989,16.0,16.0,19.0,19.0,19.7,12.0,21.0,10.0,1.0,0.0,1054.9380517975924,0.0,1528.1341339478304,0.0,0.0,0.0,1350.4971211606754,13.064311164850022,1604.1588940508046,962495.3364304825,1245610.937150383,82.00973157895094,83.08778919113665,0.3449005345635983,0.7692725020059716,0.3602813740196596,83.08778919113665,0.35426478194388746,1245610.937150383,0.06611176873181989 
 03/30  07:20:00,7.35,89.66666666666667,2.67,78.16666666666667,296.0,0.0,0.0,0.0,2.0,2.0,0.0,0.0,0.0,0.0,0.0,4000.0,0.0,141.81914862572178,100.32806358559088,257.08607679417289,4.252527262970695,113.18597460708408,0.0,100.32806358559074,137.15606926896184,0.0,0.0,20.841007125371556,-1010.0386575163273,20.125641095527667,339.33163515083018,20.882533049157538,-509.93612568167358,20.258130076410894,185.24686873082687,17.5449417977077,1.180838750398357,19.14094680669886,-21.1083634454047,18.732833068330998,256.16877917671607,18.227011340309767,-229.85425591602798,19.24738739779422,-35.69157058657453,845.4264610110189,428.06910497501635,0.0,0.0,0.0,0.0,0.0,0.0,0.0,0.0,0.0,0.0,0.0,0.0,0.0,0.0,0.0,0.0,0.0,0.0,0.0,0.0,0.0,0.0,1.2805471492732439,0.3908874082030659,338.6035565688021,399.6513746721073,9568.38626800671,0.28470521996097339,0.04345317764972122,227.7545509509384,269.503932935112,6100.688571946199,1.8768504416181984,0.35465805775098249,239.52741956205549,282.84041254699727,6714.772827302611,0.27354046545458779,0.05168943035800977,202.336809919781,239.3184507753918,5442.690223982965,0.0,0.0,10.023553962055285,11.984818326578033,206.12191293083306,0.0,0.0,12.561226899793077,14.923313609425735,301.198049266433,0.0,0.0,74.49494508078212,88.53679766910473,1802.341720493197,0.0,0.0,22.183297841557754,26.406790666321407,524.8687863684745,0.0,0.0,15.893325704235407,18.83951436483634,399.42810485675906,30.34255208476188,20.811078247436144,424.33960952692765,503.716412162634,11316.021628307692,0.0,0.0,35.686403403374217,43.29428356337963,456.1927995102135,1170.0123750870676,21.46273998270309,35.463780791542948,21.6,30.0,0.0,20.757346543669028,37.048555323339247,16.0,30.0,909.0042991582996,21.38354220815688,35.63243576224123,21.200000000000004,30.0,0.0,20.81649104357974,36.89803021694436,16.0,30.0,0.0,17.5345648647062,45.19939487896624,12.000000000000002,30.0,0.0,19.301344733682165,43.715664565286257,19.0,30.0,0.0,19.420236320162766,40.17761337075446,10.0,30.0,1281.0660971503897,19.3509191284531,40.34654537092894,20.7,30.0,834.8662721618459,19.894797513932656,41.75623900975307,19.6,30.0,0.0,19.739299630985319,0.0,0.0,0.0,13.51430086701622,0.0,0.0,506.37166175260827,515.0209572102089,506.3681423876097,512.2299238739512,525.9967274883063,894.7163341023947,509.4143130627852,527.9541128707631,832.6550686820625,9728.18691375768,81.57234681897694,84.51269501197925,60.0,0.0,60.0,60.0,16.0,16.0,19.0,19.0,19.7,12.0,21.0,10.0,1.0,0.0,1170.0123750870676,0.0,909.0042991582996,0.0,0.0,0.0,1281.0660971503897,834.8662721618459,4449.609870996393,2669765.922597836,3469788.60058656,81.57234681897694,84.56263188558254,0.3523203290332131,0.7688156979335378,0.36028137401965956,84.56263188558254,0.35426478194388757,3469788.60058656,0.18174900723050115 
 03/30  07:30:00,7.58,89.0,2.67,87.0,316.0,0.0,0.0,0.0,2.0,2.0,0.0,0.0,0.0,0.0,0.0,4800.0,0.0,157.91746666626825,96.12404553335746,246.31367094713563,4.735249385469945,126.03410901595254,0.0,96.12404553335733,131.40885786496436,0.0,0.0,20.984228010272326,-1479.9045938002974,20.14243440440611,443.1967308907946,20.814056877265658,-322.1861878575153,20.208727214515759,252.33377096473206,17.52511705932526,-0.11768705900146881,19.14943098201421,-20.791917788727184,18.806361094487444,282.2121512583119,18.898227539263539,-60.342843991475159,19.111729885397229,-75.34065551730495,859.1858796404365,301.7225617154957,0.0,0.0,0.0,0.0,0.0,0.0,0.0,0.0,0.0,0.0,0.0,0.0,0.0,0.0,0.0,0.0,0.0,0.0,0.0,0.0,0.0,0.0,1.216286136709484,0.3712717145022848,422.7285968408646,498.27619484784295,11861.033247647694,0.2827988468799045,0.04316221716726263,271.3840616310689,320.99855539193586,7130.642847444801,1.8318891438979939,0.3461619697464089,240.0186904610251,283.51508923131038,6572.7200602393509,0.2821808025554926,0.0533221471193297,232.7532370829693,275.3699080119875,6104.2568411263159,0.0,0.0,10.20685397647991,12.206403078497452,204.77437830811886,0.0,0.0,12.596353320855782,14.963689680536362,296.42143110794,0.0,0.0,66.88523242285082,79.43632236880583,1601.764214966228,0.0,0.0,17.501385844839274,20.711738974804037,451.1984802157262,0.0,0.0,14.769893172515275,17.525282465718978,356.1613995140275,30.11358778375559,20.654038260463396,498.65598886621685,591.6064801898805,12992.046557612388,0.0,0.0,21.92996566727161,26.611520421490927,256.89402495934999,1801.5412900379986,21.664014432694989,35.12734482223249,22.00000000000002,30.00000000000002,0.0,20.74881591894675,37.19464921644487,16.00000000000001,30.00000000000002,0.0,21.21396102986823,36.10035355546242,21.000000000000019,30.00000000000002,0.0,20.715694855318846,37.26216858721949,16.00000000000001,30.00000000000002,0.0,17.515141459795495,45.30149401392231,12.00000000000001,30.00000000000002,0.0,19.308460120585509,44.91562222087118,19.000000000000015,30.00000000000002,0.0,19.525962088993756,40.01344579847981,10.000000000000007,30.00000000000002,693.122922480272,20.468638426904243,37.84735452908075,20.36666666666668,30.00000000000002,0.0,19.615723319301176,43.61590066362866,19.000000000000015,30.00000000000002,0.0,19.873567087746346,0.0,0.0,0.0,13.267869267931442,0.0,0.0,508.800513582268,517.1531991559756,508.3056125555939,515.6066794376171,523.383223338635,916.248475367033,507.91009437205107,538.710925572754,856.3885839541044,9377.576912173168,81.80431475823318,81.80431475823318,60.00000000000004,0.0,60.00000000000004,60.00000000000004,16.0,16.0,19.0,19.0,19.7,12.0,21.0,10.0,1.0,0.0,1801.5412900379986,0.0,0.0,0.0,0.0,0.0,693.122922480272,0.0,0.0,0.0,0.0,81.80431475823318,81.80431475823318,0.34000000000000027,0.7712962866098048,0.3602813740196598,81.80431475823318,0.3542647819438878,0.0,0.0013000000000000002 
 03/30  07:40:00,7.81,88.33333333333334,2.67,96.5,318.5,0.0,0.0,1.0,2.0,0.0,0.0,0.0,0.0,0.0,4.0,1600.0,0.0,173.34528218282677,89.18839110377565,228.5415761978661,5.197863280253898,138.34708400668846,0.0,89.18839110377553,121.92729243479164,0.0,0.0,21.131006877884304,-1454.663813128791,20.237903904457249,451.2278201059071,20.847729874183917,-669.5823757417538,20.158308631023968,207.49411405194042,17.503991323205953,-0.1977061789505683,19.162573596649517,-18.473001148159,18.369189110253744,-205.22006130901037,18.86777866025436,-32.28140662365195,18.856159661072306,-8.612096266675735,852.4978397854484,874.3520367347692,0.0,0.0,0.0,0.0,0.0,0.0,0.0,0.0,0.0,0.0,0.0,0.0,0.0,0.0,0.0,0.0,0.0,0.0,0.0,0.0,0.0,0.0,1.0698712322815274,0.3265785202324564,360.52901490081799,424.1277361142596,10087.583924318169,0.2711087195925063,0.04137800970581598,290.76835352571029,343.21477772095866,7574.562898839431,2.046233031961813,0.3866653499549913,212.24688240814329,249.95146507417037,5843.548555845,0.2862236079028203,0.054086093708015928,221.18337458546257,261.31569311091439,5651.572174832233,0.0,0.0,10.269326312798072,12.262331601198856,200.87394061377862,0.0,0.0,12.916167968905363,15.312521649289405,298.4409492864056,0.0,0.0,142.23406048557659,169.16711088398808,3080.1460900590429,0.0,0.0,16.480596316660824,19.49344731790776,408.812567032753,0.0,0.0,91.27766379571398,108.3211640020184,2083.5356409605167,29.847784821883744,20.471731702252229,506.1209513527623,599.4023819452172,12945.198482393436,0.0,0.0,80.28984735796223,96.93216771625578,1046.8800018146686,1823.2874233614166,21.853228027289754,34.784191410252287,22.0,30.0,0.0,20.868175214165207,36.99929560931482,16.0,30.0,1217.4301824855366,21.530900401650265,36.363041928115567,21.5,30.0,0.0,20.60198005655679,37.99313386636294,19.0,30.0,0.0,17.49290723032832,45.513647719013409,12.0,30.0,0.0,19.32228377786103,45.939037040855598,19.0,30.0,0.0,18.594708871517818,43.02781341991273,10.0,30.0,666.967912569045,20.220555058762739,40.033321092989449,20.2,30.0,0.0,19.190183966652588,41.77061566650869,12.0,30.0,0.0,19.898327609421995,0.0,0.0,0.0,14.159306924021655,0.0,0.0,510.9910117453843,518.6449156442737,561.6520399088345,538.8363806018733,528.9851538433167,940.4503053962133,565.7917672065846,633.4227260223387,586.7212078623429,7957.367449009829,82.74333373862794,82.74333373862794,220.0,0.0,220.0,220.0,16.0,19.0,19.0,12.0,19.7,12.0,21.0,10.0,1.0,0.0,1823.2874233614166,0.0,1217.4301824855366,0.0,0.0,0.0,666.967912569045,0.0,0.0,0.0,0.0,82.74333373862794,82.74333373862794,0.34,0.7706212939185855,0.36028137401965956,82.74333373862794,0.3542647819438875,0.0,0.004693333333333333 
 03/30  07:50:00,8.04,87.66666666666666,2.67,106.0,321.0,0.0,0.0,1.0,2.0,0.0,0.0,0.0,0.0,0.0,4.0,2400.0,0.0,188.74079114950366,82.66611325989575,211.8287355604966,5.659508460159006,150.63427528063407,0.0,82.66611325989564,113.01084413731764,0.0,0.0,21.172819575199577,-1456.0724280127507,20.335302746953564,459.737248854903,20.603134129436698,-606.2487486816476,20.20950305854325,315.8210773857029,17.486835207421565,-1.2673730236236347,19.172403586708947,-32.36546726251626,17.990493716731196,-122.61425445089125,18.71494518957129,-83.99481377106227,18.626348417670266,-144.02805215022586,859.8885984951055,1032.8913792186668,0.0,0.0,0.0,0.0,0.0,0.0,0.0,0.0,0.0,0.0,0.0,0.0,0.0,0.0,0.0,0.0,0.0,0.0,0.0,0.0,0.0,0.0,1.0421223728919742,0.31810817243344788,362.4532237736123,426.699487313591,9988.322859270655,0.2664967681525793,0.04067410991339736,290.48712875954046,343.03159787411848,7497.367570881719,1.7925050744911737,0.33871977976023728,253.33995789902137,299.03554643374408,6683.501956620368,0.29014259034021497,0.054826642165573539,263.43390206785747,311.4687067961137,6661.497712273736,0.0,0.0,10.731820007791278,12.825131446317462,204.6079869625051,0.0,0.0,14.300374647899002,16.96657731970888,323.90710263651229,0.0,0.0,185.2958968935765,221.00913038009777,3712.6134768626936,0.0,0.0,27.242886681736555,32.27298908617046,648.177349941283,0.0,0.0,118.55744475035454,141.0084909321921,2565.3711659689008,29.738930494867107,20.3970716700049,547.6704062228077,648.9557103625084,13818.905511556894,0.0,0.0,116.27450638774372,140.1906183617818,1612.5998617319797,1737.3340294198538,21.876358877531069,35.02943376801505,22.000000000000019,30.00000000000002,0.0,20.984924939654439,36.91556548703604,16.000000000000015,30.00000000000002,17.439540618788287,21.16770665047794,37.40832174043578,21.000000000000015,30.00000000000002,0.0,20.705218140020368,38.22772447257873,19.000000000000015,30.00000000000002,0.0,17.47764466885328,45.91776037643746,12.00000000000001,30.00000000000002,0.0,19.326159857782085,46.39942246649038,19.000000000000015,30.00000000000002,0.0,17.98251466185317,45.067466137615728,10.000000000000007,30.00000000000002,80.76301851198713,19.9335820864005,41.36336341611745,19.700000000000018,30.00000000000002,0.0,18.811584026197559,42.616815975797177,12.00000000000001,30.00000000000002,0.0,20.02385662386985,0.0,0.0,0.0,14.815851170087756,0.0,0.0,526.8840751004482,527.0658011517094,567.1879696914273,558.122959401546,552.4369099021371,947.3879392670328,582.9265606121246,667.573379060284,575.8637312897849,9045.87605497728,82.02366854532153,82.02366854532153,220.00000000000018,0.0,220.00000000000018,220.00000000000018,16.0,19.0,19.0,12.0,19.7,12.0,21.0,10.0,1.0,0.0,1737.3340294198538,0.0,17.439540618788287,0.0,0.0,0.0,80.76301851198713,0.0,0.0,0.0,0.0,82.02366854532153,82.02366854532153,0.3400000000000003,0.7685665419626662,0.3602813740196598,82.02366854532153,0.3542647819438878,0.0,0.004656666666666666 
 03/30  08:00:00,8.27,87.0,2.67,115.5,323.5,0.0,0.0,1.0,2.0,0.0,0.0,0.0,0.0,0.0,4.0,3200.0,0.0,197.79814146336609,72.52289721806975,185.83744420079743,5.931107250549114,157.8630520054983,0.0,72.52289721806965,99.14429880271261,0.0,0.0,21.161822033545876,-1297.0120983491725,20.416616399695945,458.3183339298221,20.996540056211346,-980.9213513914101,20.323863796740349,479.74062938473846,17.468122026195134,-1.9210317729131959,19.17250129734028,-41.912101542296998,17.90030074651476,22.467130677363686,19.116942202970838,-165.80665941435087,18.399230396468629,-125.8929362384448,878.2628908903498,925.6336489536826,0.0,0.0,0.0,0.0,0.0,0.0,0.0,0.0,0.0,0.0,0.0,0.0,0.0,0.0,0.0,0.0,0.0,0.0,0.0,0.0,0.0,0.0,1.1082950651365525,0.33830740694033958,359.2701004827702,423.22957627104247,9674.442896479259,0.27774061885848158,0.04239020434348009,290.3603105658203,342.8754844027723,7410.037489319487,1.4127509327769797,0.2669597378641308,294.2205146393335,346.57517871770218,7940.632134006394,0.2911627748233593,0.05501942079050627,298.2288869512633,352.32761788641826,7532.742551986221,0.0,0.0,10.775272033677501,12.882808031364636,200.0474035807796,0.0,0.0,15.121313469688923,17.949238845950334,335.2128994346673,0.0,0.0,181.80775416897709,217.05618791549157,3530.3327076697189,0.0,0.0,35.427919768357217,41.88026463150139,872.3736971141372,0.0,0.0,108.25672406712737,129.00605680677007,2225.2196709691486,29.725932724452855,20.388156875482076,582.7815192516785,690.2960621664063,14553.95739063081,0.0,0.0,111.81794343115293,134.82491459312949,1546.1880517694524,1355.0392973808005,21.78370750977272,35.62883524722976,21.75,30.0,0.0,21.07261501910393,37.122075379246329,16.0,30.0,1275.646380677792,21.780354473489895,36.288782191401519,21.5,30.0,0.0,20.91481659029637,38.06421417690494,19.0,30.0,0.0,17.459195616476234,46.257636646950448,12.0,30.0,0.0,19.315546418510566,46.719908332285559,19.0,30.0,0.0,17.89893589590948,45.435563199811699,10.0,30.0,1004.3421346299188,20.568889933708463,39.7354293410451,20.7,30.0,0.0,18.475349702811685,43.711259263001618,12.0,30.0,0.0,20.170151432507678,0.0,0.0,0.0,15.035122851659338,0.0,0.0,544.2566427364787,545.1397572062715,580.9674377671321,572.1307207476523,566.2089480160432,946.9267345948422,577.7673281141881,664.457974234522,578.6781356439436,9613.766967966585,81.64794608416685,83.65808933886714,220.0,0.0,220.0,220.0,16.0,19.0,19.0,12.0,19.7,12.0,21.0,10.0,1.0,0.0,1355.0392973808005,0.0,1275.646380677792,0.0,0.0,0.0,1004.3421346299188,0.0,3041.60950258854,1824965.701553124,2385948.6451369405,81.64794608416685,83.6922282445496,0.35638698341961808,0.7678909108888224,0.36028137401965956,83.6922282445496,0.3542647819438875,2385948.6451369405,0.12868932954712088 
 03/30  08:10:00,8.555,86.16666666666667,2.7216666666666669,125.0,326.0,0.0,4.0,0.0,0.0,0.0,0.0,0.0,0.0,0.0,0.0,4000.0,0.0,212.58335690798297,68.07797804429156,174.4477176371948,6.374453002848362,169.66317372517208,0.0,68.07797804429147,93.06775730170418,0.0,0.0,21.0016881290737,-1242.6802542331557,20.409537300531377,192.28408992386304,20.817195917092407,-44.414861018659539,20.4217425652949,-34.24235231081407,17.451875768086098,-0.46202495062262879,19.063631044791579,-124.0738661127633,18.12207194468279,293.9168749750612,18.762873421205684,-95.28208127986537,18.249045869882509,-179.16440862341225,675.9660692308944,586.138679954445,0.0,0.0,0.0,0.0,0.0,0.0,0.0,0.0,0.0,0.0,0.0,0.0,0.0,0.0,0.0,0.0,0.0,0.0,0.0,0.0,0.0,0.0,1.1156525733943364,0.34055328858190977,331.5732649268683,390.98145359118157,8512.453602436863,0.2378031699877039,0.036294745114118429,188.30824702092105,222.48608236784413,4669.578231706742,1.5140405770707289,0.28609988228849766,115.07808166687613,135.70157734951438,2971.271867941641,0.22735045269338156,0.04296115886118321,12.200929196067989,14.42608119633471,307.16550873146448,0.0,0.0,9.137709389870786,10.928986184587089,164.1287076019641,0.0,0.0,64.11331109859542,76.23807710497192,1361.1096818456318,0.0,0.0,174.44035419110527,208.01738220266786,3435.117586373188,0.0,0.0,30.098048997078956,35.705461755545098,684.2036799430024,0.0,0.0,63.141005942642667,75.311485388007,1234.8741486941818,29.181790276315366,20.01494531983222,280.40936253706868,332.4549229549741,6950.998423534242,0.0,0.0,66.59368298699404,80.3937782558938,848.954207828453,1596.736993572713,21.47034737722594,36.71020122786632,21.800000000000006,30.0,0.0,20.979996892699857,37.74706944419211,16.0,30.0,730.5659722001826,21.25796842001057,37.30091772647798,21.200000000000004,30.0,0.0,20.954726480662367,41.25454823169849,19.0,30.0,0.0,17.444544470284194,46.68992735062205,12.000000000000002,30.0,0.0,19.116643502379647,44.349489742714748,16.0,30.0,0.0,18.36699970649003,45.302710048195248,10.0,30.0,0.0,19.83855128854679,41.1419321249334,16.0,30.0,0.0,18.268907752422494,44.83588187396326,12.000000000000002,30.0,0.0,19.612756962967845,0.0,0.0,0.0,14.708695474406778,0.0,0.0,552.0288709537599,558.5059173660444,564.1555877615912,763.3626919679462,583.2647615885773,729.5745899442065,638.4602546191973,633.7831913368611,606.101735335928,10243.37820943386,81.2317013808849,84.16868730949489,132.0,0.0,132.0,132.0,16.0,19.0,16.0,12.0,16.0,12.0,21.0,10.0,1.0,0.0,1596.736993572713,0.0,730.5659722001826,0.0,0.0,0.0,0.0,0.0,4444.521923775717,2666713.1542654309,3453790.6688565558,81.2317013808849,84.2185670806868,0.35215073079252398,0.7684420396634152,0.36028137401965956,84.2185670806868,0.35426478194388757,3453790.6688565558,0.18234711478054087 
 03/30  08:20:00,8.84,85.33333333333334,2.7733333333333336,134.5,328.5,0.0,4.0,0.0,0.0,0.0,0.0,0.0,0.0,0.0,0.0,2400.0,0.0,227.15346508113704,64.87204245993442,166.23281629622967,6.811348798912879,181.2916198685742,0.0,64.87204245993437,88.68500030067036,0.0,0.0,21.178857672024706,-1455.868428387658,20.382382017649094,344.72466351676476,20.909161831646963,-43.38565720359227,20.411929995653478,-42.97109150038938,17.441121758822765,6.226961326072926,18.96816731703977,-30.98297872086352,18.45362824654447,192.35014274750507,18.205798764519295,-17.551194291117985,17.89570714524533,-553.2660422148108,689.3641575423029,883.8529909919309,0.0,0.0,0.0,0.0,0.0,0.0,0.0,0.0,0.0,0.0,0.0,0.0,0.0,0.0,0.0,0.0,0.0,0.0,0.0,0.0,0.0,0.0,1.1669218677256748,0.3562032563265184,345.918754275354,407.21129252968748,8925.916802965117,0.2716102616568227,0.041454557639930198,258.42182041075906,305.07547754391478,6222.854066337206,1.2554260128821163,0.23723091702231978,34.44483348485935,40.60133382994357,905.6519796197172,0.2264452995818117,0.042790117078951538,14.33958956135207,16.909417326877344,350.07509002063059,0.0,0.0,8.845333465338439,10.570392408929037,153.7235069686676,0.0,0.0,35.8434930041635,42.644308430628218,730.5394489799629,0.0,0.0,195.18399311788932,231.95934902103984,3954.725448318978,0.0,0.0,17.346670041582955,20.64018835184135,351.64657701596306,0.0,0.0,123.14885087752285,146.9516092108325,2173.97062778007,29.20635935102883,20.031796537056807,280.3708461323238,332.39488178002889,6720.518715633672,0.0,0.0,123.36428352759276,148.31256949822794,1655.863609845916,1794.497365407301,21.78306738404754,36.217509447570609,21.999999999999994,29.99999999999999,0.0,20.9056282138502,38.14941141804696,15.999999999999993,29.99999999999999,0.0,21.56746545119131,36.6574138411084,20.999999999999994,29.99999999999999,0.0,20.898849242436027,45.433715925081418,18.999999999999994,29.99999999999999,0.0,17.43942975029455,47.14099583971065,11.999999999999995,29.99999999999999,0.0,18.97992048980787,43.71245262779327,15.999999999999993,29.99999999999999,0.0,18.922985456966136,43.36225895155927,9.999999999999997,29.99999999999999,0.0,18.869093456226098,43.67777973430672,15.999999999999993,29.99999999999999,0.0,17.66370490824212,46.951239402420728,11.999999999999995,29.99999999999999,0.0,19.695772602967489,0.0,0.0,0.0,15.264993868843785,0.0,0.0,556.2834571089782,558.5184886655143,560.4484380280244,1000.9071898024436,600.6054298856038,647.8870852287732,604.5010514236512,627.9027386695545,621.0315457910405,8175.910787181463,82.598756641667,82.598756641667,131.99999999999995,0.0,131.99999999999995,131.99999999999995,16.0,19.0,16.0,12.0,16.0,12.0,21.0,10.0,1.0,0.0,1794.497365407301,0.0,0.0,0.0,0.0,0.0,0.0,0.0,0.0,0.0,0.0,82.598756641667,82.598756641667,0.3399999999999999,0.7686769223668712,0.36028137401965945,82.598756641667,0.35426478194388735,0.0,0.002742666666666667 
 03/30  08:30:00,9.125,84.5,2.825,144.0,331.0,0.0,4.0,0.0,0.0,0.0,0.0,0.0,0.0,0.0,0.0,1600.0,0.0,241.50558998119934,63.15938030412203,161.8443434533952,7.24170838381049,192.7460949179705,0.0,63.15938030412198,86.34366128861483,0.0,0.0,21.146055229428286,-1618.969102505057,20.453659033211684,352.4279724162725,20.53108974668912,103.54226040046558,20.40134169134179,-67.67923761067465,17.439659023752879,11.655245593200079,18.937648466022634,-17.217391178554239,18.37507744813533,67.5541173385136,17.856758300717407,-7.570337570308311,17.509481570300623,-449.37220767680449,735.5156247238783,1030.3888235394744,0.0,0.0,0.0,0.0,0.0,0.0,0.0,0.0,0.0,0.0,0.0,0.0,0.0,0.0,0.0,0.0,0.0,0.0,0.0,0.0,0.0,0.0,1.1208463875083084,0.342138701925613,426.2392488422264,501.5602147038667,10629.197957763245,0.26035280516858436,0.039736386625241818,263.63961472392546,311.05470599766627,6240.531065733743,1.5386078901357144,0.29074223169609128,108.85253363843522,128.16092764548865,2625.868486723001,0.20037341773047499,0.03786345762102701,13.596630018168128,16.021803736585427,322.5334228601874,0.0,0.0,8.882145576303304,10.605756476143342,149.44783922667765,0.0,0.0,28.383000979611816,33.71077612692115,559.7925573883902,0.0,0.0,244.0701746900632,290.10310925978038,4711.001606241267,0.0,0.0,10.90352029210127,12.984948686394262,201.45616031941666,0.0,0.0,178.23817024623205,213.04448636145788,2869.205812174837,29.01477322912264,19.900393161263819,358.9615311286076,424.727720439683,8403.049835866736,0.0,0.0,178.73689450827482,214.4122948567947,2514.1849318066044,1784.553004865434,21.65216194863935,36.7067486239256,22.0,30.0,0.0,20.994434130263188,38.15427997854216,16.0,30.0,0.0,21.090462345952227,38.062068310799478,21.0,30.0,0.0,20.849004379324506,47.94099363568834,19.0,30.0,0.0,17.449329738764225,47.32044065588535,12.0,30.0,0.0,18.936754459519308,43.524329429984849,16.0,30.0,0.0,18.72692010940665,43.917470226169388,10.0,30.0,0.0,18.279566593801868,45.23736722378038,16.0,30.0,0.0,17.08184422880102,48.7257655506358,12.0,30.0,0.0,19.935243561825126,0.0,0.0,0.0,16.026183054153717,0.0,0.0,561.1029533587526,565.1343734061306,573.4013910353301,1141.4300396192658,604.949135000898,622.7497999994263,600.359069771367,619.7717532072816,611.4552261537383,6655.464857748919,83.60383306757534,83.60383306757534,132.0,0.0,132.0,132.0,16.0,19.0,16.0,12.0,16.0,12.0,21.0,10.0,1.0,0.0,1784.553004865434,0.0,0.0,0.0,0.0,0.0,0.0,0.0,0.0,0.0,0.0,83.60383306757534,83.60383306757534,0.34,0.7680910040899194,0.36028137401965956,83.60383306757534,0.3542647819438875,0.0,0.002735333333333333 
 03/30  08:40:00,9.41,83.66666666666667,2.876666666666667,155.33333333333332,323.33333333333339,0.0,0.0,1.0,2.0,0.0,0.0,0.0,0.0,0.0,0.0,7200.0,0.0,256.71780570501888,63.36492784248726,162.37115692063095,7.697854685281866,204.88697001676852,0.0,63.36492784248722,86.62466035709618,0.0,0.0,21.133879308496448,-957.755524445707,20.49240292265856,298.585535589605,20.864716892251726,-747.1908951897269,20.363598689147819,247.76085866629163,17.437309937016367,11.276448501326547,19.4949420029006,-59.05343178619988,18.235303724573599,-1.3134947038086225,18.707363507065737,-94.90590961450532,17.396578804415137,-261.6213704476287,760.1679352638438,953.4740559440096,0.0,0.0,0.0,0.0,0.0,0.0,0.0,0.0,0.0,0.0,0.0,0.0,0.0,0.0,0.0,0.0,0.0,0.0,0.0,0.0,0.0,0.0,1.0625367850684618,0.32433967798182686,330.69545525745886,390.0727678634491,8077.2934535585159,0.24879628833707058,0.037972571480016977,235.49981761871974,278.3678370231989,5449.5897111452709,1.062830011470216,0.20083711479029082,300.04056634461008,353.823163478327,7276.914728114834,0.2445719995539975,0.046215419416855269,255.31813689404377,301.7479345334479,5819.446629239232,0.0,0.0,9.310403126742502,11.137532895707223,151.35656508174774,0.0,0.0,14.943726173485349,17.72921695398714,311.7924871179598,0.0,0.0,237.25624372816169,282.80425793050758,4330.300575674444,0.0,0.0,25.994976352337063,30.804080480894798,544.4265985888238,0.0,0.0,192.583299835248,230.72059209826174,2955.5427428407267,28.90155527784554,19.822740245435953,500.24897105950915,592.9022395356583,11356.707056699224,0.0,0.0,193.70174876029103,232.65879567381385,2690.750850464725,995.2763545048293,21.593932080637779,38.1261191309973,21.555555555555608,30.000000000000076,0.0,21.01265909732919,39.19889862471371,16.00000000000004,30.000000000000076,1107.8056398938166,21.52433565641668,39.05610602544609,21.333333333333387,30.000000000000076,0.0,20.825174370961198,41.29577404035035,16.00000000000004,30.000000000000076,0.0,17.454552054077444,47.44523688996492,12.000000000000032,30.000000000000076,709.263264844174,19.81547697181575,42.346286850999089,19.555555555555608,30.000000000000076,0.0,18.47483066864377,45.102832392684558,10.000000000000025,30.000000000000076,1309.7243945103897,19.61624278467063,42.39601988698508,20.700000000000054,30.000000000000076,0.0,16.991050496478548,49.153494021032177,12.000000000000032,30.000000000000076,0.0,20.126189245678459,0.0,0.0,0.0,16.237825503755766,0.0,0.0,634.7820793355422,621.6578793546725,682.3902856565876,720.0942054841335,604.6858924736752,695.9306673365948,610.8705048770439,664.4931991064618,605.8766968454825,9586.959120774633,81.66578617819582,84.79106106389594,60.00000000000015,0.0,60.00000000000015,60.00000000000015,16.0,16.0,19.0,12.0,19.7,12.0,21.0,10.0,1.0,0.0,995.2763545048293,0.0,1107.8056398938166,0.0,709.263264844174,0.0,1309.7243945103897,0.0,4729.676978995198,2837806.1873971128,3718961.0533919,81.66578617819582,84.84413860665572,0.3465447881887294,0.766221713067559,0.36028137401966056,84.84413860665572,0.3542647819438884,3718961.0533919,0.19462597477637876 
 03/30  08:50:00,9.695,82.83333333333334,2.9283333333333334,166.66666666666669,315.6666666666667,0.0,0.0,1.0,2.0,0.0,0.0,0.0,0.0,0.0,0.0,800.0,0.0,284.0613508280555,66.45018908815334,170.27707083452254,8.517751934638838,226.70971827078552,0.0,66.45018908815331,90.8424463882441,0.0,0.0,20.66314241186063,-267.39569062989087,20.357593331599927,36.09217236007544,20.511580740777,-466.2995349239709,20.249054567892743,71.79357794841417,17.43051594584864,7.974912109742206,19.49407944537323,-51.17139285440686,18.03081674208139,0.7082945464426302,19.32302918018459,-217.27502655818126,17.34643774480173,-223.09556803302804,586.3690619838617,907.987367028154,0.0,0.0,0.0,0.0,0.0,0.0,0.0,0.0,0.0,0.0,0.0,0.0,0.0,0.0,0.0,0.0,0.0,0.0,0.0,0.0,0.0,0.0,0.9867482611621641,0.30120520792495855,130.79027208880539,153.84245154187176,2972.957681777072,0.19069116595137312,0.02910426830759663,73.79787252997767,86.89961298642307,1622.9017994902302,0.9480452895819735,0.17914688011753097,189.32883216356229,222.68694008670426,4293.9147861910419,0.20274541313747575,0.03831168048705134,150.64391945474729,177.45013290304514,3278.5085086816559,0.0,0.0,8.239773641324302,9.814139311536462,129.2186122967285,0.0,0.0,12.680998808035695,14.97291848917265,255.44387816615908,0.0,0.0,220.3745404783,261.8490970395356,3742.431011133078,0.0,0.0,42.42913787388754,49.95268438624208,936.0507234478561,0.0,0.0,189.65992253319656,226.2600214253509,2790.889307042687,28.236169778422654,19.366371590139,219.23865365240833,259.1544248840174,4882.025585385428,0.0,0.0,192.26265069133877,229.73492729881557,2651.45863568257,410.5992781847155,21.014795395997568,39.64599236969687,21.0,30.0,0.0,20.68834644907775,40.53458416834676,16.0,30.0,678.9999948205068,21.017932135943604,39.80477280376966,21.0,30.0,0.0,20.5839703082303,40.829917674931099,16.0,30.0,0.0,17.44941898936273,47.901278151347408,12.0,30.0,0.0,19.739008688586205,45.23451141341725,19.0,30.0,0.0,18.112990161215849,46.563401663175408,10.0,30.0,727.136925817964,20.73556316393623,40.50648987225376,20.7,30.0,0.0,16.95745536249291,49.89621518498958,12.0,30.0,0.0,19.553329320061189,0.0,0.0,0.0,16.475217123237586,0.0,0.0,633.9992390468935,646.7306322611383,633.4987175922765,642.1027966062358,612.6986331856589,849.8549176072608,625.1366803311377,687.5279458994953,627.05891511723,8326.832738212663,82.49910041575406,82.49910041575406,60.0,0.0,60.0,60.0,16.0,16.0,19.0,12.0,19.7,12.0,21.0,10.0,1.0,0.0,410.5992781847155,0.0,678.9999948205068,0.0,0.0,0.0,727.136925817964,0.0,0.0,0.0,0.0,82.49910041575406,82.49910041575406,0.34,0.7717871550612675,0.36028137401965956,82.49910041575406,0.3542647819438875,0.0,0.00122 
 03/30  09:00:00,9.98,82.0,2.98,178.0,308.0,0.0,0.0,1.0,2.0,0.0,0.0,0.0,0.0,0.0,0.0,3200.0,0.0,321.4032071486873,69.98239650381906,179.32825525316944,9.637442708391737,256.5120015581383,0.0,69.98239650381903,95.6712417188954,0.0,0.0,21.088061670158404,-1014.276270956485,20.42996324834283,437.1095564213979,21.030156536634938,-1175.725060448965,20.359240372862158,425.52534156163849,17.42545770230556,8.596365347111757,19.482279215595307,-61.42972428986313,18.075012864129385,125.70967812581285,18.91883309520402,-153.85788725672189,17.345601976186509,-149.76951151271329,677.3786772373942,760.3239796910266,0.0,0.0,0.0,0.0,0.0,0.0,0.0,0.0,0.0,0.0,0.0,0.0,0.0,0.0,0.0,0.0,0.0,0.0,0.0,0.0,0.0,0.0,0.9837495238302169,0.3002898424390162,371.270193809483,437.13663431278089,8602.183059801035,0.254164667011718,0.03879192109458456,276.49504765246686,326.4650732895153,5991.760728852878,0.8301810036516399,0.15687471724331826,342.67655029809449,403.61039661015635,8049.3980492703199,0.24756283402226254,0.046780580881001978,295.16910065707597,348.660703283462,6408.396988946907,0.0,0.0,9.4838312566551,11.334490750424921,143.16706884905018,0.0,0.0,15.564596516848866,18.44825425135342,302.61951539525696,0.0,0.0,215.91314533248517,257.32223427286467,3599.465709089462,0.0,0.0,39.3916444837559,46.685367383632598,789.1885217954675,0.0,0.0,176.14350859623688,210.84769502106622,2505.1730255770046,28.45389723434457,19.515704550304926,566.4879258916728,670.6262826681267,12069.26126088116,0.0,0.0,177.8568874120164,213.25498179843138,2362.1685199013124,1291.6737104246759,21.627642325187435,38.29240273208419,21.75,30.0,0.0,20.8198685607002,40.24022064896139,16.0,30.0,1706.9387345148217,21.724276936927486,38.09980491774894,21.5,30.0,0.0,20.840572569807116,40.197064823917667,16.0,30.0,0.0,17.447480506763627,48.12020959936589,12.0,30.0,0.0,19.678777013896128,46.09036719013978,19.0,30.0,0.0,18.247758559083175,46.5415218662621,10.0,30.0,72.45499340672377,19.950118839993708,42.794857041161389,19.7,30.0,0.0,17.003239793514596,50.189058178086,12.0,30.0,0.0,20.110680746104018,0.0,0.0,0.0,16.512810677938906,0.0,0.0,625.6044284766324,634.6283850950766,627.392516651929,629.8069481317946,617.3337747263248,885.0381070949169,633.3208250008763,694.8703605530195,640.5732791529592,9351.289723028374,81.82148443390095,83.85125520687268,60.0,0.0,60.0,60.0,16.0,16.0,19.0,12.0,19.7,12.0,21.0,10.0,1.0,0.0,1291.6737104246759,0.0,1706.9387345148217,0.0,0.0,0.0,72.45499340672377,0.0,3071.2617805232605,1842757.0683139563,2409771.4512036198,81.82148443390095,83.88572745297427,0.35737539268410875,0.7678446712207873,0.36028137401965956,83.88572745297427,0.3542647819438875,2409771.4512036198,0.1265081154625882 
 03/30  09:10:00,10.176666666666668,81.16666666666667,2.9333333333333337,189.33333333333332,300.33333333333339,0.0,0.0,0.0,0.0,0.0,0.0,0.0,0.0,0.0,0.0,2400.0,0.0,365.56452389157365,73.42165029966167,188.14124737564954,10.96161084563999,291.75681439808968,0.0,73.42165029966164,100.37296240399269,0.0,0.0,20.388754608589545,-41.13137986117605,20.49133497742127,-43.86898954374951,20.371853946301586,-205.6421848154708,20.37008275871336,28.471001711457104,17.42323243805264,9.576695603340835,19.34712722712822,-164.10291479179947,18.15497331974619,52.87067579305222,18.448851585676736,-63.339719350507987,17.36447100205562,-130.0188388322252,557.849644418344,695.4970844568607,0.0,0.0,0.0,0.0,0.0,0.0,0.0,0.0,0.0,0.0,0.0,0.0,0.0,0.0,0.0,0.0,0.0,0.0,0.0,0.0,0.0,0.0,0.9385465199910104,0.28649161171886769,263.08857916359127,311.1108258489051,5501.295720240532,0.19104686336992023,0.02915855668039076,188.87509196245663,223.2371985002406,4029.9993789050724,0.8819481790901828,0.16665687435566577,192.4458784067033,227.7393439668118,4081.460183375449,0.19209826745645337,0.03629974819660872,145.81208848408847,172.53284436355203,3119.7045731943387,0.0,0.0,8.577760701905927,10.251661392497566,126.13340438050662,0.0,0.0,69.8889734742344,82.9505024717948,1294.1411811038504,0.0,0.0,273.7478235670401,326.0292413036207,4523.688229744055,0.0,0.0,28.34849808202357,33.69002628039061,509.5222311327726,0.0,0.0,180.73703867841716,216.23600646461046,2519.652074010285,27.86469112052178,19.11158513067338,325.25274896216168,385.87793243880409,6853.528603435507,0.0,0.0,181.96849288065045,218.0094912985263,2394.749478492501,0.0,20.608889349778555,40.77828328860496,21.666666666666666,30.0,0.0,20.81583172676079,40.29806884240523,16.0,30.0,0.0,20.713084217514159,40.5348257129275,21.333333333333337,30.0,0.0,20.77784600410768,40.339218463719408,16.0,30.0,0.0,17.449337975053426,48.54537336964768,12.0,30.0,0.0,19.394792635416946,44.59919066263426,16.0,30.0,0.0,18.37546700563246,46.8672414865227,10.0,30.0,0.0,19.086386130374714,44.817239823829378,12.0,30.0,0.0,17.061278677468125,50.512474082170019,12.0,30.0,0.0,19.682038215372587,0.0,0.0,0.0,16.649654994112554,0.0,0.0,628.4006518945998,623.0811804483327,622.2142694477186,626.2228373485456,629.5841815685687,719.5993163124539,671.6414550200889,672.6623985098628,656.2576062967986,0.0,82.2246185878505,82.2246185878505,60.0,0.0,60.0,60.0,16.0,16.0,16.0,12.0,12.0,12.0,21.0,10.0,0.0,0.0,0.0,0.0,0.0,0.0,0.0,0.0,0.0,0.0,0.0,0.0,0.0,82.2246185878505,82.2246185878505,0.0,0.0,0.0,82.2246185878505,0.0,0.0,0.00118 
 03/30  09:20:00,10.373333333333335,80.33333333333334,2.8866666666666669,200.66666666666669,292.66666666666665,0.0,0.0,0.0,0.0,0.0,0.0,0.0,0.0,0.0,0.0,2400.0,0.0,415.22946117193,76.76972207440451,196.7205868766845,12.45080158789366,331.3939996568021,0.0,76.76972207440449,104.95003035330412,0.0,0.0,20.100405269929746,-118.8920559205442,20.27707928562451,-218.0813820081312,20.073311821088489,-213.793554267809,20.110542784951446,-175.65802232808734,17.420435886349148,7.06077915273124,19.241050181087326,-126.17145325663017,18.073149731994869,32.61599098520854,18.129767617390436,-21.77182695262823,17.393298548632914,-123.56887037193212,425.7322257941038,524.9119532163538,0.0,0.0,0.0,0.0,0.0,0.0,0.0,0.0,0.0,0.0,0.0,0.0,0.0,0.0,0.0,0.0,0.0,0.0,0.0,0.0,0.0,0.0,0.8824693258726171,0.2693740310966474,146.52963439785035,173.34555505693755,2890.2479716512409,0.1566561923223176,0.02390967526286898,52.69163081783654,62.3507741845121,1043.4202956276855,0.8487461319426128,0.16038286695816568,150.5589462426256,178.05363599831635,2960.2283990434536,0.16102275301115483,0.030427579934080633,98.37791039845246,116.34328193456534,1944.473914912148,0.0,0.0,7.465050472956111,8.920204804719822,106.80803157452803,0.0,0.0,60.34122090466117,71.66432317941058,1068.3442413684193,0.0,0.0,242.25947179912164,288.68497218021039,3836.29488239877,0.0,0.0,16.340026189350256,19.449234086405086,267.90859106062688,0.0,0.0,156.30957015009663,186.97347864235403,2137.619802272465,26.897775904179107,18.448405969944515,188.70812834742373,224.02404056234435,3751.623328902018,0.0,0.0,155.89953345639823,186.81228300708529,1978.1326692203698,0.0,20.179488860304287,41.948406617348279,21.999999999999994,29.99999999999999,0.0,20.348214222914807,41.613491408769899,15.999999999999993,29.99999999999999,0.0,20.22317074658614,41.8752977103867,21.999999999999994,29.99999999999999,0.0,20.275420992746285,41.69942922362297,15.999999999999993,29.99999999999999,0.0,17.448042762949855,48.91785569515848,11.999999999999995,29.99999999999999,0.0,19.18604058713163,44.61565429687958,15.999999999999993,29.99999999999999,0.0,18.22668922525061,47.29236993109583,9.999999999999997,29.99999999999999,0.0,18.520446885844075,46.38974224413355,11.999999999999995,29.99999999999999,0.0,17.12700010456288,50.65790740478248,11.999999999999995,29.99999999999999,0.0,18.844953134855787,0.0,0.0,0.0,16.61344266867379,0.0,0.0,613.0424376157947,588.1823231330886,603.6325640870803,611.2605180965884,641.0253854337573,670.3613396794884,655.9886534984382,666.5058884122418,664.2940108408338,0.0,82.22461858785047,82.22461858785047,59.99999999999998,0.0,59.99999999999998,59.99999999999998,16.0,16.0,16.0,12.0,12.0,12.0,21.0,10.0,0.0,0.0,0.0,0.0,0.0,0.0,0.0,0.0,0.0,0.0,0.0,0.0,0.0,82.22461858785047,82.22461858785047,0.0,0.0,0.0,82.22461858785047,0.0,0.0,0.001176666666666667 
 03/30  09:30:00,10.57,79.5,2.84,212.0,285.0,0.0,0.0,0.0,0.0,0.0,0.0,0.0,0.0,0.0,0.0,1600.0,0.0,468.95876108225539,80.02857709484278,205.0713097057278,14.061859553864699,374.27490166320367,0.0,80.02857709484275,109.4051322355349,0.0,0.0,19.910442334241404,-0.6435416270614951,20.112018281868389,-216.8797004790647,19.883651744344044,-117.41090655845142,19.912943239826555,-93.94847968475188,17.41856724835757,6.638355634133347,19.190873990108505,-113.35810157407559,18.03970765597567,35.7755189169975,17.907122491988824,-9.695145901940834,17.407823149169429,-120.14065618116001,381.80327823889,466.23134507120997,0.0,0.0,0.0,0.0,0.0,0.0,0.0,0.0,0.0,0.0,0.0,0.0,0.0,0.0,0.0,0.0,0.0,0.0,0.0,0.0,0.0,0.0,0.8334073327346807,0.254397842715104,142.23883754767287,168.43560118702997,2684.303739538894,0.1494871716190016,0.022815502383852508,92.36856371262627,109.39654808955899,1748.2414372511558,0.8093238133339932,0.1529334492316692,99.09778470642513,117.23860842815248,1867.8083930818785,0.15913570624070284,0.030070995132407936,79.3757048892437,93.9254069034877,1490.2528874036248,0.0,0.0,7.256790666841951,8.665280220391513,100.97323358085579,0.0,0.0,59.467666445817517,70.61088379318619,1016.1039821711904,0.0,0.0,236.03003440642613,281.11168081732026,3623.1535018139677,0.0,0.0,14.204708579621383,16.924860718641577,217.6019771446425,0.0,0.0,151.37575018873745,180.92400598837186,2020.5992450167415,26.500704583362379,18.176066243732778,152.82414768106197,181.58152148641637,2972.485423324575,0.0,0.0,150.61656722590448,180.2982655695281,1879.9124644707864,0.0,19.943222483135739,42.64201445930962,22.0,30.0,0.0,20.01102206522566,42.56136051494627,16.0,30.0,0.0,19.947024337848739,42.62501913099207,22.0,30.0,0.0,19.93919446515408,42.653731283690948,16.0,30.0,0.0,17.448079461648225,49.17997821398631,12.0,30.0,0.0,19.067940908837536,44.87982638453408,16.0,30.0,0.0,18.178987293566509,47.46795997185353,10.0,30.0,0.0,18.153635204883537,47.4948705769236,12.0,30.0,0.0,17.16109611881781,50.58242000302175,12.0,30.0,0.0,18.83546796181632,0.0,0.0,0.0,16.707987588824964,0.0,0.0,596.7756338299695,574.7628262739819,600.0143931277419,598.5879482226944,646.3296405010003,657.6109644030338,649.6999133353181,661.8862616562155,659.7366749683389,0.0,82.2246185878505,82.2246185878505,60.0,0.0,60.0,60.0,16.0,16.0,16.0,12.0,12.0,12.0,21.0,10.0,0.0,0.0,0.0,0.0,0.0,0.0,0.0,0.0,0.0,0.0,0.0,0.0,0.0,82.2246185878505,82.2246185878505,0.0,0.0,0.0,82.2246185878505,0.0,0.0,0.0011733333333333334 
 03/30  09:40:00,10.766666666666666,78.66666666666666,2.7933333333333336,219.5,288.66666666666665,0.0,0.0,0.0,0.0,0.0,0.0,0.0,0.0,0.0,0.0,800.0,0.0,525.287261782982,82.54232979951692,211.5127615838885,15.750854917400045,419.2302158319272,0.0,82.54232979951688,112.84162276236735,0.0,0.0,19.759400712028304,-13.184294488516576,20.02519108399425,-204.3340220254755,19.77280614004124,7.7375889694185429,19.753635983141689,-153.75866735415418,17.41881041377139,5.936879269844471,19.181666228088724,-108.41549757083435,18.01429799703235,40.23902099118825,17.744164352049866,-2.8416417826535409,17.42818865998554,-118.3638477168252,321.57223719594296,393.2248569004452,0.0,0.0,0.0,0.0,0.0,0.0,0.0,0.0,0.0,0.0,0.0,0.0,0.0,0.0,0.0,0.0,0.0,0.0,0.0,0.0,0.0,0.0,0.7942383548335004,0.24244150025442638,112.8174605054411,133.31489180605917,2044.4149363571212,0.1388596217754962,0.021193470966956088,98.7914939405947,116.71207770996428,1792.8880843639925,0.784892611398237,0.14831681999210839,135.59517631656076,160.19847692650297,2471.216278938513,0.14940680733240617,0.028232578860998903,76.07538444226074,89.92319609501353,1358.60419966882,0.0,0.0,6.986792376072174,8.322475508352403,94.53504153342844,0.0,0.0,57.85484462530143,68.5417474001556,960.1856836360826,0.0,0.0,225.8865045829198,268.4118272850138,3363.8188162334588,0.0,0.0,9.747882527227344,11.592888421294985,140.4670256875343,0.0,0.0,142.11802144978743,169.42122892428908,1853.2608110277045,26.005534495231335,17.836443412367186,138.24040626291964,163.9553443599065,2607.0856703733586,0.0,0.0,140.6725612061322,167.93149345831669,1725.629537059834,0.0,19.75260270809148,43.207223938216987,22.00000000000001,30.000000000000015,0.0,19.818543045597154,43.113263288906718,16.000000000000008,30.000000000000015,0.0,19.817222211055385,42.95915850275384,22.00000000000001,30.000000000000015,0.0,19.66443120674494,43.4995123207857,16.000000000000008,30.000000000000015,0.0,17.451326766054917,49.368807222102969,12.000000000000006,30.000000000000015,0.0,19.015066691641598,45.0481127370914,16.000000000000008,30.000000000000015,0.0,18.143425640941275,47.594136785840657,10.000000000000004,30.000000000000015,0.0,17.898132833713,48.28800376330677,12.000000000000006,30.000000000000015,0.0,17.20276008757128,50.47317855369152,12.000000000000006,30.000000000000015,0.0,18.673208151787894,0.0,0.0,0.0,16.798091946509037,0.0,0.0,587.4715486078816,569.556253141534,604.2920030923381,578.0099729315383,647.2248361250572,648.2694113323861,642.5771547666954,657.0944664921839,654.2497341116699,0.0,82.22461858785054,82.22461858785054,60.00000000000003,0.0,60.00000000000003,60.00000000000003,16.0,16.0,16.0,12.0,12.0,12.0,21.0,10.0,0.0,0.0,0.0,0.0,0.0,0.0,0.0,0.0,0.0,0.0,0.0,0.0,0.0,82.22461858785054,82.22461858785054,0.0,0.0,0.0,82.22461858785054,0.0,0.0,0.00117 
 03/30  09:50:00,10.963333333333335,77.83333333333334,2.746666666666667,227.0,292.33333333333339,0.0,0.0,0.0,0.0,0.0,0.0,0.0,0.0,0.0,0.0,1600.0,0.0,585.2706982510256,85.01798943794342,217.8566010683041,17.549441451402438,467.10249201862,0.0,85.01798943794337,116.22603717962282,0.0,0.0,19.65855722374029,-19.221119108060067,20.012866365448568,-197.807809431313,19.635263691400323,-127.04798798232378,19.712720892935296,-64.84462194452772,17.420616854242483,5.905376002678196,19.205818943085086,-109.31650224253599,18.000739955745158,39.41069240763318,17.65560741712646,-8.61375324848808,17.45329575271581,-77.69722930019316,309.280790310866,335.49899799571088,0.0,0.0,0.0,0.0,0.0,0.0,0.0,0.0,0.0,0.0,0.0,0.0,0.0,0.0,0.0,0.0,0.0,0.0,0.0,0.0,0.0,0.0,0.7487508161178994,0.228556415176404,122.25470464327933,144.8768510669879,2140.3744433383319,0.13137203059308884,0.020050676219946406,94.76114310800542,112.20752469076334,1670.2728189622563,0.7415564187208072,0.14012781910824027,134.30447070540743,159.19977048254123,2338.408353082101,0.14971161521811067,0.02829017672299898,89.27752978929472,105.88545328585599,1555.5636701579254,0.0,0.0,6.772834466779128,8.088201299790466,88.99705144198507,0.0,0.0,57.25839129875262,68.01057262668503,927.2299923911999,0.0,0.0,217.66239051639969,259.32332289829176,3148.4401086468944,0.0,0.0,7.397863516950493,8.82165179330745,101.88561857051377,0.0,0.0,133.5850874725052,159.6403442738718,1701.3693864427929,25.595342639386659,17.555104690937357,158.53941326698885,188.55943088983288,2852.384983726453,0.0,0.0,134.53735018310855,160.95546576703158,1629.2849680998029,0.0,19.652741681163776,43.52718681995215,22.0,30.0,0.0,19.760695932029426,43.3232130536253,16.0,30.0,0.0,19.60830193882447,43.65572559457409,22.0,30.0,0.0,19.63823587749471,43.52154469820143,16.0,30.0,0.0,17.456464521828594,49.43857012463616,12.0,30.0,0.0,19.013224923113194,45.07277061754613,16.0,30.0,0.0,18.12965530356486,47.67046680226352,10.0,30.0,0.0,17.78147997391085,48.65689732806825,12.0,30.0,0.0,17.252080100460348,50.343031731034688,12.0,30.0,0.0,18.67557398641226,0.0,0.0,0.0,16.921431651292396,0.0,0.0,580.7843195206287,564.1811904417524,580.328953831472,591.7680984775315,645.928404172234,643.1812039671239,634.7849281860831,654.8927415384234,645.7454034836412,0.0,82.2246185878505,82.2246185878505,60.0,0.0,60.0,60.0,16.0,16.0,16.0,12.0,12.0,12.0,21.0,10.0,0.0,0.0,0.0,0.0,0.0,0.0,0.0,0.0,0.0,0.0,0.0,0.0,0.0,82.2246185878505,82.2246185878505,0.0,0.0,0.0,82.2246185878505,0.0,0.0,0.0011366666666666665 
 03/30  10:00:00,11.16,77.0,2.7,234.5,296.0,0.0,0.0,0.0,0.0,0.0,0.0,0.0,0.0,0.0,0.0,1600.0,0.0,648.0369048546527,87.45616351601598,224.10438472298683,19.43146770871486,517.1956642897842,0.0,87.45616351601594,119.55920599391594,0.0,0.0,19.55686904003754,-20.260120578508578,19.977861205068537,-257.3500615897224,19.5758655113993,-47.53155253952025,19.6627229790788,-75.59960862634972,17.425362217279358,6.0993867980562019,19.246383047575156,-109.67939476181141,18.00031119862323,49.724387337387728,17.562276842593499,-13.856106630475296,17.50538987182381,-43.255572113422207,237.00618470137693,282.9742628980307,0.0,0.0,0.0,0.0,0.0,0.0,0.0,0.0,0.0,0.0,0.0,0.0,0.0,0.0,0.0,0.0,0.0,0.0,0.0,0.0,0.0,0.0,0.7184264034013141,0.21929987893813009,128.97803886392047,152.99413881308929,2178.9634976550639,0.12591722496194517,0.01921813567795256,100.55396578949707,119.20353743285854,1710.4014612644374,0.7050549059454672,0.13323032992166806,44.30399684008191,52.49184033099546,757.9867911413999,0.1363495926864286,0.025765229154653927,29.041864599174429,34.36838658531829,490.1053676439063,0.0,0.0,6.606242990383914,7.889473767036801,84.31911500476558,0.0,0.0,57.20561025553296,67.95010518237443,905.8286709251889,0.0,0.0,209.75205441810273,249.90659198765804,2955.8912914812065,0.0,0.0,12.491229387388856,14.909092628196884,163.94697286637308,0.0,0.0,120.52467192194024,143.99108676094415,1509.7138715962618,25.208983629939107,17.290112229039175,108.66201971120725,129.30318113247436,1964.6656592478283,0.0,0.0,127.92766198760242,152.9865988004729,1533.722157529065,0.0,19.541190958516297,43.984738425495979,22.0,30.0,0.0,19.640943354021738,43.81706132784086,16.0,30.0,0.0,19.564238134055679,43.81542146125756,22.0,30.0,0.0,19.567225573680575,43.82271795070212,16.0,30.0,0.0,17.46588490970894,49.50830077293878,12.0,30.0,0.0,19.030568014239486,45.07792610453913,16.0,30.0,0.0,18.140794666537738,47.70743554888573,10.0,30.0,0.0,17.64838019349049,49.102822557761047,12.0,30.0,0.0,17.345575535959396,50.10111616682899,12.0,30.0,0.0,18.46641534446038,0.0,0.0,0.0,17.06033365439969,0.0,0.0,560.6317735966176,543.5221917196966,579.3428401991398,576.908879115168,641.064305166321,630.1610712953618,620.4092825642235,646.0729387775243,632.5296359072327,0.0,82.2246185878505,82.2246185878505,60.0,0.0,60.0,60.0,16.0,16.0,16.0,12.0,12.0,12.0,21.0,10.0,0.0,0.0,0.0,0.0,0.0,0.0,0.0,0.0,0.0,0.0,0.0,0.0,0.0,82.2246185878505,82.2246185878505,0.0,0.0,0.0,82.2246185878505,0.0,0.0,0.0011033333333333334 
 03/30  10:10:00,11.461666666666668,76.16666666666667,2.7600000000000008,242.0,299.6666666666667,0.0,0.0,0.0,0.0,0.0,0.0,0.0,0.0,0.0,0.0,800.0,0.0,712.8041321594255,89.85750864998869,230.2577949552309,21.373493324364295,568.8858268773437,0.0,89.85750864998865,122.84202684944722,0.0,0.0,19.47150269969392,-3.586494337701879,19.9900926530372,-226.90054541349674,19.477529875863863,-105.01795487177287,19.644768014782,-25.172762374735386,17.433597208685023,5.868554852342129,19.307342043593644,-113.0966322793056,18.002146384299985,50.207651292324047,17.47971870596443,-11.59946375310335,17.548762649466938,-57.67542040769786,239.36972264137513,238.7729770336682,0.0,0.0,0.0,0.0,0.0,0.0,0.0,0.0,0.0,0.0,0.0,0.0,0.0,0.0,0.0,0.0,0.0,0.0,0.0,0.0,0.0,0.0,0.6696443780686296,0.20440915081460005,128.91868315226814,152.50918661811682,2076.6514176163298,0.11644667150879133,0.017772691011720289,99.69395062703896,117.87139677649705,1629.900085011542,0.6572897364488474,0.12420440975979735,58.76188528281011,69.52069538380757,949.0293865210842,0.12999510429407103,0.024564456593739793,48.10583392376838,56.89077944585789,782.5505802011516,0.0,0.0,6.528562192787135,7.776488836426477,79.56730918483783,0.0,0.0,56.85300991769333,67.34825017942197,871.1727916319683,0.0,0.0,206.94100289860516,245.9180868900607,2796.082035836367,0.0,0.0,13.130675670723056,15.637522682068342,161.33800798394908,0.0,0.0,117.54733291554808,140.04418524175873,1417.0824334402124,24.720834604132248,16.955304941105799,120.93672546032376,143.50866276781964,2070.6146509300917,0.0,0.0,125.67542449266945,149.82486001877636,1471.28688965522,0.0,19.454323539581453,44.25536417773044,22.0,30.0,0.0,19.610830250703008,43.90991321427602,16.0,30.0,0.0,19.42701955008833,44.35376078536671,22.0,30.0,0.0,19.556199425866308,43.82334333538113,16.0,30.0,0.0,17.480459731167217,49.55465771208923,12.0,30.0,0.0,19.076180544287295,44.98817824803243,16.0,30.0,0.0,18.152033608845608,47.71793584079558,10.0,30.0,0.0,17.53082525889299,49.50998786819538,12.0,30.0,0.0,17.413561791846424,49.921921635815788,12.0,30.0,0.0,18.53903110769378,0.0,0.0,0.0,17.22388927460075,0.0,0.0,557.4594801311215,543.962691782426,555.650695378539,583.4943067554849,633.8629196830844,620.7976163767113,612.4118088891072,634.8695400764076,624.3290965096586,0.0,82.2246185878505,82.2246185878505,60.0,0.0,60.0,60.0,16.0,16.0,16.0,12.0,12.0,12.0,21.0,10.0,0.0,0.0,0.0,0.0,0.0,0.0,0.0,0.0,0.0,0.0,0.0,0.0,0.0,82.2246185878505,82.2246185878505,0.0,0.0,0.0,82.2246185878505,0.0,0.0,0.00107 
 03/30  10:20:00,11.763333333333336,75.33333333333334,2.8200000000000005,249.5,303.3333333333333,0.0,0.0,0.0,0.0,0.0,0.0,0.0,0.0,0.0,0.0,800.0,0.0,778.9080586630875,92.22272052102898,236.31861427507324,23.35559894826319,621.6427919452265,0.0,92.22272052102893,126.07545079511545,0.0,0.0,19.41745299377682,8.102119904261599,20.010233445152147,-265.65850601296736,19.46476347272706,-1.3358389373915998,19.54455919003329,-168.9959260166852,17.443180912822414,6.042087228722323,19.378100269968355,-118.03277441208502,18.004421605335204,53.321023213226,17.4272713749123,-7.029610551709084,17.590242099672147,-35.450528179551387,271.2429932684927,194.19899903349507,0.0,0.0,0.0,0.0,0.0,0.0,0.0,0.0,0.0,0.0,0.0,0.0,0.0,0.0,0.0,0.0,0.0,0.0,0.0,0.0,0.0,0.0,0.6377431004447167,0.19467127608202587,137.28162365467916,162.41005909676589,2117.179280499395,0.10089384127079396,0.01539893792289285,126.83283348260322,149.96179247865639,1988.0346195781415,0.6242097424652777,0.11795346607431556,134.79831039255866,159.45369353626405,2090.6465260753577,0.11311626424226888,0.02137495545016418,95.59591589530385,113.11298448940149,1458.678402640084,0.0,0.0,6.424150160874109,7.6511480444405939,74.57570731634843,0.0,0.0,58.25716661101005,68.99408807162277,863.4978132630414,0.0,0.0,203.73694345999386,242.08609541148776,2633.1074936030315,0.0,0.0,14.782838356337463,17.60778488789491,170.75510936379653,0.0,0.0,112.27131464037632,133.7190993691747,1299.6588836578722,24.203881935425725,16.60074206819323,190.77543883034776,226.2222098631167,3004.9628933979117,0.0,0.0,122.53169045210616,145.98453531647329,1399.5349120500796,0.0,19.419154639621959,44.40167604967053,22.0,30.0,0.0,19.57861235207812,44.11367226618109,16.0,30.0,0.0,19.46383261850996,44.11733173533195,22.0,30.0,0.0,19.362732263816178,44.67138318214809,16.0,30.0,0.0,17.49585717329768,49.56507355469415,12.0,30.0,0.0,19.129952414577084,44.873373997106899,16.0,30.0,0.0,18.162513114001706,47.70058488559534,10.0,30.0,0.0,17.466643092189945,49.74464751765694,12.0,30.0,0.0,17.479353841004646,49.74212757695163,12.0,30.0,0.0,18.72737299990109,0.0,0.0,0.0,17.387861083324038,0.0,0.0,550.8256209729368,536.8715371797886,577.2286259843287,543.1006531976655,628.1561757230029,613.6871342142077,608.7831807277818,626.718638591713,618.6469026578611,0.0,82.2246185878505,82.2246185878505,60.0,0.0,60.0,60.0,16.0,16.0,16.0,12.0,12.0,12.0,21.0,10.0,0.0,0.0,0.0,0.0,0.0,0.0,0.0,0.0,0.0,0.0,0.0,0.0,0.0,82.2246185878505,82.2246185878505,0.0,0.0,0.0,82.2246185878505,0.0,0.0,0.0010533333333333333 
 03/30  10:30:00,12.065000000000002,74.5,2.88,257.0,307.0,0.0,0.0,0.0,0.0,0.0,0.0,0.0,0.0,0.0,0.0,800.0,0.0,845.8104523831887,94.55251671890075,242.28868133354986,25.361645958406059,675.0370023069436,0.0,94.5525167189007,129.26045883053176,0.0,0.0,19.36832188845772,11.319429158264939,20.07488021928804,-230.72715124250863,19.382357545278447,-93.2543380451134,19.56642562241627,-18.519049784235905,17.455266051593108,6.289301256005672,19.45814289846892,-125.64772748074756,18.017659176754948,61.441001221224727,17.389685202615028,-1.2355469262212183,17.638146940916799,-16.256382208704055,234.6947273779897,150.38668721330579,0.0,0.0,0.0,0.0,0.0,0.0,0.0,0.0,0.0,0.0,0.0,0.0,0.0,0.0,0.0,0.0,0.0,0.0,0.0,0.0,0.0,0.0,0.57222805321068,0.17467278791534802,140.8627393407395,166.65267829682905,2075.7712667901457,0.08881231186134217,0.013554992652830002,126.80112712313042,149.8891216305684,1923.0057158235732,0.5731904138264221,0.10831262543961118,88.14567627356795,104.29921502904688,1294.7181245462169,0.12015183990285902,0.02270442930893027,90.10564743628528,106.58722174098574,1334.620789816791,0.0,0.0,6.3866613285156579,7.6054751032984539,70.48108687968875,0.0,0.0,59.64441218005974,70.61725886114806,855.1674616008504,0.0,0.0,200.02000742768827,237.62829535104073,2475.405578185135,0.0,0.0,16.502528479465409,19.657554075542774,179.20151134943226,0.0,0.0,106.4361145802999,126.7284460123015,1182.7460704623853,23.66981599472502,16.23444169734227,165.90097003586176,196.7354686095654,2518.9873405035575,0.0,0.0,117.98702205091957,140.48055301337238,1314.4858690956624,0.0,19.383911802803579,44.597790138325759,22.0,30.0,0.0,19.62890687365107,43.97958027731869,16.0,30.0,0.0,19.34144065399909,44.70769633791502,22.0,30.0,0.0,19.443091738678246,44.182677455624098,16.0,30.0,0.0,17.514192418643263,49.55461364616581,12.0,30.0,0.0,19.192119963088048,44.72141987503717,16.0,30.0,0.0,18.192813388218359,47.645081916228047,10.0,30.0,0.0,17.424964509964643,49.913014438672728,12.0,30.0,0.0,17.552876294252916,49.5427895816067,12.0,30.0,0.0,18.684966001641436,0.0,0.0,0.0,17.553846312677967,0.0,0.0,545.193250438084,541.1363583708389,548.613782065054,577.0119482015921,622.9330538012338,608.9543514103657,602.4835250374363,619.0832833404402,613.021960510381,0.0,82.2246185878505,82.2246185878505,60.0,0.0,60.0,60.0,16.0,16.0,16.0,12.0,12.0,12.0,21.0,10.0,0.0,0.0,0.0,0.0,0.0,0.0,0.0,0.0,0.0,0.0,0.0,0.0,0.0,82.2246185878505,82.2246185878505,0.0,0.0,0.0,82.2246185878505,0.0,0.0,0.0010366666666666667 
 03/30  10:40:00,12.366666666666668,73.66666666666667,2.9400000000000006,257.1666666666667,317.1666666666667,0.0,0.0,0.0,0.0,0.0,0.0,0.0,0.0,0.0,0.0,800.0,0.0,907.5404010786594,95.16283476819088,243.85265614474478,27.212596091018399,724.3030998887523,0.0,95.16283476819084,130.0948098750241,0.0,0.0,19.349932697081294,33.82805416334486,20.115399733596705,-300.81631709132855,19.372415816552306,-6.5841185579984089,19.526890084088543,-111.81367593226014,17.469349896833465,6.622565262137016,19.547102729234127,-130.91363202514322,18.03339352334166,66.77916780202122,17.364137630915914,5.600429824585831,17.688648524083165,0.15326754711168179,239.0591407014481,112.32300986976634,0.0,0.0,0.0,0.0,0.0,0.0,0.0,0.0,0.0,0.0,0.0,0.0,0.0,0.0,0.0,0.0,0.0,0.0,0.0,0.0,0.0,0.0,0.5411089022456274,0.16517365758413536,168.8377328198719,199.7217421003647,2390.2204260338719,0.06599902919761201,0.010073111904397438,160.90831905225017,190.19804246419086,2337.403747469569,0.5529056525037712,0.1044795261722924,138.34893842046723,163.68003569083559,1951.4112148995194,0.1036762078018222,0.019591120143957327,75.24314245641479,89.01718385318677,1057.1756497003374,0.0,0.0,6.294836103324907,7.495065167526159,65.89039380750119,0.0,0.0,60.80641995638512,71.96997249351758,843.7116038675666,0.0,0.0,196.25628126515944,233.11522234634169,2321.679467629232,0.0,0.0,18.266750027726194,21.75932265834655,186.39356966866519,0.0,0.0,101.82904087267834,121.20340052879037,1084.8201469892288,23.15488088953902,15.881262612852556,205.2470327080125,243.30268203974223,2936.9631803900408,0.0,0.0,114.25539820590184,135.94569289771409,1243.1902095057338,0.0,19.404712260493608,44.56537446074254,22.0,30.0,0.0,19.613757907526855,44.17085849882629,16.0,30.0,0.0,19.372631742717254,44.48749785494131,22.0,30.0,0.0,19.363336191459319,44.78542148660485,16.0,30.0,0.0,17.53482071063848,49.53226401782296,12.0,30.0,0.0,19.26539595930829,44.55234876635528,16.0,30.0,0.0,18.224192969882137,47.59398542086789,10.0,30.0,0.0,17.40191153985868,50.01337290097497,12.0,30.0,0.0,17.628717386925623,49.32546769388053,12.0,30.0,0.0,18.77544083120675,0.0,0.0,0.0,17.7301377901833,0.0,0.0,545.9410563333514,531.4118620161281,564.0157028499107,540.3447587880993,617.6260745561723,602.5385816354332,597.3930395335361,613.2121389503175,608.8413554224462,0.0,82.2246185878505,82.2246185878505,60.0,0.0,60.0,60.0,16.0,16.0,16.0,12.0,12.0,12.0,21.0,10.0,0.0,0.0,0.0,0.0,0.0,0.0,0.0,0.0,0.0,0.0,0.0,0.0,0.0,82.2246185878505,82.2246185878505,0.0,0.0,0.0,82.2246185878505,0.0,0.0,0.00102 
 03/30  10:50:00,12.668333333333333,72.83333333333333,3.0,257.3333333333333,327.3333333333333,0.0,0.0,0.0,0.0,0.0,0.0,0.0,0.0,0.0,0.0,800.0,0.0,970.1441600817943,95.76196537913717,245.38796281718059,29.08974682555406,774.2665742597999,0.0,95.76196537913713,130.91386684312756,0.0,0.0,19.32022795537712,31.120639877149189,20.190844004172108,-276.75205793349599,19.353573069808136,-14.091228884509292,19.55233447511339,-18.662489759419317,17.48589682545667,7.107502134744124,19.643537531088115,-139.05914242582549,18.058767320377684,76.35507549825707,17.34957577617867,13.241008884047915,17.74170620609531,15.942701530344494,186.43586399581455,76.25894386862456,0.0,0.0,0.0,0.0,0.0,0.0,0.0,0.0,0.0,0.0,0.0,0.0,0.0,0.0,0.0,0.0,0.0,0.0,0.0,0.0,0.0,0.0,0.487383722765298,0.14877403014813737,161.27464483488314,190.76566240536733,2180.727287584598,0.05698726465822579,0.008697689966151678,153.63742778934617,181.55666766321668,2155.5362555168364,0.5181551064664273,0.09791290749554563,74.26848206018879,87.85922634433362,1005.0369749132389,0.10310793074760898,0.01948373596893593,7.506857751399273,8.87858263429442,103.19155038811246,0.0,0.0,6.310982728765976,7.513156949802816,62.507605907208347,0.0,0.0,61.939227655579809,73.28554808791114,831.5829889756451,0.0,0.0,193.48464510675525,229.7697540051292,2189.581324327928,0.0,0.0,19.565595612848005,23.30547782306249,187.44739810709346,0.0,0.0,97.48449921505451,115.99323493963243,994.1943510502374,22.628421053164023,15.520179048809349,129.73772190598278,153.83489365371,1835.03491816025,0.0,0.0,110.43168967734568,131.30617134668987,1173.4012172593533,0.0,19.39181324051547,44.74237265646064,22.0,30.0,0.0,19.669757212240467,44.04083074731635,16.0,30.0,0.0,19.370220635793527,44.63315460396165,22.0,30.0,0.0,19.432178014708847,44.51604920189654,16.0,30.0,0.0,17.55814842031389,49.50155722342499,12.0,30.0,0.0,19.34506506689197,44.37336259794039,16.0,30.0,0.0,18.272047538225807,47.47765121940547,10.0,30.0,0.0,17.39475510340717,50.069181378633988,12.0,30.0,0.0,17.706454457146074,49.118108306609688,12.0,30.0,0.0,18.66940871207945,0.0,0.0,0.0,17.90874022098435,0.0,0.0,536.8772508054209,534.8485735268986,550.8878452374157,550.330938591666,612.3224402562826,597.100069614275,593.4991009120587,607.028040991396,603.1156388801409,0.0,82.2246185878505,82.2246185878505,60.0,0.0,60.0,60.0,16.0,16.0,16.0,12.0,12.0,12.0,21.0,10.0,0.0,0.0,0.0,0.0,0.0,0.0,0.0,0.0,0.0,0.0,0.0,0.0,0.0,82.2246185878505,82.2246185878505,0.0,0.0,0.0,82.2246185878505,0.0,0.0,0.00101 
 03/30  11:00:00,12.97,72.0,3.06,257.5,337.5,0.0,0.0,0.0,0.0,0.0,0.0,0.0,0.0,0.0,0.0,800.0,0.0,1033.3427254912095,96.35061175089692,246.89640298120848,30.984732336236865,824.7047550579443,0.0,96.35061175089688,131.718591061403,0.0,0.0,19.313099401216314,49.261446029244329,20.24429051494954,-343.30059263401929,19.336633315831599,-8.002024865571002,19.52740042410626,-96.01985008841666,17.50499806871641,7.6366374282807218,19.748046755565516,-144.9474995342921,18.08334161423926,81.54106744503224,17.34426800702976,21.135528086934074,17.796654822501453,30.4405727342114,217.38214580025125,44.85982503982132,0.0,0.0,0.0,0.0,0.0,0.0,0.0,0.0,0.0,0.0,0.0,0.0,0.0,0.0,0.0,0.0,0.0,0.0,0.0,0.0,0.0,0.0,0.4560997514181712,0.1392245883449851,178.15811728808678,210.7019034271345,2309.556440089202,0.03987573010029955,0.006086039392597612,171.33372828593924,202.45295440074774,2298.6765014630698,0.47629614054568628,0.09000304998973667,126.12158177197665,149.1895309358289,1624.2260058924017,0.0904645863079726,0.01709459302871742,62.994225938848817,74.51099144394196,810.3920892190382,0.0,0.0,6.252334624377943,7.4421492643792599,58.442985138785967,0.0,0.0,63.019356108858669,74.53627687703309,818.6478550462905,0.0,0.0,190.64619298229608,226.3492526094894,2057.567694095382,0.0,0.0,20.60670404390109,24.54338834842903,185.09818294828495,0.0,0.0,94.0993842169643,111.92734687322509,917.0396337817124,22.14082015561717,15.185747706184621,204.5949649892736,242.43109982619047,2673.445295375076,0.0,0.0,107.55083126329412,127.79065209343473,1116.8232969328406,0.0,19.419716681412557,44.69390256128166,22.0,30.0,0.0,19.66627937189659,44.17123544858087,16.0,30.0,0.0,19.36840407236166,44.73599729662601,22.0,30.0,0.0,19.376677650931489,44.88631576916322,16.0,30.0,0.0,17.58422288915769,49.458720909078447,12.0,30.0,0.0,19.431837902828865,44.165109805951,16.0,30.0,0.0,18.314362997586419,47.41042266209926,10.0,30.0,0.0,17.40040315641548,50.09210833037917,12.0,30.0,0.0,17.78495471633732,48.91502482305649,12.0,30.0,0.0,18.849338673490874,0.0,0.0,0.0,18.094138577207067,0.0,0.0,539.1249155886197,535.9533370225712,545.8868350282335,542.0941883074514,607.3862067382622,592.7259265384319,587.4549010398387,601.3169324767041,598.1082031224403,0.0,82.2246185878505,82.2246185878505,60.0,0.0,60.0,60.0,16.0,16.0,16.0,12.0,12.0,12.0,21.0,10.0,0.0,0.0,0.0,0.0,0.0,0.0,0.0,0.0,0.0,0.0,0.0,0.0,0.0,82.2246185878505,82.2246185878505,0.0,0.0,0.0,82.2246185878505,0.0,0.0,0.001 
 03/30  11:10:00,13.193333333333334,71.33333333333333,3.116666666666667,257.6666666666667,347.6666666666667,0.0,0.0,0.0,0.0,0.0,0.0,0.0,0.0,0.0,0.0,800.0,0.0,1096.9090504717454,96.92906008819887,248.37870974225698,32.89074470254476,875.4364382790798,0.0,96.92906008819883,132.50937379341318,0.0,0.0,19.294445539118905,48.248773260396777,20.34192828044383,-303.5793575732214,19.317109450097698,-9.038632289966245,19.556362182995089,-15.975499196501403,17.526706578957076,8.26656738458803,19.857812274990985,-153.78683092975917,18.1156096148131,90.94578358749368,17.346783521239169,29.39848057505776,17.85289930048973,44.182503812096459,178.56277008160488,14.120661229504549,0.0,0.0,0.0,0.0,0.0,0.0,0.0,0.0,0.0,0.0,0.0,0.0,0.0,0.0,0.0,0.0,0.0,0.0,0.0,0.0,0.0,0.0,0.40652589885725889,0.124092154718333,173.1341639187538,204.75083771309643,2164.969660690791,0.028332341947125286,0.0043242280139080108,166.7317019614012,196.9492045445808,2190.895357360519,0.45719613207805256,0.08639382692329038,84.29422549006147,99.71057756272625,1047.5923901885815,0.08983926358795143,0.016976429249423925,6.851624957502926,8.102257058507018,86.98659880002563,0.0,0.0,6.302312280125216,7.500586937438695,56.43107519832578,0.0,0.0,64.2044379323536,75.91086856950165,816.7858244337838,0.0,0.0,188.46296914198309,223.70568635992823,1969.9282558032138,0.0,0.0,21.51261700521882,25.619919485185098,184.23654748408834,0.0,0.0,90.4170498388545,107.51401144938262,854.573505409367,22.003279793308889,15.091412752612412,143.47036817299415,170.0360860106907,1850.4923499740613,0.0,0.0,104.2992052384908,123.84309177656955,1074.2691283009797,0.0,19.416007399424428,44.821691260578479,22.0,30.0,0.0,19.754318872426834,43.93839401584558,16.0,30.0,0.0,19.35765352741597,44.843730323565399,22.0,30.0,0.0,19.444674620835355,44.61963376010631,16.0,30.0,0.0,17.613051088623775,49.413369941950218,12.0,30.0,0.0,19.523199970400314,43.96906855543689,16.0,30.0,0.0,18.36980453694246,47.2834796309125,10.0,30.0,0.0,17.416783249000337,50.076366830419107,12.0,30.0,0.0,17.86381113425245,48.70782197537403,12.0,30.0,0.0,18.768426533025975,0.0,0.0,0.0,18.279009311888165,0.0,0.0,539.8204471257893,533.5546254359257,542.5144581734573,549.4670185115125,602.2417678385517,587.168839472136,584.0058765309042,596.5719458148914,593.7391983896642,0.0,82.2246185878505,82.2246185878505,60.0,0.0,60.0,60.0,16.0,16.0,16.0,12.0,12.0,12.0,21.0,10.0,0.0,0.0,0.0,0.0,0.0,0.0,0.0,0.0,0.0,0.0,0.0,0.0,0.0,82.2246185878505,82.2246185878505,0.0,0.0,0.0,82.2246185878505,0.0,0.0,0.00099 
 03/30  11:20:00,13.416666666666668,70.66666666666667,3.173333333333334,257.8333333333333,357.83333333333339,0.0,0.0,0.0,0.0,0.0,0.0,0.0,0.0,0.0,0.0,800.0,0.0,1160.6528237832955,97.4972059180231,249.83461511667688,34.80207750153225,926.3097381911489,0.0,97.49720591802306,133.2860722166192,0.0,0.0,19.306578071169989,73.17953396253142,20.408344768893408,-381.573665451976,19.305514319672587,2.496933709159748,19.531654993370574,-95.79436354914742,17.551041428144474,8.895151345971613,19.9747428401663,-160.82842851405713,18.14707592519357,96.43442690063694,17.356166634068967,37.58612770520017,17.91041906417499,57.02998469456588,211.2108704633356,-13.130855337191406,0.0,0.0,0.0,0.0,0.0,0.0,0.0,0.0,0.0,0.0,0.0,0.0,0.0,0.0,0.0,0.0,0.0,0.0,0.0,0.0,0.0,0.0,0.38169259433276539,0.11651178093185757,196.48880460976714,232.31890164612319,2388.8602800878345,0.0,0.0,191.24301992264325,225.87881788394584,2429.9037424852097,0.42982415240562446,0.0812214951635723,155.8658309716376,184.3613072764277,1862.7022238322464,0.0801146954350925,0.015138831336941134,73.28544287386042,86.67116478745889,878.030314679381,0.0,0.0,6.2712335543155979,7.4624853034536759,53.72023614802515,0.0,0.0,65.44899255397756,77.35295437362709,816.0377005198192,0.0,0.0,186.3283090227929,221.12402580435959,1882.3443317568975,0.0,0.0,22.253357056887955,26.49868925832682,181.65272880820064,0.0,0.0,87.69558667065836,104.24521729685124,803.106367810926,21.94164678324591,15.04914045490118,234.9195181846349,278.2600553859321,2838.6836001717626,0.0,0.0,102.02297500231723,121.05691533805239,1043.0773547059023,0.0,19.47041776966903,44.68606186753416,22.0,30.0,0.0,19.76204670973178,44.12394323686951,16.0,30.0,0.0,19.36019453555662,44.907083631447267,22.0,30.0,0.0,19.385648671525798,45.08128360520018,16.0,30.0,0.0,17.644580455373434,49.35910403229934,12.0,30.0,0.0,19.62234863579418,43.73923816854473,16.0,30.0,0.0,18.419951305674667,47.192789361746708,10.0,30.0,0.0,17.44173595547165,50.049301884754097,12.0,30.0,0.0,17.942776106429784,48.51804300964356,12.0,30.0,0.0,18.929464702260604,0.0,0.0,0.0,18.46804487818084,0.0,0.0,536.8080208055293,527.0964944104658,545.7647201315176,532.9528588278228,597.4552882752272,583.0567283320165,580.5834491288078,591.0882139414106,588.4895816370088,0.0,82.2246185878505,82.2246185878505,60.0,0.0,60.0,60.0,16.0,16.0,16.0,12.0,12.0,12.0,21.0,10.0,0.0,0.0,0.0,0.0,0.0,0.0,0.0,0.0,0.0,0.0,0.0,0.0,0.0,82.2246185878505,82.2246185878505,0.0,0.0,0.0,82.2246185878505,0.0,0.0,0.0009633333333333333 
 03/30  11:30:00,13.64,70.0,3.23,258.0,368.0,0.0,0.0,0.0,0.0,0.0,0.0,0.0,0.0,0.0,0.0,800.0,0.0,1224.405574687137,98.05457167104399,251.26289508403637,36.713679186411,977.1901997264242,0.0,98.05457167104393,134.0480334575462,0.0,0.0,19.300694202277808,69.93316148698068,20.516584094656,-345.5914367934538,19.294510881003658,5.52029410168052,19.548042604410477,-38.396482962728217,17.57815112686201,9.633891810045555,20.096555198630076,-171.02166420187678,18.18763586536221,106.42835067696615,17.371778473306834,45.95722821311756,17.968891017000496,68.87770394973359,185.31243356155665,-39.764595456914779,0.0,0.0,0.0,0.0,0.0,0.0,0.0,0.0,0.0,0.0,0.0,0.0,0.0,0.0,0.0,0.0,0.0,0.0,0.0,0.0,0.0,0.0,0.32241078720108559,0.09841599120912259,190.08901615851173,224.72777847274987,2228.6631645298468,0.0,0.0,185.15925192510407,218.61738229654814,2304.7059443005889,0.41679437397308435,0.07875932992688671,140.62602758047073,166.3261213975611,1617.6560751460459,0.08302110700374904,0.015688039872212589,34.451076578412358,40.7374583314625,400.4798600859532,0.0,0.0,6.351633457927832,7.5569477506290749,51.982808240909339,0.0,0.0,66.71967350264919,78.82365965666273,815.3939518071111,0.0,0.0,184.97354282437568,219.45756064930897,1809.6809007359994,0.0,0.0,22.928563885804889,27.298523426434984,178.3154541071873,0.0,0.0,84.67920775753518,100.62827989504194,750.5792555808266,21.84967545808647,14.986059984970149,187.05451328643748,221.5761085303954,2201.1527271276479,0.0,0.0,99.30529704876591,117.75095083194599,1007.6667697360373,0.0,19.479581306111894,44.857974621312397,22.0,30.0,0.0,19.85837796205608,43.8017314901271,16.0,30.0,0.0,19.359858536902324,45.01744530243561,22.0,30.0,0.0,19.42469644228323,44.910766236831268,16.0,30.0,0.0,17.679033952430335,49.29966697855595,12.0,30.0,0.0,19.724578592137175,43.520005605284499,16.0,30.0,0.0,18.485945888181715,47.041135660927597,10.0,30.0,0.0,17.474302173755054,49.992655851589187,12.0,30.0,0.0,18.021392929459446,48.32303426442536,12.0,30.0,0.0,18.895855156379068,0.0,0.0,0.0,18.656594172672614,0.0,0.0,530.7050397199715,531.4060415476585,537.6859433457897,537.5762733115328,592.9825220652247,579.3045790391117,575.9485394577196,586.6964313208372,584.6327389789846,0.0,82.2246185878505,82.2246185878505,60.0,0.0,60.0,60.0,16.0,16.0,16.0,12.0,12.0,12.0,21.0,10.0,0.0,0.0,0.0,0.0,0.0,0.0,0.0,0.0,0.0,0.0,0.0,0.0,0.0,82.2246185878505,82.2246185878505,0.0,0.0,0.0,82.2246185878505,0.0,0.0,0.0009366666666666668 
 03/30  11:40:00,13.863333333333334,69.33333333333333,3.286666666666667,247.0,411.0,0.0,0.0,0.0,0.0,0.0,0.0,0.0,0.0,0.0,0.0,800.0,0.0,1379.1217852692253,97.11621075020331,248.85852996672697,41.35278262202067,1100.6677017027642,0.0,97.11621075020325,132.76522293715463,0.0,0.0,19.32388024111887,93.62658866370293,20.64127388602241,-416.9561087402999,19.287383869017569,12.830358363229607,19.548995037665919,-62.06842856372032,17.61723120789048,10.238544297087856,20.264306464316719,-181.39328290017193,18.225977859449097,111.45337806749194,17.391986434116704,54.21874623988674,18.028056535282219,81.17852079263048,193.19187862464606,-63.58512951810053,0.0,0.0,0.0,0.0,0.0,0.0,0.0,0.0,0.0,0.0,0.0,0.0,0.0,0.0,0.0,0.0,0.0,0.0,0.0,0.0,0.0,0.0,0.28277730549726795,0.08631785882089986,208.94600853520169,246.96107749763474,2381.916951463241,0.0,0.0,205.13609818219369,242.14722262263423,2481.9669467195014,0.3944001770348794,0.07452762226660612,167.16008425146053,197.69396441351453,1848.41425723276,0.07696372986192116,0.014543410782675952,55.02720997758211,65.06513136557325,613.9522190840567,0.0,0.0,6.339176818149512,7.540572658366684,49.62916653326909,0.0,0.0,67.91398565866445,80.19586792089015,816.8420301319915,0.0,0.0,184.02222517668239,218.27444470786856,1738.9516064531666,0.0,0.0,23.503036488088445,27.977588759011437,173.9871588412133,0.0,0.0,83.13169503524482,98.7581500008293,712.5498805801237,21.8010485223474,14.95270817719301,230.1486316858397,272.53642281227578,2580.8305197304205,0.0,0.0,98.11584889351865,116.25935276848358,988.6855082445604,0.0,19.54452610031785,44.62770164273998,22.0,30.0,0.0,19.90895741613845,43.792944340069379,16.0,30.0,0.0,19.365113420616586,45.12747794787575,22.0,30.0,0.0,19.421026864489755,45.041700809664778,16.0,30.0,0.0,17.726893232096974,49.19863542626434,12.0,30.0,0.0,19.85402350076055,43.21283941707028,16.0,30.0,0.0,18.544298292102189,46.950601892992967,10.0,30.0,0.0,17.5126816872746,49.92641896236367,12.0,30.0,0.0,18.100743458646936,48.13496535079168,12.0,30.0,0.0,18.97462808557654,0.0,0.0,0.0,18.84830640762021,0.0,0.0,534.0921935366041,530.6685353061151,534.4819111907051,535.4955857256672,588.5626479650913,574.9573404823716,571.8353030262339,582.898274427522,580.9639534565455,0.0,82.2246185878505,82.2246185878505,60.0,0.0,60.0,60.0,16.0,16.0,16.0,12.0,12.0,12.0,21.0,10.0,0.0,0.0,0.0,0.0,0.0,0.0,0.0,0.0,0.0,0.0,0.0,0.0,0.0,82.2246185878505,82.2246185878505,0.0,0.0,0.0,82.2246185878505,0.0,0.0,0.0009099999999999999 
 03/30  11:50:00,14.086666666666666,68.66666666666667,3.3433333333333334,236.0,454.0,0.0,0.0,0.0,0.0,0.0,0.0,0.0,0.0,0.0,0.0,800.0,0.0,1489.773150285624,96.03718013886726,246.0937054126202,44.67062467660907,1188.977537147132,0.0,96.03718013886722,131.2901062850179,0.0,0.0,19.339722377456398,98.24775278507696,20.78388661998848,-427.1658321556415,19.287634350532934,25.516029124557464,19.560976834912695,-43.955791468465807,17.65940420068143,10.870656233038062,20.437410959125498,-197.37588620650105,18.27457379304814,122.4292772507697,17.416728450199306,62.60307454039071,18.08775763989948,92.27966010396358,181.2671597899389,-88.99388877921774,0.0,0.0,0.0,0.0,0.0,0.0,0.0,0.0,0.0,0.0,0.0,0.0,0.0,0.0,0.0,0.0,0.0,0.0,0.0,0.0,0.0,0.0,0.22033240724250933,0.06725653456731054,210.1581586370907,248.34318662626343,2318.1115328434309,0.0,0.0,206.85852218342016,244.08896123031429,2448.960943853149,0.38406518669180447,0.07257467624561689,174.03913505259934,205.81055266193847,1852.0292213862122,0.07666228816365652,0.0144864490105171,44.04510472059623,52.07331730723827,473.8332697691365,0.0,0.0,6.417839736321111,7.632430662041294,48.027744329266088,0.0,0.0,69.7768513900461,82.35227499347838,827.183292913575,0.0,0.0,183.81356451856539,217.9614578903682,1682.2756546585557,0.0,0.0,24.032704284660356,28.602591678077475,169.17137126705235,0.0,0.0,81.04703983571928,96.25145630913727,670.9130207059786,21.761186414765559,14.92536791136184,218.56182700932107,258.78706100540827,2361.496669232795,0.0,0.0,96.28811756891277,114.00987009582686,965.1727354925254,0.0,19.586289596353855,44.63859254991387,22.0,30.0,0.0,20.004249927944167,43.60970627961048,16.0,30.0,0.0,19.382483997847964,45.08344203032477,22.0,30.0,0.0,19.444075840472985,45.02930734613319,16.0,30.0,0.0,17.779567519063254,49.09144139956773,12.0,30.0,0.0,19.993931244397943,42.911783060960868,16.0,30.0,0.0,18.62086953443388,46.75398114235508,10.0,30.0,0.0,17.556377432395484,49.83933154833187,12.0,30.0,0.0,18.179596217255697,47.94898731029756,12.0,30.0,0.0,18.990507485716014,0.0,0.0,0.0,19.048854566912828,0.0,0.0,533.168224330533,525.9420492918279,535.7208007909509,533.1137714867069,584.1633280593633,570.9151811925011,569.3365203938373,578.6147371971596,576.6882994860425,0.0,82.2246185878505,82.2246185878505,60.0,0.0,60.0,60.0,16.0,16.0,16.0,12.0,12.0,12.0,21.0,10.0,0.0,0.0,0.0,0.0,0.0,0.0,0.0,0.0,0.0,0.0,0.0,0.0,0.0,82.2246185878505,82.2246185878505,0.0,0.0,0.0,82.2246185878505,0.0,0.0,0.0008733333333333334 
 03/30  12:00:00,14.31,68.0,3.4,225.0,497.0,0.0,0.0,0.0,0.0,0.0,0.0,0.0,0.0,0.0,0.0,800.0,0.0,1603.7594706743485,94.91095293617967,243.20793990019164,48.08846326864516,1279.9489597436203,0.0,94.91095293617961,129.75046831430567,0.0,0.0,19.373267445994367,116.57704964584628,20.924891990064386,-481.9670302723971,19.29198332213606,35.205300538659688,19.57117559079372,-46.00452503368638,17.706292405198285,11.592744463486469,20.6240699619674,-212.72045321494034,18.325389255498036,130.356477060428,17.44581079355618,71.4614617311936,18.14999320685738,105.98010165194364,180.30670021435436,-112.85488362737215,0.0,0.0,0.0,0.0,0.0,0.0,0.0,0.0,0.0,0.0,0.0,0.0,0.0,0.0,0.0,0.0,0.0,0.0,0.0,0.0,0.0,0.0,0.1627242768879148,0.049671635191671188,223.44858834975515,263.96930439062199,2396.0806123814897,0.0,0.0,221.13994780585348,260.86033255884805,2551.2711937461924,0.37215982979518205,0.07032498673378349,189.27697512571943,223.80080519630082,1936.9425738892388,0.07437029277005133,0.014053343304998358,47.8178797609588,56.52789374010222,494.2820877439067,0.0,0.0,6.453049974992377,7.672451860889994,46.12939341007603,0.0,0.0,71.66303800744544,84.53083278580819,839.0020015864473,0.0,0.0,184.76312946962026,219.0191751740964,1636.1386008090333,0.0,0.0,24.556731888628787,29.219993087199279,164.19201296871226,0.0,0.0,80.58476755633845,95.67099640544766,644.0504171202015,21.747878284747203,14.916240250169553,236.4571666685665,279.9131387014205,2449.332674063476,0.0,0.0,96.1589305441991,113.7726136757028,959.6148672513666,0.0,19.659604816320046,44.51135922978471,22.0,30.0,0.0,20.07820739612487,43.51234310956866,16.0,30.0,0.0,19.404356700288834,45.12903018472212,22.0,30.0,0.0,19.458911988605349,45.081133360820199,16.0,30.0,0.0,17.83743307443231,48.96463724642929,12.0,30.0,0.0,20.146931784596437,42.544401258756298,16.0,30.0,0.0,18.697781672229266,46.60365552064555,10.0,30.0,0.0,17.605301393970536,49.75686833312708,12.0,30.0,0.0,18.2620933904528,47.766550180216338,12.0,30.0,0.0,19.0452475999412,0.0,0.0,0.0,19.253727396716035,0.0,0.0,528.3994543419561,524.1922589814426,534.2666898459464,530.557948294147,580.1725636121378,567.8442707776518,565.9850080466214,574.3893034391712,572.7843141376708,0.0,82.2246185878505,82.2246185878505,60.0,0.0,60.0,60.0,16.0,16.0,16.0,12.0,12.0,12.0,21.0,10.0,0.0,0.0,0.0,0.0,0.0,0.0,0.0,0.0,0.0,0.0,0.0,0.0,0.0,82.2246185878505,82.2246185878505,0.0,0.0,0.0,82.2246185878505,0.0,0.0,0.0008366666666666668 
 03/30  12:10:00,14.586666666666668,67.16666666666667,3.45,214.0,540.0,0.0,0.0,0.0,0.0,0.0,0.0,0.0,0.0,0.0,0.0,800.0,0.0,1720.4404357026893,93.72776648881404,240.17621610101066,51.58709886006484,1373.0709428795845,0.0,93.72776648881399,128.1329627377674,0.0,0.0,19.403962854654919,124.01483795416243,21.08368693996525,-507.7580707222605,19.30397061460843,50.55598054347229,19.588809465714914,-32.858726429626589,17.757883316969534,12.357006483120415,20.822309651990595,-230.80590498715493,18.383497334255293,140.79021582480346,17.479013052351996,80.60044687138884,18.214561748901639,119.38812211140157,168.1717564072551,-137.82851634668487,0.0,0.0,0.0,0.0,0.0,0.0,0.0,0.0,0.0,0.0,0.0,0.0,0.0,0.0,0.0,0.0,0.0,0.0,0.0,0.0,0.0,0.0,0.06424923761436829,0.019612099393885319,225.40138538519927,266.19730856744567,2317.7206754094015,0.0,0.0,223.62301634458476,263.6797327614663,2500.2955928229268,0.3607952720238968,0.06817748904457613,195.7810730277508,231.4448374370386,1907.465653359571,0.07365655551119177,0.013918472318819302,38.4812717039277,45.48285783710207,378.78381177445206,0.0,0.0,6.533870932043097,7.76625334780693,43.88287779783982,0.0,0.0,73.59450947002708,86.75378947419766,844.3467496245457,0.0,0.0,186.1141011126814,220.53665178689654,1576.97364260626,0.0,0.0,25.076143558841836,29.830254839468429,156.3491387272193,0.0,0.0,80.07287066214832,95.02820945606382,608.897821040688,21.68824684048477,14.875340768508077,226.4599672885976,268.02606377661007,2230.55115913345,0.0,0.0,95.93074675725689,113.41075239516734,944.3572776754692,0.0,19.72001345898918,44.44395208995995,22.0,30.0,0.0,20.179043673405894,43.26201749367918,16.0,30.0,0.0,19.438142263404126,45.11267374136357,22.0,30.0,0.0,19.48870240349442,45.005557259475747,16.0,30.0,0.0,17.900445592143567,48.825845027316528,12.0,30.0,0.0,20.309741959899989,42.18268788434489,16.0,30.0,0.0,18.7856994101212,46.404591765991209,10.0,30.0,0.0,17.65889000826924,49.635625787147699,12.0,30.0,0.0,18.34724841575403,47.556826814760167,12.0,30.0,0.0,19.0747867131237,0.0,0.0,0.0,19.46678602404683,0.0,0.0,526.581266949196,525.6097404140537,529.980942017812,531.8937042473425,576.3677954877671,564.5071559490775,562.2118675176641,571.153807834695,569.7572275463873,0.0,82.2246185878505,82.2246185878505,60.0,0.0,60.0,60.0,16.0,16.0,16.0,12.0,12.0,12.0,21.0,10.0,0.0,0.0,0.0,0.0,0.0,0.0,0.0,0.0,0.0,0.0,0.0,0.0,0.0,82.2246185878505,82.2246185878505,0.0,0.0,0.0,82.2246185878505,0.0,0.0,0.0007999999999999999 
 03/30  12:20:00,14.863333333333334,66.33333333333334,3.5000000000000006,203.0,583.0000000000001,0.0,0.0,0.0,0.0,0.0,0.0,0.0,0.0,0.0,0.0,800.0,0.0,1839.158049204112,92.4768794258873,236.97100878316557,55.146801625143179,1467.818345402091,0.0,92.47687942588726,126.4229052870516,0.0,0.0,19.446869339270955,139.78530904876789,21.244972353211567,-558.4100739899277,19.31925316433152,62.01715210086604,19.612260336511967,-21.669606238153393,17.814144004948696,13.159428380116765,21.032131380550085,-249.32536523545924,18.444941460020944,149.68424276820498,17.516612012821584,90.16995770814151,18.28272945341361,134.88040487429135,161.2141898527516,-162.2234248354307,0.0,0.0,0.0,0.0,0.0,0.0,0.0,0.0,0.0,0.0,0.0,0.0,0.0,0.0,0.0,0.0,0.0,0.0,0.0,0.0,0.0,0.0,0.0,0.0,234.3308312407614,276.64650631257208,2316.201986726623,0.0,0.0,233.40847625974178,275.1062397882397,2522.3036142150979,0.3520211845635982,0.06651949821685532,196.83191892337698,232.63801033195885,1822.3747309600868,0.07307258623957828,0.013808122872180322,29.593584646035656,34.97112033584885,277.22681648663646,0.0,0.0,6.583134625467319,7.822361221497866,41.43603857757938,0.0,0.0,75.60521881036623,89.06430686369659,851.2585369434873,0.0,0.0,188.06234108467536,222.75782729515968,1522.792406384673,0.0,0.0,25.585464770057429,30.427547079630707,148.24883221832355,0.0,0.0,80.46422111680052,95.45539761908971,581.504485997773,21.654001871425785,14.851853135408636,223.7858680884914,264.79280861552015,2093.6524513317128,0.0,0.0,96.64386198883453,114.1614478500624,938.3733087365375,0.0,19.800800454904186,44.24515895112321,22.0,30.0,0.0,20.27032658212921,43.13510565849381,16.0,30.0,0.0,19.474598770862806,45.09497522020972,22.0,30.0,0.0,19.526726160906926,44.90696631687892,16.0,30.0,0.0,17.968511272143645,48.67432932532097,12.0,30.0,0.0,20.48310186424019,41.785447466568097,16.0,30.0,0.0,18.876656039058788,46.20345141404311,10.0,30.0,0.0,17.717648390064939,49.51607059731917,12.0,30.0,0.0,18.43754550760535,47.35069102137212,12.0,30.0,0.0,19.123795615110184,0.0,0.0,0.0,19.680120908213245,0.0,0.0,527.6379715853757,523.5470898998436,528.5067761214737,532.6802971561655,572.5903362481471,560.98248439245,559.4787702034696,567.8721576578082,566.4486100888457,0.0,82.2246185878505,82.2246185878505,60.0,0.0,60.0,60.0,16.0,16.0,16.0,12.0,12.0,12.0,21.0,10.0,0.0,0.0,0.0,0.0,0.0,0.0,0.0,0.0,0.0,0.0,0.0,0.0,0.0,82.2246185878505,82.2246185878505,0.0,0.0,0.0,82.2246185878505,0.0,0.0,0.0007966666666666668 
 03/30  12:30:00,15.14,65.5,3.55,192.0,626.0,0.0,0.0,0.0,0.0,0.0,0.0,0.0,0.0,0.0,0.0,800.0,0.0,1986.0136603129882,93.04443623820338,238.425456044271,59.550206620284928,1585.0223628620339,0.0,93.04443623820333,127.19879847866778,0.0,0.0,19.49051225222652,150.5813905547111,21.427002859939845,-599.0597391940446,19.342480217147008,78.35393678870514,19.64086076795722,-13.395828599293396,17.877751397372813,13.948657201342173,21.262005798227209,-270.58799989524598,18.51279976348055,160.39545625820484,17.55913550116459,99.79934665645874,18.354781596979849,149.32184663694125,152.83661708647743,-186.84863745936446,0.0,0.0,0.0,0.0,0.0,0.0,0.0,0.0,0.0,0.0,0.0,0.0,0.0,0.0,0.0,0.0,0.0,0.0,0.0,0.0,0.0,0.0,0.0,0.0,239.0447652428379,282.11153637558967,2266.2331377637799,0.0,0.0,238.78689346292487,281.3165654996164,2498.87915419489,0.3384226801722444,0.06394986397812633,203.11532854251554,240.00747864855956,1786.7472770747202,0.07137055970857884,0.013486500322860699,24.069360499705,28.43713766743313,214.19415297912415,0.0,0.0,6.6591562774393389,7.909992884838645,39.21454047240102,0.0,0.0,77.68535830262188,91.44919919071552,860.0873034413928,0.0,0.0,189.98557498378958,224.94092063219197,1470.5653061784956,0.0,0.0,26.096450843165369,31.025934105869724,139.98291058210229,0.0,0.0,80.56101896502067,95.53185104692997,552.377174290037,21.633101626307086,14.837518262213369,220.26971304213112,260.566801183614,1951.8976809800359,0.0,0.0,97.0560394391532,114.5531732521411,930.539719151291,0.0,19.87707875046421,44.153623988865529,22.0,30.0,0.0,20.37827788074,42.94450581351496,16.0,30.0,0.0,19.522633674618647,44.98683962260757,22.0,30.0,0.0,19.568611801956565,44.78342158498406,16.0,30.0,0.0,18.044725319154183,48.50112541363937,12.0,30.0,0.0,20.66953582731053,41.367449687037467,16.0,30.0,0.0,18.97707505991245,45.964694940211909,10.0,30.0,0.0,17.781557605457967,49.38027285301623,12.0,30.0,0.0,18.53132011613442,47.133458037817778,12.0,30.0,0.0,19.171337456233116,0.0,0.0,0.0,19.899757461954324,0.0,0.0,525.4815654698186,519.9010476496541,529.2142386225231,533.4564772452488,569.011922912161,558.0938664640644,557.0431110014882,564.2602230169808,562.9585744838055,0.0,82.2246185878505,82.2246185878505,60.0,0.0,60.0,60.0,16.0,16.0,16.0,12.0,12.0,12.0,21.0,10.0,0.0,0.0,0.0,0.0,0.0,0.0,0.0,0.0,0.0,0.0,0.0,0.0,0.0,82.2246185878505,82.2246185878505,0.0,0.0,0.0,82.2246185878505,0.0,0.0,0.0007933333333333334 
 03/30  12:40:00,15.416666666666668,64.66666666666667,3.6000000000000007,189.83333333333332,624.3333333333334,0.0,0.0,0.0,0.0,0.0,0.0,0.0,0.0,0.0,0.0,800.0,0.0,2024.4767079631889,92.27668850742927,236.4581091398655,60.703495507634659,1615.7192363698119,0.0,92.27668850742923,126.14922912409425,0.0,0.0,19.5428069966291,165.56853803799096,21.56877628258244,-639.8654584622418,19.369894983408476,92.49929975838859,19.668939287926933,-9.015244484185246,17.936371649465185,14.934120934126185,21.456863593127559,-289.3235092658215,18.585449265350225,170.93475273906007,17.605742021148126,109.80824624627326,18.430267344099563,165.50287760069114,148.5903633982689,-210.52357140343976,0.0,0.0,0.0,0.0,0.0,0.0,0.0,0.0,0.0,0.0,0.0,0.0,0.0,0.0,0.0,0.0,0.0,0.0,0.0,0.0,0.0,0.0,0.0,0.0,246.52262195791833,290.8215629253717,2244.0176781537059,0.0,0.0,247.07489103697308,290.96677877069257,2492.0401449990956,0.32255812005700587,0.06095202570994066,204.54835284140555,241.63476937170717,1706.9096825099524,0.06939211736374049,0.013112645004486105,25.580107568622286,30.215963646003265,215.3764943452965,0.0,0.0,6.726541967097241,7.987469424885743,36.80817561468781,0.0,0.0,79.86164738820482,93.9479966915019,867.2252232890464,0.0,0.0,192.46176986275268,227.7708481492189,1423.395475899329,0.0,0.0,26.611316084704833,31.627999762713406,131.57496166564429,0.0,0.0,81.25047786750752,96.30906136787709,527.8676847355645,21.62801856553804,14.834031937954764,224.0119316409091,264.91507093583899,1876.8004356545956,0.0,0.0,98.08535786892837,115.67344498709243,927.8799505796333,0.0,19.966573095640518,44.00719828772176,22.0,30.0,0.0,20.467104138194818,42.79932229699403,16.0,30.0,0.0,19.575351751928964,44.952445672219258,22.0,30.0,0.0,19.60846071330122,44.66221595199763,16.0,30.0,0.0,18.115147796370647,48.345656971295159,12.0,30.0,0.0,20.843318197804576,40.978247237099619,16.0,30.0,0.0,19.08350406175705,45.73088354441157,10.0,30.0,0.0,17.850585413825799,49.23135412116441,12.0,30.0,0.0,18.63018911362293,46.902788495429899,12.0,30.0,0.0,19.235356997940636,0.0,0.0,0.0,20.1163527368587,0.0,0.0,521.8088990864409,518.7941955048974,527.0078869707749,534.1543787479341,565.7067976649782,555.3856221762444,554.1585346437294,561.1388723402785,560.0391026272038,0.0,82.2246185878505,82.2246185878505,60.0,0.0,60.0,60.0,16.0,16.0,16.0,12.0,12.0,12.0,21.0,10.0,0.0,0.0,0.0,0.0,0.0,0.0,0.0,0.0,0.0,0.0,0.0,0.0,0.0,82.2246185878505,82.2246185878505,0.0,0.0,0.0,82.2246185878505,0.0,0.0,0.00079 
 03/30  12:50:00,15.693333333333334,63.83333333333333,3.65,187.66666666666667,622.6666666666666,0.0,0.0,0.0,0.0,0.0,0.0,0.0,0.0,0.0,0.0,800.0,0.0,2058.7043082035459,91.4973310757838,234.46100798081444,61.72978599519051,1643.0358382291718,0.0,91.49733107578376,125.08378842824294,0.0,0.0,19.590547411331145,173.05094818001818,21.70854520430754,-658.6210222697046,19.402956091829297,108.85141489002308,19.696421426409658,-5.536553554314423,17.99450045600258,16.091849480622103,21.641635980324354,-304.73432795012379,18.66041309606771,180.24262404296133,17.656276156207853,119.76616656510248,18.509447102033599,181.61896333688538,136.5796444704847,-232.63776342661368,0.0,0.0,0.0,0.0,0.0,0.0,0.0,0.0,0.0,0.0,0.0,0.0,0.0,0.0,0.0,0.0,0.0,0.0,0.0,0.0,0.0,0.0,0.0,0.0,246.67470123836456,290.9009419200951,2145.1614813898997,0.0,0.0,247.74236994413116,291.63189580515498,2409.9451438283306,0.29389363061171688,0.055535455519976757,199.54622903671538,235.6552226828175,1578.0351559582935,0.06993312809367468,0.013214876812863692,11.948364247374047,14.111054625606699,95.13483009783913,0.0,0.0,6.8109121658094609,8.08512641470744,34.39643904620988,0.0,0.0,81.45273240186585,95.75799896565768,865.8482784053575,0.0,0.0,194.91290822633699,230.5684603616458,1374.6093363079186,0.0,0.0,27.137558687560735,32.24275433024173,123.03081335494147,0.0,0.0,82.17779002602501,97.36603714445279,505.0566854952709,21.644126705774565,14.845080045112875,224.63274162106573,265.56161602686577,1778.792723753802,0.0,0.0,99.37158226583782,117.09753130512394,925.7401998498514,0.0,20.041359914465248,43.89482916586249,22.0,30.0,0.0,20.5660795524452,42.58133039968432,16.0,30.0,0.0,19.635707807197706,44.89595470538178,22.0,30.0,0.0,19.64555008022705,44.548175848931638,16.0,30.0,0.0,18.182859618044284,48.20274815555627,12.0,30.0,0.0,21.008417915098027,40.62727360764401,16.0,30.0,0.0,19.190477553908705,45.49104744537355,10.0,30.0,0.0,17.923998200549954,49.06322607989137,12.0,30.0,0.0,18.73341493116132,46.657909247539688,12.0,30.0,0.0,19.304684515762817,0.0,0.0,0.0,20.324572391168489,0.0,0.0,520.5993201425679,519.4723826545218,522.9162417328711,535.7176351051119,562.5242233027087,552.5824932528423,551.2442484170534,558.4319818248396,557.3927238802536,0.0,82.2246185878505,82.2246185878505,60.0,0.0,60.0,60.0,16.0,16.0,16.0,12.0,12.0,12.0,21.0,10.0,0.0,0.0,0.0,0.0,0.0,0.0,0.0,0.0,0.0,0.0,0.0,0.0,0.0,82.2246185878505,82.2246185878505,0.0,0.0,0.0,82.2246185878505,0.0,0.0,0.0008033333333333333 
 03/30  13:00:00,15.97,63.0,3.7,185.5,621.0,0.0,0.0,0.0,0.0,0.0,0.0,0.0,0.0,0.0,0.0,800.0,0.0,2088.6778859761359,90.70477661336928,232.43008519911525,62.62852113068131,1666.9573440128443,0.0,90.70477661336924,124.00030639080069,0.0,0.0,19.64442250419639,185.00896131963783,21.841853775553589,-684.4871794124465,19.43593236162566,118.60767981195204,19.722761947302105,-4.03974823079875,18.052800135099039,17.219702030125349,21.819254836817895,-318.3479475901813,18.735916272573279,188.48146090377578,17.709756564550987,129.02234255869349,18.591686576282606,195.3730377058405,131.99202231801793,-251.81367263053336,0.0,0.0,0.0,0.0,0.0,0.0,0.0,0.0,0.0,0.0,0.0,0.0,0.0,0.0,0.0,0.0,0.0,0.0,0.0,0.0,0.0,0.0,0.0,0.0,251.32718825895507,296.2795260197671,2088.1201595897948,0.0,0.0,253.1294615180981,297.8516130867144,2368.5933727866365,0.25065421584028788,0.047364742222276639,203.07409679487786,239.75417512483146,1515.5191012425726,0.06971705315115073,0.013174046324858411,13.248225470234847,15.64326700551591,98.92724926147192,0.0,0.0,6.863014449846056,8.144463774353295,31.746968076057635,0.0,0.0,82.86842973585178,97.36187061619143,860.8944226455728,0.0,0.0,196.44327909095956,232.27636077471608,1317.2325815692203,0.0,0.0,27.5804184095624,32.757704147016138,113.85766250965614,0.0,0.0,82.63350335390473,97.86281103685264,479.15589898815917,21.66553431093498,14.859762901875849,229.9744787804307,271.7780485930692,1717.4642016930596,0.0,0.0,100.122401442821,117.89299524079599,916.3830596471506,0.0,20.12537619518611,43.71304823252504,22.0,30.0,0.0,20.65886509328452,42.4427410217154,16.0,30.0,0.0,19.692073603478915,44.82985916837659,22.0,30.0,0.0,19.67918037852116,44.47732439910232,16.0,30.0,0.0,18.249189494732677,48.06680376464274,12.0,30.0,0.0,21.167053966323619,40.29045164150971,16.0,30.0,0.0,19.29542542388506,45.25994701571399,10.0,30.0,0.0,17.99994852146862,48.89874733974203,12.0,30.0,0.0,18.83828254380374,46.41954465518888,12.0,30.0,0.0,19.384022081076535,0.0,0.0,0.0,20.522831996990928,0.0,0.0,521.0471932579633,517.6225481279728,521.6756394489186,535.8227974992014,559.4131082715223,549.8533295474623,548.9124946540796,555.6055198980862,554.565780816635,0.0,82.2246185878505,82.2246185878505,60.0,0.0,60.0,60.0,16.0,16.0,16.0,12.0,12.0,12.0,21.0,10.0,0.0,0.0,0.0,0.0,0.0,0.0,0.0,0.0,0.0,0.0,0.0,0.0,0.0,82.2246185878505,82.2246185878505,0.0,0.0,0.0,82.2246185878505,0.0,0.0,0.0008166666666666667 
 03/30  13:10:00,16.126666666666666,62.0,3.71,183.33333333333332,619.3333333333333,0.0,0.0,0.0,0.0,0.0,0.0,0.0,0.0,0.0,0.0,800.0,0.0,2114.3877042805049,89.89725707554655,230.3608103646624,63.399408967691197,1687.4759828639627,0.0,89.8972570755465,122.89636596070192,0.0,0.0,19.699264709167616,194.09251850675356,21.971904514874795,-702.9436487143285,19.47455960641605,134.8034991632412,19.747351998204964,-5.030769295209666,18.111735348609057,18.413490301984156,21.98986675461801,-331.14292129814069,18.813779177813339,197.1061536747129,17.765492228919876,138.07417727474729,18.673001246653088,206.31578698999238,129.55459362600596,-268.4194827420374,0.0,0.0,0.0,0.0,0.0,0.0,0.0,0.0,0.0,0.0,0.0,0.0,0.0,0.0,0.0,0.0,0.0,0.0,0.0,0.0,0.0,0.0,0.0,0.0,254.68587788225279,300.13165712224358,2077.1486199535636,0.0,0.0,257.1053144653555,302.4085837609694,2373.24531272908,0.2716164879926313,0.051325866967617417,215.2884281488269,254.10151435923144,1566.8606509476707,0.06731217925089647,0.012719610591628203,88.87851555446466,104.92175374859923,638.1173330000863,0.0,0.0,6.957606758210202,8.254291292657746,30.90572686720988,0.0,0.0,84.15969805724481,98.82094476464848,873.0909047353366,0.0,0.0,197.7460439121825,233.71555909579969,1305.6768858093245,0.0,0.0,28.072986297831819,33.331515606623899,111.41366190391467,0.0,0.0,82.58367990912955,97.76229366817226,469.9453076361831,22.00274083045398,15.09104309358984,233.54839028587197,275.94760743173898,1687.1393671960219,0.0,0.0,100.49077282651185,118.24323093523589,925.2520650355198,0.0,20.206975511630284,43.59963508370682,22.0,30.0,0.0,20.75377043168275,42.29408048709723,16.0,30.0,0.0,19.75732556383965,44.69800696822134,22.0,30.0,0.0,19.709477129894478,44.719250856791528,16.0,30.0,0.0,18.315055574203094,47.935520190249679,12.0,30.0,0.0,21.319412490541845,39.97741491183765,16.0,30.0,0.0,19.402246986504037,45.02150305115452,10.0,30.0,0.0,18.07798898851692,48.730107690201837,12.0,30.0,0.0,18.942265504865309,46.185696203701798,12.0,30.0,0.0,19.429993466179125,0.0,0.0,0.0,20.71009661117512,0.0,0.0,519.1312923066596,514.5747963114724,521.9568180526735,524.2864861078778,556.4591365219658,547.4400917247455,546.7245100436786,552.6955512801416,551.7577277183084,0.0,82.2246185878505,82.2246185878505,60.0,0.0,60.0,60.0,16.0,16.0,16.0,12.0,12.0,12.0,21.0,10.0,0.0,0.0,0.0,0.0,0.0,0.0,0.0,0.0,0.0,0.0,0.0,0.0,0.0,82.2246185878505,82.2246185878505,0.0,0.0,0.0,82.2246185878505,0.0,0.0,0.00083 
 03/30  13:20:00,16.283333333333336,61.00000000000001,3.7200000000000008,181.16666666666669,617.6666666666667,0.0,0.0,0.0,0.0,0.0,0.0,0.0,0.0,0.0,0.0,800.0,0.0,2135.8327569813984,89.07286372960512,228.24829255112483,64.04241935152453,1704.5909519467446,0.0,89.07286372960508,121.76935775562127,0.0,0.0,19.75651951848991,203.31628297826138,22.09189677439405,-730.3345793730241,19.514266341992206,146.35976303833014,19.775049242722927,1.2340102261618995,18.17148931003428,19.549810139500438,22.15497345530342,-342.32976411521215,18.891788348281897,204.4104260613376,17.82378193528772,146.17545698035679,18.754840190338979,216.9919928389636,126.64672664577665,-283.1073531807456,0.0,0.0,0.0,0.0,0.0,0.0,0.0,0.0,0.0,0.0,0.0,0.0,0.0,0.0,0.0,0.0,0.0,0.0,0.0,0.0,0.0,0.0,0.0,0.0,257.61068363251249,303.4690018320436,2062.3407010262137,0.0,0.0,260.5362789814659,306.34764470363145,2364.9237624001,0.2758251919093023,0.0521211624923096,220.74531809158294,260.46470725226507,1565.1881266691215,0.07046596398928762,0.013315563867968178,98.35896426065567,116.09098408841935,682.2843152661765,0.0,0.0,7.0204136532219369,8.32635768152241,29.893800114691609,0.0,0.0,85.2412033385103,100.03373809065987,882.3291725994118,0.0,0.0,198.95449787753149,235.043369664147,1292.3024045659982,0.0,0.0,28.472284109113514,33.794085392863909,108.53129151478238,0.0,0.0,82.82287825042632,98.0039638798327,462.31286318017507,22.011252748835959,15.096881172041128,236.94668578022755,279.8867612018814,1657.3399330164774,0.0,0.0,101.0364265282684,118.80604173473555,933.5663758617362,0.0,20.289828781362809,43.477495499292647,22.0,30.0,0.0,20.834948426609917,42.022343058273509,16.0,30.0,0.0,19.82136968860287,44.62829432548583,22.0,30.0,0.0,19.745524126360029,44.69279060793255,16.0,30.0,0.0,18.38083035030866,47.80526978683063,12.0,30.0,0.0,21.46727267437537,39.67527163016334,16.0,30.0,0.0,19.506641620015708,44.803523111435328,10.0,30.0,0.0,18.157280051078418,48.55900212815364,12.0,30.0,0.0,19.04592415366337,45.95404008880184,12.0,30.0,0.0,19.48659928751414,0.0,0.0,0.0,20.886109641457297,0.0,0.0,516.0828174592612,517.8102430287933,519.9985847022625,523.3761593379397,553.7012830594329,545.0961532812364,544.2706424958369,550.1351095788903,549.3104158703675,0.0,82.2246185878505,82.2246185878505,60.0,0.0,60.0,60.0,16.0,16.0,16.0,12.0,12.0,12.0,21.0,10.0,0.0,0.0,0.0,0.0,0.0,0.0,0.0,0.0,0.0,0.0,0.0,0.0,0.0,82.2246185878505,82.2246185878505,0.0,0.0,0.0,82.2246185878505,0.0,0.0,0.00085 
 03/30  13:30:00,16.44,60.0,3.73,179.0,616.0,0.0,0.0,0.0,0.0,0.0,0.0,0.0,0.0,0.0,0.0,800.0,0.0,2153.019506682378,88.22958606707864,226.08738004633566,64.55774607497709,1718.3074091570703,0.0,88.2295860670786,120.61653325805904,0.0,0.0,19.808321705792513,207.4690997109683,22.212896559245608,-740.6952089167298,19.555748784306819,158.1547835325,19.80567069123059,7.599385467059619,18.232693086828925,20.658018956587115,22.31457854019456,-353.0952793455417,18.970473870446719,211.52872441718228,17.882976105800965,153.53404541706187,18.836524637358438,226.07417583609914,120.61355274762173,-295.860992750524,0.0,0.0,0.0,0.0,0.0,0.0,0.0,0.0,0.0,0.0,0.0,0.0,0.0,0.0,0.0,0.0,0.0,0.0,0.0,0.0,0.0,0.0,0.0,0.0,254.61134305176558,299.8534811123423,1993.058196234292,0.0,0.0,257.87382022265208,303.0987225669675,2306.5567243644,0.27508714531197067,0.051981697904756377,225.87857030529026,266.4419658059087,1559.611382945599,0.07465301512667747,0.014106767786598156,113.50594135620395,133.93976682969118,760.7430238978441,0.0,0.0,7.095272603242867,8.412652535916659,28.915094161801073,0.0,0.0,86.19784725229749,101.1004205344483,889.4157960592883,0.0,0.0,200.02878302820955,236.2122328690732,1277.5575871379456,0.0,0.0,28.836016597861215,34.214019826169529,105.4637673566023,0.0,0.0,82.94811844322737,98.11123142102746,453.72133895470327,22.014919149742985,15.099395850303834,234.2304873538187,276.62083486727746,1580.725912806486,0.0,0.0,101.42776269604016,119.19073892586539,938.397309030442,0.0,20.358574757595727,43.23625469347383,22.0,30.0,0.0,20.92668916730521,41.88392041582318,16.0,30.0,0.0,19.886271431674424,44.54975250725276,22.0,30.0,0.0,19.785889816203708,44.68398510868389,16.0,30.0,0.0,18.4470637680144,47.67703477156752,12.0,30.0,0.0,21.610296628254166,39.38481194472518,16.0,30.0,0.0,19.61035122293579,44.587019387168087,10.0,30.0,0.0,18.237737849105245,48.38264610830685,12.0,30.0,0.0,19.147817779801917,45.7285275404422,12.0,30.0,0.0,19.528362595668314,0.0,0.0,0.0,21.051638214152726,0.0,0.0,519.0648780412959,514.1501296613026,516.9985094659338,521.4397769467944,551.0355400968279,543.0182833542012,541.7689872818318,547.8117583113605,547.008903998287,0.0,82.2246185878505,82.2246185878505,60.0,0.0,60.0,60.0,16.0,16.0,16.0,12.0,12.0,12.0,21.0,10.0,0.0,0.0,0.0,0.0,0.0,0.0,0.0,0.0,0.0,0.0,0.0,0.0,0.0,82.2246185878505,82.2246185878505,0.0,0.0,0.0,82.2246185878505,0.0,0.0,0.00087 
 03/30  13:40:00,16.596666666666669,59.0,3.74,186.83333333333335,562.1666666666667,0.0,0.0,0.0,0.0,0.0,0.0,0.0,0.0,0.0,0.0,800.0,0.0,2025.5685579561446,85.93584368132899,220.20957276443819,60.736164064550298,1616.5898676535449,0.0,85.93584368132895,117.48081351722458,0.0,0.0,19.869521238207626,218.38016167094976,22.254045462451118,-760.7409994917107,19.593578568300175,163.88148943917259,19.837345925307149,14.73692301149731,18.280311044944633,21.82209594937899,22.40624436812906,-357.3009053357623,19.048170966586157,217.36397242007753,17.942172605976169,159.92074665570045,18.91711523967959,234.53305058202887,121.50533674956023,-306.04880147243969,0.0,0.0,0.0,0.0,0.0,0.0,0.0,0.0,0.0,0.0,0.0,0.0,0.0,0.0,0.0,0.0,0.0,0.0,0.0,0.0,0.0,0.0,0.0,0.0,261.86750388870697,308.28481456004547,2012.0792000658788,0.0,0.0,265.85439194383857,312.4194607163958,2314.034424185593,0.2625615169220881,0.04961479911604086,225.2632992988777,265.6547329907526,1509.419819990419,0.07580730653311989,0.014324887855842756,123.99472483328853,146.28388512062785,802.6584348056125,0.0,0.0,7.1106149254806,8.42880941490397,27.450594243969268,0.0,0.0,87.12827718329435,102.1473338845765,890.0755098274453,0.0,0.0,200.61876282152819,236.81343140152218,1257.9811423191353,0.0,0.0,29.10045717938395,34.51594853603415,101.88590943314405,0.0,0.0,83.13008764816098,98.28599839252937,445.0854965733966,22.012493681899565,15.09773229211219,242.23370520481638,285.9818807199641,1585.6053649476854,0.0,0.0,101.82507170987376,119.58769559280049,940.4743559524508,0.0,20.444276286458704,43.10954813501482,22.0,30.0,0.0,20.963464473544428,41.83492358844915,16.0,30.0,0.0,19.942040026440635,44.34200104136325,22.0,30.0,0.0,19.828957795649545,44.668129890733847,16.0,30.0,0.0,18.497263033611899,47.59901514100208,12.0,30.0,0.0,21.71746003593382,39.19279494039309,16.0,30.0,0.0,19.71009630935138,44.349684579718637,10.0,30.0,0.0,18.317281939510765,48.217072750077239,12.0,30.0,0.0,19.24772539339916,45.51641986973876,12.0,30.0,0.0,19.60184914923279,0.0,0.0,0.0,21.20304180444483,0.0,0.0,515.3866830333647,512.9473586784711,519.7702647762335,518.3353612098745,548.4275175253982,540.4183053082915,540.5935736189266,545.4025723870999,544.5906489880185,0.0,82.2246185878505,82.2246185878505,60.0,0.0,60.0,60.0,16.0,16.0,16.0,12.0,12.0,12.0,21.0,10.0,0.0,0.0,0.0,0.0,0.0,0.0,0.0,0.0,0.0,0.0,0.0,0.0,0.0,82.2246185878505,82.2246185878505,0.0,0.0,0.0,82.2246185878505,0.0,0.0,0.0008900000000000001 
 03/30  13:50:00,16.753333333333335,58.0,3.75,194.66666666666667,508.3333333333333,0.0,0.0,0.0,0.0,0.0,0.0,0.0,0.0,0.0,0.0,800.0,0.0,1921.9330042533425,85.83433699367086,219.94924969515109,57.62867465532762,1533.8791344323557,0.0,85.83433699367082,117.34204617949135,0.0,0.0,19.894542912249727,202.09544163124338,22.298134421703435,-724.235946395429,19.638402947173618,178.93750331072443,19.870909894953436,18.652257834960439,18.324535294368688,23.21075529295007,22.475758875782895,-356.19500162251509,19.122478150453106,221.12916930629945,18.00261926721288,165.86789936285687,18.99675952301547,239.85999225137813,116.40804394049883,-312.0396461070559,0.0,0.0,0.0,0.0,0.0,0.0,0.0,0.0,0.0,0.0,0.0,0.0,0.0,0.0,0.0,0.0,0.0,0.0,0.0,0.0,0.0,0.0,0.0,0.0,261.92781956737817,308.325662172749,1935.4271391376897,0.0,0.0,254.08040649062964,298.4946383419267,2166.074934560131,0.2682810645202592,0.05069559042332942,233.88109489222678,275.73279063933458,1524.9682934474909,0.07760670497635346,0.014664910237406166,125.81705044406687,148.40614255757965,785.3681310262386,0.0,0.0,7.194178022949929,8.526023017317323,26.12778846370269,0.0,0.0,87.25734092388589,102.2633151599819,878.3535572766601,0.0,0.0,200.84042781725095,236.98419235530586,1232.6300280837168,0.0,0.0,29.414403890451568,34.87641034775867,98.36699621035884,0.0,0.0,82.83078013959447,97.89345337743592,433.1442133129328,22.010619575012738,15.096446896442212,242.13757190417852,285.81256639054569,1523.9484378424805,0.0,0.0,101.74865733286774,119.43683838469231,934.2685788809117,0.0,20.45369682745759,43.133802340349138,22.0,30.0,0.0,21.03147780346835,41.70721916288817,16.0,30.0,0.0,20.00951509983164,44.25948275807687,22.0,30.0,0.0,19.87067043175755,44.51061548830752,16.0,30.0,0.0,18.540419337290478,47.536254577137778,12.0,30.0,0.0,21.80058993843986,39.0313471375383,16.0,30.0,0.0,19.801308321598556,44.178005178111408,10.0,30.0,0.0,18.396366107102286,48.05514371159326,12.0,30.0,0.0,19.343072782689509,45.313836721090527,12.0,30.0,0.0,19.643544357184035,0.0,0.0,0.0,21.33485088120241,0.0,0.0,514.0850071942203,511.12390074021797,516.1465262028768,520.613564978239,546.1269684186098,539.0884289010096,537.8373940353453,542.9283010903715,542.3249046167887,0.0,82.2246185878505,82.2246185878505,60.0,0.0,60.0,60.0,16.0,16.0,16.0,12.0,12.0,12.0,21.0,10.0,0.0,0.0,0.0,0.0,0.0,0.0,0.0,0.0,0.0,0.0,0.0,0.0,0.0,82.2246185878505,82.2246185878505,0.0,0.0,0.0,82.2246185878505,0.0,0.0,0.00092 
 03/30  14:00:00,16.91,57.0,3.76,202.5,454.5,0.0,0.0,0.0,0.0,0.0,0.0,0.0,0.0,0.0,0.0,800.0,0.0,1812.5009100111407,85.75952179292635,219.75732691219234,54.347379739984138,1446.5422542310758,0.0,85.75952179292631,117.23976812797757,0.0,0.0,19.958330460491227,223.64995620660376,22.301780438577337,-742.137636544081,19.66299391438187,163.73040921597568,19.908444670483904,26.58868135616376,18.36492209907705,24.133135081658453,22.52359011802623,-350.79881979553559,19.18616914969312,220.3117399019793,18.0615768140296,169.29981207703418,19.0740105690099,242.9965772494984,118.18685909171109,-314.38360103778089,0.0,0.0,0.0,0.0,0.0,0.0,0.0,0.0,0.0,0.0,0.0,0.0,0.0,0.0,0.0,0.0,0.0,0.0,0.0,0.0,0.0,0.0,0.0,0.0,262.2241286242007,308.55782200288737,1902.9346907244636,0.0,0.0,267.04572467970118,313.7030538816211,2196.462105439782,0.21859386250340186,0.04130647439595653,221.58154611638538,261.19377964800949,1385.5677168974747,0.07386281575456379,0.013957448177355208,138.39440668949349,163.20222986316953,833.5582561128227,0.0,0.0,7.117935420182418,8.434024208893039,24.134082257704067,0.0,0.0,87.14284772626029,102.0996191662966,860.9683807409425,0.0,0.0,199.1150219314757,234.87640157675177,1187.4104595504196,0.0,0.0,29.42710703473052,34.88032940506509,93.49923073671484,0.0,0.0,82.30818212101383,97.23957800534409,419.2297275802046,21.975221149435734,15.072168140902427,243.48713261988505,287.3215554316595,1485.2313833396777,0.0,0.0,101.27211980931119,118.82446462471754,920.20519793986,0.0,20.54539438589807,42.93921361012531,22.0,30.0,0.0,21.037732808186857,41.688034612144189,16.0,30.0,0.0,20.033534260751133,44.24362038565179,22.0,30.0,0.0,19.918706949451236,44.47920949170906,16.0,30.0,0.0,18.57727698826951,47.49387043137291,12.0,30.0,0.0,21.86479414624092,38.94517173655904,16.0,30.0,0.0,19.871865527387347,44.03379317796367,10.0,30.0,0.0,18.470464877484994,47.88617889396697,12.0,30.0,0.0,19.432814140357359,45.11473403749963,12.0,30.0,0.0,19.713855994545829,0.0,0.0,0.0,21.445370759235414,0.0,0.0,512.2461651140212,510.83722632262399,514.8344494894097,517.076704461271,543.8379985926819,536.4476899121828,536.2582497549086,541.2844803005957,540.5852145869088,0.0,82.2246185878505,82.2246185878505,60.0,0.0,60.0,60.0,16.0,16.0,16.0,12.0,12.0,12.0,21.0,10.0,0.0,0.0,0.0,0.0,0.0,0.0,0.0,0.0,0.0,0.0,0.0,0.0,0.0,82.2246185878505,82.2246185878505,0.0,0.0,0.0,82.2246185878505,0.0,0.0,0.0009499999999999999 
 03/30  14:10:00,16.94,56.83333333333333,3.7683333333333337,210.33333333333335,400.66666666666665,0.0,0.0,0.0,0.0,0.0,0.0,0.0,0.0,0.0,0.0,800.0,0.0,1698.0156457153988,85.71629934114492,219.64636490132836,50.914569078155867,1355.1725048254778,0.0,85.71629934114488,117.1806797594928,0.0,0.0,19.963902390031934,192.80385175238917,22.31840532089572,-682.1661920781826,19.706233941626608,187.14124289978464,19.940148764088919,22.556282605603884,18.402415137575518,25.302686114378106,22.549491201820133,-346.1934116934963,19.252693492270497,223.72219702372878,18.119748207705347,172.73507275608655,19.144045312105388,238.1118054589092,116.54412448050243,-312.15509715069268,0.0,0.0,0.0,0.0,0.0,0.0,0.0,0.0,0.0,0.0,0.0,0.0,0.0,0.0,0.0,0.0,0.0,0.0,0.0,0.0,0.0,0.0,0.0,0.0,262.4780360799365,308.8723983424127,1872.338652636482,0.0,0.0,247.01863851535738,290.0998041123273,2046.6262994106454,0.2566351569906136,0.048494927624832529,234.87616068574008,276.7858603309669,1484.0252936937396,0.07689493313089212,0.014530410644537433,129.08192915451856,152.19216180371863,778.4299884391287,0.0,0.0,7.236335423684423,8.572736873870558,24.566880540363579,0.0,0.0,86.87298992453177,101.76176371595538,860.2693696556456,0.0,0.0,197.62918258781594,233.04595995066189,1196.3331876374812,0.0,0.0,29.62836109943495,35.10767005699539,96.57201151714888,0.0,0.0,80.15041646111702,94.6589734819669,415.393462995187,22.086842114525479,15.148725730127218,242.93341889633,286.6277693658761,1476.9297563867108,0.0,0.0,99.2205186444656,116.37220134781134,913.6896329996185,0.0,20.51324435397247,43.02236096349966,22.0,30.0,0.0,21.099114253064277,41.52434743791467,16.0,30.0,0.0,20.096684432850596,44.121479953611437,22.0,30.0,0.0,19.952765368530018,44.43147082887726,16.0,30.0,0.0,18.609717548779387,47.46315307201316,12.0,30.0,0.0,21.907198404441006,38.88408313281755,16.0,30.0,0.0,19.9478357372962,43.892889040716138,10.0,30.0,0.0,18.541842574531498,47.7452581789485,12.0,30.0,0.0,19.50821250575036,44.97018819312399,12.0,30.0,0.0,19.73319996390266,0.0,0.0,0.0,21.538565400074075,0.0,0.0,511.88703957529875,510.45679529003726,512.9780516450959,515.8426530788588,541.652019933939,534.9351826088139,533.9637123298827,538.955907174584,538.3366276460507,0.0,82.2246185878505,82.2246185878505,60.0,0.0,60.0,60.0,16.0,16.0,16.0,12.0,12.0,12.0,21.0,10.0,0.0,0.0,0.0,0.0,0.0,0.0,0.0,0.0,0.0,0.0,0.0,0.0,0.0,82.2246185878505,82.2246185878505,0.0,0.0,0.0,82.2246185878505,0.0,0.0,0.00098 
 03/30  14:20:00,16.970000000000004,56.66666666666667,3.776666666666667,218.16666666666667,346.8333333333333,0.0,0.0,0.0,0.0,0.0,0.0,0.0,0.0,0.0,0.0,800.0,0.0,1510.5628167550454,84.82967218537798,217.3742331556654,45.29386548491557,1205.5681631204587,0.0,84.82967218537793,115.96859321813969,0.0,0.0,20.03278936795644,224.28798977255975,22.258067497794039,-706.7389440815769,19.71904832191808,158.3187822210275,19.974974436362328,30.25497092718888,18.429945787308456,25.94318710607166,22.533089059294498,-333.3575396545666,19.303257842892444,218.04980987843192,18.174312478768344,173.30754569935676,19.212425753519349,240.07607676037834,124.97943899847815,-310.5682875210955,0.0,0.0,0.0,0.0,0.0,0.0,0.0,0.0,0.0,0.0,0.0,0.0,0.0,0.0,0.0,0.0,0.0,0.0,0.0,0.0,0.0,0.0,0.0,0.0,261.9830365115628,308.16320204515866,1906.4773603148952,0.0,0.0,267.42835661541059,314.0881935188617,2178.658718714667,0.20584520703836724,0.03889743141314575,214.47565458003684,252.73111198811587,1341.6724284008906,0.07173321363857129,0.01355502903223191,138.1187124654953,162.81140127551806,836.2456668409367,0.0,0.0,7.094765222367395,8.403840413599184,23.93755181909675,0.0,0.0,86.29613756895844,101.07259601513266,852.3343202253678,0.0,0.0,195.29591298910789,230.24312006537978,1188.045423005467,0.0,0.0,29.43534371660565,34.86884374506899,97.90571636161049,0.0,0.0,79.97728590385329,94.42372963078239,421.4569405430321,22.146956771172346,15.189956633177197,243.7593260202908,287.5206513249999,1499.0913011345286,0.0,0.0,99.02992843106267,116.1128131244842,919.3973331042706,0.0,20.61683544181107,42.7465748846653,22.0,30.0,0.0,21.05915132614354,41.69041652324623,16.0,30.0,0.0,20.09589683331494,44.1224343060181,22.0,30.0,0.0,19.995628592458407,44.36730243107094,16.0,30.0,0.0,18.629484435102357,47.46905697292406,12.0,30.0,0.0,21.92479808161921,38.897418297201209,16.0,30.0,0.0,19.993437706881055,43.807066405454708,10.0,30.0,0.0,18.605507134488314,47.61518235933747,12.0,30.0,0.0,19.582517934525407,44.82033622684834,12.0,30.0,0.0,19.79635787019083,0.0,0.0,0.0,21.607840980643876,0.0,0.0,511.38550398567369,508.06835241756229,512.5952531539999,513.8891439566371,539.5301163846783,532.7309063847583,532.5667810574902,537.0948314799778,536.4369051774414,0.0,82.2246185878505,82.2246185878505,60.0,0.0,60.0,60.0,16.0,16.0,16.0,12.0,12.0,12.0,21.0,10.0,0.0,0.0,0.0,0.0,0.0,0.0,0.0,0.0,0.0,0.0,0.0,0.0,0.0,82.2246185878505,82.2246185878505,0.0,0.0,0.0,82.2246185878505,0.0,0.0,0.0009766666666666668 
 03/30  14:30:00,17.0,56.5,3.785,226.0,293.0,0.0,0.0,0.0,0.0,0.0,0.0,0.0,0.0,0.0,0.0,800.0,0.0,1394.523701307574,84.75136364585387,217.17338098820816,41.8144657518048,1112.9583277959724,0.0,84.75136364585383,115.86153950766759,0.0,0.0,20.011173089393418,173.8369524449845,22.2437981837875,-618.5395164481779,19.76266599794691,191.47514587486149,20.001600300665016,20.93930563750746,18.459088516661873,26.953856528933046,22.513795630851658,-324.2404908078356,19.358982291839256,219.8279875821645,18.22766797575602,174.5526133111582,19.271144778311787,227.6844827781515,121.02295278136444,-302.50304127389566,0.0,0.0,0.0,0.0,0.0,0.0,0.0,0.0,0.0,0.0,0.0,0.0,0.0,0.0,0.0,0.0,0.0,0.0,0.0,0.0,0.0,0.0,0.0,0.0,261.96535576511277,308.21111054782457,1845.3346091237766,0.0,0.0,236.03714847368534,277.15266325290687,1932.563217321389,0.2565572523780049,0.04848020642063587,234.6438829366338,276.4194382217111,1483.8555456148327,0.07440007414781848,0.014058970927403336,121.37661463370621,143.05636408284938,733.2396606525753,0.0,0.0,7.2402599411648549,8.574985345298785,24.275052665456238,0.0,0.0,85.42819577229912,100.04894423828289,838.7609038826294,0.0,0.0,192.66532151839619,227.08123866425169,1182.1340922712646,0.0,0.0,29.56615605560875,35.01397629321562,100.12461548796915,0.0,0.0,76.64391325031834,90.46478293497563,407.58372475968579,22.241094496995708,15.254522974619832,242.29687040072833,285.777184204776,1475.410017761082,0.0,0.0,95.68359217904028,112.15894519023158,893.6756477646133,0.0,20.52915368884091,43.04709992955665,22.0,30.0,0.0,21.11061881567795,41.59479182862244,16.0,30.0,0.0,20.160504344582848,43.94777891091318,22.0,30.0,0.0,20.01900202450211,44.302709640979987,16.0,30.0,0.0,18.649135578485646,47.471785183625467,12.0,30.0,0.0,21.925598461027279,38.93079197811953,16.0,30.0,0.0,20.05042380195112,43.709618715557997,10.0,30.0,0.0,18.666006893155925,47.5017903042807,12.0,30.0,0.0,19.637245806087987,44.72697918071835,12.0,30.0,0.0,19.796326975285156,0.0,0.0,0.0,21.66717216280117,0.0,0.0,508.9065931519362,506.6969857547242,511.99979648070498,513.5089912745327,537.521426913315,531.2849419430324,530.4924798331794,534.9780314863973,534.4349248411243,0.0,82.2246185878505,82.2246185878505,60.0,0.0,60.0,60.0,16.0,16.0,16.0,12.0,12.0,12.0,21.0,10.0,0.0,0.0,0.0,0.0,0.0,0.0,0.0,0.0,0.0,0.0,0.0,0.0,0.0,82.2246185878505,82.2246185878505,0.0,0.0,0.0,82.2246185878505,0.0,0.0,0.0009733333333333333 
 03/30  14:40:00,17.03,56.33333333333333,3.7933333333333336,215.0,263.83333333333339,0.0,0.0,0.0,0.0,0.0,0.0,0.0,0.0,0.0,0.0,800.0,0.0,1290.710929377531,80.38283214541696,205.97904141910497,38.70166175156504,1030.1061500084352,0.0,80.38283214541691,109.8894257474293,0.0,0.0,20.083428095421355,217.55742135856418,22.18039154583533,-663.8942983605302,19.760134586569416,144.24917983561864,20.02967917525178,30.821361997781425,18.4878150356605,26.970632343174374,22.494386352404935,-309.9449199951746,19.39395076328953,209.37268214714278,18.274697766456158,172.5069544034452,19.32753255861379,228.68525146417916,130.95894908684569,-298.23571532729059,0.0,0.0,0.0,0.0,0.0,0.0,0.0,0.0,0.0,0.0,0.0,0.0,0.0,0.0,0.0,0.0,0.0,0.0,0.0,0.0,0.0,0.0,0.0,0.0,260.24969802322257,306.05227598027326,1876.401032236064,0.0,0.0,266.12422947855046,312.52689133676418,2130.1675276756648,0.17416037179384639,0.032910123165881797,204.1356063047057,240.48622213525284,1266.1276283294354,0.065385033246616,0.012355448459300072,134.35813576610776,158.32705124652134,813.222436516659,0.0,0.0,7.011608245626304,8.303058823935553,23.346053478521545,0.0,0.0,84.41977960193225,98.86079397578108,823.7701453509142,0.0,0.0,189.31633047378277,223.10478016263685,1156.9703011859277,0.0,0.0,29.1389197631896,34.49964405314089,99.85381421477837,0.0,0.0,76.6038790579361,90.39357645770795,411.42214995041169,22.26819520255622,15.27311056416751,242.4085325455268,285.8295943126222,1493.5670765504236,0.0,0.0,95.4847659039738,111.90481125014705,892.5005604776751,0.0,20.643919415332339,42.77936276711419,22.0,30.0,0.0,21.047979170087755,41.77924570386584,16.0,30.0,0.0,20.130329199168505,44.09809049194471,22.0,30.0,0.0,20.055751512690504,44.21197526528394,16.0,30.0,0.0,18.66779586596836,47.47409979830894,12.0,30.0,0.0,21.925493862806147,38.98313393072473,16.0,30.0,0.0,20.068580705704876,43.703946242610559,10.0,30.0,0.0,18.716509622705155,47.40166732651397,12.0,30.0,0.0,19.694362156681259,44.61647493041161,12.0,30.0,0.0,19.859955840353274,0.0,0.0,0.0,21.701581264567055,0.0,0.0,507.57136855274549,505.4494421617286,509.6001945176454,512.6601186903577,535.6090831609189,529.1690475007414,528.9423865814816,533.3343568007288,532.7442706011327,0.0,82.2246185878505,82.2246185878505,60.0,0.0,60.0,60.0,16.0,16.0,16.0,12.0,12.0,12.0,21.0,10.0,0.0,0.0,0.0,0.0,0.0,0.0,0.0,0.0,0.0,0.0,0.0,0.0,0.0,82.2246185878505,82.2246185878505,0.0,0.0,0.0,82.2246185878505,0.0,0.0,0.00097 
 03/30  14:50:00,17.06,56.16666666666667,3.8016666666666669,204.0,234.66666666666667,0.0,0.0,0.0,0.0,0.0,0.0,0.0,0.0,0.0,0.0,800.0,0.0,1185.291556430741,76.0127528660219,194.78074077913733,35.54068540125927,945.9717697781252,0.0,76.01275286602187,103.91519605601077,0.0,0.0,20.046181177292114,155.68421225678504,22.165739051388305,-560.679189313285,19.800162968101096,188.12775003956996,20.04397042097667,17.18024576213429,18.515053385411226,27.664795879806776,22.46336780654712,-303.50297827860597,19.441945262538977,212.5291858446044,18.31941408099572,172.2811816400631,19.37074410129349,210.31493145453397,123.3588243848044,-285.6340694629803,0.0,0.0,0.0,0.0,0.0,0.0,0.0,0.0,0.0,0.0,0.0,0.0,0.0,0.0,0.0,0.0,0.0,0.0,0.0,0.0,0.0,0.0,0.0,0.0,259.1357616696861,304.84515723169616,1792.4484576129524,0.0,0.0,225.500530802134,264.7511579411161,1817.4023142577815,0.24207182396659364,0.04574297505037674,232.13175750696792,273.39077512766365,1454.7423195731709,0.068897188566055,0.013019121044228078,111.37602047555952,131.23133637242877,669.5401177988593,0.0,0.0,7.196148392587596,8.520525662770485,23.750440685567278,0.0,0.0,83.65345071883012,97.96152844293165,808.8942737123794,0.0,0.0,186.29762534377864,219.4965269518696,1144.3313263319643,0.0,0.0,29.23706282806113,34.607744948660577,101.19564622255737,0.0,0.0,72.19869753940829,85.17986714889863,388.0849944295242,22.351042740467056,15.329933292501414,239.2758722029589,282.138379080603,1449.2432263932067,0.0,0.0,90.95651703987181,106.57997109808355,849.866826490559,0.0,20.52573856331682,43.11696666105167,22.0,30.0,0.0,21.106654333774473,41.633643302165449,16.0,30.0,0.0,20.192854741993739,43.966537511661737,22.0,30.0,0.0,20.065041060932093,44.244799855417877,16.0,30.0,0.0,18.683429862281384,47.48470882984221,12.0,30.0,0.0,21.91096849989969,39.052617424391879,16.0,30.0,0.0,20.114851809984005,43.64089375208296,10.0,30.0,0.0,18.7640287892807,47.317484606175437,12.0,30.0,0.0,19.727044499804888,44.57768880542428,12.0,30.0,0.0,19.838053235204069,0.0,0.0,0.0,21.730605575859586,0.0,0.0,506.2742129380893,504.7313914170236,508.1950363194685,510.5893719741812,533.7220603306439,527.7412021165509,526.7194068894887,531.4387084036674,530.9072102561491,0.0,82.2246185878505,82.2246185878505,60.0,0.0,60.0,60.0,16.0,16.0,16.0,12.0,12.0,12.0,21.0,10.0,0.0,0.0,0.0,0.0,0.0,0.0,0.0,0.0,0.0,0.0,0.0,0.0,0.0,82.2246185878505,82.2246185878505,0.0,0.0,0.0,82.2246185878505,0.0,0.0,0.0009966666666666668 
 03/30  15:00:00,17.09,56.0,3.81,193.0,205.5,0.0,0.0,0.0,0.0,0.0,0.0,0.0,0.0,0.0,0.0,800.0,0.0,1011.1604792769433,71.15860991276071,182.3420598508434,30.319425601520125,806.9993495191748,0.0,71.15860991276067,97.27921462324888,0.0,0.0,20.124703409253848,209.65717116092493,22.056728802363993,-618.2897578109005,19.78768532699008,131.13066886126217,20.064020845507466,28.722804099342285,18.533563790491344,27.38361930816677,22.40079293154797,-286.4086268760543,19.46657608857212,199.28282596366263,18.358384837605859,168.60198115967479,19.41728297788491,215.35383362497579,134.12159892577984,-281.1197747915189,0.0,0.0,0.0,0.0,0.0,0.0,0.0,0.0,0.0,0.0,0.0,0.0,0.0,0.0,0.0,0.0,0.0,0.0,0.0,0.0,0.0,0.0,0.0,0.0,258.366743359079,303.786678790599,1838.1182758539199,0.0,0.0,264.5412046798816,310.6682211017638,2066.2450950542595,0.13604267328607667,0.025707232291397716,194.34024684753539,228.90446002332423,1187.554715998502,0.057502865238919089,0.010865998722395893,128.67457363622149,151.58882335357638,772.7048487406484,0.0,0.0,6.908067454851965,8.178683096729074,22.46251879971957,0.0,0.0,82.58844661644072,96.71618368753423,789.262026347464,0.0,0.0,183.7035005448776,216.42478445209208,1117.8834449969434,0.0,0.0,28.701797837409516,33.9674106214887,99.76218910413489,0.0,0.0,73.56565028146078,86.77310935763252,397.57795253001168,22.359765313690685,15.335915853011448,240.82219774419816,283.88046987136559,1475.2029043155336,0.0,0.0,92.14520434687289,107.96637635337544,854.7512988990532,0.0,20.656508478409618,42.779499544498218,22.0,30.0,0.0,21.01060341523089,41.907852574512578,16.0,30.0,0.0,20.145424927503556,44.1195932157419,22.0,30.0,0.0,20.092798822321954,44.21492873979605,16.0,30.0,0.0,18.68923121575569,47.523486084229727,12.0,30.0,0.0,21.883846036270076,39.171356498355937,16.0,30.0,0.0,20.11637925404515,43.66548043423239,10.0,30.0,0.0,18.801631108034404,47.256155493341989,12.0,30.0,0.0,19.772199143331247,44.50258322390754,12.0,30.0,0.0,19.901798620706506,0.0,0.0,0.0,21.726802084814144,0.0,0.0,505.49532644934978,503.2820347718691,506.9598475123699,508.9241460188358,531.8688011302745,525.5415293960991,525.5808763899056,529.7801584943044,529.154362810771,0.0,82.2246185878505,82.2246185878505,60.0,0.0,60.0,60.0,16.0,16.0,16.0,12.0,12.0,12.0,21.0,10.0,0.0,0.0,0.0,0.0,0.0,0.0,0.0,0.0,0.0,0.0,0.0,0.0,0.0,82.2246185878505,82.2246185878505,0.0,0.0,0.0,82.2246185878505,0.0,0.0,0.0010233333333333334 
 03/30  15:10:00,16.993333333333334,56.66666666666667,3.745,182.0,176.33333333333332,0.0,0.0,0.0,0.0,0.0,0.0,0.0,0.0,0.0,0.0,5607.0,0.0,905.469506679385,66.74508645452116,171.03244783858808,27.150307219322387,722.6482275729125,0.0,66.74508645452113,91.24559344564018,0.0,0.0,20.82489521949554,-588.5120887460068,22.16556506764455,37.579902943703618,20.73742963778013,-840.149022704879,20.310624005817276,601.9472255082999,18.555305793451116,31.98076886230352,22.34962750078982,-262.66135602871159,19.54348921392888,260.3722624709982,18.38892010384253,171.01797013616869,19.452768758820747,223.7383135189458,231.64009202089955,-275.0744029638568,0.0,0.0,0.0,0.0,0.0,0.0,0.0,0.0,0.0,0.0,0.0,0.0,0.0,0.0,0.0,0.0,0.0,0.0,0.0,0.0,0.0,0.0,0.0,0.0,259.49713924141636,305.4207542991412,2424.8014001992785,0.029371689115124234,0.00448285853405437,168.42605105130193,198.56154824992675,1451.5797495593745,0.03647234657183354,0.0068919778102482149,347.6738044561101,409.17546049326566,3254.482417254613,0.14391420559549698,0.0271946722591642,312.7181151549936,369.275086541906,2261.099401596769,0.0,0.0,8.106832971544208,9.638733766902137,28.06144113356476,0.0,0.0,77.73438232709191,91.44514781403139,754.670318554658,0.0,0.0,197.36918359959675,233.4284770388497,1281.861898736854,0.0,0.0,29.57560890189124,35.15011466143615,109.88407793653829,0.0,0.0,77.5463682966577,91.84044900985329,437.88077521187008,23.347194256230357,16.013164784794488,463.45736072007818,547.6970159429873,3335.93303783506,0.0,0.0,96.40688331650593,113.44085186444493,908.2653012921409,1157.4726818858997,21.669748754463798,40.275601941421957,21.71428571428571,29.999999999999994,0.0,21.355128463184639,41.044588618581979,16.0,29.999999999999994,1961.7209023645824,21.628787673431334,40.3779890278505,21.57142857142857,29.999999999999994,0.0,20.575228927939908,43.030796950673877,16.0,29.999999999999994,0.0,18.698152426859754,47.550400026523217,12.0,29.999999999999994,0.0,21.866640158655874,39.27186163562607,16.0,29.999999999999994,0.0,20.22525147379211,43.515142727375259,10.0,29.999999999999994,0.0,18.82553495836541,47.25327941175529,12.0,29.999999999999994,0.0,19.79739535289147,44.51081000843386,16.0,29.999999999999994,0.0,20.378121310903944,0.0,0.0,0.0,21.706765609382737,0.0,0.0,502.7844840697007,503.11113502181919,502.8315530902243,504.5538790939163,530.1251514874015,523.1404570275473,520.4410283752845,527.5695182812467,526.4456005728939,6789.447066131783,81.65812437768138,82.62498628244863,59.999999999999989,0.0,59.999999999999989,59.999999999999989,16.0,16.0,16.0,16.0,12.0,12.0,21.0,10.0,1.0,0.0,1157.4726818858997,0.0,1961.7209023645824,0.0,0.0,0.0,0.0,0.0,1463.2712711041423,877962.7626624853,1152940.6361452095,81.65812437768138,82.64140680735282,0.24306142332251907,0.5482368301355196,0.2573438385854711,82.64140680735282,0.2530462728170625,1152940.6361452095,0.06100291307955088 
 03/30  15:20:00,16.89666666666667,57.333333333333339,3.6800000000000008,171.0,147.16666666666667,0.0,0.0,0.0,0.0,0.0,0.0,0.0,0.0,0.0,0.0,1604.0,0.0,799.9481360911466,62.34820063533765,159.765475656666,23.986275261745005,638.4324739721717,0.0,62.34820063533762,85.23471718199962,0.0,0.0,20.42488623452028,114.07172285150864,22.33858338990904,-374.73243704703739,20.344994772583065,-127.0335964474184,20.581307097487753,138.97527718015454,18.582044415087688,30.102358551263593,22.29373465176995,-236.32106771746454,19.608957048753859,188.3655102679727,18.431192164789615,165.9934781756648,19.514508619033266,223.8836474283546,260.81911317399138,-264.03172101660928,0.0,0.0,0.0,0.0,0.0,0.0,0.0,0.0,0.0,0.0,0.0,0.0,0.0,0.0,0.0,0.0,0.0,0.0,0.0,0.0,0.0,0.0,0.0,0.0,282.7014803553276,332.70897352604995,2306.172015022541,0.004260353314872989,0.0006502370749195649,243.06179133275607,285.2713515784819,2293.0627540917446,0.03924858612192304,0.007416588458413276,253.85348955157094,299.22914352304346,2023.0248952066289,0.07598738845248025,0.01435891694113383,235.84462686732128,278.0114857294834,1924.579245937332,0.0,0.0,7.381330376420507,8.762561035723197,27.227374463037486,0.0,0.0,76.57284997349682,89.90702888719226,755.7912788507829,0.0,0.0,192.3035510435547,227.02417765383388,1304.5664669458402,0.0,0.0,29.43726229701509,34.91776418271376,117.66599208790876,0.0,0.0,80.25498710968347,94.86725450036852,480.08042377177028,23.098082381767236,15.842306160334186,459.61283871738609,542.1115001391549,3471.146261018186,0.0,0.0,99.67480740283716,117.1022020254797,950.9055752342529,0.0,20.95447145942557,42.081678043715488,21.0,30.0,0.0,21.69854136934225,40.23313505777479,16.0,30.0,224.23755270245986,20.919563943857079,42.18011071180565,21.0,30.0,0.0,20.9445931931198,42.12105872780596,16.0,30.0,0.0,18.71481771259768,47.60813143046373,12.0,30.0,0.0,21.850071783441284,39.39223508239509,16.0,30.0,0.0,20.274327357170696,43.40780830554135,10.0,30.0,0.0,18.869603916415565,47.23912543166129,12.0,30.0,0.0,19.869961416542588,44.416229072769187,16.0,30.0,0.0,20.51050678927857,0.0,0.0,0.0,21.667343292430357,0.0,0.0,502.6427153758291,501.65291099522008,502.2341500618365,502.20690300327217,526.6397290874472,519.9234902432771,519.5368339600527,523.7554518177867,522.7445299349957,5165.372587843556,81.33881578179425,81.33881578179425,60.0,0.0,60.0,60.0,16.0,16.0,16.0,16.0,12.0,12.0,21.0,10.0,1.0,0.0,0.0,0.0,224.23755270245986,0.0,0.0,0.0,0.0,0.0,0.0,0.0,0.0,81.33881578179425,81.33881578179425,0.17,0.3093876588594952,0.18014068700982978,81.33881578179425,0.17713239097194376,0.0,0.00109 
 03/30  15:30:00,16.8,58.0,3.615,160.0,118.0,0.0,0.0,0.0,0.0,0.0,0.0,0.0,0.0,0.0,0.0,3212.0,0.0,695.1076084176822,57.9731653808864,148.55450167724747,20.84265909771448,554.7601052792461,0.0,57.97316538088637,79.25371229694324,0.0,0.0,20.95729098467984,-304.18175982365099,22.270856780101114,-139.45285565422115,20.917159377160318,-600.6158871924424,20.652281894997019,372.03811855229017,18.604445614156189,31.874683426933204,22.22993531091066,-229.35991586697618,19.644038251495354,234.12437211535417,18.462593975260668,164.28276998538457,19.550537507810739,200.9481517654209,310.4875996479027,-243.18323848264402,0.0,0.0,0.0,0.0,0.0,0.0,0.0,0.0,0.0,0.0,0.0,0.0,0.0,0.0,0.0,0.0,0.0,0.0,0.0,0.0,0.0,0.0,0.0,0.0,241.96830732189029,284.61948064915216,2422.8215606109595,0.03301893697234961,0.005039520294925154,214.51561482739732,252.51615618618448,2069.5164740504576,0.04243108384471232,0.008017967468766504,270.8614074850817,318.4392543136099,2689.3161594987157,0.10885344182881261,0.02056943345215657,231.91720773201457,273.11219587945456,2004.0699658727268,0.0,0.0,7.933908636186261,9.426871182605876,30.952576461766737,0.0,0.0,74.9934956945881,88.17890177942563,750.4718906955413,0.0,0.0,193.17128629622577,228.26904146286726,1361.053900536875,0.0,0.0,29.797147951672085,35.384164694031657,126.30923626010201,0.0,0.0,76.38139750435004,90.38242834503645,475.1994577492683,23.403659621611824,16.051892744589734,414.35686073566679,488.93601928228466,3448.62569914075,0.0,0.0,95.64915317838207,112.51501777569738,924.6587242222256,669.3231770714626,21.77813086674567,40.07968626069236,21.25,30.0,0.0,21.687047901113297,40.30246201534996,16.0,30.0,1270.9976990581106,21.809518229515946,40.04231753261648,21.5,30.0,0.0,21.05917368397636,41.88498065821413,16.0,30.0,0.0,18.7243501646906,47.64973021985659,12.0,30.0,0.0,21.822849884015235,39.514117221752567,16.0,30.0,0.0,20.310258614916277,43.42480608267446,10.0,30.0,0.0,18.894034464775488,47.25109423825402,12.0,30.0,0.0,19.89350083274025,44.427714319263937,16.0,30.0,0.0,20.73099683404996,0.0,0.0,0.0,21.635784616266379,0.0,0.0,500.68048067360589,500.3270024165909,499.39317266880439,500.4024892673548,524.3524540957365,517.715328961264,515.5574409775088,520.9604166124207,520.0499301817133,5143.405787672416,80.8636048363143,82.61122839948446,60.0,0.0,60.0,60.0,16.0,16.0,16.0,16.0,12.0,12.0,21.0,10.0,1.0,0.0,669.3231770714626,0.0,1270.9976990581106,0.0,0.0,0.0,0.0,0.0,2644.8086457792894,1586885.1874675735,2055041.9045786225,80.8636048363143,82.64090884929915,0.17316028819264299,0.3858524561146194,0.18014068700982978,82.64090884929915,0.17713239097194376,2055041.9045786225,0.10799217903808839 
 03/30  15:40:00,16.703333333333334,58.66666666666667,3.55,149.16666666666669,137.33333333333335,0.0,0.0,0.0,0.0,0.0,0.0,0.0,0.0,0.0,0.0,1608.0,0.0,713.6940653904054,55.037743362092658,141.03261010697157,21.39995869735312,569.5936902564106,0.0,55.03774336209263,75.24076784895397,0.0,0.0,20.58958085025499,142.27318048466169,22.34501482640215,-308.72841579541298,20.447769639266327,-38.71508984006368,20.729708335134967,108.92598628593123,18.639370091254329,30.200164243531306,22.205194373218313,-210.81066582404424,19.682247954387596,184.19764886303484,18.497172327205484,159.60305033520423,19.589419865925608,198.65017839256394,289.7866807314631,-229.21590258749098,0.0,0.0,0.0,0.0,0.0,0.0,0.0,0.0,0.0,0.0,0.0,0.0,0.0,0.0,0.0,0.0,0.0,0.0,0.0,0.0,0.0,0.0,0.0,0.0,218.42003428577989,256.71914652865896,1953.8108104958633,0.0,0.0,189.79313603004077,222.52572615245362,1899.6324120592518,0.12833898919150026,0.02425150967337496,221.12443209924857,260.53890985981209,1885.8307494973379,0.062449078334135359,0.011800657281582642,215.8245466303605,254.17092643819795,1910.8468592340506,0.0,0.0,7.450037685118789,8.841914943168858,30.865026644811189,0.0,0.0,73.79772389234435,86.6569720652924,749.6782863301307,0.0,0.0,189.28961434310515,223.40969060208335,1374.7883348583696,0.0,0.0,29.731086091705124,35.25704593910283,133.6228424230984,0.0,0.0,77.86274377068117,92.01510440021481,504.81998737286588,23.086830143278339,15.834588575636725,386.2372027657218,455.0657690756527,3250.245977432013,0.0,0.0,97.46872417982188,114.53941659181115,949.6886051510103,0.0,21.140573665422168,41.69188817211884,21.0,30.0,0.0,21.818050497143678,40.06421071921781,16.0,30.0,105.54009467503184,20.986775965772958,42.128854687078888,21.0,30.0,0.0,21.115394940166746,41.82178161643673,16.0,30.0,0.0,18.748532401900854,47.67156882218396,12.0,30.0,0.0,21.801401450923068,39.63562697143974,19.0,30.0,0.0,20.322504124372743,43.42815120141994,10.0,30.0,0.0,18.924825122916194,47.244680824552798,16.0,30.0,0.0,19.928524829311117,44.40792092888208,16.0,30.0,0.0,20.70023438372069,0.0,0.0,0.0,21.57518473190966,0.0,0.0,500.07570364477939,497.9591838350706,498.60200681503127,498.0622131418229,521.3143460187348,515.0565777646393,514.3237586862517,518.1915318025655,517.3933406548188,3060.1998105207219,82.24087616815062,82.24087616815062,60.0,0.0,60.0,60.0,16.0,16.0,19.0,16.0,16.0,12.0,21.0,10.0,1.0,0.0,0.0,0.0,105.54009467503184,0.0,0.0,0.0,0.0,0.0,0.0,0.0,0.0,82.24087616815062,82.24087616815062,0.17,0.3102049269073052,0.18014068700982978,82.24087616815062,0.17713239097194376,0.0,0.00117 
 03/30  15:50:00,16.60666666666667,59.33333333333333,3.485,138.33333333333335,156.66666666666667,0.0,0.0,0.0,0.0,0.0,0.0,0.0,0.0,0.0,0.0,3220.0,0.0,729.740360558194,51.99515556863321,133.23610573947014,21.88109192714083,582.3999898672823,0.0,51.99515556863318,71.08131966224984,0.0,0.0,21.05652747965582,-309.89694470919337,22.3216160235053,-153.14806578153867,20.958297856134104,-529.547736090582,20.74517208464448,309.75197831985158,18.67603945006779,30.825547007642059,22.19746819804346,-211.46088293158869,19.714791488272483,222.2092912848832,18.52348702496437,155.55153691135605,19.614352928443645,182.5831429010325,321.48302968285909,-213.4640220595113,0.0,0.0,0.0,0.0,0.0,0.0,0.0,0.0,0.0,0.0,0.0,0.0,0.0,0.0,0.0,0.0,0.0,0.0,0.0,0.0,0.0,0.0,0.0,0.0,224.95755534270143,264.55034930146669,2362.7856967188347,0.027878358200385923,0.004254938675272577,196.78171475662084,231.54884178981494,2015.168046797717,0.11667654599794268,0.022047722221833468,263.92194315932576,310.3123382007051,2738.5394310242147,0.1129172042059316,0.02133734017496817,237.58950196154565,279.81768003215736,2164.142910728912,0.0,0.0,7.870636258584008,9.349662959932424,34.54157745211364,0.0,0.0,72.78533906006354,85.58498767842146,752.0363645851213,0.0,0.0,191.4953850504753,226.2410623245847,1439.6249411192308,0.0,0.0,29.88793289357728,35.484349403362759,141.04398121618696,0.0,0.0,75.9896581780265,89.89919926719284,508.69956142451346,23.23246243576999,15.934473549910836,412.5699166799173,486.7055748259656,3668.3417345809996,0.0,0.0,95.29513578142968,112.13365486666506,937.0706031698483,644.6690234337738,21.833201579166816,40.088367757455078,21.25,30.0,0.0,21.793251688462449,40.18177883269743,16.0,30.0,1150.474894899373,21.80864716795434,40.17846623030614,21.5,30.0,0.0,21.139405788012217,41.82185845984898,16.0,30.0,0.0,18.77450283154927,47.66248154773086,12.0,30.0,0.0,21.793241926542579,39.714388383147539,19.0,30.0,0.0,20.354573451634509,43.45175314953525,10.0,30.0,0.0,18.9408420517768,47.2710561286408,16.0,30.0,0.0,19.937837423440386,44.45228259543144,16.0,30.0,0.0,20.828516536741007,0.0,0.0,0.0,21.524349114214784,0.0,0.0,496.71358917871086,496.44344636461286,495.8080509739435,496.5645042990028,519.1278830073355,512.9034899008873,510.76602730821198,515.8265609436453,515.0260798451228,4616.162916091953,81.3479068222785,83.04472971205752,60.0,0.0,60.0,60.0,16.0,16.0,19.0,16.0,16.0,12.0,21.0,10.0,1.0,0.0,644.6690234337738,0.0,1150.474894899373,0.0,0.0,0.0,0.0,0.0,2568.004007069267,1540802.4042415603,2000896.1083065258,81.3479068222785,83.07354739779137,0.17060013356897558,0.3855302797267828,0.18014068700982978,83.07354739779137,0.17713239097194376,2000896.1083065258,0.10525659763193933 
 03/30  16:00:00,16.51,60.0,3.42,127.5,176.0,0.0,0.0,0.0,0.0,0.0,0.0,0.0,0.0,0.0,0.0,1610.0,0.0,799.9920934481223,49.542697712083548,126.95176937190756,23.987545678808404,638.4670373309145,0.0,49.54269771208352,67.72862383985738,0.0,0.0,20.71132192003664,138.18221232616566,22.39847284005609,-329.48139675806626,20.51183826072848,-23.396787569771733,20.78640621954107,90.99428574437843,18.726346036614794,28.734892232089835,22.220420313793836,-201.1525652918897,19.747410977272609,177.5893635249431,18.55153122921043,150.97245129250553,19.644497322664777,182.16709600540617,284.91768354438048,-200.40491245527506,0.0,0.0,0.0,0.0,0.0,0.0,0.0,0.0,0.0,0.0,0.0,0.0,0.0,0.0,0.0,0.0,0.0,0.0,0.0,0.0,0.0,0.0,0.04182827612568166,0.012768094055458382,201.39201066264097,236.4872592827853,1930.2363328307463,0.0,0.0,177.31944576434354,207.779209213342,1852.4010548818749,0.19928105523557375,0.03765703991601924,244.83322467582475,288.2527603995669,2197.8985034720656,0.07418940753852638,0.014019162422246101,197.4824852520753,232.5491850522704,1838.8979609340093,0.0,0.0,7.397604515130828,8.776855974678604,34.571861790373549,0.0,0.0,72.36304768097699,84.96395308120217,763.5119988583577,0.0,0.0,188.66190079032703,222.6219181053309,1457.5250497169716,0.0,0.0,29.774977880589817,35.3024669452583,147.5122759510407,0.0,0.0,77.9606784056858,92.11371822298263,540.6396181261773,22.89458447415573,15.702732835497763,355.09576544264828,418.2400907984652,3166.191764670837,0.0,0.0,97.53338248570248,114.65125047854656,966.2632298438589,0.0,21.2479736790858,41.55176958988924,21.0,30.0,0.0,21.879176402574829,40.08188812009426,16.0,30.0,56.39605688111783,21.01455495449506,42.20281752021609,21.0,30.0,0.0,21.14983748597681,41.891298464619747,16.0,30.0,0.0,18.820753607282435,47.61662477198115,12.0,30.0,0.0,21.806113765103185,39.757240307417379,19.0,30.0,0.0,20.362104603929269,43.46680255952442,10.0,30.0,0.0,18.961370729647184,47.293584640065578,16.0,30.0,0.0,19.9617058615798,44.46417613247952,16.0,30.0,0.0,20.722332590062569,0.0,0.0,0.0,21.462445287842678,0.0,0.0,496.76837526609065,493.76588546110039,495.1643820113167,494.2782360519086,516.2693078583425,510.3259951715755,509.6796642068176,513.262421044924,512.5147507934386,2835.0476637449175,82.52532942283693,82.52532942283693,60.0,0.0,60.0,60.0,16.0,16.0,19.0,16.0,16.0,12.0,21.0,10.0,1.0,0.0,0.0,0.0,56.39605688111783,0.0,0.0,0.0,0.0,0.0,0.0,0.0,0.0,82.52532942283693,82.52532942283693,0.17,0.3099763612970046,0.18014068700982978,82.52532942283693,0.17713239097194376,0.0,0.00125 
 03/30  16:10:00,16.443333333333336,60.33333333333333,3.381666666666667,116.66666666666666,195.33333333333335,0.0,0.0,0.0,2.0,0.0,0.0,0.0,0.0,0.0,4.0,3227.0,0.0,807.7568494800329,46.281445168217157,118.59493512750513,24.220359304459959,644.6639104902578,0.0,46.28144516821713,63.2702443613327,0.0,0.0,20.737146735761017,149.02603820939567,22.29890210575747,-364.1040800075657,21.34726785348321,-731.4861674212975,20.819446728505257,386.76198780628467,18.766321725197579,20.86704105392417,22.394153572426537,-21.302450176557089,19.619461862697447,42.50578212661378,18.566679691726326,134.74845875293534,19.644228072148644,99.39575667257179,311.2956971272806,-154.83876406985463,0.0,0.0,0.0,0.0,0.0,0.0,0.0,0.0,0.0,0.0,0.0,0.0,0.0,0.0,0.0,0.0,0.0,0.0,0.0,0.0,0.0,0.0,0.2918241077452739,0.08907939796864284,215.24260858776189,253.50538676011909,2079.4688315549208,0.013032927247043741,0.0019891525102325618,202.20766250345,237.85513571119265,2105.144935073826,0.10607354779483438,0.02004413223636327,277.46562926867929,325.5965481387599,3136.0148991050448,0.08336210146032484,0.015752475710567806,267.43908588559148,314.76958950119276,2566.381884637074,0.0,0.0,5.638422789401411,6.696202654453208,27.426362124638115,0.0,0.0,8.760067456159188,10.285344128100017,98.42420423411662,0.0,0.0,95.77503518481365,113.30691298275716,700.5786657285648,0.0,0.0,26.965790637684348,32.01742822909086,137.03635866358276,0.0,0.0,51.45410033780402,60.92515841836136,360.84149245195678,22.911972878741076,15.714659038917067,445.93157387377627,525.7813516286558,4099.419942077095,0.0,0.0,68.98741218301697,81.25199148565561,691.6054293963083,0.0,21.291343584527796,41.62685041873678,21.0,30.0,0.0,21.685887727772355,40.770945731682527,16.0,30.0,594.5453068920338,22.158597704537283,40.227490287298838,21.5,30.0,0.0,21.22153078375977,42.28185912010627,16.0,30.0,0.0,18.849309175298218,47.58880440728734,12.0,30.0,0.0,22.086674408256998,40.84790710852084,19.0,30.0,0.0,20.07574706549196,44.41259052726605,10.0,30.0,0.0,18.958566760668,47.37981946650221,16.0,30.0,0.0,19.92715110100665,44.629289148484208,16.0,30.0,0.0,20.836467422203449,0.0,0.0,0.0,21.46269200766642,0.0,0.0,494.397264813171,496.8131733228914,538.8525126020359,521.964565501728,514.6067664732273,604.927460953165,505.6338374076352,511.38525342408698,510.6327220731083,1813.7869888038616,82.57369448169645,82.57369448169645,1744.0,0.0,1744.0,1744.0,16.0,16.0,19.0,16.0,16.0,12.0,21.0,10.0,1.0,0.0,0.0,0.0,594.5453068920338,0.0,0.0,0.0,0.0,0.0,0.0,0.0,0.0,82.57369448169645,82.57369448169645,0.085,0.15329237221335699,0.09007034350491489,82.57369448169645,0.08856619548597188,0.0,0.037496 
 03/30  16:20:00,16.37666666666667,60.66666666666667,3.3433333333333339,105.83333333333333,214.66666666666667,0.0,0.0,0.0,2.0,0.0,0.0,0.0,0.0,0.0,4.0,1614.0,0.0,811.935034488223,42.89415368417078,109.91512601188106,24.345630435747574,647.9983696574886,0.0,42.89415368417076,58.639560095970747,0.0,0.0,20.688758670970189,176.8195579036128,22.30321182799704,-332.17362225744048,21.39077527048083,-759.9557484069637,21.019547508366146,324.6354665054214,18.80798171546318,18.23661815576925,22.64325774960882,-30.500938030094745,19.502961460122497,70.34418622626663,18.570089191205918,124.54764557577818,19.5894673949363,47.8151859926856,326.4768161995162,-115.12898398901609,0.0,0.0,0.0,0.0,0.0,0.0,0.0,0.0,0.0,0.0,0.0,0.0,0.0,0.0,0.0,0.0,0.0,0.0,0.0,0.0,0.0,0.0,0.46037700692402858,0.14053022189378162,223.71318670709054,263.1350487472647,2147.2003837614918,0.022461016866955499,0.00342811612743521,205.80935716094576,241.65720765067813,2172.674162752879,0.0,0.0,289.78475497579117,339.81103285467347,3333.43840016172,0.046026760891347748,0.008697422692998438,278.64942797014086,327.49404544322598,2854.792642945268,0.0,0.0,5.520021173737883,6.5464357548599729,27.966677712685134,0.0,0.0,9.56331807423966,11.192065817935628,115.79808684486125,0.0,0.0,74.19652006828362,87.72151667505492,519.7037941906004,0.0,0.0,24.69826574351284,29.286207399455575,127.78133353148992,0.0,0.0,32.197079336683099,38.08822811442605,222.54418630637924,22.957738961035696,15.746048670120509,466.52420579697925,549.291655133396,4452.522872420277,0.0,0.0,48.20104800984306,56.68474612152771,491.27296287484958,0.0,21.190514381936305,42.10210881003029,21.0,30.0,0.0,21.69117221831454,40.96972580584235,16.0,30.0,0.0,22.184722288774709,40.4434747497684,21.0,30.0,0.0,21.532283982110984,41.850433411797229,16.0,30.0,0.0,18.883539362578,47.577711214982929,12.0,30.0,0.0,22.467261934645444,42.47003886963802,19.0,30.0,0.0,19.85723185045031,45.17344336038198,10.0,30.0,0.0,18.937154381926978,47.569830155959227,16.0,30.0,0.0,19.805362710517266,45.06247275338779,16.0,30.0,0.0,20.955982716847339,0.0,0.0,0.0,21.480548298802917,0.0,0.0,502.58291460651466,505.9972753619748,543.9345395805115,537.6720760139439,512.6381666861615,740.119124914791,504.4819956873524,511.4803044020226,509.5207106939407,0.0,82.3624042440877,82.3624042440877,1744.0,0.0,1744.0,1744.0,16.0,16.0,19.0,16.0,16.0,12.0,21.0,10.0,1.0,0.0,0.0,0.0,0.0,0.0,0.0,0.0,0.0,0.0,0.0,0.0,0.0,82.3624042440877,82.3624042440877,0.0,0.0,0.0,82.3624042440877,0.0,0.0,0.03798044444444445 
 03/30  16:30:00,16.310000000000004,61.0,3.3049999999999999,95.0,234.0,0.0,0.0,0.0,2.0,0.0,0.0,0.0,0.0,0.0,4.0,807.0,0.0,812.2203985551767,39.37805243545047,100.90524177743922,24.354176305874036,648.2259999060691,0.0,39.37805243545045,53.83278311661889,0.0,0.0,20.703212311741927,184.3192373742677,22.325013579059346,-313.66293222858988,21.53715649192044,-762.2152831224303,21.099403870492517,305.732913519294,18.84971876414731,16.063978790287906,22.83649510736977,-39.295499177825039,19.44775753381522,74.57846730616711,18.570333978819244,118.26431711371049,19.52530075862242,33.14541754553545,334.87346282982255,-94.47162637209249,0.0,0.0,0.0,0.0,0.0,0.0,0.0,0.0,0.0,0.0,0.0,0.0,0.0,0.0,0.0,0.0,0.0,0.0,0.0,0.0,0.0,0.0,0.5460020130300032,0.16666728114468963,236.2575417153671,277.1702419379262,2303.4624773501925,0.04002256769310308,0.00610845050261036,216.45944800404798,253.47903842991338,2328.32185369767,0.0,0.0,281.0326931030018,328.3385971004746,3363.0259547500525,0.018967437064675825,0.003584171780928915,266.49425188484147,312.108725418161,2823.619818805242,0.0,0.0,5.4093900365999059,6.3971006974899728,28.551418397479514,0.0,0.0,10.494827793736049,12.22888089914694,134.49472364764669,0.0,0.0,64.89402959908671,76.51995779003507,447.92622643080986,0.0,0.0,22.649855593939049,26.784756477194347,119.06791379901742,0.0,0.0,24.96061380701468,29.441435009868945,168.82394455097836,22.94755616692599,15.739064586368999,468.38839120405387,549.7661690243293,4607.855405082673,0.0,0.0,39.892229984131407,46.76055435784157,411.12278472000107,0.0,21.197212425286155,42.29026397172447,21.0,30.0,0.0,21.72321034762986,41.12520112124786,16.0,30.0,0.0,22.346335073012349,40.29824744697576,21.0,30.0,0.0,21.64115298668009,41.93448721483146,16.0,30.0,0.0,18.92173514238517,47.60789623198796,12.0,30.0,0.0,22.764409827227085,43.72908436023114,19.0,30.0,0.0,19.741690250859408,45.708250949504797,10.0,30.0,0.0,18.91102365075265,47.9379490932914,16.0,30.0,0.0,19.67146838832927,45.61317582602929,16.0,30.0,0.0,21.028691722549757,0.0,0.0,0.0,21.461290312731639,0.0,0.0,509.75204806854938,515.6443328463224,554.615403541693,550.0412133675486,511.8236779688072,838.3886382123487,508.37530585928467,518.189732104486,510.9482171186267,0.0,82.3624042440877,82.3624042440877,1744.0,0.0,1744.0,1744.0,16.0,16.0,19.0,16.0,16.0,12.0,21.0,10.0,1.0,0.0,0.0,0.0,0.0,0.0,0.0,0.0,0.0,0.0,0.0,0.0,0.0,82.3624042440877,82.3624042440877,0.0,0.0,0.0,82.3624042440877,0.0,0.0,0.0384648888888889 
 03/30  16:40:00,16.243333333333334,61.33333333333333,3.2666666666666668,87.66666666666667,244.66666666666667,0.0,0.0,0.0,2.0,0.0,0.0,0.0,0.0,0.0,4.0,807.0,0.0,800.7881614109326,36.7192626468138,94.09217028402029,24.011376123613134,639.1019431458254,0.0,36.71926264681378,50.19801590005882,0.0,0.0,20.733493730148767,190.23951022043185,22.339546623970933,-317.1998139928128,21.639691752846823,-781.7687245926445,21.168080997406294,311.383925862272,18.888270315580237,14.597702847927878,22.96070588241698,-45.20798528087488,19.43066019565613,75.2100384647124,18.57238549194886,109.87682088624672,19.504588839338326,52.01519115371184,340.00296044850259,-99.10444212189555,0.0,0.0,0.0,0.0,0.0,0.0,0.0,0.0,0.0,0.0,0.0,0.0,0.0,0.0,0.0,0.0,0.0,0.0,0.0,0.0,0.0,0.0,0.6029638470616893,0.18405489837047904,244.37593257593324,286.6446273358965,2431.39664089043,0.05055412177963057,0.007715830552446668,223.88747166921113,262.14385347875068,2447.2159703716108,0.0,0.0,280.0347962274225,327.06771786799808,3430.150232000322,0.0,0.0,264.23882388226977,309.35966243944127,2880.2177002501955,0.0,0.0,5.360665277727263,6.338451187033491,29.35641999527515,0.0,0.0,11.194090554345055,13.031873600518086,148.6522440876358,0.0,0.0,67.9782227374756,80.16463304603822,472.5803487755386,0.0,0.0,21.3041766778425,25.192870088978667,113.8908446372088,0.0,0.0,29.35125877737345,34.622805302613588,199.89834945963748,22.96948210765875,15.75410295449846,474.5817790061025,556.8988614438119,4783.438008350912,0.0,0.0,43.64712433331733,51.16899945052185,449.0959087330359,0.0,21.23049953965116,42.383599496936657,21.0,30.0,0.0,21.74447097903326,41.22718491904834,16.0,30.0,0.0,22.42384072931818,40.26795767525252,21.0,30.0,0.0,21.729956567811397,41.82688512342098,19.0,30.0,0.0,18.954249723252067,47.67289920832153,12.0,30.0,0.0,22.935991672333225,44.37556223643857,19.0,30.0,0.0,19.699326373626606,45.96009588066963,10.0,30.0,0.0,18.88858000383733,48.383496913055719,16.0,30.0,0.0,19.62779198125623,46.000753895077419,16.0,30.0,0.0,21.081377106413745,0.0,0.0,0.0,21.384927944748818,0.0,0.0,517.1062374711759,518.850126108807,557.8785561597323,554.2409834426375,513.6817191121319,886.8707284901694,512.1045566015255,529.6775583862833,518.1729907036889,0.0,82.3624042440877,82.3624042440877,1744.0,0.0,1744.0,1744.0,16.0,19.0,19.0,16.0,16.0,12.0,21.0,10.0,1.0,0.0,0.0,0.0,0.0,0.0,0.0,0.0,0.0,0.0,0.0,0.0,0.0,82.3624042440877,82.3624042440877,0.0,0.0,0.0,82.3624042440877,0.0,0.0,0.03894933333333333 
 03/30  16:50:00,16.176666666666667,61.66666666666667,3.228333333333333,80.33333333333334,255.33333333333335,0.0,0.0,0.0,2.0,0.0,0.0,0.0,0.0,0.0,4.0,807.0,0.0,786.4258741611881,34.02727147934122,87.19401760320689,23.580719269687856,627.6394386879691,0.0,34.0272714793412,46.517859881475697,0.0,0.0,20.75993944983082,186.89390151292174,22.358560807210894,-304.1747340300135,21.734274351350483,-791.0353707763388,21.227575755550228,312.05203462054126,18.92594582306414,13.361278251607246,23.060537707133695,-49.873667858065008,19.428639813079856,77.51046677326804,18.575730680815508,104.7512258039502,19.489727759258334,47.42018656667119,345.9182326656446,-87.07817973510783,0.0,0.0,0.0,0.0,0.0,0.0,0.0,0.0,0.0,0.0,0.0,0.0,0.0,0.0,0.0,0.0,0.0,0.0,0.0,0.0,0.0,0.0,0.6406908851922666,0.19557108827602766,242.11089489152185,283.9520058139485,2451.312371448626,0.06271347759685664,0.009571654089874335,221.05105113796928,258.77609571365965,2460.07261322372,0.0,0.0,278.9547583044002,325.70055686159909,3494.5740378581688,0.0,0.0,262.5688803372717,307.3114142197892,2933.5533753056945,0.0,0.0,5.3729683904554099,6.351964094306707,30.478507077360275,0.0,0.0,11.625368687699812,13.5247153829451,158.8744376029657,0.0,0.0,66.41124517688641,78.31483972464632,468.60225149769397,0.0,0.0,20.77662370073424,24.567823833995854,113.08513051976202,0.0,0.0,28.028552275205234,33.06366327567727,192.75447801327187,22.995110764008193,15.771680908098903,470.33927173083296,551.7894360599811,4860.908633183175,0.0,0.0,42.07339181501446,49.32758636426823,433.8604128399035,0.0,21.25127692353148,42.48803638938317,21.0,30.0,0.0,21.778078044493499,41.33718724096047,16.0,30.0,0.0,22.499366425420456,40.279504895980199,21.0,30.0,0.0,21.801934217206264,41.80963619531543,19.0,30.0,0.0,18.985858171771043,47.75712311968102,12.0,30.0,0.0,23.06776753919523,44.80439383088623,19.0,30.0,0.0,19.6845909261373,46.259313454533018,10.0,30.0,0.0,18.870110519421269,48.87976039946544,16.0,30.0,0.0,19.59401281864394,46.38515507476531,16.0,30.0,0.0,21.135891833628447,0.0,0.0,0.0,21.328711491331704,0.0,0.0,520.3762403062267,526.958857146069,566.1962744237829,557.5483531654556,516.7096887599091,917.7960518056847,520.0664262602703,543.8281112211216,526.9769199824153,0.0,82.3624042440877,82.3624042440877,1744.0,0.0,1744.0,1744.0,16.0,19.0,19.0,16.0,16.0,12.0,21.0,10.0,1.0,0.0,0.0,0.0,0.0,0.0,0.0,0.0,0.0,0.0,0.0,0.0,0.0,82.3624042440877,82.3624042440877,0.0,0.0,0.0,82.3624042440877,0.0,0.0,0.039821333333333337 
 03/30  17:00:00,16.11,62.0,3.19,73.0,266.0,0.0,0.0,0.0,2.0,0.0,0.0,0.0,0.0,0.0,4.0,807.0,0.0,821.9798674610809,32.429015789076419,83.09849602702369,24.646775145131988,656.0145568782742,0.0,32.4290157890764,44.332923181521739,0.0,0.0,20.794511351829727,189.7931789180875,22.395797062525106,-301.92228817900289,21.821507969714469,-802.7610025968425,21.285531661925725,316.6966683188002,18.96936144518974,12.5939069535562,23.16166277001473,-53.29630587302711,19.432213922803546,76.44257801196864,18.582482816755026,101.07817327708438,19.489237560592465,59.73829086415276,350.1060413477462,-88.60023028567389,0.0,0.0,0.0,0.0,0.0,0.0,0.0,0.0,0.0,0.0,0.0,0.0,0.0,0.0,0.0,0.0,0.0,0.0,0.0,0.0,0.0,0.0,0.6799831632720018,0.20756506815384674,246.07792508444647,288.5506739636235,2541.4624531097317,0.07030530059223705,0.010730357233247414,224.67609678981277,262.9708846649269,2547.4268576034558,0.0,0.0,280.7651558173752,327.7222067793137,3590.9719591623486,0.0,0.0,263.6863959464698,308.52539118978367,3016.5140477380407,0.0,0.0,5.358147197394144,6.333181002252618,31.527773217207764,0.0,0.0,11.952657231335344,13.897632466416163,167.5479009267437,0.0,0.0,69.71800371056153,82.21039497071335,500.31777927241776,0.0,0.0,20.42549998046596,24.15063189006316,113.51180554474087,0.0,0.0,31.76969880762974,37.473657838925927,222.34091360169627,23.01833492178191,15.787609685721482,475.63989985104697,557.8895610553066,5024.564638720589,0.0,0.0,45.6401055516833,53.51814062996783,469.55209011643566,0.0,21.286537292882014,42.59976880410055,21.0,30.0,0.0,21.817435367301486,41.379658786902968,16.0,30.0,0.0,22.566819582497229,40.251575975333789,21.0,30.0,0.0,21.871308316519163,41.837512198299837,19.0,30.0,0.0,19.02515703716952,47.86299990886507,12.0,30.0,0.0,23.181520689390074,45.07192151364076,19.0,30.0,0.0,19.678010225824705,46.51546914743269,10.0,30.0,0.0,18.86044176140414,49.36717682175169,16.0,30.0,0.0,19.58800643820203,46.79936557748549,16.0,30.0,0.0,21.18215702011986,0.0,0.0,0.0,21.248652248914014,0.0,0.0,528.4466341553456,532.3188450697643,571.3231890387773,565.8856058048062,521.8818365514038,938.3505898753165,527.3211931515227,559.1613214177965,540.5541136736379,0.0,82.3624042440877,82.3624042440877,1744.0,0.0,1744.0,1744.0,16.0,19.0,19.0,16.0,16.0,12.0,21.0,10.0,1.0,0.0,0.0,0.0,0.0,0.0,0.0,0.0,0.0,0.0,0.0,0.0,0.0,82.3624042440877,82.3624042440877,0.0,0.0,0.0,82.3624042440877,0.0,0.0,0.04069333333333334 
 03/30  17:10:00,15.896666666666669,63.0,3.158333333333333,65.66666666666667,276.6666666666667,0.0,4.0,0.0,0.0,0.0,0.0,0.0,0.0,0.0,0.0,4035.0,0.0,799.1751701560811,29.47063632008797,75.51772924588806,23.962975743983038,637.8142441498884,0.0,29.470636320087956,40.28859415860286,0.0,0.0,20.936307234216529,269.5714247040633,22.43042874430784,-253.16855665087167,21.38511530802611,-326.89926548108459,21.347665914081824,-20.900984297351319,19.009638368661798,23.094617634509928,22.92905418575922,-514.4085231888433,19.77075628786552,389.2309134086243,18.60430654529656,121.44596239193858,19.545454691379086,214.78747225310844,299.01032838876059,-150.6517058547167,0.0,0.0,0.0,0.0,0.0,0.0,0.0,0.0,0.0,0.0,0.0,0.0,0.0,0.0,0.0,0.0,0.0,0.0,0.0,0.0,0.0,0.0,0.40328048236475957,0.12310149034333319,322.6640406144578,379.8809450239072,3620.49419737475,0.05938002340385221,0.00906288513489808,147.5213503802346,173.33008977279605,1752.3986302947593,0.16588041163175064,0.03134550484349031,174.80796564974853,205.6798974338899,2106.462934341454,0.018379761914347656,0.003473122054865392,12.185210035858852,14.313270420947397,144.39841261041929,0.0,0.0,8.645592618395785,10.261957137472726,55.15385762885325,0.0,0.0,102.90388927403275,120.58776571090232,1393.6323722333289,0.0,0.0,226.83025009171767,267.850379197252,2023.2020786360936,0.0,0.0,27.45119914599635,32.583035811865389,165.57123697474163,0.0,0.0,93.60739638011005,110.75895382321898,717.4233437146706,23.266741330963627,15.957984451964084,290.2611589875149,342.45345352016258,3151.030225786312,0.0,0.0,112.66542751380622,132.68373140094014,1162.306978236759,0.0,21.53324863681556,42.47054040868679,21.0,30.0,0.0,21.88107288373603,41.47771076480087,16.0,30.0,0.0,21.86447574317374,41.6796144385964,21.0,30.0,0.0,21.859485100660597,45.1196713590508,19.0,30.0,0.0,19.062348798591097,48.40175861764202,12.000000000000002,30.0,0.0,22.707583261134454,41.458667395042628,16.0,30.0,0.0,20.3391981460441,47.312753249194177,10.0,30.0,0.0,18.883889796043019,50.093629194257477,16.0,30.0,0.0,19.694994182818637,47.83953234026722,16.0,30.0,0.0,20.951314188815066,0.0,0.0,0.0,21.068341519396257,0.0,0.0,545.4001825240721,535.1572589139115,544.1100103171702,746.6538685052719,545.0750134482066,676.7529494160308,647.7928883293167,587.6959922712691,594.3405692456754,0.0,82.3624042440877,82.3624042440877,162.0,0.0,162.0,162.0,16.0,19.0,16.0,16.0,16.0,12.0,21.0,10.0,1.0,0.0,0.0,0.0,0.0,0.0,0.0,0.0,0.0,0.0,0.0,0.0,0.0,82.3624042440877,82.3624042440877,0.0,0.0,0.0,82.3624042440877,0.0,0.0,0.0038609999999999996 
 03/30  17:20:00,15.683333333333334,64.0,3.126666666666667,58.33333333333333,287.3333333333333,0.0,4.0,0.0,0.0,0.0,0.0,0.0,0.0,0.0,0.0,1614.0,0.0,773.3429583764262,26.421702127243849,67.70491657013277,23.188397255315118,617.1976985130142,0.0,26.421702127243834,36.12046996278918,0.0,0.0,20.91828988811575,180.42887740205698,22.426468238821785,-340.80563907303806,21.06333121206268,-47.6596100558595,21.36030411084074,-35.14999646153464,19.064972154584419,23.701234156641705,22.688604345596013,-330.4814547699375,19.91309448667147,194.29131222322395,18.6448881841052,125.05052899701843,19.66017625514673,200.04924392357476,287.7141569552414,-119.39360746299599,0.0,0.0,0.0,0.0,0.0,0.0,0.0,0.0,0.0,0.0,0.0,0.0,0.0,0.0,0.0,0.0,0.0,0.0,0.0,0.0,0.0,0.0,0.44347839272648068,0.13537191475167299,253.26807012630708,297.71021130038278,2903.923151299051,0.028870372499958314,0.004406345009151147,185.24088765835163,217.25152919445675,2272.5393422930276,0.4164200223896541,0.07868859077657865,119.73553590202474,140.75660943775217,1352.744632648757,0.0,0.0,17.02346060484056,19.927226563541646,207.78673657650433,0.0,0.0,7.992540095919624,9.467659956713995,55.461636581310987,0.0,0.0,89.50034250076597,104.85367685991793,1180.3688611219218,0.0,0.0,226.36256327601178,266.8092447112036,2194.220452718847,0.0,0.0,30.06985872119384,35.627839963443708,197.57446389853886,0.0,0.0,103.17411223589559,121.8696827167162,870.5140615420279,23.29292222551281,15.975941169761878,230.51615966791437,271.46293857318639,2608.4999798348828,0.0,0.0,124.80609370128244,146.85502966709596,1328.0227021735876,0.0,21.43947676571351,42.775011976845117,21.0,30.0,0.0,21.868109607440084,41.75875656933198,16.0,30.0,0.0,21.342748516691374,43.65795419696384,21.0,30.0,0.0,21.83202481966797,49.268054409278807,19.0,30.0,0.0,19.128038041607547,49.178586483336079,12.0,30.0,0.0,22.31786130626003,41.502708527094309,16.0,30.0,0.0,20.524941442971895,46.14201983397053,10.0,30.0,0.0,18.94083465911839,51.02549501516556,16.0,30.0,0.0,19.887397675102326,48.26780924483434,16.0,30.0,0.0,20.84791734337311,0.0,0.0,0.0,20.997529969146986,0.0,0.0,541.0202313184218,537.4727139098598,575.4998852236868,966.7218612672036,580.5617325923823,625.5109370403616,616.9255887238091,627.7341505413,633.3893437295841,0.0,82.3624042440877,82.3624042440877,162.0,0.0,162.0,162.0,16.0,19.0,16.0,16.0,16.0,12.0,21.0,10.0,1.0,0.0,0.0,0.0,0.0,0.0,0.0,0.0,0.0,0.0,0.0,0.0,0.0,82.3624042440877,82.3624042440877,0.0,0.0,0.0,82.3624042440877,0.0,0.0,0.004023 
 03/30  17:30:00,15.469999999999999,65.0,3.0949999999999999,51.0,298.0,0.0,4.0,0.0,0.0,0.0,0.0,0.0,0.0,0.0,0.0,807.0,0.0,744.5210274582863,23.28295857648846,59.66196799447609,22.324172957715186,594.1950840642829,0.0,23.28295857648845,31.829569565836424,0.0,0.0,20.899845829148654,165.19204697799069,22.347859650409459,-396.72300537911908,20.936047022689708,40.232236142686819,21.367372043850965,-49.61305593517136,19.115559750687554,22.25106468241279,22.582806952092449,-267.99752355274316,19.92029283227341,173.90829267864138,18.679864712376806,123.75534964023155,19.711997057459926,160.2966670304486,269.9573444264588,-85.21968840635509,0.0,0.0,0.0,0.0,0.0,0.0,0.0,0.0,0.0,0.0,0.0,0.0,0.0,0.0,0.0,0.0,0.0,0.0,0.0,0.0,0.0,0.0,0.5076000402265382,0.154945067224218,216.10725850442928,253.2980393804718,2540.613907289982,0.02119340878987547,0.003234647251201995,212.63181087722814,248.90762400664665,2644.1518467857119,0.560699162080769,0.10595222261541368,106.12970163460733,124.43529327237606,1211.9665875326446,0.0,0.0,24.294408019071878,28.37354783434173,305.8671603506047,0.0,0.0,7.510855658409995,8.869013302119856,56.201477174877627,0.0,0.0,81.97791246139146,95.80871894826018,1092.6867571898395,0.0,0.0,204.91348221848038,240.85788774913238,2057.866421252399,0.0,0.0,30.24509939821886,35.731738843285167,214.4598198153988,0.0,0.0,89.47542575336779,105.35475999026328,806.0370748228663,23.319026232505537,15.993845152610112,209.10729899793928,245.60922479901203,2425.191959354191,0.0,0.0,110.37547023167972,129.53000659549623,1212.3394087261355,0.0,21.366519079239855,43.187001946929878,21.0,30.0,0.0,21.729007590914035,42.39994352826568,16.0,30.0,0.0,21.176933705818507,44.92104848278236,21.0,30.0,0.0,21.807286641127648,49.93393063265991,19.0,30.0,0.0,19.184599027261919,49.484606907623568,12.0,30.0,0.0,22.17147917648174,41.70237017151799,16.0,30.0,0.0,20.484927435093448,46.29445869057173,10.0,30.0,0.0,18.986392718364909,50.94489540984956,16.0,30.0,0.0,19.958172054561208,48.020246218226137,16.0,30.0,0.0,20.713391869166967,0.0,0.0,0.0,20.952427980914267,0.0,0.0,543.4815929143827,540.8704032386081,616.8153730391977,981.8601930443257,596.225374894042,613.042820110682,614.2834073876103,626.7788007396213,628.9340282071513,0.0,82.3624042440877,82.3624042440877,162.0,0.0,162.0,162.0,16.0,19.0,16.0,16.0,16.0,12.0,21.0,10.0,1.0,0.0,0.0,0.0,0.0,0.0,0.0,0.0,0.0,0.0,0.0,0.0,0.0,82.3624042440877,82.3624042440877,0.0,0.0,0.0,82.3624042440877,0.0,0.0,0.0041849999999999999 
 03/30  17:40:00,15.256666666666668,66.0,3.0633333333333336,43.5,248.33333333333335,0.0,4.0,0.0,0.0,0.0,0.0,0.0,0.0,0.0,0.0,807.0,0.0,613.3887421441805,19.479345231874047,49.91526725558298,18.392217660049718,489.5396137584378,0.0,19.479345231874036,26.62974175373851,0.0,0.0,20.87840726251541,143.75275218059324,22.252653653107357,-369.1779206843639,20.864118686077356,58.79446648414705,21.374974432189747,-56.89631413262259,19.14647548997425,20.833870415811249,22.473239935955975,-248.30077435319118,19.93677983475322,166.17499171842247,18.700039158465338,117.27118494491447,19.73031033805471,137.6760673804797,257.6785917340967,-66.48645709302673,0.0,0.0,0.0,0.0,0.0,0.0,0.0,0.0,0.0,0.0,0.0,0.0,0.0,0.0,0.0,0.0,0.0,0.0,0.0,0.0,0.0,0.0,0.5347690230906818,0.16323840753683817,205.2240177632547,240.5933592429647,2471.3589510609529,0.03812809303405241,0.005819306018628268,201.65766948865397,236.1031401658006,2562.158337757037,0.6070527657926079,0.11471140699028877,125.62795150303252,147.33564015256008,1468.3752793171464,0.0,0.0,26.484839997034429,30.93347835958028,344.04895856806015,0.0,0.0,7.348809931949395,8.676560624331092,58.52123560898869,0.0,0.0,79.59573388769013,93.05549547406622,1080.11137852041,0.0,0.0,196.64517498246975,231.15388270677449,2054.2625972144526,0.0,0.0,30.032060179709374,35.47918120234819,226.84150433377958,0.0,0.0,83.89755333283175,98.78484517129906,793.3986838964321,23.40621517547749,16.05364552501886,199.88377520897684,234.844310397485,2375.687455013742,0.0,0.0,103.89508204208726,121.96254169148399,1168.0540621216983,0.0,21.293524885056266,43.57210012274732,21.0,30.0,0.0,21.649205754974696,43.02204744709771,21.0,30.0,0.0,21.098885573684805,45.199285840740319,21.0,30.0,0.0,21.795229247982428,49.97300008049523,19.0,30.0,0.0,19.211533592003876,49.62554944914629,12.0,30.0,0.0,22.07737986686098,41.95011440842279,16.0,30.0,0.0,20.47390038864311,46.28172709263599,10.0,30.0,0.0,19.004042571720647,50.79553083254296,16.0,30.0,0.0,19.969358418462986,47.98075456421497,16.0,30.0,0.0,20.600854656083933,0.0,0.0,0.0,20.867403281139983,0.0,0.0,544.4575342392636,562.3882030271066,613.2271551936603,974.9232848937543,602.3635701839379,610.1870993509464,609.4263241697983,620.2513947782002,625.9473674278937,0.0,82.3624042440877,82.3624042440877,162.0,0.0,162.0,162.0,21.0,19.0,16.0,16.0,16.0,12.0,21.0,10.0,1.0,0.0,0.0,0.0,0.0,0.0,0.0,0.0,0.0,0.0,0.0,0.0,0.0,82.3624042440877,82.3624042440877,0.0,0.0,0.0,82.3624042440877,0.0,0.0,0.004347 
 03/30  17:50:00,15.043333333333333,67.0,3.0316666666666665,36.00000000000001,198.66666666666669,0.0,4.0,0.0,0.0,0.0,0.0,0.0,0.0,0.0,0.0,807.0,0.0,492.4611737079515,15.803237035464792,40.495309739706168,14.76624812640916,393.0284442185187,0.0,15.803237035464783,21.604223146008498,0.0,0.0,20.866645896422527,135.77670608478548,22.13250702945667,-374.4465226983011,20.807202830168998,63.62423587662852,21.379744793181815,-65.20607301662949,19.17067007976807,19.6387876075878,22.359760241617889,-230.39632627596303,19.94379431202785,155.40046809056913,18.71269510284455,111.09558976200629,19.737457644130239,123.80281493589064,260.54759540535636,-46.92315236157265,0.0,0.0,0.0,0.0,0.0,0.0,0.0,0.0,0.0,0.0,0.0,0.0,0.0,0.0,0.0,0.0,0.0,0.0,0.0,0.0,0.0,0.0,0.5643451957470974,0.17226654326834477,208.25622868977417,244.16620255280953,2577.5341448881329,0.04338627311603659,0.006621836556171642,205.0013554487141,240.08783788427275,2647.006346169946,0.6430330895474524,0.12151040996739468,132.12689876104,154.98731163378208,1584.8192236486655,0.0,0.0,27.75899817430326,32.42315723805056,371.7463641318828,0.0,0.0,7.184139737711611,8.481530234808245,60.511899748859359,0.0,0.0,77.70672062730654,90.8762098785387,1073.828280583886,0.0,0.0,191.67904601222856,225.33601098153154,2075.3130233734166,0.0,0.0,29.837111393803803,35.24899798942743,238.4542228224114,0.0,0.0,81.43809581911443,95.89144274026218,804.0946847597023,23.508008694995469,16.12346275376919,204.31190925568698,240.10250580005084,2488.4377574661255,0.0,0.0,100.85793111235918,118.44123927186478,1156.6753999448827,0.0,21.246135569952668,44.09978270358807,21.0,30.0,0.0,21.537084067876394,43.72076087555354,21.0,30.0,0.0,21.03719891075336,45.5013852783864,21.0,30.0,0.0,21.783720567328957,50.03802684948664,19.0,30.0,0.0,19.227854412346603,49.71303273312296,12.0,30.0,0.0,21.987379983230729,42.17754107388689,16.0,30.0,0.0,20.45085431107478,46.3722667746099,10.0,30.0,0.0,19.009552238669995,50.7453793026963,16.0,30.0,0.0,19.96458887515548,48.01867128189059,16.0,30.0,0.0,20.528215483359529,0.0,0.0,0.0,20.76534362990612,0.0,0.0,564.4305200243568,578.6691499579355,611.4297026826614,970.4096763909577,605.0709874819896,607.3471726715322,606.7525891975745,615.9901202791385,624.0181897794865,0.0,82.3624042440877,82.3624042440877,162.0,0.0,162.0,162.0,21.0,19.0,16.0,16.0,16.0,12.0,21.0,10.0,1.0,0.0,0.0,0.0,0.0,0.0,0.0,0.0,0.0,0.0,0.0,0.0,0.0,82.3624042440877,82.3624042440877,0.0,0.0,0.0,82.3624042440877,0.0,0.0,0.004418999999999999 
 03/30  18:00:00,14.83,68.0,3.0,28.5,149.0,0.0,4.0,0.0,0.0,0.0,0.0,0.0,0.0,0.0,0.0,807.0,0.0,365.0990642470108,12.260454216421513,31.41700967000463,10.947344999868193,291.38196860258469,0.0,12.260454216421508,16.760970437168465,0.0,0.0,20.838577697404845,112.4638714845023,22.011964518790749,-338.2327618069794,20.767720244333128,67.87934787890481,21.383029522862154,-70.70194331664311,19.189073047409154,18.62521220016913,22.235044108512317,-214.971469662833,19.94730328092005,146.5186504203166,18.71926760721421,104.64869670967232,19.73661539635058,110.44987090560062,253.49107168618139,-27.02062086783053,0.0,0.0,0.0,0.0,0.0,0.0,0.0,0.0,0.0,0.0,0.0,0.0,0.0,0.0,0.0,0.0,0.0,0.0,0.0,0.0,0.0,0.0,0.5895419838538245,0.17995787052925048,192.62345864686086,225.87883160948378,2437.5832871635955,0.06034489624495805,0.009210148999535723,188.92937628801608,221.32586831089533,2487.978927432323,0.6778741642714063,0.12809413534985007,141.80957326313087,166.35731178559824,1751.0880528250476,0.0,0.0,28.563532941739959,33.364774409280609,394.1215796649921,0.0,0.0,7.1098865316169699,8.39356225439192,63.04781609274764,0.0,0.0,75.88273346751669,88.7724153241886,1066.5997376115168,0.0,0.0,188.42202020628,221.52525938651017,2111.146347217876,0.0,0.0,29.67374117545381,35.05729701798498,249.61416990214767,0.0,0.0,79.52502225044097,93.64549496743614,816.6004335173691,23.52188398016868,16.13297941026659,188.79577707116838,221.93997112069989,2362.954553574166,0.0,0.0,98.65913217532338,115.90855692930929,1149.9002061190436,0.0,21.168065148149098,44.70137265249493,21.0,30.0,0.0,21.45010571068616,44.0926743927684,21.0,30.0,7.661045918112539,21.00020471487152,45.87770369739066,21.0,30.0,0.0,21.774598337075856,50.02461058137327,19.0,30.0,0.0,19.236602384472424,49.781860942869489,12.0,30.0,0.0,21.891029202630166,42.46911160709583,16.0,30.0,0.0,20.42615357531545,46.51408598490321,10.0,30.0,0.0,19.005716114679495,50.71764464715523,16.0,30.0,0.0,19.94852178295517,48.06195494047255,16.0,30.0,0.0,20.416182872710789,0.0,0.0,0.0,20.643318397358944,0.0,0.0,579.7770765188599,579.4787169899215,623.3486993834569,961.7316438533687,605.9066306912334,605.9992160930882,607.5006276139108,611.4788774104422,620.7519961740761,7565.544973724532,83.00238403342012,83.00238403342012,162.0,0.0,162.0,162.0,21.0,19.0,16.0,16.0,16.0,12.0,21.0,10.0,1.0,0.0,0.0,0.0,7.661045918112539,0.0,0.0,0.0,0.0,0.0,0.0,0.0,0.0,83.00238403342012,83.00238403342012,0.34,0.6173778725859178,0.36028137401965956,83.00238403342012,0.3542647819438875,0.0,0.004491 
 03/30  18:10:00,14.543333333333333,69.16666666666667,2.995,20.999999999999998,99.33333333333332,0.0,0.0,0.0,0.0,0.0,0.0,4.0,0.0,0.0,0.0,3232.0,0.0,235.01877023110047,8.860365508242272,22.70437404106477,7.04694129340587,187.56617001639354,0.0,8.860365508242266,12.112791396198475,0.0,0.0,20.93625715377177,210.05859135665896,22.15898498012864,-42.45961404522282,21.3886331603904,-755.432407660883,21.182820207225406,-100.04306488881923,19.203540228790965,17.338804563189684,22.110253306455698,-199.65808122074464,19.95100118482383,134.9514303455901,18.71744530347482,89.68065275289138,19.729815299884608,86.89023482840992,279.4009325313403,-8.805225447121302,0.0,0.0,0.0,0.0,0.0,0.0,0.0,0.0,0.0,0.0,0.0,0.0,0.0,0.0,0.0,0.0,0.0,0.0,0.0,0.0,0.0,0.0,0.7097586206510019,0.21665403560775399,175.95326802476189,206.89797876911423,2415.0026075132375,0.07464481610059087,0.011392676450029133,13.99799221508056,16.43684325507383,204.03221247278624,0.4081617639584988,0.07712807331037396,337.4860325309552,396.5898866320451,5044.608624333032,0.07835423993563581,0.014806167788290966,209.51701844003407,246.8861908934025,2884.349752544136,0.0,0.0,7.161891634524112,8.490241074956117,67.6267287261905,0.0,0.0,72.48067219200688,85.1785518987789,1049.5862514389613,0.0,0.0,192.73751483092554,227.54015155200515,2260.860431807444,0.0,0.0,28.834482503458493,34.21065665898054,257.93602722338508,0.0,0.0,83.93880617575769,99.25576076473101,905.5421426079787,24.392524503610603,16.73012654568629,315.3224180556528,372.3725098750452,4178.049620401573,0.0,0.0,103.20043448325127,121.79358703809163,1232.7718289321657,0.0,21.333551512778806,46.58981580679649,21.0,30.0,0.0,21.84344788279047,46.02015565568637,21.0,30.0,1358.6810927201769,21.978324066535718,45.27839582155368,21.5,30.0,0.0,21.45866729997632,48.184979577727187,16.0,30.0,0.0,19.23964607584356,49.868559801891098,12.0,30.0,0.0,21.820373515506057,42.92637854884782,16.0,30.0,0.0,20.405826299178068,47.19315498192252,10.0,30.0,0.0,18.987491017352416,50.807746225222818,16.0,30.0,0.0,19.925037428083216,48.102486565234269,16.0,30.0,0.0,20.425248781545315,0.0,0.0,0.0,20.502909251002909,0.0,0.0,705.6899830657862,749.9106048834942,725.5938545375283,799.435212101161,607.5035813049135,616.6298406054795,632.491131407081,609.3184223238104,615.3974893253072,5192.402296434866,80.95092059566858,82.72737506059852,240.0,0.0,240.0,240.0,21.0,16.0,16.0,16.0,16.0,12.0,21.0,10.0,1.0,0.0,0.0,0.0,1358.6810927201769,0.0,0.0,0.0,0.0,0.0,2688.3955639581256,1613037.3383748753,2088848.2442061254,80.95092059566858,82.75754515483713,0.17461318546527086,0.3860444642902898,0.18014068700982978,82.75754515483713,0.17713239097194376,2088848.2442061254,0.11538010869871851 
 03/30  18:20:00,14.256666666666668,70.33333333333334,2.99,13.499999999999999,49.66666666666666,0.0,0.0,0.0,0.0,0.0,0.0,4.0,0.0,0.0,0.0,2427.0,0.0,109.88722785582152,5.306189614995105,13.596917546264365,3.2949260627264147,87.69994531377424,0.0,5.306189614995103,7.253963491158608,0.0,0.0,20.907991115353405,39.067589222908868,22.366573084917243,-99.24525850119278,20.912386155364606,-155.2216180049705,21.02328074789662,6.238264919530746,19.216009749704385,16.532121847558373,21.963188311993905,-175.1832680808947,19.954923009324366,127.63884729319847,18.709935527472305,85.78985062522986,19.71222788248707,76.30733968955471,320.0355382716224,19.760212799321374,0.0,0.0,0.0,0.0,0.0,0.0,0.0,0.0,0.0,0.0,0.0,0.0,0.0,0.0,0.0,0.0,0.0,0.0,0.0,0.0,0.0,0.0,0.719629200208096,0.21966703303055425,162.47735653250732,191.338806120036,2282.5352686192607,0.019726289990888446,0.003010728020587369,30.530351500740303,35.72607833780013,487.430071767575,0.6201903516886216,0.11719394400767602,269.0889371546373,317.0518501341496,3703.7020298563299,0.12260794748376683,0.023168546387711029,136.92517981198456,161.19636200966813,1913.1494256848744,0.0,0.0,6.929481952150285,8.212181263857591,69.44960793138714,0.0,0.0,72.3309783586728,84.9825115231254,1073.71409744726,0.0,0.0,195.94962820981415,231.26480000424625,2403.264582527672,0.0,0.0,29.784817916820644,35.32658516426641,282.15112372775129,0.0,0.0,87.02992976922622,102.89385845811516,982.4786446267297,24.728670534198966,16.96067937873729,264.9294602353126,312.6440244962384,3688.9154700751735,0.0,0.0,107.31626290559527,126.67161043766929,1311.2754791144874,0.0,21.238438546313565,47.476686612433258,20.999999999999994,29.99999999999999,0.0,22.28204660895897,48.063249261516208,20.999999999999994,29.99999999999999,0.0,21.151605077866237,47.298202649952539,20.999999999999994,29.99999999999999,0.0,21.250161034988368,47.37922284348619,15.999999999999993,29.99999999999999,0.0,19.24213349134296,50.15667691431347,11.999999999999995,29.99999999999999,0.0,21.71353565231864,43.924752737599828,15.999999999999993,29.99999999999999,0.0,20.386110962540817,47.593560493546878,9.999999999999997,29.99999999999999,0.0,18.963152933987108,51.24176975084016,15.999999999999993,29.99999999999999,0.0,19.88738438222333,48.52981310541962,15.999999999999993,29.99999999999999,0.0,20.55618383688214,0.0,0.0,0.0,20.34913431984271,0.0,0.0,724.3648087548548,923.260108918468,698.9485812519619,717.1214745072214,616.225775486221,649.3563423742752,644.0265662221402,619.7418203367209,625.1448947419228,0.0,80.76363743971453,80.76363743971453,239.99999999999992,0.0,239.99999999999992,239.99999999999992,21.0,16.0,16.0,16.0,16.0,12.0,21.0,10.0,1.0,0.0,0.0,0.0,0.0,0.0,0.0,0.0,0.0,0.0,0.0,0.0,0.0,80.76363743971453,80.76363743971453,0.0,0.0,0.0,80.76363743971453,0.0,0.0,0.006773333333333334 
 03/30  18:30:00,13.969999999999999,71.5,2.9850000000000005,0.0,0.0,0.0,0.0,0.0,0.0,0.0,0.0,4.0,0.0,0.0,0.0,2430.0,0.0,0.0,0.0,0.0,0.0,0.0,0.0,0.0,0.0,0.0,0.0,21.281926288320166,-638.1495227322237,22.418019083674943,-173.6959966869399,21.106334150580954,-63.81819593982797,20.88804183770007,2.2426916512170775,19.225725190212196,16.023425499394948,21.825059538133734,-158.36363712212438,19.961693240872198,141.26587510459434,18.699130619568068,77.71398220307072,19.685432384369027,56.896621724574718,341.3704633708814,44.023143369044479,0.0,0.0,0.0,0.0,0.0,0.0,0.0,0.0,0.0,0.0,0.0,0.0,0.0,0.0,0.0,0.0,0.0,0.0,0.0,0.0,0.0,0.0,0.5740602022064607,0.175232051955574,265.82708303520487,312.23166979205976,4058.240641367539,0.0,0.0,38.29989290393679,44.84645661654301,643.5144055922398,1.0622537052347945,0.20072821338525974,278.96260758123466,327.7558561819684,4179.621097600435,0.17636199234715053,0.03332615123717884,72.42382118703651,85.26157702061698,1023.2282360814688,0.0,0.0,7.132837527975628,8.45168707727498,75.59035529497089,0.0,0.0,70.59139111081277,82.96055771778338,1073.9891121386675,0.0,0.0,201.10718805218597,237.32485982143732,2579.7163383405197,0.0,0.0,30.863228873433888,36.608022219804478,308.3518252394491,0.0,0.0,89.88029622649282,106.27936338249882,1057.4225478638687,25.083341716337324,17.203938077048919,283.31287900778457,334.1686890727482,3957.6037231001375,0.0,0.0,110.66455610511554,130.69329084685223,1380.776970994194,1098.5955420889937,21.678440435325645,46.23572682166274,21.666666666666658,29.99999999999999,0.0,22.453005626687028,48.20073932752656,20.999999999999994,29.99999999999999,663.7949747367266,21.403710561537463,47.37001938384697,21.333333333333326,29.99999999999999,0.0,21.046232571015684,48.168628501605137,15.999999999999993,29.99999999999999,0.0,19.242285570026867,50.61206100671224,11.999999999999995,29.99999999999999,0.0,21.60983231553074,45.00333974613992,15.999999999999993,29.99999999999999,0.0,20.380372350459284,48.55658682626334,9.999999999999997,29.99999999999999,0.0,18.934034400998916,52.05776992091296,15.999999999999993,29.99999999999999,0.0,19.837391345752076,49.40605255980813,15.999999999999993,29.99999999999999,0.0,20.40754550950208,0.0,0.0,0.0,20.187798712072828,0.0,0.0,690.1311297970439,927.8762129989328,735.968481121536,723.9609105676111,630.5341996299414,679.4934133601614,676.7672195103414,643.7557863202992,650.184681022098,8924.065953919775,82.10409322073993,84.46253739397747,239.99999999999992,0.0,239.99999999999992,239.99999999999992,21.0,16.0,16.0,16.0,16.0,12.0,21.0,10.0,1.0,0.0,1098.5955420889937,0.0,663.7949747367266,0.0,0.0,0.0,0.0,0.0,3569.1648874785116,2141498.932487108,2779455.9407285496,82.10409322073993,84.5025916055364,0.345638829582617,0.7685650259747536,0.36028137401965945,84.5025916055364,0.35426478194388735,2779455.9407285496,0.15131837558455125 
 03/30  18:40:00,13.683333333333334,72.66666666666667,2.98,0.0,0.0,0.0,0.0,0.0,0.0,0.0,0.0,4.0,0.0,0.0,0.0,5670.0,0.0,0.0,0.0,0.0,0.0,0.0,0.0,0.0,0.0,0.0,0.0,21.154064775774587,-150.2661929674299,22.457214602215445,-173.66883053313456,21.187177239417836,-305.3282361276058,20.885848055493633,177.1088206936046,19.242493201824656,15.307837677963965,21.720685386123706,-131.0704870344766,19.991931565613294,114.47907384776286,19.48562312071585,2.1423013542006137,19.664202794451904,55.94736383574404,323.129118895113,95.23810071604497,0.0,0.0,0.0,0.0,0.0,0.0,0.0,0.0,0.0,0.0,0.0,0.0,0.0,0.0,0.0,0.0,0.0,0.0,0.0,0.0,0.0,0.0,0.755322886507584,0.23056254166898183,116.71525936165377,137.4267157419515,1828.0794131292503,0.0,0.0,39.545221617660619,46.32162969296111,695.2328139565134,0.7793902841421788,0.1472770756126568,202.88156165608806,238.9097432615817,3173.566108473849,0.19507693642241648,0.03686261081300388,207.65277457440369,244.83799932579508,3069.457345959255,0.0,0.0,6.863971918347284,8.143029840972496,76.74177881905524,0.0,0.0,67.58681390464769,79.54112628232987,1055.97502832825,0.0,0.0,196.299617595656,231.9340835781345,2636.599501592499,0.0,0.0,16.532904741375299,19.58066114762547,211.01458302749678,0.0,0.0,105.1396260340096,124.4530169071792,1289.6969790595554,25.675161239513959,17.609849958514397,212.18922718915437,250.86671530491615,3154.6559504545609,0.0,0.0,112.75570051208263,133.39951028959377,1433.106765743043,0.0,21.481013766853967,47.31453526428652,21.000000000000015,30.00000000000002,0.0,22.559145019726114,48.46701656914529,21.000000000000015,30.00000000000002,0.0,21.492256773821226,46.880143053044857,21.000000000000015,30.00000000000002,0.0,21.106066044443926,48.0966576633212,16.00000000000001,30.00000000000002,0.0,19.24754685043825,51.031555937116269,12.00000000000001,30.00000000000002,0.0,21.527981499397734,45.69745845393978,19.000000000000015,30.00000000000002,0.0,20.39802052873027,48.829414051118437,10.000000000000007,30.00000000000002,894.3778318357884,20.26364865602485,48.391995609539879,20.55714285714287,30.00000000000002,0.0,19.802025260414298,50.07299915468407,16.00000000000001,30.00000000000002,0.0,20.304328912614687,0.0,0.0,0.0,20.014617002849496,0.0,0.0,723.6230267129904,949.7747950804635,703.5063339233689,715.2997202996459,643.0579159155308,692.878741415213,681.786783259632,658.046623579866,665.7573425209826,7736.833242775843,81.92782150331994,81.92782150331994,240.00000000000018,0.0,240.00000000000018,240.00000000000018,21.0,16.0,19.0,16.0,19.7,12.0,21.0,10.0,1.0,0.0,0.0,0.0,0.0,0.0,0.0,0.0,894.3778318357884,0.0,0.0,0.0,0.0,81.92782150331994,81.92782150331994,0.29142857142857167,0.6596275607323312,0.3088126063025655,81.92782150331994,0.30365552738047527,0.0,0.006799999999999998 
 03/30  18:50:00,13.396666666666667,73.83333333333333,2.975,0.0,0.0,0.0,0.0,0.0,0.0,0.0,0.0,4.0,0.0,0.0,0.0,2434.0,0.0,0.0,0.0,0.0,0.0,0.0,0.0,0.0,0.0,0.0,0.0,21.174852172589234,-56.40648020197186,22.466436282108878,-211.3562376694756,20.8278110492086,-115.35237339525514,20.845963747547658,25.504589431228568,19.26430316431,15.431798470427474,21.628827433336484,-118.12060105735078,19.965056438392595,100.16860422753666,19.4534598533018,-1.9969084409505263,19.637886035979418,38.306169231100167,300.2160646535136,124.48680177273046,0.0,0.0,0.0,0.0,0.0,0.0,0.0,0.0,0.0,0.0,0.0,0.0,0.0,0.0,0.0,0.0,0.0,0.0,0.0,0.0,0.0,0.0,0.813780549807509,0.2484067612355036,89.1974598703979,104.85467497779014,1415.2758304948807,0.0,0.0,45.40997070230177,53.12058312383138,828.0140414853602,0.8350133198127046,0.15778785332817564,157.93551640463893,186.09144042433057,2412.1486071380579,0.1754637938808425,0.033156423635835718,113.72418237737296,134.0771943281972,1739.5260282629966,0.0,0.0,6.671774154938129,7.9058235972562589,78.6304130896458,0.0,0.0,67.71503934073637,79.61892002844852,1086.551953841622,0.0,0.0,187.3650131589315,221.16152068256995,2601.603009837777,0.0,0.0,7.00709879418131,8.274558151585426,93.94238517331901,0.0,0.0,105.5725663481785,124.87304122973024,1346.5025070001344,25.785138674087585,17.685280297728136,167.5487848287121,197.99688703577457,2606.743085181642,0.0,0.0,107.18876875012941,126.74662891808606,1382.9789661654382,449.1056507629952,21.397044844596008,48.3396351349002,21.33333333333335,30.00000000000002,0.0,22.603353424095134,48.255027115690449,21.000000000000015,30.00000000000002,52.39936136937804,21.02353532279203,48.464625851037357,21.000000000000015,30.00000000000002,0.0,21.039350295280565,48.4933485261636,16.000000000000015,30.00000000000002,0.0,19.262137595020535,51.58749246256633,12.00000000000001,30.00000000000002,0.0,21.449751609125444,46.479671475155317,19.000000000000015,30.00000000000002,0.0,20.335741711109116,49.42689867713239,10.000000000000007,30.00000000000002,0.0,20.116776119220476,49.089609741727958,19.700000000000018,30.00000000000002,0.0,19.756376591440174,50.673382593310559,16.000000000000015,30.00000000000002,0.0,20.127955248375508,0.0,0.0,0.0,19.818638641814887,0.0,0.0,761.5142963791727,934.856384067202,707.2492924384179,717.2748939743078,661.244313705909,712.8949528385097,695.9449144871732,665.473902432421,678.2806697254473,6833.255453379901,81.24341310096058,81.24341310096058,240.00000000000018,0.0,240.00000000000018,240.00000000000018,21.0,16.0,19.0,16.0,19.7,12.0,21.0,10.0,1.0,0.0,449.1056507629952,0.0,52.39936136937804,0.0,0.0,0.0,0.0,0.0,0.0,0.0,0.0,81.24341310096058,81.24341310096058,0.22666666666666686,0.46390796612176446,0.24018758267977323,81.24341310096058,0.23617652129592518,0.0,0.006773333333333334 
 03/30  19:00:00,13.11,75.0,2.97,0.0,0.0,0.0,0.0,0.0,0.0,0.0,0.0,4.0,0.0,0.0,0.0,3248.0,0.0,0.0,0.0,0.0,0.0,0.0,0.0,0.0,0.0,0.0,0.0,21.37736162419035,-74.74025457801986,22.46283483253879,-172.30199769931296,21.363583431680817,-784.519560490495,20.892465501576909,299.0665184501907,19.286604841358647,12.949943046584352,21.54598117205891,-116.65350329586647,19.968194523674386,116.94665694467608,19.54001858950872,-8.990879975726813,19.601060656341983,13.80067735901855,423.8641061139174,159.82885248082244,0.0,0.0,0.0,0.0,0.0,0.0,0.0,0.0,0.0,0.0,0.0,0.0,0.0,0.0,0.0,0.0,0.0,0.0,0.0,0.0,0.0,0.0,0.8382937248540774,0.25588941540112256,172.78213157356493,203.33684773663539,2926.829827715826,0.0,0.0,39.12735216398729,45.815921239325259,737.3221618419136,0.8139796271002407,0.15381323263421033,317.9698789822774,373.60281288045646,5533.864554137293,0.2129850404193101,0.040246606277269478,209.48674430098886,246.37649677595585,3396.1274023876196,0.0,0.0,6.812542549809656,8.075564208040165,84.40487465486882,0.0,0.0,66.07253386138295,77.75033078287945,1088.7839873162455,0.0,0.0,195.6469129419061,231.04531327758353,2823.2072348922049,0.0,0.0,12.25761747841054,14.489343714541193,171.98808153862727,0.0,0.0,105.36795762872224,124.69912082254003,1391.4401291949278,26.549699458468905,18.209670410472506,325.00136194499569,383.5737320863442,5204.653264721478,0.0,0.0,112.24152536512178,132.8613078333688,1473.6910489958753,0.0,21.58273775676661,47.38966220833921,21.0,30.0,0.0,22.627090281417517,48.39318328838183,21.0,30.0,1301.7262281465856,21.835456933710508,46.330410017916509,21.5,30.0,0.0,21.182499258423534,48.313035251534277,16.0,30.0,0.0,19.277399461157466,52.02542948397701,12.0,30.0,0.0,21.37854744827945,47.00429386142096,19.0,30.0,0.0,20.322105732451374,49.882622022791938,10.0,30.0,530.7149884362971,20.141727575441239,49.37839683894288,20.2,30.0,0.0,19.69480454338629,51.337938551290907,16.0,30.0,0.0,20.45689777905221,0.0,0.0,0.0,19.641883550873027,0.0,0.0,731.2728643494874,938.01314028455,712.2501181900186,721.6115219066036,675.7681006870803,722.290661124819,706.7526386707506,675.9671428745828,692.8351693826259,9028.575285471381,82.0350370311481,83.73411557004958,240.0,0.0,240.0,240.0,21.0,16.0,19.0,16.0,19.7,12.0,21.0,10.0,1.0,0.0,0.0,0.0,1301.7262281465856,0.0,0.0,0.0,530.7149884362971,0.0,2571.414384699422,1542848.6308196532,1998376.3776711962,82.0350370311481,83.76297156419378,0.3407138128233141,0.7690647622092837,0.36028137401965956,83.76297156419378,0.3542647819438875,1998376.3776711962,0.11066223830556889 
 03/30  19:10:00,12.950000000000001,75.5,2.9483333333333334,0.0,0.0,0.0,0.0,1.0,2.0,0.0,0.0,4.0,0.0,0.0,0.0,1624.0,0.0,0.0,0.0,0.0,0.0,0.0,0.0,0.0,0.0,0.0,0.0,21.072519042477219,-16.981611524829078,22.480763773009746,-174.19543601755334,20.88111865658908,-86.00076998824079,20.924521120448384,52.1529933407578,19.30985387269572,11.51195044513996,21.609003962474448,3.582715578317732,19.88804435835779,28.599754712203777,19.64893254571508,-7.850365918407618,19.55566480529685,1.660281866577634,412.80017438546568,183.93232704279672,0.0,0.0,0.0,0.0,0.0,0.0,0.0,0.0,0.0,0.0,0.0,0.0,0.0,0.0,0.0,0.0,0.0,0.0,0.0,0.0,0.0,0.0,0.8493281735095049,0.25925768422146058,169.6734259238499,199.2642561999833,2809.9658267942725,0.0,0.0,41.378525654043958,48.33778055202849,797.4727638488162,0.9697723728448715,0.18325252699260617,336.2237456750038,395.4264750669456,5444.683685483813,0.19208436100038957,0.03629712037044397,208.60654520526695,245.3575018948985,3443.320794341701,0.0,0.0,5.616564914545554,6.647871494457147,71.60633785184126,0.0,0.0,9.62207679535121,11.292881094471337,164.7463107341105,0.0,0.0,133.91502482182904,158.0283371290667,1930.0808456695516,0.0,0.0,10.009487138744892,11.797083088083796,146.70302344300434,0.0,0.0,106.06717367595886,125.39380616777277,1419.876572167648,26.624871327155178,18.261228619448,338.86345904641868,399.27079700541005,5519.439743211449,0.0,0.0,107.81904200825612,127.53879574859468,1411.5522871396302,0.0,21.2712466718288,48.480614875735017,21.0,30.0,0.0,22.680194667301515,48.75125155618191,21.0,30.0,0.0,21.0578393561821,48.637596639183218,21.0,30.0,0.0,21.210694605800176,48.20906929911891,16.0,30.0,0.0,19.2955159335616,52.419276466210067,12.0,30.0,0.0,21.54191403178438,49.272715748423198,19.0,30.0,0.0,20.145619152078078,50.64206813468232,10.0,30.0,0.0,20.29531080674188,50.75337950588833,19.7,30.0,0.0,19.620804277171489,51.93499825438887,16.0,30.0,0.0,20.530555968921548,0.0,0.0,0.0,19.45619383802185,0.0,0.0,738.5208279309002,963.2278479330136,712.4313320863338,714.7021011551258,688.8241203739503,866.0215853396871,710.0841944316297,771.2773399544608,702.7297505192864,0.0,83.8995659871533,83.8995659871533,270.0,0.0,270.0,270.0,21.0,16.0,19.0,16.0,19.7,12.0,21.0,10.0,1.0,0.0,0.0,0.0,0.0,0.0,0.0,0.0,0.0,0.0,0.0,0.0,0.0,83.8995659871533,83.8995659871533,0.0,0.0,0.0,83.8995659871533,0.0,0.0,0.007560000000000002 
 03/30  19:20:00,12.79,76.0,2.9266666666666669,0.0,0.0,0.0,0.0,1.0,2.0,0.0,0.0,4.0,0.0,0.0,0.0,3252.0,0.0,0.0,0.0,0.0,0.0,0.0,0.0,0.0,0.0,0.0,0.0,21.436974839310094,-610.9858042847282,22.468157207563335,-204.43833687798395,20.918543114420193,216.03920720483394,20.790632780467417,19.529107723893504,19.33079835204736,9.912782755511266,21.687473947977077,-1.3575063068255844,19.84256995711718,69.84481667058435,19.477618926666297,-1.4709965736119415,19.510076647692939,-31.340626683640836,369.32243800379686,176.99577148887773,0.0,0.0,0.0,0.0,0.0,0.0,0.0,0.0,0.0,0.0,0.0,0.0,0.0,0.0,0.0,0.0,0.0,0.0,0.0,0.0,0.0,0.0,0.7602910139871347,0.232079064098637,233.8414119388444,274.560566830412,4164.203295146268,0.0,0.0,42.75720217070025,50.07192446671947,836.6927032764245,1.2172606385178627,0.2300190171046604,220.5405001326589,259.5483188640668,3709.5377370105218,0.20824942478253243,0.039351743156185257,134.54764576186535,158.41543355493082,2195.7316791271598,0.0,0.0,5.829487929205959,6.908110915492462,76.36757257492319,0.0,0.0,10.748195875897605,12.623331170997164,190.7543428372067,0.0,0.0,128.58918856564126,151.9794082080629,1873.762721895208,0.0,0.0,9.516012369619395,11.254063410477884,137.10103244792129,0.0,0.0,98.9733533560258,117.20560300293768,1341.725650840537,26.673973475685594,18.294906361924285,231.30481159058966,273.1133038808112,3830.476210409222,0.0,0.0,98.03592824275489,116.20713061149951,1276.3776230502502,886.1306636401157,21.69844739986344,47.024005534766498,21.5,30.0,0.0,22.672112024635479,48.55916106858284,21.0,30.0,0.0,21.177405099764955,48.554122213881829,21.0,30.0,0.0,20.97496763960166,49.228105140913367,16.0,30.0,0.0,19.311615357018345,52.80572502495542,12.0,30.0,0.0,21.703407558935369,51.33795598167653,19.0,30.0,0.0,20.063905128382303,51.18903055446802,10.0,30.0,0.0,19.971318500212605,53.215732705711747,19.7,30.0,0.0,19.545390187935604,52.55078284115832,16.0,30.0,0.0,20.19030367950894,0.0,0.0,0.0,19.256594557832555,0.0,0.0,716.0599071920909,945.9012685137477,721.345240831862,727.9847963001312,702.7083891968996,999.2497147652714,713.0888533892976,846.0819077184655,713.1510922902089,5927.120581848925,82.44374872197608,82.44374872197608,270.0,0.0,270.0,270.0,21.0,16.0,19.0,16.0,19.7,12.0,21.0,10.0,1.0,0.0,886.1306636401157,0.0,0.0,0.0,0.0,0.0,0.0,0.0,0.0,0.0,0.0,82.44374872197608,82.44374872197608,0.255,0.5767217737385897,0.27021103051474468,82.44374872197608,0.2656985864579156,0.0,0.007485000000000001 
 03/30  19:30:00,12.629999999999999,76.5,2.9050000000000004,0.0,0.0,0.0,0.0,1.0,2.0,0.0,0.0,4.0,0.0,0.0,0.0,1628.0,0.0,0.0,0.0,0.0,0.0,0.0,0.0,0.0,0.0,0.0,0.0,20.988281993043296,-66.43586476016754,22.444213701885574,-227.8877403168467,21.287216556909479,-522.2086034063068,20.756546727672096,106.41584074856519,19.354821185514358,10.349538437448587,21.75436455731925,0.3190352515728989,19.82308388367099,21.274252424891985,19.338632556070296,1.2922548056353663,19.45003969305559,-39.59780761493448,390.634811500443,217.12272383734899,0.0,0.0,0.0,0.0,0.0,0.0,0.0,0.0,0.0,0.0,0.0,0.0,0.0,0.0,0.0,0.0,0.0,0.0,0.0,0.0,0.0,0.0,0.8753388062336367,0.2671974378002554,218.6680250850211,257.3517662260601,3660.763540420232,0.0,0.0,46.830979599114417,54.72212631656107,929.0771012775256,1.0635583043527344,0.2009747362722477,267.2294034631409,313.3803566037039,4865.710037729477,0.20469497084903735,0.0386800776358725,172.31926736797338,202.7069255518246,2859.956955480984,0.0,0.0,5.411213944573916,6.404963194044907,72.86029432984324,0.0,0.0,11.609759940130012,13.599933500764426,212.8259223665296,0.0,0.0,127.52590004611054,150.56245444726702,1886.8165772465514,0.0,0.0,6.464372614111381,7.641538505566051,92.06170095999986,0.0,0.0,102.734334132439,121.50876177426227,1407.3321265687078,26.759868676555965,18.353819394071313,283.4072733121939,334.0414340549769,4732.65938712524,0.0,0.0,101.77517112035477,120.5115751528916,1326.8669152952503,0.0,21.012347067217353,49.33791363162602,21.0,30.0,0.0,22.645496523525318,48.629068256526917,21.0,30.0,1052.7054807720518,21.683274559655865,46.9147201167004,21.5,30.0,0.0,20.948917394203084,49.40898932660975,16.0,30.0,0.0,19.333101892997694,53.27223604127691,12.0,30.0,0.0,21.837856127803926,53.20026008384988,19.0,30.0,0.0,20.0125683065545,51.51871120017301,10.0,30.0,19.868154906822438,19.723647264642595,55.5525164783557,19.7,30.0,0.0,19.452697473573165,53.24802048330431,16.0,30.0,0.0,20.26461922761862,0.0,0.0,0.0,19.10014506031586,0.0,0.0,731.0434089485755,940.8757188294305,706.4985739837223,729.0761946116073,719.3785615331645,1114.5868556326564,718.1669307950417,929.7788850734911,723.3550952599971,9974.428118497528,81.4096321304662,81.4096321304662,270.0,0.0,270.0,270.0,21.0,16.0,19.0,16.0,19.7,12.0,21.0,10.0,1.0,0.0,0.0,0.0,1052.7054807720518,0.0,0.0,0.0,19.868154906822438,0.0,0.0,0.0,0.0,81.4096321304662,81.4096321304662,0.34,0.7720784968116625,0.36028137401965956,81.4096321304662,0.3542647819438875,0.0,0.007410000000000001 
 03/30  19:40:00,12.469999999999999,77.0,2.8833333333333335,0.0,0.0,0.0,0.0,1.0,2.0,0.0,0.0,4.0,0.0,0.0,0.0,3256.0,0.0,0.0,0.0,0.0,0.0,0.0,0.0,0.0,0.0,0.0,0.0,21.06207106730437,32.48144854190849,22.41702455910318,-219.75572002747755,21.152273077828558,-407.9322891469071,20.79151500314717,140.63503672599905,19.37800522048002,9.718180445716229,21.78987614930128,-0.43967339631844029,19.739579606043855,11.311113568989413,19.831966507246514,-29.436334125570285,19.395640588994526,-63.586517554671448,378.34498820355568,242.5532302422739,0.0,0.0,0.0,0.0,0.0,0.0,0.0,0.0,0.0,0.0,0.0,0.0,0.0,0.0,0.0,0.0,0.0,0.0,0.0,0.0,0.0,0.0,0.947957101754355,0.28936419467471155,134.97145084606917,159.10531028953808,2352.999348572571,0.0,0.0,47.00652721380052,55.050046186012838,944.7549257185193,0.8885302117647805,0.16790064470233954,238.2766149682336,280.9714425261512,4213.374905377522,0.2018338191171446,0.038139421601879167,178.18031911622499,210.14143324594358,3043.8031328356125,0.0,0.0,5.29584621991791,6.275821283160372,73.21410663206633,0.0,0.0,11.928729974917026,13.993651698447913,224.13743751617145,0.0,0.0,120.72410532050647,142.80880376842226,1789.9261652573742,0.0,0.0,18.50753137463628,21.80046832565345,301.66457213950238,0.0,0.0,102.34558321149709,121.27231741429184,1418.60132431899,26.94752351124448,18.482526413747935,251.94013487035353,298.12662294641538,4334.0705078507039,0.0,0.0,103.00022117244565,122.21303344647653,1345.9567401984583,0.0,21.166889681699247,49.21114825674712,21.0,30.0,0.0,22.616389180762178,48.54787797848537,21.0,30.0,0.0,21.259680459394916,48.358186983158187,21.0,30.0,0.0,21.03421399961025,48.987367202283888,16.0,30.0,0.0,19.353718404160117,53.71685058568794,12.0,30.0,0.0,21.913518184737709,54.35421279292051,19.0,30.0,0.0,19.867207911215237,52.46787714683238,10.0,30.0,547.2530155520487,20.585361123505899,52.87121427966556,20.45,30.0,0.0,19.37247288130273,54.01706605302814,16.0,30.0,0.0,20.11884470368944,0.0,0.0,0.0,18.95318603998085,0.0,0.0,745.8170133634287,930.3067896919979,715.1027105387365,714.776458701501,736.7972661453949,1180.9718013360253,735.4316317255856,932.5472548006177,741.0447668064653,5526.628443712572,83.06419545593059,83.06419545593059,270.0,0.0,270.0,270.0,21.0,16.0,19.0,16.0,19.7,12.0,21.0,10.0,1.0,0.0,0.0,0.0,0.0,0.0,0.0,0.0,547.2530155520487,0.0,0.0,0.0,0.0,83.06419545593059,83.06419545593059,0.255,0.5751335259609033,0.27021103051474468,83.06419545593059,0.2656985864579156,0.0,0.007335 
 03/30  19:50:00,12.309999999999999,77.5,2.861666666666667,0.0,0.0,0.0,0.0,1.0,2.0,0.0,0.0,4.0,0.0,0.0,0.0,1630.0,0.0,0.0,0.0,0.0,0.0,0.0,0.0,0.0,0.0,0.0,0.0,21.38031314266496,-355.39828439381656,22.38452960993111,-232.5841230576425,20.819033230355975,-75.19508050580362,20.720411486345534,8.16044963801528,19.402266114383794,8.98596545136931,21.81284871961914,-4.277599088984459,19.70505477851603,25.696786039746259,19.652419055100574,-17.769485499366796,19.334122867956876,-65.75501310483264,362.70170773136126,260.74572067270517,0.0,0.0,0.0,0.0,0.0,0.0,0.0,0.0,0.0,0.0,0.0,0.0,0.0,0.0,0.0,0.0,0.0,0.0,0.0,0.0,0.0,0.0,0.902035587760608,0.2753466385105641,139.08769460068809,162.87886884844137,2653.2775416166898,0.0,0.0,47.01230822991307,54.976513910686367,956.4120720600945,1.0971962490329386,0.2073311128180157,202.36113047910576,237.98896223574827,3505.085777239181,0.19819818782159238,0.03745241644398948,106.72467794912393,125.76353985084838,1836.420911988429,0.0,0.0,5.358711292051259,6.3401000035929189,76.0790402809279,0.0,0.0,12.254903359146358,14.345715612291574,235.49129153015805,0.0,0.0,122.30846433322506,144.482495341211,1840.1025008267348,0.0,0.0,19.952159127551885,23.540411523004268,315.3690695582118,0.0,0.0,101.80010567210725,120.4817809907548,1426.2170122272719,27.013078771686716,18.527488869469634,207.0689711609902,244.3079134662563,3634.227107300093,0.0,0.0,102.39660944027477,121.38093435393269,1339.6466600505385,752.6190462962945,21.632837882591326,47.95239704180034,21.5,30.0,0.0,22.575620715098766,48.544666082665049,21.0,30.0,29.257969266971366,20.946782778489557,49.63864574430569,21.0,30.0,0.0,20.901984972390854,49.56738281418884,16.0,30.0,0.0,19.37818223414331,54.245407645356,12.0,30.0,0.0,21.966635073271538,55.32878444564464,19.0,30.0,0.0,19.81251453129192,53.1337202052494,10.0,30.0,0.0,20.191780365431926,53.80576344587121,19.7,30.0,0.0,19.282191979355106,54.97648003728204,16.0,30.0,0.0,20.081564801207727,0.0,0.0,0.0,18.79513171117818,0.0,0.0,747.4750570183369,919.1520988593936,730.3302827408452,721.450163084095,758.0598375932935,1233.4630631440428,755.8010799558983,886.3547787576017,771.2836650831177,6452.97322975359,83.73755304413838,83.73755304413838,270.0,0.0,270.0,270.0,21.0,16.0,19.0,16.0,19.7,12.0,21.0,10.0,1.0,0.0,752.6190462962945,0.0,29.257969266971366,0.0,0.0,0.0,0.0,0.0,0.0,0.0,0.0,83.73755304413838,83.73755304413838,0.34,0.7708229417138661,0.36028137401965956,83.73755304413838,0.3542647819438875,0.0,0.007170000000000002 
 03/30  20:00:00,12.15,78.0,2.84,0.0,0.0,0.0,0.0,1.0,2.0,0.0,0.0,4.0,0.0,0.0,0.0,3260.0,0.0,0.0,0.0,0.0,0.0,0.0,0.0,0.0,0.0,0.0,0.0,21.424532164031864,-112.87027151423354,22.37492265941179,-176.2898910316967,21.41665791904191,-867.191738858206,20.800277589305389,352.3897515589683,19.421808918164744,6.724722651418112,21.81272119611124,-13.988412077925745,19.723637277331887,43.86076019340226,19.499855706879225,-5.923021682029116,19.27919956262948,-91.49374505483559,461.35083191339029,287.6190423976068,0.0,0.0,0.0,0.0,0.0,0.0,0.0,0.0,0.0,0.0,0.0,0.0,0.0,0.0,0.0,0.0,0.0,0.0,0.0,0.0,0.0,0.0,0.9306586029590014,0.28408382263705786,204.39129774544015,240.70884076676118,3830.6001001348388,0.0,0.0,39.988869040401038,46.84573615752046,826.400863449478,1.0376350088914606,0.1960761543634658,353.7487748308055,415.8312668261708,6853.890760720739,0.23993146373151109,0.045338523002931039,243.806864701331,287.09199347442407,4374.541410452362,0.0,0.0,5.624704140989226,6.664878573166819,81.82547650984123,0.0,0.0,12.480261390789705,14.636045332721557,244.01276736765383,0.0,0.0,135.0965184378736,159.81472491354149,2083.1797648968238,0.0,0.0,13.882769457231947,16.421241393748347,216.3967991826163,0.0,0.0,108.67448808049149,128.83311166989055,1540.4754166622757,27.617941097364207,18.942346431662697,362.78515918488776,428.51469803178989,6472.301387948505,0.0,0.0,108.18866902767178,128.4943210852278,1419.8795607346445,0.0,21.533565994154804,48.11128960519655,21.0,30.0,0.0,22.58052583987682,48.92962552156988,21.0,30.0,1359.3196772137074,21.844920842939439,46.87603954307028,21.5,30.0,0.0,21.105429561533798,49.144130655108288,16.0,30.0,0.0,19.394640317153713,54.60633445952898,12.0,30.0,0.0,21.97813978152808,55.80109045079499,19.0,30.0,0.0,19.841943309812753,53.400282802964159,10.0,30.0,0.0,19.920284333615073,55.31330537017594,19.7,30.0,0.0,19.20461989449997,55.778219011656307,16.0,30.0,0.0,20.391486625284064,0.0,0.0,0.0,18.653497133545384,0.0,0.0,740.4659665588528,939.9426342647785,721.9612263785967,728.6084379355466,772.5922931049952,1255.3665874056279,769.0514552686351,914.1808718374258,790.3163161350606,3699.101652730973,83.7438355691408,83.7438355691408,270.0,0.0,270.0,270.0,21.0,16.0,19.0,16.0,19.7,12.0,21.0,10.0,1.0,0.0,0.0,0.0,1359.3196772137074,0.0,0.0,0.0,0.0,0.0,0.0,0.0,0.0,83.7438355691408,83.7438355691408,0.17,0.3854012387207969,0.18014068700982978,83.7438355691408,0.17713239097194376,0.0,0.007005 
 03/30  20:10:00,11.993333333333334,78.33333333333333,2.8116666666666667,0.0,0.0,0.0,0.0,0.0,2.0,0.0,0.0,4.0,0.0,0.0,0.0,1630.0,0.0,0.0,0.0,0.0,0.0,0.0,0.0,0.0,0.0,0.0,0.0,21.143546863378427,-44.158264939771019,22.38400260782899,-181.74120973178618,20.90706102985479,-110.34512323253603,20.85642133198535,56.23978322591893,19.443313497599094,7.636547170344542,21.908865819632223,-15.188797698030271,19.711534202388223,22.558065489392449,19.31883398184221,-0.1114184019908464,19.214979589013408,-93.13706677567598,479.1563975620338,321.6046388085874,0.0,0.0,0.0,0.0,0.0,0.0,0.0,0.0,0.0,0.0,0.0,0.0,0.0,0.0,0.0,0.0,0.0,0.0,0.0,0.0,0.0,0.0,0.9587415447052219,0.29265614917741819,185.41001073353454,217.8426941321025,3420.7810340123635,0.0,0.0,42.741388180551528,49.961310242554208,899.3990314442955,1.2133587306309628,0.22928169513056749,359.6786045699604,423.21742764980777,6492.939332667242,0.21534409898171498,0.04069238453925074,218.35420094486114,256.95336260179098,4003.020186324483,0.0,0.0,5.56455301606168,6.5827490645653159,82.96000363845096,0.0,0.0,12.724827483729217,14.886659086577314,256.1922215341787,0.0,0.0,139.63184290977189,164.9423793349797,2190.679514525816,0.0,0.0,10.019368081668674,11.84988886158107,153.23463174241315,0.0,0.0,112.53850586805564,133.25356430990585,1611.0330864506678,27.667502072530014,18.976338870048026,363.26133008580839,428.3301290547455,6576.908669115388,0.0,0.0,111.63714467993634,132.44325424750583,1475.0145888374873,0.0,21.252291369865305,49.10547250717016,21.0,30.0,0.0,22.611203912661993,49.269018236173867,21.0,30.0,0.0,21.02460607452091,49.341641412063967,21.0,30.0,0.0,21.159509845889674,48.95500681097533,16.0,30.0,0.0,19.416876679578477,55.050831052702239,12.0,30.0,0.0,22.11514700765607,55.8817337735626,19.0,30.0,0.0,19.817385328066654,53.756296702028738,10.0,30.0,0.0,19.59948475710692,55.965825468075198,12.0,30.0,0.0,19.1132763105953,56.42435667467992,16.0,30.0,0.0,20.428771931971299,0.0,0.0,0.0,18.53659141131188,0.0,0.0,748.3176461594461,963.6684320383777,724.479706460284,725.9534920855598,791.1111829895518,1279.21732368445,779.3978088713691,880.913998487011,799.073255910902,0.0,84.37468679337872,84.37468679337872,570.0,0.0,570.0,570.0,21.0,16.0,19.0,16.0,12.0,12.0,21.0,10.0,1.0,0.0,0.0,0.0,0.0,0.0,0.0,0.0,0.0,0.0,0.0,0.0,0.0,84.37468679337872,84.37468679337872,0.0,0.0,0.0,84.37468679337872,0.0,0.0,0.01444 
 03/30  20:20:00,11.836666666666668,78.66666666666667,2.783333333333333,0.0,0.0,0.0,0.0,0.0,2.0,0.0,0.0,4.0,0.0,0.0,0.0,3264.0,0.0,0.0,0.0,0.0,0.0,0.0,0.0,0.0,0.0,0.0,0.0,21.34404554827718,-70.90339642934464,22.370092975839549,-197.2149991117671,21.417450693671268,-937.136277446049,20.804817606704629,265.7490295128696,19.462388730445267,8.063698314918739,21.98533375208917,-17.23338106980023,19.66945383027858,11.176908531969957,19.200501807157616,-9.036427631029632,19.16554863814511,-104.78535756730332,462.623344876587,337.8673842828275,0.0,0.0,0.0,0.0,0.0,0.0,0.0,0.0,0.0,0.0,0.0,0.0,0.0,0.0,0.0,0.0,0.0,0.0,0.0,0.0,0.0,0.0,1.0398617621904723,0.317418120326762,191.1977967387802,224.92648392833613,3709.2834839053768,0.0,0.0,44.24056299590535,51.84283679120956,943.0696609597528,1.0133649620419215,0.19148997771011373,355.78453516899676,417.92285100507697,7109.752742034245,0.23269761792153854,0.04397158312954242,234.7000001663625,276.1581882264521,4345.435825971625,0.0,0.0,5.448695662973532,6.4537863194542119,83.14764976800338,0.0,0.0,13.192658030546977,15.45626879591631,272.6725754262493,0.0,0.0,138.26425853634616,163.6202033558077,2191.32551467948,0.0,0.0,7.4467340079270729,8.817222726039566,112.88557640640772,0.0,0.0,110.83465735900242,131.48447602252547,1606.488922177573,27.84249864397458,19.09636395334334,365.84121449973795,431.88452469973438,6722.722902323578,0.0,0.0,113.12259644458378,134.47519687963328,1503.4392648333197,457.21140795281806,21.525371358750957,48.33591457363352,21.5,30.0,0.0,22.596337622774365,49.086803648982577,21.0,30.0,1449.8689941975918,21.81109588386903,46.97034055004402,21.5,30.0,0.0,21.084243085151713,49.153743706376719,16.0,30.0,0.0,19.437171109628225,55.429071896746197,12.0,30.0,0.0,22.235030132839673,55.86884290275043,19.0,30.0,0.0,19.738626108827626,54.26553939453197,10.0,30.0,0.0,19.394567981223369,56.36727250942975,12.0,30.0,0.0,19.0451555797497,56.94792424453255,16.0,30.0,0.0,20.35327543969252,0.0,0.0,0.0,18.417232970245555,0.0,0.0,748.26454207947,950.8258847781613,720.513627808999,723.249133165539,807.3579736592321,1294.3963687639446,786.1198384226785,858.246196340206,805.9200376856485,8327.918975374341,82.49830114039594,82.49830114039595,570.0,0.0,570.0,570.0,21.0,16.0,19.0,16.0,12.0,12.0,21.0,10.0,1.0,0.0,457.21140795281806,0.0,1449.8689941975918,0.0,0.0,0.0,0.0,0.0,0.0,0.0,0.0,82.49830114039594,82.49830114039594,0.34,0.7704027541621806,0.36028137401965956,82.49830114039594,0.3542647819438875,0.0,0.013616666666666666 
 03/30  20:30:00,11.68,79.0,2.755,0.0,0.0,0.0,0.0,0.0,2.0,0.0,0.0,4.0,0.0,0.0,0.0,3264.0,0.0,0.0,0.0,0.0,0.0,0.0,0.0,0.0,0.0,0.0,0.0,21.280266658306706,-212.38290891513055,22.357928097070226,-211.7325874877938,21.083502164126196,-195.01999072515287,20.846701252347815,35.670598474142398,19.48181528923574,8.405407340685791,22.04893615902085,-21.65522921775164,19.657558659235595,-5.573276074386968,19.075997898669159,-22.33484923637552,19.108915446348744,-114.21051273682224,434.2416529359932,395.345352313215,0.0,0.0,0.0,0.0,0.0,0.0,0.0,0.0,0.0,0.0,0.0,0.0,0.0,0.0,0.0,0.0,0.0,0.0,0.0,0.0,0.0,0.0,1.0190787793922283,0.3110741084835862,175.74850930011085,206.9538022063008,3430.79948926116,0.0,0.0,45.032221727528717,52.75533685953277,973.2202387168566,1.2675311044607669,0.23951834929341787,201.7757578367764,237.7784591308789,3888.624117471438,0.21383456455126743,0.04040713615859171,106.00883046008322,124.98770115701409,2002.2104231578829,0.0,0.0,5.411840762705165,6.410325585273149,84.49697844908826,0.0,0.0,13.64635183812646,15.983619320649265,288.67581512749839,0.0,0.0,150.98382206352444,178.71416380850526,2430.7992541061159,0.0,0.0,13.90797016280039,16.489869550868457,210.09763629228446,0.0,0.0,115.8102111456001,137.42935707418708,1697.9712896076686,27.907268601482124,19.140787792511753,213.4341405617563,252.5160667967569,4081.151291144652,0.0,0.0,125.4187778038088,149.14942062722327,1687.235943980098,0.0,21.408290195903804,48.811180700494649,21.0,30.0,0.0,22.58678729071565,49.10500851036939,21.0,30.0,0.0,21.28543379771939,48.694043351032998,21.0,30.0,0.0,21.13241594725543,49.48567148515776,16.0,30.0,0.0,19.457395707460198,55.80609477512794,12.0,30.0,0.0,22.326394153915414,55.807758195031457,19.0,30.0,0.0,19.707649828287808,54.745051888839828,10.0,30.0,0.0,19.196749363055007,56.946600612263427,12.0,30.0,0.0,18.969546493123166,57.60811414602992,16.0,30.0,0.0,20.116189742351094,0.0,0.0,0.0,18.337357557194236,0.0,0.0,755.5501097696831,950.0027988575577,730.6877338422855,748.4005787900529,822.6633264307346,1300.6649518002119,797.375027581387,839.2050142338906,814.6533329461903,0.0,82.44259346799515,82.44259346799515,570.0,0.0,570.0,570.0,21.0,16.0,19.0,16.0,12.0,12.0,21.0,10.0,1.0,0.0,0.0,0.0,0.0,0.0,0.0,0.0,0.0,0.0,0.0,0.0,0.0,82.44259346799515,82.44259346799515,0.0,0.0,0.0,82.44259346799515,0.0,0.0,0.01279333333333333 
 03/30  20:40:00,11.523333333333334,79.33333333333333,2.7266666666666667,0.0,0.0,0.0,0.0,0.0,2.0,0.0,0.0,4.0,0.0,0.0,0.0,816.0,0.0,0.0,0.0,0.0,0.0,0.0,0.0,0.0,0.0,0.0,0.0,21.109309500289166,34.403640554202869,22.309116669311444,-251.4590480263514,20.927095938368085,-333.2842573863809,20.728572398712204,45.3468430155408,19.5035846795799,9.633401866759641,22.103728220526983,-19.817302846033728,19.595745950738676,-15.909830496369068,18.965825249516266,-18.371500399098978,19.057889883847026,-101.62697601512446,368.77649648904119,407.21407127386376,0.0,0.0,0.0,0.0,0.0,0.0,0.0,0.0,0.0,0.0,0.0,0.0,0.0,0.0,0.0,0.0,0.0,0.0,0.0,0.0,0.0,0.0,1.057946957114596,0.32293863159786209,99.81017105707147,116.9920900559775,1933.2151889898124,0.0,0.0,48.05312920707729,56.034283076813867,1046.7732173071402,1.214904364562591,0.2295737650345033,149.03703939136629,174.8871621394643,2840.8330205053468,0.20380386544870963,0.03851169037201617,101.93987446907626,119.59696504277786,1914.966832238317,0.0,0.0,5.17638560519111,6.101528234541376,82.78484636560475,0.0,0.0,13.690232657386977,15.938669385097692,296.5149194635607,0.0,0.0,146.27362775563837,172.37815197205348,2371.9223720927686,0.0,0.0,14.08707051677865,16.632878935494138,212.27782676470796,0.0,0.0,113.3485393978202,133.88347071770816,1683.2036777551835,27.863003681177419,19.110427764867919,161.5474275753158,190.22782528801393,3187.581997898816,0.0,0.0,123.43460224801172,146.1261118666181,1671.3349826169386,0.0,21.141305478874089,50.65057508700891,21.0,30.0,0.0,22.505265214027888,48.618640150495448,21.0,30.0,290.9797393342433,21.00809771059753,48.45199140293851,21.0,30.0,0.0,20.92478842316159,50.6410199348508,16.0,30.0,0.0,19.48502755633637,56.318741277025768,12.0,30.0,0.0,22.417849589548305,55.75200897167968,19.0,30.0,0.0,19.59965058887827,55.176843085529508,10.0,30.0,0.0,19.01180762174218,57.67368449875251,12.0,30.0,0.0,18.899730898861269,58.10313394401998,16.0,30.0,0.0,19.944255624177843,0.0,0.0,0.0,18.218256912477004,0.0,0.0,808.5809882575039,910.2715446465511,675.1830314316472,774.7734593005251,843.9977058891343,1305.1264957891384,798.1414788319498,828.8987177570709,821.4514340005624,9769.143555023693,81.54539720115958,81.54539720115958,570.0,0.0,570.0,570.0,21.0,16.0,19.0,16.0,12.0,12.0,21.0,10.0,1.0,0.0,0.0,0.0,290.9797393342433,0.0,0.0,0.0,0.0,0.0,0.0,0.0,0.0,81.54539720115958,81.54539720115958,0.34,0.617249080535919,0.36028137401965956,81.54539720115958,0.3542647819438875,0.0,0.01197 
 03/30  20:50:00,11.366666666666668,79.66666666666667,2.6983333333333334,0.0,0.0,0.0,0.0,0.0,2.0,0.0,0.0,4.0,0.0,0.0,0.0,3268.0,0.0,0.0,0.0,0.0,0.0,0.0,0.0,0.0,0.0,0.0,0.0,21.435405330169077,-66.17061982284327,22.2957873951987,-185.8785922775453,21.53433436715747,-1032.4619445413494,20.82813085413742,333.7672140929341,19.517119256359316,7.6261709209055159,22.125998479575178,-31.99123680800045,19.5866965357027,18.93898996210919,18.911552707364593,-23.025458621584265,19.018192722015898,-128.06997253761188,489.77522412864257,406.6147563716788,0.0,0.0,0.0,0.0,0.0,0.0,0.0,0.0,0.0,0.0,0.0,0.0,0.0,0.0,0.0,0.0,0.0,0.0,0.0,0.0,0.0,0.0,1.08731480824881,0.3319031771211263,235.1775297797966,276.67536508464476,4799.011425144465,0.0,0.0,40.81066286758081,47.84762333229433,900.8616023250215,1.163370101223342,0.21983562003464519,364.5644459188835,428.5423482258274,7658.325608768753,0.24238485193077986,0.04580212621518892,221.4132648043493,260.56896378663159,4357.639354768391,0.0,0.0,5.575290425474583,6.602079485517989,90.96842560007249,0.0,0.0,14.001154830484289,16.393159690558993,307.99521529217659,0.0,0.0,147.65036577539719,174.79791748756535,2439.8651967721036,0.0,0.0,14.982253864544397,17.774818597846879,228.352357447793,0.0,0.0,109.15448544735317,129.56109466312675,1644.5462774659114,28.364329386198926,19.454272555692,369.9516078375381,437.10985735065096,7173.719579662733,0.0,0.0,119.99247397833125,142.79622395244528,1629.3379154275468,431.5983611974684,21.606420019670304,48.08786845421304,21.5,30.0,0.0,22.505070255084168,48.99728288586879,21.0,30.0,1602.6386180745906,21.921510250425315,46.58837789236806,21.5,30.0,0.0,21.162269672236623,49.20808508084622,16.0,30.0,0.0,19.495328330178827,56.478914664885888,12.0,30.0,0.0,22.44190127978212,55.602802047027299,19.0,30.0,0.0,19.6007746874034,55.43177653096253,10.0,30.0,0.0,18.946097009965585,58.05650372924947,12.0,30.0,0.0,18.854958081327756,58.54502652135797,16.0,30.0,0.0,20.304927915046883,0.0,0.0,0.0,18.08188972238836,0.0,0.0,748.4921927675721,933.2096235866242,718.3650391632539,738.9006355020912,850.312592855084,1298.152701052606,807.2122952404193,831.2736614803073,831.3292591980968,9436.103754833188,81.7655309729801,83.55392826440593,570.0,0.0,570.0,570.0,21.0,16.0,19.0,16.0,12.0,12.0,21.0,10.0,1.0,0.0,431.5983611974684,0.0,1602.6386180745906,0.0,0.0,0.0,0.0,0.0,2706.4504463140035,1623870.267788402,2101161.7804254095,81.7655309729801,83.5843011874859,0.34521501487713349,0.7690344128832104,0.36028137401965956,83.5843011874859,0.3542647819438875,2101161.7804254095,0.12053374591545463 
 03/30  21:00:00,11.21,80.0,2.67,0.0,0.0,0.0,0.0,0.0,2.0,0.0,0.0,4.0,0.0,0.0,0.0,3268.0,0.0,0.0,0.0,0.0,0.0,0.0,0.0,0.0,0.0,0.0,0.0,21.308590364575708,-234.31834778533085,22.29831052489037,-206.10553253608163,21.051641865553675,-156.0827731886427,20.82472309175327,14.536985263379279,19.531195054394958,9.133947204036908,22.14523929914087,-30.57999364539893,19.58988966053634,-24.65074414358878,18.843457597055108,-28.370800527735584,18.959026415222878,-140.58734917117205,426.2636918508083,478.06555729016739,0.0,0.0,0.0,0.0,0.0,0.0,0.0,0.0,0.0,0.0,0.0,0.0,0.0,0.0,0.0,0.0,0.0,0.0,0.0,0.0,0.0,0.0,1.0803049385748694,0.3297634122633912,189.80818476010354,223.60273238792957,3887.5527389540004,0.0,0.0,44.65332468797385,52.32708987178866,1001.1808520160978,1.4320711821435229,0.27061057863634227,229.6850715789133,271.01828927103738,4595.600377498448,0.22273702974193197,0.042089385816691599,117.13228563628286,138.12540665754978,2318.0092133423729,0.0,0.0,5.559882948316746,6.583787129601612,92.61552877236672,0.0,0.0,14.197776984184184,16.622244854742463,317.46521077537479,0.0,0.0,160.22835136863703,189.74338647966364,2694.9175484351665,0.0,0.0,17.55680405403623,20.842360577591827,269.8559342938373,0.0,0.0,120.35576177582104,142.92328169476967,1832.7115493678226,28.33493969468506,19.434115016930777,239.15397095103584,283.1358775494365,4803.476333916655,0.0,0.0,134.0509882635948,159.58527742862777,1850.7500883619526,0.0,21.389424236341129,48.64998633046338,21.0,30.0,0.0,22.521877765899,49.18331768109348,21.0,30.0,0.0,21.189523551059894,48.99094420303304,21.0,30.0,0.0,21.10603231940825,49.821206024130777,16.0,30.0,0.0,19.509322210411626,56.700387410535217,12.0,30.0,0.0,22.468560824535108,55.53134104229196,19.0,30.0,0.0,19.59289010683932,55.481626755343459,10.0,30.0,0.0,18.848950126319797,58.578723251032638,12.0,30.0,0.0,18.775685428269804,58.92014997519436,16.0,30.0,0.0,20.079635042804143,0.0,0.0,0.0,18.035226324757347,0.0,0.0,748.5226543726433,949.7071680992737,735.6633311125336,763.6412753372064,858.7322605787604,1295.575175091121,805.7057310658693,832.5307949444671,830.6684391779563,0.0,83.79607396712894,83.79607396712894,570.0,0.0,570.0,570.0,21.0,16.0,19.0,16.0,12.0,12.0,21.0,10.0,1.0,0.0,0.0,0.0,0.0,0.0,0.0,0.0,0.0,0.0,0.0,0.0,0.0,83.79607396712894,83.79607396712894,0.0,0.0,0.0,83.79607396712894,0.0,0.0,0.010576666666666667 
 03/30  21:10:00,11.063333333333337,81.16666666666667,2.631666666666667,0.0,0.0,0.0,0.0,0.0,2.0,0.0,0.0,4.0,0.0,0.0,0.0,817.0,0.0,0.0,0.0,0.0,0.0,0.0,0.0,0.0,0.0,0.0,0.0,21.12900798309914,24.263217544703367,22.251887376546749,-256.1667932708483,20.939230629693055,-289.39431840143427,20.69663966262424,40.10629814667254,19.547615610771616,10.015736452391736,22.164805924098304,-27.868616132150465,19.5250833079146,-29.615881704548884,18.78264485185947,-25.192309121962809,18.906193139331668,-126.48434625947994,335.43649081626338,480.6841473501154,0.0,0.0,0.0,0.0,0.0,0.0,0.0,0.0,0.0,0.0,0.0,0.0,0.0,0.0,0.0,0.0,0.0,0.0,0.0,0.0,0.0,0.0,1.0990262049480948,0.3354780845384905,72.22625539588648,84.67218639393289,1470.1432830987872,0.0,0.0,47.65938075109134,55.59132290170558,1076.1138609278394,1.426827067509446,0.2696196272693588,115.5331837060311,135.5783377374822,2318.6259403844935,0.21341675444576833,0.0403281848914906,96.41579703209881,113.15452377272954,1892.5966822685983,0.0,0.0,5.566914932344943,6.560294458698461,94.66499302865627,0.0,0.0,14.294128338692822,16.638888833158945,324.96296478550286,0.0,0.0,153.89980322850566,181.44076773377857,2602.8302991030934,0.0,0.0,16.839725777864698,19.900576837927564,260.9407145720799,0.0,0.0,116.62125249594539,137.84380414840724,1795.1619565825986,28.1705464905773,19.321362476390474,126.66619626942048,149.29575089718296,2680.4563206190948,0.0,0.0,130.00628038873004,154.07630885056495,1803.3446837798213,0.0,21.123255611915825,50.799363613541377,21.0,30.0,0.0,22.44279262812653,48.91139786439762,21.0,30.0,256.48363626398869,21.007041351944446,48.72280472145407,21.0,30.0,0.0,20.883041074034826,50.41585730054807,16.0,30.0,0.0,19.53041781234183,56.99712067530696,12.0,30.0,0.0,22.50174152214924,55.45991529889109,19.0,30.0,0.0,19.483259045454287,55.976083468051907,10.0,30.0,0.0,18.756704508108777,59.05298640280493,12.0,30.0,0.0,18.704324841592478,59.236635201988409,16.0,30.0,0.0,19.717993899641728,0.0,0.0,0.0,17.914780843504773,0.0,0.0,816.643222280073,927.0324339622492,698.3991813572561,760.641941964356,871.2362521765609,1294.4931220190725,810.5709100873459,833.8333220574035,831.3211613086952,7622.326578516521,82.96484849288933,82.96484849288933,570.0,0.0,570.0,570.0,21.0,16.0,19.0,16.0,12.0,12.0,21.0,10.0,1.0,0.0,0.0,0.0,256.48363626398869,0.0,0.0,0.0,0.0,0.0,0.0,0.0,0.0,82.96484849288933,82.96484849288933,0.34,0.6151190647732423,0.36028137401965956,82.96484849288933,0.3542647819438875,0.0,0.00988 
 03/30  21:20:00,10.916666666666668,82.33333333333334,2.5933333333333339,0.0,0.0,0.0,0.0,0.0,2.0,0.0,0.0,4.0,0.0,0.0,0.0,3272.0,0.0,0.0,0.0,0.0,0.0,0.0,0.0,0.0,0.0,0.0,0.0,21.45522226664103,-100.08678267913592,22.23822397119863,-188.0378666250952,21.555207549852815,-1068.482814922571,20.80525345676823,344.9266835139947,19.55653336767098,6.731258203069615,22.170724511315826,-39.406474275782219,19.51310254477059,4.332308779342611,18.74680728223243,-29.669661506822736,18.8638720290167,-155.7854587531092,505.3665567857611,482.0697651762955,0.0,0.0,0.0,0.0,0.0,0.0,0.0,0.0,0.0,0.0,0.0,0.0,0.0,0.0,0.0,0.0,0.0,0.0,0.0,0.0,0.0,0.0,1.1303985426647874,0.34505450020292657,246.50164904998239,289.9986548530444,5248.453036650536,0.0,0.0,40.31334913011876,47.280702327914628,921.00173242009,1.2760044408348488,0.24111950885012269,363.80806433284388,427.678973639949,7949.153471870545,0.2509999458461321,0.04743007291121165,230.30511903664746,271.1811458731105,4723.1338311520289,0.0,0.0,6.028232211162004,7.137255110810076,104.27792299432172,0.0,0.0,14.44408459814056,16.90986266386732,332.43019937513307,0.0,0.0,156.6285402700252,185.51649054399196,2693.3231301997927,0.0,0.0,16.481065948221269,19.570444062124506,258.82405695597626,0.0,0.0,115.76869847451212,137.51455685862258,1804.0061074389465,28.614061661039228,19.625556694814294,373.244819539998,441.0623336089948,7567.274999603557,0.0,0.0,128.55791863052773,153.15504392343315,1788.737001190852,456.00526816401176,21.58474199309935,48.2370220722092,21.5,30.0,0.0,22.441451242687067,49.26382901205028,21.0,30.0,1639.48987225986,21.903071004692415,46.78018401651374,21.5,30.0,0.0,21.14072771989765,49.236009868869277,16.0,30.0,0.0,19.536049177522579,57.08905270790393,12.0,30.0,0.0,22.50634918080577,55.36487402177114,19.0,30.0,0.0,19.48166773239626,56.12205236868224,10.0,30.0,0.0,18.71889659690869,59.28231801812268,12.0,30.0,0.0,18.656322279875707,59.57897313361735,16.0,30.0,0.0,20.239651408265197,0.0,0.0,0.0,17.790889079569895,0.0,0.0,757.7225626045018,946.5702340168505,730.8702678542304,742.0913045060879,874.7604679754808,1289.5689943748556,815.8084931473593,836.5556419081814,837.6713726831999,8660.013619242227,82.27874546774874,83.97581832724254,570.0,0.0,570.0,570.0,21.0,16.0,19.0,16.0,12.0,12.0,21.0,10.0,1.0,0.0,456.00526816401176,0.0,1639.48987225986,0.0,0.0,0.0,0.0,0.0,2568.381924770727,1541029.1548624363,2000958.9124448617,82.27874546774874,84.00464025829197,0.34061273082569096,0.7666738699490714,0.36028137401965956,84.00464025829197,0.3542647819438875,2000958.9124448617,0.11320153011379949 
 03/30  21:30:00,10.77,83.5,2.5549999999999999,0.0,0.0,0.0,0.0,0.0,2.0,0.0,0.0,4.0,0.0,0.0,0.0,3272.0,0.0,0.0,0.0,0.0,0.0,0.0,0.0,0.0,0.0,0.0,0.0,21.328982313725868,-249.48444363368743,22.24617668266268,-202.51989733978059,21.05965426556937,-167.3691663377124,20.80201877856851,15.308750284393455,19.564952582093818,8.250053742199107,22.171960575853534,-37.22099456484369,19.51459146398669,-40.63914888105387,18.7012656222329,-32.71167084891644,18.801720626292707,-167.00594868612485,441.14103452747147,554.6826885274804,0.0,0.0,0.0,0.0,0.0,0.0,0.0,0.0,0.0,0.0,0.0,0.0,0.0,0.0,0.0,0.0,0.0,0.0,0.0,0.0,0.0,0.0,1.1153384241935545,0.3404573944424769,190.68791401064153,224.66216827161618,4069.2952196006465,0.0,0.0,43.97140842611327,51.541055622027389,1019.76711386445,1.561942799633725,0.2951517006110593,229.50495598233204,270.8415668793253,4791.846379225146,0.2308905395872623,0.04363010952140254,119.84183796193963,141.33240178156067,2471.379879740881,0.0,0.0,5.982155255687704,7.0833338813191,105.32757532702199,0.0,0.0,14.536736762832838,17.018267623497104,338.8409682640691,0.0,0.0,169.21548665132259,200.47959896903968,2956.10237560332,0.0,0.0,18.34009733812756,21.787265990314329,291.34828257010056,0.0,0.0,127.85862852555482,151.94552966580563,2009.6525459167797,28.51210473273474,19.555627388706964,238.6321435927379,282.5800695396777,5008.357136494033,0.0,0.0,142.38968628484504,169.68287336737104,2014.9183835108598,0.0,21.37656449708297,48.87139859570136,21.0,30.0,0.0,22.46740262718971,49.47009934478576,21.0,30.0,0.0,21.177310085955598,49.1265903446178,21.0,30.0,0.0,21.082415396591704,50.02275108498417,16.0,30.0,0.0,19.5436597317905,57.211018328888908,12.0,30.0,0.0,22.50779818169736,55.38627181171882,19.0,30.0,0.0,19.473340042314495,56.14849884228652,10.0,30.0,0.0,18.660083049946797,59.598293726297537,12.0,30.0,0.0,18.573838317059356,59.930068672871808,16.0,30.0,0.0,20.027437500712549,0.0,0.0,0.0,17.75909257887833,0.0,0.0,758.6718107454126,961.4024725196343,741.492357784109,772.4179914244082,879.351067124426,1290.3231013529538,814.6857553454217,839.0741707560899,838.2124163890492,0.0,82.50644517762251,82.50644517762251,570.0,0.0,570.0,570.0,21.0,16.0,19.0,16.0,12.0,12.0,21.0,10.0,1.0,0.0,0.0,0.0,0.0,0.0,0.0,0.0,0.0,0.0,0.0,0.0,0.0,82.50644517762251,82.50644517762251,0.0,0.0,0.0,82.50644517762251,0.0,0.0,0.008423333333333333 
 03/30  21:40:00,10.623333333333335,84.66666666666667,2.5166666666666668,0.0,0.0,0.0,0.0,0.0,2.0,0.0,0.0,4.0,0.0,0.0,0.0,818.0,0.0,0.0,0.0,0.0,0.0,0.0,0.0,0.0,0.0,0.0,0.0,21.143897535601526,16.977330606262059,22.202063840093986,-256.59978015212848,20.95289672317973,-317.2988828756452,20.673566046779454,41.444307935825239,19.575337949695766,9.031868046525063,22.17537115744681,-33.69253152413978,19.445547332511077,-43.830093305706217,18.659460820519216,-30.040744243194923,18.74645856299911,-151.7193268398778,348.4721284109546,552.5076351031394,0.0,0.0,0.0,0.0,0.0,0.0,0.0,0.0,0.0,0.0,0.0,0.0,0.0,0.0,0.0,0.0,0.0,0.0,0.0,0.0,0.0,0.0,1.1393725872399843,0.34779383004883526,68.55020887170983,80.36933028431298,1456.7321618917063,0.0,0.0,47.138365557301948,54.99487927782022,1101.022262717383,1.5844185911934399,0.2993988267561301,118.69451559928292,139.29241936867713,2490.3023568579858,0.2224234939677545,0.04203013869383115,103.8917936940853,121.94671464541811,2125.991546207483,0.0,0.0,5.916043980972709,6.970968068078131,106.13449617077288,0.0,0.0,14.658184023519269,17.063546827647877,346.48273005699067,0.0,0.0,162.41483178630214,191.5679678766515,2851.2783381725919,0.0,0.0,17.455238971119387,20.639665301835,280.6799783237359,0.0,0.0,124.08532218776495,146.7752728728386,1970.4460227213122,28.35665075057856,19.449006001768568,128.21420583453128,151.15740048893884,2830.0755086622746,0.0,0.0,137.90979345872976,163.6024869112623,1962.529416141787,0.0,21.110111101136348,51.06956868994469,21.0,30.0,0.0,22.391729849180888,49.295698850425,21.0,30.0,288.55784437460638,21.00768565462403,48.97227192813723,21.0,30.0,0.0,20.859289142019727,50.596914515520669,16.0,30.0,0.0,19.557061614226528,57.39558529337964,12.0,30.0,0.0,22.516655032859256,55.38774090764789,19.0,30.0,0.0,19.359603564367509,56.66026954243406,10.0,30.0,0.0,18.602632304089338,59.888386860556597,12.0,30.0,0.0,18.50024798995322,60.239482171770088,16.0,30.0,0.0,19.656770573882477,0.0,0.0,0.0,17.6459181970074,0.0,0.0,827.982080660705,938.249418499233,706.4218405839903,765.905803912399,887.5021914214602,1290.9279750412518,819.0490265836033,840.9451053053632,838.9002495805739,8729.147389893562,82.23310291030616,82.23310291030616,570.0,0.0,570.0,570.0,21.0,16.0,19.0,16.0,12.0,12.0,21.0,10.0,1.0,0.0,0.0,0.0,288.55784437460638,0.0,0.0,0.0,0.0,0.0,0.0,0.0,0.0,82.23310291030616,82.23310291030616,0.34,0.6171467358524984,0.36028137401965956,82.23310291030616,0.3542647819438875,0.0,0.007694999999999999 
 03/30  21:50:00,10.476666666666667,85.83333333333333,2.478333333333333,0.0,0.0,0.0,0.0,0.0,2.0,0.0,0.0,4.0,0.0,0.0,0.0,3276.0,0.0,0.0,0.0,0.0,0.0,0.0,0.0,0.0,0.0,0.0,0.0,21.471978475230708,-119.71046661070773,22.18960887720019,-185.75423997397577,21.56716898530579,-1103.781290175524,20.782926139051523,347.0605135426392,19.579929885827416,5.4349310665349439,22.172311823476954,-45.22198951690578,19.43201890311283,-8.14785748149393,18.631956663847665,-33.28881194322709,18.702387534452293,-180.73801351251223,524.9619239843705,550.4013905380307,0.0,0.0,0.0,0.0,0.0,0.0,0.0,0.0,0.0,0.0,0.0,0.0,0.0,0.0,0.0,0.0,0.0,0.0,0.0,0.0,0.0,0.0,1.1679698756678292,0.3565231610707659,249.73239316577418,293.8041548721276,5535.848088908057,0.013613244881883744,0.0020777235778210846,39.740196289540538,46.61951231712878,939.2672946957463,1.3992348408313045,0.26440567664990646,368.1443802473127,432.8021749405983,8359.797930945824,0.2589357620315053,0.0489296602478279,236.99434420075523,279.13730829532639,5055.136506503325,0.0,0.0,6.342138964716424,7.508553953592735,115.58673522842426,0.0,0.0,14.768972721736433,17.2915858213652,352.9873466546827,0.0,0.0,165.06732595548488,195.60755752702642,2944.721137128349,0.0,0.0,16.685544400628709,19.82438191386515,272.1921837630719,0.0,0.0,123.69908056500882,147.04760554991379,1987.5665259743215,28.808802882965723,19.759124062390766,377.2782456656596,445.8869219097563,7976.50448543223,0.0,0.0,136.40962656811389,162.66673253452138,1949.028405187324,472.02390837809755,21.57468271570417,48.507256926903199,21.5,30.0,0.0,22.392540173725018,49.65784593227474,21.0,30.0,1659.9875758898407,21.888543278725636,47.05807476973125,21.5,30.0,0.0,21.119067666693,49.49580754688749,16.0,30.0,0.0,19.55891459503848,57.45533836731556,12.0,30.0,0.0,22.512258276276115,55.335960448909819,19.0,30.0,0.0,19.35865837965762,56.7967214716578,10.0,30.0,0.0,18.57714690607169,60.0554606236565,12.0,30.0,0.0,18.451401042081103,60.58230508237583,16.0,30.0,0.0,20.198717357177686,0.0,0.0,0.0,17.529631248935627,0.0,0.0,766.4984843189861,957.7066987681495,739.1858327685759,748.6101928548163,889.5520455486533,1286.6645150880773,824.0146362246248,843.4461358147228,844.9346021288313,8809.242940815044,82.17985994852447,85.72623937585759,570.0,0.0,570.0,570.0,21.0,16.0,19.0,16.0,12.0,12.0,21.0,10.0,1.0,0.0,472.02390837809755,0.0,1659.9875758898407,0.0,0.0,0.0,0.0,0.0,5366.9105760459319,3220146.3456275595,4204842.324475461,82.17985994852447,85.78646867170544,0.3488970192015311,0.7654661006503354,0.36028137401965956,85.78646867170544,0.3542647819438875,4204842.324475461,0.2262201342060573 
 03/30  22:00:00,10.33,87.0,2.44,0.0,0.0,0.0,0.0,0.0,2.0,0.0,0.0,4.0,0.0,0.0,0.0,3276.0,0.0,0.0,0.0,0.0,0.0,0.0,0.0,0.0,0.0,0.0,0.0,21.3398950689882,-264.22104060191989,22.19960677029961,-200.3139960078675,21.058778521086916,-173.49876589069596,20.77843762473988,13.422626661002937,19.583178158263416,7.071913466053346,22.16344917154761,-42.616506583498679,19.432070077806196,-55.174794464081518,18.595720216438186,-36.18063876716832,18.639259521063467,-189.33060792086872,457.1959753410006,623.8087360985753,0.0,0.0,0.0,0.0,0.0,0.0,0.0,0.0,0.0,0.0,0.0,0.0,0.0,0.0,0.0,0.0,0.0,0.0,0.0,0.0,0.0,0.0,1.1550853725452635,0.35259016255960426,192.24549696365515,226.5198020329808,4266.755034164112,0.0,0.0,43.477104454281697,50.971616136244367,1042.545684359042,1.7272206041007397,0.32638333410822759,231.332780167957,273.0378687562049,5028.584755275242,0.239481870599158,0.045253565872856758,123.0250308323028,145.10435267920273,2639.7621489301006,0.0,0.0,6.282528741449147,7.4389608587981599,116.37326708480123,0.0,0.0,14.845206531369218,17.381461338184545,358.8299756647713,0.0,0.0,177.43184009955054,210.3154355060533,3213.939401173254,0.0,0.0,18.308333452023648,21.76037331360541,302.5290566541263,0.0,0.0,135.79448513189059,161.49897947402369,2200.416332885755,28.718959091872884,19.697502806497185,240.4228275333849,284.76079377470969,5259.300437875293,0.0,0.0,149.95671661172069,178.8642211682636,2181.823649353954,0.0,21.36045761164968,49.18450817065214,21.0,30.0,0.0,22.421658218612519,49.87814692223328,21.0,30.0,0.0,21.157261458399696,49.437797911119179,21.0,30.0,0.0,21.05847670664726,50.34614533350659,16.0,30.0,0.0,19.561057503652298,57.538816574429208,12.0,30.0,0.0,22.501342886931874,55.42084916614491,19.0,30.0,0.0,19.35035594219905,56.829097003097718,10.0,30.0,0.0,18.53361887290448,60.30662021354369,12.0,30.0,0.0,18.36952874126848,60.94071402216038,16.0,30.0,0.0,19.975335311802995,0.0,0.0,0.0,17.510287718338213,0.0,0.0,766.0278011022563,971.9810873282017,748.1943212801012,780.3696986418065,892.1340891706391,1288.280250684117,822.145556908564,845.8683218742466,845.178687563705,0.0,83.33326531603669,83.33326531603669,570.0,0.0,570.0,570.0,21.0,16.0,19.0,16.0,12.0,12.0,21.0,10.0,1.0,0.0,0.0,0.0,0.0,0.0,0.0,0.0,0.0,0.0,0.0,0.0,0.0,83.33326531603669,83.33326531603669,0.0,0.0,0.0,83.33326531603669,0.0,0.0,0.007441666666666666 
 03/30  22:10:00,10.246666666666668,87.0,2.3899999999999999,0.0,0.0,0.0,0.0,0.0,2.0,0.0,0.0,4.0,0.0,0.0,0.0,4920.0,0.0,0.0,0.0,0.0,0.0,0.0,0.0,0.0,0.0,0.0,0.0,21.538930111693174,-605.0955926029189,22.18809653740621,-205.3038510115602,21.031476005137728,84.81077884031885,20.683614671061365,71.01894584312275,19.583660192960737,1.3141224326056905,22.155829242715947,-37.71204127471377,19.434026307198978,-18.97824951637144,18.552250154347527,-62.579562855137478,19.456112497464927,-176.1915389629586,434.126617015502,548.7371341083963,0.0,0.0,0.0,0.0,0.0,0.0,0.0,0.0,0.0,0.0,0.0,0.0,0.0,0.0,0.0,0.0,0.0,0.0,0.0,0.0,0.0,0.0,1.0810734522164583,0.3299980012870751,206.98137219829528,243.57798484756507,4681.999938199494,0.0,0.0,40.93282315956724,48.018777323180518,987.1409652836192,2.0060694366485798,0.3790758572654157,193.27568006069027,227.76265356968626,4243.253296300903,0.26246634323594089,0.049596814670434769,147.71378417326518,174.12205046761447,3141.75028762846,0.0,0.0,6.08697416331278,7.212661954425469,113.7272683632269,0.0,0.0,14.167554586799004,16.60221160797709,344.5071582548087,0.0,0.0,135.35093166736966,160.51138156725086,2481.5392499685,0.0,0.0,27.202112617843448,32.334599364319348,450.41077607955716,0.0,0.0,105.0670737636535,124.41683562122657,1993.725494765251,28.741746437467627,19.713131987289186,205.87944191594426,243.6832584762538,4525.8855137368759,0.0,0.0,105.76623802533456,126.29721189620034,1518.6183983450915,721.817609367027,21.54511973292417,48.52577373294348,21.33333333333333,30.0,0.0,22.40776422181148,49.983472146007979,20.999999999999998,30.0,0.0,21.145751161164897,49.6250266536943,20.999999999999998,30.0,0.0,20.901420381720805,50.69177205683003,15.999999999999999,30.0,0.0,19.5589222731751,57.47497686600358,11.999999999999997,30.0,0.0,22.492705578005663,54.2480224481566,18.999999999999998,30.0,0.0,19.38271252318804,56.64290528486514,9.999999999999999,30.0,0.0,18.470337507992246,60.68399718116252,11.999999999999997,30.0,1279.3018850472454,19.73437215925857,55.78790964769396,19.66666666666666,30.0,0.0,19.844398614679226,0.0,0.0,0.0,17.31090355283992,0.0,0.0,758.4835352604008,973.2938146215279,754.4303262889272,771.0170531978315,887.5657629531472,1261.9833017825957,817.247595373161,850.6910634575602,834.7507928163332,5687.4636859069419,82.38242082538729,82.3824208253873,569.9999999999999,0.0,569.9999999999999,569.9999999999999,21.0,16.0,19.0,19.0,12.0,12.0,21.0,10.0,1.0,0.0,721.817609367027,0.0,0.0,0.0,0.0,0.0,0.0,1279.3018850472454,0.0,0.0,0.0,82.38242082538729,82.38242082538729,0.22666666666666666,0.5129198380123503,0.240187582679773,82.38242082538729,0.23617652129592499,0.0,0.007315000000000001 
 03/30  22:20:00,10.163333333333334,87.0,2.34,0.0,0.0,0.0,0.0,0.0,2.0,0.0,0.0,4.0,0.0,0.0,0.0,820.0,0.0,0.0,0.0,0.0,0.0,0.0,0.0,0.0,0.0,0.0,0.0,21.1303039900695,-187.97169449201469,22.15951353251317,-234.4749207974017,20.92640236970672,-166.7282060788439,20.651884947456538,104.86842752729902,19.58015370804638,2.0005185164815777,22.15144336904232,-30.85933402230058,19.32121685817553,-79.36422321588181,18.482554192004498,-58.685616371044847,19.393241839303398,-48.39431409593,395.1894393388176,582.1825918734372,0.0,0.0,0.0,0.0,0.0,0.0,0.0,0.0,0.0,0.0,0.0,0.0,0.0,0.0,0.0,0.0,0.0,0.0,0.0,0.0,0.0,0.0,1.169123769615527,0.3568753875505272,119.77642795505376,140.50739181481735,2614.688438734219,0.0,0.0,45.54828962258655,53.13649038340803,1102.8945014455542,1.8072737220907987,0.34151052949561597,156.24880755195765,183.32226738297514,3416.30082063276,0.25206864234453327,0.047632018583623068,168.60284668259107,197.8991466625836,3604.7146764226206,0.0,0.0,5.441611579250462,6.412494778220023,102.5776516579932,0.0,0.0,14.293198545174766,16.654517689176616,350.1541189999951,0.0,0.0,126.70092028257807,149.53367311660547,2294.035575383823,0.0,0.0,29.119206473578275,34.456661360114569,481.7336043690929,0.0,0.0,107.47673587239027,126.67970579161015,2025.282980387661,28.58264147372142,19.604006497751329,166.61177097523587,196.38717961023949,3726.687538223546,0.0,0.0,103.49024274579223,122.93758937399396,1486.0962372312659,126.23563658226104,21.00553054460505,50.61057230251147,21.000000000000005,30.000000000000008,0.0,22.36166606876422,50.03457356818387,21.000000000000005,30.000000000000008,149.3224609428244,21.00358400558971,49.995039139396769,21.000000000000005,30.000000000000008,0.0,20.864749692916566,50.65037470412965,16.000000000000005,30.000000000000008,0.0,19.551316667602135,57.181469262508048,12.000000000000004,30.000000000000008,0.0,22.490688617183797,52.38971978389975,19.000000000000005,30.000000000000008,0.0,19.16804368923219,57.631289072744738,10.000000000000002,30.000000000000008,0.0,18.366368997777703,61.22297164197101,12.000000000000004,30.000000000000008,0.0,19.548164305837198,56.30639118470231,19.000000000000005,30.000000000000008,0.0,19.705990248919144,0.0,0.0,0.0,17.239921909382887,0.0,0.0,781.2086071371529,967.2336806563648,750.1253962563794,761.9805404795621,871.4025840940487,1225.1410029779234,827.6382145294598,856.980920812803,829.3791205632784,9055.779774162887,82.01712920736927,82.01712920736927,570.0000000000001,0.0,570.0000000000001,570.0000000000001,21.0,16.0,19.0,19.0,12.0,12.0,21.0,10.0,1.0,0.0,126.23563658226104,0.0,149.3224609428244,0.0,0.0,0.0,0.0,0.0,0.0,0.0,0.0,82.01712920736927,82.01712920736927,0.3400000000000001,0.6172864550963005,0.3602813740196596,82.01712920736927,0.35426478194388757,0.0,0.007346666666666665 
 03/30  22:30:00,10.08,87.0,2.29,0.0,0.0,0.0,0.0,0.0,2.0,0.0,0.0,4.0,0.0,0.0,0.0,3284.0,0.0,0.0,0.0,0.0,0.0,0.0,0.0,0.0,0.0,0.0,0.0,21.55069905350041,-219.03405022095229,22.15646718043566,-173.5440113172346,21.48179041628218,-922.18247820588,20.771099344788327,375.01706133194878,19.577065327298187,-0.9664972406032746,22.1439931337853,-40.69246674861472,19.389079491447875,90.90425254914044,18.44211625419641,-73.17118548090443,19.311356846847553,-45.402715845547849,500.2177389306994,399.0887212771563,0.0,0.0,0.0,0.0,0.0,0.0,0.0,0.0,0.0,0.0,0.0,0.0,0.0,0.0,0.0,0.0,0.0,0.0,0.0,0.0,0.0,0.0,1.1330135392730716,0.34585272871583386,107.4675319995126,126.34831135928322,2526.0304726219089,0.053572549949747447,0.008176518612598816,35.38280731480309,41.498049204908458,863.8637134422661,1.626127896167962,0.30728040365985689,269.2048023256799,316.34749918288449,6316.354382986729,0.2837359944556057,0.05361602313975919,259.31491525563066,305.3823801696604,5730.653055600788,0.0,0.0,6.247933035279872,7.398711776409403,118.66046711952319,0.0,0.0,13.509671691473688,15.829049025530696,332.67951135831467,0.0,0.0,99.21328621351556,117.6724582725383,1840.173570896965,0.0,0.0,28.042557973301393,33.34545302459593,465.6308639813077,0.0,0.0,65.64100899465235,77.89296474591605,1233.2930881868768,29.029842006402789,19.91072839945322,268.09579733463547,316.8930639341868,5953.953855200384,0.0,0.0,68.85608224584327,82.35646414675957,957.0032323963501,512.7424216280211,21.789980809854027,48.386591702085919,21.5,30.0,0.0,22.37331085376035,50.38344832912702,21.0,30.0,1384.8109431306348,21.855021929438089,47.167524899283119,21.5,30.0,0.0,21.11993068335106,49.569730983309899,16.0,30.0,0.0,19.545599169635414,57.083860468380837,12.0,30.0,0.0,22.481537457680934,51.87554772390376,19.0,30.0,0.0,19.345189670147705,56.77318676688742,10.0,30.0,0.0,18.31878691893479,61.365227508095497,12.0,30.0,0.0,19.423727852478387,56.74474784549676,19.0,30.0,0.0,20.008600556867635,0.0,0.0,0.0,16.894972528932955,0.0,0.0,790.2497245151626,989.4383822044229,736.0851984283677,747.6781055349649,866.072686809312,1214.2345532363966,817.2181443267091,857.1767797793767,829.5946726843752,4785.656783272445,81.29244115864538,81.29244115864538,570.0,0.0,570.0,570.0,21.0,16.0,19.0,19.0,12.0,12.0,21.0,10.0,1.0,0.0,512.7424216280211,0.0,1384.8109431306348,0.0,0.0,0.0,0.0,0.0,0.0,0.0,0.0,81.29244115864538,81.29244115864538,0.17,0.38534873727203269,0.18014068700982978,81.29244115864538,0.17713239097194376,0.0,0.007378333333333333 
 03/30  22:40:00,9.996666666666667,87.0,2.24,0.0,0.0,0.0,0.0,0.0,2.0,0.0,0.0,0.0,0.0,0.0,0.0,4105.0,0.0,0.0,0.0,0.0,0.0,0.0,0.0,0.0,0.0,0.0,0.0,21.375944880491649,21.279616465858088,21.81999237121486,-634.6817406019919,21.032477712605514,-62.19548010724176,20.812171746284834,37.93804294825905,19.572618193521366,-0.23044869797531654,22.024121193479503,-46.996400563095999,19.59766661883607,90.27194206683318,18.375441645155413,-88.5116960071357,19.17135775655205,-227.6618245635862,531.6870669731633,560.6432923487287,0.0,0.0,0.0,0.0,0.0,0.0,0.0,0.0,0.0,0.0,0.0,0.0,0.0,0.0,0.0,0.0,0.0,0.0,0.0,0.0,0.0,0.0,1.0279736188031766,0.3137892609289306,247.83983675751098,291.8701359961445,5702.16749699997,0.1508407391255985,0.023022090831135306,193.48143493009978,227.6641796744314,4547.354951589714,1.8646422676532813,0.352351146570915,208.9139433297466,246.41028093500254,4692.459783241606,0.2533755912125351,0.047878985489897028,105.39328510815908,124.52054553836786,2357.1117997259359,0.0,0.0,6.226118230460893,7.376267023250038,119.20164445650971,0.0,0.0,12.754391299372353,14.95734718703099,312.9178891422863,0.0,0.0,129.62803434833178,153.37252429217126,2527.420130841623,0.0,0.0,31.477806712814304,37.45600292293449,521.961373490735,0.0,0.0,77.35343549383481,91.68990620839598,1423.098736846714,28.900575572796755,19.82206829409929,276.17140237404109,326.9497284847464,6271.167103272501,0.0,0.0,93.15645970009072,111.25127990961058,1305.807776822343,0.0,21.502102741614924,49.259187161871427,21.0,30.0,0.0,21.784460742290987,47.44460281988991,12.000000000000002,30.0,0.0,21.174346559189645,50.27018890127823,21.0,30.0,0.0,21.136589035559294,50.58199927765559,12.000000000000002,30.0,0.0,19.539502220676146,56.9302695438193,12.000000000000002,30.0,0.0,22.3470347528784,51.43515038673643,12.000000000000002,30.0,0.0,19.7129223312994,55.740895266501869,10.0,30.0,0.0,18.221971341149854,61.788746035047669,12.000000000000002,30.0,0.0,19.178867721249419,57.85456357755818,19.0,30.0,0.0,20.141205085978919,0.0,0.0,0.0,16.851955664364654,0.0,0.0,793.0176948652907,742.2157067308452,793.0531100487883,802.0943715397135,858.5427234110259,1191.656188547217,830.2514734449134,863.4817553459525,844.0776983642618,0.0,80.90868016343754,80.90868016343754,60.0,0.0,60.0,60.0,12.0,12.0,12.0,19.0,12.0,12.0,21.0,10.0,0.0,0.0,0.0,0.0,0.0,0.0,0.0,0.0,0.0,0.0,0.0,0.0,0.0,80.90868016343754,80.90868016343754,0.0,0.0,0.0,80.90868016343754,0.0,0.0,0.00078 
 03/30  22:50:00,9.913333333333333,87.0,2.19,0.0,0.0,0.0,0.0,0.0,2.0,0.0,0.0,0.0,0.0,0.0,0.0,1642.0,0.0,0.0,0.0,0.0,0.0,0.0,0.0,0.0,0.0,0.0,0.0,21.161363892596318,-128.07703661688357,21.518618268353227,-204.50329584510517,20.94744784581574,-26.12840563583768,20.669185947006377,18.59354979434613,19.5696534374148,1.3877184369883367,21.889757666514769,-48.46741801361699,19.594127684108938,7.522931041362426,18.32269143931074,-77.62249692664079,18.92776705372208,-291.98872381210506,421.2953328337335,708.5639543805119,0.0,0.0,0.0,0.0,0.0,0.0,0.0,0.0,0.0,0.0,0.0,0.0,0.0,0.0,0.0,0.0,0.0,0.0,0.0,0.0,0.0,0.0,1.0771782035155933,0.3288089754321103,167.7024099511032,197.45062939750739,3781.7546804306696,0.1865224731986467,0.028468020939964396,86.41421504432805,101.87364995965065,1964.2505407261593,1.73668684686095,0.32817211769859236,153.64114262961747,180.82921248807529,3455.880391163212,0.2369607486766387,0.044777163393166789,77.38793190589316,90.85754827786775,1694.2033887826709,0.0,0.0,6.037576240604293,7.138814569236109,116.60324630656821,0.0,0.0,12.525160811257532,14.670441923137929,304.6463118344624,0.0,0.0,160.50534104733493,189.6393762164144,3144.7062291573126,0.0,0.0,31.044391333639746,36.88138162303591,515.781091876514,0.0,0.0,103.98585821595279,123.21645392051247,1848.6723988541726,28.645143451827367,19.646874795492029,161.9637340699282,191.5064145712842,3749.2603510862475,0.0,0.0,125.55170193550294,149.64698169697835,1823.424383674319,0.0,21.110031620495194,49.500243050162968,21.5,30.0,0.0,21.326689819152344,48.530948926300599,12.0,30.0,0.0,21.066290126450988,50.10564323688066,21.5,30.0,0.0,20.87604891579433,51.572887071106958,12.0,30.0,0.0,19.537225195330718,56.812855680705819,12.0,30.0,0.0,22.146209272527594,50.94868631247602,12.0,30.0,0.0,19.68746466292085,55.67497561744392,10.0,30.0,0.0,18.14996776580326,62.013063029974578,12.0,30.0,0.0,18.760219532617,59.5559817220542,19.5,30.0,0.0,19.732940567859914,0.0,0.0,0.0,17.058221307916143,0.0,0.0,747.0245021675985,730.4251992098753,770.1402105225602,812.6936641203105,854.2525781784489,1155.3175396263105,826.2591966878802,862.6593839339869,855.65418726289,0.0,80.90868016343754,80.90868016343754,60.0,0.0,60.0,60.0,12.0,12.0,12.0,19.0,12.0,12.0,21.0,10.0,0.0,0.0,0.0,0.0,0.0,0.0,0.0,0.0,0.0,0.0,0.0,0.0,0.0,80.90868016343754,80.90868016343754,0.0,0.0,0.0,80.90868016343754,0.0,0.0,0.0007766666666666666 
 03/30  23:00:00,9.83,87.0,2.14,0.0,0.0,0.0,0.0,0.0,2.0,0.0,0.0,0.0,0.0,0.0,0.0,1642.0,0.0,0.0,0.0,0.0,0.0,0.0,0.0,0.0,0.0,0.0,0.0,20.908802963304738,-81.47778039339574,21.379240998630807,-345.89458832351058,20.77764000238507,-173.32404651845946,20.575408844967613,-6.753097208820748,19.566414446390497,1.9365759358536395,21.78423949597662,-53.471565299418987,19.427069396669365,-96.1538549818938,18.305621345261775,-53.476103069806189,18.7465521783713,-285.74810522292048,468.1726248495479,716.0116875503263,0.0,0.0,0.0,0.0,0.0,0.0,0.0,0.0,0.0,0.0,0.0,0.0,0.0,0.0,0.0,0.0,0.0,0.0,0.0,0.0,0.0,0.0,1.0930358360446222,0.33364952260214356,356.7780460226372,420.03894453746519,7780.622365487004,0.17480149861018386,0.026679105404484719,201.38618892571354,236.66703835041558,4509.7559751085759,1.5077112937727336,0.2849038725949989,169.94213030205078,200.02576659652579,3731.2674407962729,0.21111694065110055,0.03989360178592224,45.03591404624644,52.92265071694583,981.6042973936785,0.0,0.0,5.822303174035979,6.886177971063276,113.3867259001762,0.0,0.0,12.739379290328955,14.929353727963085,308.39878694583998,0.0,0.0,170.99762670290904,202.34835489353493,3275.1646735251517,0.0,0.0,24.955488931573503,29.64826250615438,418.6934411917612,0.0,0.0,124.18638868738901,147.3759597193062,2163.598066245374,28.148109231974457,19.305973410133377,354.5163474779686,418.41327150269179,7707.538011766617,0.0,0.0,142.52108467717705,169.97154396872069,2087.052834741109,0.0,20.676765411844206,50.50990957239293,22.0,30.0,0.0,21.141902552445019,48.97331752186919,12.0,30.0,0.0,20.782293728950074,50.10948260077491,22.0,30.0,0.0,20.72027707873913,51.32319823862123,12.0,30.0,0.0,19.535321310883768,56.670899060645087,12.0,30.0,0.0,22.000266108851006,50.69837050748532,12.0,30.0,0.0,19.365282791372996,56.42750270704044,10.0,30.0,0.0,18.148181352673097,61.62287687601341,12.0,30.0,0.0,18.477739912160808,60.15756836224943,20.0,30.0,0.0,19.890838268313517,0.0,0.0,0.0,17.046817794902379,0.0,0.0,733.9964998118767,729.0445891869433,731.726600132797,778.4404594865885,851.2465411570346,1134.4488091275787,813.630130674972,847.8585842573502,839.4586791589145,0.0,80.90868016343754,80.90868016343754,60.0,0.0,60.0,60.0,12.0,12.0,12.0,19.0,12.0,12.0,21.0,10.0,0.0,0.0,0.0,0.0,0.0,0.0,0.0,0.0,0.0,0.0,0.0,0.0,0.0,80.90868016343754,80.90868016343754,0.0,0.0,0.0,80.90868016343754,0.0,0.0,0.0007733333333333332 
 03/30  23:10:00,9.695,87.16666666666667,2.0716666666666669,0.0,0.0,0.0,0.0,0.0,2.0,0.0,0.0,0.0,0.0,0.0,0.0,1642.0,0.0,0.0,0.0,0.0,0.0,0.0,0.0,0.0,0.0,0.0,0.0,20.875067641250025,-178.61075251426338,21.15430606733863,-202.06210255244833,20.58512207706366,-92.11036400079502,20.45743704322649,-96.71520962487284,19.56039914342038,-1.1975496905976968,21.693144864264366,-58.53946662796284,19.30945902506931,-64.43284431180382,18.29040441296924,-53.05683456605806,18.611850683181467,-272.35163903111268,458.3025870751562,681.4462146773039,0.0,0.0,0.0,0.0,0.0,0.0,0.0,0.0,0.0,0.0,0.0,0.0,0.0,0.0,0.0,0.0,0.0,0.0,0.0,0.0,0.0,0.0,1.0579757820275147,0.32294743041132925,272.0380169479776,320.52069679133037,5964.5169891257169,0.1816980858028318,0.027731698077355289,130.28075917105995,153.69895974628023,2886.267727262688,1.6794749940124488,0.3173611099796767,273.87215296859429,322.7170949064057,5937.75848252022,0.21743733458171703,0.041087931704784,160.60962129662893,189.35145657191183,3477.235469450036,0.0,0.0,6.024732690977608,7.1217391162877299,118.88899752428529,0.0,0.0,12.794289609563342,15.002318351112392,310.2914751315701,0.0,0.0,170.80129164031269,202.2392501520255,3252.730402124082,0.0,0.0,22.23064616167358,26.410723787445347,378.8854430760352,0.0,0.0,123.88286598359906,147.13419487702215,2145.5227756603219,27.957056682392094,19.174935996153708,376.5692234078618,444.9898472695287,8212.706732267236,0.0,0.0,140.48997325134469,167.63442828407569,2066.12156607648,0.0,20.654075412320446,50.22358542264017,22.0,30.0,0.0,20.819528158226527,49.32026000232766,12.0,30.0,0.0,20.47275885366837,50.683697180088888,22.0,30.0,0.0,20.52315236654309,50.90035466654843,12.0,30.0,0.0,19.528960992728274,56.4947714507274,12.0,30.0,0.0,21.882765331516639,50.36269308926561,12.0,30.0,0.0,19.173723049168627,56.7375477255748,10.0,30.0,0.0,18.145365855228506,61.264983999077298,12.0,30.0,0.0,18.285515707930199,60.48244917145772,20.0,30.0,0.0,19.853101775028678,0.0,0.0,0.0,16.938718009757559,0.0,0.0,722.0032410097438,704.6784604953029,717.3629181862162,733.0215254758059,847.1580536135089,1110.7196340049782,801.6673324138855,835.9282504802261,826.7460859779213,0.0,80.90868016343754,80.90868016343754,60.0,0.0,60.0,60.0,12.0,12.0,12.0,19.0,12.0,12.0,21.0,10.0,0.0,0.0,0.0,0.0,0.0,0.0,0.0,0.0,0.0,0.0,0.0,0.0,0.0,80.90868016343754,80.90868016343754,0.0,0.0,0.0,80.90868016343754,0.0,0.0,0.0007700000000000001 
 03/30  23:20:00,9.56,87.33333333333334,2.003333333333334,0.0,0.0,0.0,0.0,0.0,2.0,0.0,0.0,0.0,0.0,0.0,0.0,821.0,0.0,0.0,0.0,0.0,0.0,0.0,0.0,0.0,0.0,0.0,0.0,20.854824641873856,13.81140717380913,21.01223652756274,-321.050989694746,20.48135661855362,-164.5031447154861,20.362333989170517,13.141323028157786,19.55116439789984,-0.032072304438912627,21.601917543551545,-52.35000184316732,19.228207477580015,-80.63930255926971,18.271939225834275,-52.262084438808418,18.500509753376208,-255.71711289681117,439.1696360710994,698.7541431730633,0.0,0.0,0.0,0.0,0.0,0.0,0.0,0.0,0.0,0.0,0.0,0.0,0.0,0.0,0.0,0.0,0.0,0.0,0.0,0.0,0.0,0.0,1.071484740601985,0.3270710441398001,257.7693057081568,302.75782424081788,5758.421057374228,0.16682055717815168,0.0254610130003284,206.65941525122515,242.8654322712635,4566.193065827972,1.577944444041163,0.2981754429405071,164.9381720396774,194.0268340447814,3581.3593924941526,0.21825780596539039,0.0412429716487888,124.43895415935819,146.29726929530367,2698.073092209471,0.0,0.0,5.564746945100638,6.55895595714398,111.25012893482311,0.0,0.0,12.892028950064703,15.075514713160869,313.3306946828029,0.0,0.0,167.6850031706324,198.0040136205509,3199.526195509731,0.0,0.0,20.955204104031887,24.818465385427805,362.58112783783175,0.0,0.0,125.70141170458403,148.88142186607349,2174.503668364948,27.858139678840609,19.10709168644761,329.91540403412349,388.8334638938661,7294.294726202375,0.0,0.0,141.69844106716907,168.55950574722625,2106.436277778977,0.0,20.70824385408246,50.06456365347428,22.0,30.0,0.0,20.620400699463084,49.242850007569838,12.0,30.0,0.0,20.323922653199078,50.232587039828619,22.0,30.0,0.0,20.394198375705448,51.50712095257276,12.0,30.0,0.0,19.51830936139276,56.27212022660538,12.0,30.0,0.0,21.763522643067018,50.04349727779087,12.0,30.0,0.0,19.04836886251528,56.98634947294718,10.0,30.0,0.0,18.13514167769426,60.955784997465467,12.0,30.0,0.0,18.133282756077308,60.80352810270971,20.0,30.0,0.0,19.753261111654419,0.0,0.0,0.0,16.879296030528,0.0,0.0,722.6504573710106,676.1910410778568,680.2781121521883,742.0851300382033,840.9580285769026,1087.9805051982658,795.1754461841564,824.501709625276,818.5525235476979,0.0,80.90868016343754,80.90868016343754,60.0,0.0,60.0,60.0,12.0,12.0,12.0,19.0,12.0,12.0,21.0,10.0,0.0,0.0,0.0,0.0,0.0,0.0,0.0,0.0,0.0,0.0,0.0,0.0,0.0,80.90868016343754,80.90868016343754,0.0,0.0,0.0,80.90868016343754,0.0,0.0,0.0007866666666666667 
 03/30  23:30:00,9.425,87.5,1.935,0.0,0.0,0.0,0.0,0.0,2.0,0.0,0.0,0.0,0.0,0.0,0.0,1642.0,0.0,0.0,0.0,0.0,0.0,0.0,0.0,0.0,0.0,0.0,0.0,20.689345465166818,-127.6521644342829,20.971841066042999,-181.08584635738863,20.456979440163857,-75.98303678218326,20.28358182395597,-58.518192062984329,19.541168332316415,-2.466608375575163,21.537123783683258,-58.32114477825476,19.19001396386203,-78.3579836942381,18.25486664200472,-49.592001035341528,18.429439668945837,-259.79980396886188,423.3446732224338,684.8003102893558,0.0,0.0,0.0,0.0,0.0,0.0,0.0,0.0,0.0,0.0,0.0,0.0,0.0,0.0,0.0,0.0,0.0,0.0,0.0,0.0,0.0,0.0,1.0776098674666992,0.32894074098495099,256.53926061432215,302.6102595200199,5644.884578808951,0.18508796839427239,0.02824907942525525,128.98433870647734,151.78979996976606,2882.77012423308,1.7419785212287278,0.3291720561656706,216.26788887507514,255.26812429253688,4760.925721830828,0.2200340342400961,0.04157861569162812,116.50286842660053,137.41178579135807,2529.5840463321949,0.0,0.0,6.024230646477641,7.125148021083015,121.87401712373722,0.0,0.0,12.789562454125106,15.008553555816487,312.43950622553236,0.0,0.0,171.60343735640539,203.30530520504056,3306.447434102851,0.0,0.0,19.101259292773635,22.698372159560969,335.24022145354197,0.0,0.0,127.4836903107954,151.50588861057936,2219.6429106873567,27.811702890085117,19.07524203709542,317.0616523849713,374.9361675483435,7058.31706753794,0.0,0.0,142.46287533639103,170.047284425891,2133.3839696947336,0.0,20.402378636440809,50.494736065709599,22.0,30.0,0.0,20.64651657462138,49.24307521382438,12.0,30.0,0.0,20.34682740375667,50.54884190523619,22.0,30.0,0.0,20.27316536865802,51.27329464213216,12.0,30.0,0.0,19.507315756771285,56.13359628901896,12.0,30.0,0.0,21.69492707572241,49.921797603467208,12.0,30.0,0.0,19.009873464473047,56.87546039299832,10.0,30.0,0.0,18.127559796780909,60.799160801766848,12.0,30.0,0.0,18.05644107328653,60.87167829969466,20.0,30.0,0.0,19.659277831476396,0.0,0.0,0.0,16.79989988700884,0.0,0.0,702.6388640150401,681.1392785411015,697.9788717981355,718.5349241407405,835.5748964825348,1078.1613633955017,787.0460576106353,818.776988322703,811.6304601971451,0.0,80.90868016343754,80.90868016343754,60.0,0.0,60.0,60.0,12.0,12.0,12.0,19.0,12.0,12.0,21.0,10.0,0.0,0.0,0.0,0.0,0.0,0.0,0.0,0.0,0.0,0.0,0.0,0.0,0.0,80.90868016343754,80.90868016343754,0.0,0.0,0.0,80.90868016343754,0.0,0.0,0.0008033333333333333 
 03/30  23:40:00,9.29,87.66666666666667,1.8666666666666668,0.0,0.0,0.0,0.0,0.0,2.0,0.0,0.0,0.0,0.0,0.0,0.0,1642.0,0.0,0.0,0.0,0.0,0.0,0.0,0.0,0.0,0.0,0.0,0.0,20.631302484025409,-166.0062624184675,20.83829892756709,-214.13163092442506,20.33319335762701,-105.31168310477369,20.217460519467239,-87.37898961356768,19.528906453763825,-3.853417402029663,21.46842304812884,-59.26934901501295,19.108758181346905,-85.05402629445689,18.238729337401659,-44.91951360127064,18.344637145269759,-266.85443472707495,422.56894248309438,665.4081000494466,0.0,0.0,0.0,0.0,0.0,0.0,0.0,0.0,0.0,0.0,0.0,0.0,0.0,0.0,0.0,0.0,0.0,0.0,0.0,0.0,0.0,0.0,1.0790656971509818,0.3293851334404706,303.90038727216077,358.525387347241,6729.791435573118,0.18286764652795574,0.027910202461531705,156.7733778823271,185.1612407360555,3490.1559119842825,1.767419830049682,0.3339795597221622,278.10269478473819,328.1382523366391,6086.295662810031,0.21737399352899973,0.04107596249603168,158.24791944852076,186.78016091185376,3451.0766468605836,0.0,0.0,6.011278894655402,7.107174485573607,123.0778013114199,0.0,0.0,12.77006143301568,14.991136957739304,313.5032555890017,0.0,0.0,169.55400138879967,200.96956770413034,3271.8689795582965,0.0,0.0,16.7663595138553,19.92167081284242,298.6162216946809,0.0,0.0,128.86607266841492,153.23493976430624,2251.7938194119685,27.652229024147588,18.965863528221946,412.41451788341746,487.81889027949208,9093.184458612175,0.0,0.0,141.2884732542342,168.72908207636704,2128.1523943524236,0.0,20.34390585231258,50.0037557945805,22.0,30.0,0.0,20.458055737274579,49.058588444172688,12.0,30.0,0.0,20.156574702275507,50.382043344934917,22.0,30.0,0.0,20.18909457400567,50.99750169659895,12.0,30.0,0.0,19.493706347578198,55.89559097602174,12.0,30.0,0.0,21.61771312988186,49.650340963488897,12.0,30.0,0.0,18.885853822908737,56.77297850420669,10.0,30.0,0.0,18.12161874557577,60.478223112674388,12.0,30.0,0.0,17.948979112006236,60.79903278974392,20.0,30.0,0.0,19.62140968994285,0.0,0.0,0.0,16.70554535038537,0.0,0.0,678.849525546032,654.1263409424877,670.555350654093,699.7285917728044,827.2856667682088,1061.3924591271878,769.2939245622486,808.2696928414669,797.0406112250194,0.0,80.90868016343754,80.90868016343754,60.0,0.0,60.0,60.0,12.0,12.0,12.0,19.0,12.0,12.0,21.0,10.0,0.0,0.0,0.0,0.0,0.0,0.0,0.0,0.0,0.0,0.0,0.0,0.0,0.0,80.90868016343754,80.90868016343754,0.0,0.0,0.0,80.90868016343754,0.0,0.0,0.00082 
 03/30  23:50:00,9.155,87.83333333333334,1.7983333333333334,0.0,0.0,0.0,0.0,0.0,2.0,0.0,0.0,0.0,0.0,0.0,0.0,821.0,0.0,0.0,0.0,0.0,0.0,0.0,0.0,0.0,0.0,0.0,0.0,20.62019166080575,-7.989324011223289,20.751856910216256,-280.46615294374808,20.266763495474647,-154.90986524220353,20.15802521236096,1.2183112438115132,19.514014684420958,-2.545209211209624,21.39615470629897,-55.12572378703527,19.04058010578183,-98.53787020499385,18.220681528908558,-43.39647403750723,18.266318391319218,-258.6281273991772,395.6145503786993,687.2377725138667,0.0,0.0,0.0,0.0,0.0,0.0,0.0,0.0,0.0,0.0,0.0,0.0,0.0,0.0,0.0,0.0,0.0,0.0,0.0,0.0,0.0,0.0,1.0900371381426797,0.33273416915222217,242.99272768422723,285.7594852346335,5485.6582071633069,0.17683037616592438,0.02698876315108736,190.99663962095836,224.7225850633754,4278.625337228853,1.689676765275421,0.31928888232717719,165.32180340169624,194.69750441908264,3647.061877209687,0.22087481788357278,0.04173749393113619,123.75792686822907,145.65619969083174,2720.2842129429639,0.0,0.0,5.57117613227729,6.568339437234543,115.43965123236251,0.0,0.0,12.825725927607042,15.01419952235884,316.3578248805685,0.0,0.0,167.1066207997963,197.52572732457404,3239.9756277178637,0.0,0.0,15.945872623471543,18.889522023763129,288.13824850122026,0.0,0.0,130.54869369869878,154.79450607260373,2293.0998053363,27.522533343238757,18.876909014567056,316.93868888852719,373.9473301505085,7128.178606096557,0.0,0.0,142.29048697015055,169.42702491230589,2167.799636332197,0.0,20.406939491613078,49.82448858441441,22.0,30.0,0.0,20.358704065008309,48.61578859016676,12.0,30.0,0.0,20.07590141026592,49.56477824009466,22.0,30.0,0.0,20.129363280720186,51.28936825862445,12.0,30.0,0.0,19.476623425568325,55.57375722810056,12.0,30.0,0.0,21.53209788379727,49.38459177736536,12.0,30.0,0.0,18.789234068664159,56.95717768946872,10.0,30.0,0.0,18.1113094599618,60.16501269415843,12.0,30.0,0.0,17.85289730143882,60.87422478156863,20.0,30.0,0.0,19.492820502868374,0.0,0.0,0.0,16.651845799475259,0.0,0.0,679.2114494941485,626.7429638472071,631.1971262768858,703.5537629562297,815.407603778251,1044.2178814632706,765.3857185807959,797.7712274979335,788.7604075022914,0.0,80.90868016343754,80.90868016343754,60.0,0.0,60.0,60.0,12.0,12.0,12.0,19.0,12.0,12.0,21.0,10.0,0.0,0.0,0.0,0.0,0.0,0.0,0.0,0.0,0.0,0.0,0.0,0.0,0.0,80.90868016343754,80.90868016343754,0.0,0.0,0.0,80.90868016343754,0.0,0.0,0.0008166666666666667 
 03/30  24:00:00,9.02,88.0,1.73,0.0,0.0,0.0,0.0,0.0,2.0,0.0,0.0,0.0,0.0,0.0,0.0,1642.0,0.0,0.0,0.0,0.0,0.0,0.0,0.0,0.0,0.0,0.0,0.0,20.483999479580985,-126.97621775552762,20.726589133346204,-171.97247405309828,20.250504673898399,-81.9364241433027,20.093152095955224,-65.63972588879369,19.499961808438188,-4.7754323764071249,21.34117611292969,-59.43727417121724,19.011195768634694,-90.08187417808768,18.203019981110996,-42.11605068840146,18.20920991656429,-265.7599074509744,392.5224959861562,677.5545571093408,0.0,0.0,0.0,0.0,0.0,0.0,0.0,0.0,0.0,0.0,0.0,0.0,0.0,0.0,0.0,0.0,0.0,0.0,0.0,0.0,0.0,0.0,1.1046404390119884,0.33719183120024068,243.13867874898683,287.0726601642524,5435.67642257395,0.19207429156841933,0.029315368065998067,120.63765494597428,142.10802367540203,2736.617372901259,1.8630897489362198,0.3520577756871165,213.61076113899629,252.37759185249477,4778.992182603774,0.22312257349254015,0.04216223988899094,118.37273760565603,139.76413309594629,2611.4680865211087,0.0,0.0,5.965493267841257,7.057196413321325,124.99413247994593,0.0,0.0,12.757066907776594,14.984409881941094,316.63222381375558,0.0,0.0,170.16341967964295,201.78616162559229,3337.651843994654,0.0,0.0,15.247845169708782,18.122006216360118,279.24994613762439,0.0,0.0,131.72838176587477,156.7083318605438,2333.917860540352,27.479572075254148,18.847443124316979,306.1381794811042,362.35751418038697,6953.701178423362,0.0,0.0,142.27103602035192,169.9691242722269,2183.621759195094,0.0,20.16012568263323,50.05143151796496,22.0,30.0,0.0,20.395511594597396,48.64647014669584,12.0,30.0,0.0,20.106209127417377,50.05044594221333,22.0,30.0,0.0,20.034023773769165,50.90814803431925,12.0,30.0,0.0,19.462190604028913,55.41487443771427,12.0,30.0,0.0,21.478639035026615,49.26598535249385,12.0,30.0,0.0,18.77056977678263,56.66730804394839,10.0,30.0,0.0,18.101925646076805,59.95166227571511,12.0,30.0,0.0,17.7965253571585,60.765015372583537,20.0,30.0,0.0,19.43555078204311,0.0,0.0,0.0,16.574338469837217,0.0,0.0,662.0061508140163,634.2334923676856,655.4377816280754,680.2741602696954,808.73215458133,1036.0500485353574,753.470291398572,789.8957553016602,778.4143034922204,0.0,80.90868016343754,80.90868016343754,60.0,0.0,60.0,60.0,12.0,12.0,12.0,19.0,12.0,12.0,21.0,10.0,0.0,0.0,0.0,0.0,0.0,0.0,0.0,0.0,0.0,0.0,0.0,0.0,0.0,80.90868016343754,80.90868016343754,0.0,0.0,0.0,80.90868016343754,0.0,0.0,0.0008133333333333332 
 03/31  00:10:00,8.983333333333335,87.83333333333334,1.775,0.0,0.0,0.0,0.0,0.0,2.0,2.0,0.0,0.0,0.0,0.0,0.0,1642.0,0.0,0.0,0.0,0.0,0.0,0.0,0.0,0.0,0.0,0.0,0.0,20.44929122264427,-159.40742091910307,20.618401445712473,-194.54309161888933,20.149660081596957,-96.72377956218316,20.046575559847946,-85.3965190453282,19.48749346597438,-1.3362297691595729,21.286127958511423,-54.97018047183448,19.105471528470305,55.9039531581202,18.15164323757552,-79.44122873506984,18.2888695983669,-109.64517446327727,397.25277708217257,366.2556147804312,0.0,0.0,0.0,0.0,0.0,0.0,0.0,0.0,0.0,0.0,0.0,0.0,0.0,0.0,0.0,0.0,0.0,0.0,0.0,0.0,0.0,0.0,1.1131607516099842,0.33979265922160697,292.92576432492128,345.8511857724549,6552.772297047193,0.19143208616203156,0.029217351367831436,151.54585456020389,179.13041135338623,3404.849492068735,1.9070494020764766,0.36036458844982569,271.9353565937169,321.124337336033,6016.810371878524,0.22300185499362855,0.042139428381260109,156.0912580174334,184.38344330978135,3438.4806884823985,0.0,0.0,5.365143941335258,6.344181033313591,112.70573301522978,0.0,0.0,12.180436181685046,14.310105998204872,301.88512109758258,0.0,0.0,69.98414519075419,82.92243733166277,1409.3602272165265,0.0,0.0,20.70955001562513,24.619266627881037,377.67228370399769,0.0,0.0,28.366325134058046,33.722382022832267,515.1371841552076,27.334499838687873,18.747942276191965,401.28026693747077,474.99664279462379,8962.569463297135,0.0,0.0,56.692291242173457,67.85327615105556,818.8507852364528,0.0,20.14331201717242,49.390440961239637,22.0,30.0,0.0,20.24486429548122,48.41593896539959,12.0,30.0,0.0,19.956243069391783,49.73307277095932,22.0,30.0,0.0,19.985944185864086,50.486608140026067,12.0,30.0,0.0,19.45259901553481,55.00801056249638,12.0,30.0,0.0,21.422463220060537,48.97844902601658,12.0,30.0,0.0,18.998106680210684,54.429556023317669,10.0,30.0,0.0,18.024595169954958,59.75833629759063,12.0,30.0,0.0,17.984118698685664,59.789364561584097,20.0,30.0,0.0,19.432689412611013,0.0,0.0,0.0,16.078810250058966,0.0,0.0,639.9117925200158,613.5798189717159,631.1009482422679,664.8892116062039,795.462969605069,1029.8216227190524,707.1097005341673,779.7191497743713,832.1191873082694,0.0,80.90868016343754,80.90868016343754,60.0,0.0,60.0,60.0,12.0,12.0,12.0,19.0,12.0,12.0,21.0,10.0,0.0,0.0,0.0,0.0,0.0,0.0,0.0,0.0,0.0,0.0,0.0,0.0,0.0,80.90868016343754,80.90868016343754,0.0,0.0,0.0,80.90868016343754,0.0,0.0,0.00081 
 03/31  00:20:00,8.946666666666668,87.66666666666667,1.8200000000000003,0.0,0.0,0.0,0.0,0.0,2.0,2.0,0.0,0.0,0.0,0.0,0.0,821.0,0.0,0.0,0.0,0.0,0.0,0.0,0.0,0.0,0.0,0.0,0.0,20.453610581695508,-8.862212289792297,20.550033028363886,-263.1492979154673,20.100689195489396,-145.34470917556156,20.003243900709106,-2.453571488117632,19.47352638278374,0.32563526690125857,21.22801387596335,-50.333812385952459,19.18674147170494,3.0077331666579996,18.086702693853117,-81.75182898633443,18.41387169090808,-116.97963529593358,365.829360510912,391.10185643469506,0.0,0.0,0.0,0.0,0.0,0.0,0.0,0.0,0.0,0.0,0.0,0.0,0.0,0.0,0.0,0.0,0.0,0.0,0.0,0.0,0.0,0.0,1.1136664839890767,0.33994703418469987,225.3938569535214,265.2802489536107,5105.786487666788,0.1845258017791329,0.028163278659818819,181.3196415066754,213.51300019663055,4070.8766581393676,1.8027943346571076,0.3406640844023258,152.42788274469764,179.6482453615289,3380.6881828600019,0.2240140691802205,0.04233070090329184,116.84429297408403,137.62639992711636,2577.2003420389307,0.0,0.0,4.859171202785995,5.730517596178906,102.35875342085162,0.0,0.0,12.100927941770648,14.176854942623736,299.4368058511294,0.0,0.0,66.7111399165291,78.78229135168196,1368.4822626996036,0.0,0.0,21.75762279316127,25.794878202898315,394.4590430627624,0.0,0.0,27.158303676298027,32.16449131768813,508.06742166117837,27.221182727502016,18.670221349452694,293.7684874332098,346.88360385051728,6659.096765876632,0.0,0.0,56.75328494680895,67.76059156475557,808.1570020879512,0.0,20.226977331249818,49.032294608468259,22.0,30.0,0.0,20.168788789169203,47.94906126919374,12.0,30.0,0.0,19.904155655304224,48.868037320275,22.0,30.0,0.0,19.952663278224074,50.60445740932064,12.0,30.0,0.0,19.440449941869823,54.48338722984194,12.0,30.0,0.0,21.3581878174383,48.69613530647424,12.0,30.0,0.0,19.155798902938338,53.65037018788179,10.0,30.0,0.0,17.928535652460608,59.44143277761652,12.0,30.0,0.0,18.224983813439719,58.40814480847647,20.0,30.0,0.0,19.305333338355838,0.0,0.0,0.0,15.935310648323857,0.0,0.0,634.9592651614892,591.1967054105091,597.2699878273166,667.1376144620332,779.3999107286322,1026.2279082863266,706.5498678560002,761.8330548620717,868.6168773032947,0.0,80.90868016343754,80.90868016343754,60.0,0.0,60.0,60.0,12.0,12.0,12.0,19.0,12.0,12.0,21.0,10.0,0.0,0.0,0.0,0.0,0.0,0.0,0.0,0.0,0.0,0.0,0.0,0.0,0.0,80.90868016343754,80.90868016343754,0.0,0.0,0.0,80.90868016343754,0.0,0.0,0.0007966666666666668 
 03/31  00:30:00,8.91,87.5,1.865,0.0,0.0,0.0,0.0,0.0,2.0,2.0,0.0,0.0,0.0,0.0,0.0,1642.0,0.0,0.0,0.0,0.0,0.0,0.0,0.0,0.0,0.0,0.0,0.0,20.330990756756174,-121.8074742779927,20.534894141985036,-157.2157099483925,20.091906121260345,-75.18749908604969,19.950070472077788,-60.966358987131119,19.46064252606802,0.2692422344617995,21.184899198099765,-47.73797684122181,19.21145920366329,10.755397766244414,18.026715278865436,-104.36778047959882,18.467266871890894,-117.16189810671614,368.45612650870137,418.2523412075594,0.0,0.0,0.0,0.0,0.0,0.0,0.0,0.0,0.0,0.0,0.0,0.0,0.0,0.0,0.0,0.0,0.0,0.0,0.0,0.0,0.0,0.0,1.123224120891621,0.34286450576667307,231.31473012043234,273.30215899060655,5151.459028424946,0.19735433453082344,0.030121235429002359,117.27079452204164,138.25312141854153,2646.275441605094,1.9356886757506598,0.3657763937548489,203.79113592578063,240.94268134688054,4542.218673464094,0.22509508237976484,0.04253497399466455,113.07193245976558,133.59625515603239,2484.889730107083,0.0,0.0,4.977900457451739,5.890234704324097,105.07868297236708,0.0,0.0,11.68920575589992,13.738893164009479,289.1405810206795,0.0,0.0,70.52711415551151,83.53564470027493,1458.4004111936779,0.0,0.0,26.650691743021868,31.70116163401709,480.50662113867517,0.0,0.0,25.866647682196495,30.721410291209219,490.4025363139981,27.175015857692676,18.638556829693198,293.3654242324983,347.47244560714196,6656.952444787001,0.0,0.0,58.50848411672911,70.0858503309158,828.684839425212,0.0,20.002591599248065,49.26787689975253,22.0,30.0,0.0,20.213757813432449,47.981159746174849,12.0,30.0,0.0,19.942695681204215,49.33568678628028,22.0,30.0,0.0,19.876396391161547,50.17947579380118,12.0,30.0,0.0,19.431037432113337,54.217159630312249,12.0,30.0,0.0,21.321748976316728,48.53051588705953,12.0,30.0,0.0,19.20825814393539,53.097096621370898,10.0,30.0,0.0,17.8447179201454,59.16749726383877,12.0,30.0,0.0,18.32207185342124,57.65926283522781,20.0,30.0,0.0,19.284313527233384,0.0,0.0,0.0,15.862770834856893,0.0,0.0,624.6173075908989,598.8470941606752,620.5988610297115,650.0247231937524,772.0069663600157,1028.9701803154624,699.3855687027087,747.3310583649773,873.5954143046632,0.0,80.90868016343754,80.90868016343754,60.0,0.0,60.0,60.0,12.0,12.0,12.0,19.0,12.0,12.0,21.0,10.0,0.0,0.0,0.0,0.0,0.0,0.0,0.0,0.0,0.0,0.0,0.0,0.0,0.0,80.90868016343754,80.90868016343754,0.0,0.0,0.0,80.90868016343754,0.0,0.0,0.0007833333333333333 
 03/31  00:40:00,8.873333333333335,87.33333333333334,1.9100000000000002,0.0,0.0,0.0,0.0,0.0,2.0,2.0,0.0,0.0,0.0,0.0,0.0,821.0,0.0,0.0,0.0,0.0,0.0,0.0,0.0,0.0,0.0,0.0,0.0,20.211768059914257,-175.87940260639153,20.551192998171488,-23.276886665754547,20.089338898914975,-8.000269671771094,19.88388974137329,-90.34960198560293,19.443744034774757,0.02985036897791815,21.133980371939829,-45.935011919638558,19.219698425429227,10.822898824993445,17.945691712970175,-107.77226805798864,18.531481966352197,-116.56345411116502,325.89440226519675,428.40418329661,0.0,0.0,0.0,0.0,0.0,0.0,0.0,0.0,0.0,0.0,0.0,0.0,0.0,0.0,0.0,0.0,0.0,0.0,0.0,0.0,0.0,0.0,1.129587502049016,0.34480692980739199,166.24503091684324,195.96238888106928,3663.0039688230319,0.2031953273763846,0.031012717853538556,11.264024676724548,13.256988370445653,261.81712084461608,2.015704380643296,0.38089651939593668,207.4502666427647,244.35055397511145,4654.075119040861,0.22496817899727429,0.04251099376365726,79.14356394661304,93.29446614628901,1732.9524282709625,0.0,0.0,5.032931974750608,5.936430856594904,106.4946538440278,0.0,0.0,11.541312253082442,13.526620305721533,285.25844609116759,0.0,0.0,72.0374864567388,85.05630038909909,1498.6669056380495,0.0,0.0,28.71260376165961,34.06903069099204,513.2799487102039,0.0,0.0,24.70016814675322,29.23403833677492,476.1209012725462,27.065544754817045,18.563473768735976,208.7884196495044,246.76938641645024,4838.938372050696,0.0,0.0,58.61429200080332,70.02160925700015,826.5309121896896,0.0,19.81096833906494,49.45018566592415,22.0,30.0,0.0,20.30367921972702,47.41826858345931,12.0,30.0,0.0,19.984099434718066,49.58777421608552,22.0,30.0,0.0,19.784493878056759,49.75910280992912,12.0,30.0,0.0,19.414652351468808,53.794371357820498,12.0,30.0,0.0,21.26820901687537,48.22104166981162,12.0,30.0,0.0,19.231246553819547,52.66049638442156,10.0,30.0,0.0,17.724388594078,59.05463720491267,12.0,30.0,0.0,18.442549085108206,56.74151830220286,20.0,30.0,0.0,19.112611527882995,0.0,0.0,0.0,15.79095293977958,0.0,0.0,619.1445651833682,592.459299664494,636.2357899268253,635.3965995723772,761.5621335476565,1030.8230142608143,688.9026231889903,736.8538939639384,879.9725840852489,0.0,80.90868016343754,80.90868016343754,60.0,0.0,60.0,60.0,12.0,12.0,12.0,19.0,12.0,12.0,21.0,10.0,0.0,0.0,0.0,0.0,0.0,0.0,0.0,0.0,0.0,0.0,0.0,0.0,0.0,80.90868016343754,80.90868016343754,0.0,0.0,0.0,80.90868016343754,0.0,0.0,0.0007700000000000001 
 03/31  00:50:00,8.836666666666666,87.16666666666666,1.955,0.0,0.0,0.0,0.0,0.0,2.0,2.0,0.0,0.0,0.0,0.0,0.0,1642.0,0.0,0.0,0.0,0.0,0.0,0.0,0.0,0.0,0.0,0.0,0.0,20.254896830944508,-70.54924661579844,20.461559139722849,-212.34012686741179,19.99852860198864,-126.2901989768302,19.866940014593046,-36.011059551369729,19.4288017515469,0.5176368297346699,21.095322140702096,-40.992988242957128,19.195872207267834,-7.683728881739171,17.888285574786296,-117.30034069054341,18.561004881750166,-108.97921379881388,356.2373830598972,428.9105243889463,0.0,0.0,0.0,0.0,0.0,0.0,0.0,0.0,0.0,0.0,0.0,0.0,0.0,0.0,0.0,0.0,0.0,0.0,0.0,0.0,0.0,0.0,1.1221419902607717,0.34253418506128566,219.3677338221097,259.30137234414567,4913.951153040497,0.1899015788637924,0.02898375745784377,106.86159370231703,126.52645450016846,2411.5544150817388,1.957624801012005,0.36992154214134656,218.07109721650245,257.7125234562361,4841.116741484897,0.22788130975003824,0.04306147198602384,120.61634795532021,142.64861864843304,2650.8242088789527,0.0,0.0,4.68051244312581,5.536811926478737,99.2295035615474,0.0,0.0,11.354250852478593,13.349693998095669,280.6732623659826,0.0,0.0,68.2772826494978,80.85468893952319,1419.9903025569316,0.0,0.0,30.67243095563044,36.51084688306353,546.0045354183905,0.0,0.0,22.540648174707824,26.754607971116898,438.18938757438289,26.949659308042805,18.483991294953918,300.8122076004221,356.5659873564908,6803.558492106915,0.0,0.0,57.457658939634089,68.86051666981334,805.7266705706472,0.0,19.969401818480315,48.67151971304168,22.0,30.0,0.0,20.15370372488171,47.305199387381808,12.0,30.0,0.0,19.83481120278154,48.880613059708867,22.0,30.0,0.0,19.799285726983177,49.78590700226308,12.0,30.0,0.0,19.403351403617145,53.5533104874294,12.0,30.0,0.0,21.238301208312067,48.00849934764551,12.0,30.0,0.0,19.19469370108282,52.35814463637988,10.0,30.0,0.0,17.65300116068256,58.93151206347706,12.0,30.0,0.0,18.494211297231297,56.26587628491414,20.0,30.0,0.0,19.18943002725161,0.0,0.0,0.0,15.71739038577146,0.0,0.0,609.1584403321889,576.7609367575929,600.067826594975,635.6335053974729,755.1334051854926,1029.3740029177964,684.5327398306416,732.3424480524254,885.1088525430125,0.0,80.90868016343754,80.90868016343754,60.0,0.0,60.0,60.0,12.0,12.0,12.0,19.0,12.0,12.0,21.0,10.0,0.0,0.0,0.0,0.0,0.0,0.0,0.0,0.0,0.0,0.0,0.0,0.0,0.0,80.90868016343754,80.90868016343754,0.0,0.0,0.0,80.90868016343754,0.0,0.0,0.0007666666666666667 
 03/31  01:00:00,8.8,87.0,2.0,0.0,0.0,0.0,0.0,0.0,2.0,2.0,0.0,0.0,0.0,0.0,0.0,821.0,0.0,0.0,0.0,0.0,0.0,0.0,0.0,0.0,0.0,0.0,0.0,20.30983747671088,8.269267731822766,20.34550384282079,-295.7893940867807,19.95581610790375,-106.74223864907981,19.85344324334283,3.3585850262034,19.40885344166302,0.5886720110905515,21.04832125762954,-38.7164092748975,19.16875851397196,-13.088685987519967,17.815802211889158,-116.56842854684283,18.59651094720528,-103.9598182414453,320.5299898220992,428.0073892769153,0.0,0.0,0.0,0.0,0.0,0.0,0.0,0.0,0.0,0.0,0.0,0.0,0.0,0.0,0.0,0.0,0.0,0.0,0.0,0.0,0.0,0.0,1.132867697215549,0.3458082103832567,167.73117496103755,197.5311444638215,3821.5304845435227,0.18903838116675096,0.028852011777587146,169.22456161538438,199.41651270523423,3786.916376159208,1.9235688817093977,0.36348618324062706,102.26989330653783,120.57727421159939,2292.235698015669,0.22873331549465013,0.04322247080397771,110.16779995918708,129.84499682947283,2431.5337733237959,0.0,0.0,4.55139863373829,5.369447595751919,96.68408044009716,0.0,0.0,11.269914918096033,13.21337676368894,278.48161730075517,0.0,0.0,66.54137215647316,78.59257744107436,1384.0950312547994,0.0,0.0,31.477050793946398,37.373953065473418,556.7683355717085,0.0,0.0,21.08881039606105,24.95114927134601,414.36719861744145,26.812446758899829,18.389881178943648,207.0397556307704,244.72172124137044,4800.326777006059,0.0,0.0,56.327394027208388,67.32892891271307,786.3542290913722,0.0,20.124037704644846,47.49360039415921,22.0,30.0,0.0,19.979761746395736,47.3117291715016,12.0,30.0,0.0,19.79591872654514,48.37320700292354,22.0,30.0,0.0,19.808742131794394,49.5996535289161,12.0,30.0,0.0,19.38297599367018,53.13310793036031,12.0,30.0,0.0,21.190070823492584,47.67190188133605,12.0,30.0,0.0,19.154715669074134,52.1872865829264,10.0,30.0,0.0,17.553460379362705,58.843690108469839,12.0,30.0,0.0,18.559721176418909,55.61775006543761,20.0,30.0,0.0,19.04297066998303,0.0,0.0,0.0,15.6456017188872,0.0,0.0,582.9860284310933,563.348596361764,586.1184492028546,630.8900385351471,743.0778140339816,1025.615362832475,683.523551667371,726.6334799699864,892.7882661144332,0.0,80.90868016343754,80.90868016343754,60.0,0.0,60.0,60.0,12.0,12.0,12.0,19.0,12.0,12.0,21.0,10.0,0.0,0.0,0.0,0.0,0.0,0.0,0.0,0.0,0.0,0.0,0.0,0.0,0.0,80.90868016343754,80.90868016343754,0.0,0.0,0.0,80.90868016343754,0.0,0.0,0.0007633333333333333 
 03/31  01:10:00,8.798333333333334,86.83333333333333,2.0583333333333337,0.0,0.0,0.0,0.0,0.0,2.0,2.0,0.0,0.0,0.0,0.0,0.0,1642.0,0.0,0.0,0.0,0.0,0.0,0.0,0.0,0.0,0.0,0.0,0.0,20.149065414018926,-142.26922479089718,20.332649724984714,-138.89986048775564,19.939132853013598,-78.5037929687046,19.813650191956247,-45.58684086061385,19.390723610144084,-0.3339840418561124,21.009372672091094,-39.35227467540699,19.159279893403509,-8.12081112810597,17.762329247830679,-124.34651827090568,18.613784424254633,-97.30318512956927,355.10648753564058,425.2847720479856,0.0,0.0,0.0,0.0,0.0,0.0,0.0,0.0,0.0,0.0,0.0,0.0,0.0,0.0,0.0,0.0,0.0,0.0,0.0,0.0,0.0,0.0,1.1297189367825447,0.344847050299922,235.9458293114037,278.95478933795359,5223.035222166256,0.20190518965773358,0.030815810387321973,125.77845023689169,148.44777247152153,2824.186419922988,1.944527983465044,0.3674467088936214,172.6574706228011,204.19039322125696,3847.3109937399606,0.2224136750275034,0.04202828326294469,83.22527060039175,98.35519288975641,1828.99395213737,0.0,0.0,4.686159836404613,5.546933341631218,99.37149053183765,0.0,0.0,11.052304913216837,12.998951944487282,272.31654295912287,0.0,0.0,67.4760838436861,79.94977353070444,1402.9981995235103,0.0,0.0,32.90996593823643,39.20118784869152,577.9898875760783,0.0,0.0,19.445091421122606,23.07684167895095,383.083684942064,26.762161774667569,18.355392163695187,276.86995182979219,328.07431341562735,6288.052598126118,0.0,0.0,55.53767886128361,66.60151206466597,767.7313755909963,0.0,19.818810889646323,48.4252150377864,22.0,30.0,0.0,20.033041678063527,47.30749332454283,12.0,30.0,0.0,19.8100544597177,48.335438524234849,22.0,30.0,0.0,19.753464567980346,49.121793937020907,12.0,30.0,0.0,19.36715520366715,52.88436552829427,12.0,30.0,0.0,21.15707843261672,47.515309794869299,12.0,30.0,0.0,19.15260522758762,51.626194920746069,10.0,30.0,0.0,17.491837075773146,58.652758274557019,12.0,30.0,0.0,18.59045763366283,55.22619034507785,20.0,30.0,0.0,19.14094730160577,0.0,0.0,0.0,15.577900400523891,0.0,0.0,592.5315808571559,571.3082299989322,587.5450418887838,618.5933154504683,735.2553032677956,1025.5738073730789,665.5551743071012,718.762558236549,896.3983966098999,0.0,80.90868016343754,80.90868016343754,60.0,0.0,60.0,60.0,12.0,12.0,12.0,19.0,12.0,12.0,21.0,10.0,0.0,0.0,0.0,0.0,0.0,0.0,0.0,0.0,0.0,0.0,0.0,0.0,0.0,80.90868016343754,80.90868016343754,0.0,0.0,0.0,80.90868016343754,0.0,0.0,0.0007599999999999999 
 03/31  01:20:00,8.796666666666667,86.66666666666667,2.1166666666666669,0.0,0.0,0.0,0.0,0.0,2.0,2.0,0.0,0.0,0.0,0.0,0.0,821.0,0.0,0.0,0.0,0.0,0.0,0.0,0.0,0.0,0.0,0.0,0.0,20.058883774576978,-156.84083791384638,20.34842916255525,-23.555240378246539,19.924520043396137,-12.825616857054229,19.757649644718599,-76.98750165825322,19.36721593983458,-0.8147109324899589,20.9620197917816,-38.59729554073351,19.133486882393919,-4.731876777054822,17.69518826987576,-124.72378095078602,18.63707913571522,-92.96603740000478,294.91133376733708,423.90164753122647,0.0,0.0,0.0,0.0,0.0,0.0,0.0,0.0,0.0,0.0,0.0,0.0,0.0,0.0,0.0,0.0,0.0,0.0,0.0,0.0,0.0,0.0,1.1288073615297017,0.3445687916757331,142.77559300794415,168.3938823077883,3137.173859939766,0.20049995404707333,0.030601336087770656,11.799475696938888,13.897566336707156,271.4595443334561,1.9881476986631948,0.3756892854616771,174.297779013247,205.45797366106855,3889.3735753373914,0.22124693554220349,0.04180781094901803,66.52122326018506,78.45740300172688,1453.1461089238706,0.0,0.0,4.724679987437752,5.5754182262504579,100.01298598816038,0.0,0.0,11.000101827269024,12.902382581095904,270.12463793953909,0.0,0.0,67.97544880647733,80.3072389763501,1409.8704485575677,0.0,0.0,33.680786467750809,40.01723241920935,586.0796867859515,0.0,0.0,18.32036435185777,21.672647183057813,362.72154138194818,26.671242607487068,18.2930333384685,175.71361230586025,207.840877862365,4106.244920679926,0.0,0.0,54.84994878262727,65.6014162517233,751.5616017686333,0.0,19.689416334418796,48.551923385174479,22.0,30.0,0.0,20.1165269435541,46.927963308167388,12.0,30.0,0.0,19.825578570788968,48.53107235669698,22.0,30.0,0.0,19.674820061285158,48.797917166917269,12.0,30.0,0.0,19.34164895014008,52.492834879339479,12.0,30.0,0.0,21.10689756584174,47.23442371761749,12.0,30.0,0.0,19.121139618265454,51.4675068757745,10.0,30.0,0.0,17.403866754288335,58.44065316315654,12.0,30.0,0.0,18.63426907778744,54.63783382846533,20.0,30.0,0.0,18.91754248979937,0.0,0.0,0.0,15.51229251948572,0.0,0.0,594.955943617454,572.9791084962926,598.4505236428195,611.054504262836,724.0383114482366,1022.5703163382626,655.8556720857811,708.6300458739423,903.4198714593127,0.0,80.90868016343754,80.90868016343754,60.0,0.0,60.0,60.0,12.0,12.0,12.0,19.0,12.0,12.0,21.0,10.0,0.0,0.0,0.0,0.0,0.0,0.0,0.0,0.0,0.0,0.0,0.0,0.0,0.0,80.90868016343754,80.90868016343754,0.0,0.0,0.0,80.90868016343754,0.0,0.0,0.0007566666666666667 
 03/31  01:30:00,8.795,86.5,2.175,0.0,0.0,0.0,0.0,0.0,2.0,2.0,0.0,0.0,0.0,0.0,0.0,1642.0,0.0,0.0,0.0,0.0,0.0,0.0,0.0,0.0,0.0,0.0,0.0,20.09856761781694,-57.28185115833185,20.254278872079497,-230.27909687213379,19.84592385698072,-111.90070625447288,19.738666910548127,-36.68237951169135,19.3477133126454,-0.7201432735651849,20.924992642767657,-35.99292618859039,19.102590530995316,-16.285793327433795,17.645012836453615,-130.406641820966,18.649707190961445,-84.83865898722513,336.8687931333343,418.30977730498696,0.0,0.0,0.0,0.0,0.0,0.0,0.0,0.0,0.0,0.0,0.0,0.0,0.0,0.0,0.0,0.0,0.0,0.0,0.0,0.0,0.0,0.0,1.101663365785838,0.3362830786892057,204.2624222565447,241.56255953262252,4537.360758054595,0.19084739430495596,0.02912811268390659,117.05558166785645,138.58864133711604,2611.0465645155375,1.9407235279228817,0.366727801950658,190.51030727731667,225.22206236349207,4200.804161717697,0.22309993706768978,0.04215796240886049,102.3874468221083,121.14957440305185,2235.140958158728,0.0,0.0,4.578097440524125,5.417994006684815,96.7339881840937,0.0,0.0,10.891441757884838,12.81471760868508,266.7456062018349,0.0,0.0,65.39743490248564,77.48573156799228,1350.9165246809099,0.0,0.0,34.61801356982919,41.25800959094483,598.5437474945179,0.0,0.0,16.68582336022333,19.796131950433059,331.0334181996203,26.623481587691744,18.260275437374319,266.79325559493295,316.4103796335172,6023.459836920114,0.0,0.0,53.663861278668289,64.38280394512209,728.5065499763623,0.0,19.834793388826428,47.78373718752118,22.0,30.0,0.0,19.95558993374351,46.889200116190007,12.0,30.0,0.0,19.70034752566749,48.09119453956133,22.0,30.0,0.0,19.67903120489075,48.732616773708439,12.0,30.0,0.0,19.325128192817397,52.26788380713505,12.0,30.0,0.0,21.076941365414066,47.05684016463617,12.0,30.0,0.0,19.080592508331966,51.28885063907258,10.0,30.0,0.0,17.349648423016239,58.29631135975555,12.0,30.0,0.0,18.6581461330678,54.29646419813858,20.0,30.0,0.0,19.033802900866545,0.0,0.0,0.0,15.449762097528926,0.0,0.0,581.5592267216956,561.1471797014108,576.7371984250051,605.3357436279123,716.5012311334974,1019.0797641342964,655.6022150630414,705.0614542773378,909.8220168098412,0.0,80.90868016343754,80.90868016343754,60.0,0.0,60.0,60.0,12.0,12.0,12.0,19.0,12.0,12.0,21.0,10.0,0.0,0.0,0.0,0.0,0.0,0.0,0.0,0.0,0.0,0.0,0.0,0.0,0.0,80.90868016343754,80.90868016343754,0.0,0.0,0.0,80.90868016343754,0.0,0.0,0.0007533333333333332 
 03/31  01:40:00,8.793333333333333,86.33333333333333,2.2333333333333336,0.0,0.0,0.0,0.0,0.0,2.0,2.0,0.0,0.0,0.0,0.0,0.0,821.0,0.0,0.0,0.0,0.0,0.0,0.0,0.0,0.0,0.0,0.0,0.0,20.132977153678774,-3.8783469544623587,20.16315729740942,-244.8786142179988,19.785038853342124,-125.81347729362006,19.724207651913284,2.6292932273800035,19.322269945789988,-0.7648895241844116,20.879051463121365,-34.87631698327567,19.071461422133348,-18.389566115886283,17.58255461483094,-128.9656758107983,18.666871082143364,-79.26060178210719,305.7496093389809,416.01570242730056,0.0,0.0,0.0,0.0,0.0,0.0,0.0,0.0,0.0,0.0,0.0,0.0,0.0,0.0,0.0,0.0,0.0,0.0,0.0,0.0,0.0,0.0,1.0940201584806835,0.33394998732621597,139.16194243262394,164.0094531822438,3127.236621446468,0.19082259917400894,0.029124328323261438,140.42283613025425,165.58400559854582,3104.9257311812327,1.904876858707716,0.35995405493343099,86.52449787409972,102.09688520270001,1916.763060342027,0.22296102616755662,0.04213171318358967,93.58492651015728,110.37304019165424,2044.6196843096025,0.0,0.0,4.4765109947279779,5.284037817452598,94.40176827366841,0.0,0.0,10.808326162991183,12.682467806244244,263.8469731738617,0.0,0.0,64.25281919922512,75.9391044329708,1322.8577566603627,0.0,0.0,35.07994874669105,41.70312697554321,601.5250833445425,0.0,0.0,15.59776002029719,18.45007003036022,310.6357098925483,26.544357081354126,18.206006228637955,190.92711494290354,225.83070033038593,4409.229380907972,0.0,0.0,52.75859004715925,63.133535726222778,710.6745978974833,0.0,19.944532811390578,47.086755543686177,22.0,30.0,0.0,19.83282215418842,46.75629963844328,12.0,30.0,0.0,19.622106442760825,47.568756190858248,22.0,30.0,0.0,19.68400302126805,48.625350834926567,12.0,30.0,0.0,19.297498079945276,51.89173143939342,12.0,30.0,0.0,21.028216132260665,46.79043115318281,12.0,30.0,0.0,19.039483935446897,51.03797635435793,10.0,30.0,0.0,17.271355331862418,58.18874134596441,12.0,30.0,0.0,18.691539892886007,53.80005045785362,20.0,30.0,0.0,18.907087307680646,0.0,0.0,0.0,15.392410082221704,0.0,0.0,571.2070162954601,547.2478741276369,558.099277648109,603.3394560362083,703.3013455023031,1014.5484839534177,650.2861394252979,699.6169985467857,920.1616009411357,0.0,80.90868016343754,80.90868016343754,60.0,0.0,60.0,60.0,12.0,12.0,12.0,19.0,12.0,12.0,21.0,10.0,0.0,0.0,0.0,0.0,0.0,0.0,0.0,0.0,0.0,0.0,0.0,0.0,0.0,80.90868016343754,80.90868016343754,0.0,0.0,0.0,80.90868016343754,0.0,0.0,0.00075 
 03/31  01:50:00,8.791666666666666,86.16666666666667,2.291666666666667,0.0,0.0,0.0,0.0,0.0,2.0,2.0,0.0,0.0,0.0,0.0,0.0,1642.0,0.0,0.0,0.0,0.0,0.0,0.0,0.0,0.0,0.0,0.0,0.0,19.984992940601079,-132.41696688917637,20.149706588097865,-136.437171531152,19.77277027952134,-72.60306075521476,19.67486855203638,-58.82060415417618,19.300717625214646,-1.3905310844777433,20.84187654090659,-34.89328798212878,19.053600166109559,-17.90662030911949,17.534482506287995,-134.36629692788768,18.677153200924797,-69.7360740865524,342.70762282468788,408.96203893116208,0.0,0.0,0.0,0.0,0.0,0.0,0.0,0.0,0.0,0.0,0.0,0.0,0.0,0.0,0.0,0.0,0.0,0.0,0.0,0.0,0.0,0.0,1.102846095208979,0.33664410720664808,230.13688412190553,272.24989142997279,5031.339288591835,0.1954147170978617,0.029825201022262168,119.44969563939877,141.04203862492896,2645.6000330447607,1.914915748303064,0.36185104843217399,187.8649450376855,222.36012899117754,4125.181798801276,0.21776770238679217,0.041150359483520807,96.39917252159848,114.03906233467888,2091.173195411102,0.0,0.0,4.597746453195883,5.444713653948944,96.75927878805519,0.0,0.0,10.623073863818832,12.503135471605276,258.59482557282726,0.0,0.0,63.97161919784408,75.84082125494956,1315.2083116425629,0.0,0.0,35.96091274602673,42.882691144420338,612.934546578701,0.0,0.0,13.931484908634808,16.529543433752104,277.8941337328575,26.466397788695489,18.152536206238339,283.6304228498774,336.2903903847381,6350.499860828011,0.0,0.0,51.59740001537148,61.93856691479837,688.8828956261219,0.0,19.669866868288588,47.703853265382097,22.0,30.0,0.0,19.872765558256437,46.72531424259738,12.0,30.0,0.0,19.646741421062978,47.74002883882241,22.0,30.0,0.0,19.6078412169851,48.25059676943921,12.0,30.0,0.0,19.278353464736424,51.657478872563647,12.0,30.0,0.0,20.996370133350113,46.63792505089219,12.0,30.0,0.0,19.026118920403865,50.70649726547747,10.0,30.0,0.0,17.221082750277235,57.99473834450336,12.0,30.0,0.0,18.711844936322156,53.49988101888768,20.0,30.0,0.0,19.015632101576956,0.0,0.0,0.0,15.333472059590158,0.0,0.0,571.0108480504364,553.3446550929125,569.2588494585511,591.7584454127439,694.5592929976342,1012.5853052112334,638.5225641869172,691.7379414784091,928.151486762938,0.0,80.90868016343754,80.90868016343754,60.0,0.0,60.0,60.0,12.0,12.0,12.0,19.0,12.0,12.0,21.0,10.0,0.0,0.0,0.0,0.0,0.0,0.0,0.0,0.0,0.0,0.0,0.0,0.0,0.0,80.90868016343754,80.90868016343754,0.0,0.0,0.0,80.90868016343754,0.0,0.0,0.0007566666666666667 
 03/31  02:00:00,8.79,86.0,2.35,0.0,0.0,0.0,0.0,0.0,2.0,2.0,0.0,0.0,0.0,0.0,0.0,821.0,0.0,0.0,0.0,0.0,0.0,0.0,0.0,0.0,0.0,0.0,0.0,19.894885412803498,-151.4758882512151,20.161449591513859,-21.669573828537808,19.761531291958005,-12.218445039186009,19.619626329778748,-78.69134699152983,19.273038529264164,-2.0777250227411629,20.79597101790275,-34.659647302859017,19.022244468414525,-12.520251294977243,17.47448045610039,-134.26170175519565,18.69597666246733,-60.99197362946484,289.02335618089458,401.91862957563355,0.0,0.0,0.0,0.0,0.0,0.0,0.0,0.0,0.0,0.0,0.0,0.0,0.0,0.0,0.0,0.0,0.0,0.0,0.0,0.0,0.0,0.0,1.1036847800097945,0.33690011599810579,144.22619934353083,170.22743387477596,3127.7915644995348,0.1970267501677801,0.030071237815595256,11.398856098185167,13.436026370138978,258.63388096637677,1.9525975961243725,0.36897157901065255,183.43972629346019,216.3878647983151,4035.834666286854,0.2164137623220436,0.040894512910439068,72.8454309626521,85.9773256414754,1571.366782061907,0.0,0.0,4.623240877448154,5.458873742854625,97.0760061626069,0.0,0.0,10.547895142932682,12.381772948757387,255.937326297725,0.0,0.0,64.25482744675139,75.96167429462825,1316.9608987057634,0.0,0.0,36.45624001622452,43.363120465485817,616.4672478789987,0.0,0.0,12.440350139473422,14.713634949731365,249.2073249040369,26.3706317243666,18.086853034544999,184.82359612739016,218.72487434960227,4245.512500748863,0.0,0.0,50.36031209711233,60.29541769278973,666.6793857758542,0.0,19.539417599961309,47.74520005448768,22.0,30.0,0.0,19.945646141890177,46.296579390386387,12.0,30.0,0.0,19.667443069968404,47.92449990232497,22.0,30.0,0.0,19.531755847420237,47.9201524947231,12.0,30.0,0.0,19.247716100751075,51.29790514361805,12.0,30.0,0.0,20.948483086254819,46.36244675695671,12.0,30.0,0.0,18.9889016392949,50.59853363679034,10.0,30.0,0.0,17.147267244317953,57.82044165785338,12.0,30.0,0.0,18.748915981093867,53.03265696876267,20.0,30.0,0.0,18.815342671638953,0.0,0.0,0.0,15.27245974106932,0.0,0.0,568.9939677360252,550.8272449166198,580.6639352555578,582.8880188065039,681.6842981779404,1006.9216718076466,627.0151090317286,683.5012156295753,947.0550579539461,0.0,80.90868016343754,80.90868016343754,60.0,0.0,60.0,60.0,12.0,12.0,12.0,19.0,12.0,12.0,21.0,10.0,0.0,0.0,0.0,0.0,0.0,0.0,0.0,0.0,0.0,0.0,0.0,0.0,0.0,80.90868016343754,80.90868016343754,0.0,0.0,0.0,80.90868016343754,0.0,0.0,0.0007633333333333333 
 03/31  02:10:00,8.723333333333333,86.16666666666667,2.3200000000000005,0.0,0.0,0.0,0.0,0.0,2.0,2.0,0.0,0.0,0.0,0.0,0.0,1642.0,0.0,0.0,0.0,0.0,0.0,0.0,0.0,0.0,0.0,0.0,0.0,19.92287850884923,-67.50680048991672,20.079545657420917,-189.3498083341348,19.684835621691069,-109.43882958872018,19.601324854256647,-36.60755491542227,19.25045810630979,-1.8948384254118054,20.759046083674769,-32.45348347736831,18.987888860534875,-24.130292150395918,17.427183840910023,-139.01505342573047,18.710599901874894,-42.54106799766731,325.11921344828627,385.9951572750048,0.0,0.0,0.0,0.0,0.0,0.0,0.0,0.0,0.0,0.0,0.0,0.0,0.0,0.0,0.0,0.0,0.0,0.0,0.0,0.0,0.0,0.0,1.0926912930687106,0.3335443507535747,196.0499089376264,232.02383549763145,4318.97288081046,0.18735601979820266,0.028595241116941798,99.3430244154461,117.76401413686136,2199.3075960083235,1.900431278531764,0.3591139982108399,187.1450384752556,221.3939214249511,4096.212510667636,0.21886074782514867,0.04135690624057986,103.02476900038542,121.9649206022059,2235.2711213475738,0.0,0.0,4.499899034487614,5.3279044479502,94.86983263758686,0.0,0.0,10.479563295745259,12.338265157015626,254.9671831200571,0.0,0.0,60.19167938282236,71.36120746519171,1236.1000558323117,0.0,0.0,37.10007226464464,44.25991285485945,628.5618163490739,0.0,0.0,9.675862269507278,11.478190212982537,195.55694295693969,26.429806565110768,18.127439345069118,261.71652619474789,310.57298169024718,5878.413913726317,0.0,0.0,47.88744412601116,57.51023489118374,633.7086605487432,0.0,19.660322932667353,47.194614815836128,22.0,30.0,0.0,19.809989560689556,46.22937492490259,12.0,30.0,0.0,19.545785446034424,47.48450457262845,22.0,30.0,0.0,19.53815901125965,47.973728391214518,12.0,30.0,0.0,19.228083475500836,51.095262844295337,12.0,30.0,0.0,20.91949888673681,46.18886914625092,12.0,30.0,0.0,18.945440447753833,50.345736294866657,10.0,30.0,0.0,17.099494655158979,57.664315692256398,12.0,30.0,0.0,18.778335325664977,52.75522216724104,20.0,30.0,0.0,18.8927804954821,0.0,0.0,0.0,15.204909896021784,0.0,0.0,561.4069038693136,538.8885397775687,557.9215664771456,582.4467802066332,672.8764305777622,1001.0555291005027,617.9583433930446,679.3953949489576,967.0875781771913,0.0,80.90868016343754,80.90868016343754,60.0,0.0,60.0,60.0,12.0,12.0,12.0,19.0,12.0,12.0,21.0,10.0,0.0,0.0,0.0,0.0,0.0,0.0,0.0,0.0,0.0,0.0,0.0,0.0,0.0,80.90868016343754,80.90868016343754,0.0,0.0,0.0,80.90868016343754,0.0,0.0,0.0007700000000000001 
 03/31  02:20:00,8.656666666666667,86.33333333333334,2.29,0.0,0.0,0.0,0.0,0.0,2.0,2.0,0.0,0.0,0.0,0.0,0.0,821.0,0.0,0.0,0.0,0.0,0.0,0.0,0.0,0.0,0.0,0.0,0.0,19.96441384552046,4.275897606793478,19.971854032751815,-265.39416883559536,19.64359807560144,-95.57210998249684,19.588061675131799,3.0604625459709497,19.22137997021259,-1.7675514930501777,20.71320583923157,-31.080583901484319,18.949189890063378,-28.19074920918638,17.367235099486196,-138.2627129294533,18.740513756335699,-24.7966149372715,294.83880624308588,371.96123214399315,0.0,0.0,0.0,0.0,0.0,0.0,0.0,0.0,0.0,0.0,0.0,0.0,0.0,0.0,0.0,0.0,0.0,0.0,0.0,0.0,0.0,0.0,1.1002860293130268,0.33586264631044779,158.42114044169797,186.83202557990479,3551.673629564781,0.18612752753091547,0.02840774229714827,158.6383872509358,187.19559212622819,3493.682626429116,1.8539987332396089,0.35033989668171008,85.60430584716342,101.05442561108022,1899.8852036409542,0.21895424017253518,0.04137457297289023,89.49240100431608,105.60894650031703,1955.6659660533385,0.0,0.0,4.424769605798004,5.225755674700586,93.63738706336655,0.0,0.0,10.439923646544369,12.259023876880086,254.53367473550899,0.0,0.0,57.239801594357498,67.69485034021932,1177.7694041619334,0.0,0.0,37.43789618671816,44.55065211494492,634.225516344068,0.0,0.0,8.331739279199772,9.851262396195394,170.5209402710985,26.46345420469464,18.15051728717054,184.6282647667855,218.52363005418827,4271.122537134846,0.0,0.0,45.450862972641299,54.445634145965708,601.1936672196503,0.0,19.787912263701146,46.355129155213408,22.0,30.0,0.0,19.64912143450609,46.323930582594019,12.0,30.0,0.0,19.5068366653742,47.12489748907041,22.0,30.0,0.0,19.54604796766527,47.8835221553308,12.0,30.0,0.0,19.196055338255279,50.74072222004074,12.0,30.0,0.0,20.872013561388017,45.89800472053185,12.0,30.0,0.0,18.89349428903582,50.14651153413322,10.0,30.0,0.0,17.026819571416366,57.56950004051845,12.0,30.0,0.0,18.836184326355629,52.28308671435929,20.0,30.0,0.0,18.745987940756036,0.0,0.0,0.0,15.131395139385003,0.0,0.0,543.122909603617,530.7214030881647,549.8377129784731,580.8330946264277,656.4748819417285,989.0008090111982,606.3023870731634,672.9860845756751,1003.365733218236,0.0,80.90868016343754,80.90868016343754,60.0,0.0,60.0,60.0,12.0,12.0,12.0,19.0,12.0,12.0,21.0,10.0,0.0,0.0,0.0,0.0,0.0,0.0,0.0,0.0,0.0,0.0,0.0,0.0,0.0,80.90868016343754,80.90868016343754,0.0,0.0,0.0,80.90868016343754,0.0,0.0,0.0007599999999999999 
 03/31  02:30:00,8.59,86.5,2.26,0.0,0.0,0.0,0.0,0.0,2.0,2.0,0.0,0.0,0.0,0.0,0.0,1642.0,0.0,0.0,0.0,0.0,0.0,0.0,0.0,0.0,0.0,0.0,0.0,19.815324121400569,-133.08276969891723,19.95718218395021,-124.43879912947182,19.620941758302807,-80.69915146015637,19.547004482395729,-47.30839006013616,19.197134009021533,-2.3077055024140948,20.67496335697394,-32.60758220476572,18.928944156144369,-25.244701913748373,17.318940411414883,-144.31506827110889,18.75354740205242,-27.622012942461795,336.3234853688409,377.88906559461966,0.0,0.0,0.0,0.0,0.0,0.0,0.0,0.0,0.0,0.0,0.0,0.0,0.0,0.0,0.0,0.0,0.0,0.0,0.0,0.0,0.0,0.0,1.1058769003451235,0.3375692613996103,223.3817489778777,264.39275342865428,4905.366923098657,0.19911028173161439,0.03038923713852479,119.76682460118303,141.53932991548317,2660.554507331639,1.8700888520539314,0.3533803575309773,162.25281945715285,192.10457072647865,3587.714464518449,0.2148336541475312,0.04059592859930671,76.44714335333092,90.46871800462728,1672.096755706616,0.0,0.0,4.849686919477471,5.745276178379352,103.02425206274389,0.0,0.0,10.36656114531497,12.208726310647423,253.35284335251689,0.0,0.0,58.640514653510098,69.55997327110079,1212.4328226647836,0.0,0.0,38.27944761572017,45.687676605821298,649.5891893979718,0.0,0.0,11.263212107977378,13.35365885727714,232.39817134097235,26.528241183203343,18.194952800550995,261.46023539376668,310.16436763638105,5918.425454208949,0.0,0.0,46.31540443828117,55.6441665383545,614.3273068720589,0.0,19.50933580025557,47.09050072904253,22.0,30.0,0.0,19.69352296049608,46.28290884358023,12.0,30.0,0.0,19.50649091736736,47.110827694526118,22.0,30.0,0.0,19.48722424462467,47.49340796547101,12.0,30.0,0.0,19.17423681930788,50.51453410292534,12.0,30.0,0.0,20.839297915191588,45.74970215053737,12.0,30.0,0.0,18.879388195011616,49.814320402397587,10.0,30.0,0.0,16.97700049270862,57.42371695484492,12.0,30.0,0.0,18.8583179821472,51.92237918265106,20.0,30.0,0.0,18.84617624277302,0.0,0.0,0.0,15.084790796764202,0.0,0.0,549.436184781743,536.0047284530897,549.8016001734389,569.3406338946593,646.4997831331201,981.4775220387918,593.6542239595503,668.7162130839317,997.3338977562805,0.0,80.90868016343754,80.90868016343754,60.0,0.0,60.0,60.0,12.0,12.0,12.0,19.0,12.0,12.0,21.0,10.0,0.0,0.0,0.0,0.0,0.0,0.0,0.0,0.0,0.0,0.0,0.0,0.0,0.0,80.90868016343754,80.90868016343754,0.0,0.0,0.0,80.90868016343754,0.0,0.0,0.00075 
 03/31  02:40:00,8.523333333333334,86.66666666666667,2.23,0.0,0.0,0.0,0.0,0.0,2.0,2.0,0.0,0.0,0.0,0.0,0.0,821.0,0.0,0.0,0.0,0.0,0.0,0.0,0.0,0.0,0.0,0.0,0.0,19.732965852019718,-141.5231691244353,19.966272672371387,-20.978773561819425,19.601806999783336,-14.233774142856419,19.484725569108848,-84.22939122370781,19.166268025564727,-2.7317081828284985,20.627581941952678,-32.60381560587524,18.892753799302335,-21.660863997919934,17.26004122133551,-142.55007583719226,18.76555021668112,-29.938451743775148,285.1293660838455,382.869248820635,0.0,0.0,0.0,0.0,0.0,0.0,0.0,0.0,0.0,0.0,0.0,0.0,0.0,0.0,0.0,0.0,0.0,0.0,0.0,0.0,0.0,0.0,1.113530454732937,0.33990551121274029,129.14701577961697,152.51005672249313,2836.1132862621,0.19955593733222369,0.030457255392586033,11.178416684205788,13.184480029012399,255.76370553401808,1.9232382549263976,0.3634237065242627,171.8785977375952,202.86710017644158,3823.57955843568,0.21496577579628105,0.04062089489725642,74.77789366902289,88.30352123156271,1632.9041639755185,0.0,0.0,4.844212857652168,5.722583063838418,103.26879347324359,0.0,0.0,10.363168000211792,12.173028297035034,253.7294636409067,0.0,0.0,60.01456139781077,70.99103460147902,1244.052520479778,0.0,0.0,38.712260695973757,46.08731462693756,657.0343233299719,0.0,0.0,12.466742118913349,14.739163575434706,259.52253752169249,26.554409061833085,18.212900591106373,173.2603468890775,205.1674840186646,4051.855109834004,0.0,0.0,46.778179079567419,56.05419962752093,622.6096444590481,0.0,19.395229322878689,47.108755726706,22.0,30.0,0.0,19.76211175902131,45.91886588060034,12.0,30.0,0.0,19.512859451149347,47.26526857390773,22.0,30.0,0.0,19.395980550027926,47.189632343197867,12.0,30.0,0.0,19.139824136858136,50.17591528534864,12.0,30.0,0.0,20.788426851064224,45.49051612832451,12.0,30.0,0.0,18.835690624152766,49.817403794601229,10.0,30.0,0.0,16.9066420668456,57.35110837312368,12.0,30.0,0.0,18.880592166170275,51.35394605894237,20.0,30.0,0.0,18.632260453618945,0.0,0.0,0.0,15.037303557330555,0.0,0.0,548.4726067486304,536.3651269501008,557.4954959134866,557.4929417373271,632.6894696300676,966.1589250014928,590.0137759170781,676.0052899106553,976.8197604027033,0.0,80.90868016343754,80.90868016343754,60.0,0.0,60.0,60.0,12.0,12.0,12.0,19.0,12.0,12.0,21.0,10.0,0.0,0.0,0.0,0.0,0.0,0.0,0.0,0.0,0.0,0.0,0.0,0.0,0.0,80.90868016343754,80.90868016343754,0.0,0.0,0.0,80.90868016343754,0.0,0.0,0.00074 
 03/31  02:50:00,8.456666666666667,86.83333333333333,2.2,0.0,0.0,0.0,0.0,0.0,2.0,2.0,0.0,0.0,0.0,0.0,0.0,821.0,0.0,0.0,0.0,0.0,0.0,0.0,0.0,0.0,0.0,0.0,0.0,19.837727463890308,6.877739919194937,19.813293558836845,-306.74494468380729,19.459838088631487,-195.04643079440394,19.490658902429457,12.925442074977582,19.138869565474566,-1.7704676990548194,20.586027871398849,-29.982988685554746,18.84270755119139,-39.5654728569009,17.210396627676674,-142.5301059357446,18.76983205174342,-30.975005779014397,347.52449570560386,386.8529123738226,0.0,0.0,0.0,0.0,0.0,0.0,0.0,0.0,0.0,0.0,0.0,0.0,0.0,0.0,0.0,0.0,0.0,0.0,0.0,0.0,0.0,0.0,1.0950485910075314,0.33426391666896568,221.4671520724105,261.27358230647129,4992.035210253239,0.18141053173443465,0.027687810093778185,179.76247431120278,212.2357984151648,3972.666984134617,1.8210733461250304,0.3441181682020089,150.32860880623839,177.61711901529484,3293.5663333366844,0.2204759960872887,0.04166213077991093,110.05462614493783,129.917405402422,2427.6670806714348,0.0,0.0,4.635690226562401,5.476842170111017,99.19667663736999,0.0,0.0,10.577695819927853,12.426952051650959,259.57977366746067,0.0,0.0,55.12391379346225,65.22173180907859,1142.3807892326739,0.0,0.0,38.841536567125967,46.24938088744216,660.4289026515645,0.0,0.0,13.126211991497178,15.518704642870322,275.2176282817387,26.619041583372199,18.257230166921955,289.9393349994818,343.09979628808505,6562.858930314102,0.0,0.0,46.8820009993036,56.187102812045548,625.7431966076083,0.0,19.66785229296092,46.32468385758554,22.0,30.0,0.0,19.484903722118287,46.22954001684265,12.0,30.0,0.0,19.26157252193767,46.95831601377234,22.0,30.0,0.0,19.451967843322725,47.42964272017369,12.0,30.0,0.0,19.11300544319232,49.95346999918523,12.0,30.0,0.0,20.74925205736175,45.3003126742254,12.0,30.0,0.0,18.764467423351979,49.806823618279967,10.0,30.0,0.0,16.854253407108496,57.2943679857872,12.0,30.0,0.0,18.889604595014136,50.988038419836147,20.0,30.0,0.0,18.79800367179406,0.0,0.0,0.0,14.988273791395342,0.0,0.0,541.680105685643,523.4684160671234,528.8784762182608,560.7288738060479,622.3884709080838,950.5301362166795,598.7985284364164,684.6283384652282,961.5980321056181,0.0,80.90868016343754,80.90868016343754,60.0,0.0,60.0,60.0,12.0,12.0,12.0,19.0,12.0,12.0,21.0,10.0,0.0,0.0,0.0,0.0,0.0,0.0,0.0,0.0,0.0,0.0,0.0,0.0,0.0,80.90868016343754,80.90868016343754,0.0,0.0,0.0,80.90868016343754,0.0,0.0,0.00074 
 03/31  03:00:00,8.39,87.0,2.17,0.0,0.0,0.0,0.0,0.0,2.0,2.0,0.0,0.0,0.0,0.0,0.0,1642.0,0.0,0.0,0.0,0.0,0.0,0.0,0.0,0.0,0.0,0.0,0.0,19.68808073673445,-127.2314933171092,19.803075127729778,-103.10422482692616,19.47562711425178,-29.11649437258893,19.431668078744047,-72.26206314533238,19.11290398624194,-2.874817849211766,20.546783821575063,-33.719460577072627,18.824312007511574,-28.77291313091041,17.164527570925324,-147.2283309723706,18.769320616771137,-33.513797162915867,335.9977955108943,392.39856024810379,0.0,0.0,0.0,0.0,0.0,0.0,0.0,0.0,0.0,0.0,0.0,0.0,0.0,0.0,0.0,0.0,0.0,0.0,0.0,0.0,0.0,0.0,1.1101367878430986,0.33886959335869928,232.62027787911678,275.5543428984566,5138.645291689988,0.20000999551012645,0.03052655609128914,123.74359777763796,146.33326221813838,2764.3293943856276,1.93076151754228,0.36484533589234338,196.3492469794108,232.75503401988056,4356.312117838921,0.2142213174742827,0.04048021872151977,104.70859009078305,124.08675347798709,2302.087332669453,0.0,0.0,5.091114001209019,6.033135861914775,109.33922854794871,0.0,0.0,10.592119234582329,12.479093691726977,260.5065564619505,0.0,0.0,58.8895495654377,69.88117536774755,1227.0724071910013,0.0,0.0,39.545680147574447,47.22459148157948,673.9012740097442,0.0,0.0,14.453247246083956,17.1344429925515,304.8684193899335,26.626756191977,18.26252139367422,297.2470556161307,352.95486877004307,6722.7501414042549,0.0,0.0,47.627099826329189,57.246219054537977,637.2663146302393,0.0,19.38663387937742,46.91439961852977,22.0,30.0,0.0,19.546286505170607,46.19598927071344,12.0,30.0,0.0,19.35410120950027,47.05487689992685,22.0,30.0,0.0,19.35508170850548,47.149916196357199,12.0,30.0,0.0,19.08933588766751,49.78678162716557,12.0,30.0,0.0,20.714147293789865,45.1976425399602,12.0,30.0,0.0,18.757193544992434,49.60226630863358,10.0,30.0,0.0,16.80893880387316,57.24980799570194,12.0,30.0,0.0,18.89091748446723,50.70671260806871,20.0,30.0,0.0,18.729591695452507,0.0,0.0,0.0,14.939870877156162,0.0,0.0,541.3880302026796,529.0693770939961,542.6689841708269,549.5621447887781,617.3141152518967,943.7080276767599,596.118295305172,691.3366833462326,947.4452169234587,0.0,80.90868016343754,80.90868016343754,60.0,0.0,60.0,60.0,12.0,12.0,12.0,19.0,12.0,12.0,21.0,10.0,0.0,0.0,0.0,0.0,0.0,0.0,0.0,0.0,0.0,0.0,0.0,0.0,0.0,80.90868016343754,80.90868016343754,0.0,0.0,0.0,80.90868016343754,0.0,0.0,0.00074 
 03/31  03:10:00,8.395,87.16666666666667,2.1066666666666666,0.0,0.0,0.0,0.0,0.0,2.0,2.0,0.0,0.0,0.0,0.0,0.0,821.0,0.0,0.0,0.0,0.0,0.0,0.0,0.0,0.0,0.0,0.0,0.0,19.591421268770078,-147.50011473830728,19.81897944619476,-21.0604603825696,19.471059763692929,-15.660704915509087,19.372634830083518,-85.31253134584631,19.080376904834048,-3.146487855251621,20.499839634438339,-34.00633382135095,18.787371739448227,-27.401595174452269,17.110179230680417,-144.96932218780513,18.767617192547698,-34.593321341599679,276.55077608848026,395.98994632463248,0.0,0.0,0.0,0.0,0.0,0.0,0.0,0.0,0.0,0.0,0.0,0.0,0.0,0.0,0.0,0.0,0.0,0.0,0.0,0.0,0.0,0.0,1.1089925001027544,0.33852029917666495,127.96617046274773,151.19723099909863,2805.946305634138,0.20029939246328078,0.030570725345433575,10.778707037235416,12.71940213989581,246.59139929877743,1.920001279735942,0.3628120332078501,165.8057385937979,195.78635247280028,3690.096773491284,0.2148431777102855,0.04059772821433965,69.11348387408943,81.65154504372559,1510.7494303598197,0.0,0.0,4.9804323898581199,5.885682193159989,106.60421993455673,0.0,0.0,10.759275487121139,12.644838922552168,263.5137808180973,0.0,0.0,59.687225190545067,70.63288502385669,1238.3517241892337,0.0,0.0,39.70383917566001,47.294685619321558,671.5178132422487,0.0,0.0,15.168981879753848,17.9351214739674,319.91753899491337,26.476965513218646,18.159784302619106,167.20284280715337,198.08084519934398,3927.4231779515828,0.0,0.0,47.741600539199108,57.23917989777863,633.552436306457,0.0,19.246100418704505,46.85403115118598,22.0,30.0,0.0,19.62070102914663,45.70068492931461,12.0,30.0,0.0,19.381733140537805,47.11313971912248,22.0,30.0,0.0,19.27323532606821,46.84373213984973,12.0,30.0,0.0,19.05320771887585,49.54813535378988,12.0,30.0,0.0,20.660677751627156,45.00535201785788,12.0,30.0,0.0,18.71356103764794,49.652073368286199,10.0,30.0,0.0,16.745617000918185,57.215469418095299,12.0,30.0,0.0,18.89040813344147,50.30423295241523,20.0,30.0,0.0,18.500728663083949,0.0,0.0,0.0,14.887138024537201,0.0,0.0,534.6124457700571,524.1758669540873,548.8631560439992,538.966342859491,611.9126366038881,931.6631253462634,596.5922577521478,699.1130216993847,929.5133873609244,0.0,80.90868016343754,80.90868016343754,60.0,0.0,60.0,60.0,12.0,12.0,12.0,19.0,12.0,12.0,21.0,10.0,0.0,0.0,0.0,0.0,0.0,0.0,0.0,0.0,0.0,0.0,0.0,0.0,0.0,80.90868016343754,80.90868016343754,0.0,0.0,0.0,80.90868016343754,0.0,0.0,0.00074 
 03/31  03:20:00,8.400000000000003,87.33333333333334,2.0433333333333336,0.0,0.0,0.0,0.0,0.0,2.0,2.0,0.0,0.0,0.0,0.0,0.0,821.0,0.0,0.0,0.0,0.0,0.0,0.0,0.0,0.0,0.0,0.0,0.0,19.698818592358497,5.564879767767707,19.668642041711558,-304.21641392608128,19.32040734718386,-206.56218493938196,19.382673107311086,11.012904617236018,19.05198627821052,-2.0399105913437838,20.46046311282053,-31.554183483101384,18.73383745456585,-46.82084475956867,17.063918438653496,-145.01360844942247,18.764262550387906,-34.63621872603744,339.6323733287518,398.7502001420921,0.0,0.0,0.0,0.0,0.0,0.0,0.0,0.0,0.0,0.0,0.0,0.0,0.0,0.0,0.0,0.0,0.0,0.0,0.0,0.0,0.0,0.0,1.0831632882338627,0.33063592436931096,231.98560978105213,273.82474304136459,5190.120433353192,0.17971565907257637,0.027429129895081864,180.07898834598942,212.71481354298843,3950.881479420771,1.8054247752965962,0.34116114423594048,160.4464576010278,189.67260827311825,3483.3554472071134,0.21712446265322422,0.04102881002517463,108.48894300713916,128.12467030725044,2380.5853338621448,0.0,0.0,4.733863432193243,5.5949980718349299,101.02604422655726,0.0,0.0,11.014192378729197,12.946666479326709,268.8200770450507,0.0,0.0,53.21360480028436,62.99164390183625,1095.5952216617878,0.0,0.0,39.64228754750129,47.23036198313447,666.3251176485263,0.0,0.0,16.03023354462426,18.95427350996985,337.83607042083716,26.33141955103907,18.059958539807324,303.3286959293769,359.08317628118598,6807.110298166249,0.0,0.0,47.57917242741087,57.0549945537075,625.9943404779948,0.0,19.52647529479346,46.15701523517623,22.0,30.0,0.0,19.344546200233169,46.143482950884159,12.0,30.0,0.0,19.111701948455609,46.88055042530545,22.0,30.0,0.0,19.334520382624679,47.212970812168027,12.0,30.0,0.0,19.02585757857828,49.39123842431871,12.0,30.0,0.0,20.6217503990892,44.86015503004828,12.0,30.0,0.0,18.637099034350177,49.56718993547491,10.0,30.0,0.0,16.69763676782358,57.14606343896277,12.0,30.0,0.0,18.888003480084668,50.04702781172406,20.0,30.0,0.0,18.697592169440335,0.0,0.0,0.0,14.835291245164555,0.0,0.0,531.5587690826645,516.9110224113671,522.3802526183624,547.9433183912397,606.63331556065,920.6960106594364,603.235121531438,703.4873733996191,916.5863008589622,0.0,80.90868016343754,80.90868016343754,60.0,0.0,60.0,60.0,12.0,12.0,12.0,19.0,12.0,12.0,21.0,10.0,0.0,0.0,0.0,0.0,0.0,0.0,0.0,0.0,0.0,0.0,0.0,0.0,0.0,80.90868016343754,80.90868016343754,0.0,0.0,0.0,80.90868016343754,0.0,0.0,0.0007233333333333333 
 03/31  03:30:00,8.405000000000002,87.5,1.98,0.0,0.0,0.0,0.0,0.0,2.0,2.0,0.0,0.0,0.0,0.0,0.0,1642.0,0.0,0.0,0.0,0.0,0.0,0.0,0.0,0.0,0.0,0.0,0.0,19.557227039971,-122.82920472942078,19.66261959707664,-97.12270024891109,19.345451930160704,-17.91337589356931,19.32537608381532,-76.4928770786396,19.025115001951389,-3.305294273099207,20.424005760542877,-35.37654040886585,18.71490231384755,-33.40633985162083,17.020826840623849,-149.61380753709637,18.758845470216366,-37.43529522271655,314.6600774688568,402.4578733850874,0.0,0.0,0.0,0.0,0.0,0.0,0.0,0.0,0.0,0.0,0.0,0.0,0.0,0.0,0.0,0.0,0.0,0.0,0.0,0.0,0.0,0.0,1.091404015913576,0.33315140900902809,226.0557918946996,267.9147881247767,4931.955423604534,0.19675602609477958,0.030029918512634248,120.07792451708348,142.06881256533897,2647.2146009331388,1.9277784316200389,0.36428163862812537,194.73705897250717,230.99034230132893,4264.223669287134,0.2091803594203232,0.03952765673097565,105.37233602742717,124.95493746528341,2288.9396802624889,0.0,0.0,5.147988893701555,6.102654620836967,109.52554930554885,0.0,0.0,11.011113281655036,12.97955994093524,267.8041952052828,0.0,0.0,57.864219326164889,68.69621575306265,1189.7421253533249,0.0,0.0,40.18376355847832,48.013700543844738,671.4008764690982,0.0,0.0,17.2136531100502,20.40814434756312,362.2678438882186,26.152394489798178,17.937170431960348,291.5249022623924,346.3430288480266,6513.7103972143399,0.0,0.0,48.10034240626103,57.84772384596422,627.5094954661004,0.0,19.262248721314479,46.69071414618362,22.0,30.0,0.0,19.409248972515237,46.08854720057923,12.0,30.0,0.0,19.223245864757545,46.94881738220728,22.0,30.0,0.0,19.237672461137238,46.87189222880965,12.0,30.0,0.0,19.001665961116296,49.264079369966697,12.0,30.0,0.0,20.587822725253376,44.782226696467649,12.0,30.0,0.0,18.631125624583459,49.39113188354328,10.0,30.0,0.0,16.655373015219433,57.10836407723619,12.0,30.0,0.0,18.882529091944727,49.83125540244677,20.0,30.0,0.0,18.60982399931601,0.0,0.0,0.0,14.787382024395623,0.0,0.0,530.2140322426823,521.4667087931011,535.4634555370027,534.9562725453375,604.974837652866,917.0153896590034,598.0578356883982,708.8255313697385,906.1039864482841,0.0,80.90868016343754,80.90868016343754,60.0,0.0,60.0,60.0,12.0,12.0,12.0,19.0,12.0,12.0,21.0,10.0,0.0,0.0,0.0,0.0,0.0,0.0,0.0,0.0,0.0,0.0,0.0,0.0,0.0,80.90868016343754,80.90868016343754,0.0,0.0,0.0,80.90868016343754,0.0,0.0,0.0007066666666666668 
 03/31  03:40:00,8.41,87.66666666666667,1.9166666666666668,0.0,0.0,0.0,0.0,0.0,2.0,2.0,0.0,0.0,0.0,0.0,0.0,821.0,0.0,0.0,0.0,0.0,0.0,0.0,0.0,0.0,0.0,0.0,0.0,19.464993198973116,-142.00784341377404,19.680807037150744,-20.70452147967478,19.344770564684376,-16.605074231853906,19.270738286067599,-84.96856912136355,18.99160062014184,-3.4776680395050336,20.378877011171637,-35.281373498905399,18.678132602231594,-32.25671095066082,16.9688278942333,-147.3962364572867,18.750477913267607,-38.876094402681477,259.4525922071298,405.5309842601962,0.0,0.0,0.0,0.0,0.0,0.0,0.0,0.0,0.0,0.0,0.0,0.0,0.0,0.0,0.0,0.0,0.0,0.0,0.0,0.0,0.0,0.0,1.0910697449159229,0.33304937268495818,121.26404878809855,143.34313835583013,2628.658620568824,0.19703410801357336,0.030072360807932444,10.691585007511377,12.622921228617003,241.39298452343025,1.9007778786108432,0.3591794933127067,158.0335591839509,186.70053548973747,3474.9800766635846,0.21073004825263287,0.03982049286708859,66.71087326204638,78.84743396245442,1442.1346642747126,0.0,0.0,5.005037664381948,5.917136847376097,106.11598207231111,0.0,0.0,11.100139429128055,13.052375362843487,268.8767977252137,0.0,0.0,58.55345186161205,69.32488168088628,1198.8824094139932,0.0,0.0,40.29912070017848,48.031980279012838,668.4494046237193,0.0,0.0,17.19530746362255,20.33454934245426,361.5120015944721,26.034821638346846,17.856530616150108,159.44893427563989,188.9680099527349,3715.8402032210935,0.0,0.0,48.17810719339435,57.79603763120192,623.7701316541376,0.0,19.130417574164264,46.64913901114266,22.0,30.0,0.0,19.48602529681406,45.61727439640322,12.0,30.0,0.0,19.256509069121966,46.91045041586556,22.0,30.0,0.0,19.164486568114574,46.58393646666429,12.0,30.0,0.0,18.96477674005031,49.077980651252769,12.0,30.0,0.0,20.53672824581134,44.632552746119497,12.0,30.0,0.0,18.589341022653615,49.45703868182153,10.0,30.0,0.0,16.595709862188945,57.051290137112079,12.0,30.0,0.0,18.872636376112184,49.53570600779302,20.0,30.0,0.0,18.390867707580797,0.0,0.0,0.0,14.740436873817329,0.0,0.0,522.6514724846117,516.3931615300951,539.4119161982394,521.5471516392631,603.2666006215477,909.9080189790832,598.9795192906212,712.5286627694013,896.0632138286006,0.0,80.90868016343754,80.90868016343754,60.0,0.0,60.0,60.0,12.0,12.0,12.0,19.0,12.0,12.0,21.0,10.0,0.0,0.0,0.0,0.0,0.0,0.0,0.0,0.0,0.0,0.0,0.0,0.0,0.0,80.90868016343754,80.90868016343754,0.0,0.0,0.0,80.90868016343754,0.0,0.0,0.00069 
 03/31  03:50:00,8.415,87.83333333333334,1.8533333333333333,0.0,0.0,0.0,0.0,0.0,2.0,2.0,0.0,0.0,0.0,0.0,0.0,821.0,0.0,0.0,0.0,0.0,0.0,0.0,0.0,0.0,0.0,0.0,0.0,19.565943003976999,4.668878051723368,19.53729644865621,-293.93429374335758,19.205508851799796,-197.15546897719379,19.28086242904515,7.178906299489427,18.962208119813928,-2.395807828768824,20.340846968924909,-32.790958201638947,18.626073508480549,-50.03178546196091,16.924318732825947,-147.24928540828979,18.742369000488077,-38.629308545260418,322.782660536137,408.015670049389,0.0,0.0,0.0,0.0,0.0,0.0,0.0,0.0,0.0,0.0,0.0,0.0,0.0,0.0,0.0,0.0,0.0,0.0,0.0,0.0,0.0,0.0,1.0648555177965989,0.32504747185488366,225.64185408647439,266.4677535015846,4984.465678135554,0.1770945630639436,0.027029084716719114,176.50154393729035,208.57818027664536,3825.212213379742,1.797726000652472,0.3397063493296434,150.92736570867172,178.48446600855605,3243.5374733368646,0.21265461883747356,0.040184168336635208,101.84717387613833,120.33360886655625,2210.1815523105299,0.0,0.0,4.803837851343977,5.679954598973528,101.5372258461188,0.0,0.0,11.298203018309872,13.28736373222085,272.7492326061935,0.0,0.0,52.52867796542044,62.2100524906537,1067.5917550962357,0.0,0.0,40.2512649961544,47.98369539924265,663.6371685591163,0.0,0.0,18.67099665420204,22.080939881317599,392.04151962296609,25.908439461442226,17.769848738986445,290.19114407222949,343.67551661753336,6449.893600183136,0.0,0.0,48.03802624943394,57.63707291919332,617.2393393630382,0.0,19.396438196670169,46.037044719784869,22.0,30.0,0.0,19.222406114007844,46.16033471243395,12.0,30.0,0.0,19.008440980335928,46.84148528160156,22.0,30.0,0.0,19.224729396089296,46.96241501524956,12.0,30.0,0.0,18.936560289504916,48.95808679939342,12.0,30.0,0.0,20.499478305026824,44.52014891562898,12.0,30.0,0.0,18.516902674316876,49.37038902256559,10.0,30.0,0.0,16.550267398700535,56.96669327552225,12.0,30.0,0.0,18.86442376317168,49.32312201500813,20.0,30.0,0.0,18.587864593257544,0.0,0.0,0.0,14.696355156405497,0.0,0.0,523.6381239827355,513.0969450486186,519.455396257126,538.1268538515135,599.9562637396317,902.1419763351886,603.9256024989353,713.074046024051,882.8145530205707,0.0,80.90868016343754,80.90868016343754,60.0,0.0,60.0,60.0,12.0,12.0,12.0,19.0,12.0,12.0,21.0,10.0,0.0,0.0,0.0,0.0,0.0,0.0,0.0,0.0,0.0,0.0,0.0,0.0,0.0,80.90868016343754,80.90868016343754,0.0,0.0,0.0,80.90868016343754,0.0,0.0,0.0007099999999999999 
 03/31  04:00:00,8.42,88.0,1.79,0.0,0.0,0.0,0.0,0.0,2.0,2.0,0.0,0.0,0.0,0.0,0.0,1642.0,0.0,0.0,0.0,0.0,0.0,0.0,0.0,0.0,0.0,0.0,0.0,19.432139877560965,-117.8649533784237,19.53214895413025,-93.1327153596585,19.2279472284389,-16.560923026131378,19.22717366055231,-74.86635131357525,18.934445639103417,-3.6387008146280666,20.305645500742153,-36.324788109712049,18.606521289771388,-37.05659102127572,16.88297297694911,-151.01566067291572,18.733200114617789,-41.818147634749269,297.5177043714598,410.87470479751007,0.0,0.0,0.0,0.0,0.0,0.0,0.0,0.0,0.0,0.0,0.0,0.0,0.0,0.0,0.0,0.0,0.0,0.0,0.0,0.0,0.0,0.0,1.0743371513531908,0.32794174339230489,215.97729561824873,256.0663427871003,4659.043767868091,0.19391880866278433,0.029596887769045234,115.40863014118672,136.5984376703488,2513.2997956452006,1.9058084551114627,0.3601300935584776,181.91130401951325,215.8777130759195,3939.940424869827,0.20531997039018286,0.038798180345839528,97.48354707809448,115.65602064181737,2095.2279743279489,0.0,0.0,5.171877933322403,6.133035033044997,108.97058664208521,0.0,0.0,11.265743956981162,13.285983718063497,271.0367664414614,0.0,0.0,57.191372384366207,67.92605609740423,1160.7237098327537,0.0,0.0,40.74794748534147,48.71383122724464,667.9663589368438,0.0,0.0,19.12638365987053,22.678835294303814,400.88712191969617,25.757780467401234,17.66651609561128,273.97459081004657,325.6228892636004,6071.601277282394,0.0,0.0,48.52142410493667,58.38272605996069,618.7835712576839,0.0,19.14885865454102,46.54159698866567,22.0,30.0,0.0,19.28582062083379,46.059817909849929,12.0,30.0,0.0,19.112177426946269,46.842590846654527,22.0,30.0,0.0,19.135023873959697,46.645714107619088,12.0,30.0,0.0,18.911680443677736,48.86068395578174,12.0,30.0,0.0,20.466982474692899,44.46433039854744,12.0,30.0,0.0,18.510570618206104,49.217664166774969,10.0,30.0,0.0,16.51072018348267,56.92223516846013,12.0,30.0,0.0,18.854790373597959,49.159582981445527,20.0,30.0,0.0,18.496300821548745,0.0,0.0,0.0,14.655868404596014,0.0,0.0,520.7134164496176,516.3162534881543,530.0937730620103,522.3407671146842,599.5487027338719,900.5207274711588,597.3292433901206,716.0140795379593,876.9255143479336,0.0,80.90868016343754,80.90868016343754,60.0,0.0,60.0,60.0,12.0,12.0,12.0,19.0,12.0,12.0,21.0,10.0,0.0,0.0,0.0,0.0,0.0,0.0,0.0,0.0,0.0,0.0,0.0,0.0,0.0,80.90868016343754,80.90868016343754,0.0,0.0,0.0,80.90868016343754,0.0,0.0,0.0007300000000000001 
 03/31  04:10:00,8.336666666666666,88.50000000000002,1.7616666666666668,0.0,0.0,0.0,0.0,0.0,2.0,2.0,0.0,0.0,0.0,0.0,0.0,821.0,0.0,0.0,0.0,0.0,0.0,0.0,0.0,0.0,0.0,0.0,0.0,19.34451816662638,-134.56893683974705,19.54821852045579,-20.493007363053495,19.225412524758334,-17.375457856380309,19.17481848917309,-82.54621366958782,18.899690611922929,-3.7548651767697835,20.259840332013,-36.16978742018864,18.569605317556588,-36.20293022021633,16.83244171546427,-148.69909797972788,18.71975709864713,-42.76148144543777,246.700505497186,414.2049906782436,0.0,0.0,0.0,0.0,0.0,0.0,0.0,0.0,0.0,0.0,0.0,0.0,0.0,0.0,0.0,0.0,0.0,0.0,0.0,0.0,0.0,0.0,1.084926786988277,0.3311742329024045,112.83553264767972,133.43241001521538,2440.913205322122,0.19577717251945243,0.029880520836302265,10.672675252886297,12.606232759597589,239.8848936734379,1.886589128135774,0.3564983235328373,146.01329810911336,172.57623334278385,3202.2736016879869,0.2088307219500175,0.039461587670071327,62.589617696502319,74.00365467852312,1350.689857461293,0.0,0.0,5.040391496141137,5.961281542734934,106.70758886317212,0.0,0.0,11.355559137700249,13.359331248085218,274.09774629545668,0.0,0.0,57.52745126661603,68.14173606222214,1172.8721296163413,0.0,0.0,40.86910169793751,48.7386129643488,672.5555271775751,0.0,0.0,19.42646279460715,22.977915383908408,409.987156160291,25.84520143023637,17.726475603728657,147.41993514819147,174.7903370877181,3452.647074849699,0.0,0.0,48.678140574124537,58.42483120470171,625.5056454030987,0.0,19.025389838523585,46.5326781550145,22.0,30.0,0.0,19.359936863038447,45.63767624201205,12.0,30.0,0.0,19.141854153854497,46.749695018428628,22.0,30.0,0.0,19.06779176581885,46.42580747817762,12.0,30.0,0.0,18.873359186881588,48.71578726760547,12.0,30.0,0.0,20.416774073852819,44.356106792766407,12.0,30.0,0.0,18.469278035091198,49.30497201765033,10.0,30.0,0.0,16.45429973687535,56.86679626331287,12.0,30.0,0.0,18.83921690178425,48.91684398739752,20.0,30.0,0.0,18.260880164558328,0.0,0.0,0.0,14.61703634504914,0.0,0.0,512.136179622972,510.88877720878119,531.7692983393034,508.4983141385154,598.8156053395421,895.8872807188815,599.3262776983884,716.8232710937823,867.4137898955009,0.0,80.90868016343754,80.90868016343754,60.0,0.0,60.0,60.0,12.0,12.0,12.0,19.0,12.0,12.0,21.0,10.0,0.0,0.0,0.0,0.0,0.0,0.0,0.0,0.0,0.0,0.0,0.0,0.0,0.0,80.90868016343754,80.90868016343754,0.0,0.0,0.0,80.90868016343754,0.0,0.0,0.00075 
 03/31  04:20:00,8.253333333333334,89.0,1.7333333333333337,0.0,0.0,0.0,0.0,0.0,2.0,2.0,0.0,0.0,0.0,0.0,0.0,821.0,0.0,0.0,0.0,0.0,0.0,0.0,0.0,0.0,0.0,0.0,0.0,19.437011730385068,4.877653100895259,19.403635224447379,-289.4586798600667,19.09196143715217,-187.8438069542717,19.181394348933105,4.218152263918,18.868942275687599,-2.7281896611598599,20.22005676090837,-33.832980595779307,18.519642712527998,-51.66444016968944,16.788629552418447,-148.1741047451062,18.70709381969759,-42.83723198668292,318.6561830707942,416.6779668227068,0.0,0.0,0.0,0.0,0.0,0.0,0.0,0.0,0.0,0.0,0.0,0.0,0.0,0.0,0.0,0.0,0.0,0.0,0.0,0.0,0.0,0.0,1.0689944399570664,0.3263108791077736,218.47782231008774,258.12442763323119,4845.506619775677,0.17890632764793194,0.027305605562871178,172.7368864539796,204.21816760069204,3757.771939844122,1.8110525664236295,0.34222459682986208,137.57731550584325,162.75511944312678,2977.769382355495,0.21187653667388366,0.04003713844933552,92.13451783579194,108.90223706409698,2011.3630153486166,0.0,0.0,4.9013493827887049,5.797557647514882,104.29751971205185,0.0,0.0,11.551203204922663,13.591626138850783,279.89233516069188,0.0,0.0,52.67048422734136,62.40593805481775,1075.7625334267044,0.0,0.0,40.84919564650934,48.72347189465916,675.6074143685988,0.0,0.0,20.57700155765147,24.340527907717129,437.17945852474278,25.914566739290618,17.774051261516204,272.52329551766266,322.9069265537906,6110.221466279414,0.0,0.0,48.64145202795916,58.389191720319328,629.5019651693808,0.0,19.272870763859936,46.01107479467976,22.0,30.0,0.0,19.097299420633119,46.24160051595837,12.0,30.0,0.0,18.906281748200255,46.852883699203818,22.0,30.0,0.0,19.122391808919358,46.76275427712542,12.0,30.0,0.0,18.84346369409443,48.62975465837314,12.0,30.0,0.0,20.378680524619918,44.27997398281525,12.0,30.0,0.0,18.401964419394603,49.21604808588311,10.0,30.0,0.0,16.410844795820976,56.794819800769619,12.0,30.0,0.0,18.826192559621775,48.75787367069518,20.0,30.0,0.0,18.45688388572899,0.0,0.0,0.0,14.578112692007809,0.0,0.0,517.7746337957904,510.01075608775929,517.1967977548877,529.9505659382694,596.3309276708924,889.6620498606342,600.5827652571773,716.4361435494097,856.9231452256826,0.0,80.90868016343754,80.90868016343754,60.0,0.0,60.0,60.0,12.0,12.0,12.0,19.0,12.0,12.0,21.0,10.0,0.0,0.0,0.0,0.0,0.0,0.0,0.0,0.0,0.0,0.0,0.0,0.0,0.0,80.90868016343754,80.90868016343754,0.0,0.0,0.0,80.90868016343754,0.0,0.0,0.0007999999999999999 
 03/31  04:30:00,8.17,89.5,1.705,0.0,0.0,0.0,0.0,0.0,2.0,2.0,0.0,0.0,0.0,0.0,0.0,1642.0,0.0,0.0,0.0,0.0,0.0,0.0,0.0,0.0,0.0,0.0,0.0,19.302355733414033,-116.93551886540445,19.395352472944319,-90.87335618996554,19.108821073351274,-19.015627302660279,19.124578183272044,-76.95351874400626,18.839988993228748,-3.9125671740274585,20.182766147388749,-37.17458709743789,18.499069935958866,-40.38220189876529,16.74770887299247,-151.46273776033127,18.694071002621777,-45.91334075888847,301.1892425329579,419.86260288228348,0.0,0.0,0.0,0.0,0.0,0.0,0.0,0.0,0.0,0.0,0.0,0.0,0.0,0.0,0.0,0.0,0.0,0.0,0.0,0.0,0.0,0.0,1.0888357368990299,0.3323674410558699,213.36300182639168,253.06170807454127,4659.8214316120079,0.19739131782698977,0.030126880010224324,114.33468328756098,135.39105662964483,2518.8664335566415,1.9141234539064025,0.3617013329377179,174.48709630037687,207.15037943480946,3830.6186017852185,0.20695341465982798,0.03910684328417005,91.43381573434425,108.53476055057308,1992.5018281344074,0.0,0.0,5.252374421464392,6.230710392375341,112.3333607307737,0.0,0.0,11.510898357274609,13.581454823069235,279.97289267745625,0.0,0.0,56.88601755426032,67.59113982960474,1170.1349421774915,0.0,0.0,41.32190640135246,49.425706700080329,687.0148069048014,0.0,0.0,20.821609619318545,24.69418810899728,445.1471481295239,25.94959562546102,17.79807656067286,266.5488343047285,316.9373697979074,5996.547520668146,0.0,0.0,49.16648668042177,59.18517254042522,640.6183806560896,0.0,19.02480470712819,46.52330863846659,22.0,30.0,0.0,19.15731679124341,46.117391824790988,12.0,30.0,0.0,18.99837476321688,46.792520596853567,22.0,30.0,0.0,19.029883579156775,46.51854761405809,12.0,30.0,0.0,18.817247102962,48.55753091957834,12.0,30.0,0.0,20.34510473682323,44.246132107642328,12.0,30.0,0.0,18.393920764524184,49.10372673797451,10.0,30.0,0.0,16.372775723454646,56.754988193877057,12.0,30.0,0.0,18.81314141855039,48.6336765842226,20.0,30.0,0.0,18.362464630117328,0.0,0.0,0.0,14.539785162222014,0.0,0.0,513.1396523779347,512.4631305411601,525.1908975475265,511.5953682374676,596.0159655368361,888.6958968632,594.8122755610079,716.963321245588,852.8793277950432,0.0,80.90868016343754,80.90868016343754,60.0,0.0,60.0,60.0,12.0,12.0,12.0,19.0,12.0,12.0,21.0,10.0,0.0,0.0,0.0,0.0,0.0,0.0,0.0,0.0,0.0,0.0,0.0,0.0,0.0,80.90868016343754,80.90868016343754,0.0,0.0,0.0,80.90868016343754,0.0,0.0,0.00085 
 03/31  04:40:00,8.086666666666666,90.0,1.6766666666666668,0.0,0.0,0.0,0.0,0.0,2.0,2.0,0.0,0.0,0.0,0.0,0.0,821.0,0.0,0.0,0.0,0.0,0.0,0.0,0.0,0.0,0.0,0.0,0.0,19.21642819506986,-130.52173571202685,19.408634420172164,-20.402816000303177,19.102583551364263,-17.560858825694596,19.067028554017914,-89.57526478024875,18.80387335212582,-3.9731708609063505,20.13628297595581,-36.970773749669039,18.461562436229,-39.411671417655728,16.698466189856306,-149.08816811583439,18.676837185050215,-46.63447257663245,248.09363943930749,422.9719278042237,0.0,0.0,0.0,0.0,0.0,0.0,0.0,0.0,0.0,0.0,0.0,0.0,0.0,0.0,0.0,0.0,0.0,0.0,0.0,0.0,0.0,0.0,1.0996090800270686,0.33565600733427006,106.35198463385459,125.8209986099005,2331.0384786708839,0.1989272690202408,0.03036130479551905,10.550465842086803,12.467793793251447,239.84961626257789,1.898055801733392,0.35866511748552395,142.0980187308342,168.0245512136102,3156.1985636526658,0.21030845285627537,0.03974082631448891,65.20411775064801,77.12786730596942,1425.1570644667023,0.0,0.0,5.081392992968011,6.012186300519994,109.17185614429974,0.0,0.0,11.597155505873122,13.65031138242519,282.96344732173869,0.0,0.0,57.27697214839762,67.87544853848267,1183.4249925634115,0.0,0.0,41.41215746491582,49.41289795045246,691.3210186001394,0.0,0.0,21.209425593042608,25.09293510458154,456.3180041998995,26.029916918801584,17.853166610975028,143.4622419301096,170.18340719759724,3415.5055358000779,0.0,0.0,49.29086225749573,59.188267988522238,646.8940835546667,0.0,18.90502317078677,46.51765763172497,22.0,30.0,0.0,19.225987256496738,45.723738880119118,12.0,30.0,0.0,19.02132559572723,46.69872581784681,22.0,30.0,0.0,18.953073396778025,46.37599982582897,12.0,30.0,0.0,18.777226442607039,48.449207639958718,12.0,30.0,0.0,20.293648345023234,44.17150241046472,12.0,30.0,0.0,18.351963380683367,49.21737664115112,10.0,30.0,0.0,16.31836938671862,56.716788065756208,12.0,30.0,0.0,18.792862808153826,48.4421278994816,20.0,30.0,0.0,18.118276288764649,0.0,0.0,0.0,14.499587942277751,0.0,0.0,503.4966194025802,506.4596936391017,525.3165816219882,498.6075263548772,595.2229201230565,884.9067792638197,597.655117577716,715.7558825061743,844.3791268804791,0.0,80.90868016343754,80.90868016343754,60.0,0.0,60.0,60.0,12.0,12.0,12.0,19.0,12.0,12.0,21.0,10.0,0.0,0.0,0.0,0.0,0.0,0.0,0.0,0.0,0.0,0.0,0.0,0.0,0.0,80.90868016343754,80.90868016343754,0.0,0.0,0.0,80.90868016343754,0.0,0.0,0.0009 
 03/31  04:50:00,8.003333333333334,90.5,1.6483333333333335,0.0,0.0,0.0,0.0,0.0,2.0,2.0,0.0,0.0,0.0,0.0,0.0,821.0,0.0,0.0,0.0,0.0,0.0,0.0,0.0,0.0,0.0,0.0,0.0,19.30348397641896,4.862344771834614,19.26315253756846,-287.47985568738207,18.967009348388197,-188.58499529713755,19.073022068627155,2.8248462948517956,18.77201656442452,-2.9851566847042365,20.096125706981704,-34.6817004945396,18.41203708727066,-53.86860044805371,16.65539915549052,-148.69337226329572,18.661092156056115,-46.91133134112022,321.6903168508361,425.40626739756319,0.0,0.0,0.0,0.0,0.0,0.0,0.0,0.0,0.0,0.0,0.0,0.0,0.0,0.0,0.0,0.0,0.0,0.0,0.0,0.0,0.0,0.0,1.0826460447960132,0.33047803565201869,215.87582227252549,255.1705287901943,4841.730867823549,0.18250994129661564,0.02785560764600361,169.9745364777654,201.04804773110909,3738.474999828549,1.8318349100207363,0.3461517214702829,134.0310228940553,158.62973487684224,2937.782394626768,0.21368681437931087,0.04037921662496425,88.47710725270938,104.62404969108646,1956.5779786923102,0.0,0.0,4.999591147098436,5.916127308609752,107.94682807654218,0.0,0.0,11.770183374849731,13.856087723528157,288.2630730044348,0.0,0.0,52.78280801451661,62.56673061186641,1092.6671989155305,0.0,0.0,41.3817053537828,49.3849311784803,694.3119987769146,0.0,0.0,22.090388391006877,26.137170992041289,478.2470028616429,26.093404090975115,17.89671062481147,266.27935991156479,315.6661004985095,6054.3105098991159,0.0,0.0,49.24488832116951,59.141861354680688,650.5774468033761,0.0,19.141344169227485,46.0677129191306,22.0,30.0,0.0,18.962137351353719,46.34485793445806,12.0,30.0,0.0,18.78204444098474,46.91739123718289,22.0,30.0,0.0,19.008583734530498,46.691761166408308,12.0,30.0,0.0,18.746075636526695,48.39245542129572,12.0,30.0,0.0,20.254859852706156,44.12182430837466,12.0,30.0,0.0,18.286371078787288,49.117597606705199,10.0,30.0,0.0,16.2758093311097,56.66067942698909,12.0,30.0,0.0,18.776308465707144,48.33067915654012,20.0,30.0,0.0,18.31892438733651,0.0,0.0,0.0,14.458215864649829,0.0,0.0,513.0864867820137,506.78103803022318,514.1265875657722,523.1676715290794,592.9292051011261,879.5118443922602,596.0026832122646,713.9251061043641,836.293014617361,0.0,80.90868016343754,80.90868016343754,60.0,0.0,60.0,60.0,12.0,12.0,12.0,19.0,12.0,12.0,21.0,10.0,0.0,0.0,0.0,0.0,0.0,0.0,0.0,0.0,0.0,0.0,0.0,0.0,0.0,80.90868016343754,80.90868016343754,0.0,0.0,0.0,80.90868016343754,0.0,0.0,0.0009466666666666666 
 03/31  05:00:00,7.92,91.0,1.62,0.0,0.0,0.0,0.0,0.0,2.0,2.0,0.0,0.0,0.0,0.0,0.0,1642.0,0.0,0.0,0.0,0.0,0.0,0.0,0.0,0.0,0.0,0.0,0.0,19.16674064158236,-117.17319051255072,19.25419879900922,-88.73723990198846,18.98291227688216,-18.597675435194107,19.013837888304474,-81.05820691139673,18.742195036513566,-4.141981881966345,20.05869801126834,-37.91282703432441,18.39015394824442,-43.70402445082425,16.614891242138396,-152.17605268427929,18.645692185401406,-49.84974891058897,303.93328679512435,428.56951188797498,0.0,0.0,0.0,0.0,0.0,0.0,0.0,0.0,0.0,0.0,0.0,0.0,0.0,0.0,0.0,0.0,0.0,0.0,0.0,0.0,0.0,0.0,1.10296280889234,0.3366797340941209,214.02055104233458,253.9502669542402,4726.537520510983,0.2006250106822205,0.030620422875796785,114.47756654244742,135.62868787113809,2549.3076194709394,1.9295775935056577,0.36462161630870346,172.1775525587741,204.5020569887372,3825.7314412620528,0.20841490667196284,0.03938301335449032,88.59373065933963,105.22613008727876,1954.6448461749538,0.0,0.0,5.317805368060926,6.31057539352695,115.38248608410558,0.0,0.0,11.720874739211457,13.835589324860888,288.1273399009844,0.0,0.0,56.65732403356982,67.34741174666169,1180.907813799287,0.0,0.0,41.81175920650428,50.03665018260377,705.1856501813165,0.0,0.0,22.355471892769704,26.519661609493249,486.86177990895819,26.12071701095362,17.915443766086164,265.272360629836,315.57143598863447,6042.8630881544499,0.0,0.0,49.723547494899239,59.88316710856224,660.9932850944299,0.0,18.890380103584417,46.58095702599228,22.0,30.0,0.0,19.02100051008008,46.216505630745249,12.0,30.0,0.0,18.872887684943998,46.82437343414452,22.0,30.0,0.0,18.912068829654645,46.48939249180676,12.0,30.0,0.0,18.719041469182025,48.33949534244432,12.0,30.0,0.0,20.221041343186834,44.09917397727391,12.0,30.0,0.0,18.27643297993722,49.04425160022541,10.0,30.0,0.0,16.238035907505496,56.639575495780778,12.0,30.0,0.0,18.761003509362646,48.23336550355792,20.0,30.0,0.0,18.22334004666114,0.0,0.0,0.0,14.417065105935336,0.0,0.0,506.91987617658585,508.84673302477077,520.731687585959,503.22451044140089,592.402707332187,878.776625120991,590.9843856260081,713.5196924193639,832.5691908175246,0.0,80.90868016343754,80.90868016343754,60.0,0.0,60.0,60.0,12.0,12.0,12.0,19.0,12.0,12.0,21.0,10.0,0.0,0.0,0.0,0.0,0.0,0.0,0.0,0.0,0.0,0.0,0.0,0.0,0.0,80.90868016343754,80.90868016343754,0.0,0.0,0.0,80.90868016343754,0.0,0.0,0.0009933333333333333 
 03/31  05:10:00,7.916666666666667,91.16666666666667,1.6233333333333336,0.0,0.0,0.0,0.0,0.0,2.0,2.0,0.0,0.0,0.0,0.0,0.0,821.0,0.0,0.0,0.0,0.0,0.0,0.0,0.0,0.0,0.0,0.0,0.0,19.084179963454248,-127.07306147909003,19.266982854447549,-20.30339312436712,18.976005272986606,-18.1657855792364,18.952702595757349,-97.55339685971376,18.705275341910928,-4.089557493132247,20.012988539774235,-37.670470768251337,18.35110780909222,-42.833286201733248,16.5664049487928,-149.81671514941673,18.62594142923372,-50.50031507931362,247.11756007317127,431.3533930107112,0.0,0.0,0.0,0.0,0.0,0.0,0.0,0.0,0.0,0.0,0.0,0.0,0.0,0.0,0.0,0.0,0.0,0.0,0.0,0.0,0.0,0.0,1.102166854848351,0.336436768879228,100.83307289627907,119.35324353556408,2221.159740644513,0.1998086533754923,0.030495826217260735,10.413227707212379,12.312377455918034,237.58417819459789,1.8828691053529552,0.3557953713818889,140.10113706819545,165.7500295104693,3125.760946798543,0.20960844474742358,0.039608549649928857,68.66640592512475,81.26483429190916,1507.464033370241,0.0,0.0,5.158799192353,6.106563587098761,111.60736865541277,0.0,0.0,11.797376993823823,13.89354690262411,289.0557737366756,0.0,0.0,56.880448387525508,67.43974758283774,1181.4648131225902,0.0,0.0,41.86115674896352,49.97773280225116,702.1701804491434,0.0,0.0,22.720236956927704,26.88886724208574,494.13780609915428,26.136733991789876,17.926429349650126,141.4132293050481,167.8413891437881,3389.9833741394988,0.0,0.0,49.76667994579295,59.79257156057527,657.9053209273983,0.0,18.778208128411849,46.57214746240643,22.0,30.0,0.0,19.0872198229778,45.83899778781183,12.0,30.0,0.0,18.89458387685974,46.717503703559128,22.0,30.0,0.0,18.828314710480908,46.40915029264499,12.0,30.0,0.0,18.67827361475523,48.25972102468898,12.0,30.0,0.0,20.169803586293786,44.04596292949792,12.0,30.0,0.0,18.232281178576149,49.18733838595571,10.0,30.0,0.0,16.184168064548716,56.62920985911245,12.0,30.0,0.0,18.737504866305018,48.08619053547585,20.0,30.0,0.0,17.984031330422924,0.0,0.0,0.0,14.37382631137788,0.0,0.0,496.81950696727156,502.3924585232998,519.3295952765659,490.8235954534347,590.9888686303103,875.3643797509199,594.8393972980355,711.6473252128196,824.9171102019354,0.0,80.90868016343754,80.90868016343754,60.0,0.0,60.0,60.0,12.0,12.0,12.0,19.0,12.0,12.0,21.0,10.0,0.0,0.0,0.0,0.0,0.0,0.0,0.0,0.0,0.0,0.0,0.0,0.0,0.0,80.90868016343754,80.90868016343754,0.0,0.0,0.0,80.90868016343754,0.0,0.0,0.00104 
 03/31  05:20:00,7.913333333333334,91.33333333333334,1.626666666666667,0.0,0.0,0.0,0.0,0.0,2.0,2.0,0.0,0.0,0.0,0.0,0.0,821.0,0.0,0.0,0.0,0.0,0.0,0.0,0.0,0.0,0.0,0.0,0.0,19.167379462972407,4.1948748832228379,19.12459965402127,-282.74644386010098,18.84102726523707,-189.10845655182494,18.960393598621488,1.6147751719990993,18.67270919600871,-3.2274749309541166,19.97390093791977,-35.4456027955236,18.301852313574196,-56.22412191572471,16.523966367467439,-149.61836364506713,18.608170229668759,-50.967586666797959,317.18196176104359,433.3692458374628,0.0,0.0,0.0,0.0,0.0,0.0,0.0,0.0,0.0,0.0,0.0,0.0,0.0,0.0,0.0,0.0,0.0,0.0,0.0,0.0,0.0,0.0,1.072631079350574,0.3274209643927271,212.92665143434338,251.83588756383774,4758.93045413471,0.18146841131977546,0.027696643974324705,166.9714710827517,197.61183630164684,3659.761299500723,1.7921015012455513,0.3386435187538836,132.2911179031467,156.65825787443687,2891.1735964762349,0.21143200159914225,0.03995313711246073,86.64210185408442,102.51179967213524,1911.6734076798878,0.0,0.0,5.068936388687674,6.001281683131008,109.39012016192035,0.0,0.0,11.943119386711678,14.068104865995667,291.8464511378315,0.0,0.0,52.6446983447096,62.43818697651142,1087.3203914943027,0.0,0.0,41.80953138754158,49.92738648845826,698.1387556304617,0.0,0.0,23.439100939854798,27.74346823544486,509.091032489776,26.138333359942484,17.927526309974274,261.6936402206245,310.40803124444849,5941.331368817112,0.0,0.0,49.66211337036464,59.67971595804053,652.5944164966176,0.0,19.006411798626599,46.16185105236262,22.0,30.0,0.0,18.82848825097437,46.483266084855888,12.0,30.0,0.0,18.656500883722019,47.028133494723,22.0,30.0,0.0,18.888255920543299,46.696160747692648,12.0,30.0,0.0,18.646473743049346,48.22980009290244,12.0,30.0,0.0,20.131658977324407,44.0149152868501,12.0,30.0,0.0,18.168050865574064,49.08780225635824,10.0,30.0,0.0,16.141887649853055,56.59527316055512,12.0,30.0,0.0,18.71853942653674,48.01407810175016,20.0,30.0,0.0,18.19097842446861,0.0,0.0,0.0,14.330399366537363,0.0,0.0,508.72916755858747,503.67603666458435,511.05625053963487,517.0106975144908,588.8142115297561,870.6367047624735,591.4792968075996,709.4583597724674,818.5865926174844,0.0,80.90868016343754,80.90868016343754,60.0,0.0,60.0,60.0,12.0,12.0,12.0,19.0,12.0,12.0,21.0,10.0,0.0,0.0,0.0,0.0,0.0,0.0,0.0,0.0,0.0,0.0,0.0,0.0,0.0,80.90868016343754,80.90868016343754,0.0,0.0,0.0,80.90868016343754,0.0,0.0,0.00115 
 03/31  05:30:00,7.91,91.5,1.63,0.0,0.0,0.0,0.0,0.0,2.0,2.0,0.0,0.0,0.0,0.0,0.0,1642.0,0.0,0.0,0.0,0.0,0.0,0.0,0.0,0.0,0.0,0.0,0.0,19.033025217345555,-115.92762959643096,19.117204794950838,-84.81291542193185,18.862952939347868,-4.5516758278557749,18.90232299064848,-82.52557262051028,18.642368058945189,-4.3618766428431,19.937752114739849,-38.53390288385182,18.27890360521914,-46.726193772829109,16.484061873202337,-153.20236907448123,18.591273107248008,-53.8137098890806,285.0336459781106,436.0896773643842,0.0,0.0,0.0,0.0,0.0,0.0,0.0,0.0,0.0,0.0,0.0,0.0,0.0,0.0,0.0,0.0,0.0,0.0,0.0,0.0,0.0,0.0,1.0817253770376372,0.33019700153774036,211.9891467768354,251.68934328933956,4633.530422100868,0.19722386888084826,0.030101323089262556,112.22982438227942,133.05312172269113,2473.1943226836185,1.8532488513747465,0.3501981956490452,154.23288481765648,183.37037293572426,3397.1947813595686,0.20409359077605317,0.038566438166298778,71.28463023076178,84.80171096945463,1557.6155226543068,0.0,0.0,5.341047429532734,6.341544092332503,114.97738402942916,0.0,0.0,11.878353343996919,14.030341809326887,289.49449657854009,0.0,0.0,56.25884857852081,66.91368965327124,1160.8209667894385,0.0,0.0,42.199599127746107,50.53468621403421,701.5841274819095,0.0,0.0,23.68876904991137,28.113357872777628,513.7264976468198,26.105152688689978,17.90476864793552,247.08905237207996,294.1871530948015,5598.32493354798,0.0,0.0,50.06102926297726,60.3289795296988,653.7812390545737,0.0,18.761048060612504,46.67742530096376,22.0,30.0,0.0,18.888124053737277,46.3493771798491,12.0,30.0,0.0,18.759138313506776,46.91486205145996,22.0,30.0,0.0,18.793129433331126,46.448911141247439,12.0,30.0,0.0,18.61913468945326,48.19643478727695,12.0,30.0,0.0,20.098771200770459,44.00201849270994,12.0,30.0,0.0,18.156697363401237,49.04772928218982,10.0,30.0,0.0,16.104378166570599,56.596594981835128,12.0,30.0,0.0,18.70175889495603,47.94159226875594,20.0,30.0,0.0,18.063716819114405,0.0,0.0,0.0,14.288580858750834,0.0,0.0,501.76438389452889,505.3569463553722,518.8964201561904,491.65593452889166,588.2358688959525,870.1663253886295,587.2254752337914,709.0415185137199,815.466086723758,0.0,80.90868016343754,80.90868016343754,60.0,0.0,60.0,60.0,12.0,12.0,12.0,19.0,12.0,12.0,21.0,10.0,0.0,0.0,0.0,0.0,0.0,0.0,0.0,0.0,0.0,0.0,0.0,0.0,0.0,80.90868016343754,80.90868016343754,0.0,0.0,0.0,80.90868016343754,0.0,0.0,0.00126 
 03/31  05:40:00,7.906666666666666,91.66666666666666,1.6333333333333334,0.0,0.0,0.0,0.0,0.0,2.0,2.0,0.0,0.0,0.0,0.0,0.0,821.0,0.0,0.0,0.0,0.0,0.0,0.0,0.0,0.0,0.0,0.0,0.0,18.95850128229685,-120.45148795112573,19.12964246278935,-21.125052820359544,18.856262159505225,-23.60439051886442,18.861085799258107,-74.01276940958837,18.60486910472553,-4.2498490398531889,19.89288448281942,-38.26064108106857,18.239020925847816,-45.77152801973193,16.43603688155413,-150.76891149834865,18.569416364977117,-54.39216942749363,207.50763687335576,438.4868359574202,0.0,0.0,0.0,0.0,0.0,0.0,0.0,0.0,0.0,0.0,0.0,0.0,0.0,0.0,0.0,0.0,0.0,0.0,0.0,0.0,0.0,0.0,1.080526459977745,0.32983103173923847,85.76992157029277,101.5819821152766,1875.4948669303297,0.19659251266609097,0.030004962250624387,10.168463173475093,12.030752971707651,229.58335942247309,1.7938644192651403,0.33897664763135695,101.30265045435908,119.92154131212569,2248.969015943183,0.2059995509337496,0.03892659692625653,44.792234772747047,53.03485243668428,979.0269801341782,0.0,0.0,5.2159912508672729,6.1777918844754879,111.95083235686369,0.0,0.0,11.952521647333459,14.085356851471726,290.3623768406122,0.0,0.0,56.44288541676471,66.96273949302402,1160.4752508380032,0.0,0.0,42.210832531890229,50.42995124652695,697.9235758634917,0.0,0.0,23.99902253905813,28.414907825643306,519.638124175852,26.12519096601164,17.918512322367389,102.5681106090641,121.85764444737834,2547.326820691403,0.0,0.0,50.06684306328797,60.19347423382909,650.2197576438432,0.0,18.665261897627393,46.65544603288695,22.0,30.0,0.0,18.95277122574147,45.996351888608767,12.0,30.0,0.0,18.778835803810748,46.70740565697661,22.0,30.0,0.0,18.74936616458067,46.388260613413468,12.0,30.0,0.0,18.57788692067654,48.14151235224641,12.0,30.0,0.0,20.04875992995599,43.9659501033731,12.0,30.0,0.0,18.111857333827897,49.2047023006065,10.0,30.0,0.0,16.051042048984184,56.608201123888019,12.0,30.0,0.0,18.675910795956268,47.82384803262186,20.0,30.0,0.0,17.746494877149094,0.0,0.0,0.0,14.24591216796735,0.0,0.0,491.671760189317,498.5388542391045,513.6797722212612,484.0314216721015,586.583499287949,867.1985682733626,591.8608129196699,707.2662863073157,808.7157386135364,0.0,80.90868016343754,80.90868016343754,60.0,0.0,60.0,60.0,12.0,12.0,12.0,19.0,12.0,12.0,21.0,10.0,0.0,0.0,0.0,0.0,0.0,0.0,0.0,0.0,0.0,0.0,0.0,0.0,0.0,80.90868016343754,80.90868016343754,0.0,0.0,0.0,80.90868016343754,0.0,0.0,0.00137 
 03/31  05:50:00,7.903333333333333,91.83333333333333,1.6366666666666668,12.999999999999997,16.999999999999998,0.0,0.0,0.0,2.0,2.0,0.0,0.0,0.0,0.0,0.0,821.0,0.0,18.777227887287049,4.595123779108387,11.774840412485214,0.5630390809815218,14.986047448406233,0.0,4.595123779108384,6.2818825842200429,0.0,0.0,19.03430903384769,2.811153216554885,18.98462541594386,-299.3497816042245,18.72861673041769,-184.73423985778664,18.87095234096637,-2.0380610256261209,18.573353006868627,-3.509160546526175,19.861584252800655,-36.25742680262289,18.19119823565143,-57.59658901248986,16.396057594846874,-150.75535559488277,18.552784056392587,-54.84160912179914,302.63880359896759,440.35785582079918,0.0,0.0,0.0,0.0,0.0,0.0,0.0,0.0,0.0,0.0,0.0,0.0,0.0,0.0,0.0,0.0,0.0,0.0,0.0,0.0,0.0,0.0,1.0550733778096715,0.3220614706378729,207.5168465710865,245.5936323920586,4590.860696729449,0.18007486855983707,0.027483954297899433,160.2289099550897,189.76361402146513,3469.026475194034,1.7223663476325353,0.3254660520847574,107.39832239592018,127.24763182918169,2333.70929617259,0.2040943856692529,0.03856658837287468,60.558688186643,71.6884194753898,1328.301621017419,0.0,0.0,5.125774271908099,6.07199410168273,109.74852729399471,0.0,0.0,12.07871001203413,14.23676515271127,292.72848093114808,0.0,0.0,52.611948546699597,62.43731204717452,1075.8852022929485,0.0,0.0,42.19619507876901,50.423435762860709,694.5918267946494,0.0,0.0,24.74101981408828,29.297366896610844,534.9726927494451,26.14904578013253,17.934873648924925,231.2942316317201,274.5468966743478,5242.080060803196,0.0,0.0,50.00520609181941,60.131108684118768,645.9368025665276,0.0,18.876814954085096,46.28207657864001,22.0,30.0,0.0,18.67761043418001,46.73530222689459,12.0,30.0,0.0,18.553641371519423,47.14629865618889,22.0,30.0,0.0,18.798835185539795,46.58378234427893,12.0,30.0,0.0,18.547136089829434,48.127918124623267,12.0,30.0,0.0,20.01452374933738,43.94193052391612,12.0,30.0,0.0,18.050955733799989,49.11467776405743,10.0,30.0,0.0,16.010066426801,56.590091993985748,12.0,30.0,0.0,18.656686548656908,47.775514861548419,20.0,30.0,0.0,18.035146985035366,0.0,0.0,0.0,14.207276887066842,0.0,0.0,504.792631561104,500.19024661387479,509.42495575376537,508.79884543473249,584.7228122034695,863.1440891267523,587.4022780809785,705.018828604507,803.0947542041934,0.0,80.90868016343754,80.90868016343754,60.0,0.0,60.0,60.0,12.0,12.0,12.0,19.0,12.0,12.0,21.0,10.0,0.0,0.0,0.0,0.0,0.0,0.0,0.0,0.0,0.0,0.0,0.0,0.0,0.0,80.90868016343754,80.90868016343754,0.0,0.0,0.0,80.90868016343754,0.0,0.0,0.0014033333333333337 
 03/31  06:00:00,7.9,92.0,1.64,19.5,25.5,0.0,0.0,0.0,2.0,2.0,0.0,0.0,0.0,0.0,0.0,1642.0,0.0,28.63875954038863,28.569907058299888,73.20892592353997,0.8587395177803309,22.856509257760039,0.0,28.569907058299866,39.05722896917115,0.0,0.0,18.894906486243586,-119.23812341318853,18.98805042002558,-75.75737864354278,18.754963340928748,-15.283021913283392,18.83868472393179,-94.63214701757161,18.54383136165302,-4.593164358787035,19.832673709953256,-39.444642635947477,18.16702322101304,-49.85655248645378,16.37187733475513,-153.79031890049499,18.55145984919831,-57.95332515206411,286.41227012276206,441.53090668289976,0.0,0.0,0.0,0.0,0.0,0.0,0.0,0.0,0.0,0.0,0.0,0.0,0.0,0.0,0.0,0.0,0.0,0.0,0.0,0.0,0.0,0.0,1.0659822993312216,0.3253914222622777,216.43183540551019,257.1085148719661,4677.35490025761,0.1962258984106449,0.029949007693932374,115.58136642940241,137.14014059104088,2519.775272913631,1.7637687397148303,0.3332896333550323,156.2809404764965,185.86552873077523,3410.2871321811705,0.1966458107070323,0.0371590723180333,73.39861556858584,87.35519484301295,1591.8519209813697,0.0,0.0,5.374509905018128,6.384621141694659,114.79741016998216,0.0,0.0,12.027826386004179,14.215202077484915,290.8175144134884,0.0,0.0,55.60409825548782,66.17459034787143,1135.710438342636,0.0,0.0,42.50190393842142,50.92869127484631,697.2552537667668,0.0,0.0,25.102472125791054,29.80285462169536,542.2837777822074,26.110119479897667,17.908175226267269,255.0401880719457,303.7846174043524,5711.7749583736299,0.0,0.0,50.31744774032859,60.67316530706706,647.2656504840029,0.0,18.62239050178909,46.851953211267019,22.0,30.0,0.0,18.752013900005467,46.54917060631671,12.0,30.0,0.0,18.64794175475641,46.95139255830358,22.0,30.0,0.0,18.702964620840868,46.47580879099261,12.0,30.0,0.0,18.52072601908856,48.106173020809098,12.0,30.0,0.0,19.9859670070026,43.92924216932565,12.0,30.0,0.0,18.03734779818057,49.10219628616493,10.0,30.0,0.0,15.98114963934172,56.576378702199097,12.0,30.0,0.0,18.64660365651349,47.696701180669197,20.0,30.0,0.0,17.96786659665367,0.0,0.0,0.0,14.179112514837588,0.0,0.0,497.2267741870744,502.4000116662214,513.0590586502967,485.9694840900509,584.1408220823332,862.8212120281116,584.2094508008435,704.8781382605387,799.7665187217228,0.0,80.90868016343754,80.90868016343754,60.0,0.0,60.0,60.0,12.0,12.0,12.0,19.0,12.0,12.0,21.0,10.0,0.0,0.0,0.0,0.0,0.0,0.0,0.0,0.0,0.0,0.0,0.0,0.0,0.0,80.90868016343754,80.90868016343754,0.0,0.0,0.0,80.90868016343754,0.0,0.0,0.0014366666666666664 
 03/31  06:10:00,7.913333333333334,92.16666666666667,1.7149999999999999,26.000000000000005,34.00000000000001,0.0,0.0,0.0,2.0,2.0,0.0,0.0,0.0,0.0,0.0,8220.0,0.0,38.894848938467017,35.71762500077203,91.52460626534166,1.1662710343763672,31.041868383321149,0.0,35.717625000771999,48.828701299007978,0.0,0.0,20.06530036729906,-852.6541495962441,19.173979694396438,733.7806811928915,20.20620327090552,-2283.6786395001556,19.142915994283184,875.8834161330775,18.512745988588244,-7.730865847829946,19.79989221745005,-51.72573309678534,18.254902190167205,166.9592715034661,16.84145397349417,-200.73745728115359,19.25197227926848,-119.05780712649386,527.1947840350887,472.1365628579906,0.0,0.0,0.0,0.0,0.0,0.0,0.0,0.0,0.0,0.0,0.0,0.0,0.0,0.0,0.0,0.0,0.0,0.0,0.0,0.0,0.0,0.0,1.0913617649327483,0.33313851188423329,379.6556655941877,448.44433543164618,9625.994248681294,0.31029279042626126,0.04735848449729262,332.45053792416697,394.5153853205014,7540.877802510307,1.069935831573442,0.20217986235325823,486.8687932132158,574.2866215896181,12706.72058297909,0.29011436861425368,0.05482130926195269,338.7788704581842,401.7672264975879,7810.6562885427579,0.0,0.0,8.709975442918858,10.363924584071093,185.24253738435824,0.0,0.0,15.559677829999329,18.42570274707681,374.5872622068846,0.0,0.0,73.22829510508213,87.20749208340206,1527.123514505163,0.0,0.0,38.223816209134039,45.76948845573026,686.9955367872798,0.0,0.0,32.5858150743591,38.61847047495561,774.2314198109425,27.52256829097091,18.876932984205017,663.3525395373852,788.349260968991,15063.935407282155,0.0,0.0,46.74584736311451,56.47814995821179,601.8379480066308,1944.6815635757867,20.4204651369837,41.91141418705963,21.999999999999998,30.0,0.0,19.15160455954138,45.321493609456947,15.999999999999999,30.0,4373.105769549201,20.778217608900179,40.98639607692842,21.999999999999998,30.0,0.0,19.320384146163187,44.81315966551938,15.999999999999999,30.0,0.0,18.491363178489114,48.049589811178517,12.0,30.0,0.0,19.94974360108057,43.92463655150746,19.0,30.0,0.0,18.248723578123824,48.24326018545001,10.0,30.0,478.15763698477067,16.807967503559675,53.53656197446747,16.5,30.0,1040.0900904537644,19.758769746682569,44.36665004880983,19.5,30.0,0.0,18.67572978061923,0.0,0.0,0.0,14.199737904262014,0.0,0.0,501.298876174986,503.4072133859382,500.1803220540464,498.58430589667099,581.0081055078279,851.1144289732467,561.099853583337,706.7259537311054,781.0303248784383,11237.35236741519,80.57410574159398,85.94707589396234,60.0,0.0,60.0,60.0,16.0,16.0,19.0,19.0,16.0,12.0,21.0,10.0,1.0,0.0,1944.6815635757867,0.0,4373.105769549201,0.0,0.0,0.0,478.15763698477067,1040.0900904537644,8130.28552976423,4878171.317858538,6349128.2897896519,80.57410574159398,86.03832676418635,0.37300951765880765,0.7675359261396655,0.3602813740196596,86.03832676418635,0.3542647819438876,6349128.2897896519,0.3316246710690619 
 03/31  06:20:00,7.926666666666668,92.33333333333334,1.79,32.5,42.5,0.0,0.0,0.0,2.0,2.0,0.0,0.0,0.0,0.0,0.0,2466.0,0.0,49.26815972180665,42.19323358804638,108.11804741908778,1.4773178450523779,39.32078574173305,0.0,42.19323358804635,57.681349184484009,0.0,0.0,20.74409590211942,-1351.7564966695314,19.749335146863169,660.5109347562542,20.896488902987579,-3076.8300713327146,19.87097596476253,675.2721248174855,18.473884541415779,-6.503588725338201,19.76034006539208,-40.2416062019592,18.599731420654089,201.64899950855799,16.688147914164284,-197.4238273986407,19.13101954049201,-88.80497520149481,711.1448173034294,513.7583336125497,0.0,0.0,0.0,0.0,0.0,0.0,0.0,0.0,0.0,0.0,0.0,0.0,0.0,0.0,0.0,0.0,0.0,0.0,0.0,0.0,0.0,0.0,1.1691757025749877,0.35689124010225506,434.69269549574337,511.6123610139492,11779.862990581452,0.343359815403227,0.05240534423126174,377.30556282309638,446.1776390236646,9209.689331067479,1.1568525273950852,0.2186040301200085,545.8193264516796,641.7396231199006,15098.848890999921,0.3058350195799192,0.05779195381328779,373.09045256376609,440.68888628399329,9353.636849325869,0.0,0.0,9.68958877182206,11.522979337295979,205.09429419910289,0.0,0.0,15.033038846709442,17.792663217562887,360.3030364892157,0.0,0.0,89.52480438582316,106.30521878511826,1965.3164842397053,0.0,0.0,43.308552052192137,51.84073996744422,751.8098449823199,0.0,0.0,26.896766114966178,31.883409768469144,625.4841310318616,28.509337114498054,19.553729159463683,743.4600482254565,881.4676518909017,17690.087098512442,0.0,0.0,52.8048403816252,63.6970901633344,687.0956196177597,1818.2130763062815,21.53026701288821,39.09048582606176,21.999999999999994,29.99999999999999,0.0,20.141994966372317,42.59700594215674,15.999999999999993,29.99999999999999,3680.5387989814555,21.833817950025929,38.362441074642998,21.999999999999994,29.99999999999999,0.0,20.493285933294929,41.66481223108322,15.999999999999993,29.99999999999999,0.0,18.44947493308635,47.94212673515794,11.999999999999995,29.99999999999999,0.0,19.904254275948497,43.890209162907989,18.999999999999994,29.99999999999999,0.0,18.844383239767699,46.36828913699986,9.999999999999997,29.99999999999999,0.0,16.502500724009076,54.3931166706836,15.999999999999993,29.99999999999999,0.0,19.521510822156704,44.866418368818148,18.999999999999994,29.99999999999999,0.0,19.386548998442995,0.0,0.0,0.0,14.277762575906867,0.0,0.0,501.380465781656,506.05151218940116,500.80788932490966,502.95794191688568,575.0471668526558,825.7921191096808,551.2642859093736,701.0354280744775,765.1910587312373,11962.764319130558,80.09436108143534,87.86797817511163,59.99999999999998,0.0,59.99999999999998,59.99999999999998,16.0,16.0,19.0,19.0,16.0,12.0,21.0,10.0,1.0,0.0,1818.2130763062815,0.0,3680.5387989814555,0.0,0.0,0.0,0.0,0.0,11762.989703518924,7057793.822111357,9208631.530179337,80.09436108143534,87.99999999999997,0.3920996567839641,0.766492683720736,0.36028137401965945,87.99999999999997,0.35426478194388735,9208631.530179337,0.4803221729026588 
 03/31  06:30:00,7.94,92.5,1.8649999999999998,39.0,51.0,0.0,0.0,0.0,2.0,2.0,0.0,0.0,0.0,0.0,0.0,1644.0,0.0,59.69721235913833,44.5765432500223,114.2252059777467,1.7900365156507712,47.644195170709227,0.0,44.576543250022258,60.939514182440777,0.0,0.0,20.818281797613225,-1472.3393736906838,20.10396998253342,546.7852659591745,20.260874719932937,-484.3351446628112,20.090063792521918,157.32540831488906,18.441629403159256,-4.134158101210886,19.73923756756083,-25.512919873831608,18.829469674296065,198.75192374446898,16.512351531801494,-191.60588258515134,18.99109968574134,-68.0395670624057,819.4483273101123,578.8326711166769,0.0,0.0,0.0,0.0,0.0,0.0,0.0,0.0,0.0,0.0,0.0,0.0,0.0,0.0,0.0,0.0,0.0,0.0,0.0,0.0,0.0,0.0,1.2273629396809307,0.3746529119905161,507.11452770769696,596.4052489067274,13631.851187603745,0.3139088801962391,0.047910390750341747,325.0637496426401,383.5509449260999,8269.250550350316,1.957305808615891,0.36986126391078835,477.90865908473406,563.6918102539607,12226.208157281515,0.2799593174588534,0.05290236535503652,277.06388532741166,326.8882306384241,7108.844676471586,0.0,0.0,9.655950069272607,11.47695758250631,203.55960830131915,0.0,0.0,13.567622539456047,16.045506873725605,324.482748433837,0.0,0.0,101.19395979288052,119.93007688788265,2292.3103941233987,0.0,0.0,50.18722822857183,60.09200216090867,841.6940671447674,0.0,0.0,19.580708361931387,23.210861743255383,445.38776882800638,28.918073588975305,19.8340696769378,720.5319308507394,852.2447378993966,17846.470553458093,0.0,0.0,60.478491741807449,72.87027904882058,801.0447669901063,1643.617141781568,21.456002127948684,39.264708815766777,22.0,30.0,0.0,20.701175057107478,41.14155726451983,16.0,30.0,384.935095821339,20.74702510639746,41.01927265501703,21.0,30.0,0.0,20.724466779839724,41.07832065935058,16.0,30.0,0.0,18.417396078845614,47.885647456388458,12.0,30.0,0.0,19.88950286251739,43.822773701536409,19.0,30.0,0.0,19.23013938661848,45.23639410377069,10.0,30.0,0.0,16.21064231989515,55.1658037346111,16.0,30.0,0.0,19.274391329827677,45.48747733689511,19.0,30.0,0.0,19.867609187047259,0.0,0.0,0.0,14.408216456185372,0.0,0.0,502.88830336678918,508.5319841836591,505.1953046187792,507.4908905020352,572.5158386593154,826.611637826928,552.1920701472019,662.4952100320622,782.398553970067,7155.6359120774909,83.27320715905977,83.27320715905977,60.0,0.0,60.0,60.0,16.0,16.0,19.0,19.0,16.0,12.0,21.0,10.0,1.0,0.0,1643.617141781568,0.0,384.935095821339,0.0,0.0,0.0,0.0,0.0,0.0,0.0,0.0,83.27320715905977,83.27320715905977,0.34,0.766191048234772,0.36028137401965956,83.27320715905977,0.3542647819438875,0.0,0.0014766666666666666 
 03/31  06:40:00,7.953333333333334,92.66666666666667,1.94,48.83333333333333,77.33333333333333,0.0,0.0,0.0,2.0,2.0,0.0,0.0,0.0,0.0,0.0,3288.0,0.0,75.08623327790164,54.25444196219847,139.0243831731254,2.2514837395433098,59.92617121813554,0.0,54.25444196219841,74.16993544949561,0.0,0.0,20.79844516490126,-1002.689696074739,20.215903897759956,469.5493557750889,20.966368285368419,-1167.231980233223,20.12624994197637,534.5272614564474,18.416851930916743,-2.2084350066963207,19.72905123100529,-18.521707292969376,18.896845022467688,159.85815217144927,16.42342720548423,-171.08880147403228,18.908546945011645,-94.94278741089406,828.3688656163906,652.2830894776389,0.0,0.0,0.0,0.0,0.0,0.0,0.0,0.0,0.0,0.0,0.0,0.0,0.0,0.0,0.0,0.0,0.0,0.0,0.0,0.0,0.0,0.0,1.3055737097900738,0.3985267734401936,426.20451332723146,501.8541776713072,11514.4150814248,0.30623948644986367,0.04673984835925882,281.6457206973801,332.3539858662187,7225.1460226221229,1.7921519259482595,0.3386530472313418,361.0131099543632,424.8669507923376,9962.026620033046,0.30654832492312986,0.05792674318275318,253.42330085165885,298.8883038591531,6535.546176138792,0.0,0.0,9.193402895625516,10.940435040332023,193.15678262869819,0.0,0.0,12.971396801979929,15.356637668586313,309.77288101277727,0.0,0.0,105.73949556164507,125.43791459745721,2409.0779451571027,0.0,0.0,54.04074693610576,64.82951206590659,890.5885542973571,0.0,0.0,16.13643159917248,19.152156595029916,361.5957972664045,29.16561631609103,20.00385206864955,576.3151553231944,682.1353197813253,14544.457073637244,0.0,0.0,67.94930112592619,81.932699212892,919.6333054737274,1237.9199182901649,21.56147997806343,39.02717029796257,21.750000000000008,30.00000000000001,0.0,20.81029873592226,40.86759377776431,16.000000000000008,30.00000000000001,1770.5727631421083,21.7340448632708,38.62220805433422,21.500000000000008,30.00000000000001,0.0,20.760932297732624,40.996246442322988,16.000000000000008,30.00000000000001,0.0,18.396395745403745,47.85815615701721,12.000000000000004,30.00000000000001,0.0,19.886813334232074,43.77533632056782,19.000000000000008,30.00000000000001,0.0,19.312699249089716,44.95121608909292,10.000000000000004,30.00000000000001,0.0,16.07492460371208,55.39605060976254,16.000000000000008,30.00000000000001,0.0,19.12447879440905,45.86379042712784,19.000000000000008,30.00000000000001,0.0,19.975170378776267,0.0,0.0,0.0,14.568085088126832,0.0,0.0,509.7698868817648,514.6464115689857,511.3618873532829,517.814464908721,568.6315118116027,843.1455457584327,544.7089097554715,606.7240221196522,804.8941104270812,9018.533664548144,82.04157038275031,85.52447354958122,60.00000000000002,0.0,60.00000000000002,60.00000000000002,16.0,16.0,19.0,19.0,16.0,12.0,21.0,10.0,1.0,0.0,1237.9199182901649,0.0,1770.5727631421083,0.0,0.0,0.0,0.0,0.0,5270.954375293981,3162572.625176387,4136098.114369719,82.04157038275031,85.583624807799,0.34569847917646609,0.765442280519129,0.36028137401965967,85.583624807799,0.35426478194388769,4136098.114369719,0.21655710194722539 
 03/31  06:50:00,7.966666666666667,92.83333333333333,2.015,58.66666666666666,103.66666666666666,0.0,0.0,0.0,2.0,2.0,0.0,0.0,0.0,0.0,0.0,3288.0,0.0,90.73246063892505,62.05564444381128,159.01464167180269,2.7206446020118535,72.41343654086282,0.0,62.05564444381122,84.83477068810731,0.0,0.0,20.916412150393243,-1141.4995397941712,20.30706721374597,312.2483321248378,20.902908751845798,-730.5817364330478,20.199786660328145,282.75561452262016,18.393007350488128,-1.7525299704885669,19.719699787088389,-18.148919439351475,18.933766747220873,116.48777534633769,16.378352833932547,-146.95725242278787,19.184626312033058,-137.22890641747387,786.0746582042993,678.6713195997431,0.0,0.0,0.0,0.0,0.0,0.0,0.0,0.0,0.0,0.0,0.0,0.0,0.0,0.0,0.0,0.0,0.0,0.0,0.0,0.0,0.0,0.0,1.2524529714466704,0.382311651845748,418.1741027658207,492.8607186420703,11208.213874478826,0.28021924909160536,0.04276850566111193,232.72003784386605,274.6331160370271,6010.251072306909,2.0800559663540088,0.3930566829845067,320.14577932981777,376.55748506718529,8743.887777934407,0.29323292350273347,0.05541060534821115,237.60112555066739,280.3442951664658,6070.002506463916,0.0,0.0,8.986210071472167,10.695931663415939,188.18861107096917,0.0,0.0,12.285559342602589,14.549409752617212,292.89977681213215,0.0,0.0,106.68873294409767,126.57666913618898,2436.1668059602668,0.0,0.0,55.68081286547593,66.81458774968627,909.5932538817463,0.0,0.0,20.64395291705239,24.46265955434607,479.2550618112776,28.99642643555367,19.887809626580027,498.3001191236898,589.8622747344173,12606.04233799779,0.0,0.0,72.04225112159206,86.84437193430253,993.0645547628153,1742.2943725958933,21.551922320551367,39.04089271485694,22.0,30.0,0.0,20.902105110698608,40.63848806300899,16.0,30.0,1570.3820779834583,21.549511288371006,39.06768128898775,21.5,30.0,0.0,20.74925883868521,41.02551603239976,16.0,30.0,0.0,18.374422568768343,47.82410320842763,12.0,30.0,0.0,19.87975113042322,43.72867583465056,19.0,30.0,0.0,19.352935209477026,44.777512165211408,10.0,30.0,0.0,16.01487182441266,55.40278737278631,16.0,30.0,831.0809030665034,19.49204707190919,44.73130298550247,19.5,30.0,0.0,19.916344947507989,0.0,0.0,0.0,14.70895626240084,0.0,0.0,517.993074921395,526.3424771098808,521.1973845915026,527.3727338997626,560.8684631881846,858.4612996847528,539.3262347827707,563.1342762085942,790.2192473424002,9865.854851199256,81.48138795154144,83.24375086413643,60.0,0.0,60.0,60.0,16.0,16.0,19.0,19.0,16.0,12.0,21.0,10.0,1.0,0.0,1742.2943725958933,0.0,1570.3820779834583,0.0,0.0,0.0,0.0,831.0809030665034,2667.0919564264925,1600255.1738558955,2072103.409278746,81.48138795154144,83.27368163703565,0.34390306521421645,0.7676311092353431,0.36028137401965956,83.27368163703565,0.3542647819438875,2072103.409278746,0.10923937728249478 
 03/31  07:00:00,7.98,93.0,2.09,68.5,130.0,0.0,0.0,0.0,2.0,2.0,0.0,0.0,0.0,0.0,0.0,3288.0,0.0,110.10446871840296,74.21225598451015,190.16540058954599,3.3015224570716135,87.8742215849459,0.0,74.21225598451008,101.45378031475596,0.0,0.0,20.809351915721736,-453.11870123677547,20.26996337035285,158.8955664665384,20.922244001015764,-546.8509617218592,20.243182817327658,154.92596384413197,18.37104928620485,-1.630047256011764,19.71457786278065,-16.58946761488167,18.89988878467144,90.43877906256228,16.960153221638565,-219.95887747210169,19.455651135792189,-99.35707697760316,754.7792754232469,621.3831240121886,0.0,0.0,0.0,0.0,0.0,0.0,0.0,0.0,0.0,0.0,0.0,0.0,0.0,0.0,0.0,0.0,0.0,0.0,0.0,0.0,0.0,0.0,1.2878418356245474,0.39311411343850657,279.98903321095477,330.5145109762894,7364.789966127018,0.2610141060783675,0.03983731777752862,159.9408953087002,188.91861990019584,4088.7650562789087,1.9587104524645259,0.3701266916977563,289.25481138960427,341.13404497585187,7759.68284293484,0.2608404065375934,0.04928957039637062,181.3583820075225,214.14236831477008,4624.653325115317,0.0,0.0,8.978222292351918,10.689087865018067,187.43479063008258,0.0,0.0,11.286421192496281,13.366670100552805,268.6889123502678,0.0,0.0,91.72063453956582,108.87711999539266,2075.988653328552,0.0,0.0,52.9023650136025,63.33236891219246,944.9178279389121,0.0,0.0,24.97239200769027,29.569005913431967,597.3847701398977,28.85845226444714,19.793177136109159,403.1283592042916,477.6747269985924,10311.757472042542,0.0,0.0,63.62070325009073,76.71444304410642,875.705348170257,581.8607362852426,21.189184679272825,39.913399661480088,21.25,30.0,0.0,20.77701455143463,40.944574818839068,16.0,30.0,974.0200934778994,21.463299172041375,39.257615114506737,21.25,30.0,0.0,20.741930351321068,41.030277861687938,16.0,30.0,0.0,18.35415423653354,47.80426310946842,12.0,30.0,0.0,19.875049096715008,43.673986420891029,19.0,30.0,0.0,19.260059709233258,45.01050307969792,10.0,30.0,818.0585982239109,16.865653491926606,52.46499269487153,16.75,30.0,164.99215249524074,19.932758876146836,43.40595060948238,19.5,30.0,0.0,19.866524667495633,0.0,0.0,0.0,14.707368987978262,0.0,0.0,522.5942780748515,530.261581105254,523.2680903779358,527.0775635522346,555.2375817704253,861.7413666244399,537.8596028494451,573.3151623957688,753.126359729165,9489.307991542026,81.73039741838037,83.46625105567586,60.0,0.0,60.0,60.0,16.0,16.0,19.0,19.0,16.0,12.0,21.0,10.0,1.0,0.0,581.8607362852426,0.0,974.0200934778994,0.0,0.0,0.0,818.0585982239109,164.99215249524074,2627.014319044035,1576208.591426421,2040173.4799485403,81.73039741838037,83.49573161307572,0.34256714396813456,0.7692602249402876,0.36028137401965956,83.49573161307572,0.3542647819438875,2040173.4799485403,0.1075890209573241 
 03/31  07:10:00,8.13,92.5,2.085,78.33333333333334,156.33333333333335,0.0,0.0,0.0,2.0,2.0,0.0,0.0,0.0,0.0,0.0,5754.0,0.0,126.49459197503427,78.08893387889597,200.09930480978154,3.7929914598440086,100.95521260600576,0.0,78.08893387889589,106.75349290576227,0.0,0.0,21.126015047962537,-1492.8646367887664,20.28873638241619,453.80620564656837,20.8655519950943,-305.89342437958165,20.256170976803085,264.35060747863749,18.34963430487306,-1.7840855806294128,19.719291484018457,-14.425226232100802,18.99545615901009,274.5093930754027,18.13903820043701,-237.57593502912423,19.324616683454655,-34.46907427353816,770.5537539066343,410.350780680994,0.0,0.0,0.0,0.0,0.0,0.0,0.0,0.0,0.0,0.0,0.0,0.0,0.0,0.0,0.0,0.0,0.0,0.0,0.0,0.0,0.0,0.0,1.2087238843144999,0.3689633346503357,437.57345522013159,515.0859795032972,11862.354192682584,0.27943099867684276,0.04264819882125195,266.57817344332735,314.9140530221722,6736.577333248194,1.9616361861195109,0.37067955142092059,254.4364085799257,300.2477645867276,6709.346540756391,0.28360915249389986,0.053592054515098217,241.17600957711759,285.03961442512056,6064.077226370488,0.0,0.0,9.521667000665023,11.342597525003017,195.52987394274394,0.0,0.0,12.067800304597603,14.298068613714613,283.78836029026805,0.0,0.0,82.1540598608596,97.5137260737211,1863.0248514997578,0.0,0.0,28.95116028890302,34.48296702350276,611.6306925482863,0.0,0.0,15.423467227466333,18.295693192106734,357.7207060691168,28.80923606555346,19.75942116978976,502.58720826783209,595.4256312186567,12582.043807366177,0.0,0.0,40.632713195123148,49.07820861679279,527.8983602543713,1778.3376842210628,21.758815736441446,38.54984891214801,21.999999999999998,29.999999999999994,0.0,20.802463213524186,40.8989978179179,16.0,29.999999999999994,0.0,21.24661806638132,39.77699454478393,21.0,29.999999999999994,0.0,20.73354791753204,41.07229001265081,16.0,29.999999999999994,0.0,18.333987732754229,47.80904774789904,12.0,29.999999999999994,0.0,19.880417765871575,44.986498864905147,19.0,29.999999999999994,0.0,19.453754795302055,44.455420603849479,10.0,29.999999999999994,1272.2505839536105,18.821980378515506,46.375476807459268,20.699999999999997,29.999999999999994,0.0,19.70120845024058,45.25853302969069,19.0,29.999999999999994,0.0,19.988513225232166,0.0,0.0,0.0,14.459341043742798,0.0,0.0,523.273873288222,530.4810493046736,523.4599211877385,528.9765022308807,552.5006853673518,889.3478077652633,533.447306558934,584.5642936807495,779.7198986078228,9602.585064048782,81.65551398245172,83.59040546358077,59.999999999999989,0.0,59.999999999999989,59.999999999999989,16.0,16.0,19.0,19.0,19.7,12.0,21.0,10.0,1.0,0.0,1778.3376842210628,0.0,0.0,0.0,0.0,0.0,1272.2505839536105,0.0,2928.3079795507476,1756984.7877304485,2276895.271909496,81.65551398245172,83.62326634432923,0.3404674088421678,0.7682204443273752,0.3602813740196596,83.62326634432923,0.35426478194388746,2276895.271909496,0.11990855413929377 
 03/31  07:20:00,8.280000000000002,92.0,2.08,88.16666666666667,182.66666666666669,0.0,0.0,0.0,2.0,2.0,0.0,0.0,0.0,0.0,0.0,3288.0,0.0,143.04251278883744,80.2171417105236,205.5528621636151,4.289193303169641,114.16215495777549,0.0,80.21714171052349,109.6629143611504,0.0,0.0,21.155789767112727,-1420.0276034976606,20.387490480124695,368.6212404930502,20.941042025475057,-504.06752372882377,20.26716676990544,326.3053097693821,18.328016085153018,-2.421833646792507,19.73308713777135,-8.88583447343916,19.19420288782055,247.00256416039157,19.101693566098896,-92.56074227426864,19.204922115633594,-143.4331152382761,762.8689893433602,353.08761722822529,0.0,0.0,0.0,0.0,0.0,0.0,0.0,0.0,0.0,0.0,0.0,0.0,0.0,0.0,0.0,0.0,0.0,0.0,0.0,0.0,0.0,0.0,1.1605665826945023,0.35426330363080046,440.01252187805309,517.9650693414442,11801.498190622566,0.2645793592113172,0.04038146508109237,253.2157783503298,298.81747472827069,6380.566109342198,1.9351836150054736,0.36568095521645396,284.7625080880492,334.9466735539979,7599.138877822198,0.2882719375773153,0.05447315524892578,248.3006048538839,293.05332060006438,6167.610555533211,0.0,0.0,9.152633050647708,10.898566469417462,184.8354413922145,0.0,0.0,11.441166861042154,13.543048862679593,266.0774801037954,0.0,0.0,68.99193339205958,81.75608780504695,1587.9391512034904,0.0,0.0,18.840320355066909,22.261263893958366,460.64341604302038,0.0,0.0,17.710405804339645,20.98041222652734,396.6164880396275,28.63461373037771,19.639652764319423,503.9869230541585,596.4481796538267,12474.959311118679,0.0,0.0,31.070169965654345,37.501105661265899,386.49946597374659,1762.8542410702012,21.76969842619777,38.55382710597655,22.0,30.0,0.0,20.9199210125576,40.65870388113519,16.0,30.0,1375.649710674603,21.498017171880237,39.22233746124928,21.5,30.0,0.0,20.69903912308677,41.22504506933243,16.0,30.0,0.0,18.31252016992847,47.830406781791797,12.0,30.0,0.0,19.8989636827453,46.95352448581558,19.0,30.0,0.0,19.77899958691341,43.60391253069071,10.0,30.0,1001.5780487913132,20.561977032907163,41.72283369933097,20.7,30.0,0.0,19.474084502355326,47.55079141818975,19.0,30.0,0.0,20.001451103502764,0.0,0.0,0.0,14.342547160975482,0.0,0.0,524.090412255345,532.0983197562292,524.7901396002785,532.8132739854303,548.6732886597289,938.8280675455019,530.0259724620261,586.263225238325,832.9355134054599,9473.847352446759,81.74058668863509,83.55273658413785,60.0,0.0,60.0,60.0,16.0,16.0,19.0,19.0,19.7,12.0,21.0,10.0,1.0,0.0,1762.8542410702012,0.0,1375.649710674603,0.0,0.0,0.0,1001.5780487913132,0.0,2742.3582962203229,1645414.9777321937,2135537.8381770208,81.74058668863509,83.58351290528828,0.3464119432073441,0.7711626957170674,0.36028137401965956,83.58351290528828,0.3542647819438875,2135537.8381770208,0.11254463425187174 
 03/31  07:30:00,8.43,91.5,2.075,98.0,209.0,0.0,0.0,0.0,2.0,2.0,0.0,0.0,0.0,0.0,0.0,3289.0,0.0,159.47968832531746,80.71098525932939,206.81846205003274,4.782075835871553,127.28072719419179,0.0,80.71098525932929,110.33803593299507,0.0,0.0,20.93560651132239,-340.6780935550539,20.394060102333847,150.53814741483758,21.004361157611869,-520.7983438815356,20.346161635221109,146.8753329979122,18.307508497863659,-3.3947230369001035,19.748927718003388,-7.706771483371384,19.24636924463014,162.31042946740457,19.012764280527909,-44.654376776071128,19.011115100608344,-247.59415832010198,717.4243752875186,451.93531698834837,0.0,0.0,0.0,0.0,0.0,0.0,0.0,0.0,0.0,0.0,0.0,0.0,0.0,0.0,0.0,0.0,0.0,0.0,0.0,0.0,0.0,0.0,1.205502979385639,0.36798015243761886,277.6734269221962,327.8509878868339,7068.690626665872,0.24522344067646247,0.03742726506051014,148.97099029488346,175.95761144778448,3703.415943116222,1.8405105075741788,0.34779110120449349,319.3543624033076,376.5530542328826,8301.864271094013,0.25146837882873626,0.04751859010369163,185.0760614758617,218.55209703873656,4565.763394536275,0.0,0.0,7.9807155655729,9.505069221264549,158.45825883376734,0.0,0.0,9.988286454237059,11.822635008847783,229.6556746432815,0.0,0.0,67.71263064849977,80.23220583928877,1545.577740408245,0.0,0.0,11.094646335091232,13.141098138371719,258.7944054157829,0.0,0.0,27.211154600918499,32.30422589235334,584.7735378045125,28.38409131403329,19.467826690009124,408.72783303115389,484.2717024747288,10126.25315238992,0.0,0.0,41.642859681243077,50.24513235587992,525.6634525024466,509.4368630028743,21.251765692716569,39.939150484466718,21.25,30.0,0.0,20.868886612742917,40.93899290155238,16.0,30.0,916.9122008140034,21.50143068655181,39.33924684043434,21.25,30.0,0.0,20.77364391470096,41.18443437524239,16.0,30.0,0.0,18.29229449234262,47.9445992807619,12.0,30.0,0.0,19.91758522257599,48.57667839174975,19.0,30.0,0.0,19.824343367917004,43.95554960204182,10.0,30.0,301.25327089455007,20.088442055247027,43.347949135161417,19.7,30.0,0.0,19.130122028645354,48.764933360261498,19.0,30.0,0.0,19.93942659420815,0.0,0.0,0.0,14.583612264750624,0.0,0.0,530.4757378025405,539.3998967522053,529.3240943956704,537.9819830265558,549.3228205930346,997.9988270470171,564.5527540274842,601.2980630717732,801.1425114377896,4876.693381713737,80.75869498726519,82.65496923813837,60.0,0.0,60.0,60.0,16.0,16.0,19.0,19.0,19.7,12.0,21.0,10.0,1.0,0.0,509.4368630028743,0.0,916.9122008140034,0.0,0.0,0.0,301.25327089455007,0.0,2869.5248991645059,1721714.9394987035,2236454.467679974,80.75869498726519,82.68717427011667,0.1806508299721502,0.34780230261605429,0.18014068700982978,82.68717427011667,0.17713239097194376,2236454.467679974,0.117778965652692 
 03/31  07:40:00,8.58,91.0,2.07,107.83333333333333,217.0,0.0,0.0,1.0,2.0,0.0,0.0,0.0,0.0,0.0,4.0,3292.0,0.0,174.87501925555004,77.705359888209,199.11684059471268,5.24371495028777,139.5677684615844,0.0,77.7053598882089,106.22911817992541,0.0,0.0,20.934332991807545,-845.2299324581479,20.427407113442635,418.07017727271616,20.95127734753717,-548.1266527760347,20.402634794980317,312.0038834624834,18.29313121500553,5.393609472383545,19.757123225083676,-25.35493354502539,19.04033863962095,-11.407679669130403,19.24050374706414,-71.84371700245657,18.530066966169085,-805.3551941848687,738.6614817309355,1304.0537591001708,0.0,0.0,0.0,0.0,0.0,0.0,0.0,0.0,0.0,0.0,0.0,0.0,0.0,0.0,0.0,0.0,0.0,0.0,0.0,0.0,0.0,0.0,1.177486532202267,0.3594281233828654,308.9911903692217,363.9433419183853,8032.429382149298,0.2780988851453929,0.04244488479020038,250.90888411059329,296.2492791732702,6178.039039298133,1.6536758909538918,0.31248599602303336,245.8045103281875,289.71454376713646,6305.791233746464,0.2668042423224427,0.05041652349252507,251.24040306510953,296.6392627322906,6162.432768500116,0.0,0.0,8.756503210123939,10.428576179215455,171.08502415578739,0.0,0.0,13.382043764436732,15.835588317160381,303.7439733397297,0.0,0.0,205.22991891714225,243.48415903675886,4451.991191529787,0.0,0.0,29.114632862310367,34.408119553343478,692.4056566451277,0.0,0.0,168.09097996534789,200.17759862427665,3283.0045187307816,28.535527745630846,19.57169255530237,496.88850899714819,588.067083938863,12196.464240449464,0.0,0.0,169.04475814839538,202.98186540211527,2513.7216964290466,807.8771983801989,21.54405983525134,39.53959721586436,21.5,30.0,0.0,20.924905622823159,41.02494499821385,16.0,30.0,0.0,21.37015346500326,40.722112930071158,21.0,30.0,0.0,20.878562771846974,41.706287902221848,19.0,30.0,0.0,18.283942525523814,48.26655563634959,12.0,30.0,0.0,19.9187873815471,49.54682614352635,19.0,30.0,0.0,19.39777491042659,45.47478844084132,10.0,30.0,404.7913076362727,20.479187537931009,43.52195605955718,20.2,30.0,0.0,18.269641916326678,49.237510366138568,12.0,30.0,0.0,20.183751610553345,0.0,0.0,0.0,15.865324629390433,0.0,0.0,542.867805169845,545.2961743329946,581.7740588833135,569.8571637180068,566.4593696738524,1020.8751790525021,589.5590334228285,664.1015422625815,625.237204943363,5808.948339618499,82.73174471120697,82.73174471120697,220.0,0.0,220.0,220.0,16.0,19.0,19.0,12.0,19.7,12.0,21.0,10.0,1.0,0.0,807.8771983801989,0.0,0.0,0.0,0.0,0.0,404.7913076362727,0.0,0.0,0.0,0.0,82.73174471120697,82.73174471120697,0.255,0.537757093191289,0.27021103051474468,82.73174471120697,0.2656985864579156,0.0,0.005390000000000001 
 03/31  07:50:00,8.73,90.5,2.065,117.66666666666666,225.0,0.0,0.0,1.0,2.0,0.0,0.0,0.0,0.0,0.0,4.0,3296.0,0.0,190.1448169136994,74.51784130559273,190.9491301286277,5.701590324790936,151.7546263831305,0.0,74.51784130559266,101.87153861655179,0.0,0.0,21.18156618464137,-1238.2964473893708,20.51953223099117,401.26008803955849,21.072883381040943,-955.7757964178784,20.407517151403959,339.0087614946965,18.281675641703865,4.191111459289118,19.75429710448558,-42.966735225093248,18.820774767595134,-12.290943374272274,19.268155778789724,-107.93459372805657,18.111143081900285,-492.07865887437267,724.7172627834343,1083.5609324141695,0.0,0.0,0.0,0.0,0.0,0.0,0.0,0.0,0.0,0.0,0.0,0.0,0.0,0.0,0.0,0.0,0.0,0.0,0.0,0.0,0.0,0.0,1.1028657558544939,0.3366501086246929,323.2067613667239,380.4539393260664,8343.488482572615,0.2711700225458595,0.041387366078427887,257.73658897422617,304.0246427339975,6329.092501755151,1.6381649769820846,0.30955498431256336,262.9423077260971,309.16098020846996,6816.872814013163,0.2810604397431168,0.05311043834903943,270.4475700101512,318.8993902377972,6556.407817736052,0.0,0.0,8.840482991641208,10.52791998846903,169.96786911950256,0.0,0.0,14.63710946881437,17.319391545542954,327.39430482261886,0.0,0.0,219.08560241654858,260.2216500695772,4527.965762870009,0.0,0.0,30.647280275010627,36.198275405628219,718.8342432306337,0.0,0.0,178.75567381879046,213.2749308973379,3233.216828365397,28.35705239081176,19.44928147517954,522.7026747516861,618.2480423882433,12526.413539875533,0.0,0.0,179.4484064349382,215.1997361139897,2726.0825519795237,1804.0234227001616,21.750983352528693,39.766031432060689,22.0,30.0,0.0,21.037821572161648,41.421106661594659,16.0,30.0,1213.1552783322744,21.651339263736145,40.79312097409807,21.5,30.0,0.0,20.844806744459367,42.70309762487655,19.0,30.0,0.0,18.277964206611338,48.55232056268841,12.0,30.0,0.0,19.902216350494777,49.989472705932467,19.0,30.0,0.0,19.020450900754189,46.93348773314854,10.0,30.0,683.9649276785076,20.430285691444916,44.29249538667366,20.2,30.0,0.0,17.69434363956612,51.102710999721328,12.0,30.0,0.0,20.04396526088906,0.0,0.0,0.0,16.201305931656337,0.0,0.0,573.9438034799448,574.6728667464665,618.0354626653774,613.3220899230432,578.7653039851718,1011.6104045768674,599.6052126645648,690.4885837541008,616.1412754892306,9633.51742379319,81.63506171630702,83.3441302858981,220.0,0.0,220.0,220.0,16.0,19.0,19.0,12.0,19.7,12.0,21.0,10.0,1.0,0.0,1804.0234227001616,0.0,1213.1552783322744,0.0,0.0,0.0,683.9649276785076,0.0,2586.5184531518218,1551911.071891093,2013259.3475214157,81.63506171630702,83.37315594392804,0.3412172817717274,0.7699244517560369,0.36028137401965956,83.37315594392804,0.3542647819438875,2013259.3475214157,0.11012837496000251 
 03/31  08:00:00,8.88,90.0,2.06,127.5,233.0,0.0,0.0,1.0,2.0,0.0,0.0,0.0,0.0,0.0,4.0,3298.0,0.0,205.28383652029729,71.40529967088554,182.973545832669,6.155544674938763,163.83711491361405,0.0,71.40529967088546,97.61645822532872,0.0,0.0,21.13405508286715,-771.516270325227,20.557382807147229,255.10897842064237,20.755171122241124,-415.23606665431307,20.449237130629578,73.63996605220155,18.268744321052375,3.1883288693739617,19.751866819025488,-45.7436331882311,18.679773567044874,-14.416355091327205,19.04765767486873,-93.85955689108426,17.91710670111385,-345.09205340895758,663.2821881775908,981.8596739417792,0.0,0.0,0.0,0.0,0.0,0.0,0.0,0.0,0.0,0.0,0.0,0.0,0.0,0.0,0.0,0.0,0.0,0.0,0.0,0.0,0.0,0.0,1.0676386257245572,0.32589701639943749,235.86637671353476,277.78799355929416,5933.8483637311269,0.23794471119688277,0.036316347862772099,169.11100391571149,199.43564774264793,4110.992310299109,1.8221404444661087,0.34431981187946139,175.47791032359965,206.7766004969671,4346.829255746442,0.25183718701678356,0.04758828174920322,183.5026042683663,216.49846585022903,4386.372053328588,0.0,0.0,8.324190287867442,9.913250804340147,157.38770737204454,0.0,0.0,13.769700307026766,16.292737812079677,303.48940398230948,0.0,0.0,220.92422604895882,262.6400646703246,4395.457848518039,0.0,0.0,31.335912036994246,37.08291139602698,698.038758848597,0.0,0.0,182.09160641640654,217.4593682845712,3156.026475546771,28.10187983599103,19.274266005480827,346.6250964159508,410.18385745413266,8334.953158816543,0.0,0.0,182.86543017631522,219.21755373644067,2775.8871853408325,954.1625566140133,21.514434308879154,40.9228744228935,21.5,30.0,0.0,21.03781328079722,42.00024710267486,16.0,30.0,10.164487306761649,21.223791778201389,42.740813573984279,21.0,30.0,0.0,20.861856485420085,43.30420518013293,19.0,30.0,0.0,18.26858970489014,48.89425641590668,12.0,30.0,0.0,19.887539207703179,50.411296254646547,19.0,30.0,0.0,18.77378630791337,48.12947526009841,10.0,30.0,12.048182926681884,20.01961479215308,45.828049633505667,19.7,30.0,0.0,17.45925082583142,52.318937493910187,12.0,30.0,0.0,19.947917231210899,0.0,0.0,0.0,16.348181851907069,0.0,0.0,600.474851468751,603.1916312828635,658.3235777107155,643.0893188380031,589.845633703927,1009.0235274430188,614.4402872762917,697.4354688924752,625.7772093272917,6172.853125821977,82.01488044775309,82.01488044775309,220.0,0.0,220.0,220.0,16.0,19.0,19.0,12.0,19.7,12.0,21.0,10.0,1.0,0.0,954.1625566140133,0.0,10.164487306761649,0.0,0.0,0.0,12.048182926681884,0.0,0.0,0.0,0.0,82.01488044775309,82.01488044775309,0.255,0.5398330036518402,0.27021103051474468,82.01488044775309,0.2656985864579156,0.0,0.005487777777777778 
 03/31  08:10:00,9.07,89.5,2.1416666666666668,137.33333333333332,241.0,0.0,4.0,0.0,0.0,0.0,0.0,0.0,0.0,0.0,0.0,3300.0,0.0,220.28696403597227,68.65765066668605,175.9329801731388,6.605424635149688,175.81115233575162,0.0,68.65765066668598,93.86021372425472,0.0,0.0,21.307319513822447,-829.1322151757127,20.62612628874833,349.89103856529229,21.0058929091308,-463.5688437385445,20.45651263476143,-42.088435672245,18.25486846491215,3.5026317008506284,19.64765198140893,-126.44947752133356,18.67162817126558,50.177600145672389,18.628184681001249,-36.72686910652524,17.812664571574325,-307.49217397289228,660.3909377062178,933.9502862667628,0.0,0.0,0.0,0.0,0.0,0.0,0.0,0.0,0.0,0.0,0.0,0.0,0.0,0.0,0.0,0.0,0.0,0.0,0.0,0.0,0.0,0.0,1.1750132096117499,0.3586731409071276,358.18877577732959,421.5370892522194,9113.832180475414,0.2745274686565684,0.04189979680350556,213.36239231886877,251.46078586488759,5152.35727816628,1.1867403476963264,0.2242517663825258,180.0871126638781,212.03616273905969,4581.917230193001,0.29168391927568607,0.05511789857817195,27.876046406420437,32.89348926699365,659.5494411889403,0.0,0.0,8.197992586362119,9.763081626436936,151.68940304741819,0.0,0.0,62.007050974865808,73.44218773625245,1320.1144845317286,0.0,0.0,280.76010846558077,333.6793256406089,5492.775660689829,0.0,0.0,20.08331339778108,23.83249747509684,409.1530836393432,0.0,0.0,189.25169686410573,226.06274765402953,3167.0597501401746,28.372780608123489,19.46006900419993,310.66581089812299,367.87059734352166,7426.664534602301,0.0,0.0,189.11897826631833,226.600170060985,2833.5632899800154,928.501232783112,21.79669865344217,40.690460256151357,21.5,30.0,0.0,21.130194258134453,42.27837389188314,16.0,30.0,960.9123717798125,21.74449945199898,40.88064451284677,21.5,30.0,0.0,20.821179965125397,46.09279537733133,19.0,30.0,0.0,18.256698149074049,49.44856788623838,12.0,30.0,0.0,19.69822542783833,48.094669151956249,16.0,30.0,0.0,18.80017864717458,49.0571064759078,10.0,30.0,0.0,19.22558622203305,48.00204503915065,16.0,30.0,0.0,17.35060854968099,53.52002162675148,12.0,30.0,0.0,19.943387006725673,0.0,0.0,0.0,16.44140176593496,0.0,0.0,620.4472524422135,620.417945184403,623.1527835128575,800.160544500287,611.0983959686173,790.1498400491414,663.8921315922546,683.0110030386364,659.0894121180529,4240.743277190462,83.03439433286862,83.03439433286862,132.0,0.0,132.0,132.0,16.0,19.0,16.0,12.0,16.0,12.0,21.0,10.0,1.0,0.0,928.501232783112,0.0,960.9123717798125,0.0,0.0,0.0,0.0,0.0,0.0,0.0,0.0,83.03439433286862,83.03439433286862,0.17,0.38571390439520727,0.18014068700982978,83.03439433286862,0.17713239097194376,0.0,0.0033219999999999996 
 03/31  08:20:00,9.260000000000002,89.0,2.2233333333333338,147.16666666666669,249.0,0.0,4.0,0.0,0.0,0.0,0.0,0.0,0.0,0.0,0.0,2478.0,0.0,235.14924608822876,66.5770084253528,170.60158344914363,7.0510816561033489,187.6727851450958,0.0,66.57700842535273,91.01581803697252,0.0,0.0,20.96107038628247,-1315.6509966917914,20.6313082132254,237.19506239034559,20.888874323363223,-107.80255325400379,20.501293823595149,-64.24500337173439,18.24206690314442,3.6572388873747156,19.517112960057646,-102.13385144695042,18.652387443260346,43.483967058390877,18.307207164037508,-15.461044364873843,17.753800604342059,-245.3096907161373,537.6632341768957,829.8737306005037,0.0,0.0,0.0,0.0,0.0,0.0,0.0,0.0,0.0,0.0,0.0,0.0,0.0,0.0,0.0,0.0,0.0,0.0,0.0,0.0,0.0,0.0,1.0851549665012457,0.3312438847683899,321.6732770644,379.31589270263228,7384.996869509139,0.2358487715457362,0.03599645475362273,174.95427046438548,206.20685818409658,4133.621367716607,1.7088522724385565,0.32291237196495778,122.17044444951287,143.51333758702885,3059.087710439856,0.22906289277286957,0.04328474920122249,15.354872729936542,18.12229477938562,360.1618998590093,0.0,0.0,7.9322467165284389,9.442780605847276,143.59759290705876,0.0,0.0,59.638438572614017,70.68784832498148,1224.042984492999,0.0,0.0,274.00831137195407,325.55759358516556,5243.846496704569,0.0,0.0,16.192984062166159,19.253966703727337,307.3393632824636,0.0,0.0,181.6223865185206,216.88748081646174,2956.594863010865,27.93951755469712,19.162906416115996,272.0788741091703,321.5466091655255,6421.204186998786,0.0,0.0,180.88054462224228,216.58625805143948,2671.014422130126,1340.5517782999369,21.147880436139255,42.33932638869075,21.666666666666658,29.99999999999999,0.0,21.08021072177616,42.55661055488817,15.999999999999993,29.99999999999999,725.5230472129426,21.36724820365651,41.937801364891928,21.333333333333326,29.99999999999999,0.0,20.862794683240386,49.264726135988357,18.999999999999994,29.99999999999999,0.0,18.246100990038376,49.97632618771725,11.999999999999995,29.99999999999999,0.0,19.49314258539402,47.268700165431,15.999999999999993,29.99999999999999,0.0,18.77715559547137,49.24726560003883,9.999999999999997,29.99999999999999,0.0,18.67794546019078,49.528107132521,15.999999999999993,29.99999999999999,0.0,17.312527603874697,53.97831836306352,11.999999999999995,29.99999999999999,0.0,19.257399187990793,0.0,0.0,0.0,16.528181729865893,0.0,0.0,599.195305797619,626.3164659317906,626.8306256971729,997.8640267624779,631.2002742572811,682.9433867098973,664.4914845232734,672.0819337445292,671.1446443697687,8690.655069672408,82.25848498353628,82.25848498353628,131.99999999999995,0.0,131.99999999999995,131.99999999999995,16.0,19.0,16.0,12.0,16.0,12.0,21.0,10.0,1.0,0.0,1340.5517782999369,0.0,725.5230472129426,0.0,0.0,0.0,0.0,0.0,0.0,0.0,0.0,82.25848498353628,82.25848498353628,0.3399999999999999,0.7711537521592717,0.36028137401965945,82.25848498353628,0.35426478194388735,0.0,0.0033880000000000006 
 03/31  08:30:00,9.45,88.5,2.3049999999999999,157.0,257.0,0.0,4.0,0.0,0.0,0.0,0.0,0.0,0.0,0.0,0.0,3304.0,0.0,249.86592105560499,65.44563505079178,167.70263624545948,7.492372936848218,199.41821285867003,0.0,65.44563505079172,89.46914485915356,0.0,0.0,21.23484181106726,-1059.5512866901827,20.624610634926428,201.91610058032905,20.908729330563987,-254.26196669526713,20.53692569581432,-65.42868729202762,18.230258633102353,4.171760305081349,19.441754122081315,-83.58234013028488,18.627153357343269,25.956670984039194,18.104070120911726,-13.914301318152213,17.73317176047783,-215.943546178647,588.1694124752869,761.334762164473,0.0,0.0,0.0,0.0,0.0,0.0,0.0,0.0,0.0,0.0,0.0,0.0,0.0,0.0,0.0,0.0,0.0,0.0,0.0,0.0,0.0,0.0,1.1284795509759854,0.34446872740414699,327.86379279814556,385.46462595489069,8040.344867483405,0.24379415685695694,0.03720912039941346,196.44587923374523,231.5621356835166,4534.695631848977,1.5510067698455366,0.293085179487063,140.88026517055924,166.0239943627255,3366.7170293548917,0.18952255080382139,0.03581302925242278,11.187580602409597,13.181999021933244,259.417725053656,0.0,0.0,7.724030084566605,9.19817952091914,136.7381649059529,0.0,0.0,54.11129765678131,64.19149115849869,1078.216443210631,0.0,0.0,263.97601732754267,313.81457086573979,4934.712014633522,0.0,0.0,10.422658662682773,12.40957400490948,187.07863463030916,0.0,0.0,175.215306716921,209.32160590645504,2789.503087682197,27.925286612447274,19.153145824723788,274.85389738741869,324.9952798869583,6377.61678507138,0.0,0.0,175.54097481589276,210.2213386417476,2553.16180746668,1797.3671696162288,21.734996510496619,40.986041417279867,22.0,30.0,0.0,21.022829004355886,42.851347193820867,16.0,30.0,0.0,21.328746602806583,42.17698682299402,21.0,30.0,0.0,20.89219355743898,52.312129931534027,19.0,30.0,0.0,18.23686693898474,50.30313301983039,12.0,30.0,0.0,19.381443356899355,47.4471599699379,16.0,30.0,0.0,18.74593808661258,49.32950250365623,10.0,30.0,0.0,18.35745393515908,50.54025714327433,16.0,30.0,0.0,17.325244967899037,53.948373092407269,12.0,30.0,0.0,19.835247666312215,0.0,0.0,0.0,16.61132190546956,0.0,0.0,612.5934513211204,620.7486929117083,618.9236466580303,1184.0732820869583,640.9469398221594,664.683637564034,652.4171235259626,669.1828831397701,663.8905709254862,9998.674068144159,81.393564329247,83.1752547317337,132.0,0.0,132.0,132.0,16.0,19.0,16.0,12.0,16.0,12.0,21.0,10.0,1.0,0.0,1797.3671696162288,0.0,0.0,0.0,0.0,0.0,0.0,0.0,2696.3111534909769,1617786.692094586,2093342.8393809216,81.393564329247,83.20551374957414,0.34487703844969927,0.7702740101350114,0.36028137401965956,83.20551374957414,0.3542647819438875,2093342.8393809216,0.11230782764780793 
 03/31  08:40:00,9.64,88.0,2.3866666666666669,163.0,275.5,0.0,0.0,1.0,2.0,0.0,0.0,0.0,0.0,0.0,0.0,7434.0,0.0,261.03406263572216,64.62909781609322,165.6104445385603,7.827264131522331,208.33160435500637,0.0,64.62909781609318,88.35287655375108,0.0,0.0,21.329530110287935,-1617.5833830248594,20.672731236846454,296.95477461406048,20.650260656018557,189.5713472781361,20.43238230517369,22.182078525049865,18.219779307254585,4.64998074108079,19.476644062760806,-36.864653995513318,18.6343538617228,31.39494075419142,18.99656615274102,-83.27982127314187,17.73015956456112,-168.99586166129556,673.2406898281876,755.7949655387192,0.0,0.0,0.0,0.0,0.0,0.0,0.0,0.0,0.0,0.0,0.0,0.0,0.0,0.0,0.0,0.0,0.0,0.0,0.0,0.0,0.0,0.0,1.0121979756496869,0.30897374104080879,466.51467099670409,549.1149535071746,11317.670849280892,0.22333325831065005,0.034086272635935697,230.33364305906827,271.8896342783641,5253.339819343529,1.7121626362680125,0.32353791312698745,195.30480473470792,230.39458093994885,4503.834060788394,0.238527394786121,0.045073203852252757,175.00993087453763,206.55324937357484,3869.7234082628676,0.0,0.0,8.659875395322383,10.321752289973022,149.86253027713733,0.0,0.0,14.449014747374333,17.147593967198487,284.17141713792128,0.0,0.0,229.96471778083888,273.5752663117088,4216.047513203696,0.0,0.0,23.788386679259454,28.143874721033467,494.3696035990644,0.0,0.0,183.3427108078461,219.15227773014045,2860.952221373676,27.848409958123218,19.100418352622289,431.8292080843815,511.1679030129425,9668.338770987419,0.0,0.0,183.42059043948775,219.63801141484329,2677.994820814432,1791.3301354361532,21.831881885745675,41.81798991577117,22.000000000000055,30.000000000000076,0.0,21.08656359839297,43.500767650067057,16.00000000000004,30.000000000000076,0.0,21.124016405438259,44.132055239237789,21.00000000000005,30.000000000000076,0.0,20.725620056734284,46.55495856271414,16.00000000000004,30.000000000000076,0.0,18.22944842626395,50.576534082396829,12.000000000000032,30.000000000000076,0.0,19.44547516270019,48.53781682995842,19.00000000000005,30.000000000000076,0.0,18.7573711806368,49.69185460693646,10.000000000000025,30.000000000000076,1273.7670230558957,19.766428431749305,47.10228890545184,20.700000000000054,30.000000000000076,0.0,17.359316642983289,53.958689492252599,12.000000000000032,30.000000000000076,0.0,20.180180917189298,0.0,0.0,0.0,16.833385063860324,0.0,0.0,672.6492574937342,660.4000899826644,705.0345353989432,790.7591776009832,645.1464416955582,739.2139125851039,658.6251320973568,715.4441840801599,656.3466794175525,9697.096578166555,81.59302772390685,82.34883155745321,60.00000000000015,0.0,60.00000000000015,60.00000000000015,16.0,16.0,19.0,12.0,19.7,12.0,21.0,10.0,1.0,0.0,1791.3301354361532,0.0,0.0,0.0,0.0,0.0,1273.7670230558957,0.0,1143.8454030347717,686307.2418208609,889824.3246111564,81.59302772390685,82.36166761564337,0.3403504023233821,0.7707354201612501,0.36028137401966056,82.36166761564337,0.3542647819438884,889824.3246111564,0.04787086487978012 
 03/31  08:50:00,9.83,87.5,2.4683333333333334,169.0,294.0,0.0,0.0,1.0,2.0,0.0,0.0,0.0,0.0,0.0,0.0,826.0,0.0,283.8247767329075,66.61953375115033,170.71096785706193,8.510652654526833,226.52084871399564,0.0,66.6195337511503,91.07395338138494,0.0,0.0,21.417567175778296,-1693.2203187119595,20.70847614767284,237.35413696433535,20.584724265785483,210.91406472550808,20.36497720650228,126.86302963085837,18.208954537674356,4.600578576945793,19.591020550869648,-41.16008454275379,18.601236952185706,29.72001549178276,19.53665614860627,-176.40312659638313,17.75749360719059,-159.77457088533539,640.9292439492747,746.6677532160011,0.0,0.0,0.0,0.0,0.0,0.0,0.0,0.0,0.0,0.0,0.0,0.0,0.0,0.0,0.0,0.0,0.0,0.0,0.0,0.0,0.0,0.0,0.9331649649035507,0.28484889038569929,455.30229305601588,533.1992172517179,10949.829706817241,0.19887019217193306,0.030352593432834718,205.07033198023644,240.81586446097763,4608.402734733437,1.6031269598509957,0.3029340438116017,210.78942287659533,247.57668600242443,4747.551637657188,0.2514998880255958,0.04752454422252376,224.73724332856166,264.3323832325257,4848.058959228879,0.0,0.0,8.558982562129453,10.153163424360989,144.78384373232624,0.0,0.0,14.167320389117008,16.71115242863513,278.40018042130398,0.0,0.0,225.92101683363914,267.51838780108246,4035.6845239262077,0.0,0.0,38.21305466085582,44.92603402253504,832.071659804807,0.0,0.0,187.31677414693935,222.78126936114846,2881.024574856921,27.672188954475336,18.979553466718344,423.05726489404045,498.4613103351359,9260.829624641785,0.0,0.0,188.76069759510799,224.71630435076686,2799.159079367474,1910.864628809097,21.910114746929247,41.7229089715689,22.0,30.0,0.0,21.098718430915107,43.87855246096575,16.0,30.0,0.0,21.047676146415509,43.985889427474308,21.0,30.0,0.0,20.628274556976348,45.18459812847051,16.0,30.0,0.0,18.218986637249743,51.100392711051437,12.0,30.0,0.0,19.624613753129859,50.50669832678064,19.0,30.0,0.0,18.704565631523196,50.19359343919289,10.0,30.0,557.6259805941066,20.72714324742763,45.310233302667857,20.7,30.0,0.0,17.43484191878131,54.2338089937367,12.0,30.0,0.0,20.1180178969151,0.0,0.0,0.0,17.140706908508638,0.0,0.0,674.0631579750588,679.592584124675,674.3871140081941,681.7437131133926,655.4577041335964,887.482960368819,668.6024010720817,738.3402694572324,672.8469758789594,8873.79848515944,82.13745932072362,82.13745932072362,60.0,0.0,60.0,60.0,16.0,16.0,19.0,12.0,19.7,12.0,21.0,10.0,1.0,0.0,1910.864628809097,0.0,0.0,0.0,0.0,0.0,557.6259805941066,0.0,0.0,0.0,0.0,82.13745932072362,82.13745932072362,0.34,0.771607256303774,0.36028137401965956,82.13745932072362,0.3542647819438875,0.0,0.0015933333333333336 
 03/31  09:00:00,10.02,87.0,2.55,175.0,312.5,0.0,0.0,1.0,2.0,0.0,0.0,0.0,0.0,0.0,0.0,3304.0,0.0,317.7145622984215,69.36477860213792,177.74565036558969,9.526841548514265,253.56814496684664,0.0,69.36477860213789,94.82691122274801,0.0,0.0,21.418842353540378,-1343.6526337674373,20.766020806213818,308.72418733132556,21.038356959019944,-642.864071139928,20.44340214122841,395.45547249260837,18.203653160329936,5.455070294220363,19.65085233311138,-42.41862262400649,18.627349600627129,74.78931583183771,19.200396967586714,-111.618201264513,17.791476165290868,-78.67134272096087,666.3467371651614,639.8748309059206,0.0,0.0,0.0,0.0,0.0,0.0,0.0,0.0,0.0,0.0,0.0,0.0,0.0,0.0,0.0,0.0,0.0,0.0,0.0,0.0,0.0,0.0,0.9496980666453112,0.289895624739106,406.07021473285718,477.843696222514,9582.052976018867,0.2233973591964765,0.03409605604341827,240.6678335929646,283.6572538760253,5340.370108030807,1.238789679824196,0.234087241085449,317.45756392081798,373.3342840976448,7405.35100644498,0.2729629215191159,0.051580295071639418,299.3352610970041,353.1095064027613,6452.013332028428,0.0,0.0,8.799182362989587,10.48005809386393,145.3707139598177,0.0,0.0,14.623953708122464,17.319619481734028,283.376640564835,0.0,0.0,218.54385415575778,259.7922140306914,3844.970624591894,0.0,0.0,33.42994170025483,39.56715397085148,672.9515161958759,0.0,0.0,177.57418545272533,212.0069376601791,2689.7024963212586,27.89074557124474,19.129455124310529,537.0086514743471,634.7759104266577,11547.267095809631,0.0,0.0,178.5533267037365,213.37609889449068,2611.868652234166,1574.4822038155624,21.895593638048348,41.71107643758454,22.0,30.0,0.0,21.15191287380344,43.73162161698599,16.0,30.0,1226.714099722652,21.658155768433507,42.34842811033997,21.5,30.0,0.0,20.789068463376446,44.65353858316286,16.0,30.0,0.0,18.217023570416147,51.297397864481499,12.0,30.0,0.0,19.68547980681038,51.037623628737268,19.0,30.0,0.0,18.76729368949087,50.25307850607123,10.0,30.0,0.0,20.05135174415276,47.52770998289431,19.7,30.0,0.0,17.515960595753837,54.30079665762623,12.0,30.0,0.0,20.248941349524004,0.0,0.0,0.0,17.23706562258085,0.0,0.0,666.3070477437977,674.980853935191,666.7443152782823,670.1663457754263,659.9238734052786,926.8889551736478,675.76311305086,748.3705560287775,683.039660280116,10177.14852450151,81.27555283098073,84.68698613019186,60.0,0.0,60.0,60.0,16.0,16.0,19.0,12.0,19.7,12.0,21.0,10.0,1.0,0.0,1574.4822038155624,0.0,1226.714099722652,0.0,0.0,0.0,0.0,0.0,5162.901260535887,3097740.7563215319,4046651.9097897389,81.27555283098073,84.74492359279378,0.34209670868452959,0.7661807386900748,0.36028137401965956,84.74492359279378,0.3542647819438875,4046651.9097897389,0.2120125659757331 
 03/31  09:10:00,10.25,86.0,2.6166666666666669,181.0,331.0,0.0,0.0,0.0,0.0,0.0,0.0,0.0,0.0,0.0,0.0,4956.0,0.0,360.52955500864,72.11380370314885,184.790022966593,10.810648579651144,287.73855549184216,0.0,72.11380370314882,98.58503695249169,0.0,0.0,20.89319607454437,-311.2542323805445,20.768046468668638,-73.75517322395118,20.61689797562478,-217.4486556202046,20.551873715803013,34.93144531506762,18.200458628024316,5.394869667042948,19.631868514029294,-109.5583011658012,18.657858874949594,38.87202207094894,18.78192228138728,-42.16065560194819,17.845300718613978,-75.4419534091145,450.0394776696855,541.7705440411666,0.0,0.0,0.0,0.0,0.0,0.0,0.0,0.0,0.0,0.0,0.0,0.0,0.0,0.0,0.0,0.0,0.0,0.0,0.0,0.0,0.0,0.0,0.9545400206327697,0.29137363267178559,165.9711703424058,196.0676294088793,3627.388007837574,0.18503251602591629,0.028240615999071466,98.93449112415373,116.87704417979484,2141.0123175068349,1.0509095674551177,0.19858457434903965,136.08692419190408,160.8054669375239,2965.7767098553738,0.20674697371567803,0.039067833279606559,144.32924599329153,170.62860473923076,3083.0006137981038,0.0,0.0,7.651051554116992,9.118763747070475,122.84962795712818,0.0,0.0,60.57280037903715,71.82521309675961,1137.0974321465786,0.0,0.0,255.82030438577196,304.20832177707708,4407.324360032287,0.0,0.0,22.444628284917934,26.650212471280289,410.0267707721134,0.0,0.0,168.89175486720183,201.67726127717513,2512.140711763762,27.578139287927713,18.915047522584169,214.30013031206739,254.34142236578882,4657.881887907766,0.0,0.0,169.14847805135015,202.18650211837167,2421.7939606595375,0.0,21.057697837338507,43.91754901657691,21.33333333333333,30.0,0.0,21.058823886900684,43.9264018710239,15.999999999999999,30.0,0.0,21.024854016392014,43.96086827764697,21.33333333333333,30.0,0.0,20.913107127185165,44.28550053975368,15.999999999999999,30.0,0.0,18.216318135155228,51.64735384909098,11.999999999999997,30.0,0.0,19.60916941780677,49.446927795747317,15.999999999999999,30.0,0.0,18.815241690181766,50.78212382497315,9.999999999999999,30.0,0.0,19.32417613189426,49.44703546402998,11.999999999999997,30.0,0.0,17.61360192778345,54.45621137351619,11.999999999999997,30.0,0.0,19.635061826988136,0.0,0.0,0.0,17.31452055944693,0.0,0.0,663.2172745694726,661.2863601465042,652.1306574481238,662.0820296868373,671.1432800392299,793.7669267968682,712.3244501287979,729.5345579512119,700.7027884777976,0.0,80.92301301275204,80.92301301275204,60.0,0.0,60.0,60.0,16.0,16.0,16.0,12.0,12.0,12.0,21.0,10.0,0.0,0.0,0.0,0.0,0.0,0.0,0.0,0.0,0.0,0.0,0.0,0.0,0.0,80.92301301275204,80.92301301275204,0.0,0.0,0.0,80.92301301275204,0.0,0.0,0.00158 
 03/31  09:20:00,10.48,85.0,2.6833333333333337,187.0,349.5,0.0,0.0,0.0,0.0,0.0,0.0,0.0,0.0,0.0,0.0,2478.0,0.0,412.574602049375,74.86475690888706,191.83933923913853,12.371214371355603,329.27537480489988,0.0,74.86475690888703,102.34579854757637,0.0,0.0,20.534488599848264,-83.38715529117812,20.58082625516652,-181.8582908177382,20.344532718283476,-114.65434061769622,20.37453816360532,-65.52208350597218,18.198707177624305,4.4747216972327898,19.58684342775694,-93.5344936654115,18.601925573231598,24.29515486205188,18.498452642037927,-14.604873022857112,17.88876016069471,-74.33232284158595,385.7550691024055,443.98918595640466,0.0,0.0,0.0,0.0,0.0,0.0,0.0,0.0,0.0,0.0,0.0,0.0,0.0,0.0,0.0,0.0,0.0,0.0,0.0,0.0,0.0,0.0,0.9294903010896222,0.2837271981348053,131.47150756499674,155.27490580219684,2658.8813892427417,0.16795487819486513,0.025634138918630209,63.8727777438605,75.36208699960922,1291.440051167127,0.9028402483921497,0.17060473325626417,88.5542908931632,104.57513933275726,1798.2742212756526,0.17994573246527804,0.03400335080598601,82.03781522704095,96.92102755978677,1657.630606246937,0.0,0.0,6.993317312147354,8.326657236235846,109.07454133825519,0.0,0.0,56.344219212176849,66.78214784290455,1019.3808573948243,0.0,0.0,236.69028429203525,281.30635217352678,3926.422967084128,0.0,0.0,16.106173400947197,19.142820453415735,270.6146781640762,0.0,0.0,154.6282419870015,184.43667262568756,2252.4507769994718,27.229018473376386,18.67559566075198,127.76995712404436,151.60314227690453,2692.952318897328,0.0,0.0,154.13865799422718,184.05566993539154,2152.170541922389,0.0,20.540996000768759,45.278576749834879,21.999999999999994,29.999999999999998,0.0,20.645936578318826,44.9402757580693,15.999999999999997,29.999999999999998,0.0,20.56313469109973,45.187729031387707,21.999999999999994,29.999999999999998,0.0,20.567662312020823,45.20587008056215,15.999999999999997,29.999999999999998,0.0,18.21607333468129,52.00107272753925,11.999999999999997,29.999999999999998,0.0,19.495967446141237,48.79693580252851,15.999999999999997,29.999999999999998,0.0,18.722677393522046,51.01412496347924,9.999999999999999,29.999999999999998,0.0,18.816157655380779,50.82397107141783,11.999999999999997,29.999999999999998,0.0,17.691772904940178,54.45587612026617,11.999999999999997,29.999999999999998,0.0,19.144419883236428,0.0,0.0,0.0,17.36689729462168,0.0,0.0,645.3776698456084,629.4175776919844,638.7468851750637,648.4799317697869,684.0400814309933,720.2744665751275,701.5621114149847,715.753484089279,710.8129278035063,0.0,80.92301301275204,80.92301301275204,59.99999999999999,0.0,59.99999999999999,59.99999999999999,16.0,16.0,16.0,12.0,12.0,12.0,21.0,10.0,0.0,0.0,0.0,0.0,0.0,0.0,0.0,0.0,0.0,0.0,0.0,0.0,0.0,80.92301301275204,80.92301301275204,0.0,0.0,0.0,80.92301301275204,0.0,0.0,0.0015766666666666668 
 03/31  09:30:00,10.71,84.0,2.75,193.0,368.0,0.0,0.0,0.0,0.0,0.0,0.0,0.0,0.0,0.0,0.0,1652.0,0.0,473.67516939408599,77.61561960716107,198.88842618506804,14.203305551551822,378.0393085691205,0.0,77.61561960716102,106.10643641209566,0.0,0.0,20.300732644823954,-139.2478411529114,20.466094522001617,-123.1231825966795,20.191150681118289,-9.189993766150778,20.226990591731437,-85.88913111047134,18.198576780146099,3.839308923524456,19.58479950279297,-90.85775652985467,18.57434984296532,32.61480006448892,18.3200604340474,-4.723674097833253,17.924484807694669,-71.17840645610386,259.203015178045,363.7776317436701,0.0,0.0,0.0,0.0,0.0,0.0,0.0,0.0,0.0,0.0,0.0,0.0,0.0,0.0,0.0,0.0,0.0,0.0,0.0,0.0,0.0,0.0,0.8889066806758911,0.27133903561535135,108.77889010554489,128.5070571630235,2084.986645482974,0.163020578633033,0.024881040694907359,60.023955485241788,70.98513635220931,1162.8253382145645,0.860355929077843,0.1625767061749515,39.569685796570627,46.620091254771129,775.5861658483032,0.16750736349876625,0.03165294094836851,23.40297626396235,27.592231904895117,449.5639060576244,0.0,0.0,6.7021875791969809,7.972260291718701,101.48097475091552,0.0,0.0,54.9203886003767,65.04694788728944,963.494862817352,0.0,0.0,223.4364857719949,265.34335661356399,3586.7439820318079,0.0,0.0,10.958572834991362,13.026873663312767,172.6677118537836,0.0,0.0,142.10557299439035,169.30343554261288,2021.6810463219225,27.00573232304641,18.522450152981084,76.23978780473901,90.48676938434403,1663.9679601897354,0.0,0.0,140.8602621902457,168.00242789592543,1921.1567963639982,0.0,20.223495029077033,46.124525359549839,22.0,30.0,0.0,20.39334938901314,45.606576688294939,16.0,30.0,0.0,20.332587480638236,45.84434119283035,22.0,30.0,0.0,20.304706641610104,45.957217485261399,16.0,30.0,0.0,18.21804994168484,52.205954278398539,12.0,30.0,0.0,19.449231551742355,48.77464729113175,16.0,30.0,0.0,18.683851441729894,51.10424427538184,10.0,30.0,0.0,18.52301018309538,51.71724084961929,12.0,30.0,0.0,17.75231564240185,54.257749539804027,12.0,30.0,0.0,18.739263965662056,0.0,0.0,0.0,17.43860958700303,0.0,0.0,620.0068469427088,618.5138997904367,635.2436941304726,641.9309808409639,689.6032054591126,703.5134779901695,693.7208857127232,710.1470778174403,706.4511933457247,0.0,80.92301301275205,80.92301301275205,60.0,0.0,60.0,60.0,16.0,16.0,16.0,12.0,12.0,12.0,21.0,10.0,0.0,0.0,0.0,0.0,0.0,0.0,0.0,0.0,0.0,0.0,0.0,0.0,0.0,80.92301301275205,80.92301301275205,0.0,0.0,0.0,80.92301301275205,0.0,0.0,0.0015733333333333335 
 03/31  09:40:00,10.94,83.0,2.816666666666667,196.83333333333335,373.1666666666667,0.0,0.0,0.0,0.0,0.0,0.0,0.0,0.0,0.0,0.0,1652.0,0.0,532.8772164117604,79.25691778068499,203.0942516255024,15.978461111139403,425.28795100644489,0.0,79.25691778068495,108.35021544992013,0.0,0.0,20.059884632344784,-37.934450289642047,20.432765664104097,-227.25953962720997,20.02148335791009,-181.44472168993617,20.058800509942367,-120.52247673100973,18.19984435163733,3.1783528170582269,19.60812226990148,-89.6815045158859,18.549854125308835,16.393420031067778,18.197919840632676,-11.268695949949735,17.96601841862741,-47.92772727686089,414.66134578945289,291.36769319714235,0.0,0.0,0.0,0.0,0.0,0.0,0.0,0.0,0.0,0.0,0.0,0.0,0.0,0.0,0.0,0.0,0.0,0.0,0.0,0.0,0.0,0.0,0.8252496144392543,0.2519076967152792,334.01443693205888,394.8570165273168,6015.499378470893,0.12943428755927345,0.01975492789366201,164.990929528479,194.6822765523332,3065.531466818629,0.8075961413684237,0.1526069806062782,304.48642036425488,360.0263315263069,5574.615911613304,0.14629312329298978,0.027644203192174936,164.2166881446371,194.25176661020618,2978.656937261416,0.0,0.0,6.105989264488704,7.264535709892799,89.68320092923836,0.0,0.0,55.431809005045369,65.66269984281219,946.1812169422988,0.0,0.0,204.7201151723395,243.15812872452893,3178.611720743959,0.0,0.0,7.893404843512613,9.387329712540615,117.74165845948426,0.0,0.0,124.88690495066985,148.73828851287568,1736.5456355982397,26.6368342048631,18.269433611017229,451.48279693500725,534.9698739820515,8021.633420097332,0.0,0.0,127.55959351984771,152.0747279558047,1704.8359620927254,0.0,19.895553448109199,47.07237931094925,22.000000000000008,30.00000000000001,0.0,20.283097707914054,45.90275598757546,16.000000000000008,30.00000000000001,0.0,20.05456531332684,46.578005182751308,22.000000000000008,30.00000000000001,0.0,20.008129074471154,46.751054291407537,16.000000000000008,30.00000000000001,0.0,18.222404303417549,52.30017674049685,12.000000000000004,30.00000000000001,0.0,19.442040862552717,48.712932230489538,16.000000000000008,30.00000000000001,0.0,18.649850033148029,51.1377209426138,10.000000000000004,30.00000000000001,0.0,18.33543862557204,52.300834948060359,12.000000000000004,30.00000000000001,0.0,17.82298071981775,53.92932547502121,12.000000000000004,30.00000000000001,0.0,19.319650695307894,0.0,0.0,0.0,17.534834888464866,0.0,0.0,615.7476748363238,601.9729004509613,605.9332181559121,616.3662215989585,688.346948335098,686.2013720876622,676.2436245944134,704.7262421959897,689.5014552591574,0.0,80.92301301275208,80.92301301275208,60.00000000000002,0.0,60.00000000000002,60.00000000000002,16.0,16.0,16.0,12.0,12.0,12.0,21.0,10.0,0.0,0.0,0.0,0.0,0.0,0.0,0.0,0.0,0.0,0.0,0.0,0.0,0.0,80.92301301275208,80.92301301275208,0.0,0.0,0.0,80.92301301275208,0.0,0.0,0.00157 
 03/31  09:50:00,11.17,82.0,2.8833333333333335,200.66666666666669,378.33333333333339,0.0,0.0,0.0,0.0,0.0,0.0,0.0,0.0,0.0,0.0,826.0,0.0,596.4321814943703,80.87132287470625,207.23116379421146,17.884136441596565,476.0106070508911,0.0,80.87132287470621,110.55722960917224,0.0,0.0,20.014450762133764,-53.7667578052351,20.373921508319467,-153.4064053498155,19.932930555623643,23.951722442971005,19.96453742891304,-117.41901667302682,18.203801396282786,2.911177346559043,19.6512520139367,-102.39275736406217,18.551151640532824,47.186469025738009,18.090854323039669,-9.801584180796397,18.002370923168109,-52.280445780844278,333.393805239044,233.91019198383675,0.0,0.0,0.0,0.0,0.0,0.0,0.0,0.0,0.0,0.0,0.0,0.0,0.0,0.0,0.0,0.0,0.0,0.0,0.0,0.0,0.0,0.0,0.7602759979350054,0.23207448044414087,161.80620993440943,190.85411679151918,2841.448980400698,0.1317286871563709,0.02010511098235209,95.94195133224125,113.07757837960354,1721.6602971698624,0.8101563980865679,0.15309077817206505,210.78839373806097,248.5751496592051,3721.4733526679835,0.15250431326231,0.028817897441857516,96.13291945824943,113.40611179564391,1675.1306820790185,0.0,0.0,6.354858690583803,7.538418924726886,90.55295814530789,0.0,0.0,56.00263374748852,66.151641019589,932.5678551157963,0.0,0.0,203.23570620678999,240.7189745828388,3070.597811924344,0.0,0.0,8.994479481730533,10.671247336671583,127.13039248973172,0.0,0.0,118.24777491213442,140.4357224712879,1603.0855752146056,26.528689912044429,18.195260570675197,210.50506892420808,248.97566662889916,3771.1827346298575,0.0,0.0,121.86213473966409,144.83280529078696,1605.184022197385,0.0,19.904300393831865,46.97676713562367,22.0,30.0,0.0,20.131970728113659,46.32992567221668,16.0,30.0,0.0,19.960299612963298,46.93493728215361,22.0,30.0,0.0,19.86248775944332,47.137981324200968,16.0,30.0,0.0,18.23107389119,52.35052118494771,12.0,30.0,0.0,19.46024101668548,48.62094571445663,16.0,30.0,0.0,18.66937235703838,51.05127710255519,10.0,30.0,0.0,18.17237660380295,52.7925276701889,12.0,30.0,0.0,17.87873974236764,53.693024827180568,12.0,30.0,0.0,19.108228876546265,0.0,0.0,0.0,17.669720629786125,0.0,0.0,586.3805264422509,587.0649136014603,635.9075142187328,594.9679386271489,683.9056917938798,675.4893689534008,672.6990805941872,695.7701259020945,680.7559027219005,0.0,80.92301301275205,80.92301301275205,60.0,0.0,60.0,60.0,16.0,16.0,16.0,12.0,12.0,12.0,21.0,10.0,0.0,0.0,0.0,0.0,0.0,0.0,0.0,0.0,0.0,0.0,0.0,0.0,0.0,80.92301301275205,80.92301301275205,0.0,0.0,0.0,80.92301301275205,0.0,0.0,0.00156 
 03/31  10:00:00,11.4,81.0,2.95,204.5,383.5,0.0,0.0,0.0,0.0,0.0,0.0,0.0,0.0,0.0,0.0,826.0,0.0,690.7779126620003,83.28985419505281,213.42860273375187,20.713056470173176,551.3070296855176,0.0,83.28985419505277,113.86354528444308,0.0,0.0,19.987299861793038,14.968136771266473,20.355019227800839,-261.82257839460638,19.809329021919873,-126.14824192942524,19.962050060409994,-11.122656565623857,18.212593578395479,3.3000952906823786,19.72521132315017,-95.34345115688052,18.535032561373748,31.60476343906521,18.021925529962773,-9.556577617237565,18.037358259241267,-38.464823784594958,321.8239865781179,208.55216112662584,0.0,0.0,0.0,0.0,0.0,0.0,0.0,0.0,0.0,0.0,0.0,0.0,0.0,0.0,0.0,0.0,0.0,0.0,0.0,0.0,0.0,0.0,0.7316398465544307,0.22333328649402649,169.64674648727979,200.0786694463374,2915.1820787427516,0.11625472837602147,0.01774339566178594,144.44809798564473,170.32907131822823,2490.3526883031129,0.7289082033382377,0.1377377557328492,108.29431793477738,127.80647887791096,1824.777931166536,0.15114195554118216,0.028560460230760037,98.89970523028902,116.66019152497106,1684.2423527459455,0.0,0.0,6.0341397801403879,7.157928295599927,83.367049795615,0.0,0.0,54.44575708346924,64.30440219335076,887.3496092931548,0.0,0.0,202.35837608778125,239.71734445278706,2952.9015273672009,0.0,0.0,12.416561725255896,14.736921744917192,167.47162215134373,0.0,0.0,117.98771661835065,140.10932364852929,1557.1894608155984,26.350113303090994,18.072780043272294,206.68289686588896,244.46282825355426,3600.303239192297,0.0,0.0,125.43235639054788,148.98666379854985,1641.3143201314759,0.0,19.95092441982727,46.88647317356324,22.0,30.0,0.0,20.010993521560296,46.60794757060288,16.0,30.0,0.0,19.75922694498934,47.36976091566129,22.0,30.0,0.0,19.89620202854329,47.130887634101899,16.0,30.0,0.0,18.245583363260495,52.33974695054739,12.0,30.0,0.0,19.51446898581094,48.43357121450128,16.0,30.0,0.0,18.64139475898216,51.10142247035662,10.0,30.0,0.0,18.07861069394411,53.062178865445378,12.0,30.0,0.0,17.931314643286954,53.4994310275949,12.0,30.0,0.0,19.10841673623114,0.0,0.0,0.0,17.860552662511357,0.0,0.0,597.9831501556583,556.2961655445404,565.8527346407863,635.6792496248086,680.9297884555643,672.3403012608942,658.2188625335164,685.9811502245058,673.9278118795921,0.0,80.92301301275205,80.92301301275205,60.0,0.0,60.0,60.0,16.0,16.0,16.0,12.0,12.0,12.0,21.0,10.0,0.0,0.0,0.0,0.0,0.0,0.0,0.0,0.0,0.0,0.0,0.0,0.0,0.0,80.92301301275205,80.92301301275205,0.0,0.0,0.0,80.92301301275205,0.0,0.0,0.00155 
 03/31  10:10:00,11.606666666666666,80.5,2.8783333333333336,208.33333333333335,388.6666666666667,0.0,0.0,0.0,0.0,0.0,0.0,0.0,0.0,0.0,0.0,826.0,0.0,762.8598035578832,84.75908829330128,217.1935193042023,22.874406730069539,608.8349257267632,0.0,84.75908829330123,115.87209968637043,0.0,0.0,19.84558095546564,-62.43813133432468,20.418966832254676,-168.98704182869325,19.815645334796089,20.765091560522707,19.87731124183867,-135.01586919468765,18.222652393266544,3.327033739877521,19.801828501202189,-109.95628064305493,18.554209918025216,49.96416258543377,17.971816210890965,-4.368070921943286,18.083731413609884,-12.566906471026869,293.0717608874238,155.90337193573942,0.0,0.0,0.0,0.0,0.0,0.0,0.0,0.0,0.0,0.0,0.0,0.0,0.0,0.0,0.0,0.0,0.0,0.0,0.0,0.0,0.0,0.0,0.6912629607465163,0.2110082297761039,157.89615795309789,186.34765348874977,2582.573139630568,0.12006673391089622,0.018325203588354125,87.33568666526982,102.95663699005039,1480.2400301154872,0.7438165149565652,0.14055489700615374,212.23983159440034,250.39745072952287,3507.50580518152,0.13887669511329088,0.026242761737205374,98.11897154256451,115.7997696785429,1599.2879090418929,0.0,0.0,6.1921033776874199,7.3445138633712399,83.17397914963837,0.0,0.0,56.52404625222759,66.74399345786962,903.7152401964571,0.0,0.0,199.83903824463602,236.6841497344932,2851.2882718120306,0.0,0.0,14.242290989611508,16.906743454065646,184.43182105625443,0.0,0.0,109.32749966870911,129.7872430950164,1413.0600126723296,25.850695026833696,17.730243502629429,211.87038443426514,250.62011420565387,3556.023155515054,0.0,0.0,118.86515779995801,141.10829104669248,1540.760110124,0.0,19.73957075975276,47.455582339065369,22.0,30.0,0.0,20.069203854818384,46.50791537766259,16.0,30.0,0.0,19.833909842359703,47.272289892406337,22.0,30.0,0.0,19.735234448544995,47.50894101570239,16.0,30.0,0.0,18.262271998981029,52.296784673388909,12.0,30.0,0.0,19.56839213980326,48.23686180397533,16.0,30.0,0.0,18.688027403484413,50.94049021651862,10.0,30.0,0.0,18.01689440605886,53.22654022300828,12.0,30.0,0.0,18.00442461725882,53.225349371202749,12.0,30.0,0.0,19.069710820776014,0.0,0.0,0.0,18.009781011116368,0.0,0.0,570.5124241099298,570.209731755596,616.3083809070381,579.431725218496,675.2496049518578,661.3523373049869,655.565539224955,679.2959581318235,671.3341446903588,0.0,80.92301301275205,80.92301301275205,60.0,0.0,60.0,60.0,16.0,16.0,16.0,12.0,12.0,12.0,21.0,10.0,0.0,0.0,0.0,0.0,0.0,0.0,0.0,0.0,0.0,0.0,0.0,0.0,0.0,80.92301301275205,80.92301301275205,0.0,0.0,0.0,80.92301301275205,0.0,0.0,0.0015400000000000002 
 03/31  10:20:00,11.813333333333335,80.0,2.806666666666667,212.16666666666667,393.8333333333333,0.0,0.0,0.0,0.0,0.0,0.0,0.0,0.0,0.0,0.0,826.0,0.0,836.3192460892585,86.20524321523702,220.8992949660831,25.07706188449634,667.4622275529907,0.0,86.20524321523698,117.84910310453624,0.0,0.0,19.864712961554518,37.13583779194414,20.42024534601571,-313.61954785618948,19.704304411350447,-125.48458127490903,19.89281252447563,-11.625388969365759,18.23501925656187,3.5273294988672889,19.894196819873977,-109.64011317667291,18.548321433522074,41.77768687393109,17.935614604556525,1.0536924199922169,18.132985273392657,2.110406420820709,295.60470401298155,121.5833843512246,0.0,0.0,0.0,0.0,0.0,0.0,0.0,0.0,0.0,0.0,0.0,0.0,0.0,0.0,0.0,0.0,0.0,0.0,0.0,0.0,0.0,0.0,0.6647100530292621,0.20290294659012887,206.13408790701778,243.16060804742495,3331.9706462309516,0.09210911376114108,0.014058167545961703,173.6681101561484,204.7895876581743,2835.7621840277126,0.6697003278792276,0.1265495706498919,116.46640574404468,137.48870644753888,1837.827493505653,0.139193705055242,0.02630266535435411,96.55518203352625,113.92202728473957,1545.8961163660222,0.0,0.0,5.834186132375309,6.919183364908204,76.15884462379846,0.0,0.0,57.66799489402404,68.0739383018532,906.7340661129125,0.0,0.0,194.37746628315666,230.21314352373975,2688.991800130097,0.0,0.0,15.691257562867124,18.62864379394144,195.40528802048838,0.0,0.0,105.55518815706347,125.27230648303906,1335.5801603879546,25.325868576543724,17.370280230825605,246.65083011750523,291.67246062834718,3993.0652357794917,0.0,0.0,116.85168466619995,138.62533141543919,1507.72347992957,0.0,19.863734945219833,47.1281832873794,22.0,30.0,0.0,19.97060482889354,46.79004062082943,16.0,30.0,0.0,19.646763486441548,47.754686700349378,22.0,30.0,0.0,19.799642783397848,47.378125521977278,16.0,30.0,0.0,18.281594985571368,52.237085876764968,12.0,30.0,0.0,19.645282929386704,47.983941391891438,16.0,30.0,0.0,18.67873081899958,50.94171959567556,10.0,30.0,0.0,17.976431801961995,53.31585239828037,12.0,30.0,0.0,18.077842434441913,52.940989973228337,12.0,30.0,0.0,19.140324842208089,0.0,0.0,0.0,18.19126713586225,0.0,0.0,580.8732483923367,550.519910837805,557.5978112017846,616.3760142791923,670.2700965015109,654.7017008986385,647.161529538647,668.7059369370107,660.0251338613593,0.0,80.92301301275205,80.92301301275205,60.0,0.0,60.0,60.0,16.0,16.0,16.0,12.0,12.0,12.0,21.0,10.0,0.0,0.0,0.0,0.0,0.0,0.0,0.0,0.0,0.0,0.0,0.0,0.0,0.0,80.92301301275205,80.92301301275205,0.0,0.0,0.0,80.92301301275205,0.0,0.0,0.0015466666666666665 
 03/31  10:30:00,12.02,79.5,2.7350000000000005,216.0,399.0,0.0,0.0,0.0,0.0,0.0,0.0,0.0,0.0,0.0,0.0,826.0,0.0,910.4471600022938,87.62968811712806,224.54943792478884,27.299760508928423,726.6230257904913,0.0,87.62968811712801,119.7964272793611,0.0,0.0,19.770465619610719,-26.363917059235975,20.511051751864707,-211.56644342111759,19.72522199619277,23.805674156103124,19.835569393916239,-119.1545967946895,18.24972496223857,3.7001934070745507,19.99075372816128,-125.45580313526625,18.583077962413815,64.6507867586979,17.91250944342344,8.360293640717487,18.185598098221577,18.911233790525786,258.411588927358,76.4896433096701,0.0,0.0,0.0,0.0,0.0,0.0,0.0,0.0,0.0,0.0,0.0,0.0,0.0,0.0,0.0,0.0,0.0,0.0,0.0,0.0,0.0,0.0,0.6227941068856966,0.19010809123495013,165.11345831148339,194.85287815943668,2557.5019239863675,0.10010005068915158,0.015277785514217275,113.9767900575087,134.35015066381818,1835.2385046294253,0.7009151816385176,0.13244806909269048,225.62963189017797,266.2537857414318,3499.1503698635899,0.13010956063296692,0.02458608477569291,100.72944027793644,118.88814552448233,1548.189611626029,0.0,0.0,6.096756309926271,7.22969615919054,77.31069931062021,0.0,0.0,59.7126982174858,70.46671287126839,922.7519498357696,0.0,0.0,191.7051456434169,226.9820473908534,2599.4598210158098,0.0,0.0,17.64276033840906,20.946058423231216,211.6421935852977,0.0,0.0,97.46705079439919,115.63751326299296,1207.4586310917994,24.85996726596308,17.050732006833394,225.28189230267496,266.4466880347242,3536.6319259874328,0.0,0.0,109.58918848462622,129.93044217389844,1403.9456673943992,0.0,19.726776137131045,47.53964150716211,22.0,30.0,0.0,20.064078155684883,46.58244994890528,16.0,30.0,0.0,19.74175317849319,47.52014207467927,22.0,30.0,0.0,19.685103453566744,47.70281398455788,16.0,30.0,0.0,18.303471086644359,52.160951832990559,12.0,30.0,0.0,19.719344005147986,47.74099903014134,16.0,30.0,0.0,18.750898274599306,50.69020289149182,10.0,30.0,0.0,17.955938280426289,53.35272627617871,12.0,30.0,0.0,18.15502091938445,52.66651158672614,12.0,30.0,0.0,19.074923887122567,0.0,0.0,0.0,18.35617865141297,0.0,0.0,560.2587733406933,559.6176119762483,597.8195529447721,566.7308357600921,664.3522695914431,647.2664670505737,640.3850005654737,661.2986600694541,655.3967379111166,0.0,80.92301301275205,80.92301301275205,60.0,0.0,60.0,60.0,16.0,16.0,16.0,12.0,12.0,12.0,21.0,10.0,0.0,0.0,0.0,0.0,0.0,0.0,0.0,0.0,0.0,0.0,0.0,0.0,0.0,80.92301301275205,80.92301301275205,0.0,0.0,0.0,80.92301301275205,0.0,0.0,0.0015533333333333333 
 03/31  10:40:00,12.226666666666667,79.0,2.6633333333333337,210.16666666666667,393.5,0.0,0.0,0.0,0.0,0.0,0.0,0.0,0.0,0.0,0.0,826.0,0.0,953.911326119531,85.85188710216768,219.99388677217889,28.603005370403488,761.3112372385613,0.0,85.85188710216764,117.36603850836366,0.0,0.0,19.796257721992825,50.27034311169609,20.534494316657299,-336.82487681031309,19.659121311963209,-78.04753358839707,19.854244665606115,-15.81143849187356,18.264034368724503,4.212581449899943,20.088564608204324,-125.35401036649091,18.593049351273629,58.80373539186439,17.898243252398989,15.501034017535972,18.237964578245117,32.84714419300644,253.1306045559977,49.338610139139749,0.0,0.0,0.0,0.0,0.0,0.0,0.0,0.0,0.0,0.0,0.0,0.0,0.0,0.0,0.0,0.0,0.0,0.0,0.0,0.0,0.0,0.0,0.59003340630849,0.18010787738354398,183.98277898163688,217.02429488210619,2812.516927405005,0.07193669814976415,0.010979349534457289,179.6211810076252,211.75401029343375,2797.934664211165,0.6511511026700851,0.12304442605254826,65.64266243580195,77.4840220366974,984.0627948458216,0.131834367952259,0.024912012084705019,72.51209368806083,85.56078157329837,1094.2393502492219,0.0,0.0,5.819941520607662,6.900609259498423,71.62468247413419,0.0,0.0,60.397604695541648,71.25027306415676,918.7506817924043,0.0,0.0,188.65402980781966,223.3477746504055,2485.128528235013,0.0,0.0,18.920774485613845,22.462918209897685,218.84108070800787,0.0,0.0,96.49226688179025,114.44602175940949,1169.7334220059577,24.374981737660666,16.71809447027481,211.3693046266893,249.94070339532096,3253.9994909510385,0.0,0.0,109.30852263562029,129.50545155422138,1396.7448170346198,0.0,19.840230582241177,47.24369419052088,22.0,30.0,0.0,20.011033367200466,46.7850211457899,16.0,30.0,0.0,19.63814714409682,47.88854092689566,22.0,30.0,0.0,19.750485752799187,47.50677432671648,16.0,30.0,0.0,18.32500049254049,52.08132123274343,12.0,30.0,0.0,19.80803055077924,47.45766159714099,16.0,30.0,0.0,18.765630106840818,50.634192684864569,10.0,30.0,0.0,17.94931080886481,53.344286185870618,12.0,30.0,0.0,18.231464525503858,52.38818472691958,12.0,30.0,0.0,19.11564993165701,0.0,0.0,0.0,18.551000780992387,0.0,0.0,564.4916526102065,544.3375046041715,557.4519912582658,597.0389415811974,658.4349457357009,639.3191417626734,632.9632939738273,653.3487833014431,648.014730403796,0.0,80.92301301275205,80.92301301275205,60.0,0.0,60.0,60.0,16.0,16.0,16.0,12.0,12.0,12.0,21.0,10.0,0.0,0.0,0.0,0.0,0.0,0.0,0.0,0.0,0.0,0.0,0.0,0.0,0.0,80.92301301275205,80.92301301275205,0.0,0.0,0.0,80.92301301275205,0.0,0.0,0.00156 
 03/31  10:50:00,12.433333333333336,78.5,2.591666666666667,204.33333333333335,388.0,0.0,0.0,0.0,0.0,0.0,0.0,0.0,0.0,0.0,0.0,826.0,0.0,993.4998925555469,84.03436079150369,215.33653797229074,29.79004185792857,792.9063694916933,0.0,84.03436079150365,114.88134224637588,0.0,0.0,19.749941134362755,13.860663772151384,20.610247278197045,-274.9153176002128,19.6734847002639,21.853847404995578,19.81931747759965,-93.12221259853414,18.278919755533744,4.653538031113612,20.183018052916937,-138.45233849232319,18.63082981443454,77.21892006763665,17.89303899814238,24.064918517484558,18.29130393561315,47.187699601397529,225.59416356830935,14.601410432195735,0.0,0.0,0.0,0.0,0.0,0.0,0.0,0.0,0.0,0.0,0.0,0.0,0.0,0.0,0.0,0.0,0.0,0.0,0.0,0.0,0.0,0.0,0.5668786958562533,0.1730398949500163,162.7160876157721,191.96154201611095,2403.4414034120266,0.07907981382904518,0.012069568655226676,141.7812747567641,167.0931047285277,2169.9285464696465,0.6568731052372593,0.12412568126176484,201.8512050350937,238.19774920050078,2949.4522841677405,0.1259756820582339,0.023804928582432703,76.56399209857199,90.35598742062975,1113.3475528597388,0.0,0.0,6.0354463513964629,7.155270980255246,72.0195428583359,0.0,0.0,62.150732103846248,73.29481692653663,929.4444484671876,0.0,0.0,186.34107762642203,220.54566096047302,2403.2108182282624,0.0,0.0,20.095359379187469,23.855801902977598,224.32761103481503,0.0,0.0,90.23428213485583,106.99073949537483,1069.955446357386,23.938996634566498,16.419064907110088,201.5567435618464,238.349002670614,3003.2324081159729,0.0,0.0,103.54033973413439,122.592994805389,1315.2375219220945,0.0,19.78672032373237,47.456232037654377,22.0,30.0,0.0,20.08267944702944,46.64744646066485,16.0,30.0,0.0,19.707357633459066,47.641889174765299,22.0,30.0,0.0,19.683199719964386,47.81067086255434,16.0,30.0,0.0,18.346407334138044,52.00129380234409,12.0,30.0,0.0,19.888655045530876,47.21244328915313,16.0,30.0,0.0,18.836666223353889,50.39715092971099,10.0,30.0,0.0,17.956227013432554,53.29380506104806,12.0,30.0,0.0,18.30822045445705,52.114854207045308,12.0,30.0,0.0,19.080106450959656,0.0,0.0,0.0,18.724231492346854,0.0,0.0,551.203953934834,548.0012887065303,578.2767496795141,557.8394527812073,651.9479459151646,632.1706535700287,626.7754563641752,645.7811062943789,641.0629483544899,0.0,80.92301301275205,80.92301301275205,60.0,0.0,60.0,60.0,16.0,16.0,16.0,12.0,12.0,12.0,21.0,10.0,0.0,0.0,0.0,0.0,0.0,0.0,0.0,0.0,0.0,0.0,0.0,0.0,0.0,80.92301301275205,80.92301301275205,0.0,0.0,0.0,80.92301301275205,0.0,0.0,0.0015666666666666666 
 03/31  11:00:00,12.64,78.0,2.52,198.5,382.5,0.0,0.0,0.0,0.0,0.0,0.0,0.0,0.0,0.0,0.0,826.0,0.0,1029.0897895580613,82.18210398367624,210.59019049212706,30.857179801001075,821.3102020678296,0.0,82.1821039836762,112.34916676168153,0.0,0.0,19.762820255237199,54.14877496922054,20.647332794167747,-357.50325457920737,19.660646746887836,-0.5429216702264057,19.839138351604058,-12.744945688293456,18.294719233367237,5.3014444873861639,20.280711995086663,-140.0928399905897,18.65394474567409,76.37294616041345,17.894344946568507,31.711610363778619,18.345381346860394,60.385651484802568,207.53288208303639,-8.28002634116092,0.0,0.0,0.0,0.0,0.0,0.0,0.0,0.0,0.0,0.0,0.0,0.0,0.0,0.0,0.0,0.0,0.0,0.0,0.0,0.0,0.0,0.0,0.5573021177444126,0.17011664155812354,185.52594023255564,218.80673103035694,2686.644454796499,0.057784204691455117,0.008819323060356398,181.67323387502558,214.1055799873643,2697.6033560402486,0.6142988628277535,0.11608066191000637,97.26162303291092,114.7687092289721,1384.6083015764087,0.12779866262233245,0.024149407147077176,9.182106136670602,10.833424067839044,132.37416363079627,0.0,0.0,5.887445668127523,6.97895988380324,68.05849221378868,0.0,0.0,62.77376652099854,74.00400704443104,923.4839930226004,0.0,0.0,184.52590403943649,218.36044928357618,2315.8086130929707,0.0,0.0,20.92759373576802,24.841344050535967,225.53297638486564,0.0,0.0,89.41386668377986,105.98524811131766,1036.5103017003792,23.470241210768078,16.097559129470566,157.11244564991658,185.78302575668907,2328.3220182531888,0.0,0.0,103.17390222525559,122.07747057081065,1304.5533433227882,0.0,19.854640909786978,47.314368126478317,22.0,30.0,0.0,20.0628951023455,46.809181792387217,16.0,30.0,0.0,19.705423493094643,47.707538894036478,22.0,30.0,0.0,19.742321098077178,47.6364415489676,16.0,30.0,0.0,18.36836798616147,51.91910810935898,12.0,30.0,0.0,19.976195684230395,46.94802909944457,16.0,30.0,0.0,18.87162129248341,50.288484467667988,10.0,30.0,0.0,17.97155873734888,53.224803778185087,12.0,30.0,0.0,18.384781356060118,51.85265326658861,12.0,30.0,0.0,19.075074400991018,0.0,0.0,0.0,18.906024131988354,0.0,0.0,552.74564084473,543.1508972205987,556.139035471317,569.1619557127881,645.6584965464998,625.3070454560336,619.3706696326558,638.2444666726686,634.0139252680348,0.0,80.92301301275205,80.92301301275205,60.0,0.0,60.0,60.0,16.0,16.0,16.0,12.0,12.0,12.0,21.0,10.0,0.0,0.0,0.0,0.0,0.0,0.0,0.0,0.0,0.0,0.0,0.0,0.0,0.0,80.92301301275205,80.92301301275205,0.0,0.0,0.0,80.92301301275205,0.0,0.0,0.0015733333333333335 
 03/31  11:10:00,12.851666666666669,76.83333333333333,2.4916666666666669,192.66666666666669,377.0,0.0,0.0,0.0,0.0,0.0,0.0,0.0,0.0,0.0,0.0,826.0,0.0,1060.656147897655,80.29924180216867,205.76541481373685,31.803673521334944,846.502887246522,0.0,80.29924180216864,109.77515141082759,0.0,0.0,19.74228456449886,41.163612070519778,20.71440535752995,-327.66520541488446,19.655759228754179,15.090702002809849,19.84226950692279,-38.1400092876147,18.311391789102275,5.897852165351168,20.375707547794734,-149.690946322743,18.690795786834955,88.5006140267351,17.90161120796096,39.75430669463071,18.398628174769106,70.85697107276747,193.86611598987839,-33.35852203631339,0.0,0.0,0.0,0.0,0.0,0.0,0.0,0.0,0.0,0.0,0.0,0.0,0.0,0.0,0.0,0.0,0.0,0.0,0.0,0.0,0.0,0.0,0.523861413013166,0.15990885623112517,161.78318006751943,190.79641437875208,2270.8909514646554,0.06268581397538596,0.009567431925425209,157.0969394260332,185.09393394256188,2282.6943854692269,0.6092619683014079,0.11512886778182315,146.26194565197336,172.5678735754299,2019.6633857752907,0.12099365575719179,0.022863502599620515,29.915564760342858,35.29201356321328,414.74715493145347,0.0,0.0,6.0212140442047199,7.136562590242145,67.30404632214219,0.0,0.0,64.04217963465743,75.47346704193569,925.2983621859911,0.0,0.0,182.37333526218706,215.75384188907786,2233.5566875092874,0.0,0.0,21.6690910765497,25.718001108704578,225.26465532686476,0.0,0.0,84.9848487067338,100.70420508005128,961.2329027710135,23.190191479374638,15.90548112439962,151.78214881343988,179.46573888415876,2182.7388194466905,0.0,0.0,99.07056059976086,117.14859724425073,1242.845045545078,0.0,19.8431925545903,47.445476931645639,22.0,30.0,0.0,20.11659631533417,46.71945339961694,16.0,30.0,0.0,19.720310722953366,47.713462445235787,22.0,30.0,0.0,19.749377175472146,47.689629778856978,16.0,30.0,0.0,18.390733750452509,51.83750331753092,12.0,30.0,0.0,20.058773708726365,46.71093027159035,16.0,30.0,0.0,18.934046521082388,50.09626453611654,10.0,30.0,0.0,17.994619488689215,53.132172416985827,12.0,30.0,0.0,18.458108750735339,51.60348375484246,12.0,30.0,0.0,19.078456094206066,0.0,0.0,0.0,19.072204783718406,0.0,0.0,548.5956769048356,548.8353685754427,558.3088078641761,565.1340755826819,639.0082535688296,618.366914007345,613.6510463957814,631.3550258880688,627.4946985218694,0.0,80.92301301275205,80.92301301275205,60.0,0.0,60.0,60.0,16.0,16.0,16.0,12.0,12.0,12.0,21.0,10.0,0.0,0.0,0.0,0.0,0.0,0.0,0.0,0.0,0.0,0.0,0.0,0.0,0.0,80.92301301275205,80.92301301275205,0.0,0.0,0.0,80.92301301275205,0.0,0.0,0.00158 
 03/31  11:20:00,13.063333333333335,75.66666666666667,2.4633333333333335,186.83333333333335,371.5,0.0,0.0,0.0,0.0,0.0,0.0,0.0,0.0,0.0,0.0,826.0,0.0,1088.2369321196935,78.3891231501066,200.87079240629846,32.63066137949132,868.514724259039,0.0,78.38912315010657,107.16387439828304,0.0,0.0,19.743561242031185,58.52976768415465,20.764007817185829,-372.18154507448346,19.644873315169578,12.153967327669307,19.846653817445004,-30.216211841544579,18.329028171591696,6.567743197275178,20.47140190960559,-153.58052752751429,18.721200440100686,90.73794663119497,17.913231626083375,47.04809434529466,18.45177882081071,81.57282638525067,199.26359881738063,-52.5554301297866,0.0,0.0,0.0,0.0,0.0,0.0,0.0,0.0,0.0,0.0,0.0,0.0,0.0,0.0,0.0,0.0,0.0,0.0,0.0,0.0,0.0,0.0,0.507304924888935,0.1548549831773306,180.66453386241393,213.02473268564385,2469.2311709264829,0.04759038829407049,0.007263490276872785,177.08761274834874,208.62447155590616,2501.9032492847488,0.5878002926838716,0.11107337352302944,136.3544889725649,160.8658417505804,1824.8402563899827,0.1168725365327819,0.022084757470291359,25.53231385271307,30.11750093855133,343.98659076266918,0.0,0.0,5.967727879592951,7.072192475793461,64.43349181890749,0.0,0.0,64.7759203868801,76.31102980020585,919.3260905075691,0.0,0.0,180.9811018186194,214.05949397493868,2155.7821611550577,0.0,0.0,22.268544683941064,26.42537212613381,223.22138155704503,0.0,0.0,83.67671451794563,99.12359759035529,922.7046054837341,22.88159019329523,15.693820434358875,166.96926836768854,197.36029096539043,2314.8576459934149,0.0,0.0,98.11514037276993,115.94706576070665,1220.531318991286,0.0,19.874960483201226,47.41461692330197,22.0,30.0,0.0,20.12859057020874,46.717298699499497,16.0,30.0,0.0,19.719635328911719,47.804182630706247,22.0,30.0,0.0,19.76341127510799,47.68167696986202,16.0,30.0,0.0,18.4136972190725,51.75719864456843,12.0,30.0,0.0,20.144941756893674,46.46814226074091,16.0,30.0,0.0,18.979772789040429,49.97079588718505,10.0,30.0,0.0,18.022455711675954,53.0330577764507,12.0,30.0,0.0,18.53034000958134,51.36855671017597,12.0,30.0,0.0,19.15152009394071,0.0,0.0,0.0,19.235215010941635,0.0,0.0,552.7889145710364,538.2681497766229,554.0786354014914,561.4139823533183,632.6073740304506,612.5108635699554,607.9996642865699,624.1830938921055,620.6383382720128,0.0,80.92301301275205,80.92301301275205,60.0,0.0,60.0,60.0,16.0,16.0,16.0,12.0,12.0,12.0,21.0,10.0,0.0,0.0,0.0,0.0,0.0,0.0,0.0,0.0,0.0,0.0,0.0,0.0,0.0,80.92301301275205,80.92301301275205,0.0,0.0,0.0,80.92301301275205,0.0,0.0,0.0015533333333333333 
 03/31  11:30:00,13.275,74.5,2.435,181.0,366.0,0.0,0.0,0.0,0.0,0.0,0.0,0.0,0.0,0.0,0.0,826.0,0.0,1111.9054729056809,76.4543994258596,195.91311743007666,33.34034217214422,887.4042376700596,0.0,76.45439942585957,104.51896038663419,0.0,0.0,19.7353124557182,58.97147033550755,20.83284477657989,-355.06029386267439,19.638378451723253,21.153967604098399,19.844092141081636,-38.17145614312676,18.347571561666685,7.189466163431831,20.564826637352746,-161.01596527297944,18.756918930703074,98.15663309364664,17.928472158539884,54.07828185671235,18.503528146072889,89.54605602337506,191.01174357703168,-70.985712598791,0.0,0.0,0.0,0.0,0.0,0.0,0.0,0.0,0.0,0.0,0.0,0.0,0.0,0.0,0.0,0.0,0.0,0.0,0.0,0.0,0.0,0.0,0.47678754041906326,0.14553954225246133,174.82786775446528,206.1251294890776,2316.635113590165,0.043177250110625797,0.0065899343880686509,171.38124800207459,201.8484068056987,2368.026873158195,0.5748010566440582,0.1086169797135409,153.2863734060877,180.82413518451473,1987.0241079784594,0.11422663997600199,0.021584777017385104,33.147050647722128,39.097117742107219,431.83754298044098,0.0,0.0,6.0168746343393979,7.129430685688188,62.67900769804408,0.0,0.0,65.83529153533323,77.532156728319,917.1191402040498,0.0,0.0,179.23555467218135,211.9409872455999,2078.379731258097,0.0,0.0,22.751818835556369,26.994296545094107,219.78250970141776,0.0,0.0,80.82753353485059,95.72012771504648,867.7634927839282,22.57553819296507,15.483908225627625,170.5405373582201,201.54716319154344,2283.4889634438729,0.0,0.0,95.46276773062802,112.74666663209809,1175.518188543521,0.0,19.879963286519755,47.43089203686118,22.0,30.0,0.0,20.186676105593098,46.57630798757901,16.0,30.0,0.0,19.726313684937446,47.83765678551846,22.0,30.0,0.0,19.761474762039766,47.741905037556559,16.0,30.0,0.0,18.43713605704922,51.680997091840477,12.0,30.0,0.0,20.227919708684558,46.24459610248572,16.0,30.0,0.0,19.03543799835748,49.812526408362639,10.0,30.0,0.0,18.054037656403407,52.92784549954108,12.0,30.0,0.0,18.598724855408837,51.15332601707355,12.0,30.0,0.0,19.18025946603515,0.0,0.0,0.0,19.38763635314935,0.0,0.0,542.6989884466735,540.0235897207369,556.3818310854462,555.3615643592889,626.3601274877505,606.5195550697855,603.7171231618794,617.7737857432431,614.66614846675,0.0,80.92301301275205,80.92301301275205,60.0,0.0,60.0,60.0,16.0,16.0,16.0,12.0,12.0,12.0,21.0,10.0,0.0,0.0,0.0,0.0,0.0,0.0,0.0,0.0,0.0,0.0,0.0,0.0,0.0,80.92301301275205,80.92301301275205,0.0,0.0,0.0,80.92301301275205,0.0,0.0,0.0015266666666666667 
 03/31  11:40:00,13.486666666666669,73.33333333333333,2.4066666666666669,182.16666666666667,403.16666666666665,0.0,0.0,0.0,0.0,0.0,0.0,0.0,0.0,0.0,0.0,826.0,0.0,1228.0019988054128,78.46483086355953,201.064928705696,36.82146374653844,980.0598962030667,0.0,78.46483086355949,107.26737258233486,0.0,0.0,19.74486817441926,74.71741085265694,20.932294955636985,-395.55529001206016,19.631421600950099,22.496289301194339,19.854536622494466,-24.42573211644367,18.376576287105203,7.674006262610618,20.699415913009334,-168.92377585964005,18.790308276946328,101.86301010875195,17.9481889819847,60.4932255163294,18.55712152609766,97.50777923979786,187.82561048694516,-87.46298195344298,0.0,0.0,0.0,0.0,0.0,0.0,0.0,0.0,0.0,0.0,0.0,0.0,0.0,0.0,0.0,0.0,0.0,0.0,0.0,0.0,0.0,0.0,0.453033320804805,0.1382885594642262,190.15344536717587,224.14997373041434,2452.3060020888526,0.02413610892017978,0.003683777307719747,187.71458165917148,221.03391638620063,2531.1022341167665,0.5609616954817734,0.10600183210162012,147.3894507153877,173.85516324391259,1848.259199250428,0.11201622984826103,0.02116708802877192,25.107449235949063,29.610553356857087,317.6418126878816,0.0,0.0,5.98253214922906,7.087458031664062,60.18367711177315,0.0,0.0,66.71773457293243,78.53831989770987,914.7776559347818,0.0,0.0,177.9115012872118,210.3268417292957,2004.4783542069154,0.0,0.0,23.14624995834296,27.457290885465875,215.30666015634726,0.0,0.0,79.37046771912803,93.96681383952293,828.9339272116334,22.25986615947783,15.267397914593854,176.70529931505224,208.78537450234206,2286.350908817738,0.0,0.0,94.19708752310575,111.18769822561058,1147.6497029812684,0.0,19.918278030938443,47.34509752035103,22.0,30.0,0.0,20.233735823603014,46.49066813371735,16.0,30.0,0.0,19.72747012970793,47.870554623235069,22.0,30.0,0.0,19.779921652435719,47.70994426855316,16.0,30.0,0.0,18.471904536962805,51.57242839638555,12.0,30.0,0.0,20.332625774479565,45.96095969450388,16.0,30.0,0.0,19.084289460010685,49.673613804380689,10.0,30.0,0.0,18.088628314995938,52.82367518084959,12.0,30.0,0.0,18.666463030395737,50.95042896626295,12.0,30.0,0.0,19.226945032218969,0.0,0.0,0.0,19.537686411331796,0.0,0.0,543.6182305059167,538.4744018772403,546.9641688847826,555.6704454500359,620.6086349186186,601.9008173638199,597.1472275460923,611.8344606236943,609.1951126149783,0.0,80.92301301275205,80.92301301275205,60.0,0.0,60.0,60.0,16.0,16.0,16.0,12.0,12.0,12.0,21.0,10.0,0.0,0.0,0.0,0.0,0.0,0.0,0.0,0.0,0.0,0.0,0.0,0.0,0.0,80.92301301275205,80.92301301275205,0.0,0.0,0.0,80.92301301275205,0.0,0.0,0.0015 
 03/31  11:50:00,13.698333333333335,72.16666666666667,2.3783333333333336,183.33333333333335,440.3333333333333,0.0,0.0,0.0,0.0,0.0,0.0,0.0,0.0,0.0,0.0,826.0,0.0,1348.6195194491648,80.48143099975718,206.2325454161476,40.43814474743344,1076.323708094344,0.0,80.48143099975714,110.02421785656027,0.0,0.0,19.755452070675284,81.85572290671007,21.055204565957899,-414.896475144802,19.632029282512197,33.32454216524275,19.858228205163365,-37.033535471616008,18.412399653528064,8.061187586470169,20.85419029931763,-182.24446069710394,18.830720452877509,109.96551595533947,17.971326300818619,66.7504787854632,18.61043683036096,103.6633291576095,185.69320904058533,-105.61898376402042,0.0,0.0,0.0,0.0,0.0,0.0,0.0,0.0,0.0,0.0,0.0,0.0,0.0,0.0,0.0,0.0,0.0,0.0,0.0,0.0,0.0,0.0,0.42272425426617135,0.12903670765145645,193.92422530883415,228.55186794073584,2431.0255439928439,0.007083531063522515,0.0010811250096951337,191.95669539275776,225.95665349083846,2534.569050231179,0.5548483838234485,0.10484663337555719,169.78297947742136,200.24721345821497,2060.2191279024534,0.11052786776892607,0.0208858404703186,36.48518658043281,43.02592499883847,445.31926749981406,0.0,0.0,6.020395101806458,7.130798254549828,58.52314084372813,0.0,0.0,68.27135724122002,80.32900004494883,923.2586035247631,0.0,0.0,177.04278288544013,209.24240899103686,1940.834134641298,0.0,0.0,23.507581913470088,27.88056484116659,210.38858868460543,0.0,0.0,77.21879343175353,91.39307394456603,783.5937291685877,21.9623808429087,15.063361346302269,194.80800681393345,230.11860766848629,2421.531883793442,0.0,0.0,92.1730149657921,108.73166746913678,1113.0400905372679,0.0,19.95242406466669,47.29301497681798,22.0,30.0,0.0,20.307932801998544,46.30605828445947,16.0,30.0,0.0,19.74108139708178,47.8538999309965,22.0,30.0,0.0,19.77870649043373,47.77099208113887,16.0,30.0,0.0,18.515828938928356,51.43722398617827,12.0,30.0,0.0,20.45342223563267,45.633536849091409,16.0,30.0,0.0,19.145714148901904,49.50051767897875,10.0,30.0,0.0,18.126079546677884,52.71385680568436,12.0,30.0,0.0,18.73207673469837,50.75614122137895,12.0,30.0,0.0,19.280159127999185,0.0,0.0,0.0,19.699120326678075,0.0,0.0,541.726576322017,538.8530536727715,547.7766048581909,550.3097616618909,614.7313140884512,595.7560931950361,593.2933746635936,606.8377649389498,604.250662896933,0.0,80.92301301275205,80.92301301275205,60.0,0.0,60.0,60.0,16.0,16.0,16.0,12.0,12.0,12.0,21.0,10.0,0.0,0.0,0.0,0.0,0.0,0.0,0.0,0.0,0.0,0.0,0.0,0.0,0.0,80.92301301275205,80.92301301275205,0.0,0.0,0.0,80.92301301275205,0.0,0.0,0.0014766666666666666 
 03/31  12:00:00,13.91,71.0,2.35,184.5,477.5,0.0,0.0,0.0,0.0,0.0,0.0,0.0,0.0,0.0,0.0,826.0,0.0,1473.1648313871284,82.49634404722592,211.39583661347749,44.17259814482538,1175.722242759724,0.0,82.49634404722588,112.77875675258706,0.0,0.0,19.778646143897825,96.04420540802312,21.19104898367304,-451.01449516320556,19.63552294175696,40.478154949551029,19.87690399623815,-17.148125380404964,18.454400851971685,8.481730840983005,21.026579601257855,-196.63567873722423,18.874472377956324,116.8508419832242,17.998451214965735,73.57846279293881,18.666219780787484,113.27195124082937,176.25519967027049,-125.48564806099921,0.0,0.0,0.0,0.0,0.0,0.0,0.0,0.0,0.0,0.0,0.0,0.0,0.0,0.0,0.0,0.0,0.0,0.0,0.0,0.0,0.0,0.0,0.39251899539868059,0.11981654316199042,205.01779575085144,241.56484168926705,2504.4318031588238,0.0,0.0,203.95456978451277,240.00050829321135,2637.9126912864269,0.5547130008315599,0.10482105079961454,167.15710124500934,197.12538970484884,1962.4693615589118,0.11154477481757468,0.021077999776563613,23.6283907027768,27.8598849609758,280.1629236916423,0.0,0.0,6.03243815625733,7.143348781747657,56.688689263172779,0.0,0.0,69.96267379686593,82.27532655143777,935.2126578322491,0.0,0.0,177.71146670766127,209.97232261418518,1895.3821799879268,0.0,0.0,23.892658840940187,28.331410278757166,205.6295113782774,0.0,0.0,76.76835157276686,90.83262467828813,756.8504767360032,21.663235817681856,14.858186431880564,189.40254634914633,223.69560042069618,2280.895431798939,0.0,0.0,91.90778502051248,108.34712050407956,1102.356476369183,0.0,20.007340247353203,47.16065322266184,22.0,30.0,0.0,20.38672421047083,46.083821002646619,16.0,30.0,0.0,19.75671532031522,47.858341295992307,22.0,30.0,0.0,19.80769018986254,47.677420835692419,16.0,30.0,0.0,18.56756565831867,51.28001832712148,12.0,30.0,0.0,20.59041018676023,45.26588191291338,16.0,30.0,0.0,19.210708979789659,49.32128432836096,10.0,30.0,0.0,18.16788601185613,52.58963031210816,12.0,30.0,0.0,18.801320539128807,50.550768118693337,12.0,30.0,0.0,19.31084683048673,0.0,0.0,0.0,19.874040923654133,0.0,0.0,541.65820146915,533.8384293868348,544.5385183304763,551.2945522958996,609.2612288578623,591.5750992812648,588.7936981819048,600.9939593131198,598.6362901698752,0.0,80.92301301275205,80.92301301275205,60.0,0.0,60.0,60.0,16.0,16.0,16.0,12.0,12.0,12.0,21.0,10.0,0.0,0.0,0.0,0.0,0.0,0.0,0.0,0.0,0.0,0.0,0.0,0.0,0.0,80.92301301275205,80.92301301275205,0.0,0.0,0.0,80.92301301275205,0.0,0.0,0.0014533333333333334 
 03/31  12:10:00,14.15,69.83333333333334,2.3666666666666669,185.66666666666667,514.6666666666666,0.0,0.0,0.0,0.0,0.0,0.0,0.0,0.0,0.0,0.0,826.0,0.0,1601.0293511815417,84.50145272726286,216.53400129491039,48.00657574821654,1277.7697950210232,0.0,84.50145272726282,115.51989233501887,0.0,0.0,19.807740896932616,107.43575705402145,21.33718121240462,-489.16664107480758,19.64642872867251,53.17835565686255,19.892789693430655,-22.337781802589917,18.501959938223125,8.939924823591014,21.21324000301447,-213.72467591485475,18.924991266673488,125.61348905598334,18.029706532445645,81.06193627400785,18.724821416470769,123.82639126474169,172.51590316956027,-147.25823424810097,0.0,0.0,0.0,0.0,0.0,0.0,0.0,0.0,0.0,0.0,0.0,0.0,0.0,0.0,0.0,0.0,0.0,0.0,0.0,0.0,0.0,0.0,0.35175516463070735,0.1073733713768948,211.53569244052864,249.1778612628253,2506.7502688330935,0.0,0.0,211.09175162795715,248.3118796407001,2663.712341639323,0.5473385917151653,0.10342754945486876,183.71809854324855,216.62070039136257,2077.6331876265896,0.1102105827381031,0.020825884871145705,29.023565886235,34.216946447121,330.82497249675859,0.0,0.0,6.079363968074656,7.19702252716414,54.89714736371585,0.0,0.0,71.90900712668274,84.51562892202509,947.739685331341,0.0,0.0,178.89273362824776,211.29993254341808,1848.375141605905,0.0,0.0,24.298757664583805,28.806461898155129,199.64941714134393,0.0,0.0,76.35702037230932,90.31746231489602,727.0242126177516,21.439793662332244,14.704933924782065,202.91659142025135,239.59589729648745,2340.4856724710587,0.0,0.0,91.70328095883076,108.02896453763437,1089.963082139069,0.0,20.067903844107918,46.987707576211679,22.0,30.0,0.0,20.471055640258795,45.858238343524778,16.0,30.0,0.0,19.7845007550707,47.7980356849826,22.0,30.0,0.0,19.82537821903258,47.646728642095009,16.0,30.0,0.0,18.625884476974045,51.105446931543699,12.0,30.0,0.0,20.740112483005228,44.868073957947547,16.0,30.0,0.0,19.28607762226121,49.10771388424524,10.0,30.0,0.0,18.214896711187757,52.45091242797471,12.0,30.0,0.0,18.87461009049262,50.33649591769843,12.0,30.0,0.0,19.365148207003306,0.0,0.0,0.0,20.064032158827837,0.0,0.0,536.592636037438,533.9134890291749,544.4706531560535,548.3290220978634,604.0345584138471,586.8903084308197,584.9398661549395,596.2025369106514,594.1249191727777,0.0,80.92301301275205,80.92301301275205,60.0,0.0,60.0,60.0,16.0,16.0,16.0,12.0,12.0,12.0,21.0,10.0,0.0,0.0,0.0,0.0,0.0,0.0,0.0,0.0,0.0,0.0,0.0,0.0,0.0,80.92301301275205,80.92301301275205,0.0,0.0,0.0,80.92301301275205,0.0,0.0,0.0014299999999999999 
 03/31  12:20:00,14.39,68.66666666666667,2.3833333333333339,186.83333333333335,551.8333333333334,0.0,0.0,0.0,0.0,0.0,0.0,0.0,0.0,0.0,0.0,826.0,0.0,1731.5871373919379,86.48838879626679,221.6255953795592,51.921308897315537,1381.9668064791052,0.0,86.48838879626675,118.2361845804165,0.0,0.0,19.842544143062129,119.25777861107963,21.497155464873545,-525.0436543748274,19.66285455870009,65.18224783763617,19.918528245975346,-7.815204717279698,18.554846887042488,9.474223824448729,21.414104590360183,-231.95726384658793,18.98045797380034,134.40376904809546,18.065693818307016,89.28495169574694,18.787809017208404,136.78137974001039,163.12565733580233,-171.0357407121287,0.0,0.0,0.0,0.0,0.0,0.0,0.0,0.0,0.0,0.0,0.0,0.0,0.0,0.0,0.0,0.0,0.0,0.0,0.0,0.0,0.0,0.0,0.3063393167921744,0.0935101699609812,218.40857618863499,257.1983578072714,2511.289667350832,0.0,0.0,218.70595987987316,257.1666842160504,2696.20208844627,0.5435668035692268,0.10271481548927193,183.67506597404899,216.53041207871525,2001.2600608548865,0.11045229480136437,0.02087155986420339,20.547260714650795,24.219488469668556,226.1248214692772,0.0,0.0,6.1242984407175229,7.248155204743221,53.129618564770037,0.0,0.0,73.89489686283244,86.79614065343859,961.874180331546,0.0,0.0,180.73909362973067,213.40698950847455,1809.7961336828517,0.0,0.0,24.729061124405523,29.309356628590917,193.84260328281315,0.0,0.0,76.63902637155548,90.62040508897072,704.8367132241199,21.216963114298623,14.552100901439389,196.290715477926,231.7275462639073,2180.599903253883,0.0,0.0,92.22716738097204,108.56333078338048,1088.8501267579559,0.0,20.13511297237636,46.806891968567779,22.0,30.0,0.0,20.56772661350404,45.61283160874099,16.0,30.0,0.0,19.81961252116555,47.70366151888911,22.0,30.0,0.0,19.861798811790366,47.53109056171007,16.0,30.0,0.0,18.69035952073233,50.91376189577264,12.0,30.0,0.0,20.902375972912716,44.43845208382452,16.0,30.0,0.0,19.368548929993595,48.870106749052,10.0,30.0,0.0,18.267948243310845,52.296458182043227,12.0,30.0,0.0,18.954360833160427,50.10572227739516,12.0,30.0,0.0,19.40307742743086,0.0,0.0,0.0,20.268675079427834,0.0,0.0,536.3769708120569,532.411788908359,539.116646371247,550.9174298045812,599.1169686275596,582.9920287916157,580.4390585308639,591.6121260636664,589.7483920679972,0.0,80.92301301275205,80.92301301275205,60.0,0.0,60.0,60.0,16.0,16.0,16.0,12.0,12.0,12.0,21.0,10.0,0.0,0.0,0.0,0.0,0.0,0.0,0.0,0.0,0.0,0.0,0.0,0.0,0.0,80.92301301275205,80.92301301275205,0.0,0.0,0.0,80.92301301275205,0.0,0.0,0.0014233333333333334 
 03/31  12:30:00,14.629999999999999,67.5,2.4000000000000005,188.0,589.0,0.0,0.0,0.0,0.0,0.0,0.0,0.0,0.0,0.0,0.0,826.0,0.0,1892.7651623079046,90.19097517708527,231.11344166073426,56.754173018999498,1510.601482508504,0.0,90.19097517708522,123.29790087367096,0.0,0.0,19.88533767271204,132.81478611809144,21.67479668904871,-573.9369387522347,19.685456722645797,77.99829539925577,19.94704461178224,-7.149751311432738,18.615836205569395,10.020208438228736,21.638735558158193,-252.50977270352997,19.041674418883788,144.0721481063929,18.10745427845697,98.14128306551982,18.8565094131053,150.71802252314456,160.00429989242094,-195.487485231582,0.0,0.0,0.0,0.0,0.0,0.0,0.0,0.0,0.0,0.0,0.0,0.0,0.0,0.0,0.0,0.0,0.0,0.0,0.0,0.0,0.0,0.0,0.2630101639262126,0.08028393282240923,226.41331041733856,266.53577515973447,2528.631126671101,0.0,0.0,227.46853171605518,267.3621746952222,2739.6123861301618,0.5397625055463259,0.101995938311853,191.4316630703756,225.62704585123684,2009.4271942924605,0.11015760378784546,0.02081587373164124,22.833199992484926,26.909228238951284,241.63507275160448,0.0,0.0,6.172143522551439,7.302468912819562,51.46918219594882,0.0,0.0,75.98333536683285,89.18927607792556,979.1231022072291,0.0,0.0,182.6768089344655,215.61421154404523,1773.9222674963876,0.0,0.0,25.16147329102287,29.8138027808065,188.07290692886407,0.0,0.0,76.9337658502012,90.9360567303672,683.6518920302133,21.012531610918406,14.411887250286977,205.2340843035567,242.21975595050905,2186.9511573847937,0.0,0.0,92.77838505397843,109.12550300822552,1089.7403055616717,0.0,20.21333549428397,46.608329597834757,22.0,30.0,0.0,20.667719718523725,45.34498055522567,16.0,30.0,0.0,19.86255954433434,47.590196765314228,22.0,30.0,0.0,19.895416485149583,47.43663752518135,16.0,30.0,0.0,18.764133799453857,50.693861330543139,12.0,30.0,0.0,21.0810524169894,43.96746857325665,16.0,30.0,0.0,19.459243864293645,48.61177122061635,10.0,30.0,0.0,18.327849100357079,52.11972937920288,12.0,30.0,0.0,19.04106504790727,49.853018247754949,12.0,30.0,0.0,19.465025205724424,0.0,0.0,0.0,20.482994071829056,0.0,0.0,534.6467655756261,531.6434246552651,538.7742240245284,549.5808833284526,594.3169860544555,578.6042457676834,577.2291646087249,587.4188524321636,585.6190492756722,0.0,80.92301301275205,80.92301301275205,60.0,0.0,60.0,60.0,16.0,16.0,16.0,12.0,12.0,12.0,21.0,10.0,0.0,0.0,0.0,0.0,0.0,0.0,0.0,0.0,0.0,0.0,0.0,0.0,0.0,80.92301301275205,80.92301301275205,0.0,0.0,0.0,80.92301301275205,0.0,0.0,0.0014166666666666664 
 03/31  12:40:00,14.870000000000001,66.33333333333333,2.416666666666667,178.5,593.3333333333334,0.0,0.0,0.0,0.0,0.0,0.0,0.0,0.0,0.0,0.0,826.0,0.0,1927.3998364640909,87.39184751306979,223.9407738026556,57.79266660937822,1538.2429351202769,0.0,87.39184751306975,119.47128114178656,0.0,0.0,19.93272312966191,144.94999220505816,21.815875178759819,-604.7399916119539,19.712863705845395,93.42022631043983,19.968293306236605,-6.624514765506547,18.670401475401748,10.796234658848704,21.82610539676295,-271.1976051177503,19.109945127516285,155.01813069079709,18.151557585948348,107.58213834254377,18.926621272861504,165.84747975217989,155.80606286240619,-220.3757308864033,0.0,0.0,0.0,0.0,0.0,0.0,0.0,0.0,0.0,0.0,0.0,0.0,0.0,0.0,0.0,0.0,0.0,0.0,0.0,0.0,0.0,0.0,0.21210348413767944,0.06474465327767994,231.97685707173233,272.99149366780639,2516.044695106428,0.0,0.0,233.7291173369671,274.61582608992895,2746.272748614699,0.5414068750601931,0.1023066657332187,192.9493069385817,227.36010182422536,1952.1232394545487,0.11103675354566667,0.02098200180379188,31.385920032978328,36.98275491879938,318.3449004341694,0.0,0.0,6.235608060663524,7.375406250710649,49.81224457250165,0.0,0.0,78.19198182568576,91.72403487822948,995.4889572478553,0.0,0.0,185.03769525775796,218.3112119381829,1744.6933601134124,0.0,0.0,25.61904969201167,30.347267292094526,182.4329215623347,0.0,0.0,77.42948807817175,91.48740143828452,664.8019406586193,20.817003707342378,14.277780320536614,211.65384464495623,249.72967821091397,2163.117658205302,0.0,0.0,93.54847394677609,109.9413330425578,1094.413027195033,0.0,20.29539101461025,46.385437247986988,22.0,30.0,0.0,20.76245485599928,45.07739761073893,16.0,30.0,0.0,19.91449880877163,47.46746979957426,22.0,30.0,0.0,19.92377067631476,47.37055984892435,16.0,30.0,0.0,18.830562833594386,50.49902394068746,12.0,30.0,0.0,21.247351018667474,43.53599750342344,16.0,30.0,0.0,19.560355240315034,48.32516863606283,10.0,30.0,0.0,18.392876615410239,51.92442555569466,12.0,30.0,0.0,19.132853405096186,49.58408600652843,12.0,30.0,0.0,19.525775931077996,0.0,0.0,0.0,20.70433279503716,0.0,0.0,533.7134492013394,528.2525180089148,536.2737460319929,546.703521439597,589.8425035747923,575.2710295684084,573.612122693857,583.034059309848,581.4358908245898,0.0,80.92301301275205,80.92301301275205,60.0,0.0,60.0,60.0,16.0,16.0,16.0,12.0,12.0,12.0,21.0,10.0,0.0,0.0,0.0,0.0,0.0,0.0,0.0,0.0,0.0,0.0,0.0,0.0,0.0,80.92301301275205,80.92301301275205,0.0,0.0,0.0,80.92301301275205,0.0,0.0,0.00141 
 03/31  12:50:00,15.11,65.16666666666667,2.4333333333333337,169.0,597.6666666666666,0.0,0.0,0.0,0.0,0.0,0.0,0.0,0.0,0.0,0.0,826.0,0.0,1957.6909891881392,84.54482418857312,216.64537091472767,58.70092125074726,1562.4178633337397,0.0,84.54482418857308,115.57918441082664,0.0,0.0,19.980921922067468,154.76489910675083,21.95020474621139,-629.1780927484906,19.743522373634379,106.94767219502592,19.988531756183869,-2.8542555636561817,18.723867903822204,11.799931542866176,22.00389984515202,-285.8742974872548,19.179755559364265,163.7022733923186,18.199110323445873,117.44632585727061,19.00197611897422,182.87137179369575,151.71693734883048,-243.48397968895189,0.0,0.0,0.0,0.0,0.0,0.0,0.0,0.0,0.0,0.0,0.0,0.0,0.0,0.0,0.0,0.0,0.0,0.0,0.0,0.0,0.0,0.0,0.16496049511741696,0.05035424148883302,234.85390757025537,276.2863867467371,2470.3254751488068,0.0,0.0,237.23715133521206,278.6319891417953,2717.325888467822,0.5286764639291608,0.09990107028139853,194.19758434703275,228.77289584801719,1892.364934726759,0.11561374454159884,0.02184689050294762,11.804847166599604,13.907791539978449,115.40685617697213,0.0,0.0,6.295534778921349,7.444208101343291,48.03997633952594,0.0,0.0,79.79463856094442,93.54753405969696,1002.4165009056355,0.0,0.0,187.47654831063094,221.0987586576754,1714.5726806291103,0.0,0.0,26.085605167450585,30.89054386637255,176.78434523417463,0.0,0.0,78.53060908878003,92.75093705994722,651.8643518951009,20.634830053424428,14.152832684104549,215.30762179475773,253.97126034705057,2110.3935482077456,0.0,0.0,94.954774021849,111.50717588030571,1104.326686356198,0.0,20.374298667860918,46.1569794338758,22.0,30.0,0.0,20.856228666770723,44.81454972955566,16.0,30.0,0.0,19.970140881398217,47.319172272496967,22.0,30.0,0.0,19.951497543440138,47.28154092829205,16.0,30.0,0.0,18.89337474052113,50.31741029418768,12.0,30.0,0.0,21.40624898363939,43.128791819892558,16.0,30.0,0.0,19.660609224598045,48.039664987921138,10.0,30.0,0.0,18.46271382599509,51.71499000949633,12.0,30.0,0.0,19.232227450303843,49.2946721385493,12.0,30.0,0.0,19.586910838978313,0.0,0.0,0.0,20.914302368627909,0.0,0.0,530.282923095548,529.1085207706135,534.8881215278955,548.4478407317475,585.5882739557276,571.5885359777536,570.502308587196,579.2968720347371,577.83918831882,0.0,80.92301301275205,80.92301301275205,60.0,0.0,60.0,60.0,16.0,16.0,16.0,12.0,12.0,12.0,21.0,10.0,0.0,0.0,0.0,0.0,0.0,0.0,0.0,0.0,0.0,0.0,0.0,0.0,0.0,80.92301301275205,80.92301301275205,0.0,0.0,0.0,80.92301301275205,0.0,0.0,0.0014166666666666664 
 03/31  13:00:00,15.35,64.0,2.45,159.5,602.0,0.0,0.0,0.0,0.0,0.0,0.0,0.0,0.0,0.0,0.0,826.0,0.0,1983.551672330956,81.64291177124696,209.2093126468115,59.476329837928137,1583.0568746789173,0.0,81.64291177124692,111.61205012856577,0.0,0.0,20.03169199851452,164.54697495931578,22.077614145687673,-654.0332809880783,19.77804667704191,121.41298561588519,20.00738035903658,-2.20784514124216,18.777061568247519,12.817497158762194,22.17430392338475,-299.2566945898461,19.251814541586886,172.49894902903544,18.24915854932558,126.75070418350106,19.07772296322527,195.49849053591243,146.2343134202165,-262.29079771996705,0.0,0.0,0.0,0.0,0.0,0.0,0.0,0.0,0.0,0.0,0.0,0.0,0.0,0.0,0.0,0.0,0.0,0.0,0.0,0.0,0.0,0.0,0.09836815827703958,0.030026910340976676,238.68808143944799,280.70356263620428,2432.9243901779389,0.0,0.0,241.69620573662528,283.7650849337529,2694.5853134934675,0.5393729795115055,0.10192233172930948,205.5440720126639,242.07483480835234,1928.4084593258718,0.11459090412275061,0.02165361000051976,78.57799625857784,92.56090971248925,728.0227149347433,0.0,0.0,6.346524832404675,7.502457563266452,46.136317910925537,0.0,0.0,81.21487178998383,95.15721245970977,1005.5472670875247,0.0,0.0,188.70299739014053,222.45381922633309,1672.8911908509872,0.0,0.0,26.53378962657153,31.411443300729589,170.8431805798301,0.0,0.0,78.59879774582734,92.79372095250669,630.1490042071173,20.437994016657407,14.017828543660777,219.92184560318635,259.3500227134481,2061.0797269510455,0.0,0.0,95.29964228426208,111.82922463226396,1099.790941206603,0.0,20.45439303034673,45.926622196660229,22.0,30.0,0.0,20.944948198084803,44.5874029004206,16.0,30.0,0.0,20.030899431087137,47.138997941573368,22.0,30.0,0.0,19.977021189060037,47.27549825724649,16.0,30.0,0.0,18.954214731626366,50.14276210818096,12.0,30.0,0.0,21.558748757823609,42.74031427371675,16.0,30.0,0.0,19.762270656570889,47.749671718280968,10.0,30.0,0.0,18.535227798643203,51.49926470716299,12.0,30.0,0.0,19.332322451242115,49.00565819967705,12.0,30.0,0.0,19.64329748672226,0.0,0.0,0.0,21.113546085643028,0.0,0.0,530.9320689310397,526.5046799872825,531.4447379717163,538.2499002253874,581.6013362910619,568.5777487748528,567.0064634661424,575.63108671881,574.3124563929049,0.0,80.92301301275205,80.92301301275205,60.0,0.0,60.0,60.0,16.0,16.0,16.0,12.0,12.0,12.0,21.0,10.0,0.0,0.0,0.0,0.0,0.0,0.0,0.0,0.0,0.0,0.0,0.0,0.0,0.0,80.92301301275205,80.92301301275205,0.0,0.0,0.0,80.92301301275205,0.0,0.0,0.0014233333333333334 
 03/31  13:10:00,15.423333333333332,63.833333333333339,2.4883333333333339,150.0,606.3333333333334,0.0,0.0,0.0,0.0,0.0,0.0,0.0,0.0,0.0,0.0,826.0,0.0,2004.9022054187279,78.6789620060197,201.61428193463608,60.11650318468004,1600.0963769534313,0.0,78.67896200601966,107.5601060883778,0.0,0.0,20.08237752919035,172.8057153042937,22.198040107555433,-675.7759006485139,19.813550355829308,133.60696476786326,20.02757815802611,4.25374868096651,18.830793268879917,13.920878228788894,22.33698402067421,-311.1726933395262,19.325132862927917,180.6216387298564,18.301510695655268,135.53329126198367,19.153386659332399,206.9711393139446,146.29859246784873,-278.467550723542,0.0,0.0,0.0,0.0,0.0,0.0,0.0,0.0,0.0,0.0,0.0,0.0,0.0,0.0,0.0,0.0,0.0,0.0,0.0,0.0,0.0,0.0,0.07094249562976306,0.02165521844620362,241.08270979438999,283.409233748674,2457.5658235221505,0.0,0.0,244.66845026115116,287.1373279477634,2732.319487753506,0.5501262887617812,0.10395432516284606,211.5928206944662,249.11611393025809,1978.983215934193,0.11987534084936247,0.022652180810537119,96.41876819831468,113.55036393097608,884.5634127895454,0.0,0.0,6.428907707071954,7.597316013885216,46.542814077021748,0.0,0.0,82.45495536869638,96.5497422602844,1032.2647766702435,0.0,0.0,189.9904955145378,223.86533512131636,1694.1925263009032,0.0,0.0,26.972683722045006,31.91870712792563,173.6844794965022,0.0,0.0,78.70479969304395,92.87534245173646,634.8053397701017,20.55266883508402,14.096480682499334,222.73505780528516,262.5953479979544,2070.3457777436,0.0,0.0,95.75540149188261,112.27937725965609,1125.31061864359,0.0,20.530775875371437,45.72486533327788,22.0,30.0,0.0,21.030044475383705,44.32741232772406,16.0,30.0,0.0,20.091321277199169,46.95828576567791,22.0,30.0,0.0,20.00700731419128,47.19266777034151,16.0,30.0,0.0,19.013807708830418,49.96888543523226,12.0,30.0,0.0,21.705346791313095,42.367797763314907,16.0,30.0,0.0,19.863730399619639,47.458987970837018,10.0,30.0,0.0,18.610066267459918,51.27208441882144,12.0,30.0,0.0,19.431676955208933,48.7155972040567,12.0,30.0,0.0,19.68521635419144,0.0,0.0,0.0,21.297612323716103,0.0,0.0,528.2574073585624,529.415691009534,531.9180121020137,533.7196689290045,577.7368091721166,565.1195055210611,564.4552019421826,572.2777918078147,571.0061515956293,0.0,80.92301301275205,80.92301301275205,60.0,0.0,60.0,60.0,16.0,16.0,16.0,12.0,12.0,12.0,21.0,10.0,0.0,0.0,0.0,0.0,0.0,0.0,0.0,0.0,0.0,0.0,0.0,0.0,0.0,80.92301301275205,80.92301301275205,0.0,0.0,0.0,80.92301301275205,0.0,0.0,0.0014299999999999999 
 03/31  13:20:00,15.496666666666667,63.66666666666667,2.526666666666667,140.5,610.6666666666666,0.0,0.0,0.0,0.0,0.0,0.0,0.0,0.0,0.0,0.0,826.0,0.0,2021.669523098706,75.64577321820575,193.8418248398163,60.61925045724235,1613.4780574266093,0.0,75.64577321820572,103.41350705497438,0.0,0.0,20.13232098421468,179.39467801165848,22.311111123949027,-698.2703458880769,19.849543934923277,144.6621242428082,20.050120125029929,11.55151048596963,18.884692928761447,15.001901138901872,22.49353638110591,-321.9925997061864,19.39897767791181,187.89172727012193,18.35451827219827,143.37746662817473,19.228715570380588,217.1784981588171,144.6115792502278,-292.00868737761859,0.0,0.0,0.0,0.0,0.0,0.0,0.0,0.0,0.0,0.0,0.0,0.0,0.0,0.0,0.0,0.0,0.0,0.0,0.0,0.0,0.0,0.0,0.039991899969354819,0.012207539673185232,243.13650289867818,285.71980790478059,2476.3888008067508,0.0,0.0,246.44260951057417,289.10428511812577,2753.522561758698,0.5589565198576069,0.10562292514316082,216.82017199676987,255.1858445228053,2021.04634218199,0.12490438636127989,0.02360249175383217,111.52534092284015,131.30922644446333,1014.07398096233,0.0,0.0,6.50686656759064,7.686887955794886,46.91138949374665,0.0,0.0,83.54177457316004,97.76293257018773,1056.5410261363327,0.0,0.0,191.1792545885973,225.16039449773468,1714.0796394036009,0.0,0.0,27.36193872742092,32.366762255534059,176.26132723462556,0.0,0.0,78.88537715147925,93.04542373244033,639.8065984227059,20.668484624887698,14.175915380581415,225.16807693458169,265.3904251180074,2076.8060009027146,0.0,0.0,96.25332448107582,112.78427141008496,1148.547492535175,0.0,20.602299551108066,45.49729603174456,22.0,30.0,0.0,21.108401309556489,44.13730659443071,16.0,30.0,0.0,20.150548013704517,46.80096638406224,22.0,30.0,0.0,20.041293079700034,47.089525430561057,16.0,30.0,0.0,19.073306165515385,49.79535020569845,12.0,30.0,0.0,21.846837283521798,42.00911195018839,16.0,30.0,0.0,19.963453144577565,47.177943678651519,10.0,30.0,0.0,18.685913268423673,51.040509682501028,12.0,30.0,0.0,19.529317235860917,48.43071673827335,12.0,30.0,0.0,19.72872343246106,0.0,0.0,0.0,21.465939328329747,0.0,0.0,530.8926136456419,524.7579582809749,529.2544278670206,533.6229548879544,574.1527129289432,562.7644597519169,561.2408608604417,568.8367650716233,567.7223371213408,0.0,80.92301301275205,80.92301301275205,60.0,0.0,60.0,60.0,16.0,16.0,16.0,12.0,12.0,12.0,21.0,10.0,0.0,0.0,0.0,0.0,0.0,0.0,0.0,0.0,0.0,0.0,0.0,0.0,0.0,80.92301301275205,80.92301301275205,0.0,0.0,0.0,80.92301301275205,0.0,0.0,0.0014199999999999999 
 03/31  13:30:00,15.57,63.5,2.5650000000000006,131.0,615.0,0.0,0.0,0.0,0.0,0.0,0.0,0.0,0.0,0.0,0.0,826.0,0.0,2033.7853781088928,72.5361799542713,185.87358024950437,60.98252529136056,1623.1474486499004,0.0,72.53617995427128,99.16245731012767,0.0,0.0,20.1821671814701,185.53586542378799,22.416605444241264,-720.0252342061831,19.884855445543857,153.7951576185078,20.073976725460008,19.150811886284829,18.9391519743129,16.00304978755969,22.643988624758664,-332.0966836059238,19.47253892424321,194.43856237135516,18.4077978942069,150.21929523191217,19.303157429981036,226.029414138834,144.0907685548391,-303.00722192000878,0.0,0.0,0.0,0.0,0.0,0.0,0.0,0.0,0.0,0.0,0.0,0.0,0.0,0.0,0.0,0.0,0.0,0.0,0.0,0.0,0.0,0.0,0.013799514620082793,0.004212306050086323,245.9408398877624,288.9092713252206,2501.6895736127887,0.0,0.0,249.28403755776953,292.3289814464009,2783.4380745329706,0.5642972211820101,0.10663212796334285,219.8753488132024,258.7011213891633,2041.2348614931066,0.12888947265319174,0.02435553149153282,123.3322621917238,145.17386138369094,1111.91260664604,0.0,0.0,6.566167345125777,7.75436917359114,47.13952532523781,0.0,0.0,84.5400572203689,98.8726682155521,1079.1173719378672,0.0,0.0,192.15374261248858,226.20431248020496,1731.2474616800874,0.0,0.0,27.688495209311787,32.740437154916339,178.3862826632851,0.0,0.0,79.08573533246846,93.23948443929386,644.5797466836037,20.756701707485218,14.236420924201113,228.42679680263374,269.1526548471984,2091.7283951630827,0.0,0.0,96.72766803705894,113.26670627127197,1168.7518227347635,0.0,20.671364429176096,45.327051158709419,22.0,30.0,0.0,21.180106709127217,43.949860251978488,16.0,30.0,0.0,20.206566037400003,46.613921817984138,22.0,30.0,0.0,20.077476476107866,46.999290271155157,16.0,30.0,0.0,19.132656922556138,49.622993686242647,12.0,30.0,0.0,21.98324671904214,41.67146173099292,16.0,30.0,0.0,20.06080987440628,46.89608155658383,10.0,30.0,0.0,18.760854232043824,50.811965264449778,12.0,30.0,0.0,19.624377549607883,48.15518983040552,12.0,30.0,0.0,19.776460423818727,0.0,0.0,0.0,21.61883977338105,0.0,0.0,526.2600497980433,523.3757631665568,531.6470872012371,530.7734144248763,570.6903352176387,559.4635296253485,559.4165536612801,565.9188268321809,564.8318783463308,0.0,80.92301301275205,80.92301301275205,60.0,0.0,60.0,60.0,16.0,16.0,16.0,12.0,12.0,12.0,21.0,10.0,0.0,0.0,0.0,0.0,0.0,0.0,0.0,0.0,0.0,0.0,0.0,0.0,0.0,80.92301301275205,80.92301301275205,0.0,0.0,0.0,80.92301301275205,0.0,0.0,0.00141 
 03/31  13:40:00,15.643333333333333,63.333333333333339,2.6033333333333337,133.16666666666667,613.3333333333333,0.0,0.0,0.0,0.0,0.0,0.0,0.0,0.0,0.0,0.0,826.0,0.0,2057.5211696113149,73.03404726662396,187.14930289315775,61.6942254772231,1642.0906658612692,0.0,73.03404726662392,99.84307967180155,0.0,0.0,20.226474118371209,187.18773206938205,22.52325483568541,-735.3563992394975,19.92168852858351,163.0726058190303,20.102943420304336,25.43862732380512,18.99584088039903,16.91832113857285,22.792837342256989,-342.0118176877263,19.546176014863165,200.49812067050426,18.46264768236859,156.25682421899365,19.378386331734555,233.2150530237309,143.57925849462664,-311.8224526000745,0.0,0.0,0.0,0.0,0.0,0.0,0.0,0.0,0.0,0.0,0.0,0.0,0.0,0.0,0.0,0.0,0.0,0.0,0.0,0.0,0.0,0.0,0.0,0.0,249.98752505879677,293.5701058776722,2532.9500614567079,0.0,0.0,249.98117711628385,293.0339199013342,2791.035455323782,0.5737462628793342,0.10841766116389538,224.1148288032276,263.60440901939446,2072.0251705275957,0.1327208255673979,0.025079521082274727,130.80430339126915,153.93019659573896,1169.89425971933,0.0,0.0,6.627358360700054,7.823992591606569,47.400929531045729,0.0,0.0,85.47119600032528,99.90398384546234,1100.469783899649,0.0,0.0,193.08371696821855,227.19572746910726,1747.3813651258568,0.0,0.0,27.996213121795035,33.09164505712539,180.34115647627454,0.0,0.0,79.24393827787084,93.38449160153266,648.626926260444,20.81077198968891,14.273506165767433,232.85621926859685,274.290490731699,2116.6968700202207,0.0,0.0,97.13453695808914,113.67480361534888,1185.7721265503179,0.0,20.726695319399054,45.17980993677557,22.0,30.0,0.0,21.25519373383115,43.758933442183899,16.0,30.0,0.0,20.26227275330088,46.47691085082461,22.0,30.0,0.0,20.11620732330188,46.86519760346836,16.0,30.0,0.0,19.193779999483913,49.44384689765107,12.0,30.0,0.0,22.116146058603058,41.338293740963589,16.0,30.0,0.0,20.15629742229884,46.632394418089827,10.0,30.0,0.0,18.834909331957296,50.58865145728502,12.0,30.0,0.0,19.71691669006637,47.88864076034846,12.0,30.0,0.0,19.826034765935654,0.0,0.0,0.0,21.758592794168739,0.0,0.0,524.7885748267003,522.3522754155495,527.0951052388721,532.6512162872498,567.585579540879,557.4489531474769,556.1092990688239,562.8366658896938,561.9533768021302,0.0,80.92301301275205,80.92301301275205,60.0,0.0,60.0,60.0,16.0,16.0,16.0,12.0,12.0,12.0,21.0,10.0,0.0,0.0,0.0,0.0,0.0,0.0,0.0,0.0,0.0,0.0,0.0,0.0,0.0,80.92301301275205,80.92301301275205,0.0,0.0,0.0,80.92301301275205,0.0,0.0,0.0014000000000000003 
 03/31  13:50:00,15.716666666666665,63.166666666666667,2.6416666666666668,135.33333333333332,611.6666666666667,0.0,0.0,0.0,0.0,0.0,0.0,0.0,0.0,0.0,0.0,826.0,0.0,2077.2443572784325,73.51710209444228,188.38706492991154,62.28560919848202,1657.831461366834,0.0,73.51710209444224,100.50345224411213,0.0,0.0,20.282945133827185,198.64485495714508,22.623055267307814,-757.9076145839663,19.955565490171379,167.13753923530204,20.134592148637315,31.622987029742036,19.053914048391659,17.687400677530037,22.937808740031366,-351.42711398463828,19.61852738543537,205.6084584379978,18.51782325123513,161.40505015427085,19.45330579111706,239.739589374547,142.31160718994398,-319.48199137455779,0.0,0.0,0.0,0.0,0.0,0.0,0.0,0.0,0.0,0.0,0.0,0.0,0.0,0.0,0.0,0.0,0.0,0.0,0.0,0.0,0.0,0.0,0.0,0.0,249.77527886132703,293.2042832637871,2532.5802519639589,0.0,0.0,254.96799470573806,298.7748948124072,2841.8613096381907,0.5730988907169596,0.10829533082331063,224.41094257189523,263.8760860704324,2062.6130708119405,0.13487430737292503,0.025486452640386429,138.6665054069778,163.1379772350471,1230.9628255685389,0.0,0.0,6.652842800223199,7.851399583492772,47.418733760503588,0.0,0.0,86.36489327776028,100.8913292840583,1120.955390956917,0.0,0.0,193.81754245774708,227.95866715746653,1760.4305781076787,0.0,0.0,28.246161304859073,33.37455275363796,181.83150282521633,0.0,0.0,79.538470174513,93.69066824568236,653.4844891661498,20.851261638885469,14.30127684422872,233.25600040357217,274.68452761884597,2105.211343615094,0.0,0.0,97.64669649424582,114.20926591494096,1202.2512479628868,0.0,20.80560690854699,44.97212766449582,22.0,30.0,0.0,21.32090588311646,43.58664942447186,16.0,30.0,0.0,20.309884451190479,46.34793155961866,22.0,30.0,0.0,20.157519180098377,46.76779104412396,16.0,30.0,0.0,19.255966970361745,49.262560427675669,12.0,30.0,0.0,22.24560287029331,41.02414057696042,16.0,30.0,0.0,20.24818904168846,46.37417878938568,10.0,30.0,0.0,18.907324431179043,50.36589639735355,12.0,30.0,0.0,19.807421981131446,47.62638705105103,12.0,30.0,0.0,19.870658382599037,0.0,0.0,0.0,21.888186136645296,0.0,0.0,523.6594545482085,522.0873321526714,525.5752481327994,528.302471610385,564.5121230339179,554.3667773198961,553.9164148783819,560.5108197629271,559.556202813776,0.0,80.92301301275205,80.92301301275205,60.0,0.0,60.0,60.0,16.0,16.0,16.0,12.0,12.0,12.0,21.0,10.0,0.0,0.0,0.0,0.0,0.0,0.0,0.0,0.0,0.0,0.0,0.0,0.0,0.0,80.92301301275205,80.92301301275205,0.0,0.0,0.0,80.92301301275205,0.0,0.0,0.0013966666666666668 
 03/31  14:00:00,15.79,63.0,2.68,137.5,610.0,0.0,0.0,0.0,0.0,0.0,0.0,0.0,0.0,0.0,0.0,826.0,0.0,2092.9063287634728,73.98516762788353,189.58641342212366,62.755218858194087,1670.3310383952212,0.0,73.9851676278835,101.14333331459959,0.0,0.0,20.319844576967065,191.68686708925453,22.72542271015333,-765.5673648521843,19.9964039492004,181.13996869372932,20.166662853086558,35.12940408974373,19.113237422897897,18.464583364992224,23.078399951777287,-360.95338967956288,19.692746737926883,211.51372479396287,18.573607177641955,166.42006378477096,19.527260123774714,244.66025032207336,142.88567181282634,-325.88799037644187,0.0,0.0,0.0,0.0,0.0,0.0,0.0,0.0,0.0,0.0,0.0,0.0,0.0,0.0,0.0,0.0,0.0,0.0,0.0,0.0,0.0,0.0,0.0,0.0,256.8253838650269,301.40537184523728,2584.1005414140838,0.0,0.0,252.18485913979027,295.39867713062076,2811.576965365852,0.585857286971485,0.11070621446929048,231.42796637542177,272.0361044579256,2120.3367634406988,0.13812841618243833,0.026101363602123636,141.45661529478358,166.37665703901284,1245.902366160486,0.0,0.0,6.72737092251636,7.936622957082988,47.79580321554548,0.0,0.0,87.20679692609912,101.81867659034642,1140.217201894052,0.0,0.0,194.8696255105878,229.09337344965145,1777.1669297375475,0.0,0.0,28.555481630365706,33.72740885732457,183.66532910459754,0.0,0.0,79.67802207337175,93.81499354790228,656.5985531086274,20.904248827264956,14.337619223089823,240.47030836599584,283.09211564203715,2153.9853578191884,0.0,0.0,98.01889747208743,114.58265259093656,1215.5962286291525,0.0,20.84114133492124,44.87849840076238,22.0,30.0,0.0,21.397872370174619,43.3866714852481,16.0,30.0,0.0,20.370198364708484,46.18723048999932,22.0,30.0,0.0,20.197196340274954,46.660907856191808,16.0,30.0,0.0,19.319061366276818,49.078762573280688,12.0,30.0,0.0,22.370786916151507,40.71841756679558,16.0,30.0,0.0,20.34202302569068,46.11517813225811,10.0,30.0,0.0,18.979095230976804,50.151071372937007,12.0,30.0,0.0,19.894858524683785,47.37841783286713,12.0,30.0,0.0,19.923345643672083,0.0,0.0,0.0,22.009938051608534,0.0,0.0,523.242055460745,521.3652540343778,524.4064551691856,526.7465576641401,561.6019055798303,552.2178068779273,551.4648006927127,557.5941104704293,556.7179834591229,0.0,80.92301301275205,80.92301301275205,60.0,0.0,60.0,60.0,16.0,16.0,16.0,12.0,12.0,12.0,21.0,10.0,0.0,0.0,0.0,0.0,0.0,0.0,0.0,0.0,0.0,0.0,0.0,0.0,0.0,80.92301301275205,80.92301301275205,0.0,0.0,0.0,80.92301301275205,0.0,0.0,0.0013933333333333335 
 03/31  14:10:00,15.83,63.166666666666667,2.6883333333333336,139.66666666666669,608.3333333333333,0.0,0.0,0.0,0.0,0.0,0.0,0.0,0.0,0.0,0.0,826.0,0.0,2104.4479668660535,74.43780107585337,190.74621387786889,63.10128187803987,1679.5422163801946,0.0,74.43780107585333,101.76211755426786,0.0,0.0,20.38691523063614,211.53724021607924,22.813697106793815,-794.9601962256511,20.026969893653779,176.9361641171272,20.20144553538716,42.15874230826739,19.173452193289046,19.031238766164848,23.214637714247297,-369.0637255762931,19.763327514453388,214.8382933548346,18.628851812068804,170.39489953352314,19.601319359237203,250.9836938007379,144.2051803666036,-331.88117124841758,0.0,0.0,0.0,0.0,0.0,0.0,0.0,0.0,0.0,0.0,0.0,0.0,0.0,0.0,0.0,0.0,0.0,0.0,0.0,0.0,0.0,0.0,0.0,0.0,254.86882255947354,298.99062384143476,2592.654155832782,0.0,0.0,261.86146736549986,306.65718637550676,2925.636641031264,0.578122982942147,0.1092447057713808,226.57344972830726,266.2785950718498,2074.3935784566049,0.1388679276099055,0.02624110499053391,148.57351734191014,174.70934199767513,1309.571887032097,0.0,0.0,6.703353223241575,7.906059877131726,47.92559778343676,0.0,0.0,88.00132063886085,102.69718450675265,1164.368101845672,0.0,0.0,195.4351941866812,229.67616444133302,1799.6067811299946,0.0,0.0,28.730352866006745,33.92368082044237,186.4330770495944,0.0,0.0,80.28602881642034,94.49658061813801,668.9610347299064,20.891254376531227,14.328706705439803,239.43731606112326,281.81205721126937,2148.0631531131396,0.0,0.0,98.81277790580744,115.45886665090957,1239.2424849769726,0.0,20.938811976580177,44.617739717023777,22.0,30.0,0.0,21.45110044677998,43.26739541321734,16.0,30.0,0.0,20.407735116648899,46.0886982385315,22.0,30.0,0.0,20.24164252180572,46.547866653316507,16.0,30.0,0.0,19.38245162220817,48.89777132450835,12.0,30.0,0.0,22.4929270008985,40.42772310365311,16.0,30.0,0.0,20.428004224545448,45.88012498862556,10.0,30.0,0.0,19.04860945703483,49.94534084404351,12.0,30.0,0.0,19.9822107175205,47.133447049056787,12.0,30.0,0.0,19.96943442261645,0.0,0.0,0.0,22.12319077875843,0.0,0.0,522.4378720899587,518.6387479814728,523.9202974628576,525.444726150236,558.8479137147955,549.8143037249545,549.4890217513953,555.0978363105086,554.270440261096,0.0,80.92301301275205,80.92301301275205,60.0,0.0,60.0,60.0,16.0,16.0,16.0,12.0,12.0,12.0,21.0,10.0,0.0,0.0,0.0,0.0,0.0,0.0,0.0,0.0,0.0,0.0,0.0,0.0,0.0,80.92301301275205,80.92301301275205,0.0,0.0,0.0,80.92301301275205,0.0,0.0,0.0013900000000000002 
 03/31  14:20:00,15.870000000000001,63.33333333333334,2.696666666666667,141.83333333333332,606.6666666666666,0.0,0.0,0.0,0.0,0.0,0.0,0.0,0.0,0.0,0.0,826.0,0.0,2111.795344733763,74.87426581525705,191.86457888465706,63.321581621164927,1685.4059953482977,0.0,74.87426581525702,102.35879794349954,0.0,0.0,20.41104805236801,191.22173510720496,22.91379474426608,-786.1661622279971,20.073803211799456,199.70088390964157,20.23395784575562,42.427869057318279,19.23464571888138,19.749930645819519,23.345477533552289,-378.1297621030417,19.838465522714139,221.08876274569958,18.684836177747113,174.92149927895344,19.673288602360399,253.31139712059395,145.2985075796969,-335.822594578246,0.0,0.0,0.0,0.0,0.0,0.0,0.0,0.0,0.0,0.0,0.0,0.0,0.0,0.0,0.0,0.0,0.0,0.0,0.0,0.0,0.0,0.0,0.0,0.0,264.01048359261866,309.68866431733519,2666.9154457150959,0.0,0.0,252.4898405347674,295.5757763584583,2842.862100591249,0.6050904580356613,0.11434060053583929,239.05804862061744,280.8656424551741,2202.461596581447,0.14350051564731265,0.027116499555425664,147.2783413016426,173.15293680926104,1297.273758326265,0.0,0.0,6.813709634205165,8.033935739818281,49.02826522433117,0.0,0.0,88.72614523874594,103.49550224790025,1186.8828920649178,0.0,0.0,196.54659957103713,230.89381928477057,1830.0672590650573,0.0,0.0,29.075141016529629,34.320369457838769,190.3447688037916,0.0,0.0,80.14420235507432,94.29705237019361,674.3146269765687,20.90983491892423,14.341450561676432,248.3845644747573,292.2753383090846,2225.531632347663,0.0,0.0,98.89895283198058,115.5099415862053,1253.0684631529953,0.0,20.943544732667747,44.62942455071753,22.0,30.0,0.0,21.536814964568934,43.0695290443744,16.0,30.0,0.0,20.478025918416895,45.898301493218877,22.0,30.0,0.0,20.279304079276053,46.448737442673458,16.0,30.0,0.0,19.44647103021266,48.715302930780278,12.0,30.0,0.0,22.609597392374547,40.15124888979245,16.0,30.0,0.0,20.521401823686995,45.62764098749028,10.0,30.0,0.0,19.118342905727784,49.740930977314587,12.0,30.0,0.0,20.064497504119456,46.905180927161747,12.0,30.0,0.0,20.01684246438961,0.0,0.0,0.0,22.2309384949875,0.0,0.0,519.6167007383028,517.3860214995453,523.0440281920801,524.8482616897943,556.2511859817065,547.7500501961564,547.2353336268894,552.6367645936567,551.9048140648324,0.0,80.92301301275205,80.92301301275205,60.0,0.0,60.0,60.0,16.0,16.0,16.0,12.0,12.0,12.0,21.0,10.0,0.0,0.0,0.0,0.0,0.0,0.0,0.0,0.0,0.0,0.0,0.0,0.0,0.0,80.92301301275205,80.92301301275205,0.0,0.0,0.0,80.92301301275205,0.0,0.0,0.0013833333333333335 
 03/31  14:30:00,15.91,63.5,2.705,144.0,605.0,0.0,0.0,0.0,0.0,0.0,0.0,0.0,0.0,0.0,0.0,826.0,0.0,2114.854749762408,75.29349221953449,192.93876773443959,63.41330818640195,1687.84758454832,0.0,75.29349221953444,102.93191222169351,0.0,0.0,20.493253419929958,224.14145250477669,22.985432565355557,-833.2333221800436,20.09834149722148,182.15439638712997,20.272264513231315,52.3994033542358,19.296264155350067,20.08516654763531,23.472329376058,-384.42044839692428,19.90609591933594,222.1160544356162,18.739882501858636,177.7326262442225,19.746884878913414,260.51141586685346,148.411695805833,-340.53000946878,0.0,0.0,0.0,0.0,0.0,0.0,0.0,0.0,0.0,0.0,0.0,0.0,0.0,0.0,0.0,0.0,0.0,0.0,0.0,0.0,0.0,0.0,0.0,0.0,262.40118625732438,307.64714829670859,2694.5841555113904,0.0,0.0,270.6289718190791,316.7557218843268,3041.440778485198,0.5815230551890671,0.1098871986373899,226.48932087121913,266.0606826600162,2078.3090713028939,0.14238339796362096,0.026905403999172508,157.42169060283906,185.03543588206248,1389.0239251077165,0.0,0.0,6.715066618264702,7.9153917193982699,48.62238423551176,0.0,0.0,89.41583384687499,104.25271666595991,1208.7887378811354,0.0,0.0,196.8535032812235,231.17758764387916,1847.3885382773336,0.0,0.0,29.151746025563474,34.40072807845506,192.34325288335766,0.0,0.0,81.22071601001564,95.529648286116,690.49363925002,20.88218340061784,14.322485185608949,248.20678438835527,291.9864382954503,2233.852227884962,0.0,0.0,100.12063420820006,116.8906119562883,1279.4630569471718,0.0,21.070209324630729,44.31048561458343,22.0,30.0,0.0,21.567217562555244,43.01508281202216,16.0,30.0,0.0,20.500015996676095,45.86158262918701,22.0,30.0,0.0,20.32827184639499,46.319110148077729,16.0,30.0,0.0,19.510109553763127,48.53441230018618,12.0,30.0,0.0,22.724339021970264,39.884260689278217,16.0,30.0,0.0,20.59982086838964,45.418668161457897,10.0,30.0,0.0,19.18494327164605,49.54566478646086,12.0,30.0,0.0,20.149933971862465,46.668102733698109,12.0,30.0,0.0,20.07659389361334,0.0,0.0,0.0,22.328496884212794,0.0,0.0,518.3355832537299,516.7087512319506,520.2608083239327,523.8081883925008,553.8089695053359,545.4613753556374,545.2035530233085,550.4842915931357,549.7662045847989,0.0,80.92301301275205,80.92301301275205,60.0,0.0,60.0,60.0,16.0,16.0,16.0,12.0,12.0,12.0,21.0,10.0,0.0,0.0,0.0,0.0,0.0,0.0,0.0,0.0,0.0,0.0,0.0,0.0,0.0,80.92301301275205,80.92301301275205,0.0,0.0,0.0,80.92301301275205,0.0,0.0,0.0013766666666666667 
 03/31  14:40:00,15.950000000000001,63.66666666666667,2.7133333333333335,148.5,547.3333333333334,0.0,0.0,0.0,0.0,0.0,0.0,0.0,0.0,0.0,0.0,826.0,0.0,1936.9298861422795,71.90020395751735,184.24340044563636,58.07828720772163,1545.8473147326327,0.0,71.9002039575173,98.29302990620127,0.0,0.0,20.496703342683359,184.42328560060924,23.0105648124254,-776.1499554229904,20.15241303994845,218.7786358110534,20.2996542742761,48.06824274594237,19.340939118528966,21.10304525987175,23.51520627360182,-386.42177977122449,19.98240131519537,229.35493514347673,18.794254205566494,182.01919656169935,19.814098208723654,259.25715959915308,147.44556361755168,-338.27900412640659,0.0,0.0,0.0,0.0,0.0,0.0,0.0,0.0,0.0,0.0,0.0,0.0,0.0,0.0,0.0,0.0,0.0,0.0,0.0,0.0,0.0,0.0,0.0,0.0,271.8127359136043,318.7049403182534,2747.0822478934308,0.0,0.0,249.84322636326193,292.3336778527366,2823.783259460862,0.6239407935655285,0.117902644286759,247.1698855809423,290.2501938935198,2289.4871772331036,0.14805267303383749,0.027976695584625366,150.5662682724243,176.94647166273624,1325.8308508031797,0.0,0.0,6.896764552382829,8.127824647901062,49.97919414709365,0.0,0.0,90.01584198134967,104.92110239186742,1221.641768437556,0.0,0.0,198.07759257420472,232.52519368256947,1879.5273831036814,0.0,0.0,29.56868194484152,34.88245367502804,196.64597678906595,0.0,0.0,80.536570538404,94.69447807161468,690.1459416556716,20.90911731181849,14.340958375732852,256.7450631275922,301.9731936348671,2302.044747496352,0.0,0.0,99.66131469162282,116.31595560177088,1280.7404326295223,0.0,21.028119364985384,44.454376133575049,22.0,30.0,0.0,21.641126463830749,42.84707883365647,16.0,30.0,0.0,20.585199125443258,45.64937387194907,22.0,30.0,0.0,20.35966563849631,46.254222176759558,16.0,30.0,0.0,19.553858788106117,48.414541509462988,12.0,30.0,0.0,22.79298623264034,39.72884037491816,16.0,30.0,0.0,20.69397819259035,45.17151373080656,10.0,30.0,0.0,19.25212950739842,49.35039986166635,12.0,30.0,0.0,20.225336534752338,46.46206256383375,12.0,30.0,0.0,20.1120924456764,0.0,0.0,0.0,22.406827729760399,0.0,0.0,517.5500249148079,515.9843970679118,518.9384856022418,521.2211023033467,551.4166074611252,543.5876703588801,542.9083107571045,548.2601635928118,547.5811046524779,0.0,80.92301301275205,80.92301301275205,60.0,0.0,60.0,60.0,16.0,16.0,16.0,12.0,12.0,12.0,21.0,10.0,0.0,0.0,0.0,0.0,0.0,0.0,0.0,0.0,0.0,0.0,0.0,0.0,0.0,80.92301301275205,80.92301301275205,0.0,0.0,0.0,80.92301301275205,0.0,0.0,0.00137 
 03/31  14:50:00,15.99,63.833333333333339,2.7216666666666669,153.0,489.6666666666667,0.0,0.0,0.0,0.0,0.0,0.0,0.0,0.0,0.0,0.0,826.0,0.0,1793.4288253968744,70.86444513396646,181.58907952187557,53.775447268070447,1431.3203157904878,0.0,70.86444513396643,96.8770690686068,0.0,0.0,20.58817736940907,229.63849312232379,22.97572591761777,-815.1325145986757,20.16512698699534,180.6851034722713,20.338017496061484,63.51897532070052,19.380192217715753,21.569750985242196,23.536449061876789,-376.61643033894827,20.038364120773914,223.36535230316714,18.845946325027314,182.62630739025372,19.884428590092186,267.1251283479505,152.02812100374468,-337.7492777962416,0.0,0.0,0.0,0.0,0.0,0.0,0.0,0.0,0.0,0.0,0.0,0.0,0.0,0.0,0.0,0.0,0.0,0.0,0.0,0.0,0.0,0.0,0.0,0.0,265.43277779395489,311.0490161467611,2736.8670359688887,0.0,0.0,274.68368746526576,321.4137653870603,3064.20316541335,0.5728662640049884,0.10825137263888674,222.27411888471793,261.00023783015396,2039.5524430588496,0.14396134467131378,0.02720357986986276,166.37134707551858,195.4721829579222,1468.6345738432218,0.0,0.0,6.696452172184229,7.890349402786732,48.4272265841612,0.0,0.0,89.71846908452528,104.55087554337236,1218.6066879326575,0.0,0.0,197.40776648230108,231.68124916667149,1878.2126755115349,0.0,0.0,29.500912914870523,34.79308566763021,197.33232968133454,0.0,0.0,82.35115435913385,96.7949904142975,712.2031659908707,20.85485212414064,14.303739454143104,252.34767137410999,296.7187724823835,2275.38526685535,0.0,0.0,101.58260967347678,118.52794490087875,1308.3680870297849,0.0,21.173787183279516,44.08256186236139,22.0,30.0,0.0,21.606833966878246,42.96474244683667,16.0,30.0,0.0,20.58162961859088,45.689317915588848,22.0,30.0,0.0,20.412180899865527,46.133317342535708,16.0,30.0,0.0,19.586992403643774,48.327448955506898,12.0,30.0,0.0,22.840140722483349,39.63043753783451,16.0,30.0,0.0,20.747973195289434,45.03236349089904,10.0,30.0,0.0,19.312283300086869,49.1778525854211,12.0,30.0,0.0,20.306421877608615,46.2418317919157,12.0,30.0,0.0,20.171998582321579,0.0,0.0,0.0,22.463068438527377,0.0,0.0,516.7510118333103,514.6471189160482,518.1359089609307,519.7180184110754,549.1409346611807,541.3073559409418,541.4994211629894,546.1613153564917,545.4601779304367,0.0,80.92301301275205,80.92301301275205,60.0,0.0,60.0,60.0,16.0,16.0,16.0,12.0,12.0,12.0,21.0,10.0,0.0,0.0,0.0,0.0,0.0,0.0,0.0,0.0,0.0,0.0,0.0,0.0,0.0,80.92301301275205,80.92301301275205,0.0,0.0,0.0,80.92301301275205,0.0,0.0,0.0013766666666666667 
 03/31  15:00:00,16.03,64.0,2.73,157.5,432.0,0.0,0.0,0.0,0.0,0.0,0.0,0.0,0.0,0.0,0.0,826.0,0.0,1648.0629969660234,69.91195650197811,179.14814480345377,49.41669486458704,1315.3050840094009,0.0,69.91195650197808,95.57494489598742,0.0,0.0,20.546832120893407,158.19641295237853,22.979852639924446,-707.8598038687487,20.22260024057525,229.54151963068217,20.362989188007249,50.35742487152311,19.415146269093535,22.670929664193353,23.530828036526665,-370.3030335067697,20.102819255706345,227.77645267206573,18.897201518306816,184.80279230980524,19.942920816363526,253.5281644190154,150.4130006056821,-326.5359878310751,0.0,0.0,0.0,0.0,0.0,0.0,0.0,0.0,0.0,0.0,0.0,0.0,0.0,0.0,0.0,0.0,0.0,0.0,0.0,0.0,0.0,0.0,0.0,0.0,274.6612283407138,321.9875690596233,2737.867192921504,0.0,0.0,235.09673408148044,274.99573718640928,2641.183125474759,0.6264882829818744,0.11838402928606853,250.18274991713404,293.6598098265503,2320.2803486572927,0.1484586201163356,0.028053405161816999,150.01810324883847,176.23325470307064,1318.7981276062968,0.0,0.0,6.947542417142016,8.184917641261979,50.05426230011981,0.0,0.0,89.22517489330481,103.9626968094583,1207.9996910934406,0.0,0.0,196.42908969667654,230.4609503331121,1880.7282349953762,0.0,0.0,29.888466008383458,35.24071518592624,201.0168338503415,0.0,0.0,79.45517661719589,93.36693218242005,689.6132650308675,20.87115695299936,14.314922464334272,259.60593763136355,305.2084951496983,2325.4834860072439,0.0,0.0,98.80249430940852,115.25865482937701,1273.443106108664,0.0,21.039348836027579,44.48364983624251,22.0,30.0,0.0,21.688575221924184,42.79228890797455,16.0,30.0,0.0,20.67301921375523,45.45784335999766,22.0,30.0,0.0,20.433916750737457,46.10017051246382,16.0,30.0,0.0,19.61394789652647,48.25969144961196,12.0,30.0,0.0,22.858840150563546,39.595369927787228,16.0,30.0,0.0,20.81968509281867,44.85338528909235,10.0,30.0,0.0,19.371434561844347,49.012480866590198,12.0,30.0,0.0,20.36302879454916,46.09446522882772,12.0,30.0,0.0,20.193809116153955,0.0,0.0,0.0,22.508990851944284,0.0,0.0,515.1335307366973,512.7235105070467,517.2777290149192,518.9971252437313,546.9791944276293,539.9536963567809,539.0926127271345,543.9239319355461,543.3640239909823,0.0,80.92301301275205,80.92301301275205,60.0,0.0,60.0,60.0,16.0,16.0,16.0,12.0,12.0,12.0,21.0,10.0,0.0,0.0,0.0,0.0,0.0,0.0,0.0,0.0,0.0,0.0,0.0,0.0,0.0,80.92301301275205,80.92301301275205,0.0,0.0,0.0,80.92301301275205,0.0,0.0,0.0013833333333333335 
 03/31  15:10:00,15.778333333333335,65.5,2.7116666666666666,162.0,374.3333333333333,0.0,0.0,0.0,0.0,0.0,0.0,0.0,0.0,0.0,0.0,4135.0,0.0,1501.65644324188,69.04513029621822,176.92672744288459,45.02673864812217,1198.4592803726367,0.0,69.04513029621819,94.3899277544981,0.0,0.0,21.098512743825105,-232.8195136058489,23.077541655506918,-298.4683360944227,20.950255679932327,-696.0912681189867,20.5886960518747,512.4114195608657,19.443552828168355,25.90890935896289,23.50788931404677,-340.09418277911586,20.16920388011905,253.8624459582618,18.93571018405884,187.0508509168485,19.994796804757735,275.06267229821045,232.86386549260059,-321.2603304126187,0.0,0.0,0.0,0.0,0.0,0.0,0.0,0.0,0.0,0.0,0.0,0.0,0.0,0.0,0.0,0.0,0.0,0.0,0.0,0.0,0.0,0.0,0.19423290832393537,0.05928965455553584,172.58766992801075,202.74753534390997,2096.2215990889428,0.028532044915095604,0.004354707709874176,148.88982616261067,174.93803958865196,1803.3928152776749,0.4026953869859136,0.07609512225735334,303.8094296163624,356.7395194596655,3647.5856765415039,0.1908989785653491,0.03607312520131312,304.6045617532029,358.76250204701548,3101.035537053214,0.0,0.0,7.588573356550537,8.977122270511473,58.68608661353646,0.0,0.0,86.2524022409504,100.931192573223,1211.4295201559524,0.0,0.0,204.80068219717863,241.2354336389459,2093.4923802324267,0.0,0.0,30.095457239833118,35.63167834432832,219.45828517497433,0.0,0.0,84.24126493766859,99.39121529734412,780.8349896760751,21.984636172574278,15.078625632766999,372.46604749148738,439.31713477480778,3749.584525827404,0.0,0.0,103.8651542021939,121.67090820749066,1391.420023729207,729.7959159816547,21.88848923179544,42.29113039286189,21.6,30.0,0.0,21.96579230295476,42.120438450086329,16.0,30.0,1554.1968765669699,21.80386811465258,42.532177726549,21.6,30.0,0.0,20.863919509618016,45.009764920355639,16.0,30.0,0.0,19.629919848821844,48.22245298041029,12.000000000000002,30.0,0.0,22.869439449204508,39.596293181886,16.0,30.0,0.0,20.897785320595554,44.684397697249227,10.0,30.0,0.0,19.4061612980109,48.92153971096161,12.000000000000002,30.0,0.0,20.411010418325266,45.97885132279579,16.0,30.0,0.0,20.547701886128566,0.0,0.0,0.0,22.519432721853585,0.0,0.0,514.131953494805,511.9171872648285,513.078887894182,514.8063966457711,545.1213394303529,536.8356269251955,535.0711904052359,541.8206078692468,540.694270694816,5538.6110773505629,82.57595761940904,83.94885776275008,60.0,0.0,60.0,60.0,16.0,16.0,16.0,16.0,12.0,12.0,21.0,10.0,1.0,0.0,729.7959159816547,0.0,1554.1968765669699,0.0,0.0,0.0,0.0,0.0,2077.7498501232669,1246649.91007396,1615815.9721380478,82.57595761940904,83.97217416489971,0.20525832833744224,0.46108561144298057,0.21616882441179575,83.97217416489971,0.21255886916633252,1615815.9721380478,0.08541243055117849 
 03/31  15:20:00,15.526666666666669,67.0,2.6933333333333335,166.5,316.66666666666665,0.0,0.0,0.0,0.0,0.0,0.0,0.0,0.0,0.0,0.0,1654.0,0.0,1286.7821729771006,66.92809683308167,171.50173765272357,38.583815950392068,1026.9701728228636,0.0,66.92809683308164,91.49578250801923,0.0,0.0,20.9031695734311,185.43679622780292,23.127167268220164,-645.8265061950751,20.56285714688353,32.122544874219787,20.808173616941255,135.61267770556129,19.470648527782648,25.55966051072741,23.454678134353558,-323.5031141191391,20.2383393152133,219.57567529364133,18.988684102617449,184.59308295412348,20.068186752432078,263.93564661546659,261.2532688347346,-311.5306309841353,0.0,0.0,0.0,0.0,0.0,0.0,0.0,0.0,0.0,0.0,0.0,0.0,0.0,0.0,0.0,0.0,0.0,0.0,0.0,0.0,0.0,0.0,0.3188369965386647,0.09732509051851793,232.93357982901345,273.01395553813708,2792.2536076927924,0.014548928592419158,0.002220532446950421,212.57690354137578,248.6193611994448,2748.906404803273,0.5078210917815411,0.09596014583929352,277.19412874177308,325.8352584448528,3068.4109470964478,0.15836408051776935,0.029925185283025188,199.9671784380364,235.27790720626823,2260.9014887084888,0.0,0.0,7.279910423003521,8.598540491544032,60.19345490895945,0.0,0.0,85.68064349731057,100.07626980270341,1246.6116734056587,0.0,0.0,202.05837122282385,237.5608475475031,2189.6051874753468,0.0,0.0,30.318760999646075,35.82543413252345,239.91063082241835,0.0,0.0,84.3201391818061,99.2884705620807,837.414807997319,22.254780198197005,15.263909600958169,342.67232466696069,403.1577448836189,3726.526448863258,0.0,0.0,104.54782205568283,122.26178993271594,1452.3470789976655,0.0,21.515222849826374,43.327572922331309,21.0,30.0,0.0,22.121764863505079,41.81549135208455,16.0,30.0,0.0,21.078489776644209,44.47993009111898,21.0,30.0,0.0,21.149750657489134,44.298629337076118,16.0,30.0,0.0,19.646467230926583,48.20241722755647,12.0,30.0,0.0,22.872284794673726,39.62228980201675,16.0,30.0,0.0,20.95637962049254,44.53932411599048,10.0,30.0,0.0,19.46579855379006,48.77662901737406,12.0,30.0,0.0,20.493655192397165,45.778838886690248,16.0,30.0,0.0,20.65741626267664,0.0,0.0,0.0,22.517579649648988,0.0,0.0,511.7321460152707,509.21742578627916,512.7285804601784,512.4404913624768,541.6298555322559,533.6355825297121,533.4620422938751,538.1677715037066,537.2027787556376,0.0,83.58816468833344,83.58816468833344,60.0,0.0,60.0,60.0,16.0,16.0,16.0,16.0,12.0,12.0,21.0,10.0,1.0,0.0,0.0,0.0,0.0,0.0,0.0,0.0,0.0,0.0,0.0,0.0,0.0,83.58816468833344,83.58816468833344,0.0,0.0,0.0,83.58816468833344,0.0,0.0,0.0014000000000000003 
 03/31  15:30:00,15.275,68.5,2.675,171.0,259.0,1.0,0.0,0.0,0.0,0.0,0.0,0.0,0.0,0.0,0.0,1655.0,0.0,1147.0299020949759,66.11432539190709,169.41629790815288,34.39338896573168,915.4351227693525,0.0,66.11432539190706,90.38329525205197,0.0,0.0,20.87553908889323,117.62359879823635,22.740665357368628,-593.2071806991307,20.840515789918759,-62.06048982539642,20.612289302875668,40.109642403171168,19.466734946131348,24.80744389091089,23.199828780159686,-297.8447323813648,20.24624034298198,206.032778114321,18.97125851209688,166.55274711983578,20.05227277278489,210.14391400387377,226.11917154543154,-233.85867905213059,0.0,0.0,0.0,0.0,0.0,0.0,0.0,0.0,0.0,0.0,0.0,0.0,0.0,0.0,0.0,0.0,0.0,0.0,0.0,0.0,0.0,0.0,0.25231758569452947,0.07702002005327516,261.0164400377749,306.2883679136273,3188.8757556585399,0.0,0.0,228.68591493508877,268.11017663376489,2968.5093893904279,0.6608732918225673,0.12488157441847459,214.1842589582575,251.15299242728833,2682.2757213732477,0.15239590555831079,0.02879741223702017,139.97934649308238,164.66684762712766,1566.4046991639223,0.0,0.0,7.145552605046143,8.437487748453825,62.05174229952921,0.0,0.0,83.15051380947236,97.13449328436649,1234.9376526520346,0.0,0.0,193.90994943991076,227.95664121431777,2185.2292572967846,0.0,0.0,30.34047629510286,35.84588533194385,254.94623940377955,0.0,0.0,79.50491276012645,93.61709230996185,827.7609408096362,22.147972969416256,15.190653614140098,242.1277971399416,285.0322529444097,2736.4767506847158,0.0,0.0,99.64191150772044,116.6402146325868,1373.9219701433138,0.0,21.424405861420398,43.73389617106038,21.0,30.0,0.0,21.821040844188628,42.74487504775314,16.0,30.0,864.5330389931748,21.51296643442356,43.45335489275405,21.5,30.0,0.0,20.884504246751399,45.07772948384081,16.0,30.0,0.0,19.60301165175018,48.364804741892829,12.0,30.0,0.0,22.77269418177665,39.92155924255647,16.0,30.0,0.0,20.92289713445724,44.71152233785086,10.0,30.0,0.0,19.459821860683414,48.84431825013243,12.0,30.0,0.0,20.48301584391413,45.86027785529164,16.0,30.0,0.0,20.482665916907317,0.0,0.0,0.0,22.20742002114769,0.0,0.0,507.2253934367137,505.7521156089206,509.0847376248273,511.16658826618245,538.5419344276572,529.2344816692398,528.3219412355079,534.1506757244321,533.0065523523334,8840.979978324109,82.15902021588932,82.15902021588932,60.0,0.0,60.0,60.0,16.0,16.0,16.0,16.0,12.0,12.0,21.0,10.0,1.0,0.0,0.0,0.0,864.5330389931748,0.0,0.0,0.0,0.0,0.0,0.0,0.0,0.0,82.15902021588932,82.15902021588932,0.34,0.6923609420436817,0.36028137401965956,82.15902021588932,0.3542647819438875,0.0,0.00141 
 03/31  15:40:00,15.023333333333334,70.0,2.6566666666666669,163.16666666666667,223.0,1.0,0.0,0.0,0.0,0.0,0.0,0.0,0.0,0.0,0.0,2484.0,0.0,1028.6705013737793,62.38383288204271,159.8569165647071,30.84441477009461,820.9734724863909,0.0,62.38383288204268,85.28342916469545,0.0,0.0,20.816988742760395,188.11192762069383,22.632246591839598,-479.43793675747028,20.851616725824877,-255.93220855594505,20.633821078925963,219.34296204305628,19.463063620384959,22.738526344120904,23.074174687706355,-281.69451081389595,20.259338469447827,181.76534189237965,18.966596974693496,136.7147595608076,20.04302782641792,163.49626727363796,286.4537113733594,-97.52292611289438,0.0,0.0,0.0,0.0,0.0,0.0,0.0,0.0,0.0,0.0,0.0,0.0,0.0,0.0,0.0,0.0,0.0,0.0,0.0,0.0,0.0,0.0,0.40575586530594545,0.12385710174174169,228.83600201228797,268.8187136368934,2862.982365583242,0.0,0.0,214.34049789180387,251.3931113537983,2867.9336078020176,0.4819499501993264,0.09107141916087054,235.567048545992,276.8951493781132,2950.0024953873946,0.15390438906505095,0.029082462030432925,224.6486956964933,264.4020662668467,2649.2390545804398,0.0,0.0,7.076423603213746,8.364510946862883,64.4683375642677,0.0,0.0,82.40803163144591,96.38808885942956,1246.0323498344174,0.0,0.0,192.83669245594036,226.88518758395578,2262.0464550298559,0.0,0.0,29.63177673071089,35.0409753053433,261.49185426800008,0.0,0.0,80.9304524046887,95.37073271363122,874.5721961733759,22.52635051843463,15.450171823343386,362.18227707389817,426.6279205204067,4326.5026406942929,0.0,0.0,100.51980976398098,118.03419621849165,1293.8051806058832,0.0,21.312396967907227,44.102431935867787,21.000000000000015,30.00000000000002,0.0,21.772535041124656,42.91055371952355,16.000000000000015,30.00000000000002,0.0,21.29931307863936,44.152120551404248,21.000000000000015,30.00000000000002,0.0,20.950046905262157,45.03928342170674,16.000000000000015,30.00000000000002,0.0,19.5650734919443,48.513679369217658,12.00000000000001,30.00000000000002,0.0,22.655219234044833,40.24773561580102,19.000000000000015,30.00000000000002,0.0,20.904435153641029,44.8077699827798,10.000000000000007,30.00000000000002,0.0,19.420002884688708,49.00919993622628,16.000000000000015,30.00000000000002,0.0,20.43118317600374,46.04913939345568,16.000000000000015,30.00000000000002,0.0,20.661783933946,0.0,0.0,0.0,21.47819827231411,0.0,0.0,505.8379625731533,504.55079924111007,505.40221847828846,507.1841419569914,535.6985034258737,526.7745177534958,526.0353011901565,531.1754464305218,530.1843977800431,0.0,80.72603236994506,80.72603236994506,60.00000000000004,0.0,60.00000000000004,60.00000000000004,16.0,16.0,19.0,16.0,16.0,12.0,21.0,10.0,1.0,0.0,0.0,0.0,0.0,0.0,0.0,0.0,0.0,0.0,0.0,0.0,0.0,80.72603236994506,80.72603236994506,0.0,0.0,0.0,80.72603236994506,0.0,0.0,0.0014199999999999999 
 03/31  15:50:00,14.771666666666667,71.5,2.6383333333333338,155.33333333333335,187.00000000000004,1.0,0.0,0.0,0.0,0.0,0.0,0.0,0.0,0.0,0.0,1658.0,0.0,852.5709702858223,57.77898699243343,148.057063618738,25.564134591025508,680.4300801078439,0.0,57.7789869924334,78.98825571834127,0.0,0.0,20.828778490280109,171.035420404246,22.519639939334838,-455.60640650324879,20.600989312413789,8.53819645333806,20.600237992209637,70.04210176546477,19.458254905133054,20.42202154736134,22.936201320227249,-263.2388623261252,20.247836212481315,171.23559129934984,18.933888455403794,113.40009158388512,20.003510773094435,119.56139409409548,263.7163701399095,0.8374874644687225,0.0,0.0,0.0,0.0,0.0,0.0,0.0,0.0,0.0,0.0,0.0,0.0,0.0,0.0,0.0,0.0,0.0,0.0,0.0,0.0,0.0,0.0,0.3725094825843685,0.11370863326751177,218.54176404951932,256.4571983015018,2839.888663473459,0.0,0.0,221.2601514195593,259.2862940408028,3047.0412178120225,0.623950430378752,0.11790446530210735,190.67962702727329,224.02226769375526,2349.9219239964916,0.1458669132701078,0.027563664639098218,100.23676403239183,118.09023095600203,1225.4498363365449,0.0,0.0,7.027771184704795,8.298810309540848,67.11602566743082,0.0,0.0,81.01711029296567,94.69786407568626,1246.1988494184846,0.0,0.0,195.21533015846934,229.48078086726265,2364.687850610386,0.0,0.0,30.18043097005797,35.661640266693428,276.27740786008328,0.0,0.0,83.53154260645536,98.36412202154094,928.3244960579225,22.614266381851559,15.510470769445517,283.9818163398058,334.3564728701674,3533.1493330936289,0.0,0.0,103.53702736527727,121.66783488609107,1276.8252782712748,0.0,21.304925823300619,44.173548007257597,21.0,30.0,0.0,21.71730225192421,43.147906653911267,16.0,30.0,80.34403951710648,20.94753850478044,45.15531663801671,21.0,30.0,0.0,20.864268622000098,45.32044074416406,16.0,30.0,0.0,19.533258223126795,48.65297787598651,12.0,30.0,0.0,22.53282876054415,40.585726063396737,19.0,30.0,0.0,20.84424685851211,45.01047114390932,10.0,30.0,0.0,19.332076232017735,49.32728776909612,16.0,30.0,0.0,20.331899163753673,46.37672622925942,16.0,30.0,0.0,20.528551454228457,0.0,0.0,0.0,20.943143281279207,0.0,0.0,504.36012534962148,502.1007792975554,504.46679294941898,506.51400645770817,532.6863342528116,524.6122665397274,524.0543642542175,528.4038235137157,527.6481889866357,4082.7478746253607,81.66589895091201,81.66589895091201,60.0,0.0,60.0,60.0,16.0,16.0,19.0,16.0,16.0,12.0,21.0,10.0,1.0,0.0,0.0,0.0,80.34403951710648,0.0,0.0,0.0,0.0,0.0,0.0,0.0,0.0,81.66589895091201,81.66589895091201,0.17,0.310034736341539,0.18014068700982978,81.66589895091201,0.17713239097194376,0.0,0.0014333333333333334 
 03/31  16:00:00,14.52,73.0,2.62,147.5,151.0,1.0,0.0,0.0,0.0,0.0,0.0,0.0,0.0,0.0,0.0,3320.0,0.0,740.2001178008392,54.08167550893644,138.58272687778598,22.194726801828087,590.7478557677373,0.0,54.081675508936417,73.93375060964033,0.0,0.0,20.9044472297282,218.10558882222677,22.428504243095973,-315.8391517290329,21.185748079599258,-859.7473190217745,20.705077940353087,391.9887046211643,19.461704636648287,17.64041468626334,22.806793765456808,-255.29681440100695,20.231541333950415,149.05988709936583,18.891281234289936,82.07251523149364,19.950658758023068,61.5706420498791,304.5281840769758,81.32573270634294,0.0,0.0,0.0,0.0,0.0,0.0,0.0,0.0,0.0,0.0,0.0,0.0,0.0,0.0,0.0,0.0,0.0,0.0,0.0,0.0,0.0,0.0,0.4866549052604888,0.1485515583823226,249.52559756107406,293.21265938933137,3434.6598917122275,0.06590995443140027,0.010059516854609324,148.86790321106447,174.80159965541925,2118.80412083782,0.3996121772509803,0.0755125051494672,361.8400653707677,424.52349598116219,5262.966903981071,0.16452261792948123,0.031088930069818819,244.0512782091845,286.9084949556196,3213.2352011226887,0.0,0.0,7.196852363845971,8.509059409918937,72.0814126218784,0.0,0.0,79.24842889619245,92.77913801338895,1242.069859423731,0.0,0.0,202.00614776281035,237.80389067821737,2521.96691615036,0.0,0.0,29.858922245669846,35.33830457640055,282.38961019821405,0.0,0.0,89.87305470648713,106.00090848202193,1023.6157348448137,23.176465702094739,15.89606701103892,424.78907269558689,500.09716535444866,5556.479738169256,0.0,0.0,109.57447705719267,129.12006786860384,1308.275350219941,0.0,21.42728506436958,43.976754007065959,21.0,30.0,0.0,21.70504922158951,43.30548574507126,16.0,30.0,1452.3444142457948,21.848653673665895,42.87854339791733,21.5,30.0,0.0,21.089918751615444,44.846965120043929,16.0,30.0,0.0,19.516249484064156,48.74345635139113,12.0,30.0,0.0,22.428368240015595,40.89215895255555,19.0,30.0,0.0,20.780362620050519,45.261929154737,10.0,30.0,0.0,19.232048638864524,49.68400868235183,16.0,30.0,0.0,20.219123748298185,46.75223670037658,16.0,30.0,0.0,20.69581270579794,0.0,0.0,0.0,20.486989618391463,0.0,0.0,501.4292761108163,499.2858643907336,501.3234076281568,502.8327956605614,530.2616017294447,522.1701361155479,520.9335990644612,526.0246128803869,525.085512422298,4485.936787059837,81.56208234913969,81.56208234913969,60.0,0.0,60.0,60.0,16.0,16.0,19.0,16.0,16.0,12.0,21.0,10.0,1.0,0.0,0.0,0.0,1452.3444142457948,0.0,0.0,0.0,0.0,0.0,0.0,0.0,0.0,81.56208234913969,81.56208234913969,0.17,0.38361981433638767,0.18014068700982978,81.56208234913969,0.17713239097194376,0.0,0.0014466666666666667 
 03/31  16:10:00,14.506666666666666,73.66666666666667,2.5,139.66666666666667,114.99999999999999,1.0,0.0,0.0,2.0,0.0,0.0,0.0,0.0,0.0,4.0,2490.0,0.0,630.9086449822619,50.45361530358276,129.28585352603469,18.91765418384648,503.5232675318069,0.0,50.45361530358274,68.97391724842992,0.0,0.0,20.870020670785487,132.11181741891748,22.36941495985531,-351.18586378657377,21.23251407513858,-563.7191296411256,20.824972175495906,268.7822525879419,19.463293754764736,10.87182857884568,22.841792405998079,-29.507799684400675,20.060029406994646,-12.619261683565128,18.836292597152516,66.99437034161224,19.87899711979648,30.544921032283886,344.89639330906598,102.8502509619816,0.0,0.0,0.0,0.0,0.0,0.0,0.0,0.0,0.0,0.0,0.0,0.0,0.0,0.0,0.0,0.0,0.0,0.0,0.0,0.0,0.0,0.0,0.6186923554552419,0.188856030358743,195.0286156060244,229.0098594441829,2642.4808271361637,0.07636943556553358,0.011655896759086324,186.71601084585965,218.94212020360897,2672.7809711691299,0.31658485532966365,0.05982329087862127,255.49827169519325,299.49904932259138,3727.8658155700798,0.14442658333579415,0.027291493449696545,254.64353438034653,299.1472173058339,3413.104010732978,0.0,0.0,5.2211510692730649,6.1714169578332529,52.24326307751253,0.0,0.0,9.590255742506806,11.210733209748179,153.9617945111471,0.0,0.0,120.3954236189206,141.88699689204425,1422.5487602858009,0.0,0.0,28.616558690035917,33.87042169465286,264.87529131743079,0.0,0.0,77.24578681730901,91.15345111091934,861.9867860259369,22.956849112050035,15.745438348456819,412.8308768328615,485.62298547084688,5468.599894641398,0.0,0.0,96.25597123628674,113.54981771822142,1090.7844133139539,0.0,21.31155664853877,44.39731562905935,21.0,30.0,0.0,21.726226424496404,43.3368414367698,16.0,30.0,0.0,21.866397395254454,43.704349822515357,21.0,30.0,0.0,21.251706509079019,45.00964216752915,16.0,30.0,0.0,19.497164119723107,48.86225793883071,12.0,30.0,0.0,22.608338787586399,42.37011547019056,19.0,30.0,0.0,20.41300828587356,46.41585294088321,10.0,30.0,0.0,19.1144357839533,50.127917779215469,16.0,30.0,0.0,20.080628687176167,47.23070943079039,16.0,30.0,0.0,20.82671204937881,0.0,0.0,0.0,20.156043927672365,0.0,0.0,500.66006172695759,497.95300786292037,540.5543970936402,526.519880052906,527.905870399209,620.6584059864858,517.0975933721845,523.3566372356095,522.4113634428954,0.0,81.05160239869244,81.05160239869244,1744.0,0.0,1744.0,1744.0,16.0,16.0,19.0,16.0,16.0,12.0,21.0,10.0,1.0,0.0,0.0,0.0,0.0,0.0,0.0,0.0,0.0,0.0,0.0,0.0,0.0,81.05160239869244,81.05160239869244,0.0,0.0,0.0,81.05160239869244,0.0,0.0,0.04243733333333334 
 03/31  16:20:00,14.493333333333334,74.33333333333334,2.3800000000000005,131.83333333333335,79.0,1.0,0.0,0.0,2.0,0.0,0.0,0.0,0.0,0.0,4.0,830.0,0.0,475.90427625671989,45.86311719151581,117.52279856325284,14.26990611535805,379.8157422346944,0.0,45.86311719151579,62.69835830174932,0.0,0.0,20.861951450469549,152.3712416320741,22.245888874799229,-312.28241959792106,21.490590548680353,-773.440106031876,20.934003441112674,308.5086593847227,19.458270684663618,8.332051772375906,22.930510590604216,-37.96391928714428,19.906169398883,36.994476909423159,18.776833328071417,59.57400442199264,19.79160735742088,18.182244063085819,350.6042123543157,90.42986506481157,0.0,0.0,0.0,0.0,0.0,0.0,0.0,0.0,0.0,0.0,0.0,0.0,0.0,0.0,0.0,0.0,0.0,0.0,0.0,0.0,0.0,0.0,0.7302621999387805,0.2229127594440722,211.72630172441323,247.77651187254259,2860.062543336359,0.0963077422089933,0.014698983853631456,198.37718879367575,231.83259885177268,2817.7879556675645,0.10155108255932623,0.019189546968882515,281.39628352386606,328.1501724791462,4309.38505952239,0.13144203992367066,0.024837876024881069,274.11417141916516,320.5475233607889,3780.941344362867,0.0,0.0,5.083709585801543,5.986978820990919,50.783638659758427,0.0,0.0,10.347626148844606,12.029883963224333,171.71000965752078,0.0,0.0,100.19263549256596,117.72508935917414,1128.7466222797689,0.0,0.0,26.606555636448197,31.38472003360997,240.55913640076504,0.0,0.0,58.467827610659238,68.75038873181117,634.6192670607286,22.743154890201678,15.598871666804996,450.9428422788004,528.3168517272338,6022.043758105086,0.0,0.0,75.7187852946728,89.03774498996502,820.1355781967945,0.0,21.26972844425745,44.63136881431905,21.0,30.0,0.0,21.64921537839729,43.98530573138756,16.0,30.0,0.0,22.22453260830868,43.16204426715764,21.0,30.0,0.0,21.43707988647547,44.86723198267134,16.0,30.0,0.0,19.47219673226179,49.04711717083199,12.0,30.0,0.0,22.87305587593889,44.603818895791999,19.0,30.0,0.0,20.12354617320407,47.376490375293659,10.0,30.0,0.0,18.99012321643405,50.68223326839741,16.0,30.0,0.0,19.913177745755449,47.867258808031419,16.0,30.0,0.0,20.894097426176108,0.0,0.0,0.0,19.88795977704861,0.0,0.0,499.85285549866236,514.3041180655919,553.4854915906038,537.5143165119537,525.8998318630149,767.5504946543766,514.9354311189271,522.6412340743237,521.2114144919927,0.0,81.05160239869244,81.05160239869244,1744.0,0.0,1744.0,1744.0,16.0,16.0,19.0,16.0,16.0,12.0,21.0,10.0,1.0,0.0,0.0,0.0,0.0,0.0,0.0,0.0,0.0,0.0,0.0,0.0,0.0,81.05160239869244,81.05160239869244,0.0,0.0,0.0,81.05160239869244,0.0,0.0,0.04263111111111111 
 03/31  16:30:00,14.48,75.0,2.26,124.0,43.0,1.0,0.0,0.0,2.0,0.0,0.0,0.0,0.0,0.0,4.0,830.0,0.0,377.2319080885404,42.37785969543002,108.59187235640855,11.311245160551064,301.0661806712745,0.0,42.37785969543,57.933747070660377,0.0,0.0,20.86056588772346,142.00078584741824,22.14357990676228,-271.44471472410808,21.58885584392913,-830.9146072520453,21.038097534591047,338.91635368690188,19.46032228366667,6.462202448965911,22.927013696200807,-43.5804209185992,19.853281630169506,40.17215020658705,18.740775389835489,49.1636888671012,19.73713742628618,5.510809186840788,362.74323637240379,94.00134944458796,0.0,0.0,0.0,0.0,0.0,0.0,0.0,0.0,0.0,0.0,0.0,0.0,0.0,0.0,0.0,0.0,0.0,0.0,0.0,0.0,0.0,0.0,0.8332515210585791,0.25435028115341248,211.13606426551577,247.0952120163321,2846.6825713401419,0.1207936019299042,0.01843614193069356,193.76715953396647,226.47634981679426,2740.357297516484,0.0,0.0,297.93484305498449,347.358559104737,4604.868329784045,0.12220871659679293,0.023093105932878476,285.64212707633649,333.81916307940807,4038.037151748882,0.0,0.0,5.033867216720064,5.928597197881424,50.30150776413092,0.0,0.0,11.005122682727075,12.785929296165213,184.53224325565956,0.0,0.0,91.55484017872802,107.61056419265839,1017.3250526739461,0.0,0.0,25.272237491787285,29.818023194153509,225.49137196597563,0.0,0.0,50.88608849926942,59.85476318095905,544.1074121943944,22.580219649995138,15.487119101505586,463.27278475497038,542.6243858021402,6269.363590023175,0.0,0.0,67.0958224250668,78.94595534428527,703.5375886230324,0.0,21.23916273630517,45.10425936331377,21.0,30.0,0.0,21.60239184963281,44.32063800829395,16.0,30.0,0.0,22.286897922106,43.17209972736791,21.0,30.0,0.0,21.60066965907011,44.8211446564372,16.0,30.0,0.0,19.46004097399161,49.17965516395837,12.0,30.0,0.0,22.949019079163464,45.91284440112742,19.0,30.0,0.0,20.03092953591776,47.760081823757378,10.0,30.0,0.0,18.91608687160896,51.11669364284961,16.0,30.0,0.0,19.816911511835455,48.31015526836555,16.0,30.0,0.0,20.97830658877805,0.0,0.0,0.0,19.697657389884566,0.0,0.0,516.2856670201711,523.1642122323542,560.0599433081624,553.0552669108013,525.0408878898227,839.0826689521409,514.1762926735659,525.3231006443467,522.9148303158873,0.0,81.05160239869244,81.05160239869244,1744.0,0.0,1744.0,1744.0,16.0,16.0,19.0,16.0,16.0,12.0,21.0,10.0,1.0,0.0,0.0,0.0,0.0,0.0,0.0,0.0,0.0,0.0,0.0,0.0,0.0,81.05160239869244,81.05160239869244,0.0,0.0,0.0,81.05160239869244,0.0,0.0,0.0428248888888889 
 03/31  16:40:00,14.466666666666665,75.66666666666666,2.14,109.66666666666667,41.16666666666667,1.0,0.0,0.0,2.0,0.0,0.0,0.0,0.0,0.0,4.0,830.0,0.0,335.8377803706704,37.808902664034487,96.8840622515261,10.070047243024373,268.0298036280927,0.0,37.80890266403447,51.687636414389348,0.0,0.0,20.858165029751569,132.04723787268086,22.079927022491576,-223.9533472961557,21.712980616836114,-799.9493433238367,21.09347414551509,311.76718397149309,19.467719708791635,5.353379515508493,22.912238183019185,-47.08623930051988,19.81604573072899,37.783621062905698,18.709188796084399,41.8585075548491,19.688470227588519,-2.3631132805835479,366.07578964245479,106.71506453416214,0.0,0.0,0.0,0.0,0.0,0.0,0.0,0.0,0.0,0.0,0.0,0.0,0.0,0.0,0.0,0.0,0.0,0.0,0.0,0.0,0.0,0.0,0.8835794257912469,0.26971288943566759,204.79277927714328,239.69278677711484,2755.083592920882,0.13486399758759094,0.020583638215444283,186.0519466036288,217.47313593393904,2632.7146921436358,0.0,0.0,276.34796565800698,322.0468472158261,4351.413541909282,0.0994529892460843,0.01879308186811872,262.07702501806127,306.2100152423819,3743.6375809776138,0.0,0.0,5.016387937423448,5.90812927679542,50.22458479707005,0.0,0.0,11.3819070075458,13.218850405202245,191.764431893097,0.0,0.0,91.32382446651785,107.36000760730677,1005.7099758285275,0.0,0.0,24.787628926731548,29.251491596944179,218.81575167337568,0.0,0.0,51.009199369529749,60.014502882778817,538.8537134283439,22.362828504606914,15.338016807000632,432.99605111095385,507.03788854288816,5933.873488171138,0.0,0.0,66.97720436791227,78.84412843210117,684.0259840815721,0.0,21.20747663769283,45.399618352351939,21.0,30.0,0.0,21.591819917259966,44.362584328261757,16.0,30.0,0.0,22.42359384811686,42.87896667685147,21.0,30.0,0.0,21.663403269548775,44.83208267691657,19.0,30.0,0.0,19.456207541061298,49.308620558059718,12.0,30.0,0.0,22.97648121804857,46.91494748081049,19.0,30.0,0.0,19.966464086222027,48.19801766839682,10.0,30.0,0.0,18.854231846237889,51.615219740937749,16.0,30.0,0.0,19.737374594068343,48.791648972409209,16.0,30.0,0.0,21.029885545007244,0.0,0.0,0.0,19.544802354931485,0.0,0.0,524.521178346868,518.6071475177029,558.0048649619298,559.6493248021589,525.0170004115281,887.8507638339277,521.2880807917994,533.3509430534159,528.8596727671323,0.0,81.05160239869244,81.05160239869244,1744.0,0.0,1744.0,1744.0,16.0,19.0,19.0,16.0,16.0,12.0,21.0,10.0,1.0,0.0,0.0,0.0,0.0,0.0,0.0,0.0,0.0,0.0,0.0,0.0,0.0,81.05160239869244,81.05160239869244,0.0,0.0,0.0,81.05160239869244,0.0,0.0,0.04301866666666667 
 03/31  16:50:00,14.453333333333334,76.33333333333334,2.02,95.33333333333334,39.333333333333339,0.0,0.0,0.0,2.0,0.0,0.0,0.0,0.0,0.0,4.0,830.0,0.0,292.66096758220797,33.259322128285088,85.2259038412224,8.77539652747852,233.57068622210159,0.0,33.25932212828506,45.468014896690828,0.0,0.0,20.870648623674968,133.86419353996645,22.172722714782965,-225.27810144528849,21.82901801750049,-847.9670165294465,21.257210036201596,323.4349662161003,19.485863344952869,4.44465346737195,23.039287674514598,-50.42051834881812,19.785651622156278,33.41369428975804,18.721267155625207,35.013261311851127,19.686665913560775,-10.862912773131029,366.6032259278036,117.31607672132623,0.0,0.0,0.0,0.0,0.0,0.0,0.0,0.0,0.0,0.0,0.0,0.0,0.0,0.0,0.0,0.0,0.0,0.0,0.0,0.0,0.0,0.0,0.9367300612384077,0.2859371371301611,207.52416459781606,242.89538196207793,2798.067978047275,0.14554186146204763,0.02221334881899384,187.5125219681409,219.12586727074538,2678.0444932528459,0.0,0.0,290.7817630379767,338.771853278742,4623.065657078718,0.0937367268239751,0.01771291134239892,274.36533290863187,320.4160643676276,4002.793946658604,0.0,0.0,4.955640106341843,5.83618860224234,49.93223588968623,0.0,0.0,11.609685583742566,13.477283892785849,197.71658143556727,0.0,0.0,92.94796019984682,109.28634380030715,1016.7727641257859,0.0,0.0,24.2640627622806,28.63545746028934,213.41345231729239,0.0,0.0,53.436232767077047,62.87757839360585,561.0917365209537,22.154420263706084,15.195075626684562,448.723022945648,525.3710924451254,6186.698059903666,0.0,0.0,68.99408581923855,81.24377516113212,692.0756492927774,0.0,21.20764260373443,45.43653872780495,21.0,30.0,0.0,21.645332034685585,44.603113746840879,16.0,30.0,0.0,22.488800160630306,43.05580444513254,21.0,30.0,0.0,21.80729978226632,44.510165423847798,19.0,30.0,0.0,19.47490125470619,49.41436673300366,12.0,30.0,0.0,23.05716069335525,47.43661101675086,19.0,30.0,0.0,19.915140946875014,48.57763138697585,10.0,30.0,0.0,18.824187544994506,52.04484158671203,16.0,30.0,0.0,19.691096543523856,49.23966277858167,16.0,30.0,0.0,21.07127975785184,0.0,0.0,0.0,19.43835995771781,0.0,0.0,521.0633551321507,532.6440628091177,570.2947289653072,557.7236152257455,527.1684338415468,919.8788090578254,528.4167916970508,541.9669258208269,537.2560488066052,0.0,81.05160239869244,81.05160239869244,1744.0,0.0,1744.0,1744.0,16.0,19.0,19.0,16.0,16.0,12.0,21.0,10.0,1.0,0.0,0.0,0.0,0.0,0.0,0.0,0.0,0.0,0.0,0.0,0.0,0.0,81.05160239869244,81.05160239869244,0.0,0.0,0.0,81.05160239869244,0.0,0.0,0.04243733333333334 
 03/31  17:00:00,14.44,77.0,1.9,81.0,37.5,0.0,0.0,0.0,2.0,0.0,0.0,0.0,0.0,0.0,4.0,830.0,0.0,250.65953559439454,28.58532762962523,73.24894219363803,7.515989066121315,200.04962806429519,0.0,28.585327629625217,39.07831005927972,0.0,0.0,20.909621657307626,147.627103356519,22.13246711977927,-231.0884221334618,21.921477846109754,-842.876309223202,21.320953230185809,307.19884777150949,19.502628173772054,3.8825080404191967,23.038928372647729,-51.353291767801128,19.763849250947918,32.14398131645112,18.707055555343879,30.511965186429167,19.658502221288079,-15.376904275794914,374.06363021636937,119.25111643312857,0.0,0.0,0.0,0.0,0.0,0.0,0.0,0.0,0.0,0.0,0.0,0.0,0.0,0.0,0.0,0.0,0.0,0.0,0.0,0.0,0.0,0.0,0.9756915448597039,0.29783014189856657,227.67367378560014,266.4146389536102,3098.5757057426646,0.14554860951217783,0.022214378741174883,207.18493173045824,242.1108489669757,2964.2354591438545,0.0,0.0,280.55267375829109,326.7498493322698,4514.998173488244,0.08027275582832526,0.01516869913611588,262.74363147162139,306.747062881594,3878.08947036744,0.0,0.0,4.856206110133978,5.718700704964896,49.21684932740744,0.0,0.0,11.866841431866526,13.772098009251849,203.32735724946049,0.0,0.0,90.56560432776537,106.49594881561626,987.0135667183824,0.0,0.0,23.737965340830553,28.01592574295233,208.13579032975916,0.0,0.0,51.90587254099816,61.0828078490293,542.2766789352394,21.984896987414389,15.078804518116869,458.3254456469228,536.5094895741463,6383.24155641128,0.0,0.0,67.16893484321975,79.10505726058634,668.5501853298449,0.0,21.260217420456795,45.67204010062426,21.0,30.0,0.0,21.644943420162958,44.802126019096267,16.0,30.0,0.0,22.57585328235672,43.04437475858555,21.0,30.0,0.0,21.88183971103215,44.66982616176141,19.0,30.0,0.0,19.49117449117942,49.563248661290099,12.0,30.0,0.0,23.097042394757865,47.9102677419118,19.0,30.0,0.0,19.880469583643494,48.90046216390503,10.0,30.0,0.0,18.796559385605279,52.50054632442577,16.0,30.0,0.0,19.65030467924517,49.68908235218994,16.0,30.0,0.0,21.13523589500993,0.0,0.0,0.0,19.385019557341534,0.0,0.0,534.3274461941575,539.9943013272465,579.0119552332382,570.0446491497506,531.2524124110432,942.9032599416578,533.2071943253154,552.253367965617,546.8976554248916,0.0,81.05160239869244,81.05160239869244,1744.0,0.0,1744.0,1744.0,16.0,19.0,19.0,16.0,16.0,12.0,21.0,10.0,1.0,0.0,0.0,0.0,0.0,0.0,0.0,0.0,0.0,0.0,0.0,0.0,0.0,81.05160239869244,81.05160239869244,0.0,0.0,0.0,81.05160239869244,0.0,0.0,0.041856 
 03/31  17:10:00,14.371666666666667,77.5,1.8116666666666666,66.66666666666666,35.666666666666667,0.0,4.0,0.0,0.0,0.0,0.0,0.0,0.0,0.0,0.0,3320.0,0.0,208.45930988997049,23.848795685428166,61.111732431702389,6.2506209635693079,166.36991575791914,0.0,23.848795685428155,32.60311179255821,0.0,0.0,21.06734217173998,231.36573127061866,22.12829583060801,-129.3395710920198,21.460760321909505,-373.0502878525017,21.390080658165425,-23.294225578636799,19.5186046261042,9.418757451310768,22.74470117930561,-461.52605381919798,20.040007643352977,286.5239948440437,18.70451426005649,39.01706618791198,19.63723343175581,-17.7899516060902,295.22020547426839,232.778666351089,0.0,0.0,0.0,0.0,0.0,0.0,0.0,0.0,0.0,0.0,0.0,0.0,0.0,0.0,0.0,0.0,0.0,0.0,0.0,0.0,0.0,0.0,0.7056813978791,0.21540946211205742,274.5443789073889,322.5766977290066,3922.962864225932,0.1347577208001344,0.02056741770453822,92.5864364283708,108.61278612573065,1349.7484902754557,0.3734060301955049,0.07056047433777495,191.61575250643439,225.0097970305297,2873.0676419997519,0.05491437886731189,0.010376866754972009,12.215495550998277,14.314144746609319,182.54836528580385,0.0,0.0,8.129639241918819,9.614616495295819,83.70369093237197,0.0,0.0,100.10318067056397,117.10642484881791,1634.7189453101269,0.0,0.0,238.41505944845285,280.8298950283786,2892.976361607023,0.0,0.0,29.367124339185346,34.79763444295594,261.1824564055164,0.0,0.0,106.42891320535235,125.70060624245937,1119.7708043515402,22.07626185452081,15.141469036022507,239.9949902972676,282.72969876299507,3358.863442922193,0.0,0.0,126.18711761853888,149.06804675253256,1306.7067564040659,0.0,21.546923001206854,45.4352322838207,21.0,30.0,0.0,21.719063543624875,44.91872136828167,16.0,30.0,0.0,21.831178309310105,44.72123737755619,21.0,30.0,0.0,21.879919723711006,48.063773222572837,19.0,30.0,0.0,19.507540100497168,50.075861970125767,12.0,30.0,0.0,22.5993244209262,44.1174318373195,16.0,30.0,0.0,20.44047764592602,49.85156123210208,10.0,30.0,0.0,18.793340598622458,53.308618364221718,16.0,30.0,0.0,19.623902735774814,50.98586184478134,16.0,30.0,0.0,20.80619368117666,0.0,0.0,0.0,19.499675370323879,0.0,0.0,552.5999676841748,544.5512085021552,544.8006218171765,757.9577234011076,550.2475684893797,671.0100239745001,647.2049949404301,580.0890406517826,593.1776573673363,0.0,81.05160239869244,81.05160239869244,162.0,0.0,162.0,162.0,16.0,19.0,16.0,16.0,16.0,12.0,21.0,10.0,1.0,0.0,0.0,0.0,0.0,0.0,0.0,0.0,0.0,0.0,0.0,0.0,0.0,81.05160239869244,81.05160239869244,0.0,0.0,0.0,81.05160239869244,0.0,0.0,0.0038339999999999999 
 03/31  17:20:00,14.303333333333333,78.0,1.7233333333333337,52.33333333333333,33.833333333333339,0.0,4.0,0.0,0.0,0.0,0.0,0.0,0.0,0.0,0.0,830.0,0.0,166.24126394423014,19.036431531303888,48.78020749484945,4.9847186179132569,132.67598226679139,0.0,19.036431531303877,26.024245145665856,0.0,0.0,20.989328148875573,117.20192841342032,22.05409198520445,-237.55703277977046,21.132886589553235,-66.61597202063195,21.4039991727196,-44.30379356022479,19.54352388911936,10.78867457177688,22.41781642165258,-275.9241612120618,20.09072973508107,119.66850919604804,18.715819672448636,46.621007653943028,19.626856041607824,5.597862687915949,285.41087397276626,276.26489830065295,0.0,0.0,0.0,0.0,0.0,0.0,0.0,0.0,0.0,0.0,0.0,0.0,0.0,0.0,0.0,0.0,0.0,0.0,0.0,0.0,0.0,0.0,0.6626807767867653,0.2022835093976695,222.59072204998314,260.3334921662293,3121.9376265207108,0.1081064838431811,0.016499768596334113,143.9603107792758,168.2054542540414,2097.724962123435,0.6299179462686849,0.11903211380738571,73.31641801903995,85.74231572685138,1029.0964956977217,0.0,0.0,18.15009192803616,21.14916057389388,271.7667956386862,0.0,0.0,7.39739128975806,8.706890334030505,77.7404717166657,0.0,0.0,85.67745316591507,99.9369524888442,1330.45176968001,0.0,0.0,239.42559298335315,280.8330290627488,2954.71223202245,0.0,0.0,30.91725622215234,36.4707988244719,280.8178933021479,0.0,0.0,118.95198751916723,139.9315252136194,1268.1502762332823,21.809023850751048,14.95817822410909,187.0316544155111,219.21646974548629,2654.3247064681615,0.0,0.0,140.57203307689893,165.39061670446896,1491.387290900662,0.0,21.34275806526808,46.407912480584119,21.0,30.0,0.0,21.64069778689753,45.45040559810862,16.0,30.0,0.0,21.307980353611986,47.22791900846074,21.0,30.0,0.0,21.851906662225049,52.43237228883172,19.0,30.0,0.0,19.542438561132504,50.878111189487288,12.0,30.0,0.0,22.12324504785092,44.365174796385328,16.0,30.0,0.0,20.47881928380289,49.14217041149678,10.0,30.0,0.0,18.81703311708705,54.466192315873929,16.0,30.0,0.0,19.61962802492781,51.89124252864834,16.0,30.0,0.0,20.69679074050019,0.0,0.0,0.0,19.579821274909159,0.0,0.0,552.11257785503,536.0591445129197,590.3473300934197,980.7592878851951,580.6217278215231,613.1230044841311,615.6495967657405,622.451051950482,624.6597457968209,0.0,81.05160239869244,81.05160239869244,162.0,0.0,162.0,162.0,16.0,19.0,16.0,16.0,16.0,12.0,21.0,10.0,1.0,0.0,0.0,0.0,0.0,0.0,0.0,0.0,0.0,0.0,0.0,0.0,0.0,81.05160239869244,81.05160239869244,0.0,0.0,0.0,81.05160239869244,0.0,0.0,0.0038429999999999998 
 03/31  17:30:00,14.235,78.5,1.635,38.0,32.0,0.0,4.0,0.0,0.0,0.0,0.0,0.0,0.0,0.0,0.0,830.0,0.0,124.53507740462212,14.124960054606627,36.19472623908259,3.734164197878783,99.39055907928479,0.0,14.12496005460662,19.309891275018953,0.0,0.0,20.95317387758682,99.90110136488784,21.94989764126077,-261.5166641140595,21.022888618185847,0.20498004865635267,21.416735604365479,-56.788472682578348,19.558319559335666,9.605349125902422,22.25373944905907,-230.06365753689989,20.050007393112695,91.96664934509499,18.720173904344706,45.5591200823676,19.620636653692104,6.820908236871219,260.0207744693662,268.2935788933446,0.0,0.0,0.0,0.0,0.0,0.0,0.0,0.0,0.0,0.0,0.0,0.0,0.0,0.0,0.0,0.0,0.0,0.0,0.0,0.0,0.0,0.0,0.6519200044275044,0.19899878035027608,168.1360256297735,196.71212437548545,2353.7306372433029,0.09355746688933274,0.014279222663207074,163.7628116981266,191.39785969714903,2371.237942037235,0.8957343115178662,0.16926196362771477,27.682915794209316,32.36657125254567,394.81947445817039,0.0,0.0,24.519447143759373,28.56936761691674,369.81999727331228,0.0,0.0,6.90018244634773,8.120612361580364,73.67735645537586,0.0,0.0,78.84379554019319,92.02214171828206,1207.7083798978388,0.0,0.0,229.18022541382966,268.9143265500373,2813.253675689672,0.0,0.0,30.206070717988124,35.631030692273338,279.07053657218747,0.0,0.0,115.61657509283244,136.0118038402961,1248.2838941808207,21.456781212113758,14.716585193493666,161.14480010801555,188.96746750321908,2285.0667151332525,0.0,0.0,137.0170179875538,161.22742252182705,1463.13399451907,0.0,21.252635548882578,46.56801755884857,21.0,30.0,0.0,21.524341263540149,46.22368855865905,16.0,30.0,0.0,21.18481162033947,50.24863250147327,21.0,30.0,0.0,21.83821846155046,52.89406566533986,19.0,30.0,0.0,19.558596428060914,51.186818493364409,12.0,30.0,0.0,21.943652006787205,44.876447200210879,16.0,30.0,0.0,20.375353397835228,49.433661166869608,10.0,30.0,0.0,18.826708946975196,54.4274920201128,16.0,30.0,0.0,19.619214195545259,51.80927614166525,16.0,30.0,0.0,20.526239108571035,0.0,0.0,0.0,19.545386152729859,0.0,0.0,540.5572380053058,547.3677746089164,739.6239364638993,984.0876008067696,591.3470065646949,610.9508234156955,610.4015079789424,618.7661401634309,617.9279635914312,0.0,81.05160239869244,81.05160239869244,162.0,0.0,162.0,162.0,16.0,19.0,16.0,16.0,16.0,12.0,21.0,10.0,1.0,0.0,0.0,0.0,0.0,0.0,0.0,0.0,0.0,0.0,0.0,0.0,0.0,81.05160239869244,81.05160239869244,0.0,0.0,0.0,81.05160239869244,0.0,0.0,0.0038519999999999997 
 03/31  17:40:00,14.166666666666665,79.0,1.5466666666666669,32.5,26.666666666666669,0.0,4.0,0.0,0.0,0.0,0.0,0.0,0.0,0.0,0.0,830.0,0.0,103.16714927382214,12.04274209212946,30.859109070124455,3.0934506921161168,82.33697173042288,0.0,12.042742092129455,16.463341457470084,0.0,0.0,20.913141707703454,86.24609789611168,21.852002625483839,-258.3507148312892,20.898083786690696,-46.52389376961719,21.430419452852364,-65.60480705718442,19.570688462537363,8.137986238794099,22.118234038891964,-217.11516842337142,20.026971619455339,87.80946056878384,18.71954931084702,41.7748259944251,19.613601725699806,3.976679315225738,274.46935738855066,242.852941478719,0.0,0.0,0.0,0.0,0.0,0.0,0.0,0.0,0.0,0.0,0.0,0.0,0.0,0.0,0.0,0.0,0.0,0.0,0.0,0.0,0.0,0.0,0.6809513255268604,0.20786059997767415,237.93973436661757,278.3608544511907,3318.9716076394149,0.1100848662322425,0.016801719510415527,150.65964998204957,176.12703177538274,2172.640242629628,0.7113113785526797,0.13441258098123205,81.57827712552653,95.46426414934752,1119.7743939517155,0.0,0.0,25.377465712069239,29.56825743477865,385.7999484771109,0.0,0.0,6.6634700096789729,7.841353645166519,72.21266730701848,0.0,0.0,76.87008640047776,89.7625732360873,1166.6541464553478,0.0,0.0,217.25166915819833,254.96850510364579,2674.0043662562059,0.0,0.0,28.986670169682499,34.19289467424565,271.7213721023333,0.0,0.0,107.39547363989905,126.34135149178334,1172.9963628517588,21.36194045350774,14.651536662213819,206.9557354737311,242.6577443563274,2914.98660553267,0.0,0.0,126.79982916085406,149.2487779702362,1350.8928213220302,0.0,21.16365340756095,48.30929326800934,21.0,30.0,0.0,21.422522142203865,46.92715775276498,21.0,30.0,0.0,21.008171937651647,49.727024540581108,21.0,30.0,0.0,21.82991828581189,53.1669984295042,19.0,30.0,0.0,19.57023293450761,51.38980331896542,12.0,30.0,0.0,21.80049321297421,45.28166999106736,16.0,30.0,0.0,20.322448102100397,49.55092359277806,10.0,30.0,0.0,18.825788463500808,54.44780958554286,16.0,30.0,0.0,19.613526186997519,51.91788500930916,16.0,30.0,0.0,20.586443621742818,0.0,0.0,0.0,19.46312964545355,0.0,0.0,616.1657601523906,554.5928313748251,651.0203784500272,979.125694876034,597.2956151042039,607.2387683774597,604.7182346992707,616.4289184913089,618.5867482188293,0.0,81.05160239869244,81.05160239869244,162.0,0.0,162.0,162.0,21.0,19.0,16.0,16.0,16.0,12.0,21.0,10.0,1.0,0.0,0.0,0.0,0.0,0.0,0.0,0.0,0.0,0.0,0.0,0.0,0.0,81.05160239869244,81.05160239869244,0.0,0.0,0.0,81.05160239869244,0.0,0.0,0.003861 
 03/31  17:50:00,14.098333333333333,79.5,1.4583333333333335,27.000000000000005,21.333333333333337,0.0,4.0,0.0,0.0,0.0,0.0,0.0,0.0,0.0,0.0,830.0,0.0,82.97443103965249,9.97133549969602,25.55119741005192,2.487975526388877,66.22130952313339,0.0,9.971335499696015,13.631571602432345,0.0,0.0,20.88003634522829,73.79370531104087,21.778804072310096,-225.5071261172152,20.860146737645409,38.870343799610967,21.443721144504516,-70.49028627203393,19.580955739621325,7.228041579875537,22.003259757246874,-201.92779485703978,20.007644166376318,82.29970363551002,18.713502939290654,37.483132427938247,19.600505055700788,-5.0334598178505989,232.53315935041065,236.646139571586,0.0,0.0,0.0,0.0,0.0,0.0,0.0,0.0,0.0,0.0,0.0,0.0,0.0,0.0,0.0,0.0,0.0,0.0,0.0,0.0,0.0,0.0,0.6801173098128038,0.2076060164263748,157.3977634476932,184.21197339942206,2199.2347393937209,0.10003885913376103,0.01526844614373642,151.78330602132548,177.48645691100766,2192.93370496485,1.0898558290493959,0.20594403421190406,112.97249414317737,132.19733820464163,1565.9537391857789,0.0,0.0,28.632151842337004,33.36597612167749,439.04593915715619,0.0,0.0,6.560832031406145,7.720115502432318,72.1166128049115,0.0,0.0,74.50504725008863,87.03487774711971,1124.678193493455,0.0,0.0,211.08659689536717,247.75325135226707,2609.9292982051476,0.0,0.0,28.925776857341228,34.122570933299268,274.56070798027516,0.0,0.0,102.43058122640943,120.50809399279659,1129.2428349502569,21.077850089115559,14.45668730392014,153.70122460677229,180.30658610903257,2154.24148934512,0.0,0.0,121.24058046340119,142.74375005712157,1290.7526565102792,0.0,21.095510857288905,47.83998063038843,21.0,30.0,0.0,21.366903393468534,46.85051928449957,21.0,30.0,10.192376965925777,21.000490549654498,50.03680630369141,21.0,30.0,0.0,21.827987039451217,52.60172255296659,19.0,30.0,0.0,19.57953965369433,51.51561367751394,12.0,30.0,0.0,21.688019853619289,45.59048238988201,16.0,30.0,0.0,20.281199743289485,49.95874643542692,10.0,30.0,0.0,18.81612638224011,54.4687541042377,16.0,30.0,0.0,19.596006913788064,52.000482715554287,16.0,30.0,0.0,20.289430982487244,0.0,0.0,0.0,19.38965226134817,0.0,0.0,557.692540844243,542.748670203129,678.7479499355725,939.5924157962312,599.8378573040902,603.1854961836916,614.4621337972894,612.1487468743655,615.5837901422684,9975.219470694918,81.40911180797527,81.40911180797527,162.0,0.0,162.0,162.0,21.0,19.0,16.0,16.0,16.0,12.0,21.0,10.0,1.0,0.0,0.0,0.0,10.192376965925777,0.0,0.0,0.0,0.0,0.0,0.0,0.0,0.0,81.40911180797527,81.40911180797527,0.34,0.6195243206808629,0.36028137401965956,81.40911180797527,0.3542647819438875,0.0,0.0038339999999999999 
 03/31  18:00:00,14.03,80.0,1.37,21.5,16.0,0.0,4.0,0.0,0.0,0.0,0.0,0.0,0.0,0.0,0.0,3324.0,0.0,63.152818618374649,7.912939796741705,20.276627426420008,1.8936280664084873,50.40182594291912,0.0,7.912939796741701,10.817588619729959,0.0,0.0,20.99164900991568,205.5186625689514,21.736280751077854,-111.08422800936306,21.363834434965157,-457.8934418313314,21.464023098129304,-56.60563979603104,19.588360993960113,6.260326965705929,21.90836293113142,-194.73752261303583,19.990855279991107,74.82728499018481,18.703526498104613,29.63024418161109,19.582543180452335,-26.177397952277376,275.12453957187315,235.2512123468557,0.0,0.0,0.0,0.0,0.0,0.0,0.0,0.0,0.0,0.0,0.0,0.0,0.0,0.0,0.0,0.0,0.0,0.0,0.0,0.0,0.0,0.0,0.816312343736229,0.249179592105076,240.56010442849985,282.64540623321406,3507.892043841587,0.1579984154991394,0.024114532280088437,96.68359342503134,113.72371276689063,1407.7426260941637,0.5375071682371186,0.10156975968199526,179.20127418443554,210.0263988831559,2780.8141237509969,0.0,0.0,19.851098654693144,23.256849035660055,307.3281081153986,0.0,0.0,6.553228762695174,7.744365450629321,72.94278997572259,0.0,0.0,71.28840366058911,83.67088898810273,1075.954488981109,0.0,0.0,208.79656758685756,246.1794526701717,2595.7242199187969,0.0,0.0,27.85405278403006,33.00609931225842,267.21518818626188,0.0,0.0,101.70240501065936,120.1949496784683,1129.589989554578,21.48848373607356,14.738329037087496,209.6088460526889,247.02121977970169,2983.212435898614,0.0,0.0,119.79788051335186,141.70345477310813,1273.3112219430398,0.0,21.32424037987009,48.024556548745398,21.0,30.0,0.0,21.374728137427114,48.39232587950019,21.0,30.0,1021.3359708557116,21.874876542978286,46.95059425128805,21.5,30.0,0.0,21.842480624863634,53.848381879393347,19.0,30.0,0.0,19.58425958306678,51.61598549986701,12.0,30.0,0.0,21.621442095818098,45.95625064913744,16.0,30.0,0.0,20.250106347750575,50.14937664018378,10.0,30.0,0.0,18.801390986670403,54.5473621328769,16.0,30.0,0.0,19.57216131944069,52.11451741270169,16.0,30.0,0.0,20.472369471088795,0.0,0.0,0.0,19.3145911292085,0.0,0.0,597.6524916604149,619.0601053777823,617.2492209498361,1003.240504980128,601.5537061179479,606.8788992862092,608.321077507347,609.2091586894349,611.7139438813244,5082.293662762502,82.35505004250159,84.25251569749537,162.0,0.0,162.0,162.0,21.0,19.0,16.0,16.0,16.0,12.0,21.0,10.0,1.0,0.0,0.0,0.0,1021.3359708557116,0.0,0.0,0.0,0.0,0.0,2871.325779986981,1722795.4679921887,2241974.205709411,82.35505004250159,84.28474096347084,0.18071085933289939,0.3832866248675097,0.18014068700982978,84.28474096347084,0.17713239097194376,2241974.205709411,0.12038965869688938 
 03/31  18:10:00,13.828333333333334,80.83333333333334,1.4433333333333334,15.999999999999999,10.666666666666665,0.0,0.0,0.0,0.0,0.0,0.0,4.0,0.0,0.0,0.0,3324.0,0.0,42.999690594630077,5.871553075040582,15.045644019574049,1.2893405811493333,34.31776665514292,0.0,5.8715530750405799,8.026858203932415,0.0,0.0,20.90623872780153,-33.63827891179608,21.93430673282137,-38.72935551033346,20.977369946802786,-107.96829285011109,21.223653353372357,-217.56526661046792,19.595293521025498,5.845891002278535,21.80254340993688,-176.63682914839547,19.97358907470733,63.90287260443438,18.685999648224198,28.01267691700167,19.549306056651596,-35.07453104644162,360.0755037200365,253.95060201219804,0.0,0.0,0.0,0.0,0.0,0.0,0.0,0.0,0.0,0.0,0.0,0.0,0.0,0.0,0.0,0.0,0.0,0.0,0.0,0.0,0.0,0.0,0.7444712669818514,0.22725008149629165,224.6655025696868,263.9686283201242,3279.689258128259,0.03868064232747316,0.00590363893886953,20.427779284361127,23.95232653715057,321.5254423246351,0.8415297330013369,0.15901922392315519,443.06507543126465,520.7395819774237,6507.889320694477,0.11125204138892035,0.021022683557997036,257.2036259416632,301.9925857561437,3904.459096756823,0.0,0.0,6.432983501868587,7.602580956974026,74.27258091064349,0.0,0.0,69.86202481897263,82.00962265173351,1070.4905240586475,0.0,0.0,216.51082230935303,255.27505516714104,2764.0105918892588,0.0,0.0,28.810105174140867,34.14036521039316,286.68440541304877,0.0,0.0,108.51164884306258,128.2611482537427,1239.1404868831176,21.924660122501757,15.03748979595457,443.0825938666072,521.7870915223664,6379.154955129122,0.0,0.0,127.41135978151169,150.72883684756477,1392.3010254705876,3.5816219063593728,21.137029456629056,52.68673244967626,21.0,30.0,0.0,21.76203891977164,50.207938255933047,21.0,30.0,0.0,21.199329386164686,51.936799371339599,21.0,30.0,0.0,21.43783099554659,51.70398285533486,16.0,30.0,0.0,19.59040877016562,51.905948675111918,12.0,30.0,0.0,21.53350607914871,46.93455455426735,16.0,30.0,0.0,20.21524644838474,51.47647574151621,10.0,30.0,0.0,18.777763965821515,54.97136472632405,16.0,30.0,0.0,19.526037716403417,52.66790854041303,16.0,30.0,0.0,20.731149890970536,0.0,0.0,0.0,19.260914049181605,0.0,0.0,794.4354961992513,785.3607863763934,764.0887284782815,787.3811074107973,607.4033619237363,630.7671355680351,651.6968066059305,611.1873534631269,614.9576948049903,1846.459012808845,83.35007383410167,83.35007383410167,240.0,0.0,240.0,240.0,21.0,16.0,16.0,16.0,16.0,12.0,21.0,10.0,1.0,0.0,3.5816219063593728,0.0,0.0,0.0,0.0,0.0,0.0,0.0,0.0,0.0,0.0,83.35007383410167,83.35007383410167,0.085,0.1539231660596888,0.09007034350491489,83.35007383410167,0.08856619548597188,0.0,0.005600000000000001 
 03/31  18:20:00,13.626666666666667,81.66666666666667,1.5166666666666669,10.5,5.333333333333332,0.0,0.0,0.0,0.0,0.0,0.0,4.0,0.0,0.0,0.0,3328.0,0.0,24.242041994272385,3.855177449295358,9.878752165690898,0.7268961083301142,19.347427247152713,0.0,3.855177449295356,5.27031985251667,0.0,0.0,21.368653327890827,-661.4616255085816,22.140949163415017,-80.67431818930345,20.983298865129734,243.07464730110065,20.983843472043568,-32.30986371172253,19.60031289739214,6.047575248336628,21.704496591909448,-159.81998761523495,19.999838670784386,111.00247684675242,18.669930844779395,27.506855366930098,19.517672440059479,-37.428916637655678,311.3965916012728,283.05385706769177,0.0,0.0,0.0,0.0,0.0,0.0,0.0,0.0,0.0,0.0,0.0,0.0,0.0,0.0,0.0,0.0,0.0,0.0,0.0,0.0,0.0,0.0,0.5666949544939512,0.17298380784308646,279.46670334334848,327.7368222663724,4521.262049387344,0.0,0.0,25.26122451277274,29.55828646052562,425.38229411451166,1.5763667318257746,0.29787731138053205,286.59371862122068,336.8188904703069,4377.720878833315,0.19086300028853149,0.03606632658513443,128.60465289277219,151.2408944427907,1914.289263383581,0.0,0.0,6.9973180635485,8.26971901550726,83.66611864652981,0.0,0.0,67.3852560416858,79.12013341029157,1049.128840126318,0.0,0.0,227.8543325093422,268.55976026300666,3028.2880881260227,0.0,0.0,30.84285871248091,36.548689265306659,318.1828687303614,0.0,0.0,113.71263641664933,134.39448187616555,1335.284821243307,22.571773135784097,15.4813258818821,296.35929683762955,349.1662267236321,4409.244197765088,0.0,0.0,133.98864176434095,158.5033939797397,1505.6061090221543,971.268144608194,21.79823421228559,48.60124223955623,21.75,30.0,0.0,22.126970203301135,51.850168041362319,21.0,30.0,0.0,21.27812639999337,50.823627127383968,21.0,30.0,0.0,21.101033244547155,51.701530068106027,16.0,30.0,0.0,19.594772475964555,52.42312916708161,12.0,30.0,0.0,21.45325434836675,48.04473839943535,16.0,30.0,0.0,20.277921620087306,52.01895829848414,10.0,30.0,0.0,18.75800756395776,56.16876973957336,16.0,30.0,0.0,19.485331864571248,54.00515170051128,16.0,30.0,0.0,20.559283852805217,0.0,0.0,0.0,19.21182502004396,0.0,0.0,645.6051447612402,917.0798718138765,697.5428208980729,725.7609306679811,620.6114286279324,659.1311119522987,664.518575630981,645.7154570701131,654.5573848458353,7209.012090714881,81.48042176353786,81.48042176353786,240.0,0.0,240.0,240.0,21.0,16.0,16.0,16.0,16.0,12.0,21.0,10.0,1.0,0.0,971.268144608194,0.0,0.0,0.0,0.0,0.0,0.0,0.0,0.0,0.0,0.0,81.48042176353786,81.48042176353786,0.255,0.5789345122715681,0.27021103051474468,81.48042176353786,0.2656985864579156,0.0,0.00552 
 03/31  18:30:00,13.425,82.5,1.59,0.0,0.0,0.0,0.0,0.0,0.0,0.0,0.0,4.0,0.0,0.0,0.0,1666.0,0.0,0.0,0.0,0.0,0.0,0.0,0.0,0.0,0.0,0.0,0.0,20.941652878020166,-42.76692791997175,22.26775182610325,-137.03951718160534,21.268698292115916,-339.6999147332899,20.919143847140565,58.950761286660057,19.605043888713945,7.190966532807778,21.617208120029006,-133.72925589039256,19.977983694581263,46.77897651889907,18.653169820438707,26.874694772571617,19.48750176234001,-34.2624902300613,307.0202711481352,310.9669590131225,0.0,0.0,0.0,0.0,0.0,0.0,0.0,0.0,0.0,0.0,0.0,0.0,0.0,0.0,0.0,0.0,0.0,0.0,0.0,0.0,0.0,0.0,0.7457489780099844,0.2276401031776509,200.50913812355416,235.42480623629377,3051.8996466183996,0.0,0.0,36.5119023768202,42.57349441212278,646.7088524374362,1.2004339321844762,0.2268393673817983,227.49598338035274,266.2395385643124,3764.971780232475,0.17276671547902784,0.032646771632469349,140.57893529439805,164.95632959169,2133.58912829138,0.0,0.0,6.338140109983421,7.479601760721826,78.42409685512553,0.0,0.0,67.39865735557925,79.01335224542084,1068.5104449767278,0.0,0.0,221.36410573205814,260.60400432267439,3004.6364179438135,0.0,0.0,29.677912406694014,35.118405650544229,317.1301215034846,0.0,0.0,116.82586419651313,137.89006443421915,1411.3574401897589,22.72761363600936,15.588212370376795,240.46197781963515,282.6168418856948,3678.760848946553,0.0,0.0,136.70220430560489,161.50309594337655,1578.8458733684466,0.0,21.060087388283266,51.29756945341701,21.0,30.0,0.0,22.367074530627645,52.42288461560554,21.0,30.0,872.198832533384,21.68200339478966,49.29205164359227,21.5,30.0,0.0,21.05010265139014,51.3055248024955,16.0,30.0,0.0,19.600420695918783,53.027362361669798,12.0,30.0,0.0,21.391342728036727,48.888722132010659,16.0,30.0,0.0,20.213456906387117,52.183495393811927,10.0,30.0,0.0,18.73900139524263,56.79505032504617,16.0,30.0,0.0,19.45036900454391,54.472121442082357,16.0,30.0,0.0,20.44893722832909,0.0,0.0,0.0,19.165513078877145,0.0,0.0,674.6413228344702,965.5451566087661,666.4043243398899,683.6060602136706,635.9457511900057,678.6291886955702,657.2873792608552,656.2647949127616,658.2228613055308,5101.567782703558,84.6307676098069,84.6307676098069,240.0,0.0,240.0,240.0,21.0,16.0,16.0,16.0,16.0,12.0,21.0,10.0,1.0,0.0,0.0,0.0,872.198832533384,0.0,0.0,0.0,0.0,0.0,0.0,0.0,0.0,84.6307676098069,84.6307676098069,0.34,0.769079226958687,0.36028137401965956,84.6307676098069,0.3542647819438875,0.0,0.0054399999999999999 
 03/31  18:40:00,13.223333333333333,83.33333333333334,1.6633333333333334,0.0,0.0,0.0,0.0,0.0,0.0,0.0,0.0,4.0,0.0,0.0,0.0,5831.0,0.0,0.0,0.0,0.0,0.0,0.0,0.0,0.0,0.0,0.0,0.0,20.957640400097689,81.94921536469214,22.312105672923996,-170.24860204221893,21.180460873992347,-411.1019395636201,20.92854962834629,111.8111759907754,19.61001182513477,7.1097769895934619,21.545792733745203,-138.90845684520614,19.929831747567229,61.323905205420029,19.47809114919734,-17.877429948494755,19.45582460439647,-61.80848163190973,301.31906310737198,290.31505826618919,0.0,0.0,0.0,0.0,0.0,0.0,0.0,0.0,0.0,0.0,0.0,0.0,0.0,0.0,0.0,0.0,0.0,0.0,0.0,0.0,0.0,0.0,0.8346131135554644,0.2547659076787134,130.0211502109234,153.1010334177254,2064.8443098471145,0.0,0.0,42.94679431178202,50.23114660399437,783.7520907166289,0.9672751229836893,0.1827806354844465,234.78464040987763,276.3116679838493,3846.7828643492609,0.17174995425232784,0.03245463988139227,163.0624543411884,191.97415053422763,2559.1178798899225,0.0,0.0,6.188123356661946,7.316554868670627,79.10085198541913,0.0,0.0,70.13637849245012,82.42223014941529,1132.720651279666,0.0,0.0,206.1328075371979,243.24597180349637,2849.7534587553448,0.0,0.0,16.341039859556106,19.305835385719936,221.49852498760309,0.0,0.0,119.54037679246872,141.3913573167884,1482.0587280317266,23.146938038661774,15.875814841331824,247.46760999498316,292.1429130323547,3911.3567479914916,0.0,0.0,124.58890990535007,147.57780379801486,1457.5089531276045,0.0,21.16218520871691,51.883885573314888,21.000000000000015,30.00000000000002,0.0,22.449088026239605,52.031114541887067,21.000000000000015,30.00000000000002,0.0,21.351261028922715,50.59553078610166,21.000000000000015,30.00000000000002,0.0,21.112362374685014,51.31593453070857,16.00000000000001,30.00000000000002,0.0,19.60539624739479,53.529938555535029,12.00000000000001,30.00000000000002,0.0,21.340031224847885,49.57994355168282,19.000000000000015,30.00000000000002,0.0,20.1400178839566,53.10667166450819,10.000000000000007,30.00000000000002,948.5798073140152,20.149740908435378,52.30687176089411,20.55714285714287,30.00000000000002,0.0,19.409426603117244,54.96627011687617,16.00000000000001,30.00000000000002,0.0,20.388789579354549,0.0,0.0,0.0,19.036974313637275,0.0,0.0,720.3582242989403,941.8763330264662,671.6049977081088,678.4235219807516,649.9823854150451,694.5837498369876,678.2777714737658,659.5654585339673,662.7092508302529,7555.17139050901,82.19803105429009,82.19803105429009,240.00000000000018,0.0,240.00000000000018,240.00000000000018,21.0,16.0,19.0,16.0,19.7,12.0,21.0,10.0,1.0,0.0,0.0,0.0,0.0,0.0,0.0,0.0,948.5798073140152,0.0,0.0,0.0,0.0,82.19803105429009,82.19803105429009,0.29142857142857167,0.6608694623445085,0.3088126063025655,82.19803105429009,0.30365552738047527,0.0,0.0053599999999999988 
 03/31  18:50:00,13.021666666666667,84.16666666666667,1.7366666666666669,0.0,0.0,0.0,0.0,0.0,0.0,0.0,0.0,4.0,0.0,0.0,0.0,2502.0,0.0,0.0,0.0,0.0,0.0,0.0,0.0,0.0,0.0,0.0,0.0,21.393112158544367,-499.8094208562195,22.3426307260339,-173.8072711229042,21.10310579940478,-67.42402395004203,20.859077628248174,2.277108900788639,19.613726129716519,6.043628512942533,21.46443003590604,-133.04218325707775,19.93347391279188,87.0340919112754,19.508966934830636,-5.506965864900342,19.40602370223685,-70.36482194372342,321.96593098878807,306.34840987531057,0.0,0.0,0.0,0.0,0.0,0.0,0.0,0.0,0.0,0.0,0.0,0.0,0.0,0.0,0.0,0.0,0.0,0.0,0.0,0.0,0.0,0.0,0.7316142845234922,0.2233254836762799,206.2083055980103,241.1403453484679,3629.2668362499855,0.0,0.0,40.76565450384193,47.62586475484729,765.2121525438033,1.4752550148068818,0.2787707888901896,237.6224724734522,278.62555428916905,3985.102909619948,0.18841981564919797,0.03560465148321959,108.04855476855481,127.0122332025854,1719.39112691829,0.0,0.0,6.439671534236589,7.60352298322307,84.97438928489521,0.0,0.0,68.77711018597779,80.74730895785646,1128.7385263780005,0.0,0.0,210.43379163414824,247.96369924691653,3000.6012836547595,0.0,0.0,9.820682464478196,11.575771440924987,139.49510000152368,0.0,0.0,126.09583758145945,149.019402064475,1597.2710725210259,23.58725177523852,16.17781328891533,247.76554540456437,291.5605406466667,3971.47742248122,0.0,0.0,123.68897960306644,146.37579800956434,1470.731985324867,949.7795443663065,21.742435489976598,49.98749133589188,21.666666666666687,30.00000000000002,0.0,22.513629144766769,51.8700636357208,21.000000000000015,30.00000000000002,631.3524194313186,21.332178552889518,51.087465681588358,21.33333333333335,30.00000000000002,0.0,21.002077036802015,52.023972352338237,16.000000000000015,30.00000000000002,0.0,19.609071860384057,54.1359640894314,12.00000000000001,30.00000000000002,0.0,21.265965852185127,50.205041182345208,19.000000000000015,30.00000000000002,0.0,20.15378590527836,53.48267998598331,10.000000000000007,30.00000000000002,0.0,20.12962672202915,52.67557651464509,19.700000000000018,30.00000000000002,0.0,19.33893721539602,55.65693692117261,16.000000000000015,30.00000000000002,0.0,20.36737524540244,0.0,0.0,0.0,18.928304971143846,0.0,0.0,695.4868034623478,923.1298675295564,690.1015775842791,691.7685185136986,665.8488602558255,704.4297035556883,687.5569477448614,666.9618394325427,673.9182995255851,7909.105914293616,82.7751265595349,82.7751265595349,240.00000000000018,0.0,240.00000000000018,240.00000000000018,21.0,16.0,19.0,16.0,19.7,12.0,21.0,10.0,1.0,0.0,949.7795443663065,0.0,631.3524194313186,0.0,0.0,0.0,0.0,0.0,0.0,0.0,0.0,82.7751265595349,82.7751265595349,0.3400000000000003,0.7698204656271629,0.3602813740196598,82.7751265595349,0.3542647819438878,0.0,0.00532 
 03/31  19:00:00,12.82,85.0,1.81,0.0,0.0,0.0,0.0,0.0,0.0,0.0,0.0,4.0,0.0,0.0,0.0,2503.0,0.0,0.0,0.0,0.0,0.0,0.0,0.0,0.0,0.0,0.0,0.0,21.23479088839445,-100.49965659473318,22.370543293538768,-161.50710759552664,21.1466677102799,-266.9914560060936,20.88182913696204,190.00022636286287,19.615657530879976,6.042001711976255,21.395265823102947,-113.71367593506551,19.935685497985049,46.737658264259199,19.533990987841127,-26.606359042538395,19.36057078658486,-73.57560255823265,371.21714138266119,361.168092028203,0.0,0.0,0.0,0.0,0.0,0.0,0.0,0.0,0.0,0.0,0.0,0.0,0.0,0.0,0.0,0.0,0.0,0.0,0.0,0.0,0.0,0.0,0.862865585730286,0.2633899834341535,199.23127812496149,233.8168932546148,3478.2900920974345,0.0,0.0,40.01343668173965,46.717359566435167,771.8833864068317,1.1812162586214188,0.22320790979240746,265.93014650975899,312.4190523401437,4534.266638110438,0.2007579579042904,0.037936122052964958,199.58105086938634,234.42675289160946,3287.7945127973287,0.0,0.0,6.26771770822364,7.400762990432208,85.24691282256889,0.0,0.0,65.18432453197572,76.53217459698783,1089.0858292698827,0.0,0.0,218.7684737783788,257.809442440746,3199.994794206067,0.0,0.0,12.254361338190116,14.447197626310857,176.76470556831215,0.0,0.0,130.23922872914774,153.95041191213714,1687.1653305988298,24.354054976461268,16.70374141046728,279.4390501861033,329.1431057640392,4686.377782162912,0.0,0.0,136.55547283825923,161.63556363279609,1664.910777166137,0.0,21.524371544994574,51.10821863280045,21.000000000000015,30.00000000000002,0.0,22.57465123226555,52.18273955894273,21.000000000000015,30.00000000000002,0.0,21.3583073090183,51.17901537846983,21.000000000000015,30.00000000000002,0.0,21.100253771096435,52.00887316980934,16.000000000000015,30.00000000000002,0.0,19.610374516819804,54.63286751799845,12.00000000000001,30.00000000000002,0.0,21.21203957613401,50.83950935546902,19.000000000000015,30.00000000000002,0.0,20.137314511078704,54.08106635255058,10.000000000000007,30.00000000000002,462.6616123900484,20.01847096182014,53.44961562012452,20.03333333333335,30.00000000000002,0.0,19.279009925906459,56.58160414927191,16.000000000000015,30.00000000000002,0.0,20.5005907301343,0.0,0.0,0.0,18.875519206436729,0.0,0.0,715.0798718829001,944.0264997002099,692.1074096672253,696.9341839466595,676.5145698550434,711.8465725844948,696.8339108165578,675.0998178917286,686.758310168104,6663.758246154641,81.22461341942318,81.22461341942318,240.00000000000018,0.0,240.00000000000018,240.00000000000018,21.0,16.0,19.0,16.0,19.7,12.0,21.0,10.0,1.0,0.0,0.0,0.0,0.0,0.0,0.0,0.0,462.6616123900484,0.0,0.0,0.0,0.0,81.22461341942318,81.22461341942318,0.22666666666666686,0.464124433152242,0.24018758267977323,81.22461341942318,0.23617652129592518,0.0,0.005280000000000001 
 03/31  19:10:00,12.633333333333333,85.66666666666667,1.8433333333333336,0.0,0.0,0.0,0.0,1.0,2.0,0.0,0.0,4.0,0.0,0.0,0.0,835.0,0.0,0.0,0.0,0.0,0.0,0.0,0.0,0.0,0.0,0.0,0.0,20.924533842326576,-43.4773221141013,22.375055000410364,-200.44124328827116,20.85900969470935,-30.37277931027893,20.83949397466395,57.5171288435713,19.618917538962319,7.2852131191947369,21.507793596192927,2.1967478890821896,19.775908061363418,-24.560371485221368,19.889440168729949,-28.450611819195048,19.31415103002112,-71.12578532803855,265.0349816557291,382.0499576680395,0.0,0.0,0.0,0.0,0.0,0.0,0.0,0.0,0.0,0.0,0.0,0.0,0.0,0.0,0.0,0.0,0.0,0.0,0.0,0.0,0.0,0.0,0.8769175952661085,0.26767936363434327,104.85358122152842,122.62065979796269,1760.0989712929682,0.0,0.0,44.164957252682217,51.31883898995439,869.8749359626869,1.306148267126051,0.24681562115004752,117.81073878030627,137.7805494187364,1988.3335770637726,0.18693359508055949,0.03532380859421002,132.4331761937437,154.89399887824048,2210.646765984904,0.0,0.0,5.019783540060642,5.901832809340587,70.23421105796517,0.0,0.0,9.847573534053723,11.49213468966135,173.04555268200796,0.0,0.0,156.74363782528344,184.11121013710267,2260.8532955075677,0.0,0.0,16.496181791798454,19.313870676415328,266.1098669198901,0.0,0.0,136.65706747979537,160.86942155386843,1805.473760710881,24.368255076921697,16.713480848368797,130.79839508279816,153.48111623488999,2302.67241749507,0.0,0.0,135.76702030652295,160.0501527923478,1685.3054354765353,24.537653863550664,21.000818603567859,53.19249740452159,21.0,30.0,0.0,22.58581791680234,51.99296296272086,21.0,30.0,0.0,21.02441407543344,52.59083192267114,21.0,30.0,0.0,21.01241719713148,52.47389010415314,16.0,30.0,0.0,19.6148079867788,55.25732965327927,12.0,30.0,0.0,21.461060559421914,53.753230767169458,19.0,30.0,0.0,19.836496988223187,55.31619338447173,10.0,30.0,304.9850148173723,20.715817334894909,53.347593568187878,20.7,30.0,0.0,19.215379962765778,57.193551594533079,16.0,30.0,0.0,20.07881156005119,0.0,0.0,0.0,18.79406049555806,0.0,0.0,730.7056209767984,923.3166485646677,701.3745155938213,699.0118663910894,691.8648800770687,902.6487793107284,698.3627102754764,781.2829628541616,694.4131991656086,4166.177941967656,85.24887134881209,85.24887134881209,270.0,0.0,270.0,270.0,21.0,16.0,19.0,16.0,19.7,12.0,21.0,10.0,1.0,0.0,24.537653863550664,0.0,0.0,0.0,0.0,0.0,304.9850148173723,0.0,0.0,0.0,0.0,85.24887134881209,85.24887134881209,0.34,0.7722544679353591,0.36028137401965956,85.24887134881209,0.3542647819438875,0.0,0.005895000000000001 
 03/31  19:20:00,12.446666666666669,86.33333333333334,1.8766666666666668,0.0,0.0,0.0,0.0,1.0,2.0,0.0,0.0,4.0,0.0,0.0,0.0,3340.0,0.0,0.0,0.0,0.0,0.0,0.0,0.0,0.0,0.0,0.0,0.0,21.49624622584839,-557.8317110237765,22.36496174537894,-196.95889952479656,21.233094912792994,-246.9312620975702,20.813650118060829,148.86876946710286,19.61886615057297,4.833518822953231,21.57050705945162,-7.529484832610592,19.761736619287093,35.407323582646089,19.750830772441117,-27.59893261540506,19.276858238269136,-103.05330407147722,316.0349150198899,336.8388985375518,0.0,0.0,0.0,0.0,0.0,0.0,0.0,0.0,0.0,0.0,0.0,0.0,0.0,0.0,0.0,0.0,0.0,0.0,0.0,0.0,0.0,0.0,0.7824122973969948,0.2388315926120253,220.1642828277586,257.93890194106106,4073.515069124761,0.0,0.0,39.60757886748116,46.28465866642718,793.4608045802302,1.4884500220485122,0.28126417650198656,253.5125513218256,296.5956748939506,4704.144835272815,0.22623310078168025,0.04275001904415725,137.95579910379767,161.6018408117377,2362.387905108953,0.0,0.0,5.483281184999198,6.477046175349301,78.6942747244548,0.0,0.0,10.936785396391607,12.8219308717226,198.46538882888843,0.0,0.0,147.44689685009687,173.9801892672105,2188.0612305882439,0.0,0.0,20.352891595701864,23.98234741029057,322.47072719752938,0.0,0.0,122.10198730125484,144.4290650142529,1646.4478925986246,24.93657905875022,17.103277818072859,268.80731866037208,315.9604947830693,4668.732385447782,0.0,0.0,121.09368411442769,143.4980835310709,1506.786336596177,916.8942562948769,21.787303349958159,50.374170214724859,21.5,30.0,0.0,22.57756154765454,52.22465751342719,21.0,30.0,962.0717794223615,21.551093949392905,51.16356850093813,21.5,30.0,0.0,20.993457298428817,52.92588234927525,16.0,30.0,0.0,19.613344578810584,55.58512305653903,12.0,30.0,0.0,21.573438210232934,54.964306028820718,19.0,30.0,0.0,19.8610014364068,55.64607758298688,10.0,30.0,0.0,20.366454199148099,55.192707886186017,19.7,30.0,0.0,19.169269261973207,57.72313221440231,16.0,30.0,0.0,20.178166799139146,0.0,0.0,0.0,18.62233844975121,0.0,0.0,689.2955557269569,924.6651970468855,701.5756693925811,710.4860682120719,700.3524355498415,983.1728298822205,701.8727930645872,804.9810683195851,706.3661129762166,7896.511067223416,82.78343052731663,82.78343052731663,270.0,0.0,270.0,270.0,21.0,16.0,19.0,16.0,19.7,12.0,21.0,10.0,1.0,0.0,916.8942562948769,0.0,962.0717794223615,0.0,0.0,0.0,0.0,0.0,0.0,0.0,0.0,82.78343052731663,82.78343052731663,0.34,0.7696403330784596,0.36028137401965956,82.78343052731663,0.3542647819438875,0.0,0.00576 
 03/31  19:30:00,12.26,87.0,1.91,0.0,0.0,0.0,0.0,1.0,2.0,0.0,0.0,4.0,0.0,0.0,0.0,3340.0,0.0,0.0,0.0,0.0,0.0,0.0,0.0,0.0,0.0,0.0,0.0,21.099439272468957,-50.45328784663218,22.370745034461576,-186.06980725725544,21.100843656493159,-292.80988824641056,20.861674200058788,84.526953423632,19.6186646009924,6.823454663910454,21.63989168688618,-3.0254105223622504,19.724002465422378,-14.442780548893325,19.51398429543886,-11.134486290748413,19.21725489906643,-117.38295735524435,363.82642113068598,338.60580518122677,0.0,0.0,0.0,0.0,0.0,0.0,0.0,0.0,0.0,0.0,0.0,0.0,0.0,0.0,0.0,0.0,0.0,0.0,0.0,0.0,0.0,0.0,0.928573674558727,0.28344739760644907,152.5292586376061,179.3257240487883,2751.2124583094816,0.0,0.0,44.31055678662361,51.757393650743967,905.9314311255371,1.3200554937996334,0.24944359293265945,260.81306072295225,306.5534981884316,4791.130363162376,0.19940708056081875,0.03768085422540035,185.93425604030265,218.6035097547046,3266.069215637683,0.0,0.0,5.135596496150244,6.066520035812005,75.62084220292711,0.0,0.0,11.685441187765165,13.689016992523094,219.3916388733425,0.0,0.0,144.13952211764195,170.13931196223565,2171.092210277144,0.0,0.0,14.215212759818943,16.76270550597459,219.41129946178834,0.0,0.0,120.98144937885674,143.14714917829554,1656.8589676761733,25.23847347111507,17.310338457554928,270.65818511465826,319.2486273862467,4790.731477494473,0.0,0.0,119.63548723044966,141.8348621525356,1503.630205354383,0.0,21.26632190380993,52.62761879945114,21.0,30.0,0.0,22.59933358318872,52.40939505200075,21.0,30.0,0.0,21.394946782472819,51.78184757940656,21.0,30.0,0.0,21.083617910848944,52.71796376989514,16.0,30.0,0.0,19.613416787324895,56.221345648931769,12.0,30.0,0.0,21.70742652719493,56.696021768089519,19.0,30.0,0.0,19.78647053367579,56.5965055020903,10.0,30.0,0.0,19.979835885035919,57.60900979824714,19.7,30.0,0.0,19.085155722744497,58.91371608504052,16.0,30.0,0.0,20.27699439633727,0.0,0.0,0.0,18.49576781889489,0.0,0.0,723.3559590364155,929.8841385629131,704.1301307215242,699.6239697895778,718.0819488478024,1089.1691914106537,722.0148524743513,850.1006387969435,727.4975833009653,0.0,84.07352970657891,84.07352970657891,270.0,0.0,270.0,270.0,21.0,16.0,19.0,16.0,19.7,12.0,21.0,10.0,1.0,0.0,0.0,0.0,0.0,0.0,0.0,0.0,0.0,0.0,0.0,0.0,0.0,84.07352970657891,84.07352970657891,0.0,0.0,0.0,84.07352970657891,0.0,0.0,0.005625000000000001 
 03/31  19:40:00,12.073333333333335,87.66666666666666,1.9433333333333334,0.0,0.0,0.0,0.0,1.0,2.0,0.0,0.0,4.0,0.0,0.0,0.0,835.0,0.0,0.0,0.0,0.0,0.0,0.0,0.0,0.0,0.0,0.0,0.0,20.973755270174097,34.46305853601075,22.33342896615538,-240.6845162548584,20.869802665826947,-180.89856485351494,20.790409738872499,40.35931507998066,19.619712279040415,7.571102785911222,21.69472202249858,-2.710278637947681,19.65042903769782,-9.11399960435756,19.36468938083396,-4.653995227381415,19.163638416472297,-102.62476233623875,253.3397243606314,346.30757113019538,0.0,0.0,0.0,0.0,0.0,0.0,0.0,0.0,0.0,0.0,0.0,0.0,0.0,0.0,0.0,0.0,0.0,0.0,0.0,0.0,0.0,0.0,0.9453648426018865,0.28857290677713268,39.894408057323669,46.61827998527315,731.3403401849116,0.0,0.0,46.8946250130244,54.499220133953539,971.156201176505,1.4107623659999618,0.266583969387748,92.38365105380935,108.0528800947736,1666.5702316868324,0.1925359313561962,0.036382451125509477,106.77598331056085,124.8867366551916,1891.0215442383288,0.0,0.0,4.991044418912563,5.865722961592139,75.43838133237897,0.0,0.0,11.925263776582048,13.878643431301168,231.11335971455677,0.0,0.0,140.3683580853584,164.921704402266,2135.1432996802925,0.0,0.0,13.207482700358302,15.507178228626272,201.83881161632713,0.0,0.0,118.60760907463767,139.6703943813699,1652.410273373578,25.370009867815449,17.400555464894,105.8577064981129,124.29880252746374,2041.6561504301108,0.0,0.0,117.24594261693165,138.3488167491979,1493.3611682255724,0.0,21.075790311877865,55.178438494869869,21.0,30.0,0.0,22.5356666195186,52.36149284138053,21.0,30.0,161.39753145680633,21.004501789195776,52.75572048637589,21.0,30.0,0.0,20.95760853233258,53.528585157420639,16.0,30.0,0.0,19.616225072585359,57.13938443850063,12.0,30.0,0.0,21.82060691969351,58.50791703510486,19.0,30.0,0.0,19.66555273585137,57.44446273601138,10.0,30.0,17.5235275032865,19.70147271185675,59.718108532694937,19.7,30.0,0.0,19.009636140706353,59.74296965050663,16.0,30.0,0.0,19.87287576164769,0.0,0.0,0.0,18.38603084432244,0.0,0.0,828.1313891517441,907.7804712353832,676.0034987715266,718.0183385377088,746.3802625037882,1188.2788587547305,735.5046644459225,901.753417779419,743.7530394007491,7674.525588256224,82.93034188340208,82.93034188340208,270.0,0.0,270.0,270.0,21.0,16.0,19.0,16.0,19.7,12.0,21.0,10.0,1.0,0.0,0.0,0.0,161.39753145680633,0.0,0.0,0.0,17.5235275032865,0.0,0.0,0.0,0.0,82.93034188340208,82.93034188340208,0.34,0.6146926406450755,0.36028137401965956,82.93034188340208,0.3542647819438875,0.0,0.005490000000000001 
 03/31  19:50:00,11.886666666666667,88.33333333333334,1.9766666666666664,0.0,0.0,0.0,0.0,1.0,2.0,0.0,0.0,4.0,0.0,0.0,0.0,3344.0,0.0,0.0,0.0,0.0,0.0,0.0,0.0,0.0,0.0,0.0,0.0,21.313034731981735,-45.928803364953868,22.321836043882777,-185.4794180711964,21.473303575427843,-957.6396632214116,20.888804078587925,312.6205252073908,19.6185667488252,5.8782788731842718,21.70662587070858,-12.387779175743845,19.624350731748739,9.197079727782011,19.85604156721851,-44.05926520114092,19.122169156238927,-131.14004991157209,424.58659435087409,378.5529219919872,0.0,0.0,0.0,0.0,0.0,0.0,0.0,0.0,0.0,0.0,0.0,0.0,0.0,0.0,0.0,0.0,0.0,0.0,0.0,0.0,0.0,0.0,1.0012780288383357,0.30564042394332588,241.61448955724704,283.41072000771649,4662.326186647913,0.0,0.0,40.76441046310324,47.65595445709131,858.1474996365039,1.1524908130281416,0.21777982105596034,355.1420363976176,416.2665233714791,7055.820579309297,0.22266393199807903,0.04207557293992421,207.4777994934505,243.43453771196267,3873.0275246802818,0.0,0.0,5.251308244487133,6.200358148723499,81.26504247350343,0.0,0.0,12.422777528492834,14.53903142431048,245.73142781013596,0.0,0.0,141.23062075674637,166.74018432182516,2192.986978318565,0.0,0.0,22.895612605577204,26.916698447793615,398.5317884845852,0.0,0.0,120.77279321064953,142.93126941574375,1714.826444277323,26.097586686234089,17.899579345839574,367.0928264800874,432.3228585567099,6729.421100321228,0.0,0.0,120.28365589116126,142.65373915461766,1560.5179311504219,458.92062792822437,21.575993903381595,52.03833495954264,21.5,30.0,0.0,22.532725431452133,52.61429086391507,21.0,30.0,1570.8661816599695,21.903006546104274,50.47828524350473,21.5,30.0,0.0,21.19200162587815,52.92796522632409,16.0,30.0,0.0,19.615283778287428,57.54604999496171,12.0,30.0,0.0,21.844925824867845,59.0036594764293,19.0,30.0,0.0,19.64073829934948,58.089239280033158,10.0,30.0,547.7034203516964,20.580433905656706,56.60164936553427,20.45,30.0,0.0,18.96061529284344,60.553962786093638,16.0,30.0,0.0,20.38387686029122,0.0,0.0,0.0,18.31966232562395,0.0,0.0,735.7712438354887,918.860467967927,704.9367611310237,720.6199568293022,758.9801230889503,1211.5169098606276,755.1078388789489,892.5737308154126,766.6917909961106,10475.935637045515,81.07791150861974,82.99191037988044,270.0,0.0,270.0,270.0,21.0,16.0,19.0,16.0,19.7,12.0,21.0,10.0,1.0,0.0,458.92062792822437,0.0,1570.8661816599695,0.0,0.0,0.0,547.7034203516964,0.0,2896.3167305148738,1737790.038308924,2262047.4368418769,81.07791150861974,83.02441643475463,0.3515438910171625,0.7694669872915769,0.36028137401965956,83.02441643475463,0.3542647819438875,2262047.4368418769,0.12299646671577759 
 03/31  20:00:00,11.7,89.0,2.01,0.0,0.0,0.0,0.0,1.0,2.0,0.0,0.0,4.0,0.0,0.0,0.0,3344.0,0.0,0.0,0.0,0.0,0.0,0.0,0.0,0.0,0.0,0.0,0.0,21.198163550873855,-192.53721964247723,22.32967285653241,-196.67646533905964,21.005727272614089,-122.73507577825217,20.886017160364916,10.531978734250686,19.615144596313294,6.8898841335738159,21.711606932502855,-11.35244677125064,19.61970390033531,-18.632121241658298,19.689896635753123,-29.691972442578704,19.066585676776634,-134.57655742636235,371.19701756580266,410.3854747993603,0.0,0.0,0.0,0.0,0.0,0.0,0.0,0.0,0.0,0.0,0.0,0.0,0.0,0.0,0.0,0.0,0.0,0.0,0.0,0.0,0.0,0.0,0.9940302319566547,0.3034280317328006,180.36804918051599,211.90944416820623,3511.6529230578519,0.0,0.0,44.12048284758322,51.54708100099609,947.4538508926927,1.4402028239617464,0.27214717006079877,217.83876731501716,256.35201536916437,4148.208411705123,0.20605582914213,0.03893723150833899,99.12028762613683,116.64215524803218,1869.8783900804852,0.0,0.0,5.221929335066479,6.166276307593511,82.71943539007286,0.0,0.0,12.812419631769611,14.99315069258802,258.6699743851164,0.0,0.0,150.72298677802403,177.97644609506967,2393.21093992748,0.0,0.0,19.839066173662088,23.369901254823917,338.04856408995598,0.0,0.0,129.6383729221233,153.474162785163,1871.0266735436777,26.292276872262144,18.033111709370475,228.3348066175519,269.51898589130499,4366.362716079044,0.0,0.0,129.04245892931429,153.0834275672011,1711.2226094779686,0.0,21.388966716522398,52.793729056170509,21.0,30.0,0.0,22.55845507669836,52.89088316016117,21.0,30.0,0.0,21.210440296982556,52.99123943546511,21.0,30.0,0.0,21.140512202884936,53.80801266347348,16.0,30.0,0.0,19.61147426517619,58.21612362676441,12.0,30.0,0.0,21.864704019731147,59.73296531627284,19.0,30.0,0.0,19.630673413699243,58.80118712027098,10.0,30.0,0.0,20.23168691905183,58.2978008808575,19.7,30.0,0.0,18.888015391971547,61.7688868228925,16.0,30.0,0.0,20.182537362593974,0.0,0.0,0.0,18.274317419937647,0.0,0.0,739.4807774947622,936.2243200117023,719.7737014505849,757.5848807515417,779.744398951493,1243.6264797028837,777.6647395326819,897.1793287510309,798.037639668916,0.0,81.32159360594501,81.32159360594501,270.0,0.0,270.0,270.0,21.0,16.0,19.0,16.0,19.7,12.0,21.0,10.0,1.0,0.0,0.0,0.0,0.0,0.0,0.0,0.0,0.0,0.0,0.0,0.0,0.0,81.32159360594501,81.32159360594501,0.0,0.0,0.0,81.32159360594501,0.0,0.0,0.005250000000000001 
 03/31  20:10:00,11.645,89.33333333333334,2.0466666666666666,0.0,0.0,0.0,0.0,0.0,2.0,0.0,0.0,4.0,0.0,0.0,0.0,1674.0,0.0,0.0,0.0,0.0,0.0,0.0,0.0,0.0,0.0,0.0,0.0,21.350691853482514,-373.1655782535918,22.310463228734656,-216.75840946165716,20.9241117965583,46.24301657213164,20.777151808085994,27.587535435018709,19.612753753185488,7.410166968881583,21.814708885678536,-15.150624700678009,19.589294184031279,-7.357133739177243,19.436448401998285,-13.423007479850185,19.022326396581329,-126.80090914443736,307.90660409486329,402.37644992779726,0.0,0.0,0.0,0.0,0.0,0.0,0.0,0.0,0.0,0.0,0.0,0.0,0.0,0.0,0.0,0.0,0.0,0.0,0.0,0.0,0.0,0.0,0.9772883286573091,0.2983175606402042,153.51242270466833,179.76072185447107,3064.488579383653,0.0,0.0,44.73305604619445,52.168455166219647,963.6027773567618,1.55480623552471,0.293803143523188,119.40302847294322,140.066508916567,2275.7735697881259,0.20799225343405385,0.03930314690741757,98.92436137815955,115.96393902590566,1834.6516256811765,0.0,0.0,5.380692342962555,6.34286575438478,85.83318439773362,0.0,0.0,12.917141217648993,15.075238661057047,265.92606931634108,0.0,0.0,148.0245252986678,174.50248886526163,2357.388186462087,0.0,0.0,17.26304990303768,20.345461303805636,281.13400583573016,0.0,0.0,124.8576465887078,147.5701977856254,1802.5654401959012,26.354340635316768,18.075679448091067,132.61986207939533,156.21943885404887,2622.2151580908105,0.0,0.0,123.83184198487253,146.68485645897187,1631.08941045906,776.5716821344792,21.66152799439316,51.75073958167731,21.5,30.0,0.0,22.53278565663323,52.875688026429617,21.0,30.0,0.0,21.108559529470015,53.563215619525909,21.0,30.0,0.0,20.955485924486035,54.41727919767118,16.0,30.0,0.0,19.60986673592582,58.92552603146149,12.0,30.0,0.0,22.01163701548036,59.86129776126359,19.0,30.0,0.0,19.59624352701866,59.10963784868017,10.0,30.0,0.0,19.768646965524519,59.35551903416325,12.0,30.0,0.0,18.832006247382404,62.3578289500097,16.0,30.0,0.0,19.915774319441018,0.0,0.0,0.0,18.17212369293977,0.0,0.0,725.0356687084986,926.363937077054,730.1807540896823,753.4443416207166,802.2694794472312,1269.1844750334993,781.8583931528607,846.855134787449,810.0368354202105,9149.663408531698,81.95503313623525,81.95503313623525,570.0,0.0,570.0,570.0,21.0,16.0,19.0,16.0,12.0,12.0,21.0,10.0,1.0,0.0,776.5716821344792,0.0,0.0,0.0,0.0,0.0,0.0,0.0,0.0,0.0,0.0,81.95503313623525,81.95503313623525,0.34,0.7672230926352596,0.36028137401965956,81.95503313623525,0.3542647819438875,0.0,0.01083 
 03/31  20:20:00,11.59,89.66666666666667,2.0833333333333337,0.0,0.0,0.0,0.0,0.0,2.0,0.0,0.0,4.0,0.0,0.0,0.0,1674.0,0.0,0.0,0.0,0.0,0.0,0.0,0.0,0.0,0.0,0.0,0.0,21.227972720157113,-190.39529843789297,22.299559963424917,-193.71233562663873,20.90723588202731,5.897596686992074,20.771256826067444,124.64554272694523,19.608974357528127,7.019873831146398,21.90477392676827,-24.795127557248578,19.595638160925558,-1.5151801977731339,19.24880959212809,-13.47816394301276,18.972357257829296,-139.5573166430063,363.9209064583897,463.9887145992643,0.0,0.0,0.0,0.0,0.0,0.0,0.0,0.0,0.0,0.0,0.0,0.0,0.0,0.0,0.0,0.0,0.0,0.0,0.0,0.0,0.0,0.0,0.9295257147237442,0.2837380081574311,171.86013102587425,201.9188810842448,3287.09778640653,0.0,0.0,41.9929227331763,48.949365049075108,908.8765536156413,1.6066751769343393,0.30360453078880197,203.54482402382934,238.89138132298769,3896.8216408665955,0.24297627132503356,0.0459138834703389,204.13890185250308,239.76953636745916,3820.381907097645,0.0,0.0,5.619971685187039,6.625969397749092,90.22516375002729,0.0,0.0,13.304190770700862,15.519808196160703,278.6656556704402,0.0,0.0,165.51034980837677,195.13608203005024,2661.8455548440326,0.0,0.0,8.866004191513577,10.460078829508874,140.00104302465139,0.0,0.0,135.95304672588498,160.72696248915197,1960.6506163058658,26.699499514153677,18.312413932890047,218.2316950351659,257.06261065512697,4143.547280930779,0.0,0.0,136.7797328889616,162.04907461548067,1813.7656932086566,0.0,21.169730055409326,54.06271737397107,21.0,30.0,0.0,22.52955111929145,53.381767792189609,21.0,30.0,50.96330836642734,21.121327270516077,53.298284508948338,21.0,30.0,0.0,20.983600610428874,54.17853161663332,16.0,30.0,0.0,19.60599530328865,59.453974081783957,12.0,30.0,0.0,22.142399046513174,59.793690253702639,19.0,30.0,0.0,19.616997240912136,59.330814406485689,10.0,30.0,0.0,19.463297336776816,60.28678190892157,12.0,30.0,0.0,18.76749014592272,62.90268382032221,16.0,30.0,0.0,20.070236343170323,0.0,0.0,0.0,18.159435682254818,0.0,0.0,763.7739206878864,954.2062529568586,714.4834298458857,739.0787532690507,817.2056586760757,1282.192262889298,785.8212599155572,827.8680907340277,809.2018465743132,4994.971103500628,81.39810109973087,81.39810109973087,570.0,0.0,570.0,570.0,21.0,16.0,19.0,16.0,12.0,12.0,21.0,10.0,1.0,0.0,0.0,0.0,50.96330836642734,0.0,0.0,0.0,0.0,0.0,0.0,0.0,0.0,81.39810109973087,81.39810109973087,0.17,0.3094757430723628,0.18014068700982978,81.39810109973087,0.17713239097194376,0.0,0.010355 
 03/31  20:30:00,11.535,90.0,2.12,0.0,0.0,0.0,0.0,0.0,2.0,0.0,0.0,4.0,0.0,0.0,0.0,3352.0,0.0,0.0,0.0,0.0,0.0,0.0,0.0,0.0,0.0,0.0,0.0,21.162028772235645,153.77037868635206,22.282460926363876,-188.96304638381299,21.457007798392558,-1109.2637429458205,20.880671605720666,332.80085672760449,19.605923765193884,7.165641895603748,21.967850219241276,-24.592732335015229,19.534731515430626,-14.891252274875115,19.132615785834817,-3.551229275659729,18.936012569772687,-138.53789321525688,446.5202519568627,416.2446286709662,0.0,0.0,0.0,0.0,0.0,0.0,0.0,0.0,0.0,0.0,0.0,0.0,0.0,0.0,0.0,0.0,0.0,0.0,0.0,0.0,0.0,0.0,1.0772872494302846,0.3288422617308562,189.0233783139505,221.98153377930084,3726.3231277321076,0.0,0.0,42.38756068563381,49.54170189466197,920.1438743954449,1.149290332952169,0.21717504401968433,346.1456099220641,405.6915209117708,7092.402937225799,0.2293800284369068,0.0433446765753792,231.4613430561902,271.7927041885261,4477.036591615618,0.0,0.0,5.652362412934514,6.673222378915183,91.33333748935226,0.0,0.0,13.615301395438142,15.90860118655896,288.94578300839586,0.0,0.0,149.0901165801076,176.0911124900437,2384.859517854627,0.0,0.0,6.826839650313539,8.069559272754726,106.24999279742447,0.0,0.0,123.83902888214755,146.6701184575556,1790.5037912190106,26.93519097944157,18.47406788713414,354.7051225414111,417.6213522015289,6806.5114831580799,0.0,0.0,123.05126579716664,146.08450843616368,1610.3413353501583,0.0,21.363867464088658,53.29221509652615,21.0,30.0,0.0,22.509184044635437,53.482889283157067,21.0,30.0,1644.2608994337148,21.886626991315038,51.05918263268583,21.5,30.0,0.0,21.213615659254786,53.27378752639894,16.0,30.0,0.0,19.604489809797703,59.93460975694698,12.0,30.0,0.0,22.232902334414434,59.80690274005555,19.0,30.0,0.0,19.520669113457605,59.98843338022689,10.0,30.0,0.0,19.298360016476488,60.86895968959069,12.0,30.0,0.0,18.731486106453724,63.26179147831501,16.0,30.0,0.0,20.338243567190344,0.0,0.0,0.0,18.0174140412496,0.0,0.0,753.132989909545,954.6666005205449,720.7077462359885,726.8600238829586,831.821644073772,1291.5456940599707,793.6888850641554,819.8457134662722,812.2961337966372,3894.630914318438,83.33975197551082,83.33975197551082,570.0,0.0,570.0,570.0,21.0,16.0,19.0,16.0,12.0,12.0,21.0,10.0,1.0,0.0,0.0,0.0,1644.2608994337148,0.0,0.0,0.0,0.0,0.0,0.0,0.0,0.0,83.33975197551082,83.33975197551082,0.17,0.3850536431914293,0.18014068700982978,83.33975197551082,0.17713239097194376,0.0,0.00988 
 03/31  20:40:00,11.48,90.33333333333334,2.1566666666666669,0.0,0.0,0.0,0.0,0.0,2.0,0.0,0.0,4.0,0.0,0.0,0.0,1678.0,0.0,0.0,0.0,0.0,0.0,0.0,0.0,0.0,0.0,0.0,0.0,21.082811415696214,-14.674016727997696,22.289068501682963,-173.84550368876399,20.86039990282139,-91.63848495191178,20.89329129431737,34.70343766465385,19.59978753298122,7.124426373798016,22.01983135742069,-28.369213265226166,19.528254188138459,-5.19862522208814,19.01555469167363,-15.219041766540272,18.891150446107923,-140.00235598000564,480.9829009901632,439.9188770960841,0.0,0.0,0.0,0.0,0.0,0.0,0.0,0.0,0.0,0.0,0.0,0.0,0.0,0.0,0.0,0.0,0.0,0.0,0.0,0.0,0.0,0.0,1.029211715015014,0.3141671901755232,220.60671052346678,258.54788235842286,4292.111518415529,0.0,0.0,42.927808525421209,50.05328653222149,938.8698877814521,1.4587626028490309,0.2756543089283884,400.4912731335463,469.9846577472057,7582.5824787855949,0.2117042677992685,0.040004585751940369,225.12617672346136,264.07230761240609,4355.103342433228,0.0,0.0,5.81952862096972,6.859029134865354,94.62643886530674,0.0,0.0,13.824554363897871,16.11582769280703,297.0504290913454,0.0,0.0,153.07441098778757,180.47277322792773,2466.7370608855228,0.0,0.0,8.976403155690044,10.587897629928439,137.45958487071625,0.0,0.0,122.80578545027177,145.20831886399669,1776.4383880530573,26.91101979387909,18.457489570561799,404.89880299459017,475.97691109000035,7728.603099340227,0.0,0.0,125.82857103751559,149.1382297117858,1643.4784658966419,0.0,21.2430606811589,53.620800253669518,21.0,30.0,0.0,22.53295440238682,53.67932178378989,21.0,30.0,0.0,20.96376580730913,54.057961919221018,21.0,30.0,0.0,21.187996159540427,53.42693234793411,16.0,30.0,0.0,19.59792523379798,60.44353554045468,12.0,30.0,0.0,22.311133929282464,59.772413571222589,19.0,30.0,0.0,19.523059454833878,60.11912077376573,10.0,30.0,0.0,19.121958644535274,61.66627120718776,12.0,30.0,0.0,18.67686384166866,63.7423793504024,16.0,30.0,0.0,20.47250020461182,0.0,0.0,0.0,17.946106901323,0.0,0.0,748.0963492788108,967.8452270873474,722.2410856442903,728.4629457119994,845.6436409930172,1295.3247038255268,796.491209764911,818.3208902462944,819.0068010290772,0.0,83.82506226658093,83.82506226658093,570.0,0.0,570.0,570.0,21.0,16.0,19.0,16.0,12.0,12.0,21.0,10.0,1.0,0.0,0.0,0.0,0.0,0.0,0.0,0.0,0.0,0.0,0.0,0.0,0.0,83.82506226658093,83.82506226658093,0.0,0.0,0.0,83.82506226658093,0.0,0.0,0.009404999999999999 
 03/31  20:50:00,11.424999999999999,90.66666666666667,2.1933333333333335,0.0,0.0,0.0,0.0,0.0,2.0,0.0,0.0,4.0,0.0,0.0,0.0,3360.0,0.0,0.0,0.0,0.0,0.0,0.0,0.0,0.0,0.0,0.0,0.0,21.278086309106585,-74.07650598393207,22.281502398798819,-183.3782039872748,21.401424722082305,-949.3121623196471,20.82748647487949,251.06425389751645,19.594761928156119,7.029039362403381,22.050149726249573,-29.26265519276663,19.4953840186269,-11.902416286046446,18.931953015569748,-23.03900261484543,18.855120671141476,-143.9179913796345,461.5549886051044,455.3465531006634,0.0,0.0,0.0,0.0,0.0,0.0,0.0,0.0,0.0,0.0,0.0,0.0,0.0,0.0,0.0,0.0,0.0,0.0,0.0,0.0,0.0,0.0,1.0692598160677163,0.3263918852465557,200.8520572647808,235.68921164243887,4043.0299059155624,0.0,0.0,43.53536981104928,50.893068868865118,955.9404640619403,1.2058040763581235,0.22785413385452076,375.05271868852716,439.4446813221723,7788.953383665352,0.23455380902595109,0.04432233730649112,245.84645292354305,288.5381713299945,4743.987228276575,0.0,0.0,5.881774463608293,6.94320443890952,96.21944331180082,0.0,0.0,14.019025282740735,16.373144987131068,303.92148997152517,0.0,0.0,155.03762205196623,183.13396659901626,2500.0620753805098,0.0,0.0,11.846007215621766,14.014066174857464,180.04095167260335,0.0,0.0,122.43338715005295,145.04470950896485,1774.1776727434333,26.99893640004036,18.51778902609079,385.1191212756302,453.4591913138387,7376.385525469471,0.0,0.0,128.99362363813658,153.20177898900082,1684.5549096533324,484.49797626325917,21.509553267982296,52.86590427240523,21.5,30.0,0.0,22.526407105358339,53.549436679487559,21.0,30.0,1486.0285818992289,21.820485550214135,51.34592162402137,21.5,30.0,0.0,21.091333602120466,53.73438704933297,16.0,30.0,0.0,19.594078573714478,60.81806851328985,12.0,30.0,0.0,22.35798021032638,59.80269623242394,19.0,30.0,0.0,19.47291771690994,60.50094071065476,10.0,30.0,0.0,18.99904375439382,62.35921155491444,12.0,30.0,0.0,18.63513666449964,64.13686000336047,16.0,30.0,0.0,20.39095019641471,0.0,0.0,0.0,17.890707099602623,0.0,0.0,750.2324276224057,957.5732616797404,721.9000115356454,724.9718622664127,856.0738584335032,1298.8971191535114,800.460617146027,820.7974404748061,823.5775400304412,8568.364244798311,82.33937338258338,82.33937338258338,570.0,0.0,570.0,570.0,21.0,16.0,19.0,16.0,12.0,12.0,21.0,10.0,1.0,0.0,484.49797626325917,0.0,1486.0285818992289,0.0,0.0,0.0,0.0,0.0,0.0,0.0,0.0,82.33937338258338,82.33937338258338,0.34,0.7710393799209084,0.36028137401965956,82.33937338258338,0.3542647819438875,0.0,0.008993333333333333 
 03/31  21:00:00,11.37,91.0,2.23,0.0,0.0,0.0,0.0,0.0,2.0,0.0,0.0,4.0,0.0,0.0,0.0,3360.0,0.0,0.0,0.0,0.0,0.0,0.0,0.0,0.0,0.0,0.0,0.0,21.20068583500232,-203.74161511236412,22.27335893843529,-198.49723185251868,21.04701054121694,-190.15746197928093,20.862091220844797,22.972217233520696,19.587297625049943,7.575781414057673,22.074831415325567,-31.2282644589651,19.487130462495608,-29.384895234868737,18.845191591384955,-28.776709582841137,18.814330842254603,-148.46077497112356,400.3599029739446,502.16278053876729,0.0,0.0,0.0,0.0,0.0,0.0,0.0,0.0,0.0,0.0,0.0,0.0,0.0,0.0,0.0,0.0,0.0,0.0,0.0,0.0,0.0,0.0,1.0384012810324915,0.316972308007476,173.4426091867174,203.71643612320168,3478.798470270941,0.0,0.0,44.365894755812579,51.843455656656789,978.5881264047451,1.5591268825173117,0.2946195923124173,197.2829327015902,231.894035224852,3917.5467455133145,0.215438947940194,0.040710307622863556,104.67625576033105,123.09830014361292,2037.7630466205827,0.0,0.0,5.8859068944988659,6.948751254723634,96.84917706318422,0.0,0.0,14.176779826080188,16.55540190717436,309.8127344257863,0.0,0.0,164.83949417268264,194.74514203100618,2670.924696912479,0.0,0.0,15.180310275596647,17.969706535254159,228.88910730858579,0.0,0.0,128.2204554277746,151.93560138449835,1860.4201667796734,26.965149691564358,18.49461570066143,209.48457659999174,247.14779708964955,4162.947105450506,0.0,0.0,138.29528634636513,164.2771435951838,1814.1914474072995,0.0,21.377695788226263,53.591111596073947,21.0,30.0,0.0,22.52002364848653,53.649954666840418,21.0,30.0,0.0,21.26678995707261,53.43554756885954,21.0,30.0,0.0,21.13006562546046,54.188091101082907,16.0,30.0,0.0,19.586495753876144,61.191085456893038,12.0,30.0,0.0,22.392068391752809,59.839582771126988,19.0,30.0,0.0,19.45756195195633,60.89434685379762,10.0,30.0,0.0,18.878916991867024,63.138240705614837,12.0,30.0,0.0,18.587997247891065,64.61573636152348,16.0,30.0,0.0,20.17826780660221,0.0,0.0,0.0,17.862660496718286,0.0,0.0,761.8650083069307,957.5961119177579,734.4134401817071,753.2439517351018,864.8278497712191,1299.9522384813252,808.1203955714549,824.5734559708794,827.2995297391276,0.0,82.3763523123793,82.3763523123793,570.0,0.0,570.0,570.0,21.0,16.0,19.0,16.0,12.0,12.0,21.0,10.0,1.0,0.0,0.0,0.0,0.0,0.0,0.0,0.0,0.0,0.0,0.0,0.0,0.0,82.3763523123793,82.3763523123793,0.0,0.0,0.0,82.3763523123793,0.0,0.0,0.008581666666666667 
 03/31  21:10:00,11.423333333333332,90.33333333333334,2.2583333333333335,0.0,0.0,0.0,0.0,0.0,2.0,0.0,0.0,4.0,0.0,0.0,0.0,840.0,0.0,0.0,0.0,0.0,0.0,0.0,0.0,0.0,0.0,0.0,0.0,20.99130285694308,33.7732366307614,22.23414772927292,-233.2496438888886,20.891998010767894,-276.5683965314711,20.73645860658909,28.87674721598478,19.580680908845758,8.719901431806108,22.09990813272624,-27.50617952425216,19.422215620431567,-37.890245471598067,18.765398514144736,-25.46331784144752,18.776230153217669,-140.42627859016194,332.25532001201648,500.19090970934669,0.0,0.0,0.0,0.0,0.0,0.0,0.0,0.0,0.0,0.0,0.0,0.0,0.0,0.0,0.0,0.0,0.0,0.0,0.0,0.0,0.0,0.0,1.052111530074711,0.3211573657126713,97.5377729773217,113.98569399571818,1889.391383958036,0.0,0.0,47.49205590302611,55.2063770678406,1037.162030202087,1.4671190570678994,0.277233381910034,134.12345992704136,156.86444882654127,2585.738985141961,0.20115244853609338,0.038010666767969259,90.7594787605494,106.13610413485769,1717.4620318060532,0.0,0.0,5.728878526565384,6.7276249841087429,93.65577298027806,0.0,0.0,14.189440411109736,16.46557213072684,309.9615857007126,0.0,0.0,159.06687384045146,186.99309767342178,2530.4203808828067,0.0,0.0,14.836613888335974,17.475939041997266,218.82262062811339,0.0,0.0,125.36213261451143,147.76828851892794,1795.3074032851594,26.746448044969108,18.344614571309408,146.73108632810154,172.21383962397506,2946.1587983249457,0.0,0.0,135.3892618138348,159.98955691531058,1741.9229833764214,0.0,21.05574394679956,55.70015332213975,21.0,30.0,0.0,22.451610160724269,53.26446837409087,21.0,30.0,267.4907057290976,21.007831759378857,53.38476179780031,21.0,30.0,0.0,20.90908416542679,55.49652136613218,16.0,30.0,0.0,19.580182440007037,61.70548319510193,12.0,30.0,0.0,22.432727417557535,59.87990362772475,19.0,30.0,0.0,19.3541896736402,61.38316751626236,10.0,30.0,0.0,18.759727127647879,63.950801803736968,12.0,30.0,0.0,18.5408840812356,65.00909885155802,16.0,30.0,0.0,19.936939364963956,0.0,0.0,0.0,17.78565915919475,0.0,0.0,815.1890820887035,916.9729542520229,679.6048513254713,780.3822510867118,878.6688737754101,1300.5976069901622,809.0184063561197,829.965720812095,831.5325959102004,8913.975374435453,82.11089380678878,82.11089380678878,570.0,0.0,570.0,570.0,21.0,16.0,19.0,16.0,12.0,12.0,21.0,10.0,1.0,0.0,0.0,0.0,267.4907057290976,0.0,0.0,0.0,0.0,0.0,0.0,0.0,0.0,82.11089380678878,82.11089380678878,0.34,0.6173554497087751,0.36028137401965956,82.11089380678878,0.3542647819438875,0.0,0.00817 
 03/31  21:20:00,11.476666666666667,89.66666666666667,2.2866666666666668,0.0,0.0,0.0,0.0,0.0,2.0,0.0,0.0,4.0,0.0,0.0,0.0,3364.0,0.0,0.0,0.0,0.0,0.0,0.0,0.0,0.0,0.0,0.0,0.0,21.336717803436636,-58.96246952986712,22.221834624940798,-181.4230700334743,21.486823013466588,-1019.9393574663573,20.833773413341694,322.3322399318984,19.57340134429884,5.432233638050839,22.110412450176854,-37.98077979544789,19.408942566685285,1.070985173734698,18.719599695019637,-27.828905758851989,18.745392905650236,-156.21151791257013,446.77528712494907,482.58653078566797,0.0,0.0,0.0,0.0,0.0,0.0,0.0,0.0,0.0,0.0,0.0,0.0,0.0,0.0,0.0,0.0,0.0,0.0,0.0,0.0,0.0,0.0,1.063918746818718,0.3247615222279359,236.07971525549565,276.88474914439419,4750.658801891995,0.0,0.0,40.73396064356351,47.63117504551245,883.9768397287559,1.2132712671785742,0.2292651676452333,358.53605638632078,420.22841631410469,7407.657487438767,0.2342893157537587,0.044272357474255227,216.8116118381312,254.36964249401152,4204.0693131903149,0.0,0.0,6.085783975457391,7.183134776559447,98.67886964281959,0.0,0.0,14.31930139202569,16.717453344992948,311.2430502217604,0.0,0.0,157.5870841286208,186.1756367910323,2489.8845748540327,0.0,0.0,14.640822307558587,17.33322532268687,212.85402766575784,0.0,0.0,120.16815635355454,142.39013973342794,1699.5441538948404,27.09865588214643,18.586183732610729,364.1354843300949,428.8560085121727,6968.924658406572,0.0,0.0,129.99245145700713,154.46156655260325,1631.5509876930203,472.1806154343749,21.571891957300964,52.84658783356963,21.5,30.0,0.0,22.446907802156013,53.645804555153187,21.0,30.0,1591.23663043955,21.886542795137048,51.28821376673918,21.5,30.0,0.0,21.144651259553628,54.082311253651329,16.0,30.0,0.0,19.573272898586706,61.87261067054552,12.0,30.0,0.0,22.44198863531674,59.798573289147217,19.0,30.0,0.0,19.358054136891807,61.595243646094278,10.0,30.0,0.0,18.713787217585037,64.32574481110913,12.0,30.0,0.0,18.510583491783405,65.42687497527783,16.0,30.0,0.0,20.314595133012128,0.0,0.0,0.0,17.685232759644827,0.0,0.0,749.0253821287065,938.0929576375183,719.1560957680413,743.0885471097981,881.5929128204866,1294.0688193696126,815.2735408612216,835.2264507954477,841.2685584796084,10653.45465676155,80.96051722026462,84.53921691245856,570.0,0.0,570.0,570.0,21.0,16.0,19.0,16.0,12.0,12.0,21.0,10.0,1.0,0.0,472.1806154343749,0.0,1591.23663043955,0.0,0.0,0.0,0.0,0.0,5415.769525137843,3249461.715082706,4220082.1432829829,80.96051722026462,84.59999511369965,0.35052565083792816,0.769339134715965,0.36028137401965956,84.59999511369965,0.3542647819438875,4220082.1432829829,0.22732927145071508 
 03/31  21:30:00,11.53,89.0,2.315,0.0,0.0,0.0,0.0,0.0,2.0,0.0,0.0,4.0,0.0,0.0,0.0,3364.0,0.0,0.0,0.0,0.0,0.0,0.0,0.0,0.0,0.0,0.0,0.0,21.207252807096269,-221.98496520339314,22.22839252621139,-193.71079357257373,20.99995926474803,-137.95668775873879,20.833382305716925,12.541307844387802,19.563344323260745,7.201325965591657,22.11717729638213,-35.8540245983786,19.416903798654724,-39.35057393996999,18.66272613139097,-31.262990855877946,18.701739068187803,-161.47028784014356,379.3075022812866,547.100692135923,0.0,0.0,0.0,0.0,0.0,0.0,0.0,0.0,0.0,0.0,0.0,0.0,0.0,0.0,0.0,0.0,0.0,0.0,0.0,0.0,0.0,0.0,1.0240231018639073,0.31258336442732218,184.330021714453,216.5474395779588,3639.505266623918,0.0,0.0,44.07136757684309,51.499235526905128,953.5538572822934,1.4494143496459804,0.27388782117270996,216.7338408958266,255.04342556511319,4186.247861718035,0.21181318709503173,0.04002516762944665,108.95160391543608,128.12175090893192,2080.105842271482,0.0,0.0,5.983032564267125,7.062369096652832,96.24759289103162,0.0,0.0,14.369936735399458,16.775046405706744,311.0250501614655,0.0,0.0,169.30547493601535,200.05097899518456,2659.028454078886,0.0,0.0,17.04575685424552,20.189819864045846,243.6489977832331,0.0,0.0,130.4799192582636,154.65395065088004,1817.7584309919658,26.933282252693155,18.47275874670313,225.46254044268967,266.1500605409276,4381.450961534733,0.0,0.0,142.7138805148353,169.59763231335737,1776.2807151363807,0.0,21.35812766215331,53.65023739413725,21.0,30.0,0.0,22.466750870591107,53.916534164450499,21.0,30.0,0.0,21.174558032813324,53.98723672570548,21.0,30.0,0.0,21.09562793914518,54.80264577164804,16.0,30.0,0.0,19.56257347622149,62.10696480996746,12.0,30.0,0.0,22.449588134926534,59.834324951197668,19.0,30.0,0.0,19.366827997577386,61.62947350103139,10.0,30.0,0.0,18.642372021346188,64.83356930591641,12.0,30.0,0.0,18.457072562465617,65.72702617802438,16.0,30.0,0.0,20.122685940899623,0.0,0.0,0.0,17.684928045503768,0.0,0.0,754.1330561188829,956.9495377363498,741.6065953081311,771.8101973651451,884.7280758150987,1292.5361546077552,812.2062195011903,837.9739246298952,837.1899557335972,0.0,81.12043933633355,81.12043933633355,570.0,0.0,570.0,570.0,21.0,16.0,19.0,16.0,12.0,12.0,21.0,10.0,1.0,0.0,0.0,0.0,0.0,0.0,0.0,0.0,0.0,0.0,0.0,0.0,0.0,81.12043933633355,81.12043933633355,0.0,0.0,0.0,81.12043933633355,0.0,0.0,0.0076 
 03/31  21:40:00,11.583333333333333,88.33333333333334,2.3433333333333334,0.0,0.0,0.0,0.0,0.0,2.0,0.0,0.0,4.0,0.0,0.0,0.0,841.0,0.0,0.0,0.0,0.0,0.0,0.0,0.0,0.0,0.0,0.0,0.0,20.98478117815204,23.534105692472168,22.187791520007907,-242.22710002543,20.890075951760257,-253.06365790749534,20.70403275685844,25.856805390206774,19.554970703823494,8.230101895034125,22.12709579977134,-31.949617348018366,19.350319215274305,-43.47958852141892,18.609064933495369,-28.543232224909845,18.66263943583466,-151.77249752699664,288.00526598135186,536.8116632275533,0.0,0.0,0.0,0.0,0.0,0.0,0.0,0.0,0.0,0.0,0.0,0.0,0.0,0.0,0.0,0.0,0.0,0.0,0.0,0.0,0.0,0.0,1.0254871295811177,0.31303025933489556,72.16241154452229,84.32289685158537,1375.0120220709364,0.0,0.0,47.12280652493852,54.776469613032009,1008.9782155570512,1.4021426832989466,0.26495515557425305,105.11314423935183,122.90642063036658,1996.9886702289176,0.19822463753682188,0.03745741450053322,87.30322964122679,102.09837615668208,1617.2971523887603,0.0,0.0,5.871155499589015,6.893507784422411,93.79806420693572,0.0,0.0,14.409840998061588,16.716759477951688,311.1158097775513,0.0,0.0,162.26931300396599,190.77440871919328,2500.1272032421895,0.0,0.0,16.34226187162702,19.25725811730343,229.68044608357079,0.0,0.0,126.27751390059126,148.88287087208213,1734.9664934725354,26.71031592109208,18.319832593341624,117.01240393495695,137.38715307269718,2354.9653177957686,0.0,0.0,137.99823728146783,163.145664439722,1681.2428237868015,0.0,21.026351051646029,56.127298366147098,21.0,30.0,0.0,22.394959949261567,53.76652044768173,21.0,30.0,254.0689215002592,21.006914245000919,53.87190185792049,21.0,30.0,0.0,20.868738071638928,55.55716185441718,16.0,30.0,0.0,19.554152944179788,62.43903856070534,12.0,30.0,0.0,22.46690207760977,59.903101590502028,19.0,30.0,0.0,19.262261594736235,62.22385419396205,10.0,30.0,0.0,18.569385095696196,65.31297150592862,12.0,30.0,0.0,18.408505893850184,66.00860702427922,16.0,30.0,0.0,19.794635310123117,0.0,0.0,0.0,17.602921344150269,0.0,0.0,824.8697845760954,935.1524856017973,705.1881615515066,769.1733854413664,891.4274086030898,1294.2607400306445,819.106108489798,839.3315703828852,837.1955347799622,4472.191907721797,85.04665344775711,85.04665344775711,570.0,0.0,570.0,570.0,21.0,16.0,19.0,16.0,12.0,12.0,21.0,10.0,1.0,0.0,0.0,0.0,254.0689215002592,0.0,0.0,0.0,0.0,0.0,0.0,0.0,0.0,85.04665344775711,85.04665344775711,0.34,0.619409669393469,0.36028137401965956,85.04665344775711,0.3542647819438875,0.0,0.007315 
 03/31  21:50:00,11.636666666666667,87.66666666666666,2.3716666666666668,0.0,0.0,0.0,0.0,0.0,2.0,0.0,0.0,4.0,0.0,0.0,0.0,3368.0,0.0,0.0,0.0,0.0,0.0,0.0,0.0,0.0,0.0,0.0,0.0,21.31752926309092,-63.36968680559585,22.17708018140975,-179.04582588263328,21.500627618407525,-1057.4772127094985,20.817133911243589,341.8251327134785,19.54631054756889,4.821906810041767,22.129196517718698,-42.501250285309797,19.335519999951459,-5.368141926820272,18.574757588483487,-30.35839070751922,18.630499602426025,-169.58220113184144,440.0958866586823,522.1523809667792,0.0,0.0,0.0,0.0,0.0,0.0,0.0,0.0,0.0,0.0,0.0,0.0,0.0,0.0,0.0,0.0,0.0,0.0,0.0,0.0,0.0,0.0,1.0478497413776629,0.31985645341198506,242.90654657919374,284.81577719096136,4812.149794702314,0.0,0.0,40.08839233962403,46.87874228649082,853.1588323249007,1.145430661393424,0.21644570321115354,361.4172178606143,423.52346333350087,7344.1054021830309,0.232673163086466,0.04396696203447958,233.41766624764566,273.99410191825867,4438.783245961146,0.0,0.0,6.216593340910299,7.336581656481549,98.47401868068039,0.0,0.0,14.49388824822393,16.91739065368074,311.11783834047756,0.0,0.0,162.41358079276288,191.9076821979074,2484.1381194617545,0.0,0.0,15.703803391744302,18.599962551543447,217.89407753993766,0.0,0.0,123.44113007527483,146.31223533576142,1673.5263914275575,27.110554491702229,18.594344644514569,371.4963153621433,437.46678052209787,6970.2420010452919,0.0,0.0,134.3960134823374,159.76393289974136,1597.5095039893893,492.82670711829959,21.562573097132235,53.187200966175,21.5,30.0,0.0,22.394824985810364,54.09500565113442,21.0,30.0,1647.2115421688978,21.895207447552904,51.60214789265907,21.5,30.0,0.0,21.13619014196989,54.245508242612839,16.0,30.0,0.0,19.546056199666077,62.56621351077824,12.0,30.0,0.0,22.46741485200245,59.870488002259509,19.0,30.0,0.0,19.263765245454949,62.36256592456281,10.0,30.0,0.0,18.538894578132994,65.55553522649476,12.0,30.0,0.0,18.375962630704654,66.37173671063214,16.0,30.0,0.0,20.299859359987523,0.0,0.0,0.0,17.51175918979155,0.0,0.0,764.1354171805779,954.8073383551794,737.4681961449426,747.570043100918,893.2578447216902,1290.942144020711,823.2165320692637,842.3857889568542,844.965113754143,7784.212300936487,82.85765283123482,82.85765283123482,570.0,0.0,570.0,570.0,21.0,16.0,19.0,16.0,12.0,12.0,21.0,10.0,1.0,0.0,492.82670711829959,0.0,1647.2115421688978,0.0,0.0,0.0,0.0,0.0,0.0,0.0,0.0,82.85765283123482,82.85765283123482,0.34,0.7701931616309783,0.36028137401965956,82.85765283123482,0.3542647819438875,0.0,0.0072833333333333339 
 03/31  22:00:00,11.69,87.0,2.4,0.0,0.0,0.0,0.0,0.0,2.0,0.0,0.0,4.0,0.0,0.0,0.0,3368.0,0.0,0.0,0.0,0.0,0.0,0.0,0.0,0.0,0.0,0.0,0.0,21.2019166579069,-227.9736158701968,22.190590779318869,-186.71615106868934,21.002961920661695,-141.9122914712824,20.81895381247552,12.800604065727385,19.534473995146099,6.600105029317156,22.126599389397577,-39.8100280578449,19.34421522747906,-45.68423726673336,18.53109465195644,-33.23029091923033,18.586048043500136,-172.83207416991059,376.90216891693606,587.4737498000086,0.0,0.0,0.0,0.0,0.0,0.0,0.0,0.0,0.0,0.0,0.0,0.0,0.0,0.0,0.0,0.0,0.0,0.0,0.0,0.0,0.0,0.0,1.0042074384734333,0.30653462712864268,184.80574567560374,217.07490817470046,3588.702057098286,0.0,0.0,43.418182170562548,50.7346296545786,922.3068233509094,1.3839469268881884,0.2615168040227114,217.60306756870399,256.0280593799145,4132.69468929937,0.2094697548709881,0.03958234219028497,111.11688990519579,130.64324473561076,2083.3646781242184,0.0,0.0,6.116985667067665,7.21990063786038,96.0912376866223,0.0,0.0,14.501123331283824,16.924650894162324,309.61887466703879,0.0,0.0,174.35749352264853,206.05029054353305,2651.0715299303835,0.0,0.0,17.8420580778229,21.14047918925774,243.88597804590038,0.0,0.0,134.17933351034345,159.0849260969256,1790.4904544138563,26.95828631995333,18.489908312725196,225.96923105933639,266.70203772218158,4312.300321674686,0.0,0.0,147.19640994918326,174.993495130911,1737.1135938369585,0.0,21.35642999640538,53.90876160236385,21.0,30.0,0.0,22.427229972995897,54.27361665809046,21.0,30.0,0.0,21.17627726696344,54.148114507962578,21.0,30.0,0.0,21.08554467398785,55.069827484033698,16.0,30.0,0.0,19.533457682578719,62.7426829030028,12.0,30.0,0.0,22.46327247868421,59.97842335483223,19.0,30.0,0.0,19.274748711833966,62.37034091530525,10.0,30.0,0.0,18.48776910044575,65.93009613733639,12.0,30.0,0.0,18.321761843613485,66.70116085431421,16.0,30.0,0.0,20.130140587763664,0.0,0.0,0.0,17.52123564321823,0.0,0.0,768.971381728475,972.2482616682662,750.9822887938332,782.2018989090499,895.2558002687948,1294.4041112902724,822.8006101402104,845.5750239281581,845.5320864729498,0.0,83.55913224036,83.55913224036,570.0,0.0,570.0,570.0,21.0,16.0,19.0,16.0,12.0,12.0,21.0,10.0,1.0,0.0,0.0,0.0,0.0,0.0,0.0,0.0,0.0,0.0,0.0,0.0,0.0,83.55913224036,83.55913224036,0.0,0.0,0.0,83.55913224036,0.0,0.0,0.007251666666666666 
 03/31  22:10:00,11.588333333333335,87.33333333333333,2.39,0.0,0.0,0.0,0.0,0.0,2.0,0.0,0.0,4.0,0.0,0.0,0.0,5058.0,0.0,0.0,0.0,0.0,0.0,0.0,0.0,0.0,0.0,0.0,0.0,21.43014986633208,-638.2883802797628,22.18066506092516,-182.93323864945703,20.956341248866239,144.42641377464524,20.719699799071443,50.82753924225118,19.521691013323819,0.528701378996388,22.120131318080568,-37.38862572250259,19.342805280703929,-10.156899546409696,18.481328540339115,-55.55742013732194,19.428907835295058,-187.095249642022,384.96050266201817,543.3204730747898,0.0,0.0,0.0,0.0,0.0,0.0,0.0,0.0,0.0,0.0,0.0,0.0,0.0,0.0,0.0,0.0,0.0,0.0,0.0,0.0,0.0,0.0,0.9010534005438722,0.27504682556284257,238.85376802567385,279.96037328954767,4798.51248906619,0.0,0.0,40.21165215132821,47.0277059306952,861.5967425164723,1.7678021873917498,0.33405181167644568,212.28452979949788,249.31463115658196,4064.1953093100335,0.23468660176909399,0.04434743041744025,117.02442876940163,137.41935702080878,2175.126782439991,0.0,0.0,5.990456967635565,7.075769797343444,95.12829137588169,0.0,0.0,13.965776734125207,16.31453170119826,300.8292180438949,0.0,0.0,139.61478329616808,165.05017969881284,2157.7247593736517,0.0,0.0,27.07773053403507,32.08547739457752,371.80244243789,0.0,0.0,109.22097602266452,128.8972162900503,1775.1694434475699,27.00518964363622,18.52207794488081,225.15689306046898,265.37310500264865,4293.715741318911,0.0,0.0,109.39882231539559,130.15651966735224,1289.8372676873412,847.1415157117926,21.625869420667717,52.85660770406922,21.499999999999998,30.0,0.0,22.419575212890714,54.33395649543387,20.999999999999998,30.0,0.0,21.136158150168574,54.365320162665259,20.999999999999998,30.0,0.0,20.921782241979736,55.550954800104317,15.999999999999999,30.0,0.0,19.517781263477539,62.77073135317696,11.999999999999997,30.0,0.0,22.458567546048366,58.81193070789728,18.999999999999998,30.0,0.0,19.301984869118529,62.23673796029138,9.999999999999999,30.0,0.0,18.42056220394898,66.4105737604256,11.999999999999997,30.0,1308.1837140108297,19.721106960041128,60.99093031646087,19.66666666666666,30.0,0.0,20.10589618640516,0.0,0.0,0.0,17.39244453278742,0.0,0.0,760.8544381005321,975.7285536458016,756.5407266410116,779.2698149735095,890.7732138258201,1269.1520567742248,820.5022249128923,851.3716379595107,836.9875564457676,5851.208623251801,81.9200347236619,81.9200347236619,569.9999999999999,0.0,569.9999999999999,569.9999999999999,21.0,16.0,19.0,19.0,12.0,12.0,21.0,10.0,1.0,0.0,847.1415157117926,0.0,0.0,0.0,0.0,0.0,0.0,1308.1837140108297,0.0,0.0,0.0,81.9200347236619,81.9200347236619,0.22666666666666666,0.5125834943450998,0.240187582679773,81.9200347236619,0.23617652129592499,0.0,0.007219999999999999 
 03/31  22:20:00,11.486666666666669,87.66666666666667,2.38,0.0,0.0,0.0,0.0,0.0,2.0,0.0,0.0,4.0,0.0,0.0,0.0,1688.0,0.0,0.0,0.0,0.0,0.0,0.0,0.0,0.0,0.0,0.0,0.0,20.927070831151153,-91.52346559534678,22.169338843669907,-207.41207796455167,20.932513103165875,-222.56098385593317,20.682521344847069,99.14159135748608,19.50335189063282,2.9746694413201895,22.114247534689686,-27.215546577629718,19.296169120580556,-59.0661091333375,18.41143335496757,-55.91686899476032,19.392053913255304,-60.003470473951228,400.95632206532,488.5092667876726,0.0,0.0,0.0,0.0,0.0,0.0,0.0,0.0,0.0,0.0,0.0,0.0,0.0,0.0,0.0,0.0,0.0,0.0,0.0,0.0,0.0,0.0,1.006568296347714,0.30725527971541957,220.68067141300748,259.02785350274737,4146.709162803925,0.0,0.0,45.48160282353318,53.02503235481143,983.1013472446248,1.5075986338136228,0.28488258386500828,259.83776548820767,304.46961707838048,4989.939705514364,0.22157955588242612,0.04187066437687567,159.2572562533009,186.83060671943049,2980.605584051658,0.0,0.0,5.313268748791607,6.262921922881259,85.23888164958587,0.0,0.0,13.85356591763962,16.144507546102156,301.2419803536249,0.0,0.0,114.62146484273915,135.269002681694,1778.3741405081042,0.0,0.0,28.37575244500875,33.579593767572919,390.4582805456414,0.0,0.0,95.43588723528169,112.47268335882763,1548.9170218681682,26.85360936849537,18.418113421464598,273.7949275362648,321.8635815071264,5198.568839077931,0.0,0.0,91.86998161419342,109.11650138380763,1075.063882993907,11.856661796046014,20.900294026642756,55.53430821045374,21.000000000000008,30.000000000000008,0.0,22.409198138339208,54.50584047776704,21.000000000000008,30.000000000000008,216.0497229925826,21.112770357888754,54.28171792903774,21.000000000000008,30.000000000000008,0.0,20.881434109968887,55.49367751904687,16.000000000000005,30.000000000000008,0.0,19.4943589730011,62.58407931942331,12.000000000000004,30.000000000000008,0.0,22.4561765705851,57.18268154037496,19.000000000000005,30.000000000000008,0.0,19.217650755465305,62.62155796941601,10.000000000000002,30.000000000000008,0.0,18.324043579630606,67.02078052346406,12.000000000000004,30.000000000000008,0.0,19.58760211658085,61.247392938486949,19.000000000000005,30.000000000000008,0.0,20.156478440951266,0.0,0.0,0.0,17.263069804062594,0.0,0.0,775.7511879433245,984.7420111174547,749.3772492459114,770.2229259595804,875.9128471953719,1237.2690444071937,823.3615784778219,859.3274439116768,826.0669166840014,5238.553251210353,81.21706476872545,84.6206733270557,570.0000000000001,0.0,570.0000000000001,570.0000000000001,21.0,16.0,19.0,19.0,12.0,12.0,21.0,10.0,1.0,0.0,11.856661796046014,0.0,216.0497229925826,0.0,0.0,0.0,0.0,0.0,5151.070965828532,3090642.5794971177,4992820.440800102,81.21706476872545,84.67847789958114,0.17170236552761773,0.30950868513527415,0.18014068700982986,84.67847789958114,0.17713239097194384,4992820.440800102,0.26684666292160538 
 03/31  22:30:00,11.385,88.0,2.37,0.0,0.0,0.0,0.0,0.0,2.0,0.0,0.0,4.0,0.0,0.0,0.0,3380.0,0.0,0.0,0.0,0.0,0.0,0.0,0.0,0.0,0.0,0.0,0.0,21.409023406908408,-250.65787910371376,22.160027897326786,-155.79998004602124,21.363739366812994,-794.8021069596839,20.804054555635056,363.3207584092306,19.48972164718746,-0.03621440067668402,22.108146519596166,-37.22534605152029,19.319077082703623,92.80249591335155,18.35723824306492,-65.50613538574649,19.27933570546122,-42.21955133145015,435.1166676427174,381.05497393196915,0.0,0.0,0.0,0.0,0.0,0.0,0.0,0.0,0.0,0.0,0.0,0.0,0.0,0.0,0.0,0.0,0.0,0.0,0.0,0.0,0.0,0.0,0.9900269794327637,0.30220603767788886,111.18878951394808,130.32240018482404,2320.395970716064,0.029010797887281116,0.004427777455323736,35.929850864635977,42.000008573333499,784.1286958843407,1.296629700040763,0.24501695012108153,274.31364703646678,321.42750424440177,5723.10029871344,0.25778609770311786,0.048712414531957248,259.5103563829192,304.64224559075429,5056.048688020091,0.0,0.0,5.996605416383317,7.079487306797865,97.2217275499379,0.0,0.0,13.203018789688424,15.421262461386556,289.5496336882866,0.0,0.0,98.05238583737396,115.93961775414978,1551.1384942985122,0.0,0.0,28.348247626776293,33.606897516358227,392.01801446538095,0.0,0.0,65.37706208694645,77.34767863666038,1052.0693816096548,27.331799696254437,18.74609032664914,281.08625224395316,331.1866123983018,5445.375647407945,0.0,0.0,68.50822493424116,81.65552994069813,783.9555720681303,573.7903198756255,21.808415211011565,52.88126875494305,21.5,30.0,0.0,22.408932111572168,54.76519225023226,21.0,30.0,1269.3138174517524,21.85186271235918,51.74931178528266,21.5,30.0,0.0,21.142990934377523,54.30001906236046,16.0,30.0,0.0,19.479645526120828,62.55064263385422,12.0,30.0,0.0,22.451979028775165,56.46626753880128,19.0,30.0,0.0,19.30406215017621,62.26561656034966,10.0,30.0,0.0,18.257659344948836,67.31591623834227,12.0,30.0,0.0,19.39972232164372,62.05835335877463,19.0,30.0,0.0,20.239480596345027,0.0,0.0,0.0,16.99931011854268,0.0,0.0,795.5554178486352,1000.2869424145167,743.4389847971879,756.0626895787739,871.258166976528,1226.1931738933263,823.3921652275651,862.4338843701562,830.9944988054195,4859.523080723042,81.8777189363375,81.8777189363375,570.0,0.0,570.0,570.0,21.0,16.0,19.0,19.0,12.0,12.0,21.0,10.0,1.0,0.0,573.7903198756255,0.0,1269.3138174517524,0.0,0.0,0.0,0.0,0.0,0.0,0.0,0.0,81.8777189363375,81.8777189363375,0.17,0.38595106063820369,0.18014068700982978,81.8777189363375,0.17713239097194376,0.0,0.00722 
 03/31  22:40:00,11.283333333333334,88.33333333333333,2.36,0.0,0.0,0.0,0.0,0.0,2.0,0.0,0.0,0.0,0.0,0.0,0.0,4225.0,0.0,0.0,0.0,0.0,0.0,0.0,0.0,0.0,0.0,0.0,0.0,21.229575823711728,80.75598762165338,21.818296413471488,-605.6148133911831,20.985542581024164,-39.66415034969304,20.842485844187836,43.10669621168546,19.472784431075206,-0.06073706694382963,21.986134434305787,-44.3021693151165,19.514245403712104,95.08511842754123,18.288683119926725,-77.80741482368058,19.145773841239497,-200.9317123404626,464.2810111079415,508.77991465577306,0.0,0.0,0.0,0.0,0.0,0.0,0.0,0.0,0.0,0.0,0.0,0.0,0.0,0.0,0.0,0.0,0.0,0.0,0.0,0.0,0.0,0.0,0.8945407002824699,0.27305882182004578,244.23046440952764,286.7461947889822,4972.854862224217,0.11480437750567999,0.01752203563884005,205.25570799233533,240.73925223846758,4300.479082074122,1.5046694875092879,0.28432907927235237,206.1160800897439,242.21953631008669,4106.242538176806,0.22515412492243656,0.042546130937724208,124.54442282329078,146.63809009926065,2461.3942054266715,0.0,0.0,6.02572857494134,7.117921519561645,98.68436739065533,0.0,0.0,12.426784967111079,14.52799247911887,271.81992381368766,0.0,0.0,124.84443048678132,147.2700350503682,2092.310753103852,0.0,0.0,31.40451957388562,37.25661828354335,434.90300424687629,0.0,0.0,73.66092204340166,87.03736248628616,1161.2743646538996,27.203672740095983,18.658211755895743,266.50135003902826,314.2680137742018,5335.940398531377,0.0,0.0,88.93077709437712,105.83041761269507,1028.7419513853247,0.0,21.491554344593597,54.058731044218337,21.0,30.0,0.0,21.814328021706286,52.02110891438442,12.000000000000002,30.0,0.0,21.228428418733395,55.07239630577263,21.0,30.0,0.0,21.161600533316176,55.33245559537315,12.000000000000002,30.0,0.0,19.46010027972299,62.47709741608895,12.000000000000002,30.0,0.0,22.316627326602189,56.07776781986131,12.000000000000002,30.0,0.0,19.649161157086178,61.20005770181609,10.0,30.0,0.0,18.164005435565327,67.72963468105297,12.000000000000002,30.0,0.0,19.166380110100964,63.25930647964617,19.0,30.0,0.0,20.331581011578746,0.0,0.0,0.0,16.95123019079699,0.0,0.0,805.0674311834799,753.9718525757064,811.4927589092982,812.3335740538563,864.5459089549905,1205.5985434711923,836.7753899324395,867.92301779704,848.2828090966051,0.0,82.17692672157377,82.17692672157377,60.0,0.0,60.0,60.0,12.0,12.0,12.0,19.0,12.0,12.0,21.0,10.0,0.0,0.0,0.0,0.0,0.0,0.0,0.0,0.0,0.0,0.0,0.0,0.0,0.0,82.17692672157377,82.17692672157377,0.0,0.0,0.0,82.17692672157377,0.0,0.0,0.00076 
 03/31  22:50:00,11.181666666666667,88.66666666666667,2.3499999999999998,0.0,0.0,0.0,0.0,0.0,2.0,0.0,0.0,0.0,0.0,0.0,0.0,1690.0,0.0,0.0,0.0,0.0,0.0,0.0,0.0,0.0,0.0,0.0,0.0,21.01858102812816,-94.47686409320295,21.518943417554249,-191.64333955013408,20.876412596950858,25.019717732501705,20.70634691947328,29.49246968899297,19.45712370183425,1.3157205013755658,21.84843679917443,-45.84052890688491,19.518897439422696,22.374484112246138,18.23185490611028,-68.55707786896017,18.922708665695489,-263.6382656729427,347.69818594782967,643.0882761679861,0.0,0.0,0.0,0.0,0.0,0.0,0.0,0.0,0.0,0.0,0.0,0.0,0.0,0.0,0.0,0.0,0.0,0.0,0.0,0.0,0.0,0.0,0.9264013013383974,0.28278428001782587,174.15939620786839,204.30805212971473,3466.7693116408775,0.15273700685617537,0.02331150898293275,92.32303067384868,108.48518047855235,1867.3445325427948,1.4628034896113458,0.2764178929726656,140.97728237838187,165.3818042736964,2803.0639035775955,0.2076283214740598,0.039234376695778488,111.13748008457924,130.30000000356803,2155.325382460931,0.0,0.0,5.903339136732131,6.958791507897965,97.70421505201334,0.0,0.0,12.169060519186985,14.206846287035912,263.9782820750655,0.0,0.0,154.40316523525929,181.83537361102709,2613.9546692100768,0.0,0.0,31.228604623302016,36.9825595930438,434.44734595737216,0.0,0.0,98.57843338446244,116.3994930188806,1502.514179621427,26.93358507250033,18.472966442044127,149.18527048617444,175.7236500405043,3067.8206275505665,0.0,0.0,119.48549662066114,141.8935563381793,1443.1650648406263,0.0,21.104386488428405,54.439625506794659,21.5,30.0,0.0,21.363722200181749,53.242741645868139,12.0,30.0,0.0,21.07414167975545,55.01782863286502,21.0,30.0,0.0,20.91816656510479,56.116399793823919,12.0,30.0,0.0,19.442250858968906,62.43578919003143,12.0,30.0,0.0,22.11313234322811,55.65530346674437,12.0,30.0,0.0,19.64250769418762,61.086889134876617,10.0,30.0,0.0,18.08946399795219,68.01928401422474,12.0,30.0,0.0,18.78259084887467,64.99920442508358,19.5,30.0,0.0,19.899636229196746,0.0,0.0,0.0,17.131119884300106,0.0,0.0,760.961129603732,743.7180040442811,784.0620773663511,811.4865499404999,860.5590544767047,1170.5937813104766,833.4883348374352,869.0173357070223,862.078841860324,0.0,82.17692672157377,82.17692672157377,60.0,0.0,60.0,60.0,12.0,12.0,12.0,19.0,12.0,12.0,21.0,10.0,0.0,0.0,0.0,0.0,0.0,0.0,0.0,0.0,0.0,0.0,0.0,0.0,0.0,82.17692672157377,82.17692672157377,0.0,0.0,0.0,82.17692672157377,0.0,0.0,0.0007633333333333333 
 03/31  23:00:00,11.08,89.0,2.34,0.0,0.0,0.0,0.0,0.0,2.0,0.0,0.0,0.0,0.0,0.0,0.0,1690.0,0.0,0.0,0.0,0.0,0.0,0.0,0.0,0.0,0.0,0.0,0.0,20.78237324112861,-14.627627650569594,21.383009828608196,-293.20057908995548,20.69726924817039,-156.48691302623684,20.569794442652918,-47.10053130627193,19.443292697767065,2.509526800885965,21.739701188654104,-50.08478969309442,19.364592146189055,-76.94957550865911,18.206115339731658,-48.317204765623959,18.752742563961556,-263.2051634435393,407.0936045833987,656.1641284259636,0.0,0.0,0.0,0.0,0.0,0.0,0.0,0.0,0.0,0.0,0.0,0.0,0.0,0.0,0.0,0.0,0.0,0.0,0.0,0.0,0.0,0.0,0.9285971573110725,0.2834545657237706,337.91978817465488,396.5121402440492,6513.843754698009,0.1384736443919269,0.021134561109878954,184.61761269861459,216.10117913260894,3682.512021645417,1.29351362949873,0.2444281234880443,250.52680620073009,294.11652645558618,4858.889891903289,0.1874166890441199,0.03541509619125469,122.66245666982565,143.9644567432181,2347.457405478391,0.0,0.0,5.553007255345684,6.548137218703241,92.8847153862184,0.0,0.0,12.324814918208432,14.396602382761597,266.339874596258,0.0,0.0,165.3822078598451,195.05739057447497,2740.587852332578,0.0,0.0,26.0165801866509,30.812725369564875,366.5542787237269,0.0,0.0,118.34992918428923,139.95819156642529,1769.7296505260252,26.376211197474704,18.090679833658926,414.4391374220712,487.3613938779821,7923.749499945473,0.0,0.0,136.38446110343546,162.06557077766417,1668.3260751288113,0.0,20.706584014081053,55.557438599382347,22.0,30.0,0.0,21.192094503480648,53.64184897102334,12.0,30.0,0.0,20.771601227796709,55.17324891728164,21.5,30.0,0.0,20.679975116989419,55.86837337617227,12.0,30.0,0.0,19.428751001272198,62.366538138200187,12.0,30.0,0.0,21.96525238000583,55.44062504453827,12.0,30.0,0.0,19.345713376578858,61.90861070184305,10.0,30.0,0.0,18.0760621874864,67.70606464037678,12.0,30.0,0.0,18.51736660823991,65.67994604997148,20.0,30.0,0.0,20.097347206464364,0.0,0.0,0.0,17.11806551558518,0.0,0.0,751.9995383900991,738.6766493135316,745.3211196307241,762.8516585406532,858.6061229051709,1150.3638269483977,823.7577291828829,855.8481159225555,848.5765859364183,0.0,82.17692672157377,82.17692672157377,60.0,0.0,60.0,60.0,12.0,12.0,12.0,19.0,12.0,12.0,21.0,10.0,0.0,0.0,0.0,0.0,0.0,0.0,0.0,0.0,0.0,0.0,0.0,0.0,0.0,82.17692672157377,82.17692672157377,0.0,0.0,0.0,82.17692672157377,0.0,0.0,0.0007666666666666667 
 03/31  23:10:00,11.041666666666668,89.16666666666667,2.3016666666666669,0.0,0.0,0.0,0.0,0.0,2.0,0.0,0.0,0.0,0.0,0.0,0.0,845.0,0.0,0.0,0.0,0.0,0.0,0.0,0.0,0.0,0.0,0.0,0.0,20.720149459739078,-60.6585563038625,21.197725240837003,-170.79390494750624,20.60899135244298,44.20975152650135,20.445789686571059,-65.72055618939021,19.426394129840149,0.6281162034442218,21.636385875566618,-52.49791448126717,19.29345874438393,-20.008173106577489,18.18273803242385,-47.58359221553394,18.628553538848125,-218.70601730991167,341.6851789902521,633.0983986413839,0.0,0.0,0.0,0.0,0.0,0.0,0.0,0.0,0.0,0.0,0.0,0.0,0.0,0.0,0.0,0.0,0.0,0.0,0.0,0.0,0.0,0.0,0.874208555948792,0.2668524285557973,205.41274240901417,240.44277899046953,3939.627271043624,0.1519038203014767,0.02318434375785664,104.55722567403243,122.26000061801614,2062.0444654530317,1.5275238519426433,0.28864774224161829,228.1305123463052,266.9631613042777,4404.39046101899,0.1944216566086264,0.03673878620722342,65.87932477500049,77.14954837588401,1242.5233778745019,0.0,0.0,5.9803809255594679,7.02546205546081,100.32277886130503,0.0,0.0,12.350016579924118,14.38383743909533,264.56882903003636,0.0,0.0,164.04439222930396,192.85148300364549,2699.4170112567346,0.0,0.0,25.28079574067415,29.838128324528865,357.5444793586002,0.0,0.0,114.06208313270597,134.498191543254,1675.510882725929,26.22751193760876,17.98869131523235,228.8521233393326,268.62566992019296,4496.0820732974939,0.0,0.0,131.44339617507155,155.70489044856337,1591.34991511152,0.0,20.629783778030054,55.440007630770228,22.0,30.0,0.0,20.939169005784767,54.36543037594348,12.0,30.0,0.0,20.67125872420329,55.811969120355069,22.0,30.0,0.0,20.4778164330172,56.196253049019698,12.0,30.0,0.0,19.4094760126325,62.27190206369752,12.0,30.0,0.0,21.821213106168015,55.173007462523589,12.0,30.0,0.0,19.245066261702303,62.18575329928737,10.0,30.0,0.0,18.06048456525743,67.45194363801005,12.0,30.0,0.0,18.33958097216609,66.16839554876556,20.0,30.0,0.0,19.878093551564203,0.0,0.0,0.0,17.011949891938149,0.0,0.0,737.298076369384,735.3682568148709,757.8982149491878,748.2402423557617,855.9691410654806,1127.6888282497687,819.8047666244639,844.8127744612596,840.0747540767561,0.0,82.17692672157377,82.17692672157377,60.0,0.0,60.0,60.0,12.0,12.0,12.0,19.0,12.0,12.0,21.0,10.0,0.0,0.0,0.0,0.0,0.0,0.0,0.0,0.0,0.0,0.0,0.0,0.0,0.0,82.17692672157377,82.17692672157377,0.0,0.0,0.0,82.17692672157377,0.0,0.0,0.0007700000000000001 
 03/31  23:20:00,11.003333333333334,89.33333333333334,2.263333333333333,0.0,0.0,0.0,0.0,0.0,2.0,0.0,0.0,0.0,0.0,0.0,0.0,845.0,0.0,0.0,0.0,0.0,0.0,0.0,0.0,0.0,0.0,0.0,0.0,20.732780059731615,31.75367190472025,21.038523440658048,-286.7212131502183,20.447108943597099,-141.21739398987939,20.415093985984777,30.607383739938088,19.410669632892018,1.2493235809361068,21.56030037217485,-49.37087025865691,19.206663668089605,-57.031831500760748,18.15708948962184,-48.86855160072514,18.533141042499879,-238.0837149539666,351.52238975751609,673.4634792169991,0.0,0.0,0.0,0.0,0.0,0.0,0.0,0.0,0.0,0.0,0.0,0.0,0.0,0.0,0.0,0.0,0.0,0.0,0.0,0.0,0.0,0.0,0.908576569862455,0.2773432752937897,190.80260916709339,223.26546850148143,3709.6123712848896,0.1431977378098624,0.021855576588806839,174.2281170753812,203.9320996866564,3368.088998304229,1.2589459216453185,0.23789605473267554,150.09200344537462,175.85703231856156,2833.866955476157,0.19638729839178666,0.03711022267418492,146.733413328843,171.8268658506603,2771.451397659569,0.0,0.0,5.558898597408665,6.530819611371379,93.50775921823802,0.0,0.0,12.310956119447836,14.34446946160519,262.4908827967309,0.0,0.0,168.76629461380186,198.5108454950307,2741.91891972103,0.0,0.0,23.68252100697659,27.95437144758055,335.7670581030043,0.0,0.0,123.68021463842458,145.90735389803749,1794.4632074071738,25.998147555989975,17.831376924547315,270.1634359818442,317.06614443305798,5253.364813275311,0.0,0.0,140.3526900326561,166.27958638474318,1702.3051830535094,0.0,20.721150951695873,55.220394946385358,22.0,30.0,0.0,20.703640874368096,54.31031515147977,12.0,30.0,0.0,20.396443230514316,55.53334513045009,22.0,30.0,0.0,20.46786916542908,56.55840132960912,12.0,30.0,0.0,19.39374989014066,62.214418953072669,12.0,30.0,0.0,21.7289284916972,55.0329877262412,12.0,30.0,0.0,19.098515783123813,62.5366189899273,10.0,30.0,0.0,18.03907485445046,67.41952041650704,12.0,30.0,0.0,18.208068846166296,66.62984457392854,20.0,30.0,0.0,19.896333666650447,0.0,0.0,0.0,16.984028775420329,0.0,0.0,741.4370262925681,697.5722788560643,706.3038859201216,760.620088363415,854.7173674516764,1114.9298402936459,812.9602728339031,842.6644266744869,839.6300267686861,0.0,82.17692672157377,82.17692672157377,60.0,0.0,60.0,60.0,12.0,12.0,12.0,19.0,12.0,12.0,21.0,10.0,0.0,0.0,0.0,0.0,0.0,0.0,0.0,0.0,0.0,0.0,0.0,0.0,0.0,82.17692672157377,82.17692672157377,0.0,0.0,0.0,82.17692672157377,0.0,0.0,0.0007766666666666666 
 03/31  23:30:00,10.965,89.5,2.2249999999999998,0.0,0.0,0.0,0.0,0.0,2.0,0.0,0.0,0.0,0.0,0.0,0.0,1690.0,0.0,0.0,0.0,0.0,0.0,0.0,0.0,0.0,0.0,0.0,0.0,20.5796800700851,-75.73901388472314,20.991474409240689,-169.99624495293859,20.41115097166377,-47.056243373328928,20.338880927997445,-55.89426298771241,19.394588768474706,-0.6683609666897894,21.498104256640148,-53.227227366621608,19.15266177865486,-67.46212908971529,18.13443024230337,-47.3910373412229,18.463928347959354,-241.22128836228968,318.63638581970829,650.4429654483147,0.0,0.0,0.0,0.0,0.0,0.0,0.0,0.0,0.0,0.0,0.0,0.0,0.0,0.0,0.0,0.0,0.0,0.0,0.0,0.0,0.0,0.0,0.8920744539585226,0.2723059993768384,219.9775829781931,258.5376798633089,4174.390823395664,0.14831786814049453,0.022637037261980243,108.50414476035009,127.12819837993422,2097.0974191014759,1.3691537313061493,0.25872141559073127,189.82662356980013,223.3569406591634,3598.076100942331,0.18460600526488586,0.034883976807423628,104.42731434204969,122.74285339132271,1955.5235166924122,0.0,0.0,5.713587088075611,6.738116654491711,96.32118778899712,0.0,0.0,12.23245759666419,14.308089509689978,260.05735040624156,0.0,0.0,168.16649681845503,198.5539238154385,2720.460373526822,0.0,0.0,21.70839755041995,25.71882728482013,308.6227870107076,0.0,0.0,123.43311079295643,146.16577622060806,1780.481363453187,25.76479227947364,17.671325294563546,262.31337052708428,309.0069436207938,5062.283207369714,0.0,0.0,138.8764529803945,165.16609882644566,1666.8759656963685,0.0,20.452842258480108,55.61602799107982,22.0,30.0,0.0,20.71015612966496,54.24033947121863,12.0,30.0,0.0,20.394603900276203,55.88498729380243,22.0,30.0,0.0,20.34568300494705,56.447208747821118,12.0,30.0,0.0,19.377968403893726,62.14067731120729,12.0,30.0,0.0,21.66280249855122,54.9401005994863,12.0,30.0,0.0,19.027218075990399,62.64009531656145,10.0,30.0,0.0,18.023439024979319,67.32580857600931,12.0,30.0,0.0,18.129854775399488,66.7257269466545,20.0,30.0,0.0,19.7754288506911,0.0,0.0,0.0,16.884208905878347,0.0,0.0,719.2246339455194,696.1067297125522,721.9545251932734,739.5510168980416,851.3007586116232,1106.3195699274352,807.872024272437,837.1010005824485,831.116669120696,0.0,82.17692672157377,82.17692672157377,60.0,0.0,60.0,60.0,12.0,12.0,12.0,19.0,12.0,12.0,21.0,10.0,0.0,0.0,0.0,0.0,0.0,0.0,0.0,0.0,0.0,0.0,0.0,0.0,0.0,82.17692672157377,82.17692672157377,0.0,0.0,0.0,82.17692672157377,0.0,0.0,0.0007833333333333333 
 03/31  23:40:00,10.926666666666666,89.66666666666667,2.1866666666666667,0.0,0.0,0.0,0.0,0.0,2.0,0.0,0.0,0.0,0.0,0.0,0.0,845.0,0.0,0.0,0.0,0.0,0.0,0.0,0.0,0.0,0.0,0.0,0.0,20.505983021279329,-62.303869462003607,20.901742285083093,-161.75588230687118,20.371160726209653,5.6068407997472609,20.24799939495958,-73.07314027899702,19.37309687007961,-1.6898776909002607,21.423095150573688,-54.21442525656835,19.090738713083018,-55.06805606265698,18.107350181098029,-45.82847047580992,18.384212746313794,-228.08084745425004,279.00748898240547,639.9797680174143,0.0,0.0,0.0,0.0,0.0,0.0,0.0,0.0,0.0,0.0,0.0,0.0,0.0,0.0,0.0,0.0,0.0,0.0,0.0,0.0,0.0,0.0,0.8713563577074888,0.2659817941720051,169.15967152718478,198.2304419497558,3198.7338098890525,0.15379493016564245,0.02347297468950587,98.53675949359269,115.3746427837287,1903.0589362650495,1.3917603514953037,0.2629932636990371,191.14327916611436,223.94472218928244,3624.9271712144429,0.1822123886874346,0.034431668308283178,63.16179002164589,74.04815128182791,1172.90276285281,0.0,0.0,5.871575866623195,6.899647993045174,99.19556904648339,0.0,0.0,12.226859072548141,14.25706328704619,258.82296882521436,0.0,0.0,166.68304985306666,196.1808983205554,2683.605378422924,0.0,0.0,20.44288460667976,24.135632386064036,291.3529510466605,0.0,0.0,122.08906879055962,144.13264414494203,1746.968166385293,25.702014405742998,17.62826776799932,192.0052037171922,225.6226551887987,3774.5417020386405,0.0,0.0,136.72289148741,162.1026090182765,1627.717809014307,0.0,20.363477942851234,55.3903782013839,22.0,30.0,0.0,20.60758955232263,54.56570408042655,12.0,30.0,0.0,20.370838335175173,56.13283518357465,22.0,30.0,0.0,20.209827472007487,56.313483966317118,12.0,30.0,0.0,19.352550505100884,62.00457659425166,12.0,30.0,0.0,21.56965282319324,54.75877226662915,12.0,30.0,0.0,18.944471815853477,62.703253081873459,10.0,30.0,0.0,17.998520484851878,67.16674067638539,12.0,30.0,0.0,18.027589924261134,66.90751450827595,20.0,30.0,0.0,19.61104621135793,0.0,0.0,0.0,16.79276135155352,0.0,0.0,697.0133530903347,696.5830326524095,729.9626767481399,715.1051679788368,845.2069232924218,1091.4704991406539,798.1533121939626,829.3666575669773,824.3044133945467,0.0,82.17692672157377,82.17692672157377,60.0,0.0,60.0,60.0,12.0,12.0,12.0,19.0,12.0,12.0,21.0,10.0,0.0,0.0,0.0,0.0,0.0,0.0,0.0,0.0,0.0,0.0,0.0,0.0,0.0,82.17692672157377,82.17692672157377,0.0,0.0,0.0,82.17692672157377,0.0,0.0,0.00079 
 03/31  23:50:00,10.888333333333332,89.83333333333333,2.1483333333333336,0.0,0.0,0.0,0.0,0.0,2.0,0.0,0.0,0.0,0.0,0.0,0.0,845.0,0.0,0.0,0.0,0.0,0.0,0.0,0.0,0.0,0.0,0.0,0.0,20.516809098923983,7.991478278681825,20.785781134080059,-258.031421742111,20.245753585614513,-135.78789428500205,20.230299620869393,10.551467143817718,19.35390381831725,-1.4212098816306878,21.362876229428637,-51.92880118105586,19.02899716286819,-70.38862705254815,18.081387447454035,-45.89544707547441,18.317488174014277,-237.9632980737042,300.35387719062239,654.6844858056638,0.0,0.0,0.0,0.0,0.0,0.0,0.0,0.0,0.0,0.0,0.0,0.0,0.0,0.0,0.0,0.0,0.0,0.0,0.0,0.0,0.0,0.0,0.8854655319696837,0.2702886239223699,169.32415810525328,198.3590471199931,3241.722485530368,0.14478713534222999,0.02209815862976648,155.5383507931902,182.25156640507604,2964.4056430188168,1.1959490481116393,0.22599188361897955,137.95916121698117,161.79952443432254,2574.754855747006,0.18904697539736754,0.035723162395572088,137.4093573307849,161.06647124117914,2562.580503340697,0.0,0.0,5.593028787287655,6.573009720931199,94.70270363438569,0.0,0.0,12.224521838793996,14.25854583378511,258.17595328663807,0.0,0.0,166.8338808907585,196.42703303918456,2670.1118872539288,0.0,0.0,19.3112176722975,22.802207032922543,275.8385600285324,0.0,0.0,125.14676032063059,147.7892966549585,1780.5062990082798,25.686380305927835,17.61754479144571,240.59937799391566,282.66015832814159,4658.282800242162,0.0,0.0,139.14627043508899,165.0134503806939,1652.0473606540248,0.0,20.444603639241526,55.28573876286038,22.0,30.0,0.0,20.442757880157584,54.365639865940888,12.0,30.0,0.0,20.163560493071818,55.506967052549409,22.0,30.0,0.0,20.225675534133715,56.69234956275723,12.0,30.0,0.0,19.33277742205963,61.90072016328029,12.0,30.0,0.0,21.504520555425889,54.673074765562,12.0,30.0,0.0,18.85617020112199,62.81422081047657,10.0,30.0,0.0,17.97553571905841,67.05856700444824,12.0,30.0,0.0,17.94674660240819,67.03446003234528,20.0,30.0,0.0,19.651874461282394,0.0,0.0,0.0,16.737261935191769,0.0,0.0,705.0982663992161,663.545296426263,672.7513985466529,733.2844698409533,840.6909979438991,1082.750305172308,790.8394188110262,823.2230945405626,817.7311972366005,0.0,82.17692672157377,82.17692672157377,60.0,0.0,60.0,60.0,12.0,12.0,12.0,19.0,12.0,12.0,21.0,10.0,0.0,0.0,0.0,0.0,0.0,0.0,0.0,0.0,0.0,0.0,0.0,0.0,0.0,82.17692672157377,82.17692672157377,0.0,0.0,0.0,82.17692672157377,0.0,0.0,0.0007933333333333334 
 03/31  24:00:00,10.85,90.0,2.11,0.0,0.0,0.0,0.0,0.0,2.0,0.0,0.0,0.0,0.0,0.0,0.0,1690.0,0.0,0.0,0.0,0.0,0.0,0.0,0.0,0.0,0.0,0.0,0.0,20.392588791557509,-79.89038507278838,20.754086779751974,-158.96544032093028,20.220584834396207,-51.07226553463488,20.167572315775943,-61.787444650040928,19.335606890551504,-2.4969007936583269,21.31139803793363,-54.26592181842881,18.985099302515719,-77.95858547655007,18.05754465717116,-45.608608546603139,18.260692395813686,-249.24815361468928,286.1005496118196,648.7003787991412,0.0,0.0,0.0,0.0,0.0,0.0,0.0,0.0,0.0,0.0,0.0,0.0,0.0,0.0,0.0,0.0,0.0,0.0,0.0,0.0,0.0,0.0,0.8732149314288684,0.26654912436778646,202.38673130310847,238.06570853685998,3802.190530435282,0.14755833559807336,0.022521113491769438,102.61929292863633,120.36474262034224,1960.733829925773,1.2865259612831257,0.24310770243445319,183.11198711778509,215.6413670476387,3433.1374008525797,0.17889248798392705,0.03380432501585921,103.80460398122094,122.12411173141872,1924.4659506600829,0.0,0.0,5.692830436714184,6.715486320887329,96.58690149936519,0.0,0.0,12.16890608531989,14.246586326937518,256.6288376064216,0.0,0.0,167.46859167442333,197.89908680376437,2675.5076628069775,0.0,0.0,18.079488898808856,21.42636475086696,258.8419624044499,0.0,0.0,125.74847737923148,149.0475060817351,1782.7900810751206,25.60147285407475,17.559309227760467,249.13068932363974,293.71942252654005,4788.462198462474,0.0,0.0,139.13471268224829,165.61662339786495,1641.3364743516927,0.0,20.233230641705125,55.52149542012381,22.0,30.0,0.0,20.462278188733227,54.25082050605359,12.0,30.0,0.0,20.17569081842523,55.85689854082782,22.0,30.0,0.0,20.130648417883834,56.38061604160593,12.0,30.0,0.0,19.31549371337023,61.79676687664454,12.0,30.0,0.0,21.4546743708427,54.59932715097397,12.0,30.0,0.0,18.80616245974333,62.77344342208409,10.0,30.0,0.0,17.956885350300035,66.94395741251242,12.0,30.0,0.0,17.885943192948383,67.0173845582793,20.0,30.0,0.0,19.58356033273298,0.0,0.0,0.0,16.662815887144025,0.0,0.0,684.8433885945353,662.2803527246837,690.6983103504799,707.1292476443077,835.3560583903327,1075.7638691246453,782.9562308525274,816.9908336235467,808.823170561483,0.0,82.17692672157377,82.17692672157377,60.0,0.0,60.0,60.0,12.0,12.0,12.0,19.0,12.0,12.0,21.0,10.0,0.0,0.0,0.0,0.0,0.0,0.0,0.0,0.0,0.0,0.0,0.0,0.0,0.0,82.17692672157377,82.17692672157377,0.0,0.0,0.0,82.17692672157377,0.0,0.0,0.0007966666666666668 
 04/01  00:10:00,10.718333333333334,90.5,2.0633333333333336,0.0,0.0,0.0,0.0,0.0,2.0,2.0,0.0,0.0,0.0,0.0,0.0,1690.0,0.0,0.0,0.0,0.0,0.0,0.0,0.0,0.0,0.0,0.0,0.0,20.351024247729379,-87.99066878566964,20.665528769941809,-172.33333710063028,20.146301135117278,-55.2194075664338,20.11581276081811,-71.27587350127624,19.31703377801631,0.009920208466411396,21.255433490481168,-51.3882767409049,19.066141562420403,57.14879225113691,18.00031914572014,-80.54671908214874,18.338986450863915,-96.59791394886662,270.8215186502448,349.8679772366952,0.0,0.0,0.0,0.0,0.0,0.0,0.0,0.0,0.0,0.0,0.0,0.0,0.0,0.0,0.0,0.0,0.0,0.0,0.0,0.0,0.0,0.0,0.8861336171442533,0.2704925571258404,168.3399597279647,198.0164204737785,3197.6970068523235,0.15448267678016049,0.023577942121514117,96.42836725105741,113.6026550689085,1851.3848832019672,1.3354967254235335,0.2523614371548628,186.08981338996512,218.80848741560045,3502.750781911332,0.18357565394963885,0.0346892770124034,117.60538818591016,138.46026045809857,2199.039438209056,0.0,0.0,5.192604954013581,6.123561216563183,89.29196961688243,0.0,0.0,11.690490449908417,13.68915952135516,248.32002700064533,0.0,0.0,70.68838137497967,83.48233935218197,1175.8948267104907,0.0,0.0,23.55141399225773,27.919677488616104,339.54234112181146,0.0,0.0,26.437378384262148,31.316338026218145,391.28585297683517,25.602547421414749,17.56004624239695,233.5087141081986,275.3906968753145,4534.190559184341,0.0,0.0,56.15762160319607,66.96405559415482,624.1538135132503,0.0,20.20376551865835,55.025545271250937,22.0,30.0,0.0,20.353759528942704,54.05071889009263,12.0,30.0,0.0,20.078140474142388,55.56799852770897,22.0,30.0,0.0,20.07417702077226,56.02739654006156,12.0,30.0,0.0,19.29858345585807,61.47619379811867,12.0,30.0,0.0,21.398319954207869,54.41365129205525,12.0,30.0,0.0,19.00868779335794,60.61127626149471,10.0,30.0,0.0,17.873005258748493,66.82972100419312,12.0,30.0,0.0,18.068945907568499,65.97920444149423,20.0,30.0,0.0,19.48424724798908,0.0,0.0,0.0,16.184072929216108,0.0,0.0,661.8310941215002,640.471368858234,667.0002499101559,688.9213633577995,823.1205832893254,1071.260373637932,732.7121569413912,806.451010552695,862.6511498081375,0.0,82.17692672157377,82.17692672157377,60.0,0.0,60.0,60.0,12.0,12.0,12.0,19.0,12.0,12.0,21.0,10.0,0.0,0.0,0.0,0.0,0.0,0.0,0.0,0.0,0.0,0.0,0.0,0.0,0.0,82.17692672157377,82.17692672157377,0.0,0.0,0.0,82.17692672157377,0.0,0.0,0.0007999999999999999 
 04/01  00:20:00,10.586666666666668,91.0,2.0166666666666668,0.0,0.0,0.0,0.0,0.0,2.0,2.0,0.0,0.0,0.0,0.0,0.0,845.0,0.0,0.0,0.0,0.0,0.0,0.0,0.0,0.0,0.0,0.0,0.0,20.34145714375571,11.659457132489479,20.5759462174724,-240.9134300319356,20.07802461277049,-106.44699700379897,20.070537549449566,-6.878339755231536,19.29646925866355,1.0740574971443664,21.1964276384374,-46.89858391550632,19.13266135269926,15.820614264399865,17.932176111672569,-80.58995084319406,18.460729437991085,-105.01698734158879,275.6818554634774,373.67001403765019,0.0,0.0,0.0,0.0,0.0,0.0,0.0,0.0,0.0,0.0,0.0,0.0,0.0,0.0,0.0,0.0,0.0,0.0,0.0,0.0,0.0,0.0,0.9105076435541147,0.27793273612762967,176.84690632162308,207.36109602625406,3423.5892549926986,0.14848263156111816,0.022662184304199967,160.73570418809727,188.50045181163604,3096.5375099192549,1.2908868854777048,0.24393176218399569,112.11126581747388,131.58237502440256,2127.795222173618,0.18603105631681422,0.03515326083084168,106.40445429212987,124.82691843450508,2009.8298494810345,0.0,0.0,4.749370531024826,5.583375989688871,82.76708394235078,0.0,0.0,11.63011872561879,13.575605964480225,248.7736984226742,0.0,0.0,68.47780202749613,80.57414622072443,1175.0574309595637,0.0,0.0,24.98241314432353,29.5245628898479,362.1258605500861,0.0,0.0,25.913057663857737,30.567843038687739,402.37557236990519,25.6452064735628,17.589304851551998,224.00134607056345,263.39328161273797,4418.491727570062,0.0,0.0,56.48564403848198,67.16446966542149,627.2765686931654,0.0,20.245317360313736,54.62377632145908,22.0,30.0,0.0,20.238833441100348,54.06495400819773,12.0,30.0,0.0,19.988047934292238,55.134042894882657,22.0,30.0,0.0,20.03544567104536,56.23137375634186,12.0,30.0,0.0,19.277877809325405,61.08710475988477,12.0,30.0,0.0,21.334504200414629,54.17262733418059,12.0,30.0,0.0,19.140761601831696,59.75231780492618,10.0,30.0,0.0,17.775032960824374,66.55395042377114,12.0,30.0,0.0,18.30264279487726,64.55508616416947,20.0,30.0,0.0,19.448025185847258,0.0,0.0,0.0,16.042748174597749,0.0,0.0,651.3071762384479,626.0188995185114,637.2372014728334,695.1372848476704,809.5241278808549,1066.3177862187015,724.4897911254669,786.3505286421855,900.1934065853101,0.0,82.17692672157377,82.17692672157377,60.0,0.0,60.0,60.0,12.0,12.0,12.0,19.0,12.0,12.0,21.0,10.0,0.0,0.0,0.0,0.0,0.0,0.0,0.0,0.0,0.0,0.0,0.0,0.0,0.0,82.17692672157377,82.17692672157377,0.0,0.0,0.0,82.17692672157377,0.0,0.0,0.0007999999999999999 
 04/01  00:30:00,10.455,91.5,1.97,0.0,0.0,0.0,0.0,0.0,2.0,2.0,0.0,0.0,0.0,0.0,0.0,1690.0,0.0,0.0,0.0,0.0,0.0,0.0,0.0,0.0,0.0,0.0,0.0,20.24404079193257,-70.33466763666957,20.545071480574994,-155.93815746898918,20.05936039445414,-44.848046389954109,20.01864092069348,-53.2908852473704,19.278879447634055,1.3125050449977494,21.15154253610608,-44.043144774612958,19.145469919787009,15.535086259007358,17.873624817022077,-98.44214753312014,18.51320167368187,-103.97992471577266,268.8863279463749,393.49168941555527,0.0,0.0,0.0,0.0,0.0,0.0,0.0,0.0,0.0,0.0,0.0,0.0,0.0,0.0,0.0,0.0,0.0,0.0,0.0,0.0,0.0,0.0,0.9196802355930525,0.28073267264745196,175.47225983975648,206.55085247841545,3385.3745759406685,0.15933335221226115,0.024318277199673556,96.88451851890874,113.74939389535021,1890.5637133359424,1.4183736419047175,0.26802223014072526,161.7471993268963,190.63479630998314,3111.5094265924528,0.1861576497321269,0.03517718248906403,93.70725643858569,110.31304950620654,1781.7003538697268,0.0,0.0,4.7882188734795119,5.649923326765301,84.52417060131816,0.0,0.0,11.265112864756477,13.196932591393779,242.97405217268034,0.0,0.0,70.11517355721071,82.77687708289432,1225.256251581704,0.0,0.0,28.83121393250289,34.19749580328793,420.9274289220489,0.0,0.0,23.94338194680808,28.33462996778227,382.30779441214119,25.71738526826318,17.638810197711377,217.41327990356457,256.5663927662532,4329.419435257812,0.0,0.0,57.005610347088538,68.03521466471622,637.751369266242,0.0,20.08023610774655,54.82263125250469,22.0,30.0,0.0,20.25497738806111,53.908948086696558,12.0,30.0,0.0,20.005271078664799,55.34774089805928,22.0,30.0,0.0,19.9664498871973,55.77794233673694,12.0,30.0,0.0,19.263536486666348,60.85080094451331,12.0,30.0,0.0,21.297297075457345,54.03885045909037,12.0,30.0,0.0,19.17223446591614,59.30058134561949,10.0,30.0,0.0,17.697769801345389,66.3935312121294,12.0,30.0,0.0,18.397769771798978,63.84623982499834,20.0,30.0,0.0,19.372879636469798,0.0,0.0,0.0,15.95318201970711,0.0,0.0,639.2654143775106,623.983556104942,651.913700936282,670.931124506639,800.9270903299629,1067.6650782104112,718.6141566336171,774.0061124963796,908.6255810957136,0.0,82.17692672157377,82.17692672157377,60.0,0.0,60.0,60.0,12.0,12.0,12.0,19.0,12.0,12.0,21.0,10.0,0.0,0.0,0.0,0.0,0.0,0.0,0.0,0.0,0.0,0.0,0.0,0.0,0.0,82.17692672157377,82.17692672157377,0.0,0.0,0.0,82.17692672157377,0.0,0.0,0.0007999999999999999 
 04/01  00:40:00,10.323333333333335,92.0,1.9233333333333334,0.0,0.0,0.0,0.0,0.0,2.0,2.0,0.0,0.0,0.0,0.0,0.0,845.0,0.0,0.0,0.0,0.0,0.0,0.0,0.0,0.0,0.0,0.0,0.0,20.186793758419428,-68.36912418151042,20.489296130534809,-140.16716136821698,20.039840688840124,-3.2987125546433164,19.96385796010185,-60.819877868216739,19.256099443763725,1.2486775959203272,21.097864242791976,-42.17896257485103,19.14259049641918,13.936275866391043,17.796183399846308,-100.36706827431999,18.57421662724363,-102.50353095254843,243.3239967126674,401.8226769678208,0.0,0.0,0.0,0.0,0.0,0.0,0.0,0.0,0.0,0.0,0.0,0.0,0.0,0.0,0.0,0.0,0.0,0.0,0.0,0.0,0.0,0.0,0.9238923447715327,0.2820184202599306,149.93459332200806,175.96172900292218,2916.6215737392569,0.16690702499028937,0.025474210163353079,83.93878543355213,98.44543455514871,1657.5665967195719,1.487365078110369,0.28105916064065947,163.2077191333086,191.5106280496269,3184.137892982372,0.18840622840263172,0.03560208397630984,50.149645990368,58.87152104154766,962.3145692249694,0.0,0.0,4.858788829294069,5.713257549695394,86.86212243532255,0.0,0.0,11.138034359647774,13.006497134015286,242.06297756867168,0.0,0.0,70.55419040898977,83.01242632101615,1252.6170742443686,0.0,0.0,30.49100025399438,36.06257671241889,446.8244725472103,0.0,0.0,22.53831249758567,26.57017768995765,370.9905911174701,25.779622151628968,17.681496674642646,163.7194171522991,192.67921091401008,3372.6020246791897,0.0,0.0,56.64390372731073,67.40127925911438,638.6843009967399,0.0,20.012265641920455,54.65856593744132,22.0,30.0,0.0,20.206646474116746,53.96281724592058,12.0,30.0,0.0,20.012065274190378,55.28562685399224,22.0,30.0,0.0,19.89993317899635,55.48474478654353,12.0,30.0,0.0,19.239501885239624,60.47320541539713,12.0,30.0,0.0,21.241357962588077,53.79905946617346,12.0,30.0,0.0,19.17643827575109,58.96427199256136,10.0,30.0,0.0,17.58694410525543,66.31106031445875,12.0,30.0,0.0,18.510728166255097,62.93398302164028,20.0,30.0,0.0,19.228287822573696,0.0,0.0,0.0,15.860751967076422,0.0,0.0,626.8919294771328,625.4042467330763,652.9805251016245,660.2235681770246,787.9285700551818,1067.9242317182935,709.3294744370064,762.053298334189,917.4013447667311,0.0,82.17692672157377,82.17692672157377,60.0,0.0,60.0,60.0,12.0,12.0,12.0,19.0,12.0,12.0,21.0,10.0,0.0,0.0,0.0,0.0,0.0,0.0,0.0,0.0,0.0,0.0,0.0,0.0,0.0,82.17692672157377,82.17692672157377,0.0,0.0,0.0,82.17692672157377,0.0,0.0,0.0007999999999999999 
 04/01  00:50:00,10.191666666666669,92.5,1.8766666666666668,0.0,0.0,0.0,0.0,0.0,2.0,2.0,0.0,0.0,0.0,0.0,0.0,845.0,0.0,0.0,0.0,0.0,0.0,0.0,0.0,0.0,0.0,0.0,0.0,20.211694438017554,5.307127894353471,20.394113614477904,-232.15096598090077,19.94081035652248,-120.92531205336945,19.955067749068897,4.512971864922292,19.23432799566863,1.470881017988603,21.05064124571078,-38.71275967530198,19.117880276801736,0.24468404973458747,17.732556942334115,-105.40701792861614,18.60832828916334,-98.48402583995733,269.33653038941977,407.1158553081507,0.0,0.0,0.0,0.0,0.0,0.0,0.0,0.0,0.0,0.0,0.0,0.0,0.0,0.0,0.0,0.0,0.0,0.0,0.0,0.0,0.0,0.0,0.9496813395659044,0.28989051879301117,145.2980529349813,170.45242425897016,2894.324563005455,0.1626281933074985,0.024821152824709787,137.8638021914339,161.77563153225936,2720.687530388323,1.4021658047980355,0.26495952471618219,109.45232649948108,128.52755972853147,2137.7097114363466,0.19389992397874959,0.03664019727489598,110.54333200576689,129.7432756438072,2151.9765899251995,0.0,0.0,4.53375368721542,5.3316133417681679,82.05468396962941,0.0,0.0,11.021854596061651,12.873189163302227,241.48948505755363,0.0,0.0,67.97819038503924,79.99443879601826,1219.8506648400492,0.0,0.0,31.866183475898706,37.70115576082805,470.2573701380166,0.0,0.0,20.95365894725402,24.697596118164264,352.9222987657105,25.85828602360876,17.735449947605465,195.0757124952574,229.54216999935785,4003.30653230838,0.0,0.0,55.82165163543639,66.44534882790635,633.9814552449057,0.0,20.113558433451379,54.36154283063368,22.0,30.0,0.0,20.072654994374355,53.92946203919341,12.0,30.0,0.0,19.850944266919166,54.87256414730929,22.0,30.0,0.0,19.927940890720977,55.634969002952498,12.0,30.0,0.0,19.2182901648181,60.22911956877641,12.0,30.0,0.0,21.197764077372108,53.639105175889607,12.0,30.0,0.0,19.139468272257223,58.758881825604337,10.0,30.0,0.0,17.504774922132787,66.25725311065962,12.0,30.0,0.0,18.572044531041205,62.35945700227133,20.0,30.0,0.0,19.259143330542018,0.0,0.0,0.0,15.768010750722353,0.0,0.0,631.0506547545044,605.3801636296049,616.0294739216552,663.7292129147901,778.8470596188888,1067.3059892420639,702.8731801759191,755.5549713212761,923.4043731955122,0.0,82.17692672157377,82.17692672157377,60.0,0.0,60.0,60.0,12.0,12.0,12.0,19.0,12.0,12.0,21.0,10.0,0.0,0.0,0.0,0.0,0.0,0.0,0.0,0.0,0.0,0.0,0.0,0.0,0.0,82.17692672157377,82.17692672157377,0.0,0.0,0.0,82.17692672157377,0.0,0.0,0.0007833333333333333 
 04/01  01:00:00,10.06,93.0,1.83,0.0,0.0,0.0,0.0,0.0,2.0,2.0,0.0,0.0,0.0,0.0,0.0,1690.0,0.0,0.0,0.0,0.0,0.0,0.0,0.0,0.0,0.0,0.0,0.0,20.095225497955295,-82.91074511166562,20.372862146324139,-137.4807638247721,19.918687733265167,-53.37953937851489,19.89988210290127,-58.80629166930521,19.21358447383519,0.9814272269147324,21.00809553865121,-37.87678969779151,19.100834460107437,-2.118191356523994,17.675718846055223,-115.4293774103487,18.629398088027995,-91.13503466351188,281.1832191414296,406.17905976413308,0.0,0.0,0.0,0.0,0.0,0.0,0.0,0.0,0.0,0.0,0.0,0.0,0.0,0.0,0.0,0.0,0.0,0.0,0.0,0.0,0.0,0.0,0.9582042059446001,0.2924921263567155,195.57416279317898,230.31888509094748,3863.193752440594,0.16638930530010466,0.02539519311662159,99.05260536808605,116.33867516899281,1980.5424460682389,1.5063688239327813,0.2846501934869202,167.53539019367384,197.52921560046355,3309.495770069384,0.19000058567988654,0.035903360861656557,92.27944751279313,108.71178385407957,1805.8235037509499,0.0,0.0,4.61283947779968,5.444477495755663,84.48953724828724,0.0,0.0,10.862077970464818,12.731202243086912,239.96671686368024,0.0,0.0,67.70664295100056,79.95240136925706,1230.008235377014,0.0,0.0,33.449154771042049,39.71517967919776,497.7725821045055,0.0,0.0,18.872194348156535,22.318970119412698,324.01761986955946,25.893391788648584,17.759527975753494,235.48005425654493,277.9664100386898,4799.217153173641,0.0,0.0,54.72468979109155,65.38198719043703,624.8379724106333,0.0,19.911752683291647,54.700166395439158,22.0,30.0,0.0,20.10321281956096,53.766857434391628,12.0,30.0,0.0,19.860332133005615,55.031353700847329,22.0,30.0,0.0,19.847324130785766,55.30712297755625,12.0,30.0,0.0,19.19982321759165,60.01687489582751,12.0,30.0,0.0,21.162563469166135,53.509767843107429,12.0,30.0,0.0,19.12236509546603,58.54282869844271,10.0,30.0,0.0,17.437178598029058,66.20315981285812,12.0,30.0,0.0,18.609434741273938,61.9640010715804,20.0,30.0,0.0,19.252771060675273,0.0,0.0,0.0,15.667276813644876,0.0,0.0,621.7657218162988,605.6594263243492,628.5085467524738,646.9738321473271,770.0380159941271,1065.8592724834962,697.594901008401,748.4838191994679,928.9542697492901,0.0,82.17692672157377,82.17692672157377,60.0,0.0,60.0,60.0,12.0,12.0,12.0,19.0,12.0,12.0,21.0,10.0,0.0,0.0,0.0,0.0,0.0,0.0,0.0,0.0,0.0,0.0,0.0,0.0,0.0,82.17692672157377,82.17692672157377,0.0,0.0,0.0,82.17692672157377,0.0,0.0,0.0007666666666666667 
 04/01  01:10:00,10.031666666666668,93.0,1.8033333333333335,0.0,0.0,0.0,0.0,0.0,2.0,2.0,0.0,0.0,0.0,0.0,0.0,845.0,0.0,0.0,0.0,0.0,0.0,0.0,0.0,0.0,0.0,0.0,0.0,20.046923827384995,-69.56259823176242,20.322581319580519,-126.75308036736488,19.89855413458771,-4.082773961135899,19.837083730666543,-75.56689258340748,19.186867590788915,0.4734541689736318,20.958601843721849,-37.309382853734067,19.072409419415338,2.274093228566926,17.60449589683457,-115.81084830549594,18.65757070433508,-86.1273857714283,254.71881685032896,406.80764214679359,0.0,0.0,0.0,0.0,0.0,0.0,0.0,0.0,0.0,0.0,0.0,0.0,0.0,0.0,0.0,0.0,0.0,0.0,0.0,0.0,0.0,0.0,0.9442247083358302,0.2882248804443926,149.3134360555697,175.33554375039618,2949.0981770687906,0.17144218015183833,0.026166388912063237,79.45918535473597,93.24720789457048,1592.475431653551,1.5472569106944163,0.29237658932245216,185.19424730878084,217.4329596256084,3665.388130985936,0.18985770265584263,0.03587636104607758,71.20297444992396,83.63772630038442,1387.014053138532,0.0,0.0,4.733320377124986,5.567840219821925,86.73361842705342,0.0,0.0,10.774083987044593,12.589018691720609,237.64088577852548,0.0,0.0,68.02508021493404,80.06879272877657,1235.4066078780145,0.0,0.0,34.21752080296581,40.509904883748728,504.93017303558715,0.0,0.0,17.509278443183449,20.63319872951151,303.5249861965896,25.840769997852499,17.723436212518867,186.25572947227517,219.2870709282159,3859.5136527324868,0.0,0.0,53.772393331608139,64.05793011055518,606.2948582992113,0.0,19.863900160389809,54.41930209950508,22.0,30.0,0.0,20.056597101275427,53.71363284237448,12.0,30.0,0.0,19.86426864517262,55.13021403856747,22.0,30.0,0.0,19.760668787919724,54.96651255596853,12.0,30.0,0.0,19.170180137234646,59.67954851566565,12.0,30.0,0.0,21.109076729204138,53.279539010147697,12.0,30.0,0.0,19.086559896266907,58.45799486995266,10.0,30.0,0.0,17.34079506574904,66.19319555163456,12.0,30.0,0.0,18.660769382575205,61.39827702857675,20.0,30.0,0.0,19.134517115065298,0.0,0.0,0.0,15.563949495200264,0.0,0.0,608.3568669670119,607.2320824695539,636.1887845071816,629.9861206881288,756.8813249677526,1061.532725151157,688.2918059027612,740.4735299944406,939.0854792307604,0.0,82.17692672157377,82.17692672157377,60.0,0.0,60.0,60.0,12.0,12.0,12.0,19.0,12.0,12.0,21.0,10.0,0.0,0.0,0.0,0.0,0.0,0.0,0.0,0.0,0.0,0.0,0.0,0.0,0.0,82.17692672157377,82.17692672157377,0.0,0.0,0.0,82.17692672157377,0.0,0.0,0.00075 
 04/01  01:20:00,10.003333333333334,93.0,1.7766666666666669,0.0,0.0,0.0,0.0,0.0,2.0,2.0,0.0,0.0,0.0,0.0,0.0,845.0,0.0,0.0,0.0,0.0,0.0,0.0,0.0,0.0,0.0,0.0,0.0,20.074717775002584,4.303589360765727,20.237768056326716,-216.9111519456792,19.800836225036066,-125.5351525123433,19.834988229839035,5.73430210708284,19.16240278688404,0.5811454541460535,20.915519114318117,-34.79322725432263,19.037698790560044,-9.351649302144779,17.545078717171756,-119.82504883947581,18.67553016033881,-81.1263065784899,267.9307202063428,408.0793023236977,0.0,0.0,0.0,0.0,0.0,0.0,0.0,0.0,0.0,0.0,0.0,0.0,0.0,0.0,0.0,0.0,0.0,0.0,0.0,0.0,0.0,0.0,0.9509788385022143,0.2902865807393817,145.66497542704688,170.98547424357117,2916.071424710145,0.16362637072292475,0.024973499805086197,135.97999876773702,159.65649119003599,2698.12987154483,1.4200913277185512,0.26834681173819949,118.03069015208119,138.6863468008131,2313.9619050535827,0.19540191613474942,0.03692402043362611,115.5204114237311,135.6575420941462,2263.5586221636356,0.0,0.0,4.408556452702591,5.186535973514535,80.82242943524241,0.0,0.0,10.687716930665456,12.490631927723351,235.48804430004169,0.0,0.0,65.24968796247645,76.82100505974747,1182.462464235818,0.0,0.0,34.92732659698766,41.36307117725762,512.3842696115381,0.0,0.0,16.24819411373001,19.145941205584355,283.6007352683363,25.799489937332447,17.69512341380827,203.50505948252258,239.58173092714655,4191.5804674268,0.0,0.0,52.80340180592011,62.92651777203585,588.3299664164551,0.0,19.97069927121294,54.10246415564887,22.0,30.0,0.0,19.934085555254,53.7058091665296,12.0,30.0,0.0,19.702507234111363,54.64208279100722,22.0,30.0,0.0,19.80042385272016,55.37757968263644,12.0,30.0,0.0,19.14577485534594,59.48081678296384,12.0,30.0,0.0,21.067745351404026,53.12988731266136,12.0,30.0,0.0,19.037459534487508,58.2374719399839,10.0,30.0,0.0,17.267823235849624,66.15306145978158,12.0,30.0,0.0,18.693045497525284,61.00303888254217,20.0,30.0,0.0,19.14796645495836,0.0,0.0,0.0,15.468057466375358,0.0,0.0,613.0603471894868,588.031554002072,597.4066935745191,645.4252229871582,747.5450850389204,1058.0490015009728,680.7445387150175,736.1078243183374,947.9404414740136,0.0,82.17692672157377,82.17692672157377,60.0,0.0,60.0,60.0,12.0,12.0,12.0,19.0,12.0,12.0,21.0,10.0,0.0,0.0,0.0,0.0,0.0,0.0,0.0,0.0,0.0,0.0,0.0,0.0,0.0,82.17692672157377,82.17692672157377,0.0,0.0,0.0,82.17692672157377,0.0,0.0,0.0007433333333333333 
 04/01  01:30:00,9.975000000000002,93.0,1.75,0.0,0.0,0.0,0.0,0.0,2.0,2.0,0.0,0.0,0.0,0.0,0.0,1690.0,0.0,0.0,0.0,0.0,0.0,0.0,0.0,0.0,0.0,0.0,0.0,19.96711373812532,-79.01966574648714,20.220810464322026,-131.42200431154425,19.786210458255984,-46.98162090232222,19.783651085231666,-61.080835341819469,19.139705975802554,-0.03596244316794639,20.87721607056704,-34.548055829395057,19.0155544255834,-9.978858731921492,17.491082593743739,-129.27787576857578,18.68986196092581,-69.31631137306664,269.3418892794216,401.1115171807104,0.0,0.0,0.0,0.0,0.0,0.0,0.0,0.0,0.0,0.0,0.0,0.0,0.0,0.0,0.0,0.0,0.0,0.0,0.0,0.0,0.0,0.0,0.9472471131012012,0.2891474704216121,188.67470072900134,222.3225314694601,3712.9570406500636,0.16455239261335492,0.025114834037447334,94.79393887476786,111.39025353586689,1885.8721527446494,1.4975258279816349,0.2829791814024254,169.94374612180895,200.50963821072643,3340.453867626679,0.18741418664215674,0.03541462332618229,96.13565534096768,113.33836354444657,1873.780709866827,0.0,0.0,4.542451272346565,5.363421794169268,83.31360573226422,0.0,0.0,10.527618711931038,12.346303191813718,231.77281766086873,0.0,0.0,64.68355874858016,76.41940770296714,1172.6969581947056,0.0,0.0,35.996021576332029,42.77885130666796,525.4719513057273,0.0,0.0,13.984567874688097,16.53498621387061,245.45290537443604,25.731549006963236,17.64852469613391,231.61821140837459,273.5809471749898,4707.117456937118,0.0,0.0,51.15070504870263,61.18328292316569,562.221342228733,0.0,19.785866344035527,54.358382539111939,22.0,30.0,0.0,19.963243506434766,53.538407302173727,12.0,30.0,0.0,19.724636456050523,54.81116668783724,22.0,30.0,0.0,19.72161932061818,54.935604718797758,12.0,30.0,0.0,19.12543922685969,59.286897010137,12.0,30.0,0.0,21.034877114266778,53.00579067008753,12.0,30.0,0.0,19.016053494714435,58.037415827783309,10.0,30.0,0.0,17.20584611777437,66.14218072336567,12.0,30.0,0.0,18.7192791089943,60.712108837473667,20.0,30.0,0.0,19.129158485199448,0.0,0.0,0.0,15.366171604057206,0.0,0.0,601.593574386576,588.1889001031502,612.4523426185479,625.44131849309,738.0544641016556,1054.7006304194013,673.3244868829023,729.3684484781928,958.585465335005,0.0,82.17692672157377,82.17692672157377,60.0,0.0,60.0,60.0,12.0,12.0,12.0,19.0,12.0,12.0,21.0,10.0,0.0,0.0,0.0,0.0,0.0,0.0,0.0,0.0,0.0,0.0,0.0,0.0,0.0,82.17692672157377,82.17692672157377,0.0,0.0,0.0,82.17692672157377,0.0,0.0,0.0007366666666666668 
 04/01  01:40:00,9.946666666666668,93.0,1.7233333333333334,0.0,0.0,0.0,0.0,0.0,2.0,2.0,0.0,0.0,0.0,0.0,0.0,845.0,0.0,0.0,0.0,0.0,0.0,0.0,0.0,0.0,0.0,0.0,0.0,19.918914108794149,-69.4962700826909,20.17348811193262,-121.66692991617129,19.77062774377675,-5.644370146062101,19.72707245627251,-74.52813668136696,19.110603224632905,-0.6391948235574034,20.8303978774237,-34.220562354252198,18.983135911028108,-5.3463308148061519,17.42237178281561,-129.55499588066119,18.71343702891532,-59.672424268881858,245.91670725797486,396.9229153448239,0.0,0.0,0.0,0.0,0.0,0.0,0.0,0.0,0.0,0.0,0.0,0.0,0.0,0.0,0.0,0.0,0.0,0.0,0.0,0.0,0.0,0.0,0.9351623891667624,0.285458604751759,145.69874114734214,171.18949853510575,2866.581829914989,0.17009317310698614,0.025960496505950265,77.26890044127956,90.7329798393544,1541.096059233926,1.527351211440293,0.28861511931978336,182.63473401681959,214.5537792111981,3599.8080195359659,0.1875116976298441,0.03543304943874604,71.03775098013272,83.48964063706322,1379.9095290213446,0.0,0.0,4.658918613153428,5.482831965485525,85.45962103998918,0.0,0.0,10.421866199572323,12.185044136295297,229.13158615440737,0.0,0.0,64.56898327185889,76.04204291832486,1169.7673191743109,0.0,0.0,36.573959659356159,43.34054436117587,529.7615134772541,0.0,0.0,12.271358405179577,14.457583017335649,217.25565653028674,25.688038099318847,17.61868182394983,183.69559139818785,216.38267886520763,3798.777604920368,0.0,0.0,49.73532141623721,59.31962540043843,539.8870136143625,0.0,19.736237620222135,54.11888497481782,22.0,30.0,0.0,19.91856933590805,53.41840725562281,12.0,30.0,0.0,19.734807155652793,54.82198319693497,22.0,30.0,0.0,19.645337352094079,54.55184664547556,12.0,30.0,0.0,19.092922484369735,58.96691726662049,12.0,30.0,0.0,20.984337694231497,52.78288423816371,12.0,30.0,0.0,18.97644575539489,57.979213543199438,10.0,30.0,0.0,17.115613816351219,66.14076185342998,12.0,30.0,0.0,18.763596217675425,60.25997211471377,20.0,30.0,0.0,19.019260521953968,0.0,0.0,0.0,15.266369950311092,0.0,0.0,589.7352803379032,587.2954938791648,617.1927323445428,608.4909590601697,722.7876806599467,1047.5591920824855,661.071213957998,721.3051454022535,980.808098979842,0.0,82.17692672157377,82.17692672157377,60.0,0.0,60.0,60.0,12.0,12.0,12.0,19.0,12.0,12.0,21.0,10.0,0.0,0.0,0.0,0.0,0.0,0.0,0.0,0.0,0.0,0.0,0.0,0.0,0.0,82.17692672157377,82.17692672157377,0.0,0.0,0.0,82.17692672157377,0.0,0.0,0.0007300000000000001 
 04/01  01:50:00,9.918333333333333,93.0,1.6966666666666666,0.0,0.0,0.0,0.0,0.0,2.0,2.0,0.0,0.0,0.0,0.0,0.0,845.0,0.0,0.0,0.0,0.0,0.0,0.0,0.0,0.0,0.0,0.0,0.0,19.94497688160405,2.734720433349139,20.094651608652297,-205.76394524783883,19.678208996388635,-121.63920809721003,19.727850428782057,4.79814340035955,19.084113014705904,-0.5796735009456597,20.78935158274806,-32.04354035189823,18.944890991991405,-16.569596089774224,17.36404523762372,-133.27627119476439,18.73282571117401,-48.98362548859296,256.9188668979741,392.3461607704046,0.0,0.0,0.0,0.0,0.0,0.0,0.0,0.0,0.0,0.0,0.0,0.0,0.0,0.0,0.0,0.0,0.0,0.0,0.0,0.0,0.0,0.0,0.9414796378786864,0.2873869468494159,140.49508422080516,165.01554939650908,2800.9531365247137,0.1630138681994357,0.02488001651395539,131.24685688862579,154.18480183487586,2593.71437302797,1.4056776436446988,0.26562313749899837,113.16512535591179,133.03964555682649,2212.093616700077,0.1925345277199372,0.03638218588812115,110.07471396956443,129.3312572649944,2151.7069210551169,0.0,0.0,4.336537060120453,5.104173024039171,79.56652574978046,0.0,0.0,10.326601338925416,12.076000912516449,226.8351380720859,0.0,0.0,61.373049357668588,72.29674652959634,1109.1393585392532,0.0,0.0,37.171719841279728,44.06208595160935,535.4341619536499,0.0,0.0,10.53539812574509,12.411244114105785,187.85117145328574,25.643442486550226,17.588094983916485,194.4172308169622,229.01144400936767,4007.4257290002585,0.0,0.0,48.232756326760149,57.54760838906878,517.4981064832507,0.0,19.838892171316027,53.785022474909407,22.0,30.0,0.0,19.804793299104185,53.52128901208905,12.0,30.0,0.0,19.58196274668381,54.41313084669728,22.0,30.0,0.0,19.688287409316798,54.99487624653232,12.0,30.0,0.0,19.06628429515413,58.783577270271099,12.0,30.0,0.0,20.94490886748528,52.63332600360652,12.0,30.0,0.0,18.924502739805445,57.76853915911367,10.0,30.0,0.0,17.04583311179971,66.08299731598471,12.0,30.0,0.0,18.799501325670279,59.924549174565118,20.0,30.0,0.0,19.025159782579484,0.0,0.0,0.0,15.17427095576541,0.0,0.0,592.8819839413935,574.6660971176266,583.6580387157761,625.9631604692113,711.2077769307559,1041.5016855764243,650.6826337429264,715.4699259518828,1003.3746001135953,0.0,82.17692672157377,82.17692672157377,60.0,0.0,60.0,60.0,12.0,12.0,12.0,19.0,12.0,12.0,21.0,10.0,0.0,0.0,0.0,0.0,0.0,0.0,0.0,0.0,0.0,0.0,0.0,0.0,0.0,82.17692672157377,82.17692672157377,0.0,0.0,0.0,82.17692672157377,0.0,0.0,0.0007300000000000001 
 04/01  02:00:00,9.89,93.0,1.67,0.0,0.0,0.0,0.0,0.0,2.0,2.0,0.0,0.0,0.0,0.0,0.0,1690.0,0.0,0.0,0.0,0.0,0.0,0.0,0.0,0.0,0.0,0.0,0.0,19.844613876600634,-75.92709160015829,20.07680137792757,-129.20516310877918,19.665834139208177,-43.01927328031434,19.678811516204175,-61.24027378479332,19.059949237430265,-0.995380384417615,20.75205003196661,-32.298312953246497,18.919395058642228,-17.341686514779214,17.309983995771014,-143.2213132287393,18.75420064029513,-26.38876667946863,258.7149650102242,376.272450156025,0.0,0.0,0.0,0.0,0.0,0.0,0.0,0.0,0.0,0.0,0.0,0.0,0.0,0.0,0.0,0.0,0.0,0.0,0.0,0.0,0.0,0.0,0.9378381494716857,0.28627538140161348,177.14630220550473,208.8425263053099,3476.6883168136675,0.16383300100358107,0.02500503678320834,91.96585087016642,108.13602315114579,1822.0022696616596,1.4795760857037777,0.27958731778227099,162.88446598118669,192.29600099104582,3192.602805310957,0.18477235706541585,0.034915411388022638,92.80313980061033,109.47602848739783,1804.8131058514376,0.0,0.0,4.611228665297837,5.44679152854701,84.63387190104149,0.0,0.0,10.23409980967526,12.008784028350903,224.66240725085405,0.0,0.0,59.83859686634115,70.7317460223517,1081.483323023605,0.0,0.0,38.20428231503222,45.4430671303282,547.6231108730545,0.0,0.0,9.563900668165445,11.300192818497422,171.735590266796,25.583936481485645,17.547281537370134,220.05853710736069,260.08435836434389,4476.119578897609,0.0,0.0,45.64580912020267,54.657491710041387,482.7398663845785,0.0,19.66838285455714,54.031045828447869,22.0,30.0,0.0,19.828054173691844,53.34048102789346,12.0,30.0,0.0,19.60658336801706,54.52782959112046,22.0,30.0,0.0,19.61218197271064,54.5307833494284,12.0,30.0,0.0,19.044758111874147,58.59642190743983,12.0,30.0,0.0,20.91404796851408,52.509986251508959,12.0,30.0,0.0,18.899761652126715,57.54376773484135,10.0,30.0,0.0,16.98465006921098,66.08478190758307,12.0,30.0,0.0,18.83900691412512,59.592088355759148,20.0,30.0,0.0,19.00617373379397,0.0,0.0,0.0,15.070995781438694,0.0,0.0,583.3600655859693,573.7214559733346,596.4887388704635,605.02139129646,700.3194577233319,1034.870853201464,634.6627926561541,708.410166671112,1018.8559067211108,0.0,82.17692672157377,82.17692672157377,60.0,0.0,60.0,60.0,12.0,12.0,12.0,19.0,12.0,12.0,21.0,10.0,0.0,0.0,0.0,0.0,0.0,0.0,0.0,0.0,0.0,0.0,0.0,0.0,0.0,82.17692672157377,82.17692672157377,0.0,0.0,0.0,82.17692672157377,0.0,0.0,0.0007300000000000001 
 04/01  02:10:00,9.821666666666668,93.16666666666667,1.7033333333333332,0.0,0.0,0.0,0.0,0.0,2.0,2.0,0.0,0.0,0.0,0.0,0.0,845.0,0.0,0.0,0.0,0.0,0.0,0.0,0.0,0.0,0.0,0.0,0.0,19.79783523339632,-66.27763934721134,20.03028770452483,-119.5768554229926,19.650439978538537,-8.289494250345343,19.625517037530608,-73.12658775246018,19.02926958270487,-1.2682986281475338,20.705460288340519,-32.51087801133542,18.882571186819577,-13.608090432718655,17.241138719656058,-142.69187281197606,18.777990392224575,-29.382031435415798,238.82463600661778,384.1875460113579,0.0,0.0,0.0,0.0,0.0,0.0,0.0,0.0,0.0,0.0,0.0,0.0,0.0,0.0,0.0,0.0,0.0,0.0,0.0,0.0,0.0,0.0,0.9316525607505058,0.2843872285563205,138.35992551654719,162.64764558470774,2726.5265480959658,0.16980798291066938,0.025916969308710223,76.15708953831657,89.47842595168531,1518.1293203442902,1.4916878411902697,0.28187600929521358,173.24179309551128,203.62633653917636,3418.645381468262,0.1856938384757558,0.035089538638653768,67.80106560767321,79.72345886442398,1320.4723995437296,0.0,0.0,4.84509497110016,5.7044930952898549,89.30694916668186,0.0,0.0,10.23618628249224,11.97484191897331,225.232811551068,0.0,0.0,61.0251417047134,71.90835534344433,1106.2952797370402,0.0,0.0,38.75179881227106,45.96194190071455,554.2805294701174,0.0,0.0,11.675956727498449,13.75222571315747,212.28509778086696,25.692255657722478,17.62157452518689,174.29042398780514,205.41206421749559,3628.045069387417,0.0,0.0,46.230670556657297,55.19680497951578,488.8881660097349,0.0,19.62063862232673,53.8303355013106,22.0,30.0,0.0,19.784292672615576,53.1557422275855,12.0,30.0,0.0,19.61558641524753,54.48137151134046,22.0,30.0,0.0,19.54202252661813,54.13882201358069,12.0,30.0,0.0,19.010712277679173,58.27564866718975,12.0,30.0,0.0,20.86481386191035,52.27920988158859,12.0,30.0,0.0,18.85437660102096,57.559908721303028,10.0,30.0,0.0,16.895797947856165,66.14121693832547,12.0,30.0,0.0,18.881149086698128,59.02924872956291,20.0,30.0,0.0,18.890500314836026,0.0,0.0,0.0,14.998707192910672,0.0,0.0,572.8083757091018,569.5551403727561,598.4468961758056,587.8765258312901,682.2453558367439,1019.1415994381583,628.0412397372569,707.594672738102,1013.886636453146,0.0,82.17692672157377,82.17692672157377,60.0,0.0,60.0,60.0,12.0,12.0,12.0,19.0,12.0,12.0,21.0,10.0,0.0,0.0,0.0,0.0,0.0,0.0,0.0,0.0,0.0,0.0,0.0,0.0,0.0,82.17692672157377,82.17692672157377,0.0,0.0,0.0,82.17692672157377,0.0,0.0,0.0007300000000000001 
 04/01  02:20:00,9.753333333333334,93.33333333333334,1.7366666666666669,0.0,0.0,0.0,0.0,0.0,2.0,2.0,0.0,0.0,0.0,0.0,0.0,845.0,0.0,0.0,0.0,0.0,0.0,0.0,0.0,0.0,0.0,0.0,0.0,19.818654734196245,0.5466288392644856,19.95569678557191,-194.607063910973,19.56284556100494,-116.11958700816195,19.626270155764943,3.9240019110106916,19.00136544655669,-1.183692387359315,20.663751072744604,-30.9761805581785,18.84181938125795,-23.80412539084182,17.183830778396609,-144.9442309087092,18.788451382521524,-32.21861625241456,248.62576212436216,392.055761648659,0.0,0.0,0.0,0.0,0.0,0.0,0.0,0.0,0.0,0.0,0.0,0.0,0.0,0.0,0.0,0.0,0.0,0.0,0.0,0.0,0.0,0.0,0.9413089341556852,0.2873348394858624,130.5743539936455,153.44412052797689,2615.224328182102,0.16477693042789527,0.025149104155661674,123.58101161977983,145.25057806803688,2453.0086731753087,1.3751772826308618,0.2598596528025061,104.35661699135885,122.73792207251612,2053.6424335125977,0.19095706896157717,0.03608410222252024,102.51984015571097,120.50958525277302,2017.2942623495156,0.0,0.0,4.607946360578135,5.425947813925517,85.31238519070006,0.0,0.0,10.179906739432809,11.911054203179808,224.59571553985695,0.0,0.0,59.11537392325368,69.67369559321601,1073.5399819239677,0.0,0.0,39.264999028075369,46.58223081330841,561.8955121868127,0.0,0.0,12.551341056050133,14.782867861022784,230.34056512802457,25.7950669283338,17.6920897999546,177.16509037389793,208.81599961584355,3703.521858236251,0.0,0.0,46.74846518139584,55.8266935201149,495.07973421631416,0.0,19.711497064337583,53.4846818026696,22.0,30.0,0.0,19.679283161053929,53.33401183367463,12.0,30.0,0.0,19.472074187449264,54.173674047261,22.0,30.0,0.0,19.584399376664238,54.579207341629267,12.0,30.0,0.0,18.982730263127345,58.10315079136213,12.0,30.0,0.0,20.825170913336537,52.121548226888197,12.0,30.0,0.0,18.80053800176478,57.41426796000254,10.0,30.0,0.0,16.829606304759755,66.13828319288747,12.0,30.0,0.0,18.89891873009476,58.66047023031445,20.0,30.0,0.0,18.874876962262726,0.0,0.0,0.0,14.93699923955982,0.0,0.0,574.0477422940697,562.4721343120863,571.5580662280175,604.9582814398953,670.6814638786107,1005.6792847322836,623.436608157907,712.7387825489149,1000.6936005172067,0.0,82.17692672157377,82.17692672157377,60.0,0.0,60.0,60.0,12.0,12.0,12.0,19.0,12.0,12.0,21.0,10.0,0.0,0.0,0.0,0.0,0.0,0.0,0.0,0.0,0.0,0.0,0.0,0.0,0.0,82.17692672157377,82.17692672157377,0.0,0.0,0.0,82.17692672157377,0.0,0.0,0.0007366666666666668 
 04/01  02:30:00,9.685,93.5,1.77,0.0,0.0,0.0,0.0,0.0,2.0,2.0,0.0,0.0,0.0,0.0,0.0,1690.0,0.0,0.0,0.0,0.0,0.0,0.0,0.0,0.0,0.0,0.0,0.0,19.72127773933913,-75.01206433847438,19.934200008753387,-129.86905773236073,19.547762395930954,-46.88643491126936,19.57539095497373,-64.0496768681071,18.97600537542561,-1.466488996701358,20.625357815745298,-33.03021384584133,18.813275476207069,-25.053878466961124,17.133105353662225,-150.39670284495174,18.792212451309199,-34.49463313854946,260.29863065400789,399.10552852734227,0.0,0.0,0.0,0.0,0.0,0.0,0.0,0.0,0.0,0.0,0.0,0.0,0.0,0.0,0.0,0.0,0.0,0.0,0.0,0.0,0.0,0.0,0.9413451333125356,0.28734588928954077,169.21369946246075,199.56256026363745,3351.87494113256,0.16565322140789477,0.025282848200228144,89.83232535955122,105.68587863774853,1793.5633754170825,1.4328073454032629,0.2707496873399968,158.014320962292,186.61911084567658,3126.297043237432,0.1843770478275516,0.034840711985553957,89.89253159837944,106.0919328768742,1766.2428785077084,0.0,0.0,4.893885302688929,5.782549363920804,91.01605160619627,0.0,0.0,10.490449043083914,12.314782436577979,232.07871523527673,0.0,0.0,59.73312908118361,70.63884951776106,1089.205091671307,0.0,0.0,39.97594661904871,47.585600322832849,573.1006245029553,0.0,0.0,14.35821732748208,16.964114427218186,265.52082776486648,25.893329902619948,17.75948552991766,212.76482733477503,251.58269397069558,4383.734425355162,0.0,0.0,47.48336316876357,56.89602661813562,503.877897133736,0.0,19.547596837048336,53.74108431489394,22.0,30.0,0.0,19.694325201610888,53.145671835629389,12.0,30.0,0.0,19.49022480196559,54.22932644836773,22.0,30.0,0.0,19.504963446273753,54.122457234104789,12.0,30.0,0.0,18.9602296715544,57.93876657783558,12.0,30.0,0.0,20.791677427825783,52.00591539169885,12.0,30.0,0.0,18.77244502144206,57.26744893260352,10.0,30.0,0.0,16.776374807568403,66.16678550715923,12.0,30.0,0.0,18.905756383152736,58.36269378177893,20.0,30.0,0.0,18.871000777223896,0.0,0.0,0.0,14.88085427343659,0.0,0.0,566.9658941373887,560.4253164471297,580.7207275855853,582.2297007038158,662.3039180094643,994.0251769567453,623.9414236955142,719.3754140402084,984.8649511604378,0.0,82.17692672157377,82.17692672157377,60.0,0.0,60.0,60.0,12.0,12.0,12.0,19.0,12.0,12.0,21.0,10.0,0.0,0.0,0.0,0.0,0.0,0.0,0.0,0.0,0.0,0.0,0.0,0.0,0.0,82.17692672157377,82.17692672157377,0.0,0.0,0.0,82.17692672157377,0.0,0.0,0.0007433333333333333 
 04/01  02:40:00,9.616666666666668,93.66666666666667,1.8033333333333333,0.0,0.0,0.0,0.0,0.0,2.0,2.0,0.0,0.0,0.0,0.0,0.0,845.0,0.0,0.0,0.0,0.0,0.0,0.0,0.0,0.0,0.0,0.0,0.0,19.671994191939129,-66.45762472946717,19.888197106076725,-115.62163038301606,19.530758848977578,-9.958902435437267,19.519820374846164,-78.16097415099648,18.943876744681846,-1.7508422660088173,20.57653250726063,-34.208497060656217,18.774639430252223,-20.43614480714723,17.071972039724707,-148.04212951144337,18.79402382231975,-36.04505717069014,241.11636334873493,404.35223659444048,0.0,0.0,0.0,0.0,0.0,0.0,0.0,0.0,0.0,0.0,0.0,0.0,0.0,0.0,0.0,0.0,0.0,0.0,0.0,0.0,0.0,0.0,0.9372766936804082,0.2861039968499415,133.26581345333447,156.73477286748267,2648.9469885366427,0.17141216790094022,0.02616180828768929,73.30769801586908,86.1750355689396,1472.4879254439887,1.4457924476346065,0.2732034103617927,170.9223671393712,200.99456452261973,3402.7284727895546,0.1853129293684796,0.03501756034929696,69.87342556037233,82.19796341068875,1374.0943093483609,0.0,0.0,5.088318667531896,5.99323883077075,95.01655549849625,0.0,0.0,10.712447587987262,12.538906037345912,237.43808931716854,0.0,0.0,60.960421263279908,71.86719803610504,1114.8341675424913,0.0,0.0,40.25430234450164,47.777845818536899,577.0448549685767,0.0,0.0,15.423495629755339,18.166481462291157,287.6044922558804,26.00763403786295,17.837883427889549,171.9252261770019,202.72586468977597,3620.442297885936,0.0,0.0,47.805317729604478,57.11341591719454,508.86622316555175,0.0,19.49478032437782,53.58708194580143,22.0,30.0,0.0,19.65097903993449,52.900180910933,12.0,30.0,0.0,19.495973630981277,54.179278974173687,22.0,30.0,0.0,19.43011253447368,53.738202526672797,12.0,30.0,0.0,18.92461207669986,57.67005953997463,12.0,30.0,0.0,20.73747304764891,51.806746840062348,12.0,30.0,0.0,18.726048583098675,57.33667580515445,10.0,30.0,0.0,16.702616522583907,66.21174019518068,12.0,30.0,0.0,18.910974454846945,57.92262208199735,20.0,30.0,0.0,18.757097499059076,0.0,0.0,0.0,14.82547677026274,0.0,0.0,558.656023787663,552.4598411546024,581.6304211419359,563.1220666982716,651.5982466353519,975.6866281444306,625.1007310848423,728.4189709042428,961.3476386259968,0.0,82.17692672157377,82.17692672157377,60.0,0.0,60.0,60.0,12.0,12.0,12.0,19.0,12.0,12.0,21.0,10.0,0.0,0.0,0.0,0.0,0.0,0.0,0.0,0.0,0.0,0.0,0.0,0.0,0.0,82.17692672157377,82.17692672157377,0.0,0.0,0.0,82.17692672157377,0.0,0.0,0.00075 
 04/01  02:50:00,9.548333333333334,93.83333333333334,1.836666666666667,0.0,0.0,0.0,0.0,0.0,2.0,2.0,0.0,0.0,0.0,0.0,0.0,845.0,0.0,0.0,0.0,0.0,0.0,0.0,0.0,0.0,0.0,0.0,0.0,19.69032642242186,-0.9968633472490183,19.815971030229919,-187.5477632797374,19.438612066068566,-123.02887890938064,19.521465611252979,3.1960919124080648,18.91475417381743,-1.6324675903425146,20.53322400734239,-33.42816700150394,18.73329174267641,-29.6338187313072,17.020353305890589,-148.8982805747246,18.791764050130188,-37.4812503724055,251.5481701027893,409.5343993517274,0.0,0.0,0.0,0.0,0.0,0.0,0.0,0.0,0.0,0.0,0.0,0.0,0.0,0.0,0.0,0.0,0.0,0.0,0.0,0.0,0.0,0.0,0.9452748462088847,0.28854543535069746,128.4939121527311,151.07506316357473,2593.9609280530814,0.1669690448553153,0.025483675954718456,118.48035244486559,139.32326323292095,2370.5752681985488,1.3327049118280719,0.2518338835653954,105.32759705587822,123.94026453953596,2088.5479846449595,0.19103665927546485,0.03609914196437354,99.62536547697651,117.15880862247832,1979.9628743146953,0.0,0.0,4.814630410717184,5.671544493809795,90.28853523039288,0.0,0.0,10.829230049072951,12.67786463650461,240.5957608520595,0.0,0.0,59.09079023937172,69.67817101513671,1082.6320979229072,0.0,0.0,40.52409157272527,48.108192472329999,582.035976589098,0.0,0.0,15.823028672398089,18.637542982973014,297.1756959659966,26.115606591503956,17.911938677300389,175.41087529077485,206.85432948936046,3707.909837140048,0.0,0.0,48.0844677698281,57.45700846804954,513.6146022374569,0.0,19.580760585215957,53.24290559859519,22.0,30.0,0.0,19.549734139281886,53.13531412175953,12.0,30.0,0.0,19.343119993547334,53.96179116121483,22.0,30.0,0.0,19.474819118886708,54.221802956431897,12.0,30.0,0.0,18.89543731749089,57.54218436922244,12.0,30.0,0.0,20.694407815091755,51.677948031040468,12.0,30.0,0.0,18.67326988378276,57.20625371556027,10.0,30.0,0.0,16.64695630510194,66.17349939480968,12.0,30.0,0.0,18.909966274444768,57.67452695427062,20.0,30.0,0.0,18.742570454852907,0.0,0.0,0.0,14.774618807712402,0.0,0.0,558.656853329331,550.7334736051424,560.7553959124439,584.4480575330038,645.7223865544946,963.4555032153834,623.8402160090266,733.5180111797772,949.2012802325287,0.0,82.17692672157377,82.17692672157377,60.0,0.0,60.0,60.0,12.0,12.0,12.0,19.0,12.0,12.0,21.0,10.0,0.0,0.0,0.0,0.0,0.0,0.0,0.0,0.0,0.0,0.0,0.0,0.0,0.0,82.17692672157377,82.17692672157377,0.0,0.0,0.0,82.17692672157377,0.0,0.0,0.0007533333333333332 
 04/01  03:00:00,9.48,94.0,1.87,0.0,0.0,0.0,0.0,0.0,2.0,2.0,0.0,0.0,0.0,0.0,0.0,1690.0,0.0,0.0,0.0,0.0,0.0,0.0,0.0,0.0,0.0,0.0,0.0,19.5950876778906,-74.20699310116697,19.792909403904149,-128.87372690646544,19.425605511189496,-45.58061588838427,19.46785782498682,-69.57539800556197,18.88837817362205,-1.9042325071328606,20.494151743395677,-35.12358859398924,18.704022460314748,-30.556660764442996,16.97398215449868,-152.97780958087993,18.787115134633788,-39.67000060181698,262.75486478695987,414.68697530048066,0.0,0.0,0.0,0.0,0.0,0.0,0.0,0.0,0.0,0.0,0.0,0.0,0.0,0.0,0.0,0.0,0.0,0.0,0.0,0.0,0.0,0.0,0.9461051432098175,0.28879888376368059,165.0711597176303,194.76323062913463,3297.615342920003,0.16723657573314644,0.02552450789577937,88.44034466657588,104.10448897619229,1779.2447477160015,1.3929760293962073,0.2632229836349599,158.84850152985366,187.69578392292633,3168.802391080013,0.18424955064430105,0.034816619547298,90.90918580150775,107.35341221156424,1802.7665699232962,0.0,0.0,5.0416167500555979,5.959094849007551,94.95900692048531,0.0,0.0,11.052999644630877,12.981992765808883,246.2045536933386,0.0,0.0,59.3510947001307,70.21885595613385,1091.8679978656847,0.0,0.0,41.02344326159681,48.862471324973359,590.8745252164629,0.0,0.0,17.144678119871374,20.25741221437969,324.04485246457878,26.220695995289753,17.98401645767473,211.6088093189082,250.3532316888785,4403.517016740233,0.0,0.0,48.61297975853287,58.28113287300411,521.1976907278305,0.0,19.421712789319096,53.48659890243592,22.0,30.0,0.0,19.560054056734058,52.9500724273395,12.0,30.0,0.0,19.366304000626678,53.987822853626429,22.0,30.0,0.0,19.389525239018228,53.77025782516625,12.0,30.0,0.0,18.872047823273897,57.41161435547599,12.0,30.0,0.0,20.65948116269778,51.58836885635376,12.0,30.0,0.0,18.645535934709046,57.05044042847471,10.0,30.0,0.0,16.601225512225108,66.15214242094686,12.0,30.0,0.0,18.90589901008633,57.453129753927729,20.0,30.0,0.0,18.735683865554578,0.0,0.0,0.0,14.72772925278992,0.0,0.0,552.3382135302486,548.5356099301368,567.6940346361398,560.1797193791298,641.5844478585862,955.5034873901875,623.1698800998764,735.2119731251182,938.0922461210789,0.0,82.17692672157377,82.17692672157377,60.0,0.0,60.0,60.0,12.0,12.0,12.0,19.0,12.0,12.0,21.0,10.0,0.0,0.0,0.0,0.0,0.0,0.0,0.0,0.0,0.0,0.0,0.0,0.0,0.0,82.17692672157377,82.17692672157377,0.0,0.0,0.0,82.17692672157377,0.0,0.0,0.0007566666666666667 
 04/01  03:10:00,9.378333333333334,94.33333333333334,1.7933333333333335,0.0,0.0,0.0,0.0,0.0,2.0,2.0,0.0,0.0,0.0,0.0,0.0,845.0,0.0,0.0,0.0,0.0,0.0,0.0,0.0,0.0,0.0,0.0,0.0,19.545089631490418,-66.07070819088222,19.746555111731639,-113.91673116049106,19.40817932754689,-10.540632199223183,19.41051014892529,-83.34265838689271,18.85500768463771,-2.1752194477141986,20.44507127843078,-35.883436025443987,18.665213698441887,-25.522051668537189,16.91821619863962,-150.46522170670847,18.779006681571795,-41.27082726349113,242.95347457463959,418.2487306553721,0.0,0.0,0.0,0.0,0.0,0.0,0.0,0.0,0.0,0.0,0.0,0.0,0.0,0.0,0.0,0.0,0.0,0.0,0.0,0.0,0.0,0.0,0.9502456553643524,0.2900627763627449,128.85943604545018,151.62480779726668,2591.834450142831,0.174255236083873,0.026595732003033124,71.50659430284995,84.1008382420332,1451.6635904275402,1.4468149766548025,0.27339663202093786,168.5521795837643,198.3024163845538,3395.346592005063,0.18662467384315649,0.03526543345486705,71.25214940349038,83.85877086921434,1418.7425807712285,0.0,0.0,5.203597302603884,6.131335204544856,98.73552318445683,0.0,0.0,11.181763281148916,13.095377982681543,250.2609926320875,0.0,0.0,60.66887146685567,71.55721313611186,1123.527449072528,0.0,0.0,41.17887678901745,48.90512158346782,596.6052670652754,0.0,0.0,17.727372006544156,20.882820124066848,338.49212916273259,26.218288600927879,17.982365295560965,169.55715002098575,200.03461702352252,3621.737704639094,0.0,0.0,48.7996860226897,58.3332582647199,528.8559248115173,0.0,19.36754719569361,53.358167297646897,22.0,30.0,0.0,19.515548686674888,52.66995720194387,12.0,30.0,0.0,19.37062772253802,53.91251327689268,22.0,30.0,0.0,19.31223761288696,53.39646797389136,12.0,30.0,0.0,18.834997965717748,57.18899142222364,12.0,30.0,0.0,20.60438188154784,51.42555134616433,12.0,30.0,0.0,18.600324841446004,57.11267343375689,10.0,30.0,0.0,16.53702218854532,66.1444540518764,12.0,30.0,0.0,18.896835931846355,57.120677116201218,20.0,30.0,0.0,18.619530027427346,0.0,0.0,0.0,14.680062414267426,0.0,0.0,546.4918966803342,536.8013315597,566.1404823617455,541.1164508079212,636.3242413744339,943.47039816997,623.3825971633752,739.3514559472433,922.9697612431942,0.0,82.17692672157377,82.17692672157377,60.0,0.0,60.0,60.0,12.0,12.0,12.0,19.0,12.0,12.0,21.0,10.0,0.0,0.0,0.0,0.0,0.0,0.0,0.0,0.0,0.0,0.0,0.0,0.0,0.0,82.17692672157377,82.17692672157377,0.0,0.0,0.0,82.17692672157377,0.0,0.0,0.0007599999999999999 
 04/01  03:20:00,9.276666666666668,94.66666666666667,1.7166666666666668,0.0,0.0,0.0,0.0,0.0,2.0,2.0,0.0,0.0,0.0,0.0,0.0,845.0,0.0,0.0,0.0,0.0,0.0,0.0,0.0,0.0,0.0,0.0,0.0,19.561012908975085,-2.1294632038670899,19.676286814003768,-181.6070631911898,19.314233647761577,-125.0641411535671,19.41295136144465,2.0432171946176824,18.824833742688779,-1.9960359523532248,20.40208004116605,-34.911787970196147,18.623788521077857,-34.24959485339241,16.870200513045274,-150.80967100270005,18.769905647061817,-42.404203093389359,251.44997106721713,422.11594695784086,0.0,0.0,0.0,0.0,0.0,0.0,0.0,0.0,0.0,0.0,0.0,0.0,0.0,0.0,0.0,0.0,0.0,0.0,0.0,0.0,0.0,0.0,0.9629037306466993,0.2939266577065627,124.66878839546556,146.65002867909096,2553.5037713176468,0.17149818764314943,0.026174937063972747,113.8598445319561,133.95423795521786,2310.936632432599,1.389723207898991,0.2626083159295146,103.81364679175029,122.21624852824036,2090.775810217112,0.19368689615586044,0.03659994258425177,96.50239141526417,113.53652717966718,1948.8285997251192,0.0,0.0,4.915606740010702,5.792640801473497,93.97893731946827,0.0,0.0,11.232588168206469,13.157117060830775,252.7348634183979,0.0,0.0,58.70069667905998,69.25002753134271,1093.105085030947,0.0,0.0,41.3480828633265,49.11522418677746,603.4745713500471,0.0,0.0,17.96891944431225,21.168236906491399,346.4101873459884,26.19991245143482,17.96976162649851,170.25145606935619,200.87745396865126,3666.4300565123196,0.0,0.0,48.96732582959657,58.54271032140552,536.2870798231903,0.0,19.4487349050454,53.01127460699108,22.0,30.0,0.0,19.41792758598532,52.95437533350683,12.0,30.0,0.0,19.21467484141099,53.76355571764711,22.0,30.0,0.0,19.359781754137118,53.9018819397594,12.0,30.0,0.0,18.804705347448676,57.08911660173355,12.0,30.0,0.0,20.5613829007499,51.3138070119196,12.0,30.0,0.0,18.548703637544678,56.98683815042618,10.0,30.0,0.0,16.4874020127252,66.07041654587712,12.0,30.0,0.0,18.88720695158286,56.94172002241105,20.0,30.0,0.0,18.599492830634085,0.0,0.0,0.0,14.634229190631029,0.0,0.0,544.3648741935573,541.4181505175405,552.249430082523,565.6699469242769,633.368388109545,934.7685291141648,622.1368253143411,739.9616234192486,915.9450509280115,0.0,82.17692672157377,82.17692672157377,60.0,0.0,60.0,60.0,12.0,12.0,12.0,19.0,12.0,12.0,21.0,10.0,0.0,0.0,0.0,0.0,0.0,0.0,0.0,0.0,0.0,0.0,0.0,0.0,0.0,82.17692672157377,82.17692672157377,0.0,0.0,0.0,82.17692672157377,0.0,0.0,0.0007666666666666667 
 04/01  03:30:00,9.175,95.0,1.6400000000000002,0.0,0.0,0.0,0.0,0.0,2.0,2.0,0.0,0.0,0.0,0.0,0.0,1690.0,0.0,0.0,0.0,0.0,0.0,0.0,0.0,0.0,0.0,0.0,0.0,19.4668471937333,-73.72235880456629,19.65185230401292,-128.18846750441458,19.301399043340056,-44.24225347322749,19.356658026170324,-75.06141830518891,18.797543964619856,-2.2689893330781247,20.363614908149495,-36.33705790229786,18.593910305664808,-35.09848584943961,16.826458296783568,-154.32029682442227,18.760293224984126,-44.36186095996243,264.25988718457259,426.32463735894967,0.0,0.0,0.0,0.0,0.0,0.0,0.0,0.0,0.0,0.0,0.0,0.0,0.0,0.0,0.0,0.0,0.0,0.0,0.0,0.0,0.0,0.0,0.9712948808285301,0.2964880588609677,161.41108591614722,190.52482721363968,3283.503439723185,0.17266343572029076,0.026352783229592608,87.31074823711998,102.82718833987421,1787.013408755752,1.4953323472219094,0.28256469146294596,158.24289077545977,187.0664912190329,3216.5392747017256,0.18812946678522517,0.03554978586266536,91.20388826727681,107.7564197143545,1842.8047607389345,0.0,0.0,5.121054602216416,6.0548913718386239,98.65918613835149,0.0,0.0,11.397240286761777,13.392773355256303,257.8631429160016,0.0,0.0,58.786261845657957,69.57953027727227,1103.0267839960118,0.0,0.0,41.73085346745354,49.73159345286012,613.895800197656,0.0,0.0,19.380426374055849,22.90045608790843,377.02245198858727,26.180328729363187,17.956329718356103,209.8109400513514,248.35127802316806,4450.778829714365,0.0,0.0,49.36468012021754,59.21056527081396,546.1431540627607,0.0,19.292446149066728,53.25432593583928,22.0,30.0,0.0,19.424412416049269,52.76838858557802,12.0,30.0,0.0,19.238830352997224,53.75840554480996,22.0,30.0,0.0,19.26951965251733,53.45892628116013,12.0,30.0,0.0,18.78040483373185,56.97852020746916,12.0,30.0,0.0,20.526958273420584,51.23704738323622,12.0,30.0,0.0,18.520888421541636,56.81707343754009,10.0,30.0,0.0,16.44576003944271,66.02387780188298,12.0,30.0,0.0,18.87775986123659,56.74921875626313,20.0,30.0,0.0,18.598964813629104,0.0,0.0,0.0,14.589364565313977,0.0,0.0,539.6317934207157,538.7504434312248,555.4683164320209,541.9152196114375,630.9281216086763,929.666421975904,618.6172009797648,739.3720994313756,906.5940881117338,0.0,82.17692672157377,82.17692672157377,60.0,0.0,60.0,60.0,12.0,12.0,12.0,19.0,12.0,12.0,21.0,10.0,0.0,0.0,0.0,0.0,0.0,0.0,0.0,0.0,0.0,0.0,0.0,0.0,0.0,82.17692672157377,82.17692672157377,0.0,0.0,0.0,82.17692672157377,0.0,0.0,0.0007733333333333332 
 04/01  03:40:00,9.073333333333333,95.33333333333334,1.5633333333333335,0.0,0.0,0.0,0.0,0.0,2.0,2.0,0.0,0.0,0.0,0.0,0.0,845.0,0.0,0.0,0.0,0.0,0.0,0.0,0.0,0.0,0.0,0.0,0.0,19.416716423368475,-65.24797628299075,19.605218365914724,-112.3907148969738,19.28334910180215,-10.477500428737585,19.29701395592881,-89.59733773579046,18.7631229262432,-2.5304211051571317,20.315348662909388,-36.95110685546558,18.55414226119397,-30.464379583076153,16.77393004406131,-151.88407350781064,18.746826249241676,-45.638134689046868,245.1261324536481,429.7291253584658,0.0,0.0,0.0,0.0,0.0,0.0,0.0,0.0,0.0,0.0,0.0,0.0,0.0,0.0,0.0,0.0,0.0,0.0,0.0,0.0,0.0,0.0,0.9770401307906773,0.29824179816565246,124.96632949499332,147.1131559863327,2559.6610377827917,0.17968506553598094,0.027424460551889644,70.03024541465033,82.40573697840472,1445.9676620066694,1.544553313788478,0.29186570555337845,167.996295997963,197.7426189161986,3446.985145232377,0.19071233812896205,0.036037856789297429,73.92860701665998,87.0494263818286,1499.2536769055212,0.0,0.0,5.26645886692498,6.207664201648464,102.18300904495635,0.0,0.0,11.491294915595047,13.464817817501082,261.23471984606769,0.0,0.0,59.73602317379452,70.4892574607931,1128.0711785984195,0.0,0.0,41.82827791130481,49.7037824909247,619.2954442343757,0.0,0.0,19.905969810462979,23.453413226889198,390.840105401273,26.177622529871216,17.95447361445214,169.09782233323109,199.58970971663494,3680.0890744601035,0.0,0.0,49.492515503738598,59.19165233323461,553.3419799672365,0.0,19.238350655216473,53.14518425768176,22.0,30.0,0.0,19.37897449873086,52.458155640930829,12.0,30.0,0.0,19.241992402669049,53.668457587366528,22.0,30.0,0.0,19.188499828889929,53.097374525647648,12.0,30.0,0.0,18.742119647571767,56.78036662663926,12.0,30.0,0.0,20.472832249336358,51.09100820864402,12.0,30.0,0.0,18.474869210621134,56.89070666267438,10.0,30.0,0.0,16.386577460758013,65.99323671612558,12.0,30.0,0.0,18.861836830744438,56.44794294418738,20.0,30.0,0.0,18.484251934073617,0.0,0.0,0.0,14.542091457683905,0.0,0.0,536.2424153843944,523.6732387499701,552.8920089236733,523.2680411341947,627.3311442043201,921.4514145298316,619.5145296543525,741.2388105635729,891.7837653871578,0.0,82.17692672157377,82.17692672157377,60.0,0.0,60.0,60.0,12.0,12.0,12.0,19.0,12.0,12.0,21.0,10.0,0.0,0.0,0.0,0.0,0.0,0.0,0.0,0.0,0.0,0.0,0.0,0.0,0.0,82.17692672157377,82.17692672157377,0.0,0.0,0.0,82.17692672157377,0.0,0.0,0.00078 
 04/01  03:50:00,8.971666666666666,95.66666666666666,1.4866666666666666,0.0,0.0,0.0,0.0,0.0,2.0,2.0,0.0,0.0,0.0,0.0,0.0,845.0,0.0,0.0,0.0,0.0,0.0,0.0,0.0,0.0,0.0,0.0,0.0,19.430587171752174,-2.938626247324464,19.53712615878488,-175.96899212802556,19.18873092198126,-125.18122753184116,19.300682800963643,0.7005935765782851,18.732146758551786,-2.304960499046473,20.2730918490724,-35.99826920543484,18.512671663267388,-38.379563429319208,16.72803516563951,-152.212768237584,18.733735395387066,-46.567559922122658,250.55598808790547,433.08875872754859,0.0,0.0,0.0,0.0,0.0,0.0,0.0,0.0,0.0,0.0,0.0,0.0,0.0,0.0,0.0,0.0,0.0,0.0,0.0,0.0,0.0,0.0,0.9878291018739236,0.30153513488215008,120.50880892275173,141.8259328977871,2511.926570449561,0.17718849900017825,0.02704342170332391,109.9179800257472,129.37829508085629,2269.812513935835,1.4944990114914474,0.28240722061440817,102.35643915275493,120.55711135577826,2100.9420889572077,0.19799039495244487,0.037413150973629027,94.89077930240625,111.69058666601657,1952.1105223969726,0.0,0.0,5.0017846230067379,5.896339565054088,97.76055900729381,0.0,0.0,11.523652558876277,13.504930723687469,263.3591767247474,0.0,0.0,57.922261451414048,68.36265397785127,1099.879885607911,0.0,0.0,41.93947878202441,49.844671191644419,625.6652623153013,0.0,0.0,20.248837306437843,23.858730454361436,401.12119761622565,26.153870147253547,17.938182542697914,165.16748164026263,194.98333616700084,3632.9311764963324,0.0,0.0,49.60262114223917,59.33278077261604,560.1577553305392,0.0,19.315430302070589,52.79236058446261,22.0,30.0,0.0,19.28536070120156,52.77768840280053,12.0,30.0,0.0,19.084990355310479,53.571691561731409,22.0,30.0,0.0,19.23974686687419,53.61986868814363,12.0,30.0,0.0,18.711034243390555,56.695108553168498,12.0,30.0,0.0,20.430601422915158,50.986903369783259,12.0,30.0,0.0,18.42421859587508,56.76919380676014,10.0,30.0,0.0,16.339853110625545,65.90834709189892,12.0,30.0,0.0,18.847712613887127,56.28495806569315,20.0,30.0,0.0,18.45345095981721,0.0,0.0,0.0,14.495181993158147,0.0,0.0,532.116490174361,533.2624484428882,544.6454217291031,550.8531878875305,625.3922943595287,914.661844172704,618.5338299666233,740.7051897170977,884.343116418151,0.0,82.17692672157377,82.17692672157377,60.0,0.0,60.0,60.0,12.0,12.0,12.0,19.0,12.0,12.0,21.0,10.0,0.0,0.0,0.0,0.0,0.0,0.0,0.0,0.0,0.0,0.0,0.0,0.0,0.0,82.17692672157377,82.17692672157377,0.0,0.0,0.0,82.17692672157377,0.0,0.0,0.00078 
 04/01  04:00:00,8.87,96.0,1.41,0.0,0.0,0.0,0.0,0.0,2.0,2.0,0.0,0.0,0.0,0.0,0.0,1690.0,0.0,0.0,0.0,0.0,0.0,0.0,0.0,0.0,0.0,0.0,0.0,19.337594768963258,-73.1283138321287,19.511362289374767,-128.08701997640243,19.176007081162277,-43.162220437129239,19.242499381344243,-80.13102212262425,18.7041673233908,-2.60361552188472,20.235340428153216,-37.28872606105671,18.48254469311176,-38.852696157737,16.685721101643894,-155.78182730109428,18.72101207510942,-48.59853295521623,265.4490742216203,436.86413518126258,0.0,0.0,0.0,0.0,0.0,0.0,0.0,0.0,0.0,0.0,0.0,0.0,0.0,0.0,0.0,0.0,0.0,0.0,0.0,0.0,0.0,0.0,0.9977938919007728,0.304576890079601,157.68742036977995,186.2085770856795,3265.179852905077,0.17830517119051848,0.02721385396680685,86.27589488885752,101.66081796436473,1795.888320248141,1.5998934077073684,0.3023230173294348,157.43492819737834,186.1961160013785,3259.3174199495508,0.1924986585554871,0.036375407890303679,91.68941714617205,108.38411538826147,1886.3406021838505,0.0,0.0,5.1768898169000139,6.122842820587393,101.93720106884148,0.0,0.0,11.662407274804587,13.710713102172049,268.00404370267509,0.0,0.0,58.2055657119553,68.91999280554869,1113.536162690626,0.0,0.0,42.2557522969742,50.38229858616095,635.4147166543153,0.0,0.0,21.47440438754569,25.379756675081546,429.0353903233893,26.111490993639437,17.909115907845988,207.79012565135688,246.08232378747375,4491.196842816717,0.0,0.0,49.92707491837548,59.91410900821072,569.2482985227198,0.0,19.1620464991463,53.033987276479759,22.0,30.0,0.0,19.288049970360299,52.59055361818058,12.0,30.0,0.0,19.109702031869199,53.541226827638329,22.0,30.0,0.0,19.14573564360086,53.18585756478617,12.0,30.0,0.0,18.686109448692894,56.59673708000648,12.0,30.0,0.0,20.396907115478336,50.91662469773787,12.0,30.0,0.0,18.396787236313175,56.58456629292225,10.0,30.0,0.0,16.29983896184291,65.85113706293876,12.0,30.0,0.0,18.83519456496215,56.11261758384366,20.0,30.0,0.0,18.46039409507013,0.0,0.0,0.0,14.448912528867993,0.0,0.0,528.9009984378836,530.1045722381784,545.0026436671644,528.1968715168553,623.6176163632863,911.154454557511,613.320975511662,739.0577661640796,875.9379018774355,0.0,82.17692672157377,82.17692672157377,60.0,0.0,60.0,60.0,12.0,12.0,12.0,19.0,12.0,12.0,21.0,10.0,0.0,0.0,0.0,0.0,0.0,0.0,0.0,0.0,0.0,0.0,0.0,0.0,0.0,82.17692672157377,82.17692672157377,0.0,0.0,0.0,82.17692672157377,0.0,0.0,0.00078 
 04/01  04:10:00,8.858333333333335,96.16666666666666,1.3983333333333335,0.0,0.0,0.0,0.0,0.0,2.0,2.0,0.0,0.0,0.0,0.0,0.0,845.0,0.0,0.0,0.0,0.0,0.0,0.0,0.0,0.0,0.0,0.0,0.0,19.287503166242666,-64.80169489782748,19.465108458798875,-111.38841570258274,19.15819950313429,-10.789245515809853,19.18189913582399,-95.40819507771949,18.66904763566699,-2.8436567404184247,20.18846337822581,-37.76874405706826,18.44273913728921,-34.42548752618541,16.635030139795384,-153.4505269264955,18.704067138667616,-49.76117611036432,243.8820164806839,439.84917749199806,0.0,0.0,0.0,0.0,0.0,0.0,0.0,0.0,0.0,0.0,0.0,0.0,0.0,0.0,0.0,0.0,0.0,0.0,0.0,0.0,0.0,0.0,0.9905897949276648,0.30237783727950698,121.73746983327864,143.38189280987963,2515.958002397092,0.18251256780519924,0.027856008517277054,68.78595940813979,80.98311682272774,1431.6823274089323,1.6033574353058798,0.3029775954848602,167.43605156327838,197.179712259268,3467.0223420385525,0.19244594629555138,0.03636544714579579,76.3406094717774,89.93263471387843,1562.2299107807344,0.0,0.0,5.295375119866306,6.244117719878524,104.0379284837023,0.0,0.0,11.72406830239173,13.744613215431397,268.62688348080567,0.0,0.0,59.094202805888688,69.76454063883438,1127.1333139263032,0.0,0.0,42.316751708321799,50.31169395698572,632.8466050694426,0.0,0.0,21.90077865182978,25.809684070627289,437.3883070479233,26.047992670798889,17.86556424608978,168.53243013460478,199.01539753701963,3702.344019141628,0.0,0.0,49.97184358120263,59.79731413522701,566.3560600958817,0.0,19.108245174631834,52.946011090609619,22.0,30.0,0.0,19.24224665526817,52.26361800353649,12.0,30.0,0.0,19.11318403861061,53.437830964426009,22.0,30.0,0.0,19.062839946047125,52.846915253621819,12.0,30.0,0.0,18.647144433815986,56.41287832941659,12.0,30.0,0.0,20.34422511836757,50.77834072928034,12.0,30.0,0.0,18.35140102670119,56.65874642178014,10.0,30.0,0.0,16.24276405276694,65.80517288053352,12.0,30.0,0.0,18.814860660121736,55.841603386359789,20.0,30.0,0.0,18.35688797935812,0.0,0.0,0.0,14.40042091565679,0.0,0.0,527.7538619279541,513.425475385458,541.7881897007287,511.87456945428178,620.5464881309404,905.13172661685,614.5778207750342,738.3125095007029,863.4769163919133,0.0,82.17692672157377,82.17692672157377,60.0,0.0,60.0,60.0,12.0,12.0,12.0,19.0,12.0,12.0,21.0,10.0,0.0,0.0,0.0,0.0,0.0,0.0,0.0,0.0,0.0,0.0,0.0,0.0,0.0,82.17692672157377,82.17692672157377,0.0,0.0,0.0,82.17692672157377,0.0,0.0,0.00078 
 04/01  04:20:00,8.846666666666668,96.33333333333333,1.3866666666666668,0.0,0.0,0.0,0.0,0.0,2.0,2.0,0.0,0.0,0.0,0.0,0.0,845.0,0.0,0.0,0.0,0.0,0.0,0.0,0.0,0.0,0.0,0.0,0.0,19.30026674344417,-3.9546069807374808,19.400718485633214,-169.49535509974568,19.064659784432416,-125.36827488631752,19.187599912088069,-0.7459472774330607,18.637594538946069,-2.5766194790597298,20.14752338151198,-36.796453339871508,18.401251155413627,-41.8908604765752,16.59051579978597,-153.8614617460064,18.688289838456144,-50.75910728015015,243.855456622583,442.51058206248356,0.0,0.0,0.0,0.0,0.0,0.0,0.0,0.0,0.0,0.0,0.0,0.0,0.0,0.0,0.0,0.0,0.0,0.0,0.0,0.0,0.0,0.0,0.9860858594836821,0.3010030096104036,117.16123769731556,137.95695709036287,2441.8054019803678,0.17762848262540366,0.027110574271276508,106.24288462625174,125.11438418418037,2193.657954296729,1.5153962135247495,0.286356049418887,101.22178129127949,119.2782628646216,2078.737001176725,0.19728096236441457,0.037279093417311889,93.34768542678411,109.92711705838929,1921.718528485587,0.0,0.0,5.039778052441892,5.943478467660428,98.82519128902541,0.0,0.0,11.728276087944078,13.751924491599525,268.06963909314518,0.0,0.0,57.35590696098946,67.72667705133778,1089.7325313122797,0.0,0.0,42.395385112247158,50.41465372635889,631.2192639799929,0.0,0.0,22.08204541366088,26.025426619868428,440.7773870044,25.96008185978964,17.805268765287825,161.17545488123455,190.3614786720978,3554.459668990283,0.0,0.0,50.004532339716,59.84709819244632,563.1734616254912,0.0,19.183109280769309,52.593256927161629,22.0,30.0,0.0,19.154945518692938,52.62529708798825,12.0,30.0,0.0,18.95821362860494,53.404523442372049,22.0,30.0,0.0,19.118509653952104,53.363899404042708,12.0,30.0,0.0,18.615768879514368,56.33558805926538,12.0,30.0,0.0,20.303310106480759,50.67696601803681,12.0,30.0,0.0,18.301480595326564,56.54569451622816,10.0,30.0,0.0,16.197414843474577,65.7111452687834,12.0,30.0,0.0,18.797660409805,55.698747896694,20.0,30.0,0.0,18.328026338967676,0.0,0.0,0.0,14.35302624854311,0.0,0.0,522.520310198262,526.0453203821392,537.8150143955631,539.696650348798,618.9301775413832,899.6021542599676,613.8022073276407,736.1598077404573,857.7421324699875,0.0,82.17692672157377,82.17692672157377,60.0,0.0,60.0,60.0,12.0,12.0,12.0,19.0,12.0,12.0,21.0,10.0,0.0,0.0,0.0,0.0,0.0,0.0,0.0,0.0,0.0,0.0,0.0,0.0,0.0,82.17692672157377,82.17692672157377,0.0,0.0,0.0,82.17692672157377,0.0,0.0,0.0007733333333333332 
 04/01  04:30:00,8.835,96.5,1.375,0.0,0.0,0.0,0.0,0.0,2.0,2.0,0.0,0.0,0.0,0.0,0.0,845.0,0.0,0.0,0.0,0.0,0.0,0.0,0.0,0.0,0.0,0.0,0.0,19.140921023393078,-125.1553040460285,19.406358200146458,-47.554249145930047,19.08430911854648,9.480630551919603,19.085506792113557,-143.06485622036235,18.605539035425538,-3.050813019017056,20.106162300318695,-38.11839774830639,18.375934217599104,-32.24430493155069,16.545161404990038,-155.29783734636568,18.67148086978866,-52.49586060814784,266.4379996561456,446.8780863396314,0.0,0.0,0.0,0.0,0.0,0.0,0.0,0.0,0.0,0.0,0.0,0.0,0.0,0.0,0.0,0.0,0.0,0.0,0.0,0.0,0.0,0.0,0.9867425661530427,0.3012034695216858,145.06131804592688,170.98587959412837,2941.202039177542,0.18270232759651357,0.02788497063438852,31.16109939717635,36.689009443249329,650.6308545184328,1.636801942554711,0.3092974192280256,227.5664341797299,268.0588526277459,4682.3018175628999,0.18679177370853826,0.03529700939314781,118.08935572914496,139.17934267964385,2390.6824348246907,0.0,0.0,5.404563732445598,6.374549723266379,105.76183629690256,0.0,0.0,11.728557911264073,13.754568763991973,267.39294628635198,0.0,0.0,59.80172712023918,70.62044024105231,1135.5794237422202,0.0,0.0,42.787046836153738,50.88954386231063,634.0437800035535,0.0,0.0,22.63762504135396,26.68257997653156,451.5696399825194,25.927599080160595,17.782989766913994,228.6321545766178,269.9691313340645,4865.07182077559,0.0,0.0,50.39643661959736,60.326931543143469,564.3245629857291,0.0,18.897338927746114,53.18808862382514,22.0,30.0,0.0,19.218239565752805,52.22019742538861,12.0,30.0,0.0,19.047312346238337,53.34985092361553,22.0,30.0,0.0,18.93576176583003,52.93032681636306,12.0,30.0,0.0,18.58329944198118,56.22955087009741,12.0,30.0,0.0,20.26107242081909,50.617354002539219,12.0,30.0,0.0,18.284332112691279,56.40042717144461,10.0,30.0,0.0,16.149947332309919,65.70838237981374,12.0,30.0,0.0,18.779075943400934,55.550764799607069,20.0,30.0,0.0,18.376789280372333,0.0,0.0,0.0,14.308818004855795,0.0,0.0,515.2754675173584,516.3173190662803,536.3838720268509,505.8717116826792,617.6723529190329,898.2918793463244,606.2549690405482,733.8973679777746,852.0764315824938,0.0,82.17692672157377,82.17692672157377,60.0,0.0,60.0,60.0,12.0,12.0,12.0,19.0,12.0,12.0,21.0,10.0,0.0,0.0,0.0,0.0,0.0,0.0,0.0,0.0,0.0,0.0,0.0,0.0,0.0,82.17692672157377,82.17692672157377,0.0,0.0,0.0,82.17692672157377,0.0,0.0,0.0007666666666666667 
 04/01  04:40:00,8.823333333333335,96.66666666666666,1.3633333333333333,0.0,0.0,0.0,0.0,0.0,2.0,2.0,0.0,0.0,0.0,0.0,0.0,845.0,0.0,0.0,0.0,0.0,0.0,0.0,0.0,0.0,0.0,0.0,0.0,19.21202892872862,15.869599993293378,19.30326779417465,-220.6532913912606,18.949235682981916,-171.26432518279854,19.100121022133786,6.478964886528047,18.574507109824148,-2.064996926053709,20.066763734876799,-35.81625638976976,18.31658387771053,-55.14501944129984,16.501825557522975,-154.28151547980088,18.654559311008137,-52.77229173580804,289.2520694100276,447.8887139016583,0.0,0.0,0.0,0.0,0.0,0.0,0.0,0.0,0.0,0.0,0.0,0.0,0.0,0.0,0.0,0.0,0.0,0.0,0.0,0.0,0.0,0.0,0.9660562213827478,0.29488895646604026,227.19564197700962,267.58630948900108,4691.844839736314,0.16180542675439769,0.0246955779539679,165.75759834974134,195.27674587185357,3391.6796972482254,1.4557196268466979,0.2750792945666475,174.71581889268826,205.9954399162525,3520.6299351857926,0.19535398770834265,0.03691496366370797,113.89264638449439,134.16854020090518,2327.4706091356267,0.0,0.0,4.793725939835306,5.654796796736063,93.63785983680045,0.0,0.0,11.979242891627124,14.050869280180173,272.49859565336558,0.0,0.0,53.612503353347438,63.331061712256268,1010.4466932060212,0.0,0.0,42.4831653227277,50.53690852305788,626.8923897261724,0.0,0.0,23.765939562371086,28.015185049096375,473.7898357124724,25.791666201706336,17.68975733999063,305.6467668150342,360.85073267367849,6381.810047122259,0.0,0.0,49.99736483510437,59.86026214864422,556.319055218106,0.0,19.105602258682955,52.76449609578356,22.0,30.0,0.0,19.042462862981428,52.77296475732359,12.0,30.0,0.0,18.805496076851737,53.60241694937169,22.0,30.0,0.0,19.020986798701789,53.4018470152545,12.0,30.0,0.0,18.553144167368978,56.12768107732096,12.0,30.0,0.0,20.22270275462587,50.50558952907552,12.0,30.0,0.0,18.19943601163483,56.5170946993624,10.0,30.0,0.0,16.10652997000127,65.6435510991904,12.0,30.0,0.0,18.76105680723858,55.35851035914594,20.0,30.0,0.0,18.43892262933624,0.0,0.0,0.0,14.261605550196283,0.0,0.0,524.3790439401912,525.5778172133166,531.3964736046448,535.1088118427609,614.006190811769,890.3511322245516,611.3881538575099,732.0267774204147,840.5339020322057,0.0,82.17692672157377,82.17692672157377,60.0,0.0,60.0,60.0,12.0,12.0,12.0,19.0,12.0,12.0,21.0,10.0,0.0,0.0,0.0,0.0,0.0,0.0,0.0,0.0,0.0,0.0,0.0,0.0,0.0,82.17692672157377,82.17692672157377,0.0,0.0,0.0,82.17692672157377,0.0,0.0,0.0007599999999999999 
 04/01  04:50:00,8.811666666666668,96.83333333333334,1.3516666666666666,0.0,0.0,0.0,0.0,0.0,2.0,2.0,0.0,0.0,0.0,0.0,0.0,1690.0,0.0,0.0,0.0,0.0,0.0,0.0,0.0,0.0,0.0,0.0,0.0,19.121056619135979,-70.89279484988902,19.286246495110118,-105.19362022438486,18.967732200114527,8.070553980588329,19.055953475679318,-68.65698750752397,18.545540804923556,-3.2643240383667235,20.030382339879116,-38.88451006033131,18.290686818112705,-41.83708854389465,16.461223678092993,-158.2977340139339,18.6381777801777,-56.041916932988957,230.95842533280894,450.05697317122806,0.0,0.0,0.0,0.0,0.0,0.0,0.0,0.0,0.0,0.0,0.0,0.0,0.0,0.0,0.0,0.0,0.0,0.0,0.0,0.0,0.0,0.0,0.9746156645918154,0.2975017291183808,170.34953841618279,201.39749179850697,3471.7181878824428,0.17223923589821955,0.026288039667005424,87.79019542691029,103.51610108865487,1800.353125627369,1.5904780528464997,0.30054384974423667,144.44292226394368,171.15148596080616,2945.6104507281145,0.18622622515069599,0.035190140807009818,70.14274547202725,83.13615956608602,1423.5946749963594,0.0,0.0,5.252967383673129,6.216758821478045,102.41848799690993,0.0,0.0,11.989856437559343,14.107038931135734,272.1306235576792,0.0,0.0,57.59944306249633,68.25496901665925,1084.7631638294309,0.0,0.0,42.880279576227298,51.17125154514049,630.2067075771151,0.0,0.0,24.148091166767096,28.551717183900864,480.97470229793557,25.721551820926135,17.641667915587204,197.92261467828434,234.74385149040757,4227.968067628838,0.0,0.0,50.40085336057797,60.53538474401091,557.2402039537551,0.0,18.947802540353459,52.99868886328629,22.0,30.0,0.0,19.070728261335107,52.61762366515444,12.0,30.0,0.0,18.900640015489075,53.57589401779083,22.0,30.0,0.0,18.951264531475269,52.837561523573558,12.0,30.0,0.0,18.52704957629117,56.055776746136348,12.0,30.0,0.0,20.1896483663797,50.470769920051228,12.0,30.0,0.0,18.18402447798399,56.43067402778849,10.0,30.0,0.0,16.067952855011489,65.55236809370348,12.0,30.0,0.0,18.74457394884694,55.24549831459008,20.0,30.0,0.0,18.215321696348157,0.0,0.0,0.0,14.216845509864783,0.0,0.0,520.3407346373952,523.7519230255778,537.9712614248297,508.53066992108679,612.9882034132636,889.0902690957237,606.0014760937498,731.0811408559812,836.1744299634297,0.0,82.17692672157377,82.17692672157377,60.0,0.0,60.0,60.0,12.0,12.0,12.0,19.0,12.0,12.0,21.0,10.0,0.0,0.0,0.0,0.0,0.0,0.0,0.0,0.0,0.0,0.0,0.0,0.0,0.0,82.17692672157377,82.17692672157377,0.0,0.0,0.0,82.17692672157377,0.0,0.0,0.0007700000000000001 
 04/01  05:00:00,8.8,97.0,1.34,0.0,0.0,0.0,0.0,0.0,2.0,2.0,0.0,0.0,0.0,0.0,0.0,845.0,0.0,0.0,0.0,0.0,0.0,0.0,0.0,0.0,0.0,0.0,0.0,19.015246063733899,-114.514093974974,19.2898058974801,-20.58002187764731,18.958373366138198,-21.891333779635717,19.027884893190849,-57.799172782617919,18.509344485000029,-3.3831754962685638,19.985072531459964,-38.87436286663353,18.253711133308575,-39.34056458512441,16.41214290632356,-155.87767982083393,18.616728650118895,-56.78840662387802,177.81195162983387,452.7478277866969,0.0,0.0,0.0,0.0,0.0,0.0,0.0,0.0,0.0,0.0,0.0,0.0,0.0,0.0,0.0,0.0,0.0,0.0,0.0,0.0,0.0,0.0,0.9821024344874935,0.2997870679143753,89.47092389288108,105.50621632767818,1807.525325808454,0.17706220202585927,0.02702414560834238,10.165752225919647,11.97317067513483,213.45958943639838,1.5246526893709787,0.28810519451454638,95.65326134527852,112.7321569012306,1966.6180806114604,0.18828330067068736,0.035578855002019519,36.290066021561,42.772252295809689,739.4149052827928,0.0,0.0,5.305353578439477,6.260050971030034,103.19309011917149,0.0,0.0,12.002149004721769,14.082405293877392,271.63788602034057,0.0,0.0,58.218757681173418,68.78510688687581,1093.7523727791484,0.0,0.0,42.92010629343091,51.07581582293953,627.4108790881198,0.0,0.0,24.37469782454296,28.738529045390569,485.05184290538099,25.687097709807508,17.61803683800241,96.10221935101208,113.63458944394161,2242.4701654272637,0.0,0.0,50.425366533092539,60.39450621637894,554.5144371654169,0.0,18.781419248399403,53.11675474999162,22.0,30.0,0.0,19.12081407765864,52.2274004075099,12.0,30.0,0.0,18.912835304045676,53.2300314118767,22.0,30.0,0.0,18.929939836796696,52.63509407537086,12.0,30.0,0.0,18.486887896215703,55.93236353388177,12.0,30.0,0.0,20.138968302200416,50.39110496285163,12.0,30.0,0.0,18.144752009728877,56.51145756924119,10.0,30.0,0.0,16.012885138892658,65.52314975220568,12.0,30.0,0.0,18.718953980171514,55.04958687076101,20.0,30.0,0.0,17.981293459238527,0.0,0.0,0.0,14.172856765331563,0.0,0.0,509.96182475576708,516.9549918028945,533.5022794069936,502.40390327632937,610.8015405041817,885.751875705217,610.1323088394722,729.2868899073085,828.7167660553485,0.0,82.17692672157377,82.17692672157377,60.0,0.0,60.0,60.0,12.0,12.0,12.0,19.0,12.0,12.0,21.0,10.0,0.0,0.0,0.0,0.0,0.0,0.0,0.0,0.0,0.0,0.0,0.0,0.0,0.0,82.17692672157377,82.17692672157377,0.0,0.0,0.0,82.17692672157377,0.0,0.0,0.00078 
 04/01  05:10:00,8.793333333333333,97.16666666666667,1.3616666666666669,0.0,0.0,0.0,0.0,0.0,2.0,2.0,0.0,0.0,0.0,0.0,0.0,845.0,0.0,0.0,0.0,0.0,0.0,0.0,0.0,0.0,0.0,0.0,0.0,19.090728415709167,18.7545223795114,19.13565227354728,-295.9722819568633,18.872278030884055,-120.62329986595614,19.028593036553536,-4.425557665179355,18.477717645018786,-2.427609930204767,19.946590270593533,-36.316618141079178,18.19941709237958,-56.48130225689829,16.369790630491417,-155.6668535040933,18.598044468106825,-56.597081840222248,246.4667894351278,454.95876532583477,0.0,0.0,0.0,0.0,0.0,0.0,0.0,0.0,0.0,0.0,0.0,0.0,0.0,0.0,0.0,0.0,0.0,0.0,0.0,0.0,0.0,0.0,0.9601435461149834,0.29308411053570929,235.04029458646466,276.9527026035616,4815.989209583523,0.15833269662636366,0.024165551988150743,172.60364930890487,203.50036437377413,3473.7101647201227,1.4322732096090408,0.2706487546502345,63.595130246533077,74.99313883500759,1299.3673127398636,0.1831095340391233,0.03460119690837552,4.125255286548283,4.86168077586519,87.68235926438443,0.0,0.0,4.823302962801736,5.6922318708166019,93.59622853049886,0.0,0.0,12.153215760843694,14.262535210953457,274.35710017455207,0.0,0.0,52.97423950928217,62.61112630778466,988.3689723889609,0.0,0.0,42.84839781091895,51.00189368667798,623.3746907150743,0.0,0.0,25.48515969216785,30.052003751322244,506.5348848944178,25.647347452688686,17.590773287166458,205.54676188199273,242.9051516178519,4350.904521983129,0.0,0.0,50.28181097671108,60.23502792289975,549.394860336513,0.0,18.993392953551898,52.752010259390797,22.0,30.0,0.0,18.83823566628225,53.043919412260837,12.0,30.0,0.0,18.773470843164526,53.40492926582401,22.0,30.0,0.0,18.964988547383649,52.5334269702308,12.0,30.0,0.0,18.456092599342687,55.8907138114063,12.0,30.0,0.0,20.10164851932907,50.33588020979215,12.0,30.0,0.0,18.07100560823206,56.43744906512308,10.0,30.0,0.0,15.970458750627092,65.46538496022355,12.0,30.0,0.0,18.699292199436063,54.93951651589833,20.0,30.0,0.0,18.18353233403105,0.0,0.0,0.0,14.130612695307903,0.0,0.0,523.9888391540128,516.0188394377386,532.6773199749262,503.97146057319716,609.3771503175683,880.9080084562937,608.3867075506475,726.4987941795866,820.5197541636501,0.0,82.17692672157377,82.17692672157377,60.0,0.0,60.0,60.0,12.0,12.0,12.0,19.0,12.0,12.0,21.0,10.0,0.0,0.0,0.0,0.0,0.0,0.0,0.0,0.0,0.0,0.0,0.0,0.0,0.0,82.17692672157377,82.17692672157377,0.0,0.0,0.0,82.17692672157377,0.0,0.0,0.00079 
 04/01  05:20:00,8.786666666666669,97.33333333333334,1.3833333333333336,0.0,0.0,0.0,0.0,0.0,2.0,2.0,0.0,0.0,0.0,0.0,0.0,1690.0,0.0,0.0,0.0,0.0,0.0,0.0,0.0,0.0,0.0,0.0,0.0,18.963708026220269,-98.35372737162106,19.129902581662369,-76.69043949614297,18.86390737802955,-32.91764837826895,18.970459004330285,-81.46015682993577,18.448322244927696,-3.5276962949752859,19.91057399934036,-40.167921186885937,18.17378968741182,-46.32967921833756,16.330650552084728,-158.6995984984277,18.580131820376758,-59.97615735238588,252.06322010062787,456.0070484617679,0.0,0.0,0.0,0.0,0.0,0.0,0.0,0.0,0.0,0.0,0.0,0.0,0.0,0.0,0.0,0.0,0.0,0.0,0.0,0.0,0.0,0.0,0.9711758333179804,0.2964517195720331,203.9032990155365,241.17483112243904,4090.587133130402,0.1781270555029621,0.027186669032808629,113.80875400136762,134.45769657623345,2306.2625765189175,1.4646573802799714,0.2767682124489743,132.52634600969706,156.9492406747765,2688.268056044514,0.1777964332091605,0.03359720960112631,61.10404683680216,72.44089510290749,1234.4064431423076,0.0,0.0,5.265814681703436,6.235311154649434,101.94369546051402,0.0,0.0,12.114156688792967,14.261080962962346,272.7535883334192,0.0,0.0,56.37999247065156,66.85097293061669,1050.6966688381577,0.0,0.0,43.07594805719181,51.43586807787357,623.9192495105899,0.0,0.0,25.767340471879824,30.47702313584483,511.3836544718286,25.59299163654497,17.553492206135105,229.6113969393598,272.284905256632,4816.470642453115,0.0,0.0,50.51103573921522,60.70307199873885,548.186140881633,0.0,18.76243929193143,53.19922197626971,22.0,30.0,0.0,18.90391334346142,52.86935009662642,12.0,30.0,0.0,18.804273223363649,53.19959036637776,22.0,30.0,0.0,18.870677240353325,52.61321310061683,12.0,30.0,0.0,18.429679470739339,55.83170103010585,12.0,30.0,0.0,20.068502920181048,50.3164387337759,12.0,30.0,0.0,18.056001878245604,56.38632664020939,10.0,30.0,0.0,15.934069337047739,65.43329331535692,12.0,30.0,0.0,18.681400551833759,54.834293459194487,20.0,30.0,0.0,18.186907256707995,0.0,0.0,0.0,14.089246285632939,0.0,0.0,514.0886688625656,520.3448104510997,523.9890316501841,501.2028156717638,608.6200396594896,880.4855901836281,604.5494667011933,727.1133249465108,816.6031642085461,0.0,82.17692672157377,82.17692672157377,60.0,0.0,60.0,60.0,12.0,12.0,12.0,19.0,12.0,12.0,21.0,10.0,0.0,0.0,0.0,0.0,0.0,0.0,0.0,0.0,0.0,0.0,0.0,0.0,0.0,82.17692672157377,82.17692672157377,0.0,0.0,0.0,82.17692672157377,0.0,0.0,0.0008166666666666667 
 04/01  05:30:00,8.780000000000002,97.5,1.405,0.0,0.0,0.0,0.0,0.0,2.0,2.0,0.0,0.0,0.0,0.0,0.0,845.0,0.0,0.0,0.0,0.0,0.0,0.0,0.0,0.0,0.0,0.0,0.0,18.98987489811454,-12.203869378794935,19.090799457205205,-122.62301364429686,18.843114711108976,-20.365356218895614,18.903331271478529,-105.45391556834375,18.411719209708474,-3.691422070669546,19.865931635429499,-39.83237309540465,18.132366412415356,-44.748459353995489,16.283547967585123,-156.33371687753289,18.55699067373466,-60.59212319582332,205.12197637079408,458.1154561443593,0.0,0.0,0.0,0.0,0.0,0.0,0.0,0.0,0.0,0.0,0.0,0.0,0.0,0.0,0.0,0.0,0.0,0.0,0.0,0.0,0.0,0.0,0.9607058038877078,0.29325573989246275,80.54549776025121,94.96119440352017,1645.4849604880554,0.17634819131453192,0.02691516961455005,78.3471631189731,92.38039517880404,1584.8540339703025,1.4499398383162332,0.2739871198632339,121.10118358601366,142.81069392313067,2458.2470373074136,0.17948544035940115,0.033916371950000207,76.33727299781181,90.03904736699717,1531.1143891706218,0.0,0.0,5.22985619698384,6.174374706396235,100.95261422888466,0.0,0.0,12.196011266934765,14.318922897568005,273.7190588652704,0.0,0.0,56.78322233530043,67.13330437229665,1054.2221773437787,0.0,0.0,43.10305390165532,51.32808044513691,620.7552875627237,0.0,0.0,26.06997659826456,30.751271282609989,516.5943925446435,25.574628401443666,17.54089739468016,128.26931114633553,151.6944828392258,2841.06957456218,0.0,0.0,50.5268637511431,60.55502072220531,545.3767314553284,0.0,18.865946912738975,52.93550431944606,22.0,30.0,0.0,18.863382567860339,52.44461012790803,12.0,30.0,0.0,18.798950374801195,53.07596197066137,22.0,30.0,0.0,18.773878228769424,52.690832505581479,12.0,30.0,0.0,18.389186585959846,55.736195833675719,12.0,30.0,0.0,20.018492825532435,50.26026417727664,12.0,30.0,0.0,18.00937245003157,56.546795494951478,10.0,30.0,0.0,15.881950872674496,65.42122569538332,12.0,30.0,0.0,18.65392840206598,54.6776045075479,20.0,30.0,0.0,17.987860153933224,0.0,0.0,0.0,14.050361797512297,0.0,0.0,527.5721085112102,497.7700725748801,519.6144765607246,494.9235939221546,607.2692992172986,877.742609939218,607.4396312198543,725.9187650789952,810.46023510676,0.0,82.17692672157377,82.17692672157377,60.0,0.0,60.0,60.0,12.0,12.0,12.0,19.0,12.0,12.0,21.0,10.0,0.0,0.0,0.0,0.0,0.0,0.0,0.0,0.0,0.0,0.0,0.0,0.0,0.0,82.17692672157377,82.17692672157377,0.0,0.0,0.0,82.17692672157377,0.0,0.0,0.0008433333333333333 
 04/01  05:40:00,8.773333333333334,97.66666666666666,1.4266666666666668,0.0,0.0,0.0,0.0,0.0,2.0,2.0,0.0,0.0,0.0,0.0,0.0,845.0,0.0,0.0,0.0,0.0,0.0,0.0,0.0,0.0,0.0,0.0,0.0,18.844069658163435,-122.75753453819653,19.120616933349916,-4.077190211366428,18.81755333698719,-31.73634034883389,18.9081252706317,-4.330385460436901,18.378564841864156,-3.7679241156513969,19.826628792423408,-39.41273704197937,18.108310998456547,-39.03193043771307,16.241158578873774,-157.23654893066829,18.53573567209287,-62.18684502882047,148.01888220126058,460.5107418995608,0.0,0.0,0.0,0.0,0.0,0.0,0.0,0.0,0.0,0.0,0.0,0.0,0.0,0.0,0.0,0.0,0.0,0.0,0.0,0.0,0.0,0.0,0.950855977473498,0.29024907737286267,112.94377167819298,133.2885974117403,2244.2666888211185,0.17789932429211076,0.027151911521994928,18.357150806638438,21.637498644568667,378.00501959027926,1.4518859341808046,0.2743548628459571,71.5029161557988,84.32720669727176,1461.7986716107742,0.18915933286885207,0.03574439396614739,73.4301520704285,86.58881196444014,1482.0264087666488,0.0,0.0,5.425619090753764,6.406616186356399,104.45593790962117,0.0,0.0,12.025089038405156,14.121140318454394,269.139316425918,0.0,0.0,59.08793030456054,69.86637614317188,1096.1074429033968,0.0,0.0,43.481819255820877,51.79071615988197,623.1022714974783,0.0,0.0,25.051433444049907,29.55376492128911,495.63209456187948,25.55734183672125,17.52904104027521,71.94495454264058,85.16781404474922,1757.1489695357098,0.0,0.0,50.914528665183357,61.03065375328155,546.7015152163624,0.0,18.608642106822303,53.49393080560255,22.0,30.0,0.0,18.96526140519033,52.29783705662277,12.0,30.0,0.0,18.780330039887809,53.25042751893021,22.0,30.0,0.0,18.828971767421984,52.923940212350867,12.0,30.0,0.0,18.355804116510297,55.72603979140681,12.0,30.0,0.0,19.978971685662349,50.23026859541455,12.0,30.0,0.0,17.994349158612896,56.44165324641096,10.0,30.0,0.0,15.838676379571904,65.38083503097046,12.0,30.0,0.0,18.63064130354931,54.667484601764538,20.0,30.0,0.0,17.751778725832275,0.0,0.0,0.0,14.015290024587209,0.0,0.0,516.9297475526589,509.1011644173382,539.1840953548278,516.7845968357492,607.311217724984,876.6458359822542,607.3710038314742,723.6295238997526,814.4384662632609,0.0,82.17692672157377,82.17692672157377,60.0,0.0,60.0,60.0,12.0,12.0,12.0,19.0,12.0,12.0,21.0,10.0,0.0,0.0,0.0,0.0,0.0,0.0,0.0,0.0,0.0,0.0,0.0,0.0,0.0,82.17692672157377,82.17692672157377,0.0,0.0,0.0,82.17692672157377,0.0,0.0,0.00087 
 04/01  05:50:00,8.766666666666666,97.83333333333334,1.4483333333333335,12.666666666666663,94.99999999999999,0.0,0.0,0.0,2.0,2.0,0.0,0.0,0.0,0.0,0.0,1690.0,0.0,21.181412924697935,5.1834708930219899,13.282450234919447,0.6351278067382543,16.90480633976317,0.0,5.183470893021987,7.086197694331641,0.0,0.0,18.87226347808223,-16.19009683504055,19.04305340276253,-177.8719209068015,18.7762617654534,-72.03710295368569,18.87283209854347,-65.32219333278829,18.35130767439357,-3.4199583949039864,19.800637724870869,-38.85310240914703,18.06464523695722,-54.251564581124629,16.20598161945076,-158.5820157610027,18.52020308295124,-63.206000798040239,200.83221619063307,461.4984968137543,0.0,0.0,0.0,0.0,0.0,0.0,0.0,0.0,0.0,0.0,0.0,0.0,0.0,0.0,0.0,0.0,0.0,0.0,0.0,0.0,0.0,0.0,0.9487083924510795,0.2895935263892184,157.98268750577615,187.20149907100578,3175.489370554259,0.1690844813379973,0.025806544770756613,101.5856068382206,120.395755809592,2042.0278318486526,1.3625912635908906,0.257481342326321,65.19036659499465,77.17472518258836,1327.8803049990689,0.17729676520126315,0.033502790098500209,57.66336476943707,68.23816283902335,1157.8312333506665,0.0,0.0,5.1036714547001,6.044102440873539,98.05312546735789,0.0,0.0,12.215992086329443,14.389938620826396,272.8550849037727,0.0,0.0,55.182662686128598,65.44665171917346,1018.3183726117629,0.0,0.0,43.45495201660974,51.92032839926506,620.2504410612662,0.0,0.0,26.674069841349004,31.565710562775057,527.0408506533418,25.53514613683308,17.513817652148896,147.81357073873967,175.58900036468814,3194.6267046600758,0.0,0.0,50.825286438591508,61.11290730574859,543.0800848183975,0.0,18.72897631685661,53.119550285319167,22.0,30.0,0.0,18.818932679254546,52.30216896804157,12.0,30.0,0.0,18.729081354419678,53.17247028101096,22.0,30.0,0.0,18.770013734568168,52.711906082151518,12.0,30.0,0.0,18.332445558478584,55.6969512527175,12.0,30.0,0.0,19.953007280836517,50.17905898170959,12.0,30.0,0.0,17.941522160098346,56.4469931974591,10.0,30.0,0.0,15.806043780789729,65.36225754551063,12.0,30.0,0.0,18.614450950635289,54.58883589929844,20.0,30.0,0.0,17.892668862679775,0.0,0.0,0.0,13.984452608054234,0.0,0.0,520.8891285368443,486.7322449382966,527.8818672638117,500.4276137710429,606.8557286259653,873.6144078278421,607.6444758901716,720.7854452524034,809.2279724940468,0.0,82.17692672157377,82.17692672157377,60.0,0.0,60.0,60.0,12.0,12.0,12.0,19.0,12.0,12.0,21.0,10.0,0.0,0.0,0.0,0.0,0.0,0.0,0.0,0.0,0.0,0.0,0.0,0.0,0.0,82.17692672157377,82.17692672157377,0.0,0.0,0.0,82.17692672157377,0.0,0.0,0.0009099999999999999 
 04/01  06:00:00,8.76,98.0,1.47,18.5,142.5,0.0,0.0,0.0,2.0,2.0,0.0,0.0,0.0,0.0,0.0,845.0,0.0,32.055017350387718,79.92904291528653,204.81384633278524,0.9611776818390072,25.583024532017988,0.0,79.92904291528646,109.26906146592214,0.0,0.0,18.876346807807438,2.32416974939224,18.96187746765937,-221.35003374384179,18.781974655929358,-26.06446257972084,18.89799249739896,-149.7350911216081,18.31683816129422,-3.4827582693914396,19.766460335300687,-38.93034213551084,18.023642045297174,-49.786221038353918,16.21434668084384,-158.93680131132988,18.553613770951786,-65.28977993715228,238.10437293173437,461.8279774871296,0.0,0.0,0.0,0.0,0.0,0.0,0.0,0.0,0.0,0.0,0.0,0.0,0.0,0.0,0.0,0.0,0.0,0.0,0.0,0.0,0.0,0.0,0.9448550255766213,0.28841728497454868,116.28236679278561,137.16904182705208,2350.7353066559746,0.16783441228909977,0.025615752791376645,114.99647778064615,135.70412185734998,2291.746144584567,1.390136952919085,0.26268649903988769,82.0908571308101,96.84605132361937,1666.392775852256,0.17471456283626789,0.03301484558508462,79.17004229929101,93.42913859882239,1577.2606252389208,0.0,0.0,5.144533318048468,6.076770204120509,98.58196639401544,0.0,0.0,12.258444826972126,14.400583130118019,273.13529135962338,0.0,0.0,55.74408139840341,65.94426791595197,1024.815206719939,0.0,0.0,43.55836157064402,51.897908393867037,620.9404142783116,0.0,0.0,26.93658607803945,31.783543311530264,533.0017641358495,25.525830306574407,17.507428193809614,167.66113933325759,198.30751330779845,3576.4827392830645,0.0,0.0,50.92139466297226,61.056518484234008,543.5773928495087,0.0,18.77420106713729,52.642231574068357,22.0,30.0,0.0,18.695238204631534,52.38817856548942,12.0,30.0,0.0,18.72680148228153,53.06853943036005,22.0,30.0,0.0,18.684255056398859,52.45986487157956,12.0,30.0,0.0,18.295096480009847,55.63948163777294,12.0,30.0,0.0,19.912281388779463,50.0949079715369,12.0,30.0,0.0,17.89457776962308,56.456658596790848,10.0,30.0,0.0,15.786671840034583,65.26089773064357,12.0,30.0,0.0,18.61766324914617,54.38430808980659,20.0,30.0,0.0,17.989906309354244,0.0,0.0,0.0,13.969968266153233,0.0,0.0,501.92692813516796,470.94756354247297,524.5364843233954,472.9455517952427,605.9436295073008,869.2145473927589,606.3954666730165,721.7270187030127,803.7661403894465,0.0,82.17692672157377,82.17692672157377,60.0,0.0,60.0,60.0,12.0,12.0,12.0,19.0,12.0,12.0,21.0,10.0,0.0,0.0,0.0,0.0,0.0,0.0,0.0,0.0,0.0,0.0,0.0,0.0,0.0,82.17692672157377,82.17692672157377,0.0,0.0,0.0,82.17692672157377,0.0,0.0,0.0009499999999999999 
 04/01  06:10:00,8.731666666666666,98.16666666666667,1.545,24.333333333333337,190.00000000000004,0.0,0.0,0.0,2.0,2.0,0.0,0.0,0.0,0.0,0.0,8460.0,0.0,43.638163703648697,102.21069348684705,261.9094128739179,1.3085054429622618,34.82754906555862,0.0,102.2106934868469,139.7297670751019,0.0,0.0,19.99159070304355,-849.6423197035479,19.16317196163322,771.114799564996,20.23136694750786,-2309.427868215509,19.256232576590134,885.3856247370632,18.29008129563831,-7.141927932605538,19.73612195629353,-54.701659516452298,18.130753333487456,182.90928441294478,16.775048167343017,-208.09228392584047,19.284037611522764,-128.6347303060845,485.8373815103439,485.0940484833006,0.0,0.0,0.0,0.0,0.0,0.0,0.0,0.0,0.0,0.0,0.0,0.0,0.0,0.0,0.0,0.0,0.0,0.0,0.0,0.0,0.0,0.0,1.0049954479427257,0.3067751672596844,385.0271388726261,453.37024249372765,9121.55499389212,0.300710458016886,0.04589597955080679,335.9392848197795,397.4152890246601,7055.320364540739,0.8610809342710544,0.1627137064004261,498.80201720815605,586.5574367448808,12187.817862202952,0.2757300595658389,0.052103185859002049,344.31132179492439,407.06433932222947,7376.203367673487,0.0,0.0,8.90795839737888,10.574212356280544,170.68371459726826,0.0,0.0,15.894038803039994,18.76772487744551,353.8525385949908,0.0,0.0,73.06198293992816,86.77833728385035,1385.1985926566006,0.0,0.0,37.86750694067932,45.21730016653324,611.7591176348127,0.0,0.0,33.97870548828936,40.14605064255823,750.0019836423616,27.080783375895324,18.573925497870598,674.0830301536129,798.5420364178096,14173.581116608373,0.0,0.0,46.12698443612038,55.59912682609479,498.31742834896979,1944.2620784764179,20.444160076044285,47.32623994629828,21.999999999999998,30.0,0.0,19.15232604749025,51.21087836988944,15.999999999999999,30.0,4387.694062550756,20.82242283978603,46.228846106217087,21.999999999999998,30.0,0.0,19.35579842610873,50.57820109468146,15.999999999999999,30.0,0.0,18.272958702552346,55.54458574403266,12.0,30.0,0.0,19.882575981513168,50.09366192689521,19.0,30.0,0.0,18.142914276185139,55.11616665205848,10.0,30.0,546.7853465440197,16.74834474762384,61.251308604019488,16.5,30.0,1048.4372229079743,19.756387809006268,50.51002560003274,19.5,30.0,0.0,18.743632314276974,0.0,0.0,0.0,14.009435825783918,0.0,0.0,497.7484832979963,496.60530550052547,496.4450731789657,495.11402901538596,601.703578610792,857.8646081354082,566.2032027228322,724.3519375735709,787.3376430184501,11063.939107865957,80.68891977886975,85.92450849198599,60.0,0.0,60.0,60.0,16.0,16.0,19.0,19.0,16.0,12.0,21.0,10.0,1.0,0.0,1944.2620784764179,0.0,4387.694062550756,0.0,0.0,0.0,546.7853465440197,1048.4372229079743,7922.745868272935,4753647.52096376,6193473.644666456,80.68891977886975,86.01342616929641,0.36609152894243116,0.7670889592277796,0.3602813740196596,86.01342616929641,0.3542647819438876,6193473.644666456,0.3230506295226557 
 04/01  06:20:00,8.703333333333334,98.33333333333334,1.62,30.166666666666669,237.5,0.0,0.0,0.0,2.0,2.0,0.0,0.0,0.0,0.0,0.0,2538.0,0.0,55.79739860219712,121.37799308830259,311.024648267197,1.6731095549969675,44.53187221405873,0.0,121.37799308830248,165.93291879439566,0.0,0.0,20.668001839779245,-1314.208485285061,19.74344566506054,657.5255126716375,20.910711375906563,-3013.3607472813484,20.044951183244053,640.732022920916,18.252461097522166,-5.744777518445723,19.694478646797099,-42.46891270535576,18.490261329738887,213.4138622836786,16.65748895153164,-206.30323835905993,19.199088790336626,-95.3327349662346,661.7273031394868,522.7858405609421,0.0,0.0,0.0,0.0,0.0,0.0,0.0,0.0,0.0,0.0,0.0,0.0,0.0,0.0,0.0,0.0,0.0,0.0,0.0,0.0,0.0,0.0,1.109374099852498,0.33863678261675758,434.7586037960312,510.0867232715991,11095.292342159017,0.3342984529246559,0.05102235239997799,378.25641475271535,445.915647518849,8630.372238973552,0.8685226095893659,0.1641199186676806,546.6671601619256,640.6969683104871,14250.144062708896,0.2914886087555855,0.0550809918283419,369.09577655634498,434.52510765680327,8705.554619475506,0.0,0.0,9.89847069712577,11.742770719684338,189.51071257407305,0.0,0.0,15.395111266530812,18.168376961318239,342.34156922028208,0.0,0.0,88.34478171705304,104.60270439081667,1784.2112275798205,0.0,0.0,42.7605084186569,51.025886460982437,670.911816790653,0.0,0.0,28.440034606069316,33.60483824849036,616.71970612868,28.21600610587386,19.352541910750248,740.3740269290605,874.9275424789879,16464.83350614473,0.0,0.0,52.084309203768487,62.66198215708244,577.22433193694,1820.8591096596916,21.546346629431296,44.153875526482767,21.999999999999994,29.99999999999999,0.0,20.147385942184557,48.15169357297793,15.999999999999993,29.99999999999999,3605.4053136320906,21.844165960195697,43.341028112555068,21.999999999999994,29.99999999999999,0.0,20.55304873553615,46.93310557354556,15.999999999999993,29.99999999999999,0.0,18.23201699262822,55.29439206068345,11.999999999999995,29.99999999999999,0.0,19.835145849616504,50.01946520081478,18.999999999999994,29.99999999999999,0.0,18.763170475560245,52.79135689418743,9.999999999999997,29.99999999999999,0.0,16.468696908656079,62.07165962588814,15.999999999999993,29.99999999999999,0.0,19.537796936971718,50.9451085109568,18.999999999999994,29.99999999999999,0.0,19.443651581031739,0.0,0.0,0.0,14.11521825227212,0.0,0.0,497.14002407146497,502.0995303343765,496.30909062595807,498.1939307458079,589.5125493000539,829.1757733285077,551.7505586509014,718.2690458975693,768.9424359497959,11790.719163530905,80.20819569159488,87.8698791793345,59.99999999999998,0.0,59.99999999999998,59.99999999999998,16.0,16.0,19.0,19.0,16.0,12.0,21.0,10.0,1.0,0.0,1820.8591096596916,0.0,3605.4053136320906,0.0,0.0,0.0,0.0,0.0,11593.817650983985,6956290.590590393,9080991.180509685,80.20819569159488,87.99999999999997,0.3864605883661328,0.7660974268498949,0.36028137401965945,87.99999999999997,0.35426478194388735,9080991.180509685,0.4732582080531703 
 04/01  06:30:00,8.675,98.5,1.6949999999999999,36.0,285.0,0.0,0.0,0.0,2.0,2.0,0.0,0.0,0.0,0.0,0.0,2538.0,0.0,74.65966517967547,131.5341320958579,337.0493094390161,2.2387031664053218,59.585839165519029,0.0,131.53413209585774,179.81713080290406,0.0,0.0,20.693892933270548,-1177.8314828283288,20.11235687134844,631.0642609774322,20.63677560833607,-205.91579445771908,20.3398521614362,238.3481967564481,18.22501469094593,-1.3319730320562442,19.679465468188107,-18.90649999302708,18.736458074106758,230.58443197527556,16.500852982617347,-201.97762162668779,19.093545667542786,-71.9595891710026,816.8938473900838,637.3631829347756,0.0,0.0,0.0,0.0,0.0,0.0,0.0,0.0,0.0,0.0,0.0,0.0,0.0,0.0,0.0,0.0,0.0,0.0,0.0,0.0,0.0,0.0,1.1771932449306529,0.359338597353679,475.2829957612846,557.5451871620226,12145.963481599196,0.28759034187139018,0.043893519821640736,297.68984883246119,350.32286951620548,7144.077828400223,1.8338574758502802,0.3465339145597657,253.73862987160045,298.5092961162702,6309.327467893646,0.2637879510076012,0.04984655158873791,197.04989227597953,231.88918925795933,4787.826683232493,0.0,0.0,9.691184751857258,11.500305487025085,185.64322522672917,0.0,0.0,13.179209419623028,15.552900901280385,293.71813431277988,0.0,0.0,105.58023004945655,124.8849357089746,2220.4850377709756,0.0,0.0,53.657213057867398,64.11821072546408,816.3496728906703,0.0,0.0,16.864894308388327,19.931229587282979,359.68630773204395,28.981015672994269,19.877239830585919,513.0911433797496,605.2085137419132,12340.23174479632,0.0,0.0,64.2621780525875,77.28317015734089,745.890281655606,1288.7435833498569,21.55167191437618,44.122308162836038,21.666666666666658,29.99999999999999,0.0,20.734448862498824,46.40912200824989,15.999999999999993,29.99999999999999,0.0,21.091874892734439,45.39111685944105,20.999999999999994,29.99999999999999,0.0,20.861149437427139,46.05688953862778,15.999999999999993,29.99999999999999,0.0,18.207241148213045,55.108070412307657,11.999999999999995,29.99999999999999,0.0,19.830579622615958,49.876367017689947,18.999999999999994,29.99999999999999,0.0,19.178077599663319,51.31562745873259,9.999999999999997,29.99999999999999,0.0,16.188505519245905,62.54510297999712,15.999999999999993,29.99999999999999,0.0,19.33401757142739,51.467590043010627,18.999999999999994,29.99999999999999,0.0,20.09194204480123,0.0,0.0,0.0,14.352268470987564,0.0,0.0,502.9992799520212,508.96019464094777,506.7881590859623,512.9241849202651,580.7160915371675,835.6236563701965,544.8914712411333,637.2501194596741,791.2742382097003,8966.010084990188,82.07646489526377,82.07646489526377,59.99999999999998,0.0,59.99999999999998,59.99999999999998,16.0,16.0,19.0,19.0,16.0,12.0,21.0,10.0,1.0,0.0,1288.7435833498569,0.0,0.0,0.0,0.0,0.0,0.0,0.0,0.0,0.0,0.0,82.07646489526377,82.07646489526377,0.3399999999999999,0.7703369897611113,0.36028137401965945,82.07646489526377,0.35426478194388735,0.0,0.0011033333333333334 
 04/01  06:40:00,8.646666666666667,98.66666666666667,1.7699999999999999,47.0,280.16666666666665,0.0,0.0,0.0,2.0,2.0,0.0,0.0,0.0,0.0,0.0,3384.0,0.0,87.29433480922008,124.6624863678359,319.44123209029569,2.6175658624756625,69.66963333670404,0.0,124.66248636783573,170.42307012056757,0.0,0.0,20.822479678048539,-1162.8492991059875,20.1921610187837,312.1110407834401,20.841431295419189,-707.7509680112385,20.286056972572135,283.69938547269319,18.200650453275537,-1.3381180011900967,19.668744853777164,-17.077412923415637,18.791452936103278,131.1291547990096,16.410940672284867,-177.41016580192298,19.022434701268993,-69.41855033538924,733.3534136815538,628.2453969602016,0.0,0.0,0.0,0.0,0.0,0.0,0.0,0.0,0.0,0.0,0.0,0.0,0.0,0.0,0.0,0.0,0.0,0.0,0.0,0.0,0.0,0.0,1.1841186917262823,0.36145259210203986,404.33556787838696,474.75005128044969,10387.197097472123,0.2643660296226654,0.040348905620064937,237.78132416328547,279.83620782666676,5738.126528514663,1.6854439332832377,0.3184890274533708,265.4870589628174,310.96665014246357,6918.418698688851,0.2702012726165762,0.05105844153752384,223.04427111271424,262.2899241818489,5365.7103622305589,0.0,0.0,9.057501102557165,10.755312693248808,173.62712486846017,0.0,0.0,12.08669812559088,14.271014798484448,269.9963149750475,0.0,0.0,101.78705514100317,120.43962886903695,2156.9177868744857,0.0,0.0,54.15298059870216,64.77835780478788,812.1547118866857,0.0,0.0,15.626469530561093,18.49358533667267,330.5815827231506,28.854231716834719,19.79028238466031,455.4104293879443,537.3017440130576,10862.54947703128,0.0,0.0,64.67809614263077,77.79963173757155,767.4799574705952,1763.589175025355,21.591731182983894,43.979663680925657,22.0,30.0,0.0,20.769877414329888,46.27652370287865,16.0,30.0,1651.4573305704315,21.482709145486298,44.320916569729138,21.5,30.0,0.0,20.692500838023088,46.537518940551937,16.0,30.0,0.0,18.18483667813779,54.992310631577158,12.0,30.0,0.0,19.82788194051369,49.77196224293914,19.0,30.0,0.0,19.230713198749215,51.067345883802278,10.0,30.0,0.0,16.049638479139973,62.82077726516085,16.0,30.0,0.0,19.21080907193938,51.72786527950438,19.0,30.0,0.0,19.877810140748275,0.0,0.0,0.0,14.453610698367499,0.0,0.0,507.7290829154581,512.7424734878969,511.1409995184183,519.0124254405743,571.5152143073563,849.7274303292946,537.7157990020714,598.0172972368558,802.1944685798612,8543.232249931618,82.35599106817817,82.35599106817817,60.0,0.0,60.0,60.0,16.0,16.0,19.0,19.0,16.0,12.0,21.0,10.0,1.0,0.0,1763.589175025355,0.0,1651.4573305704315,0.0,0.0,0.0,0.0,0.0,0.0,0.0,0.0,82.35599106817817,82.35599106817817,0.34,0.7706502541019846,0.36028137401965956,82.35599106817817,0.3542647819438875,0.0,0.0011599999999999998 
 04/01  06:50:00,8.618333333333333,98.83333333333333,1.845,58.0,275.33333333333339,0.0,0.0,0.0,2.0,2.0,0.0,0.0,0.0,0.0,0.0,3384.0,0.0,105.65916649793356,119.12817195912084,305.2599888917966,3.1682441392626465,84.3266028968566,0.0,119.12817195912068,162.85724274116869,0.0,0.0,20.68918692672049,-480.23857877556795,20.175732927849326,183.1201873175503,20.887671900399885,-541.9826524427479,20.359207133719474,127.93080870323502,18.177765419540905,-1.4301087106707229,19.660460414353517,-15.458703656181115,18.787867057154018,115.44484869370104,16.96078080771271,-224.4133394843169,18.959921107380539,-76.12744149675095,718.9523163601994,605.2870284563996,0.0,0.0,0.0,0.0,0.0,0.0,0.0,0.0,0.0,0.0,0.0,0.0,0.0,0.0,0.0,0.0,0.0,0.0,0.0,0.0,0.0,0.0,1.2203294862324444,0.3725059481784018,285.20738308839989,335.6349692725374,7124.065135883092,0.2533369380557575,0.03866558883634883,179.5932253421838,211.5406523152766,4318.443089808695,1.614988311710207,0.3051754179346575,282.4182726757505,332.15360897957376,7186.031240555769,0.24292070204707673,0.04590338285092151,182.37345494427178,214.72148753228249,4411.914991991133,0.0,0.0,8.49434719397878,10.089559437887253,162.9661762015289,0.0,0.0,11.135712021532422,13.152075908670815,249.30148872114283,0.0,0.0,95.75964153002767,113.37094202063828,2027.5462517117479,0.0,0.0,49.88058882517517,59.54439198665498,823.8241954299797,0.0,0.0,13.581106796095157,16.088283123015935,285.3177872075797,28.918264355984765,19.834200518508078,406.43721737787276,480.14997099231837,9824.806006312067,0.0,0.0,62.80863278625526,75.5715344120383,758.6790123771206,609.8882387932814,21.173061039057069,45.09112789793464,21.25,30.0,0.0,20.685251943193977,46.49638603912705,16.0,30.0,975.975548370826,21.454505523505586,44.32603607623476,21.25,30.0,0.0,20.75113558028125,46.30181834004955,16.0,30.0,0.0,18.162846263267988,54.89279603142412,12.0,30.0,0.0,19.823377268903795,49.678416029519578,19.0,30.0,0.0,19.188539921456696,51.10050700648346,10.0,30.0,811.8346759723133,16.857215498650818,59.431128961912339,16.75,30.0,0.0,19.104091450410246,51.913755645659978,19.0,30.0,0.0,19.896757099948489,0.0,0.0,0.0,14.518305061901714,0.0,0.0,515.8178500905267,522.532661040478,515.6824395100498,523.4212955395346,560.3128908327362,867.8423088109329,532.6786907244253,558.051674492925,806.5386116274434,9776.841872283809,81.54014091494058,83.53427149638583,60.0,0.0,60.0,60.0,16.0,16.0,19.0,19.0,16.0,12.0,21.0,10.0,1.0,0.0,609.8882387932814,0.0,975.975548370826,0.0,0.0,0.0,811.8346759723133,0.0,3017.417703779855,1810450.622267913,2345354.9968933749,81.54014091494058,83.56813845371798,0.3555805901259952,0.770985285630672,0.36028137401965956,83.56813845371798,0.3542647819438875,2345354.9968933749,0.1231417931717888 
 04/01  07:00:00,8.59,99.0,1.92,69.0,270.5,0.0,0.0,0.0,2.0,2.0,0.0,0.0,0.0,0.0,0.0,2538.0,0.0,123.60930977614342,113.24082246043007,290.17411092224065,3.70648787873485,98.6526107119894,0.0,113.24082246042994,154.80878962850449,0.0,0.0,20.78220128596439,-1166.039223441031,20.220980020294396,464.1620322500758,20.570431854161883,-324.19531488618568,20.356877366013437,225.78165586666624,18.155689419986076,-0.509603044904907,19.651650750056903,-17.582787009021346,18.874281572654238,227.83471881187314,17.108547794774247,-229.7755056683386,18.914955596891674,-104.92998783154818,746.3432015257877,595.1652516150803,0.0,0.0,0.0,0.0,0.0,0.0,0.0,0.0,0.0,0.0,0.0,0.0,0.0,0.0,0.0,0.0,0.0,0.0,0.0,0.0,0.0,0.0,1.159464399425131,0.3539268618513834,422.0948614517615,495.43526801824319,10831.91200880772,0.274744485793191,0.04193291907710489,265.47343512429577,312.4156617602268,6442.468924842213,1.7214351810040245,0.3252900946719627,285.9701447323981,336.34696096884707,7164.26731985601,0.2698780191090323,0.05099735810828278,234.16229418472975,275.61311042364977,5663.909872881304,0.0,0.0,9.200173199364324,10.923434178984252,176.663781116935,0.0,0.0,12.663520193401233,14.949288475429026,284.0364109395747,0.0,0.0,98.27252601747243,116.18640544912205,2118.433947272027,0.0,0.0,42.83148898124884,51.027919983293589,741.2132918115369,0.0,0.0,17.065129752848095,20.186224857961343,357.11022190963356,29.156734276324799,19.997760134653519,504.91281645911087,595.8215375710862,12121.347596533933,0.0,0.0,61.721652942835778,74.18583385128105,750.5174451650926,1348.8458554094435,21.54354676074797,44.07506975495241,21.666666666666687,30.00000000000002,0.0,20.761600272288054,46.246714000924139,16.000000000000015,30.00000000000002,46.79137163642365,21.121271209580308,45.20504026764715,21.000000000000015,30.00000000000002,0.0,20.737013652111643,46.31272136645548,16.000000000000015,30.00000000000002,0.0,18.140830247720836,54.82309037144624,12.00000000000001,30.00000000000002,0.0,19.81395337988336,49.60320962923821,19.000000000000015,30.00000000000002,0.0,19.353058138046209,50.52368936432276,10.000000000000007,30.00000000000002,0.0,17.16422976817521,58.152264517178128,16.000000000000015,30.00000000000002,9.60050893660982,19.03753545485274,51.98785047926421,19.000000000000015,30.00000000000002,0.0,19.975774017153904,0.0,0.0,0.0,14.537074053013449,0.0,0.0,517.0648348397725,524.1328929565667,516.8117935689205,525.3645055531939,550.5222897616186,877.1149567215057,530.5503458751757,548.8824859040194,806.3638784074256,7757.951581797612,82.8750326517949,82.8750326517949,60.00000000000004,0.0,60.00000000000004,60.00000000000004,16.0,16.0,19.0,19.0,16.0,12.0,21.0,10.0,1.0,0.0,1348.8458554094435,0.0,46.79137163642365,0.0,0.0,0.0,0.0,9.60050893660982,0.0,0.0,0.0,82.8750326517949,82.8750326517949,0.3400000000000003,0.7684388132568112,0.3602813740196598,82.8750326517949,0.3542647819438878,0.0,0.0012066666666666667 
 04/01  07:10:00,8.751666666666667,98.5,1.9033333333333334,80.00000000000002,265.6666666666667,0.0,0.0,0.0,2.0,2.0,0.0,0.0,0.0,0.0,0.0,3384.0,0.0,135.74342961985637,100.58391096729872,257.7416088451755,4.070340883180711,108.33691109098509,0.0,100.58391096729864,137.5058320367628,0.0,0.0,20.989200564445168,-868.0748481473324,20.3288062394108,450.78643487895217,21.06007235033432,-1053.5221964067674,20.498808517276076,451.6878492815106,18.13736876053536,1.7298241044776007,19.656451905858316,-16.805120926661205,18.95110855063021,182.3409831409415,16.829891448761545,-200.3809318005383,19.441372180207268,-105.53867008008348,770.4741717625102,616.4738589862253,0.0,0.0,0.0,0.0,0.0,0.0,0.0,0.0,0.0,0.0,0.0,0.0,0.0,0.0,0.0,0.0,0.0,0.0,0.0,0.0,0.0,0.0,1.220829343360981,0.37265852971946919,406.5163586402158,477.2025137707849,10356.406337482507,0.2920702815650928,0.044577271301143587,282.0742213783756,331.85763805815756,6815.741450227963,1.4427859153038194,0.2726352825593008,339.00278982670877,397.8510746870051,8829.15261710255,0.2784517213990959,0.052617483257576699,274.79879096192237,323.3288883260117,6703.891316948183,0.0,0.0,9.720824994431592,11.54624337494272,183.2095524888096,0.0,0.0,12.321375585229955,14.549150962501053,272.49068510820089,0.0,0.0,98.68986632954975,116.70276597360646,2114.665494503264,0.0,0.0,48.90019286141519,58.36779028739832,784.5872326163416,0.0,0.0,22.14154688000648,26.13694890490249,493.76559943506995,29.181419206853485,20.01469081402846,551.3656657356,650.4845082106376,13179.852372997775,0.0,0.0,63.190024219407408,75.96549821264598,766.9959234263727,1198.6721054933208,21.61568815856461,43.85458748801637,21.75,30.0,0.0,20.887843490033995,45.878824345305627,16.0,30.0,1698.4033205743504,21.794030777944138,43.38218884926241,21.5,30.0,0.0,20.992807831869393,45.578387866409858,16.0,30.0,0.0,18.125381743610555,54.76288563030553,12.0,30.0,0.0,19.818235708530609,50.97819673390015,19.0,30.0,0.0,19.459099837301666,50.15439123423725,10.0,30.0,0.0,16.696833685783696,59.82505478037827,16.0,30.0,773.0967337543749,19.916073025134698,50.22966599238634,19.5,30.0,0.0,20.14041563514928,0.0,0.0,0.0,14.696152107368164,0.0,0.0,519.7559424609542,526.8829693639209,520.2466384578544,525.1012566001307,544.181357120711,906.5098339816418,530.4638974476079,545.9096608330592,793.6330313542187,7355.893618971447,82.05686101537907,85.630539739542,60.0,0.0,60.0,60.0,16.0,16.0,19.0,19.0,16.0,12.0,21.0,10.0,1.0,0.0,1198.6721054933208,0.0,1698.4033205743504,0.0,0.0,0.0,0.0,773.0967337543749,5408.181648935775,3244908.989361465,4222622.953883416,82.05686101537907,85.69123266807748,0.26527272163119255,0.5746490151432304,0.27021103051474468,85.69123266807748,0.2656985864579156,4222622.953883416,0.22080639360193766 
 04/01  07:20:00,8.913333333333334,98.00000000000002,1.8866666666666668,91.0,260.8333333333333,0.0,0.0,0.0,2.0,2.0,0.0,0.0,0.0,0.0,0.0,1694.0,0.0,152.48390858251364,94.93563158332653,243.26832996391352,4.572312796879489,121.69749184885753,0.0,94.93563158332643,129.78420589596085,0.0,0.0,21.000321899993968,-792.5496349968307,20.38083485031808,203.9685398629049,20.815483089895218,-574.3139507600681,20.524539542816429,81.47502512760957,18.120543290094227,1.4774123648292346,19.669961416288083,-12.525882357577359,18.936918181660496,105.53767351545048,16.636180128327945,-174.52900525862663,19.30749658414822,-73.93665494681386,733.9764382629528,612.1366221643989,0.0,0.0,0.0,0.0,0.0,0.0,0.0,0.0,0.0,0.0,0.0,0.0,0.0,0.0,0.0,0.0,0.0,0.0,0.0,0.0,0.0,0.0,1.1567604993271284,0.3531014955211015,328.39214426796448,384.9457304626978,8325.64366946141,0.2515613942753601,0.038394596195873039,195.6152752829909,230.11479691593105,4678.654607159662,1.6679871755897143,0.31519032040621977,359.4935969277108,421.95593274267648,8905.138009174774,0.23830499207734169,0.04503117764122102,222.54415332273585,261.62606367825335,5345.82315565983,0.0,0.0,9.274684128475025,11.004755941646398,171.5681251001318,0.0,0.0,10.793307901297489,12.724884466486245,235.57269957604684,0.0,0.0,94.50123935314699,111.63084822819462,1983.3856969104923,0.0,0.0,52.73813094719006,62.93716480451746,797.1644025136878,0.0,0.0,21.38337246806006,25.230080619100677,458.12578885653309,28.685147455166665,19.674312383516239,492.99747568765499,581.0325224189676,11661.34305288543,0.0,0.0,63.64842609320288,76.37526497561157,764.2729476652902,1284.7706742633469,21.657040547557679,43.74344547547206,21.5,30.0,0.0,20.902068011602723,45.860045203898049,16.0,30.0,1204.3875104164093,21.38915668616199,44.49420027900794,21.5,30.0,0.0,20.943739679244474,45.72365377359985,16.0,30.0,0.0,18.110753229008176,54.72728074373747,12.0,30.0,0.0,19.832883237939507,52.89402433071375,19.0,30.0,0.0,19.396612815109504,50.339660967114628,10.0,30.0,0.0,16.381196556098396,61.10626269290403,16.0,30.0,0.0,19.62137270144641,52.49770779802475,19.0,30.0,0.0,20.128422316114773,0.0,0.0,0.0,14.794291386794687,0.0,0.0,520.5166631692,528.7970345852451,521.5888639952339,525.034352720346,541.1547595174474,941.3879134856438,529.1674724638592,561.7904164284491,794.975897991053,10275.94314734631,81.21008667412312,85.02834401817435,60.0,0.0,60.0,60.0,16.0,16.0,19.0,19.0,16.0,12.0,21.0,10.0,1.0,0.0,1284.7706742633469,0.0,1204.3875104164093,0.0,0.0,0.0,0.0,0.0,5777.910379100603,3466746.2274603617,4496569.739121441,81.21008667412312,85.09319070362082,0.36259701263668678,0.7709983565152785,0.36028137401965956,85.09319070362082,0.3542647819438875,4496569.739121441,0.23506162643431495 
 04/01  07:30:00,9.075,97.5,1.87,102.0,256.0,0.0,0.0,0.0,2.0,2.0,0.0,0.0,0.0,0.0,0.0,1694.0,0.0,168.634959811758,89.36913451273466,229.0046112542234,5.056610678114384,134.5876530353456,0.0,89.36913451273455,122.17438237785572,0.0,0.0,20.60224683126331,-244.0266236783341,20.38168321002476,265.5148630417152,20.546997358894843,-357.73808346394039,20.498746315535344,249.35930884349859,18.105210734818706,2.0705507284419015,19.686073550548359,-12.487222721713863,18.89444614732406,108.58807770778299,16.539033286468347,-149.08361971041018,19.200802970692405,-75.44789823871622,641.8859023498571,607.3694895164213,0.0,0.0,0.0,0.0,0.0,0.0,0.0,0.0,0.0,0.0,0.0,0.0,0.0,0.0,0.0,0.0,0.0,0.0,0.0,0.0,0.0,0.0,1.1527274290856933,0.3518703995988075,261.4107192334882,307.24270107702,6273.413549472798,0.2522368517602305,0.03849768799759318,186.3547634890734,219.27854349970444,4390.9071463316,1.5829520754575622,0.2991217073804918,205.5859572771808,242.05242470103105,4916.6830858035,0.23996709169445663,0.04534525542223291,135.01622127558663,159.04453317126233,3208.651289858545,0.0,0.0,9.126992229660216,10.830858206198604,165.65564283733517,0.0,0.0,11.068683493837277,13.048183408042773,238.37265384961592,0.0,0.0,97.30288630070173,114.99298768301948,1994.0360192116069,0.0,0.0,55.02764643760818,65.70691464967644,799.1549904702217,0.0,0.0,18.64456810259206,22.00236983970492,386.85428633254278,28.492536400152024,19.542206035769568,333.25121068831057,393.2196205060293,8000.199523021244,0.0,0.0,65.80681940663669,78.94201056058407,783.362066527284,214.91266253601047,21.092074955200169,45.315940548175678,21.0,30.0,0.0,20.875537525683926,45.97487367549971,16.0,30.0,105.7622182055749,20.99113887880066,45.62309725430916,21.0,30.0,0.0,20.9220229683062,45.88546540896465,16.0,30.0,0.0,18.09816418801305,54.76021215018844,12.0,30.0,0.0,19.84955765855146,54.14736550061605,19.0,30.0,0.0,19.30353260474458,50.71714702288803,10.0,30.0,0.0,16.24423190194137,61.90079138238014,16.0,30.0,0.0,19.441743682451116,53.96661260808564,19.0,30.0,0.0,19.841570378827919,0.0,0.0,0.0,14.90704698384044,0.0,0.0,522.7900132664647,527.7160347807113,525.7940618516791,530.4016300621978,542.3541129832443,973.5419237900112,537.0942510121945,572.8156318953957,818.3218762977674,3113.4942379648266,81.86915135795292,81.86915135795292,60.0,0.0,60.0,60.0,16.0,16.0,19.0,19.0,16.0,12.0,21.0,10.0,1.0,0.0,214.91266253601047,0.0,105.7622182055749,0.0,0.0,0.0,0.0,0.0,0.0,0.0,0.0,81.86915135795292,81.86915135795292,0.17,0.31077904108626205,0.18014068700982978,81.86915135795292,0.17713239097194376,0.0,0.00125 
 04/01  07:40:00,9.236666666666667,97.0,1.8533333333333336,109.33333333333333,281.8333333333333,0.0,0.0,0.0,2.0,2.0,0.0,0.0,0.0,0.0,0.0,3392.0,0.0,182.5609853876273,85.88959936597856,220.0886508344124,5.474197569409304,145.70210290399818,0.0,85.88959936597843,117.41759403213897,0.0,0.0,21.04212380080012,-929.6545461499181,20.40220070148044,439.97473683591036,21.129533503120805,-1117.7861889538795,20.56845993506473,387.4729974164421,18.090627224379113,2.3878549153960195,19.700179813324909,-18.935876128381325,18.865140196062627,163.5447025189876,16.490191302359699,-134.22529337723285,19.132461372356877,-74.61059138795872,760.9186167966309,563.3214298938401,0.0,0.0,0.0,0.0,0.0,0.0,0.0,0.0,0.0,0.0,0.0,0.0,0.0,0.0,0.0,0.0,0.0,0.0,0.0,0.0,0.0,0.0,1.153363131268545,0.3520644478841713,368.33711417567147,432.0308841578807,9095.028497894826,0.2797486292498596,0.042696677235937067,266.2600603072581,313.12703167358787,6183.383991140619,1.3718549184909126,0.25923184400810908,294.07286835866275,345.0593171415452,7350.813661272964,0.25970887814368667,0.04907575172783192,239.63378786568468,281.74308012922679,5649.81493592632,0.0,0.0,9.67276183055888,11.491622473081064,172.171210394148,0.0,0.0,12.54322552001444,14.796338486041535,266.3192975394326,0.0,0.0,100.24499622715422,118.614452293969,2013.1587040554164,0.0,0.0,53.88824105346014,64.44700823023672,758.7957269424335,0.0,0.0,20.251017212265656,23.94921871152715,409.3633099414731,28.27772066645681,19.39487014160276,500.1744354593793,589.8834827466924,11455.432847617441,0.0,0.0,64.46270646362466,77.41537112950289,754.895611188383,1254.0024747439352,21.687866841271906,43.767511696491727,21.75,30.0,0.0,20.881286434726357,46.04376281314867,16.0,30.0,1770.8844945298657,21.795167747805217,43.50922314296525,21.5,30.0,0.0,21.030390112115059,45.64716144301942,16.0,30.0,0.0,18.086387482523099,54.83090790387061,12.0,30.0,0.0,19.859611443976378,54.883681176443747,19.0,30.0,0.0,19.260621913968508,50.9414683969716,10.0,30.0,0.0,16.187367406223847,62.37671531815647,16.0,30.0,0.0,19.331777210873658,54.68643835521752,19.0,30.0,0.0,20.001518616784759,0.0,0.0,0.0,14.975873676604789,0.0,0.0,523.283062978932,531.2081407178946,525.4242857064473,531.6060319629579,544.4626364544739,989.4789291129234,539.4772227042404,583.6477075772389,823.6309988948103,7370.177814930689,81.99748312311562,85.50308169799523,60.0,0.0,60.0,60.0,16.0,16.0,19.0,19.0,16.0,12.0,21.0,10.0,1.0,0.0,1254.0024747439352,0.0,1770.8844945298657,0.0,0.0,0.0,0.0,0.0,5305.262677991094,3183157.6067946564,4165619.906383498,81.99748312311562,85.56261839958528,0.2618420892663698,0.5729426964295805,0.27021103051474468,85.56261839958528,0.2656985864579156,4165619.906383498,0.21787223513194194 
 04/01  07:50:00,9.398333333333334,96.5,1.8366666666666667,116.66666666666667,307.66666666666665,0.0,0.0,0.0,2.0,2.0,0.0,0.0,0.0,0.0,0.0,1698.0,0.0,196.63113519792268,81.62812203451836,209.16901569670089,5.89610714234345,156.93158970843528,0.0,81.62812203451826,111.59183143717735,0.0,0.0,20.949900431557116,-604.785704317509,20.480314492972064,161.15756848011234,20.842020039748488,-638.7536171645243,20.57201856287287,56.80240445339723,18.076028814153774,1.9154704803844994,19.716795983577467,-15.757283489879456,18.88722021576649,91.0279454296915,16.455209485127065,-121.55419838150601,19.07247042330847,-70.34445183155526,662.8157253889885,552.2569465462826,0.0,0.0,0.0,0.0,0.0,0.0,0.0,0.0,0.0,0.0,0.0,0.0,0.0,0.0,0.0,0.0,0.0,0.0,0.0,0.0,0.0,0.0,1.0886185927934058,0.33230115775134486,285.82659956935887,335.4558042880558,6876.062243689463,0.2373362258869995,0.036223477699481008,156.3667794105521,184.11683818531578,3617.314121317421,1.6291898459001666,0.30785900338249569,363.5119446529735,426.59305372914619,8656.453135698339,0.22330805897667084,0.04219729005606024,234.18864515017175,275.25442307449,5402.5280257850349,0.0,0.0,8.939876480606812,10.610473239302739,156.04451894587229,0.0,0.0,11.035862586845067,13.0064823770036,231.07860455338736,0.0,0.0,95.84352463160701,113.27415559134211,1897.6113341229257,0.0,0.0,54.422882257275407,65.00072962634238,744.8288297953848,0.0,0.0,18.614431098123569,21.98831221414808,366.9053886810292,27.74015109341679,19.02616673073855,453.31654642409355,534.5000647732516,10263.202637247035,0.0,0.0,64.87912050555008,77.76473185251706,757.778111502935,1103.6406757443902,21.569158239990029,44.15113903040404,21.5,30.0,0.0,20.947383378233505,45.93492739442513,16.0,30.0,1206.6963637176733,21.350000464768685,44.77890995667696,21.5,30.0,0.0,20.965308445741625,45.86627109927972,16.0,30.0,0.0,18.07393630010678,54.945284905779377,12.0,30.0,0.0,19.874003810362816,55.52669880783756,19.0,30.0,0.0,19.27952622270486,50.98031064700876,10.0,30.0,0.0,16.150856656865718,62.716555639681597,16.0,30.0,0.0,19.235369941187569,55.415478872258649,19.0,30.0,0.0,20.067603126457706,0.0,0.0,0.0,15.12407112736059,0.0,0.0,525.7305606815088,534.855471971828,526.7804997640287,531.4152344076892,547.6890142372117,1000.8728637793606,543.7344936432799,589.1819234999553,837.8432683142276,10299.444320408908,81.194541498508,85.02357825155451,60.0,0.0,60.0,60.0,16.0,16.0,19.0,19.0,16.0,12.0,21.0,10.0,1.0,0.0,1103.6406757443902,0.0,1206.6963637176733,0.0,0.0,0.0,0.0,0.0,5794.203989607572,3476522.3937645435,4509153.854159316,81.194541498508,85.0886080071509,0.36314013298691907,0.7711905191168051,0.36028137401965956,85.0886080071509,0.3542647819438875,4509153.854159316,0.23573600041628446 
 04/01  08:00:00,9.56,96.0,1.82,124.0,333.5,0.0,0.0,0.0,2.0,2.0,0.0,0.0,0.0,0.0,0.0,1698.0,0.0,210.8372452602834,77.01860995203035,197.35756887440864,6.322094551771393,168.26959729397593,0.0,77.01860995203025,105.2902789513917,0.0,0.0,20.65133442630742,-226.45327799467033,20.46395413319239,247.04619171182504,20.586192741097486,-344.98611842800008,20.540261723252479,234.18039278333075,18.06328598332462,3.578696920801889,19.737925514026796,-15.954844143583302,18.863787246099365,118.77677131332348,16.451251627210959,-97.15365947802047,19.03396092979762,-67.46283268661375,653.5400941934986,536.1576489604814,0.0,0.0,0.0,0.0,0.0,0.0,0.0,0.0,0.0,0.0,0.0,0.0,0.0,0.0,0.0,0.0,0.0,0.0,0.0,0.0,0.0,0.0,1.109434987879923,0.3386553687057152,287.90240949408317,338.168463963667,6638.689268402866,0.2426262537477849,0.03703086900912468,194.19497796918015,228.39605980295299,4386.870215976616,1.508407676842308,0.2850354642559162,233.02154097813776,274.25041562356918,5344.649312124734,0.22920920890648886,0.0433123977525489,132.37481326360848,155.92496675272325,3022.0630612499587,0.0,0.0,8.991922477896918,10.67159364625836,153.87470334299514,0.0,0.0,11.40028835879322,13.43084165654789,235.4883585290724,0.0,0.0,97.32090603922002,115.03761026404895,1886.2389206402737,0.0,0.0,54.48463137042755,65.0740514273975,729.9880497302013,0.0,0.0,16.626518541765266,19.633744611026729,320.4968519108217,27.607051313744706,18.93487744426935,359.8077016607614,424.24582468891586,8246.680903379955,0.0,0.0,64.97940496961459,77.84483763778256,759.3268444190741,151.12241656148152,21.11056595075882,45.50521054769052,21.0,30.0,0.0,20.893909492420656,46.155987628937229,16.0,30.0,71.94914643140344,20.99872860143972,45.848170095884508,21.0,30.0,0.0,20.94461911564165,46.10934709690037,16.0,30.0,0.0,18.064546385046304,55.07006227603986,12.0,30.0,0.0,19.893571082702758,56.128473131383248,19.0,30.0,0.0,19.232320183690456,51.25482179487814,10.0,30.0,0.0,16.170434712895039,62.73578209731511,16.0,30.0,0.0,19.17869297424153,56.130042256830467,19.0,30.0,0.0,20.104547008342189,0.0,0.0,0.0,15.291719708496008,0.0,0.0,528.0838647103133,530.5756394131475,531.2980551854755,536.9266801833232,550.3276110489308,1023.8807243478586,543.2901032410384,585.5936879445367,864.7305518849296,3336.7542171461489,81.70363616643978,81.70363616643978,60.0,0.0,60.0,60.0,16.0,16.0,19.0,19.0,16.0,12.0,21.0,10.0,1.0,0.0,151.12241656148152,0.0,71.94914643140344,0.0,0.0,0.0,0.0,0.0,0.0,0.0,0.0,81.70363616643978,81.70363616643978,0.17,0.310809971797501,0.18014068700982978,81.70363616643978,0.17713239097194376,0.0,0.00126 
 04/01  08:10:00,9.625,95.83333333333333,1.8116666666666668,131.33333333333335,359.33333333333339,0.0,0.0,0.0,2.0,2.0,0.0,0.0,0.0,0.0,0.0,3400.0,0.0,231.36022393826236,76.27910555000845,195.4628064438077,6.937491023839996,184.64903945012569,0.0,76.27910555000837,104.27932036848346,0.0,0.0,21.060789225937627,-825.2055396521259,20.499587819573266,405.86983788434716,21.17224606176125,-1081.2485833856222,20.608620749750899,375.4060830967643,18.052080368372857,4.1948854721968449,19.75747370529457,-21.17652018217227,18.86170911528869,164.8985625107548,16.455726441469936,-86.81242317867111,19.008124911576745,-65.96507544884415,642.8516419768653,490.0564419892114,0.0,0.0,0.0,0.0,0.0,0.0,0.0,0.0,0.0,0.0,0.0,0.0,0.0,0.0,0.0,0.0,0.0,0.0,0.0,0.0,0.0,0.0,1.1193054175707269,0.3416683203817848,360.83289028713008,423.20942541606646,8647.015857456929,0.27095589999450267,0.04135468559134656,259.80359175242656,305.48840854680807,5854.212865728013,1.3380401567393519,0.25284205531733797,291.8791488932914,342.4597336553127,7076.319324352008,0.25146965401110579,0.047518831067858226,236.32535393389095,277.8049881022054,5404.18938361817,0.0,0.0,9.487733048679097,11.273064770193093,160.94145273468639,0.0,0.0,12.60776568458747,14.866902034113956,259.1169988035855,0.0,0.0,99.60824347730736,117.87123632898968,1919.0870225658596,0.0,0.0,53.201558348129029,63.62391457170929,708.4628279659459,0.0,0.0,18.313797588090027,21.670351231781596,349.3041920807017,27.520234868402178,18.875332557203146,490.7141832927784,578.4254602931312,10974.846125128912,0.0,0.0,63.60495243349165,76.26556548354094,752.0799736238747,1193.85086731892,21.701779105018156,44.01151399607059,21.75,30.0,0.0,20.925246177779714,46.21377665865107,16.0,30.0,1742.9853819821238,21.81912250184852,43.73322217404736,21.5,30.0,0.0,21.059475630393849,45.888028933532137,16.0,30.0,0.0,18.056410930957,55.18575947785476,12.0,30.0,0.0,19.907670432563273,56.40776641149553,19.0,30.0,0.0,19.239281210535525,51.349688776331039,10.0,30.0,0.0,16.19690022526438,62.8274370788905,16.0,30.0,0.0,19.142501851178048,56.36912442769493,19.0,30.0,0.0,20.12776010883109,0.0,0.0,0.0,15.429084318974706,0.0,0.0,530.6470044349803,537.8501648321264,531.6883192027865,539.7053463925657,552.0856215351715,1030.5266867057363,547.0182280946913,591.2747946329022,866.5863754503492,6495.526617389492,82.03343924686949,82.03343924686949,60.0,0.0,60.0,60.0,16.0,16.0,19.0,19.0,16.0,12.0,21.0,10.0,1.0,0.0,1193.85086731892,0.0,1742.9853819821238,0.0,0.0,0.0,0.0,0.0,0.0,0.0,0.0,82.03343924686949,82.03343924686949,0.255,0.5766674881071739,0.27021103051474468,82.03343924686949,0.2656985864579156,0.0,0.00126 
 04/01  08:20:00,9.690000000000002,95.66666666666666,1.8033333333333337,138.66666666666667,385.16666666666665,0.0,0.0,0.0,2.0,2.0,0.0,0.0,0.0,0.0,0.0,1702.0,0.0,245.71361520504366,72.04292235133748,184.60800826215789,7.367896686767125,196.1046134420214,0.0,72.0429223513374,98.48813677071319,0.0,0.0,20.962500913882879,-524.1529904235345,20.58054591005758,148.48092682881154,20.875004830746044,-590.7927564064721,20.60929244532398,51.94839841114663,18.041211758710515,3.9885800534595434,19.779623273252335,-17.256917769728035,18.895326057555829,92.64779423939945,16.467188475143968,-75.56435695219398,18.984438628433009,-63.03036998365809,633.7257764211008,471.8293194088018,0.0,0.0,0.0,0.0,0.0,0.0,0.0,0.0,0.0,0.0,0.0,0.0,0.0,0.0,0.0,0.0,0.0,0.0,0.0,0.0,0.0,0.0,1.071948394528171,0.32721257464229888,270.4081112781801,317.4319807892721,6333.061177575337,0.22904545101509814,0.034958096919276277,142.99634903597997,168.40283677223068,3241.046420171806,1.6294486573974055,0.30790790956111227,362.78262989552567,425.72551690057488,8430.76724867585,0.21682636616837715,0.040972480379511917,236.70093108649616,278.15844242193648,5336.809699397241,0.0,0.0,8.75347899771221,10.390265395355645,147.2370516437062,0.0,0.0,10.89501978575765,12.836760082358286,222.93630901857569,0.0,0.0,94.70401860112557,111.92692812057055,1819.974176661595,0.0,0.0,53.46156973268086,63.83273569696374,709.0786044449267,0.0,0.0,16.67728923146078,19.706683776208125,314.9621351731309,27.104532500759356,18.5902143352259,449.19863914225297,529.5349810184932,9932.473783620066,0.0,0.0,63.842169635569529,76.38080733709168,774.776534457323,1008.4613748780881,21.561932357797727,44.47237765673408,21.5,30.0,0.0,21.001039347845983,46.09292900593618,16.0,30.0,1131.5046853789245,21.355230853683929,45.07465135199246,21.5,30.0,0.0,20.998959117096065,46.09594898194716,16.0,30.0,0.0,18.048463572151186,55.33773448882749,12.0,30.0,0.0,19.92848352442165,56.64459065534723,19.0,30.0,0.0,19.279398138917757,51.33407895611747,10.0,30.0,0.0,16.234911324388965,62.83167903718724,16.0,30.0,0.0,19.1103662793378,56.75126986974105,19.0,30.0,0.0,20.118827155446739,0.0,0.0,0.0,15.651351386984505,0.0,0.0,532.171927426,542.1675805738084,533.4619712885428,539.0919411041145,555.0971246048034,1035.856201002809,550.5713951500497,594.5339037188171,878.9591096388192,10480.991543299364,81.07450635466539,84.88601551654449,60.0,0.0,60.0,60.0,16.0,16.0,19.0,19.0,16.0,12.0,21.0,10.0,1.0,0.0,1008.4613748780881,0.0,1131.5046853789245,0.0,0.0,0.0,0.0,0.0,5767.710112945602,3460626.067767361,4485646.790221993,81.07450635466539,84.95074759545526,0.3622570037648534,0.7678292763004515,0.36028137401965956,84.95074759545526,0.3542647819438875,4485646.790221993,0.234516966424877 
 04/01  08:30:00,9.754999999999999,95.5,1.795,146.0,411.0,0.0,0.0,0.0,2.0,2.0,0.0,0.0,0.0,0.0,0.0,1702.0,0.0,260.1257713570447,69.19055711527312,177.2991722975977,7.80006533926239,207.60709744010496,0.0,69.19055711527307,94.58873724164457,0.0,0.0,20.646951152539694,-202.45392026332594,20.573499845116069,223.7621035024572,20.626642634226458,-340.6548055852745,20.574898513937606,235.83098027360485,18.032467748806864,6.5442808127984339,19.805958202804129,-16.921785978276178,18.886264397885147,126.00805653380667,16.501002883059689,-46.91879748410804,18.969498723772739,-59.58937770800202,609.2674528715461,452.25157913850389,0.0,0.0,0.0,0.0,0.0,0.0,0.0,0.0,0.0,0.0,0.0,0.0,0.0,0.0,0.0,0.0,0.0,0.0,0.0,0.0,0.0,0.0,1.0914862680635813,0.3331765165029247,258.38780670995086,303.62040370239898,5855.560905168386,0.23722266685929725,0.03620614573554598,177.92751987490056,209.2810197032379,3979.1577268232738,1.5605949672110702,0.2948970081653573,213.50499657392079,251.26860578738815,4838.000319397344,0.22771943380527627,0.043030883183158768,160.27784642182295,188.60179031958035,3595.679587005661,0.0,0.0,8.873148613419073,10.531516375921754,148.01566312440549,0.0,0.0,11.262974578675385,13.265377837908002,229.58657570599656,0.0,0.0,95.95003393922159,113.40463312439187,1827.85103189969,0.0,0.0,53.04428265095082,63.32027671052985,704.6311592634689,0.0,0.0,14.80460417192198,17.484674690511086,277.15449089390048,27.113271804335534,18.596208370600509,333.4759677494262,393.2629279395055,7560.048472884959,0.0,0.0,63.64962819789693,76.09415469577542,792.9489624005055,110.73090107726877,21.08473514360147,45.904712415629578,21.0,30.0,0.0,20.966458003630956,46.28505356652402,16.0,30.0,44.838006152342519,21.02631936835865,46.101921122491599,21.0,30.0,0.0,20.978344987503819,46.32185836039217,16.0,30.0,0.0,18.043970439796259,55.471331278733718,12.0,30.0,0.0,19.954278885086489,57.02809140527619,19.0,30.0,0.0,19.26136991878318,51.51908562330733,10.0,30.0,0.0,16.312083807589859,62.56903057810429,16.0,30.0,0.0,19.092131560535117,57.30953065307264,19.0,30.0,0.0,20.0382956817676,0.0,0.0,0.0,15.88024729635016,0.0,0.0,535.3723208853239,537.0663129391419,538.9862594463285,542.8130352653304,557.0694088751308,1055.752192100601,549.0466549399255,588.941164097373,906.3607667914342,3221.6562670167729,81.78049458584396,81.78049458584396,60.0,0.0,60.0,60.0,16.0,16.0,19.0,19.0,16.0,12.0,21.0,10.0,1.0,0.0,110.73090107726877,0.0,44.838006152342519,0.0,0.0,0.0,0.0,0.0,0.0,0.0,0.0,81.78049458584396,81.78049458584396,0.17,0.3108086147249981,0.18014068700982978,81.78049458584396,0.17713239097194376,0.0,0.0012666666666666669 
 04/01  08:40:00,9.82,95.33333333333333,1.7866666666666667,153.66666666666667,409.66666666666665,0.0,0.0,0.0,2.0,2.0,0.0,0.0,0.0,0.0,0.0,7668.0,0.0,271.7836430801645,67.60497142130471,173.23631213922003,8.149637170343759,216.9112972354646,0.0,67.60497142130467,92.42112138720046,0.0,0.0,21.002511271431346,-657.5172625467805,20.588369826536345,294.2431526165495,21.038041863719248,-925.7156261031275,20.60540662966266,301.548750063128,18.024241927024453,6.8151262519526869,19.827653983006877,-19.643827907076554,18.92448573937658,218.66195297285209,17.55463605551852,-132.03556274735039,18.968020900518959,-36.87761798922378,624.2298734568036,336.6611687960803,0.0,0.0,0.0,0.0,0.0,0.0,0.0,0.0,0.0,0.0,0.0,0.0,0.0,0.0,0.0,0.0,0.0,0.0,0.0,0.0,0.0,0.0,1.0592259123776103,0.3233290330822993,292.701013094024,343.87348531403759,6892.324314018459,0.24953722809690002,0.03808565752394698,227.05100025111919,267.3558507931081,5037.598356840199,1.3717767150306167,0.25921706633231669,292.11043613022317,343.1441961707282,6929.106617120868,0.23931205322735669,0.04522147642240309,232.39743387719589,273.61980192592156,5180.760855554663,0.0,0.0,9.099355181427708,10.822767848858542,150.4684136409848,0.0,0.0,11.881813568173872,14.024454042436745,241.00563739865974,0.0,0.0,84.81269483909904,100.4516057258719,1616.364206373334,0.0,0.0,36.828111543546388,43.880539154986788,587.8804519332604,0.0,0.0,13.897980970963268,16.46764932269439,258.3280495326286,26.92630605868476,18.467973977150089,454.53329749414396,536.4899762467105,10024.6698941197,0.0,0.0,49.42725931117257,59.23159505608583,617.584337207713,962.63138429365,21.579237195421997,44.72568612967227,21.5555555555556,30.000000000000065,0.0,20.96644415181613,46.48393815539502,16.000000000000033,30.000000000000065,1381.153982072541,21.657319065762509,44.52568478644061,21.44444444444449,30.000000000000065,0.0,21.018013073524896,46.37977072938822,16.000000000000033,30.000000000000065,0.0,18.03914618239172,55.588378805366648,12.000000000000029,30.000000000000065,0.0,19.972224120975807,57.19641385392744,19.000000000000044,30.000000000000065,0.0,19.34674126239537,51.3717821696992,10.000000000000022,30.000000000000065,1329.7087132491193,17.93127954618758,56.65746748120658,20.700000000000047,30.000000000000065,0.0,19.09552314044111,57.51181814163347,19.000000000000044,30.000000000000065,0.0,20.17780677611666,0.0,0.0,0.0,15.964284614111185,0.0,0.0,537.1398816662662,544.4212818677081,537.8595497881315,547.8278690279459,558.0144582935952,1062.3668913842626,549.3880215856997,591.3036024206519,915.6280423240047,9919.593359675142,81.44586083227525,83.03371129899634,60.00000000000013,0.0,60.00000000000013,60.00000000000013,16.0,16.0,19.0,19.0,19.7,12.0,21.0,10.0,1.0,0.0,962.63138429365,0.0,1381.153982072541,0.0,0.0,0.0,1329.7087132491193,0.0,2402.950488373308,1441770.293023983,1868565.5597442475,81.44586083227525,83.06067827122306,0.34454279405688878,0.7699844678377409,0.36028137401966039,83.06067827122306,0.3542647819438883,1868565.5597442475,0.09843540910670086 
 04/01  08:50:00,9.885,95.16666666666667,1.7783333333333334,161.33333333333332,408.33333333333339,0.0,0.0,0.0,2.0,2.0,0.0,0.0,0.0,0.0,0.0,5112.0,0.0,296.71929389961886,69.29440783860741,177.56550944388995,8.897335854670212,236.81234131218504,0.0,69.29440783860737,94.73070905385967,0.0,0.0,21.036960459737708,-835.9133049563272,20.6405047944612,297.57286515421927,21.01625325100388,-597.3930151437878,20.637162042057378,240.30403894144809,18.017483193682769,7.97256219451906,19.860654307467926,-16.53775612923268,19.070582616911449,242.20575951221663,18.7978457392783,-73.73841232072002,18.964327001444369,-95.14178546068529,634.3390504421526,248.8096699307897,0.0,0.0,0.0,0.0,0.0,0.0,0.0,0.0,0.0,0.0,0.0,0.0,0.0,0.0,0.0,0.0,0.0,0.0,0.0,0.0,0.0,0.0,1.040129329225833,0.31749979524598029,324.0192643834696,380.3619380575143,7552.830147265489,0.2428167487860655,0.03705994334341654,221.86288984603039,260.9122845366169,4914.709249961952,1.4081273577798479,0.2660860464436595,277.7931028273798,326.2100695421351,6485.392994615717,0.23626463757545997,0.04464562312461443,202.50576132153257,238.09811043724157,4505.857968901229,0.0,0.0,8.993478353031407,10.691916337278006,147.49035080383784,0.0,0.0,11.721633788262283,13.8242635496617,236.933750228659,0.0,0.0,67.39828415989848,79.71228701125956,1309.251211494498,0.0,0.0,17.296637459477478,20.436797594457177,349.235795615087,0.0,0.0,17.428560022451486,20.608599884452667,321.1120280899455,26.731852143282017,18.33460366480246,453.31984325428848,534.4966968657925,9939.75227484338,0.0,0.0,33.92885597541982,40.62134832608094,424.92225337333459,1209.338676810581,21.60941098123503,44.78341426064856,21.666666666666637,29.999999999999959,0.0,21.00600184909601,46.539482224658119,15.999999999999977,29.999999999999959,1073.751912091005,21.52739742545043,45.034421020589537,21.333333333333309,29.999999999999959,0.0,21.035064459130653,46.510009434881727,15.999999999999977,29.999999999999959,0.0,18.035406337365914,55.74074251125889,11.999999999999983,29.999999999999959,0.0,20.001267899847578,57.42444015543509,18.99999999999997,29.999999999999959,0.0,19.594464528154864,50.76317867985601,9.999999999999986,29.999999999999959,1192.1930345918207,20.08882320501475,49.68325959627528,20.69999999999997,29.999999999999959,0.0,19.083152663398726,57.97271575959326,18.99999999999997,29.999999999999959,0.0,20.17845692106509,0.0,0.0,0.0,16.04276925898065,0.0,0.0,538.1110657039583,547.0262376982328,542.1281265303737,553.7989524185156,558.8207914498642,1073.8570828850032,548.998963661277,598.6811374550812,936.3808434760198,9629.90139917312,81.63746112649693,82.76920222102885,59.999999999999918,0.0,59.999999999999918,59.999999999999918,16.0,16.0,19.0,19.0,19.7,12.0,21.0,10.0,1.0,0.0,1209.338676810581,0.0,1073.751912091005,0.0,0.0,0.0,1192.1930345918207,0.0,1712.797687473785,1027678.6124842723,1330078.5328070773,81.63746112649693,82.78842294193658,0.34042658958245916,0.7699697597845532,0.360281374019659,82.78842294193658,0.354264781943887,1330078.5328070773,0.07043741703930136 
 04/01  09:00:00,9.95,95.0,1.77,169.0,407.0,0.0,0.0,0.0,2.0,2.0,0.0,0.0,0.0,0.0,0.0,1704.0,0.0,336.0418919153468,72.01053403392726,184.525538982019,10.076419200002038,268.1954442787884,0.0,72.01053403392723,98.44385948530122,0.0,0.0,20.499151411425083,-128.5014239640568,20.66061043162607,11.01918547043806,20.60718183023804,-170.8803772229171,20.61420755255061,22.440558276639423,18.012829449055304,5.7733106544329619,19.91137278578866,-9.665201432611724,19.14438734208347,144.7197791311703,18.73664757487095,-9.093291639331568,19.304178455305583,-144.30059714673974,564.0486331397715,227.04571668912059,0.0,0.0,0.0,0.0,0.0,0.0,0.0,0.0,0.0,0.0,0.0,0.0,0.0,0.0,0.0,0.0,0.0,0.0,0.0,0.0,0.0,0.0,1.0229474275428579,0.31225501451247186,299.10505686043509,351.5489777367238,6492.979504198587,0.2044413830784859,0.031202897295251207,204.07110893428249,239.83203550484383,4475.952016859998,1.4672058711743333,0.27724978669205099,177.09509342320386,208.2520855938063,3912.93297060609,0.20082491739123516,0.03794877501724019,163.6757665504314,192.4643701156021,3595.31033706056,0.0,0.0,7.757924347926944,9.210097480681365,126.2073265433283,0.0,0.0,9.807438678347943,11.548362377156286,197.85681658800065,0.0,0.0,55.54368119799342,65.56246482058178,1083.2895080842405,0.0,0.0,12.880519298841915,15.188429108665208,255.722167040304,0.0,0.0,21.32474221725046,25.151699226456907,409.49314069850586,26.259114940760428,18.010366900384388,355.1317852343464,418.7733807461277,7699.683903813662,0.0,0.0,31.86609323385302,38.038794121675149,409.4632411668629,164.2750469823737,20.824131083077938,47.065550559090919,21.0,30.0,0.0,20.955644228663567,46.7344406338797,16.0,30.0,105.61602738483198,20.97861368962518,46.65171725012114,21.0,30.0,0.0,20.945368834593468,46.84123901102558,16.0,30.0,0.0,18.032659079463163,55.941163995692878,12.0,30.0,0.0,20.048977088938579,57.8042585097258,19.0,30.0,0.0,19.68724494145365,50.943057455065929,10.0,30.0,55.36196273806737,19.87120468420669,50.88978668946493,19.7,30.0,805.8762935045008,19.52828161581128,55.85802465850715,19.5,30.0,0.0,20.022077122634046,0.0,0.0,0.0,16.277278251327915,0.0,0.0,541.8697321077277,545.7766638017911,544.7186168872852,553.8175905520545,562.1867087902118,1099.3743617728069,576.4128069338194,627.7354050278082,890.876338483956,8230.193794990351,82.56299181736003,82.56299181736003,60.0,0.0,60.0,60.0,16.0,16.0,19.0,19.0,19.7,12.0,21.0,10.0,1.0,0.0,164.2750469823737,0.0,105.61602738483198,0.0,0.0,0.0,55.36196273806737,805.8762935045008,0.0,0.0,0.0,82.56299181736003,82.56299181736003,0.34,0.7688000115674556,0.36028137401965956,82.56299181736003,0.3542647819438875,0.0,0.0012766666666666667 
 04/01  09:10:00,10.123333333333333,93.33333333333334,1.7216666666666667,176.66666666666667,405.66666666666665,0.0,0.0,1.0,2.0,0.0,0.0,0.0,0.0,0.0,4.0,3408.0,0.0,384.62287157428957,74.65975049096514,191.31411341948428,11.533109855316214,306.96755470856558,0.0,74.65975049096511,102.06553923176597,0.0,0.0,21.168927045754704,-1094.0979884653,20.661829462289889,342.05765786056716,21.220502857326026,-973.2259492787944,20.68138919056748,415.2856187468972,18.010265205465595,9.152627693827072,19.970958891249958,-20.15958281561805,18.87693604045044,-78.41615925499116,19.159925203641359,-38.07800562724956,19.421437331243234,-87.87157554208688,576.9744584745283,529.2636481350053,0.0,0.0,0.0,0.0,0.0,0.0,0.0,0.0,0.0,0.0,0.0,0.0,0.0,0.0,0.0,0.0,0.0,0.0,0.0,0.0,0.0,0.0,1.1063603125954234,0.3377168231365762,297.02578844167098,348.10248494745289,6948.481097259224,0.26330242478307216,0.04018657276908916,255.6552323975326,300.5729081339226,5513.561390833905,1.1171043008474806,0.21109302737102815,243.3374935084414,285.300951553269,5669.226896950658,0.23547733398729737,0.04449685071566464,240.39290950011933,282.4502571636696,5292.172836280689,0.0,0.0,9.16479791604714,10.888199012010155,145.88861749777676,0.0,0.0,11.412298125372367,13.441321451887046,227.3768629567927,0.0,0.0,142.68657378779876,168.80310876885987,2569.834688070585,0.0,0.0,17.98337899126983,21.152643267961055,374.05652202225056,0.0,0.0,94.97702165565171,112.10087317236851,1825.625663835785,26.112537567219687,17.909833722372907,484.19802376428279,570.5195537505259,10356.29327779116,0.0,0.0,93.02900014254969,110.79278978973443,1311.4851682175047,1736.336107795621,21.90271548233849,44.30194250555791,22.0,30.0,0.0,20.925221296532766,46.956642170005888,16.0,30.0,1361.2796649250086,21.918857461598653,44.97623378120477,21.5,30.0,0.0,21.107801135044708,46.95233849938399,19.0,30.0,0.0,18.032484943312015,56.247377805286728,12.0,30.0,0.0,20.094741539351824,58.03488682427117,19.0,30.0,0.0,19.151993848326,53.299228708846218,10.0,30.0,724.9151545342071,20.51536625527872,49.946973385405978,20.45,30.0,0.0,19.761422503477058,52.23812794335309,12.0,30.0,0.0,20.106294463065426,0.0,0.0,0.0,16.996912212568163,0.0,0.0,551.9339797529777,548.6523251534596,593.0530857338354,578.3064026448732,576.3829256240176,1117.143120859018,620.0385398615424,691.1030012354497,688.4851957994006,10029.306724381371,81.37323525152022,85.05010800365442,220.0,0.0,220.0,220.0,16.0,19.0,19.0,12.0,19.7,12.0,21.0,10.0,1.0,0.0,1736.336107795621,0.0,1361.2796649250086,0.0,0.0,0.0,724.9151545342071,0.0,5564.1908839840639,3338514.5303904379,4345158.806588724,81.37323525152022,85.1125535093655,0.35547302946613548,0.7677297380487629,0.36028137401965956,85.1125535093655,0.3542647819438875,4345158.806588724,0.23064159127594698 
 04/01  09:20:00,10.296666666666667,91.66666666666667,1.6733333333333334,184.33333333333332,404.33333333333339,0.0,0.0,1.0,2.0,0.0,0.0,0.0,0.0,0.0,4.0,3410.0,0.0,441.2656162772674,77.243321380586,197.93447204031313,13.231527889763508,352.17366603387469,0.0,77.24332138058597,105.5974765106691,0.0,0.0,21.109715889976,-671.0295977789905,20.76483594107923,122.18960902762137,20.81646001738534,-313.86737856842378,20.708107689233484,50.80007958261365,18.012980359731246,7.815390748286816,20.037971017699229,-24.416197895205714,18.72378321306621,42.812134615213498,19.011104390592025,-32.30578990905653,19.204098937298605,-80.03476962918319,532.0540484449089,378.7952593063492,0.0,0.0,0.0,0.0,0.0,0.0,0.0,0.0,0.0,0.0,0.0,0.0,0.0,0.0,0.0,0.0,0.0,0.0,0.0,0.0,0.0,0.0,1.0113693504025257,0.30872080293117395,235.2989579539389,276.161006420632,5272.203389199629,0.2152652191499864,0.032854886927653609,195.58166691465926,230.00125511903497,4169.395426298143,1.579539248705529,0.2984768043661243,136.04032185234349,159.83043796305348,2994.1405594390569,0.2024735583776962,0.038260309595180678,138.3658355463063,162.67816184997523,2963.350320752018,0.0,0.0,8.491703074672588,10.088425308161238,132.32604839410673,0.0,0.0,10.828543307417485,12.754423949223302,213.02254289614013,0.0,0.0,135.61454037641188,160.60997737746178,2342.534768907609,0.0,0.0,17.647131930230345,20.823832750212284,341.50754578968636,0.0,0.0,87.23949852301765,103.14894434452923,1586.819426786951,25.245695513083537,17.315291847108055,317.1366832195975,373.98014797059656,6731.631228103777,0.0,0.0,85.29351865189369,101.56993008032224,1207.0763096824354,905.6170693576722,21.599620215037328,45.81664154393455,21.5,30.0,0.0,20.993056461502908,47.36000236352221,16.0,30.0,0.0,21.266487792965756,47.882374349578658,21.0,30.0,0.0,21.060089557818047,48.05638698202284,19.0,30.0,0.0,18.03880802401023,56.73509136674326,12.0,30.0,0.0,20.144019529264634,57.99162275098041,19.0,30.0,0.0,18.90787024311217,54.51849519550261,10.0,30.0,321.23730728818625,19.99961471165146,52.61363494266818,19.95,30.0,0.0,19.38751184943302,52.8726689022904,12.0,30.0,0.0,20.078195204913376,0.0,0.0,0.0,17.282860399161828,0.0,0.0,586.9587757578257,583.3729742384119,645.205080409049,624.5217046549766,601.8084386645851,1116.882024206393,635.441614466165,744.6567539744009,637.6372986706832,6742.800982914692,81.95696096811779,81.95696096811779,220.0,0.0,220.0,220.0,16.0,19.0,19.0,12.0,19.7,12.0,21.0,10.0,1.0,0.0,905.6170693576722,0.0,0.0,0.0,0.0,0.0,321.23730728818625,0.0,0.0,0.0,0.0,81.95696096811779,81.95696096811779,0.255,0.540560279405171,0.27021103051474468,81.95696096811779,0.2656985864579156,0.0,0.004681111111111112 
 04/01  09:30:00,10.469999999999999,90.0,1.625,192.0,403.0,0.0,0.0,1.0,2.0,0.0,0.0,0.0,0.0,0.0,4.0,1706.0,0.0,504.48958638274487,79.76273232414478,204.39042158885608,15.127280090408857,402.6321758654329,0.0,79.76273232414474,109.04170227903484,0.0,0.0,21.30634687166036,-1214.2532447185595,20.90593979836828,295.74646434924127,20.659454729910299,-185.98404197480819,20.607593368179523,46.96545237262944,18.019655453264926,9.375541084549866,20.118495045621878,-34.011170731645169,18.78244989770127,140.52239921961655,19.39730216390339,-82.86160718305382,19.057666871788613,-36.26334005924309,568.0924447387306,325.6792453581004,0.0,0.0,0.0,0.0,0.0,0.0,0.0,0.0,0.0,0.0,0.0,0.0,0.0,0.0,0.0,0.0,0.0,0.0,0.0,0.0,0.0,0.0,0.871888173459348,0.26614413109259707,320.7140569268453,375.32094122478926,7344.92084480006,0.22341136486012459,0.034098193659970178,256.6445128925024,301.1785959192438,5464.16694876092,2.028456653146632,0.38330624587049,117.74932371270927,138.35884854333649,2510.167489748309,0.2263121984731019,0.042764965697865048,127.0294059917976,149.3268185059076,2633.1191342851996,0.0,0.0,9.297765001920539,11.030741628408557,141.89079040827347,0.0,0.0,12.77299068801836,15.019281496155527,248.450280248033,0.0,0.0,134.06902595400454,158.55401501369304,2303.178320028501,0.0,0.0,24.273884858861125,28.50967827098695,495.6326570223968,0.0,0.0,76.09078502914358,89.98205163685249,1324.888146441225,24.74488023452542,16.971797143021555,378.45469097930967,445.6106919707228,7874.333335853356,0.0,0.0,75.18746181274327,89.4099775876197,1066.4236575397554,1521.2765106579882,21.99657482888015,44.735251753606,22.0,30.0,0.0,21.16920039194971,47.14377517002718,16.0,30.0,0.0,21.015126831581484,49.101504045189198,21.0,30.0,0.0,20.86380802283074,49.078962718230119,19.0,30.0,0.0,18.050176917726973,57.11151647402592,12.0,30.0,0.0,20.20646157333099,57.70582021273896,19.0,30.0,0.0,19.042864119951468,54.11332408435271,10.0,30.0,644.4748594200253,20.712567355888248,50.68239100383205,20.7,30.0,0.0,19.14986528440062,53.739005879215827,12.0,30.0,0.0,20.279216818023,0.0,0.0,0.0,17.480183148531869,0.0,0.0,586.2407621265445,593.0844506277131,674.4079779355282,647.0483056047142,620.408481474838,1103.777258956752,630.2260811544171,757.6282603576235,636.8666444320525,6870.511416919058,83.46163380392835,83.46163380392835,220.0,0.0,220.0,220.0,16.0,19.0,19.0,12.0,19.7,12.0,21.0,10.0,1.0,0.0,1521.2765106579882,0.0,0.0,0.0,0.0,0.0,644.4748594200253,0.0,0.0,0.0,0.0,83.46163380392835,83.46163380392835,0.34,0.7681654050179313,0.36028137401965956,83.46163380392835,0.3542647819438875,0.0,0.004668888888888889 
 04/01  09:40:00,10.643333333333333,88.33333333333334,1.5766666666666667,189.33333333333332,429.0,0.0,4.0,0.0,0.0,0.0,0.0,0.0,0.0,0.0,0.0,3412.0,0.0,571.4315702208808,80.20172711367151,205.51545063550345,17.134519200992196,456.0580372296625,0.0,80.20172711367147,109.64184143859986,0.0,0.0,20.86368459137387,-42.48653176992798,20.981297498084247,11.187090311134341,21.084410766922554,-472.7328208587161,20.685127145610119,-7.817283018137189,18.03126936322548,11.691840159571456,20.10130197608049,-104.81078563129097,18.973323478380857,206.65440888277773,19.064398196574527,-30.611228610896008,18.947389811962915,-155.50879010639427,496.4324696784586,308.6787970064905,0.0,0.0,0.0,0.0,0.0,0.0,0.0,0.0,0.0,0.0,0.0,0.0,0.0,0.0,0.0,0.0,0.0,0.0,0.0,0.0,0.0,0.0,1.0645122865068156,0.3249427003989059,326.11648242659069,383.64935544224587,6828.75756506373,0.21338829798287896,0.032568421548058449,133.69959218172279,157.33883957509318,2807.944457695753,1.3542512129493408,0.2559053690380463,208.76203862647237,244.85362178154873,4581.561386676421,0.22702230549509329,0.042899150698241347,16.710701098872783,19.645613087188985,347.0781249317537,0.0,0.0,8.069146142422494,9.58982352621316,120.56840047201107,0.0,0.0,61.484633953692199,72.54390765563447,1161.105867995884,0.0,0.0,171.01845601025637,202.207315219711,2995.815290683708,0.0,0.0,22.345018643306007,26.37881213565816,420.3252824748456,0.0,0.0,81.95618970183632,96.99571095732596,1364.7792703744424,24.209022513233543,16.604267841723968,286.39727916915038,338.0063708020265,5909.509065496306,0.0,0.0,82.97258508392315,98.59060380585783,1191.1672656813763,0.0,21.15156549723062,47.374776942981899,21.0,30.0,0.0,21.169591088631316,47.408644641552729,16.0,30.0,1099.4792443118186,21.67997976329335,45.89410254161531,21.5,30.0,0.0,20.946134776968124,51.761262291720289,19.0,30.0,0.0,18.067435370394045,57.49161602080237,12.0,30.0,0.0,20.091798226510347,53.74502505367654,16.0,30.0,0.0,19.388745792533947,54.58662780709024,10.0,30.0,0.0,20.013990216189577,52.27117041442919,16.0,30.0,0.0,18.966158494817237,55.12520435038999,12.0,30.0,0.0,20.12218020176888,0.0,0.0,0.0,17.721042996358759,0.0,0.0,601.5165936642543,606.4720418686328,600.2748659252425,823.9585881210014,640.5414925905668,822.9813108632285,725.7477175808059,713.7838055577789,679.4514477316703,7449.689054548498,81.25112107649707,83.01982841355447,132.0,0.0,132.0,132.0,16.0,19.0,16.0,12.0,16.0,12.0,21.0,10.0,1.0,0.0,0.0,0.0,1099.4792443118186,0.0,0.0,0.0,0.0,0.0,2676.683499630938,1606010.0997785629,2079327.945604335,81.25112107649707,83.0498669358431,0.25922278332103129,0.5763367956139196,0.27021103051474468,83.0498669358431,0.2656985864579156,2079327.945604335,0.11091905317142543 
 04/01  09:50:00,10.816666666666667,86.66666666666667,1.5283333333333334,186.66666666666667,455.0,0.0,4.0,0.0,0.0,0.0,0.0,0.0,0.0,0.0,0.0,2563.0,0.0,647.2105007984717,80.65428424321758,206.67523556670595,19.40672996840079,516.5365727959087,0.0,80.65428424321753,110.26052134519677,0.0,0.0,20.972404473859748,-189.4830188215239,20.955790774040563,-43.873455705756857,20.678543057057028,-184.8126479479372,20.81663460279349,-38.32044799428202,18.049153491363655,12.54447018340889,20.096018203384526,-67.58441379573346,19.00112890447296,121.61257917333093,18.63896420642881,-1.1557071037513643,18.79974190182797,-135.67478674325197,370.5564193808862,294.21291575663568,0.0,0.0,0.0,0.0,0.0,0.0,0.0,0.0,0.0,0.0,0.0,0.0,0.0,0.0,0.0,0.0,0.0,0.0,0.0,0.0,0.0,0.0,1.0717981805347985,0.32716672177496927,173.67145088960764,204.0817925981421,3654.3185290554858,0.20826452510451194,0.03178640493048109,54.73452304257998,64.27111037190842,1114.3465769801706,1.756001067366801,0.33182181923031048,103.34147051490308,121.69576795506396,2146.664849568853,0.15029579484086953,0.028400565918531678,15.369003725654512,18.036648430644058,317.9086892815558,0.0,0.0,7.322814379073776,8.69575419138918,107.25335399050464,0.0,0.0,51.577744581461249,60.83671025237494,948.6220590625228,0.0,0.0,182.68745054012462,215.90747119784693,3142.864289219522,0.0,0.0,11.197112916825314,13.257642472318962,190.74649403962276,0.0,0.0,105.02690559902524,124.39868350511822,1669.4967432981799,23.493923771540236,16.113802312441885,132.4961504931038,156.6444093660793,2756.288620129782,0.0,0.0,105.05494212109025,124.71893432991715,1535.044185020392,635.4668862398936,21.415438903977994,46.81921634332953,21.33333333333335,30.00000000000002,0.0,21.02337697619039,48.022805254629307,16.000000000000015,30.00000000000002,78.13865019105114,21.056773107522927,48.203495109964809,21.000000000000015,30.00000000000002,0.0,21.12228950308311,54.58716981558433,19.000000000000015,30.00000000000002,0.0,18.09295361992738,57.92228185853359,12.00000000000001,30.00000000000002,0.0,20.0190446789244,52.51835091712002,16.000000000000015,30.00000000000002,0.0,19.40552616573426,53.99933025692441,10.000000000000007,30.00000000000002,0.0,19.248499943810637,54.72309270973685,16.000000000000015,30.00000000000002,0.0,18.733595296782636,56.605889886313878,12.00000000000001,30.00000000000002,0.0,19.596965403852925,0.0,0.0,0.0,18.060151412699964,0.0,0.0,613.8765955997361,618.4559046927597,631.8038789031898,1024.100501238493,665.2032259512832,728.1987541622617,691.9667428618509,706.8917773439788,714.7330729685646,5000.813297757817,82.26103446277665,82.26103446277665,132.0000000000001,0.0,132.0000000000001,132.0000000000001,16.0,19.0,16.0,12.0,16.0,12.0,21.0,10.0,1.0,0.0,635.4668862398936,0.0,78.13865019105114,0.0,0.0,0.0,0.0,0.0,0.0,0.0,0.0,82.26103446277665,82.26103446277665,0.22666666666666686,0.4629554756154935,0.24018758267977323,82.26103446277665,0.23617652129592518,0.0,0.0027646666666666676 
 04/01  10:00:00,10.99,85.0,1.48,184.0,481.0,0.0,4.0,0.0,0.0,0.0,0.0,0.0,0.0,0.0,0.0,4275.0,0.0,730.9263288541574,81.1210290070883,207.8713780474008,21.916924799137385,583.3494622487461,0.0,81.12102900708826,110.89859682354749,0.0,0.0,20.979736294584848,-140.26740961110753,21.015888177752108,87.74807171851153,21.062206637662784,-578.5373093693863,20.901832839906594,-40.336178822868308,18.070136854104775,13.904168095810256,20.14284760601534,-68.36433681631975,19.001252815459638,127.69589202722237,18.3724447117243,-8.701961847088502,18.746089336679128,-62.637079108886258,491.5867946351388,252.99837561791885,0.0,0.0,0.0,0.0,0.0,0.0,0.0,0.0,0.0,0.0,0.0,0.0,0.0,0.0,0.0,0.0,0.0,0.0,0.0,0.0,0.0,0.0,1.1463354168054779,0.34991923589910797,261.1829066984822,307.2235807176011,5370.808040510304,0.24401267689087803,0.037242472052942319,174.49082541015287,205.3198771774994,3490.2244961511689,1.4724096925721156,0.27823312406880509,189.00440376853806,221.92113119363703,4055.585957234016,0.13431331610096867,0.025380445219381824,13.995830817446068,16.429960255304449,287.2820902781499,0.0,0.0,7.387803889955552,8.778574874354059,106.03521860015226,0.0,0.0,50.63307193636502,59.77009144717972,913.2869192389379,0.0,0.0,195.61477548706217,231.40369432684305,3289.984894724357,0.0,0.0,12.113645347855997,14.347958389121324,188.77191176147864,0.0,0.0,107.74946094942988,127.77992435256528,1662.443698887204,23.91008494478517,16.399235215902043,219.49644906801,259.459303394415,4333.963622516508,0.0,0.0,115.72444701804983,137.39051051682876,1707.7520551940154,0.0,21.283772703341908,47.28530116287796,21.0,30.0,0.0,21.040850089494464,48.16102669681813,16.0,30.0,1019.9120692891196,21.687413770529113,46.341948654702189,21.4,30.0,0.0,21.22385110032137,56.46983460113139,19.0,30.0,0.0,18.121102543949826,58.036296053462027,12.000000000000002,30.0,0.0,20.015549613718183,52.093472679127739,16.0,30.0,0.0,19.386152366694398,53.93545295283364,10.0,30.0,0.0,18.782478141873516,56.30072565083974,16.0,30.0,0.0,18.671681171873268,56.6415169712434,12.000000000000002,30.0,0.0,19.869192843374536,0.0,0.0,0.0,18.3128581330862,0.0,0.0,619.6188643583373,629.7634530541386,631.0023439615062,1151.5551480219475,673.4516579316554,697.8876212022174,680.3017930343158,703.8599227363684,699.1030440536692,3814.2573146052347,82.74465002084672,84.12457600170747,132.0,0.0,132.0,132.0,16.0,19.0,16.0,12.0,16.0,12.0,21.0,10.0,1.0,0.0,0.0,0.0,1019.9120692891196,0.0,0.0,0.0,0.0,0.0,2088.372126527864,1253023.2759167185,1625090.6516788295,82.74465002084672,84.14801172590235,0.13761240421759547,0.3066306270459354,0.14411254960786383,84.14801172590235,0.141705912777555,1625090.6516788295,0.08724004722063247 
 04/01  10:10:00,11.12,84.00000000000002,1.2750000000000002,181.33333333333332,507.0,0.0,0.0,1.0,2.0,0.0,0.0,0.0,0.0,0.0,0.0,6848.0,0.0,821.5769624403172,81.60148082397198,209.10264598291804,24.6350564012047,655.6969461118522,0.0,81.60148082397194,111.55541088256379,0.0,0.0,20.687155510629475,145.89535752735265,21.121227793369369,1.2460256765825158,21.065572239945788,-918.4646021925316,20.856858865950657,77.06211364540337,18.09531188234896,14.059677681119475,20.302077465686396,-23.48899208320936,18.957641716619749,72.01785615682559,19.134266615415457,-43.65549486415224,18.74151385392048,-20.42274872667508,538.0078715307052,207.96965240837529,0.0,0.0,0.0,0.0,0.0,0.0,0.0,0.0,0.0,0.0,0.0,0.0,0.0,0.0,0.0,0.0,0.0,0.0,0.0,0.0,0.0,0.0,1.0660656656746695,0.32541686986406279,208.6440460517394,245.58771017686483,4169.866314482499,0.217335176579812,0.0331708144963083,94.80525516830375,111.69910623738378,1882.2164705786307,1.2478142380765605,0.235792561994815,332.40758524064548,390.3425157588083,6973.51115788874,0.176629704482237,0.03337673932015059,175.90740959449557,206.93800378296997,3510.492157710575,0.0,0.0,7.488447966395731,8.901063357150156,106.00318025933888,0.0,0.0,10.237201547674357,12.082338718757129,185.28112811146583,0.0,0.0,148.67124969369145,176.02909206520529,2435.0143225164235,0.0,0.0,19.88230007892956,23.42803120593785,363.0477320673095,0.0,0.0,113.38550916118496,134.51173149263856,1721.6909695612827,23.93908337707682,16.419124401287264,304.9733377838564,359.930975507947,5960.89934312665,0.0,0.0,116.06048915249497,137.7502206293051,1738.1893942527775,0.0,21.121298382376563,49.32838264145789,21.0,30.0,0.0,21.093175669323317,49.09494323573228,16.0,30.0,1157.6335016866895,21.575511987750173,48.25517083252275,21.375,30.0,0.0,21.14822155506387,50.21848164917573,16.0,30.0,0.0,18.153925893377474,58.06266424817973,12.0,30.0,0.0,20.1827038430294,52.85467648470296,19.0,30.0,0.0,19.292998254872033,54.58274192258806,10.0,30.0,1124.5594702881325,20.048192647966095,52.81686696290694,20.7,30.0,0.0,18.67996935972007,56.51161781742741,12.0,30.0,0.0,20.088771156710619,0.0,0.0,0.0,18.55984612464753,0.0,0.0,713.4590210889456,694.8623112099133,728.4328034027763,769.1898628656436,677.1653152939726,775.2625739324858,692.5571894376398,753.9199814900987,688.3108903206219,9216.542436016094,81.9107478962295,83.62653953754075,60.0,0.0,60.0,60.0,16.0,16.0,19.0,12.0,19.7,12.0,21.0,10.0,1.0,0.0,0.0,0.0,1157.6335016866895,0.0,0.0,0.0,1124.5594702881325,0.0,2596.682620500855,1558009.572300513,2020286.302056936,81.9107478962295,83.65567937564757,0.3415560873500285,0.7677595243110834,0.36028137401965956,83.65567937564757,0.3542647819438875,2020286.302056936,0.10628488770696068 
 04/01  10:20:00,11.25,83.0,1.07,178.66666666666669,533.0,0.0,0.0,1.0,2.0,0.0,0.0,0.0,0.0,0.0,0.0,2568.0,0.0,918.1509847167505,82.09422342651821,210.36540962208808,27.530797878612213,732.771822793796,0.0,82.09422342651817,112.22902737740368,0.0,0.0,21.1198675198386,-863.0601941608618,21.25214912881097,84.14095355580834,20.90478877340189,-133.70793883263765,20.76412143632598,-36.762932429153497,18.126374604860354,14.816336241124678,20.541735017709706,-32.30300666631807,18.95566920571238,148.69122946194535,19.200788457697496,-42.95993579842717,18.763490428738416,10.268651775963763,500.23580350789157,140.30338993664595,0.0,0.0,0.0,0.0,0.0,0.0,0.0,0.0,0.0,0.0,0.0,0.0,0.0,0.0,0.0,0.0,0.0,0.0,0.0,0.0,0.0,0.0,0.9517699339892535,0.2905280628782824,336.993700723561,394.6223743180207,7037.772467019953,0.18932195632767913,0.028895292479804499,125.76298551486761,147.50564034785845,2497.2421847531265,1.7889989860844214,0.33805725360627766,314.1775067784141,369.2827321276295,6228.937610584415,0.19564016744238017,0.03696904146681407,153.1155503107356,180.07942352656307,2966.5386885384007,0.0,0.0,7.9669093537185529,9.45397875088749,111.38476578733556,0.0,0.0,11.179998820706487,13.15484952457916,205.63540160262117,0.0,0.0,147.65978149242688,174.57814156925245,2381.5130801400666,0.0,0.0,22.972933721662434,27.083446311956157,406.0247403459549,0.0,0.0,110.6429979123343,131.09110930202315,1661.0613047111552,23.92925817510349,16.412385579632028,399.4883805967456,470.39073521118316,7682.617553101378,0.0,0.0,111.20253625890024,131.71139028235576,1691.5832241771082,1338.368268404257,21.690824271469663,47.46002652395787,21.666666666666658,29.99999999999999,0.0,21.19325577938431,49.18649902997568,15.999999999999993,29.99999999999999,796.9653654621682,21.264836194714488,48.76483718275374,21.333333333333326,29.99999999999999,0.0,20.9703016260602,49.879822804937479,15.999999999999993,29.99999999999999,0.0,18.195391852422057,58.13256993760085,11.999999999999995,29.99999999999999,0.0,20.459438154369225,54.16592682263578,18.999999999999994,29.99999999999999,0.0,19.295177796057989,54.802816711897708,9.999999999999997,29.99999999999999,0.0,20.09320555634126,53.58023671280155,19.699999999999993,29.99999999999999,0.0,18.724716243014318,56.63229469159873,11.999999999999995,29.99999999999999,0.0,20.36107421519935,0.0,0.0,0.0,18.812665847945085,0.0,0.0,702.6373803048624,719.1815493305307,704.3713144880666,719.1322090941922,684.1074996122684,908.1578377964049,702.3802432137958,796.0644096444573,700.5041354552413,8345.513657887834,82.486563984935,84.7701461786272,59.99999999999998,0.0,59.99999999999998,59.99999999999998,16.0,16.0,19.0,12.0,19.7,12.0,21.0,10.0,1.0,0.0,1338.368268404257,0.0,796.9653654621682,0.0,0.0,0.0,0.0,0.0,3455.984854839026,2073590.9129034165,2699554.397160227,82.486563984935,84.80892898524871,0.3418661618279675,0.7696873030212369,0.36028137401965945,84.80892898524871,0.35426478194388735,2699554.397160227,0.14162349531899849 
 04/01  10:30:00,11.379999999999999,82.0,0.865,176.0,559.0,0.0,0.0,1.0,2.0,0.0,0.0,0.0,0.0,0.0,0.0,1712.0,0.0,1019.694261637628,82.59703912205117,211.6539855946996,30.575539928085126,813.8126074473075,0.0,82.59703912205113,112.9164145540455,0.0,0.0,21.196287174102947,-892.1985317690724,21.474317813419913,69.11959254129079,21.02487628390987,-232.24615568392847,20.7414560070833,202.42264405630614,18.163852496672818,16.61761575317516,20.771914170300506,-37.294333028939778,19.056979808547469,145.17118878963994,19.319439750180324,-34.139738722311339,18.806905487634198,39.16927145524778,508.15839257689097,93.6476429156819,0.0,0.0,0.0,0.0,0.0,0.0,0.0,0.0,0.0,0.0,0.0,0.0,0.0,0.0,0.0,0.0,0.0,0.0,0.0,0.0,0.0,0.0,0.924902460073953,0.28232675826433248,294.06510270021746,344.6234829521334,6105.175848053341,0.19097553153197883,0.02914766964773792,160.06485277958243,187.72624380743219,3197.0025542671949,1.6252097169837053,0.3071069004126428,225.464356617839,264.265473505033,4482.581107951774,0.23470968845790397,0.04435179298146333,234.7436158612535,275.4645319016747,4488.130210857949,0.0,0.0,8.207117018980718,9.729826976756704,113.41043319861643,0.0,0.0,11.646582266903593,13.680211960479117,216.58238078684293,0.0,0.0,154.053230705298,181.85501095046457,2492.049485241114,0.0,0.0,18.314105810862363,21.57680892818422,319.6541878654743,0.0,0.0,114.06784985292308,134.95055507682964,1700.084726608606,24.208784745645518,16.604104763817234,389.0419864542033,457.6200855764363,7422.188626210795,0.0,0.0,113.98468812147881,134.7275396772759,1760.5130638859344,1205.678230109393,21.854166882313295,46.87551330033498,22.0,30.0,0.0,21.43007548377995,48.23101515674459,16.0,30.0,0.0,21.390351999129565,48.273126731916068,21.0,30.0,0.0,20.96157204042028,49.611700612773237,16.0,30.0,0.0,18.24557249842524,58.17590892376961,12.0,30.0,0.0,20.704589153898966,54.83503546763666,19.0,30.0,0.0,19.453705500927297,54.29728101285571,10.0,30.0,618.5586633933531,20.20564940037825,53.781046349477197,20.2,30.0,0.0,18.79989430096836,56.670624524759478,12.0,30.0,0.0,20.39836149690531,0.0,0.0,0.0,19.064003825841615,0.0,0.0,697.4821562153084,704.7199939525428,699.7736477287413,702.8372409902548,691.9737930754645,992.8835685991962,703.3096254736073,826.6241222817612,714.1865101262426,8746.283699358231,82.22177207262843,82.22177207262843,60.0,0.0,60.0,60.0,16.0,16.0,19.0,12.0,19.7,12.0,21.0,10.0,1.0,0.0,1205.678230109393,0.0,0.0,0.0,0.0,0.0,618.5586633933531,0.0,0.0,0.0,0.0,82.22177207262843,82.22177207262843,0.34,0.768442463641525,0.36028137401965956,82.22177207262843,0.3542647819438875,0.0,0.0012633333333333336 
 04/01  10:40:00,11.51,81.0,0.66,184.66666666666669,531.8333333333334,0.0,0.0,0.0,0.0,0.0,0.0,0.0,0.0,0.0,0.0,3425.0,0.0,1079.9909430666224,84.26956356332804,215.9397192974861,32.38350182004276,861.9346944736008,0.0,84.26956356332799,115.20288226730004,0.0,0.0,20.95593088747868,-172.09855189168094,21.542137443895088,-274.00531026038177,20.979907182204145,14.568367184942474,20.769527577578683,18.32486592671436,18.199460649372033,19.29675007552384,20.842751240153697,-160.06477570532804,19.138003655124224,174.06050978111248,19.27739910378667,-31.481882721082873,18.87094229182216,100.90552553742171,384.12507762339416,73.67537619431463,0.0,0.0,0.0,0.0,0.0,0.0,0.0,0.0,0.0,0.0,0.0,0.0,0.0,0.0,0.0,0.0,0.0,0.0,0.0,0.0,0.0,0.0,0.8837467951303284,0.2697639789775118,221.45319641257076,260.56154047386249,4280.915189723815,0.1495029513315039,0.022817910764881559,151.52317389066082,178.0009625509147,2973.6869764578998,1.750686680986563,0.3308175889997287,150.38794344978829,176.86892018504936,2939.007388255088,0.20590788911633613,0.038909276099080899,116.63351440056528,137.36695113563838,2201.952157633,0.0,0.0,8.118406785087073,9.639304078661763,110.75160542837733,0.0,0.0,68.96580706238157,81.19158873900786,1261.5371278744752,0.0,0.0,213.82057939000726,252.69553980298728,3456.4177544791666,0.0,0.0,19.98746054955636,23.581523577825153,344.6469353604948,0.0,0.0,123.30330285229539,146.0649082042782,1830.1373504501658,23.97418809050019,16.443201708162009,195.43652159453888,230.9199151121885,3743.106064523987,0.0,0.0,123.94009819462359,146.57910515122092,1955.5157783025839,0.0,21.17634034171165,48.7493325280033,21.000000000000008,30.00000000000001,0.0,21.382481206658388,47.96004845865774,16.000000000000008,30.00000000000001,731.6518350288545,21.290747433803174,48.48763628467632,21.250000000000008,30.00000000000001,0.0,20.96954965877558,49.493362827352957,16.000000000000008,30.00000000000001,0.0,18.29084205813028,58.28965065098488,12.000000000000004,30.00000000000001,0.0,20.681793640610708,52.219915705860127,16.000000000000008,30.00000000000001,0.0,19.583410411325209,54.854543530436007,10.000000000000004,30.00000000000001,0.0,20.114250797180206,53.52833428355356,16.000000000000008,30.00000000000001,0.0,18.904556254992487,56.72528820501525,12.000000000000004,30.00000000000001,0.0,19.94396524125043,0.0,0.0,0.0,19.36932830630873,0.0,0.0,693.0182202401575,682.3008610047242,695.9597510248275,699.0540819715245,704.2655953058883,822.1853718691,760.893583342966,791.9815637501899,734.9341602350576,4806.851974888189,81.90866862232662,83.60644656268248,60.00000000000002,0.0,60.00000000000002,60.00000000000002,16.0,16.0,16.0,12.0,16.0,12.0,21.0,10.0,1.0,0.0,0.0,0.0,731.6518350288545,0.0,0.0,0.0,0.0,0.0,2569.447955336134,1541668.7732016803,1999709.3634292829,81.90866862232662,83.63528046834569,0.17064826517787114,0.34715895164463669,0.18014068700982978,83.63528046834569,0.17713239097194376,1999709.3634292829,0.10526488689832271 
 04/01  10:50:00,11.64,80.0,0.45499999999999998,193.33333333333332,504.66666666666665,0.0,0.0,0.0,0.0,0.0,0.0,0.0,0.0,0.0,0.0,2572.0,0.0,1132.192096868659,85.8415016686849,219.96769818416019,33.948722408924869,903.5958179592312,0.0,85.84150166868486,117.35184083342361,0.0,0.0,20.940751172676003,-30.254517882241104,21.496207733183178,-240.84647064813277,20.792610659795338,-451.4500090553052,20.745022502021027,107.65264872666187,18.238508465382137,18.548475897347367,20.885809137235748,-139.92074393178818,19.152975267161204,144.1178089829362,18.893527167945714,-2.344568920315758,18.95245561667053,106.98977964093496,483.2556331650571,6.640220825931015,0.0,0.0,0.0,0.0,0.0,0.0,0.0,0.0,0.0,0.0,0.0,0.0,0.0,0.0,0.0,0.0,0.0,0.0,0.0,0.0,0.0,0.0,0.9072348564890292,0.2769337168769933,195.527012658805,229.6886137690322,3756.3471000300526,0.16137012525854639,0.024629139996725659,115.47976881302705,135.66557331873276,2193.7347093442529,1.3885586148847023,0.2623882492223552,221.80449430003388,260.80468771287999,4228.778480100502,0.1913272535617865,0.036154053961032998,160.34323158105068,188.69422385175415,2968.740450758928,0.0,0.0,7.555126604091075,8.962893947101131,101.85436385028159,0.0,0.0,64.28043613740944,75.64584453134508,1156.2207545794414,0.0,0.0,193.33980005622733,228.39509345315904,3076.236333972324,0.0,0.0,10.896690275196967,12.893475062217343,171.29723297958499,0.0,0.0,107.68029706538124,127.46674865022472,1595.44433507072,23.829418284110905,16.343908288141927,299.73220980012948,353.56454318957096,5498.004088484624,0.0,0.0,107.97076234858563,127.55574580743095,1724.5689504554483,529.0585842737958,21.336445564642639,48.0215874660751,21.33333333333335,30.00000000000002,0.0,21.189227532785194,48.2947342287478,16.000000000000015,30.00000000000002,26.12605897389458,21.174444910839097,48.38909093448597,21.000000000000015,30.00000000000002,0.0,20.932889444350104,49.27644793072372,16.000000000000015,30.00000000000002,0.0,18.34063388596856,58.47152610688285,12.00000000000001,30.00000000000002,0.0,20.658052587342728,51.291298860769959,16.000000000000015,30.00000000000002,0.0,19.585962728885993,54.537155545667108,10.000000000000007,30.00000000000002,0.0,19.427156024189857,55.50986592743513,16.000000000000015,30.00000000000002,0.0,19.026275768704143,56.67561420767727,12.00000000000001,30.00000000000002,0.0,20.10446782834648,0.0,0.0,0.0,19.603924931455848,0.0,0.0,678.3952313663145,670.202537447029,673.0210144481516,682.123186713986,721.6258162301234,758.7913043226171,742.6174172844061,769.782102202311,755.0616346023278,4683.721760160811,82.4352189991503,82.4352189991503,60.00000000000004,0.0,60.00000000000004,60.00000000000004,16.0,16.0,16.0,12.0,16.0,12.0,21.0,10.0,1.0,0.0,529.0585842737958,0.0,26.12605897389458,0.0,0.0,0.0,0.0,0.0,0.0,0.0,0.0,82.4352189991503,82.4352189991503,0.22666666666666686,0.4628891374752272,0.24018758267977323,82.4352189991503,0.23617652129592518,0.0,0.0012766666666666669 
 04/01  11:00:00,11.77,79.0,0.25,202.0,477.5,0.0,0.0,0.0,0.0,0.0,0.0,0.0,0.0,0.0,0.0,3432.0,0.0,1176.2942792864706,87.32150976075796,223.76010415752428,35.27109851788347,938.7932303769271,0.0,87.32150976075792,119.3751241017369,0.0,0.0,21.070996274039314,-78.57301218561884,21.63760513387959,12.734954899372497,21.235567385818585,-941.5166817485012,20.860590910608864,306.5741899600632,18.275945935994764,20.429137864027198,20.963161542765229,-134.16234602348789,19.226844504256495,187.87096145445549,18.669056665804349,19.737252168451329,19.02064864825988,120.81195342543765,464.4974820440698,-33.114083799566518,0.0,0.0,0.0,0.0,0.0,0.0,0.0,0.0,0.0,0.0,0.0,0.0,0.0,0.0,0.0,0.0,0.0,0.0,0.0,0.0,0.0,0.0,0.966880254495568,0.295140492825265,197.69515670394297,232.35143733563363,3820.4335414849376,0.19564172368913536,0.029859847937902228,109.24406651819626,128.36905075430316,2083.1582623789538,1.211531154280661,0.22893634812559744,342.91492243241648,402.3226901436791,6833.813222218978,0.21580465885256262,0.040779413993303589,236.28476474438066,277.8269497462266,4417.576546171715,0.0,0.0,7.802560871908022,9.259211222045034,103.85315583121161,0.0,0.0,61.99731553906584,72.9939710572263,1103.2239093912586,0.0,0.0,193.0461831822618,228.04686586960424,3062.6649735561579,0.0,0.0,12.875781424232374,15.227836000394209,187.20318489182817,0.0,0.0,94.84878955563434,112.27169044150442,1398.3788285141664,24.15534639605313,16.567452946538503,357.3246777538036,421.1714001878895,6610.154091361141,0.0,0.0,103.39604121313704,122.06751399297207,1673.5629979089054,0.0,21.434337821754359,47.51584862679792,21.0,30.0,0.0,21.35826627420187,47.85781053776139,16.0,30.0,1468.6703812496722,21.785018685211534,46.43459562962785,21.5,30.0,0.0,21.147229341294424,48.369404075394,16.0,30.0,0.0,18.386382096777824,58.45335821697975,12.0,30.0,0.0,20.693274508949118,50.89280764305356,16.0,30.0,0.0,19.695488233255273,53.920706823751618,10.0,30.0,0.0,19.040642236844478,56.72756184369496,16.0,30.0,0.0,19.119995139310729,56.237944603743617,12.0,30.0,0.0,20.39895195617076,0.0,0.0,0.0,19.84672566515391,0.0,0.0,669.4551837891193,675.282046090943,664.1044628394094,669.1142951859454,728.2014012283476,740.6694068405498,728.4532243316456,761.4141786272629,748.2562771270053,5055.017941118085,81.91518431499144,83.67025386801716,60.0,0.0,60.0,60.0,16.0,16.0,16.0,12.0,16.0,12.0,21.0,10.0,1.0,0.0,0.0,0.0,1468.6703812496722,0.0,0.0,0.0,0.0,0.0,2656.065731651953,1593639.4389911718,2068281.4637085808,81.91518431499144,83.7000607754586,0.17353552438839843,0.38327526947315229,0.18014068700982978,83.7000607754586,0.17713239097194376,2068281.4637085808,0.10882396944617956 
 04/01  11:10:00,11.898333333333334,78.00000000000002,0.31666666666666667,210.66666666666669,450.33333333333339,0.0,0.0,0.0,0.0,0.0,0.0,0.0,0.0,0.0,0.0,1718.0,0.0,1212.4520434971699,88.71837687164998,227.33945920170263,36.35526442800848,967.6502798334765,0.0,88.71837687164993,121.28474734546265,0.0,0.0,20.726681650072235,121.58475327874794,21.78720536292927,-204.97559231031233,20.66731151341406,-94.05981233453986,20.890280149000497,8.87475940246668,18.31740537642232,20.43482702345912,21.066147054935926,-130.4402884945698,19.270873061442637,152.94323019848845,18.521862668766404,45.79174937785956,19.094956549038846,126.49840811995091,457.9940369120641,-74.24233602816321,0.0,0.0,0.0,0.0,0.0,0.0,0.0,0.0,0.0,0.0,0.0,0.0,0.0,0.0,0.0,0.0,0.0,0.0,0.0,0.0,0.0,0.0,0.9173537935217989,0.28002252549505465,188.54558989347724,221.22844791240568,3482.3246111414457,0.15249462642398504,0.02327451563247635,147.89272340744425,173.20918955012685,2810.9607647885029,1.53817545444578,0.29066051671311046,368.4101802141103,432.8555961082404,6629.840414631533,0.18685501981546577,0.03530896066051884,216.7822179537509,254.56268322690677,3986.529375345128,0.0,0.0,7.499786392303412,8.884622978139929,98.67409564657177,0.0,0.0,61.265627479635138,71.99297198434556,1084.9586533437887,0.0,0.0,192.3854672137586,226.8795843883116,3022.300551462952,0.0,0.0,19.140490836720006,22.632739985529847,265.2116276450021,0.0,0.0,91.57679688098495,108.18929624466057,1345.087715817784,23.846837908705568,16.355855904461988,357.86196139289759,421.1711723090141,6442.457083788217,0.0,0.0,105.81725418956668,124.63108553328807,1738.725341849349,0.0,21.150797104420609,48.376329732964027,21.0,30.0,0.0,21.48791349830339,47.24198713407186,16.0,30.0,69.54083542292611,20.91024293954974,48.90910587585147,21.0,30.0,0.0,21.128020446382747,48.26115040419786,16.0,30.0,0.0,18.438639560528466,58.29582413860757,12.0,30.0,0.0,20.779287265490493,50.43267969347791,16.0,30.0,0.0,19.746415347238228,53.642410765042829,10.0,30.0,0.0,18.79927109929352,57.3262589092496,16.0,30.0,0.0,19.22200209116626,55.66416321591639,12.0,30.0,0.0,20.381447102493295,0.0,0.0,0.0,20.10476772827782,0.0,0.0,671.81397206373,663.699869751737,661.3995702418738,661.6085476708645,729.164098661819,729.1486703582449,722.6359889001701,746.1417914341057,736.011869704878,4400.5676030589079,82.34797677458849,82.34797677458849,60.0,0.0,60.0,60.0,16.0,16.0,16.0,12.0,16.0,12.0,21.0,10.0,1.0,0.0,0.0,0.0,69.54083542292611,0.0,0.0,0.0,0.0,0.0,0.0,0.0,0.0,82.34797677458849,82.34797677458849,0.17,0.3085701624088354,0.18014068700982978,82.34797677458849,0.17713239097194376,0.0,0.0012699999999999999 
 04/01  11:20:00,12.026666666666668,77.0,0.38333333333333338,219.33333333333332,423.16666666666665,0.0,0.0,0.0,0.0,0.0,0.0,0.0,0.0,0.0,0.0,3440.0,0.0,1240.913180624893,90.04094041974973,230.72840930681074,37.2086501139038,990.3647266371131,0.0,90.04094041974969,123.09279198554506,0.0,0.0,20.73945714030528,218.76762292126569,21.815134345080375,-186.0556275717377,21.25608341227087,-1019.5532821274242,20.90004035368782,267.1595751676764,18.35255136824376,21.2931444533598,21.165514163983177,-140.93950667731429,19.29035903825485,166.03612837028323,18.467783291922176,70.77591727596763,19.157479873767863,134.1445892107855,470.9325778707089,-106.91922192294737,0.0,0.0,0.0,0.0,0.0,0.0,0.0,0.0,0.0,0.0,0.0,0.0,0.0,0.0,0.0,0.0,0.0,0.0,0.0,0.0,0.0,0.0,0.9527917909903257,0.290839985039782,243.6242389238894,286.3937995751892,4486.529400580438,0.1730921260352719,0.026418212154345534,95.26353587700392,112.0649549762649,1777.239444695674,1.1733424919167944,0.22172004760332476,392.53322872677605,460.5766517868017,7650.140393035405,0.20193961034559228,0.038159412385788408,222.85832129087343,261.9844937817597,4064.831276054613,0.0,0.0,7.4672147013210339,8.856819400206933,96.87891460809905,0.0,0.0,63.14846679790479,74.29756945710831,1111.3617320169,0.0,0.0,185.19630661846717,218.72200929066467,2865.69979542051,0.0,0.0,22.83313620814516,27.057012278305139,307.2314303382145,0.0,0.0,81.40715131829737,96.30293024342983,1186.5477760401528,23.854729109951025,16.361268250995225,417.51131473188419,492.03571606425506,7460.2424392139769,0.0,0.0,97.47114044463048,114.89792223626577,1618.8364345455,0.0,21.242665855390564,47.8415014772078,21.0,30.0,0.0,21.43295413697354,47.122483154979168,16.0,30.0,1491.7033615699482,21.79591334663826,46.167352373342108,21.5,30.0,0.0,21.16306699776702,48.011455097449189,16.0,30.0,0.0,18.477820628987258,58.119398829448069,12.0,30.0,0.0,20.85719662667942,50.04253860497383,16.0,30.0,0.0,19.759308225520308,53.39606752272543,10.0,30.0,0.0,18.724300555659405,57.372503492011819,16.0,30.0,0.0,19.29848964368686,55.22584935674654,12.0,30.0,0.0,20.480427764456896,0.0,0.0,0.0,20.331528102962243,0.0,0.0,659.055522792718,649.8430743113369,654.017466170932,655.3997456200577,727.1237311661993,720.3745651344724,711.6962375509422,733.8721513851101,726.5713534386528,5316.856296153192,81.64465138095608,83.50186282802737,60.0,0.0,60.0,60.0,16.0,16.0,16.0,12.0,16.0,12.0,21.0,10.0,1.0,0.0,0.0,0.0,1491.7033615699482,0.0,0.0,0.0,0.0,0.0,2810.4771428658666,1686286.28571952,2198553.8764985695,81.64465138095608,83.53340444391754,0.17868257142886224,0.3827846129018995,0.18014068700982978,83.53340444391754,0.17713239097194376,2198553.8764985695,0.11557813491125894 
 04/01  11:30:00,12.155,76.0,0.45,228.0,396.0,0.0,0.0,0.0,0.0,0.0,0.0,0.0,0.0,0.0,0.0,1722.0,0.0,1261.9723922453919,91.29799110784055,233.94948077373747,37.84009213783921,1007.1717698341174,0.0,91.2979911078405,124.81127557915387,0.0,0.0,20.67767482311155,153.0374532578935,21.917767993160603,-251.36206742954824,20.687467090695635,-73.86515231663634,20.939174866646533,23.11050390783157,18.393015172664556,21.546866853388594,21.273276734906284,-148.80884833638289,19.335179641571196,160.51582691079649,18.443932886418268,86.76411304640084,19.222542204117834,135.0441239620127,445.9115485899147,-141.48265580660383,0.0,0.0,0.0,0.0,0.0,0.0,0.0,0.0,0.0,0.0,0.0,0.0,0.0,0.0,0.0,0.0,0.0,0.0,0.0,0.0,0.0,0.0,0.8947196054480078,0.27311343267643709,233.90314474061848,274.65062760851597,4198.544735840541,0.1475240476054027,0.022515880281654869,139.01345896076072,162.78284078982916,2582.4356438216548,1.4345000852617536,0.27106955503812438,379.0281166015466,445.328890537731,6628.8983448798949,0.17883523293067397,0.033793505844798548,216.13197186412828,253.73920994898448,3879.759070733238,0.0,0.0,7.421993122846462,8.78842538220384,95.10913114268806,0.0,0.0,64.21806559798474,75.4114948860699,1125.8804877786307,0.0,0.0,183.5646006049035,216.4123700183768,2813.2275193215698,0.0,0.0,24.696127782970075,29.220660928502839,324.51729543602905,0.0,0.0,78.02423280810574,92.1231870403942,1129.9326194740038,23.60763756515069,16.191795312174688,405.32394796101257,477.01324329152228,7111.028722474339,0.0,0.0,95.34591650720967,112.11992256955307,1601.9417015140137,0.0,21.147744485899645,47.98941852085363,21.0,30.0,0.0,21.514102415826714,46.79214820522111,16.0,30.0,50.985079769120087,20.919875753612105,48.60783864108605,21.0,30.0,0.0,21.169908835080564,47.885668248598488,16.0,30.0,0.0,18.526962859954069,57.85028050134602,12.0,30.0,0.0,20.953076696267396,49.581896562709747,16.0,30.0,0.0,19.81345706806512,53.08407464026458,10.0,30.0,0.0,18.692848647510848,57.272307830927108,16.0,30.0,0.0,19.380244421279813,54.78594264900976,12.0,30.0,0.0,20.47026287207002,0.0,0.0,0.0,20.561263374941065,0.0,0.0,653.1850652652047,646.4701617693187,650.1987302580445,651.3044605046737,722.252305175127,710.8805131637425,704.8429169805672,722.587134948415,718.0986292628909,4537.907266133542,82.15981655182802,82.15981655182802,60.0,0.0,60.0,60.0,16.0,16.0,16.0,12.0,16.0,12.0,21.0,10.0,1.0,0.0,0.0,0.0,50.985079769120087,0.0,0.0,0.0,0.0,0.0,0.0,0.0,0.0,82.15981655182802,82.15981655182802,0.17,0.3087264675467267,0.18014068700982978,82.15981655182802,0.17713239097194376,0.0,0.0012366666666666668 
 04/01  11:40:00,12.283333333333334,75.0,0.5166666666666667,227.33333333333332,404.0,0.0,0.0,0.0,0.0,0.0,0.0,0.0,0.0,0.0,0.0,3448.0,0.0,1323.7614618657306,91.49113230541197,234.4444385277827,39.692811344368767,1056.4850115810983,0.0,91.49113230541193,125.07531423918639,0.0,0.0,20.706225292719397,240.28782618344668,21.98195272782572,-232.0674600526193,21.27059880789917,-966.7432082493738,20.950179121352066,250.16088927406146,18.432275852372777,22.745971679396165,21.38964292205644,-155.93285750048325,19.37194171786804,172.92667268619563,18.44960601371857,101.88763028347617,19.28074743017736,146.05382730666737,447.0619594979862,-162.94115884973884,0.0,0.0,0.0,0.0,0.0,0.0,0.0,0.0,0.0,0.0,0.0,0.0,0.0,0.0,0.0,0.0,0.0,0.0,0.0,0.0,0.0,0.0,0.9320087262027637,0.28449594816934178,267.0860151865275,313.9132430693522,4781.280616724187,0.16398952253181313,0.025028925905343885,120.54632663168836,141.68499366386284,2205.5605770444255,1.1348390933197859,0.21444427311409415,388.3257977971391,455.596647558767,7379.835810778766,0.1956990372353293,0.03698016576631316,221.45662665394173,260.3116137677707,3939.406467479314,0.0,0.0,7.437897386091668,8.818517310844019,93.99098183718712,0.0,0.0,65.86520981422977,77.44252603188117,1148.2590755364727,0.0,0.0,179.75519198184319,212.20984047503337,2722.5803993437659,0.0,0.0,25.301828961407197,29.98491499730783,326.5815827042586,0.0,0.0,73.32150264645523,86.68242556937642,1052.3548257167796,23.656788556565116,16.225506554571415,439.9777351894064,518.3261682418378,7672.05846268266,0.0,0.0,90.75110773175399,106.80246283573594,1539.032820919127,0.0,21.244342127353009,47.51780660416412,21.0,30.0,0.0,21.50782075020482,46.6337720793684,16.0,30.0,1451.090535289014,21.81103540907148,45.83442019467066,21.5,30.0,0.0,21.20244657657034,47.60982368838342,16.0,30.0,0.0,18.568983451231668,57.59782076674078,12.0,30.0,0.0,21.036995129969914,49.1664706343214,16.0,30.0,0.0,19.855008163740864,52.739337774584509,10.0,30.0,0.0,18.707246029501975,57.043536838145737,16.0,30.0,0.0,19.44772156485645,54.38948543658657,12.0,30.0,0.0,20.5699676515294,0.0,0.0,0.0,20.77785334875671,0.0,0.0,645.2583428003935,639.0069743344568,641.5851831069838,643.6201256500406,717.197329864553,702.033714686673,694.490619910322,713.6809441830259,709.508789206822,5369.290498750138,81.64718862488266,83.54084710327362,60.0,0.0,60.0,60.0,16.0,16.0,16.0,12.0,16.0,12.0,21.0,10.0,1.0,0.0,0.0,0.0,1451.090535289014,0.0,0.0,0.0,0.0,0.0,2865.570959660592,1719342.5757963553,2241453.8426390469,81.64718862488266,83.57300771075143,0.1805190319886864,0.38293264256342587,0.18014068700982978,83.57300771075143,0.17713239097194376,2241453.8426390469,0.11777559981723043 
 04/01  11:50:00,12.411666666666666,74.0,0.5833333333333334,226.66666666666669,412.0,0.0,0.0,0.0,0.0,0.0,0.0,0.0,0.0,0.0,0.0,1726.0,0.0,1384.5297247992908,91.67998757620792,234.92841089975443,41.514921770113669,1104.9835541545472,0.0,91.67998757620788,125.33349371238036,0.0,0.0,20.678164611929775,175.7097128919213,22.105633384024899,-300.3193897638671,20.716259987078357,-53.667466126014918,20.987493172926706,25.618833487178109,18.48070067318801,23.010836109389574,21.52447247157155,-165.79772461124163,19.423487921578777,168.28011553810576,18.471469438687245,112.6310687422648,19.34640115728293,148.46362056631234,435.9104303135491,-192.35967797474928,0.0,0.0,0.0,0.0,0.0,0.0,0.0,0.0,0.0,0.0,0.0,0.0,0.0,0.0,0.0,0.0,0.0,0.0,0.0,0.0,0.0,0.0,0.8753536048764584,0.26720195509049407,252.44784455294224,296.3923876259355,4419.639957111706,0.13818084568127166,0.02108987266197675,161.28572834101926,188.85985493965337,2941.2403556413107,1.3809220925531023,0.26094521779159166,367.80510156059617,432.0846546830429,6265.8490306867229,0.17529573543630529,0.033124666560148379,209.56857713636715,245.9920950735115,3670.575013349728,0.0,0.0,7.411639833699861,8.772461057554711,92.59822533873234,0.0,0.0,66.87861801973266,78.47893695573691,1163.7406742126328,0.0,0.0,179.33654303931724,211.3383516259191,2693.075555459204,0.0,0.0,26.259121228105387,31.064926567324699,334.13504423620727,0.0,0.0,71.66422825240019,84.56486328472906,1021.6185870302453,23.430637524866215,16.07039610759,419.6959126216217,493.793017984667,7188.7049532237729,0.0,0.0,89.82572746225009,105.46511558062859,1538.9207551407563,0.0,21.1878479851136,47.56695466358827,21.0,30.0,0.0,21.599736504076508,46.2572281972742,16.0,30.0,14.257138908798954,20.950527585571899,48.22049934546562,21.0,30.0,0.0,21.209385232096375,47.4735609925396,16.0,30.0,0.0,18.626388619007309,57.239859670711449,12.0,30.0,0.0,21.150570362795944,48.661441688793349,16.0,30.0,0.0,19.91904849161685,52.403666630818609,10.0,30.0,0.0,18.743626359742284,56.72056962352893,16.0,30.0,0.0,19.528077024076358,53.94896369200151,12.0,30.0,0.0,20.549203994681159,0.0,0.0,0.0,20.998003366831659,0.0,0.0,640.6440167617161,634.7484843258824,638.4678984126665,639.2337043577518,709.7806483119257,693.3068401014344,688.3761148663577,704.2848369249642,701.0441761391513,4442.093140805829,82.2603967955468,82.2603967955468,60.0,0.0,60.0,60.0,16.0,16.0,16.0,12.0,16.0,12.0,21.0,10.0,1.0,0.0,0.0,0.0,14.257138908798954,0.0,0.0,0.0,0.0,0.0,0.0,0.0,0.0,82.2603967955468,82.2603967955468,0.17,0.3086665962054097,0.18014068700982978,82.2603967955468,0.17713239097194376,0.0,0.0012166666666666667 
 04/01  12:00:00,12.54,73.0,0.65,226.0,420.0,0.0,0.0,0.0,0.0,0.0,0.0,0.0,0.0,0.0,0.0,3456.0,0.0,1444.1320508824577,91.86348153201482,235.3986420546481,43.30207173231889,1152.5515704407815,0.0,91.86348153201478,125.5843438615175,0.0,0.0,20.71805141173392,248.8764251288885,22.184040801006554,-287.8480867036749,21.28323593088229,-906.0144003603316,21.00006895903305,238.42224085290423,18.5260464252503,24.334937911863933,21.655756447050359,-173.64699246227293,19.469309763650757,182.4072424515373,18.50155502385266,123.68489214962193,19.406568473415569,161.41643616077284,450.23348431944899,-209.72800098504775,0.0,0.0,0.0,0.0,0.0,0.0,0.0,0.0,0.0,0.0,0.0,0.0,0.0,0.0,0.0,0.0,0.0,0.0,0.0,0.0,0.0,0.0,0.9025843156302975,0.27551413786028619,280.80353181714227,329.95360046968997,4903.402562911943,0.15312066272253406,0.02337006451809128,144.01222837641923,169.13857265683263,2590.5667086118867,1.1358325711432474,0.21463200512910958,378.3570209898217,443.8647066934176,7012.991089091176,0.19330994919572654,0.03652871299994831,218.96363702772227,257.3359620076764,3798.534414408249,0.0,0.0,7.447785053455291,8.826386413539476,91.82465085377761,0.0,0.0,68.57331036918515,80.56290790048539,1188.5560314790865,0.0,0.0,177.38317131376878,209.30872422387086,2636.811946713923,0.0,0.0,26.148776999651579,30.97867542108873,328.1937276125585,0.0,0.0,69.1587865089952,81.71174031693035,977.1722079962431,23.43174732380542,16.071157286560653,455.57909695973856,536.5395485500774,7738.735254662435,0.0,0.0,87.04337000753552,102.27949177339515,1504.2385837999873,0.0,21.286602338609368,47.095554338672098,21.0,30.0,0.0,21.610773110432569,46.05137464358696,16.0,30.0,1404.7045013301197,21.829327088156,45.499638893364018,21.5,30.0,0.0,21.24201028303286,47.203632400208658,16.0,30.0,0.0,18.675050221556519,56.9349814963971,12.0,30.0,0.0,21.250244870629908,48.210095531454999,16.0,30.0,0.0,19.974700721452459,52.02111754808534,10.0,30.0,0.0,18.788474440681659,56.390783919341107,16.0,30.0,0.0,19.59690841084408,53.55309567584264,12.0,30.0,0.0,20.636638923194096,0.0,0.0,0.0,21.21046874261456,0.0,0.0,633.4460552868147,627.8974088430157,630.3707431007698,632.3592246162682,703.6113839401538,685.3012877770784,678.9721693334869,696.3157037380578,693.0412361799563,5252.039021344872,81.84198736589002,83.70717172777653,60.0,0.0,60.0,60.0,16.0,16.0,16.0,12.0,16.0,12.0,21.0,10.0,1.0,0.0,0.0,0.0,1404.7045013301197,0.0,0.0,0.0,0.0,0.0,2822.529321953769,1693517.5931722613,2207821.965945149,81.84198736589002,83.7388487502285,0.17908431073179233,0.3828275146716148,0.18014068700982978,83.7388487502285,0.17713239097194376,2207821.965945149,0.11602007556248109 
 04/01  12:10:00,12.723333333333333,71.83333333333334,0.6833333333333334,225.33333333333332,428.0,0.0,0.0,0.0,0.0,0.0,0.0,0.0,0.0,0.0,0.0,1730.0,0.0,1502.4148488033639,92.0401766360218,235.8514481775624,45.049655845960518,1199.0664805863283,0.0,92.04017663602176,125.8258994647909,0.0,0.0,20.705445596496536,195.27977770973758,22.31297322259431,-351.9035082474279,20.772179348360326,-44.19879840972226,21.037368723996367,28.606620995055438,18.580789026706158,24.535432325735259,21.8046667746108,-185.83088975586066,19.527335301472549,177.22333434974918,18.542847144590789,132.29160220767666,19.475528005165115,164.0060477461675,421.1910192916339,-236.36566626165928,0.0,0.0,0.0,0.0,0.0,0.0,0.0,0.0,0.0,0.0,0.0,0.0,0.0,0.0,0.0,0.0,0.0,0.0,0.0,0.0,0.0,0.0,0.8462770494108973,0.2583263276590041,265.5492357530345,311.67278712165878,4511.9922400760319,0.12526048817855735,0.019117901126153439,180.65134906982758,211.47103470679788,3220.105418723754,1.362428974283199,0.2574506754125472,357.97241010301766,420.4166663478411,5906.461309681193,0.17286411152254833,0.032665176024668989,204.72775592059379,240.2579274250868,3474.807391659418,0.0,0.0,7.410696039563733,8.767021140926799,89.59079982825497,0.0,0.0,69.68889718549699,81.70487581053132,1200.2562968707883,0.0,0.0,177.37628929750228,208.9157640761931,2597.3952996813889,0.0,0.0,26.811772880905499,31.704812042969246,329.9527604876355,0.0,0.0,68.16715826189719,80.38785298392179,949.5346590147002,23.093948062314028,15.839470550283974,429.72911114282325,505.40269552196846,7135.854001677742,0.0,0.0,86.5790809732732,101.4953365489736,1500.8952130382882,0.0,21.248346952226166,47.088250641615697,21.0,30.0,0.0,21.70862858665069,45.6627452180045,16.0,30.0,0.0,20.99473021795486,47.79174346652519,21.0,30.0,0.0,21.250805105862953,47.05909573901928,16.0,30.0,0.0,18.739601806115379,56.52687483235072,12.0,30.0,0.0,21.380904843642325,47.66669972417718,16.0,30.0,0.0,20.047875962808257,51.66070108221056,10.0,30.0,0.0,18.849679609837435,55.98738785481726,16.0,30.0,0.0,19.68118944192917,53.104084392651227,12.0,30.0,0.0,20.63285345795055,0.0,0.0,0.0,21.426036081620575,0.0,0.0,629.1343723740577,623.9569277325404,627.5368313874999,628.1830371497408,695.4728105442432,677.429852579025,673.4221109355301,687.8933307438803,685.188890470848,0.0,82.6247001025861,82.6247001025861,60.0,0.0,60.0,60.0,16.0,16.0,16.0,12.0,16.0,12.0,21.0,10.0,1.0,0.0,0.0,0.0,0.0,0.0,0.0,0.0,0.0,0.0,0.0,0.0,0.0,82.6247001025861,82.6247001025861,0.0,0.0,0.0,82.6247001025861,0.0,0.0,0.00121 
 04/01  12:20:00,12.906666666666668,70.66666666666667,0.7166666666666668,224.66666666666669,436.0,0.0,0.0,0.0,0.0,0.0,0.0,0.0,0.0,0.0,0.0,3464.0,0.0,1559.216231803473,92.20828264598512,236.28224167192369,46.752819992315,1244.39908424355,0.0,92.20828264598508,126.05571312532654,0.0,0.0,20.71211020983199,246.63456094962067,22.366898780211238,-410.3535471348664,21.242550469564855,-648.1566333616722,20.99226796509934,178.6711288105821,18.62831674444451,25.584543171982874,21.937558333622179,-194.02290094423928,19.573479141813153,186.07339117788752,18.584006148179279,141.12720867404372,19.534094441037618,175.96789890412789,402.1014109824546,-248.95166726969479,0.0,0.0,0.0,0.0,0.0,0.0,0.0,0.0,0.0,0.0,0.0,0.0,0.0,0.0,0.0,0.0,0.0,0.0,0.0,0.0,0.0,0.0,0.8402387858436954,0.25648314586193396,288.6546306640123,338.91740314266169,4809.01460899543,0.12428764402218153,0.018969420638306094,187.91461396743808,220.60656226239434,3266.9321955217658,1.126969083618083,0.21295712086509514,336.93358372363096,394.8898621667947,5895.072707602123,0.18856376732965614,0.03563185323689646,209.96003660825145,246.49489391846465,3457.2155390034688,0.0,0.0,7.3483227623597389,8.703944988443434,86.86576499741288,0.0,0.0,71.68177137265013,84.13412488676336,1222.895132197568,0.0,0.0,175.14705264855119,206.55525710315795,2518.9942348165288,0.0,0.0,26.522702385685226,31.406881900732026,319.5266059510636,0.0,0.0,66.3400163676836,78.32943470351728,908.476804521861,22.89081297364031,15.700146072455635,444.8367434342059,523.2031267568094,7234.754287131086,0.0,0.0,84.37985499049819,98.99874106404215,1463.7501791332878,0.0,21.260615185256193,46.81334518487408,21.0,30.0,0.0,21.674224543682639,45.5238336690002,16.0,30.0,1207.5024035692966,21.705708440212669,45.546085744161569,21.5,30.0,0.0,21.157753369763925,47.13475781391833,16.0,30.0,0.0,18.791734381979916,56.19900209224524,12.0,30.0,0.0,21.488183044273386,47.19616826089333,16.0,30.0,0.0,20.10403449791707,51.28555949006699,10.0,30.0,0.0,18.90764724363129,55.61594901248252,16.0,30.0,0.0,19.750618135689295,52.71224314547444,12.0,30.0,0.0,20.639658384552335,0.0,0.0,0.0,21.62435480363837,0.0,0.0,620.2765197248605,615.181767858101,619.476228402551,621.1844235786775,689.173332323296,669.8456482474805,664.9833741720547,680.6232591756128,677.8745006838633,7619.036297705874,81.05735396836382,82.9002791737735,60.0,0.0,60.0,60.0,16.0,16.0,16.0,12.0,16.0,12.0,21.0,10.0,1.0,0.0,0.0,0.0,1207.5024035692966,0.0,0.0,0.0,0.0,0.0,2788.8812410364864,1673328.7446218918,2165227.7986970257,81.05735396836382,82.93157816185317,0.2629627080345496,0.5770644020216892,0.27021103051474468,82.93157816185317,0.2656985864579156,2165227.7986970257,0.11379517886557865 
 04/01  12:30:00,13.09,69.5,0.75,224.0,444.0,0.0,0.0,0.0,0.0,0.0,0.0,0.0,0.0,0.0,0.0,1732.0,0.0,1614.3681310097005,92.36566928934424,236.68556363939437,48.40652468620367,1288.4152471985895,0.0,92.3656692893442,126.27087259902811,0.0,0.0,20.731383835076554,185.57097319244168,22.484328520195008,-411.5991940752092,20.844219684945537,-103.0494810916216,21.062854667551485,19.208440978820364,18.688004502845169,25.783520215684406,22.093956719145376,-209.61940788013249,19.632422872064084,186.90417165407008,18.63384225505187,147.78082075942656,19.603891696914308,175.63606971080822,386.8969557258033,-271.74435287972485,0.0,0.0,0.0,0.0,0.0,0.0,0.0,0.0,0.0,0.0,0.0,0.0,0.0,0.0,0.0,0.0,0.0,0.0,0.0,0.0,0.0,0.0,0.8001254563747855,0.24423853979694308,267.1652323738964,313.49864600824597,4355.959707143251,0.10934840835933012,0.016689317515160275,199.18692886427665,233.1647813398281,3424.6954693785576,1.3129019920274432,0.24809183522816398,308.6382786652938,362.3801258176079,4918.753054635907,0.1723153852008747,0.03256148624355152,181.80027710856926,213.39136495201823,2953.4516415688506,0.0,0.0,7.36210412663123,8.704574432607942,85.32458987051484,0.0,0.0,72.84875932564788,85.32786553679165,1235.51856337162,0.0,0.0,174.9530352440922,205.94364075931328,2477.3826141473984,0.0,0.0,26.874286966190839,31.761387169618769,317.5600340339205,0.0,0.0,64.8912070731217,76.47572036213103,875.4047360916542,22.622497243137219,15.51611607896929,410.75428548491086,483.0141824144274,6551.783398564954,0.0,0.0,83.18786812567118,97.37308687521713,1446.6906631798805,0.0,21.275081775749145,46.68514211767703,21.0,30.0,0.0,21.75887419112904,45.212608440605617,16.0,30.0,0.0,21.07787410767098,47.23523101224957,21.0,30.0,0.0,21.244983352082686,46.76145932332862,16.0,30.0,0.0,18.86019286028661,55.77254382432102,12.0,30.0,0.0,21.623817622013115,46.65283334859005,16.0,30.0,0.0,20.17673778749628,50.91830084729505,10.0,30.0,0.0,18.975517829765488,55.199278806469738,16.0,30.0,0.0,19.832775720969065,52.278243626988388,12.0,30.0,0.0,20.68206707159659,0.0,0.0,0.0,21.834489368391773,0.0,0.0,617.4508796657237,612.8909003575111,616.6766400074221,617.128516240054,681.1685493442224,662.7372915966839,659.339729066,673.0368753222588,670.6708875000095,0.0,80.36635581498916,80.36635581498916,60.0,0.0,60.0,60.0,16.0,16.0,16.0,12.0,16.0,12.0,21.0,10.0,1.0,0.0,0.0,0.0,0.0,0.0,0.0,0.0,0.0,0.0,0.0,0.0,0.0,80.36635581498916,80.36635581498916,0.0,0.0,0.0,80.36635581498916,0.0,0.0,0.0011966666666666667 
 04/01  12:40:00,13.273333333333334,68.33333333333334,0.7833333333333333,234.16666666666669,400.5,0.0,0.0,0.0,0.0,0.0,0.0,0.0,0.0,0.0,0.0,866.0,0.0,1570.9798015838238,93.2194083922624,238.87307972813796,47.10552763702298,1253.7872758648728,0.0,93.21940839226235,127.43799867873729,0.0,0.0,20.718933527311188,199.9389286880796,22.480116114467206,-519.6680502782947,20.774180809577957,57.76566281691066,20.94179341614823,-38.386261564807458,18.740119047023826,25.85236833520753,22.204780678973873,-220.2711917140923,19.68830776261835,183.59182769210293,18.68957635810508,151.83131813594174,19.67400068080076,178.9373970029642,327.99027134237806,-291.13337760887227,0.0,0.0,0.0,0.0,0.0,0.0,0.0,0.0,0.0,0.0,0.0,0.0,0.0,0.0,0.0,0.0,0.0,0.0,0.0,0.0,0.0,0.0,0.7667779427146438,0.2340592010728461,239.21490576715738,279.7654958994316,3799.899646615026,0.07351152375977306,0.011219707533542898,237.40062504279553,277.25542767004057,3958.8311049425326,1.5099732917859579,0.28533130986129226,178.38081249538235,208.79026167662384,2763.359680882915,0.1684578132164646,0.031832542179981968,47.896499859699499,56.064349340830307,738.0806138596018,0.0,0.0,7.257149956972938,8.55196266541219,82.39260722508004,0.0,0.0,74.12398241518446,86.51998050323746,1248.6453398660474,0.0,0.0,175.2040517447031,205.55271211189408,2442.336870931695,0.0,0.0,27.182249564789929,32.01896267623857,315.5443784917735,0.0,0.0,65.09331845506445,76.45010233326211,865.8060827976872,22.21446049563547,15.23625548397495,252.88956328758344,296.5554622444409,3941.7029461770846,0.0,0.0,83.58798898531743,97.47746444616087,1452.9404225388847,0.0,21.24495129012206,46.662626704418858,21.0,30.0,0.0,21.678693615110985,45.16135909568163,16.0,30.0,16.464150018115295,21.00038285159883,47.412208216006778,21.0,30.0,0.0,20.99762743692125,47.266195631659957,16.0,30.0,0.0,18.92463665785338,55.35477044171751,12.0,30.0,0.0,21.750326305329279,46.14339312575865,16.0,30.0,0.0,20.24875813830152,50.56287391154579,10.0,30.0,0.0,19.054749355991548,54.746164373518848,16.0,30.0,0.0,19.92052335070966,51.83083294891965,12.0,30.0,0.0,20.477437438767504,0.0,0.0,0.0,22.015755085679787,0.0,0.0,613.8846899548844,602.655142272294,615.6389500714653,610.0698964425193,673.0737448366238,655.8527224337797,654.0783151062351,665.7382503826192,663.7695907280385,4216.279591197874,85.2157649093721,85.2157649093721,60.0,0.0,60.0,60.0,16.0,16.0,16.0,12.0,16.0,12.0,21.0,10.0,1.0,0.0,0.0,0.0,16.464150018115295,0.0,0.0,0.0,0.0,0.0,0.0,0.0,0.0,85.2157649093721,85.2157649093721,0.34,0.6206772992565749,0.36028137401965956,85.2157649093721,0.3542647819438875,0.0,0.00119 
 04/01  12:50:00,13.456666666666667,67.16666666666666,0.8166666666666667,244.33333333333332,357.00000000000008,0.0,0.0,0.0,0.0,0.0,0.0,0.0,0.0,0.0,0.0,3468.0,0.0,1452.7263083811968,93.98476825433518,240.83412791534756,43.55973790986701,1159.4102459666497,0.0,93.98476825433514,128.48430363576044,0.0,0.0,20.785403888139738,249.64275469658788,22.506510553145973,-350.86964783238707,21.33978041964172,-830.8695354187221,21.06256741893756,285.5097515395363,18.772082012601133,28.18022068179374,22.251851733079417,-219.7271049174201,19.7395428113158,203.72151968578238,18.73095138825849,160.98131837868378,19.729755174220196,194.47836284959079,363.9535538629691,-295.51858611399146,0.0,0.0,0.0,0.0,0.0,0.0,0.0,0.0,0.0,0.0,0.0,0.0,0.0,0.0,0.0,0.0,0.0,0.0,0.0,0.0,0.0,0.0,0.7943544919111956,0.24247695113284363,280.72112477585298,329.6380254890044,4430.411359834326,0.12662616305981259,0.019326337463341359,158.66871088281324,186.15810613316135,2603.354453751826,1.0172449944601008,0.19222316599775156,343.2936872164785,402.46768579138719,5728.499746496217,0.19026746882041763,0.035953792294107628,193.23761859440578,226.79287254569074,3022.9987862675736,0.0,0.0,7.406152647014105,8.765586777842806,81.67740197705442,0.0,0.0,74.81881861280948,87.70769753849878,1238.9268347412943,0.0,0.0,173.49482995941419,204.41318267272309,2373.091236448576,0.0,0.0,26.455196781612274,31.297033431324047,299.46314929556879,0.0,0.0,63.21564091861553,74.56384911087705,823.6134241142966,22.338137093086904,15.321081682501309,433.5395674655109,509.98200917308346,6647.544597360804,0.0,0.0,80.98924372384188,94.81159866105632,1404.6654039231867,0.0,21.370622701983544,46.036492267058928,21.0,30.0,0.0,21.739299293926437,44.913195712051237,16.0,30.0,1392.3162412793013,21.872170471944118,44.635239424734169,21.5,30.0,0.0,21.25217178786963,46.4350475423091,16.0,30.0,0.0,18.950193338017475,55.15632815080923,12.0,30.0,0.0,21.797081265164555,45.884715714737,16.0,30.0,0.0,20.307257927526654,50.17193841366408,10.0,30.0,0.0,19.09884680675642,54.46739691418146,16.0,30.0,0.0,19.973578721705818,51.52817148572654,12.0,30.0,0.0,20.730564202554139,0.0,0.0,0.0,22.19180320149065,0.0,0.0,604.835078935548,601.1460283658921,604.207854644791,607.1774966782894,668.7372510482545,650.3725828783798,645.9102771788845,660.7598406412667,658.3871563694423,4517.324564383187,81.53955242390048,81.53955242390048,60.0,0.0,60.0,60.0,16.0,16.0,16.0,12.0,16.0,12.0,21.0,10.0,1.0,0.0,0.0,0.0,1392.3162412793013,0.0,0.0,0.0,0.0,0.0,0.0,0.0,0.0,81.53955242390048,81.53955242390048,0.17,0.3844911315425491,0.18014068700982978,81.53955242390048,0.17713239097194376,0.0,0.0011866666666666669 
 04/01  13:00:00,13.64,66.0,0.85,254.5,313.5,0.0,0.0,0.0,0.0,0.0,0.0,0.0,0.0,0.0,0.0,1734.0,0.0,1396.2220375382304,94.78077052002587,242.87369555917349,41.86546610915638,1114.3145855911494,0.0,94.78077052002583,129.57249908167558,0.0,0.0,20.795542057494147,213.08662507026294,22.591863886496676,-402.80557528246029,20.855375609085404,-41.06751265728508,21.142618957029144,42.41610154111686,18.813217115446866,28.558936776362317,22.31283578195658,-220.82422054626523,19.80167203352234,192.52029755004424,18.791031385554367,166.5867741778655,19.803774247552789,191.85856047425478,362.2292439619132,-311.11092175232809,0.0,0.0,0.0,0.0,0.0,0.0,0.0,0.0,0.0,0.0,0.0,0.0,0.0,0.0,0.0,0.0,0.0,0.0,0.0,0.0,0.0,0.0,0.7542117678775546,0.23022337236799593,272.5058380392756,319.58426765345765,4186.843028081941,0.09716206961167573,0.014829375703857714,197.87005441887926,231.44327532152847,3225.842894938013,1.220992319440557,0.23072417222988612,352.9561025836822,414.2633610763161,5232.3521973266019,0.16411845410569737,0.031012557465173338,204.76772919221237,240.18861980403265,3130.9617458577388,0.0,0.0,7.3372520111082839,8.669674096446493,78.83206108432685,0.0,0.0,74.81187084055003,87.53938383350416,1221.9542010805408,0.0,0.0,172.56067459064082,202.94703463010399,2321.8492939615355,0.0,0.0,26.970763309370129,31.8464945743068,299.6021003978446,0.0,0.0,62.277565581668,73.32277683593836,799.2979114895214,22.041565943412967,15.117672114823712,441.40346547854116,518.6912759612413,6590.156260668997,0.0,0.0,80.56596203374034,94.118542132396,1393.1033427459113,0.0,21.361230143924794,45.972480823341637,21.0,30.0,0.0,21.867264107901776,44.464926045932617,16.0,30.0,0.0,21.079707392650087,46.74631672244706,21.0,30.0,0.0,21.3250569805463,46.072280888237418,16.0,30.0,0.0,18.991739625323729,54.82315280081169,12.0,30.0,0.0,21.867464245305685,45.53553887122887,16.0,30.0,0.0,20.379619148630604,49.82775338321793,10.0,30.0,0.0,19.17695582820317,54.01866054927126,16.0,30.0,0.0,20.06084646693791,51.08055382079377,12.0,30.0,0.0,20.78614127725207,0.0,0.0,0.0,22.35234433305413,0.0,0.0,602.3006306433645,598.3498936721699,601.295192616243,602.2363700444043,661.2783862321263,643.9610170320981,641.3979068293601,653.7164500401573,651.6329445427508,0.0,81.04810095596587,81.04810095596587,60.0,0.0,60.0,60.0,16.0,16.0,16.0,12.0,16.0,12.0,21.0,10.0,1.0,0.0,0.0,0.0,0.0,0.0,0.0,0.0,0.0,0.0,0.0,0.0,0.0,81.04810095596587,81.04810095596587,0.0,0.0,0.0,81.04810095596587,0.0,0.0,0.0011833333333333336 
 04/01  13:10:00,13.791666666666668,65.16666666666667,0.8966666666666667,264.6666666666667,270.0,0.0,0.0,0.0,0.0,0.0,0.0,0.0,0.0,0.0,0.0,867.0,0.0,1334.1924679063287,95.55428474755726,244.85563997469209,40.00552129482696,1064.809247294966,0.0,95.55428474755722,130.62995167450186,0.0,0.0,20.795247534054157,205.60313385841983,22.53270078770675,-515.913970055055,20.81991197058757,89.08850711279774,21.01390242649176,-54.002775445521368,18.851409174472573,28.781594666886578,22.359248633016457,-220.56579643177384,19.851309266791604,189.31466153839393,18.85349482468279,168.6104822378361,19.870988016821067,185.92897455625326,310.74963083128389,-317.3238286218052,0.0,0.0,0.0,0.0,0.0,0.0,0.0,0.0,0.0,0.0,0.0,0.0,0.0,0.0,0.0,0.0,0.0,0.0,0.0,0.0,0.0,0.0,0.7112083873508714,0.21709657733543087,240.2584230125636,280.8590082588842,3612.108749067226,0.05683627053803865,0.008674644465512615,239.49870700415679,279.6164702424583,3774.0483762730775,1.4699109469476058,0.27776094991451369,217.77075478671373,254.81543497587385,3166.2903423725849,0.16187060180952327,0.030587793236871356,70.95197129027474,83.02785225236272,1026.0448664515835,0.0,0.0,7.223291268043403,8.507872683936239,76.01716731168206,0.0,0.0,75.0062561451421,87.48616435765374,1211.8769273208125,0.0,0.0,170.53422938213337,199.9215879535258,2263.05769095131,0.0,0.0,27.194077977620748,32.006358061484508,298.40438899841515,0.0,0.0,60.83851294436053,71.39039919085042,772.2696333832108,21.675171524643369,14.866372787821245,280.2032204069606,328.39799281161967,4088.8540311182866,0.0,0.0,79.20769635726039,92.21136990246809,1366.4796713493307,0.0,21.342462326784589,45.941352127011388,21.0,30.0,0.0,21.73848659663854,44.548453790480447,16.0,30.0,0.0,21.05939585560225,46.75743976511013,21.0,30.0,0.0,21.05229182513071,46.57113847547728,16.0,30.0,0.0,19.03178326795453,54.4971271546044,12.0,30.0,0.0,21.928329379043875,45.22871590695245,16.0,30.0,0.0,20.436948829617074,49.51089991304956,10.0,30.0,0.0,19.26071729733242,53.559597411603338,16.0,30.0,0.0,20.14077081699115,50.66907236122516,12.0,30.0,0.0,20.606947276287657,0.0,0.0,0.0,22.48427439143118,0.0,0.0,599.8325676567525,589.2251028463436,600.244743897365,593.3657577894533,653.9599812414292,638.1039400360853,636.1005650258601,647.057415376929,645.3875287166032,0.0,81.04810095596587,81.04810095596587,60.0,0.0,60.0,60.0,16.0,16.0,16.0,12.0,16.0,12.0,21.0,10.0,1.0,0.0,0.0,0.0,0.0,0.0,0.0,0.0,0.0,0.0,0.0,0.0,0.0,81.04810095596587,81.04810095596587,0.0,0.0,0.0,81.04810095596587,0.0,0.0,0.00118 
 04/01  13:20:00,13.943333333333336,64.33333333333334,0.9433333333333334,274.8333333333333,226.5,0.0,0.0,0.0,0.0,0.0,0.0,0.0,0.0,0.0,0.0,867.0,0.0,1197.602271671306,96.82206656073956,248.10411945498169,35.90991566463633,955.7979033500378,0.0,96.82206656073952,132.36310552968835,0.0,0.0,20.75585577497509,170.19413152591734,22.48224038986838,-459.47851069504216,20.784283474293227,86.71431763776127,20.993346637760444,-3.3724137934726174,18.877744052562876,29.564455913208236,22.35858273382827,-218.5963150055377,19.894680969816297,189.6821764630895,18.90643455539298,170.88092193998706,19.92618221017107,181.05570875493505,257.326373262209,-318.2418189422269,0.0,0.0,0.0,0.0,0.0,0.0,0.0,0.0,0.0,0.0,0.0,0.0,0.0,0.0,0.0,0.0,0.0,0.0,0.0,0.0,0.0,0.0,0.6513993955677093,0.19883986433690763,210.90230915249664,246.6287510132541,3068.033900162926,0.06229993708722147,0.009508537406474584,210.32458120833804,245.57286674191404,3237.4785436018789,1.4521599874805827,0.27440664918378368,166.1251992207826,194.40660022837143,2355.6014381310258,0.1729575242592128,0.032682827713381098,11.08083029368675,12.967442837775235,158.1557656166002,0.0,0.0,7.233940292329345,8.519706312513879,74.24320153171148,0.0,0.0,74.83982841976442,87.28545644345779,1189.276349637162,0.0,0.0,168.11896172013463,197.05731842855568,2194.8100172342126,0.0,0.0,27.046277053364017,31.825401676253358,291.83210502445726,0.0,0.0,58.72554793770364,68.8973196677325,733.9323086176274,21.389330202878577,14.670322498544982,187.3436317163674,219.73736894412989,2675.797801042382,0.0,0.0,76.7754524433409,89.34335236639139,1318.5520258513873,0.0,21.24642059164244,45.962111465549117,21.0,30.0,0.0,21.7047825697069,44.65802195807336,16.0,30.0,0.0,21.016333619071387,46.85762030296704,21.0,30.0,0.0,21.014671743239938,46.824998023782139,16.0,30.0,0.0,19.053703958958399,54.28560530794434,12.0,30.0,0.0,21.946487596194737,45.08548439341573,16.0,30.0,0.0,20.481729433426716,49.27199900582262,10.0,30.0,0.0,19.322164856750207,53.22732212390117,16.0,30.0,0.0,20.195458850300978,50.38402923789834,12.0,30.0,0.0,20.389477862775196,0.0,0.0,0.0,22.60040032980586,0.0,0.0,591.4326543969061,590.6051129028984,599.8305949728955,599.2338371771829,648.8267411578462,634.4077718005848,632.19665590015,642.3776881369156,641.0385334373007,0.0,81.04810095596587,81.04810095596587,60.0,0.0,60.0,60.0,16.0,16.0,16.0,12.0,16.0,12.0,21.0,10.0,1.0,0.0,0.0,0.0,0.0,0.0,0.0,0.0,0.0,0.0,0.0,0.0,0.0,81.04810095596587,81.04810095596587,0.0,0.0,0.0,81.04810095596587,0.0,0.0,0.0011866666666666669 
 04/01  13:30:00,14.095,63.5,0.99,285.0,183.0,0.0,0.0,0.0,0.0,0.0,0.0,0.0,0.0,0.0,0.0,867.0,0.0,1126.4013937198225,97.28408707728628,249.2878841778001,33.7749747921017,898.9730542435431,0.0,97.28408707728622,132.99472260377949,0.0,0.0,20.755970875505346,181.06974634183644,22.388013167900703,-534.0546449294943,20.767978092726947,54.57989470894063,20.988152572391038,-2.1376539166858494,18.904864402801445,29.766987509379136,22.36153819986411,-212.00416101603333,19.92326240191555,181.47661464405338,18.95651635760626,171.14293458010753,19.980159970336137,180.1113644556499,263.2558848265253,-319.02946041823318,0.0,0.0,0.0,0.0,0.0,0.0,0.0,0.0,0.0,0.0,0.0,0.0,0.0,0.0,0.0,0.0,0.0,0.0,0.0,0.0,0.0,0.0,0.6523154467540318,0.19911948924115745,228.67426883118567,267.4089217764269,3252.6144311842506,0.04887222446782383,0.0074591307185323308,229.6144025347651,268.23739702512798,3400.4887446544628,1.3696155899674272,0.25880869047003549,148.19539730094696,173.43734646714345,2052.847682367388,0.1625563605266428,0.030717377272608229,9.662332705252189,11.30751140773535,134.7485844446987,0.0,0.0,7.02942397564631,8.27820942578367,70.27209988932887,0.0,0.0,74.36900668279519,86.73167131743684,1161.1014024064012,0.0,0.0,163.7991867532861,191.98191974605593,2094.042981779998,0.0,0.0,26.590507403686645,31.282638909461267,281.778339066252,0.0,0.0,57.235173127128039,67.13551015595168,703.9977327574499,21.14450732021491,14.502405569420383,207.07935933913474,242.83982601963883,2876.9367003818636,0.0,0.0,75.04714956336261,87.30174109313409,1280.5321942461742,0.0,21.237398796952279,45.98967257528634,21.0,30.0,0.0,21.559568230363717,44.76696051941699,16.0,30.0,41.73184427877566,21.001171154854576,46.65552394132374,21.0,30.0,0.0,20.995719503226935,46.953871798947499,16.0,30.0,0.0,19.072739560598447,54.096391092062038,12.0,30.0,0.0,21.95829043472437,44.95944281258481,16.0,30.0,0.0,20.497909385943655,49.095486364927037,10.0,30.0,0.0,19.37840509698955,52.93299381957145,16.0,30.0,0.0,20.249338728310243,50.114368878883848,12.0,30.0,0.0,20.43514093096697,0.0,0.0,0.0,22.699083100059178,0.0,0.0,592.1458801766111,581.5334691011628,591.7466326650277,602.3676704909963,644.2408834608496,630.5498224984341,627.7342022984642,638.5473601247671,637.2251043599706,10304.185970965127,81.19154347440075,81.19154347440075,60.0,0.0,60.0,60.0,16.0,16.0,16.0,12.0,16.0,12.0,21.0,10.0,1.0,0.0,0.0,0.0,41.73184427877566,0.0,0.0,0.0,0.0,0.0,0.0,0.0,0.0,81.19154347440075,81.19154347440075,0.34,0.6195301582238111,0.36028137401965956,81.19154347440075,0.3542647819438875,0.0,0.0011933333333333334 
 04/01  13:40:00,14.246666666666667,62.66666666666667,1.0366666666666667,272.5,189.0,0.0,0.0,0.0,0.0,0.0,0.0,0.0,0.0,0.0,0.0,3472.0,0.0,1122.1011893046585,94.22753523081819,241.4555656905811,33.646024257095508,895.5409871754516,0.0,94.22753523081815,128.81618449793133,0.0,0.0,20.82420784575821,232.32929389104585,22.434007004574356,-271.1435515640637,21.350166272940784,-828.4830622864595,21.130274812488677,276.0542592002547,18.935814248822326,31.139559092929816,22.388790162506358,-209.7791551786912,19.957948830327206,190.57869200994379,18.995020408404899,169.95420239499266,20.019845953328,167.73233937894856,313.0083066602242,-301.74804953762046,0.0,0.0,0.0,0.0,0.0,0.0,0.0,0.0,0.0,0.0,0.0,0.0,0.0,0.0,0.0,0.0,0.0,0.0,0.0,0.0,0.0,0.0,0.7256236815687707,0.22149685029571754,259.68924105478808,304.87835698181757,3686.944266831752,0.12172258691186203,0.018577928405351348,131.28705879207295,154.048976151475,1929.9933123678093,0.8047283529833973,0.1520650704806118,346.22358012128566,405.8296795295584,5228.570353564622,0.1709749961095442,0.032308200323043118,187.8618293061823,220.43007981707275,2652.618478295584,0.0,0.0,7.166105420818863,8.47612938728455,69.6875590825336,0.0,0.0,73.60209885664763,86.21756702077833,1128.1474237092176,0.0,0.0,157.48918004188006,185.38841782530236,1973.3791183904489,0.0,0.0,25.22935670247,29.810911424547336,261.0780753718934,0.0,0.0,51.855401561790689,61.09234713293496,624.1364594583473,21.398114851268688,14.676347634615017,410.9203871975684,483.21630160139207,5653.683515283156,0.0,0.0,68.52099114988266,80.03397656979282,1163.2120054744278,0.0,21.36151693071414,45.3585519422936,21.0,30.0,0.0,21.671059197973638,44.405375214623649,16.0,30.0,1392.542464454175,21.877001597632249,43.97427911878133,21.5,30.0,0.0,21.275843531538955,45.767872451411928,16.0,30.0,0.0,19.09191498890032,53.93251510683497,12.0,30.0,0.0,21.971874757651496,44.779861366657069,16.0,30.0,0.0,20.526926649488059,48.81826453097267,10.0,30.0,0.0,19.409702965147824,52.723402415745088,16.0,30.0,0.0,20.273229880087617,49.92530945905123,12.0,30.0,0.0,20.759712872235445,0.0,0.0,0.0,22.816252605541267,0.0,0.0,583.8156391426946,580.3864993675588,584.3187670322435,589.4244224594108,640.7807246532251,625.1443044061362,621.2233099783343,634.8373818798111,633.064153692395,4639.776974469683,81.40734347121044,81.40734347121044,60.0,0.0,60.0,60.0,16.0,16.0,16.0,12.0,16.0,12.0,21.0,10.0,1.0,0.0,0.0,0.0,1392.542464454175,0.0,0.0,0.0,0.0,0.0,0.0,0.0,0.0,81.40734347121044,81.40734347121044,0.17,0.38495656911815548,0.18014068700982978,81.40734347121044,0.17713239097194376,0.0,0.0012000000000000002 
 04/01  13:50:00,14.398333333333336,61.833333333333339,1.0833333333333333,260.0,195.0,0.0,0.0,0.0,0.0,0.0,0.0,0.0,0.0,0.0,0.0,1736.0,0.0,1116.397713924106,91.08618231569051,233.4059469103727,33.474997040724208,890.9889814091473,0.0,91.08618231569045,124.5217169020533,0.0,0.0,20.84486466702726,197.03534621790187,22.548911550266113,-349.6676928382749,20.881819534112496,-36.8267877681501,21.22220272653822,31.194497740076714,18.976496749527795,31.035765550606415,22.429222104708815,-207.78111200741388,20.002591396805113,183.40130916982799,19.04667717349572,173.33086455140995,20.068480597057275,167.95575562467958,317.90065607303316,-310.2654020263294,0.0,0.0,0.0,0.0,0.0,0.0,0.0,0.0,0.0,0.0,0.0,0.0,0.0,0.0,0.0,0.0,0.0,0.0,0.0,0.0,0.0,0.0,0.6908492682824355,0.21088195002516348,261.1341237514437,306.2182428978588,3619.685221006622,0.08835401357156489,0.0134850448064049,183.43272877742323,214.52757772362512,2706.531551202878,0.9892728402771158,0.1869374225769305,353.9871552898899,415.41691835519796,4726.071756551664,0.14612855384846352,0.027613105413541854,204.05281202753378,239.27651518800034,2828.5918601233045,0.0,0.0,7.091453988501206,8.374736986950893,67.33291597672332,0.0,0.0,73.44471701525248,85.8941673856375,1108.5252975177637,0.0,0.0,157.28714986539149,184.848443578446,1937.0306826705206,0.0,0.0,25.63223156415325,30.23362267001806,260.5338375808267,0.0,0.0,51.626489222146648,60.72233700738013,610.6512692549109,21.19529612898299,14.537240143335389,433.1817886183807,508.874434799041,5823.391168203307,0.0,0.0,68.77452733748379,80.18694130076388,1158.1670263921088,0.0,21.366596959849134,45.275940709339518,21.0,30.0,0.0,21.844670115257335,43.8804229033419,16.0,30.0,0.0,21.105225334044904,45.98485664846507,21.0,30.0,0.0,21.370555679556277,45.28144965395973,16.0,30.0,0.0,19.128598388714197,53.632856249067518,12.0,30.0,0.0,22.00455187592904,44.53616979397991,16.0,30.0,0.0,20.570366747066389,48.570761647100287,10.0,30.0,0.0,19.469100449818208,52.35706386848261,16.0,30.0,0.0,20.320400072829754,49.614382695459,12.0,30.0,0.0,20.84440641710161,0.0,0.0,0.0,22.899801140867145,0.0,0.0,582.0963974199516,579.18398025529,581.3473764611483,582.6707663189352,634.7269081026432,619.4056348571298,617.3144711862708,629.0039268353412,627.2226412799655,0.0,80.94554799081888,80.94554799081888,60.0,0.0,60.0,60.0,16.0,16.0,16.0,12.0,16.0,12.0,21.0,10.0,1.0,0.0,0.0,0.0,0.0,0.0,0.0,0.0,0.0,0.0,0.0,0.0,0.0,80.94554799081888,80.94554799081888,0.0,0.0,0.0,80.94554799081888,0.0,0.0,0.0012133333333333332 
 04/01  14:00:00,14.55,61.0,1.13,247.5,201.0,0.0,0.0,0.0,0.0,0.0,0.0,0.0,0.0,0.0,0.0,868.0,0.0,1109.2413246778036,87.85992185074956,225.13875487716579,33.26040461094201,885.2774173242636,0.0,87.85992185074952,120.11117424833556,0.0,0.0,20.852373756632667,189.85254446134423,22.51949173060393,-472.7703154781848,20.856786033541949,87.54485321915309,21.096668132604969,-61.7116570650569,19.019378953575786,30.634540870495529,22.47665076619831,-208.24726061911407,20.041036838699154,180.57411867277825,19.099856981048839,173.0281979174606,20.115918915400859,164.60533407559343,277.56935167533086,-312.5352878554736,0.0,0.0,0.0,0.0,0.0,0.0,0.0,0.0,0.0,0.0,0.0,0.0,0.0,0.0,0.0,0.0,0.0,0.0,0.0,0.0,0.0,0.0,0.6313204153951129,0.19271074951010773,232.48635444213589,271.7522143388091,3149.958683537782,0.040277567571752607,0.006147369898008639,232.80544248569789,271.7849020014951,3323.1863187692545,1.2479627366765319,0.2358206229547491,223.03292602066277,260.93442946246798,2916.6643694051629,0.14194427341184708,0.02682242505892801,85.326279307136,99.82732851560414,1113.9107132561194,0.0,0.0,6.9726548349394099,8.20847331231585,64.70596685499919,0.0,0.0,73.52120451665363,85.7159660833023,1094.6269101241756,0.0,0.0,156.3228252477653,183.14881866834345,1890.4071025381005,0.0,0.0,25.741147948844938,30.266842893142465,257.2806923482774,0.0,0.0,51.13034673959444,59.94923097710169,594.688664290755,20.844427005106604,14.296589166739788,289.7531805778985,339.4639104248585,3799.066642493428,0.0,0.0,68.26940414430196,79.34514241591097,1138.5207051437977,0.0,21.35801347590929,45.243861599296639,21.0,30.0,0.0,21.750660694837458,43.86202680507901,16.0,30.0,0.0,21.096218685076953,45.97148374549619,21.0,30.0,0.0,21.110971489408525,45.69359667042486,16.0,30.0,0.0,19.171411404895367,53.30649612101793,12.0,30.0,0.0,22.05095011240769,44.27500967718353,16.0,30.0,0.0,20.608633936819549,48.317148233902319,10.0,30.0,0.0,19.535364531087333,51.95846191654413,16.0,30.0,0.0,20.37150775505976,49.29127290324178,12.0,30.0,0.0,20.70859059385851,0.0,0.0,0.0,22.967348254399185,0.0,0.0,580.8248003172076,570.8247802231114,580.6157007531903,573.4540001713344,628.6056579604315,614.4041600108254,612.7178563956835,623.0002396730946,621.5073380019836,0.0,80.94554799081888,80.94554799081888,60.0,0.0,60.0,60.0,16.0,16.0,16.0,12.0,16.0,12.0,21.0,10.0,1.0,0.0,0.0,0.0,0.0,0.0,0.0,0.0,0.0,0.0,0.0,0.0,0.0,80.94554799081888,80.94554799081888,0.0,0.0,0.0,80.94554799081888,0.0,0.0,0.0012266666666666668 
 04/01  14:10:00,14.603333333333336,60.833333333333339,1.0633333333333333,235.0,207.0,0.0,0.0,0.0,0.0,0.0,0.0,0.0,0.0,0.0,0.0,868.0,0.0,1100.580626214517,84.54842540899613,216.65314791368503,33.000705890334668,878.3652766991559,0.0,84.54842540899608,115.58410755217054,0.0,0.0,20.82886062842138,161.52888880637875,22.524185847599104,-432.72660315029318,20.823282178720896,80.62666432809056,21.076118609599605,-1.930927640021082,19.060457002328137,30.751632849741953,22.517979617053756,-210.85466615169754,20.078526922642859,180.85228539480159,19.142379384550396,172.85912654646735,20.15544010446249,161.1699380411667,230.8005181080498,-311.0272043693949,0.0,0.0,0.0,0.0,0.0,0.0,0.0,0.0,0.0,0.0,0.0,0.0,0.0,0.0,0.0,0.0,0.0,0.0,0.0,0.0,0.0,0.0,0.5820608993877073,0.17767426721236488,208.0567762706135,243.2598764723119,2768.7407802730865,0.04553678147106242,0.006950058222079124,208.56029983145695,243.46592161073807,2955.505964782774,1.2803955044609954,0.2419492638815185,160.08533489201595,187.30938027219785,2067.514360506777,0.155842624017103,0.029448719579951427,9.671961824120434,11.315661802923117,126.60106850155808,0.0,0.0,6.992126856586554,8.230217975929687,64.65334874479241,0.0,0.0,73.52957148075471,85.71341436633274,1092.1072365921769,0.0,0.0,155.3850394112404,182.0237961302923,1873.4469814179975,0.0,0.0,25.583299191796596,30.07599492916955,255.3055846851261,0.0,0.0,50.227169404722058,58.881770698584947,582.4867597811887,20.626403206407038,14.147052953639948,186.47265957245637,218.62384652740463,2427.7671500481999,0.0,0.0,67.0574391687202,77.91837206279986,1119.2695264060524,0.0,21.288236664371799,45.16952207409916,21.0,30.0,0.0,21.75175842625668,43.896323960635609,16.0,30.0,0.0,21.052222842390106,46.092131332128037,21.0,30.0,0.0,21.087945642110176,45.898886265232388,16.0,30.0,0.0,19.208871828296418,53.046808879765929,12.0,30.0,0.0,22.087406448475226,44.08205847328092,16.0,30.0,0.0,20.644825433436368,48.111099377914758,10.0,30.0,0.0,19.581959173414665,51.67686035071662,16.0,30.0,0.0,20.40889450768776,49.06021954629784,12.0,30.0,0.0,20.50222968897548,0.0,0.0,0.0,23.030146657241809,0.0,0.0,572.6321341724182,572.6400902353693,580.8604911707348,578.3865938032241,624.2197970936196,611.1059901300153,609.4341070694018,618.7873017468447,617.588777069809,0.0,80.94554799081888,80.94554799081888,60.0,0.0,60.0,60.0,16.0,16.0,16.0,12.0,16.0,12.0,21.0,10.0,1.0,0.0,0.0,0.0,0.0,0.0,0.0,0.0,0.0,0.0,0.0,0.0,0.0,80.94554799081888,80.94554799081888,0.0,0.0,0.0,80.94554799081888,0.0,0.0,0.00124 
 04/01  14:20:00,14.656666666666667,60.66666666666667,0.9966666666666666,222.5,213.0,0.0,0.0,0.0,0.0,0.0,0.0,0.0,0.0,0.0,0.0,868.0,0.0,1090.3623329579764,81.15118687613257,207.94782903578978,32.69430312508672,870.210032755446,0.0,81.15118687613253,110.93982491694244,0.0,0.0,20.84603287981668,176.3153733705949,22.476457408139916,-522.7636445000517,20.789640654035979,71.77119973549452,21.065541715109366,-1.3181250611016822,19.102191253401118,30.32616057921001,22.559819618533738,-211.20059930028266,20.1083436704496,175.93322945900582,19.18175987893998,171.62475472664006,20.19571107063178,162.90294832672726,237.92670831522265,-311.1947657308756,0.0,0.0,0.0,0.0,0.0,0.0,0.0,0.0,0.0,0.0,0.0,0.0,0.0,0.0,0.0,0.0,0.0,0.0,0.0,0.0,0.0,0.0,0.5919983972414089,0.18070769146563155,229.27661412999334,268.0397669650552,3034.1307376480556,0.029053223498607378,0.0044342526707276219,231.33419229465924,270.1611768905273,3203.245689843252,1.264258099507488,0.23889986763180053,160.53239372050639,187.86629833486689,2040.803979573158,0.14794286501257895,0.02795594576957273,20.900269389643076,24.451871061185004,268.21589980234418,0.0,0.0,6.820009329370481,8.026443102194046,62.839683554888569,0.0,0.0,73.75346673647602,85.96133681984041,1093.0853710448715,0.0,0.0,153.35621128281347,179.63146840287875,1839.117590415703,0.0,0.0,25.24539093065921,29.673969473533935,251.2812451612808,0.0,0.0,50.04243406345033,58.655847045034857,579.0012792705849,20.45133901230684,14.026981489922392,209.5474668780303,245.6315009202843,2690.064687202156,0.0,0.0,66.74835469392493,77.54468720102543,1113.32978961327,0.0,21.306450098175206,45.1415338834448,21.0,30.0,0.0,21.639885147734768,43.92000492478616,16.0,30.0,0.0,21.0045545348127,45.97478404264322,21.0,30.0,0.0,21.071174440327526,46.038567180135299,16.0,30.0,0.0,19.24672789332962,52.798090467414677,12.0,30.0,0.0,22.125999552932396,43.888767320662228,16.0,30.0,0.0,20.666546064551466,47.916302434973079,10.0,30.0,0.0,19.62329549572436,51.432808787908808,16.0,30.0,0.0,20.449836519475949,48.83157787457736,12.0,30.0,0.0,20.543206461915938,0.0,0.0,0.0,23.079366090680847,0.0,0.0,573.8677034054973,564.4452942734134,573.2917122987068,581.4914029931533,620.2691542119188,607.8679182760861,605.3629920397965,615.3128770069158,614.1456979513748,0.0,80.94554799081888,80.94554799081888,60.0,0.0,60.0,60.0,16.0,16.0,16.0,12.0,16.0,12.0,21.0,10.0,1.0,0.0,0.0,0.0,0.0,0.0,0.0,0.0,0.0,0.0,0.0,0.0,0.0,80.94554799081888,80.94554799081888,0.0,0.0,0.0,80.94554799081888,0.0,0.0,0.00126 
 04/01  14:30:00,14.71,60.5,0.9299999999999999,210.0,219.0,0.0,0.0,0.0,0.0,0.0,0.0,0.0,0.0,0.0,0.0,868.0,0.0,1148.4971649854602,77.64402817954908,198.96084320489727,34.437432438045508,916.6066556501528,0.0,77.64402817954904,106.14527308433901,0.0,0.0,20.810461493134605,136.56800339165239,22.52386333448808,-439.3501306900516,20.77892260386642,92.38790845559197,21.028856682814884,-41.06228707753871,19.15223668879442,30.265344570399976,22.62521644693617,-217.48372418079499,20.145846090668493,178.30107620233685,19.219933408486495,171.52025256648836,20.226240768461176,148.39935463233906,223.1899249221642,-299.83971220908827,0.0,0.0,0.0,0.0,0.0,0.0,0.0,0.0,0.0,0.0,0.0,0.0,0.0,0.0,0.0,0.0,0.0,0.0,0.0,0.0,0.0,0.0,0.5655862008252766,0.17264536044727614,191.46238683151513,223.90760278184329,2479.867894245074,0.05322869076952259,0.008124037052735439,191.85025389614794,223.9978118854388,2657.0947993371617,1.279649369039019,0.2418082707934655,216.23177623916016,253.03729995960379,2718.829173433405,0.1461692219234296,0.027620790234964014,52.46922063520127,61.40269740179805,657.829365231759,0.0,0.0,6.893489797899519,8.111462092710456,63.4256099830617,0.0,0.0,73.97535218125677,86.20523178821422,1095.1325606946185,0.0,0.0,151.00058403568358,176.84505215031227,1805.9388875123617,0.0,0.0,25.16705554047487,29.577226226607814,249.78875277689617,0.0,0.0,46.942768107466388,55.01739931871616,540.1755280944938,20.291336421433177,13.917240343918506,214.97289256859416,252.041069561123,2698.786435990039,0.0,0.0,63.460509614460359,73.70919333181857,1058.9126871739268,0.0,21.214294398326158,45.12906111556776,21.0,30.0,0.0,21.695300764540258,43.77405680831515,16.0,30.0,0.0,21.000835419897368,46.04817482040667,21.0,30.0,0.0,21.002369905358966,45.860302525154917,16.0,30.0,0.0,19.294423163421788,52.51479893005103,12.0,30.0,0.0,22.17239943742414,43.64670007218502,16.0,30.0,0.0,20.70452976237667,47.71897133214003,10.0,30.0,0.0,19.663358188611825,51.19871876822878,16.0,30.0,0.0,20.472182571868207,48.657389766050219,12.0,30.0,0.0,20.48267960717084,0.0,0.0,0.0,23.13817204716318,0.0,0.0,566.1690718812196,564.6462955045008,575.6954851130572,570.4589370434698,616.3240420165903,603.855469823362,602.6314227865229,611.9970043154509,610.6957910730282,0.0,80.94554799081888,80.94554799081888,60.0,0.0,60.0,60.0,16.0,16.0,16.0,12.0,16.0,12.0,21.0,10.0,1.0,0.0,0.0,0.0,0.0,0.0,0.0,0.0,0.0,0.0,0.0,0.0,0.0,80.94554799081888,80.94554799081888,0.0,0.0,0.0,80.94554799081888,0.0,0.0,0.0012799999999999999 
 04/01  14:40:00,14.763333333333332,60.333333333333339,0.8633333333333333,201.33333333333332,245.0,0.0,0.0,0.0,0.0,0.0,0.0,0.0,0.0,0.0,0.0,868.0,0.0,1197.6774906628157,75.95423569610952,194.63085835729354,35.91208056417102,955.8569493631352,0.0,75.95423569610948,103.8351986482757,0.0,0.0,20.847310888583086,170.89200187256575,22.53043165132282,-536.2167303327933,20.776318246408058,48.042167813548079,21.027666082245543,0.43251735989150577,19.20532594343484,29.363521221741565,22.70413546041985,-221.01835459839368,20.173858741977953,172.49222603115596,19.255977988735624,169.50506683131369,20.2681520057087,163.75353711875915,224.88507534413294,-308.5049954529263,0.0,0.0,0.0,0.0,0.0,0.0,0.0,0.0,0.0,0.0,0.0,0.0,0.0,0.0,0.0,0.0,0.0,0.0,0.0,0.0,0.0,0.0,0.580253287551505,0.17712249314759005,230.60365673615014,269.61454630345886,2988.3886197073304,0.022714177935765267,0.003466754874201048,234.36447636172646,273.6895533034052,3193.140088780835,1.2242853725291135,0.23134644227685448,142.02214775155776,166.20156843722243,1775.47610917801,0.1494113626579107,0.028233439655689843,9.130616552117648,10.6841885585122,115.18273093934477,0.0,0.0,6.648700888997402,7.82188075716959,61.14225462444901,0.0,0.0,74.48879494798065,86.78361534104518,1103.6430518188052,0.0,0.0,151.09731954550765,176.94404859210224,1796.6781123878289,0.0,0.0,24.705637876696178,29.030928013214134,244.27913343146956,0.0,0.0,49.4943837655868,57.99748566577856,568.8160497727428,20.073493002529568,13.767827848099845,212.99977557573716,249.67422024356444,2672.521124252742,0.0,0.0,65.79894102197568,76.4189688527178,1093.2427029887074,0.0,21.27550696116987,44.9433425442004,21.0,30.0,0.0,21.63520596731819,43.791917159548379,16.0,30.0,46.86063139374975,21.001592806429554,45.72680760323761,21.0,30.0,0.0,21.01045946523004,45.925888517807617,16.0,30.0,0.0,19.346458896459475,52.229000142832529,12.0,30.0,0.0,22.233826172659208,43.39625233581295,16.0,30.0,0.0,20.723871395509489,47.538615973914229,10.0,30.0,0.0,19.698665475706265,50.968068662050608,16.0,30.0,0.0,20.519403587600974,48.407438966964019,12.0,30.0,0.0,20.534862412813614,0.0,0.0,0.0,23.156283270755968,0.0,0.0,565.718234837135,560.149830669106,566.4944100311905,573.4419662609687,612.7620943719157,600.7953860312639,598.947062934401,608.4185253713823,607.2503912707981,10159.770430249528,81.28705719197578,81.28705719197578,60.0,0.0,60.0,60.0,16.0,16.0,16.0,12.0,16.0,12.0,21.0,10.0,1.0,0.0,0.0,0.0,46.86063139374975,0.0,0.0,0.0,0.0,0.0,0.0,0.0,0.0,81.28705719197578,81.28705719197578,0.34,0.6197013782647618,0.36028137401965956,81.28705719197578,0.3542647819438875,0.0,0.0013 
 04/01  14:50:00,14.816666666666665,60.166666666666667,0.7966666666666666,192.66666666666669,271.0,0.0,0.0,0.0,0.0,0.0,0.0,0.0,0.0,0.0,0.0,3476.0,0.0,1244.6566439900674,74.1594014496104,190.03170225378327,37.320726577003487,993.3504996506222,0.0,74.15940144961037,101.38152415839456,0.0,0.0,20.92934158467303,223.9001214731602,22.629624915988459,-315.9222155896666,21.348207983137493,-731.7387825771514,21.16294488345109,263.45610563606797,19.254924049825918,30.0552105387911,22.782926673363244,-224.7782737295821,20.216284071802386,190.73060298201995,19.285155185721899,166.66511111745303,20.300003256463957,156.52976114290068,276.25992054897668,-295.21981817590668,0.0,0.0,0.0,0.0,0.0,0.0,0.0,0.0,0.0,0.0,0.0,0.0,0.0,0.0,0.0,0.0,0.0,0.0,0.0,0.0,0.0,0.0,0.646925849915027,0.19747431316087517,266.07920344910766,312.28037665149966,3497.0403651719154,0.09812298911074063,0.014976036189062979,154.48340909247197,181.14278226882255,2125.8459711588018,0.7738517270874136,0.14623048508832466,337.02188335305677,394.98699385201248,4713.732110244993,0.16487426601498895,0.031155379065568583,192.85302144253556,226.26818829529123,2501.037268130182,0.0,0.0,6.883153006416664,8.131881833565798,63.054661058605969,0.0,0.0,75.21929258823644,88.00426808888591,1112.5598240520145,0.0,0.0,150.66968043177895,177.17801403820935,1788.0593423477104,0.0,0.0,24.043773649939728,28.3749014261357,235.92455985238488,0.0,0.0,47.49999250697804,55.89536671580062,542.4546840742024,20.411412678092316,13.999597172902828,422.36687052406367,496.4382434321995,5362.3229459534209,0.0,0.0,63.1174742839909,73.60729156507682,1047.4446747662983,0.0,21.413329298392474,44.395981372223378,21.0,30.0,0.0,21.769216790139408,43.368877533859357,16.0,30.0,1294.2570713969527,21.87242341235267,43.16591884714767,21.5,30.0,0.0,21.281956113606556,44.864657150101468,16.0,30.0,0.0,19.38568863180572,52.00750171523598,12.0,30.0,0.0,22.28081349145638,43.13988936881045,16.0,30.0,0.0,20.770188487096058,47.230033218369658,10.0,30.0,0.0,19.717934407075398,50.80229843037729,16.0,30.0,0.0,20.540364409576136,48.23347880954121,12.0,30.0,0.0,20.86012273098268,0.0,0.0,0.0,23.20694056675121,0.0,0.0,560.7614268459163,558.5491482016837,560.5149344202232,564.1102177481354,609.9739004022022,596.339081540453,593.5283450507903,605.3048397393043,603.7967146095311,4478.459926643776,81.6706838589795,81.67068385897952,60.0,0.0,60.0,60.0,16.0,16.0,16.0,12.0,16.0,12.0,21.0,10.0,1.0,0.0,0.0,0.0,1294.2570713969527,0.0,0.0,0.0,0.0,0.0,0.0,0.0,0.0,81.6706838589795,81.6706838589795,0.17,0.38485913319224115,0.18014068700982978,81.6706838589795,0.17713239097194376,0.0,0.0013200000000000003 
 04/01  15:00:00,14.87,60.0,0.73,184.0,297.0,0.0,0.0,0.0,0.0,0.0,0.0,0.0,0.0,0.0,0.0,869.0,0.0,1289.0406651239483,72.25380160426822,185.14870744347116,38.65155773311193,1028.772890824131,0.0,72.25380160426818,98.77642469722831,0.0,0.0,20.952957143317208,170.71263755914516,22.803087478998326,-418.3574214769196,20.9502099305946,-15.10411197086296,21.22546214834413,28.67404258098213,19.327320468958939,29.1629002024805,22.89511701602448,-232.79643344090256,20.274328436781297,180.0075978287323,19.329918805050377,169.22062408215266,20.350980055646013,162.59433964255482,265.30576904160446,-305.0871603446117,0.0,0.0,0.0,0.0,0.0,0.0,0.0,0.0,0.0,0.0,0.0,0.0,0.0,0.0,0.0,0.0,0.0,0.0,0.0,0.0,0.0,0.0,0.632648093013578,0.19311602350841823,212.47321438404573,248.2897647537781,2766.4096187419779,0.06284212029417508,0.009591288201186673,212.8862565770261,248.31519072191669,3000.6890077209138,1.0341531812881193,0.1954182126394784,93.8357692232799,109.73566001745361,1193.79344891346,0.13824009755275519,0.026122467413596967,99.50235358827573,116.30877737251055,1276.816388588741,0.0,0.0,6.822127817084821,8.02238815174041,62.920694322824527,0.0,0.0,75.43002276140752,87.83396410605082,1124.1809448461432,0.0,0.0,153.35951619972719,179.51907928953049,1825.3679773886125,0.0,0.0,24.739379476377896,29.062995024410719,242.76664507351016,0.0,0.0,49.48798555944585,57.97284028482162,566.2108170069824,20.199535324337057,13.85427662848907,242.40899236222055,283.8256613596031,3123.8240499956029,0.0,0.0,65.83447325099589,76.44232139415733,1088.681823842156,0.0,21.413563839543057,44.38040076112286,21.0,30.0,0.0,21.987173103101094,42.45568410167927,16.0,30.0,0.0,21.20851948500245,44.74046828913964,21.0,30.0,0.0,21.327360266738343,44.638869835950199,16.0,30.0,0.0,19.468998694133388,51.52165399546994,12.0,30.0,0.0,22.389437088165605,42.65339182711413,16.0,30.0,0.0,20.83936641607584,46.91642466523297,10.0,30.0,0.0,19.76961013431163,50.43350054675329,16.0,30.0,0.0,20.602565456480229,47.84033454257038,12.0,30.0,0.0,20.864503231277778,0.0,0.0,0.0,23.226107364194975,0.0,0.0,560.5360285087843,548.1029301635797,554.5977403047448,561.2701754693242,603.5536659835192,589.5228355620593,590.0884976970936,599.2034095565562,597.3504015648294,0.0,81.25888405781447,81.25888405781447,60.0,0.0,60.0,60.0,16.0,16.0,16.0,12.0,16.0,12.0,21.0,10.0,1.0,0.0,0.0,0.0,0.0,0.0,0.0,0.0,0.0,0.0,0.0,0.0,0.0,81.25888405781447,81.25888405781447,0.0,0.0,0.0,81.25888405781447,0.0,0.0,0.0013399999999999999 
 04/01  15:10:00,14.876666666666666,59.33333333333333,0.6666666666666667,175.33333333333332,323.0,0.0,0.0,0.0,0.0,0.0,0.0,0.0,0.0,0.0,0.0,869.0,0.0,1330.4356975525057,70.23209081255904,179.96817635787458,39.892764391431217,1061.8097897066417,0.0,70.232090812559,96.01259276945553,0.0,0.0,21.01961403667829,202.85122904811215,22.83443840589949,-533.8476899924572,20.90915145588106,88.97942928896737,21.15277473670256,-48.8061367703981,19.387356904839785,28.433486143247934,22.99298475687262,-240.7863659791733,20.31773364439401,182.32510296022248,19.368929468809566,171.37564570476605,20.391195137135698,163.82554666896523,254.4719607792049,-306.7162078358315,0.0,0.0,0.0,0.0,0.0,0.0,0.0,0.0,0.0,0.0,0.0,0.0,0.0,0.0,0.0,0.0,0.0,0.0,0.0,0.0,0.0,0.0,0.6141640353271745,0.18747375925737928,245.66628613572483,286.97297991621829,3243.653058766839,0.01780412507118667,0.002717357306347172,248.96481345655946,290.40274432805708,3484.9157913581746,1.311591747145714,0.24784424549238746,228.7576659994434,267.52448978873488,2868.4875436522327,0.14113181317066263,0.026668898936255213,86.40548281622154,101.04865688220179,1082.4476052395642,0.0,0.0,6.719569329099146,7.899496703211957,62.70339968190656,0.0,0.0,76.50524649701866,89.05228602209128,1151.604439508877,0.0,0.0,154.42494839173299,180.7222761688025,1850.3722943255366,0.0,0.0,25.185646035242784,29.580934796703077,248.9191503503623,0.0,0.0,50.13324622053466,58.71539788614883,577.2499123338847,20.040549699238345,13.745232989875412,307.9733007292379,360.5884940997804,3884.3683760506276,0.0,0.0,66.77780571676999,77.5244212030117,1106.278735539538,0.0,21.51880429890872,43.722238983315417,21.0,30.0,0.0,21.945827242954189,42.62856346788611,16.0,30.0,0.0,21.156453818428678,45.084169326760378,21.0,30.0,0.0,21.176696140394417,44.745747980764139,16.0,30.0,0.0,19.531495467805664,51.190829550202327,12.0,30.0,0.0,22.474499843881774,42.37689157648054,16.0,30.0,0.0,20.88785021110009,46.66502011514135,10.0,30.0,0.0,19.81286787554532,50.1258035464088,16.0,30.0,0.0,20.647431144553594,47.57854688175453,16.0,30.0,0.0,20.844598039453165,0.0,0.0,0.0,23.249514911854836,0.0,0.0,549.3824146845404,550.2519569829415,560.760565952416,552.2250889051,599.8100154505158,587.7296345579769,586.7684998592512,594.3118593754591,593.4963743598321,0.0,81.25888405781447,81.25888405781447,60.0,0.0,60.0,60.0,16.0,16.0,16.0,16.0,16.0,12.0,21.0,10.0,1.0,0.0,0.0,0.0,0.0,0.0,0.0,0.0,0.0,0.0,0.0,0.0,0.0,81.25888405781447,81.25888405781447,0.0,0.0,0.0,81.25888405781447,0.0,0.0,0.0013599999999999999 
 04/01  15:20:00,14.883333333333333,58.66666666666667,0.6033333333333334,166.66666666666669,349.0,0.0,0.0,0.0,0.0,0.0,0.0,0.0,0.0,0.0,0.0,869.0,0.0,1368.448236175717,68.08932092284926,174.4774292495812,41.032547452034069,1092.1471436252246,0.0,68.08932092284923,93.08326387665022,0.0,0.0,21.029410027915149,173.3426265401431,22.896833368659295,-512.6642464136166,20.9034430916144,113.7082483162676,21.132151898516857,1.1850593842437434,19.44944527876672,28.379065318121378,23.092334519421294,-250.58637143679744,20.372353516271564,188.86232635933539,19.408693109972388,172.70402665368875,20.432091110353775,166.65103666108645,214.32580624841286,-308.0723688320227,0.0,0.0,0.0,0.0,0.0,0.0,0.0,0.0,0.0,0.0,0.0,0.0,0.0,0.0,0.0,0.0,0.0,0.0,0.0,0.0,0.0,0.0,0.5604294822138571,0.17107127051705044,223.47905108288055,261.0397903163011,2939.2149222259997,0.022310075588144214,0.0034050786917192027,226.68406826659536,264.3579848736578,3186.937140085588,1.4316043525325344,0.27052236442413737,180.6383282759038,211.2464847874228,2268.3856855252749,0.16303343702106369,0.030807527781758057,10.391118064105326,12.151450962854702,131.33036252051827,0.0,0.0,6.847772362572984,8.047815341301927,64.66739881669858,0.0,0.0,77.34955002979344,90.0017658331437,1175.764149237961,0.0,0.0,157.53047283238599,184.3024540531669,1905.9421586754787,0.0,0.0,25.540059612803487,29.99018621195964,254.24750394434308,0.0,0.0,51.32812577324665,60.10063540013187,594.7632210501209,19.978173609479229,13.702451035308118,205.2322976162983,240.4235192380639,2583.6316774253066,0.0,0.0,67.97131890096475,78.89822350913943,1127.626129036451,0.0,21.499795341421494,43.838846841810319,21.0,30.0,0.0,21.9850007869436,42.41919058111999,16.0,30.0,0.0,21.15936624095745,44.69439469059891,21.0,30.0,0.0,21.15138411903494,44.94733071363559,16.0,30.0,0.0,19.595900115574574,50.862304269865479,12.0,30.0,0.0,22.55913662954398,42.07742941342144,16.0,30.0,0.0,20.955262980103613,46.30647959591689,10.0,30.0,0.0,19.85667605261146,49.89589444969659,16.0,30.0,0.0,20.69242445586675,47.352184150797118,16.0,30.0,0.0,20.662034427968757,0.0,0.0,0.0,23.269420079907236,0.0,0.0,551.513630236538,547.8771298075102,549.7160903878198,556.6434609225403,596.288819894234,585.0343811370699,581.8886565803534,591.6843100135649,590.7085493118991,0.0,81.25888405781447,81.25888405781447,60.0,0.0,60.0,60.0,16.0,16.0,16.0,16.0,16.0,12.0,21.0,10.0,1.0,0.0,0.0,0.0,0.0,0.0,0.0,0.0,0.0,0.0,0.0,0.0,0.0,81.25888405781447,81.25888405781447,0.0,0.0,0.0,81.25888405781447,0.0,0.0,0.0013866666666666667 
 04/01  15:30:00,14.89,58.0,0.54,158.0,375.0,0.0,0.0,0.0,0.0,0.0,0.0,0.0,0.0,0.0,0.0,869.0,0.0,1470.212218371607,67.18806386335412,172.1679796831864,44.083882630993347,1173.3638028332974,0.0,67.18806386335409,91.85117714773812,0.0,0.0,21.06435674230844,184.10818052956894,22.94306553395133,-604.3987280779747,20.897671663401306,112.10224673138328,21.122513519629835,2.4544867022262339,19.519390243660525,27.845626359891015,23.22005857947063,-258.19807950742736,20.41881028128575,187.49288717391574,19.447352191219307,172.31174244468333,20.47877071728536,176.63100946201758,218.6337252105368,-312.0864089957613,0.0,0.0,0.0,0.0,0.0,0.0,0.0,0.0,0.0,0.0,0.0,0.0,0.0,0.0,0.0,0.0,0.0,0.0,0.0,0.0,0.0,0.0,0.5664722875503956,0.17291583869059697,233.77203866426067,273.0053657094882,3088.8817309810344,0.009461925645181868,0.0014441278457237284,238.11321168026209,277.702214522018,3324.643219032363,1.4795654099722107,0.27958530044826365,184.41575335426109,215.64145908694798,2311.683839674369,0.16467954890942644,0.031118584450004987,10.218522033310143,11.948901902104824,128.71588327058613,0.0,0.0,6.779835948220779,7.9653743692334439,64.90385901747202,0.0,0.0,78.06736743662015,90.79952231316419,1200.8381324112648,0.0,0.0,159.63141097087519,186.7103794934288,1944.8623925225402,0.0,0.0,25.646011386707295,30.107919077723606,256.9813647309283,0.0,0.0,53.72136311528208,62.88599400101785,627.5607217481085,19.937873508693668,13.674810362615688,216.74547754739246,253.8792831083138,2724.7350999762795,0.0,0.0,70.52212652775236,81.85000407386915,1170.5552590487428,0.0,21.539418267722707,43.61507954536916,21.0,30.0,0.0,21.943078216556434,42.45113712839578,16.0,30.0,0.0,21.15475367202668,44.761209602696897,21.0,30.0,0.0,21.134691405686544,45.03343436455682,16.0,30.0,0.0,19.669214301329324,50.499694488260619,12.0,30.0,0.0,22.66121968454123,41.67814647984694,16.0,30.0,0.0,21.006243743053124,46.115692383065148,10.0,30.0,0.0,19.897438248238684,49.66967401016309,16.0,30.0,0.0,20.748299479913798,47.07804446212628,16.0,30.0,0.0,20.69009393310789,0.0,0.0,0.0,23.281772549052304,0.0,0.0,548.9058826800555,547.1166146599367,551.5643225270566,558.3512435345672,592.5952889469419,580.5302379303331,580.5521730964593,588.8824398741733,587.4357317924643,0.0,81.25888405781447,81.25888405781447,60.0,0.0,60.0,60.0,16.0,16.0,16.0,16.0,16.0,12.0,21.0,10.0,1.0,0.0,0.0,0.0,0.0,0.0,0.0,0.0,0.0,0.0,0.0,0.0,0.0,81.25888405781447,81.25888405781447,0.0,0.0,0.0,81.25888405781447,0.0,0.0,0.0014133333333333336 
 04/01  15:40:00,14.896666666666667,57.33333333333333,0.4766666666666667,153.33333333333335,348.16666666666665,0.0,0.0,0.0,0.0,0.0,0.0,0.0,0.0,0.0,0.0,869.0,0.0,1311.6601626107693,63.11699172496961,161.73591470534164,39.329757592050977,1046.8248921555453,0.0,63.11699172496958,86.28571288723383,0.0,0.0,21.066238170249237,161.48144614889316,22.931856508291206,-551.8238959244209,20.90325230903403,125.21563762745154,21.113015962305057,2.649589011164096,19.56660669946683,27.79138121328822,23.24632495192077,-263.12375648512627,20.472272571578708,192.5029664398471,19.484638837555658,172.51011962076655,20.520292992791739,173.66308198948037,206.0072631550138,-307.6704278888933,0.0,0.0,0.0,0.0,0.0,0.0,0.0,0.0,0.0,0.0,0.0,0.0,0.0,0.0,0.0,0.0,0.0,0.0,0.0,0.0,0.0,0.0,0.5559640330336872,0.16970819079172384,216.01879772174974,252.2767926909635,2838.944473125851,0.02955634420197362,0.004511041544867769,218.63286348243376,254.95759509976865,3058.4920785786218,1.5032221655727976,0.28405558684293238,191.1659923434644,223.5055066006973,2399.151953799613,0.16861279318457784,0.03186182788824221,10.740644762427591,12.558627518514902,134.79977548468504,0.0,0.0,6.836345566241437,8.029843445033928,65.97726629435556,0.0,0.0,79.01653204112154,91.87823774721156,1222.510641897794,0.0,0.0,160.71608649733256,187.924210445772,1975.801223610687,0.0,0.0,25.891332533407078,30.389594826518758,261.07648150069539,0.0,0.0,53.74917075158081,62.90375340293705,631.9553270723556,19.926499800968374,13.667009465684759,198.8679518621542,232.9618859343082,2491.074368705344,0.0,0.0,70.66381347403764,82.00205620744137,1174.4038383310606,0.0,21.509331000531458,43.616052097167429,21.0,30.0,0.0,21.96389634310714,42.10882447115266,16.0,30.0,0.0,21.17090748595912,44.596021258187217,21.0,30.0,0.0,21.12152284062149,45.08204492629468,16.0,30.0,0.0,19.716242656268006,50.23378279799263,12.0,30.0,0.0,22.715509060216225,41.487231800086238,19.0,30.0,0.0,21.070499667367167,45.803683094466297,10.0,30.0,0.0,19.937075195743146,49.40608705677797,16.0,30.0,0.0,20.794656934042075,46.82752838457933,16.0,30.0,0.0,20.63248376554179,0.0,0.0,0.0,23.300638769246907,0.0,0.0,548.1064405321919,539.3522532989429,548.997311424252,559.3059484820011,589.2758475428383,578.8896479769632,576.8905055973418,584.9397720546883,584.029152239942,0.0,81.25888405781447,81.25888405781447,60.0,0.0,60.0,60.0,16.0,16.0,19.0,16.0,16.0,12.0,21.0,10.0,1.0,0.0,0.0,0.0,0.0,0.0,0.0,0.0,0.0,0.0,0.0,0.0,0.0,81.25888405781447,81.25888405781447,0.0,0.0,0.0,81.25888405781447,0.0,0.0,0.0014399999999999999 
 04/01  15:50:00,14.903333333333333,56.66666666666667,0.41333333333333335,148.66666666666667,321.33333333333339,0.0,0.0,0.0,0.0,0.0,0.0,0.0,0.0,0.0,0.0,869.0,0.0,1220.9825209156487,60.444466194303178,154.8875531025699,36.61081205609754,974.4558086691756,0.0,60.444466194303149,82.63216786994717,0.0,0.0,21.093669966125125,170.31066820731395,22.89736281810664,-580.4954998076355,20.896943682579875,112.12636722307161,21.105273643027716,3.6831744820756286,19.610801349316746,27.707596101974845,23.265967648964478,-259.2542697124909,20.513397011121034,187.8914083567297,19.520540341875369,172.1510156369693,20.56509645360936,182.04931605062667,211.1398866356867,-306.3692746171764,0.0,0.0,0.0,0.0,0.0,0.0,0.0,0.0,0.0,0.0,0.0,0.0,0.0,0.0,0.0,0.0,0.0,0.0,0.0,0.0,0.0,0.0,0.576213306915904,0.17588928782536754,221.85189781308444,259.0580614538348,2923.7603430646138,0.027952580550526026,0.004266266872790908,227.1861963863751,264.94351782745516,3156.5972207962479,1.4817369644045533,0.2799956470908076,180.51607171209873,211.0444322468203,2259.5789433532975,0.16887027222000759,0.03191048227891299,10.950602568761424,12.803348566888842,137.02776580125696,0.0,0.0,6.741083575643501,7.916290197829534,65.46748346446585,0.0,0.0,79.04541865469523,91.89373851566683,1227.415239685816,0.0,0.0,161.69096858263999,189.02241645073199,1997.6634680712064,0.0,0.0,25.988024830018458,30.49664140454391,263.58348783025346,0.0,0.0,55.914992081572517,65.42104997940538,662.5122893701097,19.90409521588867,13.651642809251494,205.92846723143775,241.1747507296004,2589.5996450740096,0.0,0.0,73.00526523198949,84.71800259087203,1209.6201543105954,0.0,21.535715945200896,43.25138645357063,21.0,30.0,0.0,21.922469047075709,42.18043608797731,16.0,30.0,0.0,21.159475728157223,44.53916773676844,21.0,30.0,0.0,21.111900127105547,45.05692522092532,16.0,30.0,0.0,19.754555607832296,49.99677095319154,12.0,30.0,0.0,22.752607066814006,41.26947396171074,19.0,30.0,0.0,21.109445042183525,45.62314712556793,10.0,30.0,0.0,19.974537018067367,49.19486744436081,16.0,30.0,0.0,20.848924862883785,46.571651171955419,16.0,30.0,0.0,20.6817367576226,0.0,0.0,0.0,23.28197797044251,0.0,0.0,540.3847399356139,539.9362673519574,548.0467441651998,558.4462720844832,586.0432202692871,575.0530951262365,575.1394884708877,582.2611513139074,581.1523669933787,0.0,81.25888405781447,81.25888405781447,60.0,0.0,60.0,60.0,16.0,16.0,19.0,16.0,16.0,12.0,21.0,10.0,1.0,0.0,0.0,0.0,0.0,0.0,0.0,0.0,0.0,0.0,0.0,0.0,0.0,81.25888405781447,81.25888405781447,0.0,0.0,0.0,81.25888405781447,0.0,0.0,0.00145 
 04/01  16:00:00,14.91,56.0,0.35,144.0,294.5,0.0,0.0,0.0,0.0,0.0,0.0,0.0,0.0,0.0,0.0,869.0,0.0,1131.1824791856075,57.8051251677275,148.1242317758951,33.91818189583236,902.7871388998141,0.0,57.805125167727478,79.02398858562759,0.0,0.0,21.09923897744126,153.02928661771149,22.877190616404485,-532.7842071160139,20.900605241779354,122.07890219587535,21.098132022495095,3.794212989767402,19.650604883398363,27.55264717550972,23.267654709137788,-256.2245778328752,20.55484408412925,187.75919502070338,19.553944717934436,170.36509311571923,20.598827423479457,168.73993375536566,202.00980838012038,-291.3143083215218,0.0,0.0,0.0,0.0,0.0,0.0,0.0,0.0,0.0,0.0,0.0,0.0,0.0,0.0,0.0,0.0,0.0,0.0,0.0,0.0,0.0,0.0,0.5714945770836274,0.17444889410367138,209.47287246602373,244.5967777795961,2749.4060029720806,0.03812199647326939,0.00581837553010827,214.86396296395319,250.54560581086737,2986.978137624349,1.5058897749667613,0.28455967025071085,185.43392452022887,216.78101230684482,2321.2239258011838,0.1700399288109563,0.032131505822176168,10.768177051422866,12.589270219459263,134.45577515304778,0.0,0.0,6.740091212793297,7.913589395337557,65.79992631456608,0.0,0.0,78.81755619640998,91.61516927493885,1225.4801514396582,0.0,0.0,159.53220072947665,186.46053395481159,1981.242765072871,0.0,0.0,26.1289863469,30.656204255365276,266.31826322238859,0.0,0.0,53.99791584706372,63.1660753891031,642.371103725531,19.879582398179957,13.634830177078163,193.61714705905403,226.77787650032048,2424.933049945647,0.0,0.0,71.11891603743307,82.5248373519803,1175.9047189978426,0.0,21.51480244476749,43.2684120938854,21.0,30.0,0.0,21.93352890288314,42.028489334262037,16.0,30.0,0.0,21.167823321541538,44.22214470763656,21.0,30.0,0.0,21.103461694843824,45.020838317077679,16.0,30.0,0.0,19.787775166377938,49.78360924460047,12.0,30.0,0.0,22.770920977973316,41.15579079194028,19.0,30.0,0.0,21.150057136246944,45.354288244942647,10.0,30.0,0.0,20.00741503286347,48.978377366606078,16.0,30.0,0.0,20.880895454952318,46.37821895573221,16.0,30.0,0.0,20.633365796038999,0.0,0.0,0.0,23.271692377892494,0.0,0.0,540.8821257155107,538.0757729969738,540.5852666618963,557.5299618072368,583.0995669672551,573.2386940679853,570.8746215065379,579.13887126864,578.329628075382,0.0,81.25888405781447,81.25888405781447,60.0,0.0,60.0,60.0,16.0,16.0,19.0,16.0,16.0,12.0,21.0,10.0,1.0,0.0,0.0,0.0,0.0,0.0,0.0,0.0,0.0,0.0,0.0,0.0,0.0,81.25888405781447,81.25888405781447,0.0,0.0,0.0,81.25888405781447,0.0,0.0,0.0014600000000000002 
 04/01  16:10:00,14.866666666666668,57.0,0.43,139.33333333333332,267.66666666666665,0.0,0.0,0.0,2.0,0.0,0.0,0.0,0.0,0.0,4.0,4345.0,0.0,1042.8067652112189,55.19997088382622,141.44851936641769,31.268260523711459,832.2552209680969,0.0,55.19997088382619,75.46254517040339,0.0,0.0,21.11514544188038,159.52453512953836,22.86879504952841,-443.922859249124,21.388113114723333,-397.85996912757136,21.16086577558673,208.5273370705873,19.677812591802409,20.450208891192025,23.4172541264174,-27.07252362220586,20.439458024259243,17.527302217876426,19.573096859949353,154.97180865708624,20.586982220571544,46.72760626228901,253.75619882254578,-184.52534177368063,0.0,0.0,0.0,0.0,0.0,0.0,0.0,0.0,0.0,0.0,0.0,0.0,0.0,0.0,0.0,0.0,0.0,0.0,0.0,0.0,0.0,0.0,0.6765077915560727,0.20650420987670105,207.20007197780223,242.98754987626618,2738.591733317944,0.07978123084795633,0.012176622534791869,206.93954649475598,242.32334428256739,2910.2526623102505,0.9670420114108282,0.18273658567853905,198.94235560582315,232.63669580574169,2807.832181820825,0.17907184656495077,0.0338382174159015,199.33682740416323,233.6498093230448,2535.3678914295298,0.0,0.0,4.723765825833538,5.57175017094122,46.57485212901785,0.0,0.0,9.162603912802643,10.684727402700066,148.2491100539182,0.0,0.0,59.78865871951926,70.3244960068865,718.8388044757409,0.0,0.0,23.369134593512049,27.551749731715959,240.27435862730295,0.0,0.0,29.37243404036297,34.556677970816327,349.2204148302284,20.120736116165604,13.800230532349528,377.72711698369917,443.4603121008867,4839.397054854653,0.0,0.0,44.06855367911921,51.40507121262994,739.12650831574,0.0,21.51815199607871,43.11779932978645,21.0,30.0,0.0,21.97520311769297,41.925220341511238,16.0,30.0,0.0,21.86855142514256,43.13970401755752,21.0,30.0,0.0,21.23530415553534,44.79807523145925,16.0,30.0,0.0,19.796880466079246,49.685754605467327,12.000000000000002,30.0,0.0,23.055350765591883,42.02809083307403,19.0,30.0,0.0,20.878118650138345,45.68462322478493,10.0,30.0,0.0,20.01257581456005,48.87612695719674,16.0,30.0,0.0,20.824507865232687,46.42966320811431,16.0,30.0,0.0,20.98304121502268,0.0,0.0,0.0,23.38859881825874,0.0,0.0,541.3332233941117,544.3036301343141,597.4075746044058,585.3281637971383,581.3040865204679,662.2284414049473,560.3977128705078,577.0175232406691,575.4394964001965,0.0,81.25888405781447,81.25888405781447,1744.0,0.0,1744.0,1744.0,16.0,16.0,19.0,16.0,16.0,12.0,21.0,10.0,1.0,0.0,0.0,0.0,0.0,0.0,0.0,0.0,0.0,0.0,0.0,0.0,0.0,81.25888405781447,81.25888405781447,0.0,0.0,0.0,81.25888405781447,0.0,0.0,0.042728 
 04/01  16:20:00,14.823333333333335,58.0,0.51,134.66666666666669,240.83333333333332,0.0,0.0,0.0,2.0,0.0,0.0,0.0,0.0,0.0,4.0,1738.0,0.0,956.4256606094712,52.62903597105138,134.86049991349808,28.67814759683792,763.3151909939622,0.0,52.62903597105135,71.94788222984224,0.0,0.0,21.151846370300669,168.95336851007597,22.877845418927309,-437.23201732515738,21.753692906016295,-756.1695002720844,21.36902172734601,270.7955416511186,19.705315360525966,18.32122387924035,23.636351667835215,-37.655738361507847,20.33354216004297,82.37883976494516,19.576676604597595,136.67530386991934,20.501094987220794,0.2998439733789553,290.232146143162,-167.99460913700808,0.0,0.0,0.0,0.0,0.0,0.0,0.0,0.0,0.0,0.0,0.0,0.0,0.0,0.0,0.0,0.0,0.0,0.0,0.0,0.0,0.0,0.0,0.8370744163909347,0.255517221120554,220.69742373068773,258.35376916931139,2956.370203772439,0.11326326619610383,0.01728682329000364,213.59733072296639,249.63687867318274,3053.3174353338765,0.5491836246307055,0.10377619513051884,277.6157785528195,323.96918889845485,4156.6006273710049,0.177805445844825,0.033598912669090128,273.8658449159999,320.44266281263028,3687.791920054252,0.0,0.0,4.743786037359768,5.585446002806933,47.311996186364108,0.0,0.0,10.009973658921505,11.629856484694447,170.40673152289578,0.0,0.0,49.11485992693485,57.64310017841133,572.2601311308495,0.0,0.0,20.03607449872071,23.58391977155283,206.90920829949205,0.0,0.0,25.26416859508182,29.60323427180533,291.9037580042939,20.32981474309679,13.943631511040327,466.32641425808768,546.6360138697546,6074.3024211418119,0.0,0.0,38.04295584574611,44.23086274070654,644.2986158162639,0.0,21.56029410206284,43.09607892818656,21.0,30.0,0.0,22.048704694563683,41.91900974280307,16.0,30.0,0.0,22.386428490539914,41.784046042700229,21.0,30.0,0.0,21.60991474656126,43.797447800154049,16.0,30.0,0.0,19.80967994933944,49.47643705226645,12.0,30.0,0.0,23.451192353789627,43.40017125374819,19.0,30.0,0.0,20.665106818556479,46.05299916448281,10.0,30.0,0.0,19.988997049626023,48.86092682692971,16.0,30.0,0.0,20.642806204309737,46.64636837699487,16.0,30.0,0.0,21.12052220591937,0.0,0.0,0.0,23.40416238256637,0.0,0.0,549.7863352479533,555.887145977516,595.6894218450732,595.4836469577983,577.2604084665272,795.3815089265141,557.1158928868323,575.9423476737806,568.2210902101048,0.0,81.25888405781447,81.25888405781447,1744.0,0.0,1744.0,1744.0,16.0,16.0,19.0,16.0,16.0,12.0,21.0,10.0,1.0,0.0,0.0,0.0,0.0,0.0,0.0,0.0,0.0,0.0,0.0,0.0,0.0,81.25888405781447,81.25888405781447,0.0,0.0,0.0,81.25888405781447,0.0,0.0,0.04272800000000001 
 04/01  16:30:00,14.780000000000002,59.0,0.59,130.0,214.0,0.0,0.0,0.0,2.0,0.0,0.0,0.0,0.0,0.0,4.0,869.0,0.0,872.6431473790171,50.09105423831946,128.35692927292065,26.16595325589533,696.4490809478535,0.0,50.09105423831944,68.47826878473701,0.0,0.0,21.19968459412854,169.95291389733939,22.88053326787552,-389.4110429432312,21.968880944970758,-779.275574929994,21.553789545491463,248.72167787231593,19.73121953802713,16.934222970566965,23.780879264145363,-46.059154703078778,20.271801126311144,47.60598188733911,19.565365534146829,125.15144435741695,20.466000573934467,52.055911534692089,326.8377478939401,-151.36884918082434,0.0,0.0,0.0,0.0,0.0,0.0,0.0,0.0,0.0,0.0,0.0,0.0,0.0,0.0,0.0,0.0,0.0,0.0,0.0,0.0,0.0,0.0,0.9690830580579929,0.2958128992851016,226.18564011485862,263.99627423477218,3077.7125154939237,0.14147985902820704,0.021593385077565177,214.13422411387919,249.50460455238659,3109.8784654537887,0.3894523647617718,0.0735926615196092,271.1316103353805,315.2864647819122,4217.527553964939,0.15884389457427795,0.03001585309415682,261.2541290647272,304.56564433282099,3693.311924639768,0.0,0.0,4.700704660804964,5.518768351331134,47.41408108868495,0.0,0.0,10.883004530204133,12.588580362684409,191.6421683591519,0.0,0.0,55.377378842054429,64.8690097226797,635.0910816198508,0.0,0.0,18.39909090261511,21.591584354793676,189.81265009310097,0.0,0.0,23.137372446985965,27.09630577666179,267.37131097702948,20.629009991875898,14.14884087234287,460.38076646684996,537.9105185943031,6213.703514802709,0.0,0.0,36.27294182075229,42.07571914802769,614.1567798073149,0.0,21.61934099150856,43.15556124296045,21.0,30.0,0.0,22.118833933831558,41.90183475648944,16.0,30.0,0.0,22.648445788710175,41.30933331470107,21.0,30.0,0.0,21.918973170408319,43.00999107513109,16.0,30.0,0.0,19.82128197571852,49.29963292675291,12.0,30.0,0.0,23.712315470633575,44.44963165593708,19.0,30.0,0.0,20.528908551907777,46.49786239486212,10.0,30.0,0.0,19.93868182252974,49.10848037828517,16.0,30.0,0.0,20.573685291552559,46.769393959656337,16.0,30.0,0.0,21.303450698787544,0.0,0.0,0.0,23.345815884417609,0.0,0.0,561.0389933196933,569.5865373520088,609.9570384036082,595.9426481429758,574.9237782200218,889.0055727916341,561.9353779871991,582.2802868939234,568.853645291385,0.0,81.25888405781447,81.25888405781447,1744.0,0.0,1744.0,1744.0,16.0,16.0,19.0,16.0,16.0,12.0,21.0,10.0,1.0,0.0,0.0,0.0,0.0,0.0,0.0,0.0,0.0,0.0,0.0,0.0,0.0,81.25888405781447,81.25888405781447,0.0,0.0,0.0,81.25888405781447,0.0,0.0,0.04272800000000001 
 04/01  16:40:00,14.736666666666667,60.0,0.6699999999999999,119.33333333333334,190.16666666666669,0.0,0.0,0.0,2.0,0.0,0.0,0.0,0.0,0.0,4.0,869.0,0.0,779.1371684596393,45.841747338656428,117.46815557833898,23.36220173282232,621.8227352392512,0.0,45.841747338656407,62.6691440927404,0.0,0.0,21.245268237153387,175.31589327359144,22.863847946701957,-363.80245626600665,22.10475667104234,-820.7609809126443,21.674497361272129,281.6226898624427,19.75374291707722,15.240510002101644,23.844131198768687,-51.614553591703558,20.32906830214781,120.98429304099591,19.558403195188825,114.47671514531919,20.424625029352869,0.7792807183725472,347.48416933855335,-163.9964436109242,0.0,0.0,0.0,0.0,0.0,0.0,0.0,0.0,0.0,0.0,0.0,0.0,0.0,0.0,0.0,0.0,0.0,0.0,0.0,0.0,0.0,0.0,1.0378770267750104,0.31681227923535118,231.94570306627225,270.6613732403511,3200.2320614261154,0.15503358275191082,0.02366202422953462,216.2170427451676,251.89425073821253,3175.0840577484784,0.2878833935837627,0.05439973423729456,283.0873630839512,329.05032538524457,4491.998259971021,0.15079875111528785,0.028495606786713494,269.24252720309087,313.65699555923336,3928.280886940918,0.0,0.0,4.847807793495632,5.691365775048109,49.38597738606547,0.0,0.0,11.498108186590214,13.290941755944,206.108122072557,0.0,0.0,53.41360414591239,62.53994746994367,628.5687734377339,0.0,0.0,16.67902526455665,19.574885003532417,172.23995568400225,0.0,0.0,38.52905199478884,45.13689463645664,441.9611556526688,20.85863920682744,14.306336904545575,474.27737642736607,553.905844579384,6548.912752985675,0.0,0.0,40.14655181997611,46.581835089031667,674.5134594540758,0.0,21.671698246767865,43.1037219611247,21.0,30.0,0.0,22.157895757998018,41.8093220008476,16.0,30.0,0.0,22.770085517784549,40.99667549454541,21.0,30.0,0.0,22.10980718219823,42.681146952270399,19.0,30.0,0.0,19.828700826273417,49.19081382724498,12.0,30.0,0.0,23.833173303907509,45.01759945028662,19.0,30.0,0.0,20.638510540033715,46.47738982074453,10.0,30.0,0.0,19.899896109706828,49.336231812522729,16.0,30.0,0.0,20.485995627573528,46.80147435636307,16.0,30.0,0.0,21.418388469330528,0.0,0.0,0.0,23.233067961959607,0.0,0.0,570.7285047157549,570.0099452650705,608.6047482574173,609.6591849989757,574.5523837595063,935.7938530930499,576.0255614746213,591.3613994463225,565.5377072915551,0.0,81.25888405781447,81.25888405781447,1744.0,0.0,1744.0,1744.0,16.0,19.0,19.0,16.0,16.0,12.0,21.0,10.0,1.0,0.0,0.0,0.0,0.0,0.0,0.0,0.0,0.0,0.0,0.0,0.0,0.0,81.25888405781447,81.25888405781447,0.0,0.0,0.0,81.25888405781447,0.0,0.0,0.04272800000000001 
 04/01  16:50:00,14.693333333333334,61.0,0.75,108.66666666666667,166.33333333333335,0.0,0.0,0.0,2.0,0.0,0.0,0.0,0.0,0.0,4.0,869.0,0.0,644.0496265999251,40.364428641992429,103.43267850711857,19.311650074801137,514.010617734763,0.0,40.36442864199241,55.18123417283119,0.0,0.0,21.288520332184925,174.98450678433256,22.827478953303446,-321.10821896055679,22.25002360922832,-798.8506384484972,21.753825313828309,270.0418048620322,19.772847072959836,16.343773476147363,23.855854845522843,-53.627335030216958,20.275814000933694,47.72735260201898,19.562281519404594,116.79820330854216,20.485712649311048,151.7844481643906,362.6521736910181,-212.56583401683066,0.0,0.0,0.0,0.0,0.0,0.0,0.0,0.0,0.0,0.0,0.0,0.0,0.0,0.0,0.0,0.0,0.0,0.0,0.0,0.0,0.0,0.0,1.0804994411967344,0.3298227842480874,227.72467987589676,265.69148466654129,3181.6377776100187,0.16595596448291567,0.025329054408259414,211.77645673600217,246.68090545150859,3142.2036724742868,0.26442314445144579,0.04996658058417344,267.2841234393031,310.49441141011786,4346.105631855226,0.13755501672087284,0.025993011474087829,252.45940171873603,293.9950529195722,3757.2714872737599,0.0,0.0,4.840911171237227,5.683019078954439,49.79097691926674,0.0,0.0,11.842297105757768,13.683310336751124,214.66648889582428,0.0,0.0,74.65756954077567,87.45502241818659,865.7353601519282,0.0,0.0,17.517280407147714,20.55806359052948,181.91979110687357,0.0,0.0,42.80317134968369,50.11330780748028,505.3900629773525,21.068878088053944,14.450533668075412,452.7779017300681,528.6089042421584,6390.823201830174,0.0,0.0,55.56176455495454,64.51242895089327,915.9660918366126,0.0,21.715143527886356,43.01173476264956,21.0,30.0,0.0,22.192177711080875,41.842726476614377,16.0,30.0,0.0,22.93020782738386,40.76661574494634,21.0,30.0,0.0,22.217340688534926,42.39260880198159,19.0,30.0,0.0,19.834815515166587,49.21315321579432,12.0,30.0,0.0,23.894208242434237,45.456950107613398,19.0,30.0,0.0,20.50614687611918,46.71295297318438,10.0,30.0,0.0,19.885660042025447,49.656377851288,16.0,30.0,0.0,20.614458609300159,47.09088046363915,16.0,30.0,0.0,21.508727353589778,0.0,0.0,0.0,23.023605823250269,0.0,0.0,571.8015855642849,574.1494623230726,614.9281786797043,608.2865386728239,578.9464038623252,966.1835472122513,571.6154070749591,605.1216800578987,592.9271249285627,0.0,81.25888405781447,81.25888405781447,1744.0,0.0,1744.0,1744.0,16.0,19.0,19.0,16.0,16.0,12.0,21.0,10.0,1.0,0.0,0.0,0.0,0.0,0.0,0.0,0.0,0.0,0.0,0.0,0.0,0.0,81.25888405781447,81.25888405781447,0.0,0.0,0.0,81.25888405781447,0.0,0.0,0.04301866666666667 
 04/01  17:00:00,14.65,62.0,0.83,98.0,142.5,0.0,0.0,0.0,2.0,0.0,0.0,0.0,0.0,0.0,4.0,869.0,0.0,557.2089522605273,36.29936051005802,93.01602211934159,16.70775651717941,444.7038029101536,0.0,36.299360510058,49.62397784433647,0.0,0.0,21.327156630819183,173.0525170298224,22.792368760760135,-290.5993780107674,22.351694931442436,-835.5962317020549,21.84392820124769,301.3605796547472,19.79205635331187,14.399528285130657,23.850024714426639,-54.90119256535809,20.41561172513139,166.97263132520403,19.56191967463451,106.93413016892817,20.448855408323767,-0.9066984817209232,376.96391838338607,-200.30913668759696,0.0,0.0,0.0,0.0,0.0,0.0,0.0,0.0,0.0,0.0,0.0,0.0,0.0,0.0,0.0,0.0,0.0,0.0,0.0,0.0,0.0,0.0,1.1143933701903848,0.3401689164195314,229.02794002045057,267.16838288294016,3235.4084373446187,0.17357734857159758,0.0264922693180094,210.95039441934694,245.6882157326201,3157.161917048505,0.16683577694285915,0.03152603494763023,282.2898082876907,327.8245571091639,4655.458475176455,0.1344480969041904,0.025405914003059406,264.68547303127385,308.0715021987889,4031.2673628847035,0.0,0.0,5.077240782037124,5.960329479470341,52.70261712295647,0.0,0.0,11.955411872286767,13.810950556908905,218.27173395519817,0.0,0.0,69.39858812627863,81.20640551004382,847.0968801472818,0.0,0.0,16.978662921476898,19.926711242530144,177.00106154552263,0.0,0.0,54.34736715431586,63.65735703158674,635.8363794414347,21.331798612772553,14.630863246071714,466.7418830363963,544.7534595447179,6698.903586495715,0.0,0.0,56.30088152285887,65.39545243233703,917.2689029776262,0.0,21.749928501378944,43.04122590559347,21.0,30.0,0.0,22.21440935719748,41.91605860359537,16.0,30.0,0.0,23.009856425230255,40.66474337454965,21.0,30.0,0.0,22.353770742209656,42.215604531837119,19.0,30.0,0.0,19.839176994596156,49.171981434814217,12.0,30.0,0.0,23.917720615607807,45.81988434395843,19.0,30.0,0.0,20.77537621611288,46.56860554285372,10.0,30.0,0.0,19.86190549126691,49.85424988174718,16.0,30.0,0.0,20.51505229986457,46.892333716754738,16.0,30.0,0.0,21.587523177986193,0.0,0.0,0.0,22.878128022014147,0.0,0.0,575.7981237913978,584.6434394549458,623.3636998119337,614.827529293343,580.7779834628948,986.8534698110935,600.5196451859566,614.9548376828733,578.3826402523654,0.0,81.25888405781447,81.25888405781447,1744.0,0.0,1744.0,1744.0,16.0,19.0,19.0,16.0,16.0,12.0,21.0,10.0,1.0,0.0,0.0,0.0,0.0,0.0,0.0,0.0,0.0,0.0,0.0,0.0,0.0,81.25888405781447,81.25888405781447,0.0,0.0,0.0,81.25888405781447,0.0,0.0,0.04330933333333334 
 04/01  17:10:00,14.541666666666668,63.833333333333339,0.9383333333333332,87.33333333333333,118.66666666666666,0.0,4.0,0.0,0.0,0.0,0.0,0.0,0.0,0.0,0.0,3476.0,0.0,474.79899447273177,32.17948437744232,82.45893160417,14.236716876317253,378.93310703737907,0.0,32.17948437744231,43.99179482365534,0.0,0.0,21.48472137285338,252.6079831351958,22.781194974253169,-199.28343505730823,21.921266537901937,-328.77898595213119,21.927063268434098,-17.737956097119836,19.819901318018944,27.30944905735973,23.55741859356562,-459.0243246835611,20.677919145169754,324.127744580393,19.591286735955359,139.864615525219,20.54417792168829,287.6582891508531,312.2191975993919,-282.58058450451838,0.0,0.0,0.0,0.0,0.0,0.0,0.0,0.0,0.0,0.0,0.0,0.0,0.0,0.0,0.0,0.0,0.0,0.0,0.0,0.0,0.0,0.0,0.8435640859025821,0.25749819471995796,293.0684618947679,343.2259856953646,4349.947581010897,0.15558225933389298,0.02374576607660149,117.75383241262736,137.65178001534896,1802.2840570098686,0.822489682077961,0.15542133070256262,176.9127606548971,207.09938212400867,2756.937042850406,0.08952260840148263,0.01691659266845854,11.730608472147253,13.695786716754622,182.8401462957182,0.0,0.0,8.214357793730175,9.684745536195769,87.33704572119466,0.0,0.0,100.31788280883468,116.81983842839427,1759.163715635555,0.0,0.0,217.00343729598974,254.499586023686,2896.7191289862328,0.0,0.0,25.739924979455183,30.32404770684213,275.64101215570408,0.0,0.0,91.36307127624872,107.35542889142592,1124.0088650827598,21.424468992281015,14.694423177147478,264.3107818927118,310.3342619763986,3838.1595806451039,0.0,0.0,110.05410809272506,128.48367510519507,1748.775249149321,0.0,22.019358846719375,42.687604118746239,21.0,30.0,0.0,22.283688193771508,41.81933068095475,16.0,30.0,0.0,22.30563440222638,41.88757744825294,21.0,30.0,0.0,22.374701127362387,45.62709810516723,19.0,30.0,0.0,19.861876300887177,49.54623086826422,12.0,30.0,0.0,23.42011657903946,42.02425386400787,16.0,30.0,0.0,21.256867917917476,47.39985259546046,10.0,30.0,0.0,19.897426616912605,50.288769739002109,16.0,30.0,0.0,20.709092998115339,47.79915007602814,16.0,30.0,0.0,21.3182154673257,0.0,0.0,0.0,22.57663193424004,0.0,0.0,594.8263236594255,585.7097576155663,590.2658277949053,802.7304898384314,601.6575405855095,722.9646762603019,698.1750735854797,639.7183826628359,641.6923472319047,0.0,81.25888405781447,81.25888405781447,162.0,0.0,162.0,162.0,16.0,19.0,16.0,16.0,16.0,12.0,21.0,10.0,1.0,0.0,0.0,0.0,0.0,0.0,0.0,0.0,0.0,0.0,0.0,0.0,0.0,81.25888405781447,81.25888405781447,0.0,0.0,0.0,81.25888405781447,0.0,0.0,0.004050000000000001 
 04/01  17:20:00,14.433333333333334,65.66666666666667,1.0466666666666667,76.66666666666666,94.83333333333333,0.0,4.0,0.0,0.0,0.0,0.0,0.0,0.0,0.0,0.0,869.0,0.0,396.0023099366099,28.1033259787848,72.01387382344146,11.874020575799723,316.04613801814068,0.0,28.103325978784786,38.41937725974427,0.0,0.0,21.431678283730606,148.00280358073179,22.700521310891504,-289.79489828145509,21.620394232319467,-42.98968161152061,21.960163216309299,-44.04512818941066,19.85904779884397,27.52322136158125,23.229655928180607,-271.13166576748838,20.77433120517786,184.68407377241784,19.65267144617814,146.08535845325015,20.691202334405433,217.41835520825362,298.1033713881625,-215.98741509787397,0.0,0.0,0.0,0.0,0.0,0.0,0.0,0.0,0.0,0.0,0.0,0.0,0.0,0.0,0.0,0.0,0.0,0.0,0.0,0.0,0.0,0.0,0.8075692520560361,0.24651076070086576,226.04648911752629,263.5640000422095,3331.1139981827288,0.1313314465627248,0.02004448207611795,162.4013869007984,189.14546402810383,2497.7557110197637,1.3649614877937473,0.25792923049768476,61.84074987116868,72.09581178843797,923.3428266890958,0.0,0.0,20.480761814993675,23.789352465722489,321.59550392935588,0.0,0.0,7.508625241942704,8.809991803075365,82.14622500311045,0.0,0.0,85.61565776034075,99.4116556706508,1439.540563061739,0.0,0.0,196.6642191627114,229.570927318178,2709.8164260731175,0.0,0.0,28.202989751397899,33.07323196615616,313.3357850065699,0.0,0.0,83.74448481239631,97.88367879403975,1087.0582113581486,21.327162619743196,14.627683552635942,199.51870504961523,233.16545710410959,2957.9314219844175,0.0,0.0,103.20263290511569,120.01717409551016,1644.9826055238532,0.0,21.85212294806008,43.13473430130112,21.0,30.0,0.0,22.207186821319774,41.86895870593034,16.0,30.0,0.0,21.812736875363439,44.203656266360578,21.0,30.0,0.0,22.37864058376718,49.13394466436404,19.0,30.0,0.0,19.904877067316656,50.08560796418483,12.0,30.0,0.0,22.94133914663649,42.022754116792949,16.0,30.0,0.0,21.364435864396858,46.364796518005949,10.0,30.0,0.0,19.991567236474255,50.83912932842228,16.0,30.0,0.0,20.952392444884656,47.96935417380414,16.0,30.0,0.0,21.194650781212294,0.0,0.0,0.0,22.47149873798365,0.0,0.0,592.3851901200122,573.442451102205,639.8006147351825,992.5998295278606,633.4280894554652,661.7876250811562,666.5766817422676,679.8424144272179,683.8946882527507,0.0,81.25888405781447,81.25888405781447,162.0,0.0,162.0,162.0,16.0,19.0,16.0,16.0,16.0,12.0,21.0,10.0,1.0,0.0,0.0,0.0,0.0,0.0,0.0,0.0,0.0,0.0,0.0,0.0,0.0,81.25888405781447,81.25888405781447,0.0,0.0,0.0,81.25888405781447,0.0,0.0,0.004041 
 04/01  17:30:00,14.325,67.5,1.155,66.0,71.0,0.0,4.0,0.0,0.0,0.0,0.0,0.0,0.0,0.0,0.0,869.0,0.0,321.1266147946481,24.074262688457119,61.68950328505463,9.628894347923982,256.28848097337228,0.0,24.074262688457105,32.911342279424157,0.0,0.0,21.415508427675243,132.20065228339173,22.587196496615193,-309.06996934752626,21.524584521923019,21.28341114142131,21.97793176162893,-64.850764693585,19.8878158538493,25.36196792182767,23.071152906319566,-213.8309328185178,20.77672100674838,158.59429973267198,19.68477420799366,136.99674379129216,20.726825036817496,156.8776779906275,281.9261717878335,-162.44952951035612,0.0,0.0,0.0,0.0,0.0,0.0,0.0,0.0,0.0,0.0,0.0,0.0,0.0,0.0,0.0,0.0,0.0,0.0,0.0,0.0,0.0,0.0,0.8472533911700835,0.25862435627902427,178.85646703014843,208.60154028662303,2653.2707303057316,0.12761389891112438,0.019477090798401158,179.24800410023199,208.829404420688,2753.8676574439398,1.5337735161293767,0.289828706751583,54.664686328715067,63.72960131683995,820.4955642341813,0.0,0.0,27.969459301802237,32.490040185787439,444.60579199076218,0.0,0.0,6.992387036587885,8.203109427861284,78.30993681142553,0.0,0.0,77.03647436562625,89.50001505354114,1287.0471683516724,0.0,0.0,172.60142727043798,201.51817795985816,2398.7865303375517,0.0,0.0,28.13707075056254,32.99317205528157,320.54948698273037,0.0,0.0,70.08562095774221,81.90898534172762,929.0735458515836,21.272314788193808,14.590065012478611,180.90928827889429,211.49480023661637,2696.418691754494,0.0,0.0,87.4468658219308,101.72985715758283,1395.2246656118944,0.0,21.78307084930261,43.04762391083201,21.0,30.0,0.0,22.088079461117766,42.48151283838165,16.0,30.0,0.0,21.696897809465669,45.94825571623315,21.0,30.0,0.0,22.368336023461639,48.97518338466902,19.0,30.0,0.0,19.927107184984679,50.22175965081501,12.0,30.0,0.0,22.774109034255216,42.40721289379179,16.0,30.0,0.0,21.31510283154957,46.383186312480507,10.0,30.0,0.0,20.025882749076247,50.51193491297702,16.0,30.0,0.0,20.983771638462867,47.84986166676143,16.0,30.0,0.0,21.05438031816311,0.0,0.0,0.0,22.368506280135358,0.0,0.0,576.21034701981,584.8300069892848,712.4982283251392,978.4895153540425,643.8671195214168,660.1851499866148,662.1862121233178,672.1286849574174,685.5622752884148,0.0,81.25888405781447,81.25888405781447,162.0,0.0,162.0,162.0,16.0,19.0,16.0,16.0,16.0,12.0,21.0,10.0,1.0,0.0,0.0,0.0,0.0,0.0,0.0,0.0,0.0,0.0,0.0,0.0,0.0,81.25888405781447,81.25888405781447,0.0,0.0,0.0,81.25888405781447,0.0,0.0,0.004032 
 04/01  17:40:00,14.216666666666665,69.33333333333333,1.2633333333333333,56.333333333333339,59.16666666666667,0.0,4.0,0.0,0.0,0.0,0.0,0.0,0.0,0.0,0.0,869.0,0.0,274.56400889735456,20.50097702657716,52.53306506700086,8.232725261890293,219.12723070859193,0.0,20.50097702657715,28.026389871860855,0.0,0.0,21.389033885736557,110.44920895616451,22.48790539275206,-296.23999539802755,21.43912496166444,3.2173280295094175,21.991649777539665,-73.85904447552616,19.916730053037367,23.320034197133056,22.948219323991127,-194.30279948620228,20.77824051571735,148.24134100140783,19.704506034059869,127.41513977782006,20.73115997644637,119.23510489012779,281.934136928754,-128.72847266686177,0.0,0.0,0.0,0.0,0.0,0.0,0.0,0.0,0.0,0.0,0.0,0.0,0.0,0.0,0.0,0.0,0.0,0.0,0.0,0.0,0.0,0.0,0.8334237530956798,0.25440285503531137,208.6718218801906,243.38807371586058,3104.614617560008,0.1341335990688404,0.020472161030042798,164.8935611120083,192.14701672721086,2538.1731822655026,1.4590949746198257,0.2757171153854547,42.77962359842545,49.88299926895661,645.4716757476584,0.0,0.0,28.603416199668865,33.2263965072658,460.41924467291946,0.0,0.0,6.763108141869419,7.933215547440328,77.47950194827509,0.0,0.0,74.05777198328477,86.07594203004106,1235.272066561571,0.0,0.0,158.18512575685188,184.71194323906134,2220.9350132132587,0.0,0.0,27.45785197886225,32.19571542983206,319.35033297124519,0.0,0.0,59.49420809843751,69.53421506504935,799.215416823411,21.327439901384403,14.627873732088072,182.39951444964908,213.29319607134003,2740.825640451305,0.0,0.0,75.69339985713468,88.09585848866243,1205.105086408222,0.0,21.699864050138534,44.07108647385431,21.0,30.0,0.0,21.99127274433409,43.09187229488924,21.0,30.0,0.0,21.580888519154255,46.99425334995587,21.0,30.0,0.0,22.36146531605255,49.01961606222551,19.0,30.0,0.0,19.948263481155814,50.26028796665805,12.0,30.0,0.0,22.648607618933647,42.66295235590739,16.0,30.0,0.0,21.277805186333376,46.37676997061861,10.0,30.0,0.0,20.037527501878988,50.36261377307702,16.0,30.0,0.0,20.964432884073273,47.89980154189683,16.0,30.0,0.0,21.004004528053746,0.0,0.0,0.0,22.239498305248909,0.0,0.0,613.5183635362622,596.6809602000024,742.9487984199052,974.1095213592405,649.7940562535252,657.712550198155,658.0225940388003,668.2587215769552,686.7823922447095,0.0,81.25888405781447,81.25888405781447,162.0,0.0,162.0,162.0,21.0,19.0,16.0,16.0,16.0,12.0,21.0,10.0,1.0,0.0,0.0,0.0,0.0,0.0,0.0,0.0,0.0,0.0,0.0,0.0,0.0,81.25888405781447,81.25888405781447,0.0,0.0,0.0,81.25888405781447,0.0,0.0,0.004023 
 04/01  17:50:00,14.108333333333335,71.16666666666667,1.3716666666666667,46.66666666666667,47.333333333333339,0.0,4.0,0.0,0.0,0.0,0.0,0.0,0.0,0.0,0.0,869.0,0.0,230.72104669219179,16.944342319359519,43.419298378912149,6.91810390348097,184.13650491506668,0.0,16.94434231935951,23.16420058170897,0.0,0.0,21.364890763896864,94.20933039125157,22.40394097895318,-271.6514585916284,21.384481072992466,24.38727100316123,22.004484086659898,-79.236261014604,19.94527610545542,21.629618706197279,22.84162557577307,-179.50883984170788,20.77430472610179,136.2589236857848,19.715371467765427,118.45898421695938,20.726381792380804,103.7643393839162,266.05311573362817,-106.60784188193429,0.0,0.0,0.0,0.0,0.0,0.0,0.0,0.0,0.0,0.0,0.0,0.0,0.0,0.0,0.0,0.0,0.0,0.0,0.0,0.0,0.0,0.0,0.8370899991331476,0.25552197775737109,182.22004637399864,212.56894537035672,2726.548911318602,0.13689321579846,0.020893347954587917,154.94122921930623,180.6054776514193,2398.119385120064,1.4730986080907105,0.27836330462787436,32.460705334274177,37.84793346962665,498.33120813278239,0.0,0.0,29.58949664999408,34.375029310804588,482.49966773534268,0.0,0.0,6.637196529946186,7.784750962702848,77.73853763634635,0.0,0.0,71.73065696650565,83.39969229293716,1197.7996110155696,0.0,0.0,152.95875246050526,178.62813495282965,2168.1900925681195,0.0,0.0,26.988634155249306,31.646101735370828,319.55557982061517,0.0,0.0,56.16293353747607,65.64666722820289,763.4606941917957,21.388096513940746,14.669476347010118,157.77255603024987,184.54727981549568,2393.743513233534,0.0,0.0,71.81421920853583,83.6243920509985,1137.9300933718167,0.0,21.62801875831968,44.52524597392997,21.0,30.0,0.0,21.923712630817659,42.90195233921637,21.0,30.0,0.0,21.518673391401184,48.190345935264009,21.0,30.0,0.0,22.359557031087573,48.64399102348512,19.0,30.0,0.0,19.96918790240099,50.23218291907532,12.0,30.0,0.0,22.547036874241578,42.865271287940988,16.0,30.0,0.0,21.236637319042094,46.552201632522777,10.0,30.0,0.0,20.03466183391255,50.258941662556967,16.0,30.0,0.0,20.936296382893536,47.931852787837957,16.0,30.0,0.0,20.845275275699593,0.0,0.0,0.0,22.089099877645127,0.0,0.0,619.8383011822951,571.72475157465,790.6937227976042,947.842547722875,652.7118549204093,655.2909107849932,661.6733559398015,664.486350371512,685.4701006537949,0.0,81.25888405781447,81.25888405781447,162.0,0.0,162.0,162.0,21.0,19.0,16.0,16.0,16.0,12.0,21.0,10.0,1.0,0.0,0.0,0.0,0.0,0.0,0.0,0.0,0.0,0.0,0.0,0.0,0.0,81.25888405781447,81.25888405781447,0.0,0.0,0.0,81.25888405781447,0.0,0.0,0.004023 
 04/01  18:00:00,14.0,73.0,1.48,37.0,35.5,0.0,4.0,0.0,0.0,0.0,0.0,0.0,0.0,0.0,0.0,869.0,0.0,161.60530599905196,12.879032438890438,33.00208461756959,4.845692238100773,128.97586200146515,0.0,12.87903243889043,17.606613764639243,0.0,0.0,21.337144894227167,77.01393141444714,22.31942741296006,-249.4406773134233,21.304748040215757,-23.380965272331197,22.01273131284031,-87.67957450336485,19.97055055938857,19.93039171981809,22.73373284408074,-167.56906025441686,20.767191273217386,125.5277399692668,19.71881115489386,109.28371683398814,20.718684900926129,94.43247485452184,273.57505801334448,-88.82183082914526,0.0,0.0,0.0,0.0,0.0,0.0,0.0,0.0,0.0,0.0,0.0,0.0,0.0,0.0,0.0,0.0,0.0,0.0,0.0,0.0,0.0,0.0,0.8323093792211624,0.2540626920699519,199.56509049036073,232.8166904753312,2998.6118787458597,0.14616193882054694,0.022307988220474197,129.3354113946074,150.74952491456663,2016.1563003943366,1.3779833942429574,0.26038990820917576,68.28836516864591,79.68404086338968,1021.5738661467158,0.0,0.0,29.405369106849073,34.15729750014353,485.5119295401972,0.0,0.0,6.513129088255843,7.638584994625915,77.91225206919732,0.0,0.0,69.7783742543967,81.15363346631703,1167.5697749198303,0.0,0.0,150.24639875141069,175.48294228075114,2149.804644234598,0.0,0.0,26.538986971176088,31.12061257238828,319.2218131436737,0.0,0.0,55.587616474077517,64.9804635621738,764.554002443446,21.49646300222073,14.743801784787884,177.1303351419015,207.17094726377273,2698.3287205558415,0.0,0.0,70.81028857519937,82.49872635395751,1115.135943398927,0.0,21.55243707722163,45.41529855779069,21.0,30.0,0.0,21.867888973918534,43.91052450608483,21.0,30.0,0.0,21.39694879072665,47.04496211945496,21.0,30.0,0.0,22.354644170384817,49.059531164558389,19.0,30.0,0.0,19.98676535857869,50.203807372507849,12.0,30.0,0.0,22.45337939835625,43.12684114559383,16.0,30.0,0.0,21.194764293039765,46.657561600442,10.0,30.0,0.0,20.020629410252949,50.18850004665515,16.0,30.0,0.0,20.908249061708369,47.93651542614498,16.0,30.0,0.0,20.84997628093155,0.0,0.0,0.0,21.927348850838614,0.0,0.0,650.2677062418838,605.9432923176329,701.6820198002392,960.4412395030695,655.0541454302646,656.6032425620508,660.8326759750285,660.6284110594268,682.5063962946518,0.0,81.25888405781447,81.25888405781447,162.0,0.0,162.0,162.0,21.0,19.0,16.0,16.0,16.0,12.0,21.0,10.0,1.0,0.0,0.0,0.0,0.0,0.0,0.0,0.0,0.0,0.0,0.0,0.0,0.0,81.25888405781447,81.25888405781447,0.0,0.0,0.0,81.25888405781447,0.0,0.0,0.004023 
 04/01  18:10:00,13.676666666666668,73.66666666666667,1.57,27.33333333333333,23.66666666666666,0.0,0.0,0.0,0.0,0.0,0.0,4.0,0.0,0.0,0.0,3476.0,0.0,108.09208838472994,9.49669640793513,24.33495740669263,3.2411146684671747,86.26742684276884,0.0,9.496696407935126,12.982703979349232,0.0,0.0,21.282538669632353,5.015421233503162,22.47269165367843,-52.860578812899039,21.337157351820247,86.499148075927,21.688493021534407,-305.5546975904722,19.991287754017855,17.536088476200079,22.639439740150768,-159.1205083375853,20.760792693823264,105.95865243506614,19.714653156198329,94.86305484863857,20.706471553289228,73.84400739900718,302.9153553989149,-78.24635051568146,0.0,0.0,0.0,0.0,0.0,0.0,0.0,0.0,0.0,0.0,0.0,0.0,0.0,0.0,0.0,0.0,0.0,0.0,0.0,0.0,0.0,0.0,0.8897820813608229,0.2716062519416431,146.18609718110583,171.20187930988383,2256.7447064249806,0.07360135193347327,0.01123341757226393,21.413111158812386,24.99858034381595,364.0885472898621,1.2330952711932688,0.2330112001498997,279.8492873940319,328.05775407248958,4364.601348446114,0.09803559460015321,0.018525244633437869,185.20095862117976,217.14718480027669,2989.41048020215,0.0,0.0,6.270215539560633,7.386569500770683,79.09903107442917,0.0,0.0,68.21219123158136,79.70025831923894,1176.1616166698985,0.0,0.0,152.87207082285785,179.3404833493294,2273.175684586193,0.0,0.0,26.41643670517313,31.11655335312829,333.43076962707075,0.0,0.0,57.125418394312237,67.06984029470184,818.5556278669,22.04186212659052,15.117875258292543,276.49178118959699,324.9060477292831,4284.065690032196,0.0,0.0,74.38459925514639,87.07877442896045,1193.5069838549717,0.0,21.426843603933244,48.14987617283455,21.0,30.0,0.0,22.215700813411197,45.87916227972677,21.0,30.0,0.0,21.503037099373015,48.61669673442779,21.0,30.0,0.0,21.793469831894379,45.759472748469558,16.0,30.0,0.0,19.995780688709894,50.211005704043369,12.0,30.0,0.0,22.392266201535369,43.50891100284385,16.0,30.0,0.0,21.158800805791338,47.1707899860365,10.0,30.0,0.0,19.99927793518053,50.248154969945478,16.0,30.0,0.0,20.879300022960576,47.88605002598663,16.0,30.0,0.0,20.879749635977047,0.0,0.0,0.0,21.75559166562066,0.0,0.0,760.7175361905711,766.2193856174386,793.7288064797729,683.2224278800861,657.1707627957064,667.8751674225475,679.9743949529841,661.0427481392803,675.91880712731,0.0,81.25888405781447,81.25888405781447,240.0,0.0,240.0,240.0,21.0,16.0,16.0,16.0,16.0,12.0,21.0,10.0,1.0,0.0,0.0,0.0,0.0,0.0,0.0,0.0,0.0,0.0,0.0,0.0,0.0,81.25888405781447,81.25888405781447,0.0,0.0,0.0,81.25888405781447,0.0,0.0,0.00596 
 04/01  18:20:00,13.353333333333334,74.33333333333334,1.6600000000000002,17.666666666666666,11.83333333333333,0.0,0.0,0.0,0.0,0.0,0.0,4.0,0.0,0.0,0.0,1738.0,0.0,58.903316674761217,6.172309763667512,15.816326733814048,1.7662039904023588,47.01029115942286,0.0,6.172309763667509,8.438015399079787,0.0,0.0,21.234493017621856,22.839206604199945,22.6667460193744,-131.441086259008,21.287157904846749,35.53179809251151,21.46595143730112,-108.98189160647826,20.014225260315724,16.805575607357484,22.528519158131034,-144.1067570889511,20.746438645398137,106.47958991574751,19.70142034602612,89.77401395411755,20.684340582317924,68.59608427712897,207.61024070034888,-57.51074795818295,0.0,0.0,0.0,0.0,0.0,0.0,0.0,0.0,0.0,0.0,0.0,0.0,0.0,0.0,0.0,0.0,0.0,0.0,0.0,0.0,0.0,0.0,0.9152291600132028,0.27937398046801067,89.77863217651368,105.17754206051512,1435.0346193891447,0.013755844798720279,0.0020994879118925947,33.69362164752195,39.21156807753493,616.4054672220603,1.4673946998530166,0.2772854686041226,106.19688966772812,124.32607646971468,1722.9555607511484,0.1586607280042047,0.02998124111946422,85.56206834938198,100.22011954890663,1381.5967615901548,0.0,0.0,6.124407495566759,7.203031622770483,81.39835775572823,0.0,0.0,68.70645303495658,80.17307193849135,1216.1980258328327,0.0,0.0,155.31610103887039,181.96660273700784,2396.0992266331606,0.0,0.0,26.555391687104615,31.23712532494123,350.5395933594739,0.0,0.0,59.25537184016732,69.48916289667726,882.3822631192893,22.539696131637805,15.459325193167225,104.65038797241646,122.90926722116383,1791.198744702424,0.0,0.0,77.19018933311,90.2965707134847,1259.9224441274942,0.0,21.32696114414277,48.928565239417,21.0,30.0,0.0,22.6093453691536,47.86806615667629,21.0,30.0,0.0,21.428042189253337,47.05503932426154,21.0,30.0,0.0,21.477526765148125,46.88551936288364,16.0,30.0,0.0,20.010829580128637,50.34054271036101,12.0,30.0,0.0,22.296481744587156,44.29366863041692,16.0,30.0,0.0,21.113513456174205,47.552007530450797,10.0,30.0,0.0,19.964314231559997,50.49837516565133,16.0,30.0,0.0,20.836271395951934,47.96787664084295,16.0,30.0,0.0,20.4437244550873,0.0,0.0,0.0,21.564407396733118,0.0,0.0,777.9438886037697,923.1281098408691,694.2454237554416,685.145599131678,665.719890253291,695.0389730905272,691.2883416731504,667.8101531309051,673.3738000109544,0.0,81.25888405781447,81.25888405781447,240.0,0.0,240.0,240.0,21.0,16.0,16.0,16.0,16.0,12.0,21.0,10.0,1.0,0.0,0.0,0.0,0.0,0.0,0.0,0.0,0.0,0.0,0.0,0.0,0.0,81.25888405781447,81.25888405781447,0.0,0.0,0.0,81.25888405781447,0.0,0.0,0.006 
 04/01  18:30:00,13.030000000000002,75.0,1.75,8.0,0.0,0.0,0.0,0.0,0.0,0.0,0.0,4.0,0.0,0.0,0.0,869.0,0.0,11.403068586613129,2.790534999717705,7.150646725433597,0.341923461828509,9.100754611571338,0.0,2.790534999717704,3.814872908338614,0.0,0.0,21.235129969144496,55.68515724819076,22.730360677494035,-206.47003933198017,21.222723498907379,8.507642668524113,21.3276223056591,-78.18172028480967,20.038954336827496,17.14895993566313,22.41631532345807,-128.37655058287874,20.733697237092433,100.18247623658954,19.68692084198064,86.02369111694952,20.660652617372759,66.70643833839677,171.38986791324079,-31.072252585240677,0.0,0.0,0.0,0.0,0.0,0.0,0.0,0.0,0.0,0.0,0.0,0.0,0.0,0.0,0.0,0.0,0.0,0.0,0.0,0.0,0.0,0.0,0.9841051719013804,0.3003984041213005,31.524477580966669,36.764921489857737,534.6017920207745,0.0,0.0,44.290498719798588,51.38084298117921,850.8533364679383,1.6781385709673012,0.31710857350100188,66.08404251511542,77.1216457181961,1114.5921232759523,0.18136144406470776,0.03427087000466888,60.98036852101163,71.1808385890701,1001.6312822622543,0.0,0.0,6.150075718478369,7.210610232374514,85.97623926933565,0.0,0.0,69.17119657986263,80.48759650218263,1256.103310038777,0.0,0.0,155.41482147781884,181.5492511928473,2486.0418251135558,0.0,0.0,26.528423701290458,31.114433153978287,365.6506772812155,0.0,0.0,61.09654071021187,71.4462712554075,944.5084876129537,23.03961560148072,15.802205487984038,73.26148658854221,85.83823569699551,1375.7500799456987,0.0,0.0,79.0254351838426,92.23476485754398,1307.616103182565,0.0,21.322831771331467,50.33516584092911,21.0,30.0,0.0,22.76499737911483,47.51737448547818,21.0,30.0,0.0,21.325593474442159,47.66075149372437,21.0,30.0,0.0,21.288423030081434,47.423776875396288,16.0,30.0,0.0,20.030990725597407,50.665142550351017,12.0,30.0,0.0,22.19768305961884,45.117309656326927,16.0,30.0,0.0,21.072327369555589,47.96507401808097,10.0,30.0,0.0,19.92999513418262,50.8928424937986,16.0,30.0,0.0,20.79445193842667,48.32427993668671,16.0,30.0,0.0,20.21729790166095,0.0,0.0,0.0,21.344421879715257,0.0,0.0,844.7604443362802,900.3466421503811,700.8575538173508,670.7354383058004,683.1077357846605,722.0490455618151,703.3529838380866,680.2998607173178,683.8148776173787,0.0,81.25888405781447,81.25888405781447,240.0,0.0,240.0,240.0,21.0,16.0,16.0,16.0,16.0,12.0,21.0,10.0,1.0,0.0,0.0,0.0,0.0,0.0,0.0,0.0,0.0,0.0,0.0,0.0,0.0,81.25888405781447,81.25888405781447,0.0,0.0,0.0,81.25888405781447,0.0,0.0,0.006039999999999999 
 04/01  18:40:00,12.706666666666667,75.66666666666666,1.84,0.0,0.0,0.0,0.0,0.0,0.0,0.0,0.0,4.0,0.0,0.0,0.0,869.0,0.0,0.0,0.0,0.0,0.0,0.0,0.0,0.0,0.0,0.0,0.0,21.162420511542157,-149.9526356233273,22.73780467036687,-230.63132577391299,21.174790839076743,10.793935045474428,21.292546615665438,19.93888648486063,20.063676287471038,16.12303112401642,22.326837962730776,-118.33423939746717,20.728981046482497,95.39771668256071,19.672948733595115,77.76304737319288,20.63611307083486,53.26720541655504,250.41554050300693,-2.8007251054050359,0.0,0.0,0.0,0.0,0.0,0.0,0.0,0.0,0.0,0.0,0.0,0.0,0.0,0.0,0.0,0.0,0.0,0.0,0.0,0.0,0.0,0.0,0.980127268404057,0.29918414786448629,150.07756577727228,175.241839353137,2533.4863072245345,0.0,0.0,45.14698465318009,52.367035845615479,899.7338466349933,1.8897600785082607,0.3570975205042066,128.02129059277127,149.34486071176387,2203.36546983402,0.20959456017761186,0.039605925959488249,91.10835891161769,106.32854316546724,1555.9302007936465,0.0,0.0,6.247333814341314,7.323686060646657,91.58074068686328,0.0,0.0,68.15392845503958,79.32058845438506,1271.392087251606,0.0,0.0,158.44330510386087,185.07511669352628,2629.0049818287095,0.0,0.0,27.00096138544811,31.6702498936645,387.89204476813935,0.0,0.0,62.118757274313718,72.64759000757393,995.3350854363852,23.639778702202397,16.213839987793145,138.76783795587893,162.4902167717608,2480.1898960013456,0.0,0.0,80.11968429841538,93.57460955867274,1344.107463806493,132.23218771536026,21.160540680497357,48.14296621248705,21.0,30.0,0.0,22.80723940762264,47.379098673815779,21.0,30.0,0.0,21.257841821954867,50.285243084205578,21.0,30.0,0.0,21.299122012003715,47.96781738644274,16.0,30.0,0.0,20.049391817167085,50.87686959855796,12.0,30.0,0.0,22.12259767971429,45.474108945109467,19.0,30.0,0.0,21.048905348530647,48.58934332944489,10.0,30.0,0.0,19.89835977300302,51.223388604740417,19.7,30.0,0.0,20.75393238409243,48.65726540608288,16.0,30.0,0.0,20.393945688020403,0.0,0.0,0.0,21.130692824716776,0.0,0.0,682.8388180839913,888.6969526541095,830.9479058824984,711.6751003880439,694.0829923864332,725.6883757728333,729.4879161191144,690.1216935433681,693.0471956097574,9620.706418561553,81.6435607533184,81.6435607533184,240.0,0.0,240.0,240.0,21.0,16.0,19.0,16.0,19.7,12.0,21.0,10.0,1.0,0.0,132.23218771536026,0.0,0.0,0.0,0.0,0.0,0.0,0.0,0.0,0.0,0.0,81.6435607533184,81.6435607533184,0.34,0.6191797308622421,0.36028137401965956,81.6435607533184,0.3542647819438875,0.0,0.0060799999999999999 
 04/01  18:50:00,12.383333333333333,76.33333333333334,1.93,0.0,0.0,0.0,0.0,0.0,0.0,0.0,0.0,4.0,0.0,0.0,0.0,2610.0,0.0,0.0,0.0,0.0,0.0,0.0,0.0,0.0,0.0,0.0,0.0,21.725815519999327,-555.561392424966,22.74795321540027,-182.9270172545032,21.207938892859205,155.55845865676577,21.238782532726085,-11.600680059955579,20.086689582693468,14.205347077126902,22.250571227154077,-109.42850951455809,20.750026604171667,112.09875024930057,19.656637731145094,62.51029438302298,20.60974716227379,30.153322682508916,328.26473095996905,34.67567509870759,0.0,0.0,0.0,0.0,0.0,0.0,0.0,0.0,0.0,0.0,0.0,0.0,0.0,0.0,0.0,0.0,0.0,0.0,0.0,0.0,0.0,0.0,0.9345235863655343,0.2852636100016896,256.3412029306586,299.5521838429017,4887.217825613637,0.0,0.0,40.04532177941955,46.66175758286034,826.2652214902976,2.151648433665682,0.4065851159610137,301.4859547678774,353.1810154283263,5410.014327058368,0.2398920195173092,0.0453310694477153,148.56355960080425,173.8876280922475,2613.71927728438,0.0,0.0,6.5078865492204829,7.6585738063773249,99.70011186680186,0.0,0.0,64.02411052700268,74.83678796701392,1228.4763438572459,0.0,0.0,170.0218196399742,199.3449981738671,2939.7924879712575,0.0,0.0,28.34940855712356,33.383323190328237,423.3718434160122,0.0,0.0,71.06612594810129,83.42503228272718,1178.0453342883739,24.485990524197996,16.794232183949263,312.7716925264134,367.4268536301615,5504.876612637552,0.0,0.0,90.0363837970792,105.62402653692615,1528.5835865747668,862.6944767818388,22.02614672088268,46.36808295643521,21.666666666666687,30.00000000000002,0.0,22.853157957086564,47.56922389293672,21.000000000000015,30.00000000000002,0.0,21.34014862351414,48.20214639834113,21.000000000000015,30.00000000000002,0.0,21.247155571341776,49.16243047357288,16.000000000000015,30.00000000000002,0.0,20.062716645671473,51.02895479315602,12.00000000000001,30.00000000000002,0.0,22.072707759051718,45.8806949031091,19.000000000000015,30.00000000000002,0.0,21.080732837625058,48.45889824208353,10.000000000000007,30.00000000000002,0.0,19.864291370260604,51.59792914414422,19.700000000000018,30.00000000000002,0.0,20.714309094189397,49.07592829921988,16.000000000000015,30.00000000000002,0.0,20.57505402269095,0.0,0.0,0.0,20.9060570598066,0.0,0.0,728.3034725356583,904.6683967940857,721.5628590418469,762.8271930978033,701.6186271765222,736.269774851913,720.7361535008309,700.5322975480867,705.1772855721987,6133.994285567524,82.53319260789063,84.85800561273935,240.00000000000018,0.0,240.00000000000018,240.00000000000018,21.0,16.0,19.0,16.0,19.7,12.0,21.0,10.0,1.0,0.0,862.6944767818388,0.0,0.0,0.0,0.0,0.0,0.0,0.0,3518.3205365392948,2110992.3219235755,2763078.872202968,82.53319260789063,84.8974886554112,0.23061068455130993,0.5088017635327162,0.24018758267977323,84.8974886554112,0.23617652129592518,2763078.872202968,0.14974676802122106 
 04/01  19:00:00,12.06,77.0,2.02,0.0,0.0,0.0,0.0,0.0,0.0,0.0,0.0,4.0,0.0,0.0,0.0,1740.0,0.0,0.0,0.0,0.0,0.0,0.0,0.0,0.0,0.0,0.0,0.0,21.28607043825191,-40.261598455990228,22.76751975118666,-207.49940579381747,21.214579742251723,-64.52038362786607,21.22484924487477,60.144573411236709,20.113112614811464,13.74722507271538,22.173198481417037,-91.773173196583,20.74894982749907,71.59646998933249,19.629617532105266,54.663465636769277,20.569736268995674,21.309456216566333,361.7541866543488,80.72589270179674,0.0,0.0,0.0,0.0,0.0,0.0,0.0,0.0,0.0,0.0,0.0,0.0,0.0,0.0,0.0,0.0,0.0,0.0,0.0,0.0,0.0,0.0,1.0585622849599097,0.323126460610473,233.7916230806248,273.8680956934103,4277.818261130681,0.0,0.0,45.324649859375707,52.6978640121946,969.4961892269217,2.0097331598260474,0.3797681707910143,270.99022562409319,317.0605188550763,5019.48411700436,0.22973873561681897,0.0434124594891948,122.7071392501073,143.54083529771658,2247.204294109928,0.0,0.0,6.16502323155472,7.248736303097768,98.67787778473792,0.0,0.0,63.41472438473997,74.05054078493299,1250.0305277440132,0.0,0.0,168.32016865173945,197.23530732374167,3008.2929257454336,0.0,0.0,27.801988401981764,32.71747471480367,430.43582780614067,0.0,0.0,75.40201592067837,88.46055865535625,1289.8159453047486,24.941859004759729,17.1068991802193,287.91343029942279,337.7034646251785,5312.354150788784,0.0,0.0,94.45670496381303,110.80053719428591,1624.5852005757475,0.0,21.266840779372836,48.44830970715058,21.0,30.0,0.0,22.910023030678095,47.79653904400173,21.0,30.0,0.0,21.358447843031148,48.06989495807084,21.0,30.0,0.0,21.275930121569958,48.76531323679343,16.0,30.0,0.0,20.084372105806943,51.25567182357759,12.0,30.0,0.0,22.011498007747116,46.302969528172599,19.0,30.0,0.0,21.04947980994359,48.5986550557046,10.0,30.0,0.0,19.81280394830671,52.16509671585384,19.7,30.0,0.0,20.653599507416407,49.62013545842737,16.0,30.0,0.0,20.61448661939137,0.0,0.0,0.0,20.687980431066877,0.0,0.0,718.2211195383885,927.1119349356125,717.174843124195,741.0838871038689,712.5105235228548,743.9898238580813,720.6772044399927,715.1049234854671,718.1951716650277,0.0,83.7576535859558,83.7576535859558,240.0,0.0,240.0,240.0,21.0,16.0,19.0,16.0,19.7,12.0,21.0,10.0,1.0,0.0,0.0,0.0,0.0,0.0,0.0,0.0,0.0,0.0,0.0,0.0,0.0,83.7576535859558,83.7576535859558,0.0,0.0,0.0,83.7576535859558,0.0,0.0,0.006053333333333333 
 04/01  19:10:00,12.001666666666667,77.16666666666667,2.08,0.0,0.0,0.0,0.0,1.0,2.0,0.0,0.0,4.0,0.0,0.0,0.0,870.0,0.0,0.0,0.0,0.0,0.0,0.0,0.0,0.0,0.0,0.0,0.0,21.226373866228749,-41.383075886637929,22.760368640211924,-218.62800164267129,21.12044917285023,57.82994338107346,21.13497509516417,-73.95842318523228,20.139886029916739,11.731074675815421,22.2781874799542,6.978857415747541,20.597118507962038,0.41355665731589399,19.67218930197044,44.07327976482111,20.5282276109407,15.099847960221723,325.55647192578729,101.02901965427236,0.0,0.0,0.0,0.0,0.0,0.0,0.0,0.0,0.0,0.0,0.0,0.0,0.0,0.0,0.0,0.0,0.0,0.0,0.0,0.0,0.0,0.0,1.1047653266356586,0.337229953185488,153.90974926352727,179.67241189221543,2818.003581160303,0.0,0.0,48.72696169973251,56.490912413029658,1048.2509040703115,2.0875031089884334,0.39446392838027857,240.54514040486908,280.7614104330354,4428.16924629785,0.21604376578246818,0.04082459670870524,109.7568612077909,128.16398470900604,1989.555899642413,0.0,0.0,4.776143459341544,5.596676509279251,77.27707976113499,0.0,0.0,9.791735164612249,11.378702676880094,198.5171264260119,0.0,0.0,106.96443729269419,125.06306733481009,1861.6426431382313,0.0,0.0,27.359594151960473,32.0764659795874,430.56383673491686,0.0,0.0,67.95586864209099,79.50286355042722,1161.9343123266665,24.915587485862607,17.088880305804265,242.00139630175418,283.2396162303696,4496.88633678124,0.0,0.0,87.02587486604949,101.85772702498532,1468.316198198789,0.0,21.165099231103036,49.000230423285547,21.0,30.0,0.0,22.90877249892745,47.635066714081009,21.0,30.0,0.0,21.202275374749733,49.06508729802927,21.0,30.0,0.0,21.1196619852237,48.66594136384708,16.0,30.0,0.0,20.10979191272749,51.54577150717721,12.0,30.0,0.0,22.239192339913619,49.26964461905694,19.0,30.0,0.0,20.743880455551659,49.80007948167026,10.0,30.0,0.0,19.880929357804157,53.4068763634108,19.7,30.0,0.0,20.585272140544189,49.99242978798462,16.0,30.0,0.0,20.484144123648357,0.0,0.0,0.0,20.45438409986282,0.0,0.0,730.9901725959954,919.9069571624459,742.5537676588789,708.2456287352229,726.0792702000636,934.4192499110905,730.2328713871483,796.5125462580089,721.7350494821658,0.0,83.7576535859558,83.7576535859558,270.0,0.0,270.0,270.0,21.0,16.0,19.0,16.0,19.7,12.0,21.0,10.0,1.0,0.0,0.0,0.0,0.0,0.0,0.0,0.0,0.0,0.0,0.0,0.0,0.0,83.7576535859558,83.7576535859558,0.0,0.0,0.0,83.7576535859558,0.0,0.0,0.006795 
 04/01  19:20:00,11.943333333333336,77.33333333333334,2.14,0.0,0.0,0.0,0.0,1.0,2.0,0.0,0.0,4.0,0.0,0.0,0.0,870.0,0.0,0.0,0.0,0.0,0.0,0.0,0.0,0.0,0.0,0.0,0.0,21.292289260014269,68.89607802998671,22.737067918447573,-246.03213000661118,21.01514546133857,-124.13424787982604,21.122912402601714,34.5286441814369,20.163938185133146,10.432797610873252,22.35624467211441,7.411888478554317,20.53049688847239,11.008429201489435,19.691650320899094,24.151296582262263,20.489577279287574,-2.7329732183354737,263.9641800102918,81.77065789373683,0.0,0.0,0.0,0.0,0.0,0.0,0.0,0.0,0.0,0.0,0.0,0.0,0.0,0.0,0.0,0.0,0.0,0.0,0.0,0.0,0.0,0.0,1.1071899937857839,0.33797008357319416,67.07023285961086,78.22731741245971,1267.0558008879989,0.0,0.0,52.152311626381969,60.47539949403135,1124.719188725206,1.8995237883573229,0.3589425148067505,131.01135897048006,153.06339643590855,2389.5712829516498,0.2184488393991373,0.04127907018124287,111.45450732753662,130.10665582006684,2038.906656074253,0.0,0.0,4.517032492384266,5.292227720067135,73.79322142498062,0.0,0.0,10.67846564378297,12.393411091258045,220.9973918285234,0.0,0.0,76.44714982731287,89.41237185155926,1322.4263120342749,0.0,0.0,21.849509021345868,25.611157098582223,347.1791775422402,0.0,0.0,44.02411883359505,51.51345611354217,752.7016974728292,24.901220348901306,17.07902630240145,150.09964941414578,175.82356638822726,2888.7105178023227,0.0,0.0,59.29938340395434,69.46573833866786,974.8862393198256,0.0,21.315630885918965,50.016170055345927,21.0,30.0,0.0,22.876478748187404,47.327573487898877,21.0,30.0,36.02745129901213,21.001098004807049,48.530749434204818,21.0,30.0,0.0,21.145819314997227,49.430080857849578,16.0,30.0,0.0,20.130769858988495,51.82305168116712,12.0,30.0,0.0,22.398774251331305,51.43617713258843,19.0,30.0,0.0,20.62883852588594,50.365850253531679,10.0,30.0,0.0,19.899431112033818,53.9433175700341,19.7,30.0,0.0,20.524691936833795,50.31711372674057,16.0,30.0,0.0,20.247781683567049,0.0,0.0,0.0,20.170577282639344,0.0,0.0,804.7836433994495,899.8007520498812,686.6406819661654,751.9644745622687,739.3816987659479,1071.818990117938,739.1807491928795,830.7185394484187,727.5559571103323,7211.064570840166,83.23670456696459,83.23670456696459,270.0,0.0,270.0,270.0,21.0,16.0,19.0,16.0,19.7,12.0,21.0,10.0,1.0,0.0,0.0,0.0,36.02745129901213,0.0,0.0,0.0,0.0,0.0,0.0,0.0,0.0,83.23670456696459,83.23670456696459,0.34,0.6151783873996631,0.36028137401965956,83.23670456696459,0.3542647819438875,0.0,0.006840000000000001 
 04/01  19:30:00,11.885000000000002,77.5,2.2,0.0,0.0,0.0,0.0,1.0,2.0,0.0,0.0,4.0,0.0,0.0,0.0,3484.0,0.0,0.0,0.0,0.0,0.0,0.0,0.0,0.0,0.0,0.0,0.0,21.379493112990376,121.06064504292408,22.72643142845916,-212.35623930463306,21.59514099808691,-880.3074580303053,21.201495420618266,217.74373010502178,20.1839891374123,8.148688595220719,22.39151242564551,0.6165698640942026,20.512927415431343,29.63371071729182,19.694199233267648,4.76905211981753,20.45335503545228,-27.002499595094095,391.42072245584839,97.06614525662599,0.0,0.0,0.0,0.0,0.0,0.0,0.0,0.0,0.0,0.0,0.0,0.0,0.0,0.0,0.0,0.0,0.0,0.0,0.0,0.0,0.0,0.0,1.1266881847763338,0.3439219123248882,190.49910658532623,223.47422138513873,3627.30165562437,0.0,0.0,46.294686541029957,53.95944593747442,1002.8624107077974,1.60491180635366,0.3032713163933599,364.6276931148433,426.83880209838039,7290.918933634859,0.2352168112623239,0.044447621175798156,213.508779035434,250.27487504020866,4012.4824537101787,0.0,0.0,4.741372646446965,5.579972122861472,78.0753321305778,0.0,0.0,11.160584610057662,13.015713769100009,233.50812263850743,0.0,0.0,75.74005362407832,88.97974968498568,1315.6933837993784,0.0,0.0,19.130288045638556,22.530320935937888,305.5309454074776,0.0,0.0,42.280064461656518,49.6964580112133,723.2799241481038,25.46197234244184,17.463629864500584,374.4544661305604,440.27553176797479,6969.461684287505,0.0,0.0,55.37225005894473,65.20664881178593,889.3608696303949,0.0,21.459838839655,48.267738636952547,21.0,30.0,0.0,22.875935036307909,47.53053048105172,21.0,30.0,1326.9265753768528,21.90194201971751,46.5862255792913,21.5,30.0,0.0,21.33278324333473,48.26257131437599,16.0,30.0,0.0,20.143710517744667,52.016917822817358,12.0,30.0,0.0,22.46542872094108,52.3423282066195,19.0,30.0,0.0,20.61213902008209,50.858360294262158,10.0,30.0,0.0,19.88727220149486,54.538882868914928,19.7,30.0,0.0,20.476572306111135,50.80443100490561,16.0,30.0,0.0,20.63116031188732,0.0,0.0,0.0,19.920636207104196,0.0,0.0,739.345458711328,910.01520081005,718.9979294181452,720.371494404618,748.8357654181216,1128.829082792522,759.1065447956298,857.8157839781045,742.123815235275,4887.747427821749,81.61172543757044,81.61172543757044,270.0,0.0,270.0,270.0,21.0,16.0,19.0,16.0,19.7,12.0,21.0,10.0,1.0,0.0,0.0,0.0,1326.9265753768528,0.0,0.0,0.0,0.0,0.0,0.0,0.0,0.0,81.61172543757044,81.61172543757044,0.17,0.38612236613123609,0.18014068700982978,81.61172543757044,0.17713239097194376,0.0,0.0068850000000000009 
 04/01  19:40:00,11.826666666666668,77.66666666666667,2.26,0.0,0.0,0.0,0.0,1.0,2.0,0.0,0.0,4.0,0.0,0.0,0.0,871.0,0.0,0.0,0.0,0.0,0.0,0.0,0.0,0.0,0.0,0.0,0.0,21.31997987733137,-39.19390788181772,22.729654181065038,-213.92055024698903,21.225951297222104,-43.32328564346062,21.237218193576838,49.105676260890508,20.21008510740936,7.835697928969296,22.43840841840254,-3.2911076761806159,20.51896573021142,38.34959565100189,19.686411880490458,2.185509303516824,20.393847186981455,-25.669231550064525,291.3841586537528,130.45321313417936,0.0,0.0,0.0,0.0,0.0,0.0,0.0,0.0,0.0,0.0,0.0,0.0,0.0,0.0,0.0,0.0,0.0,0.0,0.0,0.0,0.0,0.0,1.095438657691299,0.33438298464325369,97.37924014029848,113.61599992011752,1853.0083335652938,0.0,0.0,45.965576511675099,53.293479354487718,1003.4611937208829,1.8807472455801353,0.35539441526457596,115.47497707503223,134.7423839748498,2208.694061942881,0.22558229543992829,0.04262703995463496,128.08952703832453,149.41179021933227,2429.2111023518716,0.0,0.0,4.907362083046039,5.747703827717727,81.69694167424635,0.0,0.0,11.489629976487635,13.316417933091634,244.04538663346924,0.0,0.0,81.7943205419511,95.65149704925638,1433.7752488414006,0.0,0.0,19.456265855666925,22.800743550391709,312.2831330951506,0.0,0.0,45.65406982102184,53.43300211381581,779.061403427806,25.611746715711246,17.566355772092768,126.38823057812339,148.04577401517387,2553.4328018523385,0.0,0.0,59.23531227260382,69.4835590342413,933.3236247808892,0.0,21.316762841101377,48.691509783090037,21.0,30.0,0.0,22.89460574452972,47.566077108901577,21.0,30.0,0.0,21.31869039989324,48.273395938524839,21.0,30.0,0.0,21.376419119098107,48.63764061752486,16.0,30.0,0.0,20.171428450792189,52.43592518935664,12.0,30.0,0.0,22.562626852407907,53.894079348233898,19.0,30.0,0.0,20.627971153822786,50.998968905812137,10.0,30.0,0.0,19.86215674917506,55.55360106461641,19.7,30.0,0.0,20.387108110689874,51.71291395444689,16.0,30.0,0.0,20.278977093523854,0.0,0.0,0.0,19.69715573889537,0.0,0.0,739.2452297362651,914.3591346449415,720.1114421720047,746.1345183205174,769.6334764007601,1223.2717736745149,766.7735405838527,900.7367911609688,769.2415939264253,0.0,81.68225512434275,81.68225512434275,270.0,0.0,270.0,270.0,21.0,16.0,19.0,16.0,19.7,12.0,21.0,10.0,1.0,0.0,0.0,0.0,0.0,0.0,0.0,0.0,0.0,0.0,0.0,0.0,0.0,81.68225512434275,81.68225512434275,0.0,0.0,0.0,81.68225512434275,0.0,0.0,0.006930000000000001 
 04/01  19:50:00,11.768333333333335,77.83333333333333,2.32,0.0,0.0,0.0,0.0,1.0,2.0,0.0,0.0,4.0,0.0,0.0,0.0,871.0,0.0,0.0,0.0,0.0,0.0,0.0,0.0,0.0,0.0,0.0,0.0,21.342634708462705,45.0859486945983,22.701374512300267,-252.47225296657053,21.181063117716975,19.416988125333775,21.090681878291364,-109.58092151960955,20.231885069848319,8.187746462468056,22.455880756258769,-0.3995109734888729,20.486794049438843,14.532648405348937,19.679956848200157,-5.3437999604120709,20.344882044321705,-45.261227474885348,259.4815625996989,173.2607788719265,0.0,0.0,0.0,0.0,0.0,0.0,0.0,0.0,0.0,0.0,0.0,0.0,0.0,0.0,0.0,0.0,0.0,0.0,0.0,0.0,0.0,0.0,1.1265687172315,0.3438854448203602,46.958247653268497,54.75773617842803,915.3556244845403,0.0,0.0,49.7891112359318,57.74304899040448,1088.444164523715,1.8843851395662113,0.35608184799059186,112.71419285445929,131.52739284931227,2158.2173260172964,0.20627924024230882,0.03897944826952168,88.76001246855138,103.66447491816916,1647.730549541079,0.0,0.0,4.618448775370071,5.408368757220203,77.62951963072965,0.0,0.0,11.766659061233009,13.632045594962133,252.30066780443443,0.0,0.0,86.61385500938222,101.30520275015427,1517.9111378354592,0.0,0.0,18.64227208094252,21.84598278357713,300.6260667462662,0.0,0.0,55.12997552201914,64.53386085468424,939.3495459248154,25.562853865950868,17.53282158158496,110.79650552761368,129.8387452811695,2270.3711766099888,0.0,0.0,68.60494640693357,80.51224849775132,1067.3201501751528,0.0,21.37023540185756,49.95863312798909,21.0,30.0,0.0,22.850261976406615,47.20818013408025,21.0,30.0,0.0,21.26466814601184,48.95159778752314,21.0,30.0,0.0,21.10257857046929,48.209051540078338,16.0,30.0,0.0,20.194429354263016,52.75771644724371,12.0,30.0,0.0,22.607622896450488,54.62750267393367,19.0,30.0,0.0,20.565726803704494,51.34067411917103,10.0,30.0,0.0,19.84103388543948,56.09032708384548,19.7,30.0,0.0,20.313643347398018,52.31182264784457,16.0,30.0,0.0,20.14179869861278,0.0,0.0,0.0,19.534709043561027,0.0,0.0,809.6219531743752,887.1901942805993,746.278786101483,682.5244867533835,786.032955158919,1265.986226776894,774.6211187118148,922.0835082501467,784.5305906262337,0.0,81.68225512434275,81.68225512434275,270.0,0.0,270.0,270.0,21.0,16.0,19.0,16.0,19.7,12.0,21.0,10.0,1.0,0.0,0.0,0.0,0.0,0.0,0.0,0.0,0.0,0.0,0.0,0.0,0.0,81.68225512434275,81.68225512434275,0.0,0.0,0.0,81.68225512434275,0.0,0.0,0.006855000000000001 
 04/01  20:00:00,11.71,78.0,2.38,0.0,0.0,0.0,0.0,1.0,2.0,0.0,0.0,4.0,0.0,0.0,0.0,1744.0,0.0,0.0,0.0,0.0,0.0,0.0,0.0,0.0,0.0,0.0,0.0,21.246075290182568,-47.705550159553698,22.676806740338706,-258.86217798300995,21.091787987571729,-154.3025026993414,21.076795943179805,47.078904044151389,20.249861066667046,7.476861527983601,22.45798172336459,-3.4142752757925907,20.46672822888328,7.588837493158735,19.673218071387799,-13.021056426512189,20.298841885027078,-69.08890438442495,312.39309733186476,198.72732642160009,0.0,0.0,0.0,0.0,0.0,0.0,0.0,0.0,0.0,0.0,0.0,0.0,0.0,0.0,0.0,0.0,0.0,0.0,0.0,0.0,0.0,0.0,1.0896294216757379,0.3326097135762326,151.18495927737994,177.0686515987843,2854.1805072500949,0.0,0.0,49.93479360110685,58.103231997212237,1093.8870122730355,1.8397197491505067,0.34764167595436648,178.32744769300889,208.79636783268465,3353.606510908132,0.22560909496082005,0.04263210411202191,136.8064217854275,160.33750901211318,2559.446077543373,0.0,0.0,4.522253455835148,5.312760192637555,76.64102022586282,0.0,0.0,12.21084764855565,14.198146302587416,263.4237275513799,0.0,0.0,90.284878920461,105.9294301154236,1586.2808340726884,0.0,0.0,17.563337657809109,20.651215419695796,284.4839432682613,0.0,0.0,60.041660646226997,70.50110224125457,1022.0618168250883,25.652963629325158,17.59462526016815,194.89728791240385,228.87051982501863,3765.0519524537105,0.0,0.0,72.53700989763732,85.42536604836019,1113.0848728456668,0.0,21.166125379151887,49.3909823284295,21.0,30.0,0.0,22.81942032463168,47.19091099413022,21.0,30.0,33.80501144779004,21.105766083712319,48.92589113943633,21.0,30.0,0.0,21.12934024739888,49.73936749059037,16.0,30.0,0.0,20.210819012659294,52.9741155781585,12.0,30.0,0.0,22.6220884528507,54.88848667543125,19.0,30.0,0.0,20.532943588722838,51.950736744628787,10.0,30.0,0.0,19.821875523321429,56.55538856538597,19.7,30.0,0.0,20.25055336757547,52.869243033035377,16.0,30.0,0.0,20.29655730861088,0.0,0.0,0.0,19.368390714297669,0.0,0.0,751.5680606728995,882.5928832264749,719.8335448379544,764.3606926000567,797.2855649638959,1279.6623825404104,797.1088656975015,940.7078570601561,799.7289185426978,4927.4790734389939,81.58545035153074,81.58545035153074,270.0,0.0,270.0,270.0,21.0,16.0,19.0,16.0,19.7,12.0,21.0,10.0,1.0,0.0,0.0,0.0,33.80501144779004,0.0,0.0,0.0,0.0,0.0,0.0,0.0,0.0,81.58545035153074,81.58545035153074,0.17,0.30924096869139985,0.18014068700982978,81.58545035153074,0.17713239097194376,0.0,0.00678 
 04/01  20:10:00,11.543333333333335,78.83333333333333,2.4566666666666667,0.0,0.0,0.0,0.0,0.0,2.0,0.0,0.0,4.0,0.0,0.0,0.0,3492.0,0.0,0.0,0.0,0.0,0.0,0.0,0.0,0.0,0.0,0.0,0.0,21.40342694977742,159.34441679919417,22.66075565944956,-209.88692496227163,21.629052490846989,-887.239289583842,21.1697080663946,242.40431034353379,20.268637260263327,6.732113258581023,22.548899795429344,-10.436231155797998,20.438370157383333,14.712929494796981,19.612336840371719,-16.084678834397296,20.239023502871885,-82.5150326871402,403.572485614209,220.97238938358329,0.0,0.0,0.0,0.0,0.0,0.0,0.0,0.0,0.0,0.0,0.0,0.0,0.0,0.0,0.0,0.0,0.0,0.0,0.0,0.0,0.0,0.0,1.1543763302300614,0.3523737271764535,161.8453388781228,189.67685123911648,3222.129643903865,0.0,0.0,45.830938717768287,53.43595675963044,1018.0890306535001,1.5255844186564245,0.2882812582495134,327.8176126593371,383.6292466924601,6741.324625412388,0.23721001624955807,0.04482426610913794,204.70932265273246,239.8529210921783,3997.322830656859,0.0,0.0,4.643717363700168,5.462002139452548,80.39196383306762,0.0,0.0,12.40978289614129,14.45032326213982,274.63761437685317,0.0,0.0,93.77954403936622,110.205459564101,1670.8128808434749,0.0,0.0,17.66923231835602,20.811781279295663,288.2289473060924,0.0,0.0,61.78297073700911,72.68756543747452,1062.6449377118366,26.33013679612317,18.059078735338259,336.42792901999357,395.35475424228908,6556.625111555188,0.0,0.0,74.07249004174511,87.42688377637379,1136.8979156141909,0.0,21.491770061292287,48.25081386493533,21.0,30.0,0.0,22.811686693738524,47.53589722507716,21.0,30.0,1371.7478011217825,21.91129157868162,46.465237356426488,21.5,30.0,0.0,21.340664228514425,48.31163996615357,16.0,30.0,0.0,20.22894465085857,53.235931509850818,12.0,30.0,0.0,22.74514173758464,54.734609935563167,19.0,30.0,0.0,20.490507178933926,52.14205893001364,10.0,30.0,0.0,19.71447705353083,56.40074064886461,12.0,30.0,0.0,20.171356827950939,53.578464130229217,16.0,30.0,0.0,20.555385055499558,0.0,0.0,0.0,19.20101363079714,0.0,0.0,743.1514551465995,901.1191599298984,713.8590088444676,723.9911308987863,810.7117275396622,1290.7117510221852,798.1702712896114,900.4774348286098,819.091293083577,4494.331380870659,81.60721249338481,81.60721249338481,570.0,0.0,570.0,570.0,21.0,16.0,19.0,16.0,12.0,12.0,21.0,10.0,1.0,0.0,0.0,0.0,1371.7478011217825,0.0,0.0,0.0,0.0,0.0,0.0,0.0,0.0,81.60721249338481,81.60721249338481,0.17,0.3848810116379993,0.18014068700982978,81.60721249338481,0.17713239097194376,0.0,0.014155 
 04/01  20:20:00,11.376666666666669,79.66666666666667,2.533333333333333,0.0,0.0,0.0,0.0,0.0,2.0,0.0,0.0,4.0,0.0,0.0,0.0,1746.0,0.0,0.0,0.0,0.0,0.0,0.0,0.0,0.0,0.0,0.0,0.0,21.412724894524268,-29.520220562281794,22.67246608606019,-197.34380747287697,21.17767264628918,-88.56546143889682,21.207866042349765,7.525028800834207,20.28771898707625,6.630703988072753,22.647445829008789,-16.790784886484859,20.440489099200705,19.001956031267583,19.527689845731243,-18.927694541736686,20.17219815585552,-90.67626854449327,443.20733423656295,263.6814251411572,0.0,0.0,0.0,0.0,0.0,0.0,0.0,0.0,0.0,0.0,0.0,0.0,0.0,0.0,0.0,0.0,0.0,0.0,0.0,0.0,0.0,0.0,1.1194006902538219,0.3416974023973815,201.20786806501639,235.2904184490173,4035.4242731077258,0.0,0.0,45.60232104411441,53.05065197775075,1031.6037412865827,1.8991728401006094,0.3588761980537812,368.2648299000195,431.19725551310048,7207.078399971731,0.23000094705254227,0.04346200813540102,205.22704669016594,240.23670563283145,4078.375856342715,0.0,0.0,4.855717694398683,5.702139006141743,85.89026237427604,0.0,0.0,12.773631171676279,14.837611288746134,290.6397023788909,0.0,0.0,103.63087161208697,121.58384055005581,1882.6530674781296,0.0,0.0,20.763913603044153,24.431242164355348,340.0197899451359,0.0,0.0,66.44830166375803,78.06435222377496,1153.3564860259376,26.719766044355479,18.326314159365905,374.63167153927568,439.5069255224046,7384.079706076044,0.0,0.0,80.94948218243334,95.42594459175362,1247.2345545665626,0.0,21.467972711818587,48.23961105835387,21.0,30.0,0.0,22.848715923156346,48.063318520409698,21.0,30.0,0.0,21.19232203248213,48.58360832094104,21.0,30.0,0.0,21.382561707992566,48.1184230822992,16.0,30.0,0.0,20.250106067209665,53.511787529918809,12.0,30.0,0.0,22.896566936425736,54.487552900077037,19.0,30.0,0.0,20.498337596808328,52.249134269620487,10.0,30.0,0.0,19.57296488758213,56.357312033902378,12.0,30.0,0.0,20.07954905534666,54.18088207359254,16.0,30.0,0.0,20.650329795472474,0.0,0.0,0.0,19.057086758433287,0.0,0.0,739.3586377449301,936.1833811528411,716.0741530245648,720.7755842662735,825.1964475621619,1300.8149446170237,801.9235705669246,858.7832259897596,831.0167952565074,0.0,81.15293579699747,81.15293579699747,570.0,0.0,570.0,570.0,21.0,16.0,19.0,16.0,12.0,12.0,21.0,10.0,1.0,0.0,0.0,0.0,0.0,0.0,0.0,0.0,0.0,0.0,0.0,0.0,0.0,81.15293579699747,81.15293579699747,0.0,0.0,0.0,81.15293579699747,0.0,0.0,0.013933333333333334 
 04/01  20:30:00,11.21,80.5,2.61,0.0,0.0,0.0,0.0,0.0,2.0,0.0,0.0,4.0,0.0,0.0,0.0,2621.0,0.0,0.0,0.0,0.0,0.0,0.0,0.0,0.0,0.0,0.0,0.0,21.656869411748084,-405.1971941020943,22.66289663808704,-229.13264371716208,21.19940096116205,79.52151669087346,21.083160537188229,-14.947018126316222,20.30342355535931,6.986432324929663,22.701588692824346,-20.229467812329813,20.422973308465573,12.019456358895085,19.472986151307745,-22.898051908983115,20.111451637303305,-110.40005688065969,361.97488226828548,312.3775793130799,0.0,0.0,0.0,0.0,0.0,0.0,0.0,0.0,0.0,0.0,0.0,0.0,0.0,0.0,0.0,0.0,0.0,0.0,0.0,0.0,0.0,0.0,1.089789912032039,0.33265870330648308,175.85259577105098,205.46937226919327,3696.984764551181,0.0,0.0,47.455624831247529,55.29212781111427,1088.2515543355406,2.1328311321395958,0.4030293144632645,216.03747943174893,253.08397686366028,4364.7931017924279,0.24290316454232287,0.0459000688855485,99.1218452799965,116.28539645836082,1961.9125920118709,0.0,0.0,4.891876464021601,5.749472386052348,88.31307934946722,0.0,0.0,13.19712627878408,15.344628153673224,306.70479768674127,0.0,0.0,115.41760012910672,135.56757508208035,2128.4576159313016,0.0,0.0,23.299573700637987,27.45780882265906,385.2943681330059,0.0,0.0,75.7267076463226,89.09333878172919,1327.0650891335268,27.00158591545557,18.519606252027143,227.07218520404877,266.88076805984488,4625.867585484605,0.0,0.0,91.84476400540535,108.43605597760103,1427.7694585624377,730.820126308988,21.759473293841617,47.46977842992979,21.666666666666658,29.99999999999999,0.0,22.8412287519231,47.881848605398129,20.999999999999994,29.99999999999999,0.0,21.280030028448686,48.927111541921217,20.999999999999994,29.99999999999999,0.0,21.166805107113857,48.9821040324322,15.999999999999993,29.99999999999999,0.0,20.268184906989484,53.74087645274406,11.999999999999995,29.99999999999999,0.0,22.982531947727325,54.422062122301998,18.999999999999994,29.99999999999999,0.0,20.46916881811542,52.614359152556378,9.999999999999997,29.99999999999999,0.0,19.484302543566359,56.56788220843383,11.999999999999995,29.99999999999999,0.0,19.99504216665284,54.598030730511798,15.999999999999993,29.99999999999999,0.0,20.319819869819527,0.0,0.0,0.0,18.9590522083762,0.0,0.0,742.9040873797383,925.1925733453043,746.2134680439044,732.1307801182849,837.1194900250354,1308.7285763245123,812.2341840132024,847.3756184578504,834.6833333235363,9273.018637823272,81.87343757906784,81.87343757906784,569.9999999999998,0.0,569.9999999999998,569.9999999999998,21.0,16.0,19.0,16.0,12.0,12.0,21.0,10.0,1.0,0.0,730.820126308988,0.0,0.0,0.0,0.0,0.0,0.0,0.0,0.0,0.0,0.0,81.87343757906784,81.87343757906784,0.3399999999999999,0.7212741863942254,0.36028137401965945,81.87343757906784,0.35426478194388735,0.0,0.013711666666666668 
 04/01  20:40:00,11.043333333333335,81.33333333333333,2.6866666666666667,0.0,0.0,0.0,0.0,0.0,2.0,0.0,0.0,4.0,0.0,0.0,0.0,3496.0,0.0,0.0,0.0,0.0,0.0,0.0,0.0,0.0,0.0,0.0,0.0,21.455941548805649,-225.55222609094114,22.639079770301387,-248.46518155236013,21.20914766907375,-9.580680389965395,21.05479821258423,54.75393774398482,20.319048176873158,8.111142144837582,22.743977822482206,-22.81847231259409,20.41244140166909,-18.124305038837286,19.422787600915315,-24.808717384961434,20.041695915525084,-129.56723284707136,318.66396071255567,363.4490328448312,0.0,0.0,0.0,0.0,0.0,0.0,0.0,0.0,0.0,0.0,0.0,0.0,0.0,0.0,0.0,0.0,0.0,0.0,0.0,0.0,0.0,0.0,1.1327932596976183,0.34578548830818647,147.57167281085237,173.13020657102926,3065.38965780745,0.0,0.0,48.01383048060265,55.96068046898074,1114.0111943449065,1.9774772741355769,0.3736729542962166,143.31057099905113,168.13777922269865,2960.755947365137,0.24654467552610283,0.04658818509563545,137.12834319726279,160.87182501627857,2753.167528450302,0.0,0.0,4.840055535756232,5.692843068045252,89.13187191167765,0.0,0.0,13.514788915658209,15.721143445203925,320.0630390375983,0.0,0.0,124.51635329115011,146.37870812844867,2331.1625720571248,0.0,0.0,23.801341611575908,28.07694594066516,398.15476430568028,0.0,0.0,85.47643298265936,100.65224131030004,1510.9715384098536,27.38884713766177,18.78521751554306,155.79730275488886,183.53864106519473,3310.6925154508778,0.0,0.0,102.04117810780278,120.58406701273208,1601.1550761973179,0.0,21.41110741623211,48.447109920935108,21.000000000000008,30.00000000000001,0.0,22.811256336210496,47.95380940320241,21.000000000000008,30.00000000000001,0.0,21.317953870653559,48.606641950440359,21.000000000000008,30.00000000000001,0.0,21.151484012035625,49.44584173797345,16.000000000000008,30.00000000000001,0.0,20.285571729389394,53.93281326499822,12.000000000000004,30.00000000000001,0.0,23.043654344982895,54.27896503188617,19.000000000000008,30.00000000000001,0.0,20.44440142862286,52.649192678193049,10.000000000000004,30.00000000000001,0.0,19.411299552124797,56.86220669372819,12.000000000000004,30.00000000000001,0.0,19.902711283531774,55.0418969231187,16.000000000000008,30.00000000000001,0.0,20.10903300266545,0.0,0.0,0.0,18.86321641289458,0.0,0.0,741.2854650065474,924.7721962047314,735.9982975374674,752.7632692905596,847.0508133851945,1307.9734851248573,808.0786128855801,844.6247439820782,837.6921290514931,0.0,82.9764627248448,82.9764627248448,570.0000000000002,0.0,570.0000000000002,570.0000000000002,21.0,16.0,19.0,16.0,12.0,12.0,21.0,10.0,1.0,0.0,0.0,0.0,0.0,0.0,0.0,0.0,0.0,0.0,0.0,0.0,0.0,82.9764627248448,82.9764627248448,0.0,0.0,0.0,82.9764627248448,0.0,0.0,0.013489999999999999 
 04/01  20:50:00,10.876666666666667,82.16666666666667,2.763333333333333,0.0,0.0,0.0,0.0,0.0,2.0,0.0,0.0,4.0,0.0,0.0,0.0,874.0,0.0,0.0,0.0,0.0,0.0,0.0,0.0,0.0,0.0,0.0,0.0,21.247358824376965,-99.266637758441,22.587729043663779,-270.3176280930493,21.12848105379122,8.18711798740378,21.023349696032807,31.42308120101643,20.337929286217674,8.906502571782994,22.781197555273566,-23.89177677122018,20.334119186221224,-21.558476851736488,19.376301791541996,-22.428673894730083,19.966422319384188,-119.55811886222682,270.44917655465636,379.246695543286,0.0,0.0,0.0,0.0,0.0,0.0,0.0,0.0,0.0,0.0,0.0,0.0,0.0,0.0,0.0,0.0,0.0,0.0,0.0,0.0,0.0,0.0,1.172636363689145,0.3579476079637195,117.83251021506645,137.6121610186429,2404.072115261285,0.0,0.0,50.15095742803202,58.187299298078169,1173.0958815487909,1.9262952848239726,0.36400137657293527,92.1319247359569,107.54029470221501,1923.4290623542134,0.2354005544533008,0.044482342111356907,87.50577929422151,102.17478000603738,1781.6133802362218,0.0,0.0,4.824218819467465,5.645173525429804,90.7589660567706,0.0,0.0,13.76214649536064,15.913658539795146,332.3659887857682,0.0,0.0,122.61302259589985,143.51079267445867,2306.094085986734,0.0,0.0,23.318976308259374,27.380706126828927,394.90276778671258,0.0,0.0,85.90062714145492,100.70815716671659,1530.3551739179273,27.64499426091623,18.960901413522799,103.81565932431086,121.78294505780511,2350.48916342645,0.0,0.0,102.30309564696836,120.36633936788579,1614.971739335361,0.0,21.054875418415308,49.642090590357948,21.0,30.0,0.0,22.728076189828739,47.939697446973429,21.0,30.0,0.0,21.184224135776988,49.60766679469906,21.0,30.0,0.0,21.10911855141176,49.519078656476839,16.0,30.0,0.0,20.312312716899954,54.24073691131932,12.0,30.0,0.0,23.106614623434849,54.14249747830493,19.0,30.0,0.0,20.309879463993544,53.35340301807676,10.0,30.0,0.0,19.34000706684104,57.172251768613,12.0,30.0,0.0,19.795119580782136,55.49531861485713,16.0,30.0,0.0,19.858384261802809,0.0,0.0,0.0,18.73481386190019,0.0,0.0,747.540312375022,912.4742962355853,765.5672552854807,750.1851294807154,862.9076641371798,1306.5614492165597,818.8978870241039,843.3168501015733,838.7737707256946,0.0,82.97646272484477,82.97646272484477,570.0,0.0,570.0,570.0,21.0,16.0,19.0,16.0,12.0,12.0,21.0,10.0,1.0,0.0,0.0,0.0,0.0,0.0,0.0,0.0,0.0,0.0,0.0,0.0,0.0,82.97646272484477,82.97646272484477,0.0,0.0,0.0,82.97646272484477,0.0,0.0,0.013205000000000002 
 04/01  21:00:00,10.71,83.0,2.84,0.0,0.0,0.0,0.0,0.0,2.0,0.0,0.0,4.0,0.0,0.0,0.0,874.0,0.0,0.0,0.0,0.0,0.0,0.0,0.0,0.0,0.0,0.0,0.0,21.327983259330705,45.42145372308369,22.541943516675997,-285.8467391808142,21.04292079491352,-364.0110807743613,20.991359885698935,30.305477232521299,20.350466410986124,8.863119061516415,22.800544439946458,-24.281170183382984,20.2781469789482,-33.80044659288433,19.343827536502844,-25.1082987909316,19.910250085125257,-126.99667170642079,357.8534031514155,388.1173071867993,0.0,0.0,0.0,0.0,0.0,0.0,0.0,0.0,0.0,0.0,0.0,0.0,0.0,0.0,0.0,0.0,0.0,0.0,0.0,0.0,0.0,0.0,1.2087613489528304,0.36897477074262227,124.64652886356636,145.43396019447264,2634.1255867507327,0.0,0.0,51.679979789635378,59.9822256033988,1219.2916564014832,1.7687495303952934,0.33423082584945087,164.07489171563777,191.71949643930547,3389.801528199013,0.22524242457276695,0.0425628164347632,86.74680257809816,101.2895040709059,1788.5740165110283,0.0,0.0,4.8210449691425298,5.640971714386283,92.43693512687539,0.0,0.0,13.967402979712532,16.14994238975526,342.7060777894126,0.0,0.0,118.11195697069263,138.2898012904419,2239.946102700521,0.0,0.0,22.371095480119889,26.271442726746025,384.441122523825,0.0,0.0,84.92921652811669,99.59207866263776,1529.7567208918193,27.972165235714909,19.185298515579505,180.6413773366252,211.71492282524256,3890.6813915935624,0.0,0.0,100.9884384510217,118.87279362320666,1601.5399559834874,0.0,21.262096672352219,50.00723452957894,21.0,30.0,0.0,22.66086865390729,47.78681475323497,21.0,30.0,282.1052204494221,21.006941644741599,48.406712062937447,21.0,30.0,0.0,21.071529960974666,50.1947699146684,16.0,30.0,0.0,20.327003387448895,54.43969493097857,12.0,30.0,0.0,23.136438932094465,54.006047907958279,19.0,30.0,0.0,20.218813014319627,53.62346891362806,10.0,30.0,0.0,19.297044705614075,57.452815856912099,12.0,30.0,0.0,19.724741134635339,55.88891918708089,16.0,30.0,0.0,20.085263474422555,0.0,0.0,0.0,18.600520629110919,0.0,0.0,796.6230878527933,895.3995620379828,681.3897276405409,777.3903000802649,872.7455092600316,1301.491213956272,816.5423046299732,847.2660191431072,844.2239823873553,8742.8743723,82.22402674137637,82.22402674137637,570.0,0.0,570.0,570.0,21.0,16.0,19.0,16.0,12.0,12.0,21.0,10.0,1.0,0.0,0.0,0.0,282.1052204494221,0.0,0.0,0.0,0.0,0.0,0.0,0.0,0.0,82.22402674137637,82.22402674137637,0.34,0.6163990339249347,0.36028137401965956,82.22402674137637,0.3542647819438875,0.0,0.01292 
 04/01  21:10:00,10.525,84.5,2.9316666666666668,0.0,0.0,0.0,0.0,0.0,2.0,0.0,0.0,4.0,0.0,0.0,0.0,3500.0,0.0,0.0,0.0,0.0,0.0,0.0,0.0,0.0,0.0,0.0,0.0,21.426602663766407,109.61693005035511,22.53404243536011,-203.67299608679464,21.623883081290829,-1016.0660648247144,21.0708094224179,247.19525177448328,20.357990338056778,6.745454916102638,22.80713833311178,-34.39586915727958,20.26391185236578,-13.636821786273004,19.314049878611063,-33.37021054306135,19.85664132031843,-155.474863165672,486.99738831016796,401.80563783632877,0.0,0.0,0.0,0.0,0.0,0.0,0.0,0.0,0.0,0.0,0.0,0.0,0.0,0.0,0.0,0.0,0.0,0.0,0.0,0.0,0.0,0.0,1.2353190732679896,0.37708152419657806,191.0016221484219,224.07871480111417,4149.473903990361,0.0,0.0,44.82413293738941,52.28644445355429,1074.3939409877644,1.5718437133208585,0.2970226215647882,373.0073415116469,436.65590213846289,8449.059313519705,0.25703652444521488,0.04857077181504436,222.99817457075438,261.4241133640674,4767.203608024619,0.0,0.0,5.370097092603766,6.313388109143228,104.91525875307755,0.0,0.0,14.239643604234044,16.55961948519089,354.4282676198451,0.0,0.0,124.36490321511269,146.28609860731428,2401.8894125324488,0.0,0.0,21.855712963677918,25.792101430710603,381.95260225751647,0.0,0.0,86.49401283337888,101.92448725515517,1578.7538147333726,28.724244400371189,19.701127846619476,378.55860516646217,445.33648632680959,8067.344856416755,0.0,0.0,101.95562916026253,120.63554393859684,1626.9093513969372,0.0,21.43279402036962,48.57151663894085,21.0,30.0,0.0,22.67738114059985,48.15612065680227,21.0,30.0,1432.574518059787,21.888776307170106,46.758705428340629,21.5,30.0,0.0,21.261097904279855,48.72843253524684,16.0,30.0,0.0,20.33208419530676,54.51555421059983,12.0,30.0,0.0,23.14258627602349,53.87091264419111,19.0,30.0,0.0,20.215588710982347,53.79683463964817,10.0,30.0,0.0,19.263672452494835,57.69394631882162,12.0,30.0,0.0,19.666182563862905,56.23752131329255,16.0,30.0,0.0,20.453379346290978,0.0,0.0,0.0,18.466708831316845,0.0,0.0,751.3592115654401,918.7534036992458,726.2462714364888,733.6118325349241,876.1937826306233,1294.2566290442688,822.5471946955781,851.4901935114814,849.3919547662133,5230.657767737206,81.84041579882336,83.69063020337696,570.0,0.0,570.0,570.0,21.0,16.0,19.0,16.0,12.0,12.0,21.0,10.0,1.0,0.0,0.0,0.0,1432.574518059787,0.0,0.0,0.0,0.0,0.0,2799.9000888842485,1679940.053330549,2189703.493848678,81.84041579882336,83.72205298625657,0.17833000296280827,0.3828094629657244,0.18014068700982978,83.72205298625657,0.17713239097194376,2189703.493848678,0.12649958168013129 
 04/01  21:20:00,10.340000000000002,86.0,3.0233333333333336,0.0,0.0,0.0,0.0,0.0,2.0,0.0,0.0,4.0,0.0,0.0,0.0,1750.0,0.0,0.0,0.0,0.0,0.0,0.0,0.0,0.0,0.0,0.0,0.0,21.418370532658935,-58.06584853173172,22.550610617624373,-194.46181530888249,21.1320902061811,-98.14793728612767,21.106699865144479,4.314113681140043,20.36486235229564,6.702281634788008,22.809156411549759,-36.5429804585001,20.26251896748893,-12.8521841132374,19.27231255327529,-36.42882893615479,19.77842772538372,-162.8291783767845,516.1893348111089,446.8936606419777,0.0,0.0,0.0,0.0,0.0,0.0,0.0,0.0,0.0,0.0,0.0,0.0,0.0,0.0,0.0,0.0,0.0,0.0,0.0,0.0,0.0,0.0,1.2007612052199142,0.36653272442610326,215.76371512299625,252.35808426603826,4746.530344724924,0.0,0.0,44.97928550365836,52.34860292969421,1098.968678876302,1.880052418791378,0.3552631176854457,391.55097078007739,458.58983973539139,8412.355652005188,0.24748659440437724,0.04676617430165857,216.5518231388888,253.56689094187306,4714.8613435679949,0.0,0.0,5.611462963649672,6.585955240315119,111.79151374137932,0.0,0.0,14.40382731315047,16.717796660720205,363.95980699559376,0.0,0.0,133.3776221924636,156.62664732474867,2627.5523306614688,0.0,0.0,22.926543117926387,27.013349601384797,406.7234679194698,0.0,0.0,92.3875126457194,108.72434739429596,1702.3448484200458,29.08659705220727,19.949655042666174,396.05325021933666,464.86558162053907,8580.661996351224,0.0,0.0,108.91884176472309,128.69662825250374,1759.779853482164,0.0,21.41037920661796,48.593251332084339,21.0,30.0,0.0,22.72505782131244,48.57379707249959,21.0,30.0,0.0,21.11666085522866,48.949410334816359,21.0,30.0,0.0,21.297644658428199,48.579705131947438,16.0,30.0,0.0,20.338849020488654,54.63920238611157,12.0,30.0,0.0,23.14641168125042,53.78102865619311,19.0,30.0,0.0,20.22352760106152,53.76339321689386,10.0,30.0,0.0,19.207668780314007,58.042275668929239,12.0,30.0,0.0,19.563038568516327,56.709683141411328,16.0,30.0,0.0,20.507691237200647,0.0,0.0,0.0,18.37681436435281,0.0,0.0,748.444282149434,948.3990319194056,723.1927820288545,731.2017602933074,881.5158861409907,1288.912706654021,821.3788215726856,856.2234319080442,852.8596480029269,0.0,82.59326743203185,82.59326743203185,570.0,0.0,570.0,570.0,21.0,16.0,19.0,16.0,12.0,12.0,21.0,10.0,1.0,0.0,0.0,0.0,0.0,0.0,0.0,0.0,0.0,0.0,0.0,0.0,0.0,82.59326743203185,82.59326743203185,0.0,0.0,0.0,82.59326743203185,0.0,0.0,0.012255 
 04/01  21:30:00,10.155000000000002,87.5,3.115,0.0,0.0,0.0,0.0,0.0,2.0,0.0,0.0,4.0,0.0,0.0,0.0,2627.0,0.0,0.0,0.0,0.0,0.0,0.0,0.0,0.0,0.0,0.0,0.0,21.706571797702869,-546.86261053785,22.540971602868006,-229.87425183880885,21.166618535871288,95.99169454199269,20.967477286909288,-11.552718937876304,20.36952508620286,6.60923798410049,22.806797990843628,-38.09607882030744,20.238740424866564,-19.491137207440557,19.23891674672754,-38.64752728331956,19.70983143105679,-179.6058360418211,425.6968710337701,492.772141308636,0.0,0.0,0.0,0.0,0.0,0.0,0.0,0.0,0.0,0.0,0.0,0.0,0.0,0.0,0.0,0.0,0.0,0.0,0.0,0.0,0.0,0.0,1.1693629487426558,0.35694839705209266,200.56431899905003,234.380547493932,4646.379110770704,0.0,0.0,46.76869631166011,54.512105499769777,1159.0000834949306,2.11406081327347,0.3994823910191743,223.6842246678555,262.0984394782138,4968.303991451732,0.26192102676817138,0.04949376923056901,125.61721940716908,147.30533771479385,2722.120293134697,0.0,0.0,5.792076348124046,6.804252723324408,117.55596021818292,0.0,0.0,14.610603316814494,16.978994794511576,374.4383541917011,0.0,0.0,143.92115899098617,169.20109133171054,2878.7290175554969,0.0,0.0,23.327584910815344,27.52047573260587,420.45355038427217,0.0,0.0,101.62826014189986,119.7695471961623,1892.0640841320868,29.358175226510846,20.13592265192787,233.45743235227799,274.56977185128508,5238.797033300931,0.0,0.0,118.68734569610912,140.4291990386835,1946.3214597978777,873.5650946266233,21.770213719436258,47.276654549382097,21.666666666666658,29.99999999999999,0.0,22.719580161471865,48.38712571432995,20.999999999999994,29.99999999999999,0.0,21.23857430887844,49.0180417353936,20.999999999999994,29.99999999999999,0.0,21.05771917766483,49.49978760993066,15.999999999999993,29.99999999999999,0.0,20.34394859114589,54.74830565147393,11.999999999999995,29.99999999999999,0.0,23.146829216174728,53.80305119504533,18.999999999999994,29.99999999999999,0.0,20.190492988975245,53.927764242418877,9.999999999999997,29.99999999999999,0.0,19.1649440948036,58.217945473053777,11.999999999999995,29.99999999999999,0.0,19.472518301809985,57.022604067986467,15.999999999999993,29.99999999999999,0.0,20.140759108898398,0.0,0.0,0.0,18.31323046020083,0.0,0.0,732.3358394994789,935.6214006457268,743.1127204284774,740.4533106370992,886.2107721025045,1289.4261088731237,822.3943984158659,855.9424444256306,851.3691686559837,9743.559598263737,81.56228769905954,81.56228769905954,569.9999999999998,0.0,569.9999999999998,569.9999999999998,21.0,16.0,19.0,16.0,12.0,12.0,21.0,10.0,1.0,0.0,873.5650946266233,0.0,0.0,0.0,0.0,0.0,0.0,0.0,0.0,0.0,0.0,81.56228769905954,81.56228769905954,0.3399999999999999,0.7202366504570228,0.36028137401965945,81.56228769905954,0.35426478194388735,0.0,0.011874999999999999 
 04/01  21:40:00,9.97,89.0,3.2066666666666667,0.0,0.0,0.0,0.0,0.0,2.0,0.0,0.0,4.0,0.0,0.0,0.0,3504.0,0.0,0.0,0.0,0.0,0.0,0.0,0.0,0.0,0.0,0.0,0.0,21.450769650760429,-278.8583322494553,22.51462187293977,-250.90128373398424,21.16426808104898,-41.62826411916894,20.942367390655265,66.79724368718213,20.372592310981888,7.120694116245035,22.799789794567439,-38.650562579123079,20.220493965358757,-55.366970652961757,19.204934533820166,-39.23627482284657,19.634805534454125,-192.8249026193941,383.36436425171578,538.7418520797978,0.0,0.0,0.0,0.0,0.0,0.0,0.0,0.0,0.0,0.0,0.0,0.0,0.0,0.0,0.0,0.0,0.0,0.0,0.0,0.0,0.0,0.0,1.2120820560085304,0.36998841758502168,155.57015293125739,182.53481190954595,3541.92007807266,0.0,0.0,47.515627850398988,55.39628288212326,1191.832039172636,1.956529258235993,0.3697145234761895,158.5307841744503,186.00217607753565,3594.0873509854407,0.2661138252136734,0.05028605918625726,155.90620676494857,182.95814516854615,3432.225698360893,0.0,0.0,5.815747501379406,6.837189990916029,120.184839690142,0.0,0.0,14.77025990256988,17.175765033578576,383.66556210877766,0.0,0.0,150.85609232015475,177.4958729791729,3062.627277483456,0.0,0.0,22.86299527576464,26.994163971769905,418.7403738784277,0.0,0.0,109.89177363525488,129.6187457042392,2066.46496353541,29.72119655643976,20.384908474924406,171.79652579488818,202.48360368144794,3997.978217633108,0.0,0.0,126.98644909214305,150.3653575263059,2112.653817043052,0.0,21.330648872402727,48.85677476995807,21.000000000000008,30.00000000000001,0.0,22.687771776248657,48.492871774994018,21.000000000000008,30.00000000000001,0.0,21.256770055785468,48.79415884654897,21.000000000000008,30.00000000000001,0.0,21.051897347891307,49.71259557504616,16.000000000000008,30.00000000000001,0.0,20.3464232185,54.81729906996914,12.000000000000004,30.00000000000001,0.0,23.139729676396603,53.75863123372238,19.000000000000008,30.00000000000001,0.0,20.156698783153894,54.00022804437073,10.000000000000004,30.00000000000001,0.0,19.125453945086599,58.336618056541379,12.000000000000004,30.00000000000001,0.0,19.379310605333985,57.3149174254928,16.000000000000008,30.00000000000001,0.0,19.923240032751246,0.0,0.0,0.0,18.246129287068056,0.0,0.0,744.6556797106123,933.7363195789385,731.6228586379059,747.9481620508816,888.4563181301162,1284.6050339298136,818.7376419421134,853.5931558002393,848.1761645219816,0.0,81.4047959239821,81.4047959239821,570.0000000000002,0.0,570.0000000000002,570.0000000000002,21.0,16.0,19.0,16.0,12.0,12.0,21.0,10.0,1.0,0.0,0.0,0.0,0.0,0.0,0.0,0.0,0.0,0.0,0.0,0.0,0.0,81.4047959239821,81.4047959239821,0.0,0.0,0.0,81.4047959239821,0.0,0.0,0.011495 
 04/01  21:50:00,9.785,90.5,3.2983333333333335,0.0,0.0,0.0,0.0,0.0,2.0,0.0,0.0,4.0,0.0,0.0,0.0,876.0,0.0,0.0,0.0,0.0,0.0,0.0,0.0,0.0,0.0,0.0,0.0,21.24105158983872,-112.48779508150892,22.455747492789894,-278.5153388061294,21.049622636175479,-23.92162955363392,20.904850697056049,33.86552850832595,20.375789154442346,7.2461343341987,22.79231160837122,-36.941606289205427,20.124892592637417,-55.08174203617182,19.17185358389848,-36.84123223935103,19.557789710822889,-178.43760107674917,305.88144873298327,544.3781637584834,0.0,0.0,0.0,0.0,0.0,0.0,0.0,0.0,0.0,0.0,0.0,0.0,0.0,0.0,0.0,0.0,0.0,0.0,0.0,0.0,0.0,0.0,1.2610943416921313,0.38494943275095586,108.68860911963955,126.93346443453253,2447.6541170934126,0.0,0.0,50.11547506021265,58.16464449435593,1267.3238510759155,1.8814231790847263,0.35552214268418877,90.96507890691679,106.21105910057482,2078.4081031825896,0.2521609226120068,0.0476494562758894,105.2613636733268,122.93403101366246,2348.5509626009495,0.0,0.0,5.722532824835856,6.693262421657612,120.49850972164994,0.0,0.0,14.911840303667395,17.24094690883632,392.954139365187,0.0,0.0,147.04695796931567,172.25870185809777,2996.826331221165,0.0,0.0,21.754775240923775,25.56133024824246,405.02828841045388,0.0,0.0,109.24651543883282,128.28024824470237,2074.2562491902065,29.93592029339549,20.53218127119033,103.30082297572358,121.2796208896626,2596.5103338691817,0.0,0.0,125.88677765925915,148.3933205607088,2114.513704908254,11.951547786912207,21.00068248652386,50.05837051105003,21.0,30.0,0.0,22.593339624924249,48.394480666757377,21.0,30.0,0.0,21.065577705180158,49.87059127318179,21.0,30.0,0.0,20.998994429632956,49.98566535403066,16.0,30.0,0.0,20.35080508359116,54.981685156110497,12.0,30.0,0.0,23.134553028323056,53.73759801818825,19.0,30.0,0.0,19.998770720761283,54.69465170334933,10.0,30.0,0.0,19.084451433155939,58.437163961246067,12.0,30.0,0.0,19.275438730742108,57.673647711222169,16.0,30.0,0.0,19.56526706899301,0.0,0.0,0.0,18.132104891572287,0.0,0.0,751.332382225563,910.0314311539493,753.0368784923167,750.2707613394132,894.5907094221428,1280.3467497533505,824.6437425759364,849.5683682207936,845.8343109186671,10149.997469677073,81.2935207202263,81.2935207202263,570.0,0.0,570.0,570.0,21.0,16.0,19.0,16.0,12.0,12.0,21.0,10.0,1.0,0.0,11.951547786912207,0.0,0.0,0.0,0.0,0.0,0.0,0.0,0.0,0.0,0.0,81.2935207202263,81.2935207202263,0.34,0.6189383271716823,0.36028137401965956,81.2935207202263,0.3542647819438875,0.0,0.011178333333333336 
 04/01  22:00:00,9.6,92.0,3.39,0.0,0.0,0.0,0.0,0.0,2.0,0.0,0.0,4.0,0.0,0.0,0.0,3508.0,0.0,0.0,0.0,0.0,0.0,0.0,0.0,0.0,0.0,0.0,0.0,21.804367664136487,-571.631456034033,22.433398314951995,-228.6308144017981,21.414723215325659,-397.025905687746,20.891247571654135,140.56057592816456,20.374339238418484,3.9019766596035909,22.779491782581215,-49.261800455366117,20.129057450845879,-18.369021205540777,19.143853313592158,-44.42074247855132,19.500596599389298,-209.26453753517206,496.82898659431296,569.38281979935,0.0,0.0,0.0,0.0,0.0,0.0,0.0,0.0,0.0,0.0,0.0,0.0,0.0,0.0,0.0,0.0,0.0,0.0,0.0,0.0,0.0,0.0,1.1789281537939629,0.35986817881378599,241.02237861922445,281.94651379977429,5827.8829062444769,0.0,0.0,42.51226363308575,49.597262238887378,1088.8104226088649,1.9861408843320346,0.37531006884581166,300.84060914038926,351.79140844567089,7222.562258125127,0.28566072442675297,0.05397972872765548,151.8058383427384,177.6971898946034,3455.5369681511508,0.0,0.0,6.256701774034232,7.353896531185962,133.8978342127042,0.0,0.0,15.044179001777057,17.49508743974799,401.1606668652191,0.0,0.0,157.46489165790303,185.29521174790967,3278.7726256877206,0.0,0.0,22.0607199483225,26.048409232997967,417.3696665563811,0.0,0.0,113.1460125255899,133.5062299385833,2175.0745141655695,30.620337564804296,21.00160326804136,304.98262914929605,358.4180280452386,7075.087743771284,0.0,0.0,129.90853169026313,153.9050602806731,2204.6945572268207,841.4145989614419,21.795314458460387,47.430824871781577,21.5,30.0,0.0,22.58269411925462,48.74320078202664,21.0,30.0,1005.8557199588643,21.531381667060019,48.203415358417768,21.5,30.0,0.0,21.006127879924244,50.196754876633168,16.0,30.0,0.0,20.346806725633486,54.983949849123138,12.0,30.0,0.0,23.12004882082025,53.66345487889018,19.0,30.0,0.0,20.04240388634786,54.42240337479335,10.0,30.0,0.0,19.056637615875745,58.60689293389474,12.0,30.0,0.0,19.21540965587813,57.99525683930224,16.0,30.0,0.0,20.096756760838088,0.0,0.0,0.0,18.036032491261446,0.0,0.0,734.2650300149752,925.1617007652673,734.3636058254898,758.5803229643892,893.0457756922654,1272.629231406814,815.9704235019693,851.3996127731322,848.8531592236923,10187.159199156466,81.2689213979787,83.03883156540249,570.0,0.0,570.0,570.0,21.0,16.0,19.0,16.0,12.0,12.0,21.0,10.0,1.0,0.0,841.4145989614419,0.0,1005.8557199588643,0.0,0.0,0.0,0.0,0.0,2678.5019382582374,1607101.1629549424,2079464.8677688982,81.2689213979787,83.06889051574386,0.3442833979419413,0.768895794155767,0.36028137401965956,83.06889051574386,0.3542647819438875,2079464.8677688982,0.11899383979064936 
 04/01  22:10:00,9.485,92.33333333333334,3.4000000000000005,0.0,0.0,0.0,0.0,0.0,2.0,0.0,0.0,4.0,0.0,0.0,0.0,3508.0,0.0,0.0,0.0,0.0,0.0,0.0,0.0,0.0,0.0,0.0,0.0,21.45078275868248,-90.17036438433621,22.438128181427673,-212.4529675468171,21.29608646734531,-369.0235693666575,20.94380738856399,66.84171937538076,20.371895347980137,5.313063238894834,22.759338959683569,-45.59897157884171,20.091948131140563,-71.30260889151077,19.109844745395728,-43.80034145001332,19.419355868885753,-221.77323209830298,481.7885636200326,605.3007494539863,0.0,0.0,0.0,0.0,0.0,0.0,0.0,0.0,0.0,0.0,0.0,0.0,0.0,0.0,0.0,0.0,0.0,0.0,0.0,0.0,0.0,0.0,1.2760616477947234,0.38951820750754687,163.80367889209723,192.27390319579488,3880.2451117973776,0.0,0.0,45.657794661147459,53.23823272024634,1182.1276950129848,1.8740830226765888,0.3541351138844651,275.10017368252616,322.75189310922277,6585.104454386469,0.26723747292275115,0.050498388685327109,189.70615497312989,222.62078118181169,4376.5238130072689,0.0,0.0,6.2470290980238849,7.343081897407094,135.07132145958435,0.0,0.0,15.075406679787524,17.535204539850854,404.66049262942229,0.0,0.0,162.61650955851327,191.43107762846015,3400.6280176412499,0.0,0.0,21.081623832481605,24.896952934276926,402.08043957223557,0.0,0.0,120.82105954736562,142.63538439719395,2326.180412144063,30.797536080800158,21.123138601371858,283.36290866910329,333.8666109590425,6696.984922728383,0.0,0.0,137.4563398728855,162.90914996970833,2346.850811571651,0.0,21.347804367116447,49.443145316897467,21.0,30.0,0.0,22.61002900839187,49.127650176678518,21.0,30.0,0.0,21.411893509414069,48.57773054088743,21.0,30.0,0.0,21.10255687725328,49.702832402086347,16.0,30.0,0.0,20.34354553033251,54.99492044855025,12.0,30.0,0.0,23.094850830220368,52.464284623215529,19.0,30.0,0.0,19.972929651403456,54.77861260898884,10.0,30.0,0.0,19.01751676523697,58.70500198608004,12.0,30.0,0.0,19.111036949748585,58.25864127101449,19.0,30.0,0.0,20.071870067858993,0.0,0.0,0.0,17.972279017979774,0.0,0.0,767.5215441617395,948.0047144739586,733.6743797908814,744.2000078000897,891.9342789464957,1242.119006935569,818.5893804025059,846.996327302847,840.7655641590743,0.0,80.70246439599575,80.70246439599575,570.0,0.0,570.0,570.0,21.0,16.0,19.0,19.0,12.0,12.0,21.0,10.0,1.0,0.0,0.0,0.0,0.0,0.0,0.0,0.0,0.0,0.0,0.0,0.0,0.0,80.70246439599575,80.70246439599575,0.0,0.0,0.0,80.70246439599575,0.0,0.0,0.010545 
 04/01  22:20:00,9.370000000000001,92.66666666666667,3.41,0.0,0.0,0.0,0.0,0.0,2.0,0.0,0.0,4.0,0.0,0.0,0.0,1756.0,0.0,0.0,0.0,0.0,0.0,0.0,0.0,0.0,0.0,0.0,0.0,21.337372019988917,-166.83678565114315,22.417732416326296,-238.6291763055783,21.411943200964907,-295.3294642271976,20.91893138704284,42.85041053828115,20.36908460230938,4.880067836403768,22.73992095707596,-45.888903559655378,20.034243630774669,-58.65400040512941,19.079853151409809,-43.78222665330628,19.35063390139664,-212.32090504997587,444.5481192760335,617.4523760427387,0.0,0.0,0.0,0.0,0.0,0.0,0.0,0.0,0.0,0.0,0.0,0.0,0.0,0.0,0.0,0.0,0.0,0.0,0.0,0.0,0.0,0.0,1.270447366203253,0.3878044463379893,123.44231392943814,144.24815632607824,2892.11476669731,0.0,0.0,46.05358116957152,53.616150260394238,1200.8607439358708,1.9594060368569176,0.3702581324370594,164.2436936990091,191.9941085369562,4021.7305868912737,0.2704523095459431,0.05110587859900663,96.71759249862729,113.5468708682688,2255.1934017252895,0.0,0.0,6.3060147970793569,7.39904886486253,137.77927757906142,0.0,0.0,15.088817511868318,17.52512824400108,407.8256535456753,0.0,0.0,162.0858747140877,190.52374077347907,3400.7887371656986,0.0,0.0,20.72377787399538,24.434617843825877,398.692598351092,0.0,0.0,120.17871365522258,141.67795509981728,2321.7627762029158,30.892718766067945,21.18842165025237,177.1612835664355,208.35883010045539,4345.968506380152,0.0,0.0,136.6174956808788,161.6963437957801,2336.4928720118075,49.03271831360164,21.165406188840885,50.33600720071336,21.0,30.0,0.0,22.584848969343633,49.095231658275547,21.0,30.0,835.8560719487273,21.58726619025815,48.690530153139437,21.5,30.0,0.0,21.070115903761008,50.089721431872138,16.0,30.0,0.0,20.340463424275705,55.0279156361327,12.0,30.0,0.0,23.070812801424855,50.94258139326751,19.0,30.0,0.0,19.888247129528417,55.33768089313933,10.0,30.0,0.0,18.982702008086357,58.79914860271796,12.0,30.0,0.0,19.024603114178818,58.586331668471249,19.0,30.0,0.0,19.86935374995452,0.0,0.0,0.0,17.867098190158509,0.0,0.0,783.7870120783928,939.8727473540164,765.2767668780875,758.0963964884006,892.6454281610202,1204.8591074228114,830.5893621290281,844.3007214865836,840.9507071644262,9661.096400148199,81.6168442148043,81.6168442148043,570.0,0.0,570.0,570.0,21.0,16.0,19.0,19.0,12.0,12.0,21.0,10.0,1.0,0.0,49.03271831360164,0.0,835.8560719487273,0.0,0.0,0.0,0.0,0.0,0.0,0.0,0.0,81.6168442148043,81.6168442148043,0.34,0.769043440228061,0.36028137401965956,81.6168442148043,0.3542647819438875,0.0,0.010323333333333334 
 04/01  22:30:00,9.254999999999999,93.0,3.42,0.0,0.0,0.0,0.0,0.0,2.0,0.0,0.0,4.0,0.0,0.0,0.0,3512.0,0.0,0.0,0.0,0.0,0.0,0.0,0.0,0.0,0.0,0.0,0.0,21.764083367439825,-451.85190349396359,22.40791573801238,-197.2615587696077,21.501770725213619,-332.33706860943496,20.926046987215999,170.22345204783324,20.362669490933525,1.535774174880487,22.72045274249276,-46.91606094087632,20.07990958376761,58.06697349455351,19.043633234160294,-63.78958580486241,19.763089627696297,-182.2761984358608,538.2848144748916,446.8979221651532,0.0,0.0,0.0,0.0,0.0,0.0,0.0,0.0,0.0,0.0,0.0,0.0,0.0,0.0,0.0,0.0,0.0,0.0,0.0,0.0,0.0,0.0,1.2352172190191984,0.3770504331560435,195.2716076121258,228.605403417303,4908.126658810775,0.02908337565394028,0.004438854648037283,40.11976347526311,46.785534928916238,1055.8118535672248,1.9552040702411689,0.36946411002289678,264.3446054803249,309.8568997468726,6451.359649767963,0.2954034557152325,0.055820758827519367,217.38802685500066,254.91964092785723,5118.1641007544599,0.0,0.0,6.37447283023548,7.49280103402875,140.58236568080617,0.0,0.0,14.412285762283155,16.774720527815988,392.0836601038386,0.0,0.0,119.11548490282343,140.38046737306929,2542.6766731870845,0.0,0.0,24.90505350998319,29.397701144324594,482.435887167617,0.0,0.0,77.70280989972605,91.75098940721756,1602.4681232308488,31.320460264632044,21.48179716367082,276.26086594242067,325.2909667346051,6660.544392575535,0.0,0.0,88.92243148528987,105.67406022251008,1504.4507433673214,693.8417322560448,21.82635731858751,48.00793809385225,21.5,30.0,0.0,22.587502097544879,49.38741417042314,21.0,30.0,0.0,21.485165337857674,48.33184612948368,21.0,30.0,0.0,21.115069777114245,49.958712152299558,16.0,30.0,0.0,20.331849834880229,54.958107088937257,12.0,30.0,0.0,23.049271957675303,50.210043191828,19.0,30.0,0.0,20.01272351967979,54.42935463477845,10.0,30.0,0.0,18.938487853728537,58.995678068166,12.0,30.0,787.5871739034241,19.734347413821017,56.05364819218948,19.75,30.0,0.0,20.126889346049283,0.0,0.0,0.0,17.526053546160296,0.0,0.0,765.4806796186288,955.9376829108281,730.5076710876945,756.7614672903891,888.7455428725136,1186.1401884972029,805.9152516053659,846.434367959374,840.1249889786119,8748.837722136403,82.22005139536224,82.22005139536224,570.0,0.0,570.0,570.0,21.0,16.0,19.0,19.0,12.0,12.0,21.0,10.0,1.0,0.0,693.8417322560448,0.0,0.0,0.0,0.0,0.0,0.0,787.5871739034241,0.0,0.0,0.0,82.22005139536224,82.22005139536224,0.34,0.7714765383014338,0.36028137401965956,82.22005139536224,0.3542647819438875,0.0,0.010101666666666667 
 04/01  22:40:00,9.14,93.33333333333334,3.4299999999999999,0.0,0.0,0.0,0.0,0.0,2.0,0.0,0.0,0.0,0.0,0.0,0.0,5268.0,0.0,0.0,0.0,0.0,0.0,0.0,0.0,0.0,0.0,0.0,0.0,21.57647703497534,28.43067409443568,22.016843086600006,-744.6054075505327,21.233409916861903,52.89356086035912,20.933619539055596,67.04355027024967,20.353600711204697,0.8088549370684499,22.596291524852807,-50.71247451213721,20.225407185131709,46.07362834083734,18.972524400624786,-89.66410305829243,19.8280654837394,-246.87175104580769,524.470575986715,567.962583948229,0.0,0.0,0.0,0.0,0.0,0.0,0.0,0.0,0.0,0.0,0.0,0.0,0.0,0.0,0.0,0.0,0.0,0.0,0.0,0.0,0.0,0.0,1.1415241763872815,0.3484506032928208,248.9611258257632,291.7493071874205,6185.89241043105,0.16627794137814326,0.025378196181035277,204.47130661474987,239.44077863695737,5184.618806536347,1.9077345981206986,0.36049406616037379,196.6881701534676,230.69383631753755,4801.676349346131,0.278869709993392,0.05269646825271953,161.96523032969533,190.1101605731296,3854.802343580956,0.0,0.0,6.009747795365891,7.068207747494755,133.76363402844704,0.0,0.0,13.360699749685369,15.56713812853278,363.1143004871842,0.0,0.0,127.80141126474357,150.28624575430357,2833.1811251837127,0.0,0.0,31.029607848843683,36.67681515513399,601.8292019957005,0.0,0.0,72.48998763932262,85.35735800936854,1538.7864465831515,31.40434288598688,21.539329825779747,231.16749446793163,272.4205407394604,5715.430737776234,0.0,0.0,93.22120473785336,110.67831777791531,1551.5548419946215,0.0,21.625164415786985,48.85541133920931,20.999999999999987,29.99999999999998,0.0,21.90110121460841,47.34592934393834,11.999999999999993,29.99999999999998,0.0,21.344949954452397,49.729129793897637,20.999999999999987,29.99999999999998,0.0,21.12449615516317,50.54876980793837,15.999999999999988,29.99999999999998,0.0,20.320541005233048,54.742431937373009,11.999999999999993,29.99999999999998,0.0,22.915442062536525,49.81564421658253,11.999999999999993,29.99999999999998,0.0,20.271609930626416,53.8095569658888,9.999999999999993,29.99999999999998,0.0,18.83107022906476,59.468142126120287,11.999999999999993,29.99999999999998,0.0,19.800375242462648,55.797781625905418,18.999999999999987,29.99999999999998,0.0,20.037050389831209,0.0,0.0,0.0,17.382312911159194,0.0,0.0,778.7358395887914,742.2560151348733,780.1937474167662,787.3471707164413,876.4607524721604,1163.839175035549,818.5016444217165,852.4484724158289,841.4545758860032,0.0,82.46112217882609,82.46112217882609,59.99999999999996,0.0,59.99999999999996,59.99999999999996,12.0,16.0,12.0,19.0,12.0,12.0,21.0,10.0,1.0,0.0,0.0,0.0,0.0,0.0,0.0,0.0,0.0,0.0,0.0,0.0,0.0,82.46112217882609,82.46112217882609,0.0,0.0,0.0,82.46112217882609,0.0,0.0,0.0010400000000000002 
 04/01  22:50:00,9.025,93.66666666666667,3.4400000000000006,0.0,0.0,0.0,0.0,0.0,2.0,0.0,0.0,0.0,0.0,0.0,0.0,1757.0,0.0,0.0,0.0,0.0,0.0,0.0,0.0,0.0,0.0,0.0,0.0,21.371206244735619,-135.52950877760669,21.687313643253874,-224.83570246708019,21.479033496268849,-332.20775837951717,20.891196574122888,78.08328993547457,20.343668686375979,1.160411591621724,22.451953077217558,-52.3173606715651,20.20843474788056,-13.191340900044452,18.906982858305584,-82.78539059730133,19.59863794083215,-284.461768348074,498.33765191247496,679.1337339567174,0.0,0.0,0.0,0.0,0.0,0.0,0.0,0.0,0.0,0.0,0.0,0.0,0.0,0.0,0.0,0.0,0.0,0.0,0.0,0.0,0.0,0.0,1.1932862303663208,0.36425098607030556,162.48096524612857,190.29288685394949,3983.830511504514,0.21293538201220109,0.03249929517890737,113.72118728811008,133.2129532407576,2791.038054395821,1.6881359666474745,0.3189977261238615,168.69927564737643,197.12127792472564,4269.182394128011,0.26601463206889977,0.05026731520576335,164.38817391666579,192.43451644293993,3929.595788673475,0.0,0.0,5.9498162063784669,6.981900881596038,133.68925587930785,0.0,0.0,13.086327937383789,15.224858350294574,353.4789764173518,0.0,0.0,149.04703413245779,174.9242007077565,3326.2463676726767,0.0,0.0,30.911479542362757,36.47305369317132,601.1725683451939,0.0,0.0,94.7394214794035,111.4674966006485,1964.6034300363327,31.430204498556923,21.55706755730928,201.39489431408203,236.69725612520115,5037.117817347087,0.0,0.0,116.24453946229417,137.6766211343819,1987.5782299603002,0.0,21.25387406330791,49.20249218130073,21.0,30.0,0.0,21.415254403808804,48.63935583868525,12.0,30.0,820.4870303463474,21.69781162624554,48.19235126700693,21.5,30.0,0.0,21.060404415841906,50.5638280165697,16.0,30.0,0.0,20.30852281736921,54.510012839144838,12.0,30.0,0.0,22.703190931717516,49.402211750840937,12.0,30.0,0.0,20.233706612623899,53.85452799588077,10.0,30.0,0.0,18.73593338729313,59.73303905977478,12.0,30.0,0.0,19.41845000744143,57.124905413016367,19.0,30.0,0.0,19.896429025302358,0.0,0.0,0.0,17.498762495717537,0.0,0.0,740.937614081907,736.1057518958262,755.9631334632263,778.8410567658525,863.7261054011012,1128.1387802556379,816.7559375484384,849.6304169461738,842.9850320675392,7996.675557339369,82.71735867494925,82.71735867494925,60.0,0.0,60.0,60.0,12.0,16.0,12.0,19.0,12.0,12.0,21.0,10.0,1.0,0.0,0.0,0.0,820.4870303463474,0.0,0.0,0.0,0.0,0.0,0.0,0.0,0.0,82.71735867494925,82.71735867494925,0.34,0.6939211409025746,0.36028137401965956,82.71735867494925,0.3542647819438875,0.0,0.0010266666666666669 
 04/01  23:00:00,8.91,94.0,3.45,0.0,0.0,0.0,0.0,0.0,2.0,0.0,0.0,0.0,0.0,0.0,0.0,1758.0,0.0,0.0,0.0,0.0,0.0,0.0,0.0,0.0,0.0,0.0,0.0,21.345393752121074,69.69645851145106,21.64858917457033,-124.635731861782,21.35599519557989,-372.3226177273584,20.944854436604098,160.2819702007314,20.330257783642567,-2.2495850323259249,22.329546801080306,-60.901806358756747,20.083864264873058,-71.83020537630228,18.874676829540797,-62.0603088044565,19.398615314823318,-308.310656316728,599.324615598447,725.2562844577601,0.0,0.0,0.0,0.0,0.0,0.0,0.0,0.0,0.0,0.0,0.0,0.0,0.0,0.0,0.0,0.0,0.0,0.0,0.0,0.0,0.0,0.0,1.2877862991317919,0.3930971609071404,220.02302566166419,257.638989016741,5426.321388837816,0.2566498382455135,0.03917122073344223,193.79612694481939,226.72830153707145,4824.932929261265,1.3690835387484917,0.25870815169094715,232.29685729445033,272.4073753209236,5724.53628789767,0.25205179116756129,0.04762883430981882,151.16876046581957,177.19573726300315,3692.106084955898,0.0,0.0,6.448386227698867,7.5689382935003899,146.1475890625233,0.0,0.0,13.01989095534045,15.15524530539859,350.70131015505776,0.0,0.0,171.66793893577819,201.69154985430928,3798.1897341092665,0.0,0.0,26.036332803912019,30.71864289520604,511.1050719309359,0.0,0.0,119.41342654980375,140.7099639175707,2436.6940524271196,31.65901263940015,21.714000438546067,315.1376045181913,370.44138610818268,7852.59369000815,0.0,0.0,138.75836319210118,164.4054989619898,2405.2399307721605,0.0,21.29177670217978,48.988872302824209,21.0,30.0,0.0,21.456479806836616,48.2867364561735,12.0,30.0,0.0,21.258393152314626,48.97408741866569,21.0,30.0,0.0,21.188836125692356,49.2670595217228,16.0,30.0,0.0,20.29174174951892,54.311678970796659,12.0,30.0,0.0,22.544350420393749,49.28060576565548,12.0,30.0,0.0,20.009462958895605,54.27346385532864,10.0,30.0,0.0,18.712110419390933,59.49214877122385,12.0,30.0,0.0,19.11428293702277,57.85088881203517,19.0,30.0,0.0,20.19820484991164,0.0,0.0,0.0,17.513885471256267,0.0,0.0,737.3187844790894,726.4969028803909,732.257982071936,735.8110897332231,852.7285125755468,1111.998416243792,803.6553874026757,836.6301722182059,829.1676515037968,0.0,83.2152406117667,83.2152406117667,60.0,0.0,60.0,60.0,12.0,16.0,12.0,19.0,12.0,12.0,21.0,10.0,1.0,0.0,0.0,0.0,0.0,0.0,0.0,0.0,0.0,0.0,0.0,0.0,0.0,83.2152406117667,83.2152406117667,0.0,0.0,0.0,83.2152406117667,0.0,0.0,0.0010133333333333334 
 04/01  23:10:00,8.861666666666669,94.16666666666667,3.4250000000000004,0.0,0.0,0.0,0.0,0.0,2.0,0.0,0.0,0.0,0.0,0.0,0.0,1758.0,0.0,0.0,0.0,0.0,0.0,0.0,0.0,0.0,0.0,0.0,0.0,21.187226487838083,-174.3502255426156,21.486798910009527,-212.94478607880729,21.036196421465758,-245.12977447745744,20.80326811065085,-122.6946555350055,20.316600731262015,-3.1330878442380909,22.231887334447046,-60.977416100724159,19.961215604125763,-90.3635593849699,18.853042544024328,-58.547615226450378,19.25409799329845,-293.14322663824989,557.1647845454882,719.8271714998591,0.0,0.0,0.0,0.0,0.0,0.0,0.0,0.0,0.0,0.0,0.0,0.0,0.0,0.0,0.0,0.0,0.0,0.0,0.0,0.0,0.0,0.0,1.2033385305057012,0.3673194537563191,248.03605940046777,290.4828003360773,5986.032374083772,0.22025616742718516,0.0336166311702053,78.87591568483878,92.49496203596968,1931.5921676098288,1.574708034706335,0.2975638765507059,306.26658987029887,358.6846456117223,7325.508139080001,0.23286652824457955,0.04400350118000368,164.84526715564665,193.05994378810528,3938.1146824065638,0.0,0.0,6.154354391590244,7.2218457522492269,139.89353579280994,0.0,0.0,13.231577337937756,15.411481209528912,354.5029582023162,0.0,0.0,171.8167004717271,202.03034071340319,3747.940244694287,0.0,0.0,23.57689036154587,27.821455029925823,464.461840577958,0.0,0.0,123.63761832632503,145.82255421575423,2484.877983077671,31.3224239923147,21.483144027650697,353.0763837314662,414.83728707329359,8551.100330449775,0.0,0.0,141.80900307842746,168.1068527706433,2446.8642831384806,0.0,20.990620373423348,49.207392724574649,21.0,30.0,0.0,21.20927401013119,48.09021345629392,12.0,30.0,0.0,20.82781213001396,49.55803953221097,21.5,30.0,0.0,20.906765242276188,49.75915111630853,12.0,30.0,0.0,20.27596572535643,54.13105860638534,12.0,30.0,0.0,22.417035059945357,49.01248584526135,12.0,30.0,0.0,19.797057962717184,54.61811180414044,10.0,30.0,0.0,18.697964059274125,59.223119160875047,12.0,30.0,0.0,18.903304082683616,58.270973857285898,19.5,30.0,0.0,20.05506209978842,0.0,0.0,0.0,17.42256741941383,0.0,0.0,705.8378401525301,683.5803133153723,699.5935388743383,720.3012815246889,844.6628451830059,1088.942571604644,789.1065761323343,824.6407030820101,816.375658800686,0.0,83.2152406117667,83.2152406117667,60.0,0.0,60.0,60.0,12.0,12.0,12.0,19.0,12.0,12.0,21.0,10.0,0.0,0.0,0.0,0.0,0.0,0.0,0.0,0.0,0.0,0.0,0.0,0.0,0.0,83.2152406117667,83.2152406117667,0.0,0.0,0.0,83.2152406117667,0.0,0.0,0.001 
 04/01  23:20:00,8.813333333333333,94.33333333333334,3.4000000000000005,0.0,0.0,0.0,0.0,0.0,2.0,0.0,0.0,0.0,0.0,0.0,0.0,1758.0,0.0,0.0,0.0,0.0,0.0,0.0,0.0,0.0,0.0,0.0,0.0,20.996603520221556,-52.428096614180507,21.40237236763266,-293.6777324937982,20.958378087227147,-223.6277329074619,20.63163250139469,-42.37872647926906,20.300621679321027,-3.348271508622773,22.14442545972838,-58.46847700366203,19.867248673486388,-115.67001352141142,18.83265018464352,-56.49363183808828,19.141113882220269,-296.4527312214018,538.7046740182714,705.2221186637185,0.0,0.0,0.0,0.0,0.0,0.0,0.0,0.0,0.0,0.0,0.0,0.0,0.0,0.0,0.0,0.0,0.0,0.0,0.0,0.0,0.0,0.0,1.1951039880033907,0.36480585714389215,356.44316253298936,417.750925101669,8459.705431322342,0.19591181882672877,0.029901071249500728,185.79709802063403,217.30106997204855,4512.379130672417,1.4225328216087428,0.268808167348591,307.6852924691053,360.67689584877476,7339.83340570172,0.23982622436329516,0.045318636501000587,160.61398535988503,188.28333941567395,3775.8308960999386,0.0,0.0,5.978105369540238,7.018918443197142,136.24498661502038,0.0,0.0,13.243747936418547,15.43312803039193,353.37534655959959,0.0,0.0,165.97047962834956,195.27621813970399,3591.5008413875304,0.0,0.0,20.53776308975499,24.240980418028874,406.0662639183315,0.0,0.0,123.84214510323642,146.13008168355104,2464.159781543258,31.13845399014521,21.356964327945968,470.68353022346539,553.0620775062008,11153.577737937496,0.0,0.0,140.1220861743025,166.17258850145266,2396.833471887964,0.0,20.69327369895307,49.794030980273578,22.0,30.0,0.0,21.124068486889116,47.99729034571364,12.0,30.0,0.0,20.781057542434817,49.18923846260853,22.0,30.0,0.0,20.628342925727684,50.14263291894717,12.0,30.0,0.0,20.257359246106277,53.87473596165403,12.0,30.0,0.0,22.308234023155899,48.74756126997144,12.0,30.0,0.0,19.65392671159151,54.739644665558248,10.0,30.0,0.0,18.685187736128797,58.90407534982651,12.0,30.0,0.0,18.750696606453638,58.39859547154744,20.0,30.0,0.0,19.988671085435656,0.0,0.0,0.0,17.296931866850544,0.0,0.0,691.9007684379842,668.3033641258086,676.7010690113943,699.3158940871172,832.1798104917411,1067.7533713944718,775.4404350214315,811.2844680914693,800.8489920250182,0.0,83.2152406117667,83.2152406117667,60.0,0.0,60.0,60.0,12.0,12.0,12.0,19.0,12.0,12.0,21.0,10.0,0.0,0.0,0.0,0.0,0.0,0.0,0.0,0.0,0.0,0.0,0.0,0.0,0.0,83.2152406117667,83.2152406117667,0.0,0.0,0.0,83.2152406117667,0.0,0.0,0.00101 
 04/01  23:30:00,8.765,94.5,3.375,0.0,0.0,0.0,0.0,0.0,2.0,0.0,0.0,0.0,0.0,0.0,0.0,1758.0,0.0,0.0,0.0,0.0,0.0,0.0,0.0,0.0,0.0,0.0,0.0,20.985743480721778,-184.85659772133296,21.19849953648988,-224.2518710006484,20.77085627944753,-127.8144409490942,20.578106094030028,-93.98086798786426,20.28508130560247,-5.328506542278419,22.067433074149294,-61.57487768284341,19.77134607540671,-94.2994112754086,18.813104311381978,-53.638036572347747,19.036819709562335,-292.5536840061536,522.7182996389038,695.3722210898332,0.0,0.0,0.0,0.0,0.0,0.0,0.0,0.0,0.0,0.0,0.0,0.0,0.0,0.0,0.0,0.0,0.0,0.0,0.0,0.0,0.0,0.0,1.1708499289115382,0.3574022982025452,332.00772617792497,389.32414892050039,7887.971203730842,0.20176504356553943,0.030794420568611024,168.38146877343383,197.64166840432297,4024.870942972586,1.4642841982066915,0.2766976942945374,319.54681035951878,374.82795221551728,7502.577168157415,0.2356823762304852,0.04453559641543559,181.50681897032286,212.94561664730493,4259.021526187379,0.0,0.0,6.045293385351872,7.0951991945577419,138.17141312298936,0.0,0.0,13.219501916163594,15.411894142369228,351.77644319384219,0.0,0.0,166.6179105329703,196.1323817470574,3575.1328316632618,0.0,0.0,18.375971947980209,21.689804200474545,364.69990683569798,0.0,0.0,124.37599791819659,146.86233439346996,2454.194251303459,31.09227505173102,21.325291530679718,465.6791862252608,547.6443566509138,11014.12537460076,0.0,0.0,139.42197266212578,165.43706114461825,2369.7261193346596,0.0,20.699168858398069,49.26623575432441,22.0,30.0,0.0,20.821625298649385,48.2663972278739,12.0,30.0,0.0,20.51258376602555,49.53789091050526,22.0,30.0,0.0,20.562415798291548,50.050501067985099,12.0,30.0,0.0,20.24096003511297,53.585513525305518,12.0,30.0,0.0,22.219342895852237,48.449663506218218,12.0,30.0,0.0,19.510711490659568,54.80218191277482,10.0,30.0,0.0,18.673836716869766,58.58725658553149,12.0,30.0,0.0,18.614096405861497,58.50331195482169,20.0,30.0,0.0,19.91308845604202,0.0,0.0,0.0,17.190331367274248,0.0,0.0,669.7161372789645,640.0073901274564,656.1602663003978,686.9924683645954,818.8355617977743,1046.3657449728115,759.0778824574214,798.7902646448076,787.2377945743785,0.0,83.2152406117667,83.2152406117667,60.0,0.0,60.0,60.0,12.0,12.0,12.0,19.0,12.0,12.0,21.0,10.0,0.0,0.0,0.0,0.0,0.0,0.0,0.0,0.0,0.0,0.0,0.0,0.0,0.0,83.2152406117667,83.2152406117667,0.0,0.0,0.0,83.2152406117667,0.0,0.0,0.00102 
 04/01  23:40:00,8.716666666666667,94.66666666666666,3.3499999999999998,0.0,0.0,0.0,0.0,0.0,2.0,0.0,0.0,0.0,0.0,0.0,0.0,1758.0,0.0,0.0,0.0,0.0,0.0,0.0,0.0,0.0,0.0,0.0,0.0,20.814530726229479,-62.08862224220047,21.1644709845801,-261.1517412290366,20.743860123526326,-208.62979952753723,20.46085229204688,-44.91758140618322,20.265455082816325,-5.492919891114013,21.99188988307071,-60.7534371226491,19.70901058370837,-124.7467139176797,18.794854974122428,-49.48338597433917,18.947954462524764,-304.10395929353038,490.96708338350347,701.2306864672742,0.0,0.0,0.0,0.0,0.0,0.0,0.0,0.0,0.0,0.0,0.0,0.0,0.0,0.0,0.0,0.0,0.0,0.0,0.0,0.0,0.0,0.0,1.1766350659284908,0.3591682130428848,332.2388216165905,389.75057238591236,7795.282273050638,0.19551821165735845,0.029840996895201228,170.62022729748697,199.75600619057139,4086.350787081571,1.3541023565303383,0.25587724046302698,291.53754694031155,342.08315568585069,6870.160212131153,0.23565325643016797,0.044530093807665888,153.1696477464393,179.72050868471107,3561.073410282003,0.0,0.0,5.9892012686585149,7.03303165408161,137.20574112761995,0.0,0.0,13.245368336467731,15.448048432104536,351.5597442243881,0.0,0.0,164.82202142520536,194.0992546730596,3527.823938599685,0.0,0.0,16.506014440843157,19.486908466755616,328.9089641756947,0.0,0.0,127.30847428588746,150.37045146415975,2497.205491554305,31.041629373928303,21.290555126151106,438.7999824325498,516.0347948623718,10343.965465075311,0.0,0.0,140.1571950582107,166.35833185185039,2367.755871099803,0.0,20.447184302443867,49.818455395899658,22.0,30.0,0.0,20.83370625095163,48.046312799887548,12.0,30.0,0.0,20.530510102452099,49.091568163296759,22.0,30.0,0.0,20.38909196080186,50.13422428238399,12.0,30.0,0.0,20.218384397923289,53.30121666483375,12.0,30.0,0.0,22.132563986257215,48.206137412969678,12.0,30.0,0.0,19.431436759123977,54.7119904607904,10.0,30.0,0.0,18.665373464612558,58.2237937093807,12.0,30.0,0.0,18.50450653812576,58.43492906472554,20.0,30.0,0.0,19.77769812050346,0.0,0.0,0.0,17.08865695232463,0.0,0.0,661.034952078619,632.5470551317682,639.5003821079398,667.7978232148822,804.5609451161979,1027.969698321456,745.8945648883732,784.5066341086323,770.3550001434445,0.0,83.2152406117667,83.2152406117667,60.0,0.0,60.0,60.0,12.0,12.0,12.0,19.0,12.0,12.0,21.0,10.0,0.0,0.0,0.0,0.0,0.0,0.0,0.0,0.0,0.0,0.0,0.0,0.0,0.0,83.2152406117667,83.2152406117667,0.0,0.0,0.0,83.2152406117667,0.0,0.0,0.0010299999999999999 
 04/01  23:50:00,8.668333333333333,94.83333333333333,3.325,0.0,0.0,0.0,0.0,0.0,2.0,0.0,0.0,0.0,0.0,0.0,0.0,1758.0,0.0,0.0,0.0,0.0,0.0,0.0,0.0,0.0,0.0,0.0,0.0,20.825438896218217,-181.77938070123856,21.001386093656615,-212.9149436167495,20.59446796912162,-123.13872973475918,20.42759615838938,-95.09860279766099,20.24722737365486,-7.002270144852943,21.924328967746037,-62.90475982614254,19.628025398322845,-104.19970472026717,18.77672941441252,-46.75874137149901,18.85834067396057,-301.1926723477977,492.927560398748,697.6656081755982,0.0,0.0,0.0,0.0,0.0,0.0,0.0,0.0,0.0,0.0,0.0,0.0,0.0,0.0,0.0,0.0,0.0,0.0,0.0,0.0,0.0,0.0,1.160970634661419,0.35438664061703886,337.11585426832655,395.6442059621906,7943.2745591937859,0.1999093080894757,0.030511188658344888,176.0703160602316,206.83512190731939,4168.027313578456,1.4056597113353,0.265619748929573,316.06289938182308,371.05356193165405,7363.363461687186,0.23228490906746325,0.0438935958177368,180.2170046015547,211.6018902958544,4194.696802899842,0.0,0.0,6.080588970799566,7.13940293379043,139.6704080377227,0.0,0.0,13.213444387236866,15.416648098288349,350.15574960891129,0.0,0.0,166.1439564920612,195.73097664983045,3535.754139286474,0.0,0.0,15.413071875768877,18.195948056353275,308.38172029812918,0.0,0.0,128.69319941889695,152.0957410320749,2509.5002776731737,31.035741183812215,21.28651658697683,470.77783823344,554.0306158741861,11065.067027749152,0.0,0.0,139.98073665030916,166.23317750348066,2353.970817667062,0.0,20.49739990738372,49.15768427413823,22.0,30.0,0.0,20.599829225314659,48.11594325049614,12.0,30.0,0.0,20.318751560230596,49.3176855802224,22.0,30.0,0.0,20.363779023726289,49.9524251824802,12.0,30.0,0.0,20.199920018065908,52.972191124766187,12.0,30.0,0.0,22.059546759971356,47.951372337686887,12.0,30.0,0.0,19.318617837950087,54.66442204292804,10.0,30.0,0.0,18.657209036941425,57.88536014142797,12.0,30.0,0.0,18.394116452039776,58.450660254401579,20.0,30.0,0.0,19.749107648541057,0.0,0.0,0.0,16.998662856582127,0.0,0.0,639.4456292563452,605.1687474378198,621.8606913598417,657.4369294430842,789.1027918871805,1009.8335512853372,729.49521303328,771.7222778768371,757.2689081212998,0.0,83.2152406117667,83.2152406117667,60.0,0.0,60.0,60.0,12.0,12.0,12.0,19.0,12.0,12.0,21.0,10.0,0.0,0.0,0.0,0.0,0.0,0.0,0.0,0.0,0.0,0.0,0.0,0.0,0.0,83.2152406117667,83.2152406117667,0.0,0.0,0.0,83.2152406117667,0.0,0.0,0.0010533333333333333 
 04/01  24:00:00,8.62,95.0,3.3,0.0,0.0,0.0,0.0,0.0,2.0,0.0,0.0,0.0,0.0,0.0,0.0,1758.0,0.0,0.0,0.0,0.0,0.0,0.0,0.0,0.0,0.0,0.0,0.0,20.672097207588416,-68.98096865287607,20.987977270838294,-242.75280100892815,20.585644358854986,-198.37148128643003,20.327035852168675,-50.08475953350262,20.225002888629136,-6.956827264151073,21.856111626481977,-62.10366984008118,19.57381803693867,-132.83198916923039,18.75858936066522,-42.76909904902067,18.779310585066047,-312.3990031900612,468.4925326818284,707.3633927707829,0.0,0.0,0.0,0.0,0.0,0.0,0.0,0.0,0.0,0.0,0.0,0.0,0.0,0.0,0.0,0.0,0.0,0.0,0.0,0.0,0.0,0.0,1.1655428084546198,0.35578229806307079,325.1262974889843,381.6991692828603,7583.327988605166,0.19527529040088754,0.029803921001356465,166.55082052973189,195.152702996319,3964.1052058250918,1.3116663721974929,0.2478583469760947,289.60405754808178,340.06893609870658,6786.874988120206,0.23240844729125843,0.043916940153299017,154.27044410651099,181.15557149569109,3566.648147428481,0.0,0.0,5.989623103519296,7.035058778197721,137.87566900218293,0.0,0.0,13.231684748823377,15.443005421460523,350.02757222549459,0.0,0.0,165.03563470454248,194.4962032069065,3508.4662406073787,0.0,0.0,13.804542791402861,16.301029722846477,277.31978306898807,0.0,0.0,131.52326482116713,155.48147448879826,2553.804195229175,31.016448621363148,21.27328437679229,433.1733257403395,509.7743755436679,10180.286686484393,0.0,0.0,141.06814065649446,167.56888940446442,2361.4546409191109,0.0,20.276180630805088,49.64080577273075,22.0,30.0,0.0,20.644789674729269,47.86636981963898,12.0,30.0,0.0,20.36184203918818,48.85280683190458,22.0,30.0,0.0,20.221144514656787,49.94578798395369,12.0,30.0,0.0,20.17533147556288,52.6841676242082,12.0,30.0,0.0,21.984509458326117,47.72746456432863,12.0,30.0,0.0,19.255837195351416,54.523247812426777,10.0,30.0,0.0,18.64939544194732,57.53016804626806,12.0,30.0,0.0,18.301901938787883,58.322868462076879,20.0,30.0,0.0,19.634830995795526,0.0,0.0,0.0,16.910305232672937,0.0,0.0,632.2816405013101,601.1271435727873,608.2638022859071,638.9847708106818,774.3771128527019,993.4139292035209,716.7308531495104,757.9194206486534,740.7301366796814,0.0,83.2152406117667,83.2152406117667,60.0,0.0,60.0,60.0,12.0,12.0,12.0,19.0,12.0,12.0,21.0,10.0,0.0,0.0,0.0,0.0,0.0,0.0,0.0,0.0,0.0,0.0,0.0,0.0,0.0,83.2152406117667,83.2152406117667,0.0,0.0,0.0,83.2152406117667,0.0,0.0,0.0010766666666666668 
 04/02  00:10:00,8.553333333333333,95.0,3.3216666666666669,0.0,0.0,0.0,0.0,0.0,2.0,2.0,0.0,0.0,0.0,0.0,0.0,1758.0,0.0,0.0,0.0,0.0,0.0,0.0,0.0,0.0,0.0,0.0,0.0,20.696319860108699,-177.08446137447937,20.846201213989596,-202.17309913852979,20.45425245382836,-119.58486389263453,20.305788416931699,-93.45854986559789,20.207683156177848,-3.96772973840298,21.796118393856625,-58.628962022736747,19.657546750995388,35.615418249294638,18.702280922860785,-85.5285873704218,18.861881730960499,-120.1771470938653,476.0653745993677,385.2898478692125,0.0,0.0,0.0,0.0,0.0,0.0,0.0,0.0,0.0,0.0,0.0,0.0,0.0,0.0,0.0,0.0,0.0,0.0,0.0,0.0,0.0,0.0,1.167272409745642,0.3563102593851166,331.6679288590345,389.45732042995817,7798.062142156081,0.20223675668243452,0.030866415855072425,174.58450595057503,205.19854545965496,4121.341247868637,1.4021927333475826,0.2649646132554012,311.3533012015137,365.72308783232065,7239.774735128362,0.23248691632289168,0.043931768012640138,177.6638095444618,208.71330909963329,4126.449917013937,0.0,0.0,5.526855691073834,6.490486798656873,127.80054788905335,0.0,0.0,12.68053045268181,14.802543001634004,335.66305130406627,0.0,0.0,67.8552505374285,79.89026132229739,1480.648617542058,0.0,0.0,20.261040056082565,23.930266144381848,406.43284811073087,0.0,0.0,28.164699608997475,33.268531774385198,561.8310235479074,31.06098690771853,21.30383189829804,464.650349489539,547.0853104804407,10916.446424527998,0.0,0.0,56.812772541183168,67.60948816710473,900.5540787534651,0.0,20.353033190791984,48.877387077350579,22.0,30.0,0.0,20.445155145798709,47.83023051402843,12.0,30.0,0.0,20.176231650555648,49.0090521381577,22.0,30.0,0.0,20.219453743598728,49.71408204867648,12.0,30.0,0.0,20.16174074646224,52.267858185066859,12.0,30.0,0.0,21.925096639413455,47.488802065392508,12.0,30.0,0.0,19.47337342038751,52.71372979065443,10.0,30.0,0.0,18.565786518294958,57.37652031100924,12.0,30.0,0.0,18.506523456951795,57.400916754509967,20.0,30.0,0.0,19.61564025806153,0.0,0.0,0.0,16.38855722071196,0.0,0.0,610.6126799105987,574.8934615700844,592.8048704822033,632.2188491094694,756.7962821945876,985.3631678433256,675.205694816342,746.2981166656721,795.8414452201096,0.0,83.2152406117667,83.2152406117667,60.0,0.0,60.0,60.0,12.0,12.0,12.0,19.0,12.0,12.0,21.0,10.0,0.0,0.0,0.0,0.0,0.0,0.0,0.0,0.0,0.0,0.0,0.0,0.0,0.0,83.2152406117667,83.2152406117667,0.0,0.0,0.0,83.2152406117667,0.0,0.0,0.0011 
 04/02  00:20:00,8.486666666666669,95.0,3.3433333333333339,0.0,0.0,0.0,0.0,0.0,2.0,2.0,0.0,0.0,0.0,0.0,0.0,1758.0,0.0,0.0,0.0,0.0,0.0,0.0,0.0,0.0,0.0,0.0,0.0,20.55686030906183,-68.18960369328579,20.841312531555709,-229.39647129224228,20.454306695834857,-188.8015452831005,20.216326148312559,-48.34376369239362,20.188427873147228,-2.027345647611213,21.737651972297408,-52.039490839104647,19.74596281832809,-11.172866660443106,18.619799305220107,-110.75810238827921,18.976102098001698,-120.00793657720249,459.0684416246804,424.9748214038441,0.0,0.0,0.0,0.0,0.0,0.0,0.0,0.0,0.0,0.0,0.0,0.0,0.0,0.0,0.0,0.0,0.0,0.0,0.0,0.0,0.0,0.0,1.1830139203285646,0.36111536029565469,318.3570109430534,373.9202253995495,7431.404810524995,0.20028161919409,0.030568012697510688,165.2011931726654,193.67101935369218,3932.21829628026,1.343368457284762,0.25384891483083196,286.9085985232296,337.05032313191557,6728.581390188476,0.23471187408782014,0.044352205987872279,152.78398096625944,179.48949361463787,3535.876697985551,0.0,0.0,5.238151107040057,6.1529529388720018,121.63912396285427,0.0,0.0,12.315978531215038,14.379817779325535,326.26305957869178,0.0,0.0,66.05290740905234,77.7609708397164,1471.764352865856,0.0,0.0,25.119169156546584,29.68357955006032,501.0944412573067,0.0,0.0,25.60709327052992,30.22647104980622,525.125410255011,31.08512026095338,21.320384266771876,429.1771099822871,505.2834131379859,10111.064580821447,0.0,0.0,58.15595092432099,69.2464113103584,913.0048768127736,0.0,20.151553095299616,49.267781244607828,22.0,30.0,0.0,20.501744424376768,47.573473404313727,12.0,30.0,0.0,20.230722013639324,48.53291515958654,22.0,30.0,0.0,20.097151038786316,49.60472896160354,12.0,30.0,0.0,20.144992406979197,51.86893119199969,12.0,30.0,0.0,21.867324426040118,47.247940658215309,12.0,30.0,0.0,19.65349929121855,51.783815534152257,10.0,30.0,0.0,18.43978779296175,57.06917569347655,12.0,30.0,0.0,18.73000416650379,56.170449502209439,20.0,30.0,0.0,19.519045866180968,0.0,0.0,0.0,16.243272120776785,0.0,0.0,603.8937323299938,573.2713509958062,582.2436390997502,616.1896173008877,741.4770104148754,982.8709397461804,672.0272973540074,722.5043079379798,826.5933435849007,0.0,83.2152406117667,83.2152406117667,60.0,0.0,60.0,60.0,12.0,12.0,12.0,19.0,12.0,12.0,21.0,10.0,0.0,0.0,0.0,0.0,0.0,0.0,0.0,0.0,0.0,0.0,0.0,0.0,0.0,83.2152406117667,83.2152406117667,0.0,0.0,0.0,83.2152406117667,0.0,0.0,0.0011033333333333334 
 04/02  00:30:00,8.42,95.0,3.365,0.0,0.0,0.0,0.0,0.0,2.0,2.0,0.0,0.0,0.0,0.0,0.0,1758.0,0.0,0.0,0.0,0.0,0.0,0.0,0.0,0.0,0.0,0.0,0.0,20.588327908442847,-173.54189672437679,20.711910854733,-192.27156110728675,20.334861022476763,-114.18161651258379,20.20347788715265,-88.30032543608559,20.169510611156903,-2.195213706050211,21.685153461866315,-49.205218042290059,19.748060079881936,-11.437193700646504,18.53155999687884,-125.08552606807428,19.059094196689757,-117.50188388091886,468.07457405288735,443.2102242740473,0.0,0.0,0.0,0.0,0.0,0.0,0.0,0.0,0.0,0.0,0.0,0.0,0.0,0.0,0.0,0.0,0.0,0.0,0.0,0.0,0.0,0.0,1.1762000524228849,0.3590354250375106,321.44011829722026,377.56736618866389,7571.765698019533,0.20520969255644079,0.03132016064658742,171.41746419858885,201.54087138231717,4051.148323516895,1.4104007204395535,0.26651563122440549,302.3297383037334,355.2308400841929,7044.899494281903,0.2334960135149623,0.04412245153343958,172.22363797641067,202.3838544307899,4008.9616975764267,0.0,0.0,5.209679990620946,6.118881943635307,121.50370545970621,0.0,0.0,12.066869508223819,14.091432283795339,320.1256210258805,0.0,0.0,67.92750719345534,79.92077066931626,1524.75026199788,0.0,0.0,28.7940191618599,34.03846492165779,570.9163610084019,0.0,0.0,23.811680329152688,28.089882866930407,498.76635884719658,31.13349115336544,21.353560461841874,451.95044593379097,532.2900797158636,10660.914833856597,0.0,0.0,58.71256500357656,69.92885990125294,917.1857552153779,0.0,20.240490719622686,48.476667960116738,22.0,30.0,0.0,20.320587069256108,47.51352816554016,12.0,30.0,0.0,20.062435768120915,48.6455786760835,22.0,30.0,0.0,20.11014034542419,49.28736333346795,12.0,30.0,0.0,20.12953661362999,51.48523429384481,12.0,30.0,0.0,21.81907209621795,47.02080319215406,12.0,30.0,0.0,19.668771031468184,51.24570895174682,10.0,30.0,0.0,18.309801649399146,56.94122955774584,12.0,30.0,0.0,18.889300938664954,55.19831114629393,20.0,30.0,0.0,19.503266497495809,0.0,0.0,0.0,16.13594633295169,0.0,0.0,585.9607897366723,550.9656730501831,568.9700300229206,608.5821774486817,727.3152655797637,981.9632737363468,659.910319810095,710.0628218873271,843.0977683104032,0.0,83.2152406117667,83.2152406117667,60.0,0.0,60.0,60.0,12.0,12.0,12.0,19.0,12.0,12.0,21.0,10.0,0.0,0.0,0.0,0.0,0.0,0.0,0.0,0.0,0.0,0.0,0.0,0.0,0.0,83.2152406117667,83.2152406117667,0.0,0.0,0.0,83.2152406117667,0.0,0.0,0.0011066666666666669 
 04/02  00:40:00,8.353333333333334,95.0,3.3866666666666669,0.0,0.0,0.0,0.0,0.0,2.0,2.0,0.0,0.0,0.0,0.0,0.0,1758.0,0.0,0.0,0.0,0.0,0.0,0.0,0.0,0.0,0.0,0.0,0.0,20.451203189205523,-70.56223082824636,20.71047591693125,-220.66774865504113,20.33824776982423,-183.46979506351273,20.119934455349779,-48.47037831128955,20.146930336876986,-2.1866147159622928,21.631961348687697,-45.71175130393655,19.749617242996718,-32.133664880521568,18.44387954608142,-132.97343396566999,19.122143870583316,-107.49368770304318,453.69391534725039,442.60048601515418,0.0,0.0,0.0,0.0,0.0,0.0,0.0,0.0,0.0,0.0,0.0,0.0,0.0,0.0,0.0,0.0,0.0,0.0,0.0,0.0,0.0,0.0,1.1882111517627166,0.362701816777386,312.9122070915919,367.6602511544489,7319.619276913372,0.20236722186426327,0.030886328123361306,163.8020869066656,192.1096061510376,3904.471157629994,1.3408634354888,0.25337555470309916,284.1720044557286,333.9533220698079,6678.553652711255,0.2347346059013505,0.04435650149307453,151.0579357727318,177.52741810873679,3506.093758949794,0.0,0.0,5.114401461039115,6.008284653985162,119.73822046713159,0.0,0.0,11.902391478782262,13.901273185699497,316.1633375238926,0.0,0.0,63.66118728017953,74.93749631838145,1439.2218580914615,0.0,0.0,30.760259717835067,36.38020873173566,606.5946941694236,0.0,0.0,20.982793490202164,24.743691340599477,447.09497324327836,31.15862162387812,21.370796724196248,425.0348096266887,500.57666753125627,10049.54910149707,0.0,0.0,56.86579437505415,67.7605267009761,883.1537438164457,0.0,20.041533345665415,48.85628603213482,22.0,30.0,0.0,20.379473387144189,47.26483740655546,12.0,30.0,0.0,20.1189042918193,48.18148757681107,22.0,30.0,0.0,19.996415268500209,49.14315558943961,12.0,30.0,0.0,20.108109379875228,51.11426366927328,12.0,30.0,0.0,21.768485601009027,46.768086009778048,12.0,30.0,0.0,19.68501344707589,50.881486807372457,10.0,30.0,0.0,18.18582662323808,56.84381474577295,12.0,30.0,0.0,19.009789639203178,54.3915088846373,20.0,30.0,0.0,19.41495330011268,0.0,0.0,0.0,16.021799636985564,0.0,0.0,580.5994151623581,551.0509248290946,560.567063987862,592.9534280436658,713.2979402388614,979.7851331507879,654.3290039506607,698.3537356840598,854.1229878820758,0.0,83.2152406117667,83.2152406117667,60.0,0.0,60.0,60.0,12.0,12.0,12.0,19.0,12.0,12.0,21.0,10.0,0.0,0.0,0.0,0.0,0.0,0.0,0.0,0.0,0.0,0.0,0.0,0.0,0.0,83.2152406117667,83.2152406117667,0.0,0.0,0.0,83.2152406117667,0.0,0.0,0.00111 
 04/02  00:50:00,8.286666666666667,95.0,3.408333333333333,0.0,0.0,0.0,0.0,0.0,2.0,2.0,0.0,0.0,0.0,0.0,0.0,1758.0,0.0,0.0,0.0,0.0,0.0,0.0,0.0,0.0,0.0,0.0,0.0,20.48337324080872,-171.87692950952897,20.58657939607963,-186.8045270243315,20.223696036828014,-112.25348535635294,20.1098547721108,-87.78969462481791,20.12369803238277,-2.8219844338227348,21.581612128453096,-44.33934189762192,19.715837375511975,-24.248745867597564,18.360598443412834,-141.01268174620953,19.170355767857204,-100.88545587892281,462.2424075115805,446.525539883629,0.0,0.0,0.0,0.0,0.0,0.0,0.0,0.0,0.0,0.0,0.0,0.0,0.0,0.0,0.0,0.0,0.0,0.0,0.0,0.0,0.0,0.0,1.1797491191015733,0.360118778724534,313.5046394642054,368.3626836431746,7402.7172369733639,0.20678473600567408,0.0315605518934179,167.9927291543699,197.57564228213017,3977.41982132729,1.4020315286489927,0.26493415129421646,295.79468282043458,347.6501242983548,6910.782950411904,0.23324993156086705,0.04407595078625604,168.52898989518907,198.0928850213187,3935.5080303025999,0.0,0.0,5.162770834668903,6.064712632704701,121.331159693789,0.0,0.0,11.728396686194856,13.700598464822019,312.037729997351,0.0,0.0,65.65482360188176,77.25255923328551,1487.020570563017,0.0,0.0,32.77017540028577,38.769109786903808,643.3713457523086,0.0,0.0,19.162015675755833,22.587647472616128,414.14824222469385,31.208115680095668,21.40474326481185,441.66172315836107,520.3224664416484,10462.77628824555,0.0,0.0,56.34594567556539,67.15906391729142,870.9500435737683,0.0,20.133188516481846,48.06609075917507,22.0,30.0,0.0,20.205193265762305,47.19701451775432,12.0,30.0,0.0,19.956177414162096,48.28635582294502,22.0,30.0,0.0,20.013156345302208,48.8271011339654,12.0,30.0,0.0,20.086572799682508,50.75394708028051,12.0,30.0,0.0,21.722343388415845,46.53775549159903,12.0,30.0,0.0,19.639046292823797,50.5385281723844,10.0,30.0,0.0,18.073177493942518,56.79034198685897,12.0,30.0,0.0,19.099976900589007,53.716668268136448,20.0,30.0,0.0,19.396770095133108,0.0,0.0,0.0,15.916666157286795,0.0,0.0,564.2747378260906,531.3703502641291,548.8110789295909,585.974338837441,698.6833686754869,975.4123185140356,640.1270128146489,691.2585321301219,865.0574514341272,0.0,83.2152406117667,83.2152406117667,60.0,0.0,60.0,60.0,12.0,12.0,12.0,19.0,12.0,12.0,21.0,10.0,0.0,0.0,0.0,0.0,0.0,0.0,0.0,0.0,0.0,0.0,0.0,0.0,0.0,83.2152406117667,83.2152406117667,0.0,0.0,0.0,83.2152406117667,0.0,0.0,0.0011 
 04/02  01:00:00,8.22,95.0,3.43,0.0,0.0,0.0,0.0,0.0,2.0,2.0,0.0,0.0,0.0,0.0,0.0,1758.0,0.0,0.0,0.0,0.0,0.0,0.0,0.0,0.0,0.0,0.0,0.0,20.347597878549427,-72.30346882837694,20.586255033670264,-214.67382303891214,20.228337905982387,-181.13452276637055,20.028186976599224,-50.036681673087517,20.0971912629426,-3.075468315995508,21.529667008183716,-42.10276409185599,19.697503260409805,-40.363268245161069,18.27885306010579,-146.350871835009,19.208683144643279,-86.15330674082014,448.8463616166282,438.16878029045327,0.0,0.0,0.0,0.0,0.0,0.0,0.0,0.0,0.0,0.0,0.0,0.0,0.0,0.0,0.0,0.0,0.0,0.0,0.0,0.0,0.0,0.0,1.1909369368090466,0.36353386349482499,307.2344889195865,361.1024211729215,7205.870928364055,0.20378195321493706,0.031102251711681483,161.24251744824768,189.175395486564,3850.2866986167966,1.3299186655551215,0.2513073820021017,280.02277352875208,329.1824903713904,6597.496553427773,0.2343295292887691,0.04427995640377344,148.56097702564626,174.65077315525657,3459.7844871621248,0.0,0.0,5.1044971362640159,5.997493866402416,120.36713730833665,0.0,0.0,11.616286998200902,13.57111391688342,309.4646160345668,0.0,0.0,61.018574715257397,71.83982489759177,1388.3868006546116,0.0,0.0,33.862558255944538,40.077975880331319,662.2493315943085,0.0,0.0,16.321974356955637,19.236315722603167,357.1544340907153,31.23422864467189,21.422653391407338,418.23083251941048,492.71525832129728,9929.346713130457,0.0,0.0,53.96437315608378,64.3505768855105,828.998396929979,0.0,19.93649477664809,48.442953932150548,22.0,30.0,0.0,20.263485994206364,46.957834420510717,12.0,30.0,0.0,20.012342108841375,47.837933464277458,22.0,30.0,0.0,19.901304797569659,48.68077187472852,12.0,30.0,0.0,20.059925653318918,50.3995528567821,12.0,30.0,0.0,21.672610954135945,46.28727196379046,12.0,30.0,0.0,19.624391401134355,50.283959730848369,10.0,30.0,0.0,17.96563383221207,56.69436014217424,12.0,30.0,0.0,19.172457201448056,53.13047878335014,20.0,30.0,0.0,19.310765609345617,0.0,0.0,0.0,15.800481442597102,0.0,0.0,559.8485628882436,532.4069791118553,541.9171361301329,571.3497337142499,683.7205637033665,970.52456280293,632.2151762515887,679.4565595702791,876.8655485294848,0.0,83.2152406117667,83.2152406117667,60.0,0.0,60.0,60.0,12.0,12.0,12.0,19.0,12.0,12.0,21.0,10.0,0.0,0.0,0.0,0.0,0.0,0.0,0.0,0.0,0.0,0.0,0.0,0.0,0.0,83.2152406117667,83.2152406117667,0.0,0.0,0.0,83.2152406117667,0.0,0.0,0.00109 
 04/02  01:10:00,8.171666666666667,95.0,3.4383333333333336,0.0,0.0,0.0,0.0,0.0,2.0,2.0,0.0,0.0,0.0,0.0,0.0,1758.0,0.0,0.0,0.0,0.0,0.0,0.0,0.0,0.0,0.0,0.0,0.0,20.37982236167982,-169.64412014208393,20.466653388328159,-182.13102275872689,20.117045224064407,-110.68701754510403,20.019778512325077,-88.16507128096782,20.070581356118696,-3.5918567007880428,21.480328118089639,-41.44216535666911,19.654340025072267,-31.594437010048979,18.200698813264596,-153.2204169085195,19.242290354144069,-75.78913517744076,454.39130787903289,437.18952154234548,0.0,0.0,0.0,0.0,0.0,0.0,0.0,0.0,0.0,0.0,0.0,0.0,0.0,0.0,0.0,0.0,0.0,0.0,0.0,0.0,0.0,0.0,1.1778112487584354,0.3595272432107556,305.17807327666807,358.6979194998414,7214.861159907972,0.20718674521693609,0.031621908610643487,164.0095206411287,192.95456114440015,3885.516973860078,1.3953178670565772,0.2636655077582346,288.99263306411299,339.75597736583407,6761.174474601541,0.23213321952390504,0.043864931882824077,164.92497492651007,193.91009713779418,3858.772512904759,0.0,0.0,5.224226956041356,6.137890887312002,123.42745618396723,0.0,0.0,11.496041452012279,13.433493755049302,306.33597548926857,0.0,0.0,62.78298675894495,73.89196692665834,1427.2809990795873,0.0,0.0,35.350580914030498,41.85138504134996,687.8739178507435,0.0,0.0,14.418474257108274,16.98799509469223,318.6253609695502,31.161482657075518,21.372759024057289,430.6428583925723,507.4935951912305,10231.852097380839,0.0,0.0,53.01047525403864,63.232258845875239,808.2442357226495,0.0,20.02952948372345,47.66291737286498,22.0,30.0,0.0,20.09403464857181,46.89366405331375,12.0,30.0,0.0,19.853389187321385,47.94264664755666,22.0,30.0,0.0,19.919383906752743,48.37968321478036,12.0,30.0,0.0,20.034219051643605,50.05958836543277,12.0,30.0,0.0,21.626301292571286,46.0618411703106,12.0,30.0,0.0,19.565846180321935,49.982931323205267,10.0,30.0,0.0,17.86583901367137,56.633318928317368,12.0,30.0,0.0,19.235378596049899,52.60437801641768,20.0,30.0,0.0,19.29468403619888,0.0,0.0,0.0,15.692753406794307,0.0,0.0,544.8285947232932,515.0773274301575,531.4804697408728,565.0289199146996,668.4810035758767,962.659217638404,616.7291147324822,672.0880375835125,892.3941153480619,0.0,83.2152406117667,83.2152406117667,60.0,0.0,60.0,60.0,12.0,12.0,12.0,19.0,12.0,12.0,21.0,10.0,0.0,0.0,0.0,0.0,0.0,0.0,0.0,0.0,0.0,0.0,0.0,0.0,0.0,83.2152406117667,83.2152406117667,0.0,0.0,0.0,83.2152406117667,0.0,0.0,0.0010799999999999999 
 04/02  01:20:00,8.123333333333335,95.0,3.446666666666667,0.0,0.0,0.0,0.0,0.0,2.0,2.0,0.0,0.0,0.0,0.0,0.0,1758.0,0.0,0.0,0.0,0.0,0.0,0.0,0.0,0.0,0.0,0.0,0.0,20.24680320509607,-73.16336472663807,20.468182297231495,-208.16350065083953,20.123159581790277,-177.59518344311528,19.940437608777125,-51.4176222366882,20.041439366085457,-3.8107338763576878,21.429488061874979,-39.70264564416203,19.62902501844583,-46.274698519026518,18.12222915881045,-158.5987363198533,19.277126028729449,-50.2993010051116,438.8964260143557,418.52338903562966,0.0,0.0,0.0,0.0,0.0,0.0,0.0,0.0,0.0,0.0,0.0,0.0,0.0,0.0,0.0,0.0,0.0,0.0,0.0,0.0,0.0,0.0,1.1850470453716638,0.3617359723356727,299.82776956136277,352.51756399365777,7032.443640104893,0.20353350956891742,0.031064332962288986,157.5359973708638,184.89626897871748,3758.7316419250839,1.3306793339732904,0.25145112131014565,273.867168876617,322.06143951439608,6451.899894766571,0.2325761827130347,0.043948636189159989,144.85028210531153,170.34995464010229,3375.4411108548199,0.0,0.0,5.189494062905618,6.099032999356154,122.80558584282142,0.0,0.0,11.40203145690672,13.325880884346493,303.83148470297086,0.0,0.0,57.12694290611935,67.27853773323369,1301.6486237021186,0.0,0.0,36.164250670743417,42.83200012896987,700.2278627482874,0.0,0.0,10.669242251760929,12.568525736758899,238.13222881840819,31.066643950497246,21.307711900203878,408.3180901128817,481.1939768691567,9708.535796424378,0.0,0.0,49.469071468905358,59.03869489692746,746.7567384469131,0.0,19.83713171088688,48.040278637988148,22.0,30.0,0.0,20.152843139808284,46.66439859025978,12.0,30.0,0.0,19.910452807675726,47.51116803861454,22.0,30.0,0.0,19.81005791861188,48.23417271992777,12.0,30.0,0.0,20.004707029980957,49.7200772850871,12.0,30.0,0.0,21.57667338473329,45.81569245037612,12.0,30.0,0.0,19.541890185541427,49.75573340322073,10.0,30.0,0.0,17.76654483591429,56.53036991731113,12.0,30.0,0.0,19.301668246473154,52.120299090183298,20.0,30.0,0.0,19.213507020205627,0.0,0.0,0.0,15.566626945127725,0.0,0.0,541.1064422613155,516.558767512058,525.6384188933089,551.0835810103856,653.4213997947559,954.408526232336,603.0015554950587,659.0021613512887,917.165768744683,0.0,83.2152406117667,83.2152406117667,60.0,0.0,60.0,60.0,12.0,12.0,12.0,19.0,12.0,12.0,21.0,10.0,0.0,0.0,0.0,0.0,0.0,0.0,0.0,0.0,0.0,0.0,0.0,0.0,0.0,83.2152406117667,83.2152406117667,0.0,0.0,0.0,83.2152406117667,0.0,0.0,0.0010633333333333333 
 04/02  01:30:00,8.075,95.0,3.455,0.0,0.0,0.0,0.0,0.0,2.0,2.0,0.0,0.0,0.0,0.0,0.0,879.0,0.0,0.0,0.0,0.0,0.0,0.0,0.0,0.0,0.0,0.0,0.0,20.19165883328706,-175.84358353196604,20.465657812190537,-19.337773152419915,20.114976767554233,-22.616288149492904,19.89273052258313,-107.52325037064338,20.008799032783054,-4.1074950587963319,21.374315583354507,-40.17188770073142,19.594261356791834,-29.817449058732565,18.043341837465474,-156.09786490771126,19.313407050643585,-46.80450280410594,388.66263871476078,426.3305297936681,0.0,0.0,0.0,0.0,0.0,0.0,0.0,0.0,0.0,0.0,0.0,0.0,0.0,0.0,0.0,0.0,0.0,0.0,0.0,0.0,0.0,0.0,1.1575235101035815,0.35333440479352309,197.10723829675846,231.28992066251988,4611.156035037417,0.21349212582974265,0.03258426828903276,27.67898288990453,32.42791246374764,673.0936501370744,1.546002676453666,0.29213958360802469,244.55639328112256,286.70739455536508,5817.454517725335,0.22970507685299453,0.04340609917857038,103.45460985792745,121.39549337765351,2409.8242472634026,0.0,0.0,5.343975332396845,6.262803743708674,126.65877912398656,0.0,0.0,11.352805415183495,13.232548939238408,302.45150312549426,0.0,0.0,61.970005557973227,72.75643203907652,1413.672141458922,0.0,0.0,36.998892716181007,43.70725078108325,713.0848446579823,0.0,0.0,10.004833762963666,11.748096697234832,225.6374965406214,30.992556284191634,21.256897314260386,245.21672441969518,288.54265107431328,6021.488749924771,0.0,0.0,49.55418895741649,58.98770823224732,743.9601628861848,0.0,19.75682420497299,47.71109842537058,22.0,30.0,0.0,20.214957179170335,46.438526519661667,12.0,30.0,0.0,19.955800589911964,48.09325667405798,22.0,30.0,0.0,19.748588052665299,47.869926077045338,12.0,30.0,0.0,19.96920387559731,49.37277172066198,12.0,30.0,0.0,21.517622598079087,45.552636086893098,12.0,30.0,0.0,19.5044432597162,49.85329395730869,10.0,30.0,0.0,17.66702514192682,56.61139306113735,12.0,30.0,0.0,19.36847956926755,51.629917373037937,20.0,30.0,0.0,19.006791361477089,0.0,0.0,0.0,15.472385938011115,0.0,0.0,529.0877503180055,517.8534349359517,553.9915335134875,540.9162234261673,637.0238288815273,943.6066859295534,592.8498020461736,651.16999596812,948.6393007896572,0.0,83.2152406117667,83.2152406117667,60.0,0.0,60.0,60.0,12.0,12.0,12.0,19.0,12.0,12.0,21.0,10.0,0.0,0.0,0.0,0.0,0.0,0.0,0.0,0.0,0.0,0.0,0.0,0.0,0.0,83.2152406117667,83.2152406117667,0.0,0.0,0.0,83.2152406117667,0.0,0.0,0.0010466666666666667 
 04/02  01:40:00,8.026666666666668,95.0,3.4633333333333335,0.0,0.0,0.0,0.0,0.0,2.0,2.0,0.0,0.0,0.0,0.0,0.0,1758.0,0.0,0.0,0.0,0.0,0.0,0.0,0.0,0.0,0.0,0.0,0.0,20.235858035559724,-80.68278896051652,20.37588964988933,-208.7734875298928,20.018623969097008,-159.4485714744078,19.883976502271577,-43.461290442804969,19.981822782208217,-3.936427196552202,21.330349891234908,-37.37740017356751,19.5558219663151,-44.58069208583811,17.980698134326958,-165.93632172267167,19.338426437999094,-25.24869227226577,422.05393443398318,413.03439658274206,0.0,0.0,0.0,0.0,0.0,0.0,0.0,0.0,0.0,0.0,0.0,0.0,0.0,0.0,0.0,0.0,0.0,0.0,0.0,0.0,0.0,0.0,1.1642482689354688,0.3553871394796913,236.37424701602073,278.05857333723449,5622.456748193241,0.20244033214856603,0.030897486591661483,114.59174889582681,135.00142952143075,2738.6696687697997,1.40023795021153,0.26459522868698617,240.73144195776772,283.162881626353,5672.578755111625,0.2349298095258973,0.04439338804344241,132.0501226709596,155.399721110396,3095.3004653671807,0.0,0.0,5.3007337666933609,6.230038807296363,125.84690815146402,0.0,0.0,11.239092392734334,13.13996891961551,299.6133989479922,0.0,0.0,56.566002428931209,66.59926952578198,1290.0086678796548,0.0,0.0,37.91331287334182,44.9244013892892,729.0191369423112,0.0,0.0,9.292493250464072,10.93604263983341,211.23936092611968,30.97042106072366,21.241715405160265,322.5943506286079,380.6650319548927,7794.472930879812,0.0,0.0,47.120418639522757,56.26906659451773,701.3816592776279,0.0,19.913350520680113,47.288597767938259,22.0,30.0,0.0,20.06489341785815,46.13795844943872,12.0,30.0,0.0,19.79677011879393,47.46635107682628,22.0,30.0,0.0,19.781309116235684,48.08933434680744,12.0,30.0,0.0,19.94608473750374,49.190832108979368,12.0,30.0,0.0,21.483063544067414,45.422821890227258,12.0,30.0,0.0,19.456081673502795,49.50864839988405,10.0,30.0,0.0,17.599192823608428,56.61974780022082,12.0,30.0,0.0,19.41469482475422,51.314579957174448,20.0,30.0,0.0,19.07318654936814,0.0,0.0,0.0,15.361283181088773,0.0,0.0,525.7928611190863,493.0335574148192,515.774041471478,545.8618799608939,625.5352946534935,934.7156384078238,576.8905135086344,647.7249221425061,966.6575846238613,0.0,83.2152406117667,83.2152406117667,60.0,0.0,60.0,60.0,12.0,12.0,12.0,19.0,12.0,12.0,21.0,10.0,0.0,0.0,0.0,0.0,0.0,0.0,0.0,0.0,0.0,0.0,0.0,0.0,0.0,83.2152406117667,83.2152406117667,0.0,0.0,0.0,83.2152406117667,0.0,0.0,0.0010299999999999999 
 04/02  01:50:00,7.9783333333333339,95.0,3.4716666666666669,0.0,0.0,0.0,0.0,0.0,2.0,2.0,0.0,0.0,0.0,0.0,0.0,879.0,0.0,0.0,0.0,0.0,0.0,0.0,0.0,0.0,0.0,0.0,0.0,20.288853556671737,-4.461519323928769,20.258534174070598,-297.6937549788581,19.94014437196521,-191.14490089908123,19.883385293616877,8.534383396908197,19.947344629590959,-3.7286351050717885,21.276723510504604,-35.81508706908454,19.507663529650825,-50.48327057073402,17.9010816452164,-164.4013299060157,19.365817803875858,-28.41066159187403,405.853176269753,422.34145297691819,0.0,0.0,0.0,0.0,0.0,0.0,0.0,0.0,0.0,0.0,0.0,0.0,0.0,0.0,0.0,0.0,0.0,0.0,0.0,0.0,0.0,0.0,1.1712908152946929,0.3575368789055839,187.64936145140497,219.95219563869785,4538.682924320115,0.2007844632838863,0.030644759353462504,164.3264467517369,192.76341899247309,3899.191094901231,1.3356648221443162,0.2523932014634007,138.97044869302418,163.12418278355919,3271.9548099459468,0.23602609611672516,0.04460054726317556,113.73334899649572,133.3982653495003,2685.2568745391056,0.0,0.0,5.361018261430515,6.284357710488965,127.45828354842503,0.0,0.0,11.188344406202223,13.045482661524357,298.2549937903366,0.0,0.0,54.60827753314013,64.14311675940616,1244.2827015813637,0.0,0.0,38.379883756739207,45.36412686191265,734.5149832999829,0.0,0.0,11.388238856449677,13.36830822425404,261.08057193858846,30.899696512668198,21.19320748468327,255.15269023990784,300.19761786510369,6276.422506827695,0.0,0.0,47.5523251285727,56.64077484240295,704.9829957963502,0.0,20.066028739676214,46.46497964248863,22.0,30.0,0.0,19.889309600735069,46.25168954259059,12.0,30.0,0.0,19.690639986369395,46.981788260874967,22.0,30.0,0.0,19.81624246411586,48.06378446066981,12.0,30.0,0.0,19.908810598743405,48.87766516881352,12.0,30.0,0.0,21.42701864724245,45.18051939726472,12.0,30.0,0.0,19.391646023635784,49.35527346993431,10.0,30.0,0.0,17.498654871954824,56.73323666073836,12.0,30.0,0.0,19.46402807268517,50.78193124428888,20.0,30.0,0.0,18.980933378281376,0.0,0.0,0.0,15.278823596833963,0.0,0.0,506.8716282325666,482.6815288668853,491.5285813220698,544.1196688493518,606.5658630952162,915.858759851351,571.617409533741,646.3571883375043,959.9915254231203,0.0,83.2152406117667,83.2152406117667,60.0,0.0,60.0,60.0,12.0,12.0,12.0,19.0,12.0,12.0,21.0,10.0,0.0,0.0,0.0,0.0,0.0,0.0,0.0,0.0,0.0,0.0,0.0,0.0,0.0,83.2152406117667,83.2152406117667,0.0,0.0,0.0,83.2152406117667,0.0,0.0,0.0010299999999999999 
 04/02  02:00:00,7.93,95.0,3.48,0.0,0.0,0.0,0.0,0.0,2.0,2.0,0.0,0.0,0.0,0.0,0.0,2637.0,0.0,0.0,0.0,0.0,0.0,0.0,0.0,0.0,0.0,0.0,0.0,20.152950303050269,-150.7952516555571,20.240246068803125,-129.18221628663935,19.952854287790957,-32.093999512533958,19.835031316274806,-77.32326956232493,19.9194263003717,-4.737476890407155,21.23403380145018,-38.88246071331214,19.48165304376559,-44.811328342364088,17.841507436833387,-174.5957037482323,19.37398456788413,-32.05511765064116,365.0070899733437,433.1676795064708,0.0,0.0,0.0,0.0,0.0,0.0,0.0,0.0,0.0,0.0,0.0,0.0,0.0,0.0,0.0,0.0,0.0,0.0,0.0,0.0,0.0,0.0,1.1732300425700078,0.35812882862332387,182.5380681550821,215.15136230205369,4335.333959989568,0.21534780066807297,0.03286749094445561,103.40472908477587,121.72530311712342,2472.8033430950565,1.455619406340432,0.2750603564513291,160.99743729268867,189.78803598115017,3828.6553744050158,0.2275566271671972,0.043000118512319978,76.653614176321,90.4080382055903,1805.7058959649524,0.0,0.0,5.60269427592614,6.593111657033608,133.4087824298688,0.0,0.0,11.303950082514412,13.232288036533609,301.4782604913489,0.0,0.0,57.94339113264259,68.32472264922335,1323.0555390586367,0.0,0.0,39.4990183253544,46.87332032775876,754.5969112414817,0.0,0.0,14.097916182329787,16.61046922797825,324.73667238332589,30.81208071155713,21.1331143426318,220.344107225034,260.59463897165338,5490.1037826423739,0.0,0.0,48.66908129170899,58.20368599384369,719.1344065207982,0.0,19.812996958518,46.90924660174679,22.000000000000019,30.00000000000002,0.0,19.933720466820405,46.31073028214067,12.00000000000001,30.00000000000002,0.0,19.77696757356697,47.280917367087059,22.000000000000019,30.00000000000002,0.0,19.740450110496459,47.555779907664028,12.00000000000001,30.00000000000002,0.0,19.885428458846346,48.71849460764973,12.00000000000001,30.00000000000002,0.0,21.39207775365344,45.060328361995939,12.00000000000001,30.00000000000002,0.0,19.37318084648686,49.17196249630831,10.000000000000007,30.00000000000002,0.0,17.43745547398412,56.73536465115715,12.00000000000001,30.00000000000002,0.0,19.4779929518793,50.47354311220519,20.000000000000015,30.00000000000002,0.0,18.81119127730645,0.0,0.0,0.0,15.208837484044242,0.0,0.0,506.533999609731,493.398225047923,513.8250317540445,525.2874300531817,598.2599753861562,905.5230641925775,563.1559287406282,653.4768040633851,941.432637847784,0.0,83.21524061176678,83.21524061176678,60.00000000000004,0.0,60.00000000000004,60.00000000000004,12.0,12.0,12.0,19.0,12.0,12.0,21.0,10.0,0.0,0.0,0.0,0.0,0.0,0.0,0.0,0.0,0.0,0.0,0.0,0.0,0.0,83.21524061176678,83.21524061176678,0.0,0.0,0.0,83.21524061176678,0.0,0.0,0.00103 
 04/02  02:10:00,7.903333333333333,95.16666666666667,3.558333333333333,0.0,0.0,0.0,0.0,0.0,2.0,2.0,0.0,0.0,0.0,0.0,0.0,1758.0,0.0,0.0,0.0,0.0,0.0,0.0,0.0,0.0,0.0,0.0,0.0,20.096551260890874,-170.15427939225334,20.20484476276471,-107.37985460796847,19.94887452854556,-50.12877640166187,19.829968518014664,0.6246148724114633,19.884915349708935,-4.736464901264114,21.182241521502286,-38.92122213734032,19.441144295489,-44.085018650858277,17.76894455636696,-174.41957852908139,19.380381774152516,-34.287164991567468,288.7670180348332,441.56603830140298,0.0,0.0,0.0,0.0,0.0,0.0,0.0,0.0,0.0,0.0,0.0,0.0,0.0,0.0,0.0,0.0,0.0,0.0,0.0,0.0,0.0,0.0,1.17299650384722,0.35805754085690486,128.93262053497973,151.62197769164454,3057.386332375033,0.2174548412792515,0.0331890783393241,73.352268530171,86.35284874431345,1754.2482704206664,1.378990462615195,0.2605802083551012,62.71777555193856,73.70716868305168,1518.9388324784096,0.2296699270462374,0.043399457113801467,23.572532284289438,27.79812522658294,561.4143766767713,0.0,0.0,5.670872399160158,6.667497164989948,134.95321737508039,0.0,0.0,11.445355456770589,13.387314312744678,304.70842452602479,0.0,0.0,58.396963393395257,68.78926228740267,1331.3842192581124,0.0,0.0,39.937369721759228,47.35925372667237,758.4461309132603,0.0,0.0,14.837780396851255,17.464280460337866,342.9633924835043,30.916742608997283,21.20489890877729,110.27491531157603,130.29773999378018,2982.5185164544138,0.0,0.0,49.121804489122,58.69987464243515,721.7696384456497,0.0,19.755920935863956,46.708547635061027,22.0,30.0,0.0,19.913233210053254,46.23630620010921,12.0,30.0,0.0,19.80722564095415,46.86190754337689,22.0,30.0,0.0,19.76957626043209,47.317909082070588,12.0,30.0,0.0,19.849834295063809,48.471552542473137,12.0,30.0,0.0,21.338436156761849,44.88218026147305,12.0,30.0,0.0,19.32729852382643,49.04133325443506,10.0,30.0,0.0,17.351148328952854,56.77886104870656,12.0,30.0,0.0,19.491582586122627,50.05161863539788,20.0,30.0,0.0,18.482398014613488,0.0,0.0,0.0,15.1392377494615,0.0,0.0,495.94567681925636,494.5286927005784,509.62420697224618,519.4060377600217,586.0456838974922,889.1995583375249,560.3959407645126,663.2471948696114,916.183156823269,0.0,83.2152406117667,83.2152406117667,60.0,0.0,60.0,60.0,12.0,12.0,12.0,19.0,12.0,12.0,21.0,10.0,0.0,0.0,0.0,0.0,0.0,0.0,0.0,0.0,0.0,0.0,0.0,0.0,0.0,83.2152406117667,83.2152406117667,0.0,0.0,0.0,83.2152406117667,0.0,0.0,0.0010299999999999999 
 04/02  02:20:00,7.876666666666667,95.33333333333334,3.6366666666666669,0.0,0.0,0.0,0.0,0.0,2.0,2.0,0.0,0.0,0.0,0.0,0.0,1758.0,0.0,0.0,0.0,0.0,0.0,0.0,0.0,0.0,0.0,0.0,0.0,19.958232724321279,-79.2497108079524,20.1834667045441,-212.69899417557464,19.884342585369205,-197.89973020295293,19.750700067878847,-95.5170808877765,19.85026881874443,-5.388220644456396,21.131248733923834,-40.25568094011413,19.396285743948608,-63.32462882510447,17.698971620954759,-177.94323254449388,19.37983521872583,-37.045389375982157,448.6461832420655,447.06277318349717,0.0,0.0,0.0,0.0,0.0,0.0,0.0,0.0,0.0,0.0,0.0,0.0,0.0,0.0,0.0,0.0,0.0,0.0,0.0,0.0,0.0,0.0,1.1985685262483195,0.36586340850070805,337.37335464887908,396.99568103478028,7892.088605176741,0.2098549735477951,0.03202914736687959,190.20468126398013,223.49930982168835,4546.734726095678,1.2764774094766385,0.24120888312105799,290.38163624904726,341.63698707252288,6867.216773146688,0.22218202670366953,0.04198450995912121,154.35467529248553,181.6832335692726,3617.026828005603,0.0,0.0,5.742978014830226,6.753808559775671,136.57611944648128,0.0,0.0,11.920075858711546,13.943751861925099,316.76618963039859,0.0,0.0,52.518424778825977,61.90730103828893,1194.971214515142,0.0,0.0,40.40037696212639,47.92339394421187,762.9597557013868,0.0,0.0,18.607414387843808,21.8990675838431,431.1314989358224,30.956680245405388,21.232290977644305,459.02739851258476,541.3516293369593,10839.607304015313,0.0,0.0,49.5099103993404,59.178392329287969,723.6026421703919,0.0,19.55258308612346,47.21024299626549,22.0,30.0,0.0,19.912777560868248,46.080687729343839,12.0,30.0,0.0,19.71565190232965,46.75752862197143,22.0,30.0,0.0,19.635353833377246,47.03278557966718,12.0,30.0,0.0,19.814700922350576,48.23892334783018,12.0,30.0,0.0,21.28619975074754,44.71668800441256,12.0,30.0,0.0,19.27188462960933,48.936789956182568,10.0,30.0,0.0,17.26972648648288,56.63265511950189,12.0,30.0,0.0,19.49404124955851,49.58437140878097,20.0,30.0,0.0,18.97889688894618,0.0,0.0,0.0,15.072985709190633,0.0,0.0,497.2103659971282,494.1097811174849,500.9281065467414,500.1195246381503,578.3028976239386,876.7864066303889,570.6989907682967,676.0476626259697,883.1786599200942,0.0,83.2152406117667,83.2152406117667,60.0,0.0,60.0,60.0,12.0,12.0,12.0,19.0,12.0,12.0,21.0,10.0,0.0,0.0,0.0,0.0,0.0,0.0,0.0,0.0,0.0,0.0,0.0,0.0,0.0,83.2152406117667,83.2152406117667,0.0,0.0,0.0,83.2152406117667,0.0,0.0,0.00105 
 04/02  02:30:00,7.85,95.5,3.715,0.0,0.0,0.0,0.0,0.0,2.0,2.0,0.0,0.0,0.0,0.0,0.0,879.0,0.0,0.0,0.0,0.0,0.0,0.0,0.0,0.0,0.0,0.0,0.0,19.93461029178726,-164.2712529545579,20.1623155131835,-22.81830597241168,19.85297639020519,-18.333925852517497,19.68760539134085,-111.7477211683572,19.811923341702327,-5.286288873263089,21.07579649636864,-40.44284080183212,19.349716235366065,-45.40135623774995,17.629810616132624,-174.4711136243377,19.375685930086346,-38.77953438089048,374.91265787703289,456.2705777443816,0.0,0.0,0.0,0.0,0.0,0.0,0.0,0.0,0.0,0.0,0.0,0.0,0.0,0.0,0.0,0.0,0.0,0.0,0.0,0.0,0.0,0.0,1.1609768091924187,0.3543885253945112,150.2280331380293,176.39250333257093,3523.670291651004,0.2105939420917902,0.032141932553692038,11.763714539209131,13.793844650342955,287.82340671458197,1.4094681716187013,0.26633941262636087,214.51639918539207,251.6843631101812,5100.086020801882,0.22592955959235787,0.04269266054277358,95.83396441672639,112.51982823730127,2238.3991749739027,0.0,0.0,5.8375016828400929,6.845811915946433,138.71133215677063,0.0,0.0,11.923793807325458,13.912160557753396,316.21704522798646,0.0,0.0,59.06188587421623,69.40497649688644,1340.809274801528,0.0,0.0,41.00617318332875,48.514696964923349,770.4577752371106,0.0,0.0,17.478316499382804,20.515491164026409,405.9402754683906,31.055288006482586,21.299923186887925,215.15016591851046,253.35719998251148,5334.169857664117,0.0,0.0,50.202199224078359,59.84569639447266,730.9532627120991,0.0,19.537939308770985,46.90238555113551,22.0,30.0,0.0,19.936719541782069,45.72621487236211,12.0,30.0,0.0,19.7177529146146,47.04023777688551,22.0,30.0,0.0,19.551818564743436,46.85137857623471,12.0,30.0,0.0,19.772943211551856,48.0210088230672,12.0,30.0,0.0,21.224913476365658,44.539314756266168,12.0,30.0,0.0,19.218597201226225,49.06645921325431,10.0,30.0,0.0,17.18968884275354,56.70240676354549,12.0,30.0,0.0,19.491806745581504,49.194028688716667,20.0,30.0,0.0,18.70821648412395,0.0,0.0,0.0,15.015321178681023,0.0,0.0,490.4847972504691,488.0335714864973,510.25531564275749,487.64179998309717,573.731527215032,865.0660686343935,568.7163553002387,681.3391780629769,863.2121530938862,0.0,83.2152406117667,83.2152406117667,60.0,0.0,60.0,60.0,12.0,12.0,12.0,19.0,12.0,12.0,21.0,10.0,0.0,0.0,0.0,0.0,0.0,0.0,0.0,0.0,0.0,0.0,0.0,0.0,0.0,83.2152406117667,83.2152406117667,0.0,0.0,0.0,83.2152406117667,0.0,0.0,0.00107 
 04/02  02:40:00,7.823333333333333,95.66666666666667,3.7933333333333336,0.0,0.0,0.0,0.0,0.0,2.0,2.0,0.0,0.0,0.0,0.0,0.0,1758.0,0.0,0.0,0.0,0.0,0.0,0.0,0.0,0.0,0.0,0.0,0.0,19.97120938435643,-67.88128973349149,20.067697428409859,-219.14730091954483,19.755456792563188,-156.65447452340596,19.672309327660828,-47.736887299522098,19.780665531118637,-5.247806553716927,21.03225660680204,-39.87386141175858,19.307567776688246,-57.481629161815707,17.575239686128734,-178.33928013565788,19.368704089927385,-40.93909144142782,413.2863275109821,461.49917449641637,0.0,0.0,0.0,0.0,0.0,0.0,0.0,0.0,0.0,0.0,0.0,0.0,0.0,0.0,0.0,0.0,0.0,0.0,0.0,0.0,0.0,0.0,1.1610287342471973,0.3544043755333325,208.52354718463134,245.46713678253634,4951.089279150628,0.2047191782195441,0.031245295821053746,110.84238334179664,130.62995188741923,2635.119885699156,1.2681152072089864,0.2396287239623936,213.88620298283895,251.72102529788612,5026.201261159713,0.2323929896755223,0.04391401921306165,115.65284373526228,136.17372196778559,2710.6583708485338,0.0,0.0,5.796684814118309,6.81679848002448,137.6799495186787,0.0,0.0,12.118523413872336,14.180600694105286,320.99296412007427,0.0,0.0,56.076490112749478,66.07464117550107,1270.1316862861573,0.0,0.0,41.33734118540664,49.04831151690183,774.3155908462843,0.0,0.0,18.89279179053446,22.238034094694748,439.36128455143196,31.177918858794294,21.384032139090743,287.29983411138218,339.2546186339874,6972.057485366044,0.0,0.0,50.50747750345376,60.383710375086838,732.3368003895541,0.0,19.67740133620688,46.49513577736728,22.0,30.0,0.0,19.776807600005495,45.9636700158799,12.0,30.0,0.0,19.556654517838135,46.917132415845,22.0,30.0,0.0,19.571802041350148,47.064464695695679,12.0,30.0,0.0,19.74600704762006,47.91120664128056,12.0,30.0,0.0,21.187263979737844,44.44229109808356,12.0,30.0,0.0,19.1696677364031,48.902786417679269,10.0,30.0,0.0,17.13775354746442,56.66570754778373,12.0,30.0,0.0,19.48609720676818,48.99959768318697,20.0,30.0,0.0,18.785377863858387,0.0,0.0,0.0,14.960962517646568,0.0,0.0,491.0035588201554,482.9452862702984,495.88888718735395,497.7424055644289,569.8005475098064,857.3998060898862,569.8386955168062,682.938508309566,851.3612460214528,0.0,83.2152406117667,83.2152406117667,60.0,0.0,60.0,60.0,12.0,12.0,12.0,19.0,12.0,12.0,21.0,10.0,0.0,0.0,0.0,0.0,0.0,0.0,0.0,0.0,0.0,0.0,0.0,0.0,0.0,83.2152406117667,83.2152406117667,0.0,0.0,0.0,83.2152406117667,0.0,0.0,0.00109 
 04/02  02:50:00,7.796666666666666,95.83333333333333,3.871666666666667,0.0,0.0,0.0,0.0,0.0,2.0,2.0,0.0,0.0,0.0,0.0,0.0,879.0,0.0,0.0,0.0,0.0,0.0,0.0,0.0,0.0,0.0,0.0,0.0,20.006078191489288,-7.12407973315203,19.957582408396229,-269.1204197741072,19.70388472495585,-150.34456114090973,19.665485486442344,3.0322685482606177,19.74119457880574,-5.045244158004209,20.97754865475873,-39.59759480072279,19.259142444802053,-59.48822630393829,17.50894616696023,-175.06328992128852,19.357306767586537,-42.180827764597328,369.449591159645,466.74992055909208,0.0,0.0,0.0,0.0,0.0,0.0,0.0,0.0,0.0,0.0,0.0,0.0,0.0,0.0,0.0,0.0,0.0,0.0,0.0,0.0,0.0,0.0,1.1802061958819493,0.3602583015512666,149.58398376307066,175.45784559449803,3597.7783382988388,0.20695621125738376,0.03158672332988153,144.02866273356455,169.05446348857857,3393.428206247203,1.1594572333089653,0.21909622700471763,101.65118108431618,119.35477010954581,2396.777506141483,0.23439553608327205,0.04429242934302192,93.9966084400257,110.31775280809717,2213.1116112583615,0.0,0.0,5.820227608038086,6.826703455738494,138.11593586996725,0.0,0.0,12.237033926961569,14.281573250982636,323.48170113357869,0.0,0.0,55.23993871759763,64.93401686158868,1248.2044906535153,0.0,0.0,41.517054007472548,49.13625220805684,774.0720106397864,0.0,0.0,19.81326956955445,23.256175498402315,461.49152722369817,31.255967409153525,21.43756338076374,190.15500861252569,223.9772623948584,4770.257046255549,0.0,0.0,50.68901672291587,60.442550323520439,732.8846418518882,0.0,19.792665714215937,45.99817369041828,22.0,30.0,0.0,19.616394040250428,46.21986406528429,12.0,30.0,0.0,19.504071906537836,46.71403475269857,22.0,30.0,0.0,19.59462547122252,47.04688253957126,12.0,30.0,0.0,19.70319410961111,47.73046200566644,12.0,30.0,0.0,21.126804662573166,44.303442404754928,12.0,30.0,0.0,19.11032132484026,48.82773126506097,10.0,30.0,0.0,17.062297985167775,56.67657633927428,12.0,30.0,0.0,19.47359188525698,48.71267095453879,20.0,30.0,0.0,18.592156463424876,0.0,0.0,0.0,14.910493453474736,0.0,0.0,487.44537672664696,479.5646146213241,491.3225654724377,502.9053388428168,564.3642582774743,847.2462657166166,568.0014919175701,681.3307632310163,835.0163438337698,0.0,83.2152406117667,83.2152406117667,60.0,0.0,60.0,60.0,12.0,12.0,12.0,19.0,12.0,12.0,21.0,10.0,0.0,0.0,0.0,0.0,0.0,0.0,0.0,0.0,0.0,0.0,0.0,0.0,0.0,83.2152406117667,83.2152406117667,0.0,0.0,0.0,83.2152406117667,0.0,0.0,0.00109 
 04/02  03:00:00,7.77,96.0,3.95,0.0,0.0,0.0,0.0,0.0,2.0,2.0,0.0,0.0,0.0,0.0,0.0,2637.0,0.0,0.0,0.0,0.0,0.0,0.0,0.0,0.0,0.0,0.0,0.0,19.870741272980447,-141.40652985132386,19.937694054510318,-127.13294023533622,19.69455922979094,-62.15723244861667,19.618395437971154,-83.29957125977556,19.70990639170514,-5.852822488054135,20.935566734236745,-41.873271980031308,19.22865446930828,-57.03354241609521,17.458043055875856,-180.30856084706745,19.346224446544889,-45.52685218564299,368.6284195123926,471.2755861517945,0.0,0.0,0.0,0.0,0.0,0.0,0.0,0.0,0.0,0.0,0.0,0.0,0.0,0.0,0.0,0.0,0.0,0.0,0.0,0.0,0.0,0.0,1.182314170750603,0.36090176152338346,173.86207712150469,205.01889369440969,4095.581185056431,0.21827024503431054,0.03331352946189114,101.27738203097515,119.28631707864477,2398.1268713460988,1.1841936744001363,0.22377053560093303,144.77479068802598,170.66902893940896,3419.263085770124,0.2268469293666262,0.042866010840254407,66.88521052622377,78.86015728518466,1569.3385462649486,0.0,0.0,5.928081094990169,6.9790202844669519,140.60549341933285,0.0,0.0,12.25938348027204,14.361499986133424,323.68640969347549,0.0,0.0,57.46554862771751,67.80277378083737,1298.220979517955,0.0,0.0,42.0751702681282,49.986332740305389,782.4734834915594,0.0,0.0,20.700523285586678,24.384487029187697,482.5408154650628,31.344272970359865,21.498129609300343,205.23391888320405,242.79609355891643,5109.9152424958779,0.0,0.0,51.265423313845889,61.36143179330823,738.9153931341616,0.0,19.546429049590786,46.53826838521688,22.000000000000019,30.00000000000002,0.0,19.650750364803714,46.14380437495197,12.00000000000001,30.00000000000002,0.0,19.53938215674338,46.75030317888263,22.000000000000019,30.00000000000002,0.0,19.52242406503666,46.785683718454539,12.00000000000001,30.00000000000002,0.0,19.677216354405354,47.64485512883391,12.00000000000001,30.00000000000002,0.0,21.09136925900871,44.24433071258029,12.00000000000001,30.00000000000002,0.0,19.08702161578405,48.73070226482396,10.000000000000007,30.00000000000002,0.0,17.01643676900658,56.59263280943452,12.00000000000001,30.00000000000002,0.0,19.463343691194987,48.55751422795464,20.000000000000015,30.00000000000002,0.0,18.54336059233253,0.0,0.0,0.0,14.86508640094247,0.0,0.0,485.19005934140758,481.3315008003597,495.9500967080862,488.53632618315216,562.3940413887372,843.8627096128919,564.2077347939263,679.4707852790106,826.510287642087,0.0,83.21524061176678,83.21524061176678,60.00000000000004,0.0,60.00000000000004,60.00000000000004,12.0,12.0,12.0,19.0,12.0,12.0,21.0,10.0,0.0,0.0,0.0,0.0,0.0,0.0,0.0,0.0,0.0,0.0,0.0,0.0,0.0,83.21524061176678,83.21524061176678,0.0,0.0,0.0,83.21524061176678,0.0,0.0,0.00109 
 04/02  03:10:00,7.754999999999999,96.16666666666666,3.9783333333333337,0.0,0.0,0.0,0.0,0.0,2.0,2.0,0.0,0.0,0.0,0.0,0.0,1758.0,0.0,0.0,0.0,0.0,0.0,0.0,0.0,0.0,0.0,0.0,0.0,19.80655034171824,-182.1549307494779,19.90151492097438,-101.4357110502142,19.682908481420229,-69.29023413569955,19.606929016184759,0.6001197121957773,19.671509158340663,-5.846817302869098,20.884610333948126,-41.647691008390527,19.185381036806008,-54.21667684923955,17.397205941948223,-178.9599981125474,19.33098760482391,-46.95059002752299,268.39348107357298,475.25575146426766,0.0,0.0,0.0,0.0,0.0,0.0,0.0,0.0,0.0,0.0,0.0,0.0,0.0,0.0,0.0,0.0,0.0,0.0,0.0,0.0,0.0,0.0,1.1918025802888535,0.363798101431274,119.10648101654857,140.1690177339433,2797.0866797955216,0.22287271819287575,0.03401598263017029,82.72198125849639,97.38817889321511,1957.5859867683678,1.1602523706968422,0.21924647972351525,41.119991060804398,48.28994142010872,992.1357491260197,0.2308298724968788,0.04361864559653793,39.02825241207494,45.8217295771246,921.714346010224,0.0,0.0,5.96657599921706,7.018604876955045,141.25644476288259,0.0,0.0,12.294478841013837,14.392236246360783,323.7578827813023,0.0,0.0,58.263966325024977,68.67922416834338,1312.8039773358369,0.0,0.0,42.30789569856902,50.22636723046569,782.7302988038492,0.0,0.0,21.013305716078443,24.73446230964835,489.8165591241427,31.44500404656475,21.567218138933307,99.39304943671121,117.43405934765056,2726.328702362598,0.0,0.0,51.51531904808705,61.611545687668968,739.6609651761539,0.0,19.473919225899495,46.45636010465808,22.0,30.0,0.0,19.62741538624123,46.1063938072149,12.0,30.0,0.0,19.557727932988017,46.61664381697661,22.0,30.0,0.0,19.539960368193318,46.67881004865383,12.0,30.0,0.0,19.637644499838307,47.522475603124707,12.0,30.0,0.0,21.037687703935423,44.16092578424557,12.0,30.0,0.0,19.04005830148641,48.70961530615233,10.0,30.0,0.0,16.95074332128386,56.5629059447852,12.0,30.0,0.0,19.446480467852653,48.33987158218318,20.0,30.0,0.0,18.142193039921396,0.0,0.0,0.0,14.821028569965899,0.0,0.0,478.2394941230933,480.04955789948738,503.6875534315112,493.7529027745478,559.1990838112042,838.340542058857,562.6348900526723,677.3633532525471,813.5881100570587,0.0,83.2152406117667,83.2152406117667,60.0,0.0,60.0,60.0,12.0,12.0,12.0,19.0,12.0,12.0,21.0,10.0,0.0,0.0,0.0,0.0,0.0,0.0,0.0,0.0,0.0,0.0,0.0,0.0,0.0,83.2152406117667,83.2152406117667,0.0,0.0,0.0,83.2152406117667,0.0,0.0,0.00109 
 04/02  03:20:00,7.74,96.33333333333333,4.006666666666667,0.0,0.0,0.0,0.0,0.0,2.0,2.0,0.0,0.0,0.0,0.0,0.0,1758.0,0.0,0.0,0.0,0.0,0.0,0.0,0.0,0.0,0.0,0.0,0.0,19.673976267095929,-70.9535857202527,19.864445876751966,-250.1542719057752,19.615367623313185,-166.72093690800785,19.598327971168737,-16.822432646043354,19.633357530890366,-6.431901810177763,20.83528039542992,-42.45740624723837,19.13979301467448,-71.36904053745991,17.339122577827099,-179.3213897316291,19.313701059634597,-49.76082712801116,382.69796443642329,474.5289528656846,0.0,0.0,0.0,0.0,0.0,0.0,0.0,0.0,0.0,0.0,0.0,0.0,0.0,0.0,0.0,0.0,0.0,0.0,0.0,0.0,0.0,0.0,1.2053556255151939,0.3679351726236856,311.1266208095663,366.2362384549672,7212.911549034245,0.21545245137619929,0.03288346327475569,186.90917863830169,219.8233326304792,4401.652469592352,1.1206905559086725,0.21177070217473033,118.54953883967443,139.4571957532578,2785.839753646508,0.2192765691993283,0.04143548170811191,43.51278153181374,51.31980884956289,1027.0740411366206,0.0,0.0,5.986915091874995,7.044235571893203,141.4681260077262,0.0,0.0,12.586908908298274,14.736053455875468,330.5998600526703,0.0,0.0,52.67269041553368,62.131667085626478,1183.4687465090775,0.0,0.0,42.26536390881489,50.18834129822943,778.1721388803362,0.0,0.0,23.336475847741896,27.465043630507858,543.7610301813464,31.470927666428218,21.584998399470665,284.0816741265037,335.33565065709186,6773.700566497977,0.0,0.0,51.402716961365019,61.48843593519559,734.8853206111511,0.0,19.28743672937609,46.920619138054977,22.0,30.0,0.0,19.59361374477067,46.05531944480498,12.0,30.0,0.0,19.464588622271266,46.483837853288509,22.0,30.0,0.0,19.546299958943444,46.49802373270789,12.0,30.0,0.0,19.599020603757368,47.39764859711522,12.0,30.0,0.0,20.986828886712677,44.07430559838981,12.0,30.0,0.0,18.987046942175597,48.624815014488337,10.0,30.0,0.0,16.889840527156104,56.387851868574589,12.0,30.0,0.0,19.426823076179926,48.09719722206157,20.0,30.0,0.0,18.490293365185367,0.0,0.0,0.0,14.77498205359474,0.0,0.0,480.3282536526291,476.8294544056098,486.05538368843176,494.0343880763734,557.2265662909326,833.8168733418445,566.8286047930762,675.0023810353584,800.3877035679377,0.0,83.2152406117667,83.2152406117667,60.0,0.0,60.0,60.0,12.0,12.0,12.0,19.0,12.0,12.0,21.0,10.0,0.0,0.0,0.0,0.0,0.0,0.0,0.0,0.0,0.0,0.0,0.0,0.0,0.0,83.2152406117667,83.2152406117667,0.0,0.0,0.0,83.2152406117667,0.0,0.0,0.00111 
 04/02  03:30:00,7.725,96.5,4.035,0.0,0.0,0.0,0.0,0.0,2.0,2.0,0.0,0.0,0.0,0.0,0.0,1758.0,0.0,0.0,0.0,0.0,0.0,0.0,0.0,0.0,0.0,0.0,0.0,19.712332103126124,-154.3211370930685,19.738926202604725,-148.1239255758951,19.486893682714397,-123.40621670297242,19.53240898231587,-132.86980477767339,19.59544269537451,-6.694995908581646,20.787502083209593,-43.44906030729669,19.081111017322088,-62.84039201771827,17.28348325020875,-180.0064164515909,19.295502521920278,-52.61911778576365,446.11523054786997,478.62968471280819,0.0,0.0,0.0,0.0,0.0,0.0,0.0,0.0,0.0,0.0,0.0,0.0,0.0,0.0,0.0,0.0,0.0,0.0,0.0,0.0,0.0,0.0,1.1705922230935145,0.3573236334229287,281.97887878751438,332.0394858971461,6580.59992534784,0.21022404790455374,0.03208547739690991,149.43838573646708,176.09884791982177,3477.1363735653787,1.151833959790462,0.21765569912896116,286.81897869363777,337.75366227718419,6626.599040791888,0.22041455918745404,0.04165052138840778,168.63937741234509,198.48833102400756,3934.2273227207795,0.0,0.0,6.048219947640785,7.115919739426487,142.65162185297465,0.0,0.0,12.674220885955986,14.841568901704811,332.1001574316957,0.0,0.0,56.10072798049016,66.1464530297735,1253.6375550510543,0.0,0.0,42.79152014840483,50.82044638103528,784.3783890846119,0.0,0.0,23.48969792153595,27.653004621591366,547.0890330499148,31.543393430421916,21.634700569562363,414.0795324084214,488.78171215090449,9730.046414214792,0.0,0.0,51.96409084433081,62.16436840571363,740.6085337382633,0.0,19.398000172230036,46.48457695091307,22.0,30.0,0.0,19.415588155771606,46.41631356095291,12.0,30.0,0.0,19.265504815683845,46.96890893673829,22.0,30.0,0.0,19.441431961998988,46.42798408492865,12.0,30.0,0.0,19.561378238072508,47.27651623886952,12.0,30.0,0.0,20.93874538739415,43.983737224855889,12.0,30.0,0.0,18.912326245471016,48.61724996903342,10.0,30.0,0.0,16.833226498807418,56.286635916504717,12.0,30.0,0.0,19.406686742914859,47.86053503951983,20.0,30.0,0.0,18.67586838708969,0.0,0.0,0.0,14.737523825891055,0.0,0.0,477.9941615435504,474.5021203674919,483.113612402375,481.1516086204239,553.7555463568851,827.1187828108493,563.456295144805,674.3710964005754,786.2370189723094,0.0,83.2152406117667,83.2152406117667,60.0,0.0,60.0,60.0,12.0,12.0,12.0,19.0,12.0,12.0,21.0,10.0,0.0,0.0,0.0,0.0,0.0,0.0,0.0,0.0,0.0,0.0,0.0,0.0,0.0,83.2152406117667,83.2152406117667,0.0,0.0,0.0,83.2152406117667,0.0,0.0,0.00113 
 04/02  03:40:00,7.709999999999999,96.66666666666666,4.0633333333333339,0.0,0.0,0.0,0.0,0.0,2.0,2.0,0.0,0.0,0.0,0.0,0.0,879.0,0.0,0.0,0.0,0.0,0.0,0.0,0.0,0.0,0.0,0.0,0.0,19.710912998668314,-17.30958962094519,19.693432531218777,-212.6671224868669,19.44511123618818,-172.22592301625537,19.481321633204496,-3.4309693140835408,19.553099366031664,-5.992739401372546,20.734130998626786,-42.11010486195215,19.02736761168945,-74.29829003167584,17.2270074104481,-173.9703061375517,19.2745296878937,-51.75655956489743,394.4094213304543,481.08074482186637,0.0,0.0,0.0,0.0,0.0,0.0,0.0,0.0,0.0,0.0,0.0,0.0,0.0,0.0,0.0,0.0,0.0,0.0,0.0,0.0,0.0,0.0,1.1705430160857005,0.35730861296877305,227.96261955661834,267.6317885199202,5363.638881955518,0.2064336328106633,0.0315069647146922,154.6570241951867,181.64951199849089,3596.760664654205,1.1260777142712045,0.21278868372471747,141.28434551197257,166.02283533171573,3268.242262067515,0.22220730368634668,0.041989286410874269,63.657310045162308,74.75197946676318,1486.73622952682,0.0,0.0,5.983435236735031,7.0222348403652339,140.82579642919434,0.0,0.0,12.798870337729012,14.949083398952228,334.4231087790433,0.0,0.0,51.52174932590871,60.61284578895749,1146.4903144509916,0.0,0.0,42.55660668575278,50.414371146861878,776.7757323222396,0.0,0.0,24.26852314305097,28.49407302008103,565.018596840473,31.602481024934506,21.67522704042148,258.1592537742295,304.1597380486206,6225.317589982416,0.0,0.0,51.707934480170717,61.69844222844405,735.128304415103,0.0,19.467892750820675,46.51543032467541,22.0,30.0,0.0,19.37231823750064,46.30177794272593,12.0,30.0,0.0,19.228030480737439,46.771409451216928,22.0,30.0,0.0,19.3975779661321,46.75982279781554,12.0,30.0,0.0,19.51537858089227,47.166772033162768,12.0,30.0,0.0,20.879357078223227,43.925224601106389,12.0,30.0,0.0,18.84506600813483,48.62168291587626,10.0,30.0,0.0,16.774608905488454,56.31331645104372,12.0,30.0,0.0,19.38238735509494,47.669177155653169,20.0,30.0,0.0,18.474484482404479,0.0,0.0,0.0,14.701783160098671,0.0,0.0,488.59062267304236,466.0191048565251,473.1207840345903,491.73753876893269,550.0927726498799,821.4792570066614,561.4416559345016,672.070703935762,774.6532619662087,0.0,83.2152406117667,83.2152406117667,60.0,0.0,60.0,60.0,12.0,12.0,12.0,19.0,12.0,12.0,21.0,10.0,0.0,0.0,0.0,0.0,0.0,0.0,0.0,0.0,0.0,0.0,0.0,0.0,0.0,83.2152406117667,83.2152406117667,0.0,0.0,0.0,83.2152406117667,0.0,0.0,0.00115 
 04/02  03:50:00,7.695,96.83333333333334,4.091666666666667,0.0,0.0,0.0,0.0,0.0,2.0,2.0,0.0,0.0,0.0,0.0,0.0,1758.0,0.0,0.0,0.0,0.0,0.0,0.0,0.0,0.0,0.0,0.0,0.0,19.595651516089427,-121.57576111107574,19.680357073227396,-136.10016012531993,19.434336495250429,-106.80440384747954,19.413614535778586,-95.5932434579122,19.51836226295061,-6.696098309006928,20.69192705268371,-43.42575228139759,18.99784390441773,-63.154881657175,17.18030596548506,-176.78113947791815,19.25674223053969,-54.71657610329726,411.1678794532272,482.5116567493702,0.0,0.0,0.0,0.0,0.0,0.0,0.0,0.0,0.0,0.0,0.0,0.0,0.0,0.0,0.0,0.0,0.0,0.0,0.0,0.0,0.0,0.0,1.1717940571163999,0.35769049362527469,212.30367259775114,250.04152552704177,4920.860673068479,0.2123441503454431,0.03240905835553161,110.2930522929189,129.71241658794149,2571.699726236464,1.1489113030775567,0.21710342083854063,190.5430337859857,224.55275803482597,4420.420778038271,0.2220194444580403,0.041953787690483797,103.00328364857055,121.39115222808684,2381.48622306076,0.0,0.0,6.107315317655287,7.187777223594893,143.5016033107786,0.0,0.0,12.797051375826897,14.989025351793622,333.6876638567388,0.0,0.0,56.17509570112337,66.27482680148984,1249.4803576280077,0.0,0.0,42.971619351185299,51.050092302436919,781.8835634080022,0.0,0.0,24.227785162486926,28.52233746614842,563.7277250559882,31.745465155226897,21.773295716890883,276.25593285609446,326.3134254514565,6626.93696498157,0.0,0.0,52.17312024464251,62.4281074176606,739.4241640779911,0.0,19.26474308579901,46.72809582234993,22.0,30.0,0.0,19.407142904226846,46.31419820315298,12.0,30.0,0.0,19.264253772327935,46.883070006798877,22.0,30.0,0.0,19.286594824762604,46.701341868913029,12.0,30.0,0.0,19.484794700297529,47.12907774889224,12.0,30.0,0.0,20.841701636684247,43.88877205754339,12.0,30.0,0.0,18.828625609168186,48.67704322289828,10.0,30.0,0.0,16.73392128882078,56.286096273794729,12.0,30.0,0.0,19.36498255290558,47.599891957097998,20.0,30.0,0.0,18.480235549493558,0.0,0.0,0.0,14.667224229737715,0.0,0.0,475.0296912098628,473.0412309607741,484.59928410722719,476.15350136430927,549.4746422055771,819.0475812734734,559.0998771381206,669.9404024432288,772.3622191825091,0.0,83.2152406117667,83.2152406117667,60.0,0.0,60.0,60.0,12.0,12.0,12.0,19.0,12.0,12.0,21.0,10.0,0.0,0.0,0.0,0.0,0.0,0.0,0.0,0.0,0.0,0.0,0.0,0.0,0.0,83.2152406117667,83.2152406117667,0.0,0.0,0.0,83.2152406117667,0.0,0.0,0.0011599999999999998 
 04/02  04:00:00,7.68,97.0,4.12,0.0,0.0,0.0,0.0,0.0,2.0,2.0,0.0,0.0,0.0,0.0,0.0,879.0,0.0,0.0,0.0,0.0,0.0,0.0,0.0,0.0,0.0,0.0,0.0,19.523766956404246,-136.81525686447095,19.669855521544699,-58.97651720668796,19.43551719531611,-23.77449521107519,19.33317044072558,-130.8770899595488,19.475007707984248,-6.684693794150974,20.639545675146786,-43.44661086266831,18.95955862054167,-56.76617848202932,17.123714422152518,-174.580778066045,19.23325422211213,-55.58664364571973,357.84536786022638,485.70108561570307,0.0,0.0,0.0,0.0,0.0,0.0,0.0,0.0,0.0,0.0,0.0,0.0,0.0,0.0,0.0,0.0,0.0,0.0,0.0,0.0,0.0,0.0,1.163695087331374,0.3552182806261826,131.0038570231164,153.96104429522394,3026.5238159364655,0.217044523063944,0.033126453459087917,32.74776605558027,38.45158121381303,771.4935234326839,1.162595634375245,0.21968927331353847,189.62663772642262,222.72142343965408,4421.761278957554,0.22293652773425755,0.04212708385001086,93.20480643662786,109.54037899919966,2138.791415227088,0.0,0.0,6.182467335735153,7.257472131031837,144.94116389033574,0.0,0.0,12.788576238153539,14.941550798242263,332.55295287121415,0.0,0.0,58.593962490978558,68.93786273116368,1301.3663893962694,0.0,0.0,43.272591253091409,51.27827679434077,783.8269943601208,0.0,0.0,24.20284335633094,28.420099391734558,562.7820081533025,31.83175068425303,21.83247646382239,189.59263539594927,223.51528477056335,4677.9888558988209,0.0,0.0,52.511824811942329,62.66967237129116,742.8951065058493,0.0,19.171901754205803,46.75082423614335,22.0,30.0,0.0,19.435699567761995,46.014175065765808,12.0,30.0,0.0,19.316518655052055,46.830917069468977,22.0,30.0,0.0,19.16842859168954,46.72001429960483,12.0,30.0,0.0,19.43741510316537,47.07899860875814,12.0,30.0,0.0,20.78348427171231,43.83949360624179,12.0,30.0,0.0,18.792931679015604,48.76175577257481,10.0,30.0,0.0,16.673322395944085,56.31970783124007,12.0,30.0,0.0,19.337312062712564,47.504227470480227,20.0,30.0,0.0,18.258827117831215,0.0,0.0,0.0,14.636583156827799,0.0,0.0,467.15289820577478,465.11633956135457,490.56709317485288,462.3014414626094,548.0183474284575,815.2557202607792,557.8426537612699,667.1304274862763,768.6913976128375,0.0,83.2152406117667,83.2152406117667,60.0,0.0,60.0,60.0,12.0,12.0,12.0,19.0,12.0,12.0,21.0,10.0,0.0,0.0,0.0,0.0,0.0,0.0,0.0,0.0,0.0,0.0,0.0,0.0,0.0,83.2152406117667,83.2152406117667,0.0,0.0,0.0,83.2152406117667,0.0,0.0,0.00117 
 04/02  04:10:00,7.658333333333333,97.0,4.1850000000000009,0.0,0.0,0.0,0.0,0.0,2.0,2.0,0.0,0.0,0.0,0.0,0.0,1758.0,0.0,0.0,0.0,0.0,0.0,0.0,0.0,0.0,0.0,0.0,0.0,19.53084699679487,-75.86692558741516,19.599632916818459,-179.3463586325994,19.33595822458735,-158.39821449697457,19.31641493440399,-59.09675359483367,19.44012092323235,-6.577164976446781,20.598529487712214,-42.76613185995643,18.91988547242861,-65.24837912444514,17.078120078717619,-175.813328833475,19.21387758179523,-57.60961204440861,395.9734777615181,486.6380168660295,0.0,0.0,0.0,0.0,0.0,0.0,0.0,0.0,0.0,0.0,0.0,0.0,0.0,0.0,0.0,0.0,0.0,0.0,0.0,0.0,0.0,0.0,1.153318519129354,0.3520508300150653,179.50695531423123,211.53163274077054,4173.625888592223,0.20883696739868597,0.03187377402299847,90.95701352095225,107.30420926315336,2114.59238960096,1.1462056667470644,0.21659215169067742,198.46542140992615,233.8160599095799,4571.402520682034,0.22763781962544706,0.043015461002541,111.109686873446,130.94169487615808,2557.877294909101,0.0,0.0,6.106000592503023,7.187557563309646,143.00223168922177,0.0,0.0,12.831322553639236,15.034393271333562,333.2232115103334,0.0,0.0,56.81385046063154,67.02613676385087,1259.3046285040444,0.0,0.0,43.48336329199126,51.674379829049438,785.908328437554,0.0,0.0,24.517150915039538,28.869071466628335,570.051453330843,31.81518819093821,21.821116729038559,252.9466554473026,299.0088197292386,6079.304369990807,0.0,0.0,52.69401347238865,63.062508163423519,744.3904842472697,0.0,19.24908633106113,46.58797619044721,22.0,30.0,0.0,19.328559299688459,46.28613600829367,12.0,30.0,0.0,19.1512043488621,46.991575747415229,22.0,30.0,0.0,19.189706019206488,46.906034696745788,12.0,30.0,0.0,19.407289938841225,47.07109134197196,12.0,30.0,0.0,20.748227518325526,43.82207205961698,12.0,30.0,0.0,18.75186055536747,48.643989109039498,10.0,30.0,0.0,16.634272970993288,56.284617557931017,12.0,30.0,0.0,19.318827036440518,47.46304118238948,20.0,30.0,0.0,18.343232476488738,0.0,0.0,0.0,14.60684947460054,0.0,0.0,470.3694644503719,466.1950952409015,479.1024231807234,476.0471393669164,546.3122269962971,812.319207762117,552.9475114491612,663.3636038659981,765.8615310174639,0.0,83.2152406117667,83.2152406117667,60.0,0.0,60.0,60.0,12.0,12.0,12.0,19.0,12.0,12.0,21.0,10.0,0.0,0.0,0.0,0.0,0.0,0.0,0.0,0.0,0.0,0.0,0.0,0.0,0.0,83.2152406117667,83.2152406117667,0.0,0.0,0.0,83.2152406117667,0.0,0.0,0.00118 
 04/02  04:20:00,7.636666666666667,97.0,4.25,0.0,0.0,0.0,0.0,0.0,2.0,2.0,0.0,0.0,0.0,0.0,0.0,879.0,0.0,0.0,0.0,0.0,0.0,0.0,0.0,0.0,0.0,0.0,0.0,19.55453333739554,-9.319073700435184,19.500318219882069,-250.35172344042895,19.285636326120249,-142.48205567556898,19.310848069849926,-2.538254360946212,19.396588129222054,-6.233786583340191,20.547448468976975,-41.98894451800152,18.871075248858064,-67.84536713799594,17.02352724037694,-172.22437928647538,19.188583130495318,-58.0171454284673,347.2954710570857,488.00241326085827,0.0,0.0,0.0,0.0,0.0,0.0,0.0,0.0,0.0,0.0,0.0,0.0,0.0,0.0,0.0,0.0,0.0,0.0,0.0,0.0,0.0,0.0,1.1581788217671863,0.3535344388788725,144.72881957162537,169.9872193408101,3402.3715279649707,0.20534885801753756,0.03134140079632747,134.2806949664467,157.80899259752332,3093.753189413218,1.1353880518273063,0.2145480067700882,88.11921123541323,103.58565107747818,2039.5026061992019,0.22687061447703953,0.042870486484701337,75.49820910465869,88.70899334854544,1747.2290981835595,0.0,0.0,6.085750614816853,7.146233924821955,142.29792800063184,0.0,0.0,12.909970142129812,15.089094213253365,334.5889448275873,0.0,0.0,55.479510838578089,65.30123945599361,1226.4549965419372,0.0,0.0,43.49713133451535,51.564676201407937,783.5240881771058,0.0,0.0,25.070475318308327,29.44541169638539,582.8178234036084,31.749348157484904,21.77595895575097,170.60863567698176,201.22158599445633,4248.084427132195,0.0,0.0,52.68672733275243,62.89423599157744,743.9723874932292,0.0,19.347897753378228,46.267853315422218,22.0,30.0,0.0,19.18179993961167,46.64462015289108,12.0,30.0,0.0,19.101361434892927,46.96833126363136,22.0,30.0,0.0,19.21775535320691,46.884160309495879,12.0,30.0,0.0,19.360095153417935,47.04134007846218,12.0,30.0,0.0,20.69246897873601,43.793779144771267,12.0,30.0,0.0,18.694166477013753,48.65992034458793,10.0,30.0,0.0,16.577129340051319,56.322865299431828,12.0,30.0,0.0,19.28942655816035,47.38014506504184,20.0,30.0,0.0,18.14447597668729,0.0,0.0,0.0,14.578824766183612,0.0,0.0,470.4274937677422,466.6211160980794,478.67618936578239,482.42189644473316,542.7151104345995,807.4591187029528,550.046929048028,659.9660640526007,759.0805034096065,0.0,83.2152406117667,83.2152406117667,60.0,0.0,60.0,60.0,12.0,12.0,12.0,19.0,12.0,12.0,21.0,10.0,0.0,0.0,0.0,0.0,0.0,0.0,0.0,0.0,0.0,0.0,0.0,0.0,0.0,83.2152406117667,83.2152406117667,0.0,0.0,0.0,83.2152406117667,0.0,0.0,0.0011933333333333334 
 04/02  04:30:00,7.615,97.0,4.3149999999999999,0.0,0.0,0.0,0.0,0.0,2.0,2.0,0.0,0.0,0.0,0.0,0.0,1758.0,0.0,0.0,0.0,0.0,0.0,0.0,0.0,0.0,0.0,0.0,0.0,19.390819709074508,-146.55217823972363,19.485374209623509,-129.97991985695149,19.260099409201609,-121.65856009253776,19.251366393471764,-88.85852435529137,19.360931922654946,-6.771196202006465,20.506364783645858,-43.33184729928948,18.838174141285188,-67.39224812838438,16.97940935173446,-173.18384189996164,19.16779656565115,-60.28668830007143,411.0963328241778,487.74423820933319,0.0,0.0,0.0,0.0,0.0,0.0,0.0,0.0,0.0,0.0,0.0,0.0,0.0,0.0,0.0,0.0,0.0,0.0,0.0,0.0,0.0,0.0,1.1675622916002833,0.3563987459097324,233.06546877784917,274.67045664778336,5341.70575908299,0.21287050265758934,0.03248939295750753,124.76363421045295,146.8712587119136,2885.033335121442,1.1299666504970099,0.213523554515686,180.3374775628808,212.569542515298,4154.942360909046,0.22008667049725817,0.041588562074311819,86.18973953006602,101.60817953124715,1980.3444714629609,0.0,0.0,6.121278604918204,7.208284031680602,142.9700836248585,0.0,0.0,12.88802222196378,15.105660536825143,333.553030437816,0.0,0.0,55.940458716082648,66.03914373469063,1235.9723191527242,0.0,0.0,43.66454153564304,51.91034452516688,784.955260519027,0.0,0.0,25.627485340688325,30.179877871549374,595.6600065358599,31.731822008107267,21.76393827716548,282.6853918973934,334.032127609006,6717.13040827816,0.0,0.0,52.84241878093223,63.2570231892648,745.2508134235534,0.0,19.049558081584345,47.049044724877109,22.0,30.0,0.0,19.221126995141405,46.544203717452877,12.0,30.0,0.0,19.103575996513258,46.988570602903809,22.0,30.0,0.0,19.122088688257674,46.88855607698853,12.0,30.0,0.0,19.328813664335294,47.036577464044217,12.0,30.0,0.0,20.656258369355215,43.79443346839163,12.0,30.0,0.0,18.66825347632934,48.67458446772632,10.0,30.0,0.0,16.539830947085919,56.30937402427915,12.0,30.0,0.0,19.269602586224715,47.33443308741887,20.0,30.0,0.0,18.319708649791246,0.0,0.0,0.0,14.550680447366308,0.0,0.0,468.3471581265429,469.2148593750004,478.50374018504888,470.0502785840398,541.1998056633491,806.2431647531942,548.5379788476666,657.4432095082688,754.8391368339023,0.0,83.2152406117667,83.2152406117667,60.0,0.0,60.0,60.0,12.0,12.0,12.0,19.0,12.0,12.0,21.0,10.0,0.0,0.0,0.0,0.0,0.0,0.0,0.0,0.0,0.0,0.0,0.0,0.0,0.0,83.2152406117667,83.2152406117667,0.0,0.0,0.0,83.2152406117667,0.0,0.0,0.0012066666666666665 
 04/02  04:40:00,7.593333333333334,97.0,4.38,0.0,0.0,0.0,0.0,0.0,2.0,2.0,0.0,0.0,0.0,0.0,0.0,879.0,0.0,0.0,0.0,0.0,0.0,0.0,0.0,0.0,0.0,0.0,0.0,19.32536899193697,-137.98675499584398,19.491303117533904,-20.804105161716394,19.24921322332625,-24.252287209247699,19.170586777071884,-134.01878489416505,19.316437603441444,-6.792084351208786,20.455036311888344,-43.653672549864499,18.79082373381091,-61.56217745926415,16.926770709786223,-170.5901626309137,19.140853235946517,-60.964839318541638,338.6158358798157,488.5583466038577,0.0,0.0,0.0,0.0,0.0,0.0,0.0,0.0,0.0,0.0,0.0,0.0,0.0,0.0,0.0,0.0,0.0,0.0,0.0,0.0,0.0,0.0,1.166215097419398,0.35598751447478579,108.6539770920152,127.78524028711395,2492.6737698555837,0.21392281159121119,0.03265000176911038,10.637041616353365,12.4966757773314,252.65478523534373,1.146048683160969,0.21656248736979773,173.26888222366905,203.65306237218486,4011.6440731377367,0.21885916801647396,0.04135660771286355,96.01336096594108,112.90998474583435,2188.750198990001,0.0,0.0,6.18888981982626,7.269698911733312,144.29625123279664,0.0,0.0,12.937883361931304,15.127381520726008,334.1395852757356,0.0,0.0,57.63994074861657,67.8631657385613,1270.5430858671044,0.0,0.0,43.80071033575768,51.94387154784505,784.9616223672678,0.0,0.0,25.87716268945613,30.399835561799337,601.2652643036843,31.64556154241162,21.704774720446936,173.20334704738509,204.3486137957667,4281.715013571222,0.0,0.0,52.98249138045423,63.262728537843297,747.0625063537534,0.0,18.976698584749188,47.10505041705938,22.0,30.0,0.0,19.283054406168444,46.276698485942478,12.0,30.0,0.0,19.134727984220885,46.948321805901347,22.0,30.0,0.0,19.00108105665116,47.01421972200182,12.0,30.0,0.0,19.280150261881106,47.03908919122658,12.0,30.0,0.0,20.59943255327291,43.797474552035897,12.0,30.0,0.0,18.61601681252901,48.825039082019198,10.0,30.0,0.0,16.485290928232105,56.34722375466733,12.0,30.0,0.0,19.23825668134214,47.277174225487389,20.0,30.0,0.0,18.052321203045034,0.0,0.0,0.0,14.524119313827264,0.0,0.0,463.93807661532989,466.658539970076,481.34471925756795,459.11263530766049,539.7272511386763,804.1390246529811,549.3602809039383,655.9803470619681,748.7305477228886,0.0,83.2152406117667,83.2152406117667,60.0,0.0,60.0,60.0,12.0,12.0,12.0,19.0,12.0,12.0,21.0,10.0,0.0,0.0,0.0,0.0,0.0,0.0,0.0,0.0,0.0,0.0,0.0,0.0,0.0,83.2152406117667,83.2152406117667,0.0,0.0,0.0,83.2152406117667,0.0,0.0,0.00122 
 04/02  04:50:00,7.571666666666666,97.0,4.445,0.0,0.0,0.0,0.0,0.0,2.0,2.0,0.0,0.0,0.0,0.0,0.0,1758.0,0.0,0.0,0.0,0.0,0.0,0.0,0.0,0.0,0.0,0.0,0.0,19.33742687585947,-71.03904246147522,19.409036925558305,-191.0811781444694,19.153373555456967,-152.4580950192153,19.153412875178419,-60.047184406268119,19.280606628991934,-6.832996705027924,20.414915650639949,-43.14268496439834,18.75029248696749,-67.57902813691533,16.884239184202714,-171.02827843252443,19.118917983557688,-63.1026115116191,387.01830312158156,487.3937930207883,0.0,0.0,0.0,0.0,0.0,0.0,0.0,0.0,0.0,0.0,0.0,0.0,0.0,0.0,0.0,0.0,0.0,0.0,0.0,0.0,0.0,0.0,1.1443974091566943,0.3493276584727394,185.21746079957775,218.4185974683453,4273.164037475159,0.20513044501743755,0.031308065478851888,96.42672775057288,113.84933173392094,2223.6021310112284,1.1365151826343707,0.21476099445093939,188.34510885773569,222.02024916297604,4309.507704260348,0.2247990184702657,0.0424790284335347,104.30708875278384,122.99123024111236,2385.6773273508717,0.0,0.0,6.142524977391018,7.235007256216567,143.05737602583455,0.0,0.0,13.025318262454205,15.272675221004832,335.9695765770324,0.0,0.0,56.34394624578215,66.51530362871184,1239.4626861114635,0.0,0.0,43.87688904298621,52.17937516964895,784.9179892901429,0.0,0.0,26.14945857417885,30.80459582245696,607.4371833695518,31.61002331952307,21.68040008197742,249.68113557208569,295.34179913701197,5961.4172754784,0.0,0.0,53.030686449121478,63.49432018583962,747.0144346890024,0.0,19.066033198885383,46.87587344590874,22.0,30.0,0.0,19.146129162031366,46.581084933218509,12.0,30.0,0.0,18.97776848883722,47.205511723262009,22.0,30.0,0.0,19.021717306125994,47.079088695400439,12.0,30.0,0.0,19.249042719870049,47.05659546996331,12.0,30.0,0.0,20.564872266528555,43.80449566973033,12.0,30.0,0.0,18.574761225785584,48.804802459250499,10.0,30.0,0.0,16.450181971285717,56.346360428816328,12.0,30.0,0.0,19.217435376325719,47.25772219567706,20.0,30.0,0.0,18.170928392551234,0.0,0.0,0.0,14.497803847641258,0.0,0.0,467.86749829351836,466.0280321459237,476.1398143716009,469.7100779582189,538.3333899141916,801.8955510396133,547.8086318782074,654.6793307128788,746.1226938789791,0.0,83.2152406117667,83.2152406117667,60.0,0.0,60.0,60.0,12.0,12.0,12.0,19.0,12.0,12.0,21.0,10.0,0.0,0.0,0.0,0.0,0.0,0.0,0.0,0.0,0.0,0.0,0.0,0.0,0.0,83.2152406117667,83.2152406117667,0.0,0.0,0.0,83.2152406117667,0.0,0.0,0.00125 
 04/02  05:00:00,7.55,97.0,4.51,0.0,0.0,0.0,0.0,0.0,2.0,2.0,0.0,0.0,0.0,0.0,0.0,879.0,0.0,0.0,0.0,0.0,0.0,0.0,0.0,0.0,0.0,0.0,0.0,19.358510106445587,-7.420919535446046,19.306681624194355,-250.4846261239909,19.105714625565179,-134.55949364624895,19.149016724716934,-3.467683841030521,19.235963907902403,-6.476840193023293,20.364907460946577,-42.41810913037136,18.701709908069114,-70.00760514802596,16.83330901412493,-167.59565719894455,19.09078414615181,-63.224243339878288,337.69289328383186,487.82458959682756,0.0,0.0,0.0,0.0,0.0,0.0,0.0,0.0,0.0,0.0,0.0,0.0,0.0,0.0,0.0,0.0,0.0,0.0,0.0,0.0,0.0,0.0,1.1481936939247449,0.3504864755570039,149.40777557325885,175.60380667871716,3483.056566436635,0.20317208731879445,0.03100917083620184,136.02624282654285,159.9709879503322,3108.6721740639566,1.12529035710803,0.21263990119199364,80.87223095533466,95.12666421360919,1861.359113883628,0.22359030771259853,0.04225062504017356,65.2944493134789,76.76844376283668,1502.193919304444,0.0,0.0,6.114359942206928,7.184405767698095,142.15351845065156,0.0,0.0,13.070020461313888,15.287317204417685,336.4594826513347,0.0,0.0,55.006642119393209,64.78828883546898,1206.873836761421,0.0,0.0,43.852308700546448,52.023078062583177,782.2459537452493,0.0,0.0,26.582887759864119,31.235975565236826,617.2386098747273,31.511517612454886,21.612837868624756,166.92549568740399,197.00292373751646,4134.568140575499,0.0,0.0,52.9795263653319,63.27267713659172,746.4165951293368,0.0,19.159831360263817,46.57704812725052,22.0,30.0,0.0,18.995187589287597,46.92244581332916,12.0,30.0,0.0,18.93292451525508,47.19079981474634,22.0,30.0,0.0,19.051766100126529,47.04485414246752,12.0,30.0,0.0,19.20048687429309,47.07608105597022,12.0,30.0,0.0,20.51012792145304,43.81467190643157,12.0,30.0,0.0,18.517894296879676,48.84740411734318,10.0,30.0,0.0,16.398091733785294,56.40398720482014,12.0,30.0,0.0,19.184900238664107,47.22485918957434,20.0,30.0,0.0,17.973175070654948,0.0,0.0,0.0,14.474007852629209,0.0,0.0,469.75913165779016,465.8425976525731,477.97105877950738,476.8230489348659,535.9211445506196,798.7108985678897,546.2241750991916,652.4487919433276,741.5201394397477,0.0,83.2152406117667,83.2152406117667,60.0,0.0,60.0,60.0,12.0,12.0,12.0,19.0,12.0,12.0,21.0,10.0,0.0,0.0,0.0,0.0,0.0,0.0,0.0,0.0,0.0,0.0,0.0,0.0,0.0,83.2152406117667,83.2152406117667,0.0,0.0,0.0,83.2152406117667,0.0,0.0,0.0012799999999999999 
 04/02  05:10:00,7.550000000000001,96.83333333333334,4.5616666666666669,0.0,0.0,0.0,0.0,0.0,2.0,2.0,0.0,0.0,0.0,0.0,0.0,1758.0,0.0,0.0,0.0,0.0,0.0,0.0,0.0,0.0,0.0,0.0,0.0,19.198227686292534,-141.99960223285417,19.291918514150674,-123.82205171946976,19.078337248065297,-119.59297344379275,19.08903262944555,-91.09999847109407,19.19955381887176,-7.012188740071551,20.324698696403666,-43.843210616057039,18.668863281234289,-68.98453628052664,16.79191850740714,-167.97346549094199,19.06802353245621,-65.3091194818183,401.0402042715623,486.4447033701691,0.0,0.0,0.0,0.0,0.0,0.0,0.0,0.0,0.0,0.0,0.0,0.0,0.0,0.0,0.0,0.0,0.0,0.0,0.0,0.0,0.0,0.0,1.15702250995451,0.3531814743450885,229.63011219151918,270.7940147024478,5213.350743726793,0.21175052571480214,0.032318456305677988,124.29636875104765,146.4290889068482,2846.565240813967,1.1154000500415702,0.21077098451276844,175.1502066620595,206.58342583741575,4000.042323881511,0.21674584860483488,0.04095726542041474,83.9286310122483,99.01425337259407,1912.2171072098623,0.0,0.0,6.1534009581047359,7.250540785465926,142.6286027116833,0.0,0.0,13.033566831688276,15.286915476989499,334.5074122512498,0.0,0.0,55.51466873621828,65.57873201830719,1215.0157295877066,0.0,0.0,43.94500387047697,52.27908551419067,780.6764693612504,0.0,0.0,27.039527633496108,31.856903209337586,626.4790653640756,31.52562341117723,21.62251262769358,277.1623814468137,327.71583772608889,6533.59462281481,0.0,0.0,53.063147517685568,63.54767747208731,744.7247465635676,0.0,18.86906354614312,47.32433012810334,22.0,30.0,0.0,19.035442597536773,46.82813889923238,12.0,30.0,0.0,18.93042988662929,47.21563451635783,22.0,30.0,0.0,18.9550204091428,47.102901919081478,12.0,30.0,0.0,19.168480391754359,47.09661778688205,12.0,30.0,0.0,20.474583278659894,43.83051998792773,12.0,30.0,0.0,18.49263571733131,48.867254967540549,10.0,30.0,0.0,16.364078973149519,56.414707393089667,12.0,30.0,0.0,19.163421069152123,47.20688365458311,20.0,30.0,0.0,18.149560594443657,0.0,0.0,0.0,14.44946467130109,0.0,0.0,466.3750159243564,468.4738988463253,476.6049439400365,466.6451993677723,535.1493973645362,798.3469872660112,545.526158540222,651.0069314520388,738.6755627195169,0.0,83.2152406117667,83.2152406117667,60.0,0.0,60.0,60.0,12.0,12.0,12.0,19.0,12.0,12.0,21.0,10.0,0.0,0.0,0.0,0.0,0.0,0.0,0.0,0.0,0.0,0.0,0.0,0.0,0.0,83.2152406117667,83.2152406117667,0.0,0.0,0.0,83.2152406117667,0.0,0.0,0.0013100000000000002 
 04/02  05:20:00,7.550000000000001,96.66666666666667,4.613333333333333,0.0,0.0,0.0,0.0,0.0,2.0,2.0,0.0,0.0,0.0,0.0,0.0,879.0,0.0,0.0,0.0,0.0,0.0,0.0,0.0,0.0,0.0,0.0,0.0,19.137077285661524,-130.5747683187028,19.297570989487835,-20.04920939953928,19.065752321005904,-23.660041660617936,19.005657454341745,-139.02205509502029,19.154215651926795,-6.994236268386061,20.27448129654087,-44.0966740816134,18.62226527854277,-63.296066085553778,16.74270891627981,-165.3814453717373,19.038871042554648,-65.72241255226595,330.29034867147495,486.57998444528178,0.0,0.0,0.0,0.0,0.0,0.0,0.0,0.0,0.0,0.0,0.0,0.0,0.0,0.0,0.0,0.0,0.0,0.0,0.0,0.0,0.0,0.0,1.1532056328269327,0.35201637143679267,102.57375031730035,120.71187421400635,2329.051797530544,0.21191340855989997,0.03234331632477106,10.377397586636281,12.200089582767824,243.68268412418224,1.1293991768993164,0.21341632216540377,170.43591710570187,200.45576920298738,3902.76507452332,0.21499330614356036,0.04062609715486778,99.03139396635385,116.53379955736856,2233.11559395158,0.0,0.0,6.218282146108347,7.308836190438644,143.59705170382578,0.0,0.0,13.08454602514194,15.309795998791941,334.56763667449726,0.0,0.0,57.084452257404567,67.25380436338512,1244.1096970825052,0.0,0.0,44.02981587696833,52.25094299032061,778.1935571682661,0.0,0.0,27.258105370182876,32.036763826156647,630.0340591194589,31.476780621380646,21.589012771866018,170.31636716403035,201.0663127123936,4171.84298597571,0.0,0.0,53.153383503185597,63.493581328981118,743.8257985486456,0.0,18.804444242869235,47.348402876849167,22.0,30.0,0.0,19.095937428813266,46.55387934253658,12.0,30.0,0.0,18.957885218082244,47.1879900188567,22.0,30.0,0.0,18.82898654351534,47.257411880563207,12.0,30.0,0.0,19.118838783734256,47.130616961947158,12.0,30.0,0.0,20.418942677336785,43.85079673785934,12.0,30.0,0.0,18.44182016326672,49.01860053326688,10.0,30.0,0.0,16.3141089908581,56.47214604541314,12.0,30.0,0.0,19.129737001971873,47.187089973672168,20.0,30.0,0.0,17.889370657758247,0.0,0.0,0.0,14.426090990184925,0.0,0.0,461.68636219187638,465.4893335725461,478.8025251888061,456.4191125191479,534.6349273609153,797.2887533024776,546.95807264423,650.5959050103102,734.6752397474498,0.0,83.2152406117667,83.2152406117667,60.0,0.0,60.0,60.0,12.0,12.0,12.0,19.0,12.0,12.0,21.0,10.0,0.0,0.0,0.0,0.0,0.0,0.0,0.0,0.0,0.0,0.0,0.0,0.0,0.0,83.2152406117667,83.2152406117667,0.0,0.0,0.0,83.2152406117667,0.0,0.0,0.0013399999999999999 
 04/02  05:30:00,7.55,96.5,4.665,0.0,0.0,0.0,0.0,0.0,2.0,2.0,0.0,0.0,0.0,0.0,0.0,1758.0,0.0,0.0,0.0,0.0,0.0,0.0,0.0,0.0,0.0,0.0,0.0,19.14606335847121,-68.09201851387161,19.21807343920715,-184.25044647327446,18.971223599196195,-149.08099054355217,18.98854588033337,-61.89696653971873,19.11780233780118,-7.017206620231633,20.23525083409661,-43.59060535805605,18.582512968900823,-68.53346529112935,16.70254997847757,-165.5140716975585,19.015343054642775,-67.7223480759991,377.3102201750862,484.78113774549,0.0,0.0,0.0,0.0,0.0,0.0,0.0,0.0,0.0,0.0,0.0,0.0,0.0,0.0,0.0,0.0,0.0,0.0,0.0,0.0,0.0,0.0,1.1281749126287813,0.344375736455672,180.44056123255985,212.9259027219843,4108.550258101766,0.20269055836369927,0.030935677405937006,94.15389126120968,111.23565068649335,2142.807177168415,1.1190808875144658,0.21146653203221206,185.80495196598236,219.1633154237624,4197.015193708298,0.22105008744277333,0.0417706136513177,103.78475214766033,122.44628631882826,2343.944320010016,0.0,0.0,6.172353855328933,7.2745897513671509,142.10598027534366,0.0,0.0,13.161028600247159,15.442339244846684,335.54624624657336,0.0,0.0,55.92459210022346,66.06294343911381,1214.1283664290509,0.0,0.0,44.0657268263936,52.437675854292738,775.7281160488365,0.0,0.0,27.416747019495725,32.31146934973207,632.2905722668576,31.483499767377258,21.593621239627756,244.98308380843805,289.9558171919019,5782.259138505183,0.0,0.0,53.16709730536044,63.68262062749929,741.1804286254205,0.0,18.88659802125929,47.13014872796839,22.0,30.0,0.0,18.96462673036507,46.831508807651548,12.0,30.0,0.0,18.803699028414223,47.436741476619747,22.0,30.0,0.0,18.850679597455064,47.30604291371333,12.0,30.0,0.0,19.087196891960614,47.163423350566947,12.0,30.0,0.0,20.385140087125799,43.86595309373078,12.0,30.0,0.0,18.402479628003399,48.99681087199114,10.0,30.0,0.0,16.281663860369237,56.48297228407326,12.0,30.0,0.0,19.107614768806138,47.18713541212544,20.0,30.0,0.0,18.005534307545348,0.0,0.0,0.0,14.40187112627735,0.0,0.0,466.17620890713877,464.86100638308036,474.6340583291011,467.1473729312588,533.7901903969409,795.6412945361885,545.2475816469814,649.9794483814033,733.3127451796795,0.0,83.2152406117667,83.2152406117667,60.0,0.0,60.0,60.0,12.0,12.0,12.0,19.0,12.0,12.0,21.0,10.0,0.0,0.0,0.0,0.0,0.0,0.0,0.0,0.0,0.0,0.0,0.0,0.0,0.0,83.2152406117667,83.2152406117667,0.0,0.0,0.0,83.2152406117667,0.0,0.0,0.00137 
 04/02  05:40:00,7.550000000000001,96.33333333333334,4.716666666666667,0.0,0.0,0.0,0.0,0.0,2.0,2.0,0.0,0.0,0.0,0.0,0.0,879.0,0.0,0.0,0.0,0.0,0.0,0.0,0.0,0.0,0.0,0.0,0.0,19.163996170026829,-6.686020258336612,19.119006899839975,-240.51026369740067,18.924694959299349,-129.4999999332672,18.985330700480426,-4.177554226732809,19.072517042478073,-6.647041967044828,20.186373218895107,-42.869637454996567,18.534810242581288,-70.7384149586353,16.654532600240935,-162.2160750087346,18.985463258652794,-67.64864904931005,325.8974202898189,484.87288389154358,0.0,0.0,0.0,0.0,0.0,0.0,0.0,0.0,0.0,0.0,0.0,0.0,0.0,0.0,0.0,0.0,0.0,0.0,0.0,0.0,0.0,0.0,1.1286408263176846,0.34451795675143,147.14278067771944,173.06128084743137,3377.410934681339,0.20020827459706648,0.03055681846719574,132.76241938786019,156.23563967007414,2989.2633963840055,1.1056905992530007,0.2089362432450871,77.74066785118396,91.50230030196086,1763.7867428405685,0.21930226816396576,0.04144033789946441,61.11978623736747,71.90568597269169,1386.553650628726,0.0,0.0,6.144825942148581,7.224741385935757,140.94773863655053,0.0,0.0,13.201731978927777,15.452213088512469,335.37446236451049,0.0,0.0,54.61245466126988,64.36577958336116,1180.3136329930467,0.0,0.0,44.0146729505711,52.2495116060945,770.970484747846,0.0,0.0,27.793011402927968,32.67292028928648,639.39049331049,31.432830279090348,21.558868504177199,161.50467630337037,190.72824990205579,3956.207164313393,0.0,0.0,53.09426126752758,63.43530604152209,738.0933669891748,0.0,18.974010459472678,46.840859302495768,22.0,30.0,0.0,18.81930286577571,47.15018378460846,12.0,30.0,0.0,18.760837157101819,47.40866164064339,22.0,30.0,0.0,18.88322074674313,47.25857867411467,12.0,30.0,0.0,19.037912403799035,47.2031005691761,12.0,30.0,0.0,20.331658975600605,43.88475596569014,12.0,30.0,0.0,18.347484234973395,49.03766972343907,10.0,30.0,0.0,16.233205242172248,56.54823452098092,12.0,30.0,0.0,19.073305913454314,47.178849150460077,20.0,30.0,0.0,17.802059099603086,0.0,0.0,0.0,14.379412820678871,0.0,0.0,468.42805388734038,464.9150800788929,477.11269151311077,474.4641999338278,532.1278224482821,793.173928289922,543.8645047753906,648.5232020079382,730.2383554124707,0.0,83.2152406117667,83.2152406117667,60.0,0.0,60.0,60.0,12.0,12.0,12.0,19.0,12.0,12.0,21.0,10.0,0.0,0.0,0.0,0.0,0.0,0.0,0.0,0.0,0.0,0.0,0.0,0.0,0.0,83.2152406117667,83.2152406117667,0.0,0.0,0.0,83.2152406117667,0.0,0.0,0.0014000000000000003 
 04/02  05:50:00,7.55,96.16666666666666,4.768333333333334,10.33333333333333,5.666666666666665,0.0,0.0,0.0,2.0,2.0,0.0,0.0,0.0,0.0,0.0,1758.0,0.0,15.236217522731645,3.7285751583050898,9.55433933388092,0.4568609712129951,12.159976100166395,0.0,3.728575158305088,5.097244922411427,0.0,0.0,19.008994573694737,-136.31751110433926,19.109007927081174,-121.20362451252868,18.897852234288619,-117.07759862063449,18.928492030982207,-94.63209350435432,19.036914920968404,-7.151398406904505,20.152462705254409,-44.26727217144429,18.50200888911253,-69.82378235836666,16.616765006280624,-162.38809922251688,18.963516478702286,-69.58889855550348,390.6868336974021,482.84209589643856,0.0,0.0,0.0,0.0,0.0,0.0,0.0,0.0,0.0,0.0,0.0,0.0,0.0,0.0,0.0,0.0,0.0,0.0,0.0,0.0,0.0,0.0,1.1377089821660696,0.34728601409220685,224.43319585760049,264.8257881760847,5020.332062842275,0.2082869484028283,0.03178982728980896,121.88071435463505,143.67466584000875,2749.8004696415166,1.0952055615928625,0.20695494361165213,172.61482084144132,203.72483194814823,3884.299902726883,0.21236728533789163,0.04012987251282909,84.03672200081189,99.21206928157004,1887.0540065476476,0.0,0.0,6.178760801077969,7.284817000484093,141.30134176637473,0.0,0.0,13.167034737289116,15.453773419428199,333.54263871670096,0.0,0.0,54.98303129854559,64.99117032890774,1185.3495973405534,0.0,0.0,44.05503150151482,52.442199802076377,768.6967419340509,0.0,0.0,28.219971644946619,33.262524486928587,647.7912491752923,31.43872120211629,21.56290891777524,272.21620290221457,322.06600972306497,6329.848093488026,0.0,0.0,53.12387755268583,63.64408559405419,735.9303358233499,0.0,18.69444328326292,47.554318354287307,22.0,30.0,0.0,18.8581393681351,47.06019823697128,12.0,30.0,0.0,18.75686242952122,47.43937463579233,22.0,30.0,0.0,18.78584369090112,47.31224133692812,12.0,30.0,0.0,19.006653269464338,47.22903615896499,12.0,30.0,0.0,20.298972678012676,43.89703994422116,12.0,30.0,0.0,18.322301545871946,49.05981024692463,10.0,30.0,0.0,16.202051306742115,56.56335881046471,12.0,30.0,0.0,19.051762343672235,47.16951413758403,20.0,30.0,0.0,17.983514041049305,0.0,0.0,0.0,14.357668147301311,0.0,0.0,464.7724442091055,467.42525652612246,475.3297871310166,464.46951368107156,531.673234738651,793.0775187718834,543.742167648411,647.7336137524815,728.1035458111128,0.0,83.2152406117667,83.2152406117667,60.0,0.0,60.0,60.0,12.0,12.0,12.0,19.0,12.0,12.0,21.0,10.0,0.0,0.0,0.0,0.0,0.0,0.0,0.0,0.0,0.0,0.0,0.0,0.0,0.0,83.2152406117667,83.2152406117667,0.0,0.0,0.0,83.2152406117667,0.0,0.0,0.0014366666666666664 
 04/02  06:00:00,7.55,96.0,4.82,15.0,8.5,0.0,0.0,0.0,2.0,2.0,0.0,0.0,0.0,0.0,0.0,879.0,0.0,22.283547374854427,10.784366132743325,27.63444243039811,0.6681766590951099,17.784428647164629,0.0,10.784366132743318,14.74304611752544,0.0,0.0,18.949327483778025,-124.50577893229638,19.118982567759156,-19.71599072525595,18.88818769686577,-23.179830227970343,18.856427168842488,-143.5686561729094,18.992326486129575,-7.127436559664801,20.1092038641735,-44.6088851216374,18.4560049377449,-64.15364150441656,16.575317686755999,-160.08318683068365,18.93895948123468,-70.00736035697082,322.9306563913833,481.89793716465126,0.0,0.0,0.0,0.0,0.0,0.0,0.0,0.0,0.0,0.0,0.0,0.0,0.0,0.0,0.0,0.0,0.0,0.0,0.0,0.0,0.0,0.0,1.1348067388781822,0.3464001034426686,98.82440552954371,116.37488670312342,2211.4153989713229,0.2084044980914989,0.031807768328983358,10.307502170002954,12.125936937865533,238.4383946206871,1.1093903706659063,0.20963536860655833,169.5741558118042,199.57207192815376,3825.9546257827466,0.21055300734433494,0.03978703842485542,101.67745876014117,119.72129618507691,2260.66813054379,0.0,0.0,6.240362837259569,7.339329144237476,142.18202344024358,0.0,0.0,13.217343282374975,15.475541629298876,333.6947512391219,0.0,0.0,56.47472490868253,66.57826797394096,1212.4333396059654,0.0,0.0,44.1069826057242,52.37446996101376,766.1435820824885,0.0,0.0,28.417826175586297,33.414716963024677,650.886386587814,31.382143394055477,21.524103836800746,169.36723878903178,200.0641555892761,4090.1526300588436,0.0,0.0,53.18001295494089,63.54824696951449,735.4500619880685,0.0,18.6323835523877,47.56255652733927,22.0,30.0,0.0,18.919588444332708,46.777419201876,12.0,30.0,0.0,18.784605610237397,47.40959496494503,22.0,30.0,0.0,18.66604093848284,47.44389491571929,12.0,30.0,0.0,18.957927362289497,47.26985574288973,12.0,30.0,0.0,20.249041353269904,43.90769952859177,12.0,30.0,0.0,18.272731241221245,49.21298594596134,10.0,30.0,0.0,16.158452174160695,56.610908516015069,12.0,30.0,0.0,19.020510339585834,47.153140435594277,20.0,30.0,0.0,17.734458966079708,0.0,0.0,0.0,14.343002552196529,0.0,0.0,460.12843158253369,464.43636535430297,476.9448432432997,454.5621146707449,531.6543665276929,792.458877112573,545.5935346526535,647.8919835310923,725.2969460620907,0.0,83.2152406117667,83.2152406117667,60.0,0.0,60.0,60.0,12.0,12.0,12.0,19.0,12.0,12.0,21.0,10.0,0.0,0.0,0.0,0.0,0.0,0.0,0.0,0.0,0.0,0.0,0.0,0.0,0.0,83.2152406117667,83.2152406117667,0.0,0.0,0.0,83.2152406117667,0.0,0.0,0.0014733333333333337 
 04/02  06:10:00,7.583333333333334,95.83333333333333,4.918333333333334,19.666666666666669,11.333333333333334,0.0,0.0,0.0,2.0,2.0,0.0,0.0,0.0,0.0,0.0,8800.0,0.0,29.424383791647757,13.443779492780909,34.44907626310127,0.8822962497669383,23.483509463173225,0.0,13.443779492780895,18.37866580346647,0.0,0.0,20.10582975818849,-827.201013551879,19.277696460082724,644.931277541423,20.253921402698965,-2374.0004413514154,19.15788810141766,905.1539776687012,18.958906138116256,-9.701225734788455,20.077430064210867,-52.94562126555156,18.516757851191416,103.10644005393292,16.54173305386891,-165.95294655516418,19.440377433788354,-139.20607304954815,632.1251523220516,550.8614223740087,0.0,0.0,0.0,0.0,0.0,0.0,0.0,0.0,0.0,0.0,0.0,0.0,0.0,0.0,0.0,0.0,0.0,0.0,0.0,0.0,0.0,0.0,1.1582561179740572,0.35355803356961448,376.58406011597466,442.1950988181364,9747.441632007365,0.31271728255488198,0.047728522978461838,322.4318092309414,380.235164609105,7545.169692797807,0.9825518732498473,0.18566739857328946,502.7013745211175,589.6316403788977,13334.138510567833,0.30577458815120209,0.0577805344201062,349.79190106901947,412.44845024981938,8235.47886208542,0.0,0.0,8.822903323309351,10.42177543922084,199.82211172153829,0.0,0.0,15.682445934230744,18.446181932144218,393.7399952839145,0.0,0.0,81.8762225556159,96.86337324826927,1780.266612485915,0.0,0.0,48.05830767429313,57.33213003818915,828.4022883880948,0.0,0.0,33.88617636453389,39.92107287346504,826.4202672323265,32.6208431843879,22.37369217036208,667.9353827445143,789.2898674850205,15592.105008385282,0.0,0.0,57.58640117207577,69.10726620166594,801.333605665189,1921.6718997886083,20.438115233569428,42.570188061136949,21.999999999999998,30.0,0.0,19.256238229098533,45.779235459080258,15.999999999999999,30.0,4323.281289383999,20.793784535960794,41.641754052514659,21.999999999999998,30.0,0.0,19.313208854396398,45.62475782951933,15.999999999999999,30.0,0.0,18.93153073089812,47.28616585647414,12.0,30.0,0.0,20.220927194330476,43.92464152917152,19.0,30.0,0.0,18.434050959875383,48.483995938221429,10.0,30.0,0.0,16.131933438719899,56.598480412696257,15.999999999999999,30.0,739.9963401507914,19.829924253475075,44.77478984766071,19.4,30.0,0.0,18.660444688625966,0.0,0.0,0.0,14.424186623929718,0.0,0.0,467.63943926840138,468.97468201341879,466.9594660851633,466.69989244387696,531.6910447226529,786.9396231623998,528.064164070017,647.9014307176665,716.8549381839142,10904.431161213506,80.79442066148111,85.25687226076905,60.0,0.0,60.0,60.0,16.0,16.0,19.0,19.0,16.0,12.0,21.0,10.0,1.0,0.0,1921.6718997886083,0.0,4323.281289383999,0.0,0.0,0.0,0.0,739.9963401507914,6752.808623079793,4051685.1738478757,5270909.784714278,80.79442066148111,85.33265950324757,0.3610936207693264,0.7680889984451047,0.3602813740196596,85.33265950324757,0.3542647819438876,5270909.784714278,0.27559730880514246 
 04/02  06:20:00,7.616666666666667,95.66666666666666,5.0166666666666679,24.333333333333337,14.166666666666668,0.0,0.0,0.0,2.0,2.0,0.0,0.0,0.0,0.0,0.0,2640.0,0.0,36.599407738888967,15.810722339525487,40.51427193177582,1.0974410928635515,29.209876681052984,0.0,15.810722339525473,21.614456124155948,0.0,0.0,20.794664760805824,-1350.159973851269,19.812849318441068,625.5610131351712,20.940650948207865,-3110.437649414354,19.884571275160373,670.5981843780407,18.9132634918557,-8.125625745127154,20.03415682558745,-43.098016225023709,18.798001418738428,149.74890213544203,16.49305184822461,-166.38675429428018,19.292211468188606,-107.9798540737845,819.3077984433787,572.4390906648608,0.0,0.0,0.0,0.0,0.0,0.0,0.0,0.0,0.0,0.0,0.0,0.0,0.0,0.0,0.0,0.0,0.0,0.0,0.0,0.0,0.0,0.0,1.2521741145495838,0.38222653069279108,430.45916813429087,503.55815357518829,11877.734546202222,0.3513636556836094,0.05362693157564245,369.04887129059326,433.7151224872813,9219.312969117329,1.0340275852683843,0.19539447945358735,546.7282785687307,638.9466450453465,15371.559589948287,0.32085155308939658,0.06062954517940218,374.980052259104,440.25349514569066,9586.159561457545,0.0,0.0,9.697202756654626,11.446251844932764,218.14554831225639,0.0,0.0,15.200326990829892,17.86521453583494,379.3467750046433,0.0,0.0,97.56092857112316,115.12800934273536,2204.7130840306197,0.0,0.0,51.3196531290845,61.15967362983842,875.9260875317868,0.0,0.0,27.688541593695044,32.62002818362142,659.664408112664,33.51051067880343,22.983889354460517,736.6668729924904,868.3001742541223,17961.15831253336,0.0,0.0,61.58487520793702,73.79641965322736,862.0255747770667,1810.7493123303526,21.54759623375187,39.70447697867135,21.999999999999994,29.99999999999999,0.0,20.191543817378795,43.17864102796592,15.999999999999993,29.99999999999999,3697.6536470246926,21.83804623454425,38.995679160414358,21.999999999999994,29.99999999999999,0.0,20.507132402454354,42.33171383115197,15.999999999999993,29.99999999999999,0.0,18.884076886816638,47.28092137942616,11.999999999999995,29.99999999999999,0.0,20.17404814076879,43.92681310894301,18.999999999999994,29.99999999999999,0.0,18.9291467147552,46.87563137381539,9.999999999999997,29.99999999999999,0.0,16.078258711940945,56.61290118917715,15.999999999999993,29.99999999999999,0.0,19.570883943675029,45.39326138872724,18.999999999999994,29.99999999999999,0.0,19.345219025714493,0.0,0.0,0.0,14.499677208974362,0.0,0.0,468.7500543142688,472.32114161756047,468.2960133376639,470.23910283652409,529.4501156323798,774.5177064359596,516.6149517138384,633.882417990684,712.9012210535527,12360.590880970309,79.83111004798056,87.86358196094116,59.99999999999998,0.0,59.99999999999998,59.99999999999998,16.0,16.0,19.0,19.0,16.0,12.0,21.0,10.0,1.0,0.0,1810.7493123303526,0.0,3697.6536470246926,0.0,0.0,0.0,0.0,0.0,12154.172679783345,7292503.60787001,9502193.685543783,79.83111004798056,87.99999999999997,0.40513908932611156,0.7674916514862925,0.36028137401965945,87.99999999999997,0.35426478194388735,9502193.685543783,0.49565073831494346 
 04/02  06:30:00,7.65,95.5,5.115,29.0,17.0,0.0,0.0,0.0,2.0,2.0,0.0,0.0,0.0,0.0,0.0,1760.0,0.0,43.79098277791356,17.72453917072086,45.41835874223955,1.3130823681041382,34.94945484434463,0.0,17.724539170720847,24.23078882795226,0.0,0.0,20.84773994129322,-1462.3583975268649,20.146172428093906,515.569115144297,20.295638715094399,-521.2379646389891,20.086882673214509,146.59597779573643,18.873099753971755,-6.14547616562723,20.00633230320081,-30.01373774114367,19.01017531389291,158.6398120305896,16.448393980404988,-166.2710977801836,19.17321751312501,-84.13870403599822,923.4692861680414,614.37712975435,0.0,0.0,0.0,0.0,0.0,0.0,0.0,0.0,0.0,0.0,0.0,0.0,0.0,0.0,0.0,0.0,0.0,0.0,0.0,0.0,0.0,0.0,1.2702534373541186,0.38774524949759417,499.24197545643087,583.605300152896,13619.106833476,0.31635394157364618,0.04828356861624636,316.1279828623315,370.7255697816645,8191.11949845117,1.4674562559376843,0.2772971005173252,476.5385317351619,558.6506956710518,12382.835663369393,0.2858862295918476,0.05402234119271494,278.55841654267706,326.6480761374712,7265.775166209478,0.0,0.0,9.663407350631369,11.399345323348872,216.02397881034478,0.0,0.0,14.10686925888525,16.56676638320194,350.5766982434959,0.0,0.0,106.3529998004598,125.25453533064129,2469.185848531899,0.0,0.0,55.087376760860667,65.60362239514326,931.3020418729593,0.0,0.0,20.75044917649118,24.43881283776919,485.1635171676164,33.83154541222355,23.204077786161564,710.1380989840993,835.031537302173,17951.111418664637,0.0,0.0,66.13515484402126,79.15531542629899,933.5117866991827,1613.5980392538564,21.43973219097988,39.950759431110068,22.0,30.0,0.0,20.723896974688047,41.766535322071948,16.0,30.0,391.7343072261966,20.748459184332455,41.69482653555228,21.0,30.0,0.0,20.724835310142255,41.75570975146726,16.0,30.0,0.0,18.844083691988084,47.28894594419151,12.0,30.0,0.0,20.152732955722173,43.893234313423139,19.0,30.0,0.0,19.294094565799978,45.7732256818602,10.0,30.0,0.0,16.028830611951738,56.592397877644319,16.0,30.0,0.0,19.376741939044395,45.86540069524503,19.0,30.0,0.0,19.805037337863526,0.0,0.0,0.0,14.59275083511313,0.0,0.0,470.2972752089927,475.02744516633859,472.351489872874,474.3496224688166,527.6575550940179,778.3455401450767,512.6627298367619,600.5710964690529,728.3856534641348,7152.995082873885,83.27495024474055,83.27495024474055,60.0,0.0,60.0,60.0,16.0,16.0,19.0,19.0,16.0,12.0,21.0,10.0,1.0,0.0,1613.5980392538564,0.0,391.7343072261966,0.0,0.0,0.0,0.0,0.0,0.0,0.0,0.0,83.27495024474055,83.27495024474055,0.34,0.7662186775680453,0.36028137401965956,83.27495024474055,0.3542647819438875,0.0,0.0015633333333333335 
 04/02  06:40:00,7.683333333333334,95.33333333333333,5.213333333333333,37.0,28.5,0.0,0.0,0.0,2.0,2.0,0.0,0.0,0.0,0.0,0.0,3520.0,0.0,55.861906237852597,24.184443319332165,61.971572866052699,1.6750333543318333,44.583241496148307,0.0,24.184443319332148,33.06196755514776,0.0,0.0,20.836105666131503,-1024.5323637447446,20.245108129381536,456.71718643051886,21.004951908470468,-1235.939385810322,20.1086354192424,539.2438518472966,18.840765231932016,-4.27717589121845,19.989397020633179,-22.918015073631204,19.07807060327081,135.76682628681002,16.42177851067776,-153.67630357938294,19.104529322862569,-90.66321829746328,925.3725872129487,658.8175488940227,0.0,0.0,0.0,0.0,0.0,0.0,0.0,0.0,0.0,0.0,0.0,0.0,0.0,0.0,0.0,0.0,0.0,0.0,0.0,0.0,0.0,0.0,1.3508456313292588,0.41234604130929766,424.03527152318926,496.23026911793007,11614.132477487718,0.3121352081977347,0.04763968379086307,277.5672301909426,325.5095162679453,7232.449174977401,1.2486988125551136,0.2359597151464691,362.90405522126386,424.4705044405939,10134.629402840408,0.31394089197861776,0.05932367573292095,253.91418707449282,297.62543582356917,6646.363036853548,0.0,0.0,9.297926126947614,10.981054468533966,206.68112390979736,0.0,0.0,13.523278548409854,15.89743172679475,334.89189475591868,0.0,0.0,108.44117112429636,127.82177416764572,2530.3837324988046,0.0,0.0,56.58624289065641,67.4834436222433,950.3878226679584,0.0,0.0,16.184661473052409,19.085639457524758,373.768450485548,34.06221310208697,23.36228607824897,571.4209309395301,672.3942115583344,14676.247725632536,0.0,0.0,69.8268034345969,83.64555879330662,995.6183720999406,1244.7171387459883,21.55705107938673,39.66312433377213,21.750000000000008,30.00000000000001,0.0,20.820738805791703,41.50259132495506,16.000000000000008,30.00000000000001,1810.9711953878285,21.73732395450477,39.231502665081929,21.500000000000008,30.00000000000001,0.0,20.760780381159117,41.65357570302136,16.000000000000008,30.00000000000001,0.0,18.81596576389338,47.299348154390347,12.000000000000004,30.00000000000001,0.0,20.144408311521994,43.86509215051932,19.000000000000008,30.00000000000001,0.0,19.39149188528023,45.43492105034914,10.000000000000004,30.00000000000001,0.0,16.008453945892403,56.471712486733597,16.000000000000008,30.00000000000001,0.0,19.268438445173268,46.11919985676834,19.000000000000008,30.00000000000001,0.0,19.878094096771414,0.0,0.0,0.0,14.700759284905669,0.0,0.0,476.6575994598691,480.6458891290246,478.3262848971252,483.83613241554419,524.2997840632917,793.1628237567937,505.05694734150247,558.6789514930699,748.8353767590094,9113.98669771961,81.97846085782919,85.48049489913335,60.00000000000002,0.0,60.00000000000002,60.00000000000002,16.0,16.0,19.0,19.0,16.0,12.0,21.0,10.0,1.0,0.0,1244.7171387459883,0.0,1810.9711953878285,0.0,0.0,0.0,0.0,0.0,5299.876086089624,3179925.651653772,4159060.968610881,81.97846085782919,85.53997106310985,0.3466625362029875,0.7655434380870005,0.36028137401965967,85.53997106310985,0.35426478194388769,4159060.968610881,0.2178611703677658 
 04/02  06:50:00,7.716666666666667,95.16666666666667,5.311666666666667,45.0,39.99999999999999,0.0,0.0,0.0,2.0,2.0,0.0,0.0,0.0,0.0,0.0,3520.0,0.0,70.66002335216736,35.1280311511226,90.01397851348374,2.118758434750723,56.39357799618185,0.0,35.12803115112257,48.022681806624529,0.0,0.0,20.95508550137894,-1237.9751944418995,20.334422773574585,314.7995806772967,20.92932807459364,-752.5921379844331,20.17489548978074,282.8456415609594,18.80876374400679,-3.757991576125008,19.97399672983934,-21.799560084560015,19.129685045487,104.10516906622843,16.415466623955635,-136.8444134860626,19.02419521552353,-134.450015217692,897.7826700038322,702.7747582400347,0.0,0.0,0.0,0.0,0.0,0.0,0.0,0.0,0.0,0.0,0.0,0.0,0.0,0.0,0.0,0.0,0.0,0.0,0.0,0.0,0.0,0.0,1.2917070567655054,0.39429397337164387,444.79979338201067,520.9764463309628,12070.17125129089,0.28709091045583309,0.04381729402561555,244.69114246821344,286.9615081456737,6409.264783636213,1.4360004807778424,0.2713530764886325,334.8434253178465,391.39257589626086,9236.887867185487,0.3012612782501707,0.05692767918559535,239.84233012862863,281.2267865649013,6207.497327812056,0.0,0.0,8.90494921016497,10.519167036368762,196.83095026555905,0.0,0.0,12.826815815070815,15.081838973583107,316.466986099261,0.0,0.0,110.92127750988985,130.71705816834766,2597.0455919705939,0.0,0.0,56.696168372313277,67.6117400555629,949.4880191939699,0.0,0.0,19.30267948239398,22.767765264259788,439.3128605636663,33.931533775995109,23.272656910833417,522.3908798480063,614.6918096519271,13421.883246008787,0.0,0.0,75.84073325718123,90.80520293306953,1096.3682463407029,1844.1810677686122,21.57100023863837,39.58223367126336,22.0,30.0,0.0,20.916635384353147,41.22281857027575,16.0,30.0,1553.2549349947297,21.553053653755453,39.65655662761415,21.5,30.0,0.0,20.74683632755762,41.665342679639227,16.0,30.0,0.0,18.785684627842359,47.30136749774363,12.0,30.0,0.0,20.131859682712226,43.83482125258791,19.0,30.0,0.0,19.46801608576915,45.1365573216449,10.0,30.0,0.0,16.0184339598315,56.24974865172865,16.0,30.0,0.0,19.1313494974914,46.408999440261059,19.0,30.0,0.0,19.857039131383269,0.0,0.0,0.0,14.83570577165668,0.0,0.0,485.0403657219846,491.06014792019166,487.0883421636446,493.66750800336026,518.1310817779487,808.8018679018123,504.1337023183371,522.805814633349,743.5562896440265,8868.188580451653,82.14113155944739,82.14113155944739,60.0,0.0,60.0,60.0,16.0,16.0,19.0,19.0,16.0,12.0,21.0,10.0,1.0,0.0,1844.1810677686122,0.0,1553.2549349947297,0.0,0.0,0.0,0.0,0.0,0.0,0.0,0.0,82.14113155944739,82.14113155944739,0.34,0.7698366823240455,0.36028137401965956,82.14113155944739,0.3542647819438875,0.0,0.0016066666666666667 
 04/02  07:00:00,7.75,95.0,5.41,53.0,51.5,0.0,0.0,0.0,2.0,2.0,0.0,0.0,0.0,0.0,0.0,3521.0,0.0,83.20399767613678,39.566394230312088,101.3871158857647,2.4948948502227408,66.40491488607583,0.0,39.566394230312059,54.09026062928154,0.0,0.0,20.835721707216,-463.0904069462604,20.292670523825764,145.24050245180525,20.937339748903619,-633.0893024791055,20.190753311270546,145.9956337071236,18.77915778027438,-3.059929897250001,19.96118713213685,-19.343792402242089,19.09291288032569,45.90807222949729,16.423123307025489,-123.21985198683336,19.288473706856359,-158.62438936860347,846.4839412784991,713.6826669969399,0.0,0.0,0.0,0.0,0.0,0.0,0.0,0.0,0.0,0.0,0.0,0.0,0.0,0.0,0.0,0.0,0.0,0.0,0.0,0.0,0.0,0.0,1.3503707650007933,0.41220108821758047,280.71238542847609,329.2782767036791,7464.175569253627,0.2708556307349111,0.041339381980297799,153.34519676386237,179.97614135079358,3969.7569828374778,1.3520926564342267,0.2554974785401034,295.6814160386704,346.5080618947641,7988.878887019045,0.2745004748723163,0.051870838033317507,183.57871764469338,215.39535793997647,4727.544907304909,0.0,0.0,8.177690581287527,9.661419558332688,179.77799215618149,0.0,0.0,11.569732362814172,13.605062104792698,284.45342880279608,0.0,0.0,108.19756236905042,127.56466445285057,2506.3667648782059,0.0,0.0,55.819194158630327,66.56030150818548,934.5934138073675,0.0,0.0,21.364458321290838,25.205064362183906,488.92771379949178,33.826073999176319,23.200325102315728,398.02984984399759,468.8664084956415,10324.763688831204,0.0,0.0,77.89846879052027,93.25572392515562,1135.882456203437,573.3182048007359,21.182094296775174,40.503565990656657,21.25,30.0,0.0,20.789292105536718,41.51402754154706,16.0,30.0,1027.6436907866658,21.45588333264329,39.83880177016035,21.25,30.0,0.0,20.7151970209495,41.704036001096429,16.0,30.0,0.0,18.75848657264205,47.30674742817507,12.0,30.0,0.0,20.12180437693719,43.809110948765567,19.0,30.0,0.0,19.37173552944307,45.36832811597822,10.0,30.0,0.0,16.0515604968213,56.01674557211413,16.0,30.0,742.7946583447993,19.260248173583898,45.9315109851849,19.25,30.0,0.0,19.7264879953149,0.0,0.0,0.0,14.932961478617293,0.0,0.0,491.8524446769925,497.75564438504906,491.8210417893858,499.09236206860546,515.1085270043502,829.3521579506804,511.59749066395929,514.8157055202166,716.0145625414626,4867.152292642422,82.27769945956303,84.012172463922,60.0,0.0,60.0,60.0,16.0,16.0,19.0,19.0,16.0,12.0,21.0,10.0,1.0,0.0,573.3182048007359,0.0,1027.6436907866658,0.0,0.0,0.0,0.0,742.7946583447993,2624.9269854508436,1574956.191270506,2042837.9753227076,82.27769945956303,84.04162957359122,0.1724975661816948,0.34683679189808455,0.18014068700982978,84.04162957359122,0.17713239097194376,2042837.9753227076,0.10785090805011412 
 04/02  07:10:00,7.788333333333334,94.5,5.533333333333333,61.0,63.00000000000001,0.0,0.0,0.0,2.0,2.0,0.0,0.0,0.0,0.0,0.0,1762.0,0.0,95.79283157265755,43.09717862915145,110.43463810258995,2.87237696550387,76.45206033589958,0.0,43.097178629151418,58.917110588045527,0.0,0.0,21.207827935025564,-1484.269909398684,20.34866787665607,596.6660443399592,20.791174300541017,-124.84639771920684,20.155620367285957,200.94237729138696,18.74830639818444,-3.1090751779090626,19.95375900646989,-23.865854163537507,19.114547686241154,185.06978528184164,16.42061947614945,-135.422983448345,19.48610585195309,-101.25314262104348,885.1071282956,635.2558648961463,0.0,0.0,0.0,0.0,0.0,0.0,0.0,0.0,0.0,0.0,0.0,0.0,0.0,0.0,0.0,0.0,0.0,0.0,0.0,0.0,0.0,0.0,1.2239750768907736,0.37361876583967448,520.6535450835097,607.8894284020956,14069.404159204081,0.29689582040886366,0.045313769903672727,292.0175901795178,341.6131797372136,7635.785517122937,1.640851769296125,0.3100626926107569,361.70911888226649,423.525199727532,9518.69825815516,0.29850531126885107,0.05640689933273828,193.12337369846905,226.56201399268935,4935.279441989874,0.0,0.0,9.913429057587632,11.691711181599818,216.6059858534408,0.0,0.0,13.80257919150942,16.195447470738189,338.23947738873098,0.0,0.0,110.79835593626757,130.3706259167093,2574.7636447552997,0.0,0.0,57.6072483840913,68.58791220889185,961.2341119671903,0.0,0.0,19.17779021825566,22.519928115332087,457.85950006673917,34.208833413723358,23.46284870625745,587.4184588211192,689.7661079041166,15013.716414339702,0.0,0.0,69.80173132904072,83.45252804999012,1003.2800485113237,1812.160453853884,21.800242144151765,39.018108464978258,22.0,30.0,0.0,20.90435607179658,41.21598321326772,16.0,30.0,0.0,21.052132507529565,40.808966510882957,21.0,30.0,0.0,20.638195477687579,41.90449851197165,16.0,30.0,0.0,18.7273198570645,47.32771542782609,12.0,30.0,0.0,20.11678089429036,45.46844349191815,19.0,30.0,0.0,19.43525764764314,45.15001976679666,10.0,30.0,0.0,16.06051366210925,55.95054104416731,16.0,30.0,0.0,19.80398179967692,45.87995941332267,19.0,30.0,0.0,19.93269449523975,0.0,0.0,0.0,14.867765103245276,0.0,0.0,492.70546322588259,498.8676587415506,492.0620885907206,501.6505145186111,512.7737641826623,867.971942218112,498.9772426495514,517.1474249852881,747.4983915718356,6994.930754909761,83.37936776651464,83.37936776651464,60.0,0.0,60.0,60.0,16.0,16.0,19.0,19.0,16.0,12.0,21.0,10.0,1.0,0.0,1812.160453853884,0.0,0.0,0.0,0.0,0.0,0.0,0.0,0.0,0.0,0.0,83.37936776651464,83.37936776651464,0.34,0.76801287458819,0.36028137401965956,83.37936776651464,0.3542647819438875,0.0,0.00164 
 04/02  07:20:00,7.826666666666667,94.0,5.656666666666667,69.0,74.5,0.0,0.0,0.0,2.0,2.0,0.0,0.0,0.0,0.0,0.0,2643.0,0.0,108.42367707201672,45.768947145858209,117.28098451333158,3.2511193726352469,86.5327412701222,0.0,45.76894714585815,62.569620709856469,0.0,0.0,21.14916942189102,-867.9441110847895,20.48233503057569,255.4061670074962,21.164724132953013,-1523.6141288832296,20.247543581813014,527.5773057269378,18.721258489762684,-2.3399994242115738,19.94993957050359,-17.048534411092299,19.17742947375953,81.85252715424815,16.404602401332285,-132.75999129806886,19.349649771764683,-91.8474044159284,915.9828936019351,654.134322618107,0.0,0.0,0.0,0.0,0.0,0.0,0.0,0.0,0.0,0.0,0.0,0.0,0.0,0.0,0.0,0.0,0.0,0.0,0.0,0.0,0.0,0.0,1.3213584405167412,0.40334506731280247,397.88034347622149,465.43013692524837,10838.190651388879,0.29075596682951468,0.04437667381402848,206.75210576726867,242.07983564059902,5428.269466614187,1.2261380980487054,0.23169654158138804,406.569525423342,474.4831094595727,11387.473983767422,0.3204631862497138,0.0605561576435589,308.8161651013575,361.8485046967869,7963.204439445138,0.0,0.0,9.429680071205903,11.134683400161095,204.83913532908026,0.0,0.0,12.031275512530405,14.129074998429733,293.86588352003869,0.0,0.0,104.96249729653998,123.59848017943514,2444.5787947247047,0.0,0.0,58.664639352839987,69.91157683120497,972.6616903451849,0.0,0.0,21.222876864004804,24.97626722966225,497.6991797808353,34.682192601365397,23.787512072267075,566.5992865667347,665.8927183406985,14501.384854298283,0.0,0.0,70.62882975499237,84.48954225718424,1020.2622408358445,1382.596242530537,21.67116388023203,39.28914619990464,21.999999999999994,29.99999999999999,0.0,21.05032536452739,40.85209058646036,15.999999999999993,29.99999999999999,2285.9543641167049,21.967928877996866,38.56304512442225,21.666666666666658,29.99999999999999,0.0,20.80179039613914,41.475552598371539,15.999999999999993,29.99999999999999,0.0,18.702926329330567,47.3535882763566,11.999999999999995,29.99999999999999,0.0,20.116919028534043,47.02081954738661,18.999999999999994,29.99999999999999,0.0,19.51798053016009,44.90754084449738,9.999999999999997,29.99999999999999,0.0,16.047300525431614,56.10483647189005,15.999999999999993,29.99999999999999,0.0,19.604193039432095,47.4996357987364,18.999999999999994,29.99999999999999,0.0,19.966607701269028,0.0,0.0,0.0,14.945533796631333,0.0,0.0,493.74729083434115,500.5718120520701,494.15035391669,499.03044601545636,509.88395876962167,891.632669954495,502.42923891969238,529.4711777153138,752.2266416966913,7426.328816511372,83.09440253390173,83.09440253390173,59.99999999999998,0.0,59.99999999999998,59.99999999999998,16.0,16.0,19.0,19.0,16.0,12.0,21.0,10.0,1.0,0.0,1382.596242530537,0.0,2285.9543641167049,0.0,0.0,0.0,0.0,0.0,0.0,0.0,0.0,83.09440253390173,83.09440253390173,0.3399999999999999,0.7670069902011683,0.36028137401965945,83.09440253390173,0.35426478194388735,0.0,0.00164 
 04/02  07:30:00,7.865,93.5,5.78,77.0,86.0,0.0,0.0,0.0,2.0,2.0,0.0,0.0,0.0,0.0,0.0,3526.0,0.0,120.91845293387684,47.67420989743821,122.16320698395846,3.625782383985684,96.50483285835689,0.0,47.67420989743817,65.17425933829316,0.0,0.0,21.053046524540659,-943.6715364166878,20.457005256458659,230.6528461282154,20.909731977167007,-501.1837415380471,20.387737447209916,153.88703620703587,18.694955332834298,-2.117845982325619,19.948540635849758,-17.492628783669475,19.14408631065576,80.40966837442989,16.39797230366404,-125.46534514858758,19.261246974302745,-84.11869655962787,800.6885673302602,637.9685715366002,0.0,0.0,0.0,0.0,0.0,0.0,0.0,0.0,0.0,0.0,0.0,0.0,0.0,0.0,0.0,0.0,0.0,0.0,0.0,0.0,0.0,0.0,1.3257733483173482,0.4046927192665899,322.97678905661237,378.06276140713899,8572.86961239819,0.2790884023144194,0.042595909999148268,173.7296672862475,203.67307390745746,4519.810416342549,1.2933059709218627,0.24438888339415405,243.131701750251,284.86942098734718,6518.28048077711,0.28203561917655836,0.05329471261839726,159.76382830460589,187.5089867025288,4163.043341308359,0.0,0.0,9.273152679259889,10.955013590321699,200.27397792941685,0.0,0.0,11.952217806439105,14.040444330843352,291.0191852882381,0.0,0.0,103.58551112722643,122.0530796842827,2389.3354738723667,0.0,0.0,58.297275034786618,69.49560718977532,962.528634820159,0.0,0.0,19.774882120391987,23.287859026395514,456.6702084833302,34.887073322556677,23.92803382891405,369.26768485825826,434.66015741367979,9599.894339216402,0.0,0.0,70.30689875251133,84.11960173039967,1016.3811488568788,942.7370966477907,21.378179934270155,39.949220514115719,21.5,30.0,0.0,20.9710336669693,41.06815101872834,16.0,30.0,811.2894499732099,21.340118196102297,40.082876765054489,21.25,30.0,0.0,20.955839022824259,41.12463780337682,16.0,30.0,0.0,18.67877781093937,47.41150768667899,12.0,30.0,0.0,20.118124716019403,48.248007763581728,19.0,30.0,0.0,19.444155914507776,45.15194035982587,10.0,30.0,0.0,16.05234896066776,56.289424794063567,16.0,30.0,0.0,19.459650655898689,48.66240844504314,19.0,30.0,0.0,19.612547243298743,0.0,0.0,0.0,14.991282782376589,0.0,0.0,492.47933166210228,502.2507010460691,495.8191236860253,503.327552972238,510.2514927222572,919.8802674032439,507.4170114224022,538.8905160275638,770.9064680893479,6398.251689296035,82.59891089725096,82.59891089725096,60.0,0.0,60.0,60.0,16.0,16.0,19.0,19.0,16.0,12.0,21.0,10.0,1.0,0.0,942.7370966477907,0.0,811.2894499732099,0.0,0.0,0.0,0.0,0.0,0.0,0.0,0.0,82.59891089725096,82.59891089725096,0.255,0.5391867042594508,0.27021103051474468,82.59891089725096,0.2656985864579156,0.0,0.00164 
 04/02  07:40:00,7.903333333333334,93.0,5.903333333333333,88.0,91.83333333333333,0.0,0.0,0.0,2.0,2.0,0.0,0.0,0.0,0.0,0.0,3528.0,0.0,137.04173640099143,49.55785950130536,126.99006028957263,4.1092462337774668,109.37281733449734,0.0,49.557859501305319,67.74935115521086,0.0,0.0,21.2435236682076,-1446.8007664108159,20.511748648313224,389.30192270532668,20.912624036962208,-283.3476853503554,20.334851715550117,258.8118479177449,18.66889580830573,-1.3657383109789985,19.945734445408676,-20.847966842446238,19.175535214382273,139.48593219178412,16.3942595177216,-119.85478623669768,19.194716473873308,-78.5186186702831,916.9755946935942,627.2060561022797,0.0,0.0,0.0,0.0,0.0,0.0,0.0,0.0,0.0,0.0,0.0,0.0,0.0,0.0,0.0,0.0,0.0,0.0,0.0,0.0,0.0,0.0,1.329868946350976,0.40594290181653749,437.563617975337,511.4225365703603,12013.33991575752,0.2991090485452277,0.045651564185779588,258.8429440129293,303.4632868424332,6742.815121625203,1.3151033995188748,0.2485078230383363,247.34051803770155,289.84225490035478,6561.237088640363,0.29918074023418175,0.05653453141235482,222.59848311777373,261.10599480471418,5714.485982213682,0.0,0.0,9.903855811613138,11.70154880723165,212.6556680785503,0.0,0.0,13.611831942568538,15.990741764097916,330.23024531143678,0.0,0.0,109.64120112344992,129.14739214830625,2536.676292685547,0.0,0.0,58.06878157312396,69.21037549201648,955.2602172290161,0.0,0.0,18.33688446755494,21.603524754492676,418.47436805858447,35.39130932474797,24.273874708331957,480.5463424629455,565.3741660661559,12378.406489305995,0.0,0.0,70.30488953663456,84.09000997321728,1018.4392750575378,1869.1849351428942,21.787187744626203,38.98242359918941,22.000000000000008,30.00000000000001,0.0,21.060112706958145,40.85676398800188,16.000000000000008,30.00000000000001,0.0,21.230106391890194,40.346221517488377,21.000000000000008,30.00000000000001,0.0,20.852162643285319,41.40149984601166,16.000000000000008,30.00000000000001,0.0,18.65409335532534,47.50677089210838,12.000000000000004,30.00000000000001,0.0,20.112749936390896,49.06513090372053,19.000000000000008,30.00000000000001,0.0,19.5234967535655,44.99340551305476,10.000000000000004,30.00000000000001,0.0,16.06141926596255,56.52020688644467,16.000000000000008,30.00000000000001,0.0,19.35658377226056,49.5299228428736,19.000000000000008,30.00000000000001,0.0,19.98240246224691,0.0,0.0,0.0,15.045651852678157,0.0,0.0,496.7115847118371,504.4062926454422,497.75836668936599,505.60025318697685,512.3944802650352,932.4739820663943,511.2806285654418,547.5999469756512,791.2095763436638,9783.897143997241,81.53560665690006,83.2862344002265,60.00000000000002,0.0,60.00000000000002,60.00000000000002,16.0,16.0,19.0,19.0,16.0,12.0,21.0,10.0,1.0,0.0,1869.1849351428942,0.0,0.0,0.0,0.0,0.0,0.0,0.0,2649.350476087765,1589610.285652659,2057432.581501807,81.53560665690006,83.31596587099345,0.343311682536259,0.769868352819225,0.36028137401965967,83.31596587099345,0.35426478194388769,2057432.581501807,0.10862649423809397 
 04/02  07:50:00,7.941666666666666,92.5,6.026666666666667,99.0,97.66666666666666,0.0,0.0,0.0,2.0,2.0,0.0,0.0,0.0,0.0,0.0,882.0,0.0,153.02039562844798,51.00056043071295,130.68700916648434,4.588373857482595,122.12538159210897,0.0,51.000560430712898,69.72163270372707,0.0,0.0,21.197049976748035,-1602.536268713713,20.520214370847599,294.7928903326392,20.563676726843455,144.1757687762647,20.24493607872683,173.1153560270668,18.641322293416054,-0.3343916286153217,19.946401102820219,-17.99566319780115,19.197410855310303,116.23850173527899,16.39022314246531,-118.16050171105508,19.13658699874472,-74.08053489305132,883.8389420661151,631.983505534562,0.0,0.0,0.0,0.0,0.0,0.0,0.0,0.0,0.0,0.0,0.0,0.0,0.0,0.0,0.0,0.0,0.0,0.0,0.0,0.0,0.0,0.0,1.3074332488539753,0.39909439830707429,460.266392046632,536.2283605273609,12453.579779796708,0.2710679994905873,0.04137179479404568,215.43661304444565,251.47622655487923,5585.2155576008749,1.3704141056063064,0.25895958155825907,194.97371374098686,227.61531395960294,5073.9408740369949,0.3029297981021776,0.057242970162920927,204.0969188420185,238.54386047144105,5146.228097356864,0.0,0.0,9.63580614202594,11.340144449214387,205.73667232510679,0.0,0.0,12.962925135764467,15.154827686341513,313.6986381266743,0.0,0.0,109.47883335420977,128.43866740315569,2530.4060383969847,0.0,0.0,58.77948798404132,69.78216517709363,963.7742204553697,0.0,0.0,16.939079333614357,19.870177912782315,382.5732843202321,35.56573516575441,24.393508344138838,412.4831215615687,483.46148065172658,10578.222764116665,0.0,0.0,71.18003586888722,84.77481454460284,1040.2479067694169,1780.1899747054216,21.60426427929715,39.425206113446019,22.0,30.0,0.0,21.02737125543416,40.971646782985327,16.0,30.0,25.655708466653395,21.000729258578315,40.95981129155419,21.0,30.0,0.0,20.649430573036179,41.97255732406885,16.0,30.0,0.0,18.625360809913397,47.63404233676034,12.0,30.0,0.0,20.112529579528375,49.91699834854539,19.0,30.0,0.0,19.545308645481574,44.95487756524768,10.0,30.0,0.0,16.06897652097558,56.41025411872579,16.0,30.0,0.0,19.267159016366468,50.4751405819716,19.0,30.0,0.0,19.834714646028986,0.0,0.0,0.0,15.146884368086644,0.0,0.0,497.92113131524027,507.55227193520786,501.87606479378209,510.034907565093,515.138473172488,954.1160131219004,512.8625142749776,540.0992123331563,824.496762057255,4083.820589836909,85.3032908031366,85.3032908031366,60.0,0.0,60.0,60.0,16.0,16.0,19.0,19.0,16.0,12.0,21.0,10.0,1.0,0.0,1780.1899747054216,0.0,25.655708466653395,0.0,0.0,0.0,0.0,0.0,0.0,0.0,0.0,85.3032908031366,85.3032908031366,0.34,0.7711018886809999,0.36028137401965956,85.3032908031366,0.3542647819438875,0.0,0.0016433333333333335 
 04/02  08:00:00,7.98,92.0,6.15,110.0,103.5,0.0,0.0,0.0,2.0,2.0,0.0,0.0,0.0,0.0,0.0,3528.0,0.0,168.85841721582868,52.15162624454801,133.63666112015867,5.063284777972324,134.76570714817414,0.0,52.15162624454798,71.29522693901112,0.0,0.0,21.267785456898844,-989.7471166444993,20.544771465473376,361.0783480823011,21.14623335673621,-1112.6824385634414,20.39470289956183,479.4020335279938,18.622003009481884,0.3198053864287971,19.94827581161952,-19.339687532578595,19.19567087490652,124.23873561939956,16.390251701022295,-103.99168773641077,19.110478521500569,-72.35341100684565,931.4706692006475,616.1060213990839,0.0,0.0,0.0,0.0,0.0,0.0,0.0,0.0,0.0,0.0,0.0,0.0,0.0,0.0,0.0,0.0,0.0,0.0,0.0,0.0,0.0,0.0,1.3543109582840938,0.413403833420053,402.0754922411576,470.097833355351,10859.8852724144,0.3019872798371503,0.04609085467599974,251.67618325750324,294.76020267359777,6512.378922778356,1.2391203399052806,0.23414972409396846,339.25459885416447,396.557986676326,9308.97947709793,0.31600132376387937,0.059713024142834327,282.8532758672025,331.5279332836457,7282.709355438593,0.0,0.0,9.813943582249209,11.593227144159286,208.39940090491937,0.0,0.0,13.458760554557389,15.80035948451862,324.45638001727886,0.0,0.0,109.34430148671614,128.76366487142207,2516.310542772476,0.0,0.0,58.05972790440073,69.18821892531781,948.7473306856807,0.0,0.0,16.24763192082144,19.141162416999895,364.55510728597218,36.14696939586929,24.792160079471399,527.6749042485476,620.3511060505828,13462.923628268223,0.0,0.0,70.60280488341387,84.3895005288179,1035.0866190296757,1067.2502223752777,21.67305285826759,39.30509891732619,21.75,30.0,0.0,21.044996588617509,40.93694429770556,16.0,30.0,1708.7854941506919,21.811107138923086,39.005318768553049,21.5,30.0,0.0,20.950551521536217,41.20422315114109,16.0,30.0,0.0,18.611790159768057,47.681329586564419,12.0,30.0,0.0,20.112929901264417,50.17123159803401,19.0,30.0,0.0,19.539508306771699,44.95765949239542,10.0,30.0,0.0,16.08543219465524,56.31796798040358,16.0,30.0,0.0,19.2379676625424,50.770217488698559,19.0,30.0,0.0,19.99150222186642,0.0,0.0,0.0,15.214539547155998,0.0,0.0,501.7305557020383,508.5265047648735,503.7782994509619,510.91314128557016,515.550532651839,960.9286265844319,511.7453953571727,536.4841304614499,835.4325912006314,6854.3184018094639,81.74964355637676,81.74964355637676,60.0,0.0,60.0,60.0,16.0,16.0,19.0,19.0,16.0,12.0,21.0,10.0,1.0,0.0,1067.2502223752777,0.0,1708.7854941506919,0.0,0.0,0.0,0.0,0.0,0.0,0.0,0.0,81.74964355637676,81.74964355637676,0.255,0.5761274353351035,0.27021103051474468,81.74964355637676,0.2656985864579156,0.0,0.0016466666666666666 
 04/02  08:10:00,8.143333333333335,91.5,6.178333333333335,121.0,109.33333333333333,0.0,0.0,0.0,2.0,2.0,0.0,0.0,0.0,0.0,0.0,1766.0,0.0,184.55684365875858,53.1781036980963,136.26706396737922,5.53401023969166,147.29462585186469,0.0,53.17810369809625,72.69849944014726,0.0,0.0,21.21362995510743,-761.8214886692476,20.553906020318196,148.47218672346004,20.869618322674783,-648.6375004329302,20.41691007967507,82.40572908346349,18.598876913791409,0.093235990345363,19.955221623405959,-16.945828529609515,19.16775674062086,64.36492470578537,16.39737839792704,-99.4340041434973,19.08142014688162,-70.51419331727834,884.5770927955937,602.7133771263966,0.0,0.0,0.0,0.0,0.0,0.0,0.0,0.0,0.0,0.0,0.0,0.0,0.0,0.0,0.0,0.0,0.0,0.0,0.0,0.0,0.0,0.0,1.308532023559039,0.3994297996211963,300.2264525717626,350.65480433294,8023.3706990527739,0.269585210321849,0.041145483870856088,153.36724387233446,179.73049706195344,3922.279645737676,1.2829735369657849,0.24243642043949083,363.3890987624911,424.8604156590228,9505.727735358716,0.27481560532717078,0.05193038649417435,228.65997885915295,267.8196024687452,5801.215370151856,0.0,0.0,9.151664997318694,10.79978539779568,190.99683822352646,0.0,0.0,11.899629831330998,13.954090467486897,283.1430722268802,0.0,0.0,103.60345595269851,121.8826913416586,2340.0392605764839,0.0,0.0,57.899729119807137,68.89978143526057,930.1354676779513,0.0,0.0,15.593896679227364,18.34633844235304,343.69383966092939,36.08550126002197,24.75000086421261,456.59889184601698,536.5303052906043,11516.626690343073,0.0,0.0,70.34937125318565,83.94997330693451,1020.0657840672888,1181.2958272793583,21.64360404392899,39.400501206468259,21.5,30.0,0.0,21.006972861045694,41.051383863224469,16.0,30.0,1219.1391047010416,21.38065235639109,40.08257157589863,21.5,30.0,0.0,20.899390174312253,41.34828596230999,16.0,30.0,0.0,18.58958656848953,47.75880217298524,12.0,30.0,0.0,20.117218311618033,50.59064602291589,19.0,30.0,0.0,19.483318880371475,45.129146755660659,10.0,30.0,0.0,16.110778702445793,56.20525373168324,16.0,30.0,0.0,19.198060942891347,51.20208781847593,19.0,30.0,0.0,19.899166380779297,0.0,0.0,0.0,15.299222938616403,0.0,0.0,503.7750612864802,510.24857673295147,505.7407202313052,511.96150284602518,515.964021960689,975.7417379812591,512.7807224804834,534.0308062543045,852.3524457758517,10264.789082635085,81.21758246395996,84.72493092068453,60.0,0.0,60.0,60.0,16.0,16.0,19.0,19.0,16.0,12.0,21.0,10.0,1.0,0.0,1181.2958272793583,0.0,1219.1391047010416,0.0,0.0,0.0,0.0,0.0,5307.912481428435,3184747.488857061,4153619.216359172,81.21758246395996,84.78449734107753,0.34693041604761457,0.7646527733347828,0.36028137401965956,84.78449734107753,0.3542647819438875,4153619.216359172,0.21763819925067694 
 04/02  08:20:00,8.306666666666669,91.0,6.206666666666667,132.0,115.16666666666667,0.0,0.0,0.0,2.0,2.0,0.0,0.0,0.0,0.0,0.0,1766.0,0.0,200.1147092287825,54.2564081953773,139.03027215362929,6.000521270563881,159.71136680031766,0.0,54.25640819537725,74.17262343932056,0.0,0.0,20.795129496806945,-275.6387719766344,20.533894839894328,220.30239897763318,20.59650758780385,-376.04483341598759,20.385399007235607,260.3943903927967,18.57783192920408,1.0077298984350308,19.966116715681204,-17.026653228563846,19.1408206912633,88.74742453585123,16.410805701657396,-86.4312631236105,19.05535838867538,-78.38669841005444,799.345277272861,599.4085607037453,0.0,0.0,0.0,0.0,0.0,0.0,0.0,0.0,0.0,0.0,0.0,0.0,0.0,0.0,0.0,0.0,0.0,0.0,0.0,0.0,0.0,0.0,1.3061809647724952,0.39871213820894238,264.41957400666186,309.54223465531967,6708.938823584899,0.273279113700743,0.04170926643784234,156.32037423602118,183.23090582030387,3934.042063573507,1.2383629160499897,0.23400659789304427,233.99234368824149,274.26996780896516,5892.206067961516,0.2728989111992165,0.05156819939516562,138.44419863898674,162.4268226530329,3473.5569785005,0.0,0.0,9.198261306435683,10.855635149747784,188.64099085429735,0.0,0.0,11.939322779588672,14.000161462059595,280.4069518246322,0.0,0.0,103.55856452076827,121.84965803219947,2297.336771847651,0.0,0.0,57.37401766876933,68.26452868380629,906.8585747665079,0.0,0.0,15.21148799934345,17.8955975858362,329.22773389352087,36.27001601061873,24.87655419109653,333.1007546206554,391.7297228294921,8521.821277897188,0.0,0.0,71.23224103965109,84.97573301479746,1023.9705757970836,136.89934572904026,21.051372598765548,40.89080127408992,21.0,30.0,0.0,20.96164018736553,41.12832110468024,16.0,30.0,137.13591394329033,20.978832197882939,41.10063877028938,21.0,30.0,0.0,20.869986361326214,41.50753607817451,16.0,30.0,0.0,18.571131523801303,47.826825047092928,12.0,30.0,0.0,20.126100342069127,50.979064284114247,19.0,30.0,0.0,19.44142115250117,45.252029411989827,10.0,30.0,0.0,16.14693376886806,56.11182824552354,16.0,30.0,0.0,19.16087287293685,51.58125081732621,19.0,30.0,0.0,19.53872182740451,0.0,0.0,0.0,15.402690194701629,0.0,0.0,505.94722376498717,507.1902258898547,507.97340824047776,518.2842102348848,516.391489511504,994.711406770421,512.3116277355557,534.6554610348316,867.6717441747942,8135.8505752248079,82.62535627759948,82.62535627759948,60.0,0.0,60.0,60.0,16.0,16.0,19.0,19.0,16.0,12.0,21.0,10.0,1.0,0.0,136.89934572904026,0.0,137.13591394329033,0.0,0.0,0.0,0.0,0.0,0.0,0.0,0.0,82.62535627759948,82.62535627759948,0.34,0.7669638080522749,0.36028137401965956,82.62535627759948,0.3542647819438875,0.0,0.00165 
 04/02  08:30:00,8.47,90.5,6.235,143.0,121.0,0.0,0.0,0.0,2.0,2.0,0.0,0.0,0.0,0.0,0.0,3532.0,0.0,215.52963828787714,55.55739245707244,142.36408605483084,6.462746622178234,172.01403384726903,0.0,55.55739245707242,75.9511675588596,0.0,0.0,21.28915872415842,-1148.8240636148756,20.566296962101164,448.56103651940387,21.255271169088556,-1346.8106611772983,20.467283204292519,441.7643918315084,18.557733285364227,1.165119441316591,19.976638336142437,-22.88281471426511,19.13333566099809,160.36417640785954,16.422121708765347,-84.33468535621779,19.04180511550222,-67.64443840268902,917.0342991424816,554.2613500262602,0.0,0.0,0.0,0.0,0.0,0.0,0.0,0.0,0.0,0.0,0.0,0.0,0.0,0.0,0.0,0.0,0.0,0.0,0.0,0.0,0.0,0.0,1.279390949548665,0.3905344778842079,376.9376572032444,440.0448191934421,9962.263741938335,0.2992559740554084,0.045673988714195427,249.79909171986896,292.3825051775045,6222.2359109927269,1.1552782403191595,0.21830654578971277,316.59811246408858,369.9072876002131,8372.221747799153,0.29510891886314885,0.05576510182599182,261.8007641660148,306.57919498259988,6527.978888310388,0.0,0.0,9.92068629167655,11.719095975046276,199.8533271183849,0.0,0.0,13.596100041295282,15.952489465674589,315.03058836922608,0.0,0.0,107.75987219959497,126.90358290228335,2358.177872426082,0.0,0.0,56.24259372922031,66.9923334153232,873.3958250403995,0.0,0.0,16.74652984357534,19.732425156722966,356.50499420904728,36.53841159244625,25.060638952295109,504.96962295126635,593.3114123901821,12379.042537359046,0.0,0.0,68.97336950431752,82.35999173456472,974.9270800365114,1494.276715685814,21.817843344684215,39.05609961547405,21.75,30.0,0.0,21.0051065393155,41.11484926544859,16.0,30.0,1975.5145027136919,21.8578247465079,38.969510302125858,21.5,30.0,0.0,21.00575362805913,41.17720014753934,16.0,30.0,0.0,18.55404759175765,47.89687103016542,12.0,30.0,0.0,20.13198159352875,51.14261621076543,19.0,30.0,0.0,19.453077213437113,45.285928941606787,10.0,30.0,0.0,16.174793550788789,56.161396175900488,16.0,30.0,0.0,19.14803104345014,51.60440678519787,19.0,30.0,0.0,19.785648818207336,0.0,0.0,0.0,15.449816554391113,0.0,0.0,505.6983539444477,511.959885780739,506.11732591828487,516.1987392655867,517.0827372048553,1001.3346916337434,515.0264264598566,541.8209805342216,865.9001698954468,7073.252081806592,81.5164320199395,81.5164320199395,60.0,0.0,60.0,60.0,16.0,16.0,19.0,19.0,16.0,12.0,21.0,10.0,1.0,0.0,1494.276715685814,0.0,1975.5145027136919,0.0,0.0,0.0,0.0,0.0,0.0,0.0,0.0,81.5164320199395,81.5164320199395,0.255,0.5788233705893311,0.27021103051474468,81.5164320199395,0.2656985864579156,0.0,0.00165 
 04/02  08:40:00,8.633333333333335,90.0,6.263333333333334,157.16666666666667,134.33333333333335,0.0,0.0,0.0,2.0,2.0,0.0,0.0,0.0,0.0,0.0,7956.0,0.0,235.4166116045854,58.37896566619079,149.59437118491688,7.059070831249717,187.88586565138579,0.0,58.37896566619075,79.80847205260311,0.0,0.0,21.234922815170948,-1468.5389516829108,20.653710478939865,210.31571714139597,20.698124156906148,12.077310747673839,20.478572892800224,53.86669175289869,18.539100522936474,2.1011797549294197,19.990558649585777,-18.018896856670876,19.23560894875133,190.28513812825077,17.44260675500564,-181.58744454548043,19.03203853657635,-76.622737199189,842.6864958335787,513.2142942608859,0.0,0.0,0.0,0.0,0.0,0.0,0.0,0.0,0.0,0.0,0.0,0.0,0.0,0.0,0.0,0.0,0.0,0.0,0.0,0.0,0.0,0.0,1.2181765539451939,0.3718487649405362,413.4632350283897,483.33006660585417,10702.992960657,0.2520183102732305,0.038464333069784969,199.06647361589786,233.28570656533518,4908.982989625749,1.273410792013937,0.24062940136317846,203.7230190223094,238.81718062285916,5044.428069303869,0.26762107220700367,0.050570875322563147,112.70948797922218,132.14375410954407,2747.9780571962426,0.0,0.0,9.462879512489888,11.187870937886025,187.25182928783938,0.0,0.0,12.640231302599754,14.846709256743221,288.96615942257838,0.0,0.0,96.98921260836826,114.25696490882403,2122.3417807952534,0.0,0.0,43.26327246400923,51.34248727833349,779.1390066357852,0.0,0.0,15.835033441640793,18.662690574748138,331.5296999200941,36.50016436189206,25.034406283876647,389.3998443156255,458.1383352192545,9536.435452021924,0.0,0.0,62.417425350169548,74.57517534395784,871.3790634512961,1936.0357469383974,21.683447804573825,39.443972077277908,21.888888888888937,30.000000000000065,0.0,21.090601037318039,40.99195935618691,16.000000000000033,30.000000000000065,0.0,21.074292434071574,40.94133443962137,21.000000000000044,30.000000000000065,0.0,20.936266908711106,41.532281643677347,16.000000000000033,30.000000000000065,0.0,18.539140165421619,47.983776064547978,12.000000000000029,30.000000000000065,0.0,20.141615319757024,51.150770088144899,19.000000000000044,30.000000000000065,0.0,19.63186634994356,44.88184272754696,10.000000000000022,30.000000000000065,1320.8178415183002,17.762130240795338,50.86818558820029,20.700000000000047,30.000000000000065,0.0,19.136350548913329,51.80699578078675,19.000000000000044,30.000000000000065,0.0,19.864253573173924,0.0,0.0,0.0,15.529814997939749,0.0,0.0,505.68934118363026,513.9870598061239,507.28298748594338,526.8390479424581,518.4592471289803,999.8440730262206,517.3176020136438,541.5515815907378,875.812514065607,10163.678272436919,81.28446397992991,82.82098838964797,60.00000000000013,0.0,60.00000000000013,60.00000000000013,16.0,16.0,19.0,19.0,19.7,12.0,21.0,10.0,1.0,0.0,1936.0357469383974,0.0,0.0,0.0,0.0,0.0,1320.8178415183002,0.0,2325.3623116182559,1395217.3869709494,1805904.0659181236,81.28446397992991,82.84708367503592,0.34195652149838687,0.7700032159316429,0.36028137401966039,82.84708367503592,0.3542647819438883,1805904.0659181236,0.09555701142774242 
 04/02  08:50:00,8.796666666666667,89.5,6.291666666666668,171.33333333333332,147.66666666666667,0.0,0.0,0.0,2.0,2.0,0.0,0.0,0.0,0.0,0.0,5304.0,0.0,261.85668088656527,62.43063688636872,159.97671659222224,7.851886658304282,208.98765594938406,0.0,62.43063688636868,85.34741378704317,0.0,0.0,21.28981706885415,-1660.3280307412384,20.669406129377188,235.74792884310109,20.6114883900852,206.0695411119882,20.352309956104713,111.01355901021937,18.522003140180368,3.1847415011408164,20.014190054706658,-16.077832427210624,19.393047832761398,228.8832976605372,18.718276447940136,-122.27334038323625,18.985772401523108,-174.42767696509396,833.1707166871481,451.89351339357577,0.0,0.0,0.0,0.0,0.0,0.0,0.0,0.0,0.0,0.0,0.0,0.0,0.0,0.0,0.0,0.0,0.0,0.0,0.0,0.0,0.0,0.0,1.1628809889347354,0.35496977684210448,448.88508496786838,524.8362856426866,11483.45373827312,0.23832052268881766,0.036373706149086897,197.6874077598217,231.64546149702367,4806.251550413391,1.263383670181042,0.23873463155348463,197.3126394250054,231.200464252188,4819.12151962187,0.2786339987418158,0.052651927199889519,190.07891135493763,222.92762856169154,4483.966527768892,0.0,0.0,9.34165150873474,11.042665688193006,181.56489861674437,0.0,0.0,12.581847466204766,14.77352149625035,284.0282767176094,0.0,0.0,85.3312496354197,100.40722259017446,1883.621250508094,0.0,0.0,19.19489403013838,22.63077778227034,414.8975704976773,0.0,0.0,26.31617358112684,31.008629671627973,537.9088668856156,36.5982411503212,25.101674314349219,397.2179627327559,467.3762806627722,9518.756592215428,0.0,0.0,52.4633287279184,62.66434942745969,720.0079757598808,1793.326314739194,21.734464590166785,39.44695216506315,21.999999999999969,29.999999999999959,0.0,21.081701178467367,41.14372787778768,15.999999999999977,29.999999999999959,0.0,21.074002307121284,41.052616298583348,20.99999999999997,29.999999999999959,0.0,20.70158962441731,42.172220570633829,15.999999999999977,29.999999999999959,0.0,18.52537129615744,48.11720342447669,11.999999999999983,29.999999999999959,0.0,20.161516453762784,51.3715420813571,18.99999999999997,29.999999999999959,0.0,19.90580736414137,44.494701743945089,9.999999999999986,29.999999999999959,1259.3694164255595,19.90862667831143,44.5482774994464,20.69999999999997,29.999999999999959,15.578948608922249,19.053850695665117,51.52883345000062,18.99999999999997,29.999999999999959,0.0,19.8605045549991,0.0,0.0,0.0,15.573050454047923,0.0,0.0,510.86449022133038,518.2418669452947,510.69140970463527,524.4116500158556,521.6974363258826,1014.3027580346981,537.5640475614654,546.2456280506693,839.1981602798487,9832.710955326575,81.50328811049171,82.77210351264965,59.999999999999918,0.0,59.999999999999918,59.999999999999918,16.0,16.0,19.0,19.0,19.7,12.0,21.0,10.0,1.0,0.0,1793.326314739194,0.0,0.0,0.0,0.0,0.0,1259.3694164255595,15.578948608922249,1920.0190583081226,1152011.4349848752,1512792.9115356126,81.50328811049171,82.79365221035636,0.3473339686102704,0.7690311900595834,0.360281374019659,82.79365221035636,0.354264781943887,1512792.9115356126,0.08032189806651855 
 04/02  09:00:00,8.96,89.0,6.32,185.5,161.0,0.0,0.0,0.0,2.0,2.0,0.0,0.0,0.0,0.0,0.0,3536.0,0.0,296.75166801183345,67.20308513874899,172.20601566947813,8.89821919477424,236.83722729296248,0.0,67.20308513874896,91.8717123700372,0.0,0.0,21.296965145038479,-1604.511055015887,20.687419197208635,219.83684300297137,20.56333727310409,205.39670852809946,20.32282795601104,152.10921021202786,18.507156839345809,3.8027344245303285,20.049555434951495,-9.363291120628333,19.487378727283,211.10676226155023,19.164546521327887,-23.863249757690569,19.538146397144993,-134.62577659500313,818.6046417597872,274.19839626576336,0.0,0.0,0.0,0.0,0.0,0.0,0.0,0.0,0.0,0.0,0.0,0.0,0.0,0.0,0.0,0.0,0.0,0.0,0.0,0.0,0.0,0.0,1.1110916995151139,0.3391610804380689,438.10563726874798,512.0868873022899,11020.223240809451,0.22727340005945019,0.03468763737171096,191.753474025062,224.60197176747836,4593.821231354762,1.2190404831802449,0.2303553445162973,201.42788582395964,235.94245413205165,4837.284462454505,0.27701764647598639,0.05234649404308131,210.0377442903601,246.35667974648818,4863.062936877988,0.0,0.0,9.546529559539208,11.278837024987484,182.22510220304904,0.0,0.0,11.690396453863901,13.718072259822775,260.84266352711736,0.0,0.0,68.43408206401669,80.4456196862983,1508.3958793971015,0.0,0.0,13.184065006172239,15.458100797335291,304.52180700293328,0.0,0.0,19.236950619461607,22.62053285971617,421.01908601877747,36.694818703233789,25.16791406257462,393.7759060713606,463.20253605886679,9260.550698006864,0.0,0.0,29.343948066085767,35.05959234321557,387.4438659731208,1778.4172494621267,21.67984182475677,39.66492236430345,22.0,30.0,0.0,21.06457834333328,41.28839608071293,16.0,30.0,0.0,21.03426043385955,41.25067370272012,21.0,30.0,0.0,20.640053590217268,42.35483571850976,16.0,30.0,0.0,18.51340516510639,48.31567571607691,12.0,30.0,0.0,20.193859693662213,51.61632089687184,19.0,30.0,0.0,20.055353549670387,43.99688692661402,10.0,30.0,439.63009898600918,20.61255061814521,43.06265008413024,20.45,30.0,905.8459072559438,19.979346417311178,48.127142829693749,20.0,30.0,0.0,19.80526309273791,0.0,0.0,0.0,15.45024231594592,0.0,0.0,513.1622375929861,521.6609737752145,513.5975776748735,522.1499293698887,528.7003308421722,1032.3609659865172,526.8354058224668,574.0396418272098,802.2402172844102,9723.315644780616,81.57551142005166,83.56116620564184,60.0,0.0,60.0,60.0,16.0,16.0,19.0,19.0,19.7,12.0,21.0,10.0,1.0,0.0,1778.4172494621267,0.0,0.0,0.0,0.0,0.0,439.63009898600918,905.8459072559438,3004.612269077965,1802767.361446779,2366889.741669228,81.57551142005166,83.59488921582266,0.3551537423025989,0.7673741700370831,0.36028137401965956,83.59488921582266,0.3542647819438875,2366889.741669228,0.12474159990013321 
 04/02  09:10:00,9.101666666666669,88.83333333333334,6.3100000000000009,199.66666666666669,174.33333333333335,0.0,0.0,1.0,2.0,0.0,0.0,0.0,0.0,0.0,4.0,2652.0,0.0,337.64519347108998,71.92655217349945,184.30980593892654,10.124415156023537,269.47417002347779,0.0,71.92655217349942,98.3290499150323,0.0,0.0,21.337650996019265,-1168.4716428528014,20.765113765724768,356.8157520068884,21.030084925865539,-923.8068957112046,20.38218545704876,355.82328706680718,18.49496370449014,4.344858217026797,20.095350544417959,-12.91304727063588,19.35617357457211,41.449838754698408,18.78023463615787,-15.681749662905514,19.460280785900929,8.92868063410621,850.4172718465792,397.80459667628795,0.0,0.0,0.0,0.0,0.0,0.0,0.0,0.0,0.0,0.0,0.0,0.0,0.0,0.0,0.0,0.0,0.0,0.0,0.0,0.0,0.0,0.0,0.9998864952381101,0.30521565788709106,332.2336075544895,388.09714781288349,8267.202786490887,0.24630179084515572,0.03759184841959032,261.1252576712452,305.5408691776532,6230.8063495713599,1.1902109092271818,0.22490757921904426,261.99918756050865,305.69515422381297,6573.583342646942,0.2991502692945054,0.0565287734872459,269.0316339781805,314.96904224427,6233.025689819957,0.0,0.0,10.046823422241343,11.864648961389389,188.77172464034323,0.0,0.0,12.845986078939689,15.05917939707831,284.08908792108726,0.0,0.0,103.88917056549755,122.17633614685727,2202.783940807326,0.0,0.0,10.078919462425592,11.851591966628839,215.52915542968842,0.0,0.0,61.767636740224308,72.61707154832007,1313.9841386814119,37.02334603173063,25.39324144837493,521.8369609540789,612.7444259151517,12113.682882136198,0.0,0.0,46.7878992433275,55.79450056939996,625.0169818359149,1165.9714216148023,21.681977201225469,39.75525940635082,21.666666666666669,30.0,0.0,21.158630362595326,41.11602912451545,16.0,30.0,1454.1137702814377,21.67767613441632,40.500293443373077,21.666666666666666,30.0,0.0,20.74110220256582,42.68611771670511,19.0,30.0,0.0,18.504187350723556,48.49155574348565,12.0,30.0,0.0,20.235211455619639,51.492602280699838,19.0,30.0,0.0,19.761546325128209,45.03618966178743,10.0,30.0,92.29620702485359,19.827882654195329,46.60559740902544,19.7,30.0,0.0,19.79348745606681,46.174995222860037,12.0,30.0,0.0,20.015161650916526,0.0,0.0,0.0,15.696124572910163,0.0,0.0,514.977690919241,522.3617556149305,558.8390208030963,551.449459422309,534.664778942406,1027.1269072203473,540.5330447018089,652.3548485694294,627.5462544008676,9269.473697008863,81.87577027222949,81.87577027222949,220.0,0.0,220.0,220.0,16.0,19.0,19.0,12.0,19.7,12.0,21.0,10.0,1.0,0.0,1165.9714216148023,0.0,1454.1137702814377,0.0,0.0,0.0,92.29620702485359,0.0,0.0,0.0,0.0,81.87577027222949,81.87577027222949,0.34,0.7710307370206179,0.36028137401965956,81.87577027222949,0.3542647819438875,0.0,0.006123333333333333 
 04/02  09:20:00,9.243333333333334,88.66666666666667,6.300000000000001,213.83333333333332,187.66666666666667,0.0,0.0,1.0,2.0,0.0,0.0,0.0,0.0,0.0,4.0,3536.0,0.0,384.8974012370421,76.59906616983064,196.2830344469055,11.541273229393268,307.18591061473458,0.0,76.5990661698306,104.7167307935162,0.0,0.0,21.326776836793994,-885.7003881528676,20.80938351738849,166.77161698493843,20.82712248294857,-557.6239781173792,20.55616988514148,185.9283823378605,18.48459543286925,3.9471794355946345,20.145005552551674,-14.819762517420188,19.342616281935287,176.4445464809629,19.212211376530314,-32.87657959325837,19.255166148754478,-238.05698350571505,839.7763510584741,434.09163191618736,0.0,0.0,0.0,0.0,0.0,0.0,0.0,0.0,0.0,0.0,0.0,0.0,0.0,0.0,0.0,0.0,0.0,0.0,0.0,0.0,0.0,0.0,1.087939391880894,0.3320938314654744,286.5193334808776,334.68156060055397,7075.515095824766,0.24048462412533973,0.036704002461132447,230.77416856520797,270.0936383039317,5434.073215356717,1.0603452162793559,0.20036757677236514,217.30395891855776,254.44430317848004,5218.402920129037,0.25297759236776165,0.04780377784727164,219.43219800534488,257.2279725118545,5107.846972177846,0.0,0.0,9.357213829225647,11.05432188901315,173.0217936641114,0.0,0.0,12.397709050087756,14.538079340017472,271.6118462550602,0.0,0.0,98.49715396703411,115.78352299000045,2066.9445313948447,0.0,0.0,17.926432816163165,21.00341953027433,402.4276678065181,0.0,0.0,56.33697586716547,66.3017335478716,1135.9875509037909,37.143018370056157,25.475321241465136,437.6239296229635,514.411834069596,10149.861182586515,0.0,0.0,54.90709680418277,65.33928678290101,752.331381619729,1373.835020816474,21.697333174567754,40.02682326729544,21.75,30.0,0.0,21.13865580076464,41.39765913973523,16.0,30.0,0.0,21.29688656272661,42.02333283836627,21.0,30.0,0.0,20.99161294635874,42.48587457718371,19.0,30.0,0.0,18.496355494154189,48.7532230645717,12.0,30.0,0.0,20.27455507320581,51.297017036776328,19.0,30.0,0.0,19.77313619327993,45.16968472593815,10.0,30.0,702.075024886857,20.515222936574177,45.48748146800413,20.45,30.0,0.0,19.422726407050207,46.70044106422127,12.0,30.0,0.0,20.020595467147026,0.0,0.0,0.0,15.931386155305539,0.0,0.0,528.8154996526356,531.5006301076332,581.6283814168226,568.8516555519643,546.7007320106612,1017.2487585381977,546.6172718953194,702.6667740405267,588.0142979493734,9022.262746397022,82.03921036510006,83.7416477385672,220.0,0.0,220.0,220.0,16.0,19.0,19.0,12.0,19.7,12.0,21.0,10.0,1.0,0.0,1373.835020816474,0.0,0.0,0.0,0.0,0.0,702.075024886857,0.0,2576.4926697305279,1545895.6018383166,2014500.9335217726,82.03921036510006,83.77056077687289,0.34088308899101768,0.7675970375209049,0.36028137401965956,83.77056077687289,0.3542647819438875,2014500.9335217726,0.11086515965424329 
 04/02  09:30:00,9.385000000000002,88.5,6.29,228.0,201.0,0.0,0.0,1.0,2.0,0.0,0.0,0.0,0.0,0.0,4.0,2653.0,0.0,438.57920432495367,81.21822079043985,208.1195348040308,13.150919662538746,350.0290435028502,0.0,81.21822079043982,111.03146535996021,0.0,0.0,20.850547782373199,-295.42721605173537,20.816060017668279,23.30034417755106,20.945243644803257,-498.743035663637,20.471838983200315,70.07350869442445,18.478681072649594,6.657360138539898,20.205172900920198,-17.92643163517972,19.334742873776688,44.74623882096207,18.896277211316666,-11.10293284605173,18.857711963304014,-444.35182125151757,626.0043717149187,737.364763473388,0.0,0.0,0.0,0.0,0.0,0.0,0.0,0.0,0.0,0.0,0.0,0.0,0.0,0.0,0.0,0.0,0.0,0.0,0.0,0.0,0.0,0.0,1.0569118026268925,0.3226226503745092,134.83051494902225,158.12080639748374,3148.638023521157,0.21203931677458094,0.03236253308525349,92.19498203274485,108.18687438809751,2148.116875284102,1.0822464680453874,0.20450613530714047,148.12055025514034,173.213640272529,3528.1413316780719,0.23150594639251369,0.04374639954507058,155.02840683577629,181.64811500420346,3506.3283319141958,0.0,0.0,8.444208257152722,9.974663705417182,153.7383906329025,0.0,0.0,10.980791114761562,12.875516458556618,238.46292945858276,0.0,0.0,160.08397373350835,188.1852372897098,3286.2081052545966,0.0,0.0,17.15867622283623,20.166856054513589,358.4035403608127,0.0,0.0,120.34840818255288,141.92053616056217,2237.2376804453617,37.03130312693704,25.398698989668753,225.11391759114884,265.1841230929458,5280.78738043859,0.0,0.0,121.923862156229,144.70371334960954,1830.0514775813059,61.45050423528976,21.05971664546741,41.88445321078684,20.999999999999994,29.99999999999999,0.0,21.070518688254216,41.76069354060871,15.999999999999993,29.99999999999999,910.9144490593993,21.345287468160885,42.550009212860619,21.333333333333326,29.99999999999999,0.0,20.79355257458678,43.591011082653,18.999999999999994,29.99999999999999,0.0,18.495269429923977,48.959387063792657,11.999999999999995,29.99999999999999,0.0,20.323330172954145,51.26015141462133,18.999999999999994,29.99999999999999,0.0,19.7228487964723,45.7765545287633,9.999999999999997,29.99999999999999,45.858129327960707,19.868560867332595,47.51573285505586,19.699999999999993,29.99999999999999,0.0,18.73133777209554,49.06390910588635,11.999999999999995,29.99999999999999,0.0,19.305384789737017,0.0,0.0,0.0,16.785475545946274,0.0,0.0,539.4635299409679,537.3795931481368,612.067668299381,596.8601080157866,555.6832229273346,1019.0221126409649,575.3184472180623,706.807530357756,602.6009100254596,6742.038224675407,81.44691377016915,83.84366380158204,219.9999999999999,0.0,219.9999999999999,219.9999999999999,16.0,19.0,19.0,12.0,19.7,12.0,21.0,10.0,1.0,0.0,61.45050423528976,0.0,910.9144490593993,0.0,0.0,0.0,45.858129327960707,0.0,3627.074731228923,2176244.8387373548,2821146.3705983597,81.44691377016915,83.88436857377948,0.2342358243742974,0.46328306639782215,0.24018758267977295,83.88436857377948,0.2361765212959249,2821146.3705983597,0.15279850016000358 
 04/02  09:40:00,9.526666666666668,88.33333333333334,6.279999999999999,232.16666666666667,218.0,0.0,4.0,0.0,0.0,0.0,0.0,0.0,0.0,0.0,0.0,3540.0,0.0,485.6162327209164,83.35159598067266,213.58630936789377,14.561317853418988,387.56896643432767,0.0,83.35159598067262,113.94795098632369,0.0,0.0,21.194246132135885,-886.5592297954785,20.83463426497582,205.62047852985098,21.007619929082133,-328.8150945947967,20.522536093810204,-26.97593396943295,18.475775580880474,8.83005153538176,20.17161498735622,-87.06810018756053,19.200325637117115,68.95012068563986,18.573143936790904,-3.8426233606132458,18.583396851449899,-322.2271266887873,687.3886026909204,747.9658007364185,0.0,0.0,0.0,0.0,0.0,0.0,0.0,0.0,0.0,0.0,0.0,0.0,0.0,0.0,0.0,0.0,0.0,0.0,0.0,0.0,0.0,0.0,1.0917485504194329,0.3332565782721103,288.53755287108228,337.53617971634949,6835.329694232335,0.2394930566301734,0.036552664320844547,157.0560102646696,183.82418810109733,3602.2257349790645,0.9787524108662757,0.18494943515991617,140.93100480699602,164.9443195083708,3332.258186738895,0.2541946990178719,0.048033767766037769,20.018820259310276,23.461534619253685,452.9801846288623,0.0,0.0,8.593321992654161,10.153146187083568,154.07227094226236,0.0,0.0,61.063541214773518,71.69282625008464,1296.0698879392524,0.0,0.0,249.12089983997309,293.220411291648,4951.0058913986099,0.0,0.0,11.569860697226013,13.639187876776049,225.2026240748898,0.0,0.0,156.1293153158312,184.52212905988012,2749.3538246596128,37.33799803327127,25.609052149020099,237.4221512090346,279.5483790420784,5486.662823041076,0.0,0.0,157.07436887703404,186.34527601017769,2429.3543190818725,1107.0639620248936,21.490235131507928,41.527422564183599,21.500000000000008,30.00000000000001,0.0,21.061724285779016,42.44751358408992,16.000000000000008,30.00000000000001,0.0,21.380846789765245,41.87877665071619,21.000000000000008,30.00000000000001,0.0,20.824636598162554,46.59037634633557,19.000000000000008,30.00000000000001,0.0,18.498392065906626,49.33952071336769,12.000000000000004,30.00000000000001,0.0,20.21046837932283,47.49860820813046,16.000000000000008,30.00000000000001,0.0,19.506355170069229,47.674761614853768,10.000000000000004,30.00000000000001,0.0,19.24503610967814,49.05971652204481,16.000000000000008,30.00000000000001,0.0,18.335015579468853,50.660908340176707,12.000000000000004,30.00000000000001,0.0,19.317536672831336,0.0,0.0,0.0,17.213720142757354,0.0,0.0,568.2832047679754,564.3280213481802,572.9394445819386,778.5770337351196,574.8234323400419,762.6497705444224,642.7490527980951,685.6022994962702,615.8754430441263,4679.281295475726,81.47212051545458,81.47212051545458,132.00000000000007,0.0,132.00000000000007,132.00000000000007,16.0,19.0,16.0,12.0,16.0,12.0,21.0,10.0,1.0,0.0,1107.0639620248936,0.0,0.0,0.0,0.0,0.0,0.0,0.0,0.0,0.0,0.0,81.47212051545458,81.47212051545458,0.17000000000000013,0.38434388781670428,0.18014068700982989,81.47212051545458,0.1771323909719439,0.0,0.0036520000000000005 
 04/02  09:50:00,9.668333333333333,88.16666666666667,6.27,236.33333333333335,235.0,0.0,4.0,0.0,0.0,0.0,0.0,0.0,0.0,0.0,0.0,1772.0,0.0,559.6213439766585,85.67693146176159,219.54497384233836,16.780340171484086,446.6318211118431,0.0,85.67693146176154,117.1268608837097,0.0,0.0,21.15223412404393,-910.8720757160695,20.87922855997421,69.26824030343369,20.950240778949906,-168.78610622692009,20.62488360741509,-48.85534425824051,18.47530886027713,8.128836315112182,20.11555877711332,-80.24490557061381,19.10424024098002,47.52151387305548,18.238662189434945,-12.83296665760372,18.451548939531805,-217.64854303340008,620.546602301773,673.3156436235759,0.0,0.0,0.0,0.0,0.0,0.0,0.0,0.0,0.0,0.0,0.0,0.0,0.0,0.0,0.0,0.0,0.0,0.0,0.0,0.0,0.0,0.0,1.0871875119537995,0.3318643198882172,231.9540712006353,270.94236338522679,5454.245275636949,0.21807251733482028,0.03328335124157819,113.32880429058517,132.78132142910966,2558.9285359076468,1.0526164405622898,0.19890711272907977,81.75694926643233,95.26169068331117,1972.1366981778263,0.196425346481656,0.03711741241149961,15.730982273621754,18.38562613889689,355.4862604116752,0.0,0.0,8.141208738772445,9.60535071066692,143.76083120980145,0.0,0.0,56.65850281857715,66.47950691573803,1171.0506641021969,0.0,0.0,250.02796893101209,294.09386866214637,4817.174379610969,0.0,0.0,11.654338474719488,13.731305972655616,208.30475469029438,0.0,0.0,156.31339186614447,184.60429285980389,2658.776588497866,37.33466021788408,25.606762838054935,169.7193110275469,199.87259639151626,3907.9395600947566,0.0,0.0,161.9484333842969,191.75089815678389,2513.590884524465,1362.2887828508265,21.588589340165677,41.27221741599823,21.5,30.0,0.0,21.0431745986241,42.7575566928365,16.0,30.0,904.3502888028587,21.48100998605333,41.805838989513897,21.5,30.0,0.0,20.951784436121284,49.86914275672251,19.0,30.0,0.0,18.502467817234679,49.83573945994576,12.0,30.0,0.0,20.06646021687319,46.17882849754347,16.0,30.0,0.0,19.33589418965557,47.930430599620837,10.0,30.0,0.0,18.64305314891069,50.56943232444118,16.0,30.0,0.0,18.16672196091688,51.65876532210455,12.0,30.0,0.0,19.121643364797956,0.0,0.0,0.0,17.38723086972378,0.0,0.0,558.5220602041136,574.037213231744,578.0735356859298,992.4440534011177,598.6298577896555,650.9541298139158,622.7541579924578,662.8154733283384,635.2758253591323,11048.106947620732,80.69945021218308,84.53853672646807,132.0,0.0,132.0,132.0,16.0,19.0,16.0,12.0,16.0,12.0,21.0,10.0,1.0,0.0,1362.2887828508265,0.0,904.3502888028587,0.0,0.0,0.0,0.0,0.0,5809.394607953357,3485636.764772014,4510653.104808033,80.69945021218308,84.60373716037322,0.3636464869317786,0.7695739558152028,0.36028137401965956,84.60373716037322,0.3542647819438875,4510653.104808033,0.23821329478335108 
 04/02  10:00:00,9.81,88.0,6.26,240.5,252.0,0.0,4.0,0.0,0.0,0.0,0.0,0.0,0.0,0.0,0.0,2658.0,0.0,620.2715081364191,87.63925688568642,224.57344753772137,18.598921735288337,495.0362439390935,0.0,87.63925688568638,119.80950851143422,0.0,0.0,21.07582514875924,-435.1294650605099,20.914264734888446,68.62750688701459,20.88898583834227,-373.16508773762959,20.696822066263679,-53.772310957719358,18.474850590134289,7.205520754415266,20.107452586243917,-90.27611049495295,19.046270784194406,47.67403859824606,18.02335186229051,-27.0406037547113,18.413448006458208,-150.1434559516842,603.7780350692993,579.0198456112037,0.0,0.0,0.0,0.0,0.0,0.0,0.0,0.0,0.0,0.0,0.0,0.0,0.0,0.0,0.0,0.0,0.0,0.0,0.0,0.0,0.0,0.0,1.1336417679745783,0.346044495718736,239.0270461911869,279.79321151734566,5424.859832093876,0.23210292394974686,0.03542474419257433,114.35493860131271,134.04464183922787,2544.7036539170906,0.950356461655363,0.17958360953427139,108.21969349955973,126.6449814917394,2454.0888979262178,0.1485971044327172,0.028079573777913318,12.298112350768804,14.355637606391081,276.33844388813136,0.0,0.0,7.955568493317601,9.394198883660208,138.26817121306937,0.0,0.0,56.090549114420017,65.88363556491277,1136.5943184437472,0.0,0.0,245.51359926111295,289.14958390477707,4614.888058107463,0.0,0.0,17.94487075226526,21.19687886401335,303.8311536820651,0.0,0.0,143.56562640063715,169.72275782916274,2395.973488570893,37.53917788370148,25.747035585529159,171.12183375718579,201.73521692932548,3899.040111398214,0.0,0.0,158.52831485134804,187.8405731341064,2441.628445146908,584.0449686674411,21.36226077693896,42.03697999005907,21.33333333333335,30.00000000000002,0.0,21.029433755447604,42.989755535771767,16.000000000000015,30.00000000000002,0.0,21.263037087650994,42.82199996019829,21.000000000000015,30.00000000000002,0.0,21.02972185119992,52.34660773923308,19.000000000000015,30.00000000000002,0.0,18.505753123330455,50.04688045857582,12.00000000000001,30.00000000000002,0.0,20.003955576355314,46.07245419644252,16.000000000000015,30.00000000000002,0.0,19.239154674833974,48.22047884807793,10.000000000000007,30.00000000000002,0.0,18.28085360957207,51.50892579356073,16.000000000000015,30.00000000000002,0.0,18.14897701635725,51.71394369338538,12.00000000000001,30.00000000000002,0.0,19.092396256454536,0.0,0.0,0.0,17.472255527653997,0.0,0.0,560.707868951299,577.7051906080551,595.3602132012072,1147.0833638288853,606.7657532370712,627.912398814527,615.5432813723867,646.3024497236872,628.7462445210754,2893.642895653589,80.71732585297812,80.71732585297812,132.0000000000001,0.0,132.0000000000001,132.0000000000001,16.0,19.0,16.0,12.0,16.0,12.0,21.0,10.0,1.0,0.0,584.0449686674411,0.0,0.0,0.0,0.0,0.0,0.0,0.0,0.0,0.0,0.0,80.71732585297812,80.71732585297812,0.11333333333333343,0.20713312373089708,0.12009379133988661,80.71732585297812,0.11808826064796259,0.0,0.003666666666666667 
 04/02  10:10:00,10.028333333333335,87.33333333333334,6.29,244.66666666666669,269.0,0.0,0.0,1.0,2.0,0.0,0.0,0.0,0.0,0.0,0.0,7096.0,0.0,685.7661206495354,89.60372493720786,229.60741326812826,20.562761777288484,547.3069699314029,0.0,89.60372493720782,122.49508527352607,0.0,0.0,21.076679029155295,-236.57100156470728,20.97494848111232,70.7303974037728,20.866065012673187,-991.6315616707684,20.662022389682915,106.89509740135822,18.476006771783035,7.044637505653796,20.21134835384955,-35.07771312676322,19.004219354511866,31.847156187074576,18.945459906356289,-51.86310044997748,18.399895069559784,-141.56508843779717,787.8687601245764,525.0326236596179,0.0,0.0,0.0,0.0,0.0,0.0,0.0,0.0,0.0,0.0,0.0,0.0,0.0,0.0,0.0,0.0,0.0,0.0,0.0,0.0,0.0,0.0,1.030849709862224,0.3146671886026325,222.77264107889469,260.9640297166148,4991.625811230938,0.22361635133854633,0.03412947975252539,162.4654842031034,190.55416694363755,3545.0291655469666,0.8780108654656074,0.16591286195495234,315.41437835738005,369.0518013332232,7234.812988676268,0.20323105512166737,0.03840344956947606,208.0342368606408,243.94413989688423,4508.704665030107,0.0,0.0,8.733189182399734,10.322952711399609,148.02010287432638,0.0,0.0,13.242501501893479,15.565723151440786,265.3562054065183,0.0,0.0,197.44066227112604,232.81790193777779,3600.7275654446759,0.0,0.0,19.934958623776649,23.425984653461076,391.6773106164471,0.0,0.0,149.91452640730877,177.37435070810415,2437.37011109196,37.84765906494622,25.95861389914008,354.1853269730154,416.96931834317305,7654.905738003715,0.0,0.0,154.73812336237018,183.45724758852249,2346.309931637681,0.0,21.272708768570518,44.07796023869138,21.0,30.0,0.0,21.052057585994889,44.30454151527932,16.0,30.0,1220.168254301013,21.488270634005326,44.05988668910602,21.375,30.0,0.0,20.978585160323037,45.87942002155531,16.0,30.0,0.0,18.5101527193532,50.238837686266418,12.0,30.0,0.0,20.11815663141649,47.090725081163117,19.0,30.0,0.0,19.176467832741836,48.98724432005701,10.0,30.0,1269.4907663299908,19.737140613435849,47.782553237707819,20.7,30.0,0.0,18.15333557912861,51.79504834156157,12.0,30.0,0.0,19.70246989592894,0.0,0.0,0.0,17.57567247869523,0.0,0.0,665.2357468442609,648.396043732234,696.6617001167384,727.2346903936253,611.4527565136094,705.9222590166311,632.1663237937079,691.8346867451885,622.8420183021883,9596.49489344195,81.65952575950363,83.39905505107999,60.0,0.0,60.0,60.0,16.0,16.0,19.0,12.0,19.7,12.0,21.0,10.0,1.0,0.0,0.0,0.0,1220.168254301013,0.0,0.0,0.0,1269.4907663299908,0.0,2632.568793561144,1579541.276136686,2060995.4517666046,81.65952575950363,83.42859803329188,0.3427522931187048,0.7692489479050042,0.36028137401965956,83.42859803329188,0.3542647819438875,2060995.4517666046,0.1088417634918634 
 04/02  10:20:00,10.246666666666667,86.66666666666667,6.32,248.83333333333335,286.0,0.0,0.0,1.0,2.0,0.0,0.0,0.0,0.0,0.0,0.0,3548.0,0.0,755.592098036191,91.56929417583148,234.644201990335,22.656475699375226,603.0345121999844,0.0,91.56929417583142,125.18216744187282,0.0,0.0,21.15821116173421,-435.5483845377439,21.037353141718545,109.21797733388496,21.14726428404227,-1243.075887524416,20.712207018794638,261.11798060415438,18.479503492134055,6.069267933010025,20.38977986012572,-41.71556382858492,18.947440219474389,67.84742437507953,19.18372146920133,-56.94354595110161,18.394113597945127,-109.46032063539087,885.5845827436501,461.05480335925906,0.0,0.0,0.0,0.0,0.0,0.0,0.0,0.0,0.0,0.0,0.0,0.0,0.0,0.0,0.0,0.0,0.0,0.0,0.0,0.0,0.0,0.0,1.0198081771335968,0.31129675736678788,340.40437997103296,397.34544003865667,7649.789640484652,0.21799024743674567,0.033270794785828099,148.34426012339203,173.44546983803108,3184.84282217097,0.7696583411668938,0.14543808412072829,411.27102004852289,480.55518948952979,9290.211238379603,0.20255595216742784,0.038275879094374107,226.25950020716926,264.9230597105057,4853.416962718895,0.0,0.0,8.714653558557563,10.289728991283737,144.04394286504277,0.0,0.0,13.117756387364694,15.383735067082565,262.7544389404801,0.0,0.0,188.04518884771785,221.60768184597218,3319.931994925522,0.0,0.0,27.094982376971204,31.814119558893773,529.5078052067398,0.0,0.0,147.67690698519676,174.61327377509844,2340.1037396916046,38.06418928841174,26.107125712216566,471.7160968249662,553.864764500355,9928.846708099609,0.0,0.0,149.92992957188265,177.5350588529539,2253.576743711423,924.5930126385825,21.499527455880935,43.51040577884461,21.5,30.0,0.0,21.06093929657697,44.694756294749428,16.0,30.0,1670.7097342554303,21.642731579215295,43.223938443423609,21.5,30.0,0.0,21.080653361437699,44.76858474241952,16.0,30.0,0.0,18.51708620526085,50.564939974890837,12.0,30.0,0.0,20.33206659484961,48.5761706526561,19.0,30.0,0.0,19.0981530309266,49.58736593682882,10.0,30.0,0.0,20.093672595035039,47.73361715883955,19.7,30.0,0.0,18.1657086439079,52.27268306165456,12.0,30.0,0.0,20.06202527388347,0.0,0.0,0.0,17.731287207654228,0.0,0.0,656.2855139308715,664.6156214737614,660.8799000171605,667.2043328553702,620.9462109573426,829.2277792360153,643.6939108637218,728.3175104685945,641.1961427944978,10254.399223520599,81.22443741721081,84.78204563199745,60.0,0.0,60.0,60.0,16.0,16.0,19.0,12.0,19.7,12.0,21.0,10.0,1.0,0.0,924.5930126385825,0.0,1670.7097342554303,0.0,0.0,0.0,0.0,0.0,5383.889613119694,3230333.7678718168,4189932.6955142237,81.22443741721081,84.84246562993329,0.3494629871039898,0.7694110896040344,0.36028137401965956,84.84246562993329,0.3542647819438875,4189932.6955142237,0.219539833500073 
 04/02  10:30:00,10.465,86.0,6.35,253.0,303.0,0.0,0.0,1.0,2.0,0.0,0.0,0.0,0.0,0.0,0.0,3548.0,0.0,829.235893856705,93.53471461776452,239.68061027215885,24.864665020589447,661.8090143593904,0.0,93.53471461776448,127.8690461938626,0.0,0.0,21.162541788052616,-888.9396803575526,21.131739268262416,-14.532221716361619,20.955644307419875,-126.00331097090225,20.661084775713193,-4.9953159758577219,18.486967268104388,7.707819453274595,20.55497243441469,-40.27736414051421,18.985879540101626,67.36415434672858,19.443100895125636,-82.14702151690551,18.418687962874789,-72.82590234038753,719.5869728408429,443.85351899780656,0.0,0.0,0.0,0.0,0.0,0.0,0.0,0.0,0.0,0.0,0.0,0.0,0.0,0.0,0.0,0.0,0.0,0.0,0.0,0.0,0.0,0.0,0.9036284396509585,0.27583285703631219,346.72619301233058,405.19895208385017,7486.1803747223079,0.1726281477206724,0.02634739739326502,183.2150081803601,214.37627023013034,3857.765011918046,0.965018299564701,0.18235417603263444,193.01917977318477,225.78542677848913,4157.102813338581,0.20343619193448193,0.038442213139546838,105.51600294120054,123.59532535597598,2190.133585274967,0.0,0.0,8.575652078290112,10.123713154541955,138.21986621866078,0.0,0.0,13.088022447215226,15.335518587691182,260.9657988361956,0.0,0.0,190.70607967704658,224.6704645054261,3306.225806101153,0.0,0.0,25.336190909265228,29.678981934852126,507.74555688523597,0.0,0.0,150.1169867699162,177.43193800577428,2330.5883654684405,38.10897000749373,26.137839511312579,353.6729156568436,415.4981139790396,7372.5377783176249,0.0,0.0,152.30546470943478,180.20909581925307,2275.373416518448,933.1460589184439,21.48628145222353,43.342101785873129,21.5,30.0,0.0,21.100133083368577,44.509149735233318,16.0,30.0,718.5936979191415,21.270830966386759,44.029239588214029,21.25,30.0,0.0,20.92882263018773,44.888694313618717,16.0,30.0,0.0,18.529875393263738,50.92910464922132,12.0,30.0,0.0,20.51181687123962,49.516654305094188,19.0,30.0,0.0,19.16051705681719,49.815559533724627,10.0,30.0,909.6802515104546,20.46150654608865,47.31048740544073,20.45,30.0,0.0,18.22548639155592,52.77407469823773,12.0,30.0,0.0,19.862383021709577,0.0,0.0,0.0,17.908134471437174,0.0,0.0,629.1059161992307,644.3706125614028,640.5781171784634,643.0813454217056,632.4266563913132,908.3961122545356,652.2923258446085,751.4872509617569,661.5627482896005,7743.591882751476,82.88464637167117,82.88464637167117,60.0,0.0,60.0,60.0,16.0,16.0,19.0,12.0,19.7,12.0,21.0,10.0,1.0,0.0,933.1460589184439,0.0,718.5936979191415,0.0,0.0,0.0,909.6802515104546,0.0,0.0,0.0,0.0,82.88464637167117,82.88464637167117,0.34,0.7695294719278042,0.36028137401965956,82.88464637167117,0.3542647819438875,0.0,0.0016566666666666666 
 04/02  10:40:00,10.683333333333334,85.33333333333334,6.38,250.5,329.0,0.0,0.0,0.0,0.0,0.0,0.0,0.0,0.0,0.0,0.0,3548.0,0.0,905.2374298301371,94.07971220864369,241.07725763100897,27.143548875529655,722.4651912049102,0.0,94.07971220864364,128.6140992194527,0.0,0.0,21.312952168235925,-1166.9376968851785,21.34182097127531,224.60627524328175,21.09037323808285,-170.9288132615734,20.67889009099834,236.03509490972375,18.50032604775681,11.395826695546277,20.602546652019436,-154.1074292080682,19.126070129370079,176.7620353741927,19.39608426400637,-64.23407379868306,18.465899163639955,-18.56777513787847,806.7288383045834,449.30134747136779,0.0,0.0,0.0,0.0,0.0,0.0,0.0,0.0,0.0,0.0,0.0,0.0,0.0,0.0,0.0,0.0,0.0,0.0,0.0,0.0,0.0,0.0,0.9234106653956167,0.28187138748339948,390.5864397624304,455.90837074957269,8530.314007186143,0.20516578071274015,0.03131345859474056,212.12627832010316,248.08549130117229,4481.992405842476,0.9255574771517776,0.17489748245498447,231.2862111924515,270.4194750328469,4932.870019735787,0.2344164310575511,0.04429637775085998,239.66257941640118,280.63209928727766,4887.410126287922,0.0,0.0,9.199072673072163,10.859324012861933,144.6263837076619,0.0,0.0,67.40942661860848,79.0244667287171,1309.7033621573244,0.0,0.0,261.0404314240314,307.1656526126228,4555.017193334359,0.0,0.0,25.480213943301576,29.884770062130504,489.902308902117,0.0,0.0,161.83731607950737,191.1707439042994,2471.7418725249015,38.66130293496524,26.516668679674387,444.2068202194635,521.427313039365,9174.664571231817,0.0,0.0,164.128266998377,193.96588380305628,2465.9611361042118,1303.8427595533656,21.750904578945688,42.65081011387311,21.75,30.0,0.0,21.383305937662656,43.643385942889938,16.0,30.0,0.0,21.438197544635373,43.45452908353984,21.0,30.0,0.0,20.98819377445094,44.685781607393327,16.0,30.0,0.0,18.551092560086535,51.40725376842111,12.0,30.0,0.0,20.47547356724685,47.7398947186676,16.0,30.0,0.0,19.444406250297015,49.618035244345417,10.0,30.0,0.0,20.3777078445891,47.18927405317951,16.0,30.0,0.0,18.319543341012218,53.15866447328084,12.0,30.0,0.0,20.268554679108126,0.0,0.0,0.0,18.178095159454249,0.0,0.0,618.175357396543,629.699658590622,618.634212214251,622.8131650981842,650.5756198084771,768.3452157106465,681.7663497702379,716.8407544962536,687.3673323271808,7434.112654217726,81.78250045421456,83.51987418491274,60.0,0.0,60.0,60.0,16.0,16.0,16.0,12.0,16.0,12.0,21.0,10.0,1.0,0.0,1303.8427595533656,0.0,0.0,0.0,0.0,0.0,0.0,0.0,2629.3124681170595,1577587.4808702358,2041722.6526607436,81.78250045421456,83.54938055854496,0.25764374893723537,0.5768161051160041,0.27021103051474468,83.54938055854496,0.2656985864579156,2041722.6526607436,0.10781957793835864 
 04/02  10:50:00,10.901666666666666,84.66666666666666,6.41,248.0,355.0,0.0,0.0,0.0,0.0,0.0,0.0,0.0,0.0,0.0,0.0,2664.0,0.0,985.5752824271525,94.63207601434805,242.49278170703423,29.55245507801414,786.5821361746289,0.0,94.632076014348,129.36922241917663,0.0,0.0,21.276536775802886,-966.6315496832002,21.445648161674357,-84.1916351824891,20.993800064505427,-174.55373255614917,20.660324201470883,62.64631111753417,18.518680680025619,10.916960603510376,20.622492314389665,-132.17062174970028,19.166370323839275,106.48232347685804,18.91597724461553,-17.1056536822208,18.51979268918341,-12.201371128727877,748.8099455506908,368.77394146653605,0.0,0.0,0.0,0.0,0.0,0.0,0.0,0.0,0.0,0.0,0.0,0.0,0.0,0.0,0.0,0.0,0.0,0.0,0.0,0.0,0.0,0.0,0.8474674343545809,0.2586896930264291,389.2038831446771,453.99323952371517,8297.334046712629,0.15276586369638887,0.023315913262574637,191.27685936806405,223.4048243274957,3958.0263401932099,0.9388167179740342,0.17740300793160153,232.3954061722569,271.4288664722364,4852.339675653216,0.209300185011076,0.03955029951078536,163.4326416050852,191.4154283287668,3242.48982402538,0.0,0.0,8.634271813016014,10.185480093690736,132.4366929015652,0.0,0.0,64.55773091730456,75.67105213081268,1219.5676870883963,0.0,0.0,248.4847615630352,292.21226373594649,4245.0841156878,0.0,0.0,18.1151537876528,21.312725636877944,312.3697550597711,0.0,0.0,153.1304131085127,180.75640506576787,2298.7214627696714,38.6156500394906,26.48535668003474,410.3763069482551,481.3850845260998,8209.963150570937,0.0,0.0,154.69405262985084,182.66253970847448,2298.608102004806,1375.3562448330932,21.630334251609257,42.97643039974993,21.666666666666687,30.00000000000002,0.0,21.3893478603557,43.611248395970608,16.000000000000015,30.00000000000002,717.3906349302827,21.412538108673816,43.55489914412834,21.33333333333335,30.00000000000002,0.0,20.909036448998138,44.91122478182686,16.000000000000015,30.00000000000002,0.0,18.57772244528327,51.7415703922063,12.00000000000001,30.00000000000002,0.0,20.420461347012254,46.863468601130779,16.000000000000015,30.00000000000002,0.0,19.47869265218752,49.52042510059829,10.000000000000007,30.00000000000002,0.0,19.520130701824006,49.50954598567958,16.000000000000015,30.00000000000002,0.0,18.410746237053109,53.016063530724107,12.00000000000001,30.00000000000002,0.0,20.128005147908234,0.0,0.0,0.0,18.314720431106907,0.0,0.0,612.6393621825324,616.9209201586964,614.5784416738762,618.4859301116167,663.6678375321083,692.0880875734562,676.5168085480386,694.4057266668533,689.6775559461585,8588.322851872275,82.3261626685801,82.3261626685801,60.00000000000004,0.0,60.00000000000004,60.00000000000004,16.0,16.0,16.0,12.0,16.0,12.0,21.0,10.0,1.0,0.0,1375.3562448330932,0.0,717.3906349302827,0.0,0.0,0.0,0.0,0.0,0.0,0.0,0.0,82.3261626685801,82.3261626685801,0.3400000000000003,0.7713061765522449,0.3602813740196598,82.3261626685801,0.3542647819438878,0.0,0.0016366666666666665 
 04/02  11:00:00,11.12,84.0,6.44,245.5,381.0,0.0,0.0,0.0,0.0,0.0,0.0,0.0,0.0,0.0,0.0,3552.0,0.0,1069.7773451269109,95.18962159038573,243.92158433680707,32.07722766782292,853.7830652589128,0.0,95.18962159038569,130.13142949180083,0.0,0.0,21.30412860204079,-916.0832663590418,21.57346139399398,58.697837142930897,21.037191723108714,-206.18079666003997,20.666513413709823,178.72968455610158,18.538858062000004,12.091927433093858,20.69529161446335,-119.53495710986329,19.226024256851944,134.88701451148564,18.634314362447819,-9.826021850228685,18.571097944684128,5.340203555086646,719.5598024412543,332.6190424488018,0.0,0.0,0.0,0.0,0.0,0.0,0.0,0.0,0.0,0.0,0.0,0.0,0.0,0.0,0.0,0.0,0.0,0.0,0.0,0.0,0.0,0.0,0.8269278453932258,0.2524199772262594,321.15574042152516,374.80947740084675,6675.953894167367,0.16114332314383687,0.02459452428935239,125.70922025468171,146.82920508533676,2578.7580506471906,0.9149208589159175,0.17288753947768666,251.44872349974799,294.00920722683039,5105.229526177735,0.22844425513636686,0.04316784866522426,228.79186737713375,267.92527813559487,4440.368633596974,0.0,0.0,8.613738689066106,10.163934245857476,128.8100572762958,0.0,0.0,60.854432902686728,71.35548358151415,1125.9982636405626,0.0,0.0,246.54701279938616,289.93848752962506,4148.272413948879,0.0,0.0,12.811397270238281,15.087894685398944,201.90935568256763,0.0,0.0,145.36248462085028,171.58858074522508,2142.089366069125,38.9309160488371,26.701588510862217,361.24898393180168,424.1012069899556,7119.714422391977,0.0,0.0,152.07931258444726,179.52330450615077,2234.5012034545945,874.0797265426614,21.66708361187277,42.89260265762178,21.75,30.0,0.0,21.496276053903896,43.33781991053585,16.0,30.0,0.0,21.384772283359117,43.63708403256093,21.0,30.0,0.0,20.92428234835263,44.88978571615952,16.0,30.0,0.0,18.604817894429229,51.86710796853714,12.0,30.0,0.0,20.44510434559745,46.6309513851084,16.0,30.0,0.0,19.571710953397227,49.12788208043029,10.0,30.0,0.0,19.036384677670143,50.97241401389767,16.0,30.0,0.0,18.493051021067115,52.66952505150452,12.0,30.0,0.0,20.097669831782296,0.0,0.0,0.0,18.456285671845458,0.0,0.0,602.8947960194946,612.5720788727723,605.3427677839843,611.2344628380931,667.1783952137619,674.3646591884235,659.7661628685935,687.5356065655766,677.6988291605492,6671.051296343524,81.96203335090164,81.96203335090164,60.0,0.0,60.0,60.0,16.0,16.0,16.0,12.0,16.0,12.0,21.0,10.0,1.0,0.0,874.0797265426614,0.0,0.0,0.0,0.0,0.0,0.0,0.0,0.0,0.0,0.0,81.96203335090164,81.96203335090164,0.255,0.5773883797352879,0.27021103051474468,81.96203335090164,0.2656985864579156,0.0,0.0016233333333333332 
 04/02  11:10:00,11.305,83.5,6.415000000000001,243.0,407.0,0.0,0.0,0.0,0.0,0.0,0.0,0.0,0.0,0.0,0.0,1778.0,0.0,1203.1752101319758,95.86219424637913,245.64513729275877,36.07711047562712,960.2466183672955,0.0,95.86219424637908,131.05088730347425,0.0,0.0,21.039946647368759,-381.0063018956798,21.64051573642226,-358.1840347454504,20.730513114425116,-202.07801993208614,20.66722322885331,91.22768551745549,18.56887292187536,11.492885160226195,20.826919739069237,-117.86643562566337,19.210798642242957,70.77967360918137,18.40790129360829,-2.8601344383141056,18.627931020332427,18.76901652945753,668.2684830288617,289.8623222465071,0.0,0.0,0.0,0.0,0.0,0.0,0.0,0.0,0.0,0.0,0.0,0.0,0.0,0.0,0.0,0.0,0.0,0.0,0.0,0.0,0.0,0.0,0.7995499197003795,0.2440628570513979,291.6310312661105,340.15475691921389,5880.819276219756,0.10814133169850458,0.016505087255571518,167.03483184578296,194.69360189292625,3294.976314242257,0.8362807061638335,0.15802734432423166,191.95071936099886,224.37293176847153,3715.4411635297817,0.1946633704870509,0.03678446154328247,176.7745364784858,206.82931179844088,3360.212069000427,0.0,0.0,8.00765052713375,9.435057943617143,117.41241190580679,0.0,0.0,60.51450631434694,70.82533777958332,1108.86954430462,0.0,0.0,240.52873309729905,282.5164816047331,3937.8345821887326,0.0,0.0,16.404468027222096,19.31720107506404,240.80946371562016,0.0,0.0,139.54679794471054,164.43869123546956,2029.4230287414353,38.40032586749503,26.3376720627538,327.8053918847612,384.34067051580817,6260.314802483187,0.0,0.0,152.96319407244853,180.19694821098094,2248.6468893887888,723.2283469149861,21.43970906352548,43.53243664777048,21.5,30.0,0.0,21.40944064539154,43.59559339414628,16.0,30.0,189.74498082626756,21.04870113573238,44.56821029318457,21.0,30.0,0.0,20.895630108457508,44.983422358382217,16.0,30.0,0.0,18.64393682344413,51.862028083853449,12.0,30.0,0.0,20.540640977539007,46.270080075258949,16.0,30.0,0.0,19.524656529341628,49.242430464531739,10.0,30.0,0.0,18.659358966714544,52.10994781343304,16.0,30.0,0.0,18.582540979969019,52.287828686835279,12.0,30.0,0.0,19.921555575990568,0.0,0.0,0.0,18.64935687708268,0.0,0.0,603.5652644774087,598.1863753932238,596.5694516889307,606.7132781455595,664.716211342005,660.4377339478958,653.6755651785776,676.403618440024,665.314587969639,9659.051325589506,81.61815350535815,85.0449161577204,60.0,0.0,60.0,60.0,16.0,16.0,16.0,12.0,16.0,12.0,21.0,10.0,1.0,0.0,723.2283469149861,0.0,189.74498082626756,0.0,0.0,0.0,0.0,0.0,5186.07778902253,3111646.673413518,4036171.398871417,81.61815350535815,85.1031139636288,0.3428692596340843,0.7684146291752905,0.36028137401965956,85.1031139636288,0.3542647819438875,4036171.398871417,0.2114909127413137 
 04/02  11:20:00,11.49,83.0,6.390000000000001,240.5,433.0,0.0,0.0,0.0,0.0,0.0,0.0,0.0,0.0,0.0,0.0,3556.0,0.0,1297.196174474585,96.37409973324925,246.95698890933984,38.89629753714862,1035.2839025910919,0.0,96.37409973324921,131.75070091401427,0.0,0.0,21.17703851958491,-122.35352991836976,21.6633772176155,-22.134739435795838,21.284697878583683,-1225.4652204861766,20.77702225982413,335.94917789636158,18.596467747265707,11.972421924539333,20.954699868627153,-146.6710876986332,19.22806804210269,146.93194509118394,18.289611349050675,11.059837002297059,18.681353350891798,40.68062981419848,660.2309912041724,227.44772782117298,0.0,0.0,0.0,0.0,0.0,0.0,0.0,0.0,0.0,0.0,0.0,0.0,0.0,0.0,0.0,0.0,0.0,0.0,0.0,0.0,0.0,0.0,0.8148524471301595,0.24873395822043943,225.6090600821179,263.7547112467531,4459.912233453656,0.16764732848165238,0.02558719909671129,119.53275845771971,139.71948554078035,2329.1412892272285,0.6755294726638261,0.12765107193193998,353.9336511230703,413.18523273070726,7220.365723146551,0.19991736664959898,0.0377772801681026,239.35509184077839,280.00568171602438,4571.065179082917,0.0,0.0,8.504758564476797,10.031477758512907,122.10144260510701,0.0,0.0,64.45591272097609,75.52191418895808,1167.4150920354323,0.0,0.0,239.4050502957508,281.5283216068773,3846.898223863115,0.0,0.0,22.00469769717503,25.965094034996857,307.6147519423805,0.0,0.0,124.9403741263404,147.38070894754939,1789.7340342204287,38.22509537531411,26.217486539995975,364.24950768023629,427.5046717549409,6911.915398756059,0.0,0.0,143.47485557773778,169.1774248306215,2088.971332178285,0.0,21.43855387510991,43.56592712707433,21.0,30.0,0.0,21.343711319856277,43.79468382476962,16.0,30.0,1700.2457123203795,21.79550479220982,42.64232347704338,21.5,30.0,0.0,21.10868951477255,44.449124836340327,16.0,30.0,0.0,18.67761009036768,51.79513115344494,12.0,30.0,0.0,20.62372751219887,45.986938979803529,16.0,30.0,0.0,19.561563151418178,49.0743114832314,10.0,30.0,0.0,18.48661609773645,52.5980543419803,16.0,30.0,0.0,18.661372412928356,51.96598997073326,12.0,30.0,0.0,19.995401544962559,0.0,0.0,0.0,18.76851345414925,0.0,0.0,593.2338988183044,595.2618556385663,588.004782809367,592.9236277403418,660.3867277637467,651.0662607416481,640.5858855631393,664.2260952754007,654.2645993895701,4322.512663895255,82.83795163639468,82.83795163639468,60.0,0.0,60.0,60.0,16.0,16.0,16.0,12.0,16.0,12.0,21.0,10.0,1.0,0.0,0.0,0.0,1700.2457123203795,0.0,0.0,0.0,0.0,0.0,0.0,0.0,0.0,82.83795163639468,82.83795163639468,0.17,0.38392367413223418,0.18014068700982978,82.83795163639468,0.17713239097194376,0.0,0.0015933333333333336 
 04/02  11:30:00,11.675,82.5,6.365,238.0,459.0,0.0,0.0,0.0,0.0,0.0,0.0,0.0,0.0,0.0,0.0,889.0,0.0,1393.6734403273748,96.89134208755697,248.2825145291381,41.789135298533,1112.2815315445985,0.0,96.89134208755691,132.45781042695473,0.0,0.0,20.74858122965491,75.13259082196783,21.713961700329585,-428.57897504232735,20.737745601830164,-252.85492383654128,20.748543157079597,29.802271086894508,18.63592099018197,11.429856193051535,21.121167193592684,-153.04869201055409,19.24012955992947,102.32237972727126,18.189591952553259,22.836303700530267,18.742295670496629,32.37776367553852,584.4207624485307,193.48178149087927,0.0,0.0,0.0,0.0,0.0,0.0,0.0,0.0,0.0,0.0,0.0,0.0,0.0,0.0,0.0,0.0,0.0,0.0,0.0,0.0,0.0,0.0,0.7602633159698862,0.23207060927041704,170.50918834031485,198.66601002747476,3167.300615027962,0.12197049360579829,0.018615765202350168,144.35230342613924,168.0754742800946,2725.4685839161645,0.7545304495719668,0.14257945003249568,110.38229248684917,128.61660676347322,2050.871086135916,0.1562868528138006,0.029532663041156566,101.81469842634528,118.64985002102097,1874.9169730026436,0.0,0.0,8.126255054376454,9.542372466578274,114.59957975754769,0.0,0.0,63.629346428208247,74.1971732649459,1148.5850883403376,0.0,0.0,236.44668292830517,276.8608073131994,3715.665573426274,0.0,0.0,24.979116870810846,29.37174895705991,332.9143176064089,0.0,0.0,124.02817344999646,145.63116948059318,1753.669582431923,37.6897744936567,25.850325441465509,195.18880293163208,228.44581277210473,3707.027745218234,0.0,0.0,144.62944419172505,169.7029191420784,2105.849038975331,0.0,21.02726091329237,44.68867087872404,21.0,30.0,0.0,21.22154994824453,44.23428875338053,16.0,30.0,247.41458666970349,21.0065862611103,44.82437862166721,21.0,30.0,0.0,20.971716601727264,44.85132516149209,16.0,30.0,0.0,18.732151239208294,51.642531233083158,12.0,30.0,0.0,20.777715082342085,45.51331004379312,16.0,30.0,0.0,19.56386423162237,49.05154003240156,10.0,30.0,0.0,18.334171199804563,53.00816594265284,16.0,30.0,0.0,18.751124721685409,51.61996664959128,12.0,30.0,0.0,19.69801266966273,0.0,0.0,0.0,18.954295709645387,0.0,0.0,598.7105641337672,560.4420493513621,567.854139756233,591.664592598457,649.936825667044,635.5359823571971,633.5221232223963,647.7804364624819,642.7745637419106,8153.833824933133,82.61347551993912,82.61347551993912,60.0,0.0,60.0,60.0,16.0,16.0,16.0,12.0,16.0,12.0,21.0,10.0,1.0,0.0,0.0,0.0,247.41458666970349,0.0,0.0,0.0,0.0,0.0,0.0,0.0,0.0,82.61347551993912,82.61347551993912,0.34,0.6157537324390081,0.36028137401965956,82.61347551993912,0.3542647819438875,0.0,0.0015766666666666666 
 04/02  11:40:00,11.86,82.0,6.34,235.0,455.3333333333333,0.0,0.0,0.0,0.0,0.0,0.0,0.0,0.0,0.0,0.0,3560.0,0.0,1434.9912704907079,95.94061141308316,245.8462942643378,43.02802482076145,1145.256791473424,0.0,95.9406114130831,131.15808951553687,0.0,0.0,21.171016495731324,-213.53169901427919,21.81487425675974,-106.36696305077771,21.348443453800955,-1206.5359983857002,20.841907793588598,295.1815857572327,18.65946907428036,12.138625267322596,21.23272121202816,-178.49675778362713,19.27180027081639,157.33735916036677,18.157882892504675,39.625579801130218,18.784032059860647,66.46702111672289,644.1962430807025,141.18110788252876,0.0,0.0,0.0,0.0,0.0,0.0,0.0,0.0,0.0,0.0,0.0,0.0,0.0,0.0,0.0,0.0,0.0,0.0,0.0,0.0,0.0,0.0,0.799098663944996,0.24392511109432114,305.7253459918362,356.6116567539217,5929.86409930576,0.15988141332976053,0.024401925111379814,133.92678489781526,156.40772007608326,2513.3924658420048,0.5340563019208829,0.10091766854136113,349.96918870604358,408.3796296426935,6841.060278569233,0.17067533929197813,0.032251575829927828,208.21529640021329,243.40170829507304,3858.189563909796,0.0,0.0,8.463773107246002,9.977897260767908,116.58558173023734,0.0,0.0,69.34509765352169,81.17982483850463,1234.4794204532064,0.0,0.0,233.51102131879754,274.49337814018147,3608.3419648052956,0.0,0.0,26.81153595776425,31.65715630016693,345.7588252439328,0.0,0.0,114.12213446144179,134.5369788312237,1582.6144217649035,37.50572827864473,25.724093469578017,416.4476189317996,488.1904677842159,7602.380159951622,0.0,0.0,135.12046185541687,159.1371195087396,1950.4202061919087,711.9430560213361,21.584460367367897,43.337955585113139,21.5,30.0,0.0,21.321135426589345,44.02133012005556,16.0,30.0,1807.7327107341947,21.836533697837387,42.68421655906908,21.5,30.0,0.0,21.172548971528057,44.40892246270075,16.0,30.0,0.0,18.757359227914337,51.561727176281838,12.0,30.0,0.0,20.84473120023345,45.31237322185612,16.0,30.0,0.0,19.622057526739405,48.87266082743946,10.0,30.0,0.0,18.306685264600128,53.0763214362847,16.0,30.0,0.0,18.806009723370587,51.42639495649004,12.0,30.0,0.0,20.15724563389808,0.0,0.0,0.0,19.08433789400494,0.0,0.0,566.5554314283481,564.2792671839052,567.4535265234245,572.6137809709785,645.1078586943149,629.6883062235795,620.1681267463582,639.684870041563,633.903535648806,7925.3262356034169,82.76451296018986,82.76451296018986,60.0,0.0,60.0,60.0,16.0,16.0,16.0,12.0,16.0,12.0,21.0,10.0,1.0,0.0,711.9430560213361,0.0,1807.7327107341947,0.0,0.0,0.0,0.0,0.0,0.0,0.0,0.0,82.76451296018986,82.76451296018986,0.34,0.7689072264119052,0.36028137401965956,82.76451296018986,0.3542647819438875,0.0,0.00156 
 04/02  11:50:00,12.045000000000002,81.5,6.315,232.0,451.6666666666667,0.0,0.0,0.0,0.0,0.0,0.0,0.0,0.0,0.0,0.0,3560.0,0.0,1472.68193175646,94.97404365147493,243.36948843905226,44.158155020081327,1175.3372418946499,0.0,94.97404365147489,129.83671810532133,0.0,0.0,20.96357684891442,-117.58447467531323,21.974759965989713,-400.2069209024671,20.822006471509107,-87.81907728737156,20.82938333614188,2.3432880189653817,18.691144797919045,14.053776538235369,21.367941055783186,-164.2908136935963,19.346904722194986,117.7381699549046,18.14520117298926,59.67028373542263,18.85484604767384,100.31026891813781,563.0783285793873,137.93675797841503,0.0,0.0,0.0,0.0,0.0,0.0,0.0,0.0,0.0,0.0,0.0,0.0,0.0,0.0,0.0,0.0,0.0,0.0,0.0,0.0,0.0,0.0,0.7077401707200444,0.2160379031501967,287.0423032428994,335.72096824556646,5284.3069885238369,0.08268956916794684,0.012620508114766003,200.89103019347557,234.77608708372089,3726.007619051983,0.7578534304109248,0.14320737536109696,153.5926967449255,179.83384662236285,2777.0513050732686,0.1597852078797408,0.030193727868431734,105.99573704013446,124.07544955420579,1897.9908294208299,0.0,0.0,8.180417290802144,9.643141392967465,110.30010382293303,0.0,0.0,68.89211633604346,80.61022508476107,1217.7092650659493,0.0,0.0,237.0645328028973,278.5891288247206,3621.26895482243,0.0,0.0,29.869899198617476,35.27254658598094,374.0038807747801,0.0,0.0,118.84778603462249,140.06358239140296,1628.4895448289718,37.05937123220542,25.41795009067588,288.98038522572406,339.54304031300446,5213.742654690526,0.0,0.0,142.24370433131709,167.40907906819394,2061.2133541224386,0.0,21.30040857054951,44.19069488559393,21.0,30.0,0.0,21.45367759620492,43.81672004761663,16.0,30.0,0.0,21.130858277326675,44.641056091116038,21.0,30.0,0.0,21.078920713667324,44.744573869935617,16.0,30.0,0.0,18.797868670413757,51.43980230001222,12.0,30.0,0.0,20.97000829810885,44.981142887288559,16.0,30.0,0.0,19.72261561394089,48.602107716004017,10.0,30.0,0.0,18.303905245237453,53.07716702090852,16.0,30.0,0.0,18.911685246570899,51.0970783859688,12.0,30.0,0.0,20.020655345484728,0.0,0.0,0.0,19.303009749063614,0.0,0.0,558.4049058325013,552.0256779811882,560.0924028733749,565.0720800232023,633.4678456020179,610.5303352849549,602.1198539859927,621.6380405303104,614.0140890731962,0.0,84.16354833874448,84.16354833874448,60.0,0.0,60.0,60.0,16.0,16.0,16.0,12.0,16.0,12.0,21.0,10.0,1.0,0.0,0.0,0.0,0.0,0.0,0.0,0.0,0.0,0.0,0.0,0.0,0.0,84.16354833874448,84.16354833874448,0.0,0.0,0.0,84.16354833874448,0.0,0.0,0.0015566666666666665 
 04/02  12:00:00,12.23,81.0,6.29,229.0,448.0,0.0,0.0,0.0,0.0,0.0,0.0,0.0,0.0,0.0,0.0,890.0,0.0,1506.7878229518479,93.99316242999193,240.85600133602598,45.180797213776617,1202.5567209593135,0.0,93.99316242999189,128.49577911028559,0.0,0.0,20.741908827686136,84.25508533315406,21.891050561123593,-541.3557405452648,20.723531155204144,-7.434016296008849,20.70593935879876,5.712769833069615,18.725393185601385,12.742165343446345,21.506997956666547,-194.38797175430183,19.350525316983,121.36916874284543,18.142070094290646,58.28864740901281,18.915046025296968,72.18441754523792,428.75289085979969,88.04396012442885,0.0,0.0,0.0,0.0,0.0,0.0,0.0,0.0,0.0,0.0,0.0,0.0,0.0,0.0,0.0,0.0,0.0,0.0,0.0,0.0,0.0,0.0,0.6464177124926309,0.19731920405757967,181.93252541353523,211.935336254084,3168.640405253493,0.08196913166241901,0.012510551230527932,175.00277040268953,203.74196853729735,3095.537022699935,0.7083345054951226,0.1338500577277254,106.16591055613282,123.67783897010553,1853.916032123256,0.144259260346842,0.02725987534898752,76.6412040388907,89.33401929137958,1307.8999707587535,0.0,0.0,8.146032191569209,9.560249232119123,107.63829774177083,0.0,0.0,70.77358402286632,82.41985018127771,1245.0183146361908,0.0,0.0,230.32092447586298,269.49385349446188,3435.1721407502475,0.0,0.0,29.563788787537715,34.76032697583028,359.5778949644902,0.0,0.0,111.62431763861456,130.9347044141603,1507.80640220653,36.49989927462704,25.034224468194137,136.65908317321368,160.03425329383749,2483.2452356190935,0.0,0.0,134.3955464860669,157.41581770288387,1929.9313885103093,0.0,21.007200936644037,45.10341823249383,21.0,30.0,0.0,21.17692950494759,44.69808405542387,16.0,30.0,109.12478721122784,21.002947502778363,45.0470044721542,21.0,30.0,0.0,20.839553982334839,45.44268606871522,16.0,30.0,0.0,18.84467401385637,51.30728466039002,12.0,30.0,0.0,21.11197443262308,44.61270054021602,16.0,30.0,0.0,19.721496042608533,48.6338875540222,10.0,30.0,0.0,18.30565942344226,53.08796554666769,16.0,30.0,0.0,18.995977772816685,50.84688050834201,12.0,30.0,0.0,19.45366603050403,0.0,0.0,0.0,19.421446149826826,0.0,0.0,546.3666635985439,536.4089576187058,556.6231631859678,564.7122793263729,619.025443850535,599.0878507002066,594.4788571680291,606.3640483904939,603.7197699555877,6950.283194767205,83.40907768481266,83.40907768481266,60.0,0.0,60.0,60.0,16.0,16.0,16.0,12.0,16.0,12.0,21.0,10.0,1.0,0.0,0.0,0.0,109.12478721122784,0.0,0.0,0.0,0.0,0.0,0.0,0.0,0.0,83.40907768481266,83.40907768481266,0.34,0.6145550371039164,0.36028137401965956,83.40907768481266,0.3542647819438875,0.0,0.0015533333333333333 
 04/02  12:10:00,12.345000000000003,80.66666666666667,6.285,226.0,444.33333333333339,0.0,0.0,0.0,0.0,0.0,0.0,0.0,0.0,0.0,0.0,3564.0,0.0,1537.3455498918029,92.99905568352902,238.30862080835684,46.097049019810068,1226.9444434915998,0.0,92.99905568352898,127.13675981991236,0.0,0.0,21.170284673626218,-228.60292381754176,22.015852051128193,-124.78494184691943,21.30380623366664,-1169.1083445479006,20.82689007638764,318.48987532061758,18.75001342125816,14.032924113095519,21.60807155543099,-210.75256383504269,19.389843190449218,171.4784041079938,18.144246962269528,70.7520994572001,18.956667552503057,98.27909960365526,655.9627550057567,58.41210990689342,0.0,0.0,0.0,0.0,0.0,0.0,0.0,0.0,0.0,0.0,0.0,0.0,0.0,0.0,0.0,0.0,0.0,0.0,0.0,0.0,0.0,0.0,0.7108549001572929,0.2169886752616889,300.4549747036097,350.34995208541678,5531.097309410467,0.1407925398583502,0.021488482884363583,121.23939865809288,141.54651219343072,2165.6109780340987,0.4606476088314967,0.08704603341487091,371.84792114441736,433.8453046217833,6904.844751424742,0.16599949448572988,0.031368007272435719,230.62776524523827,269.68224104856037,4009.197656255418,0.0,0.0,8.509912467042782,10.025954810488838,110.81058503923784,0.0,0.0,73.55738677433281,85.9948771269375,1284.7224964575456,0.0,0.0,229.94857317053863,270.0828454025508,3403.6491925769935,0.0,0.0,29.637158928490643,34.9848344033597,354.13413534750409,0.0,0.0,106.98723702974562,125.98938120469146,1429.5170174902508,36.66896060730707,25.150178743008973,434.8884988829136,509.786288836735,7419.433605426967,0.0,0.0,129.39608038191774,152.11085064941387,1860.1012270810939,726.8332952568082,21.567069006611349,43.68782489502633,21.5,30.0,0.0,21.350255388590253,44.27122113634559,16.0,30.0,1716.9024841111557,21.790529673235534,43.080789419509219,21.5,30.0,0.0,21.10195115250973,44.87534771830197,16.0,30.0,0.0,18.868093184945868,51.242224267281077,12.0,30.0,0.0,21.171738550028218,44.4764638325158,16.0,30.0,0.0,19.78517475154084,48.492627764098717,10.0,30.0,0.0,18.31801032600201,53.0555570307463,16.0,30.0,0.0,19.0437188317406,50.71203753356084,12.0,30.0,0.0,20.21770304748976,0.0,0.0,0.0,19.552818983289286,0.0,0.0,540.6304559692311,537.4062667496751,542.5872007699435,547.6696795430064,612.589146409857,591.843048006784,584.1948531695059,600.7226048269748,597.0360921181354,8869.756719030538,82.14007233411427,83.826642393742,60.0,0.0,60.0,60.0,16.0,16.0,16.0,12.0,16.0,12.0,21.0,10.0,1.0,0.0,726.8332952568082,0.0,1716.9024841111557,0.0,0.0,0.0,0.0,0.0,2552.502375419656,1531501.4252517936,1989786.3167772012,82.14007233411427,83.85528595238283,0.34008341251398857,0.7661041939394231,0.36028137401965956,83.85528595238283,0.3542647819438875,1989786.3167772012,0.10501888847241446 
 04/02  12:20:00,12.46,80.33333333333334,6.280000000000001,223.0,440.6666666666667,0.0,0.0,0.0,0.0,0.0,0.0,0.0,0.0,0.0,0.0,3564.0,0.0,1564.3870157082004,91.99240558700858,235.72909497929789,46.907867049731439,1248.5258711680752,0.0,91.99240558700854,125.76059281903949,0.0,0.0,21.003654371775029,-87.87976892754205,22.211206893360307,-430.11254452664027,20.81994589052112,-78.82719614544863,20.847412896515224,10.804320951094042,18.783113166471027,16.036364908693316,21.734073386515257,-193.28324892787476,19.47220295699005,137.0919720843067,18.165382875829743,87.37509130038063,19.02520030560362,129.92198433803243,542.8468285853726,61.3307575518304,0.0,0.0,0.0,0.0,0.0,0.0,0.0,0.0,0.0,0.0,0.0,0.0,0.0,0.0,0.0,0.0,0.0,0.0,0.0,0.0,0.0,0.0,0.6299749450952348,0.19230004429036474,296.0198036822336,346.0120578368637,5236.700732311532,0.05851226015359218,0.008930442636384642,208.93665512417963,244.0029651892938,3740.619205100707,0.7349820941089476,0.13888550531159256,167.97381563592138,196.54818073772808,2892.099546550977,0.15662348689565,0.029596274923592206,110.72380843575405,129.5733571313715,1888.2354599417477,0.0,0.0,8.257402534018297,9.726800717611944,106.24101262625793,0.0,0.0,72.85068491294945,85.12025459310778,1272.0224658507712,0.0,0.0,234.86237000925355,275.73744052041089,3471.5744135169836,0.0,0.0,31.77315518957904,37.4992401911842,374.9526365829711,0.0,0.0,113.3398567420689,133.41975268227407,1509.457579896181,36.49263223798344,25.029240218095649,309.78239746514739,363.6765447822984,5321.993205173106,0.0,0.0,137.69374148193166,161.7529740536856,1997.8857051828973,0.0,21.360899870229888,44.33139389231732,21.0,30.0,0.0,21.55507195706572,43.851832769627709,16.0,30.0,0.0,21.12225358496103,44.96903387740842,21.0,30.0,0.0,21.06768162197531,45.07115045384549,16.0,30.0,0.0,18.907223256129897,51.160312443791557,12.0,30.0,0.0,21.288760093222647,44.24042898299758,16.0,30.0,0.0,19.895368725870357,48.25263947415711,10.0,30.0,0.0,18.360799790831434,52.990612858354989,16.0,30.0,0.0,19.140789048854815,50.49893016016003,12.0,30.0,0.0,20.155423939102755,0.0,0.0,0.0,19.741000997932966,0.0,0.0,534.5719529997673,529.6147841162413,535.7396910613279,540.0479775801535,600.5438579635436,576.8279670524256,570.6252303931797,585.8094354416708,580.4950058634008,0.0,81.60540843661724,81.60540843661724,60.0,0.0,60.0,60.0,16.0,16.0,16.0,12.0,16.0,12.0,21.0,10.0,1.0,0.0,0.0,0.0,0.0,0.0,0.0,0.0,0.0,0.0,0.0,0.0,0.0,81.60540843661724,81.60540843661724,0.0,0.0,0.0,81.60540843661724,0.0,0.0,0.0015400000000000002 
 04/02  12:30:00,12.575,80.0,6.275,220.0,437.0,0.0,0.0,0.0,0.0,0.0,0.0,0.0,0.0,0.0,0.0,891.0,0.0,1587.9423424188827,90.97352133667906,233.1182162422071,47.6141545103453,1267.3250441890733,0.0,90.973521336679,124.36770080238024,0.0,0.0,20.816610985713539,105.54417957040096,22.14816421007355,-590.1226740466409,20.726700403652129,21.965583529498873,20.739266929141363,6.320843240279373,18.81961178554787,14.923016004108149,21.863759661541218,-222.01673025175206,19.486359720671556,137.94761488944097,18.188380381371155,83.79870358656763,19.085026500960006,103.81797480484829,430.5531957024241,23.425977143488127,0.0,0.0,0.0,0.0,0.0,0.0,0.0,0.0,0.0,0.0,0.0,0.0,0.0,0.0,0.0,0.0,0.0,0.0,0.0,0.0,0.0,0.0,0.5829333578479695,0.17794058542367814,199.30544716229404,231.96638622401728,3376.0959225759818,0.05536192754738328,0.008449622641542016,194.40621091103905,226.10372954693913,3359.735517338958,0.7104448603290358,0.13424883982030159,140.42180156236439,163.50388006763763,2350.7770325805479,0.14534158781733728,0.02746439679088005,77.52328704383301,90.31245841809603,1272.1273720850659,0.0,0.0,8.263699356198169,9.690406069601102,105.23953256286953,0.0,0.0,74.59128837828631,86.73428092699156,1305.2288618283415,0.0,0.0,229.26914685539203,267.96788516042889,3344.258360009028,0.0,0.0,31.454566822169015,36.9547260519931,366.60244575389808,0.0,0.0,107.1842852282679,125.57273459150624,1420.5849732630298,36.16688931282088,24.80582257395123,156.366995966013,182.90645098110003,2697.726846095974,0.0,0.0,131.0126978970191,153.1610894807541,1898.5001601220993,0.0,21.1237462970877,45.08871458978598,21.0,30.0,0.0,21.325781726233353,44.62444499477864,16.0,30.0,80.2499574384729,21.002129913378228,45.353063914243268,21.0,30.0,0.0,20.85755429592698,45.68051971321442,16.0,30.0,0.0,18.95441166634147,51.07402163059677,12.0,30.0,0.0,21.422772550469924,43.933493022190678,16.0,30.0,0.0,19.908894575197459,48.26109364488474,10.0,30.0,0.0,18.400378227469646,52.936846149433218,16.0,30.0,0.0,19.221086712839658,50.30174130717114,12.0,30.0,0.0,19.640347936009606,0.0,0.0,0.0,19.845845063284068,0.0,0.0,525.6088328389442,517.2743820172677,532.2974394281038,539.4992403871974,586.7000827069867,567.7741938087077,564.3227117620317,573.8687811902099,572.0677154874445,9282.69737097677,81.86708045491975,81.86708045491976,60.0,0.0,60.0,60.0,16.0,16.0,16.0,12.0,16.0,12.0,21.0,10.0,1.0,0.0,0.0,0.0,80.2499574384729,0.0,0.0,0.0,0.0,0.0,0.0,0.0,0.0,81.86708045491975,81.86708045491975,0.34,0.6186079936365782,0.36028137401965956,81.86708045491975,0.3542647819438875,0.0,0.00153 
 04/02  12:40:00,12.690000000000002,79.66666666666667,6.27,227.66666666666667,412.0,0.0,0.0,0.0,0.0,0.0,0.0,0.0,0.0,0.0,0.0,3568.0,0.0,1581.9386255855125,91.9671411411815,235.6642375773278,47.43412546047621,1262.533427198181,0.0,91.96714114118146,125.72605440617612,0.0,0.0,20.863945032143229,197.70099300637527,22.237478412674535,-269.79938712389829,21.334433798986074,-1249.1102097600897,20.875194651994513,329.9055795878876,18.844622974268295,16.018006598429069,21.945907298853969,-232.99687170793573,19.51927949048335,161.65792594720325,18.20405092985264,92.19004374252569,19.127810300313525,123.61440456013054,558.4914032902332,4.551505697873154,0.0,0.0,0.0,0.0,0.0,0.0,0.0,0.0,0.0,0.0,0.0,0.0,0.0,0.0,0.0,0.0,0.0,0.0,0.0,0.0,0.0,0.0,0.6470651861292016,0.1975168455827844,227.92855317336433,266.31757086000558,3889.2892491965915,0.1168716745719802,0.01783755716910565,90.90054206183605,106.21549006096623,1567.6377531748725,0.41480030903724376,0.07838252249381025,353.8206392944312,412.64075539409836,6354.01488698371,0.15757491832596749,0.029776061664015014,230.47454310623324,269.361929103234,3866.8951352900037,0.0,0.0,8.442629467202242,9.939638575932188,105.87361069596571,0.0,0.0,76.50560248918478,89.3109862716783,1328.007195406816,0.0,0.0,226.923578850412,266.27250639672209,3275.3073700581164,0.0,0.0,30.78064713424014,36.30785903098202,352.74721002614447,0.0,0.0,103.64242017977183,121.90478355213819,1357.768522363606,36.281820973804538,24.88465087366567,366.4102290930046,429.4476347899074,6051.265606562172,0.0,0.0,126.74449938778844,148.72332158696563,1833.8365474940172,0.0,21.283036471830259,44.72951006689822,21.0,30.0,0.0,21.45832453972953,44.305662498293859,16.0,30.0,1738.7116702154374,21.806860966364558,43.32821873308737,21.5,30.0,0.0,21.143434347798846,45.05982543507218,16.0,30.0,0.0,18.976640700081185,51.034023454394489,12.0,30.0,0.0,21.475144934436618,43.837738643830238,16.0,30.0,0.0,19.953179766902616,48.198204183453807,10.0,30.0,0.0,18.42229511161036,52.89524558324806,16.0,30.0,0.0,19.265129720587898,50.20336027157694,12.0,30.0,0.0,20.087159594624564,0.0,0.0,0.0,19.958056767505508,0.0,0.0,521.908562551881,516.7029017715324,522.4826730884275,526.2755339853886,580.9432302893533,561.8719436219396,556.7419148876836,569.2829956026698,566.6107493282063,5376.328677341215,81.68587330260626,83.59360327826554,60.0,0.0,60.0,60.0,16.0,16.0,16.0,12.0,16.0,12.0,21.0,10.0,1.0,0.0,0.0,0.0,1738.7116702154374,0.0,0.0,0.0,0.0,0.0,2886.840972319669,1732104.5833918015,2257814.1511415599,81.68587330260626,83.62600286648112,0.18122803241065567,0.3830057269508358,0.18014068700982978,83.62600286648112,0.17713239097194376,2257814.1511415599,0.11892633585936112 
 04/02  12:50:00,12.805,79.33333333333334,6.265,235.33333333333332,387.0,0.0,0.0,0.0,0.0,0.0,0.0,0.0,0.0,0.0,0.0,1786.0,0.0,1570.392960922596,92.94269933104742,238.1639749480579,47.087923716277298,1253.3188397762338,0.0,92.94269933104738,127.05971641342701,0.0,0.0,20.834068332193966,141.6362599793256,22.405418647935826,-393.9894238117124,20.663479760553324,-137.9530619638099,20.917396692587809,6.77418013282022,18.876519536294567,16.22228222589584,22.038087395610647,-237.74357781653885,19.568614532289759,152.2651227028391,18.232356956769686,97.96557599213657,19.18612965968913,124.18800455948667,550.2184206706024,-13.291336033995322,0.0,0.0,0.0,0.0,0.0,0.0,0.0,0.0,0.0,0.0,0.0,0.0,0.0,0.0,0.0,0.0,0.0,0.0,0.0,0.0,0.0,0.0,0.5744977694006241,0.17536561947516,262.6035475305165,306.28916783937219,4385.967409292501,0.061331759603261048,0.009360769170216889,159.5281238395105,185.57317983461358,2787.242913417261,0.6287827245359186,0.11881759722900959,421.76156202793217,492.54359618425476,6711.028896122905,0.1314272922408047,0.02483508923673558,235.55124194376169,274.8685608016817,3883.2244887617509,0.0,0.0,8.387095592362826,9.858345573727032,103.85527503573653,0.0,0.0,77.03225903843536,89.75572018163666,1332.6878634113865,0.0,0.0,227.55191310475488,266.53788364794209,3261.132775871197,0.0,0.0,31.76448422971732,37.40277643475467,359.4261245700052,0.0,0.0,103.39074781099268,121.39047114422798,1345.3219906106838,36.11377960044277,24.769396159425779,444.3457779678017,519.9144259960497,7142.719681738168,0.0,0.0,127.31000478408895,149.0934006018831,1842.071255287538,0.0,21.249585025627629,44.84455685302696,21.0,30.0,0.0,21.675690465685645,43.743435684984877,16.0,30.0,66.69967890403039,20.838156726023308,46.008625862580448,21.0,30.0,0.0,21.143558784481408,45.141014758692019,16.0,30.0,0.0,19.01293255405829,50.979072986156968,12.0,30.0,0.0,21.562488707252848,43.65592521487693,16.0,30.0,0.0,20.017897543548565,48.03827992663524,10.0,30.0,0.0,18.464833266454215,52.81478192377975,16.0,30.0,0.0,19.33676826912574,50.03415505527748,12.0,30.0,0.0,20.32018316348656,0.0,0.0,0.0,20.075646607670813,0.0,0.0,520.4943679682162,516.5649205209961,519.5171823531483,520.6226388703965,571.7793991990511,555.693160356401,552.9582115170294,562.3089602113735,560.3478135289017,4496.021253779598,82.26808288776457,82.26808288776457,60.0,0.0,60.0,60.0,16.0,16.0,16.0,12.0,16.0,12.0,21.0,10.0,1.0,0.0,0.0,0.0,66.69967890403039,0.0,0.0,0.0,0.0,0.0,0.0,0.0,0.0,82.26808288776457,82.26808288776457,0.17,0.30859704149177749,0.18014068700982978,82.26808288776457,0.17713239097194376,0.0,0.0015133333333333334 
 04/02  13:00:00,12.92,79.0,6.26,243.0,362.0,0.0,0.0,0.0,0.0,0.0,0.0,0.0,0.0,0.0,0.0,3576.0,0.0,1485.1446995402546,93.83511173311637,240.45065445759088,44.53178819836537,1185.2830250444015,0.0,93.83511173311632,128.27971182508197,0.0,0.0,20.875913746821547,215.51457134227509,22.420545870037068,-382.98703399932335,21.30275853018279,-1048.3993362205904,20.91963450558888,261.55537715716448,18.89826964749549,17.38095859419076,22.09267527681881,-237.926732977754,19.608580511232846,165.95938234789447,18.260498920271425,103.50765679532509,19.238435905922644,135.3592294342584,557.4795992404734,-21.143012901224439,0.0,0.0,0.0,0.0,0.0,0.0,0.0,0.0,0.0,0.0,0.0,0.0,0.0,0.0,0.0,0.0,0.0,0.0,0.0,0.0,0.0,0.0,0.5883628347519907,0.17959793490598009,271.71070985679065,317.2846298024573,4543.446430397093,0.07870025487127164,0.012011638411366245,154.83175684871629,180.6719715611161,2666.8919324805799,0.47408541689305036,0.08958530175605642,390.184971946109,454.99807170644479,6889.4867382045599,0.15592892871590137,0.029465028102022167,236.86942524852933,276.7229422960806,3871.2199100540549,0.0,0.0,8.442866869784956,9.935110113629925,102.94859015312427,0.0,0.0,77.57902146194388,90.49237986278065,1332.971621010206,0.0,0.0,226.4291942829051,265.5127097979736,3214.7876169173548,0.0,0.0,31.590548602071594,37.242847490822729,352.4545843360616,0.0,0.0,102.39780719181666,120.35196349988404,1320.507895832656,36.11861890595564,24.772715299009364,449.692817474653,526.6906705918573,7270.5473332328569,0.0,0.0,126.00383630284108,147.7010894060288,1818.9000806783218,0.0,21.365156451853843,44.6026164493764,21.0,30.0,0.0,21.668515494554727,43.834098028740047,16.0,30.0,1501.0073866527376,21.815638276942985,43.432033586024768,21.5,30.0,0.0,21.166613910569713,45.15963784134807,16.0,30.0,0.0,19.035154254658335,50.954577779545207,12.0,30.0,0.0,21.62249603436704,43.544538733527939,16.0,30.0,0.0,20.06911444664908,47.957513988875209,10.0,30.0,0.0,18.503316178086103,52.743591038828089,16.0,30.0,0.0,19.396806977351976,49.90490853683467,12.0,30.0,0.0,20.432492072630035,0.0,0.0,0.0,20.178668181588905,0.0,0.0,516.4450407637415,512.5679643897437,514.6368599615822,515.75318219053,565.5540763251023,550.232182222682,546.3335500979738,556.6281188528234,554.4442832592822,5395.222437743667,81.54822051184888,83.43366990099969,60.0,0.0,60.0,60.0,16.0,16.0,16.0,12.0,16.0,12.0,21.0,10.0,1.0,0.0,0.0,0.0,1501.0073866527376,0.0,0.0,0.0,0.0,0.0,2853.1621975257037,1711897.318515422,2232069.7510076325,81.54822051184888,83.46569109088988,0.1801054065841901,0.3828757968121729,0.18014068700982978,83.46569109088988,0.17713239097194376,2232069.7510076325,0.11757429371906354 
 04/02  13:10:00,13.008333333333333,78.66666666666667,6.195,250.66666666666667,337.0,0.0,0.0,0.0,0.0,0.0,0.0,0.0,0.0,0.0,0.0,1790.0,0.0,1464.8352328930703,94.75494377854159,242.8075944394446,43.92280813206483,1169.074140829281,0.0,94.75494377854155,129.5371919680185,0.0,0.0,20.855301008610366,164.29442753580225,22.491622492219674,-438.3836365064212,20.754386319020566,-73.28532360474947,20.96831993801309,24.9835069239939,18.924128338856634,17.662386236451569,22.157892012884333,-240.9107398956744,19.653892712127225,157.9595327572606,18.294122657392387,107.2433894003583,19.296609119901626,133.28910381098627,542.5063843025864,-34.15667738710226,0.0,0.0,0.0,0.0,0.0,0.0,0.0,0.0,0.0,0.0,0.0,0.0,0.0,0.0,0.0,0.0,0.0,0.0,0.0,0.0,0.0,0.0,0.5482009527217022,0.16733850815680779,263.0561101493473,306.75026107040505,4324.470838073297,0.04860191486214582,0.007417874673709681,187.25308435352162,217.8450617770661,3223.7074042666347,0.613125354444775,0.11585891051488571,376.22997655888897,439.16852328084698,5906.455747638553,0.13630499520666504,0.025756801815318404,216.56576560255787,252.66993327540804,3507.4875081461,0.0,0.0,8.389975162904545,9.85774709974373,101.27892140624032,0.0,0.0,77.8021140177492,90.59366584777314,1333.3087584681076,0.0,0.0,225.92150981031905,264.4719238848845,3192.740746671281,0.0,0.0,32.17995467860382,37.87292764301027,356.33001214288688,0.0,0.0,101.56315139581453,119.16511443010737,1305.8004595729086,35.733191293586788,24.508361655409325,426.6723050606954,499.05132707452398,6797.986753296331,0.0,0.0,125.61742174056004,146.97863988295496,1814.8854084714263,0.0,21.323412096154649,44.76772326570196,21.0,30.0,0.0,21.749658966774694,43.672879233109757,16.0,30.0,0.0,20.943457562835254,45.8351633856236,21.0,30.0,0.0,21.19254200664203,45.13861569978431,16.0,30.0,0.0,19.06190533863808,50.93566094614154,12.0,30.0,0.0,21.688623447403147,43.42183371786944,16.0,30.0,0.0,20.12474641090219,47.83467345397977,10.0,30.0,0.0,18.54937547581366,52.65654676134167,16.0,30.0,0.0,19.466300836644434,49.74606896182513,12.0,30.0,0.0,20.423827840746627,0.0,0.0,0.0,20.274650298335716,0.0,0.0,513.6328021719089,509.85282369377657,512.8890761207525,513.1853495514887,558.2627624107838,545.054711189877,542.6766933971534,550.8674671587112,549.2768520384951,0.0,82.22656068665957,82.22656068665957,60.0,0.0,60.0,60.0,16.0,16.0,16.0,12.0,16.0,12.0,21.0,10.0,1.0,0.0,0.0,0.0,0.0,0.0,0.0,0.0,0.0,0.0,0.0,0.0,0.0,82.22656068665957,82.22656068665957,0.0,0.0,0.0,82.22656068665957,0.0,0.0,0.0015 
 04/02  13:20:00,13.096666666666668,78.33333333333334,6.130000000000001,258.33333333333339,312.0,0.0,0.0,0.0,0.0,0.0,0.0,0.0,0.0,0.0,0.0,3584.0,0.0,1440.7641346307383,95.65597945977116,245.1163696069584,43.20103749459455,1149.863139843073,0.0,95.65597945977112,130.76897605605783,0.0,0.0,20.85492748271011,205.09956769781366,22.476081802934958,-462.73419834876179,21.266247685794597,-820.4362225863206,20.927496162346495,212.21078387460944,18.946161606241778,18.349056119720247,22.207702199637504,-241.06652322591379,19.684892498271958,162.14776125653044,18.32399721039269,110.70779124782826,19.343400959656579,139.692133017777,536.820745774281,-39.96229520635711,0.0,0.0,0.0,0.0,0.0,0.0,0.0,0.0,0.0,0.0,0.0,0.0,0.0,0.0,0.0,0.0,0.0,0.0,0.0,0.0,0.0,0.0,0.5434164980085361,0.16587805189515757,280.83065959398439,327.64331588057277,4574.219663022136,0.05853234803474117,0.008933508552310925,180.89316953800654,211.04278225367237,3058.9233729707204,0.498107909252127,0.09412469940516387,369.19553006547076,430.0874855938323,6288.299100381166,0.154026647664224,0.029105564562400597,233.0784506393574,272.0238526087531,3703.1847670910949,0.0,0.0,8.337040448566003,9.807584814959462,99.4898826524119,0.0,0.0,78.22636183227154,91.19643866793851,1333.7120189856435,0.0,0.0,222.89714407704944,261.2536398169796,3125.013783322047,0.0,0.0,31.8528272254279,37.53701808587739,349.3767717164143,0.0,0.0,99.76303632416327,117.18835521226402,1275.1032724656039,35.44438548750875,24.310278112145924,454.6634593760692,531.7605621812861,7200.369959110129,0.0,0.0,123.37077417486245,144.5057856550936,1780.1260535048696,0.0,21.33054255421061,44.855721166511717,21.0,30.0,0.0,21.682729962732848,43.949416994387068,16.0,30.0,1340.0059278790323,21.73653552274157,43.76888404613989,21.5,30.0,0.0,21.109808809179595,45.45798759804814,16.0,30.0,0.0,19.08284784471354,50.92086069659557,12.0,30.0,0.0,21.736329896560254,43.352857891209598,16.0,30.0,0.0,20.159356598839805,47.81176676847085,10.0,30.0,0.0,18.58792477911551,52.58990990828672,16.0,30.0,0.0,19.519464662341599,49.644041507044068,12.0,30.0,0.0,20.48027125755057,0.0,0.0,0.0,20.357774141893797,0.0,0.0,508.0678444823987,504.83842054897368,507.5875826162893,508.63634525212685,553.1305588449112,539.9640972586237,536.6849915969083,545.9623739826344,544.0984828679686,6564.540752524251,82.03503399517644,82.03503399517644,60.0,0.0,60.0,60.0,16.0,16.0,16.0,12.0,16.0,12.0,21.0,10.0,1.0,0.0,0.0,0.0,1340.0059278790323,0.0,0.0,0.0,0.0,0.0,0.0,0.0,0.0,82.03503399517644,82.03503399517644,0.255,0.5771981138577431,0.27021103051474468,82.03503399517644,0.2656985864579156,0.0,0.0015 
 04/02  13:30:00,13.184999999999999,78.0,6.0649999999999999,266.0,287.0,0.0,0.0,0.0,0.0,0.0,0.0,0.0,0.0,0.0,0.0,1792.0,0.0,1413.3493385246155,96.53924089947832,247.3795997206261,42.37900790207196,1127.9835713951625,0.0,96.53924089947827,131.97646140838629,0.0,0.0,20.858701333824564,152.62744977002149,22.521091413288475,-445.88335508743605,20.81777401797992,-115.53885376044127,21.008765131071756,11.838547412704429,18.972390306906879,18.47060311127302,22.25950606029535,-244.93225467018716,19.722758774241947,161.43970050813096,18.35835373146589,113.04114265840997,19.397054346556545,135.53942231973475,511.0896075010787,-51.93084174987007,0.0,0.0,0.0,0.0,0.0,0.0,0.0,0.0,0.0,0.0,0.0,0.0,0.0,0.0,0.0,0.0,0.0,0.0,0.0,0.0,0.0,0.0,0.5248239018733025,0.16020265624948186,255.96214985021329,298.4480006200278,4120.61423034972,0.045386730119654227,0.006927156611668837,192.31596104632033,223.74900463804236,3241.051058417511,0.5814658092154503,0.10987638118205794,340.78649740752948,397.6756348961602,5281.667849170844,0.13448478217478095,0.025412846215944988,200.81226018254956,234.28211444167136,3190.394720643433,0.0,0.0,8.323072223195159,9.775783637121565,98.30358353320298,0.0,0.0,78.43834804238003,91.28859216447705,1331.4889769161308,0.0,0.0,221.78274621986808,259.5140665697678,3089.51851964953,0.0,0.0,32.1937203045337,37.87257098640377,350.2249353782844,0.0,0.0,98.09578854727404,115.03401566612264,1248.158218518351,35.08309862097877,24.06248190739285,405.54474998757066,474.26997720186525,6357.400661386939,0.0,0.0,121.92753307697633,142.55911250898837,1757.0896353885747,0.0,21.32820348673806,44.89345609049013,21.0,30.0,0.0,21.740638391956684,43.83121608768947,16.0,30.0,0.0,21.023060333548118,45.746900022361597,21.0,30.0,0.0,21.20795615280614,45.236843212291237,16.0,30.0,0.0,19.109290518940417,50.90715992770285,12.0,30.0,0.0,21.78707491430569,43.27594766330054,16.0,30.0,0.0,20.20243181698126,47.73363913403979,10.0,30.0,0.0,18.63078178092827,52.5182535924486,16.0,30.0,0.0,19.57929534692324,49.52115204419667,12.0,30.0,0.0,20.461181368050214,0.0,0.0,0.0,20.437853050433789,0.0,0.0,506.58217263642509,503.217619872667,506.24416030588398,506.13877503260599,546.9428411353765,535.2407086024539,533.0984897790316,540.7957560802528,539.3691879079839,0.0,81.48774656133725,81.48774656133725,60.0,0.0,60.0,60.0,16.0,16.0,16.0,12.0,16.0,12.0,21.0,10.0,1.0,0.0,0.0,0.0,0.0,0.0,0.0,0.0,0.0,0.0,0.0,0.0,0.0,81.48774656133725,81.48774656133725,0.0,0.0,0.0,81.48774656133725,0.0,0.0,0.0015 
 04/02  13:40:00,13.273333333333334,77.66666666666666,6.0,266.0,267.1666666666667,0.0,0.0,0.0,0.0,0.0,0.0,0.0,0.0,0.0,0.0,3588.0,0.0,1376.9034931271902,95.6024364114242,244.9789821161528,41.28618249076547,1098.8963730182809,0.0,95.60243641142415,130.69577864961449,0.0,0.0,20.860567359375563,206.62744820686795,22.509039881969174,-456.82372098261478,21.287311907159585,-769.6822200778418,20.97429170946843,201.09872045587918,18.994099737622997,19.03647564698842,22.296298455237126,-243.37332181279715,19.75357018696189,162.82840645313719,18.388303114354728,115.45417450215251,19.439599662836377,140.74833497358794,514.9623395375465,-56.31634562912882,0.0,0.0,0.0,0.0,0.0,0.0,0.0,0.0,0.0,0.0,0.0,0.0,0.0,0.0,0.0,0.0,0.0,0.0,0.0,0.0,0.0,0.0,0.5257111241526975,0.16047348112109204,279.4735871735532,325.988793001106,4456.646526108647,0.053725648541950807,0.00819988530860055,182.15809210335338,212.46419403703903,3020.921000582638,0.4718216542149396,0.08915753103078983,350.8603784177126,408.58470655845789,5857.752819233725,0.14769367145070876,0.027908857039060605,221.09421977422,257.9254096798623,3449.578900979542,0.0,0.0,8.270426763833532,9.726076197940167,96.52613106206246,0.0,0.0,78.54280921132058,91.52325205715053,1324.6617698865999,0.0,0.0,219.10379309651496,256.69687860773828,3027.2444348501737,0.0,0.0,31.84102841779139,37.5065843679306,342.9307666650533,0.0,0.0,96.70617206112087,113.53689702113864,1221.8661638406744,34.80905559876966,23.8745237302947,441.9133521055379,516.6355193432523,6875.523250359316,0.0,0.0,120.1157334264829,140.59581826047467,1726.3029814670475,0.0,21.335043523344664,44.98276988751448,21.0,30.0,0.0,21.69600257538746,44.05307571651435,16.0,30.0,1269.4257791369997,21.736603390840356,43.90272011478352,21.5,30.0,0.0,21.14043829258207,45.509665320415859,16.0,30.0,0.0,19.12928848945235,50.89918209465214,12.0,30.0,0.0,21.82334653559098,43.23973445129348,16.0,30.0,0.0,20.236018411541676,47.714023340108557,10.0,30.0,0.0,18.667123999328994,52.464606121165378,16.0,30.0,0.0,19.625464677731846,49.44622254017566,12.0,30.0,0.0,20.517424702848265,0.0,0.0,0.0,20.51038851206247,0.0,0.0,501.37974038381659,498.31714635074038,501.0750852058466,502.13097140537266,542.4427559746687,530.6468675716411,527.7994954797063,536.2766647312068,534.6046381305401,6634.901727982815,81.99623157563332,81.99623157563332,60.0,0.0,60.0,60.0,16.0,16.0,16.0,12.0,16.0,12.0,21.0,10.0,1.0,0.0,0.0,0.0,1269.4257791369997,0.0,0.0,0.0,0.0,0.0,0.0,0.0,0.0,81.99623157563332,81.99623157563332,0.255,0.5772844779482396,0.27021103051474468,81.99623157563332,0.2656985864579156,0.0,0.0015 
 04/02  13:50:00,13.361666666666667,77.33333333333334,5.935,266.0,247.33333333333332,0.0,0.0,0.0,0.0,0.0,0.0,0.0,0.0,0.0,0.0,1794.0,0.0,1337.75345904582,94.67183460223889,242.5942594045987,40.1122735338402,1067.6509930436105,0.0,94.67183460223883,129.42357542311096,0.0,0.0,20.871759684705226,154.60317447620583,22.54852387845036,-442.1228977374931,20.854756230108199,-116.37941013818818,21.049941370451366,9.126972147458219,19.019361345818,19.118850399367177,22.333622602950319,-245.2490833496356,19.78894054376939,162.14543647310075,18.422311596409459,117.35101979696072,19.488637262105234,136.69755686269265,491.6394142683466,-65.72618391529113,0.0,0.0,0.0,0.0,0.0,0.0,0.0,0.0,0.0,0.0,0.0,0.0,0.0,0.0,0.0,0.0,0.0,0.0,0.0,0.0,0.0,0.0,0.5058426440810989,0.15440862151437696,256.5234530869243,299.0375194054816,4045.7504507187325,0.038410764336880637,0.005862448769365177,193.98495421367785,225.64130894420897,3207.693601558697,0.5584512306842355,0.10552744343995382,331.742628437917,387.01891573148648,5044.69953543586,0.12915414927025566,0.02440554596943606,195.1856803063459,227.65953628267989,3041.616462300636,0.0,0.0,8.252533109461926,9.689800023065333,95.27641900911762,0.0,0.0,78.59876562462783,91.43661281728424,1317.9306558583792,0.0,0.0,218.12969299431539,255.132725531835,2992.3217974636647,0.0,0.0,32.16397768997333,37.821183071277719,343.392197696573,0.0,0.0,95.24754000189003,111.63665471371079,1196.778294218961,34.452386879970877,23.6298949794039,401.9750892223417,469.9372174685853,6183.704276623058,0.0,0.0,118.86835926429865,138.89166251001013,1703.5078461722206,0.0,21.341694799578876,44.99596921060482,21.0,30.0,0.0,21.758059800659049,43.91940549924206,16.0,30.0,0.0,21.054176038902989,45.80058404294874,21.0,30.0,0.0,21.233736247141253,45.302422630096078,16.0,30.0,0.0,19.15384344062445,50.895199424224689,12.0,30.0,0.0,21.861916662038433,43.19663969163359,16.0,30.0,0.0,20.27452401467095,47.65177911307809,10.0,30.0,0.0,18.707951795530478,52.403735593013639,16.0,30.0,0.0,19.67886224658017,49.34673074828649,12.0,30.0,0.0,20.51088098712276,0.0,0.0,0.0,20.578633552323198,0.0,0.0,499.95922825607468,496.9668450493907,499.7239893791368,499.72790580426575,536.9808870560171,526.3882382551096,524.4922308375427,531.556691471812,530.2778031953366,0.0,81.51867575984578,81.51867575984578,60.0,0.0,60.0,60.0,16.0,16.0,16.0,12.0,16.0,12.0,21.0,10.0,1.0,0.0,0.0,0.0,0.0,0.0,0.0,0.0,0.0,0.0,0.0,0.0,0.0,81.51867575984578,81.51867575984578,0.0,0.0,0.0,81.51867575984578,0.0,0.0,0.0015 
 04/02  14:00:00,13.45,77.0,5.87,266.0,227.5,0.0,0.0,0.0,0.0,0.0,0.0,0.0,0.0,0.0,0.0,897.0,0.0,1225.421535257948,93.74828165775513,240.22760037731067,36.74404434188141,977.9999607480601,0.0,93.74828165775509,128.16100852906238,0.0,0.0,20.849243828495607,162.69812552181066,22.44917280063187,-555.0275182416572,20.8049990294316,65.71777280043898,20.925495748627289,-27.64570397070952,19.036611639488649,19.221171590539258,22.337825352247795,-242.34884314692409,19.819050810817705,157.5616745767784,18.457521342566829,118.0497770676634,19.53326806838304,133.5423998144547,417.057103685951,-70.37551378645822,0.0,0.0,0.0,0.0,0.0,0.0,0.0,0.0,0.0,0.0,0.0,0.0,0.0,0.0,0.0,0.0,0.0,0.0,0.0,0.0,0.0,0.0,0.47830859221959107,0.14600384377887397,227.87525045834046,264.79648852601539,3534.586323767954,0.0,0.0,226.42340525866858,262.8332290887668,3634.398980195918,0.6432820994173166,0.1215574639866434,183.0422775880626,212.8971099090353,2747.7455710452147,0.1286697239330252,0.024314006790065225,30.511546314850138,35.492438120720908,456.12584344017167,0.0,0.0,8.134360777065313,9.5223022991302,92.78503250465141,0.0,0.0,78.59028379935906,91.15002131140258,1308.2663553668895,0.0,0.0,216.87237243458254,252.88397620156364,2951.7568256133788,0.0,0.0,32.425620231977799,38.01204545968528,343.47611853941546,0.0,0.0,94.62784576734487,110.56031211217375,1182.3152814858316,33.96590938238837,23.2962341442993,205.9337928470986,240.26700741506023,3154.5033874635998,0.0,0.0,118.34154441713014,137.83846688293986,1689.2022020085054,0.0,21.295231858494274,45.171108125626279,21.0,30.0,0.0,21.593868463963135,44.49122498425766,16.0,30.0,0.0,21.024808187208579,45.88877191672289,21.0,30.0,0.0,20.987131397366999,46.016682488039979,16.0,30.0,0.0,19.17068048081668,50.91724685159191,12.0,30.0,0.0,21.88639585891083,43.18818907480434,16.0,30.0,0.0,20.30678515446332,47.6101045635369,10.0,30.0,0.0,18.753377005376608,52.32426147934608,16.0,30.0,0.0,19.73031830632772,49.249688338758449,12.0,30.0,0.0,20.096709789751214,0.0,0.0,0.0,20.636898385979785,0.0,0.0,497.85467585648669,490.6758178214118,499.78110777753985,499.26752384273819,531.7657783025409,522.4029772380294,521.1324006740523,527.3447093614796,526.4090729744855,0.0,81.51867575984578,81.51867575984578,60.0,0.0,60.0,60.0,16.0,16.0,16.0,12.0,16.0,12.0,21.0,10.0,1.0,0.0,0.0,0.0,0.0,0.0,0.0,0.0,0.0,0.0,0.0,0.0,0.0,81.51867575984578,81.51867575984578,0.0,0.0,0.0,81.51867575984578,0.0,0.0,0.0015 
 04/02  14:10:00,13.443333333333334,77.0,5.828333333333333,266.0,207.66666666666667,0.0,0.0,0.0,0.0,0.0,0.0,0.0,0.0,0.0,0.0,897.0,0.0,1182.4572531040317,92.6120550727247,237.31597895298695,35.45576763427495,943.7104768056447,0.0,92.61205507272466,126.60770064458676,0.0,0.0,20.767092088466879,108.79012160496314,22.382074182498049,-537.7116142992127,20.77068249926834,69.18462793540039,20.892631598464896,2.8132978673843356,19.054428116088407,19.522338051569706,22.342135040798615,-241.82905958668654,19.84438337793124,157.29859750616016,18.48602614679945,119.11132041005453,19.56984945566965,131.87273863095516,366.63165661800397,-74.95592073073203,0.0,0.0,0.0,0.0,0.0,0.0,0.0,0.0,0.0,0.0,0.0,0.0,0.0,0.0,0.0,0.0,0.0,0.0,0.0,0.0,0.0,0.0,0.43186508682184868,0.1318269495793189,212.2754377474304,246.78647338887024,3226.965777204728,0.010178911498980882,0.0015535579210898784,193.84643332240695,225.072656143635,3079.746283876707,0.650810917132224,0.12298014307109302,170.15142592836714,197.90706835194147,2548.9852461369748,0.13489643206496344,0.025490633421194898,79.01698017907259,91.92826656480003,1171.1208426996553,0.0,0.0,8.15506983571692,9.5454162458016,93.33404397002147,0.0,0.0,78.34030161451867,90.85133336381262,1306.211000412185,0.0,0.0,214.72573858706665,250.34270649239938,2935.0929226644709,0.0,0.0,32.360902903621838,37.92915267738727,345.28217858423428,0.0,0.0,92.65965014364467,108.23926974336144,1165.541104888718,33.86176763558051,23.22480633441737,175.05545188014936,204.32589528871814,2690.805930393822,0.0,0.0,116.20756068118385,135.32216725924017,1670.5585478627818,0.0,21.128649151640756,45.74969121560459,21.0,30.0,0.0,21.501600112299785,44.773784847489078,16.0,30.0,13.110811073041303,21.000042111173785,45.98294156751085,21.0,30.0,0.0,20.93365482459876,46.12627594760418,16.0,30.0,0.0,19.183920471729715,50.927562407499767,12.0,30.0,0.0,21.89410865884894,43.20197032708812,16.0,30.0,0.0,20.330629531050627,47.581898272765247,10.0,30.0,0.0,18.786334222123388,52.2673404548179,16.0,30.0,0.0,19.767377788587944,49.181876247721209,12.0,30.0,0.0,19.951099687670007,0.0,0.0,0.0,20.683255172751126,0.0,0.0,492.35292581965657,489.9537164428733,498.6842224269714,501.07470222909566,528.2950893012727,520.1334431775947,518.5424820625387,524.2880916184342,523.5341658047252,9046.879840018115,82.02301417368844,82.02301417368844,60.0,0.0,60.0,60.0,16.0,16.0,16.0,12.0,16.0,12.0,21.0,10.0,1.0,0.0,0.0,0.0,13.110811073041303,0.0,0.0,0.0,0.0,0.0,0.0,0.0,0.0,82.02301417368844,82.02301417368844,0.34,0.6187505868051882,0.36028137401965956,82.02301417368844,0.3542647819438875,0.0,0.0015 
 04/02  14:20:00,13.436666666666668,77.0,5.786666666666667,266.0,187.83333333333332,0.0,0.0,0.0,0.0,0.0,0.0,0.0,0.0,0.0,0.0,3592.0,0.0,1138.3033578441846,91.46286904280909,234.37115199293914,34.13182134250599,908.4715795236782,0.0,91.46286904280905,125.03667621643597,0.0,0.0,20.85847589526774,229.42705628612362,22.390352854425374,-321.0286549307885,21.357578473321419,-1023.6527426706136,21.030416856122416,300.1573283675018,19.071130003385826,20.0190252180048,22.34170172375363,-237.74710969375827,19.862697165260273,159.8756474506281,18.508192766571754,118.56085789351443,19.602024498926637,134.57970249294864,502.2648185116186,-76.06531626200604,0.0,0.0,0.0,0.0,0.0,0.0,0.0,0.0,0.0,0.0,0.0,0.0,0.0,0.0,0.0,0.0,0.0,0.0,0.0,0.0,0.0,0.0,0.55326021716601,0.16888285017277475,252.63558388262858,294.8659987435237,3949.792217979838,0.08134766566110786,0.012415699887226475,123.3547931614029,143.9477656545781,1970.2476507667812,0.3619840628598198,0.06840212828038926,346.45415184703969,403.6265960772872,5725.271676007046,0.14037740868621199,0.026526343289155695,214.03288464346699,249.79668781678888,3308.6868190970765,0.0,0.0,8.16825636055134,9.600474045045385,93.68304563859155,0.0,0.0,77.70142126005003,90.49370346730021,1296.0973259775408,0.0,0.0,210.06685929288003,245.9391222436666,2876.2389852295475,0.0,0.0,31.25723045605205,36.78809985571555,334.792364484572,0.0,0.0,90.05303943274503,105.63364715665216,1137.6312032163174,34.09788822441847,23.386754612084006,389.98002862511057,456.3461451139131,5911.169858348078,0.0,0.0,112.76480323400507,131.85362220805204,1630.4004752976107,0.0,21.32998226887129,45.23164188749944,21.0,30.0,0.0,21.568715147549356,44.63598862654224,16.0,30.0,1538.6290032136884,21.841738913017634,43.843771934787557,21.5,30.0,0.0,21.220027930244073,45.473606799949717,16.0,30.0,0.0,19.19356677455419,50.937398474884847,12.0,30.0,0.0,21.89701976669319,43.252971690301077,16.0,30.0,0.0,20.34054971206944,47.64285262902343,10.0,30.0,0.0,18.80438503681689,52.25656931695222,16.0,30.0,0.0,19.793149128433819,49.160182584372588,12.0,30.0,0.0,20.3860077770439,0.0,0.0,0.0,20.72466640364989,0.0,0.0,490.9840357092193,487.90899498971216,491.27919600650525,493.90696699350198,525.7861140439538,516.4698716521004,513.7250315404879,521.5940296177665,520.2442171852063,5402.67912904219,81.47709311935444,83.34757289633579,60.0,0.0,60.0,60.0,16.0,16.0,16.0,12.0,16.0,12.0,21.0,10.0,1.0,0.0,0.0,0.0,1538.6290032136884,0.0,0.0,0.0,0.0,0.0,2830.5340069650594,1698320.4041790355,2214602.889192227,81.47709311935444,83.37933985251564,0.17935113356550198,0.3828016888730191,0.18014068700982978,83.37933985251564,0.17713239097194376,2214602.889192227,0.11669268357132913 
 04/02  14:30:00,13.43,77.0,5.745,266.0,168.0,0.0,0.0,0.0,0.0,0.0,0.0,0.0,0.0,0.0,0.0,1796.0,0.0,1093.3980066608565,90.29886124093922,231.3883478460106,32.785343445933659,872.6329580184142,0.0,90.29886124093918,123.4453893023147,0.0,0.0,20.868917646622607,161.55809313093779,22.47205162511957,-381.0397326255206,20.792863427424267,-80.88519593905221,21.092065442935728,8.087937970214626,19.091569812072156,20.08772167686635,22.33933782188643,-232.20784730627498,19.895339131355905,155.49433441882503,18.537910629810729,120.71022954982561,19.64041677663218,130.48200155583255,484.6314666352828,-78.54206011146698,0.0,0.0,0.0,0.0,0.0,0.0,0.0,0.0,0.0,0.0,0.0,0.0,0.0,0.0,0.0,0.0,0.0,0.0,0.0,0.0,0.0,0.0,0.5137350782260732,0.15681778944629833,255.86233355850505,298.16602294129367,3989.4701843858249,0.047314330279799209,0.0072213568803112348,170.6077338474712,198.31192937098724,2788.4502980861109,0.5510940129823568,0.10413719066182105,391.8561740305977,457.085081917735,5828.654263114904,0.11838338709132447,0.022370254552404466,221.7237811689232,258.41787526027027,3430.147900012811,0.0,0.0,8.150103238274497,9.564978425188905,93.86585716963222,0.0,0.0,77.33223443074715,89.92508966068012,1291.793635108359,0.0,0.0,210.02084210000244,245.48990629837906,2892.659130234685,0.0,0.0,31.953551495010914,37.54512464319162,344.8606344595938,0.0,0.0,89.33193572814267,104.6153491556098,1136.7107333445566,34.043170304719229,23.349225174704558,429.77855677351388,502.19401578353406,6488.8788699704859,0.0,0.0,112.67588102634262,131.5343261710865,1637.9671995282966,0.0,21.321239500338444,45.278559815584497,21.0,30.0,0.0,21.732252253397634,44.19742690173673,16.0,30.0,0.0,20.953522129387467,46.31982177883828,21.0,30.0,0.0,21.261757426113534,45.43824552950424,16.0,30.0,0.0,19.210689476792135,50.95901619366141,12.0,30.0,0.0,21.90132209797578,43.303847406723097,16.0,30.0,0.0,20.374798385443066,47.586766306400537,10.0,30.0,0.0,18.838474597441356,52.225596084584598,16.0,30.0,0.0,19.832607661116005,49.112242119281919,12.0,30.0,0.0,20.4993028018775,0.0,0.0,0.0,20.757431677376233,0.0,0.0,489.81788831577628,487.52686640153527,489.4548825891395,490.0684178484652,521.4204607553365,512.7170574354625,511.23264194677309,517.3873333723241,516.2731739098309,0.0,82.09416020136632,82.09416020136632,60.0,0.0,60.0,60.0,16.0,16.0,16.0,12.0,16.0,12.0,21.0,10.0,1.0,0.0,0.0,0.0,0.0,0.0,0.0,0.0,0.0,0.0,0.0,0.0,0.0,82.09416020136632,82.09416020136632,0.0,0.0,0.0,82.09416020136632,0.0,0.0,0.0015666666666666666 
 04/02  14:40:00,13.423333333333332,77.0,5.703333333333333,253.16666666666669,156.5,0.0,0.0,0.0,0.0,0.0,0.0,0.0,0.0,0.0,0.0,3596.0,0.0,1033.705431785403,86.30187824348477,221.14614721079335,30.99547010302434,824.9927266038995,0.0,86.30187824348472,117.9812105145118,0.0,0.0,20.881399764434783,201.500346871504,22.422908080478167,-425.2003768743898,21.299160666445098,-726.2476296298612,21.037651790814757,172.94830790371908,19.107958279797125,20.25545342721935,22.331231918735175,-226.31258078032455,19.915022154577245,154.40250665921486,18.561761794739917,119.57837349901291,19.66874334395281,129.34302245669915,488.48851382688647,-75.74571402305765,0.0,0.0,0.0,0.0,0.0,0.0,0.0,0.0,0.0,0.0,0.0,0.0,0.0,0.0,0.0,0.0,0.0,0.0,0.0,0.0,0.0,0.0,0.5225832723858048,0.15951870341447037,270.7034719565978,315.6208462940365,4236.410957640679,0.0552165544613194,0.008427435052093926,175.55042835039513,204.71496008675116,2847.9625259863007,0.46837989800830967,0.08850716137723164,355.22538500863376,413.5831389367571,5803.434038803122,0.1409780362061569,0.026639840552939693,223.36372046324829,260.4915315874646,3426.230461066296,0.0,0.0,8.091189424942016,9.508006971251332,93.45826490751839,0.0,0.0,76.78719698556253,89.41370343922724,1283.771632083724,0.0,0.0,207.37203925406238,242.71705683838693,2864.065661002459,0.0,0.0,31.551625074017325,37.1242904803426,342.44065267416286,0.0,0.0,88.25665555946496,103.48748173918404,1128.652000404535,34.05184872491312,23.355177451929447,431.52363691308849,504.29104650143429,6581.590604900817,0.0,0.0,111.1696897335385,129.94812227194809,1621.5346242371209,0.0,21.337491441270289,45.312958113317268,21.0,30.0,0.0,21.663905427185666,44.46439834749718,16.0,30.0,1233.7663655297193,21.72569979474124,44.26156264050615,21.5,30.0,0.0,21.166660388579513,45.78105153200086,16.0,30.0,0.0,19.222632459307879,50.97972679303298,12.0,30.0,0.0,21.904247662898425,43.35548973363772,16.0,30.0,0.0,20.38966390486914,47.62262379687253,10.0,30.0,0.0,18.86472163522776,52.21179444752083,16.0,30.0,0.0,19.86047990311957,49.0978786897468,12.0,30.0,0.0,20.523206774726817,0.0,0.0,0.0,20.77824825586802,0.0,0.0,485.9833311412561,483.5018231522806,485.66324446206388,486.45087104027956,518.162909189158,509.1822960424788,507.0070808475702,513.7585421325584,512.5221462245289,7511.910782373165,81.68087286401823,83.4806662983166,60.0,0.0,60.0,60.0,16.0,16.0,16.0,12.0,16.0,12.0,21.0,10.0,1.0,0.0,0.0,0.0,1233.7663655297193,0.0,0.0,0.0,0.0,0.0,2723.678610989032,1634207.1665934195,2116613.374487873,81.68087286401823,83.51123276573515,0.2607892870329678,0.575584982825232,0.27021103051474468,83.51123276573515,0.2656985864579156,2116613.374487873,0.11166389547336941 
 04/02  14:50:00,13.416666666666668,77.0,5.661666666666667,240.33333333333332,145.0,0.0,0.0,0.0,0.0,0.0,0.0,0.0,0.0,0.0,0.0,1798.0,0.0,972.8642893555762,82.25831888283534,210.78459891578073,29.171157808332937,776.4358387944803,0.0,82.2583188828353,112.45335830704585,0.0,0.0,20.89178872541061,138.64733136123324,22.41971513683109,-390.52781099426377,20.881285517759637,-118.1096066243781,21.104338161210508,-2.4528147796827399,19.125964010200286,20.24403325056116,22.31503772380814,-222.3227198669358,19.93982968091877,153.30472176126478,18.585988324997559,119.55378582271556,19.699005134628075,123.80634275106877,473.6977764138901,-73.84837501455468,0.0,0.0,0.0,0.0,0.0,0.0,0.0,0.0,0.0,0.0,0.0,0.0,0.0,0.0,0.0,0.0,0.0,0.0,0.0,0.0,0.0,0.0,0.5167284813512754,0.15773152666400348,243.30450620730535,283.5234100085189,3805.748445877598,0.05254737567518199,0.008020051232475885,181.44187064009803,210.99822630728392,2960.7277774227966,0.5579331099458476,0.10542953702680419,324.4819813055395,378.35192710197648,4909.913884054424,0.12610623526134857,0.023829598499876898,191.6935971439276,223.45423004901154,2973.958824860474,0.0,0.0,8.09637918536773,9.499576628923148,93.85823408077559,0.0,0.0,76.37562616228016,88.80076549003404,1277.326035573684,0.0,0.0,206.63847140419,241.4719734379156,2865.665613638924,0.0,0.0,31.831994457609036,37.39089751898048,347.56059170061885,0.0,0.0,87.10963528099005,101.97875689641606,1120.2828687541915,33.99328417970774,23.315009725451135,387.2726583972728,452.5275076309789,5932.245291476479,0.0,0.0,110.26725375438966,128.6929875082499,1611.5668553129372,0.0,21.331211129914118,45.354441378690619,21.0,30.0,0.0,21.703164399429764,44.380507664037839,16.0,30.0,0.0,21.074064876054128,46.07916788962239,21.0,30.0,0.0,21.26062619419767,45.55859837527521,16.0,30.0,0.0,19.236552542556177,51.01217018326241,12.0,30.0,0.0,21.898983296545155,43.42664993527251,16.0,30.0,0.0,20.41111970943765,47.61070577000852,10.0,30.0,0.0,18.890272511176748,52.202859819141327,16.0,30.0,0.0,19.889985036039755,49.07353410846292,12.0,30.0,0.0,20.525632450674899,0.0,0.0,0.0,20.785246939836186,0.0,0.0,484.76669118596228,482.32000991885288,484.5816747918883,484.42014137196659,514.0856543096106,505.83935517889315,504.29254388033987,510.0736138903683,509.08784070134745,0.0,82.57694430608896,82.57694430608896,60.0,0.0,60.0,60.0,16.0,16.0,16.0,12.0,16.0,12.0,21.0,10.0,1.0,0.0,0.0,0.0,0.0,0.0,0.0,0.0,0.0,0.0,0.0,0.0,0.0,82.57694430608896,82.57694430608896,0.0,0.0,0.0,82.57694430608896,0.0,0.0,0.0016333333333333335 
 04/02  15:00:00,13.41,77.0,5.62,227.5,133.5,0.0,0.0,0.0,0.0,0.0,0.0,0.0,0.0,0.0,0.0,899.0,0.0,911.1077762150092,78.17122711466354,200.311503182309,27.319398883936445,727.148406812843,0.0,78.1712271146635,106.86599399809804,0.0,0.0,20.86406721597513,147.01548448280119,22.311698308060657,-495.3161448590745,20.828856896741699,56.717422486046419,20.96683267615137,-46.17330532492247,19.142284659950894,20.020139958540484,22.292867841385588,-215.91620269020724,19.95647512065672,147.26988430029088,18.60994391451959,118.93571351867377,19.724408223075878,120.29418799544692,418.49427203700545,-68.28563151740673,0.0,0.0,0.0,0.0,0.0,0.0,0.0,0.0,0.0,0.0,0.0,0.0,0.0,0.0,0.0,0.0,0.0,0.0,0.0,0.0,0.0,0.0,0.5089924320196737,0.15537009524410065,216.23871530075719,251.18447283439438,3359.781497348201,0.016441951245961488,0.0025094553183701905,215.20249502367126,249.74680633432289,3446.2576665787985,0.6372116789357174,0.12041037016925882,180.13906589652667,209.41732135260737,2721.7284515941616,0.1263571040197535,0.023877003783022198,42.03121217623988,48.86739519431376,632.0362033817646,0.0,0.0,7.974262479094239,9.328151476742299,92.7793120483127,0.0,0.0,75.97596126273584,88.0773457093252,1270.546783079916,0.0,0.0,205.2486124174085,239.1287202065022,2853.9335441262539,0.0,0.0,32.012133571029597,37.48909632062463,351.82564415757465,0.0,0.0,86.67095143461545,101.15355799662787,1120.598452971568,33.795262608262877,23.179192461085657,211.28362104415934,246.36895655496944,3259.2222871097708,0.0,0.0,109.93472793204846,127.92681286062096,1607.3232266492749,0.0,21.26858424474011,45.564821010821678,21.0,30.0,0.0,21.535547373521426,44.940469483053359,16.0,30.0,0.0,21.036832373360804,46.18726121122611,21.0,30.0,0.0,21.003756641149829,46.33801127793728,16.0,30.0,0.0,19.24922190994947,51.0491309411339,12.0,30.0,0.0,21.888200161991774,43.5105860361884,16.0,30.0,0.0,20.42063753216981,47.63316042947931,10.0,30.0,0.0,18.918318299180805,52.18083627472808,16.0,30.0,0.0,19.916118584956697,49.05503845128019,12.0,30.0,0.0,20.135406696006066,0.0,0.0,0.0,20.778474291301245,0.0,0.0,482.9053304525557,477.160424393053,484.446603126972,481.7717260564392,510.0848852345576,502.6268694598979,501.62654064488057,506.6913255055227,505.92865969550766,0.0,82.57694430608896,82.57694430608896,60.0,0.0,60.0,60.0,16.0,16.0,16.0,12.0,16.0,12.0,21.0,10.0,1.0,0.0,0.0,0.0,0.0,0.0,0.0,0.0,0.0,0.0,0.0,0.0,0.0,82.57694430608896,82.57694430608896,0.0,0.0,0.0,82.57694430608896,0.0,0.0,0.0016666666666666668 
 04/02  15:10:00,13.346666666666668,78.0,5.565,214.66666666666667,122.0,0.0,0.0,0.0,0.0,0.0,0.0,0.0,0.0,0.0,0.0,899.0,0.0,848.6651900379659,74.04348036467289,189.73423349903184,25.44706873605334,677.313430983497,0.0,74.04348036467285,101.22305124675643,0.0,0.0,20.79042661579724,96.9713419985128,22.224232340368844,-469.90909934033427,20.789291718976963,57.28815639942786,20.931471562718295,1.7743305681574385,19.155905151644114,19.708762011296586,22.26282239898853,-212.7402036798676,19.970103706843874,144.64213087467125,18.627356020785834,116.48257249802714,19.743235095909374,114.15484545496884,339.3954104808472,-61.529863792820837,0.0,0.0,0.0,0.0,0.0,0.0,0.0,0.0,0.0,0.0,0.0,0.0,0.0,0.0,0.0,0.0,0.0,0.0,0.0,0.0,0.0,0.0,0.48060554320825457,0.1467049887693085,197.11086627139975,229.06325593250919,3028.710680023716,0.037377818470902487,0.005704795248916741,182.46013433629384,211.80151586674243,2911.369220018346,0.6593653117284124,0.12459661975215658,157.24941527291205,182.81577161665173,2385.8589412073836,0.13533700026607058,0.025573885159877273,71.7025665836317,83.37191069855999,1080.089641500486,0.0,0.0,7.888105940494839,9.226344287874161,92.87218471512993,0.0,0.0,75.3875240448837,87.39373025906157,1267.195246955124,0.0,0.0,202.60832031345988,236.02857252320664,2844.42301314326,0.0,0.0,31.777541061096739,37.20918843434074,354.1888617637768,0.0,0.0,84.994354746446,99.18351623557753,1111.8648080471358,32.64560608566563,22.390676327617038,161.57333316295627,188.4939897641366,2541.8180513079776,0.0,0.0,107.75769348459096,125.39224997843799,1584.4403252524554,0.0,21.11410628264106,46.0886958560706,21.0,30.0,0.0,21.439783791666064,45.20720616213379,16.0,30.0,10.897443604416442,21.00012146680984,46.308147751698417,21.0,30.0,0.0,20.961632563643915,46.385049689134117,16.0,30.0,0.0,19.256404146746616,51.07719472424046,12.0,30.0,0.0,21.868668799274709,43.592853857521507,16.0,30.0,0.0,20.425843068872916,47.656066161657438,10.0,30.0,0.0,18.93392933714852,52.17939338721137,16.0,30.0,0.0,19.930470509831879,49.05477432571382,16.0,30.0,0.0,19.961863738586979,0.0,0.0,0.0,20.75718318459557,0.0,0.0,478.5000939181421,476.8249692626086,483.570794787267,485.2038584502508,507.411068212427,500.8230253168099,499.5277410750157,504.2204484769576,503.6193730342155,8484.810528079735,82.39465297329247,82.39465297329247,60.0,0.0,60.0,60.0,16.0,16.0,16.0,16.0,16.0,12.0,21.0,10.0,1.0,0.0,0.0,0.0,10.897443604416442,0.0,0.0,0.0,0.0,0.0,0.0,0.0,0.0,82.39465297329247,82.39465297329247,0.34,0.6170339502082,0.36028137401965956,82.39465297329247,0.3542647819438875,0.0,0.0017 
 04/02  15:20:00,13.283333333333335,79.0,5.51,201.83333333333332,110.5,0.0,0.0,0.0,0.0,0.0,0.0,0.0,0.0,0.0,0.0,3600.0,0.0,785.7617244929397,69.87778687542581,179.05972982257479,23.56091971302315,627.110636253934,0.0,69.87778687542579,95.52823242592859,0.0,0.0,20.89167810042484,221.3510006848967,22.208278219570773,-248.3543904705606,21.379894603406954,-1013.9024544811744,21.063658900531686,291.9039267548271,19.167727590064687,19.31285934706382,22.228455294430647,-208.81497181797853,19.97792667747369,142.5403299794225,18.637221070363485,109.14685622106731,19.75662789407518,105.22630595754379,465.7772320757863,-53.6311110657939,0.0,0.0,0.0,0.0,0.0,0.0,0.0,0.0,0.0,0.0,0.0,0.0,0.0,0.0,0.0,0.0,0.0,0.0,0.0,0.0,0.0,0.0,0.6115851194888373,0.186686544410512,233.52729123990276,272.47714962705308,3722.9160894685285,0.10521460951289183,0.016058395835300954,98.7086749667129,115.22918902786256,1590.882893066108,0.3930103881282353,0.07426500153594774,344.8973231295713,401.6240131153583,5805.4830490330209,0.1436675330172571,0.027148059904999443,204.32480864060347,238.32447836844654,3233.600081460178,0.0,0.0,7.83914115969073,9.20735641657627,93.27065371913619,0.0,0.0,74.25660582253232,86.45732435410719,1254.0105197208575,0.0,0.0,198.48702042551589,232.212016331359,2807.727108468562,0.0,0.0,30.5597788115912,35.93495005725107,344.26846062991367,0.0,0.0,83.21129785573992,97.51630672731244,1098.9004470754786,31.870957900797113,21.859367558845766,371.6900157796171,434.74758826022505,5762.668605617029,0.0,0.0,104.84349982229266,122.53534324752342,1547.0988904900613,0.0,21.329123322139865,45.55777364150377,21.0,30.0,0.0,21.49929070494786,45.16621121131838,16.0,30.0,1537.262527001858,21.854452925647818,44.133906610910887,21.5,30.0,0.0,21.249431355716316,45.73045195346229,16.0,30.0,0.0,19.260006152963624,51.10245099069235,12.0,30.0,0.0,21.850848709694675,43.691241698385457,16.0,30.0,0.0,20.421332097369097,47.75213346625084,10.0,30.0,0.0,18.934783647916299,52.219246090174248,16.0,30.0,0.0,19.934915727491963,49.090537646183779,16.0,30.0,0.0,20.39684009661767,0.0,0.0,0.0,20.72499237417317,0.0,0.0,477.3752602332135,474.2135400721182,477.6626922366082,479.6425026188148,505.4838530081222,498.0000757504978,495.75204442473889,502.10969678143769,501.07554913812,3845.1343234541798,83.49135025655208,83.49135025655208,60.0,0.0,60.0,60.0,16.0,16.0,16.0,16.0,16.0,12.0,21.0,10.0,1.0,0.0,0.0,0.0,1537.262527001858,0.0,0.0,0.0,0.0,0.0,0.0,0.0,0.0,83.49135025655208,83.49135025655208,0.17,0.3837720286421251,0.18014068700982978,83.49135025655208,0.17713239097194376,0.0,0.00171 
 04/02  15:30:00,13.219999999999999,80.0,5.455,189.0,99.0,0.0,0.0,0.0,0.0,0.0,0.0,0.0,0.0,0.0,0.0,1800.0,0.0,662.6324209505193,64.88036791199237,166.25397902159845,19.868931027983913,528.8422723716905,0.0,64.88036791199234,88.69638182482577,0.0,0.0,20.896697785887118,137.80940777021989,22.24740472501327,-290.12486487355229,20.818351993227826,-83.60094569632202,21.11181686466366,3.5982081047322937,19.175125538412318,19.06493128125777,22.162871473839134,-198.16913614827264,19.996235843832488,137.48340955059167,18.647522558749967,109.2093658382795,19.768092194300807,101.11034373928624,454.22256081613798,-43.46724202726182,0.0,0.0,0.0,0.0,0.0,0.0,0.0,0.0,0.0,0.0,0.0,0.0,0.0,0.0,0.0,0.0,0.0,0.0,0.0,0.0,0.0,0.0,0.5901124160801045,0.18013199514044704,241.26481276224548,281.01860808812696,3854.4387465713728,0.08064525827726794,0.012308494853062874,144.66259988174347,168.0713574670355,2401.785288534864,0.6015412201146795,0.11366992065659101,392.9218248710407,458.1002083791518,6016.344347782659,0.1254640828749491,0.02370825451151721,220.14560579237137,256.4268156576296,3504.259478946873,0.0,0.0,7.743433656846071,9.081895640459927,93.13221414054228,0.0,0.0,73.46201802464849,85.41143496490514,1244.425264437366,0.0,0.0,198.89004379175703,232.32130679794495,2843.5416078743567,0.0,0.0,31.20303239486146,36.63307092356618,355.8359252465207,0.0,0.0,83.50556366467785,97.70818671481168,1114.3300669745173,30.80172275918956,21.12601012290094,416.5881785798849,486.4684581478627,6465.604106035722,0.0,0.0,105.57693871639666,123.21867279567228,1562.6416510996456,0.0,21.303798941204783,45.673313138186909,21.0,30.0,0.0,21.655499332791956,44.76496028488796,16.0,30.0,0.0,20.96806937817052,46.63878676127834,21.0,30.0,0.0,21.284133957243239,45.73341306233229,16.0,30.0,0.0,19.261067880648257,51.16911087448297,12.0,30.0,0.0,21.811670623353117,43.857318512300597,16.0,30.0,0.0,20.434043141849249,47.75798080941951,10.0,30.0,0.0,18.940428612335965,52.2722342464793,16.0,30.0,0.0,19.94057885512902,49.13898310694413,16.0,30.0,0.0,20.531858489241956,0.0,0.0,0.0,20.682125966937439,0.0,0.0,476.44309604818508,474.6250691984907,476.0641326223175,476.69000716602877,502.117133046987,495.0439414270006,493.8307025072016,498.80717126775309,497.92307014827119,0.0,84.06281650938966,84.06281650938966,60.0,0.0,60.0,60.0,16.0,16.0,16.0,16.0,16.0,12.0,21.0,10.0,1.0,0.0,0.0,0.0,0.0,0.0,0.0,0.0,0.0,0.0,0.0,0.0,0.0,84.06281650938966,84.06281650938966,0.0,0.0,0.0,84.06281650938966,0.0,0.0,0.00172 
 04/02  15:40:00,13.156666666666667,81.0,5.4,176.0,90.16666666666667,0.0,0.0,0.0,0.0,0.0,0.0,0.0,0.0,0.0,0.0,3604.0,0.0,607.5636849801063,60.601789155828587,155.29022570572213,18.217704077166208,484.89230835177758,0.0,60.601789155828559,82.84724028575404,0.0,0.0,20.901339655111799,189.54953340702196,22.169729009759334,-337.0834476473336,21.312850639760258,-710.4186342746348,21.045957018654044,165.7199586492959,19.18280685393809,18.392852180087645,22.114372747582658,-190.9030610779297,19.998552922517054,128.8979006063057,18.65573725493923,103.71496571957744,19.775373937472865,93.41770563482396,446.6577928431079,-34.132915663177758,0.0,0.0,0.0,0.0,0.0,0.0,0.0,0.0,0.0,0.0,0.0,0.0,0.0,0.0,0.0,0.0,0.0,0.0,0.0,0.0,0.0,0.0,0.619615838398594,0.18913792380909467,256.92129111925547,299.4261356333383,4141.278507333017,0.08949571076201582,0.01365929651434918,155.08332009735666,180.85464212193433,2568.9826409027029,0.5365442031480089,0.10138779348979762,354.33665709162599,412.3202446642365,5970.223513219704,0.14921913471514393,0.02819711540346634,218.7698215825804,254.99611803123086,3474.6130311018125,0.0,0.0,7.565994239828095,8.885520654646119,91.90715186192104,0.0,0.0,72.40966272470587,84.31257310387875,1230.8181034820455,0.0,0.0,195.9134761051249,229.1734180141608,2819.597743698101,0.0,0.0,30.643853937712728,36.029732927843699,353.3481220913291,0.0,0.0,83.08362782054599,97.34923423743791,1118.870131970691,29.78679624009058,20.42990139923909,421.4751190269343,492.2511340202767,6640.9079180116809,0.0,0.0,104.4361464969842,122.0799036263381,1548.7213452332636,0.0,21.304329625470005,45.81495753791742,21.0,30.0,0.0,21.569288015764284,45.14673905762689,16.0,30.0,1206.7426242599598,21.72071996670506,44.68280582551718,21.5,30.0,0.0,21.17825496072695,46.16057210270495,16.0,30.0,0.0,19.26000593970505,51.22738926437039,12.0,30.0,0.0,21.779505319870219,44.005806699801478,19.0,30.0,0.0,20.420539933852603,47.88446399127983,10.0,30.0,0.0,18.942828680303607,52.332861309426849,16.0,30.0,0.0,19.941084652299489,49.205527741670689,16.0,30.0,0.0,20.556738214292666,0.0,0.0,0.0,20.634138728961575,0.0,0.0,473.6225026291059,471.74149130317786,473.3502278082959,473.8500299275692,499.63313263694399,492.3679201625815,490.624048652532,495.950420320088,494.99654006718768,6962.102161321924,81.55714493895923,83.3415149086751,60.0,0.0,60.0,60.0,16.0,16.0,19.0,16.0,16.0,12.0,21.0,10.0,1.0,0.0,0.0,0.0,1206.7426242599598,0.0,0.0,0.0,0.0,0.0,2700.362041797282,1620217.2250783693,2098574.2735719869,81.55714493895923,83.37181943446262,0.2600120680599094,0.5781458083734755,0.27021103051474468,83.37181943446262,0.2656985864579156,2098574.2735719869,0.11085586222574333 
 04/02  15:50:00,13.093333333333332,82.0,5.345,163.0,81.33333333333334,0.0,0.0,0.0,0.0,0.0,0.0,0.0,0.0,0.0,0.0,1802.0,0.0,552.6042048622711,56.29941985055141,144.2655126648691,16.569753430345469,441.0295437523446,0.0,56.29941985055138,76.96557526236967,0.0,0.0,20.91099333056933,110.81679905658348,22.138109120133984,-289.337912436838,20.901413600444479,-120.9925797095184,21.10226284002162,0.5669413834207262,19.19095201454172,18.011776577022773,22.053434912254823,-183.35647692836643,20.004847307546993,129.7530649168002,18.660714928062967,101.84344253369204,19.779939621882826,87.30337064551714,420.9227381845958,-22.675948266669367,0.0,0.0,0.0,0.0,0.0,0.0,0.0,0.0,0.0,0.0,0.0,0.0,0.0,0.0,0.0,0.0,0.0,0.0,0.0,0.0,0.0,0.0,0.6324323973970867,0.19305018235564309,224.99394109649718,262.1190866118681,3649.6695491188459,0.09316590558170995,0.014219460558869041,155.2831981713281,180.54751366588818,2599.1197680191737,0.6405083956575568,0.12103333251276588,320.76438320394547,373.85330755970326,5061.99091431425,0.14013093469537464,0.02647976846095514,187.18356294958913,218.08150619148032,3023.615739920949,0.0,0.0,7.509614065580233,8.806021888884854,92.17877526976266,0.0,0.0,71.60060512329024,83.25538412083783,1219.654708403294,0.0,0.0,195.16937799372117,227.95083950571604,2831.8767490840657,0.0,0.0,30.835300079130478,36.19591596450569,359.3130784301826,0.0,0.0,82.31442757900772,96.30048185656556,1118.4971387473689,28.729971323153369,19.705055777197104,369.13569780528646,431.0878186452545,5883.427286802141,0.0,0.0,103.65311274751324,121.00032707542178,1537.840010523817,0.0,21.293799978993826,45.89392865525289,21.0,30.0,0.0,21.590872252972554,45.1490378241788,16.0,30.0,0.0,21.0815154947446,46.50362345895692,21.0,30.0,0.0,21.265072405593963,45.998753737065488,16.0,30.0,0.0,19.260024430245914,51.3024814052265,12.0,30.0,0.0,21.73190761734905,44.199752428783408,19.0,30.0,0.0,20.415662876524629,47.96077536737105,10.0,30.0,0.0,18.93991622747835,52.41798255419242,16.0,30.0,0.0,19.93798284742767,49.28382403647831,16.0,30.0,0.0,20.558584385531519,0.0,0.0,0.0,20.57168946549002,0.0,0.0,472.861408430379,470.96052524641496,472.5859630897529,472.49721643906676,496.54341880217506,489.84042646065168,488.5651735516253,493.1011787569686,492.33208403455139,0.0,80.628021386195,80.628021386195,60.0,0.0,60.0,60.0,16.0,16.0,19.0,16.0,16.0,12.0,21.0,10.0,1.0,0.0,0.0,0.0,0.0,0.0,0.0,0.0,0.0,0.0,0.0,0.0,0.0,80.628021386195,80.628021386195,0.0,0.0,0.0,80.628021386195,0.0,0.0,0.0017533333333333334 
 04/02  16:00:00,13.03,83.0,5.29,150.0,72.5,0.0,0.0,0.0,0.0,0.0,0.0,0.0,0.0,0.0,0.0,901.0,0.0,497.9051192970014,51.97517720938726,133.18475280398298,14.929610924396013,397.37460093879829,0.0,51.97517720938723,71.05400773050623,0.0,0.0,20.865009827415478,120.37326712617869,22.00983827670963,-393.49802953547808,20.83987671765542,42.055315029812849,20.94716933844786,-60.68610853317614,19.19867109837289,17.301791548006976,21.992524934640664,-173.75405213592968,20.002513606540107,121.7964463355238,18.666456432214085,100.04259815242313,19.782054185605497,84.12670619789378,372.7317018081594,-10.668386008683229,0.0,0.0,0.0,0.0,0.0,0.0,0.0,0.0,0.0,0.0,0.0,0.0,0.0,0.0,0.0,0.0,0.0,0.0,0.0,0.0,0.0,0.0,0.6510152194171078,0.19872259444966665,199.36419480922113,231.50651628470957,3221.385461739043,0.07151786982659669,0.010915425797710118,197.02098461081438,228.6067558008453,3255.033366012758,0.7234651206999115,0.1367092064814648,170.7460279253968,198.3917702143009,2705.626256054242,0.1416712238211253,0.02677082838645602,53.759670131452917,62.4706442902911,845.9379711884976,0.0,0.0,7.276195571156548,8.506717230520105,90.26344016125947,0.0,0.0,70.84046756062091,82.1375382116156,1208.979097040703,0.0,0.0,193.43386547372436,225.26160861180817,2824.3385253375724,0.0,0.0,30.881582398567283,36.14316331726897,363.849367276488,0.0,0.0,82.4397958387421,96.15836602722917,1130.1548084844465,27.52331266321675,18.877443527583514,214.91267823551017,250.343183011294,3462.499490112728,0.0,0.0,103.64180795155471,120.65023445662267,1538.4813826256309,0.0,21.196808860343447,46.25433716432965,21.0,30.0,0.0,21.410581811272743,45.866039899236159,16.0,30.0,0.0,21.026490895806746,46.689779636453859,21.0,30.0,0.0,20.982218023113277,46.98988090160901,16.0,30.0,0.0,19.260239490948178,51.381893319475597,12.0,30.0,0.0,21.68024610768438,44.40889974593136,19.0,30.0,0.0,20.395304217313674,48.08108191136748,10.0,30.0,0.0,18.939638827548749,52.49658075497962,16.0,30.0,0.0,19.933037360092784,49.36886924254405,16.0,30.0,0.0,20.25832388095243,0.0,0.0,0.0,20.507954723026079,0.0,0.0,471.5362523738954,466.9158182427729,472.55716111110015,469.38095152561479,493.5185413850853,487.3474934570379,486.6517476641222,490.50222701054948,489.8954686806281,0.0,80.628021386195,80.628021386195,60.0,0.0,60.0,60.0,16.0,16.0,19.0,16.0,16.0,12.0,21.0,10.0,1.0,0.0,0.0,0.0,0.0,0.0,0.0,0.0,0.0,0.0,0.0,0.0,0.0,80.628021386195,80.628021386195,0.0,0.0,0.0,80.628021386195,0.0,0.0,0.0017766666666666667 
 04/02  16:10:00,12.86,83.33333333333334,5.448333333333333,137.0,63.666666666666667,0.0,0.0,0.0,2.0,0.0,0.0,0.0,0.0,0.0,4.0,4505.0,0.0,443.61348030479817,47.6306002391884,122.05188988568402,13.301685857830261,354.04484072741357,0.0,47.63060023918837,65.11464162921019,0.0,0.0,20.818671288890774,65.98517209483562,21.935720306761224,-321.2856012320497,21.256340818940868,-545.7043533510002,20.968795154261117,173.7724769601623,19.203354805204897,12.363482888221279,22.073563604438584,-23.553866146217105,19.906845160953375,4.966450552425886,18.66485592234519,86.9879650952063,19.774508543132425,49.89611618886147,412.2185633877598,-13.32408417647539,0.0,0.0,0.0,0.0,0.0,0.0,0.0,0.0,0.0,0.0,0.0,0.0,0.0,0.0,0.0,0.0,0.0,0.0,0.0,0.0,0.0,0.0,0.7618651015897588,0.23255955481982874,167.7672607833023,195.73336755350204,2736.48392213868,0.11936761005122347,0.018218499702567685,157.546598065226,183.6484083060363,2642.774135915606,0.517224380307829,0.09773703331591635,204.16830164362393,237.46156435239065,3558.8037867400446,0.1554531059019622,0.029375114493945997,202.4070972358913,235.93830454473517,3287.3437309280045,0.0,0.0,5.873230653022303,6.898096287472238,74.72115897000828,0.0,0.0,9.5059066445204,11.06115385338615,168.85037975514934,0.0,0.0,114.46576387562894,134.03799404314595,1664.856628136247,0.0,0.0,28.94463496501919,34.03643661734494,349.84137065560176,0.0,0.0,65.75843124994545,77.09097874790297,920.358711596079,27.871620024220158,19.116337465171584,325.73461147463288,380.6548301195684,5280.128789686811,0.0,0.0,85.63265389678837,100.20861386097289,1284.424063408224,0.0,21.09935671087915,46.83162086633243,21.0,30.0,0.0,21.37163564783542,46.204695070232379,16.0,30.0,0.0,21.633907512712896,46.275466812117048,21.0,30.0,0.0,21.069072816021064,47.48658036833103,16.0,30.0,0.0,19.25499821469569,51.43995299293138,12.000000000000002,30.0,0.0,21.8740578004209,45.557082784489,19.0,30.0,0.0,20.190981401823025,48.89936835375038,10.0,30.0,0.0,18.927296102498205,52.60678775381251,16.0,30.0,0.0,19.91182314446388,49.51135157188676,16.0,30.0,0.0,20.3873995843052,0.0,0.0,0.0,20.41847564313617,0.0,0.0,471.54287541638686,473.64539173730659,526.3915931444315,509.09032370902346,492.161656776456,578.2187797809993,482.12143659808819,488.8119068457696,487.8800948051472,0.0,80.62802138619502,80.62802138619502,1744.0,0.0,1744.0,1744.0,16.0,16.0,19.0,16.0,16.0,12.0,21.0,10.0,1.0,0.0,0.0,0.0,0.0,0.0,0.0,0.0,0.0,0.0,0.0,0.0,0.0,80.62802138619502,80.62802138619502,0.0,0.0,0.0,80.62802138619502,0.0,0.0,0.052320000000000008 
 04/02  16:20:00,12.690000000000002,83.66666666666667,5.606666666666667,124.0,54.83333333333333,0.0,0.0,0.0,2.0,0.0,0.0,0.0,0.0,0.0,4.0,901.0,0.0,389.87227935664779,43.26675271983756,110.86964992002344,11.690265774229525,311.15438323869219,0.0,43.26675271983754,59.14893122623146,0.0,0.0,20.781304304066177,100.75219467843636,21.872550191236259,-276.0895590080718,21.574660245208525,-855.116422214036,21.14811293356728,215.31071211148265,19.20351032048861,10.892866784306108,22.21953228811571,-31.23769852162752,19.796800162868835,41.070388886786989,18.648211734563703,81.19523803867878,19.73847856008969,34.16911858483854,453.5625520104986,-9.616169686503782,0.0,0.0,0.0,0.0,0.0,0.0,0.0,0.0,0.0,0.0,0.0,0.0,0.0,0.0,0.0,0.0,0.0,0.0,0.0,0.0,0.0,0.0,0.9430280004495487,0.28785958499680977,189.9952526771322,220.66091837438513,3142.177597045081,0.15112757354960014,0.0230658689788767,173.29522435364403,201.04276969409839,2958.16591369264,0.30183572432527586,0.05703622908640891,273.08050869456698,315.92394647294045,5061.683178341218,0.14705589648557652,0.027788340227811127,261.94131373824157,303.7531793123899,4508.887970385611,0.0,0.0,5.822613273268247,6.805996562548069,75.94525729594304,0.0,0.0,10.207268892347854,11.797407751128763,190.69821243409099,0.0,0.0,96.90711631403743,112.97285080389605,1403.8821935132879,0.0,0.0,27.05274048367608,31.658780926161915,334.2547548849002,0.0,0.0,50.375355047479107,58.76007946349726,715.5173126212925,28.25771611952009,19.381149601865638,411.69687651485597,478.8303611645915,6855.141554120945,0.0,0.0,68.9221576992081,80.26204067790168,1042.3397516545365,0.0,21.03156836862366,47.50300277696044,21.0,30.0,0.0,21.34430152578659,46.77199420007275,16.0,30.0,0.0,22.10948197400867,45.33904627990965,21.0,30.0,0.0,21.421753907235155,47.176845631281619,16.0,30.0,0.0,19.24261405941034,51.62605254662588,12.0,30.0,0.0,22.177730556368187,47.804743504487948,19.0,30.0,0.0,19.98880012330062,49.75554214604805,10.0,30.0,0.0,18.888526664941126,52.95634118645594,16.0,30.0,0.0,19.842196096706183,49.9310171460846,16.0,30.0,0.0,20.585522056316145,0.0,0.0,0.0,20.30544852054173,0.0,0.0,490.8780920138102,493.1486390777604,533.1191743716189,534.2412462128627,488.9616099483369,738.9755843239715,485.11348662468097,487.740056770264,486.1185805674371,0.0,80.628021386195,80.628021386195,1744.0,0.0,1744.0,1744.0,16.0,16.0,19.0,16.0,16.0,12.0,21.0,10.0,1.0,0.0,0.0,0.0,0.0,0.0,0.0,0.0,0.0,0.0,0.0,0.0,0.0,80.628021386195,80.628021386195,0.0,0.0,0.0,80.628021386195,0.0,0.0,0.052901333333333338 
 04/02  16:30:00,12.52,84.0,5.765000000000001,111.0,46.0,0.0,0.0,0.0,2.0,0.0,0.0,0.0,0.0,0.0,4.0,901.0,0.0,336.82105849539667,38.884076893260878,99.63916625041037,10.0995347863384,268.8145956259192,0.0,38.884076893260857,53.157481099811509,0.0,0.0,20.776609601196385,104.35769270542096,21.81732489897765,-248.8360265077854,21.69478800186196,-899.5987974729505,21.255664584556688,246.78090205137779,19.206173334392646,9.787461384156018,22.266503711951395,-36.439048847098039,19.76366836476233,43.81280326134811,18.635055421076915,74.09465246063121,19.70999375031024,21.988641315131646,483.6591883278379,-0.5653143191307208,0.0,0.0,0.0,0.0,0.0,0.0,0.0,0.0,0.0,0.0,0.0,0.0,0.0,0.0,0.0,0.0,0.0,0.0,0.0,0.0,0.0,0.0,1.066941247416779,0.32568414145811327,191.97530613308573,222.93560482941443,3237.61028056879,0.17682151755062734,0.026987411103575604,172.78919948702268,200.43604802632508,3002.913477825856,0.17406359838790068,0.03289183643006439,277.46087437100547,320.82043198277946,5292.666210384002,0.13211363926301054,0.024964784441234033,261.7553228647605,303.29831263086165,4689.747656198905,0.0,0.0,5.876574819985675,6.8682998911539159,78.55382487434057,0.0,0.0,10.967680466318312,12.664829437022658,210.93277921247958,0.0,0.0,86.66577924088824,101.03595710670803,1275.6511398862488,0.0,0.0,25.775489420391354,30.16254870206907,325.63455365437508,0.0,0.0,41.23875843095947,48.1040175658881,595.577809018327,28.591683457890988,19.610208132984224,414.20888323043848,481.5147569675783,7130.129267700375,0.0,0.0,59.15080341159965,68.89343157985206,903.0838992820868,0.0,21.02185384699041,47.687059255355318,21.0,30.0,0.0,21.330106012410594,46.97091391834432,16.0,30.0,0.0,22.22324475238494,45.18161281904156,21.0,30.0,0.0,21.616011283902937,46.70887755445926,16.0,30.0,0.0,19.236512138500588,51.76829446541873,12.0,30.0,0.0,22.291677235943895,48.974660476720519,19.0,30.0,0.0,19.935553672329755,50.14523191677824,10.0,30.0,0.0,18.858345276018729,53.273327412190358,16.0,30.0,0.0,19.79210410948325,50.2525531079731,16.0,30.0,0.0,20.68272185010441,0.0,0.0,0.0,20.206419069429275,0.0,0.0,495.0064511306422,505.07889660870708,544.3369510980341,532.7636885333872,488.3601154032126,811.439699892718,488.8138664676713,489.9605294832717,488.06336476735739,0.0,80.628021386195,80.628021386195,1744.0,0.0,1744.0,1744.0,16.0,16.0,19.0,16.0,16.0,12.0,21.0,10.0,1.0,0.0,0.0,0.0,0.0,0.0,0.0,0.0,0.0,0.0,0.0,0.0,0.0,80.628021386195,80.628021386195,0.0,0.0,0.0,80.628021386195,0.0,0.0,0.05348266666666667 
 04/02  16:40:00,12.35,84.33333333333334,5.923333333333334,99.83333333333333,48.0,0.0,0.0,0.0,2.0,0.0,0.0,0.0,0.0,0.0,4.0,901.0,0.0,313.59586702759006,35.242447230065767,90.30761067198776,9.403127292930546,250.2786933894301,0.0,35.24244723006575,48.17909726096674,0.0,0.0,20.775497647887997,105.05480586534486,21.783597590094354,-214.5683432323276,21.819441441534914,-877.8880953677417,21.322510487822379,238.84576382770138,19.211475149921854,9.057479427965717,22.29489273489289,-39.87462431925792,19.74088060278077,42.603482341505699,18.62202114443034,68.96627406566756,19.685162202638908,19.632965459456046,504.6969389559181,9.84441685209822,0.0,0.0,0.0,0.0,0.0,0.0,0.0,0.0,0.0,0.0,0.0,0.0,0.0,0.0,0.0,0.0,0.0,0.0,0.0,0.0,0.0,0.0,1.1483772526029817,0.35054250689956709,191.78482889887725,222.68618236872144,3297.9072395288105,0.19380046923779599,0.02957882619624481,171.52258107129323,198.92948535327685,3040.943394273564,0.14012876994585139,0.026479359400198685,263.41638425682899,304.37871692719537,5184.19998808141,0.11868786186159113,0.02242778946742084,245.00947967393339,283.74981230197116,4520.857003726809,0.0,0.0,5.903324755284348,6.8986379943775619,80.86824139776097,0.0,0.0,11.447663444357696,13.21074165938972,225.44786295126733,0.0,0.0,86.05287110460465,100.31954337637157,1289.41164511368,0.0,0.0,25.213495590093748,29.5026194891257,325.604248196116,0.0,0.0,41.14342434737358,47.991426842928778,604.8184820336362,28.846809450696246,19.785191667144209,398.01470358203695,462.54535683581227,7060.884301331921,0.0,0.0,59.093518601731918,68.8385369714224,909.619140013612,0.0,21.01581786844041,47.86956452650672,21.0,30.0,0.0,21.337765076255694,47.16490882516671,16.0,30.0,0.0,22.368037852056763,45.03673044828967,21.0,30.0,0.0,21.722321398909199,46.57448202702559,19.0,30.0,0.0,19.234226144600244,51.93700887481023,12.0,30.0,0.0,22.359621389539134,49.844067508282709,19.0,30.0,0.0,19.899121616359115,50.41745904421451,10.0,30.0,0.0,18.8294604646277,53.689364478067648,16.0,30.0,0.0,19.75212152664305,50.632841183628318,16.0,30.0,0.0,20.73751847437474,0.0,0.0,0.0,20.09764688578992,0.0,0.0,506.40103010288808,511.7952933755014,553.0550975237977,544.1477614078519,489.5437031426961,860.7759104360854,491.78784638865349,499.9822356799656,495.06328090054196,0.0,80.628021386195,80.628021386195,1744.0,0.0,1744.0,1744.0,16.0,19.0,19.0,16.0,16.0,12.0,21.0,10.0,1.0,0.0,0.0,0.0,0.0,0.0,0.0,0.0,0.0,0.0,0.0,0.0,0.0,80.628021386195,80.628021386195,0.0,0.0,0.0,80.628021386195,0.0,0.0,0.05406400000000001 
 04/02  16:50:00,12.18,84.66666666666667,6.081666666666667,88.66666666666669,50.0,0.0,0.0,0.0,2.0,0.0,0.0,0.0,0.0,0.0,4.0,901.0,0.0,289.707711287787,31.561025588679234,80.87408953474584,8.686841040005506,231.21368536112076,0.0,31.561025588679219,43.14631477111527,0.0,0.0,20.784998887192179,111.41039188480136,21.749913702501794,-199.8871121815937,21.897056282157409,-914.9268025271849,21.390723997357776,264.6568928671586,19.217675837736068,8.395983280394006,22.305702962891183,-41.81026419471368,19.723543783306469,40.73075336762213,18.608439918576779,63.48339395549942,19.663837862583987,18.41570382687155,528.2492871338291,21.618737138741836,0.0,0.0,0.0,0.0,0.0,0.0,0.0,0.0,0.0,0.0,0.0,0.0,0.0,0.0,0.0,0.0,0.0,0.0,0.0,0.0,0.0,0.0,1.226939489911254,0.3745236538190641,197.6181963035158,229.41232769040614,3470.205926716267,0.2081719722497368,0.03177227903689512,176.1772375184197,204.30216278810077,3182.3659739508186,0.07439189343904364,0.014057425064067209,274.5506273813126,317.14400889570597,5523.226055841928,0.11860059237333787,0.02241129863441758,253.9647799111907,293.95403013421466,4826.4664514918,0.0,0.0,5.909070506001342,6.904342466577672,82.93192304688435,0.0,0.0,11.767933952770589,13.574279474909615,236.50573660481306,0.0,0.0,84.68929597584426,98.7238653227698,1292.740955193147,0.0,0.0,24.63515737945942,28.823243022864209,325.0361615344226,0.0,0.0,40.941772923180348,47.7528531060578,613.0528199715699,29.081212426051093,19.94596188343697,413.43044278480229,480.3051461936952,7513.327241130821,0.0,0.0,58.233590948682067,67.85045362792379,903.1496149635959,0.0,21.028759429333467,48.051686329070687,21.0,30.0,0.0,21.337760965712087,47.24408148305667,16.0,30.0,0.0,22.426136088158616,44.92992606354419,21.0,30.0,0.0,21.838019530566286,46.510133496466057,19.0,30.0,0.0,19.234259889652948,52.11619716629284,12.0,30.0,0.0,22.397284138137267,50.49988763550094,19.0,30.0,0.0,19.8708756389983,50.72613090621678,10.0,30.0,0.0,18.800412790928939,54.1764651956803,16.0,30.0,0.0,19.720128263635347,51.04990710057091,16.0,30.0,0.0,20.791584530984314,0.0,0.0,0.0,19.98408415916699,0.0,0.0,513.1145539574509,511.8489511382727,551.1275649992866,552.9900174966139,491.85175795426906,893.8100425638111,501.02522472180359,511.8893888352091,504.3450629693159,0.0,80.628021386195,80.628021386195,1744.0,0.0,1744.0,1744.0,16.0,19.0,19.0,16.0,16.0,12.0,21.0,10.0,1.0,0.0,0.0,0.0,0.0,0.0,0.0,0.0,0.0,0.0,0.0,0.0,0.0,80.628021386195,80.628021386195,0.0,0.0,0.0,80.628021386195,0.0,0.0,0.05425777777777779 
 04/02  17:00:00,12.01,85.0,6.24,77.5,52.0,0.0,0.0,0.0,2.0,0.0,0.0,0.0,0.0,0.0,4.0,901.0,0.0,263.8525930639709,27.894284830848386,71.47818648158936,7.9115763275113359,210.57886502899027,0.0,27.89428483084837,38.13360216211199,0.0,0.0,20.789330233134025,109.0009817816308,21.720998759258714,-175.4004697038854,21.99285023004323,-891.1862646480604,21.4283449151939,251.1957910137553,19.22416571450521,7.8730561115360448,22.302422644071979,-43.41477259973664,19.71280567277824,41.064549456207718,18.595101999207743,58.92876129248532,19.64464533106677,16.813337731943876,540.6664524888256,33.65088183232001,0.0,0.0,0.0,0.0,0.0,0.0,0.0,0.0,0.0,0.0,0.0,0.0,0.0,0.0,0.0,0.0,0.0,0.0,0.0,0.0,0.0,0.0,1.2738410668828649,0.388840374506369,191.63795184447916,222.44177592100858,3430.9444548454187,0.21957072424839484,0.033512015300426568,169.58063071145888,196.6195614314481,3122.712119187815,0.11362003349951067,0.0214701499432182,259.3046237513603,299.3779030573425,5356.272234026987,0.11215059990756009,0.02119247919643992,238.2516598496246,275.6853354740886,4630.49635151028,0.0,0.0,5.979930093305976,6.986047818150625,85.9496390541651,0.0,0.0,11.979818660408617,13.814393603775299,245.10002834844236,0.0,0.0,84.27622190523725,98.23082013478629,1311.9842000499494,0.0,0.0,24.492890364063397,28.654116045565844,330.0939771023502,0.0,0.0,40.87546022351509,47.67126669463712,623.6190742367046,29.248475612823066,20.06068286201857,391.00392927199308,454.1572681042046,7287.169863587351,0.0,0.0,57.6965596783366,67.23954563406595,900.9994768257615,0.0,21.028695121179369,48.13602174927599,21.0,30.0,0.0,21.345839276057967,47.35378444629765,16.0,30.0,0.0,22.53382095473791,44.806923020928909,21.0,30.0,0.0,21.889749430448423,46.4170863111111,19.0,30.0,0.0,19.23557131541977,52.31421273142215,12.0,30.0,0.0,22.413080643280244,50.998729206245979,19.0,30.0,0.0,19.85433653802907,51.06690887438591,10.0,30.0,0.0,18.772928933221374,54.640796636503967,16.0,30.0,0.0,19.69293238672259,51.4626849952654,16.0,30.0,0.0,20.805898720180136,0.0,0.0,0.0,19.865753628868128,0.0,0.0,513.6638423446628,522.327148373868,564.151713497108,551.0669069052694,496.0977734856235,915.9134220532279,509.6359412962324,523.0237628589027,514.7279459260856,0.0,80.628021386195,80.628021386195,1744.0,0.0,1744.0,1744.0,16.0,19.0,19.0,16.0,16.0,12.0,21.0,10.0,1.0,0.0,0.0,0.0,0.0,0.0,0.0,0.0,0.0,0.0,0.0,0.0,0.0,80.628021386195,80.628021386195,0.0,0.0,0.0,80.628021386195,0.0,0.0,0.054451555555555568 
 04/02  17:10:00,11.856666666666666,85.33333333333334,6.286666666666667,66.33333333333333,54.0,0.0,4.0,0.0,0.0,0.0,0.0,0.0,0.0,0.0,0.0,4509.0,0.0,238.30846008807277,24.13123550730919,61.835497293682909,7.145636219177408,190.19223721541005,0.0,24.131235507309179,32.98922844217518,0.0,0.0,21.308289832244364,-218.93334149528949,21.766103444859806,66.85435931829625,21.547941850565377,-368.6752314516755,21.49780445101259,-32.43764495974737,19.23509437932358,15.271591011401542,22.078050705263068,-328.99727825844,19.941792191993387,263.20698608507828,18.592097178141417,65.00923544298944,19.634191589238776,28.482513018283407,447.9141249295938,108.02523625320575,0.0,0.0,0.0,0.0,0.0,0.0,0.0,0.0,0.0,0.0,0.0,0.0,0.0,0.0,0.0,0.0,0.0,0.0,0.0,0.0,0.0,0.0,1.0354298244649712,0.3160652699832025,284.3714783126258,331.15716325534955,5541.371653035466,0.21871555458135809,0.03338149489947467,139.58365816375636,162.60990259045946,2650.385272441791,0.7236947944939904,0.13675260666931045,165.3446005503046,192.61432336750225,3282.518575320737,0.11948005599897412,0.022577486016435015,12.474613355072389,14.484848608778739,248.95977052120609,0.0,0.0,8.92200886979631,10.47215389914126,131.03513733161686,0.0,0.0,89.09096654338214,103.55137577298645,1787.0133493633787,0.0,0.0,225.83340595261906,263.9100492404724,3785.743474731661,0.0,0.0,30.76723051296866,36.155182966453818,423.38946824155337,0.0,0.0,93.01678452702036,108.91635584446832,1444.791751838946,29.81660590833495,20.45034698788406,233.81592372371899,273.6338423580141,4421.234334406652,0.0,0.0,115.34357346761708,134.974272163409,1831.1107795717729,544.1681604233165,21.73350225671097,46.54992266961449,21.400000000000003,30.0,0.0,21.49873526300943,47.180015263680079,16.0,30.0,0.0,21.831142729954597,46.20129744292315,21.0,30.0,0.0,21.91699082874529,49.51141119401925,19.0,30.0,0.0,19.246363873816276,52.88138827713339,12.000000000000002,30.0,0.0,22.03839049927624,47.50281169021592,16.0,30.0,0.0,20.315633776599534,51.83094994813533,10.0,30.0,0.0,18.76719028169959,55.399561544798327,16.0,30.0,0.0,19.68384524568459,52.56340921031218,16.0,30.0,0.0,20.268372733595869,0.0,0.0,0.0,19.838836746059774,0.0,0.0,534.9160368585999,533.9157919681035,531.3074302412697,729.317272267207,518.4651786871356,662.4819695250839,612.502852851079,550.8277819048392,559.3784727368505,4619.388959406862,82.62983560206044,82.62983560206044,162.0,0.0,162.0,162.0,16.0,19.0,16.0,16.0,16.0,12.0,21.0,10.0,1.0,0.0,544.1681604233165,0.0,0.0,0.0,0.0,0.0,0.0,0.0,0.0,0.0,0.0,82.62983560206044,82.62983560206044,0.20400000000000002,0.43177325592347828,0.21616882441179575,82.62983560206044,0.21255886916633252,0.0,0.005076 
 04/02  17:20:00,11.703333333333334,85.66666666666667,6.333333333333334,55.16666666666667,56.0,0.0,4.0,0.0,0.0,0.0,0.0,0.0,0.0,0.0,0.0,1804.0,0.0,244.7462314307008,21.063018587312997,53.97327620788863,7.3386565502617329,195.3300111681945,0.0,21.063018587312987,28.794743296429404,0.0,0.0,20.96263698971674,53.583508816562247,21.781018508549147,-250.93334064976444,21.198029951632603,-154.7724563402703,21.516047450755104,-74.50249944901219,19.2549341105439,15.464886372876009,21.830188986273634,-198.3213692679294,20.028555698602596,99.7630721087562,18.594513882666,66.15603123759809,19.631317460048494,35.54853415302614,440.75485306062,165.58696132471688,0.0,0.0,0.0,0.0,0.0,0.0,0.0,0.0,0.0,0.0,0.0,0.0,0.0,0.0,0.0,0.0,0.0,0.0,0.0,0.0,0.0,0.0,1.0182067358106633,0.3108079169141219,238.31512557397918,277.0922647942411,4493.548692071436,0.1864697658472489,0.028459976472412834,180.29354356636845,209.44715844435994,3481.6470124519885,0.9472413718931596,0.17899496823377926,86.33571691373098,100.4591357942812,1654.217021390542,0.05594662079338714,0.010571923808274212,20.851721813501699,24.143190580391236,419.32207076630177,0.0,0.0,8.096301606067094,9.484795150528317,121.75843323429626,0.0,0.0,76.87305272814958,89.29376419918138,1512.1044914489344,0.0,0.0,226.20635571340802,263.89543876537,3893.8232208133965,0.0,0.0,32.188865482629157,37.75785651633382,453.1213673583486,0.0,0.0,106.83116901536542,124.91076643800673,1692.9740892256182,30.106505152066228,20.649180488385626,194.07854636019494,226.44461894927106,3744.2779311091837,0.0,0.0,130.4099934249977,152.42172684342052,2096.4221945847509,0.0,21.229675600132035,47.98577503006131,21.0,30.0,0.0,21.526903389158929,47.11075967383748,16.0,30.0,0.0,21.316982639157524,48.41893928285486,21.0,30.0,0.0,21.909587487756438,52.921314402016609,19.0,30.0,0.0,19.269606885318596,53.69435956988123,12.0,30.0,0.0,21.684789237432889,47.376022412468618,16.0,30.0,0.0,20.397103350601065,51.02232666598678,10.0,30.0,0.0,18.771520777013465,56.44773210031338,16.0,30.0,0.0,19.688030018529369,53.510423250763839,16.0,30.0,0.0,20.146495951034216,0.0,0.0,0.0,19.792892634744349,0.0,0.0,533.8933536327472,530.557855338255,568.2483819850149,917.0751169408233,551.5457582453671,598.1538743566431,584.7276482407538,590.7663428754285,598.225479334448,0.0,82.20335528574512,82.20335528574512,162.0,0.0,162.0,162.0,16.0,19.0,16.0,16.0,16.0,12.0,21.0,10.0,1.0,0.0,0.0,0.0,0.0,0.0,0.0,0.0,0.0,0.0,0.0,0.0,0.0,82.20335528574512,82.20335528574512,0.0,0.0,0.0,82.20335528574512,0.0,0.0,0.005094 
 04/02  17:30:00,11.55,86.0,6.38,44.0,58.0,0.0,4.0,0.0,0.0,0.0,0.0,0.0,0.0,0.0,0.0,1804.0,0.0,214.1200191524772,17.099274632983368,43.81631662998881,6.420332722589661,170.8874295403951,0.0,17.099274632983357,23.37600480058801,0.0,0.0,20.87154406570817,16.542509334941088,21.599600156131758,-236.62958179496673,21.03561231779063,-80.46680629308833,21.494679256003289,-115.77069183585718,19.265789792228654,12.215391814441376,21.69714652524007,-171.6752109829515,19.95746902221466,74.63540301531339,18.584369252510326,54.46077248821496,19.616589328845895,15.15405796151299,289.58181197694366,148.21019580309577,0.0,0.0,0.0,0.0,0.0,0.0,0.0,0.0,0.0,0.0,0.0,0.0,0.0,0.0,0.0,0.0,0.0,0.0,0.0,0.0,0.0,0.0,1.0384647610516176,0.31699168530269158,155.04819093061995,180.6547094661237,2933.7038985913438,0.19050376822196625,0.029075666700544297,89.68434750406215,104.48678882292498,1714.095426621484,0.994391206945274,0.18790461204559229,59.19848775289536,68.9457760972659,1132.291071056025,0.0,0.0,29.51498703010046,34.215179918162778,597.5258058377276,0.0,0.0,7.42484816018654,8.694314503138222,114.05674817289597,0.0,0.0,69.41701481769988,80.65705657664172,1364.165446684555,0.0,0.0,199.19068529985018,232.45530099697266,3430.2904411041538,0.0,0.0,30.74569679810708,36.06466482017343,440.94545155222587,0.0,0.0,90.10503965852083,105.3645383989607,1451.4880638413247,30.20672331524354,20.71791722581862,116.3703717694273,136.2553299733368,2383.842316262219,0.0,0.0,111.22929659433703,130.08463382384358,1786.804068538549,0.0,21.064506814855837,49.264477425979709,21.0,30.0,0.0,21.248511710995389,48.09848721529446,16.0,30.0,0.0,21.09226773403862,50.405345557265118,21.0,30.0,0.0,21.84856851104815,53.00050317282879,19.0,30.0,0.0,19.27884044137501,54.02316300000571,12.0,30.0,0.0,21.5198975327938,47.69707645447127,16.0,30.0,0.0,20.245737697154256,51.66922447418183,10.0,30.0,0.0,18.75122583233596,56.62274961378506,16.0,30.0,0.0,19.66653845051265,53.6719380199314,16.0,30.0,0.0,19.61597646311408,0.0,0.0,0.0,19.629733907967798,0.0,0.0,573.5693480649638,537.1272143302491,637.467868593953,906.3665153339865,562.9881141856653,585.193733630701,587.3139232389353,590.2159716204441,597.1800402283823,0.0,82.20335528574512,82.20335528574512,162.0,0.0,162.0,162.0,16.0,19.0,16.0,16.0,16.0,12.0,21.0,10.0,1.0,0.0,0.0,0.0,0.0,0.0,0.0,0.0,0.0,0.0,0.0,0.0,0.0,82.20335528574512,82.20335528574512,0.0,0.0,0.0,82.20335528574512,0.0,0.0,0.005112 
 04/02  17:40:00,11.396666666666667,86.33333333333334,6.426666666666666,37.66666666666667,48.333333333333339,0.0,4.0,0.0,0.0,0.0,0.0,0.0,0.0,0.0,0.0,2709.0,0.0,179.2363570294797,14.591360410347502,37.38986111332017,5.374354761483453,143.04705989457336,0.0,14.591360410347495,19.947495921344964,0.0,0.0,21.31763806329048,-816.0312934588775,21.590811960676846,-15.845027419742295,20.99478314858421,82.71296261583172,21.47904828802818,-120.20608633234792,19.274043661521458,12.057634319015893,21.582321071369284,-159.20866892937767,19.961436640420219,109.62994098076382,18.572301898609838,50.76090932712923,19.59534998364753,1.9644330442890064,401.2145843915746,169.76302712527056,0.0,0.0,0.0,0.0,0.0,0.0,0.0,0.0,0.0,0.0,0.0,0.0,0.0,0.0,0.0,0.0,0.0,0.0,0.0,0.0,0.0,0.0,1.045460751491617,0.31912721352002995,252.26123672153214,292.9138940072602,5043.805784748225,0.20216598281201818,0.030855613982298279,106.28715509458368,123.5012135589596,2090.5955984485115,1.0719089695240352,0.20255271532956094,132.12476830652606,153.5756769783532,2551.4930529079135,0.015549248294877472,0.002938255535691134,27.7498448460355,32.21631052782275,568.2546119920786,0.0,0.0,7.77945906071259,9.117171082496068,121.93458690945633,0.0,0.0,68.29324681531296,79.47257365568989,1346.303932853927,0.0,0.0,204.47667169070588,238.8335029360686,3586.30735113158,0.0,0.0,31.455408440320065,36.933909625612638,459.32768785604278,0.0,0.0,89.93573288739354,105.27608801015509,1470.4545434794787,30.74682145802625,21.08835490948305,224.3387752404922,261.5875898397562,4414.665517613609,0.0,0.0,112.18172974157983,131.37654254169045,1807.8459652286029,1181.8424400853067,21.578716703668449,47.774575502355308,21.666666666666687,30.00000000000002,0.0,21.310140160760619,48.27629553305499,21.000000000000015,30.00000000000002,0.0,21.067386230404027,50.32305878905194,21.000000000000015,30.00000000000002,0.0,21.808505890918583,53.35379612926327,19.000000000000015,30.00000000000002,0.0,19.284559184103597,54.25656638436834,12.00000000000001,30.00000000000002,0.0,21.39462057045919,48.12646601800319,16.000000000000015,30.00000000000002,0.0,20.253627651694637,51.67476948108725,10.000000000000007,30.00000000000002,0.0,18.730156651291858,56.72529506713731,16.000000000000015,30.00000000000002,0.0,19.63585797404719,53.76124661958268,16.000000000000015,30.00000000000002,0.0,19.876052069559525,0.0,0.0,0.0,19.500152802041027,0.0,0.0,573.3817525658203,556.6360964812088,629.1064044526385,918.2900562534705,570.3462580954313,585.8517986687098,585.6101696414595,588.0502514788259,593.6099190496442,7926.5976578976219,82.7636061314631,82.7636061314631,162.0000000000001,0.0,162.0000000000001,162.0000000000001,21.0,19.0,16.0,16.0,16.0,12.0,21.0,10.0,1.0,0.0,1181.8424400853067,0.0,0.0,0.0,0.0,0.0,0.0,0.0,0.0,0.0,0.0,82.7636061314631,82.7636061314631,0.3400000000000003,0.7711016015853834,0.3602813740196598,82.7636061314631,0.3542647819438878,0.0,0.00513 
 04/02  17:50:00,11.243333333333333,86.66666666666666,6.473333333333334,31.333333333333337,38.66666666666667,0.0,4.0,0.0,0.0,0.0,0.0,0.0,0.0,0.0,0.0,1806.0,0.0,146.32886129996073,12.099786174304168,31.005279482903178,4.387631634716282,116.78385245026003,0.0,12.099786174304163,16.541325042585965,0.0,0.0,21.292352705600867,-509.4152429729829,21.619282439658897,-147.95714451930463,21.013644481730205,47.30181791369546,21.481172761945279,-88.71185673351516,19.28250018012021,11.805501298161972,21.47197421080348,-130.55463912313213,19.97477592960355,68.36678484463755,18.55559977747918,46.811947599839417,19.561432905994605,-10.04645085894117,479.41835867691818,217.2928115009563,0.0,0.0,0.0,0.0,0.0,0.0,0.0,0.0,0.0,0.0,0.0,0.0,0.0,0.0,0.0,0.0,0.0,0.0,0.0,0.0,0.0,0.0,1.070052698543822,0.32663391286441459,230.03252569466174,267.54170663527978,4670.081422271258,0.19330820636337843,0.02950369449990513,130.48272079382094,151.5952959886153,2614.666490460298,1.1025620559815924,0.20834505970929569,99.89829452219338,116.43704779468844,1980.2274354086813,0.008450138614592625,0.0015967760042692029,25.51037821719708,29.56914173501294,530.0008817812332,0.0,0.0,7.594967214951527,8.8934450636173,121.4515999034302,0.0,0.0,63.69021235792505,74.0638123670681,1262.055557859076,0.0,0.0,209.6686072396601,244.66026659999586,3741.4907491890219,0.0,0.0,31.843580240137187,37.35635846812418,473.1032038828106,0.0,0.0,97.15100353087299,113.61017969664363,1608.686448568812,31.230039958055977,21.419780492493819,208.93415565065363,244.24834463978898,4163.526539851899,0.0,0.0,121.11002535511952,141.72059059968803,1965.3170590693963,799.203849478606,21.63459855428937,47.67492175468546,22.0,30.0,0.0,21.418306840975288,48.44431417752954,21.0,30.0,0.0,21.17992703383929,50.31298469794207,21.0,30.0,0.0,21.807655265465237,54.22444408610751,19.0,30.0,0.0,19.290868071930015,54.45998730021332,12.0,30.0,0.0,21.2884280352107,48.493278289598247,16.0,30.0,0.0,20.255543567557294,51.706574972716698,10.0,30.0,0.0,18.703358516271654,56.873743322292188,16.0,30.0,0.0,19.585777222180224,53.85712058768511,16.0,30.0,0.0,19.93130243144851,0.0,0.0,0.0,19.399157287098,0.0,0.0,577.7035257236884,585.4410674553294,648.2049138647149,969.0856376714003,576.1730716853781,586.1269325328976,585.422002935978,587.215104609797,587.5305113159705,8175.074605445581,82.59939280950639,82.59939280950639,162.0,0.0,162.0,162.0,21.0,19.0,16.0,16.0,16.0,12.0,21.0,10.0,1.0,0.0,799.203849478606,0.0,0.0,0.0,0.0,0.0,0.0,0.0,0.0,0.0,0.0,82.59939280950639,82.59939280950639,0.34,0.7689739736990726,0.36028137401965956,82.59939280950639,0.3542647819438875,0.0,0.0051660000000000008 
 04/02  18:00:00,11.09,87.0,6.52,25.0,29.0,0.0,4.0,0.0,0.0,0.0,0.0,0.0,0.0,0.0,0.0,2709.0,0.0,115.60670909509698,9.627087222586918,24.66906833709598,3.4664354143727644,92.26474922039913,0.0,9.627087222586912,13.16095810852576,0.0,0.0,21.221285956920555,-213.61507296237978,21.514905305130126,-167.96520835333014,20.957289680600483,23.994800715796094,21.489879054876697,-99.39230045956015,19.288948064789574,10.601144733495032,21.38228386236989,-125.92057482358581,19.93821913659514,63.342393232332799,18.53689412598942,40.23374927753172,19.5283187033955,-18.295435344644845,406.775544823972,232.4679454955144,0.0,0.0,0.0,0.0,0.0,0.0,0.0,0.0,0.0,0.0,0.0,0.0,0.0,0.0,0.0,0.0,0.0,0.0,0.0,0.0,0.0,0.0,1.1008127827133512,0.3360234379466887,193.71875221502496,225.7493408951057,3875.21976851394,0.20069608081720675,0.030631269965996176,105.12685057501565,122.34511951589676,2116.6071421245367,1.0906951041145248,0.20610262738369729,77.37819378566874,90.27542516790737,1553.8074509076337,0.014267973656322961,0.002696140146697462,26.771581221857255,31.05803866826249,564.7884945408414,0.0,0.0,7.462264080064185,8.746160968340686,121.6189732879717,0.0,0.0,62.739670272379488,73.04360368363399,1253.004873307014,0.0,0.0,207.4750344324926,242.41790060285,3736.1963364192126,0.0,0.0,31.333172634520083,36.7993327897088,473.21873276525175,0.0,0.0,97.46463992960712,114.12902572827187,1634.7825765320793,31.66678839225709,21.719333602371145,154.8474323883944,181.31659044873212,3240.315494548579,0.0,0.0,120.45446485807449,141.18102133674354,1961.0920727324463,0.0,21.18927989967706,49.297193895874979,21.000000000000015,30.00000000000002,0.0,21.300448279333403,48.941951165982107,21.000000000000015,30.00000000000002,0.0,21.124035708730877,50.99123890164162,21.000000000000015,30.00000000000002,0.0,21.81743637204074,54.41583775471463,19.000000000000015,30.00000000000002,0.0,19.2938718226408,54.577523923646428,12.00000000000001,30.00000000000002,0.0,21.213953247088609,48.740607130506848,16.000000000000015,30.00000000000002,0.0,20.183751745742389,51.97832017362914,10.000000000000007,30.00000000000002,0.0,18.674344021973075,57.01910162009348,16.000000000000015,30.00000000000002,0.0,19.540506814208727,54.09270849107565,16.000000000000015,30.00000000000002,0.0,19.79458248090032,0.0,0.0,0.0,19.270944034833268,0.0,0.0,596.575814794937,595.4603823552424,676.3532472755062,983.689019530706,578.8697108267949,585.1716147274908,585.519516298936,586.2160637645342,588.5870819079371,0.0,81.8948432289896,81.8948432289896,162.0000000000001,0.0,162.0000000000001,162.0000000000001,21.0,19.0,16.0,16.0,16.0,12.0,21.0,10.0,1.0,0.0,0.0,0.0,0.0,0.0,0.0,0.0,0.0,0.0,0.0,0.0,0.0,81.8948432289896,81.8948432289896,0.0,0.0,0.0,81.8948432289896,0.0,0.0,0.005202 
 04/02  18:10:00,10.925,87.33333333333333,6.423333333333334,18.666666666666666,19.33333333333333,0.0,0.0,0.0,0.0,0.0,0.0,4.0,0.0,0.0,0.0,4520.0,0.0,60.70505787244464,6.855949376706338,17.568127969067594,1.8202301810030104,48.44826183336086,0.0,6.855949376706334,9.372602580072945,0.0,0.0,21.139065239094987,115.443431590004,21.61240763554443,-20.99897517292652,21.320709696599683,-784.7934232019649,21.227376741210365,-132.40332376648844,19.291662156707497,9.107704030155162,21.287560458547213,-122.23548484403546,19.901093618015798,59.35221855915097,18.514027154747038,31.833983982571593,19.49160890522274,-39.351020470773537,605.1697240350586,248.3315639866083,0.0,0.0,0.0,0.0,0.0,0.0,0.0,0.0,0.0,0.0,0.0,0.0,0.0,0.0,0.0,0.0,0.0,0.0,0.0,0.0,0.0,0.0,1.1224556965579558,0.34262994400426008,195.3931186091741,227.4599055602175,3996.6916161361448,0.19280209423671683,0.029426449059327964,10.495592026051073,12.194799407125533,223.53218669715273,0.9009619812809997,0.17024980749829936,373.55927376857377,434.40139114046885,7917.320681123553,0.16705524698042055,0.03156750698798573,220.35311748956526,256.753390913015,4538.823650101638,0.0,0.0,7.379831138685336,8.65639014589558,122.66877035339076,0.0,0.0,61.858036853389318,72.1022389502583,1245.6960701155429,0.0,0.0,208.59520114720906,243.94490682613879,3798.3004161305559,0.0,0.0,30.557356845719327,35.92188648550446,469.2822966259198,0.0,0.0,99.81720395983736,116.98717179871899,1696.2313932771747,32.24908105949247,22.11871128908949,342.9697304166976,400.69489759667536,6999.759175878609,0.0,0.0,122.10629492023176,143.284483039484,1995.1717136254168,0.0,21.245001238363018,51.472059824574859,21.0,30.0,0.0,21.515630787062617,51.05004252748162,21.0,30.0,1069.2410092159437,21.66451699406126,50.520283073328588,21.400000000000003,30.0,0.0,21.387702674499136,50.83639749295602,16.0,30.0,0.0,19.293007937520288,54.74662373431332,12.000000000000002,30.0,0.0,21.131124084370236,49.28289519255294,16.0,30.0,0.0,20.119779101181348,52.822769367886809,10.0,30.0,0.0,18.637263391489144,57.249373269525538,16.0,30.0,0.0,19.486429190652364,54.41564249502451,16.0,30.0,0.0,20.377205805146276,0.0,0.0,0.0,19.132386246343566,0.0,0.0,725.4422530089112,757.4343371419218,743.5055040627757,714.9844216430989,583.5516740583785,598.61177264621,615.7272079705399,587.9171372444865,592.733851829565,5514.815924492316,81.7536156770582,81.7536156770582,240.0,0.0,240.0,240.0,21.0,16.0,16.0,16.0,16.0,12.0,21.0,10.0,1.0,0.0,0.0,0.0,1069.2410092159437,0.0,0.0,0.0,0.0,0.0,0.0,0.0,0.0,81.7536156770582,81.7536156770582,0.20400000000000002,0.4628917191731199,0.21616882441179575,81.7536156770582,0.21255886916633252,0.0,0.007760000000000001 
 04/02  18:20:00,10.760000000000002,87.66666666666667,6.326666666666666,12.333333333333333,9.666666666666665,0.0,0.0,0.0,0.0,0.0,0.0,4.0,0.0,0.0,0.0,1810.0,0.0,32.91493481049949,4.532420268163005,11.614163482144753,0.9869503832569102,26.269190219053166,0.0,4.532420268163002,6.1961621309064489,0.0,0.0,21.065014256628588,-50.44939086252862,21.825185431995587,-64.64172883244567,21.269874688239385,-447.22110318749039,21.08847978488062,-86.90437146306204,19.29430566981797,8.47798550923335,21.18638840570224,-107.67713956276157,19.887081037185369,63.660458270681377,18.48581626905462,29.29427998700703,19.443073079989405,-43.200040240968068,561.9021973366871,280.2245546933623,0.0,0.0,0.0,0.0,0.0,0.0,0.0,0.0,0.0,0.0,0.0,0.0,0.0,0.0,0.0,0.0,0.0,0.0,0.0,0.0,0.0,0.0,1.1328501167185388,0.34580284393117796,176.6955536055949,205.49649512630925,3647.574964144096,0.12211151239023299,0.018637288215847527,20.341570218538757,23.535487249788063,449.07890801018086,1.044225223474803,0.19732147080022745,301.31062316790658,350.01009888372189,6414.903021735412,0.2021283734051162,0.03819508189817009,159.92726345254745,185.90700792589758,3299.1122287526179,0.0,0.0,7.257897325702104,8.498043604206512,123.03032681408328,0.0,0.0,61.55682098582807,71.63313584810509,1249.143990208398,0.0,0.0,211.57020500343666,246.97766351435025,3914.006113253182,0.0,0.0,31.19024626394673,36.600865892818678,486.7911884467723,0.0,0.0,102.31076201209801,119.7175970172397,1759.2167073424105,32.60771898888401,22.364690664529506,286.65455361886287,334.44173427347166,5973.859041670893,0.0,0.0,125.05626974419435,146.53232984090915,2054.482890515467,16.829019218824244,21.15971809428781,51.58449872900974,21.0,30.0,0.0,21.901565303724085,53.69912560195817,21.0,30.0,906.4018785330918,21.571918250952949,50.0063650237086,21.5,30.0,0.0,21.221941037437984,51.34924070373299,16.0,30.0,0.0,19.291229919807173,55.073617366824269,12.0,30.0,0.0,21.037899747551355,50.1323285241501,16.0,30.0,0.0,20.098020106698063,53.24907377767882,10.0,30.0,0.0,18.594286231516724,57.79027458642029,16.0,30.0,0.0,19.417946287625008,55.01027564251936,16.0,30.0,0.0,20.236001075486308,0.0,0.0,0.0,19.005794446533586,0.0,0.0,720.8432843639262,977.4594150745246,702.4903279580286,717.7791906320452,595.6305188773652,627.4786470239615,632.7416621529419,603.3253630874206,608.4115164176214,9969.649672542208,81.41279192096555,81.41279192096555,240.0,0.0,240.0,240.0,21.0,16.0,16.0,16.0,16.0,12.0,21.0,10.0,1.0,0.0,16.829019218824244,0.0,906.4018785330918,0.0,0.0,0.0,0.0,0.0,0.0,0.0,0.0,81.41279192096555,81.41279192096555,0.34,0.7722504589246476,0.36028137401965956,81.41279192096555,0.3542647819438875,0.0,0.007773333333333334 
 04/02  18:30:00,10.594999999999999,88.0,6.23,6.0,0.0,0.0,0.0,0.0,0.0,0.0,0.0,4.0,0.0,0.0,0.0,3620.0,0.0,8.570888283970069,2.0974497832247707,5.374640405151629,0.2569999131036229,6.840399912731759,0.0,2.0974497832247698,2.8673728713075885,0.0,0.0,21.45378352302492,-452.5127200815675,21.913451665382213,-105.06985453199818,21.34593733821476,-310.57763920930759,21.00089680668176,140.87262822598678,19.296852079275256,8.613489929749662,21.10355025219041,-94.40935783414693,19.897022859652805,77.59208282613509,18.461210583673429,23.627646257537209,19.39802685716625,-59.90499460446267,538.4975718929941,328.38890308273769,0.0,0.0,0.0,0.0,0.0,0.0,0.0,0.0,0.0,0.0,0.0,0.0,0.0,0.0,0.0,0.0,0.0,0.0,0.0,0.0,0.0,0.0,1.1143936618943667,0.3401690054622609,197.50235940698998,229.7199766894289,4375.777385594148,0.0700055924861391,0.010684614237811219,27.468774990612347,31.86139741313481,620.5342940303347,1.15993307962202,0.21918614505329182,248.07146235727206,288.76296777618259,5349.960186879183,0.26038323684198769,0.04920318156500143,204.7569307846664,238.47903895043977,4264.688399357747,0.0,0.0,7.35072426082497,8.619884172345474,126.98175205482086,0.0,0.0,58.88991115484411,68.65827173088404,1206.9752483834414,0.0,0.0,221.5976805229291,259.0570987517747,4183.84764179921,0.0,0.0,32.15222637459383,37.7934729739042,510.047498842811,0.0,0.0,111.2483960731945,130.39263318856525,1936.0071572260054,33.15344150532362,22.73898594329467,249.55990625629239,291.9168060915539,5296.683740738381,0.0,0.0,134.67441328154218,158.08698974553335,2232.3025129237137,722.850846812604,21.74570877455961,49.471180754577918,21.5,30.0,0.0,22.067216047570665,54.02436700674765,21.0,30.0,0.0,21.498280098852847,49.7530570462346,21.0,30.0,0.0,21.152896650812559,51.16144073954052,16.0,30.0,0.0,19.290934051815108,55.362008277604349,12.0,30.0,0.0,20.97514159491689,50.76006365568652,16.0,30.0,0.0,20.126884653546115,53.43750348913593,10.0,30.0,0.0,18.55877032920863,58.32317032137908,16.0,30.0,0.0,19.35801824577601,55.63842220449855,16.0,30.0,0.0,20.07179347441513,0.0,0.0,0.0,18.912770926657815,0.0,0.0,708.6469677036338,1022.1146804286668,682.8703782449954,698.5936769722081,607.4872269121829,649.8980840883114,647.3306315423289,620.5064915559415,627.5739092764322,5205.969882767111,81.06987740652392,82.78557003356878,240.0,0.0,240.0,240.0,21.0,16.0,16.0,16.0,16.0,12.0,21.0,10.0,1.0,0.0,722.850846812604,0.0,0.0,0.0,0.0,0.0,0.0,0.0,2596.533339244098,1557920.003546459,2016115.0341606069,81.06987740652392,82.81470819008463,0.1715511113081366,0.38627431783183499,0.18014068700982978,82.81470819008463,0.17713239097194376,2016115.0341606069,0.11262464844301823 
 04/02  18:40:00,10.43,88.33333333333333,6.133333333333333,0.0,0.0,0.0,0.0,0.0,0.0,0.0,0.0,4.0,0.0,0.0,0.0,7248.0,0.0,0.0,0.0,0.0,0.0,0.0,0.0,0.0,0.0,0.0,0.0,21.1951475781731,-128.61252326561624,21.948882255755135,-205.85661396129357,20.978383972964573,-93.9032679756331,20.957880810263839,-36.01946207915161,19.300340583184675,8.728083519260338,21.032400740303044,-83.97688969218922,19.865001950062906,27.36651681633407,19.330005379067605,-22.704050411496355,19.345400833347584,-84.53316192725367,321.8818445335662,339.57301468259529,0.0,0.0,0.0,0.0,0.0,0.0,0.0,0.0,0.0,0.0,0.0,0.0,0.0,0.0,0.0,0.0,0.0,0.0,0.0,0.0,0.0,0.0,1.1873206581202028,0.36242999332118516,94.09866623832767,109.82659156469825,2009.7143415048357,0.008466542288339718,0.0012922073089651585,38.608581554828059,44.81433114610663,887.3262036111821,1.1658865828254555,0.22031114565862737,90.07054043031971,105.09198652000264,1925.7229294832394,0.2328501155332084,0.044000399760621377,65.11326001646985,76.03348466450562,1375.2014993078558,0.0,0.0,6.922091048330066,8.123887160200088,121.85530893782081,0.0,0.0,60.68575440558504,70.8077752235159,1257.1686587384548,0.0,0.0,208.07777433477097,243.54987236008649,3967.5929268343877,0.0,0.0,18.68031412185174,21.894975428711093,349.31007847528039,0.0,0.0,120.88777220045671,141.83573114327519,2126.52424872223,33.12113679147197,22.71682907508366,95.26160984060448,111.83332655080045,2275.5401066021624,0.0,0.0,129.68017911361,152.4438634724358,2161.11944608712,238.18566456921898,21.156296246873344,51.45966163661086,21.125,30.0,0.0,22.13317305886404,53.11831648293771,21.0,30.0,0.0,21.130403317636799,50.66863800841327,21.0,30.0,0.0,21.095678013153184,51.18981811138415,16.0,30.0,0.0,19.292651321468328,55.742396972523227,12.0,30.0,0.0,20.921340242278828,51.48549225769781,19.0,30.0,0.0,20.055345909083223,54.06793430910758,10.0,30.0,1082.6219538351259,20.031798838108707,53.60445970213276,20.7,30.0,0.0,19.286751718027725,56.32873461329254,16.0,30.0,0.0,19.302376726215927,0.0,0.0,0.0,18.790206512532014,0.0,0.0,726.4650000146652,985.315881928513,678.8977333162377,697.0942564898759,624.6794426745338,679.7150550689589,668.5772940151157,637.7571554281421,648.84278838904,8823.291594109714,82.17081021302893,82.17081021302895,240.0,0.0,240.0,240.0,21.0,16.0,19.0,16.0,19.7,12.0,21.0,10.0,1.0,0.0,238.18566456921898,0.0,0.0,0.0,0.0,0.0,1082.6219538351259,0.0,0.0,0.0,0.0,82.17081021302893,82.17081021302893,0.33999999999999999,0.7707129964916657,0.36028137401965956,82.17081021302893,0.3542647819438875,0.0,0.0078000000000000009 
 04/02  18:50:00,10.264999999999999,88.66666666666667,6.036666666666667,0.0,0.0,0.0,0.0,0.0,0.0,0.0,0.0,4.0,0.0,0.0,0.0,2718.0,0.0,0.0,0.0,0.0,0.0,0.0,0.0,0.0,0.0,0.0,0.0,21.649912939803838,-1074.846278311531,21.95619815260128,-149.76076225298366,21.19948420637119,203.3580154053666,20.848892683703057,39.32121099264289,19.30386987331501,7.811423816626554,20.95704222501256,-83.51667140499154,19.879920191862824,101.44813749533245,19.456554319908109,-9.222203937847049,19.276508212091018,-98.30355005756164,486.65065796071209,375.0558576943531,0.0,0.0,0.0,0.0,0.0,0.0,0.0,0.0,0.0,0.0,0.0,0.0,0.0,0.0,0.0,0.0,0.0,0.0,0.0,0.0,0.0,0.0,1.033541407110726,0.31548883000937946,256.2672016217808,297.55476042025927,5843.767603070222,0.04125040270554463,0.006295849008782763,29.78206890282154,34.54870239580761,696.4541357955325,1.3592013639677263,0.2568407717248163,209.23074920308376,243.10052633231016,4671.2927553841359,0.2730292511450851,0.051592829014566379,86.01188729378653,99.8600541568546,1821.4621623191072,0.0,0.0,7.431959380566076,8.709680121025464,133.32591792604158,0.0,0.0,57.94464098893406,67.55303648113207,1211.610912837857,0.0,0.0,218.31170601912823,255.0903085254132,4256.096522430816,0.0,0.0,11.755942857182154,13.732979393014185,230.3799600026405,0.0,0.0,131.75469714818443,154.42643869686189,2336.1369084932769,33.62379722295978,23.061589316158999,221.7754198501226,259.1919931106213,4840.727803820949,0.0,0.0,131.33276934120657,154.2031869578222,2200.6168931147255,1194.8852318830955,21.902649013245239,47.940553933196429,21.666666666666687,30.00000000000002,0.0,22.16291466487365,52.521927006170887,21.000000000000015,30.00000000000002,461.88463684119406,21.460470799565955,49.45302685223238,21.33333333333335,30.00000000000002,0.0,20.95200524646857,51.70636251618146,16.000000000000015,30.00000000000002,0.0,19.294656368373926,56.16510388617271,12.00000000000001,30.00000000000002,0.0,20.8486416123464,51.88975361689222,19.000000000000015,30.00000000000002,0.0,20.103211073049026,53.85572162844477,10.000000000000007,30.00000000000002,0.0,20.176022939841745,53.371369636962509,19.700000000000018,30.00000000000002,0.0,19.18744410581607,56.98962336410092,16.000000000000015,30.00000000000002,0.0,19.68396403194449,0.0,0.0,0.0,18.663482834689544,0.0,0.0,669.6420940955313,962.8937197783773,676.8332643715239,707.2376412697026,644.8136204785856,690.6327686002219,670.2085486956387,652.7296387755733,664.7212220601452,9888.185378845645,81.46666827926916,81.46666827926916,240.00000000000018,0.0,240.00000000000018,240.00000000000018,21.0,16.0,19.0,16.0,19.7,12.0,21.0,10.0,1.0,0.0,1194.8852318830955,0.0,461.88463684119406,0.0,0.0,0.0,0.0,0.0,0.0,0.0,0.0,81.46666827926916,81.46666827926916,0.3400000000000003,0.7714985374344429,0.3602813740196598,81.46666827926916,0.3542647819438878,0.0,0.007800000000000001 
 04/02  19:00:00,10.1,89.0,5.94,0.0,0.0,0.0,0.0,0.0,0.0,0.0,0.0,4.0,0.0,0.0,0.0,1812.0,0.0,0.0,0.0,0.0,0.0,0.0,0.0,0.0,0.0,0.0,0.0,20.99720864150165,-29.0039184821444,21.98189881449438,-181.8084867732922,21.14447141924329,-627.2375602260909,20.908790323276265,208.22500973189745,19.307374686856936,8.718457370416303,20.894560407535179,-61.481823921495109,19.842280568966303,7.059286777611305,19.536047034045258,-11.304333307400299,19.212579958293867,-94.91872187528679,584.7308798024278,421.73384740139138,0.0,0.0,0.0,0.0,0.0,0.0,0.0,0.0,0.0,0.0,0.0,0.0,0.0,0.0,0.0,0.0,0.0,0.0,0.0,0.0,0.0,0.0,1.2524328259791887,0.38230550243564978,274.67679801819596,319.6057657984949,5916.302782247725,0.03378566429529542,0.005156542169611634,37.66625163823289,43.573775339658258,896.9444654923184,1.1128570312618609,0.21029044430496247,363.2081555301787,421.9255558456073,7978.130762248835,0.26074653042814158,0.04927183114666317,237.58503252665867,276.40652591472056,5163.6175471877709,0.0,0.0,6.844174711884932,8.014594543708249,125.07793006393728,0.0,0.0,56.30541856351461,65.57220615537105,1190.4587506806416,0.0,0.0,213.34515952244593,249.1752235405708,4192.539380821907,0.0,0.0,10.064552454487949,11.75535280433573,200.02908890819766,0.0,0.0,136.61903236483918,160.04148632377838,2445.289075309189,33.87920315598885,23.236764853215957,374.11827422967976,436.3077613140988,8042.0019050739579,0.0,0.0,138.37704868969213,162.37603260928968,2345.279584716024,0.0,20.939237819478735,51.11010129552646,21.0,30.0,0.0,22.21654517969111,52.653125901627159,21.0,30.0,300.8725651339575,21.367393747637246,49.49416679635377,21.0,30.0,0.0,21.115007051244214,50.5092184604214,16.0,30.0,0.0,19.297597979944834,56.408379402392707,12.0,30.0,0.0,20.79823902296284,52.10155814738539,19.0,30.0,0.0,20.011451226404959,54.21781795586917,10.0,30.0,540.9404587882146,20.21881656610372,53.378801768011587,20.2,30.0,0.0,19.101058970022284,57.38382289766096,16.0,30.0,0.0,20.00421825446538,0.0,0.0,0.0,18.59384618068809,0.0,0.0,683.3820894208925,979.7752191516302,668.9185560098345,679.3537508825473,657.7031068067704,696.2875877946776,673.5427072390123,660.6175216374534,671.3832434784508,10012.122477128629,81.38470494954672,81.38470494954672,240.0,0.0,240.0,240.0,21.0,16.0,19.0,16.0,19.7,12.0,21.0,10.0,1.0,0.0,0.0,0.0,300.8725651339575,0.0,0.0,0.0,540.9404587882146,0.0,0.0,0.0,0.0,81.38470494954672,81.38470494954672,0.34,0.7723952269675838,0.36028137401965956,81.38470494954672,0.3542647819438875,0.0,0.0078000000000000009 
 04/02  19:10:00,9.998333333333333,89.16666666666667,5.825,0.0,0.0,0.0,0.0,1.0,2.0,0.0,0.0,4.0,0.0,0.0,0.0,3624.0,0.0,0.0,0.0,0.0,0.0,0.0,0.0,0.0,0.0,0.0,0.0,21.240090353632483,118.14791952257963,21.98460288823283,-146.47075239494098,21.397292736773485,-1038.9657788492335,20.984585044658908,188.98990734471773,19.310629134142049,6.955162067455312,20.952513553862834,-0.8351993943084182,19.703424696059558,-19.143781494693486,19.629933807228384,-22.50768011130242,19.15842897782128,-116.15226711331661,623.6659879863262,389.0017053405427,0.0,0.0,0.0,0.0,0.0,0.0,0.0,0.0,0.0,0.0,0.0,0.0,0.0,0.0,0.0,0.0,0.0,0.0,0.0,0.0,0.0,0.0,1.2746048356536322,0.38907351515678637,180.5710031005426,210.45094623847218,4063.9139581086299,0.028208959174589208,0.004305396699418378,36.942266483621789,42.86482193279187,887.6615105840549,1.114471695528111,0.21059555848981699,336.6893312367236,391.7377011885601,7815.399953733058,0.250188491946283,0.047276736951300638,201.34003830475946,234.5346672619213,4474.173201100367,0.0,0.0,6.160935476274998,7.223694968827383,113.85466948479874,0.0,0.0,10.856958870441727,12.653959915036973,234.43837965552403,0.0,0.0,153.83263068781396,180.0964140028319,2981.729545453001,0.0,0.0,19.338299883413805,22.590103122584958,395.0913516928973,0.0,0.0,127.5825486166248,149.75726189351043,2291.9045748553905,33.91956844314176,23.264450235351015,334.465110593282,391.1719493965238,7455.417639531213,0.0,0.0,128.79376137710785,151.49878864162094,2163.62609538796,0.0,21.350734775723614,50.07433328762515,21.0,30.0,0.0,22.23030988636291,52.15395849252404,21.0,30.0,1394.3208669509909,21.71373817788149,48.27660656697543,21.5,30.0,0.0,21.256040491664469,49.84541265306129,16.0,30.0,0.0,19.30056551881355,56.64874669819649,12.0,30.0,0.0,20.929639043579966,53.90466117437555,19.0,30.0,0.0,19.771708518982778,55.033525479126399,10.0,30.0,0.0,20.32959375156286,54.12696112184172,19.7,30.0,0.0,19.031339904128779,57.64231129640323,16.0,30.0,0.0,20.140315146955726,0.0,0.0,0.0,18.41229836724549,0.0,0.0,699.3739171695978,956.84054651149,664.9009985583159,672.9647639763309,670.6596759861363,824.7066981901477,677.8703316852251,728.1109374421147,674.4525223874254,4472.855718807899,81.47362190317051,81.47362190317051,270.0,0.0,270.0,270.0,21.0,16.0,19.0,16.0,19.7,12.0,21.0,10.0,1.0,0.0,0.0,0.0,1394.3208669509909,0.0,0.0,0.0,0.0,0.0,0.0,0.0,0.0,81.47362190317051,81.47362190317051,0.17,0.38542502668542968,0.18014068700982978,81.47362190317051,0.17713239097194376,0.0,0.008775000000000002 
 04/02  19:20:00,9.896666666666669,89.33333333333334,5.710000000000001,0.0,0.0,0.0,0.0,1.0,2.0,0.0,0.0,4.0,0.0,0.0,0.0,1814.0,0.0,0.0,0.0,0.0,0.0,0.0,0.0,0.0,0.0,0.0,0.0,21.069321459750595,-62.36641881303558,22.005321136007884,-154.39432690737,21.28183135649529,-478.3464292958397,20.93138320283944,-13.500145083706684,19.31115015971008,6.515127465460154,21.041404855711315,-5.56459872746413,19.6628776547467,7.708225718346057,19.335546370903847,-9.071459793605016,19.092241834192135,-121.67167660709493,622.4240215678201,395.8603762120397,0.0,0.0,0.0,0.0,0.0,0.0,0.0,0.0,0.0,0.0,0.0,0.0,0.0,0.0,0.0,0.0,0.0,0.0,0.0,0.0,0.0,0.0,1.2539999150415425,0.3827838568502877,168.6429216515537,196.16246037192179,3771.6754489573938,0.017244843202267276,0.0026319968257428689,37.56320515150227,43.48314288128353,913.387382875987,1.2181659056516337,0.23019008043303744,281.14482075070557,326.8639958692305,6454.028417645974,0.24880588983650535,0.04701547426993675,158.07301692997698,184.0620709487934,3521.6325600138045,0.0,0.0,6.25735098754987,7.325685134713138,116.92489446006489,0.0,0.0,11.530360946225969,13.401823287448007,255.1301229980396,0.0,0.0,154.64403672223103,180.78258448827689,3014.5679281908116,0.0,0.0,17.216881808592356,20.12256134556923,339.61491792162419,0.0,0.0,124.60580120372626,146.06063181477144,2242.4643494441645,33.86071043223782,23.224081229244058,279.30361666946188,326.3142300555092,6307.508953924744,0.0,0.0,125.30952304652749,147.2336482577441,2090.7263907063127,22.623830271888378,21.169250051678156,50.50876055631356,21.0,30.0,0.0,22.274750009776406,51.93198986164717,21.0,30.0,932.104026817504,21.567337519271854,48.76808470121138,21.5,30.0,0.0,21.151127215262457,50.085686118947027,16.0,30.0,0.0,19.300111996660193,56.878594773503269,12.0,30.0,0.0,21.101615375786368,56.038354845888907,19.0,30.0,0.0,19.721691772230359,55.29060493137693,10.0,30.0,0.0,19.83088145344038,56.86849271816514,19.7,30.0,0.0,18.94118418060802,58.087814982733167,16.0,30.0,0.0,20.074227526066204,0.0,0.0,0.0,18.246969652533797,0.0,0.0,697.0801156417865,956.4337656614225,669.9985463359001,672.8212387432177,683.596917089289,981.3487009328032,684.2747906176965,794.076249300175,682.6098750825004,8412.197892999433,82.44262283696577,82.44262283696577,270.0,0.0,270.0,270.0,21.0,16.0,19.0,16.0,19.7,12.0,21.0,10.0,1.0,0.0,22.623830271888378,0.0,932.104026817504,0.0,0.0,0.0,0.0,0.0,0.0,0.0,0.0,82.44262283696577,82.44262283696577,0.34,0.7666324162376179,0.36028137401965956,82.44262283696577,0.3542647819438875,0.0,0.00885 
 04/02  19:30:00,9.795,89.5,5.595000000000001,0.0,0.0,0.0,0.0,1.0,2.0,0.0,0.0,4.0,0.0,0.0,0.0,3628.0,0.0,0.0,0.0,0.0,0.0,0.0,0.0,0.0,0.0,0.0,0.0,21.450314651822603,-463.26949030695075,22.00925927711789,-154.52199463630138,21.355318114275208,-333.0598462412777,20.867891539031015,162.2875085335504,19.310930276443608,5.87600190655273,21.081694805405748,-13.658334374084007,19.6604980386833,24.83184158853919,19.660674286521723,-35.45814183752795,19.028707221030137,-149.73731247809929,593.7349609051053,449.3768128224349,0.0,0.0,0.0,0.0,0.0,0.0,0.0,0.0,0.0,0.0,0.0,0.0,0.0,0.0,0.0,0.0,0.0,0.0,0.0,0.0,0.0,0.0,1.1998546815858183,0.36625600781007885,195.5384992596129,227.55020484739203,4636.03464303232,0.03861513304769074,0.005893640575044375,34.529565508802679,40.05333097842468,847.6212120602503,1.2551827707906063,0.2371849529082779,255.54826858314287,297.6411618885967,5902.0693688736669,0.2818821535058084,0.05326571305854277,217.64755930821037,253.69110446263819,4850.2342220465729,0.0,0.0,6.711294513213518,7.869789426385202,126.73218913001637,0.0,0.0,12.155636890534338,14.148351483232777,273.17022103681918,0.0,0.0,167.2102042121877,195.76345365684137,3299.2741299492247,0.0,0.0,19.093799523912439,22.269552259002898,403.36919171997286,0.0,0.0,134.397144189747,157.80653042514315,2423.133065054734,33.950832753154518,23.285893520682117,262.28841373630839,307.0687491544618,5961.119711397678,0.0,0.0,134.94940467961383,158.81582021798384,2261.1409876449927,724.0815608983129,21.72025974172796,48.59964483829036,21.5,30.0,0.0,22.287405224554186,51.80262507415557,21.0,30.0,0.0,21.465217495101365,48.778482849948179,21.0,30.0,0.0,21.087003911878765,50.334650500802428,16.0,30.0,0.0,19.299802872260995,57.076349519181828,12.0,30.0,0.0,21.181500640371536,57.15461411521606,19.0,30.0,0.0,19.74047008060297,55.22155914281342,10.0,30.0,585.3265708210627,20.380416368614616,55.3797192617011,20.45,30.0,0.0,18.85680976476823,58.61688380095926,16.0,30.0,0.0,19.964029582802156,0.0,0.0,0.0,18.176709917001817,0.0,0.0,690.8089078022442,955.7505885132913,663.0809728196242,679.0994575024843,695.2731840648994,1061.372856226946,689.8518304883003,824.3098895536175,697.1587893190384,8702.544053362713,82.25055450134185,84.00826228170843,270.0,0.0,270.0,270.0,21.0,16.0,19.0,16.0,19.7,12.0,21.0,10.0,1.0,0.0,724.0815608983129,0.0,0.0,0.0,0.0,0.0,585.3265708210627,0.0,2660.0542481655227,1596032.5488993135,2068624.4206016046,82.25055450134185,84.03811399500843,0.3436684749388508,0.7687456565957627,0.36028137401965956,84.03811399500843,0.3542647819438875,2068624.4206016046,0.11649346987128345 
 04/02  19:40:00,9.693333333333334,89.66666666666667,5.48,0.0,0.0,0.0,0.0,1.0,2.0,0.0,0.0,4.0,0.0,0.0,0.0,1814.0,0.0,0.0,0.0,0.0,0.0,0.0,0.0,0.0,0.0,0.0,0.0,21.008456902398387,-42.26383726297445,21.99829332091689,-191.26134415012928,21.47325048389356,-943.5886681346519,20.87670135975649,131.24918958331819,19.30982396668387,7.032514004115683,21.110608849841417,-7.393523125689654,19.60371836302906,-33.5436323995209,19.611734001223323,-29.76224969378154,18.95816089299606,-141.30727585081059,597.1099007008602,487.4179867560156,0.0,0.0,0.0,0.0,0.0,0.0,0.0,0.0,0.0,0.0,0.0,0.0,0.0,0.0,0.0,0.0,0.0,0.0,0.0,0.0,0.0,0.0,1.2887383848269146,0.393387785356201,230.1987012766901,267.89929208936186,5164.310168610874,0.020596984627916157,0.0031436179224536258,40.07515761870175,46.38646716373737,990.2056946255036,1.1971896120202792,0.22622630612628115,298.9248103002959,346.60353219418109,7189.706962424607,0.2628840247996897,0.04967574164771157,201.29116278791239,234.27122332051858,4536.212348993909,0.0,0.0,6.190970528418699,7.249861474621204,118.17194881480066,0.0,0.0,12.50098343474448,14.51766363137775,285.03746552859936,0.0,0.0,164.85398656146129,192.82028299402814,3252.999707497501,0.0,0.0,23.377675185792407,27.269023986832886,487.93406087742508,0.0,0.0,140.2717840040428,164.5212283307718,2533.32287082528,33.77130417180692,23.162760062967715,308.77490633251639,360.34467305312577,6992.497834786747,0.0,0.0,141.7051800521906,166.5513360718943,2392.718207046437,0.0,20.99086519795881,50.77378494250635,21.0,30.0,0.0,22.27175616677637,51.48707346216486,21.0,30.0,1461.9773371814288,21.79108219351086,47.72021068761724,21.5,30.0,0.0,21.11148697874506,50.2297692818201,16.0,30.0,0.0,19.298786878196176,57.32768638246611,12.0,30.0,0.0,21.244925409724148,58.20597166912937,19.0,30.0,0.0,19.631825974179735,55.702093667327677,10.0,30.0,0.0,20.238258205458125,55.69184379742437,19.7,30.0,0.0,18.763609291542154,59.149079554651979,16.0,30.0,0.0,19.954212113301219,0.0,0.0,0.0,18.14026996174384,0.0,0.0,692.3320356700103,941.9848341649745,662.5306051002763,681.6457768636855,710.7266481740423,1134.7923228517237,697.6811469090594,815.0149403215344,710.9568866361515,8415.539378267824,82.44044687468517,82.44044687468517,270.0,0.0,270.0,270.0,21.0,16.0,19.0,16.0,19.7,12.0,21.0,10.0,1.0,0.0,0.0,0.0,1461.9773371814288,0.0,0.0,0.0,0.0,0.0,0.0,0.0,0.0,82.44044687468517,82.44044687468517,0.34,0.7699826730667994,0.36028137401965956,82.44044687468517,0.3542647819438875,0.0,0.009000000000000001 
 04/02  19:50:00,9.591666666666667,89.83333333333333,5.365,0.0,0.0,0.0,0.0,1.0,2.0,0.0,0.0,4.0,0.0,0.0,0.0,2721.0,0.0,0.0,0.0,0.0,0.0,0.0,0.0,0.0,0.0,0.0,0.0,21.059565519062283,28.020797053518764,21.974263313748627,-195.07614865157576,21.038168604379235,-524.6041267363627,20.872349101473519,82.18619574693142,19.309327797285673,7.25934275790867,21.124766527484334,-7.805184413753491,19.514120834417029,-20.350323126556775,19.39680209363903,-18.454997591125009,18.905679272713046,-144.22599267748513,517.5807658912431,444.1171397403508,0.0,0.0,0.0,0.0,0.0,0.0,0.0,0.0,0.0,0.0,0.0,0.0,0.0,0.0,0.0,0.0,0.0,0.0,0.0,0.0,0.0,0.0,1.317046037002485,0.4020287048237138,166.60201397635883,194.2947145082377,3832.725732598037,0.0,0.0,41.34259615724554,47.94592239352812,1026.5887124467584,1.2040392859649103,0.2275206511649493,229.0797490442966,267.3753323776143,5250.6460218938059,0.25048453167007908,0.04733267794219184,113.4537822217881,132.41793277369863,2589.5326086442248,0.0,0.0,5.992922964287067,7.023761475746149,115.60430736078554,0.0,0.0,13.031769296276388,15.149757133111358,300.5969356300409,0.0,0.0,155.02513669212386,181.59197171820095,3048.4075108513254,0.0,0.0,19.94999109656106,23.341810829751009,406.7344622939897,0.0,0.0,129.53658154994714,152.15036890706856,2350.364922990486,33.631601085636017,23.06694175969551,235.3013070400167,275.745975913735,5500.026990339941,0.0,0.0,130.42768678365369,153.58187436270345,2185.0566470523715,0.0,21.137424103449257,50.53093843106964,21.000000000000015,30.00000000000002,0.0,22.23781869137639,51.036539865058148,21.000000000000015,30.00000000000002,17.460605250147969,21.136522758778363,49.16575384477782,21.000000000000015,30.00000000000002,0.0,21.116187647905404,50.16101515490106,16.000000000000015,30.00000000000002,0.0,19.299765514309056,57.63995976019444,12.00000000000001,30.00000000000002,0.0,21.28081298023421,58.83440345264003,19.000000000000015,30.00000000000002,0.0,19.495128096367258,56.35655585400269,10.000000000000007,30.00000000000002,0.0,19.862097346055024,57.0980417903704,19.700000000000018,30.00000000000002,0.0,18.702931486868189,59.58246960001015,16.000000000000015,30.00000000000002,0.0,19.69687762871409,0.0,0.0,0.0,17.967030104921485,0.0,0.0,706.8977089961873,917.9278409933927,647.1035903492966,683.7341332001105,728.8747512260579,1179.2121629269059,711.7783991828927,824.9286747647057,724.8968207615441,2948.999516091874,82.17987016841109,82.17987016841109,270.0000000000002,0.0,270.0000000000002,270.0000000000002,21.0,16.0,19.0,16.0,19.7,12.0,21.0,10.0,1.0,0.0,0.0,0.0,17.460605250147969,0.0,0.0,0.0,0.0,0.0,0.0,0.0,0.0,82.17987016841109,82.17987016841109,0.11333333333333343,0.20588405841798394,0.12009379133988661,82.17987016841109,0.11808826064796259,0.0,0.008985 
 04/02  20:00:00,9.49,90.0,5.25,0.0,0.0,0.0,0.0,1.0,2.0,0.0,0.0,4.0,0.0,0.0,0.0,3632.0,0.0,0.0,0.0,0.0,0.0,0.0,0.0,0.0,0.0,0.0,0.0,21.349100795270635,-84.69781572001102,21.953234448475827,-163.12411295391542,21.590558266885858,-1163.386255548604,20.90126350930521,263.130768231322,19.30585132845452,5.532484278758787,21.12534759434216,-16.045691642506257,19.49392329856405,5.1530721717851979,19.69866677091505,-47.68636821224371,18.84525406984156,-167.44448427860949,626.8552568526118,475.9557859920776,0.0,0.0,0.0,0.0,0.0,0.0,0.0,0.0,0.0,0.0,0.0,0.0,0.0,0.0,0.0,0.0,0.0,0.0,0.0,0.0,0.0,0.0,1.309239068312367,0.3996456252479753,225.06721202543288,261.8457581474239,5402.1378715700989,0.06671936779635354,0.010183053692972153,35.77823446502807,41.54754838924397,895.35653561226,1.1522622415637145,0.21773662916925833,345.4658551461278,401.8385066066625,8425.681988553217,0.2709856279686511,0.05120665683459015,214.5250993828164,249.82914410211093,4983.33155429676,0.0,0.0,6.247519611016557,7.32480420340737,121.73070904584842,0.0,0.0,13.156649063515332,15.30450662465141,306.4162738231537,0.0,0.0,159.03982087856668,186.38148028708344,3155.1207768715464,0.0,0.0,22.960692460208187,26.79435432855052,497.8529527171662,0.0,0.0,131.9294023086211,155.0583515974063,2400.3637682439846,33.78008037340445,23.168779405627203,347.3730114431156,406.33498242576408,8047.837418759229,0.0,0.0,132.89762783641235,156.60098913233927,2225.8583914590037,503.9451947849941,21.577181926848995,48.33858571185192,21.5,30.0,0.0,22.21294287437205,50.87524681825181,21.0,30.0,1728.5678202965292,21.893082511319059,46.818769809396417,21.5,30.0,0.0,21.205121479620308,49.21534134093977,16.0,30.0,0.0,19.29619648581963,57.888580778439308,12.0,30.0,0.0,21.293637911108016,59.12102257225327,19.0,30.0,0.0,19.47970097155845,56.383925820041628,10.0,30.0,579.3422898781201,20.373467103727508,55.48429425070108,20.45,30.0,0.0,18.625145531504019,60.09649797364508,16.0,30.0,0.0,19.974889749655639,0.0,0.0,0.0,17.86070297863958,0.0,0.0,675.609167306543,915.8671426963839,649.1906909788029,663.529340356707,744.0195088209504,1201.6432404880387,718.1989325675627,841.4512742477577,740.0863374753536,9611.726360768846,81.64933878968631,85.2877408171044,270.0,0.0,270.0,270.0,21.0,16.0,19.0,16.0,19.7,12.0,21.0,10.0,1.0,0.0,503.9451947849941,0.0,1728.5678202965292,0.0,0.0,0.0,579.3422898781201,0.0,5506.031463296184,3303618.87797771,4311481.705687823,81.64933878968631,85.34953296219575,0.3535343821098728,0.7662957883677395,0.36028137401965956,85.34953296219575,0.3542647819438875,4311481.705687823,0.23316704869576683 
 04/02  20:10:00,9.471666666666668,89.66666666666667,5.206666666666667,0.0,0.0,0.0,0.0,0.0,2.0,0.0,0.0,4.0,0.0,0.0,0.0,3632.0,0.0,0.0,0.0,0.0,0.0,0.0,0.0,0.0,0.0,0.0,0.0,21.13199829684531,-276.1222465430222,21.95592707798501,-183.6145111720267,21.04198642689836,-211.89418364660743,20.858523301814544,-32.771133761104639,19.300705622592426,7.1455158259686659,21.211171034482235,-16.60689972617783,19.484424801631918,-37.600572292579048,19.63580391810298,-42.19921684637973,18.781690775659997,-166.3242656579314,561.384716653117,528.1063701035978,0.0,0.0,0.0,0.0,0.0,0.0,0.0,0.0,0.0,0.0,0.0,0.0,0.0,0.0,0.0,0.0,0.0,0.0,0.0,0.0,0.0,0.0,1.2677309012007468,0.38697524456677259,187.1200896689607,218.19747176152004,4412.544814035817,0.008280541617557149,0.001263818928198588,40.03899250282626,46.469789064225199,1002.8485424687731,1.316659943200989,0.2488019544975415,253.3004539004895,295.77519077180429,5847.398713559346,0.2548928004235495,0.04816568413143413,116.92888537247112,136.54020758466084,2693.0954586602886,0.0,0.0,6.1214431842004199,7.1787179442935848,119.43790688148475,0.0,0.0,13.484163678464466,15.678817603826082,317.45053877672879,0.0,0.0,168.8639069403624,197.95829330605495,3348.5630118631877,0.0,0.0,22.57904706636718,26.390784204332108,480.7380975321982,0.0,0.0,142.81470505115818,167.93844746495959,2581.79004824764,33.41448623728626,22.91802896933215,256.26760540406039,300.4586342329661,6003.537680896039,0.0,0.0,143.66220589935288,169.34313137936338,2405.5116884842539,35.09167841568132,21.30834109403738,48.990567295014539,21.0,30.0,0.0,22.22490853714106,50.75645434557112,21.0,30.0,0.0,21.116079960821904,49.30128818079424,21.0,30.0,0.0,21.09281612126191,49.79393647279651,16.0,30.0,0.0,19.29107868064397,58.055318217890029,12.0,30.0,0.0,21.40745600248863,58.87577292743886,19.0,30.0,0.0,19.45746237097948,56.414267909768678,10.0,30.0,0.0,20.229934261336959,54.889883324836869,12.0,30.0,0.0,18.544568335722127,60.344069264797777,16.0,30.0,0.0,19.793451234929287,0.0,0.0,0.0,17.839152868821438,0.0,0.0,684.2871734275711,922.0820724888911,668.4889699569849,683.6701195413971,757.4583053785341,1217.899994455296,729.8741405834016,785.7708541802865,750.8842629288707,2117.1864682357406,82.29351328670805,82.29351328670805,570.0,0.0,570.0,570.0,21.0,16.0,19.0,16.0,12.0,12.0,21.0,10.0,1.0,0.0,35.09167841568132,0.0,0.0,0.0,0.0,0.0,0.0,0.0,0.0,0.0,0.0,82.29351328670805,82.29351328670805,0.085,0.15438719956046779,0.09007034350491489,82.29351328670805,0.08856619548597188,0.0,0.018904999999999999 
 04/02  20:20:00,9.453333333333334,89.33333333333334,5.163333333333334,0.0,0.0,0.0,0.0,0.0,2.0,0.0,0.0,4.0,0.0,0.0,0.0,3636.0,0.0,0.0,0.0,0.0,0.0,0.0,0.0,0.0,0.0,0.0,0.0,21.520202324447536,-1047.3797073616123,21.947401217778006,-154.730200742529,21.05684240477648,197.9078114386714,20.7352339043841,32.06752000475004,19.294566872895623,4.7619260716525109,21.299641725921164,-34.2002526887382,19.501039942501039,37.69777873279986,19.331738851228267,-17.468361603963758,18.723532809076489,-177.1374792593001,594.3815820615996,523.7634098383055,0.0,0.0,0.0,0.0,0.0,0.0,0.0,0.0,0.0,0.0,0.0,0.0,0.0,0.0,0.0,0.0,0.0,0.0,0.0,0.0,0.0,0.0,1.074871218389229,0.3281047675180797,270.3059121352861,314.4272084797076,6578.829687955529,0.041377721597994649,0.006315281074175007,32.46769159055647,37.68283398328251,815.0414754629177,1.6932864202693177,0.3199709788868704,259.9920571811481,303.05259249258418,6068.948668909014,0.28788927537189987,0.054400845686300037,119.56802090497112,139.30316605296205,2707.398240944941,0.0,0.0,6.8829134623954009,8.072211431255579,134.4598633693031,0.0,0.0,13.681199046931888,15.902285450127009,325.8972684123462,0.0,0.0,181.14459573995115,212.27351266828448,3624.286369519199,0.0,0.0,15.459656971972917,18.10689223751777,314.5667896826892,0.0,0.0,142.86562452125504,168.00376868025516,2567.8110440511848,33.35033576974441,22.87403002040083,274.4831462819353,321.46051662973107,6355.874540745237,0.0,0.0,142.08789352235656,167.5164110589169,2353.8714365454936,1521.49370808293,21.835787416298158,46.92988022402703,22.0,30.0,0.0,22.220659815094206,50.713982183483398,21.0,30.0,0.0,21.212325671985828,49.13116978423935,21.0,30.0,0.0,20.906822125259155,50.78221685716191,16.0,30.0,0.0,19.28429327708996,58.098403097170677,12.0,30.0,0.0,21.535882334363256,58.32393262300262,19.0,30.0,0.0,19.530400508986359,56.0410401768073,10.0,30.0,0.0,19.70755351678929,56.068438229987119,12.0,30.0,0.0,18.472312029842933,60.537615880733188,16.0,30.0,0.0,19.8657357022119,0.0,0.0,0.0,17.726693663800348,0.0,0.0,672.8394015412026,932.9520762982155,687.3546427702302,713.9823609725141,766.808333795091,1219.9567532192205,736.6299715568512,757.082842490637,757.7460502162473,8436.371854681454,82.42660608734292,82.42660608734292,570.0,0.0,570.0,570.0,21.0,16.0,19.0,16.0,12.0,12.0,21.0,10.0,1.0,0.0,1521.49370808293,0.0,0.0,0.0,0.0,0.0,0.0,0.0,0.0,0.0,0.0,82.42660608734292,82.42660608734292,0.34,0.7692118416228708,0.36028137401965956,82.42660608734292,0.3542647819438875,0.0,0.01868333333333333 
 04/02  20:30:00,9.435,89.0,5.12,0.0,0.0,0.0,0.0,0.0,2.0,0.0,0.0,4.0,0.0,0.0,0.0,3636.0,0.0,0.0,0.0,0.0,0.0,0.0,0.0,0.0,0.0,0.0,0.0,21.31225689375846,-92.83132211468728,21.94236695198201,-169.17475702823044,21.397164986400776,-1060.8004072602108,20.771186903320336,289.92089275789979,19.289354669007478,7.887269991866297,21.364065400111977,-26.28705798712909,19.461147394420736,-57.06307462094696,19.132662732104508,-7.013730628336674,18.669901565361969,-170.5548965999044,669.8605526633096,550.3653385486625,0.0,0.0,0.0,0.0,0.0,0.0,0.0,0.0,0.0,0.0,0.0,0.0,0.0,0.0,0.0,0.0,0.0,0.0,0.0,0.0,0.0,0.0,1.276062186470782,0.3895183719385782,241.26786945953749,281.0310346823993,5713.664365642733,0.03522187010216297,0.005375743300085923,38.74927593598556,44.988925594575537,973.3712663006284,1.3203293593586414,0.24949534379415,398.93412706383136,464.0801204374636,9614.379076926729,0.2835826640437253,0.05358704913902593,237.3945054099843,276.6607706013158,5444.012931163575,0.0,0.0,6.2074978520441379,7.279728568764208,121.4548512069362,0.0,0.0,14.03145951276921,16.304137018389488,337.2862987427439,0.0,0.0,177.1711678812565,207.73327634667786,3517.803470085045,0.0,0.0,10.30398458783258,12.078273080004085,203.46075933213644,0.0,0.0,146.47984063177359,172.3418549689558,2620.9381035542758,33.2305413268379,22.791866479312696,402.77809961411585,470.9068940340487,9263.970240296232,0.0,0.0,145.61001989679876,171.7483381568444,2403.9829213920868,0.0,21.43813037921204,48.426108936074438,21.0,30.0,0.0,22.2156061041029,50.78391818836078,21.0,30.0,1309.255154359918,21.62336056655533,47.399452809731858,21.5,30.0,0.0,21.016662637508476,49.41737318066465,16.0,30.0,0.0,19.280839350176377,58.140322806882057,12.0,30.0,0.0,21.63125561279924,58.02339574866738,19.0,30.0,0.0,19.431831824514175,56.20261720586073,10.0,30.0,0.0,19.38158925052814,56.967717428500588,12.0,30.0,0.0,18.41034539144632,60.39951701867538,16.0,30.0,0.0,20.14819674043789,0.0,0.0,0.0,17.680509894413274,0.0,0.0,696.1462674099034,944.6846158953421,673.489852078812,682.195058800784,777.3368139262711,1228.6701825747439,738.1254027874431,750.8468502001504,753.6264012265812,7389.31006923649,81.1846082202154,83.01253047857999,570.0,0.0,570.0,570.0,21.0,16.0,19.0,16.0,12.0,12.0,21.0,10.0,1.0,0.0,0.0,0.0,1309.255154359918,0.0,0.0,0.0,0.0,0.0,2766.2015426351674,1659720.9255811005,2149666.2215457877,81.1846082202154,83.04357466681246,0.2622067180878389,0.5785510459692589,0.27021103051474468,83.04357466681246,0.2656985864579156,2149666.2215457877,0.13024431018704764 
 04/02  20:40:00,9.416666666666668,88.66666666666667,5.076666666666667,0.0,0.0,0.0,0.0,0.0,2.0,0.0,0.0,4.0,0.0,0.0,0.0,2731.0,0.0,0.0,0.0,0.0,0.0,0.0,0.0,0.0,0.0,0.0,0.0,21.327872876500444,-177.9202178340961,21.93886366853156,-181.7093091112439,20.97753779557624,-289.52552599432019,20.810709826067339,-1.0254592407168335,19.284142762818698,8.097913818822877,21.41568841028093,-27.15723729214125,19.397612078012807,-41.179016346253508,18.985566149858057,-3.7491531796358714,18.621413054053368,-172.97119012137999,602.1043896501417,543.684387013902,0.0,0.0,0.0,0.0,0.0,0.0,0.0,0.0,0.0,0.0,0.0,0.0,0.0,0.0,0.0,0.0,0.0,0.0,0.0,0.0,0.0,0.0,1.2780160700608688,0.39011479550087599,135.38784482445636,157.61191102302804,3216.596568276336,0.018558685513073514,0.002832522208955056,40.62623278486805,47.11700326968247,1021.592829374137,1.3045103546256678,0.24650611387484304,229.02270158977755,267.18115083128648,5288.612278614759,0.2625767230726744,0.04961767253829828,143.64796682433059,167.6608894857327,3314.0963408195186,0.0,0.0,6.319943716128691,7.408610331317467,123.84929427153409,0.0,0.0,14.235634394457435,16.526820749250978,344.7654885899387,0.0,0.0,173.42434391048799,203.3002839215712,3422.162262177447,0.0,0.0,8.884154217397344,10.42598232213778,172.19054826940795,0.0,0.0,142.07269748746433,167.09799671405106,2532.4552999585605,32.92302801252798,22.580951997618667,229.41451974919009,268.8692697500858,5353.4485793845919,0.0,0.0,141.00636215761228,166.2908860329276,2303.0132862713978,480.1463324317653,21.45141648133064,48.85077764447406,21.33333333333335,30.00000000000002,0.0,22.214553762554976,50.62316370151227,21.000000000000015,30.00000000000002,89.08417498824005,21.05689576393285,49.07095907500803,21.000000000000015,30.00000000000002,0.0,21.053648862857167,49.421074306438629,16.000000000000015,30.00000000000002,0.0,19.276900405139619,58.209311940251328,12.00000000000001,30.00000000000002,0.0,21.706214620312954,57.74922618197764,19.000000000000015,30.00000000000002,0.0,19.34781823662856,56.454647723800608,10.000000000000007,30.00000000000002,0.0,19.157928044898907,57.593012810776347,12.00000000000001,30.00000000000002,0.0,18.35534275488116,60.56998506460931,16.000000000000015,30.00000000000002,0.0,19.68400920603485,0.0,0.0,0.0,17.569770284866015,0.0,0.0,723.1059094152863,943.3934068579272,677.6334092571844,691.452364151687,788.3817080953414,1233.8740738816219,741.175087038008,748.218233973585,757.2494498515564,4910.454857124448,82.17888207949599,82.17888207949599,570.0000000000005,0.0,570.0000000000005,570.0000000000005,21.0,16.0,19.0,16.0,12.0,12.0,21.0,10.0,1.0,0.0,480.1463324317653,0.0,89.08417498824005,0.0,0.0,0.0,0.0,0.0,0.0,0.0,0.0,82.17888207949599,82.17888207949599,0.22666666666666686,0.4632050183684484,0.24018758267977323,82.17888207949599,0.23617652129592518,0.0,0.01824 
 04/02  20:50:00,9.398333333333334,88.33333333333334,5.033333333333334,0.0,0.0,0.0,0.0,0.0,2.0,0.0,0.0,4.0,0.0,0.0,0.0,3644.0,0.0,0.0,0.0,0.0,0.0,0.0,0.0,0.0,0.0,0.0,0.0,21.471932813858574,-109.20749862833043,21.926781655952117,-147.4661782380486,21.53167224842016,-1135.8798804293788,20.84669863874919,317.87103924738417,19.277185306405614,5.6263701708204369,21.45087545977923,-37.14979758341863,19.38054115663126,-2.3601412300210997,18.878093114884807,-10.94773935189481,18.571869073221529,-181.08762906428,649.9403736524182,555.2063814839085,0.0,0.0,0.0,0.0,0.0,0.0,0.0,0.0,0.0,0.0,0.0,0.0,0.0,0.0,0.0,0.0,0.0,0.0,0.0,0.0,0.0,0.0,1.2769628577176478,0.3897933021116141,179.18946278542826,208.9613047401843,4318.436427273732,0.08311284346873305,0.012685110419525805,33.91069781819166,39.376128091689249,854.8056481665674,1.2696482197682464,0.2399184088753301,336.96540019424108,392.07324980139,8310.683264136938,0.28538931533463909,0.053928442051141157,215.77444684159864,251.2968049269114,5050.826036882614,0.0,0.0,6.653533306881218,7.803751743212554,130.5375149824904,0.0,0.0,14.34998616736683,16.668489953082209,349.33559216244398,0.0,0.0,176.9543354224789,207.54136290113324,3494.37743426568,0.0,0.0,8.09845973831441,9.506523685269724,154.71633901566114,0.0,0.0,141.2655161397498,166.26618429798476,2507.358129948778,33.07435556752971,22.684743187606118,338.6464125667901,396.33002450796337,7924.725844426946,0.0,0.0,142.12467439305329,167.73043084749038,2305.8068973668289,0.0,21.542968034338665,48.20203971655788,21.0,30.0,0.0,22.20295108459332,50.5917568313193,21.0,30.0,1585.677756459594,21.881454970318438,46.62280654187868,21.5,30.0,0.0,21.17804058074117,49.03775970210141,16.0,30.0,0.0,19.27023602320847,58.241484075642329,12.0,30.0,0.0,21.75471708382704,57.497946372767227,19.0,30.0,0.0,19.337058360865055,56.41963022914814,10.0,30.0,0.0,19.004853247170588,58.09381658756438,12.0,30.0,0.0,18.29778760417898,60.79416559744084,16.0,30.0,0.0,20.043742387137909,0.0,0.0,0.0,17.494901857877616,0.0,0.0,711.7007501815232,947.8404492209112,682.1594130322339,696.7062140928821,796.0183290838763,1234.1889298460579,744.3282056476642,749.7677158497253,763.1093108357214,4962.480912084893,81.93594306375025,83.64519360639534,570.0,0.0,570.0,570.0,21.0,16.0,19.0,16.0,12.0,12.0,21.0,10.0,1.0,0.0,0.0,0.0,1585.677756459594,0.0,0.0,0.0,0.0,0.0,2586.793578327383,1552076.1469964297,2014656.0496271467,81.93594306375025,83.67422235493184,0.17122645261091277,0.38306071708484387,0.18014068700982978,83.67422235493184,0.17713239097194376,2014656.0496271467,0.12252711458061164 
 04/02  21:00:00,9.38,88.0,4.99,0.0,0.0,0.0,0.0,0.0,2.0,0.0,0.0,4.0,0.0,0.0,0.0,1824.0,0.0,0.0,0.0,0.0,0.0,0.0,0.0,0.0,0.0,0.0,0.0,21.116851274112784,-99.96572626356329,21.938077242470429,-147.59685514033516,21.297100511404389,-576.9691618730512,20.851191567883008,17.931000506104739,19.26742914823634,6.602581009333861,21.4764589350633,-36.48477900394283,19.369685443287048,-25.47922561041196,18.768010842932705,-21.690223016763157,18.521798947995124,-175.6828271480249,668.6043822745824,589.2589967618742,0.0,0.0,0.0,0.0,0.0,0.0,0.0,0.0,0.0,0.0,0.0,0.0,0.0,0.0,0.0,0.0,0.0,0.0,0.0,0.0,0.0,0.0,1.2671921139466796,0.38681077959300355,179.5392118330795,208.87712477106857,4202.449224589125,0.05002618755041942,0.007635254510137275,36.351978681709159,42.109507347244718,918.8288577303363,1.4180145720224867,0.2679543786890565,329.7530434400892,383.5728284559686,7906.251312565877,0.2657106670162258,0.05020987660926412,198.2411495156104,230.9829707750011,4621.450156403694,0.0,0.0,6.595033921028428,7.723358442598917,129.53315405211093,0.0,0.0,14.447040639038982,16.747966950570093,353.3130402435787,0.0,0.0,181.0632394620478,212.032281926777,3580.071387935986,0.0,0.0,10.240297962382773,12.002974789702332,192.79785203296599,0.0,0.0,143.66369499630148,168.85460097480718,2539.750074815548,32.834396853491167,22.520162450954169,325.82925139889269,380.7656899387343,7635.563084657643,0.0,0.0,148.31830584670696,174.77802775119489,2404.9497058415779,30.559471214045826,21.204843942123426,49.19790081514205,21.0,30.0,0.0,22.228723346671687,50.86433951524042,21.0,30.0,986.6270625590707,21.547740199369117,47.57131547863132,21.5,30.0,0.0,21.14399325387609,48.9161460328544,16.0,30.0,0.0,19.259845871389094,58.21833129290354,12.0,30.0,0.0,21.790856393970758,57.27599859533122,19.0,30.0,0.0,19.329142593271138,56.482080946194518,10.0,30.0,0.0,18.84336575031982,58.69383428903423,12.0,30.0,0.0,18.23968257287831,60.96642590335803,16.0,30.0,0.0,20.144045854963957,0.0,0.0,0.0,17.469008399456919,0.0,0.0,714.5540208633441,971.658454847462,684.5192481177886,691.3950106024224,800.8392847967575,1233.6803820040826,749.0955199043912,755.6890066042408,765.7995382273061,9507.960384331418,81.71811901844888,81.71811901844888,570.0,0.0,570.0,570.0,21.0,16.0,19.0,16.0,12.0,12.0,21.0,10.0,1.0,0.0,30.559471214045826,0.0,986.6270625590707,0.0,0.0,0.0,0.0,0.0,0.0,0.0,0.0,81.71811901844888,81.71811901844888,0.34,0.7717041880345159,0.36028137401965956,81.71811901844888,0.3542647819438875,0.0,0.01729 
 04/02  21:10:00,9.25,88.50000000000002,4.923333333333334,0.0,0.0,0.0,0.0,0.0,2.0,0.0,0.0,4.0,0.0,0.0,0.0,3648.0,0.0,0.0,0.0,0.0,0.0,0.0,0.0,0.0,0.0,0.0,0.0,21.4399984037074,-496.3281180746284,21.936409705294126,-153.49581085613353,21.371889861806797,-351.59123736947597,20.77028479742126,179.40024807868486,19.258855752675517,6.512497338490498,21.490656395477389,-41.82858920489329,19.35952913075257,-5.970163741206306,18.679557099124787,-32.10326175331312,18.48217287072017,-173.63394873016683,604.1588510879269,621.038320881031,0.0,0.0,0.0,0.0,0.0,0.0,0.0,0.0,0.0,0.0,0.0,0.0,0.0,0.0,0.0,0.0,0.0,0.0,0.0,0.0,0.0,0.0,1.2334444421697342,0.37650929248160389,191.03774860471598,222.40792448999953,4735.961747787016,0.06406633134995123,0.009778133600419906,34.862812892563088,40.466274185721669,890.3242776763663,1.4202352194647019,0.2683740021664215,255.44345493708617,297.61556380798666,6184.673824293568,0.2923543275961743,0.055244581934273288,228.57266183800795,266.5875828344265,5319.469491095823,0.0,0.0,6.9748441703442,8.18149234270944,138.6532451890235,0.0,0.0,14.563671466846808,16.913741688023479,360.2925297620567,0.0,0.0,190.60249532436303,223.5419659339858,3820.231409709493,0.0,0.0,14.251954108090129,16.744988373770569,268.74916956919847,0.0,0.0,146.68993295694669,172.700859266706,2619.535982787509,33.02599021755767,22.651570793935315,261.86449444976736,306.7554385835984,6216.946288557829,0.0,0.0,155.42590003907567,183.45452060236284,2553.586184322755,749.340910787221,21.71419227634397,47.49839648573118,21.5,30.0,0.0,22.23136385572346,50.769750219632928,21.0,30.0,0.0,21.472185402830914,47.578419641535777,21.0,30.0,0.0,21.037072449047647,49.299293784521157,16.0,30.0,0.0,19.252550230012028,58.212679931358909,12.0,30.0,0.0,21.809908632474767,57.168800755693798,19.0,30.0,0.0,19.33675776737781,56.2836501795096,10.0,30.0,0.0,18.72279251155961,59.13967151809602,12.0,30.0,0.0,18.20114161777945,61.060551552243449,16.0,30.0,0.0,19.90193302539388,0.0,0.0,0.0,17.448122367428927,0.0,0.0,712.0953094282801,971.8647795990887,682.05658259262,698.6448006524438,805.1958248122229,1235.0441998105167,748.4884821355704,761.8100998120464,768.9331061602707,5048.553675148259,81.32321645500535,81.32321645500535,570.0,0.0,570.0,570.0,21.0,16.0,19.0,16.0,12.0,12.0,21.0,10.0,1.0,0.0,749.340910787221,0.0,0.0,0.0,0.0,0.0,0.0,0.0,0.0,0.0,0.0,81.32321645500535,81.32321645500535,0.17,0.3862363967359872,0.18014068700982978,81.32321645500535,0.17713239097194376,0.0,0.016815 
 04/02  21:20:00,9.120000000000001,89.0,4.856666666666667,0.0,0.0,0.0,0.0,0.0,2.0,0.0,0.0,4.0,0.0,0.0,0.0,1826.0,0.0,0.0,0.0,0.0,0.0,0.0,0.0,0.0,0.0,0.0,0.0,20.99507809324904,-55.00536276659295,21.916863014173324,-191.34022746281279,21.480888508084399,-1008.0651841708441,20.77516751415981,146.24732993259387,19.24864349630469,8.161802846005728,21.503267616565674,-33.72374381717066,19.306993297305004,-63.19293790300844,18.589962980975885,-30.54908219974564,18.44315153001335,-168.39312081679055,622.0411315629508,637.533165592406,0.0,0.0,0.0,0.0,0.0,0.0,0.0,0.0,0.0,0.0,0.0,0.0,0.0,0.0,0.0,0.0,0.0,0.0,0.0,0.0,0.0,0.0,1.3420105263250442,0.40964912280984258,234.2149216385837,272.72421266017616,5501.416001787567,0.03268426024533803,0.004988440208384925,40.58147612189623,47.00485661841363,1043.4839475864558,1.3499092273625677,0.255084888012579,310.2115698000011,359.8926792376514,7807.237016622628,0.2750561441718299,0.051975839790595199,212.98397250103546,248.04772388257053,5016.211696761053,0.0,0.0,6.521708847313304,7.638689627906317,131.230662186629,0.0,0.0,14.693447161789378,17.03033424320619,367.92072708430228,0.0,0.0,186.8448214241679,218.88810631221583,3759.3196565930199,0.0,0.0,14.688271655494829,17.243558560453388,277.41777464312227,0.0,0.0,147.31617359333797,173.18744803335376,2658.2372360529036,33.010380854976649,22.640864783934608,320.2106308050461,373.9541478254998,7576.541148133034,0.0,0.0,157.10710737636988,185.17220468615637,2612.671781291907,0.0,20.9426216922146,49.728177838571529,21.0,30.0,0.0,22.201308897854767,50.4663826366116,21.0,30.0,1523.5742632570064,21.776936670229895,46.60932712345773,21.5,30.0,0.0,21.049335111458974,49.234789296454739,16.0,30.0,0.0,19.242988551786536,58.20770075700908,12.0,30.0,0.0,21.83067538163994,57.07133441209811,19.0,30.0,0.0,19.239107443974466,56.63394966527282,10.0,30.0,0.0,18.5987358879322,59.55574687375683,12.0,30.0,0.0,18.161888050898115,61.09653747942204,16.0,30.0,0.0,19.91151262772423,0.0,0.0,0.0,17.416753156604707,0.0,0.0,712.9789949887212,957.5274758003334,682.245330579402,701.7930909454734,810.4038319921422,1238.6399553626775,751.9883893973456,767.103504095929,769.204824922231,10608.53270912942,80.99023587500642,84.56629494042824,570.0,0.0,570.0,570.0,21.0,16.0,19.0,16.0,12.0,12.0,21.0,10.0,1.0,0.0,0.0,0.0,1523.5742632570064,0.0,0.0,0.0,0.0,0.0,5411.788915882251,3247073.3495293508,4202402.7933883829,80.99023587500642,84.62702829506049,0.3503929638627417,0.7699791472000824,0.36028137401965956,84.62702829506049,0.3542647819438875,4202402.7933883829,0.23483327858952925 
 04/02  21:30:00,8.99,89.5,4.79,0.0,0.0,0.0,0.0,0.0,2.0,0.0,0.0,4.0,0.0,0.0,0.0,3653.0,0.0,0.0,0.0,0.0,0.0,0.0,0.0,0.0,0.0,0.0,0.0,21.281478865375214,-46.47051916584405,21.888147885958064,-197.8312748453297,21.062012485183574,-581.8806472333329,20.762020179629965,86.02796358003661,19.23970836218288,7.3095994577584879,21.514889671850488,-34.60284562688375,19.225652532279555,-42.537263998359779,18.526886739743799,-31.22847126574301,18.407397219310984,-176.19755298578526,535.8617155800857,588.1183452112248,0.0,0.0,0.0,0.0,0.0,0.0,0.0,0.0,0.0,0.0,0.0,0.0,0.0,0.0,0.0,0.0,0.0,0.0,0.0,0.0,0.0,0.0,1.3543547162468202,0.4134171905515324,136.55917351133619,159.32005724658073,3347.974382455047,0.019196324293444035,0.0029298419251288208,41.485249959971287,48.165040709546207,1073.5790494290305,1.3032434487640113,0.24626671367422743,222.47242210569665,259.7721492726774,5395.400737710583,0.2626104036366124,0.04962403696836968,154.4236437548451,180.3108573375741,3677.708253904975,0.0,0.0,6.675737299859371,7.830038362874442,135.92946802614805,0.0,0.0,14.968206283644936,17.3796272280444,379.04575635112556,0.0,0.0,176.19575147183677,206.79930912206687,3549.493783500887,0.0,0.0,14.421903053207594,16.958057699247516,273.9174722019249,0.0,0.0,136.76558394451255,161.06377351458307,2493.4659928773719,33.00904777059253,22.63995045994001,226.04500622456119,265.20047635276236,5540.715153726534,0.0,0.0,146.60070185536547,173.14396334825225,2437.447111297727,452.8412916064442,21.350090749472615,48.71949350180033,21.25,30.0,0.0,22.160497806416914,50.072016718407848,21.0,30.0,36.07263495949812,21.166244217109349,48.07260018180881,21.0,30.0,0.0,21.03384960065658,49.003381955135989,16.0,30.0,0.0,19.236172236934665,58.295489774811219,12.0,30.0,0.0,21.849906842642075,56.97191252415331,19.0,30.0,0.0,19.123491501752104,57.0078368041635,10.0,30.0,0.0,18.52356845223564,59.782615019431407,12.0,30.0,0.0,18.127389212824676,61.18546867430727,16.0,30.0,0.0,19.616634409837439,0.0,0.0,0.0,17.283115915603088,0.0,0.0,730.1089134791739,936.1246872369577,675.5631998963502,695.5474427367399,818.6386567517797,1241.9551816243889,756.9481123075914,769.8389914952862,772.5612821839145,3495.484207310842,81.99294881977005,81.99294881977005,570.0,0.0,570.0,570.0,21.0,16.0,19.0,16.0,12.0,12.0,21.0,10.0,1.0,0.0,452.8412916064442,0.0,36.07263495949812,0.0,0.0,0.0,0.0,0.0,0.0,0.0,0.0,81.99294881977005,81.99294881977005,0.17,0.34723112368649569,0.18014068700982978,81.99294881977005,0.17713239097194376,0.0,0.01580166666666667 
 04/02  21:40:00,8.86,90.0,4.723333333333333,0.0,0.0,0.0,0.0,0.0,2.0,0.0,0.0,4.0,0.0,0.0,0.0,3656.0,0.0,0.0,0.0,0.0,0.0,0.0,0.0,0.0,0.0,0.0,0.0,21.444728958665104,-173.14261385056694,21.879639555163008,-128.72119683742535,21.327338837993716,-937.2650908074299,20.828562943255088,306.05388832728058,19.226101414993339,5.162004841537026,21.51428806693496,-49.02698966109838,19.255869181734007,-1.3146218588778993,18.459333120682794,-37.95349022398912,18.360599011654359,-184.68037728071273,677.0386897902804,670.4504770275153,0.0,0.0,0.0,0.0,0.0,0.0,0.0,0.0,0.0,0.0,0.0,0.0,0.0,0.0,0.0,0.0,0.0,0.0,0.0,0.0,0.0,0.0,1.3182939611883383,0.4024096340623743,172.87211714320643,201.22406767229553,4341.617659785119,0.121936809101655,0.018610624099764194,31.577783373623708,36.65009915162743,828.2815884994601,1.3455888210192928,0.2542684846975233,325.9533871159487,379.74670775780569,8261.300073365623,0.3076379563415898,0.058132644811335929,258.241267039617,301.39435867395187,6283.968433729034,0.0,0.0,7.115750455038036,8.346924282032319,146.5128390796844,0.0,0.0,14.846371898749738,17.237941858700169,379.67518889508559,0.0,0.0,198.22803157762244,232.6186478858702,4072.0503650178309,0.0,0.0,17.72414327096681,20.85149546489271,338.27673804807059,0.0,0.0,149.2220452560719,175.77167353628148,2743.106257685448,33.53677144252224,23.001900852210043,326.82483513656936,382.81251745656746,7987.574984998502,0.0,0.0,161.99434405866607,191.3227717314725,2741.304134824551,0.0,21.53527231964893,47.94753908648454,21.0,30.0,0.0,22.163530867942638,50.35318644255548,21.0,30.0,1213.3129595540646,21.646900514237307,46.90058949549243,21.5,30.0,0.0,21.199591006885187,48.522793094152358,16.0,30.0,0.0,19.221256273507497,58.219152744114,12.0,30.0,0.0,21.847723614409039,56.748829388311737,19.0,30.0,0.0,19.198029532321926,56.58654496075529,10.0,30.0,0.0,18.436579045182318,60.04287937094728,12.0,30.0,0.0,18.07205937256704,61.305802269935117,16.0,30.0,0.0,19.967528532829726,0.0,0.0,0.0,17.29961411014171,0.0,0.0,730.3447683425703,963.40425599738,696.1911885797692,709.2755826991372,820.0274063828083,1235.9336640617842,762.067848141289,776.0505830807477,780.0716768040394,4753.091017336616,82.67075127707702,84.41740298840313,570.0,0.0,570.0,570.0,21.0,16.0,19.0,16.0,12.0,12.0,21.0,10.0,1.0,0.0,0.0,0.0,1213.3129595540646,0.0,0.0,0.0,0.0,0.0,2643.3393565283138,1586003.6139169883,2059566.5991082465,82.67075127707702,84.44706693294718,0.17311131188427715,0.3831301025247297,0.18014068700982978,84.44706693294718,0.17713239097194376,2059566.5991082465,0.12239246315362883 
 04/02  21:50:00,8.73,90.5,4.656666666666666,0.0,0.0,0.0,0.0,0.0,2.0,0.0,0.0,4.0,0.0,0.0,0.0,914.0,0.0,0.0,0.0,0.0,0.0,0.0,0.0,0.0,0.0,0.0,0.0,21.00761633579086,9.816937577162208,21.852946613489274,-207.8351968084005,20.968825405101357,-483.89904795525129,20.72223878076079,35.17655376503808,19.211266005153214,7.780901649707289,21.514025912296586,-38.637653483273769,19.20055284746079,-47.280653551220897,18.390626820412665,-33.868840978585698,18.318094214132829,-170.0027367104849,534.6473317364507,662.323487024606,0.0,0.0,0.0,0.0,0.0,0.0,0.0,0.0,0.0,0.0,0.0,0.0,0.0,0.0,0.0,0.0,0.0,0.0,0.0,0.0,0.0,0.0,1.3543257969872203,0.4134083629387119,99.37297077424027,115.3041037712143,2450.9585417179966,0.04144314624755232,0.006325266521299194,39.79771586481648,45.9796562613588,1048.2372506263073,1.440846423149123,0.27226878744314506,157.6637063024691,183.1040883513668,3854.0827964744337,0.2606419163408527,0.04925206280061463,110.73305172777562,128.55744046174775,2678.2110367837337,0.0,0.0,6.782183828403197,7.916405163529417,141.2841829556444,0.0,0.0,15.045449876859644,17.37056694243622,389.03780571547568,0.0,0.0,189.5298234788345,221.39729995012139,3910.0818669604707,0.0,0.0,17.206065842295908,20.147711129588588,330.0750027287242,0.0,0.0,145.70825002816037,170.81032438723543,2705.2873905823296,33.29722673431089,22.837604070172085,155.31748143863553,181.33138681266585,4011.9543318380744,0.0,0.0,158.45771026343045,186.26326522664989,2703.3579212605934,0.0,21.066370816284978,50.32715023566211,21.0,30.0,0.0,22.11616188158131,49.92290013742554,21.0,30.0,394.9544830389115,21.010014598658385,47.72177356976811,21.0,30.0,0.0,20.959214818806037,49.8845274989129,16.0,30.0,0.0,19.205312270787294,58.231640144277708,12.0,30.0,0.0,21.851959144308144,56.64300350904862,19.0,30.0,0.0,19.100841668707873,56.76537574730274,10.0,30.0,0.0,18.346872549781059,60.28220007381633,12.0,30.0,0.0,18.026565475030794,61.41628309911518,16.0,30.0,0.0,19.46576424049255,0.0,0.0,0.0,17.234168831388609,0.0,0.0,780.058600376489,946.6862433464312,661.2887256688925,740.7273559981452,827.5875927883898,1240.4393661921698,760.7022306132019,782.0889307933342,783.5337731150161,8370.950656468254,82.4699320645472,82.4699320645472,570.0,0.0,570.0,570.0,21.0,16.0,19.0,16.0,12.0,12.0,21.0,10.0,1.0,0.0,0.0,0.0,394.9544830389115,0.0,0.0,0.0,0.0,0.0,0.0,0.0,0.0,82.4699320645472,82.4699320645472,0.34,0.6153879031210514,0.36028137401965956,82.4699320645472,0.3542647819438875,0.0,0.01501 
 04/02  22:00:00,8.6,91.0,4.59,0.0,0.0,0.0,0.0,0.0,2.0,0.0,0.0,4.0,0.0,0.0,0.0,3660.0,0.0,0.0,0.0,0.0,0.0,0.0,0.0,0.0,0.0,0.0,0.0,21.343395948553778,-162.27903485063167,21.83713698124304,-159.75297165433353,21.567402284494017,-1227.6491021655389,20.77122993611396,275.83672236053556,19.199057376528726,5.012793906627174,21.511220518930818,-45.631264877137997,19.17213485782295,-18.23310039157718,18.350332961166865,-34.97974664451367,18.284376674229486,-187.31959552082709,692.2129582401535,630.6830345567446,0.0,0.0,0.0,0.0,0.0,0.0,0.0,0.0,0.0,0.0,0.0,0.0,0.0,0.0,0.0,0.0,0.0,0.0,0.0,0.0,0.0,0.0,1.3931826398158223,0.4252694260732058,251.24490269624634,292.4896489875662,6430.54649780092,0.09783179290633232,0.014931592323921293,35.511338021655678,41.258595176391697,944.4693018586081,1.4246914175521526,0.2692160652970811,378.32995412087237,440.1718622748897,9905.463014385443,0.290115724642548,0.054821565503126969,228.9822254167327,266.8076874329161,5677.693533004932,0.0,0.0,7.078897077686159,8.301909100997066,149.03095483324317,0.0,0.0,15.120359749859543,17.55582517484387,394.4455897655049,0.0,0.0,185.29694993292038,217.4689391874972,3860.446221042481,0.0,0.0,16.387280079649604,19.280671736015113,317.21235379863767,0.0,0.0,140.0580188352327,164.9923738940546,2626.1441885579699,33.59220354159751,23.039920124552489,379.58541152286548,444.3579353863257,9361.145584230904,0.0,0.0,152.03071599119938,179.62955831029584,2599.477166797171,568.0027988938218,21.533777831342659,47.451059350458219,21.5,30.0,0.0,22.106861705810894,49.95662030333345,21.0,30.0,1741.6531818079307,21.86675580958765,45.81663600771829,21.5,30.0,0.0,21.106530013870967,48.45112442849988,16.0,30.0,0.0,19.194622560434106,58.23159899673536,12.0,30.0,0.0,21.850326529109027,56.49593088828727,19.0,30.0,0.0,19.0784870036486,56.89537464776187,10.0,30.0,0.0,18.310821377536855,60.38584285653236,12.0,30.0,0.0,17.995042650959286,61.51093314723357,16.0,30.0,0.0,19.93525494246999,0.0,0.0,0.0,17.12631773406727,0.0,0.0,719.2950343645439,952.1295345461069,689.2473888748262,706.3466722180104,830.2350250252928,1237.5292764151469,768.8624519650389,784.6623926372788,787.5500977975962,8186.231924185469,82.59185250398534,84.4057031222712,570.0,0.0,570.0,570.0,21.0,16.0,19.0,16.0,12.0,12.0,21.0,10.0,1.0,0.0,568.0027988938218,0.0,1741.6531818079307,0.0,0.0,0.0,0.0,0.0,2744.929333652697,1646957.6001916184,2144922.8098092416,82.59185250398534,84.4365083273405,0.34649764445508998,0.7671457785046656,0.36028137401965956,84.4365083273405,0.3542647819438875,2144922.8098092416,0.12626098611008056 
 04/02  22:10:00,8.583333333333334,91.00000000000002,4.575,0.0,0.0,0.0,0.0,0.0,2.0,0.0,0.0,4.0,0.0,0.0,0.0,7320.0,0.0,0.0,0.0,0.0,0.0,0.0,0.0,0.0,0.0,0.0,0.0,21.300181128063224,-310.880736845702,21.836229665897038,-200.2279368631534,21.057835548479486,-231.1491148757927,20.775310921045447,54.991503673171369,19.180413975658746,1.418906263342798,21.502626937350187,-32.712396833903188,19.236210176771495,-45.54202356193554,18.284952465190075,-67.67258889674021,19.24780396400504,-213.4912331210388,503.00910126139118,623.4999817394987,0.0,0.0,0.0,0.0,0.0,0.0,0.0,0.0,0.0,0.0,0.0,0.0,0.0,0.0,0.0,0.0,0.0,0.0,0.0,0.0,0.0,0.0,1.3303629365705472,0.40609369248185209,137.90738836576174,160.92551712798309,3519.336150229937,0.058453619419767548,0.008921492585434607,37.571333773000777,43.64057567125795,999.7870094331595,1.6238703967039828,0.3068538164595585,154.46377784954005,180.49097225566517,3886.236262400823,0.2752859297983814,0.05201926111080524,113.06157962684273,132.16246405563343,2798.9275701725707,0.0,0.0,6.616189918901459,7.768656906794484,139.20744154280045,0.0,0.0,14.472412181789285,16.82089284248631,377.6926536660482,0.0,0.0,146.33322872400795,171.83851784315574,3083.7176932998688,0.0,0.0,28.301494378089325,33.31981401075635,543.5855861288025,0.0,0.0,113.35436686623035,132.8728256843114,2469.19085259502,33.36967443021397,22.887293847883389,160.0136618082456,188.03603176950444,4189.776204251352,0.0,0.0,116.36295601115217,137.60286465089036,1979.1609942372755,258.3761705612601,21.370215126563399,47.76232560236292,21.125,30.0,0.0,22.114243954545903,50.17911541891048,21.0,30.0,0.0,21.18683928004157,47.74443503392582,21.0,30.0,0.0,21.08643660303983,48.485668864492968,16.0,30.0,0.0,19.172766335431715,58.021114139464319,12.0,30.0,0.0,21.84127759422461,55.16270267066973,19.0,30.0,0.0,19.204477507813338,56.092756559925287,10.0,30.0,0.0,18.2222183923547,60.68772634148426,12.0,30.0,1576.564155994848,19.56684205398139,55.424568155573748,19.75,30.0,0.0,19.33001822186645,0.0,0.0,0.0,17.026738121778288,0.0,0.0,724.5173692353612,972.3727101121285,695.5290189813708,712.078921478201,824.057538377185,1210.873284138068,765.3030843109499,791.6542866657164,781.6464716289867,9869.660947765158,81.47891175491682,81.47891175491682,570.0,0.0,570.0,570.0,21.0,16.0,19.0,19.0,12.0,12.0,21.0,10.0,1.0,0.0,258.3761705612601,0.0,0.0,0.0,0.0,0.0,0.0,1576.564155994848,0.0,0.0,0.0,81.47891175491682,81.47891175491682,0.33999999999999999,0.7721203039229485,0.36028137401965956,81.47891175491682,0.3542647819438875,0.0,0.014439999999999998 
 04/02  22:20:00,8.566666666666667,91.0,4.5600000000000009,0.0,0.0,0.0,0.0,0.0,2.0,0.0,0.0,4.0,0.0,0.0,0.0,2745.0,0.0,0.0,0.0,0.0,0.0,0.0,0.0,0.0,0.0,0.0,0.0,21.5690068243399,-1162.164323902795,21.806271663460714,-157.98977255364228,20.99615642568512,272.76170364033796,20.659755946064509,69.73869153512894,19.156755937242698,-2.1439585169229069,21.498837255373038,-36.45407643412525,19.21559869083884,62.19075419191296,18.196963140466147,-72.49318381016539,19.264472667252894,-89.45444462347357,612.6311219321704,550.1710437451582,0.0,0.0,0.0,0.0,0.0,0.0,0.0,0.0,0.0,0.0,0.0,0.0,0.0,0.0,0.0,0.0,0.0,0.0,0.0,0.0,0.0,0.0,1.1938652824501517,0.36442774189565066,280.12936813719036,325.61625585330048,7287.374418989027,0.0930312953648518,0.014198915653976158,31.410604929587487,36.46612382662259,835.8531584947896,2.0346687274773229,0.38448010723305417,228.30909291919688,265.79945788512409,5749.445902142285,0.29999097502211627,0.05668763700342329,140.4195095991115,163.56623411004444,3420.7787399434607,0.0,0.0,7.350126309185163,8.61718367082017,154.48481862335627,0.0,0.0,13.20137673811885,15.326254019073783,344.96582953631619,0.0,0.0,133.47453357413304,156.51538907641175,2820.60098907867,0.0,0.0,32.059967910840388,37.72674147572681,609.4890973640015,0.0,0.0,104.73839291127205,122.6763309842635,2280.4814444835508,33.41403599096006,22.917720158408824,239.87620495904634,280.77419580486,6014.5784198939659,0.0,0.0,96.89793081194273,114.51773973915238,1620.3142115731374,1183.5722918698694,21.78065566787265,45.76247786794006,21.666666666666658,29.99999999999999,0.0,22.075787520287855,50.007891322288518,20.999999999999994,29.99999999999999,0.0,21.200825923565728,47.56516749794841,20.999999999999994,29.99999999999999,0.0,20.896803595743387,49.01477277509559,15.999999999999993,29.99999999999999,0.0,19.142410222253539,57.592140651625928,11.999999999999995,29.99999999999999,0.0,21.840169297734783,53.37589577304024,18.999999999999994,29.99999999999999,0.0,19.201349448395136,55.50135029163137,9.999999999999997,29.99999999999999,0.0,18.096770625230726,61.092650707291387,11.999999999999995,29.99999999999999,0.0,19.538484649055623,54.91146682074047,18.999999999999994,29.99999999999999,0.0,19.618093559542396,0.0,0.0,0.0,16.889793909614484,0.0,0.0,690.7417617744793,969.2196825655192,696.5705429585455,718.4273280921323,808.7315417530703,1181.813112971941,750.8332600954873,798.4299354080295,767.9561839896728,4834.488595485969,82.79706196405772,82.79706196405772,569.9999999999998,0.0,569.9999999999998,569.9999999999998,21.0,16.0,19.0,19.0,12.0,12.0,21.0,10.0,1.0,0.0,1183.5722918698694,0.0,0.0,0.0,0.0,0.0,0.0,0.0,0.0,0.0,0.0,82.79706196405772,82.79706196405772,0.2266666666666666,0.5126271550186481,0.24018758267977295,82.79706196405772,0.2361765212959249,0.0,0.014661666666666667 
 04/02  22:30:00,8.55,91.0,4.545,0.0,0.0,0.0,0.0,0.0,2.0,0.0,0.0,4.0,0.0,0.0,0.0,1832.0,0.0,0.0,0.0,0.0,0.0,0.0,0.0,0.0,0.0,0.0,0.0,21.244723969420386,-422.22768097948485,21.800418119272888,-190.4123915770639,21.011043834620517,-444.68303167045726,20.634134707095954,134.165056619187,19.135737545499248,2.029948417861206,21.494970199801999,-22.621432568580305,19.316295400852526,44.90243340836423,18.121117814583877,-74.7108528252416,19.10099697931502,-19.951829719899878,643.372334321225,403.59451058881248,0.0,0.0,0.0,0.0,0.0,0.0,0.0,0.0,0.0,0.0,0.0,0.0,0.0,0.0,0.0,0.0,0.0,0.0,0.0,0.0,0.0,0.0,1.3519277943775135,0.41267637191010789,256.81765411857028,298.8219642208709,6483.394798968611,0.04433825183562993,0.0067671324535454719,39.75368763920504,46.05223090441667,1057.1595464621453,1.6109078548056886,0.30440435653924588,302.50782874104496,351.8792273502862,7534.790187202068,0.28450142250491786,0.05376066184900184,185.2035633309693,215.74724990717238,4509.800096961468,0.0,0.0,6.36204115457363,7.45550913481155,133.64817336826006,0.0,0.0,13.145178673516622,15.244058396205695,343.98488766044366,0.0,0.0,92.53194304281505,108.45268561509556,1988.10969014466,0.0,0.0,31.501181625754833,37.04803701175685,593.8992033055444,0.0,0.0,59.435492537578529,69.73800168709835,1267.162317868097,33.201721977686108,22.772100121869764,311.32212231974986,363.8065981317723,7663.666305475129,0.0,0.0,65.05567791551238,76.96511385364406,1052.9025789165217,711.0471644840027,21.339990561034364,47.42515246033736,21.5,30.0,0.0,22.07333170353796,50.126758733704367,21.0,30.0,401.5452460054841,21.164217420638008,47.359505446149118,21.0,30.0,0.0,20.877130779599616,48.68460012823068,16.0,30.0,0.0,19.11873091455385,57.193730396447339,12.0,30.0,0.0,21.8410292998377,52.29912201373281,19.0,30.0,0.0,19.381002667676407,54.44507809554112,10.0,30.0,0.0,17.99548669382458,61.28672788278087,12.0,30.0,0.0,19.260580058892104,55.44296887117528,19.0,30.0,0.0,19.767866762199426,0.0,0.0,0.0,16.54068472127054,0.0,0.0,711.8335248684773,977.9688051755084,686.0533327804947,705.8307236277359,796.65489197286,1170.9146634468205,739.2740361293811,799.4853366298025,756.0507018437781,9784.274466289315,81.53538807250182,81.53538807250182,570.0,0.0,570.0,570.0,21.0,16.0,19.0,19.0,12.0,12.0,21.0,10.0,1.0,0.0,711.0471644840027,0.0,401.5452460054841,0.0,0.0,0.0,0.0,0.0,0.0,0.0,0.0,81.53538807250182,81.53538807250182,0.34,0.7721413078359811,0.36028137401965956,81.53538807250182,0.3542647819438875,0.0,0.014883333333333332 
 04/02  22:40:00,8.533333333333334,91.0,4.53,0.0,0.0,0.0,0.0,0.0,2.0,0.0,0.0,0.0,0.0,0.0,0.0,3664.0,0.0,0.0,0.0,0.0,0.0,0.0,0.0,0.0,0.0,0.0,0.0,21.37673057432398,-158.65429809484295,21.46901770262094,-381.10784305750868,21.398722529146018,-824.6182227714279,20.75347137748315,343.75919350668939,19.120636707326655,0.8972089309984671,21.379785953817149,-42.47001915561743,19.438147955996294,117.00578356312912,18.045780561017204,-93.82816926517487,19.303811992459239,-277.545904417553,765.781037420732,576.9603268760598,0.0,0.0,0.0,0.0,0.0,0.0,0.0,0.0,0.0,0.0,0.0,0.0,0.0,0.0,0.0,0.0,0.0,0.0,0.0,0.0,0.0,0.0,1.277911771486398,0.39008295832918146,312.8441383204655,364.2936637978265,8028.638770455995,0.2130434885072645,0.0325157949492162,219.90611979526487,256.4061088541544,5628.388568356372,1.4081162993663195,0.2660839567963569,305.0938955811129,354.9230463361134,7995.244132245985,0.30519103055429627,0.057670262765362117,252.03684881851954,293.86716140377606,6273.222325849529,0.0,0.0,7.424660302606153,8.711384114051324,155.9852838991671,0.0,0.0,13.022434692507727,15.138045630058036,337.9802566540516,0.0,0.0,136.6672290411878,159.98285781494628,3005.1003013058118,0.0,0.0,34.194737946833487,40.2868205840621,638.897628763983,0.0,0.0,71.26644328987655,83.45626167647912,1527.5702898238988,33.48504222070941,22.96642127620675,439.30617173700247,513.8031554349967,10983.361359321583,0.0,0.0,93.93526662097361,111.03940482658297,1530.8537976444669,0.0,21.485199059919166,48.3764852998041,21.000000000000008,30.00000000000001,0.0,21.508377166426084,48.151557471732,12.000000000000004,30.00000000000001,1285.2873533966063,21.81399953549347,45.778208092993597,21.500000000000008,30.00000000000001,0.0,21.127474463337074,47.65028116497103,16.000000000000008,30.00000000000001,0.0,19.105235247344625,56.98098921495792,12.000000000000004,30.00000000000001,0.0,21.712411984776119,51.960852257266349,12.000000000000004,30.00000000000001,0.0,19.606056494545525,54.549924200019777,10.000000000000004,30.00000000000001,0.0,17.894552700731784,61.375835755669289,12.000000000000004,30.00000000000001,782.6910346977987,19.287785353605864,55.63630911261422,19.250000000000008,30.00000000000001,0.0,20.171047694304485,0.0,0.0,0.0,16.569438520084966,0.0,0.0,792.1430750021457,783.5048466863661,702.815567514762,696.6305204605002,793.7475807389969,1156.579036013841,785.2950173108618,800.7555197659951,776.1656147052831,8893.190638737015,82.12459217328515,82.12459217328515,60.00000000000002,0.0,60.00000000000002,60.00000000000002,12.0,16.0,12.0,19.0,12.0,12.0,21.0,10.0,1.0,0.0,0.0,0.0,1285.2873533966063,0.0,0.0,0.0,0.0,782.6910346977987,0.0,0.0,0.0,82.12459217328515,82.12459217328515,0.34000000000000016,0.7711721795603523,0.36028137401965967,82.12459217328515,0.35426478194388769,0.0,0.00159 
 04/02  22:50:00,8.516666666666668,91.0,4.515,0.0,0.0,0.0,0.0,0.0,2.0,0.0,0.0,0.0,0.0,0.0,0.0,1832.0,0.0,0.0,0.0,0.0,0.0,0.0,0.0,0.0,0.0,0.0,0.0,21.61265100155292,-777.3237291913779,21.335709865784293,11.414298406727596,20.907069110970068,-89.2241579540314,20.729609410480515,-18.593243409016396,19.100766984638385,0.0716029967788927,21.241257439012445,-35.47040714355097,19.49497877461768,77.90730633327166,17.967192274203449,-94.3172237732582,19.569357524890628,-191.1424573568995,730.2194232517477,532.7165204103621,0.0,0.0,0.0,0.0,0.0,0.0,0.0,0.0,0.0,0.0,0.0,0.0,0.0,0.0,0.0,0.0,0.0,0.0,0.0,0.0,0.0,0.0,1.2589583291088114,0.38429741425787897,237.94358428584986,275.6848418299966,6328.499920512951,0.23369836717603055,0.03566824895849062,39.35847008177503,45.64913829153603,1003.84728497671,1.6475610742127658,0.3113305128897896,383.29556975460579,446.22308920710659,9460.410706645223,0.2781917582489706,0.05256835945747741,221.768851082362,258.32656128142016,5493.082958919587,0.0,0.0,7.822936214129706,9.163937672423709,164.31225207513448,0.0,0.0,11.640756811462096,13.519741818646722,298.28988047679629,0.0,0.0,118.31656244679749,138.3873646264483,2623.828730096809,0.0,0.0,39.252530412739009,46.179707553066837,726.8789464713527,0.0,0.0,73.0588728905238,85.30530401299576,1657.4454744662494,33.274236779509099,22.821835925589235,390.91522354537985,456.4140758570924,9673.519194539575,0.0,0.0,80.93599526695684,95.6722357939257,1309.7168465357868,1163.1706585036764,21.886709610443846,45.46316563972634,21.5,30.0,0.0,21.39321396250635,47.75313936650621,12.0,30.0,0.0,20.96709190445212,48.00118307861951,21.0,30.0,0.0,21.032542546892218,47.79393359168305,16.0,30.0,0.0,19.083201673915807,56.82520515396446,12.0,30.0,0.0,21.517992843942353,51.58621863505847,12.0,30.0,0.0,19.697337148254328,53.771375359480988,10.0,30.0,0.0,17.79042985582936,61.58587125021975,12.0,30.0,493.6835003068042,19.958601198820277,53.58902578517166,20.0,30.0,0.0,20.04320759710258,0.0,0.0,0.0,16.56730879174839,0.0,0.0,699.9917941726036,744.6440357003315,694.8724785894726,695.2345181769987,792.1851462900906,1133.523823329509,769.4318196402294,806.4398434493414,795.7734468852261,9397.056905352267,81.79144749155275,81.79144749155275,60.0,0.0,60.0,60.0,12.0,16.0,12.0,19.0,12.0,12.0,21.0,10.0,1.0,0.0,1163.1706585036764,0.0,0.0,0.0,0.0,0.0,0.0,493.6835003068042,0.0,0.0,0.0,81.79144749155275,81.79144749155275,0.34,0.7718447888267723,0.36028137401965956,81.79144749155275,0.3542647819438875,0.0,0.0015833333333333336 
 04/02  23:00:00,8.5,91.0,4.5,0.0,0.0,0.0,0.0,0.0,2.0,0.0,0.0,0.0,0.0,0.0,0.0,3664.0,0.0,0.0,0.0,0.0,0.0,0.0,0.0,0.0,0.0,0.0,0.0,21.376826324605028,-135.9955059127201,21.252252485181747,-61.72107090589731,21.37074401629843,-1061.3696582242843,20.654285523569237,331.0020852693679,19.08207122239757,-0.9472584470901069,21.147627798245915,-31.748539543285717,19.407510018633468,-54.35396358318508,17.902827902316444,-93.58036331715613,19.500756651784618,-65.10119625141397,751.1721937965344,585.2000977761311,0.0,0.0,0.0,0.0,0.0,0.0,0.0,0.0,0.0,0.0,0.0,0.0,0.0,0.0,0.0,0.0,0.0,0.0,0.0,0.0,0.0,0.0,1.3106030391174864,0.40006197775259047,278.2217595184442,324.4412105741535,7028.842431220953,0.24779776548496613,0.03782017177731473,109.73359988625814,127.90625053473899,2770.70328586631,1.3832974244032959,0.2613940711268512,401.96757586338938,467.2755484426384,10471.006690641556,0.29181305520930658,0.05514230068203071,223.8698330155918,260.68457107875909,5528.292122270889,0.0,0.0,7.701038132340116,9.038067096609672,161.68124791539533,0.0,0.0,11.113254681047114,12.932502982991759,282.6219901864419,0.0,0.0,115.13648151389539,134.94214866454383,2513.3739587433876,0.0,0.0,40.276602299284807,47.48989906540112,741.1482167498376,0.0,0.0,93.2252256563114,109.14797246184748,2083.843472058829,33.16242653712593,22.745148516547287,434.638660571081,508.23447713979268,10765.883058039106,0.0,0.0,85.88765865318979,101.67140409381314,1385.8341208311265,0.0,21.295150328999879,46.830434115547607,21.0,30.0,0.0,21.292030135700899,47.13045754218033,12.0,30.0,1412.9211845341129,21.685833095214826,45.67184861740157,21.5,30.0,0.0,20.950446786357984,47.83915154595991,16.0,30.0,0.0,19.06434508954235,56.61834190050186,12.0,30.0,0.0,21.40322696879607,51.29780082041636,12.0,30.0,0.0,19.500107623948428,53.855579635373548,10.0,30.0,0.0,17.71333240966891,61.77430865681699,12.0,30.0,0.0,19.775682865954157,53.436370336218569,19.0,30.0,0.0,20.148023694783356,0.0,0.0,0.0,16.530271387014915,0.0,0.0,689.3432034741678,701.7601442795078,686.5749417269112,689.0698044665704,786.8689641879099,1122.6306815766046,751.1855614200194,808.3919477471478,768.4503275730774,6830.425609338087,82.4230269612741,84.10861244959676,60.0,0.0,60.0,60.0,12.0,16.0,12.0,19.0,12.0,12.0,21.0,10.0,1.0,0.0,0.0,0.0,1412.9211845341129,0.0,0.0,0.0,0.0,0.0,2551.0137673127649,1530608.2603876589,1981570.571139259,82.4230269612741,84.13723928694827,0.25503379224375885,0.5764657910430628,0.27021103051474468,84.13723928694827,0.2656985864579156,1981570.571139259,0.10461833636590816 
 04/02  23:10:00,8.46,91.16666666666667,4.485,0.0,0.0,0.0,0.0,0.0,2.0,0.0,0.0,0.0,0.0,0.0,0.0,2748.0,0.0,0.0,0.0,0.0,0.0,0.0,0.0,0.0,0.0,0.0,0.0,21.03593106589979,-113.00447942724378,21.141873905221105,-143.1019883141851,20.84393917862731,-233.46848956579835,20.702808507421339,-6.460168448041405,19.06044743600578,-1.8333757068399073,21.056228171242059,-30.85084985647753,19.291227454688725,-10.584446097526325,17.845952589078274,-91.5310445397882,19.296408372702193,-40.02375992507359,700.1189659970521,510.8720341405043,0.0,0.0,0.0,0.0,0.0,0.0,0.0,0.0,0.0,0.0,0.0,0.0,0.0,0.0,0.0,0.0,0.0,0.0,0.0,0.0,0.0,0.0,1.2805135914805053,0.39087716467658897,220.53594391703479,256.93581450096249,5484.387226843466,0.2326918168824714,0.035514624066311267,79.93056165928182,92.86954313943795,1989.4254555528924,1.361186308452186,0.2572158557165885,273.38395840489167,319.206151956748,6746.068234744109,0.2590834767806708,0.04895757308780626,159.314652982294,185.96154720737855,3960.837362440157,0.0,0.0,7.239567709571996,8.493470222570885,152.24083875705473,0.0,0.0,11.26394907972679,13.106869937753008,284.91348037591936,0.0,0.0,104.29191486932801,122.27535906387166,2249.2104358902358,0.0,0.0,38.40323799084754,45.263416790440547,704.9414571901232,0.0,0.0,82.4030945040872,96.55627335751906,1802.7491278284202,32.96631887275862,22.610643945650638,315.69165514489949,369.64621955672427,7841.23493046439,0.0,0.0,76.19279829218611,90.23081276326502,1211.9982541803298,0.0,21.050360064878828,47.42682529382945,21.333333333333337,30.0,0.0,21.14720922647667,47.11612324493867,12.0,30.0,0.0,20.90046685562495,47.720969165430279,21.333333333333337,30.0,0.0,20.994566878168905,47.46880770266064,12.0,30.0,0.0,19.04051825273458,56.320823507892857,12.0,30.0,0.0,21.288488100974534,50.89282975126672,12.0,30.0,0.0,19.321975032544839,54.030125169449338,10.0,30.0,0.0,17.648714898541713,61.642337479509517,12.0,30.0,0.0,19.47920420724129,53.98103693272288,19.0,30.0,0.0,19.81185933356372,0.0,0.0,0.0,16.36412801935988,0.0,0.0,685.82685516098,684.9010865191657,680.4436377055604,680.7345745310302,777.3928051350166,1105.8162748222385,737.5059403903756,798.9804229738377,754.4873188451393,0.0,83.74311278371312,83.74311278371312,60.0,0.0,60.0,60.0,12.0,12.0,12.0,19.0,12.0,12.0,21.0,10.0,0.0,0.0,0.0,0.0,0.0,0.0,0.0,0.0,0.0,0.0,0.0,0.0,0.0,83.74311278371312,83.74311278371312,0.0,0.0,0.0,83.74311278371312,0.0,0.0,0.00157 
 04/02  23:20:00,8.42,91.33333333333334,4.470000000000001,0.0,0.0,0.0,0.0,0.0,2.0,0.0,0.0,0.0,0.0,0.0,0.0,1832.0,0.0,0.0,0.0,0.0,0.0,0.0,0.0,0.0,0.0,0.0,0.0,20.827222919158804,-72.34822669081928,20.959130594687588,-125.77536173748143,20.68088012476374,-149.68831530974695,20.51014375850056,-42.47650158013789,19.038879074494344,-2.098071463916355,20.980366363913988,-30.949298778149939,19.294527826945634,44.34903135719628,17.79011993161854,-97.34207043676861,19.17776892813127,-20.630999398757809,480.0126341578134,401.34535566373997,0.0,0.0,0.0,0.0,0.0,0.0,0.0,0.0,0.0,0.0,0.0,0.0,0.0,0.0,0.0,0.0,0.0,0.0,0.0,0.0,0.0,0.0,1.2527092844719743,0.3823898914749616,107.52745547489323,125.48407466246212,2648.6613336189209,0.23041223142193058,0.03516670198747414,59.15524581844695,69.09970654976948,1455.7682758233028,1.3117685179238712,0.2478776488896205,162.69648578831733,189.71794139317479,3971.6762017309449,0.248822968750395,0.04701870157792799,102.19780591390978,119.0469963520442,2471.8985527398697,0.0,0.0,6.90869239807596,8.096632827277889,145.52412110381756,0.0,0.0,11.245483355359835,13.07720415083653,283.29886923914116,0.0,0.0,85.16636615840892,99.7510331965179,1848.0597090203767,0.0,0.0,37.557174189276768,44.22956239327519,687.3942586981189,0.0,0.0,58.8948912208247,69.0153617039579,1271.7969625478018,32.70284777749803,22.42993674725517,155.845930401747,182.69026703233647,4043.056086559458,0.0,0.0,58.16985871817869,68.88973980432019,901.2687969253314,0.0,20.737456888872808,48.110345839979689,22.0,30.0,0.0,20.858556869127349,47.24810083083334,12.0,30.0,0.0,20.678334277705319,48.01287249103781,22.0,30.0,0.0,20.651821196318399,48.32248310171299,12.0,30.0,0.0,19.016197028800407,56.016075752326468,12.0,30.0,0.0,21.191034379967989,50.47249056186059,12.0,30.0,0.0,19.356171877222719,53.486017902073829,10.0,30.0,0.0,17.578804562831189,61.438069170415918,12.0,30.0,0.0,19.287171116494414,54.30613535235581,19.0,30.0,0.0,19.219212866995006,0.0,0.0,0.0,16.10279105745625,0.0,0.0,678.4231607189104,657.6994282226278,667.782058883253,675.8303600957833,766.6590811241565,1087.7438222454906,721.7141179719254,787.2146330289302,744.1897441923525,0.0,83.74311278371312,83.74311278371312,60.0,0.0,60.0,60.0,12.0,12.0,12.0,19.0,12.0,12.0,21.0,10.0,0.0,0.0,0.0,0.0,0.0,0.0,0.0,0.0,0.0,0.0,0.0,0.0,0.0,83.74311278371312,83.74311278371312,0.0,0.0,0.0,83.74311278371312,0.0,0.0,0.0015733333333333335 
 04/02  23:30:00,8.379999999999999,91.5,4.455,0.0,0.0,0.0,0.0,0.0,2.0,0.0,0.0,0.0,0.0,0.0,0.0,1832.0,0.0,0.0,0.0,0.0,0.0,0.0,0.0,0.0,0.0,0.0,0.0,20.601491910994065,-97.21920876497916,20.820637220354663,-295.08159559342269,20.43016618722876,-172.720429399179,20.353387669357596,-163.4073168803584,19.01863621517817,-0.8001940487046113,20.91440330916368,-27.897461132311066,19.290626768551847,1.1568275282147625,17.72434894703309,-109.55776125740101,19.019758586421874,-183.10045213866864,570.1740677835987,526.7479410371977,0.0,0.0,0.0,0.0,0.0,0.0,0.0,0.0,0.0,0.0,0.0,0.0,0.0,0.0,0.0,0.0,0.0,0.0,0.0,0.0,0.0,0.0,1.2298474437834824,0.3754113076262156,221.56215667679289,258.4473461907608,5288.4724973765219,0.20958251900233533,0.03198756395029538,197.07749736911937,229.62695296794454,4758.730782495652,1.2906718530784763,0.24389112869963656,219.6545312323176,256.45912256426836,5190.060690685751,0.23835313498096037,0.04504027493971283,217.88514204408944,254.28674775269867,5176.118393606206,0.0,0.0,5.9107957341602399,6.929781020350735,124.7369263787566,0.0,0.0,11.098306502970324,12.909357689378691,278.85216272498476,0.0,0.0,111.45338963997352,130.50799768702223,2428.9945295413879,0.0,0.0,37.82087285271462,44.558563388439029,688.7736033518244,0.0,0.0,52.936746722377737,62.04514186836893,1118.9549823869753,32.281222624996448,22.140756258570954,392.14980381881818,458.9984685693631,9339.499759809267,0.0,0.0,77.97566178629268,92.29725789606776,1218.8117089357182,0.0,20.37519008981333,48.20335844133271,22.0,30.0,0.0,20.65470545885446,47.116227362932537,12.0,30.0,0.0,20.270703597601348,48.76572842007169,22.0,30.0,0.0,20.38958569965179,48.24345567930386,12.0,30.0,0.0,18.996058403623989,55.67941025743115,12.0,30.0,0.0,21.114981419854176,50.0435280472706,12.0,30.0,0.0,19.356693700893744,52.9282375076741,10.0,30.0,0.0,17.49094131749756,60.88094937819311,12.0,30.0,0.0,19.013429734467555,55.00063426129739,19.0,30.0,0.0,19.494492990392304,0.0,0.0,0.0,16.14742519448312,0.0,0.0,642.0388088200102,631.6419099821405,652.3316476591679,645.5871896905269,755.0796907522865,1070.9927538766338,706.2228622390614,764.4829983347687,744.3555581656418,0.0,83.74311278371312,83.74311278371312,60.0,0.0,60.0,60.0,12.0,12.0,12.0,19.0,12.0,12.0,21.0,10.0,0.0,0.0,0.0,0.0,0.0,0.0,0.0,0.0,0.0,0.0,0.0,0.0,0.0,83.74311278371312,83.74311278371312,0.0,0.0,0.0,83.74311278371312,0.0,0.0,0.0015766666666666666 
 04/02  23:40:00,8.34,91.66666666666666,4.44,0.0,0.0,0.0,0.0,0.0,2.0,0.0,0.0,0.0,0.0,0.0,0.0,1832.0,0.0,0.0,0.0,0.0,0.0,0.0,0.0,0.0,0.0,0.0,0.0,20.471255635680167,-210.8368809940066,20.579972711230377,-218.04035780312416,20.36767582368557,-138.93999053415883,20.185553203281587,-51.0715920993664,18.99961394348709,0.5585008562566003,20.853425438665807,-34.04102025390691,19.192588230009517,-30.052553352792076,17.686818437716697,-85.52381492978918,18.80184057694601,-292.11354654474169,503.1140348698664,648.7717485083674,0.0,0.0,0.0,0.0,0.0,0.0,0.0,0.0,0.0,0.0,0.0,0.0,0.0,0.0,0.0,0.0,0.0,0.0,0.0,0.0,0.0,0.0,1.240009421942807,0.3785132545612965,310.2824860480863,362.4140357667761,7316.064608160466,0.22246149461099558,0.03395321956822277,198.20817336863508,231.56467898526189,4677.863961894554,1.185048454381387,0.22393205865105585,135.079368653146,157.6274079741887,3200.7301316153027,0.2416015879316091,0.04565411714505084,118.67145221045399,138.45026907467924,2775.5359383806096,0.0,0.0,5.708533533907485,6.688228873345622,120.73361078496333,0.0,0.0,11.425138448768314,13.294729739032278,286.4759892232505,0.0,0.0,138.2650996404803,161.98916425685872,2978.154059966374,0.0,0.0,35.06700309578365,41.32077991772542,639.3870878802945,0.0,0.0,82.31813657486362,96.62739470199888,1690.2289617572706,32.1693163115593,22.06400295717374,311.2508521230376,364.6678547415131,7437.3341091534489,0.0,0.0,106.09431202565296,125.55871025953974,1693.4765210141073,0.0,20.198621949995507,48.212981070725579,22.0,30.0,0.0,20.28631226151752,47.64781416391865,12.0,30.0,0.0,20.236682787574048,48.49696306082063,22.0,30.0,0.0,20.141505466692956,48.39799668375963,12.0,30.0,0.0,18.979189218300627,55.365494246295,12.0,30.0,0.0,21.046506258729964,49.616983660984569,12.0,30.0,0.0,19.184051883837005,53.18542240671344,10.0,30.0,0.0,17.46169402977989,60.131409045731427,12.0,30.0,0.0,18.652823956086438,55.612272259804388,20.0,30.0,0.0,19.272391372645857,0.0,0.0,0.0,16.2724804449349,0.0,0.0,624.6128816164415,612.4742845068295,639.8858499061362,625.4717797829815,746.3028250398361,1051.9159253307203,700.4499731675317,737.5822053205029,728.5484356756278,0.0,83.74311278371312,83.74311278371312,60.0,0.0,60.0,60.0,12.0,12.0,12.0,19.0,12.0,12.0,21.0,10.0,0.0,0.0,0.0,0.0,0.0,0.0,0.0,0.0,0.0,0.0,0.0,0.0,0.0,83.74311278371312,83.74311278371312,0.0,0.0,0.0,83.74311278371312,0.0,0.0,0.00158 
 04/02  23:50:00,8.3,91.83333333333333,4.425,0.0,0.0,0.0,0.0,0.0,2.0,0.0,0.0,0.0,0.0,0.0,0.0,1832.0,0.0,0.0,0.0,0.0,0.0,0.0,0.0,0.0,0.0,0.0,0.0,20.245266112445515,-73.9837502974824,20.527453519946229,-240.7048050648159,20.232016435264837,-219.82952383211433,20.085019831401369,-99.06700953858945,18.980133240085068,2.5751018777331895,20.789396408860527,-37.03005861721164,19.088841658560577,-81.65803967301463,17.66550701100431,-73.7380377890542,18.60318752570048,-318.51999791316669,513.7275970529827,685.8780440442388,0.0,0.0,0.0,0.0,0.0,0.0,0.0,0.0,0.0,0.0,0.0,0.0,0.0,0.0,0.0,0.0,0.0,0.0,0.0,0.0,0.0,0.0,1.2324038593450464,0.3761916542567296,352.4921838080335,411.75490609506098,8144.758510637183,0.21004184916468694,0.032057669286429637,196.09601115950412,228.7526660001655,4624.674982976456,1.1503155440034938,0.21736877248743276,285.97841376132598,334.0163752084916,6655.641844996129,0.2274747871210675,0.04298465365099535,151.66903873396678,177.2061823981412,3513.2862845614947,0.0,0.0,5.401078189944722,6.333082978761059,114.47354739659542,0.0,0.0,11.815805316974928,13.752821801258412,295.5287948136415,0.0,0.0,149.10748421003479,174.81451514318395,3176.2902099552054,0.0,0.0,31.31992082344577,36.90837239161448,573.4222172844509,0.0,0.0,98.68772858781753,115.94236730142046,1976.3100929862708,31.97435853110091,21.930287058368259,460.5767954252749,539.3395138546111,10714.346601336456,0.0,0.0,120.3701284860654,142.43008159216468,1932.869887276983,0.0,19.880108057338853,48.8388052511132,22.0,30.0,0.0,20.26795287733253,47.409937567174697,12.0,30.0,0.0,20.048989205287655,48.17371178094971,22.0,30.0,0.0,19.99395799524551,48.63575447121785,12.0,30.0,0.0,18.962215273795946,54.98520680534975,12.0,30.0,0.0,20.97238286261816,49.22831107492817,12.0,30.0,0.0,19.015201262976889,53.30614518530743,10.0,30.0,0.0,17.459973281231748,59.54552536365839,12.0,30.0,0.0,18.351377638333238,56.11038332579518,20.0,30.0,0.0,19.288099117572416,0.0,0.0,0.0,16.285486897514084,0.0,0.0,614.3758308780659,603.2055411548734,608.8680256150296,620.0994054842465,735.3624413010589,1032.439481092526,688.8174991913681,720.3999626474374,713.2498423634529,0.0,83.74311278371312,83.74311278371312,60.0,0.0,60.0,60.0,12.0,12.0,12.0,19.0,12.0,12.0,21.0,10.0,0.0,0.0,0.0,0.0,0.0,0.0,0.0,0.0,0.0,0.0,0.0,0.0,0.0,83.74311278371312,83.74311278371312,0.0,0.0,0.0,83.74311278371312,0.0,0.0,0.00159 
 04/02  24:00:00,8.26,92.0,4.41,0.0,0.0,0.0,0.0,0.0,2.0,0.0,0.0,0.0,0.0,0.0,0.0,1832.0,0.0,0.0,0.0,0.0,0.0,0.0,0.0,0.0,0.0,0.0,0.0,20.246422128673776,-173.90722822730914,20.364562051970255,-181.70059002291237,20.06377624075612,-118.83125339519484,20.022064523210667,-132.24845930537414,18.959547736436855,0.8054065424373391,20.729950365579798,-42.08093486380196,18.970027226751286,-68.6939429426534,17.645433406156678,-68.0378490154776,18.42556445910526,-310.4990151573852,505.77698313737349,689.1061835134769,0.0,0.0,0.0,0.0,0.0,0.0,0.0,0.0,0.0,0.0,0.0,0.0,0.0,0.0,0.0,0.0,0.0,0.0,0.0,0.0,0.0,0.0,1.1812632831560515,0.3605809777643625,350.8557283500676,410.1118970181593,8136.191660111844,0.20477983189343988,0.03125455309728936,179.33453241806897,209.77999411450845,4173.516131581315,1.270358310363553,0.24005259077164654,338.50035810374239,395.73666241887607,7773.201940227801,0.22548269278757666,0.04260821859175672,192.69706260095314,225.1972718508461,4449.7763232084,0.0,0.0,5.809655790452129,6.808358353805378,123.38086133495024,0.0,0.0,12.043105145508765,14.022469389180799,300.656315195458,0.0,0.0,158.35273183285478,185.75905357074107,3327.7932432608174,0.0,0.0,28.857483733569365,34.00535227412212,530.477867255694,0.0,0.0,107.49510883992756,126.42633994258836,2108.533688692693,31.86101542306458,21.852548301141696,496.2457416107866,581.569359847477,11479.008886509502,0.0,0.0,127.85222197758839,151.3174875829268,2058.0903619919197,0.0,19.942524115267355,48.33297753750939,22.0,30.0,0.0,20.038696346956376,47.5710790366907,12.0,30.0,0.0,19.810378658054284,48.5653663683758,22.0,30.0,0.0,19.928745862633546,48.59943271077747,12.0,30.0,0.0,18.943431231889613,54.6616582802874,12.0,30.0,0.0,20.906656353763233,48.84600097376527,12.0,30.0,0.0,18.827885365700796,53.49423008449945,10.0,30.0,0.0,17.457495978761913,59.041282607430407,12.0,30.0,0.0,18.095281282820318,56.532409069061618,20.0,30.0,0.0,19.234882568140948,0.0,0.0,0.0,16.262142963874035,0.0,0.0,604.3580367327148,585.9233199878777,598.0270457350346,612.915494971189,728.22128881504,1011.07393375524,676.7540976115791,707.4180220566075,701.0141350672263,0.0,83.74311278371312,83.74311278371312,60.0,0.0,60.0,60.0,12.0,12.0,12.0,19.0,12.0,12.0,21.0,10.0,0.0,0.0,0.0,0.0,0.0,0.0,0.0,0.0,0.0,0.0,0.0,0.0,0.0,83.74311278371312,83.74311278371312,0.0,0.0,0.0,83.74311278371312,0.0,0.0,0.0015999999999999999 
 04/03  00:10:00,8.273333333333334,92.0,4.355,0.0,0.0,0.0,0.0,0.0,2.0,2.0,0.0,0.0,0.0,0.0,0.0,1832.0,0.0,0.0,0.0,0.0,0.0,0.0,0.0,0.0,0.0,0.0,0.0,20.082312269529497,-59.6387153282958,20.338260787337103,-216.8206564984771,20.039754330223447,-204.37828154472755,19.895462581054564,-76.83105056718796,18.936613072137143,2.2477945377432606,20.673056705491434,-37.965231181952308,19.00911592791025,6.337619197932554,17.595784176933856,-100.44390423995856,18.465902633413429,-95.40365608576252,476.83530637671449,391.2076066262854,0.0,0.0,0.0,0.0,0.0,0.0,0.0,0.0,0.0,0.0,0.0,0.0,0.0,0.0,0.0,0.0,0.0,0.0,0.0,0.0,0.0,0.0,1.181396307011406,0.360621583336815,337.66657209654798,394.77260165094187,7701.402672952841,0.20041096359296507,0.030587753906130206,172.58193404521294,201.42838030157305,4010.296073877743,1.189146638739559,0.2247064699054345,315.8699151382658,369.334800270207,7247.898872598782,0.2255929094058931,0.04262904561713776,173.50614804749532,202.9277439815399,3945.311254839713,0.0,0.0,5.1057906771593679,5.987856226627345,108.0742341232382,0.0,0.0,11.622449584796146,13.53532603167211,288.43997108019547,0.0,0.0,72.27895643024982,84.77356583532088,1534.759922636871,0.0,0.0,31.39376969545537,37.00593164529214,572.3203205452994,0.0,0.0,22.238150100531614,26.13383828891197,441.74496208589167,31.609914471693864,21.680325426401838,466.2669014441742,546.4320815985794,10712.486732060446,0.0,0.0,58.82152101614767,69.72421547122568,891.0643580868418,0.0,19.725791896542,48.773825330924648,22.0,30.0,0.0,20.057343682109129,47.413938986927508,12.0,30.0,0.0,19.830631054994837,48.200510735491118,22.0,30.0,0.0,19.748218362308763,48.783265171355427,12.0,30.0,0.0,18.921300957470046,54.17881652070269,12.0,30.0,0.0,20.843450017179486,48.468718242692009,12.0,30.0,0.0,18.95619809612471,52.17105571063176,10.0,30.0,0.0,17.39282580253195,58.76497656517041,12.0,30.0,0.0,18.24009206118147,55.8372194635948,20.0,30.0,0.0,19.134309029639487,0.0,0.0,0.0,15.792765480163338,0.0,0.0,597.894539135628,583.3296650564555,588.4429544842163,602.8479357883217,712.6275729088164,998.9269901383416,648.9594166640927,697.6305950552653,759.7254662403327,0.0,83.74311278371312,83.74311278371312,60.0,0.0,60.0,60.0,12.0,12.0,12.0,19.0,12.0,12.0,21.0,10.0,0.0,0.0,0.0,0.0,0.0,0.0,0.0,0.0,0.0,0.0,0.0,0.0,0.0,83.74311278371312,83.74311278371312,0.0,0.0,0.0,83.74311278371312,0.0,0.0,0.00161 
 04/03  00:20:00,8.286666666666667,92.0,4.300000000000001,0.0,0.0,0.0,0.0,0.0,2.0,2.0,0.0,0.0,0.0,0.0,0.0,1832.0,0.0,0.0,0.0,0.0,0.0,0.0,0.0,0.0,0.0,0.0,0.0,20.08482619278858,-162.7574466782953,20.20399376325958,-173.73185624075496,19.903066010994175,-114.21230332243977,19.868390142824187,-114.75872227261198,18.913396238965789,0.8298427604980248,20.624489577703679,-35.141466740917909,19.002949771690259,2.170078552060204,17.531433951623098,-111.43242670916504,18.54575358925372,-92.34874068224275,469.787067279829,406.2619396042942,0.0,0.0,0.0,0.0,0.0,0.0,0.0,0.0,0.0,0.0,0.0,0.0,0.0,0.0,0.0,0.0,0.0,0.0,0.0,0.0,0.0,0.0,1.158476484327142,0.3536253004661606,342.5561937345722,400.62357202520476,7816.488469995535,0.20092815626071756,0.030666690515982539,177.44920007666298,207.6910100128753,4063.03056623434,1.2630581167634816,0.23867311352295579,327.70098745679698,383.3234730213501,7403.323009793888,0.22236165690411328,0.0420184536855845,185.52503083278686,216.94932340970795,4209.202528530933,0.0,0.0,5.049672656780594,5.918865177157425,106.53222886791376,0.0,0.0,11.225095387068718,13.075932894543293,277.22825677678449,0.0,0.0,72.58946762746241,85.10187179156003,1541.0950265886873,0.0,0.0,34.261282873974568,40.39946582138254,617.8428086162032,0.0,0.0,20.00664677433476,23.499445373695595,403.4219222765345,31.38789566995724,21.528049156349277,483.76597364122019,567.1956714837556,11036.097298640318,0.0,0.0,58.53009490894577,69.40840667138503,870.8349472708231,0.0,19.77982509484999,48.22742017917252,22.0,30.0,0.0,19.87021936999299,47.4230951978093,12.0,30.0,0.0,19.64284928200597,48.44601195923643,22.0,30.0,0.0,19.74401476461162,48.620881374123928,12.0,30.0,0.0,18.899009010337865,53.838593161470758,12.0,30.0,0.0,20.794329511579407,48.17026253726426,12.0,30.0,0.0,18.96607408508549,51.624118519165659,10.0,30.0,0.0,17.30538200800519,58.353347535541548,12.0,30.0,0.0,18.412095265131734,54.850811449359429,20.0,30.0,0.0,19.099612625054335,0.0,0.0,0.0,15.668592509138323,0.0,0.0,586.4475187193245,564.8839764848126,579.1798522540278,599.6701548864146,703.9259067045505,995.4236142438324,639.6629573607439,681.4532071412759,803.99337631196,0.0,83.74311278371312,83.74311278371312,60.0,0.0,60.0,60.0,12.0,12.0,12.0,19.0,12.0,12.0,21.0,10.0,0.0,0.0,0.0,0.0,0.0,0.0,0.0,0.0,0.0,0.0,0.0,0.0,0.0,83.74311278371312,83.74311278371312,0.0,0.0,0.0,83.74311278371312,0.0,0.0,0.0015833333333333336 
 04/03  00:30:00,8.3,92.0,4.245,0.0,0.0,0.0,0.0,0.0,2.0,2.0,0.0,0.0,0.0,0.0,0.0,1832.0,0.0,0.0,0.0,0.0,0.0,0.0,0.0,0.0,0.0,0.0,0.0,19.93906368140601,-58.97149464528502,20.189980702883604,-202.8686617709693,19.89322407484699,-188.72986965954989,19.766891505328688,-72.08077995994108,18.887709279624074,0.30051008173796847,20.576890433987715,-32.01484745548038,18.999049713593999,-19.683835204068829,17.46554679937697,-117.37479598235712,18.605977970160347,-78.84616839368857,448.42337506107836,398.14543011598246,0.0,0.0,0.0,0.0,0.0,0.0,0.0,0.0,0.0,0.0,0.0,0.0,0.0,0.0,0.0,0.0,0.0,0.0,0.0,0.0,0.0,0.0,1.1559616872718257,0.3528576578973827,329.3845685676682,385.2942516181647,7403.63553378285,0.19664874165938585,0.030013544209307975,169.83485405623595,198.33021718477603,3890.085775765612,1.179143867866388,0.22281630156205377,311.6861946945273,364.63846678738647,7048.517076635231,0.2207912099480825,0.041721695001527298,171.9335792763736,201.19781830379669,3852.6148848163845,0.0,0.0,4.873143145263873,5.716627232821869,102.4299181172985,0.0,0.0,11.015418940533428,12.833803941939017,270.72712365949669,0.0,0.0,68.25585955471823,80.05160254968418,1449.1867851697835,0.0,0.0,35.51408637375897,41.8910780320031,633.4700365962765,0.0,0.0,16.567595960418719,19.450295370845333,337.66859860978829,31.158494154196874,21.370709296431337,459.5845400432452,538.8346897786673,10424.972482942569,0.0,0.0,55.59694135897682,65.95964478909676,813.4350693961017,0.0,19.585336674965835,48.61222957200705,22.0,30.0,0.0,19.906153444000077,47.27123008525311,12.0,30.0,0.0,19.6839062925291,48.050705582013538,22.0,30.0,0.0,19.604407800046066,48.62351686388456,12.0,30.0,0.0,18.872917944879985,53.382611817622237,12.0,30.0,0.0,20.745537108170525,47.82232955584949,12.0,30.0,0.0,18.981948289509807,51.31382223127241,10.0,30.0,0.0,17.218116696116817,58.19072138598699,12.0,30.0,0.0,18.539042995934645,54.09650196886037,20.0,30.0,0.0,19.021004335981865,0.0,0.0,0.0,15.55621709675052,0.0,0.0,581.5757765529824,564.540068067894,571.4456767390184,588.027368560633,688.7864224367955,992.6340779108268,636.1011615127488,674.8603899349785,837.4888913537436,0.0,83.74311278371312,83.74311278371312,60.0,0.0,60.0,60.0,12.0,12.0,12.0,19.0,12.0,12.0,21.0,10.0,0.0,0.0,0.0,0.0,0.0,0.0,0.0,0.0,0.0,0.0,0.0,0.0,0.0,83.74311278371312,83.74311278371312,0.0,0.0,0.0,83.74311278371312,0.0,0.0,0.0015566666666666665 
 04/03  00:40:00,8.313333333333333,92.0,4.1899999999999999,0.0,0.0,0.0,0.0,0.0,2.0,2.0,0.0,0.0,0.0,0.0,0.0,1832.0,0.0,0.0,0.0,0.0,0.0,0.0,0.0,0.0,0.0,0.0,0.0,19.95157524736785,-153.6820640149972,20.070437754987048,-166.74281936996614,19.772381149892668,-110.5026820207795,19.752472343419208,-107.2498978624094,18.86153909674118,-0.4172538214762085,20.533899819470805,-31.21181990158084,18.95553015084419,-11.566065553918407,17.401072561664443,-122.54618937069825,18.652085842103817,-65.92532550891974,443.8187989079106,391.0239546594431,0.0,0.0,0.0,0.0,0.0,0.0,0.0,0.0,0.0,0.0,0.0,0.0,0.0,0.0,0.0,0.0,0.0,0.0,0.0,0.0,0.0,0.0,1.134111287196602,0.3461878166045793,330.26293910818546,386.4125324607029,7439.005957403194,0.19702665018835384,0.030071222556220066,171.93595477992199,201.3275692375981,3885.016362433643,1.238400115452408,0.2340136272585806,316.6419346574681,370.5334720227202,7061.661159291318,0.21755850982388476,0.041110829520764297,179.2434600140225,209.68684617487316,4014.3707733046805,0.0,0.0,5.020306507442254,5.885573261531981,105.13184596079212,0.0,0.0,10.837595098586652,12.62908403159378,265.21099317319058,0.0,0.0,67.8673546227669,79.58069553414812,1431.289956211052,0.0,0.0,36.92638690929749,43.569082387714519,651.7236357502352,0.0,0.0,13.888843163482392,16.302410693538538,285.1668898973249,30.954809594314136,21.23100795220449,467.35721936849816,548.1438603931315,10545.909247668089,0.0,0.0,53.7244489736881,63.75828744929545,774.4769311084572,0.0,19.654746039688246,48.01521195043444,22.0,30.0,0.0,19.740691035463337,47.21439750853694,12.0,30.0,0.0,19.519070162102019,48.2315481471856,22.0,30.0,0.0,19.619956337684127,48.4186031835261,12.0,30.0,0.0,18.846799687125569,53.089646572989817,12.0,30.0,0.0,20.704215327985108,47.56679278293666,12.0,30.0,0.0,18.922623292014678,51.00715136617957,10.0,30.0,0.0,17.13552388983389,57.99084889402607,12.0,30.0,0.0,18.633417734152354,53.4408612507104,20.0,30.0,0.0,18.99253615758673,0.0,0.0,0.0,15.460295608639479,0.0,0.0,570.2394515287269,546.421355842024,562.1771722356546,585.1399421278725,679.6999707082413,990.8130802630617,622.6776546931515,668.1039954755053,865.8042897571352,0.0,83.74311278371312,83.74311278371312,60.0,0.0,60.0,60.0,12.0,12.0,12.0,19.0,12.0,12.0,21.0,10.0,0.0,0.0,0.0,0.0,0.0,0.0,0.0,0.0,0.0,0.0,0.0,0.0,0.0,83.74311278371312,83.74311278371312,0.0,0.0,0.0,83.74311278371312,0.0,0.0,0.00153 
 04/03  00:50:00,8.326666666666667,92.0,4.135,0.0,0.0,0.0,0.0,0.0,2.0,2.0,0.0,0.0,0.0,0.0,0.0,916.0,0.0,0.0,0.0,0.0,0.0,0.0,0.0,0.0,0.0,0.0,0.0,19.949649636902273,-10.289260844079763,19.999431548583624,-242.5295262767395,19.707558702078857,-200.45992809350993,19.726865244446125,-4.733898563476032,18.83163862540786,0.009494196855314386,20.486388523699497,-28.16825742770976,18.910984697146476,-32.635431273512498,17.33751718080897,-117.65595288906843,18.694931293428597,-59.18857991873705,417.88451776808508,388.40726418888246,0.0,0.0,0.0,0.0,0.0,0.0,0.0,0.0,0.0,0.0,0.0,0.0,0.0,0.0,0.0,0.0,0.0,0.0,0.0,0.0,0.0,0.0,1.1399718944258409,0.3479767687502567,279.60824328977477,326.0972090850469,6341.753064423071,0.19109332464763108,0.029165647839992535,187.5916891130557,218.9441356043262,4212.077191203526,1.0929974879113554,0.2065376961283741,210.40501387204876,245.7458391713635,4658.392859812155,0.22359451245911153,0.04225141958788954,119.80459601857196,139.76409296610025,2685.431081625607,0.0,0.0,4.3574729895309229,5.096234326545755,90.89957510903774,0.0,0.0,10.755273705500905,12.499227020535495,261.9710505088118,0.0,0.0,61.98789479698803,72.51548481718619,1298.7147656100659,0.0,0.0,36.77818389588045,43.28198074324849,642.7122846079262,0.0,0.0,12.467848324812913,14.58698483390353,257.8280197598705,30.771069154351986,21.104985702573385,361.13332140421508,422.5376213509107,8212.300164235545,0.0,0.0,51.87669998508928,61.40852256730919,737.8726129074956,0.0,19.739711753955647,48.25648488851163,22.0,30.0,0.0,19.65736201634072,46.52677579464327,12.0,30.0,0.0,19.4446778873108,47.19797705343947,22.0,30.0,0.0,19.62629318969798,49.02414208363351,12.0,30.0,0.0,18.814236844320488,52.750072231446,12.0,30.0,0.0,20.65301645506166,47.304845056373817,12.0,30.0,0.0,18.862207942748836,50.722153859686908,10.0,30.0,0.0,17.056061070837566,58.00652123525375,12.0,30.0,0.0,18.71965206292731,52.86847368111239,20.0,30.0,0.0,18.89362151687888,0.0,0.0,0.0,15.373190028687038,0.0,0.0,587.2246055310833,512.1948333211823,515.2646785039308,609.2408592025182,666.3436770203751,987.4925675557851,611.3140868407782,663.9833343792498,899.3175241444993,0.0,83.74311278371312,83.74311278371312,60.0,0.0,60.0,60.0,12.0,12.0,12.0,19.0,12.0,12.0,21.0,10.0,0.0,0.0,0.0,0.0,0.0,0.0,0.0,0.0,0.0,0.0,0.0,0.0,0.0,83.74311278371312,83.74311278371312,0.0,0.0,0.0,83.74311278371312,0.0,0.0,0.0015266666666666667 
 04/03  01:00:00,8.34,92.0,4.08,0.0,0.0,0.0,0.0,0.0,2.0,2.0,0.0,0.0,0.0,0.0,0.0,1832.0,0.0,0.0,0.0,0.0,0.0,0.0,0.0,0.0,0.0,0.0,0.0,19.815896073420526,-117.47278638513854,19.984936256205449,-132.4100742174444,19.70578975985243,-102.04718489187553,19.660244464775955,-96.67616715028226,18.80633353183161,-1.0599999606337605,20.4479725204032,-29.794452243723187,18.894271703762827,-16.79642767650239,17.28564912160938,-127.51581930175928,18.72624943491409,-25.312040166701224,420.04780608917556,359.6259235303046,0.0,0.0,0.0,0.0,0.0,0.0,0.0,0.0,0.0,0.0,0.0,0.0,0.0,0.0,0.0,0.0,0.0,0.0,0.0,0.0,0.0,0.0,1.1233441799192479,0.3429011538215042,268.9552352772413,314.84165744549559,5970.503291557392,0.20086115860634186,0.030656464988757918,134.49719274353289,157.20555400727234,3024.6410079144218,1.1792868947642355,0.22284332856467044,256.16236377151719,299.9795233230615,5697.769230780413,0.21156156392081588,0.039977619788513957,141.75468650713126,166.01057681648025,3140.877693605922,0.0,0.0,5.035507769708467,5.90853867041794,104.6418340699102,0.0,0.0,10.60050765904416,12.35697562894902,257.11472791811107,0.0,0.0,62.68733333468664,73.54903930479984,1311.1273724334538,0.0,0.0,37.98353793505444,44.8360722235427,658.2513012905379,0.0,0.0,8.38109561010063,9.832535746287415,174.01513558848255,30.599100360605797,20.987037284366126,368.6842861310068,432.6327907693251,8347.344068139239,0.0,0.0,47.377021143489887,56.264431911753629,661.7799957597641,0.0,19.504998016832884,48.087435307196319,22.0,30.0,0.0,19.702878857891159,47.059804240649629,12.0,30.0,0.0,19.51325197089347,48.041411498659439,22.0,30.0,0.0,19.520523224053809,48.27287460773438,12.0,30.0,0.0,18.791506962957727,52.50764913863194,12.0,30.0,0.0,20.61900491097486,47.1094927629277,12.0,30.0,0.0,18.861009691351098,50.81166657231158,10.0,30.0,0.0,16.999020876731224,58.004674537471448,12.0,30.0,0.0,18.7830352900681,52.52480076837699,20.0,30.0,0.0,18.88547994086535,0.0,0.0,0.0,15.260094706012698,0.0,0.0,558.8488479557829,538.0488762488819,556.8651241053643,572.1232257727329,656.6126407644526,982.7056039483266,600.7596354523287,659.3242113536894,930.746492069789,0.0,83.74311278371312,83.74311278371312,60.0,0.0,60.0,60.0,12.0,12.0,12.0,19.0,12.0,12.0,21.0,10.0,0.0,0.0,0.0,0.0,0.0,0.0,0.0,0.0,0.0,0.0,0.0,0.0,0.0,83.74311278371312,83.74311278371312,0.0,0.0,0.0,83.74311278371312,0.0,0.0,0.0015233333333333334 
 04/03  01:10:00,8.343333333333334,92.16666666666667,4.038333333333334,0.0,0.0,0.0,0.0,0.0,2.0,2.0,0.0,0.0,0.0,0.0,0.0,916.0,0.0,0.0,0.0,0.0,0.0,0.0,0.0,0.0,0.0,0.0,0.0,19.712013867633155,-149.10160078296395,19.999420289717628,-15.112920748129682,19.70813712690606,-29.76977533805075,19.57333616846338,-141.4526443716686,18.774090313692679,-1.1738174830632034,20.400240637096326,-29.803313397400019,18.864799077440006,-11.029545725065873,17.217889935296446,-128.0053337851134,18.762603404013889,-27.85254034381859,368.339747087246,367.06053363864569,0.0,0.0,0.0,0.0,0.0,0.0,0.0,0.0,0.0,0.0,0.0,0.0,0.0,0.0,0.0,0.0,0.0,0.0,0.0,0.0,0.0,0.0,1.0971975117206932,0.33491987537261699,174.75312490984732,204.1392944087953,3837.8343274587739,0.2030447323187239,0.030989733259878497,23.89543984341709,27.870959983312777,545.7287343194386,1.2434243659410507,0.23496303211282147,248.60194694706753,290.0958252781304,5556.938572831951,0.20529735247083659,0.03879390636259193,130.51281936751875,152.43847809521564,2862.1304893410299,0.0,0.0,5.360647968483041,6.271521351140437,111.04065831103813,0.0,0.0,10.514160958167452,12.224265604258014,254.02605661923489,0.0,0.0,65.03083723383003,76.07604843710493,1356.642811852365,0.0,0.0,38.74348885938881,45.61914844535292,664.9218180024159,0.0,0.0,11.351947507546598,13.276093856558342,237.23879365664227,30.207134880521449,20.718199506530494,249.00253198886143,291.5663684282563,5741.561803977349,0.0,0.0,47.929566041785047,56.77697214057833,662.8643759649239,0.0,19.356849718675499,47.81772885892665,22.0,30.0,0.0,19.788211241200977,46.79517855059664,12.0,30.0,0.0,19.575225385183665,48.56606495735329,22.0,30.0,0.0,19.39407843472224,47.756723560103427,12.0,30.0,0.0,18.755788596617898,52.141712517728667,12.0,30.0,0.0,20.567180906815687,46.78761479293774,12.0,30.0,0.0,18.833186520854694,50.975551326521607,10.0,30.0,0.0,16.912187670848068,58.0798624165746,12.0,30.0,0.0,18.852140405889654,51.95654504304702,20.0,30.0,0.0,18.70733863409086,0.0,0.0,0.0,15.190021439803063,0.0,0.0,534.920622923519,538.7892118458772,586.9746591370193,541.2609892674803,639.3944371007774,969.8439466327785,602.4919485605379,655.6335715746071,945.6848007667446,0.0,83.74311278371312,83.74311278371312,60.0,0.0,60.0,60.0,12.0,12.0,12.0,19.0,12.0,12.0,21.0,10.0,0.0,0.0,0.0,0.0,0.0,0.0,0.0,0.0,0.0,0.0,0.0,0.0,0.0,83.74311278371312,83.74311278371312,0.0,0.0,0.0,83.74311278371312,0.0,0.0,0.0015199999999999999 
 04/03  01:20:00,8.346666666666668,92.33333333333334,3.996666666666667,0.0,0.0,0.0,0.0,0.0,2.0,2.0,0.0,0.0,0.0,0.0,0.0,1832.0,0.0,0.0,0.0,0.0,0.0,0.0,0.0,0.0,0.0,0.0,0.0,19.746212545286718,-54.95179400739244,19.913244917403376,-193.15623699670437,19.60286444751143,-160.14168547668488,19.56081312897944,-55.110636374472509,18.747653442320947,-1.5586937417020153,20.363204463164274,-27.166453184932295,18.82295786083667,-27.129687138506143,17.166278012907804,-133.83092079011443,18.7744924571953,-31.64958715014461,387.4427213080553,374.9295402699677,0.0,0.0,0.0,0.0,0.0,0.0,0.0,0.0,0.0,0.0,0.0,0.0,0.0,0.0,0.0,0.0,0.0,0.0,0.0,0.0,0.0,0.0,1.0850561388278278,0.33121371759091208,234.76168840765798,274.9746084694402,5217.1521200802,0.1889737802703656,0.028842152055916609,112.93178643380444,132.42687786247655,2524.3604739419999,1.2097340474140284,0.22859675877060255,255.53288004091565,299.2256655841678,5624.253667971134,0.21523997187766648,0.04067270821573439,141.63413934638775,165.86397168150934,3114.202972298679,0.0,0.0,5.054347345048015,5.929305689731892,104.38866662483007,0.0,0.0,10.348360209664726,12.067747016863887,249.24912121894099,0.0,0.0,61.28688649713354,71.90519131282255,1271.4266360630255,0.0,0.0,39.47252953572281,46.618836568221158,672.7099733008179,0.0,0.0,12.762665500418695,14.964994815140044,267.0866111638219,29.866941865341944,20.484870963883368,334.65495192635788,392.99981081692649,7539.762270940861,0.0,0.0,48.579555300850788,57.71966499347124,665.671776186211,0.0,19.503159627659586,47.62328881373735,22.0,30.0,0.0,19.6479017612997,46.494114147440239,12.0,30.0,0.0,19.405012302493995,47.85359395534509,22.0,30.0,0.0,19.43064819322104,48.24946018129323,12.0,30.0,0.0,18.732341720960485,52.014094784550668,12.0,30.0,0.0,20.536794261907148,46.646337750502897,12.0,30.0,0.0,18.780395820208214,50.55921512852185,10.0,30.0,0.0,16.857818992414346,57.997277436783459,12.0,30.0,0.0,18.87457888649682,51.67757333401801,20.0,30.0,0.0,18.763166474860698,0.0,0.0,0.0,15.131499225212269,0.0,0.0,542.4261328555199,512.2707732243916,539.6398006241716,562.4604060639957,632.3166118181266,961.0140874720559,586.9723160479621,659.4173523491472,941.2983782574527,0.0,83.74311278371312,83.74311278371312,60.0,0.0,60.0,60.0,12.0,12.0,12.0,19.0,12.0,12.0,21.0,10.0,0.0,0.0,0.0,0.0,0.0,0.0,0.0,0.0,0.0,0.0,0.0,0.0,0.0,83.74311278371312,83.74311278371312,0.0,0.0,0.0,83.74311278371312,0.0,0.0,0.00155 
 04/03  01:30:00,8.35,92.5,3.955,0.0,0.0,0.0,0.0,0.0,2.0,2.0,0.0,0.0,0.0,0.0,0.0,916.0,0.0,0.0,0.0,0.0,0.0,0.0,0.0,0.0,0.0,0.0,0.0,19.76895491729259,-2.6467943246952929,19.811720022526044,-243.78290498688512,19.523101295857978,-179.78236447331347,19.55843538259508,-2.654843340476873,18.71402808221317,-1.6046739260403627,20.316426721098034,-27.004193162822618,18.77737312365247,-30.40231988217556,17.103419924068818,-130.95954177128875,18.78449584195203,-33.3831198214225,360.01062955565978,380.227038222047,0.0,0.0,0.0,0.0,0.0,0.0,0.0,0.0,0.0,0.0,0.0,0.0,0.0,0.0,0.0,0.0,0.0,0.0,0.0,0.0,0.0,0.0,1.0759260991359343,0.32842677018801416,187.15497948264443,218.44565576855482,4192.97025620472,0.1867366912744715,0.028500716006482225,148.7678877581302,173.7272726587635,3290.6665405549849,1.150466323891167,0.21739726452969908,137.865526163844,161.102434437455,3017.544956119828,0.2147778608204687,0.04058538564256777,102.41037348780863,119.56153175555524,2259.987759467499,0.0,0.0,4.873782090432287,5.703782307698853,100.32316799264604,0.0,0.0,10.517678737456766,12.233568725750287,252.35408630357083,0.0,0.0,59.93666219000349,70.15914074245805,1236.6412119311038,0.0,0.0,39.719542478607618,46.79398986150711,671.0786084936324,0.0,0.0,13.861682504208194,16.210772689917709,290.6660866877239,29.495696713881768,20.23024465972687,244.13328889386279,285.88488028902256,5601.00986227575,0.0,0.0,48.71569241628965,57.734543756654769,661.8857624662865,0.0,19.600723622680396,47.06051460661802,22.0,30.0,0.0,19.504407105786546,46.60756149178548,12.0,30.0,0.0,19.302195902203584,47.3244845169118,22.0,30.0,0.0,19.46701391287098,48.38042174956613,12.0,30.0,0.0,18.69514927648035,51.79074257861272,12.0,30.0,0.0,20.486145356489624,46.397073412381839,12.0,30.0,0.0,18.720817826753558,50.3167800734034,10.0,30.0,0.0,16.781695554285517,58.04989468891522,12.0,30.0,0.0,18.89616881985895,51.24756346851138,20.0,30.0,0.0,18.664954721939936,0.0,0.0,0.0,15.072979871690589,0.0,0.0,531.1612601392349,500.1030562210739,507.71668425825836,572.0643363520837,621.44957892,943.4237609112557,578.5899247786197,668.4333729173795,925.7771100752264,0.0,83.74311278371312,83.74311278371312,60.0,0.0,60.0,60.0,12.0,12.0,12.0,19.0,12.0,12.0,21.0,10.0,0.0,0.0,0.0,0.0,0.0,0.0,0.0,0.0,0.0,0.0,0.0,0.0,0.0,83.74311278371312,83.74311278371312,0.0,0.0,0.0,83.74311278371312,0.0,0.0,0.00158 
 04/03  01:40:00,8.353333333333332,92.66666666666667,3.913333333333333,0.0,0.0,0.0,0.0,0.0,2.0,2.0,0.0,0.0,0.0,0.0,0.0,1832.0,0.0,0.0,0.0,0.0,0.0,0.0,0.0,0.0,0.0,0.0,0.0,19.630429620492337,-115.35499680408975,19.793461064819878,-121.25862319903513,19.519535498596509,-85.07907850795937,19.494263429861289,-93.39328641742623,18.686732740397916,-1.6730228805685102,20.27762096960023,-29.699208749176138,18.75084044784369,-27.60660095983758,17.054693960016097,-135.64364610082829,18.7848103404152,-35.46981992865017,369.8334721183619,385.038860781013,0.0,0.0,0.0,0.0,0.0,0.0,0.0,0.0,0.0,0.0,0.0,0.0,0.0,0.0,0.0,0.0,0.0,0.0,0.0,0.0,0.0,0.0,1.0713438909495308,0.327028049740394,227.08930131665745,266.0015838300117,4972.612045038706,0.19211810858934603,0.02932205564550458,112.17049729424524,131.1717657926554,2484.869068697257,1.3008515106346897,0.2458147223421561,214.4786449043356,251.3813950843083,4708.986607070612,0.20304580409533305,0.03836844370660109,117.85137343327294,138.1268132606753,2573.111592013508,0.0,0.0,5.235384849899965,6.1464518869438768,107.44647806235278,0.0,0.0,10.74423312950734,12.533921320059415,256.89469075020568,0.0,0.0,60.90537932898189,71.50874410932605,1253.5132103617412,0.0,0.0,40.23168070927268,47.5402925691932,675.3742012653412,0.0,0.0,16.011658061476333,18.776864173841724,335.64464219323966,29.132959844806309,19.981453940196379,303.44643016576739,356.34025570895997,6824.552651291367,0.0,0.0,49.119271361876268,58.39047916157553,661.3029401267611,0.0,19.355153591371697,47.60985609038014,22.0,30.0,0.0,19.54146872352044,46.710010980827949,12.0,30.0,0.0,19.35958074821388,47.70604985103171,22.0,30.0,0.0,19.363523476605147,47.83541195573078,12.0,30.0,0.0,18.67112375870667,51.612734677333047,12.0,30.0,0.0,20.451082187879878,46.26430823870693,12.0,30.0,0.0,18.700600899346939,50.289453337553329,10.0,30.0,0.0,16.73295122917028,58.039061457920357,12.0,30.0,0.0,18.900722257647176,50.97055212134275,20.0,30.0,0.0,18.697363512903846,0.0,0.0,0.0,15.016423103097907,0.0,0.0,526.7553005931409,509.51509865994037,531.6413564460657,538.8064880387284,614.3882006340607,933.3494024284519,579.9108877952969,676.3915658713502,909.7691351591686,0.0,83.74311278371312,83.74311278371312,60.0,0.0,60.0,60.0,12.0,12.0,12.0,19.0,12.0,12.0,21.0,10.0,0.0,0.0,0.0,0.0,0.0,0.0,0.0,0.0,0.0,0.0,0.0,0.0,0.0,83.74311278371312,83.74311278371312,0.0,0.0,0.0,83.74311278371312,0.0,0.0,0.00161 
 04/03  01:50:00,8.356666666666666,92.83333333333333,3.8716666666666668,0.0,0.0,0.0,0.0,0.0,2.0,2.0,0.0,0.0,0.0,0.0,0.0,916.0,0.0,0.0,0.0,0.0,0.0,0.0,0.0,0.0,0.0,0.0,0.0,19.53702639964737,-134.66648927022653,19.79912577909146,-19.553090564950936,19.513903666004269,-25.961422543203299,19.424941070931287,-119.58936774966969,18.65245343453428,-1.7281971697236998,20.22904282334592,-30.27606151871794,18.70982007900475,-22.62200070416202,16.995598961831328,-133.55476956433905,18.78203907072942,-37.551762074908427,311.1430665299795,389.167628073641,0.0,0.0,0.0,0.0,0.0,0.0,0.0,0.0,0.0,0.0,0.0,0.0,0.0,0.0,0.0,0.0,0.0,0.0,0.0,0.0,0.0,0.0,1.0694542048126015,0.3264512224702691,124.94425864954185,146.03430720965577,2715.1558186044555,0.19175637262406895,0.029266845638594165,10.429358295201452,12.174659292856548,236.54325243660393,1.4005134453983377,0.26464728749023777,190.99915327109023,223.07653984398343,4209.6949467654699,0.20113897719396696,0.03800812116288112,99.81117073139812,116.64200836834617,2163.1533111209726,0.0,0.0,5.35867362759439,6.273397420775938,109.59845350400397,0.0,0.0,10.858393887240592,12.635460903525459,258.542185399493,0.0,0.0,62.26100032238155,72.89874131904606,1275.7099905370122,0.0,0.0,40.503813795571527,47.741618541816539,674.5009262721533,0.0,0.0,16.450436915491065,19.240504137750024,344.88551045800485,28.774040632334903,19.73528164083327,191.7697721019935,224.72564138204397,4438.517716016454,0.0,0.0,49.298141446860629,58.45428362955791,658.086282750852,0.0,19.225232882694568,47.76126573032736,22.0,30.0,0.0,19.60552435811158,46.39539714058967,12.0,30.0,0.0,19.399856097474318,47.81416909265451,22.0,30.0,0.0,19.268406232164958,47.619077311459459,12.0,30.0,0.0,18.633545849395739,51.37654409108342,12.0,30.0,0.0,20.396718184422374,46.075487190945498,12.0,30.0,0.0,18.65327400536456,50.39143570557576,10.0,30.0,0.0,16.66371060721982,58.00967003254659,12.0,30.0,0.0,18.901306767393508,50.607391146025808,20.0,30.0,0.0,18.492601178242766,0.0,0.0,0.0,14.958978771052207,0.0,0.0,519.421772245005,505.15709715902985,543.214674957148,518.1965706505469,606.4461180459359,918.5924249662837,582.8957897257744,684.7574092118049,891.5174420397678,0.0,83.74311278371312,83.74311278371312,60.0,0.0,60.0,60.0,12.0,12.0,12.0,19.0,12.0,12.0,21.0,10.0,0.0,0.0,0.0,0.0,0.0,0.0,0.0,0.0,0.0,0.0,0.0,0.0,0.0,83.74311278371312,83.74311278371312,0.0,0.0,0.0,83.74311278371312,0.0,0.0,0.00161 
 04/03  02:00:00,8.36,93.0,3.83,0.0,0.0,0.0,0.0,0.0,2.0,2.0,0.0,0.0,0.0,0.0,0.0,916.0,0.0,0.0,0.0,0.0,0.0,0.0,0.0,0.0,0.0,0.0,0.0,19.635465890059629,11.577883125526569,19.64808362974754,-293.84944540745439,19.346452216762736,-236.93921558088824,19.44575116597406,9.131526252795993,18.621627784379088,-1.2599974046416094,20.187302472846079,-27.68557774035986,18.652535844796814,-41.74362470401638,16.945201291654994,-133.77530390651214,18.776004624330598,-37.81131462319786,366.50261659237187,392.54825787974598,0.0,0.0,0.0,0.0,0.0,0.0,0.0,0.0,0.0,0.0,0.0,0.0,0.0,0.0,0.0,0.0,0.0,0.0,0.0,0.0,0.0,0.0,1.0445562171531636,0.3188511041371073,243.59631034404124,284.4521705075554,5394.663969989578,0.17434631141527108,0.026609632389388139,176.09525712695584,205.76278217090553,3833.643558868473,1.2831102955754375,0.2424622629583216,183.0868978458446,214.09896563264696,3928.4079606093685,0.20981733279698584,0.039648022070481066,116.70297765750596,136.3205376467103,2549.0550740418777,0.0,0.0,4.80347180397739,5.624250592898919,97.93193935356868,0.0,0.0,11.07242323552612,12.88701725304704,262.7085701845399,0.0,0.0,56.53084265126123,66.21065622256458,1149.3030109382538,0.0,0.0,40.48910752631727,47.7350131991456,669.8430661836885,0.0,0.0,17.72877504213332,20.737013223197687,371.4307539264602,28.473345895583547,19.52904382413138,322.4287340028129,377.5857343449708,7177.76546330408,0.0,0.0,49.127192115500218,58.26428814789123,650.0267926107664,0.0,19.49352557484485,46.97982385598964,22.0,30.0,0.0,19.334912351991585,46.99127572566109,12.0,30.0,0.0,19.103498066266519,47.731172783073237,22.0,30.0,0.0,19.363006709119309,47.89456111445129,12.0,30.0,0.0,18.603275686841078,51.267585086713058,12.0,30.0,0.0,20.355969569144024,45.958545849293098,12.0,30.0,0.0,18.57375703192449,50.42271800162029,10.0,30.0,0.0,16.61110174937225,57.97099807076198,12.0,30.0,0.0,18.897341833407589,50.37899330273283,20.0,30.0,0.0,18.6680626651695,0.0,0.0,0.0,14.902588572531757,0.0,0.0,518.0191211623818,497.03129886059477,502.24164862639767,541.8920757119354,602.0047689229368,907.2415650027731,585.3703603680118,687.8831604353144,877.4787144866236,0.0,83.74311278371312,83.74311278371312,60.0,0.0,60.0,60.0,12.0,12.0,12.0,19.0,12.0,12.0,21.0,10.0,0.0,0.0,0.0,0.0,0.0,0.0,0.0,0.0,0.0,0.0,0.0,0.0,0.0,83.74311278371312,83.74311278371312,0.0,0.0,0.0,83.74311278371312,0.0,0.0,0.00161 
 04/03  02:10:00,8.335,93.16666666666667,3.8000000000000004,0.0,0.0,0.0,0.0,0.0,2.0,2.0,0.0,0.0,0.0,0.0,0.0,1832.0,0.0,0.0,0.0,0.0,0.0,0.0,0.0,0.0,0.0,0.0,0.0,19.491815014428789,-113.62443507747276,19.634101288704369,-99.78349798554746,19.374095085266828,-27.389608341191889,19.383442767410075,-90.91520669260763,18.59315671207957,-1.9231801358723857,20.147880948322365,-31.41108059230197,18.630154139924409,-29.09527584088096,16.898125273553775,-138.7348031184224,18.767122262121164,-41.13178283651729,331.2479974281255,396.85395644105486,0.0,0.0,0.0,0.0,0.0,0.0,0.0,0.0,0.0,0.0,0.0,0.0,0.0,0.0,0.0,0.0,0.0,0.0,0.0,0.0,0.0,0.0,1.0528819184549124,0.32139252700088907,225.084226743434,263.8700213837167,4878.421920889883,0.1898381166376948,0.028974071525899697,113.48291217524906,132.81122258123365,2486.7261439537016,1.496643481273126,0.2828124492201675,196.68317459052774,230.79657938711478,4282.088807178981,0.19751101778637959,0.037322565719270509,103.3192480049315,121.24395248802736,2238.083430057298,0.0,0.0,5.277208662048093,6.197955858720626,107.54721733315404,0.0,0.0,11.051793341065264,12.899585722667187,261.8837149409529,0.0,0.0,60.71426361576013,71.31830775858572,1235.8360783592885,0.0,0.0,41.0961088061574,48.5919582221928,677.9393561511187,0.0,0.0,18.68689336014413,21.916126074007879,391.9621022963134,28.155473901195874,19.311024623591139,287.16249671427615,337.5529768298437,6404.841025532003,0.0,0.0,49.68935239205409,59.10452063118058,654.3848031218181,0.0,19.23135722152147,47.6608947339015,22.0,30.0,0.0,19.38977355199698,46.96825087574066,12.0,30.0,0.0,19.231572529024605,47.76782665146399,22.0,30.0,0.0,19.259915728120676,47.65995436071641,12.0,30.0,0.0,18.577940064632349,51.165771550001569,12.0,30.0,0.0,20.319862515887576,45.91479072678592,12.0,30.0,0.0,18.564336233807425,50.28265507140503,10.0,30.0,0.0,16.56496849453099,57.971617884992017,12.0,30.0,0.0,18.88932066544078,50.206829076498959,20.0,30.0,0.0,18.54623024581435,0.0,0.0,0.0,14.848643816905409,0.0,0.0,515.8299533901956,504.059464188936,522.9719163175323,519.271792066827,599.424177865104,903.2079674085518,580.8750552469876,692.3554482924726,868.3234605827054,0.0,83.74311278371312,83.74311278371312,60.0,0.0,60.0,60.0,12.0,12.0,12.0,19.0,12.0,12.0,21.0,10.0,0.0,0.0,0.0,0.0,0.0,0.0,0.0,0.0,0.0,0.0,0.0,0.0,0.0,83.74311278371312,83.74311278371312,0.0,0.0,0.0,83.74311278371312,0.0,0.0,0.00161 
 04/03  02:20:00,8.31,93.33333333333334,3.7700000000000006,0.0,0.0,0.0,0.0,0.0,2.0,2.0,0.0,0.0,0.0,0.0,0.0,916.0,0.0,0.0,0.0,0.0,0.0,0.0,0.0,0.0,0.0,0.0,0.0,19.470268666889745,-69.29086873723009,19.589581830308587,-119.79274864272793,19.37457576549938,-26.434937382278805,19.318739796103367,-109.5658688179401,18.55756750403082,-1.8589052664967767,20.09901243515798,-31.249468724232828,18.58823811667301,-28.502008806317009,16.841350396964239,-136.2470818274412,18.75412512841675,-42.40596954172463,275.9116364255551,400.6393359944161,0.0,0.0,0.0,0.0,0.0,0.0,0.0,0.0,0.0,0.0,0.0,0.0,0.0,0.0,0.0,0.0,0.0,0.0,0.0,0.0,0.0,0.0,1.0491013341008698,0.32023850247279297,112.67491777256586,131.67978656561489,2465.159899985571,0.19417814054246336,0.02963646833676181,66.62477353974313,77.83521489194492,1461.5305115727145,1.5020459205628636,0.28383331832253669,155.82168565302349,182.06996354055827,3418.7345429524018,0.20099215634663973,0.03798037723859404,75.9740144620089,88.8097328171973,1640.6948840954497,0.0,0.0,5.33234125919125,6.244783521914541,108.57153939689907,0.0,0.0,11.098744171308578,12.92139548986248,262.48975531455138,0.0,0.0,60.81637992026979,71.23970820343966,1235.5755856411225,0.0,0.0,41.21570778436236,48.608634659615109,676.987638663776,0.0,0.0,19.036867509784949,22.268642831097659,399.85960448843488,27.91465590892163,19.145854532868066,156.80389670029349,183.83673726108186,3675.321138591126,0.0,0.0,49.74074954021048,59.01288095500391,652.3956981686898,0.0,19.246399588838537,47.3526463921834,22.0,30.0,0.0,19.34936322391627,47.03565183249924,12.0,30.0,0.0,19.274498400198107,47.67103738366583,22.0,30.0,0.0,19.17394901864703,47.6075957256027,12.0,30.0,0.0,18.538808020965978,51.02266051041313,12.0,30.0,0.0,20.26527480958635,45.83368530145406,12.0,30.0,0.0,18.51586025585589,50.37666199894397,10.0,30.0,0.0,16.499792227937517,57.977986017144,12.0,30.0,0.0,18.87496340392927,49.9708620022359,20.0,30.0,0.0,18.326379749458324,0.0,0.0,0.0,14.793468369189963,0.0,0.0,505.9879506884571,501.7930799978139,526.4132886074137,504.1709147657141,596.1883515658295,896.0737041036402,582.9544779417835,694.570753232745,855.8799393579561,0.0,83.74311278371312,83.74311278371312,60.0,0.0,60.0,60.0,12.0,12.0,12.0,19.0,12.0,12.0,21.0,10.0,0.0,0.0,0.0,0.0,0.0,0.0,0.0,0.0,0.0,0.0,0.0,0.0,0.0,83.74311278371312,83.74311278371312,0.0,0.0,0.0,83.74311278371312,0.0,0.0,0.0016366666666666665 
 04/03  02:30:00,8.285,93.5,3.74,0.0,0.0,0.0,0.0,0.0,2.0,2.0,0.0,0.0,0.0,0.0,0.0,916.0,0.0,0.0,0.0,0.0,0.0,0.0,0.0,0.0,0.0,0.0,0.0,19.48613524830852,-13.558393893654284,19.520819354856678,-177.30321687683364,19.248760263194734,-184.61717848906847,19.333018028806316,4.5956015210476839,18.525009953517885,-1.9941523425140134,20.0559452179972,-30.473808977558407,18.550815264314168,-32.55023251009243,16.791716329281237,-137.03718688453115,18.740406429218916,-43.846230709589239,294.5885058942458,404.62307323638108,0.0,0.0,0.0,0.0,0.0,0.0,0.0,0.0,0.0,0.0,0.0,0.0,0.0,0.0,0.0,0.0,0.0,0.0,0.0,0.0,0.0,0.0,1.0452532313166228,0.319063867923267,119.42545274381485,139.51750004847404,2636.56957893625,0.19136905102165259,0.029207730619910348,95.88665672486327,112.0518086361074,2089.838999306194,1.4739944115813449,0.27853257966389746,122.97535299947991,143.8033492957508,2659.5782860501146,0.20928683233062557,0.03954777632853845,103.36550586928965,120.78037586009399,2251.441889048167,0.0,0.0,5.206318932028556,6.097761695377947,105.93082003227559,0.0,0.0,11.104530311165272,12.929760881099139,262.25146617261057,0.0,0.0,60.13520997514801,70.45150479027372,1219.9182122050702,0.0,0.0,41.39659222982722,48.8297175409373,677.8319517722752,0.0,0.0,19.054478305091167,22.28988923681837,400.6236854736105,27.684608320163397,18.98807155018066,176.50379020560949,206.8956347815195,4087.770001300224,0.0,0.0,49.87744105183456,59.18442179248363,651.3901035384764,0.0,19.33056633331447,47.212986937759669,22.0,30.0,0.0,19.260327828275309,47.17132241717687,12.0,30.0,0.0,19.060790283729135,47.82560046174053,22.0,30.0,0.0,19.252721099238849,47.71198901163001,12.0,30.0,0.0,18.506049114700948,50.95997864756882,12.0,30.0,0.0,20.222133691270476,45.81114737742209,12.0,30.0,0.0,18.47484904191038,50.26038465270496,10.0,30.0,0.0,16.44814718467668,57.97732525800868,12.0,30.0,0.0,18.860508202105988,49.8559240880044,20.0,30.0,0.0,18.36502987715039,0.0,0.0,0.0,14.739761284875755,0.0,0.0,511.6737766805161,498.9427007520543,507.4961497899253,525.1453444861397,594.4964391753154,892.3560752206712,577.7910382800284,695.1078086111048,852.3567939026401,0.0,83.74311278371312,83.74311278371312,60.0,0.0,60.0,60.0,12.0,12.0,12.0,19.0,12.0,12.0,21.0,10.0,0.0,0.0,0.0,0.0,0.0,0.0,0.0,0.0,0.0,0.0,0.0,0.0,0.0,83.74311278371312,83.74311278371312,0.0,0.0,0.0,83.74311278371312,0.0,0.0,0.0016633333333333336 
 04/03  02:40:00,8.26,93.66666666666667,3.71,0.0,0.0,0.0,0.0,0.0,2.0,2.0,0.0,0.0,0.0,0.0,0.0,1832.0,0.0,0.0,0.0,0.0,0.0,0.0,0.0,0.0,0.0,0.0,0.0,19.36043748102326,-102.85879726234498,19.500284437565435,-121.03460340040317,19.245087650052854,-59.79673076701147,19.26620709612787,-96.34059594198289,18.495836969187726,-1.9713677596829343,20.017190379958053,-30.962211820163334,18.518791333814137,-37.427554508818278,16.745881018252768,-141.34110447724675,18.726886962979607,-45.58097589480383,315.9565984492856,409.57569609228576,0.0,0.0,0.0,0.0,0.0,0.0,0.0,0.0,0.0,0.0,0.0,0.0,0.0,0.0,0.0,0.0,0.0,0.0,0.0,0.0,0.0,0.0,1.0499981986744276,0.32051227065763968,197.71546906122939,231.72988054170529,4278.437398208465,0.18722927792903627,0.02857589711981628,96.97203813689362,113.42980688863757,2115.3919942082995,1.597805089084686,0.30192839929793777,178.19358721653846,209.07791589781034,3872.5620234121499,0.1998705591823432,0.03776843521964156,94.85979861296815,111.29295879750171,2048.368929355619,0.0,0.0,5.176797330605911,6.08144105530682,105.28485164136476,0.0,0.0,11.18089127690989,13.055123210604535,263.78055067753896,0.0,0.0,59.52905536250054,69.94508831307219,1206.712274048295,0.0,0.0,41.85161723601611,49.50871574546407,683.4473973933082,0.0,0.0,20.354073654252085,23.87352585718138,428.2578619605623,27.403825520678916,18.79549075492382,248.48889996238644,292.03311888578699,5568.030494670895,0.0,0.0,50.241973911343709,59.79003091301722,653.2842471586262,0.0,19.11688440348167,47.67923808448137,22.0,30.0,0.0,19.277856965376345,47.136462674394469,12.0,30.0,0.0,19.11573353067338,47.82194919148186,22.0,30.0,0.0,19.141890236361545,47.655613183359807,12.0,30.0,0.0,18.480358160189565,50.89491460743997,12.0,30.0,0.0,20.189006015113337,45.782812967537697,12.0,30.0,0.0,18.444741366277478,50.28001131461743,10.0,30.0,0.0,16.403766259658128,57.96667537852815,12.0,30.0,0.0,18.84765417109192,49.73710855115854,20.0,30.0,0.0,18.426608300769375,0.0,0.0,0.0,14.688275514193684,0.0,0.0,504.3144009820195,501.61170384731198,516.210668971177,505.0288119321891,592.4287595581502,889.6613831863974,578.5394836137141,692.8405506736465,845.0498651298553,0.0,83.74311278371312,83.74311278371312,60.0,0.0,60.0,60.0,12.0,12.0,12.0,19.0,12.0,12.0,21.0,10.0,0.0,0.0,0.0,0.0,0.0,0.0,0.0,0.0,0.0,0.0,0.0,0.0,0.0,83.74311278371312,83.74311278371312,0.0,0.0,0.0,83.74311278371312,0.0,0.0,0.00169 
 04/03  02:50:00,8.235000000000002,93.83333333333334,3.6799999999999999,0.0,0.0,0.0,0.0,0.0,2.0,2.0,0.0,0.0,0.0,0.0,0.0,916.0,0.0,0.0,0.0,0.0,0.0,0.0,0.0,0.0,0.0,0.0,0.0,19.272586164093963,-119.73151189421424,19.49701416470419,-18.687648783799149,19.234072149597453,-21.845895261428269,19.203924398183433,-105.55532561328892,18.45956483222828,-1.8562997347956128,19.96949470424746,-31.59151723904904,18.473632592080678,-32.13009901994428,16.690623248770117,-138.84502863358967,18.70852127520557,-46.854446415168357,262.2791038539044,412.24540380084616,0.0,0.0,0.0,0.0,0.0,0.0,0.0,0.0,0.0,0.0,0.0,0.0,0.0,0.0,0.0,0.0,0.0,0.0,0.0,0.0,0.0,0.0,1.0642577818865749,0.32486501278588977,105.13665077740099,122.96085600093328,2266.8808450913218,0.19120209032123787,0.029182248217527148,10.184317824871592,11.897588044991862,227.91802341449267,1.6362433195272182,0.309191859321092,153.4493523197682,179.36300890341583,3352.7764169080576,0.20077430761537166,0.03793921156753054,80.48637045840582,94.11130206406873,1732.2662372754645,0.0,0.0,5.289818654924139,6.1967424770072079,107.47913106087606,0.0,0.0,11.252320948347548,13.105190142283022,264.9956507903531,0.0,0.0,60.34760115416105,70.714450805873,1220.4644273872244,0.0,0.0,41.93073904582688,49.47604594030899,681.9422377283039,0.0,0.0,20.918357613273323,24.47249948821725,440.46415394384806,27.148948966679926,18.620678303621355,154.53403325258067,181.21436128951044,3606.1211742021935,0.0,0.0,50.23188576511409,59.62485210514126,650.4309531524233,0.0,18.99679091237396,47.858728639113177,22.0,30.0,0.0,19.322680320418426,46.91194385302474,12.0,30.0,0.0,19.14003503017039,47.75909148498605,22.0,30.0,0.0,19.061596331797323,47.634587069170127,12.0,30.0,0.0,18.440676006789589,50.80374909349642,12.0,30.0,0.0,20.136533086865236,45.739419706119239,12.0,30.0,0.0,18.391733663023623,50.39871066406846,10.0,30.0,0.0,16.340857459509754,58.00265792431216,12.0,30.0,0.0,18.826289033053109,49.57090571010635,20.0,30.0,0.0,18.22525511688083,0.0,0.0,0.0,14.632876824345287,0.0,0.0,497.3215662899652,497.6326608989395,517.5659325709055,491.3370813851994,589.8187184641636,884.822089300921,579.6509674795651,693.3937228703736,832.6850501542805,0.0,83.74311278371312,83.74311278371312,60.0,0.0,60.0,60.0,12.0,12.0,12.0,19.0,12.0,12.0,21.0,10.0,0.0,0.0,0.0,0.0,0.0,0.0,0.0,0.0,0.0,0.0,0.0,0.0,0.0,83.74311278371312,83.74311278371312,0.0,0.0,0.0,83.74311278371312,0.0,0.0,0.0016866666666666667 
 04/03  03:00:00,8.21,94.0,3.65,0.0,0.0,0.0,0.0,0.0,2.0,2.0,0.0,0.0,0.0,0.0,0.0,916.0,0.0,0.0,0.0,0.0,0.0,0.0,0.0,0.0,0.0,0.0,0.0,19.349803811267305,11.496113336414055,19.35081243659249,-278.57260692043476,19.090583776775277,-200.30161403983676,19.215085740962978,1.6793496472919288,18.427231214430507,-1.1791859319701815,19.928211414919116,-29.373608528394415,18.419029146696887,-47.19592858500232,16.64278207700902,-138.96457487198178,18.691429322166365,-47.32923048534269,324.8288660829712,414.3991129755732,0.0,0.0,0.0,0.0,0.0,0.0,0.0,0.0,0.0,0.0,0.0,0.0,0.0,0.0,0.0,0.0,0.0,0.0,0.0,0.0,0.0,0.0,1.04133200217198,0.3178669115299085,223.52744967719367,261.2041346815639,4899.066876338845,0.17542519940116803,0.026774297832901106,168.18967738058934,196.65275888506489,3622.5120778406987,1.5884519694568334,0.30016099196085296,141.00255872091098,164.9591889864913,3021.6316840165379,0.20491378476610495,0.038721425692763589,87.63626231600482,102.43323097319694,1902.1073623595415,0.0,0.0,4.777407089403485,5.596926052892773,97.01007734570952,0.0,0.0,11.432616958057479,13.316679022351217,268.9261371955226,0.0,0.0,55.96899530645876,65.59884660809439,1126.8000556436282,0.0,0.0,41.849929886122847,49.38782398923411,678.7085084224685,0.0,0.0,21.909613092613364,25.633153585376804,461.6431686886361,26.92109126373711,18.46439730023122,272.2127813901164,318.98726680034056,6061.438347997274,0.0,0.0,50.00035004322616,59.35926155423661,644.4755097181107,0.0,19.217835844497828,47.31208893630095,22.0,30.0,0.0,19.060838794901643,47.590778902974957,12.0,30.0,0.0,18.890689327301766,48.1419162723531,22.0,30.0,0.0,19.133083338440085,47.74683878351891,12.0,30.0,0.0,18.409085074434576,50.776954188482637,12.0,30.0,0.0,20.09665911545892,45.71447125301998,12.0,30.0,0.0,18.318852795768306,50.45481641693977,10.0,30.0,0.0,16.29205829700367,58.01472236606261,12.0,30.0,0.0,18.808333810197916,49.478518531105788,20.0,30.0,0.0,18.416197680473457,0.0,0.0,0.0,14.577638131931979,0.0,0.0,505.18942951115386,496.55663868300476,503.6141768163979,515.425865117735,587.9489695237512,879.0999884714314,578.7116932014477,693.2432200362157,823.0077513424379,0.0,83.74311278371312,83.74311278371312,60.0,0.0,60.0,60.0,12.0,12.0,12.0,19.0,12.0,12.0,21.0,10.0,0.0,0.0,0.0,0.0,0.0,0.0,0.0,0.0,0.0,0.0,0.0,0.0,0.0,83.74311278371312,83.74311278371312,0.0,0.0,0.0,83.74311278371312,0.0,0.0,0.0016833333333333334 
 04/03  03:10:00,8.181666666666669,94.16666666666667,3.705,0.0,0.0,0.0,0.0,0.0,2.0,2.0,0.0,0.0,0.0,0.0,0.0,1832.0,0.0,0.0,0.0,0.0,0.0,0.0,0.0,0.0,0.0,0.0,0.0,19.214552102131898,-106.57559791299218,19.337633889747605,-87.02205894153372,19.110344150094805,-12.379235067532932,19.153949265510645,-87.24681476479212,18.39749195484757,-1.8084019378831898,19.889648285599564,-32.68145523566142,18.392864437363288,-37.67047762808272,16.59783220776924,-143.56794419692666,18.67442408721411,-50.46948758986821,289.08337838145419,417.84665760355997,0.0,0.0,0.0,0.0,0.0,0.0,0.0,0.0,0.0,0.0,0.0,0.0,0.0,0.0,0.0,0.0,0.0,0.0,0.0,0.0,0.0,0.0,1.0563912731991148,0.3224637586077884,210.44374951505066,246.83648622667296,4523.436173583083,0.192282791061953,0.029347190333020916,108.00128189411574,126.48608412312317,2342.4420546829735,1.683014928603754,0.3180300318601199,156.87972263877072,184.2738904389845,3400.0217372026338,0.19683497615387908,0.03719481786732407,73.70589828760403,86.63428430972711,1586.8459345407185,0.0,0.0,5.197258721186111,6.107068306967267,105.51880932057432,0.0,0.0,11.37716963861654,13.288930330482913,267.3833590034302,0.0,0.0,59.332561422700269,69.73993768083702,1195.6963966853767,0.0,0.0,42.29463531398398,50.054713176638419,684.4422368633083,0.0,0.0,22.34105796463636,26.207566165397617,471.0568332561751,26.809427180263137,18.387810137354696,245.61842596031915,288.935061254128,5484.203977347834,0.0,0.0,50.43684742939176,60.04987827821114,647.4311537745931,0.0,18.97534966879804,47.91750502099981,22.0,30.0,0.0,19.1139126773161,47.473551915749037,12.0,30.0,0.0,18.995823234042044,48.00437356358679,22.0,30.0,0.0,19.034729479009763,47.65508466475328,12.0,30.0,0.0,18.382730508552059,50.74488952664491,12.0,30.0,0.0,20.06186463258973,45.71883749229616,12.0,30.0,0.0,18.303721011759444,50.414421484184007,10.0,30.0,0.0,16.24876874462321,58.042993198721479,12.0,30.0,0.0,18.79161091525893,49.412242971964307,20.0,30.0,0.0,18.276363597261978,0.0,0.0,0.0,14.524790480651248,0.0,0.0,500.1986981465778,499.58668351455438,514.811688135345,491.4442742542609,586.6452064635885,878.1570470452316,575.6909358641065,693.8361605507778,818.2310586771632,0.0,83.74311278371312,83.74311278371312,60.0,0.0,60.0,60.0,12.0,12.0,12.0,19.0,12.0,12.0,21.0,10.0,0.0,0.0,0.0,0.0,0.0,0.0,0.0,0.0,0.0,0.0,0.0,0.0,0.0,83.74311278371312,83.74311278371312,0.0,0.0,0.0,83.74311278371312,0.0,0.0,0.0016800000000000003 
 04/03  03:20:00,8.153333333333335,94.33333333333334,3.7600000000000004,0.0,0.0,0.0,0.0,0.0,2.0,2.0,0.0,0.0,0.0,0.0,0.0,916.0,0.0,0.0,0.0,0.0,0.0,0.0,0.0,0.0,0.0,0.0,0.0,19.22267345490954,-35.92356084224457,19.287528477553424,-124.77647119411313,19.102831833653064,-27.32221588212633,19.098541916537497,-94.64176308452079,18.36060775471165,-1.604934629403715,19.84172644092721,-32.479652461779668,18.34919518348589,-36.53321122102079,16.543504586290724,-141.03346480783194,18.652086660022638,-51.29265636807145,221.16652465316293,420.9477268474234,0.0,0.0,0.0,0.0,0.0,0.0,0.0,0.0,0.0,0.0,0.0,0.0,0.0,0.0,0.0,0.0,0.0,0.0,0.0,0.0,0.0,0.0,1.052376603335452,0.32123827940642615,85.07209131298711,99.46247193701837,1860.4963526068935,0.19526306722030474,0.029802055436554448,67.75693725356619,79.21815582383919,1469.3256518404244,1.6451073704641473,0.31086685004991457,110.57411600557987,129.28752601414997,2418.0349144445979,0.2001075866342232,0.03781322498757051,57.37895767940912,67.10603641460095,1234.8529901029215,0.0,0.0,5.245059020776593,6.145900881188679,106.41333779274133,0.0,0.0,11.442202985145457,13.331149047041653,268.49263746220069,0.0,0.0,59.54478193240474,69.7991202218528,1197.910302637023,0.0,0.0,42.337028833073137,49.977921639844,682.6897820294987,0.0,0.0,22.728345318895998,26.593713406958057,479.5245383009948,26.756815323506396,18.351725187590128,111.69841491240592,131.06945788991437,2708.26044004561,0.0,0.0,50.43440641595847,59.893642144479098,645.1952872856358,0.0,19.048618791246235,47.6066740655369,22.0,30.0,0.0,19.059428662465867,47.42220365739386,12.0,30.0,0.0,19.019757114865386,47.814481625775538,22.0,30.0,0.0,18.966844152858465,47.693476722994137,12.0,30.0,0.0,18.34239601007942,50.69832502933127,12.0,30.0,0.0,20.008695709985536,45.71240005726247,12.0,30.0,0.0,18.253641906117097,50.563852173161198,10.0,30.0,0.0,16.187185996996054,58.10962529528527,12.0,30.0,0.0,18.765364187118128,49.3131175439873,20.0,30.0,0.0,17.992606477385466,0.0,0.0,0.0,14.471374676210953,0.0,0.0,502.35729003180736,484.99278635505825,508.6834695756262,483.47321086183328,584.4970649712357,874.8523838768541,579.9637373932435,693.0042207730836,809.8043904268303,0.0,83.74311278371312,83.74311278371312,60.0,0.0,60.0,60.0,12.0,12.0,12.0,19.0,12.0,12.0,21.0,10.0,0.0,0.0,0.0,0.0,0.0,0.0,0.0,0.0,0.0,0.0,0.0,0.0,0.0,83.74311278371312,83.74311278371312,0.0,0.0,0.0,83.74311278371312,0.0,0.0,0.0017233333333333335 
 04/03  03:30:00,8.125,94.5,3.815,0.0,0.0,0.0,0.0,0.0,2.0,2.0,0.0,0.0,0.0,0.0,0.0,916.0,0.0,0.0,0.0,0.0,0.0,0.0,0.0,0.0,0.0,0.0,0.0,19.16146691257563,-66.80817206987149,19.304958231130198,-16.819229145183046,19.002605894903057,-146.5083524213337,19.10495011581451,-0.9942160653258725,18.326610719173567,-2.0180428607216358,19.799164770977485,-32.17282358602267,18.318985726892416,-33.9209261726146,16.49510868627419,-142.24195204465105,18.631141558924779,-52.86882980969756,175.6446006708743,425.3261534136875,0.0,0.0,0.0,0.0,0.0,0.0,0.0,0.0,0.0,0.0,0.0,0.0,0.0,0.0,0.0,0.0,0.0,0.0,0.0,0.0,0.0,0.0,1.0428070571962907,0.3183171725263403,38.02403655056267,44.46522645839293,840.2570743764572,0.19635873435248953,0.029969281799830516,7.491260187719073,8.755389241663087,167.8855370080591,1.6545103385971154,0.31264367698358205,75.64846155061267,88.49843661188324,1645.9241395239554,0.2069385800551705,0.03910404007089388,77.84615695850194,91.01416921151963,1687.1384375510016,0.0,0.0,5.3533222470165449,6.2732831782006619,108.55193586591513,0.0,0.0,11.350341110706096,13.225630042481294,266.0406012652885,0.0,0.0,60.85585984673797,71.34064931896379,1224.6820622715325,0.0,0.0,42.66073552743678,50.367344540335029,686.1060838507603,0.0,0.0,22.178731238839754,25.95166352108724,468.1847707901691,26.694159942054087,18.30875167493422,75.07034396125445,88.1518742372936,1956.801077270874,0.0,0.0,50.809413692562717,60.346991120582938,647.9058613061072,0.0,18.970440662293148,47.857038590793198,22.0,30.0,0.0,19.143602678740526,47.18340576618179,12.0,30.0,0.0,18.857178665401628,48.14719617355403,22.0,30.0,0.0,19.026516326618187,47.762595410027419,12.0,30.0,0.0,18.308016378463497,50.70620476025675,12.0,30.0,0.0,19.966119375550166,45.728594229052827,12.0,30.0,0.0,18.228313555384167,50.48231558958872,10.0,30.0,0.0,16.136812340191804,58.153384667553357,12.0,30.0,0.0,18.74263923878579,49.30085651954975,20.0,30.0,0.0,17.79143216404172,0.0,0.0,0.0,14.421923805752173,0.0,0.0,513.2445035732142,487.5708887241836,510.42497181607475,506.13853603446747,584.3624770229063,873.8306598497447,575.7911537932996,691.4159627064971,811.1259642732709,0.0,83.74311278371312,83.74311278371312,60.0,0.0,60.0,60.0,12.0,12.0,12.0,19.0,12.0,12.0,21.0,10.0,0.0,0.0,0.0,0.0,0.0,0.0,0.0,0.0,0.0,0.0,0.0,0.0,0.0,83.74311278371312,83.74311278371312,0.0,0.0,0.0,83.74311278371312,0.0,0.0,0.0017666666666666667 
 04/03  03:40:00,8.096666666666668,94.66666666666666,3.87,0.0,0.0,0.0,0.0,0.0,2.0,2.0,0.0,0.0,0.0,0.0,0.0,1832.0,0.0,0.0,0.0,0.0,0.0,0.0,0.0,0.0,0.0,0.0,0.0,19.115114792123959,-84.3808865757137,19.223788500762283,-161.88102199295418,19.003040812212647,-11.185697100142307,19.018301689559956,-121.46969738747703,18.29631412639434,-2.1172412079932885,19.76201869593969,-31.946181420836724,18.28562116797915,-37.59190752719837,16.450646319410834,-146.19216756444906,18.612099105774488,-54.64730341020362,263.52170578432836,429.8461297461133,0.0,0.0,0.0,0.0,0.0,0.0,0.0,0.0,0.0,0.0,0.0,0.0,0.0,0.0,0.0,0.0,0.0,0.0,0.0,0.0,0.0,0.0,1.0515782070064342,0.3209945686832827,145.33675395476463,170.40974503154718,3142.4453434758308,0.1888452100414254,0.028822529005101559,88.49060772283113,103.89872445488193,1915.045234885335,1.7155919446258299,0.32418593057933306,145.4906683674006,170.79299175372064,3155.8654004401325,0.2039830043547741,0.03854554126129517,103.61388479324615,121.56782621626033,2218.7949900948558,0.0,0.0,5.285880244584142,6.210745339501763,107.16077610454824,0.0,0.0,11.422247407799937,13.346601314444034,267.55042493843606,0.0,0.0,60.81917671156906,71.48850366278846,1223.0811456235379,0.0,0.0,43.09635003715546,51.02453744689882,691.6605052799976,0.0,0.0,22.697058633646255,26.632483315994564,479.3964053491601,26.620866238887144,18.258481645327266,170.70165442804604,200.91807829209868,3916.692522071592,0.0,0.0,51.20967015570615,60.9938851179961,650.8815869610202,0.0,18.928993644079616,47.83699619083443,22.0,30.0,0.0,19.011929015232448,47.381770112929668,12.0,30.0,0.0,18.91398366002145,48.01773463636823,22.0,30.0,0.0,18.8785517459573,47.91307181082061,12.0,30.0,0.0,18.281314732726544,50.702200460765329,12.0,30.0,0.0,19.934146253748666,45.724028239889687,12.0,30.0,0.0,18.196342573485546,50.50357917529877,10.0,30.0,0.0,16.094180276400445,58.20233512018163,12.0,30.0,0.0,18.724504116625668,49.2659180526651,20.0,30.0,0.0,18.052465929885885,0.0,0.0,0.0,14.374821418223725,0.0,0.0,499.03910178172318,475.2902137058019,510.9126014528721,488.2971448398083,583.9587417991709,871.7915734639139,576.3601152856131,688.93264657868,808.9730616224885,0.0,83.74311278371312,83.74311278371312,60.0,0.0,60.0,60.0,12.0,12.0,12.0,19.0,12.0,12.0,21.0,10.0,0.0,0.0,0.0,0.0,0.0,0.0,0.0,0.0,0.0,0.0,0.0,0.0,0.0,83.74311278371312,83.74311278371312,0.0,0.0,0.0,83.74311278371312,0.0,0.0,0.00181 
 04/03  03:50:00,8.068333333333332,94.83333333333333,3.925,0.0,0.0,0.0,0.0,0.0,2.0,2.0,0.0,0.0,0.0,0.0,0.0,916.0,0.0,0.0,0.0,0.0,0.0,0.0,0.0,0.0,0.0,0.0,0.0,19.10462031482391,1.1713349086985546,19.11201496024571,-242.38746047495625,18.936922607356075,-106.67445406727188,19.02887432205777,-4.062665055488537,18.258984586607384,-1.4079371104240295,19.715943899140677,-30.847633685720554,18.22919036765363,-49.88253721191177,16.39748753021575,-142.92508065233688,18.587533729247178,-54.44086876809797,250.1127306566641,432.52276785806637,0.0,0.0,0.0,0.0,0.0,0.0,0.0,0.0,0.0,0.0,0.0,0.0,0.0,0.0,0.0,0.0,0.0,0.0,0.0,0.0,0.0,0.0,1.0436245937222473,0.3185667258004418,182.52848159392389,213.4360349897898,3967.881142800475,0.185455147951619,0.028305120261236113,131.88192692436557,154.2916224739241,2822.611133945092,1.628057651214585,0.3076450588085007,49.3298467386571,57.71406810834085,1086.945928913543,0.19951590144014864,0.03770141750569701,3.656988366783467,4.276391236061506,83.22101590383001,0.0,0.0,4.859491191287681,5.695542765155285,98.4468062772534,0.0,0.0,11.554208602297967,13.466249354584275,270.28244650668406,0.0,0.0,56.949064167890487,66.7804327549522,1140.4967478565853,0.0,0.0,42.956687852975267,50.7313089955119,687.1044433036975,0.0,0.0,24.040849131714276,28.133367641594306,507.99631063729296,26.50712520198403,18.180469960208535,149.0221219330844,174.85255799623813,3458.049395952545,0.0,0.0,50.949344551657038,60.52968033419029,645.7491999218474,0.0,18.96879256898646,47.644899902914989,22.0,30.0,0.0,18.841984100294785,47.698213646243107,12.0,30.0,0.0,18.819802935570384,47.95275198072794,22.0,30.0,0.0,18.950177553125188,47.81289503326821,12.0,30.0,0.0,18.240726992296254,50.69176932604081,12.0,30.0,0.0,19.884051127500056,45.7079538303363,12.0,30.0,0.0,18.119914666953606,50.663221201353938,10.0,30.0,0.0,16.034523024928668,58.290361121589388,12.0,30.0,0.0,18.696080893391036,49.20525786528534,20.0,30.0,0.0,17.97932129366933,0.0,0.0,0.0,14.325482435678799,0.0,0.0,491.4532325905201,463.35064769144909,491.96351405059689,500.14350181506247,581.6355922101385,866.0228369008814,580.967778998329,687.3317936714758,799.6077741506,0.0,83.74311278371312,83.74311278371312,60.0,0.0,60.0,60.0,12.0,12.0,12.0,19.0,12.0,12.0,21.0,10.0,0.0,0.0,0.0,0.0,0.0,0.0,0.0,0.0,0.0,0.0,0.0,0.0,0.0,83.74311278371312,83.74311278371312,0.0,0.0,0.0,83.74311278371312,0.0,0.0,0.0018366666666666666 
 04/03  04:00:00,8.04,95.0,3.98,0.0,0.0,0.0,0.0,0.0,2.0,2.0,0.0,0.0,0.0,0.0,0.0,1832.0,0.0,0.0,0.0,0.0,0.0,0.0,0.0,0.0,0.0,0.0,0.0,18.97347548356874,-106.09018643281297,19.098250513595255,-86.29942291694556,18.905199211532869,-81.33268573421947,18.96265975953449,-91.5244477539486,18.22878216871865,-1.4154894795606766,19.67818870460811,-33.24403426578132,18.1954844537115,-46.92380984120064,16.354823981961184,-145.97237790134069,18.567156530322849,-57.270895966021729,297.71273819892579,432.68396490924968,0.0,0.0,0.0,0.0,0.0,0.0,0.0,0.0,0.0,0.0,0.0,0.0,0.0,0.0,0.0,0.0,0.0,0.0,0.0,0.0,0.0,0.0,1.0592863250745226,0.32334747407647215,199.12568950778673,233.56392140306043,4251.647845639122,0.19657465654080476,0.03000223695677728,111.43066444960732,130.6073682264409,2399.5606739277939,1.643914775286123,0.31064149192859477,143.87972700640695,168.84002982527159,3109.036151376662,0.19381854300690128,0.03662481916230182,73.36047973243899,86.15515093847822,1574.243756776837,0.0,0.0,5.127128874237626,6.026937770363994,103.8527628460138,0.0,0.0,11.573013839144258,13.52504332322064,270.50194825274539,0.0,0.0,57.999143880031457,68.20775389684425,1161.1135562546772,0.0,0.0,43.05826207649714,50.99377503880963,687.5471707731879,0.0,0.0,24.71365468981412,28.997254062926726,522.4303888292241,26.397332479023747,18.105166309344136,234.731026652175,276.03724800510948,5229.533366601827,0.0,0.0,50.96739740812315,60.72287217632223,643.5189027855712,0.0,18.739623256588549,48.27428493420637,22.0,30.0,0.0,18.887376387084026,47.70726897887022,12.0,30.0,0.0,18.80647185350613,48.06451303674007,22.0,30.0,0.0,18.844536835650428,47.97325890209103,12.0,30.0,0.0,18.21438210058882,50.692651617845928,12.0,30.0,0.0,19.850190866839755,45.71566932363844,12.0,30.0,0.0,18.090593496929686,50.64863212731562,10.0,30.0,0.0,15.995021299277458,58.31580095169529,12.0,30.0,0.0,18.676371516313798,49.177515047301,20.0,30.0,0.0,18.12179258638862,0.0,0.0,0.0,14.274964267647896,0.0,0.0,494.64479301555618,480.03035668857458,495.2702786486244,495.1522424245447,581.0397188790894,864.6614033170965,573.331210449132,688.2941098191526,794.3897774465602,0.0,83.74311278371312,83.74311278371312,60.0,0.0,60.0,60.0,12.0,12.0,12.0,19.0,12.0,12.0,21.0,10.0,0.0,0.0,0.0,0.0,0.0,0.0,0.0,0.0,0.0,0.0,0.0,0.0,0.0,83.74311278371312,83.74311278371312,0.0,0.0,0.0,83.74311278371312,0.0,0.0,0.0018633333333333337 
 04/03  04:10:00,8.011666666666667,95.16666666666667,4.001666666666667,0.0,0.0,0.0,0.0,0.0,2.0,2.0,0.0,0.0,0.0,0.0,0.0,916.0,0.0,0.0,0.0,0.0,0.0,0.0,0.0,0.0,0.0,0.0,0.0,18.98684697048872,-32.569408934723018,19.0559306464699,-102.188686260537,18.87795799330707,-21.031906785242428,18.881160426015677,-125.72122142743865,18.191611711578959,-1.0942714769002465,19.630584041763087,-33.357905993992918,18.148602002150257,-42.28996225268156,16.302805851484427,-143.85549799413617,18.5405346469321,-58.10224711757985,248.34229366143246,435.10645421750248,0.0,0.0,0.0,0.0,0.0,0.0,0.0,0.0,0.0,0.0,0.0,0.0,0.0,0.0,0.0,0.0,0.0,0.0,0.0,0.0,0.0,0.0,1.0511698018622298,0.32086990288834857,83.90772131994271,98.16401087247901,1822.054056794103,0.19527542719968656,0.029803941880294044,65.48238812591231,76.60118033807513,1411.9478286012393,1.6819740954734357,0.3178333513744211,147.7870262987212,172.9023124208535,3199.4187330295169,0.19440182504856638,0.03673503874689462,95.277704019541,111.50234187667508,2029.9759248923793,0.0,0.0,5.202270010892596,6.098641479041048,105.30695811226835,0.0,0.0,11.674176082103682,13.610095321145904,272.4637026730537,0.0,0.0,58.756605622179048,68.9183888144005,1173.8410351624428,0.0,0.0,43.14056270798936,50.965217907745778,686.7219254924131,0.0,0.0,25.091344796291314,29.367679876393017,530.5443549465157,26.374820555131753,18.08972603232631,148.83891296818633,174.67262040035528,3451.4095846941766,0.0,0.0,50.9881116099279,60.596166301946897,641.9952748583418,0.0,18.822313811642834,47.89257753165161,22.0,30.0,0.0,18.849465399758047,47.8013192503085,12.0,30.0,0.0,18.800741350540279,48.14403982597491,22.0,30.0,0.0,18.726100535468424,48.18993748213657,12.0,30.0,0.0,18.174200040923485,50.691817593170487,12.0,30.0,0.0,19.797509947703575,45.728275757677419,12.0,30.0,0.0,18.036505690285048,50.7737528349714,10.0,30.0,0.0,15.937174191334924,58.411515599075027,12.0,30.0,0.0,18.645228691246886,49.14168719619257,20.0,30.0,0.0,17.920008980723464,0.0,0.0,0.0,14.225678376004018,0.0,0.0,489.56810994859367,486.08010148489788,502.5506825331974,488.11942658563069,579.5777126164886,861.3886445288441,571.7241542900592,689.2055353450803,787.3679975860406,0.0,83.74311278371312,83.74311278371312,60.0,0.0,60.0,60.0,12.0,12.0,12.0,19.0,12.0,12.0,21.0,10.0,0.0,0.0,0.0,0.0,0.0,0.0,0.0,0.0,0.0,0.0,0.0,0.0,0.0,83.74311278371312,83.74311278371312,0.0,0.0,0.0,83.74311278371312,0.0,0.0,0.0018899999999999998 
 04/03  04:20:00,7.983333333333333,95.33333333333334,4.023333333333333,0.0,0.0,0.0,0.0,0.0,2.0,2.0,0.0,0.0,0.0,0.0,0.0,916.0,0.0,0.0,0.0,0.0,0.0,0.0,0.0,0.0,0.0,0.0,0.0,18.979566550647978,-15.310842855255487,19.025803434100149,-96.16876692452911,18.779295658490648,-140.00385581170259,18.89039726646981,0.1472708039700592,18.157393253173298,-1.2189909478736639,19.588101034407278,-33.020918869535709,18.117839756400174,-39.06827363020966,16.256294986515099,-144.54859993260289,18.515972800137449,-59.67318744646582,205.73460644574517,437.9109417158122,0.0,0.0,0.0,0.0,0.0,0.0,0.0,0.0,0.0,0.0,0.0,0.0,0.0,0.0,0.0,0.0,0.0,0.0,0.0,0.0,0.0,0.0,1.0313986676675633,0.31483475814028186,55.745523789509707,65.21004770639715,1223.9449298660066,0.19346791212881626,0.0295280696167302,53.066449910964838,62.0815937599666,1146.5378921825343,1.6706847089136264,0.31570005837370126,84.24734153235171,98.62434118900501,1817.7231074124873,0.20685319399318234,0.039087905138545406,86.53112212370657,101.23727524083609,1861.452549579444,0.0,0.0,5.257681106262534,6.164455368461635,106.3801819446805,0.0,0.0,11.637154521630475,13.569209292638384,271.3161797508249,0.0,0.0,60.17819383139391,70.59423375062578,1202.704796708214,0.0,0.0,43.35728062851686,51.23078580734079,688.6316413016854,0.0,0.0,24.420538848686847,28.585670837817575,516.4987311489729,26.388267364115099,18.098948809406797,101.72900161753387,119.46621513047092,2483.5255603655198,0.0,0.0,51.23229269309955,60.897687569274747,643.170132320266,0.0,18.850848070255233,47.85788721339024,22.0,30.0,0.0,18.835264119633928,47.74755357028507,12.0,30.0,0.0,18.64121518445517,48.368830017214907,22.0,30.0,0.0,18.8002970769688,48.12995063245559,12.0,30.0,0.0,18.140031247073848,50.71580233022104,12.0,30.0,0.0,19.755141955189506,45.76516907514579,12.0,30.0,0.0,18.011178088143479,50.71911853172749,10.0,30.0,0.0,15.889804496037556,58.485517101493559,12.0,30.0,0.0,18.618769839259714,49.15386777903804,20.0,30.0,0.0,17.727625670007485,0.0,0.0,0.0,14.177901818721733,0.0,0.0,498.7888314895951,480.2031584471527,492.6161933916568,501.29653247368909,577.7937571633875,860.5873336339696,568.362361286082,689.2196963096483,788.2962040987651,0.0,83.74311278371312,83.74311278371312,60.0,0.0,60.0,60.0,12.0,12.0,12.0,19.0,12.0,12.0,21.0,10.0,0.0,0.0,0.0,0.0,0.0,0.0,0.0,0.0,0.0,0.0,0.0,0.0,0.0,83.74311278371312,83.74311278371312,0.0,0.0,0.0,83.74311278371312,0.0,0.0,0.0019166666666666666 
 04/03  04:30:00,7.955,95.5,4.045,0.0,0.0,0.0,0.0,0.0,2.0,2.0,0.0,0.0,0.0,0.0,0.0,1832.0,0.0,0.0,0.0,0.0,0.0,0.0,0.0,0.0,0.0,0.0,0.0,18.87138319248219,-85.9067398929069,18.982110034633118,-141.74657567746307,18.761963704966296,-60.7485369985784,18.819505896619114,-103.20203414866615,18.12654850139034,-1.3721487718421202,19.550762615193038,-32.61616046098962,18.084535412583628,-46.77943370755702,16.213084301759893,-148.2471493730402,18.493960522215873,-61.02754614151792,283.75843035977325,442.6520371221611,0.0,0.0,0.0,0.0,0.0,0.0,0.0,0.0,0.0,0.0,0.0,0.0,0.0,0.0,0.0,0.0,0.0,0.0,0.0,0.0,0.0,0.0,1.0341605466690447,0.3156778225485485,158.50582778084527,185.98145638100309,3394.0931404024379,0.18688024819432248,0.02852262640328487,85.79733541388412,100.50780913864586,1844.6194825980425,1.7017750359602837,0.3215750256916637,159.96147509675456,187.92181496296969,3438.5840372434697,0.1995637650201406,0.03771046202194643,87.25836132129742,102.48179871825846,1860.3838903271854,0.0,0.0,5.128067592961653,6.030154729914912,103.73901096551616,0.0,0.0,11.67137476037859,13.646969289482982,271.94621492538087,0.0,0.0,59.14818259629758,69.58611147074127,1181.4615718607934,0.0,0.0,43.73210767638437,51.82075892542662,693.3076008877736,0.0,0.0,25.064678876545153,29.419238759060119,530.3262883102358,26.383075106468089,18.095387590170163,208.9996002963302,245.94143569504628,4677.148082021832,0.0,0.0,51.607780914249889,61.519498400978047,645.9459303618396,0.0,18.67314176657998,48.245823662004188,22.0,30.0,0.0,18.79276305297434,47.84074162830679,12.0,30.0,0.0,18.66230626117652,48.397143592593199,22.0,30.0,0.0,18.684036293630425,48.26073193885382,12.0,30.0,0.0,18.112790125907418,50.72826678649105,12.0,30.0,0.0,19.72294747034376,45.77770524628667,12.0,30.0,0.0,17.979487979819923,50.76517433303083,10.0,30.0,0.0,15.848890871632822,58.53586841347657,12.0,30.0,0.0,18.598037694075765,49.14249168091803,20.0,30.0,0.0,17.95324783051031,0.0,0.0,0.0,14.132415283927312,0.0,0.0,485.02298456823669,481.1787411141996,501.01720463924218,486.7169755391372,576.4435515249022,859.0911717515307,570.4970911909153,684.3791542585236,786.1275618012496,0.0,83.74311278371312,83.74311278371312,60.0,0.0,60.0,60.0,12.0,12.0,12.0,19.0,12.0,12.0,21.0,10.0,0.0,0.0,0.0,0.0,0.0,0.0,0.0,0.0,0.0,0.0,0.0,0.0,0.0,83.74311278371312,83.74311278371312,0.0,0.0,0.0,83.74311278371312,0.0,0.0,0.0019433333333333336 
 04/03  04:40:00,7.926666666666666,95.66666666666667,4.066666666666667,0.0,0.0,0.0,0.0,0.0,2.0,2.0,0.0,0.0,0.0,0.0,0.0,916.0,0.0,0.0,0.0,0.0,0.0,0.0,0.0,0.0,0.0,0.0,0.0,18.774805007752648,-108.53090515371014,18.969854933744647,-17.256616504113823,18.73970021278253,-20.884308995728135,18.758848952587007,-105.8819152367164,18.08834628523301,-1.1599143669878914,19.503850299448485,-33.17970237686109,18.03823026010687,-42.83483956816417,16.16110075015917,-145.59989219843807,18.465573479711034,-61.757047797261979,240.34833578567123,445.0827961918169,0.0,0.0,0.0,0.0,0.0,0.0,0.0,0.0,0.0,0.0,0.0,0.0,0.0,0.0,0.0,0.0,0.0,0.0,0.0,0.0,0.0,0.0,1.0515035549913517,0.3209717811328912,94.4360143416487,110.59616310787939,2011.1600071683418,0.19001110943705108,0.0290004745783045,9.720850221183913,11.372975548850127,214.23269617031188,1.6867516750434096,0.31873614418809717,141.41925734221582,165.53830320595743,3050.0428473728509,0.19756022190618098,0.03733186354992081,78.33234719284673,91.71312596930678,1665.5115687290166,0.0,0.0,5.246268576797652,6.1528281291964819,106.04532603192587,0.0,0.0,11.732025248468374,13.684494202220162,272.97790904867767,0.0,0.0,59.52600553101351,69.85194204680593,1186.5975986298573,0.0,0.0,43.74546723311521,51.709560355250108,691.3258395457394,0.0,0.0,25.569257761510923,29.937294544186345,541.0446009938049,26.34682036010368,18.07052150898744,142.4965619867234,167.31559090173048,3308.016874193451,0.0,0.0,51.57688594568494,61.330728416971627,643.631629058329,0.0,18.532977390362423,48.58761491870929,22.0,30.0,0.0,18.822824502978013,47.72679554229287,12.0,30.0,0.0,18.66425900419964,48.36854171951361,22.0,30.0,0.0,18.609643692532875,48.3329651786765,12.0,30.0,0.0,18.070981629950393,50.741810321533638,12.0,30.0,0.0,19.671395466312207,45.798099745387748,12.0,30.0,0.0,17.925579310605824,50.87205822296568,10.0,30.0,0.0,15.790821128971237,58.64200419328128,12.0,30.0,0.0,18.565067989931174,49.1254142335253,20.0,30.0,0.0,17.7767672019256,0.0,0.0,0.0,14.081985851060504,0.0,0.0,482.96701614424117,482.07982420018979,499.0775202181093,475.46244919928025,574.4174107875898,856.5481505305832,566.4106970478651,683.2926438142145,780.0315269472461,0.0,83.74311278371312,83.74311278371312,60.0,0.0,60.0,60.0,12.0,12.0,12.0,19.0,12.0,12.0,21.0,10.0,0.0,0.0,0.0,0.0,0.0,0.0,0.0,0.0,0.0,0.0,0.0,0.0,0.0,83.74311278371312,83.74311278371312,0.0,0.0,0.0,83.74311278371312,0.0,0.0,0.00197 
 04/03  04:50:00,7.898333333333333,95.83333333333333,4.088333333333334,0.0,0.0,0.0,0.0,0.0,2.0,2.0,0.0,0.0,0.0,0.0,0.0,916.0,0.0,0.0,0.0,0.0,0.0,0.0,0.0,0.0,0.0,0.0,0.0,18.835966971091403,12.41635820756619,18.831372184682,-251.3397063971579,18.61339962484318,-174.26274828742863,18.76755614984619,-1.4514286571120466,18.053973026884685,-0.8182099852787133,19.462728062775349,-31.45914955724652,17.98364844816698,-55.92202292602178,16.11586512122758,-145.36455731638149,18.44000602962896,-62.43426157167494,296.5372487720997,446.88953116226255,0.0,0.0,0.0,0.0,0.0,0.0,0.0,0.0,0.0,0.0,0.0,0.0,0.0,0.0,0.0,0.0,0.0,0.0,0.0,0.0,0.0,0.0,1.025932002055487,0.3131660567934942,209.6191246912951,245.3301409686354,4523.608704531427,0.17525076575052377,0.02674767487034856,158.02880705123799,185.04406682417415,3354.657401544799,1.6125915901081834,0.3047225226961799,118.11917510725033,138.3719977759422,2509.363914650075,0.1993479772842268,0.03766968580578736,68.67939311376066,80.3897752798391,1473.6411732570132,0.0,0.0,4.885804889704471,5.73085890569161,98.71530371778036,0.0,0.0,11.927475542961247,13.914716903900679,277.29042780630928,0.0,0.0,55.737880330992627,65.42387381373543,1106.6446972792426,0.0,0.0,43.59177325179964,51.53707307066443,687.5356547139037,0.0,0.0,26.368575072666397,30.87666439946868,558.0857688044827,26.339497992672908,18.065499309103509,239.6438175146209,281.2380346011042,5305.3345014476849,0.0,0.0,51.37773378031213,61.10594738939136,638.855251293573,0.0,18.719548971506,48.08798134884569,22.0,30.0,0.0,18.57810203270362,48.427295574964819,12.0,30.0,0.0,18.449286468378497,48.85066943794183,22.0,30.0,0.0,18.677483100138845,48.301045007892657,12.0,30.0,0.0,18.036942823692447,50.77318652689922,12.0,30.0,0.0,19.6314878526575,45.8188455872519,12.0,30.0,0.0,17.854765578472457,51.02307500468031,10.0,30.0,0.0,15.745670953109068,58.70977142990368,12.0,30.0,0.0,18.538183236151498,49.125941220420489,20.0,30.0,0.0,17.931556556305027,0.0,0.0,0.0,14.030417135920743,0.0,0.0,489.2115878521363,485.3651500188237,494.20563528846176,495.9328089461049,572.0458709587362,851.5516530700415,569.2400068191058,682.5971065124006,773.2734277908022,0.0,83.74311278371312,83.74311278371312,60.0,0.0,60.0,60.0,12.0,12.0,12.0,19.0,12.0,12.0,21.0,10.0,0.0,0.0,0.0,0.0,0.0,0.0,0.0,0.0,0.0,0.0,0.0,0.0,0.0,83.74311278371312,83.74311278371312,0.0,0.0,0.0,83.74311278371312,0.0,0.0,0.00198 
 04/03  05:00:00,7.87,96.0,4.11,0.0,0.0,0.0,0.0,0.0,2.0,2.0,0.0,0.0,0.0,0.0,0.0,1832.0,0.0,0.0,0.0,0.0,0.0,0.0,0.0,0.0,0.0,0.0,0.0,18.708601583325515,-98.18609504684855,18.814552828250773,-77.178169054514,18.620537839211765,-19.587736013915334,18.705758876375499,-89.70598269456329,18.02252439600478,-1.543451603230821,19.424498322845758,-34.42989926463824,17.95408971727969,-48.419202376087699,16.073206497965935,-149.50561511723766,18.416339522193888,-65.24709006019134,271.28650102018266,449.1799352354831,0.0,0.0,0.0,0.0,0.0,0.0,0.0,0.0,0.0,0.0,0.0,0.0,0.0,0.0,0.0,0.0,0.0,0.0,0.0,0.0,0.0,0.0,1.0414486151218479,0.31790250766845176,194.98162929298156,229.02146573332079,4133.21495123008,0.19083954244127164,0.029126914292013377,101.23418969205167,118.74684651299026,2162.5038236958819,1.671050616614199,0.31576920193012089,145.65711867699839,171.32370469013848,3117.4661289414218,0.19119118907145472,0.03612834260609498,71.99178588177635,84.7284482989222,1531.5292413578387,0.0,0.0,5.245036821972119,6.170360497085659,105.94617585663527,0.0,0.0,11.859602087673382,13.873789675155895,275.4911485808641,0.0,0.0,58.42485471409569,68.77402371147874,1160.6554644220315,0.0,0.0,43.88909615302947,52.03534716074917,690.9958643553596,0.0,0.0,26.675268248434948,31.320211663721769,564.6941750657962,26.292943253869184,18.03356876122715,228.906770687233,269.6407751471345,5068.830735889344,0.0,0.0,51.682421953927278,61.64444160844104,640.0605455744652,0.0,18.494202522704798,48.70591716333685,22.0,30.0,0.0,18.62019221827516,48.31698044951264,12.0,30.0,0.0,18.524842254004335,48.69636141161351,22.0,30.0,0.0,18.579560279311619,48.39132439671574,12.0,30.0,0.0,18.00880683606638,50.799427584757257,12.0,30.0,0.0,19.596997681652654,45.86089293152645,12.0,30.0,0.0,17.834590913815658,51.03424297280307,10.0,30.0,0.0,15.705343606328214,58.772641034886309,12.0,30.0,0.0,18.51547764634381,49.13292290082785,20.0,30.0,0.0,17.820814862115037,0.0,0.0,0.0,13.978610558926924,0.0,0.0,486.41080065478436,487.37734608114416,499.94866695440398,477.5841223639966,571.182280534854,851.5777408390545,566.1556204186445,682.1303315857853,770.7555491971414,0.0,83.74311278371312,83.74311278371312,60.0,0.0,60.0,60.0,12.0,12.0,12.0,19.0,12.0,12.0,21.0,10.0,0.0,0.0,0.0,0.0,0.0,0.0,0.0,0.0,0.0,0.0,0.0,0.0,0.0,83.74311278371312,83.74311278371312,0.0,0.0,0.0,83.74311278371312,0.0,0.0,0.00199 
 04/03  05:10:00,7.83,96.16666666666666,4.111666666666667,0.0,0.0,0.0,0.0,0.0,2.0,2.0,0.0,0.0,0.0,0.0,0.0,916.0,0.0,0.0,0.0,0.0,0.0,0.0,0.0,0.0,0.0,0.0,0.0,18.73053184469831,-13.885298370799319,18.759003220502259,-119.05082845581819,18.606587473000034,-24.60374681382291,18.631045757020478,-120.88111196759019,17.9831731069389,-1.5733897921377036,19.376625120667378,-34.13121423431653,17.90803708662994,-47.09269214723122,16.021494560320777,-146.95335891951346,18.38602968352537,-65.62033731336135,217.3260896493639,451.93582211857167,0.0,0.0,0.0,0.0,0.0,0.0,0.0,0.0,0.0,0.0,0.0,0.0,0.0,0.0,0.0,0.0,0.0,0.0,0.0,0.0,0.0,0.0,1.0435966426662562,0.31855819373206847,71.48660979097285,83.70633493961448,1550.0733410351502,0.19361015570734148,0.02954977956461256,68.58091639582855,80.31700983902782,1464.6351358813118,1.6705561809933725,0.3156757711627689,112.69196439320474,131.98055777100132,2431.628417096874,0.1943722782089478,0.03672945544386768,76.63665920401049,89.7762430336326,1624.430398929516,0.0,0.0,5.278537057397391,6.193528699992288,106.64435768289806,0.0,0.0,11.90624222675249,13.895177869538117,276.43643594850286,0.0,0.0,58.43557614153997,68.611403726946,1160.0193341238717,0.0,0.0,43.868777422158618,51.88620833160834,689.5420206983415,0.0,0.0,26.988871315271426,31.61179271970032,571.9086503525939,26.129531018754084,17.921489038925988,118.2287538656833,138.9185517526712,2804.745764560945,0.0,0.0,51.628512749084517,61.431530097404429,638.3799992508224,0.0,18.593910727683427,48.38926888808316,22.0,30.0,0.0,18.554607419631727,48.38061781413841,12.0,30.0,0.0,18.53691810761952,48.577794521214467,22.0,30.0,0.0,18.474465945057326,48.61056806306529,12.0,30.0,0.0,17.965149441968547,50.84199301240753,12.0,30.0,0.0,19.543884215225146,45.926052078770229,12.0,30.0,0.0,17.78191210457241,51.1998049938845,10.0,30.0,0.0,15.64750034360149,58.89743902374994,12.0,30.0,0.0,18.480281930276179,49.142475982259728,20.0,30.0,0.0,17.591474365924218,0.0,0.0,0.0,13.925077861299599,0.0,0.0,496.0027603889617,473.6974632450173,492.8382268840589,471.17613676133586,569.8773629698832,849.934105000594,570.4783079818269,681.2945323670796,765.7011867975315,0.0,83.74311278371312,83.74311278371312,60.0,0.0,60.0,60.0,12.0,12.0,12.0,19.0,12.0,12.0,21.0,10.0,0.0,0.0,0.0,0.0,0.0,0.0,0.0,0.0,0.0,0.0,0.0,0.0,0.0,83.74311278371312,83.74311278371312,0.0,0.0,0.0,83.74311278371312,0.0,0.0,0.002 
 04/03  05:20:00,7.79,96.33333333333333,4.113333333333334,0.0,0.0,0.0,0.0,0.0,2.0,2.0,0.0,0.0,0.0,0.0,0.0,1832.0,0.0,0.0,0.0,0.0,0.0,0.0,0.0,0.0,0.0,0.0,0.0,18.637348789359046,-77.77413276735297,18.72895971119042,-125.83297687904769,18.553918786014095,-91.07593884655887,18.63019466676987,-4.135375714330749,17.951533672299534,-1.6144163278858486,19.338664264762046,-33.859761148346397,17.875345413605918,-51.005194029184057,15.978761829833609,-151.03002021758835,18.361572715881807,-67.55860589067652,216.11537443683756,454.5615804656828,0.0,0.0,0.0,0.0,0.0,0.0,0.0,0.0,0.0,0.0,0.0,0.0,0.0,0.0,0.0,0.0,0.0,0.0,0.0,0.0,0.0,0.0,1.0411026458172353,0.31779690043261146,145.2429457248897,170.5073928044485,3098.793429988559,0.19084449415240535,0.029127670047680917,80.6812356786829,94.60817649091193,1721.7361189206625,1.6930936377845916,0.31993454984591687,64.14951591173687,75.39987129932016,1396.8625789383082,0.1994046133652162,0.037680388013079397,44.88916693262257,52.83581559743261,959.9644955217235,0.0,0.0,5.192372871696535,6.110234978989171,105.00138763666232,0.0,0.0,11.879751541663059,13.90295271275531,275.91338465469075,0.0,0.0,58.323374644202427,68.6781248852306,1158.8528698610308,0.0,0.0,44.102263773304517,52.31111034060785,693.0292369762822,0.0,0.0,26.879644555524029,31.56923652236948,570.3342588345834,25.957478279938884,17.803483045225577,124.0039890505796,146.04575448149707,2915.904712254064,0.0,0.0,51.81803211097957,61.83524820110938,639.2260725770548,0.0,18.44661165556385,48.78095626288403,22.0,30.0,0.0,18.54478818248798,48.37702272173254,12.0,30.0,0.0,18.46913299267618,48.71367468359821,22.0,30.0,0.0,18.52699254366625,48.553437405463288,12.0,30.0,0.0,17.937104216697557,50.88737414361916,12.0,30.0,0.0,19.51066843344242,45.97839751057989,12.0,30.0,0.0,17.753110372010896,51.20660959174644,10.0,30.0,0.0,15.607123053357635,58.96747462610011,12.0,30.0,0.0,18.457154976455,49.17254204602426,20.0,30.0,0.0,17.55390938318348,0.0,0.0,0.0,13.871794834118078,0.0,0.0,492.0940775626003,473.4194339805018,498.25870566663846,485.60421666481229,569.8841274153601,849.5293263610895,571.6302961821283,679.7926192025936,766.554698024309,0.0,83.74311278371312,83.74311278371312,60.0,0.0,60.0,60.0,12.0,12.0,12.0,19.0,12.0,12.0,21.0,10.0,0.0,0.0,0.0,0.0,0.0,0.0,0.0,0.0,0.0,0.0,0.0,0.0,0.0,83.74311278371312,83.74311278371312,0.0,0.0,0.0,83.74311278371312,0.0,0.0,0.0019966666666666667 
 04/03  05:30:00,7.75,96.5,4.115,0.0,0.0,0.0,0.0,0.0,2.0,2.0,0.0,0.0,0.0,0.0,0.0,916.0,0.0,0.0,0.0,0.0,0.0,0.0,0.0,0.0,0.0,0.0,0.0,18.565104689013894,-89.01228914321246,18.712979913497855,-11.024940997658974,18.527486651720314,-20.48772614979316,18.54366672705281,-137.20198783567276,17.911910325557196,-1.6761400795671762,19.290903546487017,-34.3376223707005,17.831549455215077,-46.82920427757608,15.926523507724883,-148.6920663275555,18.330499157799318,-67.83263288538058,218.6826534874317,458.40163142360577,0.0,0.0,0.0,0.0,0.0,0.0,0.0,0.0,0.0,0.0,0.0,0.0,0.0,0.0,0.0,0.0,0.0,0.0,0.0,0.0,0.0,0.0,1.0570045923474912,0.32265097446504617,64.67003826513934,75.79551432333584,1384.9465225169484,0.19994392452101174,0.030516471996491415,6.274473824237176,7.348663210575387,139.069570081449,1.742979080874341,0.3293611263934886,121.90966343479995,142.82510568988614,2631.739381682679,0.1940982215186488,0.03667766846535313,88.88322809581479,104.16494208114855,1881.8004405595717,0.0,0.0,5.349666887619826,6.279217905262369,108.20236032737347,0.0,0.0,11.860536944595737,13.8474323602591,275.3343103993937,0.0,0.0,58.8728979445531,69.15085635300939,1169.4195342292849,0.0,0.0,44.19178916245697,52.29196760059621,693.2056066503511,0.0,0.0,27.386882390932028,32.08790064827266,581.6496861462048,25.7761918360162,17.679143920450075,120.78682428484172,141.96795748114455,2855.302990793153,0.0,0.0,51.87759911793656,61.75756241930904,638.8977589641659,0.0,18.353076493421946,48.98976952963989,22.0,30.0,0.0,18.56674371489529,48.24444240148548,12.0,30.0,0.0,18.463900128025349,48.74486611956718,22.0,30.0,0.0,18.381451091070493,48.863743830054819,12.0,30.0,0.0,17.89322260325228,50.94631949900691,12.0,30.0,0.0,19.457791689094539,46.0497308617081,12.0,30.0,0.0,17.704633519042138,51.31209303615605,10.0,30.0,0.0,15.548261835976252,59.11619037700382,12.0,30.0,0.0,18.421331862068884,49.20653981576824,20.0,30.0,0.0,17.535294983096926,0.0,0.0,0.0,13.817844049826358,0.0,0.0,494.392364550516,468.3812927762,494.90079441577208,482.2655429220051,570.6998408174559,848.4189718776175,568.1547503314748,679.8466139354397,764.0786859648731,0.0,83.74311278371312,83.74311278371312,60.0,0.0,60.0,60.0,12.0,12.0,12.0,19.0,12.0,12.0,21.0,10.0,0.0,0.0,0.0,0.0,0.0,0.0,0.0,0.0,0.0,0.0,0.0,0.0,0.0,83.74311278371312,83.74311278371312,0.0,0.0,0.0,83.74311278371312,0.0,0.0,0.0019933333333333337 
 04/03  05:40:00,7.709999999999999,96.66666666666666,4.116666666666667,0.0,0.0,0.0,0.0,0.0,2.0,2.0,0.0,0.0,0.0,0.0,0.0,916.0,0.0,0.0,0.0,0.0,0.0,0.0,0.0,0.0,0.0,0.0,0.0,18.601640042183889,5.504369369478809,18.597394663676036,-217.94276437073678,18.383161705059416,-187.58274789973167,18.553561780001954,0.9645032197881847,17.876386731190118,-1.4064892294028653,19.24898197294521,-32.62424903020832,17.78276124749509,-56.137183199293989,15.880565302149808,-149.11833768384259,18.302353440464786,-68.86465104475008,281.92826775639608,460.7645446994534,0.0,0.0,0.0,0.0,0.0,0.0,0.0,0.0,0.0,0.0,0.0,0.0,0.0,0.0,0.0,0.0,0.0,0.0,0.0,0.0,0.0,0.0,1.0380003237256495,0.3168499156671702,178.53033471734489,209.15930959111558,3843.2915725787127,0.1841854287134517,0.028111329168719738,131.83240119959843,154.51435278848457,2795.9984863209976,1.7466754623561077,0.33005961117840296,126.81497157411063,148.71144751817065,2684.9053456004664,0.20359738415200188,0.0384726727422528,83.27044113275365,97.5625241928465,1782.5648971249089,0.0,0.0,4.977336590662834,5.843209269983631,100.73220096972965,0.0,0.0,12.010840696330295,14.02563516628241,278.8487927015529,0.0,0.0,56.373109619654858,66.23162882335024,1117.8851668806445,0.0,0.0,44.143816626027959,52.24641675354686,691.9900524752679,0.0,0.0,27.63459317688911,32.383106867258607,587.5613507573366,25.593357329588053,17.55374302440882,222.74936685680366,261.6474584602312,4949.936432443087,0.0,0.0,51.76486736288891,61.63855757946424,635.9771102014995,0.0,18.484505905124946,48.557507773154828,22.0,30.0,0.0,18.36755726423401,48.836952073993398,12.0,30.0,0.0,18.21352246724487,49.33657592103473,22.0,30.0,0.0,18.459251157604994,48.74737787939764,12.0,30.0,0.0,17.857706672647486,51.006347018262157,12.0,30.0,0.0,19.416760196003236,46.11130667079026,12.0,30.0,0.0,17.64547608034644,51.44532934267817,10.0,30.0,0.0,15.501464897647339,59.22837435061656,12.0,30.0,0.0,18.391685126968868,49.24634430782907,20.0,30.0,0.0,17.727442677300297,0.0,0.0,0.0,13.761750091676982,0.0,0.0,479.59760968239376,481.0451786298881,490.24940285242806,493.5371439660313,569.8259526168151,844.5482676694538,574.0359285831738,680.8933848019689,762.1778067475876,0.0,83.74311278371312,83.74311278371312,60.0,0.0,60.0,60.0,12.0,12.0,12.0,19.0,12.0,12.0,21.0,10.0,0.0,0.0,0.0,0.0,0.0,0.0,0.0,0.0,0.0,0.0,0.0,0.0,0.0,83.74311278371312,83.74311278371312,0.0,0.0,0.0,83.74311278371312,0.0,0.0,0.00199 
 04/03  05:50:00,7.67,96.83333333333334,4.118333333333333,15.666666666666665,33.99999999999999,0.0,0.0,0.0,2.0,2.0,0.0,0.0,0.0,0.0,0.0,1832.0,0.0,23.402542052480248,5.727020949122277,14.675287374843903,0.7017302234812061,18.67749784486831,0.0,5.7270209491222749,7.8292718301345209,0.0,0.0,18.48247915402882,-90.56530882758443,18.58707303481193,-76.93668674975379,18.400453104209409,6.866546546820928,18.487552705354078,-120.85239379365385,17.8460702693815,-1.8819289772911106,19.21918935623949,-34.75233978422344,17.750669662240648,-53.32736481651591,15.839729863297539,-153.7108660076077,18.28002568031758,-71.34257971644166,258.9450966438576,463.5930354575851,0.0,0.0,0.0,0.0,0.0,0.0,0.0,0.0,0.0,0.0,0.0,0.0,0.0,0.0,0.0,0.0,0.0,0.0,0.0,0.0,0.0,0.0,1.0598180200163899,0.3235097741197771,183.72109948322308,216.00896020311817,3894.194682782806,0.193767005695273,0.029573718817959867,93.77400659142526,110.08328889526803,2001.6910866235817,1.855873180737838,0.3506941006685258,155.0803631421321,182.57256902865715,3316.1265306777447,0.1951611320286187,0.03687852079150012,100.35181635115403,118.07463275287629,2131.5592736764017,0.0,0.0,5.221420251616022,6.147781070376698,105.7799164093993,0.0,0.0,11.967131920126004,14.013271250157042,277.9767088581328,0.0,0.0,57.74461689004649,68.03922661081762,1146.5223906520128,0.0,0.0,44.44127504183484,52.74815054020348,696.4480033626876,0.0,0.0,28.101083617103666,33.01954612373602,598.2686238110557,25.35098095690111,17.387504085666067,229.78914970179017,270.9059062337029,5074.928315506717,0.0,0.0,52.02590502393497,62.128084534821187,637.7699248738583,0.0,18.278958144060696,49.16109455827698,22.0,30.0,0.0,18.402083969864536,48.74189833624567,12.0,30.0,0.0,18.310089846177598,49.13241984421129,22.0,30.0,0.0,18.341567362805617,48.92846485314011,12.0,30.0,0.0,17.830571100464675,51.04672834667805,12.0,30.0,0.0,19.385718426816945,46.16506626189789,12.0,30.0,0.0,17.619975372315108,51.463295130808578,10.0,30.0,0.0,15.46080815563156,59.31824983967159,12.0,30.0,0.0,18.368806835647836,49.27190390454361,20.0,30.0,0.0,17.63783318028748,0.0,0.0,0.0,13.709326893551453,0.0,0.0,486.9294723559599,481.71604878364658,494.88563912924959,483.66977399112639,569.8085038666588,845.4139889550568,566.5419457905887,680.4616263200509,760.982971466779,0.0,83.74311278371312,83.74311278371312,60.0,0.0,60.0,60.0,12.0,12.0,12.0,19.0,12.0,12.0,21.0,10.0,0.0,0.0,0.0,0.0,0.0,0.0,0.0,0.0,0.0,0.0,0.0,0.0,0.0,83.74311278371312,83.74311278371312,0.0,0.0,0.0,83.74311278371312,0.0,0.0,0.0019966666666666667 
 04/03  06:00:00,7.63,97.0,4.12,22.5,51.0,0.0,0.0,0.0,2.0,2.0,0.0,0.0,0.0,0.0,0.0,1832.0,0.0,34.13077427389731,40.19083568786465,102.9869356637546,1.0234196358769432,27.239679175938258,0.0,40.19083568786462,54.94391944363139,0.0,0.0,18.449114699672906,-51.463750517802058,18.552084914121609,-122.71092984456243,18.367101548946523,-119.57296689383702,18.466489612663517,-99.38292405576317,17.811366074966988,-2.2267269259781274,19.183995829809086,-35.260445996215029,17.704892377790615,-55.993955343172277,15.811265106566524,-156.1318200039118,18.27429278417842,-74.57649416607268,235.86230914163208,463.48008848176178,0.0,0.0,0.0,0.0,0.0,0.0,0.0,0.0,0.0,0.0,0.0,0.0,0.0,0.0,0.0,0.0,0.0,0.0,0.0,0.0,0.0,0.0,1.0524944423616245,0.32127424980513577,117.32009827723869,137.73903977558138,2507.6589892008398,0.19388263130801093,0.029591366194751363,67.67848339338595,79.36051367912494,1442.0989804016807,1.8196264448525713,0.3438447552631466,123.82392063028243,145.55121378262488,2652.3120138337546,0.20039538256767015,0.037867608194949,88.90239825482425,104.51062758520513,1884.9997104651175,0.0,0.0,5.214761453032344,6.140730609791182,105.7121543474529,0.0,0.0,12.083786643335117,14.152474460792642,280.7715291974233,0.0,0.0,57.30281105681041,67.53134426621512,1136.6261037993809,0.0,0.0,44.42163538132543,52.735829148087677,695.8707994185648,0.0,0.0,28.656269247214419,33.67737579018359,611.2280837255477,25.19087441945423,17.27769164571621,169.5983894282488,199.69877664524877,3847.9769772915194,0.0,0.0,51.955062818254528,62.05653628952313,636.4126467383642,0.0,18.266675102981858,49.08759320053386,22.0,30.0,0.0,18.366226005977155,48.798061863692357,12.0,30.0,0.0,18.25643591358782,49.16444689218943,22.0,30.0,0.0,18.274915806188397,49.01126209389331,12.0,30.0,0.0,17.795466384196499,51.092781349391987,12.0,30.0,0.0,19.34727174237572,46.219826409395739,12.0,30.0,0.0,17.5683502747272,51.5265889716201,10.0,30.0,0.0,15.416301854573636,59.37178165639946,12.0,30.0,0.0,18.347603086579928,49.2526319016154,20.0,30.0,0.0,17.521628352339229,0.0,0.0,0.0,13.663464639735026,0.0,0.0,486.5793170232238,491.0162600485482,501.5982869112054,478.68845208504839,569.0512844220539,844.2477200828275,570.1578474478172,680.2999509147651,757.2498729320682,0.0,83.74311278371312,83.74311278371312,60.0,0.0,60.0,60.0,12.0,12.0,12.0,19.0,12.0,12.0,21.0,10.0,0.0,0.0,0.0,0.0,0.0,0.0,0.0,0.0,0.0,0.0,0.0,0.0,0.0,83.74311278371312,83.74311278371312,0.0,0.0,0.0,83.74311278371312,0.0,0.0,0.0020033333333333337 
 04/03  06:10:00,7.678333333333333,96.83333333333334,4.245,29.33333333333334,68.00000000000002,0.0,0.0,0.0,2.0,2.0,0.0,0.0,0.0,0.0,0.0,9170.0,0.0,47.074523183434738,57.26943103907959,146.7499436487427,1.41154109525162,37.57005009784191,0.0,57.269431039079538,78.29165409824728,0.0,0.0,19.60520863632579,-854.5295410982742,18.720151982146854,756.2465290127404,19.81647600063227,-2272.587472562859,18.80777529417719,877.0801899524352,17.778371209716857,-6.5928289818885219,19.152930457007689,-49.04219005964632,17.798813084943647,177.33149498810048,16.519109860621769,-212.17229988197364,19.125203215823374,-153.51063325368274,483.0319629567422,496.26318067727996,0.0,0.0,0.0,0.0,0.0,0.0,0.0,0.0,0.0,0.0,0.0,0.0,0.0,0.0,0.0,0.0,0.0,0.0,0.0,0.0,0.0,0.0,1.0572983824127523,0.32274065397214665,381.661510417673,446.2843338107838,9474.818507129577,0.3079154495019092,0.046995642475871377,338.23837816339548,397.4092134396304,7479.31694857603,1.1916177620825184,0.2251734244298033,484.0771339201565,565.1635378185004,12405.6023780172,0.28458020429733457,0.053775548809020138,334.0250807313139,392.10848195033159,7539.920329760788,0.0,0.0,9.107405047621999,10.74149208459955,183.10333641388568,0.0,0.0,16.24453920512673,19.062128476060857,374.5784360103961,0.0,0.0,70.35440726744372,82.98558614500232,1421.772900398121,0.0,0.0,36.422724324758608,43.16651255988588,649.9948146477705,0.0,0.0,37.08579523862043,43.46680238754637,884.2575487447516,26.541717711616454,18.20419596132816,664.0054657162201,781.1436971761359,14733.463320824294,0.0,0.0,45.0850951493847,53.97022381354668,548.9518795350737,1961.6831240963157,20.03176231352561,43.98476556428628,21.999999999999998,30.0,0.0,18.73645514178114,47.651760427169048,15.999999999999999,30.0,4402.282215379384,20.39218797383409,43.020454694617679,21.999999999999998,30.0,0.0,18.938752680837795,47.058548012988079,15.999999999999999,30.0,0.0,17.76361623625039,51.10779663035373,12.0,30.0,0.0,19.309716394225658,46.27886623641904,19.0,30.0,0.0,17.795603420660809,50.679802100487027,10.0,30.0,764.701766145259,16.63754142064628,54.88703892338441,16.7,30.0,1299.8385556766753,19.683135591106735,45.25045612584006,19.599999999999999,30.0,0.0,18.290387358837088,0.0,0.0,0.0,13.679069056336257,0.0,0.0,493.95860910836879,497.6459057844466,494.94119025384807,493.7836601017542,568.0654725747385,832.1036513074721,546.4823949835183,684.4329620263476,742.8767425999083,11058.653601633425,80.69243482366001,86.57644269278225,60.0,0.0,60.0,60.0,16.0,16.0,19.0,19.0,16.0,12.0,21.0,10.0,1.0,0.0,1961.6831240963157,0.0,4402.282215379384,0.0,0.0,0.0,764.701766145259,1299.8385556766753,8904.148027916253,5342488.816749752,6978191.307935731,80.69243482366001,86.67637267996553,0.36480493426387519,0.7660239825411301,0.3602813740196596,86.67637267996553,0.3542647819438876,6978191.307935731,0.364875948012658 
 04/03  06:20:00,7.726666666666667,96.66666666666667,4.37,36.16666666666667,85.0,0.0,0.0,0.0,2.0,2.0,0.0,0.0,0.0,0.0,0.0,2751.0,0.0,58.58554762651151,64.89305005612549,166.2851130635862,1.7567040090731088,46.75698978470732,0.0,64.89305005612543,88.71371927734934,0.0,0.0,20.309175167952163,-1355.6223051219636,19.313523026755467,722.3801514813989,20.651115013608825,-3305.804356262747,19.587155212242263,680.7538716345769,17.73742478361018,-4.827692419776666,19.11542883677869,-37.28169121793457,18.171522520045117,227.38202873905153,16.412766622904383,-217.4512137980562,19.017021883172278,-110.22762447701416,680.3113740651289,529.5764635436825,0.0,0.0,0.0,0.0,0.0,0.0,0.0,0.0,0.0,0.0,0.0,0.0,0.0,0.0,0.0,0.0,0.0,0.0,0.0,0.0,0.0,0.0,1.1440386502946565,0.3492181472205911,449.32008043059809,523.432306800963,11919.100765967345,0.3477051548285114,0.053068552324253868,393.7400922111997,460.9084558507179,9375.929646591334,1.2168307196894926,0.2299377777191029,555.9232602781276,646.7434047918284,15217.281826302908,0.30099326918604765,0.056877034993584169,376.11253928364388,439.72085131296708,9253.00133200844,0.0,0.0,10.32146330574139,12.166072774319407,205.70510131026709,0.0,0.0,15.978161570901346,18.738719327385945,365.6173936401826,0.0,0.0,86.7197534533812,101.9408801266674,1851.8025036287386,0.0,0.0,40.92331341777053,48.45429345488563,708.1358396881417,0.0,0.0,31.459141754637807,36.876195201508057,732.2885118562841,27.605403601488555,18.93374732612384,762.6634886947899,895.0474657073191,17704.1040114817,0.0,0.0,50.62700919542777,60.49406754333735,617.3701875934333,1819.3980897009527,21.169975742391516,40.95673391009902,21.999999999999994,29.99999999999999,0.0,19.75599109410829,44.70323302735771,15.999999999999993,29.99999999999999,4111.068186763767,21.650772552401514,39.76594717907223,21.999999999999994,29.99999999999999,0.0,20.186285536860269,43.51957211160452,15.999999999999993,29.99999999999999,0.0,17.719296229775599,51.10620209250466,11.999999999999995,29.99999999999999,0.0,19.26377874184637,46.33848804129663,18.999999999999994,29.99999999999999,0.0,18.44526499995229,48.59632323007255,9.999999999999997,29.99999999999999,0.0,16.37316120791495,55.72200845691441,15.999999999999993,29.99999999999999,0.0,19.460100526226218,45.79375847968971,18.999999999999994,29.99999999999999,0.0,19.040070731074047,0.0,0.0,0.0,13.731957587293519,0.0,0.0,495.3762759870688,499.83946306084598,494.79792507966877,496.1126056385542,564.6067839815769,802.5309496788266,538.6295202704262,688.7593515556719,730.0358110282551,12744.322331305506,79.5771091815982,87.85934022181692,59.99999999999998,0.0,59.99999999999998,59.99999999999998,16.0,16.0,19.0,19.0,16.0,12.0,21.0,10.0,1.0,0.0,1819.3980897009527,0.0,4111.068186763767,0.0,0.0,0.0,0.0,0.0,12531.495928724302,7518897.557234584,9799423.240135737,79.5771091815982,87.99999999999997,0.41771653095747676,0.7673041210025826,0.36028137401965945,87.99999999999997,0.35426478194388735,9799423.240135737,0.5115400084870585 
 04/03  06:30:00,7.775,96.5,4.495,43.0,102.0,0.0,0.0,0.0,2.0,2.0,0.0,0.0,0.0,0.0,0.0,6419.0,0.0,70.22426175417044,68.62842946492927,175.85689360048625,2.105696568358339,56.04584740047818,0.0,68.62842946492919,93.82026612605499,0.0,0.0,20.655922074297295,-1348.6987152495104,19.702774151546636,774.9177217847264,20.711200348181408,-1539.7199940964795,19.939792170773158,569.5912843935591,17.708132893099028,-0.5228470715446416,19.100036049000658,-20.955674360989378,18.4261344419541,276.4692168718725,16.52224092260051,-250.41825919865588,18.868325987896009,-66.27733803471432,848.7374264452974,590.6830658107375,0.0,0.0,0.0,0.0,0.0,0.0,0.0,0.0,0.0,0.0,0.0,0.0,0.0,0.0,0.0,0.0,0.0,0.0,0.0,0.0,0.0,0.0,1.2459855618716267,0.38033747309878676,454.97530782121239,529.8170433277526,12388.33096954274,0.3382890590878242,0.05163141927469839,360.9268426859837,422.08441963281049,8971.830760095256,1.7539324625904845,0.3314309264154352,410.98851366901479,478.7007757486513,11184.25034726448,0.2978758221843677,0.056287948258572809,313.1934745026517,365.8750952059706,7965.830210678237,0.0,0.0,10.221276510228062,12.062518959636235,202.20812086622889,0.0,0.0,13.669386159368678,16.045480473382527,311.20341492110779,0.0,0.0,101.2261823185071,118.97461495951568,2231.3340349033435,0.0,0.0,47.27231121838411,56.02437405556677,825.8189109897016,0.0,0.0,19.904973927700469,23.381877177206364,451.53088933092035,28.44187118295333,19.50745622973478,667.5181461680012,782.2730852347813,16454.148856442105,0.0,0.0,58.46016861321821,69.91627600086865,721.6062101004565,1835.4308179953558,21.602447956422428,39.8768541675706,21.999999999999976,29.999999999999969,0.0,20.36660630813393,43.031737599501528,15.999999999999983,29.999999999999969,1608.3074364972695,21.52525858308609,40.07401313705301,21.428571428571407,29.999999999999969,0.0,20.66337021304887,42.24818521861122,15.999999999999983,29.999999999999969,0.0,17.694371512426956,51.103962183781359,11.999999999999986,29.999999999999969,0.0,19.25490937061788,46.31817784172407,18.99999999999998,29.999999999999969,0.0,18.873554918461865,47.2854967940803,9.99999999999999,29.999999999999969,543.7289890854456,16.516811028680168,55.10251763883558,16.428571428571414,29.999999999999969,0.0,19.20059800601088,46.50694825663207,18.99999999999998,29.999999999999969,0.0,19.7432096377501,0.0,0.0,0.0,13.859691935535182,0.0,0.0,500.71991953650777,505.5320557376783,501.48864656660347,504.339640531789,563.7307571357535,804.2795282913349,540.3311449893923,649.2349618804885,747.148561078174,9839.78511998311,81.49864128320573,83.51575206193405,59.999999999999939,0.0,59.999999999999939,59.999999999999939,16.0,16.0,19.0,19.0,16.0,12.0,21.0,10.0,1.0,0.0,1835.4308179953558,0.0,1608.3074364972695,0.0,0.0,0.0,543.7289890854456,0.0,3052.60919562654,1831565.517375926,2386359.955137248,81.49864128320573,83.55000929930509,0.34461078271136066,0.7679893334350837,0.3602813740196592,83.55000929930509,0.3542647819438872,2386359.955137248,0.12602071766713697 
 04/03  06:40:00,7.823333333333332,96.33333333333334,4.62,53.666666666666667,101.16666666666666,0.0,0.0,0.0,2.0,2.0,0.0,0.0,0.0,0.0,0.0,2751.0,0.0,83.65822434316458,62.780102876393758,160.87098099710159,2.5085208146292659,66.76749584382668,0.0,62.780102876393687,85.82516029008539,0.0,0.0,20.728504751672419,-1548.8909492136905,19.93693572382622,462.3850340274012,20.543846000616285,-352.33499029942717,19.983968002771037,151.34949897267959,17.681268982953538,0.5392294325213816,19.091127130368,-17.10748224513764,18.637740814172426,219.1219155499495,16.525858429090357,-247.00831862581169,19.122700142065477,-104.86305459956762,830.1121137136695,662.850140891644,0.0,0.0,0.0,0.0,0.0,0.0,0.0,0.0,0.0,0.0,0.0,0.0,0.0,0.0,0.0,0.0,0.0,0.0,0.0,0.0,0.0,0.0,1.2526043094463045,0.3823578478163326,465.99522957876698,542.2163261928079,12611.810967142488,0.2933227364716597,0.04476842742241452,283.651873546345,331.2046253514677,7191.4305099151019,2.2702763815098,0.42900158380759698,300.1243611173105,349.9250595399847,7900.460517070101,0.2861923468291187,0.054080186475646049,204.4799186525567,238.7527576590216,5174.090835698875,0.0,0.0,9.589944030773723,11.308586340077142,188.36798133289694,0.0,0.0,12.745277515700693,14.948477649919419,288.8619511519635,0.0,0.0,103.60414477698369,121.51171984096082,2339.856765361134,0.0,0.0,48.0917983974842,56.92838716860851,836.099992283546,0.0,0.0,17.081946686909239,20.021265627316447,391.82718300265466,28.340307225949056,19.437796451268235,565.2289756287725,661.7859830173273,14085.288933630016,0.0,0.0,64.5346353110088,77.04173607205064,810.4416562805982,1895.8745424577215,21.58538627252507,39.91155095350458,22.000000000000019,30.00000000000002,0.0,20.67395685371284,42.2165530818489,16.000000000000015,30.00000000000002,1175.7224351522378,21.215664062447624,40.85871769789232,21.33333333333335,30.00000000000002,0.0,20.607052449803065,42.39678566213992,16.000000000000015,30.00000000000002,0.0,17.66958892222684,51.11069691070108,12.00000000000001,30.00000000000002,0.0,19.249938422094979,46.292858247525689,19.000000000000015,30.00000000000002,0.0,19.207498193180777,46.2839144919696,10.000000000000007,30.00000000000002,0.0,16.50414606984299,55.01211598001123,16.000000000000015,30.00000000000002,804.3600509332707,19.366897539692617,46.015208165151509,19.33333333333335,30.00000000000002,0.0,19.830325412356719,0.0,0.0,0.0,14.012017985813462,0.0,0.0,502.56326831251598,509.72110531990679,505.19236004622908,513.3403809820359,559.4854231283855,821.270781037337,535.1739706762401,598.3552440085031,774.5414572396302,10808.837904903463,80.85774251661552,85.68147102163559,60.00000000000004,0.0,60.00000000000004,60.00000000000004,16.0,16.0,19.0,19.0,16.0,12.0,21.0,10.0,1.0,0.0,1895.8745424577215,0.0,1175.7224351522378,0.0,0.0,0.0,0.0,804.3600509332707,7299.846973713935,4379908.184228358,5703229.256017441,80.85774251661552,85.76339394533048,0.3566615657904646,0.7691236795441818,0.3602813740196598,85.76339394533048,0.3542647819438878,5703229.256017441,0.29845792131290696 
 04/03  06:50:00,7.871666666666667,96.16666666666666,4.745,64.33333333333333,100.33333333333334,0.0,0.0,0.0,2.0,2.0,0.0,0.0,0.0,0.0,0.0,6419.0,0.0,99.25410120602125,63.65142638804828,163.10379336794615,2.9761688596007578,79.21454340898889,0.0,63.65142638804821,87.01632558969482,0.0,0.0,20.832758951071925,-1430.3371598256854,19.987932469388196,463.2848012973065,20.77238931242369,-725.7034278361532,19.977385864923514,411.9927489763162,17.659995046695806,3.475859787821611,19.084038221735104,-22.777663567171826,18.672804386907595,170.99268064131139,16.395156767491103,-214.25921814492703,19.299907285434196,-99.04594803114321,826.7968605054408,702.8061077366501,0.0,0.0,0.0,0.0,0.0,0.0,0.0,0.0,0.0,0.0,0.0,0.0,0.0,0.0,0.0,0.0,0.0,0.0,0.0,0.0,0.0,0.0,1.254309384095423,0.3828783223734509,437.9152778861993,509.93342272288217,11867.93190786893,0.2931443954560225,0.0447412080976836,280.5043024509281,327.6963537952565,7093.782467161533,2.1169442997899079,0.400027267533997,304.4987621776469,354.69852310249686,8199.724757043645,0.3036914034319597,0.05738688651397582,276.27080891243937,322.8514075540956,6929.291533431808,0.0,0.0,10.073664993408622,11.890206834930695,196.54471565913028,0.0,0.0,13.289096188799603,15.600979905343137,299.67680412193297,0.0,0.0,104.26812031921348,122.40792438210906,2347.8906155758625,0.0,0.0,54.943858207103449,65.18953160883862,909.2226048060418,0.0,0.0,23.22812889319937,27.213634537364329,547.9956897985319,28.42660943980783,19.49698864184354,551.5171003762927,646.0998460285714,13735.442269974283,0.0,0.0,67.9521741519229,81.16435696764016,870.7376292771725,1818.2680710133714,21.641003286081906,39.770501055736769,22.000000000000037,30.000000000000044,0.0,20.694424761353525,42.15551997070076,16.00000000000002,30.000000000000044,1107.1088122069533,21.429837480849167,40.30078452977613,21.285714285714314,30.000000000000044,0.0,20.57699878227206,42.464616317665029,16.00000000000002,30.000000000000044,0.0,17.652813489054436,51.11440705176104,12.000000000000018,30.000000000000044,0.0,19.242045774986385,46.28239498572151,19.00000000000003,30.000000000000044,0.0,19.224727479893727,46.20720048592299,10.000000000000015,30.000000000000044,0.0,16.122780985781398,56.281029853960237,16.00000000000002,30.000000000000044,0.0,19.79431957224127,44.77756389486848,19.00000000000003,30.000000000000044,0.0,19.861403697832079,0.0,0.0,0.0,14.197382646891054,0.0,0.0,508.69420175541696,514.8083144113709,509.226571340934,513.9794465092573,552.3244578344145,827.0437169656229,526.7259791281015,566.4477743220118,761.5283092231767,9696.179591618917,81.59356114457759,84.64270501569965,60.000000000000088,0.0,60.000000000000088,60.000000000000088,16.0,16.0,19.0,19.0,16.0,12.0,21.0,10.0,1.0,0.0,1818.2680710133714,0.0,1107.1088122069533,0.0,0.0,0.0,0.0,0.0,4614.406241377801,2768643.7448266765,3601821.8012775506,81.59356114457759,84.69448960109426,0.34809925566497459,0.7682255360655493,0.3602813740196601,84.69448960109426,0.35426478194388807,3601821.8012775506,0.18916806699976597 
 04/03  07:00:00,7.92,96.0,4.87,75.0,99.5,0.0,0.0,0.0,2.0,2.0,0.0,0.0,0.0,0.0,0.0,7336.0,0.0,114.67592420660906,64.1011697911423,164.25632996398219,3.438597923749028,91.52267978329886,0.0,64.10116979114224,87.6311589189098,0.0,0.0,20.90174918270577,-1570.2397589619669,20.05998563911929,451.8241748101116,20.740207514049165,-345.8041624360151,20.06419565507145,276.1982868279829,17.64080158483874,3.5537506879719986,19.077712010888719,-19.47034839555453,18.701913369775889,209.3193877303546,16.57150832931009,-237.77361741250426,19.08349931147079,-67.5597529747601,813.809968591861,649.9689988034203,0.0,0.0,0.0,0.0,0.0,0.0,0.0,0.0,0.0,0.0,0.0,0.0,0.0,0.0,0.0,0.0,0.0,0.0,0.0,0.0,0.0,0.0,1.2577699393376674,0.3839346579174809,451.67781780066,525.8670918580549,12221.715139872673,0.28800010784047355,0.04395606041521269,273.41154785789038,319.42459613757719,6921.419704618526,2.2017280436139745,0.4160483831470097,245.93115589883883,286.87201162229538,6528.998793040106,0.2969712833370878,0.056117022550470099,248.36114178872294,290.3044743881326,6245.536227248333,0.0,0.0,9.866505904763449,11.648297877980733,191.25052487095233,0.0,0.0,12.812602204737493,15.044186329020825,287.4756176871105,0.0,0.0,103.33427797568598,121.32587247518342,2322.0424057217799,0.0,0.0,51.18547253057202,60.663627695164127,885.7862623948537,0.0,0.0,18.24298912139133,21.411556176592755,417.72058463438506,28.431069287682477,19.50004752241597,516.5943958686241,605.3400054275797,12898.440265157076,0.0,0.0,64.03028785161222,76.497831811162,818.7003929095536,1802.7126836346113,21.665079497591145,39.70725992575168,22.0,30.0,0.0,20.759095213415855,41.98190482519643,16.0,30.0,547.0319430515577,21.27990333813306,40.662588781063089,21.125,30.0,0.0,20.661670215176355,42.237252127654119,16.0,30.0,0.0,17.636960348204047,51.11926090640231,12.0,30.0,0.0,19.232850797311543,46.27263688321395,19.0,30.0,0.0,19.252233176582274,46.11038535596624,10.0,30.0,533.6542800074936,16.592337162065726,54.60325319955896,16.5,30.0,0.0,19.462955287857687,45.66296882660841,19.0,30.0,0.0,19.901009261074927,0.0,0.0,0.0,14.230813994426665,0.0,0.0,512.4450522792193,519.3027021657038,512.9615138490323,518.1027300261296,545.8341746329085,825.4247664252907,525.8258790465944,562.7806146826442,744.9831276818286,9151.375155880141,81.95388816275512,81.95388816275512,60.0,0.0,60.0,60.0,16.0,16.0,19.0,19.0,16.0,12.0,21.0,10.0,1.0,0.0,1802.7126836346113,0.0,547.0319430515577,0.0,0.0,0.0,533.6542800074936,0.0,0.0,0.0,0.0,81.95388816275512,81.95388816275512,0.33999999999999999,0.7711015469486927,0.36028137401965956,81.95388816275512,0.3542647819438875,0.0,0.0018566666666666665 
 04/03  07:10:00,7.95,95.83333333333333,4.901666666666667,85.66666666666667,98.66666666666666,0.0,0.0,0.0,2.0,2.0,0.0,0.0,0.0,0.0,0.0,6419.0,0.0,129.9230438921198,64.23380108070553,164.59628411498506,3.8957885290107456,103.69138659599183,0.0,64.23380108070548,87.81247594715136,0.0,0.0,20.88477350667843,-1022.3749445727356,20.121840109162809,416.8358362085257,20.644126750507433,-854.6669065351977,20.138933740390934,421.6449544012479,17.621674736070305,3.034202392248858,19.08341116187929,-16.537877419811925,18.806772046068617,247.82280353178153,17.53709663699004,-271.4359797957252,18.956914900031973,-88.06247022576412,821.7353969511847,583.4428489905728,0.0,0.0,0.0,0.0,0.0,0.0,0.0,0.0,0.0,0.0,0.0,0.0,0.0,0.0,0.0,0.0,0.0,0.0,0.0,0.0,0.0,0.0,1.254035077254455,0.3827945901265125,371.5019859427934,432.8165652464079,10020.754349965475,0.29202159061366109,0.04456983983724985,261.09921556154105,305.0597942711016,6623.925839910624,1.9577480306567797,0.36994482816643617,317.67511319300106,370.21640762591616,8556.61732459749,0.29370215358749177,0.05549927316468095,272.19071601952609,318.0561089934027,6884.282643070313,0.0,0.0,9.516685390232766,11.235828058299902,183.58861859950964,0.0,0.0,12.506998709071209,14.683659863679348,280.0826849055585,0.0,0.0,92.4626474322042,108.50775050982986,2101.861790484044,0.0,0.0,36.40476929442932,42.95260307710587,726.6080921253093,0.0,0.0,15.525588350957115,18.223243887280704,347.870745567971,28.6371189142828,19.641370997450488,528.2508991843355,618.9377333467562,13225.40894742891,0.0,0.0,55.85727062957024,66.7356947395919,707.4697078426724,1311.1853381814438,21.59239053118816,39.898910068357107,21.71428571428571,29.999999999999994,0.0,20.812620108936718,41.86366788760155,16.0,29.999999999999994,830.9101222801684,21.486677326003709,40.16057210889973,21.285714285714286,29.999999999999994,0.0,20.77247998642077,41.96942988145766,16.0,29.999999999999994,0.0,17.619598158893113,51.1404476385536,12.0,29.999999999999994,0.0,19.24167923163212,47.580863315456628,19.0,29.999999999999994,0.0,19.423852742336263,45.62556390795919,10.0,29.999999999999994,1318.6515098381802,18.101945019282998,49.623610910890999,20.699999999999997,29.999999999999994,0.0,19.24724920019549,47.475538705585908,19.0,29.999999999999994,0.0,19.940191097747598,0.0,0.0,0.0,14.201187154344316,0.0,0.0,515.9786465946836,523.4632563521933,516.1930898139917,522.1934121202513,540.6099518841488,861.5497560408551,526.2731201951467,550.5139140921713,783.7088662772989,9676.942553535064,81.60635202887917,82.61147696494739,59.999999999999989,0.0,59.999999999999989,59.999999999999989,16.0,16.0,19.0,19.0,19.7,12.0,21.0,10.0,1.0,0.0,1311.1853381814438,0.0,830.9101222801684,0.0,0.0,0.0,1318.6515098381802,0.0,1521.1202543466357,912672.1526079814,1187092.9683393394,81.60635202887917,82.62854732314762,0.3421325799067927,0.770048849880717,0.3602813740196596,82.62854732314762,0.35426478194388746,1187092.9683393394,0.06356883435364567 
 04/03  07:20:00,7.98,95.66666666666666,4.933333333333334,96.33333333333334,97.83333333333334,0.0,0.0,0.0,2.0,2.0,0.0,0.0,0.0,0.0,0.0,5502.0,0.0,144.9927116697972,64.13433419943331,164.34149923743406,4.347658255939203,115.71847017841891,0.0,64.13433419943324,87.67649717939507,0.0,0.0,20.981173361983875,-1024.0478011982085,20.170913909753403,488.77943764894578,20.8577671405236,-1009.4996004181984,20.23683070374269,447.2817477469414,17.602688513643387,3.216167291584175,19.0965301809208,-16.41408052050761,18.928599292153885,284.04968774853259,18.65822872861613,-99.52122348273484,19.13924846563107,-207.9589880835931,849.7143863170838,465.1361546615774,0.0,0.0,0.0,0.0,0.0,0.0,0.0,0.0,0.0,0.0,0.0,0.0,0.0,0.0,0.0,0.0,0.0,0.0,0.0,0.0,0.0,0.0,1.2337917683017359,0.3766153138894188,369.2018814833251,429.8037414916312,9978.268067764453,0.30118752405244028,0.04596879182729553,291.37018823952396,340.2020106923687,7394.871984631605,1.8523527401771539,0.35002886246733835,334.027569717761,388.91340168425389,9054.119226201423,0.293585992199492,0.05547732278901964,289.27079102945,337.7315045109004,7365.176151738068,0.0,0.0,9.60233452433494,11.33508959387329,184.33946904485689,0.0,0.0,12.956988969930066,15.202881605652922,289.8592088532469,0.0,0.0,78.0393985530018,91.51161031026172,1798.334029372321,0.0,0.0,16.106571206097145,18.878906697753299,378.70043570779947,0.0,0.0,21.888251243952288,25.6742025858895,490.58637324896838,28.88193750554399,19.80928498322634,575.37171997916,673.5611480355329,14448.358350354685,0.0,0.0,42.09127706547036,50.31357363107618,524.2429349947552,1199.9767609620549,21.67004663452857,39.74711751263359,21.666666666666669,30.0,0.0,20.853650369269649,41.82262839172113,16.0,30.0,1515.6299793521487,21.657269074294559,39.77482381820703,21.5,30.0,0.0,20.897520040278406,41.706657478092349,16.0,30.0,0.0,17.601581526907876,51.19091191970814,12.0,30.0,0.0,19.259268788692326,49.44899291161584,19.0,30.0,0.0,19.619768960483339,45.20602265309442,10.0,30.0,1256.275542731902,19.991290567293406,44.18464752001063,20.7,30.0,807.0555105310762,19.308057176295294,48.62192896941347,19.333333333333337,30.0,0.0,20.08498941233767,0.0,0.0,0.0,14.109341190544145,0.0,0.0,519.8350660923795,527.777052322877,519.6016407911815,525.9979293750987,536.9556677028588,914.9355803726214,535.9368182008115,551.1377058981409,800.7136493177416,9647.503884105769,81.62578600870651,83.94908455096386,60.0,0.0,60.0,60.0,16.0,16.0,19.0,19.0,19.7,12.0,21.0,10.0,1.0,0.0,1199.9767609620549,0.0,1515.6299793521487,0.0,0.0,0.0,1256.275542731902,807.0555105310762,3516.030521421249,2109618.31285275,2746837.301583361,81.62578600870651,83.98854187303324,0.343867684047375,0.767437738120727,0.36028137401965956,83.98854187303324,0.3542647819438875,2746837.301583361,0.14463220634900143 
 04/03  07:30:00,8.01,95.5,4.965,107.0,97.0,0.0,0.0,0.0,2.0,2.0,0.0,0.0,0.0,0.0,0.0,1834.0,0.0,159.56688139619036,63.92441245971355,163.80367944882009,4.784670654254803,127.35010138627139,0.0,63.92441245971351,87.38951824603312,0.0,0.0,20.856260053153905,-645.0478352016235,20.167134773389497,229.9164620648694,20.764493724290874,-446.63827063862848,20.24355004566032,201.55195808795998,17.582002966021478,1.0748015193348977,19.110553689812656,-14.958579371141355,18.984588903801766,204.1477694243929,18.611322019379789,-4.892637437627826,19.26871713811704,-132.80730942897478,737.6525917987256,299.5909146407913,0.0,0.0,0.0,0.0,0.0,0.0,0.0,0.0,0.0,0.0,0.0,0.0,0.0,0.0,0.0,0.0,0.0,0.0,0.0,0.0,0.0,0.0,1.2415385197324085,0.3789800121283299,252.44640756530064,293.89073402231227,6672.669943820425,0.26819717681431268,0.040933635044919518,199.24056662733475,232.44578037839586,5029.429407346727,1.8801456672482649,0.35528073833111598,188.88967273333157,220.06133286758826,4983.239153072981,0.2590107164983219,0.04894382397927472,181.00030138081886,211.19864034345467,4598.156696343657,0.0,0.0,9.111604831808167,10.738859678213175,174.0362726208552,0.0,0.0,11.123503159922305,13.026729695970879,248.6145633578911,0.0,0.0,62.311829596351419,72.92818956801313,1440.9557072761859,0.0,0.0,9.664397122505605,11.303883515882815,227.00898792164336,0.0,0.0,14.670628393758904,17.173498850890686,339.04502196960569,28.688952987736664,19.676922488159584,374.8827876081295,438.83851881849378,9453.501288276264,0.0,0.0,25.706024408977244,30.704869061677,308.424157126711,1182.8011661560936,21.535185977618334,40.109843632198188,21.5,30.0,0.0,20.76979917986013,42.09898199880111,16.0,30.0,1313.232386955959,21.520347396498328,40.148693246649049,21.5,30.0,0.0,20.831049559262327,41.921607336676498,16.0,30.0,0.0,17.579509835460376,51.296238990833717,12.0,30.0,0.0,19.276699645371516,51.0019548210996,19.0,30.0,0.0,19.677794223514547,45.0104467213542,10.0,30.0,90.60805048230776,19.849744284176418,44.84368687100654,19.7,30.0,0.0,19.656526611132354,48.70531815782364,19.0,30.0,0.0,19.709961980932328,0.0,0.0,0.0,13.886553433522945,0.0,0.0,521.4186025636279,531.4571285120909,520.822321440002,527.982042891819,536.3250783004112,962.2067605122772,528.5017102360207,572.8016466026627,817.5593068381631,9748.697568766787,81.55888805694076,84.95286027647684,60.0,0.0,60.0,60.0,16.0,16.0,19.0,19.0,19.7,12.0,21.0,10.0,1.0,0.0,1182.8011661560936,0.0,1313.232386955959,0.0,0.0,0.0,90.60805048230776,0.0,5136.501541166972,3081900.9247001835,4008958.7244495127,81.55888805694076,85.01050119197909,0.3412167180388991,0.7652011059604112,0.36028137401965956,85.01050119197909,0.3542647819438875,4008958.7244495127,0.210219187004708 
 04/03  07:40:00,8.04,95.33333333333333,4.996666666666666,118.16666666666666,90.66666666666667,0.0,0.0,1.0,2.0,0.0,0.0,0.0,0.0,0.0,4.0,3668.0,0.0,174.4120696382243,63.167523602472488,161.86427815163948,5.2298080773857829,139.19801506344889,0.0,63.167523602472417,86.35479379484205,0.0,0.0,20.81910479632102,-879.5087945909563,20.106369991285157,302.9400733217119,20.573389634665877,-635.4086501025511,20.205412668522059,269.2124266350454,17.56282652458821,0.6349008268224168,19.124396089321864,-14.404873709312142,18.551572488186844,-299.97180047177576,19.023022667095775,-61.778550114301427,19.06878657787565,-56.21935529164955,756.6260687570052,859.9466458924939,0.0,0.0,0.0,0.0,0.0,0.0,0.0,0.0,0.0,0.0,0.0,0.0,0.0,0.0,0.0,0.0,0.0,0.0,0.0,0.0,0.0,0.0,1.2455581467841888,0.38020700451287817,286.25388856119107,333.40172721465037,7522.177224290906,0.27975129350516489,0.04269708386830966,234.49883703322724,273.7736628583012,5831.9860338099829,1.5967318875234394,0.3017256023286924,236.89140501657449,276.1656503850204,6189.977216595187,0.2581428735198848,0.0487798324867507,235.12872986609049,274.56629032106999,5898.963213915729,0.0,0.0,9.524758563380305,11.23891729143062,180.98052399934108,0.0,0.0,11.405525514892823,13.367300254670328,254.53869072039425,0.0,0.0,138.45139139012489,162.63811979031224,2928.836798373149,0.0,0.0,21.31450273762871,24.862240568852856,525.5826873050683,0.0,0.0,89.58864235576539,104.97634668475797,2010.093475394695,28.760691235205529,19.726125675723965,463.75279575162,542.9761838289353,11531.406754049915,0.0,0.0,86.55717303014683,103.03697832925053,1171.066248604015,1014.9231720657795,21.331718629167275,40.74422084811499,21.5,30.0,0.0,20.63554056697343,42.52565441479716,16.0,30.0,49.616771986745998,21.20633766768351,41.88051247792936,21.0,30.0,0.0,20.75411225356911,42.6772126480385,19.0,30.0,0.0,17.560785224477713,51.467824032777979,12.0,30.0,0.0,19.291226038705937,51.859959879227549,19.0,30.0,0.0,18.777332992885868,48.17513666668599,10.0,30.0,765.9248402587755,20.48591979842365,44.103365099343637,20.45,30.0,0.0,19.380455551649914,47.308951005053547,12.0,30.0,0.0,19.887394413553169,0.0,0.0,0.0,14.636809447562479,0.0,0.0,526.744732588487,532.9044426908345,569.145168282755,552.5316607830627,541.5006473496189,990.0266637911676,568.5028652751865,629.4486287373964,638.8873361292422,9876.61586147786,81.4743063989529,83.16622123214649,220.0,0.0,220.0,220.0,16.0,19.0,19.0,12.0,19.7,12.0,21.0,10.0,1.0,0.0,1014.9231720657795,0.0,49.616771986745998,0.0,0.0,0.0,765.9248402587755,0.0,2560.5833498926115,1536350.0099355668,1990462.5920361907,81.4743063989529,83.19495556278588,0.34035277832975377,0.7677647347654163,0.36028137401965956,83.19495556278588,0.3542647819438875,1990462.5920361907,0.10977405478588193 
 04/03  07:50:00,8.07,95.16666666666667,5.028333333333333,129.33333333333332,84.33333333333333,0.0,0.0,1.0,2.0,0.0,0.0,0.0,0.0,0.0,4.0,3668.0,0.0,184.7522612466631,58.55725830065791,150.0508139621603,5.539865181529029,147.45053690089663,0.0,58.55725830065785,80.05221160113183,0.0,0.0,21.09932504692962,-1404.1548187157937,20.2291200254198,556.6855507943055,20.91592729996968,-1094.164102564222,20.35188314196526,524.3869739615689,17.54242615059657,-0.8328616631988268,19.12761974856143,-37.37390234682738,18.10180986174548,-61.7889171193392,18.821352070567735,-83.79986072288472,18.77252399176289,-226.52543748643144,868.949164945323,946.4817432720805,0.0,0.0,0.0,0.0,0.0,0.0,0.0,0.0,0.0,0.0,0.0,0.0,0.0,0.0,0.0,0.0,0.0,0.0,0.0,0.0,0.0,0.0,1.254415034441406,0.38291057217381138,374.9842157739179,436.03816856961597,10175.700117370288,0.3112222378826748,0.0475003415571848,311.9138382152498,363.94572400503156,7856.219000999462,1.317570006475223,0.24897392412608153,316.90372433583328,368.8078105975638,8564.636214206079,0.29012028103053047,0.0548224264985885,317.03663521110095,369.89685592807066,8091.684152824226,0.0,0.0,10.776578183288605,12.717714570252568,203.68713646204885,0.0,0.0,14.78389556067061,17.328404633563218,328.88330346983607,0.0,0.0,195.8203939533272,230.67902299222829,3899.7089505078768,0.0,0.0,26.288419088526675,30.769899091133458,615.616387536573,0.0,0.0,128.53222083112005,150.99645536445807,2759.881931415106,29.3651536923796,20.14070897968423,622.4679447362225,728.2863592389218,15506.360402610408,0.0,0.0,127.32846906294488,151.41672124388715,1866.453745774977,1802.1073824371113,21.849388685581695,40.0593009462972,22.0,30.0,0.0,20.845597509054138,42.58392284843195,16.0,30.0,1315.712924049118,21.718156103104837,40.98170514075498,21.5,30.0,0.0,21.032388660565837,42.65447234389153,19.0,30.0,0.0,17.539609413368397,51.92832201409723,12.0,30.0,0.0,19.285065053678605,52.33209254906961,19.0,30.0,0.0,18.065342963072149,50.860061393991767,10.0,30.0,390.27016876167689,19.906099514487616,46.626143305890057,19.95,30.0,0.0,18.875452279077018,48.27312907474564,12.0,30.0,0.0,20.13113740640716,0.0,0.0,0.0,15.337694700109424,0.0,0.0,559.2905368834336,562.2787641516098,593.1203878985207,589.7035524656669,562.9968821702773,987.5038667899885,591.7518480815495,674.6155756836322,591.4110988605406,10013.20115835657,81.38374673987421,83.42775430855274,220.0,0.0,220.0,220.0,16.0,19.0,19.0,12.0,19.7,12.0,21.0,10.0,1.0,0.0,1802.1073824371113,0.0,1315.712924049118,0.0,0.0,0.0,390.27016876167689,0.0,3092.769455813535,1855661.673488121,2429248.2838145226,81.38374673987421,83.46246834270834,0.35809231519378456,0.7681470327388178,0.36028137401965956,83.46246834270834,0.3542647819438875,2429248.2838145226,0.1325053552027996 
 04/03  08:00:00,8.1,95.0,5.06,140.5,78.0,0.0,0.0,1.0,2.0,0.0,0.0,0.0,0.0,0.0,4.0,1834.0,0.0,199.09469981963319,58.82909561895398,150.74746064917913,5.969927192354777,158.89720371477649,0.0,58.829095618953939,80.42383382452199,0.0,0.0,21.249322718614779,-1525.0935380326783,20.378363860519906,500.9181722950216,20.455355986641604,-211.3626668953732,20.31437316234017,111.300659382302,17.523130501288969,0.36147244939610348,19.128949896180289,-36.37768793727548,18.09669938376517,37.76838232885757,19.26890275531055,-158.2768569806351,18.552521465543128,-113.82746041822384,829.9171172524866,848.018203215418,0.0,0.0,0.0,0.0,0.0,0.0,0.0,0.0,0.0,0.0,0.0,0.0,0.0,0.0,0.0,0.0,0.0,0.0,0.0,0.0,0.0,0.0,1.0780746972971272,0.3290826304325785,384.1038892513474,445.7331096628466,10525.158825192917,0.281889341473346,0.043023403765773206,311.8826304952874,363.14838871007916,7957.841357067138,2.03362111748878,0.38428214616190117,174.40819598089034,203.39232273928463,4465.2195638670459,0.2703763966218812,0.05109153375318993,169.24946841217256,197.42800637744888,4291.227905086182,0.0,0.0,10.8311333874112,12.765255566281386,203.70583642728358,0.0,0.0,15.116238700503543,17.69016720850322,335.26038151077196,0.0,0.0,182.93271938437378,215.1733246270112,3647.9793606632686,0.0,0.0,31.772907235574875,37.01050391337145,791.6998156598892,0.0,0.0,110.78615157834602,130.1318546556894,2305.5641616593377,29.362940565444803,20.139191059975869,483.9828806997631,565.668017100689,12140.217588643303,0.0,0.0,111.7319095457898,132.67694015364669,1640.296321842689,1854.5936943469167,22.0275840847549,39.78003446733206,22.0,30.0,0.0,21.048923557844018,42.25195031452536,16.0,30.0,8.329351344897033,20.966166513709316,43.869778277338998,21.0,30.0,0.0,20.86333157467232,43.01935489861661,19.0,30.0,0.0,17.519982580037359,52.32830186216685,12.0,30.0,0.0,19.278059260326914,52.57191136384634,19.0,30.0,0.0,18.112888837962946,50.80346792435721,10.0,30.0,798.9532056781018,20.727591449944876,44.55080327572738,20.7,30.0,0.0,18.559549160313119,49.33181084144758,12.0,30.0,0.0,20.067275206930984,0.0,0.0,0.0,15.376651110614603,0.0,0.0,567.4865622982626,572.008070117226,645.0217495272002,585.1807651499232,578.830568976753,975.0640433465642,592.2762269643463,683.3426905120468,592.3971229684307,10653.776725765549,80.96030120961335,84.60001198862443,220.0,0.0,220.0,220.0,16.0,19.0,19.0,12.0,19.7,12.0,21.0,10.0,1.0,0.0,1854.5936943469167,0.0,8.329351344897033,0.0,0.0,0.0,798.9532056781018,0.0,5508.013697408388,3304808.218445033,4277740.66862824,80.96030120961335,84.66182636066259,0.3536004565802796,0.7680730446545403,0.36028137401965956,84.66182636066259,0.3542647819438875,4277740.66862824,0.22854140365755735 
 04/03  08:10:00,8.188333333333333,94.83333333333334,5.058333333333334,151.66666666666669,71.66666666666666,0.0,4.0,0.0,0.0,0.0,0.0,0.0,0.0,0.0,0.0,4585.0,0.0,213.21937390755813,59.45240154680298,152.34472345263053,6.393459294731619,170.17007124290144,0.0,59.452401546802949,81.27594028367717,0.0,0.0,20.64995236013088,-152.82367314615187,20.369324657120793,129.7392508715032,20.837103732332794,-658.8468766612721,20.278380754762588,-5.0792395201039099,17.508509355160947,1.5203314602694036,19.038258480080189,-81.66750088306272,18.337658646545014,262.9420207611094,18.85597360567857,-76.49521478188857,18.42219812422765,-247.12095594917458,687.856536850684,554.9799829839499,0.0,0.0,0.0,0.0,0.0,0.0,0.0,0.0,0.0,0.0,0.0,0.0,0.0,0.0,0.0,0.0,0.0,0.0,0.0,0.0,0.0,0.0,1.2595937485062743,0.3844913762229165,323.9900736430197,378.1829722795822,8276.878630261554,0.26524344859509177,0.0404828218246477,169.02140476133827,197.25503620373804,4256.397678434284,1.3490744188285478,0.25492713885649068,230.8470682423338,268.811596602376,6165.113368999,0.2822279808955866,0.053331062149581737,21.340327235020057,24.919633641446184,534.5312105819844,0.0,0.0,8.738353342118736,10.318163530472777,162.57683833127903,0.0,0.0,56.82112700000194,66.7275975253221,1233.3476848140463,0.0,0.0,158.6625029696004,186.62835075098503,3279.040478475879,0.0,0.0,29.817538084276018,34.92300733554305,694.2032186636188,0.0,0.0,62.01719641824043,72.96332889127308,1253.2726947417673,29.295119293214876,20.09267441235589,282.5937019110774,331.45080196564109,7115.124314780392,0.0,0.0,67.02028837982215,79.73142275240639,940.1651741510098,41.43285770377614,21.120597228014444,42.39567175098771,21.0,30.0,0.0,20.944384956625645,42.84387893599428,16.0,30.0,1045.3899362597179,21.603586182198368,41.180368102320318,21.4,30.0,0.0,20.735681741163089,46.07063417119627,19.0,30.0,0.0,17.50801204354473,52.71766315076776,12.000000000000002,30.0,0.0,19.11524970913356,50.15937285979461,16.0,30.0,0.0,18.59801026651025,50.467196676021668,10.0,30.0,0.0,19.893530011286928,46.40558191075462,16.0,30.0,0.0,18.381562697693373,50.25343345004744,12.000000000000002,30.0,0.0,19.59375695495582,0.0,0.0,0.0,15.054326143935996,0.0,0.0,585.0861443410669,588.4876420336291,581.8126973859371,746.3103025589511,596.1787271054325,760.5037531397275,662.4374855736955,651.8165961534344,612.5015124940732,5776.819869157534,81.4926437463848,81.4926437463848,132.0,0.0,132.0,132.0,16.0,19.0,16.0,12.0,16.0,12.0,21.0,10.0,1.0,0.0,41.43285770377614,0.0,1045.3899362597179,0.0,0.0,0.0,0.0,0.0,0.0,0.0,0.0,81.4926437463848,81.4926437463848,0.20400000000000002,0.4321306249407398,0.21616882441179575,81.4926437463848,0.21255886916633252,0.0,0.003608 
 04/03  08:20:00,8.276666666666668,94.66666666666667,5.056666666666667,162.83333333333332,65.33333333333334,0.0,4.0,0.0,0.0,0.0,0.0,0.0,0.0,0.0,0.0,3672.0,0.0,227.12491418315728,60.40827723224495,154.79417518033723,6.810420437846508,181.26804672468246,0.0,60.408277232244909,82.58269481515628,0.0,0.0,21.01957930429173,-1129.9022275734588,20.282286091523308,300.6381880673848,20.781658707807734,-350.8877409267527,20.318347167267996,-34.8908943533671,17.49806467697951,8.029755189149796,18.957614845963094,-18.675488396295266,18.540849546709429,144.88603431436378,18.34650315832379,-14.258637172363138,18.075862797605109,-516.6965972062467,743.1941608579768,857.4332847035056,0.0,0.0,0.0,0.0,0.0,0.0,0.0,0.0,0.0,0.0,0.0,0.0,0.0,0.0,0.0,0.0,0.0,0.0,0.0,0.0,0.0,0.0,1.246602673605537,0.3805258466439368,371.61282312139158,432.48993261736168,9745.794418122961,0.2774609946492592,0.04234752665586985,229.9611878512531,268.22173542878536,5676.257964633925,1.6078923784823108,0.3038345386398925,192.5303885569214,224.41174526835966,4960.744200964764,0.24519214821362804,0.04633260548254496,16.26754600712588,18.965072108902814,406.34962797246438,0.0,0.0,8.610120379833809,10.161515201219949,158.61497607592544,0.0,0.0,32.79734302826569,38.53392536004504,698.5032357040129,0.0,0.0,199.05086860719235,233.68293159313127,4213.627227137809,0.0,0.0,17.376249834945427,20.41494341660507,371.87418397475008,0.0,0.0,131.73153311914747,155.21932796065767,2492.4770820570618,29.30013170669981,20.09611228168712,322.4046822904747,377.7426820329391,7873.372088390104,0.0,0.0,131.51901772189997,156.07150862542344,1968.1740556114228,1769.7731754892232,21.680429087911447,41.056624750211827,22.0,30.0,0.0,20.776600826348014,43.412116732206929,16.0,30.0,1285.1864896806067,21.427872648049598,41.78044905808228,21.5,30.0,0.0,20.762342793299618,49.67340359384887,19.0,30.0,0.0,17.503153509743894,53.15127409135833,12.0,30.0,0.0,18.998503492744704,49.42743777687337,16.0,30.0,0.0,18.93365386598547,48.958552715051308,10.0,30.0,0.0,19.00474906042632,48.93863033294146,16.0,30.0,0.0,17.80151848089143,52.65425568602781,12.0,30.0,0.0,19.47806632408212,0.0,0.0,0.0,15.647061829018132,0.0,0.0,584.8957955550479,590.0573899429344,588.5366869299196,963.879899921917,616.2063260312093,678.2208573074231,626.3208745898427,644.7280268117881,639.3144984858278,9675.703099886112,81.6071095677281,83.35054047374334,132.0,0.0,132.0,132.0,16.0,19.0,16.0,12.0,16.0,12.0,21.0,10.0,1.0,0.0,1769.7731754892232,0.0,1285.1864896806067,0.0,0.0,0.0,0.0,0.0,2638.470021480815,1583082.012888489,2056595.8246501927,81.6071095677281,83.38014971832087,0.3429490007160272,0.7689366009916593,0.36028137401965956,83.38014971832087,0.3542647819438875,2056595.8246501927,0.11052164954847671 
 04/03  08:30:00,8.365,94.5,5.055,174.0,59.0,0.0,4.0,0.0,0.0,0.0,0.0,0.0,0.0,0.0,0.0,2754.0,0.0,240.81013794702049,61.64380704561488,157.96022256915516,7.220775168063349,192.19018635864954,0.0,61.64380704561484,84.27175774142185,0.0,0.0,20.814651301227536,-494.1927824659468,20.285130862391449,160.3674919288915,20.620960080822166,-354.8573993731444,20.347726965467474,-49.055722322315947,17.49346894726814,10.074726916113545,18.917375351119895,-19.251387840557596,18.4396741729428,12.079029346914466,18.015785783705398,-4.464184638499317,17.775566584946433,-399.88558488228429,648.818818407989,904.8200924125272,0.0,0.0,0.0,0.0,0.0,0.0,0.0,0.0,0.0,0.0,0.0,0.0,0.0,0.0,0.0,0.0,0.0,0.0,0.0,0.0,0.0,0.0,1.2950849186431195,0.39532506674087888,305.67020798645299,356.4101065428743,7708.509190120432,0.2758146447977784,0.04209625225851318,169.1146088612202,197.46253681006119,4141.423848145058,1.4659117039131263,0.2770052350553905,138.03415336987903,160.79682591317693,3497.5201578272888,0.20992011134068185,0.03966744356399882,14.837925804427054,17.28835377228879,368.05467439410895,0.0,0.0,8.215580163530709,9.693434100057694,149.978153710076,0.0,0.0,30.72415662129813,36.05007703789278,645.0799520556557,0.0,0.0,228.08679396698236,267.9520994964601,4684.673957166581,0.0,0.0,10.617462600810262,12.489790557178724,213.30499011343623,0.0,0.0,164.77374114637056,194.46135593200908,2962.8904208514447,29.280935004295868,20.082945819132968,243.7897785443589,285.9123403937069,5977.233074232795,0.0,0.0,164.09605869098909,194.5299053832985,2543.263052318667,715.6901218903015,21.21980963365495,42.3063663341385,21.333333333333326,29.99999999999999,0.0,20.741504769262254,43.63375598284463,15.999999999999993,29.99999999999999,144.74221436483524,21.25089170402173,42.43635682341322,20.999999999999994,29.99999999999999,0.0,20.775004106086258,51.98771025088312,18.999999999999994,29.99999999999999,0.0,17.507107349198536,53.32919793527701,11.999999999999995,29.99999999999999,0.0,18.936388478456825,49.232879080139579,15.999999999999993,29.99999999999999,0.0,18.699661448467514,49.66903317035393,9.999999999999997,29.99999999999999,0.0,18.442796578778834,50.61252203668591,15.999999999999993,29.99999999999999,0.0,17.36692664079659,54.08140253383331,11.999999999999995,29.99999999999999,0.0,19.37343604593897,0.0,0.0,0.0,16.068567750086755,0.0,0.0,584.7539619038705,594.3949895650551,596.2826563432039,1101.9908798471427,622.5338152868397,647.8246590524457,621.5376252408211,638.0973285674573,630.8668401030923,9008.218701651605,82.04856952927216,82.04856952927216,131.99999999999995,0.0,131.99999999999995,131.99999999999995,16.0,19.0,16.0,12.0,16.0,12.0,21.0,10.0,1.0,0.0,715.6901218903015,0.0,144.74221436483524,0.0,0.0,0.0,0.0,0.0,0.0,0.0,0.0,82.04856952927216,82.04856952927216,0.3399999999999999,0.769215133460194,0.36028137401965945,82.04856952927216,0.35426478194388735,0.0,0.003549333333333333 
 04/03  08:40:00,8.453333333333334,94.33333333333334,5.053333333333333,178.5,55.5,0.0,0.0,1.0,2.0,0.0,0.0,0.0,0.0,0.0,0.0,8262.0,0.0,247.20706108098399,61.27511507032321,157.0155004831584,7.4125879844452708,197.29554815020297,0.0,61.27511507032317,83.76772785890673,0.0,0.0,20.88644244405424,-1037.8155346896327,20.32187743353812,422.0655191503626,20.70878045633352,-890.2135920742155,20.34145224775707,241.02890102782539,17.487154885983814,11.346836548366099,19.470353745196399,-53.99511212091851,18.352493083168363,47.43952335015165,18.864816832973337,-92.12472285531587,17.64469645288292,-313.80008221201748,839.5163109128554,910.1048856725679,0.0,0.0,0.0,0.0,0.0,0.0,0.0,0.0,0.0,0.0,0.0,0.0,0.0,0.0,0.0,0.0,0.0,0.0,0.0,0.0,0.0,0.0,1.1702568002786987,0.3572212455063191,350.37812013628845,408.1934609177744,9114.441841365882,0.28306525618003439,0.04320287792735578,265.573608339211,310.3596041924397,6470.629184558624,1.4904770081808859,0.28164720487167235,292.0132405241686,340.2097172846919,7564.871932180432,0.2598901107752367,0.04910999825684756,242.79429072761449,283.5179465161186,5920.655908772387,0.0,0.0,9.50933077879051,11.233551400809978,171.9011621578415,0.0,0.0,15.090419415390315,17.683452934433399,339.73045884135589,0.0,0.0,226.13467257783766,266.11812806753655,4551.003941315198,0.0,0.0,26.234310574768725,30.68486403424705,599.8070819938407,0.0,0.0,180.93838995792269,213.90240072560824,3170.748743625217,29.540315591622666,20.26084745653138,490.6431309579526,574.8800191695127,11779.48787149084,0.0,0.0,181.4430055415142,215.20971346939346,2843.843479883953,980.1805305287228,21.558519671254908,42.666649241949929,21.555555555555608,30.000000000000076,0.0,20.81195774165208,44.43477828110033,16.00000000000004,30.000000000000076,1227.2822198853717,21.490181821250745,43.27169537391444,21.333333333333383,30.000000000000076,0.0,20.806589231326286,45.867039516911848,16.00000000000004,30.000000000000076,0.0,17.507031290084844,53.4590500831035,12.000000000000032,30.000000000000076,713.3808939708719,19.814094957828777,47.698894367805568,19.555555555555608,30.000000000000076,0.0,18.570814389780467,50.481229640101947,10.000000000000025,30.000000000000076,1301.026030636763,19.76378697879659,47.3645712717432,20.700000000000054,30.000000000000076,0.0,17.221907713047803,54.685105482335227,12.000000000000032,30.000000000000076,0.0,19.836367016918673,0.0,0.0,0.0,16.24762386935984,0.0,0.0,656.7201912785815,646.7277153005431,682.9920864286866,730.6591966792528,623.9910379083108,717.8019487451395,633.5343777929477,684.1035982418725,628.4914034164867,10130.73436748903,81.30621155628357,82.9829407635004,60.00000000000015,0.0,60.00000000000015,60.00000000000015,16.0,16.0,19.0,12.0,19.7,12.0,21.0,10.0,1.0,0.0,980.1805305287228,0.0,1227.2822198853717,0.0,713.3808939708719,0.0,1301.026030636763,0.0,2537.313171113229,1522387.9026679355,1986966.8643889963,81.30621155628357,83.01141719179788,0.34902155014821958,0.770076061906415,0.36028137401966056,83.01141719179788,0.3542647819438884,1986966.8643889963,0.1049222769482278 
 04/03  08:50:00,8.541666666666668,94.16666666666667,5.051666666666666,183.0,52.0,0.0,0.0,1.0,2.0,0.0,0.0,0.0,0.0,0.0,0.0,3672.0,0.0,257.5575536780165,62.01982958419572,158.92381856664157,7.722946305075191,205.55620776057493,0.0,62.01982958419569,84.78580905971814,0.0,0.0,21.04869879439873,-958.5016218173014,20.4063051860958,443.7362248004101,20.989442123610887,-1051.826182105686,20.416951925406118,376.4862670990924,17.47990555433023,11.520737630751853,19.47658475667093,-57.00283776255239,18.303069237677705,86.55978286575942,18.94152456420853,-116.17474912869932,17.57220874146853,-239.1395080748523,788.0692865503343,857.5144635103475,0.0,0.0,0.0,0.0,0.0,0.0,0.0,0.0,0.0,0.0,0.0,0.0,0.0,0.0,0.0,0.0,0.0,0.0,0.0,0.0,0.0,0.0,1.1867648218047498,0.362260324116224,389.2593335188245,452.80881064581049,10007.849474844632,0.29053641190791809,0.044343164210610217,289.7841122302325,337.9708162243122,7073.845293226435,1.333057743898018,0.2519005562921426,343.78326934778218,400.0388499324003,8974.354094091046,0.27687830809866195,0.052320164039807607,287.32309734864426,335.15935269648119,7033.53573786,0.0,0.0,9.801809618407694,11.568610518124912,175.44356603272946,0.0,0.0,15.81710009707471,18.51557857910407,351.7068840485792,0.0,0.0,227.00414292288793,267.00158295523365,4498.834660636798,0.0,0.0,33.63734126609661,39.36221435892631,760.6542376070838,0.0,0.0,183.4501005198659,216.7840302003633,3160.991748683503,29.752904036537186,20.406655717789574,571.4622600033912,668.2678245869618,13808.21416161233,0.0,0.0,184.8002050444401,218.91399434706617,2932.485883837635,1259.9247968469895,21.629025891040269,42.54937755895274,21.75,30.0,0.0,20.918009351183306,44.45977041865912,16.0,30.0,1595.9545479336246,21.709508331114074,42.41210206112245,21.5,30.0,0.0,20.95063764278327,44.486123555284809,16.0,30.0,0.0,17.50413903590513,53.72685650142398,12.0,30.0,0.0,19.768518876242369,49.69771610867333,19.0,30.0,0.0,18.50089782190784,51.003550774949079,10.0,30.0,53.17263254469701,19.97012661810105,47.55848159434295,19.7,30.0,0.0,17.15847062534666,55.334939734128017,12.0,30.0,0.0,20.17597375732064,0.0,0.0,0.0,16.442343884271229,0.0,0.0,657.6543779225251,662.0080190213691,661.3887349442687,667.2042517930217,629.9530195726239,828.2486343206316,645.0739528796136,713.8755724573831,644.36777157331,8500.484150541508,82.38419306290692,84.09980569783225,60.0,0.0,60.0,60.0,16.0,16.0,19.0,12.0,19.7,12.0,21.0,10.0,1.0,0.0,1259.9247968469895,0.0,1595.9545479336246,0.0,0.0,0.0,53.17263254469701,0.0,2596.4124330472025,1557847.4598283214,2040116.1446273477,82.38419306290692,84.12894249581638,0.34154708110157347,0.7661291872565883,0.36028137401965956,84.12894249581638,0.3542647819438875,2040116.1446273477,0.10765937285395541 
 04/03  09:00:00,8.63,94.0,5.05,187.5,48.5,0.0,0.0,1.0,2.0,0.0,0.0,0.0,0.0,0.0,0.0,3672.0,0.0,271.7210110426423,63.50520247150422,162.73003077986327,8.147634178004003,216.85995020516388,0.0,63.50520247150419,86.81642640984889,0.0,0.0,20.95067846161212,-902.8508236290004,20.428738218864166,160.5230888490819,20.944996887093674,-803.3124032699197,20.37107451456286,172.47319856413425,17.47105630655301,9.516973288904012,19.41896462423461,-48.88972229387373,18.270880754436928,13.78488940238367,19.421288714154337,-202.20494576981413,17.555428267037724,-193.48358224590675,700.2736288660512,842.594698957302,0.0,0.0,0.0,0.0,0.0,0.0,0.0,0.0,0.0,0.0,0.0,0.0,0.0,0.0,0.0,0.0,0.0,0.0,0.0,0.0,0.0,0.0,1.13791832114673,0.34734991487995428,291.59078559550655,339.255861441943,7403.355012169351,0.2431757911761735,0.037114742243005729,181.2884939157351,211.34969136016879,4383.105292153223,1.4189253811531657,0.2681264892579679,273.8077482677975,318.01942563278319,7080.581895152141,0.2479539380916885,0.04685448565602578,204.8805325529754,238.8146232810779,4930.978324359876,0.0,0.0,8.971960859136909,10.589329752472505,158.90086080663327,0.0,0.0,13.987989438749036,16.378229306302147,305.26314106326717,0.0,0.0,213.27973365867104,250.91563100691386,4159.105038234444,0.0,0.0,43.158953015525799,50.38085002398857,1024.813696417809,0.0,0.0,178.4463159200086,210.83771504716629,3050.381419083165,29.355666952731878,20.13420229954176,392.65558334051357,459.23995422487067,9375.065696902975,0.0,0.0,180.7847532403434,214.03540831963285,2886.4469525222345,1482.4753050708558,21.540511243876744,42.57039114700752,21.75,30.0,0.0,20.87823978035236,44.45652124233038,16.0,30.0,1501.5539121629773,21.513399792496118,42.699275267341487,21.5,30.0,0.0,20.801941369759676,44.63979152316088,16.0,30.0,0.0,17.49722578400961,54.054065251780887,12.0,30.0,0.0,19.64214650092528,51.44117061717852,19.0,30.0,0.0,18.426792278819755,51.60076235187785,10.0,30.0,954.0952279169339,20.664870138018569,45.827755230062667,20.45,30.0,0.0,17.17808697746907,55.900490238483587,12.0,30.0,0.0,19.773251241941645,0.0,0.0,0.0,16.581919798698949,0.0,0.0,634.5399137788526,648.3679468689627,637.9444281928994,645.1341520682436,638.8256582059812,901.8190710272296,655.7866541559337,720.8844129662768,667.12559602953,8814.633680212684,82.17653963817225,82.17653963817225,60.0,0.0,60.0,60.0,16.0,16.0,19.0,12.0,19.7,12.0,21.0,10.0,1.0,0.0,1482.4753050708558,0.0,1501.5539121629773,0.0,0.0,0.0,954.0952279169339,0.0,0.0,0.0,0.0,82.17653963817225,82.17653963817225,0.34,0.7705967004079575,0.36028137401965956,82.17653963817225,0.3542647819438875,0.0,0.0015466666666666665 
 04/03  09:10:00,8.706666666666667,93.83333333333334,4.991666666666666,192.0,45.0,0.0,0.0,0.0,0.0,0.0,0.0,0.0,0.0,0.0,0.0,6426.0,0.0,286.32120391032768,64.95477937620925,166.4445165551047,8.585417152678266,228.51224442490094,0.0,64.95477937620922,88.79810793789709,0.0,0.0,20.5932189211115,-315.69849189781419,20.390150268973966,65.58362990134335,20.60189388370404,-536.5254273476148,20.379134722945297,76.4739716895524,17.46310575448278,10.225320314098245,19.284123712559688,-136.76795851148175,18.285689151306618,61.379812867870509,18.99909485711916,-116.56681677826282,17.554460313357418,-161.51341641628398,554.2570548404463,754.8453200047242,0.0,0.0,0.0,0.0,0.0,0.0,0.0,0.0,0.0,0.0,0.0,0.0,0.0,0.0,0.0,0.0,0.0,0.0,0.0,0.0,0.0,0.0,1.1222890802387256,0.3425790843219554,189.02953404984158,220.86598410172068,4625.6284008242869,0.23338238408467849,0.03562002199094604,134.40839424034736,157.24281900838109,3214.016010314159,1.4445143249114472,0.27296189057283595,207.95335223250374,242.90618833759187,5141.660974121521,0.22857914263160362,0.043193337609902408,151.44204702763924,177.15529460506606,3631.621391762801,0.0,0.0,8.630623250692459,10.195385478536175,151.43098815948094,0.0,0.0,66.16385803980387,77.63036752782601,1403.3242176470874,0.0,0.0,266.32284936496969,313.48859458654848,5174.438919568579,0.0,0.0,35.15582953192737,41.18377181011592,782.794958635594,0.0,0.0,178.06822318300216,210.513757271754,3027.904926636994,28.827099462303896,19.77167315658704,278.1527828250968,326.5397234992924,6727.292536143399,0.0,0.0,179.8476598531208,213.01139075225718,2874.1765671347718,0.0,20.941162264608168,44.183760240089437,21.428571428571428,29.999999999999994,0.0,20.7778187706896,44.66276031954256,16.0,29.999999999999994,0.0,21.043128778336994,43.8351619674812,21.428571428571428,29.999999999999994,0.0,20.8075255200563,44.53808375836756,16.0,29.999999999999994,0.0,17.491785453588599,54.43712443328575,12.0,29.999999999999994,0.0,19.39351118650296,50.31277305577276,16.0,29.999999999999994,0.0,18.46885992447413,52.13590949713644,10.0,29.999999999999994,0.0,19.91565729464496,47.667638746927348,12.0,29.999999999999994,0.0,17.2118991710405,56.205959343155388,12.0,29.999999999999994,0.0,19.366073892805639,0.0,0.0,0.0,16.668859542226039,0.0,0.0,634.1496573622134,638.1810656466157,624.0077554102892,634.4650117832096,652.1159433975205,768.4569382371954,692.3673151987345,695.6988345213226,684.2774786833389,0.0,83.1348505763963,83.1348505763963,59.999999999999989,0.0,59.999999999999989,59.999999999999989,16.0,16.0,16.0,12.0,12.0,12.0,21.0,10.0,0.0,0.0,0.0,0.0,0.0,0.0,0.0,0.0,0.0,0.0,0.0,0.0,0.0,83.1348505763963,83.1348505763963,0.0,0.0,0.0,83.1348505763963,0.0,0.0,0.0015199999999999999 
 04/03  09:20:00,8.783333333333335,93.66666666666667,4.933333333333334,196.5,41.5,0.0,0.0,0.0,0.0,0.0,0.0,0.0,0.0,0.0,0.0,2754.0,0.0,301.1041746157462,66.37087143813736,170.07319810654148,9.028680449284173,240.31040970088763,0.0,66.37087143813733,90.73401314722412,0.0,0.0,20.174324428247699,-57.44361684823478,20.20928434761611,-126.03727821378769,20.171039930152838,-124.5975763093586,20.164478274486596,-89.86703976220513,17.454171661043696,8.485989104345585,19.13888073884984,-97.77344342678123,18.223234785547914,23.43176569046529,18.49660744388936,-46.57614377156648,17.56100349386549,-161.39813514140128,506.59757424275946,648.1027833156119,0.0,0.0,0.0,0.0,0.0,0.0,0.0,0.0,0.0,0.0,0.0,0.0,0.0,0.0,0.0,0.0,0.0,0.0,0.0,0.0,0.0,0.0,1.0914677147666657,0.3331708531033777,145.75283638838776,170.42068429153714,3342.2078179243528,0.20243222066809689,0.03089624857571685,116.69459650329789,136.35938460295658,2685.403168321181,1.5747214966891583,0.29756642038721817,133.52054746575014,156.30252262671099,3082.5416905220324,0.2023533175248981,0.03823758834559674,99.32366394127645,116.19173684088097,2291.6902901487017,0.0,0.0,7.775376136453804,9.17484370041323,135.12426719180079,0.0,0.0,58.95662894273491,69.16500620059415,1212.9596983114228,0.0,0.0,247.86043182431326,291.55927314773239,4728.743474616804,0.0,0.0,25.882923177289919,30.39051923268027,526.6657161865397,0.0,0.0,165.64550521285885,195.6050385280946,2802.6522655337514,27.921969307125804,19.150870581019068,188.03432422077339,220.85593509708677,4434.137182472919,0.0,0.0,166.41038310856659,196.93770945572795,2616.049942848299,0.0,20.29769173260518,45.95385705824308,21.999999999999994,29.99999999999999,0.0,20.40876411294553,45.5749087710322,15.999999999999993,29.99999999999999,0.0,20.32792276709626,45.747434002406908,21.999999999999994,29.99999999999999,0.0,20.396354754741357,45.63026749779247,15.999999999999993,29.99999999999999,0.0,17.482627799653984,54.82589249852181,11.999999999999995,29.99999999999999,0.0,19.142992522346025,50.068509240381988,15.999999999999993,29.99999999999999,0.0,18.36294277265894,52.36843255194302,9.999999999999997,29.99999999999999,0.0,18.997232700684437,50.37490428734887,11.999999999999995,29.99999999999999,0.0,17.245829439450597,56.26922653766723,11.999999999999995,29.99999999999999,0.0,18.863143239726499,0.0,0.0,0.0,16.609685478092666,0.0,0.0,630.6973228514924,621.9715212840413,616.3376871937828,625.0571278438696,666.0118417875542,697.5959050120753,682.0682532139736,687.9307046897504,690.8054655896171,0.0,83.13485057639628,83.13485057639628,59.99999999999998,0.0,59.99999999999998,59.99999999999998,16.0,16.0,16.0,12.0,12.0,12.0,21.0,10.0,0.0,0.0,0.0,0.0,0.0,0.0,0.0,0.0,0.0,0.0,0.0,0.0,0.0,83.13485057639628,83.13485057639628,0.0,0.0,0.0,83.13485057639628,0.0,0.0,0.0015166666666666667 
 04/03  09:30:00,8.86,93.5,4.875,201.0,38.0,0.0,0.0,0.0,0.0,0.0,0.0,0.0,0.0,0.0,0.0,1836.0,0.0,315.80785677316268,67.75551735807488,173.62129954268864,9.46956615288887,252.04529384086528,0.0,67.75551735807486,92.6269290963685,0.0,0.0,19.955982821797883,-33.187796319401517,20.01202855652685,-117.40169286469359,19.949916736243944,-220.72830265160884,19.944901274023946,-94.15925983583475,17.443774836987769,7.077677287657281,19.05573138918909,-84.90802415102621,18.16876696752233,22.862391035613656,18.206201370050797,-19.967587747010954,17.55659579506609,-164.4386225652902,466.2789927955828,556.0159849735551,0.0,0.0,0.0,0.0,0.0,0.0,0.0,0.0,0.0,0.0,0.0,0.0,0.0,0.0,0.0,0.0,0.0,0.0,0.0,0.0,0.0,0.0,1.0617372689209506,0.3240956254337456,121.36349516970643,141.80505369658108,2696.929441102708,0.1993161449082047,0.030420657037271784,86.86278536027362,101.5356033498276,1923.94403695245,1.5303372596880139,0.2891793763582794,146.2459432837569,170.7589320096856,3224.5301287910067,0.19960621005220603,0.0377184826251334,105.71035439839318,123.4466168221758,2334.292084038818,0.0,0.0,7.2956362759496689,8.600088617011143,125.52790451257826,0.0,0.0,55.50823926906692,65.08545739649138,1118.892342824216,0.0,0.0,233.60273909943497,274.60203244611798,4381.719038494981,0.0,0.0,18.727084106435507,22.002587479550056,359.8098274131229,0.0,0.0,153.3151793315198,180.85769098242259,2574.1139173140998,27.175319865081059,18.638765339561777,170.8754761504943,200.43271678180742,3893.020620449774,0.0,0.0,153.0719880252584,181.0020667049851,2369.802616804631,0.0,20.009571172295609,46.75619621625711,22.0,30.0,0.0,20.040899985787435,46.520137120377999,16.0,30.0,0.0,19.996300895910758,46.65763275052303,22.0,30.0,0.0,20.013428401002299,46.659003231069068,16.0,30.0,0.0,17.47101036095779,55.046601042120538,12.0,30.0,0.0,19.004746078334774,50.32390079450671,16.0,30.0,0.0,18.275033111441588,52.59176899078531,10.0,30.0,0.0,18.50234864549745,51.93722657279592,12.0,30.0,0.0,17.256073514050955,56.19496918337433,12.0,30.0,0.0,18.760107196341119,0.0,0.0,0.0,16.567312598499805,0.0,0.0,625.9241603063542,607.1601976684765,606.5205325683189,614.7007818082965,671.5402271378358,683.4454483293212,675.3690567320589,685.161917833196,685.9050734159309,0.0,83.1348505763963,83.1348505763963,60.0,0.0,60.0,60.0,16.0,16.0,16.0,12.0,12.0,12.0,21.0,10.0,0.0,0.0,0.0,0.0,0.0,0.0,0.0,0.0,0.0,0.0,0.0,0.0,0.0,83.1348505763963,83.1348505763963,0.0,0.0,0.0,83.1348505763963,0.0,0.0,0.0015133333333333334 
 04/03  09:40:00,8.936666666666668,93.33333333333334,4.816666666666666,214.66666666666667,48.83333333333333,0.0,0.0,0.0,0.0,0.0,0.0,0.0,0.0,0.0,0.0,1836.0,0.0,351.500688753178,72.1813061215311,184.96228046342373,10.539818322435896,280.53158011143577,0.0,72.18130612153107,98.67731787609948,0.0,0.0,19.749852873794006,-56.056592039712558,19.91039698678955,-192.38301711042056,19.68082325372971,-95.65263252722082,19.793397913734905,-201.38844614197346,17.434476800476888,5.409482872152923,19.011871270002638,-85.57596111974286,18.114856966892643,9.153904560477257,18.02903388866214,-8.737394133977095,17.553364544578224,-160.72977102180728,438.81194909820456,461.0378245709227,0.0,0.0,0.0,0.0,0.0,0.0,0.0,0.0,0.0,0.0,0.0,0.0,0.0,0.0,0.0,0.0,0.0,0.0,0.0,0.0,0.0,0.0,0.9988503199882468,0.30489936507577755,165.01578773472535,192.95431896357298,3539.653282778465,0.1793146220866982,0.02736792156390389,91.34786685177248,106.69804312594693,1969.5341106755446,1.6412526345658152,0.31013844190586095,277.8749191475327,325.02796679170185,5896.295262420921,0.19200428297713846,0.03628198846884703,174.755691305882,204.35791333269754,3740.3850313469367,0.0,0.0,6.769599578886369,7.979737073529192,115.30339073228532,0.0,0.0,53.63441127942633,62.90281926900029,1064.672190443125,0.0,0.0,217.2578387428287,255.4582773935391,4005.4235777456344,0.0,0.0,11.530088894136086,13.551882788145879,213.44479550800367,0.0,0.0,138.18775007827728,163.0035330342351,2301.110200295395,26.244983526322078,18.000674572237377,287.96370006124359,337.80860793488417,6133.693878448399,0.0,0.0,136.79602585119702,161.77247042578188,2086.107963508407,0.0,19.722622739891287,47.47052227125806,22.000000000000008,30.00000000000001,0.0,19.851284171577296,46.99390616457642,16.000000000000008,30.00000000000001,0.0,19.57899037800181,47.83617639156283,22.000000000000008,30.00000000000001,0.0,19.756916955948744,47.363203012607218,16.000000000000008,30.00000000000001,0.0,17.460285105435149,55.15162351047556,12.000000000000004,30.00000000000001,0.0,18.924340732735865,50.45931340960487,16.000000000000008,30.00000000000001,0.0,18.187674452657228,52.74603811544546,10.000000000000004,30.00000000000001,0.0,18.2312964568268,52.77643270380787,12.000000000000004,30.00000000000001,0.0,17.263755398821666,56.030180447385678,12.000000000000004,30.00000000000001,0.0,18.77523351097898,0.0,0.0,0.0,16.528045924617506,0.0,0.0,605.9093042049669,591.2286109202851,596.9843183373439,604.5017592946622,671.1358264358098,671.3172016711874,661.0681617113851,679.6192480816983,673.1090447138206,0.0,83.13485057639633,83.13485057639633,60.00000000000002,0.0,60.00000000000002,60.00000000000002,16.0,16.0,16.0,12.0,12.0,12.0,21.0,10.0,0.0,0.0,0.0,0.0,0.0,0.0,0.0,0.0,0.0,0.0,0.0,0.0,0.0,83.13485057639633,83.13485057639633,0.0,0.0,0.0,83.13485057639633,0.0,0.0,0.0015099999999999999 
 04/03  09:50:00,9.013333333333334,93.16666666666666,4.758333333333334,228.33333333333335,59.666666666666667,0.0,0.0,0.0,0.0,0.0,0.0,0.0,0.0,0.0,0.0,1836.0,0.0,391.0427180766418,76.56987839648835,196.20789838383275,11.725486963707786,312.08987152870199,0.0,76.5698783964883,104.67682889449344,0.0,0.0,19.589349436594863,-37.04893998559419,19.78793228634524,-212.21933885264094,19.599222329698827,-173.16306062464356,19.61962498877018,-103.78644083612335,17.42627314335995,4.997575036742731,18.98984491920877,-84.53200909244856,18.07955318276747,9.0731198076478,17.90159736783771,-4.604173773692025,17.554171155038174,-147.3246854211643,362.55694267287438,412.33724964108935,0.0,0.0,0.0,0.0,0.0,0.0,0.0,0.0,0.0,0.0,0.0,0.0,0.0,0.0,0.0,0.0,0.0,0.0,0.0,0.0,0.0,0.0,0.9860054120494899,0.3009784530065598,138.45615127366313,161.96945461005357,2901.507518434939,0.17955809951223468,0.027405082343137163,90.2720349877591,105.58052580585692,1897.4784212248265,1.5713323989870208,0.2969260013202988,162.0522778358233,189.67952550604017,3396.524552367706,0.19139639559845263,0.036167119349669808,112.3980431715584,131.52994293260793,2335.7975159494978,0.0,0.0,6.558672010511651,7.731645294737707,110.59801810835045,0.0,0.0,53.30489671536154,62.530567683384607,1045.047910314783,0.0,0.0,209.7687414279555,246.70200359874756,3816.587663939262,0.0,0.0,8.609554727162351,10.12591010267702,155.05570326325259,0.0,0.0,131.69782545872344,155.34234013206214,2176.272152412438,25.65729790157117,17.597598012051564,200.53859821122979,235.35555271363189,4295.767553069747,0.0,0.0,129.87558460891439,153.56622956678712,1971.9352951037445,0.0,19.52246515909591,47.95061682337118,22.0,30.0,0.0,19.62354910002328,47.53812699477841,16.0,30.0,0.0,19.504996953782006,48.002736527393278,22.0,30.0,0.0,19.486524061388307,48.1007492376699,16.0,30.0,0.0,17.451539587382798,55.187578268170117,12.0,30.0,0.0,18.875423346182168,50.48899265383025,16.0,30.0,0.0,18.14111575155288,52.76244384382466,10.0,30.0,0.0,18.047965097461387,53.316912252560928,12.0,30.0,0.0,17.276922675849776,55.84899220578485,12.0,30.0,0.0,18.557406278512489,0.0,0.0,0.0,16.572626037943956,0.0,0.0,584.0133051285441,564.9150475891746,582.7106980887761,589.901514864592,666.5009391647648,656.8003319158378,644.1219959661205,671.9507156339396,659.2536763296253,0.0,83.1348505763963,83.1348505763963,60.0,0.0,60.0,60.0,16.0,16.0,16.0,12.0,12.0,12.0,21.0,10.0,0.0,0.0,0.0,0.0,0.0,0.0,0.0,0.0,0.0,0.0,0.0,0.0,0.0,83.1348505763963,83.1348505763963,0.0,0.0,0.0,83.1348505763963,0.0,0.0,0.0014866666666666666 
 04/03  10:00:00,9.09,93.0,4.7,242.0,70.5,0.0,0.0,0.0,0.0,0.0,0.0,0.0,0.0,0.0,0.0,918.0,0.0,434.49885469877366,80.91826169151995,207.35053623244623,13.028518333963023,346.77197164240729,0.0,80.9182616915199,110.6213985304114,0.0,0.0,19.42147271305104,-69.54038547524033,19.738866333028935,-123.34340207345577,19.52846246214238,9.130102165308017,19.528853789589264,-152.98121154826868,17.41917561596133,4.902809307226477,18.98484205484978,-83.2117604678333,18.06035477678054,20.187708722053686,17.79197852928509,-2.018523971114462,17.5548980376476,-149.29020637328177,343.83239919040536,376.6844562211754,0.0,0.0,0.0,0.0,0.0,0.0,0.0,0.0,0.0,0.0,0.0,0.0,0.0,0.0,0.0,0.0,0.0,0.0,0.0,0.0,0.0,0.0,0.974279719077566,0.2973991816476087,143.87945975054169,168.09953944920725,2928.271321363001,0.1778753087623169,0.02714824614809477,72.34190735208937,84.44952624324447,1499.9164324948866,1.6931016163666755,0.31993605751448908,201.20305864242193,234.92473506483968,4168.326974339433,0.18530131911180723,0.03501536642324399,104.63381640660161,122.22427781507541,2129.9284624993017,0.0,0.0,6.528854172345006,7.67526646885406,109.05310248536299,0.0,0.0,53.46799678422126,62.55489242329699,1037.7811866754069,0.0,0.0,207.47111922784507,243.33579782517234,3738.401719677949,0.0,0.0,7.989488411772588,9.377765941880734,140.34170593249429,0.0,0.0,128.78320948510723,151.4796450589912,2111.3919732203496,25.165977483186834,17.260615557741319,202.2333274922264,236.90491110404816,4258.044574094516,0.0,0.0,126.78856063453168,149.45678608531214,1928.070105778298,0.0,19.288262176828689,48.5696451370997,22.0,30.0,0.0,19.532920478181958,47.80874275538762,16.0,30.0,0.0,19.460205663555447,48.235109613777478,22.0,30.0,0.0,19.342999941259767,48.41471487322466,16.0,30.0,0.0,17.44439017856522,55.18489311768069,12.0,30.0,0.0,18.848420360584318,50.48150022818437,16.0,30.0,0.0,18.12532007864378,52.77668058088706,10.0,30.0,0.0,17.890399944329386,53.764445498503999,12.0,30.0,0.0,17.285283448156336,55.73491744618562,12.0,30.0,0.0,18.52114968210604,0.0,0.0,0.0,16.66025763805041,0.0,0.0,566.3924344641584,562.2847742256264,598.4230018823595,567.7222191392979,658.7111872197372,644.7661234264732,639.4385631384122,662.5492697086008,649.7101992854242,0.0,83.1348505763963,83.1348505763963,60.0,0.0,60.0,60.0,16.0,16.0,16.0,12.0,12.0,12.0,21.0,10.0,0.0,0.0,0.0,0.0,0.0,0.0,0.0,0.0,0.0,0.0,0.0,0.0,0.0,83.1348505763963,83.1348505763963,0.0,0.0,0.0,83.1348505763963,0.0,0.0,0.0014633333333333335 
 04/03  10:10:00,9.288333333333334,92.33333333333333,4.7250000000000009,255.66666666666669,81.33333333333334,0.0,0.0,0.0,0.0,0.0,0.0,0.0,0.0,0.0,0.0,1836.0,0.0,481.83320812118759,85.22310932367519,218.3816180849465,14.447836240739145,384.5492362653405,0.0,85.22310932367515,116.50645161453183,0.0,0.0,19.39005298666337,9.384640147737173,19.703608698277465,-203.93011028944967,19.415214032215127,-122.69130353749279,19.511817024965155,-80.49865612333292,17.415205507152466,4.74230284330045,19.000534267688125,-84.18914835878729,18.032808402313937,11.871011008853657,17.726448039629305,-6.085417712016664,17.566739908707036,-119.00424153105246,328.02909054895329,339.3435527876727,0.0,0.0,0.0,0.0,0.0,0.0,0.0,0.0,0.0,0.0,0.0,0.0,0.0,0.0,0.0,0.0,0.0,0.0,0.0,0.0,0.0,0.0,0.94981356928095,0.28993088195389196,165.4128269095312,193.92471314165585,3310.3026831146119,0.1677108670696358,0.02559689668339985,117.73308874711398,137.91621991662059,2370.180094256896,1.5853557718794003,0.2995759206121317,169.00047161297506,197.98184250499475,3381.469317595137,0.1808640419186932,0.03417687866944315,101.88158823109964,119.32835864347399,2035.0122784415228,0.0,0.0,6.257575498751573,7.37658614227181,101.98037614407893,0.0,0.0,53.3509224045072,62.589680758527588,1014.1633259058101,0.0,0.0,200.06422342454449,235.33319026362256,3510.693516518536,0.0,0.0,6.000608998479857,7.063945960724363,102.06861101574464,0.0,0.0,123.56014576398332,145.73559797614355,1982.8311445691284,24.49139516377177,16.797939069802319,222.5210240386914,261.5159923721409,4538.126203430807,0.0,0.0,122.87881598197352,145.21778061309574,1837.935258716523,0.0,19.32971853704742,48.464352394486358,22.0,30.0,0.0,19.439195453740348,48.04080367557154,16.0,30.0,0.0,19.292490771306569,48.56904456600667,22.0,30.0,0.0,19.35363911277307,48.47448296307782,16.0,30.0,0.0,17.442492715303346,55.16737746338772,12.0,30.0,0.0,18.84929179078152,50.431280588019308,16.0,30.0,0.0,18.08964123277873,52.81747348175492,10.0,30.0,0.0,17.81171594843724,53.99757131226163,12.0,30.0,0.0,17.314138492729286,55.568515216789929,12.0,30.0,0.0,18.52352453976821,0.0,0.0,0.0,16.738833332971099,0.0,0.0,567.1603026893934,548.4455874259732,565.2026441833356,580.1230695047779,654.1225099114927,638.5387664037498,628.6659328576038,658.783296507642,641.8729570063363,0.0,83.1348505763963,83.1348505763963,60.0,0.0,60.0,60.0,16.0,16.0,16.0,12.0,12.0,12.0,21.0,10.0,0.0,0.0,0.0,0.0,0.0,0.0,0.0,0.0,0.0,0.0,0.0,0.0,0.0,83.1348505763963,83.1348505763963,0.0,0.0,0.0,83.1348505763963,0.0,0.0,0.0014399999999999999 
 04/03  10:20:00,9.486666666666667,91.66666666666667,4.75,269.3333333333333,92.16666666666667,0.0,0.0,0.0,0.0,0.0,0.0,0.0,0.0,0.0,0.0,1836.0,0.0,532.9408163820123,89.48070622242045,229.29162403717738,15.980293419025104,425.3378960296118,0.0,89.48070622242041,122.3269093637781,0.0,0.0,19.325795319914464,-8.770433489513835,19.68686762157207,-210.57695079883093,19.369511373018736,-103.09791665720968,19.466568445115379,-84.12024524841627,17.413038658780079,4.977898880337264,19.026164513998294,-86.00251949506299,18.03106294423686,26.587234318360517,17.65204933440528,-15.85876109273778,17.5994488852359,-91.76692977275434,255.07090168238984,303.1045460955031,0.0,0.0,0.0,0.0,0.0,0.0,0.0,0.0,0.0,0.0,0.0,0.0,0.0,0.0,0.0,0.0,0.0,0.0,0.0,0.0,0.0,0.0,0.9295555047210791,0.2837471015632109,140.45606823604653,164.5694309592085,2742.3808982972425,0.17056147797151467,0.026031971607374035,86.6782624916847,101.47626464548222,1701.8694059059113,1.5580430780152464,0.29441479176403,84.70237904336352,99.17402338013733,1669.5597360897382,0.17631227777047416,0.03331675694831332,73.99191874619842,86.64205622612212,1440.6104202251734,0.0,0.0,6.227995758338289,7.3419366591475569,99.03885354645884,0.0,0.0,53.580213597757857,62.858609433794,998.3615420886961,0.0,0.0,195.9354024390942,230.46289058721664,3366.427888790593,0.0,0.0,10.300696562509128,12.132917905860897,169.1350531046441,0.0,0.0,114.02209712660383,134.44736414663539,1798.63070710363,23.876239788399908,16.376021802743428,137.6031842880335,161.6256504101991,2838.4174064187398,0.0,0.0,118.8835810731762,140.44194401084077,1754.2311081915878,0.0,19.27545024033673,48.657522515213219,22.0,30.0,0.0,19.38198430267903,48.28746351618719,16.0,30.0,0.0,19.268932509628607,48.72446885745629,22.0,30.0,0.0,19.284618389900645,48.658892089158047,16.0,30.0,0.0,17.442900626998047,55.112180864758,12.0,30.0,0.0,18.85844384414638,50.30574204510967,16.0,30.0,0.0,18.104254452391147,52.68052018607909,10.0,30.0,0.0,17.70947423232816,54.25515966940716,12.0,30.0,0.0,17.37697076098663,55.233540633872298,12.0,30.0,0.0,18.317115919379569,0.0,0.0,0.0,16.839204946172268,0.0,0.0,556.7203937142374,536.746079633759,563.4229126380769,559.9911073800959,645.3593073609163,623.9459726906059,614.3547163294288,647.8252996226868,626.977546295082,0.0,83.1348505763963,83.1348505763963,60.0,0.0,60.0,60.0,16.0,16.0,16.0,12.0,12.0,12.0,21.0,10.0,0.0,0.0,0.0,0.0,0.0,0.0,0.0,0.0,0.0,0.0,0.0,0.0,0.0,83.1348505763963,83.1348505763963,0.0,0.0,0.0,83.1348505763963,0.0,0.0,0.0013900000000000002 
 04/03  10:30:00,9.684999999999999,91.0,4.775,283.0,103.0,0.0,0.0,0.0,0.0,0.0,0.0,0.0,0.0,0.0,0.0,918.0,0.0,587.6766698305081,93.68696296841046,240.07007493059008,17.62154179397417,469.0222199404734,0.0,93.68696296841041,128.07718123186687,0.0,0.0,19.262929831543486,-4.678111350297513,19.69140215387162,-183.80175223221205,19.335077308240018,-4.016256628806332,19.416226161614526,-149.18371665246014,17.41342982999575,4.885800639521676,19.06857282729444,-87.71708601699607,18.028985981595136,28.235081132498637,17.580554248553356,-15.250482645260718,17.62832148619232,-99.8933423290996,258.24393752585459,272.8602412053442,0.0,0.0,0.0,0.0,0.0,0.0,0.0,0.0,0.0,0.0,0.0,0.0,0.0,0.0,0.0,0.0,0.0,0.0,0.0,0.0,0.0,0.0,0.9167165781744026,0.2798280153157517,108.82662867476457,127.16847066329096,2074.505225029722,0.16312615491564565,0.02489715429115471,98.71513627775146,115.29920285265823,1895.1024569876007,1.6278833100287773,0.30761211451790967,150.05402122918594,175.3158843695837,2880.2223323596329,0.17012340363042453,0.03214727959758588,90.83131098852533,106.14826627270659,1716.2979363644682,0.0,0.0,6.156953723027181,7.237878084715032,95.559609778746,0.0,0.0,53.38545104604816,62.44933421683841,977.3269561921824,0.0,0.0,194.1470310899244,227.7170033564653,3263.7383946135989,0.0,0.0,11.151393768076505,13.101824637736455,176.56989571121953,0.0,0.0,111.74767678773033,131.37871959468414,1729.771257017892,23.224507182289544,15.929017271803533,159.28313607926035,186.65727343124795,3155.3129053552936,0.0,0.0,117.46897940990204,138.32728434753478,1715.1651056810779,0.0,19.219273273397009,48.83953000252753,22.0,30.0,0.0,19.356395589072958,48.40488243110586,16.0,30.0,0.0,19.263766653783877,48.75037423436289,22.0,30.0,0.0,19.19678193605076,48.91170291521768,16.0,30.0,0.0,17.446799080832613,55.03591830537101,12.0,30.0,0.0,18.889734015442586,50.155831115339349,16.0,30.0,0.0,18.113103565118175,52.621004210747368,10.0,30.0,0.0,17.608315171514563,54.493462823006527,12.0,30.0,0.0,17.425524641373938,55.00390340795995,12.0,30.0,0.0,18.389632821649824,0.0,0.0,0.0,16.96014743308596,0.0,0.0,545.3476500528182,537.5461578088097,565.7502732786418,543.6009362819345,635.1621500684556,614.9865665395772,607.267388177521,633.8984407306825,617.9679314896758,0.0,83.1348505763963,83.1348505763963,60.0,0.0,60.0,60.0,16.0,16.0,16.0,12.0,12.0,12.0,21.0,10.0,0.0,0.0,0.0,0.0,0.0,0.0,0.0,0.0,0.0,0.0,0.0,0.0,0.0,83.1348505763963,83.1348505763963,0.0,0.0,0.0,83.1348505763963,0.0,0.0,0.0013399999999999999 
 04/03  10:40:00,9.883333333333333,90.33333333333333,4.8,280.5,130.33333333333335,0.0,0.0,0.0,0.0,0.0,0.0,0.0,0.0,0.0,0.0,918.0,0.0,671.7782550050681,94.00111599337912,240.87518797682666,20.143300174576046,536.1429433086862,0.0,94.00111599337906,128.5066522344333,0.0,0.0,19.21847938391933,6.574285593128479,19.723614443657618,-209.63680333477124,19.23982869687378,-120.3056573318313,19.448239886118416,-23.83814295321872,17.418626421441954,5.01665249456363,19.131861470300259,-91.76981335298001,18.026072641627509,31.08999805782514,17.52979737979102,-13.810937624094322,17.65529896974318,-82.37591916846213,252.15750361595657,240.64460567256357,0.0,0.0,0.0,0.0,0.0,0.0,0.0,0.0,0.0,0.0,0.0,0.0,0.0,0.0,0.0,0.0,0.0,0.0,0.0,0.0,0.0,0.0,0.8865830069211437,0.2706297334924126,136.18067466843329,159.1434986795904,2530.4081275123,0.15715439977627453,0.02398571425156815,109.55925526660205,127.96451077512438,2058.32267472059,1.5948352214100746,0.30136719981293938,89.90699566606799,105.09368168827048,1675.8688822647619,0.17511393913314553,0.033090313517223256,79.93248618907464,93.37815280678642,1494.1551309105249,0.0,0.0,6.080361554361353,7.147558375261634,92.07630844010582,0.0,0.0,54.26886072008949,63.472486877229858,976.7744497467309,0.0,0.0,192.174119442298,225.39623399933309,3156.8549651700616,0.0,0.0,12.664996320506953,14.883336603618226,193.9929561279764,0.0,0.0,108.04112395383803,126.99856192114764,1639.8102739328452,22.606029501445094,15.504821331581003,162.1023354853583,189.93303079575353,3133.345022260476,0.0,0.0,115.51823554021232,135.96949393937968,1669.3675587099238,0.0,19.19383371999151,48.93731944817816,22.0,30.0,0.0,19.3498921772234,48.4757249433198,16.0,30.0,0.0,19.117797933935479,49.20321189912905,22.0,30.0,0.0,19.293273949649064,48.673005667852027,16.0,30.0,0.0,17.456261149791247,54.96095105812678,12.0,30.0,0.0,18.934278336284135,49.98763174197905,16.0,30.0,0.0,18.118925462917948,52.57597830819538,10.0,30.0,0.0,17.545906717482266,54.64076935100755,12.0,30.0,0.0,17.474008385617578,54.809781660814618,12.0,30.0,0.0,18.425668494889263,0.0,0.0,0.0,17.086712482273016,0.0,0.0,547.3426976631452,531.8128603742256,536.5398236815465,566.5809368658204,627.9646038363376,608.5651415478336,601.1435015439004,624.5815331964616,613.2434673533614,0.0,83.1348505763963,83.1348505763963,60.0,0.0,60.0,60.0,16.0,16.0,16.0,12.0,12.0,12.0,21.0,10.0,0.0,0.0,0.0,0.0,0.0,0.0,0.0,0.0,0.0,0.0,0.0,0.0,0.0,83.1348505763963,83.1348505763963,0.0,0.0,0.0,83.1348505763963,0.0,0.0,0.00129 
 04/03  10:50:00,10.081666666666667,89.66666666666667,4.825,278.0,157.66666666666667,0.0,0.0,0.0,0.0,0.0,0.0,0.0,0.0,0.0,0.0,918.0,0.0,729.5428565471766,94.7283268978328,242.73874151066756,21.875358391904677,582.2444167810384,0.0,94.72832689783275,129.50080467413734,0.0,0.0,19.18158688470222,14.271234880760858,19.753728929539798,-235.67838928231869,19.251349062744489,7.893471119058631,19.369138311740135,-173.95747461260818,17.424821212702456,5.183939226183753,19.199206731539939,-97.80110831261755,18.030463563403545,37.4304871530112,17.488803494737938,-11.271149888059142,17.68832722548848,-65.32643954688274,262.354970103519,205.66101155999787,0.0,0.0,0.0,0.0,0.0,0.0,0.0,0.0,0.0,0.0,0.0,0.0,0.0,0.0,0.0,0.0,0.0,0.0,0.0,0.0,0.0,0.0,0.8908497451831751,0.27193215664932088,137.74700800275046,160.98000698465737,2500.0946416267368,0.1506683850157252,0.022995785258810319,129.30191113106086,151.02478077779288,2375.486925794905,1.6733540266075729,0.31620446458948855,181.81440865789643,212.4640991211815,3316.55380698558,0.16001217839114643,0.03023661723188707,118.07458120431942,138.00838507457446,2122.7838436987947,0.0,0.0,6.035310334102446,7.094267368094916,89.13957636930347,0.0,0.0,55.65974684857079,65.08693436760665,985.5144049212051,0.0,0.0,189.3147779823916,222.02576579741655,3041.932616648216,0.0,0.0,14.03626778142138,16.497410590647229,208.1509353839278,0.0,0.0,102.60822025183428,120.58754405972431,1528.1056468320492,21.960078779937196,15.061782427940468,218.82643321911795,256.3001196750791,4036.641376039429,0.0,0.0,111.94892001650359,131.70781755622924,1601.8468479055965,0.0,19.175910010307807,49.02896999832534,22.0,30.0,0.0,19.341043097290748,48.539588621963009,16.0,30.0,0.0,19.197672119674136,48.96432663173327,22.0,30.0,0.0,19.134631464700335,49.176073935029879,16.0,30.0,0.0,17.467667283351273,54.8837122687741,12.0,30.0,0.0,18.986797239938288,49.798198825298268,16.0,30.0,0.0,18.13748071035613,52.49936494035868,10.0,30.0,0.0,17.498468600742855,54.75198677332512,12.0,30.0,0.0,17.530974505242797,54.58648118801677,12.0,30.0,0.0,18.52673348313614,0.0,0.0,0.0,17.217061433719338,0.0,0.0,537.776019751353,529.7435442221773,560.0917512960442,533.3249869645457,621.131700065472,601.946000969422,597.6991478984091,616.2861590209395,607.5467334961403,0.0,83.1348505763963,83.1348505763963,60.0,0.0,60.0,60.0,16.0,16.0,16.0,12.0,12.0,12.0,21.0,10.0,0.0,0.0,0.0,0.0,0.0,0.0,0.0,0.0,0.0,0.0,0.0,0.0,0.0,83.1348505763963,83.1348505763963,0.0,0.0,0.0,83.1348505763963,0.0,0.0,0.0012666666666666669 
 04/03  11:00:00,10.28,89.0,4.85,275.5,185.0,0.0,0.0,0.0,0.0,0.0,0.0,0.0,0.0,0.0,0.0,918.0,0.0,792.316707840205,95.4497888413423,244.5875659088383,23.75761665561876,632.3437205120089,0.0,95.44978884134226,130.48709784837457,0.0,0.0,19.145836741612457,16.781791794191123,19.818246552165517,-213.8567947376514,19.185732308338144,-83.30779018521344,19.406419459344979,-23.213224111715136,17.43348004098495,5.455773409251776,19.276185339439424,-103.70234124965987,18.040770869449149,44.23651719811551,17.456722398813726,-7.732739903072343,17.725153979983447,-50.1556145888203,225.1990646092927,174.12271203419005,0.0,0.0,0.0,0.0,0.0,0.0,0.0,0.0,0.0,0.0,0.0,0.0,0.0,0.0,0.0,0.0,0.0,0.0,0.0,0.0,0.0,0.0,0.8520952842617133,0.26010234562323367,131.50706739688648,153.69565027239509,2329.189913910472,0.14684019895091877,0.022411507776391755,124.03231650103058,144.8408523564383,2242.008561256272,1.6622924942200559,0.3141142279327393,68.64526262693241,80.24098970802226,1230.122604812948,0.17215494874474197,0.03253116945289908,76.4911888068659,89.37031419515542,1362.2030982131883,0.0,0.0,6.013857412375289,7.068645827425014,86.6079285332899,0.0,0.0,56.72470446401366,66.31787596433817,988.5879541418424,0.0,0.0,186.90115899206854,219.17175456735093,2939.2472624698768,0.0,0.0,15.6827848326867,18.434673393808319,225.3228847190866,0.0,0.0,98.54755056456301,115.78980635659342,1440.3571919445686,21.301598272423854,14.610149706737902,163.46207229299686,191.4902031156438,3002.091607127437,0.0,0.0,108.88837122190339,128.04427512933834,1544.399715529721,0.0,19.153854051643849,49.13111560624388,22.0,30.0,0.0,19.391862803756167,48.43597656143396,16.0,30.0,0.0,19.1012040508145,49.34384069159571,22.0,30.0,0.0,19.242922607455314,48.84186350724785,16.0,30.0,0.0,17.48176227303809,54.80258736255994,12.0,30.0,0.0,19.04680085979081,49.595508816759068,16.0,30.0,0.0,18.16480462706267,52.39727802755014,10.0,30.0,0.0,17.464353694637678,54.827211474997579,12.0,30.0,0.0,17.59213032920576,54.351432673397528,12.0,30.0,0.0,18.4636050891723,0.0,0.0,0.0,17.35607061049307,0.0,0.0,535.7335899270682,527.9861853579569,533.8562182066635,559.8579593375225,615.0871986149049,597.6335807257094,590.8525378230661,608.518463136072,601.9306988011866,0.0,83.1348505763963,83.1348505763963,60.0,0.0,60.0,60.0,16.0,16.0,16.0,12.0,12.0,12.0,21.0,10.0,0.0,0.0,0.0,0.0,0.0,0.0,0.0,0.0,0.0,0.0,0.0,0.0,0.0,83.1348505763963,83.1348505763963,0.0,0.0,0.0,83.1348505763963,0.0,0.0,0.0012433333333333333 
 04/03  11:10:00,10.468333333333334,88.16666666666667,4.91,273.0,212.33333333333338,0.0,0.0,0.0,0.0,0.0,0.0,0.0,0.0,0.0,0.0,918.0,0.0,859.7258889223979,96.16389270613534,246.4175372341213,25.77886307541668,686.1424320700241,0.0,96.1638927061353,131.4633319711555,0.0,0.0,19.135614329963503,38.071531344395229,19.85557915482965,-286.8596442496537,19.189115580357148,3.9867533231172276,19.356902538343677,-142.84052276932926,17.44468994390629,5.750920380938027,19.362206677722214,-109.11778680178304,18.05255186584366,49.392321434050248,17.43239890643909,-2.970491880891359,17.76343494788625,-35.6033522038897,246.01560060736848,144.25954666745975,0.0,0.0,0.0,0.0,0.0,0.0,0.0,0.0,0.0,0.0,0.0,0.0,0.0,0.0,0.0,0.0,0.0,0.0,0.0,0.0,0.0,0.0,0.8607061988046063,0.262730829915936,165.22811998545496,193.08344753427824,2868.476011503278,0.13573594877485516,0.020716719898482166,158.69189139123288,185.31963537463398,2802.4380656654027,1.682410150370585,0.317915750258992,163.14614344209327,190.6684139919496,2838.731716394553,0.15852528749474904,0.029955647674744708,101.97236300351796,119.17729818828458,1756.5606342182128,0.0,0.0,5.954254183759577,6.998045319595972,83.70601399471629,0.0,0.0,57.98364355828051,67.77194254187065,996.6645875594487,0.0,0.0,184.05394333709777,215.80764843984646,2835.162156961115,0.0,0.0,17.236586879373797,20.262259983184288,240.43529389256629,0.0,0.0,94.66556091837387,111.20238204064758,1359.493986379361,20.906307252224104,14.339031037190747,233.03929585117008,272.8747650129618,4090.6836547584246,0.0,0.0,105.89744241239025,124.46121248162815,1492.528572545764,0.0,19.178286933980919,49.09723340626036,22.0,30.0,0.0,19.372772325576486,48.56164370917318,16.0,30.0,0.0,19.153129078940329,49.13887979723929,22.0,30.0,0.0,19.141031315561233,49.26621679038647,16.0,30.0,0.0,17.49854586866091,54.71699815891245,12.0,30.0,0.0,19.116864296117169,49.36631866888416,16.0,30.0,0.0,18.1920563985659,52.2988376011965,10.0,30.0,0.0,17.44249893365229,54.87170299706231,12.0,30.0,0.0,17.6543229871046,54.12126011703467,12.0,30.0,0.0,18.585169818898057,0.0,0.0,0.0,17.50343111217308,0.0,0.0,532.2727445763496,522.7507338777546,551.1255443698902,527.1394520282624,609.0729526010858,590.8317214138714,586.7053406484649,602.5892108737659,597.7191219912932,0.0,83.1348505763963,83.1348505763963,60.0,0.0,60.0,60.0,16.0,16.0,16.0,12.0,12.0,12.0,21.0,10.0,0.0,0.0,0.0,0.0,0.0,0.0,0.0,0.0,0.0,0.0,0.0,0.0,0.0,83.1348505763963,83.1348505763963,0.0,0.0,0.0,83.1348505763963,0.0,0.0,0.00122 
 04/03  11:20:00,10.656666666666667,87.33333333333334,4.97,270.5,239.66666666666667,0.0,0.0,0.0,0.0,0.0,0.0,0.0,0.0,0.0,0.0,918.0,0.0,977.9415980749639,95.87527643948447,245.67809554314699,29.323516625636079,780.4892716356735,0.0,95.87527643948443,131.0687716532725,0.0,0.0,19.10927625381599,32.032442985909259,19.956140105074739,-250.89707100307988,19.173178505176318,-11.303910655873097,19.39542256533709,-14.871982440742159,17.463365814911947,6.127630366484794,19.47457227655714,-118.32960487161063,18.07292653679328,58.53348963694043,17.41538391649503,2.6386938654690086,17.80308368782616,-21.334955862737844,183.50871088894565,115.56581444793255,0.0,0.0,0.0,0.0,0.0,0.0,0.0,0.0,0.0,0.0,0.0,0.0,0.0,0.0,0.0,0.0,0.0,0.0,0.0,0.0,0.0,0.0,0.8326057964814237,0.25415317352912816,151.73510519590773,177.31740045341474,2573.678197368366,0.1346942316733971,0.020557727666879905,145.4253327458262,169.77540066601859,2536.1349080735187,1.6588852986125556,0.31347038900464027,64.0953331913719,74.90532585622735,1107.7071637990767,0.16664763669788447,0.03149048312507264,7.498046843328123,8.759815544928275,130.47583774862546,0.0,0.0,6.010487384748541,7.063378867803658,82.5316136648693,0.0,0.0,59.21273468426482,69.18669460765796,1005.3664457163374,0.0,0.0,182.35767867835507,213.78263530695754,2755.4941670205037,0.0,0.0,18.42496517232222,21.65959943227223,249.69577771375175,0.0,0.0,91.10238505359085,106.99121408871452,1285.2302463439958,20.481908132193664,14.047947964467538,123.75838128688699,144.99056001303044,2222.645620222118,0.0,0.0,102.8440817377234,120.80791751167367,1440.6111387349616,0.0,19.163760030426358,49.205828346901359,22.0,30.0,0.0,19.45201244707035,48.35574169341586,16.0,30.0,0.0,19.15186495163043,49.20846001207143,22.0,30.0,0.0,19.243741353170486,48.95771258142047,16.0,30.0,0.0,17.523668913458935,54.607222499565789,12.0,30.0,0.0,19.2020737820368,49.0976000089172,16.0,30.0,0.0,18.23405810406657,52.15732676174179,10.0,30.0,0.0,17.431609314879354,54.88755127986435,12.0,30.0,0.0,17.71715034498685,53.89406948758237,12.0,30.0,0.0,18.417186177227078,0.0,0.0,0.0,17.652213701852195,0.0,0.0,527.5363590659504,525.2025008253427,536.3361303361143,536.830371934514,603.3814716441789,586.2175947713267,581.642889959295,596.1375954557444,591.8239857142336,0.0,83.1348505763963,83.1348505763963,60.0,0.0,60.0,60.0,16.0,16.0,16.0,12.0,12.0,12.0,21.0,10.0,0.0,0.0,0.0,0.0,0.0,0.0,0.0,0.0,0.0,0.0,0.0,0.0,0.0,83.1348505763963,83.1348505763963,0.0,0.0,0.0,83.1348505763963,0.0,0.0,0.0012000000000000002 
 04/03  11:30:00,10.844999999999999,86.5,5.029999999999999,268.0,267.0,0.0,0.0,0.0,0.0,0.0,0.0,0.0,0.0,0.0,0.0,918.0,0.0,1055.9951434243886,96.46102114089574,247.1791548887566,31.663928873301239,842.7831340989005,0.0,96.4610211408957,131.86952906819216,0.0,0.0,19.111256759675933,53.56916700968395,20.01601679822665,-338.3496491773358,19.161724082774247,0.27509338204072267,19.352590755338704,-132.54286822131508,17.48314184533291,6.507947632560644,19.589188350033028,-126.27909477249023,18.09250895659048,63.56710939133791,17.405384179577668,8.626194851338369,17.84421785699145,-8.458942836198276,233.9693179938604,90.32349069082147,0.0,0.0,0.0,0.0,0.0,0.0,0.0,0.0,0.0,0.0,0.0,0.0,0.0,0.0,0.0,0.0,0.0,0.0,0.0,0.0,0.0,0.0,0.8066396449441466,0.24622699784619862,171.19438511577037,200.02412925934793,2850.234666633847,0.12497409863942763,0.01907419087903352,165.82838206401775,193.59098757942827,2827.1924235969065,1.6882939995351097,0.31902758872545547,95.44988027346384,111.54123822511554,1601.3598782483755,0.15664898342023465,0.029601092860966479,88.64579049226502,103.59056069486268,1462.8161220828827,0.0,0.0,5.97089179921977,7.016036035479371,80.06129875913403,0.0,0.0,60.7293017067096,70.93392946821713,1019.5169580174077,0.0,0.0,180.8252836843198,211.95373204156076,2677.4400748017185,0.0,0.0,19.485537328112025,22.905960051088849,256.69085210732626,0.0,0.0,88.5799932037652,104.00402246538417,1227.1834040949898,20.134490704613176,13.809664406456229,227.55153302441833,266.3800209830476,3831.045613066601,0.0,0.0,100.96134556700079,118.528663938348,1407.5042356575144,0.0,19.20305218751939,49.11553226248543,22.0,30.0,0.0,19.444780607242906,48.45827290206913,16.0,30.0,0.0,19.158572428895899,49.2405066946168,22.0,30.0,0.0,19.15196546575345,49.34038742936606,16.0,30.0,0.0,17.550935999676935,54.495172208523,12.0,30.0,0.0,19.297002572217428,48.804660293605518,16.0,30.0,0.0,18.270839095713549,52.043103086542469,10.0,30.0,0.0,17.43019486002401,54.877398429539869,12.0,30.0,0.0,17.779864058971957,53.67226200802705,12.0,30.0,0.0,18.64088592735712,0.0,0.0,0.0,17.81107105630936,0.0,0.0,528.794960152232,524.690826853952,537.2228175101444,528.1636549749445,597.9380950381818,581.0048774226763,576.7767891729612,590.7261791776681,587.2080066357135,0.0,83.1348505763963,83.1348505763963,60.0,0.0,60.0,60.0,16.0,16.0,16.0,12.0,12.0,12.0,21.0,10.0,0.0,0.0,0.0,0.0,0.0,0.0,0.0,0.0,0.0,0.0,0.0,0.0,0.0,83.1348505763963,83.1348505763963,0.0,0.0,0.0,83.1348505763963,0.0,0.0,0.00118 
 04/03  11:40:00,11.033333333333334,85.66666666666667,5.09,266.8333333333333,263.3333333333333,0.0,0.0,0.0,0.0,0.0,0.0,0.0,0.0,0.0,0.0,918.0,0.0,1081.4621557407655,96.00510880907251,246.01088646966412,32.42754109090158,863.1080443430594,0.0,96.00510880907247,131.24626234570852,0.0,0.0,19.097423012150935,51.10652378555096,20.101167788828325,-290.0504574200113,19.142294398038616,-6.487959850081552,19.39086691162528,-13.000343865266757,17.500176103979024,7.063072607347948,19.685814932752125,-135.98576624216595,18.1204641184133,73.26078236424473,17.401328204217984,15.15897321478485,17.886434285639689,4.698865974056844,184.3464080482072,65.7340085519213,0.0,0.0,0.0,0.0,0.0,0.0,0.0,0.0,0.0,0.0,0.0,0.0,0.0,0.0,0.0,0.0,0.0,0.0,0.0,0.0,0.0,0.0,0.8038217746830956,0.24536684208885704,168.8733689895948,197.3041987443416,2748.1260290904795,0.12203578203606622,0.018625729858984469,163.87041203672636,191.244083092977,2759.862272770974,1.671094294378761,0.3157774554759565,77.80738333670858,90.92526762511736,1278.622365307787,0.16387076172023402,0.03096575240367233,7.592968432457567,8.869894657338339,126.33590615660582,0.0,0.0,6.032999006478139,7.088271749916398,78.90694230965738,0.0,0.0,62.41890139439768,72.8838285735099,1034.9996087225064,0.0,0.0,180.15864485802585,211.1297107570231,2617.9704932956776,0.0,0.0,20.33632981718747,23.90495307319365,260.533625033194,0.0,0.0,85.94907202160701,100.89045954982078,1169.0883546033813,19.685757024974337,13.501890963631237,143.0083342063148,167.46728079811826,2419.8833400614159,0.0,0.0,98.68019257580699,115.78610740556326,1368.26264397681,0.0,19.202422636697749,49.19425592035257,22.0,30.0,0.0,19.5313820188757,48.1901679496774,16.0,30.0,0.0,19.146101827974964,49.316965880213988,22.0,30.0,0.0,19.24958597570853,49.03204657490776,16.0,30.0,0.0,17.57471863039315,54.40106978736628,12.0,30.0,0.0,19.383862000317035,48.54774251673775,16.0,30.0,0.0,18.322174358812288,51.8767004792724,10.0,30.0,0.0,17.437217333330968,54.844254650940509,12.0,30.0,0.0,17.8434028835543,53.45419998064905,12.0,30.0,0.0,18.527572029362756,0.0,0.0,0.0,17.965411102124166,0.0,0.0,528.0415116472836,522.4730122647005,530.7134782911564,535.4434460329406,592.600909137262,576.2003017413983,573.0894730760439,585.4812514055395,582.3231128208673,0.0,83.1348505763963,83.1348505763963,60.0,0.0,60.0,60.0,16.0,16.0,16.0,12.0,12.0,12.0,21.0,10.0,0.0,0.0,0.0,0.0,0.0,0.0,0.0,0.0,0.0,0.0,0.0,0.0,0.0,83.1348505763963,83.1348505763963,0.0,0.0,0.0,83.1348505763963,0.0,0.0,0.0011599999999999998 
 04/03  11:50:00,11.221666666666668,84.83333333333333,5.15,265.6666666666667,259.6666666666667,0.0,0.0,0.0,0.0,0.0,0.0,0.0,0.0,0.0,0.0,918.0,0.0,1104.5552972822609,95.54025857518235,244.81971284401346,33.11997370127975,881.538390929212,0.0,95.5402585751823,130.61077683347455,0.0,0.0,19.111909967079485,74.54319841341021,20.140388956128925,-370.0792316048155,19.13283467917852,8.534042321768539,19.3605438411714,-111.57035774465067,17.516878889789518,7.616421988595931,19.77828773462241,-141.60541339068778,18.145513087018054,77.53632780554654,17.402444042400675,21.64841282255952,17.929454559346899,16.496593878862315,221.68644111386676,45.702374853158747,0.0,0.0,0.0,0.0,0.0,0.0,0.0,0.0,0.0,0.0,0.0,0.0,0.0,0.0,0.0,0.0,0.0,0.0,0.0,0.0,0.0,0.0,0.8030708975470071,0.24513763661386055,192.10406323388845,224.39918314824684,3072.3170626891476,0.11176776744715632,0.017058572565194799,187.98100463563098,219.37999754279418,3091.017200226553,1.6832839450343434,0.31808086640860619,160.98507011988978,188.1149365186413,2558.2387737119477,0.1548697921137152,0.029264888910377017,83.99693624511214,98.14071503875806,1328.2203794151367,0.0,0.0,5.989693482395894,7.036689239958143,76.34845429215226,0.0,0.0,63.660652464761877,74.31035802371588,1042.1812127028534,0.0,0.0,179.10873135677987,209.8631251543171,2550.1068549419594,0.0,0.0,21.10281030543959,24.804138797452567,262.9842508025606,0.0,0.0,84.31078820884727,98.94331627278862,1125.518228071975,19.31483303197151,13.2474849327651,245.73344797356593,287.5750061909276,3936.9910116958237,0.0,0.0,97.53134279046202,114.37528322581413,1344.6158203697626,0.0,19.256306057332137,49.02253990627264,22.0,30.0,0.0,19.519656634747795,48.33194101967592,16.0,30.0,0.0,19.15271004754746,49.34959382936013,22.0,30.0,0.0,19.182202310187014,49.341093594578378,16.0,30.0,0.0,17.59681754436725,54.31678632503233,12.0,30.0,0.0,19.468449045825204,48.29444762472378,16.0,30.0,0.0,18.363953078268339,51.75742346093859,10.0,30.0,0.0,17.450868183408795,54.796793598947797,12.0,30.0,0.0,17.906558678849824,53.245033579004878,12.0,30.0,0.0,18.71074621849216,0.0,0.0,0.0,18.11778726576202,0.0,0.0,525.242115268478,519.8063391623105,532.3363937550072,523.539838066455,587.6752166845663,572.0105776163757,569.470929721158,580.3871923530921,577.6604877519939,0.0,83.1348505763963,83.1348505763963,60.0,0.0,60.0,60.0,16.0,16.0,16.0,12.0,12.0,12.0,21.0,10.0,0.0,0.0,0.0,0.0,0.0,0.0,0.0,0.0,0.0,0.0,0.0,0.0,0.0,83.1348505763963,83.1348505763963,0.0,0.0,0.0,83.1348505763963,0.0,0.0,0.0011466666666666668 
 04/03  12:00:00,11.41,84.0,5.21,264.5,256.0,0.0,0.0,0.0,0.0,0.0,0.0,0.0,0.0,0.0,0.0,918.0,0.0,1125.3265526992737,95.06830597591817,243.61033755220766,33.74278544864706,898.1156623591622,0.0,95.06830597591812,129.96558184931019,0.0,0.0,19.10086644820919,65.7224381442511,20.223358493163276,-312.2450736183664,19.11965586056369,7.5905326052024979,19.384234376256978,-32.241257449589969,17.533862711500306,8.27517841554996,19.86643004894873,-149.3364434146447,18.177350937331235,86.27654787409665,17.408056032434865,28.123197251471085,17.972873758338446,27.224561970340348,185.37894418384622,26.771280028648108,0.0,0.0,0.0,0.0,0.0,0.0,0.0,0.0,0.0,0.0,0.0,0.0,0.0,0.0,0.0,0.0,0.0,0.0,0.0,0.0,0.0,0.0,0.7761090017442353,0.2369075096899375,178.55212672096219,208.56246590350907,2787.309027333434,0.11122901983837826,0.016976346129178613,174.46652505435163,203.53977573502955,2834.6961497131208,1.713324407130148,0.32375744654764718,130.03841601473429,151.95052361334903,2021.6486091104756,0.16146204085271585,0.03051058973029399,29.32077139066797,34.24994123289266,457.8458636113956,0.0,0.0,6.067252255742491,7.127098493680048,75.31337463310143,0.0,0.0,64.75275940717171,75.56259046027063,1045.7140488899575,0.0,0.0,178.5564094963236,209.1721769247324,2493.8917027525528,0.0,0.0,21.776845916053824,25.594055084744,264.013082794328,0.0,0.0,82.12803992748394,96.35860832354557,1075.5034611414677,18.869035192208274,12.941725097536543,173.93937906657798,203.5944053162978,2766.6298255134499,0.0,0.0,95.61152819156617,112.06722767459596,1308.112601513877,0.0,19.251201433785526,49.1402591011615,22.0,30.0,0.0,19.611760251277827,48.03779246706829,16.0,30.0,0.0,19.148219661092978,49.391345044217789,22.0,30.0,0.0,19.244205559112893,49.13212278457163,16.0,30.0,0.0,17.61838937999148,54.2402966668322,12.0,30.0,0.0,19.547285682058108,48.074602118471478,16.0,30.0,0.0,18.417506007102646,51.584456313306429,10.0,30.0,0.0,17.469981158456965,54.73176862885188,12.0,30.0,0.0,17.968769291424139,53.0408939398338,12.0,30.0,0.0,18.643304874015038,0.0,0.0,0.0,18.25680587414125,0.0,0.0,522.7656072171083,521.9323084447142,525.6608298767498,527.9892927931363,583.0374149379702,568.3632571511258,565.118284602095,576.0240865287899,573.7496032477114,0.0,83.1348505763963,83.1348505763963,60.0,0.0,60.0,60.0,16.0,16.0,16.0,12.0,12.0,12.0,21.0,10.0,0.0,0.0,0.0,0.0,0.0,0.0,0.0,0.0,0.0,0.0,0.0,0.0,0.0,83.1348505763963,83.1348505763963,0.0,0.0,0.0,83.1348505763963,0.0,0.0,0.0011333333333333333 
 04/03  12:10:00,11.510000000000002,83.5,5.243333333333333,263.33333333333339,252.33333333333332,0.0,0.0,0.0,0.0,0.0,0.0,0.0,0.0,0.0,0.0,918.0,0.0,1143.8239079649023,94.59069886440061,242.38647072180778,34.29741517964053,912.8781558418889,0.0,94.59069886440057,129.31265671820004,0.0,0.0,19.12299368697267,90.92354044692638,20.26497079222942,-383.6821154476047,19.112383700253436,17.221715771444907,19.36950474684358,-87.18655000655599,17.551330889694108,8.853854283410044,19.9527531774827,-153.53880608126293,18.205084982125564,89.21348594511983,17.4169495644066,34.03596045054496,18.015954867139514,36.362426025770677,209.8893064001677,12.031866868666384,0.0,0.0,0.0,0.0,0.0,0.0,0.0,0.0,0.0,0.0,0.0,0.0,0.0,0.0,0.0,0.0,0.0,0.0,0.0,0.0,0.0,0.0,0.7759947181048773,0.23687262457413839,202.89903993142299,236.95072536819556,3149.4002203499978,0.09928043348235798,0.015152691312936199,199.917710027121,233.22654127172724,3207.79469297968,1.709270250719446,0.32299135501123329,176.02179751655417,205.67348291344397,2693.9690310836906,0.1568650368162159,0.02964191927744064,75.75549090867202,88.49861033963704,1158.9676691193998,0.0,0.0,6.0334505121081849,7.08681096583747,73.94243471964139,0.0,0.0,65.71520343149045,76.66441190921411,1058.174795719648,0.0,0.0,177.5719616675017,207.98550085339509,2459.4896929211615,0.0,0.0,22.340025226378697,26.253635090391925,267.36730602820856,0.0,0.0,80.86963720651228,94.8615049318111,1052.3911841358989,18.80253113677671,12.896111890793359,249.56563709351247,292.00067227846366,3855.1677062956666,0.0,0.0,94.76841034658091,111.02766490772516,1302.0090880204364,0.0,19.312434662453904,48.93752184274934,22.0,30.0,0.0,19.610801542463656,48.12179680686835,16.0,30.0,0.0,19.154169706554528,49.43554673312202,22.0,30.0,0.0,19.210960341253654,49.31301761452754,16.0,30.0,0.0,17.63975700992109,54.16732986496172,12.0,30.0,0.0,19.62584182089796,47.84414960818673,16.0,30.0,0.0,18.460044451599975,51.47632632491978,10.0,30.0,0.0,17.492500658676574,54.66518534011542,12.0,30.0,0.0,18.028960239124755,52.85209110256069,12.0,30.0,0.0,18.754227394734558,0.0,0.0,0.0,18.388821744964049,0.0,0.0,524.0821401516375,519.7728618826949,525.448873555215,523.0098158224732,578.5575148386486,564.1353356183762,561.8579178759352,572.0867233586852,569.974359284853,0.0,83.1348505763963,83.1348505763963,60.0,0.0,60.0,60.0,16.0,16.0,16.0,12.0,12.0,12.0,21.0,10.0,0.0,0.0,0.0,0.0,0.0,0.0,0.0,0.0,0.0,0.0,0.0,0.0,0.0,83.1348505763963,83.1348505763963,0.0,0.0,0.0,83.1348505763963,0.0,0.0,0.00112 
 04/03  12:20:00,11.61,83.0,5.276666666666667,262.16666666666665,248.66666666666669,0.0,0.0,0.0,0.0,0.0,0.0,0.0,0.0,0.0,0.0,918.0,0.0,1160.0925739844068,94.10850476163343,241.15084790494613,34.78521853256772,925.8619538422447,0.0,94.10850476163339,128.65346082229,0.0,0.0,19.119514090708166,82.64982077589139,20.33644779394411,-345.12161430225299,19.107561489424954,23.805826428852926,19.382007113205697,-46.27584475725553,17.56968181682916,9.536308994962127,20.0355246653883,-160.2738077678655,18.239167077731638,96.97525392245461,17.428715549143374,39.73431579090436,18.058255421843577,44.03024426897082,190.7253249290152,-2.284059415922002,0.0,0.0,0.0,0.0,0.0,0.0,0.0,0.0,0.0,0.0,0.0,0.0,0.0,0.0,0.0,0.0,0.0,0.0,0.0,0.0,0.0,0.0,0.7524151855371642,0.22967496506018446,190.07062896778397,221.9617771215516,2913.693476759191,0.09988787880160953,0.015245402747498404,186.98913360971495,218.08733799755493,2989.8152856668996,1.7260201599384624,0.32615649280772165,166.15528120037298,194.13716522750313,2513.9923619474909,0.1617976165428286,0.030574001614291109,45.78531955099966,53.48052791167323,695.304534034241,0.0,0.0,6.13772910166253,7.208680059436423,74.25971496378092,0.0,0.0,66.584847170456,77.6582565479965,1068.450237928079,0.0,0.0,177.32178092069288,207.65183208958616,2439.4616617808858,0.0,0.0,22.88700624729615,26.893833271054015,270.4797071743578,0.0,0.0,79.05325620140586,92.71159065007513,1021.8576237444517,18.711537466400153,12.833701965980904,204.92875099406067,239.80048972953169,3151.3384130756419,0.0,0.0,93.23267348231845,109.18161978833021,1284.2575507609818,0.0,19.31471734809449,49.008981725012507,22.0,30.0,0.0,19.684138526415479,47.90457795834698,16.0,30.0,0.0,19.16224109577227,49.42727204649432,22.0,30.0,0.0,19.244032080561817,49.21231923077587,16.0,30.0,0.0,17.661703324822576,54.09899563169594,12.0,30.0,0.0,19.69965399489261,47.65043677214733,16.0,30.0,0.0,18.514377709640884,51.305378218748909,10.0,30.0,0.0,17.51779682626193,54.584417213799309,12.0,30.0,0.0,18.086452263789498,52.670206552061717,12.0,30.0,0.0,18.715212930455,0.0,0.0,0.0,18.50982017158458,0.0,0.0,522.0434005863849,517.6254404751923,524.1801989851991,522.6763047595526,574.2813788577241,560.8320601218209,558.7193541946181,567.9090186004593,565.9689286013037,0.0,83.1348505763963,83.1348505763963,60.0,0.0,60.0,60.0,16.0,16.0,16.0,12.0,12.0,12.0,21.0,10.0,0.0,0.0,0.0,0.0,0.0,0.0,0.0,0.0,0.0,0.0,0.0,0.0,0.0,83.1348505763963,83.1348505763963,0.0,0.0,0.0,83.1348505763963,0.0,0.0,0.0011366666666666665 
 04/03  12:30:00,11.71,82.5,5.3100000000000009,261.0,245.0,0.0,0.0,0.0,0.0,0.0,0.0,0.0,0.0,0.0,0.0,918.0,0.0,1174.177173964446,93.62242027713768,239.90525421788537,35.20753352447998,937.1026697956284,0.0,93.62242027713764,127.9889464796087,0.0,0.0,19.140814777421864,101.81091235864096,20.37807733562279,-397.49502280266918,19.103436772432219,27.91576682826144,19.380238165069117,-66.41716289563147,17.588771623980127,10.09719884241207,20.11690947774546,-163.84691053652615,18.268495184264898,99.20569297556631,17.442586643345427,44.84185806088908,18.100055123148814,51.265571702570927,201.63116994010853,-13.382169185767907,0.0,0.0,0.0,0.0,0.0,0.0,0.0,0.0,0.0,0.0,0.0,0.0,0.0,0.0,0.0,0.0,0.0,0.0,0.0,0.0,0.0,0.0,0.7481338839258817,0.22836809643647183,207.5134036152656,242.2858167047918,3159.6207796002515,0.08943084727069328,0.013649396714086278,205.37489005026195,239.51957061869906,3245.601976200347,1.7173627238957026,0.3245205449538366,183.06701702431128,213.88736697129088,2733.0117966987506,0.1595200165969637,0.030143616136992375,62.907625798186497,73.4803496268375,941.2377409740325,0.0,0.0,6.112240085965889,7.178124261528545,72.99745917286436,0.0,0.0,67.3305236371637,78.50731636191803,1076.6635620320888,0.0,0.0,176.88127490343363,207.10288366633476,2412.7658050479828,0.0,0.0,23.310104258448555,27.388134443741948,272.05084940694669,0.0,0.0,78.47790221124378,92.01807793504028,1007.2993099804838,18.637600841296224,12.782990974825946,241.95461917947285,283.0624214206775,3652.2280800377136,0.0,0.0,92.96843532498223,108.8279238624227,1282.9843078151778,0.0,19.36683713243248,48.852848399857339,22.0,30.0,0.0,19.691236865124794,47.94447700764005,16.0,30.0,0.0,19.169360322898198,49.45854056073994,22.0,30.0,0.0,19.238800734981564,49.28496868955533,16.0,30.0,0.0,17.683874267742917,54.030833239976988,12.0,30.0,0.0,19.773591761405326,47.43970753968084,16.0,30.0,0.0,18.55669297751304,51.19806250545644,10.0,30.0,0.0,17.544577297048453,54.51224034305788,12.0,30.0,0.0,18.142120856902609,52.50572957108178,12.0,30.0,0.0,18.77851673891885,0.0,0.0,0.0,18.625445919364116,0.0,0.0,519.5865270836415,516.4896069143549,522.564071923195,519.9948435245972,570.319227491052,557.4787019362684,555.5631658963614,564.2205139435348,562.5236191650095,0.0,83.1348505763963,83.1348505763963,60.0,0.0,60.0,60.0,16.0,16.0,16.0,12.0,12.0,12.0,21.0,10.0,0.0,0.0,0.0,0.0,0.0,0.0,0.0,0.0,0.0,0.0,0.0,0.0,0.0,83.1348505763963,83.1348505763963,0.0,0.0,0.0,83.1348505763963,0.0,0.0,0.0011533333333333333 
 04/03  12:40:00,11.809999999999999,82.0,5.343333333333334,251.16666666666667,254.83333333333335,0.0,0.0,0.0,0.0,0.0,0.0,0.0,0.0,0.0,0.0,918.0,0.0,1197.479218422087,91.39803402912782,234.2053605410831,35.906228809527338,955.6997267504055,0.0,91.39803402912776,124.94804183728303,0.0,0.0,19.14304755975127,96.06911690524521,20.445248059763409,-377.24903150826597,19.10315527135598,37.93231704810205,19.386675921327606,-49.190612535871199,17.609742193086146,10.704771414399602,20.20194697558609,-170.38339959817314,18.302724443674046,105.42637276878577,17.457579710340356,49.770955438284207,18.139830622543437,57.11177954890172,189.7630314205253,-24.412672654408199,0.0,0.0,0.0,0.0,0.0,0.0,0.0,0.0,0.0,0.0,0.0,0.0,0.0,0.0,0.0,0.0,0.0,0.0,0.0,0.0,0.0,0.0,0.7276985538318587,0.22213020568738058,197.9978353753629,231.1645116268321,2978.5387787316919,0.08959423991270702,0.013674334541011449,195.78691893957334,228.28928168182589,3077.517543774468,1.726791487702764,0.326302246353508,185.2743557859365,216.45361240596166,2733.565775986586,0.16164149335712903,0.030544499878520215,51.161499709200608,59.75559312568198,757.6411775432439,0.0,0.0,6.194773662949658,7.274376352171962,73.03564866009084,0.0,0.0,68.09795802781241,79.38105706505705,1085.1002031636973,0.0,0.0,176.65459478232808,206.79899386490264,2392.0409217805688,0.0,0.0,23.716350665184217,27.86248514196005,273.34964166089977,0.0,0.0,77.03040961296158,90.30357333385386,981.2472683056246,18.55899355300805,12.729076510979463,219.29381846996513,256.5594266518403,3279.4878553471105,0.0,0.0,91.73626411773121,107.34508971974006,1266.5939435181027,0.0,19.374585312256028,48.88870642238646,22.0,30.0,0.0,19.749976381136169,47.779911160110099,16.0,30.0,0.0,19.18278702018905,49.43607680437941,22.0,30.0,0.0,19.257476619944986,49.239710662836959,16.0,30.0,0.0,17.707623486723347,53.96211125514898,12.0,30.0,0.0,19.84720176853853,47.2482932384376,16.0,30.0,0.0,18.60768135814676,51.04751628065989,10.0,30.0,0.0,17.57234424730875,54.42884212007606,12.0,30.0,0.0,18.194548182202259,52.34595096956186,12.0,30.0,0.0,18.763717779032729,0.0,0.0,0.0,18.73139375380365,0.0,0.0,518.4554769358908,516.3600512922637,520.030445373034,520.0855436987095,566.5345279208775,554.4188237178362,552.1899017850039,560.8515133345579,559.309131318918,0.0,83.1348505763963,83.1348505763963,60.0,0.0,60.0,60.0,16.0,16.0,16.0,12.0,12.0,12.0,21.0,10.0,0.0,0.0,0.0,0.0,0.0,0.0,0.0,0.0,0.0,0.0,0.0,0.0,0.0,83.1348505763963,83.1348505763963,0.0,0.0,0.0,83.1348505763963,0.0,0.0,0.00117 
 04/03  12:50:00,11.909999999999999,81.5,5.376666666666667,241.33333333333335,264.66666666666665,0.0,0.0,0.0,0.0,0.0,0.0,0.0,0.0,0.0,0.0,918.0,0.0,1219.6091563986525,89.12880152304639,228.3905482503031,36.56977871822171,973.3613343786637,0.0,89.12880152304635,121.84582896016554,0.0,0.0,19.16316299487258,110.34883142666058,20.49568519835548,-416.17787606402728,19.100923011982077,40.08091371869068,19.38825084125556,-53.47959894740893,17.63219863141199,11.18905685870476,20.28865053245633,-175.19183499150177,18.33351443930328,107.78168652471868,17.47345747366431,54.1770959724746,18.178630833289718,63.09197181977834,194.30106422870268,-33.124971066836227,0.0,0.0,0.0,0.0,0.0,0.0,0.0,0.0,0.0,0.0,0.0,0.0,0.0,0.0,0.0,0.0,0.0,0.0,0.0,0.0,0.0,0.0,0.7204533152729792,0.21991859440567133,210.38132103814284,245.58270849046904,3140.1243798379634,0.08055065659541234,0.012294056256931066,208.96260179127135,243.63197603014036,3250.4581074902846,1.7153241143879126,0.32413532017912197,188.80745343396669,220.5715264799455,2750.016976286468,0.16038455263519567,0.030306982735297737,54.4101187897021,63.54753993359963,795.3573219054214,0.0,0.0,6.181284143990622,7.257825616805534,71.94872325440221,0.0,0.0,68.86756494439384,80.25634529969735,1093.8362477329268,0.0,0.0,176.58645161072759,206.68608584490989,2370.633382492763,0.0,0.0,24.03664588516444,28.2356999550629,273.5582673901998,0.0,0.0,76.74858242420652,89.95638546629795,969.9425804101786,18.48214887143451,12.676370968062083,236.21610016782624,276.31375811970869,3482.121710243671,0.0,0.0,91.68327612542142,107.24498254383838,1265.4656994508553,0.0,19.418581682547886,48.76609920000553,22.0,30.0,0.0,19.768472646270536,47.77416648260111,16.0,30.0,0.0,19.190254301153446,49.457991265438639,22.0,30.0,0.0,19.263127955372846,49.26420374615317,16.0,30.0,0.0,17.73281291264532,53.88981711669224,12.0,30.0,0.0,19.923453378666939,47.03936946262049,16.0,30.0,0.0,18.650300076119068,50.93768548939413,10.0,30.0,0.0,17.600220731097637,54.35514646677019,12.0,30.0,0.0,18.245151665585447,52.20113248155012,12.0,30.0,0.0,18.806158350749827,0.0,0.0,0.0,18.831657875047286,0.0,0.0,517.9913899710217,514.2317158106152,519.187411031621,518.0753125937273,562.8932168085646,551.124810979673,549.6168651054952,557.6129353004901,556.1150358644167,0.0,83.1348505763963,83.1348505763963,60.0,0.0,60.0,60.0,16.0,16.0,16.0,12.0,12.0,12.0,21.0,10.0,0.0,0.0,0.0,0.0,0.0,0.0,0.0,0.0,0.0,0.0,0.0,0.0,0.0,83.1348505763963,83.1348505763963,0.0,0.0,0.0,83.1348505763963,0.0,0.0,0.0011666666666666668 
 04/03  13:00:00,12.01,81.0,5.41,231.5,274.5,0.0,0.0,0.0,0.0,0.0,0.0,0.0,0.0,0.0,0.0,918.0,0.0,1240.434943273101,86.81140057539831,222.45230421106545,37.19422392901804,989.9821089724744,0.0,86.81140057539827,118.67776617154786,0.0,0.0,19.171851331240494,108.26662382262566,20.558888634085574,-409.23080078558999,19.103411672755557,49.92682844814499,19.39228412456251,-46.05956723533245,17.65610644742666,11.704054941601698,20.374821929756619,-182.13513342431498,18.368194531517209,113.0196125163011,17.490203302776476,58.414678452609567,18.216061883311168,67.85186807451146,186.4413228539579,-41.412533764250387,0.0,0.0,0.0,0.0,0.0,0.0,0.0,0.0,0.0,0.0,0.0,0.0,0.0,0.0,0.0,0.0,0.0,0.0,0.0,0.0,0.0,0.0,0.7019796118183582,0.21427949078704465,205.32102968322526,239.65757041844885,3030.2893450380095,0.0788711660062831,0.012037723749432709,203.98114918115548,237.78063682675865,3152.1521056424178,1.7203009485825372,0.32507576503827248,195.51583708687603,228.3930033518925,2813.931098824816,0.16134657455394936,0.030488770701804479,50.60080778919141,59.09520266188057,731.0195344748983,0.0,0.0,6.2451796592695969,7.3320914743216669,71.77228824880247,0.0,0.0,69.73345501548387,81.24345822816014,1103.8671746885983,0.0,0.0,176.77990621987213,206.874883481724,2355.08539889724,0.0,0.0,24.365680833298005,28.61909781626317,273.78509188131206,0.0,0.0,75.86836509748622,88.90898072700793,950.7940022805194,18.40975491225587,12.62671804681473,226.3412141526977,264.7575918579035,3297.6909371483518,0.0,0.0,90.98457123087725,106.3926678769597,1253.9866759985669,0.0,19.43500071129883,48.764516151649129,22.0,30.0,0.0,19.818269870249489,47.6438792157917,16.0,30.0,0.0,19.206312313291517,49.42790885588602,22.0,30.0,0.0,19.27568270353025,49.24540965973145,16.0,30.0,0.0,17.759407441404645,53.816056927189709,12.0,30.0,0.0,19.99856410303366,46.8446188114077,16.0,30.0,0.0,18.69979222761879,50.79739439050932,10.0,30.0,0.0,17.62835197121224,54.27660239766679,12.0,30.0,0.0,18.293037713043867,52.06239082061589,12.0,30.0,0.0,18.80648407874479,0.0,0.0,0.0,18.92373616272442,0.0,0.0,515.8895734912726,512.5795253234959,518.2225513942373,516.6680059205852,559.4607429861885,548.45212033137,546.8729523242258,554.2893217919985,552.9321310700119,0.0,83.1348505763963,83.1348505763963,60.0,0.0,60.0,60.0,16.0,16.0,16.0,12.0,12.0,12.0,21.0,10.0,0.0,0.0,0.0,0.0,0.0,0.0,0.0,0.0,0.0,0.0,0.0,0.0,0.0,83.1348505763963,83.1348505763963,0.0,0.0,0.0,83.1348505763963,0.0,0.0,0.0011633333333333333 
 04/03  13:10:00,12.083333333333333,80.83333333333333,5.4783333333333339,221.66666666666669,284.3333333333333,0.0,0.0,0.0,0.0,0.0,0.0,0.0,0.0,0.0,0.0,918.0,0.0,1259.8253222103759,84.44218930388509,216.38129608534835,37.77562874269392,1005.4572955577808,0.0,84.44218930388505,115.43887474221958,0.0,0.0,19.19205763849596,118.54516074037019,20.61216361926469,-437.3513791829564,19.104156377710383,52.71218171813689,19.396814803959033,-42.9728619527441,17.681330223383669,12.125256355216863,20.461863668395343,-187.66506326894842,18.40077300948836,115.47239631318007,17.507720473123436,62.21898056140378,18.252959679821588,73.00446721647904,186.95480981213769,-48.04611604959291,0.0,0.0,0.0,0.0,0.0,0.0,0.0,0.0,0.0,0.0,0.0,0.0,0.0,0.0,0.0,0.0,0.0,0.0,0.0,0.0,0.0,0.0,0.6991950994449977,0.21342951753510309,213.42611765830996,249.06575663930082,3134.2862541673805,0.07288552335562484,0.01112416412631637,212.71272873899353,247.9167779354813,3266.4930468366699,1.7351012896280865,0.32787250370901119,194.70775790059225,227.42244352453313,2777.7673758946505,0.16214401486962649,0.030639458592144076,47.701187589950908,55.702167074899289,683.3555706275661,0.0,0.0,6.242178986282828,7.3273117574442,71.15957770524172,0.0,0.0,70.53038080173883,82.14418039417279,1116.5593397270994,0.0,0.0,177.2496424207445,207.3771371496372,2350.496358225362,0.0,0.0,24.644549339314517,28.94162483691284,274.6466970641083,0.0,0.0,75.98597711679703,89.02564916931988,948.034808213415,18.256861063783459,12.521852581470139,231.65887952939986,270.9282258265791,3345.367190777068,0.0,0.0,91.286679161985,106.70606851793895,1260.120252812723,0.0,19.474057350749047,48.661496528072579,22.0,30.0,0.0,19.84425426881735,47.603573550536548,16.0,30.0,0.0,19.216575366452888,49.43466833971282,22.0,30.0,0.0,19.28740459315978,49.23682015940788,16.0,30.0,0.0,17.787183511279655,53.735973964037459,12.0,30.0,0.0,20.07511592482673,46.637447615219418,16.0,30.0,0.0,18.743781513968459,50.680245141486548,10.0,30.0,0.0,17.656354191685865,54.20073795992925,12.0,30.0,0.0,18.33980211501478,51.92881661545569,12.0,30.0,0.0,18.836814310400635,0.0,0.0,0.0,19.010514967509406,0.0,0.0,514.0842193164848,511.65080105199089,516.2699089900416,515.7186776372166,556.2276664413117,545.6614058071992,544.2144767473189,551.3843952894362,550.1429540415776,0.0,83.1348505763963,83.1348505763963,60.0,0.0,60.0,60.0,16.0,16.0,16.0,12.0,12.0,12.0,21.0,10.0,0.0,0.0,0.0,0.0,0.0,0.0,0.0,0.0,0.0,0.0,0.0,0.0,0.0,83.1348505763963,83.1348505763963,0.0,0.0,0.0,83.1348505763963,0.0,0.0,0.0011599999999999998 
 04/03  13:20:00,12.156666666666667,80.66666666666667,5.546666666666667,211.83333333333335,294.1666666666667,0.0,0.0,0.0,0.0,0.0,0.0,0.0,0.0,0.0,0.0,918.0,0.0,1277.6507252401075,82.01729772145318,210.16760703690614,38.310108100825669,1019.6834870364605,0.0,82.01729772145315,112.12386410647638,0.0,0.0,19.20580954068883,118.76378530127295,20.67252656643617,-438.4818898813746,19.108964611148193,61.778096112853749,19.401337123978263,-39.446981043764029,17.707816110600118,12.554908822822455,20.547893014344088,-194.5259211136472,18.43589943988248,119.73840898947128,17.52585654220041,65.85171216703691,18.2888298823997,77.16712749747285,181.2268902965443,-54.28396479937737,0.0,0.0,0.0,0.0,0.0,0.0,0.0,0.0,0.0,0.0,0.0,0.0,0.0,0.0,0.0,0.0,0.0,0.0,0.0,0.0,0.0,0.0,0.6899609270709168,0.21061078359918099,211.02894198166414,246.22934053557436,3077.26144514215,0.07189307056954879,0.010972690868368253,210.48267276883778,245.26121712167103,3219.408942037599,1.760370307855351,0.3326474504639742,201.35536746621464,235.1547391879154,2849.2438930705645,0.16383685360446138,0.030959344974388005,46.38509380798904,54.158879484384659,658.838326398059,0.0,0.0,6.286808820781751,7.37840182786865,71.10031166320033,0.0,0.0,71.38578149690749,83.1125849548362,1130.0160477605235,0.0,0.0,177.8430708136818,208.02119204778979,2348.889886233639,0.0,0.0,24.931852108850508,29.27395543469634,275.55150941378039,0.0,0.0,75.6909346020965,88.65954446046918,939.8445604900386,18.10694089997432,12.419026680366479,227.4723907741178,266.0014984096381,3255.8034134205406,0.0,0.0,91.15068926535659,106.50933955464183,1259.1670791733293,0.0,19.496459935299684,48.63029409168835,22.0,30.0,0.0,19.8884751703073,47.498576462085399,16.0,30.0,0.0,19.23398532366795,49.40050902166561,22.0,30.0,0.0,19.299164167258036,49.22542683548097,16.0,30.0,0.0,17.81611060242552,53.6543629401412,12.0,30.0,0.0,20.150478259988,46.44087990729655,16.0,30.0,0.0,18.791839606703588,50.545016644957829,10.0,30.0,0.0,17.68437000240583,54.122556917521908,12.0,30.0,0.0,18.384566375742954,51.8005071564444,12.0,30.0,0.0,18.846148254672078,0.0,0.0,0.0,19.091387824371233,0.0,0.0,513.0835843195363,510.77005499258299,514.6332980577425,514.8398399188376,553.1307804506963,543.0602134315504,541.6176197108592,548.5813133197491,547.4069811362016,0.0,83.1348505763963,83.1348505763963,60.0,0.0,60.0,60.0,16.0,16.0,16.0,12.0,12.0,12.0,21.0,10.0,0.0,0.0,0.0,0.0,0.0,0.0,0.0,0.0,0.0,0.0,0.0,0.0,0.0,83.1348505763963,83.1348505763963,0.0,0.0,0.0,83.1348505763963,0.0,0.0,0.0011966666666666667 
 04/03  13:30:00,12.23,80.5,5.615,202.0,304.0,0.0,0.0,0.0,0.0,0.0,0.0,0.0,0.0,0.0,0.0,918.0,0.0,1293.783596873714,79.53271018944212,203.80094701352724,38.79383728937983,1032.5588824626707,0.0,79.53271018944207,108.72724458182475,0.0,0.0,19.226896755773259,126.28664744472553,20.72630421142741,-459.68235729743358,19.11276315278299,65.42144699414348,19.407136082325338,-34.16393986710432,17.73541560763483,12.919416856067159,20.633184938138638,-200.43175956061215,18.469801021553154,122.30854170572002,17.544413547793554,69.1795996362265,18.324136334873957,81.6901000553853,179.86573315123315,-59.495155453134888,0.0,0.0,0.0,0.0,0.0,0.0,0.0,0.0,0.0,0.0,0.0,0.0,0.0,0.0,0.0,0.0,0.0,0.0,0.0,0.0,0.0,0.0,0.6858239327809064,0.2093479648293365,216.49579383411573,252.55672239197166,3140.138634665658,0.06697171412431223,0.010221568089791245,216.4678845938607,252.18854498167063,3291.7760510411269,1.7769055996692958,0.33577203319525636,199.90538646761218,233.4315783735235,2804.939598485116,0.16491356271950964,0.031162804746694935,41.94166174765273,48.96448993913112,590.9608763098122,0.0,0.0,6.291880808415048,7.383030834570716,70.60072511575958,0.0,0.0,72.18640176766813,84.01663682324038,1142.6088848677323,0.0,0.0,178.63178298022016,208.89546485144175,2348.63083759633,0.0,0.0,25.187810232278534,29.569374211839646,276.0491222310253,0.0,0.0,76.03223943452649,89.03901984584447,939.4270602493741,17.952389440454156,12.31302430758173,227.96477523965803,266.5329667842032,3236.310370662112,0.0,0.0,91.65530009100053,107.06268432142089,1266.2976158399916,0.0,19.53278850136848,48.54679385886486,22.0,30.0,0.0,19.918584427040409,47.451349820008527,16.0,30.0,0.0,19.24758677665763,49.393549717058068,22.0,30.0,0.0,19.313373726908954,49.2097495780655,16.0,30.0,0.0,17.84596212440494,53.57057551492722,12.0,30.0,0.0,20.225879534828687,46.24172950169206,16.0,30.0,0.0,18.836539428478927,50.42579201572829,10.0,30.0,0.0,17.712151586421883,54.048994394966488,12.0,30.0,0.0,18.428464442637098,51.67822373516229,12.0,30.0,0.0,18.8713894250702,0.0,0.0,0.0,19.167925501300226,0.0,0.0,512.0581458162695,508.99659246819399,513.5804204469009,513.7419775099961,550.1683120437534,540.4894553556808,539.3733916793979,545.857095776704,544.7335228396199,0.0,83.1348505763963,83.1348505763963,60.0,0.0,60.0,60.0,16.0,16.0,16.0,12.0,12.0,12.0,21.0,10.0,0.0,0.0,0.0,0.0,0.0,0.0,0.0,0.0,0.0,0.0,0.0,0.0,0.0,83.1348505763963,83.1348505763963,0.0,0.0,0.0,83.1348505763963,0.0,0.0,0.0012333333333333333 
 04/03  13:40:00,12.303333333333333,80.33333333333333,5.683333333333334,201.83333333333335,293.1666666666667,0.0,0.0,0.0,0.0,0.0,0.0,0.0,0.0,0.0,0.0,918.0,0.0,1278.8473455592699,78.93253658445984,202.26296458894388,38.34597121800916,1020.6383122837597,0.0,78.93253658445981,107.90676176179977,0.0,0.0,19.244370615827003,127.63018201096566,20.76807922859623,-461.56864377133936,19.120333448485707,73.34082232868059,19.41482381314951,-31.317230036879438,17.761470892212694,13.317301610179556,20.70185226801562,-205.8265582285776,18.50524192779418,125.87114180222489,17.564259201657508,72.34203753048394,18.359773835033449,85.45126067349429,175.1896751448312,-64.16341652397023,0.0,0.0,0.0,0.0,0.0,0.0,0.0,0.0,0.0,0.0,0.0,0.0,0.0,0.0,0.0,0.0,0.0,0.0,0.0,0.0,0.0,0.0,0.6777764138910059,0.20689145723168679,215.58515181725998,251.45104151104708,3106.2011272795305,0.0653251997793198,0.009970268586587273,215.76510065220547,251.3211306677724,3263.4056104747089,1.7997861440654797,0.34009564324744526,204.93239297254045,239.26697978352807,2852.592649956276,0.1663921614827987,0.03144220738526052,40.593031199211569,47.38403269099996,567.1928908020321,0.0,0.0,6.32565437050202,7.421374245675537,70.39791620436724,0.0,0.0,72.99445605614216,84.93146036036724,1153.9571745606325,0.0,0.0,179.50503991994183,209.8666483257452,2350.159764373824,0.0,0.0,25.450589014025856,29.87266800533694,276.5920346435639,0.0,0.0,76.13644946040408,89.14102911543822,935.9182570617825,17.800991408768107,12.209184779676346,225.24549939826376,263.31946365698038,3169.4427261527978,0.0,0.0,91.90939996942385,107.32501328092194,1269.0154070073348,0.0,19.559025854186655,48.50915116317498,22.0,30.0,0.0,19.951928703344945,47.381495360201927,16.0,30.0,0.0,19.266736637595437,49.362404208169369,22.0,30.0,0.0,19.327326860058979,49.19298091319746,16.0,30.0,0.0,17.874028674528345,53.49441472381513,12.0,30.0,0.0,20.291571623242793,46.07503138405746,16.0,30.0,0.0,18.883455320241784,50.29844000918554,10.0,30.0,0.0,17.74029100201001,53.97287622603146,12.0,30.0,0.0,18.471439692083295,51.55826142494364,12.0,30.0,0.0,18.885157092231244,0.0,0.0,0.0,19.239100486638674,0.0,0.0,510.26300481272008,507.60005770223946,512.4810347937448,512.5729233138837,547.3654830941345,538.1917662441028,537.0824658789434,543.1982336529788,542.1677923686089,0.0,83.1348505763963,83.1348505763963,60.0,0.0,60.0,60.0,16.0,16.0,16.0,12.0,12.0,12.0,21.0,10.0,0.0,0.0,0.0,0.0,0.0,0.0,0.0,0.0,0.0,0.0,0.0,0.0,0.0,83.1348505763963,83.1348505763963,0.0,0.0,0.0,83.1348505763963,0.0,0.0,0.0012699999999999999 
 04/03  13:50:00,12.376666666666666,80.16666666666667,5.751666666666667,201.66666666666669,282.3333333333333,0.0,0.0,0.0,0.0,0.0,0.0,0.0,0.0,0.0,0.0,918.0,0.0,1261.5412365645978,78.33089916593682,200.72123058609314,37.827046118311887,1006.8263839574943,0.0,78.33089916593679,107.08427779768592,0.0,0.0,19.263622740198174,131.26980431511584,20.80091088488156,-469.8786960171601,19.127787852137673,77.38183287613447,19.425014883416009,-25.858213813860176,17.786886298584624,13.691293304488312,20.762479887426755,-209.08002666694075,18.538826125143708,127.70916017769742,17.584885038604335,75.19758672535386,18.3953767551888,89.20914252727562,172.20087659819365,-67.84836527213429,0.0,0.0,0.0,0.0,0.0,0.0,0.0,0.0,0.0,0.0,0.0,0.0,0.0,0.0,0.0,0.0,0.0,0.0,0.0,0.0,0.0,0.0,0.6727823920394213,0.2053670305370639,217.2393637050456,253.3353504682599,3110.1338792465164,0.06268730889698819,0.009567660088062912,217.75077447277068,253.59279839904856,3271.421547961528,1.8148536094291559,0.3429428589246328,203.39899043259278,237.44339408156305,2808.3551984086645,0.16734257121276459,0.0316218010606131,36.00765846117372,42.025705914014938,499.34887034547969,0.0,0.0,6.333092437277304,7.428853934706853,69.87752072222117,0.0,0.0,73.51914668826504,85.51819204463422,1159.8113292633389,0.0,0.0,180.27314029219219,210.71752843516635,2348.651786308772,0.0,0.0,25.687455307974849,30.145419919323623,276.81421574159199,0.0,0.0,76.56595736183638,89.62386025579335,936.3119784309193,17.644044848507578,12.101539676616998,221.32111420167957,258.69378366409719,3090.0002957104136,0.0,0.0,92.487078309871,107.96690960959394,1275.2257787222923,0.0,19.587764430502003,48.45144162647011,22.0,30.0,0.0,19.975367694036728,47.35235628938905,16.0,30.0,0.0,19.283667629988856,49.35017186451169,22.0,30.0,0.0,19.345059395556509,49.161846778841489,16.0,30.0,0.0,17.900403990390406,53.42500440233783,12.0,30.0,0.0,20.35025568204458,45.92765075596197,16.0,30.0,0.0,18.92586637432617,50.189172620635748,10.0,30.0,0.0,17.76854908656328,53.89867097052438,12.0,30.0,0.0,18.513979746114253,51.44197916176787,12.0,30.0,0.0,18.904049665542958,0.0,0.0,0.0,19.30485884725374,0.0,0.0,508.79747401016877,506.6416733314853,510.753373735922,512.0140186463862,544.7040255899045,535.9040371277991,534.8289371726226,540.7760533148081,539.8126815490142,0.0,83.1348505763963,83.1348505763963,60.0,0.0,60.0,60.0,16.0,16.0,16.0,12.0,12.0,12.0,21.0,10.0,0.0,0.0,0.0,0.0,0.0,0.0,0.0,0.0,0.0,0.0,0.0,0.0,0.0,83.1348505763963,83.1348505763963,0.0,0.0,0.0,83.1348505763963,0.0,0.0,0.00129 
 04/03  14:00:00,12.45,80.0,5.82,201.5,271.5,0.0,0.0,0.0,0.0,0.0,0.0,0.0,0.0,0.0,0.0,918.0,0.0,1242.0667375700214,77.72801097581949,199.17629120089303,37.24310293475742,991.2838870638666,0.0,77.72801097581946,106.26008393397571,0.0,0.0,19.2799191092015,131.83737231775013,20.830408965434765,-470.24542964837567,19.136480160023465,82.48593044479549,19.435002358557825,-24.158927743059395,17.811886556333194,14.031593526090973,20.81632510523587,-211.85132730456236,18.571662674148756,129.67666440586528,17.606039234338359,77.71549397337629,18.430340663524598,91.82951503735285,168.81964831418919,-69.42521149490676,0.0,0.0,0.0,0.0,0.0,0.0,0.0,0.0,0.0,0.0,0.0,0.0,0.0,0.0,0.0,0.0,0.0,0.0,0.0,0.0,0.0,0.0,0.6673658830701439,0.20371363952080097,216.175820444215,252.0557997701948,3072.1929339489345,0.061910668154419267,0.009449125176193417,216.85672318319937,252.5098569147919,3236.5152723823914,1.8280864155389554,0.3454433891796969,205.57438695479073,239.94892023486254,2815.2317394190979,0.1679054855791503,0.031728171878146308,35.06506365322076,40.92010497559182,482.2647521613822,0.0,0.0,6.345851017608246,7.442597867988614,69.39999328011487,0.0,0.0,73.93780933348964,85.98316846664557,1163.0249491886644,0.0,0.0,180.576950046555,211.0266911144326,2340.466566673899,0.0,0.0,25.8887341600856,30.376336599144638,276.6046264626462,0.0,0.0,76.545051401054,89.57984689550068,930.9331482906174,17.484745346507699,11.992280758921608,219.12696358559013,256.09294763512687,3032.6637316240969,0.0,0.0,92.57499229565504,108.04199247006209,1272.147368563314,0.0,19.609252224417678,48.426797975804749,22.0,30.0,0.0,19.999776880358416,47.317755139383759,16.0,30.0,0.0,19.301733556043908,49.32393586813702,22.0,30.0,0.0,19.360761845950166,49.14337949089024,16.0,30.0,0.0,17.925640077434147,53.36094371430349,12.0,30.0,0.0,20.402329219391925,45.80250796351447,16.0,30.0,0.0,18.96666474942177,50.08344424090825,10.0,30.0,0.0,17.79663025310026,53.825392095133178,12.0,30.0,0.0,18.554902782509804,51.3317304991189,12.0,30.0,0.0,18.92086978881258,0.0,0.0,0.0,19.356508736825256,0.0,0.0,507.7733618396275,505.5059035428404,509.4105569250625,511.0641660499175,542.1509856012167,533.7015077753391,532.6995856872471,538.4335202645286,537.5099028526087,0.0,83.1348505763963,83.1348505763963,60.0,0.0,60.0,60.0,16.0,16.0,16.0,12.0,12.0,12.0,21.0,10.0,0.0,0.0,0.0,0.0,0.0,0.0,0.0,0.0,0.0,0.0,0.0,0.0,0.0,83.1348505763963,83.1348505763963,0.0,0.0,0.0,83.1348505763963,0.0,0.0,0.0013100000000000002 
 04/03  14:10:00,12.438333333333333,80.16666666666667,5.815,201.33333333333335,260.66666666666665,0.0,0.0,0.0,0.0,0.0,0.0,0.0,0.0,0.0,0.0,918.0,0.0,1220.6297171693228,77.12378892927497,197.62793381836176,36.60031457049523,974.1751234988096,0.0,77.12378892927494,105.43406658740352,0.0,0.0,19.297093768111144,133.8140409264288,20.853318512307867,-473.0211549907863,19.144054428869688,85.47164631738633,19.44446227422655,-21.265601288816926,17.836539254482895,14.33226930549435,20.863061474929184,-213.63851712250063,18.603451254625236,130.97419992097549,17.626548779409754,79.57836638209892,18.463438457228773,93.14381418153789,169.9777327396787,-71.04859184569114,0.0,0.0,0.0,0.0,0.0,0.0,0.0,0.0,0.0,0.0,0.0,0.0,0.0,0.0,0.0,0.0,0.0,0.0,0.0,0.0,0.0,0.0,0.6701517106776305,0.20456401424836097,216.83683129272496,252.79899669224433,3095.8602934760399,0.06200278951218602,0.009463185212482604,217.775184995825,253.55424122878737,3263.0397185161166,1.8400996938648396,0.34771347200771737,204.96312396858856,239.21518088035934,2817.8254296916604,0.1692524295059084,0.0319826964296879,32.967681687200649,38.46927072825203,455.32445246057019,0.0,0.0,6.364716830074634,7.463886202651288,70.05389608904001,0.0,0.0,74.26170015914109,86.34373604974846,1176.357861021947,0.0,0.0,180.77485777803197,211.22421356134709,2360.4303603854975,0.0,0.0,26.07934372111231,30.596288820920827,280.59595107987306,0.0,0.0,76.47947596822653,89.48882769070808,937.5262855478803,17.543195152944326,12.032369789399404,217.1261045042513,253.73647425049234,3018.300232337424,0.0,0.0,92.66937335617439,108.13050435785854,1284.4998111535386,0.0,19.631441015559074,48.39982229686196,22.0,30.0,0.0,20.018551703713105,47.30899505868573,16.0,30.0,0.0,19.316770181078373,49.3192097113036,22.0,30.0,0.0,19.3762951065795,49.127534852171539,16.0,30.0,0.0,17.94990784324388,53.3037214304659,12.0,30.0,0.0,20.4483382480173,45.69614673885635,16.0,30.0,0.0,19.004551291993719,49.993199617285288,10.0,30.0,0.0,17.823239915457966,53.76203423776688,12.0,30.0,0.0,18.59285834366987,51.23546710977996,12.0,30.0,0.0,18.932236525940647,0.0,0.0,0.0,19.406457116945455,0.0,0.0,506.56933372444788,503.954721905371,508.335293611267,510.02733705135588,539.701633540043,531.5900851505827,530.6921972016356,536.141078754701,535.2617195300662,0.0,83.1348505763963,83.1348505763963,60.0,0.0,60.0,60.0,16.0,16.0,16.0,12.0,12.0,12.0,21.0,10.0,0.0,0.0,0.0,0.0,0.0,0.0,0.0,0.0,0.0,0.0,0.0,0.0,0.0,83.1348505763963,83.1348505763963,0.0,0.0,0.0,83.1348505763963,0.0,0.0,0.00133 
 04/03  14:20:00,12.426666666666668,80.33333333333334,5.8100000000000009,201.16666666666667,249.83333333333335,0.0,0.0,0.0,0.0,0.0,0.0,0.0,0.0,0.0,0.0,918.0,0.0,1197.4403887706449,76.5178171505197,196.07509306189318,35.9049842051289,955.6678627007782,0.0,76.51781715051966,104.60565722424374,0.0,0.0,19.312761451224256,134.09804842615814,20.87145445789413,-473.5593770997648,19.151938409711688,89.15222165923206,19.45298852985743,-20.260591510063933,17.8609300554933,14.610551640266522,20.903995950058464,-214.83606226943767,18.63387462036828,131.8762660910652,17.64701353216031,81.36573784820644,18.49542560492878,94.508775586698,170.49739329484329,-72.18853670105136,0.0,0.0,0.0,0.0,0.0,0.0,0.0,0.0,0.0,0.0,0.0,0.0,0.0,0.0,0.0,0.0,0.0,0.0,0.0,0.0,0.0,0.0,0.6720749105721463,0.20515107160321928,216.08376163419914,251.89670719221165,3097.676191628879,0.0629029490803225,0.009600572203956427,217.19643167537377,252.85873029528433,3265.859331174449,1.852129208820804,0.34998662298201146,206.3444937738812,240.80730742400389,2847.517386938924,0.17051457305981486,0.032221196723321018,32.41266754310348,37.818758460932539,449.28034394559207,0.0,0.0,6.383684400571974,7.485306131959486,70.70215828874689,0.0,0.0,74.48250349014308,86.58587324753818,1187.3382704035333,0.0,0.0,180.95884856612558,211.407321879367,2379.318559059085,0.0,0.0,26.254548786935858,30.798203832969997,284.40693067006046,0.0,0.0,76.44153676756085,89.4307473296788,944.1630877279754,17.59989731035895,12.07126015799654,215.60603489127647,251.94462228199124,3008.424564805416,0.0,0.0,92.77793552230512,108.23760936373007,1296.0250665333338,0.0,19.649553545918868,48.39196341606258,22.0,30.0,0.0,20.03420098656611,47.29872377103223,16.0,30.0,0.0,19.331577651677656,49.31292520953519,22.0,30.0,0.0,19.389355806080919,49.12085516570062,16.0,30.0,0.0,17.97342660199737,53.2504441963601,12.0,30.0,0.0,20.48890669423695,45.60830088781716,16.0,30.0,0.0,19.03979767823669,49.91137572376172,10.0,30.0,0.0,17.849038691814337,53.70138673803554,12.0,30.0,0.0,18.62890873313489,51.14578411324384,12.0,30.0,0.0,18.940240209588855,0.0,0.0,0.0,19.45057996363604,0.0,0.0,504.98689943206849,502.65993855949497,507.1215174417491,508.86376024910467,537.360164335617,529.5714561244103,528.6966603678717,533.9431249908292,533.1157459120224,0.0,83.1348505763963,83.1348505763963,60.0,0.0,60.0,60.0,16.0,16.0,16.0,12.0,12.0,12.0,21.0,10.0,0.0,0.0,0.0,0.0,0.0,0.0,0.0,0.0,0.0,0.0,0.0,0.0,0.0,83.1348505763963,83.1348505763963,0.0,0.0,0.0,83.1348505763963,0.0,0.0,0.0013366666666666664 
 04/03  14:30:00,12.415,80.5,5.805,201.0,239.0,0.0,0.0,0.0,0.0,0.0,0.0,0.0,0.0,0.0,0.0,918.0,0.0,1172.7136500401846,75.90929700504724,194.5157227528166,35.1635554726344,935.933612555664,0.0,75.9092970050472,103.77376405057776,0.0,0.0,19.32724211133912,134.10573105930417,20.884898748097926,-473.6864663794704,19.159347018705068,91.58187966047535,19.46172073662257,-17.851584012630839,17.885104142154224,14.837497195878513,20.93959032878221,-215.49699536862637,18.662822073877956,132.40273324030569,17.667309496915466,82.82430317151887,18.526246338234335,95.30578294517,170.59946786599267,-72.69105622701955,0.0,0.0,0.0,0.0,0.0,0.0,0.0,0.0,0.0,0.0,0.0,0.0,0.0,0.0,0.0,0.0,0.0,0.0,0.0,0.0,0.0,0.0,0.6741230057655075,0.20577625328617447,215.2001422896941,250.8452724561833,3096.437575362272,0.06393861483336572,0.00975864084758329,216.48157080820318,252.00757319913488,3265.0615770457545,1.861467429617934,0.35175121496937547,205.67114685988546,240.0026075468015,2848.385601048753,0.17159632064735148,0.03242560858793489,30.493157838889809,35.57637578041328,424.3165843265757,0.0,0.0,6.396219201968675,7.499193320761341,71.27351703336281,0.0,0.0,74.63389553041073,86.74871166140975,1196.5425662775222,0.0,0.0,180.96105865419595,211.37992890757574,2394.8538544253076,0.0,0.0,26.401049052119654,30.96649118992674,287.88028698777057,0.0,0.0,76.31900552032197,89.27431520875104,949.4370611851177,17.651520025201,12.106666683951307,212.19445566801026,247.94475727659586,2972.87541302348,0.0,0.0,92.77764031071566,108.2198211409534,1305.00456510799,0.0,19.665040268271669,48.3816538167402,22.0,30.0,0.0,20.046238825090943,47.30607352743668,16.0,30.0,0.0,19.344587599122656,49.318447796519709,22.0,30.0,0.0,19.402694143676155,49.11057485591554,16.0,30.0,0.0,17.996325165470585,53.20051512865347,12.0,30.0,0.0,20.524550825214488,45.534188661360278,16.0,30.0,0.0,19.072260781103805,49.840913234501538,10.0,30.0,0.0,17.873870090185045,53.64627043414533,12.0,30.0,0.0,18.662927423809394,51.06476799145505,12.0,30.0,0.0,18.9459518507866,0.0,0.0,0.0,19.48893368045193,0.0,0.0,503.6493449421931,501.6078662556855,505.5652700917532,507.964546154032,535.1107031111384,527.5944913401,526.7102003983924,531.8594009566389,531.068653551207,0.0,83.1348505763963,83.1348505763963,60.0,0.0,60.0,60.0,16.0,16.0,16.0,12.0,12.0,12.0,21.0,10.0,0.0,0.0,0.0,0.0,0.0,0.0,0.0,0.0,0.0,0.0,0.0,0.0,0.0,83.1348505763963,83.1348505763963,0.0,0.0,0.0,83.1348505763963,0.0,0.0,0.0013433333333333334 
 04/03  14:40:00,12.403333333333335,80.66666666666667,5.800000000000001,193.66666666666667,214.66666666666669,0.0,0.0,0.0,0.0,0.0,0.0,0.0,0.0,0.0,0.0,918.0,0.0,1091.3376683967259,72.72244604733707,186.34942064724837,32.72351377551077,870.9880640128092,0.0,72.72244604733703,99.4170971810666,0.0,0.0,19.340890677434275,133.61126887690444,20.869983896287019,-468.77943212213997,19.165516953299276,93.6022047461347,19.466690893888054,-16.885565924525964,17.903593195254886,15.089304506239131,20.946849463487337,-213.98431095175739,18.690478176175334,132.589604778781,17.68619566969172,83.99136002229705,18.554318608323969,95.6618997364335,171.27504143814168,-72.14424172879899,0.0,0.0,0.0,0.0,0.0,0.0,0.0,0.0,0.0,0.0,0.0,0.0,0.0,0.0,0.0,0.0,0.0,0.0,0.0,0.0,0.0,0.0,0.6767429658429807,0.20657599689956677,214.3185781482564,249.79799665989067,3094.1732153913897,0.0651229134880638,0.00993939461051035,215.75002050880688,251.14913343235936,3258.1193023534158,1.8679647524135934,0.3529789781582755,205.56716013275006,239.8643807404304,2856.2572234297715,0.1723378892583508,0.032565738710950638,29.850457131593474,34.824227035587117,416.7007002619423,0.0,0.0,6.4023433066568169,7.5057337718367169,71.69036232190146,0.0,0.0,74.72076096124421,86.84128487560932,1202.3957064419006,0.0,0.0,180.79413202420958,211.15683619053324,2407.2721226127507,0.0,0.0,26.520221364990197,31.102861757175256,290.9876745348309,0.0,0.0,76.11268110223645,89.02077112200634,953.2172030465863,17.699457760492704,12.139545789089649,210.54583120079387,246.00427250057559,2960.285177914845,0.0,0.0,92.67150305245315,108.08155218956763,1311.0265876016422,0.0,19.678187605720014,48.38536179387131,22.0,30.0,0.0,20.044237258156799,47.354664859548368,16.0,30.0,0.0,19.35576815609891,49.32047076706897,22.0,30.0,0.0,19.41274735644148,49.11521272996564,16.0,30.0,0.0,18.01247560856823,53.17464360993757,12.0,30.0,0.0,20.54388045415355,45.508282269852809,16.0,30.0,0.0,19.102265659123384,49.776966549105669,10.0,30.0,0.0,17.89702915352098,53.597860989061299,12.0,30.0,0.0,18.694101248964956,50.99408726853897,12.0,30.0,0.0,18.952506047527498,0.0,0.0,0.0,19.51914856365021,0.0,0.0,502.5431984524043,500.3614366695209,504.26629907547,506.8411067806565,532.9337334685221,525.6503284617518,524.829434680781,529.8311052264212,529.0613999317151,0.0,83.1348505763963,83.1348505763963,60.0,0.0,60.0,60.0,16.0,16.0,16.0,12.0,12.0,12.0,21.0,10.0,0.0,0.0,0.0,0.0,0.0,0.0,0.0,0.0,0.0,0.0,0.0,0.0,0.0,83.1348505763963,83.1348505763963,0.0,0.0,0.0,83.1348505763963,0.0,0.0,0.0013499999999999999 
 04/03  14:50:00,12.391666666666668,80.83333333333333,5.795,186.33333333333335,190.33333333333335,0.0,0.0,0.0,0.0,0.0,0.0,0.0,0.0,0.0,0.0,918.0,0.0,941.5225039014881,69.5618392088603,178.25037188501273,28.231359835831815,751.4219695075788,0.0,69.56183920886027,95.09630801223892,0.0,0.0,19.349135474896415,129.67908727240047,20.820178769056086,-450.569135925889,19.170819080266676,95.24158400772922,19.469803518220087,-15.473871832634586,17.9126283965526,15.435581575465108,20.914416010480637,-208.31178353506949,18.71483390709929,131.38658312955614,17.70389903468815,84.79120054993882,18.580266010194749,95.48011197375308,169.85968426350883,-69.8389174209783,0.0,0.0,0.0,0.0,0.0,0.0,0.0,0.0,0.0,0.0,0.0,0.0,0.0,0.0,0.0,0.0,0.0,0.0,0.0,0.0,0.0,0.0,0.6780363366041825,0.20697079871922545,210.19039471908273,244.97631752440564,3040.4466289136769,0.06822444049285013,0.010412765642986896,211.62608935125807,246.3531471336769,3194.3350467835505,1.8719316145064593,0.35372857416977707,205.07328837219039,239.27224936576278,2858.0406440789936,0.17287234123723878,0.03266673114838222,28.796064343950357,33.5921706544732,403.17704688482618,0.0,0.0,6.405339630607214,7.508907390371313,71.92619217704588,0.0,0.0,74.4294081062811,86.50168586192364,1198.5866131608144,0.0,0.0,180.37732875170057,210.64639029740958,2414.1174624263237,0.0,0.0,26.624376659171668,31.221790673517345,293.8428411861562,0.0,0.0,75.92270334557959,88.78728190442101,956.7323612799154,17.74017945793202,12.167475622724297,204.98291525193248,239.4990057866826,2892.3811977123048,0.0,0.0,92.57168737399094,107.95547260446787,1314.8103493653978,0.0,19.680325129173604,48.422024626693588,22.0,30.0,0.0,20.02856721584749,47.44681716399498,16.0,30.0,0.0,19.36530235775209,49.33421110565212,22.0,30.0,0.0,19.420671975789515,49.125566963194078,16.0,30.0,0.0,18.01690201380948,53.188933164358527,12.0,30.0,0.0,20.538232771899258,45.55170695838997,16.0,30.0,0.0,19.12598199993176,49.73556269747187,10.0,30.0,0.0,17.918218775053086,53.55808828231194,12.0,30.0,0.0,18.72232225290691,50.93436915490942,12.0,30.0,0.0,18.949332534044804,0.0,0.0,0.0,19.536437204130306,0.0,0.0,501.272362887121,498.88520604298619,503.1187522384975,505.68934272363637,530.8323755117012,523.7983795651057,523.0072257313165,527.8288683077152,527.0880903405787,0.0,83.1348505763963,83.1348505763963,60.0,0.0,60.0,60.0,16.0,16.0,16.0,12.0,12.0,12.0,21.0,10.0,0.0,0.0,0.0,0.0,0.0,0.0,0.0,0.0,0.0,0.0,0.0,0.0,0.0,83.1348505763963,83.1348505763963,0.0,0.0,0.0,83.1348505763963,0.0,0.0,0.0013933333333333335 
 04/03  15:00:00,12.38,81.0,5.79,179.0,166.0,0.0,0.0,0.0,0.0,0.0,0.0,0.0,0.0,0.0,0.0,918.0,0.0,859.2646463717183,66.2969314270326,169.88406260115122,25.764876878116984,685.7726200126828,0.0,66.29693142703258,90.63293154630017,0.0,0.0,19.351749096287628,124.04485242784813,20.775425949831037,-433.2274547495281,19.1731278551375,93.8024480965878,19.471064393126104,-14.262948235437762,17.92262624996043,15.653333328949714,20.883556921379147,-200.9858093632174,18.73364257653725,128.27061641464116,17.719893957389624,84.85979449354181,18.603321749230884,93.69027952108582,168.5118095928292,-65.82456583076146,0.0,0.0,0.0,0.0,0.0,0.0,0.0,0.0,0.0,0.0,0.0,0.0,0.0,0.0,0.0,0.0,0.0,0.0,0.0,0.0,0.0,0.0,0.6810645415327986,0.207895159198046,205.13118370240378,239.07836628342177,2968.8991275844516,0.07229222900361707,0.011033612485289541,206.50949879110522,240.40449726774555,3114.286007096025,1.865646471755844,0.352540905471626,201.717095597454,235.3454577550073,2817.696632414187,0.172452422861089,0.03258738149302512,27.554874992877516,32.14260600291888,386.8355872835008,0.0,0.0,6.3897524180082378,7.490319814365824,71.9407209995468,0.0,0.0,73.6354465446805,85.58052868015108,1185.4095294929016,0.0,0.0,179.03667309872336,209.06452264345558,2404.9640904186105,0.0,0.0,26.663878881716035,31.26520312007482,295.8394560827007,0.0,0.0,75.32785606891524,88.08177049315711,954.4357302184707,17.76834812945468,12.186795699214463,198.4648899786579,231.8793480176498,2810.863144376842,0.0,0.0,92.022158147156,107.31038462139132,1309.5423494835946,0.0,19.67194139819321,48.493803806207477,22.0,30.0,0.0,20.009452809249408,47.544681109654877,16.0,30.0,0.0,19.36899994868114,49.36585387055849,22.0,30.0,0.0,19.426407370715418,49.14235359989292,16.0,30.0,0.0,18.020348079450586,53.207647001732997,12.0,30.0,0.0,20.523647726296514,45.62249214202617,16.0,30.0,0.0,19.139563719717378,49.72603866577833,10.0,30.0,0.0,17.936449732880658,53.52833247256182,12.0,30.0,0.0,18.7461125315335,50.88914297285177,12.0,30.0,0.0,18.94413594666009,0.0,0.0,0.0,19.538929523208027,0.0,0.0,499.7845073833216,497.55396986191979,501.8342297214995,504.5826359368153,528.8104915825744,521.9950837080131,521.1971012365241,525.9013778954787,525.1914064769924,0.0,83.1348505763963,83.1348505763963,60.0,0.0,60.0,60.0,16.0,16.0,16.0,12.0,12.0,12.0,21.0,10.0,0.0,0.0,0.0,0.0,0.0,0.0,0.0,0.0,0.0,0.0,0.0,0.0,0.0,83.1348505763963,83.1348505763963,0.0,0.0,0.0,83.1348505763963,0.0,0.0,0.0014366666666666664 
 04/03  15:10:00,12.271666666666669,81.5,5.651666666666667,171.66666666666667,141.66666666666667,0.0,0.0,0.0,0.0,0.0,0.0,0.0,0.0,0.0,0.0,9190.0,0.0,776.8495459533506,63.05502746659812,161.57670458872804,23.29367984698127,619.9977851162303,0.0,63.05502746659809,86.201003048235,0.0,0.0,20.4208622878547,-797.2817026784096,20.93048482909866,359.65128088478488,20.45562697509325,-1597.7266707176078,19.766739133946609,837.1380094865319,17.93285860759223,20.573499496268647,20.849983883980835,-179.29106391405927,18.817007426929153,237.48735319273158,17.73195711483654,89.26849956025052,18.622805373444956,111.13490727101854,398.18726377654698,-49.95695314836457,0.0,0.0,0.0,0.0,0.0,0.0,0.0,0.0,0.0,0.0,0.0,0.0,0.0,0.0,0.0,0.0,0.0,0.0,0.0,0.0,0.0,0.0,0.7362862032333979,0.2247515882885829,339.80574850336657,395.43336241919249,6108.084442507031,0.20859359966533679,0.031836629985552009,274.27680857821425,320.1724296135755,4436.602626375708,1.2585148910685223,0.23781460526616075,446.8296752983458,519.8676854598865,8146.166927718776,0.2541327668869789,0.04802206479345783,345.870163303388,404.27588288189289,5356.79177899948,0.0,0.0,7.8974861311047699,9.301909877276211,90.62942058555045,0.0,0.0,69.68073604207484,81.40288058002006,1134.6955767530283,0.0,0.0,202.82607945751304,237.86215934781803,2825.6266627450829,0.0,0.0,28.255528841923274,33.292759853780669,320.0337356691763,0.0,0.0,86.77352428578877,101.93521717405868,1120.8224159124753,19.414894679105929,13.31611432037444,612.6522455638751,716.8019048001704,9390.758787887797,0.0,0.0,104.34213773942986,122.25134547531664,1506.8431509107264,1906.450258424893,21.266894953455588,44.04977752259611,21.999999999999998,30.0,0.0,20.401261065197724,46.42802395467012,15.999999999999999,30.0,3241.215186142669,21.36057188127991,43.80172986152624,21.8,30.0,0.0,20.02404212353798,47.50419062992735,15.999999999999999,30.0,0.0,18.024932807123205,53.22920236259708,12.0,30.0,0.0,20.515512249971676,45.70036902375927,15.999999999999999,30.0,0.0,19.283908368311516,49.40052668049981,10.0,30.0,0.0,17.948328525984864,53.53511901036398,12.0,30.0,0.0,18.76532882496947,50.889242944345038,15.999999999999999,30.0,0.0,19.697592591077624,0.0,0.0,0.0,19.54082226984424,0.0,0.0,498.0401651624728,498.1748414099871,497.8414947190886,499.4582674845885,526.8675440656339,519.1225239208139,515.5819377995408,523.6025086981435,522.1074265904555,10224.392935751046,81.2442924397091,83.39115177496281,60.0,0.0,60.0,60.0,16.0,16.0,16.0,16.0,12.0,12.0,21.0,10.0,1.0,0.0,1906.450258424893,0.0,3241.215186142669,0.0,0.0,0.0,0.0,0.0,3248.9152108938408,1949349.1265363042,2531771.271147257,81.2442924397091,83.4276125735593,0.3462971736964614,0.7686702364708076,0.3602813740196596,83.4276125735593,0.3542647819438876,2531771.271147257,0.13313210609965746 
 04/03  15:20:00,12.163333333333336,82.0,5.513333333333334,164.33333333333335,117.33333333333332,0.0,0.0,0.0,0.0,0.0,0.0,0.0,0.0,0.0,0.0,1838.0,0.0,694.7163578946836,59.84020806999986,153.33875499300863,20.83093665047204,554.4479505038166,0.0,59.840208069999828,81.8061012023435,0.0,0.0,20.80288778052637,-1592.4939350493324,21.38298117584666,207.4654317478553,20.051306717933877,-22.524208925191489,20.181021881551105,99.00031767233895,17.949028584637909,22.929659094135674,20.817828139552419,-155.52710951042264,19.005642908429068,206.73286531206214,17.75765169363644,94.6485257026211,18.66522436167584,119.3099719519837,418.86779694521649,-29.998899185647134,0.0,0.0,0.0,0.0,0.0,0.0,0.0,0.0,0.0,0.0,0.0,0.0,0.0,0.0,0.0,0.0,0.0,0.0,0.0,0.0,0.0,0.0,0.7712308730958214,0.2354184594309589,490.7629429066243,569.3856941436347,9114.232195164053,0.20321267180031356,0.031015365048887905,270.79120449006157,314.93638868577968,4818.288718839716,2.048371463811343,0.38706943760607406,470.39404648234958,547.8222538621035,7939.854697531108,0.2506112843085304,0.0473566296879309,267.66627818473315,312.1359756881303,4495.130534118105,0.0,0.0,8.30666048912764,9.763555543791224,97.37750119001584,0.0,0.0,66.39179338165298,77.38883655695845,1095.9448253939059,0.0,0.0,217.94328293805439,254.81144925390209,3198.0787561650938,0.0,0.0,30.744180208621267,36.13830314430392,357.15727712193339,0.0,0.0,97.52002276436537,114.29650467265262,1292.0639548480222,19.809014660391676,13.58642980822475,700.1228188805097,816.9960311600091,11268.446511652824,0.0,0.0,117.33856621078502,137.17990823657494,1722.7318512289176,1891.2343843141712,21.709202402374168,42.87187368433224,22.0,30.0,0.0,21.215777741431425,44.15629333956802,16.0,30.0,148.21199385233923,20.67800531459885,45.67101941057216,21.0,30.0,0.0,20.60622648700299,45.84879511585051,16.0,30.0,0.0,18.039523730826035,53.26747870821594,12.0,30.0,0.0,20.517786339699375,45.76073118488111,16.0,30.0,0.0,19.559759645870395,48.612377145756237,10.0,30.0,0.0,17.984480990897749,53.510304959581848,12.0,30.0,0.0,18.82425240111222,50.79172871808443,16.0,30.0,0.0,20.091224492886157,0.0,0.0,0.0,19.551265157190767,0.0,0.0,497.5595356797546,498.45039737068239,497.4823022735542,498.18685455032849,522.4509415665644,515.7341819862174,513.090598586977,519.0785237880057,517.7916478662235,9816.901467311753,81.51381348166206,81.51381348166206,60.0,0.0,60.0,60.0,16.0,16.0,16.0,16.0,12.0,12.0,21.0,10.0,1.0,0.0,1891.2343843141712,0.0,148.21199385233923,0.0,0.0,0.0,0.0,0.0,0.0,0.0,0.0,81.51381348166206,81.51381348166206,0.34,0.7716835306499115,0.36028137401965956,81.51381348166206,0.3542647819438875,0.0,0.0015066666666666664 
 04/03  15:30:00,12.055,82.5,5.375,157.0,93.0,0.0,0.0,0.0,0.0,0.0,0.0,0.0,0.0,0.0,0.0,3676.0,0.0,613.3039446608473,56.65635796829568,145.1801686676681,18.389806414256527,489.4733681566789,0.0,56.65635796829566,77.45353673050168,0.0,0.0,20.82620195486984,-631.2339903271959,21.52035967566235,99.31030811401524,20.827381655066497,-881.0825578843274,20.292072045658974,534.1856988471448,17.963647031817098,24.36388083208935,20.79168759526964,-122.08412443552231,19.055740825632854,171.17081155621009,17.781540986865644,96.44826133052186,18.705593761291156,135.27248061843705,495.7059702631627,7.830912319831441,0.0,0.0,0.0,0.0,0.0,0.0,0.0,0.0,0.0,0.0,0.0,0.0,0.0,0.0,0.0,0.0,0.0,0.0,0.0,0.0,0.0,0.0,0.8969231551206262,0.273786066886638,363.95491497139826,423.31477285891028,6823.090229832404,0.18661062015636804,0.028481474382840056,147.7785198752472,171.79701513488704,2737.079528884709,1.7580481988122412,0.3322086543484962,384.6274929179047,447.0837776955275,7440.974381602617,0.2605910482004762,0.04924245052919049,285.56982369273728,332.7752721772722,4980.423463112864,0.0,0.0,8.027600942054497,9.448485995461616,95.97811856856854,0.0,0.0,60.743295977782299,70.89155570891656,1017.7671001723122,0.0,0.0,222.76543990356465,260.8129614232321,3332.8642195791546,0.0,0.0,31.278425610655277,36.820504501658849,371.82835687997609,0.0,0.0,108.59282282074855,127.46244829715023,1472.7959254388534,20.355287092413488,13.96110225817112,518.2976544877147,605.1331290180943,8906.169233000084,0.0,0.0,129.38023859149795,151.4991531732497,1931.8293880164054,952.8582508109238,21.64671843206388,43.05868007171696,21.75,30.0,0.0,21.451732832400045,43.533966485396707,16.0,30.0,1609.235675565264,21.80901784819495,42.65870049255873,21.5,30.0,0.0,20.822986126958804,45.28103533532573,16.0,30.0,0.0,18.049869502949126,53.292784893508869,12.0,30.0,0.0,20.536988807005064,45.75731496607362,16.0,30.0,0.0,19.602013441819524,48.54702738113434,10.0,30.0,0.0,18.014805559962178,53.48868557741232,12.0,30.0,0.0,18.878022773785049,50.69958345092657,16.0,30.0,0.0,20.453666609021828,0.0,0.0,0.0,19.57324014803102,0.0,0.0,496.92287236841738,498.19234899789827,496.11186842129816,497.0212223399027,519.5742751794339,513.1818472554808,510.19974068813317,515.5185071835816,514.1743454935754,7463.417035970435,81.79178428886957,83.6170811824183,60.0,0.0,60.0,60.0,16.0,16.0,16.0,16.0,12.0,12.0,21.0,10.0,1.0,0.0,952.8582508109238,0.0,1609.235675565264,0.0,0.0,0.0,0.0,0.0,2762.232777637181,1657339.6665823085,2147229.7413800756,81.79178428886957,83.64808078324059,0.26207442592123939,0.576648391001661,0.27021103051474468,83.64808078324059,0.2656985864579156,2147229.7413800756,0.11318927988509727 
 04/03  15:40:00,11.946666666666669,83.0,5.236666666666666,146.83333333333335,90.0,0.0,0.0,0.0,0.0,0.0,0.0,0.0,0.0,0.0,0.0,1840.0,0.0,578.8150451271022,53.305490519496398,136.5936627000367,17.355660777593174,461.94800598481569,0.0,53.30549051949637,72.87264688280176,0.0,0.0,20.72455410534797,-164.7449712615471,21.50358235814835,-193.1938429479951,20.643183534287539,-413.52669294889167,20.411945814302329,155.9212587681268,17.981202015029667,22.675711834362759,20.775590256423216,-114.2619080891011,19.043792582263728,121.67974427165291,17.803454252624126,93.07807750399184,18.7422744404926,121.26503114517982,456.1990574352112,19.746827389189094,0.0,0.0,0.0,0.0,0.0,0.0,0.0,0.0,0.0,0.0,0.0,0.0,0.0,0.0,0.0,0.0,0.0,0.0,0.0,0.0,0.0,0.0,0.9319946200012429,0.2844916422470216,225.55710846860905,261.83908947441287,4279.088457902534,0.1497615087813608,0.022857373135128334,194.0500809495552,225.3249374856345,3594.2316700727426,1.9605767636566483,0.3704793582117628,313.1066618875927,364.20200901712919,5789.172655012898,0.2183790664534377,0.04126588557321194,228.35547767105343,266.0175234732993,4068.321888926834,0.0,0.0,7.475180581150413,8.787646380228886,91.16959421878696,0.0,0.0,60.07058924442342,70.00750042294988,1020.6171179991553,0.0,0.0,213.77155876784756,250.01192421834706,3219.1538650218988,0.0,0.0,30.84133569746261,36.253456706704088,374.9004035308983,0.0,0.0,105.5991680609484,123.76166894478729,1464.260108867153,20.048110652685968,13.750418829002726,404.821171036146,472.17817292462197,7057.989392087711,0.0,0.0,126.35532290138188,147.7705426384,1906.9136898006619,643.5107041088531,21.483618119852708,43.50370989360623,21.5,30.0,0.0,21.399404368211444,43.733062018597987,16.0,30.0,1178.1687791354626,21.429941378744485,43.69093971935138,21.5,30.0,0.0,20.926063541061713,45.025526994260108,16.0,30.0,0.0,18.061618022733567,53.32413568270511,12.0,30.0,0.0,20.546270105066346,45.78704163220366,19.0,30.0,0.0,19.5380600963449,48.769425601158847,10.0,30.0,0.0,18.040610291415754,53.473154326508488,16.0,30.0,0.0,18.92236232812701,50.61676100781868,16.0,30.0,0.0,20.36729575475642,0.0,0.0,0.0,19.54353726311001,0.0,0.0,497.2812195017816,495.8410125864813,495.4937898921123,495.7421450146711,516.2952972572523,510.42819387891066,508.9635439062992,512.4427739699592,511.5910442245035,10010.807779469747,81.3854816247072,85.03580047214126,60.0,0.0,60.0,60.0,16.0,16.0,19.0,16.0,16.0,12.0,21.0,10.0,1.0,0.0,643.5107041088531,0.0,1178.1687791354626,0.0,0.0,0.0,0.0,0.0,5524.049935947729,3314429.9615686375,4299098.8251035599,81.3854816247072,85.09779500439763,0.3541349978649243,0.7713292820829997,0.36028137401965956,85.09779500439763,0.3542647819438875,4299098.8251035599,0.22511313890538513 
 04/03  15:50:00,11.838333333333333,83.5,5.098333333333334,136.66666666666667,87.0,0.0,0.0,0.0,0.0,0.0,0.0,0.0,0.0,0.0,0.0,1840.0,0.0,543.9040643172389,49.917365123426247,127.91168579596655,16.30885932306893,434.0857861573153,0.0,49.91736512342622,68.24082259648046,0.0,0.0,20.426116259631749,-68.57983300010892,21.458368258952019,8.179821883329624,20.435642992033928,-243.67639616737098,20.421145689986504,294.9047769334443,17.99898388482452,23.41450312986379,20.758989932617057,-105.91879716616245,19.059162980513784,157.92681718734185,17.817940330868269,89.9472604322973,18.763325577239209,112.00172362303306,508.2256972076857,43.119477249492778,0.0,0.0,0.0,0.0,0.0,0.0,0.0,0.0,0.0,0.0,0.0,0.0,0.0,0.0,0.0,0.0,0.0,0.0,0.0,0.0,0.0,0.0,0.9666795660221043,0.2950792326074799,250.98997138174503,292.0563425206445,4544.506351780029,0.183725213262303,0.028041088715247715,190.97132767381118,221.94454576757748,3585.1082910044617,1.9486117740988776,0.36821840024544186,228.52540441887755,265.95701090370928,4209.770353721829,0.22414898932848077,0.04235619601823143,211.67975989663405,246.57596558071635,3809.3181385515815,0.0,0.0,7.6419542529668569,8.983245009400966,95.03278780286148,0.0,0.0,57.81373587562404,67.36948830312113,995.3564098593146,0.0,0.0,216.78312447487148,253.53543271354338,3315.275928589408,0.0,0.0,31.27377372543144,36.76267391684952,387.6366513393233,0.0,0.0,108.2923438655315,126.92495264333924,1528.740757869408,20.382965371196037,13.980085988474654,404.3523149285367,471.35464379299187,7338.627016914994,0.0,0.0,129.48550266367753,151.46093704256016,1976.0689476940204,10.866264788612125,21.000297926562788,44.880605868789057,21.0,30.0,0.0,21.376190136688466,43.85285207788007,16.0,30.0,64.56151401664865,21.0934139252763,44.63144796766893,21.0,30.0,0.0,20.94036762383803,45.06640212852491,16.0,30.0,0.0,18.073865013121087,53.349615477069168,12.0,30.0,0.0,20.552773573987044,45.839665224113328,19.0,30.0,0.0,19.5481159480326,48.83245796783336,10.0,30.0,0.0,18.052835620119028,53.50608686650315,16.0,30.0,0.0,18.940946945713095,50.63471940896845,16.0,30.0,0.0,20.573924365755845,0.0,0.0,0.0,19.518753725617274,0.0,0.0,493.33492026762147,493.5340828120234,492.99943117733639,492.44799835819699,513.3630345272403,507.066519750947,504.8960684301561,509.3594857606225,508.2467768710567,2938.7786838588147,82.17267866412354,82.17267866412354,60.0,0.0,60.0,60.0,16.0,16.0,19.0,16.0,16.0,12.0,21.0,10.0,1.0,0.0,10.866264788612125,0.0,64.56151401664865,0.0,0.0,0.0,0.0,0.0,0.0,0.0,0.0,82.17267866412354,82.17267866412354,0.17,0.31045692007829836,0.18014068700982978,82.17267866412354,0.17713239097194376,0.0,0.00159 
 04/03  16:00:00,11.73,84.0,4.96,126.5,84.0,0.0,0.0,0.0,0.0,0.0,0.0,0.0,0.0,0.0,0.0,3684.0,0.0,508.6378946757641,46.492571580293297,119.13574935485463,15.251407795593885,405.94009490304509,0.0,46.492571580293269,63.55887017313777,0.0,0.0,20.961357679218794,-541.6773178659696,21.44990952940281,102.08674942690323,20.928852919475767,-744.5813146849366,20.48688563811723,388.1125480167732,18.015694699873138,22.999527267327097,20.724177390479434,-122.23585885038222,19.089237564240749,198.55736367898499,17.82781420557491,85.15607033370213,18.77148591339212,91.30524482002454,498.7181597527215,35.56957922801598,0.0,0.0,0.0,0.0,0.0,0.0,0.0,0.0,0.0,0.0,0.0,0.0,0.0,0.0,0.0,0.0,0.0,0.0,0.0,0.0,0.0,0.0,0.9705202448159502,0.2962516009816698,309.8428123094091,359.89383215285445,6118.048038052293,0.20874584465428315,0.031859866400226369,221.78686202057166,258.1040453975793,4210.512365231357,1.9096198591177119,0.36085031351430699,297.2788593007684,345.4716627692159,5919.923079583734,0.24684426315662209,0.04664479651485677,259.91671921796958,302.7228520797847,4782.730177506793,0.0,0.0,8.021125710917055,9.439539293116035,101.62137073556596,0.0,0.0,61.58747182896868,71.88703575634757,1069.8652735486808,0.0,0.0,212.6795035741709,248.99411863950219,3314.961936414985,0.0,0.0,30.767247259170177,36.212030523154087,388.1936679588413,0.0,0.0,98.55630239613038,115.6405061057853,1411.6794323378163,20.467302759530914,14.037930562092538,468.3014654603897,546.38123086824,8499.060405209573,0.0,0.0,118.77090954419893,139.1225024178507,1818.3391798912469,1007.2563424121312,21.798920110270236,42.77757088939541,21.75,30.0,0.0,21.37842566747765,43.8718958662907,16.0,30.0,1484.7579732638695,21.810613977045926,42.78312655306386,21.5,30.0,0.0,21.02842968159064,44.85046829908046,16.0,30.0,0.0,18.08399084529814,53.37608671004189,12.0,30.0,0.0,20.523834797971074,45.97396896437045,19.0,30.0,0.0,19.59050646602732,48.76029656740717,10.0,30.0,0.0,18.057336711233768,53.55570728226594,16.0,30.0,0.0,18.937827575067048,50.704898260116767,16.0,30.0,0.0,20.522070674922575,0.0,0.0,0.0,19.434562981947374,0.0,0.0,491.8888424626911,492.50181334031427,490.39492594988578,491.3382099415735,510.8096690406072,504.7025672002096,502.47304911822246,506.77158368062745,505.74338524571206,7203.4585849801319,81.48516662926622,83.20002958498499,60.0,0.0,60.0,60.0,16.0,16.0,19.0,16.0,16.0,12.0,21.0,10.0,1.0,0.0,1007.2563424121312,0.0,1484.7579732638695,0.0,0.0,0.0,0.0,0.0,2595.2789910794847,1557167.3946476908,2015387.3126709019,81.48516662926622,83.22915365092742,0.25650929970264949,0.5761221926307703,0.27021103051474468,83.22915365092742,0.2656985864579156,2015387.3126709019,0.10642014025888691 
 04/03  16:10:00,11.615,84.33333333333333,4.861666666666667,116.33333333333332,81.0,0.0,0.0,0.0,2.0,0.0,0.0,0.0,0.0,0.0,4.0,1844.0,0.0,473.07983386794589,43.031611182118798,110.26713797606173,14.185204152107439,377.5614494929924,0.0,43.03161118211877,58.827474916972068,0.0,0.0,20.697502190285964,-231.34436594719865,21.462969391457336,-139.01553838289557,20.920979310925163,-593.969153888278,20.560514866512209,273.9206568375521,18.033692771132107,20.010329518417508,20.821551362846269,-19.36043914970068,19.05079992094157,52.12501205909075,17.83471586847306,80.14861723997695,18.77605330551309,88.34634911094736,481.5519364695774,54.16983987527965,0.0,0.0,0.0,0.0,0.0,0.0,0.0,0.0,0.0,0.0,0.0,0.0,0.0,0.0,0.0,0.0,0.0,0.0,0.0,0.0,0.0,0.0,1.112493757883048,0.3395890591828596,269.81666968419247,313.4254803664695,5219.8678454745809,0.1888168082759859,0.028818194181316534,233.00630067742288,270.62997418926826,4474.4514638781779,1.7479026493286348,0.3302915059199991,256.37002553491916,297.6380257140263,5109.850697240842,0.2227296340239186,0.042087988288722327,258.2286241553986,300.4473530640333,4827.747648725313,0.0,0.0,6.885426577585583,8.096007091052803,88.99355746363861,0.0,0.0,9.774106310213547,11.386321141744825,175.47511625732654,0.0,0.0,156.12226044538759,182.65412224958076,2431.409462801532,0.0,0.0,29.767859534266269,34.993079302921049,382.506896746028,0.0,0.0,100.43982936010205,117.70611707720714,1461.1879071188715,19.99214371437925,13.712032725911698,478.107554404202,557.1817553869591,8745.517492461615,0.0,0.0,120.48726309425695,140.97980450903379,1861.6348483888633,653.4201491906239,21.356725723879245,44.009534776893719,21.5,30.0,0.0,21.398955726676193,43.85730079640659,16.0,30.0,0.0,21.70577276305839,43.81443116123232,21.0,30.0,0.0,21.104340042363267,44.998173424713368,16.0,30.0,0.0,18.097217366605436,53.40846144523453,12.0,30.0,0.0,20.71774103698384,47.352099596112818,19.0,30.0,0.0,19.457927483186098,49.21088276803653,10.0,30.0,0.0,18.058032133493783,53.615865903788549,16.0,30.0,0.0,18.9344688714188,50.76890250010869,16.0,30.0,0.0,20.530485462260608,0.0,0.0,0.0,19.38902323482202,0.0,0.0,491.7824963475905,490.58722558565179,531.513056803929,508.3190573655171,508.2674683245626,616.9007197134115,500.6473341969503,504.30680132119746,503.53260503996048,6418.388299496107,83.76061713739571,83.76061713739571,1744.0,0.0,1744.0,1744.0,16.0,16.0,19.0,16.0,16.0,12.0,21.0,10.0,1.0,0.0,653.4201491906239,0.0,0.0,0.0,0.0,0.0,0.0,0.0,0.0,0.0,0.0,83.76061713739571,83.76061713739571,0.34,0.7667096514935494,0.36028137401965956,83.76061713739571,0.3542647819438875,0.0,0.04796 
 04/03  16:20:00,11.5,84.66666666666667,4.763333333333334,106.16666666666666,78.0,0.0,0.0,0.0,2.0,0.0,0.0,0.0,0.0,0.0,4.0,922.0,0.0,437.28886915907528,39.534854702874159,101.3068018108223,13.112017104040986,348.9969271110051,0.0,39.534854702874138,54.0471437041124,0.0,0.0,21.168392962719847,-1030.5593146312004,21.50754008632468,187.4991881693586,21.0716502801993,-779.1640074686475,20.601133536369557,313.3686744777042,18.05066233062369,21.122434430416889,20.945881914309678,-45.26361191577257,19.107610801427897,188.5887986134294,17.837398360186627,78.261992075222,18.763255773051144,60.739169351417789,519.0760850408551,25.404319905852846,0.0,0.0,0.0,0.0,0.0,0.0,0.0,0.0,0.0,0.0,0.0,0.0,0.0,0.0,0.0,0.0,0.0,0.0,0.0,0.0,0.0,0.0,1.0244808378875714,0.3127230884882697,312.09857327955748,360.8433489228631,6476.471698821204,0.24619564910479567,0.03757564852026796,252.84831478315688,292.8174769482265,5004.4035352351579,2.097233196936214,0.3963025693379091,273.8585853133641,316.79649497171769,5597.342151778985,0.2586496524539496,0.048875595701804528,282.3620559429333,327.37395169971657,5373.096328145892,0.0,0.0,8.60436130459457,10.083332796221433,113.4434746074699,0.0,0.0,12.610282795292804,14.620600613160484,234.90356242511954,0.0,0.0,142.7907411256741,166.48619585949155,2289.3412468681246,0.0,0.0,29.443815554567594,34.510975293155208,384.9084014670918,0.0,0.0,76.1188052078553,88.95993164153151,1119.898426423015,20.275284471178535,13.90623077584262,531.1360786808937,616.8994878624158,9957.94405864877,0.0,0.0,94.47994170255753,110.28249339210804,1457.0595376609609,1377.108444827297,22.040078320598725,42.21757668698075,22.0,30.0,0.0,21.55949882070323,43.45451431450233,16.0,30.0,0.0,21.828469874972414,43.493155307434779,21.0,30.0,0.0,21.158664351601716,45.34550360360659,16.0,30.0,0.0,18.109864705075134,53.44172565760584,12.0,30.0,0.0,20.93726860283964,48.91576704777171,19.0,30.0,0.0,19.58327601461677,48.89683921971702,10.0,30.0,0.0,18.052328275415588,53.72381651992208,16.0,30.0,0.0,18.898456014584594,50.95494272294717,16.0,30.0,0.0,20.669140675871878,0.0,0.0,0.0,19.252356491068214,0.0,0.0,488.6552398599522,496.4330845354266,527.40639877744,534.2378580510728,505.69034146150787,744.5289715941933,498.6671677053346,503.1868424707345,502.60717422200119,10283.44738132796,81.2052597410925,81.2052597410925,1744.0,0.0,1744.0,1744.0,16.0,16.0,19.0,16.0,16.0,12.0,21.0,10.0,1.0,0.0,1377.108444827297,0.0,0.0,0.0,0.0,0.0,0.0,0.0,0.0,0.0,0.0,81.2052597410925,81.2052597410925,0.34,0.7686692309409405,0.36028137401965956,81.2052597410925,0.3542647819438875,0.0,0.048638222222222238 
 04/03  16:30:00,11.385,85.0,4.665,96.0,75.0,0.0,0.0,0.0,2.0,0.0,0.0,0.0,0.0,0.0,4.0,3688.0,0.0,401.31862922063956,36.00247999226176,92.25519664964831,12.03345468775296,320.28932830165328,0.0,36.00247999226175,49.218119668585568,0.0,0.0,20.754903140140386,-93.97244372410592,21.476040091780424,-121.81259777598553,21.183816271069149,-722.6673548858021,20.646668601059234,335.06472217522198,18.0649390653877,18.65640142603492,20.992075769310448,-27.834579380192524,19.081958494546777,68.50848800739164,17.83940805455016,70.72140015546626,18.76202037368813,68.07462366959033,493.91303181500146,81.75538543006974,0.0,0.0,0.0,0.0,0.0,0.0,0.0,0.0,0.0,0.0,0.0,0.0,0.0,0.0,0.0,0.0,0.0,0.0,0.0,0.0,0.0,0.0,1.1647559483871928,0.35554210878729938,182.54814023402668,212.58503691698898,3573.7544290053408,0.21756042285641365,0.033205192743652887,150.16545186890915,174.72393291255248,2982.966722386137,1.8650875624765644,0.3524352914732738,273.93399434984578,318.09012357559507,5708.672049517463,0.23825722827533633,0.045022151979466417,275.67885572868456,320.943968908508,5330.753669451467,0.0,0.0,7.08081791755048,8.335420725758599,95.00493474182886,0.0,0.0,9.855968508743587,11.479128386588176,187.1708134981722,0.0,0.0,156.57959436907215,183.44143473065294,2513.705212249239,0.0,0.0,29.526497371032506,34.75958635194826,392.1129554521432,0.0,0.0,99.35700359044738,116.63343449422038,1482.6651538476877,20.14588667669509,13.817480573864949,404.14624680443839,471.51884548522039,7722.573299845229,0.0,0.0,119.30442531244292,139.87881395948228,1863.4815084666805,0.0,21.25776530795553,44.57050566680443,21.0,30.0,0.0,21.475059653044949,44.05219597794013,16.0,30.0,0.0,21.934453392782868,43.70543538866889,21.0,30.0,0.0,21.208044998086295,45.46343302185369,16.0,30.0,0.0,18.116774352293658,53.4686160862792,12.0,30.0,0.0,21.019096697432734,49.62484804077732,19.0,30.0,0.0,19.475950108614549,49.35334923941019,10.0,30.0,0.0,18.045601876769227,53.854240640148137,16.0,30.0,0.0,18.893981333479127,51.100353448055418,16.0,30.0,0.0,20.62375510361772,0.0,0.0,0.0,19.240955983072415,0.0,0.0,504.6629404332937,506.87577755540749,552.8042575215073,542.6557348284534,504.8899949142407,797.1213482479557,502.0972720010513,505.3920356368385,505.25539300319738,0.0,80.98397897139729,80.98397897139729,1744.0,0.0,1744.0,1744.0,16.0,16.0,19.0,16.0,16.0,12.0,21.0,10.0,1.0,0.0,0.0,0.0,0.0,0.0,0.0,0.0,0.0,0.0,0.0,0.0,0.0,80.98397897139729,80.98397897139729,0.0,0.0,0.0,80.98397897139729,0.0,0.0,0.04931644444444444 
 04/03  16:40:00,11.27,85.33333333333333,4.566666666666666,86.16666666666667,66.33333333333333,0.0,0.0,0.0,2.0,0.0,0.0,0.0,0.0,0.0,4.0,922.0,0.0,353.87447661416356,32.425983669441148,83.09052338151584,10.610851729685255,282.424512776189,0.0,32.42598366944113,44.32877804410091,0.0,0.0,20.576806912077694,63.8140996704733,21.271253551460345,-166.62255175632436,21.27265165811326,-786.0512126025515,20.709829776846644,319.43382728622057,18.07574072776233,15.159378326577525,21.055505346561405,-24.09885985821893,18.965794726525695,69.86409311851367,17.832037692673099,64.90134992800654,18.74910800333118,53.121854027871908,481.6295701890558,68.66738204437434,0.0,0.0,0.0,0.0,0.0,0.0,0.0,0.0,0.0,0.0,0.0,0.0,0.0,0.0,0.0,0.0,0.0,0.0,0.0,0.0,0.0,0.0,1.293332060399161,0.3947900062268501,182.50007903084095,211.71362739637778,3523.2021763818058,0.22509557690266694,0.03435524678001632,157.97316480887424,183.17086203991765,3071.391299814061,1.5275951017568613,0.2886612059253329,277.56295455809996,320.8196803568434,5882.352897689999,0.21156351550769673,0.03997798856910368,270.8290580200197,313.80124369276697,5348.565424996106,0.0,0.0,6.33131594395826,7.419092929770801,86.49355320876804,0.0,0.0,9.487590303362957,10.984210593051543,184.96341932047063,0.0,0.0,135.21873809991667,157.82667599469466,2142.657830352309,0.0,0.0,27.3996299377281,32.11615370657998,369.11134605599366,0.0,0.0,84.59985268837377,98.87653713465382,1277.6325279744816,19.91994064673907,13.662510731645459,407.160928006951,472.9548363029091,7843.50725102128,0.0,0.0,102.97451978309863,120.23809122298725,1610.0501756961238,101.5082216313549,21.003653195873317,45.63242387997494,21.0,30.0,0.0,21.132580585829844,45.47359874408939,16.0,30.0,0.0,22.008746178955709,43.80219780645997,21.0,30.0,0.0,21.29996620012726,45.6025591018456,19.0,30.0,0.0,18.119835147045519,53.58963954007435,12.0,30.0,0.0,21.15386155477528,51.05569843536054,19.0,30.0,0.0,19.249479774129659,50.257542597249777,10.0,30.0,0.0,18.02202457829581,54.180550249391227,16.0,30.0,0.0,18.863881485396,51.40886458989763,16.0,30.0,0.0,20.591845006944859,0.0,0.0,0.0,19.12660723377415,0.0,0.0,519.4214124128109,528.9128068131349,567.6110704989746,559.8019420930762,505.6990055041778,895.1886686934327,508.6598066684997,511.5902440233105,511.1301076291524,5219.3058550986,84.55301607046124,84.55301607046124,1744.0,0.0,1744.0,1744.0,16.0,19.0,19.0,16.0,16.0,12.0,21.0,10.0,1.0,0.0,101.5082216313549,0.0,0.0,0.0,0.0,0.0,0.0,0.0,0.0,0.0,0.0,84.55301607046124,84.55301607046124,0.34,0.6196371591564825,0.36028137401965956,84.55301607046124,0.3542647819438875,0.0,0.049994666666666669 
 04/03  16:50:00,11.155,85.66666666666667,4.468333333333334,76.33333333333333,57.66666666666667,0.0,0.0,0.0,2.0,0.0,0.0,0.0,0.0,0.0,4.0,3692.0,0.0,307.2092753214994,28.835204066551666,73.88925285017796,9.211605632139167,245.1813741785694,0.0,28.83520406655165,39.41991009287875,0.0,0.0,21.116354460454873,-641.2189356565364,21.293282673373,208.46806272591653,21.340617885279813,-771.00986421987,20.742919164729238,326.4609503999259,18.087777078062083,17.99450172739099,21.058440614021586,-46.43184082083539,19.021152179241058,167.40943330250867,17.82836021963078,59.13687593540075,18.735913593716427,34.303602172145819,516.7832486555349,77.19459628724462,0.0,0.0,0.0,0.0,0.0,0.0,0.0,0.0,0.0,0.0,0.0,0.0,0.0,0.0,0.0,0.0,0.0,0.0,0.0,0.0,0.0,0.0,1.2241079422931705,0.3736593230443133,273.7742859841927,317.8488653204217,5767.035033336206,0.26978100382574846,0.04117536688427173,224.2476862945939,260.83128651309769,4478.852002405471,1.9140841271071257,0.3616939015697518,273.22075834291055,317.1560641214778,5875.521114974265,0.23979957292168564,0.045313600325337408,272.77387303307526,317.39401382060967,5462.358259378849,0.0,0.0,8.096445024878392,9.524809350876554,112.50277189092395,0.0,0.0,12.112591172145992,14.086548440463059,239.11684452071177,0.0,0.0,145.69027610663037,170.63588190634074,2376.3141738796609,0.0,0.0,28.594718054063823,33.655596639549639,390.7325441538317,0.0,0.0,84.13945883513564,98.72728100019633,1284.7971479886647,20.331471481218569,13.944767819765826,488.8697335424895,569.8674607116067,9594.581078161867,0.0,0.0,102.84812274607238,120.59639553406157,1613.0153702770886,1096.2288726192076,21.84538601595143,43.75455989460853,21.75,30.0,0.0,21.2750132345365,45.26991899374313,16.0,30.0,0.0,22.04405931137753,43.99901574960048,21.0,30.0,0.0,21.33194669824102,45.8005213162664,19.0,30.0,0.0,18.12646683091134,53.692181785691108,12.0,30.0,0.0,21.170955910114736,51.3843570090931,19.0,30.0,0.0,19.3678925092836,50.2771647962108,10.0,30.0,0.0,18.008192651036983,54.441263024151208,16.0,30.0,0.0,18.838262305357039,51.729522544242119,16.0,30.0,0.0,20.716249707235098,0.0,0.0,0.0,19.035845928407328,0.0,0.0,538.5030624523483,537.7983770932399,579.3283695412947,572.8416383827505,508.29281802426348,912.6462228559051,522.000078089527,519.1089887876387,519.7201579370876,6347.058877297026,82.10022479554634,82.10022479554634,1744.0,0.0,1744.0,1744.0,16.0,19.0,19.0,16.0,16.0,12.0,21.0,10.0,1.0,0.0,1096.2288726192076,0.0,0.0,0.0,0.0,0.0,0.0,0.0,0.0,0.0,0.0,82.10022479554634,82.10022479554634,0.255,0.5772177010771873,0.27021103051474468,82.10022479554634,0.2656985864579156,0.0,0.05076977777777778 
 04/03  17:00:00,11.04,86.0,4.37,66.5,49.0,0.0,0.0,0.0,2.0,0.0,0.0,0.0,0.0,0.0,4.0,1848.0,0.0,224.7523025979877,24.460352798810747,62.6788457177413,6.739162541267805,179.3732244567737,0.0,24.460352798810736,33.4391567316043,0.0,0.0,20.55395580048848,33.72154980863161,21.325721983429064,-40.23255918952873,21.42941871842273,-788.7999863446066,20.785380150875377,337.6276669447134,18.100462109840277,17.011406829890548,21.03881042922835,-34.033999410000038,19.0568506899723,65.47591833344359,17.822948347417289,57.42823429493177,18.71994154724578,40.33839267006147,505.0916241046634,119.77156014829598,0.0,0.0,0.0,0.0,0.0,0.0,0.0,0.0,0.0,0.0,0.0,0.0,0.0,0.0,0.0,0.0,0.0,0.0,0.0,0.0,0.0,0.0,1.3245866054286113,0.4043304656375492,269.6217654722118,313.76646243947797,5274.449191423659,0.24773048979174523,0.03780990381436893,230.84120532817634,268.18889074336996,4690.489588809716,1.7206570932257109,0.3251430637236794,281.2503499456701,325.8547880056118,6152.610213433232,0.22777919598566208,0.04304217611218103,276.0309463273246,320.6412212543388,5619.801234789599,0.0,0.0,7.1759414553905469,8.435518457198509,101.51415335061208,0.0,0.0,11.092098571640016,12.883993168939082,221.69637575880285,0.0,0.0,152.75949358019398,178.7124843197778,2531.331220154204,0.0,0.0,28.50725499378966,33.51299792443173,395.3095191997622,0.0,0.0,97.53818927299993,114.31306074558492,1507.210542881473,20.265964243601816,13.899838301510166,496.36607339049939,577.9761090191241,9831.468196142787,0.0,0.0,116.93131336615412,136.95074278324052,1852.3494953974324,19.29583206736547,20.928426354434199,46.39246385475755,21.0,30.0,0.0,21.366013072899933,45.23127175471639,16.0,30.0,0.0,22.126785422467497,43.93597883894712,21.0,30.0,0.0,21.38685563824083,45.83044029777231,19.0,30.0,0.0,18.137690292347103,53.94536019249108,12.0,30.0,0.0,21.18025688841386,51.93863704426232,19.0,30.0,0.0,19.391299021225014,50.38519009370865,10.0,30.0,0.0,17.992976072197778,54.84553759322809,16.0,30.0,0.0,18.81244934027619,52.16066414812244,16.0,30.0,0.0,20.706823591513094,0.0,0.0,0.0,18.998909279858709,0.0,0.0,544.0509958526513,546.8250811673981,586.8258034199562,580.7694717513434,516.3350088849911,938.8310804531816,529.880693678345,530.5903427148534,531.645889306905,5069.208524145753,81.23733038840195,81.23733038840195,1744.0,0.0,1744.0,1744.0,16.0,19.0,19.0,16.0,16.0,12.0,21.0,10.0,1.0,0.0,19.29583206736547,0.0,0.0,0.0,0.0,0.0,0.0,0.0,0.0,0.0,0.0,81.23733038840195,81.23733038840195,0.17,0.30966073583989536,0.18014068700982978,81.23733038840195,0.17713239097194376,0.0,0.0515448888888889 
 04/03  17:10:00,10.941666666666667,86.33333333333334,4.351666666666667,56.66666666666666,40.33333333333333,0.0,4.0,0.0,0.0,0.0,0.0,0.0,0.0,0.0,0.0,3700.0,0.0,182.88786635483894,20.90882614743149,53.578164625029298,5.48386572838798,145.9615326946449,0.0,20.90882614743148,28.58395054104949,0.0,0.0,21.092731812494514,-549.6967430932564,21.255513366403159,118.55506461050214,21.040023736567976,-176.0116234981864,20.844211054482558,-29.90444855704581,18.112888320200605,21.052919603442804,20.85113918015699,-223.53620351531027,19.142446916668825,219.65068715070584,17.82086302116637,59.8670127623416,18.71109029507713,44.092694035609728,432.4768473540472,161.69685822748535,0.0,0.0,0.0,0.0,0.0,0.0,0.0,0.0,0.0,0.0,0.0,0.0,0.0,0.0,0.0,0.0,0.0,0.0,0.0,0.0,0.0,0.0,1.2308994017668343,0.3757324181217443,350.21525532372217,407.34724257116536,7471.49150703874,0.254476275670365,0.03883948041366987,164.81191126741894,191.96253161856746,3367.641772226393,2.3066528050273025,0.4358754355682735,157.25879857007608,183.11799046523158,3335.7352171426,0.22454702214524217,0.042431410080355658,12.750365950256797,14.841085884004084,266.2334958603559,0.0,0.0,8.71625083472216,10.256734892046112,125.15891828476443,0.0,0.0,79.26290252033829,92.38088116003127,1557.4958548148946,0.0,0.0,241.03247805224039,282.1164722693687,4127.739307380797,0.0,0.0,30.927714508970309,36.4029655032677,434.372126134195,0.0,0.0,112.995316503075,132.61054640120578,1764.9404648121338,20.32327065973604,13.939143113673556,306.89518122373536,358.5948215097621,6158.50505985898,0.0,0.0,134.30387680762304,157.51601165233633,2144.603713125923,840.1395616922469,21.666357924684797,44.62738860576851,21.5,30.0,0.0,21.314052320931134,45.63450247231815,16.0,30.0,0.0,21.529469424549544,45.053063475264057,21.0,30.0,0.0,21.375744720312345,49.11312600871187,19.0,30.0,0.0,18.14747227594868,54.41059770814823,12.0,30.0,0.0,20.891859554040186,48.50825210848926,16.0,30.0,0.0,19.57794201065904,51.48659847835641,10.0,30.0,0.0,17.984776194095134,55.46514368144954,16.0,30.0,0.0,18.798975909626074,53.00275629928187,16.0,30.0,0.0,20.36114502770521,0.0,0.0,0.0,18.96313334330634,0.0,0.0,555.9608669892828,559.2459586452269,558.9035609789899,766.2742123959824,536.4724954824617,680.1217803509267,616.0941351585333,554.2517213227586,567.5972713170413,5277.645460264983,80.8753734810075,82.63222623180025,162.0,0.0,162.0,162.0,16.0,19.0,16.0,16.0,16.0,12.0,21.0,10.0,1.0,0.0,840.1395616922469,0.0,0.0,0.0,0.0,0.0,0.0,0.0,2658.7615965134889,1595256.9579080933,2064323.6306486475,80.8753734810075,82.66206342385957,0.17362538655044963,0.38517320259271978,0.18014068700982978,82.66206342385957,0.17713239097194376,2064323.6306486475,0.11220482879372966 
 04/03  17:20:00,10.843333333333334,86.66666666666667,4.333333333333334,46.83333333333333,31.666666666666666,0.0,4.0,0.0,0.0,0.0,0.0,0.0,0.0,0.0,0.0,1852.0,0.0,142.28923094492547,17.352973297167467,44.46640098762458,4.266523740330643,113.56006747332452,0.0,17.352973297167457,23.722830108629489,0.0,0.0,20.86433398431207,-377.2379717321155,21.17678611408215,-128.99761466688825,20.722823814173723,-95.52277167688863,20.834815820070035,-40.85174081370383,18.127373641834564,19.113177857619165,20.625425292660709,-135.83754044726016,19.162000661099307,93.30938946919741,17.823896785202824,58.614783644157459,18.706760106946797,43.245843716916628,409.53015358828,201.9980267708488,0.0,0.0,0.0,0.0,0.0,0.0,0.0,0.0,0.0,0.0,0.0,0.0,0.0,0.0,0.0,0.0,0.0,0.0,0.0,0.0,0.0,0.0,1.2559949416073507,0.3833928393184831,302.5748653184099,351.2503664655443,6354.569941616617,0.2301562794352911,0.03512763727644858,191.4758590008836,222.53215695882228,3900.8608050512559,2.6242339641382625,0.49588699246754788,85.60092383740829,99.4206481366557,1770.0978571116057,0.15972487697756089,0.03018232747119441,13.737807654087874,15.915041574750827,286.4156183562469,0.0,0.0,7.751274530368397,9.1090228858152,113.04849796665599,0.0,0.0,67.57455250156625,78.73272237672359,1301.4263555133362,0.0,0.0,230.8004165525702,269.8586137850214,3988.504051056935,0.0,0.0,31.133161075708459,36.59630571752833,443.55742857085627,0.0,0.0,116.86670833380225,136.98448614629346,1847.473459935309,20.040822373213289,13.745420009062619,255.902561781029,298.3537815042558,5075.613277348437,0.0,0.0,138.97974333179026,162.83330483570433,2231.532108741696,747.0590385078054,21.372106679320035,45.49998353077848,21.5,30.0,0.0,21.203783230312845,45.94693670864736,16.0,30.0,108.15923783999578,21.066006828207333,46.78949397581459,21.0,30.0,0.0,21.322563863276206,53.52622214684081,19.0,30.0,0.0,18.16087838711167,55.009358641734767,12.0,30.0,0.0,20.59073803584893,48.22643961453123,16.0,30.0,0.0,19.554228603085684,51.150170306885588,10.0,30.0,0.0,17.98632608084145,56.34217511744531,16.0,30.0,0.0,18.793428683280327,53.725447074429819,16.0,30.0,0.0,20.18086143926617,0.0,0.0,0.0,18.9085348822711,0.0,0.0,556.554086955374,556.0560038750601,581.2943388958471,1009.8695998283283,563.1459737752781,608.5030835964054,591.8861566885241,592.9287812272545,600.194548616576,7122.733100362251,83.29506275852481,83.29506275852481,162.0,0.0,162.0,162.0,16.0,19.0,16.0,16.0,16.0,12.0,21.0,10.0,1.0,0.0,747.0590385078054,0.0,108.15923783999578,0.0,0.0,0.0,0.0,0.0,0.0,0.0,0.0,83.29506275852481,83.29506275852481,0.34,0.767279612597458,0.36028137401965956,83.29506275852481,0.3542647819438875,0.0,0.004923 
 04/03  17:30:00,10.745,87.0,4.3149999999999999,37.0,23.0,0.0,4.0,0.0,0.0,0.0,0.0,0.0,0.0,0.0,0.0,3704.0,0.0,103.14689324041294,13.787750308824795,35.33063005748552,3.0928485346534217,82.32086233312232,0.0,13.787750308824787,18.84889998706127,0.0,0.0,21.013044952950247,-71.55581089764928,21.06230205251495,90.01905757784971,21.131316927905784,-549.9442644072221,20.8372748361986,-38.26750587808223,18.136673031842855,17.560918196300194,20.486783054076889,-120.77791460399044,19.13528324571844,123.14458047198332,17.818361650816639,49.14535137196606,18.692309150353947,20.184722558710065,410.03606943638968,192.65028911515106,0.0,0.0,0.0,0.0,0.0,0.0,0.0,0.0,0.0,0.0,0.0,0.0,0.0,0.0,0.0,0.0,0.0,0.0,0.0,0.0,0.0,0.0,1.3249646036142258,0.40444584969909216,254.12825150669793,295.7495817943692,5340.323781604657,0.2760873301602717,0.04213787090358237,167.48816658922545,194.9510029665745,3418.452531951388,2.377956583401458,0.4493493165913565,192.50507733456008,223.7032556201991,4225.207151930506,0.16410022403924574,0.03100911263024295,13.826450119959662,16.07525116946117,290.4947078937184,0.0,0.0,7.7640494102499659,9.13489541262142,114.8069330205828,0.0,0.0,61.63479915410443,71.9543261106207,1180.4416184793759,0.0,0.0,217.8368530468383,255.11355725958016,3778.7787709380015,0.0,0.0,29.79579540683251,35.07675334725111,429.47967809332627,0.0,0.0,106.11023987570933,124.57223930866312,1692.7818308597715,20.328782881513236,13.94292378704612,214.0169596810068,250.16225518967324,4341.856035560274,0.0,0.0,126.70610239718255,148.75633864276788,2023.6819601537903,0.0,21.368280954460596,45.740405438680358,21.0,30.0,0.0,21.0930547896548,46.61974964945951,16.0,30.0,1086.1954126705012,21.76733362391122,44.85263948572828,21.5,30.0,0.0,21.30300235343192,55.16069657857899,19.0,30.0,0.0,18.1653312234361,55.250030632292567,12.0,30.0,0.0,20.43626230362286,48.50077146970796,16.0,30.0,0.0,19.49334627811935,51.423461312154078,10.0,30.0,0.0,17.97271746336686,56.5788404415187,16.0,30.0,0.0,18.768661549413435,53.84572142410154,16.0,30.0,0.0,20.123012818822067,0.0,0.0,0.0,18.76424417693753,0.0,0.0,568.5697618847975,575.4211734387895,579.0520174358874,1098.8410892883376,572.3595903541029,594.7829436246004,591.4072798731304,598.9136380807181,598.6947290037238,5221.90567438972,81.024656074434,82.77070253867248,162.0,0.0,162.0,162.0,16.0,19.0,16.0,16.0,16.0,12.0,21.0,10.0,1.0,0.0,0.0,0.0,1086.1954126705012,0.0,0.0,0.0,0.0,0.0,2642.4243065802768,1585454.5839481659,2052145.5474247162,81.024656074434,82.80035620411171,0.17308081021934258,0.38586813933542687,0.18014068700982978,82.80035620411171,0.17713239097194376,2052145.5474247162,0.11169756846608524 
 04/03  17:40:00,10.646666666666667,87.33333333333334,4.296666666666667,31.666666666666669,19.166666666666669,0.0,4.0,0.0,0.0,0.0,0.0,0.0,0.0,0.0,0.0,1854.0,0.0,85.04211224080474,11.788780244077718,30.208334885676274,2.5499793546404336,67.87156279957675,0.0,11.788780244077712,16.116156357128316,0.0,0.0,21.08950953546464,-385.20219957790325,21.39989856448811,0.17534675498313846,20.626443759983326,-129.47449600238816,20.8383853844711,-57.63801455617016,18.14678757702216,16.240419233983944,20.35808458898883,-98.72688315557139,19.125265924995497,96.60351891824667,17.806019874524546,45.14008327857948,18.66620747738904,11.552944951779637,385.0733904878084,218.11708227986493,0.0,0.0,0.0,0.0,0.0,0.0,0.0,0.0,0.0,0.0,0.0,0.0,0.0,0.0,0.0,0.0,0.0,0.0,0.0,0.0,0.0,0.0,1.33233541883799,0.40669579329608976,223.5733002095817,259.55328519409695,4855.306233591089,0.26317237249583927,0.04016672351890099,107.01801476546913,124.63132233771947,2244.769066762266,2.7113317975859885,0.5123453888106556,184.1337562828641,214.29727382703482,3785.4561324745529,0.12914324545325779,0.02440348553538506,19.417418852718904,22.49863837704227,409.0140541706638,0.0,0.0,7.4937257014673659,8.804450746892546,112.38774070938588,0.0,0.0,58.31541755910138,68.0197508444258,1111.460597327835,0.0,0.0,215.1115178017987,251.58787250886764,3762.0986090265334,0.0,0.0,30.013160731847607,35.28322287278941,437.19283818829509,0.0,0.0,106.48399400819739,124.85130280246739,1711.1558816343718,20.17183584469452,13.835278357129305,183.23335420558443,213.94218393254,3727.8932543648554,0.0,0.0,127.43832112832644,149.4583479452105,2032.0357664693736,838.9107525746312,21.633086800404198,45.07612962759031,21.5,30.0,804.5927886512352,21.58857484270245,45.56017509710766,21.5,30.0,135.77014892886437,20.93689375755003,47.759307824053468,21.0,30.0,0.0,21.28257644326274,56.25645211606536,19.0,30.0,0.0,18.171064935761657,55.460562164443178,12.0,30.0,0.0,20.28332361973446,48.97139493287892,16.0,30.0,0.0,19.46337708826711,51.53633867268407,10.0,30.0,0.0,17.948559926947476,56.638892087408709,16.0,30.0,0.0,18.72571665479549,53.94555989271216,16.0,30.0,0.0,19.930829870165888,0.0,0.0,0.0,18.647503274554479,0.0,0.0,570.367033800793,593.5943065626411,611.0927672080431,1156.7073252901383,579.5128549109736,592.0224191738103,589.9598444759944,594.0474440901402,593.0648141957961,6079.648855303472,83.98448868742267,83.98448868742267,162.0,0.0,162.0,162.0,21.0,19.0,16.0,16.0,16.0,12.0,21.0,10.0,1.0,0.0,838.9107525746312,804.5927886512352,135.77014892886437,0.0,0.0,0.0,0.0,0.0,0.0,0.0,0.0,83.98448868742267,83.98448868742267,0.34,0.7673150534466197,0.36028137401965956,83.98448868742267,0.3542647819438875,0.0,0.0050490000000000009 
 04/03  17:50:00,10.548333333333334,87.66666666666667,4.278333333333333,26.333333333333337,15.333333333333336,0.0,4.0,0.0,0.0,0.0,0.0,0.0,0.0,0.0,0.0,3708.0,0.0,67.65196440420285,9.795154527435284,25.09973572841124,2.0285382820905988,53.99260633534727,0.0,9.795154527435278,13.390718856234848,0.0,0.0,21.019010862109007,-47.77720963549882,21.46424829530563,-259.0718075144031,21.121897648745369,-424.2096158264774,20.841733058040427,-41.204843612360807,18.155572392010549,14.903721950192491,20.266892480642157,-85.83129437396429,19.12207076423237,99.85270294837255,17.793378313330345,38.304320586749557,18.639446865773779,-4.877600202324857,448.87778350842157,238.00185970034159,0.0,0.0,0.0,0.0,0.0,0.0,0.0,0.0,0.0,0.0,0.0,0.0,0.0,0.0,0.0,0.0,0.0,0.0,0.0,0.0,0.0,0.0,1.304972415983448,0.39834322832217586,302.87364717139709,352.5733327544132,6491.687132170823,0.23322063304624533,0.03559533471401791,97.39935100418347,113.21567454715017,2122.6407151703294,2.694056715512979,0.5090810120016969,186.259242626972,216.57838941403404,4189.048610582274,0.18254493489260144,0.03449450772724894,12.58289311100961,14.632821142040975,269.3040378925583,0.0,0.0,7.339108950343644,8.63527174607629,111.54202570227905,0.0,0.0,54.56604518971777,63.75992693444889,1041.1514005984294,0.0,0.0,214.99051522652457,251.84843248263568,3792.5895942226859,0.0,0.0,29.90451684714583,35.21531901869424,440.0536713083467,0.0,0.0,108.8876138277266,127.88374290062706,1761.9207239318926,20.646765633904527,14.16101895329529,255.52502860312104,298.5570058106074,5349.424982822386,0.0,0.0,129.50868340005077,152.17833648769978,2063.2538836343067,0.0,21.388985355036508,46.102541850390327,21.0,30.0,0.0,21.670655408800149,45.52796813391658,21.0,30.0,1009.8977682020423,21.783336007771064,45.27430809852978,21.5,30.0,0.0,21.27415065174187,56.820714085694607,19.0,30.0,0.0,18.174966428008035,55.5673308590397,12.0,30.0,0.0,20.194798964611758,49.256089815406287,16.0,30.0,0.0,19.442458474307249,51.67572579965966,10.0,30.0,0.0,17.925419721762304,56.73436835150919,16.0,30.0,0.0,18.68374266421629,54.101958875871037,16.0,30.0,0.0,20.302760668643957,0.0,0.0,0.0,18.540577143999927,0.0,0.0,590.3916481861509,602.6810296307046,604.838126237911,1187.1900985554767,582.3756061596561,589.9230228631391,589.9890939850302,591.4601320567267,590.3413351607593,4668.290788728149,81.47803608586162,81.47803608586162,162.0,0.0,162.0,162.0,21.0,19.0,16.0,16.0,16.0,12.0,21.0,10.0,1.0,0.0,0.0,0.0,1009.8977682020423,0.0,0.0,0.0,0.0,0.0,0.0,0.0,0.0,81.47803608586162,81.47803608586162,0.17,0.38416215215638085,0.18014068700982978,81.47803608586162,0.17713239097194376,0.0,0.005076 
 04/03  18:00:00,10.45,88.0,4.26,21.0,11.5,0.0,4.0,0.0,0.0,0.0,0.0,0.0,0.0,0.0,0.0,1856.0,0.0,50.93751396368788,7.808146510715609,20.00809549403808,1.5273578508643513,40.6529187621051,0.0,7.808146510715606,10.674328252855086,0.0,0.0,20.762971662855774,-21.662225418132495,21.117004689714553,-130.26453026112234,20.65196018166845,-95.21023339960948,20.858143703337054,-46.188635681337448,18.164658283286003,14.02383858398278,20.175840057698779,-77.078044650925,19.09863797143574,84.92999829352084,17.776259149153114,35.32874972939089,18.606400988379293,-9.341133874550906,421.3200195118957,260.37127236114795,0.0,0.0,0.0,0.0,0.0,0.0,0.0,0.0,0.0,0.0,0.0,0.0,0.0,0.0,0.0,0.0,0.0,0.0,0.0,0.0,0.0,0.0,1.336020151682283,0.407820559121576,245.68966560582346,285.8831114660429,5216.314922620497,0.24661478489148093,0.03763961918368146,78.62819501620679,91.59376431325828,1672.7872711893977,2.8395932594586839,0.5365822485749593,150.76027485031725,175.38628790448389,3193.9115810459445,0.1465588050936004,0.027694407614059024,18.302801431276977,21.199573244628085,393.5882925943207,0.0,0.0,7.20940966875706,8.470343709215176,111.08649881628654,0.0,0.0,53.10731538474607,61.98594437603269,1014.1833610210878,0.0,0.0,214.03296417102659,250.40705721741248,3798.884013013304,0.0,0.0,29.88934384857943,35.14866491575399,444.06970769926286,0.0,0.0,109.45711202720935,128.39524671370084,1782.3027478423713,20.46308658330789,14.035038808853154,200.28265983843364,233.85188965947018,4236.418172631478,0.0,0.0,130.2839980726426,152.92648495511848,2075.20956724611,103.50438459754165,21.146737127975233,46.81105806012496,21.0,30.0,0.0,21.21056843150317,46.98391639769467,21.0,30.0,67.36071916396056,21.00879823501871,48.18092013667955,21.0,30.0,0.0,21.288441638523808,57.63714309535304,19.0,30.0,0.0,18.1803874321151,55.67740376638501,12.0,30.0,0.0,20.09897287731372,49.610613816157677,16.0,30.0,0.0,19.394985337254068,51.897628321605868,10.0,30.0,0.0,17.89564469909501,56.87631800893841,16.0,30.0,0.0,18.63302422645926,54.32232409316269,16.0,30.0,0.0,20.105434480108906,0.0,0.0,0.0,18.435577682853933,0.0,0.0,590.9420036366181,609.985193764681,644.9680402530098,1236.479913920457,585.0533605902339,590.2832292619921,591.6330468384904,589.8306716681952,589.8088259733229,3317.4045280715724,82.37112914858298,82.37112914858298,162.0,0.0,162.0,162.0,21.0,19.0,16.0,16.0,16.0,12.0,21.0,10.0,1.0,0.0,103.50438459754165,0.0,67.36071916396056,0.0,0.0,0.0,0.0,0.0,0.0,0.0,0.0,82.37112914858298,82.37112914858298,0.17,0.30970131692356708,0.18014068700982978,82.37112914858298,0.17713239097194376,0.0,0.005103 
 04/03  18:10:00,10.341666666666667,88.50000000000002,4.258333333333333,15.666666666666665,7.666666666666665,0.0,0.0,0.0,0.0,0.0,0.0,4.0,0.0,0.0,0.0,3716.0,0.0,34.46087925628593,5.82950545024977,14.937896563951103,1.0333084113569793,27.503031597925689,0.0,5.829505450249767,7.969375913013045,0.0,0.0,21.24193331258585,-231.76134139644877,21.180918741862123,-13.301025148152576,21.25977830514698,-953.62317866069,20.747071750379225,140.16926816129024,18.17314531732348,14.839561903925848,20.100242395768423,-66.51798357833866,19.11878465085408,126.70078317598973,17.759853094245807,30.103885404214766,18.574187154682734,-25.99422956811543,520.819531174719,301.1530759223342,0.0,0.0,0.0,0.0,0.0,0.0,0.0,0.0,0.0,0.0,0.0,0.0,0.0,0.0,0.0,0.0,0.0,0.0,0.0,0.0,0.0,0.0,1.2581958109585146,0.3840646553597419,209.11708658373238,242.62437654771885,4792.004342022367,0.2958882718837148,0.04515999265624464,19.86985080883749,23.092398721134808,437.74597321690478,2.5060960736283088,0.47356312804767755,413.1526645347766,479.6898508305187,9464.046463655508,0.2525020894333313,0.047713924685058809,261.103254099394,304.22594444301219,5562.204757236679,0.0,0.0,7.749726193082542,9.117174530124409,121.1452530322085,0.0,0.0,48.99029396878495,57.29684670603383,939.6969181883146,0.0,0.0,225.64662445558464,264.2783377387998,4073.1116142808566,0.0,0.0,30.773034637538527,36.24089882669228,462.1713756200161,0.0,0.0,120.46389109696219,141.49309340070949,1975.8934529839719,21.1421281781831,14.500773784762079,400.08722660224029,466.83316059721929,8571.275830561823,0.0,0.0,141.69999107959064,166.5590057845283,2268.0483989633337,772.9901931407505,21.914364888192027,48.485249063016627,21.75,30.0,0.0,21.36024093582942,49.86215441006369,21.0,30.0,1579.693238817938,21.91978889999987,49.31559256489193,21.5,30.0,0.0,21.15206034431466,53.4364286489878,16.0,30.0,0.0,18.185937866239465,55.80575296649799,12.0,30.0,0.0,20.03238447317254,50.06388291339961,16.0,30.0,0.0,19.43941239720654,52.745758466072647,10.0,30.0,0.0,17.869439431129636,57.040804269549038,16.0,30.0,0.0,18.586196786658765,54.62273012485507,16.0,30.0,0.0,20.626116900148739,0.0,0.0,0.0,18.360940565542348,0.0,0.0,819.7235652883752,803.933069013119,871.0392811338949,970.8161439854534,589.4853260065914,601.141067146801,639.522873024131,590.5710827440264,593.9181435862968,7266.030463133204,81.47694358406273,83.16416421467969,240.0,0.0,240.0,240.0,21.0,16.0,16.0,16.0,16.0,12.0,21.0,10.0,1.0,0.0,772.9901931407505,0.0,1579.693238817938,0.0,0.0,0.0,0.0,0.0,2553.4860073314168,1532091.60439885,1983057.9297205678,81.47694358406273,83.19281882217565,0.2551162002443806,0.5771290846094064,0.27021103051474468,83.19281882217565,0.2656985864579156,1983057.9297205678,0.11071901234546952 
 04/03  18:20:00,10.233333333333335,89.0,4.256666666666667,10.333333333333333,3.8333333333333328,0.0,0.0,0.0,0.0,0.0,0.0,4.0,0.0,0.0,0.0,2791.0,0.0,20.215421331168707,3.833428559710009,9.823020754505896,0.6061598459037529,16.133824195125766,0.0,3.8334285597100075,5.240587471566784,0.0,0.0,21.06127011185414,-231.96218458568434,21.300168862514938,-43.34622485548905,20.698128649753224,-76.7250604061217,20.65803557983039,2.273750722175617,18.182710106681485,13.40203667813033,20.032854417683497,-52.239095733428388,19.11868711178621,56.11232842840579,17.744076552286346,30.57462406462945,18.539478799581546,-21.60176229684323,398.4531814516505,337.24082178428207,0.0,0.0,0.0,0.0,0.0,0.0,0.0,0.0,0.0,0.0,0.0,0.0,0.0,0.0,0.0,0.0,0.0,0.0,0.0,0.0,0.0,0.0,1.3072550583665644,0.3990400056063992,125.37572129455362,145.78539592335657,2763.2183766814957,0.21228064656839958,0.03239936608186805,20.646364435335774,23.96850570249716,465.1531597557439,2.8814592794497688,0.5444934390494649,220.02752669299384,256.3951149939453,4759.3715921941989,0.2655909494248373,0.050187254237497567,151.62014975689295,176.74810138491282,3249.076684054603,0.0,0.0,7.147738633185693,8.407352522513266,113.39061223855127,0.0,0.0,45.96523058655544,53.72160150280429,886.6478577560034,0.0,0.0,226.66897190478637,265.4093963357518,4126.886259554958,0.0,0.0,31.38281294494001,36.94864921803342,476.73736946310637,0.0,0.0,125.91634236387408,147.88792191288577,2081.3434336842158,20.956101365826258,14.37318337848166,222.11782684543696,259.5289867125708,4784.588401545227,0.0,0.0,147.76987835510963,173.6743162908415,2381.750310186116,541.2757143050358,21.481332875531188,49.69250620369091,21.333333333333326,29.99999999999999,0.0,21.57806816658809,52.77632932354845,20.999999999999994,29.99999999999999,43.926745189624487,21.062011742181036,50.43813339867721,20.999999999999994,29.99999999999999,0.0,21.016353133173316,52.058612534046407,15.999999999999993,29.99999999999999,0.0,18.19409579373029,56.24714043928041,11.999999999999995,29.99999999999999,0.0,19.97645744603139,51.07801394329344,15.999999999999993,29.99999999999999,0.0,19.4086700306379,53.57424661725367,9.999999999999997,29.99999999999999,0.0,17.846052431856543,57.86863507056644,15.999999999999993,29.99999999999999,0.0,18.538437296225994,55.75643878911391,15.999999999999993,29.99999999999999,0.0,20.056078343512316,0.0,0.0,0.0,18.310724680552519,0.0,0.0,811.523900809042,1010.1254074734964,781.6358035017394,865.1616033484954,608.7663802189688,643.0258294478127,674.837347260833,622.0740860781707,638.0342978256601,4511.905754427124,82.72335661545839,82.72335661545839,239.99999999999992,0.0,239.99999999999992,239.99999999999992,21.0,16.0,16.0,16.0,16.0,12.0,21.0,10.0,1.0,0.0,541.2757143050358,0.0,43.926745189624487,0.0,0.0,0.0,0.0,0.0,0.0,0.0,0.0,82.72335661545839,82.72335661545839,0.2266666666666666,0.46246372190337756,0.24018758267977295,82.72335661545839,0.2361765212959249,0.0,0.007599999999999999 
 04/03  18:30:00,10.125,89.5,4.255,5.0,0.0,0.0,0.0,0.0,0.0,0.0,0.0,4.0,0.0,0.0,0.0,3724.0,0.0,7.111662282400969,1.7403510602847779,4.459587794888945,0.21324473298121345,5.675796319659809,0.0,1.740351060284777,2.3791918436967878,0.0,0.0,21.125037852874376,-84.43276010312195,21.361546075580156,-57.66900025966919,21.21063535664271,-1052.3685642928988,20.63098092219562,343.8798122987318,18.188811763854767,11.447610610517366,19.966712940621706,-57.87481753821544,19.071216122422088,82.66332715911176,17.727405010822268,23.14296374090594,18.507311873684239,-38.772318336046058,536.9427310589097,336.49498793260798,0.0,0.0,0.0,0.0,0.0,0.0,0.0,0.0,0.0,0.0,0.0,0.0,0.0,0.0,0.0,0.0,0.0,0.0,0.0,0.0,0.0,0.0,1.334652635756508,0.4074031244677986,190.1589735653956,221.4146443382627,4267.709572607822,0.17506477819392028,0.02671928849113557,18.80537518153217,21.823196948675134,431.5395767290788,2.735436116867957,0.516900248841262,362.44521295894335,421.12753526527197,8388.220725848501,0.2953675645941199,0.05581397668067267,226.80662798067514,263.87935431947309,4920.575472445466,0.0,0.0,6.972504918543878,8.20324439657764,112.14234261925276,0.0,0.0,46.341540351044518,54.19359514810972,898.5969481599578,0.0,0.0,221.91189145419768,260.017552309406,4052.129321871267,0.0,0.0,30.25365133177875,35.63670883294792,464.62313957219558,0.0,0.0,121.3945773077443,142.65719128061984,2022.4461285936014,21.190344389003927,14.533843888205715,353.8404667308815,413.2291678151411,7541.552391382134,0.0,0.0,142.0485296284397,167.11139931356008,2280.4629673962256,0.0,21.428786958914665,49.439811480467529,21.0,30.0,0.0,21.694108225399753,54.45227232070422,21.0,30.0,1566.36806914734,21.786569874062363,48.25424254575003,21.5,30.0,0.0,21.052365602933418,50.618501148045158,16.0,30.0,0.0,18.19636497548715,56.68516590150465,12.0,30.0,0.0,19.917873698593618,51.81741448949681,16.0,30.0,0.0,19.326892923812684,54.26796492725722,10.0,30.0,0.0,17.82094897474675,58.75497813924737,16.0,30.0,0.0,18.494816128884957,56.58414792078449,16.0,30.0,0.0,20.207855087974857,0.0,0.0,0.0,18.166946442836627,0.0,0.0,788.5841674431333,1122.5955189410877,780.5696035956945,789.7377797984242,627.5934338758082,670.1895389217009,694.1597076408186,656.5742172306796,668.4871733493288,5143.588183031384,81.73459544651488,83.49849913238347,240.0,0.0,240.0,240.0,21.0,16.0,16.0,16.0,16.0,12.0,21.0,10.0,1.0,0.0,0.0,0.0,1566.36806914734,0.0,0.0,0.0,0.0,0.0,2669.421310188799,1601652.7861132795,2078541.883933591,81.73459544651488,83.52845607272789,0.17398071033962665,0.3833230135803358,0.18014068700982978,83.52845607272789,0.17713239097194376,2078541.883933591,0.11568417796454672 
 04/03  18:40:00,10.016666666666666,90.0,4.253333333333333,0.0,0.0,0.0,0.0,0.0,0.0,0.0,0.0,4.0,0.0,0.0,0.0,8388.0,0.0,0.0,0.0,0.0,0.0,0.0,0.0,0.0,0.0,0.0,0.0,21.070156451813959,-270.97395130666367,21.391418504478595,-97.79603060129446,21.02403293304664,-551.823560688862,20.63636665414925,197.88261342234254,18.193938505690946,10.337010398368891,19.903024785111869,-51.54719299080054,19.05688303538846,89.6929138715534,18.727555549910613,-27.435744811770378,18.462240025484186,-68.22665993346445,412.58610319024219,351.3933065677936,0.0,0.0,0.0,0.0,0.0,0.0,0.0,0.0,0.0,0.0,0.0,0.0,0.0,0.0,0.0,0.0,0.0,0.0,0.0,0.0,0.0,0.0,1.327408725384799,0.40519191861562955,132.43333229729866,154.11153722471475,3019.550486419674,0.13272410894038898,0.0202570373840643,24.439709108931504,28.41114046015232,566.0344465134313,2.9121010588690847,0.55028364680066,224.98210423666746,261.6576921278044,5177.013850767994,0.2944753578546086,0.05564538130283621,177.97874131022025,207.1152857456123,3878.6288874082049,0.0,0.0,6.899491296872642,8.122261725006054,112.46362641720572,0.0,0.0,47.12234950500773,55.16042825993218,918.6461483940092,0.0,0.0,214.02754264720057,250.992604310294,3944.3593904622518,0.0,0.0,18.388170783640697,21.57793717213012,337.9133239421453,0.0,0.0,131.4592312905523,154.60285823116906,2201.4059685740978,21.182694742983334,14.528597217409736,231.63216657110565,270.68629797769838,5047.624545276758,0.0,0.0,137.33670645777122,161.75598084792433,2202.5180467589959,634.178611858329,21.496492225072726,49.318021197121769,21.444444444444497,30.000000000000076,0.0,21.74629042325372,54.92266780390816,21.00000000000005,30.000000000000076,1082.3847801557252,21.479183431473716,48.843206679062109,21.333333333333387,30.000000000000076,0.0,21.04193051286084,50.35237444682915,16.00000000000004,30.000000000000076,0.0,18.197600165217339,57.155804942921367,12.000000000000032,30.000000000000076,0.0,19.86119989323501,52.7080028219708,19.00000000000005,30.000000000000076,0.0,19.303144810915318,54.87550555411373,10.000000000000025,30.000000000000076,1291.8014912988472,19.377380620215538,53.83329253502581,20.700000000000054,30.000000000000076,0.0,18.430055415217816,57.4218736134941,16.00000000000004,30.000000000000076,0.0,19.86783545147926,0.0,0.0,0.0,18.046848200922704,0.0,0.0,790.7606337994947,1153.582982245699,760.0779412409627,772.0021354603234,647.855099746726,704.7198163904595,718.5239892099901,678.8275875226248,695.2585330290463,9708.221790717995,81.58564806308562,83.17508985946223,240.0000000000006,0.0,240.0000000000006,240.0000000000006,21.0,16.0,19.0,16.0,19.7,12.0,21.0,10.0,1.0,0.0,634.178611858329,0.0,1082.3847801557252,0.0,0.0,0.0,1291.8014912988472,0.0,2405.363205130937,1443217.923078558,1880101.3751436212,81.58564806308562,83.20208385774935,0.34462321794880976,0.769527009607152,0.36028137401966056,83.20208385774935,0.3542647819438884,1880101.3751436212,0.10536527150746829 
 04/03  18:50:00,9.908333333333335,90.5,4.251666666666667,0.0,0.0,0.0,0.0,0.0,0.0,0.0,0.0,4.0,0.0,0.0,0.0,2796.0,0.0,0.0,0.0,0.0,0.0,0.0,0.0,0.0,0.0,0.0,0.0,20.794717282178455,-230.11216915968519,21.406635603634926,-108.39828842769495,20.74827710150938,-201.3166491406108,20.590861590547488,60.71406986943435,18.199754330134235,9.345720864596244,19.84112066297567,-42.108937123927599,19.04306222367343,28.464946020138414,19.40330894946653,-67.5800506971612,18.403632318462078,-70.05238504295332,384.3339289569003,423.0633890125795,0.0,0.0,0.0,0.0,0.0,0.0,0.0,0.0,0.0,0.0,0.0,0.0,0.0,0.0,0.0,0.0,0.0,0.0,0.0,0.0,0.0,0.0,1.3566778037071706,0.41412631370792787,110.9916612997821,129.11814317359947,2480.981902335594,0.09777863207221546,0.014923478643500542,29.00809741204543,33.62230134039416,678.5730110332249,2.99276243702901,0.5655257817515143,153.91052785665478,179.25728041986273,3468.3595076403137,0.2818160647773901,0.053253224636695049,147.66238904607935,172.15691733323119,3230.1088499254417,0.0,0.0,6.547085376631291,7.698647793381063,108.18980581480722,0.0,0.0,45.545920110075829,53.24501291579592,892.6240358156588,0.0,0.0,211.28494085419698,247.47695288786918,3922.431277205803,0.0,0.0,24.274792621728485,28.279240607832564,509.73527741396688,0.0,0.0,145.3050597476186,170.71890051653117,2441.206730634643,21.06328900861864,14.446700280259716,164.1028945767194,191.97490067397173,3633.990783657621,0.0,0.0,145.03004883473055,170.57623118940053,2350.3786864694995,145.17791175160429,21.118582831376825,50.55151899377818,21.000000000000015,30.00000000000002,0.0,21.774636854715074,54.94300156211194,21.000000000000015,30.00000000000002,40.54565369099529,21.10777800209481,50.02419862459566,21.000000000000015,30.00000000000002,0.0,20.96436586461394,50.47640232242554,16.000000000000015,30.00000000000002,0.0,18.200762612651748,57.682776284065358,12.00000000000001,30.00000000000002,0.0,19.80089691709766,53.41019574897946,19.000000000000015,30.00000000000002,0.0,19.26039507814364,55.26761210763256,10.000000000000007,30.00000000000002,429.6224770551962,20.57765120037844,50.422265629053068,20.36666666666668,30.00000000000002,0.0,18.34396486078722,58.146056651663247,16.000000000000015,30.00000000000002,0.0,19.80573835423874,0.0,0.0,0.0,18.0184974356793,0.0,0.0,793.9406354213384,1154.4117781292753,762.977093752073,764.4029565285488,670.8525367112814,728.7297786462223,729.5504535859529,703.6159088719567,713.2091996770474,9348.77742386338,81.82332339429752,81.82332339429752,240.00000000000018,0.0,240.00000000000018,240.00000000000018,21.0,16.0,19.0,16.0,19.7,12.0,21.0,10.0,1.0,0.0,145.17791175160429,0.0,40.54565369099529,0.0,0.0,0.0,429.6224770551962,0.0,0.0,0.0,0.0,81.82332339429752,81.82332339429752,0.3400000000000003,0.7697431657665302,0.3602813740196598,81.82332339429752,0.3542647819438878,0.0,0.007480000000000002 
 04/03  19:00:00,9.8,91.0,4.25,0.0,0.0,0.0,0.0,0.0,0.0,0.0,0.0,4.0,0.0,0.0,0.0,3728.0,0.0,0.0,0.0,0.0,0.0,0.0,0.0,0.0,0.0,0.0,0.0,21.240573435661667,-404.1522099872668,21.412560568660493,-79.79172142891096,21.25996353547469,-783.9273089412948,20.605375138136759,366.65386663529719,18.205153458314834,10.173199837645378,19.78567247040656,-49.75161582708853,19.030046144206268,112.76524344641712,19.153074058740868,-41.453246677199448,18.359112352890685,-77.50029382588127,505.3137892646446,423.7987879156044,0.0,0.0,0.0,0.0,0.0,0.0,0.0,0.0,0.0,0.0,0.0,0.0,0.0,0.0,0.0,0.0,0.0,0.0,0.0,0.0,0.0,0.0,1.2956995737138262,0.3955126903888359,157.22760938856966,182.462592223892,3725.3163426039229,0.1595109672877976,0.02434538572768584,20.7963066858047,24.152149239799145,493.3654180975415,2.9016347770105868,0.5483058913474277,277.2438317998016,321.97374884897865,6620.355633888495,0.31981873827931098,0.06043437987137394,270.12080003612229,314.4265553733002,6013.900334162346,0.0,0.0,7.2194260852059959,8.490933431229557,120.90540259378511,0.0,0.0,46.52616654050203,54.43977459929967,917.1272351205821,0.0,0.0,220.81924605859423,258.73963222976308,4150.086056648709,0.0,0.0,22.07293923101825,25.826129693643226,443.31511057921798,0.0,0.0,147.0694651693362,172.92322924648694,2485.9588711942517,21.634440287010386,14.83843641084389,283.70261351786169,331.3700921736989,6226.727677778437,0.0,0.0,146.2093895541132,172.1371972109826,2367.3774997829334,789.333360090759,21.83645037093004,48.149905504627607,21.75,30.0,0.0,21.789836656343679,55.00113238844869,21.0,30.0,1459.7456905687319,21.858728223237664,47.62977740114671,21.5,30.0,0.0,21.0552916849524,50.114724169565288,16.0,30.0,0.0,18.204308920882676,58.0640234894007,12.0,30.0,0.0,19.74822765299882,53.87352222406499,19.0,30.0,0.0,19.26654434576173,55.51370976489087,10.0,30.0,336.5356552650609,19.946478816388458,52.801576766383039,19.95,30.0,0.0,18.285637192020997,58.62715759144726,16.0,30.0,0.0,20.031801140426106,0.0,0.0,0.0,17.902571011997279,0.0,0.0,780.0863197005037,1157.5240959645899,753.442865487467,758.5693424215127,687.6003999404168,742.0931043499043,741.2025737232441,721.3876973580709,724.4784003944965,9666.690651780735,81.61310886506402,83.35336219325177,240.0,0.0,240.0,240.0,21.0,16.0,19.0,16.0,19.7,12.0,21.0,10.0,1.0,0.0,789.333360090759,0.0,1459.7456905687319,0.0,0.0,0.0,336.5356552650609,0.0,2633.665996624228,1580199.5979745368,2050698.1343649536,81.61310886506402,83.38291747200899,0.342788866554141,0.7687609618068105,0.36028137401965956,83.38291747200899,0.3542647819438875,2050698.1343649536,0.11399630298697758 
 04/03  19:10:00,9.678333333333335,91.50000000000002,4.248333333333334,0.0,0.0,0.0,0.0,1.0,2.0,0.0,0.0,4.0,0.0,0.0,0.0,1864.0,0.0,0.0,0.0,0.0,0.0,0.0,0.0,0.0,0.0,0.0,0.0,21.135155020603454,-365.9157987739952,21.43223870849171,-93.2508023745417,20.663263888017704,-176.10715454974344,20.598991624123629,46.60843473419891,18.21193251541679,9.421248404700336,19.838180847952736,-8.426107757673976,19.009528212313044,6.457461834050264,19.565998323969475,-88.27447238518619,18.307769153499068,-84.81622433057328,483.28788223677659,492.76048621081829,0.0,0.0,0.0,0.0,0.0,0.0,0.0,0.0,0.0,0.0,0.0,0.0,0.0,0.0,0.0,0.0,0.0,0.0,0.0,0.0,0.0,0.0,1.358020807939206,0.41453626615970876,119.80849716861559,138.7718928252612,2878.0745629911646,0.11043691150727006,0.01685545047424757,27.29625510487532,31.57528623351561,654.0193449747453,3.059391999364802,0.5781164019963725,290.8929675572484,338.37680715814477,6518.758992040009,0.2935073746049338,0.05546246685656343,233.77873167314938,272.08224787770419,5244.640717170129,0.0,0.0,6.712503700884438,7.8862055071606129,114.1518821844984,0.0,0.0,9.032043887160718,10.546344579009759,182.10980416486218,0.0,0.0,185.4503868253401,217.0500009705442,3506.5756542603528,0.0,0.0,26.69081930280201,31.04971258355098,582.0867337437904,0.0,0.0,155.3323528285611,182.39151310836886,2642.349716164729,21.646695675750619,14.846842027263805,299.4925345995773,349.36878811089277,6634.888032039216,0.0,0.0,155.32263824990089,182.586527300083,2543.038750440577,725.2083764735576,21.567311170439824,49.17186807380442,21.5,30.0,0.0,21.823104383125334,55.37149028708798,21.0,30.0,93.55828946895929,20.930681217618536,50.37020785775344,21.0,30.0,0.0,21.00484631566296,50.200139007687017,16.0,30.0,0.0,18.211181383314434,58.472856841094309,12.0,30.0,0.0,19.85904231209298,55.58081775075594,19.0,30.0,0.0,19.197661136728806,55.84327963808176,10.0,30.0,598.4003165871388,20.723711602600603,51.56407853598028,20.7,30.0,0.0,18.213790169374435,59.14733122771826,16.0,30.0,0.0,20.146401513171683,0.0,0.0,0.0,17.86657167227314,0.0,0.0,791.0152071980278,1182.33273430121,751.0474502158671,754.2710049100676,706.0542910086061,868.0627275774948,744.7529279806253,795.0637655078974,735.0009203956944,6177.179585829399,83.9199031352833,83.9199031352833,270.0,0.0,270.0,270.0,21.0,16.0,19.0,16.0,19.7,12.0,21.0,10.0,1.0,0.0,725.2083764735576,0.0,93.55828946895929,0.0,0.0,0.0,598.4003165871388,0.0,0.0,0.0,0.0,83.9199031352833,83.9199031352833,0.34,0.7676811622101278,0.36028137401965956,83.9199031352833,0.3542647819438875,0.0,0.008145000000000002 
 04/03  19:20:00,9.556666666666669,92.0,4.246666666666667,0.0,0.0,0.0,0.0,1.0,2.0,0.0,0.0,4.0,0.0,0.0,0.0,3728.0,0.0,0.0,0.0,0.0,0.0,0.0,0.0,0.0,0.0,0.0,0.0,21.14623163649193,-104.12914443662555,21.43574338086287,-84.05517458000563,21.237850832651245,-994.4524733352894,20.564629457674707,351.7799098485931,18.21629962854034,8.448261875923017,19.904566391542347,-11.066653837222873,18.93044515355367,33.056241738628617,19.285653682773466,-67.84771227922778,18.26607188598323,-85.93604944567028,510.5685094117789,469.6233054974132,0.0,0.0,0.0,0.0,0.0,0.0,0.0,0.0,0.0,0.0,0.0,0.0,0.0,0.0,0.0,0.0,0.0,0.0,0.0,0.0,0.0,0.0,1.3608982626751918,0.4154146100962124,201.4459481387296,234.67760514513697,4729.880259657263,0.1297162878387464,0.0197979682293569,26.871973278833303,31.18344325201529,650.8496364482132,2.853338035727791,0.5391795230022283,375.27136206216417,436.182276193967,9108.070472132244,0.3087331585953856,0.05833959912989144,232.14834208615927,270.2005798879992,5273.679839692261,0.0,0.0,6.708452997116678,7.8913942235259839,115.73009685527862,0.0,0.0,8.968440762144227,10.47760564161016,185.11209596598068,0.0,0.0,176.01597647217066,206.43406844557195,3325.4537597694536,0.0,0.0,29.338428973400626,34.284561566678529,614.6787583344725,0.0,0.0,147.97634582629514,174.0944507937001,2538.1794301879729,21.958861233307663,15.060947347947648,374.69302454552618,437.6824095723145,8439.736908382596,0.0,0.0,148.27166050284996,174.684120662049,2429.5022243264654,0.0,21.391179713910444,49.511843813691587,21.0,30.0,0.0,21.827934286494484,54.75239559817097,21.0,30.0,1494.5205738845803,21.770274435966685,47.907605634694998,21.5,30.0,0.0,21.00156329109605,50.31409363854371,16.0,30.0,0.0,18.214148573530907,58.77744671328458,12.0,30.0,0.0,19.979720122064806,57.4032422797932,19.0,30.0,0.0,19.067325932573714,56.51389636920799,10.0,30.0,0.0,20.126969655493299,54.11217179674224,19.7,30.0,0.0,18.162491524735878,59.70954094110701,16.0,30.0,0.0,20.244074385403449,0.0,0.0,0.0,17.75075266533483,0.0,0.0,780.7852676693059,1146.6152870964964,753.5902991637499,759.507428875804,720.0465200819099,1000.0012100474437,754.4309091487827,825.6067003581559,752.0723278481319,5081.89407548129,81.7921387832998,83.53873828894152,270.0,0.0,270.0,270.0,21.0,16.0,19.0,16.0,19.7,12.0,21.0,10.0,1.0,0.0,0.0,0.0,1494.5205738845803,0.0,0.0,0.0,0.0,0.0,2643.2604125950376,1585956.2475570224,2059423.2424875973,81.7921387832998,83.56840134685976,0.17310868041983458,0.38313754593191476,0.18014068700982978,83.56840134685976,0.17713239097194376,2059423.2424875973,0.11528000860935504 
 04/03  19:30:00,9.435,92.5,4.245,0.0,0.0,0.0,0.0,1.0,2.0,0.0,0.0,4.0,0.0,0.0,0.0,932.0,0.0,0.0,0.0,0.0,0.0,0.0,0.0,0.0,0.0,0.0,0.0,20.787127985504008,-210.05088697108477,21.431916454254535,-115.66747893574552,20.726928844674768,-133.67974134755515,20.507686079025754,91.93092796952169,18.220423465350537,7.7796601885370368,19.969833852757618,-6.426129624625958,18.886560767299064,26.530908088609978,19.05533623794137,-42.79018920403121,18.214992370332927,-86.973113101335,432.5646118016766,456.6985278089569,0.0,0.0,0.0,0.0,0.0,0.0,0.0,0.0,0.0,0.0,0.0,0.0,0.0,0.0,0.0,0.0,0.0,0.0,0.0,0.0,0.0,0.0,1.4062272609512124,0.42925130065665825,113.7828648435003,131.91527257105987,2628.1841899454409,0.1058172319208683,0.016150371172293698,31.118971616819559,35.92455609995266,760.0818392414518,3.0428444204536997,0.5749894974402307,143.5807666987431,166.48758450258493,3343.859807351099,0.28903587173616926,0.054617511665942777,160.0097886170062,185.6176835891728,3608.6284965286756,0.0,0.0,6.440813833701769,7.540420417340195,112.80337693463307,0.0,0.0,9.617567669713783,11.168375150375395,203.22373462043209,0.0,0.0,172.34394955756438,201.1952353298653,3277.094272105949,0.0,0.0,23.239100535139259,27.054519958551916,473.56933471400478,0.0,0.0,143.04892315827272,167.52286462158436,2470.263389749053,22.009357326133239,15.09558115646999,158.5701720603643,184.72531413181106,3665.602536193442,0.0,0.0,142.77306637519667,167.48791886559648,2328.5828841546956,267.5524724754085,21.01112108273681,50.692907615210618,21.0,30.0,0.0,21.816589043919178,53.973572393856887,21.0,30.0,195.22494085008098,21.005808495289786,50.170338840154489,21.0,30.0,0.0,20.850477377848795,51.037621551137558,16.0,30.0,0.0,18.217791431573266,59.300104879936039,12.0,30.0,0.0,20.101899481862526,59.72088201988127,19.0,30.0,0.0,18.997701929974999,57.21468045696129,10.0,30.0,179.89893784022929,19.70935307826469,56.15286581570397,19.7,30.0,0.0,18.09058707043651,60.37271462665996,16.0,30.0,0.0,19.69791452712967,0.0,0.0,0.0,17.58109103209503,0.0,0.0,781.0340992703038,1098.8557572385528,752.2551752850714,773.1636152105984,744.8134103357464,1157.8425143022224,776.2440068692675,865.4064916422309,770.0177237473512,10457.389774921234,81.09021462830845,87.88460863394416,270.0,0.0,270.0,270.0,21.0,16.0,19.0,16.0,19.7,12.0,21.0,10.0,1.0,0.0,267.5524724754085,0.0,195.22494085008098,0.0,0.0,0.0,179.89893784022929,0.0,10282.754467658257,6169652.680594954,9991688.857776303,81.09021462830845,88.0,0.3427584822552752,0.6174784631922614,0.36028137401965956,88.0,0.3542647819438875,9991688.857776303,0.5278028206043678 
 04/03  19:40:00,9.313333333333335,93.0,4.243333333333333,0.0,0.0,0.0,0.0,1.0,2.0,0.0,0.0,4.0,0.0,0.0,0.0,3732.0,0.0,0.0,0.0,0.0,0.0,0.0,0.0,0.0,0.0,0.0,0.0,21.27161094198556,-406.7987002613552,21.431317242278813,-85.48622463967269,21.29381132168542,-833.0910014685358,20.58038496544782,373.61876502656016,18.2224553405117,7.4220953960534,19.983582415319199,-24.21637535168024,18.902544447468324,71.99808938880983,19.546419832681097,-104.57269232437781,18.17298438785416,-119.9191360427651,518.3157242074835,526.074482607143,0.0,0.0,0.0,0.0,0.0,0.0,0.0,0.0,0.0,0.0,0.0,0.0,0.0,0.0,0.0,0.0,0.0,0.0,0.0,0.0,0.0,0.0,1.3228289911250185,0.40379395333486525,154.57234105115726,179.42242221535754,3811.9957984052955,0.16177858570783666,0.024691481335139904,21.668800368529,25.17412804872434,536.1466010403134,2.919834546052549,0.551745001143717,278.6036210396763,323.6258005432724,6923.753913607263,0.3259435600376631,0.06159175359744199,271.2405735080309,315.8099611064584,6296.582355265167,0.0,0.0,7.294011820664478,8.577704778473237,129.4431652517889,0.0,0.0,10.677466743577753,12.464372521682785,228.4857029299387,0.0,0.0,184.4224866585662,216.25966858991633,3567.6049552428914,0.0,0.0,30.56502552140956,35.63825868722924,679.7702359065752,0.0,0.0,152.23895144223065,179.1446770450894,2648.024152247932,22.63200493772336,15.52263713149751,285.5431064325037,333.6393189441511,6558.41344172103,0.0,0.0,152.5195652530812,179.75540464036508,2519.545693106327,793.8250026480857,21.83723650200922,48.05895423149896,21.75,30.0,0.0,21.81933012540434,54.55414352534806,21.0,30.0,1503.0450244029453,21.870122003992344,47.48790882850892,21.5,30.0,0.0,21.042467410780455,50.06684068055013,16.0,30.0,0.0,18.21845264510436,59.51828289165899,12.0,30.0,0.0,20.12469757551483,60.258862001851188,19.0,30.0,0.0,19.04704788398145,57.10908111750079,10.0,30.0,666.011983368211,20.55357419040106,53.34036428953534,20.45,30.0,0.0,18.036663273188446,60.92762215298899,16.0,30.0,0.0,19.970579619175497,0.0,0.0,0.0,17.566636527368009,0.0,0.0,774.162512426575,1132.8949916482048,746.9463993039818,753.2242771689478,754.5098376869606,1193.2795018758553,779.8814608543733,867.7467029356155,786.7333203232779,6811.810916285514,81.91903850637141,81.91903850637141,270.0,0.0,270.0,270.0,21.0,16.0,19.0,16.0,19.7,12.0,21.0,10.0,1.0,0.0,793.8250026480857,0.0,1503.0450244029453,0.0,0.0,0.0,666.011983368211,0.0,0.0,0.0,0.0,81.91903850637141,81.91903850637141,0.255,0.5767981549059187,0.27021103051474468,81.91903850637141,0.2656985864579156,0.0,0.008280000000000001 
 04/03  19:50:00,9.191666666666667,93.5,4.241666666666667,0.0,0.0,0.0,0.0,1.0,2.0,0.0,0.0,4.0,0.0,0.0,0.0,2803.0,0.0,0.0,0.0,0.0,0.0,0.0,0.0,0.0,0.0,0.0,0.0,21.09499879942713,-255.0060792813846,21.438509597871425,-112.38553600314205,21.026278886922673,-235.71307398828157,20.57015977194706,44.04114216866192,18.224521936853948,7.304426797949187,19.99459011157009,-9.539822158833495,18.881387611287857,-19.88180084303805,19.226921316147825,-63.6170062248447,18.12568656166774,-104.36859444916604,444.37122566024495,539.3472032674615,0.0,0.0,0.0,0.0,0.0,0.0,0.0,0.0,0.0,0.0,0.0,0.0,0.0,0.0,0.0,0.0,0.0,0.0,0.0,0.0,0.0,0.0,1.4105999090861683,0.43058605283460618,102.00843085358713,118.54551214088809,2482.739972485422,0.10516936880338201,0.016051490965107157,30.972494444895639,35.889337199949228,771.6873834484304,3.0726584711785369,0.5806232938734959,189.33775152340443,220.72985978965517,4531.746253690835,0.2966477945470423,0.05605589466119472,169.5352303914366,197.74000081925539,3967.4083598773206,0.0,0.0,6.407707055228869,7.535881003802036,115.29384715954457,0.0,0.0,10.236480957940787,11.938440278909532,222.08385971243588,0.0,0.0,181.81101702937228,213.19688872092775,3540.381189848172,0.0,0.0,28.78300896166454,33.644085104737737,612.5137274087997,0.0,0.0,155.74322757454275,183.24922820999942,2729.818463694818,22.542075396813883,15.46095706228663,199.7313119590753,233.8444085045549,4692.436649178656,0.0,0.0,156.2374217907946,184.11013462913938,2607.5935844518878,627.0090726595723,21.382178159756984,49.83229832928724,21.33333333333335,30.00000000000002,0.0,21.830261612241306,54.7784841273773,21.000000000000015,30.00000000000002,785.3871619250753,21.350190139880014,49.187585759970989,21.33333333333335,30.00000000000002,0.0,20.977894273252873,50.41366938778718,16.000000000000015,30.00000000000002,0.0,18.220381820189496,59.866167366358329,12.00000000000001,30.00000000000002,0.0,20.15150783187832,61.157710349589667,19.000000000000015,30.00000000000002,0.0,18.987411676215559,57.58845770007944,10.000000000000007,30.00000000000002,0.0,19.9188105965937,55.6587808382629,19.700000000000018,30.00000000000002,0.0,17.978362772533285,61.46870840760421,16.000000000000015,30.00000000000002,0.0,19.717167353301048,0.0,0.0,0.0,17.530412088324505,0.0,0.0,796.9844079868382,1147.875940307159,756.3771156866142,761.8030144404539,770.7304557344493,1249.8937030455937,793.9050542355863,873.1916490892379,802.1388533563096,5716.98805716275,82.11568288951064,82.11568288951064,270.0000000000002,0.0,270.0000000000002,270.0000000000002,21.0,16.0,19.0,16.0,19.7,12.0,21.0,10.0,1.0,0.0,627.0090726595723,0.0,785.3871619250753,0.0,0.0,0.0,0.0,0.0,0.0,0.0,0.0,82.11568288951064,82.11568288951064,0.22666666666666686,0.46345711238758016,0.24018758267977323,82.11568288951064,0.23617652129592518,0.0,0.008295 
 04/03  20:00:00,9.07,94.0,4.24,0.0,0.0,0.0,0.0,1.0,2.0,0.0,0.0,4.0,0.0,0.0,0.0,3740.0,0.0,0.0,0.0,0.0,0.0,0.0,0.0,0.0,0.0,0.0,0.0,20.911255926645418,-248.66119555090723,21.421130003585647,-123.39549671881758,20.899228704464347,-481.17527729899668,20.474357969009377,180.9672468862516,18.22523910632864,6.757631522401205,20.006889474756926,-11.149777007276939,18.823884779567956,11.83517124655964,19.485737359604785,-97.38509455565915,18.084036626605028,-124.45554401630102,494.5183028504521,539.1694395087109,0.0,0.0,0.0,0.0,0.0,0.0,0.0,0.0,0.0,0.0,0.0,0.0,0.0,0.0,0.0,0.0,0.0,0.0,0.0,0.0,0.0,0.0,1.3926803833590227,0.4251161121364538,128.55910742839579,149.66466934690926,3105.2471480539845,0.12157737283469183,0.01855576508465993,30.279012295302985,35.14137449913911,760.473508327822,3.0245122740652174,0.571525373028197,227.67997683763236,265.0933584358311,5527.3139239681499,0.3088873327437659,0.05836873256684918,219.2697780820771,255.71524235174426,5099.100441006235,0.0,0.0,6.54932163213387,7.705074846888272,119.42825114857216,0.0,0.0,10.693077579655512,12.47735569182789,235.09929647143279,0.0,0.0,179.40314623811046,210.53960878071173,3505.8027518219525,0.0,0.0,29.38970608900757,34.28364754254955,658.8094501708334,0.0,0.0,152.2953820936733,179.3047144327536,2690.6922073072689,22.789049182621935,15.63034923362273,234.148031205677,273.95859201218067,5457.850032123126,0.0,0.0,152.63197693007039,180.00729144434548,2551.242134217816,27.16262236325968,21.242111456346444,50.221774195520058,21.0,30.0,0.0,21.801364369769865,54.03701335643703,21.0,30.0,100.71210631172173,21.26324964129179,49.26107251532558,21.0,30.0,0.0,20.84522547113735,50.86966191436024,16.0,30.0,0.0,18.220385076197628,60.2893495652291,12.0,30.0,0.0,20.178787152263568,62.093337007514907,19.0,30.0,0.0,18.899827947186784,58.11155624494734,10.0,30.0,709.8627373492219,20.352731341436145,54.49797622312462,20.45,30.0,0.0,17.925885045777699,61.96950735853839,16.0,30.0,0.0,19.799247051697983,0.0,0.0,0.0,17.417786416366565,0.0,0.0,796.7243341011904,1101.658066469887,748.551800371151,765.4916316344932,791.3195430764469,1305.27491310283,804.7289789797258,892.6441908713432,816.2791535439737,8901.380496115074,82.11916565186933,82.11916565186934,270.0,0.0,270.0,270.0,21.0,16.0,19.0,16.0,19.7,12.0,21.0,10.0,1.0,0.0,27.16262236325968,0.0,100.71210631172173,0.0,0.0,0.0,709.8627373492219,0.0,0.0,0.0,0.0,82.11916565186933,82.11916565186933,0.34,0.7710169149739874,0.36028137401965956,82.11916565186933,0.3542647819438875,0.0,0.008310000000000002 
 04/03  20:10:00,9.040000000000001,94.33333333333334,4.186666666666667,0.0,0.0,0.0,0.0,0.0,2.0,0.0,0.0,4.0,0.0,0.0,0.0,3740.0,0.0,0.0,0.0,0.0,0.0,0.0,0.0,0.0,0.0,0.0,0.0,21.37122590270355,-551.901035103607,21.425821828322677,-68.44822679597834,21.24381476739945,-937.7067875556036,20.605512848039817,429.8846483531952,18.224802964972349,6.624447527306629,20.097347787409015,-34.89337157372296,18.856064426496404,85.42573356003845,19.35321329485498,-76.81373688219989,18.035289548169936,-122.89344010156583,545.334961682599,550.5010241925015,0.0,0.0,0.0,0.0,0.0,0.0,0.0,0.0,0.0,0.0,0.0,0.0,0.0,0.0,0.0,0.0,0.0,0.0,0.0,0.0,0.0,0.0,1.3175857937969489,0.4021934657499844,159.54184869168115,185.13707420217725,4078.815026709517,0.19398316301326563,0.02960670986160953,18.12639774430248,21.03089257328262,459.89869419970048,2.8825559989790094,0.544700680079178,320.7308363356886,372.97530654045979,8133.826631539751,0.34260487702318678,0.06474015060906777,318.35811273173018,371.0573288057012,7576.064407554144,0.0,0.0,7.567658155915215,8.902280944074118,138.4370967193677,0.0,0.0,10.817871618943,12.620511011155069,240.74897906549806,0.0,0.0,193.00437174874689,226.39119742234517,3817.1557609158305,0.0,0.0,27.530267662817708,32.17405645080301,601.3038406671994,0.0,0.0,156.77058933411068,184.58689701652575,2760.013408243294,23.520381932398668,16.131949199176046,331.22126894207687,387.3758403170131,7775.671275752933,0.0,0.0,156.58816459148049,184.6777155298546,2614.23677734743,1131.3474822670817,21.94010756568177,47.69061327841932,22.0,30.0,0.0,21.8144296138579,55.02062448111515,21.0,30.0,1494.9752672382327,21.792465322110215,47.81450251011441,21.5,30.0,0.0,21.1202833461838,50.102420435893098,16.0,30.0,0.0,18.21922815406359,60.61991181077266,12.0,30.0,0.0,20.2910655115315,62.029433233808777,19.0,30.0,0.0,18.99116212965719,58.040923431753267,10.0,30.0,0.0,20.07497854881309,54.80277256778171,12.0,30.0,0.0,17.86282121463127,62.65409464712381,16.0,30.0,0.0,20.148105549671209,0.0,0.0,0.0,17.374249709537496,0.0,0.0,775.6756852112644,1161.219966955532,757.4563148973364,772.5376765423488,806.8678647738911,1326.2586833907774,819.5228072003456,853.4986942382325,837.9703569658619,9043.483649326152,82.02517717950876,83.77986955718653,570.0,0.0,570.0,570.0,21.0,16.0,19.0,16.0,12.0,12.0,21.0,10.0,1.0,0.0,1131.3474822670817,0.0,1494.9752672382327,0.0,0.0,0.0,0.0,0.0,2655.4955002583067,1593297.300154984,2064889.290737482,82.02517717950876,83.80967005893842,0.34351651667527696,0.7688266685923392,0.36028137401965956,83.80967005893842,0.3542647819438875,2064889.290737482,0.12494924311834908 
 04/03  20:20:00,9.010000000000002,94.66666666666667,4.133333333333334,0.0,0.0,0.0,0.0,0.0,2.0,0.0,0.0,4.0,0.0,0.0,0.0,3741.0,0.0,0.0,0.0,0.0,0.0,0.0,0.0,0.0,0.0,0.0,0.0,20.94265956009189,-307.29770843663416,21.427106337375187,-131.0163659814948,21.073762132983437,-237.55965692168889,20.5322160533101,12.281808071340152,18.225103517090767,7.23130951682144,20.19961436956243,-12.177554690659946,18.815052763716424,-36.70845194995945,18.965738292490536,-32.02217219690084,17.995240821775675,-126.38912317283894,468.0126905506427,541.3259499165947,0.0,0.0,0.0,0.0,0.0,0.0,0.0,0.0,0.0,0.0,0.0,0.0,0.0,0.0,0.0,0.0,0.0,0.0,0.0,0.0,0.0,0.0,1.4316273008286229,0.4370046705826078,168.3748239392927,196.15930565713274,4087.7454508315897,0.09601579257802792,0.014654424996646511,34.361458831329837,39.88589738877025,866.5411942736687,3.128426924527064,0.5911615503641469,194.29816964878155,226.49888020934925,4753.136533209074,0.29336109611078606,0.05543482541775999,126.80851061136156,147.87617177416935,2985.5186911288567,0.0,0.0,6.248567523702214,7.349875215546916,114.69704071345118,0.0,0.0,11.50589936277216,13.412282752201424,260.134342876727,0.0,0.0,185.373827641868,217.56472529241689,3636.4579940587789,0.0,0.0,19.171136524603097,22.4543200257057,395.5060979550733,0.0,0.0,156.01756714506377,183.77494444286098,2741.873772017152,23.043881921082698,15.805131633115709,204.9155482761688,240.0120342648384,4877.416880633105,0.0,0.0,155.35449747730804,183.32826836728123,2575.252815506557,108.5011847172793,21.214475623864528,50.395470318086129,21.0,30.0,0.0,21.808966583568905,54.56094452702585,21.0,30.0,757.4691740240701,21.324892708894063,49.49177044897446,21.25,30.0,0.0,20.917186423756314,50.91354647537472,16.0,30.0,0.0,18.220361852652247,60.95920815741165,12.0,30.0,0.0,20.443408826676344,62.07502008455539,19.0,30.0,0.0,18.876158299284908,58.57337197463215,10.0,30.0,0.0,19.41309347645631,56.764071950637248,12.0,30.0,0.0,17.814742295611823,62.83768332124015,16.0,30.0,0.0,19.750956559330587,0.0,0.0,0.0,17.284851287574669,0.0,0.0,805.2251185737584,1135.800409022373,774.4875975294839,783.7270803505501,823.9699546857225,1358.306576145065,825.8207822759501,833.4836000602528,838.0040706363092,4675.8168568421519,82.07957489685181,82.07957489685181,570.0,0.0,570.0,570.0,21.0,16.0,19.0,16.0,12.0,12.0,21.0,10.0,1.0,0.0,108.5011847172793,0.0,757.4691740240701,0.0,0.0,0.0,0.0,0.0,0.0,0.0,0.0,82.07957489685181,82.07957489685181,0.17,0.3469874872334623,0.18014068700982978,82.07957489685181,0.17713239097194376,0.0,0.01767 
 04/03  20:30:00,8.98,95.0,4.08,0.0,0.0,0.0,0.0,0.0,2.0,0.0,0.0,4.0,0.0,0.0,0.0,8424.0,0.0,0.0,0.0,0.0,0.0,0.0,0.0,0.0,0.0,0.0,0.0,21.216323356644908,-531.9484118398958,21.416430148529018,-108.1817092851636,21.207996810156396,-378.22353287425485,20.4698446156809,220.250050696901,18.22386058217824,6.746587742456542,20.276052226767818,-26.32928521617832,18.790764058541347,32.673640141527858,18.726512718467857,-16.700853746098159,17.953147972466625,-139.4100080129161,513.6144414660931,539.9206931572298,0.0,0.0,0.0,0.0,0.0,0.0,0.0,0.0,0.0,0.0,0.0,0.0,0.0,0.0,0.0,0.0,0.0,0.0,0.0,0.0,0.0,0.0,1.366869218500012,0.4172372461843747,173.81100629173529,202.3068339375165,4360.396285370514,0.1457787476433264,0.022249503608566303,27.44610891658847,31.885042140289238,694.6546448924441,3.0367410505197078,0.5738361773468835,244.1517655713335,284.5263214408475,6048.6921298823449,0.323098932526268,0.061054220054094446,247.25757817418873,288.6094481268204,5795.104726552019,0.0,0.0,6.878693089730127,8.098922627335277,126.64069492122224,0.0,0.0,11.632700531857135,13.568747475316123,265.94690427361118,0.0,0.0,190.8022694439663,224.12339175123487,3752.9301304885236,0.0,0.0,15.181700785864406,17.83223784052177,303.3578208869257,0.0,0.0,154.69731552171477,182.39787164300194,2711.809230292199,23.472823459387425,16.09933021905859,256.23008001942505,300.1614410228341,6016.123433522641,0.0,0.0,153.22121552311342,181.01393442134603,2519.5578352016584,725.321067491465,21.5463886191893,49.223592879878939,21.444444444444437,29.99999999999999,0.0,21.793726969752265,54.41474752723998,20.999999999999994,29.99999999999999,0.0,21.402549645096447,49.15881625219214,20.999999999999994,29.99999999999999,0.0,20.855270461750608,51.062441129589597,15.999999999999993,29.99999999999999,0.0,18.2190556461835,61.243718467901448,11.999999999999997,29.99999999999999,0.0,20.547275921831493,62.04461993717636,18.999999999999994,29.99999999999999,0.0,18.873220683504145,58.63370475022715,9.999999999999997,29.99999999999999,0.0,19.025270770115939,58.13209562143788,11.999999999999997,29.99999999999999,0.0,17.7622066573336,63.16645699532119,15.999999999999993,29.99999999999999,0.0,19.837636020839726,0.0,0.0,0.0,17.186872555139293,0.0,0.0,796.9979901707277,1126.0626558232246,770.134949277083,782.1371846757182,837.874278124343,1374.4327481210226,828.4510736773901,831.8459488459926,843.6667166832639,4564.972096678107,81.16806431683459,81.99144234893918,569.9999999999998,0.0,569.9999999999998,569.9999999999998,21.0,16.0,19.0,16.0,12.0,12.0,21.0,10.0,1.0,0.0,725.321067491465,0.0,0.0,0.0,0.0,0.0,0.0,0.0,1246.0031649759363,747601.8989855619,972502.4080406892,81.16806431683459,82.00542604135178,0.15486677216586454,0.34190362102878388,0.16012505511984866,82.00542604135178,0.15745101419728328,972502.4080406892,0.06833512521811582 
 04/03  20:40:00,8.950000000000001,95.33333333333334,4.026666666666667,0.0,0.0,0.0,0.0,0.0,2.0,0.0,0.0,4.0,0.0,0.0,0.0,936.0,0.0,0.0,0.0,0.0,0.0,0.0,0.0,0.0,0.0,0.0,0.0,20.811382106079514,-95.6194287144363,21.392721183804647,-145.7552404115566,20.780935023782904,-405.54307089136565,20.378217641298556,96.94062195297197,18.221711069517445,6.801940362693105,20.357327658367767,-16.688520223264797,18.712250487072248,-17.320297840946304,18.505685884562828,-6.100144511517899,17.906545716530663,-124.25860806982115,425.2974437898367,546.6900560253482,0.0,0.0,0.0,0.0,0.0,0.0,0.0,0.0,0.0,0.0,0.0,0.0,0.0,0.0,0.0,0.0,0.0,0.0,0.0,0.0,0.0,0.0,1.4172042568192108,0.43260203199609628,53.06913605942314,61.51046014082242,1295.4592546375603,0.09343567906327689,0.014260634777667422,35.09775552335243,40.54216626661858,885.7596338150839,3.0407505321765484,0.574593826941903,151.88287044179374,176.16628710019155,3684.6107685625695,0.29567887152831398,0.05587280263195654,168.93149412290965,196.13252971879127,3915.962918103514,0.0,0.0,6.099691369180801,7.13920685729281,112.74170629941394,0.0,0.0,12.046650148872289,13.949835134779294,279.25107379830549,0.0,0.0,184.15290214396632,215.18530780168337,3581.3090089907734,0.0,0.0,12.462426983633325,14.565218830302266,241.15589459088569,0.0,0.0,153.41823292213236,179.89111764452412,2683.277935500523,23.246207983769766,15.943901223436065,167.43054303553755,195.1784849272404,4000.4616232947498,0.0,0.0,151.93118006378263,178.4987708477171,2489.789755541375,186.28754391450935,21.009169461196039,52.70992325160546,21.00000000000001,30.000000000000015,0.0,21.746742392774345,53.76824256003261,21.00000000000001,30.000000000000015,518.774341779616,21.01451734357982,49.841611509688558,21.00000000000001,30.000000000000015,0.0,20.674300977213905,51.61345222058353,16.000000000000008,30.000000000000015,0.0,18.217079750021065,61.69093038951372,12.000000000000006,30.000000000000015,0.0,20.67198210007024,62.1453932302043,19.000000000000008,30.000000000000015,0.0,18.718628366537947,59.375847355338979,10.000000000000004,30.000000000000015,0.0,18.66821371704805,59.507791665792819,12.000000000000006,30.000000000000015,0.0,17.702489320528036,63.46620389440361,16.000000000000008,30.000000000000015,0.0,19.548997583139167,0.0,0.0,0.0,17.119717788030419,0.0,0.0,896.4275268676017,1083.0948356420657,743.9850925898306,781.5616216514679,859.7392023964492,1398.2222771620484,836.9399132184674,834.8742438076075,846.6448125298119,6340.289169548196,83.81224265263893,83.81224265263893,570.0000000000002,0.0,570.0000000000002,570.0000000000002,21.0,16.0,19.0,16.0,12.0,12.0,21.0,10.0,1.0,0.0,186.28754391450935,0.0,518.774341779616,0.0,0.0,0.0,0.0,0.0,0.0,0.0,0.0,83.81224265263893,83.81224265263893,0.3400000000000002,0.6193906915617683,0.3602813740196597,83.81224265263893,0.35426478194388769,0.0,0.01786 
 04/03  20:50:00,8.92,95.66666666666666,3.973333333333333,0.0,0.0,0.0,0.0,0.0,2.0,0.0,0.0,4.0,0.0,0.0,0.0,3748.0,0.0,0.0,0.0,0.0,0.0,0.0,0.0,0.0,0.0,0.0,0.0,21.277265547301157,-483.96597623228788,21.3952093312519,-86.70439646206384,21.387568828385584,-1049.0522886820066,20.511814377209356,451.08437718618759,18.218430100643283,5.733884293873238,20.38910135095245,-38.40356515946594,18.748535401687297,70.97816685315252,18.41515707419073,-8.943656954262665,17.873261328620193,-147.6296649217402,568.5346812627618,542.0580083990083,0.0,0.0,0.0,0.0,0.0,0.0,0.0,0.0,0.0,0.0,0.0,0.0,0.0,0.0,0.0,0.0,0.0,0.0,0.0,0.0,0.0,0.0,1.3464437981968423,0.41100238040196659,202.6819034880685,235.51819683997304,5148.691760767069,0.18147125645446875,0.027697078213441509,21.6564292673483,25.172595507036328,550.7974889381428,2.827223372136257,0.5342447793152415,333.07572395659897,387.00836976494198,8558.25315160747,0.3363363671979389,0.06355562494292116,300.64184930837618,350.2741250425718,7172.407264198733,0.0,0.0,7.155618528032903,8.41439806796773,132.55009472465629,0.0,0.0,11.930851820463344,13.895743160025966,277.6826163252125,0.0,0.0,192.0793795151008,225.4215619535648,3783.385992110877,0.0,0.0,9.169063124441845,10.774730748365979,175.9859090627578,0.0,0.0,151.45103878294806,178.45520403105756,2645.0709606222637,23.991721799160108,16.455227571440408,341.2658670912841,398.93984284276908,8070.51963602218,0.0,0.0,150.07985068380075,177.20864477129755,2444.888503753544,828.2807436484108,21.77357875691716,48.69880438625957,21.75,30.0,0.0,21.759456262857566,54.44281299870732,21.0,30.0,1680.6843042543247,21.901457210845135,47.9164703562781,21.5,30.0,0.0,20.978329604061643,50.69140328922077,16.0,30.0,0.0,18.21382402418667,61.79108135916372,12.0,30.0,0.0,20.700687804977979,61.98000456145414,19.0,30.0,0.0,18.820929856875894,59.16800236408416,10.0,30.0,0.0,18.56018745262969,59.984305844296589,12.0,30.0,0.0,17.665359595617124,63.87935377225124,16.0,30.0,0.0,19.993276382725303,0.0,0.0,0.0,17.04313941556229,0.0,0.0,806.6358763769614,1123.875452113014,783.5522411219357,783.2639071829665,863.5950311335807,1392.8250691015374,844.8666494164362,838.2854565642522,858.3581358515196,6961.695647173756,82.2992318009292,84.08454029558394,570.0,0.0,570.0,570.0,21.0,16.0,19.0,16.0,12.0,12.0,21.0,10.0,1.0,0.0,828.2807436484108,0.0,1680.6843042543247,0.0,0.0,0.0,0.0,0.0,2701.780865867205,1621068.519520323,2102937.134177885,82.2992318009292,84.11486076064063,0.2600593621955735,0.5749401195705624,0.27021103051474468,84.11486076064063,0.2656985864579156,2102937.134177885,0.1268643976439167 
 04/03  21:00:00,8.89,96.0,3.92,0.0,0.0,0.0,0.0,0.0,2.0,0.0,0.0,4.0,0.0,0.0,0.0,1876.0,0.0,0.0,0.0,0.0,0.0,0.0,0.0,0.0,0.0,0.0,0.0,21.247632992761909,-485.0994122546042,21.416544320984867,-98.1060524879046,20.72646149656095,-190.89268225867819,20.54552665670596,50.29482160475027,18.21463906380551,7.177671261642189,20.42092832761416,-30.962596526013216,18.77137807910428,-9.151026492565962,18.298358432196996,-17.345998231354657,17.829517152084337,-138.73292016886263,552.91967271453,598.7019109973549,0.0,0.0,0.0,0.0,0.0,0.0,0.0,0.0,0.0,0.0,0.0,0.0,0.0,0.0,0.0,0.0,0.0,0.0,0.0,0.0,0.0,0.0,1.3987870811188592,0.4269801834917153,151.62125318628007,175.62309405400166,3888.651762920696,0.14472466166371823,0.022088623575048567,27.895415368371674,32.29144339360931,711.3827918311995,3.0266696222478135,0.5719330351942205,337.2548512789929,392.45295819136205,8067.919461781194,0.3071125137081666,0.05803335482013729,246.4386594967528,286.9548933773876,5904.2675942331529,0.0,0.0,6.827538089158437,8.019315727998297,126.86465224112372,0.0,0.0,12.214186402498746,14.194694018581313,286.0405810493238,0.0,0.0,198.11041460993216,232.14732927004077,3921.209239299167,0.0,0.0,9.95675708742461,11.678628536464414,188.3709274677591,0.0,0.0,158.25750682084698,186.2142479862388,2757.8308256535576,24.007642973887817,16.466147444367509,335.6166482718164,391.6930057909606,7943.352192237461,0.0,0.0,160.42939677435255,189.10634057340247,2632.696806441914,827.9850680936434,21.63257876470093,49.286585873150418,21.5,30.0,0.0,21.795673736730615,55.19205454628484,21.0,30.0,77.93945424248601,20.914604136728994,50.89326209944649,21.0,30.0,0.0,20.972245869809158,50.71511686856151,16.0,30.0,0.0,18.210665838080776,61.93830486916359,12.0,30.0,0.0,20.741304501783995,61.858052537156627,19.0,30.0,0.0,18.841686364989316,59.13847515059612,10.0,30.0,0.0,18.392568132384576,60.78708302219244,12.0,30.0,0.0,17.611710400489807,64.22245844551265,16.0,30.0,0.0,20.073122902373428,0.0,0.0,0.0,17.07183008431666,0.0,0.0,814.9984635118625,1172.6398122578949,783.5435494218018,783.2878436622009,869.6006078143997,1390.9710525583303,847.3346090489367,846.3984807479749,863.7455991428477,9121.510326636399,81.9735271297667,85.42049091352541,570.0,0.0,570.0,570.0,21.0,16.0,19.0,16.0,12.0,12.0,21.0,10.0,1.0,0.0,827.9850680936434,0.0,77.93945424248601,0.0,0.0,0.0,0.0,0.0,5216.619670666396,3129971.8023998376,4066969.930784109,81.9735271297667,85.47903180170808,0.34388732235554655,0.7701254630670255,0.36028137401965956,85.47903180170808,0.3542647819438875,4066969.930784109,0.22864576973410698 
 04/03  21:10:00,8.853333333333334,96.16666666666666,3.8516666666666667,0.0,0.0,0.0,0.0,0.0,2.0,0.0,0.0,4.0,0.0,0.0,0.0,3752.0,0.0,0.0,0.0,0.0,0.0,0.0,0.0,0.0,0.0,0.0,0.0,21.203207711074783,-123.2236972147607,21.419281181363997,-92.59047188331158,21.306654436070738,-1083.7241412102367,20.510747116919313,366.21183341903306,18.211600070497256,7.128443768951762,20.450122927553218,-30.991402407606829,18.72207584588226,5.359194210287342,18.206007843403499,-24.88695565249803,17.802956583735019,-128.8941350784046,568.0238070504922,587.8682850741211,0.0,0.0,0.0,0.0,0.0,0.0,0.0,0.0,0.0,0.0,0.0,0.0,0.0,0.0,0.0,0.0,0.0,0.0,0.0,0.0,0.0,0.0,1.4013427611824323,0.4277603056112431,207.48305109223043,241.84863184464886,5154.883539103231,0.151385949090298,0.023105303585210327,28.582542723852027,33.186041280569579,730.9543762737513,2.8245538721924436,0.5337403386607038,381.49833366173336,443.5804291400193,9787.79773886537,0.31919278057042285,0.06031609610174277,237.56895319804426,276.63929689854487,5711.906354908489,0.0,0.0,6.7786402256737479,7.973731587439413,126.4062864158227,0.0,0.0,12.528614444438834,14.587133621320742,295.10883793038286,0.0,0.0,195.71093334139347,229.7986534209391,3857.3428618228988,0.0,0.0,11.591769260266379,13.632021035813182,217.48233653448478,0.0,0.0,154.19980408139655,181.78051051790414,2691.1967837328677,24.19772554540466,16.596519578466848,382.61711355354688,447.2568198883466,9146.318153241129,0.0,0.0,159.29531770442567,188.1543735207565,2607.908620495452,0.0,21.37704660897915,50.00756045948843,21.0,30.0,0.0,21.797970723645937,54.73747379844016,21.0,30.0,1532.0013892070775,21.76061402731078,48.33050590728223,21.5,30.0,0.0,20.960337060756829,50.90181473757934,16.0,30.0,0.0,18.208827205705714,62.14133347219544,12.0,30.0,0.0,20.778107359045646,61.94128680976468,19.0,30.0,0.0,18.761345404750008,59.416107791608727,10.0,30.0,0.0,18.26866976233837,61.42208430826622,12.0,30.0,0.0,17.58920136218092,64.33883577940863,16.0,30.0,0.0,20.138185477271248,0.0,0.0,0.0,17.0170274356463,0.0,0.0,812.8175989695703,1147.155552398368,782.7488654869138,791.180214000588,878.7988633131157,1399.3094105689466,846.1359620239646,853.968941472715,864.6147629259607,3825.0807006488405,82.4198347462643,82.4198347462643,570.0,0.0,570.0,570.0,21.0,16.0,19.0,16.0,12.0,12.0,21.0,10.0,1.0,0.0,0.0,0.0,1532.0013892070775,0.0,0.0,0.0,0.0,0.0,0.0,0.0,0.0,82.4198347462643,82.4198347462643,0.17,0.3829832108464575,0.18014068700982978,82.4198347462643,0.17713239097194376,0.0,0.016815 
 04/03  21:20:00,8.816666666666667,96.33333333333333,3.7833333333333338,0.0,0.0,0.0,0.0,0.0,2.0,0.0,0.0,4.0,0.0,0.0,0.0,938.0,0.0,0.0,0.0,0.0,0.0,0.0,0.0,0.0,0.0,0.0,0.0,20.8536870149532,-318.4492643378262,21.41265831842578,-127.07711657458185,20.78205996075456,-107.54504359162456,20.449574863194465,85.94385349104414,18.20660969173006,7.162572214791027,20.48237276476766,-27.888350686891387,18.67852286126988,-3.508944512729613,18.10253451728591,-25.237716330936565,17.773657226533787,-125.68931164154219,456.43370949136718,594.7718613577836,0.0,0.0,0.0,0.0,0.0,0.0,0.0,0.0,0.0,0.0,0.0,0.0,0.0,0.0,0.0,0.0,0.0,0.0,0.0,0.0,0.0,0.0,1.4262921458476688,0.4353761128961138,142.95494179666415,165.79349538613389,3472.3215976590097,0.12308190498007823,0.018785394532978975,32.287886356124818,37.29323340633986,826.4852534760497,3.0058279143100199,0.567994692802347,145.51909352676729,168.76600975109069,3569.131600653241,0.2965870786823922,0.0560444215197264,162.69821544506548,188.82581998180678,3851.1983178296079,0.0,0.0,6.532512995639032,7.646158308445342,122.32633327535477,0.0,0.0,12.725975364105207,14.729441294640616,302.06624802305768,0.0,0.0,193.33970866888653,225.94524445592658,3802.9126165299405,0.0,0.0,12.89224839978459,15.096222423619678,239.31166899823607,0.0,0.0,151.5448067245861,177.78989705871838,2648.7300285413696,24.1341477643789,16.552913418641226,161.09362437221217,187.78165936811167,3955.549641941914,0.0,0.0,158.0412011974874,185.7989384797015,2580.9263570154864,360.2084119585883,21.014102491323056,50.82446227088799,21.0,30.0,0.0,21.780807208497028,54.080929768313968,21.0,30.0,157.62289038841795,21.003887201526998,51.0230498739619,21.0,30.0,0.0,20.79087316340966,51.70545103246022,16.0,30.0,0.0,18.20370181798886,62.40203492009885,12.0,30.0,0.0,20.824368707578093,61.97295097907794,19.0,30.0,0.0,18.694736457148623,59.98281959357668,10.0,30.0,0.0,18.11909497715156,62.187586683279608,12.0,30.0,0.0,17.55751700541395,64.5586725016096,16.0,30.0,0.0,19.605409817892207,0.0,0.0,0.0,16.951942272823165,0.0,0.0,795.6954079722132,1106.2631069595494,805.0556490333864,805.7227535952591,889.9693162664784,1405.520583990924,860.8864150597265,862.5309315618644,868.3655254940251,9680.944734128203,81.60372462028303,81.60372462028303,570.0,0.0,570.0,570.0,21.0,16.0,19.0,16.0,12.0,12.0,21.0,10.0,1.0,0.0,360.2084119585883,0.0,157.62289038841795,0.0,0.0,0.0,0.0,0.0,0.0,0.0,0.0,81.60372462028303,81.60372462028303,0.34,0.618137230660622,0.36028137401965956,81.60372462028303,0.3542647819438875,0.0,0.016498333333333335 
 04/03  21:30:00,8.780000000000002,96.5,3.715,0.0,0.0,0.0,0.0,0.0,2.0,0.0,0.0,4.0,0.0,0.0,0.0,3756.0,0.0,0.0,0.0,0.0,0.0,0.0,0.0,0.0,0.0,0.0,0.0,21.239379897138855,-311.10056491710329,21.41290761210618,-95.9695544838972,21.256170705768107,-934.6163069159309,20.51475187906945,364.48654131502647,18.20127044498725,6.173394729855119,20.494378896860689,-40.997736263594649,18.699920753959327,36.55229482877462,18.04428797651215,-31.63230653755636,17.747597642066574,-141.77207254815949,537.7839102158048,617.8716455876227,0.0,0.0,0.0,0.0,0.0,0.0,0.0,0.0,0.0,0.0,0.0,0.0,0.0,0.0,0.0,0.0,0.0,0.0,0.0,0.0,0.0,0.0,1.353494915230814,0.4131547360289421,90.62854784349793,105.32234627834028,2324.647096476494,0.16796143776452172,0.025635140073950209,23.812221510779329,27.66085889346899,612.8565948721833,2.854683834971264,0.5394338312492943,265.47654592991577,308.5592227363916,6823.957635119785,0.33061356349225487,0.06247421834698691,278.5398772932513,324.5436134176392,6714.253310870856,0.0,0.0,7.06270275461395,8.307206366456344,132.6131224349367,0.0,0.0,12.506727368764647,14.560670288218644,297.7067072579798,0.0,0.0,202.74775074200867,238.03842590576577,4026.1913391020887,0.0,0.0,15.394981960631667,18.11542215338078,284.76708671878927,0.0,0.0,154.1288948788416,181.71863776605253,2695.402205389806,24.582557345068019,16.860464571377244,276.82158957811449,323.76518406588459,6626.2268897378639,0.0,0.0,163.0684205334251,192.6493973525859,2666.2085071444187,622.5885015645552,21.69838741088885,49.42440809251448,21.5,30.0,0.0,21.78537371727162,54.604098191314289,21.0,30.0,1376.5144387838178,21.737748497991686,48.125426430474117,21.5,30.0,0.0,20.96532889475477,50.81739139376428,16.0,30.0,0.0,18.198789544885508,62.44188606633734,12.0,30.0,0.0,20.831998727549249,61.855591249235498,19.0,30.0,0.0,18.759259085620188,59.62515923544045,10.0,30.0,0.0,18.055684814777139,62.51997447899357,12.0,30.0,0.0,17.531143246234877,64.75657568260165,16.0,30.0,0.0,19.83970113094474,0.0,0.0,0.0,16.928067598141636,0.0,0.0,834.2312454428727,1136.5427499530702,767.4965113343312,787.3402585681247,890.4022855887956,1399.2313048832753,855.1269864458342,866.1740268030582,871.9616005392811,4986.802281536926,80.95337351405513,82.68389324138338,570.0,0.0,570.0,570.0,21.0,16.0,19.0,16.0,12.0,12.0,21.0,10.0,1.0,0.0,622.5885015645552,0.0,1376.5144387838178,0.0,0.0,0.0,0.0,0.0,2618.950168786638,1571370.101271983,2036603.8459207486,80.95337351405513,82.71328321128465,0.1722983389595546,0.38575473083182768,0.18014068700982978,82.71328321128465,0.17713239097194376,2036603.8459207486,0.12208506665454558 
 04/03  21:40:00,8.743333333333333,96.66666666666666,3.6466666666666667,0.0,0.0,0.0,0.0,0.0,2.0,0.0,0.0,4.0,0.0,0.0,0.0,1880.0,0.0,0.0,0.0,0.0,0.0,0.0,0.0,0.0,0.0,0.0,0.0,20.740556750270508,-124.90811950603893,21.417428885611899,-119.08422408122965,21.172177817789945,-645.1329538667474,20.548248237227854,136.8879979247199,18.195602534522405,8.208303458957062,20.509184034799419,-28.621908100593573,18.66199232202949,-38.745148954929849,17.970952826106,-30.23174284790963,17.71579014692626,-133.70292680880676,530.3300564351112,641.4564118918302,0.0,0.0,0.0,0.0,0.0,0.0,0.0,0.0,0.0,0.0,0.0,0.0,0.0,0.0,0.0,0.0,0.0,0.0,0.0,0.0,0.0,0.0,1.4419655218506047,0.4401604157053127,171.5566192759726,199.58610964244725,4144.197349221566,0.12138670074686584,0.018526663728154127,32.20807871605213,37.29679893558191,829.3066137046703,2.8443640916869095,0.5374837663807466,241.35283506999196,280.4897987927989,6144.391540148597,0.2973178174964537,0.05618250519585291,177.35105714987487,206.7772983794565,4307.681401792661,0.0,0.0,6.456699637591601,7.586399005502315,121.67725559964967,0.0,0.0,12.74619828091068,14.809913818440462,304.89312565863829,0.0,0.0,200.91174468741179,235.62162521184269,3974.2404222500374,0.0,0.0,16.011317760269905,18.822053904970887,294.5286548251065,0.0,0.0,156.8383415974231,184.65530658985578,2744.630492985547,24.483946924443829,16.79283053802732,252.33347512530538,294.9618192414238,6078.165234000756,0.0,0.0,166.90897421895444,196.89063752138865,2743.0653932107854,107.77517443429722,20.871122587727837,51.620029032521937,21.0,30.0,0.0,21.791153064456276,54.70766242308595,21.0,30.0,1273.3391728493355,21.59009576148553,48.60846467876982,21.5,30.0,0.0,20.987044396108055,50.81437432140001,16.0,30.0,0.0,18.194264792859813,62.60065513156938,12.0,30.0,0.0,20.85099510669557,61.855313627580787,19.0,30.0,0.0,18.678159414171895,60.010576317217559,10.0,30.0,0.0,17.960041652083676,63.03513988907905,12.0,30.0,0.0,17.496494645734637,64.97789437194884,16.0,30.0,0.0,19.827807470700237,0.0,0.0,0.0,16.93299765525181,0.0,0.0,814.4805314719813,1143.553201010018,769.6684946298389,790.8863039622847,896.3447167597551,1400.5574223063816,858.8993863671742,872.0844455586522,875.049916115399,9050.941830830476,82.02017711692314,85.4656789081401,570.0,0.0,570.0,570.0,21.0,16.0,19.0,16.0,12.0,12.0,21.0,10.0,1.0,0.0,107.77517443429722,0.0,1273.3391728493355,0.0,0.0,0.0,0.0,0.0,5214.409334641577,3128645.600784946,4066081.748811584,82.02017711692314,85.52419496683594,0.34381364448805259,0.7681266365440918,0.36028137401965956,85.52419496683594,0.3542647819438875,4066081.748811584,0.2273012509382024 
 04/03  21:50:00,8.706666666666667,96.83333333333334,3.578333333333333,0.0,0.0,0.0,0.0,0.0,2.0,0.0,0.0,4.0,0.0,0.0,0.0,3760.0,0.0,0.0,0.0,0.0,0.0,0.0,0.0,0.0,0.0,0.0,0.0,21.247986380678247,-584.0426705540631,21.411783657468349,-106.02640668547642,21.136948862449168,-378.32988117021025,20.473705648134776,182.11255890568419,18.189412202716669,6.35326144060916,20.524040633254545,-38.491637679034457,18.63565056679005,40.32125559583574,17.91667447871383,-32.26837083103753,17.689783587802205,-139.819205007552,575.644425245734,618.1532315597165,0.0,0.0,0.0,0.0,0.0,0.0,0.0,0.0,0.0,0.0,0.0,0.0,0.0,0.0,0.0,0.0,0.0,0.0,0.0,0.0,0.0,0.0,1.3721506224606135,0.41884939635549869,241.7049238332787,281.26745510140349,6202.147709696846,0.14634159174306839,0.022335407775193586,28.102653381365248,32.642335460981389,726.0166820799487,2.977993740872214,0.5627350228405547,300.8872690725108,350.5887275162802,7520.455896317835,0.318061661511958,0.060102354783060838,235.59688358489735,274.7192090074886,5655.159743230607,0.0,0.0,6.850775975887646,8.059041563605613,129.5134329751969,0.0,0.0,12.841175355259495,14.949105894538782,308.44291039245209,0.0,0.0,200.49778117746,235.4975771681994,3977.2442063002565,0.0,0.0,16.755710243987747,19.72942408811161,307.35360859466587,0.0,0.0,151.31804775972587,178.46022293995669,2651.0415262482058,24.74491564822462,16.971821432252829,310.6857758795927,363.6060856043996,7478.154677362415,0.0,0.0,161.8184323850166,191.24674834330379,2645.014292572058,816.9019796153312,21.61233349966662,49.12400244379192,21.5,30.0,0.0,21.782679507387227,54.428743857867349,21.0,30.0,0.0,21.28010791168547,49.624840994657819,21.0,30.0,0.0,20.865338063503459,51.220509117017069,16.0,30.0,0.0,18.188699527611069,62.743895170028668,12.0,30.0,0.0,20.86846229655357,61.910041038272868,19.0,30.0,0.0,18.670838967537589,59.913117036550278,10.0,30.0,0.0,17.898244419159668,63.36383317347263,12.0,30.0,0.0,17.470930709251076,65.14954232504897,16.0,30.0,0.0,19.96677336691837,0.0,0.0,0.0,16.849132865179415,0.0,0.0,802.4526111583411,1126.679749915048,775.7151859022824,792.4226233362737,901.5579217931982,1404.957717589879,852.694688181558,875.5432130991158,877.6982386143267,4514.804038544758,81.7880364874545,81.7880364874545,570.0,0.0,570.0,570.0,21.0,16.0,19.0,16.0,12.0,12.0,21.0,10.0,1.0,0.0,816.9019796153312,0.0,0.0,0.0,0.0,0.0,0.0,0.0,0.0,0.0,0.0,81.7880364874545,81.7880364874545,0.17,0.3844956914331695,0.18014068700982978,81.7880364874545,0.17713239097194376,0.0,0.01577 
 04/03  22:00:00,8.67,97.0,3.51,0.0,0.0,0.0,0.0,0.0,2.0,0.0,0.0,4.0,0.0,0.0,0.0,1882.0,0.0,0.0,0.0,0.0,0.0,0.0,0.0,0.0,0.0,0.0,0.0,21.040192280100997,-343.8891969462584,21.40585836469374,-135.2089038495002,21.328532237085424,-1155.4272330241666,20.44655112245484,202.63932025687428,18.181914034391207,8.285319986751972,20.535395722919405,-28.118887464927185,18.610305480361533,-41.16499379840798,17.859129498792816,-30.683717817048774,17.65760232282016,-138.46688242498386,546.8376441670207,643.1103928070816,0.0,0.0,0.0,0.0,0.0,0.0,0.0,0.0,0.0,0.0,0.0,0.0,0.0,0.0,0.0,0.0,0.0,0.0,0.0,0.0,0.0,0.0,1.4430691486812038,0.4404972981322356,252.44278472884884,293.31060202024426,6359.462458179802,0.1104073635578676,0.016850940713960258,34.360479019252228,39.812567605382557,887.8612512367633,2.793871465595195,0.5279424538161746,338.5279417931021,392.32587108956417,8857.23139024303,0.3027082581611291,0.05720110698434033,237.8580194320653,276.91189606065537,5710.002959512778,0.0,0.0,6.327070630290745,7.434739452242398,120.02023550717779,0.0,0.0,13.029221368709934,15.138637835020936,314.3803754413858,0.0,0.0,198.63941326480424,233.03513927569407,3933.3301599542439,0.0,0.0,16.77557923201445,19.733337779747033,306.790957716438,0.0,0.0,154.2584175547321,181.67029785058225,2703.6895917308859,24.67086581181323,16.92103279273885,350.4915011816556,408.8712646467145,8385.8712347549,0.0,0.0,165.21974935772119,194.97975168974467,2709.8797776402377,689.1452162980065,21.336748822294859,50.07527514221334,21.5,30.0,0.0,21.769948750721896,54.23844946021286,21.0,30.0,1867.047497240888,21.76367846860648,48.17311326234079,21.5,30.0,0.0,20.822058575406218,51.43574505861315,16.0,30.0,0.0,18.181848605718576,62.86152261301915,12.0,30.0,0.0,20.88356002801183,61.847990028823669,19.0,30.0,0.0,18.612115088743847,60.19599765360961,10.0,30.0,0.0,17.827550808288295,63.69045587681687,12.0,30.0,0.0,17.434075568815126,65.25612582724122,16.0,30.0,0.0,19.895289479369937,0.0,0.0,0.0,16.839622824173483,0.0,0.0,807.8496152503378,1114.0286008602926,774.8945131430323,796.6915778954622,905.3556070380494,1402.705525892321,855.5679955493826,877.2114251579062,875.4687364179092,8188.394037323847,82.59049610211869,82.59049610211869,570.0,0.0,570.0,570.0,21.0,16.0,19.0,16.0,12.0,12.0,21.0,10.0,1.0,0.0,689.1452162980065,0.0,1867.047497240888,0.0,0.0,0.0,0.0,0.0,0.0,0.0,0.0,82.59049610211869,82.59049610211869,0.34,0.7680407021330908,0.36028137401965956,82.59049610211869,0.3542647819438875,0.0,0.015675 
 04/03  22:10:00,8.641666666666668,97.0,3.473333333333333,0.0,0.0,0.0,0.0,0.0,2.0,0.0,0.0,4.0,0.0,0.0,0.0,8469.0,0.0,0.0,0.0,0.0,0.0,0.0,0.0,0.0,0.0,0.0,0.0,21.132218949867779,-326.0958456791286,21.39716791219975,-124.22598729906805,21.226990822232677,-493.1413505565809,20.48328547831188,193.86999649729843,18.172694876922458,1.928415329002443,20.544709380541947,-25.866630170056788,18.617357125990467,15.283246491914003,17.80222542824817,-56.633056586865247,18.842599806582059,-298.9359371300344,497.1079639964594,660.0861035649851,0.0,0.0,0.0,0.0,0.0,0.0,0.0,0.0,0.0,0.0,0.0,0.0,0.0,0.0,0.0,0.0,0.0,0.0,0.0,0.0,0.0,0.0,1.4060975447104012,0.4292117047345547,125.69597148809982,146.56910462697042,3194.251757728136,0.13941603926585292,0.021278394271345075,30.229312945309084,35.1286256154784,782.9375672510141,2.9043148457772705,0.548812329134027,212.06413865863676,247.4487914797429,5400.9407182872059,0.30937889255760367,0.0584616199088442,210.4185234214949,245.86336194120475,5092.929708124338,0.0,0.0,7.02634459785774,8.274934647610758,133.49001571587017,0.0,0.0,12.877496684333462,15.005246065005432,311.58746964399588,0.0,0.0,160.62376048627153,188.81889480640718,3193.0775215750438,0.0,0.0,28.231340575245427,33.27193569230191,513.3444098532843,0.0,0.0,127.22674870311468,149.08262751990379,2718.1250457509597,24.812968971459044,17.01849723694036,221.24185260558805,259.5823559536705,5413.278502086048,0.0,0.0,127.85765609789135,151.1408710169765,2117.9985123950798,230.76495399071289,21.333051499786057,50.22581138910045,21.111111111111108,29.999999999999994,0.0,21.757143744323007,54.1395595057501,20.999999999999998,29.999999999999994,470.20170971724857,21.352633515974529,49.343137322118568,21.111111111111108,29.999999999999994,0.0,20.89542025673751,50.96383677662201,15.999999999999997,29.999999999999994,0.0,18.171154493009508,62.83344722956849,11.999999999999997,29.999999999999994,0.0,20.89526330938936,60.59192536253838,18.999999999999998,29.999999999999994,0.0,18.656007660549649,60.01906983164402,9.999999999999999,29.999999999999994,0.0,17.754908333212755,64.02948883523078,11.999999999999997,29.999999999999994,2120.6733799308556,19.283696304486257,58.04483595828456,19.888888888888887,29.999999999999994,0.0,19.652138672725309,0.0,0.0,0.0,16.781692793683776,0.0,0.0,817.8546655827105,1107.0710135132336,773.1444296901989,784.6119018798542,901.8046166632585,1378.0903956330029,855.3130438650837,879.6464119118247,868.8520464444107,9847.34685109479,81.49361981193528,83.06828245327363,569.9999999999999,0.0,569.9999999999999,569.9999999999999,21.0,16.0,19.0,19.0,12.0,12.0,21.0,10.0,1.0,0.0,230.76495399071289,0.0,470.20170971724857,0.0,0.0,0.0,0.0,2120.6733799308556,2383.019912232358,1429811.9473394147,1851499.0977870634,81.49361981193528,83.09502545244476,0.3438784415188564,0.7699211869282622,0.36028137401965945,83.09502545244476,0.3542647819438875,1851499.0977870634,0.11185795308492733 
 04/03  22:20:00,8.613333333333334,97.0,3.436666666666667,0.0,0.0,0.0,0.0,0.0,2.0,0.0,0.0,4.0,0.0,0.0,0.0,3764.0,0.0,0.0,0.0,0.0,0.0,0.0,0.0,0.0,0.0,0.0,0.0,21.319218621189529,-557.8292385892248,21.396543301594528,-86.55276081397848,21.27949100049177,-681.3085086721895,20.533986617763128,375.33252751125647,18.15779708215519,2.0393145823493774,20.548027847310359,-35.334286277381348,18.599639218724105,71.30070825226679,17.733968465530219,-48.09302716333534,18.907469003375686,-207.33459395183085,568.6883709533539,653.05586461658,0.0,0.0,0.0,0.0,0.0,0.0,0.0,0.0,0.0,0.0,0.0,0.0,0.0,0.0,0.0,0.0,0.0,0.0,0.0,0.0,0.0,0.0,1.3573259079290519,0.41432414771949097,146.229829495307,169.98248112962765,3800.8079648294467,0.18675250702850874,0.028503129888356038,21.997238730559436,25.553464527757798,573.312429264384,2.882351289698646,0.5446619972975524,260.62281604689965,303.1137609997182,6794.984706220713,0.3345524403609624,0.06321852614530656,274.4405739059734,319.9421876171906,6718.770995026748,0.0,0.0,8.247629840601777,9.704444247428244,156.86797006103289,0.0,0.0,12.009036119579758,13.987551099622224,291.2828509481555,0.0,0.0,166.79265645653329,195.97149256810475,3328.662303560977,0.0,0.0,32.01381305543572,37.73234271967296,578.8446971076967,0.0,0.0,136.6867517247333,160.21037217400267,2913.9906537899807,25.211581503640713,17.29189403541888,272.6476209531404,319.10225569305188,6639.70049646529,0.0,0.0,127.98509726255965,151.2635055272172,2132.6831818718876,694.2851658220465,21.747300904995396,48.55034677680073,21.500000000000005,30.000000000000008,0.0,21.7610417180444,54.67074993361976,21.000000000000005,30.000000000000008,774.7277743244898,21.706004046937659,48.284069139976327,21.500000000000005,30.000000000000008,0.0,21.011563225534169,50.478674703871707,16.000000000000005,30.000000000000008,0.0,18.151803360666809,62.62311472010655,12.000000000000002,30.000000000000008,0.0,20.896588192212016,58.57298307466895,19.000000000000005,30.000000000000008,0.0,18.641555457972684,60.00180175914905,10.000000000000002,30.000000000000008,0.0,17.665036492928377,64.4585222603722,12.000000000000002,30.000000000000008,0.0,19.348737005104689,57.601222159183368,19.000000000000005,30.000000000000008,0.0,19.85898574893168,0.0,0.0,0.0,16.903451092797924,0.0,0.0,795.6127439764663,1138.9544306685412,773.8031722394342,778.9197009179076,888.3014124905773,1330.2487108750145,853.7601906104452,884.2360479754341,863.1981267544659,4754.810515736814,82.26763607700285,83.97266545482469,570.0000000000001,0.0,570.0000000000001,570.0000000000001,21.0,16.0,19.0,19.0,12.0,12.0,21.0,10.0,1.0,0.0,694.2851658220465,0.0,774.7277743244898,0.0,0.0,0.0,0.0,0.0,2580.4115497610666,1548246.9298566399,2006917.7610282978,82.26763607700285,84.0016225139692,0.17101371832536889,0.38330904794219247,0.18014068700982978,84.0016225139692,0.17713239097194376,2006917.7610282978,0.11987639024013817 
 04/03  22:30:00,8.585,97.0,3.4,0.0,0.0,0.0,0.0,0.0,2.0,0.0,0.0,4.0,0.0,0.0,0.0,1884.0,0.0,0.0,0.0,0.0,0.0,0.0,0.0,0.0,0.0,0.0,0.0,21.14738557608886,-310.7653343053578,21.407340575261729,-115.19620524970606,20.787954153303745,-145.77425419332213,20.518775076712556,54.73636191501873,18.14501252854629,2.278540836890798,20.552889471008684,-18.874903087239689,18.678432884148667,43.418374010109349,17.681340264012733,-48.939179213264768,19.080392033097504,-147.43374533801558,518.3487326010168,525.335681810682,0.0,0.0,0.0,0.0,0.0,0.0,0.0,0.0,0.0,0.0,0.0,0.0,0.0,0.0,0.0,0.0,0.0,0.0,0.0,0.0,0.0,0.0,1.4432332744532222,0.44054739757424368,112.49349003479527,130.87767357958888,2860.940400575955,0.1322032627914113,0.020177543161082315,30.939466245953257,35.83345057395843,805.9901133199614,2.950983923276403,0.557631126847393,212.78688301726019,247.86318066029686,5264.614160480887,0.3016769132466737,0.05700621943436764,200.0305373237239,233.08026092534693,4901.866408687974,0.0,0.0,7.0265232691754779,8.259241101203222,133.86347937790323,0.0,0.0,11.552168514436012,13.43355782370135,281.0663480556151,0.0,0.0,128.60428855911005,150.90291335276644,2606.518029983769,0.0,0.0,31.598754031125936,37.193762495750139,569.3910147418424,0.0,0.0,103.20997238940288,120.8689363255886,2207.06123703192,24.945459669554795,17.109368771985463,218.69039137701149,255.80489027782464,5396.231782661459,0.0,0.0,96.75640446531105,114.38077873738343,1557.0937205137369,730.2089038961151,21.490162310181228,49.97010676569444,21.5,30.0,0.0,21.777447306944983,54.78119469242003,21.0,30.0,90.5205262516007,20.96920527820859,50.52163131644531,21.0,30.0,0.0,20.9332824660256,50.66177271350962,16.0,30.0,0.0,18.136901055482924,62.45749057183957,12.0,30.0,0.0,20.904261448570219,57.36287190133671,19.0,30.0,0.0,18.775983606277728,59.297356315755667,10.0,30.0,0.0,17.60130550254908,64.67983117115665,12.0,30.0,966.182271211652,19.503133953217895,56.938666246210278,19.5,30.0,0.0,19.73875988403133,0.0,0.0,0.0,16.53959230126221,0.0,0.0,832.3558942006581,1148.8178169417766,775.286572749866,776.4876221096363,878.4016477845366,1312.5297282695008,845.2606556510127,884.9480128183077,857.0702236044742,9925.603534672147,81.44186011941253,84.99765878843798,570.0,0.0,570.0,570.0,21.0,16.0,19.0,19.0,12.0,12.0,21.0,10.0,1.0,0.0,730.2089038961151,0.0,90.5205262516007,0.0,0.0,0.0,0.0,966.182271211652,5381.159771411852,3228695.8628471109,4187119.4959585557,81.44186011941253,85.05804805427948,0.34937199238039509,0.7718216266289442,0.36028137401965956,85.05804805427948,0.3542647819438875,4187119.4959585557,0.2331835471231782 
 04/03  22:40:00,8.556666666666667,97.0,3.3633333333333335,0.0,0.0,0.0,0.0,0.0,2.0,0.0,0.0,0.0,0.0,0.0,0.0,4710.0,0.0,0.0,0.0,0.0,0.0,0.0,0.0,0.0,0.0,0.0,0.0,20.91439068915576,-247.69522229056967,21.113410598364653,-400.9537497559618,20.68991615709301,-46.539691355830829,20.357601974261173,66.47324206743889,18.13411241760128,1.791387715369939,20.451203957465233,-35.58254485064157,18.608592166161743,-79.4201749598051,17.62873693535466,-58.050786343405757,19.078506165937399,-254.31615454280564,603.2298764751718,793.801847866117,0.0,0.0,0.0,0.0,0.0,0.0,0.0,0.0,0.0,0.0,0.0,0.0,0.0,0.0,0.0,0.0,0.0,0.0,0.0,0.0,0.0,0.0,1.3106443531764307,0.40007458888169436,347.0269453566703,404.6653184348645,8580.057234896105,0.21434460060767356,0.03271437738212355,210.15329689537678,244.94614538713837,5277.800472005162,3.0140485110679906,0.5695480935502632,271.09137880327617,316.22109609126269,6663.320210920352,0.30345265143862518,0.05734177086897678,153.39487989388705,179.04236110378248,3672.780722244639,0.0,0.0,8.143096147567733,9.587601663297726,155.37673839874368,0.0,0.0,12.111248754550087,14.120509263232372,292.6953335382731,0.0,0.0,172.17273332911572,202.34411472599133,3449.822742494144,0.0,0.0,35.48070900179155,41.856897609807649,636.707523060562,0.0,0.0,145.95527793630749,171.0118535521779,3173.989398976159,24.797885650053084,17.00815202335603,391.26473909461478,457.7177497514186,9488.850498791508,0.0,0.0,138.3238705278968,163.6116358002036,2275.1332924768464,0.0,21.06830613090517,52.655871639944638,21.6,30.0,0.0,21.273973792131878,50.990155281721758,12.000000000000002,30.0,0.0,20.874244233233349,53.05832900127338,22.0,30.0,0.0,20.662308087187989,53.73947236259333,12.000000000000002,30.0,0.0,18.125886009955875,62.46286100848298,12.000000000000002,30.0,0.0,20.791285015000477,57.04870687804013,12.000000000000002,30.0,0.0,18.62082384627785,60.85315882941215,10.0,30.0,0.0,17.536613302444324,64.83243820699774,12.000000000000002,30.0,0.0,19.516253469458275,57.33042836525037,19.0,30.0,0.0,20.029335849014033,0.0,0.0,0.0,16.743516074025079,0.0,0.0,908.9947224640775,853.2919599556653,895.3845518719552,893.6134202366644,877.5938892310636,1297.5846228598715,894.1567151133932,883.4377269010255,883.2141333964707,0.0,80.48495482880236,80.48495482880236,60.0,0.0,60.0,60.0,12.0,12.0,12.0,19.0,12.0,12.0,21.0,10.0,0.0,0.0,0.0,0.0,0.0,0.0,0.0,0.0,0.0,0.0,0.0,0.0,0.0,80.48495482880236,80.48495482880236,0.0,0.0,0.0,80.48495482880236,0.0,0.0,0.00162 
 04/03  22:50:00,8.528333333333335,97.0,3.3266666666666668,0.0,0.0,0.0,0.0,0.0,2.0,0.0,0.0,0.0,0.0,0.0,0.0,1884.0,0.0,0.0,0.0,0.0,0.0,0.0,0.0,0.0,0.0,0.0,0.0,20.63307145757324,-28.62128136508045,20.802813772166084,-237.16578452466525,20.47817177732197,-58.42629540134726,20.262656321122465,57.6114799549855,18.121040255864246,0.8885196980476735,20.330060109759495,-33.860525898698,18.496112603950608,-31.177523512360496,17.585837547609854,-47.572139168773677,18.742442937551894,-111.9384550790719,397.5845963574934,671.3607870399321,0.0,0.0,0.0,0.0,0.0,0.0,0.0,0.0,0.0,0.0,0.0,0.0,0.0,0.0,0.0,0.0,0.0,0.0,0.0,0.0,0.0,0.0,1.3310743410067805,0.40631084890316868,160.19136545484194,186.76029347225006,3866.2038390304735,0.24062279650229236,0.036725091041253408,113.48779765946913,132.22092623775354,2750.757149644144,2.832380130984682,0.5352192235420792,123.91242463835954,144.47662488656634,3010.7658628073056,0.27813171640310299,0.052557013681614309,124.5492267037597,145.24616552444719,2953.0906686766786,0.0,0.0,7.7317069063376329,9.085380082936533,147.76812472427737,0.0,0.0,11.137263823431958,12.968371486090476,265.9534189184534,0.0,0.0,156.54055404976567,183.76822083158226,3092.167159242116,0.0,0.0,32.94808323019948,38.80155276478949,590.1326569393909,0.0,0.0,130.7381577983012,153.2235694713145,2705.6630012947555,24.458673280291987,16.775496077017828,154.15862428500169,180.4196775769541,3823.509611392911,0.0,0.0,124.28262361532718,146.80861366996533,2027.1404084718579,0.0,20.646300310592126,52.34358443185921,22.0,30.0,0.0,20.77877904065899,51.53767736803938,12.0,30.0,0.0,20.5386928209492,53.55336473564723,22.0,30.0,0.0,20.50042299199778,54.278395802040638,12.0,30.0,0.0,18.110026314224407,62.62418568906016,12.0,30.0,0.0,20.60635434558645,56.558733740838579,12.0,30.0,0.0,18.44409760289728,61.259459723037,10.0,30.0,0.0,17.487254597400104,65.10964641272725,12.0,30.0,0.0,18.925652112662037,59.71414680500238,19.0,30.0,0.0,19.335245265380097,0.0,0.0,0.0,16.62998018013907,0.0,0.0,820.3201868422225,799.8786436908883,865.2368981111013,894.9260091573003,883.6048593725484,1265.3525876922859,883.1655931350557,889.2189145279142,896.6495850132774,0.0,80.48495482880236,80.48495482880236,60.0,0.0,60.0,60.0,12.0,12.0,12.0,19.0,12.0,12.0,21.0,10.0,0.0,0.0,0.0,0.0,0.0,0.0,0.0,0.0,0.0,0.0,0.0,0.0,0.0,80.48495482880236,80.48495482880236,0.0,0.0,0.0,80.48495482880236,0.0,0.0,0.0016433333333333335 
 04/03  23:00:00,8.5,97.0,3.29,0.0,0.0,0.0,0.0,0.0,2.0,0.0,0.0,0.0,0.0,0.0,0.0,1884.0,0.0,0.0,0.0,0.0,0.0,0.0,0.0,0.0,0.0,0.0,0.0,20.454189790770039,-54.43054826073228,20.619521283381155,-247.11626619596707,20.24997504449111,-119.80203373523955,20.09726854945942,-139.54363697725695,18.107209357866596,-0.700046993060468,20.24540182682695,-28.111250593343614,18.51525068691303,12.597773272663745,17.534616551469854,-70.10328178861909,18.59542552072022,-44.24417476282974,382.69126703046097,372.41310446460059,0.0,0.0,0.0,0.0,0.0,0.0,0.0,0.0,0.0,0.0,0.0,0.0,0.0,0.0,0.0,0.0,0.0,0.0,0.0,0.0,0.0,0.0,1.3087287396319405,0.3994898472624971,127.94132175876577,148.90330530401219,3037.4171317167445,0.23025049175492019,0.035142016446111149,99.927689038672,116.18712067322399,2348.4121285294456,2.770821367216155,0.5235868040846856,222.95506454725206,259.9570671524822,5210.284059624466,0.26231800830165738,0.049568784637501379,160.10504766718294,186.84460858730453,3712.118455223425,0.0,0.0,6.585557736176561,7.738446893586797,126.02788329927819,0.0,0.0,10.100723765326045,11.765904230467119,239.50329589209947,0.0,0.0,98.80670291351672,115.93784908027297,1969.9350615233469,0.0,0.0,29.324264399548768,34.530922299070827,523.0400322397461,0.0,0.0,75.518844439325,88.54725079146169,1532.577610000439,23.809143248417635,16.33000222799564,240.8171865015438,281.60644217613727,5678.3658135651899,0.0,0.0,69.76827819219034,82.51649329801245,1074.1025370538096,0.0,20.383891794709336,52.94780821064776,22.0,30.0,0.0,20.513181565347236,52.2269065348565,12.0,30.0,0.0,20.169989781792574,53.56283810986615,22.0,30.0,0.0,20.200106897568703,53.60201517436697,12.0,30.0,0.0,18.093908326456874,62.608026496623747,12.0,30.0,0.0,20.48959333619252,56.18460864912632,12.0,30.0,0.0,18.510418388523424,60.394441691831008,10.0,30.0,0.0,17.41995579025017,65.58976997362012,12.0,30.0,0.0,18.696791355917683,60.026873503784617,20.0,30.0,0.0,19.28870413083856,0.0,0.0,0.0,16.148411732964573,0.0,0.0,810.2988283924674,794.2922187373149,806.4379017946853,812.6018110230622,881.8158041529791,1251.1338893334774,858.6186266781165,903.7658509463433,872.7048139335517,0.0,80.48495482880236,80.48495482880236,60.0,0.0,60.0,60.0,12.0,12.0,12.0,19.0,12.0,12.0,21.0,10.0,0.0,0.0,0.0,0.0,0.0,0.0,0.0,0.0,0.0,0.0,0.0,0.0,0.0,80.48495482880236,80.48495482880236,0.0,0.0,0.0,80.48495482880236,0.0,0.0,0.0016666666666666668 
 04/03  23:10:00,8.476666666666667,97.33333333333334,3.3066666666666668,0.0,0.0,0.0,0.0,0.0,2.0,0.0,0.0,0.0,0.0,0.0,0.0,1884.0,0.0,0.0,0.0,0.0,0.0,0.0,0.0,0.0,0.0,0.0,0.0,20.24575234447506,-171.5519767906144,20.379815076372457,-204.016239465308,20.116008763533054,-115.86163389353078,19.943211109600019,-51.45720682046158,18.09289792672497,-0.6978028624338748,20.17740702877822,-24.39516099728334,18.578091244087227,74.73954219893108,17.466207909272954,-84.97923128924959,18.514872628402558,-11.861588539765819,398.16332881945257,247.52381435454414,0.0,0.0,0.0,0.0,0.0,0.0,0.0,0.0,0.0,0.0,0.0,0.0,0.0,0.0,0.0,0.0,0.0,0.0,0.0,0.0,0.0,0.0,1.3139811612243993,0.4010931505568984,322.158781989309,376.176455747595,7413.947923255025,0.23078654503466462,0.03522383165974735,172.58926113731196,201.68176622994845,3981.6391271406685,2.7353633589092167,0.5168865001718098,198.27839491532155,231.43235992609585,4580.177707487906,0.25145944314533688,0.04751690157697218,76.06727911179525,88.78905114310897,1733.676043342452,0.0,0.0,6.004698544738455,7.053034069937503,115.01516984557935,0.0,0.0,9.780897248103834,11.398319881728142,230.82077616318649,0.0,0.0,71.8292525598453,84.24605724994714,1455.0596639723536,0.0,0.0,30.474219166503827,35.899330720165597,539.2761078152792,0.0,0.0,35.672550833937297,41.79033297150257,717.7318405620152,23.36181578715263,16.023193269652013,354.6859132044575,415.1692664921378,8153.215227188879,0.0,0.0,41.962060678996,49.67226720602949,625.2051635364845,0.0,20.052508940101825,53.44230096802286,22.0,30.0,0.0,20.147661524536866,52.78437192504511,12.0,30.0,0.0,19.99077046507942,53.414924759274899,22.0,30.0,0.0,19.969453757699669,53.730409291096098,12.0,30.0,0.0,18.078321039720394,62.48595716664299,12.0,30.0,0.0,20.4059460088826,55.77775934488905,12.0,30.0,0.0,18.651182610793258,59.181145577525459,10.0,30.0,0.0,17.32321100594591,65.76432896789194,12.0,30.0,0.0,18.587924170397323,60.09426505845767,20.0,30.0,0.0,19.36831314491138,0.0,0.0,0.0,15.869263966653766,0.0,0.0,781.8196235547538,764.3638894255411,770.5517146651647,782.5347206198113,875.572143563599,1238.410610701893,827.0615343882034,901.9054639923285,858.6637676845146,0.0,80.48495482880236,80.48495482880236,60.0,0.0,60.0,60.0,12.0,12.0,12.0,19.0,12.0,12.0,21.0,10.0,0.0,0.0,0.0,0.0,0.0,0.0,0.0,0.0,0.0,0.0,0.0,0.0,0.0,80.48495482880236,80.48495482880236,0.0,0.0,0.0,80.48495482880236,0.0,0.0,0.00169 
 04/03  23:20:00,8.453333333333334,97.66666666666667,3.3233333333333339,0.0,0.0,0.0,0.0,0.0,2.0,0.0,0.0,0.0,0.0,0.0,0.0,942.0,0.0,0.0,0.0,0.0,0.0,0.0,0.0,0.0,0.0,0.0,0.0,20.177142733580746,15.20955697962745,20.257790581888395,-221.8835934282106,19.964331752040253,-156.31985297952543,19.8827161701135,16.57048694104651,18.07675042045038,-0.6252117053074358,20.11089736918632,-18.60261753571052,18.60767860134495,32.82664873696149,17.394753994607563,-82.45799878126377,18.41388687129166,-65.74793468891744,376.4741305580337,314.4560726781997,0.0,0.0,0.0,0.0,0.0,0.0,0.0,0.0,0.0,0.0,0.0,0.0,0.0,0.0,0.0,0.0,0.0,0.0,0.0,0.0,0.0,0.0,1.2964598032740844,0.395744750694165,282.75180722344899,329.07549384972148,6513.586661586107,0.22098235900552019,0.03372746627068379,188.87279545514495,219.9254506500532,4319.328164256904,2.6503923915213707,0.5008300059564194,189.289040380172,220.5792223673763,4302.487233879907,0.25121740464332079,0.047471164898586677,106.9659901305044,124.54703564463739,2430.1823436279366,0.0,0.0,5.352444838972944,6.269705772695905,102.63291244086936,0.0,0.0,9.676078011541556,11.243582986264404,227.37661366452944,0.0,0.0,82.49588990226641,96.44252482714714,1684.6610202619864,0.0,0.0,30.87197668899193,36.26403004993628,542.1031665811357,0.0,0.0,32.49536552178163,38.01844737885901,645.9909324286406,23.089923081643517,15.83670993254014,348.14637258642719,406.32787804154136,7973.499044930577,0.0,0.0,51.93522411975938,61.30566743415014,773.5443122325578,0.0,20.0436060357767,53.681507862277999,22.0,30.0,0.0,19.997363900170968,52.413557534499179,12.0,30.0,0.0,19.77314696443496,53.13994664746513,22.0,30.0,0.0,19.90398595059861,54.23842946606933,12.0,30.0,0.0,18.060252986097315,62.31014895752879,12.0,30.0,0.0,20.322557117007887,55.33101768743746,12.0,30.0,0.0,18.70923797660099,58.69558020221278,10.0,30.0,0.0,17.2237618209494,66.06079578486399,12.0,30.0,0.0,18.42665696866218,60.63688996535658,20.0,30.0,0.0,19.291273436182796,0.0,0.0,0.0,15.84063465918656,0.0,0.0,791.6330233145852,723.0089548672077,723.2032461208036,796.4024931178379,866.7192437226994,1224.2987485442632,816.4089366795804,903.1627984054487,861.9207404582857,0.0,80.48495482880236,80.48495482880236,60.0,0.0,60.0,60.0,12.0,12.0,12.0,19.0,12.0,12.0,21.0,10.0,0.0,0.0,0.0,0.0,0.0,0.0,0.0,0.0,0.0,0.0,0.0,0.0,0.0,80.48495482880236,80.48495482880236,0.0,0.0,0.0,80.48495482880236,0.0,0.0,0.0017 
 04/03  23:30:00,8.43,98.0,3.34,0.0,0.0,0.0,0.0,0.0,2.0,0.0,0.0,0.0,0.0,0.0,0.0,1884.0,0.0,0.0,0.0,0.0,0.0,0.0,0.0,0.0,0.0,0.0,0.0,20.028401619398296,-94.07958185551616,20.2110796566492,-124.8475472826724,19.922576484211925,-62.54083936991947,19.801810439468949,-66.37421402489167,18.063849968143516,0.32474952899247,20.063265774487307,-23.12875338694809,18.599429513115184,20.78765752624895,17.348724043677433,-82.34356029581574,18.295011813180755,-189.26927269871966,351.60068880429847,463.007338256245,0.0,0.0,0.0,0.0,0.0,0.0,0.0,0.0,0.0,0.0,0.0,0.0,0.0,0.0,0.0,0.0,0.0,0.0,0.0,0.0,0.0,0.0,1.3104021039070375,0.40000064221826539,235.01911794856103,274.6744214631011,5318.678921687217,0.2359275036536067,0.03600847125360298,115.24885972062597,134.41454998565875,2637.781656319571,2.7839792439281298,0.5260731753454517,208.39737781150908,243.76002380598693,4751.010195281979,0.2524681839376388,0.04770751775087656,114.61256934811223,134.0126568883523,2580.074374126779,0.0,0.0,5.717325226725591,6.721325198331622,109.72664070877977,0.0,0.0,9.586751418579782,11.17968686555619,224.71858642813596,0.0,0.0,114.23766916285214,133.95345202916017,2334.0967795165327,0.0,0.0,31.615547187779769,37.27036902527195,553.3709665816862,0.0,0.0,61.39235249837035,72.0730256752576,1199.0239791790453,22.900922934479917,15.707080201975258,302.55779519349439,354.44721787808478,6940.786045557084,0.0,0.0,81.63117717708154,96.59359778292148,1241.399629250111,0.0,19.801420111623178,53.74244479065248,22.0,30.0,0.0,20.00061812430743,52.632183273123697,12.0,30.0,0.0,19.78263588721689,53.71189447858407,22.0,30.0,0.0,19.779029060794366,54.04633664163646,12.0,30.0,0.0,18.049815740944007,62.173035338341289,12.0,30.0,0.0,20.273579662137189,55.12512040401636,12.0,30.0,0.0,18.69758258890883,58.97987565614555,10.0,30.0,0.0,17.17479430178584,65.7384868242128,12.0,30.0,0.0,18.238014085650108,61.18432898806789,20.0,30.0,0.0,19.191141928620877,0.0,0.0,0.0,15.970684486847068,0.0,0.0,756.7289973349057,734.0845884712597,752.2425204583012,767.9729822060908,860.5762391606143,1217.6784111743246,831.3001534461359,882.1879540767164,860.9864831418319,0.0,80.48495482880236,80.48495482880236,60.0,0.0,60.0,60.0,12.0,12.0,12.0,19.0,12.0,12.0,21.0,10.0,0.0,0.0,0.0,0.0,0.0,0.0,0.0,0.0,0.0,0.0,0.0,0.0,0.0,80.48495482880236,80.48495482880236,0.0,0.0,0.0,80.48495482880236,0.0,0.0,0.00171 
 04/03  23:40:00,8.406666666666667,98.33333333333334,3.3566666666666666,0.0,0.0,0.0,0.0,0.0,2.0,0.0,0.0,0.0,0.0,0.0,0.0,942.0,0.0,0.0,0.0,0.0,0.0,0.0,0.0,0.0,0.0,0.0,0.0,19.87864631432376,-134.91148556466306,20.186888690402556,-16.929486785810128,19.877678138753887,-6.835138736190856,19.692854864581599,-101.46803213000749,18.047446241402306,0.9172659911471328,20.00490174091364,-24.775401854759595,18.541935258085894,7.789263121269869,17.30976242997879,-67.8195288217322,18.10216566944733,-216.68476200729675,305.0776095271767,537.8133402486901,0.0,0.0,0.0,0.0,0.0,0.0,0.0,0.0,0.0,0.0,0.0,0.0,0.0,0.0,0.0,0.0,0.0,0.0,0.0,0.0,0.0,0.0,1.3209643684943314,0.4032247767076714,148.25125956849224,172.87350781010555,3311.538671617611,0.24058287248205988,0.03671899763157202,8.882000831436287,10.342124131572695,209.7446595508617,2.829839978908466,0.5347392250393929,211.29355940170667,246.17312379552755,4817.618969600111,0.2517438861633403,0.04757065120244525,102.26674080670434,119.23697742612962,2276.4648496518827,0.0,0.0,5.644904904041646,6.61369918726231,108.47374301645718,0.0,0.0,9.598037696625625,11.160329835226188,224.2421142799331,0.0,0.0,133.49919524640945,156.12890286680045,2710.1604299905018,0.0,0.0,30.900082927549528,36.31607308423839,540.4197485774439,0.0,0.0,80.47995749576427,94.33223736175396,1530.0182564002658,22.70791539256067,15.57470191533654,213.50803192890454,249.5082428897279,4967.172052673082,0.0,0.0,100.63488289889055,118.72073376736404,1553.0529260126078,0.0,19.57934937755795,53.89500805149681,22.0,30.0,0.0,20.027178838414249,52.10264452970507,12.0,30.0,0.0,19.767596130311106,54.21258691308451,22.0,30.0,0.0,19.6136368368062,53.8064191776093,12.0,30.0,0.0,18.03321012797173,62.005032611000249,12.0,30.0,0.0,20.20247701236238,54.823157873853457,12.0,30.0,0.0,18.597790918614899,59.23534597756173,10.0,30.0,0.0,17.13923707199936,65.41922548072748,12.0,30.0,0.0,17.926857769483708,62.13676485018734,20.0,30.0,0.0,19.007388063547987,0.0,0.0,0.0,16.068099451148855,0.0,0.0,729.3790361873845,712.7453657887013,774.411129085555,730.5495251877072,853.0341661929425,1207.4432114579254,829.8630238599051,860.4364094170747,853.1206818143809,0.0,80.48495482880236,80.48495482880236,60.0,0.0,60.0,60.0,12.0,12.0,12.0,19.0,12.0,12.0,21.0,10.0,0.0,0.0,0.0,0.0,0.0,0.0,0.0,0.0,0.0,0.0,0.0,0.0,0.0,80.48495482880236,80.48495482880236,0.0,0.0,0.0,80.48495482880236,0.0,0.0,0.00172 
 04/03  23:50:00,8.383333333333333,98.66666666666666,3.3733333333333337,0.0,0.0,0.0,0.0,0.0,2.0,0.0,0.0,0.0,0.0,0.0,0.0,1884.0,0.0,0.0,0.0,0.0,0.0,0.0,0.0,0.0,0.0,0.0,0.0,19.88220058528306,-47.779455775556929,20.088602436515708,-168.42817291273358,19.763515490046129,-119.48240555685834,19.654201012172963,-45.510142512215228,18.03366763605576,1.6612780090166553,19.961721436642944,-25.795321805090283,18.458128222956526,-40.57057976124179,17.286454726588354,-58.22785616531826,17.973605772907697,-256.4891358177458,316.2175531742769,594.6317676177387,0.0,0.0,0.0,0.0,0.0,0.0,0.0,0.0,0.0,0.0,0.0,0.0,0.0,0.0,0.0,0.0,0.0,0.0,0.0,0.0,0.0,0.0,1.3009310292958856,0.3971095938021628,215.58054341771197,252.267295611608,4859.92391263707,0.22632407818973844,0.034542746976455807,100.25732786630717,117.50205139827598,2280.512779890735,2.7710438623636874,0.5236288477633576,219.21100862516654,256.3731888493073,4931.670898980665,0.25441484982021125,0.048075368446751916,124.61267632785163,145.78542453483579,2774.716416284491,0.0,0.0,5.208000630024223,6.121342618805453,100.16731295878413,0.0,0.0,9.955185015826669,11.616300045215383,232.1499298386754,0.0,0.0,149.28149194574494,175.238660220488,2994.532147058956,0.0,0.0,28.254522894794133,33.31901212365028,494.8006204686735,0.0,0.0,100.72674423145924,118.52325272514759,1883.7760667467856,22.45160250377309,15.398904323575512,300.21626369386549,352.0812405871441,6823.969715672378,0.0,0.0,119.49439310695243,141.40257635977009,1860.8111812361124,0.0,19.67919179955922,53.49622026019929,22.0,30.0,0.0,19.880065035365584,52.0979826993692,12.0,30.0,0.0,19.598715482024454,53.622493964214907,22.0,30.0,0.0,19.599201915845755,54.225970829471368,12.0,30.0,0.0,18.022587977016838,61.931947273077899,12.0,30.0,0.0,20.160956636829618,54.63435915117894,12.0,30.0,0.0,18.453133111479397,59.41055982415767,10.0,30.0,0.0,17.13137131551828,65.20087224627599,12.0,30.0,0.0,17.747185766983578,62.59705854233839,20.0,30.0,0.0,19.033953531523424,0.0,0.0,0.0,16.11950953867546,0.0,0.0,726.1587803303878,689.1674714631158,719.1669197578719,748.6048833478726,851.9744963240538,1196.8382275727952,816.0888027760966,851.0192612505994,844.7171566100645,0.0,80.48495482880236,80.48495482880236,60.0,0.0,60.0,60.0,12.0,12.0,12.0,19.0,12.0,12.0,21.0,10.0,0.0,0.0,0.0,0.0,0.0,0.0,0.0,0.0,0.0,0.0,0.0,0.0,0.0,80.48495482880236,80.48495482880236,0.0,0.0,0.0,80.48495482880236,0.0,0.0,0.0017499999999999999 
 04/03  24:00:00,8.36,99.0,3.39,0.0,0.0,0.0,0.0,0.0,2.0,0.0,0.0,0.0,0.0,0.0,0.0,942.0,0.0,0.0,0.0,0.0,0.0,0.0,0.0,0.0,0.0,0.0,0.0,19.882183285603938,10.06062010354708,19.958647708991536,-240.86965264465835,19.675267934965736,-117.23803120584125,19.614389413645968,-8.608665089039278,18.01616654079827,2.1441396439494726,19.90721972412823,-26.5607299182696,18.367552357893087,-38.44057061083913,17.26480965340128,-53.23537350641618,17.829869105714417,-233.78596503983546,292.1339736902755,592.7276962842907,0.0,0.0,0.0,0.0,0.0,0.0,0.0,0.0,0.0,0.0,0.0,0.0,0.0,0.0,0.0,0.0,0.0,0.0,0.0,0.0,0.0,0.0,1.292630977974548,0.3945760006027314,189.0951001702184,220.40939755329979,4293.685196208677,0.22399517093401165,0.03418729715110068,162.62147116583498,189.62080614018798,3655.049926655078,2.743521231562572,0.5184280482922474,108.10584557943553,126.13368732331891,2446.144267649429,0.25463875884295136,0.048117679297609839,96.02811936261992,111.97373474634982,2138.7375975538286,0.0,0.0,5.056619990867263,5.925665162829443,97.36708898707639,0.0,0.0,10.134275084887215,11.79090286113419,235.6555005724197,0.0,0.0,152.18656151921395,178.18936946006523,3018.9997440615068,0.0,0.0,26.215971242244057,30.817014017176495,460.1580755223145,0.0,0.0,105.5005704535179,123.84115338022275,1936.9736659881792,22.250499914376858,15.260973878173433,228.17768627302866,266.7169459912734,5252.997441595193,0.0,0.0,122.92223182424269,145.0210696546109,1914.270879131373,0.0,19.74713568910649,52.80857568415058,22.0,30.0,0.0,19.690998488975628,52.255133438777018,12.0,30.0,0.0,19.492685406985303,53.10612652404654,22.0,30.0,0.0,19.56859175877244,54.35751934289341,12.0,30.0,0.0,18.005046034320086,61.763510522340848,12.0,30.0,0.0,20.095845693697244,54.35128901362851,12.0,30.0,0.0,18.307913222449274,59.73965371561577,10.0,30.0,0.0,17.123639632948465,64.93845466035275,12.0,30.0,0.0,17.540910944531935,63.14122917759959,20.0,30.0,0.0,18.93132359270524,0.0,0.0,0.0,16.09198319349214,0.0,0.0,703.8250541278944,666.4778310114413,677.317372073517,751.1186026532953,847.6066995858904,1178.7136307367048,808.1249795353498,840.8706666035746,835.4202755373369,0.0,80.48495482880236,80.48495482880236,60.0,0.0,60.0,60.0,12.0,12.0,12.0,19.0,12.0,12.0,21.0,10.0,0.0,0.0,0.0,0.0,0.0,0.0,0.0,0.0,0.0,0.0,0.0,0.0,0.0,80.48495482880236,80.48495482880236,0.0,0.0,0.0,80.48495482880236,0.0,0.0,0.0017800000000000002 
 04/04  00:10:00,8.341666666666667,99.0,3.345,0.0,0.0,0.0,0.0,0.0,2.0,2.0,0.0,0.0,0.0,0.0,0.0,1884.0,0.0,0.0,0.0,0.0,0.0,0.0,0.0,0.0,0.0,0.0,0.0,19.74385677165131,-97.96323912315575,19.924700627460184,-113.38706636759923,19.64427864547121,-60.057723307713789,19.550066014076586,-71.0940224201754,17.999832919079365,0.7756418238483605,19.865309280000809,-30.841037787921694,18.41733496037118,46.33134356173309,17.234726655425008,-65.14253557024,17.891343840950684,-79.48758328523047,291.46049095929268,318.90253038629978,0.0,0.0,0.0,0.0,0.0,0.0,0.0,0.0,0.0,0.0,0.0,0.0,0.0,0.0,0.0,0.0,0.0,0.0,0.0,0.0,0.0,0.0,1.3070985751951532,0.3989922390705596,205.92004526365697,240.97483403081726,4586.814944018877,0.23702702311629499,0.0361762855794101,100.1376051084563,116.92822952834212,2255.1240554248527,2.8053049884421696,0.5301029834546807,179.04741451722209,209.70369315684179,4025.002118009903,0.25183146984055207,0.04758720140599999,100.67096226394945,117.85108618186222,2226.4358332501376,0.0,0.0,5.16832174173733,6.077947498315355,99.51810261107213,0.0,0.0,9.90649076646885,11.566176541218184,229.82390853791785,0.0,0.0,72.26658291717777,84.87596223856204,1454.3436448186158,0.0,0.0,26.918695623356358,31.749491958378404,471.86151938264308,0.0,0.0,23.86222469679221,28.090370611368525,446.4803441120956,22.091869507324753,15.152173873336599,256.79371312961498,301.1844805691228,5849.267315660403,0.0,0.0,56.20172764470932,66.62254394319533,831.7795806177496,0.0,19.51333020527651,53.45569144966653,22.0,30.0,0.0,19.70904274858606,52.295186950499857,12.0,30.0,0.0,19.50164314350239,53.46513675779224,22.0,30.0,0.0,19.475785419065568,53.981814809484678,12.0,30.0,0.0,17.99035217834031,61.63546791710344,12.0,30.0,0.0,20.05349947237516,54.25814752719982,12.0,30.0,0.0,18.443823533236985,58.1940298881683,10.0,30.0,0.0,17.09660521608368,64.82767691645265,12.0,30.0,0.0,17.709975037410979,62.38951519007067,20.0,30.0,0.0,18.91494640986246,0.0,0.0,0.0,15.680672851969,0.0,0.0,697.7316528079362,671.654703060075,696.7270269495921,719.051026972045,843.0036888140984,1173.348880377448,757.4623961426801,834.3141315121159,894.3023798595141,0.0,80.48495482880236,80.48495482880236,60.0,0.0,60.0,60.0,12.0,12.0,12.0,19.0,12.0,12.0,21.0,10.0,0.0,0.0,0.0,0.0,0.0,0.0,0.0,0.0,0.0,0.0,0.0,0.0,0.0,80.48495482880236,80.48495482880236,0.0,0.0,0.0,80.48495482880236,0.0,0.0,0.00181 
 04/04  00:20:00,8.323333333333335,99.00000000000002,3.3000000000000004,0.0,0.0,0.0,0.0,0.0,2.0,2.0,0.0,0.0,0.0,0.0,0.0,942.0,0.0,0.0,0.0,0.0,0.0,0.0,0.0,0.0,0.0,0.0,0.0,19.699616950805706,-63.69595852810562,19.856837727268123,-121.6779031471865,19.609941612675305,-12.788870605480043,19.477865076406056,-86.6272776062101,17.97844294409916,0.42075775518637217,19.817140849588684,-27.29061440391456,18.44601687860777,32.919916509342787,17.176377032880809,-77.01341590126219,17.980897799162514,-87.49528549563763,253.57361922868587,335.8565978999002,0.0,0.0,0.0,0.0,0.0,0.0,0.0,0.0,0.0,0.0,0.0,0.0,0.0,0.0,0.0,0.0,0.0,0.0,0.0,0.0,0.0,0.0,1.2996096569719263,0.396706244496925,141.12234338528868,164.68102826937378,3152.6157249314435,0.23963621022848725,0.03657451316063603,81.30892033846969,94.83297338714016,1827.8596600773968,2.8349894166858995,0.5357122858438965,180.38596174357168,210.46348932626649,4057.651410809108,0.25225261192305706,0.04766678229838567,77.61039117411306,90.5930193210493,1707.2072096691257,0.0,0.0,5.185587136882991,6.0791565438519739,99.8539569906607,0.0,0.0,9.596543951201545,11.172160394385447,222.09677166519092,0.0,0.0,71.53380720195115,83.73037100503609,1452.5302092047912,0.0,0.0,28.81459953379317,33.89345203629938,501.88445306146039,0.0,0.0,22.009369365022903,25.80927200264457,420.76690576107446,21.955014434500119,15.058308939986368,182.73109033559559,213.80159892334587,4241.417628305758,0.0,0.0,55.51686631872313,65.63741382437444,812.1237382648415,0.0,19.489064380530694,53.059848656223319,22.0,30.0,0.0,19.635264128505697,52.67563931374952,12.0,30.0,0.0,19.494298211869407,53.69960536294328,22.0,30.0,0.0,19.37887202127594,53.79080270080233,12.0,30.0,0.0,17.966428357594866,61.297429650692659,12.0,30.0,0.0,19.998552192502097,54.0131873273738,12.0,30.0,0.0,18.51276025041153,57.74298915136728,10.0,30.0,0.0,17.015319442871286,64.66691384232792,12.0,30.0,0.0,17.894636170914063,61.40292706724383,20.0,30.0,0.0,18.759438179865208,0.0,0.0,0.0,15.57037079671195,0.0,0.0,675.0473558357404,678.584503663512,708.9420289685501,698.3424126421973,828.7141942833519,1169.6923853039405,756.6273585537002,819.5127394777682,945.351598327172,0.0,80.48495482880236,80.48495482880236,60.0,0.0,60.0,60.0,12.0,12.0,12.0,19.0,12.0,12.0,21.0,10.0,0.0,0.0,0.0,0.0,0.0,0.0,0.0,0.0,0.0,0.0,0.0,0.0,0.0,80.48495482880236,80.48495482880236,0.0,0.0,0.0,80.48495482880236,0.0,0.0,0.0018033333333333335 
 04/04  00:30:00,8.305,99.0,3.255,0.0,0.0,0.0,0.0,0.0,2.0,2.0,0.0,0.0,0.0,0.0,0.0,942.0,0.0,0.0,0.0,0.0,0.0,0.0,0.0,0.0,0.0,0.0,0.0,19.703381788333809,-8.90109648759244,19.771201867913296,-182.5329404092481,19.499969386024597,-129.86189244780508,19.472132125102769,1.318870861882715,17.95822908780027,-0.0729757717342352,19.77839060257642,-23.485323378946249,18.43447876156274,19.736267334849346,17.122129263214896,-84.30169948029425,18.025649078911728,-85.34519130054423,260.3659695886063,345.5015498337375,0.0,0.0,0.0,0.0,0.0,0.0,0.0,0.0,0.0,0.0,0.0,0.0,0.0,0.0,0.0,0.0,0.0,0.0,0.0,0.0,0.0,0.0,1.2963686728329487,0.3957169330991907,138.25494310446545,161.29966787034216,3112.4414776455566,0.23448457440229895,0.035788243956394839,120.27289213682666,140.36417881762635,2679.5330410446038,2.762993228422277,0.522107563949788,118.64543502119703,138.55527739881098,2653.8573844260915,0.25794276299162285,0.04874201870589999,114.4964624294341,133.6281615508524,2529.470882583513,0.0,0.0,5.046547689418289,5.917335418339748,97.16322022482668,0.0,0.0,9.363707932399653,10.903908101819308,216.38465727778587,0.0,0.0,69.32249597710764,81.15682303619303,1408.705526574649,0.0,0.0,30.6731590980137,36.09421107767728,531.2160260031944,0.0,0.0,20.287860638893326,23.78606969588903,392.214198378902,21.853755481963377,14.988858355256092,196.0801793839148,229.41908105896833,4523.23521570585,0.0,0.0,54.940074436213958,64.97992685918047,797.7912482835139,0.0,19.557060972568825,53.04836917197087,22.0,30.0,0.0,19.521826786367769,52.335143857103918,12.0,30.0,0.0,19.324362642288486,53.07885437337957,22.0,30.0,0.0,19.420086552318155,54.00389513962747,12.0,30.0,0.0,17.945564139927919,61.07156462286751,12.0,30.0,0.0,19.96063727707594,53.864663107460668,12.0,30.0,0.0,18.501327414623817,57.41564916520898,10.0,30.0,0.0,16.944887876882917,64.45337807128203,12.0,30.0,0.0,17.986658325065567,60.7395831565261,20.0,30.0,0.0,18.757117651580498,0.0,0.0,0.0,15.496387529016332,0.0,0.0,686.1105855408466,643.9736519521457,650.5639335434019,717.7362993799577,819.1208958210841,1173.0731754805868,746.431530540233,803.2234122857872,962.4225169975902,0.0,80.48495482880236,80.48495482880236,60.0,0.0,60.0,60.0,12.0,12.0,12.0,19.0,12.0,12.0,21.0,10.0,0.0,0.0,0.0,0.0,0.0,0.0,0.0,0.0,0.0,0.0,0.0,0.0,0.0,80.48495482880236,80.48495482880236,0.0,0.0,0.0,80.48495482880236,0.0,0.0,0.0017966666666666665 
 04/04  00:40:00,8.286666666666667,99.0,3.21,0.0,0.0,0.0,0.0,0.0,2.0,2.0,0.0,0.0,0.0,0.0,0.0,1884.0,0.0,0.0,0.0,0.0,0.0,0.0,0.0,0.0,0.0,0.0,0.0,19.58215346386401,-88.16780043021982,19.74500925391364,-110.84056934623266,19.47329774387371,-54.93235626361138,19.414803977906624,-68.09567268748629,17.939336974405017,-0.8717329467857269,19.745099960937915,-21.972611999647456,18.41987519341766,13.44359734746513,17.073133956593439,-92.60257108308537,18.05127746457792,-76.06916554515095,270.3536993605676,342.9112521835989,0.0,0.0,0.0,0.0,0.0,0.0,0.0,0.0,0.0,0.0,0.0,0.0,0.0,0.0,0.0,0.0,0.0,0.0,0.0,0.0,0.0,0.0,1.3041255862100226,0.39808473327534268,199.57152434402409,233.72298602344262,4410.275769239123,0.23621908130173803,0.03605297333665111,96.87457024118933,113.19736103257043,2160.6422921506089,2.8208957472512807,0.5330490830028878,175.33519038309829,205.54766750581667,3907.271128290311,0.2509837026484216,0.04742700352388918,96.47821717726265,113.0507923810302,2118.8253845100905,0.0,0.0,5.026707586597945,5.914718554995536,96.75554419447562,0.0,0.0,9.102030455371136,10.634810780816473,210.08801921502215,0.0,0.0,68.1374767926261,80.03853972061325,1384.8073178288292,0.0,0.0,32.501900113988629,38.37845359136885,560.1948342752343,0.0,0.0,17.694662603391728,20.812849716122515,344.34557701257378,21.7053985866227,14.887104654748083,248.9605533578901,292.21757025567049,5635.742622394398,0.0,0.0,53.43858318428286,63.42873320079569,769.7108172429544,0.0,19.35863029083506,53.29343946152051,22.0,30.0,0.0,19.537343066463444,52.3449952470021,12.0,30.0,0.0,19.336834605652294,53.42737622902627,22.0,30.0,0.0,19.33587613043451,53.69334229633387,12.0,30.0,0.0,17.928104211669475,60.87818438622787,12.0,30.0,0.0,19.932191306203636,53.724730189748317,12.0,30.0,0.0,18.48731910522009,57.2618982858848,10.0,30.0,0.0,16.887009379465217,64.33418218543523,12.0,30.0,0.0,18.039270553281683,60.30355878968463,20.0,30.0,0.0,18.776956262171106,0.0,0.0,0.0,15.420605552854927,0.0,0.0,668.3957659262071,648.0691549872883,672.6580189495996,692.1881191706284,809.3126779357308,1175.2910854479638,741.5729548707227,793.7907296164624,973.592814179719,0.0,80.48495482880236,80.48495482880236,60.0,0.0,60.0,60.0,12.0,12.0,12.0,19.0,12.0,12.0,21.0,10.0,0.0,0.0,0.0,0.0,0.0,0.0,0.0,0.0,0.0,0.0,0.0,0.0,0.0,80.48495482880236,80.48495482880236,0.0,0.0,0.0,80.48495482880236,0.0,0.0,0.00179 
 04/04  00:50:00,8.268333333333333,99.0,3.165,0.0,0.0,0.0,0.0,0.0,2.0,2.0,0.0,0.0,0.0,0.0,0.0,942.0,0.0,0.0,0.0,0.0,0.0,0.0,0.0,0.0,0.0,0.0,0.0,19.53486879503047,-67.09970276835156,19.68980255016579,-103.84605847174453,19.445659282642575,-9.882206228807263,19.34785235852383,-86.2597672915108,17.914988599613414,-1.1473256492852216,19.705000455034843,-21.35240827913583,18.39231660621364,17.21206757730579,17.01125020509332,-92.43336007333756,18.084840854833737,-69.67782344056735,242.23804262814066,338.39762513845769,0.0,0.0,0.0,0.0,0.0,0.0,0.0,0.0,0.0,0.0,0.0,0.0,0.0,0.0,0.0,0.0,0.0,0.0,0.0,0.0,0.0,0.0,1.2974796274912768,0.3960560523477646,138.75865399799185,162.06888799692573,3071.826679623548,0.24036178795640238,0.036685254572100488,71.68161679609418,83.67809501381358,1599.2748221525054,2.8447864379852798,0.5375635748271506,187.3719204781476,218.80418736691815,4176.849346010592,0.25076509308695046,0.047385694082946027,84.33540678408161,98.52496863907858,1842.6768126203736,0.0,0.0,5.07735275796105,5.955977826379384,97.69677615165479,0.0,0.0,8.955654373366876,10.434166773643315,206.40985692284904,0.0,0.0,67.72079390385349,79.3121915303445,1374.9661569013636,0.0,0.0,33.210187465994547,39.10918344228793,568.6358285069548,0.0,0.0,15.914001811000644,18.654946788388125,312.5429044422932,21.611650445052417,14.822805517868602,189.74475135857427,222.15413659277545,4361.080150964808,0.0,0.0,51.95519934702811,61.49911833876981,742.6421249920909,0.0,19.323606130626954,52.96284069158702,22.0,30.0,0.0,19.482691458374199,52.43531295531988,12.0,30.0,0.0,19.336722482891916,53.61332926226196,22.0,30.0,0.0,19.245887720513389,53.40831670981011,12.0,30.0,0.0,17.900525109481607,60.562517495969597,12.0,30.0,0.0,19.889189367643128,53.466812502695677,12.0,30.0,0.0,18.45300009790001,57.16015293729553,10.0,30.0,0.0,16.80506515487088,64.26955921372903,12.0,30.0,0.0,18.107129324224354,59.70386665233137,20.0,30.0,0.0,18.654763802016729,0.0,0.0,0.0,15.342118436502595,0.0,0.0,649.0415115525899,648.1495157692424,685.7590722018165,667.600782611699,793.5302753853748,1175.3478980586015,732.2076771152563,784.5467511319783,991.746901440759,0.0,80.48495482880236,80.48495482880236,60.0,0.0,60.0,60.0,12.0,12.0,12.0,19.0,12.0,12.0,21.0,10.0,0.0,0.0,0.0,0.0,0.0,0.0,0.0,0.0,0.0,0.0,0.0,0.0,0.0,80.48495482880236,80.48495482880236,0.0,0.0,0.0,80.48495482880236,0.0,0.0,0.0018 
 04/04  01:00:00,8.25,99.0,3.12,0.0,0.0,0.0,0.0,0.0,2.0,2.0,0.0,0.0,0.0,0.0,0.0,942.0,0.0,0.0,0.0,0.0,0.0,0.0,0.0,0.0,0.0,0.0,0.0,19.545457468720536,-5.9289601100017539,19.610633613518546,-173.0312140197948,19.34100849050018,-125.61595051492805,19.34521852257248,0.9453306758541658,17.89256657316009,-1.4539088399408798,19.669874254439493,-19.331478980951489,18.36059472732417,7.41147429928742,16.95944475129137,-95.01201440813111,18.104205340906739,-63.71113502463231,249.3980022978003,336.32603028563269,0.0,0.0,0.0,0.0,0.0,0.0,0.0,0.0,0.0,0.0,0.0,0.0,0.0,0.0,0.0,0.0,0.0,0.0,0.0,0.0,0.0,0.0,1.2899905120061118,0.3937699975598632,143.5681254472699,167.64556971621543,3204.69448167946,0.23352106825259448,0.03564118868324092,120.7151131235866,140.99398087950295,2669.025241763111,2.7639772041722505,0.5222935004104783,118.7639811362103,138.809047304427,2634.9217894195064,0.25551554662231948,0.04828336103974289,107.72462340014919,125.82297224964013,2365.58500325422,0.0,0.0,4.9046710576233309,5.754575373971401,94.34013343091968,0.0,0.0,8.90008013875491,10.371949429081907,204.89473288741409,0.0,0.0,65.04065686953727,76.19648407749867,1317.5457926323898,0.0,0.0,33.878225708218398,39.90951654188173,577.2977345815396,0.0,0.0,14.429958829833673,16.91495561253012,285.0394219630099,21.522088354285488,14.761377472075099,199.75185800015783,233.8783429032426,4573.808556112783,0.0,0.0,50.74447198060132,60.08679052573013,720.1934557833452,0.0,19.403451812898319,52.84340851970958,22.0,30.0,0.0,19.37456951584921,52.316298604555459,12.0,30.0,0.0,19.17243774225216,53.04117619184115,22.0,30.0,0.0,19.290340152751555,53.79222576889172,12.0,30.0,0.0,17.87743969335183,60.365501935597169,12.0,30.0,0.0,19.855622764187499,53.29645716070872,12.0,30.0,0.0,18.40943333632454,56.891419588630437,10.0,30.0,0.0,16.743516894908429,64.17966045950297,12.0,30.0,0.0,18.146750518633917,59.30731809369409,20.0,30.0,0.0,18.654110120525244,0.0,0.0,0.0,15.27125369598289,0.0,0.0,657.7088875185369,623.9776990875733,629.6794081454441,694.5965036296831,782.7625388100378,1174.2911220862948,717.2309058461807,777.5060204399487,1005.9575369134512,0.0,80.48495482880236,80.48495482880236,60.0,0.0,60.0,60.0,12.0,12.0,12.0,19.0,12.0,12.0,21.0,10.0,0.0,0.0,0.0,0.0,0.0,0.0,0.0,0.0,0.0,0.0,0.0,0.0,0.0,80.48495482880236,80.48495482880236,0.0,0.0,0.0,80.48495482880236,0.0,0.0,0.00181 
 04/04  01:10:00,8.248333333333333,98.83333333333333,3.0616666666666667,0.0,0.0,0.0,0.0,0.0,2.0,2.0,0.0,0.0,0.0,0.0,0.0,1884.0,0.0,0.0,0.0,0.0,0.0,0.0,0.0,0.0,0.0,0.0,0.0,19.439679442622464,-78.36710974741072,19.588617124990713,-104.61765979533812,19.322469182058954,-41.77830443225048,19.292342018979519,-67.08268023445544,17.87243920665845,-1.7415544014230733,19.639696213403487,-19.510700323812359,18.338559015107419,5.694933758222078,16.91339644951747,-101.53104777696785,18.119657920376875,-49.70143008849007,246.30991966561988,324.7068083190801,0.0,0.0,0.0,0.0,0.0,0.0,0.0,0.0,0.0,0.0,0.0,0.0,0.0,0.0,0.0,0.0,0.0,0.0,0.0,0.0,0.0,0.0,1.3006362014307143,0.397019597506323,182.60021212387367,214.0101015410396,4007.7307713145148,0.23601147929020933,0.03602128804795625,87.87569472623905,102.73867628856496,1942.5286717504444,2.83955955123153,0.5365758789175228,166.5825088603191,195.48986561562274,3683.518002535825,0.24956622635250737,0.04715915086026215,94.17898506634978,110.46724544961545,2053.033303058984,0.0,0.0,5.03659216264078,5.929828810640991,96.67970966050337,0.0,0.0,8.798469919880237,10.287512721799196,202.0521246595577,0.0,0.0,63.64800192684126,74.81342207840142,1286.4332021088713,0.0,0.0,34.8118870293348,41.14719982184968,589.641000647304,0.0,0.0,11.656007044043307,13.70847171474966,230.86317862401408,21.262060202910744,14.583031689239196,228.19456195164157,268.0827019875393,5147.714886403888,0.0,0.0,48.409855501315579,57.523868284243167,679.2982728057907,0.0,19.232843714949828,53.0257260828795,22.0,30.0,0.0,19.390388828105477,52.24441317036532,12.0,30.0,0.0,19.195888247615636,53.327476854893607,22.0,30.0,0.0,19.210462547357176,53.387249320759469,12.0,30.0,0.0,17.859516979264165,60.178853109794847,12.0,30.0,0.0,19.828919360107287,53.153569207190617,12.0,30.0,0.0,18.387684300966116,56.75576491599857,10.0,30.0,0.0,16.692713146697629,64.1304770513751,12.0,30.0,0.0,18.17798298411106,59.02613863854761,20.0,30.0,0.0,18.637565869576734,0.0,0.0,0.0,15.190767520881805,0.0,0.0,641.6575060305165,624.9711825390999,652.820197514586,665.4328382460268,772.8038797979729,1171.5026504263597,708.457978395317,770.6150619880045,1022.8511891162397,0.0,80.48495482880236,80.48495482880236,60.0,0.0,60.0,60.0,12.0,12.0,12.0,19.0,12.0,12.0,21.0,10.0,0.0,0.0,0.0,0.0,0.0,0.0,0.0,0.0,0.0,0.0,0.0,0.0,0.0,80.48495482880236,80.48495482880236,0.0,0.0,0.0,80.48495482880236,0.0,0.0,0.0018199999999999998 
 04/04  01:20:00,8.246666666666668,98.66666666666669,3.003333333333334,0.0,0.0,0.0,0.0,0.0,2.0,2.0,0.0,0.0,0.0,0.0,0.0,942.0,0.0,0.0,0.0,0.0,0.0,0.0,0.0,0.0,0.0,0.0,0.0,19.39355483202391,-61.65618739488127,19.537562220162607,-102.50904228613536,19.299422438744295,-9.126669086263064,19.23267085445657,-83.34859955156617,17.84710784309683,-1.5737203273874912,19.60298656187561,-19.700754669293589,18.30575365864553,9.38216428805299,16.85537983527766,-101.32708316636149,18.14691820091472,-36.43351165143349,222.96522759985693,313.7358699548265,0.0,0.0,0.0,0.0,0.0,0.0,0.0,0.0,0.0,0.0,0.0,0.0,0.0,0.0,0.0,0.0,0.0,0.0,0.0,0.0,0.0,0.0,1.2976548417713403,0.39610953656023825,130.76515256451359,152.84523434214675,2870.326989539139,0.24067121971887613,0.03673248164207511,71.15129949281332,83.12638375948758,1570.8926250651028,2.862203339048531,0.5408547503870999,176.8917579506522,206.7293670236549,3907.944076858436,0.2501548404117084,0.047270378006747607,80.04035493045304,93.57434513699968,1735.0368056669427,0.0,0.0,5.188457686528403,6.089922803538487,99.38274822327577,0.0,0.0,8.764735769106427,10.219037797519365,200.72912707468155,0.0,0.0,62.273376052487559,72.98388447075898,1254.5283475015627,0.0,0.0,35.244964891150619,41.546316835321459,592.3205051514674,0.0,0.0,9.192030799906555,10.773795478170545,183.1450267963843,21.064220851475235,14.447339404304007,179.33166570489247,210.10018355312375,4099.948044410271,0.0,0.0,46.05930567672994,54.58259871631853,639.4091566715046,0.0,19.195705434198176,52.76046921755495,22.0,30.0,0.0,19.336734574530984,52.24232505001149,12.0,30.0,0.0,19.198586619688503,53.37019495699439,22.0,30.0,0.0,19.13020556665897,53.072177291167289,12.0,30.0,0.0,17.83167664204348,59.8717602655171,12.0,30.0,0.0,19.78830830252979,52.89802189357038,12.0,30.0,0.0,18.346948690846287,56.68555393805005,10.0,30.0,0.0,16.61872066402575,64.07884200369354,12.0,30.0,0.0,18.23137748370798,58.601977161952628,20.0,30.0,0.0,18.539797998307546,0.0,0.0,0.0,15.109298729299427,0.0,0.0,625.4221008307012,622.9064734169533,659.3238405709623,641.6071013062243,757.1640204422523,1163.3794002740436,692.6088258875827,760.6376424118063,1060.7808174411683,0.0,80.48495482880236,80.48495482880236,60.0,0.0,60.0,60.0,12.0,12.0,12.0,19.0,12.0,12.0,21.0,10.0,0.0,0.0,0.0,0.0,0.0,0.0,0.0,0.0,0.0,0.0,0.0,0.0,0.0,80.48495482880236,80.48495482880236,0.0,0.0,0.0,80.48495482880236,0.0,0.0,0.0018299999999999999 
 04/04  01:30:00,8.245000000000001,98.5,2.9450000000000005,0.0,0.0,0.0,0.0,0.0,2.0,2.0,0.0,0.0,0.0,0.0,0.0,942.0,0.0,0.0,0.0,0.0,0.0,0.0,0.0,0.0,0.0,0.0,0.0,19.39982921015882,-6.372641317754642,19.469502521081148,-159.26562709007249,19.208724172522027,-108.96792670465993,19.233057258685134,-0.5194729605468638,17.823801207210346,-1.9868275660494988,19.57114364095149,-18.16491525727116,18.27078659487585,0.49859870785667229,16.805633730654998,-104.0203743671409,18.170533425480234,-22.35096980449913,222.53972030213573,303.6070947036035,0.0,0.0,0.0,0.0,0.0,0.0,0.0,0.0,0.0,0.0,0.0,0.0,0.0,0.0,0.0,0.0,0.0,0.0,0.0,0.0,0.0,0.0,1.2933398613875045,0.3947923874809232,129.93051191160877,151.83962083236077,2869.606148623832,0.2353430682808287,0.0359192717156332,113.35717101152963,132.49163149594055,2480.0233340419306,2.805112405282309,0.5300665920790457,103.26977110984622,120.77692783477304,2278.0710472713869,0.25456008279058786,0.04810281231870517,97.4615483386395,113.91546524695032,2120.438652184777,0.0,0.0,5.028704282238321,5.903513014998999,96.11574626332383,0.0,0.0,8.668991139879978,10.109632807579358,198.05520677626223,0.0,0.0,59.13795044517177,69.32959097930017,1186.3310405149867,0.0,0.0,35.780366019142459,42.19053013563424,597.4386959026699,0.0,0.0,8.366501939577609,9.805554978941256,167.45218841147887,20.86452568712106,14.310374271002102,175.70369784490539,205.87505299349835,4016.1467914286638,0.0,0.0,43.8907197452419,52.030065430763389,603.167951033923,0.0,19.26329933881332,52.60116179803621,22.0,30.0,0.0,19.244913287163337,52.275080505864448,12.0,30.0,0.0,19.058281572244245,52.948158608125819,22.0,30.0,0.0,19.175104190290985,53.45598451872814,12.0,30.0,0.0,17.808226632785268,59.68090455078811,12.0,30.0,0.0,19.75695290160113,52.72198888579194,12.0,30.0,0.0,18.300580490269863,56.442376783276298,10.0,30.0,0.0,16.560923298446359,63.98604337755008,12.0,30.0,0.0,18.27617906989277,58.253603903163448,20.0,30.0,0.0,18.523043567556497,0.0,0.0,0.0,15.03614913827215,0.0,0.0,630.5870317431736,609.4730514086535,615.8790608198796,668.4512297115284,745.3179937407057,1155.5254107590736,672.7171772531395,752.0386282910625,1087.7154578295777,0.0,80.48495482880236,80.48495482880236,60.0,0.0,60.0,60.0,12.0,12.0,12.0,19.0,12.0,12.0,21.0,10.0,0.0,0.0,0.0,0.0,0.0,0.0,0.0,0.0,0.0,0.0,0.0,0.0,0.0,80.48495482880236,80.48495482880236,0.0,0.0,0.0,80.48495482880236,0.0,0.0,0.00184 
 04/04  01:40:00,8.243333333333334,98.33333333333334,2.8866666666666669,0.0,0.0,0.0,0.0,0.0,2.0,2.0,0.0,0.0,0.0,0.0,0.0,942.0,0.0,0.0,0.0,0.0,0.0,0.0,0.0,0.0,0.0,0.0,0.0,19.23878750011621,-120.28634309820973,19.480749729996405,-23.475670495342,19.216172683171466,8.540965926533318,19.149143873055665,-111.93608614824461,17.800521558039045,-1.8086888380802578,19.538693414286898,-19.76954505640765,18.251186603116595,9.22748552765961,16.755250494315143,-107.44992453110149,18.186100721149687,-24.916850936499828,232.7570709873362,309.12867169141466,0.0,0.0,0.0,0.0,0.0,0.0,0.0,0.0,0.0,0.0,0.0,0.0,0.0,0.0,0.0,0.0,0.0,0.0,0.0,0.0,0.0,0.0,1.3023467408200087,0.39754174017704788,156.56343031939589,183.1664216216168,3367.635877231424,0.2428046115233322,0.03705809089183947,24.962991270192459,29.169998834222473,554.0959950279149,2.8944146631923024,0.5469415463326348,221.7648121115001,259.2762802995479,4855.883536448206,0.24747262937189985,0.04676353540663261,110.35487503807224,129.08371945067624,2369.95270711582,0.0,0.0,5.423037156631816,6.367676759144572,103.43454135897187,0.0,0.0,8.625311881001075,10.060992303606496,196.5439322153086,0.0,0.0,61.51423693320056,72.12357516030193,1232.6261581455179,0.0,0.0,36.59621948939405,43.16502401961454,607.0024332579976,0.0,0.0,11.074850348449014,12.98001981739483,222.28211259503167,20.82261204071719,14.28162691407215,224.17750145296007,262.68520007985037,5012.921267330317,0.0,0.0,44.692592205004107,52.99436908355485,610.2135185892945,0.0,18.98087665689188,53.111499633636139,22.0,30.0,0.0,19.32131834842163,52.095937081875188,12.0,30.0,0.0,19.128188254076848,53.30278078774647,22.0,30.0,0.0,19.030755278837487,52.96115946067669,12.0,30.0,0.0,17.78526965805645,59.44518117264879,12.0,30.0,0.0,19.72350030605931,52.54769067096152,12.0,30.0,0.0,18.286770526360365,56.405480796906349,10.0,30.0,0.0,16.501845599404999,64.03082622688166,12.0,30.0,0.0,18.30335236315001,57.84272449809313,20.0,30.0,0.0,18.536303073759436,0.0,0.0,0.0,14.988933751871457,0.0,0.0,614.815255590702,615.2706871658949,649.9693818245196,623.1091238183087,731.3009234831739,1144.4872591400272,671.1178097905987,748.194526533175,1078.8207359245205,0.0,80.48495482880236,80.48495482880236,60.0,0.0,60.0,60.0,12.0,12.0,12.0,19.0,12.0,12.0,21.0,10.0,0.0,0.0,0.0,0.0,0.0,0.0,0.0,0.0,0.0,0.0,0.0,0.0,0.0,80.48495482880236,80.48495482880236,0.0,0.0,0.0,80.48495482880236,0.0,0.0,0.00185 
 04/04  01:50:00,8.241666666666668,98.16666666666667,2.8283333333333338,0.0,0.0,0.0,0.0,0.0,2.0,2.0,0.0,0.0,0.0,0.0,0.0,942.0,0.0,0.0,0.0,0.0,0.0,0.0,0.0,0.0,0.0,0.0,0.0,19.307815311656893,16.789527956249004,19.37676498399419,-206.41696803355809,19.09470578268779,-143.5869141953899,19.156147172548907,5.161773613338937,17.776454040249086,-2.362180158538166,19.508958826460125,-16.265064616994438,18.19405962687376,-16.625401998472399,16.70805875981282,-107.49213388458725,18.195085428461284,-26.794337087494684,260.46493548422407,313.0914672638462,0.0,0.0,0.0,0.0,0.0,0.0,0.0,0.0,0.0,0.0,0.0,0.0,0.0,0.0,0.0,0.0,0.0,0.0,0.0,0.0,0.0,0.0,1.2423886201737978,0.3792395055475573,236.39752133399584,276.3637621523233,5165.652494721277,0.21441051925470645,0.032724438225687799,171.15199685687854,200.14457361989418,3709.3341640020855,2.640783896506253,0.49901434174343425,164.36874659664168,192.35708174319084,3544.6794242702196,0.24463115763304506,0.04622659819218537,106.30122175278989,124.30274934878564,2296.5309389976557,0.0,0.0,4.851188960886075,5.697252270070426,92.32044560756852,0.0,0.0,8.761157119417558,10.221625673551437,199.2054434988652,0.0,0.0,55.74279429614229,65.38345432142789,1107.7519531019216,0.0,0.0,36.735463809219599,43.34118001699444,605.7038121269306,0.0,0.0,11.831798367772901,13.867929816720763,237.88417433684598,21.4100312293563,14.68452073344054,305.1207408821451,357.50969697120208,6702.914148756939,0.0,0.0,44.877908923240287,53.22536337594478,609.4110072407552,0.0,19.190381282502434,52.692703042859339,22.0,30.0,0.0,19.14260494770971,52.31318665038942,12.0,30.0,0.0,18.9223548109806,53.04021614662607,22.0,30.0,0.0,19.094517560925607,53.39820049552482,12.0,30.0,0.0,17.76102283343604,59.29224499567638,12.0,30.0,0.0,19.69530577454436,52.34449628786385,12.0,30.0,0.0,18.198570497998543,56.44431271674409,10.0,30.0,0.0,16.449324731527338,64.00377214536116,12.0,30.0,0.0,18.319235108121107,57.50233127966056,20.0,30.0,0.0,18.568873865952939,0.0,0.0,0.0,14.949167414880123,0.0,0.0,626.0525677875801,599.4221919817463,601.7050524953679,653.9741168435558,722.1416816272106,1125.6589469008423,665.1585470019236,752.3850482376819,1065.810543975122,0.0,80.48495482880236,80.48495482880236,60.0,0.0,60.0,60.0,12.0,12.0,12.0,19.0,12.0,12.0,21.0,10.0,0.0,0.0,0.0,0.0,0.0,0.0,0.0,0.0,0.0,0.0,0.0,0.0,0.0,80.48495482880236,80.48495482880236,0.0,0.0,0.0,80.48495482880236,0.0,0.0,0.0018633333333333337 
 04/04  02:00:00,8.24,98.0,2.77,0.0,0.0,0.0,0.0,0.0,2.0,2.0,0.0,0.0,0.0,0.0,0.0,1884.0,0.0,0.0,0.0,0.0,0.0,0.0,0.0,0.0,0.0,0.0,0.0,19.212845011140794,-70.83242373093072,19.356905452853,-95.31008391252124,19.103211832863104,5.521658956328054,19.113656156443036,-59.056058764241587,17.75511201141155,-2.211120359423063,19.48038988503694,-20.773584747230644,18.173715894124844,-2.0880192057184105,16.6667902074038,-110.55120953592939,18.1980917076666,-29.135889700561564,218.07812484347324,315.58540882188665,0.0,0.0,0.0,0.0,0.0,0.0,0.0,0.0,0.0,0.0,0.0,0.0,0.0,0.0,0.0,0.0,0.0,0.0,0.0,0.0,0.0,0.0,1.2263055684974503,0.3743301491139958,178.37881615813729,209.34654750820125,3846.672984669426,0.2221307887315362,0.033902745532896249,87.24623794575365,102.13942839549688,1893.5762829859905,2.618387340561168,0.4947821883146577,137.48678375722836,161.73481792087086,2992.260976044179,0.23434697166245906,0.04428325239275491,67.05336244349614,78.89661812781049,1439.476544107046,0.0,0.0,5.456061542101989,6.429067808738157,103.61389371593073,0.0,0.0,9.116271335245454,10.669760672911444,206.7535549697502,0.0,0.0,59.92471883849667,70.51396594040674,1189.3624942228108,0.0,0.0,37.39224664962066,44.259522706855509,613.4060406240513,0.0,0.0,13.888400830634616,16.32927684487034,279.3173504970862,22.03011247589704,15.109816512960938,197.36823244223695,232.35885710395679,4426.816544861513,0.0,0.0,45.64571116339797,54.310511111422048,616.6255240437895,0.0,19.029445018669614,52.8304784188262,22.0,30.0,0.0,19.165178427619993,52.217548190815929,12.0,30.0,0.0,18.99932117118231,53.382447198042708,22.0,30.0,0.0,19.029689441883546,52.83705283634858,12.0,30.0,0.0,17.742641465294164,59.14510996210491,12.0,30.0,0.0,19.668165657630497,52.22726232914275,12.0,30.0,0.0,18.18754141243348,56.376238849217859,10.0,30.0,0.0,16.408083031052159,63.99883844291544,12.0,30.0,0.0,18.324975934709089,57.227528377695779,20.0,30.0,0.0,18.348790203331018,0.0,0.0,0.0,14.914488580065239,0.0,0.0,610.9724158505233,599.9500225259004,638.3565656895876,620.5095378403009,715.2024393612524,1111.846293689487,665.8339337650264,763.6606335207226,1046.9246561578212,0.0,80.48495482880236,80.48495482880236,60.0,0.0,60.0,60.0,12.0,12.0,12.0,19.0,12.0,12.0,21.0,10.0,0.0,0.0,0.0,0.0,0.0,0.0,0.0,0.0,0.0,0.0,0.0,0.0,0.0,80.48495482880236,80.48495482880236,0.0,0.0,0.0,80.48495482880236,0.0,0.0,0.0018766666666666665 
 04/04  02:10:00,8.246666666666667,97.83333333333334,2.746666666666667,0.0,0.0,0.0,0.0,0.0,2.0,2.0,0.0,0.0,0.0,0.0,0.0,942.0,0.0,0.0,0.0,0.0,0.0,0.0,0.0,0.0,0.0,0.0,0.0,19.17468710153858,-51.760234320647217,19.30460853810382,-111.18463957563427,19.087081677273937,-21.062191290094689,19.115619437936723,-2.212728026802054,17.728373776218719,-1.9786246310307832,19.443301474041129,-21.50214635520581,18.14205444518661,-0.3715555467042577,16.617325213432126,-108.12236777003636,18.19889482987152,-30.424617360524736,141.88263897962498,318.17625741808299,0.0,0.0,0.0,0.0,0.0,0.0,0.0,0.0,0.0,0.0,0.0,0.0,0.0,0.0,0.0,0.0,0.0,0.0,0.0,0.0,0.0,0.0,1.1945828273641473,0.36464677269967868,99.66522204984435,116.61704099916246,2155.469811425202,0.22253510786168977,0.033964454801845209,63.611578257224767,74.40946631951934,1376.57263683228,2.4773798265599695,0.4681367775056633,68.09161944469082,79.66374219658711,1508.3404589882064,0.22968354229026553,0.04340202991123686,2.020638889970985,2.3635378212491737,48.37208176550414,0.0,0.0,5.598922427631346,6.577575574570008,105.98702063675742,0.0,0.0,9.28796307314699,10.840779184608806,209.8762138185205,0.0,0.0,60.52145531221942,71.00710312454413,1196.7542834042552,0.0,0.0,37.534654674865347,44.304707788868267,611.3472277029556,0.0,0.0,14.626030524088217,17.14572933542941,294.1998360915674,22.52937869991859,15.452248765376267,70.69168220806614,83.00942739829573,1809.628041910872,0.0,0.0,45.86547260182046,54.416697013455948,616.4955014864995,0.0,19.003632577739308,52.497639308904989,22.0,30.0,0.0,19.10512016670319,51.91627493337947,12.0,30.0,0.0,19.005028910947759,52.99923786383527,22.0,30.0,0.0,19.068635642847935,52.77544684543432,12.0,30.0,0.0,17.71370611619594,58.91392523089577,12.0,30.0,0.0,19.62617815308605,52.022624933278319,12.0,30.0,0.0,18.152059218177404,56.38891929886762,10.0,30.0,0.0,16.351041176093156,64.02672106901315,12.0,30.0,0.0,18.328912865013814,56.830892792194877,20.0,30.0,0.0,17.993496731616465,0.0,0.0,0.0,14.883905147408792,0.0,0.0,594.311945681006,581.869452608876,622.3601523042171,641.9837287860574,706.4681053981362,1089.7606784546659,666.81713420218,773.7418914694849,1022.7346515048681,0.0,80.48495482880236,80.48495482880236,60.0,0.0,60.0,60.0,12.0,12.0,12.0,19.0,12.0,12.0,21.0,10.0,0.0,0.0,0.0,0.0,0.0,0.0,0.0,0.0,0.0,0.0,0.0,0.0,0.0,80.48495482880236,80.48495482880236,0.0,0.0,0.0,80.48495482880236,0.0,0.0,0.0018899999999999998 
 04/04  02:20:00,8.253333333333334,97.66666666666667,2.7233333333333338,0.0,0.0,0.0,0.0,0.0,2.0,2.0,0.0,0.0,0.0,0.0,0.0,942.0,0.0,0.0,0.0,0.0,0.0,0.0,0.0,0.0,0.0,0.0,0.0,19.168907045183575,-12.418568177892667,19.235930030989495,-163.19379729878848,19.065879587361445,-18.97136444102034,19.01598510770386,-133.35215431642747,17.703760504976374,-2.2054985162719165,19.410484486323325,-21.039014229931298,18.10849510314692,-7.031575962654188,16.575251866705949,-108.03532654422043,18.196278649582959,-31.629140586256427,215.27214991161874,321.94930252924316,0.0,0.0,0.0,0.0,0.0,0.0,0.0,0.0,0.0,0.0,0.0,0.0,0.0,0.0,0.0,0.0,0.0,0.0,0.0,0.0,0.0,0.0,1.174590491864849,0.3585441061858514,119.24298904940828,139.5064436941657,2580.5935585768036,0.21869266654903814,0.03337800161004856,80.66261841534133,94.38755510568419,1728.8187376550473,2.341962464687086,0.44254770685697028,79.64243789715153,93.180462792926,1750.7605711192135,0.21737096828382097,0.0410753908321657,74.85780572026362,87.6295992920755,1587.5188641838227,0.0,0.0,5.519322999919413,6.484934746280371,104.14587080194086,0.0,0.0,9.334672149089755,10.89721947229938,210.2136525767553,0.0,0.0,58.913595589241747,69.13629973380073,1159.5535253636729,0.0,0.0,37.844976694586417,44.679916732064118,612.7138516078317,0.0,0.0,14.799777730645707,17.350449357089066,297.45757040341388,23.014762789921869,15.7851596638696,130.74995854736495,153.438895792334,3037.356594012687,0.0,0.0,46.26785559470519,54.90073654811158,618.9550252705723,0.0,19.041532569945649,52.41030889878321,22.0,30.0,0.0,19.012603663446396,52.11465057181821,12.0,30.0,0.0,19.001871073197554,52.951814489297678,22.0,30.0,0.0,18.89289214371261,52.57476681817367,12.0,30.0,0.0,17.689210362201487,58.79443945665147,12.0,30.0,0.0,19.592755471489654,51.89233098138884,12.0,30.0,0.0,18.11132157897435,56.15884174823529,10.0,30.0,0.0,16.307887565672777,63.9720990317051,12.0,30.0,0.0,18.32748575067271,56.61129726734426,20.0,30.0,0.0,18.17750881803066,0.0,0.0,0.0,14.85832418365443,0.0,0.0,599.2765008322164,584.062004184112,642.9015072614552,592.2447179027588,702.1869048903972,1075.3703244827976,658.9320291176719,777.170118976311,1010.9735441267005,0.0,80.48495482880236,80.48495482880236,60.0,0.0,60.0,60.0,12.0,12.0,12.0,19.0,12.0,12.0,21.0,10.0,0.0,0.0,0.0,0.0,0.0,0.0,0.0,0.0,0.0,0.0,0.0,0.0,0.0,80.48495482880236,80.48495482880236,0.0,0.0,0.0,80.48495482880236,0.0,0.0,0.0019166666666666666 
 04/04  02:30:00,8.26,97.5,2.7,0.0,0.0,0.0,0.0,0.0,2.0,2.0,0.0,0.0,0.0,0.0,0.0,942.0,0.0,0.0,0.0,0.0,0.0,0.0,0.0,0.0,0.0,0.0,0.0,19.027571790662785,-116.31665633126886,19.257052861350347,-8.767222359183052,18.938174207078565,-158.58964982072576,19.023737517200567,6.914099730121052,17.6791709005644,-1.9735331068177687,19.376907936926334,-22.832016177508593,18.08869957538039,1.6138927165779933,16.534685893147925,-107.52598763672813,18.191354555473845,-33.21785187884029,237.80528203966333,323.266209722967,0.0,0.0,0.0,0.0,0.0,0.0,0.0,0.0,0.0,0.0,0.0,0.0,0.0,0.0,0.0,0.0,0.0,0.0,0.0,0.0,0.0,0.0,1.1438402183511434,0.3491575758092623,92.10868759024329,107.86065624937472,1953.800374317037,0.217803772803279,0.03324233406643453,52.6016307223194,61.52811005063716,1138.0263733241134,2.23811074070419,0.4229234203900587,115.63091557578577,135.4137312435584,2466.3087668740224,0.22961255292108605,0.04338861544238208,120.51851936018423,141.02508213708138,2567.888255531788,0.0,0.0,5.814730928269476,6.832998408060603,109.37096988978375,0.0,0.0,9.477154269855737,11.065545956122236,212.65953913651527,0.0,0.0,62.01233396713029,72.7775504018599,1218.2981409944087,0.0,0.0,38.067630850950539,44.95068353385793,612.7852007214638,0.0,0.0,15.710425110106265,18.41949952696857,315.4082358641862,23.43711592114513,16.074839452088573,166.15791251431217,194.98635946110145,3753.7777021956596,0.0,0.0,46.56760814186069,55.264908317797878,619.8943424725183,0.0,18.79845159064876,52.83067467875049,22.0,30.0,0.0,19.108679710677124,52.09122250394353,12.0,30.0,0.0,18.78408013642671,52.82714285151439,22.0,30.0,0.0,18.96256241152203,53.07299331485821,12.0,30.0,0.0,17.66501703196029,58.62928958065001,12.0,30.0,0.0,19.557467314371558,51.778363908370888,12.0,30.0,0.0,18.09936777974603,56.114305337633258,10.0,30.0,0.0,16.26710157219079,63.98986572333772,12.0,30.0,0.0,18.322742686846927,56.36726864664592,20.0,30.0,0.0,18.20818520409592,0.0,0.0,0.0,14.831660289099576,0.0,0.0,585.6478374501664,595.6824103479406,585.5502638982973,646.6093433339781,696.9254808277085,1063.1076519055119,659.7053440356953,780.378830118505,996.6186703122266,0.0,80.48495482880236,80.48495482880236,60.0,0.0,60.0,60.0,12.0,12.0,12.0,19.0,12.0,12.0,21.0,10.0,0.0,0.0,0.0,0.0,0.0,0.0,0.0,0.0,0.0,0.0,0.0,0.0,0.0,80.48495482880236,80.48495482880236,0.0,0.0,0.0,80.48495482880236,0.0,0.0,0.0019433333333333336 
 04/04  02:40:00,8.266666666666666,97.33333333333333,2.6766666666666669,0.0,0.0,0.0,0.0,0.0,2.0,2.0,0.0,0.0,0.0,0.0,0.0,942.0,0.0,0.0,0.0,0.0,0.0,0.0,0.0,0.0,0.0,0.0,0.0,19.090519328853948,22.69340179266146,19.1314841151543,-238.37203189236335,18.947732858849024,0.4414422436539098,18.90693191977812,-155.940912129553,17.653938285854339,-2.38573949837874,19.34574223775212,-19.814720471454394,18.034022027469776,-22.05241625696658,16.495040637486306,-107.30616399152723,18.18628050161395,-31.870689363290013,281.4070990989112,327.61556260247587,0.0,0.0,0.0,0.0,0.0,0.0,0.0,0.0,0.0,0.0,0.0,0.0,0.0,0.0,0.0,0.0,0.0,0.0,0.0,0.0,0.0,0.0,1.1235726575634262,0.34297089669213257,179.02885830830429,209.4960365963246,3838.2099356181267,0.18554403748879987,0.02831868704041512,177.3574849850873,207.64855838711333,3746.496426646801,2.251653087689402,0.42548244287403688,152.8091998033673,178.87470303329426,3265.8948086459597,0.20225511634843566,0.038219031811873697,146.39196052115163,171.47322164875428,3055.6474930464066,0.0,0.0,5.165142171473452,6.07046973890178,96.83118774921356,0.0,0.0,9.836574875036016,11.48700144923622,220.02526791123669,0.0,0.0,55.10009577456611,64.68694346647102,1073.0864850761905,0.0,0.0,38.33850386227086,45.27933360915592,613.6674997735967,0.0,0.0,17.201224695977435,20.168791399239959,344.9834997588727,23.75908469616805,16.2956685158903,298.30105993311698,349.91801987125396,6439.706237067828,0.0,0.0,46.83924593497739,55.593470079591529,620.8969409657075,0.0,18.98990033932057,52.489971826941218,22.0,30.0,0.0,18.883870550882376,52.124480375108998,12.0,30.0,0.0,18.862619739167493,53.3505834900206,22.0,30.0,0.0,18.749363766604433,52.56874066875822,12.0,30.0,0.0,17.639665848435354,58.527161366016617,12.0,30.0,0.0,19.527100091749707,51.67862517360885,12.0,30.0,0.0,18.017539769072646,56.18589285235275,10.0,30.0,0.0,16.22743430904268,63.88345429948935,12.0,30.0,0.0,18.318932024455497,56.144987888559487,20.0,30.0,0.0,18.31712952081429,0.0,0.0,0.0,14.810130397345338,0.0,0.0,598.1141689141948,569.2291130275498,646.4271230779262,569.6214516587365,693.8543923614886,1048.3128618510903,661.0997428129641,775.0285381395207,979.5330267873178,0.0,80.48495482880236,80.48495482880236,60.0,0.0,60.0,60.0,12.0,12.0,12.0,19.0,12.0,12.0,21.0,10.0,0.0,0.0,0.0,0.0,0.0,0.0,0.0,0.0,0.0,0.0,0.0,0.0,0.0,80.48495482880236,80.48495482880236,0.0,0.0,0.0,80.48495482880236,0.0,0.0,0.00197 
 04/04  02:50:00,8.273333333333334,97.16666666666667,2.6533333333333335,0.0,0.0,0.0,0.0,0.0,2.0,2.0,0.0,0.0,0.0,0.0,0.0,1884.0,0.0,0.0,0.0,0.0,0.0,0.0,0.0,0.0,0.0,0.0,0.0,18.984876424686328,-80.42330700859157,19.115501064479866,-88.70993183107407,18.907450473704018,-58.097481327175959,18.901323320413803,-19.99951313496797,17.631517322646667,-2.309676394093273,19.315730354524776,-23.887976852511913,18.01437302512233,-7.939238699018006,16.460351608457338,-107.93316370568755,18.17909264067125,-35.693619482471039,241.17051783211719,325.43672946594259,0.0,0.0,0.0,0.0,0.0,0.0,0.0,0.0,0.0,0.0,0.0,0.0,0.0,0.0,0.0,0.0,0.0,0.0,0.0,0.0,0.0,0.0,1.101518006122523,0.33623870760760779,173.5786985605385,203.8797260001543,3655.753966280667,0.20342508650328573,0.03104778487534886,110.74080415394008,129.93542303715277,2345.35528970194,2.0618533017911817,0.38961702603763839,93.82402387821371,110.31523031546608,2008.623281768866,0.21733117960068894,0.0410678721845595,92.2866909790646,108.53162956273512,1934.9389647013975,0.0,0.0,5.718438654759047,6.742647974666666,106.86619028767038,0.0,0.0,9.898047329931805,11.594274373295118,220.6537695503,0.0,0.0,59.88745534338541,70.52957679060731,1164.1300541974534,0.0,0.0,38.417143598031099,45.513878030539547,611.8666373282163,0.0,0.0,17.445878821752627,20.516865477567955,349.2533697587147,24.16140339169787,16.57160726453901,186.67117124346187,219.86531149828859,4138.831325386406,0.0,0.0,46.99236169038247,55.94865232896098,619.4047370926253,0.0,18.806308502335669,52.71060102607484,22.0,30.0,0.0,18.920381975381895,52.15317245780072,12.0,30.0,0.0,18.818150018915028,52.92415181760488,22.0,30.0,0.0,18.798857566510713,53.072922629856559,12.0,30.0,0.0,17.620180174267749,58.424530869841607,12.0,30.0,0.0,19.499628266738797,51.61740523993568,12.0,30.0,0.0,18.009052100428418,56.091559647201687,10.0,30.0,0.0,16.197057829621206,63.808828715597538,12.0,30.0,0.0,18.3113985173494,55.98658867438783,20.0,30.0,0.0,18.128464785520547,0.0,0.0,0.0,14.781840756041266,0.0,0.0,585.8262922358142,575.0823265384474,609.5174223389993,618.6317632766586,691.5318548377909,1040.4622400965935,656.4292632537108,779.7431363273095,970.3960226376744,0.0,80.48495482880236,80.48495482880236,60.0,0.0,60.0,60.0,12.0,12.0,12.0,19.0,12.0,12.0,21.0,10.0,0.0,0.0,0.0,0.0,0.0,0.0,0.0,0.0,0.0,0.0,0.0,0.0,0.0,80.48495482880236,80.48495482880236,0.0,0.0,0.0,80.48495482880236,0.0,0.0,0.0019866666666666667 
 04/04  03:00:00,8.28,97.0,2.63,0.0,0.0,0.0,0.0,0.0,2.0,2.0,0.0,0.0,0.0,0.0,0.0,1884.0,0.0,0.0,0.0,0.0,0.0,0.0,0.0,0.0,0.0,0.0,0.0,18.951344528106739,-77.16155529258185,19.035765757130244,-144.364627050154,18.85849607940218,-101.7850346350192,18.83470998717459,-96.64323788454795,17.605983667745816,-2.4283806989002558,19.282842666770159,-24.695062612462608,17.978031285783375,-9.851039058235415,16.420852850394149,-108.371904284258,18.169688583697846,-37.5721634350171,266.0522670471146,326.08967350753997,0.0,0.0,0.0,0.0,0.0,0.0,0.0,0.0,0.0,0.0,0.0,0.0,0.0,0.0,0.0,0.0,0.0,0.0,0.0,0.0,0.0,0.0,1.0814682555310907,0.3301185151193805,149.4299221098264,175.50313084813065,3142.966236711485,0.19926551135121535,0.030412929082908326,122.8897043093169,144.41084206269137,2572.3064868378899,1.9722932609938145,0.37269335997615557,166.50844987773275,195.62549963051939,3511.2955207634997,0.21025460179099204,0.03973065037622675,132.19550607520618,155.27438212322509,2742.0428038691118,0.0,0.0,5.753135889106851,6.782522450823133,107.15268517737643,0.0,0.0,10.07760038096922,11.807041340244844,223.8732155236391,0.0,0.0,59.76035518126311,70.37603091625698,1155.812088886451,0.0,0.0,38.6565959110733,45.80721720385999,612.113213494317,0.0,0.0,18.2478851419813,21.464447303369125,364.6942750321441,24.497916276673906,16.802411712396375,238.56546523556109,280.82235549658426,5168.174323072122,0.0,0.0,47.25563936372622,56.269969403450158,619.9248935394163,0.0,18.790554881939955,52.23494973728191,22.0,30.0,0.0,18.8026578720312,51.93814899263679,12.0,30.0,0.0,18.761928981329257,52.610003223124568,22.0,30.0,0.0,18.692280140870687,52.636894833780498,12.0,30.0,0.0,17.594590501348806,58.27949359120037,12.0,30.0,0.0,19.46573572696875,51.48750029867594,12.0,30.0,0.0,17.96568294088773,55.78864580619934,10.0,30.0,0.0,16.15657844745515,63.6134326799222,12.0,30.0,0.0,18.300865102448783,55.73617153213216,20.0,30.0,0.0,18.153633419340986,0.0,0.0,0.0,14.75694979551756,0.0,0.0,571.4976171343419,557.0452679077587,594.0076564616475,582.3894913443863,688.6634870511734,1027.627783826005,649.3091008354269,778.3826547940248,957.3523508746343,0.0,80.48495482880236,80.48495482880236,60.0,0.0,60.0,60.0,12.0,12.0,12.0,19.0,12.0,12.0,21.0,10.0,0.0,0.0,0.0,0.0,0.0,0.0,0.0,0.0,0.0,0.0,0.0,0.0,0.0,80.48495482880236,80.48495482880236,0.0,0.0,0.0,80.48495482880236,0.0,0.0,0.0020033333333333337 
 04/04  03:10:00,8.266666666666666,97.0,2.6183333333333338,0.0,0.0,0.0,0.0,0.0,2.0,2.0,0.0,0.0,0.0,0.0,0.0,942.0,0.0,0.0,0.0,0.0,0.0,0.0,0.0,0.0,0.0,0.0,0.0,18.92290559000059,-4.57469001478421,18.999692445411215,-146.88097437405305,18.81778432240288,-27.602258739309947,18.810100525827005,-76.64918787855413,17.578022415569927,-2.0972460691882306,19.246028079444494,-23.697156553711467,17.93600677203495,-19.74901420144215,16.38098805398841,-105.08072359033304,18.15867383195385,-36.503891094849567,233.04626748441479,328.5877649651852,0.0,0.0,0.0,0.0,0.0,0.0,0.0,0.0,0.0,0.0,0.0,0.0,0.0,0.0,0.0,0.0,0.0,0.0,0.0,0.0,0.0,0.0,1.0634917389062555,0.32463117793231247,121.1060625201151,141.85198288084735,2556.4954742143979,0.19002140565824689,0.029002046040635975,118.24889356618977,138.5308518903021,2475.27094605652,1.9171189472447108,0.3622673747627951,78.31467790379847,91.73944608516276,1669.6379691876649,0.19974956958884616,0.03774557248466479,73.67790015599394,86.3414500526348,1530.598947224714,0.0,0.0,5.476848460416333,6.439930921849151,101.8822248144568,0.0,0.0,10.296300930840064,12.030888516572889,228.3049711355457,0.0,0.0,56.22163634921739,66.04333680979623,1083.387265778853,0.0,0.0,38.50020341917889,45.49771187049707,607.8612765493625,0.0,0.0,19.244042527594723,22.572030689612374,384.8432163024375,24.72967331047657,16.961367153961989,165.69505075128658,194.63121776025316,3689.5181916744179,0.0,0.0,47.09681526171663,55.92677224092071,617.3166232165811,0.0,18.79121022302153,52.21275588463614,22.0,30.0,0.0,18.777517211634274,51.636871613765617,12.0,30.0,0.0,18.730704553140709,52.89792434829794,22.0,30.0,0.0,18.682999294659675,52.02653682548076,12.0,30.0,0.0,17.56427336406147,58.06261780977543,12.0,30.0,0.0,19.42449781689823,51.31178071499457,12.0,30.0,0.0,17.910511535748325,55.79673103060519,10.0,30.0,0.0,16.115248780190389,63.58364538240377,12.0,30.0,0.0,18.288434845163314,55.42896540370279,20.0,30.0,0.0,17.99440517406308,0.0,0.0,0.0,14.734403098199677,0.0,0.0,569.2954156582526,542.4641199047496,612.4886019810867,547.5921853625376,682.6371402083672,1010.8829819973051,651.5744964302147,776.6170683807485,939.3621792840085,0.0,80.48495482880236,80.48495482880236,60.0,0.0,60.0,60.0,12.0,12.0,12.0,19.0,12.0,12.0,21.0,10.0,0.0,0.0,0.0,0.0,0.0,0.0,0.0,0.0,0.0,0.0,0.0,0.0,0.0,80.48495482880236,80.48495482880236,0.0,0.0,0.0,80.48495482880236,0.0,0.0,0.00202 
 04/04  03:20:00,8.253333333333334,97.0,2.6066666666666666,0.0,0.0,0.0,0.0,0.0,2.0,2.0,0.0,0.0,0.0,0.0,0.0,942.0,0.0,0.0,0.0,0.0,0.0,0.0,0.0,0.0,0.0,0.0,0.0,18.785936307369416,-116.7617942746424,19.023012320863704,-8.872825112084229,18.742506988911609,-109.49410536186042,18.821652323327137,-3.351707923936374,17.552609224519136,-2.0396982900269906,19.21257629412043,-25.568171428897246,17.9177700038154,-4.985030150680814,16.34583888511576,-104.2417831319517,18.14710138015467,-39.291701313754177,224.7010038366161,326.9541289170297,0.0,0.0,0.0,0.0,0.0,0.0,0.0,0.0,0.0,0.0,0.0,0.0,0.0,0.0,0.0,0.0,0.0,0.0,0.0,0.0,0.0,0.0,1.0555124247832187,0.32219548986056736,105.49352237517017,123.68342343592642,2183.9068917539236,0.1999579119456114,0.030518606829305775,44.798575088408217,52.46316127980461,950.0285068355571,1.8185976736468404,0.34365035405269109,101.23946548848228,118.66696698026236,2125.2579774224948,0.2093478401351969,0.03955930463628058,102.66518333583093,120.26677219968674,2146.4085326401716,0.0,0.0,5.903564062220396,6.9430355223627349,109.69582169892816,0.0,0.0,10.28001339645551,12.01461388511371,227.5441622370512,0.0,0.0,60.6968149260075,71.30709561142939,1170.5865390330419,0.0,0.0,38.53996460007151,45.55466139904185,607.0817179769058,0.0,0.0,18.509737536204658,21.71391389679853,370.201321253202,25.081889558256916,17.202942083852486,139.64905195169033,164.11682324927308,3166.910008501363,0.0,0.0,47.22489089876473,56.08978685973151,617.8445581797893,0.0,18.55312564188516,52.61543729819411,22.0,30.0,0.0,18.87423739271521,51.75168632434366,12.0,30.0,0.0,18.618355506546459,52.4915147630126,22.0,30.0,0.0,18.744506791834703,52.807971743806437,12.0,30.0,0.0,17.53910685550032,57.916054001696988,12.0,30.0,0.0,19.389665102780385,51.20104084544275,12.0,30.0,0.0,17.9043850812039,55.74819810276787,10.0,30.0,0.0,16.082415071698056,63.47164940772677,12.0,30.0,0.0,18.275281719064379,55.28001508886693,20.0,30.0,0.0,17.90211674273669,0.0,0.0,0.0,14.708048210234704,0.0,0.0,564.4631091024343,561.3522847513702,569.5114003939062,611.2362171616584,680.0748897077092,1002.124191693606,641.4368876758982,776.3584257796536,936.6852346534297,0.0,80.48495482880236,80.48495482880236,60.0,0.0,60.0,60.0,12.0,12.0,12.0,19.0,12.0,12.0,21.0,10.0,0.0,0.0,0.0,0.0,0.0,0.0,0.0,0.0,0.0,0.0,0.0,0.0,0.0,80.48495482880236,80.48495482880236,0.0,0.0,0.0,80.48495482880236,0.0,0.0,0.0020766666666666669 
 04/04  03:30:00,8.239999999999999,97.0,2.5949999999999999,0.0,0.0,0.0,0.0,0.0,2.0,2.0,0.0,0.0,0.0,0.0,0.0,942.0,0.0,0.0,0.0,0.0,0.0,0.0,0.0,0.0,0.0,0.0,0.0,18.852006087017089,18.10962227649634,18.889904414385918,-253.06391843652637,18.746230349351906,-11.041193378602657,18.708431287016404,-161.52212230996975,17.52671901636794,-2.3501415599420456,19.18160866650005,-22.446356056651724,17.865435573390824,-27.609575246280884,16.310503122482115,-104.08049787014557,18.13665262131279,-37.08833319625751,284.9506427291326,331.10752519089535,0.0,0.0,0.0,0.0,0.0,0.0,0.0,0.0,0.0,0.0,0.0,0.0,0.0,0.0,0.0,0.0,0.0,0.0,0.0,0.0,0.0,0.0,1.0457827388021446,0.3192255002448549,204.70240498650589,239.84122325745424,4300.392502335519,0.1724248387784874,0.026316367334933978,173.89668016243597,203.86427971834835,3599.4175784624856,1.7936202582752475,0.3389305098781648,136.69667520176197,160.18240685811109,2875.0036393897746,0.18504330085061125,0.03496661013805956,128.58245074936034,150.78950983857085,2639.252369356382,0.0,0.0,5.236831542549236,6.16005008645152,97.18815354212664,0.0,0.0,10.537373506792678,12.317879059673901,232.93366894056065,0.0,0.0,53.74702192985799,63.16584530063737,1030.1503401842786,0.0,0.0,38.688462461949089,45.74027605176513,607.9322623181322,0.0,0.0,20.848093250298356,24.46045819867722,417.1494483672896,25.329952912014599,17.373081558309058,275.7310641638198,323.8568905841727,5887.9543851066259,0.0,0.0,47.365630720119998,56.26555035886461,619.1832365981555,0.0,18.749517416181616,52.16411275538802,22.0,30.0,0.0,18.63341551850399,51.742754881474677,12.0,30.0,0.0,18.675433514804835,52.97583824414674,22.0,30.0,0.0,18.538639782669294,52.06670781652285,12.0,30.0,0.0,17.51307170072842,57.832853967164449,12.0,30.0,0.0,19.359922722146398,51.1204901385008,12.0,30.0,0.0,17.828288901150296,55.77602719728717,10.0,30.0,0.0,16.04858177604604,63.37143332214199,12.0,30.0,0.0,18.26542776146166,55.10009662391795,20.0,30.0,0.0,18.06022895941145,0.0,0.0,0.0,14.688659499156544,0.0,0.0,565.4037180957985,527.4356740066195,612.3117232709731,528.438714431373,676.771324082296,989.9297225990797,648.417308756368,770.9939379923657,918.3332737117657,0.0,80.48495482880236,80.48495482880236,60.0,0.0,60.0,60.0,12.0,12.0,12.0,19.0,12.0,12.0,21.0,10.0,0.0,0.0,0.0,0.0,0.0,0.0,0.0,0.0,0.0,0.0,0.0,0.0,0.0,80.48495482880236,80.48495482880236,0.0,0.0,0.0,80.48495482880236,0.0,0.0,0.0021333333333333336 
 04/04  03:40:00,8.226666666666667,97.0,2.583333333333333,0.0,0.0,0.0,0.0,0.0,2.0,2.0,0.0,0.0,0.0,0.0,0.0,942.0,0.0,0.0,0.0,0.0,0.0,0.0,0.0,0.0,0.0,0.0,0.0,18.691220447259174,-121.44790682614621,18.916829101402656,-3.587908694923044,18.646288865747765,-136.48744704609818,18.73126194652444,8.071139407904412,17.501051541248807,-2.0590704499343248,19.14765772838509,-27.335624181642289,17.857484194603626,-0.6143660339876078,16.27604291984254,-103.08951611384009,18.123123675143217,-41.86632081652249,280.95648299290408,327.41497532758469,0.0,0.0,0.0,0.0,0.0,0.0,0.0,0.0,0.0,0.0,0.0,0.0,0.0,0.0,0.0,0.0,0.0,0.0,0.0,0.0,0.0,0.0,1.0304768514027499,0.31455337344406289,161.18797148208174,189.0723950796687,3303.216016736809,0.20338790883172454,0.031042110627552585,107.24546856586858,125.66002392164276,2250.5841534415797,1.652489559723901,0.31226182156536316,150.91848495490906,176.99373666383975,3122.962521018189,0.21301040381005408,0.040251399057077478,145.16145910762882,170.13043793888924,3013.2461443169079,0.0,0.0,6.125707774152204,7.207015199626058,113.55225135792705,0.0,0.0,10.424306493068493,12.188468265962442,229.99511256978404,0.0,0.0,62.24022118094594,73.14866968081069,1196.5134009023225,0.0,0.0,38.692255795154817,45.75393604935522,606.6044595640374,0.0,0.0,19.37602065423351,22.736829550820077,387.632136988247,25.640002256169827,17.585735429471766,245.2737904183973,288.1956786988417,5276.061225224274,0.0,0.0,47.46917328965783,56.400137252206118,619.1375462581855,0.0,18.454496819611668,52.82130095628108,22.0,30.0,0.0,18.758223566484479,52.089298189335448,12.0,30.0,0.0,18.509790215699487,52.614088367214197,22.0,30.0,0.0,18.644226183860498,53.06286389180407,12.0,30.0,0.0,17.487637328742229,57.70308240840551,12.0,30.0,0.0,19.323385077435419,51.052186229287247,12.0,30.0,0.0,17.843730763150587,55.67057408370195,10.0,30.0,0.0,16.016077862515304,63.34837344913484,12.0,30.0,0.0,18.24938952559192,54.96862942601095,20.0,30.0,0.0,18.003314861761284,0.0,0.0,0.0,14.659720949294976,0.0,0.0,563.0837618511766,563.4280765998145,562.2017531367592,613.1080082739759,674.5974851076512,985.0564138067509,635.0252120109932,773.7723174948161,918.0394676440013,0.0,80.48495482880236,80.48495482880236,60.0,0.0,60.0,60.0,12.0,12.0,12.0,19.0,12.0,12.0,21.0,10.0,0.0,0.0,0.0,0.0,0.0,0.0,0.0,0.0,0.0,0.0,0.0,0.0,0.0,80.48495482880236,80.48495482880236,0.0,0.0,0.0,80.48495482880236,0.0,0.0,0.00219 
 04/04  03:50:00,8.213333333333333,97.0,2.5716666666666665,0.0,0.0,0.0,0.0,0.0,2.0,2.0,0.0,0.0,0.0,0.0,0.0,942.0,0.0,0.0,0.0,0.0,0.0,0.0,0.0,0.0,0.0,0.0,0.0,18.754160537346018,16.168816608714225,18.821100722423254,-201.31148820724685,18.654351247305678,-11.413735636660022,18.64730726184943,-130.45945746138205,17.474947741993188,-2.38864611760485,19.116903046550008,-23.180539835568369,17.802890176094306,-30.241505656604887,16.241020642495273,-103.33281758606427,18.111211209272505,-39.074445937711178,284.0568995217018,333.6092694515635,0.0,0.0,0.0,0.0,0.0,0.0,0.0,0.0,0.0,0.0,0.0,0.0,0.0,0.0,0.0,0.0,0.0,0.0,0.0,0.0,0.0,0.0,1.0268410239659465,0.3134435360091412,195.14642726906608,228.75592253819847,4072.551277756208,0.16878259312079078,0.02576046903552973,172.13706906787409,201.86447699446559,3558.3440070411236,1.6672911999793048,0.31505880574060948,144.2824620177224,169.15076690963998,3011.0059927249878,0.18003891348452723,0.03402095870833847,134.8427360988206,158.18212188647358,2763.086103014811,0.0,0.0,5.263951069079633,6.194268394584218,97.45576891043588,0.0,0.0,10.668758853008777,12.476645939062355,235.0830530631204,0.0,0.0,53.602931724696,63.021254869778449,1023.4497678852766,0.0,0.0,38.93058207710953,46.04592631749082,608.8159244075929,0.0,0.0,21.612362150586699,25.364508680784764,432.4923813603573,25.83884206028942,17.72211389594611,279.7459464992427,328.7254111412585,5939.983741811293,0.0,0.0,47.70162194535938,56.68447611331495,621.8778102223818,0.0,18.64692465634763,52.43093300472659,22.0,30.0,0.0,18.590620312315818,51.66691227251844,12.0,30.0,0.0,18.579207006070886,53.20396314362724,22.0,30.0,0.0,18.492938155489129,51.99566797885266,12.0,30.0,0.0,17.46135110816248,57.641350532662588,12.0,30.0,0.0,19.293898655219203,51.02087523523805,12.0,30.0,0.0,17.761524241119849,55.79649362216339,10.0,30.0,0.0,15.981901400689289,63.25345466057573,12.0,30.0,0.0,18.237926536548807,54.83562102735966,20.0,30.0,0.0,17.969590469788437,0.0,0.0,0.0,14.642617603103636,0.0,0.0,565.8396638289255,518.4410330371053,613.4232250518273,519.2269974705226,671.0309927966119,975.6438967434663,646.8970631258629,765.405464856071,902.4210278792272,0.0,80.48495482880236,80.48495482880236,60.0,0.0,60.0,60.0,12.0,12.0,12.0,19.0,12.0,12.0,21.0,10.0,0.0,0.0,0.0,0.0,0.0,0.0,0.0,0.0,0.0,0.0,0.0,0.0,0.0,80.48495482880236,80.48495482880236,0.0,0.0,0.0,80.48495482880236,0.0,0.0,0.0022033333333333338 
 04/04  04:00:00,8.2,97.0,2.56,0.0,0.0,0.0,0.0,0.0,2.0,2.0,0.0,0.0,0.0,0.0,0.0,942.0,0.0,0.0,0.0,0.0,0.0,0.0,0.0,0.0,0.0,0.0,0.0,18.61107193904049,-113.6604820139728,18.84219621770923,-9.285334896639597,18.568881793142329,-124.7551053866855,18.66354013577518,0.3244391632733823,17.449037105067235,-2.162040110541966,19.08364673199629,-27.458665564451679,17.791308281214854,-4.41873351199456,16.207215349359069,-102.14406879671447,18.096456121256478,-43.76639140168345,271.38323129581297,329.67143871033366,0.0,0.0,0.0,0.0,0.0,0.0,0.0,0.0,0.0,0.0,0.0,0.0,0.0,0.0,0.0,0.0,0.0,0.0,0.0,0.0,0.0,0.0,1.014020899712068,0.30953018916729799,139.40489534683676,163.58390177086069,2849.027702370838,0.19637108958068495,0.02997116751841956,84.50294949082805,99.04920105691247,1768.182287995025,1.5284199149400307,0.28881706631519868,133.42864788377907,156.5416158526872,2752.3056065562075,0.20667667238056795,0.03905454882474828,129.7079368418817,152.07565043363128,2683.1643729676409,0.0,0.0,6.100724526078705,7.180259846459689,112.81210359669345,0.0,0.0,10.622757145527265,12.425564706558389,233.64353654746624,0.0,0.0,61.49136647475973,72.29785643276907,1176.790263191786,0.0,0.0,38.915097717052947,46.03671494357487,607.2150601628766,0.0,0.0,19.98016788474953,23.452516137253125,399.71488564077267,26.16638086420409,17.946763281347118,206.78083577924157,243.11816982961293,4490.640464110339,0.0,0.0,47.77614499212422,56.78409393860981,621.4489035469428,0.0,18.387530707291658,52.875917137698738,22.0,30.0,0.0,18.692997433064833,52.17377559934684,12.0,30.0,0.0,18.441899078553246,52.70476230743436,22.0,30.0,0.0,18.576677087641774,53.17934596619137,12.0,30.0,0.0,17.43558295656988,57.55092929941868,12.0,30.0,0.0,19.258434291152246,50.9672321712207,12.0,30.0,0.0,17.770124776184365,55.76841847378148,10.0,30.0,0.0,15.949891580570445,63.233516901978408,12.0,30.0,0.0,18.220563445816518,54.73994194660931,20.0,30.0,0.0,17.872126800943638,0.0,0.0,0.0,14.613759003173298,0.0,0.0,560.081348581976,560.8199057448626,560.7325338765985,612.2107189042149,669.720354357177,971.2125834705515,634.4864422371911,766.4390392015977,905.0633921379117,0.0,80.48495482880236,80.48495482880236,60.0,0.0,60.0,60.0,12.0,12.0,12.0,19.0,12.0,12.0,21.0,10.0,0.0,0.0,0.0,0.0,0.0,0.0,0.0,0.0,0.0,0.0,0.0,0.0,0.0,80.48495482880236,80.48495482880236,0.0,0.0,0.0,80.48495482880236,0.0,0.0,0.0022166666666666669 
 04/04  04:10:00,8.198333333333333,96.83333333333334,2.535,0.0,0.0,0.0,0.0,0.0,2.0,2.0,0.0,0.0,0.0,0.0,0.0,942.0,0.0,0.0,0.0,0.0,0.0,0.0,0.0,0.0,0.0,0.0,0.0,18.673861730456488,18.290764137738735,18.733327247389345,-216.4920635125709,18.57761316567546,-10.788989032939753,18.568801758831069,-143.05708290298936,17.422780958153124,-2.4505129600738657,19.05335250423328,-23.70368856588857,17.739601501331625,-30.239119730877066,16.172984971351988,-102.33117549090139,18.083333550762867,-41.19357844836611,288.2091213505573,334.93205869545298,0.0,0.0,0.0,0.0,0.0,0.0,0.0,0.0,0.0,0.0,0.0,0.0,0.0,0.0,0.0,0.0,0.0,0.0,0.0,0.0,0.0,0.0,1.0122348716198649,0.3089850035469673,196.65819652757313,230.62246234664446,4083.1397772028215,0.16547411842330066,0.02525551257986884,173.22926208293726,203.2475158289516,3556.1739737656796,1.5717221377747764,0.296999648105589,145.0053158879458,170.0663946825782,3009.1589955585588,0.17697858603758102,0.033442665539981288,135.74594723446189,159.3199752451807,2763.024992145169,0.0,0.0,5.302859360458379,6.242420245798605,97.8119042792043,0.0,0.0,10.81811739294985,12.656570113100936,237.39238523045698,0.0,0.0,53.680352082545507,63.13868325202063,1019.6849698897707,0.0,0.0,39.11632979620691,46.285310472221109,607.9731979270997,0.0,0.0,22.39936397274748,26.296109195533917,447.66269078035227,26.169137344077528,17.94865387110942,281.43390847524577,330.84663567860766,5946.726075217042,0.0,0.0,47.929447727819077,56.97536610358075,621.9233399422475,0.0,18.575913453178587,52.5337054852577,22.0,30.0,0.0,18.499609413974885,51.71514801395308,12.0,30.0,0.0,18.509677754543895,53.32052352460781,22.0,30.0,0.0,18.40523760214041,52.03466359264046,12.0,30.0,0.0,17.40913694673953,57.52557780645089,12.0,30.0,0.0,19.229327575673716,50.97551846706072,12.0,30.0,0.0,17.694143582331678,55.79583233005499,10.0,30.0,0.0,15.916445533130285,63.18499133156521,12.0,30.0,0.0,18.207645427915215,54.65119505636217,20.0,30.0,0.0,17.89795982395853,0.0,0.0,0.0,14.595486667382517,0.0,0.0,563.4425966728142,508.54133422909356,612.3567749524467,509.3810947556125,666.9041596092459,963.9190645950359,642.3430250459411,760.9495666997723,890.1985181465904,0.0,80.48495482880236,80.48495482880236,60.0,0.0,60.0,60.0,12.0,12.0,12.0,19.0,12.0,12.0,21.0,10.0,0.0,0.0,0.0,0.0,0.0,0.0,0.0,0.0,0.0,0.0,0.0,0.0,0.0,80.48495482880236,80.48495482880236,0.0,0.0,0.0,80.48495482880236,0.0,0.0,0.0022299999999999999 
 04/04  04:20:00,8.196666666666666,96.66666666666667,2.5100000000000004,0.0,0.0,0.0,0.0,0.0,2.0,2.0,0.0,0.0,0.0,0.0,0.0,942.0,0.0,0.0,0.0,0.0,0.0,0.0,0.0,0.0,0.0,0.0,0.0,18.5244555875612,-114.6647196913982,18.755304064462963,-7.583274030175744,18.482163294795588,-135.7791132614102,18.588601996680916,2.7160146077094398,17.39677010023555,-2.2029880700327739,19.020496081095364,-28.08188075866599,17.729235642526775,-4.994572475769473,16.139967069526745,-101.15192685772399,18.067585141400295,-45.73568480409574,279.3599816454207,330.586584481822,0.0,0.0,0.0,0.0,0.0,0.0,0.0,0.0,0.0,0.0,0.0,0.0,0.0,0.0,0.0,0.0,0.0,0.0,0.0,0.0,0.0,0.0,1.0012508262280909,0.30563212033824507,149.21426824351063,175.17838376393989,3024.753853805606,0.1964746826347301,0.02998697842410411,98.46982707382665,115.47521273372587,2044.3759549625739,1.458472589974433,0.27559950679788999,145.18864333850534,170.42492000727246,2966.5688693689555,0.20628495384166646,0.03898052793682282,138.63074420037365,162.60978083765415,2848.0833485855075,0.0,0.0,6.14530565931737,7.235587007614412,113.07218616518361,0.0,0.0,10.720484885795717,12.545279212565902,234.58187954009103,0.0,0.0,61.49952613356696,72.33785073868347,1169.7816021847519,0.0,0.0,39.048295852004688,46.2143311583025,604.7041284578633,0.0,0.0,20.567537051307139,24.149769324988548,410.42120877051516,26.271493044793833,18.018856683672046,229.7405251775612,270.20286583698677,4918.808007891539,0.0,0.0,47.905180570074218,56.95882972747349,619.0000912219615,0.0,18.302698405836723,53.01393533666165,22.0,30.0,0.0,18.60663300874777,52.349835994206,12.0,30.0,0.0,18.3511920709442,52.825591791165319,22.0,30.0,0.0,18.498970330454996,53.32796951427687,12.0,30.0,0.0,17.38328460501151,57.4508330171171,12.0,30.0,0.0,19.19415745069459,50.93082220180184,12.0,30.0,0.0,17.70484986948781,55.80569187980742,10.0,30.0,0.0,15.88516959857612,63.20383538910338,12.0,30.0,0.0,18.18920958042308,54.568507037061099,20.0,30.0,0.0,17.833864452657435,0.0,0.0,0.0,14.565707480399741,0.0,0.0,558.2613086787562,559.4347092385912,557.1264867036687,611.0875504781178,665.4236052550401,960.5977441640628,631.4120010238622,763.0722017845575,893.8013945672165,0.0,80.48495482880236,80.48495482880236,60.0,0.0,60.0,60.0,12.0,12.0,12.0,19.0,12.0,12.0,21.0,10.0,0.0,0.0,0.0,0.0,0.0,0.0,0.0,0.0,0.0,0.0,0.0,0.0,0.0,80.48495482880236,80.48495482880236,0.0,0.0,0.0,80.48495482880236,0.0,0.0,0.00227 
 04/04  04:30:00,8.195,96.5,2.4850000000000005,0.0,0.0,0.0,0.0,0.0,2.0,2.0,0.0,0.0,0.0,0.0,0.0,942.0,0.0,0.0,0.0,0.0,0.0,0.0,0.0,0.0,0.0,0.0,0.0,18.587238103330365,19.240585127069609,18.65333807598463,-205.79356265425396,18.49434098355742,-8.795915431895992,18.49730548332554,-140.06806121386308,17.370427943644687,-2.4939100738071717,18.990651226954229,-24.1612912605911,17.67655422872172,-31.99942531697161,16.10637548571886,-101.43627989767447,18.053582019361,-43.06761502616382,286.077136029724,336.10477856929335,0.0,0.0,0.0,0.0,0.0,0.0,0.0,0.0,0.0,0.0,0.0,0.0,0.0,0.0,0.0,0.0,0.0,0.0,0.0,0.0,0.0,0.0,1.0022740540052447,0.30594446092956187,193.6247624593257,227.17175633178216,3990.6978928893065,0.1628633033136812,0.024857036525287123,174.26278671942405,204.55281267017043,3554.5318804639166,1.5199519716624468,0.2872169258621405,151.76331814359637,178.07511109013343,3124.0371328712769,0.1735148407577182,0.03278814073275097,141.70843521689904,166.39280521968585,2865.9175310610414,0.0,0.0,5.285309649247679,6.224195419304789,97.00193768900225,0.0,0.0,10.923573940789425,12.785356554357323,238.48329729363304,0.0,0.0,53.27626748073328,62.69011595040065,1005.599739218184,0.0,0.0,39.246744484140538,46.45963137551504,605.4253008756797,0.0,0.0,23.132134853290294,27.165049422491497,461.0936615700782,26.252648070230838,18.005931461063683,288.4026198743823,339.1846639215566,6043.6735970205149,0.0,0.0,48.05014701039697,57.14014597494023,619.3348113356594,0.0,18.491684615873305,52.69847199974939,22.0,30.0,0.0,18.426572032578595,51.736619181490187,12.0,30.0,0.0,18.42718398321186,53.478077320773937,22.0,30.0,0.0,18.333332901883368,52.04930592327839,12.0,30.0,0.0,17.356757465708225,57.445367913703517,12.0,30.0,0.0,19.16558186582164,50.96231368825185,12.0,30.0,0.0,17.626946585956966,55.842816168907599,10.0,30.0,0.0,15.852236841529417,63.15971069068029,12.0,30.0,0.0,18.17540590277786,54.51191001992633,20.0,30.0,0.0,17.828114524752679,0.0,0.0,0.0,14.547285800745595,0.0,0.0,561.7591923540296,500.6844155809798,610.8960474637087,501.3213184537859,662.8234795410004,954.6692172340238,640.6044886086227,757.0712333570514,879.6133237319563,0.0,80.48495482880236,80.48495482880236,60.0,0.0,60.0,60.0,12.0,12.0,12.0,19.0,12.0,12.0,21.0,10.0,0.0,0.0,0.0,0.0,0.0,0.0,0.0,0.0,0.0,0.0,0.0,0.0,0.0,80.48495482880236,80.48495482880236,0.0,0.0,0.0,80.48495482880236,0.0,0.0,0.0023100000000000006 
 04/04  04:40:00,8.193333333333332,96.33333333333334,2.46,0.0,0.0,0.0,0.0,0.0,2.0,2.0,0.0,0.0,0.0,0.0,0.0,942.0,0.0,0.0,0.0,0.0,0.0,0.0,0.0,0.0,0.0,0.0,0.0,18.44279492621412,-111.14677276938437,18.67393868139711,-8.589447293913054,18.402264054763458,-133.1920398869197,18.51630575180991,0.7631846513213532,17.344322692698279,-2.2660928416745209,18.958262415671287,-28.46157994584553,17.664760324966129,-7.380388373072037,16.07399676634281,-100.25500154216502,18.037073329570505,-47.48482558055139,275.9629356473488,331.9036934771125,0.0,0.0,0.0,0.0,0.0,0.0,0.0,0.0,0.0,0.0,0.0,0.0,0.0,0.0,0.0,0.0,0.0,0.0,0.0,0.0,0.0,0.0,0.9905651127502533,0.3023703030373179,146.26496179203259,171.7925827415704,2945.3788154427386,0.19420424211906976,0.029640452093875118,96.65648593317786,113.39988775671194,1993.1812453686289,1.4013153405764017,0.26479881719130807,143.59994773072305,168.63631888746404,2913.332970435916,0.20400081442006147,0.03854890673092619,136.7478529640619,160.47155425310454,2791.1181686151296,0.0,0.0,6.135107686949588,7.2263810717854739,112.31862922177855,0.0,0.0,10.838140060838646,12.688286184449009,235.9541880082922,0.0,0.0,60.699469595264478,71.4275360261853,1146.928471704064,0.0,0.0,39.15651859629409,46.36215930677805,601.8580353888407,0.0,0.0,21.361863583958397,25.090518201146858,425.12147210532705,26.35408793621731,18.075506129092813,225.73699562681655,265.6171132802288,4809.144691433548,0.0,0.0,48.00035738457517,57.09305164935795,616.0644127859387,0.0,18.22787926615331,53.105468250495807,22.0,30.0,0.0,18.528538113029627,52.47986416307494,12.0,30.0,0.0,18.27464931349341,52.923585255653218,22.0,30.0,0.0,18.42437879938839,53.45499808037584,12.0,30.0,0.0,17.330791408349989,57.38944836110682,12.0,30.0,0.0,19.1309869270118,50.92126284932663,12.0,30.0,0.0,17.63480475562104,55.88999518946156,10.0,30.0,0.0,15.821532443891279,63.19073133977354,12.0,30.0,0.0,18.15626164467828,54.43369925968391,20.0,30.0,0.0,17.75838393319809,0.0,0.0,0.0,14.517359625039197,0.0,0.0,556.2194359594449,557.0028007397448,555.0737563856592,608.6842410511822,661.8404158211787,951.8192839968042,629.9378455719824,759.4804633812958,882.6394241672555,0.0,80.48495482880236,80.48495482880236,60.0,0.0,60.0,60.0,12.0,12.0,12.0,19.0,12.0,12.0,21.0,10.0,0.0,0.0,0.0,0.0,0.0,0.0,0.0,0.0,0.0,0.0,0.0,0.0,0.0,80.48495482880236,80.48495482880236,0.0,0.0,0.0,80.48495482880236,0.0,0.0,0.00235 
 04/04  04:50:00,8.191666666666667,96.16666666666666,2.4350000000000007,0.0,0.0,0.0,0.0,0.0,2.0,2.0,0.0,0.0,0.0,0.0,0.0,942.0,0.0,0.0,0.0,0.0,0.0,0.0,0.0,0.0,0.0,0.0,0.0,18.50440404253224,19.88910156376369,18.5718276640998,-204.47720668619969,18.415404419395203,-8.199164703353745,18.424435856188386,-141.58018378028556,17.317933737221467,-2.5255664701594755,18.928742762201439,-24.696146593220307,17.613464279097629,-32.685428528759988,16.041056879968747,-100.52237449013592,18.02220870428047,-45.03786849934909,284.29426047940617,336.837256712671,0.0,0.0,0.0,0.0,0.0,0.0,0.0,0.0,0.0,0.0,0.0,0.0,0.0,0.0,0.0,0.0,0.0,0.0,0.0,0.0,0.0,0.0,0.9918460521066679,0.3027613101668706,192.5901266390214,226.06045070801708,3941.915708305776,0.16082294082336383,0.02454562588879179,173.96315445085529,204.2975446634379,3523.8038321671126,1.4660880203402287,0.2770385525964152,153.1919358796585,179.831058489264,3131.07993454923,0.1710732488787686,0.03232676660596533,143.18391972530925,168.20312773903039,2876.1958559849615,0.0,0.0,5.2841751878967389,6.2252505077098629,96.49332268286502,0.0,0.0,11.041980051074749,12.929299780701119,239.84952924422599,0.0,0.0,53.01318805920035,62.40714629860245,994.2624359610121,0.0,0.0,39.32703089935825,46.57421026089133,602.1692337412657,0.0,0.0,23.845351580295615,28.01156390574884,473.9811852135928,26.331283243442348,18.059865050371987,289.53887435939989,340.66787133637515,6027.25025035577,0.0,0.0,48.11312764393892,57.23624433529145,615.8678081182384,0.0,18.413080491712287,52.82792512900451,22.0,30.0,0.0,18.348110041685979,51.77312105578152,12.0,30.0,0.0,18.351576401382635,53.60431659592787,22.0,30.0,0.0,18.25769256717437,52.07622111739709,12.0,30.0,0.0,17.304239272216575,57.40178223727994,12.0,30.0,0.0,19.10270725744841,50.97112981661864,12.0,30.0,0.0,17.55985861546232,55.88715303815709,10.0,30.0,0.0,15.789230199927701,63.16645553370706,12.0,30.0,0.0,18.141477173169166,54.40628502020145,20.0,30.0,0.0,17.75796595962426,0.0,0.0,0.0,14.497857724715326,0.0,0.0,559.4088208530117,493.43596996997618,608.538570039413,494.0231166124781,659.655607118773,946.8261590435201,638.3556138700253,755.4698879797,869.720353720362,0.0,80.48495482880236,80.48495482880236,60.0,0.0,60.0,60.0,12.0,12.0,12.0,19.0,12.0,12.0,21.0,10.0,0.0,0.0,0.0,0.0,0.0,0.0,0.0,0.0,0.0,0.0,0.0,0.0,0.0,80.48495482880236,80.48495482880236,0.0,0.0,0.0,80.48495482880236,0.0,0.0,0.00236 
 04/04  05:00:00,8.19,96.0,2.41,0.0,0.0,0.0,0.0,0.0,2.0,2.0,0.0,0.0,0.0,0.0,0.0,942.0,0.0,0.0,0.0,0.0,0.0,0.0,0.0,0.0,0.0,0.0,0.0,18.36193723376033,-108.6354649742052,18.5925016403461,-8.592917269910686,18.320986492558295,-136.01320400885926,18.443649642559458,0.4482926280488755,17.29175356342735,-2.304748962476623,18.895868194544734,-28.918060624460737,17.601506927527699,-8.807559154256069,16.00938963521047,-99.42864032614262,18.005225177409306,-49.215398270934318,275.8385112998303,332.7764892770185,0.0,0.0,0.0,0.0,0.0,0.0,0.0,0.0,0.0,0.0,0.0,0.0,0.0,0.0,0.0,0.0,0.0,0.0,0.0,0.0,0.0,0.0,0.9799565068550945,0.2991320228495405,146.64271809376323,172.31310330096395,2932.8152146912559,0.19296036481727636,0.029450605130841937,99.89361570244646,117.25136510110099,2045.4432045553088,1.3422288256750923,0.25363356494238339,146.56417025533816,172.19818668536625,2950.149022011979,0.2024321991889315,0.03825249417780261,138.45099994343969,162.54150736609163,2807.3006763149016,0.0,0.0,6.1365080942064769,7.230796311259669,111.77649570965883,0.0,0.0,10.948454357713582,12.822743846668633,237.14600966372383,0.0,0.0,60.24547428567688,70.92323221092542,1131.0676449688204,0.0,0.0,39.22117449061456,46.45800361729488,598.4088587964346,0.0,0.0,22.205715400813959,26.09007555511757,440.6553516404763,26.423216489253467,18.122919402780164,230.35019863251353,271.1591109951896,4869.42566272992,0.0,0.0,48.04639968890023,57.16897262071898,612.3585503680357,0.0,18.152814724008257,53.20447764350041,22.0,30.0,0.0,18.44892682445221,52.612408974270348,12.0,30.0,0.0,18.193912643837789,53.0215348521344,22.0,30.0,0.0,18.34993687187826,53.57718968894763,12.0,30.0,0.0,17.278177319192495,57.35525278452111,12.0,30.0,0.0,19.068072462089725,50.93038261595977,12.0,30.0,0.0,17.567351286890998,55.96223207060487,10.0,30.0,0.0,15.759058942449995,63.208315390257947,12.0,30.0,0.0,18.12183095815038,54.32405071953953,20.0,30.0,0.0,17.694903192065899,0.0,0.0,0.0,14.467695139362287,0.0,0.0,554.7363139332891,554.6725793649387,552.7581518985037,606.3474300249685,658.8422407157761,944.248937780357,628.330404317694,757.5460313721022,871.8948944622133,0.0,80.48495482880236,80.48495482880236,60.0,0.0,60.0,60.0,12.0,12.0,12.0,19.0,12.0,12.0,21.0,10.0,0.0,0.0,0.0,0.0,0.0,0.0,0.0,0.0,0.0,0.0,0.0,0.0,0.0,80.48495482880236,80.48495482880236,0.0,0.0,0.0,80.48495482880236,0.0,0.0,0.00237 
 04/04  05:10:00,8.228333333333334,95.83333333333333,2.4416666666666675,0.0,0.0,0.0,0.0,0.0,2.0,2.0,0.0,0.0,0.0,0.0,0.0,942.0,0.0,0.0,0.0,0.0,0.0,0.0,0.0,0.0,0.0,0.0,0.0,18.422461499968159,20.562645429753503,18.492839472084847,-200.26251053468969,18.33636086658592,-7.324410370491023,18.35242303083509,-141.56739182995626,17.26535792777776,-2.546861499269795,18.866558080686326,-25.169936835247655,17.55097048436509,-33.485946217246468,15.977107633129198,-99.74475585956543,17.989771570431935,-46.920234483463449,281.21350119368256,337.52953237143199,0.0,0.0,0.0,0.0,0.0,0.0,0.0,0.0,0.0,0.0,0.0,0.0,0.0,0.0,0.0,0.0,0.0,0.0,0.0,0.0,0.0,0.0,0.975862531836741,0.29788233572550096,188.93250149234917,221.8666427893621,3825.2618684020137,0.1574436383536368,0.024029859333583156,173.7484455641615,204.13839722742933,3482.062024719852,1.383066980167737,0.26135052535293609,156.78121838936623,184.12606492856944,3167.751864351205,0.1671738591777065,0.03158992047953636,146.00142615431995,171.59027325717927,2901.6967754226968,0.0,0.0,5.275389838433441,6.217242175457928,95.42271358551197,0.0,0.0,11.14451326712366,13.05467932473581,239.95953910797216,0.0,0.0,52.70397119225562,62.06891942315914,978.0273547315125,0.0,0.0,39.38939993574793,46.66714608192769,595.5311156837614,0.0,0.0,24.49713856821663,28.786339517939447,483.55995603056149,26.417452785169116,18.118966244971966,292.10030786452628,343.82452660919275,6014.026957760425,0.0,0.0,48.14497631075702,57.29515678700415,608.0455964191327,0.0,18.33490646484527,52.9589839943717,22.0,30.0,0.0,18.27298050592199,51.806084946542579,12.0,30.0,0.0,18.27523006908369,53.72874266089863,22.0,30.0,0.0,18.18414471055082,52.10255567662718,12.0,30.0,0.0,17.251661580374763,57.378831541313569,12.0,30.0,0.0,19.039860525767098,50.993484528805,12.0,30.0,0.0,17.49393701339649,55.94345576890147,10.0,30.0,0.0,15.727276268572478,63.18868537088763,12.0,30.0,0.0,18.106369386558403,54.322041812449899,20.0,30.0,0.0,17.69080592010826,0.0,0.0,0.0,14.447853799274327,0.0,0.0,557.1757200146999,487.08952712442,606.1122857338742,487.5668742222703,656.8986729480396,940.0078821081123,637.113527136685,753.6930166431918,860.794514188628,0.0,80.48495482880236,80.48495482880236,60.0,0.0,60.0,60.0,12.0,12.0,12.0,19.0,12.0,12.0,21.0,10.0,0.0,0.0,0.0,0.0,0.0,0.0,0.0,0.0,0.0,0.0,0.0,0.0,0.0,80.48495482880236,80.48495482880236,0.0,0.0,0.0,80.48495482880236,0.0,0.0,0.00238 
 04/04  05:20:00,8.266666666666666,95.66666666666666,2.4733333333333338,0.0,0.0,0.0,0.0,0.0,2.0,2.0,0.0,0.0,0.0,0.0,0.0,942.0,0.0,0.0,0.0,0.0,0.0,0.0,0.0,0.0,0.0,0.0,0.0,18.280395740527447,-109.30825612317585,18.512599878247007,-8.776393465461297,18.242556992326266,-138.84175126904757,18.372380399847136,-0.40321354266507117,17.23921659233794,-2.34272398701782,18.83483400009085,-29.300507501351605,17.538648189789205,-10.236283289689709,15.945917214543848,-98.68559039791399,17.972123222157508,-50.92295781988446,272.53957072432606,333.4397878128998,0.0,0.0,0.0,0.0,0.0,0.0,0.0,0.0,0.0,0.0,0.0,0.0,0.0,0.0,0.0,0.0,0.0,0.0,0.0,0.0,0.0,0.0,0.9585598567952477,0.2926006888874383,137.80635784624216,162.00489068568198,2715.236691331068,0.18920933951422265,0.028878104321462554,100.98931832431676,118.59002125733821,2037.5383595055792,1.2083967401394527,0.2283440552039783,138.5217602980178,162.82242932865527,2745.5683378205856,0.19856607586539094,0.03752193421492647,139.1779208129062,163.46505676181324,2781.407609922922,0.0,0.0,6.1268375445659599,7.222082267152334,110.05373712729083,0.0,0.0,11.046878193214884,12.943217387112206,236.31460049529228,0.0,0.0,59.780347272598799,70.4046185421526,1105.6200477332305,0.0,0.0,39.27302580086153,46.538171044659389,588.4995185785008,0.0,0.0,22.950005968850158,26.973071564719385,450.4056727190429,26.542865044074675,18.204982883453146,231.88747833453994,273.07896753010098,4830.659135964271,0.0,0.0,48.05805906145416,57.20346865439695,600.4397090405928,0.0,18.075093136772904,53.2430823973546,22.0,30.0,0.0,18.37147651575947,52.736604198436648,12.0,30.0,0.0,18.117604149978214,53.092842999160229,22.0,30.0,0.0,18.276674699992879,53.690705655175957,12.0,30.0,0.0,17.22570718722458,57.33966918767901,12.0,30.0,0.0,19.005945462022195,50.9498366164131,12.0,30.0,0.0,17.50059416621416,56.039808041716998,10.0,30.0,0.0,15.697534280249914,63.233925063135988,12.0,30.0,0.0,18.086205658134586,54.238063065483569,20.0,30.0,0.0,17.632192859543744,0.0,0.0,0.0,14.418052391637037,0.0,0.0,549.5638058522737,552.2684251926077,550.7623653755255,603.9076680574153,656.3724309553439,937.7433664930196,626.7837392439411,755.279870317953,862.7159484898955,0.0,80.48495482880236,80.48495482880236,60.0,0.0,60.0,60.0,12.0,12.0,12.0,19.0,12.0,12.0,21.0,10.0,0.0,0.0,0.0,0.0,0.0,0.0,0.0,0.0,0.0,0.0,0.0,0.0,0.0,80.48495482880236,80.48495482880236,0.0,0.0,0.0,80.48495482880236,0.0,0.0,0.002366666666666667 
 04/04  05:30:00,8.305,95.5,2.505,0.0,0.0,0.0,0.0,0.0,2.0,2.0,0.0,0.0,0.0,0.0,0.0,942.0,0.0,0.0,0.0,0.0,0.0,0.0,0.0,0.0,0.0,0.0,0.0,18.341176819589568,20.85789150813889,18.414239793474399,-197.2637108615445,18.26018774862242,-6.964714966354222,18.28195699130937,-141.43334405504084,17.21286846763923,-2.565816483377489,18.805952838903595,-25.596369891933479,17.48828856157753,-34.60463560906578,15.914178857239689,-98.97280976465754,17.95602999413775,-48.731867714048238,277.40677100215546,337.98480558484428,0.0,0.0,0.0,0.0,0.0,0.0,0.0,0.0,0.0,0.0,0.0,0.0,0.0,0.0,0.0,0.0,0.0,0.0,0.0,0.0,0.0,0.0,0.9532857431395937,0.29099076408412508,191.81303975279105,225.34979888537735,3825.099168182318,0.1526107987976775,0.023292246458741989,174.86797737760527,205.54541709803193,3452.8014406673589,1.2519302862764992,0.23657034888066887,158.5096176070394,186.2351109884025,3153.5407382703635,0.16193893098978508,0.03060070502452476,148.54817279296999,174.65935287558407,2909.2402967980299,0.0,0.0,5.243177656563605,6.181559442901918,93.51721542433701,0.0,0.0,11.248665558757902,13.181923258375918,239.1951129271803,0.0,0.0,52.19313591603603,61.49315978539369,953.9874266367581,0.0,0.0,39.4261188171468,46.729309750028189,585.3812660691634,0.0,0.0,25.154873250100726,29.56851829423897,491.00781430854678,26.54796639010836,18.20848174904552,295.6934598409366,348.196601277392,5995.46004600666,0.0,0.0,48.1403978147973,57.310188396196377,595.9586966032998,0.0,18.257182565352854,53.07716778406518,22.0,30.0,0.0,18.19780025275097,51.86856600787094,12.0,30.0,0.0,18.202905036372326,53.8427168130577,22.0,30.0,0.0,18.112244320627757,52.153936847701057,12.0,30.0,0.0,17.19930135092623,57.37224144747586,12.0,30.0,0.0,18.978261374150596,51.02227504519703,12.0,30.0,0.0,17.427613023221317,55.966758612085857,10.0,30.0,0.0,15.666280970385213,63.22113086864106,12.0,30.0,0.0,18.07007277032207,54.25655620659104,20.0,30.0,0.0,17.6259496174869,0.0,0.0,0.0,14.398867182466065,0.0,0.0,554.747382096832,481.3469313741451,603.8950763277607,481.77351976979738,654.5768039906791,933.9054792929197,633.9572942818436,751.9530088935586,852.7495912337607,0.0,80.48495482880236,80.48495482880236,60.0,0.0,60.0,60.0,12.0,12.0,12.0,19.0,12.0,12.0,21.0,10.0,0.0,0.0,0.0,0.0,0.0,0.0,0.0,0.0,0.0,0.0,0.0,0.0,0.0,80.48495482880236,80.48495482880236,0.0,0.0,0.0,80.48495482880236,0.0,0.0,0.0023533333333333337 
 04/04  05:40:00,8.343333333333334,95.33333333333333,2.536666666666667,2.333333333333333,0.16666666666666664,0.0,0.0,0.0,2.0,2.0,0.0,0.0,0.0,0.0,0.0,942.0,0.0,3.2971753242604575,0.80687782176071,2.06759587850513,0.09886653210345849,2.6314659059706217,0.0,0.8068778217607096,1.1030631555904494,0.0,0.0,18.201933245914249,-106.71996409910844,18.43481755162251,-8.99232567354693,18.168538300596837,-138.69481493755849,18.303521645618113,-0.8595364500579308,17.187013081340998,-2.352904076309045,18.775862457352568,-29.754911636480018,17.475856285460357,-11.496130736337819,15.883983013690813,-97.84939273118994,17.938324527180926,-52.64461963297674,269.34255560039039,333.6655470683106,0.0,0.0,0.0,0.0,0.0,0.0,0.0,0.0,0.0,0.0,0.0,0.0,0.0,0.0,0.0,0.0,0.0,0.0,0.0,0.0,0.0,0.0,0.9438630492480706,0.2881144838974575,137.50270764488355,161.71832519094589,2668.8495651850555,0.18652336545733526,0.028468157121082917,101.1422278737652,118.82212272155239,2010.4595686688934,1.0390751677313784,0.1963482932221048,139.93094369155103,164.54858180434406,2729.919198187212,0.19542829392798667,0.03692900489946837,140.14189490009586,164.66633050299672,2760.4269859742387,0.0,0.0,6.115204973131783,7.211029452207618,108.30469453410122,0.0,0.0,11.162096321588122,13.083390066768223,235.81586633112833,0.0,0.0,59.27392378955548,69.83692319619979,1079.6915508626606,0.0,0.0,39.27619733607603,46.56033325981692,577.9473244551163,0.0,0.0,23.7131255279329,27.87882292531568,460.15018989165028,26.69878647206597,18.311924877960207,232.7251177931868,274.1758454209575,4778.020571618505,0.0,0.0,48.019400141244329,57.17766050533729,588.0914999062228,0.0,18.002533759450406,53.310431492489389,22.0,30.0,0.0,18.294986452228288,52.84732453606621,12.0,30.0,0.0,18.048237719143868,53.15123132127469,22.0,30.0,0.0,18.20596181033626,53.79972458757072,12.0,30.0,0.0,17.17362209061706,57.32766055621995,12.0,30.0,0.0,18.945353402335667,50.96805552844743,12.0,30.0,0.0,17.434044514104447,56.112106023894728,10.0,30.0,0.0,15.637425272186068,63.26811735591291,12.0,30.0,0.0,18.049641350978889,54.158952402545107,20.0,30.0,0.0,17.568076812466314,0.0,0.0,0.0,14.370517534408947,0.0,0.0,546.4383735198754,549.6130541947268,547.6140154986981,601.7091212135076,653.7638507438645,931.2771570167273,625.0296068137727,753.4309553468512,853.6888450041995,0.0,80.48495482880236,80.48495482880236,60.0,0.0,60.0,60.0,12.0,12.0,12.0,19.0,12.0,12.0,21.0,10.0,0.0,0.0,0.0,0.0,0.0,0.0,0.0,0.0,0.0,0.0,0.0,0.0,0.0,80.48495482880236,80.48495482880236,0.0,0.0,0.0,80.48495482880236,0.0,0.0,0.00234 
 04/04  05:50:00,8.381666666666666,95.16666666666667,2.5683333333333335,4.666666666666666,0.33333333333333328,0.0,0.0,0.0,2.0,2.0,0.0,0.0,0.0,0.0,0.0,942.0,0.0,6.617539184747502,1.619430293414211,4.1497327910346029,0.19842836946014789,5.28143842571516,0.0,1.6194302934142102,2.2138839878065297,0.0,0.0,18.261190157409645,20.657640515284585,18.34044316036738,-193.56715552678635,18.187759735813896,-7.43400361505519,18.21552572552145,-141.19865459297854,17.161072945531303,-2.5750749239584538,18.749205648951759,-26.10963907470051,17.42638906739203,-35.173049061353598,15.853460901425463,-98.13562382481314,17.922420472080178,-50.53189185743645,273.8996864186756,337.8809267146594,0.0,0.0,0.0,0.0,0.0,0.0,0.0,0.0,0.0,0.0,0.0,0.0,0.0,0.0,0.0,0.0,0.0,0.0,0.0,0.0,0.0,0.0,0.9348691838852524,0.28536910375007709,192.72145955969237,226.5176905349621,3785.1219502204028,0.14943897144917454,0.022808145825576093,173.72257438328533,204.28624197119076,3380.1806878857717,1.0938892048705869,0.20670619895513743,158.39904377567519,186.181122280448,3103.5000306507974,0.1579278204021323,0.02984274761945054,149.43224712601976,175.7720154935761,2884.342549205817,0.0,0.0,5.2340816112807488,6.173093776307261,92.04089503142707,0.0,0.0,11.347219970694772,13.30258473715842,238.3099048150168,0.0,0.0,51.86082427491904,61.12662303548116,933.592063543672,0.0,0.0,39.442620671720508,46.767219391585729,575.0605223090537,0.0,0.0,25.7432997707712,30.26969538118012,496.8078812620109,26.717995313945079,18.325099666629006,295.31638508081189,347.8945810979464,5902.11513368711,0.0,0.0,48.12409705359979,57.31034523784937,584.1699712236101,0.0,18.18055107818513,53.18195331094675,22.0,30.0,0.0,18.126552773630018,51.94538266545528,12.0,30.0,0.0,18.135202236650576,53.948520392877558,22.0,30.0,0.0,18.044089331909548,52.22007302560628,12.0,30.0,0.0,17.147660546846298,57.36550226751511,12.0,30.0,0.0,18.919171773059415,51.04426148855492,12.0,30.0,0.0,17.362843626964059,56.014536339663667,10.0,30.0,0.0,15.607241858969943,63.246033812642838,12.0,30.0,0.0,18.033418882388113,54.1967762844235,20.0,30.0,0.0,17.56010779521812,0.0,0.0,0.0,14.354561451413865,0.0,0.0,552.042080743012,476.2081794129449,602.1107333173846,476.5733395088946,652.0725708438126,927.8965410090348,631.7913225651657,750.1405303960847,845.2213250290953,0.0,80.48495482880236,80.48495482880236,60.0,0.0,60.0,60.0,12.0,12.0,12.0,19.0,12.0,12.0,21.0,10.0,0.0,0.0,0.0,0.0,0.0,0.0,0.0,0.0,0.0,0.0,0.0,0.0,0.0,80.48495482880236,80.48495482880236,0.0,0.0,0.0,80.48495482880236,0.0,0.0,0.0023266666666666667 
 04/04  06:00:00,8.42,95.0,2.6,7.0,0.5,0.0,0.0,0.0,2.0,2.0,0.0,0.0,0.0,0.0,0.0,942.0,0.0,9.942858236376754,2.6250182854132184,6.726512429420465,0.2981387948650647,7.935365729275541,0.0,2.625018285413217,3.588599011275404,0.0,0.0,18.125565743971057,-103.4349742668146,18.361410718503295,-9.547272547300054,18.09689083639103,-139.27062324118379,18.238816272016928,-1.1782554016908762,17.135480569620559,-2.370342759021838,18.72072062672285,-30.184045454597368,17.41359565003087,-12.771899351082994,15.824633259721594,-96.84060609406265,17.904900379546385,-54.311918575504368,266.22499864073327,333.21409874779058,0.0,0.0,0.0,0.0,0.0,0.0,0.0,0.0,0.0,0.0,0.0,0.0,0.0,0.0,0.0,0.0,0.0,0.0,0.0,0.0,0.0,0.0,0.9469416168800495,0.28905421760685276,135.01588469608607,158.86029938646287,2582.2692184606955,0.18676526281398973,0.028505076742061928,99.15893924445624,116.54253341600196,1942.2799863445007,0.8981719231703668,0.16972258563310037,141.34165212882577,166.2761545695134,2714.626435029841,0.19510409546901498,0.03686774290797712,140.95208801516214,165.68521420690795,2737.05864187123,0.0,0.0,6.096313693042211,7.191370696639664,106.4435717035717,0.0,0.0,11.27025531753599,13.215230125556002,235.17416409918776,0.0,0.0,58.7404433673718,69.23671858895063,1053.6507675160172,0.0,0.0,39.277361000856618,46.57971825216268,567.5557671260758,0.0,0.0,24.41172007566692,28.70918430148508,468.32148085059949,26.90729666362056,18.454935983278856,231.2902753656845,272.59621645122169,4683.29096001751,0.0,0.0,47.98647394491842,57.15690926144877,576.6021012466586,0.0,17.93289169859741,53.39237009004577,22.0,30.0,0.0,18.222183423346079,52.93295107148399,12.0,30.0,0.0,17.980758422182747,53.223983897508798,22.0,30.0,0.0,18.139362124379578,53.90243921559388,12.0,30.0,0.0,17.122361189968627,57.32164934098278,12.0,30.0,0.0,18.887885264731698,50.9835883879941,12.0,30.0,0.0,17.36839501399833,56.17557788048412,10.0,30.0,0.0,15.579896440698269,63.2901340908099,12.0,30.0,0.0,18.013164654941759,54.09045268321263,20.0,30.0,0.0,17.50151889488529,0.0,0.0,0.0,14.33117530191028,0.0,0.0,543.7694736711925,546.4339282399608,544.6980869484955,599.938579699386,651.2579182824964,925.098186496304,623.1777711929628,751.2366706705443,845.5423878255999,0.0,80.48495482880236,80.48495482880236,60.0,0.0,60.0,60.0,12.0,12.0,12.0,19.0,12.0,12.0,21.0,10.0,0.0,0.0,0.0,0.0,0.0,0.0,0.0,0.0,0.0,0.0,0.0,0.0,0.0,80.48495482880236,80.48495482880236,0.0,0.0,0.0,80.48495482880236,0.0,0.0,0.0023133333333333336 
 04/04  06:10:00,8.446666666666668,95.16666666666667,2.6850000000000007,9.333333333333334,0.6666666666666667,0.0,0.0,0.0,2.0,2.0,0.0,0.0,0.0,0.0,0.0,9430.0,0.0,13.275172599795825,3.4872722616129137,8.93600677813449,0.398058980274662,10.59487601445356,0.0,3.4872722616129114,4.767365568313472,0.0,0.0,19.419798964516408,-959.505553328557,18.549105753885848,779.252405208912,19.61248822572061,-2289.1878780750059,18.53499135574949,914.8226198059208,17.11549310226691,-0.7756778324121882,19.26271322004998,-76.22640431762918,17.514331130155957,202.14549290559445,16.46305786448997,-148.3950783731985,18.87102967250538,-144.06270321699706,494.38810304109327,407.7411315131215,0.0,0.0,0.0,0.0,0.0,0.0,0.0,0.0,0.0,0.0,0.0,0.0,0.0,0.0,0.0,0.0,0.0,0.0,0.0,0.0,0.0,0.0,0.960584806055433,0.29321880526722629,389.9962778063015,457.3829132199953,9047.806662714143,0.29120588923763809,0.044445343290237807,342.99243525096179,404.2279006632291,7004.156045279788,0.7862493842300795,0.14857320185753587,500.3892254410411,586.3083419686888,11889.125138897512,0.27424328315691295,0.05182223793592458,355.39188703143307,418.69690890845279,7351.313293190187,0.0,0.0,9.800716530235614,11.614527894124134,170.2084650769848,0.0,0.0,16.725261894211408,19.640753968829097,377.7136007402468,0.0,0.0,68.1190628540732,80.60371490151408,1251.1259101447705,0.0,0.0,32.622813623040148,38.74947370285446,538.4913303600112,0.0,0.0,36.455793359557727,42.84963280411542,808.5559853658854,28.486039523164498,19.537750015887867,690.2360705830831,814.7180316443383,14048.782241464538,0.0,0.0,42.89999590218164,51.35275467703774,519.3426511519697,2234.3522314557137,19.934255572858065,47.2846690867278,21.999999999999998,30.0,0.0,18.617650158681579,51.25576914318903,15.999999999999999,30.0,4477.148812411624,20.2529017916481,46.343414296045988,21.999999999999998,30.0,0.0,18.745015639144133,50.91145984662212,15.999999999999999,30.0,0.0,17.108156511601555,57.2744441380124,12.0,30.0,810.1195954813305,19.7816495033703,48.20715966695918,19.599999999999999,30.0,0.0,17.597561412852813,54.99224292414765,10.0,30.0,664.2067727612044,16.69872663964753,58.848703429239858,16.599999999999999,30.0,1534.6349570695232,19.54758776430804,49.07765756825853,19.599999999999999,30.0,0.0,18.17114114448478,0.0,0.0,0.0,14.40957085302129,0.0,0.0,544.1026831434034,541.396365574792,543.3298320922517,544.8595908346067,646.9248801264022,907.0965979437241,598.4336496153792,754.9986389140719,822.7791343435265,11393.694107134397,80.47080681486968,86.54708928387042,60.0,0.0,60.0,60.0,16.0,16.0,19.0,19.0,16.0,12.0,21.0,10.0,1.0,0.0,2234.3522314557137,0.0,4477.148812411624,0.0,810.1195954813305,0.0,664.2067727612044,1534.6349570695232,9194.806179350202,5516883.707610119,7205027.941448096,80.47080681486968,86.65028473206749,0.37449353931167336,0.766274988930585,0.3602813740196596,86.65028473206749,0.3542647819438876,7205027.941448096,0.37696145295530106 
 04/04  06:20:00,8.473333333333335,95.33333333333334,2.7700000000000006,11.666666666666668,0.8333333333333334,0.0,0.0,0.0,2.0,2.0,0.0,0.0,0.0,0.0,0.0,2829.0,0.0,16.6160172485466,4.342140572765801,11.126575838745458,0.4982349510401462,13.261194326365072,0.0,4.342140572765799,5.936035361290174,0.0,0.0,20.09208802808296,-1370.1284454049699,19.136296038290398,723.2450649302248,20.436820365977629,-3306.7892199326736,19.295945244642114,719.2332307777333,17.09334219794946,4.266757677645954,19.176687347155196,-59.73440415226054,17.894034835363219,253.03429333951096,16.32385834541732,-147.8555153042313,18.761853958234267,-105.77336013083432,690.0569290811918,432.39521050047429,0.0,0.0,0.0,0.0,0.0,0.0,0.0,0.0,0.0,0.0,0.0,0.0,0.0,0.0,0.0,0.0,0.0,0.0,0.0,0.0,0.0,0.0,1.0643730238647776,0.3249001904349137,447.19331945625256,522.6271924068938,11107.671637722,0.33403357576905076,0.05098192548367683,390.13264512382508,458.1115467986473,8645.41750771058,0.8285438990852496,0.15656536263893607,556.0813717295491,648.9987200681767,14281.791114146803,0.29360730193413267,0.05548134957183154,380.895903522255,446.79262094027436,8704.985584129772,0.0,0.0,11.063317627691515,13.103221817034236,191.2212946343049,0.0,0.0,16.738541623867478,19.658352154837627,370.57824461485009,0.0,0.0,84.85919001512989,100.08313381183618,1659.8984505304653,0.0,0.0,38.28713725206245,45.44515276610852,608.6854285237779,0.0,0.0,31.73619298975161,37.315508938001588,686.3924162297067,29.713308865098776,20.379498535733043,763.9074850726552,899.4041342490505,16421.845266907974,0.0,0.0,48.99640968539808,58.543115002306979,598.2114007795819,1821.3345991601732,21.01723860813648,44.12388248013369,21.999999999999994,29.99999999999999,0.0,19.62860009835778,48.108710483068339,15.999999999999993,29.99999999999999,4120.109243498474,21.501463496655825,42.82364364936546,21.999999999999994,29.99999999999999,0.0,20.005747381031936,46.9765233941631,15.999999999999993,29.99999999999999,0.0,17.090059220721547,57.08389222714999,11.999999999999995,29.99999999999999,0.0,19.61010603846908,48.635167340097968,18.999999999999994,29.99999999999999,0.0,18.250435892015365,52.599373647814477,9.999999999999997,29.99999999999999,0.0,16.391918392890955,59.85638569595983,15.999999999999993,29.99999999999999,0.0,19.33112285468249,49.53927272789284,18.999999999999994,29.99999999999999,0.0,18.887113143113927,0.0,0.0,0.0,14.482994484997576,0.0,0.0,542.5196388666902,547.5716385961245,541.5545009399875,543.398469836852,635.4842143913008,862.8294663298958,588.2410432848544,765.3126211197987,793.94057261483,12776.631926976646,79.5557210598322,87.8589830465278,59.99999999999998,0.0,59.99999999999998,59.99999999999998,16.0,16.0,19.0,19.0,16.0,12.0,21.0,10.0,1.0,0.0,1821.3345991601732,0.0,4120.109243498474,0.0,0.0,0.0,0.0,0.0,12563.26596373174,7537959.578239046,9823472.112465566,79.5557210598322,87.99999999999997,0.41877553212439136,0.7673658754758547,0.36028137401965945,87.99999999999997,0.35426478194388735,9823472.112465566,0.5131105498482094 
 04/04  06:30:00,8.5,95.5,2.855,14.0,1.0,0.0,0.0,0.0,2.0,2.0,0.0,0.0,0.0,0.0,0.0,9430.0,0.0,19.9661066495844,5.189298466791667,13.297387451922092,0.598688130019503,15.93489087253644,0.0,5.189298466791663,7.094164429490861,0.0,0.0,20.466412810406106,-1356.3137151262636,19.534287731247596,819.4610811937847,20.598262822027139,-1619.490788422545,19.677734296543109,597.7201502472613,17.080863061125194,11.127608191604742,19.053235249917735,-27.38196841171022,18.161739369987349,295.59641924989048,16.247578150613575,-151.04079244776589,18.857202423670544,-72.82217848272768,885.8886812131988,509.28496361011886,0.0,0.0,0.0,0.0,0.0,0.0,0.0,0.0,0.0,0.0,0.0,0.0,0.0,0.0,0.0,0.0,0.0,0.0,0.0,0.0,0.0,0.0,1.1785665420960392,0.3597577967326127,461.95513292431709,539.7450937440009,11883.66693822361,0.32658274083798019,0.04984474066513738,358.749385480735,421.11492899043017,8355.771517221227,1.0903965937356715,0.20604621952677097,404.3262464236719,472.77919670226978,10497.841094731783,0.285830827358227,0.05401187213874281,309.24754272758016,362.7539851316368,7384.386178160212,0.0,0.0,11.018789467157856,13.071314103766973,189.76762776892148,0.0,0.0,14.246703300196689,16.767442640109235,309.3720029551084,0.0,0.0,103.98920382024102,122.66183240508247,2115.3176400600139,0.0,0.0,49.17042979468768,58.51045124066764,753.6434706019804,0.0,0.0,20.710556318623948,24.406559663938933,437.05611369696859,30.792353930752797,21.119584314645274,661.2106370109864,777.918519389048,15281.270525974593,0.0,0.0,60.88802244881633,72.83826581290013,753.7531430632892,1824.13610442957,21.516629749432878,42.724131141697927,21.999999999999998,30.0,0.0,20.270137245784448,46.16440089515908,15.999999999999999,30.0,1920.6132060323424,21.519446953064948,42.73225887345965,21.5,30.0,0.0,20.572402930136865,45.30720025049528,15.999999999999999,30.0,0.0,17.08669541971125,56.93141135580074,12.0,30.0,0.0,19.417338964044196,49.14145098391347,19.0,30.0,0.0,18.69834086344875,51.067167795856608,10.0,30.0,133.93202565068519,16.115564700824519,60.64465475964407,16.099999999999999,30.0,0.0,19.094635725529107,50.20219173352502,19.0,30.0,0.0,19.644682636847997,0.0,0.0,0.0,14.597599130310793,0.0,0.0,546.2192449631934,551.6446995848558,547.444556453603,551.0391538491916,629.928673007402,857.1693338373175,592.2210844232195,721.3052367161215,807.4101402700765,9813.659832479016,81.51593825101296,83.56385193903314,60.0,0.0,60.0,60.0,16.0,16.0,19.0,19.0,16.0,12.0,21.0,10.0,1.0,0.0,1824.13610442957,0.0,1920.6132060323424,0.0,0.0,0.0,133.93202565068519,0.0,3099.333863150575,1859600.3178903445,2419289.8044696084,81.51593825101296,83.59863231206256,0.3413111287716859,0.7688388712310064,0.3602813740196596,83.59863231206256,0.3542647819438876,2419289.8044696084,0.12808306983241966 
 04/04  06:40:00,8.526666666666668,95.66666666666667,2.94,17.0,0.8333333333333334,0.0,0.0,0.0,2.0,2.0,0.0,0.0,0.0,0.0,0.0,7544.0,0.0,24.2712230231361,6.168287806196897,15.806014222275057,0.7277779477398632,19.370791015044156,0.0,6.168287806196893,8.43251707829374,0.0,0.0,20.592928412093053,-1406.072328395818,19.75898017448241,590.0897911709769,20.63049946755563,-927.9472033927938,19.78080086243431,449.64716079751215,17.071981421707738,14.30284017459994,18.959798918503695,-24.98409459256908,18.363364084059439,276.977279822951,16.554212957941439,-196.53558358944674,19.056371457448294,-84.35206365760159,901.1717886757814,538.8469755203877,0.0,0.0,0.0,0.0,0.0,0.0,0.0,0.0,0.0,0.0,0.0,0.0,0.0,0.0,0.0,0.0,0.0,0.0,0.0,0.0,0.0,0.0,1.1871566884643763,0.3623799415336926,442.5765039385152,516.9075929510578,11421.509614334807,0.2986783213741929,0.045585824385560597,311.52051826691919,365.2726715215341,7424.807308594281,1.170417138489567,0.22116725972969915,319.26964018057427,373.3471040680051,8230.138010049284,0.2811543734855345,0.05312818848933003,275.79103071055,323.37807404087007,6624.192135920754,0.0,0.0,11.023124880016262,13.07505776819556,189.25077695331457,0.0,0.0,14.267888772733029,16.796802165312394,305.00541068270999,0.0,0.0,99.73385185421029,117.5299027555456,2082.4366090291489,0.0,0.0,46.823577908063267,55.595550212248799,775.3664480069506,0.0,0.0,23.60959105586976,27.733245214121938,528.2934683976733,31.072193660316559,21.311518285539493,581.3445708518292,683.5486335624432,13677.76382340937,0.0,0.0,60.01112105468543,71.76688448070884,751.3146597911731,1821.4545954754436,21.587271567514337,42.482094362673787,22.000000000000008,30.00000000000001,0.0,20.570657139873427,45.249854906644859,16.000000000000008,30.00000000000001,1481.7482474580818,21.460535195974296,42.8339805056987,21.375000000000008,30.00000000000001,0.0,20.65627735888054,45.01560839905518,16.000000000000008,30.00000000000001,0.0,17.085469355315035,56.767470966024067,12.000000000000004,30.00000000000001,0.0,19.26963153894641,49.49578323071427,19.000000000000008,30.00000000000001,0.0,19.01059113210458,49.9612090359765,10.000000000000004,30.00000000000001,376.0086462273508,16.78079401246634,57.85274253300628,16.375000000000008,30.00000000000001,851.7488748609646,19.753885080440847,48.093246640273147,19.500000000000008,30.00000000000001,0.0,19.789246005734769,0.0,0.0,0.0,14.695242917741208,0.0,0.0,549.4547175149687,556.1021095220218,550.9286437543697,555.2756531469718,620.0880572330748,862.2580280923701,580.0428211022138,661.1941049775554,813.9893715070381,10260.389960963872,81.22049371887144,83.85919721152658,60.00000000000002,0.0,60.00000000000002,60.00000000000002,16.0,16.0,19.0,19.0,16.0,12.0,21.0,10.0,1.0,0.0,1821.4545954754436,0.0,1481.7482474580818,0.0,0.0,0.0,376.0086462273508,851.7488748609646,3993.318599375798,2395991.159625478,3105803.3376911536,81.22049371887144,83.9040111567263,0.34561061997919337,0.7694289976200851,0.36028137401965967,83.9040111567263,0.35426478194388769,3105803.3376911536,0.16377177355994 
 04/04  06:50:00,8.553333333333333,95.83333333333333,3.025,20.0,0.6666666666666667,0.0,0.0,0.0,2.0,2.0,0.0,0.0,0.0,0.0,0.0,2829.0,0.0,28.583668576800574,7.158118189942253,18.34242049541423,0.8570875177689051,22.81254039366487,0.0,7.1581181899422499,9.78569025662068,0.0,0.0,20.779519554627556,-1238.603342035725,19.8687163380425,618.4668190518677,20.801332041624108,-1603.0211789535759,19.89865578559673,675.9924110957247,17.064562442401063,15.796585059339212,18.88157234107097,-22.053545712513615,18.47541271214926,249.50310642001529,16.266173454039295,-151.04922719414274,18.91514011602571,-75.09263810357555,937.5011455143657,570.0842279270879,0.0,0.0,0.0,0.0,0.0,0.0,0.0,0.0,0.0,0.0,0.0,0.0,0.0,0.0,0.0,0.0,0.0,0.0,0.0,0.0,0.0,0.0,1.2274731476087655,0.37468655299412897,402.1591986035248,468.91614845420249,10506.340187570404,0.31957569908851876,0.04877528984867507,331.3970698376149,387.7887839614141,7969.562345980789,1.0426935217074545,0.19703203358039596,410.6183667709365,478.7577933790278,10736.096532826823,0.3038071400804229,0.057408756628953717,338.99192149402406,396.48842821940147,8235.557255967184,0.0,0.0,10.995228962364525,13.02817659645562,188.20176495254015,0.0,0.0,14.021872713391485,16.49662711016295,295.8252393566297,0.0,0.0,104.43981707083998,122.86122172119923,2205.9712907328578,0.0,0.0,50.3266547801747,59.79584988427048,779.5069445695563,0.0,0.0,21.836981507512755,25.668326395679526,474.9573117985489,31.53437557355351,21.628515482547017,664.4097923805794,779.4490931119392,15715.602467719751,0.0,0.0,64.30968791121788,76.7983293095063,814.1749749864628,1723.733721380735,21.774609009902357,41.984235297773938,22.000000000000019,30.00000000000002,0.0,20.698695687532319,44.8669309510407,16.000000000000015,30.00000000000002,1841.7617242019713,21.753786839579094,42.04761984328687,21.666666666666687,30.00000000000002,0.0,20.81835527962868,44.53736904628896,16.000000000000015,30.00000000000002,0.0,17.083924135700824,56.62166703012697,12.00000000000001,30.00000000000002,0.0,19.148026304804885,49.76408072170089,19.000000000000015,30.00000000000002,0.0,19.158992694561058,49.44910006255952,10.000000000000007,30.00000000000002,0.0,16.253422976566893,59.66454208633367,16.000000000000015,30.00000000000002,0.0,19.48035283169446,48.78451938986586,19.000000000000015,30.00000000000002,0.0,19.9482922442592,0.0,0.0,0.0,14.792778286984112,0.0,0.0,550.9372455373256,557.3929200274872,551.0582629647024,555.1979296614825,608.9435403554006,858.4773576303708,575.7509865664054,640.0322653323362,795.9763433796678,9245.359493011463,81.89156326965805,84.26369875950023,60.00000000000004,0.0,60.00000000000004,60.00000000000004,16.0,16.0,19.0,19.0,16.0,12.0,21.0,10.0,1.0,0.0,1723.733721380735,0.0,1841.7617242019713,0.0,0.0,0.0,0.0,0.0,3589.863291577426,2153917.974946454,2812212.061626894,81.89156326965805,84.30398549506714,0.3463287763859144,0.7671233150514923,0.3602813740196598,84.30398549506714,0.3542647819438878,2812212.061626894,0.1485016938712652 
 04/04  07:00:00,8.58,96.0,3.11,23.0,0.5,0.0,0.0,0.0,2.0,2.0,0.0,0.0,0.0,0.0,0.0,2829.0,0.0,32.90346901881495,8.159316943960088,20.907957514772936,0.986617611012209,26.260159526484946,0.0,8.159316943960084,11.154404859000293,0.0,0.0,20.696330404419613,-911.0030168411296,19.907365705564659,342.4666292121904,20.810817251729703,-1096.8515231511893,19.935494706338966,332.6854077000686,17.055292113287828,13.4143539181979,18.829068910491125,-14.95168203316167,18.48058884161319,162.08453452402785,16.364420802188627,-156.87096132641916,18.709314591176708,-76.93386142821115,856.9791103983189,596.4720034933431,0.0,0.0,0.0,0.0,0.0,0.0,0.0,0.0,0.0,0.0,0.0,0.0,0.0,0.0,0.0,0.0,0.0,0.0,0.0,0.0,0.0,0.0,1.203815451208375,0.36746503394639076,370.22939101666136,432.29365115325029,9352.742938539981,0.2704958891998359,0.041284476373601369,231.596674189809,270.9671773464651,5555.335558881536,1.2567762146377307,0.23748605718778005,353.5027807283433,411.67294252486786,9245.413006122075,0.277351146943511,0.052409513783732267,254.31808878591466,297.3985750850645,6138.9933300736379,0.0,0.0,9.91797507910655,11.752808450399224,169.1076639134311,0.0,0.0,12.369613961177901,14.557239469536157,258.55007787079105,0.0,0.0,105.91626313925511,124.65029310687953,2221.025961999036,0.0,0.0,54.321193558539039,64.54487612410078,845.8695072683086,0.0,0.0,15.131808443494887,17.80602801754778,317.8664811039816,31.43551390418495,21.56070912495541,504.170988674374,591.6002906744341,11920.397491055734,0.0,0.0,69.08223031121824,82.50105045785996,881.321497378741,1145.4866223504162,21.457888178052074,42.767785537884559,21.666666666666687,30.00000000000002,0.0,20.67647555900765,44.87757162119419,16.000000000000015,30.00000000000002,2021.9188106082916,21.679768615972035,42.20205834856809,21.666666666666687,30.00000000000002,0.0,20.7424732582381,44.71148950006895,16.000000000000015,30.00000000000002,0.0,17.076543614964174,56.53483916616061,12.00000000000001,30.00000000000002,0.0,19.073040572543737,49.920174005974647,19.000000000000015,30.00000000000002,0.0,19.10513700392534,49.53190497264155,10.000000000000007,30.00000000000002,442.174278634485,16.321426688273158,59.242129789657898,16.333333333333348,30.00000000000002,0.0,19.127546293241627,49.78818784220797,19.000000000000015,30.00000000000002,0.0,19.77504393679667,0.0,0.0,0.0,14.869983122623058,0.0,0.0,551.4489635306743,559.5664227166888,551.9569836818916,560.35181822151,599.0363052639049,870.5929953621342,569.697721999509,605.6854652513204,808.3153005507423,9535.051405702849,81.7001082442988,84.1029003913762,60.00000000000004,0.0,60.00000000000004,60.00000000000004,16.0,16.0,19.0,19.0,16.0,12.0,21.0,10.0,1.0,0.0,1145.4866223504162,0.0,2021.9188106082916,0.0,0.0,0.0,442.174278634485,0.0,3636.20888488072,2181725.33092843,2833019.502869149,81.7001082442988,84.14370777875608,0.3478736294960242,0.7715104383596989,0.3602813740196598,84.14370777875608,0.3542647819438878,2833019.502869149,0.1495803474825291 
 04/04  07:10:00,8.691666666666667,95.5,3.1866666666666667,26.0,0.33333333333333328,0.0,0.0,0.0,2.0,2.0,0.0,0.0,0.0,0.0,0.0,6601.0,0.0,37.23065840764041,9.172309333866718,23.50371500020398,1.1163692487873294,29.71367559619196,0.0,9.172309333866714,12.539242255771495,0.0,0.0,20.741245576659574,-1063.6372489063829,19.8913300402723,444.84975124445477,20.749688021073135,-1048.5363754398446,19.968151288212959,377.48662609911369,17.045829145894716,14.442397205191892,18.798502163600845,-19.158546895558979,18.520000982737295,276.5171555166211,17.504870963058818,-223.32056984749509,19.02232005671361,-47.652913295804797,860.7726590719773,445.04580215688119,0.0,0.0,0.0,0.0,0.0,0.0,0.0,0.0,0.0,0.0,0.0,0.0,0.0,0.0,0.0,0.0,0.0,0.0,0.0,0.0,0.0,0.0,1.1783712008089125,0.35969816874508928,394.11153431037897,460.4015886209293,10017.836430831449,0.2867871676359944,0.043770935231378888,282.97513300605069,331.59398134326229,6681.612224681047,1.0631538265101233,0.20089830432919954,339.54290167127416,396.5830798388318,8669.347499438696,0.26781900109577458,0.050608276851053377,254.10657611585203,297.600567021015,6075.452885512441,0.0,0.0,10.51839349793849,12.47759889938354,176.81923734823654,0.0,0.0,13.597384975087257,16.017969117695527,280.0756319576643,0.0,0.0,88.24986220442978,103.98218477502776,1840.408287430615,0.0,0.0,33.84541300968033,40.049505093585548,634.5865413931883,0.0,0.0,17.252086930831408,20.27061863862349,377.36176060436807,31.58642930602839,21.66421763102085,531.0034441414769,623.8475143126414,12444.123570871505,0.0,0.0,48.9123628446041,58.53905547584142,597.9154008318189,1643.6565041841832,21.53888222984693,42.52312707496823,21.857142857142855,29.999999999999994,0.0,20.613798981816609,45.03812976953133,16.0,29.999999999999994,1458.3692825381364,21.5059564840122,42.62153260721508,21.428571428571428,29.999999999999994,0.0,20.760764483402924,44.63250069526949,16.0,29.999999999999994,0.0,17.068708303948193,56.471187888238308,12.0,29.999999999999994,0.0,19.030830734697966,51.30050817076309,19.0,29.999999999999994,0.0,19.170553038874158,49.27147751345272,10.0,29.999999999999994,1337.5843270170222,18.220641931625925,52.4922921859521,20.699999999999997,29.999999999999994,793.0948233440537,19.618711545164954,49.36766340883461,19.42857142857143,29.999999999999994,0.0,19.835603562577423,0.0,0.0,0.0,14.701155567358124,0.0,0.0,552.0787041613862,560.1430472435035,552.6222083982666,558.6538960036381,589.4934071102065,902.6771820827139,561.2090099123259,591.3730281034658,840.5129440501013,10080.280462228622,81.33961176817272,83.34411312782466,59.999999999999989,0.0,59.999999999999989,59.999999999999989,16.0,16.0,19.0,19.0,19.7,12.0,21.0,10.0,1.0,0.0,1643.6565041841832,0.0,1458.3692825381364,0.0,0.0,0.0,1337.5843270170222,793.0948233440537,3033.548485751683,1820129.09145101,2356724.6374472978,81.33961176817272,83.37815621539937,0.34397542571553238,0.7685920107370775,0.3602813740196596,83.37815621539937,0.35426478194388746,2356724.6374472978,0.12480968114725946 
 04/04  07:20:00,8.803333333333335,95.0,3.2633333333333338,29.0,0.16666666666666664,0.0,0.0,0.0,2.0,2.0,0.0,0.0,0.0,0.0,0.0,5658.0,0.0,41.57194934327623,10.19896946174847,26.134495233753847,1.246543704998362,33.17844585577811,0.0,10.198969461748467,13.942764486570882,0.0,0.0,20.86189515796154,-1582.927386759629,19.97408415150636,489.2090605869515,20.439486927626996,-256.174504450368,19.969893854988436,244.04694984699806,17.03802851332059,14.226245285046656,19.086271811432924,-22.893665264449653,18.697921413596704,307.06856620527256,18.5884714796372,-86.2141475901007,19.04467513844881,-42.30959277515948,851.7382585195403,259.7739209691861,0.0,0.0,0.0,0.0,0.0,0.0,0.0,0.0,0.0,0.0,0.0,0.0,0.0,0.0,0.0,0.0,0.0,0.0,0.0,0.0,0.0,0.0,1.132355638797796,0.3456519043949317,450.42384757640698,525.9719242725843,11453.673007071957,0.2718341545099544,0.04148872932081111,283.54019726629857,332.30280014307388,6691.8454841297839,1.1130566727725333,0.2103281694581507,238.86684263168093,279.57006760038896,5881.259068334449,0.2674481252142794,0.05053819448493563,233.66235384812655,273.88115238661069,5513.7635437085659,0.0,0.0,10.738932297023766,12.741510248417829,178.02058856194376,0.0,0.0,13.072146637013523,15.384565932768528,274.5443449216749,0.0,0.0,72.62635630499523,85.48689369240519,1538.027287225876,0.0,0.0,15.858714142214854,18.637895936603749,351.4007913937041,0.0,0.0,13.855061187223097,16.288107404376349,298.43703125372749,31.65904026903199,21.71401938891084,511.5023130498532,601.2278518067932,11925.578678929858,0.0,0.0,25.21824836646376,30.21777381700021,287.5830213840707,1796.8016985214895,21.680956578882254,42.15626016901346,22.0,30.0,0.0,20.72848506436709,44.74911161791686,16.0,30.0,25.354431112123046,21.180661725372656,43.469274615656967,21.0,30.0,0.0,20.713786270653939,44.791803842748389,16.0,30.0,0.0,17.0630101214324,56.41168003482132,12.0,30.0,689.1762325122365,19.38118374276631,51.81736302806234,19.5,30.0,0.0,19.453993493325329,48.365892509781698,10.0,30.0,1232.330189532119,20.041530345460534,46.860749314400987,20.7,30.0,0.0,19.636447226775787,50.88539456911806,19.0,30.0,0.0,19.877197978662715,0.0,0.0,0.0,14.379329740280769,0.0,0.0,551.972931056891,560.7617314801615,552.3736366118942,559.9983956664805,580.7594107191787,927.1878243010492,553.8143324489504,589.546404004608,872.8816015682083,9974.484701344247,81.40953819525365,83.8336199892176,60.0,0.0,60.0,60.0,16.0,16.0,19.0,19.0,19.7,12.0,21.0,10.0,1.0,0.0,1796.8016985214895,0.0,25.354431112123046,0.0,689.1762325122365,0.0,1232.330189532119,0.0,3668.392357065673,2201035.4142394049,2868378.2085476138,81.40953819525365,83.87478894547837,0.3489464119021891,0.7676347202524287,0.36028137401965956,83.87478894547837,0.3542647819438875,2868378.2085476138,0.15137900017780926 
 04/04  07:30:00,8.915,94.5,3.34,32.0,0.0,0.0,0.0,0.0,2.0,2.0,0.0,0.0,0.0,0.0,0.0,3772.0,0.0,45.91348226528731,11.235850968274914,28.791467114597276,1.3767254081835328,36.64340914553559,0.0,11.235850968274909,15.360260116908864,0.0,0.0,20.7378105343274,-1047.8491463218803,20.032948499109105,552.0017629659137,20.889800213410667,-1090.6081617908945,20.03598700196153,561.032094204772,17.02865906220348,14.523008567985599,19.31955024790293,-17.901472130065799,18.804454299214869,298.8588885095012,18.686310757516045,-17.405093106517997,18.830285214250265,-128.58028034643957,887.949153570572,294.43674146818855,0.0,0.0,0.0,0.0,0.0,0.0,0.0,0.0,0.0,0.0,0.0,0.0,0.0,0.0,0.0,0.0,0.0,0.0,0.0,0.0,0.0,0.0,1.1614638664204998,0.35453719976205735,429.6860386278454,501.77876115677079,10738.811797398186,0.2915520961413317,0.04449818317175393,304.28143238293958,356.234891148145,7155.889031203348,1.0045981513047993,0.18983336192456533,357.7991165331441,417.6770812363451,9118.11392988095,0.2819717646044211,0.0532826463727175,298.03485910639247,348.9453375629847,7051.494474509949,0.0,0.0,10.764250902722598,12.766015843436393,175.86686548484318,0.0,0.0,12.893625927445342,15.137101533151969,279.29642486891086,0.0,0.0,69.81384399342396,82.06670225635345,1484.358278746504,0.0,0.0,12.784376100926505,15.015517244232978,282.01970667104339,0.0,0.0,16.87829773667515,19.84728659424116,347.04865726027648,31.940578154964429,21.907118076107296,596.3948610493198,700.2192995806423,13808.616664938898,0.0,0.0,27.283078590249646,32.639121002230208,302.4333679794854,1233.2614186909344,21.60211960115833,42.39852483249403,21.75,30.0,0.0,20.79467996443625,44.60382406616104,16.0,30.0,1723.348994246976,21.759741334526269,42.004949118154438,21.5,30.0,0.0,20.844938580877785,44.48306482776969,16.0,30.0,0.0,17.053784636507296,56.396307008935718,12.0,30.0,0.0,19.81619251880569,51.85501083412123,19.0,30.0,0.0,19.602721710788605,47.95816818830494,10.0,30.0,309.6558471470064,20.035745266188529,47.05456865262969,19.95,30.0,0.0,19.255022637117287,53.17426201287468,19.0,30.0,0.0,20.00030708617654,0.0,0.0,0.0,14.350543266333908,0.0,0.0,552.6183015412811,560.6061421556976,553.5025071153661,561.0828781728949,574.650187746159,962.4173395610653,554.65482166785,599.009490333191,896.9328882598838,9631.527308103578,81.63615312718464,85.36219264793317,60.0,0.0,60.0,60.0,16.0,16.0,19.0,19.0,19.7,12.0,21.0,10.0,1.0,0.0,1233.2614186909344,0.0,1723.348994246976,0.0,0.0,0.0,309.6558471470064,0.0,5638.455867984264,3383073.5207905585,4416720.743398182,81.63615312718464,85.42547316859779,0.3579485289328088,0.7658901537602059,0.36028137401965956,85.42547316859779,0.3542647819438875,4416720.743398182,0.23185614532337216 
 04/04  07:40:00,9.026666666666668,94.0,3.416666666666667,37.666666666666667,0.9999999999999998,0.0,0.0,1.0,2.0,0.0,0.0,0.0,0.0,0.0,4.0,3772.0,0.0,54.2406592395117,13.368810841045909,34.25709995730995,1.6264177411671868,43.28930549494708,0.0,13.368810841045902,18.276177972814844,0.0,0.0,20.874772222906878,-1218.9976414659907,20.112752366641485,429.46700460084,20.85488744152181,-1074.468276120764,20.06215765211175,400.8027131936958,17.025134267345388,20.736671275181878,19.177966222510066,-20.772787929644737,18.68808831647496,60.560114951553718,19.01259304186845,-90.056619801296,18.266706383989829,-784.4520356522,818.5458800351166,1247.3945813100998,0.0,0.0,0.0,0.0,0.0,0.0,0.0,0.0,0.0,0.0,0.0,0.0,0.0,0.0,0.0,0.0,0.0,0.0,0.0,0.0,0.0,0.0,1.0991259776487652,0.33550854018582579,323.92853664620318,378.44928808991235,8011.340513605114,0.27455949220118389,0.04190468440189009,262.4382820149633,307.24948941244,6166.762403700876,1.0262765849907257,0.19392981575788477,276.9154936538295,323.0066299652064,6919.63261904729,0.2732893936177697,0.05164198670025882,279.56779628297888,327.03663801234486,6533.681025518315,0.0,0.0,10.18339206765507,12.07852169266991,164.14413747856293,0.0,0.0,13.70163943038069,16.09834544789764,288.0654105276049,0.0,0.0,197.12820673715576,231.9832323176855,4039.2615504694747,0.0,0.0,32.02744066358607,37.50851432030823,736.7541025047214,0.0,0.0,156.93159927364165,185.35155631670086,2883.4245567744708,31.91827684456726,21.891822252789625,535.9139823737315,629.1752942212202,12268.539534385309,0.0,0.0,158.99006165252045,189.425451452361,2144.5457987968759,1821.050422925291,21.6141426523619,42.69112872618051,22.0,30.0,0.0,20.882486759048214,44.59912758223416,16.0,30.0,1323.9178779493182,21.63163719209546,43.32487972479185,21.5,30.0,0.0,20.798561076670745,45.54110666943463,19.0,30.0,0.0,17.055429809748668,56.72731697994573,12.0,30.0,0.0,19.595222096019755,53.66419349944332,19.0,30.0,0.0,19.316695046062664,49.655756589965779,10.0,30.0,663.564705938468,20.65110645717718,46.61136641458413,20.45,30.0,0.0,18.221034213792718,53.66492875546747,12.0,30.0,0.0,19.83510794226557,0.0,0.0,0.0,15.691831041071039,0.0,0.0,566.9394946842813,569.0672135563822,604.605697955387,605.0422967343857,593.83383934633,992.8087016857243,619.5731336658807,682.5608982327748,658.4701296037599,9288.18413497433,81.8633347030025,83.70578120728936,220.0,0.0,220.0,220.0,16.0,19.0,19.0,12.0,19.7,12.0,21.0,10.0,1.0,0.0,1821.050422925291,0.0,1323.9178779493182,0.0,0.0,0.0,663.564705938468,0.0,2788.1576206103675,1672894.5723662205,2171011.299334445,81.8633347030025,83.73707206543479,0.34793858735367896,0.768366572517198,0.36028137401965956,83.73707206543479,0.3542647819438875,2171011.299334445,0.12077592089872448 
 04/04  07:50:00,9.138333333333334,93.5,3.493333333333333,43.33333333333333,1.9999999999999996,0.0,0.0,1.0,2.0,0.0,0.0,0.0,0.0,0.0,4.0,2829.0,0.0,62.606115038227049,15.458592145517966,39.612090493411148,1.8772578951740007,49.96575230083539,0.0,15.458592145517958,21.13306745228364,0.0,0.0,20.8172745839304,-1271.098823271226,20.14048630845415,513.0206978618096,20.73582186280447,-534.0972529101465,20.065435942317707,140.23366996594099,17.025957318747495,23.378288046060299,19.079102724323076,-28.34671787087115,18.499405422461849,82.45811634988005,18.784727207542596,-66.77156171202981,17.758114695314718,-465.00446232104096,841.5974947146613,1125.917442552079,0.0,0.0,0.0,0.0,0.0,0.0,0.0,0.0,0.0,0.0,0.0,0.0,0.0,0.0,0.0,0.0,0.0,0.0,0.0,0.0,0.0,0.0,0.970297874459787,0.29618372236257259,370.94507555700229,432.86998718806287,9150.097436518161,0.2581520795383954,0.03940050054004818,297.37968747278105,347.879993686144,6920.675261654702,1.2154222325443829,0.22967162368563577,192.78525858008363,225.36550234648059,4673.23703191457,0.26188356043865648,0.04948668942529415,201.95935182904214,236.52677339609694,4654.503748456021,0.0,0.0,10.38099325779817,12.306146948955634,165.19155969008004,0.0,0.0,15.015193728356904,17.63869740110151,307.3138852677058,0.0,0.0,224.30533961173064,264.11779384402578,4391.278769870122,0.0,0.0,28.010436000671598,32.876633377256997,603.1019097032352,0.0,0.0,177.67475544464618,210.27889288822068,2967.7395082071327,32.00724469875344,21.95284272891185,493.4746804575717,579.2759837841346,11288.877820557249,0.0,0.0,179.4080042462273,213.33248773766813,2524.775602195073,1335.0415722984838,21.628554258412316,42.874914837863,21.666666666666687,30.00000000000002,0.0,20.894975006173757,44.86582717640046,16.000000000000015,30.00000000000002,860.144169599378,21.358146776939969,44.66910910023636,21.33333333333335,30.00000000000002,0.0,20.742478149823606,46.05463108922175,19.000000000000015,30.00000000000002,0.0,17.063141093311424,56.98652799657178,12.00000000000001,30.00000000000002,0.0,19.421010742988565,54.78358179231583,19.000000000000015,30.00000000000002,0.0,18.963138064414229,50.8849940808878,10.000000000000007,30.00000000000002,470.33660003708595,19.984723348726715,49.220114377163,20.03333333333335,30.00000000000002,0.0,17.4772303339621,56.050173561993137,12.00000000000001,30.00000000000002,0.0,19.97609602549002,0.0,0.0,0.0,16.106528089788229,0.0,0.0,577.3975526990076,583.7316886428673,636.9952281936452,622.9161034260434,609.1031374363145,1001.1808377906655,622.572305626863,715.3832986084127,640.598005103285,10433.070135511403,81.10628865628223,83.49318551795582,220.00000000000018,0.0,220.00000000000018,220.00000000000018,16.0,19.0,19.0,12.0,19.7,12.0,21.0,10.0,1.0,0.0,1335.0415722984838,0.0,860.144169599378,0.0,0.0,0.0,470.33660003708595,0.0,3612.1791314018576,2167307.4788411126,2804882.6612722419,81.10628865628223,83.53372295062082,0.3470726377133954,0.7673749953696099,0.3602813740196598,83.53372295062082,0.3542647819438878,2804882.6612722419,0.15360278727504543 
 04/04  08:00:00,9.25,93.0,3.57,49.0,3.0,0.0,0.0,1.0,2.0,0.0,0.0,0.0,0.0,0.0,4.0,3772.0,0.0,71.00813955538414,17.513980653732973,44.8789517588968,2.129194592013751,56.671384729536729,0.0,17.51398065373296,23.942939371787664,0.0,0.0,20.998907851343956,-1260.003937450821,20.16615609009213,392.410202356245,20.567762599643314,-636.5996088784677,19.98079471382345,298.483054923518,17.02435301936611,20.417693260006759,19.004525889085178,-37.207074791757779,18.314354884974195,30.29980268688678,19.047944063119865,-148.824612813726,17.527208107112089,-327.3359005935463,831.9653710368602,1090.0618361785496,0.0,0.0,0.0,0.0,0.0,0.0,0.0,0.0,0.0,0.0,0.0,0.0,0.0,0.0,0.0,0.0,0.0,0.0,0.0,0.0,0.0,0.0,1.0119145937285586,0.30888723862288117,340.311495435252,397.1100216638235,8416.310021987152,0.25171448563761669,0.03841796178840304,269.62323985676536,315.55997323710019,6209.071908996513,1.0678752157536298,0.20179047916735266,257.82494850430597,301.51512959876819,6129.466554152028,0.2700019145092764,0.05102076993750496,267.03886279079088,312.95142104551595,6008.97294283282,0.0,0.0,10.105897979955051,11.98590340910438,158.58199278180897,0.0,0.0,15.209374059918535,17.885461294829719,304.20598786708788,0.0,0.0,233.48851077403925,275.4437097265104,4371.93172338458,0.0,0.0,36.79734727383557,43.1277291090196,815.4698468229524,0.0,0.0,191.44216356655003,226.96636493270379,3049.109279426855,32.07948753471983,22.002391999121977,530.6005232341355,623.0715030326549,11956.902747909513,0.0,0.0,193.93694369296098,230.68378702303139,2730.595897838516,1832.483627134502,21.75340760224965,42.88154953458882,22.0,30.0,0.0,20.885072584462983,45.20565276174069,16.0,30.0,45.18780192282181,21.22735457527436,45.1150709120385,21.0,30.0,0.0,20.602982067043287,46.743687496521889,19.0,30.0,0.0,17.064531503472865,57.161343324037819,12.0,30.0,0.0,19.293064000082084,55.40136011713895,19.0,30.0,0.0,18.62946897361944,52.09044356001523,10.0,30.0,447.8544771320029,20.429847188737065,47.907403656684767,20.2,30.0,0.0,17.185180427307615,57.20088722817292,12.0,30.0,0.0,19.97432638159619,0.0,0.0,0.0,16.225217661794415,0.0,0.0,595.1564555354859,598.4474235418572,636.8347912728291,633.6207596159949,616.1033389376422,997.2523364522616,623.3698356380796,710.1442690901747,639.1469749473675,10155.088710959386,81.29012419038769,84.79459987232272,220.0,0.0,220.0,220.0,16.0,19.0,19.0,12.0,19.7,12.0,21.0,10.0,1.0,0.0,1832.483627134502,0.0,45.18780192282181,0.0,0.0,0.0,447.8544771320029,0.0,5303.567052429975,3182140.231457985,4119271.3658454816,81.29012419038769,84.85411750346282,0.34678556841433258,0.7675147995312401,0.36028137401965956,84.85411750346282,0.3542647819438875,4119271.3658454816,0.22181655546840949 
 04/04  08:10:00,9.395,92.66666666666667,3.6283333333333336,54.66666666666667,4.0,0.0,4.0,0.0,0.0,0.0,0.0,0.0,0.0,0.0,0.0,3772.0,0.0,79.44526939244774,19.547464063175448,50.08968276418696,2.3821839507023707,63.40503483986257,0.0,19.547464063175434,26.72286536053996,0.0,0.0,21.01875115689336,-842.0705248609475,20.217112814363476,423.3871639769095,20.781604043815777,-519.8776702999479,19.987605459304274,-30.744851769114633,17.018340120002418,17.493929360423168,18.856093393481335,-67.32818708389425,18.2478727975291,60.77408581174086,18.419269945313034,-60.178017379929347,17.387934753189137,-287.81992893026406,729.8192973453583,980.2131012778177,0.0,0.0,0.0,0.0,0.0,0.0,0.0,0.0,0.0,0.0,0.0,0.0,0.0,0.0,0.0,0.0,0.0,0.0,0.0,0.0,0.0,0.0,1.0891748174143865,0.332470945486687,356.2584541017154,416.1334574894155,8648.17201105455,0.27292453542967817,0.04165514887510351,268.46995771888745,314.3389743638534,6150.954700209269,0.8420556656641507,0.15911860651250019,175.14324732095057,204.56436473452059,4264.634047043259,0.31144354595228448,0.058851766052963789,33.16034130314779,38.863329550281807,737.0100616234016,0.0,0.0,9.3928403587386,11.142488802650256,144.55578908332215,0.0,0.0,51.88386823810794,61.0933078674607,998.199714737101,0.0,0.0,278.2776236466839,328.4022874373652,5075.593905071088,0.0,0.0,24.45248899398186,28.77855627223576,481.2523435020456,0.0,0.0,193.9663506705735,230.09746774826275,2971.3551519831369,32.27929709592713,22.13943559391436,305.0748138030187,358.7247077428863,6904.236741168363,0.0,0.0,195.15981051374068,232.20560282787856,2661.5913025589927,901.8372816853241,21.644237632999407,43.562755141710088,21.5,30.0,0.0,20.95156315758682,45.41577183655125,16.0,30.0,1008.8085025837206,21.672828513122547,43.524148375553938,21.5,30.0,0.0,20.515597276066296,49.50513644994088,19.0,30.0,0.0,17.05780517928749,57.55485232920603,12.0,30.0,0.0,19.048398706964215,53.458660926839538,16.0,30.0,0.0,18.524420726802786,53.17982659938136,10.0,30.0,0.0,19.286063781374418,51.00959467697409,16.0,30.0,0.0,17.02120693412805,58.35079993025632,12.0,30.0,0.0,19.63717411428535,0.0,0.0,0.0,16.147180284528358,0.0,0.0,611.3160902299424,613.9561092984836,611.9654117997887,784.0835595072131,630.8289667089941,799.473652904079,658.6435855454776,681.3253483519309,658.3106348352339,4751.910556872794,81.13172045628801,82.8317575788418,132.0,0.0,132.0,132.0,16.0,19.0,16.0,12.0,16.0,12.0,21.0,10.0,1.0,0.0,901.8372816853241,0.0,1008.8085025837206,0.0,0.0,0.0,0.0,0.0,2572.8636960958499,1543718.2176575098,2003085.5070572114,81.13172045628801,82.86062985291869,0.170762123203195,0.38541097224475098,0.18014068700982978,82.86062985291869,0.17713239097194376,2003085.5070572114,0.10864844636697499 
 04/04  08:20:00,9.54,92.33333333333334,3.686666666666667,60.33333333333333,5.0,0.0,4.0,0.0,0.0,0.0,0.0,0.0,0.0,0.0,0.0,2832.0,0.0,87.91618079048598,21.574864025866675,55.284825589414698,2.6361862770924118,70.16564613344637,0.0,21.574864025866665,29.49447481636828,0.0,0.0,20.899475553860375,-947.7860783878607,20.159342605922029,287.582750328405,20.83229036716517,-558.4275211693964,19.984711608517459,-44.96059824007002,17.01057364121516,16.220969526956116,18.701528129127895,-49.4144783200977,18.174356645348664,57.161179818967237,17.967631048355096,-23.635370223411419,17.29267856657075,-246.55862470581017,716.4912478479071,902.8272055544419,0.0,0.0,0.0,0.0,0.0,0.0,0.0,0.0,0.0,0.0,0.0,0.0,0.0,0.0,0.0,0.0,0.0,0.0,0.0,0.0,0.0,0.0,1.0690190844583379,0.3263184018493094,366.469987706194,427.80445037247037,8749.098892485996,0.2510341142245692,0.03831411999764486,242.8112595581817,284.2192611429843,5416.072678868497,0.8935105909186434,0.16884175943285024,186.47549125657515,217.3925240037904,4509.161477949185,0.2688925408131107,0.05081113771978657,25.353491834006904,29.688922003306737,554.8580986148786,0.0,0.0,9.129680977874499,10.825787338333619,137.71090464907537,0.0,0.0,49.1740671936682,57.9615605051053,909.917220920755,0.0,0.0,270.18452939383197,318.8707287764734,4791.091620754539,0.0,0.0,19.786103193627075,23.353761985402217,355.48096345227858,0.0,0.0,186.80379158411018,221.59369963969304,2771.7549451780635,32.055504365427768,21.985942637467603,318.2084803021515,373.8717784894498,7060.295651011973,0.0,0.0,187.37274618448746,222.89863964906403,2484.6843684215448,1483.444650474724,21.62103214752448,43.71631268394727,21.666666666666658,29.99999999999999,0.0,20.8025471004797,45.94919810155065,15.999999999999993,29.99999999999999,1396.9359252401819,21.62387821976459,43.71377557300161,21.666666666666658,29.99999999999999,0.0,20.47135697981966,52.15516202961865,18.999999999999994,29.99999999999999,0.0,17.04837127322415,57.95632333469473,11.999999999999995,29.99999999999999,0.0,18.808401359612014,52.652800414531657,15.999999999999993,29.99999999999999,0.0,18.411454507729116,53.62132747833506,9.999999999999997,29.99999999999999,0.0,18.504755253949619,53.35725838165857,15.999999999999993,29.99999999999999,0.0,16.922011883260379,58.927902278798359,11.999999999999995,29.99999999999999,0.0,19.690967614361428,0.0,0.0,0.0,16.10258272147626,0.0,0.0,613.2925931311627,615.809267574034,610.5608123156766,937.0055643163252,645.1722941695409,685.9870781218822,656.8209544484173,666.9264219576872,665.0371855355916,8893.202409130172,82.12434340807252,84.6234972690487,131.99999999999995,0.0,131.99999999999995,131.99999999999995,16.0,19.0,16.0,12.0,16.0,12.0,21.0,10.0,1.0,0.0,1483.444650474724,0.0,1396.9359252401819,0.0,0.0,0.0,0.0,0.0,3781.8767719996,2269126.063199761,2943003.0845702586,82.12434340807252,84.66594119822952,0.3527292257333199,0.7679895377799335,0.36028137401965945,84.66594119822952,0.35426478194388735,2943003.0845702586,0.15743616039765347 
 04/04  08:30:00,9.684999999999999,92.0,3.745,66.0,6.0,0.0,4.0,0.0,0.0,0.0,0.0,0.0,0.0,0.0,0.0,2832.0,0.0,96.419620259657,23.61429021430786,60.51078523727967,2.8911639838406586,76.95221819097097,0.0,23.61429021430785,32.28252503456215,0.0,0.0,20.75277449691378,-546.7838959747627,20.06119301796464,160.24007463803955,20.57863463962568,-392.24830598008449,19.990574028171566,-54.16493479589521,17.002486332289175,14.501949782310565,18.59742070564477,-39.65170834874416,18.09168422385313,21.3992149137745,17.674209402199169,-20.272211549819976,17.22881678315491,-226.0277717579968,658.6837398235721,841.1905319915904,0.0,0.0,0.0,0.0,0.0,0.0,0.0,0.0,0.0,0.0,0.0,0.0,0.0,0.0,0.0,0.0,0.0,0.0,0.0,0.0,0.0,0.0,1.087720333315569,0.3320269637715411,295.95150431522657,346.1053686952581,6753.437519366243,0.23414202492321996,0.03573596228986873,189.4367013165117,221.88302545392004,4096.958662826838,0.8739036203160608,0.1651367385328913,159.65058123385934,186.64892107020976,3643.5674473046458,0.2237319475120542,0.04227738993047129,19.26025896896249,22.563364423309488,415.5216700105977,0.0,0.0,8.722432660415624,10.344416047877964,128.88162840550974,0.0,0.0,39.125912811763068,46.112404031419178,700.8338224452061,0.0,0.0,256.2176920865383,302.56863274156668,4393.096726319732,0.0,0.0,11.282182364314393,13.337822758683611,188.39992243617213,0.0,0.0,180.05416829531647,213.669501680382,2599.350663793898,31.829715472017158,21.831080570656483,243.0832364212838,285.9957056896482,5323.320300707148,0.0,0.0,181.99473148260399,216.57793946320363,2348.061371004406,700.335198423105,21.21680267038908,45.14304679130181,21.333333333333326,29.99999999999999,0.0,20.598480547726618,46.84612371062404,15.999999999999993,29.99999999999999,180.6175453470092,21.244391449822325,45.060536150853248,20.999999999999994,29.99999999999999,0.0,20.449752824675707,53.92506235921637,18.999999999999994,29.99999999999999,0.0,17.038612479525875,58.179046688667458,11.999999999999995,29.99999999999999,0.0,18.65985499521111,52.90002139779121,15.999999999999993,29.99999999999999,0.0,18.257022982284384,54.16171710348037,9.999999999999997,29.99999999999999,0.0,18.01640908867474,54.99808107212196,15.999999999999993,29.99999999999999,0.0,16.864718642606957,59.10871184066956,11.999999999999995,29.99999999999999,0.0,19.407739305868107,0.0,0.0,0.0,16.062681549756755,0.0,0.0,625.0855237448167,626.9857329207631,622.1842938130023,1037.2899414354566,648.506434069023,661.9442378212013,646.8933083206958,661.2025363931593,652.1283080120718,4797.559797221323,83.48397310743225,83.48397310743225,131.99999999999995,0.0,131.99999999999995,131.99999999999995,16.0,19.0,16.0,12.0,16.0,12.0,21.0,10.0,1.0,0.0,700.335198423105,0.0,180.6175453470092,0.0,0.0,0.0,0.0,0.0,0.0,0.0,0.0,83.48397310743225,83.48397310743225,0.2266666666666666,0.4618810514460725,0.24018758267977295,83.48397310743225,0.2361765212959249,0.0,0.004312 
 04/04  08:40:00,9.83,91.66666666666667,3.8033333333333338,73.0,11.833333333333333,0.0,0.0,1.0,2.0,0.0,0.0,0.0,0.0,0.0,0.0,8505.0,0.0,109.60626975881913,26.91876043248931,68.97837449787083,3.2865690021221267,87.4764487831841,0.0,26.918760432489298,36.799986350412869,0.0,0.0,21.05323862801344,-1505.6683360494554,20.106004470655674,572.9245651084345,20.836326676978528,-838.6613929237605,20.057896438554854,412.27103110963318,16.995846995208554,16.5501479893184,19.245637117221187,-66.85314781734629,18.092411811885229,90.13826894398798,18.565165709214577,-92.03325402330799,17.179254965468649,-220.60539245839153,747.4807553773228,874.0059958210496,0.0,0.0,0.0,0.0,0.0,0.0,0.0,0.0,0.0,0.0,0.0,0.0,0.0,0.0,0.0,0.0,0.0,0.0,0.0,0.0,0.0,0.0,0.9886216416229817,0.3017770578824738,442.88068068160609,517.2309441705438,10448.858600221614,0.263944446824415,0.04028456148113791,307.06167324784647,360.10056033163098,6611.691304935949,0.920454181408317,0.1739331408556915,321.91428097764688,376.5193082401938,7475.534929137157,0.25650761973234245,0.04847082761382141,287.4165809307667,337.05539672369226,6158.222688965052,0.0,0.0,10.315243404908149,12.249018135318265,149.27154703719575,0.0,0.0,16.440418072047998,19.341299266285437,323.0314001143083,0.0,0.0,239.47945470787807,283.1110857688297,4054.81248881342,0.0,0.0,25.38605707456626,29.839769129472143,495.90639303678577,0.0,0.0,189.46852857422514,225.11775051602076,2663.651968584394,32.103174525597307,22.01863822057434,588.8674747080584,692.143971008524,12518.669153424977,0.0,0.0,190.32377539225247,226.65044598505728,2430.757826635773,1793.002067579413,21.766062572543889,44.66942460973481,22.000000000000047,30.000000000000065,0.0,20.70467603071622,47.49758984704222,16.000000000000033,30.000000000000065,1238.3946277945693,21.49184391614549,45.40739401260572,21.333333333333376,30.000000000000065,0.0,20.635758750018675,48.33087919761706,16.000000000000033,30.000000000000065,0.0,17.031869621031967,58.39589059210796,12.000000000000029,30.000000000000065,953.1805429484491,19.693881184529244,50.73285933255202,19.66666666666671,30.000000000000065,0.0,18.296026169299684,54.51349720131702,10.000000000000022,30.000000000000065,1317.4700483563557,19.409567654089814,51.223529327181918,20.700000000000047,30.000000000000065,0.0,16.82131863739534,59.51381763863748,12.000000000000029,30.000000000000065,0.0,19.99028039260401,0.0,0.0,0.0,16.145497186371494,0.0,0.0,685.3608506542695,678.2887776569057,683.3521120920123,716.0837569220173,650.4345528108214,735.5276376718836,661.952191760409,709.4064829917829,655.3731111472641,10461.243460665855,81.0876343853734,83.54538719469594,60.00000000000013,0.0,60.00000000000013,60.00000000000013,16.0,16.0,19.0,12.0,19.7,12.0,21.0,10.0,1.0,0.0,1793.002067579413,0.0,1238.3946277945693,0.0,953.1805429484491,0.0,1317.4700483563557,0.0,3719.2877483787817,2231572.6490272677,2905488.9890919176,81.0876343853734,83.58712799657762,0.3506429249459601,0.7691466492277734,0.36028137401966039,83.58712799657762,0.3542647819438883,2905488.9890919176,0.15300542743277974 
 04/04  08:50:00,9.975,91.33333333333334,3.8616666666666665,80.0,17.666666666666666,0.0,0.0,1.0,2.0,0.0,0.0,0.0,0.0,0.0,0.0,1890.0,0.0,120.82402379430481,29.41675234287013,75.37941014268243,3.6229379729180546,96.42932842658087,0.0,29.416752342870116,40.2149306765456,0.0,0.0,21.019135238204059,-1634.2386800270415,20.237221902446039,422.3071738031431,20.69301730507906,-193.8269839311024,20.04569616002199,134.06863917383419,16.99194050810707,17.050679151273557,19.239852021522418,-64.10561614265032,18.094895174400955,60.17549180088372,19.301015781354349,-205.6501913789591,17.144920935095685,-192.55699281310445,786.5884171911166,900.6320364488665,0.0,0.0,0.0,0.0,0.0,0.0,0.0,0.0,0.0,0.0,0.0,0.0,0.0,0.0,0.0,0.0,0.0,0.0,0.0,0.0,0.0,0.0,0.9274165766481981,0.28309419311605568,491.8622619473575,573.4975025921386,11307.556084779164,0.22849405512216559,0.03487394003696056,271.6822981098443,317.76416208440028,5871.446101091296,1.0095919478696205,0.19077701206908935,270.4762994672881,315.8850947158646,6073.04869368754,0.24585526677313664,0.04645791133279224,159.70456395901469,187.33268454384803,3391.8352437093487,0.0,0.0,10.249175036749805,12.144999695046828,145.35522683700848,0.0,0.0,16.25001090172984,19.074971837093466,312.64743157744769,0.0,0.0,242.8050729010775,286.42753202491806,4043.532755365646,0.0,0.0,36.6512699951392,42.8447508512936,782.1191741228183,0.0,0.0,197.75592160375215,234.48384529956986,2716.0244556690415,31.963690081585498,21.922969877630665,542.932948439304,636.9126755061461,11424.574039510682,0.0,0.0,199.95945018474283,237.41648544648175,2592.9953804200874,1847.4388059550559,21.613557744817684,45.137725970719717,22.0,30.0,0.0,20.887933603246674,47.19754545465115,16.0,30.0,962.7250449682139,21.36675540957449,45.91264211867031,21.5,30.0,0.0,20.564656951703076,47.96289574207327,16.0,30.0,0.0,17.02959191025569,58.72788001972225,12.0,30.0,0.0,19.637280290936283,52.94144290390591,19.0,30.0,0.0,18.298962574225809,54.666452960426457,10.0,30.0,787.9343627606756,20.74042576925359,47.92363587926301,20.7,30.0,0.0,16.800409722523413,59.877921468204167,12.0,30.0,0.0,19.996895900753139,0.0,0.0,0.0,16.392865587704116,0.0,0.0,686.1306154009977,689.5393247249427,689.7614157721868,680.065854479087,656.7967086469525,854.785483594798,667.8490500154137,737.6782983522378,664.953695694533,10459.282712983299,81.08896009869048,84.55133916747185,60.0,0.0,60.0,60.0,16.0,16.0,19.0,12.0,19.7,12.0,21.0,10.0,1.0,0.0,1847.4388059550559,0.0,962.7250449682139,0.0,0.0,0.0,787.9343627606756,0.0,5239.925605726802,3143955.3634360816,4071994.0262728149,81.08896009869048,84.61014185836945,0.34466418685756008,0.7671492946030392,0.36028137401965956,84.61014185836945,0.3542647819438875,4071994.0262728149,0.21361035603285306 
 04/04  09:00:00,10.12,91.0,3.92,87.0,23.5,0.0,0.0,1.0,2.0,0.0,0.0,0.0,0.0,0.0,0.0,4725.0,0.0,133.43479901903843,32.00673833605164,82.01617703805536,4.001076183129019,106.49396536166816,0.0,32.006738336051629,43.755637888375648,0.0,0.0,21.077275847775384,-1512.5465064089459,20.255013055765475,354.857511211772,20.760699670178619,-318.9263424823053,20.027491415887046,320.3348210058532,16.989005890835789,17.1429467508871,19.141693777434367,-56.7376570686252,18.074203371863186,70.03768291183151,18.90562511096586,-156.50730209012196,17.15392738293373,-119.17607169272944,759.7183310435415,846.8802743646087,0.0,0.0,0.0,0.0,0.0,0.0,0.0,0.0,0.0,0.0,0.0,0.0,0.0,0.0,0.0,0.0,0.0,0.0,0.0,0.0,0.0,0.0,0.9214290282739749,0.2812664921471229,427.0320481800574,498.6963233777887,9755.450731662242,0.21897659536159659,0.033421336288399969,248.7228812244674,291.37280300943817,5294.246225251043,0.922584830917866,0.17433575792098764,274.8103964756362,321.6479749830059,6054.570497655544,0.25501873509353487,0.04818948131019177,285.23555140382998,334.60912977546016,5897.763208005552,0.0,0.0,10.06201929541,11.944256906668953,139.73164783734539,0.0,0.0,15.745394040902733,18.525868484140696,292.9508163307439,0.0,0.0,235.74537899836992,278.6419330782495,3843.6076630218306,0.0,0.0,38.44344382284287,45.18192648945754,755.1047924600471,0.0,0.0,192.87679991218918,229.10000589265054,2612.5200408489365,31.96881932965116,21.926487880419186,527.3589687438935,619.78150411777,10928.135735413196,0.0,0.0,195.21016721107805,232.17833528861065,2501.1240837427969,1802.6113226248945,21.67814106398929,44.804758548904597,22.0,30.0,0.0,20.869545435344255,47.196374090151007,16.0,30.0,0.0,21.21607247066979,46.122268450878,21.0,30.0,0.0,20.549150581248953,48.071807134413237,16.0,30.0,0.0,17.028361942928585,58.952645358910817,12.000000000000002,30.0,0.0,19.45996864561347,54.54540153677894,19.0,30.0,0.0,18.269319430338578,55.04375406709103,10.0,30.0,69.36418033041359,19.967402247251039,50.51733662495443,19.7,30.0,0.0,16.85417772303077,60.141945308002629,12.000000000000002,30.0,0.0,19.97329169436062,0.0,0.0,0.0,16.46489032550765,0.0,0.0,669.1445687122787,680.7384135848885,671.4955536315117,676.4843300481348,662.3319115339848,910.2459343853667,676.2032650895887,739.4839237556109,681.9062036721189,9168.183883051508,81.94277105114624,83.2936847679798,60.0,0.0,60.0,60.0,16.0,16.0,19.0,12.0,19.7,12.0,21.0,10.0,1.0,0.0,1802.6113226248945,0.0,0.0,0.0,0.0,0.0,69.36418033041359,0.0,2044.5082078692424,1226704.9247215454,1590233.1518347923,81.94277105114624,83.31662776761739,0.34015027359564145,0.7685071403298484,0.36028137401965956,83.31662776761739,0.35426478194388757,1590233.1518347923,0.08450545722874252 
 04/04  09:10:00,10.226666666666667,90.66666666666667,3.9716666666666669,94.00000000000002,29.333333333333337,0.0,0.0,0.0,0.0,0.0,0.0,0.0,0.0,0.0,0.0,5670.0,0.0,147.4254810028015,34.59208228971717,88.64105045451191,4.420590388567111,117.65989294488104,0.0,34.592082289717158,47.28999908025225,0.0,0.0,20.414640406903048,-327.70276715914425,20.161163846195288,-66.25613420062504,20.225170785671208,-214.49672137010044,19.96855613130822,64.99471971989078,16.98524971491041,14.271766986208697,18.96166999175424,-130.26402072978883,18.06790966486393,23.357739619896774,18.445386576077455,-72.62867980454266,17.167095246973355,-139.2999541610359,514.5150265047911,756.2815913806256,0.0,0.0,0.0,0.0,0.0,0.0,0.0,0.0,0.0,0.0,0.0,0.0,0.0,0.0,0.0,0.0,0.0,0.0,0.0,0.0,0.0,0.0,0.8881507755174234,0.2711082953349888,181.82162382270225,213.47654859359353,3796.2496839806087,0.1692695037921286,0.025834783851057476,97.1847130203137,114.08844695692898,2016.80689249017,0.8803551146240517,0.16635584176569385,164.05015596955003,192.5722285086313,3411.3771011888254,0.2016858422427508,0.03811145922954473,172.3504816697801,202.48363832569479,3487.675109865162,0.0,0.0,8.81732413175202,10.471557435270089,120.50063094495445,0.0,0.0,64.93041046894692,76.53272378203988,1155.6135549096724,0.0,0.0,274.60476459847566,324.6852975161059,4412.852305851535,0.0,0.0,27.88834214273309,32.88147887301232,496.9092978091325,0.0,0.0,183.93349140525866,218.50551594931987,2466.6891367458126,31.414776293733678,21.546485798171255,232.85334489790464,274.6325603019818,4824.819227262866,0.0,0.0,185.5066901178095,220.74814835091179,2312.209328685899,0.0,20.611880259114636,47.838144281355948,21.999999999999994,30.0,0.0,20.64013245874159,47.77498000692692,15.999999999999999,30.0,0.0,20.60692102567574,47.78716209792006,21.833333333333326,30.0,0.0,20.397485069075978,48.45028463949562,15.999999999999999,30.0,0.0,17.024507358728369,59.31441912283717,11.999999999999997,30.0,0.0,19.143066618005766,53.76081174200852,15.999999999999999,30.0,0.0,18.25488573847125,55.760194946568109,9.999999999999999,30.0,0.0,19.130750074286689,52.95945731478193,11.999999999999997,30.0,0.0,16.89410313098321,60.49236693940135,11.999999999999997,30.0,0.0,19.204000019292594,0.0,0.0,0.0,16.395508398838606,0.0,0.0,664.6543892307401,664.8830825425835,653.5583945966653,663.4511552565962,674.1663676915696,781.5056732646011,710.849365767495,722.2140865672691,700.8607856532074,0.0,81.29393052352016,81.29393052352016,60.0,0.0,60.0,60.0,16.0,16.0,16.0,12.0,12.0,12.0,21.0,10.0,0.0,0.0,0.0,0.0,0.0,0.0,0.0,0.0,0.0,0.0,0.0,0.0,0.0,81.29393052352016,81.29393052352016,0.0,0.0,0.0,81.29393052352016,0.0,0.0,0.0017600000000000003 
 04/04  09:20:00,10.333333333333334,90.33333333333334,4.023333333333333,101.0,35.16666666666667,0.0,0.0,0.0,0.0,0.0,0.0,0.0,0.0,0.0,0.0,1890.0,0.0,163.0943341128234,37.17214102147825,95.25238216563632,4.890423873489364,130.16515248789893,0.0,37.172141021478228,50.81713497308768,0.0,0.0,19.981380172947725,-157.77559578648317,19.894590895397344,-66.92807040660203,19.89142519840451,-102.50622477995921,19.76562489470514,-67.20424872844233,16.97832884673027,12.1900976372815,18.775972245319108,-87.88186642268502,17.97324252740022,20.743811112734876,18.050119933982324,-29.416272658541069,17.16336715111069,-140.35481213945426,456.1702916011301,678.3670972535739,0.0,0.0,0.0,0.0,0.0,0.0,0.0,0.0,0.0,0.0,0.0,0.0,0.0,0.0,0.0,0.0,0.0,0.0,0.0,0.0,0.0,0.0,0.8458915768536954,0.25820866204325268,104.20079529473586,122.16743525285665,1995.7204862372128,0.15444983792980516,0.023572930086966608,31.124710619893287,36.576308444906029,610.6103562718861,0.8480476057733859,0.16025087032754849,144.69882105952449,169.67814296054059,2806.3691245582588,0.1728814266726104,0.032668447972904458,112.02842180852676,131.50398285764065,2164.4929265744647,0.0,0.0,8.138402871864747,9.64628491970888,109.36425198976397,0.0,0.0,58.58702558069582,69.0062708072589,994.3471864617272,0.0,0.0,258.7132957555933,305.4750353031952,4024.6640620767386,0.0,0.0,22.179859464073194,26.16736171423891,359.5084977554776,0.0,0.0,173.68690375254404,205.92994868624244,2295.6416097154649,30.935372139100353,21.21767636426637,151.79350024307667,178.8367548766065,3054.45830776,0.0,0.0,174.51683519302004,207.3117670461881,2120.050213933807,0.0,19.96494253058468,49.73943295938538,22.000000000000008,30.000000000000008,0.0,20.133019759995876,49.180694446527528,16.000000000000005,30.000000000000008,0.0,20.048546511345486,49.437437348503177,22.000000000000008,30.000000000000008,0.0,20.013136045013498,49.5432718351729,16.000000000000005,30.000000000000008,0.0,17.01444572690408,59.7237693125595,12.000000000000004,30.000000000000008,0.0,18.82748831541094,53.87970231183321,16.000000000000005,30.000000000000008,0.0,18.09866157119812,56.24412510907199,10.000000000000002,30.000000000000008,0.0,18.42017027527175,55.17701007516687,12.000000000000004,30.000000000000008,0.0,16.90192134905891,60.69399235166654,12.000000000000004,30.000000000000008,0.0,18.727093046839568,0.0,0.0,0.0,16.341041638438786,0.0,0.0,652.1483180557301,644.9020962860661,647.5699188821884,646.8346425004544,688.2009737035578,716.2400820043804,703.8882827168668,710.8809606043108,709.7813581865578,0.0,81.2939305235202,81.2939305235202,60.000000000000017,0.0,60.000000000000017,60.000000000000017,16.0,16.0,16.0,12.0,12.0,12.0,21.0,10.0,0.0,0.0,0.0,0.0,0.0,0.0,0.0,0.0,0.0,0.0,0.0,0.0,0.0,81.2939305235202,81.2939305235202,0.0,0.0,0.0,81.2939305235202,0.0,0.0,0.00166 
 04/04  09:30:00,10.44,90.0,4.075,108.0,41.0,0.0,0.0,0.0,0.0,0.0,0.0,0.0,0.0,0.0,0.0,2835.0,0.0,180.6447126756341,39.74614514541303,101.84820054998022,5.41667409373325,144.17203864270108,0.0,39.74614514541302,54.33599375799597,0.0,0.0,19.76696318308811,-17.345768839836027,19.712039115161617,-207.35738893758836,19.70687440764155,-162.0580768478886,19.598944314741197,-55.61131498962274,16.97066816055819,9.055258375476813,18.68063431419334,-81.45559185660572,17.893941666754967,-3.1047658000516087,17.848283540469326,-14.792171815535648,17.154166473356047,-154.13997310934969,371.31796974867566,563.5126312780656,0.0,0.0,0.0,0.0,0.0,0.0,0.0,0.0,0.0,0.0,0.0,0.0,0.0,0.0,0.0,0.0,0.0,0.0,0.0,0.0,0.0,0.0,0.7859517668936497,0.23991201675630326,144.4043288277149,169.84972823926214,2681.232831971337,0.1410003714643871,0.02152020321495529,91.23019408174074,107.28263762798709,1701.246046029892,0.7612966752846599,0.1438580263198526,100.1728098172162,117.72814900400209,1869.2675196468065,0.1497606311494048,0.028299438992706859,59.702163012110897,70.17239105596485,1105.5225949700894,0.0,0.0,7.416861279914066,8.799697030038674,97.92251908227621,0.0,0.0,53.93726450312855,63.62129432590777,888.2882430083312,0.0,0.0,235.33929277977297,278.2859439170127,3551.657168306757,0.0,0.0,15.54122759138512,18.372857045776578,238.6526781841389,0.0,0.0,155.06745909330938,184.04860715177163,2015.0601906685643,30.340320542052547,20.80954769688103,144.75288254601697,170.9434097177745,2827.1587186908639,0.0,0.0,154.89405003531818,184.2620366706194,1817.091402361607,0.0,19.724731170595555,50.41958884056662,21.999999999999994,29.99999999999999,0.0,19.79505670085554,50.118381468056679,15.999999999999993,29.99999999999999,0.0,19.770560157793658,50.226409245373,21.999999999999994,29.99999999999999,0.0,19.73396976679649,50.400681570771848,15.999999999999993,29.99999999999999,0.0,17.003884541527353,59.924248250582518,11.999999999999995,29.99999999999999,0.0,18.68025251048765,54.258010307196048,15.999999999999993,29.99999999999999,0.0,17.97061880139639,56.64304791042374,9.999999999999997,29.99999999999999,0.0,18.100341263886695,56.272797021966159,11.999999999999995,29.99999999999999,0.0,16.897668934076017,60.71834850347207,11.999999999999995,29.99999999999999,0.0,18.48231135364987,0.0,0.0,0.0,16.23980214912077,0.0,0.0,638.9560318614626,621.9540307078676,627.9411506860629,641.3086867338727,692.8343048783557,704.7580699966295,693.4536648999243,707.3806107239625,706.3971638886278,0.0,81.29393052352015,81.29393052352015,59.99999999999998,0.0,59.99999999999998,59.99999999999998,16.0,16.0,16.0,12.0,12.0,12.0,21.0,10.0,0.0,0.0,0.0,0.0,0.0,0.0,0.0,0.0,0.0,0.0,0.0,0.0,0.0,81.29393052352015,81.29393052352015,0.0,0.0,0.0,81.29393052352015,0.0,0.0,0.0015600000000000002 
 04/04  09:40:00,10.546666666666667,89.66666666666666,4.126666666666667,121.33333333333333,40.66666666666667,0.0,0.0,0.0,0.0,0.0,0.0,0.0,0.0,0.0,0.0,1890.0,0.0,206.48830282305327,44.12515018959104,113.06925439804913,6.191595137327754,164.79768026086078,0.0,44.12515018959102,60.32242564657746,0.0,0.0,19.568606927782676,-125.10574249492858,19.578795848214889,-82.58526571486169,19.55635224675727,-86.96691454827288,19.47015746144018,-69.43062332000148,16.96224836624518,8.111424859565535,18.60637797386879,-74.74348100335581,17.843543213677937,6.445283721534455,17.68754027080946,-7.866380868925378,17.13732046993869,-152.93308415243843,287.1337246338552,512.0734733313091,0.0,0.0,0.0,0.0,0.0,0.0,0.0,0.0,0.0,0.0,0.0,0.0,0.0,0.0,0.0,0.0,0.0,0.0,0.0,0.0,0.0,0.0,0.7526575582464934,0.2297489494036916,114.35632790165993,134.4237696029569,2041.6531386699504,0.1396265664765643,0.02131052601901165,50.809669038747198,59.76932184420052,914.4715910486796,0.7261270394942256,0.13721221456806993,72.73724372165687,85.47271672338779,1316.8567674276226,0.14208280123679385,0.026848601896597478,45.499881592794647,53.48365924918069,815.0619420809444,0.0,0.0,7.217811007724275,8.556000646842945,93.61210868212588,0.0,0.0,52.715724329901679,62.15136762823266,845.1409302926554,0.0,0.0,227.9708839828544,269.3874663406611,3361.239201915447,0.0,0.0,12.666716657288405,14.973940468160189,185.76267533259932,0.0,0.0,148.2574376403923,175.80939551103098,1889.5028610278612,30.015210211975004,20.586563931395767,98.60843698800182,116.44030294583667,1962.9146009930497,0.0,0.0,147.57898463796006,175.39655709143114,1697.6356716598469,0.0,19.459747210946416,51.20596045042732,22.000000000000008,30.00000000000001,0.0,19.572682091910388,50.80457660656198,16.000000000000008,30.00000000000001,0.0,19.561241918154037,50.87024670359915,22.000000000000008,30.00000000000001,0.0,19.520575679118516,51.05595994241672,16.000000000000008,30.00000000000001,0.0,16.992577194917574,60.07154182749815,12.000000000000004,30.00000000000001,0.0,18.562669652885039,54.59472666371536,16.000000000000008,30.00000000000001,0.0,17.900314015273425,56.85034622939209,10.000000000000004,30.00000000000001,0.0,17.855813503495328,57.11840644842359,12.000000000000004,30.00000000000001,0.0,16.87792493557098,60.73224111707634,12.000000000000004,30.00000000000001,0.0,18.18961538991818,0.0,0.0,0.0,16.232810942630374,0.0,0.0,620.3128781390556,615.009302044467,620.3646353068953,630.9790896183351,693.4646714298669,695.3321756753364,686.0394978035874,702.2870467305277,698.3108408530151,0.0,81.2939305235202,81.2939305235202,60.00000000000002,0.0,60.00000000000002,60.00000000000002,16.0,16.0,16.0,12.0,12.0,12.0,21.0,10.0,0.0,0.0,0.0,0.0,0.0,0.0,0.0,0.0,0.0,0.0,0.0,0.0,0.0,81.2939305235202,81.2939305235202,0.0,0.0,0.0,81.2939305235202,0.0,0.0,0.0014600000000000002 
 04/04  09:50:00,10.653333333333333,89.33333333333333,4.178333333333334,134.66666666666667,40.33333333333333,0.0,0.0,0.0,0.0,0.0,0.0,0.0,0.0,0.0,0.0,1890.0,0.0,233.26365788553486,48.43409284220583,124.11077696413881,6.994454610915987,186.1669525740978,0.0,48.43409284220581,66.21307693412905,0.0,0.0,19.339136562823378,-62.956728030233538,19.49913779899657,-171.64126485231214,19.406573029473188,-208.91994327392968,19.316728569132544,-109.94164896421489,16.95426225415582,6.4456397291361899,18.55864597485232,-73.87010931614259,17.780660712434533,-19.168649863463544,17.576680142992904,-5.0724541434609879,17.13086016159513,-144.82660452256415,400.20940470617918,441.4483530995926,0.0,0.0,0.0,0.0,0.0,0.0,0.0,0.0,0.0,0.0,0.0,0.0,0.0,0.0,0.0,0.0,0.0,0.0,0.0,0.0,0.0,0.0,0.7084618451411973,0.21625819448754497,318.9795667081929,375.1984562782864,5418.530896878356,0.11481322036262715,0.017523385281231254,152.96582389725689,179.6701035837986,2664.5945095311865,0.664514478607402,0.12556962936647815,299.00731394950676,351.6666770888443,5185.838518490618,0.12119319788009084,0.022901208972050416,164.31707815063005,193.36289795326307,2815.632353893031,0.0,0.0,6.698950243030213,7.942650043667509,85.32741115713148,0.0,0.0,51.84997128076587,61.15271545590245,812.7624194171971,0.0,0.0,213.12851679613096,251.9584840530358,3057.706959120605,0.0,0.0,8.695074480508588,10.281740829119635,122.97053293990352,0.0,0.0,137.27697425298619,162.79031910109598,1720.1470276459455,29.53922914775492,20.26010229612821,433.12660857202948,510.57397570814779,7327.354001561842,0.0,0.0,136.052974077883,161.70617614568767,1531.9536803680363,0.0,19.14322914443879,52.224637924977049,22.0,30.0,0.0,19.43548989169348,51.18983970948911,16.0,30.0,0.0,19.3422913414579,51.49586039764182,22.0,30.0,0.0,19.25783955441262,51.854254829452148,16.0,30.0,0.0,16.982768506342226,60.14292874398146,12.0,30.0,0.0,18.48795539218033,54.76604597787553,16.0,30.0,0.0,17.804724176316573,57.105734985917319,10.0,30.0,0.0,17.701173949595466,57.637991371176919,12.0,30.0,0.0,16.87730437153563,60.632584388615779,12.0,30.0,0.0,18.599199493954197,0.0,0.0,0.0,16.217698022237696,0.0,0.0,613.9605463690118,593.9911470764425,594.3173571618919,613.9620074589661,689.156339192067,680.3365471174932,669.5030334227806,695.3689782655094,682.2439267440086,0.0,81.29393052352018,81.29393052352018,60.0,0.0,60.0,60.0,16.0,16.0,16.0,12.0,12.0,12.0,21.0,10.0,0.0,0.0,0.0,0.0,0.0,0.0,0.0,0.0,0.0,0.0,0.0,0.0,0.0,81.29393052352018,81.29393052352018,0.0,0.0,0.0,81.29393052352018,0.0,0.0,0.0014299999999999999 
 04/04  10:00:00,10.76,89.0,4.23,148.0,40.0,0.0,0.0,0.0,0.0,0.0,0.0,0.0,0.0,0.0,0.0,1890.0,0.0,260.88210287258729,52.6749650756764,134.9778725636813,7.822593641322842,208.20908505307933,0.0,52.674965075676379,72.01067079796842,0.0,0.0,19.281014885723594,-121.12692716946094,19.363514941871388,-149.22219462378417,19.221243088802355,-117.97905625162866,19.259221419130875,-116.0351868785167,16.94677858400084,6.126846468331053,18.528466006403876,-76.49366505066883,17.734794588582746,6.63528726799359,17.490042842428019,-3.8931678579110384,17.128691950178039,-130.59684980844987,351.31219665192477,395.27112785410557,0.0,0.0,0.0,0.0,0.0,0.0,0.0,0.0,0.0,0.0,0.0,0.0,0.0,0.0,0.0,0.0,0.0,0.0,0.0,0.0,0.0,0.0,0.6647792160738262,0.2029240586305941,239.23544304938336,281.6424609355098,4007.0963244482256,0.11124719942537861,0.0169791207914192,109.19184579161879,128.6745242204353,1833.5944141118924,0.6511297335653854,0.12304038805090431,225.7072257716432,265.57946759867107,3752.368601339242,0.12037552277018987,0.022746697424450084,127.79259564281537,150.29999949316398,2143.645052523548,0.0,0.0,6.66919158148621,7.906230832084126,83.42073114770261,0.0,0.0,51.66767057957543,60.94311776773341,794.0977066910652,0.0,0.0,207.90849373599168,245.84020836207987,2915.552713672241,0.0,0.0,7.041522461026192,8.327267072661753,96.4753478362532,0.0,0.0,130.73169774485354,155.05525078019748,1611.6157585559129,29.33219545594207,20.11810387924697,312.78150774370615,368.98126002488007,5264.089586402294,0.0,0.0,129.22970301759757,153.6101803370546,1435.5207762244573,0.0,19.129672977200316,52.21619959235916,22.0,30.0,0.0,19.198698389307496,51.85727436991219,16.0,30.0,0.0,19.070992727074136,52.3488904112443,22.0,30.0,0.0,19.188383633925687,52.091378301657488,16.0,30.0,0.0,16.974491651384939,60.17487259576562,12.0,30.0,0.0,18.439958520893684,54.859486858255667,16.0,30.0,0.0,17.748186477904818,57.2310942034175,10.0,30.0,0.0,17.586383407990924,58.013276567191358,12.0,30.0,0.0,16.882628462279173,60.53424253140286,12.0,30.0,0.0,18.477073328100788,0.0,0.0,0.0,16.249103285420696,0.0,0.0,590.9551494210339,555.10668526349,577.2738368407695,610.0442874151377,682.4338779126439,666.7501669670287,652.7745724605381,687.6075853472781,668.468968044335,0.0,81.29393052352018,81.29393052352018,60.0,0.0,60.0,60.0,16.0,16.0,16.0,12.0,12.0,12.0,21.0,10.0,0.0,0.0,0.0,0.0,0.0,0.0,0.0,0.0,0.0,0.0,0.0,0.0,0.0,81.29393052352018,81.29393052352018,0.0,0.0,0.0,81.29393052352018,0.0,0.0,0.0014000000000000003 
 04/04  10:10:00,10.881666666666668,88.33333333333334,4.276666666666667,161.33333333333335,39.66666666666667,0.0,0.0,0.0,0.0,0.0,0.0,0.0,0.0,0.0,0.0,945.0,0.0,289.271604874425,56.84918297022743,145.67416982155059,8.673852359518179,230.8665890297709,0.0,56.8491829702274,77.71714312712247,0.0,0.0,19.207384552540348,-1.7949877292503516,19.306678655030824,-173.45876537771074,19.16718782672421,-124.66247384695225,19.20676620553968,-24.555074618645678,16.939437652544755,5.964621322884227,18.50668645641357,-69.14165177690825,17.70368581846367,-6.109365073863955,17.411645895471265,-2.169759365808602,17.126872197531996,-138.24016413691244,290.4262553037379,378.68595090173405,0.0,0.0,0.0,0.0,0.0,0.0,0.0,0.0,0.0,0.0,0.0,0.0,0.0,0.0,0.0,0.0,0.0,0.0,0.0,0.0,0.0,0.0,0.6239077056143054,0.19044801758678435,219.3482595533573,257.4385250962015,3603.7801888323726,0.10160545377181213,0.015507547889470716,134.1383953274021,157.4384564127108,2198.9668081944025,0.5905648959894081,0.11159578533435531,105.30707481059388,123.62644708040038,1721.1232268769384,0.11486347232429344,0.021705115707538436,35.92217415605293,42.155493893886688,592.2308852367013,0.0,0.0,6.441626922995928,7.6153300519309419,78.93673904079712,0.0,0.0,50.141791378791797,58.98659910611443,755.1666153731976,0.0,0.0,204.49800085251963,241.14292063858049,2804.3967635367537,0.0,0.0,6.053329612072383,7.143486863769991,80.281886687117,0.0,0.0,130.69416791321712,154.55175103186805,1580.4259928219358,29.12435542805747,19.97555241979251,203.69555844539938,239.73874330844738,3440.4089406845848,0.0,0.0,129.07451680065894,152.93161614176007,1422.6098166864409,0.0,19.10223237026714,52.29255902500275,22.0,30.0,0.0,19.10123246307684,52.122774186242107,16.0,30.0,0.0,19.035047781786596,52.36151873770374,22.0,30.0,0.0,19.128581984749979,52.29492103726015,16.0,30.0,0.0,16.966490897103765,60.18106850583932,12.0,30.0,0.0,18.40210333979648,54.92766575946509,16.0,30.0,0.0,17.71127115138036,57.34791515437397,10.0,30.0,0.0,17.480607665115238,58.34846342579899,12.0,30.0,0.0,16.884255175432345,60.47891637263098,12.0,30.0,0.0,18.285192386463995,0.0,0.0,0.0,16.326952688372964,0.0,0.0,590.6982055651145,530.7261110240181,536.5535379201692,611.7965685198586,672.2906697874456,653.5865499473786,647.4411824726166,678.2790072736059,658.9720045087697,0.0,81.29393052352018,81.29393052352018,60.0,0.0,60.0,60.0,16.0,16.0,16.0,12.0,12.0,12.0,21.0,10.0,0.0,0.0,0.0,0.0,0.0,0.0,0.0,0.0,0.0,0.0,0.0,0.0,0.0,81.29393052352018,81.29393052352018,0.0,0.0,0.0,81.29393052352018,0.0,0.0,0.00137 
 04/04  10:20:00,11.003333333333334,87.66666666666667,4.323333333333334,174.66666666666669,39.33333333333333,0.0,0.0,0.0,0.0,0.0,0.0,0.0,0.0,0.0,0.0,945.0,0.0,318.38077583381519,60.957654854373597,156.20199627821359,9.5466899216223,254.09845226524107,0.0,60.957654854373569,83.33373567553545,0.0,0.0,19.039850764355884,-119.10900730047524,19.349424353607657,-8.485352910319279,19.172090048394176,-12.359113532846095,19.118166876881636,-141.54515483233946,16.93385151012612,6.114189495708416,18.49670518588468,-76.00758152715662,17.703995114831995,13.66538301863693,17.351357285718039,-5.855284287575785,17.137200252648584,-115.90988580559588,242.67582000649419,336.511897760136,0.0,0.0,0.0,0.0,0.0,0.0,0.0,0.0,0.0,0.0,0.0,0.0,0.0,0.0,0.0,0.0,0.0,0.0,0.0,0.0,0.0,0.0,0.6215660833457636,0.18973323667453102,93.32729477968937,109.63390306175926,1468.7604234966235,0.11327356373969383,0.017288394954165725,3.8440599692413026,4.510298063079393,64.63777487737835,0.5990862877438266,0.11320602565076092,135.8296305668995,159.4118744507275,2205.10658519195,0.1091562671867713,0.020626656686842643,92.09882731452105,108.14442633882963,1464.0984230260979,0.0,0.0,6.655652198904812,7.868692472864551,79.87535697441403,0.0,0.0,51.88107652086521,61.039046245806449,766.4670404290083,0.0,0.0,203.7029284857057,240.19096467569134,2754.674176679132,0.0,0.0,6.63070441993383,7.827124738470954,85.34222236216412,0.0,0.0,125.22765329660588,148.07851980873407,1490.3105727767798,29.00298186805537,19.892305807994089,133.77497085295804,157.54031919524835,2315.8384872043704,0.0,0.0,125.03705623925768,148.12112168131424,1362.2190295136632,0.0,18.840564401498445,53.17958765010766,22.0,30.0,0.0,19.201830396291539,51.83204604505367,16.0,30.0,0.0,19.113662202686127,52.32191872220453,22.0,30.0,0.0,18.966678654251419,52.74799738175747,16.0,30.0,0.0,16.96183939168353,60.18085118978528,12.0,30.0,0.0,18.379256315881624,54.99657157485275,16.0,30.0,0.0,17.73820995314905,57.207386829481489,10.0,30.0,0.0,17.40494246111153,58.59068622118981,12.0,30.0,0.0,16.910815316428235,60.335020345795999,12.0,30.0,0.0,18.12748683834466,0.0,0.0,0.0,16.38641439010764,0.0,0.0,577.1016789233611,539.7071262942583,605.3197053389808,573.5135445795736,665.2449329078183,649.4881655068676,640.2751850664274,671.2708112765009,651.0776794030461,0.0,81.29393052352018,81.29393052352018,60.0,0.0,60.0,60.0,16.0,16.0,16.0,12.0,12.0,12.0,21.0,10.0,0.0,0.0,0.0,0.0,0.0,0.0,0.0,0.0,0.0,0.0,0.0,0.0,0.0,81.29393052352018,81.29393052352018,0.0,0.0,0.0,81.29393052352018,0.0,0.0,0.0013366666666666664 
 04/04  10:30:00,11.125,87.0,4.37,188.0,39.0,0.0,0.0,0.0,0.0,0.0,0.0,0.0,0.0,0.0,0.0,1890.0,0.0,348.17972519536286,65.00082599296182,166.56249290031685,10.44021007514464,277.88081943958488,0.0,65.0008259929618,88.86105715401078,0.0,0.0,19.054217890624316,4.338590505179127,19.289777318311275,-210.84060506799075,19.055720013003588,-153.8934358994452,19.107192188271953,-64.08045210878754,16.929430217525835,6.1125988960237269,18.49965572803024,-71.12545897867813,17.679658576188986,5.361853687574694,17.30053544721644,-14.103308089489588,17.15340314584335,-92.53309551177654,285.7501572557758,313.7433251180503,0.0,0.0,0.0,0.0,0.0,0.0,0.0,0.0,0.0,0.0,0.0,0.0,0.0,0.0,0.0,0.0,0.0,0.0,0.0,0.0,0.0,0.0,0.571883151736799,0.17456750663516455,196.92718199569516,232.16178615959007,3089.165437913427,0.08990419449616756,0.013721641406618982,124.90044415612069,147.18086827346975,1975.926141546258,0.5569333649039837,0.10524062073015569,187.82058694048266,221.2680380816625,2928.7180463981815,0.10904795059219449,0.02060618869844944,103.28326658048141,121.64031305215586,1619.330146101421,0.0,0.0,6.37778892250569,7.562137729517772,74.91801696687517,0.0,0.0,50.608492793552589,59.716826083655437,734.8505696423077,0.0,0.0,198.44241641502897,234.70370624856157,2622.995145238825,0.0,0.0,9.090130401813753,10.762407851194287,113.61430290314959,0.0,0.0,120.50865920025062,142.91441174196326,1411.7653869716438,28.841816225902009,19.78176695878053,252.13199504829908,297.8591813493076,4028.644027303384,0.0,0.0,124.53848359418896,147.92912438219839,1348.1488910233066,0.0,18.966065869587788,52.675870333097368,22.0,30.0,0.0,19.06078358018081,52.32310276847923,16.0,30.0,0.0,18.926701959829069,52.800320213657339,22.0,30.0,0.0,18.982546017769989,52.7300586471832,16.0,30.0,0.0,16.95905574710933,60.17348845336855,12.0,30.0,0.0,18.37707349772173,54.969173632240487,16.0,30.0,0.0,17.70952204921734,57.284485931103159,10.0,30.0,0.0,17.3431606522121,58.78508238774883,12.0,30.0,0.0,16.943398522830944,60.189164398223457,12.0,30.0,0.0,18.282294883820449,0.0,0.0,0.0,16.477356168695218,0.0,0.0,555.5013980368763,534.5386776483916,552.7032278911617,587.657108020768,659.7372579056209,641.3394564767812,630.4427279678721,664.4542939978672,645.3179308005279,0.0,81.29393052352018,81.29393052352018,60.0,0.0,60.0,60.0,16.0,16.0,16.0,12.0,12.0,12.0,21.0,10.0,0.0,0.0,0.0,0.0,0.0,0.0,0.0,0.0,0.0,0.0,0.0,0.0,0.0,81.29393052352018,81.29393052352018,0.0,0.0,0.0,81.29393052352018,0.0,0.0,0.0013033333333333335 
 04/04  10:40:00,11.246666666666667,86.33333333333334,4.416666666666667,188.33333333333335,44.166666666666667,0.0,0.0,0.0,0.0,0.0,0.0,0.0,0.0,0.0,0.0,945.0,0.0,363.10692528839697,65.39652521589275,167.57647884591328,10.887798547822186,289.7940984025809,0.0,65.39652521589272,89.4020079915966,0.0,0.0,19.012767544458279,-12.054708913196919,19.252145368626274,-172.932850868267,19.07016844278845,-17.713320824483504,19.104563309457089,-22.67294312532988,16.924074868135575,6.28811913092602,18.502062915564115,-71.26964431790316,17.678559632544347,15.393381879634945,17.237789436163458,-15.200471736960253,17.178264221838647,-92.2552856895777,161.2180523734637,286.45213418159576,0.0,0.0,0.0,0.0,0.0,0.0,0.0,0.0,0.0,0.0,0.0,0.0,0.0,0.0,0.0,0.0,0.0,0.0,0.0,0.0,0.0,0.0,0.5514479912502108,0.16832966765879454,126.37041076818507,148.4063656765605,1948.2150579429595,0.09169277603678472,0.013994623937238205,103.87080412604381,121.96453681150716,1606.5964512589722,0.5425161919002179,0.10251628720714629,13.41337335990783,15.748315647138825,216.18664028404138,0.10771265896786209,0.020353866018114523,7.076594494172537,8.308834582587233,111.06555746868718,0.0,0.0,6.409456363765254,7.578239694360102,73.70974337163,0.0,0.0,50.00161703777345,58.83250716483376,713.988248326683,0.0,0.0,196.75452611798694,232.0221224468973,2560.215982105045,0.0,0.0,10.806193598558516,12.763375727596765,130.6824133623509,0.0,0.0,116.32019807065895,137.51578962842496,1345.8741927257548,28.667455199359414,19.662177777338426,75.09418196433095,88.51565859207327,1373.9066150979286,0.0,0.0,122.15491319911213,144.62615794054953,1314.598695012359,0.0,18.94389467709996,52.79587731673793,22.0,30.0,0.0,18.997470982918086,52.48961292192635,16.0,30.0,0.0,19.01654977489989,52.588070785286067,22.0,30.0,0.0,19.000432809466468,52.68486695195102,16.0,30.0,0.0,16.955153920530024,60.15250259770606,12.0,30.0,0.0,18.374688718239285,54.93560180338717,16.0,30.0,0.0,17.72578906262362,57.18363859830611,10.0,30.0,0.0,17.256944037515198,59.04537851434532,12.0,30.0,0.0,16.990883466731345,59.97216699005886,12.0,30.0,0.0,17.871389676089679,0.0,0.0,0.0,16.56681052943399,0.0,0.0,561.1705246723968,512.09712828216,577.5067024399297,584.6527737824262,649.5801265927853,630.5317256276978,617.288520308043,651.8218002273198,635.9157444598387,0.0,81.29393052352018,81.29393052352018,60.0,0.0,60.0,60.0,16.0,16.0,16.0,12.0,12.0,12.0,21.0,10.0,0.0,0.0,0.0,0.0,0.0,0.0,0.0,0.0,0.0,0.0,0.0,0.0,0.0,81.29393052352018,81.29393052352018,0.0,0.0,0.0,81.29393052352018,0.0,0.0,0.0012699999999999999 
 04/04  10:50:00,11.368333333333334,85.66666666666667,4.463333333333333,188.66666666666667,49.33333333333333,0.0,0.0,0.0,0.0,0.0,0.0,0.0,0.0,0.0,0.0,945.0,0.0,378.98974261441426,65.78729858199255,168.57784295724066,11.364040758203516,302.470045512592,0.0,65.7872985819925,89.93622480944163,0.0,0.0,18.96875104703027,-14.736531879722861,19.265375704347116,-108.09660273542932,18.980833383030615,-133.87162962297135,19.11475505594337,-21.754809928155738,16.919654789866429,6.643221045284207,18.510092869496086,-71.01168686163146,17.676154291011863,20.347428037012834,17.191750400064206,-14.404001812706952,17.200433022269946,-77.03874504039595,163.20786757207498,262.5015079391387,0.0,0.0,0.0,0.0,0.0,0.0,0.0,0.0,0.0,0.0,0.0,0.0,0.0,0.0,0.0,0.0,0.0,0.0,0.0,0.0,0.0,0.0,0.5401626705071022,0.16488482005711303,122.32677822067184,143.67637568495216,1848.9192563340633,0.10183418441973746,0.01554245793952037,47.13983322642951,55.34639135342639,721.4242786480487,0.49785523644973275,0.09407695322179383,64.50576162565163,75.77348119223632,973.9057653159431,0.09734154036758287,0.01839409303998164,5.3694249760907069,6.303849052589172,83.51483843750981,0.0,0.0,6.4320920539366919,7.605292692524819,72.3690263749743,0.0,0.0,50.02490228167385,58.86057820219871,702.6817680778062,0.0,0.0,195.15455304464013,230.13275718519714,2495.8728558148197,0.0,0.0,12.302036448772363,14.533406976730925,144.43149803968857,0.0,0.0,112.67688022982097,133.19336198655439,1285.6023946060689,28.589294034034933,19.608569296320263,75.92776834791678,89.49921988625911,1358.6048412038622,0.0,0.0,120.27813778084549,142.3662686824297,1285.2859513304796,0.0,18.913304355503649,52.88735117952075,22.0,30.0,0.0,19.02808809451042,52.42636347652716,16.0,30.0,0.0,18.87943350104522,52.952227627529868,22.0,30.0,0.0,19.031074652258803,52.61014963668191,16.0,30.0,0.0,16.952624799723883,60.1333018701812,12.0,30.0,0.0,18.379828688584185,54.89289002523067,16.0,30.0,0.0,17.73611732093677,57.14400487430245,10.0,30.0,0.0,17.201380191064918,59.20465363179511,12.0,30.0,0.0,17.033129117383507,59.77358757987589,12.0,30.0,0.0,17.871892944890069,0.0,0.0,0.0,16.65221448965967,0.0,0.0,557.8008520981269,515.0047716048512,526.0865291602273,592.1207029181412,641.0682455320033,621.3042187392529,616.2141416646824,641.2545012452061,627.1551517731974,0.0,81.29393052352018,81.29393052352018,60.0,0.0,60.0,60.0,16.0,16.0,16.0,12.0,12.0,12.0,21.0,10.0,0.0,0.0,0.0,0.0,0.0,0.0,0.0,0.0,0.0,0.0,0.0,0.0,0.0,81.29393052352018,81.29393052352018,0.0,0.0,0.0,81.29393052352018,0.0,0.0,0.0012433333333333333 
 04/04  11:00:00,11.49,85.0,4.51,189.0,54.5,0.0,0.0,0.0,0.0,0.0,0.0,0.0,0.0,0.0,0.0,1890.0,0.0,395.7555397775468,66.17324774872052,169.56684560000336,11.866758693799384,315.8506894690981,0.0,66.17324774872047,90.46384658099989,0.0,0.0,18.929840976405349,-13.395105018600816,19.245347365370927,-173.61189853240195,18.964065456741737,-58.648498647824229,19.041877068609329,-129.44756672719223,16.916130305967088,6.983411751809641,18.521613827562086,-69.51366682898993,17.67416688452724,25.819723921933475,17.157819910091939,-12.738413279814126,17.222835317479779,-56.462791587157429,233.4571385941822,241.0551755574411,0.0,0.0,0.0,0.0,0.0,0.0,0.0,0.0,0.0,0.0,0.0,0.0,0.0,0.0,0.0,0.0,0.0,0.0,0.0,0.0,0.0,0.0,0.517877068331043,0.15808213319018406,111.18608081017209,131.00143654637723,1648.2452812087668,0.08764074869168703,0.01337618264525138,89.50250192127877,105.46237926852347,1336.579987186334,0.505021362039095,0.09543109637926969,120.98556598966926,142.62306246313,1796.4867076722499,0.09332200020921551,0.01763454274550557,95.69221558830817,112.80604766728966,1412.8622147468287,0.0,0.0,6.371483243593234,7.555939190985541,70.08438718926331,0.0,0.0,49.52824455238144,58.446441976109507,684.2095441650143,0.0,0.0,191.6797858906158,226.69927615193076,2407.2553656203206,0.0,0.0,13.957303406300204,16.53891592856577,159.44288185196815,0.0,0.0,107.65533596305713,127.6205383008879,1209.9477898537112,28.460145847311887,19.51999029308086,156.30572316772828,184.7192551280096,2450.8584531714998,0.0,0.0,117.31577762441616,139.23695468996693,1241.9188575057443,0.0,18.890348215068494,52.94130898269542,22.0,30.0,0.0,18.976828823580925,52.63284139951024,16.0,30.0,0.0,18.900224867123453,52.96499404826047,22.0,30.0,0.0,18.893482754313376,52.98153452188498,16.0,30.0,0.0,16.95119874568748,60.11979341876226,12.0,30.0,0.0,18.388328357777327,54.84915398794377,16.0,30.0,0.0,17.74546268172932,57.070151774361949,10.0,30.0,0.0,17.166843098072506,59.29956244385881,12.0,30.0,0.0,17.07305903029755,59.59795589584269,12.0,30.0,0.0,18.123679937687596,0.0,0.0,0.0,16.727754554884649,0.0,0.0,535.9541675598514,521.3261689213301,558.1925034172263,553.2410790250854,635.3235876499787,616.622109891432,602.9361151839341,632.1459447932288,618.5061906846119,0.0,81.29393052352018,81.29393052352018,60.0,0.0,60.0,60.0,16.0,16.0,16.0,12.0,12.0,12.0,21.0,10.0,0.0,0.0,0.0,0.0,0.0,0.0,0.0,0.0,0.0,0.0,0.0,0.0,0.0,81.29393052352018,81.29393052352018,0.0,0.0,0.0,81.29393052352018,0.0,0.0,0.0012166666666666667 
 04/04  11:10:00,11.611666666666669,84.16666666666667,4.406666666666666,189.33333333333335,59.66666666666667,0.0,0.0,0.0,0.0,0.0,0.0,0.0,0.0,0.0,0.0,945.0,0.0,413.3307634755538,66.5542757831364,170.54323826141366,12.393746878892039,329.8773279940509,0.0,66.55427578313638,90.98474079159311,0.0,0.0,18.88611880332683,-7.313930645248547,19.236347718143784,-175.44407056837509,18.951909393956993,-15.48528071785131,19.002137019529316,-109.10112348295115,16.913005108748288,7.108776605172636,18.540398029523666,-69.4371415323219,17.67498818197712,27.81814963238412,17.120019694826845,-11.409946214423087,17.253783168697767,-57.37776474211205,204.6163093223904,220.4106936816529,0.0,0.0,0.0,0.0,0.0,0.0,0.0,0.0,0.0,0.0,0.0,0.0,0.0,0.0,0.0,0.0,0.0,0.0,0.0,0.0,0.0,0.0,0.48916679734671217,0.1493183142083981,107.04923200515525,125.77118979736797,1553.8815016333113,0.08078417933918208,0.012329697701340369,96.83159124031296,113.72922284560532,1418.6616912374755,0.4947350758797189,0.09348735371876778,67.69348921591781,79.51351243443955,993.8434125216124,0.09255933802916275,0.017490426687294545,63.390191580334278,74.47941088338725,915.8692976524239,0.0,0.0,6.323387193385932,7.477670241123532,68.02846878489764,0.0,0.0,49.218632572057298,57.91321400799884,670.0103459538625,0.0,0.0,188.61061647574375,222.42371062861509,2328.6793451244886,0.0,0.0,14.708271810708677,17.382936012670169,163.19354128403365,0.0,0.0,103.94393508884231,122.84457173693431,1154.3685723519255,28.174972674624667,19.32439826791816,124.73593402640704,146.95473303583743,1967.91337672543,0.0,0.0,114.68987249632349,135.69491789332637,1204.4505934485113,0.0,18.854192131266659,53.06463701835037,22.0,30.0,0.0,18.951442514716218,52.722481838983409,16.0,30.0,0.0,18.918694948775678,52.93053932686921,22.0,30.0,0.0,18.8426248548917,53.1097757483902,16.0,30.0,0.0,16.949741979939224,60.092382023080528,12.0,30.0,0.0,18.405954225980968,54.75318904574098,16.0,30.0,0.0,17.75813357652372,57.02069163787513,10.0,30.0,0.0,17.120955387041339,59.42993745625601,12.0,30.0,0.0,17.126209231788097,59.37311375361006,12.0,30.0,0.0,18.054028997563184,0.0,0.0,0.0,16.806156775374725,0.0,0.0,530.147446321778,514.80459761489,566.4696541385432,527.6068453591255,624.0627160835771,601.9634417003675,598.1749361268333,620.1975597627734,610.1767533985586,0.0,81.29393052352018,81.29393052352018,60.0,0.0,60.0,60.0,16.0,16.0,16.0,12.0,12.0,12.0,21.0,10.0,0.0,0.0,0.0,0.0,0.0,0.0,0.0,0.0,0.0,0.0,0.0,0.0,0.0,81.29393052352018,81.29393052352018,0.0,0.0,0.0,81.29393052352018,0.0,0.0,0.00119 
 04/04  11:20:00,11.733333333333335,83.33333333333334,4.303333333333334,189.66666666666667,64.83333333333333,0.0,0.0,0.0,0.0,0.0,0.0,0.0,0.0,0.0,0.0,945.0,0.0,431.6425937919583,66.93010192649261,171.50630138402654,12.94282182774975,344.49184411426855,0.0,66.93010192649258,91.49852362272765,0.0,0.0,18.850055415580117,-3.814670321750782,19.24405981123811,-154.87896646123364,18.841922255473305,-158.0297469904126,19.02621541870352,-17.747314907031979,16.91099568328321,7.342703155663827,18.56113667380027,-70.29490926273457,17.674593145886307,31.21944982305922,17.092425831238804,-9.099421177504269,17.278121584622946,-48.20256228836115,226.9340094846284,200.18810973947803,0.0,0.0,0.0,0.0,0.0,0.0,0.0,0.0,0.0,0.0,0.0,0.0,0.0,0.0,0.0,0.0,0.0,0.0,0.0,0.0,0.0,0.0,0.4656288435079327,0.1421333466141431,132.65068739343614,155.87469999482165,1884.7868265863395,0.08073111025885173,0.01232159802485527,85.3194173446991,100.21406970264916,1230.406762853621,0.4562503617704774,0.08621510993395268,113.86734073189234,133.8490525844615,1596.8635191848567,0.09516043892731216,0.017981942352099799,81.50938993380872,95.75001781816617,1169.2822658993844,0.0,0.0,6.299825303900815,7.450416735825685,66.24014027558717,0.0,0.0,49.30399533742998,58.01462564021141,660.9596580987058,0.0,0.0,185.98286104014805,219.33598162766013,2254.4822573748208,0.0,0.0,15.840409807697798,18.724366874576036,171.0126904726703,0.0,0.0,100.66310851873713,118.96051838875879,1101.4131783411174,27.918414583688173,19.148432499100264,163.40718191344784,192.46397256969034,2453.297598872354,0.0,0.0,112.20710584166945,132.73254441717877,1168.0196747446062,0.0,18.828969127447644,53.17774049813329,22.0,30.0,0.0,18.956784696296155,52.705478212641377,16.0,30.0,0.0,18.730853502340577,53.4626853880511,22.0,30.0,0.0,18.916181701497924,52.942684551121967,16.0,30.0,0.0,16.949634328550695,60.074630678964648,12.0,30.0,0.0,18.42380633494821,54.691585426950997,16.0,30.0,0.0,17.76737747185447,56.965242191869538,10.0,30.0,0.0,17.092451651951778,59.50501955622908,12.0,30.0,0.0,17.166411255705005,59.198733607400217,12.0,30.0,0.0,18.153880080392349,0.0,0.0,0.0,16.882832774138355,0.0,0.0,537.3910483917993,518.404333425641,522.3969677590696,565.5050118275613,616.8628745506736,599.7895740981721,588.4521661523802,608.427667416966,599.4124977173708,0.0,81.29393052352018,81.29393052352018,60.0,0.0,60.0,60.0,16.0,16.0,16.0,12.0,12.0,12.0,21.0,10.0,0.0,0.0,0.0,0.0,0.0,0.0,0.0,0.0,0.0,0.0,0.0,0.0,0.0,81.29393052352018,81.29393052352018,0.0,0.0,0.0,81.29393052352018,0.0,0.0,0.0011733333333333334 
 04/04  11:30:00,11.855,82.5,4.2,190.0,70.0,0.0,0.0,0.0,0.0,0.0,0.0,0.0,0.0,0.0,0.0,945.0,0.0,450.6190493083362,67.30027244701931,172.45487217579285,13.511825196422322,359.6367900510286,0.0,67.30027244701927,92.00457478867459,0.0,0.0,18.82074702337409,2.744190757582146,19.24185678321647,-183.2503526188384,18.871148424714666,1.4965696831186506,18.945867167796587,-156.7581898010967,16.91000367776455,7.539769454172159,18.585423742677319,-70.46012309887192,17.67502124321203,34.161552669546839,17.069925574889085,-6.453777038197359,17.302559430962036,-39.8509237118692,226.716038197339,180.49956707373986,0.0,0.0,0.0,0.0,0.0,0.0,0.0,0.0,0.0,0.0,0.0,0.0,0.0,0.0,0.0,0.0,0.0,0.0,0.0,0.0,0.0,0.0,0.4669224400009537,0.14252821733850846,125.96643381209918,148.0404755872984,1755.8281974051768,0.06755474717365083,0.010310553597932057,116.71732039813245,137.11501375976847,1649.2489290586237,0.4817746891123708,0.09103830104164229,197.60237311585048,232.2050422907646,2761.1237090802844,0.0773113489056784,0.014609098432667872,123.16122426475514,144.77237965055387,1698.0039443178339,0.0,0.0,6.251409721530141,7.393735747855184,64.22069249225754,0.0,0.0,49.67305963073721,58.449442700093339,655.9332278195083,0.0,0.0,182.8699499094567,215.67491746343698,2175.6887989915496,0.0,0.0,17.086303134895329,20.200203823691508,179.5855581665568,0.0,0.0,97.14523052268537,114.79673828101496,1046.7422223544734,27.605776933559239,18.93400338378549,205.90451825169738,242.51227386391495,2951.662461862048,0.0,0.0,109.39366189795851,129.3809488252903,1128.5784370944776,0.0,18.813585705766934,53.199500190546569,22.0,30.0,0.0,18.934189903277454,52.76458472071906,16.0,30.0,0.0,18.840155501120856,53.18027022770975,22.0,30.0,0.0,18.757527602405589,53.358187385687298,16.0,30.0,0.0,16.95057334270913,60.05351561255354,12.0,30.0,0.0,18.444915702539153,54.600979522578068,16.0,30.0,0.0,17.776616619047524,56.928567188789248,10.0,30.0,0.0,17.071053243410409,59.57315071162622,12.0,30.0,0.0,17.205356894856249,59.05297022542171,12.0,30.0,0.0,18.184573635154459,0.0,0.0,0.0,16.959230622644318,0.0,0.0,525.5182102308046,513.8768579532623,555.8533702021179,517.2311750849237,609.6388297345421,591.0385962786477,584.426513063723,602.59431285701,597.2493736157816,0.0,81.29393052352018,81.29393052352018,60.0,0.0,60.0,60.0,16.0,16.0,16.0,12.0,12.0,12.0,21.0,10.0,0.0,0.0,0.0,0.0,0.0,0.0,0.0,0.0,0.0,0.0,0.0,0.0,0.0,81.29393052352018,81.29393052352018,0.0,0.0,0.0,81.29393052352018,0.0,0.0,0.0011566666666666668 
 04/04  11:40:00,11.976666666666667,81.66666666666666,4.096666666666667,193.66666666666669,73.66666666666667,0.0,0.0,0.0,0.0,0.0,0.0,0.0,0.0,0.0,0.0,945.0,0.0,518.8927950798411,68.4717358016701,175.45672731834893,15.558984280217932,414.1253829256613,0.0,68.47173580167008,93.60605400868829,0.0,0.0,18.788396103859733,1.9246856680147176,19.277198090593747,-164.23188449788314,18.813304101584568,-96.76029162746636,18.975943759237454,-17.8301312819558,16.91477602496863,7.723100302847996,18.630207403171,-72.92222372287097,17.67852241561026,38.352384367680318,17.052487609760229,-3.4580648388562169,17.327623488838616,-32.32111711509651,200.12763645277756,161.27652325236114,0.0,0.0,0.0,0.0,0.0,0.0,0.0,0.0,0.0,0.0,0.0,0.0,0.0,0.0,0.0,0.0,0.0,0.0,0.0,0.0,0.0,0.0,0.4298306424434435,0.13120593481179594,121.17022372522909,142.4275889316018,1653.2678621488172,0.06644971653990135,0.010141898128800573,105.2571991983252,123.65166337412836,1467.0263577634456,0.43318210340672105,0.08185602861049153,94.26750219811456,110.82054064186268,1280.3633304543637,0.09409210322916041,0.017780064858117986,92.11469681250928,108.24975250490687,1264.8541442156737,0.0,0.0,6.242403297140794,7.383498710614479,62.6957969611601,0.0,0.0,50.00565741960907,58.8391178168039,651.2975373204703,0.0,0.0,180.25084228128109,212.592785972801,2105.7764082480377,0.0,0.0,17.759550892542636,20.998925040138379,181.82107138470264,0.0,0.0,94.23093689849815,111.34729096922307,999.5075027100019,27.311131150299766,18.731914369204234,151.8775306719487,178.9340554041692,2199.4212467984787,0.0,0.0,106.62249394646828,126.07945932232647,1090.4636804186512,0.0,18.788036292429017,53.276606794432669,22.0,30.0,0.0,18.958940239110665,52.668193400100907,16.0,30.0,0.0,18.74912507334771,53.383737246487317,22.0,30.0,0.0,18.850301990134484,53.148885033733289,16.0,30.0,0.0,16.95768626501874,60.01169070112088,12.0,30.0,0.0,18.476399519875796,54.48664481128962,16.0,30.0,0.0,17.79072918766542,56.864803085767949,10.0,30.0,0.0,17.05624740306253,59.61190423984861,12.0,30.0,0.0,17.243547907391656,58.89438619855466,12.0,30.0,0.0,18.1213286632548,0.0,0.0,0.0,17.037377566853743,0.0,0.0,523.7177145692322,511.7151130878039,518.8953859251177,555.2985432837157,603.0117671858927,586.0243882820533,578.0012611024282,595.0294802181818,589.7507389619074,0.0,81.29393052352018,81.29393052352018,60.0,0.0,60.0,60.0,16.0,16.0,16.0,12.0,12.0,12.0,21.0,10.0,0.0,0.0,0.0,0.0,0.0,0.0,0.0,0.0,0.0,0.0,0.0,0.0,0.0,81.29393052352018,81.29393052352018,0.0,0.0,0.0,81.29393052352018,0.0,0.0,0.00114 
 04/04  11:50:00,12.098333333333333,80.83333333333334,3.993333333333333,197.33333333333335,77.33333333333333,0.0,0.0,0.0,0.0,0.0,0.0,0.0,0.0,0.0,0.0,945.0,0.0,544.7677172350777,69.71551919735869,178.64389806399837,16.334836896030873,434.7759442362409,0.0,69.71551919735866,95.30640020772674,0.0,0.0,18.771444636355328,15.111203441507314,19.281819193912363,-214.34622250312806,18.82478142025672,-9.43361183385332,18.93351491597872,-121.45529571241468,16.91891849552475,7.902782081789098,18.670698117818927,-74.73156596483045,17.681379899443678,40.691554719590389,17.03942766580385,-0.3583250312092332,17.353177501270538,-25.208971202573595,213.69069382963245,143.2517085076206,0.0,0.0,0.0,0.0,0.0,0.0,0.0,0.0,0.0,0.0,0.0,0.0,0.0,0.0,0.0,0.0,0.0,0.0,0.0,0.0,0.0,0.0,0.43419948523781906,0.1325395254083697,139.89353631180203,164.4474657560205,1874.8491666779819,0.05554922990906503,0.008478209693080745,132.01649466876243,155.11615641864223,1800.19959213287,0.43636022486148826,0.08245658066165691,140.84062543324803,165.54810226009929,1892.2717786442887,0.07688988020946165,0.014529455821893732,89.86647568446144,105.6511399264403,1196.5752029971296,0.0,0.0,6.192244865391156,7.324576173331797,60.77377479107623,0.0,0.0,50.865679758931339,59.84876257086991,653.6404576376391,0.0,0.0,177.71105567332885,209.606085808814,2036.8444185391293,0.0,0.0,18.51256443491738,21.89173634335973,184.68697923066035,0.0,0.0,91.37727374581508,107.96980714161086,953.8094802356717,27.01385859807968,18.52802372982146,188.45101818640368,221.9867577952806,2622.2891228489777,0.0,0.0,104.21760597962396,123.21013591532614,1057.6738141726742,0.0,18.791257801784718,53.24173303244394,22.0,30.0,0.0,18.929800515657737,52.72730965898018,16.0,30.0,0.0,18.808451567392028,53.26491927131536,22.0,30.0,0.0,18.762106621784839,53.30145580265155,16.0,30.0,0.0,16.96502459899032,59.96998221254523,12.0,30.0,0.0,18.511145095379328,54.35489412456437,16.0,30.0,0.0,17.801821605943919,56.81427528744949,10.0,30.0,0.0,17.047020501920679,59.63597830447487,12.0,30.0,0.0,17.28130823663863,58.74644658951272,12.0,30.0,0.0,18.1920208638288,0.0,0.0,0.0,17.120940613794624,0.0,0.0,517.5562931627842,505.9572788240729,545.0178724537686,512.1115826833374,596.6195473051337,579.2379371512577,572.8683643271319,589.0728134684886,584.7332140394,0.0,81.29393052352018,81.29393052352018,60.0,0.0,60.0,60.0,16.0,16.0,16.0,12.0,12.0,12.0,21.0,10.0,0.0,0.0,0.0,0.0,0.0,0.0,0.0,0.0,0.0,0.0,0.0,0.0,0.0,81.29393052352018,81.29393052352018,0.0,0.0,0.0,81.29393052352018,0.0,0.0,0.0011366666666666665 
 04/04  12:00:00,12.22,80.0,3.89,201.0,81.0,0.0,0.0,0.0,0.0,0.0,0.0,0.0,0.0,0.0,0.0,945.0,0.0,570.9992919851522,70.95144445725431,181.81093225137099,17.12138347494978,455.7111451866273,0.0,70.95144445725428,96.99600373937359,0.0,0.0,18.742074962365608,8.548651094614798,19.318637426017579,-174.59911860603189,18.77906446097062,-78.55145961550488,18.96517866205764,-19.058656936557328,16.92417424531545,8.187489536998271,18.71299107660442,-78.46748179190422,17.689646416043098,46.11046218084448,17.030421654433533,2.977238163872471,17.379636819433139,-17.849089385751996,185.7456230225025,124.63024862486464,0.0,0.0,0.0,0.0,0.0,0.0,0.0,0.0,0.0,0.0,0.0,0.0,0.0,0.0,0.0,0.0,0.0,0.0,0.0,0.0,0.0,0.0,0.39485442366032155,0.12052943335174651,119.27052268930551,140.22904432066918,1563.8263551996477,0.05765062187166936,0.0087989349620985,111.45176948732189,130.94541299809183,1501.75578502375,0.4127163863141533,0.07798873513117034,65.5821848140632,77.11344620778411,859.0505478947908,0.08583138576856658,0.01621908272270721,70.4164708483583,82.76581546870091,932.2434721295798,0.0,0.0,6.21914051469698,7.356770562261454,59.625386187697838,0.0,0.0,51.5596245996145,60.662788906371037,653.6331096959494,0.0,0.0,175.87466879592669,207.442141633687,1980.2373565268784,0.0,0.0,19.01118577226713,22.483493937472944,184.87913052649459,0.0,0.0,88.6423891932328,104.73289849550103,910.3929539894435,26.70044349619917,18.31306138285266,142.7398349869669,168.19420715809293,1999.3656693632455,0.0,0.0,101.5886093983025,120.07622161444307,1023.4268666594337,0.0,18.765412529682128,53.29578201502275,22.0,30.0,0.0,18.970194866705194,52.58682802879291,16.0,30.0,0.0,18.739064839951707,53.381801179399669,22.0,30.0,0.0,18.844635078126257,53.139394352685958,16.0,30.0,0.0,16.973356546221646,59.92503965939061,12.0,30.0,0.0,18.546423678983229,54.22399140028749,16.0,30.0,0.0,17.82246834584024,56.726349453304738,10.0,30.0,0.0,17.04292819807646,59.639306869107858,12.0,30.0,0.0,17.319621374977819,58.592515830968498,12.0,30.0,0.0,18.12658317625137,0.0,0.0,0.0,17.206591036813906,0.0,0.0,512.8682622122136,507.99992931042768,516.767175377025,543.1919009745956,590.4849824943123,573.8582832643717,566.8913970798056,582.9121586457551,578.847543358469,0.0,81.29393052352018,81.29393052352018,60.0,0.0,60.0,60.0,16.0,16.0,16.0,12.0,12.0,12.0,21.0,10.0,0.0,0.0,0.0,0.0,0.0,0.0,0.0,0.0,0.0,0.0,0.0,0.0,0.0,81.29393052352018,81.29393052352018,0.0,0.0,0.0,81.29393052352018,0.0,0.0,0.0011333333333333333 
 04/04  12:10:00,12.315,79.33333333333334,3.91,204.66666666666667,84.66666666666667,0.0,0.0,0.0,0.0,0.0,0.0,0.0,0.0,0.0,0.0,945.0,0.0,597.527899762378,72.17828252495996,184.9546804001213,17.91683634209187,476.88340391374586,0.0,72.17828252495993,98.6731843903535,0.0,0.0,18.73457624207355,26.394016013310649,19.32480400031166,-234.790466321856,18.789125821204949,-6.528980957052227,18.92237646084642,-121.81517808766921,16.930476271854354,8.443140414361324,18.757312361820675,-80.04644347365979,17.695345340144635,47.6399335368169,17.02480357348243,6.423728767015177,17.406654624366344,-10.88486739600512,212.65186271333097,108.29668088853441,0.0,0.0,0.0,0.0,0.0,0.0,0.0,0.0,0.0,0.0,0.0,0.0,0.0,0.0,0.0,0.0,0.0,0.0,0.0,0.0,0.0,0.0,0.40358743626811185,0.12319518811602927,150.72400889403984,177.2114055605652,1951.2381372651033,0.04341624680521683,0.0066264112950575148,143.83242985020463,169.0199175630757,1902.0865693149074,0.40561388743224266,0.07664661516104361,138.45475231410357,162.77840517908786,1794.9698772429065,0.06953865398053469,0.013140335219299825,93.09899734936598,109.47166441160796,1197.7975349027286,0.0,0.0,6.17737253443832,7.307609602486261,58.16185623440149,0.0,0.0,52.33637637500046,61.57257521832258,657.5479805450895,0.0,0.0,173.71273562119536,204.89632955482109,1927.5157085384759,0.0,0.0,19.583031949335333,23.161272756222365,186.7273907536154,0.0,0.0,86.36416355888912,102.03423785678531,877.1503321781484,26.731116834245154,18.33409933761671,204.01888348979754,240.33348057636926,2724.2455832603125,0.0,0.0,99.73953708462234,117.8612160296619,1003.8529912641801,0.0,18.78163562818985,53.22783898784981,22.0,30.0,0.0,18.94016036459743,52.624389555422947,16.0,30.0,0.0,18.789426492852077,53.29311536299992,22.0,30.0,0.0,18.75349023510715,53.262802204076169,16.0,30.0,0.0,16.982509331650424,59.87604572499233,12.0,30.0,0.0,18.585116217560768,54.07730885807278,16.0,30.0,0.0,17.835780482682,56.66210173631221,10.0,30.0,0.0,17.043195437640266,59.62541959121474,12.0,30.0,0.0,17.35814575813078,58.43747291662474,12.0,30.0,0.0,18.22635108081747,0.0,0.0,0.0,17.298138019491789,0.0,0.0,512.6753833266024,500.5687724047607,534.5610668136187,505.6175583925226,584.4889190734405,567.5700595729599,561.7690645925828,577.2155775405182,573.468559524162,0.0,81.29393052352018,81.29393052352018,60.0,0.0,60.0,60.0,16.0,16.0,16.0,12.0,12.0,12.0,21.0,10.0,0.0,0.0,0.0,0.0,0.0,0.0,0.0,0.0,0.0,0.0,0.0,0.0,0.0,81.29393052352018,81.29393052352018,0.0,0.0,0.0,81.29393052352018,0.0,0.0,0.00113 
 04/04  12:20:00,12.41,78.66666666666667,3.93,208.33333333333335,88.33333333333334,0.0,0.0,0.0,0.0,0.0,0.0,0.0,0.0,0.0,0.0,945.0,0.0,624.2937034887369,73.39453648683504,188.07130666186925,18.719401300800344,498.24496496366819,0.0,73.394536486835,100.33589576623163,0.0,0.0,18.708853296149674,17.04461297875787,19.369520212017045,-184.26451157899556,18.749376400571366,-66.98470323263655,18.954878639755785,-18.43464530721394,16.938066336839499,8.831983410395396,18.803131437718386,-84.27814260872424,17.707867367274504,53.92093166133964,17.022581659126339,10.059139596262753,17.43475973057859,-3.6330777485982255,182.47427210582374,90.75398788359735,0.0,0.0,0.0,0.0,0.0,0.0,0.0,0.0,0.0,0.0,0.0,0.0,0.0,0.0,0.0,0.0,0.0,0.0,0.0,0.0,0.0,0.0,0.3540656448226986,0.10807864616077491,126.24322092311725,148.45258963844109,1604.289429099128,0.046094673440327898,0.007035206569036614,119.3072153670877,140.1827748540469,1567.9023206706884,0.3882446700008993,0.07336445011354864,59.89709232189754,70.44085768362659,760.7217921062276,0.08022199273468953,0.015159106714793935,64.57637065902256,75.91401427945758,829.4271129382653,0.0,0.0,6.249472327356697,7.393119973381211,57.7809979762697,0.0,0.0,53.060964657776327,62.42094092095143,660.6105753472555,0.0,0.0,172.3147150359155,203.24246799227275,1888.1843589932985,0.0,0.0,19.998324899953823,23.653638164505705,187.0585636198936,0.0,0.0,83.73321303299746,98.91896758151651,841.0439029764391,26.750372940763829,18.34730654373377,144.40886755164653,170.17872170132996,1958.5567226934625,0.0,0.0,97.22883936218904,114.8661737405485,977.4434422643083,0.0,18.756027024785646,53.25872807706128,22.0,30.0,0.0,18.99400884425104,52.450364267664188,16.0,30.0,0.0,18.72852357155138,53.368671373014098,22.0,30.0,0.0,18.835820359909105,53.125982405035838,16.0,30.0,0.0,16.992946126286449,59.821277004396169,12.0,30.0,0.0,18.62354278217146,53.93134292816264,16.0,30.0,0.0,17.861893376038226,56.5539211022551,10.0,30.0,0.0,17.047596184696848,59.59432986213853,12.0,30.0,0.0,17.39762600177791,58.27703232049339,12.0,30.0,0.0,18.137636785308055,0.0,0.0,0.0,17.388545315069007,0.0,0.0,506.42550578756637,504.6660246773593,513.2620564486268,532.529149025679,578.6253739841006,562.3140804682812,557.0383836368418,571.3635723710768,567.800573440779,0.0,81.29393052352018,81.29393052352018,60.0,0.0,60.0,60.0,16.0,16.0,16.0,12.0,12.0,12.0,21.0,10.0,0.0,0.0,0.0,0.0,0.0,0.0,0.0,0.0,0.0,0.0,0.0,0.0,0.0,81.29393052352018,81.29393052352018,0.0,0.0,0.0,81.29393052352018,0.0,0.0,0.0011333333333333333 
 04/04  12:30:00,12.504999999999999,78.0,3.95,212.0,92.0,0.0,0.0,0.0,0.0,0.0,0.0,0.0,0.0,0.0,0.0,945.0,0.0,651.2374791631614,74.59841079686329,191.15620996094439,19.527302537409196,519.7485621745709,0.0,74.59841079686326,101.98168321947492,0.0,0.0,18.710474837500116,38.24384778187232,19.3766479573125,-256.86858584768927,18.75859186770156,-4.104034256576597,18.91591558893453,-118.54662817479175,16.946887643170489,9.106851550771268,18.85257835875926,-85.69585732339329,17.716109674959485,54.69347333467249,17.023397852701938,13.667865710619708,17.463606366170823,2.856603119810643,212.32155198596502,76.17930546027265,0.0,0.0,0.0,0.0,0.0,0.0,0.0,0.0,0.0,0.0,0.0,0.0,0.0,0.0,0.0,0.0,0.0,0.0,0.0,0.0,0.0,0.0,0.36936912890215597,0.11275003934742246,161.77988927547697,190.23412462523295,2033.440336349718,0.027440092374679895,0.004188048286733806,155.90637505136503,183.22228028359948,2008.5156490132434,0.37755783981090609,0.07134501886071546,142.43800225189436,167.494066139869,1787.430707789535,0.06371149811848076,0.012039209772955544,93.59971606893329,110.07747933475733,1168.10372468824,0.0,0.0,6.193150573676852,7.326680569510006,56.22358586125485,0.0,0.0,53.756179487193659,63.233659268236667,663.6268700840516,0.0,0.0,170.30074895914385,200.87014777487833,1838.9059692668548,0.0,0.0,20.440712500952519,24.177818619694678,187.62870337251725,0.0,0.0,81.88173366082626,96.72487843930466,813.2970553590982,26.791668053443716,18.375629666285133,216.61389915810569,255.1873909870587,2791.794024668826,0.0,0.0,95.75018383778606,113.08958667208866,962.4015734498196,0.0,18.78521323724859,53.157261693849857,22.0,30.0,0.0,18.95945333508155,52.48179144330306,16.0,30.0,0.0,18.772448527590759,53.297373616483117,22.0,30.0,0.0,18.749768836030005,53.19844641871624,16.0,30.0,0.0,17.00448787413024,59.762262181474,12.0,30.0,0.0,18.666540019847078,53.769946659647477,16.0,30.0,0.0,17.87703815745713,56.47605517831538,10.0,30.0,0.0,17.055500309422134,59.54816487025916,12.0,30.0,0.0,17.437270778737309,58.11510973932506,12.0,30.0,0.0,18.24786368909676,0.0,0.0,0.0,17.483962723696988,0.0,0.0,508.4297492898693,496.08609492099466,524.8805327493278,500.4571815686057,573.0947207039177,557.1232500230575,551.7252090976099,565.8582372673783,562.6454941512918,0.0,81.29393052352018,81.29393052352018,60.0,0.0,60.0,60.0,16.0,16.0,16.0,12.0,12.0,12.0,21.0,10.0,0.0,0.0,0.0,0.0,0.0,0.0,0.0,0.0,0.0,0.0,0.0,0.0,0.0,81.29393052352018,81.29393052352018,0.0,0.0,0.0,81.29393052352018,0.0,0.0,0.0011366666666666665 
 04/04  12:40:00,12.6,77.33333333333334,3.9699999999999999,212.33333333333335,97.33333333333333,0.0,0.0,0.0,0.0,0.0,0.0,0.0,0.0,0.0,0.0,945.0,0.0,674.7798951371923,74.92040590011797,191.98133052130994,20.23321332386532,538.537545036746,0.0,74.92040590011793,102.4218749376036,0.0,0.0,18.686768404169148,24.64171116079433,19.428180423676524,-195.63438847644103,18.725700435631233,-54.781384758337029,18.948847255909635,-17.64861900484175,16.956847420236508,9.551245331431005,18.902042967252496,-90.54105759254844,17.732523147840376,61.72137785598079,17.026728146965757,17.419595308855038,17.492829046534959,9.456081101386645,176.95613818059793,60.01058800717419,0.0,0.0,0.0,0.0,0.0,0.0,0.0,0.0,0.0,0.0,0.0,0.0,0.0,0.0,0.0,0.0,0.0,0.0,0.0,0.0,0.0,0.0,0.30844297862041938,0.0941523133761964,131.4008385571166,154.53867964110754,1619.7414010093547,0.03311502891391993,0.005054186342173372,125.27475589487621,147.1997427358345,1606.3249074897838,0.37101415511305665,0.0701084949193229,50.99913282739711,59.986018848348887,628.2134712596347,0.07562086858491024,0.014289657706899134,55.60944436001944,65.38283373137972,692.8330850854281,0.0,0.0,6.288992901952613,7.440229198807897,56.05606728180351,0.0,0.0,54.508867243830817,64.11418177787499,667.0753455159593,0.0,0.0,169.15277882339024,199.50802787950375,1804.7362094223273,0.0,0.0,20.787230137808515,24.58836781167007,187.31156594077215,0.0,0.0,79.26761563394399,93.63017519388481,778.5325842662048,26.817468036404443,18.39332512784942,140.72654648475544,165.86042650190624,1855.5143647194159,0.0,0.0,93.20843212435887,110.06002031918217,936.0976017265866,0.0,18.757664016423854,53.17553318625778,22.0,30.0,0.0,19.02463524287944,52.28110841973703,16.0,30.0,0.0,18.722501151438676,53.336002270104369,22.0,30.0,0.0,18.831418145351859,53.07860527570995,16.0,30.0,0.0,17.017248648197805,59.696312154702869,12.0,30.0,0.0,18.70835160843499,53.6077314384788,16.0,30.0,0.0,17.90798193097501,56.350777754689357,10.0,30.0,0.0,17.066584618782306,59.4900882833986,12.0,30.0,0.0,17.477280455555467,57.951519654043298,12.0,30.0,0.0,18.143030164688093,0.0,0.0,0.0,17.576198665107705,0.0,0.0,501.11465074447616,501.0412900349241,510.0203485085683,522.4696026504101,567.5897630406794,551.9730783740237,547.8388688459894,560.7685531082801,557.7481596864485,0.0,81.29393052352018,81.29393052352018,60.0,0.0,60.0,60.0,16.0,16.0,16.0,12.0,12.0,12.0,21.0,10.0,0.0,0.0,0.0,0.0,0.0,0.0,0.0,0.0,0.0,0.0,0.0,0.0,0.0,81.29393052352018,81.29393052352018,0.0,0.0,0.0,81.29393052352018,0.0,0.0,0.00114 
 04/04  12:50:00,12.695,76.66666666666667,3.99,212.66666666666667,102.66666666666666,0.0,0.0,0.0,0.0,0.0,0.0,0.0,0.0,0.0,0.0,945.0,0.0,698.3477512622339,75.23248348075509,192.78103691091068,20.93988676222979,557.3468296849762,0.0,75.23248348075505,102.84850865041955,0.0,0.0,18.6963490949331,49.38061854484204,19.433911391055696,-280.2291014368793,18.734108172072497,-1.333180116413132,18.911687991277704,-115.6440661415013,16.967936727799555,9.830835621179574,18.95482654646284,-91.78993482349915,17.7429910953732,61.650393153799999,17.032348273034559,21.03164478863357,17.522441759476537,15.414068415330349,211.16644185335645,47.36057753709065,0.0,0.0,0.0,0.0,0.0,0.0,0.0,0.0,0.0,0.0,0.0,0.0,0.0,0.0,0.0,0.0,0.0,0.0,0.0,0.0,0.0,0.0,0.335545679635724,0.1024254211342259,171.3127719505179,201.46314291497,2092.01610534452,0.005950614747535286,0.0009082134840560571,166.39264686080794,195.55813317967373,2088.3702189054549,0.3526332531830867,0.06663515744200431,148.48802619928476,174.63976003377906,1803.2866133832886,0.05890431226332471,0.011130822423152814,93.10998458894456,109.5177615032692,1126.5703815317893,0.0,0.0,6.216276188490453,7.35434019700127,54.39358421395337,0.0,0.0,55.16348380470596,64.8781080831038,669.6901292527429,0.0,0.0,167.31161395572352,197.33894776909049,1758.7759286810602,0.0,0.0,21.11696895861967,24.978902411555337,186.83287936780045,0.0,0.0,77.86858848702603,91.97119479986908,756.1228886400008,26.86945053670751,18.428978420238356,226.56493557481609,266.929322823246,2821.2327375296169,0.0,0.0,92.13293155897653,108.76124421593933,925.2806688206102,0.0,18.797998108707657,53.04549626405471,22.0,30.0,0.0,18.98369242242723,52.30924182235084,16.0,30.0,0.0,18.761010163646284,53.264699186577917,22.0,30.0,0.0,18.748848736728289,53.11103274434434,16.0,30.0,0.0,17.030929581676383,59.627064568833727,12.0,30.0,0.0,18.75495136298978,53.43388912857455,16.0,30.0,0.0,17.92439049341556,56.261883720253958,10.0,30.0,0.0,17.080150745342129,59.417872595597227,12.0,30.0,0.0,17.517120328125203,57.78511886003586,12.0,30.0,0.0,18.268685231567493,0.0,0.0,0.0,17.67246633257675,0.0,0.0,504.13336330905789,492.108667237229,515.7658516716526,495.9455105046551,562.5010985791321,547.5639761707457,542.7215362125693,555.5747096517449,552.823881477032,0.0,81.29393052352018,81.29393052352018,60.0,0.0,60.0,60.0,16.0,16.0,16.0,12.0,12.0,12.0,21.0,10.0,0.0,0.0,0.0,0.0,0.0,0.0,0.0,0.0,0.0,0.0,0.0,0.0,0.0,81.29393052352018,81.29393052352018,0.0,0.0,0.0,81.29393052352018,0.0,0.0,0.0011566666666666668 
 04/04  13:00:00,12.79,76.0,4.01,213.0,108.0,0.0,0.0,0.0,0.0,0.0,0.0,0.0,0.0,0.0,0.0,945.0,0.0,721.8595772935762,75.53243095955247,193.54965939510016,21.6448799918329,576.1113954215928,0.0,75.53243095955243,103.25855959437988,0.0,0.0,18.67571843182531,33.63429092460774,19.486656050245956,-216.76450120493338,18.729817453973113,-10.135141284386009,18.94712862658683,-10.925465055797475,16.980425692063663,10.299971009058453,19.007975953737917,-97.18578313991293,17.76250123639028,69.0744671875218,17.040204522401905,24.72621479596728,17.552408304126059,21.102772733158419,152.26385012929632,32.90900448007869,0.0,0.0,0.0,0.0,0.0,0.0,0.0,0.0,0.0,0.0,0.0,0.0,0.0,0.0,0.0,0.0,0.0,0.0,0.0,0.0,0.0,0.0,0.29552606361001229,0.09020942112637738,143.5929043848587,168.89435270335094,1718.9673876555838,0.017661391332017479,0.002695572547621715,138.2797365236041,162.49021188559346,1727.286164733608,0.3281873413041703,0.06201574854576161,63.92099417629154,75.18352694674086,766.8107628586914,0.07286556719797924,0.013769003627736058,7.66748310643034,9.016476033307445,93.41621324906915,0.0,0.0,6.326006647469554,7.484268118049369,54.33999894752974,0.0,0.0,55.972862116487657,65.82441526063468,673.8575698592754,0.0,0.0,166.31466461228895,196.15291381435245,1727.9860004448149,0.0,0.0,21.36992971175124,25.278404882673365,185.68396697679055,0.0,0.0,75.31455467185929,88.94838445148231,722.9158862649733,26.88940652433977,18.44266565455403,110.23596679109105,129.9688920413935,1450.9801265582167,0.0,0.0,89.58524409409152,105.72778946906893,898.8014168083488,0.0,18.77121669441353,53.03735937124596,22.0,30.0,0.0,19.0492450900258,52.124748601157779,16.0,30.0,0.0,18.765270026285504,53.18093744682356,22.0,30.0,0.0,18.833717450391665,52.88445277247262,16.0,30.0,0.0,17.04609058134858,59.548909056478688,12.0,30.0,0.0,18.799871153915409,53.256300386381777,16.0,30.0,0.0,17.95868488943424,56.12420334925977,10.0,30.0,0.0,17.096185816902869,59.33873507156362,12.0,30.0,0.0,17.556803235509937,57.62092901413134,12.0,30.0,0.0,18.084682794260819,0.0,0.0,0.0,17.763757652253689,0.0,0.0,496.20707972390405,497.8133561340782,508.3499595631471,503.50821844960867,557.402535170952,542.6731129980306,539.4113790593121,551.067353765986,548.4631928764164,0.0,81.29393052352018,81.29393052352018,60.0,0.0,60.0,60.0,16.0,16.0,16.0,12.0,12.0,12.0,21.0,10.0,0.0,0.0,0.0,0.0,0.0,0.0,0.0,0.0,0.0,0.0,0.0,0.0,0.0,81.29393052352018,81.29393052352018,0.0,0.0,0.0,81.29393052352018,0.0,0.0,0.0011733333333333334 
 04/04  13:10:00,12.828333333333334,75.66666666666667,4.076666666666667,213.33333333333335,113.33333333333333,0.0,0.0,0.0,0.0,0.0,0.0,0.0,0.0,0.0,0.0,945.0,0.0,745.2367525004963,75.81779199246297,194.28090360856513,22.345835593618735,594.7684957191963,0.0,75.81779199246295,103.64866976094506,0.0,0.0,18.684277493414837,54.3699997164249,19.49262106932809,-300.52384994009938,18.72579469426652,-4.596672591781044,18.920360650146998,-100.70038204646744,16.99404769103215,10.637932712685967,19.062738684864678,-98.65093259960418,17.775946979666796,68.80610425485429,17.049463306813999,28.265379296775337,17.582247592472137,26.551112958779414,206.2902696132087,22.095632697020848,0.0,0.0,0.0,0.0,0.0,0.0,0.0,0.0,0.0,0.0,0.0,0.0,0.0,0.0,0.0,0.0,0.0,0.0,0.0,0.0,0.0,0.0,0.28009270021125695,0.08549838223786842,166.730992018848,196.0951442807661,1993.5357973716046,0.0,0.0,162.46707555217885,190.95270506656605,2003.9405140419186,0.3395890390251702,0.06417026436605637,77.96913544325803,91.7106051424962,929.473970941109,0.05970216641415352,0.011281588513634448,72.30985654741126,85.05637518549945,859.1250935982722,0.0,0.0,6.282357397473212,7.432598996351379,53.68361592894945,0.0,0.0,56.54609817453531,66.49085173284051,681.8632874384749,0.0,0.0,165.05628002509517,194.66668729378737,1708.612677461677,0.0,0.0,21.661481593007794,25.623070806493595,187.31547765197144,0.0,0.0,74.37201334057746,87.82795067698558,713.9596730210025,27.154935752920378,18.624784467023586,201.5054791945329,237.44656496183436,2479.521111722918,0.0,0.0,88.9834131865956,104.98889195811812,902.4826172215317,0.0,18.80495734684501,52.94664912652068,22.0,30.0,0.0,19.008628281069539,52.14507126382356,16.0,30.0,0.0,18.77058531891295,53.110814625629767,22.0,30.0,0.0,18.77164041315416,52.95964256711716,16.0,30.0,0.0,17.06215507198637,59.46682422371982,12.0,30.0,0.0,18.8487226141427,53.074590215332928,16.0,30.0,0.0,17.978063975402116,56.01498153793414,10.0,30.0,0.0,17.1138486847655,59.245558355444888,12.0,30.0,0.0,17.59617472583869,57.45192164286818,12.0,30.0,0.0,18.257041581840615,0.0,0.0,0.0,17.858024085018557,0.0,0.0,500.5802845579173,492.7306881554654,505.8021543186236,496.17413677863189,552.7216961042108,538.9940232000655,534.3565722736693,546.2753574688281,543.9183468178514,0.0,81.29393052352018,81.29393052352018,60.0,0.0,60.0,60.0,16.0,16.0,16.0,12.0,12.0,12.0,21.0,10.0,0.0,0.0,0.0,0.0,0.0,0.0,0.0,0.0,0.0,0.0,0.0,0.0,0.0,81.29393052352018,81.29393052352018,0.0,0.0,0.0,81.29393052352018,0.0,0.0,0.00119 
 04/04  13:20:00,12.866666666666668,75.33333333333334,4.1433333333333339,213.66666666666669,118.66666666666667,0.0,0.0,0.0,0.0,0.0,0.0,0.0,0.0,0.0,0.0,945.0,0.0,768.4044207702054,76.08586326020857,194.9678423292375,23.04050902911313,613.258388555593,0.0,76.08586326020853,104.01514350771049,0.0,0.0,18.667699243101603,41.49073247983597,19.544998058864338,-237.55778892329909,18.716750293139968,-8.582195780830716,18.95410616981777,-9.751609627546629,17.008949283590824,11.110235704295093,19.11741030194471,-103.9508572325226,17.79680529919073,75.12756429391357,17.06047261071332,31.844942533243967,17.612023724730549,31.303024714989534,159.38827861373103,9.934380462163972,0.0,0.0,0.0,0.0,0.0,0.0,0.0,0.0,0.0,0.0,0.0,0.0,0.0,0.0,0.0,0.0,0.0,0.0,0.0,0.0,0.0,0.0,0.27955100127950519,0.08533302847359743,149.55665266577459,175.92187427696849,1770.6456457518046,0.005714650819479559,0.0008721994535225212,144.98702084505875,170.37770290274498,1795.8494689870527,0.3166193235365387,0.05982980414522653,65.5517483395093,77.11053362177018,776.0116367213102,0.06723573031489572,0.01270516445859707,6.822669600329094,8.023482866355608,82.3248735114351,0.0,0.0,6.388723270421667,7.558385981829071,54.32197453299325,0.0,0.0,57.408529520776337,67.49787493791874,693.1556806967439,0.0,0.0,164.1579682427937,193.59409339963495,1697.908493605318,0.0,0.0,21.884557630384884,25.88655587201753,188.4090973356093,0.0,0.0,72.00807175937763,85.0294887190162,691.233917920888,27.343965222431068,18.754434308937637,116.49343718474562,137.3550683157521,1504.7414903481668,0.0,0.0,86.6995104036816,102.26889969947112,887.7037992958128,0.0,18.78279952029022,52.914611299472529,22.0,30.0,0.0,19.073797600829118,51.93878180302845,16.0,30.0,0.0,18.764390480611636,53.10198200925213,22.0,30.0,0.0,18.849992287652755,52.750860362287017,16.0,30.0,0.0,17.079457761757558,59.37542661268795,12.0,30.0,0.0,18.895541925773214,52.88330698851753,16.0,30.0,0.0,18.012493320696384,55.879058737339708,10.0,30.0,0.0,17.133258429933954,59.15006266152877,12.0,30.0,0.0,17.63469864969748,57.2882606331092,12.0,30.0,0.0,18.10120193775318,0.0,0.0,0.0,17.94596141648724,0.0,0.0,495.8716113874772,491.53131506205889,503.5473662952877,501.6821144427013,547.977442104759,534.3078493509923,531.8844561549646,542.2503216324293,539.9469499747467,0.0,81.29393052352018,81.29393052352018,60.0,0.0,60.0,60.0,16.0,16.0,16.0,12.0,12.0,12.0,21.0,10.0,0.0,0.0,0.0,0.0,0.0,0.0,0.0,0.0,0.0,0.0,0.0,0.0,0.0,81.29393052352018,81.29393052352018,0.0,0.0,0.0,81.29393052352018,0.0,0.0,0.00121 
 04/04  13:30:00,12.905,75.0,4.21,214.0,124.0,0.0,0.0,0.0,0.0,0.0,0.0,0.0,0.0,0.0,0.0,945.0,0.0,791.2922704428308,76.33368743103955,195.60289744614878,23.726792023421998,631.5249587920687,0.0,76.33368743103952,104.353937937965,0.0,0.0,18.67906118206865,60.97357090449077,19.556542127191457,-313.1841327039547,18.712770013155269,0.20003757252288779,18.9173875333273,-110.39151749312259,17.02499112630757,11.431863080728164,19.17443428267032,-105.8255244700913,17.81226523915635,75.02401771733821,17.07296282636524,35.20048398219865,17.64200424175845,36.10651100215364,213.93526876278885,0.7505562827873291,0.0,0.0,0.0,0.0,0.0,0.0,0.0,0.0,0.0,0.0,0.0,0.0,0.0,0.0,0.0,0.0,0.0,0.0,0.0,0.0,0.0,0.0,0.25700285618615228,0.07845020030102329,169.74151055755577,199.65031740839084,2007.7787798103289,0.0,0.0,166.2013803201442,195.3422059830556,2035.8483593335025,0.3329141646257931,0.06290895023163137,88.35579366442349,103.94041208584152,1038.776593741487,0.05591403353900744,0.010565765974869128,82.41566392610844,96.95670908429692,965.7877104833598,0.0,0.0,6.350967610979013,7.51363798052729,53.74396891551684,0.0,0.0,57.98589232898253,68.16844505940243,701.4458332680683,0.0,0.0,163.19343618469956,192.45341080708929,1682.3801255490312,0.0,0.0,22.136441142166129,26.184050036505434,189.78747690288254,0.0,0.0,71.28748163407899,84.17201629129697,684.2597461967203,27.61486142341143,18.94023417243583,215.01477986692263,253.3761954400058,2603.932127581826,0.0,0.0,86.29107394039514,101.76159202684463,891.8685462095045,0.0,18.818247859769916,52.79743184628981,22.0,30.0,0.0,19.042771334927609,51.924575443632,16.0,30.0,0.0,18.76815768018366,53.03695524958086,22.0,30.0,0.0,18.767139035250545,52.86025903007436,16.0,30.0,0.0,17.09771261277807,59.2820165722927,12.0,30.0,0.0,18.946042794387844,52.69714183816841,16.0,30.0,0.0,18.033976931883737,55.75676820937434,10.0,30.0,0.0,17.153922009009869,59.03943714503055,12.0,30.0,0.0,17.673045767884948,57.11871041416659,12.0,30.0,0.0,18.27782281155817,0.0,0.0,0.0,18.033928803166437,0.0,0.0,494.088697290567,487.6416628491479,503.1787938159642,490.5623550960101,543.729220048827,531.1618336707594,527.7821460198162,537.729749769578,535.7253335526722,0.0,81.29393052352018,81.29393052352018,60.0,0.0,60.0,60.0,16.0,16.0,16.0,12.0,12.0,12.0,21.0,10.0,0.0,0.0,0.0,0.0,0.0,0.0,0.0,0.0,0.0,0.0,0.0,0.0,0.0,81.29393052352018,81.29393052352018,0.0,0.0,0.0,81.29393052352018,0.0,0.0,0.0012300000000000002 
 04/04  13:40:00,12.943333333333334,74.66666666666666,4.276666666666666,211.0,126.5,0.0,0.0,0.0,0.0,0.0,0.0,0.0,0.0,0.0,0.0,945.0,0.0,798.3701631468816,75.50286535005719,193.4739436084316,23.93901613049738,637.1737161935793,0.0,75.50286535005715,103.21814116469042,0.0,0.0,18.668283342628514,50.20492388841649,19.60437175945229,-255.04124365157714,18.70334005285695,-4.791453604305843,18.949624900910668,-8.79449011332565,17.040896580255866,11.892987082916136,19.22499423030475,-110.78689121311254,17.834923749692544,80.9738926728105,17.086356056557049,38.46715649133364,17.671020062767778,39.83775694440874,166.1747438445509,-9.039792614053568,0.0,0.0,0.0,0.0,0.0,0.0,0.0,0.0,0.0,0.0,0.0,0.0,0.0,0.0,0.0,0.0,0.0,0.0,0.0,0.0,0.0,0.0,0.25829251658454385,0.07884386953130154,157.2758947240699,185.0105362283588,1844.1768916398874,0.0,0.0,153.65882812212502,180.56893774727136,1889.4680883481563,0.31036667427112377,0.05864827556143686,74.88711225504977,88.10380746479767,873.780408149444,0.06770130055812805,0.01279314069503553,7.210147696179393,8.480263975976312,85.8028768208524,0.0,0.0,6.450323765099449,7.631115273001489,54.32113699963438,0.0,0.0,58.85582238225127,69.18426766859939,712.7355154758467,0.0,0.0,162.56845798676467,191.7029857020809,1674.8951833215145,0.0,0.0,22.32045962749942,26.401132791125119,190.60883885593794,0.0,0.0,69.29043749171541,81.80800621413035,664.8148453399349,27.8087806519048,19.0732377585081,124.70075711175712,147.03916875702425,1578.2130408450524,0.0,0.0,84.33239647525022,99.42957364469328,878.6636570728034,0.0,18.80391756848261,52.73524219801459,22.0,30.0,0.0,19.105818145733989,51.74944617807596,16.0,30.0,0.0,18.759575640296455,53.01448160959579,22.0,30.0,0.0,18.84637660307384,52.657309429691839,16.0,30.0,0.0,17.11576225925045,59.18435297380255,12.0,30.0,0.0,18.99157178237339,52.506251863221567,16.0,30.0,0.0,18.06949920137672,55.60960222248114,10.0,30.0,0.0,17.17549816767831,58.93428678368656,12.0,30.0,0.0,17.709775733578728,56.96048259350326,12.0,30.0,0.0,18.121228815025288,0.0,0.0,0.0,18.11517920158443,0.0,0.0,490.42402064907545,490.14974378508188,496.97410911851196,495.89418314597858,539.5571072031409,527.2960528063268,524.1690438199553,534.2676154146117,532.3938583296409,0.0,81.29393052352018,81.29393052352018,60.0,0.0,60.0,60.0,16.0,16.0,16.0,12.0,12.0,12.0,21.0,10.0,0.0,0.0,0.0,0.0,0.0,0.0,0.0,0.0,0.0,0.0,0.0,0.0,0.0,81.29393052352018,81.29393052352018,0.0,0.0,0.0,81.29393052352018,0.0,0.0,0.00125 
 04/04  13:50:00,12.981666666666666,74.33333333333334,4.343333333333334,208.0,129.0,0.0,0.0,0.0,0.0,0.0,0.0,0.0,0.0,0.0,0.0,945.0,0.0,804.6982860649507,74.65151242084096,191.2923792939046,24.128758590152367,642.2240885202424,0.0,74.65151242084092,102.05427716533893,0.0,0.0,18.684968608703607,69.79915886159052,19.602855110879707,-336.36542250812547,18.69994303242908,4.443197188174963,18.92072687620972,-97.45451094442933,17.057115591715218,12.210040924871237,19.2748052015001,-112.03996933632107,17.851925172836613,80.64484219323913,17.100543266256378,41.45783293047748,17.699892997066639,44.04446031741918,216.14810166670578,-16.03502589588652,0.0,0.0,0.0,0.0,0.0,0.0,0.0,0.0,0.0,0.0,0.0,0.0,0.0,0.0,0.0,0.0,0.0,0.0,0.0,0.0,0.0,0.0,0.2687732284300343,0.082043110021378,181.7729748750939,213.80590603337644,2132.193479273252,0.0,0.0,179.05355535132146,210.45971413164438,2172.2246818758928,0.3043662133696012,0.05751440161935021,137.6021139349684,161.8958961471235,1592.970162451281,0.054200675576428849,0.010242002187533793,73.94481002562323,86.99709631017815,857.355607838974,0.0,0.0,6.409498798461299,7.582755601608453,53.71210061624182,0.0,0.0,59.35854149438767,69.76781431637612,719.7007778805166,0.0,0.0,161.79111894174799,190.78268613819217,1661.6795597991409,0.0,0.0,22.503154701808684,26.61666942127884,191.42505205141627,0.0,0.0,68.85947754753197,81.29346562167057,660.359653685509,28.080424029056855,19.259550088516368,218.92759186856848,258.012457205671,2615.642609894926,0.0,0.0,84.18380970085564,99.23317769622575,883.5484120944046,0.0,18.84589348457178,52.61831399583299,22.0,30.0,0.0,19.060305730008698,51.770013600307347,16.0,30.0,0.0,18.76331222717954,52.91679894635899,22.0,30.0,0.0,18.781197467657657,52.722239351139567,16.0,30.0,0.0,17.13355238790445,59.088188755015327,12.0,30.0,0.0,19.03800078516609,52.329246580363058,16.0,30.0,0.0,18.091915950276339,55.48148577658017,10.0,30.0,0.0,17.1974922935462,58.81512327151817,12.0,30.0,0.0,17.74616827913465,56.79438883053244,12.0,30.0,0.0,18.28268329552064,0.0,0.0,0.0,18.192856139896628,0.0,0.0,492.1048794963157,484.93932186717907,494.5484082539471,487.86282130565487,535.555152487282,523.6733372187965,520.8664834654923,530.5409025795362,528.6938387797168,0.0,81.29393052352018,81.29393052352018,60.0,0.0,60.0,60.0,16.0,16.0,16.0,12.0,12.0,12.0,21.0,10.0,0.0,0.0,0.0,0.0,0.0,0.0,0.0,0.0,0.0,0.0,0.0,0.0,0.0,81.29393052352018,81.29393052352018,0.0,0.0,0.0,81.29393052352018,0.0,0.0,0.0012633333333333336 
 04/04  14:00:00,13.02,74.0,4.41,205.0,131.5,0.0,0.0,0.0,0.0,0.0,0.0,0.0,0.0,0.0,0.0,945.0,0.0,810.2614736287754,73.77793810952154,189.05387256694307,24.295564665292166,646.6639722401865,0.0,73.77793810952152,100.86003485194381,0.0,0.0,18.669203763862435,51.69602716526424,19.65334530884573,-259.78923894420589,18.693283794131955,2.2982794069157537,18.95150141658665,-8.014168314921335,17.073974818833677,12.69531050009536,19.32177062939747,-116.5408754719947,17.875836146502125,86.30006511421925,17.115552393486199,44.392144080985989,17.727813458992399,46.680729795972187,164.62554294137954,-23.165388864053968,0.0,0.0,0.0,0.0,0.0,0.0,0.0,0.0,0.0,0.0,0.0,0.0,0.0,0.0,0.0,0.0,0.0,0.0,0.0,0.0,0.0,0.0,0.2319174528814318,0.07079287328493035,155.26746910628109,182.66055290831,1800.899856164593,0.0,0.0,152.1217974704633,178.76551807491726,1856.1008994251584,0.3116479514583674,0.058890391432042239,91.25163124820353,107.36915849072585,1049.8852896858696,0.06437511884761554,0.012164610515422435,6.4449641419997729,7.580935018413434,75.86462133095539,0.0,0.0,6.531239766208082,7.726714890646192,54.46786188460413,0.0,0.0,59.97245794928736,70.48327994149683,727.5176640562711,0.0,0.0,161.63029936219108,190.5793931763216,1659.1506570748448,0.0,0.0,22.73092457617468,26.885427919505316,192.63575705728435,0.0,0.0,67.19127003228495,79.31897794851311,643.7667451135917,28.288020804859437,19.401934708408399,122.67328676522523,144.67057428577076,1536.7595723446144,0.0,0.0,82.59002042494497,97.33692046465633,871.7301622886042,0.0,18.817659033388819,52.59264774959013,22.0,30.0,0.0,19.13485326859104,51.56570344068564,16.0,30.0,0.0,18.758789591909318,52.92244527037986,22.0,30.0,0.0,18.855129985128394,52.535185903424878,16.0,30.0,0.0,17.15179358403204,58.9851709188585,12.0,30.0,0.0,19.080054976394213,52.14791011665037,16.0,30.0,0.0,18.127935826148648,55.33387985093029,10.0,30.0,0.0,17.220032330919357,58.700097842725657,12.0,30.0,0.0,17.78042781955389,56.63925747196491,12.0,30.0,0.0,18.11311261011966,0.0,0.0,0.0,18.26191135783204,0.0,0.0,487.4139670599646,486.19576319137408,493.76074182717408,492.25225939387289,531.6592164471418,520.3624009082422,518.1464494698231,526.8415610011314,525.0968427866039,0.0,81.29393052352018,81.29393052352018,60.0,0.0,60.0,60.0,16.0,16.0,16.0,12.0,12.0,12.0,21.0,10.0,0.0,0.0,0.0,0.0,0.0,0.0,0.0,0.0,0.0,0.0,0.0,0.0,0.0,81.29393052352018,81.29393052352018,0.0,0.0,0.0,81.29393052352018,0.0,0.0,0.0012766666666666667 
 04/04  14:10:00,13.04,73.83333333333334,4.388333333333334,202.0,134.0,0.0,0.0,0.0,0.0,0.0,0.0,0.0,0.0,0.0,0.0,945.0,0.0,815.0476196139219,72.88034248867698,186.75381118048169,24.439071352131437,650.4837054553118,0.0,72.88034248867693,99.63295358725809,0.0,0.0,18.69084141657083,76.49060367407856,19.64525040621599,-356.2154401575999,18.69124525597769,9.50044326247098,18.916229832379594,-102.67679752862796,17.09128162833816,12.865248787953732,19.369425247893397,-117.12929010538619,17.891847892944875,84.37705528244533,17.130865434398296,46.68576953577349,17.755652714540827,50.13949534226413,219.67695472486958,-27.98284297411419,0.0,0.0,0.0,0.0,0.0,0.0,0.0,0.0,0.0,0.0,0.0,0.0,0.0,0.0,0.0,0.0,0.0,0.0,0.0,0.0,0.0,0.0,0.2590712316551896,0.07908157254431918,186.72079018314219,219.62888703864739,2176.2433629374656,0.0,0.0,184.75371174728228,217.1683086163599,2226.153609577228,0.304713147863527,0.05757995991374284,149.37627920977836,175.76455889177823,1711.6158434396865,0.05361087968054023,0.010130551715899512,78.10587245311995,91.90283599970168,895.9015077376658,0.0,0.0,6.434509880798418,7.612006846908825,53.63660167724305,0.0,0.0,60.378233453639868,70.95129144427622,735.2658736469175,0.0,0.0,160.6875107827015,189.46181417363966,1648.8992229403405,0.0,0.0,22.802931180194759,26.969336692365617,193.32491568015534,0.0,0.0,67.18923750465618,79.30957171105578,645.5730784154084,28.238814775277125,19.368185716925333,228.6766435562849,269.51046151603176,2699.114591771112,0.0,0.0,82.75737317129361,97.5149295639305,880.786583256744,0.0,18.867341804310557,52.454844358038439,22.0,30.0,0.0,19.077305657364695,51.580033534355397,16.0,30.0,0.0,18.763186138956223,52.81892356891903,22.0,30.0,0.0,18.77720965989307,52.60068408581501,16.0,30.0,0.0,17.17007424554654,58.882484946679287,12.0,30.0,0.0,19.124325924735908,51.97724257191035,16.0,30.0,0.0,18.14638306414649,55.21422973545018,10.0,30.0,0.0,17.241996937223175,58.575018877010027,12.0,30.0,0.0,17.81446116652596,56.47763508222212,12.0,30.0,0.0,18.29925433176121,0.0,0.0,0.0,18.327036285139827,0.0,0.0,487.9134785128546,480.0855827455632,490.91162309051898,482.7799077686692,528.1037370100273,517.4250284085538,514.759668033938,523.374449275742,521.8174087513979,0.0,81.29393052352018,81.29393052352018,60.0,0.0,60.0,60.0,16.0,16.0,16.0,12.0,12.0,12.0,21.0,10.0,0.0,0.0,0.0,0.0,0.0,0.0,0.0,0.0,0.0,0.0,0.0,0.0,0.0,81.29393052352018,81.29393052352018,0.0,0.0,0.0,81.29393052352018,0.0,0.0,0.00129 
 04/04  14:20:00,13.060000000000003,73.66666666666667,4.366666666666667,199.0,136.5,0.0,0.0,0.0,0.0,0.0,0.0,0.0,0.0,0.0,0.0,945.0,0.0,819.0479929284034,71.95681299743808,184.38729427410218,24.559016848969518,653.6763199288997,0.0,71.95681299743804,98.37041875557334,0.0,0.0,18.67252388046218,53.25542942642005,19.700491623887925,-261.5129323863339,18.68640327056518,7.981991120227576,18.946145618629765,-7.404904488444259,17.109375085418927,13.25870697818587,19.4141263377148,-122.05068387029405,17.916746656086599,90.42073047969552,17.14664880107059,49.015843403020998,17.782058053806105,51.27610722147756,161.30394421268739,-33.4456331220631,0.0,0.0,0.0,0.0,0.0,0.0,0.0,0.0,0.0,0.0,0.0,0.0,0.0,0.0,0.0,0.0,0.0,0.0,0.0,0.0,0.0,0.0,0.22517468573705733,0.0687346415558783,153.32590381707528,180.38117772075095,1770.000180559283,0.0,0.0,150.706254089123,177.0945070267194,1835.845440019947,0.32270590497050996,0.06097995180848641,100.59383467553589,118.36787990443969,1149.5346911519249,0.06869380954123132,0.01298068963364159,6.988970647383169,8.221507518767952,81.63643922213069,0.0,0.0,6.552763717387221,7.7516100544068629,54.60765137966053,0.0,0.0,60.97231425800133,71.64201460575923,744.7703374182124,0.0,0.0,160.4469187620553,189.15942050953056,1651.4786521401709,0.0,0.0,22.97127362526958,27.1671174912707,194.83367626122485,0.0,0.0,65.37197186358005,77.15841039282303,629.4970562511469,28.11919917874282,19.2861448413874,121.42401897719351,143.20487082293483,1511.2275664314516,0.0,0.0,80.8841021558643,95.29155182474477,866.8500456175395,0.0,18.83051713570761,52.41579473832398,22.0,30.0,0.0,19.16533720347076,51.373913962254849,16.0,30.0,0.0,18.760921017394915,52.81956003963827,22.0,30.0,0.0,18.8509190375872,52.42299558588365,16.0,30.0,0.0,17.18915248466323,58.77162036668071,12.0,30.0,0.0,19.163705122064536,51.79961165683814,16.0,30.0,0.0,18.18264733744557,55.06381703599352,10.0,30.0,0.0,17.26400522030021,58.458963933132128,12.0,30.0,0.0,17.845455642539187,56.33146626963361,12.0,30.0,0.0,18.115899235147926,0.0,0.0,0.0,18.38510083542988,0.0,0.0,482.44048436411239,483.7507637352754,489.32134931684637,487.08396014913037,524.5813719462955,514.173366699956,512.1263628020993,520.3101189474776,518.7870308634362,0.0,81.29393052352018,81.29393052352018,60.0,0.0,60.0,60.0,16.0,16.0,16.0,12.0,12.0,12.0,21.0,10.0,0.0,0.0,0.0,0.0,0.0,0.0,0.0,0.0,0.0,0.0,0.0,0.0,0.0,81.29393052352018,81.29393052352018,0.0,0.0,0.0,81.29393052352018,0.0,0.0,0.0013066666666666668 
 04/04  14:30:00,13.08,73.5,4.345000000000001,196.0,139.0,0.0,0.0,0.0,0.0,0.0,0.0,0.0,0.0,0.0,0.0,945.0,0.0,822.2577554210652,71.00531317406224,181.94910350201486,24.65525608242098,656.2379543429443,0.0,71.00531317406221,97.06964635929355,0.0,0.0,18.70065905056546,83.2801997306533,19.685467862679933,-374.55475408373698,18.683518129665438,11.290802433035424,18.916153791507165,-94.49833959555963,17.12788407420745,13.319442960115225,19.459247206055335,-122.07853024057431,17.931976517854176,87.41898583236434,17.162397053890236,50.774982002608798,17.808493299494537,54.35630827164732,218.4972404344262,-36.869081645562349,0.0,0.0,0.0,0.0,0.0,0.0,0.0,0.0,0.0,0.0,0.0,0.0,0.0,0.0,0.0,0.0,0.0,0.0,0.0,0.0,0.0,0.0,0.25739698521340578,0.07857050830690042,192.53658278120785,226.46507638442527,2237.6418681840725,0.0,0.0,191.3685383734949,224.94412809388309,2297.296632660106,0.31354047230987006,0.059248010640565038,149.62929432547723,176.07522170503746,1702.3457362556365,0.05699470966006457,0.010769975370382568,72.14355406991202,84.89058319919099,822.8097186715385,0.0,0.0,6.425412773413537,7.600670085955692,53.53243211401869,0.0,0.0,61.33608695815509,72.06094740888982,751.8339107552457,0.0,0.0,159.58360533581124,188.13795728875977,1641.1451081245369,0.0,0.0,22.997806139068449,27.197322714474397,195.10005477312166,0.0,0.0,65.79923136304162,77.65657883062112,635.0623520539405,28.06834673107522,19.25126661939316,229.45367601006778,270.4341294053997,2690.131896294089,0.0,0.0,81.4705815709494,95.9666945109648,878.8167595176582,0.0,18.891308517626656,52.280524294675327,22.0,30.0,0.0,19.09502224246427,51.424974349189337,16.0,30.0,0.0,18.76199964947054,52.69119345680572,22.0,30.0,0.0,18.783921825378209,52.483105829631409,16.0,30.0,0.0,17.208266895140075,58.66333147083528,12.0,30.0,0.0,19.205895507369623,51.636456585544639,16.0,30.0,0.0,18.198298213093638,54.94371053087826,10.0,30.0,0.0,17.285129381344868,58.33445361296027,12.0,30.0,0.0,17.876894212116349,56.177345650087307,12.0,30.0,0.0,18.30943351470205,0.0,0.0,0.0,18.440905767151425,0.0,0.0,485.1724548825405,477.0780526406096,485.6212228814336,479.7596659322802,521.3284063224261,511.4395144799607,508.89218951399,517.1225185386655,515.6998266867544,0.0,81.29393052352018,81.29393052352018,60.0,0.0,60.0,60.0,16.0,16.0,16.0,12.0,12.0,12.0,21.0,10.0,0.0,0.0,0.0,0.0,0.0,0.0,0.0,0.0,0.0,0.0,0.0,0.0,0.0,81.29393052352018,81.29393052352018,0.0,0.0,0.0,81.29393052352018,0.0,0.0,0.0013233333333333338 
 04/04  14:40:00,13.100000000000002,73.33333333333333,4.323333333333334,186.16666666666669,148.16666666666669,0.0,0.0,0.0,0.0,0.0,0.0,0.0,0.0,0.0,0.0,945.0,0.0,824.6907953302468,68.33260997592589,175.1004015436869,24.728202133197877,658.1796562613865,0.0,68.33260997592585,93.41585845710569,0.0,0.0,18.679396181473309,54.25407975666076,19.745155526800457,-264.65422340997795,18.68153628985567,14.867583146444304,18.94308508888964,-6.779964138332076,17.147189694848146,13.698348568916913,19.5027335352913,-127.41677864951089,17.957772376997686,94.01239730328143,17.17781018027381,52.79606134039,17.832260435150248,54.52522549213836,157.19381318223896,-40.996533823156827,0.0,0.0,0.0,0.0,0.0,0.0,0.0,0.0,0.0,0.0,0.0,0.0,0.0,0.0,0.0,0.0,0.0,0.0,0.0,0.0,0.0,0.0,0.2175533062522794,0.06640821314172144,151.56234432460006,178.30834041449814,1742.0095635870926,0.0,0.0,149.36945334666499,175.51765741974757,1816.0757623510299,0.3388634580702865,0.06403315534207986,111.73186837524517,131.48024597306358,1268.5792733261506,0.07051281123641559,0.013324416333411861,6.752706574218398,7.944004295929616,78.41395603482681,0.0,0.0,6.5706268248573569,7.7721360253926259,54.739563207162088,0.0,0.0,61.899570725973998,72.71599500767469,760.8439088160732,0.0,0.0,159.575717610905,188.10921977061285,1646.3583372555837,0.0,0.0,23.17961348035376,27.41111189245852,196.6752940154846,0.0,0.0,63.884123370741807,75.39139124687353,617.490462468096,27.952531914427948,19.17183258877089,120.24998305322527,141.82954959605747,1486.007090842525,0.0,0.0,79.49781165589185,93.63010227968334,862.0703514243812,0.0,18.845607851208496,52.267469983871198,22.0,30.0,0.0,19.19401167128285,51.178223801807067,16.0,30.0,0.0,18.764990547928826,52.70785775734731,22.0,30.0,0.0,18.853264640668916,52.319230274538288,16.0,30.0,0.0,17.228270517114468,58.54467811772716,12.0,30.0,0.0,19.243618213983088,51.45789812933763,16.0,30.0,0.0,18.235436890345974,54.797609985713169,10.0,30.0,0.0,17.306060997157045,58.22045638088249,12.0,30.0,0.0,17.904384799669196,56.040418422455157,12.0,30.0,0.0,18.116375336136174,0.0,0.0,0.0,18.49025093904852,0.0,0.0,479.2182186053783,479.6982139211631,486.22271028786209,483.56805346465276,518.0512181688097,508.3376023770508,506.88698748552499,514.2024203906634,512.7817388559639,0.0,81.29393052352018,81.29393052352018,60.0,0.0,60.0,60.0,16.0,16.0,16.0,12.0,12.0,12.0,21.0,10.0,0.0,0.0,0.0,0.0,0.0,0.0,0.0,0.0,0.0,0.0,0.0,0.0,0.0,81.29393052352018,81.29393052352018,0.0,0.0,0.0,81.29393052352018,0.0,0.0,0.0013399999999999999 
 04/04  14:50:00,13.120000000000001,73.16666666666667,4.301666666666667,176.33333333333335,157.33333333333332,0.0,0.0,0.0,0.0,0.0,0.0,0.0,0.0,0.0,0.0,945.0,0.0,825.8569858280605,65.59152103973782,168.0764618749326,24.76316191710005,659.1102947696709,0.0,65.59152103973777,89.66858206635321,0.0,0.0,18.712472820182577,88.5818677102252,19.726261017955684,-390.9690870103823,18.677868915907749,14.329088707306255,18.910464925832238,-91.06999607755734,17.16675702841615,13.672794139818337,19.547368403910668,-127.07804662559602,17.972267768743476,89.9082338395292,17.192522564749333,54.16373949232195,17.856006786663494,57.8806247113921,218.00127444200553,-43.00745099835467,0.0,0.0,0.0,0.0,0.0,0.0,0.0,0.0,0.0,0.0,0.0,0.0,0.0,0.0,0.0,0.0,0.0,0.0,0.0,0.0,0.0,0.0,0.2560464547958975,0.0781582584847062,196.3808674377148,230.98319901743836,2275.5655242299496,0.0,0.0,195.88817143051083,230.25639947971059,2343.6968595692217,0.32205585350477197,0.060857115174749069,153.52895126214774,180.6741682386016,1735.098239120286,0.05938255400959241,0.011221193123505743,69.98784320940783,82.35893311900664,792.9300010528284,0.0,0.0,6.417903130432929,7.591180199783248,53.46269530501639,0.0,0.0,62.203744306664287,73.06470070301694,767.2196645295401,0.0,0.0,159.03991170329904,187.47576363067757,1638.5734675001816,0.0,0.0,23.17096049185503,27.399892142049177,196.56702255309188,0.0,0.0,64.94965731694569,76.64362945424523,628.8614009450979,27.90120212418264,19.136626971318689,231.95053180746573,273.38115994924729,2700.596221036175,0.0,0.0,80.71675636396881,95.05344502253664,879.2569216829433,0.0,18.914541611568049,52.09911720080489,22.0,30.0,0.0,19.115112541249436,51.241498519534,16.0,30.0,0.0,18.764016011613547,52.58450579259622,22.0,30.0,0.0,18.785569571687206,52.36307019662355,16.0,30.0,0.0,17.24812409102944,58.431572969744539,12.0,30.0,0.0,19.285651513921356,51.2991283529772,16.0,30.0,0.0,18.248482440112328,54.683867752430419,10.0,30.0,0.0,17.325516777395625,58.09570438127284,12.0,30.0,0.0,17.933008784637285,55.89228483601585,12.0,30.0,0.0,18.322787639965737,0.0,0.0,0.0,18.53558950923247,0.0,0.0,480.98333113066249,473.1633808849975,482.04148122102665,475.9139618606301,515.1185742829332,506.0618703758466,503.68311489080517,511.16064490515938,509.91716054727245,0.0,81.29393052352018,81.29393052352018,60.0,0.0,60.0,60.0,16.0,16.0,16.0,12.0,12.0,12.0,21.0,10.0,0.0,0.0,0.0,0.0,0.0,0.0,0.0,0.0,0.0,0.0,0.0,0.0,0.0,81.29393052352018,81.29393052352018,0.0,0.0,0.0,81.29393052352018,0.0,0.0,0.0013900000000000002 
 04/04  15:00:00,13.14,73.0,4.28,166.5,166.5,0.0,0.0,0.0,0.0,0.0,0.0,0.0,0.0,0.0,0.0,945.0,0.0,825.6335097442096,62.78047092474215,160.87324737602885,24.756452805238497,658.9318506210201,0.0,62.78047092474211,85.8256634400812,0.0,0.0,18.686971785976323,53.504481018283517,19.788731387275683,-267.68402497338959,18.67810445000805,21.206173431157369,18.93380196824868,-6.2514975998929,17.186992717902869,14.022002173158683,19.58840351032291,-132.84191867456185,17.9987429061016,96.89838762185991,17.207101837053874,55.846153832764,17.87733703322148,57.22417863606506,156.03709619084203,-45.42746450219602,0.0,0.0,0.0,0.0,0.0,0.0,0.0,0.0,0.0,0.0,0.0,0.0,0.0,0.0,0.0,0.0,0.0,0.0,0.0,0.0,0.0,0.0,0.20872290324960167,0.06371272992967084,153.23965975318803,180.2862303615242,1752.5775141332525,0.0,0.0,148.3200867047893,174.27738014141935,1800.2592890228348,0.350573121012347,0.06624586564859167,120.0412601991753,141.26446285865939,1354.6014974903577,0.0737897374404147,0.013943638972111617,7.06023607266273,8.306423571669914,81.37129114345575,0.0,0.0,6.582608046023054,7.785672268276572,54.8404500919041,0.0,0.0,62.80507905202206,73.76442538134907,776.5664758310182,0.0,0.0,159.3402015826326,187.81019763264463,1647.101934832215,0.0,0.0,23.367399821517709,27.631121800548305,198.18658740312109,0.0,0.0,63.09347791339506,74.4492059241222,611.3713173057324,27.7870046730872,19.05830224491578,122.54997820299171,144.54501563032856,1499.0982811786569,0.0,0.0,78.79444004717324,92.7808962919633,860.9339613050472,0.0,18.857623856209377,52.1106005873244,22.0,30.0,0.0,19.22407330287123,50.99007821145211,16.0,30.0,0.0,18.770925103457487,52.582067422990309,22.0,30.0,0.0,18.84984181673517,52.220436816519669,16.0,30.0,0.0,17.26877494250754,58.30862391063339,12.0,30.0,0.0,19.321719584493775,51.124646703816328,16.0,30.0,0.0,18.286098042463747,54.53274434806985,10.0,30.0,0.0,17.34471616317625,57.98848294676498,12.0,30.0,0.0,17.957133164952226,55.76795835165095,12.0,30.0,0.0,18.128782457953887,0.0,0.0,0.0,18.572805991039386,0.0,0.0,475.2253172819244,477.0186673744501,481.92938738736617,479.54807908897217,512.1152837248778,503.0782951301864,501.66278614892146,508.63588582156009,507.35483896991516,0.0,81.29393052352018,81.29393052352018,60.0,0.0,60.0,60.0,16.0,16.0,16.0,12.0,12.0,12.0,21.0,10.0,0.0,0.0,0.0,0.0,0.0,0.0,0.0,0.0,0.0,0.0,0.0,0.0,0.0,81.29393052352018,81.29393052352018,0.0,0.0,0.0,81.29393052352018,0.0,0.0,0.0014399999999999999 
 04/04  15:10:00,13.16,72.5,4.235,156.66666666666667,175.66666666666667,0.0,0.0,0.0,0.0,0.0,0.0,0.0,0.0,0.0,0.0,9460.0,0.0,886.8306096543454,59.89757486098013,153.48592829903786,26.591406834406017,707.7724815623931,0.0,59.8975748609801,81.88452595486267,0.0,0.0,19.87202404856616,-753.8379115699069,20.031430311029874,464.0618422055635,20.16216621324172,-2077.261038586638,19.236566551266,899.5474770281095,17.21031374004695,19.214570799428559,19.645807130848714,-114.81834700187308,18.103133233770007,240.1252088474684,17.220145079070585,64.12800664464503,17.899486141282084,88.2994156439459,435.18546050949728,-29.072194435952999,0.0,0.0,0.0,0.0,0.0,0.0,0.0,0.0,0.0,0.0,0.0,0.0,0.0,0.0,0.0,0.0,0.0,0.0,0.0,0.0,0.0,0.0,0.33016227340209688,0.1007821347381248,353.6540640074041,415.1352035723281,5368.185990028873,0.16599826838313729,0.025335511047487374,300.87553350880128,354.5089766128758,3923.700907156418,0.08600114464656642,0.016251161119910517,482.60801799641248,565.7105045765445,7679.695977843276,0.18928763498038493,0.035768638507253387,354.1534343551113,417.48886884614736,4515.870052756975,0.0,0.0,7.989125621712887,9.49600718514364,66.53332668728985,0.0,0.0,60.478581742026559,71.40511994834012,749.0525767823538,0.0,0.0,189.91996219061577,224.8087008442047,2030.4406042642953,0.0,0.0,25.503762332792915,30.30877552852978,215.9770522907259,0.0,0.0,80.87901526714012,95.88016991898366,784.7238715166485,29.031870633466537,19.912119776040155,647.1255759367812,763.9137414649423,8057.411257061502,0.0,0.0,97.85656636763796,115.75835094163257,1075.0726546505526,1993.8596746456897,20.64755181163255,46.651207829485517,21.999999999999998,30.0,0.0,19.634438713482177,49.64661052891201,15.999999999999999,30.0,4312.099743806174,20.964384325477945,45.76465266523621,21.999999999999998,30.0,0.0,19.455528983146804,50.226061534495318,15.999999999999999,30.0,0.0,17.28956362502399,58.18599456212157,12.0,30.0,0.0,19.35827863857116,50.94447521019788,15.999999999999999,30.0,0.0,18.478056547330369,53.72530186830112,10.0,30.0,0.0,17.360940726319485,57.870033919858069,12.0,30.0,0.0,17.984244535120444,55.59502100231311,15.999999999999999,30.0,0.0,19.04358993360816,0.0,0.0,0.0,18.623875891778437,0.0,0.0,475.56681227045206,475.7370882899054,475.2305225679004,476.33374064202487,509.43479282684748,499.41481608667359,494.459788364283,505.5279098314804,503.2330586887173,10591.424417975524,81.00155142666432,85.24187932290411,60.0,0.0,60.0,60.0,16.0,16.0,16.0,16.0,12.0,12.0,21.0,10.0,1.0,0.0,1993.8596746456897,0.0,4312.099743806174,0.0,0.0,0.0,0.0,0.0,6417.129350300903,3850277.610180541,5018636.93789034,81.00155142666432,85.31389416750482,0.3499043116766968,0.7662903176551111,0.3602813740196596,85.31389416750482,0.3542647819438876,5018636.93789034,0.26245912077029767 
 04/04  15:20:00,13.180000000000002,72.0,4.19,146.83333333333332,184.83333333333335,0.0,0.0,0.0,0.0,0.0,0.0,0.0,0.0,0.0,0.0,2838.0,0.0,881.6965934968155,57.01327283789358,146.09500303465763,26.43745675793096,703.6749788938615,0.0,57.01327283789355,77.94146641665505,0.0,0.0,20.491478176355334,-1177.7145323728447,20.615927175364147,359.0899878172451,20.749500728860637,-2427.002331138315,19.92661788723727,620.2245378608413,17.246896244542258,23.055267706690367,19.728739919707107,-89.6158967005733,18.339463536775427,203.34540126834046,17.249253002533857,71.87131274282146,17.954925852554234,116.65387953161518,535.6565163614066,-0.917150021888574,0.0,0.0,0.0,0.0,0.0,0.0,0.0,0.0,0.0,0.0,0.0,0.0,0.0,0.0,0.0,0.0,0.0,0.0,0.0,0.0,0.0,0.0,0.4518909102458928,0.13793983829239704,385.01436612444106,450.5330591349443,6434.199996602378,0.20148255926033988,0.030751306358415725,321.9392628420113,378.08992383517559,4722.01584190827,0.18761716117481207,0.03545297830211867,508.9305918560764,594.9928172273444,8692.324722307329,0.20379197909296169,0.038509444273046398,375.2772190335362,440.6877590900183,5499.451170728415,0.0,0.0,8.420726253857403,9.99688507187996,70.55513198350657,0.0,0.0,55.03017753978604,64.87282263740785,690.4660281805874,0.0,0.0,213.01330340218045,251.55516098302344,2415.751279553773,0.0,0.0,28.137838354603589,33.39263609294476,239.6324921472695,0.0,0.0,102.30849939703691,121.11117380155068,1005.6433461443728,29.7214949237572,20.385113116431549,691.7784114171767,814.6786187465266,9408.355941908529,0.0,0.0,122.01457704753571,144.11492356649985,1361.434577444043,1734.857657463382,21.63776624600019,43.84325616266544,21.999999999999994,29.99999999999999,0.0,20.57256768962718,46.82663283862045,15.999999999999993,29.99999999999999,3007.2595018448735,21.8311414618958,43.30613732629437,21.999999999999994,29.99999999999999,0.0,20.559876996888513,46.84913055091326,15.999999999999993,29.99999999999999,0.0,17.335418620035758,57.90841850721893,11.999999999999995,29.99999999999999,0.0,19.46165821139399,50.521656434022379,15.999999999999993,29.99999999999999,0.0,18.83768103523,52.454218660376039,9.999999999999997,29.99999999999999,0.0,17.404419769637437,57.5792350415841,11.999999999999995,29.99999999999999,0.0,18.0677089192829,55.171397961173529,15.999999999999993,29.99999999999999,0.0,19.750561727741745,0.0,0.0,0.0,18.72908890726248,0.0,0.0,475.18688684914778,475.91352423760329,474.12620238341006,475.18434636063958,503.651958503144,494.3728762274711,490.91332675579556,499.0759762653787,496.64053581751838,11226.037588951836,80.5817703568156,87.87611776543015,59.99999999999998,0.0,59.99999999999998,59.99999999999998,16.0,16.0,16.0,16.0,12.0,12.0,21.0,10.0,1.0,0.0,1734.857657463382,0.0,3007.2595018448735,0.0,0.0,0.0,0.0,0.0,11038.566091198745,6623139.654719249,8651727.31305958,80.5817703568156,87.99999999999997,0.3679522030399582,0.765582215092559,0.36028137401965945,87.99999999999997,0.35426478194388735,8651727.31305958,0.4514798202790982 
 04/04  15:30:00,13.2,71.5,4.145,137.0,194.0,0.0,0.0,0.0,0.0,0.0,0.0,0.0,0.0,0.0,0.0,3786.0,0.0,874.6289555809672,54.04728389809997,138.4947560367558,26.225527523465467,698.0342684019853,0.0,54.04728389809994,73.88673467023536,0.0,0.0,20.555061032281839,-596.1854265835921,20.903519955299744,196.90207471974686,20.726787740170747,-1174.1385188632544,20.149658666841675,354.5186574777572,17.28242337781284,24.945757197248868,19.817624334289044,-74.37720155876349,18.42962122643958,184.57161717880218,17.283836962245418,80.93628198790469,18.01800410726512,136.52110481558828,545.8571937683296,25.289368394833447,0.0,0.0,0.0,0.0,0.0,0.0,0.0,0.0,0.0,0.0,0.0,0.0,0.0,0.0,0.0,0.0,0.0,0.0,0.0,0.0,0.0,0.0,0.5335800088954845,0.16287546059080725,262.2667761338807,307.2971538111336,4294.086568165631,0.15776454302968913,0.02407883745874376,199.43341430431429,234.09080429989514,3071.048820139459,0.42513388739167148,0.0803352016991065,319.4532251627406,374.0379742350473,5285.108475318842,0.1651377133892752,0.03120516126025607,251.11958125817484,294.72628132696158,3816.383157503421,0.0,0.0,8.26144248841508,9.812001209704376,69.55002090352221,0.0,0.0,51.631994941230939,60.85927513356354,657.4646638856907,0.0,0.0,220.76181830134483,260.7974966713724,2539.1318019798466,0.0,0.0,29.991540462741456,35.61080381313785,257.1194254146809,0.0,0.0,111.89855548826449,132.5509394593563,1114.71819288731,29.865820698921156,20.484101988286125,444.8371817150342,523.53973364279,6503.572543814001,0.0,0.0,133.674207105446,157.98482524143129,1509.5030966041296,995.6733278518415,21.46140505102397,44.24998828112525,21.5,30.0,0.0,20.952340384164434,45.70828352655462,16.0,30.0,1672.1502188056446,21.53943039337468,44.00331663421688,21.5,30.0,0.0,20.82364961971041,46.04325033621695,16.0,30.0,0.0,17.376156353550827,57.67281965674199,12.0,30.0,0.0,19.575262243135286,50.09927000630971,16.0,30.0,0.0,18.943972984862904,52.027197850794497,10.0,30.0,0.0,17.454229336857407,57.28640930529487,12.0,30.0,0.0,18.159348537688694,54.75411173160422,16.0,30.0,0.0,19.984836987452597,0.0,0.0,0.0,18.823668893010358,0.0,0.0,473.4998967584452,475.49729789486499,471.771796463594,474.30071759411109,499.2760528973756,490.98091133397795,487.47555414477776,493.864936832088,491.861333361971,7230.933512412555,81.53561568764258,85.11653343320892,60.0,0.0,60.0,60.0,16.0,16.0,16.0,16.0,12.0,12.0,21.0,10.0,1.0,0.0,995.6733278518415,0.0,1672.1502188056446,0.0,0.0,0.0,0.0,0.0,5419.122472545136,3251473.483527081,4249608.914824756,81.53561568764258,85.1773493043597,0.2656374157515045,0.5374447098883776,0.27021103051474468,85.1773493043597,0.2656985864579156,4249608.914824756,0.22266966357088734 
 04/04  15:40:00,13.22,71.0,4.1,131.66666666666667,212.83333333333335,0.0,0.0,0.0,0.0,0.0,0.0,0.0,0.0,0.0,0.0,3789.0,0.0,902.5870032775208,52.710394712660178,135.06904486724538,27.063833718278255,720.3472636974036,0.0,52.71039471266015,72.05910579781446,0.0,0.0,20.475871185947257,-199.1512527715504,21.045748789613066,-14.671236109693567,20.76067396104794,-457.0756986310864,20.148589830957968,162.2831333048576,17.321750620291419,26.020881917029695,19.917816494250727,-68.9755085103035,18.490621190061643,156.48803845872508,17.32344281434549,85.73014660478074,18.080729476240998,143.6606519616251,540.9625961779511,53.592384930759667,0.0,0.0,0.0,0.0,0.0,0.0,0.0,0.0,0.0,0.0,0.0,0.0,0.0,0.0,0.0,0.0,0.0,0.0,0.0,0.0,0.0,0.0,0.5563632139187578,0.16983004087874177,241.61703040104656,283.83003100775786,3803.649705417272,0.10641048338187073,0.01624091626707429,93.76827537033975,110.07107459729598,1461.8456104976015,0.5535328291632293,0.10459804028027772,306.1862548154317,359.0490205984622,4969.551490460056,0.15193871429964304,0.028711019330998307,182.50876105547463,214.2395077156006,2730.162302993198,0.0,0.0,8.08720848474373,9.605127415138322,68.44457912072768,0.0,0.0,50.33483406118471,59.30558713122322,650.2448156261414,0.0,0.0,222.20192052062144,262.4825426976694,2575.875550600699,0.0,0.0,30.96976173336806,36.77230844757399,267.5615235700536,0.0,0.0,115.45507749159356,136.75350178908833,1164.9570343224603,29.6736113563435,20.35227116347292,357.1625791358198,420.632826634491,5347.276698782681,0.0,0.0,138.25898756672906,163.40121264123668,1573.9103129871908,498.0584883160691,21.231677085004365,44.827002178040029,21.250000000000008,30.00000000000001,0.0,21.075587530051977,45.25426185286422,16.000000000000008,30.00000000000001,929.7887821736835,21.495843212978689,44.01706161550296,21.250000000000008,30.00000000000001,0.0,20.734482904514637,46.17084024339433,16.000000000000008,30.00000000000001,0.0,17.419235162161148,57.406553491971198,12.000000000000004,30.00000000000001,0.0,19.68951469742953,49.62703236346662,19.000000000000008,30.00000000000001,0.0,19.009171910645518,51.68935249045789,10.000000000000004,30.00000000000001,0.0,17.508503874273598,56.941389988154437,16.000000000000008,30.00000000000001,0.0,18.245623237412127,54.30598730349833,16.000000000000008,30.00000000000001,0.0,20.094342917102784,0.0,0.0,0.0,18.889240367790224,0.0,0.0,473.2623199157197,473.2244180044777,470.2154695061337,471.8592515570372,494.46249945617395,486.01840748162808,482.795188704235,487.93963139737698,485.8695163028741,4420.46927034201,81.46835999555734,83.18998944100125,60.00000000000002,0.0,60.00000000000002,60.00000000000002,16.0,16.0,19.0,16.0,16.0,12.0,21.0,10.0,1.0,0.0,498.0584883160691,0.0,929.7887821736835,0.0,0.0,0.0,0.0,0.0,2605.509172686337,1563305.5036118022,2032974.2404482323,81.46835999555734,83.2192284244024,0.17185030575621125,0.34723929226975716,0.18014068700982978,83.2192284244024,0.17713239097194376,2032974.2404482323,0.10750466050330809 
 04/04  15:50:00,13.24,70.5,4.055,126.33333333333334,231.66666666666667,0.0,0.0,0.0,0.0,0.0,0.0,0.0,0.0,0.0,0.0,2844.0,0.0,927.7611369463102,51.285409697457627,131.41758633066778,27.818664727359598,740.4384373128996,0.0,51.285409697457598,70.11104324714418,0.0,0.0,20.60828638480314,-967.7446792336498,21.17239531326408,226.60171699185853,20.6622588779246,-190.74780837906853,20.129861603463348,294.75150973047399,17.362132105078378,26.611025462975407,20.009573978089088,-81.25105806862188,18.56721353531477,223.962397889589,17.357457748333844,84.2596596457121,18.125728700539257,128.55589184265768,578.6791398350172,50.90722003653601,0.0,0.0,0.0,0.0,0.0,0.0,0.0,0.0,0.0,0.0,0.0,0.0,0.0,0.0,0.0,0.0,0.0,0.0,0.0,0.0,0.0,0.0,0.5259244017393387,0.16053858416951748,371.71052820519426,434.9471195032753,6130.687726049133,0.13415430634550805,0.020475321481304669,183.58404885699077,215.13821435282396,2917.002336988384,0.6231351281593984,0.11775040214652288,305.6284968897973,358.3270054408222,4836.674505603668,0.19471980565423284,0.03679512578500244,265.79919237259528,312.035074747833,3927.800826797238,0.0,0.0,8.516400789192549,10.10785456792088,72.48153100208404,0.0,0.0,52.94638617509206,62.351777010726639,691.2948625182293,0.0,0.0,226.8497219430268,267.69997523364068,2673.1813095391764,0.0,0.0,31.57363467012339,37.46064673936189,274.17056571686819,0.0,0.0,113.9437307333773,134.83207576105495,1157.0890110113574,29.678666239537564,20.35573816154842,453.6703813658653,533.468381193815,6699.164243159123,0.0,0.0,136.7668634371438,161.5037040686999,1555.900565136335,1173.034615065804,21.651538288693165,43.58405855057083,21.666666666666687,30.00000000000002,0.0,21.225653148331177,44.769295554534568,16.000000000000015,30.00000000000002,0.0,21.213268660221418,44.73168776163783,21.000000000000015,30.00000000000002,0.0,20.681429502225155,46.25154981239344,16.000000000000015,30.00000000000002,0.0,17.462540561835547,57.14703917051982,12.00000000000001,30.00000000000002,0.0,19.782545633250856,49.26468749511655,19.000000000000015,30.00000000000002,0.0,19.125982227854857,51.23461704160715,10.000000000000007,30.00000000000002,0.0,17.54973809994221,56.70096037519608,16.000000000000015,30.00000000000002,0.0,18.29616727835216,54.06944202327065,16.000000000000015,30.00000000000002,0.0,20.197024234891658,0.0,0.0,0.0,18.903963924562363,0.0,0.0,470.1128838358939,471.73479537742255,469.7383994973196,470.4508500202522,490.2430359449494,483.0086104856232,480.2945251214387,484.54423816266719,483.50626528614517,8858.96639479014,82.14711705474305,84.40684424985935,60.00000000000004,0.0,60.00000000000004,60.00000000000004,16.0,16.0,19.0,16.0,16.0,12.0,21.0,10.0,1.0,0.0,1173.034615065804,0.0,0.0,0.0,0.0,0.0,0.0,0.0,3419.918100914439,2051950.8605486619,2659091.221213797,82.14711705474305,84.44522191941189,0.3406639366971481,0.7655201043206084,0.3602813740196598,84.44522191941189,0.3542647819438878,2659091.221213797,0.1401094101697841 
 04/04  16:00:00,13.26,70.0,4.01,121.0,250.5,0.0,0.0,0.0,0.0,0.0,0.0,0.0,0.0,0.0,0.0,3792.0,0.0,949.8889636567355,49.769085097408467,127.53206827879791,28.48215280634107,758.0983760288805,0.0,49.76908509740844,68.03811255910047,0.0,0.0,20.776960867783349,-996.5692311455996,21.315624586168548,45.34715648627025,20.771139191027399,-482.02061793572286,20.140950300907975,329.12038388282306,17.402968969109119,26.587766075973918,20.10049263112625,-81.36209569093211,18.624807143358276,181.959556260716,17.389476566768093,86.51754117592378,18.167942609599494,135.6971325516513,528.4066704473671,60.516659421665739,0.0,0.0,0.0,0.0,0.0,0.0,0.0,0.0,0.0,0.0,0.0,0.0,0.0,0.0,0.0,0.0,0.0,0.0,0.0,0.0,0.0,0.0,0.5102004353623236,0.1557388386331879,333.0807685474069,390.0090059802188,5556.099657802268,0.10453246915309564,0.015954284058775284,128.8452630316259,150.9331763386756,2066.10209664884,0.6425808656579752,0.12142495571768244,303.1742012409907,354.5714960526225,5034.612489638295,0.2019095569649829,0.03815373336450923,262.5723367811281,308.2267051190739,3869.719861583585,0.0,0.0,8.332079619009189,9.892890539842054,71.28175300382621,0.0,0.0,52.99126220863499,62.40972530101864,699.454610607097,0.0,0.0,229.04152509081346,270.3989170302466,2713.910435216937,0.0,0.0,31.853979898371774,37.81222240621386,277.69783105116269,0.0,0.0,117.00940977992858,138.53095510955758,1194.8145187369465,29.48527783707834,20.223098653688856,389.5049113047592,458.0916591658656,5721.360312395773,0.0,0.0,140.17248948862949,165.60773782061524,1603.7588189876158,1657.3157993009616,21.729223676254635,43.23174757250198,22.0,30.0,0.0,21.346384702536818,44.32708118573097,16.0,30.0,1365.730986421871,21.496977278937828,43.92166851523044,21.5,30.0,0.0,20.65284366952124,46.290789457574707,16.0,30.0,0.0,17.505393478765737,56.89914174071164,12.0,30.0,0.0,19.875330449939413,48.900255908467247,19.0,30.0,0.0,19.182335903931098,50.95048954189398,10.0,30.0,0.0,17.5879386914145,56.48135906485492,16.0,30.0,0.0,18.346183572399594,53.81419863978341,16.0,30.0,0.0,20.07646226122715,0.0,0.0,0.0,18.960275523805629,0.0,0.0,467.8456908340938,469.4771854433111,468.82313173629589,470.02207167302967,486.7949179442876,480.2999405268654,477.54501212705056,481.90968316342016,480.83581308993419,9556.441217557978,81.68596325501268,83.47139761440721,60.0,0.0,60.0,60.0,16.0,16.0,19.0,16.0,16.0,12.0,21.0,10.0,1.0,0.0,1657.3157993009616,0.0,1365.730986421871,0.0,0.0,0.0,0.0,0.0,2701.971168483892,1621182.7010903354,2101069.428047474,81.68596325501268,83.50172021706503,0.34506570561612978,0.7714457168663887,0.36028137401965956,83.50172021706503,0.3542647819438875,2101069.428047474,0.11113894359180197 
 04/04  16:10:00,13.283333333333335,69.16666666666667,3.95,115.66666666666667,269.33333333333339,0.0,0.0,0.0,2.0,0.0,0.0,0.0,0.0,0.0,4.0,1896.0,0.0,968.7186166466249,48.15837515575062,123.40468594742804,29.04674583605236,773.1260674830026,0.0,48.1583751557506,65.8361499532762,0.0,0.0,20.323820870231097,-132.9607146203598,21.347744770314983,-169.7189413815181,20.942290925752638,-950.7397120368341,20.30906166592949,386.7752554202825,17.44738809555962,25.43918036550471,20.316632849529527,-23.534005269774583,18.592630782407185,94.45517197527397,17.41935689321317,82.22045572752393,18.20863017884198,126.9481279909021,562.0165397219007,58.781784642182177,0.0,0.0,0.0,0.0,0.0,0.0,0.0,0.0,0.0,0.0,0.0,0.0,0.0,0.0,0.0,0.0,0.0,0.0,0.0,0.0,0.0,0.0,0.6498758651302369,0.19837480620581103,252.0038510764354,295.3387936396109,3823.1902236052944,0.10573547413029089,0.016137892877028525,205.95793835532278,240.99561383853468,3260.8835620069178,0.3287925161233917,0.0621301050875646,306.8100064139884,358.51477904757066,5126.562411068315,0.1833572865154725,0.03464801332491921,309.6911776642756,362.9240086861487,4694.011338120921,0.0,0.0,8.057834615108467,9.555984867835525,69.33754408269489,0.0,0.0,10.631404953130922,12.494647292190571,145.65952338818497,0.0,0.0,177.60019001157719,209.50347688085538,2056.177224972561,0.0,0.0,30.447556272001088,36.0927788731008,266.1356345559971,0.0,0.0,114.1839224250939,134.99001045237504,1171.3569906487037,29.329858617475478,20.11650110937962,496.1400999633986,582.6401863678423,7317.576081451052,0.0,0.0,136.3939621179781,160.9263037673221,1559.062481974882,104.16877479211803,20.91136185211777,45.461281333179879,21.0,30.0,0.0,21.294277505525075,44.36779352728321,16.0,30.0,0.0,21.726160266964336,43.83900588592515,21.0,30.0,0.0,20.92036943980493,45.787059664474089,16.0,30.0,0.0,17.55444072594752,56.620356722117147,12.0,30.0,0.0,20.16962110812387,49.77521035452769,19.0,30.0,0.0,19.059053990872259,51.27985846266994,10.0,30.0,0.0,17.62235113460234,56.2663613694085,16.0,30.0,0.0,18.39301646898457,53.57322305383019,16.0,30.0,0.0,20.300173077044634,0.0,0.0,0.0,18.977229204385389,0.0,0.0,468.809090978416,467.62460404829337,502.67561928144269,486.2632007775628,483.55313191732798,591.4194429030954,475.8523363976583,479.3859655990201,478.59316267471709,7596.656962099076,82.98181446342976,82.98181446342976,1744.0,0.0,1744.0,1744.0,16.0,16.0,19.0,16.0,16.0,12.0,21.0,10.0,1.0,0.0,104.16877479211803,0.0,0.0,0.0,0.0,0.0,0.0,0.0,0.0,0.0,0.0,82.98181446342976,82.98181446342976,0.34,0.7709108217154281,0.36028137401965956,82.98181446342976,0.3542647819438875,0.0,0.05609866666666667 
 04/04  16:20:00,13.306666666666669,68.33333333333334,3.8899999999999999,110.33333333333333,288.1666666666667,0.0,0.0,0.0,2.0,0.0,0.0,0.0,0.0,0.0,4.0,3792.0,0.0,984.0126467422442,46.450389659686717,119.02803317014117,29.505324004800387,785.3320058703971,0.0,46.45038965968669,63.50120428965664,0.0,0.0,20.91010082639408,-777.4733372992896,21.36835364653741,132.75941978071865,20.995980579990908,-759.8621760358369,20.394100542353855,334.0121447934903,17.484294983231785,25.576980555069797,20.52031605910209,-41.15521133019985,18.589798496536788,210.8631804578879,17.438037188955748,78.65719397756479,18.22704080174547,100.70683102481712,588.5140975180475,32.14287933791252,0.0,0.0,0.0,0.0,0.0,0.0,0.0,0.0,0.0,0.0,0.0,0.0,0.0,0.0,0.0,0.0,0.0,0.0,0.0,0.0,0.0,0.0,0.6299650890204185,0.1922970357205185,294.23862765126537,344.207946863727,4951.722020486093,0.15723911129132749,0.02399864335948222,236.67619363779046,277.38651072703177,3744.6776560093028,0.45741822461633488,0.08643579452311698,274.7440915918525,321.5692627804449,4589.21863961191,0.17834882654397703,0.03370159231745597,279.13164313410018,327.49383039960318,4267.063274360811,0.0,0.0,9.002855913449057,10.684387702420246,77.6827441017357,0.0,0.0,12.670670996628326,14.882228382279149,179.75233135443285,0.0,0.0,167.75810690767913,198.11057534981974,1935.0560005663966,0.0,0.0,29.990999454402688,35.59344431223557,261.55024924326269,0.0,0.0,99.26435980350417,117.49692335087474,1014.7541511557224,29.35098755160623,20.13099283374914,503.85978697288069,592.1929472141843,7584.561257013647,0.0,0.0,120.41305533593237,142.2641303208439,1363.1551466186402,1233.2146002102482,21.797636661101558,43.12584793696463,21.75,30.0,0.0,21.281326466096453,44.482365106672038,16.0,30.0,0.0,21.74229127762957,43.93723618117636,21.0,30.0,0.0,21.014316299250284,45.85806005702941,16.0,30.0,0.0,17.588517296931415,56.423758072484329,12.0,30.0,0.0,20.421952972877017,50.5767146407757,19.0,30.0,0.0,19.063136265233589,51.21134456493495,10.0,30.0,0.0,17.63631702390335,56.16129034792904,16.0,30.0,0.0,18.399027481026559,53.49983131851224,16.0,30.0,0.0,20.473765691457318,0.0,0.0,0.0,18.94428955812875,0.0,0.0,477.6042922198533,475.26339601618909,516.204304313347,509.26495307042929,481.5791858453787,687.9568478308291,476.50797256783667,478.86449241252407,478.3172985592688,7475.5508215897739,81.30294945372833,83.00005962285587,1744.0,0.0,1744.0,1744.0,16.0,16.0,19.0,16.0,16.0,12.0,21.0,10.0,1.0,0.0,1233.2146002102482,0.0,0.0,0.0,0.0,0.0,0.0,0.0,2568.4383626933665,1541063.0176160199,1994870.950852368,81.30294945372833,83.02888218754677,0.25561461208977889,0.5791158674639573,0.27021103051474468,83.02888218754677,0.2656985864579156,1994870.950852368,0.16021951166654536 
 04/04  16:30:00,13.33,67.5,3.83,105.0,307.0,0.0,0.0,0.0,2.0,0.0,0.0,0.0,0.0,0.0,4.0,1898.0,0.0,1053.7994153244168,46.03282691874032,117.9580086742307,31.597837158968724,841.0279825902344,0.0,46.0328269187403,62.930364365366447,0.0,0.0,20.662659551954435,-265.9058033862284,21.5175413017282,-177.10533111842143,21.113747950116737,-799.0053101260819,20.453546183844546,356.9072533798171,17.533176819024626,23.44577393512344,20.74109112742018,-31.744647220694135,18.62810985913098,87.82795289091428,17.459655309676294,76.20135148328905,18.247582877822354,110.04517265833829,555.3961163412641,51.71080421553461,0.0,0.0,0.0,0.0,0.0,0.0,0.0,0.0,0.0,0.0,0.0,0.0,0.0,0.0,0.0,0.0,0.0,0.0,0.0,0.0,0.0,0.0,0.7846168156313471,0.23950452247599122,294.4482244803363,344.5110533180622,4707.206799985848,0.12165121853343497,0.01856703579570131,252.02697456148088,294.793453221288,4020.440793471132,0.2608587284314439,0.04929303258341724,286.13078339026927,334.2104544272406,4829.595088996464,0.15486092131850744,0.029263212645220597,283.3281105273802,331.8487180612201,4353.585895920304,0.0,0.0,7.950260561157618,9.427515297782455,69.02575660687138,0.0,0.0,11.782902437433642,13.814587091769458,172.3345562575372,0.0,0.0,167.57170744214307,197.66057806177947,1928.4241602519692,0.0,0.0,29.344762128005074,34.783080263221368,255.7392544887508,0.0,0.0,107.54743570063389,127.11683494360469,1098.3347014885017,29.057234672222579,19.929516236092309,519.8213449878824,610.1354040081396,7744.271193544285,0.0,0.0,129.0140556613722,152.19476483451346,1465.1161562976122,682.9310671018275,21.33442567746527,44.47780920671728,21.5,30.0,0.0,21.405351169133789,44.25553359353064,16.0,30.0,0.0,21.86031356886452,43.7231421639877,21.0,30.0,0.0,21.07732846784499,45.80175453454092,16.0,30.0,0.0,17.641156339555125,56.181331185587698,12.0,30.0,0.0,20.687003325526996,51.11958707949621,19.0,30.0,0.0,19.073734226949399,51.20845141287251,10.0,30.0,0.0,17.656267635255789,56.06945152508733,16.0,30.0,0.0,18.416083444443225,53.432545005378788,16.0,30.0,0.0,20.44772673333432,0.0,0.0,0.0,18.98531541978141,0.0,0.0,483.2940952647263,485.9493473472614,525.4453509962814,518.7888897544312,481.53402336438,769.0585155711606,479.4283960983378,480.6101981554538,480.5829153235044,3858.0388048320598,81.93593045644423,81.93593045644423,1744.0,0.0,1744.0,1744.0,16.0,16.0,19.0,16.0,16.0,12.0,21.0,10.0,1.0,0.0,682.9310671018275,0.0,0.0,0.0,0.0,0.0,0.0,0.0,0.0,0.0,0.0,81.93593045644423,81.93593045644423,0.17,0.30983110112120379,0.18014068700982978,81.93593045644423,0.17713239097194376,0.0,0.05687377777777778 
 04/04  16:40:00,13.353333333333336,66.66666666666666,3.7699999999999997,97.66666666666666,286.0,0.0,0.0,0.0,2.0,0.0,0.0,0.0,0.0,0.0,4.0,1900.0,0.0,910.426636816539,41.27341546638215,105.76213248307886,27.29885761994602,726.603515903664,0.0,41.273415466382129,56.42388807638441,0.0,0.0,20.439077823636049,-79.83421967784398,21.490939726496039,-32.289340854909827,21.217325441094049,-773.4889533859105,20.522754551146734,364.6374300100615,17.563845076743143,24.653603731312218,20.86096789536623,-38.680084888547927,18.6230344396058,148.78558786794793,17.48036214547397,79.72024681357033,18.275264526753327,116.90240817282734,580.1255925603655,66.37000450179494,0.0,0.0,0.0,0.0,0.0,0.0,0.0,0.0,0.0,0.0,0.0,0.0,0.0,0.0,0.0,0.0,0.0,0.0,0.0,0.0,0.0,0.0,0.7363341274308343,0.22476621716447935,231.53236325909234,271.3493827315444,3527.9532806244835,0.1365497256292147,0.02084092271508161,185.33100749552933,216.86337092646074,2950.875619732772,0.3748391661147058,0.07083128611389002,283.25215072868789,330.7101645539184,4829.446840442717,0.1721956907480054,0.032538868244143117,284.7855232487028,333.4445269418113,4410.7828775034599,0.0,0.0,8.249217683385412,9.780008053001185,71.79379809012807,0.0,0.0,11.79517425574751,13.817626039550384,176.21864729424443,0.0,0.0,174.78610801210074,206.22370576654488,1998.0795214949213,0.0,0.0,30.251103718615583,35.857557599132778,263.5041390533291,0.0,0.0,111.54781282582738,131.88196269932903,1140.8804610167666,29.094470203632889,19.95505500935041,451.7790536578606,530.135931061079,6887.139374482756,0.0,0.0,133.8335096803388,157.91443650833575,1523.9221843280637,8.981984820893,21.01042643710987,45.49171671694363,21.0,30.0,0.0,21.39049028818735,44.45125460686893,16.0,30.0,0.0,21.969192258951659,43.59034929509564,21.0,30.0,0.0,21.163353696350034,45.75737696158687,19.0,30.0,0.0,17.674374807038896,56.070839705874977,12.0,30.0,0.0,20.87011929350938,51.521433786413208,19.0,30.0,0.0,19.056260076977567,51.37480651958363,10.0,30.0,0.0,17.67778744119977,56.096853776822779,16.0,30.0,0.0,18.448448316602524,53.44591483777374,16.0,30.0,0.0,20.57645504571356,0.0,0.0,0.0,19.023459433351058,0.0,0.0,500.13072775831167,501.48236698786749,542.2014483541561,537.0656763524247,484.5055373116231,825.0518430307024,490.953684389317,488.98810598345127,490.45991556678657,3715.3771442568597,83.22875245605425,83.22875245605425,1744.0,0.0,1744.0,1744.0,16.0,19.0,19.0,16.0,16.0,12.0,21.0,10.0,1.0,0.0,8.981984820893,0.0,0.0,0.0,0.0,0.0,0.0,0.0,0.0,0.0,0.0,83.22875245605425,83.22875245605425,0.17,0.30789344488403466,0.18014068700982978,83.22875245605425,0.17713239097194376,0.0,0.05726133333333333 
 04/04  16:50:00,13.376666666666667,65.83333333333334,3.7099999999999997,90.33333333333334,265.0,0.0,0.0,0.0,2.0,0.0,0.0,0.0,0.0,0.0,4.0,3804.0,0.0,826.9704721201476,37.92792991714268,97.18936837565519,24.796447151749726,659.9978444935402,0.0,37.927929917142659,51.85035569341015,0.0,0.0,20.969264591386705,-634.064521378235,21.498349934199859,87.23520684446339,21.27972283599138,-813.4280305097018,20.586802607980947,358.2503352500544,17.58678374861541,23.85410307990987,20.937617335135238,-51.213786714617047,18.653019123166673,196.65617699226096,17.4978162614794,75.66519670155901,18.28941372656258,93.91489208511496,581.6097616364305,42.594492458900848,0.0,0.0,0.0,0.0,0.0,0.0,0.0,0.0,0.0,0.0,0.0,0.0,0.0,0.0,0.0,0.0,0.0,0.0,0.0,0.0,0.0,0.0,0.7464770194945505,0.22786233806304963,270.42511828148698,316.3641944538508,4528.107028253227,0.16807348923300026,0.025652241946428613,215.40198685460994,252.37923964360287,3429.0550706756719,0.3825499828481476,0.07228835654726905,283.174656240427,331.16047201479349,4828.052089604009,0.17060968644472736,0.03223916977413592,282.4747795488297,331.1772415858785,4401.220328293802,0.0,0.0,8.81836998840183,10.463013944040278,76.64654433807951,0.0,0.0,12.727275587172704,14.917886916681616,192.36782559666049,0.0,0.0,163.04482960313045,192.53208809951065,1868.9470380866679,0.0,0.0,29.45126003119889,34.948932841564538,255.9528700256888,0.0,0.0,97.28635760743897,115.13995374283479,991.2106302319401,28.987660744527895,19.88179749281749,487.1544021516607,572.2844492793577,7438.227356968761,0.0,0.0,118.23901991314476,139.68925673581047,1327.381854095197,1111.7573374738007,21.820233400163575,43.397629914481679,21.75,30.0,0.0,21.407475485873584,44.52110296917404,16.0,30.0,0.0,21.99560679060603,43.63349746525604,21.0,30.0,0.0,21.238240320788309,45.63476818259898,19.0,30.0,0.0,17.69161290817256,56.0360901790058,12.0,30.0,0.0,20.97965156280903,51.81678558178607,19.0,30.0,0.0,19.09697048904193,51.33785055984181,10.0,30.0,0.0,17.69163195491543,56.14322012524055,16.0,30.0,0.0,18.452381207197925,53.52662672400938,16.0,30.0,0.0,20.643478267567916,0.0,0.0,0.0,18.967090704621154,0.0,0.0,514.1479203040111,513.3602512444234,554.9406666462767,548.363854787022,488.4330894169362,860.7001496898164,500.2652535447813,496.7247162414128,498.4637128216021,7108.998498061199,81.78648665911459,81.78648665911459,1744.0,0.0,1744.0,1744.0,16.0,19.0,19.0,16.0,16.0,12.0,21.0,10.0,1.0,0.0,1111.7573374738007,0.0,0.0,0.0,0.0,0.0,0.0,0.0,0.0,0.0,0.0,81.78648665911459,81.78648665911459,0.255,0.5790202791806713,0.27021103051474468,81.78648665911459,0.2656985864579156,0.0,0.058424000000000007 
 04/04  17:00:00,13.4,65.0,3.65,83.0,244.0,0.0,0.0,0.0,2.0,0.0,0.0,0.0,0.0,0.0,4.0,1904.0,0.0,745.4028030327609,34.65869127993832,88.81198945960327,22.350663220796613,594.8993712697454,0.0,34.6586912799383,47.38105861982877,0.0,0.0,20.3986072000795,71.2417034220307,21.538473327917879,-149.75385538916545,21.357028314992144,-826.116850618685,20.636837475336443,361.56810901724477,17.610701336846107,22.62159795272342,20.992690673355776,-38.78040613643313,18.692626950244845,87.93835862931747,17.51563886560201,72.91034708120907,18.30408746707221,100.82799520072945,552.6159100075747,67.083934037993,0.0,0.0,0.0,0.0,0.0,0.0,0.0,0.0,0.0,0.0,0.0,0.0,0.0,0.0,0.0,0.0,0.0,0.0,0.0,0.0,0.0,0.0,0.8672821402325244,0.26473813804411619,271.7111491722794,318.41083465931538,4057.8792430914688,0.14055826828495286,0.021452727149718084,229.64289748887789,268.5391274954527,3659.635152467714,0.22712880681848503,0.04291927566486869,287.89410207585686,336.0757287439954,4930.887381513214,0.1492273989975167,0.02819867705924351,281.8204211022705,329.87123349915489,4408.013732164798,0.0,0.0,7.891405416213042,9.355661584536133,68.55107778620854,0.0,0.0,11.890184575428405,13.914959171183434,181.22966408025463,0.0,0.0,164.41050595290316,193.91378681372607,1881.5711225517576,0.0,0.0,28.969699449766958,34.3338000678461,251.38285582744732,0.0,0.0,105.67252428556846,124.88709049774816,1074.5316172614744,28.70410085208647,19.687311969880989,497.32913115219528,583.4325436612205,7516.691377347489,0.0,0.0,126.95432393418898,149.77284085483388,1423.2844459862554,8.859728199893852,20.896154854288168,45.98830077578661,21.0,30.0,0.0,21.468498558639508,44.40466196699356,16.0,30.0,0.0,22.062240065367257,43.50626322868603,21.0,30.0,0.0,21.291970749161448,45.560492778615088,19.0,30.0,0.0,17.713017206929594,56.04293942441319,12.0,30.0,0.0,21.070798856348689,52.067375085261939,19.0,30.0,0.0,19.113016151106426,51.38090653984368,10.0,30.0,0.0,17.707794810474306,56.232834298847958,16.0,30.0,0.0,18.46448532009397,53.61926603400096,16.0,30.0,0.0,20.6110897802865,0.0,0.0,0.0,18.98203994744734,0.0,0.0,519.7534439874155,522.7274523008844,562.7795033594226,556.3238034898644,496.1959552995992,889.7893801699961,507.23782774470478,507.4844277314992,508.809074849166,4655.353989336481,81.89101752090395,81.89101752090395,1744.0,0.0,1744.0,1744.0,16.0,19.0,19.0,16.0,16.0,12.0,21.0,10.0,1.0,0.0,8.859728199893852,0.0,0.0,0.0,0.0,0.0,0.0,0.0,0.0,0.0,0.0,81.89101752090395,81.89101752090395,0.17,0.30903585189477,0.18014068700982978,81.89101752090395,0.17713239097194376,0.0,0.05958666666666667 
 04/04  17:10:00,13.266666666666668,65.33333333333334,3.4316666666666668,75.66666666666666,223.0,0.0,4.0,0.0,0.0,0.0,0.0,0.0,0.0,0.0,0.0,3812.0,0.0,666.453620256531,31.37311014363691,80.39274082785683,19.98339425068431,531.8906941148866,0.0,31.373110143636898,42.88942011097918,0.0,0.0,20.958939200404,-569.382091018852,21.47021003776338,13.570766033908058,20.984979694972048,-175.4854753887388,20.690704437518805,-34.0552400203417,17.631101098194355,27.631526487566249,20.84187349339944,-262.03776001563906,18.8050959635366,269.5701666047062,17.531935015776406,78.3753591293119,18.324088672763297,114.02925522869532,501.47556664279457,94.60718934803004,0.0,0.0,0.0,0.0,0.0,0.0,0.0,0.0,0.0,0.0,0.0,0.0,0.0,0.0,0.0,0.0,0.0,0.0,0.0,0.0,0.0,0.0,0.7425503006187376,0.2266637059275756,372.40218303249369,436.2764419482917,6244.297401475697,0.15442891981945743,0.023569737457182148,182.0949434907141,213.5076007935838,2933.5564084298055,0.5450207996951759,0.10298956910339685,160.48164454188095,188.23633401372178,2637.614715525823,0.14724622624490456,0.02782430579079828,13.756564657784433,16.138627298997159,220.28887790164857,0.0,0.0,9.463476085421928,11.231002325718294,85.03780185472671,0.0,0.0,82.73013672421031,97.13791339295298,1242.7849996268595,0.0,0.0,252.01092546453854,297.3225311330443,3064.04066213542,0.0,0.0,31.250985810556146,37.07883096375298,280.4521768486645,0.0,0.0,118.22452024906413,139.88832653681193,1238.6853761253399,28.213922873353558,19.351113081861159,324.72123753209578,382.16703563607725,5028.865644661454,0.0,0.0,141.24967240149852,166.8325409549132,1624.0283777442165,876.2584480251106,21.644109104146499,43.946074512114439,21.5,30.0,0.0,21.39791622684116,44.69632099654591,16.0,30.0,0.0,21.498519316387108,44.43028939230842,21.0,30.0,0.0,21.25812747454377,48.86623480630486,19.0,30.0,0.0,17.729698478673059,56.333634097696,12.0,30.0,0.0,20.81154805950878,48.591127014402548,16.0,30.0,0.0,19.34232912994964,52.074899526805378,10.0,30.0,0.0,17.722994535753654,56.57619247736571,16.0,30.0,0.0,18.486368484509915,54.15353369625916,16.0,30.0,0.0,20.404191410346546,0.0,0.0,0.0,18.99146086130841,0.0,0.0,531.2742867991458,534.3780754714142,534.7771408705534,739.2414662143797,515.7221444897193,643.339042019672,586.0794994087817,529.6788323268939,542.4913598037181,3870.624380472257,82.38359306664,82.38359306664002,162.0,0.0,162.0,162.0,16.0,19.0,16.0,16.0,16.0,12.0,21.0,10.0,1.0,0.0,876.2584480251106,0.0,0.0,0.0,0.0,0.0,0.0,0.0,0.0,0.0,0.0,82.38359306664,82.38359306664,0.17,0.38390117784368318,0.18014068700982978,82.38359306664,0.17713239097194376,0.0,0.0056430000000000008 
 04/04  17:20:00,13.133333333333335,65.66666666666667,3.2133333333333335,68.33333333333333,202.0,0.0,4.0,0.0,0.0,0.0,0.0,0.0,0.0,0.0,0.0,1908.0,0.0,590.3978859744675,28.118544258352317,72.05297427417915,17.702884870346354,471.19125765289427,0.0,28.1185442583523,38.44018180168319,0.0,0.0,20.744570449660605,-372.60385724911796,21.403308836137197,-228.18796763973115,20.68714020309782,-112.54323386275815,20.672742880801246,-43.18303647802301,17.65356263051723,25.90092336006171,20.64506662858603,-169.57417751598246,18.850106464558324,130.63381027127799,17.556240929389096,78.21668125389613,18.354542013303918,114.4729343021545,440.6195388778656,122.39927039019858,0.0,0.0,0.0,0.0,0.0,0.0,0.0,0.0,0.0,0.0,0.0,0.0,0.0,0.0,0.0,0.0,0.0,0.0,0.0,0.0,0.0,0.0,0.7763852376784628,0.2369918307931816,302.1623590417599,353.20780731197217,5035.674199585286,0.12293586460889526,0.01876310509903774,183.23275270772789,214.3554433715035,2946.451750232314,0.714758188007451,0.13506390551917067,90.40423817737171,105.7965214408017,1428.9596918360235,0.0677515772500437,0.012802641203711957,12.783734520417442,14.926916658210433,204.9001000062325,0.0,0.0,8.519890546306695,10.096983255879698,79.19437894488762,0.0,0.0,71.63285517395897,84.06833392785225,1057.2754782374662,0.0,0.0,242.33719234575015,285.5745881615967,3014.260858569078,0.0,0.0,31.525148589067965,37.35069606596297,293.23169310240237,0.0,0.0,122.03387050883342,144.19357357537798,1320.6625585075322,27.502251825917179,18.862998508859527,251.9915174353506,295.96449410521816,3872.523466035352,0.0,0.0,145.82481841501619,172.019501481208,1718.2533984509724,772.2884579716787,21.37706756703387,44.58636707869715,21.5,30.0,0.0,21.294870170535448,44.630022772436927,16.0,30.0,110.41690627293737,21.071651115102968,45.71695152719808,21.0,30.0,0.0,21.18101874024664,53.47925224545399,19.0,30.0,0.0,17.75004813375025,56.709387962192057,12.0,30.0,0.0,20.545211851642728,48.18571456769967,16.0,30.0,0.0,19.347891534891454,51.573592324405307,10.0,30.0,0.0,17.75296614948169,57.150414815458649,16.0,30.0,0.0,18.52594105062358,54.54970389185809,16.0,30.0,0.0,20.109875336351736,0.0,0.0,0.0,19.003067441634518,0.0,0.0,531.8488864660051,530.0151348325177,552.9284412631643,992.254460369554,540.8423633007292,578.1982022631109,563.9569265602575,565.5200715062924,572.1298337719645,8185.050717960824,82.59278665357332,82.59278665357332,162.0,0.0,162.0,162.0,16.0,19.0,16.0,16.0,16.0,12.0,21.0,10.0,1.0,0.0,772.2884579716787,0.0,110.41690627293737,0.0,0.0,0.0,0.0,0.0,0.0,0.0,0.0,82.59278665357332,82.59278665357332,0.34,0.7713350002928736,0.36028137401965956,82.59278665357332,0.3542647819438875,0.0,0.00576 
 04/04  17:30:00,13.0,66.0,2.995,61.0,181.0,0.0,4.0,0.0,0.0,0.0,0.0,0.0,0.0,0.0,0.0,3816.0,0.0,517.689195567863,24.896976409749386,63.79777076981731,15.522735926957227,413.1630716366375,0.0,24.896976409749376,34.03605431026907,0.0,0.0,20.894679613873558,-34.63866255422249,21.304729743415654,34.885649705365327,21.104719873304945,-604.180951597285,20.676269520910485,-36.19848342700775,17.669459982250048,24.791713598747209,20.53064610433365,-153.67438347920484,18.84538987390787,166.31537739643955,17.569353703597544,71.66020300584882,18.36769282875649,92.29381600028376,411.61065881598315,112.03998444046374,0.0,0.0,0.0,0.0,0.0,0.0,0.0,0.0,0.0,0.0,0.0,0.0,0.0,0.0,0.0,0.0,0.0,0.0,0.0,0.0,0.0,0.0,0.8782356363190873,0.2680816960680975,228.55383330196367,267.9650390539837,3809.9945150495398,0.18488834055763279,0.028218611196219904,126.6042952812606,148.37860882875129,2063.776994580538,0.6015117562631565,0.11366435303536596,194.88860232637777,228.13257151641413,3403.066245369703,0.07719585389205169,0.014587273978089883,13.100318249723103,15.350445888437026,212.9799717207572,0.0,0.0,8.52047706799728,10.109762988643319,81.6138030411432,0.0,0.0,66.09326409675919,77.71214933248609,976.3290579898367,0.0,0.0,228.70179787908283,269.9152931145077,2887.753745893463,0.0,0.0,30.245473658757228,35.88464150495866,289.9195357893044,0.0,0.0,110.42533016533862,130.66579899275525,1225.5562466427155,27.252365014754227,18.691608377746389,179.34917795494307,211.29438784630717,2883.2091440895476,0.0,0.0,132.64688484497578,156.75362656528288,1577.7122405965236,0.0,21.37319418345467,44.45814781834845,21.0,30.0,0.0,21.206986327579839,45.11347787715031,16.0,30.0,1120.7009540074394,21.77627749831268,43.394395038583507,21.5,30.0,0.0,21.156529741371359,55.130485656271329,19.0,30.0,0.0,17.75886589086974,56.781789629231159,12.0,30.0,0.0,20.417349554258164,48.27735651342176,16.0,30.0,0.0,19.313889413310674,51.528208969312,10.0,30.0,0.0,17.762360288714377,57.14621059554957,16.0,30.0,0.0,18.532060901447044,54.403342782234279,16.0,30.0,0.0,19.964316014992336,0.0,0.0,0.0,18.924675586459114,0.0,0.0,543.338029062365,549.2488458018703,550.8697976993453,1091.4042664620764,548.9677963345378,566.132588981226,563.3533238059745,570.5297786878814,570.1070264549202,5383.0969130157059,80.77045113783027,82.6074362969426,162.0,0.0,162.0,162.0,16.0,19.0,16.0,16.0,16.0,12.0,21.0,10.0,1.0,0.0,0.0,0.0,1120.7009540074394,0.0,0.0,0.0,0.0,0.0,2779.9018264960748,1667941.0958976448,2158621.575393682,80.77045113783027,82.63863440331653,0.17766339421653583,0.3857652263534197,0.18014068700982978,82.63863440331653,0.17713239097194376,2158621.575393682,0.11812532192047148 
 04/04  17:40:00,12.866666666666668,66.33333333333333,2.7766666666666666,52.333333333333339,150.83333333333335,0.0,4.0,0.0,0.0,0.0,0.0,0.0,0.0,0.0,0.0,1910.0,0.0,428.77517462029575,21.173220158710895,54.255725841328779,12.856676938457547,342.20157210216237,0.0,21.173220158710888,28.945397199435356,0.0,0.0,20.953461164762709,-283.6934731383917,21.266852055909156,-113.89103207161043,20.585363297248756,-159.38625540143267,20.677989609098025,-55.07128661844712,17.683151886281065,23.526749487775164,20.40749233186829,-129.86558894421683,18.854445011423129,134.95470616470085,17.577496387210475,68.60843994201287,18.370052546716708,83.52060263322483,403.1522825970669,128.45867955257928,0.0,0.0,0.0,0.0,0.0,0.0,0.0,0.0,0.0,0.0,0.0,0.0,0.0,0.0,0.0,0.0,0.0,0.0,0.0,0.0,0.0,0.0,0.8484840702546066,0.25900002144524017,218.3811907691447,255.3517355389228,3804.3554823976135,0.16146166620457345,0.024643111447584473,120.11045603526272,140.71309033310429,1985.8532988556547,0.7770277743388951,0.14683064518875575,195.17825928590009,228.77183586751489,3133.77921752808,0.041407322572082478,0.00782451295768754,18.148668196217775,21.185426428854766,298.0725524434398,0.0,0.0,8.230499275904421,9.751766851479023,81.17275949229684,0.0,0.0,62.9536619946394,73.95126508486337,930.6227975672093,0.0,0.0,225.01559557712614,265.19705983733538,2897.1301195489297,0.0,0.0,30.451121678816557,36.074597161466389,300.2986231258767,0.0,0.0,109.91357887328658,129.8790202447683,1247.8433795688848,26.666407999677085,18.289717420903359,178.20823772885945,209.60514488323907,2861.024381618682,0.0,0.0,132.4252774747696,156.3022157724044,1593.3142687319328,757.2790715686215,21.623472008665457,43.76173583022432,21.5,30.0,0.0,21.19055362393127,45.05035578339031,21.0,30.0,129.64465703508805,20.92884052690262,46.176810491265559,21.0,30.0,0.0,21.134482584103748,56.26208954464113,19.0,30.0,0.0,17.766207260318209,56.777551937050819,12.0,30.0,0.0,20.28439370884559,48.53522642651525,16.0,30.0,0.0,19.30325596321989,51.444568290109717,10.0,30.0,0.0,17.76569625542718,56.92973575343157,16.0,30.0,0.0,18.524605673397873,54.22502594249394,16.0,30.0,0.0,19.89520643201352,0.0,0.0,0.0,18.85780162157435,0.0,0.0,547.7628393659608,555.9333297606636,580.8873128144353,1165.3627121634332,554.8264064305745,563.8523580789213,561.9989541292514,565.7739076336809,564.8341784385877,7634.231027270733,82.95690336259544,82.95690336259544,162.0,0.0,162.0,162.0,21.0,19.0,16.0,16.0,16.0,12.0,21.0,10.0,1.0,0.0,757.2790715686215,0.0,129.64465703508805,0.0,0.0,0.0,0.0,0.0,0.0,0.0,0.0,82.95690336259544,82.95690336259544,0.34,0.7674583956528651,0.36028137401965956,82.95690336259544,0.3542647819438875,0.0,0.005994 
 04/04  17:50:00,12.733333333333333,66.66666666666667,2.558333333333333,43.66666666666667,120.66666666666669,0.0,4.0,0.0,0.0,0.0,0.0,0.0,0.0,0.0,0.0,3820.0,0.0,345.5734909587932,17.515069549261875,44.88180287520882,10.361901014861428,275.79904344220139,0.0,17.515069549261868,23.944427974530023,0.0,0.0,20.884672017801294,-79.99185990363435,21.198836390195944,38.48458272653443,21.080083945438369,-579.7723286276355,20.684367391279744,-38.73198408582881,17.69368519645809,22.45497837027527,20.30755950072367,-116.78651324304895,18.86057552415334,132.4036195543854,17.581232138047548,61.95100466016822,18.367516023097946,69.51433881352603,435.4673219066251,138.9336017353619,0.0,0.0,0.0,0.0,0.0,0.0,0.0,0.0,0.0,0.0,0.0,0.0,0.0,0.0,0.0,0.0,0.0,0.0,0.0,0.0,0.0,0.0,0.9411465681383813,0.28728527720951815,291.41446352271188,342.0618611271925,4919.71296480229,0.19295159690116593,0.029449266926307378,118.09599680245396,138.49636961939178,1976.026195071171,0.6949148270547596,0.13131421524088433,226.00576268896877,264.6290976085696,4076.767356160193,0.06296557145706382,0.011898256133232012,14.373935142203627,16.84407046939371,240.15050457369433,0.0,0.0,8.123768548943066,9.6391470766758,82.31652625736446,0.0,0.0,60.27556317367313,70.9280932877624,896.7872528714123,0.0,0.0,221.5116825931557,261.47666214286638,2902.30600631887,0.0,0.0,29.678747481171713,35.215704726937008,300.3441837232128,0.0,0.0,109.33271927456599,129.39513421811805,1267.1442073452054,26.448250300419976,18.140089369286686,242.85471450101006,286.15337669920407,3984.4932358330186,0.0,0.0,131.04609317881273,154.95166308893128,1591.8691705482143,0.0,21.237490110815306,44.76021066483398,21.0,30.0,0.0,21.162742016610176,45.414861746111927,21.0,30.0,1086.7724962087564,21.76928606785965,43.50347377502668,21.5,30.0,0.0,21.129070497828289,56.09086262288345,19.0,30.0,0.0,17.768802244021225,56.719551470946289,12.0,30.0,0.0,20.198757518436389,48.64407228990509,16.0,30.0,0.0,19.284505979775788,51.34505599587318,10.0,30.0,0.0,17.762156912583497,56.773900598101779,16.0,30.0,0.0,18.510645379043568,54.08923144127795,16.0,30.0,0.0,20.096567310798958,0.0,0.0,0.0,18.781968261563486,0.0,0.0,560.2881467417029,575.0566017230484,573.8143368609724,1166.7921170067528,557.0104139859316,562.09591247569,562.4197957251968,563.429122594805,562.4511928484035,4880.070285455398,82.45984282753997,84.25373012799249,162.0,0.0,162.0,162.0,21.0,19.0,16.0,16.0,16.0,12.0,21.0,10.0,1.0,0.0,0.0,0.0,1086.7724962087564,0.0,0.0,0.0,0.0,0.0,2714.7500262299965,1628850.0157379979,2110556.294452443,82.45984282753997,84.2841962896513,0.17549166754099988,0.3837388775851674,0.18014068700982978,84.2841962896513,0.17713239097194376,2110556.294452443,0.11577892731152702 
 04/04  18:00:00,12.6,67.0,2.34,35.0,90.5,0.0,4.0,0.0,0.0,0.0,0.0,0.0,0.0,0.0,0.0,1912.0,0.0,268.6331066376446,13.925922247903389,35.68470832515742,8.054868512564259,214.3936063818818,0.0,13.925922247903382,19.037791503253275,0.0,0.0,21.019247023336356,-372.0808660031298,21.48986606514545,-65.93473988782046,20.57469935173319,-144.89591044103055,20.697363885021355,-53.16128340827237,17.70293091163957,21.345713871290827,20.19804252554226,-104.29486924548428,18.848678651797497,122.04213190070823,17.5806266908803,59.02309785091745,18.358816663969628,61.3905034172426,413.72086464327597,154.25205060047848,0.0,0.0,0.0,0.0,0.0,0.0,0.0,0.0,0.0,0.0,0.0,0.0,0.0,0.0,0.0,0.0,0.0,0.0,0.0,0.0,0.0,0.0,0.9061812942610985,0.27661211668531707,234.92200511383369,274.72705500502459,4220.588009758903,0.1720339819779876,0.02625671275610312,66.10615438906182,77.45317681409137,1157.358079514926,0.9770282276190044,0.18462362577834558,207.67179517332563,243.47224947954732,3443.4253269550265,0.03837216988975601,0.00725097692550189,18.985149625336918,22.164644100662938,321.8958383014882,0.0,0.0,7.93748987460806,9.404487660674075,82.58240939439455,0.0,0.0,58.63470840764376,68.92401101280172,876.3267135840988,0.0,0.0,218.52777330187534,257.6175084432947,2905.9839271650646,0.0,0.0,29.849494432450255,35.366222710725057,309.57184187959879,0.0,0.0,107.87969543605415,127.50714218745499,1274.7536849371045,25.91899533458202,17.777088706846386,192.05426869154167,225.90814125506859,3179.9356742009615,0.0,0.0,129.77206312452064,153.27545656967355,1588.3507041413187,848.1218583252073,21.647681138343708,43.61531478938916,21.5,30.0,785.1707670393531,21.605582346616385,44.343332119439399,21.5,30.0,131.8573817648581,20.923919081065635,46.283305329700947,21.0,30.0,0.0,21.1350632868049,56.43335987819508,19.0,30.0,0.0,17.769656100823754,56.628766058923989,12.0,30.0,0.0,20.09500435508719,48.84274116729303,16.0,30.0,0.0,19.24730211991504,51.37546076696344,10.0,30.0,0.0,17.752892614556964,56.63361264544925,16.0,30.0,0.0,18.48887519649606,54.02989858253828,16.0,30.0,0.0,19.94242248091817,0.0,0.0,0.0,18.691536587724863,0.0,0.0,563.6072547125422,591.1391456242948,603.089052484313,1198.7331174053048,559.0820455715066,562.5769886851515,563.3666302453933,562.2059103195745,562.2379594354579,9153.257585231098,81.95257338988842,85.33623798916514,162.0,0.0,162.0,162.0,21.0,19.0,16.0,16.0,16.0,12.0,21.0,10.0,1.0,0.0,848.1218583252073,785.1707670393531,131.8573817648581,0.0,0.0,0.0,0.0,0.0,5120.917184382347,3072550.3106294085,3990803.98086343,81.95257338988842,85.39370384705645,0.34069723947941157,0.7704053397659083,0.36028137401965956,85.39370384705645,0.3542647819438875,3990803.98086343,0.21358780700489839 
 04/04  18:10:00,12.548333333333332,67.0,2.33,26.33333333333333,60.33333333333332,0.0,0.0,0.0,0.0,0.0,0.0,4.0,0.0,0.0,0.0,3824.0,0.0,183.7618608960477,10.409735421333189,26.674582289407434,5.510034974771227,146.65865495613208,0.0,10.409735421333183,14.230897532492565,0.0,0.0,20.959604643766047,-95.75892403888042,21.720292114596754,-67.87625470081119,21.172308341133048,-1137.1742388539588,20.621440196492907,218.5420196258442,17.710429416729349,20.3576167829455,20.10095134700542,-82.1770833857579,18.872822248975447,124.60514028178841,17.579829852993624,53.75494382980614,18.348680874077318,49.87707177274217,485.4248763018063,182.15302821318734,0.0,0.0,0.0,0.0,0.0,0.0,0.0,0.0,0.0,0.0,0.0,0.0,0.0,0.0,0.0,0.0,0.0,0.0,0.0,0.0,0.0,0.0,0.9075152955651443,0.27701932099058138,205.40200788876195,240.9506423170518,3614.134133658778,0.08069502324263231,0.012316090238496995,17.80292674604627,20.790178075255555,336.53871190438277,0.8257501560740441,0.1560374444584362,435.7354089776529,510.0684053863001,8098.024263421156,0.18647262132683599,0.03523670093099696,288.1671114357965,338.2774519858911,4865.757991036931,0.0,0.0,7.775549316153782,9.227422639501225,81.68502638775547,0.0,0.0,54.02457887891062,63.62636412198162,805.3213143374605,0.0,0.0,222.36282757583838,262.49705756282278,2988.266982672115,0.0,0.0,30.16956246138658,35.80255060472009,315.3908728553234,0.0,0.0,115.09348246294118,136.22848529664314,1366.4269933984375,26.44099850328076,18.13511557152316,430.0357346298163,506.1216548233934,7165.2853750845329,0.0,0.0,136.74849275108967,161.7777817816392,1668.0540102259034,0.0,21.350467534521813,46.712157691765877,21.0,30.0,0.0,22.07129092482891,45.99790306947871,21.0,30.0,1548.3451541588057,21.818487336573818,46.00950934324564,21.5,30.0,0.0,21.065508401249148,47.51972929201088,16.0,30.0,0.0,17.76929361234698,56.57366411350179,12.0,30.0,0.0,20.022528670689867,49.08751080595506,16.0,30.0,0.0,19.26749288593797,51.80540133530236,10.0,30.0,0.0,17.74311108009753,56.53877898699412,16.0,30.0,0.0,18.465783775597367,53.997392101520407,16.0,30.0,0.0,20.36527193842016,0.0,0.0,0.0,18.61773375603554,0.0,0.0,699.5346395840724,757.2231400357758,740.9807840744164,701.9709650531746,561.6539997875497,570.8896119950864,596.624815525666,562.5634600277172,564.3152808623889,4678.563612622609,82.49384377889257,84.19686331876109,240.0,0.0,240.0,240.0,21.0,16.0,16.0,16.0,16.0,12.0,21.0,10.0,1.0,0.0,0.0,0.0,1548.3451541588057,0.0,0.0,0.0,0.0,0.0,2577.3728493205187,1546423.7095923112,2019078.8497674296,82.49384377889257,84.22578624418493,0.17091242831068396,0.381913413413722,0.18014068700982978,84.22578624418493,0.17713239097194376,2019078.8497674296,0.11403210018790633 
 04/04  18:20:00,12.496666666666667,67.0,2.32,17.666666666666666,30.16666666666666,0.0,0.0,0.0,0.0,0.0,0.0,4.0,0.0,0.0,0.0,956.0,0.0,86.18221836245167,6.698001179451833,17.163388440824176,2.5841485241107478,68.7812912338338,0.0,6.698001179451829,9.156675419622318,0.0,0.0,20.607487687421285,24.91782737997164,21.684397389531136,-110.1632393651796,20.670066410214024,-424.6722756245581,20.533386251302713,106.33842086663845,17.713950575559517,18.834834962424794,19.98874768195718,-61.68088547978596,18.833026676370744,103.94723552443611,17.578701197012543,54.21867562124703,18.33824739904618,54.40939151758994,499.44856399451239,198.9988585907522,0.0,0.0,0.0,0.0,0.0,0.0,0.0,0.0,0.0,0.0,0.0,0.0,0.0,0.0,0.0,0.0,0.0,0.0,0.0,0.0,0.0,0.0,0.946317322947043,0.2888636516932366,154.49169592964535,180.39154720543309,2623.784384255598,0.0,0.0,31.62413687797296,36.7673404944259,598.1479115767475,0.8541724549121322,0.16140824922753828,298.28201383846678,348.5303504916355,5053.6993177106719,0.19662288957910263,0.03715474103913503,194.26347419043393,226.895237659725,3245.587119134797,0.0,0.0,7.299473270898139,8.62469216216511,77.41331839154666,0.0,0.0,54.938506726663529,64.42730568178928,815.1595748460462,0.0,0.0,218.04877489212744,256.39370488829169,2916.703791906065,0.0,0.0,29.991956023958747,35.437949452960889,316.36616375048495,0.0,0.0,114.8228241736258,135.33894799334949,1371.587924182544,26.266266912850307,18.01527223103588,293.63525124108647,343.99695137938377,4965.584367257149,0.0,0.0,136.30478701581616,160.6243103550024,1652.9848494968247,89.27441269348482,21.00328609417227,49.43522490170301,21.0,30.0,0.0,22.062204793619935,48.95529728609638,21.0,30.0,498.8204363251402,21.011691291623888,46.537505850552907,21.0,30.0,0.0,20.904772005323026,49.940125433260529,16.0,30.0,0.0,17.763510249550696,56.7821523086278,12.0,30.0,0.0,19.928921382020527,49.96789473921087,16.0,30.0,0.0,19.177724604340729,51.8861252671969,10.0,30.0,0.0,17.734525445885294,57.239103454391777,16.0,30.0,0.0,18.44553908112685,54.83277679043782,16.0,30.0,0.0,20.31124929174828,0.0,0.0,0.0,18.524874945776003,0.0,0.0,799.1379730505146,933.839513458142,650.1358464074859,816.9527694052991,578.3543330678836,610.4152740708172,591.248285300952,602.6385294992083,608.9516092935066,9023.295288247122,82.03860901510304,82.03860901510304,240.0,0.0,240.0,240.0,21.0,16.0,16.0,16.0,16.0,12.0,21.0,10.0,1.0,0.0,89.27441269348482,0.0,498.8204363251402,0.0,0.0,0.0,0.0,0.0,0.0,0.0,0.0,82.03860901510304,82.03860901510304,0.34,0.616094205131639,0.36028137401965956,82.03860901510304,0.3542647819438875,0.0,0.00908 
 04/04  18:30:00,12.445,67.0,2.3099999999999998,9.0,0.0,0.0,0.0,0.0,0.0,0.0,0.0,4.0,0.0,0.0,0.0,3828.0,0.0,12.925597230922369,3.1631250124626515,8.105394894437879,0.3875767383665747,10.315879341708868,0.0,3.1631250124626497,4.324231703581112,0.0,0.0,21.11612250748006,-383.6026470064678,21.64699953685927,-89.60669283044058,21.252872543238774,-885.3418666805651,20.59136765041565,376.2479495824456,17.71941469702397,19.24943869078332,19.89540659666325,-65.71943007994554,18.87884007379445,161.77988621443707,17.574905202596143,43.40477236849847,18.32320769357817,21.50634332240736,496.5554757317352,227.8271240431418,0.0,0.0,0.0,0.0,0.0,0.0,0.0,0.0,0.0,0.0,0.0,0.0,0.0,0.0,0.0,0.0,0.0,0.0,0.0,0.0,0.0,0.0,0.8624322939114129,0.26325772097417979,199.1071045637902,232.93903207802129,3707.895378770702,0.048617632986160969,0.007420273654786474,23.648471937111905,27.65133182447246,449.9368886069984,0.9368260441125407,0.17702684129110753,328.72949439075566,384.6474678222903,6174.2219001078569,0.23925173221336405,0.045210077893681779,263.2817122826511,308.6279788875787,4540.582885606007,0.0,0.0,7.803228471894777,9.259856896982863,83.4923889674342,0.0,0.0,50.97837167988216,60.07579849902183,755.1089864090455,0.0,0.0,223.07648784772173,263.3228611599054,3043.5791667067876,0.0,0.0,30.617696821848,36.337411332983879,325.0859357386211,0.0,0.0,115.84900656262247,137.1466014965336,1388.027028575256,26.71195531898049,18.320957008902949,329.86633695015936,388.05889532702988,5591.455725832826,0.0,0.0,137.56217825596372,162.85395158183605,1650.944604481758,809.0445282817811,21.823515430503158,45.47077673459191,21.75,30.0,0.0,22.055050171212785,49.7014485256711,21.0,30.0,1537.0782315071065,21.926387215028009,44.84027428865638,21.5,30.0,0.0,21.076348041699999,47.39477665873447,16.0,30.0,0.0,17.76186087904121,56.89798573084848,12.0,30.0,0.0,19.86581257756054,50.33822647271361,16.0,30.0,0.0,19.263081656412767,52.50281593346719,10.0,30.0,0.0,17.720296656943434,57.26841515863299,16.0,30.0,0.0,18.415485984415548,54.87682329202755,16.0,30.0,0.0,20.25899425714737,0.0,0.0,0.0,18.409769741654409,0.0,0.0,715.7322017416709,977.214905885794,703.217341578214,708.9535880507765,587.3886951819467,624.360011951333,644.7587374383912,605.9134613496337,611.5411904082682,7028.430906875751,82.24568341616534,83.98014704154304,240.0,0.0,240.0,240.0,21.0,16.0,16.0,16.0,16.0,12.0,21.0,10.0,1.0,0.0,809.0445282817811,0.0,1537.0782315071065,0.0,0.0,0.0,0.0,0.0,2624.9127914328439,1574947.6748597064,2041241.1193319609,82.24568341616534,84.00960399192603,0.25749709304776149,0.5762647581150998,0.27021103051474468,84.00960399192603,0.2656985864579156,2041241.1193319609,0.11526453820526198 
 04/04  18:40:00,12.39333333333333,67.0,2.3,0.0,0.0,0.0,0.0,0.0,0.0,0.0,0.0,4.0,0.0,0.0,0.0,8622.0,0.0,0.0,0.0,0.0,0.0,0.0,0.0,0.0,0.0,0.0,0.0,20.99790790877355,-433.18089693483946,21.614703345089504,-143.37173215425634,20.769895395498879,-100.81960745688241,20.584254695348908,36.572539246854777,17.72846787504089,17.069675611807857,19.816614315537814,-44.414466280574369,18.891705135978726,83.30808293653291,18.567557898086855,-19.167332687226158,18.29860908476225,11.31728852750966,374.0248691906192,260.52969145764106,0.0,0.0,0.0,0.0,0.0,0.0,0.0,0.0,0.0,0.0,0.0,0.0,0.0,0.0,0.0,0.0,0.0,0.0,0.0,0.0,0.0,0.0,0.8588558179560315,0.2621660005970798,146.88017280733349,171.9099362648814,2678.003144699722,0.005378862218530837,0.000820949667052936,31.69899263054593,37.07081282355659,603.18431605489,1.140055238248508,0.21542993920039894,155.35078217913253,182.35830689836673,2718.7719002155138,0.19774453025881714,0.0373666912809557,109.09099877158411,128.2863356578203,1879.6099534656235,0.0,0.0,7.1677804909120159,8.513746345994708,77.44269359223043,0.0,0.0,47.50789917854866,56.030972019937937,702.2625920923809,0.0,0.0,212.49450129710579,251.12006819134434,2912.6621148097935,0.0,0.0,18.553823920429634,21.9458538542262,250.22987669302007,0.0,0.0,129.60305340162098,153.59635184316023,1556.1149235461733,26.282155928131585,18.026170046729523,165.36972975928027,194.9568360489716,2860.1003130324227,0.0,0.0,137.1136942500046,162.55326116353619,1637.825082621026,796.8950374750489,21.389703143219238,46.490035195591079,21.444444444444487,30.000000000000065,0.0,22.020733373752305,50.28208304633835,21.000000000000044,30.000000000000065,0.0,21.146179595501374,46.530620626374297,21.000000000000044,30.000000000000065,0.0,21.02527827758896,47.427644753973897,16.000000000000033,30.000000000000065,0.0,17.762660081157308,57.129654102926327,12.000000000000029,30.000000000000065,0.0,19.799095592963263,50.96820842557913,19.000000000000044,30.000000000000065,0.0,19.24444523227508,52.66365475043575,10.000000000000022,30.000000000000065,1274.8468853375183,19.25549106646335,52.301332184118759,20.700000000000047,30.000000000000065,0.0,18.375590888914969,55.412717074090469,16.000000000000033,30.000000000000065,0.0,19.785389012409167,0.0,0.0,0.0,18.329184482317019,0.0,0.0,718.401164207739,1016.313885475533,688.4369264253581,705.5760472426091,604.8227088457458,654.5376134828371,659.7899056144098,624.6420965912305,640.370639626549,9407.60736198945,81.78443078076913,82.55310305403727,240.0000000000005,0.0,240.0000000000005,240.0000000000005,21.0,16.0,19.0,16.0,19.7,12.0,21.0,10.0,1.0,0.0,796.8950374750489,0.0,0.0,0.0,0.0,0.0,1274.8468853375183,0.0,1163.3011223523623,697980.6734114152,904493.6153465186,81.78443078076913,82.56615766105418,0.34099892630063496,0.7708097477616731,0.36028137401966039,82.56615766105418,0.3542647819438883,904493.6153465186,0.05619366799801897 
 04/04  18:50:00,12.341666666666667,67.0,2.29,0.0,0.0,0.0,0.0,0.0,0.0,0.0,0.0,4.0,0.0,0.0,0.0,1916.0,0.0,0.0,0.0,0.0,0.0,0.0,0.0,0.0,0.0,0.0,0.0,21.4505740659272,-1297.4693121277369,21.57180629953382,-118.5604010265132,20.71955720213412,330.41852493588206,20.397376641837654,61.56307058731318,17.741276757053883,18.20950652302676,19.741396737320238,-45.40312278777435,18.926172910822446,151.39492616922963,19.398367505389197,-71.28009439017731,18.267642253702968,2.87452203170551,436.8087374628044,309.0782014685433,0.0,0.0,0.0,0.0,0.0,0.0,0.0,0.0,0.0,0.0,0.0,0.0,0.0,0.0,0.0,0.0,0.0,0.0,0.0,0.0,0.0,0.0,0.6748129216090661,0.20598685030801776,295.01621896363226,344.188664532232,5707.776752665558,0.0,0.0,26.881228527675803,31.388898017036366,511.4238404257744,1.5995133260550408,0.30225119539966768,238.1714241123991,278.6257048004559,4227.834294345164,0.22606060600703768,0.04271742365968209,148.7762126862885,174.39204867483427,2473.1528725453756,0.0,0.0,7.737261015247652,9.167703705454973,84.54207254318016,0.0,0.0,47.52974887825845,55.94703064126589,700.3880760071545,0.0,0.0,216.2104421050966,254.85053632512507,3011.5112152148919,0.0,0.0,20.21645801432531,23.682890225960056,337.28616846104117,0.0,0.0,138.18139417995989,163.42238820873215,1659.8007887714899,26.336817789991,18.063661035659128,253.40545367507827,297.6986602275192,4290.843181570839,0.0,0.0,137.8863832015995,163.11248248215805,1639.456876184653,1623.3571749652229,22.150359425786016,43.42890811314716,22.0,30.0,0.0,21.963805938128453,50.34602339078319,21.0,30.0,0.0,21.173804610263205,46.66524872156896,21.0,30.0,0.0,20.71038337144229,48.3313993565608,16.0,30.0,0.0,17.769502401792516,57.35633043607693,12.0,30.0,0.0,19.718905033819796,51.36762570989191,19.0,30.0,0.0,19.300493411220545,52.43723791536734,10.0,30.0,697.8624659070388,20.73114095347068,47.887544815986,20.7,30.0,0.0,18.322993271867646,55.7644204821285,16.0,30.0,0.0,20.009162695399568,0.0,0.0,0.0,18.244414435488357,0.0,0.0,680.2183017567934,1025.7927581437012,701.7759859087795,710.5153137723938,624.9955336824796,670.6364814022875,665.8157852236653,644.8286932901692,654.9350562913743,6848.22150328056,83.47640176780166,83.47640176780166,240.0,0.0,240.0,240.0,21.0,16.0,19.0,16.0,19.7,12.0,21.0,10.0,1.0,0.0,1623.3571749652229,0.0,0.0,0.0,0.0,0.0,697.8624659070388,0.0,0.0,0.0,0.0,83.47640176780166,83.47640176780166,0.34,0.7681193215466866,0.36028137401965956,83.47640176780166,0.3542647819438875,0.0,0.00912 
 04/04  19:00:00,12.29,67.0,2.28,0.0,0.0,0.0,0.0,0.0,0.0,0.0,0.0,4.0,0.0,0.0,0.0,3832.0,0.0,0.0,0.0,0.0,0.0,0.0,0.0,0.0,0.0,0.0,0.0,20.934651926097574,-80.92220394717129,21.55881222937218,-110.02791737492632,21.159275752405827,-1005.4903459618395,20.451016143762247,425.5983508717568,17.75715167160737,16.646623883705247,19.686046413416034,-28.414210683766784,18.916406876191755,36.91847044117844,19.038997140019327,-47.30664228477514,18.24547755204305,6.1389607257665379,500.90892265837376,362.96496224113187,0.0,0.0,0.0,0.0,0.0,0.0,0.0,0.0,0.0,0.0,0.0,0.0,0.0,0.0,0.0,0.0,0.0,0.0,0.0,0.0,0.0,0.0,0.864939330081668,0.2640229945304237,239.55188417654285,281.0567341759388,4263.6658151932119,0.0,0.0,29.880485173206389,34.91669349174354,571.0309508130863,1.0025470077633845,0.18944576866277114,421.99808602391576,493.80392050562787,7900.148002829697,0.24154346646154893,0.04564313425199335,293.8870459615299,344.9857630664261,5016.792021522015,0.0,0.0,7.097227420933099,8.425230270543029,78.418991790211,0.0,0.0,42.18847611921901,49.741110741923879,622.0701597411004,0.0,0.0,212.04625978084747,250.44004299294478,2949.143928363907,0.0,0.0,25.893780167907197,30.5056973231714,400.50850490981767,0.0,0.0,148.97384112119867,176.52182031103306,1794.9692555899235,26.397676879837847,18.105402523894278,426.3091245957936,501.2757137967154,7215.606410064347,0.0,0.0,149.85185263930044,177.60252254286298,1790.535189060637,0.0,21.22898592948316,46.52867361055945,21.0,30.0,0.0,21.955442512698796,50.77569034813612,21.0,30.0,1339.6106621526668,21.71318923561099,44.69086701959898,21.5,30.0,0.0,20.864519993911743,47.3557654682682,16.0,30.0,0.0,17.780652124926687,57.428805968039359,12.0,30.0,0.0,19.672032902918944,51.51902057887194,19.0,30.0,0.0,19.23774218494785,52.64306747377669,10.0,30.0,12.244489956013304,20.017488898545396,50.11539002010756,19.7,30.0,0.0,18.289388180425854,55.85418081875859,16.0,30.0,0.0,20.27241965916418,0.0,0.0,0.0,18.22275551555026,0.0,0.0,707.7959536673355,1049.8978288323447,685.9167515435174,695.4669401855754,636.5488810011086,677.4417670081252,671.7020819506133,658.5309353191177,661.5159841970001,9530.960818865806,81.70287953996355,83.42757768781121,240.0,0.0,240.0,240.0,21.0,16.0,19.0,16.0,19.7,12.0,21.0,10.0,1.0,0.0,0.0,0.0,1339.6106621526668,0.0,0.0,0.0,12.244489956013304,0.0,2610.1486821772925,1566089.2093063754,2030439.7172517677,81.70287953996355,83.45686878796657,0.34200495607257649,0.7693048992460391,0.36028137401965956,83.45686878796657,0.3542647819438875,2030439.7172517677,0.11466286529709191 
 04/04  19:10:00,12.108333333333335,67.66666666666667,2.385,0.0,0.0,0.0,0.0,1.0,2.0,0.0,0.0,4.0,0.0,0.0,0.0,3832.0,0.0,0.0,0.0,0.0,0.0,0.0,0.0,0.0,0.0,0.0,0.0,21.04384014631983,-250.44837271532675,21.53389462528981,-126.12061196946024,21.09678705458658,-682.2643347158464,20.516724427003895,159.2127424392064,17.771350484430657,13.96785236083015,19.73028113659192,-1.2042401646402397,18.794519080853648,51.405142271400567,19.572030592158897,-121.66337808355263,18.211772963687279,-30.791335774620849,410.30001477758767,368.42562898142367,0.0,0.0,0.0,0.0,0.0,0.0,0.0,0.0,0.0,0.0,0.0,0.0,0.0,0.0,0.0,0.0,0.0,0.0,0.0,0.0,0.0,0.0,0.8869426298109724,0.27073950848930786,137.8884911686733,161.74624851536209,2553.7791512716319,0.019373855105581318,0.002956937592426941,31.347318681465639,36.67824550621448,608.7420395433961,0.9657831232131009,0.1824987005315762,237.4080298233132,277.8857959140116,4479.636597509714,0.20908375017929627,0.03950940101649588,177.41450540553519,208.00613119878669,3121.5761342128027,0.0,0.0,6.991415147791353,8.296126791372377,79.91945205432154,0.0,0.0,9.38841466002463,11.062590122786592,143.65560094462163,0.0,0.0,162.38565726186998,191.9070180885854,2247.806420708904,0.0,0.0,34.550146755905959,40.581340550803499,594.3464508339506,0.0,0.0,136.5840389177915,161.86749452886716,1680.177930477286,26.6500174499631,18.278475617258647,238.13882109743722,280.2909623327905,4174.661361867074,0.0,0.0,138.4283256017116,164.12764633172018,1668.8704870969287,664.3464642977363,21.47894005411245,46.0995311341692,21.5,30.0,0.0,21.922576130667055,50.1287872963978,21.0,30.0,1275.8154203361749,21.574221794260337,44.88077352609027,21.5,30.0,0.0,20.928655217208119,47.5977672444485,16.0,30.0,0.0,17.788392675305738,57.55925297755866,12.0,30.0,0.0,19.768803978121985,53.237927889131288,19.0,30.0,0.0,19.019796960537059,53.654248716583818,10.0,30.0,908.2800477351307,20.751712175787064,48.74072309752113,20.45,30.0,0.0,18.23224951082982,56.24911802799277,16.0,30.0,0.0,19.956070527790577,0.0,0.0,0.0,18.093235265789315,0.0,0.0,730.6605766267525,1022.5560243068314,691.1900541042649,722.4403388065944,651.7525892878471,804.3810095648844,697.6553018704312,727.1249041624191,682.8827011031947,9418.689670726939,81.77710178267061,83.49005927289254,270.0,0.0,270.0,270.0,21.0,16.0,19.0,16.0,19.7,12.0,21.0,10.0,1.0,0.0,664.3464642977363,0.0,1275.8154203361749,0.0,0.0,0.0,908.2800477351307,0.0,2592.3981137956059,1555438.8682773635,2014421.1088503388,81.77710178267061,83.51915097770513,0.34141327045985356,0.7677684866947002,0.36028137401965956,83.51915097770513,0.3542647819438875,2014421.1088503388,0.11491989766021763 
 04/04  19:20:00,11.926666666666666,68.33333333333334,2.49,0.0,0.0,0.0,0.0,1.0,2.0,0.0,0.0,4.0,0.0,0.0,0.0,3832.0,0.0,0.0,0.0,0.0,0.0,0.0,0.0,0.0,0.0,0.0,0.0,20.847964408051867,-214.78052245143273,21.521488099478569,-111.78506454171694,20.883729712266509,-344.8673770315618,20.512842060819744,131.9393664635011,17.788441224081617,15.039211316673601,19.79314194010224,-5.4939808280987709,18.811905491870939,54.26381223295948,19.281128126562427,-68.24268050489434,18.178480059062538,-23.619252783814546,467.97280613479986,376.165679425573,0.0,0.0,0.0,0.0,0.0,0.0,0.0,0.0,0.0,0.0,0.0,0.0,0.0,0.0,0.0,0.0,0.0,0.0,0.0,0.0,0.0,0.0,0.8963907001676085,0.27362353484969739,186.44665823236177,219.113830980622,3455.252166553956,0.0,0.0,30.52181996913325,35.67153371151185,603.1572325598314,1.1214127358499453,0.2119071685279565,261.4018476907517,306.81604496747596,4913.897397377997,0.2179273977971266,0.04118053624284326,158.89595164968515,186.45199739135289,2849.6012399350618,0.0,0.0,7.170200196512838,8.512404137325684,84.77251356802396,0.0,0.0,9.548229500533857,11.245703930673673,151.75203615736653,0.0,0.0,173.90578043056079,205.56733098851266,2480.6572189693108,0.0,0.0,27.893251228503954,32.82510471331055,460.01987710239907,0.0,0.0,143.92060272767098,170.61245502315709,1809.566370645624,27.216492101294045,18.667004184700997,267.2688437822613,315.0247557136649,4809.932847536131,0.0,0.0,145.1735375456506,172.19335610210119,1781.644200255575,108.03016179628622,21.211135271984856,47.11387183193606,21.0,30.0,0.0,21.918283606680299,50.4996959741569,21.0,30.0,20.736832645243994,21.33150282608068,45.64212770161548,21.0,30.0,0.0,20.931252116780138,47.3640122366395,16.0,30.0,0.0,17.802779898844187,57.70492440079714,12.0,30.0,0.0,19.888724653576465,55.054286034549267,19.0,30.0,0.0,19.047636609685584,53.64951134609203,10.0,30.0,0.0,20.211681793037429,51.184278692157878,19.7,30.0,0.0,18.184647988852157,56.72522205706829,16.0,30.0,0.0,20.018121111550145,0.0,0.0,0.0,18.017066367605339,0.0,0.0,750.9057900842629,1050.7711987013602,700.7545837696201,722.2851399775458,671.3636820420948,944.3172749301559,715.9196724019137,781.2482409856463,712.2812540124522,2493.623293560218,81.21471392091363,81.21471392091363,270.0,0.0,270.0,270.0,21.0,16.0,19.0,16.0,19.7,12.0,21.0,10.0,1.0,0.0,108.03016179628622,0.0,20.736832645243994,0.0,0.0,0.0,0.0,0.0,0.0,0.0,0.0,81.21471392091363,81.21471392091363,0.085,0.15484022712597504,0.09007034350491489,81.21471392091363,0.08856619548597188,0.0,0.010065 
 04/04  19:30:00,11.745,69.0,2.5949999999999999,0.0,0.0,0.0,0.0,1.0,2.0,0.0,0.0,4.0,0.0,0.0,0.0,3836.0,0.0,0.0,0.0,0.0,0.0,0.0,0.0,0.0,0.0,0.0,0.0,21.20547624064801,-379.45912809222446,21.514298653658107,-78.88351927026065,21.130829566275066,-859.0693563289756,20.604979302711599,407.1079712789374,17.80631713345047,15.667251740491225,19.82904360579214,-23.547566873199189,18.843417529075709,119.8264038264947,19.303767515916549,-62.045248161743078,18.13942528906634,-49.83580362156158,512.1401488849106,386.983979567357,0.0,0.0,0.0,0.0,0.0,0.0,0.0,0.0,0.0,0.0,0.0,0.0,0.0,0.0,0.0,0.0,0.0,0.0,0.0,0.0,0.0,0.0,0.8918586889506612,0.27224013704232638,114.93148125510955,134.63669570785107,2301.130445393353,0.07140694485920095,0.010898495857631403,20.486820987068115,23.935120846157799,413.84900062777475,0.9206754919888569,0.1739749606932837,297.6387774982479,348.86655331185986,5932.266843107859,0.2662280338012099,0.05030764055200489,306.80167349501928,360.3082744864275,5720.427513138324,0.0,0.0,8.13074570781127,9.652327934559665,99.35643722854216,0.0,0.0,10.6128124879026,12.49743787100724,173.93322087473684,0.0,0.0,185.63558175041963,219.34409706947353,2742.136050003782,0.0,0.0,23.604872613615656,27.77873577519228,395.73147847120256,0.0,0.0,146.63613406572629,173.83115128724408,1879.2213923228658,28.12233561911159,19.288296035055969,304.62246154694778,359.04010737091996,5540.136441941286,0.0,0.0,147.16319210837885,174.58247516951529,1827.3133680052998,642.5329950502087,21.7332577910894,45.61973454835584,21.5,30.0,0.0,21.920424711152227,51.37160352668071,21.0,30.0,1256.0216080666754,21.7272508593109,44.39996096844361,21.5,30.0,0.0,21.145290854966875,46.771357595540859,16.0,30.0,0.0,17.818897309202204,57.8659090007863,12.0,30.0,0.0,19.95812626585066,56.35144372901102,19.0,30.0,0.0,19.123795514977048,53.493253586110927,10.0,30.0,608.5202066334636,20.111271184752085,52.02660091246194,20.2,30.0,0.0,18.122798979988944,57.270313341872839,16.0,30.0,0.0,20.1236650262674,0.0,0.0,0.0,17.902994263902039,0.0,0.0,760.3325867373862,1107.4703667712634,705.4135746211281,736.2950558585657,693.5108587034874,1043.7274939329896,735.7325702499352,823.5718799991528,740.0366537097478,9784.029227529136,81.53544237785335,83.46931372571459,270.0,0.0,270.0,270.0,21.0,16.0,19.0,16.0,19.7,12.0,21.0,10.0,1.0,0.0,642.5329950502087,0.0,1256.0216080666754,0.0,0.0,0.0,608.5202066334636,0.0,2926.3545315476819,1755812.718928609,2273067.9127781905,81.53544237785335,83.50215728121356,0.35254515105158948,0.76982246545127,0.36028137401965956,83.50215728121356,0.3542647819438875,2273067.9127781905,0.1281595314644659 
 04/04  19:40:00,11.563333333333333,69.66666666666666,2.7,0.0,0.0,0.0,0.0,1.0,2.0,0.0,0.0,4.0,0.0,0.0,0.0,1918.0,0.0,0.0,0.0,0.0,0.0,0.0,0.0,0.0,0.0,0.0,0.0,20.687757209914105,-51.72204007565642,21.504957912387736,-117.01834601966198,21.193339906068155,-771.314557928783,20.578431904943505,159.7543884354941,17.82551515668115,14.243317609094618,19.85358132200983,-4.355650310553074,18.790159132222948,15.346424385449155,19.304750630550257,-62.31563780391923,18.105462913163359,-35.19960969997419,527.1151227795044,431.55240219216196,0.0,0.0,0.0,0.0,0.0,0.0,0.0,0.0,0.0,0.0,0.0,0.0,0.0,0.0,0.0,0.0,0.0,0.0,0.0,0.0,0.0,0.0,1.0274010127944249,0.313614472769971,186.58205785588553,218.69834540746155,3488.4077738165049,0.02046006266207381,0.003122720186519202,31.914460030565836,37.227190840010468,653.5887931133142,0.9376031477692135,0.17717368627536166,277.5363965283411,324.45102997003246,5620.881086441344,0.21614419371489999,0.040843574020200289,198.71959121496907,233.13063590537019,3748.614568300408,0.0,0.0,6.98113405694881,8.276551308812437,88.13675132325759,0.0,0.0,9.996346248214195,11.743568117869419,168.59608360142844,0.0,0.0,178.37949295113294,210.59383395613606,2654.5256872880456,0.0,0.0,28.335939962861518,33.311375041340628,479.55222080760145,0.0,0.0,151.30597667129474,179.16326692676294,1981.225939338594,28.2219090272254,19.356590553652546,287.0942995836727,337.54437027537406,5364.500377972414,0.0,0.0,153.05202540889582,181.3395727882497,1952.9183681510822,34.81548591455865,20.91727490149505,47.6690184160411,21.0,30.0,0.0,21.90881407571956,51.090820421627089,21.0,30.0,1334.573580355769,21.70652768322168,44.60411401917621,21.5,30.0,0.0,21.046522042281869,46.74785264634441,16.0,30.0,0.0,17.838003209879738,58.07333780734318,12.0,30.0,0.0,20.012678695883908,57.74689050651159,19.0,30.0,0.0,18.98774961988562,54.1429040051349,10.0,30.0,0.0,20.058074588916015,52.29527013652289,19.7,30.0,0.0,18.076696266319538,57.5014419947156,16.0,30.0,0.0,20.112808304857454,0.0,0.0,0.0,17.89238712861453,0.0,0.0,753.9468837213041,1098.6544261580287,715.0586985754574,726.613783201397,717.8960634237177,1143.937320615401,746.300779587953,836.2172912214696,750.0914483246836,10272.193176476254,81.21269952818889,84.62795648524053,270.0,0.0,270.0,270.0,21.0,16.0,19.0,16.0,19.7,12.0,21.0,10.0,1.0,0.0,34.81548591455865,0.0,1334.573580355769,0.0,0.0,0.0,0.0,0.0,5168.6823457942,3101209.40747652,4014750.4174724614,81.21269952818889,84.68595888624627,0.34228941152647338,0.7696568132510717,0.36028137401965956,84.68595888624627,0.3542647819438875,4014750.4174724614,0.218622021708568 
 04/04  19:50:00,11.381666666666668,70.33333333333334,2.805,0.0,0.0,0.0,0.0,1.0,2.0,0.0,0.0,4.0,0.0,0.0,0.0,3836.0,0.0,0.0,0.0,0.0,0.0,0.0,0.0,0.0,0.0,0.0,0.0,21.192223313819015,-520.2329798444084,21.4885974145692,-102.36371878403526,21.093945390761648,-334.5716569409983,20.520786681177517,188.62657477593712,17.840302883967558,12.927428005303618,19.86653165258334,-15.20253303806787,18.769851169987619,93.53469897572245,19.364314335907637,-68.65240795401403,18.077666343293346,-54.66912381010911,535.8197602884457,404.69012036728466,0.0,0.0,0.0,0.0,0.0,0.0,0.0,0.0,0.0,0.0,0.0,0.0,0.0,0.0,0.0,0.0,0.0,0.0,0.0,0.0,0.0,0.0,0.9336072417188526,0.2849838955185753,235.98596995463789,276.6593710343207,4852.718049512025,0.02127155607812682,0.003246574492998599,27.846342471306536,32.57536655551099,579.2779887690108,1.1438650189244657,0.21614985240447205,299.7601136775496,351.86975757494465,5942.188641565801,0.23891728090118415,0.045146878477170079,229.60727559101879,269.70455745350298,4366.707625410099,0.0,0.0,7.533496003728981,8.94124963700206,98.02377599156238,0.0,0.0,10.681841840542682,12.569829499256656,184.5625570618098,0.0,0.0,176.7489614601156,208.96113570826808,2689.699511531613,0.0,0.0,26.678793224915343,31.41181577040144,465.3133589157328,0.0,0.0,143.13817317184658,169.7615881878318,1915.211450476914,28.705465395432776,19.688247870667206,307.81989720406969,362.84582053431196,5852.116250029973,0.0,0.0,144.25970631644933,171.25209731920843,1855.6424126593843,782.5359660742057,21.650181107567417,45.22811513101222,21.5,30.0,0.0,21.88950780596684,50.723357592532398,21.0,30.0,0.0,21.345169141376738,45.55891076762761,21.0,30.0,0.0,20.954610573729469,47.05985046904829,16.0,30.0,0.0,17.849547903790755,58.24482963015416,12.0,30.0,0.0,20.040970792533437,58.64438314894918,19.0,30.0,0.0,18.97570244558535,54.10528933496461,10.0,30.0,599.2726388664671,20.10961003294102,52.15987092415001,20.2,30.0,0.0,18.03832809921144,57.86448190870129,16.0,30.0,0.0,20.0990756094214,0.0,0.0,0.0,17.756821196015755,0.0,0.0,742.9532500142394,1081.6669057026459,719.0065539293265,733.7774260990929,735.1575457008254,1206.3724587589159,753.2976161659666,846.3060658372676,766.6408512453106,9463.309831902536,81.74759066043329,83.45961729340513,270.0,0.0,270.0,270.0,21.0,16.0,19.0,16.0,19.7,12.0,21.0,10.0,1.0,0.0,782.5359660742057,0.0,0.0,0.0,0.0,0.0,599.2726388664671,0.0,2590.9907546454817,1554594.452787289,2011876.9267211485,81.74759066043329,83.48869318917136,0.34136635848818278,0.7700161494975435,0.36028137401965956,83.48869318917136,0.3542647819438875,2011876.9267211485,0.11432260018949972 
 04/04  20:00:00,11.2,71.0,2.91,0.0,0.0,0.0,0.0,1.0,2.0,0.0,0.0,4.0,0.0,0.0,0.0,1918.0,0.0,0.0,0.0,0.0,0.0,0.0,0.0,0.0,0.0,0.0,0.0,21.010048572008765,-317.4354173612037,21.46988308897049,-133.74288425930423,21.263517381624827,-969.1454632899877,20.46957242363154,179.03114384730544,17.85689514937269,12.909566441903579,19.871735761810958,-2.9916296377456605,18.754429794038204,11.470692763661646,19.3683160526989,-70.76361867452818,18.03943111568643,-53.98104034849712,527.511957048715,451.17097671715649,0.0,0.0,0.0,0.0,0.0,0.0,0.0,0.0,0.0,0.0,0.0,0.0,0.0,0.0,0.0,0.0,0.0,0.0,0.0,0.0,0.0,0.0,1.0364007578534698,0.31636164769641936,234.78247846461009,274.90997675931029,4774.879410446501,0.0,0.0,34.003336554250228,39.692230447645879,717.3632448795814,0.9956382222411628,0.18814025363589632,310.58915703973755,362.8427148387749,6565.533768738365,0.22724610416612363,0.0429414406965464,218.0068961487304,255.76178685023457,4188.478454267789,0.0,0.0,6.910864394374919,8.193171724945579,92.67496255898024,0.0,0.0,10.810571201071206,12.696747437522433,191.1671330459742,0.0,0.0,175.1073147562164,206.807427140721,2709.2462947669339,0.0,0.0,29.719432652780925,34.94150021024596,525.5047908011712,0.0,0.0,148.96277677644668,176.45638558340876,2032.0142755820726,28.976225339502898,19.87395427949445,320.1853176516458,376.43844000547167,6127.7199740465289,0.0,0.0,150.86655147619767,178.858395455414,1989.6040911081819,671.5977606064464,21.37914177960013,46.06938267288034,21.5,30.0,0.0,21.8613378013536,50.34877433444957,21.0,30.0,1613.518129583145,21.733446091767648,44.3481885161646,21.5,30.0,0.0,20.864973792452014,47.33205757975624,16.0,30.0,0.0,17.865589013157327,58.42601984167554,12.0,30.0,0.0,20.060011682626177,59.40085033262861,19.0,30.0,0.0,18.918372523573724,54.3999553972932,10.0,30.0,0.0,20.07402988954226,52.283386015557187,19.7,30.0,0.0,17.983135801335267,58.12904151444994,16.0,30.0,0.0,19.95673192834554,0.0,0.0,0.0,17.737081153362227,0.0,0.0,750.395553314748,1064.5772787159227,716.4226046499052,738.325009090735,755.8281825405968,1260.98950172099,761.5894751493709,851.9841645056415,776.3756363412056,9007.502849366781,82.04895576668733,82.04895576668733,270.0,0.0,270.0,270.0,21.0,16.0,19.0,16.0,19.7,12.0,21.0,10.0,1.0,0.0,671.5977606064464,0.0,1613.518129583145,0.0,0.0,0.0,0.0,0.0,0.0,0.0,0.0,82.04895576668733,82.04895576668733,0.34,0.7696623129052677,0.36028137401965956,82.04895576668733,0.3542647819438875,0.0,0.009555000000000001 
 04/04  20:10:00,11.056666666666667,71.83333333333334,2.9483333333333339,0.0,0.0,0.0,0.0,0.0,2.0,0.0,0.0,4.0,0.0,0.0,0.0,2877.0,0.0,0.0,0.0,0.0,0.0,0.0,0.0,0.0,0.0,0.0,0.0,21.022851427005429,-190.55039190069508,21.451149437484625,-111.97763035788967,20.891436500746683,-501.50086650507128,20.478860665042196,194.69122465316833,17.870786216629744,11.802348093716973,19.97156871185757,-12.852732915595235,18.733185136889426,62.586487428750839,18.983292886390779,-38.4589333624206,18.010562947519504,-61.90415462986614,547.9468713270853,421.18682901389459,0.0,0.0,0.0,0.0,0.0,0.0,0.0,0.0,0.0,0.0,0.0,0.0,0.0,0.0,0.0,0.0,0.0,0.0,0.0,0.0,0.0,0.0,0.9946092789611318,0.30360478600767157,185.24999374633135,217.3254127241636,3751.431116775656,0.01765568441106042,0.002694701527939625,30.0219122921501,35.10029792408554,641.0017463235447,1.0993465739079654,0.20773744782841378,298.5255072686278,350.44098057009827,6009.9152232824449,0.24214653794783853,0.045757093338593807,225.50955395050034,264.9746424804041,4413.14794022837,0.0,0.0,7.266025128435681,8.621069264832349,99.68494506454869,0.0,0.0,11.199448818603852,13.16242355808322,204.0949627505537,0.0,0.0,175.83935071581517,207.9001619674716,2759.13615170876,0.0,0.0,23.8132088259146,28.10793923001922,401.8701838312104,0.0,0.0,143.2724972946499,169.93234452411444,1984.8878005083337,29.318157591448899,20.108475714299666,301.2633853465315,354.9905668614957,5922.607454494875,0.0,0.0,144.30786195796169,171.36063037214005,1906.701126343468,0.0,21.252227053482213,46.59490103588644,21.0,30.0,0.0,21.83814223511309,50.168694789463888,21.0,30.0,96.22541840131903,21.172290120747328,45.76525545159335,21.0,30.0,0.0,20.89524120885131,47.02615157198371,16.0,30.0,0.0,17.87684628022172,58.58390206701796,12.0,30.0,0.0,20.1924098343913,59.40920870502647,19.0,30.0,0.0,18.88691868976002,54.55888782631111,10.0,30.0,0.0,19.47347972453056,53.3445544243017,12.0,30.0,0.0,17.945427722396738,58.350354621906479,16.0,30.0,0.0,20.039452654049116,0.0,0.0,0.0,17.60385999280295,0.0,0.0,763.0002026482944,1056.62854961226,716.1194665595214,734.2034159463029,771.854908369397,1294.8647111809906,771.8876129347032,804.8182324695922,786.6313284885289,3220.1223736511244,81.0295709893099,81.0295709893099,570.0,0.0,570.0,570.0,21.0,16.0,19.0,16.0,12.0,12.0,21.0,10.0,1.0,0.0,0.0,0.0,96.22541840131903,0.0,0.0,0.0,0.0,0.0,0.0,0.0,0.0,81.0295709893099,81.0295709893099,0.11333333333333336,0.20668441080731374,0.12009379133988653,81.0295709893099,0.11808826064796252,0.0,0.019855 
 04/04  20:20:00,10.913333333333334,72.66666666666667,2.9866666666666674,0.0,0.0,0.0,0.0,0.0,2.0,0.0,0.0,4.0,0.0,0.0,0.0,3840.0,0.0,0.0,0.0,0.0,0.0,0.0,0.0,0.0,0.0,0.0,0.0,21.254804458593236,-401.3353209176141,21.44678213176445,-84.99922209055106,21.41445884327843,-1008.9146577093222,20.562165076484108,418.7555732078067,17.884146552899517,11.949017064856499,20.064685382515124,-27.49199771390883,18.769161215099019,102.11971306517671,18.726477767682945,-15.466511728728321,17.973344551100785,-77.89560710096157,575.1570648385641,432.8883981253864,0.0,0.0,0.0,0.0,0.0,0.0,0.0,0.0,0.0,0.0,0.0,0.0,0.0,0.0,0.0,0.0,0.0,0.0,0.0,0.0,0.0,0.0,1.0173068534977892,0.3105332275634277,198.0636508281725,232.00646328841948,4276.970000221305,0.0932362953752315,0.01423020381184852,22.538178402525685,26.394563533387733,489.21957737553677,1.0022806439294359,0.18939543536081564,321.7944296345459,376.9042907192261,7025.189460356296,0.2712602944851837,0.051258559048598568,284.94351697428808,334.54992150166228,5769.220714651372,0.0,0.0,7.8138518732662,9.273272168357181,109.62821691542041,0.0,0.0,11.262105415000175,13.240027762254819,211.27671736798704,0.0,0.0,186.15367234750623,220.13013199086513,3000.9959748393637,0.0,0.0,15.814234679339002,18.706513181893685,258.149091546383,0.0,0.0,145.7069663543454,172.93371923596789,2045.153155652014,29.891825029966399,20.501937606286974,326.9718829639851,385.2125720477858,6579.231053519326,0.0,0.0,145.66791978526894,173.11596675832164,1939.777978006291,753.6912962533579,21.77401614898787,44.63605372354895,21.75,30.0,0.0,21.83826932603198,50.56978410159746,21.0,30.0,1651.4087398913003,21.944203340504005,43.674094705066,21.5,30.0,0.0,21.07257050069408,46.222145018036069,16.0,30.0,0.0,17.888200987851307,58.622461480507258,12.0,30.0,0.0,20.324231273686327,59.09811693425011,19.0,30.0,0.0,18.95794943856511,54.28119427964443,10.0,30.0,0.0,19.049385629754604,54.41130093897549,12.0,30.0,0.0,17.892020915671794,58.52988433231813,16.0,30.0,0.0,20.046572209687754,0.0,0.0,0.0,17.510327068373095,0.0,0.0,745.700734535671,1084.770497738572,721.169656657647,727.0632695241625,782.9254858223503,1309.6396366392679,777.7203953487664,789.3368635346012,792.7708497939967,7148.66710107381,82.16371402713196,83.94847697891575,570.0,0.0,570.0,570.0,21.0,16.0,19.0,16.0,12.0,12.0,21.0,10.0,1.0,0.0,753.6912962533579,0.0,1651.4087398913003,0.0,0.0,0.0,0.0,0.0,2700.95616018243,1620573.6961094579,2100278.382771343,82.16371402713196,83.97878817884343,0.260031872006081,0.5760281300027431,0.27021103051474468,83.97878817884343,0.2656985864579156,2100278.382771343,0.1294178092374432 
 04/04  20:30:00,10.77,73.5,3.0250000000000005,0.0,0.0,0.0,0.0,0.0,2.0,0.0,0.0,4.0,0.0,0.0,0.0,1922.0,0.0,0.0,0.0,0.0,0.0,0.0,0.0,0.0,0.0,0.0,0.0,21.264661456956746,-481.80416791069617,21.452345996561819,-101.92844946097472,20.81080042955037,-186.37840868615695,20.560298394685284,48.004288421437198,17.89927679300829,12.684356577725993,20.136939082798297,-21.90498098274864,18.79826446979478,31.756143314018574,18.534125056591173,-5.563172420231609,17.93531108899039,-74.95252223166745,592.3809049681258,476.22522799545598,0.0,0.0,0.0,0.0,0.0,0.0,0.0,0.0,0.0,0.0,0.0,0.0,0.0,0.0,0.0,0.0,0.0,0.0,0.0,0.0,0.0,0.0,1.0327766835643582,0.3152553979134183,160.97261450342709,187.97961147198277,3557.1726190334036,0.055810991104254668,0.008518161035447905,28.205806628010686,32.92366953828639,620.0091077101711,1.2784450276168067,0.24158069304928329,346.5983564423692,406.6368903699596,7033.057800305955,0.24112374590187977,0.0455638219769236,236.287775733485,277.36102682435128,4835.224597863877,0.0,0.0,7.556086550418234,8.956674713442045,108.43775706789066,0.0,0.0,11.75060304493554,13.783781312455965,226.2582530850523,0.0,0.0,191.357573130077,225.97954168938055,3146.927755652965,0.0,0.0,11.06247509793861,13.082420893605417,177.07696569800334,0.0,0.0,151.87514509816507,180.03652439110659,2160.5255731535505,29.97049759628601,20.555896842445827,335.48174130196528,394.7538483690498,6779.834274909848,0.0,0.0,151.80407937780809,180.17218969780437,2058.4923888739988,819.9584344791,21.683754141991409,45.09144333093283,21.5,30.0,0.0,21.851493892891626,51.03105257108378,21.0,30.0,0.0,20.94971022395884,46.51022309205184,21.0,30.0,0.0,21.010705714106984,46.236725070457698,16.0,30.0,0.0,17.90388801531686,58.57484251285549,12.0,30.0,0.0,20.428896523739867,58.79838047568222,19.0,30.0,0.0,18.97838729507506,54.25609381782484,10.0,30.0,0.0,18.741779402456719,55.327609571981259,12.0,30.0,0.0,17.839694416021133,58.63324751149362,16.0,30.0,0.0,20.09688668782818,0.0,0.0,0.0,17.48592675466565,0.0,0.0,759.6815873320786,1117.4134863036625,728.6880955497048,723.667069470249,791.6762867854371,1317.7922205970027,783.3500400362812,786.372115874683,794.6387267592911,9006.14609877321,82.0498356953247,82.0498356953247,570.0,0.0,570.0,570.0,21.0,16.0,19.0,16.0,12.0,12.0,21.0,10.0,1.0,0.0,819.9584344791,0.0,0.0,0.0,0.0,0.0,0.0,0.0,0.0,0.0,0.0,82.0498356953247,82.0498356953247,0.34,0.7701130286369082,0.36028137401965956,82.0498356953247,0.3542647819438875,0.0,0.020551666666666667 
 04/04  20:40:00,10.626666666666666,74.33333333333333,3.0633333333333336,0.0,0.0,0.0,0.0,0.0,2.0,0.0,0.0,4.0,0.0,0.0,0.0,3844.0,0.0,0.0,0.0,0.0,0.0,0.0,0.0,0.0,0.0,0.0,0.0,21.138450118257795,-130.36493785357414,21.438441771482098,-116.98215561843552,21.292911599187918,-1105.6835942324956,20.453953328230264,345.20830670783979,17.912063705905547,11.844197530588005,20.190969123926725,-18.794466945228537,18.751205773462858,19.15628903385027,18.416528148860516,-7.315158964662821,17.90738018939787,-78.07554203360428,596.1822482233833,471.52010044226338,0.0,0.0,0.0,0.0,0.0,0.0,0.0,0.0,0.0,0.0,0.0,0.0,0.0,0.0,0.0,0.0,0.0,0.0,0.0,0.0,0.0,0.0,1.084723236787994,0.33111209914163439,219.84093870100706,258.05692648952927,4673.495759825195,0.032961775997623,0.005030796092433303,31.375377634537416,36.72310265441553,696.4799846010803,1.1556764387941206,0.21838179115535165,389.36783393859687,455.9863968123405,8552.952658145005,0.2617514755690751,0.04946173007730064,240.86896171954658,282.6850194801439,4926.3127933252549,0.0,0.0,7.240201877778989,8.595075847664634,106.13113923350396,0.0,0.0,12.267957820602384,14.413862984480933,241.37192933701676,0.0,0.0,185.8741102608589,219.94802638345574,3076.051151279553,0.0,0.0,7.712339343746119,9.137981825091972,123.05655629191917,0.0,0.0,148.31185883766819,176.13401481640057,2142.4490232749706,30.148475948050888,20.677967042558917,389.5211746461074,458.609571537169,7946.210137333004,0.0,0.0,149.02353005581018,177.22343884638335,2039.5511828116915,0.0,21.270285931618625,45.7099373454451,21.0,30.0,0.0,21.82900625308452,50.33502284335752,21.0,30.0,1550.5257899183339,21.67425759996901,44.43745411054968,21.5,30.0,0.0,20.860472279401855,46.81704092624868,16.0,30.0,0.0,17.915218955595838,58.65221525934371,12.0,30.0,0.0,20.501459608109138,58.73981074347951,19.0,30.0,0.0,18.884302883181389,54.34170566428269,10.0,30.0,0.0,18.574880002316055,55.87777894399537,12.0,30.0,0.0,17.8059855573148,58.664508399628619,16.0,30.0,0.0,20.064718018672435,0.0,0.0,0.0,17.404451620781033,0.0,0.0,741.3357136200863,1079.966449672906,730.8812748288941,735.1602776668067,803.1748034491632,1330.8513714662336,780.9412053085123,787.4453300377063,797.1181607886987,7594.785412086876,81.21281884331815,82.92963421013583,570.0,0.0,570.0,570.0,21.0,16.0,19.0,16.0,12.0,12.0,21.0,10.0,1.0,0.0,0.0,0.0,1550.5257899183339,0.0,0.0,0.0,0.0,0.0,2598.230803022692,1558938.4818136153,2019109.3182740797,81.21281884331815,82.95879143450027,0.25660769343408976,0.5764906236209508,0.27021103051474468,82.95879143450027,0.2656985864579156,2019109.3182740797,0.12589368455025214 
 04/04  20:50:00,10.483333333333333,75.16666666666667,3.1016666666666667,0.0,0.0,0.0,0.0,0.0,2.0,0.0,0.0,4.0,0.0,0.0,0.0,1924.0,0.0,0.0,0.0,0.0,0.0,0.0,0.0,0.0,0.0,0.0,0.0,21.329268623732085,-552.0093031961264,21.429029960183834,-109.02512567273902,20.71179891477474,-167.0272507085083,20.4958845968701,33.62674269288891,17.92426199815242,11.13325378291529,20.24126720789858,-21.333926485114433,18.72250748034908,42.31921540103758,18.30226360837539,-13.485295048155792,17.87513724832902,-82.1031886909741,594.2033585498784,478.06984111968679,0.0,0.0,0.0,0.0,0.0,0.0,0.0,0.0,0.0,0.0,0.0,0.0,0.0,0.0,0.0,0.0,0.0,0.0,0.0,0.0,0.0,0.0,1.060946634624373,0.32385428407337399,234.83439578523437,274.5549314645033,5291.163943447653,0.024394839603661065,0.0037232661177748879,31.91327359161313,37.29477116549533,716.721567756793,1.3645155891562567,0.25784497149589138,407.72424350182339,478.6404120926992,8425.820368615965,0.24216548303598429,0.04576067328722301,226.58279323572868,266.097097200197,4710.394149323891,0.0,0.0,7.274787892714168,8.62181279842795,108.92619783122635,0.0,0.0,12.516168000074384,14.676787380294208,251.58444635644546,0.0,0.0,183.77829497351574,217.1676332437229,3079.4914149630355,0.0,0.0,9.134304563068211,10.803645757672431,145.21067471272347,0.0,0.0,143.61915357008335,170.33953346133613,2104.5379244033158,30.294305384120546,20.7779872319071,404.62333898768005,476.23867342696016,8328.017859445714,0.0,0.0,147.16482382490455,174.8131684364942,2027.798246036336,912.4015236329167,21.73855770791291,44.65762026054998,21.5,30.0,0.0,21.816093775440959,50.14490664522643,21.0,30.0,63.662988106275239,20.851816435958456,46.794103243955849,21.0,30.0,0.0,20.896393662913533,46.62797098483634,16.0,30.0,0.0,17.92650126835653,58.6816841478012,12.0,30.0,0.0,20.5714569738835,58.559829368938327,19.0,30.0,0.0,18.842046740851857,54.468685685800689,10.0,30.0,0.0,18.40643518780088,56.443813737518947,12.0,30.0,0.0,17.76318516872696,58.7563625807626,16.0,30.0,0.0,20.10932334972967,0.0,0.0,0.0,17.30346375787086,0.0,0.0,753.9596996542457,1071.4238751493904,736.404463061992,734.6042966650498,813.8589792097714,1337.3688922543316,784.017229462396,790.6619536205897,799.8688853911407,9820.758820657695,81.51126141881866,81.51126141881866,570.0,0.0,570.0,570.0,21.0,16.0,19.0,16.0,12.0,12.0,21.0,10.0,1.0,0.0,912.4015236329167,0.0,63.662988106275239,0.0,0.0,0.0,0.0,0.0,0.0,0.0,0.0,81.51126141881866,81.51126141881866,0.34,0.7698146230182912,0.36028137401965956,81.51126141881866,0.3542647819438875,0.0,0.020646666666666669 
 04/04  21:00:00,10.34,76.0,3.14,0.0,0.0,0.0,0.0,0.0,2.0,0.0,0.0,4.0,0.0,0.0,0.0,3848.0,0.0,0.0,0.0,0.0,0.0,0.0,0.0,0.0,0.0,0.0,0.0,21.240951700775307,-126.63996517826775,21.42629388468356,-94.89255002130995,21.360312971005855,-1172.866539608104,20.496972918553163,401.887380370287,17.93480717946146,11.318111640857538,20.270872744120095,-27.89588773142441,18.74547110043801,36.40639931219539,18.213765171381988,-23.653713398472634,17.843966236439884,-92.27721717072359,622.8298477706583,521.7065092044952,0.0,0.0,0.0,0.0,0.0,0.0,0.0,0.0,0.0,0.0,0.0,0.0,0.0,0.0,0.0,0.0,0.0,0.0,0.0,0.0,0.0,0.0,1.095595146494933,0.33443075289833126,217.33294527776395,255.42360373135416,4794.9713159967009,0.07691595948133591,0.011739310055148949,27.774113493946648,32.51495845956556,632.870904956305,1.1950770341647812,0.22582710396159895,390.6826811728632,457.9989216392025,8933.550649254621,0.2717046541437337,0.051342527238044898,244.10527866649427,286.6613404027723,5195.085849382448,0.0,0.0,7.538690608902241,8.949387226388197,115.15713534233655,0.0,0.0,12.59894122085916,14.799867006254094,257.6138202477449,0.0,0.0,193.95405348229267,229.52825020620794,3316.8339036164468,0.0,0.0,13.082537302232464,15.509821218707892,208.6739497878664,0.0,0.0,147.9307434309895,175.74338016122153,2198.277485755165,30.770654360597488,21.104701207542868,390.3255379177728,460.2284520234419,8232.77030576489,0.0,0.0,156.2637919282,185.92603897861546,2189.410487108352,0.0,21.40420664152124,45.613615000275007,21.0,30.0,0.0,21.81751950263908,50.28833478884615,21.0,30.0,1592.7800406426646,21.804099083471465,43.96681453581401,21.5,30.0,0.0,20.964213045158617,46.49158885628399,16.0,30.0,0.0,17.935539325635369,58.61482833892249,12.0,30.0,0.0,20.605688278822254,58.33456580940039,19.0,30.0,0.0,18.873484355787853,54.24217151023242,10.0,30.0,0.0,18.283225753132265,56.86245786869319,12.0,30.0,0.0,17.72312807983619,58.80578512006573,16.0,30.0,0.0,20.06360892006264,0.0,0.0,0.0,17.275676055098424,0.0,0.0,759.8412315903913,1082.8504609203974,731.1453733582836,740.268915222506,817.7861404360792,1333.6573622646186,784.6725770659787,795.5726342829572,801.6965502406085,4657.311014076125,81.14230555251062,81.14230555251062,570.0,0.0,570.0,570.0,21.0,16.0,19.0,16.0,12.0,12.0,21.0,10.0,1.0,0.0,0.0,0.0,1592.7800406426646,0.0,0.0,0.0,0.0,0.0,0.0,0.0,0.0,81.14230555251062,81.14230555251062,0.17,0.3855116170165961,0.18014068700982978,81.14230555251062,0.17713239097194376,0.0,0.020393333333333334 
 04/04  21:10:00,10.171666666666667,76.83333333333334,3.175,0.0,0.0,0.0,0.0,0.0,2.0,0.0,0.0,4.0,0.0,0.0,0.0,962.0,0.0,0.0,0.0,0.0,0.0,0.0,0.0,0.0,0.0,0.0,0.0,20.883662749792465,-360.1053490260738,21.40863192286296,-132.6941190173527,20.81076142751732,-105.40342488451643,20.445747066653327,94.75592369635888,17.947154127045864,11.19051250186493,20.304159888897837,-24.664019562863645,18.70362147708196,21.117096322283034,18.11423059031958,-22.91134624436188,17.812493191450139,-80.77888497256117,529.8100043532759,538.1828996096774,0.0,0.0,0.0,0.0,0.0,0.0,0.0,0.0,0.0,0.0,0.0,0.0,0.0,0.0,0.0,0.0,0.0,0.0,0.0,0.0,0.0,0.0,1.1365629340037864,0.34693618254083838,151.39033442777299,177.13396978207599,3285.0316339678854,0.04121123559957518,0.006289871123256285,31.816082161061915,37.072652933182599,733.0992780114294,1.1460971423779725,0.2165716444402821,149.55674457954854,174.97542237321779,3242.140995164572,0.24579416613485625,0.04644636548277706,164.55864560658615,192.65692754124368,3484.249474592588,0.0,0.0,7.32098525468583,8.651106178032857,114.57768605053937,0.0,0.0,12.859363315515659,15.023741871486193,268.61959687092686,0.0,0.0,194.13886466547207,228.78427491490576,3358.653978489915,0.0,0.0,14.661501846866644,17.31623505529857,234.77436994658124,0.0,0.0,147.62725391323608,174.63089784321805,2233.8349272314405,30.841395566677546,21.153220553276787,162.2581228998497,190.9446281252834,3560.744395666135,0.0,0.0,157.7446971553526,186.8955501573929,2249.8435784431496,374.40220532573587,21.01457306809569,46.09639449495726,21.0,30.0,0.0,21.784888927647918,49.72611259835508,21.0,30.0,79.47132202896637,21.00186696767651,46.602465147794379,21.0,30.0,0.0,20.807660135421803,47.10655179470791,16.0,30.0,0.0,17.94898901616976,58.55574532011737,12.0,30.0,0.0,20.6526817140643,58.13876697503151,19.0,30.0,0.0,18.796348248535784,54.75002694097564,10.0,30.0,0.0,18.134804810064105,57.329059880105898,12.0,30.0,0.0,17.683643747379685,58.90943234301871,16.0,30.0,0.0,19.414348333077549,0.0,0.0,0.0,17.22658502260398,0.0,0.0,738.9805813369686,1056.0508526176735,757.0817270692322,750.8042095850947,825.7900969038582,1335.503854976804,799.6940040981655,802.0139802533022,805.3835625555313,6166.017255649067,83.9274161206581,83.9274161206581,570.0,0.0,570.0,570.0,21.0,16.0,19.0,16.0,12.0,12.0,21.0,10.0,1.0,0.0,374.40220532573587,0.0,79.47132202896637,0.0,0.0,0.0,0.0,0.0,0.0,0.0,0.0,83.9274161206581,83.9274161206581,0.34,0.6205545715999687,0.36028137401965956,83.9274161206581,0.3542647819438875,0.0,0.020139999999999999 
 04/04  21:20:00,10.003333333333334,77.66666666666667,3.2100000000000006,0.0,0.0,0.0,0.0,0.0,2.0,0.0,0.0,4.0,0.0,0.0,0.0,3852.0,0.0,0.0,0.0,0.0,0.0,0.0,0.0,0.0,0.0,0.0,0.0,21.286945953297278,-395.56105310783996,21.400160252031669,-105.50388606253043,21.286996933488063,-947.6039260465932,20.506768586420628,365.6510021430922,17.954471286227478,10.383218268889515,20.31714486689416,-36.80306194668607,18.725481442464184,56.95069853455607,18.06179670882792,-28.005919340714685,17.787955880209848,-100.19780256909144,603.3827389334026,560.1547590298169,0.0,0.0,0.0,0.0,0.0,0.0,0.0,0.0,0.0,0.0,0.0,0.0,0.0,0.0,0.0,0.0,0.0,0.0,0.0,0.0,0.0,0.0,1.129727868212879,0.34484977662175805,102.85956033436377,120.54683983432502,2401.2374238256918,0.10877700047461309,0.016602106299544125,24.16387909901294,28.305481317718866,565.8751555975738,1.1216424198980069,0.2119505706534405,259.8727293232249,304.5811983541067,6061.889906546108,0.28748172610361036,0.05432383335291199,274.5264959745448,322.52803164903488,6004.067702569357,0.0,0.0,7.770499895364049,9.223277943397833,124.23032731126856,0.0,0.0,12.67626490957263,14.889784015163757,269.0552205553453,0.0,0.0,201.81188806911906,238.8388391467098,3579.6424581095395,0.0,0.0,16.724421144345,19.842573078388328,271.3112011694986,0.0,0.0,149.34382394536002,177.46449864203889,2300.338703579737,31.392522397041064,21.5312224945412,272.09188057498036,321.0347483664648,5911.0433529794649,0.0,0.0,161.5394289252201,192.26623560953855,2342.457545823364,674.1548851897608,21.69026408228941,44.810088899572907,21.5,30.0,0.0,21.778714651074414,50.18436215703623,21.0,30.0,1350.7945030535248,21.749473611375785,43.63856121814405,21.5,30.0,0.0,20.974889029837148,46.184584090973348,16.0,30.0,0.0,17.953590007017618,58.455922367140939,12.0,30.0,0.0,20.66179376700493,57.95099239612121,19.0,30.0,0.0,18.851434937597565,54.23624873545626,10.0,30.0,0.0,18.075699086862377,57.5164180777693,12.0,30.0,0.0,17.65482746579122,58.985621376223217,16.0,30.0,0.0,19.7061627794104,0.0,0.0,0.0,17.17855992147572,0.0,0.0,769.4890708373816,1083.3363064840815,717.7500095985629,736.4433855723526,825.5520798171324,1329.1921260718969,792.1958214986931,805.2067578991974,809.2995937420333,4948.041880473576,82.1943202150211,83.9052748106961,570.0,0.0,570.0,570.0,21.0,16.0,19.0,16.0,12.0,12.0,21.0,10.0,1.0,0.0,674.1548851897608,0.0,1350.7945030535248,0.0,0.0,0.0,0.0,0.0,2589.3699264996778,1553621.9558998065,2030315.7930201228,82.1943202150211,83.93433249971013,0.1713123308833226,0.38177252038868589,0.18014068700982978,83.93433249971013,0.17713239097194376,2030315.7930201228,0.12546308790371309 
 04/04  21:30:00,9.835,78.5,3.245,0.0,0.0,0.0,0.0,0.0,2.0,0.0,0.0,4.0,0.0,0.0,0.0,1928.0,0.0,0.0,0.0,0.0,0.0,0.0,0.0,0.0,0.0,0.0,0.0,21.19556779298669,-360.2032551743762,21.39709355250092,-123.14849378969308,21.11748913429672,-554.3990300183587,20.48622580538956,23.76847480585684,17.963620058326414,10.727082332082106,20.3315894092281,-27.863729021098665,18.70511378259969,-6.020379107626013,17.996162464975748,-27.48479919481042,17.755767503533215,-95.09536011863747,609.5098400763236,592.585221833122,0.0,0.0,0.0,0.0,0.0,0.0,0.0,0.0,0.0,0.0,0.0,0.0,0.0,0.0,0.0,0.0,0.0,0.0,0.0,0.0,0.0,0.0,1.1634801917423408,0.35515268368203325,104.02242099783237,121.67380478968477,2463.352291759226,0.06499010379803637,0.009919124511299813,30.919623269999414,36.115321262660419,732.7940265437422,1.242435581595171,0.23477618699833176,246.22770056654134,288.66750688679329,5677.170328174456,0.2554138410993689,0.048264142309026609,209.31176163445523,245.93860582103714,4630.275004799148,0.0,0.0,7.29023031559406,8.643653629504302,119.16960730419936,0.0,0.0,12.995625566930839,15.236731752462023,280.71581526981836,0.0,0.0,202.85162663339694,239.799972106808,3644.953383568768,0.0,0.0,17.777375833517785,21.070451523857999,291.4475680196299,0.0,0.0,152.64780621732604,181.1640723815639,2391.523698327762,31.455812231649888,21.574631160253703,252.94214599499095,298.2858266518332,5606.6361273615079,0.0,0.0,166.33491809006444,197.7132703363052,2463.7279008666466,714.0345664756736,21.48421154637244,45.59080827204046,21.5,30.0,0.0,21.77624775434623,50.36845892386935,21.0,30.0,1085.0547516604714,21.455093799260398,44.619021079960138,21.5,30.0,0.0,20.89170800027765,46.1390666199468,16.0,30.0,0.0,17.963122556557143,58.338570168921318,12.0,30.0,0.0,20.679752170652628,57.78158751599728,19.0,30.0,0.0,18.796120439033353,54.55234233666976,10.0,30.0,0.0,17.987514758193848,57.78395012202182,12.0,30.0,0.0,17.61468370635221,59.06223204701084,16.0,30.0,0.0,19.71727543858334,0.0,0.0,0.0,17.163945147719088,0.0,0.0,783.0509993906807,1096.992971389475,728.7063392180776,726.8654683727673,828.0357798248838,1327.1652427025486,800.3155380790092,809.8016643842055,810.8848161049092,10053.914957662171,81.3569873133121,84.98844260745185,570.0,0.0,570.0,570.0,21.0,16.0,19.0,16.0,12.0,12.0,21.0,10.0,1.0,0.0,714.0345664756736,0.0,1085.0547516604714,0.0,0.0,0.0,0.0,0.0,5495.533766267718,3297320.2597606314,4275956.63511531,81.3569873133121,85.05011677395057,0.35318445887559066,0.7713741910087875,0.36028137401965956,85.05011677395057,0.3542647819438875,4275956.63511531,0.24198307835932945 
 04/04  21:40:00,9.666666666666668,79.33333333333334,3.2800000000000004,0.0,0.0,0.0,0.0,0.0,2.0,0.0,0.0,4.0,0.0,0.0,0.0,1928.0,0.0,0.0,0.0,0.0,0.0,0.0,0.0,0.0,0.0,0.0,0.0,21.017596408362075,-357.1365182167551,21.39295438579724,-97.97780290188018,21.051009897942543,-321.03727973604557,20.44706766858203,271.60545895696898,17.972277161094497,11.693879326441362,20.34316234882602,-38.16531486686651,18.703350614694917,48.41433059736073,17.941130306865078,-30.5516509979563,17.724096442437664,-96.62502949515647,634.5121742770871,636.5905671122737,0.0,0.0,0.0,0.0,0.0,0.0,0.0,0.0,0.0,0.0,0.0,0.0,0.0,0.0,0.0,0.0,0.0,0.0,0.0,0.0,0.0,0.0,1.1380354084026179,0.3473856558005549,153.4188410600552,179.70886614394204,3505.9245207131345,0.10484381669858756,0.01600180352542545,25.451829003807313,29.731315584502604,613.0652488484545,1.3321250984009808,0.2517243194257334,214.99324384850974,252.29860252737459,4944.5085488590179,0.2777052575601413,0.05247642811038194,219.7106564176732,258.13656985049627,4906.93986719502,0.0,0.0,7.937966429055605,9.41041524720124,132.58819760182807,0.0,0.0,12.950122569640751,15.182967396224637,284.3703103352582,0.0,0.0,215.28614642472088,254.53815847842604,3945.6588849427259,0.0,0.0,20.046628270334617,23.771799781604679,332.68395920697687,0.0,0.0,158.35996812995666,188.00328814035567,2521.9214783913505,31.97291235567245,21.92929516849963,228.87869652128456,269.91707411455499,5243.103290986528,0.0,0.0,174.40918986189522,207.3600479799361,2641.9722904248299,142.08322029576656,21.21453558248283,45.980353122653898,21.0,30.0,0.0,21.776245643786227,50.48188634453603,21.0,30.0,0.0,21.183547592239984,45.57800080817508,21.0,30.0,0.0,20.881297542828464,45.85701388447603,16.0,30.0,0.0,17.97230666814189,58.22707852932394,12.0,30.0,0.0,20.691666924464245,57.67545487470741,19.0,30.0,0.0,18.80767391438989,54.213561954642489,10.0,30.0,0.0,17.916586599602995,58.02744739089102,12.0,30.0,0.0,17.573869130098069,59.2048138821617,16.0,30.0,0.0,19.726180683644409,0.0,0.0,0.0,17.160552284192908,0.0,0.0,770.6194719492048,1107.1715735610974,745.9600679276108,718.1199968795704,830.5588738454259,1327.5660017036606,795.0734152257642,815.8154216088487,817.3816258852362,3003.0017633511986,82.16916834298306,82.16916834298306,570.0,0.0,570.0,570.0,21.0,16.0,19.0,16.0,12.0,12.0,21.0,10.0,1.0,0.0,142.08322029576656,0.0,0.0,0.0,0.0,0.0,0.0,0.0,0.0,0.0,0.0,82.16916834298306,82.16916834298306,0.17,0.3103906371350495,0.18014068700982978,82.16916834298306,0.17713239097194376,0.0,0.01938 
 04/04  21:50:00,9.498333333333333,80.16666666666666,3.3150000000000006,0.0,0.0,0.0,0.0,0.0,2.0,0.0,0.0,4.0,0.0,0.0,0.0,3860.0,0.0,0.0,0.0,0.0,0.0,0.0,0.0,0.0,0.0,0.0,0.0,21.500297949671649,-1253.7291852452682,21.3823346000787,-120.40605764340072,20.91674258077866,153.74803013238967,20.36442502301584,101.07137138454414,17.97874477427399,10.434974014274474,20.350729707455185,-39.20919689952545,18.70907730397554,60.477229577788197,17.899712423529765,-30.396846714638828,17.70541760124827,-102.76179322273424,611.7519671360578,617.3786784472284,0.0,0.0,0.0,0.0,0.0,0.0,0.0,0.0,0.0,0.0,0.0,0.0,0.0,0.0,0.0,0.0,0.0,0.0,0.0,0.0,0.0,0.0,1.0575467572989626,0.32281647048197889,274.15604132809627,320.973975577794,6776.185909880806,0.07547289462088942,0.011519062060575309,27.800597101711625,32.57313527644764,676.8373043185601,1.6403099079060085,0.3099603000578249,240.02182060066759,281.87133490969139,5585.578304889548,0.2874240769137356,0.05431293970403166,206.15736819693417,242.49096548362503,4597.6652335075509,0.0,0.0,7.9209512076836259,9.401974930921087,135.04277112174064,0.0,0.0,13.15852397502901,15.45690072877403,293.4919915598131,0.0,0.0,210.4645182354788,249.14838391167383,3933.7563398605036,0.0,0.0,19.945286934282938,23.685054430304374,335.85488377379297,0.0,0.0,152.9159134875857,181.80725737972495,2481.813945486772,32.01951778067888,21.961260480575374,255.46720279968225,301.62050260644249,5798.054780454735,0.0,0.0,168.54188720233379,200.7335936124796,2573.0117047101728,1780.3053028124205,21.918597192885558,43.221601236015349,22.0,30.0,0.0,21.758411151078727,50.18182650746927,21.0,30.0,0.0,21.135027257898544,45.47860941350909,21.0,30.0,0.0,20.706036418730919,47.033842147470128,16.0,30.0,0.0,17.977650537807408,58.11794534143078,12.0,30.0,0.0,20.70033305788598,57.508388538257268,19.0,30.0,0.0,18.822464179653037,53.91425063504878,10.0,30.0,0.0,17.87067561487674,58.03165730948513,12.0,30.0,0.0,17.55812176853165,58.99192371167477,16.0,30.0,0.0,19.60539309977795,0.0,0.0,0.0,17.051406864483846,0.0,0.0,734.1441103725213,1092.3013880513695,738.8675122475887,753.3005362611884,831.6547043241599,1323.7239068907889,789.6456636922617,814.296374512047,811.3253438440834,9327.239576729793,81.83752311084543,83.55236440302822,570.0,0.0,570.0,570.0,21.0,16.0,19.0,16.0,12.0,12.0,21.0,10.0,1.0,0.0,1780.3053028124205,0.0,0.0,0.0,0.0,0.0,0.0,0.0,2595.24622209519,1557147.7332571143,2015838.6904084287,81.83752311084543,83.58148810105189,0.341508207403173,0.7712571839454785,0.36028137401965956,83.58148810105189,0.3542647819438875,2015838.6904084287,0.12414027856790497 
 04/04  22:00:00,9.33,81.0,3.35,0.0,0.0,0.0,0.0,0.0,2.0,0.0,0.0,4.0,0.0,0.0,0.0,3860.0,0.0,0.0,0.0,0.0,0.0,0.0,0.0,0.0,0.0,0.0,0.0,21.192295043677036,-125.96794946047703,21.36985923767513,-123.56131522401245,21.289907471718295,-1334.9427064929783,20.40475848913045,399.3643869418379,17.984772196701184,10.28309517007964,20.357073638557588,-30.735338897533496,18.683044376938065,-34.166918116800619,17.857446243752926,-28.34729427726404,17.676224301097468,-104.06907745496801,730.8538681054952,638.5550544129519,0.0,0.0,0.0,0.0,0.0,0.0,0.0,0.0,0.0,0.0,0.0,0.0,0.0,0.0,0.0,0.0,0.0,0.0,0.0,0.0,0.0,0.0,1.2400960050399426,0.37853968407812657,254.0157456592488,298.2260275263919,6046.89128537244,0.0864474708342156,0.013194058430130586,31.430028793423099,36.82411559293539,774.6501443442472,1.2881739549344514,0.24341911468904987,435.853653811153,510.984208924927,10640.78312426977,0.2905628477951364,0.05490605589477254,279.7751328808665,328.86140049645396,6409.993929961863,0.0,0.0,7.314029201222968,8.682907753956684,127.24416419461986,0.0,0.0,13.429521267057755,15.774858341898194,304.2605773822963,0.0,0.0,207.73268297147599,246.03989300507687,3919.683249990993,0.0,0.0,19.218649761201485,22.835039320570318,328.29911451187618,0.0,0.0,155.8112366295009,185.3108023202377,2570.9904886256456,32.36326054810543,22.197023695545576,432.83932379109276,510.2537661773883,9893.04065247997,0.0,0.0,171.31043605738135,204.0990364941385,2663.6395508332054,0.0,21.328875250505875,45.26630478319449,21.0,30.0,0.0,21.740085889617338,49.95688126408706,21.0,30.0,1610.99023226609,21.597016830129463,43.79969330919598,21.5,30.0,0.0,20.820231067621383,46.32755650079472,16.0,30.0,0.0,17.98316986411802,57.948229201357928,12.0,30.0,0.0,20.708912451439497,57.32277588441031,19.0,30.0,0.0,18.741025613364714,54.08307563924954,10.0,30.0,0.0,17.821190551543727,57.93794573347792,12.0,30.0,0.0,17.523219532727276,58.761728232767378,16.0,30.0,0.0,19.965015829564913,0.0,0.0,0.0,17.02094843286118,0.0,0.0,762.1485034854742,1083.2844182063823,725.140787702522,742.6724614600796,831.6997883800508,1320.9013089300989,792.5322850736682,810.3763554673446,805.3810791530523,6205.09252202365,82.7856285753735,82.7856285753735,570.0,0.0,570.0,570.0,21.0,16.0,19.0,16.0,12.0,12.0,21.0,10.0,1.0,0.0,0.0,0.0,1610.99023226609,0.0,0.0,0.0,0.0,0.0,0.0,0.0,0.0,82.7856285753735,82.7856285753735,0.255,0.5776042600086017,0.27021103051474468,82.7856285753735,0.2656985864579156,0.0,0.01925333333333333 
 04/04  22:10:00,9.225,81.66666666666667,3.335,0.0,0.0,0.0,0.0,0.0,2.0,0.0,0.0,4.0,0.0,0.0,0.0,9660.0,0.0,0.0,0.0,0.0,0.0,0.0,0.0,0.0,0.0,0.0,0.0,21.3935950767854,-913.9501920085684,21.36775951498731,-114.25677445886143,20.93975762994564,-6.8044795011917,20.47829316317647,111.42264193002858,17.98817398282965,7.7015688396171309,20.360694011913446,-26.404820033387645,18.733697158228169,84.7286011802222,17.806896561535127,-55.93402565966905,18.804860727414096,-237.29635509154566,617.149689478786,621.9827395049754,0.0,0.0,0.0,0.0,0.0,0.0,0.0,0.0,0.0,0.0,0.0,0.0,0.0,0.0,0.0,0.0,0.0,0.0,0.0,0.0,0.0,0.0,1.1357589811267748,0.3466907756797237,239.23506901106988,280.81957008182885,5950.301837343825,0.09849535212985869,0.015032868151687834,27.43244026670454,32.159567938505059,682.486522316331,1.5576935115808133,0.29434873612638209,230.86397880993247,271.533833892317,5525.20091879726,0.28382219375007297,0.05363231174415587,193.6310119254137,227.89111364276065,4498.730435379148,0.0,0.0,8.386444375827482,9.965037010770006,147.67203171207033,0.0,0.0,12.564820580437467,14.777341928678931,287.3788851653609,0.0,0.0,161.5069116970122,191.35526795701024,3120.7980699884167,0.0,0.0,31.357286247829906,37.27264830613359,537.6756015166125,0.0,0.0,120.86795070751544,142.88470986197633,2453.3627707044786,32.44589703400468,22.253701669413375,239.29832204798096,282.9488228046214,5651.42070586985,0.0,0.0,122.54352935636637,146.11155376884484,1913.5840402313125,981.8469502063101,21.652587167276168,43.69960801126444,21.500000000000005,30.0,0.0,21.7419945510061,50.03372529527114,21.000000000000005,30.0,0.0,21.20592293991405,44.84842673397915,21.000000000000005,30.0,0.0,20.90566175897386,45.9069187543236,15.999999999999999,30.0,0.0,17.984166774258328,57.67893115447865,12.0,30.0,0.0,20.71401632341514,55.885672908011,19.0,30.0,0.0,18.88026530933947,53.140112260758247,10.0,30.0,0.0,17.75284664795944,58.04807028136115,12.0,30.0,1993.177678046276,19.2998103624476,52.28756484904017,19.799999999999998,30.0,0.0,19.638318947898346,0.0,0.0,0.0,16.88034136007853,0.0,0.0,734.0299234079055,1093.4974412029404,729.5855506824635,739.1067543962953,826.2486149216652,1292.096506774468,779.748472240062,811.9131658057793,796.2785764512153,7898.576842718648,81.63923301076604,83.02877674032249,570.0,0.0,570.0,570.0,21.0,16.0,19.0,19.0,12.0,12.0,21.0,10.0,1.0,0.0,981.8469502063101,0.0,0.0,0.0,0.0,0.0,0.0,1993.177678046276,2102.9118166716068,1261747.0900029639,1633118.186392168,81.63923301076604,83.05237580581897,0.27409706055572027,0.6147492645996837,0.28822509921572767,83.05237580581897,0.2834118255551101,1633118.186392168,0.10411214569239275 
 04/04  22:20:00,9.120000000000001,82.33333333333334,3.3200000000000005,0.0,0.0,0.0,0.0,0.0,2.0,0.0,0.0,4.0,0.0,0.0,0.0,2901.0,0.0,0.0,0.0,0.0,0.0,0.0,0.0,0.0,0.0,0.0,0.0,21.343592314290804,-578.433943532907,21.354013518946709,-117.06473141948273,21.272452368873386,-912.8976622372619,20.44492980229299,321.69523113062487,17.98908242946466,6.353987256985333,20.367400868312897,-22.73876300064068,18.717086046383984,49.231946495075728,17.740954870119724,-53.81280600500226,18.85815806338079,-128.24936794203007,667.5720004422944,574.6356261028051,0.0,0.0,0.0,0.0,0.0,0.0,0.0,0.0,0.0,0.0,0.0,0.0,0.0,0.0,0.0,0.0,0.0,0.0,0.0,0.0,0.0,0.0,1.219381182102739,0.372216478053339,204.96396472971657,240.5192451695869,5072.172196474681,0.1066766355945766,0.016281537789160039,27.079167821111356,31.730397333417807,678.518773949833,1.3387464091804189,0.2529755119388547,294.7233497727804,345.1262818803087,7454.72500339794,0.29524051191209219,0.05578996823735676,246.90150309388037,289.9418213636625,5791.820491008008,0.0,0.0,8.287880030936663,9.834702093437145,147.6868273423371,0.0,0.0,11.896537109108039,13.974610519123474,274.9246567343835,0.0,0.0,145.1437804458581,171.7540994630587,2825.9563432840348,0.0,0.0,33.55999334333186,39.87572965635316,576.9942977846072,0.0,0.0,118.05987091307901,139.4709993063587,2409.8584971403859,32.57626740473853,22.343118933291174,300.47426561845887,354.4426120882234,7027.509761651574,0.0,0.0,109.89346922104106,130.91953129877107,1719.210856686519,992.0535522642902,21.616546057806099,43.98196697123791,21.666666666666658,29.99999999999999,0.0,21.722123431418763,49.846083063014017,20.999999999999994,29.99999999999999,1584.9267767043712,21.748555483700128,43.160924073175639,21.666666666666658,29.99999999999999,0.0,20.871765046202819,45.76064293472898,15.999999999999993,29.99999999999999,0.0,17.98205647784706,57.20155669453604,11.999999999999995,29.99999999999999,0.0,20.726333559532479,53.88455257550298,18.999999999999994,29.99999999999999,0.0,18.833133939537804,53.29570987838696,9.999999999999997,29.99999999999999,0.0,17.660468670720726,58.22137447030619,11.999999999999995,29.99999999999999,0.0,19.331123981068119,51.72878984446017,18.999999999999994,29.99999999999999,0.0,19.678325642567985,0.0,0.0,0.0,16.84933780557516,0.0,0.0,745.022718792644,1086.5938226647746,720.7501399310673,730.7720583090335,811.9621480929388,1258.6689048385143,784.3696231532601,812.7366634695984,784.8372839669683,9331.963458373852,81.83443272143792,84.13520769703877,569.9999999999998,0.0,569.9999999999998,569.9999999999998,21.0,16.0,19.0,19.0,12.0,12.0,21.0,10.0,1.0,0.0,992.0535522642902,0.0,1584.9267767043712,0.0,0.0,0.0,0.0,0.0,3481.9783795667706,2089187.0277400632,2712960.052968132,81.83443272143792,84.17428249417321,0.3427326126522256,0.771451810500575,0.36028137401965945,84.17428249417321,0.35426478194388735,2712960.052968132,0.16026392275434288 
 04/04  22:30:00,9.015,83.0,3.3049999999999999,0.0,0.0,0.0,0.0,0.0,2.0,0.0,0.0,4.0,0.0,0.0,0.0,3870.0,0.0,0.0,0.0,0.0,0.0,0.0,0.0,0.0,0.0,0.0,0.0,21.073518623998028,-309.70457421135577,21.351890672349755,-120.91650844303683,21.220034491516239,-580.9857683193857,20.52227736241722,123.50537321347849,17.98967309153457,5.733488982162896,20.36992154982876,-16.862130022432426,18.80522698653325,58.35497041067663,17.683942266195975,-74.97657577891539,19.020752814712954,-103.41007175714086,663.0044324937726,499.44048314878679,0.0,0.0,0.0,0.0,0.0,0.0,0.0,0.0,0.0,0.0,0.0,0.0,0.0,0.0,0.0,0.0,0.0,0.0,0.0,0.0,0.0,0.0,1.2451372498865843,0.38007852560640556,161.7870547472942,190.00488391174697,3932.1576430940638,0.10136066582713647,0.015470187092053799,29.208416641043067,34.19995036738216,737.948994517031,1.389020692540681,0.26247556548387787,246.79859575418903,289.8809312264525,6095.321196041312,0.2773097553723818,0.05240169224723767,186.0648838623688,219.0369848735737,4443.259710071681,0.0,0.0,8.001093574777864,9.503378392596919,144.2252607208318,0.0,0.0,11.700677729678486,13.753291809850565,272.9274332190037,0.0,0.0,120.56249016629713,142.6933859047433,2401.693820490019,0.0,0.0,35.448390963163699,42.14779078697999,611.4752049714742,0.0,0.0,87.49560870719323,103.36125814665508,1831.5452189589465,32.62333126310226,22.37539867153791,243.43481423335079,287.67732665814176,5840.997898626769,0.0,0.0,86.48547709910281,103.1301357084977,1342.83237553642,66.39598756134862,21.246041132749644,45.18329989393188,21.0,30.0,0.0,21.7239185411087,50.075118747143829,21.0,30.0,784.3319934850672,21.451929612237689,44.06417964805669,21.25,30.0,0.0,20.986992908967335,45.52828414053853,16.0,30.0,0.0,17.980419857128774,56.90816184519836,12.0,30.0,0.0,20.730741894954055,52.70427111984403,19.0,30.0,0.0,18.989048730787887,52.58011924171546,10.0,30.0,0.0,17.58344619240718,58.27642696659941,12.0,30.0,938.5085535977703,19.48354993747312,51.14165580277569,19.5,30.0,0.0,19.599133171526398,0.0,0.0,0.0,16.568123252638196,0.0,0.0,758.928509699833,1103.3947235255094,730.0653433614637,738.3251453933576,804.7052252449015,1241.0516778882252,781.2269154229257,810.5123105240252,783.1813114562253,6004.257249385965,82.09340252834095,82.09340252834095,570.0,0.0,570.0,570.0,21.0,16.0,19.0,19.0,12.0,12.0,21.0,10.0,1.0,0.0,66.39598756134862,0.0,784.3319934850672,0.0,0.0,0.0,0.0,938.5085535977703,0.0,0.0,0.0,82.09340252834095,82.09340252834095,0.255,0.5402072727501163,0.27021103051474468,82.09340252834095,0.2656985864579156,0.0,0.019190000000000003 
 04/04  22:40:00,8.91,83.66666666666667,3.29,0.0,0.0,0.0,0.0,0.0,2.0,0.0,0.0,0.0,0.0,0.0,0.0,6776.0,0.0,0.0,0.0,0.0,0.0,0.0,0.0,0.0,0.0,0.0,0.0,20.889323954397534,21.154017775999614,21.05425489863513,-433.5330359319771,20.98272970633499,-544.5906786968008,20.440957613756554,170.9286125277814,17.989424319500878,5.505605950860975,20.268026382675047,-32.043269377367817,18.650694864839225,-61.788239624511678,17.629230605845998,-47.36312695513356,19.03719608100501,-229.67752679215173,657.5715026723901,720.4149706904647,0.0,0.0,0.0,0.0,0.0,0.0,0.0,0.0,0.0,0.0,0.0,0.0,0.0,0.0,0.0,0.0,0.0,0.0,0.0,0.0,0.0,0.0,1.209083618684736,0.3690731436766597,182.3886211200977,214.6813351690391,4414.461110084662,0.20626494108754718,0.03148121811470504,138.66166739127002,163.1156937955296,3401.7238794137585,1.1991711621744075,0.2266007487102058,205.96042054316303,242.35650150528333,5085.785417750759,0.26590090917283867,0.05024582561845028,185.29501684026483,218.30762963980374,4409.136573847722,0.0,0.0,8.701336448314582,10.340830860376063,158.63938861049133,0.0,0.0,11.7059030673676,13.778684818240139,273.042566911184,0.0,0.0,165.6042170817519,196.3211111090202,3247.7909526934056,0.0,0.0,36.22238598826598,43.12056189647175,627.8025418675462,0.0,0.0,139.91798429015794,165.41325200285787,2965.8337555793416,32.5512057095597,22.32592984194771,281.8982268633453,333.4491233795717,6810.820465700565,0.0,0.0,132.79893740135305,158.4057771380176,2146.632461231337,0.0,21.00324962512136,47.04698865944319,22.00000000000002,30.000000000000033,0.0,21.22064371698262,45.34099251797202,12.000000000000015,30.000000000000033,0.0,21.20192529403711,44.86438082057715,21.142857142857168,30.000000000000033,0.0,20.858243053434977,45.852246924484557,12.000000000000015,30.000000000000033,0.0,17.97822893693636,56.76752849814331,12.000000000000015,30.000000000000033,0.0,20.621910309739595,52.10627635931594,12.000000000000015,30.000000000000033,0.0,18.692067043246629,54.20713450244157,10.00000000000001,30.000000000000033,0.0,17.516067195362923,58.32497753059566,12.000000000000015,30.000000000000033,0.0,19.51433008805941,51.401995256073409,19.00000000000002,30.000000000000033,0.0,19.61581853582327,0.0,0.0,0.0,16.896560978771239,0.0,0.0,826.3333443884692,770.8573234008756,740.6310272890657,740.9604856810001,804.321138520294,1222.513843841117,816.3700442172979,809.8857847552019,809.9693677550778,0.0,83.18410655499133,83.18410655499133,60.000000000000067,0.0,60.000000000000067,60.000000000000067,12.0,12.0,12.0,19.0,12.0,12.0,21.0,10.0,0.0,0.0,0.0,0.0,0.0,0.0,0.0,0.0,0.0,0.0,0.0,0.0,0.0,83.18410655499133,83.18410655499133,0.0,0.0,0.0,83.18410655499133,0.0,0.0,0.00202 
 04/04  22:50:00,8.805,84.33333333333334,3.275,0.0,0.0,0.0,0.0,0.0,2.0,0.0,0.0,0.0,0.0,0.0,0.0,1936.0,0.0,0.0,0.0,0.0,0.0,0.0,0.0,0.0,0.0,0.0,0.0,20.625178482500396,-150.62308491679688,20.75921361880569,-132.92467513950033,20.60469334656587,-161.91397286987877,20.29613469240662,-23.030418271769123,17.987650584360126,4.44927421488029,20.139801679388339,-32.29093466064833,18.584838536502823,3.8878430588297308,17.607381739926674,-44.081255171620117,18.702635183896989,-86.7169766948316,641.6679536053662,625.7485606964935,0.0,0.0,0.0,0.0,0.0,0.0,0.0,0.0,0.0,0.0,0.0,0.0,0.0,0.0,0.0,0.0,0.0,0.0,0.0,0.0,0.0,0.0,1.2087720644798992,0.36897804166053096,181.84135951535334,213.75025196303876,4258.849270105679,0.2216982775356292,0.033836733445608859,76.20355853343692,89.67220434913901,1817.2014945545848,1.2038838870161493,0.22749128628423088,219.60224571961613,258.14050087359586,5173.578583119241,0.2449852234863868,0.046293504060163779,149.9874791366264,176.44795378340039,3528.8336780377014,0.0,0.0,8.539773078279744,10.12902016856827,157.48604958795625,0.0,0.0,11.169523382389557,13.131383753016582,258.7999719838648,0.0,0.0,149.71432721887752,177.25786990912756,2938.398747065128,0.0,0.0,34.16073402914315,40.58701778784224,598.4409518069269,0.0,0.0,122.83941860514212,145.27506022659279,2493.3495632694505,32.36018268424108,22.194912677805964,260.3931990974496,307.3238359854189,6245.780445903488,0.0,0.0,115.9021913182712,138.144625831112,1844.7551132841996,0.0,20.546479480325844,46.87292334931648,22.0,30.0,0.0,20.76493634131933,45.877451018703457,12.0,30.0,0.0,20.58112971832523,46.618325307610557,22.0,30.0,0.0,20.583411547340899,46.48946473809991,12.0,30.0,0.0,17.974450826329727,56.74296705302909,12.0,30.0,0.0,20.426192291562239,51.479234385884229,12.0,30.0,0.0,18.59014177733758,54.294816971567417,10.0,30.0,0.0,17.500111921416733,58.41100688865997,12.0,30.0,0.0,18.92151156830631,53.44000822340789,19.0,30.0,0.0,19.50200378263584,0.0,0.0,0.0,16.639188427119735,0.0,0.0,751.0641968178852,733.1147483414096,743.0623873002522,736.6540577838803,809.2168773368703,1189.5149734552488,807.8060459666115,816.8067123890803,817.7844203142131,0.0,83.18410655499123,83.18410655499123,60.0,0.0,60.0,60.0,12.0,12.0,12.0,19.0,12.0,12.0,21.0,10.0,0.0,0.0,0.0,0.0,0.0,0.0,0.0,0.0,0.0,0.0,0.0,0.0,0.0,83.18410655499123,83.18410655499123,0.0,0.0,0.0,83.18410655499123,0.0,0.0,0.0020033333333333337 
 04/04  23:00:00,8.7,85.0,3.26,0.0,0.0,0.0,0.0,0.0,2.0,0.0,0.0,0.0,0.0,0.0,0.0,1936.0,0.0,0.0,0.0,0.0,0.0,0.0,0.0,0.0,0.0,0.0,0.0,20.358176630349577,-52.671257794343549,20.589516272509436,-270.6256539116157,20.410699017446924,-282.65384522074876,20.05920381805064,-57.35143937506746,17.982644280304976,1.5079536547547435,20.051177819127873,-23.017598108338093,18.68226979884455,85.7615881576271,17.554353941089823,-81.51963675880558,18.5640351931001,-22.16743451631808,609.7243838162831,266.09855480808849,0.0,0.0,0.0,0.0,0.0,0.0,0.0,0.0,0.0,0.0,0.0,0.0,0.0,0.0,0.0,0.0,0.0,0.0,0.0,0.0,0.0,0.0,1.1808011921334996,0.3604399243386751,387.8421236563278,456.5818741030329,8879.864991138453,0.19758553966728968,0.030156523148243236,197.38545928401897,231.9869814387319,4622.525891704775,1.13799461046378,0.21504055375354887,340.513861311102,400.80345091512927,7883.19442550536,0.22445442361582786,0.042413912247888849,179.18180861852017,210.98751905847923,4098.786424567977,0.0,0.0,6.987601852319205,8.291688840354734,130.22198470407779,0.0,0.0,10.44456561623409,12.28487399789141,241.77547230211935,0.0,0.0,71.74916561532462,84.91736016393713,1453.153687343206,0.0,0.0,30.965454873982148,36.79746934911585,544.2743194110485,0.0,0.0,32.42998272499402,38.45310130968443,652.248882757007,31.81444286882533,21.820605534173759,516.9819795579479,610.2363782084271,11752.586854566398,0.0,0.0,46.003718542548948,54.94988023499298,682.0827175376503,0.0,20.12443909105638,47.65487381004682,22.0,30.0,0.0,20.519533153687847,46.15048005706613,12.0,30.0,0.0,20.29306520416447,46.84873215737553,22.0,30.0,0.0,20.16771900330619,47.549393043917238,12.0,30.0,0.0,17.965891012160374,56.56586529900358,12.0,30.0,0.0,20.30644863128113,51.005256997100477,12.0,30.0,0.0,18.802445401611295,52.437188584436,10.0,30.0,0.0,17.421216679367249,58.79134763705805,12.0,30.0,0.0,18.7038678172633,53.686765980562388,20.0,30.0,0.0,19.43211493172639,0.0,0.0,0.0,16.002664091781054,0.0,0.0,730.3106439041983,714.3626800573496,716.6726649699918,731.262541461263,805.4522185041994,1173.3278590591672,761.5665462297754,829.7799878922334,799.6050576175203,0.0,83.18410655499123,83.18410655499123,60.0,0.0,60.0,60.0,12.0,12.0,12.0,19.0,12.0,12.0,21.0,10.0,0.0,0.0,0.0,0.0,0.0,0.0,0.0,0.0,0.0,0.0,0.0,0.0,0.0,83.18410655499123,83.18410655499123,0.0,0.0,0.0,83.18410655499123,0.0,0.0,0.0019866666666666667 
 04/04  23:10:00,8.546666666666667,85.66666666666667,3.216666666666667,0.0,0.0,0.0,0.0,0.0,2.0,0.0,0.0,0.0,0.0,0.0,0.0,1936.0,0.0,0.0,0.0,0.0,0.0,0.0,0.0,0.0,0.0,0.0,0.0,20.284858660806664,-193.10466514241308,20.340151449947663,-186.8471230527698,20.161768512629778,-147.57448708866014,19.949943192667129,-113.87003120740519,17.977216965844585,2.784065668806022,19.982705782735676,-22.58401580343616,18.689167672715038,46.759862081041777,17.487742842668696,-87.33650982245524,18.37544491077259,-209.32357303944287,570.8992245655627,498.7532422340462,0.0,0.0,0.0,0.0,0.0,0.0,0.0,0.0,0.0,0.0,0.0,0.0,0.0,0.0,0.0,0.0,0.0,0.0,0.0,0.0,0.0,0.0,1.1639556782869252,0.35529782609491,352.04592390244206,414.81271527238087,8091.341102150507,0.2029021119789261,0.03096796580874941,171.97094821739479,202.7664888149683,3971.98939846088,1.2423220465704275,0.23475473291202343,343.9163660986852,405.32975803466709,7832.2838104562529,0.22429368802588946,0.042383538931573958,192.56790740642178,226.89424737638587,4402.844956036292,0.0,0.0,6.829894691512434,8.099687051030202,129.30397859967196,0.0,0.0,10.28809416140323,12.106612301107895,239.65738310332578,0.0,0.0,122.95701154805815,145.46660167965173,2529.335207694731,0.0,0.0,32.74260094442427,38.928842464768369,579.3429584072158,0.0,0.0,64.95991497705153,76.97578341757004,1282.7800309996524,31.601861764372516,21.674802307525739,494.94115834033746,584.8108551468267,11282.15237726509,0.0,0.0,87.6992959722059,104.72693899651054,1348.5668644930457,0.0,20.035918744504639,47.478409331061467,22.0,30.0,0.0,20.139127970013797,46.66701125663551,12.0,30.0,0.0,19.91807388971094,47.57290271673888,22.0,30.0,0.0,20.0070229100646,47.72951025717674,12.0,30.0,0.0,17.95875282659799,56.324017562366289,12.0,30.0,0.0,20.222897305673869,50.49145654005713,12.0,30.0,0.0,18.806285465047023,52.44541016614916,10.0,30.0,0.0,17.322845133676254,58.49363096806823,12.0,30.0,0.0,18.374424685446138,54.500375076488939,20.0,30.0,0.0,19.279667128085629,0.0,0.0,0.0,16.121695958710118,0.0,0.0,711.5464646706125,689.000042406227,700.9423395518912,719.0493704534301,799.5728395551687,1157.238889844606,766.055664828709,812.5090875692522,797.9119308293923,0.0,83.18410655499123,83.18410655499123,60.0,0.0,60.0,60.0,12.0,12.0,12.0,19.0,12.0,12.0,21.0,10.0,0.0,0.0,0.0,0.0,0.0,0.0,0.0,0.0,0.0,0.0,0.0,0.0,0.0,83.18410655499123,83.18410655499123,0.0,0.0,0.0,83.18410655499123,0.0,0.0,0.00197 
 04/04  23:20:00,8.393333333333333,86.33333333333334,3.1733333333333335,0.0,0.0,0.0,0.0,0.0,2.0,0.0,0.0,0.0,0.0,0.0,0.0,1936.0,0.0,0.0,0.0,0.0,0.0,0.0,0.0,0.0,0.0,0.0,0.0,20.07406128258196,-64.91725737705838,20.258232324010437,-223.4628900253265,20.097576828574895,-245.9803993249352,19.782853283357974,-53.37949035921383,17.972563227604959,3.192624206874541,19.914790252811195,-25.20421172612575,18.62117301905917,-37.39762442218807,17.453839333941187,-65.97761324971322,18.16442833636207,-282.257147395527,531.7494441719982,616.2181709180547,0.0,0.0,0.0,0.0,0.0,0.0,0.0,0.0,0.0,0.0,0.0,0.0,0.0,0.0,0.0,0.0,0.0,0.0,0.0,0.0,0.0,0.0,1.1769266720952323,0.35925722591429556,353.4828002644772,416.76439975678457,8048.60123142384,0.20009514291200287,0.030539551726496168,179.74246289200358,211.59926166516957,4171.032490957118,1.1657699876037376,0.22028911330380539,316.19308191323008,372.745109622521,7260.16485401078,0.2267083466458184,0.04283982362921737,169.60261371469199,199.9939235891573,3849.2339026574629,0.0,0.0,6.29002142224347,7.465108093533253,120.96216146569144,0.0,0.0,10.655649480204982,12.544324566715116,249.76997406145029,0.0,0.0,150.51528596777355,178.18367237934803,3105.082165285312,0.0,0.0,29.361558958514494,34.918334533999928,526.829994071498,0.0,0.0,97.2429178537805,115.35357470005346,1885.5100563857073,31.410265425566217,21.54339192425667,475.4207562744927,561.9049720994177,10850.535753143251,0.0,0.0,118.70565455392915,141.71457703358863,1877.9431992784744,0.0,19.73449303480655,48.105236761789807,22.0,30.0,0.0,20.069702133041507,46.639435040234548,12.0,30.0,0.0,19.87632992250878,47.27506869258059,22.0,30.0,0.0,19.74894415034371,48.11849922059332,12.0,30.0,0.0,17.954448831894909,56.02592952071143,12.0,30.0,0.0,20.13893729831825,50.10665561248517,12.0,30.0,0.0,18.673675966814267,52.63964675547358,10.0,30.0,0.0,17.29208190237224,58.069533532120249,12.0,30.0,0.0,18.034933370968714,55.21313720465174,20.0,30.0,0.0,19.110824456588053,0.0,0.0,0.0,16.193857507857478,0.0,0.0,701.0475125605979,680.0146332880186,683.7688815198433,703.6135482788574,791.6253633107606,1142.785963628693,761.3947484628239,792.5777838557765,783.3668898909145,0.0,83.18410655499123,83.18410655499123,60.0,0.0,60.0,60.0,12.0,12.0,12.0,19.0,12.0,12.0,21.0,10.0,0.0,0.0,0.0,0.0,0.0,0.0,0.0,0.0,0.0,0.0,0.0,0.0,0.0,83.18410655499123,83.18410655499123,0.0,0.0,0.0,83.18410655499123,0.0,0.0,0.0019666666666666666 
 04/04  23:30:00,8.24,87.0,3.13,0.0,0.0,0.0,0.0,0.0,2.0,0.0,0.0,0.0,0.0,0.0,0.0,1936.0,0.0,0.0,0.0,0.0,0.0,0.0,0.0,0.0,0.0,0.0,0.0,20.04093474016404,-188.80922858673513,20.080638997174995,-168.85471765048397,19.918140706128285,-145.05148218503383,19.722068140847236,-110.87254958252197,17.96604604643464,2.864311796674059,19.85450285529457,-30.54448202147759,18.506616622831847,-36.28467784511804,17.42994053151803,-58.780867755324099,17.973295510870128,-272.51375875078068,521.2488694312506,624.1475010821675,0.0,0.0,0.0,0.0,0.0,0.0,0.0,0.0,0.0,0.0,0.0,0.0,0.0,0.0,0.0,0.0,0.0,0.0,0.0,0.0,0.0,0.0,1.1626331960873145,0.35489413799979077,357.6788953117795,421.9824964175838,8223.98144750386,0.20338266789296786,0.03104131072847495,179.20547645326603,211.5599371630039,4138.460455852261,1.2712601221047327,0.2402230011535777,342.18042394445765,403.817890448202,7807.887158077019,0.22413136059461159,0.04235286481379658,193.06288585247848,227.78660030500334,4413.41598884515,0.0,0.0,6.303006359476586,7.47655546344979,123.08436791406742,0.0,0.0,10.897004796279586,12.834784024888304,257.30970312229638,0.0,0.0,160.26762896505088,189.86709085528936,3292.53194329975,0.0,0.0,26.36627345412038,31.35893499814852,480.4938951492047,0.0,0.0,107.86441195125616,128.1168299035168,2064.9962714826008,31.272892325550889,21.449171691049999,500.9696020823925,592.6064149434916,11472.998915410979,0.0,0.0,127.54371506737208,152.32063995413518,2048.2612043640685,0.0,19.723054473418118,47.75471736324558,22.0,30.0,0.0,19.81862187725018,46.80274369340401,12.0,30.0,0.0,19.622059675190909,47.67661702886711,22.0,30.0,0.0,19.6821747715631,48.0678880162494,12.0,30.0,0.0,17.947874460516073,55.803428277353699,12.0,30.0,0.0,20.068718514397206,49.73721498715745,12.0,30.0,0.0,18.473723242739618,52.94761726991906,10.0,30.0,0.0,17.277573647206034,57.68449739381472,12.0,30.0,0.0,17.747822543752656,55.82798484556641,20.0,30.0,0.0,19.02764029926885,0.0,0.0,0.0,16.153511814708425,0.0,0.0,686.0522758613561,656.6882504318303,669.966046022809,694.3840070268452,788.360460825658,1125.3456107828184,750.0318989875017,778.6608568555568,771.9811674807288,0.0,83.18410655499123,83.18410655499123,60.0,0.0,60.0,60.0,12.0,12.0,12.0,19.0,12.0,12.0,21.0,10.0,0.0,0.0,0.0,0.0,0.0,0.0,0.0,0.0,0.0,0.0,0.0,0.0,0.0,83.18410655499123,83.18410655499123,0.0,0.0,0.0,83.18410655499123,0.0,0.0,0.0019633333333333336 
 04/04  23:40:00,8.086666666666666,87.66666666666666,3.086666666666667,0.0,0.0,0.0,0.0,0.0,2.0,0.0,0.0,0.0,0.0,0.0,0.0,1936.0,0.0,0.0,0.0,0.0,0.0,0.0,0.0,0.0,0.0,0.0,0.0,19.86674002684374,-73.41983708305816,20.032028319215095,-205.51298660316298,19.88269094762512,-231.02966793452016,19.58918476074546,-60.31997583581824,17.957587776187674,2.5017828395524619,19.792968179519375,-31.55670454953136,18.429521121951955,-72.66034083769273,17.408343216367606,-55.86131312254753,17.82615016606604,-273.21438774619608,499.0321512590808,633.4799209957041,0.0,0.0,0.0,0.0,0.0,0.0,0.0,0.0,0.0,0.0,0.0,0.0,0.0,0.0,0.0,0.0,0.0,0.0,0.0,0.0,0.0,0.0,1.1743098586698949,0.3584584428174282,354.4089049565297,418.33697866551418,8113.383075264897,0.20109689735487489,0.030692444651232433,180.75045010308936,213.038770037149,4217.324962714236,1.2190870709601197,0.2303641479516478,323.06938568114927,381.2685639793225,7464.333651512085,0.22557987897190619,0.04262658332802459,177.36779895888186,209.39361477898076,4046.2425844729089,0.0,0.0,5.885866271929434,6.987189634597444,116.64548685863915,0.0,0.0,11.054579136744274,13.024300033461334,262.87517606509479,0.0,0.0,163.94683037863079,194.32906542149767,3381.386104297907,0.0,0.0,23.43614213292233,27.87987942925659,433.8022288478195,0.0,0.0,115.10922618224342,136.80041382701197,2192.833268291536,31.150231964934485,21.365042499955075,483.7601402765819,572.345846556396,11136.795286164659,0.0,0.0,133.0012139075983,158.87256727680893,2155.703650861387,0.0,19.483524170606964,48.2189551877493,22.0,30.0,0.0,19.803871768003228,46.70557858966015,12.0,30.0,0.0,19.626170188423715,47.2944439180854,22.0,30.0,0.0,19.490500280951009,48.25089936014062,12.0,30.0,0.0,17.938893952942875,55.49247817622883,12.0,30.0,0.0,19.996031286197789,49.41815764439947,12.0,30.0,0.0,18.35359183734498,53.030700871525137,10.0,30.0,0.0,17.265745059143769,57.4023853018019,12.0,30.0,0.0,17.543417689853447,56.17919073034706,20.0,30.0,0.0,18.907657878243947,0.0,0.0,0.0,16.0753609039844,0.0,0.0,676.9479698478563,652.1401551292122,655.8041260619076,679.3111840392407,778.2132394452154,1109.4191522263448,740.3564531592108,768.8741469986093,760.7439552371687,0.0,83.18410655499123,83.18410655499123,60.0,0.0,60.0,60.0,12.0,12.0,12.0,19.0,12.0,12.0,21.0,10.0,0.0,0.0,0.0,0.0,0.0,0.0,0.0,0.0,0.0,0.0,0.0,0.0,0.0,83.18410655499123,83.18410655499123,0.0,0.0,0.0,83.18410655499123,0.0,0.0,0.00196 
 04/04  23:50:00,7.933333333333333,88.33333333333334,3.043333333333333,0.0,0.0,0.0,0.0,0.0,2.0,0.0,0.0,0.0,0.0,0.0,0.0,1936.0,0.0,0.0,0.0,0.0,0.0,0.0,0.0,0.0,0.0,0.0,0.0,19.854536814473314,-186.91665032909806,19.885408681998905,-160.5389747956865,19.733475683352887,-142.6283718834411,19.551215636027487,-110.64659160622841,17.948266634882537,2.1180437246755305,19.737992574043376,-35.129133250747177,18.33180938264206,-57.20236995993355,17.386439917860068,-53.05563410690985,17.69540977468374,-263.1171590500478,496.9856048641268,627.8628169934405,0.0,0.0,0.0,0.0,0.0,0.0,0.0,0.0,0.0,0.0,0.0,0.0,0.0,0.0,0.0,0.0,0.0,0.0,0.0,0.0,0.0,0.0,1.167991947795089,0.3565298985943496,362.5896769630736,428.1783292984179,8410.202584859813,0.20465476386308285,0.03123546457006759,183.55082089722823,216.8900637835935,4275.632972321061,1.310866279625165,0.24770715790347043,343.35196310851668,405.58997915366896,7912.351908048235,0.22468967203478086,0.04245836584179531,194.1340224604321,229.26864312090144,4477.133642445033,0.0,0.0,5.9412040558464229,7.049146859449959,119.47441131875131,0.0,0.0,11.186547978122358,13.185691567040813,268.14737384617447,0.0,0.0,167.19812448993609,198.29669170927026,3450.1760516108317,0.0,0.0,21.273062731630519,25.30879183282906,399.7967283614944,0.0,0.0,118.51366096500101,140.9705273376715,2254.217796103413,31.067952712959163,21.308609542496,506.9279192588068,600.1747546072634,11739.62852656361,0.0,0.0,134.99455310921756,161.33468221374288,2208.6018611984229,0.0,19.507902055854438,47.79660450224381,22.0,30.0,0.0,19.60306852015146,46.73044696924799,12.0,30.0,0.0,19.419636762159564,47.58405898240642,22.0,30.0,0.0,19.466623141173004,48.11683809888089,12.0,30.0,0.0,17.929549775538569,55.258583574238738,12.0,30.0,0.0,19.935130664713197,49.1284100947848,12.0,30.0,0.0,18.201738900710688,53.178968374731898,10.0,30.0,0.0,17.252519326366618,57.06046841217818,12.0,30.0,0.0,17.368254044574937,56.429323906397389,20.0,30.0,0.0,18.84604382836367,0.0,0.0,0.0,15.992772918250886,0.0,0.0,664.237914870688,630.1079269047302,643.9091109807996,672.5557163298418,773.7128205025592,1092.3974183751316,728.8763019259798,757.4275325630104,750.0729788851924,0.0,83.18410655499123,83.18410655499123,60.0,0.0,60.0,60.0,12.0,12.0,12.0,19.0,12.0,12.0,21.0,10.0,0.0,0.0,0.0,0.0,0.0,0.0,0.0,0.0,0.0,0.0,0.0,0.0,0.0,83.18410655499123,83.18410655499123,0.0,0.0,0.0,83.18410655499123,0.0,0.0,0.0019766666666666667 
 04/04  24:00:00,7.78,89.0,3.0,0.0,0.0,0.0,0.0,0.0,2.0,0.0,0.0,0.0,0.0,0.0,0.0,1936.0,0.0,0.0,0.0,0.0,0.0,0.0,0.0,0.0,0.0,0.0,0.0,19.699119226529569,-76.41721948717168,19.851763243908985,-195.85856172556579,19.711477316146014,-222.23258055754833,19.43518861492936,-64.74658074451418,17.937143002519144,2.614830607590349,19.681022447628594,-35.2344596610543,18.272803493622328,-87.79741193478776,17.36451286860489,-50.95590881415836,17.589748501957759,-270.151628378057,482.3623594022574,638.4817729598544,0.0,0.0,0.0,0.0,0.0,0.0,0.0,0.0,0.0,0.0,0.0,0.0,0.0,0.0,0.0,0.0,0.0,0.0,0.0,0.0,0.0,0.0,1.1820793940759256,0.36083009587177219,355.6320998971946,420.1527413459272,8231.357956390115,0.20353443368446176,0.031064474005564985,181.93530148465519,214.63259153799354,4291.098329994834,1.2758244191167215,0.24108549114072598,326.8179372431124,386.0219186322013,7638.823977199991,0.22623467398661588,0.042750316324001478,181.49943059707014,214.4620653126193,4186.960764068614,0.0,0.0,5.6364191923806239,6.692735403601601,114.95329834089631,0.0,0.0,11.28127812184379,13.300691565495424,272.47193770661786,0.0,0.0,168.40180484929619,199.80429207834013,3502.089221390361,0.0,0.0,19.042634386034075,22.660201261538729,363.2601973999929,0.0,0.0,122.57486370197512,145.85394655049999,2337.543785934824,30.984162223338346,21.251140070876788,488.9964023588225,579.0152690959001,11405.720044582022,0.0,0.0,137.67397091425864,164.58252892892419,2270.7246750470569,0.0,19.297110491097024,48.18599254851682,22.0,30.0,0.0,19.61007229698472,46.629920362945217,12.0,30.0,0.0,19.442281735800216,47.1845566203357,22.0,30.0,0.0,19.30421207869427,48.21358796020323,12.0,30.0,0.0,17.917993325881427,54.93698179434499,12.0,30.0,0.0,19.870248330672433,48.85187903315898,12.0,30.0,0.0,18.123809106373295,53.13208306566461,10.0,30.0,0.0,17.23878705557594,56.818093949940337,12.0,30.0,0.0,17.23625637762652,56.5430290393801,20.0,30.0,0.0,18.74798221050959,0.0,0.0,0.0,15.90418025729181,0.0,0.0,656.0691871472151,628.525341038026,631.9794219759192,658.2442334521986,762.1276253631713,1077.2119702623537,719.6562158127449,748.9138521323097,739.4228288000875,0.0,83.18410655499123,83.18410655499123,60.0,0.0,60.0,60.0,12.0,12.0,12.0,19.0,12.0,12.0,21.0,10.0,0.0,0.0,0.0,0.0,0.0,0.0,0.0,0.0,0.0,0.0,0.0,0.0,0.0,83.18410655499123,83.18410655499123,0.0,0.0,0.0,83.18410655499123,0.0,0.0,0.0019933333333333337 
 04/05  00:10:00,7.706666666666667,89.33333333333334,2.9633333333333335,0.0,0.0,0.0,0.0,0.0,2.0,2.0,0.0,0.0,0.0,0.0,0.0,1936.0,0.0,0.0,0.0,0.0,0.0,0.0,0.0,0.0,0.0,0.0,0.0,19.702156591631476,-181.84501559855836,19.72293954457688,-152.6491238819135,19.579527009578645,-138.16443861534936,19.410425446827156,-109.06610497012116,17.924162610944437,0.028442917390137269,19.63294462530296,-33.31078564718629,18.324259104464958,56.655624663916118,17.311780149463297,-85.35471573555151,17.641003361675844,-100.22107349763792,478.5154927394724,358.66469025579706,0.0,0.0,0.0,0.0,0.0,0.0,0.0,0.0,0.0,0.0,0.0,0.0,0.0,0.0,0.0,0.0,0.0,0.0,0.0,0.0,0.0,0.0,1.1817384533514764,0.3607260236115618,364.2370886083047,430.4296610124938,8500.839670345134,0.2076941761490078,0.03169935533409765,186.34107926344184,220.34440114004469,4365.623127309538,1.3737044580209177,0.25958134127379409,343.7068852223354,406.30929974266499,7973.577499322722,0.22684631783750992,0.04286589528297616,194.27033034794295,229.59588466465255,4507.836374848135,0.0,0.0,5.693899157295175,6.757629792854244,116.81289789723565,0.0,0.0,10.662641416079886,12.575513453084348,258.0871041117103,0.0,0.0,75.65953050038964,89.71087400019701,1607.2275943137818,0.0,0.0,24.440892806924773,29.094440909147143,466.2545759179071,0.0,0.0,26.64348875269608,31.69048891801677,519.8963306381795,30.801035898195559,21.125539024825494,510.4541850403791,604.7539197058584,11907.50545238591,0.0,0.0,59.76212115026553,71.56608461651119,939.8248812094544,0.0,19.34670888864232,47.69778133637579,22.0,30.0,0.0,19.43574874794779,46.589814204974278,12.0,30.0,0.0,19.26151737863222,47.421913170762838,22.0,30.0,0.0,19.303629513034815,48.04327216010335,12.0,30.0,0.0,17.903762260873067,54.65628923694524,12.0,30.0,0.0,19.820784344824426,48.60392749477508,12.0,30.0,0.0,18.27280411783517,51.83077615169964,10.0,30.0,0.0,17.1628551877628,56.69863534371087,12.0,30.0,0.0,17.387679166864783,55.79864054784624,20.0,30.0,0.0,18.70278535771206,0.0,0.0,0.0,15.438647252586211,0.0,0.0,644.2775378373594,607.6872811434485,622.2061001862896,654.9984658948503,755.7937184167367,1072.3748947949248,692.3881735975008,741.0764113107039,795.1909945965847,0.0,83.18410655499123,83.18410655499123,60.0,0.0,60.0,60.0,12.0,12.0,12.0,19.0,12.0,12.0,21.0,10.0,0.0,0.0,0.0,0.0,0.0,0.0,0.0,0.0,0.0,0.0,0.0,0.0,0.0,83.18410655499123,83.18410655499123,0.0,0.0,0.0,83.18410655499123,0.0,0.0,0.00201 
 04/05  00:20:00,7.633333333333334,89.66666666666667,2.9266666666666669,0.0,0.0,0.0,0.0,0.0,2.0,2.0,0.0,0.0,0.0,0.0,0.0,1936.0,0.0,0.0,0.0,0.0,0.0,0.0,0.0,0.0,0.0,0.0,0.0,19.564291070892688,-72.13627303248177,19.70039049703804,-183.6824558899516,19.56731112644349,-210.9660018660561,19.308213155081814,-61.73174365462319,17.908993888653606,-0.08176525779146005,19.585571751952025,-28.109572534857734,18.393133516353737,13.753778059100342,17.24362674408289,-100.35499329757414,17.725106634083418,-104.21521532073303,464.03596899737479,391.57762644251468,0.0,0.0,0.0,0.0,0.0,0.0,0.0,0.0,0.0,0.0,0.0,0.0,0.0,0.0,0.0,0.0,0.0,0.0,0.0,0.0,0.0,0.0,1.1920445234920028,0.3638719546678885,352.3498254943834,416.5557460040055,8164.579736688142,0.20679907525834213,0.03156274042404489,182.28617625068407,215.2013396797587,4301.4076119427149,1.3524425937797849,0.25556360426677729,326.9143386196052,386.3919867682481,7649.267513357247,0.2276189485206431,0.04301189503413512,182.04971192475748,215.2554945419568,4204.01489132929,0.0,0.0,5.56239624892675,6.606650845068427,114.75183458245599,0.0,0.0,10.350638936792997,12.209873126560265,251.07800687536258,0.0,0.0,74.04961335878179,87.80160526502493,1603.3467723147347,0.0,0.0,28.012398090742509,33.359956276924979,533.1231884598406,0.0,0.0,24.883495150176196,29.579278324796794,497.72733615881267,30.609268827791167,20.99401154169491,489.5166123260102,579.9833764811192,11443.482829957942,0.0,0.0,60.304808722728107,72.2617243841243,939.6269752724131,0.0,19.16124957280831,48.001401813055228,22.0,30.0,0.0,19.4575963654148,46.49574891765243,12.0,30.0,0.0,19.29728956089994,47.02497134602266,22.0,30.0,0.0,19.164410275877445,48.058723253704339,12.0,30.0,0.0,17.88695731221236,54.2140008412988,12.0,30.0,0.0,19.771713380468055,48.31041263030052,12.0,30.0,0.0,18.41439911533115,51.09839393045284,10.0,30.0,0.0,17.063764595520526,56.51106817708005,12.0,30.0,0.0,17.562665364073064,54.91436079241274,20.0,30.0,0.0,18.62994835946781,0.0,0.0,0.0,15.290012498589015,0.0,0.0,636.8711210226923,608.4882093622393,613.0452218665014,643.298125393158,740.9624460577197,1073.7843403680022,691.2189661987378,727.7036054914638,834.3079624706088,0.0,83.18410655499123,83.18410655499123,60.0,0.0,60.0,60.0,12.0,12.0,12.0,19.0,12.0,12.0,21.0,10.0,0.0,0.0,0.0,0.0,0.0,0.0,0.0,0.0,0.0,0.0,0.0,0.0,0.0,83.18410655499123,83.18410655499123,0.0,0.0,0.0,83.18410655499123,0.0,0.0,0.00201 
 04/05  00:30:00,7.5600000000000009,90.0,2.8899999999999999,0.0,0.0,0.0,0.0,0.0,2.0,2.0,0.0,0.0,0.0,0.0,0.0,1936.0,0.0,0.0,0.0,0.0,0.0,0.0,0.0,0.0,0.0,0.0,0.0,19.577564625810468,-175.27760170333569,19.5851405220145,-143.4065888311875,19.449037247502298,-131.97680343879166,19.29347431701456,-101.7833093105628,17.893113369584826,-0.7376757450675484,19.544245518142696,-26.50947829881264,18.377680922358544,15.19821085622766,17.17275769169182,-109.44879109314036,17.781526542280063,-103.76677759485489,463.0310567168217,405.20587858052229,0.0,0.0,0.0,0.0,0.0,0.0,0.0,0.0,0.0,0.0,0.0,0.0,0.0,0.0,0.0,0.0,0.0,0.0,0.0,0.0,0.0,0.0,1.1798745008674739,0.36015705154684798,357.6180167097527,422.8357586800797,8366.919024995448,0.2082148684411556,0.03177882607465745,184.85651019801106,218.70838104627428,4338.677618709096,1.426729718551678,0.26960123177469366,337.7074443362937,399.4347219589593,7855.056005658633,0.2263067207618472,0.04276393060503536,190.6582909321054,225.44865294163453,4434.840237862776,0.0,0.0,5.657598743789119,6.7163263817798,117.36622232789853,0.0,0.0,10.14040248622138,11.965524571161684,246.71074576042259,0.0,0.0,74.74353164977906,88.60223228044045,1626.8094807396506,0.0,0.0,30.4618246067087,36.29207645823578,578.2999378032603,0.0,0.0,23.264909809281727,27.647934682108976,474.045340616967,30.439098169114624,20.877296412287128,503.04431773388958,596.2686786137965,11780.9441631803,0.0,0.0,60.24412173383281,72.21976246870472,933.937830807484,0.0,19.224501377483038,47.48897076887755,22.0,30.0,0.0,19.303657454381374,46.4165707914822,12.0,30.0,0.0,19.137049688078834,47.22122114299968,22.0,30.0,0.0,19.1804851070382,47.8291291747081,12.0,30.0,0.0,17.869938970949634,53.94958455434242,12.0,30.0,0.0,19.732693722914818,48.09879145618396,12.0,30.0,0.0,18.39497724123909,50.72099136367798,10.0,30.0,0.0,16.963946350051566,56.27874620612973,12.0,30.0,0.0,17.679843195183538,54.09337041263073,20.0,30.0,0.0,18.59299085963857,0.0,0.0,0.0,15.174586851901508,0.0,0.0,627.8705884544061,589.8113802560938,604.9909326245252,640.1560072151264,736.7126573323271,1078.3299881532519,682.5358790939849,717.0802383830325,851.6403652367344,0.0,83.18410655499123,83.18410655499123,60.0,0.0,60.0,60.0,12.0,12.0,12.0,19.0,12.0,12.0,21.0,10.0,0.0,0.0,0.0,0.0,0.0,0.0,0.0,0.0,0.0,0.0,0.0,0.0,0.0,83.18410655499123,83.18410655499123,0.0,0.0,0.0,83.18410655499123,0.0,0.0,0.00201 
 04/05  00:40:00,7.486666666666666,90.33333333333334,2.853333333333333,0.0,0.0,0.0,0.0,0.0,2.0,2.0,0.0,0.0,0.0,0.0,0.0,1936.0,0.0,0.0,0.0,0.0,0.0,0.0,0.0,0.0,0.0,0.0,0.0,19.445812996581354,-72.48126854224575,19.567851247005366,-174.42976079051778,19.441449696290208,-201.8143109938319,19.199626374482969,-60.47383681515248,17.876092007543265,-1.007849004597361,19.50153110667269,-23.94217549077746,18.378191380019226,-4.038960166539937,17.102413683778985,-115.9452736090584,17.822421440516814,-98.74152326210475,451.1449771320231,407.494575510108,0.0,0.0,0.0,0.0,0.0,0.0,0.0,0.0,0.0,0.0,0.0,0.0,0.0,0.0,0.0,0.0,0.0,0.0,0.0,0.0,0.0,0.0,1.1870061239772046,0.3623339816780234,348.4305000824754,412.1555561605988,8097.988012293072,0.20670916098416715,0.03154901724422576,181.07820811212623,213.90277462139813,4282.964807884948,1.4004351706272989,0.2646324963392478,325.61365541064176,385.07366039849469,7641.712802979879,0.2261554804702513,0.04273535156278368,181.5009736754931,214.72920796591274,4205.611024089589,0.0,0.0,5.529787669924239,6.569946702138323,115.33608116266169,0.0,0.0,10.027649669067565,11.834340161376801,244.62275553063504,0.0,0.0,71.88971954808423,85.25429562641753,1577.4190124324273,0.0,0.0,31.73154502186471,37.82031311717853,601.1916338563178,0.0,0.0,21.02116866158924,24.974269577111078,434.94996687418577,30.262667469251818,20.75628770181881,487.10310100848519,577.4225105957974,11433.239923627752,0.0,0.0,58.54975437562873,70.22726436224446,902.2450559846521,0.0,19.046575439511856,47.77228853176528,22.0,30.0,0.0,19.330828655592947,46.338888417688028,12.0,30.0,0.0,19.17719102117678,46.83943483377401,22.0,30.0,0.0,19.053318297512136,47.803050774672758,12.0,30.0,0.0,17.851974744153944,53.535741007285199,12.0,30.0,0.0,19.690337793018608,47.804838466574498,12.0,30.0,0.0,18.410728985575497,50.46058347923457,10.0,30.0,0.0,16.86825467256312,56.29658094665663,12.0,30.0,0.0,17.765824347172939,53.52425411835009,20.0,30.0,0.0,18.527656763764335,0.0,0.0,0.0,15.052285067948869,0.0,0.0,621.6297696069496,592.4267877421804,597.5007665217911,628.3163304313109,723.6141802117023,1080.890270980327,680.3280071737155,713.797856357729,867.4600497889422,0.0,83.18410655499123,83.18410655499123,60.0,0.0,60.0,60.0,12.0,12.0,12.0,19.0,12.0,12.0,21.0,10.0,0.0,0.0,0.0,0.0,0.0,0.0,0.0,0.0,0.0,0.0,0.0,0.0,0.0,83.18410655499123,83.18410655499123,0.0,0.0,0.0,83.18410655499123,0.0,0.0,0.00201 
 04/05  00:50:00,7.413333333333334,90.66666666666667,2.8166666666666666,0.0,0.0,0.0,0.0,0.0,2.0,2.0,0.0,0.0,0.0,0.0,0.0,1936.0,0.0,0.0,0.0,0.0,0.0,0.0,0.0,0.0,0.0,0.0,0.0,19.461397708579996,-170.75454420284405,19.45974770038862,-137.74685403065269,19.329557130951448,-127.24811166442214,19.188741688419407,-98.93624564005222,17.857979279249315,-1.4552428633459159,19.462155557641425,-23.499427371389517,18.337409378236538,3.5778118179168816,17.033634581726309,-122.32382415983989,17.84931809121181,-95.06437908780731,450.71965561149048,412.0581584317332,0.0,0.0,0.0,0.0,0.0,0.0,0.0,0.0,0.0,0.0,0.0,0.0,0.0,0.0,0.0,0.0,0.0,0.0,0.0,0.0,0.0,0.0,1.1771155159562495,0.35931487056051578,351.421829861072,415.72296265312397,8250.227429127932,0.20823753218404324,0.03178228513187473,182.32476947891247,215.82343357749668,4292.032299505897,1.5296375453256293,0.2890471552013662,332.4470994323486,393.4082785217229,7761.88194729413,0.2252552146280011,0.04256523330083164,187.61547767882508,221.9561020444121,4380.788215981028,0.0,0.0,5.627642679167282,6.68253427247865,118.0021547771554,0.0,0.0,9.929326632108488,11.721476469669195,242.9857444561635,0.0,0.0,72.44323632528469,85.90185562564034,1591.5112693617317,0.0,0.0,33.166324478806327,39.54536705471823,627.4061345258422,0.0,0.0,19.57187958122148,23.251517831933414,409.988654222854,30.109964532292616,20.651553177155436,495.34252385584866,587.4127789853122,11655.229019312057,0.0,0.0,57.95750978716805,69.54582234849628,888.848000111599,0.0,19.112830272332045,47.26588458476657,22.0,30.0,0.0,19.186303058614628,46.23974887199495,12.0,30.0,0.0,19.02463464743785,47.02645041862307,22.0,30.0,0.0,19.074323137305578,47.58007488567342,12.0,30.0,0.0,17.833013893378568,53.302155339853538,12.0,30.0,0.0,19.65367102463931,47.610896075279899,12.0,30.0,0.0,18.34876822236856,50.22543328356964,10.0,30.0,0.0,16.77763075910145,56.137503815080638,12.0,30.0,0.0,17.82276794607469,52.9643086273545,20.0,30.0,0.0,18.491058918862316,0.0,0.0,0.0,14.939485213428185,0.0,0.0,613.5244965828902,574.6655152770139,590.2849164783357,625.9583447520693,719.7163482727009,1082.7898804360567,670.1275409812481,706.2733084743741,876.6534478830265,0.0,83.18410655499123,83.18410655499123,60.0,0.0,60.0,60.0,12.0,12.0,12.0,19.0,12.0,12.0,21.0,10.0,0.0,0.0,0.0,0.0,0.0,0.0,0.0,0.0,0.0,0.0,0.0,0.0,0.0,83.18410655499123,83.18410655499123,0.0,0.0,0.0,83.18410655499123,0.0,0.0,0.0020133333333333337 
 04/05  01:00:00,7.34,91.0,2.78,0.0,0.0,0.0,0.0,0.0,2.0,2.0,0.0,0.0,0.0,0.0,0.0,1936.0,0.0,0.0,0.0,0.0,0.0,0.0,0.0,0.0,0.0,0.0,0.0,19.333931850071957,-72.20798670733984,19.44459342140479,-168.02149481017615,19.32373374691927,-194.89598239765474,19.09869513264337,-60.790864157268519,17.838940729846138,-1.7244950984196237,19.420348547424167,-21.890472081956433,18.323920360881137,-11.839573741759068,16.965335037273627,-127.73887214124523,17.86893371960354,-87.70934008472989,439.96736319058348,410.9009185323978,0.0,0.0,0.0,0.0,0.0,0.0,0.0,0.0,0.0,0.0,0.0,0.0,0.0,0.0,0.0,0.0,0.0,0.0,0.0,0.0,0.0,0.0,1.1839888452260017,0.3614129564181935,342.3876555968579,405.2122915187361,7987.776880175112,0.20677823753147707,0.03155956006280175,178.23655727897336,210.65834132653499,4228.729612060031,1.5024468479993556,0.2839090793649577,321.42407179010368,380.31913514469246,7572.077191452524,0.22499624067432245,0.04251629642371926,179.33908038393217,212.2818025321115,4173.000483855158,0.0,0.0,5.494626889570115,6.530180015480951,115.81365509876,0.0,0.0,9.85974673938393,11.641370847090287,241.9433794663674,0.0,0.0,69.68137790636499,82.6660849553412,1540.3786141249862,0.0,0.0,33.89644403496232,40.43123908642147,640.4265631366088,0.0,0.0,17.60258022238811,20.90838567224835,372.8384774674148,29.947350655837263,20.54002102595149,480.1758691635265,569.4819945489305,11325.626494466735,0.0,0.0,56.21351688304655,67.48978278740217,856.8444160057851,0.0,18.939534220561926,47.539854964875448,22.0,30.0,0.0,19.214309906453886,46.18173949551176,12.0,30.0,0.0,19.065073157204539,46.665749047507308,22.0,30.0,0.0,18.951659540002106,47.54394659502425,12.0,30.0,0.0,17.813362388772583,52.92087689295771,12.0,30.0,0.0,19.612112957673796,47.32768249521479,12.0,30.0,0.0,18.34284129532012,50.06427331704756,10.0,30.0,0.0,16.689560500650104,56.184079248718308,12.0,30.0,0.0,17.866533838299554,52.565298755297167,20.0,30.0,0.0,18.427920951392616,0.0,0.0,0.0,14.816819574726886,0.0,0.0,607.7255694901219,578.5139260114736,583.8715687404786,614.2681009698505,707.5136998993901,1081.7308617605359,666.8877282682948,702.5797045016191,889.4631669737962,0.0,83.18410655499123,83.18410655499123,60.0,0.0,60.0,60.0,12.0,12.0,12.0,19.0,12.0,12.0,21.0,10.0,0.0,0.0,0.0,0.0,0.0,0.0,0.0,0.0,0.0,0.0,0.0,0.0,0.0,83.18410655499123,83.18410655499123,0.0,0.0,0.0,83.18410655499123,0.0,0.0,0.0020166666666666668 
 04/05  01:10:00,7.283333333333333,91.50000000000002,2.798333333333333,0.0,0.0,0.0,0.0,0.0,2.0,2.0,0.0,0.0,0.0,0.0,0.0,1936.0,0.0,0.0,0.0,0.0,0.0,0.0,0.0,0.0,0.0,0.0,0.0,19.35023021336564,-166.7618449575366,19.340251311028159,-133.83438842081206,19.215456014031866,-124.30219106281402,19.089072062713528,-97.5764947068451,17.818652647886908,-2.1269220637839085,19.380705080029626,-21.87824008255751,18.276945945826229,-3.6567966208997406,16.897798571374766,-133.6448464946701,17.881679567988173,-82.53404067802879,440.9188966583406,414.15004631777858,0.0,0.0,0.0,0.0,0.0,0.0,0.0,0.0,0.0,0.0,0.0,0.0,0.0,0.0,0.0,0.0,0.0,0.0,0.0,0.0,0.0,0.0,1.1752741339211826,0.3587527881322291,343.84206350843717,406.94040909442676,8091.8946561266479,0.2084674257385519,0.03181737267071916,178.48999240706434,211.37945846774026,4210.083340748086,1.5713380635742665,0.2969270717260519,326.33473631152807,386.3413169872449,7638.205259299252,0.22440800117381189,0.04240514005552,184.25472848389436,218.070171026143,4314.413176381263,0.0,0.0,5.593347866055818,6.643392392285179,118.29968344989877,0.0,0.0,9.790323321903787,11.561703055016036,240.64616829010394,0.0,0.0,70.33289915702227,83.4297616836171,1553.2054949751274,0.0,0.0,35.03280954531961,41.799927448494589,660.0347673331382,0.0,0.0,16.31910082211493,19.3845856197337,348.45512215275519,29.917959146420857,20.519862240343529,485.40159800721218,575.8610974572545,11464.141497946239,0.0,0.0,55.63387692439102,66.8193254918251,841.9343853248588,0.0,19.00650089762864,47.04388057326864,22.0,30.0,0.0,19.07463674174373,46.07704496773197,12.0,30.0,0.0,18.916631182592,46.85297475308687,22.0,30.0,0.0,18.973664495169719,47.33888442838867,12.0,30.0,0.0,17.79228414162968,52.7156225918091,12.0,30.0,0.0,19.574974615344048,47.162177023879909,12.0,30.0,0.0,18.27358877068539,49.85029472280909,10.0,30.0,0.0,16.60427105680693,56.04069873051566,12.0,30.0,0.0,17.897293254123399,52.139952444245178,20.0,30.0,0.0,18.38983317058067,0.0,0.0,0.0,14.703545396974832,0.0,0.0,599.9160319379155,561.1210201999775,577.1384273423425,612.4767661080291,703.0316344901321,1080.617844513729,655.6807796881014,694.8599299076157,898.6083077631286,0.0,83.18410655499123,83.18410655499123,60.0,0.0,60.0,60.0,12.0,12.0,12.0,19.0,12.0,12.0,21.0,10.0,0.0,0.0,0.0,0.0,0.0,0.0,0.0,0.0,0.0,0.0,0.0,0.0,0.0,83.18410655499123,83.18410655499123,0.0,0.0,0.0,83.18410655499123,0.0,0.0,0.00202 
 04/05  01:20:00,7.226666666666667,92.0,2.816666666666667,0.0,0.0,0.0,0.0,0.0,2.0,2.0,0.0,0.0,0.0,0.0,0.0,1936.0,0.0,0.0,0.0,0.0,0.0,0.0,0.0,0.0,0.0,0.0,0.0,19.225372287731824,-72.41667775573569,19.325572815869117,-162.97397214355989,19.211117858821848,-190.76575648782637,19.001185460953768,-61.5407402612168,17.797627572528204,-2.379207091279298,19.338269874806544,-20.643220573080897,18.257956271707238,-17.84478450163374,16.8297030876224,-139.058420537683,17.894057444903689,-72.22779690849015,431.67273963437767,410.73814284478046,0.0,0.0,0.0,0.0,0.0,0.0,0.0,0.0,0.0,0.0,0.0,0.0,0.0,0.0,0.0,0.0,0.0,0.0,0.0,0.0,0.0,0.0,1.1796420546439848,0.36008609726617366,334.98592143977069,396.60759062195378,7824.2584401737899,0.20661513070850069,0.03153466585905078,174.44840850634507,206.26793394621024,4140.821515455616,1.5023788184216037,0.28389622419153517,315.10396133639758,372.9940658219343,7430.333919046997,0.22364463308305874,0.04226089060526429,175.72306911331004,208.08535460334714,4095.2521132173644,0.0,0.0,5.469799713428662,6.50212929754775,116.07839081750112,0.0,0.0,9.739093414277554,11.503018720631867,239.68981362335286,0.0,0.0,67.52054882205195,80.12886121663419,1497.148838799108,0.0,0.0,35.605427357657507,42.49695486901852,668.9620785543472,0.0,0.0,14.287097594373812,16.967004910240094,307.5504988720845,29.86810885137431,20.485671365826009,470.02034957270106,557.6468815489055,11113.129247746048,0.0,0.0,53.7620299315326,64.60305781634551,806.4572538747473,0.0,18.835643347860139,47.3255311353744,22.0,30.0,0.0,19.102034661709547,46.04603670423729,12.0,30.0,0.0,18.95802313235061,46.51717959341757,22.0,30.0,0.0,18.85352391636658,47.30538097370405,12.0,30.0,0.0,17.770772896240297,52.36250717395241,12.0,30.0,0.0,19.53253943286399,46.901098094510427,12.0,30.0,0.0,18.26063906796856,49.733199642802478,10.0,30.0,0.0,16.51902419147199,56.092538833708378,12.0,30.0,0.0,17.928121508293378,51.805487415830288,20.0,30.0,0.0,18.32574258338215,0.0,0.0,0.0,14.57843566939869,0.0,0.0,594.3840137071511,565.8145585290251,571.4651327589983,600.7573008179008,690.994746263201,1076.2101922683115,650.8149036074376,689.8698264887247,913.8855732450563,0.0,83.18410655499123,83.18410655499123,60.0,0.0,60.0,60.0,12.0,12.0,12.0,19.0,12.0,12.0,21.0,10.0,0.0,0.0,0.0,0.0,0.0,0.0,0.0,0.0,0.0,0.0,0.0,0.0,0.0,83.18410655499123,83.18410655499123,0.0,0.0,0.0,83.18410655499123,0.0,0.0,0.00203 
 04/05  01:30:00,7.17,92.5,2.835,0.0,0.0,0.0,0.0,0.0,2.0,2.0,0.0,0.0,0.0,0.0,0.0,1936.0,0.0,0.0,0.0,0.0,0.0,0.0,0.0,0.0,0.0,0.0,0.0,19.242015406165199,-163.23189416642618,19.22371614435322,-130.88460679835226,19.104775973895856,-123.27913434103812,18.992269578729073,-96.55911535262067,17.77524669642598,-2.7994333099387918,19.298182241522519,-20.757918182014437,18.208384401795028,-9.88946140715143,16.76152339073816,-145.12113289747493,17.903648194498307,-63.25969959476265,432.5782493248662,411.0373496503016,0.0,0.0,0.0,0.0,0.0,0.0,0.0,0.0,0.0,0.0,0.0,0.0,0.0,0.0,0.0,0.0,0.0,0.0,0.0,0.0,0.0,0.0,1.171187363936459,0.3575053003469044,334.50040109865878,396.0415787513257,7881.666831950385,0.20837221000425044,0.03180284035473908,173.36610435248864,205.39279968238766,4092.0756299758215,1.5715647384735588,0.2969699052293196,318.5237968149406,377.2333189695897,7463.8906941779709,0.2231353053830932,0.042164645764000977,179.83443762881036,212.91432599408663,4217.546930805455,0.0,0.0,5.56810972320633,6.614783178572317,118.5436173145945,0.0,0.0,9.663894114343777,11.416120701022586,238.22256539248219,0.0,0.0,67.90232337207996,80.57507265223122,1503.8178487516762,0.0,0.0,36.65703753672447,43.76576245933474,686.8297036203236,0.0,0.0,12.714306340323017,15.101436982837024,275.7281311380496,29.838655952817335,20.46547047518336,472.40258668464119,560.6423277494409,11187.155713545097,0.0,0.0,52.84897175689561,63.53208944577558,786.5747608964921,0.0,18.903108360921669,46.84765836177848,22.0,30.0,0.0,18.965114394383855,45.952220969822068,12.0,30.0,0.0,18.81118326492679,46.71467581242359,22.0,30.0,0.0,18.87582370856861,47.12678071579202,12.0,30.0,0.0,17.74753862821634,52.18360690990337,12.0,30.0,0.0,19.49446790128582,46.762958572734579,12.0,30.0,0.0,18.189510558639417,49.5260852436627,10.0,30.0,0.0,16.434550027104373,55.972298206027669,12.0,30.0,0.0,17.95326127221763,51.4487035115675,20.0,30.0,0.0,18.286922864508065,0.0,0.0,0.0,14.461246803413208,0.0,0.0,586.5023350535205,548.5335302401245,564.8726663221537,599.2798456462676,685.0304080030646,1072.6207770683587,637.5170594833851,681.4175770197987,927.8943281643743,0.0,83.18410655499123,83.18410655499123,60.0,0.0,60.0,60.0,12.0,12.0,12.0,19.0,12.0,12.0,21.0,10.0,0.0,0.0,0.0,0.0,0.0,0.0,0.0,0.0,0.0,0.0,0.0,0.0,0.0,83.18410655499123,83.18410655499123,0.0,0.0,0.0,83.18410655499123,0.0,0.0,0.00204 
 04/05  01:40:00,7.113333333333333,93.0,2.8533333333333337,0.0,0.0,0.0,0.0,0.0,2.0,2.0,0.0,0.0,0.0,0.0,0.0,968.0,0.0,0.0,0.0,0.0,0.0,0.0,0.0,0.0,0.0,0.0,0.0,19.251376562538803,-26.35479047447734,19.154637076793294,-201.76873597472605,19.04027595070258,-212.7264131835418,18.9694884519306,0.9957473182912509,17.749439937540978,-3.208546860470733,19.252653174706816,-17.65933262857891,18.16234906131998,-29.225171302535729,16.693194761752389,-140.18537898245587,17.914374701490404,-59.57616904468745,414.43462058827756,417.35797530431798,0.0,0.0,0.0,0.0,0.0,0.0,0.0,0.0,0.0,0.0,0.0,0.0,0.0,0.0,0.0,0.0,0.0,0.0,0.0,0.0,0.0,0.0,1.1648736823860269,0.35557804712638188,282.0474891756397,332.93393568484808,6736.451443019971,0.19938910263514043,0.03043179222148053,176.57466705845023,208.63626923485189,4164.883495124562,1.4092166526346839,0.2662918844736743,233.11287531663167,275.58143987967079,5457.27124892305,0.22820091099390375,0.04312186526717757,131.39548167349919,155.15021561231277,3101.9604581373557,0.0,0.0,4.910029329297968,5.820447420622494,104.85417454858092,0.0,0.0,9.632231605398655,11.350952894372217,237.722934215324,0.0,0.0,62.86944775958236,74.44705570812156,1391.978315215625,0.0,0.0,36.560620632141588,43.54964737007042,683.4790513063628,0.0,0.0,12.06261897649254,14.286436593314863,263.7126950642103,29.804998934246059,20.442386100305947,374.0221121725124,442.90574732069219,8967.78768036508,0.0,0.0,51.9574765387809,62.32075155628959,767.8293710106124,0.0,18.998573314844906,47.24465540538895,22.0,30.0,0.0,18.882258887894655,44.949267337438588,12.0,30.0,0.0,18.730954794724594,45.40578795915653,22.0,30.0,0.0,18.8843847517875,47.93428272801892,12.0,30.0,0.0,17.718417118110737,51.99049165956596,12.0,30.0,0.0,19.44585073333784,46.61182755833112,12.0,30.0,0.0,18.125329871636457,49.112273793155569,10.0,30.0,0.0,16.35085316045843,56.060229162822107,12.0,30.0,0.0,17.980448081022059,51.12747960387374,20.0,30.0,0.0,18.1890869608152,0.0,0.0,0.0,14.347227944557977,0.0,0.0,610.0347757403517,497.01044314353967,499.4785692023682,631.8922753607917,675.5449798048892,1066.7289820555339,621.5631984407672,676.6954666272785,947.8385557985268,0.0,83.18410655499123,83.18410655499123,60.0,0.0,60.0,60.0,12.0,12.0,12.0,19.0,12.0,12.0,21.0,10.0,0.0,0.0,0.0,0.0,0.0,0.0,0.0,0.0,0.0,0.0,0.0,0.0,0.0,83.18410655499123,83.18410655499123,0.0,0.0,0.0,83.18410655499123,0.0,0.0,0.00205 
 04/05  01:50:00,7.056666666666667,93.5,2.871666666666667,0.0,0.0,0.0,0.0,0.0,2.0,2.0,0.0,0.0,0.0,0.0,0.0,1936.0,0.0,0.0,0.0,0.0,0.0,0.0,0.0,0.0,0.0,0.0,0.0,19.122307904485149,-131.12146214909536,19.13650347761252,-104.45542699047883,19.03988699204244,-117.3650514043793,18.904173817376678,-89.52531006138406,17.7282437740039,-3.284076055288466,19.214772476443288,-20.182120362413515,18.14663739266949,-12.827286536898783,16.635499339820805,-152.43472876763566,17.926896135857754,-34.09639005718415,426.0956209541373,400.0046521439973,0.0,0.0,0.0,0.0,0.0,0.0,0.0,0.0,0.0,0.0,0.0,0.0,0.0,0.0,0.0,0.0,0.0,0.0,0.0,0.0,0.0,0.0,1.175847325985766,0.35892775518491029,282.11178254618405,334.2367899476685,6639.022578841124,0.2148213047649341,0.0327871344268825,142.11397672393083,168.1960739215815,3376.0083466922826,1.577156365909015,0.29802652417025995,265.5762440514526,314.6504161941024,6282.115291215597,0.21977592580331985,0.04152984236646254,147.88834054718837,175.24348533714164,3475.001918911015,0.0,0.0,5.637339632281382,6.702751483928031,120.7722192546382,0.0,0.0,9.550773250341765,11.286398200684417,236.07502001216478,0.0,0.0,65.26676129795618,77.4895070893782,1452.04661395318,0.0,0.0,37.548735145189919,44.85307576662078,701.2936698908543,0.0,0.0,8.840037472658898,10.496307076541527,194.72810685548604,29.806354899900258,20.443316117901419,388.01995833041169,460.74686854281108,9320.948393350032,0.0,0.0,48.909655283196489,58.84805131359622,714.6651713342485,0.0,18.765547820236415,46.879609939601227,22.0,30.0,0.0,18.91708377456252,45.93409278420836,12.0,30.0,0.0,18.796647155280437,46.59320018695998,22.0,30.0,0.0,18.780442808033564,47.03066025961164,12.0,30.0,0.0,17.69948996930726,51.79741870327361,12.0,30.0,0.0,19.411952366287154,46.46510932691346,12.0,30.0,0.0,18.12521170964917,49.43094257491643,10.0,30.0,0.0,16.287306069576255,56.1903630647556,12.0,30.0,0.0,18.012256565420964,50.912652082954739,20.0,30.0,0.0,18.184722756615924,0.0,0.0,0.0,14.208376240425686,0.0,0.0,574.0137553647121,544.165776768283,560.7745559081225,587.6826639234175,666.8041623076197,1060.8635716538184,618.8222371046149,672.5595299570457,971.7134137063497,0.0,83.18410655499123,83.18410655499123,60.0,0.0,60.0,60.0,12.0,12.0,12.0,19.0,12.0,12.0,21.0,10.0,0.0,0.0,0.0,0.0,0.0,0.0,0.0,0.0,0.0,0.0,0.0,0.0,0.0,83.18410655499123,83.18410655499123,0.0,0.0,0.0,83.18410655499123,0.0,0.0,0.0020566666666666664 
 04/05  02:00:00,7.0,94.0,2.89,0.0,0.0,0.0,0.0,0.0,2.0,2.0,0.0,0.0,0.0,0.0,0.0,968.0,0.0,0.0,0.0,0.0,0.0,0.0,0.0,0.0,0.0,0.0,0.0,18.999225938567183,-177.4087899947781,19.137179664762919,-13.995186769533575,19.04531497975854,-43.03806188287672,18.81522254265898,-138.00709398199616,17.700978521659523,-2.9265754035630495,19.167481044950799,-20.661495711883505,18.118780103243929,-6.376628754351714,16.559676139365974,-153.18691817777927,17.94608159406765,-25.718325536266037,405.1283182927564,403.14114159939779,0.0,0.0,0.0,0.0,0.0,0.0,0.0,0.0,0.0,0.0,0.0,0.0,0.0,0.0,0.0,0.0,0.0,0.0,0.0,0.0,0.0,0.0,1.1812483030233736,0.3605764050742899,206.8887643995088,244.66332967182894,4825.422507478849,0.22141562281770148,0.03379359322614491,59.98413507931716,70.82191478355209,1442.6411746249196,1.6857850646188959,0.31855348915700995,241.21006432523573,284.86472150662169,5767.9948800020069,0.21636570638668146,0.040885432045858167,133.1314206854907,157.39681013689268,3112.096630573839,0.0,0.0,6.013193056914946,7.12998351881648,129.20184913763596,0.0,0.0,9.530509488724296,11.235546516366516,235.786665326879,0.0,0.0,67.36219927581641,79.76157156948882,1503.3473577058692,0.0,0.0,38.33653309032034,45.691064118758578,713.3241203371498,0.0,0.0,9.871810368055137,11.68914474362319,219.4544549473667,29.777434681753918,20.423480577334656,292.8004668364433,346.9235568517858,7163.086489985883,0.0,0.0,48.28055805916652,57.968655373762619,699.8784161140596,0.0,18.57239880600188,46.59073973975328,22.0,30.0,0.0,18.97302333639652,46.52578357546666,12.0,30.0,0.0,18.86070453397052,47.42904969748842,22.0,30.0,0.0,18.64873556238501,46.400243909106688,12.0,30.0,0.0,17.669281778707885,51.51230514816593,12.0,30.0,0.0,19.35984434887115,46.21292984858897,12.0,30.0,0.0,18.099296534435536,49.74395992433797,10.0,30.0,0.0,16.18952082193055,56.339319101458269,12.0,30.0,0.0,18.054019660016988,50.53522776664838,20.0,30.0,0.0,18.071494177417045,0.0,0.0,0.0,14.089281646530037,0.0,0.0,544.457797917963,578.5994628058214,609.3477109484543,550.6647424287299,652.369435103361,1047.6307036351703,621.1279384371687,664.8242841161223,990.5118251919125,0.0,83.18410655499123,83.18410655499123,60.0,0.0,60.0,60.0,12.0,12.0,12.0,19.0,12.0,12.0,21.0,10.0,0.0,0.0,0.0,0.0,0.0,0.0,0.0,0.0,0.0,0.0,0.0,0.0,0.0,83.18410655499123,83.18410655499123,0.0,0.0,0.0,83.18410655499123,0.0,0.0,0.0020633333333333334 
 04/05  02:10:00,7.013333333333334,94.00000000000002,2.9600000000000006,0.0,0.0,0.0,0.0,0.0,2.0,2.0,0.0,0.0,0.0,0.0,0.0,1936.0,0.0,0.0,0.0,0.0,0.0,0.0,0.0,0.0,0.0,0.0,0.0,19.036473460831183,-83.14506834196891,19.061894538945727,-149.62447786408985,18.94433506603132,-175.25672182633299,18.804698605955648,-49.53775610547427,17.678028789351545,-3.929620231677859,19.132442225601829,-18.213166128145248,18.074611402643894,-26.07687998532583,16.499345751671805,-164.8231714011048,17.951875253009676,-29.208293238135725,411.8925183731553,416.31884836149257,0.0,0.0,0.0,0.0,0.0,0.0,0.0,0.0,0.0,0.0,0.0,0.0,0.0,0.0,0.0,0.0,0.0,0.0,0.0,0.0,0.0,0.0,1.1586615920866095,0.3536818046662422,264.03175830829869,312.9229889859982,6226.86148478472,0.20486612091852064,0.031267722972912189,125.20166470394466,148.50473691104294,2967.4771502642,1.4884761928804449,0.2812691218594946,264.55208561740735,313.5415282116612,6221.71390169407,0.22492639694431239,0.042503098439968318,146.14498100935863,173.20248639420726,3422.723621718781,0.0,0.0,5.5376866549222039,6.581962334132222,118.561311452468,0.0,0.0,9.436280052778557,11.154538233152849,232.56567112821649,0.0,0.0,63.28803519559516,75.13890853145415,1402.9462082673568,0.0,0.0,39.184244970282808,46.833581590224039,722.5145780711234,0.0,0.0,11.054005332105229,13.118757751005063,245.64494130826189,29.83835437922743,20.46526363458672,366.82690351712759,435.8521536251724,8792.592492999176,0.0,0.0,49.08293115082775,59.10140188173497,700.1754582803308,0.0,18.723880605002536,46.750396946562748,22.0,30.0,0.0,18.85504401600419,45.58418611184717,12.0,30.0,0.0,18.69490722311472,46.51451974433765,22.0,30.0,0.0,18.68725944967388,47.07853342397353,12.0,30.0,0.0,17.648385462739325,51.442585723822798,12.0,30.0,0.0,19.329893988926245,46.1544265793016,12.0,30.0,0.0,18.04011014312689,49.328453799519099,10.0,30.0,0.0,16.12159864278543,56.26979148757337,12.0,30.0,0.0,18.067598780725989,50.346225289015169,20.0,30.0,0.0,18.061840887960835,0.0,0.0,0.0,13.989545142437767,0.0,0.0,565.4394691108815,523.8906923278282,547.7587472973489,580.2834710881266,646.4876860031237,1040.1653827363489,603.2293174767704,663.381940102628,990.6939548546276,0.0,83.18410655499123,83.18410655499123,60.0,0.0,60.0,60.0,12.0,12.0,12.0,19.0,12.0,12.0,21.0,10.0,0.0,0.0,0.0,0.0,0.0,0.0,0.0,0.0,0.0,0.0,0.0,0.0,0.0,83.18410655499123,83.18410655499123,0.0,0.0,0.0,83.18410655499123,0.0,0.0,0.00207 
 04/05  02:20:00,7.026666666666667,94.0,3.0300000000000004,0.0,0.0,0.0,0.0,0.0,2.0,2.0,0.0,0.0,0.0,0.0,0.0,968.0,0.0,0.0,0.0,0.0,0.0,0.0,0.0,0.0,0.0,0.0,0.0,19.07202267947676,-18.780507303583364,18.96364941777933,-214.09398476419848,18.841619747319084,-225.1275496531125,18.80365897254972,3.40878008702839,17.648890877018933,-4.066040014128845,19.088750404121908,-16.895414973431345,18.022250959575133,-32.88075311107559,16.423122815916629,-163.05636372072196,17.954794137727029,-31.604867768018609,400.2111328568117,427.49718724310676,0.0,0.0,0.0,0.0,0.0,0.0,0.0,0.0,0.0,0.0,0.0,0.0,0.0,0.0,0.0,0.0,0.0,0.0,0.0,0.0,0.0,0.0,1.1433471869857686,0.3490070778344837,233.1876550224284,275.4470864653679,5545.430505508428,0.20052395248008018,0.030604998852271093,152.9488375088704,180.81501848178,3584.402921042195,1.3573993481962879,0.25650025476120338,194.4630460441939,230.0243978208066,4519.345870899112,0.22582021012769558,0.042671997378627268,118.26432301108318,139.7366349394596,2776.133255378069,0.0,0.0,5.354615376292836,6.350368167953339,114.20484553516867,0.0,0.0,9.404148166744554,11.089949629037927,230.7424954882065,0.0,0.0,61.311931773625818,72.64516382357265,1349.2610801096362,0.0,0.0,39.66587014465888,47.30463922919907,723.0072336400707,0.0,0.0,11.793826008756444,13.964282214017313,262.0715562648514,29.896452312856263,20.505111325690174,310.96078423919905,368.4764999708836,7495.2490918721409,0.0,0.0,49.531291127189529,59.50778888155137,696.1137920349225,0.0,18.846931537770336,46.50352678163064,22.0,30.0,0.0,18.7120898629472,45.25934441141513,12.0,30.0,0.0,18.54278339146842,45.77904155928933,22.0,30.0,0.0,18.723999885446334,47.484602267951718,12.0,30.0,0.0,17.616021171827286,51.33389127030171,12.0,30.0,0.0,19.281997642747258,46.0316566061682,12.0,30.0,0.0,17.967075942306108,48.93724690170973,10.0,30.0,0.0,16.023786268809216,56.40209889859521,12.0,30.0,0.0,18.077662447101518,50.05775272836388,20.0,30.0,0.0,17.987556882495658,0.0,0.0,0.0,13.894391339489176,0.0,0.0,566.195888609389,492.1667890894525,495.43362445517615,600.0233424960528,638.2602113662265,1025.4165414118923,586.2639289449779,667.2867038291697,977.7822279620058,0.0,83.18410655499123,83.18410655499123,60.0,0.0,60.0,60.0,12.0,12.0,12.0,19.0,12.0,12.0,21.0,10.0,0.0,0.0,0.0,0.0,0.0,0.0,0.0,0.0,0.0,0.0,0.0,0.0,0.0,83.18410655499123,83.18410655499123,0.0,0.0,0.0,83.18410655499123,0.0,0.0,0.0020766666666666669 
 04/05  02:30:00,7.04,94.0,3.1,0.0,0.0,0.0,0.0,0.0,2.0,2.0,0.0,0.0,0.0,0.0,0.0,1936.0,0.0,0.0,0.0,0.0,0.0,0.0,0.0,0.0,0.0,0.0,0.0,18.933623975493796,-132.61386516303265,18.94408046239345,-97.56418182718085,18.84871080902438,-103.47384295653819,18.7379187170635,-92.47738367308739,17.625324309218216,-3.9692015830585776,19.052663318196097,-19.698613464361786,17.998205643937625,-24.982209720128368,16.363708327756947,-172.25589108097018,17.950844561284577,-34.937848977183737,406.11108366463579,437.0062135582639,0.0,0.0,0.0,0.0,0.0,0.0,0.0,0.0,0.0,0.0,0.0,0.0,0.0,0.0,0.0,0.0,0.0,0.0,0.0,0.0,0.0,0.0,1.1473493002822917,0.35022872413989367,257.87221961176967,305.70790511000566,5992.955378991921,0.20984163239883953,0.032027111171984059,126.68412224345421,150.0170655345123,2971.0491037130748,1.4220889462304225,0.26872429067090389,244.0180870787088,289.3277778164751,5698.505627228827,0.21430635273437824,0.0404962873647729,133.62430054406677,158.45936405998484,3101.239899061884,0.0,0.0,5.857171498798422,6.966471742670968,124.48404258398924,0.0,0.0,9.468263245038234,11.195597940559523,231.36460284940953,0.0,0.0,64.53611648491668,76.6715858242922,1416.3016984431789,0.0,0.0,40.43547863342798,48.35704500808157,730.520764812705,0.0,0.0,13.81682377067306,16.403070465611365,306.48274089302097,29.949684411226128,20.54162168122506,350.5544297114965,416.5652342229392,8349.538522270203,0.0,0.0,50.25120508723937,60.54876586619224,695.725966336254,0.0,18.595629892782129,46.68247636655064,22.0,30.0,0.0,18.742711634973334,45.80460982477609,12.0,30.0,0.0,18.623831976574306,46.51740335746257,22.0,30.0,0.0,18.614975669779367,46.81472316145194,12.0,30.0,0.0,17.59555811889117,51.179656972074429,12.0,30.0,0.0,19.248804822211367,45.92365312771587,12.0,30.0,0.0,17.95251883037293,49.14967322581912,10.0,30.0,0.0,15.959054446411735,56.56335449293704,12.0,30.0,0.0,18.076087737209549,49.84151020856963,20.0,30.0,0.0,17.977109377648178,0.0,0.0,0.0,13.805792666940404,0.0,0.0,548.6737018082945,521.3463234057081,541.4719387705263,560.3167190302409,631.2553775011298,1014.3133992238813,593.4330384262626,675.7070224034048,958.720069230381,0.0,83.18410655499123,83.18410655499123,60.0,0.0,60.0,60.0,12.0,12.0,12.0,19.0,12.0,12.0,21.0,10.0,0.0,0.0,0.0,0.0,0.0,0.0,0.0,0.0,0.0,0.0,0.0,0.0,0.0,83.18410655499123,83.18410655499123,0.0,0.0,0.0,83.18410655499123,0.0,0.0,0.0020833333333333335 
 04/05  02:40:00,7.053333333333333,94.0,3.17,0.0,0.0,0.0,0.0,0.0,2.0,2.0,0.0,0.0,0.0,0.0,0.0,968.0,0.0,0.0,0.0,0.0,0.0,0.0,0.0,0.0,0.0,0.0,0.0,18.83133842429809,-160.9893503037356,18.94511775961295,-8.272071019269788,18.855579319248088,-43.01051748738519,18.657985702418566,-130.47362371777354,17.59545940391174,-3.7227233964736685,19.007469699981607,-20.392901132064425,17.959271500038157,-19.379707829945347,16.290046158789516,-170.6528438832063,17.94275231680541,-37.07123259134539,361.65863884126977,446.22502601441377,0.0,0.0,0.0,0.0,0.0,0.0,0.0,0.0,0.0,0.0,0.0,0.0,0.0,0.0,0.0,0.0,0.0,0.0,0.0,0.0,0.0,0.0,1.1404245106395373,0.34811492998764878,165.70344487302203,196.03835518334024,3810.1060882739327,0.21276479691249329,0.03247325960202889,33.40713848720561,39.47281440250597,790.3745109626851,1.4272156799671834,0.26969306121828875,207.67187225351513,245.4301749628195,4872.655070259699,0.21179743861956175,0.04002219172705247,112.54236166040957,133.12016064258345,2586.390678595801,0.0,0.0,6.108240051070272,7.245846671515712,129.31612999965427,0.0,0.0,9.53013583451168,11.24247409765487,231.77217872901904,0.0,0.0,66.73273790295045,79.07497100068119,1457.4162680798368,0.0,0.0,40.91448315000714,48.82019241639549,730.9499461980007,0.0,0.0,14.695855525148378,17.401943587387629,325.48711498302426,30.00918917078651,20.58243427351613,227.22857469171007,269.4716898657344,5544.06780563427,0.0,0.0,50.71275597808228,60.967843672567848,692.4889188577791,0.0,18.444913729613324,46.59398708780743,22.0,30.0,0.0,18.7945538742042,45.90305386150105,12.0,30.0,0.0,18.687065899296387,46.9368139809163,22.0,30.0,0.0,18.497856762929556,46.47022245853826,12.0,30.0,0.0,17.563129261380796,50.97429533407134,12.0,30.0,0.0,19.197783088111433,45.751369483738979,12.0,30.0,0.0,17.90891860919673,49.394113477126499,10.0,30.0,0.0,15.86702917414123,56.672083489434537,12.0,30.0,0.0,18.068448872974306,49.55205564444137,20.0,30.0,0.0,17.790037162464868,0.0,0.0,0.0,13.721582292919157,0.0,0.0,529.673527695983,534.1730173112662,572.2556654993466,533.4326731178642,623.177948717438,995.1232165703598,599.9173284556289,682.8653803094815,933.4961557837027,0.0,83.18410655499123,83.18410655499123,60.0,0.0,60.0,60.0,12.0,12.0,12.0,19.0,12.0,12.0,21.0,10.0,0.0,0.0,0.0,0.0,0.0,0.0,0.0,0.0,0.0,0.0,0.0,0.0,0.0,83.18410655499123,83.18410655499123,0.0,0.0,0.0,83.18410655499123,0.0,0.0,0.00209 
 04/05  02:50:00,7.066666666666666,94.0,3.2399999999999999,0.0,0.0,0.0,0.0,0.0,2.0,2.0,0.0,0.0,0.0,0.0,0.0,1936.0,0.0,0.0,0.0,0.0,0.0,0.0,0.0,0.0,0.0,0.0,0.0,18.85589873444639,-77.96202604792416,18.869002506958706,-147.8284051915017,18.75270797303785,-179.8682017086585,18.64620257757723,-51.14589364193489,17.570551532579203,-4.334348967024141,18.972209857875499,-19.724084853321786,17.914277967812028,-34.26924914711867,16.23281316907716,-177.9498800705959,17.933478908506396,-39.22986147929396,388.079610585527,454.4601960727791,0.0,0.0,0.0,0.0,0.0,0.0,0.0,0.0,0.0,0.0,0.0,0.0,0.0,0.0,0.0,0.0,0.0,0.0,0.0,0.0,0.0,0.0,1.1316055908375798,0.3454229520261233,228.72407288955373,271.2402478970238,5301.384110056018,0.2024567001226647,0.03089998475620646,102.63893837984127,121.84590537524288,2385.795015009272,1.2456912012136497,0.23539138344929143,237.04778200589477,281.0842092445977,5465.6990896154479,0.2197162815348515,0.041518571718603829,130.66200502187383,154.93365471107749,3006.37044825866,0.0,0.0,5.769074633260189,6.860304686707838,121.68380288267349,0.0,0.0,9.810246916519901,11.603738352430505,237.64249441263173,0.0,0.0,63.90658135513645,75.92578615518652,1386.524775505619,0.0,0.0,41.431483015500287,49.573548350613709,733.9043609709854,0.0,0.0,15.448565166143422,18.33937973503585,341.3605464361974,30.104789339827698,20.64800366243327,313.5560304587023,372.8218140393368,7436.117838522832,0.0,0.0,51.17290887677657,61.69241543205186,689.2420379367129,0.0,18.565884145804036,46.48465706780044,22.0,30.0,0.0,18.673477440249486,45.57591251675339,12.0,30.0,0.0,18.516638022062396,46.45028827631614,22.0,30.0,0.0,18.52982449815498,46.83058346007499,12.0,30.0,0.0,17.54115964704041,50.91987538373486,12.0,30.0,0.0,19.166762848417574,45.706917489013878,12.0,30.0,0.0,17.85303523448058,49.15127170523381,10.0,30.0,0.0,15.807319739946433,56.64959069336365,12.0,30.0,0.0,18.060256594659046,49.42555914443764,20.0,30.0,0.0,17.83943924778456,0.0,0.0,0.0,13.644396472702525,0.0,0.0,537.1764604181312,504.05102141446465,527.2848478490424,550.3566418526075,620.9534213024139,984.82361594533,592.3192048419448,685.2251530109486,923.3523659320542,0.0,83.18410655499123,83.18410655499123,60.0,0.0,60.0,60.0,12.0,12.0,12.0,19.0,12.0,12.0,21.0,10.0,0.0,0.0,0.0,0.0,0.0,0.0,0.0,0.0,0.0,0.0,0.0,0.0,0.0,83.18410655499123,83.18410655499123,0.0,0.0,0.0,83.18410655499123,0.0,0.0,0.00209 
 04/05  03:00:00,7.08,94.0,3.31,0.0,0.0,0.0,0.0,0.0,2.0,2.0,0.0,0.0,0.0,0.0,0.0,968.0,0.0,0.0,0.0,0.0,0.0,0.0,0.0,0.0,0.0,0.0,0.0,18.88135292077422,-17.185784699693614,18.77232557573455,-208.78985349349296,18.667144879262165,-210.43553608286039,18.643296775746064,0.958850562275984,17.539189622647628,-4.221683523751494,18.927792649058959,-19.194315473943335,17.862500918069004,-38.80488412695195,16.16216432073482,-175.2595044153759,17.919499674949237,-40.47167704394997,368.79347819254329,462.3263908347617,0.0,0.0,0.0,0.0,0.0,0.0,0.0,0.0,0.0,0.0,0.0,0.0,0.0,0.0,0.0,0.0,0.0,0.0,0.0,0.0,0.0,0.0,1.1279566274897282,0.3443091048503444,193.89547016712079,229.19653025485258,4526.6122615552289,0.20083356624576594,0.030652253700513729,135.18181764510553,159.8977803905897,3107.025892204689,1.0952927182389097,0.20697141312148716,149.95359148506635,177.44955250845144,3427.5109066228544,0.22091296486243873,0.041744702354958179,94.56741025901194,111.81214911852777,2180.8153605252998,0.0,0.0,5.634172680291441,6.684878802307192,118.35706538035669,0.0,0.0,9.972155526838474,11.767477080776667,240.4338406824133,0.0,0.0,62.3894967620002,73.96790917700312,1344.0858219455748,0.0,0.0,41.7093050413261,49.795016930658899,730.9528914434978,0.0,0.0,15.960060005927764,18.901070112531273,351.8661973079839,30.18138538498597,20.70053867282989,246.75931331277566,292.6444571945004,5925.359424925756,0.0,0.0,51.4123844938281,61.84067762488909,683.8201855029074,0.0,18.667735001276247,46.09646563837953,22.0,30.0,0.0,18.53258668215203,45.60602273805369,12.0,30.0,0.0,18.39828613568548,46.057578438422307,22.0,30.0,0.0,18.561793975995088,46.94230681875342,12.0,30.0,0.0,17.506975818935339,50.81542347916176,12.0,30.0,0.0,19.11715697131918,45.62035723735672,12.0,30.0,0.0,17.784329900246595,49.008505798489839,10.0,30.0,0.0,15.72157046327834,56.75198538747195,12.0,30.0,0.0,18.04432287693565,49.22642300262858,20.0,30.0,0.0,17.73726088879433,0.0,0.0,0.0,13.571233940189295,0.0,0.0,530.8099246759705,487.4684183844258,494.31001322649578,558.5017042918258,617.2877636145125,968.6508304484,585.170087650752,686.988919143964,908.0905224040101,0.0,83.18410655499123,83.18410655499123,60.0,0.0,60.0,60.0,12.0,12.0,12.0,19.0,12.0,12.0,21.0,10.0,0.0,0.0,0.0,0.0,0.0,0.0,0.0,0.0,0.0,0.0,0.0,0.0,0.0,83.18410655499123,83.18410655499123,0.0,0.0,0.0,83.18410655499123,0.0,0.0,0.00209 
 04/05  03:10:00,7.113333333333333,94.00000000000002,3.3833333333333335,0.0,0.0,0.0,0.0,0.0,2.0,2.0,0.0,0.0,0.0,0.0,0.0,1936.0,0.0,0.0,0.0,0.0,0.0,0.0,0.0,0.0,0.0,0.0,0.0,18.742332983918023,-132.47378815721278,18.75192205832843,-95.38482051397068,18.667169126079629,-108.09253645106492,18.57887463471704,-92.83484799399867,17.51353368082661,-4.311776202563465,18.89173835997834,-21.51003181192661,17.834093686273549,-34.53840572704348,16.106588037254239,-181.8153731256291,17.906467251141917,-43.04248084838116,385.92086119509806,468.7193966648041,0.0,0.0,0.0,0.0,0.0,0.0,0.0,0.0,0.0,0.0,0.0,0.0,0.0,0.0,0.0,0.0,0.0,0.0,0.0,0.0,0.0,0.0,1.1289609915784716,0.3446156872950157,234.57305874116549,278.22930878818769,5339.290314399506,0.20710882538354345,0.031610016084179407,114.83780782562971,136.06390017519306,2635.6746289580589,1.1803158941022094,0.2230377728840155,213.5344808389453,253.32466402770926,4885.518155021976,0.2106446666636956,0.03980435877998782,113.89006190816738,135.13721345503914,2591.7513492288346,0.0,0.0,5.9281827126633799,7.053731690200959,123.83492186724544,0.0,0.0,10.0543984049474,11.895767617214032,241.01074462542784,0.0,0.0,64.38916379690844,76.5480589464369,1379.939313983079,0.0,0.0,42.2616043699052,50.59400049908815,732.8118688016206,0.0,0.0,17.57524286103831,20.86668207760654,385.7179567617443,30.222650214623515,20.728841025119018,307.46265676888609,365.5851323357357,7222.595900975736,0.0,0.0,51.91401343414185,62.62015207379382,679.6242866475868,0.0,18.417911193052598,46.594171671299609,22.0,30.0,0.0,18.559483931761748,45.849047903867219,12.0,30.0,0.0,18.460976158786857,46.43381662720708,22.0,30.0,0.0,18.455232237242457,46.626852759045608,12.0,30.0,0.0,17.484763780243424,50.7131781843122,12.0,30.0,0.0,19.083842020541554,45.56917417263268,12.0,30.0,0.0,17.76360116239013,49.04882784072784,10.0,30.0,0.0,15.66500507789983,56.81147808815082,12.0,30.0,0.0,18.031544556496585,49.07558718472842,20.0,30.0,0.0,17.768456790213017,0.0,0.0,0.0,13.502794630855293,0.0,0.0,524.4718970675067,503.9918715759869,522.1287227304745,532.0554699636796,613.817982999744,960.6215534176814,584.3628148921046,688.7199847393151,894.0074199809297,0.0,83.18410655499123,83.18410655499123,60.0,0.0,60.0,60.0,12.0,12.0,12.0,19.0,12.0,12.0,21.0,10.0,0.0,0.0,0.0,0.0,0.0,0.0,0.0,0.0,0.0,0.0,0.0,0.0,0.0,83.18410655499123,83.18410655499123,0.0,0.0,0.0,83.18410655499123,0.0,0.0,0.00209 
 04/05  03:20:00,7.146666666666667,94.0,3.456666666666667,0.0,0.0,0.0,0.0,0.0,2.0,2.0,0.0,0.0,0.0,0.0,0.0,968.0,0.0,0.0,0.0,0.0,0.0,0.0,0.0,0.0,0.0,0.0,0.0,18.67302348485622,-134.65274342292379,18.74452076702744,-20.17011021590872,18.671251442871566,-43.92555174550671,18.507279146006185,-121.61330214492409,17.481241191165716,-4.1027418399350499,18.846588333506298,-22.147262124214138,17.790429597080846,-29.036208172430635,16.03877885601177,-179.54641822398595,17.88824705819107,-45.015163768558867,318.4221395420018,474.69403461243408,0.0,0.0,0.0,0.0,0.0,0.0,0.0,0.0,0.0,0.0,0.0,0.0,0.0,0.0,0.0,0.0,0.0,0.0,0.0,0.0,0.0,0.0,1.123637879850181,0.3429908058150736,128.62399025635694,152.2319281622336,2910.833691786427,0.20979264454541497,0.032019634393378359,21.450908377753888,25.36592376607178,496.75462894334376,1.105331815684094,0.20886844589646534,175.59126682966974,207.66295004355457,4026.845504465599,0.21055436149799085,0.03978729431178964,94.54547640781614,111.89059940892476,2129.372253366198,0.0,0.0,6.100761710948817,7.240500617622037,126.66266580656702,0.0,0.0,10.15806675817122,11.991279398803334,241.91007448342573,0.0,0.0,65.91006868551102,78.16084645481655,1402.106545770258,0.0,0.0,42.579196631299037,50.86088007075868,728.9869419898324,0.0,0.0,17.690926205595443,20.955282452616755,386.4723485600627,30.27017382482465,20.761436093844073,175.98461344972996,208.89678002924075,4294.212110295936,0.0,0.0,52.19900522123008,62.82159557118597,673.2083464053905,0.0,18.33428815686506,46.547272480017927,22.0,30.0,0.0,18.593329680124734,45.722939908579977,12.0,30.0,0.0,18.518351253728093,46.58510004142495,22.0,30.0,0.0,18.353773114980638,46.51085298379607,12.0,30.0,0.0,17.4498098589355,50.57420813868506,12.0,30.0,0.0,19.0325504956839,45.4906174919381,12.0,30.0,0.0,17.71382985172974,49.20609918080861,10.0,30.0,0.0,15.584524871884506,56.88113657215005,12.0,30.0,0.0,18.009792177164408,48.88070162088496,20.0,30.0,0.0,17.50937823778969,0.0,0.0,0.0,13.436950841205043,0.0,0.0,513.0286084162507,504.4556433844585,540.939989026375,511.5794100616292,609.5528116409274,947.5736690377283,586.1140029464949,689.5794654225591,878.0958221854899,0.0,83.18410655499123,83.18410655499123,60.0,0.0,60.0,60.0,12.0,12.0,12.0,19.0,12.0,12.0,21.0,10.0,0.0,0.0,0.0,0.0,0.0,0.0,0.0,0.0,0.0,0.0,0.0,0.0,0.0,83.18410655499123,83.18410655499123,0.0,0.0,0.0,83.18410655499123,0.0,0.0,0.0021033333333333335 
 04/05  03:30:00,7.18,94.0,3.5300000000000004,0.0,0.0,0.0,0.0,0.0,2.0,2.0,0.0,0.0,0.0,0.0,0.0,1936.0,0.0,0.0,0.0,0.0,0.0,0.0,0.0,0.0,0.0,0.0,0.0,18.67543426712122,-81.0039590598717,18.676510162390149,-134.20249160788513,18.568562928578375,-179.6917444372334,18.492840461624355,-55.388862583885387,17.45459921318331,-4.472265052787435,18.81143960907464,-21.730970541673373,17.748687799026066,-38.52051332363931,15.9853319258171,-184.83069842423846,17.872682724351546,-47.10449129178227,363.4197511820512,480.1380640076934,0.0,0.0,0.0,0.0,0.0,0.0,0.0,0.0,0.0,0.0,0.0,0.0,0.0,0.0,0.0,0.0,0.0,0.0,0.0,0.0,0.0,0.0,1.110321068227906,0.3389258450024134,193.48226534644423,229.574317975455,4381.507467105699,0.20201068290004277,0.030831911309530337,81.09643375937313,96.34667165563617,1838.635673321585,1.0887708633226874,0.20573901423331213,209.88023828141628,248.9942627199137,4723.192439932976,0.21528745586518836,0.040681681002492118,117.05104492687403,138.87106745830398,2632.169193244784,0.0,0.0,5.901077380244548,7.0211032592204,121.80782751290227,0.0,0.0,10.298716282597573,12.189508784623192,243.8631458732886,0.0,0.0,64.57031189105425,76.77169397185753,1362.950824809814,0.0,0.0,42.97873591601309,51.47783915169032,728.2069463678123,0.0,0.0,18.38971538202594,21.840069186598698,399.8143912298026,30.3582210081209,20.821825108450555,262.57296559203948,312.4206898302774,6147.7801404596589,0.0,0.0,52.54575301175298,63.41152367204571,667.5315040158823,0.0,18.404032411871236,46.39192323889958,22.0,30.0,0.0,18.48996316949494,45.780808137358857,12.0,30.0,0.0,18.348033179694008,46.485336751629798,22.0,30.0,0.0,18.37679592641753,46.666846298340228,12.0,30.0,0.0,17.4266016465075,50.53038298187374,12.0,30.0,0.0,19.001293598455399,45.469886131779208,12.0,30.0,0.0,17.66728561110169,49.07963674694669,10.0,30.0,0.0,15.53201392622406,56.878615786937348,12.0,30.0,0.0,17.994584265326084,48.79013387233784,20.0,30.0,0.0,17.621286398065914,0.0,0.0,0.0,13.376599333146999,0.0,0.0,513.9423579805149,492.51004636406779,511.8431966679219,523.2704929111153,607.668470687808,940.3663750661056,580.6855608812532,688.2239023605309,870.3226627496244,0.0,83.18410655499123,83.18410655499123,60.0,0.0,60.0,60.0,12.0,12.0,12.0,19.0,12.0,12.0,21.0,10.0,0.0,0.0,0.0,0.0,0.0,0.0,0.0,0.0,0.0,0.0,0.0,0.0,0.0,83.18410655499123,83.18410655499123,0.0,0.0,0.0,83.18410655499123,0.0,0.0,0.0021166666666666666 
 04/05  03:40:00,7.213333333333334,94.0,3.6033333333333337,0.0,0.0,0.0,0.0,0.0,2.0,2.0,0.0,0.0,0.0,0.0,0.0,968.0,0.0,0.0,0.0,0.0,0.0,0.0,0.0,0.0,0.0,0.0,0.0,18.691798676637505,-16.33794282478175,18.582093747609347,-204.61755411961259,18.497232484562845,-189.30675118954333,18.487496455548845,-0.9084589945100561,17.421210077901337,-4.258559356125772,18.76759761539907,-20.966019265105389,17.697168946681438,-43.80275729788491,15.920156859932405,-181.7122429065314,17.851831038215268,-47.512284288165918,336.44485796883057,485.7855858050523,0.0,0.0,0.0,0.0,0.0,0.0,0.0,0.0,0.0,0.0,0.0,0.0,0.0,0.0,0.0,0.0,0.0,0.0,0.0,0.0,0.0,0.0,1.1024352864786085,0.336518707716303,169.95812895710888,201.0475676756714,3865.9025296600059,0.19751210420758728,0.03014531504999806,124.8281874529772,147.74572848350778,2792.0842730459087,1.0738528571917264,0.20292004104152054,117.9705917335298,139.67115071884673,2637.179111453175,0.21434564086021536,0.04050371142483282,76.18349417362565,90.13881306586237,1714.0404974669319,0.0,0.0,5.731988839831761,6.804640712457263,117.57583693479238,0.0,0.0,10.429097347877834,12.315355982170323,245.36526595447556,0.0,0.0,62.79659542992542,74.50431243419156,1313.6909171480575,0.0,0.0,43.14915335035462,51.56794400466723,722.0463038902063,0.0,0.0,19.32040921225138,22.89023976463359,417.9899530111318,30.40558302445539,20.854309344619617,202.29891992786944,240.1264327923464,4809.609408878538,0.0,0.0,52.66536828166406,63.412080651831548,659.7255697750784,0.0,18.489331563764055,46.03778937638931,22.0,30.0,0.0,18.35065854789439,46.02031378155279,12.0,30.0,0.0,18.257715940362745,46.37442039360501,22.0,30.0,0.0,18.404136869008935,46.63771939961574,12.0,30.0,0.0,17.390422970903154,50.44273540852041,12.0,30.0,0.0,18.9523454278578,45.427498839483089,12.0,30.0,0.0,17.600801829624975,49.099697931469609,10.0,30.0,0.0,15.45641971973736,56.962869044014237,12.0,30.0,0.0,17.969930312478846,48.63758476144412,20.0,30.0,0.0,17.500254206223635,0.0,0.0,0.0,13.31961039049915,0.0,0.0,509.4959579297959,483.9654229203489,494.2451419612817,529.0431812691296,603.8885078240671,928.9105287210945,576.1662005851792,685.1248880259012,855.9967179287276,0.0,83.18410655499123,83.18410655499123,60.0,0.0,60.0,60.0,12.0,12.0,12.0,19.0,12.0,12.0,21.0,10.0,0.0,0.0,0.0,0.0,0.0,0.0,0.0,0.0,0.0,0.0,0.0,0.0,0.0,83.18410655499123,83.18410655499123,0.0,0.0,0.0,83.18410655499123,0.0,0.0,0.00213 
 04/05  03:50:00,7.246666666666667,94.0,3.6766666666666669,0.0,0.0,0.0,0.0,0.0,2.0,2.0,0.0,0.0,0.0,0.0,0.0,1936.0,0.0,0.0,0.0,0.0,0.0,0.0,0.0,0.0,0.0,0.0,0.0,18.553055385604624,-131.32807343553623,18.56163119929146,-93.26057457307889,18.488849152318353,-112.40402229515803,18.425624109857389,-90.988376155977,17.39383986648316,-4.465014370733897,18.73219769523864,-22.864151169727906,17.666154215805407,-41.466152560952199,15.868377652676685,-186.33008335471528,17.834212660326707,-50.30579395337725,366.5738208352186,489.6196253858226,0.0,0.0,0.0,0.0,0.0,0.0,0.0,0.0,0.0,0.0,0.0,0.0,0.0,0.0,0.0,0.0,0.0,0.0,0.0,0.0,0.0,0.0,1.1064487497429632,0.33774381860285809,219.5358883296155,260.53517170658815,4866.002929185832,0.20367453436278477,0.031085856892976925,109.02214567048324,129.2585620418795,2434.471236705923,1.0692749626051679,0.2020549815958368,187.3407297515833,222.37068268285749,4177.608504175797,0.20569405624755927,0.038868869283363419,96.39726680191692,114.45293765681594,2140.0524648136399,0.0,0.0,5.9375556082912859,7.068348564580159,121.07709331435706,0.0,0.0,10.446561300697756,12.367901828804268,244.3345976680776,0.0,0.0,64.24714119069022,76.43284554209855,1336.354191734099,0.0,0.0,43.5573859158533,52.19705325196815,721.4000341831256,0.0,0.0,20.047770957640809,23.810975456374309,431.54205889803395,30.469794766618344,20.898350320040025,275.2154838416725,327.4463599942238,6339.3318949452009,0.0,0.0,53.038124012262127,64.03498928676059,654.7818145710446,0.0,18.242297411143619,46.69394031444633,22.0,30.0,0.0,18.375750288584479,46.10649858643417,12.0,30.0,0.0,18.300010964405524,46.518057327945147,22.0,30.0,0.0,18.30287370723529,46.59488516527658,12.0,30.0,0.0,17.366689485310574,50.38414235955956,12.0,30.0,0.0,18.919867508464585,45.41917473816519,12.0,30.0,0.0,17.57639568277982,49.09073701114724,10.0,30.0,0.0,15.406619921103646,56.98513493765626,12.0,30.0,0.0,17.952442687750268,48.55112025067434,20.0,30.0,0.0,17.57257241479673,0.0,0.0,0.0,13.265230671746473,0.0,0.0,506.17784981887038,494.13360052796767,508.9679585498934,509.15699314036018,600.9532382236107,924.093174456778,572.7041508144057,683.6096675129037,847.135755290888,0.0,83.18410655499123,83.18410655499123,60.0,0.0,60.0,60.0,12.0,12.0,12.0,19.0,12.0,12.0,21.0,10.0,0.0,0.0,0.0,0.0,0.0,0.0,0.0,0.0,0.0,0.0,0.0,0.0,0.0,83.18410655499123,83.18410655499123,0.0,0.0,0.0,83.18410655499123,0.0,0.0,0.0021599999999999998 
 04/05  04:00:00,7.28,94.0,3.75,0.0,0.0,0.0,0.0,0.0,2.0,2.0,0.0,0.0,0.0,0.0,0.0,968.0,0.0,0.0,0.0,0.0,0.0,0.0,0.0,0.0,0.0,0.0,0.0,18.49270176519643,-125.34016443349447,18.556628106087247,-13.139653014751076,18.48705393113712,-41.94379064616169,18.35626463506359,-118.93735165437647,17.3595736934521,-4.262541525817511,18.687937372438513,-23.388194716037618,17.62001449629715,-35.924961671378699,15.805805821235321,-183.7167146484353,17.81101729905349,-51.50719209067529,288.6500135344222,493.4487273116988,0.0,0.0,0.0,0.0,0.0,0.0,0.0,0.0,0.0,0.0,0.0,0.0,0.0,0.0,0.0,0.0,0.0,0.0,0.0,0.0,0.0,0.0,1.0983507479352233,0.335271901079128,97.59547934907286,115.57516634131757,2157.9464823145588,0.20384462508222554,0.03111181701499169,7.28684826089049,8.622626739335987,167.18748005426188,1.069248621158176,0.20205000399814369,148.2827753701087,175.4897514679141,3314.1221107496205,0.2043866659930323,0.0386218189707166,86.82260960327722,102.80864958616513,1907.4122665347482,0.0,0.0,6.0739594529128209,7.212568124467808,123.05706130079975,0.0,0.0,10.542932856915423,12.45395891932369,244.96228813869593,0.0,0.0,65.32455963027991,77.52560880727435,1348.0756271118583,0.0,0.0,43.76959122089707,52.33439556004946,716.0905039742727,0.0,0.0,20.528482847509947,24.326959707301464,439.5832217860854,30.51422121377881,20.928821134279028,148.37676284459907,176.26481390611364,3597.084825589073,0.0,0.0,53.22092916301682,64.1086932045779,648.0830603554374,0.0,18.17782729698069,46.7796240614065,22.0,30.0,0.0,18.41338316130718,45.920386861364359,12.0,30.0,0.0,18.346136783120636,46.535797122806879,22.0,30.0,0.0,18.204989115063574,46.67280085526375,12.0,30.0,0.0,17.32959854424744,50.30638325589349,12.0,30.0,0.0,18.869777047868867,45.40703669312808,12.0,30.0,0.0,17.523913799267278,49.225002306066027,10.0,30.0,0.0,15.335445651277388,57.059519175324947,12.0,30.0,0.0,17.924845899488717,48.43008231021848,20.0,30.0,0.0,17.280635005774547,0.0,0.0,0.0,13.212779939578724,0.0,0.0,499.92000160367766,489.2674207594476,520.7465421883873,493.77380774748749,596.8037677153637,915.2442026303543,574.3829992969306,681.6972606017315,832.7881024653705,0.0,83.18410655499123,83.18410655499123,60.0,0.0,60.0,60.0,12.0,12.0,12.0,19.0,12.0,12.0,21.0,10.0,0.0,0.0,0.0,0.0,0.0,0.0,0.0,0.0,0.0,0.0,0.0,0.0,0.0,83.18410655499123,83.18410655499123,0.0,0.0,0.0,83.18410655499123,0.0,0.0,0.00219 
 04/05  04:10:00,7.321666666666667,93.66666666666667,3.8016666666666669,0.0,0.0,0.0,0.0,0.0,2.0,2.0,0.0,0.0,0.0,0.0,0.0,1936.0,0.0,0.0,0.0,0.0,0.0,0.0,0.0,0.0,0.0,0.0,0.0,18.491516804958104,-75.16387343383713,18.48796071689752,-138.11539608405253,18.387599170444127,-174.02228848814685,18.34008621863262,-57.98763940332378,17.331538968244077,-4.52961826954477,18.65383975135805,-23.088909702721965,17.579754710760989,-43.085860918443589,15.756103709155174,-187.4676839424635,17.7921687624962,-53.741629600960667,343.04587925134867,496.5041909880981,0.0,0.0,0.0,0.0,0.0,0.0,0.0,0.0,0.0,0.0,0.0,0.0,0.0,0.0,0.0,0.0,0.0,0.0,0.0,0.0,0.0,0.0,1.0731069844166688,0.32756623455942276,176.2673303947672,209.28817807549957,3885.7758883335648,0.19568780680609425,0.029866881380661515,76.65304465472619,91.12493834754437,1689.4105429922555,1.0519891974127367,0.19878858605682862,189.12251002793679,224.49140865382337,4143.298836791209,0.2073240579840086,0.039176881705217037,105.69012793487838,125.4598749321126,2315.244057606897,0.0,0.0,5.926854447096472,7.05557002779131,119.25552951577987,0.0,0.0,10.644750854476975,12.607269804151962,245.7279417402836,0.0,0.0,64.5643391335323,76.82098116193586,1321.1637494569823,0.0,0.0,44.07278325126758,52.83791196301168,713.0295720102236,0.0,0.0,20.896675139027228,24.827744469713698,444.8097813069242,30.519701497760214,20.932579902441856,235.90385503686972,280.8783167550147,5416.190657464513,0.0,0.0,53.464836255737228,64.57451668504128,641.114744143767,0.0,18.237728207806918,46.5652085841792,22.0,30.0,0.0,18.30613537462569,46.17923005953942,12.0,30.0,0.0,18.182580007309054,46.71033495291078,22.0,30.0,0.0,18.222724278118844,46.7290065833059,12.0,30.0,0.0,17.30531338173337,50.288270773974087,12.0,30.0,0.0,18.839278786422367,45.41381174345854,12.0,30.0,0.0,17.481275704953008,49.211417551249358,10.0,30.0,0.0,15.28895024477237,57.08511195132611,12.0,30.0,0.0,17.90634692650884,48.38198550142047,20.0,30.0,0.0,17.429236591886576,0.0,0.0,0.0,13.16448366079409,0.0,0.0,499.05715267563087,485.11674653758976,501.5494223770042,505.2333218730091,594.9164182870319,910.0272608661167,569.5595497643383,679.1828250823016,827.0907798155007,0.0,83.18410655499123,83.18410655499123,60.0,0.0,60.0,60.0,12.0,12.0,12.0,19.0,12.0,12.0,21.0,10.0,0.0,0.0,0.0,0.0,0.0,0.0,0.0,0.0,0.0,0.0,0.0,0.0,0.0,83.18410655499123,83.18410655499123,0.0,0.0,0.0,83.18410655499123,0.0,0.0,0.00222 
 04/05  04:20:00,7.363333333333334,93.33333333333334,3.8533333333333337,0.0,0.0,0.0,0.0,0.0,2.0,2.0,0.0,0.0,0.0,0.0,0.0,968.0,0.0,0.0,0.0,0.0,0.0,0.0,0.0,0.0,0.0,0.0,0.0,18.501286694701365,-16.621094498215827,18.39825082280003,-194.43139794204263,18.33286135525607,-162.03145324157368,18.334282952972147,-2.3718303434152405,17.296559430547818,-4.266552969444092,18.61153368633034,-22.40921315758908,17.530044480807264,-46.98241416337123,15.695971179050549,-184.20818957989355,17.76758986658828,-54.078763811386469,301.74827014011137,500.18348393678095,0.0,0.0,0.0,0.0,0.0,0.0,0.0,0.0,0.0,0.0,0.0,0.0,0.0,0.0,0.0,0.0,0.0,0.0,0.0,0.0,0.0,0.0,1.0615522373250158,0.32403914448260559,152.24118742495197,180.21417340005929,3365.376206077,0.19099215061851833,0.029150206138357498,116.07442977443317,137.47064829215743,2522.225950194876,1.0350733983670726,0.19559210097639324,91.98622487694236,108.95931686338865,2008.8885059317434,0.2050010661595052,0.03873791877541669,59.31977643889171,70.23127209599895,1299.725064431487,0.0,0.0,5.783598727954362,6.86973407716026,115.50874827547399,0.0,0.0,10.735281817066439,12.685387222314669,246.03549957840418,0.0,0.0,63.26328362009211,75.11147150106206,1282.178723938145,0.0,0.0,44.18830220725603,52.85961404530416,705.582821553694,0.0,0.0,21.537663149474246,25.528997116574219,455.6098792456847,30.46944399550717,20.898109736287503,166.2695832069569,197.52860717160386,3918.7082546287795,0.0,0.0,53.52038629957134,64.4945145081932,632.7088498989692,0.0,18.309511861400887,46.29207771355874,22.0,30.0,0.0,18.175518152742517,46.4982230311337,12.0,30.0,0.0,18.12492099739501,46.72608086760333,22.0,30.0,0.0,18.248587127040364,46.649352150166837,12.0,30.0,0.0,17.267524492339758,50.24822477577441,12.0,30.0,0.0,18.79181598802714,45.42333448809595,12.0,30.0,0.0,17.419838569872888,49.30287618852452,10.0,30.0,0.0,15.221642633718146,57.19080812924916,12.0,30.0,0.0,17.87720471081828,48.30480758832189,20.0,30.0,0.0,17.26922277776574,0.0,0.0,0.0,13.119997835069685,0.0,0.0,497.61737913835989,480.6160596410414,494.0205248650504,510.329808850596,591.0599936390063,901.9834154499201,565.4513135596595,675.394997697821,816.961642993173,0.0,83.18410655499123,83.18410655499123,60.0,0.0,60.0,60.0,12.0,12.0,12.0,19.0,12.0,12.0,21.0,10.0,0.0,0.0,0.0,0.0,0.0,0.0,0.0,0.0,0.0,0.0,0.0,0.0,0.0,83.18410655499123,83.18410655499123,0.0,0.0,0.0,83.18410655499123,0.0,0.0,0.0022333333333333334 
 04/05  04:30:00,7.405,93.0,3.905,0.0,0.0,0.0,0.0,0.0,2.0,2.0,0.0,0.0,0.0,0.0,0.0,1936.0,0.0,0.0,0.0,0.0,0.0,0.0,0.0,0.0,0.0,0.0,0.0,18.366480702011687,-127.56288011245579,18.37845277806133,-92.78840665607049,18.31400378507171,-119.51487145970896,18.276731758620593,-87.44685808026429,17.26795943641222,-4.520484654848445,18.577724514881383,-23.94403446514542,17.4974502837366,-46.44107961481109,15.648057420111125,-187.19713416599826,17.747586614631595,-56.47634024975355,345.8749590767866,501.8041005434486,0.0,0.0,0.0,0.0,0.0,0.0,0.0,0.0,0.0,0.0,0.0,0.0,0.0,0.0,0.0,0.0,0.0,0.0,0.0,0.0,0.0,0.0,1.0663191845367069,0.3254942565740863,207.9872821690008,246.9525934653187,4477.468577324037,0.1968787300599675,0.030048646224048765,106.13971856909136,125.92589541108527,2299.9487187822899,1.0216962137639854,0.19306428831519008,165.01052164856623,195.95330122745225,3577.0983245452946,0.19715958703294057,0.03725615779156094,82.63838405355084,98.1742308490629,1785.2270412515696,0.0,0.0,5.9200065016352279,7.051180224796296,117.41162377255464,0.0,0.0,10.719813350892512,12.69961266501724,244.0584359378591,0.0,0.0,64.02526558737549,76.22227541489741,1288.6258477503155,0.0,0.0,44.467653020615689,53.33596809285494,702.189408879573,0.0,0.0,22.11289821768744,26.27597006230014,464.9192631223472,30.458368314212728,20.890513247059489,249.92552932026315,297.5194315345203,5626.908348922643,0.0,0.0,53.75539977636913,64.9501101953569,626.1399633971741,0.0,18.072390789533828,46.96470785193905,22.0,30.0,0.0,18.19805017823255,46.4977374080042,12.0,30.0,0.0,18.14183054347572,46.7635214226983,22.0,30.0,0.0,18.1552064310616,46.754989745917217,12.0,30.0,0.0,17.2427675851096,50.23345435604273,12.0,30.0,0.0,18.760812558491609,45.4476918088629,12.0,30.0,0.0,17.393200499605304,49.305645139690728,10.0,30.0,0.0,15.177758338373714,57.223644093231417,12.0,30.0,0.0,17.857617429591085,48.27201609760894,20.0,30.0,0.0,17.39334267342508,0.0,0.0,0.0,13.077700933930967,0.0,0.0,494.36110845949306,487.9762343315886,500.4095461526646,494.9742194024776,588.3547396880067,898.9866347733257,562.6370764575178,672.5306100163982,810.5896878328033,0.0,83.18410655499123,83.18410655499123,60.0,0.0,60.0,60.0,12.0,12.0,12.0,19.0,12.0,12.0,21.0,10.0,0.0,0.0,0.0,0.0,0.0,0.0,0.0,0.0,0.0,0.0,0.0,0.0,0.0,83.18410655499123,83.18410655499123,0.0,0.0,0.0,83.18410655499123,0.0,0.0,0.0022466666666666665 
 04/05  04:40:00,7.446666666666667,92.66666666666666,3.956666666666666,0.0,0.0,0.0,0.0,0.0,2.0,2.0,0.0,0.0,0.0,0.0,0.0,968.0,0.0,0.0,0.0,0.0,0.0,0.0,0.0,0.0,0.0,0.0,0.0,18.317941878503299,-111.5630523848863,18.3735725776464,-12.376149981799927,18.30687593096173,-39.897785903463049,18.205030938793713,-122.748470028273,17.232365276347396,-4.295497493987341,18.535552453072694,-24.476878427454609,17.451092561941026,-40.41862596400733,15.590713531516183,-184.35495217126664,17.721718291893429,-57.44099143738947,267.7663102920178,503.4543883465076,0.0,0.0,0.0,0.0,0.0,0.0,0.0,0.0,0.0,0.0,0.0,0.0,0.0,0.0,0.0,0.0,0.0,0.0,0.0,0.0,0.0,0.0,1.056676683082145,0.32255088006170487,84.67856701920631,100.33733733466906,1821.6948351929423,0.19626906980620369,0.029955596734768575,7.099226698608547,8.406275902026686,157.87695073091863,1.0234955815044383,0.19340430489501865,136.85256318821605,162.0724531479928,2968.7499297117185,0.1949602016913404,0.036840552095869307,88.16594846281119,104.46316411182535,1880.854931777151,0.0,0.0,6.040719078405499,7.177179185118909,118.89048751694732,0.0,0.0,10.80651992370139,12.773732965612542,244.23036707689719,0.0,0.0,64.97488630554557,77.16770864244029,1296.064729311179,0.0,0.0,44.59536579224238,53.36978090803669,695.1754499664107,0.0,0.0,22.555758253230285,26.74219737947089,471.18587623665459,30.403139289455408,20.852633257514005,136.59813755155884,162.37619323668663,3247.4778654138137,0.0,0.0,53.83337435380287,64.89430455599637,618.3941333915873,0.0,18.031114837170418,47.01531880916341,22.0,30.0,0.0,18.234199864650745,46.35030329694258,12.0,30.0,0.0,18.1780476535863,46.73279608452992,22.0,30.0,0.0,18.050848903226045,46.92780043239939,12.0,30.0,0.0,17.204345039840655,50.2159726821251,12.0,30.0,0.0,18.713003886301079,45.48235141601998,12.0,30.0,0.0,17.341107594988345,49.444398338095229,10.0,30.0,0.0,15.114935560725093,57.325781990592179,12.0,30.0,0.0,17.82699405337583,48.2258474825486,20.0,30.0,0.0,17.112377702396377,0.0,0.0,0.0,13.037699053360367,0.0,0.0,489.68595299717978,484.516870693072,508.3541470260624,481.54319976763329,584.4233771020562,892.7860596178108,565.004177622784,670.4629209107826,799.6594728979897,0.0,83.18410655499123,83.18410655499123,60.0,0.0,60.0,60.0,12.0,12.0,12.0,19.0,12.0,12.0,21.0,10.0,0.0,0.0,0.0,0.0,0.0,0.0,0.0,0.0,0.0,0.0,0.0,0.0,0.0,83.18410655499123,83.18410655499123,0.0,0.0,0.0,83.18410655499123,0.0,0.0,0.00226 
 04/05  04:50:00,7.488333333333333,92.33333333333333,4.008333333333333,0.0,0.0,0.0,0.0,0.0,2.0,2.0,0.0,0.0,0.0,0.0,0.0,1936.0,0.0,0.0,0.0,0.0,0.0,0.0,0.0,0.0,0.0,0.0,0.0,18.3084855126948,-74.81269206431398,18.30978263898425,-129.73500111682029,18.212756949333234,-164.98665315222343,18.188768768919866,-58.157378145562919,17.20334665427852,-4.504550645831259,18.502725284099264,-24.22769957680228,17.412516893526744,-45.56751089468344,15.544763972402734,-186.64990475134312,17.700801278186945,-59.60476492659683,323.64471216321456,504.5755760187243,0.0,0.0,0.0,0.0,0.0,0.0,0.0,0.0,0.0,0.0,0.0,0.0,0.0,0.0,0.0,0.0,0.0,0.0,0.0,0.0,0.0,0.0,1.0299610197795608,0.3143959156836266,165.04985339692554,196.08844262349823,3530.0246596118115,0.1881646094461671,0.028718652235373494,72.46128831496773,86.19603819753043,1549.0350255548083,1.009364693032578,0.1907340689781894,175.3278528628698,208.2351653754418,3729.607223398143,0.19878657940087503,0.037563601549674027,99.40464949398087,118.06810641670897,2114.7087955393255,0.0,0.0,5.932405480246639,7.066109252649733,115.92908401947017,0.0,0.0,10.886740327165882,12.901999384890737,244.43489095288425,0.0,0.0,64.59976171456315,76.91801784608495,1277.8926935831437,0.0,0.0,44.8312075422656,53.793086886037887,691.1956855299951,0.0,0.0,22.693978839134688,26.975345701166494,471.1145315993821,30.408126165702919,20.85605361159323,218.26598388439735,260.0348566587958,4892.646510273027,0.0,0.0,54.02249072552772,65.2918948583997,611.8814313110734,0.0,18.071680304315927,46.869576869613947,22.0,30.0,0.0,18.135497527827135,46.57267092939962,12.0,30.0,0.0,18.02534826391991,47.002667175388207,22.0,30.0,0.0,18.068640345048629,46.93643595426345,12.0,30.0,0.0,17.17930193881402,50.2263979702554,12.0,30.0,0.0,18.683755565696523,45.51208133437679,12.0,30.0,0.0,17.302729621623166,49.47098964870854,10.0,30.0,0.0,15.074065400480177,57.374791146318987,12.0,30.0,0.0,17.80673709186722,48.21793154354043,20.0,30.0,0.0,17.26630005838892,0.0,0.0,0.0,13.001923089823237,0.0,0.0,490.6692338824298,481.12141638684957,495.2292566601924,493.5329980700713,582.778562907023,889.165683692988,560.6273389488092,668.086227484684,796.3609416727038,0.0,83.18410655499123,83.18410655499123,60.0,0.0,60.0,60.0,12.0,12.0,12.0,19.0,12.0,12.0,21.0,10.0,0.0,0.0,0.0,0.0,0.0,0.0,0.0,0.0,0.0,0.0,0.0,0.0,0.0,83.18410655499123,83.18410655499123,0.0,0.0,0.0,83.18410655499123,0.0,0.0,0.002273333333333333 
 04/05  05:00:00,7.53,92.0,4.06,0.0,0.0,0.0,0.0,0.0,2.0,2.0,0.0,0.0,0.0,0.0,0.0,968.0,0.0,0.0,0.0,0.0,0.0,0.0,0.0,0.0,0.0,0.0,0.0,18.31368374045443,-15.470521454350092,18.22238854297315,-189.33125646439158,18.159069822892705,-153.16033737122735,18.184371570516328,-3.0151269458601748,17.167224067161514,-4.22534246949499,18.461604856719135,-23.4508923137455,17.36318208795498,-50.015447665370178,15.489691499733361,-183.22691227441556,17.674029790590497,-59.62849080242438,284.767074100454,506.4929517883518,0.0,0.0,0.0,0.0,0.0,0.0,0.0,0.0,0.0,0.0,0.0,0.0,0.0,0.0,0.0,0.0,0.0,0.0,0.0,0.0,0.0,0.0,1.0170815877077522,0.31046446511225647,152.2787108329753,180.3796296493486,3262.394055682006,0.18280975781909809,0.027901367188507037,114.52257912272138,135.71998087716765,2412.799461715016,0.9911479271018707,0.18729174737374738,84.77696733058645,100.48060803866454,1797.751065215857,0.19557201993328716,0.036956164008557657,50.464149665402597,59.78323622494544,1074.3773980438853,0.0,0.0,5.762608551367094,6.848639726190188,111.73408518599526,0.0,0.0,10.965218804945059,12.965262861151843,244.4287700410505,0.0,0.0,63.09318115252152,74.96254528432361,1235.8750216261158,0.0,0.0,44.884096519379067,53.736954088626408,683.2319751483225,0.0,0.0,23.26083707666941,27.584605837016175,479.7021549805907,30.35076723977603,20.81671278448288,158.22646140501147,188.08804446391285,3636.6850747399469,0.0,0.0,54.019213477582848,65.13709246504179,604.0061343470712,0.0,18.134867214310753,46.652964294985078,22.0,30.0,0.0,18.00723265356375,46.8739672035477,12.0,30.0,0.0,17.968891014389525,47.04790600949556,22.0,30.0,0.0,18.09657417205642,46.8634882004726,12.0,30.0,0.0,17.14031987074867,50.23918461218666,12.0,30.0,0.0,18.639012328614667,45.55378174859085,12.0,30.0,0.0,17.242495337777109,49.5731073446507,10.0,30.0,0.0,15.014820348612151,57.492887110741168,12.0,30.0,0.0,17.775363834431354,48.20438120105755,20.0,30.0,0.0,17.115673686993305,0.0,0.0,0.0,12.969853867914907,0.0,0.0,491.9321327292295,477.5849958352601,491.3262250360722,499.52255900393518,579.6567452270259,883.3366561907366,556.7644740325942,664.7748258064614,789.385321478159,0.0,83.18410655499123,83.18410655499123,60.0,0.0,60.0,60.0,12.0,12.0,12.0,19.0,12.0,12.0,21.0,10.0,0.0,0.0,0.0,0.0,0.0,0.0,0.0,0.0,0.0,0.0,0.0,0.0,0.0,83.18410655499123,83.18410655499123,0.0,0.0,0.0,83.18410655499123,0.0,0.0,0.0022866666666666666 
 04/05  05:10:00,7.596666666666667,91.66666666666667,4.125,0.0,0.0,0.0,0.0,0.0,2.0,2.0,0.0,0.0,0.0,0.0,0.0,1936.0,0.0,0.0,0.0,0.0,0.0,0.0,0.0,0.0,0.0,0.0,0.0,18.18494472543874,-120.66018974735653,18.20388161016521,-88.32570157538021,18.138886175427595,-115.05397233485701,18.126891218584086,-89.14757351865751,17.13782103538631,-4.44864806807027,18.429457897859615,-25.010539459763238,17.330446168672596,-49.16761098667985,15.445919583271837,-184.64428712174493,17.65266160814897,-61.786232450096637,328.58903083691987,506.0258081800049,0.0,0.0,0.0,0.0,0.0,0.0,0.0,0.0,0.0,0.0,0.0,0.0,0.0,0.0,0.0,0.0,0.0,0.0,0.0,0.0,0.0,0.0,1.0174518148848524,0.3105774770710783,201.39105488774306,239.2598299314143,4194.405330729472,0.1880750336232242,0.028704980711725306,103.85001846487308,123.28974281088493,2176.6737110734268,0.9719534957500441,0.18366468173659193,157.95917091946104,187.69652546522799,3313.9069928200849,0.18689877528254177,0.03531722888936918,79.73207040514642,94.79075845329625,1667.8974561154824,0.0,0.0,5.897777303463034,7.02839020391316,113.23308142783699,0.0,0.0,10.955122785922115,12.986198567245566,242.0358642824577,0.0,0.0,63.72849250486761,75.91991021092184,1236.1792429498265,0.0,0.0,45.054050847345099,54.0818120696848,676.1004910882107,0.0,0.0,23.796564141096299,28.289861929512939,486.4305179515135,30.369567618569389,20.829607420143618,239.9796604558673,285.84724579604446,5242.345415546202,0.0,0.0,54.14604940032736,65.45938628103409,594.4745508826447,0.0,17.91075267595952,47.26081883448195,22.0,30.0,0.0,18.029910984029145,46.85675998970895,12.0,30.0,0.0,17.9816466756564,47.06776378269071,22.0,30.0,0.0,18.00256320832112,47.000532234247959,12.0,30.0,0.0,17.11494023819249,50.25209401818324,12.0,30.0,0.0,18.609836124601565,45.589278472761218,12.0,30.0,0.0,17.216148693170174,49.60174760309859,10.0,30.0,0.0,14.976821144532487,57.5457522514058,12.0,30.0,0.0,17.754706847194784,48.20272118654373,20.0,30.0,0.0,17.24255694818055,0.0,0.0,0.0,12.938886890696523,0.0,0.0,487.3381820946486,484.0295811671431,494.9741297687203,485.8441751208592,577.380996482089,881.2237836014808,555.5082742453567,662.9126097533781,784.4490501184034,0.0,83.18410655499123,83.18410655499123,60.0,0.0,60.0,60.0,12.0,12.0,12.0,19.0,12.0,12.0,21.0,10.0,0.0,0.0,0.0,0.0,0.0,0.0,0.0,0.0,0.0,0.0,0.0,0.0,0.0,83.18410655499123,83.18410655499123,0.0,0.0,0.0,83.18410655499123,0.0,0.0,0.0023 
 04/05  05:20:00,7.663333333333334,91.33333333333334,4.1899999999999999,0.0,0.0,0.0,0.0,0.0,2.0,2.0,0.0,0.0,0.0,0.0,0.0,968.0,0.0,0.0,0.0,0.0,0.0,0.0,0.0,0.0,0.0,0.0,0.0,18.1420650895275,-100.783915014792,18.20030681021012,-11.945933772186834,18.13011379719705,-38.55876599725252,18.055020036693774,-125.14417899965292,17.101410170801274,-4.2005843194181129,18.389362789235073,-25.505623038276157,17.284933224828636,-43.12274778652727,15.394046009042438,-181.66428932538839,17.62535218792553,-62.49202221444614,251.52855908974653,505.858618259085,0.0,0.0,0.0,0.0,0.0,0.0,0.0,0.0,0.0,0.0,0.0,0.0,0.0,0.0,0.0,0.0,0.0,0.0,0.0,0.0,0.0,0.0,1.0031059997134105,0.30619841261093119,77.17920588218142,91.50468211486542,1604.3929949783156,0.18625277860502688,0.02842685876145099,7.061380461732806,8.366763626413477,151.33643172718974,0.9691911680365364,0.18314269993131836,131.46472934499733,155.79028220951029,2751.9296310031465,0.183795939621667,0.03473090317869745,90.11208064674898,106.83256546173115,1855.9200039595888,0.0,0.0,6.008036826572784,7.142201749590232,114.12478156120479,0.0,0.0,11.039911354644732,13.057355979144154,241.56165926918448,0.0,0.0,64.56440184191824,76.73219858798827,1237.7650350397162,0.0,0.0,45.103479918619338,54.01897911813686,666.1293167986644,0.0,0.0,24.17099196935659,28.67029266559627,489.5268727540207,30.34617702373066,20.813564488155469,130.0910373420425,154.72555458941367,3004.9935650184509,0.0,0.0,54.14508807784576,65.30486667308502,584.2410931240298,0.0,17.88013973975935,47.27487816926168,22.0,30.0,0.0,18.065889204384985,46.70379340475851,12.0,30.0,0.0,18.013561562088826,47.021305377396668,22.0,30.0,0.0,17.89697016239556,47.19429820352457,12.0,30.0,0.0,17.075747272731637,50.27199319776836,12.0,30.0,0.0,18.56454883040498,45.6401902544849,12.0,30.0,0.0,17.166014175644567,49.75209115697515,10.0,30.0,0.0,14.922307078444561,57.65664461825628,12.0,30.0,0.0,17.722612319298656,48.2016245955664,20.0,30.0,0.0,16.968669203040404,0.0,0.0,0.0,12.91062681733124,0.0,0.0,483.45005626282866,480.68618004006557,500.5693754623862,473.75173033512217,574.1156474461268,876.4337563528895,558.777530011227,661.7355848575278,776.3930515280027,0.0,83.18410655499123,83.18410655499123,60.0,0.0,60.0,60.0,12.0,12.0,12.0,19.0,12.0,12.0,21.0,10.0,0.0,0.0,0.0,0.0,0.0,0.0,0.0,0.0,0.0,0.0,0.0,0.0,0.0,83.18410655499123,83.18410655499123,0.0,0.0,0.0,83.18410655499123,0.0,0.0,0.0023 
 04/05  05:30:00,7.73,91.0,4.255,0.0,0.0,0.0,0.0,0.0,2.0,2.0,0.0,0.0,0.0,0.0,0.0,968.0,0.0,0.0,0.0,0.0,0.0,0.0,0.0,0.0,0.0,0.0,0.0,18.187874349601555,-9.716613738390152,18.088947487810374,-216.27230867560184,17.965589192345197,-259.40803678344857,18.074577198335633,5.571388274435776,17.06841254382291,-4.137401431619054,18.354860834712825,-24.023157578957297,17.239101606276266,-50.780335342285528,15.348806978173237,-180.18488703025288,17.600938416915868,-63.2828039001497,329.38494507444377,505.1765069158705,0.0,0.0,0.0,0.0,0.0,0.0,0.0,0.0,0.0,0.0,0.0,0.0,0.0,0.0,0.0,0.0,0.0,0.0,0.0,0.0,0.0,0.0,0.9641381763020606,0.2943034726196766,181.58326037452199,215.17612354516067,3774.2936033374378,0.17277487509595128,0.026369791681311248,119.49570136627304,141.68382078145897,2437.4538975358948,0.9340330231257666,0.17649905954757504,156.88573025971935,186.11230139004486,3168.353498340178,0.19054962523485684,0.03600710983273937,98.18065732407105,116.35924724009559,2025.6667404382084,0.0,0.0,5.730346446768914,6.812946407334753,107.72073503622787,0.0,0.0,11.151341342358375,13.190882380305812,241.77152841678666,0.0,0.0,62.80108994645459,74.65182483604429,1189.071161707609,0.0,0.0,45.091137942489137,54.01302407408759,656.0937952878402,0.0,0.0,24.235789603617279,28.750127675452729,486.36854837602217,30.402273273272617,20.85203928207999,238.10595993543996,282.9681795900536,5113.899524287654,0.0,0.0,54.08344091703956,65.23673599093803,573.58588593971,0.0,18.028975651359926,46.879965530670187,22.0,30.0,0.0,17.870370650418655,47.204562574722967,12.0,30.0,0.0,17.719455330073936,47.67373244542987,22.0,30.0,0.0,17.98575881984494,47.09343704898244,12.0,30.0,0.0,17.043493001323694,50.31812540511042,12.0,30.0,0.0,18.53017031943483,45.691223700249739,12.0,30.0,0.0,17.113179158387636,49.82271715932989,10.0,30.0,0.0,14.880196210882666,57.73219275661321,12.0,30.0,0.0,17.696549345247094,48.229405377891108,20.0,30.0,0.0,17.19948522822629,0.0,0.0,0.0,12.886421997062215,0.0,0.0,490.91091001275779,475.6752193774474,482.3051643651968,499.0403115320244,573.0981099492633,872.5463556995768,553.9909491022986,659.7893618096146,774.3675176707012,0.0,83.18410655499123,83.18410655499123,60.0,0.0,60.0,60.0,12.0,12.0,12.0,19.0,12.0,12.0,21.0,10.0,0.0,0.0,0.0,0.0,0.0,0.0,0.0,0.0,0.0,0.0,0.0,0.0,0.0,83.18410655499123,83.18410655499123,0.0,0.0,0.0,83.18410655499123,0.0,0.0,0.0023 
 04/05  05:40:00,7.796666666666667,90.66666666666667,4.32,6.333333333333333,30.16666666666666,0.0,0.0,0.0,2.0,2.0,0.0,0.0,0.0,0.0,0.0,1936.0,0.0,11.186254489968844,2.7374767092652267,7.014677413130852,0.3354208790285802,8.927701067198559,0.0,2.7374767092652254,3.742338202688838,0.0,0.0,18.053745565842548,-117.46875317923014,18.078637400263877,-73.9114220111021,17.995317318839427,-35.92713395232158,18.012802100365044,-101.5245223879223,17.039551154021959,-4.376932430912603,18.32769522488899,-25.92410696076371,17.209230038163605,-48.29158144498308,15.308651578992003,-181.26367598980085,17.580530131273656,-65.22631260493415,297.6095648581959,505.20336889881505,0.0,0.0,0.0,0.0,0.0,0.0,0.0,0.0,0.0,0.0,0.0,0.0,0.0,0.0,0.0,0.0,0.0,0.0,0.0,0.0,0.0,0.0,0.9648714306159376,0.2945272987228137,210.44104791014235,250.23548657591599,4242.421900307105,0.17679295363575144,0.026983051531708096,100.8463166569224,119.77841521637927,2049.3056606504248,0.9455692582490826,0.17867899815742306,165.5495286683445,197.0558622026413,3360.880879616432,0.17577531728937188,0.03321529049307857,77.47951633531058,92.30270904520154,1568.0522831850693,0.0,0.0,5.919222683952309,7.056566781792939,110.15189486385721,0.0,0.0,11.096121558958622,13.158674059309373,238.42789108162146,0.0,0.0,64.0136286504876,76.2944109578073,1200.4952348609623,0.0,0.0,45.42815137039755,54.55799175751686,651.5090251355116,0.0,0.0,24.690627522280054,29.362204106368684,491.03148652325725,30.347284503387347,20.814324076397364,245.99338626135006,293.36203304069798,5189.847056685661,0.0,0.0,54.395999098670518,65.7803221824164,567.3195505723606,0.0,17.792987889070198,47.526203426620757,22.0,30.0,0.0,17.906135672808323,47.147316824289209,12.0,30.0,0.0,17.84699106676003,47.41517099782814,22.0,30.0,0.0,17.87531719668597,47.23883184506547,12.0,30.0,0.0,17.018613841456884,50.343699553109789,12.0,30.0,0.0,18.503222884961425,45.730674597021749,12.0,30.0,0.0,17.092129845835836,49.854232498548288,10.0,30.0,0.0,14.845609549531352,57.80305902787971,12.0,30.0,0.0,17.67616683867484,48.241163468730338,20.0,30.0,0.0,17.09035657477397,0.0,0.0,0.0,12.868406590958856,0.0,0.0,484.73189252857005,481.6617563003954,496.5529565084028,475.2381674931464,571.4098384466242,871.347581491771,552.5066828346523,658.3942880861155,771.3717970840465,0.0,83.18410655499123,83.18410655499123,60.0,0.0,60.0,60.0,12.0,12.0,12.0,19.0,12.0,12.0,21.0,10.0,0.0,0.0,0.0,0.0,0.0,0.0,0.0,0.0,0.0,0.0,0.0,0.0,0.0,83.18410655499123,83.18410655499123,0.0,0.0,0.0,83.18410655499123,0.0,0.0,0.0023 
 04/05  05:50:00,7.863333333333333,90.33333333333333,4.385,10.666666666666666,60.33333333333332,0.0,0.0,0.0,2.0,2.0,0.0,0.0,0.0,0.0,0.0,1936.0,0.0,19.09060838743524,4.67181359705083,11.971351145239046,0.5724352479905476,15.236148787111296,0.0,4.6718135970508289,6.386723379567044,0.0,0.0,18.018826256053914,-122.21946591086589,18.021038113893487,-109.81106654423502,17.926469638197955,-132.52101212019807,17.98522695248821,-110.59151397612982,17.00715211800311,-4.539641212927336,18.297744284504824,-26.919399992974264,17.165734237543544,-44.833546766030398,15.265195234040533,-180.15939945457434,17.556688095064659,-67.67669901732228,305.24813708744116,501.1920176081974,0.0,0.0,0.0,0.0,0.0,0.0,0.0,0.0,0.0,0.0,0.0,0.0,0.0,0.0,0.0,0.0,0.0,0.0,0.0,0.0,0.0,0.0,0.9455742979499313,0.28863684308605966,159.10026583503348,189.09322173383419,3180.920249921084,0.17508519874104915,0.026722405180257808,81.18809582289464,96.56021899237436,1626.3342432131706,0.9239905350600097,0.17460138606576154,176.29594022127106,209.47139000763975,3523.8812651694786,0.1768100047422898,0.03341080966407591,118.43145063604239,140.71072145976513,2376.956193627497,0.0,0.0,6.033876590742633,7.192637248251705,111.09831524801251,0.0,0.0,11.179277438726958,13.25954093042762,238.0125105248086,0.0,0.0,64.9573218675331,77.42128540958993,1203.4556276096417,0.0,0.0,45.48918075868383,54.63934952516803,642.4647224756461,0.0,0.0,24.921365851757046,29.64113392493958,490.97787989458097,30.383982193476866,20.839493959860684,232.56752074023189,277.0059798584206,4883.633886490038,0.0,0.0,54.41000039011965,65.80096696085072,558.2276331505303,0.0,17.780252569731816,47.490742753455517,22.0,30.0,0.0,17.823331124559009,47.34111690571638,12.0,30.0,0.0,17.74532668015943,47.61178545891251,22.0,30.0,0.0,17.855844145433154,47.27562819356346,12.0,30.0,0.0,16.98681054205499,50.377833114279109,12.0,30.0,0.0,18.470254073831,45.77316187378389,12.0,30.0,0.0,17.045465516992907,49.92635730404186,10.0,30.0,0.0,14.803793089201318,57.846792510378168,12.0,30.0,0.0,17.64913066671037,48.24805127407248,20.0,30.0,0.0,17.08437659194427,0.0,0.0,0.0,12.851634093146928,0.0,0.0,480.5134860667299,477.26091370577935,487.0547503292544,479.6876367389067,569.8943456913899,868.2441212993813,552.4639290267364,656.3258382042727,767.2787788625565,0.0,83.18410655499123,83.18410655499123,60.0,0.0,60.0,60.0,12.0,12.0,12.0,19.0,12.0,12.0,21.0,10.0,0.0,0.0,0.0,0.0,0.0,0.0,0.0,0.0,0.0,0.0,0.0,0.0,0.0,83.18410655499123,83.18410655499123,0.0,0.0,0.0,83.18410655499123,0.0,0.0,0.0022933333333333336 
 04/05  06:00:00,7.93,90.0,4.45,15.0,90.5,0.0,0.0,0.0,2.0,2.0,0.0,0.0,0.0,0.0,0.0,968.0,0.0,27.399165016086834,59.280429209093728,151.90291261744236,0.8215710963849279,21.867204443724636,0.0,59.28042920909368,81.04084105998817,0.0,0.0,18.012096096032765,-13.882852682662815,17.976071193603738,-153.83372934195087,17.930181864547888,-123.83507250871117,18.04385968006175,-5.422986576311018,16.972105354788824,-3.832907273585164,18.26680249781525,-25.32721295701191,17.10632218248694,-60.497625396962579,15.256989447548963,-176.6600808037665,17.56984193635633,-67.18155610727809,252.46484152532595,498.95254659164768,0.0,0.0,0.0,0.0,0.0,0.0,0.0,0.0,0.0,0.0,0.0,0.0,0.0,0.0,0.0,0.0,0.0,0.0,0.0,0.0,0.0,0.0,0.9181331367992708,0.2802604202683977,203.2066722193218,240.96724331693677,4062.123765715484,0.16390561667988527,0.02501611976188725,123.78556405540681,146.82541979562775,2449.748373339131,0.8714673673160188,0.1646763732645539,78.48995435829454,93.10021046085019,1567.6678878119149,0.17113314308424183,0.03233808448303888,4.4196588738225339,5.239825738218973,91.93732223566617,0.0,0.0,5.493531943363579,6.533827298298132,100.05091240830042,0.0,0.0,11.362749696878359,13.445984237493795,239.68465170176524,0.0,0.0,60.07904887052403,71.45508454595901,1096.1739809021734,0.0,0.0,45.15949817455982,54.11615440791877,629.8780827606566,0.0,0.0,25.981885688920273,30.829056996193793,508.12096681520179,30.313090178056524,20.79087117836525,168.28334631785868,200.19910299880739,3588.163649328234,0.0,0.0,53.970496120876479,65.11183276642675,546.4608440876929,0.0,17.83592313196517,47.34868527329759,22.0,30.0,0.0,17.765799734549373,47.48509818212344,12.0,30.0,0.0,17.760347223801359,47.532877307436738,22.0,30.0,0.0,17.901045833016043,47.09673485253827,12.0,30.0,0.0,16.949630716209989,50.41754630467237,12.0,30.0,0.0,18.433621092701377,45.81534080080897,12.0,30.0,0.0,16.966621238535607,50.13300488858554,10.0,30.0,0.0,14.780812168755443,57.882933066661227,12.0,30.0,0.0,17.640070031696525,48.195435465892597,20.0,30.0,0.0,16.90437462546821,0.0,0.0,0.0,12.850640891016404,0.0,0.0,487.63869472275698,475.3092588206134,488.26805470556658,472.4009643264154,567.5749772686876,862.9205605370243,549.9572002992434,655.7158084863875,758.6213220903511,0.0,83.18410655499123,83.18410655499123,60.0,0.0,60.0,60.0,12.0,12.0,12.0,19.0,12.0,12.0,21.0,10.0,0.0,0.0,0.0,0.0,0.0,0.0,0.0,0.0,0.0,0.0,0.0,0.0,0.0,83.18410655499123,83.18410655499123,0.0,0.0,0.0,83.18410655499123,0.0,0.0,0.0022866666666666666 
 04/05  06:10:00,8.05,90.0,4.553333333333334,19.333333333333337,120.66666666666669,0.0,0.0,0.0,2.0,2.0,0.0,0.0,0.0,0.0,0.0,9690.0,0.0,36.0656937489518,74.75932234858291,191.5667727443232,1.0814422253937395,28.783971910283428,0.0,74.75932234858282,102.20166151014526,0.0,0.0,19.15418946343189,-889.7230721474703,18.18542734715273,820.485074088711,19.409062925562226,-2396.4010678115939,18.367389416070805,861.2284459655393,16.94535668878421,-6.061394977242075,18.977978733148406,-86.28411201146509,17.212075640309498,184.4339389117637,16.162953035458434,-228.66011103074946,18.68687750051923,-172.92904608867677,545.6005498703994,561.1926179501145,0.0,0.0,0.0,0.0,0.0,0.0,0.0,0.0,0.0,0.0,0.0,0.0,0.0,0.0,0.0,0.0,0.0,0.0,0.0,0.0,0.0,0.0,0.9161419012289376,0.2796525950027282,389.5696420549477,460.682879507978,9107.220129425883,0.2912221429788153,0.04444782401996572,338.5376162618082,402.25391783154648,6972.525050909819,0.698190576268942,0.1319332154703217,504.7481151153573,596.0758264337492,12183.152722917768,0.257105640191321,0.04858383223569934,342.03719997335608,406.08414092262839,7228.501586036038,0.0,0.0,10.138611417674783,12.10738537088204,181.65451046082527,0.0,0.0,17.27262323641295,20.434877238737259,400.8459756305977,0.0,0.0,71.14306655726316,84.90825572380871,1315.8680214208328,0.0,0.0,34.60144276410269,41.4664549349043,570.7097691044628,0.0,0.0,39.04123568230936,46.222621295783429,892.3319419791744,31.736665634961967,21.767260380632356,674.7795701563379,802.9585162388362,13966.612161102372,0.0,0.0,46.185693079389448,55.964334739504597,465.0048142524226,1988.847514245799,19.55863126276868,42.52981869537598,21.999999999999998,30.0,0.0,18.225174825287959,46.18411312375716,15.999999999999999,30.0,4472.711942348668,19.94912604475341,41.51743869169018,21.999999999999998,30.0,0.0,18.49637365316596,45.40877973964379,15.999999999999999,30.0,0.0,16.928769745264387,50.43312383502215,12.0,30.0,1188.2172879200983,19.580919306115037,42.64638534679549,19.799999999999998,30.0,0.0,17.21862437695286,49.29410118331998,10.0,30.0,1093.2477152766185,16.320587006865883,52.455110284724998,16.9,30.0,1857.6297597573412,19.374308913420636,43.23199896850934,19.7,30.0,0.0,17.799881488127054,0.0,0.0,0.0,12.952187678789422,0.0,0.0,480.46210462046715,482.14316644362386,479.3797150215901,477.6043995285165,564.2945168418089,841.7731530004832,529.3206624930691,661.6891416178771,736.5810523060289,12180.105570384014,79.95023727458302,86.57342731309848,60.0,0.0,60.0,60.0,16.0,16.0,19.0,19.0,16.0,12.0,21.0,10.0,1.0,0.0,1988.847514245799,0.0,4472.711942348668,0.0,1188.2172879200983,0.0,1093.2477152766185,1857.6297597573412,10021.054246699394,6012632.548019636,7829722.400715556,79.95023727458302,86.68591106743446,0.40203514155664657,0.767945178234682,0.3602813740196596,86.68591106743446,0.3542647819438876,7829722.400715556,0.4094255648372089 
 04/05  06:20:00,8.17,90.0,4.656666666666667,23.666666666666669,150.83333333333335,0.0,0.0,0.0,2.0,2.0,0.0,0.0,0.0,0.0,0.0,2907.0,0.0,45.06960195106341,82.1963182059418,210.62373486054856,1.35143117151992,35.970016387716189,0.0,82.19631820594172,112.36859868116625,0.0,0.0,19.900084904422309,-1428.653965024429,18.805341213381163,762.1110469554384,20.294312491651867,-3442.045731635204,19.163094018591438,684.1679859799015,16.91078345572766,-2.3036397299863999,18.99017343202997,-73.77371264677103,17.612322562347758,267.4580687467738,16.238435784468945,-246.9315090440054,18.6793395367686,-128.124348768659,735.9231450178411,564.4440186380311,0.0,0.0,0.0,0.0,0.0,0.0,0.0,0.0,0.0,0.0,0.0,0.0,0.0,0.0,0.0,0.0,0.0,0.0,0.0,0.0,0.0,0.0,0.9980027239496172,0.3046406361262567,452.9046864954012,533.5036642894745,11354.365271670631,0.32926054334412366,0.050253440681337548,396.2417808592961,469.0983224766592,8812.74245475589,0.735156365494851,0.13891843641248129,555.9122146379516,653.9228659129148,14425.017784089287,0.27545244655485209,0.052050726862216917,371.50511684972829,439.20495930278948,8585.959828378614,0.0,0.0,11.46536233659696,13.684528027347458,201.96125592535555,0.0,0.0,17.80368206951438,21.059330424057366,405.57384614277319,0.0,0.0,82.72757381925922,98.36929481698425,1625.7163013322234,0.0,0.0,36.7992031765329,44.002136582849107,607.0182493798541,0.0,0.0,35.00664070700576,41.45324065802375,780.7487405199171,32.81753144013224,22.508594952079727,759.1853207383406,901.1562554785676,16442.17033772618,0.0,0.0,47.71487222812607,57.71118903179192,477.3599743067312,1903.6969439684709,20.747938793008446,39.48603530229913,21.999999999999994,29.99999999999999,0.0,19.287642531312654,43.22370644068814,15.999999999999993,29.99999999999999,4301.730850564206,21.258326738563335,38.271942907663888,21.999999999999994,29.99999999999999,0.0,19.75409732029307,41.985584795963038,15.999999999999993,29.99999999999999,0.0,16.89452415913602,50.4410839989546,11.999999999999995,29.99999999999999,0.0,19.56037196512711,42.66151472092808,18.999999999999994,29.99999999999999,0.0,17.921474156344176,47.12685154707695,9.999999999999997,29.99999999999999,0.0,16.339452938371548,52.30527273637098,15.999999999999993,29.99999999999999,0.0,19.298575010245373,43.33984878083723,18.999999999999994,29.99999999999999,0.0,18.544436725241967,0.0,0.0,0.0,13.034361473268302,0.0,0.0,480.405047285133,484.51648717469188,479.7706387410639,480.2348654013792,556.778756929315,788.183477129317,517.4953292000965,681.657680325088,705.5047564304741,10935.838319749128,80.77346634860005,86.04270771559846,59.99999999999998,0.0,59.99999999999998,59.99999999999998,16.0,16.0,19.0,19.0,16.0,12.0,21.0,10.0,1.0,0.0,1903.6969439684709,0.0,4301.730850564206,0.0,0.0,0.0,0.0,0.0,7973.13480977019,4783880.885862116,6220508.735024522,80.77346634860005,86.13219692669094,0.37910449365900636,0.7689953742448465,0.36028137401965945,86.13219692669094,0.35426478194388735,6220508.735024522,0.3257264542212751 
 04/05  06:30:00,8.29,90.0,4.76,28.0,181.0,0.0,0.0,0.0,2.0,2.0,0.0,0.0,0.0,0.0,0.0,2907.0,0.0,54.39988559023801,88.01901297882901,225.54415259889604,1.631207974107198,43.41655556517199,0.0,88.0190129788289,120.32866388187479,0.0,0.0,20.448256118355716,-1293.0132019912056,19.341632358531549,1042.6954272845283,20.477676036195306,-2120.075183808263,19.718593496017136,885.7348170043118,16.88926271242775,6.809728547279915,18.802446798640554,-36.08216860652327,18.013039067944996,391.47403783735748,16.81497915419741,-328.02525628513038,19.13557284563062,-92.42248963349479,1019.3130590893267,611.666898669857,0.0,0.0,0.0,0.0,0.0,0.0,0.0,0.0,0.0,0.0,0.0,0.0,0.0,0.0,0.0,0.0,0.0,0.0,0.0,0.0,0.0,0.0,1.1915199893017295,0.36371184044619328,458.36076784811407,538.5784997826734,12025.06634205424,0.35302098626226566,0.053879881908160179,393.3799664947031,464.2163957204423,9350.46169912537,0.8728945327022002,0.16494605682203329,486.42236764974708,571.066579520728,12929.447863764191,0.2883028357875448,0.0544789939129903,359.1473616787949,423.20453956912106,8826.962059085037,0.0,0.0,11.924490180320559,14.233489624869583,206.8902841749784,0.0,0.0,15.918360198421985,18.844443835116669,348.90120567849899,0.0,0.0,98.44201341124884,116.84053348741503,2039.8614910353454,0.0,0.0,40.45071007744072,48.254903404054797,728.2450125624127,0.0,0.0,24.084986169975389,28.448080274334396,554.8527112385434,34.218606255084889,23.46955161528456,744.3187806738101,880.1279847324029,17585.99416168614,0.0,0.0,53.21622878369798,64.36734885446345,535.7419748012064,1892.0583169892894,21.51440186224173,37.72806647276239,21.999999999999994,29.99999999999999,0.0,20.188424722959334,40.910620530153057,15.999999999999993,29.99999999999999,2333.434821853999,21.65400612210862,37.41111993088643,21.666666666666658,29.99999999999999,0.0,20.618091053524738,39.841496243469148,15.999999999999993,29.99999999999999,0.0,16.88186681328185,50.42786131692405,11.999999999999995,29.99999999999999,0.0,19.245805181055226,43.47835257394225,18.999999999999994,29.99999999999999,0.0,18.624600736759708,45.11166734623915,9.999999999999997,29.99999999999999,913.2417057312325,17.256273681398758,49.26453451609671,16.66666666666666,29.99999999999999,992.0897794478713,19.784897487945906,42.058240209573799,19.33333333333333,29.99999999999999,0.0,19.613006422637228,0.0,0.0,0.0,13.18348195196774,0.0,0.0,485.5962926887024,490.54061412220337,485.33852345704158,487.4337368382854,553.1989040913782,779.8913853318136,518.0939592459296,632.7014834687458,722.3042339487475,10167.322295179083,81.2819234528589,86.12530333210452,59.99999999999998,0.0,59.99999999999998,59.99999999999998,16.0,16.0,19.0,19.0,16.0,12.0,21.0,10.0,1.0,0.0,1892.0583169892894,0.0,2333.434821853999,0.0,0.0,0.0,913.2417057312325,992.0897794478713,7329.538676508801,4397723.205905282,5731215.819755716,81.2819234528589,86.20756000137186,0.35765128921696,0.7655680705684794,0.36028137401965945,86.20756000137186,0.35426478194388735,5731215.819755716,0.3002632226272973 
 04/05  06:40:00,8.41,90.0,4.863333333333333,31.5,157.0,0.0,0.0,0.0,2.0,2.0,0.0,0.0,0.0,0.0,0.0,3876.0,0.0,60.26266154413456,76.0275330278597,194.81669058343187,1.8070047383942157,48.095621177636449,0.0,76.02753302785962,103.93540165779729,0.0,0.0,20.69070003751004,-1280.6440817246076,19.671195485799627,726.0640467741769,20.708936103796505,-1758.0685928710578,19.995566326771838,559.8183320365674,16.87394774267473,10.356137846512425,18.67418921051092,-32.57867087122784,18.296770861398558,317.8082136461977,16.457126912803333,-297.8591653766647,18.991181130592897,-81.87961061574103,1040.1621827260415,704.2761470629966,0.0,0.0,0.0,0.0,0.0,0.0,0.0,0.0,0.0,0.0,0.0,0.0,0.0,0.0,0.0,0.0,0.0,0.0,0.0,0.0,0.0,0.0,1.160670747534432,0.3542950999799854,427.06296019950448,501.5194567850666,11378.697961244165,0.3275670626664354,0.049994972934437647,360.6994981103296,425.32551870186469,8769.615251172727,1.013684521351977,0.19155036306726709,435.72972090041676,511.82569713598738,11549.465671997152,0.28441616086521079,0.05374455042804435,315.6889804997269,371.84193508881079,7860.664531057671,0.0,0.0,11.815645521842468,14.112727606535897,201.9980117002466,0.0,0.0,15.546064271130828,18.43143495187917,331.13398354229647,0.0,0.0,102.23175054224717,121.17481975393503,2180.4401502838388,0.0,0.0,45.53074948556221,54.42379870757532,750.9168984075061,0.0,0.0,24.560780263417536,29.05899919119779,554.2009772427404,34.52724458870248,23.68123771515946,668.695947257202,790.516755572376,16052.142978392283,0.0,0.0,60.05641931591629,72.58447699665769,614.6694424485039,1819.5064752266695,21.823532331653376,37.04472942897579,22.0,30.0,0.0,20.621143523062796,39.865809056249059,16.0,30.0,2408.00559192539,21.750300770550376,37.221620154731059,21.75,30.0,0.0,20.92821645054286,39.12337145033142,16.0,30.0,0.0,16.875613173456509,50.42324878823988,12.0,30.0,21.6281313725938,19.040986457885198,44.01312201827257,19.0,30.0,0.0,19.05229593643644,43.94556816368884,10.0,30.0,0.0,16.594006829510076,51.34601896045118,16.0,30.0,0.0,19.687010205836569,42.31425977153229,19.0,30.0,0.0,19.86529486981332,0.0,0.0,0.0,13.387098706074932,0.0,0.0,488.2354763582664,493.63159286151957,488.40048415576106,490.8759178588409,547.996332283058,771.0806913378917,515.8085744827271,608.8226061540786,718.1272031258495,9158.277403896433,81.94932607698057,81.94932607698059,60.0,0.0,60.0,60.0,16.0,16.0,19.0,19.0,16.0,12.0,21.0,10.0,1.0,0.0,1819.5064752266695,0.0,2408.00559192539,0.0,21.6281313725938,0.0,0.0,0.0,0.0,0.0,0.0,81.94932607698057,81.94932607698057,0.34,0.7698137902290796,0.36028137401965956,81.94932607698057,0.3542647819438875,0.0,0.00222 
 04/05  06:50:00,8.530000000000002,90.0,4.966666666666667,35.0,133.00000000000004,0.0,0.0,0.0,2.0,2.0,0.0,0.0,0.0,0.0,0.0,3876.0,0.0,65.67331621726976,65.39142555288767,167.56228511381219,1.9692435398148694,52.413839173275729,0.0,65.39142555288758,89.39503636563888,0.0,0.0,20.734422032188,-1448.3036017794244,19.758796460637428,531.4322667474739,20.725731441566475,-1014.9639278878465,20.003123653153638,401.1039852405779,16.860704411963554,11.746637188370429,19.33855257331798,-30.131155337924584,18.37603061829509,253.32677875173705,16.636225297460233,-309.2995154101163,18.7263004549809,-79.08915353505719,978.2524644197156,724.7142195813299,0.0,0.0,0.0,0.0,0.0,0.0,0.0,0.0,0.0,0.0,0.0,0.0,0.0,0.0,0.0,0.0,0.0,0.0,0.0,0.0,0.0,0.0,1.1990567295338382,0.3660124327026368,430.04130899385839,505.31059855244708,11247.145102004766,0.2897623721573202,0.044225026275537277,285.31249995545309,336.224719546863,6895.303356650352,1.079593811135156,0.20400487738759569,330.7191601750911,388.3266881111398,8640.421361828472,0.281365069117457,0.05316800247873336,268.5241925966268,316.1817809080107,6588.329163557181,0.0,0.0,11.15666388509434,13.325291126529665,187.91354967666443,0.0,0.0,13.692354450597872,16.177790989495514,313.53418863840946,0.0,0.0,104.67002025266908,124.07545242758279,2219.4928070385215,0.0,0.0,49.00266190075891,58.57422624415095,815.7675861728428,0.0,0.0,16.467388139889019,19.511928850619495,352.81636124919376,34.54865354363799,23.695921497694106,559.6694725198386,661.3917565191507,13379.320897026653,0.0,0.0,63.90412486013586,77.22565977593659,664.1687169135772,1829.5983553988684,21.721184501813597,37.389208947617117,22.0,30.0,0.0,20.661396838455475,39.869950526652079,16.0,30.0,1567.938395747034,21.58976111314457,37.69135009106995,21.5,30.0,0.0,20.8300650733601,39.44631740460771,16.0,30.0,0.0,16.869386153997128,50.450149103865708,12.0,30.0,872.9778839545959,19.992670732547457,41.49082750471554,19.75,30.0,0.0,19.11654201806468,43.856448118791089,10.0,30.0,684.845016575405,16.81636238694029,50.6411378158193,16.5,30.0,0.0,19.22950733538098,43.54019814403435,19.0,30.0,0.0,19.797220910343947,0.0,0.0,0.0,13.587622854082023,0.0,0.0,494.32797141667199,498.3296451516246,494.90824057294096,500.9007727363412,540.5246552979529,784.5586191844591,512.8384635707392,562.9298165627743,734.2032234903013,11238.810570117588,80.57324380500069,86.39001184504645,60.0,0.0,60.0,60.0,16.0,16.0,19.0,19.0,16.0,12.0,21.0,10.0,1.0,0.0,1829.5983553988684,0.0,1567.938395747034,0.0,872.9778839545959,0.0,684.845016575405,0.0,8801.964804856867,5281178.88291412,6913115.746377243,80.57324380500069,86.48879987671109,0.3783988268285623,0.7643721901931397,0.36028137401965956,86.48879987671109,0.3542647819438875,6913115.746377243,0.3616886854782833 
 04/05  07:00:00,8.65,90.0,5.07,38.5,109.0,0.0,0.0,0.0,2.0,2.0,0.0,0.0,0.0,0.0,0.0,2907.0,0.0,67.72898063000287,48.875676026322647,125.24161847621648,2.0308833867621765,54.05446208638969,0.0,48.875676026322597,66.81675462533714,0.0,0.0,20.749278627968985,-1245.4003975476047,19.818728148459969,478.52875361413416,20.782112399179924,-1155.2601942353302,20.023251811989448,370.4556335509401,16.847184028406458,12.434066170285452,19.1352216453015,-24.610057174149938,18.45145425290442,232.62775045574188,16.403096199589308,-278.00720434129689,19.01240828151203,-109.41420645546833,967.217534051508,744.9040767897499,0.0,0.0,0.0,0.0,0.0,0.0,0.0,0.0,0.0,0.0,0.0,0.0,0.0,0.0,0.0,0.0,0.0,0.0,0.0,0.0,0.0,0.0,1.1657026505870319,0.35583108992278175,414.57293753968886,486.9961729389546,10735.693849325226,0.285385113227015,0.04355694646321967,286.5403339885564,337.70664455369725,6875.060916920529,1.0695843979748492,0.2021134538879158,345.0898352638941,405.01799377522118,8944.992945572454,0.27230575464709469,0.05145611387889169,216.8223970012517,255.2486604030777,5285.487732292415,0.0,0.0,11.209858586659387,13.385693069271558,185.92273730815317,0.0,0.0,13.668469349469023,16.162291501502144,302.7973112347448,0.0,0.0,104.09559997493496,123.30588272976969,2201.0656483792029,0.0,0.0,48.9877706703013,58.572593783060579,772.6336772206594,0.0,0.0,19.778605765462559,23.368554348102948,439.47491975633207,34.686839061151648,23.79069894454848,555.6235253532177,656.5843577889405,13188.388062201393,0.0,0.0,65.32911480790861,78.86702674029142,673.8053632609431,1677.6350678886925,21.696329890840198,37.49031950338791,22.000000000000019,30.00000000000002,0.0,20.699033756810978,39.82847688480395,16.000000000000015,30.00000000000002,2014.9454173489515,21.64270266688874,37.640397469318347,21.666666666666687,30.00000000000002,0.0,20.823892676345648,39.504578532362959,16.000000000000015,30.00000000000002,0.0,16.860293066720638,50.511188422327808,12.00000000000001,30.00000000000002,0.0,19.73079484008137,42.231136466344938,19.000000000000015,30.00000000000002,0.0,19.20759141156183,43.65313942523832,10.000000000000007,30.00000000000002,0.0,16.456259952030444,51.8295180391547,16.000000000000015,30.00000000000002,944.6683167285274,19.689039006131396,42.32609336335504,19.666666666666683,30.00000000000002,0.0,19.84446242707849,0.0,0.0,0.0,13.673704662994894,0.0,0.0,495.9465309394924,501.27201935278597,495.84491125294997,506.8485738106963,532.180320504428,795.4762128403245,511.64524838861288,542.3063120968195,742.2182213188254,10200.791189651525,81.25953015376506,84.09544027615223,60.00000000000004,0.0,60.00000000000004,60.00000000000004,16.0,16.0,19.0,19.0,16.0,12.0,21.0,10.0,1.0,0.0,1677.6350678886925,0.0,2014.9454173489515,0.0,0.0,0.0,0.0,944.6683167285274,4290.7144025381899,2574428.6415229116,3333968.416238524,81.25953015376506,84.14360344460587,0.3696904800846065,0.7678336134418295,0.3602813740196598,84.14360344460587,0.3542647819438878,3333968.416238524,0.17555969097773656 
 04/05  07:10:00,8.760000000000002,89.83333333333333,5.073333333333334,42.0,84.99999999999999,0.0,0.0,0.0,2.0,2.0,0.0,0.0,0.0,0.0,0.0,6783.0,0.0,72.12398287003329,41.50401923621091,106.35216606000309,2.1626657205691126,57.56207013192395,0.0,41.504019236210869,56.73914091290836,0.0,0.0,20.72570915449043,-800.6163857786721,19.80210377835978,459.79091765326816,20.79008466782752,-1389.9762367293013,20.053686281263866,423.0305468313621,16.83483166279825,12.742853153783733,18.97712519063316,-25.42633195204429,18.4413277990923,241.47281879948975,17.085430677564898,-318.4968964372459,19.15061373636577,-70.55216591300757,928.6754568107072,646.5852823198443,0.0,0.0,0.0,0.0,0.0,0.0,0.0,0.0,0.0,0.0,0.0,0.0,0.0,0.0,0.0,0.0,0.0,0.0,0.0,0.0,0.0,0.0,1.132289811124806,0.34563181047765759,345.12088953836629,405.87186453920159,8761.815237142082,0.2860971721762346,0.04366562456902238,283.8407750052085,334.8236809091446,6697.708974427325,0.9808022135672747,0.1853367750505055,367.99106219057378,432.5064736757402,9414.304707150983,0.2563694559022895,0.048444719558255747,260.69365321564688,307.23457188587499,6275.196254169566,0.0,0.0,11.297646937817696,13.502875862870216,184.6527484902998,0.0,0.0,13.413355440085124,15.885512585804719,287.0672182703251,0.0,0.0,93.07370386515923,110.38544456022727,1935.9104573998819,0.0,0.0,42.680177873255789,50.93786875607709,745.0737409096676,0.0,0.0,23.161943871128217,27.402087458786043,513.4495614954,34.509318062703787,23.66894242983799,537.5729448146838,635.7508356101527,12635.167690759843,0.0,0.0,56.259567740498578,68.00755262001536,569.1879602243271,1103.4938325387425,21.468279492557977,38.13594231293427,21.57142857142857,29.999999999999994,0.0,20.604108467320299,40.18043574718899,16.0,29.999999999999994,1554.7193168243048,21.584991399958534,37.87349464704956,21.428571428571428,29.999999999999994,0.0,20.84495459829344,39.593160872346789,16.0,29.999999999999994,0.0,16.851476358390859,50.58247225752985,12.0,29.999999999999994,0.0,19.459457732677835,44.35698324381547,19.0,29.999999999999994,0.0,19.143284394799165,43.926138852538887,10.0,29.999999999999994,1345.008797322065,17.526809800982876,48.53634374170459,20.699999999999997,29.999999999999994,133.99593748141715,19.846799410396874,43.127275061726809,19.28571428571429,29.999999999999994,0.0,19.79395590894151,0.0,0.0,0.0,13.68156848516661,0.0,0.0,498.0132354548688,503.94779185125187,497.88489034547538,500.8180427965486,527.4589077728055,824.6657735954526,508.074454510515,543.644898121472,743.6256740104949,9831.021650848685,81.50434106954997,84.63664140683474,59.999999999999989,0.0,59.999999999999989,59.999999999999989,16.0,16.0,19.0,19.0,19.7,12.0,21.0,10.0,1.0,0.0,1103.4938325387425,0.0,1554.7193168243048,0.0,0.0,0.0,1345.008797322065,133.99593748141715,4740.121675858152,2844073.005514891,3708930.4988225877,81.50434106954997,84.68983826508532,0.3522897701476527,0.7673757798760487,0.3602813740196596,84.68983826508532,0.35426478194388746,3708930.4988225877,0.1950443859387746 
 04/05  07:20:00,8.870000000000001,89.66666666666667,5.076666666666667,45.5,61.0,0.0,0.0,0.0,2.0,2.0,0.0,0.0,0.0,0.0,0.0,4845.0,0.0,75.32306075134696,31.526150650110773,80.7844335670841,2.2585875823013947,60.11520994941415,0.0,31.526150650110745,43.098638086057267,0.0,0.0,20.804224542080225,-1186.4612542761143,19.85526173859653,444.189579866764,20.770383867673098,-831.379829669496,20.03072772119186,297.53824745905589,16.821055533994494,10.215096156147446,18.84998597811274,-21.073303221849885,18.560258139379877,294.60042116649427,18.16350041812468,-210.93796186358436,18.898569827039738,-34.02677694287112,896.8285196161916,423.99292877728649,0.0,0.0,0.0,0.0,0.0,0.0,0.0,0.0,0.0,0.0,0.0,0.0,0.0,0.0,0.0,0.0,0.0,0.0,0.0,0.0,0.0,0.0,1.0957020905735562,0.33446339761097568,401.1090750796834,471.759398014192,10135.670453997598,0.26647350455228599,0.04067055930285195,268.94591352481987,317.2608674355165,6312.270040971703,1.0246949833859445,0.19363094924148623,299.9151098454236,352.53048041802159,7546.811502685776,0.25098775542233717,0.04742776935418312,221.56683406015567,261.08754191012579,5252.911396164651,0.0,0.0,10.936715832382348,13.070156926671388,176.06715716433377,0.0,0.0,12.844897941343934,15.2189237208823,266.83293078642608,0.0,0.0,78.47823629693582,93.00986723599238,1643.215297801598,0.0,0.0,20.798487881112029,24.697553837452888,425.84154941374569,0.0,0.0,14.176462836290908,16.793187030316365,300.77299328587119,34.292515566697208,23.520243872906187,503.4338824261186,595.4525594095705,11721.86479105672,0.0,0.0,35.28996207357363,42.70626350429044,330.55471039686526,1556.6240198842175,21.600331392715537,37.95785356698107,21.799999999999998,30.0,0.0,20.652140461831203,40.21762427663529,16.0,30.0,1513.6244312708982,21.426028327802638,38.364654911438979,21.4,30.0,0.0,20.761267441119828,39.93837356581135,16.0,30.0,0.0,16.83884403152193,50.720626125834119,12.000000000000002,30.0,0.0,19.241617610746397,46.85644048942204,19.0,30.0,0.0,19.335511994173424,43.55189662503461,10.0,30.0,1287.6037309489398,19.347984176505976,43.413585621332789,20.7,30.0,0.0,19.453993811751336,45.92012152770904,19.0,30.0,0.0,19.767042520362048,0.0,0.0,0.0,13.383124426177935,0.0,0.0,498.7893149096309,506.46856412761999,499.22853931158468,505.74368798284555,525.4559543376568,862.3595231093534,503.7145574748988,554.2732646742819,785.5606031415839,9687.75256588588,81.5991831200743,83.03248133166045,60.0,0.0,60.0,60.0,16.0,16.0,19.0,19.0,19.7,12.0,21.0,10.0,1.0,0.0,1556.6240198842175,0.0,1513.6244312708982,0.0,0.0,0.0,1287.6037309489398,0.0,2169.0612685788835,1301436.7611473299,1685998.4044054007,81.5991831200743,83.05682349351668,0.3443020422859628,0.7692711786113768,0.36028137401965956,83.05682349351668,0.35426478194388757,1685998.4044054007,0.08981191702908083 
 04/05  07:30:00,8.98,89.5,5.08,49.0,37.0,0.0,0.0,0.0,2.0,2.0,0.0,0.0,0.0,0.0,0.0,3876.0,0.0,79.0337708161032,27.331201905604496,70.03509907737895,2.369849177339343,63.07666370967258,0.0,27.331201905604478,37.363825113310117,0.0,0.0,20.867573400581045,-1609.0925511308979,19.890039062434647,513.0359432806613,20.44308767852666,-272.09459364369766,20.001130948433614,240.32364815981306,16.80415965548383,8.72915578589496,18.760413900565916,-18.86897640674738,18.666788971357279,308.2208228059744,18.853720866106515,-68.0765172757398,19.00983677909816,-216.11789935255758,896.400319619529,459.90647012700478,0.0,0.0,0.0,0.0,0.0,0.0,0.0,0.0,0.0,0.0,0.0,0.0,0.0,0.0,0.0,0.0,0.0,0.0,0.0,0.0,0.0,0.0,1.0698594275873755,0.3265749168459632,446.9475880897679,525.1533306022429,11240.157722278378,0.263330361102748,0.040190836554143478,287.06056774133085,338.50100164053239,6683.700379489699,1.040513453358374,0.19662007811004807,233.69702240706594,275.17333150643437,5683.643428955422,0.2544415508797954,0.0480804139984496,233.72556646687478,275.6210072307237,5455.322012560477,0.0,0.0,10.746392398607832,12.839638346796129,170.23194284185565,0.0,0.0,13.372519689947792,15.842751050034743,270.9572795324792,0.0,0.0,73.7075632563051,87.24852747704887,1549.7972641708194,0.0,0.0,18.842281545731198,22.210200172333189,434.00981199996178,0.0,0.0,20.871363578793166,24.684930984534355,433.69368010555618,34.17918837377539,23.442516031396026,514.7016104249121,608.7260480410384,11865.845478421552,0.0,0.0,34.85998012349189,42.12790153048801,314.2817477657807,1810.2014535117892,21.641997969353427,37.98426664544026,22.0,30.0,0.0,20.67476442619051,40.3203407571631,16.0,30.0,45.19825078752546,21.14983670724056,39.12845610942986,21.0,30.0,0.0,20.69401992315355,40.280399189086789,16.0,30.0,0.0,16.820139087167364,50.89853501458014,12.0,30.0,0.0,19.092067738098338,48.67638201631483,19.0,30.0,0.0,19.489003222459489,43.37186105895048,10.0,30.0,751.5428600846337,20.52573795502026,40.69113360590253,20.45,30.0,719.2163271802589,19.31303603972652,47.33671695257199,19.25,30.0,0.0,19.81954995315516,0.0,0.0,0.0,13.343527110102798,0.0,0.0,501.28894892707049,509.4663351449973,501.31490888264116,509.81191853726707,521.7694688578631,899.5314037372331,507.31363059199136,559.5123816122326,816.0768043273286,10262.904071021649,81.21874310679014,83.18785058411899,60.0,0.0,60.0,60.0,16.0,16.0,19.0,19.0,19.7,12.0,21.0,10.0,1.0,0.0,1810.2014535117892,0.0,45.19825078752546,0.0,0.0,0.0,751.5428600846337,719.2163271802589,2979.6117346966509,1787767.0408179905,2314253.489196924,81.21874310679014,83.22129256607225,0.354320391156555,0.7710217854172922,0.36028137401965956,83.22129256607225,0.3542647819438875,2314253.489196924,0.12244118143824004 
 04/05  07:40:00,9.09,89.33333333333333,5.083333333333334,50.666666666666667,32.0,0.0,0.0,1.0,2.0,0.0,0.0,0.0,0.0,0.0,4.0,5814.0,0.0,78.87741498104072,22.902214828610455,58.68607596993998,2.3651619760702258,62.95188924260715,0.0,22.902214828610434,31.309063996493589,0.0,0.0,20.984292634936325,-1409.2849392992367,19.951654731926156,562.5083779308293,20.837814671612784,-1082.6442753147324,20.04814343433072,540.766225464687,16.790120786582845,11.391499322209882,19.029220400560378,-32.63003990526818,18.29570641548626,-293.2904463790558,18.674656656398797,-35.455894420718298,18.954431338010438,-138.62554330180363,934.3420334826285,1057.4620488940773,0.0,0.0,0.0,0.0,0.0,0.0,0.0,0.0,0.0,0.0,0.0,0.0,0.0,0.0,0.0,0.0,0.0,0.0,0.0,0.0,0.0,0.0,1.0750449741451338,0.32815780651560835,373.7919149519511,439.17548970103419,9427.592682297198,0.28097371653419,0.04288365636968709,309.95194591385828,365.45898081362437,7188.463186265965,0.9060272842561552,0.17120696981408826,302.6035552756681,355.6268762281186,7610.626877198307,0.26662237374102817,0.05038215679157747,302.1522440670745,356.2281553947685,7049.488313695747,0.0,0.0,11.343331317846279,13.556340212734622,176.87467189992425,0.0,0.0,13.892580888617245,16.445241047572006,286.43536038847688,0.0,0.0,163.28023636883243,193.82916317988714,3107.6297844080056,0.0,0.0,16.808486209509998,19.859712990006217,366.3884606589776,0.0,0.0,109.52832874639319,129.59086914057674,2267.434103542793,34.248136687089488,23.489805683874815,605.7860227804715,716.2182238413,13868.611985011084,0.0,0.0,101.07668415785918,121.67609669421641,1103.5756714169259,1841.9242281595662,21.781015606301226,37.968975719659209,21.999999999999984,29.99999999999998,0.0,20.741688659955608,40.440860694245568,15.999999999999988,29.99999999999998,1340.062125538213,21.708702149096398,38.717086655578999,21.499999999999987,29.99999999999998,0.0,20.807074684884087,40.660926758855669,18.999999999999987,29.99999999999998,0.0,16.807191238769638,51.17623876201328,11.999999999999993,29.99999999999998,722.9308898333167,19.378416777190556,48.68476875318212,19.499999999999987,29.99999999999998,0.0,18.69029296873834,46.12061947126737,9.999999999999993,29.99999999999998,485.0339382852155,19.955218287614615,43.60381986490882,20.03333333333332,29.99999999999998,0.0,19.492593733130059,44.683662622093667,11.999999999999993,29.99999999999998,0.0,19.962603171598866,0.0,0.0,0.0,14.26885831950209,0.0,0.0,514.0277429823052,518.4352784511373,547.1143245073166,537.5081697508398,527.1287067260861,922.5595211598807,551.2242297098935,628.8116790758636,625.1705056633475,10257.44095530785,81.22239980135699,84.81237970756306,219.9999999999999,0.0,219.9999999999999,219.9999999999999,16.0,19.0,19.0,12.0,19.7,12.0,21.0,10.0,1.0,0.0,1841.9242281595662,0.0,1340.062125538213,0.0,722.9308898333167,0.0,485.0339382852155,0.0,5432.819910189177,3259691.946113508,4221919.444919643,81.22239980135699,84.87334948428583,0.3510939970063058,0.7676108609047027,0.3602813740196593,84.87334948428583,0.3542647819438872,4221919.444919643,0.2270931444691548 
 04/05  07:50:00,9.2,89.16666666666667,5.086666666666667,52.33333333333333,27.0,0.0,0.0,1.0,2.0,0.0,0.0,0.0,0.0,0.0,4.0,1938.0,0.0,81.13705851289974,22.18199855448162,56.84056758002868,2.4329169735552367,64.75529413054233,0.0,22.181998554481603,30.32447374673983,0.0,0.0,21.04308467504159,-1485.0747927156363,20.04848855632057,532.4884874026438,20.68333413071075,-356.2131103894542,20.05473501550034,186.02519012894619,16.7777833453778,10.00049421772124,19.207578458559796,-48.84880170969268,17.67729513818416,-125.08255654842515,19.1237560543505,-141.06449018486746,18.535749700014259,-170.32531669357605,879.847081882288,1229.8928460600733,0.0,0.0,0.0,0.0,0.0,0.0,0.0,0.0,0.0,0.0,0.0,0.0,0.0,0.0,0.0,0.0,0.0,0.0,0.0,0.0,0.0,0.0,0.9222305615401308,0.2815111604212854,378.84400173936708,444.2850543741984,9509.71921541067,0.2556172705308889,0.039013624928401848,307.60062508847417,361.95218760526577,7139.552290871143,1.0466329777006123,0.19777645081266305,189.38538800173229,222.99168888838416,4494.971026713216,0.24722548907465076,0.04671683467019098,183.65716852060968,216.4487807294866,4264.081119705105,0.0,0.0,11.802460607935759,14.082223664016694,181.19522865340952,0.0,0.0,14.554276877880988,17.17374709278288,306.17057376329856,0.0,0.0,208.94683693240644,248.52209239889135,3545.1483435169059,0.0,0.0,29.211477422402746,34.34225001461343,672.5974637568779,0.0,0.0,140.22646917924943,166.14340982996274,2693.347943218863,34.011749661785788,23.32767466514801,491.4813285002562,580.5388759746971,11206.949680354513,0.0,0.0,141.29452024259184,169.46711965865675,1715.3213036015309,1793.6814482915034,21.836949464234477,38.01314467752351,22.0,30.0,0.0,20.864975780077694,40.30932997972292,16.0,30.0,865.1570614482837,21.43937980087479,40.330106214556149,21.5,30.0,0.0,20.744374204619079,40.96382521006882,19.0,30.0,0.0,16.795712250170419,51.68584459321485,12.0,30.0,0.0,19.725063422181095,48.36954156868367,19.0,30.0,0.0,17.630049313247875,49.632279368884628,10.0,30.0,805.3335152519865,20.784401434357826,42.15018443804695,20.7,30.0,0.0,18.78690719337975,45.90922095577761,12.0,30.0,0.0,19.867275496558969,0.0,0.0,0.0,15.130274955496083,0.0,0.0,521.897210658419,524.6736941621248,601.2289468383813,541.7024261341571,549.0360139636979,930.7101299847882,574.0757098057261,662.3129178423998,558.908477746286,10571.054258601664,81.01502200549811,84.59771698253234,220.0,0.0,220.0,220.0,16.0,19.0,19.0,12.0,19.7,12.0,21.0,10.0,1.0,0.0,1793.6814482915034,0.0,865.1570614482837,0.0,0.0,0.0,805.3335152519865,0.0,5421.820882547421,3253092.5295284527,4241112.323417099,81.01502200549811,84.65856303697346,0.35072736275158075,0.7650953500059302,0.36028137401965956,84.65856303697346,0.3542647819438875,4241112.323417099,0.22804228526213358 
 04/05  08:00:00,9.31,89.0,5.09,54.0,22.0,0.0,0.0,1.0,2.0,0.0,0.0,0.0,0.0,0.0,4.0,3876.0,0.0,83.29899312972629,21.779170866820747,55.80834778431363,2.4977419563891236,66.48071573956355,0.0,21.77917086682073,29.77377775742538,0.0,0.0,21.063014794569143,-1489.6826545185859,20.094054905446819,481.5280166148855,20.52271121237313,-645.2898293583285,19.98006057825931,325.6396443431863,16.76309248876854,7.147484454395027,19.02675092163306,-58.445342176033509,17.640852719747536,80.3823282068397,18.82031081464929,-145.10945890666825,18.245538696597689,-183.21633578683578,899.8702852711831,992.507222573064,0.0,0.0,0.0,0.0,0.0,0.0,0.0,0.0,0.0,0.0,0.0,0.0,0.0,0.0,0.0,0.0,0.0,0.0,0.0,0.0,0.0,0.0,0.8861360744927689,0.270493307232225,366.2002870200728,430.00581122026429,9090.85234765061,0.24103639449255657,0.03678821649764294,291.04188301645066,342.8353420954553,6707.188569884674,1.0130687765247609,0.19143400916945603,255.61904818791505,300.83092760728706,6070.925355081516,0.2600897996956263,0.04914773236878802,262.8286263664645,309.9352748439024,5923.14977795967,0.0,0.0,11.696284336694351,13.974015804009447,176.56456207857713,0.0,0.0,15.735217608492578,18.612111894437797,319.4748955651242,0.0,0.0,199.5272975129448,237.70777247405688,3353.158714603742,0.0,0.0,34.74429523297438,41.05446795308485,743.8303069620281,0.0,0.0,123.92562391695017,147.3032498339127,2250.775699953578,33.89951346652179,23.250695107353775,547.4190864743571,646.9646752702457,12331.14476936335,0.0,0.0,127.36989380918911,153.12185714333408,1499.615316023589,1792.4577829775358,21.808728517110443,38.49005663489778,22.0,30.0,0.0,20.894998520843413,40.605930194450227,16.0,30.0,59.08542928596384,21.201788501886538,40.8086187763316,21.0,30.0,0.0,20.622287780786118,42.133778149456777,19.0,30.0,0.0,16.77935716762362,52.052634906387847,12.0,30.0,0.0,19.45565519424066,49.46576237327094,19.0,30.0,0.0,17.663465353756427,49.78367942475719,10.0,30.0,350.21968129862958,20.020800573276195,44.13511567407547,19.95,30.0,0.0,18.338508714905076,47.53501624472554,12.0,30.0,0.0,19.95567062671138,0.0,0.0,0.0,15.042508508247528,0.0,0.0,538.4605075425635,539.4911432247299,581.2489927407827,579.5356660343286,561.0753948353935,926.7431248081343,572.2225411561938,648.7107379761791,571.0934484574276,8401.856266851388,82.44945222307666,82.44945222307666,220.0,0.0,220.0,220.0,16.0,19.0,19.0,12.0,19.7,12.0,21.0,10.0,1.0,0.0,1792.4577829775358,0.0,59.08542928596384,0.0,0.0,0.0,350.21968129862958,0.0,0.0,0.0,0.0,82.44945222307666,82.44945222307666,0.34,0.7692330039239432,0.36028137401965956,82.44945222307666,0.3542647819438875,0.0,0.007455555555555556 
 04/05  08:10:00,9.458333333333334,88.66666666666667,5.213333333333334,55.666666666666667,16.999999999999998,0.0,4.0,0.0,0.0,0.0,0.0,0.0,0.0,0.0,0.0,4845.0,0.0,85.36866114737217,21.65611513112646,55.49302612076405,2.559800116565369,68.13249759800391,0.0,21.656115131126446,29.60555123729096,0.0,0.0,20.922095714109916,-820.70646503252,20.09999689350416,382.70545116105736,20.82739694078223,-529.5424480186769,19.9939073740072,-2.60436771662678,16.74952338176857,8.398454362051475,18.778219966697429,-126.01296384945406,18.009254126747913,371.8908230235067,18.460746022738605,-66.80835804840481,18.019701056319485,-343.7637794929714,778.1418794359511,714.4970420172002,0.0,0.0,0.0,0.0,0.0,0.0,0.0,0.0,0.0,0.0,0.0,0.0,0.0,0.0,0.0,0.0,0.0,0.0,0.0,0.0,0.0,0.0,1.0042814238537943,0.30655721118858189,370.8134382848048,436.1906314530106,8862.072483402733,0.2512823482984512,0.038352006761057887,257.0983716182727,303.00459547132035,5838.2881566287419,0.7545060549013067,0.14257484030636947,169.9368878011192,199.68794305260719,4151.327166190772,0.27938938443577879,0.05279466826072916,27.67082973680713,32.628892711953408,617.0808046976613,0.0,0.0,10.220167076942019,12.21548426467259,150.94013898740236,0.0,0.0,63.484826718858297,75.30215667038816,1221.9180660760329,0.0,0.0,189.11898442887967,224.7612653911046,3383.4119536630198,0.0,0.0,26.160224389485689,30.984096418342099,525.6053287695285,0.0,0.0,80.69207052949011,95.98256643391187,1379.48671309662,34.1476197678959,23.420864038337386,315.862200501824,373.8882723751858,7110.297130735483,0.0,0.0,84.50023764617845,101.67229283174989,894.7323337447128,836.7580178395851,21.462837616613127,39.75735248715742,21.6,30.0,0.0,20.86079744370321,41.18223647142639,16.0,30.0,1070.2645988669588,21.700291101841914,39.2540273280558,21.4,30.0,0.0,20.552109369095395,44.92191776914091,19.0,30.0,0.0,16.76533606552921,52.57287446630958,12.000000000000002,30.0,0.0,19.03597852267739,47.817821061330267,16.0,30.0,0.0,18.388703583787668,48.69150487386081,10.0,30.0,0.0,19.438423144443364,45.528114815382249,16.0,30.0,0.0,18.010069414410986,49.039354280772418,12.000000000000002,30.0,0.0,19.58474878256439,0.0,0.0,0.0,14.506201767111799,0.0,0.0,553.6481822045988,556.7258057143315,553.389111467206,732.2884398351031,578.1876506022486,711.8763719481043,626.6679452537347,629.5477737146304,592.928315774663,6149.061503824202,81.12309415001542,82.52626731245428,132.0,0.0,132.0,132.0,16.0,19.0,16.0,12.0,16.0,12.0,21.0,10.0,1.0,0.0,836.7580178395851,0.0,1070.2645988669588,0.0,0.0,0.0,0.0,0.0,2123.5184169941287,1274111.050196477,1652358.7003348408,81.12309415001542,82.55009785096772,0.20678394723313765,0.46121523324503868,0.21616882441179575,82.55009785096772,0.21255886916633252,1652358.7003348408,0.0903666524174117 
 04/05  08:20:00,9.606666666666668,88.33333333333334,5.336666666666667,57.333333333333339,12.0,0.0,4.0,0.0,0.0,0.0,0.0,0.0,0.0,0.0,0.0,2910.0,0.0,87.35098279493545,21.758872388024558,55.75633584564551,2.61923899253661,69.7145665729539,0.0,21.758872388024547,29.746028197986815,0.0,0.0,20.90065181788782,-964.3986171558125,20.036708949776697,318.1036529549782,20.796825561223586,-612.0323849609658,19.995651578860984,-28.507973449235246,16.742064512224397,15.56698072103288,18.586664974444998,-25.300286304362154,18.226028171084559,124.90928272348472,17.963195630242344,-12.779015947624142,17.553743197534666,-590.3783703466172,760.5203172648473,1051.6231852497888,0.0,0.0,0.0,0.0,0.0,0.0,0.0,0.0,0.0,0.0,0.0,0.0,0.0,0.0,0.0,0.0,0.0,0.0,0.0,0.0,0.0,0.0,1.0223610414203,0.31207601996956649,386.6477724705458,454.1296198250283,9203.748937883403,0.24665330954601445,0.03764549901495946,253.7525268959975,298.9140298604492,5612.9609399144469,0.8082919665415133,0.15273846684457924,222.35654283133168,260.9570564339448,5338.087176683726,0.2455661297899001,0.046403274714644737,21.55916335007945,25.390252940463044,473.76923590196938,0.0,0.0,9.738720707251645,11.629542428407149,140.8819601259919,0.0,0.0,30.305051481404264,35.97877981256652,557.3288508414021,0.0,0.0,218.0081164357107,258.51605807275538,3977.8698581350874,0.0,0.0,16.04745495256776,19.05295844868097,290.48579016092529,0.0,0.0,150.32949794438208,179.11716952217615,2301.0672613942258,34.265954450147017,23.50202637184294,337.45619347090305,398.9651247032901,7432.888587981231,0.0,0.0,151.01816637511747,181.10968818171393,1755.0396264723145,1519.3206354571096,21.631966184095665,39.56781127056954,21.666666666666658,29.99999999999999,0.0,20.717427066135863,41.79510786618117,15.999999999999993,29.99999999999999,1439.0197528487393,21.598164208580934,39.671277339391867,21.666666666666658,29.99999999999999,0.0,20.51975305232622,47.90984599468203,18.999999999999994,29.99999999999999,0.0,16.762599466997594,53.06554276312383,11.999999999999995,29.99999999999999,0.0,18.7518773125926,47.74508473989397,15.999999999999993,29.99999999999999,0.0,18.709542808251887,47.383335164828029,9.999999999999997,29.99999999999999,0.0,18.580521759042769,47.90526156460818,15.999999999999993,29.99999999999999,0.0,17.2395229923952,51.97153460944899,11.999999999999995,29.99999999999999,0.0,19.588560909250487,0.0,0.0,0.0,15.220633291933846,0.0,0.0,558.2992587882615,559.8897077537754,555.032478963749,907.713943639326,594.4682339327476,640.3498935824089,597.0127551740958,618.8243835180588,611.2153054037361,7903.829177729513,82.77865500053882,82.77865500053882,131.99999999999995,0.0,131.99999999999995,131.99999999999995,16.0,19.0,16.0,12.0,16.0,12.0,21.0,10.0,1.0,0.0,1519.3206354571096,0.0,1439.0197528487393,0.0,0.0,0.0,0.0,0.0,0.0,0.0,0.0,82.77865500053882,82.77865500053882,0.3399999999999999,0.7704031577530669,0.36028137401965945,82.77865500053882,0.35426478194388735,0.0,0.004429333333333334 
 04/05  08:30:00,9.754999999999999,88.0,5.46,59.0,7.0,0.0,4.0,0.0,0.0,0.0,0.0,0.0,0.0,0.0,0.0,2910.0,0.0,86.2608362996778,21.13136780421041,54.14838903855807,2.5865512884253225,68.84453018325366,0.0,21.131367804210404,28.888181857807234,0.0,0.0,20.720945636386874,-527.5739378165082,19.931418097274418,179.75829489288959,20.845698184546156,-546.7148259533489,19.98572148704104,-56.97715654646859,16.740262945060576,16.80689250931832,18.46185132339274,-33.58723873683269,17.993768264564893,1.033639472671588,17.634154705631503,-22.463456637906604,17.24697777948564,-397.29334899253157,669.9844679517171,1063.935879525566,0.0,0.0,0.0,0.0,0.0,0.0,0.0,0.0,0.0,0.0,0.0,0.0,0.0,0.0,0.0,0.0,0.0,0.0,0.0,0.0,0.0,0.0,1.0229883611421147,0.3122675095061399,279.72042224548468,328.9578981427976,6364.89788297528,0.2279616722582526,0.03479268502110081,199.26613436018534,234.8133224816821,4265.1104215051659,0.7925109233820389,0.1497564103140663,141.6967709139983,166.48109322687999,3274.854476789781,0.20074230955871714,0.03793316507156406,17.530775894675324,20.656769417549904,378.4553949739777,0.0,0.0,9.211588979506172,11.000010493540874,130.61240263382497,0.0,0.0,32.554061568094358,38.591686907359399,575.4995966850785,0.0,0.0,253.34233047374034,300.9728283802937,4318.818126267429,0.0,0.0,11.49114787814259,13.663175254394464,191.51832198243916,0.0,0.0,182.97297692447965,218.4628553021908,2616.4779817727055,34.274635964713429,23.507980771408385,220.43056101968683,260.9942154218845,4781.545009320491,0.0,0.0,185.32910728959403,222.2777794481057,2180.812280288564,621.7136676261175,21.167201837553884,41.229411519847818,21.333333333333326,29.99999999999999,0.0,20.502819180639045,42.84306676244702,15.999999999999993,29.99999999999999,977.8963876278414,21.57364340406256,40.26990328011424,21.333333333333326,29.99999999999999,0.0,20.473603104926583,49.8634901828398,18.999999999999994,29.99999999999999,0.0,16.768632433401778,53.282004830151638,11.999999999999995,29.99999999999999,0.0,18.573999918785128,48.07431345395397,15.999999999999993,29.99999999999999,0.0,18.23411785233362,49.013761507632157,9.999999999999997,29.99999999999999,0.0,18.032251252650796,49.542535969748239,15.999999999999993,29.99999999999999,0.0,16.826848281623506,53.44726589653358,11.999999999999995,29.99999999999999,0.0,19.154841431424587,0.0,0.0,0.0,15.523202724349217,0.0,0.0,572.4356926525434,574.295394969875,569.5886163248131,1013.5765364501771,595.8078170971726,616.6828958827301,591.2199305105136,609.5226248841414,596.0822955518573,8252.902199754775,82.54773468657457,84.93884716484101,131.99999999999995,0.0,131.99999999999995,131.99999999999995,16.0,19.0,16.0,12.0,16.0,12.0,21.0,10.0,1.0,0.0,621.7136676261175,0.0,977.8963876278414,0.0,0.0,0.0,0.0,0.0,3618.552162631361,2171131.2975788179,2823599.895955377,82.54773468657457,84.97945619267063,0.347285072087712,0.7700881715547767,0.36028137401965945,84.97945619267063,0.35426478194388735,2823599.895955377,0.15124186125634629 
 04/05  08:40:00,9.903333333333333,87.66666666666667,5.583333333333334,60.5,6.166666666666667,0.0,0.0,1.0,2.0,0.0,0.0,0.0,0.0,0.0,0.0,8730.0,0.0,88.4286127643801,21.64008653829568,55.45196135784822,2.6515522679010146,70.57462316446612,0.0,21.64008653829567,29.583638935687476,0.0,0.0,20.972358341136805,-1472.8360222812056,19.959357262626989,542.4587616955482,20.82765701938275,-968.0449776782018,19.982185028553809,391.4025638539001,16.735277723841116,17.931495132870717,19.140735772848826,-70.98071165157502,17.939729361813734,62.38457430203915,18.49169476655934,-99.3904426945899,17.08887582610015,-360.09984592428148,792.9108128588863,1084.3389959396803,0.0,0.0,0.0,0.0,0.0,0.0,0.0,0.0,0.0,0.0,0.0,0.0,0.0,0.0,0.0,0.0,0.0,0.0,0.0,0.0,0.0,0.0,0.9161947556968721,0.2796687288451997,438.91684241512646,515.9321632005667,10219.775223323977,0.24943515965903063,0.03807007931303895,300.87369830802228,354.9596036482504,6398.228901407609,0.8330478893427247,0.15741645679189848,331.6836971834538,389.89088689597147,7664.777686915431,0.23984590668833848,0.04532235576121295,286.0833397300999,337.3961616868918,6060.398211236805,0.0,0.0,10.611564551986982,12.68504767235221,147.2519116590795,0.0,0.0,16.604635468853375,19.649378513794056,324.03249954714115,0.0,0.0,244.54491387256258,290.8760508432514,4069.0675620665,0.0,0.0,26.781314870978226,31.66809127145734,519.7540198805564,0.0,0.0,194.43644781229305,232.4956038151754,2648.366893423761,34.70599893196433,23.803840145380258,580.8345907437769,686.760495483995,12203.226073287278,0.0,0.0,196.11047008931588,235.31967790409758,2280.0645547695264,1849.6425256546739,21.63331690681562,41.23899512385165,22.000000000000047,30.000000000000065,0.0,20.58365796155104,43.73825213473173,16.000000000000033,30.000000000000065,1242.8713500036757,21.42812465940201,41.8294685227239,21.333333333333376,30.000000000000065,0.0,20.531386721100714,44.489716307351489,16.000000000000033,30.000000000000065,0.0,16.76787027527406,53.5685793000127,12.000000000000029,30.000000000000065,1080.9314866355285,19.655347182478086,46.076525318730819,19.77777777777782,30.000000000000065,0.0,18.178837563331688,49.84795291278601,10.000000000000022,30.000000000000065,1325.4150768388795,19.373596089321035,46.440648470084109,20.700000000000047,30.000000000000065,0.0,16.640074091442345,54.476588840153187,12.000000000000029,30.000000000000065,0.0,19.842530154246988,0.0,0.0,0.0,15.609544966148358,0.0,0.0,636.9577535837835,628.327367257427,639.4987072434551,664.7390750083376,597.2812366608272,685.6459280344182,608.9382108319064,655.4673510432738,601.0528377152258,10218.764207112752,81.24800360967162,84.40223590986914,60.00000000000013,0.0,60.00000000000013,60.00000000000013,16.0,16.0,19.0,12.0,19.7,12.0,21.0,10.0,1.0,0.0,1849.6425256546739,0.0,1242.8713500036757,0.0,1080.9314866355285,0.0,1325.4150768388795,0.0,4773.453862498167,2864072.3174988946,3725064.123060647,81.24800360967162,84.4558052456591,0.34800401763882829,0.7672470396633441,0.36028137401966039,84.4558052456591,0.3542647819438883,3725064.123060647,0.19570333439915367 
 04/05  08:50:00,10.051666666666666,87.33333333333333,5.706666666666667,62.0,5.333333333333334,0.0,0.0,1.0,2.0,0.0,0.0,0.0,0.0,0.0,0.0,3880.0,0.0,90.64960600849679,22.16921052781364,56.80782071628615,2.718148883492052,72.3471874206802,0.0,22.16921052781363,30.30699154476362,0.0,0.0,21.017909982565887,-1664.3693555274513,20.074008643781985,460.7978889320052,20.52396981654357,-311.438777587814,20.04289593649974,222.57270385709217,16.7307831424635,18.398609892284726,19.15068600587854,-73.98651582477263,17.89493260133861,52.09342062250653,19.076528987672295,-213.9602955871439,16.98835891452373,-258.30655405723499,833.9939319040468,1116.3437552994047,0.0,0.0,0.0,0.0,0.0,0.0,0.0,0.0,0.0,0.0,0.0,0.0,0.0,0.0,0.0,0.0,0.0,0.0,0.0,0.0,0.0,0.0,0.878132389210378,0.26805017985664777,453.9019492965974,533.0485951474583,10448.940749219319,0.22686091891406447,0.034624682373941468,277.98241110146656,327.5744743585524,5920.909729498075,0.8665858728216496,0.1637539442217781,258.261516901613,303.9576836138835,5719.600316631464,0.2349574903167523,0.04439861872954502,262.7201137842802,309.75349107949537,5531.462655829297,0.0,0.0,10.672979141886435,12.749353675776153,144.92292689366907,0.0,0.0,16.80570416884187,19.870267746421843,322.551859368823,0.0,0.0,248.4093798586948,295.3419350977407,4021.046672693666,0.0,0.0,41.39431613191573,48.8113448138692,853.6417830812844,0.0,0.0,204.3774206948733,244.29658021920623,2684.838101204782,34.93803457331067,23.962986675796075,534.6227118569309,631.909384940271,11152.685870012278,0.0,0.0,207.74840925561697,248.87970919632839,2465.8633081536688,1835.3847886537233,21.642813348557995,41.25740497540029,22.0,30.0,0.0,20.754510716714326,43.55642229694127,16.0,30.0,36.426252528688539,21.14023174529756,42.572261102090568,21.0,30.0,0.0,20.616940216015555,43.923591121945488,16.0,30.0,0.0,16.767539054691889,54.03380038849648,12.0,30.0,0.0,19.64555100804769,48.00339968181109,19.0,30.0,0.0,18.098542391953047,50.450027295887398,10.0,30.0,492.4933602922677,20.40773415437024,44.442617702338029,20.2,30.0,0.0,16.543284516019264,55.401415232963298,12.0,30.0,0.0,19.872957819269055,0.0,0.0,0.0,15.886329170454946,0.0,0.0,631.8872805688924,637.1816086720744,634.084129665992,636.5453831905477,604.547192314939,793.0401717378059,619.4078275858843,680.2530363143796,619.3364394012302,10209.519081255581,81.25412529253413,84.75642175647769,60.0,0.0,60.0,60.0,16.0,16.0,19.0,12.0,19.7,12.0,21.0,10.0,1.0,0.0,1835.3847886537233,0.0,36.426252528688539,0.0,0.0,0.0,492.4933602922677,0.0,5300.270387525596,3180162.2325153576,4116676.2195777737,81.25412529253413,84.8159023772618,0.34667567958418657,0.7695475227020228,0.36028137401965956,84.8159023772618,0.3542647819438875,4116676.2195777737,0.2160471634180442 
 04/05  09:00:00,10.2,87.0,5.83,63.5,4.5,0.0,0.0,1.0,2.0,0.0,0.0,0.0,0.0,0.0,0.0,3880.0,0.0,92.95290034928833,22.6969741805888,58.1601940197072,2.787213214818715,74.18543484120402,0.0,22.69697418058879,31.028484470378765,0.0,0.0,21.019422749617946,-678.0971829244827,20.12687575555829,429.3986194233876,21.06809255883416,-1915.9128593070528,20.17989897326717,613.0418123447298,16.725230690253949,17.89832178193133,18.985287507762356,-64.76699347851678,17.871624383630889,49.369078268459819,19.054240997127509,-195.6827282785684,16.954978587379416,-233.84993523911249,883.732889142867,1046.8081889548308,0.0,0.0,0.0,0.0,0.0,0.0,0.0,0.0,0.0,0.0,0.0,0.0,0.0,0.0,0.0,0.0,0.0,0.0,0.0,0.0,0.0,0.0,0.8785192042867258,0.2681682552767784,359.3991631498574,422.29203484684617,8138.152954568431,0.2444963225503467,0.03731628854553521,283.3065662475022,333.7741210946788,5988.836515137664,0.64477161053621,0.12183892867275326,491.63107562661619,576.8441187418835,11455.367982639,0.2416788324628226,0.045668713617313397,350.3728052351768,412.6689089973617,7453.931837294332,0.0,0.0,10.587225802725982,12.646632195664802,140.5305118600274,0.0,0.0,16.605987242154506,19.650196427180256,304.64624078772536,0.0,0.0,244.26316374092304,290.4173163221724,3867.5932428186908,0.0,0.0,40.27232592271663,47.49807966418566,812.0074327201063,0.0,0.0,201.04243184005106,240.28108758483885,2581.2198513054975,35.38406462942884,24.268905781501269,630.3042109420898,744.5132336170113,13056.70652740732,0.0,0.0,204.35804268824163,244.77196880333035,2373.7164190882579,827.0780695831802,21.56666512202081,41.441933952854828,21.5,30.0,0.0,20.816571862002026,43.42200121136224,16.0,30.0,2810.546470855041,21.956786289545137,40.48372478850315,22.0,30.0,0.0,20.90323081044587,43.163872520316107,16.0,30.0,0.0,16.764437449225669,54.53548520512811,12.0,30.0,0.0,19.36012038422661,50.1999816998289,19.0,30.0,0.0,18.06918804965955,51.07637725755981,10.0,30.0,875.122286403865,20.271858832525319,45.37560285066464,20.45,30.0,0.0,16.54396523599743,56.169431529015138,12.0,30.0,0.0,20.05105812438122,0.0,0.0,0.0,15.909827217320214,0.0,0.0,617.9749563972023,624.6823929232365,614.8813038028843,619.0936479634946,614.5992617509959,858.8331325636642,631.1811148790243,694.7619202623841,639.2191417155038,8650.626181154454,82.28490394603064,84.04567940906634,60.0,0.0,60.0,60.0,16.0,16.0,19.0,12.0,19.7,12.0,21.0,10.0,1.0,0.0,827.0780695831802,0.0,2810.546470855041,0.0,0.0,0.0,875.122286403865,0.0,2664.6920245517028,1598815.2147310216,2074762.0783923127,82.28490394603064,84.07558322180206,0.3438230674850568,0.768806035144282,0.36028137401965956,84.07558322180206,0.3542647819438875,2074762.0783923127,0.10984762807640027 
 04/05  09:10:00,10.361666666666667,86.66666666666667,5.693333333333333,65.0,3.6666666666666667,0.0,0.0,0.0,0.0,0.0,0.0,0.0,0.0,0.0,0.0,5820.0,0.0,95.27427929481238,23.22333756915789,59.508978968673307,2.8568197659990717,76.03811497588635,0.0,23.22333756915788,31.74806312866353,0.0,0.0,20.395682539082075,-118.36395962491783,20.0516635177723,89.73892676691018,20.490193887003906,-639.608899999807,20.18671156336835,58.06154843591369,16.717778714815429,15.0326832758197,18.76411782761419,-149.8426779033344,17.83074782481283,37.91161264160868,18.804858363154705,-159.71328927724793,16.931777294193297,-198.17536226744168,591.2509311360536,979.4999248949156,0.0,0.0,0.0,0.0,0.0,0.0,0.0,0.0,0.0,0.0,0.0,0.0,0.0,0.0,0.0,0.0,0.0,0.0,0.0,0.0,0.0,0.0,0.8530703145558036,0.260399973918133,206.05556260039868,243.06083855283738,4299.627933144305,0.18767457944180353,0.02864386133116659,145.55968647657606,171.85030808964934,2990.6512080883665,0.7015168718429905,0.132561767166098,247.40768033254978,291.73931718099166,5290.7973753828159,0.15920116334011054,0.030083364198811505,122.11992415391119,144.21874994205755,2571.4096441940107,0.0,0.0,9.390029880266706,11.222850184695084,121.44970765069283,0.0,0.0,67.87129881092894,80.48043980737069,1174.8204754963377,0.0,0.0,286.29244342867107,340.6387257608123,4405.313412056867,0.0,0.0,40.003156919092528,47.306400025729818,757.8390489656763,0.0,0.0,195.73865933356886,234.0698152016599,2452.4358087373377,34.23154367950809,23.478425020238757,260.94450590457259,309.29621188236129,5460.406990129181,0.0,0.0,199.1037857920839,238.57843864226764,2266.2137268045596,0.0,20.744040923090489,43.66638726265972,21.833333333333326,30.0,0.0,20.62400932718173,43.977074399491,15.999999999999999,30.0,0.0,20.919988027482984,43.238557620245469,21.499999999999994,30.0,0.0,20.80988583423843,43.44824516119815,15.999999999999999,30.0,0.0,16.757425358574645,55.044265224420168,11.999999999999997,30.0,0.0,18.985339658884745,49.69472118548454,15.999999999999999,30.0,0.0,18.00592929211651,51.92093066350106,9.999999999999999,30.0,0.0,19.807648701508155,46.41146825950993,11.999999999999997,30.0,0.0,16.552403121336199,56.64208900319977,11.999999999999997,30.0,0.0,19.247622542963059,0.0,0.0,0.0,15.956339486110057,0.0,0.0,610.885651299256,619.7730030883489,600.9450804498545,614.9278484432576,627.5619574868572,730.0863121458368,662.8671203003755,666.5729928381176,655.6322927021954,0.0,84.6354183213229,84.6354183213229,60.0,0.0,60.0,60.0,16.0,16.0,16.0,12.0,12.0,12.0,21.0,10.0,0.0,0.0,0.0,0.0,0.0,0.0,0.0,0.0,0.0,0.0,0.0,0.0,0.0,84.6354183213229,84.6354183213229,0.0,0.0,0.0,84.6354183213229,0.0,0.0,0.0019400000000000006 
 04/05  09:20:00,10.523333333333334,86.33333333333334,5.556666666666667,66.5,2.833333333333333,0.0,0.0,0.0,0.0,0.0,0.0,0.0,0.0,0.0,0.0,2910.0,0.0,97.55042833493532,23.748296270730135,60.854164243399619,2.925070086736519,77.8546972377309,0.0,23.748296270730124,32.4657214733276,0.0,0.0,20.01263943479828,-74.00904603623437,19.82556427953824,-84.93158913526936,20.020247586768705,-220.52402488587479,19.870543144900926,-119.2473643433924,16.7061356628285,12.057387788714662,18.550082289047784,-99.7607118296765,17.747182362244506,8.40810415641075,18.230344093326467,-71.78533552763497,16.915083763154685,-206.60410528671884,545.5925699073904,862.5349574630523,0.0,0.0,0.0,0.0,0.0,0.0,0.0,0.0,0.0,0.0,0.0,0.0,0.0,0.0,0.0,0.0,0.0,0.0,0.0,0.0,0.0,0.0,0.7700803022307495,0.23506724732318358,144.22356684659057,170.21882986579983,2786.938073733817,0.147601880188871,0.022527759491585927,81.53744333698127,96.26600100103625,1579.0580410938663,0.7103971188738673,0.13423981838130526,169.95178272900487,200.6330314562909,3281.95004369699,0.1350484017093641,0.025519350285216188,96.19015270815174,113.50756197713366,1860.0313492608084,0.0,0.0,8.463951385232744,10.107150190997466,106.48653670357686,0.0,0.0,59.571343183431498,70.6694693556315,970.7247013653254,0.0,0.0,266.51480856415199,316.9938373540323,3939.919734824586,0.0,0.0,30.55816508089235,36.244453561035289,507.1395894296886,0.0,0.0,182.64027063971086,218.2188120375759,2229.955399807969,33.087734892103679,22.693919679083458,174.90469949031084,207.39565275298834,3449.9630207223956,0.0,0.0,184.78880592969723,221.34507313615434,1993.3866090210709,0.0,20.154019155266754,45.34353456482205,21.999999999999994,29.999999999999998,0.0,20.188725853195935,45.27622277827791,15.999999999999997,29.999999999999998,0.0,20.15471519653455,45.414859828526598,21.999999999999994,29.999999999999998,0.0,20.212254295180594,45.19141380007344,15.999999999999997,29.999999999999998,0.0,16.74254142050677,55.535653587089999,11.999999999999997,29.999999999999998,0.0,18.63407091879637,49.992431337321267,15.999999999999997,29.999999999999998,0.0,17.861521392451995,52.370540051317849,9.999999999999999,29.999999999999998,0.0,18.761232987018439,49.47345642226092,11.999999999999997,29.999999999999998,0.0,16.554233347635916,56.87192732965141,11.999999999999997,29.999999999999998,0.0,18.795090128997914,0.0,0.0,0.0,15.818280887395109,0.0,0.0,609.555089872437,604.0871046814842,587.9097072188675,604.5170853059327,640.4585412155863,667.2534797937441,653.2699106716779,657.9330803028252,661.5358663868457,0.0,84.6354183213229,84.6354183213229,59.99999999999999,0.0,59.99999999999999,59.99999999999999,16.0,16.0,16.0,12.0,12.0,12.0,21.0,10.0,0.0,0.0,0.0,0.0,0.0,0.0,0.0,0.0,0.0,0.0,0.0,0.0,0.0,84.6354183213229,84.6354183213229,0.0,0.0,0.0,84.6354183213229,0.0,0.0,0.0018933333333333335 
 04/05  09:30:00,10.684999999999999,86.0,5.42,68.0,2.0,0.0,0.0,0.0,0.0,0.0,0.0,0.0,0.0,0.0,0.0,4850.0,0.0,99.7256817562709,24.27185646558853,62.195765694764649,2.9902950720073409,79.59075546099851,0.0,24.27185646558852,33.1814679532864,0.0,0.0,19.752134543243416,-113.07922207951143,19.618302576909337,-119.0480864302834,19.7856817987931,-173.86919605906133,19.640609936212493,-109.59283003783603,16.692721570548494,8.904232907202357,18.42331107609228,-86.56821595784831,17.668920546010747,-13.18311900349363,17.928503412484625,-39.33036440250419,16.878498369032834,-234.3636699304612,263.4208831398612,741.972739107161,0.0,0.0,0.0,0.0,0.0,0.0,0.0,0.0,0.0,0.0,0.0,0.0,0.0,0.0,0.0,0.0,0.0,0.0,0.0,0.0,0.0,0.0,0.6856585582365293,0.20929748419918479,88.64011358021033,104.77969263876867,1621.5138500950416,0.12583034444356579,0.019204875525574758,31.499388154176736,37.25644266161619,576.3452773569502,0.645678511065685,0.1220103006548914,71.55524490866819,84.60374463955864,1315.4974922604268,0.12436508435385871,0.02350058283330663,50.372455467717518,59.56498900324672,921.7985368577998,0.0,0.0,7.749882848078285,9.261107239940176,94.71438373621534,0.0,0.0,54.52500876281957,64.76738984230612,850.8204221332724,0.0,0.0,249.045957029195,296.55686192628607,3537.9961952159594,0.0,0.0,21.69089684470163,25.78696954163582,330.8749349070048,0.0,0.0,168.16026808179806,201.08537201851756,1985.7610003522489,31.907457500350284,21.884401577743686,75.53066611656547,89.79000234231944,1594.2894619145369,0.0,0.0,168.9097783830791,202.57225459602538,1716.8802641393,0.0,19.786583597191429,46.526937569383438,22.0,30.0,0.0,19.82610909013661,46.49799966096593,16.0,30.0,0.0,19.825129303289456,46.61410214717416,22.0,30.0,0.0,19.830974172984399,46.38030409967862,16.0,30.0,0.0,16.72575014645586,55.81428357828058,12.000000000000002,30.0,0.0,18.449055208994897,50.493580641771689,16.0,30.0,0.0,17.73419641351169,52.81207188836482,10.0,30.0,0.0,18.260430544510077,51.06657648122028,12.000000000000002,30.0,0.0,16.51655125725883,57.03051408010337,12.000000000000002,30.0,0.0,17.949380478483559,0.0,0.0,0.0,15.67284104341416,0.0,0.0,596.6849335481086,577.7395194839369,561.7123050307347,595.0578121467598,644.0437182501249,653.4735984985443,643.0495323509725,654.4008841718921,653.8344900421419,0.0,84.63541832132292,84.63541832132292,60.0,0.0,60.0,60.0,16.0,16.0,16.0,12.0,12.0,12.0,21.0,10.0,0.0,0.0,0.0,0.0,0.0,0.0,0.0,0.0,0.0,0.0,0.0,0.0,0.0,84.63541832132292,84.63541832132292,0.0,0.0,0.0,84.63541832132292,0.0,0.0,0.0018466666666666667 
 04/05  09:40:00,10.846666666666668,85.66666666666667,5.283333333333333,72.5,1.6666666666666668,0.0,0.0,0.0,0.0,0.0,0.0,0.0,0.0,0.0,0.0,1940.0,0.0,106.44365045941065,25.8952563826765,66.35566803845423,3.1917344186571086,84.95234177088149,0.0,25.895256382676487,35.400778717611007,0.0,0.0,19.541916370664766,-39.47499099871198,19.431622961899245,-91.03245588155228,19.57464973657215,-166.116202721948,19.469012520954359,-47.6392104505362,16.677148229809175,7.962240562147318,18.317077013038757,-75.30417890696586,17.59731681164321,-7.528146629226283,17.692063406944415,-22.719506006414187,16.83444692664631,-223.67173359471287,161.65221256132558,695.357612532094,0.0,0.0,0.0,0.0,0.0,0.0,0.0,0.0,0.0,0.0,0.0,0.0,0.0,0.0,0.0,0.0,0.0,0.0,0.0,0.0,0.0,0.0,0.6320272996944599,0.19292652615826015,95.6097487768985,113.04662407404214,1668.6061116730635,0.12003972022580697,0.018321080620544419,29.86720391128606,35.36391096507112,519.9055660945513,0.5946305975442896,0.11236405849287415,52.26130968314678,61.74362965834847,916.2402605284605,0.11495573405777551,0.021722549897538837,7.782723149349599,9.194952591074378,137.50834591986956,0.0,0.0,7.451966831615531,8.891498142304306,88.37607057889027,0.0,0.0,52.96332737666881,62.84689449535362,793.4895040378107,0.0,0.0,242.80996834940627,288.7783493083511,3319.8064132538549,0.0,0.0,18.724285968744899,22.25335765071553,265.8362546245819,0.0,0.0,163.50359619693524,195.239202737247,1861.316021606348,31.0176160788055,21.2740851020614,41.254142332286907,49.107535531041637,997.4384938443379,0.0,0.0,163.67216900021317,195.99870914993688,1599.8644469026206,0.0,19.512721486982288,47.500529567622937,22.000000000000008,30.00000000000001,0.0,19.50880049252396,47.66000293369664,16.000000000000008,30.00000000000001,0.0,19.52294570515383,47.7128402266796,22.000000000000008,30.00000000000001,0.0,19.561196123347039,47.2395115995619,16.000000000000008,30.00000000000001,0.0,16.70578248266645,56.06210596665346,12.000000000000004,30.00000000000001,0.0,18.294377631557937,50.987844831413628,16.000000000000008,30.00000000000001,0.0,17.6259861713848,53.20435348226287,10.000000000000004,30.00000000000001,0.0,17.888966488050984,52.29167978713727,12.000000000000004,30.00000000000001,0.0,16.465274308762255,57.225949308575319,12.000000000000004,30.00000000000001,0.0,17.62515274474285,0.0,0.0,0.0,15.640631596213057,0.0,0.0,575.8931164503192,553.6509744279765,546.6286463687527,597.148536207482,643.8929309632988,644.2759878631853,635.5277343080734,648.3937905928618,646.8635884912453,0.0,84.63541832132295,84.63541832132295,60.00000000000002,0.0,60.00000000000002,60.00000000000002,16.0,16.0,16.0,12.0,12.0,12.0,21.0,10.0,0.0,0.0,0.0,0.0,0.0,0.0,0.0,0.0,0.0,0.0,0.0,0.0,0.0,84.63541832132295,84.63541832132295,0.0,0.0,0.0,84.63541832132295,0.0,0.0,0.0018 
 04/05  09:50:00,11.008333333333333,85.33333333333334,5.1466666666666669,77.0,1.3333333333333335,0.0,0.0,0.0,0.0,0.0,0.0,0.0,0.0,0.0,0.0,1940.0,0.0,113.11211920428848,27.520791357490095,70.52104126050135,3.3916895223893328,90.27442257449002,0.0,27.520791357490084,37.623008267715409,0.0,0.0,19.307908080477846,-158.4269700773957,19.206923985831339,-264.4676079055853,19.2658767891635,-293.2128431053957,19.314656455272109,-170.96885541956795,16.661985014119673,5.791070431967441,18.24060637383674,-81.57440250066225,17.51389314384201,-25.34221046022003,17.543527667939345,-16.35511057470083,16.80316832400966,-220.89095258206408,405.485692193487,603.4642087297389,0.0,0.0,0.0,0.0,0.0,0.0,0.0,0.0,0.0,0.0,0.0,0.0,0.0,0.0,0.0,0.0,0.0,0.0,0.0,0.0,0.0,0.0,0.5898162788747783,0.18004159916812524,293.3365891741067,347.05273401785805,4805.187321135754,0.10189605937040503,0.01555190161330968,122.15549927273969,144.60758195803806,1980.214008418459,0.5313269694334463,0.10040192166164899,278.40119747254689,329.2487683958102,4488.880822140269,0.07975331601594349,0.015070543464841926,142.8372012903082,168.71992287646078,2355.0637870644206,0.0,0.0,7.000364575983792,8.352157208775204,80.48851969816276,0.0,0.0,52.09142458505525,61.826745150914238,752.8623161282021,0.0,0.0,229.05346346089977,272.53480031901816,2996.768433767454,0.0,0.0,14.568220032202893,17.320499851672574,195.95878509238944,0.0,0.0,151.42720263195936,180.84617348722899,1665.6808442103396,30.04396569055264,20.60628648186053,380.2597470783377,450.7209449826473,6132.219241614928,0.0,0.0,150.79696840952153,180.64437300488624,1397.7289566214514,0.0,19.166269231434755,48.860452927602029,22.0,30.0,0.0,19.108051943341395,49.63910338976239,16.0,30.0,0.0,19.01834015765287,49.83125964569835,22.0,30.0,0.0,19.310778814106386,48.392232264803997,16.0,30.0,0.0,16.68756305484683,56.25235686213367,12.0,30.0,0.0,18.190588010818148,51.40691155585027,16.0,30.0,0.0,17.491335821667265,53.81286988751583,10.0,30.0,0.0,17.68118519915452,53.02799780551083,12.0,30.0,0.0,16.43581416002914,57.40400394553237,12.0,30.0,0.0,18.47230572787319,0.0,0.0,0.0,15.55076518594882,0.0,0.0,553.7975860428348,502.29592347565429,512.1903479227011,558.9874005207726,639.004710267585,629.3261702903315,615.3423516229424,639.2125010647808,631.7172395691164,0.0,84.63541832132292,84.63541832132292,60.0,0.0,60.0,60.0,16.0,16.0,16.0,12.0,12.0,12.0,21.0,10.0,0.0,0.0,0.0,0.0,0.0,0.0,0.0,0.0,0.0,0.0,0.0,0.0,0.0,84.63541832132292,84.63541832132292,0.0,0.0,0.0,84.63541832132292,0.0,0.0,0.0017933333333333335 
 04/05  10:00:00,11.17,85.0,5.01,81.5,1.0,0.0,0.0,0.0,0.0,0.0,0.0,0.0,0.0,0.0,0.0,1940.0,0.0,119.71858207630301,29.148341158158215,74.69157727989227,3.5897854008743934,95.54701705027544,0.0,29.1483411581582,39.84799223751647,0.0,0.0,19.13896151051648,-27.990734899189648,19.14448663671974,-122.67139246444322,19.25955694747106,-89.38278042141315,19.157819821504284,-110.10136289064275,16.646879867613025,5.032751642210329,18.174507505035409,-80.34923278779104,17.46439379692143,-31.757167017190115,17.428530519334936,-12.673449954530554,16.776009704706984,-216.7918119452156,196.8841091124077,560.3915629443054,0.0,0.0,0.0,0.0,0.0,0.0,0.0,0.0,0.0,0.0,0.0,0.0,0.0,0.0,0.0,0.0,0.0,0.0,0.0,0.0,0.0,0.0,0.5210273756005769,0.15904376544584154,142.52952435251587,168.63523412910917,2237.7178127672684,0.09658915820161394,0.014741935012456343,53.67346249066294,63.42863750693288,845.9858392002699,0.4655235912139168,0.08796742086430781,75.95559804381336,89.89371675820515,1215.520819030458,0.08757738916438256,0.016549015337184906,36.70564932462343,43.34507431248841,579.1957417059693,0.0,0.0,6.805706864435549,8.121595074639704,75.80528147249005,0.0,0.0,51.918324078987968,61.65036051099961,724.8355217417507,0.0,0.0,223.25398257713403,265.702385222162,2821.7476441819355,0.0,0.0,13.126462917634808,15.617153151882154,168.45946845073619,0.0,0.0,146.41031369933143,174.86250459965653,1555.945433175185,29.168079417947774,20.00554143892166,88.5186459994417,105.09311252109488,1586.55461536768,0.0,0.0,145.33429300243047,174.1031181360602,1294.7865669218127,0.0,18.980449394965839,49.94391684790665,22.0,30.0,0.0,19.058293475869776,49.49975399351979,16.0,30.0,0.0,19.121588701368134,49.18301351831836,22.0,30.0,0.0,19.082911747153707,49.3380089977323,16.0,30.0,0.0,16.670431923120636,56.44434558405564,12.0,30.0,0.0,18.10377051788616,51.808605695289319,16.0,30.0,0.0,17.43078704868301,54.2256590246048,10.0,30.0,0.0,17.5298348349339,53.62447914333764,12.0,30.0,0.0,16.412342462393327,57.626296501354079,12.0,30.0,0.0,17.871123938598108,0.0,0.0,0.0,15.534484068953582,0.0,0.0,516.4297159532815,532.5292809570824,544.5187166095103,542.6689270914801,630.5362340623492,613.2916911173941,595.3449562632882,626.557817250151,615.424077541029,0.0,84.63541832132292,84.63541832132292,60.0,0.0,60.0,60.0,16.0,16.0,16.0,12.0,12.0,12.0,21.0,10.0,0.0,0.0,0.0,0.0,0.0,0.0,0.0,0.0,0.0,0.0,0.0,0.0,0.0,84.63541832132292,84.63541832132292,0.0,0.0,0.0,84.63541832132292,0.0,0.0,0.0017866666666666665 
 04/05  10:10:00,11.331666666666667,85.00000000000002,5.318333333333333,86.0,0.6666666666666665,0.0,0.0,0.0,0.0,0.0,0.0,0.0,0.0,0.0,0.0,1940.0,0.0,126.25521420965566,30.7777810935497,78.86695658929969,3.785787430608966,100.76388027028134,0.0,30.777781093549686,42.075560164784487,0.0,0.0,19.055242947630327,-58.02022809934624,19.05373799002421,-108.06908281416668,19.15957609646806,-219.24305364361045,19.035977531834914,-101.9410753423549,16.63233989688779,4.918711152526498,18.1219445493193,-75.23930576789087,17.421767007034189,-22.564867605778546,17.336903612432587,-9.549527508749947,16.753152182257517,-204.16405450936146,300.5500011735721,533.1762518674641,0.0,0.0,0.0,0.0,0.0,0.0,0.0,0.0,0.0,0.0,0.0,0.0,0.0,0.0,0.0,0.0,0.0,0.0,0.0,0.0,0.0,0.0,0.44559145443159367,0.13601692748217143,158.02435213101746,187.06665320417745,2405.264054221857,0.07880033681219992,0.012026913432875446,64.4775214409951,76.39899848581719,982.3391914107622,0.4212690604140673,0.07960488669955923,234.38783802718917,277.3790578829477,3605.3801210671497,0.08357606352365865,0.01579290693946686,133.54626380088554,158.0929490405896,2026.6125504764985,0.0,0.0,6.729874039281375,8.031032086372547,72.55791125589228,0.0,0.0,50.78847379093974,60.316045240260638,686.3935404529026,0.0,0.0,220.2467174447708,262.1582192984571,2690.7477383926004,0.0,0.0,11.58799378236385,13.791049261614992,142.35849050710272,0.0,0.0,143.90495596125016,171.87267986096806,1477.6829179878078,29.9321589723777,20.529601489970994,235.1985339298956,279.0819413479414,3643.6435751114524,0.0,0.0,142.68276222387937,170.90957666622598,1230.6141857532664,0.0,18.909738077329466,49.94200715610566,22.0,30.0,0.0,18.93092863881951,50.25256699876462,16.0,30.0,0.0,19.006748657188618,50.001483621377229,22.0,30.0,0.0,18.903251202671549,50.03148778597681,16.0,30.0,0.0,16.65498998752032,56.627268757432748,12.0,30.0,0.0,18.042034253080439,52.12456645215491,16.0,30.0,0.0,17.381716180264776,54.498851523925939,10.0,30.0,0.0,17.416739981465299,54.10285353616144,12.0,30.0,0.0,16.39608925881614,57.91125487248777,12.0,30.0,0.0,18.184239659888236,0.0,0.0,0.0,15.556371379685757,0.0,0.0,542.4488020602212,514.6754542509278,513.6899112211793,538.3638167000935,620.450718081227,599.5975894045091,585.6501954965286,614.3685144733154,595.1800628912704,0.0,84.63541832132292,84.63541832132292,60.0,0.0,60.0,60.0,16.0,16.0,16.0,12.0,12.0,12.0,21.0,10.0,0.0,0.0,0.0,0.0,0.0,0.0,0.0,0.0,0.0,0.0,0.0,0.0,0.0,84.63541832132292,84.63541832132292,0.0,0.0,0.0,84.63541832132292,0.0,0.0,0.0017800000000000002 
 04/05  10:20:00,11.493333333333334,85.0,5.626666666666667,90.5,0.33333333333333328,0.0,0.0,0.0,0.0,0.0,0.0,0.0,0.0,0.0,0.0,2910.0,0.0,132.71809929896814,32.408982159115897,83.04684862877451,3.979578184255413,105.92188668569901,0.0,32.40898215911588,44.30553569052097,0.0,0.0,18.980529393755526,-72.85977243701152,19.01913619468023,-93.6025510322365,19.03443417742719,-100.89800977300408,19.012096872253538,-70.02897686028513,16.618827464099988,4.926920533984086,18.080020971443003,-71.61432699369081,17.393904090356558,-19.011582330618688,17.264073893083336,-7.645400632091344,16.736654466613119,-196.1824315644695,237.16624601856564,512.5662305530163,0.0,0.0,0.0,0.0,0.0,0.0,0.0,0.0,0.0,0.0,0.0,0.0,0.0,0.0,0.0,0.0,0.0,0.0,0.0,0.0,0.0,0.0,0.3869321377397674,0.11811115315621713,129.16935319942295,153.0495753805387,1909.4648064934054,0.06469288993660073,0.009873762200335883,51.44811493448467,60.8815217442349,762.5997098866902,0.36347322850078886,0.0686835276834446,112.34267161108613,133.3198711794517,1659.3384224858583,0.07028038612225375,0.013280496243812112,62.98876797076399,74.76984365586141,936.8809339407713,0.0,0.0,6.717368330549805,8.02344243927617,70.04658935805965,0.0,0.0,50.27173866842462,59.7647815611116,658.5105614845426,0.0,0.0,218.53697402294183,260.367340693398,2588.133134028445,0.0,0.0,10.900480330766325,12.990080723333826,128.58308102888146,0.0,0.0,142.3638407170646,170.184980991767,1413.0599048003479,30.798024853863706,21.12347383666921,135.4598282301444,161.10861948058659,2161.6722909153065,0.0,0.0,141.18991069266668,169.24839538088356,1180.2232533916845,0.0,18.85044333275772,50.42378622697528,21.999999999999994,29.99999999999999,0.0,18.9059797127896,50.568105642335087,15.999999999999993,29.99999999999999,0.0,18.856912042343884,50.62524617947571,21.999999999999994,29.99999999999999,0.0,18.90739801681082,50.165658339595399,15.999999999999993,29.99999999999999,0.0,16.641887352679754,56.78885123631706,11.999999999999995,29.99999999999999,0.0,17.996582787736125,52.39043241247924,15.999999999999993,29.99999999999999,0.0,17.35803546116372,54.676904829278999,9.999999999999997,29.99999999999999,0.0,17.33343608901801,54.48560105624982,11.999999999999995,29.99999999999999,0.0,16.388700117901878,57.97193105593516,11.999999999999995,29.99999999999999,0.0,17.959532694637049,0.0,0.0,0.0,15.58793675424693,0.0,0.0,525.099451424278,501.39225250044106,507.23468983146156,531.0416017602929,611.2519132050929,588.7362513294593,578.6422487523098,603.9431530708608,591.2256779481362,0.0,84.63541832132288,84.63541832132288,59.99999999999998,0.0,59.99999999999998,59.99999999999998,16.0,16.0,16.0,12.0,12.0,12.0,21.0,10.0,0.0,0.0,0.0,0.0,0.0,0.0,0.0,0.0,0.0,0.0,0.0,0.0,0.0,84.63541832132288,84.63541832132288,0.0,0.0,0.0,84.63541832132288,0.0,0.0,0.00177 
 04/05  10:30:00,11.655000000000002,85.0,5.9350000000000009,95.0,0.0,0.0,0.0,0.0,0.0,0.0,0.0,0.0,0.0,0.0,0.0,970.0,0.0,139.1382315182626,33.99435495283795,87.10930823973897,4.172087006857587,111.04577241451995,0.0,33.99435495283793,46.47286049418736,0.0,0.0,18.916176714823508,-32.940997758651068,18.93708765312568,-129.7220848914444,18.987725425734383,-114.00415060425235,18.988779280175789,-32.7149991643312,16.603051582460038,4.967861144309893,18.03700140569571,-68.03740354383877,17.366261590168159,-13.299633567339697,17.188211941458396,-5.651236787285086,16.723364552674867,-190.49289382214466,187.30070244141735,488.95802734142128,0.0,0.0,0.0,0.0,0.0,0.0,0.0,0.0,0.0,0.0,0.0,0.0,0.0,0.0,0.0,0.0,0.0,0.0,0.0,0.0,0.0,0.0,0.3195712529499463,0.09754922251219363,137.39994735974518,162.25471884804049,1974.3527430203586,0.0557981582752913,0.008516202422968758,69.53469237491614,82.11725430085382,993.76431179675,0.29159462457553989,0.055101025052067268,56.10089321353484,66.24065473182951,811.5764864888478,0.056223483893535059,0.010624241098551596,6.542557147565206,7.7244089070043089,95.80493816274117,0.0,0.0,6.720692671797452,7.998302942137362,67.69040676080111,0.0,0.0,49.91766688808747,59.13451645815972,632.8811005913639,0.0,0.0,216.37213828056148,256.8577118562997,2482.6933035090726,0.0,0.0,10.02843189441305,11.909416567664176,113.17569048109861,0.0,0.0,140.0809771870111,166.84134498414299,1344.336467726483,31.739283283725685,21.7690557501548,86.16960774453345,102.11543964157075,1442.6837580470213,0.0,0.0,138.94309001146224,165.9227561547341,1124.9534292501735,0.0,18.808748196261356,50.85309657121816,22.0,30.0,0.0,18.780107981398616,51.15961807913121,16.0,30.0,0.0,18.837134997219118,50.90646982302241,22.0,30.0,0.0,18.90231553483834,50.075509140059917,16.0,30.0,0.0,16.62434546835328,57.019847320215038,12.0,30.0,0.0,17.9445065662732,52.70554034509101,16.0,30.0,0.0,17.333020610584965,54.87935594704898,10.0,30.0,0.0,17.23749068854131,54.94170079594245,12.0,30.0,0.0,16.384975170955145,58.11771610220152,12.0,30.0,0.0,17.747566255765759,0.0,0.0,0.0,15.618263579257201,0.0,0.0,508.4392226118875,506.5292171278654,511.1318946669143,542.7129240139379,598.6495449573718,578.3558804192647,569.2221579467557,592.5351671365487,581.1456086825099,0.0,84.63541832132292,84.63541832132292,60.0,0.0,60.0,60.0,16.0,16.0,16.0,12.0,12.0,12.0,21.0,10.0,0.0,0.0,0.0,0.0,0.0,0.0,0.0,0.0,0.0,0.0,0.0,0.0,0.0,84.63541832132292,84.63541832132292,0.0,0.0,0.0,84.63541832132292,0.0,0.0,0.00176 
 04/05  10:40:00,11.816666666666667,85.0,6.243333333333333,99.33333333333333,5.833333333333332,0.0,0.0,0.0,0.0,0.0,0.0,0.0,0.0,0.0,0.0,1940.0,0.0,153.12906494050669,35.74176770088567,91.58701327839367,4.5916032945625,122.2117940894615,0.0,35.74176770088565,48.86170620043621,0.0,0.0,18.862603904725355,-35.75554193534437,18.9235840129975,-78.29603322870584,18.929916302552525,-157.91455753986453,18.941834378275766,-79.18582519649321,16.591726651964544,5.063722653478694,18.012791859451754,-65.79471267067393,17.347440557055444,-12.250128030253567,17.139471999651314,-4.767181380386434,16.716462540695426,-174.6851478659574,140.24975003549819,467.2102875387442,0.0,0.0,0.0,0.0,0.0,0.0,0.0,0.0,0.0,0.0,0.0,0.0,0.0,0.0,0.0,0.0,0.0,0.0,0.0,0.0,0.0,0.0,0.26747860697246697,0.081647926426272,102.06873850486019,120.78980511416805,1426.4110146815966,0.052366833918403399,0.00799249601929234,28.448998944802154,33.613439070808897,396.96273394512,0.2208587416073192,0.04173445608603918,80.99137647862051,95.84381610480753,1131.4377804781844,0.04063763492619074,0.007679069336014879,46.029934486679028,54.518120213381539,647.7215205498505,0.0,0.0,6.718364831004736,8.017225638804675,65.32174255261896,0.0,0.0,48.96850942919116,58.17133644206615,602.4402714768445,0.0,0.0,214.53472666495615,255.37010620701336,2386.052458727262,0.0,0.0,8.476974095741906,10.09673138736374,92.08015397074385,0.0,0.0,138.21052370699125,165.05127377919627,1282.6264613068698,32.776628574082298,22.48054086013876,65.70150866311686,77.9142640379618,1158.7339457633007,0.0,0.0,137.0336802827712,164.06237318452566,1073.9455841700895,0.0,18.774656031454084,50.88158458527333,22.000000000000008,30.00000000000001,0.0,18.787907522102367,51.47993313948466,16.000000000000008,30.00000000000001,0.0,18.790364454899199,51.57448237481,22.000000000000008,30.00000000000001,0.0,18.83723312643302,50.692417255311898,16.000000000000008,30.00000000000001,0.0,16.614977540310116,57.14538843540424,12.000000000000004,30.00000000000001,0.0,17.92122709656671,52.86988646594193,16.000000000000008,30.00000000000001,0.0,17.321938282658488,55.06863194145804,10.000000000000004,30.00000000000001,0.0,17.19005916647128,55.17025916824416,12.000000000000004,30.00000000000001,0.0,16.392021716557119,58.20134974299459,12.000000000000004,30.00000000000001,0.0,17.55550580688095,0.0,0.0,0.0,15.65400166740375,0.0,0.0,523.3982573308751,498.828732897357,501.1251775073648,524.5446730988891,591.7163064675152,571.0677416190799,561.7802483218178,587.0417721923434,574.2218029863665,0.0,84.63541832132295,84.63541832132295,60.00000000000002,0.0,60.00000000000002,60.00000000000002,16.0,16.0,16.0,12.0,12.0,12.0,21.0,10.0,0.0,0.0,0.0,0.0,0.0,0.0,0.0,0.0,0.0,0.0,0.0,0.0,0.0,84.63541832132295,84.63541832132295,0.0,0.0,0.0,84.63541832132295,0.0,0.0,0.0017499999999999999 
 04/05  10:50:00,11.978333333333334,85.0,6.551666666666667,103.66666666666666,11.666666666666665,0.0,0.0,0.0,0.0,0.0,0.0,0.0,0.0,0.0,0.0,970.0,0.0,181.65623722772924,37.351133594888157,95.71098180108402,5.4469841647143799,144.9791078333324,0.0,37.35113359488813,51.06183139121694,0.0,0.0,18.794892936186927,-39.04057615978945,18.877246469919684,-117.1602598664058,18.90967784945682,-11.682658567347517,18.869296515454854,-122.22575300475092,16.57958611082092,5.18968291491413,17.99374994154187,-63.484839909162477,17.331154479835694,-6.624207761028629,17.08383334398411,-3.647638676022666,16.713815866700789,-170.37889978866498,174.85322431769419,445.8202914792373,0.0,0.0,0.0,0.0,0.0,0.0,0.0,0.0,0.0,0.0,0.0,0.0,0.0,0.0,0.0,0.0,0.0,0.0,0.0,0.0,0.0,0.0,0.20253851540215488,0.06182494365145143,121.50891707778914,143.49997880311239,1641.736236516178,0.03273021484670809,0.004995454036432859,64.79672753129303,76.52695674350736,874.6877822429154,0.1799046608637259,0.03399558973237452,58.961206903514057,69.61781693631692,811.0366457456121,0.028661291520922357,0.005415965895865901,57.18457789340673,67.53664638063663,773.9310469244257,0.0,0.0,6.73094312945676,8.01019390255436,63.103304473265449,0.0,0.0,48.54599146491386,57.512944442973388,579.1620834387269,0.0,0.0,212.3743257848621,252.10066569434535,2290.677965280104,0.0,0.0,7.557574943834219,8.977716076020723,78.66850802381905,0.0,0.0,135.83665846216668,161.7570137625788,1219.8405816460254,33.88120627993615,23.238138737953475,78.17053757192918,92.64688913682548,1275.9662824080963,0.0,0.0,134.7042555529261,160.80097526504034,1022.472388406093,0.0,18.706985623215365,52.11965874666408,22.0,30.0,0.0,18.708759224193089,51.89938194110347,16.0,30.0,0.0,18.82208193052503,50.89079351600835,22.0,30.0,0.0,18.726700652854978,51.568108989427269,16.0,30.0,0.0,16.60231081473608,57.346742818321597,12.0,30.0,0.0,17.894685513009095,53.089169944940689,16.0,30.0,0.0,17.314521852676735,55.147551991799108,10.0,30.0,0.0,17.12400666286203,55.50769084109108,12.0,30.0,0.0,16.40355184482644,58.30873646012071,12.0,30.0,0.0,17.64724357385387,0.0,0.0,0.0,15.692928338731921,0.0,0.0,492.7193398133078,499.1098523314237,522.197993360696,509.8897626897939,581.3535149993295,563.8911232671501,558.7121953274566,579.2583462837165,564.5063443184189,0.0,84.63541832132292,84.63541832132292,60.0,0.0,60.0,60.0,16.0,16.0,16.0,12.0,12.0,12.0,21.0,10.0,0.0,0.0,0.0,0.0,0.0,0.0,0.0,0.0,0.0,0.0,0.0,0.0,0.0,84.63541832132292,84.63541832132292,0.0,0.0,0.0,84.63541832132292,0.0,0.0,0.0017433333333333336 
 04/05  11:00:00,12.14,85.0,6.86,108.0,17.5,0.0,0.0,0.0,0.0,0.0,0.0,0.0,0.0,0.0,0.0,970.0,0.0,199.89701817614785,39.051706525379149,100.06866387041252,5.993933100599974,159.53696776820403,0.0,39.051706525379128,53.38664351571651,0.0,0.0,18.746455557968024,-28.376247449096355,18.90799721259049,-8.639161640582813,18.75443578093647,-233.11991389339529,18.870660906998159,-23.994262797022203,16.569418227522648,5.670997836671916,17.98152775944447,-61.97753385993087,17.316197383418137,-4.343972485581617,17.0375255551672,-5.307774452239869,16.71291178310899,-159.91746983736904,185.24874012744795,428.07302381824868,0.0,0.0,0.0,0.0,0.0,0.0,0.0,0.0,0.0,0.0,0.0,0.0,0.0,0.0,0.0,0.0,0.0,0.0,0.0,0.0,0.0,0.0,0.14350574907402972,0.04380517371002128,72.11394439471235,85.1901698041903,946.7236074039632,0.03205744314126959,0.004892772152208424,4.901863356867603,5.787654952576093,65.72513840377066,0.10190208056224756,0.019255873122117838,125.15318087145939,147.86549001337384,1612.1817033415526,0.026314272855210976,0.004972462746638505,72.74319794605508,85.90303637973139,967.256961675324,0.0,0.0,6.877030046162544,8.183855354920578,62.110365926373798,0.0,0.0,48.30733765768556,57.23047925389321,559.2538154582724,0.0,0.0,211.15811430222395,250.63462263614526,2205.880440875292,0.0,0.0,7.0921834215246088,8.425968951922659,70.78605636802767,0.0,0.0,133.97319459695289,159.52301127605203,1162.902892519352,35.06434624055217,24.04962019242262,85.57081320390442,101.40573267647851,1334.3200346977872,0.0,0.0,133.64501479805583,159.50271219464626,983.7997584592619,0.0,18.675397055193554,51.22669838618885,22.0,30.0,0.0,18.787085022446548,51.5277963061415,16.0,30.0,0.0,18.55729880055108,52.8971135675421,22.0,30.0,0.0,18.772386386184058,51.01977922455943,16.0,30.0,0.0,16.59375632166334,57.4778368740731,12.0,30.0,0.0,17.88047225499621,53.18705657635021,16.0,30.0,0.0,17.307559748824877,55.56928924783355,10.0,30.0,0.0,17.072302306607257,55.7629053793711,12.0,30.0,0.0,16.41696035751903,58.33174687385545,12.0,30.0,0.0,17.646654639844596,0.0,0.0,0.0,15.742114299995113,0.0,0.0,529.4960318012172,504.5710109173197,490.81935326579608,524.2909927907308,574.77842016858,560.2269456066065,544.7981909016654,574.0346508049125,562.0550986577963,0.0,84.63541832132292,84.63541832132292,60.0,0.0,60.0,60.0,16.0,16.0,16.0,12.0,12.0,12.0,21.0,10.0,0.0,0.0,0.0,0.0,0.0,0.0,0.0,0.0,0.0,0.0,0.0,0.0,0.0,84.63541832132292,84.63541832132292,0.0,0.0,0.0,84.63541832132292,0.0,0.0,0.0017366666666666668 
 04/05  11:10:00,12.268333333333335,85.00000000000002,6.876666666666667,112.33333333333333,23.333333333333337,1.0,0.0,0.0,0.0,0.0,0.0,0.0,0.0,0.0,0.0,970.0,0.0,219.4857537290041,40.75091454849579,104.42284894838069,6.581299819852788,175.17061613041103,0.0,40.75091454849577,55.70958970835522,0.0,0.0,18.71289412300991,-13.735945295568854,18.709648079863,-224.44998347078855,18.76670328619249,-0.4276112648431081,18.664390925122335,-196.4442929230595,16.554726570714448,5.670110759060833,17.892088611929397,-56.015364604046457,17.297206658355287,-4.730753755255137,16.956012961807234,-10.544471583614979,16.685625735937888,-146.5328542881398,259.7249081132841,435.9185813041586,0.0,0.0,0.0,0.0,0.0,0.0,0.0,0.0,0.0,0.0,0.0,0.0,0.0,0.0,0.0,0.0,0.0,0.0,0.0,0.0,0.0,0.0,0.12024272792811151,0.036704129404185447,136.90506844573739,161.71248411292059,1757.8341293372483,0.0,0.0,125.46858280205812,148.23449966894609,1577.2256402244175,0.1266667972666167,0.023935524804727279,147.5189375913474,174.2495309759516,1903.0512930528135,0.0,0.0,107.25940143847019,126.74113932923584,1340.1070750140864,0.0,0.0,6.691045946600061,7.9626646430894338,58.4565568705437,0.0,0.0,46.754736719965787,55.39641027295863,524.6971746065215,0.0,0.0,207.90994582255383,246.802465482541,2111.3471559629526,0.0,0.0,7.233780101931907,8.59619554978936,69.23516911800678,0.0,0.0,132.69953775316243,158.0000392481173,1118.432871423914,35.090241611589167,24.067381077907528,188.3862370217345,223.05764177774086,2524.986096493379,0.0,0.0,134.34651898196246,160.34137721579334,946.6140217599085,0.0,18.66699726749516,51.813051090578927,22.0,30.0,0.0,18.535259350108185,53.37125662165141,16.0,30.0,0.0,18.698117860536514,51.22497498980584,22.0,30.0,0.0,18.496235871966826,53.39677994838395,16.0,30.0,0.0,16.57566531088292,57.71161686114906,12.0,30.0,0.0,17.831370898754359,53.63846768090097,16.0,30.0,0.0,17.290927071301856,55.37476650111467,10.0,30.0,0.0,16.996062958627478,56.117253344963817,12.0,30.0,0.0,16.42069949403384,58.39325544000589,12.0,30.0,0.0,17.898235841689634,0.0,0.0,0.0,15.714384439833744,0.0,0.0,509.30255120692,484.06775553245668,526.3578783919472,487.5899784562684,566.8893687588375,549.4864122430528,553.0457169375167,569.1756065496636,557.9398346681657,0.0,84.63541832132292,84.63541832132292,60.0,0.0,60.0,60.0,16.0,16.0,16.0,12.0,12.0,12.0,21.0,10.0,0.0,0.0,0.0,0.0,0.0,0.0,0.0,0.0,0.0,0.0,0.0,0.0,0.0,84.63541832132292,84.63541832132292,0.0,0.0,0.0,84.63541832132292,0.0,0.0,0.00173 
 04/05  11:20:00,12.396666666666669,85.0,6.893333333333334,116.66666666666667,29.166666666666669,1.0,0.0,0.0,0.0,0.0,0.0,0.0,0.0,0.0,0.0,970.0,0.0,240.33609341002649,42.44754435380441,108.77042785404419,7.206495128234646,191.81113733753166,0.0,42.44754435380439,58.029011281783407,0.0,0.0,18.541202322981854,-123.13599985005613,18.72815860162252,-2.3758835711425947,18.68140416403191,-138.83570618517116,18.668983034434818,-4.820932758630079,16.54187269398024,5.8741362945943369,17.868305415637953,-54.539130156396598,17.288112737345985,1.6733543291456954,16.89711757190834,-17.569055167147498,16.677307646784365,-145.4817395465634,217.67776777252949,464.3629874797625,0.0,0.0,0.0,0.0,0.0,0.0,0.0,0.0,0.0,0.0,0.0,0.0,0.0,0.0,0.0,0.0,0.0,0.0,0.0,0.0,0.0,0.0,0.06768457071702029,0.020660735872106318,108.58693515937846,128.36830985645254,1303.8189764321792,0.014064482497744613,0.0021465937878120597,54.609050051469377,64.51160750539775,681.146959610007,0.0,0.0,97.3492518803608,115.00362735870613,1205.0822230199622,0.024438988097409247,0.004618100547507414,100.34396081694085,118.57397915179293,1243.6738775851744,0.0,0.0,6.808570666006409,8.102686549248635,57.52565709828918,0.0,0.0,47.207749860568458,55.94003522349228,514.4638732317161,0.0,0.0,206.57389146945415,245.19762058561407,2045.598361034833,0.0,0.0,8.85217493318863,10.521739541778313,81.08503682426941,0.0,0.0,128.46756226736103,152.95057870647234,1049.0492023194177,35.08934948263486,24.066769192479336,149.61577980268627,177.1894684633608,1998.3983995945496,0.0,0.0,132.48065401173728,158.19806175720496,860.5963032414496,0.0,18.37564700469811,53.54066221606075,22.0,30.0,0.0,18.615311989627764,52.21296439823008,16.0,30.0,0.0,18.568796887952315,53.04200705002966,22.0,30.0,0.0,18.575259187235884,51.649178914762419,16.0,30.0,0.0,16.561373169299299,57.84748214701484,12.0,30.0,0.0,17.79770560018227,53.65140349717553,16.0,30.0,0.0,17.29386904756208,55.63168023697943,10.0,30.0,0.0,16.919199742659747,56.54084199641807,12.0,30.0,0.0,16.419061860366694,58.725630772812859,12.0,30.0,0.0,17.7859010001479,0.0,0.0,0.0,15.56944514515101,0.0,0.0,497.09666986985607,505.1294383146581,492.3210342595576,526.5178680481307,562.3185662836544,552.518011861782,543.0193806495806,562.1964997375022,546.9462590976133,0.0,84.63541832132292,84.63541832132292,60.0,0.0,60.0,60.0,16.0,16.0,16.0,12.0,12.0,12.0,21.0,10.0,0.0,0.0,0.0,0.0,0.0,0.0,0.0,0.0,0.0,0.0,0.0,0.0,0.0,84.63541832132292,84.63541832132292,0.0,0.0,0.0,84.63541832132292,0.0,0.0,0.00172 
 04/05  11:30:00,12.525,85.0,6.91,121.0,35.0,1.0,0.0,0.0,0.0,0.0,0.0,0.0,0.0,0.0,0.0,970.0,0.0,262.36112266378776,44.14030664045591,113.1080966835455,7.866912917634986,209.3891656190405,0.0,44.14030664045589,60.343145663992327,0.0,0.0,18.567056186377067,1.3919949558521694,18.661570604113054,-167.42224692120454,18.556881563167189,-192.9420867991057,18.665344335633998,-26.849243038600436,16.529774641011789,5.117751953903337,17.85632804552376,-49.584876153962799,17.2383007403961,-17.731253133461907,16.840245699651005,-23.203446712215738,16.652005951038,-167.84710951640273,250.79330378924898,489.6041293819835,0.0,0.0,0.0,0.0,0.0,0.0,0.0,0.0,0.0,0.0,0.0,0.0,0.0,0.0,0.0,0.0,0.0,0.0,0.0,0.0,0.0,0.0,0.0,0.0,219.99978557172688,259.97568689146439,2639.500671604307,0.0,0.0,119.11837937566388,140.7376045206934,1423.0978570328569,0.0,0.0,157.8840828877788,186.60391738797018,1853.916618911093,0.0,0.0,71.1129899935076,84.00779012814786,864.6449281342827,0.0,0.0,6.448137012971129,7.6738422309319829,52.63829612351256,0.0,0.0,44.163503292744739,52.33312858639698,468.43171743350248,0.0,0.0,202.20491509758547,240.05663993065978,1918.841751464201,0.0,0.0,10.629941340020725,12.637689144918264,93.03375832687712,0.0,0.0,127.15742658154464,151.41225457082789,996.1163018590826,35.09860853056232,24.073119705461136,235.74376881649713,279.1183366592395,2923.6213965281428,0.0,0.0,133.14747418162299,159.0303772313742,808.3060761932488,0.0,18.50583407051597,52.78495679975489,22.0,30.0,0.0,18.479711749353848,54.13455005871496,16.0,30.0,0.0,18.375549083460724,54.533633773844417,22.0,30.0,0.0,18.587806092669,52.70398601454019,16.0,30.0,0.0,16.548022313181904,58.00120274844179,12.0,30.0,0.0,17.780929274377795,53.880963210317,16.0,30.0,0.0,17.21585453430744,56.2504826699694,10.0,30.0,0.0,16.844131912431537,56.89767655814898,12.0,30.0,0.0,16.382491904766487,58.707848707432187,12.0,30.0,0.0,17.904256874772679,0.0,0.0,0.0,15.486965703019666,0.0,0.0,502.34564911286147,476.4663661051712,475.8468244192213,499.8804030294625,557.4472654221867,545.6705204409492,535.2994810410924,557.6583833550247,551.4908484306108,0.0,84.63541832132292,84.63541832132292,60.0,0.0,60.0,60.0,16.0,16.0,16.0,12.0,12.0,12.0,21.0,10.0,0.0,0.0,0.0,0.0,0.0,0.0,0.0,0.0,0.0,0.0,0.0,0.0,0.0,84.63541832132292,84.63541832132292,0.0,0.0,0.0,84.63541832132292,0.0,0.0,0.00171 
 04/05  11:40:00,12.653333333333333,85.0,6.926666666666667,130.0,30.833333333333337,1.0,0.0,0.0,0.0,0.0,0.0,0.0,0.0,0.0,0.0,970.0,0.0,274.7643627874992,46.88281905995111,120.13567603673981,8.23882420904453,219.288126579216,0.0,46.88281905995109,64.09236806434667,0.0,0.0,18.516410063489365,-37.810711347516647,18.64600565527728,-88.96629163513899,18.600068089320485,-3.392831470418969,18.57900022036666,-133.14074137522949,16.517735440162917,4.634414109180739,17.840827186770836,-56.87702675816172,17.22684256973462,-3.0802904736237908,16.788763388774073,-25.686376322308605,16.622788378948905,-175.68740891645713,189.20700759870307,484.45272307947109,0.0,0.0,0.0,0.0,0.0,0.0,0.0,0.0,0.0,0.0,0.0,0.0,0.0,0.0,0.0,0.0,0.0,0.0,0.0,0.0,0.0,0.0,0.0,0.0,91.54006644503039,108.17424601662393,1063.9792207616857,0.0,0.0,75.71549572817355,89.46921119251474,884.3489189664255,0.0,0.0,146.63050122127869,173.25653903335525,1727.1667779849534,0.0,0.0,108.63151502558743,128.3866531256081,1260.0502182782128,0.0,0.0,6.616249428203144,7.873888319100053,52.12896274772469,0.0,0.0,46.59815111538409,55.2187106297207,480.1136037900367,0.0,0.0,205.69631216685316,244.202022732586,1899.831916543126,0.0,0.0,11.463995034589228,13.631898272298095,95.85118537938776,0.0,0.0,125.93056629930402,149.9635678073271,943.643716475793,35.128063841495727,24.093322250682946,143.97724824912195,170.51639475480946,1822.7651713595979,0.0,0.0,132.58114158697854,158.37693424385297,753.1571915299261,0.0,18.44603515799573,53.85234242569224,22.0,30.0,0.0,18.474972774354464,53.54828870674372,16.0,30.0,0.0,18.52554187199021,52.826156483281128,22.0,30.0,0.0,18.43399842756813,53.53380525348281,16.0,30.0,0.0,16.535310583805307,58.22289589395149,12.0,30.0,0.0,17.7578837712659,54.22996403182384,16.0,30.0,0.0,17.218429341182757,56.12027474317072,10.0,30.0,0.0,16.777646045517927,57.2597883690361,12.0,30.0,0.0,16.34179548748145,59.10403036225429,12.0,30.0,0.0,17.721894271588924,0.0,0.0,0.0,15.422149909446127,0.0,0.0,487.19396441239419,493.6079000605218,501.82668074324627,497.6949302301448,551.5358652759207,538.7098566807283,537.3544964640149,552.2765336249324,543.2487634751044,0.0,84.63541832132292,84.63541832132292,60.0,0.0,60.0,60.0,16.0,16.0,16.0,12.0,12.0,12.0,21.0,10.0,0.0,0.0,0.0,0.0,0.0,0.0,0.0,0.0,0.0,0.0,0.0,0.0,0.0,84.63541832132292,84.63541832132292,0.0,0.0,0.0,84.63541832132292,0.0,0.0,0.0017 
 04/05  11:50:00,12.781666666666668,85.0,6.943333333333333,139.0,26.666666666666669,1.0,0.0,0.0,0.0,0.0,0.0,0.0,0.0,0.0,0.0,970.0,0.0,286.6886763172049,49.590843303460427,127.07488093412063,8.596375073567668,228.80486082771257,0.0,49.5908433034604,67.79444251341573,0.0,0.0,18.46890977526376,-35.418982218141767,18.680717722959728,-8.727619891393602,18.51752442202818,-148.2991290392465,18.5838595556187,-21.138755561038125,16.506531929558933,4.704466783734318,17.82900372119549,-55.59781851484763,17.20020843834517,-9.544288603456153,16.74137350813895,-28.323817520395609,16.59208295738879,-182.36011201482553,128.90374895096876,496.3685293558383,0.0,0.0,0.0,0.0,0.0,0.0,0.0,0.0,0.0,0.0,0.0,0.0,0.0,0.0,0.0,0.0,0.0,0.0,0.0,0.0,0.0,0.0,0.0,0.0,56.17824896241532,66.40776495762033,633.4137442259275,0.0,0.0,4.135312834945685,4.8851780964274049,47.88384826342259,0.0,0.0,104.23327434778789,123.16687683182583,1173.7011108779205,0.0,0.0,73.31162069242147,86.63618979113673,838.7264032444701,0.0,0.0,6.622797742891446,7.881704553546463,50.31718390507299,0.0,0.0,46.62278452470267,55.25020935964996,466.884894714531,0.0,0.0,208.38724175312474,247.4007511520116,1857.1518906733766,0.0,0.0,12.368740692056694,14.70996818628391,98.72609156104217,0.0,0.0,127.69156842688759,152.072153257939,912.9418026991816,35.14986644528704,24.10827602557411,70.79424113823261,83.89426884361567,1010.4255290241263,0.0,0.0,135.18428633120767,161.4908038251837,730.9517768979265,0.0,18.400157283947907,53.194896490602328,22.0,30.0,0.0,18.554790434119434,53.19699055295716,16.0,30.0,0.0,18.392320816869455,55.102173358572759,22.0,30.0,0.0,18.484321813351387,52.90196676025699,16.0,30.0,0.0,16.524144776664128,58.380713572978077,12.0,30.0,0.0,17.742142759017996,54.278227401578707,16.0,30.0,0.0,17.185328124711174,56.66228067571855,10.0,30.0,0.0,16.717177866430974,57.705579730167048,12.0,30.0,0.0,16.29942490123739,59.56929202490072,12.0,30.0,0.0,17.528917795560309,0.0,0.0,0.0,15.415412426289869,0.0,0.0,506.5548819366171,496.20008097469988,469.78775277574519,504.5395279384836,547.3342890606706,538.0309328972103,527.6591591241153,545.3528400961087,536.3739282698871,0.0,84.63541832132292,84.63541832132292,60.0,0.0,60.0,60.0,16.0,16.0,16.0,12.0,12.0,12.0,21.0,10.0,0.0,0.0,0.0,0.0,0.0,0.0,0.0,0.0,0.0,0.0,0.0,0.0,0.0,84.63541832132292,84.63541832132292,0.0,0.0,0.0,84.63541832132292,0.0,0.0,0.0016966666666666665 
 04/05  12:00:00,12.91,85.0,6.96,148.0,22.5,1.0,0.0,0.0,0.0,0.0,0.0,0.0,0.0,0.0,0.0,970.0,0.0,298.21911259156885,52.26473909270835,133.92663324412599,8.942115685741726,238.0072454605809,0.0,52.26473909270833,71.44986077806913,0.0,0.0,18.454705943283174,-8.112223975967936,18.597171227347489,-207.34064661208959,18.44691979792116,-142.73114854823508,18.584489227748123,-32.26858529741867,16.49547638386734,4.289112687837445,17.81930308727504,-56.73670112645914,17.165817502485674,-15.046088361175862,16.699592650517944,-28.763592656760694,16.567115673803817,-178.96616613904463,209.41994612804684,494.13351174615129,0.0,0.0,0.0,0.0,0.0,0.0,0.0,0.0,0.0,0.0,0.0,0.0,0.0,0.0,0.0,0.0,0.0,0.0,0.0,0.0,0.0,0.0,0.0,0.0,187.52984298343768,221.620496595497,2073.108996999801,0.0,0.0,120.52750450550033,142.41437377014842,1323.8544107823878,0.0,0.0,88.99686825566106,105.18934463704635,963.0603684772988,0.0,0.0,36.586325712302109,43.22457836554449,410.11311609713138,0.0,0.0,6.445764530291471,7.6709560212921839,47.15874514784245,0.0,0.0,45.87940838462214,54.367720340072839,446.36985819132419,0.0,0.0,208.36814780124616,247.41847235933924,1784.013816161112,0.0,0.0,12.845371777450263,15.278976009090004,97.89370786771574,0.0,0.0,128.71320654214439,153.30350880476875,879.1511125479946,35.22958516577804,24.162952788599488,166.75172096182906,197.4763096489681,1979.3164763144314,0.0,0.0,136.7736087121219,163.37689790973904,702.943563256654,0.0,18.418957506383575,53.96254107801354,22.0,30.0,0.0,18.38264429194363,55.44188586187008,16.0,30.0,0.0,18.300089106790286,55.66092669115735,22.0,30.0,0.0,18.497552668449214,53.809710730662697,16.0,30.0,0.0,16.512992338088748,58.59761279900806,12.0,30.0,0.0,17.728536892806166,54.62639036468494,16.0,30.0,0.0,17.13917388997732,56.73828640688326,10.0,30.0,0.0,16.665932785722107,58.00922057429888,12.0,30.0,0.0,16.269406566375907,59.6548159284168,12.0,30.0,0.0,17.792222429543967,0.0,0.0,0.0,15.411649653598717,0.0,0.0,490.7886872342394,474.1107888104694,475.226297515103,488.4133211270956,542.3072974551637,530.6934491989275,529.2369439239069,541.4475516923313,536.3865249345682,0.0,84.63541832132292,84.63541832132292,60.0,0.0,60.0,60.0,16.0,16.0,16.0,12.0,12.0,12.0,21.0,10.0,0.0,0.0,0.0,0.0,0.0,0.0,0.0,0.0,0.0,0.0,0.0,0.0,0.0,84.63541832132292,84.63541832132292,0.0,0.0,0.0,84.63541832132292,0.0,0.0,0.0016933333333333334 
 04/05  12:10:00,13.021666666666669,84.83333333333334,6.848333333333333,157.0,18.333333333333333,1.0,0.0,0.0,0.0,0.0,0.0,0.0,0.0,0.0,0.0,970.0,0.0,309.4444442280439,54.90451534748991,140.69095592586985,9.27870786078828,246.96612908279199,0.0,54.904515347489887,75.05863505234285,0.0,0.0,18.401112400608903,-33.7767832014556,18.59169646066028,-89.3588607186989,18.488035619242095,-3.810613063933488,18.50752557420784,-133.1017453742229,16.484782952853299,4.1234148901071709,17.807810965731428,-62.04426687306318,17.148958977921834,-8.251812384060031,16.662863886026586,-28.426314663539473,16.548440556156139,-173.31917169533063,162.2857597076163,479.8430780512881,0.0,0.0,0.0,0.0,0.0,0.0,0.0,0.0,0.0,0.0,0.0,0.0,0.0,0.0,0.0,0.0,0.0,0.0,0.0,0.0,0.0,0.0,0.0,0.0,84.70400871519529,100.10568698632916,906.053311397777,0.0,0.0,71.80961937781817,84.85998691564362,774.9309037259765,0.0,0.0,132.78550635480029,156.91331309506504,1441.1377189845578,0.0,0.0,101.63515675720292,120.12958162824502,1088.191485133979,0.0,0.0,6.5330942006636409,7.774796916741363,46.18541786755376,0.0,0.0,48.23978612709482,57.16679672673642,456.8101135678378,0.0,0.0,210.1107454640959,249.476030955722,1747.5687529221657,0.0,0.0,13.039511690062806,15.51117733732221,95.31706028889635,0.0,0.0,127.11299710495523,151.39379996918914,834.8354619522775,34.66466855467492,23.77549283585386,129.55145957167034,153.41368580942257,1535.1531591309368,0.0,0.0,135.15571921567489,161.45018427454949,660.1516834309214,0.0,18.350793890823224,55.01418493401986,22.0,30.0,0.0,18.398992907831425,54.44632737236243,16.0,30.0,0.0,18.43038553168968,53.95766814169799,22.0,30.0,0.0,18.356053909560314,54.35911649353825,16.0,30.0,0.0,16.502343832680997,58.76650172522611,12.0,30.0,0.0,17.710869087216734,54.69813250425165,16.0,30.0,0.0,17.129394863977756,57.06037832384796,10.0,30.0,0.0,16.62293997964172,58.38860464623525,12.0,30.0,0.0,16.250905393912558,60.075026292284999,12.0,30.0,0.0,17.677408639218468,0.0,0.0,0.0,15.397368624889387,0.0,0.0,484.0562239137275,489.73581191882337,490.483076317966,493.57126666702779,538.4968101664698,530.001732167223,523.5180746340053,535.7830414145414,528.7308648643768,0.0,84.63541832132292,84.63541832132292,60.0,0.0,60.0,60.0,16.0,16.0,16.0,12.0,12.0,12.0,21.0,10.0,0.0,0.0,0.0,0.0,0.0,0.0,0.0,0.0,0.0,0.0,0.0,0.0,0.0,84.63541832132292,84.63541832132292,0.0,0.0,0.0,84.63541832132292,0.0,0.0,0.00169 
 04/05  12:20:00,13.133333333333333,84.66666666666667,6.736666666666667,166.0,14.166666666666666,1.0,0.0,0.0,0.0,0.0,0.0,0.0,0.0,0.0,0.0,970.0,0.0,287.2901592008057,58.29437218485851,149.37731777132135,8.614429783438334,229.2851106486345,0.0,58.29437218485848,79.69282635018793,0.0,0.0,18.352417182848069,-33.46998757459619,18.624975710534078,-9.088999819576458,18.412962945772969,-138.579417408278,18.518700622116577,-24.415130451302504,16.47194002173044,4.007522374220287,17.788662756811186,-60.34488378861829,17.12322601614823,-12.125439242108769,16.62950705721574,-29.17229887407717,16.531752257866793,-172.88025782200612,114.85036515402999,478.4661847119478,0.0,0.0,0.0,0.0,0.0,0.0,0.0,0.0,0.0,0.0,0.0,0.0,0.0,0.0,0.0,0.0,0.0,0.0,0.0,0.0,0.0,0.0,0.0,0.0,55.26009594837679,65.33096878549194,572.8461666499818,0.0,0.0,4.478232866873372,5.290430024601999,48.10605185959398,0.0,0.0,102.70220142935446,121.36129867765927,1066.3018162553688,0.0,0.0,72.79050724768061,86.02267116415827,770.8770372150599,0.0,0.0,6.431049824219334,7.653274690287754,43.85581642213922,0.0,0.0,47.35716333435632,56.12027969318815,436.2264713655542,0.0,0.0,209.8235868383257,249.1347812881465,1685.4186897262792,0.0,0.0,13.50631605644577,16.06787736418594,94.63542990557268,0.0,0.0,127.49286623898006,151.85200853356964,804.168329027501,34.0782320347495,23.373273000514066,70.32959396847194,83.32133574182496,925.044291882395,0.0,0.0,135.91694576707043,162.34473593934409,634.3736713494591,0.0,18.297100344686318,54.30218319144085,22.0,30.0,0.0,18.48786398443067,54.07345319734721,16.0,30.0,0.0,18.30491852108114,56.38899065326037,22.0,30.0,0.0,18.410805244924405,53.91493025116381,16.0,30.0,0.0,16.49004976594305,58.96908850997682,12.0,30.0,0.0,17.6939245012665,54.97478051795611,16.0,30.0,0.0,17.099293788102487,57.58153026671624,10.0,30.0,0.0,16.58398916622461,58.653780449534689,12.0,30.0,0.0,16.233718740656167,60.12886634617455,12.0,30.0,0.0,17.544246757198548,0.0,0.0,0.0,15.402012334955398,0.0,0.0,496.3904381233345,491.5653206601789,467.727300328144,493.7372689291954,534.5450516304663,525.325532754646,517.4975233657137,532.5103722334463,528.6663243167419,0.0,84.63541832132292,84.63541832132292,60.0,0.0,60.0,60.0,16.0,16.0,16.0,12.0,12.0,12.0,21.0,10.0,0.0,0.0,0.0,0.0,0.0,0.0,0.0,0.0,0.0,0.0,0.0,0.0,0.0,84.63541832132292,84.63541832132292,0.0,0.0,0.0,84.63541832132292,0.0,0.0,0.0016933333333333334 
 04/05  12:30:00,13.245000000000001,84.5,6.625,175.0,10.0,0.0,0.0,0.0,0.0,0.0,0.0,0.0,0.0,0.0,0.0,970.0,0.0,295.01450922827339,60.95984465112826,156.20748537861159,8.846046843072085,235.4498994064545,0.0,60.95984465112823,83.33672929371798,0.0,0.0,18.34719373977578,-0.2367941080192395,18.640051062564426,-213.48955792389917,18.373978565695066,-137.47551016611215,18.602027456939227,-34.97332182419336,16.46533843269279,3.6040435215480786,17.856088716057056,-65.0343689848603,17.09196353891776,-16.273827328486733,16.63134170988464,-29.05216455818055,16.54523904558559,-173.9967341962074,187.65028871897995,462.04706838537097,0.0,0.0,0.0,0.0,0.0,0.0,0.0,0.0,0.0,0.0,0.0,0.0,0.0,0.0,0.0,0.0,0.0,0.0,0.0,0.0,0.0,0.0,0.0,0.0,206.5966999940245,244.16936879946435,2108.526924402365,0.0,0.0,128.14156462788945,151.38288067600198,1318.1525060652053,0.0,0.0,96.82786132227402,114.44768063866877,969.0451203603016,0.0,0.0,32.88899662324696,38.851037876576167,344.87117794569726,0.0,0.0,6.271625557480009,7.463127511349198,41.32320026870897,0.0,0.0,46.90684701721604,55.57696040903542,423.7951353245836,0.0,0.0,208.89103631091397,248.06759019683518,1614.2413809788755,0.0,0.0,13.602735146821228,16.182532101166019,91.81881350559176,0.0,0.0,128.15830285489145,152.63334567407393,779.2484938278188,33.55444585667437,23.014023221313019,183.0073199437283,216.67163961342417,1981.664610593852,0.0,0.0,136.69691330997484,163.23754235266089,617.8166857621401,0.0,18.32937866178975,55.07081009172459,22.0,30.0,0.0,18.37010470421334,56.22716677955372,16.0,30.0,0.0,18.228720168251127,56.62799927213319,22.0,30.0,0.0,18.471451775014484,54.626902116035939,16.0,30.0,0.0,16.48757324354626,59.198840320542938,12.0,30.0,0.0,17.71818451264879,55.21787706971922,16.0,30.0,0.0,17.059202683592419,57.48890747169752,10.0,30.0,0.0,16.568317902302188,58.888797978107948,12.0,30.0,0.0,16.232976542505737,60.41367856381504,12.0,30.0,0.0,17.80476772571959,0.0,0.0,0.0,15.441089301479339,0.0,0.0,485.6336606959892,471.128600051806,472.53401387702368,484.2103496833422,530.1458975317046,520.0395093265055,520.2113496943396,528.5967268326367,523.5245512909042,0.0,84.63541832132292,84.63541832132292,60.0,0.0,60.0,60.0,16.0,16.0,16.0,12.0,12.0,12.0,21.0,10.0,0.0,0.0,0.0,0.0,0.0,0.0,0.0,0.0,0.0,0.0,0.0,0.0,0.0,84.63541832132292,84.63541832132292,0.0,0.0,0.0,84.63541832132292,0.0,0.0,0.0016966666666666665 
 04/05  12:40:00,13.356666666666666,84.33333333333334,6.513333333333334,165.5,8.666666666666668,0.0,0.0,0.0,0.0,0.0,0.0,0.0,0.0,0.0,0.0,970.0,0.0,276.7031331107353,57.85117515731098,148.2416193464735,8.29697884663104,220.835673189515,0.0,57.851175157310958,79.08694241265684,0.0,0.0,18.30633902472816,-19.42038052183034,18.633729888351778,-128.7239753601666,18.428498157726275,3.232456735782762,18.536817426969333,-150.11669435098976,16.456249908726599,3.7623119054259179,17.852792781986538,-73.60737243024005,17.089668862949716,-2.2205612488160115,16.612480937953707,-27.253738412895929,16.54453451493532,-159.84586372459354,173.7340042251917,410.11706418006727,0.0,0.0,0.0,0.0,0.0,0.0,0.0,0.0,0.0,0.0,0.0,0.0,0.0,0.0,0.0,0.0,0.0,0.0,0.0,0.0,0.0,0.0,0.0,0.0,122.23900804776229,144.46319813973708,1208.476563102586,0.0,0.0,108.97972155478108,128.76634302080456,1099.5973775782696,0.0,0.0,147.18101700056307,173.91576314249967,1483.3036544707937,0.0,0.0,122.25198985273619,144.4727180650456,1223.7477815885396,0.0,0.0,6.481529786940476,7.712704034329215,41.16480656117252,0.0,0.0,50.58134851580838,59.92988850944315,445.7348770234259,0.0,0.0,207.47569104661953,246.3426002010916,1564.2278435693509,0.0,0.0,13.34030971207136,15.869904470630836,86.65405462319557,0.0,0.0,122.4511478348668,145.81647568307708,720.1689164546516,33.0143384491141,22.643579183205838,189.95491683740168,224.8239625259847,1987.4779609344774,0.0,0.0,130.59563145872026,155.91048464560485,581.6701828222009,0.0,18.280767129485026,56.13373801842815,22.0,30.0,0.0,18.38421128019297,55.0882812190782,16.0,30.0,0.0,18.378244354079617,54.87640300369109,22.0,30.0,0.0,18.343710835380504,55.089190238204469,16.0,30.0,0.0,16.481423674688999,59.350432142265088,12.0,30.0,0.0,17.71924663194125,55.14289690339442,16.0,30.0,0.0,17.077659470635625,57.8901227390564,10.0,30.0,0.0,16.55382738458483,59.22496739908062,12.0,30.0,0.0,16.246281268399458,60.71661424212794,12.0,30.0,0.0,17.798351818454564,0.0,0.0,0.0,15.52103392599296,0.0,0.0,477.23450862598966,484.0923934869495,485.6649897993832,486.0111003079516,527.1898441759821,520.4118985799228,513.3444456673183,523.7840955756118,518.4183603219773,0.0,84.63541832132292,84.63541832132292,60.0,0.0,60.0,60.0,16.0,16.0,16.0,12.0,12.0,12.0,21.0,10.0,0.0,0.0,0.0,0.0,0.0,0.0,0.0,0.0,0.0,0.0,0.0,0.0,0.0,84.63541832132292,84.63541832132292,0.0,0.0,0.0,84.63541832132292,0.0,0.0,0.0017 
 04/05  12:50:00,13.468333333333334,84.16666666666666,6.401666666666667,156.0,7.333333333333334,0.0,0.0,0.0,0.0,0.0,0.0,0.0,0.0,0.0,0.0,970.0,0.0,258.14413815376619,54.7118467696636,140.1971916229912,7.7404861295853879,206.02382512248728,0.0,54.71184676966358,74.79524249933347,0.0,0.0,18.27610552475445,-12.244001412848775,18.649169392085413,-89.827867385417,18.3949793250321,-88.06076245677969,18.560061069879013,-29.887243799357749,16.445830338908594,4.003249669829273,17.846250185027473,-69.68949406574734,17.076080356188343,-4.60249470944018,16.59333346738087,-26.225300217740256,16.548274321958428,-147.6630388351391,128.04204356478795,382.83209622610596,0.0,0.0,0.0,0.0,0.0,0.0,0.0,0.0,0.0,0.0,0.0,0.0,0.0,0.0,0.0,0.0,0.0,0.0,0.0,0.0,0.0,0.0,0.0,0.0,111.53403079928359,131.84763542727039,1072.2813694332129,0.0,0.0,68.81677560628047,81.27677985363295,685.3915101172972,0.0,0.0,72.58796972864683,85.76129376284365,708.3319077837796,0.0,0.0,45.4299122551006,53.67437692259687,451.6753485381696,0.0,0.0,6.397367260926631,7.612328387598833,39.075147949045767,0.0,0.0,49.011243453896458,58.06418459805534,420.9545980939731,0.0,0.0,207.11700880046596,245.8996106849821,1510.6564462513198,0.0,0.0,13.86153232297113,16.49017616903559,86.49104525889489,0.0,0.0,123.34059099472631,146.86492916944835,702.5949833499731,32.4396912947203,22.24944533245563,100.85379243534764,119.40629710477927,1125.9663402606116,0.0,0.0,132.03168785738357,157.5342685357519,594.2536063236371,0.0,18.256612773844457,55.22292654833668,22.0,30.0,0.0,18.43167446873589,56.03572924061415,16.0,30.0,0.0,18.329540291932795,56.37042884305499,22.0,30.0,0.0,18.423083458671063,54.56112436698813,16.0,30.0,0.0,16.472630637645016,59.576323707237438,12.0,30.0,0.0,17.71988991095092,55.46908283931153,16.0,30.0,0.0,17.067326237840207,58.342711241318458,10.0,30.0,0.0,16.538541974543909,59.36750579034841,12.0,30.0,0.0,16.26670396999042,60.52393081431484,12.0,30.0,0.0,17.676236639087415,0.0,0.0,0.0,15.656908853048249,0.0,0.0,488.5459149460642,472.0379507868554,472.57846038889348,489.0521632319142,523.6280818508675,515.2332868674733,508.48030269619457,521.8187585543731,519.3607532611158,0.0,84.63541832132292,84.63541832132292,60.0,0.0,60.0,60.0,16.0,16.0,16.0,12.0,12.0,12.0,21.0,10.0,0.0,0.0,0.0,0.0,0.0,0.0,0.0,0.0,0.0,0.0,0.0,0.0,0.0,84.63541832132292,84.63541832132292,0.0,0.0,0.0,84.63541832132292,0.0,0.0,0.00172 
 04/05  13:00:00,13.58,84.0,6.29,146.5,6.0,0.0,0.0,0.0,0.0,0.0,0.0,0.0,0.0,0.0,0.0,970.0,0.0,239.38367764080699,51.543727930826999,132.07899002042275,7.1779525786842239,191.05118968172529,0.0,51.543727930826978,70.46418385649344,0.0,0.0,18.274499081396919,9.843089442860219,18.596481468119216,-189.86627479921209,18.35066615433741,-99.5332656212804,18.584051090203525,-24.800551317786615,16.434552437843359,4.1470826696497629,17.83512458902395,-69.36789951355718,17.059769587854768,-4.732462978525291,16.57658907678838,-22.78812097140758,16.561428283753786,-126.54015063857196,162.0484037428514,348.3208893995161,0.0,0.0,0.0,0.0,0.0,0.0,0.0,0.0,0.0,0.0,0.0,0.0,0.0,0.0,0.0,0.0,0.0,0.0,0.0,0.0,0.0,0.0,0.0,0.0,227.05052279187624,268.2964492973295,2145.914269698029,0.0,0.0,141.39413132191803,167.02072881039849,1350.9752317741232,0.0,0.0,77.48031597699195,91.5496025275868,729.8057323218973,0.0,0.0,6.171087049120433,7.289844166544907,60.64147229145359,0.0,0.0,6.230928843261629,7.414017210075997,36.5233068028907,0.0,0.0,48.49659250472843,57.45008350876515,405.1180129097934,0.0,0.0,205.104979114045,243.53159661622284,1443.6701754989243,0.0,0.0,13.946229144842329,16.59043470243767,83.57613037587089,0.0,0.0,122.87463576519009,146.27618800262406,681.4784772892822,31.9181341827378,21.891724405169965,179.5862212613474,212.56696992784937,1795.1036675282283,0.0,0.0,131.76950081483464,157.14186098121435,593.971564308175,0.0,18.287626748122404,56.37227895806266,22.0,30.0,0.0,18.339903236194585,57.00270738849946,16.0,30.0,0.0,18.27131971291917,56.9896702039561,22.0,30.0,0.0,18.478214607781763,54.11798115356419,16.0,30.0,0.0,16.46218455374747,59.869518476612238,12.0,30.0,0.0,17.714417304459074,55.83747046525348,16.0,30.0,0.0,17.05232472434674,58.10737022516482,10.0,30.0,0.0,16.527810533417307,59.63725374459252,12.0,30.0,0.0,16.304382074149865,60.795111905736849,12.0,30.0,0.0,17.809999451131597,0.0,0.0,0.0,15.772860899516532,0.0,0.0,474.58108080507136,466.66602066831509,469.850863321686,493.6083866905979,519.7279622584559,510.69457743903248,511.2430800825846,518.1268276506565,513.5868047417204,0.0,84.63541832132292,84.63541832132292,60.0,0.0,60.0,60.0,16.0,16.0,16.0,12.0,12.0,12.0,21.0,10.0,0.0,0.0,0.0,0.0,0.0,0.0,0.0,0.0,0.0,0.0,0.0,0.0,0.0,84.63541832132292,84.63541832132292,0.0,0.0,0.0,84.63541832132292,0.0,0.0,0.00174 
 04/05  13:10:00,13.656666666666667,83.83333333333333,6.173333333333334,137.0,4.666666666666666,0.0,0.0,0.0,0.0,0.0,0.0,0.0,0.0,0.0,0.0,970.0,0.0,220.4676650951903,48.348423469416768,123.89112685467704,6.610754891561213,175.95440999332053,0.0,48.348423469416747,66.09596040652399,0.0,0.0,18.22959036408914,-15.25024044710608,18.59006862064723,-109.61137950192051,18.38034416694631,0.42318403075796598,18.538737588588576,-109.41084689233094,16.42309491046519,4.625173096040669,17.81772159032803,-71.60781726984328,17.06927202178347,10.474413680414728,16.56108016235258,-19.89617236167811,16.583440235352854,-103.6165731137371,140.34586572500394,304.09054137644719,0.0,0.0,0.0,0.0,0.0,0.0,0.0,0.0,0.0,0.0,0.0,0.0,0.0,0.0,0.0,0.0,0.0,0.0,0.0,0.0,0.0,0.0,0.0,0.0,109.69291229221888,129.6360224179996,1006.1346024311022,0.0,0.0,96.5995036053152,114.1199545963136,912.5137211243878,0.0,0.0,81.54899241919874,96.36681104469683,770.5221965124497,0.0,0.0,78.74397853165407,93.02180719853102,748.9148544388721,0.0,0.0,6.4022685111471759,7.617827320953323,36.39795584088203,0.0,0.0,50.58937101885442,59.93225477740593,413.37697268692758,0.0,0.0,200.38046125675525,237.85677001271083,1393.8272969868095,0.0,0.0,14.012937209459662,16.668930038248435,81.56068664591365,0.0,0.0,114.59318124340912,136.38131187974734,629.7307369062306,31.34904308351006,21.501401291845043,135.69725118576418,160.58654962281637,1376.7491351376137,0.0,0.0,123.53615858327422,147.28844560224125,556.4218398380128,0.0,18.22427998169803,56.94086744424093,22.0,30.0,0.0,18.363180437326418,55.945008009387908,16.0,30.0,0.0,18.364508895282165,54.602175471986,22.0,30.0,0.0,18.395866789291,55.5140634279046,16.0,30.0,0.0,16.45137953274722,60.05321810320915,12.0,30.0,0.0,17.70027220047884,55.788054314866069,16.0,30.0,0.0,17.088323743382689,58.641456338982958,10.0,30.0,0.0,16.519017124647058,60.00445126636086,12.0,30.0,0.0,16.356425521344645,60.95087500444099,12.0,30.0,0.0,17.763671447496774,0.0,0.0,0.0,15.848418319699558,0.0,0.0,472.8647199837972,477.97218511225756,492.9821415899814,481.8164682503763,517.201842433475,511.3054942100868,503.1352711232589,513.6952134839476,509.3912608499344,0.0,84.63541832132292,84.63541832132292,60.0,0.0,60.0,60.0,16.0,16.0,16.0,12.0,12.0,12.0,21.0,10.0,0.0,0.0,0.0,0.0,0.0,0.0,0.0,0.0,0.0,0.0,0.0,0.0,0.0,84.63541832132292,84.63541832132292,0.0,0.0,0.0,84.63541832132292,0.0,0.0,0.00176 
 04/05  13:20:00,13.733333333333335,83.66666666666667,6.0566666666666679,127.5,3.333333333333333,0.0,0.0,0.0,0.0,0.0,0.0,0.0,0.0,0.0,0.0,970.0,0.0,201.4421866446395,45.12729028735944,115.6370791431268,6.040274941251876,160.77026693647094,0.0,45.12729028735942,61.692427137231849,0.0,0.0,18.207618861974333,0.9446834834152469,18.578213848545926,-114.39791552635825,18.385696804465014,-16.89973763711714,18.484224904143877,-119.44805718448379,16.41138062718577,4.83834802885093,17.80248622563716,-62.66876169769671,17.061190381466653,6.440342965133823,16.544752970258999,-18.974001541546728,16.602625350241639,-96.07507589861689,145.40454594947006,290.089052211752,0.0,0.0,0.0,0.0,0.0,0.0,0.0,0.0,0.0,0.0,0.0,0.0,0.0,0.0,0.0,0.0,0.0,0.0,0.0,0.0,0.0,0.0,0.0,0.0,131.48404355941256,155.42453028372854,1182.9016252132529,0.0,0.0,93.1705267099587,110.03584722306964,866.074371209095,0.0,0.0,96.68406485992877,114.2166654167191,904.4389894373749,0.0,0.0,93.9967403183977,111.03166903496776,864.7886083509372,0.0,0.0,6.192062076217717,7.3675340300683349,34.101908679408797,0.0,0.0,47.097364540142539,55.790301655494598,377.0100506904917,0.0,0.0,196.6515381981013,233.41862002315606,1335.5925849900403,0.0,0.0,14.842875735324356,17.65630026768931,83.75612373127849,0.0,0.0,113.90834635390557,135.5468684303693,617.9916622904251,30.743175390645346,21.085854177397363,148.30717712022332,175.51161365026077,1460.9754142376142,0.0,0.0,123.98722829242012,147.7585596514783,562.6441341609534,0.0,18.21342274371244,55.98706498905142,22.0,30.0,0.0,18.364588074266299,57.242598858836959,16.0,30.0,0.0,18.394747130035044,55.37228909807449,22.0,30.0,0.0,18.316281848620777,57.3465431953114,16.0,30.0,0.0,16.439892686628096,60.33538825745658,12.0,30.0,0.0,17.694133936211963,56.263334468904528,16.0,30.0,0.0,17.083440940673467,58.90791739041084,10.0,30.0,0.0,16.507657381517409,60.11905558956402,12.0,30.0,0.0,16.398872219812625,60.669374722893248,12.0,30.0,0.0,17.80014708586842,0.0,0.0,0.0,15.942525837133687,0.0,0.0,483.9220148010683,464.73735449744216,483.7252331029968,465.7344821891296,513.7851980930384,505.4312852230057,500.6611640972888,512.2550956833893,510.16405429618717,0.0,84.63541832132292,84.63541832132292,60.0,0.0,60.0,60.0,16.0,16.0,16.0,12.0,12.0,12.0,21.0,10.0,0.0,0.0,0.0,0.0,0.0,0.0,0.0,0.0,0.0,0.0,0.0,0.0,0.0,84.63541832132292,84.63541832132292,0.0,0.0,0.0,84.63541832132292,0.0,0.0,0.0018033333333333335 
 04/05  13:30:00,13.809999999999999,83.5,5.9399999999999999,118.0,2.0,0.0,0.0,0.0,0.0,0.0,0.0,0.0,0.0,0.0,0.0,970.0,0.0,182.35389174934392,41.881447993506267,107.31971585254313,5.4679114919541649,145.53599097905966,0.0,41.88144799350624,57.25511463879954,0.0,0.0,18.211945390101833,21.959743925963268,18.54144356299676,-144.5771361145935,18.353660264782996,-55.78128753375131,18.4692978912621,-72.2412770582514,16.39955563770082,4.990696461258182,17.78449183710835,-61.495387771698009,17.05546440424569,9.476331212224978,16.529828682713686,-16.23179543114196,16.622088027111745,-83.91323535330548,147.03089052614724,267.220271133438,0.0,0.0,0.0,0.0,0.0,0.0,0.0,0.0,0.0,0.0,0.0,0.0,0.0,0.0,0.0,0.0,0.0,0.0,0.0,0.0,0.0,0.0,0.0,0.0,237.0541742318393,280.11896379831577,2113.7933516481746,0.0,0.0,136.9930896795394,161.83067524420566,1240.0503209417385,0.0,0.0,91.71883384062984,108.33538408855959,835.9513854150304,0.0,0.0,55.95850245206692,66.10590985649573,506.6967388474806,0.0,0.0,6.064674425333943,7.215773727987861,32.31686127257439,0.0,0.0,46.88455640891091,55.536320980141407,367.0131928709979,0.0,0.0,192.7942433604509,228.84641097478829,1280.0178333603163,0.0,0.0,14.84799455205395,17.6614914658657,81.217088205598,0.0,0.0,111.01442897472148,132.06794798987469,594.5324939273521,30.190739678209984,20.706954511803838,189.35695451937955,224.08215305391878,1769.2211509364454,0.0,0.0,121.3176689300221,144.53513723199547,547.019993660998,0.0,18.250931509661009,56.80648663550537,22.0,30.0,0.0,18.31922372012247,56.897867913628157,16.0,30.0,0.0,18.350799834276587,56.82121462317521,22.0,30.0,0.0,18.32073842316939,56.73825149113434,16.0,30.0,0.0,16.42798568406601,60.63994173064272,12.0,30.0,0.0,17.682688914637198,56.572269687057858,16.0,30.0,0.0,17.084561590262529,58.65106420988183,10.0,30.0,0.0,16.49857555540148,60.48911252627608,12.0,30.0,0.0,16.441322495235345,61.04388208657085,12.0,30.0,0.0,17.82699194405375,0.0,0.0,0.0,16.005394016944526,0.0,0.0,474.05735068367417,471.44545522637028,470.6469132574503,473.27467924738257,510.42536357504806,502.36277695000839,502.91376313234869,507.9874575769183,503.85357077457089,0.0,84.63541832132292,84.63541832132292,60.0,0.0,60.0,60.0,16.0,16.0,16.0,12.0,12.0,12.0,21.0,10.0,0.0,0.0,0.0,0.0,0.0,0.0,0.0,0.0,0.0,0.0,0.0,0.0,0.0,84.63541832132292,84.63541832132292,0.0,0.0,0.0,84.63541832132292,0.0,0.0,0.0018466666666666667 
 04/05  13:40:00,13.886666666666667,83.33333333333333,5.823333333333334,118.83333333333334,1.8333333333333335,0.0,0.0,0.0,0.0,0.0,0.0,0.0,0.0,0.0,0.0,970.0,0.0,183.62012585893943,42.123304370476919,107.93946432689653,5.505879603441718,146.54656652612483,0.0,42.123304370476898,57.58575064240015,0.0,0.0,18.177595844414875,2.700716990890214,18.54883100469139,-78.38713075338592,18.283986228124577,-107.69604168952174,18.492634665317689,-23.294710693750404,16.38969472336771,5.423299809976129,17.770764235466218,-61.07519576369418,17.068090753483525,22.020698397189336,16.51659041475056,-14.742090815813754,16.644081801283538,-72.38499673042088,137.93531725756385,240.9302263780569,0.0,0.0,0.0,0.0,0.0,0.0,0.0,0.0,0.0,0.0,0.0,0.0,0.0,0.0,0.0,0.0,0.0,0.0,0.0,0.0,0.0,0.0,0.0,0.0,157.50888696826287,186.1446620047853,1365.9602019157026,0.0,0.0,71.176671234057,84.07451991886335,638.851373474509,0.0,0.0,117.45610147367707,138.80053859371658,1025.9020800995432,0.0,0.0,46.04866994565963,54.38712174784812,415.7222336420356,0.0,0.0,6.195771208782307,7.371659614952402,31.93143679692538,0.0,0.0,48.01692715543925,56.87994005051521,367.30380733074795,0.0,0.0,187.16624423200924,222.10637518144294,1227.2972763029925,0.0,0.0,15.085475032430395,17.94309719192852,79.9086110032666,0.0,0.0,102.69180076777124,122.14110287966013,542.8901952543189,29.627824517238556,20.32086729577405,151.42300308768217,179.15401571525696,1427.8017709631748,0.0,0.0,113.28214671018435,134.94629099843275,502.0448258568993,0.0,18.205050533143447,57.07604090728275,22.0,30.0,0.0,18.358564592784299,56.42123962384861,16.0,30.0,0.0,18.236476794899617,56.78010524855196,22.0,30.0,0.0,18.38504477990303,56.41678201793101,16.0,30.0,0.0,16.417938573719515,60.831511063374637,12.0,30.0,0.0,17.67045086569934,56.53433417840953,16.0,30.0,0.0,17.120908606837859,59.14690307357052,10.0,30.0,0.0,16.48954889364434,60.84715493727709,12.0,30.0,0.0,16.484301566525497,61.11292527208484,12.0,30.0,0.0,17.81773150259372,0.0,0.0,0.0,16.044235192253063,0.0,0.0,474.0234706996401,475.37171166973999,476.23680114937516,474.1669393592983,508.2427179710762,502.87820856593859,495.9164301056104,504.2927862844338,501.40348886690739,0.0,84.63541832132292,84.63541832132292,60.0,0.0,60.0,60.0,16.0,16.0,16.0,12.0,12.0,12.0,21.0,10.0,0.0,0.0,0.0,0.0,0.0,0.0,0.0,0.0,0.0,0.0,0.0,0.0,0.0,84.63541832132292,84.63541832132292,0.0,0.0,0.0,84.63541832132292,0.0,0.0,0.0018899999999999998 
 04/05  13:50:00,13.963333333333332,83.16666666666667,5.706666666666666,119.66666666666666,1.6666666666666668,0.0,0.0,0.0,0.0,0.0,0.0,0.0,0.0,0.0,0.0,970.0,0.0,184.92673660993587,42.35955849912856,108.54485736580166,5.545058388837086,147.58936623998663,0.0,42.35955849912854,57.908727947815588,0.0,0.0,18.15335458826607,7.772015158954673,18.530550154158207,-120.54339917262087,18.305632363881644,0.6600874867544917,18.437689471290914,-124.02971526201691,16.380653777853909,5.48966726344031,17.7631496383702,-53.056865049798947,17.06135263127365,16.22730456205045,16.50337919214855,-14.304504921390504,16.660935403325135,-71.37240226151835,144.38746492867996,237.99064104734817,0.0,0.0,0.0,0.0,0.0,0.0,0.0,0.0,0.0,0.0,0.0,0.0,0.0,0.0,0.0,0.0,0.0,0.0,0.0,0.0,0.0,0.0,0.0,0.0,126.79127586649742,149.86100652033859,1074.4297328365115,0.0,0.0,114.52600736433505,135.26114335019055,1004.5678465800614,0.0,0.0,122.47098493504491,144.68364998187568,1069.4609200938549,0.0,0.0,119.85082465403197,141.5767798056652,1038.7085987091085,0.0,0.0,5.955218334134772,7.085238874279856,29.659942318812069,0.0,0.0,44.33613169770138,52.514650747567078,332.1403622213729,0.0,0.0,184.47496564019137,218.90869106310869,1178.591082219235,0.0,0.0,16.3037169696191,19.392287122520206,83.49021444774235,0.0,0.0,103.6538731227356,123.27201348830096,538.2507066699061,29.012766486379829,19.899016794499205,197.96058806219933,234.18754634186244,1774.3621493350229,0.0,0.0,115.0361315509541,136.9888420387039,506.5353737775093,0.0,18.18270828971524,56.845618827206369,22.0,30.0,0.0,18.33306144902449,57.458501282084998,16.0,30.0,0.0,18.313373303822038,56.57878043101944,22.0,30.0,0.0,18.28000872604096,57.61747351851147,16.0,30.0,0.0,16.408742666402785,61.096870555329278,12.0,30.0,0.0,17.66849130022207,56.95747092790969,16.0,30.0,0.0,17.11395349215895,59.292901097020479,10.0,30.0,0.0,16.478907358140576,60.935960696437067,12.0,30.0,0.0,16.51480819730975,60.91342249572994,12.0,30.0,0.0,17.86088719459344,0.0,0.0,0.0,16.10726592126168,0.0,0.0,477.7794081878827,466.25145222871239,475.2864413479897,466.67151988346606,505.3868341010584,498.00580383744718,494.8452777115542,503.405543256344,501.88773970884287,0.0,84.63541832132292,84.63541832132292,60.0,0.0,60.0,60.0,16.0,16.0,16.0,12.0,12.0,12.0,21.0,10.0,0.0,0.0,0.0,0.0,0.0,0.0,0.0,0.0,0.0,0.0,0.0,0.0,0.0,84.63541832132292,84.63541832132292,0.0,0.0,0.0,84.63541832132292,0.0,0.0,0.0019066666666666666 
 04/05  14:00:00,14.04,83.0,5.59,120.5,1.5,0.0,0.0,0.0,0.0,0.0,0.0,0.0,0.0,0.0,0.0,970.0,0.0,186.29006365685053,42.58955109860119,109.13420560316568,5.585937784667972,148.6774306241049,0.0,42.58955109860117,58.22314526812702,0.0,0.0,18.145196782333874,20.88559882440495,18.512417798288895,-117.87603082866008,18.26885019957701,-67.65799604914446,18.459522941325838,-17.63068884386678,16.37247964608387,5.620339980951826,17.755298476240904,-53.64087870873777,17.057700404029484,19.095400257948314,16.492328127493609,-12.121591206140124,16.67770132423731,-64.05823529493955,122.82239208020201,221.53375969159607,0.0,0.0,0.0,0.0,0.0,0.0,0.0,0.0,0.0,0.0,0.0,0.0,0.0,0.0,0.0,0.0,0.0,0.0,0.0,0.0,0.0,0.0,0.0,0.0,209.12396460091242,247.1273773351354,1743.7710298218077,0.0,0.0,127.2350177241584,150.2833745419563,1091.5779948207135,0.0,0.0,73.5477898656248,86.89192836743728,622.6418744797752,0.0,0.0,5.06892988512362,5.986773019615791,43.86795046608449,0.0,0.0,5.899291339729505,7.01846689271823,28.371067928411266,0.0,0.0,44.90492645279646,53.186423544687048,328.974287173432,0.0,0.0,181.86829523976705,215.81219778318343,1134.4208261478707,0.0,0.0,16.49623227182011,19.620177725175659,81.67142052037595,0.0,0.0,101.18303917737129,120.30789841912525,515.9297561042938,28.440581949805986,19.50657198203429,163.71327331286515,193.70361107810039,1453.0854623954727,0.0,0.0,112.39596404552059,133.8186698479782,486.896673187445,0.0,18.19195327883927,57.47014813065966,22.0,30.0,0.0,18.313673521577848,57.37154662750116,16.0,30.0,0.0,18.256333649592127,57.36067713158373,22.0,30.0,0.0,18.35169604330862,56.92352463729542,16.0,30.0,0.0,16.400543040884434,61.35629217545346,12.0,30.0,0.0,17.662856827737565,57.16069697054107,16.0,30.0,0.0,17.115578679848534,59.241187306486597,10.0,30.0,0.0,16.471300751184566,61.30057104758328,12.0,30.0,0.0,16.545279487597364,61.26451308727027,12.0,30.0,0.0,17.80984269580147,0.0,0.0,0.0,16.14899511800811,0.0,0.0,471.257567961684,468.5533210024385,470.7666264204958,471.57370581165756,502.71844132703895,496.0416697845124,495.1428280739338,499.6374931052866,496.8326416634529,0.0,84.63541832132292,84.63541832132292,60.0,0.0,60.0,60.0,16.0,16.0,16.0,12.0,12.0,12.0,21.0,10.0,0.0,0.0,0.0,0.0,0.0,0.0,0.0,0.0,0.0,0.0,0.0,0.0,0.0,84.63541832132292,84.63541832132292,0.0,0.0,0.0,84.63541832132292,0.0,0.0,0.0019233333333333334 
 04/05  14:10:00,14.093333333333332,82.83333333333334,5.753333333333333,121.33333333333334,1.3333333333333333,0.0,0.0,0.0,0.0,0.0,0.0,0.0,0.0,0.0,0.0,970.0,0.0,187.7292708553591,42.81251292183174,109.70553789060611,5.6290924096352719,149.82605414543304,0.0,42.81251292183172,58.52795098427896,0.0,0.0,18.11667192756757,10.063107109038356,18.502260899667534,-104.79887103460169,18.276714379695293,-6.0146288961350369,18.42363644699364,-100.9869127365123,16.3653487476793,5.977197026962756,17.74670454835079,-53.04688515309067,17.064669707856284,26.769882917133147,16.482072493352445,-10.811990039014973,16.694269113186139,-57.12224561454332,128.0813481952855,204.417833151384,0.0,0.0,0.0,0.0,0.0,0.0,0.0,0.0,0.0,0.0,0.0,0.0,0.0,0.0,0.0,0.0,0.0,0.0,0.0,0.0,0.0,0.0,0.0,0.0,165.38372353336599,195.45635678395213,1350.0285195137365,0.0,0.0,102.0025178940129,120.48042929864104,863.6051441827066,0.0,0.0,96.26466061173702,113.71772073489687,812.4867158233869,0.0,0.0,93.69891883909085,110.68498066180176,788.3030201330932,0.0,0.0,6.026854480198603,7.1700707235783629,28.252519532522269,0.0,0.0,45.371545402567978,53.73916068009899,326.93065139804448,0.0,0.0,177.67826432655026,210.80105376783389,1096.9174350253234,0.0,0.0,16.99442837389283,20.21199081046577,82.06550731423724,0.0,0.0,95.3761112177042,113.38682679614499,481.6797438056525,29.11401372043694,19.96845934186348,159.40457539018053,188.57824218205696,1405.0657598411936,0.0,0.0,106.8590370533502,127.21175466538722,457.9186488097671,0.0,18.15742129881652,57.65652522463518,22.0,30.0,0.0,18.310833859091443,57.34978457802086,16.0,30.0,0.0,18.297545949486506,57.00986036116302,22.0,30.0,0.0,18.283857112741676,57.357107512324137,16.0,30.0,0.0,16.39368179209109,61.55538372622635,12.0,30.0,0.0,17.656266747418575,57.22361991819754,16.0,30.0,0.0,17.137372630378996,59.649082405409597,10.0,30.0,0.0,16.464175512671376,61.57715628999899,12.0,30.0,0.0,16.57477862214693,61.310747672150807,12.0,30.0,0.0,17.808945188805589,0.0,0.0,0.0,16.179462707734677,0.0,0.0,471.5443619082821,469.6779364342663,472.78043211366738,470.6270449481636,500.67559636832308,495.48054683842215,490.048758789662,497.03061060531408,495.25989336256915,0.0,84.63541832132292,84.63541832132292,60.0,0.0,60.0,60.0,16.0,16.0,16.0,12.0,12.0,12.0,21.0,10.0,0.0,0.0,0.0,0.0,0.0,0.0,0.0,0.0,0.0,0.0,0.0,0.0,0.0,84.63541832132292,84.63541832132292,0.0,0.0,0.0,84.63541832132292,0.0,0.0,0.00194 
 04/05  14:20:00,14.146666666666669,82.66666666666667,5.916666666666667,122.16666666666666,1.1666666666666666,0.0,0.0,0.0,0.0,0.0,0.0,0.0,0.0,0.0,0.0,970.0,0.0,189.26696309444734,43.027545112743478,110.25655096384122,5.6752000599986049,151.053277521297,0.0,43.027545112743457,58.82191629186795,0.0,0.0,18.105783601537959,21.91680007459763,18.489554270586706,-108.50687885956768,18.232482081673945,-72.08550523373788,18.444503315510823,-16.596028619672184,16.358947149068734,6.132141759711914,17.741173365309778,-48.41378777504201,17.060865542500296,23.998531963551615,16.472518475738715,-9.89657034191066,16.707344345707968,-56.1061358545453,117.09658265053077,200.4041826458074,0.0,0.0,0.0,0.0,0.0,0.0,0.0,0.0,0.0,0.0,0.0,0.0,0.0,0.0,0.0,0.0,0.0,0.0,0.0,0.0,0.0,0.0,0.0,0.0,190.9047697009586,225.6153500344741,1538.8014055268973,0.0,0.0,107.72043892268634,127.22128974908783,898.1721149300855,0.0,0.0,75.05959349779421,88.67415185055536,614.7198785887233,0.0,0.0,4.803475565176553,5.673331240328348,40.50293200026365,0.0,0.0,5.9535630597416449,7.082631393749304,27.19364650371367,0.0,0.0,43.18196889070385,51.14176130425275,306.3943416697263,0.0,0.0,176.56087424712156,209.46957890973773,1070.2618886401468,0.0,0.0,17.663114613593984,21.007127870703948,83.139505919547,0.0,0.0,96.23972706398092,114.40224609560892,479.80133609916546,29.770461635675564,20.418697966855676,144.72782204611199,171.23915195937597,1263.4897111393576,0.0,0.0,108.33858404565084,128.93747714621214,463.8412048766768,0.0,18.159806365617685,57.60154247204363,22.0,30.0,0.0,18.299921165672616,57.97665766014808,16.0,30.0,0.0,18.225001214066155,58.05985968431685,22.0,30.0,0.0,18.347607181546527,56.812233583327678,16.0,30.0,0.0,16.387475276141385,61.80570161453595,12.0,30.0,0.0,17.65476968927376,57.57208376023269,16.0,30.0,0.0,17.135149516903437,59.76754896269873,10.0,30.0,0.0,16.457032006046874,61.702354998153889,12.0,30.0,0.0,16.596190406129087,61.28598057612245,12.0,30.0,0.0,17.75590458793871,0.0,0.0,0.0,16.231269196710323,0.0,0.0,472.3746071764917,464.20218032853946,466.0430023525482,473.9830921940952,498.18416066400598,491.75827920827478,489.14597160816376,495.9256936857388,494.56060682434028,0.0,84.63541832132292,84.63541832132292,60.0,0.0,60.0,60.0,16.0,16.0,16.0,12.0,12.0,12.0,21.0,10.0,0.0,0.0,0.0,0.0,0.0,0.0,0.0,0.0,0.0,0.0,0.0,0.0,0.0,84.63541832132292,84.63541832132292,0.0,0.0,0.0,84.63541832132292,0.0,0.0,0.0019466666666666667 
 04/05  14:30:00,14.2,82.5,6.08,123.0,1.0,0.0,0.0,0.0,0.0,0.0,0.0,0.0,0.0,0.0,0.0,970.0,0.0,190.92998716663235,43.23359456781522,110.78454630808541,5.7250657232465189,152.38052688501737,0.0,43.233594567815199,59.103601518539779,0.0,0.0,18.08603678094419,18.57750709512584,18.466529505605338,-125.07684999427784,18.241342937252264,-2.0019643561140585,18.407218028651557,-99.41173821536177,16.35339526266278,6.40995075197003,17.73534987030532,-48.62332334096709,17.0618764991222,27.70144797161629,16.464633137243867,-8.052262764984789,16.72090900213378,-49.98415957832958,130.3764196176162,188.46200231851163,0.0,0.0,0.0,0.0,0.0,0.0,0.0,0.0,0.0,0.0,0.0,0.0,0.0,0.0,0.0,0.0,0.0,0.0,0.0,0.0,0.0,0.0,0.0,0.0,194.14956870928206,229.43035564993893,1536.9826254658222,0.0,0.0,119.62747103967698,141.29171263468369,977.1472988142209,0.0,0.0,88.03596453192854,104.00629063129229,719.0116433091795,0.0,0.0,85.47653541724523,100.95759830247482,699.4500449693636,0.0,0.0,6.015708863217672,7.1562991047013899,26.766035800244507,0.0,0.0,43.67114922566297,51.719348198354598,304.8373132752747,0.0,0.0,175.27690896261414,207.9337862216364,1046.4416575899002,0.0,0.0,18.057414774405208,21.474910573785537,82.87547258087031,0.0,0.0,93.99133248203784,111.71136725592119,462.7553857771628,30.467447657577325,20.896740505882947,168.1130102532243,198.88990744923729,1426.9191143564349,0.0,0.0,106.4405045878276,126.6568098590994,452.16447398687316,0.0,18.141064864332554,58.31931579053607,22.0,30.0,0.0,18.268226160169509,58.2793719970352,16.0,30.0,0.0,18.267879136049975,57.05403530394795,22.0,30.0,0.0,18.27568019386666,58.0632320046957,16.0,30.0,0.0,16.382208030605559,62.04694977304879,12.0,30.0,0.0,17.650812697509925,57.75404377819313,16.0,30.0,0.0,17.143163411142074,59.83364086097869,10.0,30.0,0.0,16.452177043675364,62.02575124392224,12.0,30.0,0.0,16.61894465016319,61.566080925104738,12.0,30.0,0.0,17.782197867939194,0.0,0.0,0.0,16.26838024219328,0.0,0.0,466.59095805780518,463.2203135322278,474.47013464450978,465.07208273925087,495.8602549733541,490.10951378085158,488.1606421473994,492.8260254566951,490.8550544363591,0.0,84.63541832132292,84.63541832132292,60.0,0.0,60.0,60.0,16.0,16.0,16.0,12.0,12.0,12.0,21.0,10.0,0.0,0.0,0.0,0.0,0.0,0.0,0.0,0.0,0.0,0.0,0.0,0.0,0.0,84.63541832132292,84.63541832132292,0.0,0.0,0.0,84.63541832132292,0.0,0.0,0.0019533333333333336 
 04/05  14:40:00,14.253333333333334,82.33333333333334,6.243333333333333,121.5,1.1666666666666666,0.0,0.0,0.0,0.0,0.0,0.0,0.0,0.0,0.0,0.0,970.0,0.0,189.40468654642008,42.68051728012194,109.36730659324536,5.679328883144578,151.16318500097314,0.0,42.68051728012192,58.347502934844559,0.0,0.0,18.06490177279787,17.792871980996098,18.45535272039249,-105.50492108744266,18.23511407769714,-14.717132897212196,18.377379171926543,-87.43150115560911,16.34840220199035,6.7099225543684899,17.729221819103097,-47.17720007455432,17.064509411798868,30.43051227527667,16.457556109778797,-6.696890267269964,16.73406687080739,-45.23270818593619,126.57468994754345,177.78108627151279,0.0,0.0,0.0,0.0,0.0,0.0,0.0,0.0,0.0,0.0,0.0,0.0,0.0,0.0,0.0,0.0,0.0,0.0,0.0,0.0,0.0,0.0,0.0,0.0,169.9602814895849,200.86430096445063,1320.098444236116,0.0,0.0,106.63227304104801,125.94455158992251,858.7685679989456,0.0,0.0,86.80233383614152,102.5284773982293,700.0590027533891,0.0,0.0,84.19018621313693,99.4490623322741,673.6819115712029,0.0,0.0,6.080333990558563,7.232931192208501,26.34212377326881,0.0,0.0,43.484472287943038,51.49690022701554,298.55368755808407,0.0,0.0,172.68461299227767,204.83128400031465,1015.8717561808904,0.0,0.0,18.462750485926468,21.956064135320309,82.59560616790184,0.0,0.0,90.83003616960736,107.94111745127253,441.3852965636719,31.16321442638285,21.373946794501277,152.96880385313973,180.97048642892583,1293.5527226072498,0.0,0.0,103.58761195436699,123.24312101839746,436.08404353947949,0.0,18.11975533570583,58.23388862640309,22.0,30.0,0.0,18.2643949604357,58.238097967959358,16.0,30.0,0.0,18.2702137152249,57.88034096279526,22.0,30.0,0.0,18.238307646717176,58.22908753193564,16.0,30.0,0.0,16.377572327792075,62.25920728350284,12.0,30.0,0.0,17.647160676032145,57.89285419393383,16.0,30.0,0.0,17.15319784099053,60.22404534957819,10.0,30.0,0.0,16.44806966149443,62.26092621786962,12.0,30.0,0.0,16.640797264428778,61.64313900018653,12.0,30.0,0.0,17.755358633460788,0.0,0.0,0.0,16.303053051153787,0.0,0.0,468.7337028799221,464.10099777307507,467.01752059519546,465.1078230665331,493.85406687416897,488.81265253128506,484.130190006642,490.7423997728194,489.3810322567094,0.0,84.63541832132292,84.63541832132292,60.0,0.0,60.0,60.0,16.0,16.0,16.0,12.0,12.0,12.0,21.0,10.0,0.0,0.0,0.0,0.0,0.0,0.0,0.0,0.0,0.0,0.0,0.0,0.0,0.0,84.63541832132292,84.63541832132292,0.0,0.0,0.0,84.63541832132292,0.0,0.0,0.00196 
 04/05  14:50:00,14.306666666666667,82.16666666666667,6.406666666666667,120.0,1.3333333333333333,0.0,0.0,0.0,0.0,0.0,0.0,0.0,0.0,0.0,0.0,970.0,0.0,187.95099846575494,42.12082735551988,107.93312232179872,5.635739300534783,150.00299621638008,0.0,42.12082735551986,57.5823643751596,0.0,0.0,18.05658566968016,26.985144071450124,18.441430719048144,-110.02556447036068,18.1773441838617,-83.04230793679153,18.400680223040895,-14.692513695920411,16.34391916264799,6.842038628157837,17.724178229396104,-44.63178007181432,17.061835416989206,29.253965140294896,16.451333171757005,-5.383196372574616,16.745602924063179,-42.97410669999408,123.81431128774693,172.3090451522271,0.0,0.0,0.0,0.0,0.0,0.0,0.0,0.0,0.0,0.0,0.0,0.0,0.0,0.0,0.0,0.0,0.0,0.0,0.0,0.0,0.0,0.0,0.0,0.0,203.77288067923494,240.80565503793464,1562.5524737485808,0.0,0.0,108.32147435370585,127.93240486634454,858.0456055261692,0.0,0.0,88.08989780940822,104.06978995314809,683.5877005827499,0.0,0.0,4.551660910164484,5.375687262080444,36.53291440007295,0.0,0.0,6.03943991094194,7.18397268475548,25.462437984142729,0.0,0.0,42.16928443401412,49.93572879590358,284.84466166075029,0.0,0.0,171.55504114687097,203.48718756662067,990.3259224015652,0.0,0.0,18.826733071362616,22.38822282269646,82.06924055036986,0.0,0.0,91.01342552614071,108.14752857694697,435.81619615185988,31.873434936441187,21.86106648589931,157.56639496493069,186.42271142194,1301.0345012091933,0.0,0.0,104.17085062545043,123.90878014336535,435.70137306424859,0.0,18.123844089177,58.471081820850937,22.0,30.0,0.0,18.25162942138456,58.69559988524073,16.0,30.0,0.0,18.170230021650885,58.87394485475838,22.0,30.0,0.0,18.304797392441765,57.66416723490062,16.0,30.0,0.0,16.37327768770128,62.51424276953876,12.0,30.0,0.0,17.645286591363339,58.22282559749122,16.0,30.0,0.0,17.151840490103625,60.29006725372072,10.0,30.0,0.0,16.44470085040372,62.42791141075187,12.0,30.0,0.0,16.65911500569867,61.72708145545135,12.0,30.0,0.0,17.73015173518924,0.0,0.0,0.0,16.343188441138979,0.0,0.0,466.66920015454209,460.7610293115874,461.89433301176896,468.2387270287614,491.5239105536202,485.65522265325117,483.6772319386369,489.27774311323045,487.9125501515389,0.0,84.63541832132292,84.63541832132292,60.0,0.0,60.0,60.0,16.0,16.0,16.0,12.0,12.0,12.0,21.0,10.0,0.0,0.0,0.0,0.0,0.0,0.0,0.0,0.0,0.0,0.0,0.0,0.0,0.0,84.63541832132292,84.63541832132292,0.0,0.0,0.0,84.63541832132292,0.0,0.0,0.0020066666666666667 
 04/05  15:00:00,14.36,82.0,6.57,118.5,1.5,0.0,0.0,0.0,0.0,0.0,0.0,0.0,0.0,0.0,0.0,970.0,0.0,186.58547135474749,41.55390887539834,106.4804152340372,5.5947931709552869,148.9131676451231,0.0,41.55390887539832,56.80734383204835,0.0,0.0,18.030830854553679,17.246140958147408,18.423343172859725,-115.86122812594613,18.18776905524559,1.1511411472297369,18.35936428217815,-102.97737371806125,16.340145651654617,7.1299210464768809,17.71836113803139,-44.864828387035007,17.06497542519511,33.30893964883944,16.44623604837689,-3.850949364949315,16.757440163982048,-38.25166196355076,132.6330591065671,162.20842951840769,0.0,0.0,0.0,0.0,0.0,0.0,0.0,0.0,0.0,0.0,0.0,0.0,0.0,0.0,0.0,0.0,0.0,0.0,0.0,0.0,0.0,0.0,0.0,0.0,177.56079149234294,209.83041697777467,1330.712968441537,0.0,0.0,113.23310072817428,133.73952691227729,880.222050097672,0.0,0.0,96.77577630865574,114.33010305011664,749.6364196494282,0.0,0.0,94.34985370986813,111.44158977949019,732.4521557122815,0.0,0.0,6.129037866853875,7.290242134132282,25.136701644569376,0.0,0.0,42.78684494692876,50.66565472389687,284.07451465583508,0.0,0.0,170.1901775917907,201.84889361009417,967.708163701948,0.0,0.0,19.187270858662499,22.815490103877925,81.49457310914028,0.0,0.0,88.26985812527946,104.87251503000532,416.5599057088715,32.599830705136309,22.359280319023538,168.72669600719636,199.60243877068425,1366.489574770689,0.0,0.0,101.76072100708257,121.02589884496071,420.4842849751299,0.0,18.090199099203109,59.06852440042702,22.0,30.0,0.0,18.231093352907054,58.818720566194,16.0,30.0,0.0,18.21735829243254,57.9230566044452,22.0,30.0,0.0,18.225861637489733,58.70892299856072,16.0,30.0,0.0,16.369754755503914,62.74567500839075,12.0,30.0,0.0,17.641152327742796,58.37422849882553,16.0,30.0,0.0,17.162287758905106,60.485116163842807,10.0,30.0,0.0,16.442614004729568,62.74437898113079,12.0,30.0,0.0,16.678247079409599,61.97990820296896,12.0,30.0,0.0,17.743669162943819,0.0,0.0,0.0,16.371748085590565,0.0,0.0,462.85342973122479,460.9011333361111,468.8264608131006,462.0781012178178,489.4542786780221,484.40741066130718,481.5645815234195,486.4682245444745,484.9238087122877,0.0,84.63541832132292,84.63541832132292,60.0,0.0,60.0,60.0,16.0,16.0,16.0,12.0,12.0,12.0,21.0,10.0,0.0,0.0,0.0,0.0,0.0,0.0,0.0,0.0,0.0,0.0,0.0,0.0,0.0,84.63541832132292,84.63541832132292,0.0,0.0,0.0,84.63541832132292,0.0,0.0,0.0020533333333333338 
 04/05  15:10:00,14.391666666666666,82.16666666666667,6.390000000000001,117.0,1.6666666666666668,0.0,0.0,0.0,0.0,0.0,0.0,0.0,0.0,0.0,0.0,9710.0,0.0,185.32880435365437,40.979022905496439,105.0072918497408,5.557111146827949,147.9102190370925,0.0,40.979022905496417,56.02143112635407,0.0,0.0,19.19504079059527,-734.0650408329243,18.612281766624056,705.8624714579192,19.62845645675843,-2277.169882385444,18.650109633324676,867.8676961934117,16.33987418311819,12.769296474386233,17.717087180527249,-29.355023775189005,17.16594276569142,199.95693889031018,16.443292978868784,0.5248423712272141,16.766958945387779,-24.609260084006928,316.9404682764003,208.67517322791623,0.0,0.0,0.0,0.0,0.0,0.0,0.0,0.0,0.0,0.0,0.0,0.0,0.0,0.0,0.0,0.0,0.0,0.0,0.0,0.0,0.0,0.0,0.0,0.0,396.0745246467822,467.0573260791061,4468.180144624825,0.12781265057526829,0.01950742530147563,333.45912865850098,394.979241394804,2883.4278992416654,0.0,0.0,518.1179116612783,610.0212693682933,6314.698697821211,0.09167867978275012,0.017324013564389664,351.34458838042357,415.9090181873452,3191.9998242793,0.0,0.0,8.021487773883964,9.586674228248239,32.40983060342283,0.0,0.0,36.94993201261847,44.00707091868311,242.97264338158079,0.0,0.0,192.30255779116747,229.0406003031385,1162.6446901475743,0.0,0.0,22.1150825541362,26.4257129928331,92.5042933134127,0.0,0.0,104.66927923917234,124.94547165667564,490.0746157702385,32.797596990888369,22.494922490321249,675.7091093883549,801.055199001734,5754.087663339577,0.0,0.0,120.00121585547275,143.3491959344148,514.1306944878098,1929.6572155023505,19.870641250357289,53.10781819170964,21.999999999999998,30.0,0.0,18.624878582508928,57.32152141367627,15.999999999999999,30.0,4391.529030729758,20.321030677781168,51.74161803649645,21.999999999999998,30.0,0.0,18.830520065809325,56.659110951675888,15.999999999999999,30.0,0.0,16.372569619244648,62.956932205241859,12.0,30.0,0.0,17.645456437687565,58.683616408865159,15.999999999999999,30.0,0.0,17.367106180676186,60.42054485674888,10.0,30.0,0.0,16.443920844003278,62.982812888674128,12.0,30.0,0.0,16.69248900396965,62.28801528862602,15.999999999999999,30.0,0.0,18.357039815533747,0.0,0.0,0.0,16.472690586424755,0.0,0.0,461.73519498715248,461.92444884335898,460.904303150076,461.4542886660953,487.458087234892,481.48945886654249,475.5864156934276,484.3666616361412,481.85506602643138,10160.68310890762,81.28640909027803,84.10394528178007,60.0,0.0,60.0,60.0,16.0,16.0,16.0,16.0,12.0,12.0,21.0,10.0,1.0,0.0,1929.6572155023505,0.0,4391.529030729758,0.0,0.0,0.0,0.0,0.0,4263.949735367594,2558369.8412205565,3323816.3234369505,81.28640909027803,84.15179639989002,0.3461316578455865,0.7675475063478698,0.3602813740196596,84.15179639989002,0.3542647819438876,3323816.3234369505,0.1749384488187214 
 04/05  15:20:00,14.423333333333334,82.33333333333334,6.210000000000001,115.5,1.8333333333333335,0.0,0.0,0.0,0.0,0.0,0.0,0.0,0.0,0.0,0.0,2913.0,0.0,184.20711678378076,40.395277974060679,103.51146782012612,5.523476401876343,147.01499592884577,0.0,40.395277974060658,55.223407548603,0.0,0.0,19.982221997304774,-1353.2131896674783,19.19932283508006,718.0866548155813,20.496099670670249,-3437.42685535213,19.39634489521736,706.9534326989011,16.348166622469209,18.643638940663715,17.73048889775822,-12.917549508474086,17.427228161685095,184.65348531966016,16.44721297816338,7.236690759491047,16.792866591951709,-5.06429338416501,462.04900588265186,267.93372478774429,0.0,0.0,0.0,0.0,0.0,0.0,0.0,0.0,0.0,0.0,0.0,0.0,0.0,0.0,0.0,0.0,0.0,0.0,0.0,0.0,0.0,0.0,0.0,0.0,466.51986177277277,547.706648544514,6194.182919869283,0.18852072814883809,0.028773004906721315,399.44862374517438,471.3387372012339,4156.025212864922,0.0,0.0,585.1344766356604,685.916565425502,8342.251822500826,0.12233182636587664,0.023116369305721194,392.9621391324552,463.09942418916787,4412.459115492569,0.0,0.0,9.28664322819701,11.083697736162327,37.24053428995167,0.0,0.0,28.442293504838007,33.8034246217201,186.9660399805726,0.0,0.0,213.86166542322423,253.95825529465635,1456.6333918941078,0.0,0.0,25.306790014785216,30.193134292768556,104.87081361838654,0.0,0.0,127.03652731398606,151.4021896297823,597.6370723400071,32.78188067327277,22.484143122958,784.77694423191,927.8338963691188,7594.688822188204,0.0,0.0,145.54127672293508,173.46275438807687,681.4204685692903,1910.5603391322555,21.1005567889314,49.28649504369043,21.999999999999994,29.99999999999999,0.0,19.62294991498476,53.90409678390938,15.999999999999993,29.99999999999999,4314.312234475206,21.627448600112506,47.793565489155508,21.999999999999994,29.99999999999999,0.0,20.05782731400312,52.56684372226157,15.999999999999993,29.99999999999999,0.0,16.389184617945796,63.43760957402701,11.999999999999995,29.99999999999999,0.0,17.67460465073129,59.041136131034729,15.999999999999993,29.99999999999999,0.0,17.786713861905576,59.20148218481147,9.999999999999997,29.99999999999999,0.0,16.455838446754574,63.55098324944795,11.999999999999995,29.99999999999999,0.0,16.734727681600089,62.73317069128394,15.999999999999993,29.99999999999999,0.0,19.071534599505648,0.0,0.0,0.0,16.701993485259256,0.0,0.0,460.901801206389,461.7037006028047,460.1796537905444,460.80748175004859,482.76860244902499,477.43784278474899,472.50436816505228,479.296905910752,476.83580990949715,9065.419347658584,82.01074998481249,82.01074998481249,59.99999999999998,0.0,59.99999999999998,59.99999999999998,16.0,16.0,16.0,16.0,12.0,12.0,21.0,10.0,1.0,0.0,1910.5603391322555,0.0,4314.312234475206,0.0,0.0,0.0,0.0,0.0,0.0,0.0,0.0,82.01074998481249,82.01074998481249,0.3399999999999999,0.7708271762413448,0.36028137401965945,82.01074998481249,0.35426478194388735,0.0,0.0021466666666666667 
 04/05  15:30:00,14.455,82.5,6.03,114.0,2.0,0.0,0.0,0.0,0.0,0.0,0.0,0.0,0.0,0.0,0.0,2913.0,0.0,183.25370000543158,39.80159077051639,101.99016722041134,5.49488715966538,146.25406778202177,0.0,39.80159077051637,54.41179213110868,0.0,0.0,20.45095362427957,-1267.642148983588,19.728640174633897,906.8570867472963,20.647686056421987,-1646.20888836922,19.864969494704178,736.0190927723255,16.36452330924088,26.782061252613504,17.762310472155329,24.725506029256459,17.64695745851548,227.7240529989042,16.47122140008964,29.388548989802709,16.85708952151976,72.51629982344727,711.5269294965192,387.85847539875479,0.0,0.0,0.0,0.0,0.0,0.0,0.0,0.0,0.0,0.0,0.0,0.0,0.0,0.0,0.0,0.0,0.0,0.0,0.0,0.0,0.0,0.0,0.06427545916304603,0.019620103529623329,459.3525102106786,538.2528778037322,6597.172238165328,0.198762874635671,0.030336214077483355,385.2887160201906,453.3251054226108,4638.533839049623,0.0,0.0,452.83434240280016,530.5655815355166,6565.785302773676,0.13442481147164546,0.02540151388353087,353.39096069095145,415.3024681370493,4451.887884089971,0.0,0.0,9.964444983390108,11.891849686204197,39.86736370498803,0.0,0.0,45.78699841898851,54.38741893976261,303.59315847226159,0.0,0.0,266.84905813282617,316.50900751886806,1989.2544800165293,0.0,0.0,30.345047916663448,36.200592507333897,126.55847323316888,0.0,0.0,154.17376745953508,183.69607691622148,749.7132704057606,33.02375424768319,22.65003720691577,731.6419600722611,861.8580676629426,8612.758957193928,0.0,0.0,177.75909019377986,211.67175090820838,928.389503895043,1819.3094211152334,21.713048201717709,47.60606606278712,21.999999999999994,29.99999999999999,0.0,20.502612990527209,51.17304249250195,15.999999999999993,29.99999999999999,1752.98560170562,21.713183206745339,47.66166582963247,21.666666666666658,29.99999999999999,0.0,20.78442095915847,50.372414184195708,15.999999999999993,29.99999999999999,0.0,16.417081693226913,63.86691171013328,11.999999999999995,29.99999999999999,0.0,17.73525460387022,59.39915120896761,15.999999999999993,29.99999999999999,0.0,18.15137726231792,58.33996385618346,9.999999999999997,29.99999999999999,0.0,16.501696162517015,64.09046969875783,11.999999999999995,29.99999999999999,0.0,16.847638262177676,62.99530269329712,15.999999999999993,29.99999999999999,0.0,20.115482124922733,0.0,0.0,0.0,17.014429437159195,0.0,0.0,459.9334325865482,460.8028783648594,459.50630653183569,460.04866987532207,478.2817213378655,472.4622600340908,468.40440551523116,473.5163893509539,471.11676397877229,10485.127840185578,81.07171166757806,86.09453986377281,59.99999999999998,0.0,59.99999999999998,59.99999999999998,16.0,16.0,16.0,16.0,12.0,12.0,21.0,10.0,1.0,0.0,1819.3094211152334,0.0,1752.98560170562,0.0,0.0,0.0,0.0,0.0,7600.8149220196669,4560488.953211801,5946424.346417366,81.07171166757806,86.17984416118947,0.36669383073398889,0.7659058544137525,0.36028137401965945,86.17984416118947,0.35426478194388735,5946424.346417366,0.3114073993470363 
 04/05  15:40:00,14.486666666666667,82.66666666666666,5.8500000000000009,114.5,4.999999999999999,0.0,0.0,0.0,0.0,0.0,0.0,0.0,0.0,0.0,0.0,7768.0,0.0,193.61726463845313,39.92023461991412,102.2941983021787,5.80563507597315,154.52513431603297,0.0,39.9202346199141,54.57398726818963,0.0,0.0,20.576206174690215,-1353.819609788447,19.959422798798003,567.9760229598703,20.583625937384036,-781.0608862546881,19.993750718822676,338.0250549846086,16.382748406040557,29.865708026947887,18.783124098258268,-122.66757485464822,17.755893800632714,219.36632065201867,16.501424696508658,36.32668330485028,16.926759569285605,83.9806367286294,675.1657317565196,414.50224209900196,0.0,0.0,0.0,0.0,0.0,0.0,0.0,0.0,0.0,0.0,0.0,0.0,0.0,0.0,0.0,0.0,0.0,0.0,0.0,0.0,0.0,0.0,0.05456524239831293,0.01665605689814192,446.6465774977864,523.758491772848,6448.089213770322,0.14157824547943677,0.021608401324700357,314.62318233436999,370.3062690641032,3918.9704049408067,0.04967779321489092,0.009387338098051954,322.1225274110052,378.0970719755941,4536.582462103606,0.11554463616120948,0.02183383147415145,272.7204478782576,320.8399976344679,3452.1281347081787,0.0,0.0,9.857105553959002,11.774520654629964,39.300762616538587,0.0,0.0,54.292858805953347,64.17071760621278,521.6947294555014,0.0,0.0,277.52286554709118,329.33464081448508,2126.3124918943897,0.0,0.0,31.692750474269859,37.84250722955513,133.14777221591928,0.0,0.0,158.43383523262166,188.9139152455268,792.4203237121951,32.06275789959851,21.99091762661078,591.1862948515227,697.1084346895423,7079.166339195636,0.0,0.0,183.2364851078257,218.3392083457898,991.5926886736965,1809.4053651500179,21.778368075205394,47.6025821977078,22.0,30.0,0.0,20.750538320600076,50.586378290973318,16.0,30.0,1260.1484906339463,21.528348994750126,48.34255570178301,21.375,30.0,0.0,20.845775781596136,50.30765003218047,16.0,30.0,0.0,16.442255431779598,64.21449933728613,12.0,30.0,1758.2213383771739,19.124072524176026,54.883869369346118,20.0,30.0,0.0,18.284907183204039,58.158686109585847,10.0,30.0,0.0,16.54918453219748,64.36762449804356,16.0,30.0,0.0,16.949528287429,62.96697522905637,16.0,30.0,0.0,20.193650296466975,0.0,0.0,0.0,17.1414922517456,0.0,0.0,458.5617937550966,459.45300337397256,458.5531216505102,459.2661734140084,474.6648018866544,468.89523564037958,465.97435281897836,469.85885996511657,468.1886716444913,9813.994120870559,81.51569505965822,83.31915390797316,60.0,0.0,60.0,60.0,16.0,16.0,19.0,16.0,16.0,12.0,21.0,10.0,1.0,0.0,1809.4053651500179,0.0,1260.1484906339463,0.0,1758.2213383771739,0.0,0.0,0.0,2729.213445688786,1637528.0674132719,2131383.698935792,81.51569505965822,83.34978262629005,0.34597378152295957,0.7696102616913473,0.36028137401965956,83.34978262629005,0.3542647819438875,2131383.698935792,0.11307195234466119 
 04/05  15:50:00,14.518333333333335,82.83333333333334,5.67,115.0,7.999999999999998,0.0,0.0,0.0,0.0,0.0,0.0,0.0,0.0,0.0,0.0,971.0,0.0,204.22490996324496,40.007968013577649,102.51902214706556,6.123701486794726,162.9909974564096,0.0,40.007968013577627,54.693925468813329,0.0,0.0,20.609274153060288,-1529.1399540092535,20.045784212652138,437.4246468419642,20.203250750462006,8.652122330267958,19.837313285760407,216.1332949938751,16.413293501378435,33.69013299353844,19.283886825232054,-280.980857157474,17.90806518804631,202.60418357021809,16.543812198489954,39.13099773617819,17.009638564505694,74.83945400410357,623.5953292410632,435.2471330788103,0.0,0.0,0.0,0.0,0.0,0.0,0.0,0.0,0.0,0.0,0.0,0.0,0.0,0.0,0.0,0.0,0.0,0.0,0.0,0.0,0.0,0.0,0.030688632988103569,0.009367714587333202,477.1081757552847,556.615790950025,6757.961674452213,0.09653946970113679,0.014734351297487302,262.56996189641856,307.23188074621069,3280.8292191226,0.16102763575348759,0.030428502598920567,211.32848223978537,247.0971174124783,2727.8853783767974,0.1048349850247877,0.019810087873164716,220.87972061230679,258.74523228886968,2618.6861845121,0.0,0.0,10.525460012776773,12.503023378608816,42.29106472776172,0.0,0.0,79.70457374643402,93.52515599569857,879.2681482567585,0.0,0.0,306.6303062097444,361.6583143367272,2470.386393251872,0.0,0.0,32.85962295027204,39.012869811996868,140.54152597067074,0.0,0.0,164.65401727319316,195.17495456821144,855.3318732372061,31.020102957806836,21.275790780388783,478.4171957199581,561.0245394918533,5697.359747367891,0.0,0.0,190.58426140227963,225.7328656771433,1079.515225287122,1913.5325596587823,21.66031704869735,48.15868267148005,22.0,30.0,0.0,20.797889053140346,50.68106168370181,16.0,30.0,299.34691183032319,21.007728239798348,50.04637681273583,21.0,30.0,0.0,20.469121233704283,51.63119673477635,16.0,30.0,0.0,16.488421521649319,64.69707213999648,12.0,30.0,685.2661957514956,20.031563284880659,52.26116290641113,20.0,30.0,0.0,18.51807751644549,57.530176166717279,10.0,30.0,0.0,16.61774281170749,64.58485639293456,16.0,30.0,0.0,17.07687815677087,62.799419586391007,16.0,30.0,0.0,20.137607674174214,0.0,0.0,0.0,17.298948079584475,0.0,0.0,456.93199308592997,457.6844561591377,457.5739726073483,458.36050907499779,469.51444682985149,465.1014680421782,464.31154524051297,466.1959961265473,465.68716879463076,9474.586583005781,81.7401890878283,81.74018908782831,60.0,0.0,60.0,60.0,16.0,16.0,19.0,16.0,16.0,12.0,21.0,10.0,1.0,0.0,1913.5325596587823,0.0,299.34691183032319,0.0,685.2661957514956,0.0,0.0,0.0,0.0,0.0,0.0,81.7401890878283,81.7401890878283,0.34,0.7714082916764258,0.36028137401965956,81.7401890878283,0.3542647819438875,0.0,0.00225 
 04/05  16:00:00,14.55,83.0,5.49,115.5,11.0,0.0,0.0,0.0,0.0,0.0,0.0,0.0,0.0,0.0,0.0,3884.0,0.0,215.17096569531476,40.06010786295415,102.65263856254693,6.451914812908973,171.72694063667425,0.0,40.06010786295413,54.76520459588087,0.0,0.0,20.5088654203252,-1048.7281636291137,20.111004259393618,498.4435534150193,20.733866678938747,-1035.2054998367699,19.978911506693849,548.2453794117014,16.431926588290439,33.847376392598807,19.0447126535893,-163.2668320997832,17.941704495901584,187.56959262571855,16.568846521286316,47.45477557380417,17.0587817481709,104.56621289247323,615.9239850942586,440.5913257610039,0.0,0.0,0.0,0.0,0.0,0.0,0.0,0.0,0.0,0.0,0.0,0.0,0.0,0.0,0.0,0.0,0.0,0.0,0.0,0.0,0.0,0.0,0.09499985076325357,0.0289987334442166,440.4009264436144,516.3185669621695,6122.9307078775659,0.12831447429558363,0.01958401622337967,291.775332044169,342.85209722116999,3648.9202750101155,0.10413533367085175,0.01967787862260994,370.1909867554538,433.87368523990417,5301.653659148333,0.14638133080775379,0.027660871278865033,320.37203108225676,376.71359360858977,3958.085110085676,0.0,0.0,10.000792730003877,11.933028504819145,39.89259636526196,0.0,0.0,69.94146283539846,82.59698059736134,701.450284215389,0.0,0.0,296.75280452646396,351.61043636381296,2372.965253484039,0.0,0.0,32.9318327468145,39.27001593624031,140.80247228628958,0.0,0.0,164.31899641189285,195.62402967207664,862.5697247566227,30.3814016061445,20.837724009701309,606.4191335354728,714.2540708266904,7158.7640497723909,0.0,0.0,189.99167199757609,225.98843745980219,1097.2028516502438,1247.8067818128075,21.60462543390894,48.40003356865507,21.75,30.0,0.0,20.83710062071314,50.64168008185725,16.0,30.0,1646.6122949581284,21.717785182048944,48.07785774602877,21.5,30.0,0.0,20.73890239604145,50.95725793895737,16.0,30.0,0.0,16.507513627594599,64.8270747077447,12.0,30.0,0.0,19.54178879744574,54.00415719037284,19.0,30.0,0.0,18.52299929306101,57.73235111832175,10.0,30.0,0.0,16.650527653259034,64.61929769383264,16.0,30.0,0.0,17.13860330501259,62.7550740081906,16.0,30.0,0.0,20.198557379397355,0.0,0.0,0.0,17.388722454267886,0.0,0.0,456.612022948955,457.139028440134,456.539203376205,457.10422203784585,467.94115448658547,464.045718750521,462.6410937452718,465.0071450430312,464.26162907458618,8699.04339925603,82.25289792170341,84.02857215176069,60.0,0.0,60.0,60.0,16.0,16.0,19.0,16.0,16.0,12.0,21.0,10.0,1.0,0.0,1247.8067818128075,0.0,1646.6122949581284,0.0,0.0,0.0,0.0,0.0,2687.216017630914,1612329.6105785485,2116541.2694037107,82.25289792170341,84.05872899502094,0.34457386725436386,0.7660263328166928,0.36028137401965956,84.05872899502094,0.3542647819438875,2116541.2694037107,0.11232014600899293 
 04/05  16:10:00,14.533333333333335,83.33333333333334,5.536666666666667,116.0,14.000000000000002,0.0,0.0,0.0,2.0,0.0,0.0,0.0,0.0,0.0,4.0,3884.0,0.0,226.60017629218135,40.070851977973969,102.6801797250483,6.79461513512463,180.848482742584,0.0,40.070851977973948,54.779892615675397,0.0,0.0,20.703031526607718,-1201.8025374878462,20.203369956853913,429.3775716034779,20.521548493423326,-699.4485377298217,20.026720450823498,264.4085389489114,16.453256224966454,32.167259543067988,18.86352296666979,-41.21041704526907,17.933180985289824,145.52061230417963,16.59686415827086,43.84344982741496,17.10653145140091,76.74983369935012,583.0951312587927,366.91299321931458,0.0,0.0,0.0,0.0,0.0,0.0,0.0,0.0,0.0,0.0,0.0,0.0,0.0,0.0,0.0,0.0,0.0,0.0,0.0,0.0,0.0,0.0,0.035197662392299867,0.010744097189346724,352.0738106014733,412.7135735722376,4946.697225990821,0.11657885757033351,0.017792865929538088,276.57152003220178,324.9945305248602,3518.9385028981707,0.10917296308899097,0.020629811619234885,260.6752030743475,305.9238072109745,3499.4248585057077,0.12733693291749408,0.02406215663595881,269.277392095052,316.630074014044,3318.310331227768,0.0,0.0,10.200649932685206,12.169774703698714,41.50872684495707,0.0,0.0,15.015597078633038,17.747407766619973,140.63177700532686,0.0,0.0,226.85946451306888,268.79079110105757,1795.7862275782382,0.0,0.0,32.07917239162694,38.24495025706889,140.65301298559138,0.0,0.0,148.64985824081817,176.8951863070455,801.916951496662,30.48983192046985,20.912093223916228,540.3148882731597,636.5766568721341,6388.249143636111,0.0,0.0,172.77327419356647,205.4825422153084,993.4653920717831,1835.5107687016062,21.67044601991507,48.74987783915023,22.0,30.0,0.0,20.920874852821699,50.80661046627886,16.0,30.0,0.0,21.309786982470766,50.58305472420393,21.0,30.0,0.0,20.718990141541274,52.257733244658769,16.0,30.0,0.0,16.530652400237636,65.11260183076618,12.0,30.0,0.0,19.200048598028198,56.75501069331385,19.0,30.0,0.0,18.468430845485025,58.435255063471057,10.0,30.0,0.0,16.68803879107329,64.84081357371585,16.0,30.0,0.0,17.193969622767129,62.94819206978891,16.0,30.0,0.0,20.14796022559535,0.0,0.0,0.0,17.35236682454734,0.0,0.0,464.3360955248916,463.287500584625,506.444590604323,504.00159476758827,465.3866148702415,553.5158409204984,462.14293365790538,463.0823361570382,462.27401411009779,9607.780016485376,81.65208201756784,83.36857361147821,1744.0,0.0,1744.0,1744.0,16.0,16.0,19.0,16.0,16.0,12.0,21.0,10.0,1.0,0.0,1835.5107687016062,0.0,0.0,0.0,0.0,0.0,0.0,0.0,2597.741308340469,1558644.7850042815,2018984.4171290938,81.65208201756784,83.39772533710382,0.34159137694468236,0.7673964532823063,0.36028137401965956,83.39772533710382,0.3542647819438875,2018984.4171290938,0.1709685230240462 
 04/05  16:20:00,14.516666666666668,83.66666666666667,5.583333333333334,116.5,17.0,0.0,0.0,0.0,2.0,0.0,0.0,0.0,0.0,0.0,4.0,971.0,0.0,238.73023939405443,40.032864203205999,102.58284711480369,7.158329997576409,190.5293657918552,0.0,40.032864203205978,54.727960447533778,0.0,0.0,20.97164167051747,-1444.0469654853114,20.27634774576597,454.9774036132603,20.70265413026619,-751.9523734706963,20.005904512589184,328.32515987933587,16.479628354396064,33.103336749238568,18.79430258354399,-35.568321118280099,17.957004665178979,170.35191259780914,16.623046294304666,42.61017222409919,17.144301965918439,68.20203000238871,601.9718295983912,372.2788070246479,0.0,0.0,0.0,0.0,0.0,0.0,0.0,0.0,0.0,0.0,0.0,0.0,0.0,0.0,0.0,0.0,0.0,0.0,0.0,0.0,0.0,0.0,0.0,0.0,374.7778059528684,436.54469792546566,5590.25395143603,0.11586971922133034,0.017684633580789125,294.5512234931839,344.3382692902171,3789.1094514409189,0.22423824207455726,0.04237306161650743,274.98545402752998,320.80368710258917,3832.071169807804,0.14649584934768565,0.027682511214604235,285.38965067913809,333.95067418771085,3485.6505229085489,0.0,0.0,10.376486944582084,12.31956934050045,43.28292765706466,0.0,0.0,15.256807210722928,17.946029999898884,138.6905716194914,0.0,0.0,233.1111664489125,274.90909688600507,1860.7837071874986,0.0,0.0,32.81870609063831,38.94133966458383,147.4075342175507,0.0,0.0,153.06303659582378,181.2927433972271,845.0737706113381,30.733007085713039,21.078880031353259,574.1224167208719,672.7208181362802,6907.1306791145129,0.0,0.0,177.9547982525742,210.63330183957036,1047.920865694773,1857.611230682431,22.048378356910108,47.81897066492951,22.0,30.0,0.0,20.985786229346539,51.00127106932856,16.0,30.0,0.0,21.534836720018406,50.06255190600134,21.0,30.0,0.0,20.65067302242755,52.76821391539437,16.0,30.0,0.0,16.563288461646854,65.547440941918,12.0,30.0,0.0,19.040163626895589,59.61591809078817,19.0,30.0,0.0,18.478909426155054,58.68813313879413,10.0,30.0,0.0,16.723318393500568,65.07395629341603,16.0,30.0,0.0,17.23888559808529,63.06854407446265,16.0,30.0,0.0,20.25660584174819,0.0,0.0,0.0,17.409992364728894,0.0,0.0,477.0214730436848,471.84885525132446,516.9432903985559,508.61260675963328,465.2784353246824,684.8485466155557,464.11937899153528,461.95302420178185,462.4679048906994,8281.342489983797,82.52917585181133,82.52917585181133,1744.0,0.0,1744.0,1744.0,16.0,16.0,19.0,16.0,16.0,12.0,21.0,10.0,1.0,0.0,1857.611230682431,0.0,0.0,0.0,0.0,0.0,0.0,0.0,0.0,0.0,0.0,82.52917585181133,82.52917585181133,0.34,0.771802492119151,0.36028137401965956,82.52917585181133,0.3542647819438875,0.0,0.06607822222222222 
 04/05  16:30:00,14.5,84.0,5.63,117.0,20.0,0.0,0.0,0.0,2.0,0.0,0.0,0.0,0.0,0.0,4.0,971.0,0.0,251.88696231574122,39.93666541222142,102.3363509732826,7.55282855664258,201.02961294060493,0.0,39.9366654122214,54.596449406970197,0.0,0.0,20.965109451435084,-1403.7959562416127,20.39126413725306,499.91376318146288,20.764091559980444,-813.401846539924,20.07962128189113,373.5665332178396,16.503759810857536,34.180084375585128,18.78479888440119,-34.09960473760543,18.022415123938559,183.65318556984676,16.64380566798493,44.07585025223398,17.174743755993267,71.3738808287635,610.2348694584107,367.4659049923521,0.0,0.0,0.0,0.0,0.0,0.0,0.0,0.0,0.0,0.0,0.0,0.0,0.0,0.0,0.0,0.0,0.0,0.0,0.0,0.0,0.0,0.0,0.0,0.0,395.7146949044404,461.10265800869277,5807.625132386024,0.12584554931752457,0.01920719617178336,313.39863685096005,366.19487502686959,4129.038594637835,0.25241701622369036,0.0476978488706898,299.8610642457567,349.77977193598448,4193.450841537813,0.16597011168296722,0.03136245496654708,311.07836624262009,363.8897512311328,3872.3781864145137,0.0,0.0,10.587982831223322,12.569081677329324,45.084346773337298,0.0,0.0,15.649383021937658,18.407010560854439,141.5699493545326,0.0,0.0,234.95534744979654,276.9983105237474,1924.9775871785717,0.0,0.0,33.0266333222716,39.18232577369576,151.08233290737568,0.0,0.0,153.2841897683127,181.52314083011124,861.606188410004,30.999613031090985,21.261737332709875,618.1982733851737,724.2376579183394,7518.697475417164,0.0,0.0,178.27221116737898,210.97612845462957,1074.0048419811076,1739.3383148305296,21.906666411066639,48.730809986451877,22.0,30.0,0.0,21.12861271588678,50.628204328703578,16.0,30.0,0.0,21.542632267641076,50.507407415030659,21.0,30.0,0.0,20.753815331204298,52.44498568242613,16.0,30.0,0.0,16.589794605382055,65.73390859949775,12.0,30.0,8.935397196404729,19.000630932417836,60.66209450415057,19.0,30.0,0.0,18.56847916958583,58.470320735289707,10.0,30.0,0.0,16.74793550571377,65.40342731023067,16.0,30.0,0.0,17.272083319971459,63.34367606821923,16.0,30.0,0.0,20.32249978319955,0.0,0.0,0.0,17.461328788707346,0.0,0.0,491.6356726573457,482.2382227537017,528.7733285549779,514.4594789312378,465.4256505404521,734.8722653994234,467.75121951792115,468.22794347271727,468.8976522090362,7114.375454515593,83.30061580485828,83.3006158048583,1744.0,0.0,1744.0,1744.0,16.0,16.0,19.0,16.0,16.0,12.0,21.0,10.0,1.0,0.0,1739.3383148305296,0.0,0.0,0.0,8.935397196404729,0.0,0.0,0.0,0.0,0.0,0.0,83.30061580485828,83.30061580485828,0.34,0.7703641803376922,0.36028137401965956,83.30061580485828,0.3542647819438875,0.0,0.0661751111111111 
 04/05  16:40:00,14.483333333333335,84.33333333333334,5.676666666666667,104.83333333333333,24.333333333333333,0.0,0.0,0.0,2.0,0.0,0.0,0.0,0.0,0.0,4.0,3884.0,0.0,269.76305646523658,36.44558323409498,93.39056750588169,8.088821861600576,215.29619511219188,0.0,36.44558323409496,49.82387539393485,0.0,0.0,20.90361600739871,-999.0245523793283,20.41735280244759,377.15946785395479,20.839714451581828,-779.0515739016146,20.124604397775529,368.9597626595141,16.524130286587697,34.05872481077783,19.344388137175885,-58.19132641020124,18.02355634825265,156.0585325432985,16.661312739523994,48.87256890562469,17.203122604738107,88.26106733868255,609.0647175948734,371.5495781505217,0.0,0.0,0.0,0.0,0.0,0.0,0.0,0.0,0.0,0.0,0.0,0.0,0.0,0.0,0.0,0.0,0.0,0.0,0.0,0.0,0.0,0.0,0.04841769129247266,0.014779515046542328,340.27124073945756,398.6546438043755,4843.533962844628,0.11004757818063912,0.016796028415848466,263.4183435604966,309.21479959723617,3453.6350575551984,0.1556543101652505,0.029413134951861404,290.1249007700524,340.01145559619746,4096.692525088722,0.14692965837119965,0.02776448570884346,299.1862877152087,351.61038762554167,3752.187106618069,0.0,0.0,10.31155236605637,12.296784696739758,44.57923323413532,0.0,0.0,15.172522560041698,17.87903129345107,163.93523681989874,0.0,0.0,231.44039509126635,274.17923525739129,1883.6746199187574,0.0,0.0,32.86360465988544,39.17033307904179,152.63217042811054,0.0,0.0,153.0805784019196,182.1274666080185,874.6824266567332,31.189237088935387,21.391794985552399,556.521938562305,654.9211228495667,6873.351218691861,0.0,0.0,178.31778989980146,211.98887847588896,1100.4774798430254,1105.9295295507366,21.688590915285855,49.57701900287219,21.75,30.0,0.0,21.07869893595153,51.35504507524723,16.0,30.0,0.0,21.60293728942419,50.52754765962264,21.0,30.0,0.0,20.789185871078027,52.90331708287758,19.0,30.0,0.0,16.60683822400452,65.8721283365623,12.0,30.0,764.7161868560386,19.883197721784794,57.901511512398247,19.75,30.0,0.0,18.526803209845448,59.161383185601888,10.0,30.0,0.0,16.767639676199015,65.50362826518423,16.0,30.0,0.0,17.304024014531956,63.441968676788309,16.0,30.0,0.0,20.364084934651257,0.0,0.0,0.0,17.520267924784457,0.0,0.0,496.37600217864397,498.5262515102757,534.8073888040235,528.6416831226115,467.3316928550912,760.3629327473663,478.27975082105527,470.4246953879278,472.1627750405122,7349.4980132883979,81.77999764946438,83.5697426698121,1744.0,0.0,1744.0,1744.0,16.0,19.0,19.0,16.0,16.0,12.0,21.0,10.0,1.0,0.0,1105.9295295507366,0.0,0.0,0.0,764.7161868560386,0.0,0.0,0.0,2708.4878918884608,1625092.7351330764,2106751.8850989488,81.77999764946438,83.60013848180332,0.26028292972961539,0.5742830060543824,0.27021103051474468,83.60013848180332,0.2656985864579156,2106751.8850989488,0.17582309802514535 
 04/05  16:50:00,14.466666666666665,84.66666666666667,5.723333333333334,92.66666666666669,28.666666666666666,0.0,0.0,0.0,2.0,0.0,0.0,0.0,0.0,0.0,4.0,1944.0,0.0,249.98308637791465,32.56070333235159,83.43569792518876,7.495717671345869,199.5098875229907,0.0,32.56070333235158,44.5129500370376,0.0,0.0,20.72147013169166,-380.4627934615005,20.347764017784877,102.18433571264359,20.91411644208238,-818.8696203975178,20.179621652735859,371.4065363525524,16.545692332407236,30.141503707374313,19.26848998760559,-45.342728728434,17.96854220857415,86.54375360965969,16.682514309191104,46.76138716269929,17.236135160650738,79.65810095856932,548.1594241667144,350.88186180331197,0.0,0.0,0.0,0.0,0.0,0.0,0.0,0.0,0.0,0.0,0.0,0.0,0.0,0.0,0.0,0.0,0.0,0.0,0.0,0.0,0.0,0.0,0.2756302680680596,0.08413622346399867,199.54397284481548,234.20094355141573,2677.6909311091005,0.08520940913975969,0.013005099075054899,148.86728268524039,174.89604233464085,1921.816769138357,0.0,0.0,296.4391189405329,346.7484059600197,4227.2631687609159,0.10094616436966769,0.01907523892095005,296.48544065063666,347.7922263960351,3766.3988407668496,0.0,0.0,9.397592837651152,11.191316851890388,41.36373697339236,0.0,0.0,13.114512591862118,15.443914509375638,137.19382467413079,0.0,0.0,219.67039763494388,259.95881344896505,1739.9663143968979,0.0,0.0,31.429378368920163,37.40122078371829,148.747608637011,0.0,0.0,148.66018040211504,176.5640294776296,866.388116195623,31.140129773947103,21.358113699552204,423.28002972754879,497.9571265769264,5213.724229213556,0.0,0.0,172.94473185749775,205.26745321874584,1076.9186791367536,937.3387609568429,21.48626228135102,50.25231569252176,21.5,30.0,0.0,20.88873825858767,52.248505182032378,16.0,30.0,0.0,21.6600077751261,50.61439452821014,21.0,30.0,0.0,20.854963581687416,52.910286836272579,19.0,30.0,0.0,16.628955739998518,66.16151977873727,12.0,30.0,0.0,19.682837624580097,59.6046989305992,19.0,30.0,0.0,18.395174687352794,59.82525058274593,10.0,30.0,0.0,16.794591829882618,65.77823307791724,16.0,30.0,0.0,17.34371458348358,63.64116892805168,16.0,30.0,0.0,20.205083817540506,0.0,0.0,0.0,17.53029490323206,0.0,0.0,501.1992063865456,506.76203091786956,543.1392988881955,535.3939149424758,472.22156320576365,801.5183888850427,482.46750035729908,478.13164645662706,480.13915889904038,9375.556492351758,81.8056722718241,81.8056722718241,1744.0,0.0,1744.0,1744.0,16.0,19.0,19.0,16.0,16.0,12.0,21.0,10.0,1.0,0.0,937.3387609568429,0.0,0.0,0.0,0.0,0.0,0.0,0.0,0.0,0.0,0.0,81.8056722718241,81.8056722718241,0.34,0.7719381605628186,0.36028137401965956,81.8056722718241,0.3542647819438875,0.0,0.06607822222222222 
 04/05  17:00:00,14.45,85.0,5.77,80.5,33.0,0.0,0.0,0.0,2.0,0.0,0.0,0.0,0.0,0.0,4.0,1944.0,0.0,228.20726870838355,28.670574166293404,73.4673757732617,6.842768803994801,182.13071352236853,0.0,28.67057416629339,39.194848537850329,0.0,0.0,20.40737137139461,-372.9630408855419,20.28565067203933,250.6596141401394,20.9828125176224,-811.0948864690909,20.210016662315128,353.76639796449219,16.56352188708876,31.146078311405689,19.1632548973097,-40.426424590217099,17.959827216680695,132.84668058698208,16.696185349124457,44.83180430752947,17.254954465127275,71.11210418274868,575.4776727980088,356.22499141534265,0.0,0.0,0.0,0.0,0.0,0.0,0.0,0.0,0.0,0.0,0.0,0.0,0.0,0.0,0.0,0.0,0.0,0.0,0.0,0.0,0.0,0.0,0.24501266083507704,0.07479018951009678,234.98419253082097,275.9803332057687,3047.7246237834335,0.10157053466400866,0.015502218355312677,167.3409733168923,196.70457430331977,2129.9406424570508,0.08570865291674454,0.016195890573836845,287.5033967794358,336.13763840032819,4144.122687284751,0.09758309407687671,0.018439738109765057,288.37722216355,338.15749514742347,3686.169984009466,0.0,0.0,9.6137769757978,11.447967179266778,42.96840071452962,0.0,0.0,13.595042953441278,16.01902616357951,137.37214693629529,0.0,0.0,222.19146328060354,262.953550829381,1759.2618308040733,0.0,0.0,31.71381030666904,37.738342927196,152.02039055098755,0.0,0.0,149.28881403172006,177.30347792148897,879.602459009954,31.36588693292478,21.512954000634289,450.0658977062799,529.2810493118277,5596.777439217947,0.0,0.0,173.79197882828596,206.25925279231837,1096.4003946916114,364.99229355482,20.976751447897209,52.41225244196521,21.0,30.0,0.0,20.789322187366105,53.2242363149652,16.0,30.0,0.0,21.71992906830924,50.82808931491363,21.0,30.0,0.0,20.87631309471828,53.53995060171567,19.0,30.0,0.0,16.64606832440145,66.4882705474142,12.0,30.0,0.0,19.485820821182686,61.12874178792373,19.0,30.0,0.0,18.375625401021524,60.551539454249319,10.0,30.0,0.0,16.80828278533754,66.20768912440423,16.0,30.0,0.0,17.359257483326048,64.10501777425083,16.0,30.0,0.0,20.26661347281361,0.0,0.0,0.0,17.552464898819509,0.0,0.0,517.4331039986523,525.7372509966308,556.6940244799496,555.2127412517464,479.3772390928533,833.4465491430599,498.22175786973687,489.2807978634314,492.74106450600967,9761.305117106385,81.55056975266288,81.55056975266288,1744.0,0.0,1744.0,1744.0,16.0,19.0,19.0,16.0,16.0,12.0,21.0,10.0,1.0,0.0,364.99229355482,0.0,0.0,0.0,0.0,0.0,0.0,0.0,0.0,0.0,0.0,81.55056975266288,81.55056975266288,0.34,0.7707665003030434,0.36028137401965956,81.55056975266288,0.3542647819438875,0.0,0.06588444444444444 
 04/05  17:10:00,14.346666666666666,85.33333333333334,5.735,68.33333333333333,37.333333333333339,0.0,4.0,0.0,0.0,0.0,0.0,0.0,0.0,0.0,0.0,3888.0,0.0,206.3910195383359,24.669404182490685,63.21451612215471,6.188607377916789,164.71926896038847,0.0,24.669404182490675,33.724945822274,0.0,0.0,20.919316800238137,-1279.2735534215927,20.270818421054707,390.2755223825857,20.648625947917613,-107.88665911589692,20.252387428212214,-59.37069053846287,16.577371124359226,29.26323328792222,18.977022442467687,-106.48839931159535,18.02525377635705,219.31320961268785,16.707622198761145,43.58266624664802,17.26936826547858,60.53045157845645,532.8619648206714,326.9763862256689,0.0,0.0,0.0,0.0,0.0,0.0,0.0,0.0,0.0,0.0,0.0,0.0,0.0,0.0,0.0,0.0,0.0,0.0,0.0,0.0,0.0,0.0,0.23993584672986768,0.07324049045478257,431.93740429141055,505.7678368345281,6309.322523053539,0.12364839288639781,0.018871854836141304,254.4114831714519,298.857529043059,3252.1751844380298,0.14636668093354145,0.027658102973080406,168.28944895784435,197.69426363539666,2294.756412265814,0.08971390736518156,0.0169527413766405,18.60338989374384,21.86415359420485,241.11503050519719,0.0,0.0,9.529431531604473,11.362284155146366,44.754411863466717,0.0,0.0,62.94638162738761,74.40150064281791,612.6077079848424,0.0,0.0,267.27117632552258,316.571746320953,2235.303790277851,0.0,0.0,31.91068534524709,38.01696140596859,160.33287517910225,0.0,0.0,142.54305856924356,169.49446736182896,872.6152718580206,31.280090623727579,21.454108795423588,375.33237253119378,441.81903702614496,4692.948154224143,0.0,0.0,166.8509712998512,198.2995001873183,1067.7737129959574,1821.1850951634454,21.738356946846893,50.61789193510559,22.0,30.0,0.0,20.757579457003446,53.5640829171591,16.0,30.0,0.0,21.18487944211648,52.221997798215898,21.0,30.0,0.0,20.830089446066557,56.41142607623397,19.0,30.0,0.0,16.655887819661,66.95644519582963,12.0,30.0,0.0,19.185876157748575,59.51015828795829,16.0,30.0,0.0,18.501456233158526,61.059541983053147,10.0,30.0,0.0,16.81981455953237,66.7440108121507,16.0,30.0,0.0,17.370543874992959,64.7779888324909,16.0,30.0,0.0,20.121929291206489,0.0,0.0,0.0,17.495404702026158,0.0,0.0,533.6179122885469,532.5291936844182,531.6569958450258,722.8621791734456,494.4368699929484,631.8629907405516,549.2434052888663,507.57751818459749,519.3114731693116,9768.508510436568,81.5457805764279,84.94985701790601,162.0,0.0,162.0,162.0,16.0,19.0,16.0,16.0,16.0,12.0,21.0,10.0,1.0,0.0,1821.1850951634454,0.0,0.0,0.0,0.0,0.0,0.0,0.0,5151.7783138624549,3091066.988317473,4010027.3160996406,81.5457805764279,85.00766953664055,0.3417259437954152,0.7685729413776744,0.36028137401965956,85.00766953664055,0.3542647819438875,4010027.3160996406,0.2146234204371813 
 04/05  17:20:00,14.243333333333334,85.66666666666667,5.699999999999999,56.16666666666667,41.66666666666667,0.0,4.0,0.0,0.0,0.0,0.0,0.0,0.0,0.0,0.0,972.0,0.0,183.53510479465434,20.602066105365524,52.79210278719498,5.503271883019405,146.47807617908632,0.0,20.602066105365514,28.164586306608184,0.0,0.0,20.97061061812409,-1533.317646534917,20.35457396526357,354.69407551670158,20.45417681898092,139.47604667015458,20.199415061824014,-66.79710752832955,16.59568465594949,30.295547179283916,18.77106908200475,-40.62323534794655,18.103653886807125,158.5652623692422,16.722894784082837,46.52629176192272,17.286355486098914,69.22993819729254,569.6660971459423,359.3872230988918,0.0,0.0,0.0,0.0,0.0,0.0,0.0,0.0,0.0,0.0,0.0,0.0,0.0,0.0,0.0,0.0,0.0,0.0,0.0,0.0,0.0,0.0,0.2357263113781199,0.0719555285036996,488.00197147968626,568.7714333221641,7244.695470440057,0.11121864483187645,0.016974762642227787,259.3792759120602,303.1621932063728,3430.9010098500386,0.33988762162623128,0.0642266858704141,167.81513917959394,196.0721371683406,2259.2159263353275,0.07163132485484605,0.013535775671739612,11.85206195688946,13.83635701326923,153.0863576798773,0.0,0.0,9.316603355359583,11.051967475981025,46.10152240170237,0.0,0.0,49.57625498712924,58.35776862208954,461.4922666684623,0.0,0.0,261.6832651707609,308.3224445891217,2290.7984340955906,0.0,0.0,33.150158184183968,39.29788656260969,174.97725033804728,0.0,0.0,147.63736826916273,174.6814315219507,941.4447556205229,31.25200281618041,21.434844181193705,429.42095116540318,502.99945565109609,5515.374843794336,0.0,0.0,173.2396212270836,204.86042059125908,1162.2276506039244,1819.4534264163104,21.7266701732443,50.8003227830087,22.0,30.0,0.0,20.89204434223293,53.53614800245071,16.0,30.0,74.25635538898351,21.00207189540391,53.10707959359176,21.0,30.0,0.0,20.693290443356248,61.683094005110799,19.0,30.0,0.0,16.675877767227385,67.65321757503932,12.0,30.0,0.0,18.873194605757335,59.70488423430397,16.0,30.0,0.0,18.591816690247599,60.918140963931268,10.0,30.0,0.0,16.840980706707787,67.55218713691098,16.0,30.0,0.0,17.392015524775969,65.33425377398317,16.0,30.0,0.0,20.26036458617923,0.0,0.0,0.0,17.545580561376587,0.0,0.0,525.6133365071454,544.5880781306981,541.3790219083987,1014.4754634973954,518.06381198637,548.7455611210404,545.9801900514677,536.6970062844724,538.9795812596976,10149.89020478534,81.29359164998955,81.29359164998955,162.0,0.0,162.0,162.0,16.0,19.0,16.0,16.0,16.0,12.0,21.0,10.0,1.0,0.0,1819.4534264163104,0.0,74.25635538898351,0.0,0.0,0.0,0.0,0.0,0.0,0.0,0.0,81.29359164998955,81.29359164998955,0.34,0.7616543248000494,0.36028137401965956,81.29359164998955,0.3542647819438875,0.0,0.006192 
 04/05  17:30:00,14.14,86.0,5.664999999999999,44.0,46.0,0.0,4.0,0.0,0.0,0.0,0.0,0.0,0.0,0.0,0.0,3888.0,0.0,187.9863067578264,17.092735579165077,43.79955073622497,5.636725660699527,150.03038769823633,0.0,17.09273557916507,23.367065418261654,0.0,0.0,21.005137597626786,-1024.0132756283093,20.401639116318387,428.18211297905557,20.961527828260026,-364.49130805398979,20.204206348272604,-41.38545755840535,16.611247790616557,30.7958657402188,18.70042150357948,-24.465541029652344,18.122806536465214,163.9584732190383,16.730658607814186,44.69542643645673,17.297997552986005,65.89405834192985,537.1384265123738,365.9585143268946,0.0,0.0,0.0,0.0,0.0,0.0,0.0,0.0,0.0,0.0,0.0,0.0,0.0,0.0,0.0,0.0,0.0,0.0,0.0,0.0,0.0,0.0,0.35657660777245667,0.10884511836766076,411.1282346352579,481.77784350202378,6114.7295498631669,0.1580724379680808,0.024125829970708305,290.1969149453644,340.6741635450477,3931.482264237201,0.14225260144130134,0.026880688103042589,132.801671455081,155.7302171819066,2071.4601409859039,0.1135612649451458,0.021459044774215,20.791762293747597,24.387915234670879,272.03072762190888,0.0,0.0,9.44442143066487,11.256312037737255,48.88708308749225,0.0,0.0,35.99796876794984,42.60247490491881,336.65637689863,0.0,0.0,247.5589039587068,293.1088375656077,2220.1104456580444,0.0,0.0,32.39037732827673,38.5828807041098,178.0127397942574,0.0,0.0,147.17937256932084,174.98136457758026,970.9472345939216,31.579901939317947,21.659740699120684,351.24373884142985,413.7222364786254,4575.317273193432,0.0,0.0,172.13840766227657,204.5594056269101,1185.151991221714,1120.0965440043972,21.65915224241536,51.33064251979549,21.75,30.0,0.0,20.950173725322949,53.44439872621511,16.0,30.0,1089.121672449502,21.877845760572208,50.51723960491977,21.5,30.0,0.0,20.681296672681169,62.24467542607696,19.0,30.0,0.0,16.687488313961368,67.8740278577235,12.0,30.0,0.0,18.792143208152326,60.085106109750778,16.0,30.0,0.0,18.598726772003784,61.07457512841047,10.0,30.0,0.0,16.847678385283638,67.73411945867267,16.0,30.0,0.0,17.400747089711289,65.52966032220424,16.0,30.0,0.0,20.137981365703238,0.0,0.0,0.0,17.53212782015671,0.0,0.0,542.0358709706774,539.0964462666874,539.4402513077993,1042.1762718971418,523.9166145775862,544.4916298619182,539.2866206688777,538.930441379706,539.9813437979578,7264.525422591843,81.45850101772236,81.45850101772236,162.0,0.0,162.0,162.0,16.0,19.0,16.0,16.0,16.0,12.0,21.0,10.0,1.0,0.0,1120.0965440043972,0.0,1089.121672449502,0.0,0.0,0.0,0.0,0.0,0.0,0.0,0.0,81.45850101772236,81.45850101772236,0.255,0.5790042444258647,0.27021103051474468,81.45850101772236,0.2656985864579156,0.0,0.006282 
 04/05  17:40:00,14.036666666666666,86.33333333333334,5.629999999999999,37.50000000000001,38.333333333333339,0.0,4.0,0.0,0.0,0.0,0.0,0.0,0.0,0.0,0.0,3892.0,0.0,156.54788726927817,14.564517592491204,37.321070305695197,4.6940518285857248,124.93963171527753,0.0,14.564517592491196,19.91079975425377,0.0,0.0,20.944588528546988,-396.3061588538458,20.882643275505417,-542.4244207085313,20.7943513768854,-181.02552566759585,20.21125201867046,-50.861447571816189,16.624507827896914,25.500050410399596,18.61345215913724,-23.57499495322486,18.081761584612054,105.54459221797743,16.734536491056475,38.525487876760198,17.300859317314065,42.889183634729537,481.05960665434898,326.61873755856097,0.0,0.0,0.0,0.0,0.0,0.0,0.0,0.0,0.0,0.0,0.0,0.0,0.0,0.0,0.0,0.0,0.0,0.0,0.0,0.0,0.0,0.0,0.27536371606743606,0.08405485838444324,298.8946440121464,350.17010569003465,4482.778320094964,0.022209556714119256,0.003389736983229435,189.18293719027558,222.16892204627156,2762.6281693770308,0.4053550403182326,0.07659770225212259,135.52922876281714,158.54005825887635,2045.876232719991,0.04267897680316739,0.008064810431437524,11.055153423539175,12.973727212386108,146.42641482060936,0.0,0.0,8.56404600590408,10.204928874736755,46.27473214038645,0.0,0.0,33.29090273306635,39.40305771660714,311.07746529553386,0.0,0.0,229.86778420071466,272.21520889117286,2060.856237887351,0.0,0.0,31.238697305672177,37.20506332138166,178.19925073183374,0.0,0.0,135.5045556093851,161.0822077574994,920.1174438309565,31.3318417381185,21.489603386912557,234.29086141719103,276.0194922776276,3130.9723646481077,0.0,0.0,159.2584767400588,189.29120487002653,1098.5493958283306,927.9065491694528,21.547778823675274,51.95350249351658,21.5,30.0,1647.8255581841409,21.572906052180078,52.450345080347627,21.75,30.0,710.8812349383185,21.381421376656,52.61124136047254,21.25,30.0,0.0,20.670523291501419,63.85324585057337,19.0,30.0,0.0,16.69691523736318,68.2478352242143,12.0,30.0,0.0,18.684754808748506,60.74837839781655,16.0,30.0,0.0,18.49238693290078,61.85965785133335,10.0,30.0,0.0,16.847962746921433,68.18183322126966,16.0,30.0,0.0,17.393632313028907,66.02736858532832,16.0,30.0,0.0,19.91367180845632,0.0,0.0,0.0,17.43335425466996,0.0,0.0,550.7041776639488,558.0087140714513,563.0373789309991,1129.283406243269,530.3344908902018,542.4060548768119,544.2679949232213,540.872508064932,541.6955568260186,9405.693667544232,81.78572082969711,81.78572082969711,162.0,0.0,162.0,162.0,21.0,19.0,16.0,16.0,16.0,12.0,21.0,10.0,1.0,0.0,927.9065491694528,1647.8255581841409,710.8812349383185,0.0,0.0,0.0,0.0,0.0,0.0,0.0,0.0,81.78572082969711,81.78572082969711,0.34,0.7717400738642354,0.36028137401965956,81.78572082969711,0.3542647819438875,0.0,0.006372 
 04/05  17:50:00,13.933333333333334,86.66666666666666,5.594999999999999,31.000000000000005,30.66666666666667,0.0,4.0,0.0,0.0,0.0,0.0,0.0,0.0,0.0,0.0,4865.0,0.0,126.4517642106623,12.043665871435984,30.86146836087796,3.791626464576994,100.92015215850768,0.0,12.043665871435979,16.4646043338182,0.0,0.0,20.757845562949833,-126.21938271098972,20.820201381776977,-327.1153174730592,20.744267021224965,-267.7676160557568,20.216719540021154,-49.258795417222419,16.636604713278506,26.55438547614198,18.539759452554955,-13.088811067903999,18.095538446143637,106.74706048469781,16.73527999117406,36.804083066117808,17.29737426293995,40.1651017880191,401.51691095528869,364.9506482628089,0.0,0.0,0.0,0.0,0.0,0.0,0.0,0.0,0.0,0.0,0.0,0.0,0.0,0.0,0.0,0.0,0.0,0.0,0.0,0.0,0.0,0.0,0.320915164224551,0.09795945183899606,186.7022411371778,219.08242535000535,2743.4497555844,0.04896095989465396,0.007472673976595538,93.77495737598616,109.99726149875531,1391.8360177773582,0.29862443368795046,0.0564294092380859,87.91455332499469,103.18458772890591,1319.0379205907876,0.08011342287765491,0.015138590868793442,14.711044974788173,17.289716074691947,197.92094515419954,0.0,0.0,8.81741037040557,10.511619774368607,49.63895177776714,0.0,0.0,24.78474280714197,29.361654695362796,232.82206550397985,0.0,0.0,228.6630055001181,270.8905940521631,2100.9740154984567,0.0,0.0,31.549544809361245,37.59021822504154,186.30441486942414,0.0,0.0,141.89756387993806,168.74827040158079,989.3963456977568,31.46460655058477,21.580662929070497,122.63096394047757,144.7249351037736,1766.8628868002975,0.0,0.0,166.13354196035426,197.54187310704737,1175.036219242259,0.0,21.310520286072287,53.17519370239967,21.0,30.0,0.0,21.395876578755499,53.27863891693148,21.0,30.0,0.0,21.402498123145933,53.12781734055184,21.0,30.0,0.0,20.661865853926409,65.03581328714822,19.0,30.0,0.0,16.706388445669604,68.58179203193373,12.000000000000002,30.0,0.0,18.60356067931599,61.30732573258656,16.0,30.0,0.0,18.50036550977056,62.17965434525163,10.0,30.0,0.0,16.844449367464063,68.50537897151851,16.0,30.0,0.0,17.380965375792603,66.35164986786718,16.0,30.0,0.0,19.65104126633747,0.0,0.0,0.0,17.41789511833425,0.0,0.0,561.164865587242,567.8297582392364,574.5625268270538,1189.5397692648995,535.3504974812289,543.6957652354411,547.607697854647,542.9030761966345,543.9519153111469,0.0,81.94912921224128,81.94912921224128,162.0,0.0,162.0,162.0,21.0,19.0,16.0,16.0,16.0,12.0,21.0,10.0,1.0,0.0,0.0,0.0,0.0,0.0,0.0,0.0,0.0,0.0,0.0,0.0,0.0,81.94912921224128,81.94912921224128,0.0,0.0,0.0,81.94912921224128,0.0,0.0,0.006408000000000002 
 04/05  18:00:00,13.83,87.0,5.56,24.5,23.0,0.0,4.0,0.0,0.0,0.0,0.0,0.0,0.0,0.0,0.0,973.0,0.0,75.53445180010348,9.122591651833926,23.376321651786236,2.264889120491396,60.28351689610945,0.0,9.122591651833922,12.471274415098835,0.0,0.0,20.52800330536611,-111.41954675940269,20.572777781275485,-266.20481319391458,20.507775778923518,-225.55198625128788,20.21898340894927,-61.47463835199164,16.64562524095936,24.492587252839316,18.458578229428889,-10.693194357878838,18.01771421286614,94.94577986342938,16.734403240927294,35.0661999940819,17.29226875624071,36.39927394688766,330.8085726873578,357.0691778620094,0.0,0.0,0.0,0.0,0.0,0.0,0.0,0.0,0.0,0.0,0.0,0.0,0.0,0.0,0.0,0.0,0.0,0.0,0.0,0.0,0.0,0.0,0.37305549411694619,0.11387530345450128,157.73997895646114,184.208864781425,2256.8946241973396,0.0648240838367743,0.009893785689373366,75.86914389949449,88.59498079303914,1085.0093674838893,0.33595880843777095,0.0634842797501457,63.092783731205,73.66052991203641,905.6852075014338,0.0,0.0,12.388726607203882,14.444869660712208,168.2453615357426,0.0,0.0,8.469165609674894,10.041545180344049,49.59256987245238,0.0,0.0,25.170760836064998,29.657746244757516,236.96737237580727,0.0,0.0,221.68466138548326,261.3242499257416,2016.8844007168244,0.0,0.0,30.783678864183128,36.47998345779762,187.98266321293196,0.0,0.0,137.12434065904976,162.2002936666338,981.3981770433685,31.08610653349755,21.321060722563485,86.1285035870564,101.23867393315942,1233.0387570428332,0.0,0.0,160.8265427451695,190.24275473740583,1148.149254172196,291.66915040488939,21.011199622141999,54.60320762473141,21.0,30.0,503.3790488513726,21.0188646682495,54.7005058447195,21.0,30.0,425.2638584122941,21.013424836608917,55.601450439188919,21.0,30.0,0.0,20.65099250744665,67.12971039251402,19.0,30.0,0.0,16.71299211250782,69.06049394951802,12.0,30.0,0.0,18.506980803690735,62.07911439755976,16.0,30.0,0.0,18.346519102261057,63.10230540263587,10.0,30.0,0.0,16.838718547211437,68.95491424930242,16.0,30.0,0.0,17.366408385278388,66.77329535874486,16.0,30.0,0.0,19.096775551008265,0.0,0.0,0.0,17.34392908904226,0.0,0.0,577.5865549125185,552.588249119361,620.0737445385314,1292.5500537143906,541.6947849742928,548.1240831903169,553.5142965220936,546.6786002897582,547.751296123206,5605.851547076041,84.29759484144799,84.29759484144799,162.0,0.0,162.0,162.0,21.0,19.0,16.0,16.0,16.0,12.0,21.0,10.0,1.0,0.0,291.66915040488939,503.3790488513726,425.2638584122941,0.0,0.0,0.0,0.0,0.0,0.0,0.0,0.0,84.29759484144799,84.29759484144799,0.34,0.6180462388259044,0.36028137401965956,84.29759484144799,0.3542647819438875,0.0,0.006444 
 04/05  18:10:00,13.818333333333334,87.33333333333333,5.538333333333333,18.0,15.33333333333333,0.0,0.0,0.0,0.0,0.0,0.0,4.0,0.0,0.0,0.0,3896.0,0.0,49.46204547675467,6.711160592706905,17.197109770177144,1.4831136292498584,39.47533023653656,0.0,6.711160592706903,9.17466533521968,0.0,0.0,21.05548754932311,-441.2057851883003,21.083573541485096,-74.07620774648547,21.143173910131354,-1320.8139557790065,20.252343216578678,435.6529743858616,16.654741593303564,26.332823981827148,18.406481206693209,-8.290344922438095,18.089630199123734,189.87883756382508,16.732972660161413,29.396211636801384,17.284895290407034,15.917332268629935,498.800012724618,381.61006612988538,0.0,0.0,0.0,0.0,0.0,0.0,0.0,0.0,0.0,0.0,0.0,0.0,0.0,0.0,0.0,0.0,0.0,0.0,0.0,0.0,0.0,0.0,0.3571015503874551,0.10900535726112795,203.06409279121636,237.51149748010705,3262.2224607218229,0.07948186885180495,0.012130932364439094,14.348108406236339,16.78133258825532,231.53005818764246,0.31299416843155239,0.05914477861518377,389.1065658192273,455.114304864714,6209.078731501426,0.16404566859617554,0.030998803589602325,330.8033945592066,388.1372765222202,4631.045470980699,0.0,0.0,9.313200930364769,11.0951397980162,54.824424604228259,0.0,0.0,30.55075702357867,36.163168249921849,285.41799204933587,0.0,0.0,239.33984946139862,283.2753384304794,2255.116825867517,0.0,0.0,31.678473607307404,37.72119150483846,193.511120449312,0.0,0.0,143.67694225512268,170.7531202288548,1025.1190494201724,31.834116112597635,21.834098842659566,374.8360620098795,440.99376208539868,5160.912742683829,0.0,0.0,167.7861817385119,199.41789161748046,1191.428489683533,921.6944248435739,21.8532455938127,55.27538957739982,21.75,30.0,868.578021346541,21.896633862911125,54.447436466569438,21.75,30.0,1893.1871636571682,21.875928793062149,56.8194186584479,21.5,30.0,0.0,20.803287241946216,59.63892730861585,16.0,30.0,0.0,16.71865229515995,69.34322531345278,12.0,30.0,0.0,18.463422851391944,62.691828776878477,16.0,30.0,0.0,18.495297168975914,63.88158549855655,10.0,30.0,0.0,16.830210271015859,69.26554799878002,16.0,30.0,0.0,17.346536476408958,67.26428963170972,16.0,30.0,0.0,20.07485642879485,0.0,0.0,0.0,17.308809964407044,0.0,0.0,797.750043772869,726.5367585051484,899.4669285874919,833.8501897146844,548.089238577875,563.6007919302084,614.190507304869,551.190706423485,557.1090612135201,8196.02128466974,81.1881159167779,83.2693571005329,240.0,0.0,240.0,240.0,21.0,16.0,16.0,16.0,16.0,12.0,21.0,10.0,1.0,0.0,921.6944248435739,868.578021346541,1893.1871636571682,0.0,0.0,0.0,0.0,0.0,3149.016467124897,1889409.8802749385,2445736.248634473,81.1881159167779,83.30470348507962,0.2749672155708299,0.5774898431243158,0.27021103051474468,83.30470348507962,0.2656985864579156,2445736.248634473,0.13677828492899264 
 04/05  18:20:00,13.806666666666667,87.66666666666667,5.516666666666667,11.5,7.666666666666665,0.0,0.0,0.0,0.0,0.0,0.0,4.0,0.0,0.0,0.0,1950.0,0.0,26.593377525244138,4.280581707750217,10.968835567420938,0.7974009716863586,21.22401626858797,0.0,4.2805817077502159,5.851879725743665,0.0,0.0,20.542328350892796,-252.6129328392351,21.014909039154867,-84.21596527019656,20.80998797179935,-628.2400429048239,20.303906837560747,79.86897739714368,16.66738631974047,25.576539555057765,18.349514934972498,0.8488013711088343,18.118369733201584,87.66567027639212,16.73358844343185,32.35255204283533,17.27883584104334,27.98202806643212,521.3931225883698,429.226977019051,0.0,0.0,0.0,0.0,0.0,0.0,0.0,0.0,0.0,0.0,0.0,0.0,0.0,0.0,0.0,0.0,0.0,0.0,0.0,0.0,0.0,0.0,0.4266625937482873,0.1302388869805517,145.20542600334236,169.8248513087,2085.512684643611,0.030622536788493434,0.0046737693511131619,18.27258807139078,21.29810801858142,286.41383201763986,0.46742047724210136,0.08832586493614919,370.19472756059636,433.1051284794449,5548.356829077164,0.12816420079205058,0.024218480875292996,286.6655811919799,336.0290733420887,4050.111829104074,0.0,0.0,8.866506502974556,10.54814514736741,52.63352519406253,0.0,0.0,31.46932532183064,37.19567700857458,291.2639330203502,0.0,0.0,248.4969931180712,293.6656312556466,2346.1033492356057,0.0,0.0,32.76910329946425,38.95803094457427,200.82518083810556,0.0,0.0,152.8486743837179,181.38047344576376,1090.9964123455753,31.62245707640546,21.688928035943396,354.5151045596731,416.54639485196386,4784.923231915489,0.0,0.0,178.39822104138472,211.65755182439555,1286.6437561615247,267.5063145203277,21.021857602312417,58.08344372471731,21.0,30.0,0.0,21.726148114750488,58.936984424523398,21.0,30.0,1207.9433086766363,21.370588878307225,56.85306700371973,21.5,30.0,0.0,20.85358368827396,59.65565304368269,16.0,30.0,0.0,16.731194241485157,70.09264994656283,12.0,30.0,0.0,18.40529710043544,64.03468411673683,16.0,30.0,0.0,18.500472876641063,64.43534219031766,10.0,30.0,0.0,16.827415076986619,70.25877398266326,16.0,30.0,0.0,17.33455876340991,68.42870932316538,16.0,30.0,0.0,20.031769887039269,0.0,0.0,0.0,17.35784469954095,0.0,0.0,784.3266882773648,960.6750822153512,777.6628644981465,840.4615555913204,573.5247859667175,610.0824209396044,640.3638434768261,587.0775428599959,603.4261891542667,8424.364933528312,82.43459641161773,82.43459641161773,240.0,0.0,240.0,240.0,21.0,16.0,16.0,16.0,16.0,12.0,21.0,10.0,1.0,0.0,267.5063145203277,0.0,1207.9433086766363,0.0,0.0,0.0,0.0,0.0,0.0,0.0,0.0,82.43459641161773,82.43459641161773,0.34,0.766943392941468,0.36028137401965956,82.43459641161773,0.3542647819438875,0.0,0.009559999999999999 
 04/05  18:30:00,13.795,88.0,5.494999999999999,5.0,0.0,0.0,0.0,0.0,0.0,0.0,0.0,4.0,0.0,0.0,0.0,3900.0,0.0,7.098458166793827,1.737119776840135,4.451307812821437,0.2128488145262966,5.665258261443873,0.0,1.737119776840134,2.374774434249001,0.0,0.0,21.037520300678098,-947.3200423069584,20.908312634467266,-84.51028193647247,20.922526273152127,-185.2635941959229,20.166696831473929,285.2561782134412,16.67661684079095,25.65288068184357,18.30237575930836,-0.8215598309620447,18.108269344738635,178.57240079395934,16.736120956197554,30.134101772654505,17.278103999558636,20.84683150373735,481.93321307875706,412.1942203884712,0.0,0.0,0.0,0.0,0.0,0.0,0.0,0.0,0.0,0.0,0.0,0.0,0.0,0.0,0.0,0.0,0.0,0.0,0.0,0.0,0.0,0.0,0.3033743817213276,0.09260512262555787,273.88590236928055,320.3051794384622,4314.503831573062,0.0,0.0,17.582695505246134,20.590256534683666,270.5805732511495,0.5706905418507208,0.10784023844495863,290.31551193510446,340.3592709253572,4356.601905742587,0.18736172774881486,0.035404710458959719,270.120274803803,317.19631000645088,3689.3280044618329,0.0,0.0,9.23555593114235,11.000493628206363,55.155908269831268,0.0,0.0,28.45842521168963,33.68114494469516,261.4388384787535,0.0,0.0,241.88694918387194,286.27506323622858,2290.769869354699,0.0,0.0,32.602714625872469,38.81878105313526,200.5081336974029,0.0,0.0,146.89172508075166,174.58947078030057,1050.333897186911,31.63632569286898,21.698440118565835,295.24300648056137,347.77904492630088,3970.532305959592,0.0,0.0,171.62959964881714,204.01436618328925,1215.500113842157,1292.850557356056,21.76047944963568,55.35025944596641,21.75,30.0,0.0,21.54799369288557,61.578125661392018,21.0,30.0,0.0,21.338294663522775,56.80260827538018,21.0,30.0,0.0,20.652955395919986,59.304305909178399,16.0,30.0,0.0,16.737695651533384,70.74819102687009,12.0,30.0,0.0,18.360732079494214,64.77230442162493,16.0,30.0,0.0,18.498329334886287,65.37392578551489,10.0,30.0,0.0,16.827107706614446,71.25295841178084,16.0,30.0,0.0,17.330027357479449,69.43302083107845,16.0,30.0,0.0,19.893271528938848,0.0,0.0,0.0,17.280235669955219,0.0,0.0,754.4622925040658,1071.6626553914394,757.6318135476888,766.060308700044,596.8919735001937,631.2449294025173,674.5765658340069,626.2325862286496,642.5788349714069,7076.885168591194,81.66961553741963,83.36723082361066,240.0,0.0,240.0,240.0,21.0,16.0,16.0,16.0,16.0,12.0,21.0,10.0,1.0,0.0,1292.850557356056,0.0,0.0,0.0,0.0,0.0,0.0,0.0,2569.2020467019826,1541521.2280211896,2019364.7081748183,81.66961553741963,83.39606196686616,0.2556400682233994,0.5739439673524409,0.27021103051474468,83.39606196686616,0.2656985864579156,2019364.7081748183,0.11452696482509053 
 04/05  18:40:00,13.783333333333332,88.33333333333333,5.473333333333333,0.0,0.0,0.0,0.0,0.0,0.0,0.0,0.0,4.0,0.0,0.0,0.0,8784.0,0.0,0.0,0.0,0.0,0.0,0.0,0.0,0.0,0.0,0.0,0.0,21.032874988395795,-1099.5040334499627,20.831653567837966,-76.09401252319084,20.61652035235259,108.83327159886189,20.141830256627679,153.6336143456209,16.688640035145,27.194307603458666,19.050307258791137,-126.84303927870175,18.18648268203024,171.59043601593877,17.77888207738075,-25.321723685477449,17.273958766086268,21.031608577302646,459.0503403978345,456.157613081103,0.0,0.0,0.0,0.0,0.0,0.0,0.0,0.0,0.0,0.0,0.0,0.0,0.0,0.0,0.0,0.0,0.0,0.0,0.0,0.0,0.0,0.0,0.2460098806891854,0.07509459117496516,290.65192462789636,340.3456734511905,4570.392745085599,0.0,0.0,20.032310872858227,23.48229702151845,303.45949082711067,0.6371208260125705,0.12039320219436362,259.5773752275375,304.82917459589086,3766.4366818964965,0.18250141828149428,0.03448628463369135,238.07029289310817,279.99160846499259,3229.311356440975,0.0,0.0,9.300023084418573,11.085712618101745,55.965856697769599,0.0,0.0,52.02219050962009,61.31237529607041,614.7460383652104,0.0,0.0,261.941173016494,310.15365651088356,2544.1400680040576,0.0,0.0,19.442124000314455,23.077451449651585,175.07063538170648,0.0,0.0,163.79304902855584,194.82131415590738,1171.8654330842165,31.434039979994993,21.559698203014457,270.01279339246528,318.43796943406547,3613.840437197956,0.0,0.0,172.93580944048734,205.75297857994978,1233.360931153278,1639.5739989246825,21.67293398680393,55.574706482146329,21.888888888888937,30.000000000000065,0.0,21.417598160314804,63.403745984540588,21.000000000000044,30.000000000000065,0.0,21.06994032172605,57.61437191664396,21.000000000000044,30.000000000000065,0.0,20.59775480671171,59.403694794276628,16.000000000000033,30.000000000000065,0.0,16.748969760343674,71.53959495681316,12.000000000000029,30.000000000000065,1353.4706934179672,19.52289074627259,61.13831184936332,19.888888888888933,30.000000000000065,0.0,18.609400938395749,65.47379299312293,10.000000000000022,30.000000000000065,1331.79913884633,18.421862767970084,65.28704385057967,20.700000000000047,30.000000000000065,0.0,17.32057416176417,70.48657394017762,16.000000000000033,30.000000000000065,0.0,19.79622042556568,0.0,0.0,0.0,17.2948678314023,0.0,0.0,731.3567221721106,1144.602447170387,733.6345868469233,745.8804088918007,624.5825846057894,664.0714615002515,687.8604791846474,656.3285148479265,675.6570224954438,10080.436268396072,81.33951602404443,82.8873859727119,240.0000000000005,0.0,240.0000000000005,240.0000000000005,21.0,16.0,19.0,16.0,19.7,12.0,21.0,10.0,1.0,0.0,1639.5739989246825,0.0,0.0,0.0,1353.4706934179672,0.0,1331.79913884633,0.0,2342.5148741883679,1405508.924513021,1840433.2956992458,81.33951602404443,82.91367394301585,0.3425282735840575,0.7692843177287074,0.36028137401966039,82.91367394301585,0.3542647819438883,1840433.2956992458,0.10518253137636082 
 04/05  18:50:00,13.771666666666667,88.66666666666667,5.451666666666667,0.0,0.0,0.0,0.0,0.0,0.0,0.0,0.0,4.0,0.0,0.0,0.0,4880.0,0.0,0.0,0.0,0.0,0.0,0.0,0.0,0.0,0.0,0.0,0.0,21.01321673544156,-923.1619610272463,20.780290613449894,-73.1724473128395,20.89401842234392,-74.57440482873956,20.096986168354886,212.33395941429849,16.704867649171754,27.684272450823295,19.05454235244875,-110.72363231554833,18.239884024811027,86.95883323509041,18.99283885790655,-132.6500476680407,17.28071693693211,48.03351037169905,438.00590119228118,550.83865747239,0.0,0.0,0.0,0.0,0.0,0.0,0.0,0.0,0.0,0.0,0.0,0.0,0.0,0.0,0.0,0.0,0.0,0.0,0.0,0.0,0.0,0.0,0.20498714940321806,0.06257238992772224,235.9720586158646,276.82712029873138,3694.9627723341557,0.0,0.0,20.658282454183785,24.173076702212258,309.64367906700979,0.5826132497333301,0.1100932066767442,249.2761364759131,292.37488241097119,3721.1035181839458,0.18241179272298736,0.034469348587110228,256.32122980869885,301.37595495239989,3451.0205603480765,0.0,0.0,9.100553473902746,10.844276245827116,55.303448809758979,0.0,0.0,58.24973536574038,68.7481607061847,670.7801556961181,0.0,0.0,269.9718194679673,319.5121765338334,2659.1693880010118,0.0,0.0,29.67557784605658,34.844350862075199,404.233763764667,0.0,0.0,183.3625000408513,217.98042573329378,1320.2502412585548,31.328669278704497,21.487427488823394,261.53162612067765,308.3901363977771,3470.8461833288286,0.0,0.0,185.1366817847923,220.00159592388253,1376.424210262891,1106.9140131136679,21.60017151053747,56.06504830008092,21.6,30.0,0.0,21.327092845456496,64.78434807162903,21.0,30.0,860.0636127662468,21.304950585136174,56.767446791956647,21.200000000000004,30.0,0.0,20.532895318130558,59.61865262302509,16.0,30.0,0.0,16.767053827451464,72.32259579161684,12.000000000000002,30.0,0.0,19.51396869510824,61.90354686836592,19.0,30.0,0.0,18.668694805157945,65.56847793139903,10.0,30.0,1217.8446650372308,20.477300808347239,58.032335802155049,20.7,30.0,0.0,17.33109577332022,70.95374400074316,16.0,30.0,0.0,19.714625459533687,0.0,0.0,0.0,17.43249345715313,0.0,0.0,736.9337695599804,1196.9673403600919,717.462292750146,730.970496036046,650.3658222002138,687.1809429713405,694.4487822557708,677.2793724174433,687.1495265750474,10070.364637393843,81.34616956397584,84.13036282090863,240.0,0.0,240.0,240.0,21.0,16.0,19.0,16.0,19.7,12.0,21.0,10.0,1.0,0.0,1106.9140131136679,0.0,860.0636127662468,0.0,0.0,0.0,1217.8446650372308,0.0,4213.5447160410399,2528126.829624624,3274335.3471286727,81.34616956397584,84.17764766529865,0.34445149053470139,0.7701344109650389,0.36028137401965956,84.17764766529865,0.35426478194388757,3274335.3471286727,0.179785438050691 
 04/05  19:00:00,13.76,89.0,5.43,0.0,0.0,0.0,0.0,0.0,0.0,0.0,0.0,4.0,0.0,0.0,0.0,4880.0,0.0,0.0,0.0,0.0,0.0,0.0,0.0,0.0,0.0,0.0,0.0,20.84561733369246,-567.8650593626204,20.74971406575565,-58.822705026039859,20.892343906811406,-372.6528505494791,20.19221085576203,364.8120937488271,16.71961178218337,26.9979860564026,18.788983922883589,-54.88083289114306,18.198730142433598,125.4503449866781,18.791557005535219,-110.88498443472773,17.30351728827857,43.08923138400969,484.38101398821825,512.9126060282739,0.0,0.0,0.0,0.0,0.0,0.0,0.0,0.0,0.0,0.0,0.0,0.0,0.0,0.0,0.0,0.0,0.0,0.0,0.0,0.0,0.0,0.0,0.2904462870923656,0.0886588177937624,168.41924841336846,197.38264716865747,2603.9623444908449,0.010288537012658545,0.0015702895318465424,15.872182636151833,18.55568594465773,236.79073108154598,0.4584285012332337,0.08662670091330951,265.2640482237092,311.1769955460401,4002.6582289071568,0.17585695511720643,0.03323071714232925,279.1941189740409,328.2036228655192,3871.8549878509404,0.0,0.0,8.970309557300709,10.68811173398748,54.98451997826642,0.0,0.0,45.159946051359039,53.371481593352537,483.30471180361345,0.0,0.0,250.16646767722819,296.1313228251423,2433.012592182902,0.0,0.0,31.007208219467306,36.52524509230841,389.9511362888355,0.0,0.0,175.66031337683794,208.8146806768166,1280.705693971691,31.50872147355064,21.610920077881106,277.01348582200907,326.511880300787,3803.4440699463395,0.0,0.0,177.47520829742127,210.94275619508449,1310.9317573625925,529.9035188990465,21.498660295378945,56.501600456746988,21.4,30.0,0.0,21.272999596543824,65.98059716225565,21.0,30.0,0.0,21.322202501562204,56.7796083339345,21.0,30.0,0.0,20.728932553046059,58.92984222561335,16.0,30.0,0.0,16.781579443503884,72.9475539701766,12.000000000000002,30.0,27.912085634882304,19.09145378215084,64.06050587714553,19.0,30.0,0.0,18.595231792721277,66.38447999175448,10.0,30.0,84.36087771030253,20.04921891427674,60.26219500654202,19.7,30.0,0.0,17.365013684204194,71.38908011456235,16.0,30.0,0.0,19.936437575979963,0.0,0.0,0.0,17.399177952705516,0.0,0.0,724.2390405154904,1247.3518141632092,701.8000089586142,709.3665257496814,669.1848694523911,700.7174347848587,704.0804422714496,696.1760077956965,700.31889936527,5322.187799988325,82.09550880599807,82.09550880599807,240.0,0.0,240.0,240.0,21.0,16.0,19.0,16.0,19.7,12.0,21.0,10.0,1.0,0.0,529.9035188990465,0.0,0.0,0.0,27.912085634882304,0.0,84.36087771030253,0.0,0.0,0.0,0.0,82.09550880599807,82.09550880599807,0.20400000000000002,0.43197092448562449,0.21616882441179575,82.09550880599807,0.21255886916633252,0.0,0.009559999999999999 
 04/05  19:10:00,13.754999999999999,89.16666666666667,5.451666666666667,0.0,0.0,0.0,0.0,1.0,2.0,0.0,0.0,4.0,0.0,0.0,0.0,3908.0,0.0,0.0,0.0,0.0,0.0,0.0,0.0,0.0,0.0,0.0,0.0,21.100442249870576,-1009.3972818839139,20.729647762269683,-54.48941446861927,20.91132305513903,-363.6986884787457,20.176689824431955,302.641542927184,16.732666512460665,26.505628729980587,19.539492609538259,-53.47099272695176,18.168369747727256,125.09995343053925,19.150943527952408,-174.45020963676508,17.30594725031319,24.204912259631329,484.0825064066603,542.9520021122648,0.0,0.0,0.0,0.0,0.0,0.0,0.0,0.0,0.0,0.0,0.0,0.0,0.0,0.0,0.0,0.0,0.0,0.0,0.0,0.0,0.0,0.0,0.18516724526875567,0.05652235814064581,239.72803534523693,280.5967071452348,3857.6857078671066,0.007783579139092032,0.0011879699540738756,16.501801727514896,19.343390650256244,245.19774470672813,0.5369329675323147,0.10146125614745182,292.48001724974747,342.31021253476799,4531.425851219033,0.18819452469388599,0.03556207949619916,263.6644186762559,309.4466326284763,3643.1187507315828,0.0,0.0,9.38117512846241,11.168954651904127,57.8258229738763,0.0,0.0,12.397290580276671,14.584044004753054,158.86676847199494,0.0,0.0,213.32458374297219,252.46256945815598,2049.639051787957,0.0,0.0,36.65034000926598,43.03499345945528,504.86724357829578,0.0,0.0,174.04334608209985,206.805500002171,1269.7038657914625,31.530575723461177,21.625909275350609,302.9724504210278,356.6639583088254,4070.848073939701,0.0,0.0,176.30626808563395,209.46179377387973,1303.5137202164879,1592.9073976719306,21.86796701154955,55.081320325508617,22.0,30.0,0.0,21.2356008657341,66.45520856869533,21.0,30.0,1189.5916392433608,21.476173613476658,56.472379338946307,21.5,30.0,0.0,20.665303784771877,59.405627190980187,16.0,30.0,0.0,16.792997756112837,73.47288900582541,12.0,30.0,1135.7473460671386,20.141169101120103,61.49386998345319,19.75,30.0,0.0,18.531091331579569,66.93460027974655,10.0,30.0,994.7426256471973,20.63870213959686,59.160377734452399,20.7,30.0,0.0,17.361826301035916,71.73335636763572,16.0,30.0,0.0,19.859482713374054,0.0,0.0,0.0,17.39632663228037,0.0,0.0,702.1209758589009,1256.248999651249,704.3244094840911,716.6184434265342,682.5127849046437,794.1296720849739,704.8879238893628,750.2432882900087,705.3489980038485,9630.690921939555,81.63677118627038,83.63376433276147,270.0,0.0,270.0,270.0,21.0,16.0,19.0,16.0,19.7,12.0,21.0,10.0,1.0,0.0,1592.9073976719306,0.0,1189.5916392433608,0.0,1135.7473460671386,0.0,994.7426256471973,0.0,3021.742451747392,1813045.4710484353,2374541.115613267,81.63677118627038,83.66767990595116,0.35572474839157977,0.7679656477084045,0.36028137401965956,83.66767990595116,0.3542647819438875,2374541.115613267,0.1342761380118899 
 04/05  19:20:00,13.75,89.33333333333334,5.473333333333333,0.0,0.0,0.0,0.0,1.0,2.0,0.0,0.0,4.0,0.0,0.0,0.0,3909.0,0.0,0.0,0.0,0.0,0.0,0.0,0.0,0.0,0.0,0.0,0.0,20.8938752172921,-356.2458550385213,20.724229659692946,-64.67207961921858,21.003403379900847,-465.9683377378144,20.219544196575116,149.9916096430377,16.746495104647936,25.034262977157739,19.495139886761135,-35.64680266932287,18.15266062492314,50.73218844201074,19.01821305458902,-114.79285622302086,17.309458468491117,32.701248187058357,491.7998676649561,495.09741136947675,0.0,0.0,0.0,0.0,0.0,0.0,0.0,0.0,0.0,0.0,0.0,0.0,0.0,0.0,0.0,0.0,0.0,0.0,0.0,0.0,0.0,0.0,0.36599098271246519,0.1117188591918392,191.210861448717,224.59254500375836,2852.6806910622765,0.0,0.0,24.265967623597147,28.39163729805781,359.97574371165146,0.4538640390378501,0.08576417971236779,301.4102116153714,353.6320204643089,4609.292576131605,0.14162800603826793,0.026762661760821595,193.51703083688086,227.19218352953508,2693.9328182571127,0.0,0.0,8.565007407624315,10.200595972116912,53.10081892451906,0.0,0.0,11.523597044552743,13.56091562275218,146.93816426844649,0.0,0.0,201.5431365570752,238.61297452204256,1914.4455756612652,0.0,0.0,32.634814936402779,38.40981207589274,413.5669423928609,0.0,0.0,168.13358522234894,199.8058914837627,1229.6335727849644,31.529680263228245,21.625295105094826,301.17160802668789,355.0080557412824,4161.6720193862079,0.0,0.0,170.4168500639153,202.51433289831264,1250.4437541409434,484.6808277487179,21.2660709802861,57.9935242867697,21.25,30.0,0.0,21.22071239776323,66.73653899237252,21.0,30.0,811.8293141126079,21.50585083939076,56.54046511770497,21.25,30.0,0.0,20.71725824999905,59.38707884736968,16.0,30.0,0.0,16.806149421559569,73.98035263325554,12.0,30.0,0.0,20.12504411045383,63.90997205024257,19.0,30.0,0.0,18.46630921555086,67.7891447877863,10.0,30.0,320.2333692275535,20.106342964487327,62.057597904511698,19.7,30.0,0.0,17.365718945088493,72.3759104040241,16.0,30.0,0.0,19.928220651168119,0.0,0.0,0.0,17.3623514634818,0.0,0.0,751.2919709644657,1257.907335787313,705.3262864854492,713.8713446711112,695.0633275798396,927.0840265407996,723.460141030778,783.4908177249342,720.0619397888218,4104.365291948774,83.01262012105515,83.01262012105515,270.0,0.0,270.0,270.0,21.0,16.0,19.0,16.0,19.7,12.0,21.0,10.0,1.0,0.0,484.6808277487179,0.0,811.8293141126079,0.0,0.0,0.0,320.2333692275535,0.0,0.0,0.0,0.0,83.01262012105515,83.01262012105515,0.17,0.34631972540959379,0.18014068700982978,83.01262012105515,0.17713239097194376,0.0,0.011025000000000002 
 04/05  19:30:00,13.745000000000001,89.5,5.494999999999999,0.0,0.0,0.0,0.0,1.0,2.0,0.0,0.0,4.0,0.0,0.0,0.0,1956.0,0.0,0.0,0.0,0.0,0.0,0.0,0.0,0.0,0.0,0.0,0.0,21.344259214597416,-959.9521096671374,20.71716417060741,-49.69253071000273,20.86406582209122,-152.38868716401067,20.183457443734527,205.69389874566924,16.75857524919219,24.881932090517297,19.292924567397603,-41.01906542558373,18.14984696250331,155.98827535283636,19.345372223570089,-188.51890921048847,17.30515138346881,14.921951017857282,508.80820167387449,509.24864135335658,0.0,0.0,0.0,0.0,0.0,0.0,0.0,0.0,0.0,0.0,0.0,0.0,0.0,0.0,0.0,0.0,0.0,0.0,0.0,0.0,0.0,0.0,0.1790374431709056,0.05465123417915312,248.25377446417068,289.1391644939287,4086.386299123241,0.0,0.0,15.878770636607339,18.585349204879923,235.19133207429639,0.585910213739598,0.11071621574822338,330.0687218626746,386.48135159126869,4869.613849215789,0.17648448675717597,0.033349298329020397,235.49721446530433,276.354795319426,3252.732794073272,0.0,0.0,9.385690823532638,11.15067899732548,58.50712791170085,0.0,0.0,12.739079114249279,14.96508155369407,153.22994797261883,0.0,0.0,202.25575616002767,238.94564418949626,1927.9998151857313,0.0,0.0,37.53010147502086,43.98698243698791,521.609322326554,0.0,0.0,164.00958159223056,194.54896931906547,1196.8559494494044,31.76805124102087,21.788786859410757,329.17396127124109,386.8382920518553,4534.582526521448,0.0,0.0,166.31378632793696,197.29143514836506,1209.384436237694,1337.198587277169,22.070370713224379,55.027744121190597,22.0,30.0,0.0,21.20453988444127,66.92926579459632,21.0,30.0,0.0,21.16730432360066,58.068135132211398,21.0,30.0,0.0,20.665751263410838,59.592512004011059,16.0,30.0,0.0,16.816369727489389,74.5096089331702,12.0,30.0,0.0,19.761895048259644,67.49923821009672,19.0,30.0,0.0,18.477983464894913,68.09803684614374,10.0,30.0,757.9894254536204,20.71311735858726,60.13798897190644,20.7,30.0,0.0,17.351342230559966,72.7916008692895,16.0,30.0,0.0,20.05535541175931,0.0,0.0,0.0,17.325063056980789,0.0,0.0,732.6465910930177,1253.9847189426888,724.1935288503626,705.8820979164027,710.1422347882735,1039.3934010222559,735.8334923841753,797.3376339922322,731.9921660045727,10535.383350464017,81.03862485766115,84.53989906460913,270.0,0.0,270.0,270.0,21.0,16.0,19.0,16.0,19.7,12.0,21.0,10.0,1.0,0.0,1337.198587277169,0.0,0.0,0.0,0.0,0.0,757.9894254536204,0.0,5298.7292406454139,3179237.544387248,4114065.52970034,81.03862485766115,84.59936232407577,0.3466243080215138,0.7681910781426125,0.36028137401965956,84.59936232407577,0.3542647819438875,4114065.52970034,0.22518140754441769 
 04/05  19:40:00,13.739999999999999,89.66666666666667,5.516666666666666,0.0,0.0,0.0,0.0,1.0,2.0,0.0,0.0,4.0,0.0,0.0,0.0,3912.0,0.0,0.0,0.0,0.0,0.0,0.0,0.0,0.0,0.0,0.0,0.0,20.821430907310267,-109.80436900569771,20.72346768568005,-55.856926392076079,21.112713698976298,-1186.4883718575075,20.229506955201385,475.38673947927966,16.771497487205104,24.118515781456567,19.174331531262703,-28.15447187644598,18.181180562557964,39.07932117774294,18.96051592064103,-115.72558877112107,17.304508226494236,25.9504262998596,550.6997308526939,523.1731968929996,0.0,0.0,0.0,0.0,0.0,0.0,0.0,0.0,0.0,0.0,0.0,0.0,0.0,0.0,0.0,0.0,0.0,0.0,0.0,0.0,0.0,0.0,0.3469044877411639,0.10589270077569105,251.50268941466224,295.0366146467887,3714.6314164894058,0.0,0.0,20.57570473950454,24.075943106330997,305.1402795558535,0.269122344984418,0.05085456254429669,448.3833476475377,524.3649257068571,7085.795906486619,0.17230567922211718,0.032559652158374367,312.01560361730068,366.2457883511727,4371.48960589096,0.0,0.0,8.689061902789462,10.347677894151126,54.42889226955191,0.0,0.0,11.22283103875906,13.231527023225534,131.0149288981589,0.0,0.0,203.22534344774886,240.585649975483,1943.0422562331997,0.0,0.0,36.17261353901562,42.60086932200593,451.91922075076368,0.0,0.0,170.8376989784348,203.02870975584677,1247.1401895793402,31.88596258184025,21.869658835281386,440.5898149341172,517.9659893667664,6061.419288603693,0.0,0.0,173.4160668140781,206.08012242029987,1273.911537133266,0.0,21.15414121998596,58.35930075932229,21.0,30.0,0.0,21.207078014328724,67.67307420249641,21.0,30.0,1491.5160381425699,21.688655276719595,56.26180333370458,21.5,30.0,0.0,20.763131426163697,59.56004609178719,16.0,30.0,0.0,16.82805691194214,74.90551614593963,12.0,30.0,0.0,19.561717291447594,69.26643759190864,19.0,30.0,0.0,18.48710955631943,68.30211362411655,10.0,30.0,44.3123022261115,19.97261076264654,63.275487183928138,19.7,30.0,0.0,17.348618538071745,73.30477564633307,16.0,30.0,0.0,20.142799851026508,0.0,0.0,0.0,17.355811778696926,0.0,0.0,731.3096152413708,1295.0495760786999,715.4093505328398,719.6243242408191,722.5303202103578,1089.8620649457549,740.1516727172793,806.1446676211381,748.269983981811,8293.44657325054,82.52103793593287,84.23492452537163,270.0,0.0,270.0,270.0,21.0,16.0,19.0,16.0,19.7,12.0,21.0,10.0,1.0,0.0,0.0,0.0,1491.5160381425699,0.0,0.0,0.0,44.3123022261115,0.0,2593.802816199255,1556281.689719553,2019030.493448048,82.52103793593287,84.26403200937331,0.34146009387330858,0.767403698095789,0.36028137401965956,84.26403200937331,0.3542647819438875,2019030.493448048,0.1164645856592985 
 04/05  19:50:00,13.735000000000002,89.83333333333333,5.538333333333332,0.0,0.0,0.0,0.0,1.0,2.0,0.0,0.0,4.0,0.0,0.0,0.0,3912.0,0.0,0.0,0.0,0.0,0.0,0.0,0.0,0.0,0.0,0.0,0.0,21.055897890147297,-630.814861445493,20.726569954063327,-58.94738262560776,21.033746757236388,-639.9814127797856,20.292477998538894,204.8808957204269,16.781717501233464,22.752556145195585,19.083627386806428,-29.500227429029139,18.12361862985546,121.57270030060727,19.33463439064635,-187.8564393142609,17.298593876759939,1.111850366653016,462.0276613777937,517.8531785107853,0.0,0.0,0.0,0.0,0.0,0.0,0.0,0.0,0.0,0.0,0.0,0.0,0.0,0.0,0.0,0.0,0.0,0.0,0.0,0.0,0.0,0.0,0.2526547810310098,0.07712294903266477,178.90110218266765,209.3535785892565,2846.2241841714278,0.013298140851543362,0.0020296307770975828,18.662728286331054,21.893751678901677,276.7659490139385,0.45432386885723916,0.08585107121263025,275.90020873627506,322.58934196512367,4340.35041431717,0.15473962120684527,0.029240291233341876,226.17576453811865,265.1921599375937,3192.540540726256,0.0,0.0,9.018893457143826,10.732935481813679,56.72628596122687,0.0,0.0,12.076239928690966,14.227691005117738,137.28148632666766,0.0,0.0,197.70968806647688,234.02690087087417,1858.052482381262,0.0,0.0,40.568123749684989,47.67220947262437,552.9395243816091,0.0,0.0,163.273008790974,194.0035594644454,1187.959311331455,31.945996069245198,21.91083406669767,272.89945540228896,321.0025622804687,3764.0127226078909,0.0,0.0,165.98309824234912,197.22456206655,1209.0760572509258,1126.828158819973,21.70847818058839,56.87883305607147,21.75,30.0,0.0,21.199189693438247,67.40006031698262,21.0,30.0,1257.7960088338498,21.543131057627826,57.42608702732217,21.5,30.0,0.0,20.80296560633211,60.080125836842217,16.0,30.0,0.0,16.834937072287084,75.47927525984488,12.0,30.0,0.0,19.409800364814307,71.16309991958339,19.0,30.0,0.0,18.3993712732296,69.47223790787385,10.0,30.0,930.7443469947273,20.573354416993199,61.4305710440624,20.7,30.0,0.0,17.33102824839154,74.14004278038321,16.0,30.0,0.0,19.890918614965586,0.0,0.0,0.0,17.32069644708062,0.0,0.0,744.0309371385438,1264.9482439610914,741.9541485751445,748.5585810234462,740.8224724449844,1157.0484580658763,765.7690384407326,824.1742950183264,771.2414352331117,9623.183751989825,81.64180493918966,83.44447175029483,270.0,0.0,270.0,270.0,21.0,16.0,19.0,16.0,19.7,12.0,21.0,10.0,1.0,0.0,1126.828158819973,0.0,1257.7960088338498,0.0,0.0,0.0,930.7443469947273,0.0,2728.022439058945,1636813.463435367,2120122.183255405,81.64180493918966,83.4750870171905,0.34593408130196487,0.7713105488689731,0.36028137401965956,83.4750870171905,0.3542647819438875,2120122.183255405,0.12163135352928106 
 04/05  20:00:00,13.73,90.0,5.56,0.0,0.0,0.0,0.0,1.0,2.0,0.0,0.0,4.0,0.0,0.0,0.0,3913.0,0.0,0.0,0.0,0.0,0.0,0.0,0.0,0.0,0.0,0.0,0.0,20.997540295045647,-449.846352998062,20.737355963936879,-58.0907403700478,20.78695815715028,-345.1404020504194,20.280428740953874,131.44690363032215,16.795080813676,23.354484090475255,19.01202851199642,-25.449109872514727,18.17628945987402,65.23795901223252,19.040436666482408,-112.70347176307428,17.303039522548454,28.085535480509408,491.6938528344315,503.0805287212504,0.0,0.0,0.0,0.0,0.0,0.0,0.0,0.0,0.0,0.0,0.0,0.0,0.0,0.0,0.0,0.0,0.0,0.0,0.0,0.0,0.0,0.0,0.3642503580558421,0.11118753298407878,204.07401997167717,239.46623853303653,3103.1417108356138,0.0,0.0,21.69132545197796,25.38810384870193,322.26172455860208,0.47762115579659206,0.09025343080056542,299.0528574538223,350.9664798855871,4526.719811679738,0.14339029832602108,0.0270956723972073,193.6557320310241,227.2735822616264,2721.3097995515015,0.0,0.0,8.625408183153244,10.269514170945051,54.565291284247418,0.0,0.0,10.448476512347794,12.3264346881881,116.63945786640952,0.0,0.0,204.99142956972117,242.67433972434226,1954.4294427482067,0.0,0.0,33.35729193396266,39.26684519756304,418.29979213226468,0.0,0.0,169.225791501806,201.1035444160938,1236.0227296834096,32.09547683456415,22.013358597094766,298.1676315895764,351.4072196537717,4163.232036363749,0.0,0.0,171.47273148957653,203.77615757816347,1253.0051831019765,674.523010745903,21.39285981171772,58.72894855769988,21.25,30.0,0.0,21.209250816742658,68.1498553410448,21.0,30.0,17.469671792630959,21.275995545573733,58.54057917892705,21.0,30.0,0.0,20.771934966487558,60.487573045266618,16.0,30.0,0.0,16.848627081114207,76.00248202708576,12.0,30.0,0.0,19.29336505952555,72.27725531562854,19.0,30.0,0.0,18.464223946327168,69.69354722284203,10.0,30.0,23.897156111380054,20.008132605849654,64.2728633123421,19.7,30.0,0.0,17.339997189851127,74.667269504007,16.0,30.0,0.0,19.97650770929655,0.0,0.0,0.0,17.32658714276588,0.0,0.0,785.765373114828,1305.644727824665,741.1399870294173,754.0417473686713,755.8544823587945,1188.4194161211095,780.7296317643846,846.2793875672912,783.7650260003917,3892.4730294541866,81.451903091986,81.451903091986,270.0,0.0,270.0,270.0,21.0,16.0,19.0,16.0,19.7,12.0,21.0,10.0,1.0,0.0,674.523010745903,0.0,17.469671792630959,0.0,0.0,0.0,23.897156111380054,0.0,0.0,0.0,0.0,81.451903091986,81.451903091986,0.17,0.3476909450270268,0.18014068700982978,81.451903091986,0.17713239097194376,0.0,0.011295000000000002 
 04/05  20:10:00,13.678333333333335,90.33333333333333,5.553333333333333,0.0,0.0,0.0,0.0,0.0,2.0,0.0,0.0,4.0,0.0,0.0,0.0,3916.0,0.0,0.0,0.0,0.0,0.0,0.0,0.0,0.0,0.0,0.0,0.0,21.08034960419247,-133.75263354006689,20.747531740292979,-43.949210885226438,21.081466139830078,-1147.2848139786207,20.386086150933438,450.39206587742617,16.807675442015058,24.12914759688536,19.052783589096387,-31.92625838802995,18.190497624662969,120.5576456282015,18.610225636387605,-47.353604825242999,17.29948007031911,-2.6818215842442898,524.0101048479353,473.2387014205601,0.0,0.0,0.0,0.0,0.0,0.0,0.0,0.0,0.0,0.0,0.0,0.0,0.0,0.0,0.0,0.0,0.0,0.0,0.0,0.0,0.0,0.0,0.38873581845620305,0.11866172724548323,140.0911331767479,164.030314776749,2169.3775361439159,0.010331988279516218,0.001576921288082451,15.149480339147936,17.724828575474676,227.14147708957933,0.3545167308425461,0.06699106780849325,370.7042859784282,434.3884572104631,5929.693245603256,0.17792593651598413,0.0336216811254694,305.7201755652221,359.10041826235229,4454.4788450948049,0.0,0.0,9.14132095207427,10.8820670246078,59.00606585568535,0.0,0.0,11.989658762256216,14.139893486264093,135.81118159587857,0.0,0.0,211.62796521854438,250.48270147359038,2050.646515523543,0.0,0.0,22.33081295918208,26.35715600435898,247.53050335187346,0.0,0.0,167.93190308712966,199.56035117457993,1239.1731248694812,32.4840918982092,22.27989842126832,350.0448706194503,412.29851276397508,4957.365018777845,0.0,0.0,168.9576271584034,200.83465336056009,1224.3765432891997,0.0,21.4840143293586,58.56244715782272,21.0,30.0,0.0,21.220417605268574,68.94622815311883,21.0,30.0,1509.5641121383154,21.664357933179603,57.50979852656114,21.5,30.0,0.0,21.00926827565486,59.95231709958698,16.0,30.0,0.0,16.860809126108359,76.47846252103177,12.0,30.0,0.0,19.327557167122309,72.6381587671921,19.0,30.0,0.0,18.49412664186258,69.94988239307046,10.0,30.0,0.0,19.212824063633137,67.28508559544994,12.0,30.0,0.0,17.32516876504964,75.29760370188294,16.0,30.0,0.0,20.140283417614428,0.0,0.0,0.0,17.24393496504437,0.0,0.0,784.8150809478144,1348.8597169120665,751.112357665151,761.1264385286133,767.5502182986046,1213.651899980061,784.9459104828148,821.1041050523851,796.8319463802189,4911.875856347255,82.16799363874856,83.90601663073407,570.0,0.0,570.0,570.0,21.0,16.0,19.0,16.0,12.0,12.0,21.0,10.0,1.0,0.0,0.0,0.0,1509.5641121383154,0.0,0.0,0.0,0.0,0.0,2630.2940562319197,1578176.4337391519,2047487.5966865172,82.16799363874856,83.93553403097836,0.172676468541064,0.38327569686022158,0.18014068700982978,83.93553403097836,0.17713239097194376,2047487.5966865172,0.13012435502769888 
 04/05  20:20:00,13.626666666666667,90.66666666666667,5.546666666666667,0.0,0.0,0.0,0.0,0.0,2.0,0.0,0.0,4.0,0.0,0.0,0.0,1960.0,0.0,0.0,0.0,0.0,0.0,0.0,0.0,0.0,0.0,0.0,0.0,21.139970386392436,-646.0330142642711,20.761184767885973,-55.35140945243137,20.934161042900187,-466.85124813770747,20.305371102300627,55.73173392708213,16.819517976691264,22.0888319649423,19.12123503287677,-31.40859435582408,18.194072012418724,91.46899172637768,18.25734467983916,-20.657753156354319,17.290265516422467,-1.671897084991997,525.7633219445152,450.28932098284897,0.0,0.0,0.0,0.0,0.0,0.0,0.0,0.0,0.0,0.0,0.0,0.0,0.0,0.0,0.0,0.0,0.0,0.0,0.0,0.0,0.0,0.0,0.4047112171622427,0.12353822257699718,193.29453335390068,225.26358391837653,3166.5382122362577,0.0,0.0,20.38030632242589,23.78883774134599,308.08486247747069,0.5626678863434622,0.10632424156150083,320.6698327699669,374.9745471762792,4968.179729006789,0.1433690989692019,0.027091666471882444,182.45518058175242,214.1226192282679,2626.42137813149,0.0,0.0,8.721530648117099,10.361977313025323,57.41147274634142,0.0,0.0,10.772602414487661,12.673467222102158,125.19531094631427,0.0,0.0,206.63679854501903,244.0932057819649,2021.4894176247804,0.0,0.0,19.48591543471234,23.022113340868267,196.1558277229314,0.0,0.0,162.80903030481876,193.11330721509715,1212.7482785591733,32.352413579661938,22.189584073842214,306.92310798045897,360.56259928181449,4333.992274002204,0.0,0.0,163.47595708291079,193.98253450345997,1182.770993918431,1106.9434998130435,21.719621984367213,57.9518404446096,21.5,30.0,0.0,21.234286975339104,69.15338362856014,21.0,30.0,1008.1475758342053,21.39247750200466,58.80078027941522,21.5,30.0,0.0,20.78909956911716,60.87862627397267,16.0,30.0,0.0,16.871654478796498,76.89421755025447,12.0,30.0,0.0,19.422696460079967,72.71229307101999,19.0,30.0,0.0,18.486408833376495,70.27854424876142,10.0,30.0,0.0,18.614278361486435,69.57051312980403,12.0,30.0,0.0,17.30685180450938,75.49277633644144,16.0,30.0,0.0,20.04421085748921,0.0,0.0,0.0,17.18572426099334,0.0,0.0,790.9512825180516,1354.812439303355,769.9746397853256,761.5712429612465,777.1973266032917,1236.7970758890047,797.259540357087,798.8689888671722,795.7278098984564,7894.207137874362,82.7849822374331,82.7849822374331,570.0,0.0,570.0,570.0,21.0,16.0,19.0,16.0,12.0,12.0,21.0,10.0,1.0,0.0,1106.9434998130435,0.0,1008.1475758342053,0.0,0.0,0.0,0.0,0.0,0.0,0.0,0.0,82.7849822374331,82.7849822374331,0.34,0.7720895026862564,0.36028137401965956,82.7849822374331,0.3542647819438875,0.0,0.023591666666666665 
 04/05  20:30:00,13.575,91.0,5.539999999999999,0.0,0.0,0.0,0.0,0.0,2.0,0.0,0.0,4.0,0.0,0.0,0.0,1960.0,0.0,0.0,0.0,0.0,0.0,0.0,0.0,0.0,0.0,0.0,0.0,20.773606867205126,-319.68111204128857,20.77259264795546,-52.558486585611209,20.871207558998245,-343.9252525306083,20.29066851217965,309.80708969854916,16.832854697525329,24.822004938960505,19.172274129489617,-31.47693525405586,18.22894668963643,98.21796902630558,18.04538559357936,-15.25297519427366,17.28631867510536,5.5890762068684129,500.68270903548139,493.7255575481322,0.0,0.0,0.0,0.0,0.0,0.0,0.0,0.0,0.0,0.0,0.0,0.0,0.0,0.0,0.0,0.0,0.0,0.0,0.0,0.0,0.0,0.0,0.4469120868285376,0.13642005092446203,137.8667279471167,161.1436648600167,2064.224765649441,0.009011224894405586,0.0013753395748482276,18.957588879761759,22.115041915673449,289.04085389365698,0.543419645950288,0.10268700792711416,222.55619015909304,260.74934612642047,3347.90910023015,0.1668066683898497,0.03152053446520212,236.4020198892271,277.2554334780691,3413.0258204480289,0.0,0.0,8.995082415939113,10.687762324920417,60.41390349832986,0.0,0.0,11.636166886004786,13.689454759243059,137.90654417028248,0.0,0.0,217.8866047441805,257.38400120384275,2175.2221047059458,0.0,0.0,9.909401510003363,11.71925874264243,94.12130962078555,0.0,0.0,168.98392807277035,200.45141919060203,1273.3633909316068,32.66596563351486,22.404640352204987,234.04895941742513,275.25602937804606,3416.347226110133,0.0,0.0,171.75317338785988,203.79362480095035,1278.8963679696629,143.92561378869727,21.15559567385247,60.40355312188038,21.0,30.0,0.0,21.243441376446648,69.38301670635329,21.0,30.0,0.0,21.11468722872876,59.94655497907332,21.0,30.0,0.0,20.812769885560539,60.689468799667768,16.0,30.0,0.0,16.886500060135739,77.20587698531856,12.0,30.0,0.0,19.488322853067794,72.80087443740392,19.0,30.0,0.0,18.533436322736095,70.22378220649219,10.0,30.0,0.0,18.2827301965075,71.12016416581619,12.0,30.0,0.0,17.29817922451032,75.90398846153929,16.0,30.0,0.0,19.966090538691434,0.0,0.0,0.0,17.23777065322128,0.0,0.0,811.0685132952967,1363.6135281713499,769.8691934981821,743.2667897640941,784.9199543565796,1249.515560577207,794.6344213538282,799.7370766413804,802.3760278748296,3309.9589589180798,83.9504364816826,83.95043648168262,570.0,0.0,570.0,570.0,21.0,16.0,19.0,16.0,12.0,12.0,21.0,10.0,1.0,0.0,143.92561378869727,0.0,0.0,0.0,0.0,0.0,0.0,0.0,0.0,0.0,0.0,83.9504364816826,83.9504364816826,0.17,0.30719377544185158,0.18014068700982978,83.9504364816826,0.17713239097194376,0.0,0.023528333333333329 
 04/05  20:40:00,13.523333333333334,91.33333333333333,5.533333333333333,0.0,0.0,0.0,0.0,0.0,2.0,0.0,0.0,4.0,0.0,0.0,0.0,3924.0,0.0,0.0,0.0,0.0,0.0,0.0,0.0,0.0,0.0,0.0,0.0,21.174457568520514,-968.4220211183513,20.779016202408717,-56.9758165322356,21.03344129536307,-418.2865560436692,20.228659581614978,263.86871096545726,16.843755725015613,23.685256921056636,19.21365009910677,-35.75722017572983,18.234756377722286,138.0323538006287,17.906870505077778,-15.23914215483451,17.288532459885137,-4.493161100914904,468.80920081901857,453.7634936782972,0.0,0.0,0.0,0.0,0.0,0.0,0.0,0.0,0.0,0.0,0.0,0.0,0.0,0.0,0.0,0.0,0.0,0.0,0.0,0.0,0.0,0.0,0.33035724178244016,0.10084164889573877,222.99233112779369,260.97172263225209,3702.424524082294,0.014378250149294883,0.002194482623518755,17.94606976515735,21.0454485044443,275.30029387497077,0.6345175188694244,0.11990126962763127,270.66315209946739,316.65968174013,4332.509900430331,0.19405713601313613,0.03666990476438701,250.31228072595844,293.64871507315498,3575.227507573942,0.0,0.0,9.23547843355826,10.988266046408463,63.15730927290478,0.0,0.0,12.460028293431109,14.672700339670586,150.20116542223134,0.0,0.0,212.08135953077369,250.9142552679604,2143.75262706349,0.0,0.0,11.108892365507649,13.156823011640663,101.97501404579507,0.0,0.0,159.87519291643134,189.98597964004618,1221.1730821654633,32.61512501613727,22.369770244264254,283.11310745662368,333.21446178303588,3977.512331841296,0.0,0.0,164.27573163880946,195.27941777669995,1218.6304018009003,1545.1028883203479,21.89361363195146,57.20039286205142,22.0,30.0,0.0,21.24403092940647,69.03717015965998,21.0,30.0,1162.7682460549505,21.48901979572001,58.712330687005977,21.5,30.0,0.0,20.666572934309927,61.88592377259109,16.0,30.0,0.0,16.895843456246398,77.47791877240081,12.0,30.0,0.0,19.537478760739814,73.04284707593469,19.0,30.0,0.0,18.545310057878888,70.3321890745236,10.0,30.0,0.0,18.08654631420424,72.10237076912998,12.0,30.0,0.0,17.298366324081884,76.02751566694475,16.0,30.0,0.0,19.824534204533916,0.0,0.0,0.0,17.173352402526466,0.0,0.0,761.9271722452445,1334.4692496013964,766.3656948983213,781.7784452682043,792.2145812566687,1266.5358018352036,791.4352799533409,800.0334934543201,801.5338960488855,9481.389565557818,81.73564601142923,81.73564601142923,570.0,0.0,570.0,570.0,21.0,16.0,19.0,16.0,12.0,12.0,21.0,10.0,1.0,0.0,1545.1028883203479,0.0,1162.7682460549505,0.0,0.0,0.0,0.0,0.0,0.0,0.0,0.0,81.73564601142923,81.73564601142923,0.34,0.7690113743048481,0.36028137401965956,81.73564601142923,0.3542647819438875,0.0,0.023464999999999998 
 04/05  20:50:00,13.471666666666668,91.66666666666667,5.526666666666666,0.0,0.0,0.0,0.0,0.0,2.0,0.0,0.0,4.0,0.0,0.0,0.0,3925.0,0.0,0.0,0.0,0.0,0.0,0.0,0.0,0.0,0.0,0.0,0.0,20.78952057759809,-309.66950543150178,20.787553246283204,-73.40154483352583,21.10561364327595,-503.1540264286077,20.2741351927937,143.23314531988968,16.855659561531178,22.312170793071176,19.253156470950409,-22.975538468229347,18.231272728109667,30.635582779092148,17.77671048775848,-20.7911740011629,17.291072711873484,8.715149561874796,431.6373597739048,471.4217346015646,0.0,0.0,0.0,0.0,0.0,0.0,0.0,0.0,0.0,0.0,0.0,0.0,0.0,0.0,0.0,0.0,0.0,0.0,0.0,0.0,0.0,0.0,0.5133963876934583,0.1567144040578322,117.37113270365129,137.49890249102095,1795.7578791501647,0.003989069517930645,0.0006088323440065087,25.33052612456791,29.65377550084238,391.27815600656757,0.5274028985848351,0.09966041167513898,217.01974977558775,254.35587345445135,3417.700567960779,0.1500417618520804,0.028352562708254038,212.1807953501565,249.21327412652597,3077.300869891743,0.0,0.0,8.42540786625852,10.026747221776735,58.687337532566299,0.0,0.0,11.484858117148843,13.528367847499706,140.70758181153088,0.0,0.0,210.19769799423083,248.7816418682948,2122.8360276621494,0.0,0.0,15.683861341282782,18.6034502736407,140.06595526172033,0.0,0.0,158.60514583841795,188.4956085422271,1229.1923145339266,32.583089828993,22.347798236620727,217.53246030472128,256.360317202822,3142.4170497998427,0.0,0.0,169.77608490327439,201.83870774398955,1287.224449234489,118.89280847614244,21.209733834683726,60.77415747232581,21.0,30.0,0.0,21.24767067304069,68.90519338361946,21.0,30.0,773.6828983230465,21.52149875895602,58.672226361724778,21.25,30.0,0.0,20.731365389782157,61.58873617112401,16.0,30.0,0.0,16.907546045668839,77.80868164025519,12.0,30.0,0.0,19.58691158517499,73.4370136974578,19.0,30.0,0.0,18.489405141921524,71.10428743810282,10.0,30.0,0.0,17.896256877110035,73.23427811866159,12.0,30.0,0.0,17.30223796133319,76.38200566395487,16.0,30.0,0.0,19.706762641572518,0.0,0.0,0.0,17.20252821407953,0.0,0.0,821.3468791929164,1316.7072986778495,758.2239206962474,762.299109348677,800.3077485080617,1287.0804200825363,807.8841839046081,802.0305782732953,805.5522490933602,4513.371103736098,81.34418667584419,81.34418667584419,570.0,0.0,570.0,570.0,21.0,16.0,19.0,16.0,12.0,12.0,21.0,10.0,1.0,0.0,118.89280847614244,0.0,773.6828983230465,0.0,0.0,0.0,0.0,0.0,0.0,0.0,0.0,81.34418667584419,81.34418667584419,0.17,0.348195201729376,0.18014068700982978,81.34418667584419,0.17713239097194376,0.0,0.02324333333333333 
 04/05  21:00:00,13.42,92.0,5.52,0.0,0.0,0.0,0.0,0.0,2.0,0.0,0.0,4.0,0.0,0.0,0.0,3928.0,0.0,0.0,0.0,0.0,0.0,0.0,0.0,0.0,0.0,0.0,0.0,21.18698215285327,-816.1956171918535,20.800494717153656,-41.34887928564912,21.168579160663755,-196.71649916152956,20.32520539770892,344.1053894486163,16.86699951829177,24.580670956884008,19.28487930514263,-44.34152485559618,18.277906995896598,164.0321948206497,17.674125265331346,-21.60755018049457,17.28808985896317,-5.463350561277593,508.00707331196056,473.7479286917776,0.0,0.0,0.0,0.0,0.0,0.0,0.0,0.0,0.0,0.0,0.0,0.0,0.0,0.0,0.0,0.0,0.0,0.0,0.0,0.0,0.0,0.0,0.4067461786960263,0.12415939520635726,226.38182332065339,264.71116204388349,3737.569997108928,0.03127829970202271,0.004773855265876482,14.139717676806768,16.54293368795788,220.87732842888799,0.5950415680007821,0.11244171730929373,267.10450153440186,312.9907185752355,4282.111801764001,0.19920222428466359,0.03764214366679205,281.2594557987682,330.2777324094708,4161.6005417198189,0.0,0.0,9.740158454218188,11.590998856553889,69.07863408907683,0.0,0.0,13.55129923136263,15.961518755142422,168.2757651838337,0.0,0.0,221.01099123289715,261.4048255120343,2308.442711110642,0.0,0.0,18.593195669209416,22.054622463350598,162.54253719322879,0.0,0.0,156.87393925501085,186.37973327063524,1228.7207738666735,33.08145767856012,22.689614320000094,280.5619495640142,330.39160012616176,4136.871514681407,0.0,0.0,170.74600493134643,202.92832088294404,1306.7004605233386,1139.6460257051577,21.75726314839833,58.00762830437428,21.75,30.0,0.0,21.26621972480894,69.72077562178856,21.0,30.0,0.0,21.478403233279065,59.063919217682798,21.0,30.0,0.0,20.853922774193778,61.40247576023635,16.0,30.0,0.0,16.918844280327389,78.16326519534948,12.0,30.0,0.0,19.618799382817536,73.44781838048042,19.0,30.0,0.0,18.611830510972156,70.73304059675295,10.0,30.0,0.0,17.752285349032336,74.3640861790388,12.0,30.0,0.0,17.291138246506728,76.99956483349266,16.0,30.0,0.0,20.03615583094749,0.0,0.0,0.0,17.183895806154128,0.0,0.0,758.4048358289701,1363.4218130853365,765.0838392480799,767.6720848656698,807.7321160131783,1281.1295416801636,802.8242059397887,812.2383625049546,820.8512813295001,5698.0909957075159,82.86897865712828,82.86897865712828,570.0,0.0,570.0,570.0,21.0,16.0,19.0,16.0,12.0,12.0,21.0,10.0,1.0,0.0,1139.6460257051577,0.0,0.0,0.0,0.0,0.0,0.0,0.0,0.0,0.0,0.0,82.86897865712828,82.86897865712828,0.255,0.5754704616768832,0.27021103051474468,82.86897865712828,0.2656985864579156,0.0,0.02302166666666667 
 04/05  21:10:00,13.36,92.16666666666667,5.545,0.0,0.0,0.0,0.0,0.0,2.0,0.0,0.0,4.0,0.0,0.0,0.0,1966.0,0.0,0.0,0.0,0.0,0.0,0.0,0.0,0.0,0.0,0.0,0.0,20.95141807683628,-391.1239779325715,20.811269590238326,-72.42354976394262,20.737601725728653,-326.26132515447628,20.29294354549273,163.546449197318,16.879778524907,22.614040050874764,19.315719482519208,-25.868650543244486,18.251250651651945,31.236924725685186,17.588771283601518,-15.931866019744291,17.29409777616569,7.771787265047806,490.01419462859487,496.20319839657716,0.0,0.0,0.0,0.0,0.0,0.0,0.0,0.0,0.0,0.0,0.0,0.0,0.0,0.0,0.0,0.0,0.0,0.0,0.0,0.0,0.0,0.0,0.5384830655201613,0.16437212012214939,178.63309704915816,209.1274431910765,2833.93495307457,0.0,0.0,25.03049863021566,29.191802766446796,393.4175814023145,0.5743120750162659,0.10852457955711756,250.52995729915157,293.36350477597719,3844.7216608585097,0.1607583474515184,0.030377616676401807,214.78074803913348,251.95768273710758,3170.9367374709947,0.0,0.0,8.488760230416933,10.08374888321022,61.471410011511768,0.0,0.0,11.706721916439303,13.756964080381725,147.68800324238868,0.0,0.0,216.86227101037225,256.1491777202852,2249.7725120954148,0.0,0.0,19.130698573400417,22.662367813299526,165.20901134760505,0.0,0.0,160.53742890448454,190.39059988514567,1280.3077000953884,32.77068222165102,22.476462429115935,251.62475499017047,295.89567854727968,3694.2245134127936,0.0,0.0,175.7169610386659,208.4326306466988,1385.2565177100683,810.5516897553499,21.446193194191154,59.882599528626958,21.5,30.0,0.0,21.271865559533909,69.54347378857907,21.0,30.0,272.7180137834593,21.062091236088578,60.339194357588429,21.0,30.0,0.0,20.757533325919753,61.92205468859457,16.0,30.0,0.0,16.93246918200135,78.41516583805127,12.0,30.0,0.0,19.657542802692665,73.68915209856715,19.0,30.0,0.0,18.511512320017169,71.21114792833265,10.0,30.0,0.0,17.634448614458539,75.23776997674898,12.0,30.0,0.0,17.301303258443455,76.99483523601013,16.0,30.0,0.0,19.87636911684944,0.0,0.0,0.0,17.24164863201876,0.0,0.0,804.2292474545701,1343.673271560595,743.1245960221706,775.8711329007198,812.0717353306739,1291.5808184756652,801.7727102506686,816.7926630414295,816.7898249691223,8081.810896745728,82.66105982635279,82.66105982635279,570.0,0.0,570.0,570.0,21.0,16.0,19.0,16.0,12.0,12.0,21.0,10.0,1.0,0.0,810.5516897553499,0.0,272.7180137834593,0.0,0.0,0.0,0.0,0.0,0.0,0.0,0.0,82.66105982635279,82.66105982635279,0.34,0.7713595388817073,0.36028137401965956,82.66105982635279,0.3542647819438875,0.0,0.0228 
 04/05  21:20:00,13.3,92.33333333333334,5.57,0.0,0.0,0.0,0.0,0.0,2.0,0.0,0.0,4.0,0.0,0.0,0.0,3932.0,0.0,0.0,0.0,0.0,0.0,0.0,0.0,0.0,0.0,0.0,0.0,21.030107445112344,-128.3065347974309,20.816612247007258,-54.40136913727531,21.25295182753782,-1234.26541126115,20.37093592759759,430.4595558132455,16.887959898751377,20.770088897963278,19.34693033309101,-32.5068020488083,18.212410516519456,94.96784087548849,17.532646789065877,-14.523059744610464,17.298637991881365,-4.3507635622108868,552.0661865189538,444.11130631005588,0.0,0.0,0.0,0.0,0.0,0.0,0.0,0.0,0.0,0.0,0.0,0.0,0.0,0.0,0.0,0.0,0.0,0.0,0.0,0.0,0.0,0.0,0.5649006296179531,0.17243608962696983,206.876342622105,242.77211722010908,3318.665344793384,0.014305649173820627,0.0021834018885562619,19.612501627181616,22.96285837417871,310.7277472092101,0.4192925379003517,0.07923139416106423,383.01179225767029,448.2864263815782,6454.6082366637679,0.17841345439573359,0.03371380468551276,278.10668206486346,326.36562261724648,4241.498767826767,0.0,0.0,8.569806830175104,10.195072898284608,63.167671827335798,0.0,0.0,11.029250152123419,12.981822485639752,141.18269624256068,0.0,0.0,207.28334023562858,245.31077563244126,2149.429551363161,0.0,0.0,18.86887013443851,22.39761408912883,162.6619380887414,0.0,0.0,148.9047670642072,176.9225345310982,1206.172668999151,32.9796243468457,22.61976978521654,370.79299915771557,436.37869154346415,5545.59461654954,0.0,0.0,163.9199259755219,194.8589841903276,1283.083196244056,0.0,21.32745328840739,60.15597688898511,21.0,30.0,0.0,21.27259634455016,68.82019907152119,21.0,30.0,1677.2608325432778,21.778433582514159,58.06330581292473,21.5,30.0,0.0,20.931538584254566,61.201313688604169,16.0,30.0,0.0,16.937707107848604,78.62121445383109,12.0,30.0,0.0,19.692346644974735,74.16281501216278,19.0,30.0,0.0,18.453169499885897,71.68846219600697,10.0,30.0,0.0,17.567507812752756,75.68486417036556,12.0,30.0,0.0,17.304838321431583,77.0794165936696,16.0,30.0,0.0,20.07550045664882,0.0,0.0,0.0,17.153655167281558,0.0,0.0,791.9790728824988,1289.7590639462415,759.4161033278966,765.3982500272925,817.0153103099378,1319.1277863023966,806.101619720492,816.3485333475853,815.5761741458482,3775.9883155459795,83.37332387033992,83.37332387033992,570.0,0.0,570.0,570.0,21.0,16.0,19.0,16.0,12.0,12.0,21.0,10.0,1.0,0.0,0.0,0.0,1677.2608325432778,0.0,0.0,0.0,0.0,0.0,0.0,0.0,0.0,83.37332387033992,83.37332387033992,0.17,0.3850832162629819,0.18014068700982978,83.37332387033992,0.17713239097194376,0.0,0.02223 
 04/05  21:30:00,13.24,92.5,5.595,0.0,0.0,0.0,0.0,0.0,2.0,0.0,0.0,4.0,0.0,0.0,0.0,983.0,0.0,0.0,0.0,0.0,0.0,0.0,0.0,0.0,0.0,0.0,0.0,20.68447653063543,-192.83599444123184,20.825489729831305,-76.36157436848828,20.723260281108926,-375.44867355445879,20.288515750457245,98.44898066030419,16.897412529530884,20.463841813698538,19.381828146581129,-25.209512692914076,18.194391630608878,62.553955728172699,17.471203175269744,-12.770052343737803,17.2928620520388,-6.182080910723926,431.9352432109081,452.1453014771005,0.0,0.0,0.0,0.0,0.0,0.0,0.0,0.0,0.0,0.0,0.0,0.0,0.0,0.0,0.0,0.0,0.0,0.0,0.0,0.0,0.0,0.0,0.5682506269396354,0.17345867733200105,68.48213675927278,79.84960404165581,1067.5307641583902,0.0,0.0,24.57030284356324,28.574229114203594,392.4678752045216,0.6010777853754835,0.11358234795455097,150.87752829649049,176.0221598083863,2341.2725906452576,0.14294509109869386,0.027011544047372227,163.2978212094792,190.66017953714099,2428.539148232288,0.0,0.0,8.288477672048808,9.802641084365723,62.29075098276877,0.0,0.0,11.26338161842692,13.168039927054388,146.68556131234483,0.0,0.0,205.20494698609174,241.45900280940556,2137.4958394607285,0.0,0.0,19.751146128532427,23.31575969717017,169.53271172169563,0.0,0.0,147.97865188194326,174.79781854355128,1213.689111342278,32.7842428430262,22.485763266821818,160.84840880435278,188.53154747041394,2475.1191167281169,0.0,0.0,164.15825206576273,194.01277741891395,1300.8393955590876,276.48639413208397,21.012820501490624,62.3773861112377,21.0,30.0,0.0,21.276047959298237,68.02771071664607,21.0,30.0,403.8377518081128,21.011398976516497,60.14944080411413,21.0,30.0,0.0,20.702808205147457,62.40744096066385,16.0,30.0,0.0,16.946484463619563,78.90976995308277,12.0,30.0,0.0,19.73891665896524,74.64787671914874,19.0,30.0,0.0,18.41158285035494,72.21173247462338,10.0,30.0,0.0,17.484187074697375,76.3467433426682,12.0,30.0,0.0,17.291812102820975,77.37140242020716,16.0,30.0,0.0,19.646477896831919,0.0,0.0,0.0,17.138670810788363,0.0,0.0,850.254675678892,1228.5540763266825,706.2034666140938,785.1102824927077,823.7357824407454,1345.2808145774603,819.8618190807907,820.4116590530331,820.664721493442,8716.393973717613,82.24153539760867,82.24153539760867,570.0,0.0,570.0,570.0,21.0,16.0,19.0,16.0,12.0,12.0,21.0,10.0,1.0,0.0,276.48639413208397,0.0,403.8377518081128,0.0,0.0,0.0,0.0,0.0,0.0,0.0,0.0,82.24153539760867,82.24153539760867,0.34,0.6152129203730159,0.36028137401965956,82.24153539760867,0.3542647819438875,0.0,0.02166 
 04/05  21:40:00,13.18,92.66666666666667,5.62,0.0,0.0,0.0,0.0,0.0,2.0,0.0,0.0,4.0,0.0,0.0,0.0,3936.0,0.0,0.0,0.0,0.0,0.0,0.0,0.0,0.0,0.0,0.0,0.0,21.139794348805525,-507.106699645625,20.835678594398126,-49.22966166429856,21.327172131819887,-1102.7811089767277,20.39282184804619,451.92316848693715,16.905430276439536,22.353236206153555,19.39860659186001,-41.85942131150304,18.244570730511833,140.75229959344598,17.437479378843908,-13.682617029760309,17.290064708982329,-11.509303551099265,528.1212315317969,460.3883638055995,0.0,0.0,0.0,0.0,0.0,0.0,0.0,0.0,0.0,0.0,0.0,0.0,0.0,0.0,0.0,0.0,0.0,0.0,0.0,0.0,0.0,0.0,0.518048431354251,0.15813444180532694,199.96566853735903,233.89643925821009,3401.916457039196,0.05906597044951966,0.009014952754810695,13.890128987393752,16.28503672891165,224.38316292375709,0.5191053145773006,0.09809246307205232,330.75999920698146,386.88998990596806,5708.8766680427229,0.20221992133252568,0.038212381204180956,294.8790137806015,345.8420278397212,4584.49822368729,0.0,0.0,9.317462604350956,11.079273502374967,71.21348731342425,0.0,0.0,13.106412678853703,15.417066889016038,172.33730685815253,0.0,0.0,215.08748225612636,254.39631187115567,2310.6927202567887,0.0,0.0,21.120577081306199,25.07178318464127,182.27867337439344,0.0,0.0,149.9559438928415,178.12723937322719,1244.8380975598767,33.17011513018596,22.750421899990376,328.6707976009218,386.7122081850403,5005.382262896808,0.0,0.0,167.4403855365907,198.9890141809254,1345.743833181176,863.0749506284897,21.768071504065934,58.38159423209243,21.75,30.0,0.0,21.288280275420445,68.9854104519109,21.0,30.0,1711.0980009025612,21.899235434043808,57.640332385622787,21.5,30.0,0.0,20.953467323884028,61.12192950356514,16.0,30.0,0.0,16.9529601693146,79.0124316384938,12.0,30.0,0.0,19.748600015388008,74.49741818002868,19.0,30.0,0.0,18.51736111638653,71.71957210634295,10.0,30.0,0.0,17.45147394845803,76.63439482427141,12.0,30.0,0.0,17.284886518538206,77.60246578178037,16.0,30.0,0.0,20.001165304448848,0.0,0.0,0.0,17.136914687970525,0.0,0.0,771.0021688097717,1287.5776458941714,752.4010396235524,756.2881169588524,825.598967875094,1332.8211109743664,811.666975864373,822.7809854677107,825.0599219657786,6199.8552456576539,82.47589022558809,82.47589022558809,570.0,0.0,570.0,570.0,21.0,16.0,19.0,16.0,12.0,12.0,21.0,10.0,1.0,0.0,863.0749506284897,0.0,1711.0980009025612,0.0,0.0,0.0,0.0,0.0,0.0,0.0,0.0,82.47589022558809,82.47589022558809,0.255,0.5781464410515571,0.27021103051474468,82.47589022558809,0.2656985864579156,0.0,0.02109 
 04/05  21:50:00,13.120000000000001,92.83333333333333,5.6450000000000009,0.0,0.0,0.0,0.0,0.0,2.0,0.0,0.0,4.0,0.0,0.0,0.0,1970.0,0.0,0.0,0.0,0.0,0.0,0.0,0.0,0.0,0.0,0.0,0.0,21.121308625590424,-560.1475567701496,20.8569680187584,-61.670055547331177,20.658903108057389,-234.4691900164771,20.407636211828,72.41949637609923,16.917273602015436,22.299994645712077,19.415361301847495,-33.08074127616672,18.28026618592066,54.25708747350245,17.398577600093348,-11.10119704113606,17.290670565006665,-2.529342967102366,544.6060671362184,494.4597423979285,0.0,0.0,0.0,0.0,0.0,0.0,0.0,0.0,0.0,0.0,0.0,0.0,0.0,0.0,0.0,0.0,0.0,0.0,0.0,0.0,0.0,0.0,0.5788746990754387,0.17670167859445627,161.95038563158489,188.73878691146846,2801.4589863172539,0.02781198639483621,0.004244808668320545,21.475919047531698,25.02335572196434,350.02224829647676,0.6557006386390478,0.12390412672695542,335.64317603934338,393.10609687538899,5205.506573467226,0.1691329984123001,0.03196012819582389,238.78476238722028,279.94374638487906,3734.4550290747708,0.0,0.0,8.799132512828882,10.447022858698393,68.55989946477148,0.0,0.0,12.12211760506762,14.234864567026385,161.22233458025569,0.0,0.0,219.06543411098898,258.61954655341767,2391.18032252913,0.0,0.0,22.394676674455924,26.537998251628659,193.96429255976714,0.0,0.0,155.77635822701576,184.68175753958983,1312.5729748654908,33.072799186379217,22.683675710822514,325.7337038992622,382.6110703921421,4949.791197364599,0.0,0.0,175.09788632055513,207.64467565123887,1450.8525641620257,939.3496893714714,21.638375021071448,59.14388651792058,21.5,30.0,0.0,21.315029316307887,70.02298661286791,21.0,30.0,91.40741226831315,20.90471875407889,61.324877808594909,21.0,30.0,0.0,20.91065106185965,61.30949254482643,16.0,30.0,0.0,16.966683497967673,79.08869797579442,12.0,30.0,0.0,19.763778827135945,74.2992696916189,19.0,30.0,0.0,18.546271510854156,71.62931531955212,10.0,30.0,0.0,17.40467763557067,77.0720939129052,12.0,30.0,0.0,17.285788087991607,77.71634472265123,16.0,30.0,0.0,20.047982107808929,0.0,0.0,0.0,17.201177753047085,0.0,0.0,787.8800640117693,1354.512220106119,756.6502932167068,755.9181001088144,824.8845398091048,1316.2818199421964,811.768284990738,826.6113430700726,825.9283565443667,9232.842688119139,81.90004678923919,81.90004678923919,570.0,0.0,570.0,570.0,21.0,16.0,19.0,16.0,12.0,12.0,21.0,10.0,1.0,0.0,939.3496893714714,0.0,91.40741226831315,0.0,0.0,0.0,0.0,0.0,0.0,0.0,0.0,81.90004678923919,81.90004678923919,0.34,0.7717589612754192,0.36028137401965956,81.90004678923919,0.3542647819438875,0.0,0.020868333333333334 
 04/05  22:00:00,13.06,93.0,5.67,0.0,0.0,0.0,0.0,0.0,2.0,0.0,0.0,4.0,0.0,0.0,0.0,3940.0,0.0,0.0,0.0,0.0,0.0,0.0,0.0,0.0,0.0,0.0,0.0,21.048495757055187,-145.14588207823159,20.866057818436759,-56.942421309086487,21.24619704728645,-1158.5601207648566,20.376171501687538,395.4567191248504,16.925699478883428,20.747899111603773,19.438537557342849,-31.57904524027525,18.243675528245555,73.98020116980502,17.37184026393779,-8.941527016858828,17.296972871135254,-0.44427630698419309,565.437436286318,466.97594231658288,0.0,0.0,0.0,0.0,0.0,0.0,0.0,0.0,0.0,0.0,0.0,0.0,0.0,0.0,0.0,0.0,0.0,0.0,0.0,0.0,0.0,0.0,0.6161609206200944,0.18808330910259295,220.67020041841594,258.98285891771226,3635.2601873666146,0.005422864496233627,0.0008276655214031787,21.471802954510957,25.123649268592226,352.1635567448333,0.5156134126137555,0.09743261765188127,395.78576416395438,463.1992878790846,6859.013269985036,0.1888991054345714,0.03569522022573154,238.91470602906339,279.99153460503018,3769.8573107401,0.0,0.0,8.507890596749487,10.117553291155197,67.41462376225064,0.0,0.0,11.268978159423629,13.255029628560973,151.76500141553309,0.0,0.0,211.7411148171943,250.512098937144,2307.0979411989476,0.0,0.0,21.790313036765697,25.877182736224449,190.16750589562055,0.0,0.0,149.78387362474354,177.92869255179125,1282.5004348784074,33.13966614484296,22.7295378222517,386.2620220438576,454.542496459266,5962.56554782449,0.0,0.0,168.74052222300009,200.53794593717698,1404.212414501298,0.0,21.31292792578451,60.35074139617711,21.0,30.0,0.0,21.31980367137443,68.970652862096,21.0,30.0,1570.3849002549087,21.754073288704423,58.29995603708494,21.5,30.0,0.0,20.89897774094193,61.56227470428233,16.0,30.0,0.0,16.973427256155856,79.21255111503571,12.0,30.0,0.0,19.789920453325896,74.62864848679156,19.0,30.0,0.0,18.477064315074885,71.99375377031469,10.0,30.0,0.0,17.378315939636179,77.26336277956215,12.0,30.0,0.0,17.295256791843685,77.70211277926276,16.0,30.0,0.0,20.1187191952087,0.0,0.0,0.0,17.160005085653745,0.0,0.0,787.5706370210536,1288.1009843278856,757.8676528082989,767.2414370452298,828.3272720718042,1335.7164997294695,809.1576347796815,825.1883024903061,822.8683191261896,4522.442133828252,81.30512162453009,81.30512162453009,570.0,0.0,570.0,570.0,21.0,16.0,19.0,16.0,12.0,12.0,21.0,10.0,1.0,0.0,0.0,0.0,1570.3849002549087,0.0,0.0,0.0,0.0,0.0,0.0,0.0,0.0,81.30512162453009,81.30512162453009,0.17,0.385451159444425,0.18014068700982978,81.30512162453009,0.17713239097194376,0.0,0.020646666666666669 
 04/05  22:10:00,13.041666666666668,93.0,5.656666666666667,0.0,0.0,0.0,0.0,0.0,2.0,0.0,0.0,4.0,0.0,0.0,0.0,9860.0,0.0,0.0,0.0,0.0,0.0,0.0,0.0,0.0,0.0,0.0,0.0,21.059045289944359,-341.58448073155298,20.876292516085024,-66.17204760443178,21.09908142721251,-783.5532359005738,20.437823063877965,314.6852489592491,16.933569224551396,22.505797545449498,19.458558459296456,-23.38824901259448,18.299375558546538,150.25307080314426,17.342205752250025,-12.85313478913805,18.546169243934963,-276.708915234342,493.0837748409351,530.7746748032988,0.0,0.0,0.0,0.0,0.0,0.0,0.0,0.0,0.0,0.0,0.0,0.0,0.0,0.0,0.0,0.0,0.0,0.0,0.0,0.0,0.0,0.0,0.5903391576440982,0.18020120807206906,126.95189469503714,148.91011179717737,2137.037083728941,0.030653656380678359,0.004678518983620018,19.11503904863616,22.425659111441975,314.69670761977906,0.6080268980202452,0.11489548337495194,258.46330811060269,302.7444155448178,4413.69568703066,0.18510947763800487,0.03497911519992533,236.696803385245,277.7020246310726,3737.520690741442,0.0,0.0,9.447443012051564,11.241187964934714,75.32375895952444,0.0,0.0,11.297321197820212,13.303889703051662,153.01485113311376,0.0,0.0,170.69551716255607,201.97762430348468,1905.9017105021213,0.0,0.0,33.68471350955234,40.01621836963051,292.6268123542253,0.0,0.0,127.83211391233033,150.79122171997896,1609.2886923370753,33.15352295572702,22.73904180776888,256.35048803387306,301.9358594542183,4006.6097898859268,0.0,0.0,129.2657966466435,153.62118528023093,1109.0297682454714,656.4407044720374,21.524645434095456,59.73115679597037,21.400000000000003,30.0,0.0,21.325759851482933,68.80973060090656,21.000000000000005,30.0,1163.2188233455807,21.55664427881267,58.887986776372098,21.400000000000003,30.0,0.0,20.966125060785737,61.261667515557068,15.999999999999999,30.0,0.0,16.97973110708927,79.31411920716161,12.0,30.0,0.0,19.812227979220656,73.5778062602054,19.0,30.0,0.0,18.593574730525199,71.70830643882681,10.0,30.0,0.0,17.34256916270805,77.59981730180512,12.0,30.0,2349.056779719342,19.16531144840712,69.3066561523797,19.9,30.0,0.0,19.855199260280196,0.0,0.0,0.0,17.185009519276247,0.0,0.0,792.4891252662031,1276.5449146615945,746.2119286741829,760.8949056438186,829.247755997459,1322.661408713277,814.5788261605297,827.8296178099313,821.6951779292897,9423.184174871258,81.12401017825684,83.4006092915755,570.0,0.0,570.0,570.0,21.0,16.0,19.0,19.0,12.0,12.0,21.0,10.0,1.0,0.0,656.4407044720374,0.0,1163.2188233455807,0.0,0.0,0.0,0.0,2349.056779719342,3445.0223006341768,2067013.380380506,2693005.329402506,81.12401017825684,83.43927350231005,0.31883407668780597,0.6920040556795769,0.3242532366176936,83.43927350231005,0.31883830374949886,2693005.329402506,0.16046127712893036 
 04/05  22:20:00,13.023333333333336,93.0,5.6433333333333339,0.0,0.0,0.0,0.0,0.0,2.0,0.0,0.0,4.0,0.0,0.0,0.0,2962.0,0.0,0.0,0.0,0.0,0.0,0.0,0.0,0.0,0.0,0.0,0.0,21.012510951468579,-297.38979910897958,20.88525450058723,-85.80587606534304,21.042889281835195,-373.33244707489748,20.419975960976019,85.0637589687012,16.945355324156048,21.238023301811564,19.48045856434124,-12.213619327334332,18.338261760361648,79.41663589347988,17.322464847751353,-3.3320426742564739,18.562962419302154,-168.29091003092339,410.17943968564836,483.5258849364309,0.0,0.0,0.0,0.0,0.0,0.0,0.0,0.0,0.0,0.0,0.0,0.0,0.0,0.0,0.0,0.0,0.0,0.0,0.0,0.0,0.0,0.0,0.6377220557662181,0.1946648521874902,101.42891384001276,118.80082633921239,1663.367159443936,0.0,0.0,25.810258516460324,30.146680388720936,425.6246688242173,0.6802085968047599,0.1285352601671882,154.75277730500307,181.50693508903329,2538.070615408539,0.15800559945282578,0.029857445096905835,121.6373452680993,142.8658892585308,1917.8208220330517,0.0,0.0,8.909638654939635,10.588586101312421,71.60518228123086,0.0,0.0,10.265660576280912,12.066503550513179,139.9677609940328,0.0,0.0,153.0715797150969,180.8640063400435,1725.3991283353635,0.0,0.0,36.68263301784569,43.53436005629889,318.96178914642226,0.0,0.0,127.82581657500268,150.71454636511164,1590.3305607666135,32.936085985057228,22.589908083029646,160.40651918738826,189.15169837775808,2562.5934592427977,0.0,0.0,119.83861966727278,142.22301869879895,1041.6013466683067,650.7818103611007,21.393812649978295,60.6963993760893,21.333333333333326,29.99999999999999,0.0,21.330275826574615,68.661412360291,20.999999999999994,29.99999999999999,866.8965879914588,21.358178109082428,59.67235096257683,21.333333333333326,29.99999999999999,0.0,20.897956940900586,61.88324556779452,15.999999999999993,29.99999999999999,0.0,16.993265650298114,79.31983482285937,11.999999999999995,29.99999999999999,0.0,19.83789200202019,71.75625694991523,18.999999999999994,29.99999999999999,0.0,18.63134030172624,71.64984853037054,9.999999999999997,29.99999999999999,0.0,17.324979073030666,77.85292460648924,11.999999999999995,29.99999999999999,2.5859020267917076,19.229535390241684,69.02882658257437,18.999999999999994,29.99999999999999,0.0,19.601850277488368,0.0,0.0,0.0,17.303512687447918,0.0,0.0,818.8823845906893,1264.2949375117342,746.8145529091771,780.6810159332842,826.0626182536607,1295.9713773039167,817.9847452780841,831.8642909952328,821.3874116754155,6091.614827326213,81.8104038440367,81.8104038440367,569.9999999999998,0.0,569.9999999999998,569.9999999999998,21.0,16.0,19.0,19.0,12.0,12.0,21.0,10.0,1.0,0.0,650.7818103611007,0.0,866.8965879914588,0.0,0.0,0.0,0.0,2.5859020267917076,0.0,0.0,0.0,81.8104038440367,81.8104038440367,0.2266666666666666,0.4638039690791865,0.24018758267977295,81.8104038440367,0.2361765212959249,0.0,0.02077333333333333 
 04/05  22:30:00,13.004999999999999,93.0,5.63,0.0,0.0,0.0,0.0,0.0,2.0,0.0,0.0,4.0,0.0,0.0,0.0,3952.0,0.0,0.0,0.0,0.0,0.0,0.0,0.0,0.0,0.0,0.0,0.0,21.059080827808765,-344.7249574977045,20.883710465561433,-82.64676212952119,20.881581941789407,-585.8737122677053,20.357298366728565,220.11333988056846,16.954752027782179,22.840693723373947,19.503505272486068,-19.847329356370154,18.303851350250534,54.765226917769499,17.315636532637208,9.411439332934947,19.03384060749768,-451.5938763875404,513.6457486156382,722.540270894403,0.0,0.0,0.0,0.0,0.0,0.0,0.0,0.0,0.0,0.0,0.0,0.0,0.0,0.0,0.0,0.0,0.0,0.0,0.0,0.0,0.0,0.0,0.6212504074651786,0.18963687651562229,143.9021536543383,168.61732975130495,2390.424043949081,0.0,0.0,23.587900294139027,27.581464631581527,389.334858020476,0.6459796437485739,0.12206720403412208,238.7073894459864,279.85974787491878,3898.2859301365276,0.1745752834267894,0.03298852672463895,209.56653519038185,246.09210797614365,3258.398350032782,0.0,0.0,9.35960013871428,11.128072084477918,75.73205215080874,0.0,0.0,11.172201607640748,13.13825112665731,153.25846326067137,0.0,0.0,194.66519641552424,230.08237979976824,2169.013929323868,0.0,0.0,38.58257102860159,45.812196368471159,337.1103244926842,0.0,0.0,170.6218748768566,200.72770591643329,2340.9578005877785,32.97631562762512,22.61750043046991,231.2235397610915,272.45921424581288,3553.1885159087735,0.0,0.0,162.5400279900381,192.69317920920907,1513.1553101313353,471.7191724568379,21.41215331383642,60.26116704491059,21.25,30.0,0.0,21.32014402953877,67.927192727356,21.0,30.0,139.488160562298,21.22276133760176,60.176884394887498,21.0,30.0,0.0,20.811460814787606,62.01135668615315,16.0,30.0,0.0,17.002588845741433,79.3431834077193,12.0,30.0,0.0,19.86277834016949,70.7827260247574,19.0,30.0,0.0,18.55324961298697,72.05667491809806,10.0,30.0,0.0,17.328118310604446,77.89748333837477,12.0,30.0,1321.4281116575849,19.863336597938976,66.4567758585709,19.75,30.0,0.0,19.703009861698349,0.0,0.0,0.0,17.562441755106897,0.0,0.0,794.7378596941715,1214.0495571073016,746.716415144159,765.6765174924584,825.4443477938604,1286.7254088612245,820.0113249013625,832.6665212821567,826.1817818634282,9550.870872776642,81.68968086767318,83.46165670831805,570.0,0.0,570.0,570.0,21.0,16.0,19.0,19.0,12.0,12.0,21.0,10.0,1.0,0.0,471.7191724568379,0.0,139.488160562298,0.0,0.0,0.0,0.0,1321.4281116575849,2681.624814652835,1608974.888791701,2083586.6046181056,81.68968086767318,83.49175074064827,0.3443874938217612,0.7674002378511085,0.36028137401965956,83.49175074064827,0.3542647819438875,2083586.6046181056,0.12946817010680815 
 04/05  22:40:00,12.986666666666669,93.0,5.616666666666667,0.0,0.0,0.0,0.0,0.0,2.0,0.0,0.0,0.0,0.0,0.0,0.0,5928.0,0.0,0.0,0.0,0.0,0.0,0.0,0.0,0.0,0.0,0.0,0.0,20.70723631983911,-313.3565945640905,20.666906307767137,-229.4578670058761,20.608769318921035,-111.53971136925019,20.281407994661984,49.44526838611488,16.966100213861375,23.36860151875001,19.415507777889709,-25.785759748631834,18.317680200333475,117.32356944973074,17.321970204123674,7.76591459439627,18.652589983663004,-183.04513851077619,490.3552550222939,486.5934916163839,0.0,0.0,0.0,0.0,0.0,0.0,0.0,0.0,0.0,0.0,0.0,0.0,0.0,0.0,0.0,0.0,0.0,0.0,0.0,0.0,0.0,0.0,0.5191077534752518,0.1584578002061207,292.5120082979677,343.6425474020809,4620.687999931428,0.07075031283084507,0.010798277294085009,158.04339289322847,185.69717843863735,2518.4801737876234,0.6303233248536642,0.11910871595874223,220.56287097681077,259.0945218737715,3457.084768660218,0.14815477085648114,0.027995988446047044,131.96936916911603,155.29110192727775,2023.4286508397054,0.0,0.0,9.606174623036918,11.428973940945643,78.30733618223454,0.0,0.0,10.523568280254674,12.399384895873937,142.75304164068303,0.0,0.0,159.4997711574183,188.83050683944604,1794.1393606807226,0.0,0.0,36.75190812877253,43.67247459038122,324.13605549284059,0.0,0.0,131.85959996264459,155.80339113864484,1643.500881017341,32.80755064092589,22.501749410785917,308.5111796656573,363.6075976048462,4773.820083638936,0.0,0.0,123.0950309751758,146.34420041214177,1107.5788531045203,0.0,20.911192377917958,64.08886041503097,21.999999999999976,29.999999999999969,0.0,20.96061453006401,63.65836310420542,11.99999999999999,29.999999999999969,0.0,20.826586493006393,63.91904046930209,21.999999999999976,29.999999999999969,0.0,20.65737898550257,64.72044473733154,11.99999999999999,29.999999999999969,0.0,17.0150922750558,79.45952083878714,11.99999999999999,29.999999999999969,0.0,19.763647145787478,70.34827695885224,11.99999999999999,29.999999999999969,0.0,18.588266459025328,72.91678615221436,9.99999999999999,29.999999999999969,0.0,17.351729433151666,77.87744075160782,11.99999999999999,29.999999999999969,0.0,19.16624571227656,69.96125512525126,18.99999999999998,29.999999999999969,0.0,19.831647903758939,0.0,0.0,0.0,17.38052087465009,0.0,0.0,904.4524994901547,888.5724792760814,873.5023594583183,882.6179602948234,830.1978964753291,1263.8082589842889,866.0481846499145,835.4045149010972,850.770495765712,0.0,81.11860587290478,81.11860587290478,59.999999999999939,0.0,59.999999999999939,59.999999999999939,12.0,12.0,12.0,19.0,12.0,12.0,21.0,10.0,0.0,0.0,0.0,0.0,0.0,0.0,0.0,0.0,0.0,0.0,0.0,0.0,0.0,81.11860587290478,81.11860587290478,0.0,0.0,0.0,81.11860587290478,0.0,0.0,0.0022600000000000005 
 04/05  22:50:00,12.968333333333332,93.0,5.603333333333333,0.0,0.0,0.0,0.0,0.0,2.0,0.0,0.0,0.0,0.0,0.0,0.0,1976.0,0.0,0.0,0.0,0.0,0.0,0.0,0.0,0.0,0.0,0.0,0.0,20.381350895603139,-46.12082372463237,20.39628415047985,-163.38289295282812,20.35748454982793,-210.89393153643187,20.14596152061587,54.84675920906375,16.974793582533029,20.78778928826111,19.314025018641496,-21.853960566912975,18.348384568823339,118.73550857556143,17.303420718657219,-3.633756419312931,18.360158644070024,-30.317071052662415,408.2699907825968,321.69854578633137,0.0,0.0,0.0,0.0,0.0,0.0,0.0,0.0,0.0,0.0,0.0,0.0,0.0,0.0,0.0,0.0,0.0,0.0,0.0,0.0,0.0,0.0,0.52520655341978,0.16031946075084858,185.46907387035078,217.37687406686008,2756.250641597533,0.09275176040450309,0.014156251587988871,80.14011285536803,93.93180457098279,1204.5967152337663,0.5197147667961302,0.09820762789042523,163.28285898062067,191.3046261930661,2414.3791282544359,0.11529871722922552,0.021787361532355534,114.15402747533656,133.9073773364621,1696.2716500989932,0.0,0.0,9.006284431130047,10.686251235775082,73.92382224074993,0.0,0.0,9.641337465346045,11.334121146042002,128.09459213611823,0.0,0.0,113.05582799641835,133.51311964027443,1287.768180569227,0.0,0.0,34.61641564316985,41.02779067161232,304.88568857170426,0.0,0.0,87.35469777800125,103.17141911443567,1001.6493332886571,32.4836960761622,22.279626938382859,185.40450278283078,217.9051194754488,2799.592498730125,0.0,0.0,79.32475665519933,94.22899668406369,655.4157978114397,0.0,20.411263255848703,64.85019755134212,22.0,30.0,0.0,20.514282948996937,63.70379152534399,12.0,30.0,0.0,20.40968292634819,64.9127187464097,22.0,30.0,0.0,20.416595680854038,65.58128591250494,12.0,30.0,0.0,17.02327734700544,79.78614856719384,12.0,30.0,0.0,19.601894940410746,70.27294459356048,12.0,30.0,0.0,18.645983214819265,72.5023735874284,10.0,30.0,0.0,17.32512932736646,78.30118177942663,12.0,30.0,0.0,18.65090481371484,72.58780057598838,20.0,30.0,0.0,19.37277684801651,0.0,0.0,0.0,16.965465773939365,0.0,0.0,835.340973136983,793.0031766250261,835.7856723133804,876.4323701725525,843.3293510430913,1255.8606590718374,853.4198603006024,847.8773196606553,864.5023599636913,0.0,81.11860587290487,81.11860587290487,60.0,0.0,60.0,60.0,12.0,12.0,12.0,19.0,12.0,12.0,21.0,10.0,0.0,0.0,0.0,0.0,0.0,0.0,0.0,0.0,0.0,0.0,0.0,0.0,0.0,81.11860587290487,81.11860587290487,0.0,0.0,0.0,81.11860587290487,0.0,0.0,0.0022366666666666665 
 04/05  23:00:00,12.95,93.0,5.59,0.0,0.0,0.0,0.0,0.0,2.0,0.0,0.0,0.0,0.0,0.0,0.0,1976.0,0.0,0.0,0.0,0.0,0.0,0.0,0.0,0.0,0.0,0.0,0.0,20.16867692676209,-143.3511625774945,20.200969522063767,-128.75115801781477,20.108812800233488,-135.6698344883298,19.98398926323275,-113.20971163022932,16.977227356092109,15.878892313469934,19.249715478287578,-15.615440995457334,18.351481162479865,88.04838919320946,17.26002179423798,-30.686472107691885,18.161749988820895,-123.85201307897717,414.02579071066887,314.9167519562666,0.0,0.0,0.0,0.0,0.0,0.0,0.0,0.0,0.0,0.0,0.0,0.0,0.0,0.0,0.0,0.0,0.0,0.0,0.0,0.0,0.0,0.0,0.4727964406953761,0.1443212578435214,267.12966682898669,313.64590082349039,3812.8859957468714,0.07465590804359834,0.011394369359523555,102.6576231711055,120.69060730165042,1486.2690954010355,0.4679401231792826,0.08842405955768759,320.6317795393654,376.4183695011937,4522.0631238320679,0.08810604779575834,0.016648913037747225,187.88423552962599,220.48122594606336,2685.804938806548,0.0,0.0,7.824145391615927,9.278625489185116,64.45954623452207,0.0,0.0,9.068547655766857,10.658477034360733,119.14139474837529,0.0,0.0,121.99055364349116,143.93417168863534,1393.9244482202326,0.0,0.0,32.130454027172579,38.08294756361133,279.4343554897183,0.0,0.0,61.00045021297446,72.08192354918279,657.731743853314,31.912824631862546,21.888082737902989,396.23479841366886,466.31367497924119,5540.347830874454,0.0,0.0,82.91865423129933,98.4616077400885,656.9063871835872,0.0,20.08441525538442,65.60167817689211,22.0,30.0,0.0,20.2100882990692,64.66982072988788,12.0,30.0,0.0,20.008741931539349,65.8738566175324,22.0,30.0,0.0,20.12257970006546,65.7452843761717,12.0,30.0,0.0,17.01987886641554,79.94475297408711,12.0,30.0,0.0,19.510417178841828,70.16757445408158,12.0,30.0,0.0,18.636334531772385,72.28289111761275,10.0,30.0,0.0,17.25105299003815,78.99292269480854,12.0,30.0,0.0,18.29814118480008,74.05758282921295,20.0,30.0,0.0,19.436051654803387,0.0,0.0,0.0,16.84016552849474,0.0,0.0,803.8654389504166,778.8454046059188,800.0919586723164,819.3167483271309,846.8802930632185,1257.024838745545,840.2501526433716,860.8125206907826,860.515882012767,0.0,81.11860587290487,81.11860587290487,60.0,0.0,60.0,60.0,12.0,12.0,12.0,19.0,12.0,12.0,21.0,10.0,0.0,0.0,0.0,0.0,0.0,0.0,0.0,0.0,0.0,0.0,0.0,0.0,0.0,81.11860587290487,81.11860587290487,0.0,0.0,0.0,81.11860587290487,0.0,0.0,0.0022133333333333338 
 04/05  23:10:00,12.928333333333333,93.0,5.663333333333333,0.0,0.0,0.0,0.0,0.0,2.0,0.0,0.0,0.0,0.0,0.0,0.0,988.0,0.0,0.0,0.0,0.0,0.0,0.0,0.0,0.0,0.0,0.0,0.0,20.086109644280734,11.932852667003317,20.029653314924638,-170.8715623600956,19.97663069227464,-192.2803898398779,19.855735739461048,18.942994774866749,16.978669925882398,13.995469188832886,19.19210325339423,-10.090453106287896,18.30203262540391,55.17620958030511,17.222282980214808,-25.469727403892195,17.974300402039668,-117.69819574872736,400.5675352576691,351.52537801385417,0.0,0.0,0.0,0.0,0.0,0.0,0.0,0.0,0.0,0.0,0.0,0.0,0.0,0.0,0.0,0.0,0.0,0.0,0.0,0.0,0.0,0.0,0.4417597975145241,0.13484731303862153,264.87776550717208,309.7545199178915,3763.663052792312,0.055928728322533278,0.008536130696357338,158.3648368354568,185.31937079650957,2217.7583259481355,0.39835236370761376,0.07527444514505176,209.24328545622783,244.95546511087978,2886.5695377898625,0.09056601938431248,0.017113760276703035,115.77840221288051,135.42707420354277,1620.0483903013333,0.0,0.0,7.193406285720413,8.499333840883186,59.55998233462014,0.0,0.0,8.585827437267936,10.058032062705783,111.90198413840668,0.0,0.0,129.98300676507777,152.78981023899508,1466.152586261576,0.0,0.0,30.6521050032944,36.19368445544293,264.5770575032538,0.0,0.0,73.58751443096331,86.65390132729549,751.0228812520953,32.1253486640925,22.033846820365235,327.9244279393202,384.53986413122967,4593.051647429442,0.0,0.0,95.23627138416835,112.585153898409,760.3752743996081,0.0,20.039443486696379,65.9985334154462,22.0,30.0,0.0,19.944115124248098,64.94380717767956,12.0,30.0,0.0,19.82595948370308,65.43668264986322,22.0,30.0,0.0,19.934673646873799,66.90902374910628,12.0,30.0,0.0,17.016582084492315,80.02702825744803,12.0,30.0,0.0,19.429532423644415,70.00691644179877,12.0,30.0,0.0,18.53486486938918,72.46968178208677,10.0,30.0,0.0,17.193801462980774,79.27957685874296,12.0,30.0,0.0,17.98954267564205,75.39497282321082,20.0,30.0,0.0,19.317178728061746,0.0,0.0,0.0,16.854309300238869,0.0,0.0,819.1954666621405,729.4018882314962,730.710043144641,844.948037366452,847.5861227188829,1256.8698350542669,826.7776141833567,857.5504985270983,855.1180549701262,0.0,81.11860587290487,81.11860587290487,60.0,0.0,60.0,60.0,12.0,12.0,12.0,19.0,12.0,12.0,21.0,10.0,0.0,0.0,0.0,0.0,0.0,0.0,0.0,0.0,0.0,0.0,0.0,0.0,0.0,81.11860587290487,81.11860587290487,0.0,0.0,0.0,81.11860587290487,0.0,0.0,0.00219 
 04/05  23:20:00,12.906666666666668,93.0,5.736666666666666,0.0,0.0,0.0,0.0,0.0,2.0,0.0,0.0,0.0,0.0,0.0,0.0,1976.0,0.0,0.0,0.0,0.0,0.0,0.0,0.0,0.0,0.0,0.0,0.0,19.912602876197675,-102.23067298743809,19.967111619421247,-84.12760263133896,19.930497710553867,-113.7037064120841,19.760974139272009,-65.99682750669627,16.98162741742565,14.773285473823478,19.152986153054095,-18.083227607298796,18.258244183067477,32.52506252353078,17.205264853012957,-18.25154806419397,17.869758982582437,-128.06388606344695,370.48010023521877,374.695838212019,0.0,0.0,0.0,0.0,0.0,0.0,0.0,0.0,0.0,0.0,0.0,0.0,0.0,0.0,0.0,0.0,0.0,0.0,0.0,0.0,0.0,0.0,0.4398755510166401,0.13427214621997564,252.8323673168229,297.1095104466869,3462.6336453236515,0.07137981141027242,0.010894354610847439,117.58590982282908,137.99950147132803,1638.9296442069145,0.41875317406846,0.07912947355791009,234.34897895040258,275.3838532550965,3241.248932114565,0.07942710746966017,0.015008901638257775,130.4701376647034,153.3479993545169,1790.728549786927,0.0,0.0,7.5022238289955489,8.901259793530575,62.42521181259786,0.0,0.0,9.486723452807201,11.162456907769704,123.10624786957156,0.0,0.0,148.66830105570757,175.47224190661513,1658.8078198302638,0.0,0.0,28.710265185792538,34.0383842636535,248.00642447172,0.0,0.0,91.1698889432187,107.8105657742702,907.2994334620473,32.3348060315048,22.177507566189857,329.6350518140689,388.1620372653891,4569.757118602707,0.0,0.0,111.97883507627222,132.8637724392223,905.0607075236558,0.0,19.756207445690334,66.50629716823566,22.0,30.0,0.0,19.902601985133204,65.47601313693788,12.0,30.0,0.0,19.823748402267264,66.0731740761232,22.0,30.0,0.0,19.78112922918183,66.59970564398606,12.0,30.0,0.0,17.017966692846714,79.99006575106268,12.0,30.0,0.0,19.382060558762967,69.94138367629717,12.0,30.0,0.0,18.454523995271985,72.86990649381812,10.0,30.0,0.0,17.177789492897955,79.30525898886578,12.0,30.0,0.0,17.84390890638082,75.9851459430944,20.0,30.0,0.0,19.231684237150394,0.0,0.0,0.0,16.88368006448835,0.0,0.0,780.5318820617997,756.0379896201973,770.3152563218378,790.7493433341751,845.5952252440656,1248.6601331374989,830.4428719069017,854.8391992447139,850.424969043856,0.0,81.11860587290487,81.11860587290487,60.0,0.0,60.0,60.0,12.0,12.0,12.0,19.0,12.0,12.0,21.0,10.0,0.0,0.0,0.0,0.0,0.0,0.0,0.0,0.0,0.0,0.0,0.0,0.0,0.0,81.11860587290487,81.11860587290487,0.0,0.0,0.0,81.11860587290487,0.0,0.0,0.0021533333333333337 
 04/05  23:30:00,12.885,93.0,5.8100000000000009,0.0,0.0,0.0,0.0,0.0,2.0,0.0,0.0,0.0,0.0,0.0,0.0,988.0,0.0,0.0,0.0,0.0,0.0,0.0,0.0,0.0,0.0,0.0,0.0,19.759204005571826,-128.53997335583154,19.913431990740827,-9.682121221228954,19.88953597106499,-38.811759752796209,19.642229985213896,-101.36328301512913,16.983637001842138,14.464319862227228,19.10481481132617,-22.114615642657215,18.196666562279007,41.41965561977486,17.18992309813619,-14.552533855618549,17.760635270584957,-100.9102742906216,311.8262727424144,357.47445835398,0.0,0.0,0.0,0.0,0.0,0.0,0.0,0.0,0.0,0.0,0.0,0.0,0.0,0.0,0.0,0.0,0.0,0.0,0.0,0.0,0.0,0.0,0.4287355644123511,0.13087166190853209,161.8561787508861,189.6612183284852,2155.6129235704477,0.07607597351767119,0.011611107069241636,31.425024337102415,36.77662264946473,438.6354240018934,0.4316679789089947,0.08156991287018044,189.58236029995207,221.8618322816371,2628.582560949105,0.07200752572113353,0.013606864270811321,108.39384031503264,126.98828782743709,1453.395505702658,0.0,0.0,7.653070779766169,9.042078296503475,64.05649817284885,0.0,0.0,9.40672019319029,11.024904874991256,121.31790310511254,0.0,0.0,150.40103064473855,176.88841944011797,1654.805889685868,0.0,0.0,27.18231591697685,32.09903573031449,235.33195995146748,0.0,0.0,92.45904694876322,108.98863033222517,896.0438128031047,32.56073002249694,22.332462292521915,206.8234087477053,242.84970569725068,2928.9325265634627,0.0,0.0,112.30465638920417,132.77197244173716,905.0164756183776,0.0,19.532708593750696,66.58731290994263,22.0,30.0,0.0,19.861626263857749,65.87889690695778,12.0,30.0,0.0,19.814799629977455,66.8639424836208,22.0,30.0,0.0,19.5924975673064,66.35504000514315,12.0,30.0,0.0,17.018327599385385,79.88586258880243,12.0,30.0,0.0,19.31595856536051,69.8605232567038,12.0,30.0,0.0,18.350185575364649,73.39741316879997,10.0,30.0,0.0,17.16316910840069,79.27496449250225,12.0,30.0,0.0,17.685209843793836,76.6296141820472,20.0,30.0,0.0,19.007127589839006,0.0,0.0,0.0,16.848147331169956,0.0,0.0,732.2414209961282,773.2982741897081,816.8371124542672,732.8159449157295,840.127684499126,1241.3733396683934,834.2545287076355,850.3545073904685,845.4243543438553,0.0,81.11860587290487,81.11860587290487,60.0,0.0,60.0,60.0,12.0,12.0,12.0,19.0,12.0,12.0,21.0,10.0,0.0,0.0,0.0,0.0,0.0,0.0,0.0,0.0,0.0,0.0,0.0,0.0,0.0,81.11860587290487,81.11860587290487,0.0,0.0,0.0,81.11860587290487,0.0,0.0,0.0021166666666666666 
 04/05  23:40:00,12.863333333333334,93.0,5.883333333333333,0.0,0.0,0.0,0.0,0.0,2.0,0.0,0.0,0.0,0.0,0.0,0.0,1976.0,0.0,0.0,0.0,0.0,0.0,0.0,0.0,0.0,0.0,0.0,0.0,19.742887982431094,-64.54844072367496,19.821204217308904,-123.29537239501008,19.75974013172273,-177.9385056841893,19.60720947766121,-41.5094509044352,16.984005601179278,12.485901840917038,19.074257013861648,-19.50946439724646,18.13828274387729,11.453985864234256,17.176939118334965,-15.546043547279055,17.69690078746367,-108.08266479912254,337.0611878519876,356.4165022780337,0.0,0.0,0.0,0.0,0.0,0.0,0.0,0.0,0.0,0.0,0.0,0.0,0.0,0.0,0.0,0.0,0.0,0.0,0.0,0.0,0.0,0.0,0.3880386321016359,0.11844891089793527,247.35946852135448,291.05442539857759,3336.8566142165725,0.05470005415931545,0.008348604114669634,106.20106096484773,125.11551096396859,1453.0707210732995,0.3618283056918197,0.06837269570896067,257.0527513279857,302.4044134348286,3464.147185698379,0.07708915212248906,0.014567111134257186,146.7535597806912,172.63712805865826,1970.933865847408,0.0,0.0,7.158180173858094,8.488521508074874,60.16158655828373,0.0,0.0,9.379951141242115,11.037392741219899,120.72290038885217,0.0,0.0,152.32869544995214,179.92189940782783,1651.6237259143136,0.0,0.0,25.296433596564414,29.990747390941104,219.42012689724306,0.0,0.0,98.56206069694442,116.67928366696724,943.7491803281198,32.8242773787412,22.5132217961188,337.37809174709687,397.82262663985775,4587.337224288725,0.0,0.0,117.3893388931568,139.3423803819809,945.0134871733939,0.0,19.591495362215626,66.68675617693774,22.0,30.0,0.0,19.72428820150165,65.36894067719155,12.0,30.0,0.0,19.608018389830698,66.33913801506592,22.0,30.0,0.0,19.580922874010434,66.99213839491455,12.0,30.0,0.0,17.016209760194934,79.84069303223316,12.0,30.0,0.0,19.284393037210749,69.8027012054315,12.0,30.0,0.0,18.250159765832586,73.48115866732479,10.0,30.0,0.0,17.152132413705588,79.14498608965113,12.0,30.0,0.0,17.607038951442349,76.8119081257566,20.0,30.0,0.0,19.05718649260065,0.0,0.0,0.0,16.82401480344273,0.0,0.0,754.8591336905465,709.5816839990528,737.6010577099121,768.9482392975424,838.8049844241946,1236.332226152122,815.5388140354953,842.3696888744566,837.019248804036,0.0,81.11860587290487,81.11860587290487,60.0,0.0,60.0,60.0,12.0,12.0,12.0,19.0,12.0,12.0,21.0,10.0,0.0,0.0,0.0,0.0,0.0,0.0,0.0,0.0,0.0,0.0,0.0,0.0,0.0,81.11860587290487,81.11860587290487,0.0,0.0,0.0,81.11860587290487,0.0,0.0,0.00208 
 04/05  23:50:00,12.841666666666667,93.0,5.956666666666667,0.0,0.0,0.0,0.0,0.0,2.0,0.0,0.0,0.0,0.0,0.0,0.0,988.0,0.0,0.0,0.0,0.0,0.0,0.0,0.0,0.0,0.0,0.0,0.0,19.724739510352888,-9.98073744622343,19.711303369465236,-161.88989828866307,19.63829138317736,-205.31436223322999,19.570784761564654,2.445394973060502,16.982818266061238,11.1607929393534,19.03798235405237,-16.593519353870648,18.07778954185367,8.078251760793137,17.16031261394936,-16.141965444687345,17.62619926792727,-101.24694597539247,326.06418573895828,353.8408844422752,0.0,0.0,0.0,0.0,0.0,0.0,0.0,0.0,0.0,0.0,0.0,0.0,0.0,0.0,0.0,0.0,0.0,0.0,0.0,0.0,0.0,0.0,0.3548359420234298,0.10831377961643156,241.76617878154554,283.15882452002037,3280.7449774308809,0.045350862987158509,0.006921682385097452,139.09868947128286,163.0203454395091,1869.2244716146732,0.31193485118559285,0.05894460528828287,216.3360431354539,253.65642863130507,2853.712684258906,0.07829307597162254,0.014794609971961926,126.54091425655018,148.2219782807944,1697.7156599368657,0.0,0.0,6.774161804036696,8.003609757345665,57.20385775565178,0.0,0.0,9.257201104837672,10.8531021071698,118.79630209622197,0.0,0.0,151.1781049692431,177.94132863048675,1617.0702195632626,0.0,0.0,24.2352465830185,28.622494986364285,210.48762663044364,0.0,0.0,100.15806974198748,118.13734005568988,944.8312276166971,33.095614687804047,22.69932420288344,315.72144157578466,370.6886755462424,4287.287629346614,0.0,0.0,118.41579621680421,140.01746093885257,951.5725034116199,0.0,19.625574129246226,66.70443420453933,22.0,30.0,0.0,19.566418723156116,64.99427383009206,12.0,30.0,0.0,19.432369517288558,65.54544211125433,22.0,30.0,0.0,19.552644303127246,67.61615725051749,12.0,30.0,0.0,17.012097941461727,79.74259830991514,12.0,30.0,0.0,19.239375685653238,69.68365793068893,12.0,30.0,0.0,18.15097717365414,73.57182854619727,10.0,30.0,0.0,17.13343648563109,79.00106799167783,12.0,30.0,0.0,17.511118132346163,77.06982485497088,20.0,30.0,0.0,18.991591201718739,0.0,0.0,0.0,16.793031430118398,0.0,0.0,765.1271702389095,651.8412214012558,652.5395505264748,799.455131389292,834.4901328578063,1226.6955590050318,797.6294998849901,832.4364864155249,828.264595719551,0.0,81.11860587290487,81.11860587290487,60.0,0.0,60.0,60.0,12.0,12.0,12.0,19.0,12.0,12.0,21.0,10.0,0.0,0.0,0.0,0.0,0.0,0.0,0.0,0.0,0.0,0.0,0.0,0.0,0.0,81.11860587290487,81.11860587290487,0.0,0.0,0.0,81.11860587290487,0.0,0.0,0.0020666666666666665 
 04/05  24:00:00,12.82,93.0,6.03,0.0,0.0,0.0,0.0,0.0,2.0,0.0,0.0,0.0,0.0,0.0,0.0,1976.0,0.0,0.0,0.0,0.0,0.0,0.0,0.0,0.0,0.0,0.0,0.0,19.596096821632288,-100.15489710972088,19.673443391970424,-79.26254648183022,19.62336155634215,-105.03634085343038,19.500767452705007,-76.844242812826,16.982510179627228,11.163082931306846,19.01006163263064,-21.972318167324887,18.0550734843349,10.012310306359723,17.146956410602188,-16.618334065639489,17.583248822032674,-99.81579909614288,319.60371344010857,339.08796405785486,0.0,0.0,0.0,0.0,0.0,0.0,0.0,0.0,0.0,0.0,0.0,0.0,0.0,0.0,0.0,0.0,0.0,0.0,0.0,0.0,0.0,0.0,0.36535074670124587,0.11152342695398225,248.50767345577388,292.40431711171439,3277.8232389240258,0.05690443340418584,0.008685047833361697,113.66834497334287,133.57211323370644,1528.7241465837909,0.34745797665395308,0.06565721403135927,242.06110517546547,284.84758829637488,3224.894225670768,0.06090059050623585,0.011508048092637155,138.20459626967023,162.6788759068586,1828.4357447131748,0.0,0.0,7.118195669903625,8.445028747261102,60.362045534436877,0.0,0.0,9.681375412714678,11.397362560967514,124.00849643151219,0.0,0.0,152.3540536916506,180.03277532716829,1628.584329539324,0.0,0.0,23.42197126640456,27.772385075699249,203.76286378451716,0.0,0.0,99.5334687934702,117.86373710076373,933.8584900569601,33.38049973456976,22.894718610816029,332.98788568264919,392.58904698080019,4482.284441564809,0.0,0.0,117.21800317312636,139.1544517431953,936.7238405194221,0.0,19.41230223413657,66.89218809230562,22.0,30.0,0.0,19.56057891916731,65.61799775902004,12.0,30.0,0.0,19.476944874902505,66.3692860849792,22.0,30.0,0.0,19.44225261175548,66.99801594508257,12.0,30.0,0.0,17.01071293384765,79.61477724829109,12.0,30.0,0.0,19.20895895971237,69.63945228413634,12.0,30.0,0.0,18.12840368889342,73.60918727387286,10.0,30.0,0.0,17.121371371612186,78.96693554459928,12.0,30.0,0.0,17.466468212437243,77.15597490897375,20.0,30.0,0.0,18.943398010955876,0.0,0.0,0.0,16.75095814280845,0.0,0.0,726.904754291338,689.4886576903655,711.9940544035267,739.381757611949,828.4860837911924,1217.3557978255145,795.8341217416185,829.1944039753704,823.2545287782048,0.0,81.11860587290487,81.11860587290487,60.0,0.0,60.0,60.0,12.0,12.0,12.0,19.0,12.0,12.0,21.0,10.0,0.0,0.0,0.0,0.0,0.0,0.0,0.0,0.0,0.0,0.0,0.0,0.0,0.0,81.11860587290487,81.11860587290487,0.0,0.0,0.0,81.11860587290487,0.0,0.0,0.0020533333333333338 
 04/06  00:10:00,12.79,93.16666666666667,6.105,0.0,0.0,0.0,0.0,0.0,2.0,2.0,0.0,0.0,0.0,0.0,0.0,988.0,0.0,0.0,0.0,0.0,0.0,0.0,0.0,0.0,0.0,0.0,0.0,19.47670537782369,-127.49876626843798,19.64853220628794,-11.431480094176095,19.61255381583163,-46.564353007526737,19.40951965098668,-111.95862787110764,16.980161757339525,10.097583070223778,18.975792596260605,-23.890548647411948,18.116754858326709,85.51996867289336,17.129452226779728,-16.838541801443058,17.655782632108456,-39.06607441657604,285.5708980436939,188.28404240634655,0.0,0.0,0.0,0.0,0.0,0.0,0.0,0.0,0.0,0.0,0.0,0.0,0.0,0.0,0.0,0.0,0.0,0.0,0.0,0.0,0.0,0.0,0.37874095652812547,0.11561079259100289,165.25402049490783,193.8547737115348,2134.9757844639655,0.06656194358317401,0.010159026798408732,35.26580403853289,41.31747915403565,478.1447267573196,0.3809599680368543,0.07198790023372155,200.2683276106622,234.6257910898174,2694.8018537793875,0.057273874002294427,0.010822727513661075,119.86973107987184,140.58226001694178,1562.1129266310132,0.0,0.0,7.080327108011544,8.365368857556933,60.43206547804127,0.0,0.0,9.071841862674122,10.63852336299194,116.04465120561336,0.0,0.0,78.13879565555695,91.93147136200264,862.8466951927737,0.0,0.0,24.37504941362604,28.78998831304537,212.65722630183175,0.0,0.0,23.339715868806598,27.51787899125764,227.66656720782914,33.67104309906787,23.093993895108289,222.2693521187584,261.2070581976714,3073.1877039491889,0.0,0.0,56.35020591504733,66.69832292890556,426.1435467583256,0.0,19.235534310473459,66.80453991259479,22.0,30.0,0.0,19.564697117266929,66.00547355833433,12.0,30.0,0.0,19.5120014314506,67.16820145973893,22.0,30.0,0.0,19.304979802217635,66.5195753965711,12.0,30.0,0.0,17.005843386190507,79.39403371761998,12.0,30.0,0.0,19.16622358303923,69.55849039678917,12.0,30.0,0.0,18.274665497328749,72.63151022122038,10.0,30.0,0.0,17.10119166105796,78.83555076834309,12.0,30.0,0.0,17.621431832944823,76.27193815766352,20.0,30.0,0.0,18.795036090161465,0.0,0.0,0.0,16.503179697895367,0.0,0.0,683.2936018176673,712.9002535537295,766.7758479301172,683.3491384380659,817.5525614350901,1211.7005431228539,775.3349114451945,819.7299620145367,895.2636262304175,0.0,81.11860587290487,81.11860587290487,60.0,0.0,60.0,60.0,12.0,12.0,12.0,19.0,12.0,12.0,21.0,10.0,0.0,0.0,0.0,0.0,0.0,0.0,0.0,0.0,0.0,0.0,0.0,0.0,0.0,81.11860587290487,81.11860587290487,0.0,0.0,0.0,81.11860587290487,0.0,0.0,0.00204 
 04/06  00:20:00,12.760000000000002,93.33333333333334,6.180000000000001,0.0,0.0,0.0,0.0,0.0,2.0,2.0,0.0,0.0,0.0,0.0,0.0,1976.0,0.0,0.0,0.0,0.0,0.0,0.0,0.0,0.0,0.0,0.0,0.0,19.485365980112286,-57.631656753662358,19.57704830938308,-112.9325623705231,19.51108077110422,-164.8478896304814,19.389238508107139,-44.35204290295633,16.97880801602333,9.957063546337892,18.954235762758665,-16.797735621702459,18.121278584622805,58.02911644668143,17.104336387989194,-31.55906984792938,17.701625214594587,-49.10255939452236,305.0211716310514,210.34705777708633,0.0,0.0,0.0,0.0,0.0,0.0,0.0,0.0,0.0,0.0,0.0,0.0,0.0,0.0,0.0,0.0,0.0,0.0,0.0,0.0,0.0,0.0,0.3511763882249839,0.10719669970237605,242.17865031835468,285.2275628050826,3189.165349254851,0.047104347524121629,0.007189308230177293,105.00601638797977,123.82008770806911,1403.2867724075068,0.3208622679693578,0.06063156991106536,253.80787712565309,298.8533209091697,3343.5448164157617,0.06817689010319138,0.012883010223581133,145.61428875310413,171.4357568305371,1910.494605124081,0.0,0.0,6.86705646368932,8.143310471360547,58.96049087743424,0.0,0.0,8.931459944721258,10.515974052550245,114.4051082241759,0.0,0.0,74.57308249614909,88.06409006827839,828.5619577759187,0.0,0.0,26.96199452659149,31.96956702545084,234.80741832795429,0.0,0.0,21.571404016264148,25.525993787913209,215.05130615003896,33.99518212132765,23.316311468674667,332.62941744921997,392.5375694805647,4446.315239682653,0.0,0.0,56.34236623820928,66.95518973912516,424.7790535001767,0.0,19.325561951572035,66.76719463598954,22.0,30.0,0.0,19.459492815022818,65.29718168518909,12.0,30.0,0.0,19.34976028335549,66.31600064503648,22.0,30.0,0.0,19.320033521734076,67.10991756513862,12.0,30.0,0.0,17.00366275082465,79.21336477081239,12.0,30.0,0.0,19.1486429577023,69.44043859722497,12.0,30.0,0.0,18.281740820770698,72.02076151733928,10.0,30.0,0.0,17.06587151328135,78.78221925325392,12.0,30.0,0.0,17.703589624923745,75.76481705062537,20.0,30.0,0.0,18.821440151879025,0.0,0.0,0.0,16.463576530103575,0.0,0.0,702.9079806347886,650.4033124306881,683.5012453163395,723.5967649223619,811.9505587870151,1212.0281980181622,756.9162482831305,813.9098559540764,926.6552806679049,0.0,81.11860587290487,81.11860587290487,60.0,0.0,60.0,60.0,12.0,12.0,12.0,19.0,12.0,12.0,21.0,10.0,0.0,0.0,0.0,0.0,0.0,0.0,0.0,0.0,0.0,0.0,0.0,0.0,0.0,81.11860587290487,81.11860587290487,0.0,0.0,0.0,81.11860587290487,0.0,0.0,0.00199 
 04/06  00:30:00,12.73,93.5,6.255000000000001,0.0,0.0,0.0,0.0,0.0,2.0,2.0,0.0,0.0,0.0,0.0,0.0,988.0,0.0,0.0,0.0,0.0,0.0,0.0,0.0,0.0,0.0,0.0,0.0,19.491541609230226,-9.459660606020407,19.489995614564124,-151.5423316710876,19.411853825820523,-197.45278876070916,19.37418595358718,-0.5092896424666833,16.97635182714952,9.567726055411385,18.929739793626653,-13.461843493746244,18.114619101468958,44.79465380349211,17.071570659509477,-31.413457878300166,17.753195240128489,-50.68409185763221,299.4341606205817,216.0572727017875,0.0,0.0,0.0,0.0,0.0,0.0,0.0,0.0,0.0,0.0,0.0,0.0,0.0,0.0,0.0,0.0,0.0,0.0,0.0,0.0,0.0,0.0,0.3281221711061821,0.10015939288955497,233.26256615116757,273.42632119357605,3109.234440629478,0.042202180524775267,0.006441114243708069,132.9761864713353,155.9720081784907,1756.6442605893263,0.282724240452251,0.053424837576011168,212.95941223958637,249.89888208708198,2761.227015611312,0.07204129942455548,0.013613246300936405,122.49775611011343,143.59700880226215,1616.8251226399282,0.0,0.0,6.657380747909401,7.865622700043217,57.53698195166942,0.0,0.0,8.91808857649423,10.459650347099572,114.37653915542382,0.0,0.0,72.19324252012165,84.94908709164023,805.1864359453365,0.0,0.0,28.00720096865582,33.090040423561067,243.09371926860937,0.0,0.0,20.44511172295115,24.089589979011213,208.94015490003046,34.30542619478263,23.529098899027877,305.3107116462632,358.7393826792494,4100.106796922642,0.0,0.0,55.90338930466911,66.18674510788304,420.82939421909017,0.0,19.39030111715488,66.616196852167,22.0,30.0,0.0,19.337192032105965,64.83052284898283,12.0,30.0,0.0,19.20550783058368,65.37358054041639,22.0,30.0,0.0,19.328909036465914,67.56984018076602,12.0,30.0,0.0,16.999650581474616,78.92121145105104,12.0,30.0,0.0,19.12292099212818,69.23913382677611,12.0,30.0,0.0,18.270699023783995,71.428105326546,10.0,30.0,0.0,17.018387786349139,78.52485740206196,12.0,30.0,0.0,17.796570272543354,75.02882008075005,20.0,30.0,0.0,18.767740996524265,0.0,0.0,0.0,16.425549226129584,0.0,0.0,710.0141486834612,599.4963925452537,600.7051057596505,754.2350292590846,802.6017837158669,1214.2246322178399,731.2952832393893,795.0443966209002,951.8664697014631,0.0,81.11860587290487,81.11860587290487,60.0,0.0,60.0,60.0,12.0,12.0,12.0,19.0,12.0,12.0,21.0,10.0,0.0,0.0,0.0,0.0,0.0,0.0,0.0,0.0,0.0,0.0,0.0,0.0,0.0,81.11860587290487,81.11860587290487,0.0,0.0,0.0,81.11860587290487,0.0,0.0,0.00194 
 04/06  00:40:00,12.7,93.66666666666667,6.33,0.0,0.0,0.0,0.0,0.0,2.0,2.0,0.0,0.0,0.0,0.0,0.0,1976.0,0.0,0.0,0.0,0.0,0.0,0.0,0.0,0.0,0.0,0.0,0.0,19.38220379900659,-92.97581962009645,19.462015928551897,-74.47230097566694,19.407842839394914,-100.0108125865413,19.315786185946757,-75.34864357357265,16.974890884195646,9.861271701105907,18.90938066468285,-15.444502502477605,18.116885309243835,52.01598518160063,17.048689864540508,-34.41289856735449,17.77740521193214,-47.88197696488487,301.16576431183787,213.6450805823457,0.0,0.0,0.0,0.0,0.0,0.0,0.0,0.0,0.0,0.0,0.0,0.0,0.0,0.0,0.0,0.0,0.0,0.0,0.0,0.0,0.0,0.0,0.3454515224477114,0.10544918267634659,240.31520753096016,282.95646402839727,3127.8425289090885,0.05415879676831835,0.008265994622759211,109.99531295468188,129.35101909716946,1458.6591026949259,0.32680958903973508,0.06175540231287513,238.79161019084308,281.2054601622523,3136.61454822594,0.05459799635727483,0.010317081700165309,136.53003045713255,160.83136962599003,1783.2519934777222,0.0,0.0,7.002642819143846,8.307218674338806,60.88365196256518,0.0,0.0,8.940814659230555,10.527793949882604,114.80173053363768,0.0,0.0,73.3186064760269,86.60423923138221,823.3845812217667,0.0,0.0,29.147431595979293,34.571570297412879,253.01205069457834,0.0,0.0,18.366673036336889,21.72183580252151,190.09433716462628,34.62601649177802,23.748982504648855,325.4057129499531,383.9159356194227,4347.41591826848,0.0,0.0,54.53696940663956,64.82799149139135,408.9660724439058,0.0,19.20295831674153,66.73511183973287,22.0,30.0,0.0,19.341721364752446,65.46533477984545,12.0,30.0,0.0,19.260410106281065,66.25565186444929,22.0,30.0,0.0,19.236669041139007,66.8578395185876,12.0,30.0,0.0,16.99818184374147,78.64317648061501,12.0,30.0,0.0,19.10409431260416,69.11537284258654,12.0,30.0,0.0,18.282157717720169,71.3840368028361,10.0,30.0,0.0,16.991089288309575,78.42413913751256,12.0,30.0,0.0,17.835705194524285,74.66758431117043,20.0,30.0,0.0,18.74043865183979,0.0,0.0,0.0,16.383059930507366,0.0,0.0,678.0675727369091,637.5512395919311,664.5029500242622,697.2493143884808,791.202778599265,1213.7071220708877,734.0185192830163,788.4160048275554,962.9930252900798,0.0,81.11860587290487,81.11860587290487,60.0,0.0,60.0,60.0,12.0,12.0,12.0,19.0,12.0,12.0,21.0,10.0,0.0,0.0,0.0,0.0,0.0,0.0,0.0,0.0,0.0,0.0,0.0,0.0,0.0,81.11860587290487,81.11860587290487,0.0,0.0,0.0,81.11860587290487,0.0,0.0,0.0018899999999999998 
 04/06  00:50:00,12.670000000000002,93.83333333333334,6.405,0.0,0.0,0.0,0.0,0.0,2.0,2.0,0.0,0.0,0.0,0.0,0.0,988.0,0.0,0.0,0.0,0.0,0.0,0.0,0.0,0.0,0.0,0.0,0.0,19.282035350691115,-120.92587668802753,19.447291507019324,-11.090634592129846,19.409212920499969,-45.132516653196038,19.23922709847922,-110.7723310026413,16.972357471628145,9.963901974064811,18.885269756837837,-15.418348843810634,18.109141513129396,55.369128259922948,17.02019495700728,-34.03222362920212,17.80600401384156,-46.3007542529333,275.6740473237114,212.28068339774814,0.0,0.0,0.0,0.0,0.0,0.0,0.0,0.0,0.0,0.0,0.0,0.0,0.0,0.0,0.0,0.0,0.0,0.0,0.0,0.0,0.0,0.0,0.35016999001797707,0.10688949634248385,162.12301485067978,190.29650697827126,2074.2560799542459,0.06132936195961773,0.009360403229489887,37.42360394189047,43.875500163903179,501.0436431906052,0.35089847984489505,0.0663073469094662,201.84018487640223,236.6273058470111,2683.5301515342518,0.04921582239009943,0.00930004202382831,123.41109722043352,144.82086147631996,1593.365721591696,0.0,0.0,7.1469261039861629,8.444332168494324,62.554866421533429,0.0,0.0,8.71000886968993,10.217214046427764,111.96459454126568,0.0,0.0,73.61227095665342,86.60473550799428,830.2781451412703,0.0,0.0,29.615128511990077,34.99753679909456,256.75914650318546,0.0,0.0,17.053553639647025,20.086911609392993,179.26422634917578,34.940176121803578,23.9644555019229,226.20684365092184,265.9817643584071,3107.3068178441237,0.0,0.0,53.515467735253718,63.38270716223666,400.27225412138986,0.0,19.051738778675114,66.57311193745709,22.0,30.0,0.0,19.358599168917317,65.85481876867763,12.0,30.0,0.0,19.3100866192823,66.97717977214481,22.0,30.0,0.0,19.12288751937373,66.31408476596454,12.0,30.0,0.0,16.99487885134893,78.20135787922684,12.0,30.0,0.0,19.07757853011945,68.86521055994978,12.0,30.0,0.0,18.274206157009016,71.53201611512582,10.0,30.0,0.0,16.95315085766543,78.22827771098085,12.0,30.0,0.0,17.88438793198282,74.13004484267327,20.0,30.0,0.0,18.618760668137356,0.0,0.0,0.0,16.341132009933675,0.0,0.0,639.226183109974,664.5467583862594,720.4856375375352,645.8057813513887,773.013624861479,1212.0058281023963,741.3808757330671,775.6923794672575,975.4181203217327,0.0,81.11860587290487,81.11860587290487,60.0,0.0,60.0,60.0,12.0,12.0,12.0,19.0,12.0,12.0,21.0,10.0,0.0,0.0,0.0,0.0,0.0,0.0,0.0,0.0,0.0,0.0,0.0,0.0,0.0,81.11860587290487,81.11860587290487,0.0,0.0,0.0,81.11860587290487,0.0,0.0,0.00186 
 04/06  01:00:00,12.64,94.0,6.48,0.0,0.0,0.0,0.0,0.0,2.0,2.0,0.0,0.0,0.0,0.0,0.0,988.0,0.0,0.0,0.0,0.0,0.0,0.0,0.0,0.0,0.0,0.0,0.0,19.365981306264066,3.981319140562846,19.340834593888965,-178.8823806655946,19.252922220532015,-232.89425263379963,19.261727597830587,18.052170452692736,16.968876962453146,8.512225787365367,18.866644650548467,-10.064495246403226,18.07104608780396,29.878839319193049,16.99670954184759,-35.15591827128799,17.823334123841286,-46.23912408498211,306.89030038696367,214.8097327746948,0.0,0.0,0.0,0.0,0.0,0.0,0.0,0.0,0.0,0.0,0.0,0.0,0.0,0.0,0.0,0.0,0.0,0.0,0.0,0.0,0.0,0.0,0.3076239075992604,0.09390229169696594,280.4237793219158,328.8024789295603,3727.5400903694619,0.026727677005675224,0.004079315782306963,158.42284736768748,185.90959552439777,2071.179948047344,0.2278791443906279,0.0430610628100204,267.0730786403061,313.56845222112846,3417.0304209146067,0.0736604584848676,0.013919209842189641,151.92819763773179,178.1582777386084,1999.0301389567483,0.0,0.0,6.53433644589688,7.720486177229683,57.52016799841895,0.0,0.0,8.853282630258658,10.385725959474917,114.05574725226014,0.0,0.0,68.00130362071507,80.03239131051048,761.9001213227476,0.0,0.0,29.888706176671314,35.32525708654649,259.2550427131185,0.0,0.0,16.421983937669123,19.341207780322539,174.47045170572978,35.303907702234187,24.213928465181206,384.4630643597866,451.8548917297148,5070.671469523661,0.0,0.0,52.977353943269,62.74796438949053,395.6546964493014,0.0,19.28284853422682,66.58658124233932,22.0,30.0,0.0,19.177637136766078,64.90865106803253,12.0,30.0,0.0,19.030256484850683,65.51584183372691,22.0,30.0,0.0,19.217905745847259,67.35573578412698,12.0,30.0,0.0,16.98995781628564,78.02696002040193,12.0,30.0,0.0,19.061765230763073,68.70364201297864,12.0,30.0,0.0,18.206056368944446,70.94189138162057,10.0,30.0,0.0,16.925118174439708,77.90225012732368,12.0,30.0,0.0,17.911215972045598,73.70758688610268,20.0,30.0,0.0,18.680655547840116,0.0,0.0,0.0,16.305348558363524,0.0,0.0,690.8476657550027,573.5920915783929,574.6442892205075,725.1446140890877,768.3773336628914,1207.9318658083367,703.8831194454215,759.6636627870819,978.6537081257962,0.0,81.11860587290487,81.11860587290487,60.0,0.0,60.0,60.0,12.0,12.0,12.0,19.0,12.0,12.0,21.0,10.0,0.0,0.0,0.0,0.0,0.0,0.0,0.0,0.0,0.0,0.0,0.0,0.0,0.0,81.11860587290487,81.11860587290487,0.0,0.0,0.0,81.11860587290487,0.0,0.0,0.0018299999999999999 
 04/06  01:10:00,12.613333333333335,94.33333333333334,6.525,0.0,0.0,0.0,0.0,0.0,2.0,2.0,0.0,0.0,0.0,0.0,0.0,1976.0,0.0,0.0,0.0,0.0,0.0,0.0,0.0,0.0,0.0,0.0,0.0,19.24993321263392,-96.39210400786033,19.319647145170174,-64.77211544757506,19.268183686170617,-77.84248762935795,19.206497827016773,-78.37800388517735,16.966385490585297,9.04666917251474,18.8475512172517,-14.33567743505398,18.072077935056137,47.19554418780922,16.9757798570376,-38.101112854505348,17.83608139650201,-42.28713857228166,295.181490231942,208.62230165009943,0.0,0.0,0.0,0.0,0.0,0.0,0.0,0.0,0.0,0.0,0.0,0.0,0.0,0.0,0.0,0.0,0.0,0.0,0.0,0.0,0.0,0.0,0.32568604415282756,0.099415764393415,254.38302429383334,299.720269285908,3286.6935987239328,0.05137977487569266,0.007841845982248575,119.1395742264227,140.2094858892634,1567.1723015792525,0.3179915732256636,0.06008911058686012,246.20864565124195,290.1403882077105,3211.534733395633,0.04684513738028584,0.008852066776320073,138.05215113816059,162.73707390256647,1795.5958466690718,0.0,0.0,7.074434153802455,8.39281411479665,62.58143940168567,0.0,0.0,8.925901891949654,10.51239656779184,115.06973219388353,0.0,0.0,70.76693759741495,83.60379305151185,798.3008205705817,0.0,0.0,30.53963940598003,36.23330456798493,264.98240598745078,0.0,0.0,14.630291878248569,17.295710351093999,156.65984377824419,35.43322910449879,24.302626271947056,342.070509894912,403.8396199635505,4537.363311547339,0.0,0.0,51.602844596687678,61.36275081767725,383.2151465771177,0.0,19.072522254858709,66.72871749011093,22.0,30.0,0.0,19.196595985370814,65.65121936288699,12.0,30.0,0.0,19.125066072476288,66.28436891319103,22.0,30.0,0.0,19.12351416574817,66.66829042512649,12.0,30.0,0.0,16.98757628789697,77.77293094272031,12.0,30.0,0.0,19.04308077181058,68.58620660555778,12.0,30.0,0.0,18.220461259454237,70.94993545924376,10.0,30.0,0.0,16.90205167210801,77.90030243031842,12.0,30.0,0.0,17.929945294390977,73.45448738472104,20.0,30.0,0.0,18.619870004246704,0.0,0.0,0.0,16.259509492654375,0.0,0.0,655.5517050126948,620.8150255210803,641.6655483581124,669.3149032210665,757.4583629377904,1203.4419875148734,705.533768047603,757.2614479073751,986.5250892287938,0.0,81.11860587290487,81.11860587290487,60.0,0.0,60.0,60.0,12.0,12.0,12.0,19.0,12.0,12.0,21.0,10.0,0.0,0.0,0.0,0.0,0.0,0.0,0.0,0.0,0.0,0.0,0.0,0.0,0.0,81.11860587290487,81.11860587290487,0.0,0.0,0.0,81.11860587290487,0.0,0.0,0.0018 
 04/06  01:20:00,12.586666666666668,94.66666666666667,6.570000000000001,0.0,0.0,0.0,0.0,0.0,2.0,2.0,0.0,0.0,0.0,0.0,0.0,988.0,0.0,0.0,0.0,0.0,0.0,0.0,0.0,0.0,0.0,0.0,0.0,19.15054179343531,-120.90890861324988,19.311284945116058,-11.401465911803144,19.278951741289896,-42.59548181784794,19.1309494230724,-113.49299498853179,16.962540211075237,9.26735912227062,18.82481810192383,-14.311472626652744,18.059642527889375,48.18422782100697,16.949659448767834,-37.65491380773585,17.85262950390769,-39.22337332337395,271.1583767784159,206.2572101283722,0.0,0.0,0.0,0.0,0.0,0.0,0.0,0.0,0.0,0.0,0.0,0.0,0.0,0.0,0.0,0.0,0.0,0.0,0.0,0.0,0.0,0.0,0.33179712454541029,0.10128117354866004,160.86634405366395,188.90060608584913,2043.308344058909,0.058606075645060689,0.008944761240088629,42.906971799397137,50.32421644259449,569.7849924987983,0.3255005209444505,0.06150803494793095,196.49813983722073,230.45619930370874,2596.810206300441,0.04298127035408342,0.008121933173485148,123.94377556695516,145.49902928342008,1593.0299497323763,0.0,0.0,7.204230211005574,8.512503156553827,64.08112960640335,0.0,0.0,8.732923016332143,10.246360234918115,112.66801437106166,0.0,0.0,70.48360612008412,82.94106300863494,797.1688480354652,0.0,0.0,30.691372817341234,36.28007318278182,266.063793609397,0.0,0.0,13.352184019469897,15.723110889638236,144.46296069907198,35.56421319617612,24.392464469256607,228.00193857697028,268.1734941321379,3122.4351106595629,0.0,0.0,50.35063157647499,59.659643737323907,372.51912063847797,0.0,18.921187095699815,66.51901531460438,22.0,30.0,0.0,19.220649879574155,66.03980482274048,12.0,30.0,0.0,19.18574789031376,66.90773119847121,22.0,30.0,0.0,19.009439108453269,66.16973229743783,12.0,30.0,0.0,16.982803888736535,77.37766952100664,12.0,30.0,0.0,19.017523703153967,68.33377153851095,12.0,30.0,0.0,18.20597653215449,71.20804107715762,10.0,30.0,0.0,16.86892919979687,77.80140708929642,12.0,30.0,0.0,17.95656918421306,73.07338953436576,20.0,30.0,0.0,18.50832145308754,0.0,0.0,0.0,16.216723759669187,0.0,0.0,613.4513186069784,649.8570698757483,696.459750938645,619.1867895963993,740.3861707718482,1195.0186547073695,714.9801406527889,748.144218918116,999.7624622937823,0.0,81.11860587290487,81.11860587290487,60.0,0.0,60.0,60.0,12.0,12.0,12.0,19.0,12.0,12.0,21.0,10.0,0.0,0.0,0.0,0.0,0.0,0.0,0.0,0.0,0.0,0.0,0.0,0.0,0.0,81.11860587290487,81.11860587290487,0.0,0.0,0.0,81.11860587290487,0.0,0.0,0.0017966666666666665 
 04/06  01:30:00,12.56,95.0,6.615,0.0,0.0,0.0,0.0,0.0,2.0,2.0,0.0,0.0,0.0,0.0,0.0,988.0,0.0,0.0,0.0,0.0,0.0,0.0,0.0,0.0,0.0,0.0,0.0,19.238278689565396,3.9630072374238809,19.211052323403178,-174.33452570951705,19.12887288204336,-228.08254828979808,19.155853362060438,16.51367543984543,16.957326670531559,7.314533363238155,18.807519054841224,-9.110119863061073,18.019693486972757,23.488089021904217,16.92737648512773,-38.81558478705233,17.863555178596209,-39.35544206063133,298.6916008277185,208.47803785467023,0.0,0.0,0.0,0.0,0.0,0.0,0.0,0.0,0.0,0.0,0.0,0.0,0.0,0.0,0.0,0.0,0.0,0.0,0.0,0.0,0.0,0.0,0.28738562123966007,0.08772454860795484,282.81119567469696,331.7322688146629,3733.664626409799,0.02063412570605443,0.003149286585173143,159.82901897792903,187.6308347294985,2074.4209485294106,0.20166352149739337,0.03810724140162385,265.56808796642829,311.90645195182688,3378.9308917824134,0.0680519934705755,0.012859409197009729,147.86851062935143,173.46126392342695,1936.8218808388543,0.0,0.0,6.450354572718088,7.6217739056654969,57.62509558946216,0.0,0.0,8.731715714527696,10.245386193174796,112.85820008885458,0.0,0.0,64.82444420141693,76.31183071819463,727.6892450106255,0.0,0.0,30.756499423209747,36.36156008642696,266.69622847909207,0.0,0.0,13.049854785965639,15.36628404202278,142.2851990913979,35.73130487498757,24.50706781549217,384.1410837854195,451.64016965203418,5044.190794951239,0.0,0.0,49.96567679488115,59.205991023035519,368.81907979667627,0.0,19.156309427054109,66.63487141342088,22.0,30.0,0.0,19.04864954099475,65.05373652615745,12.0,30.0,0.0,18.91386264105711,65.6085238866165,22.0,30.0,0.0,19.106919223064865,67.22650686083314,12.0,30.0,0.0,16.97548000525271,77.259755273618,12.0,30.0,0.0,19.002665314764266,68.21161244308614,12.0,30.0,0.0,18.136291409832127,70.5515325285281,10.0,30.0,0.0,16.84323798348204,77.49593965152862,12.0,30.0,0.0,17.972243563921848,72.76247576456719,20.0,30.0,0.0,18.566257311081594,0.0,0.0,0.0,16.1813233628326,0.0,0.0,671.7491020966155,555.4659288752571,556.3989629530649,700.9119266498893,735.0868405550619,1189.8071258663884,674.0001343563999,732.5550047008622,1005.1624701130266,0.0,81.11860587290487,81.11860587290487,60.0,0.0,60.0,60.0,12.0,12.0,12.0,19.0,12.0,12.0,21.0,10.0,0.0,0.0,0.0,0.0,0.0,0.0,0.0,0.0,0.0,0.0,0.0,0.0,0.0,81.11860587290487,81.11860587290487,0.0,0.0,0.0,81.11860587290487,0.0,0.0,0.0017933333333333335 
 04/06  01:40:00,12.533333333333335,95.33333333333334,6.66,0.0,0.0,0.0,0.0,0.0,2.0,2.0,0.0,0.0,0.0,0.0,0.0,1976.0,0.0,0.0,0.0,0.0,0.0,0.0,0.0,0.0,0.0,0.0,0.0,19.129639450663249,-94.78643428471514,19.193351489283076,-61.708224101263798,19.146265503482064,-75.28833174289184,19.10382110374538,-77.83413794902345,16.954038743824755,8.258865215663406,18.789319223867346,-13.721228241593565,18.019309205514298,41.55845570498377,16.906937496303067,-41.876676146769117,17.874326848078775,-31.90157293584565,287.28859833149456,199.41470849272606,0.0,0.0,0.0,0.0,0.0,0.0,0.0,0.0,0.0,0.0,0.0,0.0,0.0,0.0,0.0,0.0,0.0,0.0,0.0,0.0,0.0,0.0,0.30608834925472769,0.09343356204356768,249.75504382744118,294.36376302727799,3210.0033541235245,0.04822415082713759,0.007360218380210255,117.48629762288779,138.31780970769464,1535.1936153284485,0.29472538790517929,0.0556926280999961,240.13305030756738,283.0777602079162,3115.2096222472848,0.04120904931151614,0.007787046355161777,134.0281095567602,158.0550287290362,1736.2919751491759,0.0,0.0,7.110582300028879,8.435693185321773,63.82628591009512,0.0,0.0,8.75691740414391,10.314467243475898,113.2720877894576,0.0,0.0,67.09635728680328,79.28138588077366,758.2016048734543,0.0,0.0,31.279961039108728,37.12069748077669,271.3842235994132,0.0,0.0,10.631268692152063,12.563442604217404,116.75696012467631,35.873027235025549,24.604271080264444,334.16563412502139,394.6375321329401,4423.046495975237,0.0,0.0,47.89889392525957,56.97917381615115,351.3065378209372,0.0,18.957360702948266,66.69078481989149,22.0,30.0,0.0,19.07088757551699,65.76715541655499,12.0,30.0,0.0,19.008581437074363,66.32483426849587,22.0,30.0,0.0,19.0170093931268,66.55405348534939,12.0,30.0,0.0,16.97271497045551,77.03250476949472,12.0,30.0,0.0,18.98459931868658,68.10673410083031,12.0,30.0,0.0,18.14984145599184,70.6337557336434,10.0,30.0,0.0,16.82120183725187,77.54020978564512,12.0,30.0,0.0,17.988524982099269,72.55670426835045,20.0,30.0,0.0,18.50502766129329,0.0,0.0,0.0,16.132927022549866,0.0,0.0,632.6483685498197,602.1007229769787,622.2195174001231,645.0588441426935,725.0071114692387,1184.7024073577323,673.699723946446,730.9992609231429,1020.1600173411835,0.0,81.11860587290487,81.11860587290487,60.0,0.0,60.0,60.0,12.0,12.0,12.0,19.0,12.0,12.0,21.0,10.0,0.0,0.0,0.0,0.0,0.0,0.0,0.0,0.0,0.0,0.0,0.0,0.0,0.0,81.11860587290487,81.11860587290487,0.0,0.0,0.0,81.11860587290487,0.0,0.0,0.00179 
 04/06  01:50:00,12.506666666666668,95.66666666666666,6.705,0.0,0.0,1.0,0.0,0.0,2.0,2.0,0.0,0.0,0.0,0.0,0.0,988.0,0.0,0.0,0.0,0.0,0.0,0.0,0.0,0.0,0.0,0.0,0.0,19.03591952088214,-117.67866005929955,19.11973677912217,-7.697903279700995,19.14107258601973,-36.613871167763139,18.977284016019448,-106.95908212780978,16.94849082410655,8.507027936259334,18.708747762150673,-13.233959239403987,18.006450227012487,42.681987189926989,16.861503388719183,-40.75657864772961,17.870114260894675,-22.113743656490784,263.1492195054843,192.8040800317351,0.0,0.0,0.0,0.0,0.0,0.0,0.0,0.0,0.0,0.0,0.0,0.0,0.0,0.0,0.0,0.0,0.0,0.0,0.0,0.0,0.0,0.0,0.3126639330205693,0.09544076099528977,154.64507592264457,181.65368436030529,1956.2121290286883,0.05528802195239387,0.008438342788826905,42.82327910410724,50.2505654969511,562.3198469145951,0.3026534707874535,0.05719075411705473,189.14256818884398,221.91635972383043,2484.37818974057,0.038323555057806258,0.007241790449320907,121.9425725214216,143.20593351831998,1556.2328452143259,0.0,0.0,7.2371094207170378,8.551897656113678,65.2818905891146,0.0,0.0,8.740581681562043,10.258566095803064,112.63546782788144,0.0,0.0,66.22157625610859,77.94316699589807,750.3499362731956,0.0,0.0,31.42925049426729,37.16362346053142,271.8385609385211,0.0,0.0,8.71048878345396,10.255127994988,96.49927899873207,36.01102285498474,24.698918281882546,220.74522150197533,259.71896449064345,3023.515594486029,0.0,0.0,45.22101785790008,53.6079553503509,328.56857643301808,0.0,18.814087741389338,66.49984897659627,22.0,30.0,0.0,19.06452662689917,66.235107363528,12.0,30.0,0.0,19.064245483023929,66.8668888199965,22.0,30.0,0.0,18.882484920421484,66.22372987999249,12.0,30.0,0.0,16.96561975111757,76.68959418106195,12.0,30.0,0.0,18.92914304405912,67.99804978204117,12.0,30.0,0.0,18.13597443019588,70.90496615028489,10.0,30.0,0.0,16.778477329146744,77.52961065498674,12.0,30.0,0.0,18.0075392744591,72.2642840195049,20.0,30.0,0.0,18.391388433511144,0.0,0.0,0.0,16.069773949126025,0.0,0.0,590.4610205476281,629.6928332931382,673.4492651964471,596.0697886454193,708.3856354875105,1170.9401200977009,678.6185391804078,721.2217156131268,1049.4745296393126,0.0,81.11860587290487,81.11860587290487,60.0,0.0,60.0,60.0,12.0,12.0,12.0,19.0,12.0,12.0,21.0,10.0,0.0,0.0,0.0,0.0,0.0,0.0,0.0,0.0,0.0,0.0,0.0,0.0,0.0,81.11860587290487,81.11860587290487,0.0,0.0,0.0,81.11860587290487,0.0,0.0,0.00179 
 04/06  02:00:00,12.48,96.0,6.75,0.0,0.0,1.0,0.0,0.0,2.0,2.0,0.0,0.0,0.0,0.0,0.0,988.0,0.0,0.0,0.0,0.0,0.0,0.0,0.0,0.0,0.0,0.0,0.0,19.113310630648895,-0.5540532056384109,19.016194004402406,-148.29571951270555,18.989409135413756,-222.27334080688343,18.99199344401515,24.42638205145795,16.94182492040347,6.688398716469749,18.675602167655609,-8.706448204261506,17.96720831698675,19.147385691599085,16.83327220190668,-42.906884378570797,17.87372852628954,-27.755182934688834,290.40991898044379,203.51209771770938,0.0,0.0,0.0,0.0,0.0,0.0,0.0,0.0,0.0,0.0,0.0,0.0,0.0,0.0,0.0,0.0,0.0,0.0,0.0,0.0,0.0,0.0,0.2653777532707958,0.08100664019255062,266.25218529301557,312.43710065141308,3488.710566789226,0.02377076278432246,0.0036280162979735136,145.82350610688489,171.2637510274721,1871.7908880648066,0.17789091419683354,0.0336150631513291,263.5756105346078,309.67116574187357,3330.5720523213615,0.06476841563470164,0.012238929636187002,147.6197412430441,173.2490707521118,1916.0264198315559,0.0,0.0,6.566448643318103,7.759448386363597,59.46342112341129,0.0,0.0,8.63394168206562,10.134560920660056,111.07542669395699,0.0,0.0,61.81784542835041,72.78779344492927,695.5572211709391,0.0,0.0,31.608685711220294,37.38136999841665,272.87997474385556,0.0,0.0,9.151438075502205,10.773973345254813,101.94115479085817,36.17006451849754,24.808000355622466,367.8142449776987,432.5971636551153,4822.651974441024,0.0,0.0,46.4933923423699,55.12324434662633,334.83091298157157,0.0,19.02509201914663,66.69576537773679,22.0,30.0,0.0,18.894501925375427,65.43229901070686,12.0,30.0,0.0,18.78905242778774,65.85670306773125,22.0,30.0,0.0,18.965568923592917,67.26875104756872,12.0,30.0,0.0,16.956532815632,76.60869717490691,12.0,30.0,0.0,18.891220971777597,68.00940137314166,12.0,30.0,0.0,18.06897014544895,70.24715500337952,10.0,30.0,0.0,16.743532636683424,77.3010486559767,12.0,30.0,0.0,18.011575911954535,72.07761506556295,20.0,30.0,0.0,18.446851632683197,0.0,0.0,0.0,16.01077170623984,0.0,0.0,650.6771253388414,540.7931493180705,540.9184525165928,677.9002414017166,701.9027553956189,1164.816470869353,637.4459921434221,705.3314087291624,1064.4462019131646,0.0,81.11860587290487,81.11860587290487,60.0,0.0,60.0,60.0,12.0,12.0,12.0,19.0,12.0,12.0,21.0,10.0,0.0,0.0,0.0,0.0,0.0,0.0,0.0,0.0,0.0,0.0,0.0,0.0,0.0,81.11860587290487,81.11860587290487,0.0,0.0,0.0,81.11860587290487,0.0,0.0,0.00179 
 04/06  02:10:00,12.46,96.16666666666666,6.76,0.0,0.0,0.0,0.0,0.0,2.0,2.0,0.0,0.0,0.0,0.0,0.0,1976.0,0.0,0.0,0.0,0.0,0.0,0.0,0.0,0.0,0.0,0.0,0.0,19.008050276912547,-95.16488273032519,19.052712262474488,-53.60677993961099,19.021238617902879,-75.05418436960872,18.986868453439734,-71.71354290082968,16.938004955617143,7.280387220185531,18.700899264764489,-12.924781088766992,17.96243784038809,33.71452011726478,16.82574933026787,-48.36584992795804,17.902710755656398,-14.760174921509389,274.7235393488345,191.65317078598469,0.0,0.0,0.0,0.0,0.0,0.0,0.0,0.0,0.0,0.0,0.0,0.0,0.0,0.0,0.0,0.0,0.0,0.0,0.0,0.0,0.0,0.0,0.28409042978741785,0.0867186904112997,242.97611915760474,286.4770516649992,3098.1226751098768,0.04644328050449863,0.0070884127754118789,115.68033987882953,136.26317741976917,1496.1431771886724,0.26854601552364557,0.05074565675049993,227.90054929485454,268.7294262159015,2932.4215893236575,0.037516594370228948,0.00708930354690645,125.88192443146386,148.4917497213835,1618.271072488491,0.0,0.0,7.142155742184624,8.472591992189614,64.88091463515578,0.0,0.0,8.60550045231463,10.138386747581329,110.84948936237501,0.0,0.0,64.85394169759627,76.64516102054657,732.71477710311,0.0,0.0,32.18468678838636,38.20285045324585,277.5676145498626,0.0,0.0,8.365525626821558,9.886419907441742,93.83186946736547,36.17212633430729,24.80941449540967,320.03466924647025,378.0684003678228,4220.827929512386,0.0,0.0,43.470663474971448,51.74048440999569,308.4539567888737,0.0,18.83316137260675,66.76733135226331,22.0,30.0,0.0,18.92760094908354,66.04342520317562,12.0,30.0,0.0,18.882252794596647,66.46476089900483,22.0,30.0,0.0,18.893331142676453,66.5925085567199,12.0,30.0,0.0,16.953798554514728,76.39921074670309,12.0,30.0,0.0,18.883562666746064,67.87297524904858,12.0,30.0,0.0,18.075020394245834,70.40993042423097,10.0,30.0,0.0,16.721678709205646,77.34957865265956,12.0,30.0,0.0,18.03490917519151,71.80370483718558,20.0,30.0,0.0,18.377776102493344,0.0,0.0,0.0,15.939813496018275,0.0,0.0,611.4711270263053,586.6558156098106,603.9218881041761,622.6101967731121,691.7447369305476,1159.403871961777,641.9222383002664,700.6715344059871,1072.8622256937416,0.0,81.11860587290487,81.11860587290487,60.0,0.0,60.0,60.0,12.0,12.0,12.0,19.0,12.0,12.0,21.0,10.0,0.0,0.0,0.0,0.0,0.0,0.0,0.0,0.0,0.0,0.0,0.0,0.0,0.0,81.11860587290487,81.11860587290487,0.0,0.0,0.0,81.11860587290487,0.0,0.0,0.00179 
 04/06  02:20:00,12.440000000000002,96.33333333333333,6.7700000000000009,0.0,0.0,0.0,0.0,0.0,2.0,2.0,0.0,0.0,0.0,0.0,0.0,988.0,0.0,0.0,0.0,0.0,0.0,0.0,0.0,0.0,0.0,0.0,0.0,18.920993863596736,-114.9348481812749,19.054678743105606,-9.744264777166564,19.03939867377556,-38.93432941758874,18.92372810978442,-110.01126768072118,16.93254036295294,7.369510072237972,18.686423527934584,-13.07675012845516,17.9448446166677,34.56625843874599,16.798909281381968,-48.61897081849884,17.920052438023803,-15.98131047242265,248.30264931033435,193.75980770163734,0.0,0.0,0.0,0.0,0.0,0.0,0.0,0.0,0.0,0.0,0.0,0.0,0.0,0.0,0.0,0.0,0.0,0.0,0.0,0.0,0.0,0.0,0.289906462333415,0.08849403612131106,146.25081298232198,171.82319309950348,1836.8266694962986,0.05156455092548281,0.007870047455049269,43.203043895786368,50.70318014475634,564.3134580236508,0.27482704607918648,0.051932548389868968,174.71110905125929,205.02663319732538,2278.979935740485,0.034420221880739228,0.00650419914602026,115.24801137199926,135.35512271406157,1466.5241868365809,0.0,0.0,7.242445771872145,8.557376695580551,66.02564530800561,0.0,0.0,8.623791936268539,10.121983549717898,111.26163957452467,0.0,0.0,65.28616046708599,76.84978418475684,737.7003037257547,0.0,0.0,32.28151672200202,38.176997541902057,277.62543840638326,0.0,0.0,9.777295978192474,11.507101506389489,110.64018691789745,36.18084106242456,24.815391675188324,206.60699150393993,243.1313648144467,2829.1581944637807,0.0,0.0,43.53846249010547,51.63414223209769,307.3569245419985,0.0,18.70211833076074,66.58867259342584,22.0,30.0,0.0,18.963586839811538,66.2711082634439,12.0,30.0,0.0,18.951947967140698,66.81966042578796,22.0,30.0,0.0,18.797445736295239,66.19710558581265,12.0,30.0,0.0,16.94777602510091,76.08904246472034,12.0,30.0,0.0,18.870788028087824,67.60696362614,12.0,30.0,0.0,18.05376888937428,70.75082896874734,10.0,30.0,0.0,16.687414138283413,77.32769405405317,12.0,30.0,0.0,18.062059747762118,71.39136466476359,20.0,30.0,0.0,18.262452835330597,0.0,0.0,0.0,15.899912581201392,0.0,0.0,569.062114185324,612.1750601943788,650.5987577603078,574.9548691760341,675.1359355286238,1142.0940358858957,656.2017308613379,693.5129908428705,1069.2708917699065,0.0,81.11860587290487,81.11860587290487,60.0,0.0,60.0,60.0,12.0,12.0,12.0,19.0,12.0,12.0,21.0,10.0,0.0,0.0,0.0,0.0,0.0,0.0,0.0,0.0,0.0,0.0,0.0,0.0,0.0,81.11860587290487,81.11860587290487,0.0,0.0,0.0,81.11860587290487,0.0,0.0,0.0018199999999999998 
 04/06  02:30:00,12.42,96.5,6.779999999999999,0.0,0.0,0.0,0.0,0.0,2.0,2.0,0.0,0.0,0.0,0.0,0.0,988.0,0.0,0.0,0.0,0.0,0.0,0.0,0.0,0.0,0.0,0.0,0.0,19.00223369663195,1.20678900501116,18.966017598132106,-164.65713680978116,18.89814446156734,-226.5878584541315,18.951223549799765,13.103548009612496,16.925576010090809,5.735688282055065,18.67376646133725,-9.294848698393367,17.9057223646818,13.605042501271783,16.776182871030494,-49.59860904391053,17.93052988212799,-16.923393952423909,281.71349054568057,196.1009079068749,0.0,0.0,0.0,0.0,0.0,0.0,0.0,0.0,0.0,0.0,0.0,0.0,0.0,0.0,0.0,0.0,0.0,0.0,0.0,0.0,0.0,0.0,0.24871836482485355,0.07592135678414333,267.17607550468667,313.55310410945898,3475.509837263892,0.016585548392822798,0.0025313718548264348,149.4636573623928,175.5344010877818,1910.5971907754518,0.16457412983458542,0.03109866398990655,249.2880136407509,292.88808848444827,3131.5172918800687,0.0575613863267339,0.01087705712901245,134.72278328136754,158.11241897896623,1745.3212211758853,0.0,0.0,6.594907072479815,7.791700574161309,60.26473575865757,0.0,0.0,8.60097770732518,10.094572485095732,111.14707059660802,0.0,0.0,59.44776781690479,69.99773508533028,666.4590110872999,0.0,0.0,32.33060116425952,38.23631328526201,277.6467299400847,0.0,0.0,9.340362277586637,10.99130903041747,106.32123484692738,36.223356848073297,24.84455202199815,357.19375148667157,420.1332581842695,4662.350265966065,0.0,0.0,43.56767978607377,51.66595417107456,306.82676463535867,0.0,18.918241908803027,66.68452585605476,22.0,30.0,0.0,18.808812949216759,65.57363081984612,12.0,30.0,0.0,18.692261600759556,66.05057293235849,22.0,30.0,0.0,18.89422376987294,67.0369348075631,12.0,30.0,0.0,16.938919132398885,76.03915321189612,12.0,30.0,0.0,18.86184561575335,67.51551018703772,12.0,30.0,0.0,17.989143438905786,70.12215216669297,10.0,30.0,0.0,16.66143042247549,77.11594473466988,12.0,30.0,0.0,18.076438708826026,71.18552475329496,20.0,30.0,0.0,18.34360768055401,0.0,0.0,0.0,15.871605921250927,0.0,0.0,630.1514794248094,527.4674863225989,527.7836064667127,653.3838613148652,672.1718613402206,1132.694886805144,607.3996703714981,685.6783891329692,1070.115645600383,0.0,81.11860587290487,81.11860587290487,60.0,0.0,60.0,60.0,12.0,12.0,12.0,19.0,12.0,12.0,21.0,10.0,0.0,0.0,0.0,0.0,0.0,0.0,0.0,0.0,0.0,0.0,0.0,0.0,0.0,81.11860587290487,81.11860587290487,0.0,0.0,0.0,81.11860587290487,0.0,0.0,0.00185 
 04/06  02:40:00,12.399999999999999,96.66666666666666,6.789999999999999,0.0,0.0,0.0,0.0,0.0,2.0,2.0,0.0,0.0,0.0,0.0,0.0,1976.0,0.0,0.0,0.0,0.0,0.0,0.0,0.0,0.0,0.0,0.0,0.0,18.90460020455904,-90.42405751262504,18.953612455071249,-55.71327163529327,18.919288432760014,-68.52802764668786,18.904880668426196,-75.87314748833797,16.920443868796338,6.493457208704939,18.65935049777763,-12.99205747479985,17.900687542125284,28.82888156960189,16.75599343169498,-51.562030899612867,17.936805930245556,-18.611953087109897,265.9554743074823,196.18883652813146,0.0,0.0,0.0,0.0,0.0,0.0,0.0,0.0,0.0,0.0,0.0,0.0,0.0,0.0,0.0,0.0,0.0,0.0,0.0,0.0,0.0,0.0,0.26913432576766019,0.08215333509391336,230.93292708930214,272.2564641055185,2929.48606497246,0.04244358887721659,0.006477959230344412,108.13686459931356,127.35592957677379,1391.206743580174,0.25343551751440465,0.04789030943204926,219.50623110330487,258.8663481845474,2809.8764788056548,0.03131092355450276,0.0059166522211834379,120.61799021082649,142.31617709176454,1545.1079392967689,0.0,0.0,7.147578990245934,8.476960322657425,65.49506415466664,0.0,0.0,8.615774487136019,10.149004233377316,111.38603739322009,0.0,0.0,63.46103835388861,74.99603678238606,714.4500898536578,0.0,0.0,32.733522153751199,38.85417920404151,280.8847948450586,0.0,0.0,11.193585524341423,13.22175362045207,127.92903325069423,36.2387332638185,24.855098260506524,303.7512421991176,358.852967818977,3999.4034298505496,0.0,0.0,43.95947731595599,52.32409561975228,308.81995124907447,0.0,18.739333085893727,66.74310133567727,22.0,30.0,0.0,18.83483479236201,66.07433757484185,12.0,30.0,0.0,18.789289271662203,66.51138852254397,22.0,30.0,0.0,18.812663483171926,66.47340582725995,12.0,30.0,0.0,16.934457281347773,75.87082521385992,12.0,30.0,0.0,18.8486870241755,67.39934136956919,12.0,30.0,0.0,17.995884876678035,70.3045717627059,10.0,30.0,0.0,16.640588004506289,77.20022948118498,12.0,30.0,0.0,18.083495425388624,70.9436691916151,20.0,30.0,0.0,18.274285466786087,0.0,0.0,0.0,15.845005596943194,0.0,0.0,589.8006093366964,567.6792568346905,587.0832884710887,596.9026305871689,664.3687435809284,1121.4433014060097,622.6581707495464,693.9208193015099,1050.6966658138618,0.0,81.11860587290487,81.11860587290487,60.0,0.0,60.0,60.0,12.0,12.0,12.0,19.0,12.0,12.0,21.0,10.0,0.0,0.0,0.0,0.0,0.0,0.0,0.0,0.0,0.0,0.0,0.0,0.0,0.0,81.11860587290487,81.11860587290487,0.0,0.0,0.0,81.11860587290487,0.0,0.0,0.00188 
 04/06  02:50:00,12.38,96.83333333333334,6.8,0.0,0.0,0.0,0.0,0.0,2.0,2.0,0.0,0.0,0.0,0.0,0.0,988.0,0.0,0.0,0.0,0.0,0.0,0.0,0.0,0.0,0.0,0.0,0.0,18.82824677346305,-106.44962818277964,18.954280480115675,-8.201093781586906,18.939148056878659,-35.19560625394024,18.841109253593915,-110.11563619541175,16.913646228849044,6.703661631063085,18.641331331138127,-13.347741503247505,17.884566778554068,30.047341539012906,16.731678957393635,-50.540263166641128,17.943080165211439,-19.55010229792572,233.06929480712734,197.21698316491189,0.0,0.0,0.0,0.0,0.0,0.0,0.0,0.0,0.0,0.0,0.0,0.0,0.0,0.0,0.0,0.0,0.0,0.0,0.0,0.0,0.0,0.0,0.27275394035562186,0.08325822355177712,128.96731546647647,151.51187720491525,1615.856512168532,0.04821705415550272,0.007359135249618853,34.61309687730039,40.624919357395047,449.7189114905227,0.2555166877115154,0.0482835766650634,162.64342617447509,190.87698374583813,2111.011646533469,0.031443806668061447,0.005941762408930732,110.80806488448063,130.1390864966336,1405.0484401992777,0.0,0.0,7.25301079922812,8.568293221192786,66.67142609770412,0.0,0.0,8.634829682924888,10.13400319103346,111.69231497651544,0.0,0.0,64.1157551307279,75.47189678360886,722.4076138977889,0.0,0.0,32.73633335722495,38.714515455510468,280.4664810970874,0.0,0.0,11.832578288038718,13.921407529859297,135.95988277895214,36.247881380815339,24.861372689173764,184.12611737630528,216.69835965791146,2539.502468283667,0.0,0.0,43.945130051452647,52.11591479859878,308.47249739631106,0.0,18.62691140685802,66.5810719300328,22.0,30.0,0.0,18.868057954483239,66.16814845362419,12.0,30.0,0.0,18.859949955310186,66.6909319683475,22.0,30.0,0.0,18.715660496073619,66.19715194748113,12.0,30.0,0.0,16.92680161153641,75.62503972678604,12.0,30.0,0.0,18.82901140236828,67.19290503690901,12.0,30.0,0.0,17.978338886449998,70.58836451042638,10.0,30.0,0.0,16.611661994414854,77.20529184019775,12.0,30.0,0.0,18.091734472199528,70.6060710004201,20.0,30.0,0.0,18.137608499355684,0.0,0.0,0.0,15.820477147187568,0.0,0.0,550.1830277017394,585.1099689702598,624.3776211769515,552.5203080716674,653.878940646998,1100.3264173823778,638.7649438633634,700.2446465096032,1023.1779349334534,0.0,81.11860587290487,81.11860587290487,60.0,0.0,60.0,60.0,12.0,12.0,12.0,19.0,12.0,12.0,21.0,10.0,0.0,0.0,0.0,0.0,0.0,0.0,0.0,0.0,0.0,0.0,0.0,0.0,0.0,81.11860587290487,81.11860587290487,0.0,0.0,0.0,81.11860587290487,0.0,0.0,0.0018733333333333337 
 04/06  03:00:00,12.36,97.0,6.81,0.0,0.0,0.0,0.0,0.0,2.0,2.0,0.0,0.0,0.0,0.0,0.0,988.0,0.0,0.0,0.0,0.0,0.0,0.0,0.0,0.0,0.0,0.0,0.0,18.901286968628399,1.3471358248352772,18.866065268628625,-163.2711571489208,18.795891126845846,-228.28990715461806,18.867011178690725,11.728706416272872,16.90625743300145,5.416236441955192,18.62646103128821,-10.179613912660443,17.84930596554441,11.948366271205487,16.71114169251874,-50.69875081241389,17.947101245335998,-19.887299071172778,276.29372526552108,198.90598907465029,0.0,0.0,0.0,0.0,0.0,0.0,0.0,0.0,0.0,0.0,0.0,0.0,0.0,0.0,0.0,0.0,0.0,0.0,0.0,0.0,0.0,0.0,0.2340689961701565,0.07144963253057281,252.75065567635247,296.6451453009025,3269.729653883884,0.01783307737877642,0.0027217761567119079,140.70811945453034,165.25172454909925,1788.6835319962764,0.15807301534031246,0.029870184304669788,236.62612336674804,278.0140805343976,2954.515392641582,0.053911616478242368,0.010187380286893868,127.12510165685167,149.20180123683844,1640.3089654289839,0.0,0.0,6.695515516163732,7.90908493591454,61.693515313606138,0.0,0.0,8.600682650862004,10.093377359717734,111.37246503617839,0.0,0.0,59.045892082469958,69.52051450177605,661.0196339513038,0.0,0.0,32.708954581948947,38.68241925362844,280.1061102526561,0.0,0.0,11.342194400220734,13.342948128195955,130.8678782829495,36.29624760323866,24.89454568123366,335.6342794799177,394.7847371880634,4381.604995461799,0.0,0.0,43.90564979073084,52.06580005617656,307.9449873666189,0.0,18.822741782587586,66.5799819695886,22.0,30.0,0.0,18.713454157301887,65.7849950521032,12.0,30.0,0.0,18.594518543752238,66.27393160293789,22.0,30.0,0.0,18.808890665955127,66.87545060052575,12.0,30.0,0.0,16.91811373948713,75.59381362351212,12.0,30.0,0.0,18.816624466591635,67.13140789592352,12.0,30.0,0.0,17.922041615733428,70.04752333574287,10.0,30.0,0.0,16.589978858619454,77.02804708427309,12.0,30.0,0.0,18.096411190185504,70.46624899357247,20.0,30.0,0.0,18.248817852964274,0.0,0.0,0.0,15.797787671593522,0.0,0.0,603.9512284873089,515.7377518491384,516.5107462915443,625.2416883982211,654.5482447282669,1089.8007577553058,596.3517272422031,696.6359697221828,1015.6750410357969,0.0,81.11860587290487,81.11860587290487,60.0,0.0,60.0,60.0,12.0,12.0,12.0,19.0,12.0,12.0,21.0,10.0,0.0,0.0,0.0,0.0,0.0,0.0,0.0,0.0,0.0,0.0,0.0,0.0,0.0,81.11860587290487,81.11860587290487,0.0,0.0,0.0,81.11860587290487,0.0,0.0,0.0018666666666666667 
 04/06  03:10:00,12.375,97.0,6.806666666666667,0.0,0.0,0.0,0.0,0.0,2.0,2.0,0.0,0.0,0.0,0.0,0.0,1976.0,0.0,0.0,0.0,0.0,0.0,0.0,0.0,0.0,0.0,0.0,0.0,18.80625489802013,-88.04841032958439,18.854588802478064,-53.57376948303522,18.820363313140918,-60.70419968286433,18.821155878560505,-76.01292925076223,16.900469639676368,6.017639158978227,18.611701741100665,-13.46872470572896,17.84329616040724,24.731410719693259,16.692719928414364,-52.243306646447539,17.949319634681129,-21.44243314809819,253.8354748022207,199.13354556457774,0.0,0.0,0.0,0.0,0.0,0.0,0.0,0.0,0.0,0.0,0.0,0.0,0.0,0.0,0.0,0.0,0.0,0.0,0.0,0.0,0.0,0.0,0.24717972968582267,0.07545168793828532,219.28162714814216,258.5429914324234,2752.9304192659458,0.03835040327192836,0.0058532361526142189,101.28787951575969,119.29481854933573,1288.7948155026607,0.2336485249719925,0.04415127078079981,207.56710799935355,244.84662249086089,2629.1130269589727,0.025474517601684275,0.004813778836297102,112.40924879532315,132.67564582907188,1426.0914014998148,0.0,0.0,7.160738097744044,8.491155414024253,65.65426993150524,0.0,0.0,8.668889503811819,10.210880136132176,111.69254673748091,0.0,0.0,62.35245852001334,73.68703750991142,696.4093736348341,0.0,0.0,33.012927350724577,39.18649251206663,280.372378912422,0.0,0.0,12.602780180917338,14.881578411805905,144.98379987502939,36.27111206082475,24.877305940209028,284.6637951128042,336.3717281363151,3725.03664587654,0.0,0.0,44.18049886168047,52.58843513945908,306.27632201078839,0.0,18.648802588698346,66.73851660119493,22.0,30.0,0.0,18.739195959094489,66.15081153492568,12.0,30.0,0.0,18.6972620561299,66.5708174952747,22.0,30.0,0.0,18.727726862175456,66.40831636174836,12.0,30.0,0.0,16.913141595495128,75.45857772257604,12.0,30.0,0.0,18.802634295612945,67.04259117538642,12.0,30.0,0.0,17.926741444857499,70.19407101437457,10.0,30.0,0.0,16.572045946366765,77.08411461555929,12.0,30.0,0.0,18.097957634676335,70.28365921606908,20.0,30.0,0.0,18.168242508700659,0.0,0.0,0.0,15.774245798205567,0.0,0.0,568.0119011404515,549.2065055543116,569.6326036052709,569.9218050699549,649.2695204394295,1078.7804428027626,609.6533958787971,702.6618858382492,998.7066003726222,0.0,81.11860587290487,81.11860587290487,60.0,0.0,60.0,60.0,12.0,12.0,12.0,19.0,12.0,12.0,21.0,10.0,0.0,0.0,0.0,0.0,0.0,0.0,0.0,0.0,0.0,0.0,0.0,0.0,0.0,81.11860587290487,81.11860587290487,0.0,0.0,0.0,81.11860587290487,0.0,0.0,0.00186 
 04/06  03:20:00,12.39,97.0,6.803333333333333,0.0,0.0,0.0,0.0,0.0,2.0,2.0,0.0,0.0,0.0,0.0,0.0,988.0,0.0,0.0,0.0,0.0,0.0,0.0,0.0,0.0,0.0,0.0,0.0,18.74156026012538,-96.422699612202,18.85670515941284,-6.584561556590415,18.842494258022805,-32.1883288852232,18.760376724410663,-108.31080470945972,16.892913539978716,6.180375817803736,18.593568471585465,-13.915291192057282,17.82618256921819,25.690102698738884,16.670615635618366,-51.276660601848337,17.951235937263964,-22.11011530647147,210.19894351381664,199.75700029700125,0.0,0.0,0.0,0.0,0.0,0.0,0.0,0.0,0.0,0.0,0.0,0.0,0.0,0.0,0.0,0.0,0.0,0.0,0.0,0.0,0.0,0.0,0.23944430197111059,0.07309044626712778,109.50280141528384,128.65505632636417,1354.92875460007,0.042046711605686629,0.006417385776203698,25.74973603066911,30.228556496669378,329.28149473310307,0.22033887413594595,0.04163621960240854,144.92919585688194,170.12287209301278,1852.225330377081,0.026131053533221518,0.0049378408037077689,102.6410376931828,120.56230420290908,1283.0231048192316,0.0,0.0,7.2458752087902049,8.559508560542986,66.12888251707405,0.0,0.0,8.778268712756795,10.302990698601274,112.54010022328856,0.0,0.0,62.860921478983097,74.00434680765807,698.1197506431145,0.0,0.0,32.957321166552947,38.97980510980889,277.3849059892182,0.0,0.0,13.147091203722362,15.466083979018818,150.97268143728395,36.24565395640049,24.859844963237657,155.50333420047546,183.06242888964986,2155.247369848256,0.0,0.0,44.08929889184015,52.29246094742201,302.4580830827311,0.0,18.558665687751974,66.60922196267312,22.0,30.0,0.0,18.773464056472699,66.10989768087227,12.0,30.0,0.0,18.77024588116983,66.56840845511096,22.0,30.0,0.0,18.635529023133367,66.25464890987596,12.0,30.0,0.0,16.904743809514426,75.25808321216633,12.0,30.0,0.0,18.781991544868239,66.88417329509754,12.0,30.0,0.0,17.907687681384457,70.44131255068574,10.0,30.0,0.0,16.54670735928065,77.06955860060455,12.0,30.0,0.0,18.099706384418619,70.024731131128,20.0,30.0,0.0,18.004662865414688,0.0,0.0,0.0,15.751508265620393,0.0,0.0,533.6921729458704,558.0345485190594,595.2482071329937,531.6257577377518,641.7686955652293,1058.338378098088,623.3502296511341,705.8901771273244,976.4718858089369,0.0,81.11860587290487,81.11860587290487,60.0,0.0,60.0,60.0,12.0,12.0,12.0,19.0,12.0,12.0,21.0,10.0,0.0,0.0,0.0,0.0,0.0,0.0,0.0,0.0,0.0,0.0,0.0,0.0,0.0,81.11860587290487,81.11860587290487,0.0,0.0,0.0,81.11860587290487,0.0,0.0,0.0018566666666666667 
 04/06  03:30:00,12.405,97.0,6.8,0.0,0.0,0.0,0.0,0.0,2.0,2.0,0.0,0.0,0.0,0.0,0.0,988.0,0.0,0.0,0.0,0.0,0.0,0.0,0.0,0.0,0.0,0.0,0.0,18.80425906743882,0.35888672672626856,18.77109051427879,-161.09181646540038,18.697826603829009,-230.72238619062228,18.785830335477344,10.154539404188654,16.885102430590608,5.156205658325945,18.579000221919104,-11.605324770577682,17.794603414530714,10.981752118185796,16.65155616726362,-51.41711578051877,17.95260242207987,-22.044361206844316,264.5950232007126,200.99225240081388,0.0,0.0,0.0,0.0,0.0,0.0,0.0,0.0,0.0,0.0,0.0,0.0,0.0,0.0,0.0,0.0,0.0,0.0,0.0,0.0,0.0,0.0,0.19535373744226787,0.059631787986040258,233.89487485265966,274.59348688097557,2961.6444324165347,0.01329037146911074,0.002028444973918001,129.52218552579394,152.14635698835884,1611.4283326538699,0.12781781087100503,0.024153025485828623,220.85533981341204,259.5413151161258,2696.42454859982,0.04639886738343219,0.00876773760079973,118.55571205428223,139.1806618890026,1499.5078877906775,0.0,0.0,6.784757996727412,8.014785258193723,61.59491555152626,0.0,0.0,8.919087426388149,10.468515731326552,113.83499703338134,0.0,0.0,58.61603280995246,69.02464136480532,643.5761161414156,0.0,0.0,32.909386359432719,38.925822057619708,274.69218096408289,0.0,0.0,12.98907032339146,15.279754606192555,148.79285013566318,36.26899914361384,24.87585675144983,308.6332914145739,363.1061915119481,3971.1293864264955,0.0,0.0,44.011698479174167,52.2012827803872,298.7638447393318,0.0,18.730128649627845,66.50353018794439,22.0,30.0,0.0,18.622135429211484,66.03498052321182,12.0,30.0,0.0,18.50053193880617,66.53817149373937,22.0,30.0,0.0,18.72571829259119,66.72809790130204,12.0,30.0,0.0,16.895956870158409,75.2350190241644,12.0,30.0,0.0,18.76836007035733,66.84598249908338,12.0,30.0,0.0,17.859146601558178,70.01557352058662,10.0,30.0,0.0,16.527101809179809,76.92502555189779,12.0,30.0,0.0,18.100962565768364,69.92509113158273,20.0,30.0,0.0,18.159564119314334,0.0,0.0,0.0,15.730841403599984,0.0,0.0,576.724364494917,505.78439304348816,507.08355563332875,594.3696151883445,642.9536952467149,1047.900098647002,586.6284966905407,700.7490487996506,971.0503896795498,0.0,81.11860587290487,81.11860587290487,60.0,0.0,60.0,60.0,12.0,12.0,12.0,19.0,12.0,12.0,21.0,10.0,0.0,0.0,0.0,0.0,0.0,0.0,0.0,0.0,0.0,0.0,0.0,0.0,0.0,81.11860587290487,81.11860587290487,0.0,0.0,0.0,81.11860587290487,0.0,0.0,0.0018533333333333336 
 04/06  03:40:00,12.419999999999999,97.0,6.796666666666667,0.0,0.0,0.0,0.0,0.0,2.0,2.0,0.0,0.0,0.0,0.0,0.0,1976.0,0.0,0.0,0.0,0.0,0.0,0.0,0.0,0.0,0.0,0.0,0.0,18.712590339742485,-85.23434448655371,18.76058117383004,-51.01253076769558,18.726429381183637,-50.167826947649249,18.74095200229368,-75.48653284822263,16.878746842119175,5.576818348990287,18.564667509176407,-14.32709407060102,17.787175036569136,21.00112154028625,16.63415233957059,-52.77787977372736,17.952943081038506,-23.188898660515379,236.39634561003005,201.49437698216208,0.0,0.0,0.0,0.0,0.0,0.0,0.0,0.0,0.0,0.0,0.0,0.0,0.0,0.0,0.0,0.0,0.0,0.0,0.0,0.0,0.0,0.0,0.20971189645870143,0.06401462040863902,205.8462730488775,242.7583800495406,2530.6898958253775,0.03089149969651919,0.0047148198560010979,93.51197703938235,110.15440192241019,1164.5510145155996,0.1994364317627187,0.03768640055984859,191.7648990852005,226.31246738205537,2378.349094250454,0.014066866566369624,0.002658138051090253,101.53802760354854,119.91837424222067,1262.1335952627422,0.0,0.0,7.152680228019314,8.4815512060281,64.60344806352305,0.0,0.0,8.984631918057776,10.583814118331219,114.09235097225272,0.0,0.0,61.17888397478716,72.3108831056226,669.7598074737772,0.0,0.0,33.19033493908458,39.40273644236339,274.78532067907767,0.0,0.0,14.291982183478736,16.872887037641115,163.18264102882459,36.23776248185074,24.85443242925291,260.53432432418506,307.98404311588578,3358.477104386174,0.0,0.0,44.26528208045379,52.697236385146307,297.189356494748,0.0,18.563484456772295,66.76778545249369,22.0,30.0,0.0,18.64810475698481,66.25922150797202,12.0,30.0,0.0,18.610948266277917,66.64893480708972,22.0,30.0,0.0,18.646383734699286,66.38065642835218,12.0,30.0,0.0,16.89048867135199,75.12021431533681,12.0,30.0,0.0,18.75454527824619,66.77716724035955,12.0,30.0,0.0,17.86084766995892,70.11392456442639,10.0,30.0,0.0,16.51058400227575,76.95615900987252,12.0,30.0,0.0,18.100575836487569,69.77000062196213,20.0,30.0,0.0,18.06201649638348,0.0,0.0,0.0,15.710712433888255,0.0,0.0,546.8261368883419,531.5095207670563,552.4702133481554,543.7887249581165,638.2319081565665,1038.0039820840744,595.3512131756528,703.831537340335,956.0663468140477,0.0,81.11860587290487,81.11860587290487,60.0,0.0,60.0,60.0,12.0,12.0,12.0,19.0,12.0,12.0,21.0,10.0,0.0,0.0,0.0,0.0,0.0,0.0,0.0,0.0,0.0,0.0,0.0,0.0,0.0,81.11860587290487,81.11860587290487,0.0,0.0,0.0,81.11860587290487,0.0,0.0,0.00185 
 04/06  03:50:00,12.434999999999999,97.0,6.793333333333333,0.0,0.0,0.0,0.0,0.0,2.0,2.0,0.0,0.0,0.0,0.0,0.0,988.0,0.0,0.0,0.0,0.0,0.0,0.0,0.0,0.0,0.0,0.0,0.0,18.669330436190699,-78.28039091290839,18.762375742887959,-7.742470831803843,18.751057554498869,-29.332420711043598,18.684547067105397,-104.25576193229199,16.87050306457283,5.669529982471488,18.54693879334215,-14.68314408733977,17.768500192383578,21.533075435888806,16.61331835717877,-51.781983376906968,17.952736945390673,-24.004897160381235,176.0912439312624,201.81282783010534,0.0,0.0,0.0,0.0,0.0,0.0,0.0,0.0,0.0,0.0,0.0,0.0,0.0,0.0,0.0,0.0,0.0,0.0,0.0,0.0,0.0,0.0,0.19452770153828764,0.059379640274202578,72.74494898607176,85.47250873107503,887.6826101608151,0.035111134825389207,0.005358842311567339,4.990982660175707,5.860962133874091,62.79018503861802,0.17695666501104757,0.033438523244717997,122.17317961746902,143.44790791016309,1530.0456707447768,0.020152226174750655,0.003808054832719321,91.05041104334868,106.96551327506458,1116.6853612431335,0.0,0.0,7.205369388587769,8.511915453222772,64.76356474369348,0.0,0.0,9.10310604909667,10.685584726552819,115.01762230503353,0.0,0.0,61.34601691991,72.23477272130094,667.3880228496827,0.0,0.0,33.10331344141908,39.15856059091395,271.6632005465006,0.0,0.0,14.543451643350343,17.10818602556813,165.67168971167383,36.212232799973097,24.836922359377988,116.61349473908956,137.3412804371584,1654.9038301389797,0.0,0.0,44.144366971554898,52.36561248243116,293.4440388541503,0.0,18.51543553818176,66.63039988484228,22.0,30.0,0.0,18.68029588070779,65.89711666334608,12.0,30.0,0.0,18.68663010191475,66.4498222071667,22.0,30.0,0.0,18.562242392617038,66.35108989780221,12.0,30.0,0.0,16.88133662455279,74.95279315877943,12.0,30.0,0.0,18.73415702555578,66.6603320871713,12.0,30.0,0.0,17.839113513260469,70.31919239013813,10.0,30.0,0.0,16.48721938858956,76.93074798958503,12.0,30.0,0.0,18.099685433189074,69.55428910008294,20.0,30.0,0.0,17.842174842314166,0.0,0.0,0.0,15.69095487857829,0.0,0.0,522.4270815286046,514.3614517973665,565.6490314094874,511.7830145112722,631.199051556394,1020.6988752301228,605.9994440105535,704.4978687299384,936.7401159473466,0.0,81.11860587290487,81.11860587290487,60.0,0.0,60.0,60.0,12.0,12.0,12.0,19.0,12.0,12.0,21.0,10.0,0.0,0.0,0.0,0.0,0.0,0.0,0.0,0.0,0.0,0.0,0.0,0.0,0.0,81.11860587290487,81.11860587290487,0.0,0.0,0.0,81.11860587290487,0.0,0.0,0.00186 
 04/06  04:00:00,12.45,97.0,6.79,0.0,0.0,0.0,0.0,0.0,2.0,2.0,0.0,0.0,0.0,0.0,0.0,988.0,0.0,0.0,0.0,0.0,0.0,0.0,0.0,0.0,0.0,0.0,0.0,18.712636459957236,-3.176910074816078,18.686937560793049,-146.82766698838669,18.60241451175074,-236.63536140849284,18.708446652959084,8.50216438350617,16.862437466165898,4.9934034525423389,18.532357517838784,-13.105045989819871,17.743308370690515,12.375592431097175,16.59514908696118,-51.85903008134255,17.952250598821999,-24.105537290166695,249.75971346474035,202.66017574152716,0.0,0.0,0.0,0.0,0.0,0.0,0.0,0.0,0.0,0.0,0.0,0.0,0.0,0.0,0.0,0.0,0.0,0.0,0.0,0.0,0.0,0.0,0.15728456231334565,0.04801116065730942,195.65831337215878,229.76825495681678,2425.790883446052,0.016604925856683288,0.00253432934320563,103.13092569429785,121.16208482439274,1258.9171638260089,0.101632445967061,0.01920492176248319,199.24326139225213,234.19122943793179,2377.960546065284,0.03947505165232137,0.007459382398397838,109.02592617726264,128.0234638478403,1352.252252786281,0.0,0.0,6.904789220154696,8.156827746587958,61.73175943729461,0.0,0.0,9.16720133743491,10.76110624933005,115.29306493289185,0.0,0.0,58.77538077666855,69.21986803009831,633.498943143939,0.0,0.0,33.091479116399209,39.14680666407688,269.3463090419699,0.0,0.0,14.496632786881307,17.052728213818765,164.66851224677687,36.25044878039037,24.86313359423209,260.51381976024467,306.57260081132008,3329.312043792928,0.0,0.0,44.11302395522283,52.32927430751169,290.3061363089823,0.0,18.64232986785927,66.35421766279282,22.0,30.0,0.0,18.548888652405919,66.2454421092745,12.0,30.0,0.0,18.407944299174454,66.84108749160719,22.0,30.0,0.0,18.64759479434077,66.58613795642869,12.0,30.0,0.0,16.872639896056076,74.9243222729151,12.0,30.0,0.0,18.719982781757485,66.61978776778061,12.0,30.0,0.0,17.80350786974215,70.01767861043403,10.0,30.0,0.0,16.468863142646293,76.82104595197933,12.0,30.0,0.0,18.098750635762526,69.47111938202234,20.0,30.0,0.0,18.05601979585433,0.0,0.0,0.0,15.673017605283084,0.0,0.0,542.1714225572922,496.03811469080338,498.44510064505126,563.5960872695048,631.4204083459786,1011.1942555708533,577.7195715665206,699.0499156691129,931.5194184766527,0.0,81.11860587290487,81.11860587290487,60.0,0.0,60.0,60.0,12.0,12.0,12.0,19.0,12.0,12.0,21.0,10.0,0.0,0.0,0.0,0.0,0.0,0.0,0.0,0.0,0.0,0.0,0.0,0.0,0.0,81.11860587290487,81.11860587290487,0.0,0.0,0.0,81.11860587290487,0.0,0.0,0.0018700000000000002 
 04/06  04:10:00,12.463333333333333,97.0,6.761666666666667,0.0,0.0,0.0,0.0,0.0,2.0,2.0,0.0,0.0,0.0,0.0,0.0,988.0,0.0,0.0,0.0,0.0,0.0,0.0,0.0,0.0,0.0,0.0,0.0,18.559869507194386,-124.85741367739593,18.699116467442594,0.38026050323014717,18.675365417994038,-2.8067522066576204,18.62123165959337,-131.94405678346903,16.855041405815535,5.608151090028599,18.516299216147965,-15.731479134085533,17.742788497827087,27.910166487428798,16.576644625482403,-52.38227649011674,17.95088765341349,-25.35656701264395,242.1814204897746,203.6244194899043,0.0,0.0,0.0,0.0,0.0,0.0,0.0,0.0,0.0,0.0,0.0,0.0,0.0,0.0,0.0,0.0,0.0,0.0,0.0,0.0,0.0,0.0,0.1955969694425732,0.0597060346283801,199.8347121216908,234.9152985837014,2360.1853067786148,0.03167046315288377,0.004833709272418159,59.800610826782719,70.23152384239696,736.5775656373559,0.22727713361378083,0.04294730415982254,253.3992733806314,297.59184078025347,3117.6652499607068,0.0,0.0,154.1910879802213,181.18024640219978,1858.074871787581,0.0,0.0,7.33653397206582,8.667085069712356,65.2899238505031,0.0,0.0,9.122968752426383,10.709827521637897,114.1761995014499,0.0,0.0,62.48458000950949,73.58070027705526,673.5916961809749,0.0,0.0,33.47772754954253,39.605364748556528,270.3068380711747,0.0,0.0,15.361368294634814,18.0701738301646,174.00463451915759,36.061024877813547,24.733213222094347,302.56472397610386,356.0885357259308,3774.1228284215305,0.0,0.0,44.451194864035709,52.734036205216,289.83843462522045,0.0,18.355538103687804,67.18384945860811,22.0,30.0,0.0,18.616598847838529,66.35882235183793,12.0,30.0,0.0,18.607166609541339,66.66049062514394,22.0,30.0,0.0,18.483768696293067,66.62236016323945,12.0,30.0,0.0,16.86556983352716,74.79388567969174,12.0,30.0,0.0,18.70241762647963,66.55395051964436,12.0,30.0,0.0,17.818165419550959,70.054317819196,10.0,30.0,0.0,16.449681632817723,76.88623676927962,12.0,30.0,0.0,18.096429849596804,69.31243120834998,20.0,30.0,0.0,18.032514762506094,0.0,0.0,0.0,15.656288135454087,0.0,0.0,510.2535647840623,533.1208548564309,558.0187914499286,506.5468404869818,624.6742191982847,1001.3290279459338,585.3983251828038,701.1639740777764,915.8042796929386,0.0,81.11860587290487,81.11860587290487,60.0,0.0,60.0,60.0,12.0,12.0,12.0,19.0,12.0,12.0,21.0,10.0,0.0,0.0,0.0,0.0,0.0,0.0,0.0,0.0,0.0,0.0,0.0,0.0,0.0,81.11860587290487,81.11860587290487,0.0,0.0,0.0,81.11860587290487,0.0,0.0,0.00188 
 04/06  04:20:00,12.476666666666667,97.0,6.733333333333334,0.0,0.0,0.0,0.0,0.0,2.0,2.0,0.0,0.0,0.0,0.0,0.0,988.0,0.0,0.0,0.0,0.0,0.0,0.0,0.0,0.0,0.0,0.0,0.0,18.638019060266115,5.905643209813206,18.63161462984143,-132.40256475718616,18.57701478339981,-178.6526624827502,18.644001747962599,6.868947040932198,16.84630744201209,4.440703589884805,18.50269223472711,-12.535100944944759,17.699300808553823,-0.1756059782082957,16.559266268363225,-51.67052773497403,17.950186295197957,-24.12539523706107,239.0921676809612,204.17817684013267,0.0,0.0,0.0,0.0,0.0,0.0,0.0,0.0,0.0,0.0,0.0,0.0,0.0,0.0,0.0,0.0,0.0,0.0,0.0,0.0,0.0,0.0,0.1442888579458839,0.044044217932198998,248.676769743594,292.085361195521,3032.6308171823609,0.0,0.0,140.63925085431647,165.247897401676,1695.248841790245,0.05246615372931161,0.009914239177874459,212.00767089048703,249.16766952507886,2525.077056278931,0.029742962471774136,0.005620363278868883,104.35654756089123,122.5669395984039,1273.616487005747,0.0,0.0,6.607034960080574,7.805451558546585,58.49101125936984,0.0,0.0,9.38340413183364,11.015912667499882,116.95440032577172,0.0,0.0,55.105610280377238,64.90873499052506,584.6537965162307,0.0,0.0,33.03371647258361,39.08252167392646,264.7091186826277,0.0,0.0,16.27894588081357,19.14949329528471,183.94274384095798,35.8993626720021,24.62233379424013,311.4661908103437,366.56817021352637,3849.398751152682,0.0,0.0,43.88894884854762,52.06906685886149,283.53054081257729,0.0,18.567705263264629,66.68333244618677,22.0,30.0,0.0,18.49933978404465,66.40577414221734,12.0,30.0,0.0,18.424565568041083,66.72463652778083,22.0,30.0,0.0,18.574318193625346,66.77305402686365,12.0,30.0,0.0,16.85580992573277,74.74666240002169,12.0,30.0,0.0,18.690038286352118,66.51517440666035,12.0,30.0,0.0,17.745374099743026,70.14394858202089,10.0,30.0,0.0,16.432678226447928,76.78973840641234,12.0,30.0,0.0,18.095971807404284,69.19291658008055,20.0,30.0,0.0,18.013838796179806,0.0,0.0,0.0,15.63974349173994,0.0,0.0,545.6871229433489,491.3851378240786,493.8175567255646,555.8942340314322,622.3479131531179,991.2276298772036,572.0113328335366,694.5931679076574,900.8427562312836,0.0,81.11860587290487,81.11860587290487,60.0,0.0,60.0,60.0,12.0,12.0,12.0,19.0,12.0,12.0,21.0,10.0,0.0,0.0,0.0,0.0,0.0,0.0,0.0,0.0,0.0,0.0,0.0,0.0,0.0,81.11860587290487,81.11860587290487,0.0,0.0,0.0,81.11860587290487,0.0,0.0,0.0018866666666666663 
 04/06  04:30:00,12.489999999999999,97.0,6.705,0.0,0.0,0.0,0.0,0.0,2.0,2.0,0.0,0.0,0.0,0.0,0.0,988.0,0.0,0.0,0.0,0.0,0.0,0.0,0.0,0.0,0.0,0.0,0.0,18.510891619575064,-113.17440766003074,18.642380439000396,-1.8582139499499136,18.62368209427292,-16.785137427435985,18.57907086568743,-110.23082139688813,16.838463801882609,5.172947975546293,18.486738259913176,-16.42363921969627,17.69925277205704,25.26590809489835,16.5417443777289,-51.92419401341135,17.947793500325646,-26.756386057366627,229.5540608195097,202.27717121294155,0.0,0.0,0.0,0.0,0.0,0.0,0.0,0.0,0.0,0.0,0.0,0.0,0.0,0.0,0.0,0.0,0.0,0.0,0.0,0.0,0.0,0.0,0.1740968184733176,0.05314310698208718,169.3013485551325,199.03111337229164,1981.1565051521389,0.029893090801776664,0.0045624375460587098,58.002402408855079,68.1283968930683,705.0439828615855,0.16909804749944269,0.03195352371493627,195.84020572586287,230.02010179488006,2381.0938760618817,0.0,0.0,124.98359819672054,146.8674866988504,1492.2298415042415,0.0,0.0,7.277907118756585,8.59820354511714,64.12289535054753,0.0,0.0,9.345936606844083,10.972540740429066,115.90810388218933,0.0,0.0,61.245238881423187,72.13090440765194,650.3834695171655,0.0,0.0,33.24055388736807,39.329078776676137,264.3018268988824,0.0,0.0,16.508582972898148,19.419821927797608,185.9657173070197,35.757404659253818,24.524968902094533,244.97302795255644,288.35291934426825,3080.6503409647709,0.0,0.0,44.06231802688665,52.278180767100128,281.73880460196406,0.0,18.327436887489854,67.25070795822923,22.0,30.0,0.0,18.561703112768148,66.58211447781032,12.0,30.0,0.0,18.560996165050427,66.789491026041,22.0,30.0,0.0,18.454689714939386,66.69853422453265,12.0,30.0,0.0,16.848192547638808,74.64564658109022,12.0,30.0,0.0,18.672195420796475,66.47376960630227,12.0,30.0,0.0,17.763977762743278,70.25391325124865,10.0,30.0,0.0,16.415068382492487,76.78835433090726,12.0,30.0,0.0,18.092132076788233,69.07916207896082,20.0,30.0,0.0,17.972688823896659,0.0,0.0,0.0,15.620261080149687,0.0,0.0,504.86157002048079,534.0486034555275,555.4965420686087,500.9453471940753,616.5834511108526,982.1150086444483,587.019190967123,695.8526513197709,888.0316507543511,0.0,81.11860587290487,81.11860587290487,60.0,0.0,60.0,60.0,12.0,12.0,12.0,19.0,12.0,12.0,21.0,10.0,0.0,0.0,0.0,0.0,0.0,0.0,0.0,0.0,0.0,0.0,0.0,0.0,0.0,81.11860587290487,81.11860587290487,0.0,0.0,0.0,81.11860587290487,0.0,0.0,0.0018933333333333333 
 04/06  04:40:00,12.503333333333332,97.0,6.676666666666667,0.0,0.0,0.0,0.0,0.0,2.0,2.0,0.0,0.0,0.0,0.0,0.0,988.0,0.0,0.0,0.0,0.0,0.0,0.0,0.0,0.0,0.0,0.0,0.0,18.579816204375449,5.261455864641903,18.577332242476805,-128.21005241875629,18.5248541275147,-176.0429072288307,18.600023026568253,5.058296367742059,16.829518128012994,4.174820362069767,18.47313615713237,-13.3437335150997,17.66202572414469,1.1386016816309166,16.524517139188679,-51.81295423295137,17.946028511569794,-25.63042626245067,232.69657096749507,203.95941739930277,0.0,0.0,0.0,0.0,0.0,0.0,0.0,0.0,0.0,0.0,0.0,0.0,0.0,0.0,0.0,0.0,0.0,0.0,0.0,0.0,0.0,0.0,0.1270632154117172,0.03878608529051197,238.60454325986934,280.28983812516148,2872.366561483302,0.0,0.0,133.37351460936359,156.7293987242342,1587.3550303114162,0.030922969791480169,0.005843342742154229,201.12969921871224,236.40719993373294,2366.6608682365847,0.024096046877331437,0.004553296840009718,96.60524336065849,113.47314381234117,1166.2733510525027,0.0,0.0,6.623995139345919,7.825773169841011,58.05255451861988,0.0,0.0,9.49091020656318,11.143004386372095,117.21472857850717,0.0,0.0,55.006770522731908,64.79912332394251,576.1260714362304,0.0,0.0,33.069241791615109,39.12854440846872,260.9149785441809,0.0,0.0,17.141959597808396,20.164756265226399,192.57506001967284,35.602938975308358,24.419025360293806,293.5681714622475,345.5348707771025,3602.9247685477037,0.0,0.0,43.79795378081333,51.96565934955589,277.5608481762122,0.0,18.515550939116733,66.87058939401477,22.0,30.0,0.0,18.44920770806065,66.57945073545582,12.0,30.0,0.0,18.379548913507514,66.87238021070589,22.0,30.0,0.0,18.534820547886946,66.87012608691544,12.0,30.0,0.0,16.83832908904926,74.63909352715806,12.0,30.0,0.0,18.65956058618542,66.47887009569353,12.0,30.0,0.0,17.703831523680046,70.2147439217821,10.0,30.0,0.0,16.3979131473429,76.73328836822752,12.0,30.0,0.0,18.090308879149228,69.00425045707532,20.0,30.0,0.0,17.97205678410749,0.0,0.0,0.0,15.605414217537824,0.0,0.0,545.3345404756442,486.1380780836952,488.401258201952,552.735066716969,616.5082457837882,976.0806935857073,566.8435830658849,690.7988007121876,877.8015357527519,0.0,81.11860587290487,81.11860587290487,60.0,0.0,60.0,60.0,12.0,12.0,12.0,19.0,12.0,12.0,21.0,10.0,0.0,0.0,0.0,0.0,0.0,0.0,0.0,0.0,0.0,0.0,0.0,0.0,0.0,81.11860587290487,81.11860587290487,0.0,0.0,0.0,81.11860587290487,0.0,0.0,0.0018999999999999998 
 04/06  04:50:00,12.516666666666666,97.0,6.648333333333333,0.0,0.0,0.0,0.0,0.0,2.0,2.0,0.0,0.0,0.0,0.0,0.0,988.0,0.0,0.0,0.0,0.0,0.0,0.0,0.0,0.0,0.0,0.0,0.0,18.455576013994916,-109.384693749289,18.587666049439055,-1.7636473828206363,18.570472697996473,-15.172479348367233,18.532351536447238,-111.37287748095787,16.8214294805706,4.878387777215153,18.457527254968676,-16.793446324982484,17.661888732198059,23.470008082014375,16.507262919532967,-51.97117370742444,17.94289436246481,-27.915544440937539,224.39746602276865,202.76508897022746,0.0,0.0,0.0,0.0,0.0,0.0,0.0,0.0,0.0,0.0,0.0,0.0,0.0,0.0,0.0,0.0,0.0,0.0,0.0,0.0,0.0,0.0,0.15662816396380203,0.04781079486074543,165.97815188302543,195.14523315570873,1917.9711496297223,0.026886728036221033,0.004103590970119205,58.416103743161219,68.62287902017124,700.9056488879335,0.14816740831025605,0.02799837647586094,194.68546098214919,228.68998632228765,2338.1274158746139,0.0,0.0,127.19722930070812,149.4838257141623,1500.5603350123795,0.0,0.0,7.2336616291466468,8.546215793574243,63.0871619277996,0.0,0.0,9.448193703776685,11.093419261077984,116.11015999093692,0.0,0.0,60.50795128186987,71.26982616970789,634.220876980007,0.0,0.0,33.278352216112278,39.37736283355019,260.5120822232719,0.0,0.0,17.375137880646667,20.439230492500607,194.56798847891595,35.453663471987628,24.316641613160244,244.12318718830645,287.3726910643653,3032.5835068861349,0.0,0.0,43.97200462044958,52.17520189208487,275.9193278409769,0.0,18.280959008435795,67.40720671223454,22.0,30.0,0.0,18.50956664343812,66.76773983745214,12.0,30.0,0.0,18.513438996854899,66.9315850909822,22.0,30.0,0.0,18.409682716818815,66.85093704700414,12.0,30.0,0.0,16.83049061034402,74.55903299028323,12.0,30.0,0.0,18.64218421733692,66.45018878707733,12.0,30.0,0.0,17.72153376434092,70.36021782260895,10.0,30.0,0.0,16.380516892721049,76.78780700827173,12.0,30.0,0.0,18.085737120019965,68.91276396498515,20.0,30.0,0.0,17.935796925545149,0.0,0.0,0.0,15.587769684452678,0.0,0.0,499.6787131699614,532.635940721042,553.3657734777247,495.6379041680597,611.1584750415702,968.2854111101473,586.0892834707361,693.4389645568251,867.3382138231295,0.0,81.11860587290487,81.11860587290487,60.0,0.0,60.0,60.0,12.0,12.0,12.0,19.0,12.0,12.0,21.0,10.0,0.0,0.0,0.0,0.0,0.0,0.0,0.0,0.0,0.0,0.0,0.0,0.0,0.0,81.11860587290487,81.11860587290487,0.0,0.0,0.0,81.11860587290487,0.0,0.0,0.0019133333333333334 
 04/06  05:00:00,12.53,97.0,6.62,0.0,0.0,0.0,0.0,0.0,2.0,2.0,0.0,0.0,0.0,0.0,0.0,988.0,0.0,0.0,0.0,0.0,0.0,0.0,0.0,0.0,0.0,0.0,0.0,18.52236503650073,6.344915506755569,18.524920423416906,-123.53662131474084,18.473489247835265,-171.6209032422621,18.552310364328429,4.834120984483434,16.812292080776765,3.9249866103674835,18.444212049472179,-13.805336857835642,17.625790181992259,0.2677059326988456,16.490446663405668,-51.73434095129619,17.94036846971136,-26.94885856655185,226.41817329652259,204.13482692104436,0.0,0.0,0.0,0.0,0.0,0.0,0.0,0.0,0.0,0.0,0.0,0.0,0.0,0.0,0.0,0.0,0.0,0.0,0.0,0.0,0.0,0.0,0.11337074644709847,0.034606454959431768,236.64437532038816,278.0226478704819,2811.6230519567059,0.0,0.0,131.515483927968,154.56260061851777,1545.7898233884262,0.0,0.0,199.26743388882657,234.2406259939449,2316.3466344022,0.020554509691874755,0.0038840721262046009,94.79866040085538,111.36361572701169,1130.5868341599867,0.0,0.0,6.588572801470135,7.784157036447875,57.152109597024828,0.0,0.0,9.579115821453293,11.247338228148806,117.2285873870486,0.0,0.0,54.46225442951083,64.16365683548406,563.1484327249716,0.0,0.0,33.08335364917252,39.148599442999849,256.9932925830306,0.0,0.0,17.890392177183004,21.045141413499388,199.75864586901563,35.301122220365147,24.212017983789545,290.1755056460126,341.56958426754036,3519.145053273017,0.0,0.0,43.685678402573319,51.83635397243832,271.69560547075556,0.0,18.46339900409541,67.0449479886802,22.0,30.0,0.0,18.401334597018566,66.75984110789203,12.0,30.0,0.0,18.335364581980774,67.03580222467173,22.0,30.0,0.0,18.487921572516635,67.00948533332513,12.0,30.0,0.0,16.820494337735629,74.5726409518809,12.0,30.0,0.0,18.629835357474169,66.4745528366254,12.0,30.0,0.0,17.66351006528754,70.31735211880897,10.0,30.0,0.0,16.363869331523398,76.74561229031143,12.0,30.0,0.0,18.08303261374478,68.87075871142355,20.0,30.0,0.0,17.931851299703295,0.0,0.0,0.0,15.573544438966467,0.0,0.0,543.6798602325855,481.67223942303226,483.84540742166237,550.3057159844962,612.1492405154005,964.5291751613808,563.2417225813179,687.859542758814,860.433812045586,0.0,81.11860587290487,81.11860587290487,60.0,0.0,60.0,60.0,12.0,12.0,12.0,19.0,12.0,12.0,21.0,10.0,0.0,0.0,0.0,0.0,0.0,0.0,0.0,0.0,0.0,0.0,0.0,0.0,0.0,81.11860587290487,81.11860587290487,0.0,0.0,0.0,81.11860587290487,0.0,0.0,0.0019266666666666666 
 04/06  05:10:00,12.558333333333334,96.83333333333334,6.611666666666666,0.0,0.0,0.0,0.0,0.0,2.0,2.0,0.0,0.0,0.0,0.0,0.0,988.0,0.0,0.0,0.0,0.0,0.0,0.0,0.0,0.0,0.0,0.0,0.0,18.403094736795837,-104.8177139914078,18.534690749779807,-1.893165326163853,18.517109568979195,-14.824340413411847,18.48612777984581,-109.25924267712526,16.803980267074363,4.595512410013015,18.429139285267988,-17.1091666484661,17.62506481901456,21.664577817776718,16.473674080322959,-51.87469201351428,17.936664446246753,-29.125780234642776,216.71447089514005,203.05304572670094,0.0,0.0,0.0,0.0,0.0,0.0,0.0,0.0,0.0,0.0,0.0,0.0,0.0,0.0,0.0,0.0,0.0,0.0,0.0,0.0,0.0,0.0,0.13350855985666494,0.04075352864977562,160.444608308271,188.6630404086815,1826.9389512483265,0.022318945978100064,0.0034064325363400589,56.469446259275347,66.34649988557722,667.1980931715162,0.12294783084325288,0.023232772268188385,190.24623680603905,223.50982084864749,2250.325254449251,0.0,0.0,125.92681262182431,148.01013849227173,1464.1148248751647,0.0,0.0,7.180182958728657,8.483561131475956,61.760070697103888,0.0,0.0,9.545019945386553,11.208215048388368,115.9565820169374,0.0,0.0,59.75661196484865,70.39417194970187,616.4330985959783,0.0,0.0,33.2848209265442,39.38960558746069,255.54221163142862,0.0,0.0,18.118463161376675,21.31430987296309,201.0925923624199,35.16365142084933,24.117730741323279,237.4045555912335,279.497434217387,2911.2509542250979,0.0,0.0,43.85260071699238,52.03889479679064,268.77618512363997,0.0,18.23830463871425,67.56472169981564,22.0,30.0,0.0,18.45915201706999,66.93529777705011,12.0,30.0,0.0,18.464379876733369,67.08557788458836,22.0,30.0,0.0,18.36544850635731,67.01686357629923,12.0,30.0,0.0,16.81242810112874,74.51444716096406,12.0,30.0,0.0,18.613013416627905,66.4597884495063,12.0,30.0,0.0,17.67989225510286,70.47413910583878,10.0,30.0,0.0,16.346990586868455,76.81387175837556,12.0,30.0,0.0,18.07784090356214,68.80615039902344,20.0,30.0,0.0,17.893882021584696,0.0,0.0,0.0,15.557032040102222,0.0,0.0,495.21476271947736,529.6085596247824,551.2221448317154,491.0540592269713,607.099730870143,957.5466747906487,584.4921911436945,690.8625367539884,851.8772875680022,0.0,81.11860587290487,81.11860587290487,60.0,0.0,60.0,60.0,12.0,12.0,12.0,19.0,12.0,12.0,21.0,10.0,0.0,0.0,0.0,0.0,0.0,0.0,0.0,0.0,0.0,0.0,0.0,0.0,0.0,81.11860587290487,81.11860587290487,0.0,0.0,0.0,81.11860587290487,0.0,0.0,0.00194 
 04/06  05:20:00,12.586666666666666,96.66666666666667,6.6033333333333339,0.0,0.0,0.0,0.0,0.0,2.0,2.0,0.0,0.0,0.0,0.0,0.0,988.0,0.0,0.0,0.0,0.0,0.0,0.0,0.0,0.0,0.0,0.0,0.0,18.466355939450346,6.849862194816524,18.47403342839263,-119.63306854750226,18.42263287172353,-166.98723135496949,18.50543927833369,4.218986591317389,16.79471904503529,3.7108159688559967,18.416331087318207,-14.287152928509272,17.59028361459481,-0.2634082959721127,16.457385651040299,-51.60586628615215,17.93357619519841,-28.294400735740397,218.62000225124576,204.20696649473894,0.0,0.0,0.0,0.0,0.0,0.0,0.0,0.0,0.0,0.0,0.0,0.0,0.0,0.0,0.0,0.0,0.0,0.0,0.0,0.0,0.0,0.0,0.0899671908603888,0.027462512472646158,232.21136681755716,272.8679809117043,2709.032886144265,0.0,0.0,128.6995937735214,151.2793266157707,1486.2848944666249,0.0,0.0,194.65601324694669,228.8573816410161,2223.7655089136799,0.015272535467127525,0.0028859666415584886,91.7930441885484,107.8522888222677,1075.9130955367012,0.0,0.0,6.560977375424496,7.752290023666726,55.929714314520968,0.0,0.0,9.666125196061874,11.350976122877699,116.65411327436411,0.0,0.0,54.009786490022467,63.640463406540579,548.1902868723021,0.0,0.0,33.09181215634398,39.16434381780015,251.11353063706299,0.0,0.0,18.597226764595879,21.878039682387024,205.2271044795726,35.02902761070706,24.025396166465759,283.0254860244804,333.20304530965799,3378.037860024314,0.0,0.0,43.57018392390142,51.70619080512263,263.40760590467138,0.0,18.412106491140976,67.21494148281848,22.0,30.0,0.0,18.35446105313786,66.94963003391774,12.0,30.0,0.0,18.291052360373127,67.21424916485936,22.0,30.0,0.0,18.441374722867559,67.15480448485745,12.0,30.0,0.0,16.80239036415447,74.54366681550012,12.0,30.0,0.0,18.601037069661325,66.49756597777238,12.0,30.0,0.0,17.624571394321874,70.4362824299432,10.0,30.0,0.0,16.330913201607947,76.78816571656803,12.0,30.0,0.0,18.074433073846355,68.7880326231407,20.0,30.0,0.0,17.892266845276557,0.0,0.0,0.0,15.543892314654917,0.0,0.0,541.1469389368125,477.7681966626023,479.92303436828277,547.7433008508224,608.6666272348405,955.1332738137928,559.9086775895645,685.4965844170732,846.806762493558,0.0,81.11860587290487,81.11860587290487,60.0,0.0,60.0,60.0,12.0,12.0,12.0,19.0,12.0,12.0,21.0,10.0,0.0,0.0,0.0,0.0,0.0,0.0,0.0,0.0,0.0,0.0,0.0,0.0,0.0,81.11860587290487,81.11860587290487,0.0,0.0,0.0,81.11860587290487,0.0,0.0,0.0019466666666666667 
 04/06  05:30:00,12.614999999999999,96.5,6.595000000000001,0.0,0.0,0.0,0.0,0.0,2.0,2.0,0.0,0.0,0.0,0.0,0.0,988.0,0.0,0.0,0.0,0.0,0.0,0.0,0.0,0.0,0.0,0.0,0.0,18.352224836486238,-100.17274045357772,18.483208295458974,-2.0500368810153306,18.4645785800287,-14.45447947511093,18.44081208367014,-107.1368512267336,16.786247759427284,4.333706916490939,18.401779033342714,-17.402764596456224,17.588781923306425,19.87028368012625,16.4411108371647,-51.69389633309925,17.92939955019297,-30.31585852141029,208.28229706464846,203.19046964702648,0.0,0.0,0.0,0.0,0.0,0.0,0.0,0.0,0.0,0.0,0.0,0.0,0.0,0.0,0.0,0.0,0.0,0.0,0.0,0.0,0.0,0.0,0.10649190984987263,0.03250668798836161,154.34514696599124,181.51897127694986,1727.2786856947192,0.016737098403936308,0.0025545021984029775,53.786874405063738,63.20665196553627,624.1642214828667,0.09403343811035976,0.017768979234761868,185.97593992752216,218.53383575215529,2160.7198936192269,0.0,0.0,124.60403841695234,146.4792849896249,1423.9709724663017,0.0,0.0,7.123180119404618,8.416990109733547,60.20038212465016,0.0,0.0,9.636585870882393,11.317154394662494,115.44640507791765,0.0,0.0,58.9800323567323,69.49072325516633,596.9870619825698,0.0,0.0,33.28092613191424,39.39061033309252,249.57238449211278,0.0,0.0,18.844552664915736,22.169874721648069,206.67879946539663,34.8889678453055,23.929333227232865,229.9903893641879,270.8104017949162,2777.4149175239856,0.0,0.0,43.72500910097566,51.89391808565405,260.54666219474066,0.0,18.197242750624516,67.72054662366246,22.0,30.0,0.0,18.40993646495104,67.09650558234327,12.0,30.0,0.0,18.415829478956068,67.24027177295872,22.0,30.0,0.0,18.321886596417558,67.1839456408944,12.0,30.0,0.0,16.794176591118519,74.50079840115966,12.0,30.0,0.0,18.5848440701563,66.49168957915509,12.0,30.0,0.0,17.6391507536457,70.59010517112864,10.0,30.0,0.0,16.314641525854186,76.86318608528029,12.0,30.0,0.0,18.068798028874736,68.74060300976966,20.0,30.0,0.0,17.85234229831631,0.0,0.0,0.0,15.52909341970583,0.0,0.0,491.3070683758309,525.6902860539879,548.7388783244702,487.0084416497951,603.7627017851021,948.5766461367168,582.4643293219754,688.9017298395561,839.1351111899238,0.0,81.11860587290487,81.11860587290487,60.0,0.0,60.0,60.0,12.0,12.0,12.0,19.0,12.0,12.0,21.0,10.0,0.0,0.0,0.0,0.0,0.0,0.0,0.0,0.0,0.0,0.0,0.0,0.0,0.0,81.11860587290487,81.11860587290487,0.0,0.0,0.0,81.11860587290487,0.0,0.0,0.0019533333333333336 
 04/06  05:40:00,12.64333333333333,96.33333333333334,6.586666666666667,3.499999999999999,0.0,0.0,0.0,0.0,2.0,2.0,0.0,0.0,0.0,0.0,0.0,988.0,0.0,4.956410187352453,1.212922293302843,3.1080704180684766,0.1486190485306633,3.955696268251383,0.0,1.2129222933028426,1.6581567323502653,0.0,0.0,18.411895103686065,7.1208079042680769,18.42643126913854,-115.99633211406399,18.373241970378105,-162.29519994593739,18.460840967646594,3.467692997429367,16.77771567825267,3.505815838664688,18.391265197044456,-14.785919518482729,17.55544716570426,-0.6774794747316264,16.425874736469117,-51.36349431568442,17.926550139143545,-29.646862888110947,210.9232838730386,203.96364113472533,0.0,0.0,0.0,0.0,0.0,0.0,0.0,0.0,0.0,0.0,0.0,0.0,0.0,0.0,0.0,0.0,0.0,0.0,0.0,0.0,0.0,0.0,0.061625482509610838,0.018811197347256057,227.19098398869623,267.0199683592469,2602.077879035636,0.0,0.0,125.64572827060859,147.71405317174848,1425.7400393942722,0.0,0.0,189.5439163901617,222.88264303928868,2127.8381005417775,0.008835242504709957,0.0016695469585619717,88.65026599382637,104.17799478211728,1021.1186221744899,0.0,0.0,6.53375402061813,7.720795160101696,54.73220357165407,0.0,0.0,9.752182285715819,11.453404322599841,116.07329385556457,0.0,0.0,53.56475878203931,63.125547692574198,533.5800479261623,0.0,0.0,33.0805786251103,39.156387791623888,245.1859425388215,0.0,0.0,19.272041899932228,22.673300616586699,210.1369397289669,34.75675221684923,23.838650354491937,275.13430503977187,323.96082235229536,3232.226639700215,0.0,0.0,43.43602034859103,51.5529715751014,255.38087076864438,0.0,18.361999097704474,67.3784372649519,22.0,30.0,0.0,18.30966657902326,67.13245906860876,12.0,30.0,0.0,18.247918955813089,67.3900064184115,22.0,30.0,0.0,18.396246519618694,67.29459396950786,12.0,30.0,0.0,16.785335976003279,74.53187451573676,12.0,30.0,0.0,18.57405926655014,66.53161141883538,12.0,30.0,0.0,17.58662035324786,70.55980353695017,10.0,30.0,0.0,16.29951226965218,76.84807349683399,12.0,30.0,0.0,18.065168429356495,68.7345816176395,20.0,30.0,0.0,17.853017827409848,0.0,0.0,0.0,15.518064206236743,0.0,0.0,537.9949201748863,474.3706285782694,476.5579989205201,544.8216902374845,605.6620752742674,946.9612513004561,557.0737062715703,683.8601692080181,835.3063890496696,0.0,81.11860587290487,81.11860587290487,60.0,0.0,60.0,60.0,12.0,12.0,12.0,19.0,12.0,12.0,21.0,10.0,0.0,0.0,0.0,0.0,0.0,0.0,0.0,0.0,0.0,0.0,0.0,0.0,0.0,81.11860587290487,81.11860587290487,0.0,0.0,0.0,81.11860587290487,0.0,0.0,0.00196 
 04/06  05:50:00,12.671666666666667,96.16666666666666,6.578333333333333,6.999999999999998,0.0,0.0,0.0,0.0,2.0,2.0,0.0,0.0,0.0,0.0,0.0,988.0,0.0,9.952706413334246,2.4356054142241345,6.2411524078635909,0.29843405893084698,7.943225141546889,0.0,2.435605414224133,3.3296572560696937,0.0,0.0,18.303091477784226,-95.43376168730356,18.437663224349927,-2.4475338976133118,18.414163247573513,-14.177434725032072,18.399860484756407,-105.56508626348114,16.769944582010568,4.070570370136295,18.37981839188084,-17.731665172211764,17.553115251475086,18.209183153346204,16.411098997730027,-51.37696510297906,17.923079522911914,-31.532995447891609,199.7977450260405,202.72360094910324,0.0,0.0,0.0,0.0,0.0,0.0,0.0,0.0,0.0,0.0,0.0,0.0,0.0,0.0,0.0,0.0,0.0,0.0,0.0,0.0,0.0,0.0,0.0786376092406525,0.024004154224863403,147.53611325999064,173.53693453912724,1622.6870578595927,0.010584568489641729,0.0016154713812029502,50.3124332674737,59.13415312656179,573.6035605100906,0.06393926915937084,0.012082250408044383,181.79753498366262,213.66277938685958,2074.515109604924,0.0,0.0,123.28351013800567,144.94929022520476,1384.9706110335347,0.0,0.0,7.062580682535496,8.346066186455499,58.65689761837458,0.0,0.0,9.72821165970619,11.426017287069952,114.97089914657556,0.0,0.0,58.21300191491865,68.59791994338008,578.0507341818864,0.0,0.0,33.254516784931,39.36450161101206,243.5913070021749,0.0,0.0,19.530043638425555,22.97765946361678,211.64090615940328,34.61589171934134,23.742038216283509,221.7697863069592,261.1710140138988,2638.222283550188,0.0,0.0,43.574930104208998,51.72083767289473,252.82261186113579,0.0,18.15793058420368,67.87150266241832,22.0,30.0,0.0,18.36452946703013,67.23938437880011,12.0,30.0,0.0,18.368924497680557,67.38834383313685,22.0,30.0,0.0,18.280804684657509,67.3425736151131,12.0,30.0,0.0,16.77799972394065,74.49605402202757,12.0,30.0,0.0,18.560089123681487,66.52549478388359,12.0,30.0,0.0,17.59942864985946,70.70673397677246,10.0,30.0,0.0,16.28461107476387,76.92080725915682,12.0,30.0,0.0,18.059922268729627,68.69685668044153,20.0,30.0,0.0,17.810680469345355,0.0,0.0,0.0,15.50796329308235,0.0,0.0,487.91867467599919,521.0036231725557,545.8723777538492,483.42996029905978,600.9002418114826,940.6492348980454,580.2053683417913,687.4255571561002,828.3341254638855,0.0,81.11860587290487,81.11860587290487,60.0,0.0,60.0,60.0,12.0,12.0,12.0,19.0,12.0,12.0,21.0,10.0,0.0,0.0,0.0,0.0,0.0,0.0,0.0,0.0,0.0,0.0,0.0,0.0,0.0,81.11860587290487,81.11860587290487,0.0,0.0,0.0,81.11860587290487,0.0,0.0,0.0019633333333333336 
 04/06  06:00:00,12.7,96.0,6.57,10.5,0.0,0.0,0.0,0.0,2.0,2.0,0.0,0.0,0.0,0.0,0.0,988.0,0.0,14.958322083937498,3.6605691700636999,9.380078396351282,0.44852850797160218,11.938191760230504,0.0,3.660569170063698,5.004275580628178,0.0,0.0,18.359347290944457,7.5717187353557169,18.38389232117136,-113.7760305730917,18.326013945775928,-157.72793405397898,18.42049304600124,2.4805962915979764,16.76144019049039,3.331774104689174,18.371383495987336,-15.323690894399988,17.52117855485129,-0.9490565502751451,16.39722674495925,-50.83001790300386,17.920447224837888,-31.004496853695856,203.53610135207965,202.81547072244235,0.0,0.0,0.0,0.0,0.0,0.0,0.0,0.0,0.0,0.0,0.0,0.0,0.0,0.0,0.0,0.0,0.0,0.0,0.0,0.0,0.0,0.0,0.029668065058941038,0.009056185915427668,222.56231403026667,261.62812417835678,2502.643628009457,0.0,0.0,123.22257078839898,144.88761200369445,1374.211778810321,0.0,0.0,183.66458604914863,216.00220478397953,2026.138352500305,0.0,0.0,84.97542525542169,99.87595272535009,962.0742996863795,0.0,0.0,6.502941724921237,7.685010570694305,53.52252863984197,0.0,0.0,9.84515269210209,11.563780502286301,115.62479063688314,0.0,0.0,53.09552505009962,62.58163926712775,519.003956462424,0.0,0.0,33.042502846555638,39.116115088658208,239.2685916815517,0.0,0.0,19.93198065209375,23.45102084841815,214.73107667069383,34.48685800788299,23.653537728314814,267.1029749529849,314.54947373527576,3088.7743643885175,0.0,0.0,43.27505234874382,51.365818376716877,248.19303588687985,0.0,18.31427189791779,67.53078109653096,22.0,30.0,0.0,18.268037989283088,67.30322841160967,12.0,30.0,0.0,18.206659195402187,67.56000868843297,22.0,30.0,0.0,18.3543127803026,67.42088096449879,12.0,30.0,0.0,16.769012376083994,74.5322632449566,12.0,30.0,0.0,18.55123019261828,66.56115238116432,12.0,30.0,0.0,17.549678014623198,70.68610145240209,10.0,30.0,0.0,16.271178193183919,76.90964089282127,12.0,30.0,0.0,18.056472799858228,68.69680737819198,20.0,30.0,0.0,17.814899935559834,0.0,0.0,0.0,15.50319187985475,0.0,0.0,534.2309184619232,471.35725097709777,473.69679203434989,541.4465303629305,602.9724467626577,939.4103939154938,554.6969967558395,682.6941135562956,825.2907898878037,0.0,81.11860587290487,81.11860587290487,60.0,0.0,60.0,60.0,12.0,12.0,12.0,19.0,12.0,12.0,21.0,10.0,0.0,0.0,0.0,0.0,0.0,0.0,0.0,0.0,0.0,0.0,0.0,0.0,0.0,81.11860587290487,81.11860587290487,0.0,0.0,0.0,81.11860587290487,0.0,0.0,0.0019666666666666666 
 04/06  06:10:00,12.738333333333334,95.83333333333333,6.628333333333334,14.000000000000002,0.0,0.0,0.0,0.0,2.0,2.0,0.0,0.0,0.0,0.0,0.0,9890.0,0.0,19.972175225389927,4.887548782471976,12.524169903904552,0.5988699532389934,15.939732613035016,0.0,4.887548782471973,6.6816497339477609,0.0,0.0,19.511850861215579,-847.2107678828656,18.58651101121588,816.1330295128529,19.810184859185914,-2320.188462901231,18.71399410260164,900.9217996765177,16.758435203464548,11.272677923747107,19.04344300671507,-69.72653716098654,17.61631736760038,196.2743013368962,16.38659420072771,-49.23886309757843,18.870609274304824,-147.48123730593276,395.44978561062188,326.76485645790435,0.0,0.0,0.0,0.0,0.0,0.0,0.0,0.0,0.0,0.0,0.0,0.0,0.0,0.0,0.0,0.0,0.0,0.0,0.0,0.0,0.0,0.0,0.09526703662045089,0.029080292008684645,396.4478371807834,465.58790584282249,5890.1654008621439,0.18342705265035592,0.027995581906342483,337.93605970255518,398.7221019155196,4088.50924762676,0.002609794965216965,0.0004931585346214977,514.668799385806,603.6161170489539,8055.257051892532,0.14728252566485518,0.027831165091620398,347.8011910694918,410.11408512236678,4377.674146202772,0.0,0.0,10.746086987379407,12.774133054704113,87.59564592887074,0.0,0.0,16.37948039593817,19.27364056782948,228.03998867522786,0.0,0.0,77.99301773309358,92.40117280926613,790.7158619467236,0.0,0.0,39.44053977345048,46.978155574668488,281.6779937337391,0.0,0.0,34.82017363572243,40.98531276234261,480.15598921233745,35.8022865572363,24.555752096869897,684.2417359845165,808.3062677654291,8259.158561203245,0.0,0.0,50.65176594616981,60.45925801736227,302.75149053367479,1975.601730458792,20.036824397489516,60.48065790737292,21.999999999999998,30.0,0.0,18.703187968848398,65.64693342517384,15.999999999999999,30.0,4424.019282761285,20.431082838027974,59.028278469899259,21.999999999999998,30.0,0.0,18.946479591653817,64.71362278035767,15.999999999999999,30.0,0.0,16.77111850353331,74.47405440940467,12.0,30.0,1056.3689201093096,19.636896047281615,62.19395000571848,19.7,30.0,0.0,17.757257356283348,69.77054261235716,10.0,30.0,0.0,16.26348364232303,76.9327386839865,15.999999999999999,30.0,1510.4848115584926,19.550006207284754,62.558637147833497,19.599999999999999,30.0,0.0,18.397663446793027,0.0,0.0,0.0,15.658099051213064,0.0,0.0,497.14751955360449,496.8339588415374,494.886760435377,499.7430463329441,597.7564738073095,909.3429336355665,547.373337283732,689.9272570057301,795.6017567929339,11393.473246207846,80.47083305504181,85.92824664283592,60.0,0.0,60.0,60.0,16.0,16.0,19.0,19.0,16.0,12.0,21.0,10.0,1.0,0.0,1975.601730458792,0.0,4424.019282761285,0.0,1056.3689201093096,0.0,0.0,1510.4848115584926,8257.93616612427,4954761.69967456,6453212.775938961,80.47083305504181,86.02093164292642,0.3772645388708089,0.7670921243955649,0.3602813740196596,86.02093164292642,0.3542647819438876,6453212.775938961,0.33753706434882599 
 04/06  06:20:00,12.776666666666668,95.66666666666666,6.686666666666667,17.5,0.0,0.0,0.0,0.0,2.0,2.0,0.0,0.0,0.0,0.0,0.0,2967.0,0.0,24.995389098955905,6.116819133586894,15.674131300539758,0.7494920751306698,19.948744162317145,0.0,6.1168191335868908,8.362155500751113,0.0,0.0,20.264808162693286,-1406.4324537574972,19.192319069117745,793.2240309929368,20.659038918033486,-3427.2761995442,19.473179724515,743.2229499283183,16.764533396543258,18.187318701027185,19.03440692537324,-57.38337073077061,17.958798936704797,261.79864579749218,16.378046527539934,-46.46691447174535,18.75906068290559,-110.82757453653869,572.733121706625,333.79779912934068,0.0,0.0,0.0,0.0,0.0,0.0,0.0,0.0,0.0,0.0,0.0,0.0,0.0,0.0,0.0,0.0,0.0,0.0,0.0,0.0,0.0,0.0,0.2772370877350193,0.08462670565782027,463.88368010600797,542.4412850595386,7784.176202391036,0.23880403911818938,0.036447502917916558,402.072853893833,472.578295599704,5581.273331309495,0.0,0.0,574.2984936905291,670.6860092661611,10133.528396606407,0.17729725990386795,0.033502883579718038,383.6410589798708,450.3150211931861,5662.403212488583,0.0,0.0,11.874640314083596,14.09871450222016,96.29216334837393,0.0,0.0,16.80640793338377,19.76913484416886,228.12974733948455,0.0,0.0,93.31050768389031,110.16929148236923,1045.4921445022406,0.0,0.0,43.648946721236658,51.91370805846557,308.0106717733165,0.0,0.0,30.978827694369856,36.48313112167549,406.55436647849037,36.8488495946808,25.273559392785189,777.3305997011996,915.7088650344377,10280.569065077761,0.0,0.0,55.65849704054592,66.31156522086671,339.60015463482247,1907.6734664337719,21.234953449119595,56.116638907051378,21.999999999999994,29.99999999999999,0.0,19.73624746417755,61.56386700427774,15.999999999999993,29.99999999999999,4213.41779848225,21.71231793033884,54.497706186778277,21.999999999999994,29.99999999999999,0.0,20.201685016815394,59.80813841431107,15.999999999999993,29.99999999999999,0.0,16.788106636844089,74.3003438558761,11.999999999999995,29.99999999999999,0.0,19.568274008993354,62.40140487339252,18.999999999999994,29.99999999999999,0.0,18.343786152660436,67.20916339242838,9.999999999999997,29.99999999999999,0.0,16.258350138214376,76.90534606058323,15.999999999999993,29.99999999999999,0.0,19.324565726526378,63.343144443875107,18.999999999999994,29.99999999999999,0.0,19.11027443128235,0.0,0.0,0.0,15.765525411891911,0.0,0.0,497.046437743635,502.34530198385678,496.3773014482865,497.73159373980197,587.8535341404945,842.9009914141186,542.5444360979974,697.6554019369886,754.3514170953351,8957.79257043977,82.08191393171322,82.08191393171323,59.99999999999998,0.0,59.99999999999998,59.99999999999998,16.0,16.0,19.0,19.0,16.0,12.0,21.0,10.0,1.0,0.0,1907.6734664337719,0.0,4213.41779848225,0.0,0.0,0.0,0.0,0.0,0.0,0.0,0.0,82.08191393171322,82.08191393171322,0.3399999999999999,0.7707733764848799,0.36028137401965945,82.08191393171322,0.35426478194388735,0.0,0.001953333333333334 
 04/06  06:30:00,12.815,95.5,6.745,21.0,0.0,0.0,0.0,0.0,2.0,2.0,0.0,0.0,0.0,0.0,0.0,1978.0,0.0,30.028809241866449,7.34858714150412,18.83049280223792,0.9004202266353544,23.96590122196291,0.0,7.348587141504116,10.046075753762459,0.0,0.0,20.388110215636688,-1546.339091110005,19.60323912329701,676.3961625581324,20.025866209456355,-592.8012647443957,19.716842703549604,207.45582699126636,16.776712857274459,23.486500282437249,18.86950877051636,-28.835175273468168,18.259228342371814,282.63301906646509,16.372946454304029,-45.73559262731601,18.57839478136299,-68.24180322626654,704.7090777006724,352.92011558156119,0.0,0.0,0.0,0.0,0.0,0.0,0.0,0.0,0.0,0.0,0.0,0.0,0.0,0.0,0.0,0.0,0.0,0.0,0.0,0.0,0.0,0.0,0.39781117331214868,0.12143198208551548,556.2550061524787,649.5653861064189,9225.800515382747,0.20405866919679672,0.03114448553064663,357.54553720649747,419.1092873270319,5369.236111510192,0.3697586752477183,0.06987125382609949,530.7221754293075,621.6037212433239,8169.716855575334,0.14426399099372698,0.02726076927319103,298.00691351302165,349.27665673410908,4587.395577903101,0.0,0.0,11.72259171642768,13.903791604331897,94.72758614652099,0.0,0.0,14.893335981268642,17.51761421032848,192.6551524107627,0.0,0.0,104.80381019185927,123.408196538214,1267.4512145427839,0.0,0.0,48.03647153309372,57.06832147165539,335.0128833643586,0.0,0.0,21.857861982984603,25.744792798673829,271.1977703802417,37.42957533733984,25.671862371289337,782.1676866279836,918.6428581519413,11145.444681373463,0.0,0.0,60.70810280581106,72.2319539096896,373.03488001602616,1794.8408018270657,21.232361945407079,56.137049394095047,22.0,30.0,0.0,20.378041461042476,59.157402864361177,16.0,30.0,530.8893606828273,20.599469156636944,58.37000680148952,21.0,30.0,0.0,20.47503106236726,58.81131542752213,16.0,30.0,0.0,16.812417711675928,74.12467518678162,12.0,30.0,0.0,19.27828430843888,63.496365864705747,19.0,30.0,0.0,18.8460488263188,65.11615042569349,10.0,30.0,0.0,16.25513262770717,76.84170678523305,16.0,30.0,77.3408468706806,19.00901681512243,64.5727269981933,19.0,30.0,0.0,19.650808616224269,0.0,0.0,0.0,15.824617872364329,0.0,0.0,498.35896984199669,504.73929522400626,500.4683229758809,502.18682008508838,581.533468539899,822.280310428692,543.4714709112088,667.5324527555595,764.1233398311558,7634.626112692928,82.95642431423654,82.95642431423654,60.0,0.0,60.0,60.0,16.0,16.0,19.0,19.0,16.0,12.0,21.0,10.0,1.0,0.0,1794.8408018270657,0.0,530.8893606828273,0.0,0.0,0.0,0.0,77.3408468706806,0.0,0.0,0.0,82.95642431423654,82.95642431423654,0.34,0.7677581779077978,0.36028137401965956,82.95642431423654,0.3542647819438875,0.0,0.0019366666666666667 
 04/06  06:40:00,12.853333333333332,95.33333333333333,6.803333333333334,25.0,0.0,0.0,0.0,0.0,2.0,2.0,0.0,0.0,0.0,0.0,0.0,3956.0,0.0,35.79914072041398,8.760690544070985,22.448957218626054,1.0734448049294439,28.57118479824274,0.0,8.760690544070979,11.976528163343439,0.0,0.0,20.45793848768127,-1011.3647463849411,19.742459424368336,575.6475219662694,20.821104335131428,-1410.5296536309014,19.790149104725339,686.4710728588163,16.789376119474473,29.08996664813261,18.782279725637684,-23.828472206109529,18.37725233291632,227.06478291743765,16.376002390386906,-33.07252433325068,19.5748588231665,-159.13820184965807,732.0667542153171,462.29912351680727,0.0,0.0,0.0,0.0,0.0,0.0,0.0,0.0,0.0,0.0,0.0,0.0,0.0,0.0,0.0,0.0,0.0,0.0,0.0,0.0,0.0,0.0,0.5040679156071417,0.15386688510596514,438.13882200911226,512.4155625195434,7414.046295849936,0.19029943627743127,0.02904448050632346,306.95953798591548,359.9273044737005,4682.634505790977,0.27395573853517315,0.05176790221753088,389.75317437731737,455.4792041096999,6859.706194456743,0.17284962110750516,0.03266243785100248,293.3839585602939,343.88752383539738,4569.254396885744,0.0,0.0,11.740088052215706,13.94373228355892,94.45621428314624,0.0,0.0,15.879121238207734,18.705922134941468,199.26349363900153,0.0,0.0,102.87906610094359,121.31006254433545,1265.4581738808327,0.0,0.0,53.023222089046978,63.103946823156508,366.6694749195141,0.0,0.0,30.704343932557003,35.98584266286352,466.3957731285806,37.85882802039869,25.966274362413388,607.8489056824071,714.5579838250953,8981.071477959249,0.0,0.0,67.79431494882897,80.74820749835533,438.3625972209774,1406.657546892833,21.436309399163809,55.449795458498289,21.750000000000008,30.00000000000001,0.0,20.516886987392419,58.656328056262058,16.000000000000008,30.00000000000001,1965.8988826029973,21.69014740463259,54.608154432608717,21.500000000000008,30.00000000000001,0.0,20.602478761945606,58.35501929564675,16.000000000000008,30.00000000000001,0.0,16.833636139413494,73.98839752018088,12.000000000000004,30.00000000000001,0.0,19.1295869751112,64.05677465922666,19.000000000000008,30.00000000000001,0.0,18.99489068637643,64.49963461264722,10.000000000000004,30.00000000000001,0.0,16.264786183046895,76.71468776492584,16.000000000000008,30.00000000000001,1418.950380452165,20.42172158666055,59.136723587422618,19.750000000000008,30.00000000000001,0.0,19.835656662418637,0.0,0.0,0.0,16.02155556515258,0.0,0.0,504.6125480196175,510.21110530639455,504.7337386648323,506.6340134331034,573.7741280210134,819.421598386823,537.8165039885495,614.878559660904,759.3596143088699,9853.077438077526,81.4896722813456,85.28874101857477,60.00000000000002,0.0,60.00000000000002,60.00000000000002,16.0,16.0,19.0,19.0,16.0,12.0,21.0,10.0,1.0,0.0,1406.657546892833,0.0,1965.8988826029973,0.0,0.0,0.0,0.0,1418.950380452165,5748.902303275555,3449341.3819653305,4497246.110863659,81.4896722813456,85.35326181777558,0.36163007677585187,0.7671154699330637,0.36028137401965967,85.35326181777558,0.35426478194388769,4497246.110863659,0.23577679776491027 
 04/06  06:50:00,12.891666666666666,95.16666666666667,6.861666666666666,29.0,0.0,0.0,0.0,0.0,2.0,2.0,0.0,0.0,0.0,0.0,0.0,3956.0,0.0,41.58245890407455,10.175972025842901,26.075565284210478,1.246858782739244,33.1868329198345,0.0,10.175972025842896,13.911325248143019,0.0,0.0,20.629441487644429,-1162.906288421462,19.87675267881538,458.423011737809,20.74912407471842,-837.5957704253583,19.88815121790116,367.68709799600767,16.806283265327389,30.025186272222756,19.146143172396795,-31.026757467546305,18.47005682944587,211.75903075408076,16.399822937899118,-19.3655753250369,19.243865492409243,-117.4806834829291,703.1080810425515,441.53984983957687,0.0,0.0,0.0,0.0,0.0,0.0,0.0,0.0,0.0,0.0,0.0,0.0,0.0,0.0,0.0,0.0,0.0,0.0,0.0,0.0,0.0,0.0,0.43724101208898016,0.1334679524081136,429.2329382001209,502.4288914877993,7200.178240024725,0.16092300709414457,0.024560898518642336,265.1174822132648,310.89046232689466,4107.845580839223,0.37783803290625847,0.07139796540178734,333.38638729724996,389.1364103624361,5764.957388664694,0.16619444879039606,0.03140484671020333,260.3748320200449,305.0977802964094,4013.377286363155,0.0,0.0,11.501732835057272,13.66400494861565,92.23167762842678,0.0,0.0,14.755985702965864,17.376748336555804,193.98416657478189,0.0,0.0,103.83080950149466,122.40102339233666,1294.26005405814,0.0,0.0,53.48667032321759,63.657488099789237,370.5211015461222,0.0,0.0,28.098956427082347,33.0273366836629,396.34485737876676,37.99961254690986,26.06283439431404,518.9740958040306,610.0405963462962,7708.452441962177,0.0,0.0,68.5690695501423,81.66691823336503,449.5977890158441,1828.7880838954553,21.499946838498177,55.235167316553347,22.0,30.0,0.0,20.67806322568697,58.07790510571193,16.0,30.0,1759.4264240633459,21.515912774458273,55.19226317531729,21.5,30.0,0.0,20.6262020702103,58.26542566390248,16.0,30.0,0.0,16.85979286579236,73.83010829783697,12.0,30.0,875.4705108677354,19.49070699089027,62.63410217109097,19.25,30.0,0.0,19.117051223264796,63.99771386352249,10.0,30.0,0.0,16.310066212594295,76.45415639328161,16.0,30.0,0.0,19.96093420089952,60.86799379293431,19.0,30.0,0.0,19.82058623965471,0.0,0.0,0.0,16.110072214156614,0.0,0.0,507.2766356832192,514.4858321469255,510.17183060678908,512.7399117833368,566.1806246324094,804.1099525468286,534.7008027709408,607.8344705217437,728.6518949355364,8789.74818052524,82.19300069241332,82.19300069241332,60.0,0.0,60.0,60.0,16.0,16.0,19.0,19.0,16.0,12.0,21.0,10.0,1.0,0.0,1828.7880838954553,0.0,1759.4264240633459,0.0,875.4705108677354,0.0,0.0,0.0,0.0,0.0,0.0,82.19300069241332,82.19300069241332,0.34,0.7704730147773515,0.36028137401965956,82.19300069241332,0.3542647819438875,0.0,0.00192 
 04/06  07:00:00,12.93,95.0,6.92,33.0,0.0,0.0,0.0,0.0,2.0,2.0,0.0,0.0,0.0,0.0,0.0,3956.0,0.0,47.37888557972186,11.594461390247874,29.71039336859901,1.4206658117800464,37.81294278349135,0.0,11.594461390247869,15.85050775170682,0.0,0.0,20.621899041306148,-798.1138718231091,19.85409225877528,358.13923579785958,20.74569732441465,-542.3225210697178,19.92043448812224,216.38690098554265,16.819212203477073,28.58265528861459,19.366663738831993,-27.986093460076164,18.476666658468326,181.19205570038435,16.418113096237357,-24.01920405149565,18.98103173821861,-76.12718596242832,713.9697437710051,412.4546329754943,0.0,0.0,0.0,0.0,0.0,0.0,0.0,0.0,0.0,0.0,0.0,0.0,0.0,0.0,0.0,0.0,0.0,0.0,0.0,0.0,0.0,0.0,0.500561578850116,0.15279657474057269,383.2940529934565,448.47667576866629,6328.084913088029,0.14935442987038426,0.02279524265421005,233.22921195386327,273.4565491547968,3538.304717713618,0.3812184681816708,0.07203674757779118,320.8075222558223,375.5694104212471,5344.6773811624129,0.13378611134958189,0.025280822250487876,194.12229204623675,227.51686286754492,2970.702588294779,0.0,0.0,11.000507961467257,13.066449774303696,87.73973678453683,0.0,0.0,12.48876584080309,14.675967593676802,175.87032551156154,0.0,0.0,101.13888058256429,119.23930272744562,1243.4701903249002,0.0,0.0,52.31329513585554,62.26019352513969,361.3525363309235,0.0,0.0,19.598185065628635,23.063382810616554,257.0781546965374,38.17294373201171,26.181717237319427,469.363174557477,551.7945508710493,7062.867267343224,0.0,0.0,65.63009771614159,78.17267670581669,424.1311455237095,964.0590740265278,21.26152904608152,56.04496942189657,21.5,30.0,0.0,20.56315350113241,58.496620560673928,16.0,30.0,975.0707617786742,21.44821275089266,55.42073778832091,21.25,30.0,0.0,20.61388701567715,58.31523012808714,16.0,30.0,0.0,16.87674842198643,73.72888387537138,12.0,30.0,0.0,19.99190446458018,60.7396449710123,19.0,30.0,0.0,19.06937356482356,64.18925411090322,10.0,30.0,0.0,16.338963375303658,76.29354803007651,16.0,30.0,0.0,19.50278484240764,62.61705136552258,19.0,30.0,0.0,19.922014471264114,0.0,0.0,0.0,16.101664256822663,0.0,0.0,511.5224326498511,517.2393913124872,512.9995624171768,517.7541051604003,559.7428308391885,814.1658119722686,533.8523459292255,585.1926246597117,735.6533500604978,10039.986769920095,81.36625643739504,84.81595989204415,60.0,0.0,60.0,60.0,16.0,16.0,19.0,19.0,16.0,12.0,21.0,10.0,1.0,0.0,964.0590740265278,0.0,975.0707617786742,0.0,0.0,0.0,0.0,0.0,5220.761157329815,3132456.694397889,4083447.0413094398,81.36625643739504,84.87454730893362,0.34402537191099388,0.7693966410765319,0.36028137401965956,84.87454730893362,0.3542647819438875,4083447.0413094398,0.21425924614809087 
 04/06  07:10:00,12.956666666666667,95.0,6.958333333333333,37.0,0.0,0.0,0.0,0.0,2.0,2.0,0.0,0.0,0.0,0.0,0.0,8901.0,0.0,53.188514084136027,13.016181478466736,33.35350000103273,1.5948686907060635,42.449588880262279,0.0,13.016181478466729,17.79410689966074,0.0,0.0,20.826832776222355,-1417.690453200601,19.910823366569717,506.45673238168896,20.811532192681633,-636.19142939216,19.919954019261988,370.4765406322199,16.82993646243343,29.075248073989365,19.194253473997266,-20.08709012467439,18.564865437172985,295.8006863628518,17.449772493834375,-124.44830015271973,18.825299637346697,-49.464394184395839,715.6287258420933,342.23000456603566,0.0,0.0,0.0,0.0,0.0,0.0,0.0,0.0,0.0,0.0,0.0,0.0,0.0,0.0,0.0,0.0,0.0,0.0,0.0,0.0,0.0,0.0,0.43112092221339795,0.13159979310543283,435.80538508644556,509.75396909436389,7484.762414795799,0.16433097595955313,0.025081040286867079,286.94560017387746,336.87703219681739,4373.480126655354,0.38317708376492917,0.07240685634257922,292.5456754499344,342.561105034033,4913.712454265302,0.16485458521672559,0.03115166009386347,269.4173279762068,316.3549566593334,4088.235056577828,0.0,0.0,11.183093068908848,13.297499505820982,88.8546624698363,0.0,0.0,13.295752226017179,15.655863833560403,179.0634248171206,0.0,0.0,95.43630936218365,112.60468447331744,1193.7876159889184,0.0,0.0,37.07969913935219,44.00499865256142,356.3675698857483,0.0,0.0,15.794490113407014,18.63242539466937,198.5569267823735,38.35216574288061,26.304640427215785,550.1624937275954,647.4129410164698,8178.743341130965,0.0,0.0,53.80754055173229,64.19257464685772,338.0876226576797,1821.1045247861874,21.63640809679662,54.78656223586153,21.999999999999994,29.999999999999994,0.0,20.632275359554279,58.28273781334336,15.999999999999997,29.999999999999994,922.6579800209897,21.364021374251107,55.71766374782596,21.222222222222219,29.999999999999994,0.0,20.593365673550385,58.42440431706948,15.999999999999997,29.999999999999994,0.0,16.889113775678003,73.65841907424914,11.999999999999997,29.999999999999994,0.0,19.700572612615987,63.22630445564162,18.999999999999998,29.999999999999994,0.0,19.216365003863506,63.612835579453939,9.999999999999999,29.999999999999994,1335.9552324653797,17.911515864202316,69.13393318035783,20.7,29.999999999999994,0.0,19.236846487860846,64.8308705325264,18.999999999999998,29.999999999999994,0.0,19.94733244882227,0.0,0.0,0.0,16.036059659420098,0.0,0.0,513.1305220274727,519.5145979206822,514.061660770587,520.2701433475447,553.3834300821161,848.6734787028378,526.5762800664961,574.102462491464,771.9652490895109,9739.261157402305,81.56512863756358,83.10618588035716,59.999999999999989,0.0,59.999999999999989,59.999999999999989,16.0,16.0,19.0,19.0,19.7,12.0,21.0,10.0,1.0,0.0,1821.1045247861874,0.0,922.6579800209897,0.0,0.0,0.0,1335.9552324653797,0.0,2332.2153428779708,1399329.2057267826,1824634.3937173535,81.56512863756358,83.13235814829875,0.3421849558737101,0.769018063533412,0.36028137401965945,83.13235814829875,0.3542647819438875,1824634.3937173535,0.09680098847330239 
 04/06  07:20:00,12.983333333333335,95.0,6.996666666666668,41.0,0.0,0.0,0.0,0.0,2.0,2.0,0.0,0.0,0.0,0.0,0.0,5934.0,0.0,59.023116560462167,14.44401314465016,37.01226720822495,1.7698204010318284,47.1061664270236,0.0,14.444013144650154,19.746061038039998,0.0,0.0,20.930433805323156,-1541.9164654069528,20.000447044562656,497.0575753196879,20.706382006691436,-300.29802716392546,19.96689428914462,314.6069931450447,16.84176319268255,29.454935356266814,19.07630870948808,-13.101272634923668,18.755582213225077,313.7293065720038,18.691280965204905,-70.67272153298109,19.02175807568839,-127.46544471150267,716.3321824567964,292.86298670201566,0.0,0.0,0.0,0.0,0.0,0.0,0.0,0.0,0.0,0.0,0.0,0.0,0.0,0.0,0.0,0.0,0.0,0.0,0.0,0.0,0.0,0.0,0.40492753681810175,0.12360425421797983,457.18455674898436,534.3948525101522,7886.255012741196,0.15526379709434619,0.023697160728685327,283.37066673258416,332.4704238236754,4362.686728466068,0.4258230329947627,0.08046542573597185,265.2133681644553,310.7418167776347,4345.206027383242,0.16590156917981054,0.03134950286844492,261.3951626224259,306.86062247003727,3970.915948677676,0.0,0.0,10.919808477001347,12.97870974372735,86.4831937289611,0.0,0.0,13.155394068512678,15.49133334520327,171.06016581518913,0.0,0.0,81.32658858917897,95.82116240593004,1060.8681577363937,0.0,0.0,17.0865919058336,20.111025783029093,237.0554759043311,0.0,0.0,21.72013223785475,25.58293750010009,274.3057383222303,38.50544603099871,26.409770940328348,538.4798002751204,633.4265767884945,8049.4736013581809,0.0,0.0,41.11991956086778,49.055543471980609,251.2881125918176,1809.5667656990389,21.70153227819656,54.62290439499163,22.000000000000008,30.000000000000008,0.0,20.739674065650499,57.97959551779904,16.0,30.000000000000008,0.0,21.2184762904739,56.2598854706851,21.000000000000008,30.000000000000008,0.0,20.628168317039525,58.37994982683831,16.0,30.000000000000008,0.0,16.902965893282368,73.60149600159478,12.000000000000002,30.000000000000008,0.0,19.488769696543437,66.02446722169074,19.000000000000005,30.000000000000008,0.0,19.5167847545617,62.56560325860224,10.000000000000002,30.000000000000008,1218.1806937186696,20.03802725371633,60.60616325317746,20.700000000000004,30.000000000000008,792.33121187212,19.305191747241623,65.94239543558069,19.333333333333337,30.000000000000008,0.0,20.003286034602213,0.0,0.0,0.0,15.973677250947736,0.0,0.0,515.4813164735564,522.9898369763952,515.793255138134,523.6362095587859,545.1332184832112,900.6807530691294,528.5815736781741,569.3091839072731,801.7101870679372,9190.456082887358,81.92806018076735,81.92806018076735,60.000000000000017,0.0,60.000000000000017,60.000000000000017,16.0,16.0,19.0,19.0,19.7,12.0,21.0,10.0,1.0,0.0,1809.5667656990389,0.0,0.0,0.0,0.0,0.0,1218.1806937186696,792.33121187212,0.0,0.0,0.0,81.92806018076735,81.92806018076735,0.3400000000000001,0.7708051029809178,0.36028137401965967,81.92806018076735,0.35426478194388757,0.0,0.0019133333333333336 
 04/06  07:30:00,13.01,95.0,7.035,45.0,0.0,0.0,0.0,0.0,2.0,2.0,0.0,0.0,0.0,0.0,0.0,989.0,0.0,64.85841265600992,15.872014551872996,40.671469367282757,1.9447929091647838,51.76329754359262,0.0,15.872014551872989,21.698247225289003,0.0,0.0,20.963559212397855,-1650.330492345467,20.031712793458686,406.18880918951438,20.395192221987089,87.53501384854462,19.897724900849228,240.61178671775634,16.85774832311688,30.944882133445277,18.97202015317186,-13.21792831514199,18.87002400459788,266.5962280241238,19.144977871431544,-40.116776677810097,19.33723018266935,-33.42139440773087,687.4489394373522,171.58921273860586,0.0,0.0,0.0,0.0,0.0,0.0,0.0,0.0,0.0,0.0,0.0,0.0,0.0,0.0,0.0,0.0,0.0,0.0,0.0,0.0,0.0,0.0,0.3499990049773966,0.10683730310665343,478.00994512990448,555.6154941874822,8187.465359535491,0.1248476850304947,0.019054896982676238,252.59468190649339,294.5181291625717,3877.498749821314,0.47682891710306998,0.09010372583202384,219.80360354575738,256.0550894374865,3494.1564521668344,0.15449951827257939,0.029194920308499497,223.88630882977413,261.3009654927821,3313.958591056552,0.0,0.0,11.259555657740123,13.301208336935197,89.1284976131001,0.0,0.0,12.86061511083399,15.052103344109538,161.90098246736424,0.0,0.0,68.18218131203041,79.78998518215107,907.3676063703395,0.0,0.0,18.846185977867135,21.973041939220566,289.7028468080961,0.0,0.0,13.368575903898023,15.611127659387695,186.92389074073848,38.47080648978596,26.38601268160903,469.57231507379927,549.0196673311506,6990.901425733132,0.0,0.0,18.763161902551255,22.251925681026127,106.77316481755787,1916.470712940111,21.655500178898899,54.84871586029383,22.0,30.0,0.0,20.735570180086584,58.09853791485453,16.0,30.0,184.18140495162204,21.004449886336646,57.07305372546535,21.0,30.0,0.0,20.45063515553263,59.08711444494421,16.0,30.0,0.0,16.92431003841436,73.57536149542524,12.0,30.0,0.0,19.297934349761858,68.382011607908,19.0,30.0,0.0,19.66788762629625,61.97553961318564,10.0,30.0,614.3440383639621,20.731741620913284,58.36002508064194,20.7,30.0,292.9018105843123,20.01363495063721,64.6819705125867,20.0,30.0,0.0,19.92907908744873,0.0,0.0,0.0,15.793623530109438,0.0,0.0,517.7105191285199,526.7507231642363,518.0449979632023,523.8998141398902,537.9343780312208,931.8485948352666,517.6163292814149,571.2172593386752,845.9353239986506,9727.768435633054,81.57275943160114,81.57275943160114,60.0,0.0,60.0,60.0,16.0,16.0,19.0,19.0,19.7,12.0,21.0,10.0,1.0,0.0,1916.470712940111,0.0,184.18140495162204,0.0,0.0,0.0,614.3440383639621,292.9018105843123,0.0,0.0,0.0,81.57275943160114,81.57275943160114,0.34,0.7717714427086024,0.36028137401965956,81.57275943160114,0.3542647819438875,0.0,0.0019066666666666666 
 04/06  07:40:00,13.036666666666667,95.0,7.073333333333334,49.166666666666667,0.0,0.0,0.0,1.0,2.0,0.0,0.0,0.0,0.0,0.0,4.0,3956.0,0.0,70.95131771915929,17.36305748470565,44.49221309288557,2.1274898626852347,56.62602543764239,0.0,17.363057484705644,23.736615957524387,0.0,0.0,21.139522266701527,-1418.0146422963745,20.103781080173918,550.8061129936923,20.916485539154765,-1087.1499124480798,20.077981500676996,589.8762687256362,16.868075681745397,30.152266925352323,18.936223203991998,-14.90393841715877,18.581392805568059,-65.76253378800743,18.801857788163504,-22.889635797957966,19.136103304547054,-92.71419746742595,740.6978654892855,698.3306215826152,0.0,0.0,0.0,0.0,0.0,0.0,0.0,0.0,0.0,0.0,0.0,0.0,0.0,0.0,0.0,0.0,0.0,0.0,0.0,0.0,0.0,0.0,0.3862213610533188,0.11789418835571394,376.1776327836309,439.1665546713927,6602.089226291641,0.1771615289684321,0.027039305398112349,309.37826017652028,362.4885813120182,4789.480585936895,0.29074739984004868,0.05494092967499032,316.8978398519714,370.19729622379358,5482.374765600431,0.18474110305480008,0.034909505490325027,315.5226549522651,369.8116357135633,4872.742807233125,0.0,0.0,11.419315826559732,13.561139109199509,89.91295413461752,0.0,0.0,13.59821876758483,16.008828820394436,168.76045363510469,0.0,0.0,165.55826511709277,195.1875529611748,1986.7478372200783,0.0,0.0,17.744242357688145,20.848500995512084,247.98337820205334,0.0,0.0,112.7848818008658,132.68728817164635,1487.463394748508,38.92191903488157,26.69541771939751,617.7862042894414,725.7234386812091,9234.501362481244,0.0,0.0,103.9170227183617,123.5800594076856,732.5662621428028,1808.2697956182779,21.904256007063766,54.17762369508263,22.0,30.0,0.0,20.833583900295449,57.843424490489088,16.0,30.0,1336.6064147454738,21.760330283243158,55.22844385306833,21.5,30.0,0.0,20.793061887847747,58.31550801567671,19.0,30.0,0.0,16.93318271245331,73.73391322241496,12.0,30.0,0.0,19.23964891250638,69.06073464717496,19.0,30.0,0.0,19.03258772864084,65.16273738291497,10.0,30.0,12.420591243555045,20.03714146236735,62.17953011798295,19.7,30.0,0.0,19.638856877654704,63.197940309870258,12.0,30.0,0.0,20.11332500162048,0.0,0.0,0.0,16.502395321925634,0.0,0.0,525.4877142243847,529.3601966491106,558.200999977327,545.3673360043557,547.7102598766855,940.7755708117404,577.1650797172486,636.0756000247176,611.715382329905,9452.878036409958,81.75444336953066,85.22330050327062,220.0,0.0,220.0,220.0,16.0,19.0,19.0,12.0,19.7,12.0,21.0,10.0,1.0,0.0,1808.2697956182779,0.0,1336.6064147454738,0.0,0.0,0.0,12.420591243555045,0.0,5249.716299547088,3149829.7797282526,4130043.7911834169,81.75444336953066,85.28221321321689,0.3449905433182363,0.7641793276062339,0.36028137401965956,85.28221321321689,0.3542647819438875,4130043.7911834169,0.22172894380820436 
 04/06  07:50:00,13.063333333333333,95.0,7.111666666666667,53.33333333333333,0.0,0.0,0.0,1.0,2.0,0.0,0.0,0.0,0.0,0.0,4.0,3956.0,0.0,77.05815100390183,18.857508902679329,48.32169086993529,2.3106044465973727,61.49986929086429,0.0,18.85750890267932,25.77964434736101,0.0,0.0,20.92231287684192,-833.2088827712503,20.13790265827976,289.1245067704815,20.79466915595227,-490.08097867064728,20.085394964297863,118.76784392862055,16.877600962078405,25.344150509767219,18.89724233233282,-10.654029370771696,18.461927215530559,95.77370901270979,19.130401513623555,-82.47794353466023,18.865893573763253,-42.436154747647837,658.6697786163732,455.05167814469169,0.0,0.0,0.0,0.0,0.0,0.0,0.0,0.0,0.0,0.0,0.0,0.0,0.0,0.0,0.0,0.0,0.0,0.0,0.0,0.0,0.0,0.0,0.24940936813068477,0.07613228575417729,272.2410737469975,318.4090257331763,4501.086271778258,0.11331330100651513,0.01729445986057923,205.22882595748164,240.48531206591754,3168.3517723862316,0.4562174481278539,0.08620889042476456,189.76494929783034,221.9546349303102,3106.9791831657878,0.13316769559978607,0.02516396364319464,191.3680905576654,224.32760755503279,2895.7890132061445,0.0,0.0,10.757214395518583,12.774979970187996,84.27486845313907,0.0,0.0,12.24210346245252,14.416060976690718,149.647385078684,0.0,0.0,129.9433772756222,153.25108405747995,1507.4537797032522,0.0,0.0,28.79557042802261,33.77043852731205,425.46192550663877,0.0,0.0,71.10924235479135,83.74926477140514,870.876650971365,38.810617413812789,26.61907915899369,389.82515374490517,458.14208240902635,5867.157603645128,0.0,0.0,70.06607472509507,83.28707484270112,481.79067761324179,985.2774755399616,21.392910907395227,56.440246577326089,21.5,30.0,0.0,20.821286743756656,58.347391866020519,16.0,30.0,868.3355741795017,21.312845374608714,57.69603599696569,21.25,30.0,0.0,20.681910046731685,59.68548862884203,19.0,30.0,0.0,16.940314174287765,74.12264878696738,12.0,30.0,0.0,19.170748006978188,70.0565269004033,19.0,30.0,0.0,18.858449299038328,66.1071545390286,10.0,30.0,746.1994054449283,20.49402106135909,61.10639794189771,20.45,30.0,0.0,19.195061451850806,64.67572907570113,12.0,30.0,0.0,19.919550225912084,0.0,0.0,0.0,16.43082737992119,0.0,0.0,548.6830474790637,550.1455717924696,602.6336309249035,591.7275361175026,567.4132389061909,963.5277547656419,575.8242158223218,671.8018531035486,580.5366355630279,9876.071172947988,81.47464117956109,83.23915451011517,220.0,0.0,220.0,220.0,16.0,19.0,19.0,12.0,19.7,12.0,21.0,10.0,1.0,0.0,985.2774755399616,0.0,868.3355741795017,0.0,0.0,0.0,746.1994054449283,0.0,2670.3429546026288,1602205.7727615773,2073328.8198841373,81.47464117956109,83.26912180425023,0.34401143182008767,0.769864586633271,0.36028137401965956,83.26912180425023,0.3542647819438875,2073328.8198841373,0.11470643196730844 
 04/06  08:00:00,13.09,95.0,7.15,57.5,0.0,0.0,0.0,1.0,2.0,0.0,0.0,0.0,0.0,0.0,4.0,2967.0,0.0,83.17878657519619,20.355337987235158,52.15982372760836,2.494132884805285,66.38472859589862,0.0,20.35533798723515,27.827290263492399,0.0,0.0,20.914885472708979,-1228.4973211789655,20.16127920120254,515.1032069891478,20.756884506089734,-612.0072341161987,20.061058035950319,320.56964535163959,16.886169119778225,26.826531751214,18.870263610342506,-12.059490172058276,18.50824154094886,269.0209522804658,18.794003650637188,-40.424585056779317,18.68037334239575,-40.213756388451539,709.6842473032405,330.6349670787705,0.0,0.0,0.0,0.0,0.0,0.0,0.0,0.0,0.0,0.0,0.0,0.0,0.0,0.0,0.0,0.0,0.0,0.0,0.0,0.0,0.0,0.0,0.25550063464130859,0.07799164671590622,368.97035135173248,430.7252864787014,6231.523290952059,0.15422487492689744,0.023538595074312817,295.9310097019444,346.35425114928526,4565.621108087076,0.43649137215407465,0.0824813628409061,256.7718391605403,300.3315367805192,4149.85084909875,0.16545640368676407,0.031265382404906307,260.8054737977799,305.63729015968968,3917.9230615205899,0.0,0.0,11.31763967394297,13.43022739414684,88.22259880047244,0.0,0.0,13.854714740407833,16.302061806959747,167.27287060015983,0.0,0.0,117.49661755275116,138.57206935451024,1374.1464269563178,0.0,0.0,23.24097827647429,27.322369856246536,312.3602285330022,0.0,0.0,57.71291470932029,68.1130099810793,673.9463066055746,39.093882448092859,26.81336244725165,550.3086983923199,645.972877888699,8190.4435749932949,0.0,0.0,54.45866392335684,64.83631886743015,364.40531970482729,1285.4950339361286,21.64474021873215,55.88254617560192,21.666666666666687,30.00000000000002,0.0,20.847642548415217,58.60846658387018,16.000000000000015,30.00000000000002,0.0,21.224052520556226,58.14747053818341,21.000000000000015,30.00000000000002,0.0,20.647763440146084,60.05510638533179,19.000000000000015,30.00000000000002,0.0,16.94709675738918,74.3957130806978,12.00000000000001,30.00000000000002,0.0,19.12061281308561,70.72146166355421,19.000000000000015,30.00000000000002,0.0,18.9606849080714,65.88279724737854,10.000000000000007,30.00000000000002,102.17492450733077,19.800124024955136,64.13634208728417,19.700000000000018,30.00000000000002,0.0,18.896221523311867,66.02513535969604,12.00000000000001,30.00000000000002,0.0,20.08140961323242,0.0,0.0,0.0,16.319260959748314,0.0,0.0,562.5335317415566,564.8422722212188,605.1470287387749,598.2997412858435,577.5827735715702,974.4478968975403,574.7825038165705,683.418427494456,580.6650543683021,9127.705970391504,81.96940589217359,84.25153848549172,220.00000000000018,0.0,220.00000000000018,220.00000000000018,16.0,19.0,19.0,12.0,19.7,12.0,21.0,10.0,1.0,0.0,1285.4950339361286,0.0,0.0,0.0,0.0,0.0,102.17492450733077,0.0,3453.7931817602654,2072275.9090561576,2682938.85447011,81.96940589217359,84.29029667308653,0.34179310605867577,0.7653932588362784,0.3602813740196598,84.29029667308653,0.3542647819438878,2682938.85447011,0.1463328204324457 
 04/06  08:10:00,13.171666666666667,94.33333333333334,7.376666666666667,61.66666666666667,0.0,0.0,4.0,0.0,0.0,0.0,0.0,0.0,0.0,0.0,0.0,4945.0,0.0,89.3130632136174,21.856505285094,56.006510569096217,2.678070343229391,71.28047468531043,0.0,21.856505285093989,29.87949977029482,0.0,0.0,21.076852942506556,-1234.8110543471897,20.20568656251359,358.77584080879537,20.8551015500711,-210.25820714461495,20.114777426327295,-10.261285691805825,16.89603671498005,26.894836799706867,18.789717372646636,9.723293992533514,18.717170778560495,214.8689106539017,18.489373630820795,-7.66084585075862,18.432395723554053,-341.19204030567706,646.6534877771065,583.9508253506778,0.0,0.0,0.0,0.0,0.0,0.0,0.0,0.0,0.0,0.0,0.0,0.0,0.0,0.0,0.0,0.0,0.0,0.0,0.0,0.0,0.0,0.0,0.4557291456769109,0.13911146082933788,391.40951175281307,457.45236847354649,6596.565932419034,0.15312065841093956,0.02337006386003351,256.5166419334826,300.4478755361416,3918.228649685496,0.2589263588167301,0.04892788337428765,122.24241004453443,142.8602793438356,2060.390831541827,0.173301335887883,0.032747795897181217,22.801048164668985,26.715516500838388,340.33333962671306,0.0,0.0,10.005010299877544,11.883686223755257,76.51890916254178,0.0,0.0,31.634045380074743,37.309371657921108,369.1635650843897,0.0,0.0,180.1065832314045,212.05715921806,2212.6442901432108,0.0,0.0,12.544899092657993,14.797300960619163,153.32330281940944,0.0,0.0,108.0077083552114,127.50176877786481,1136.1839223911375,39.95651633467158,27.405018062189023,334.2126072771389,392.9381279825275,4999.416236710769,0.0,0.0,109.2706548937191,129.77568916401408,772.064704741234,1758.2977095761685,21.68822861267911,55.91842261542581,22.0,30.0,0.0,20.863657395069425,58.81813290675696,16.0,30.0,1003.5465122355029,21.560126806481646,56.54297400125385,21.400000000000003,30.0,0.0,20.631544685243648,62.76057338026958,19.0,30.0,0.0,16.956096784686279,74.7652978346359,12.000000000000002,30.0,0.0,18.994060663888427,69.01272697966519,16.0,30.0,0.0,19.31339155049138,65.02949205770045,10.0,30.0,0.0,19.22733575899566,66.15858999981701,16.0,30.0,0.0,18.463622396787977,68.3013782840844,12.000000000000002,30.0,0.0,19.886871697907993,0.0,0.0,0.0,16.573719224117519,0.0,0.0,567.8192538478949,573.9470998911883,579.2994367082158,757.2582772471633,593.9407586471539,806.157037763619,610.8741384180751,661.2908902836769,604.8782636298062,9785.340033384386,81.53456318994069,83.0803121441453,132.0,0.0,132.0,132.0,16.0,19.0,16.0,12.0,16.0,12.0,21.0,10.0,1.0,0.0,1758.2977095761685,0.0,1003.5465122355029,0.0,0.0,0.0,0.0,0.0,2339.0459104028448,1403427.5462417068,1817865.6744773456,81.53456318994069,83.10656409292204,0.3499681970134282,0.7700300663161165,0.36028137401965956,83.10656409292204,0.35426478194388757,1817865.6744773456,0.09857701507282195 
 04/06  08:20:00,13.253333333333334,93.66666666666667,7.6033333333333339,65.83333333333333,0.0,0.0,4.0,0.0,0.0,0.0,0.0,0.0,0.0,0.0,0.0,2967.0,0.0,95.46078199729056,23.36096211651233,59.8616266552943,2.8624108573019986,76.18694880175765,0.0,23.36096211651232,31.936206318868249,0.0,0.0,21.08340301008174,-1293.1781512385274,20.232451429753995,393.7214110871414,20.65471722951682,-100.45308371320513,20.14997077057233,-30.89310634851607,16.910636731498195,30.281886107382975,18.702236229738767,22.61608949198496,18.692652549281328,134.8221999873382,18.139626510102326,-21.295846473987916,18.130758176230864,-257.91392287170819,652.3632336222052,674.859183420398,0.0,0.0,0.0,0.0,0.0,0.0,0.0,0.0,0.0,0.0,0.0,0.0,0.0,0.0,0.0,0.0,0.0,0.0,0.0,0.0,0.0,0.0,0.4362723265185512,0.13317226084204857,407.38809157716238,475.4741547469198,6701.560527150306,0.15808415429102638,0.024127618176286074,272.1136238754384,318.5548089031439,4122.893405492159,0.3829000014767603,0.07235449763355259,134.12502165679468,156.6265210540966,2121.1828129811785,0.15281663499224377,0.028876915153485194,19.557595795643754,22.915182700150749,289.14260935683816,0.0,0.0,10.152731817109619,12.046667443987161,76.36553155382868,0.0,0.0,36.649146554616837,43.18556713063673,411.46782336891467,0.0,0.0,226.86504270051007,267.06098082572597,2704.1384898422409,0.0,0.0,12.50237841472938,14.74193096397569,133.59854821137419,0.0,0.0,145.06653080698823,171.4874411421294,1384.348258429275,40.83581990737368,28.00810693235506,349.72125404548287,410.35665697082609,5201.500529338749,0.0,0.0,152.37422099469885,180.69446077074455,1173.1627453010804,1424.096568047355,21.610863993600675,56.31215441235268,21.999999999999994,29.99999999999999,0.0,20.88168114081369,58.861816791762617,15.999999999999993,29.99999999999999,0.0,21.254357771573049,57.5184263827157,20.999999999999994,29.99999999999999,0.0,20.64064897206574,65.58784736779075,18.999999999999994,29.99999999999999,0.0,16.97444589082952,75.09735532071669,11.999999999999995,29.99999999999999,0.0,18.856401816252867,67.79757994591648,15.999999999999993,29.99999999999999,0.0,19.213759552136854,65.41460796719929,9.999999999999997,29.99999999999999,0.0,18.60276554132993,68.39463550502559,15.999999999999993,29.99999999999999,0.0,18.00083722074134,70.5465281790485,11.999999999999995,29.99999999999999,0.0,19.89000659431069,0.0,0.0,0.0,17.04352351104128,0.0,0.0,571.3657201383791,575.4191003870902,571.6735317755092,930.6162085232511,610.764366246257,674.9584667553393,604.9900117309917,637.9058814174964,610.5367252835156,9873.717588969892,81.47619474539907,83.8058936967918,131.99999999999995,0.0,131.99999999999995,131.99999999999995,16.0,19.0,16.0,12.0,16.0,12.0,21.0,10.0,1.0,0.0,1424.096568047355,0.0,0.0,0.0,0.0,0.0,0.0,0.0,3525.7073052962207,2115424.383177733,2758926.3008517606,81.47619474539907,83.84545971905621,0.3441902435098739,0.7667066917355244,0.36028137401965945,83.84545971905621,0.35426478194388735,2758926.3008517606,0.1474021676442915 
 04/06  08:30:00,13.335,93.0,7.83,70.0,0.0,0.0,4.0,0.0,0.0,0.0,0.0,0.0,0.0,0.0,0.0,1978.0,0.0,101.62170405367414,24.86865002510339,63.725022194999727,3.0471472645557085,81.10396030371428,0.0,24.868650025103379,33.99732999490011,0.0,0.0,21.118394201065635,-1479.9250389185882,20.232850009327004,291.2170344011938,20.829205761453239,-62.799964338853218,20.171659766594254,-44.86459811209335,16.926408132383828,30.269700952843125,18.637893507970586,22.566433031841144,18.605651595478724,104.29311620244062,17.869111908883597,-30.50099918642502,17.993336585363854,-161.64945657466707,670.6751255404215,661.9549181464513,0.0,0.0,0.0,0.0,0.0,0.0,0.0,0.0,0.0,0.0,0.0,0.0,0.0,0.0,0.0,0.0,0.0,0.0,0.0,0.0,0.0,0.0,0.48512820597362185,0.14808553295898103,413.6558366988006,482.36417344463816,6834.499822674263,0.13797472532381384,0.0210584135109606,234.87671554812744,274.7376517900701,3499.584097989534,0.47550169051672078,0.08985292715735469,116.62480369916449,135.91381152746198,1927.6879734675054,0.10298977672012122,0.019461409055200528,12.256479345233132,14.339366872156156,179.13939540857684,0.0,0.0,10.05405678825985,11.915020640653453,74.37343792052616,0.0,0.0,39.736641651199779,46.80494735595845,432.2697691816354,0.0,0.0,243.344547050678,286.35075818529756,2780.564652110445,0.0,0.0,17.317332116071677,20.432464528406407,166.6911765549309,0.0,0.0,152.42327436376304,180.11554740548417,1379.057409631524,41.62015891317239,28.54606235471358,346.290111807465,406.13003375534648,5120.921071882371,0.0,0.0,166.94892204881143,197.71457812980737,1298.4973886832339,1768.7510886267779,21.670463466501105,56.12886965080668,22.0,30.0,0.0,20.83760217878714,59.10666157658385,16.0,30.0,849.5008383727206,21.54536926424242,56.66107086822302,21.5,30.0,0.0,20.632054741892686,68.51417785447879,19.0,30.0,0.0,16.993812207635626,75.16494648263257,12.0,30.0,0.0,18.758393800228235,67.55036242674635,16.0,30.0,0.0,19.03876552787941,66.150205052502,10.0,30.0,0.0,18.1318640434994,70.18761573082378,16.0,30.0,0.0,17.827682048530229,71.35613965187884,12.0,30.0,0.0,19.97508902395099,0.0,0.0,0.0,17.172331293421374,0.0,0.0,570.7404686293884,576.3261384139921,579.4748755532628,1104.3115952111512,613.1522912599253,623.7860383775412,601.0672837284265,620.7310584235124,607.1848581053528,9967.27793769657,81.41431557806631,84.93809616235092,132.0,0.0,132.0,132.0,16.0,19.0,16.0,12.0,16.0,12.0,21.0,10.0,1.0,0.0,1768.7510886267779,0.0,849.5008383727206,0.0,0.0,0.0,0.0,0.0,5332.75486955982,3199652.921735892,4148291.148920131,81.41431557806631,84.9979416548208,0.347758495651994,0.7699599215841794,0.36028137401965956,84.9979416548208,0.3542647819438875,4148291.148920131,0.2195391397438468 
 04/06  08:40:00,13.416666666666668,92.33333333333334,8.056666666666667,81.5,0.8333333333333332,0.0,0.0,1.0,2.0,0.0,0.0,0.0,0.0,0.0,0.0,7912.0,0.0,118.69606962700618,29.048493744216498,74.43572238031349,3.5591256812522218,94.73095878654573,0.0,29.048493744216484,39.71149325275102,0.0,0.0,21.228911267866523,-1595.2440712037047,20.278564146359455,457.20239294136538,20.827605224656098,-281.6188128412024,20.182996521017445,270.37130905385177,16.941860310093714,33.95901375246391,19.26047462798377,-40.91296980118105,18.588473251306554,129.53319713517687,18.812315332493534,-60.5031861182706,17.931023395312736,-140.53116262164378,711.5012951075516,640.5982284255039,0.0,0.0,0.0,0.0,0.0,0.0,0.0,0.0,0.0,0.0,0.0,0.0,0.0,0.0,0.0,0.0,0.0,0.0,0.0,0.0,0.0,0.0,0.40457879123093,0.12349779952104094,458.0112664284334,535.130874355806,7621.90724481128,0.15038617180648687,0.02295271242467749,276.2927847556269,324.0663469275297,4104.337616882379,0.426565543025288,0.08060573375383376,253.2762738981313,296.5753318255148,3978.1444917042119,0.15749615406640994,0.02976117801708427,250.2256885290826,293.52241582818558,3614.929646220484,0.0,0.0,11.165649538775729,13.267995132698779,81.12535138922996,0.0,0.0,15.724166866295925,18.50733605642867,198.87206442741124,0.0,0.0,223.99976582474575,264.34102470809406,2508.677223536782,0.0,0.0,20.709477362021948,24.347003480530277,263.4530476786471,0.0,0.0,166.2260327054097,196.9699955736685,1455.1321162220993,42.64187047454118,29.246824742483683,519.1358495942054,610.371892799485,7458.855835608447,0.0,0.0,171.8763282899801,204.05984196602624,1326.220981473064,1812.9695397118085,21.829304945842507,56.74447969941358,22.000000000000008,30.00000000000001,0.0,20.90503904878256,59.846736592954538,16.000000000000008,30.00000000000001,0.0,21.33196696809532,58.615022621258429,21.000000000000008,30.00000000000001,0.0,20.686049172324148,61.63372678980138,16.000000000000008,30.00000000000001,0.0,17.01146272656595,75.18260629918464,12.000000000000004,30.00000000000001,864.6843415820558,19.74321521366914,64.638233964143,19.625000000000008,30.00000000000001,0.0,19.007746909766366,66.74145208821619,10.000000000000004,30.00000000000001,1302.5016996556872,19.611009171818869,64.79276157835389,20.700000000000008,30.00000000000001,0.0,17.764652086387696,71.81840639554142,12.000000000000004,30.00000000000001,0.0,20.096390110676546,0.0,0.0,0.0,17.223680947749256,0.0,0.0,644.0616066119494,633.715255511224,651.6641413521352,693.8565126662596,611.6858074871324,697.073832530511,617.5073607904953,671.4079540018704,608.6438469781322,9876.29809215374,81.47450333781829,83.23603676839847,60.00000000000002,0.0,60.00000000000002,60.00000000000002,16.0,16.0,19.0,12.0,19.7,12.0,21.0,10.0,1.0,0.0,1812.9695397118085,0.0,0.0,0.0,864.6843415820558,0.0,1302.5016996556872,0.0,2665.8370732283099,1599502.2439369835,2082581.0680174004,81.47450333781829,83.26595345393938,0.34386123577427699,0.7691111151925071,0.36028137401965967,83.26595345393938,0.35426478194388769,2082581.0680174004,0.10998421553690482 
 04/06  08:50:00,13.498333333333333,91.66666666666667,8.283333333333334,93.0,1.6666666666666664,0.0,0.0,1.0,2.0,0.0,0.0,0.0,0.0,0.0,0.0,989.0,0.0,134.87882289161014,32.987946725712308,84.5304350664806,4.044369607997975,107.64637176380812,0.0,32.987946725712287,45.097024147114449,0.0,0.0,21.26895137132201,-1695.655385226244,20.311015042481225,340.73952151348569,20.491382404796775,107.11727865557259,20.1322575360168,186.66155118835924,16.963837275205404,32.96231417973263,19.219583377619654,-36.880197366551559,18.541894178904607,109.8855711377837,19.432938591512238,-141.3513018774936,17.87683575326217,-110.24074254400694,690.2822150288375,668.4443148202008,0.0,0.0,0.0,0.0,0.0,0.0,0.0,0.0,0.0,0.0,0.0,0.0,0.0,0.0,0.0,0.0,0.0,0.0,0.0,0.0,0.0,0.0,0.3518022728676207,0.10738775118059242,467.2830106029185,542.6069366972989,7701.060871372969,0.11366458797135294,0.01734807508720283,232.5857761736244,270.91510121827039,3422.8938583933947,0.4765993933782626,0.0900603540019393,223.70513401671009,260.48821527318588,3338.612902371621,0.15557121911046774,0.029397433694343855,232.48432008827357,271.1091877423172,3266.0211576082826,0.0,0.0,11.085053996202698,13.08602142576188,79.43648145660355,0.0,0.0,15.506848630944948,18.131176147135645,189.49327673040478,0.0,0.0,222.60825935149,261.0954197245949,2414.7686675067509,0.0,0.0,34.48072480170413,40.179447106027328,496.584334627513,0.0,0.0,175.73884725078185,206.97752750455755,1489.909361204033,43.37032507946262,29.74645067178507,457.24909855925429,534.1921655456007,6506.508415131804,0.0,0.0,180.2571292607342,212.511832480947,1424.9919306981424,1914.6857725920309,21.818960700651645,56.641285480191907,22.0,30.0,0.0,20.907082748321828,59.89706794226548,16.0,30.0,74.60009983462833,21.001679917839483,59.53370207888251,21.0,30.0,0.0,20.56084154313632,61.29251289854655,16.0,30.0,0.0,17.0404217438691,75.42444445763086,12.0,30.0,0.0,19.6066266125074,67.61343911966338,19.0,30.0,0.0,18.905784616432553,67.37250038264216,10.0,30.0,582.6881292376686,20.729229735492735,61.344978057920588,20.7,30.0,0.0,17.70237443880008,72.61086647800282,12.0,30.0,0.0,20.034446302528428,0.0,0.0,0.0,17.399577630477649,0.0,0.0,631.4987938659905,633.873821688657,630.9932980062289,640.6392625286733,619.04092350089,837.296491832314,623.9747884506392,702.2808342569762,628.6912696911703,8962.85683263168,82.07857246009712,82.07857246009712,60.0,0.0,60.0,60.0,16.0,16.0,19.0,12.0,19.7,12.0,21.0,10.0,1.0,0.0,1914.6857725920309,0.0,74.60009983462833,0.0,0.0,0.0,582.6881292376686,0.0,0.0,0.0,0.0,82.07857246009712,82.07857246009712,0.34,0.7713753613701772,0.36028137401965956,82.07857246009712,0.3542647819438875,0.0,0.0016466666666666666 
 04/06  09:00:00,13.58,91.0,8.51,104.5,2.5,0.0,0.0,1.0,2.0,0.0,0.0,0.0,0.0,0.0,0.0,3956.0,0.0,151.38246350149036,36.8981914793207,94.55030354225014,4.539235206607457,120.81788173981222,0.0,36.89819147932068,50.442625179541177,0.0,0.0,21.212223397994728,-947.5638902945798,20.35357684872421,428.6448258002779,21.079224206667953,-1001.2364100224932,20.29589356277388,497.9661235814019,16.977731715530135,33.324142888784439,19.16787411931203,-36.196723824537,18.549094145487407,136.4394206481104,19.158183829835708,-90.63981425383935,17.86742088110082,-73.10549880757753,736.2288295895924,602.6055251938517,0.0,0.0,0.0,0.0,0.0,0.0,0.0,0.0,0.0,0.0,0.0,0.0,0.0,0.0,0.0,0.0,0.0,0.0,0.0,0.0,0.0,0.0,0.43111404224967866,0.1315976929944074,431.16127108002089,503.9375995897707,6818.226402313516,0.15702082171915295,0.0239653268802126,272.97112384672576,319.59394817217938,3995.2992431061286,0.3030524179240488,0.057266140953146058,367.46465366895577,429.28819787635538,6018.838657720387,0.17184964060694614,0.03247347706102533,302.783582348972,354.75509980817398,4406.087941562013,0.0,0.0,11.34586730451164,13.467060353384124,79.66603531227296,0.0,0.0,16.06317976060528,18.895585731934433,190.22183602483907,0.0,0.0,219.28808651732209,258.62560887908458,2346.182803943034,0.0,0.0,32.64593146723364,38.360265750292288,423.77711167868775,0.0,0.0,169.92348352745405,201.2497285567305,1416.0512658177364,44.48154300607603,30.50860288482582,567.9426072138354,666.9248072769732,8023.203067762274,0.0,0.0,174.2113971972986,206.5480443090106,1348.8193210255222,969.4150408995818,21.630477170528697,57.20872456931716,21.75,30.0,0.0,20.94974626661556,59.73985624861656,16.0,30.0,1605.8045710249949,21.821760413775935,56.52927005809869,21.5,30.0,0.0,20.881878094416849,59.90265408984823,16.0,30.0,0.0,17.053014667613128,75.51262554674877,12.0,30.0,0.0,19.502414913471207,68.69961689135377,19.0,30.0,0.0,18.91700950606335,67.53027621080929,10.0,30.0,0.0,20.059381577751915,64.15088396879318,19.7,30.0,0.0,17.715635711203576,72.82708943107079,12.0,30.0,0.0,20.169699839736503,0.0,0.0,0.0,17.402460686569115,0.0,0.0,624.3035088947027,632.8683537952481,622.4061390893685,625.9609877358664,622.7647919713979,873.0198130649746,632.3023048302118,708.3474563906229,638.8454576329212,7570.779923649372,81.93802886394272,85.68227801098046,60.0,0.0,60.0,60.0,16.0,16.0,19.0,12.0,19.7,12.0,21.0,10.0,1.0,0.0,969.4150408995818,0.0,1605.8045710249949,0.0,0.0,0.0,0.0,0.0,5665.967268900027,3399580.3613400168,4450902.93246766,81.93802886394272,85.74586779155128,0.27386557563000099,0.5725100199182137,0.27021103051474468,85.74586779155128,0.2656985864579156,4450902.93246766,0.23305028582165167 
 04/06  09:10:00,13.656666666666667,90.83333333333334,8.433333333333334,116.0,3.333333333333334,0.0,0.0,0.0,0.0,0.0,0.0,0.0,0.0,0.0,0.0,2967.0,0.0,168.30227115667703,40.77916784936658,104.49517364775589,5.046579386626422,134.32153036353936,0.0,40.77916784936656,55.74821411266263,0.0,0.0,20.547727227513975,-63.43504491535562,20.31376126173074,8.752536280562474,20.417473950595985,-205.08964829544488,20.31395828042409,59.47726740689236,16.99179532020378,27.360728284463677,19.02554337727433,-46.583913968799,18.51503816286968,53.14666615473591,18.660402735481495,-32.42953051738395,17.864670710914408,-72.84758964939647,481.2430196666694,538.9958005538099,0.0,0.0,0.0,0.0,0.0,0.0,0.0,0.0,0.0,0.0,0.0,0.0,0.0,0.0,0.0,0.0,0.0,0.0,0.0,0.0,0.0,0.0,0.36278394726237697,0.11073991064175123,193.24278947279954,226.75410186173583,2735.8532974820629,0.08747234837136242,0.013350480520659715,146.027177203883,171.36469353489054,2096.0269224178548,0.29692127538993826,0.05610757282500724,198.39620797886924,233.0558649481274,2821.9007669156128,0.08750554264133094,0.016535438896698966,148.95042540380204,174.92683149402255,2154.0624272368906,0.0,0.0,9.566334253388855,11.349824038441476,65.93803171000312,0.0,0.0,51.09718226304327,60.16765518745863,572.0551645122686,0.0,0.0,246.40631499360394,290.53830006443618,2562.6341319533887,0.0,0.0,23.097353918207899,27.20816403920609,260.03699558001918,0.0,0.0,163.42572091593036,193.43876159409184,1340.1232232553683,43.67615763808061,29.956212371797407,268.7052511200981,316.5649202544476,3883.259366371951,0.0,0.0,167.12653825734095,198.05320465960029,1259.663561560746,0.0,20.73907399228007,60.41386765486924,21.666666666666666,30.0,0.0,20.799694867606577,60.14734004062829,16.0,30.0,0.0,20.762403535304924,60.21443433592697,21.333333333333337,30.0,0.0,20.81218879306889,60.07585530743156,16.0,30.0,0.0,17.065596655712875,75.7550047575856,12.0,30.0,0.0,19.24147179132877,67.76821949155668,16.0,30.0,0.0,18.83852513945351,68.34473850061775,10.0,30.0,0.0,19.248548027492036,66.94354551247591,12.0,30.0,0.0,17.725613661563516,73.06587574558965,12.0,30.0,0.0,19.465978680763486,0.0,0.0,0.0,17.374444146587586,0.0,0.0,626.2788274923435,620.9728045942879,615.8074416377646,619.776917086693,633.8154496190587,735.4781129188814,660.5243294643092,678.1443377195599,650.0246375347274,0.0,83.7621536517508,83.7621536517508,60.0,0.0,60.0,60.0,16.0,16.0,16.0,12.0,12.0,12.0,21.0,10.0,0.0,0.0,0.0,0.0,0.0,0.0,0.0,0.0,0.0,0.0,0.0,0.0,0.0,83.7621536517508,83.7621536517508,0.0,0.0,0.0,83.7621536517508,0.0,0.0,0.0015600000000000002 
 04/06  09:20:00,13.733333333333335,90.66666666666667,8.356666666666668,127.5,4.166666666666667,0.0,0.0,0.0,0.0,0.0,0.0,0.0,0.0,0.0,0.0,2967.0,0.0,185.71847340318747,44.631705683094548,114.36717180470069,5.568807726562609,148.22134632544533,0.0,44.63170568309452,61.01492541057687,0.0,0.0,20.161754203023503,-170.3432927113996,19.977498601887385,-291.7302977882875,20.02720495667095,-324.1912598298191,20.034433819495413,-162.0458212637473,16.99639692049257,20.08999545827035,18.90583301105189,-40.48828711671867,18.380121694341925,17.57996370114657,18.387819664969926,-11.521118909901375,17.853357021699894,-98.29031818496631,504.7453065175958,394.40379431194608,0.0,0.0,0.0,0.0,0.0,0.0,0.0,0.0,0.0,0.0,0.0,0.0,0.0,0.0,0.0,0.0,0.0,0.0,0.0,0.0,0.0,0.0,0.27300314595240979,0.0833342936362667,314.0019668244848,368.7483381950932,4001.7777404598784,0.03460949600764525,0.005282279610446465,143.0164909356541,167.9682376562959,1822.5251461734484,0.15589787135084577,0.029459159363349538,250.64564182505095,294.5417802691686,3169.8183734917458,0.005889538085209605,0.0011129134703721847,109.65464162382186,128.81485618808808,1422.3766432198598,0.0,0.0,8.437574956421376,10.008618433189842,56.81215634231959,0.0,0.0,42.757185294841168,50.36467883213521,453.3150925403105,0.0,0.0,208.05613968682594,245.497264056064,2027.9953046309732,0.0,0.0,13.087993490616324,15.429129836291893,131.67176905542437,0.0,0.0,134.47672335375953,159.1572313237367,1078.360897123102,42.62919502785751,29.238131020478407,359.0017150606592,422.94834745178198,4461.927249046465,0.0,0.0,136.69179567851587,162.06118077171676,962.8269304296604,0.0,20.12363982394051,62.35746518937225,21.999999999999994,29.99999999999999,0.0,20.13317362558397,61.60003195078196,15.999999999999993,29.99999999999999,0.0,20.071356876893615,61.87353842102016,21.999999999999994,29.99999999999999,0.0,20.26321248637528,61.723860286961308,15.999999999999993,29.99999999999999,0.0,17.062681535000637,75.98734279818599,11.999999999999995,29.99999999999999,0.0,19.025689530812586,67.74732557164518,15.999999999999993,29.99999999999999,0.0,18.587675321280483,69.16199478598729,9.999999999999997,29.99999999999999,0.0,18.756324879826516,68.78883689496564,11.999999999999995,29.99999999999999,0.0,17.711372589546209,73.28040794731003,11.999999999999995,29.99999999999999,0.0,19.237720406832687,0.0,0.0,0.0,17.205501447907399,0.0,0.0,592.8782742293539,526.7856108837277,530.493762801233,585.5439563059608,641.6695524456643,671.7481782127229,638.4464042147597,663.9907967618198,654.3825389599953,0.0,83.76215365175077,83.76215365175077,59.99999999999998,0.0,59.99999999999998,59.99999999999998,16.0,16.0,16.0,12.0,12.0,12.0,21.0,10.0,0.0,0.0,0.0,0.0,0.0,0.0,0.0,0.0,0.0,0.0,0.0,0.0,0.0,83.76215365175077,83.76215365175077,0.0,0.0,0.0,83.76215365175077,0.0,0.0,0.0015233333333333334 
 04/06  09:30:00,13.809999999999999,90.5,8.280000000000002,139.0,5.0,0.0,0.0,0.0,0.0,0.0,0.0,0.0,0.0,0.0,0.0,1978.0,0.0,203.69153873981979,48.45618034216227,124.16725984023249,6.107733340177871,162.5655888382731,0.0,48.45618034216224,66.24327222112788,0.0,0.0,19.939238140504945,-59.98902986167013,19.843483594630049,-95.22883745036416,19.8985685789879,-174.21130125749824,19.81063443789203,-83.62773699084028,17.000066446760898,18.708774455129686,18.822091980629684,-33.713173465063167,18.313045307477318,36.759975744641909,18.197374485407257,-4.263241566584071,17.835262404800234,-91.95239002106564,435.0391063457355,356.1280605709421,0.0,0.0,0.0,0.0,0.0,0.0,0.0,0.0,0.0,0.0,0.0,0.0,0.0,0.0,0.0,0.0,0.0,0.0,0.0,0.0,0.0,0.0,0.19218853225506078,0.05866560813646543,183.76260310109906,215.4095444613591,2216.384628380122,0.027418599967689945,0.004184768004836683,68.84829796618844,80.62897352521557,831.6181054428201,0.09396958187813105,0.017756912675383805,222.20297353008454,260.57987278852627,2687.582417492505,0.018405832853745517,0.0034780485362330899,143.49756868730607,168.40508390572098,1733.5731555571315,0.0,0.0,8.219768737214098,9.739119348829437,54.04746439941505,0.0,0.0,42.974769678108007,50.60283884577208,436.9570972168233,0.0,0.0,202.07108393155642,238.25300809724608,1898.3818394297808,0.0,0.0,11.6775648532107,13.777438385425408,108.59432900737721,0.0,0.0,128.6131623038118,152.04993733916315,1005.4982391852939,42.03358430978086,28.829618868162464,257.92117189360615,303.2425455807943,3149.373011422089,0.0,0.0,130.39938930844455,154.4198240041311,898.5251051811215,0.0,19.843902889851969,62.99500232673566,22.0,30.0,0.0,19.91706973274822,62.454828548377488,16.0,30.0,0.0,19.91248630301004,62.69291988269548,22.0,30.0,0.0,19.87531596735798,62.902756835592828,16.0,30.0,0.0,17.06013565715238,76.08565243760816,12.0,30.0,0.0,18.878205457486396,68.04368012705565,16.0,30.0,0.0,18.484918723491608,69.4849449211467,10.0,30.0,0.0,18.428291963129199,70.0739740693608,12.0,30.0,0.0,17.686823927377419,73.29547155814379,12.0,30.0,0.0,19.062202827376564,0.0,0.0,0.0,17.205002685583446,0.0,0.0,553.8092398638248,528.2979470647387,548.3265336018872,557.035336216271,642.4758032438115,647.6759689520714,627.9320338761343,654.2045773510326,646.2682556561517,0.0,83.7621536517508,83.7621536517508,60.0,0.0,60.0,60.0,16.0,16.0,16.0,12.0,12.0,12.0,21.0,10.0,0.0,0.0,0.0,0.0,0.0,0.0,0.0,0.0,0.0,0.0,0.0,0.0,0.0,83.7621536517508,83.7621536517508,0.0,0.0,0.0,83.7621536517508,0.0,0.0,0.0014866666666666666 
 04/06  09:40:00,13.886666666666667,90.33333333333334,8.203333333333334,148.5,13.999999999999997,0.0,0.0,0.0,0.0,0.0,0.0,0.0,0.0,0.0,0.0,1978.0,0.0,223.72691705620958,51.93234965816403,133.07485414689087,6.708499121388243,178.55577093948276,0.0,51.932349658164,70.99545922102381,0.0,0.0,19.774090844369085,-152.5899912746554,19.70904101058168,-111.58835311025412,19.684962221718775,-117.15339527060053,19.708181083094766,-128.95169242050134,17.00324416216833,16.143562730521418,18.772049139747496,-36.01975380178352,18.254171625565406,34.68330789344236,18.07176748905668,-5.605090073375609,17.83003086845319,-83.09645527205228,404.9253772367457,288.8801017405673,0.0,0.0,0.0,0.0,0.0,0.0,0.0,0.0,0.0,0.0,0.0,0.0,0.0,0.0,0.0,0.0,0.0,0.0,0.0,0.0,0.0,0.0,0.10299599212927804,0.031439558037020167,269.8050513232776,316.9411012210443,3095.6356796378306,0.007929956202986685,0.0012103107757916188,117.34040753921312,137.95224217218047,1352.8781706721177,0.08841703236473404,0.01670767807345693,277.6917473273561,326.15272455054005,3153.802429631454,0.012855772126277499,0.002429284226431879,159.35375644249548,187.0330921311441,1845.692286316827,0.0,0.0,7.80947217884966,9.251086917705474,50.11090616253658,0.0,0.0,40.99163555897654,48.26132470359818,403.2053187027386,0.0,0.0,185.6265218079807,218.91356319715357,1680.0751584000109,0.0,0.0,7.435728695321651,8.770985564469699,64.91594831536887,0.0,0.0,113.43507425060385,134.11733734162,868.7826868214016,41.33467769799546,28.3502590521231,367.7199706986575,432.8800846356039,4155.232431145224,0.0,0.0,115.75740902724562,137.11020536762545,771.9826971263806,0.0,19.630832813115214,63.78498783408541,22.000000000000008,30.00000000000001,0.0,19.674458214856693,63.40540505479607,16.000000000000008,30.00000000000001,0.0,19.57693852956023,63.9177278973373,22.000000000000008,30.00000000000001,0.0,19.71121234101322,63.52938227631772,16.000000000000008,30.00000000000001,0.0,17.05776295967935,76.04866897414149,12.000000000000004,30.00000000000001,0.0,18.78989549922405,68.16811078991072,16.000000000000008,30.00000000000001,0.0,18.388741173316065,69.63787546619288,10.000000000000004,30.00000000000001,0.0,18.229441273839606,70.8393534678114,12.000000000000004,30.00000000000001,0.0,17.684162392908904,73.02011968229087,12.000000000000004,30.00000000000001,0.0,18.980969476011809,0.0,0.0,0.0,17.17062363410698,0.0,0.0,546.5199135210863,525.3075699192885,537.561286050046,552.6333579178786,635.7563062233553,627.2655029207477,606.0832292705148,645.4744195806852,623.893076423665,0.0,83.76215365175082,83.76215365175082,60.00000000000002,0.0,60.00000000000002,60.00000000000002,16.0,16.0,16.0,12.0,12.0,12.0,21.0,10.0,0.0,0.0,0.0,0.0,0.0,0.0,0.0,0.0,0.0,0.0,0.0,0.0,0.0,83.76215365175082,83.76215365175082,0.0,0.0,0.0,83.76215365175082,0.0,0.0,0.00145 
 04/06  09:50:00,13.963333333333332,90.16666666666666,8.126666666666667,158.0,22.999999999999994,0.0,0.0,0.0,0.0,0.0,0.0,0.0,0.0,0.0,0.0,989.0,0.0,257.244308101103,55.06349003743207,141.0983331646388,7.713516242343254,205.30580098049127,0.0,55.06349003743204,75.27596550612079,0.0,0.0,19.68989437415699,-3.385193229545621,19.623213579999527,-144.34829786167576,19.592560731168704,-166.34894359297415,19.625395134519225,-10.478313330758738,17.00852268694696,15.06703296053081,18.741574880358465,-29.15972085630642,18.209395912653819,23.057302783053275,17.96617992324391,-4.544076477277315,17.822418203521545,-89.85378477913673,337.901204327698,276.4421231991387,0.0,0.0,0.0,0.0,0.0,0.0,0.0,0.0,0.0,0.0,0.0,0.0,0.0,0.0,0.0,0.0,0.0,0.0,0.0,0.0,0.0,0.0,0.04298136634762068,0.013120075197686413,243.14172900472304,284.5483227993996,2734.297833159806,0.0,0.0,133.01219823962817,155.73214860343584,1473.5051902260494,0.0,0.0,170.38946395496624,199.53156319925228,1869.2547935077606,0.0,0.0,71.75028617910086,83.96750923399775,806.5899924851984,0.0,0.0,7.469625059098636,8.816845542221655,46.830411483614749,0.0,0.0,39.11966302079265,45.91267091820024,374.2914255273218,0.0,0.0,180.90860859602993,212.62906400126699,1585.7923012071156,0.0,0.0,6.843078399299006,8.049148068364735,56.53361089673585,0.0,0.0,113.09510010980826,133.21451933934984,846.8942059268849,40.802664687865178,27.985366726930857,257.7622194997313,302.48566125662497,2901.4061622374294,0.0,0.0,115.844545185237,136.6636753897413,768.3334557789444,0.0,19.600367081023167,64.071100054949,22.0,30.0,0.0,19.515742942951726,63.763339302158289,16.0,30.0,0.0,19.460805948907166,63.97621556278488,22.0,30.0,0.0,19.5992824201365,64.1796735504762,16.0,30.0,0.0,17.0595143650926,75.93655133129906,12.0,30.0,0.0,18.727086236081264,68.24846925173266,16.0,30.0,0.0,18.3198165656633,69.80257345075542,10.0,30.0,0.0,18.06427781503767,71.43361653619303,12.0,30.0,0.0,17.673529653793449,72.91941143158505,12.0,30.0,0.0,18.83196630456718,0.0,0.0,0.0,17.228707935508998,0.0,0.0,561.788162410829,496.4090619895579,495.7428471637778,571.9849385074477,625.5746558316155,611.9682885995453,593.9252009855927,634.2874965374039,611.9988010181663,0.0,83.7621536517508,83.7621536517508,60.0,0.0,60.0,60.0,16.0,16.0,16.0,12.0,12.0,12.0,21.0,10.0,0.0,0.0,0.0,0.0,0.0,0.0,0.0,0.0,0.0,0.0,0.0,0.0,0.0,83.7621536517508,83.7621536517508,0.0,0.0,0.0,83.7621536517508,0.0,0.0,0.0014166666666666664 
 04/06  10:00:00,14.04,90.0,8.05,167.5,32.0,0.0,0.0,0.0,0.0,0.0,0.0,0.0,0.0,0.0,0.0,1978.0,0.0,284.5920640565387,58.3960354709386,149.63790307341737,8.533540362125722,227.1319165041466,0.0,58.39603547093857,79.83180776983643,0.0,0.0,19.54441489998102,-97.41177280287775,19.611496566430774,-82.19786678974788,19.562149891663198,-95.77873589239107,19.557880851510157,-90.64089927163673,17.014694090898133,14.864940199386112,18.733989453564065,-33.997841035834657,18.201178786821104,35.60089517111055,17.904319512924773,-11.843605990249728,17.828542673933023,-65.76648390324681,317.53412588631638,238.54054925126253,0.0,0.0,0.0,0.0,0.0,0.0,0.0,0.0,0.0,0.0,0.0,0.0,0.0,0.0,0.0,0.0,0.0,0.0,0.0,0.0,0.0,0.0,0.01579208954077499,0.004820540152861719,210.80165726803899,247.71271557828613,2250.7854471817875,0.00013931543708772982,0.000021263039848554616,97.3487178371991,114.28110625792081,1059.60443674637,0.0,0.0,180.18815355797359,211.79252281533915,1953.3162531255719,0.0,0.0,99.26593197438445,116.7655293002159,1076.3981072438465,0.0,0.0,7.5096160407769,8.89805143551034,45.96251189209219,0.0,0.0,40.65938918425436,47.909349732109038,380.705557118933,0.0,0.0,177.983660690749,209.97529655709767,1533.3866987557993,0.0,0.0,9.291876295486152,10.969838567976736,73.7166205487629,0.0,0.0,104.5269410048029,123.57517639865842,769.6759794311097,40.32427807326179,27.65725519428107,250.48530745752857,295.0813249520015,2755.4552870707686,0.0,0.0,111.37260061908958,131.85539309685567,730.6547120437998,0.0,19.385983875874638,64.68203392615583,22.0,30.0,0.0,19.507512249892835,64.03104347101902,16.0,30.0,0.0,19.472249493008918,64.30198623725254,22.0,30.0,0.0,19.48043602448609,64.34029093728648,16.0,30.0,0.0,17.06389905420195,75.83758783556078,12.0,30.0,0.0,18.703527585336859,68.23676918015758,16.0,30.0,0.0,18.323603276431848,69.72035997172458,10.0,30.0,0.0,17.980464559742033,71.70773310885073,12.0,30.0,0.0,17.690160673414263,72.74230969013033,12.0,30.0,0.0,18.78888724444355,0.0,0.0,0.0,17.271742328264865,0.0,0.0,535.2584184836287,516.9921304760502,529.5342519662925,538.8038165482651,618.6321817580324,602.1741972039008,588.0202651786322,626.1829286466949,603.9527270783906,0.0,83.7621536517508,83.7621536517508,60.0,0.0,60.0,60.0,16.0,16.0,16.0,12.0,12.0,12.0,21.0,10.0,0.0,0.0,0.0,0.0,0.0,0.0,0.0,0.0,0.0,0.0,0.0,0.0,0.0,83.7621536517508,83.7621536517508,0.0,0.0,0.0,83.7621536517508,0.0,0.0,0.0013833333333333335 
 04/06  10:10:00,14.223333333333333,89.16666666666667,8.201666666666668,177.0,41.0,0.0,0.0,0.0,0.0,0.0,0.0,0.0,0.0,0.0,0.0,989.0,0.0,314.7595189644739,61.71332173989405,158.13837380782403,9.438111901257227,251.20840500025219,0.0,61.71332173989402,84.36678959874094,0.0,0.0,19.44183716110708,-100.38549431068486,19.62634012362677,-9.831554899904205,19.546857873786366,-16.555362476918164,19.4782671703827,-125.02978436432159,17.02336813494276,14.721498891955605,18.733475445522548,-34.81415935026871,18.190944096103004,43.156044380859388,17.83322378617741,-12.170340454342295,17.84456208029718,-60.84379934722119,221.90190338267349,210.7242356284919,0.0,0.0,0.0,0.0,0.0,0.0,0.0,0.0,0.0,0.0,0.0,0.0,0.0,0.0,0.0,0.0,0.0,0.0,0.0,0.0,0.0,0.0,0.0,0.0,88.003341732558,103.11212255325292,886.5040728938628,0.0,0.0,4.641654269525341,5.433863127823354,49.14434366234724,0.0,0.0,129.25345536768357,151.31523071834847,1360.2433876674996,0.0,0.0,97.48411194800456,114.19117339044837,997.0278394343275,0.0,0.0,7.548300107058675,8.909377717289168,43.57834136691625,0.0,0.0,41.29295092089175,48.47167217924414,370.16890020314846,0.0,0.0,175.72778061602166,206.53820177728103,1448.53419928797,0.0,0.0,11.301513431505536,13.302453227003995,83.19964051613356,0.0,0.0,98.71235814584259,116.25596064321721,696.6311556081598,40.794126458079507,27.979510602249328,122.45326690737096,143.8600027630397,1397.0556896620433,0.0,0.0,107.65238646256899,126.95570729357422,680.6562521149227,0.0,19.267847864005753,65.05395189844094,22.0,30.0,0.0,19.530273224913907,63.85146001034242,16.0,30.0,0.0,19.497589576448268,64.42003422651752,22.0,30.0,0.0,19.346434794297666,64.68761351689918,16.0,30.0,0.0,17.073024514413807,75.65384849189303,12.0,30.0,0.0,18.68484616269102,68.15070407237094,16.0,30.0,0.0,18.318922613831714,69.69936676663792,10.0,30.0,0.0,17.873119975672485,72.00750151498224,12.0,30.0,0.0,17.719368058416973,72.49573840713093,12.0,30.0,0.0,18.507014322116516,0.0,0.0,0.0,17.335891126493448,0.0,0.0,517.6073165295504,505.16000815161666,554.3808174116977,512.3409660721234,606.66206887147,587.0331652728967,585.2714680269425,611.7456676763941,594.8935381388662,0.0,83.7621536517508,83.7621536517508,60.0,0.0,60.0,60.0,16.0,16.0,16.0,12.0,12.0,12.0,21.0,10.0,0.0,0.0,0.0,0.0,0.0,0.0,0.0,0.0,0.0,0.0,0.0,0.0,0.0,83.7621536517508,83.7621536517508,0.0,0.0,0.0,83.7621536517508,0.0,0.0,0.0013499999999999999 
 04/06  10:20:00,14.406666666666668,88.33333333333334,8.353333333333336,186.5,50.00000000000001,0.0,0.0,0.0,0.0,0.0,0.0,0.0,0.0,0.0,0.0,1978.0,0.0,347.7083261700713,65.01328453153826,166.59445548400334,10.426081026422997,277.5046621125013,0.0,65.01328453153823,88.87808892078582,0.0,0.0,19.42135171700737,-47.10638250766306,19.59501946715458,-128.50474313792533,19.43467323957043,-160.52485579521045,19.469773219480396,-61.31954677116937,17.031795043561134,14.665755801886974,18.747953190623357,-33.59393214731597,18.175411253098106,37.30335290580979,17.794098336294185,-11.451685597293249,17.86014097383329,-45.62565618282133,273.8328694564989,192.72974391645699,0.0,0.0,0.0,0.0,0.0,0.0,0.0,0.0,0.0,0.0,0.0,0.0,0.0,0.0,0.0,0.0,0.0,0.0,0.0,0.0,0.0,0.0,0.0,0.0,181.03546299432774,213.08936898250438,1779.6138470100632,0.0,0.0,70.59260634148129,83.24868578557515,704.9766789433362,0.0,0.0,194.97056298571216,229.3160947435225,1905.8193714001218,0.0,0.0,114.09909344588186,134.1341775393736,1127.805615612559,0.0,0.0,7.406802697878154,8.773983408000794,40.12656198165335,0.0,0.0,39.86202131115509,46.95831315062601,342.77132401900607,0.0,0.0,172.26499853780903,203.22921995329978,1349.2707093925422,0.0,0.0,13.450039353041959,15.89058200321954,92.71033873447195,0.0,0.0,94.73696552025794,111.98719726192047,638.1300180492037,41.371555220317699,28.375552277309816,237.48394062663648,280.06991295440937,2391.4586854040605,0.0,0.0,106.29746640934994,125.79561453211019,647.8404825219477,0.0,19.312487775702296,64.91674833292511,22.0,30.0,0.0,19.43698583172172,64.14135929308606,16.0,30.0,0.0,19.308578993814444,64.84962858488001,22.0,30.0,0.0,19.360407559253696,64.81874379091005,16.0,30.0,0.0,17.0810622015345,75.5399138374562,12.0,30.0,0.0,18.687902736418047,68.09078143380512,16.0,30.0,0.0,18.299259869112036,69.62743487178392,10.0,30.0,0.0,17.824498590868573,72.0975270266785,12.0,30.0,0.0,17.74513162874989,72.26087751301935,12.0,30.0,0.0,18.682855313182576,0.0,0.0,0.0,17.408098983292644,0.0,0.0,520.4813090591915,483.29529563410338,509.22799610328488,531.444723597986,600.389175687257,582.9626515994594,569.1792705349785,601.0686592652212,584.668760171334,0.0,83.7621536517508,83.7621536517508,60.0,0.0,60.0,60.0,16.0,16.0,16.0,12.0,12.0,12.0,21.0,10.0,0.0,0.0,0.0,0.0,0.0,0.0,0.0,0.0,0.0,0.0,0.0,0.0,0.0,83.7621536517508,83.7621536517508,0.0,0.0,0.0,83.7621536517508,0.0,0.0,0.0013366666666666664 
 04/06  10:30:00,14.59,87.5,8.505,196.0,59.0,0.0,0.0,0.0,0.0,0.0,0.0,0.0,0.0,0.0,0.0,989.0,0.0,383.35008525515186,68.2936834223951,175.00040693848849,11.494797067716246,305.95013612196706,0.0,68.29368342239508,93.36264290722203,0.0,0.0,19.403665092068907,-0.6370918326083483,19.554921522831479,-190.90592875240055,19.383309144503344,-133.76498813898025,19.474114142372828,-15.991785983595719,17.043876839866515,14.442877300639708,18.772721695497979,-34.094360946706959,18.165000760186076,36.96149729908393,17.7517017307073,-10.22115096750133,17.884347362135168,-45.50562987237299,235.23092315905979,173.96765012949573,0.0,0.0,0.0,0.0,0.0,0.0,0.0,0.0,0.0,0.0,0.0,0.0,0.0,0.0,0.0,0.0,0.0,0.0,0.0,0.0,0.0,0.0,0.0,0.0,190.0702709875063,222.62960936014009,1804.0323307384759,0.0,0.0,125.6094677876848,147.13702310091785,1189.8322121321865,0.0,0.0,96.12746952127032,112.63185609986033,895.5140379014518,0.0,0.0,41.583889341340078,48.69871453735489,397.7192571248559,0.0,0.0,7.346040396038108,8.669649847481827,37.321786261571187,0.0,0.0,39.603982079007767,46.48428029482612,327.3609351995289,0.0,0.0,169.1823147781415,198.8597010355761,1260.0907422986002,0.0,0.0,14.334786162760249,16.878806553114737,91.89026767905442,0.0,0.0,90.96264860805896,107.10169150875963,586.6190057173753,41.89530872837288,28.734779649089778,174.33813778123068,204.72794307408348,1726.8169820233657,0.0,0.0,103.86015281826535,122.41722538254605,609.888179567502,0.0,19.34443314835675,64.68635975543029,22.0,30.0,0.0,19.334817884218848,64.55780373764417,16.0,30.0,0.0,19.255056621467515,64.92298383188072,22.0,30.0,0.0,19.3815316779377,64.75099380193322,16.0,30.0,0.0,17.095588124379533,75.3406855324323,12.0,30.0,0.0,18.702749078062625,67.90985049425132,16.0,30.0,0.0,18.28847756357419,69.61349746292102,10.0,30.0,0.0,17.764358733162284,72.20302953455068,12.0,30.0,0.0,17.78388643773341,71.98231433187654,12.0,30.0,0.0,18.589184353194605,0.0,0.0,0.0,17.479991590684059,0.0,0.0,506.77048100963239,470.07514621260978,476.0946947559683,534.8977091894858,589.2852946721716,572.0246141910469,560.4554124064356,586.6566698043118,575.0749064214275,0.0,83.7621536517508,83.7621536517508,60.0,0.0,60.0,60.0,16.0,16.0,16.0,12.0,12.0,12.0,21.0,10.0,0.0,0.0,0.0,0.0,0.0,0.0,0.0,0.0,0.0,0.0,0.0,0.0,0.0,83.7621536517508,83.7621536517508,0.0,0.0,0.0,83.7621536517508,0.0,0.0,0.0013233333333333338 
 04/06  10:40:00,14.773333333333334,86.66666666666667,8.656666666666668,200.16666666666669,57.66666666666667,0.0,0.0,0.0,0.0,0.0,0.0,0.0,0.0,0.0,0.0,989.0,0.0,399.2726806812715,69.5483094117405,178.2153437444957,11.97223184822609,318.65782800192945,0.0,69.54830941174046,95.07781175381791,0.0,0.0,19.254500467057555,-114.30332156593386,19.617244280535695,-9.399798728978312,19.414818735778338,-10.9787939177113,19.397325907877304,-147.62228425070908,17.05472893272749,14.931259998461428,18.795160462086125,-38.239596114088048,18.178361978617056,52.14416015961342,17.724315821163999,-8.02859295396479,17.906109904049268,-35.57838492099518,216.15193616564103,149.15558619420336,0.0,0.0,0.0,0.0,0.0,0.0,0.0,0.0,0.0,0.0,0.0,0.0,0.0,0.0,0.0,0.0,0.0,0.0,0.0,0.0,0.0,0.0,0.0,0.0,104.90547550130244,122.9741724515217,905.1988780787931,0.0,0.0,4.5990458093703359,5.384728021379655,42.98070864133864,0.0,0.0,159.3527676341272,186.62333267724379,1460.43865810733,0.0,0.0,110.58197851564225,129.56905029841298,983.6303621656514,0.0,0.0,7.565567042920288,8.928140142316357,35.84452055882417,0.0,0.0,41.61325989665517,48.838758482531378,329.9584431995274,0.0,0.0,168.7958239958508,198.37750444959023,1207.1326852788475,0.0,0.0,15.941317807698744,18.772316796878,95.26843581417201,0.0,0.0,85.66867028439346,100.85410846364924,526.821147353807,42.474410952396727,29.13196910315277,154.9307533452428,181.95553822916566,1491.6860327275336,0.0,0.0,99.88594372596056,117.70032626592327,564.0556943348353,0.0,19.09174588219105,65.82980579673445,22.0,30.0,0.0,19.456663956413875,64.1275515383319,16.0,30.0,0.0,19.36453064797256,64.76285109697075,22.0,30.0,0.0,19.227201847749709,65.25161562963334,16.0,30.0,0.0,17.10867590784306,75.18791886612699,12.0,30.0,0.0,18.718051300200327,67.78904813423847,16.0,30.0,0.0,18.32421841996441,69.35978453234958,10.0,30.0,0.0,17.731056583969527,72.23928381542463,12.0,30.0,0.0,17.818388606136677,71.75090042264313,12.0,30.0,0.0,18.55757219077271,0.0,0.0,0.0,17.551966538980783,0.0,0.0,502.38808716141537,478.18156121411956,527.3430592439498,498.67061591811798,580.8658180589945,564.2662952599442,551.9142538273319,576.9885375279631,568.4313459809373,0.0,83.7621536517508,83.7621536517508,60.0,0.0,60.0,60.0,16.0,16.0,16.0,12.0,12.0,12.0,21.0,10.0,0.0,0.0,0.0,0.0,0.0,0.0,0.0,0.0,0.0,0.0,0.0,0.0,0.0,83.7621536517508,83.7621536517508,0.0,0.0,0.0,83.7621536517508,0.0,0.0,0.0013100000000000002 
 04/06  10:50:00,14.956666666666667,85.83333333333334,8.808333333333334,204.33333333333335,56.33333333333333,0.0,0.0,0.0,0.0,0.0,0.0,0.0,0.0,0.0,0.0,989.0,0.0,414.8034979849176,70.78698462677275,181.38940695825969,12.437919275737766,331.05284510314029,0.0,70.7869846267727,96.7711746826237,0.0,0.0,19.33123298936019,28.213590131641469,19.54802037824806,-239.8382182592377,19.26615435357342,-216.2384522753673,19.434573792461149,-4.366351821739499,17.06525354494383,14.51335031347051,18.824291322599004,-33.54427266190419,18.151962375847974,33.36497250767843,17.704478204143784,-5.297254700340545,17.928836013901518,-29.80692897038989,260.057255681244,137.70556474165915,0.0,0.0,0.0,0.0,0.0,0.0,0.0,0.0,0.0,0.0,0.0,0.0,0.0,0.0,0.0,0.0,0.0,0.0,0.0,0.0,0.0,0.0,0.0,0.0,269.5885179406912,315.77414625714837,2346.7086542679237,0.0,0.0,164.7990650774419,193.05832951132815,1423.243569615402,0.0,0.0,199.1301216475778,233.42810545289198,1645.0657925742528,0.0,0.0,100.89579079179218,118.17171504370654,880.8693401924618,0.0,0.0,7.210202037251623,8.508236406773618,31.673981551742256,0.0,0.0,40.657859880832159,47.712110839699679,309.6738766440923,0.0,0.0,163.77905011144456,192.5050932361995,1095.691934592908,0.0,0.0,16.811347007392443,19.797907619931423,93.546080756366,0.0,0.0,85.14910747536502,100.2279661759198,498.0665291907052,43.07282232486384,29.542402143253676,316.28567853123607,371.21543016773509,2700.550885550158,0.0,0.0,99.95261487554838,117.73905702730656,546.0338297883748,0.0,19.316717899959288,64.80658383678827,22.0,30.0,0.0,19.28185406416202,64.87813931690309,16.0,30.0,0.0,19.09121801010262,65.66213269138243,22.0,30.0,0.0,19.329776087532346,64.90827934593952,16.0,30.0,0.0,17.120616500046347,75.04528927133745,12.0,30.0,0.0,18.74554637261681,67.57749236873186,16.0,30.0,0.0,18.276664367655884,69.57546873286829,10.0,30.0,0.0,17.709040474891343,72.25934302902889,12.0,30.0,0.0,17.85249662546329,71.54057585006291,12.0,30.0,0.0,18.72237676992869,0.0,0.0,0.0,17.644574646401069,0.0,0.0,499.49245144185439,464.6738787994156,465.8601204188459,527.1258605375933,572.8770963465562,554.304188529864,547.7594143748136,568.3375208028706,561.0841195282716,0.0,83.7621536517508,83.7621536517508,60.0,0.0,60.0,60.0,16.0,16.0,16.0,12.0,12.0,12.0,21.0,10.0,0.0,0.0,0.0,0.0,0.0,0.0,0.0,0.0,0.0,0.0,0.0,0.0,0.0,83.7621536517508,83.7621536517508,0.0,0.0,0.0,83.7621536517508,0.0,0.0,0.0013066666666666668 
 04/06  11:00:00,15.14,85.0,8.96,208.5,55.0,0.0,0.0,0.0,0.0,0.0,0.0,0.0,0.0,0.0,0.0,989.0,0.0,429.93644527725919,72.01008317506653,184.52355523306063,12.891676691635518,343.1303255944026,0.0,72.01008317506649,98.44324312705683,0.0,0.0,19.1844735799979,-94.50202050411827,19.609349299656459,-36.571222284550007,19.333846982385276,7.349229069728608,19.370924392065917,-140.95272590224068,17.076866611852986,15.22216850186851,18.849494818622824,-44.23437261794925,18.183781085302344,63.53582805138285,17.6914613780754,-1.9049150154543214,17.955027570061014,-19.784921340385155,219.99648320382586,107.72495541398576,0.0,0.0,0.0,0.0,0.0,0.0,0.0,0.0,0.0,0.0,0.0,0.0,0.0,0.0,0.0,0.0,0.0,0.0,0.0,0.0,0.0,0.0,0.0,0.0,165.2996104230801,193.7824350335451,1291.805578329138,0.0,0.0,29.812921502760785,34.908244167168138,253.7936967758707,0.0,0.0,246.21237892258103,288.4110763204147,2035.7724335053136,0.0,0.0,142.48929274301458,166.95943451496917,1153.5733593185269,0.0,0.0,7.631147938993934,9.004312607898184,30.91904806973215,0.0,0.0,43.57386838502877,51.12934054925534,317.3033877054641,0.0,0.0,163.6260149993656,192.27493885095314,1057.7030060892815,0.0,0.0,18.122064300341856,21.34193325535286,93.73597823391171,0.0,0.0,76.57860151059927,90.12532002752345,425.7809251226187,43.660722924366378,29.945626148399446,242.4140056407741,284.59317804663677,1996.8608925632805,0.0,0.0,92.03271520817157,108.3841691648823,479.4902170498232,0.0,19.05058381600727,66.00402690579584,22.0,30.0,0.0,19.405310211075393,64.48273004842236,16.0,30.0,0.0,19.280932597851895,65.04567728083669,22.0,30.0,0.0,19.19325265144015,65.43815973293948,16.0,30.0,0.0,17.13436205202605,74.90959863706006,12.0,30.0,0.0,18.761826467708546,67.49707196649134,16.0,30.0,0.0,18.348088494149626,69.15902350407225,10.0,30.0,0.0,17.696973715617874,72.22239938235453,12.0,30.0,0.0,17.892037695852645,71.29074619623278,12.0,30.0,0.0,18.63735802010237,0.0,0.0,0.0,17.702469837305448,0.0,0.0,491.723068306768,482.69047426831329,516.3069832452168,493.86104184685498,565.2380882279127,549.9811770268167,538.3231783531367,559.4439131187719,553.5621687728278,0.0,83.7621536517508,83.7621536517508,60.0,0.0,60.0,60.0,16.0,16.0,16.0,12.0,12.0,12.0,21.0,10.0,0.0,0.0,0.0,0.0,0.0,0.0,0.0,0.0,0.0,0.0,0.0,0.0,0.0,83.7621536517508,83.7621536517508,0.0,0.0,0.0,83.7621536517508,0.0,0.0,0.0013033333333333335 
 04/06  11:10:00,15.151666666666668,84.66666666666667,9.006666666666668,212.66666666666667,53.66666666666667,0.0,0.0,0.0,0.0,0.0,0.0,0.0,0.0,0.0,0.0,989.0,0.0,444.6804046111951,73.21789326791864,187.61852711927214,13.333770423278777,354.89735818368475,0.0,73.2178932679186,100.09441109381074,0.0,0.0,19.256200197161229,30.19556806442779,19.56668761394635,-218.93182588555647,19.244401531390339,-157.68946164018508,19.407079758307618,-10.676090080817176,17.08833513698149,15.008779926046686,18.88045963222566,-35.61844143975145,18.160201687945688,38.29269401674446,17.681831605369849,0.47412039569655919,17.978160395684598,-17.254850013800025,232.9876929772381,105.59334475140304,0.0,0.0,0.0,0.0,0.0,0.0,0.0,0.0,0.0,0.0,0.0,0.0,0.0,0.0,0.0,0.0,0.0,0.0,0.0,0.0,0.0,0.0,0.0,0.0,258.6664180906072,303.0267879657996,2119.3717711480278,0.0,0.0,167.73271205397237,196.4790542668617,1384.813575163874,0.0,0.0,159.24214284266527,186.6407630524872,1261.830341540197,0.0,0.0,73.49979090803078,86.09328017615663,607.4148889613197,0.0,0.0,7.23075043377428,8.531548128766348,29.311348053501069,0.0,0.0,41.5981193296455,48.806270822371789,304.53638990462238,0.0,0.0,159.8122125553407,187.8221664240733,1014.1148373212295,0.0,0.0,18.625162317022747,21.934992050074269,95.63519021713545,0.0,0.0,79.34261775409037,93.36772095403069,444.444549206284,43.92997439611015,30.130297939718905,278.2736713117898,326.647014693674,2261.0097821529777,0.0,0.0,95.3367861825946,112.23763597638748,513.6033175987101,0.0,19.254720064064665,65.12220759420996,22.0,30.0,0.0,19.28655952927936,64.94456841768542,16.0,30.0,0.0,19.117809743096307,65.63822435757159,22.0,30.0,0.0,19.290663665121,65.02147044190855,16.0,30.0,0.0,17.147138612800267,74.78140984807911,12.0,30.0,0.0,18.79341197519888,67.2826208076589,16.0,30.0,0.0,18.30005617643473,69.39006999653133,10.0,30.0,0.0,17.689780560135124,72.21570601384457,12.0,30.0,0.0,17.924758651248419,71.11525280259696,12.0,30.0,0.0,18.667968368000325,0.0,0.0,0.0,17.803455671340374,0.0,0.0,496.3495270558049,459.5634651989408,461.27201939823535,515.2324350258934,557.8967671545938,540.5288308480608,533.8116157233856,552.9634860452712,547.7902516878786,0.0,83.7621536517508,83.7621536517508,60.0,0.0,60.0,60.0,16.0,16.0,16.0,12.0,12.0,12.0,21.0,10.0,0.0,0.0,0.0,0.0,0.0,0.0,0.0,0.0,0.0,0.0,0.0,0.0,0.0,83.7621536517508,83.7621536517508,0.0,0.0,0.0,83.7621536517508,0.0,0.0,0.0013 
 04/06  11:20:00,15.163333333333336,84.33333333333334,9.053333333333335,216.83333333333335,52.33333333333333,0.0,0.0,0.0,0.0,0.0,0.0,0.0,0.0,0.0,0.0,989.0,0.0,459.0540326873621,74.41059932275415,190.67479520269638,13.764759885896206,366.3688326191097,0.0,74.41059932275411,101.72493069548702,0.0,0.0,19.171238107693239,-52.25793215045451,19.602636118296,-98.92933506662348,19.291259136670086,-2.928493566346333,19.359191802543763,-127.21103284427864,17.100656746697696,15.581945639970286,18.905790761905487,-46.733377364849278,18.18996964197993,66.03679495090364,17.677369114773794,4.403249953244995,18.00356713719178,-8.29631044765074,209.37286026507537,78.58481461695919,0.0,0.0,0.0,0.0,0.0,0.0,0.0,0.0,0.0,0.0,0.0,0.0,0.0,0.0,0.0,0.0,0.0,0.0,0.0,0.0,0.0,0.0,0.0,0.0,139.37913362460885,163.3630057126566,1097.9794895093888,0.0,0.0,70.67706853990946,82.76809948851002,591.3241663804473,0.0,0.0,201.86976359032546,236.48951874460637,1647.7607180405788,0.0,0.0,117.58574760874122,137.7799685270249,944.9981978464515,0.0,0.0,7.592349941282419,8.957801558231312,30.810533602,0.0,0.0,44.15902292608468,51.80753301232906,323.7550935523583,0.0,0.0,158.62561085014915,186.38773145412532,1023.0366928308848,0.0,0.0,19.346919709699347,22.785177424913294,98.89610390315989,0.0,0.0,70.55762901785437,83.0198830448744,398.7215270956528,44.21607824640146,30.326528289712944,198.10068799925123,232.60411534768438,1657.0934550032983,0.0,0.0,86.75402712806153,102.11320626076859,474.8493467844738,0.0,19.106129222992594,65.75712760027474,22.0,30.0,0.0,19.354595611606024,64.77137493764708,16.0,30.0,0.0,19.25083833061155,65.17010677686031,22.0,30.0,0.0,19.18689470680182,65.47319053491275,16.0,30.0,0.0,17.161105680778709,74.66226084760645,12.0,30.0,0.0,18.810651659788218,67.20891033919627,16.0,30.0,0.0,18.364268320168855,69.04939272042295,10.0,30.0,0.0,17.690003188418154,72.14259582244273,12.0,30.0,0.0,17.961459078610735,70.889554594497,12.0,30.0,0.0,18.58932504144596,0.0,0.0,0.0,17.858674779120788,0.0,0.0,476.12727022878866,479.90577457456228,508.1232959854216,485.24654241545076,550.6696009904766,536.044679404686,528.1768169560468,544.9511851995439,540.2316006585722,0.0,83.7621536517508,83.7621536517508,60.0,0.0,60.0,60.0,16.0,16.0,16.0,12.0,12.0,12.0,21.0,10.0,0.0,0.0,0.0,0.0,0.0,0.0,0.0,0.0,0.0,0.0,0.0,0.0,0.0,83.7621536517508,83.7621536517508,0.0,0.0,0.0,83.7621536517508,0.0,0.0,0.0012699999999999999 
 04/06  11:30:00,15.175,84.0,9.100000000000002,221.0,51.0,0.0,0.0,0.0,0.0,0.0,0.0,0.0,0.0,0.0,0.0,989.0,0.0,473.0819409577797,75.5882611988605,193.69251289720959,14.185383044991307,377.5643910718991,0.0,75.58826119886047,103.33488376426982,0.0,0.0,19.203510281183566,21.60197849663382,19.583468210225285,-201.25335131206158,19.218793715084638,-136.45357215184414,19.39670963798222,-12.419364831493113,17.113413486505924,15.753451795834338,18.937763531050416,-39.989604102530169,18.181984112204146,49.76585522840378,17.67550473445828,6.608798055411512,18.027541459852239,-5.895613082294403,221.93115582910469,76.40686488995107,0.0,0.0,0.0,0.0,0.0,0.0,0.0,0.0,0.0,0.0,0.0,0.0,0.0,0.0,0.0,0.0,0.0,0.0,0.0,0.0,0.0,0.0,0.0,0.0,210.20877601378107,246.288209159296,1694.9613521540446,0.0,0.0,142.98310511208877,167.4838643648351,1174.405580467002,0.0,0.0,124.10871390231817,145.45936132137073,977.9814754360009,0.0,0.0,62.817888869993577,73.58279169053897,514.8754854934803,0.0,0.0,7.377307471964783,8.703687030654999,29.972523755285275,0.0,0.0,42.64638137862682,50.027707687733357,314.3057909321847,0.0,0.0,157.02937851563494,184.52395003499928,1002.8301717165833,0.0,0.0,19.815417915146953,23.336703405699529,100.92158847714514,0.0,0.0,73.40689712492324,86.36263278077165,417.77097635710126,44.49601263768836,30.518527186343193,217.48218934067342,255.33252037319333,1800.2893114797535,0.0,0.0,90.1127728029305,106.03370355993407,507.47478655617,0.0,19.21224710207616,65.34960746678648,22.0,30.0,0.0,19.288685766175868,64.94804588603296,16.0,30.0,0.0,19.11920517198975,65.64400030358114,22.0,30.0,0.0,19.279890443811526,65.06852203743195,16.0,30.0,0.0,17.175224403253396,74.54670998057289,12.0,30.0,0.0,18.841996770757519,67.03024148476402,16.0,30.0,0.0,18.344199707804333,69.12713716858817,10.0,30.0,0.0,17.692418302083234,72.10660197022099,12.0,30.0,0.0,17.993497993349754,70.72914952760542,12.0,30.0,0.0,18.618031283569424,0.0,0.0,0.0,17.950072554285148,0.0,0.0,490.8597294553399,454.87066173037138,457.4124646882719,506.152165522296,544.2190255289893,529.6776190524823,518.4873422786789,538.7039022759279,534.7065927303607,0.0,83.7621536517508,83.7621536517508,60.0,0.0,60.0,60.0,16.0,16.0,16.0,12.0,12.0,12.0,21.0,10.0,0.0,0.0,0.0,0.0,0.0,0.0,0.0,0.0,0.0,0.0,0.0,0.0,0.0,83.7621536517508,83.7621536517508,0.0,0.0,0.0,83.7621536517508,0.0,0.0,0.00124 
 04/06  11:40:00,15.186666666666668,83.66666666666666,9.146666666666669,217.5,43.333333333333339,0.0,0.0,0.0,0.0,0.0,0.0,0.0,0.0,0.0,0.0,989.0,0.0,459.9599710540293,74.2568272062643,190.28072651366544,13.791918659150952,367.091794145162,0.0,74.25682720626426,101.5147125540502,0.0,0.0,19.155356774081377,-22.35851973682111,19.600216589334388,-130.52697043223726,19.25836889582886,-3.776974488844644,19.345388508591236,-130.44769566146534,17.124537748626996,16.20205414269742,18.956324192657158,-46.7525410381686,18.20267118627909,65.68840232730509,17.67637838868396,10.210794811192728,18.051104481309559,0.28447394299018927,203.59524631767273,58.265955810932158,0.0,0.0,0.0,0.0,0.0,0.0,0.0,0.0,0.0,0.0,0.0,0.0,0.0,0.0,0.0,0.0,0.0,0.0,0.0,0.0,0.0,0.0,0.0,0.0,123.93085046764958,145.24047429718139,977.980806678483,0.0,0.0,90.79588930218147,106.33871185966226,750.5296973835216,0.0,0.0,184.47937050704776,216.12721838178246,1490.0855146090653,0.0,0.0,114.42505636811421,134.08395790643687,910.7767645837333,0.0,0.0,7.578118145235625,8.940229923534013,30.800023997223055,0.0,0.0,43.99895325424824,51.611137695746908,324.76415170515096,0.0,0.0,155.35774049658665,182.5330217536531,1001.2592923573905,0.0,0.0,20.309497900882876,23.91805302744108,103.2455097965418,0.0,0.0,67.19165982323067,79.0416106283843,385.2170476776883,44.775335160813678,30.710106420311175,180.70138805730239,212.19935820761274,1516.478026930916,0.0,0.0,84.10846718184341,98.94810680955668,481.5793686282706,0.0,19.136795923228538,65.5933681631812,22.0,30.0,0.0,19.32724872057265,64.82081081841615,16.0,30.0,0.0,19.231228557802227,65.272159998526,22.0,30.0,0.0,19.171458740127134,65.462371221437,16.0,30.0,0.0,17.187759139634477,74.44567800543806,12.0,30.0,0.0,18.85948304779641,66.94015894971068,16.0,30.0,0.0,18.385626372570298,68.93296935977139,10.0,30.0,0.0,17.699442217536246,72.03219960868064,12.0,30.0,0.0,18.026439389964794,70.54457431336735,12.0,30.0,0.0,18.5558773048222,0.0,0.0,0.0,18.009311943773775,0.0,0.0,463.96407909650466,467.89604118191439,500.9585120834259,471.62765903042017,536.9420497683838,521.9006320363902,518.2547757776822,532.785168937263,528.3929987061807,0.0,83.7621536517508,83.7621536517508,60.0,0.0,60.0,60.0,16.0,16.0,16.0,12.0,12.0,12.0,21.0,10.0,0.0,0.0,0.0,0.0,0.0,0.0,0.0,0.0,0.0,0.0,0.0,0.0,0.0,83.7621536517508,83.7621536517508,0.0,0.0,0.0,83.7621536517508,0.0,0.0,0.00121 
 04/06  11:50:00,15.198333333333335,83.33333333333334,9.193333333333334,214.0,35.66666666666667,0.0,0.0,0.0,0.0,0.0,0.0,0.0,0.0,0.0,0.0,989.0,0.0,444.97794788773128,72.90641215010166,186.8203015179997,13.342681452390457,355.13470821725709,0.0,72.90641215010162,99.6685927908906,0.0,0.0,19.16459682457895,17.57439357977819,19.581034718637434,-186.47430573055136,19.190883182880194,-126.53421488476124,19.380633092760144,-12.693514387874075,17.13499394779668,16.47408132785432,18.973306762699019,-42.52592194139538,18.204001370951589,57.82078475361686,17.678498692055486,12.468431204154627,18.073370710203649,3.318734883147499,213.58164900000703,54.0495372963951,0.0,0.0,0.0,0.0,0.0,0.0,0.0,0.0,0.0,0.0,0.0,0.0,0.0,0.0,0.0,0.0,0.0,0.0,0.0,0.0,0.0,0.0,0.0,0.0,176.98528406159063,207.3810283219128,1409.0930289320727,0.0,0.0,126.73061956529917,148.4479471823899,1034.4578905651497,0.0,0.0,111.98890068519467,131.25968443722096,874.8292790997239,0.0,0.0,67.8788884416653,79.51414238492008,551.108249296924,0.0,0.0,7.475035780521962,8.818277711169609,30.372601205156977,0.0,0.0,43.567831704369719,51.10167005676293,322.34477819588747,0.0,0.0,154.00095849372259,180.94099184818607,988.0686650349708,0.0,0.0,20.574580466534774,24.2295556723048,104.42816228613774,0.0,0.0,68.27018226767069,80.30187213583486,393.8595383021923,45.062027771170487,30.90674058379321,186.6702125748229,219.19239459202908,1562.6845222905789,0.0,0.0,85.44093374744307,100.49097403453527,499.16017277338116,0.0,19.184351468114206,65.42729689503222,22.0,30.0,0.0,19.286517666833384,64.88538709901796,16.0,30.0,0.0,19.10824381440032,65.6216291026441,22.0,30.0,0.0,19.264303224642857,65.13705990983053,16.0,30.0,0.0,17.19895595465364,74.35978734816057,12.0,30.0,0.0,18.880202474226928,66.8346753892849,16.0,30.0,0.0,18.382861118574973,68.90402041049284,10.0,30.0,0.0,17.707199282057954,71.97070504040518,12.0,30.0,0.0,18.056400642281138,70.39180834495827,12.0,30.0,0.0,18.57672922501472,0.0,0.0,0.0,18.07983007810193,0.0,0.0,479.4823638729207,451.1607125443753,454.3521597294279,498.3803612352428,531.1873216385416,518.6272731783761,505.1620688928488,525.0251065950165,521.6701587871421,0.0,83.7621536517508,83.7621536517508,60.0,0.0,60.0,60.0,16.0,16.0,16.0,12.0,12.0,12.0,21.0,10.0,0.0,0.0,0.0,0.0,0.0,0.0,0.0,0.0,0.0,0.0,0.0,0.0,0.0,83.7621536517508,83.7621536517508,0.0,0.0,0.0,83.7621536517508,0.0,0.0,0.0011766666666666668 
 04/06  12:00:00,15.21,83.0,9.24,210.5,28.0,0.0,0.0,0.0,0.0,0.0,0.0,0.0,0.0,0.0,0.0,989.0,0.0,428.2685237105757,71.54029347179923,183.31963635713258,12.841648960100886,341.799001877993,0.0,71.54029347179919,97.80100498569967,0.0,0.0,19.137041760183228,-2.6977213415357257,19.580910206808903,-149.41459343504494,19.227495513702018,-2.660989328202959,19.325323468002766,-134.74552454534479,17.145042947864725,16.834241040134488,18.984136314233746,-45.33572110492378,18.218565126002063,65.78766615324094,17.682392472777577,15.24492052204107,18.094754706167679,6.737385133639691,201.46411805718163,43.189195315167129,0.0,0.0,0.0,0.0,0.0,0.0,0.0,0.0,0.0,0.0,0.0,0.0,0.0,0.0,0.0,0.0,0.0,0.0,0.0,0.0,0.0,0.0,0.0,0.0,116.48098877066508,136.50441824277068,916.5738285629296,0.0,0.0,102.45860368699327,120.01137381322548,836.3553092159008,0.0,0.0,178.88600895524449,209.5866203571146,1429.3682250300458,0.0,0.0,115.40671576776332,135.24667134867435,908.0366489953133,0.0,0.0,7.582480172838731,8.944710390491427,30.788259046985098,0.0,0.0,44.3109040697686,51.97112325180347,327.8589222651979,0.0,0.0,151.92168089378922,178.4812010863284,978.925550416343,0.0,0.0,20.94957405854183,24.670263475104656,106.25035928688694,0.0,0.0,63.83894676730799,75.082206402508,370.39230106842759,45.336031237127539,31.094671630402986,175.08823831519437,205.62777335822259,1462.2023910587757,0.0,0.0,81.26230034134103,95.56036011893403,480.7056595793761,0.0,19.149100026617785,65.46547485989658,22.0,30.0,0.0,19.298486772069724,64.81624692945856,16.0,30.0,0.0,19.21080747989157,65.34429966289437,22.0,30.0,0.0,19.14873547640241,65.43327018347444,16.0,30.0,0.0,17.20933798626492,74.2766056184256,12.0,30.0,0.0,18.892235533373535,66.75142312596889,16.0,30.0,0.0,18.40864058246899,68.78706727062738,10.0,30.0,0.0,17.71703956687531,71.9063453304285,12.0,30.0,0.0,18.08476710154719,70.24506954364391,12.0,30.0,0.0,18.532976635292177,0.0,0.0,0.0,18.128610732887308,0.0,0.0,457.083908297247,457.58639005002609,492.1794259004462,460.3682323610133,524.0868354554336,508.5820724832008,506.134175400234,520.954136624451,516.7554680102229,0.0,83.7621536517508,83.7621536517508,60.0,0.0,60.0,60.0,16.0,16.0,16.0,12.0,12.0,12.0,21.0,10.0,0.0,0.0,0.0,0.0,0.0,0.0,0.0,0.0,0.0,0.0,0.0,0.0,0.0,83.7621536517508,83.7621536517508,0.0,0.0,0.0,83.7621536517508,0.0,0.0,0.0011433333333333333 
 04/06  12:10:00,15.176666666666668,83.16666666666667,9.191666666666667,207.0,20.33333333333333,0.0,0.0,0.0,0.0,0.0,0.0,0.0,0.0,0.0,0.0,989.0,0.0,369.5953681656877,71.49860194602295,183.21274094794385,11.082356027397287,294.9725064419342,0.0,71.4986019460229,97.7440095091307,0.0,0.0,19.131201059396099,13.133729388894608,19.550692330305965,-167.96900125191133,19.16270487186703,-121.10749579193953,19.36206041465145,-12.693266232508904,17.150983935908486,17.039449948341259,18.977180494561077,-42.31194980805799,18.223897877505107,62.32497107911695,17.687242279135967,16.93734927826881,18.11546065144251,8.734084685233484,206.0378289573373,39.29648003027296,0.0,0.0,0.0,0.0,0.0,0.0,0.0,0.0,0.0,0.0,0.0,0.0,0.0,0.0,0.0,0.0,0.0,0.0,0.0,0.0,0.0,0.0,0.0,0.0,151.1491028719262,177.13315977185332,1202.6206160848543,0.0,0.0,112.84168213105788,132.19495997777418,922.6388245978452,0.0,0.0,108.33060803898306,126.98805021212333,847.2433560619329,0.0,0.0,76.17589215745974,89.2432951104799,618.8016953740787,0.0,0.0,7.504612482478742,8.853127828846145,31.061377599467514,0.0,0.0,43.83474147368717,51.414383731368179,327.63372203312698,0.0,0.0,150.2269490049151,176.49749889386423,979.4018247304799,0.0,0.0,21.00861279678338,24.740237942150875,108.3619615800541,0.0,0.0,63.70430612002418,74.92094467354328,377.17608482355936,45.22425025389915,31.018004289368429,167.1238227801037,196.28376193895026,1422.6936122537573,0.0,0.0,81.06887079747571,95.32151522331208,492.8124361358165,0.0,19.159640932487624,65.43858791520238,22.0,30.0,0.0,19.271392179752277,64.81173836945055,16.0,30.0,0.0,19.090795614890128,65.56569541929616,22.0,30.0,0.0,19.244377699272726,65.19908423986398,16.0,30.0,0.0,17.21503362137873,74.22560421537998,12.0,30.0,0.0,18.89644948595068,66.72265856547128,16.0,30.0,0.0,18.413126711513738,68.71655674555422,10.0,30.0,0.0,17.726681838494984,71.83562343711984,12.0,30.0,0.0,18.110845491384088,70.10660445746024,12.0,30.0,0.0,18.532604603964118,0.0,0.0,0.0,18.17725315981401,0.0,0.0,468.68546627145448,448.33478143207136,451.5198071507314,489.96330695406757,518.4890014092241,506.32632898121258,494.11336218542598,512.5765376865891,509.48268816451289,0.0,83.7621536517508,83.7621536517508,60.0,0.0,60.0,60.0,16.0,16.0,16.0,12.0,12.0,12.0,21.0,10.0,0.0,0.0,0.0,0.0,0.0,0.0,0.0,0.0,0.0,0.0,0.0,0.0,0.0,83.7621536517508,83.7621536517508,0.0,0.0,0.0,83.7621536517508,0.0,0.0,0.00111 
 04/06  12:20:00,15.143333333333335,83.33333333333334,9.143333333333335,203.5,12.666666666666665,0.0,0.0,0.0,0.0,0.0,0.0,0.0,0.0,0.0,0.0,989.0,0.0,349.08324872647349,70.05559525444207,179.51505411229608,10.467301651514179,278.6019104484659,0.0,70.05559525444203,95.77130996054231,0.0,0.0,19.112358718706628,6.267757481873559,19.531077468369277,-154.83828891174972,19.198340812386783,-1.4982342564580904,19.302869426250635,-140.41258976760856,17.158360575425428,17.21836819342559,18.972969704797536,-42.03041886763958,18.232816434976266,64.76043278143334,17.69250867803034,18.774449348796908,18.134244527726844,10.121118014057629,202.66649941483503,33.065833905142429,0.0,0.0,0.0,0.0,0.0,0.0,0.0,0.0,0.0,0.0,0.0,0.0,0.0,0.0,0.0,0.0,0.0,0.0,0.0,0.0,0.0,0.0,0.0,0.0,112.23114762218055,131.5438952167213,896.0909556548897,0.0,0.0,105.65992599459067,123.79288435320383,868.3503453182425,0.0,0.0,177.9987674775511,208.58373854399904,1438.3902012007182,0.0,0.0,117.68149806728991,137.94209698851359,935.2560387792786,0.0,0.0,7.512868425300698,8.863141731949178,31.69030213696686,0.0,0.0,43.78968470810467,51.364474329769,330.1579992084178,0.0,0.0,147.47170398054377,173.26118816584097,974.9935818769619,0.0,0.0,21.24338362222802,25.01707545812824,111.41948810009726,0.0,0.0,60.39190146081682,71.0231638154347,364.4129312156808,45.095243564006157,30.929522334709309,174.22961387696493,204.65940045754099,1474.0336520830595,0.0,0.0,77.92705816406601,91.62135991692073,484.33302004163127,0.0,19.139810444476866,65.38010173419471,22.0,30.0,0.0,19.25872206356901,64.8493433668573,16.0,30.0,0.0,19.188834782463198,65.39441718717318,22.0,30.0,0.0,19.12103231515972,65.42154506432103,16.0,30.0,0.0,17.221048516145858,74.1678046978205,12.0,30.0,0.0,18.895644499340773,66.68693971827445,16.0,30.0,0.0,18.42571878083781,68.65421213642644,10.0,30.0,0.0,17.736657485591797,71.77522648950428,12.0,30.0,0.0,18.13423179318562,69.98354934501247,12.0,30.0,0.0,18.50934069846472,0.0,0.0,0.0,18.212200195434805,0.0,0.0,453.05566229904806,450.6199768920558,483.20208016029229,452.75456627257287,511.8790125866914,497.1409227974219,494.2759427221068,508.6355911364013,504.747804356816,0.0,83.7621536517508,83.7621536517508,60.0,0.0,60.0,60.0,16.0,16.0,16.0,12.0,12.0,12.0,21.0,10.0,0.0,0.0,0.0,0.0,0.0,0.0,0.0,0.0,0.0,0.0,0.0,0.0,0.0,83.7621536517508,83.7621536517508,0.0,0.0,0.0,83.7621536517508,0.0,0.0,0.0010866666666666666 
 04/06  12:30:00,15.11,83.5,9.094999999999999,200.0,5.0,0.0,0.0,0.0,0.0,0.0,0.0,0.0,0.0,0.0,0.0,989.0,0.0,327.3510193074332,68.60081273491316,175.78719243203126,9.815662927863775,261.25755829569069,0.0,68.60081273491312,93.78251196236747,0.0,0.0,19.097739210935559,9.692173173143602,19.511341375864555,-148.67214059929666,19.12913578618055,-124.81528660852746,19.33951120196081,-12.099321256685017,17.16574501849795,17.312116044691437,18.966007048919324,-39.974107874799077,18.238127527063985,63.24041955907978,17.697769975068899,19.80780418804659,18.151467971117414,10.899577783303358,202.97359489903375,29.666063821072386,0.0,0.0,0.0,0.0,0.0,0.0,0.0,0.0,0.0,0.0,0.0,0.0,0.0,0.0,0.0,0.0,0.0,0.0,0.0,0.0,0.0,0.0,0.0,0.0,136.54484459593457,160.0534699627186,1096.3612273485354,0.0,0.0,99.85813307697029,117.00776085894639,825.0347088761452,0.0,0.0,113.45361173854764,133.02317156261698,895.3336938798027,0.0,0.0,82.77786868222036,96.9955900123913,679.5974097003732,0.0,0.0,7.469641937433788,8.812413545894728,32.099234442153527,0.0,0.0,43.150051702257687,50.617208447440237,327.9737994138114,0.0,0.0,145.0740979371394,170.45205775160557,970.1485728179196,0.0,0.0,21.16055638430149,24.9200859800536,112.77847984937535,0.0,0.0,59.24457953685711,69.6725288885098,363.904402470849,44.97803928349786,30.849135311041065,159.85383181204385,187.7907373993965,1384.8648494180432,0.0,0.0,76.55581114628622,90.00410373993631,485.58563754081799,0.0,19.128669281339915,65.465781930072,22.0,30.0,0.0,19.246956822169225,64.81071343763534,16.0,30.0,0.0,19.058777867172105,65.59455886505538,22.0,30.0,0.0,19.22039106714366,65.25275278791374,16.0,30.0,0.0,17.227057060774155,74.11331979709472,12.0,30.0,0.0,18.892708128114319,66.68262648384915,16.0,30.0,0.0,18.430206737993719,68.56458046080806,10.0,30.0,0.0,17.745540680454135,71.70170314319026,12.0,30.0,0.0,18.155033992286897,69.86195256708065,12.0,30.0,0.0,18.49579731076933,0.0,0.0,0.0,18.242819666466298,0.0,0.0,461.57407032899416,445.92919597831539,448.31604759626978,481.48225804063949,506.49042109372177,494.7372154801482,484.52094424839336,501.00181786809159,498.21214700350216,0.0,83.7621536517508,83.7621536517508,60.0,0.0,60.0,60.0,16.0,16.0,16.0,12.0,12.0,12.0,21.0,10.0,0.0,0.0,0.0,0.0,0.0,0.0,0.0,0.0,0.0,0.0,0.0,0.0,0.0,83.7621536517508,83.7621536517508,0.0,0.0,0.0,83.7621536517508,0.0,0.0,0.0010633333333333333 
 04/06  12:40:00,15.076666666666668,83.66666666666667,9.046666666666667,193.66666666666669,5.833333333333333,0.0,0.0,0.0,0.0,0.0,0.0,0.0,0.0,0.0,0.0,989.0,0.0,319.4262308253117,66.64795877145635,170.7830722581743,9.578036207936494,254.9328059814841,0.0,66.6479587714563,91.11281253917918,0.0,0.0,19.082416806291364,9.356019582604859,19.48828547331918,-159.1009140936835,19.16666138292686,0.47612605512222219,19.27510133781083,-146.25248002784339,17.174339900553563,17.304913935088508,18.96285424320764,-39.00307623140225,18.243373197980249,63.10162907056383,17.70292417946518,20.918264588445369,18.16669705652471,11.042438840797786,206.7109962841987,25.871330812205998,0.0,0.0,0.0,0.0,0.0,0.0,0.0,0.0,0.0,0.0,0.0,0.0,0.0,0.0,0.0,0.0,0.0,0.0,0.0,0.0,0.0,0.0,0.0,0.0,114.54844970673983,134.28685021974605,924.2290394700719,0.0,0.0,108.9596722470865,127.69064078215703,901.7217177349902,0.0,0.0,182.48578488120837,213.88519001035079,1488.7947648641357,0.0,0.0,122.36785696191947,143.46809310494505,980.911542493614,0.0,0.0,7.438253521682967,8.775632805183843,32.569340516413969,0.0,0.0,42.97126268346727,50.41084327098189,329.27018984586536,0.0,0.0,142.10008819194003,166.9627898493351,961.1205920441623,0.0,0.0,21.332101614751524,25.12264657115953,115.48151190775624,0.0,0.0,56.34186682482895,66.25827399178032,351.855518104903,44.8458373515296,30.75846183232484,182.2571782766439,214.12414543605349,1549.51620753849,0.0,0.0,73.82841604378368,86.79575736751295,476.6061138763838,0.0,19.1145849730101,65.383370469992,22.0,30.0,0.0,19.21990619596835,64.89975002686825,16.0,30.0,0.0,19.160246131832193,65.44992006434014,22.0,30.0,0.0,19.08799692689584,65.44897250418657,16.0,30.0,0.0,17.23415692825027,74.04407789374989,12.0,30.0,0.0,18.89010201258549,66.63928771106656,16.0,30.0,0.0,18.434966649171697,68.54210302011752,10.0,30.0,0.0,17.753968993680595,71.6413759381203,12.0,30.0,0.0,18.17297730430998,69.75278734867764,12.0,30.0,0.0,18.493268755509228,0.0,0.0,0.0,18.265879877891938,0.0,0.0,449.6993555701556,446.06507425250467,475.3077525374931,447.5942355324137,500.5161199455415,487.0382694878565,484.1776812971106,496.99889244934209,493.5768383002676,0.0,83.7621536517508,83.7621536517508,60.0,0.0,60.0,60.0,16.0,16.0,16.0,12.0,12.0,12.0,21.0,10.0,0.0,0.0,0.0,0.0,0.0,0.0,0.0,0.0,0.0,0.0,0.0,0.0,0.0,83.7621536517508,83.7621536517508,0.0,0.0,0.0,83.7621536517508,0.0,0.0,0.00104 
 04/06  12:50:00,15.043333333333333,83.83333333333333,8.998333333333333,187.33333333333332,6.666666666666666,0.0,0.0,0.0,0.0,0.0,0.0,0.0,0.0,0.0,0.0,989.0,0.0,311.47504336558458,64.67651895416434,165.73132678719814,9.33961791508068,248.58698478923618,0.0,64.67651895416431,88.41770484471624,0.0,0.0,19.065622620405138,8.331630481897264,19.478744872097218,-136.757412327966,19.096104314132448,-126.20854865817546,19.311798835091623,-11.466464270702545,17.183502769358836,17.272964184701949,18.96019918503164,-38.083202754591187,18.248006264673309,62.501477328894,17.707700654209299,21.440214325724584,18.180454347948968,11.047771876977095,201.63138125597744,23.172049242386494,0.0,0.0,0.0,0.0,0.0,0.0,0.0,0.0,0.0,0.0,0.0,0.0,0.0,0.0,0.0,0.0,0.0,0.0,0.0,0.0,0.0,0.0,0.0,0.0,130.08429553341035,152.51429193088095,1053.705067047899,0.0,0.0,93.00117607473433,108.9946824547691,776.1167888012593,0.0,0.0,117.97094983127858,138.3502115590902,939.2341323059782,0.0,0.0,86.54527422644046,101.43101505146164,717.086603772137,0.0,0.0,7.4091165438463399,8.741475000901435,33.05556778147478,0.0,0.0,42.442281916327349,49.793101473192809,327.88010543139827,0.0,0.0,139.85089863381178,164.32845543019725,956.240503720026,0.0,0.0,21.17298820514049,24.936029896430808,116.33993333782749,0.0,0.0,55.03458791820225,64.72090755480325,349.0971871548497,44.72352696814825,30.674572680485779,158.30008282698885,186.00633999969504,1387.0934303956379,0.0,0.0,72.20661367398734,84.88762412509549,473.7454042118339,0.0,19.096699091687478,65.50807654438602,22.0,30.0,0.0,19.2212332554869,64.83657284302136,16.0,30.0,0.0,19.026347326389684,65.64692590117495,22.0,30.0,0.0,19.190915819044937,65.31036015944476,16.0,30.0,0.0,17.242011952383174,73.97622635167498,12.0,30.0,0.0,18.88797323490896,66.63192394316774,16.0,30.0,0.0,18.4384481470237,68.44736415316496,10.0,30.0,0.0,17.7610757975447,71.56315766361921,12.0,30.0,0.0,18.188713047196364,69.64510744752062,12.0,30.0,0.0,18.464046199193264,0.0,0.0,0.0,18.285244199392627,0.0,0.0,456.3520804801412,443.62913097851426,445.46078565322275,473.889997754569,495.59177851480168,484.6972167713419,476.004590535045,490.51349808533828,488.144928548345,0.0,83.7621536517508,83.7621536517508,60.0,0.0,60.0,60.0,16.0,16.0,16.0,12.0,12.0,12.0,21.0,10.0,0.0,0.0,0.0,0.0,0.0,0.0,0.0,0.0,0.0,0.0,0.0,0.0,0.0,83.7621536517508,83.7621536517508,0.0,0.0,0.0,83.7621536517508,0.0,0.0,0.0010366666666666667 
 04/06  13:00:00,15.01,84.0,8.95,181.0,7.5,0.0,0.0,0.0,0.0,0.0,0.0,0.0,0.0,0.0,0.0,989.0,0.0,303.4964652261371,62.68758588406259,160.63475572776475,9.100378310702136,242.21930322060266,0.0,62.687585884062567,85.69868254741574,0.0,0.0,19.053965680903798,11.53681109833451,19.452478785531836,-163.19717166402553,19.134993904444526,1.302074670971706,19.24598764017049,-147.75144801643638,17.193004686949448,17.140805277162629,18.95763190746917,-37.21359495057004,18.251683787768579,61.48665775561312,17.712466603793346,22.134860541720287,18.192551056082516,10.684026376145085,209.0131726430318,20.811555567624056,0.0,0.0,0.0,0.0,0.0,0.0,0.0,0.0,0.0,0.0,0.0,0.0,0.0,0.0,0.0,0.0,0.0,0.0,0.0,0.0,0.0,0.0,0.0,0.0,117.41743843373499,137.6776195451241,957.0405960530358,0.0,0.0,112.30487808228273,131.64113877229247,936.7624500279693,0.0,0.0,183.980984984421,215.68328473807575,1514.5889358551816,0.0,0.0,123.93797327008882,145.3406455086897,1002.4490791609914,0.0,0.0,7.358699032426099,8.682214140972097,33.445611844302707,0.0,0.0,42.435738742890048,49.78869030059775,330.5169061297057,0.0,0.0,137.25319029796695,161.28251947807264,948.1364919363472,0.0,0.0,21.32605096729382,25.116999702653979,118.898648272589,0.0,0.0,52.563454960411288,61.81527903259264,338.35006682124875,44.59129097304739,30.583875838852817,187.62626145234655,220.47105611438338,1605.9592725047506,0.0,0.0,69.92676758475503,82.20796542679384,465.58048475728097,0.0,19.088416262509417,65.40984242057449,22.0,30.0,0.0,19.18520080085241,64.95442870975568,16.0,30.0,0.0,19.129806370711529,65.50377164396198,22.0,30.0,0.0,19.05671497105173,65.4897112638785,16.0,30.0,0.0,17.250230865897828,73.89663890398899,12.0,30.0,0.0,18.886139737681387,66.57852936179777,16.0,30.0,0.0,18.440139820013675,68.44026571529258,10.0,30.0,0.0,17.767836198307419,71.50617064777339,12.0,30.0,0.0,18.20219187947103,69.55076288470014,12.0,30.0,0.0,18.472425988693588,0.0,0.0,0.0,18.300457069198566,0.0,0.0,446.6305976231394,442.67378801862147,468.4822312272208,443.85647460817327,490.2836383090054,478.12100509424678,475.66020647118469,486.8369175699904,483.87350850246937,0.0,83.7621536517508,83.7621536517508,60.0,0.0,60.0,60.0,16.0,16.0,16.0,12.0,12.0,12.0,21.0,10.0,0.0,0.0,0.0,0.0,0.0,0.0,0.0,0.0,0.0,0.0,0.0,0.0,0.0,83.7621536517508,83.7621536517508,0.0,0.0,0.0,83.7621536517508,0.0,0.0,0.0010333333333333332 
 04/06  13:10:00,15.008333333333333,84.16666666666667,8.736666666666667,174.66666666666669,8.333333333333334,0.0,0.0,0.0,0.0,0.0,0.0,0.0,0.0,0.0,0.0,989.0,0.0,295.48827630521887,60.68211614070445,155.49581024148885,8.860250823337692,235.82798940563078,0.0,60.68211614070442,82.95705336404994,0.0,0.0,19.036393594665147,7.335739376879246,19.446794888819896,-129.43786535866048,19.067643833847599,-124.2515351824195,19.283115223446637,-11.083833240180411,17.202606515610769,16.775255590781656,18.95541141424752,-36.764055113010048,18.255218376799044,60.77339641142953,17.716959717076877,22.227150764663408,18.203707640319764,10.375640212878352,194.39484960602023,18.852051633914927,0.0,0.0,0.0,0.0,0.0,0.0,0.0,0.0,0.0,0.0,0.0,0.0,0.0,0.0,0.0,0.0,0.0,0.0,0.0,0.0,0.0,0.0,0.0,0.0,124.0719489786941,145.49142401331199,1006.4609738656169,0.0,0.0,88.74627095428972,104.02539224581024,742.1380078443855,0.0,0.0,117.61328226157497,137.9529834053981,938.7739691348373,0.0,0.0,87.69470774268761,102.79635041885197,727.6697885297025,0.0,0.0,7.2300860594126459,8.530409312322052,33.00265441965084,0.0,0.0,41.8868357264201,49.14585687465978,326.23253736043918,0.0,0.0,134.97705448141714,158.61195667884739,933.308027938631,0.0,0.0,21.022069622574898,24.75912138336112,117.5068588214142,0.0,0.0,51.58258985151614,60.66065719516848,333.43816950589896,43.50528452324197,29.83901544803977,154.8034982717733,181.92305682744536,1360.8358772400214,0.0,0.0,68.31725851356475,80.31373985757506,456.7903053098878,0.0,19.06694058609323,65.54638592932472,22.0,30.0,0.0,19.194245848830915,64.8792581520278,16.0,30.0,0.0,19.000938961186284,65.68471100390724,22.0,30.0,0.0,19.161314224382314,65.35798579986614,16.0,30.0,0.0,17.25834516182476,73.82195626192574,12.0,30.0,0.0,18.88428937515185,66.56772756779708,16.0,30.0,0.0,18.44176829141107,68.35153549293796,10.0,30.0,0.0,17.77337491688285,71.42757180396854,12.0,30.0,0.0,18.214188054069355,69.45476385721561,12.0,30.0,0.0,18.443617027284455,0.0,0.0,0.0,18.31297162754627,0.0,0.0,451.74400927589996,441.4555907748452,443.06133376820108,467.2326087307164,485.97399901011866,476.1005205205935,468.80398478499066,481.31972246617559,479.3365227228481,0.0,83.7621536517508,83.7621536517508,60.0,0.0,60.0,60.0,16.0,16.0,16.0,12.0,12.0,12.0,21.0,10.0,0.0,0.0,0.0,0.0,0.0,0.0,0.0,0.0,0.0,0.0,0.0,0.0,0.0,83.7621536517508,83.7621536517508,0.0,0.0,0.0,83.7621536517508,0.0,0.0,0.0010299999999999999 
 04/06  13:20:00,15.006666666666668,84.33333333333334,8.523333333333334,168.33333333333332,9.166666666666668,0.0,0.0,0.0,0.0,0.0,0.0,0.0,0.0,0.0,0.0,989.0,0.0,287.4472810259065,58.660948013660568,150.31663837894525,8.619139632471324,229.41049295906817,0.0,58.66094801366054,80.19396330001662,0.0,0.0,19.027317071130356,12.658249352122767,19.420302670163936,-163.03897881996,19.10636131357735,1.0137232237375429,19.21985473966687,-144.6041714515104,17.212166014269095,16.281877943601189,18.953210788771515,-36.00761476827324,18.256777508106589,58.84544718471261,17.721414417060076,22.533283249452098,18.213589177712249,9.760811787181183,200.4332720332195,17.128584420107928,0.0,0.0,0.0,0.0,0.0,0.0,0.0,0.0,0.0,0.0,0.0,0.0,0.0,0.0,0.0,0.0,0.0,0.0,0.0,0.0,0.0,0.0,0.0,0.0,118.50918696662957,138.97607312079507,960.6932231143462,0.0,0.0,113.64249459856005,133.22745084849996,942.1326994838564,0.0,0.0,179.94850984570665,210.9851843778764,1472.8934804281763,0.0,0.0,122.32789719297614,143.46981536958257,984.4229799034094,0.0,0.0,7.058692164569709,8.328151846372613,32.35546919832085,0.0,0.0,41.900471194150188,49.16345996380665,326.35866740864216,0.0,0.0,132.05377867827063,155.18015426470329,912.9601309613759,0.0,0.0,21.023591401958627,24.760959077039897,117.80809427202212,0.0,0.0,49.400947708904059,58.094281250473517,320.5158657958159,42.423004718053508,29.096711054906394,189.69663579860288,222.90613676699028,1609.2377728294987,0.0,0.0,66.04570953276166,77.64272524677435,443.15028306508676,0.0,19.06245642586957,65.44490187579223,22.0,30.0,0.0,19.155836208119245,65.02704193805073,16.0,30.0,0.0,19.1023347149174,65.53873156352627,22.0,30.0,0.0,19.032466289161193,65.54243354084551,16.0,30.0,0.0,17.266241933496308,73.74016287122896,12.0,30.0,0.0,18.882796927986303,66.51097055639178,16.0,30.0,0.0,18.439519392113135,68.35976001809405,10.0,30.0,0.0,17.778665594903005,71.37255149702092,12.0,30.0,0.0,18.22452443954065,69.37018458825527,12.0,30.0,0.0,18.47757775119012,0.0,0.0,0.0,18.323091167855329,0.0,0.0,443.91371487225606,439.9637871314964,462.54088863028866,440.95840569069727,481.45600033959809,470.5678160083336,468.528504294544,478.1120724052357,475.60144676400969,0.0,83.7621536517508,83.7621536517508,60.0,0.0,60.0,60.0,16.0,16.0,16.0,12.0,12.0,12.0,21.0,10.0,0.0,0.0,0.0,0.0,0.0,0.0,0.0,0.0,0.0,0.0,0.0,0.0,0.0,83.7621536517508,83.7621536517508,0.0,0.0,0.0,83.7621536517508,0.0,0.0,0.00107 
 04/06  13:30:00,15.004999999999999,84.5,8.309999999999999,162.0,10.0,0.0,0.0,0.0,0.0,0.0,0.0,0.0,0.0,0.0,0.0,989.0,0.0,279.36950113937237,56.624817107797039,145.09912506737849,8.376925449647738,222.963638854612,0.0,56.62481710779701,77.41041798293745,0.0,0.0,19.01047440845981,7.177708094395712,19.41739888077152,-122.75149095133566,19.04575768915544,-115.63593351598775,19.256521020555469,-10.722930716938663,17.221693697939487,15.895385011544392,18.95034150673293,-36.0330441607191,18.259885415962239,58.76131166173491,17.725498548960176,22.433020622893538,18.222502556839645,9.249726992450178,183.5563967797798,15.378165700012687,0.0,0.0,0.0,0.0,0.0,0.0,0.0,0.0,0.0,0.0,0.0,0.0,0.0,0.0,0.0,0.0,0.0,0.0,0.0,0.0,0.0,0.0,0.0,0.0,121.80031901173705,142.84615603141735,982.5852859392729,0.0,0.0,87.57796561212352,102.667127918628,728.9438403162492,0.0,0.0,113.86233533928716,133.56404294810427,906.2697469363584,0.0,0.0,84.89764330745595,99.53069754348926,700.789643084296,0.0,0.0,6.941595841881524,8.18995730342846,31.946506105741905,0.0,0.0,41.51427323553857,48.711572806154538,323.29654783808317,0.0,0.0,129.93316926242466,152.69209675289705,899.0764173200208,0.0,0.0,20.7068600055091,24.38815725399294,116.28315558212974,0.0,0.0,48.28740689777412,56.78428582145795,314.3308276882222,41.35416566850386,28.363625287039694,151.9470141344533,178.5712011117116,1327.4382455902897,0.0,0.0,64.29839214538127,75.58784913544649,432.6667179140122,0.0,19.040746487420298,65.59570119339378,22.0,30.0,0.0,19.170882517788855,64.96538327834512,16.0,30.0,0.0,18.98602105141527,65.73775944657746,22.0,30.0,0.0,19.135864172068709,65.38504243931497,16.0,30.0,0.0,17.273766975034446,73.66733354940503,12.0,30.0,0.0,18.880396931208474,66.50305781144974,16.0,30.0,0.0,18.440819283230338,68.27705790891187,10.0,30.0,0.0,17.783024410955787,71.29954388427193,12.0,30.0,0.0,18.233670608540025,69.28791426487779,12.0,30.0,0.0,18.442675979979009,0.0,0.0,0.0,18.331109862826808,0.0,0.0,447.79481281723607,439.7131504363333,441.242147639784,461.300089852084,477.77531208367079,468.8569572334423,462.80317811474057,473.49804499529287,471.85759782700395,0.0,83.7621536517508,83.7621536517508,60.0,0.0,60.0,60.0,16.0,16.0,16.0,12.0,12.0,12.0,21.0,10.0,0.0,0.0,0.0,0.0,0.0,0.0,0.0,0.0,0.0,0.0,0.0,0.0,0.0,83.7621536517508,83.7621536517508,0.0,0.0,0.0,83.7621536517508,0.0,0.0,0.00111 
 04/06  13:40:00,15.003333333333334,84.66666666666667,8.096666666666668,160.5,9.5,0.0,0.0,0.0,0.0,0.0,0.0,0.0,0.0,0.0,0.0,989.0,0.0,276.514292623163,56.06287406628333,143.65916379375418,8.291311499884689,220.68490655018207,0.0,56.0628740662833,76.64219924161476,0.0,0.0,19.003817098924494,13.70192637092805,19.39260821022805,-160.30045785817493,19.082525897806744,0.0208237393080708,19.200993407012267,-135.78653211049369,17.23154751877675,15.391478040293663,18.948852037022559,-35.29131537897524,18.26081992608928,56.64337635290576,17.73022023224648,22.554404849069785,18.231234169328589,8.594294233431129,191.85024986606732,14.166459171826319,0.0,0.0,0.0,0.0,0.0,0.0,0.0,0.0,0.0,0.0,0.0,0.0,0.0,0.0,0.0,0.0,0.0,0.0,0.0,0.0,0.0,0.0,0.0,0.0,119.9850604093494,140.7220705208551,968.1036061241556,0.0,0.0,115.29714380224637,135.18129809662069,951.4378924501843,0.0,0.0,167.77878894018208,196.73936619997907,1367.2888947334828,0.0,0.0,117.13713391952229,137.39100057761829,940.733296882388,0.0,0.0,6.771547504856569,7.989295322832912,31.290942007246526,0.0,0.0,41.526342529321698,48.72726339027873,323.4177862060984,0.0,0.0,127.31888986894022,149.62341978346289,880.6251247139639,0.0,0.0,20.68925255671801,24.367521366070787,116.44528698452266,0.0,0.0,46.45746104031725,54.631963343288287,303.34652338527499,40.29434245619728,27.636723220985798,188.41202621606326,221.39570355802074,1590.1283208625528,0.0,0.0,62.38781614889928,73.34185225364287,420.95104408474489,0.0,19.039699185244286,65.52325589212556,22.0,30.0,0.0,19.1328989548237,65.12780099318292,16.0,30.0,0.0,19.080707891998907,65.5596260361082,22.0,30.0,0.0,19.020666877577886,65.59741493090321,16.0,30.0,0.0,17.28146900349275,73.58712596925521,12.0,30.0,0.0,18.878995455425245,66.45018461672413,16.0,30.0,0.0,18.43764903779002,68.29493513482507,10.0,30.0,0.0,17.78765678317289,71.2471411068477,12.0,30.0,0.0,18.242030025974907,69.21240305731179,12.0,30.0,0.0,18.484176340133169,0.0,0.0,0.0,18.33862324590941,0.0,0.0,441.7304195079608,437.87541594784769,457.4511670020243,438.79748538741736,473.947737910641,464.24753593347875,462.4633482773125,470.7500164003812,468.6450358192234,0.0,83.7621536517508,83.7621536517508,60.0,0.0,60.0,60.0,16.0,16.0,16.0,12.0,12.0,12.0,21.0,10.0,0.0,0.0,0.0,0.0,0.0,0.0,0.0,0.0,0.0,0.0,0.0,0.0,0.0,83.7621536517508,83.7621536517508,0.0,0.0,0.0,83.7621536517508,0.0,0.0,0.00115 
 04/06  13:50:00,15.001666666666666,84.83333333333334,7.883333333333333,159.0,9.0,0.0,0.0,0.0,0.0,0.0,0.0,0.0,0.0,0.0,0.0,989.0,0.0,273.61697751302457,55.49416881324158,142.20187473551858,8.204435006371364,218.3725694434278,0.0,55.49416881324155,75.86473604445783,0.0,0.0,18.988327578158214,7.584374245961953,19.392962408736758,-118.46378030807228,19.031141701430383,-104.16067883804817,19.23832004909829,-10.617163702017934,17.241676961865676,15.014277149310886,18.94733237760417,-35.50812088546354,18.263824755056754,56.80881027043506,17.735081642876567,22.365423667107735,18.239602622688204,8.047958429827986,171.80873361368777,12.566455350780416,0.0,0.0,0.0,0.0,0.0,0.0,0.0,0.0,0.0,0.0,0.0,0.0,0.0,0.0,0.0,0.0,0.0,0.0,0.0,0.0,0.0,0.0,0.0,0.0,121.29191098424228,142.26488394360306,974.1359698168285,0.0,0.0,87.82863492557164,102.96993563293509,728.2215248185007,0.0,0.0,104.78001293391792,122.91468965734279,833.6840554408432,0.0,0.0,76.49330692835919,89.68636516263813,629.5773642294266,0.0,0.0,6.667440007072086,7.866409331962972,30.940432553911685,0.0,0.0,41.16864758417834,48.30864647104797,320.620746599057,0.0,0.0,125.52146005088975,147.51429328483773,868.9664964915961,0.0,0.0,20.397843730690285,24.02452015319985,115.05163417220517,0.0,0.0,45.480868902613618,53.483244315474127,297.8366107590218,39.24540884444415,26.917290016765546,145.30633352037703,170.77165727861684,1267.3826859011288,0.0,0.0,60.821762210057958,71.50024619513349,411.46840021268789,0.0,19.019062630373545,65.66665645057405,22.0,30.0,0.0,19.15113468382996,65.07978851451843,16.0,30.0,0.0,18.981094215162096,65.79128733252334,22.0,30.0,0.0,19.12017151588016,65.38279401014803,16.0,30.0,0.0,17.289583674512796,73.51350518889493,12.0,30.0,0.0,18.877117059480548,66.44502557580565,16.0,30.0,0.0,18.439038698557146,68.22955397054536,10.0,30.0,0.0,17.79202308799098,71.17711052778162,12.0,30.0,0.0,18.249928091279608,69.13989073914573,12.0,30.0,0.0,18.4392829965529,0.0,0.0,0.0,18.345899390843788,0.0,0.0,444.53765626199358,438.4070466198013,440.0098061895944,455.9966678778244,470.79775469068786,462.73791361054659,457.81592198874719,466.91959796561738,465.53857050616309,0.0,83.7621536517508,83.7621536517508,60.0,0.0,60.0,60.0,16.0,16.0,16.0,12.0,12.0,12.0,21.0,10.0,0.0,0.0,0.0,0.0,0.0,0.0,0.0,0.0,0.0,0.0,0.0,0.0,0.0,83.7621536517508,83.7621536517508,0.0,0.0,0.0,83.7621536517508,0.0,0.0,0.0011466666666666668 
 04/06  14:00:00,15.0,85.0,7.67,157.5,8.5,0.0,0.0,0.0,0.0,0.0,0.0,0.0,0.0,0.0,0.0,989.0,0.0,270.69897716771666,54.9185045359362,140.72675358376805,8.116938279125617,216.04372370336353,0.0,54.91850453593617,75.07775933353581,0.0,0.0,18.983316664147414,14.42704070535001,19.36966331177906,-157.39323297499323,19.06526289362892,-0.5356289045539597,19.188223503394118,-128.45251513558197,17.251942195609275,14.550959119600777,18.946352022752217,-34.84532900122463,18.264627402572076,54.69591233615847,17.74037403227065,22.416988819732297,18.247616579809696,7.50761126759312,183.8580110432422,11.372401324429575,0.0,0.0,0.0,0.0,0.0,0.0,0.0,0.0,0.0,0.0,0.0,0.0,0.0,0.0,0.0,0.0,0.0,0.0,0.0,0.0,0.0,0.0,0.0,0.0,120.38755324911939,141.20662079221573,967.5043658664982,0.0,0.0,115.75833119933732,135.73287501850568,951.802633276438,0.0,0.0,150.8130341215085,176.85980826752059,1226.1219850622763,0.0,0.0,111.3011026137315,130.55058531790474,893.4085461844713,0.0,0.0,6.515979857490612,7.687658165023194,30.367177834974308,0.0,0.0,41.18143657608091,48.3249411121202,320.78435302723957,0.0,0.0,123.18156644874071,144.76781054139529,852.4063706406372,0.0,0.0,20.35480768772309,23.97389662685791,115.07470617652335,0.0,0.0,43.96395878345406,51.6991651883736,288.7053819460882,38.21071396011019,26.20762274355981,185.257020094398,217.6845813520312,1559.086941834001,0.0,0.0,59.220646526676869,69.61752861521144,401.87360807149897,0.0,19.019985698443578,65.63116277298245,22.0,30.0,0.0,19.114299889108574,65.25131463030997,16.0,30.0,0.0,19.067435793657109,65.56715121796643,22.0,30.0,0.0,19.015095662839113,65.66545096281618,16.0,30.0,0.0,17.29785288761212,73.43626800580276,12.0,30.0,0.0,18.87616916618123,66.4045768167698,16.0,30.0,0.0,18.43582139432556,68.24883565469601,10.0,30.0,0.0,17.796878352357603,71.12730964416842,12.0,30.0,0.0,18.2574185513084,69.07474963668014,12.0,30.0,0.0,18.492880003393198,0.0,0.0,0.0,18.354727784377368,0.0,0.0,440.07826209268856,436.25116128409686,453.18376529366619,437.11231672734467,467.5582128059704,458.9832355036312,457.37471171624716,464.52832401175569,462.7810314380001,0.0,83.7621536517508,83.7621536517508,60.0,0.0,60.0,60.0,16.0,16.0,16.0,12.0,12.0,12.0,21.0,10.0,0.0,0.0,0.0,0.0,0.0,0.0,0.0,0.0,0.0,0.0,0.0,0.0,0.0,83.7621536517508,83.7621536517508,0.0,0.0,0.0,83.7621536517508,0.0,0.0,0.0011433333333333333 
 04/06  14:10:00,15.003333333333334,84.83333333333334,7.718333333333334,156.0,8.0,0.0,0.0,0.0,0.0,0.0,0.0,0.0,0.0,0.0,0.0,989.0,0.0,267.78364996827528,54.33559973599077,139.23307902722449,8.029521708731587,213.71701141470533,0.0,54.33559973599074,74.2808842792264,0.0,0.0,18.969583697669408,8.533745067064956,19.371431877221015,-114.46807398433839,19.019429321927519,-95.79189755628204,19.22443652943074,-9.983056157569536,17.26277123647175,14.512896519536213,18.944743937050516,-35.1942564364374,18.26873059630411,55.71013074819621,17.745938259062727,22.4397054762145,18.25527272368096,7.115777070706372,165.69023854306944,9.795712473554886,0.0,0.0,0.0,0.0,0.0,0.0,0.0,0.0,0.0,0.0,0.0,0.0,0.0,0.0,0.0,0.0,0.0,0.0,0.0,0.0,0.0,0.0,0.0,0.0,123.61052862031075,144.98941080658958,988.057559580104,0.0,0.0,88.16598604684653,103.3675905663833,727.8624814448255,0.0,0.0,97.77441743597679,114.69393677429928,776.9925091466171,0.0,0.0,67.3077781811375,78.91830631963937,552.4286360299038,0.0,0.0,6.544551156587982,7.720897913400564,30.577077334104616,0.0,0.0,41.008728128318427,48.12098645052676,319.00674513440989,0.0,0.0,122.21084950669526,143.62127868244913,845.7601855036808,0.0,0.0,20.242384753126289,23.84042444328261,114.50831205323709,0.0,0.0,42.90497250502236,50.45115543763035,282.0696519158877,38.446688780009278,26.369471042530376,140.2192715009288,164.79517182636136,1222.1273620082939,0.0,0.0,57.94662557824614,68.11563671688265,393.80087210394637,0.0,19.00153896290284,65.75434325970517,22.0,30.0,0.0,19.134721308751833,65.20573617000312,16.0,30.0,0.0,18.977926094640638,65.85858449730458,22.0,30.0,0.0,19.110281673586763,65.37824616784092,16.0,30.0,0.0,17.3071805175364,73.35839485349715,12.0,30.0,0.0,18.874341282891249,66.40055118835059,16.0,30.0,0.0,18.439615915384118,68.19152034169459,10.0,30.0,0.0,17.802068191439884,71.06089601862695,12.0,30.0,0.0,18.264658081626135,69.0110382294979,12.0,30.0,0.0,18.427358530928797,0.0,0.0,0.0,18.36321772667997,0.0,0.0,442.1566801967531,437.44387403049486,439.0234144906157,451.4594232171057,464.81947574875576,457.6172526056312,453.56058724570786,461.35650505347066,460.19918265966239,0.0,83.7621536517508,83.7621536517508,60.0,0.0,60.0,60.0,16.0,16.0,16.0,12.0,12.0,12.0,21.0,10.0,0.0,0.0,0.0,0.0,0.0,0.0,0.0,0.0,0.0,0.0,0.0,0.0,0.0,83.7621536517508,83.7621536517508,0.0,0.0,0.0,83.7621536517508,0.0,0.0,0.00114 
 04/06  14:20:00,15.006666666666668,84.66666666666667,7.7666666666666679,154.5,7.5,0.0,0.0,0.0,0.0,0.0,0.0,0.0,0.0,0.0,0.0,989.0,0.0,264.8966945737242,53.74507780481443,137.71988603981363,7.942955857744386,211.4129424117221,0.0,53.7450778048144,73.4735960290334,0.0,0.0,18.964807411672746,14.318506842212628,19.350319066328568,-151.38573977112265,19.052494233487498,2.5171917948036937,19.173726021158623,-127.30937598581704,17.273874443609765,14.415655664576122,18.94345580917281,-34.36003995895908,18.27095111325342,54.085893463106007,17.75201851676882,22.68458417615591,18.262711835298498,6.878190885485992,184.23294966903723,9.075462325653917,0.0,0.0,0.0,0.0,0.0,0.0,0.0,0.0,0.0,0.0,0.0,0.0,0.0,0.0,0.0,0.0,0.0,0.0,0.0,0.0,0.0,0.0,0.0,0.0,115.85116968760511,135.88310528804474,925.2574191158957,0.0,0.0,111.41210060928202,130.63215976033409,911.8120282230158,0.0,0.0,112.98406702264514,132.49181201757157,915.3754188661728,0.0,0.0,110.25944680527437,129.32384243263526,881.1308467535821,0.0,0.0,6.524135556961163,7.69633399323629,30.563612802898886,0.0,0.0,40.99833050207956,48.10755280056248,318.56781019380289,0.0,0.0,121.04172552449178,142.24241281078089,836.7224347607936,0.0,0.0,20.37172843830243,23.991536571018277,115.3414375214751,0.0,0.0,41.92029639774449,49.29061427392165,275.899029770601,38.69219851453539,26.537859063467356,179.4442397206231,210.8531706250506,1510.7496118289096,0.0,0.0,57.224669715750717,67.26299367862527,389.5091343166696,0.0,19.00165543946623,65.7554354239939,22.0,30.0,0.0,19.10195368628157,65.32699607283561,16.0,30.0,0.0,19.060132660188068,65.58039783839283,22.0,30.0,0.0,19.004107781619476,65.73098852765838,16.0,30.0,0.0,17.316925345719079,73.27868399115872,12.0,30.0,0.0,18.873432548338785,66.37341421117947,16.0,30.0,0.0,18.439156060189754,68.19616055768006,10.0,30.0,0.0,17.808043072160215,71.0091404908661,12.0,30.0,0.0,18.271798017695145,68.95322386678609,12.0,30.0,0.0,18.47404156128145,0.0,0.0,0.0,18.37214251011194,0.0,0.0,438.87080203680127,435.00924739483187,451.2299143922123,435.69238208839189,461.9961657519074,454.5267299281893,452.99245793854109,459.26642711230036,457.80039376163099,0.0,83.7621536517508,83.7621536517508,60.0,0.0,60.0,60.0,16.0,16.0,16.0,12.0,12.0,12.0,21.0,10.0,0.0,0.0,0.0,0.0,0.0,0.0,0.0,0.0,0.0,0.0,0.0,0.0,0.0,83.7621536517508,83.7621536517508,0.0,0.0,0.0,83.7621536517508,0.0,0.0,0.0012066666666666665 
 04/06  14:30:00,15.01,84.5,7.8149999999999999,153.0,7.0,0.0,0.0,0.0,0.0,0.0,0.0,0.0,0.0,0.0,0.0,989.0,0.0,262.06668187895937,53.146453206405499,136.18593047483979,7.858097411161766,209.15431882786349,0.0,53.14645320640547,72.65523081843173,0.0,0.0,18.95407215529384,10.456949001104477,19.349655623435909,-116.07497106298888,19.00113639012989,-99.77858036753605,19.209521860726765,-9.09655387210023,17.285350097259817,14.424734610983734,18.94188969430935,-34.460219254823417,18.27518382028765,54.62850262815118,17.758264936570787,22.662708940339259,18.269830820503154,6.6804539922598,169.74363785893548,8.097050819456399,0.0,0.0,0.0,0.0,0.0,0.0,0.0,0.0,0.0,0.0,0.0,0.0,0.0,0.0,0.0,0.0,0.0,0.0,0.0,0.0,0.0,0.0,0.0,0.0,128.38208383000683,150.5819760662229,1021.0539284633015,0.0,0.0,89.40654147968957,104.82119677360018,733.6397933294178,0.0,0.0,101.63690822489056,119.22459836469217,802.3050027379459,0.0,0.0,67.29631955270122,78.90274709244705,549.8016283532777,0.0,0.0,6.564340984397184,7.743253029931837,30.842854778183758,0.0,0.0,40.795930057857727,47.868681030933149,316.5896012819364,0.0,0.0,120.31240782252843,141.3790267881931,831.7594481137485,0.0,0.0,20.247503046182027,23.844044176188505,114.74093300667509,0.0,0.0,41.23148332486778,48.478100607027297,271.61878024220757,38.930075655866499,26.70101210964781,145.5817859409483,171.09038459440397,1256.9439780443743,0.0,0.0,56.331599226156559,66.20943395830214,383.8253538183221,0.0,18.988242967186264,65.82032215710288,22.0,30.0,0.0,19.116411287866869,65.27819756947531,16.0,30.0,0.0,18.958096197550458,65.9336658250011,22.0,30.0,0.0,19.098218613875859,65.41418749147306,16.0,30.0,0.0,17.3273177856635,73.20325897426882,12.0,30.0,0.0,18.87190861967448,66.37226027736858,16.0,30.0,0.0,18.44298388522293,68.16141633946393,10.0,30.0,0.0,17.81406871628108,70.95211330393315,12.0,30.0,0.0,18.27838954414489,68.90281001114097,12.0,30.0,0.0,18.420179890820646,0.0,0.0,0.0,18.379181360943936,0.0,0.0,440.73627651219206,436.65027401345977,437.97240973185066,449.4640561499321,459.58423174140827,453.23620588353335,449.9648185920342,456.5985375408204,455.597955764835,0.0,83.7621536517508,83.7621536517508,60.0,0.0,60.0,60.0,16.0,16.0,16.0,12.0,12.0,12.0,21.0,10.0,0.0,0.0,0.0,0.0,0.0,0.0,0.0,0.0,0.0,0.0,0.0,0.0,0.0,83.7621536517508,83.7621536517508,0.0,0.0,0.0,83.7621536517508,0.0,0.0,0.0012733333333333334 
 04/06  14:40:00,15.013333333333332,84.33333333333334,7.863333333333333,150.16666666666667,7.666666666666667,0.0,0.0,0.0,0.0,0.0,0.0,0.0,0.0,0.0,0.0,989.0,0.0,259.86195346090639,52.16251591960911,133.6646279632337,7.791987073595848,207.39471995025813,0.0,52.162515919609088,71.31011395041773,0.0,0.0,18.94965130377425,14.641781080130386,19.327563242945798,-151.79004485706629,19.03450794582134,0.9676781820962788,19.15866876544193,-125.63263927387152,17.297077317460745,14.31103374091623,18.94114485504737,-33.67089635131674,18.277746253503446,53.176793449166328,17.764679012760867,22.808320064664828,18.276456017335855,6.4865688108839099,184.67032993900649,7.7422674059839668,0.0,0.0,0.0,0.0,0.0,0.0,0.0,0.0,0.0,0.0,0.0,0.0,0.0,0.0,0.0,0.0,0.0,0.0,0.0,0.0,0.0,0.0,0.0,0.0,118.37417585603682,138.83919538216854,940.5311435961328,0.0,0.0,114.05780064484739,133.73487150365507,927.2092116813141,0.0,0.0,142.33057491564996,166.90470151188658,1146.013136566785,0.0,0.0,109.72065740355396,128.68853448519963,872.7508438241038,0.0,0.0,6.544575756312257,7.719415263628119,30.84515722763468,0.0,0.0,40.7432739737198,47.80542259108486,315.86390736344569,0.0,0.0,119.31869430284742,140.20646052527034,824.0929873456331,0.0,0.0,20.355605565163555,23.97005195093215,115.47225253101124,0.0,0.0,40.46447815566873,47.57373793153517,266.7882709191324,39.17115686485386,26.866362733095938,181.2448337029223,212.9689800473905,1515.6043343704997,0.0,0.0,55.82890774700078,65.61507139707365,380.7016476331587,0.0,18.987788845487164,65.8084732126792,22.0,30.0,0.0,19.08115196709605,65.39206463858479,16.0,30.0,0.0,19.04177573185554,65.63335699016342,22.0,30.0,0.0,18.99230523623495,65.75849793589751,16.0,30.0,0.0,17.338060088467935,73.12948244434952,12.0,30.0,0.0,18.871479706296254,66.35914779612561,16.0,30.0,0.0,18.44310421052821,68.1544970828249,10.0,30.0,0.0,17.820472529811725,70.90664141772129,12.0,30.0,0.0,18.284653544408568,68.85969946177532,12.0,30.0,0.0,18.455954210682788,0.0,0.0,0.0,18.38540592285728,0.0,0.0,437.7897747463517,434.0678062961977,447.5577005529497,434.66842332536478,457.154999874194,450.7405909678065,449.5186732964135,454.7448399248424,453.52682234305407,0.0,83.7621536517508,83.7621536517508,60.0,0.0,60.0,60.0,16.0,16.0,16.0,12.0,12.0,12.0,21.0,10.0,0.0,0.0,0.0,0.0,0.0,0.0,0.0,0.0,0.0,0.0,0.0,0.0,0.0,83.7621536517508,83.7621536517508,0.0,0.0,0.0,83.7621536517508,0.0,0.0,0.0013399999999999999 
 04/06  14:50:00,15.016666666666668,84.16666666666666,7.911666666666667,147.33333333333335,8.333333333333333,0.0,0.0,0.0,0.0,0.0,0.0,0.0,0.0,0.0,0.0,989.0,0.0,257.6939484182342,51.168660999061668,131.1179118674584,7.72697783702134,205.66442926365003,0.0,51.16866099906164,69.95143892516308,0.0,0.0,18.937763520773247,9.41649312750269,19.32944110182168,-111.78037836644671,18.987012224265489,-95.34028919387947,19.192641470117189,-8.966206140447412,17.309056388779486,14.299520053787603,18.940287731211897,-33.86737667395755,18.282176270990445,53.70612335063652,17.77097927096593,22.67555539746445,18.28269183084597,6.240518438047957,164.6808473150677,7.222265208171393,0.0,0.0,0.0,0.0,0.0,0.0,0.0,0.0,0.0,0.0,0.0,0.0,0.0,0.0,0.0,0.0,0.0,0.0,0.0,0.0,0.0,0.0,0.0,0.0,123.06905837075856,144.34906781158609,972.9463448842519,0.0,0.0,85.90641008678733,100.71703162163699,700.9259294855903,0.0,0.0,95.8095128821119,112.38599061340034,752.9169735598986,0.0,0.0,62.99527601173854,73.85874913792475,511.97227501830226,0.0,0.0,6.586309306950607,7.76809662368514,31.143277573476078,0.0,0.0,40.58505490604519,47.6183268123881,314.28336412540627,0.0,0.0,118.72313375173731,139.50018947217326,820.1223643741813,0.0,0.0,20.233579834470338,23.82509085523594,114.88562432454693,0.0,0.0,39.81413460493086,46.80665992287299,262.68794068778456,39.40803677098083,27.028831804513609,135.89774141022725,159.7200098517889,1179.382416358127,0.0,0.0,54.96433291287103,64.59592394834648,374.84509316693478,0.0,18.97115433351163,65.8694870322967,22.0,30.0,0.0,19.09985898947537,65.30625515776169,16.0,30.0,0.0,18.947198300744675,65.93891609621469,22.0,30.0,0.0,19.08358120654964,65.4502013883676,16.0,30.0,0.0,17.349233682473267,73.05778205815736,12.0,30.0,0.0,18.870573538889109,66.35390941217602,16.0,30.0,0.0,18.44720934963298,68.1211329223015,10.0,30.0,0.0,17.82656785560688,70.86339258918197,12.0,30.0,0.0,18.29052168734245,68.82096683597024,12.0,30.0,0.0,18.384359581831935,0.0,0.0,0.0,18.38925949282484,0.0,0.0,438.8672199378086,435.31701273814999,436.5692840302325,445.89165227655618,455.0997624602141,449.69888662970626,446.89791208589886,452.518573675421,451.7097088242701,0.0,83.7621536517508,83.7621536517508,60.0,0.0,60.0,60.0,16.0,16.0,16.0,12.0,12.0,12.0,21.0,10.0,0.0,0.0,0.0,0.0,0.0,0.0,0.0,0.0,0.0,0.0,0.0,0.0,0.0,83.7621536517508,83.7621536517508,0.0,0.0,0.0,83.7621536517508,0.0,0.0,0.0013900000000000002 
 04/06  15:00:00,15.02,84.0,7.96,144.5,9.0,0.0,0.0,0.0,0.0,0.0,0.0,0.0,0.0,0.0,0.0,989.0,0.0,255.57270906324778,50.16436488538864,128.54444058512076,7.663370813283581,203.97146140866307,0.0,50.164364885388618,68.57848999730925,0.0,0.0,18.934390394400233,14.892392077937075,19.305697438671989,-153.96645674340199,19.01910527254291,1.5005671515264112,19.13874240011338,-128.13726216009173,17.321066170819856,14.146452872970059,18.939921842052386,-33.07382340509821,18.28442996317351,51.97028113534907,17.777320956088425,22.66559752578712,18.288553664407436,5.992137979605559,185.30212944873348,7.309435533007672,0.0,0.0,0.0,0.0,0.0,0.0,0.0,0.0,0.0,0.0,0.0,0.0,0.0,0.0,0.0,0.0,0.0,0.0,0.0,0.0,0.0,0.0,0.0,0.0,117.29900336123464,137.57683224131677,926.7797273492525,0.0,0.0,113.21698690345098,132.7508460182321,914.1500800145252,0.0,0.0,137.6330823482745,161.39356395190343,1102.3198159613556,0.0,0.0,109.08759701949325,127.94749567981387,861.8675416563035,0.0,0.0,6.557374908909133,7.733426611389245,31.107372214673949,0.0,0.0,40.55350883048116,47.57974799874353,313.767288167064,0.0,0.0,117.71465449548613,138.3108687081697,812.2080509764679,0.0,0.0,20.310051510428197,23.913837792253675,115.42886268023436,0.0,0.0,39.14468655976096,46.017255199514398,258.42611400669508,39.65345350289531,27.197156037651113,179.42491116441009,210.83245751675279,1495.220167377357,0.0,0.0,54.5459299941515,64.10152076201956,371.90268366529696,0.0,18.972296946861787,65.83347740094858,22.0,30.0,0.0,19.060291151901045,65.41621658296467,16.0,30.0,0.0,19.027169420623108,65.6704424474181,22.0,30.0,0.0,18.972146621819769,65.78035156930462,16.0,30.0,0.0,17.360402935432665,72.98778780975947,12.0,30.0,0.0,18.870691765063865,66.33949080446591,16.0,30.0,0.0,18.446633721903756,68.11365394650417,10.0,30.0,0.0,17.832738571604069,70.82383614824671,12.0,30.0,0.0,18.29601273988983,68.78476133423513,12.0,30.0,0.0,18.437131013016566,0.0,0.0,0.0,18.391929611144854,0.0,0.0,436.29178819053916,432.9772049052021,444.5118041840059,433.4727306036708,453.028807620155,447.5523952431612,446.395136821671,450.98669867381548,449.957626502542,0.0,83.7621536517508,83.7621536517508,60.0,0.0,60.0,60.0,16.0,16.0,16.0,12.0,12.0,12.0,21.0,10.0,0.0,0.0,0.0,0.0,0.0,0.0,0.0,0.0,0.0,0.0,0.0,0.0,0.0,83.7621536517508,83.7621536517508,0.0,0.0,0.0,83.7621536517508,0.0,0.0,0.0014399999999999999 
 04/06  15:10:00,15.011666666666667,84.0,7.98,141.66666666666667,9.666666666666668,0.0,0.0,0.0,0.0,0.0,0.0,0.0,0.0,0.0,0.0,9900.0,0.0,253.5122357467885,49.148993399971228,125.94258905896128,7.6015857940357229,202.32698989373245,0.0,49.1489933999712,67.19040019660426,0.0,0.0,20.07213559500022,-763.2386795492207,19.499544774309343,677.1972326735535,20.42987554210802,-2251.4523993132809,19.44325588678264,878.3860116696377,17.33386015491716,20.945423551864044,18.941589846411167,-22.00256982670866,18.38887228732724,220.0906705507303,17.783551845640028,26.118467784007863,18.295282310044443,17.46178789680082,399.505944837921,32.52006732974658,0.0,0.0,0.0,0.0,0.0,0.0,0.0,0.0,0.0,0.0,0.0,0.0,0.0,0.0,0.0,0.0,0.0,0.0,0.0,0.0,0.0,0.0,0.0,0.0,386.75978335490029,453.1769591304086,4491.422864597005,0.14543871828510208,0.02219760657587028,325.70023425953567,383.3141579602984,2944.222839815667,0.0,0.0,509.17327282531479,595.8499224340565,6319.433153330329,0.12097489775974411,0.022859958004486794,348.6224761924168,410.14935891130247,3260.408640908793,0.0,0.0,8.597322273024688,10.200791258990684,41.12379089819751,0.0,0.0,35.89433731817602,42.419588440324279,278.2335846018905,0.0,0.0,148.65957122829804,175.5974456603315,1092.5400134917939,0.0,0.0,22.53330997603294,26.69689583564325,128.60251967751399,0.0,0.0,61.15630098562634,72.27692805133657,405.5786316601375,40.81230460301154,27.991978465714369,667.2580669308288,786.302413884649,5891.278233851022,0.0,0.0,77.51693923934056,91.58811236351798,535.8771554429652,1905.6732397214019,20.681959045615228,59.21395993210904,21.999999999999998,30.0,0.0,19.463228410437336,63.81111721554612,15.999999999999999,30.0,4296.71603887037,21.088683359419915,57.75498310965601,21.999999999999998,30.0,0.0,19.6058070193098,63.263375724062409,15.999999999999999,30.0,0.0,17.37313123086994,72.91305955953283,12.0,30.0,0.0,18.87482708440525,66.30343825031683,15.999999999999999,30.0,0.0,18.650797462133668,67.20021686672368,10.0,30.0,0.0,17.83871484346865,70.78387532958463,12.0,30.0,0.0,18.30363562063984,68.73309891664656,15.999999999999999,30.0,0.0,19.091753061669239,0.0,0.0,0.0,18.425882916657217,0.0,0.0,435.73087774406727,435.4437988899035,435.68085028950699,435.8997502698289,451.37605963807308,445.9280665154188,442.627814515287,449.24581967499929,447.88155253008588,10438.93834962905,81.10239470378444,85.33155278485069,60.0,0.0,60.0,60.0,16.0,16.0,16.0,16.0,12.0,12.0,21.0,10.0,1.0,0.0,1905.6732397214019,0.0,4296.71603887037,0.0,0.0,0.0,0.0,0.0,6400.243491191254,3840146.0947147526,5003048.46727058,81.10239470378444,85.40337792890849,0.3493414497063751,0.7666042522906623,0.3602813740196596,85.40337792890849,0.3542647819438876,5003048.46727058,0.26164852029807025 
 04/06  15:20:00,15.003333333333334,84.0,8.0,138.83333333333335,10.333333333333334,0.0,0.0,0.0,0.0,0.0,0.0,0.0,0.0,0.0,0.0,2970.0,0.0,251.5316956611146,48.12177697874145,123.31038531488209,7.54219749606181,200.7463118273323,0.0,48.12177697874143,65.7861174706229,0.0,0.0,20.51780568363617,-1425.3917925878894,20.012618111438298,425.7139673273491,20.61441341410499,-977.4589374856425,19.977398768679796,227.61059474717474,17.360227879642566,25.591962616774699,18.95885711511506,-2.6992200691525629,18.641171888695149,165.63985810614754,17.800268299351346,32.94301218575283,18.318626609474096,38.5300593862771,488.9271350389934,85.7527134118319,0.0,0.0,0.0,0.0,0.0,0.0,0.0,0.0,0.0,0.0,0.0,0.0,0.0,0.0,0.0,0.0,0.0,0.0,0.0,0.0,0.0,0.0,0.0,0.0,446.10571756747165,521.9900865077493,5523.512446147817,0.1295083443507908,0.019766230822770266,306.70821997628198,360.14673187606658,3227.462439811224,0.10334176738844973,0.019527922786933058,370.8777910027734,434.40742688065469,4478.290031916269,0.10335999588794683,0.01953136732576469,252.11181072157087,295.94148979039587,2716.758376442902,0.0,0.0,9.22234646014984,10.92765519797707,44.910631837145178,0.0,0.0,31.381906874122448,36.996400367742499,245.9074954280618,0.0,0.0,182.3654711055434,214.7868705492313,1481.345477020329,0.0,0.0,26.24369719044557,31.039122317190416,151.50623593099136,0.0,0.0,92.84809311309209,109.58076188985027,624.4021939129118,41.36084765746787,28.368208269868228,584.8490223946737,688.4495982107154,5695.078372468191,0.0,0.0,113.2427084743996,133.555779705902,814.9304049459236,1808.5269362584325,21.357333753900027,56.75325346740881,21.999999999999994,29.99999999999999,0.0,20.310716461122625,60.52530447351462,15.999999999999993,29.99999999999999,1385.6696435867135,21.198514775273816,57.33502133309956,21.333333333333326,29.99999999999999,0.0,20.40491124987655,60.17165432259634,15.999999999999993,29.99999999999999,0.0,17.408630566689266,72.71277185429989,11.999999999999995,29.99999999999999,0.0,18.907062590100496,66.13805547285482,15.999999999999993,29.99999999999999,0.0,19.047590488114847,65.53001835484986,9.999999999999997,29.99999999999999,0.0,17.862540421250139,70.64018301272766,11.999999999999995,29.99999999999999,0.0,18.340681043231414,68.53121448573092,15.999999999999993,29.99999999999999,0.0,19.61841860282438,0.0,0.0,0.0,18.556325085722578,0.0,0.0,435.3618811671688,435.75633774970967,435.11739354923898,435.8216796690426,447.95529821801849,443.54673907224949,441.27323989053078,445.6425468278161,444.1168963161427,7890.936922520153,82.78721576908584,82.78721576908584,59.99999999999998,0.0,59.99999999999998,59.99999999999998,16.0,16.0,16.0,16.0,12.0,12.0,21.0,10.0,1.0,0.0,1808.5269362584325,0.0,1385.6696435867135,0.0,0.0,0.0,0.0,0.0,0.0,0.0,0.0,82.78721576908584,82.78721576908584,0.3399999999999999,0.7684427685789085,0.36028137401965945,82.78721576908584,0.35426478194388735,0.0,0.00152 
 04/06  15:30:00,14.995000000000001,84.0,8.02,136.0,11.0,0.0,0.0,0.0,0.0,0.0,0.0,0.0,0.0,0.0,0.0,2970.0,0.0,249.6570805269014,47.081777283146788,120.64542490445501,7.485985266153623,199.25017089963749,0.0,47.081777283146767,64.36435903942392,0.0,0.0,20.862816174167507,-1488.558678495502,20.306641073973468,599.5418281308682,20.70144323766649,-249.54784670594189,20.140343223772264,387.7510029256117,17.390807945839997,32.08107617176649,18.990254380259264,19.528350988069929,18.781040316732957,216.2606993898546,17.83024306976946,46.548245789970739,18.364619658009916,77.82327330105209,659.4616454685636,150.6919686516936,0.0,0.0,0.0,0.0,0.0,0.0,0.0,0.0,0.0,0.0,0.0,0.0,0.0,0.0,0.0,0.0,0.0,0.0,0.0,0.0,0.0,0.0,0.14423270562343933,0.04402707741863226,474.26889691569547,553.4755261846976,6319.288558936098,0.1363634387079663,0.020812490645293999,306.04270969915037,358.5675065955024,3518.388713962351,0.1252954363448495,0.02367638630855055,256.85576433680827,300.6071951573545,3154.100729685697,0.12196067248232232,0.023046234407090368,260.0043741212296,304.8065103030306,2932.361050829661,0.0,0.0,9.977730476852301,11.821221092057174,49.562048151923359,0.0,0.0,39.957401870577147,47.09509494280999,318.09184060464806,0.0,0.0,221.97994369862819,261.34818021053806,1903.1842379143364,0.0,0.0,29.69958267732281,35.12880456376153,174.6114944565567,0.0,0.0,117.18774895675023,138.37564197490509,806.8994161494752,42.111722795040709,28.883211793580729,559.2316200490294,656.5007165038473,6254.335634489648,0.0,0.0,141.2407745878038,166.6028576085386,1061.1369616541866,1817.8591323431456,21.735223456952605,55.41560509567114,21.999999999999994,29.99999999999999,0.0,20.790624242224003,58.73339547712743,15.999999999999993,29.99999999999999,0.0,21.17626433566133,57.353221129748238,20.999999999999994,29.99999999999999,0.0,20.669596149315497,59.17056716022954,15.999999999999993,29.99999999999999,0.0,17.449338344484536,72.49009848817049,11.999999999999995,29.99999999999999,0.0,18.961989879899379,65.8764724370634,15.999999999999993,29.99999999999999,0.0,19.273535736127245,64.57614651097517,9.999999999999997,29.99999999999999,0.0,17.908236488872789,70.38962564955102,11.999999999999995,29.99999999999999,0.0,18.416759437837148,68.15826679907994,15.999999999999993,29.99999999999999,0.0,20.22336003845021,0.0,0.0,0.0,18.721106847455066,0.0,0.0,434.7066945922421,435.22454380009057,435.01562784738305,435.0832292217187,445.0864481097001,441.13787928466186,438.9926894509581,442.11208200457397,440.79214829697789,9735.94751085979,81.56731584506761,83.82257566112875,59.99999999999998,0.0,59.99999999999998,59.99999999999998,16.0,16.0,16.0,16.0,12.0,12.0,21.0,10.0,1.0,0.0,1817.8591323431456,0.0,0.0,0.0,0.0,0.0,0.0,0.0,3413.163718787855,2047898.2312727138,2674549.423516721,81.56731584506761,83.86087745975425,0.34043879062626178,0.7660378002620728,0.36028137401965945,83.86087745975425,0.35426478194388735,2674549.423516721,0.14062657002286953 
 04/06  15:40:00,14.986666666666669,84.0,8.040000000000001,123.33333333333334,10.166666666666668,0.0,0.0,0.0,0.0,0.0,0.0,0.0,0.0,0.0,0.0,3960.0,0.0,223.77174790714745,42.90861389390048,109.95183268762432,6.709813177444296,178.59122140283595,0.0,42.90861389390046,58.659328298968478,0.0,0.0,20.93124755019872,-1331.3655465658854,20.437539972015736,338.0402367269494,20.83398369767808,-533.391703497945,20.171636571110747,336.5572230551834,17.419422630714199,33.16146999109556,19.81089841160296,-95.16841579564329,18.867013433180163,187.2447025165652,17.8606762904825,48.039792045519167,18.407992558110658,78.7704726092436,602.2228748726338,165.56888602940263,0.0,0.0,0.0,0.0,0.0,0.0,0.0,0.0,0.0,0.0,0.0,0.0,0.0,0.0,0.0,0.0,0.0,0.0,0.0,0.0,0.0,0.0,0.05268144078658609,0.016081025881131286,449.41498911938688,525.2189686581448,6003.46017820859,0.09194303163320564,0.014032819235837248,249.01253794988447,291.67809466512377,2936.602055015156,0.20613482557669883,0.038952159028098818,295.88556068507338,345.2975772930072,3896.618346645435,0.13688329535245598,0.02586607999857444,265.81914740745688,311.4169210052976,3002.1737639472769,0.0,0.0,9.823870785681584,11.643426936073933,49.65042109406702,0.0,0.0,50.6388849647866,59.408158383309899,528.7041082107651,0.0,0.0,232.69462779037228,273.9771399086438,2044.8279764775514,0.0,0.0,30.044275825514466,35.55481442321303,179.70880003356786,0.0,0.0,120.18429663627807,141.95993868735645,844.5401876328836,42.15671466643656,28.91407041593729,507.2663286203786,595.5680287639493,5618.009948982468,0.0,0.0,144.66728645991737,170.7124187696291,1102.6356015705572,1740.5836347734713,21.75687954854729,55.32385620003526,22.0,30.0,0.0,20.928658542662335,58.213861164325027,16.0,30.0,1381.0607243783123,21.506685025293913,56.211151774760597,21.5,30.0,0.0,20.6425595302681,59.25952410798907,16.0,30.0,0.0,17.484544000653615,72.29716686385578,12.0,30.0,1143.6985393805756,20.15156411202208,61.173108739768398,19.75,30.0,0.0,19.372076777383783,64.16037747438245,10.0,30.0,0.0,17.951882149430558,70.16436683945369,16.0,30.0,0.0,18.480018080058295,67.86299097586562,16.0,30.0,0.0,20.126448570281803,0.0,0.0,0.0,18.768086164751347,0.0,0.0,434.21239950681317,434.5913425948695,434.3937590948107,434.9406153260097,442.8204651240672,439.4213529045076,437.99682698478156,440.07449938605427,439.3101749212308,9854.081179880839,81.48910953589841,83.43715901050409,60.0,0.0,60.0,60.0,16.0,16.0,19.0,16.0,16.0,12.0,21.0,10.0,1.0,0.0,1740.5836347734713,0.0,1381.0607243783123,0.0,1143.6985393805756,0.0,0.0,0.0,2947.784743440629,1768670.8460643774,2322665.5076479476,81.48910953589841,83.47024335766334,0.353259491448021,0.7676888764784248,0.36028137401965956,83.47024335766334,0.3542647819438875,2322665.5076479476,0.1223586063976933 
 04/06  15:50:00,14.978333333333334,84.0,8.06,110.66666666666667,9.333333333333334,0.0,0.0,0.0,0.0,0.0,0.0,0.0,0.0,0.0,0.0,3961.0,0.0,198.05111040853667,38.70496365120321,99.18011982553647,5.938579414776688,158.06371357720213,0.0,38.704963651203197,52.912619718492297,0.0,0.0,20.745229436810296,-327.03024412220636,20.44358652195821,133.71314856916195,20.911972708505446,-483.60359483619529,20.26287675186751,161.7983495664589,17.44772206654673,32.455023114441647,19.748604595987378,-75.85613807338956,18.90245754861949,117.57192763250441,17.88976253571044,50.62910243915388,18.44966118454532,86.3480118600703,576.6754810549846,187.792914419417,0.0,0.0,0.0,0.0,0.0,0.0,0.0,0.0,0.0,0.0,0.0,0.0,0.0,0.0,0.0,0.0,0.0,0.0,0.0,0.0,0.0,0.0,0.1705833949631556,0.052070633383136648,279.89660268938288,328.25498828410135,3429.5248928286898,0.059540925429197758,0.009087442831074138,138.7882743315599,162.8034007098711,1635.096783562274,0.12339328374552419,0.02331694704186021,322.10539376575948,377.1612859378547,4104.869903585565,0.07890231016629618,0.014909733591514766,191.8874524635979,224.91340526025048,2205.712345592396,0.0,0.0,9.210000364450826,10.917224078374824,47.309660286108989,0.0,0.0,52.111355263147228,61.198948078751779,533.333425886704,0.0,0.0,232.23349147430816,273.51305272761257,2048.3513237681665,0.0,0.0,29.94013788721276,35.43163699367966,182.01959805770844,0.0,0.0,122.32407520573298,144.5002046825765,876.2808529206882,42.24889040715685,28.977291088584957,399.8966498333916,470.2660378974143,4566.19456660733,0.0,0.0,147.26995384307623,173.79656520757818,1141.9750272503298,513.5872296897996,21.233325096957047,57.110257702074168,21.25,30.0,0.0,20.88758277772076,58.34134828772497,16.0,30.0,879.4648049070355,21.50521526782476,56.16797944086948,21.25,30.0,0.0,20.74435976957871,58.84876459580909,16.0,30.0,0.0,17.518280748683023,72.10840823281984,12.0,30.0,0.0,20.113352113409044,61.26931550064941,19.0,30.0,0.0,19.38100193119152,64.094856533987,10.0,30.0,0.0,17.993331798870196,69.94554041433239,16.0,30.0,0.0,18.541883649887486,67.56428881685187,16.0,30.0,0.0,20.104664594140965,0.0,0.0,0.0,18.825068733363204,0.0,0.0,433.6434245362643,434.1368794066194,433.31379582450617,433.82132073274098,440.73588642845479,437.6982390320005,436.66923289587256,438.27637561846026,437.6043606263527,4160.157757011054,82.75434417079035,82.75434417079035,60.0,0.0,60.0,60.0,16.0,16.0,19.0,16.0,16.0,12.0,21.0,10.0,1.0,0.0,513.5872296897996,0.0,879.4648049070355,0.0,0.0,0.0,0.0,0.0,0.0,0.0,0.0,82.75434417079035,82.75434417079035,0.17,0.3466723394653413,0.18014068700982978,82.75434417079035,0.17713239097194376,0.0,0.00162 
 04/06  16:00:00,14.97,84.0,8.08,98.0,8.5,0.0,0.0,0.0,0.0,0.0,0.0,0.0,0.0,0.0,0.0,1982.0,0.0,172.56083168345817,34.4694306810062,88.32670948435004,5.174252870377306,137.72005287914758,0.0,34.46943068100618,47.122325032342818,0.0,0.0,21.21520535244418,-1437.7671717653812,20.491558148241816,548.8416476530247,20.812366303539958,-52.64030667152019,20.251960013841129,198.83259537475488,17.472608669393538,33.30287369735004,19.52425040787892,-44.86611704301674,18.964306283053078,232.28229606913193,17.91254468712586,47.35268386551036,18.474790404264995,65.92173105077063,628.2021025579106,164.184859641623,0.0,0.0,0.0,0.0,0.0,0.0,0.0,0.0,0.0,0.0,0.0,0.0,0.0,0.0,0.0,0.0,0.0,0.0,0.0,0.0,0.0,0.0,0.08049362106343804,0.024570702400316864,507.8826149770916,591.2451153173196,6763.1394729418229,0.12034267851113384,0.018367319675081478,283.51352429263218,330.9371225343509,3435.293169753254,0.32152851498812359,0.06075746692897273,353.4429249916385,413.1185334000116,4353.397472296861,0.1300415866268931,0.024573240103343366,217.857632032826,255.1314141281052,2492.8198804647097,0.0,0.0,9.911180003022484,11.720267425614269,51.649413826492118,0.0,0.0,51.950453193018869,61.005336971096799,494.85888928356658,0.0,0.0,229.01918781686039,269.1068861716484,2071.3951002148576,0.0,0.0,30.311171868866948,35.79058842883387,186.59166011067166,0.0,0.0,113.64989274990164,133.97613444893885,822.9881905730613,42.53595636246639,29.174181318564068,570.6576274067834,668.3044952763928,6425.261776316844,0.0,0.0,138.06646547831486,162.64602756664687,1056.5927611558969,1812.3173535157039,21.992664036776867,54.528674849208289,22.0,30.0,0.0,20.98997046676761,57.96320459027346,16.0,30.0,0.0,21.205259398465367,57.183198585089147,21.0,30.0,0.0,20.712194269260363,58.94461232116284,16.0,30.0,0.0,17.545548151186489,71.95347876897449,12.0,30.0,0.0,19.72919733468377,62.725124291068457,19.0,30.0,0.0,19.487359232187609,63.6576458976856,10.0,30.0,0.0,18.021926730331957,69.79716936013446,16.0,30.0,0.0,18.571165622588695,67.42562988700553,16.0,30.0,0.0,20.2294715178531,0.0,0.0,0.0,18.765865670401426,0.0,0.0,433.0847584354344,433.6027162038474,433.01999732719187,433.2082238009692,439.0646586228825,436.82665615480996,435.9849645218448,437.2704738460253,436.98701864790527,9772.339051697032,81.5432835773701,81.5432835773701,60.0,0.0,60.0,60.0,16.0,16.0,19.0,16.0,16.0,12.0,21.0,10.0,1.0,0.0,1812.3173535157039,0.0,0.0,0.0,0.0,0.0,0.0,0.0,0.0,0.0,0.0,81.5432835773701,81.5432835773701,0.34,0.7680816035037004,0.36028137401965956,81.5432835773701,0.3542647819438875,0.0,0.00166 
 04/06  16:10:00,14.88,84.66666666666667,8.006666666666666,85.33333333333333,7.666666666666666,0.0,0.0,0.0,2.0,0.0,0.0,0.0,0.0,0.0,4.0,1982.0,0.0,147.385347618469,30.199766140046859,77.38583914368464,4.419365311898284,117.62762667551867,0.0,30.199766140046845,41.2853699012846,0.0,0.0,21.256232069934208,-976.6936954142884,20.59227433005537,221.9497698897303,20.95177868240725,-772.1059796039222,20.386186401502994,387.74386717681775,17.4966216266133,32.92496503945273,19.491093300422106,-17.417862578499297,18.984584854462093,113.0068249067026,17.927162979939987,43.08396915919644,18.487611637377286,60.17410853416254,610.293609141323,166.95510909235328,0.0,0.0,0.0,0.0,0.0,0.0,0.0,0.0,0.0,0.0,0.0,0.0,0.0,0.0,0.0,0.0,0.0,0.0,0.0,0.0,0.0,0.0,0.2657005593826976,0.0811051768567453,256.6215138346604,298.4311942885871,3627.239398594589,0.113830416678082,0.017373384718876986,185.78823313333778,216.61605945434045,2304.3075377777097,0.2078983208236332,0.039285396981034257,275.7632677004039,322.23217507950349,3608.466728473199,0.1076224985481352,0.020336828901764017,272.52960152696519,318.9509259101989,3304.2138951010276,0.0,0.0,10.059450066919894,11.89473465223674,54.74717110714458,0.0,0.0,13.144876858509284,15.424495290352255,126.06848963700782,0.0,0.0,182.90351706603566,214.89868796627105,1674.8437927654828,0.0,0.0,28.50391118826208,33.65200533132445,181.4487517310777,0.0,0.0,110.72730128098967,130.49729057716358,824.5183993788677,42.37412464018804,29.063185624271644,451.6854070584844,529.2702177833278,5271.153747907467,0.0,0.0,133.56172298686347,157.32458882621337,1037.9752044748182,1459.2480551191266,22.01923957334499,54.41888959338819,22.0,30.0,0.0,21.091709834818553,57.648850573452978,16.0,30.0,0.0,21.542509870929125,56.77094439713021,21.0,30.0,0.0,20.965802981602786,58.61243722533797,16.0,30.0,0.0,17.570989558687708,71.81051424264094,12.0,30.0,0.0,19.673657720506808,64.67137792360427,19.0,30.0,0.0,19.449259716436534,63.79182800697258,10.0,30.0,0.0,18.036904305486425,69.71092909573233,16.0,30.0,0.0,18.58369056826899,67.35034101223244,16.0,30.0,0.0,20.249406337168325,0.0,0.0,0.0,18.73428256420226,0.0,0.0,434.30825843761365,437.49692883774767,476.88874313066619,465.6818124018455,437.7473251240883,544.7770294091208,435.6436313534039,436.5725264567196,436.26675160279197,9730.657055060512,81.57079925730412,85.02206679288249,1744.0,0.0,1744.0,1744.0,16.0,16.0,19.0,16.0,16.0,12.0,21.0,10.0,1.0,0.0,1459.2480551191266,0.0,0.0,0.0,0.0,0.0,0.0,0.0,5223.126430322481,3133875.8581934885,4088845.0934131864,81.57079925730412,85.08068077305853,0.34410421434408269,0.7642809418659885,0.36028137401965956,85.08068077305853,0.3542647819438875,4088845.0934131864,0.262033278190819 
 04/06  16:20:00,14.790000000000003,85.33333333333334,7.933333333333334,72.66666666666666,6.833333333333333,0.0,0.0,0.0,2.0,0.0,0.0,0.0,0.0,0.0,4.0,3965.0,0.0,122.63779473397877,25.892591229247583,66.34885083399488,3.6773090802489216,97.87672798920146,0.0,25.892591229247569,35.397135250815718,0.0,0.0,20.933764093416867,-414.2063711293183,20.568224784001946,85.70115892638433,21.117142039711575,-881.387533992594,20.427650636409653,358.65925131536599,17.51859657769461,31.887697216680367,19.495487985878794,-15.451417824468522,18.970019025666244,78.03966911693238,17.936308646698199,40.92179157160845,18.493859916178495,56.53972984346876,586.948668117243,193.63474866151069,0.0,0.0,0.0,0.0,0.0,0.0,0.0,0.0,0.0,0.0,0.0,0.0,0.0,0.0,0.0,0.0,0.0,0.0,0.0,0.0,0.0,0.0,0.3569993469484939,0.10897415963018739,185.41794019913713,217.1731724474907,2426.321819117421,0.09864754847133617,0.015056097141534827,128.33638500393287,150.513915608606,1602.6090876572492,0.07878094163300643,0.01488679925037915,283.82409836410798,331.44493729875037,3909.6067388259536,0.09360061843884271,0.017687191692903,279.26875994012968,327.0158019499996,3431.082368451231,0.0,0.0,9.675516183016983,11.466686816750983,54.78661474753928,0.0,0.0,12.339685734879762,14.515184952370757,120.66647292615684,0.0,0.0,187.15699696077707,220.4365132092128,1726.4735030266944,0.0,0.0,28.717208377537586,33.97998560666707,188.30337869411188,0.0,0.0,117.39802750948657,138.6534253067794,895.7075572681144,42.16330512712882,28.91859062217341,391.027640988385,459.36899733392138,4678.934407069837,0.0,0.0,140.86074475182614,166.27032223523089,1123.8217495449322,641.5694725805998,21.36216044947877,56.94509212338838,21.25,30.0,0.0,21.03525240225639,57.978245701631319,16.0,30.0,0.0,21.752163063792474,56.38048843552323,21.0,30.0,0.0,20.980654306181095,58.903582866916597,16.0,30.0,0.0,17.592619595441446,71.69966270330643,12.0,30.0,0.0,19.68025176000886,66.14396069216233,19.0,30.0,0.0,19.39300582386573,64.06412993400659,10.0,30.0,0.0,18.043756296529798,69.6793304959231,16.0,30.0,0.0,18.586512444791184,67.34354334340292,16.0,30.0,0.0,20.20648382865491,0.0,0.0,0.0,18.748397725647608,0.0,0.0,450.04479395597346,444.91942649526706,494.66898552643559,483.83060692043486,437.20845284342649,638.3024181011251,438.2165892892194,436.7673320847008,436.77815663492478,4690.912452342249,82.14278542518226,82.14278542518226,1744.0,0.0,1744.0,1744.0,16.0,16.0,19.0,16.0,16.0,12.0,21.0,10.0,1.0,0.0,641.5694725805998,0.0,0.0,0.0,0.0,0.0,0.0,0.0,0.0,0.0,0.0,82.14278542518226,82.14278542518226,0.17,0.3469578473694891,0.18014068700982978,82.14278542518226,0.17713239097194376,0.0,0.05076977777777778 
 04/06  16:30:00,14.7,86.0,7.859999999999999,60.0,6.0,0.0,0.0,0.0,2.0,0.0,0.0,0.0,0.0,0.0,4.0,1984.0,0.0,100.34591601997139,21.39388033028283,54.821062584294818,3.008884983202427,80.08567602950027,0.0,21.39388033028282,29.247056383270814,0.0,0.0,20.661470024829,-354.62727240210236,20.426591004961496,115.59365015930962,21.183407687383125,-866.9456217029447,20.50767145344392,313.55441552217055,17.538086718278437,29.999727206683958,19.497383042422077,-16.964582016102498,18.90626378389861,104.66183947841319,17.942885262187536,37.234682462313518,18.496121627271124,45.2165429838044,607.0273064455323,179.52705692945393,0.0,0.0,0.0,0.0,0.0,0.0,0.0,0.0,0.0,0.0,0.0,0.0,0.0,0.0,0.0,0.0,0.0,0.0,0.0,0.0,0.0,0.0,0.4887491473976353,0.14919082643395466,216.16001371011653,252.694658373842,2726.4918719376985,0.11547211708346511,0.017623949493813359,155.02896653442938,181.39521091466635,1875.650589261837,0.0,0.0,280.4119023444147,326.9227068695475,3926.398719039363,0.06729235052785143,0.012715863667394445,271.78887853624055,317.63194656853036,3443.712178100226,0.0,0.0,9.6111380463345,11.367538769249365,56.51549531678194,0.0,0.0,12.41486865746786,14.568290088726382,123.81545358157558,0.0,0.0,177.69466238963828,208.98856021545738,1626.147476726751,0.0,0.0,27.596018763411096,32.591523353297578,186.16267591026287,0.0,0.0,109.69829100024779,129.32446903559839,856.3547617879638,41.9161134951911,28.749049036482245,419.2613725862767,491.40606444726287,5098.744000147159,0.0,0.0,132.09773911431695,155.6827593257326,1056.9645687758269,241.77584183117726,21.043137669611128,58.31628818546906,21.0,30.0,0.0,20.787574676645794,59.15086359599941,16.0,30.0,0.0,21.779375865432365,56.444301295901478,21.0,30.0,0.0,21.088048680359145,58.75258174457838,16.0,30.0,0.0,17.61033776994363,71.63440849033334,12.0,30.0,0.0,19.685886027172228,67.51382377238773,19.0,30.0,0.0,19.266343718115409,64.700006871469,10.0,30.0,0.0,18.046994544199334,69.69149752596434,16.0,30.0,0.0,18.583577261980499,67.39682634558329,16.0,30.0,0.0,20.267631725024505,0.0,0.0,0.0,18.668264964856776,0.0,0.0,463.73549776973149,460.24898184679219,503.1538148633741,496.1998365336895,437.9823328279963,724.9828141126383,444.603513701007,438.29396714530977,438.9899120465885,8220.191980561216,82.56930820684122,85.94713103701821,1744.0,0.0,1744.0,1744.0,16.0,16.0,19.0,16.0,16.0,12.0,21.0,10.0,1.0,0.0,241.77584183117726,0.0,0.0,0.0,0.0,0.0,0.0,0.0,5112.084745275512,3067250.8471653077,3979536.683200127,82.56930820684122,86.00449768227685,0.3404028248425171,0.7661354327940506,0.36028137401965956,86.00449768227685,0.3542647819438875,3979536.683200127,0.25906212974862888 
 04/06  16:40:00,14.61,86.66666666666667,7.786666666666667,53.666666666666667,5.833333333333333,0.0,0.0,0.0,2.0,0.0,0.0,0.0,0.0,0.0,4.0,3968.0,0.0,90.25676571015045,19.103854304109715,48.95295256502822,2.7063602228676415,72.0335619390447,0.0,19.103854304109704,26.116417187732354,0.0,0.0,21.217366027504917,-1130.9962840683793,20.45682251256407,442.7225115204519,21.273982802971145,-875.0467562009676,20.548511095305128,326.73808607374988,17.555775789293017,31.581084091859837,19.49689557207863,-20.89061402519026,18.94755173006498,182.08033325556654,17.94511774098327,32.40440036534926,18.489322340613894,29.782056392249957,636.0763197320462,183.48926030179269,0.0,0.0,0.0,0.0,0.0,0.0,0.0,0.0,0.0,0.0,0.0,0.0,0.0,0.0,0.0,0.0,0.0,0.0,0.0,0.0,0.0,0.0,0.3983947824680365,0.1216101289584971,342.8854499083868,399.9543760546252,4977.80123438628,0.16258250331515188,0.02481417938265444,275.50818253413868,322.47225008655138,3440.6252720240497,0.007205918938757702,0.0013616626868400803,277.86642230165958,324.4227323133772,3982.725542048587,0.0954046768754165,0.01802809464765995,273.63251804004758,320.2535803123261,3538.943065444414,0.0,0.0,10.509677923920105,12.449132759355266,64.00044858136404,0.0,0.0,14.515970474718593,17.05877238466083,147.30795953440387,0.0,0.0,183.25023133541479,215.7677297604782,1740.8388276137396,0.0,0.0,28.255021776657917,33.42208767876969,195.37007410056834,0.0,0.0,109.11317585915632,128.82689168605209,867.1337154252505,41.88051738132611,28.72463469226757,540.9452805922153,634.5315584070323,6663.208298925591,0.0,0.0,131.6131575483895,155.36510519310566,1062.2652169277538,1707.562922759138,21.921834861754996,55.495964806309007,22.0,30.0,0.0,20.873606646290069,59.156226054229808,16.0,30.0,0.0,21.858917885081249,56.411920318713139,21.0,30.0,0.0,21.131923680814475,58.83928867325546,19.0,30.0,0.0,17.625220531584437,71.63863448255691,12.0,30.0,0.0,19.684756657626829,68.13763739675184,19.0,30.0,0.0,19.349125673247433,64.57714370181692,10.0,30.0,0.0,18.04192157014267,69.8189848517435,16.0,30.0,0.0,18.564964494453066,67.61962500532582,16.0,30.0,0.0,20.361948010540084,0.0,0.0,0.0,18.612442699953858,0.0,0.0,476.4407742264111,476.7678588385301,515.7907191019373,508.517513256111,441.23534043872487,762.9670881780653,454.8216214135164,443.456146874858,446.1242692014002,9401.594661387056,81.78836412917721,83.49835295523109,1744.0,0.0,1744.0,1744.0,16.0,19.0,19.0,16.0,16.0,12.0,21.0,10.0,1.0,0.0,1707.562922759138,0.0,0.0,0.0,0.0,0.0,0.0,0.0,2587.9097685392919,1552745.861123575,2009957.0587527587,81.78836412917721,83.52739424227079,0.3412636589513097,0.7710223911151224,0.36028137401965956,83.52739424227079,0.3542647819438875,2009957.0587527587,0.15800043372181014 
 04/06  16:50:00,14.52,87.33333333333334,7.713333333333333,47.33333333333334,5.666666666666666,0.0,0.0,0.0,2.0,0.0,0.0,0.0,0.0,0.0,4.0,3969.0,0.0,80.18715485047037,16.82036035160333,43.101580657665419,2.4044213485952738,63.997042131673,0.0,16.82036035160332,22.994707832123877,0.0,0.0,21.040987756885437,-414.0090686074161,20.491462760511476,86.43859536804303,21.361272562775406,-887.7110258466669,20.61432953411566,354.30046369376989,17.575472071292709,29.04532440064888,19.49642405745992,-16.485128760146496,18.96467146344068,66.5449436976919,17.94968933322785,32.9942869560833,18.486674139018964,37.58333389412587,623.2285609930227,214.59272811621828,0.0,0.0,0.0,0.0,0.0,0.0,0.0,0.0,0.0,0.0,0.0,0.0,0.0,0.0,0.0,0.0,0.0,0.0,0.0,0.0,0.0,0.0,0.5973608377049708,0.18234457805402044,217.69462651898227,254.56941889740029,2988.901540114487,0.1320762452828969,0.02015815709445924,165.95369610526573,194.46805865358994,2102.318373048323,0.0,0.0,286.2817350584632,334.14823395549629,4199.151599648765,0.0603577163126182,0.011405464155823544,275.4203132871644,322.26514672220409,3659.282719430911,0.0,0.0,9.505068287303665,11.260109033367148,59.947478444918818,0.0,0.0,12.268149868100155,14.419194139594766,126.72535891812527,0.0,0.0,183.50116181298317,216.15851322385269,1764.7609160647028,0.0,0.0,27.629584859189543,32.690008329500908,196.0697015455329,0.0,0.0,116.39000822556439,137.47644145904588,944.4875670871397,41.638112607591057,28.558376274067947,425.1629922713129,498.96201080901269,5418.93017222336,0.0,0.0,139.15420244131455,164.32387914622329,1150.4722781124656,639.5829276300696,21.488706752274344,57.43058298513846,21.25,30.0,0.0,20.890603680781945,59.50440242067525,16.0,30.0,0.0,21.94029139207573,56.56993722528246,21.0,30.0,0.0,21.223380213450129,58.9762246719516,19.0,30.0,0.0,17.643996253416508,71.74259923022609,12.0,30.0,0.0,19.685916526423218,68.76170988855523,19.0,30.0,0.0,19.321912864143437,65.04503546427478,10.0,30.0,0.0,18.04272513214181,70.10985612750896,16.0,30.0,0.0,18.558563726542638,68.00380827244863,16.0,30.0,0.0,20.364631419669949,0.0,0.0,0.0,18.620874318232099,0.0,0.0,498.71814917042209,497.92346552435586,538.5354151992028,531.9577639857625,449.63543091227708,800.6421889311057,472.0857172912668,457.0149682628693,462.93947367919648,3477.6337688450637,82.15423204886877,82.15423204886877,1744.0,0.0,1744.0,1744.0,16.0,19.0,19.0,16.0,16.0,12.0,21.0,10.0,1.0,0.0,639.5829276300696,0.0,0.0,0.0,0.0,0.0,0.0,0.0,0.0,0.0,0.0,82.15423204886877,82.15423204886877,0.17,0.34710873064401628,0.18014068700982978,82.15423204886877,0.17713239097194376,0.0,0.05367644444444444 
 04/06  17:00:00,14.43,88.0,7.64,41.0,5.5,0.0,0.0,0.0,2.0,0.0,0.0,0.0,0.0,0.0,4.0,1986.0,0.0,70.14107470058188,14.54364934701079,37.267589716748769,2.103188036701721,55.97930199285637,0.0,14.543649347010783,19.88227128056115,0.0,0.0,20.67706702327337,-288.2990284604821,20.427816662775745,154.18174299897329,21.42340249641014,-906.6658012664839,20.660756666557889,324.0784910247421,17.59312947000533,28.125075468117957,19.495096305027439,-18.006913232912355,18.93687855952455,95.85880426641643,17.95300057945667,29.444570573397017,18.48176311730251,27.393446857584423,625.6022956556171,208.6345153880884,0.0,0.0,0.0,0.0,0.0,0.0,0.0,0.0,0.0,0.0,0.0,0.0,0.0,0.0,0.0,0.0,0.0,0.0,0.0,0.0,0.0,0.0,0.625864760503497,0.19104540918910169,227.12819762124208,265.7678403974297,2966.401786335049,0.14834695674743507,0.022641476915054194,168.916002896526,197.83152049510395,2142.3721118419055,0.0,0.0,282.3006807496487,328.80785537524107,4214.5925645056299,0.05026052583822749,0.009497453862098918,270.6327328805759,315.9988463048443,3670.9863722284019,0.0,0.0,9.637919253942814,11.398336289198277,62.84399381719899,0.0,0.0,12.701748213368593,14.904327399578767,133.5044594020285,0.0,0.0,178.84683282471117,210.3173461221247,1733.622789803263,0.0,0.0,27.04888925128134,31.9445503553819,196.78174823062916,0.0,0.0,111.42273233706212,131.3486306517923,921.6740400092507,41.41491322609443,28.405290278528427,430.8567154449621,504.945962247623,5568.194706487372,0.0,0.0,133.50636738169269,157.37990125318707,1107.305183755152,177.21251935013189,20.997102543175794,59.33422740986751,21.0,30.0,0.0,20.793107071899777,60.07268057229304,16.0,30.0,0.0,21.981188372480646,56.578206737015609,21.0,30.0,0.0,21.27296239493392,58.9609996671644,19.0,30.0,0.0,17.660032541375448,71.89626199966301,12.0,30.0,0.0,19.68546396306715,69.35784655707991,19.0,30.0,0.0,19.26755676060258,65.42019228667064,10.0,30.0,0.0,18.0408232373673,70.36718176110623,16.0,30.0,0.0,18.545671078991725,68.2527493682087,16.0,30.0,0.0,20.363066433075998,0.0,0.0,0.0,18.543458805404535,0.0,0.0,506.3870415178353,508.095769327956,545.996947237144,539.9559877426444,459.5689437962654,835.5859594832351,479.19255730960637,468.3218084618627,471.9135549673443,7199.370116809279,83.24443092340036,83.24443092340036,1744.0,0.0,1744.0,1744.0,16.0,19.0,19.0,16.0,16.0,12.0,21.0,10.0,1.0,0.0,177.21251935013189,0.0,0.0,0.0,0.0,0.0,0.0,0.0,0.0,0.0,0.0,83.24443092340036,83.24443092340036,0.34,0.7670813203398574,0.36028137401965956,83.24443092340036,0.3542647819438875,0.0,0.05387022222222223 
 04/06  17:10:00,14.361666666666667,88.00000000000002,7.614999999999999,34.666666666666667,5.333333333333334,0.0,4.0,0.0,0.0,0.0,0.0,0.0,0.0,0.0,0.0,3972.0,0.0,60.1098623787885,12.270892961115156,31.443732310952027,1.8024005357082756,47.97342777789315,0.0,12.270892961115149,16.775240992575534,0.0,0.0,21.07885934703134,-675.9670171491998,20.447468959380637,327.35503841713287,21.054781468416459,-290.90588451206807,20.714815319600917,-35.81194686033366,17.60717732029665,26.958370408871134,19.403057901121238,-29.035629024910294,18.96923162778834,144.55996802060737,17.954201762395777,27.081182815131429,18.472434232419027,18.251270924771008,501.0937143309591,226.3545061727341,0.0,0.0,0.0,0.0,0.0,0.0,0.0,0.0,0.0,0.0,0.0,0.0,0.0,0.0,0.0,0.0,0.0,0.0,0.0,0.0,0.0,0.0,0.43875806159761779,0.13393103223370507,358.98027368207,419.8338321651909,5127.242979033433,0.15033767854895409,0.02294531113384525,236.63584013446727,277.293603390692,3057.711487525265,0.16245117283115458,0.030697500534987648,163.20573221287968,191.13265142504444,2287.8686277537515,0.05158002901701847,0.00974679308711611,13.373891362548969,15.652293994257012,183.3428193414896,0.0,0.0,9.359073397677762,11.086795332900877,62.48252701530252,0.0,0.0,46.15232786607129,54.333445783986068,480.1822007969894,0.0,0.0,220.17172832155377,259.28972748269748,2193.519562852748,0.0,0.0,28.518464704862738,33.73459452858569,211.0479945724773,0.0,0.0,115.41383886672327,136.2822891632668,965.9035642429392,41.44356511197252,28.42494177775894,292.50639426657286,343.97449674302308,3761.194106930161,0.0,0.0,138.9127729035203,164.0310685661028,1162.4185493812752,884.3223798911154,21.507603901488218,57.72533443911904,21.5,30.0,0.0,20.852064149206436,60.107738812040597,16.0,30.0,0.0,21.410499470224218,58.181482110971348,21.0,30.0,0.0,21.250317259595954,62.2311048051716,19.0,30.0,0.0,17.670069571206079,72.19673202606926,12.0,30.0,0.0,19.555174003940097,66.98264123384921,16.0,30.0,0.0,19.336435641140825,66.0076924939389,10.0,30.0,0.0,18.03587957365289,70.73684531420725,16.0,30.0,0.0,18.526829080111065,68.81041090024026,16.0,30.0,0.0,19.951071625155604,0.0,0.0,0.0,18.5111732633911,0.0,0.0,517.6568407269949,520.4840600102714,524.0931411294179,722.316061068581,476.4899420421501,649.237931826058,529.2351605113341,485.24937700313617,496.6165817837274,4896.357287858675,81.41943018969461,81.41943018969461,162.0,0.0,162.0,162.0,16.0,19.0,16.0,16.0,16.0,12.0,21.0,10.0,1.0,0.0,884.3223798911154,0.0,0.0,0.0,0.0,0.0,0.0,0.0,0.0,0.0,0.0,81.41943018969461,81.41943018969461,0.17,0.38586677737935318,0.18014068700982978,81.41943018969461,0.17713239097194376,0.0,0.005022 
 04/06  17:20:00,14.293333333333333,88.0,7.59,28.333333333333337,5.166666666666667,0.0,4.0,0.0,0.0,0.0,0.0,0.0,0.0,0.0,0.0,993.0,0.0,50.12512308056699,10.009143086410932,25.648078521118273,1.5030065112003968,40.00464324752419,0.0,10.009143086410927,13.683257439844516,0.0,0.0,20.67667441370107,-200.65227237757427,20.370667525230997,86.3374437290513,20.77141283200283,-332.03116071290699,20.694049530645907,-62.42300785763848,17.623045719702519,25.28383812906793,19.280748496651698,-7.828802550152204,18.92953805687577,82.47114472121757,17.958744453173403,28.452956098106939,18.467104444259474,25.888690619845876,415.8389093157448,234.77814232059974,0.0,0.0,0.0,0.0,0.0,0.0,0.0,0.0,0.0,0.0,0.0,0.0,0.0,0.0,0.0,0.0,0.0,0.0,0.0,0.0,0.0,0.0,0.42192418466060119,0.12879248616013468,202.46006650921658,235.75238033072015,2705.265964768425,0.1055397279783925,0.016108017090719248,144.4808255728083,168.41800650804684,1836.398913900583,0.2386973405159969,0.04510531755782256,125.1884484195375,145.77300950949747,1672.143836436252,0.0,0.0,16.967664339260648,19.708648060321698,231.45752358704176,0.0,0.0,8.780057458173458,10.341908121667292,60.132156400181298,0.0,0.0,35.26577572233579,41.29193397532029,359.0643062749732,0.0,0.0,203.99819409347379,238.99338696903517,2017.3274562033005,0.0,0.0,28.174294914477409,33.143752947200798,212.70534839041017,0.0,0.0,112.76966982981806,132.44021166003925,958.0949691777839,41.21772615858037,28.270045376255408,141.23372136063615,165.3850707906254,1855.2037465314107,0.0,0.0,136.37494999853295,160.1854607623791,1150.9889025905305,320.1217516543298,21.011198896793969,59.48341348062021,21.0,30.0,0.0,20.684921869351237,60.87893550211357,16.0,30.0,345.7236414810125,21.009848968919294,59.541464662130419,21.0,30.0,0.0,21.167558090355955,66.57294001831903,19.0,30.0,0.0,17.685012398516635,72.63406167288396,12.0,30.0,0.0,19.37538064496836,66.08615556242677,16.0,30.0,0.0,19.22617395554935,66.43703872079839,10.0,30.0,0.0,18.038858585529085,71.32457571608895,16.0,30.0,0.0,18.518047011248428,69.28496850630479,16.0,30.0,0.0,19.39709866866992,0.0,0.0,0.0,18.476114990245767,0.0,0.0,517.3433061098198,528.5131774221732,520.5301348184721,954.8413587074781,501.29938519204156,544.5611549059712,525.3312533625654,515.290266501884,518.9386050071694,6278.067624604868,83.85336430176318,83.85336430176318,162.0,0.0,162.0,162.0,16.0,19.0,16.0,16.0,16.0,12.0,21.0,10.0,1.0,0.0,320.1217516543298,0.0,345.7236414810125,0.0,0.0,0.0,0.0,0.0,0.0,0.0,0.0,83.85336430176318,83.85336430176318,0.34,0.6190966093479819,0.36028137401965956,83.85336430176318,0.3542647819438875,0.0,0.0050490000000000009 
 04/06  17:30:00,14.225,88.0,7.5649999999999999,22.0,5.0,0.0,4.0,0.0,0.0,0.0,0.0,0.0,0.0,0.0,0.0,3976.0,0.0,40.17956813137039,7.755963746168125,19.874386296682759,1.2047874165163189,32.067131395868418,0.0,7.755963746168121,10.602990457495217,0.0,0.0,21.15108664120075,-895.1540643694111,20.423735554108654,457.42276364744819,21.281638768193269,-522.1750524826779,20.704509291105283,-43.07632815797318,17.634676236358286,26.12532022975627,19.222219767655774,-6.433702242701571,18.98109528847955,167.02325941821574,17.95788160872341,21.140163265584364,18.458263506382879,4.649007905239614,516.1690753308262,232.6891786360427,0.0,0.0,0.0,0.0,0.0,0.0,0.0,0.0,0.0,0.0,0.0,0.0,0.0,0.0,0.0,0.0,0.0,0.0,0.0,0.0,0.0,0.0,0.4889446311725423,0.14925049791591644,368.3247233083234,429.9603722351281,5435.120437612522,0.18517936865541124,0.028263029404061548,291.4726056326204,341.2114747343055,3839.8831509740418,0.1998611927041425,0.0377666652880088,127.68275139836469,149.09544904411147,1935.9981988356486,0.04293437049980066,0.008113070767158096,16.02023183635365,18.748841789956609,220.86100276359623,0.0,0.0,9.543024925257879,11.300843113387043,66.76773578102649,0.0,0.0,28.648021190496164,33.749158343977857,291.9105080999513,0.0,0.0,199.24492765492622,234.6162002163688,2038.083486856137,0.0,0.0,27.879344859546074,32.97660554455413,213.74037497628764,0.0,0.0,110.19956504375797,130.12502429202196,946.625467245532,41.6635418982742,28.57581748852827,306.96271288891969,360.437358598253,3964.193555998188,0.0,0.0,133.15980344539515,157.28798101075607,1123.4595405609064,1156.6088606259994,21.665283968635849,57.15526777880592,21.75,30.0,0.0,20.832048977268664,60.33742548732483,16.0,30.0,1168.5033787498133,21.89728476212522,56.58071018485436,21.5,30.0,0.0,21.162566243272538,67.5020488610389,19.0,30.0,0.0,17.69288919294437,72.72865368835045,12.0,30.0,0.0,19.312874758691664,66.21404099258176,16.0,30.0,0.0,19.330492741048194,65.97815507738477,10.0,30.0,0.0,18.031899434218326,71.42768663317209,16.0,30.0,0.0,18.50021728602813,69.40936990155551,16.0,30.0,0.0,19.887458679106368,0.0,0.0,0.0,18.406588180752814,0.0,0.0,520.7132181492441,530.4763913331383,534.5738461402606,1009.3626021451646,507.01426389225306,535.1597236838925,522.3133237621767,518.0389462524681,520.1253492415859,7172.597989457355,81.6186932185251,83.35269428195602,162.0,0.0,162.0,162.0,16.0,19.0,16.0,16.0,16.0,12.0,21.0,10.0,1.0,0.0,1156.6088606259994,0.0,1168.5033787498133,0.0,0.0,0.0,0.0,0.0,2624.2134622487849,1574528.077349271,2055583.40157493,81.6186932185251,83.38214337650158,0.2574737820749595,0.5748405911338763,0.27021103051474468,83.38214337650158,0.2656985864579156,2055583.40157493,0.11196633688189638 
 04/06  17:40:00,14.156666666666667,88.0,7.54,19.166666666666669,4.166666666666667,0.0,4.0,0.0,0.0,0.0,0.0,0.0,0.0,0.0,0.0,3980.0,0.0,34.227876236075427,6.7402573836868389,17.271673533324319,1.0263257981369863,27.317116497624416,0.0,6.740257383686836,9.2144428544553,0.0,0.0,20.736903614307076,168.50928321231596,21.036450117039349,-713.3041610875744,20.878505222092359,-167.60137055518795,20.718690212883688,-59.12913660882401,17.647701536528495,22.931495937786197,19.159947039268638,-1.5024595431633828,18.986317995482854,46.359286153694259,17.955231455529913,20.725395120703696,18.445051874647235,5.558272653307085,510.1254688675929,247.09558473100334,0.0,0.0,0.0,0.0,0.0,0.0,0.0,0.0,0.0,0.0,0.0,0.0,0.0,0.0,0.0,0.0,0.0,0.0,0.0,0.0,0.0,0.0,0.4835543173688499,0.14760510298194444,283.5657458160993,331.94079507281369,3942.010942232224,0.04166395122258526,0.006358966914313991,239.53283503178484,280.0907225644209,3505.0479067381736,0.4484478738766264,0.08474071690790373,99.3541137461699,116.43556626482989,1406.1542371636768,0.0,0.0,18.092745336914047,21.146017404597598,251.11432570746605,0.0,0.0,8.610716679186258,10.19858999957559,61.6014762062722,0.0,0.0,21.099351427822144,24.85376100373678,214.6359350033158,0.0,0.0,190.1936639788367,224.01108853952668,1957.4230004049185,0.0,0.0,27.752056105984218,32.83195701058624,216.13407003756493,0.0,0.0,112.04734972443282,132.3391168732761,973.0775130735375,41.5878701493083,28.52391642613739,223.6736261924225,263.01460030894227,3032.1198168054468,0.0,0.0,135.408049397586,159.9855491434401,1153.141884327168,0.0,21.14863986630065,59.18646311167911,21.0,30.0,1749.3716335543384,21.594558651268838,57.27589018805484,21.75,30.0,0.0,21.214479594452319,59.89761923820679,21.0,30.0,0.0,21.156663976854156,68.67732052458472,19.0,30.0,0.0,17.703448815345796,72.8396662796207,12.0,30.0,0.0,19.236438300320608,66.47149375885633,16.0,30.0,0.0,19.297316418749089,66.25471028130407,10.0,30.0,0.0,18.023948980926535,71.56090726162904,16.0,30.0,0.0,18.47846755164003,69.59305383942149,16.0,30.0,0.0,19.889812016485047,0.0,0.0,0.0,18.378244211103728,0.0,0.0,536.1965063846437,519.6529127889514,590.3254634719624,1079.5367917903023,513.6730928653208,529.7992680418703,529.4596766857486,521.2104007636276,522.9303849907004,9929.335237593215,81.43942185845397,84.88098732605943,162.0,0.0,162.0,162.0,21.0,19.0,16.0,16.0,16.0,12.0,21.0,10.0,1.0,0.0,0.0,1749.3716335543384,0.0,0.0,0.0,0.0,0.0,0.0,5208.456563900307,3125073.9383401845,4053593.58186993,81.43942185845397,84.93943653291264,0.34361521879667697,0.7685949545188808,0.36028137401965956,84.93943653291264,0.3542647819438875,4053593.58186993,0.21588986625723639 
 04/06  17:50:00,14.088333333333333,88.0,7.515000000000001,16.333333333333337,3.333333333333334,0.0,4.0,0.0,0.0,0.0,0.0,0.0,0.0,0.0,0.0,995.0,0.0,28.43614388281255,5.729630688549004,14.68197744085515,0.8526605276470751,22.694764028268304,0.0,5.729630688549001,7.832839541787609,0.0,0.0,20.8471317966224,244.64385930573918,21.33261938402496,-1256.693591852043,20.70763915254455,-12.937589981753263,20.73325940571651,-53.491554887534338,17.658714576538814,21.35970447808006,19.094286167993326,-3.6477091815415294,18.93123258344972,81.57584561574822,17.952310335151766,19.5557273467939,18.432866976301115,5.401770880120694,566.7337251489389,245.92223155584817,0.0,0.0,0.0,0.0,0.0,0.0,0.0,0.0,0.0,0.0,0.0,0.0,0.0,0.0,0.0,0.0,0.0,0.0,0.0,0.0,0.0,0.0,0.5042787511610432,0.15393124272315115,311.2639405949531,361.96498926047618,4533.416605370831,0.0,0.0,298.03561246500979,345.85813638641528,4694.145824652838,0.5536464620345669,0.10461951285611623,80.61032419100363,93.8397951029261,1114.191049107365,0.0,0.0,16.933280183208436,19.656935487364657,237.69468825809256,0.0,0.0,8.359389049147117,9.84542603866055,61.137128683951647,0.0,0.0,8.53415003189219,10.001485892330403,86.59305907796638,0.0,0.0,174.76978779463634,204.79163045186298,1790.8204687277478,0.0,0.0,27.41961896421976,32.259054930576059,217.0494172824818,0.0,0.0,108.59291699530651,127.5646118006186,954.3781266730263,41.6485931116441,28.565564548452753,265.21391593069498,309.8636836096604,3641.2594132052247,0.0,0.0,131.2481666664616,154.26159856965686,1116.0916590367588,0.0,21.424134502323278,58.05960992168661,21.0,30.0,1701.3633240856714,22.05145927969883,55.73933199870922,22.0,30.0,104.06484270828828,21.00335630141661,61.05353684794925,21.0,30.0,0.0,21.1607229994941,69.36760312658,19.0,30.0,0.0,17.71165712451622,72.9711371769758,12.0,30.0,0.0,19.14848552050248,66.84395722483655,16.0,30.0,0.0,19.199537147794478,66.45417325347479,10.0,30.0,0.0,18.015900286864225,71.75842068495712,16.0,30.0,0.0,18.45794166821009,69.82242669379333,16.0,30.0,0.0,20.056043493894497,0.0,0.0,0.0,18.300029977753824,0.0,0.0,532.300347477556,524.5300924917272,615.0277845004881,1124.4960688132579,520.8485975955957,529.244874807472,521.077610901623,528.1471438755489,529.4941771994766,10122.151195842505,81.31193737273026,81.31193737273026,162.0,0.0,162.0,162.0,21.0,19.0,16.0,16.0,16.0,12.0,21.0,10.0,1.0,0.0,0.0,1701.3633240856714,104.06484270828828,0.0,0.0,0.0,0.0,0.0,0.0,0.0,0.0,81.31193737273026,81.31193737273026,0.34,0.7625070564514483,0.36028137401965956,81.31193737273026,0.3542647819438875,0.0,0.005157 
 04/06  18:00:00,14.02,88.0,7.49,13.5,2.5,0.0,4.0,0.0,0.0,0.0,0.0,0.0,0.0,0.0,0.0,3980.0,0.0,22.81595832727151,4.72404298481074,12.105193792837323,0.6841390433028577,18.20932165343609,0.0,4.724042984810739,6.458124912393026,0.0,0.0,20.838697597653064,154.20372349460468,20.97812106669607,-259.63964866431697,21.189066826875007,-616.1377154486515,20.756859510895507,-41.33548936765182,17.668437322635236,22.652593235048685,19.058581959810515,3.1699636240973065,18.96502531201385,117.64861236055208,17.948352604610404,14.155027515514292,18.421499192698897,-10.852638155309478,505.9728056825538,264.0419973227556,0.0,0.0,0.0,0.0,0.0,0.0,0.0,0.0,0.0,0.0,0.0,0.0,0.0,0.0,0.0,0.0,0.0,0.0,0.0,0.0,0.0,0.0,0.5692857714271884,0.17377465550280475,251.42904493578346,294.29381288542847,3699.50128001526,0.09251528814172624,0.014120159972790942,131.93478503213763,154.51659281415957,1954.7486157615902,0.3167311302607207,0.05985093164412715,199.2822976828056,232.83665486410957,3099.0939159510969,0.020618462579333628,0.0038961569499874569,14.013344930820818,16.378530053417565,199.2207098862003,0.0,0.0,9.036371534659706,10.701806565610973,67.39681380544903,0.0,0.0,26.475876457825703,31.182983451204277,270.2979448130054,0.0,0.0,197.2093896141174,232.28385167876633,2071.1536846758806,0.0,0.0,27.279851394605907,32.27623932263809,219.01445784855395,0.0,0.0,111.62353777473209,131.85514074136993,991.2681147709579,41.90684686966304,28.742693326243527,187.48657218501254,220.64672449620293,2700.3239571010196,0.0,0.0,134.35090077873103,158.80140092277083,1149.8126241885853,0.0,21.40882577315483,58.40024184233438,21.0,30.0,0.0,21.440602808629984,58.30083430247133,21.0,30.0,1103.5047276116659,21.817449452661636,57.188813573230017,21.5,30.0,0.0,21.18161865311384,70.0168192416407,19.0,30.0,0.0,17.718478412944813,72.97407061396962,12.0,30.0,0.0,19.116634096626727,66.97065536228387,16.0,30.0,0.0,19.26367214220911,66.45996049018406,10.0,30.0,0.0,18.006832282785888,71.78445855097692,16.0,30.0,0.0,18.43900425939445,69.85775304559268,16.0,30.0,0.0,19.841879123123769,0.0,0.0,0.0,18.261254668069389,0.0,0.0,552.0931109454821,553.0505183468852,567.8797379543207,1168.3629943544059,522.5389640587409,529.1078641320312,535.5496994202918,527.8589179429887,528.0452704397043,5231.004965770639,82.14485440916634,84.08476648589743,162.0,0.0,162.0,162.0,21.0,19.0,16.0,16.0,16.0,12.0,21.0,10.0,1.0,0.0,0.0,0.0,1103.5047276116659,0.0,0.0,0.0,0.0,0.0,2935.48510082345,1761291.06049407,2294050.102148998,82.14485440916634,84.11771263302646,0.18284950336078169,0.3832680629768761,0.18014068700982978,84.11771263302646,0.17713239097194376,2294050.102148998,0.12450160531174794 
 04/06  18:10:00,13.95,88.16666666666667,7.358333333333334,10.666666666666666,1.6666666666666664,0.0,0.0,0.0,0.0,0.0,0.0,4.0,0.0,0.0,0.0,3984.0,0.0,17.37857122487442,3.7233879307943944,9.541050096890297,0.5210987203885729,13.869769198010309,0.0,3.7233879307943926,5.090153589135928,0.0,0.0,21.033560043555885,-497.51548659795938,20.868151839852119,-44.74518958015233,21.267326819343127,-1196.8115924401178,20.622469774655099,114.2673712571318,17.67951071776206,22.25165374697295,19.020219244716139,4.99416126256196,18.965966460467038,109.73838618237892,17.9417549840288,13.782988758543496,18.404481441442195,-11.702782964638232,600.6250761048696,277.8891818621091,0.0,0.0,0.0,0.0,0.0,0.0,0.0,0.0,0.0,0.0,0.0,0.0,0.0,0.0,0.0,0.0,0.0,0.0,0.0,0.0,0.0,0.0,0.4585156598727843,0.13996204513821257,319.4122714402248,372.82218440607508,4836.474206071561,0.09559506057491575,0.014590210710457227,19.767901371750015,23.106156171368374,289.90441159157526,0.3387046826964033,0.06400315243696211,547.9956593396279,640.5405000114095,8402.611467912116,0.14680287680342336,0.027740528496489664,330.806266703287,387.4411641270574,4627.85006110989,0.0,0.0,9.172396414029369,10.860784683984122,69.88883462835048,0.0,0.0,31.060107319511514,36.61879908136108,319.05532727088026,0.0,0.0,209.84301273902629,247.16392613742029,2225.7218369558138,0.0,0.0,27.70263405237155,32.77667094452689,225.65413980372407,0.0,0.0,118.72886655669683,140.2840909870237,1065.0218128830546,41.451269739679549,28.430226158902305,539.3210612646437,633.7217398370523,7277.843821327484,0.0,0.0,141.2854172371731,167.02575481531594,1221.428009931069,916.6103831096484,21.525390106379743,62.46057504797306,21.5,30.0,0.0,21.313250239692306,62.05050778862298,21.0,30.0,1665.869853478654,21.7265702644198,61.10862120965476,21.5,30.0,0.0,20.989417524004538,65.6056285656184,16.0,30.0,0.0,17.728261523715607,73.15763722685641,12.0,30.0,0.0,19.07521170939361,67.72423987889946,16.0,30.0,0.0,19.24856475064375,68.80159533821649,10.0,30.0,0.0,17.994778099240798,72.10386934168928,16.0,30.0,0.0,18.413047135798583,70.4643117928013,16.0,30.0,0.0,20.260798626297054,0.0,0.0,0.0,18.232610558429465,0.0,0.0,819.2474850556509,743.0350127079456,789.318060137128,880.6466711783426,533.862643724241,559.7563422398879,654.8241729832786,542.231421557587,554.4969999889063,8392.533878800496,82.45563381825345,82.45563381825346,240.0,0.0,240.0,240.0,21.0,16.0,16.0,16.0,16.0,12.0,21.0,10.0,1.0,0.0,916.6103831096484,0.0,1665.869853478654,0.0,0.0,0.0,0.0,0.0,0.0,0.0,0.0,82.45563381825345,82.45563381825345,0.34,0.7701099529762536,0.36028137401965956,82.45563381825345,0.3542647819438875,0.0,0.0078000000000000009 
 04/06  18:20:00,13.88,88.33333333333334,7.2266666666666679,7.833333333333333,0.8333333333333332,0.0,0.0,0.0,0.0,0.0,0.0,4.0,0.0,0.0,0.0,2989.0,0.0,12.134555568540119,2.7274458059642168,6.988983332488123,0.36385658467508499,9.684544851945827,0.0,2.7274458059642154,3.7286251973858914,0.0,0.0,21.068572792859606,-301.0669116815148,20.89074769523815,-49.8488479569613,20.873722238280729,-375.68165056635817,20.599304225700786,96.30529726841542,17.691808162062914,22.577580259399718,18.987585721379057,16.076741345247528,19.01059346149772,69.69175595240933,17.93800905771816,14.367387725573959,18.39152343213035,-9.355781661634861,517.9501798509756,326.3948846598316,0.0,0.0,0.0,0.0,0.0,0.0,0.0,0.0,0.0,0.0,0.0,0.0,0.0,0.0,0.0,0.0,0.0,0.0,0.0,0.0,0.0,0.0,0.44881626474591188,0.13700130181499138,159.67248639827109,186.49145957282227,2385.4784871950798,0.06080656167501863,0.009280610756260473,15.843465964387692,18.49755329182082,235.38152910696153,0.4853553735421972,0.09171492319391482,246.17113660298208,288.04609780954936,3583.273017634512,0.1301572913451118,0.024595104184639405,137.5716093672471,161.1303399659561,1948.549584897161,0.0,0.0,9.140141890060577,10.820433114071943,71.15822708921576,0.0,0.0,39.25650553789762,46.2535394517292,406.3636878740059,0.0,0.0,228.37681070262293,268.8124884584636,2482.3870862303599,0.0,0.0,29.220086149698696,34.55465281750966,241.77571637309894,0.0,0.0,127.80712495495173,150.91782736440906,1160.0579621988255,40.91317133679199,28.061160038951983,220.37046888805188,258.9239802840536,3131.2433062694046,0.0,0.0,152.00765639842627,179.57650707366146,1336.676741594995,534.0696445556398,21.56219568095682,61.05854648597611,21.333333333333326,29.99999999999999,0.0,21.347179659208704,65.8263091491856,20.999999999999994,29.99999999999999,42.15668245685163,21.201063899731709,60.430307743123567,20.999999999999994,29.99999999999999,0.0,20.98125569723865,63.273429093990447,15.999999999999993,29.99999999999999,0.0,17.740981312673897,73.77367460145104,11.999999999999995,29.99999999999999,0.0,19.043468599260426,68.9262803364748,15.999999999999993,29.99999999999999,0.0,19.30685623255344,68.4753748632275,9.999999999999997,29.99999999999999,0.0,17.98813369842655,73.23981432521188,15.999999999999993,29.99999999999999,0.0,18.39485487882282,71.79603438259608,15.999999999999993,29.99999999999999,0.0,19.90057156442124,0.0,0.0,0.0,18.237486991983699,0.0,0.0,746.1709882637475,967.3232563951892,640.001590194522,746.7282021066891,566.3390809694818,615.4781254774366,652.8804939422539,596.0181519474534,616.4550976406391,6689.701163904721,81.37162732270115,81.37162732270115,239.99999999999992,0.0,239.99999999999992,239.99999999999992,21.0,16.0,16.0,16.0,16.0,12.0,21.0,10.0,1.0,0.0,534.0696445556398,0.0,42.15668245685163,0.0,0.0,0.0,0.0,0.0,0.0,0.0,0.0,81.37162732270115,81.37162732270115,0.2266666666666666,0.4637375633869235,0.24018758267977295,81.37162732270115,0.2361765212959249,0.0,0.007720000000000001 
 04/06  18:30:00,13.809999999999999,88.5,7.095000000000001,5.0,0.0,0.0,0.0,0.0,0.0,0.0,0.0,4.0,0.0,0.0,0.0,3988.0,0.0,7.0932028949885439,1.7358337177592585,4.448012358767394,0.2126912379679552,5.6610640873036008,0.0,1.7358337177592576,2.37301629398319,0.0,0.0,21.085201640967946,-101.05155983486759,20.901307913218596,-51.796965788526737,21.313883903302004,-1110.1651553840903,20.62737016408955,341.5334338624516,17.701792331692148,21.243020798750963,18.960777231428609,13.843043812472559,18.983848160868339,93.61622449022298,17.934815340816493,12.22434034462782,18.38163792593609,-12.845110071422596,567.9781707172879,315.54368844954186,0.0,0.0,0.0,0.0,0.0,0.0,0.0,0.0,0.0,0.0,0.0,0.0,0.0,0.0,0.0,0.0,0.0,0.0,0.0,0.0,0.0,0.0,0.5268373140778797,0.1608172509395237,202.9802538811353,237.75452665238644,3060.3236884913087,0.02102594170409356,0.003209087561674842,15.60026668486211,18.218379620436207,233.80768275400966,0.39061000282314109,0.073811413987744,367.13288360869697,428.85998683474079,5821.202519774315,0.15528520614518497,0.029343387404607885,236.99020664023687,277.33796696052579,3443.4061349439136,0.0,0.0,8.900113153548733,10.541406497026593,70.68570963634622,0.0,0.0,36.48585238651278,43.023806465092558,381.06780873268567,0.0,0.0,218.4345699201068,257.3390257631678,2383.9210872194864,0.0,0.0,27.99097479016756,33.123276780788938,235.21737887448206,0.0,0.0,122.38796210265658,144.62424196698354,1125.0217332959269,40.52251664464019,27.79322129262017,340.62634126621739,400.09370558250688,4879.2433096523859,0.0,0.0,145.24977472614499,171.75266049903707,1282.5948360820674,0.0,21.383665138606184,60.812990478833217,21.0,30.0,0.0,21.360962083994779,67.79618691162915,21.0,30.0,1547.7248930356869,21.797154017367899,58.88438917187359,21.5,30.0,0.0,21.083553101552299,61.58210442865925,16.0,30.0,0.0,17.74915729369497,74.31176459972179,12.0,30.0,0.0,19.019386182686305,69.46449957325756,16.0,30.0,0.0,19.25898523586523,68.76880705138919,10.0,30.0,0.0,17.98239735788087,74.00162823347104,16.0,30.0,0.0,18.382369691832087,72.41991292136385,16.0,30.0,0.0,20.121863017916679,0.0,0.0,0.0,18.184965091591104,0.0,0.0,700.5234277629027,1085.6460018357118,677.2384104605075,679.6906065041135,594.4412260895325,639.5610398193156,660.5025461248702,632.5830399229042,646.0920902870315,4770.359919132513,81.00713660097733,82.70453316686663,240.0,0.0,240.0,240.0,21.0,16.0,16.0,16.0,16.0,12.0,21.0,10.0,1.0,0.0,0.0,0.0,1547.7248930356869,0.0,0.0,0.0,0.0,0.0,2568.87137056542,1541322.8223392519,1999701.4785812635,81.00713660097733,82.73336059552531,0.170629045685514,0.38574177519234767,0.18014068700982978,82.73336059552531,0.17713239097194376,1999701.4785812635,0.11162447688622569 
 04/06  18:40:00,13.74,88.66666666666666,6.963333333333334,4.166666666666667,0.0,0.0,0.0,0.0,0.0,0.0,0.0,4.0,0.0,0.0,0.0,8982.0,0.0,5.928035935628426,1.4506965061471,3.7173582767037964,0.17775343953029203,4.731147671979716,0.0,1.450696506147099,1.983212108101817,0.0,0.0,21.019495258297945,-371.8968709412059,20.903534928409067,-79.48733077337569,21.0725186920831,-552.067794096808,20.60784662688271,156.51338653253786,17.71017228726856,20.191922251055023,19.428525154638849,-37.471536667082897,18.98106040537796,113.07222402237564,18.964693860633959,-37.1441845749247,18.363863803396869,-32.94073373614354,459.7075813335993,323.4959016143638,0.0,0.0,0.0,0.0,0.0,0.0,0.0,0.0,0.0,0.0,0.0,0.0,0.0,0.0,0.0,0.0,0.0,0.0,0.0,0.0,0.0,0.0,0.4827717356995088,0.14736621968849515,141.3011354549243,165.4538838193823,2169.6467855508369,0.013912649860797686,0.0021234203084245617,19.204657458547218,22.487164362335798,290.01563579047476,0.4996993726062504,0.09442542944184654,217.44854234969788,254.24036543292747,3383.2393235554957,0.14291548677136468,0.02700594988121031,157.22472069821789,183.92112673643738,2275.107369130368,0.0,0.0,8.624574214018472,10.223900448404267,69.80236057405881,0.0,0.0,40.42651126138442,47.57216027703694,477.31687544742035,0.0,0.0,212.264739376361,250.29833392651327,2344.1918948403915,0.0,0.0,19.240232390469087,22.660102900678809,226.03692413499275,0.0,0.0,131.4950116682152,155.52138657829716,1219.759282548162,39.871693460269899,27.346840507729767,210.17184647703855,247.10569769217939,3051.914417251472,0.0,0.0,139.0220752860564,164.58627962758289,1231.6970799867389,740.0223809417721,21.45930721186636,60.147740181603648,21.444444444444497,30.000000000000076,0.0,21.354977290171765,68.40595567787818,21.00000000000005,30.000000000000076,986.211302326894,21.420255546567689,59.988857545683277,21.333333333333383,30.000000000000076,0.0,21.012748017749183,61.77140114377363,16.00000000000004,30.000000000000076,0.0,17.7547204069083,74.72355162387233,12.000000000000032,30.000000000000076,776.768624593376,19.55039247361084,67.48633690668187,19.555555555555605,30.000000000000076,0.0,19.25115858205261,68.84383606586822,10.000000000000025,30.000000000000076,1307.7582443456975,19.588156513216086,67.29112736313896,20.700000000000054,30.000000000000076,0.0,18.35479541459737,72.77955873127871,16.00000000000004,30.000000000000076,0.0,19.55562117156058,0.0,0.0,0.0,18.128058088912053,0.0,0.0,684.5873810521678,1124.789924572279,666.7923697489466,679.8185832887139,616.8337676052491,655.9716663243596,667.3890501495082,649.6895167554185,660.9940852349876,9578.311176942612,81.6715292908462,83.9504079681913,240.0000000000006,0.0,240.0000000000006,240.0000000000006,21.0,16.0,19.0,16.0,19.7,12.0,21.0,10.0,1.0,0.0,740.0223809417721,0.0,986.211302326894,0.0,776.768624593376,0.0,1307.7582443456975,0.0,3448.8732679229467,2069323.9607537618,2692164.319022873,81.6715292908462,83.98911089349063,0.3416291089307654,0.7691183513989224,0.36028137401966056,83.98911089349063,0.3542647819438884,2692164.319022873,0.14755254458918938 
 04/06  18:50:00,13.67,88.83333333333334,6.831666666666667,0.0,0.0,0.0,0.0,0.0,0.0,0.0,0.0,4.0,0.0,0.0,0.0,2994.0,0.0,0.0,0.0,0.0,0.0,0.0,0.0,0.0,0.0,0.0,0.0,20.768180058006157,-281.2366333853422,20.903049298592479,-79.48840847943476,21.13266779027098,-398.50279009870459,20.561408614062885,60.78018235383155,17.719841564425257,20.175540251537976,19.44597086525225,-43.033232671178478,19.00241642871393,51.029676432845047,19.532556526511347,-75.63762042003522,18.33817864344266,-25.937307353801189,453.0483474924383,380.09330194535536,0.0,0.0,0.0,0.0,0.0,0.0,0.0,0.0,0.0,0.0,0.0,0.0,0.0,0.0,0.0,0.0,0.0,0.0,0.0,0.0,0.0,0.0,0.5002233706504591,0.15269333658438936,131.92355048545316,154.296754239429,1954.2872440649244,0.0,0.0,24.177020622114595,28.207311567010245,368.1163195183614,0.5240783742961559,0.099032194689372,178.97284094147356,209.42054226021126,2733.5265396578845,0.13061420776058997,0.02468144515506237,132.2867534977819,155.2439001380458,1920.037502068359,0.0,0.0,8.318853565117378,9.847360400568995,68.66816483124143,0.0,0.0,43.5321493603101,51.150196412002419,529.954955348508,0.0,0.0,215.57078401676908,253.80513773470467,2415.627556712038,0.0,0.0,26.36734002026147,30.877959769160876,362.04519259020517,0.0,0.0,145.42490746009478,171.76229732560237,1359.2409191290406,39.29762786476205,26.953105531386897,176.6896129142147,207.91295936145429,2603.026891672008,0.0,0.0,148.39779138465284,175.3511833947835,1351.7980523024783,144.3222674112934,21.113020130373145,61.460965590678558,21.000000000000015,30.00000000000002,0.0,21.34931954934908,68.56852689565283,21.000000000000015,30.00000000000002,740.8681667106553,21.46346946311128,59.630537841876549,21.33333333333335,30.00000000000002,0.0,20.93431543724316,61.85394670413934,16.000000000000015,30.00000000000002,0.0,17.764043479869359,75.02526019796042,12.00000000000001,30.00000000000002,0.0,19.767712165478586,66.75740469412085,19.000000000000015,30.00000000000002,0.0,19.264862066469193,68.82201903895136,10.000000000000007,30.00000000000002,334.55521243526416,20.58496789421814,63.297027820299749,20.36666666666668,30.00000000000002,0.0,18.317452964032105,72.97711438529827,16.000000000000015,30.00000000000002,0.0,19.69120071090078,0.0,0.0,0.0,18.180148070015627,0.0,0.0,691.1231075184213,1139.7940690679409,661.9441058380533,672.8460944731223,636.1848088160075,671.2625415947096,671.4795385485418,660.5727424798873,665.6670028434046,8593.233721249664,82.32295875398347,82.32295875398347,240.00000000000018,0.0,240.00000000000018,240.00000000000018,21.0,16.0,19.0,16.0,19.7,12.0,21.0,10.0,1.0,0.0,144.3222674112934,0.0,740.8681667106553,0.0,0.0,0.0,334.55521243526416,0.0,0.0,0.0,0.0,82.32295875398347,82.32295875398347,0.3400000000000003,0.7705188752533023,0.3602813740196598,82.32295875398347,0.3542647819438878,0.0,0.007546666666666665 
 04/06  19:00:00,13.6,89.0,6.7,0.0,0.0,0.0,0.0,0.0,0.0,0.0,0.0,4.0,0.0,0.0,0.0,6986.0,0.0,0.0,0.0,0.0,0.0,0.0,0.0,0.0,0.0,0.0,0.0,21.11386394872045,-532.3183063259969,20.906376026550697,-64.5474770505983,21.2274938548402,-426.6083792890978,20.517442596707484,210.20848153989008,17.728684384576046,20.922995493877836,19.285604188822476,-24.683360337219424,18.993720447941994,101.61524122396767,19.16586917332127,-40.692724801498957,18.32677033525576,-25.955558710460318,516.2033147242132,364.72912880203446,0.0,0.0,0.0,0.0,0.0,0.0,0.0,0.0,0.0,0.0,0.0,0.0,0.0,0.0,0.0,0.0,0.0,0.0,0.0,0.0,0.0,0.0,0.4575486940928869,0.1396668785387325,172.34273374549026,201.74900913307278,2741.933173964635,0.0042442804559106859,0.0006477839523673218,19.516305521863978,22.818714594514519,300.01123121964346,0.5530110263498104,0.10449943808575425,244.67604132855738,286.7025156359617,3807.2176384254996,0.1685711695427918,0.03185396249863794,237.78588004364898,278.9944964153988,3446.83809075581,0.0,0.0,8.635282924286815,10.236660697592903,72.61840740913661,0.0,0.0,37.0302341723076,43.66247885479129,438.53896121635537,0.0,0.0,213.94989033309495,252.32701022966908,2428.9656787349997,0.0,0.0,22.22774700732439,26.173242887051996,281.0733029902398,0.0,0.0,144.7475236989904,171.25971302491946,1369.5957082031906,38.97533714742129,26.7320556566676,249.47750568682594,293.8659845568113,3597.5004885311457,0.0,0.0,146.87910057968564,173.89248370615986,1340.991969085485,716.4956747199121,21.54016187283272,59.553824583128008,21.42857142857146,30.000000000000044,0.0,21.353103209380178,68.515400049804,21.00000000000003,30.000000000000044,0.0,21.402811920946605,59.57965997906237,21.00000000000003,30.000000000000044,0.0,20.896093779266108,61.74213273484051,16.00000000000002,30.000000000000044,0.0,17.771892370300554,75.17043537063202,12.000000000000018,30.000000000000044,0.0,19.508789800877979,67.90455370020642,19.00000000000003,30.000000000000044,0.0,19.268612616105828,68.71071564258668,10.000000000000015,30.000000000000044,30.74156108106694,19.899716966046094,66.07909745553622,19.70000000000003,30.000000000000044,0.0,18.305285000056139,73.02502179005008,16.00000000000002,30.000000000000044,0.0,19.84596141707562,0.0,0.0,0.0,18.12293717212897,0.0,0.0,677.8115554759272,1142.302237251089,652.8393461369752,665.2493114959865,647.4075857216219,677.7193307084731,672.2626679403365,666.5441209346058,668.9344231164528,5459.569802547107,81.57420230129375,81.57420230129375,240.00000000000035,0.0,240.00000000000035,240.00000000000035,21.0,16.0,19.0,16.0,19.7,12.0,21.0,10.0,1.0,0.0,716.4956747199121,0.0,0.0,0.0,0.0,0.0,30.74156108106694,0.0,0.0,0.0,0.0,81.57420230129375,81.57420230129375,0.1942857142857146,0.41871038041582539,0.2058750708683772,81.57420230129375,0.2024370182536503,0.0,0.007533333333333333 
 04/06  19:10:00,13.541666666666668,89.16666666666667,6.620000000000001,0.0,0.0,0.0,0.0,1.0,2.0,0.0,0.0,4.0,0.0,0.0,0.0,3996.0,0.0,0.0,0.0,0.0,0.0,0.0,0.0,0.0,0.0,0.0,0.0,21.130314628627795,-688.686705317117,20.91431921843761,-69.2953681852216,21.196030949093787,-574.0134270317103,20.496883790510546,228.05510530140215,17.737526617247256,20.276129280284026,19.24455492033016,-10.49349539161922,18.991482419236854,86.48240183081544,19.562974120267996,-83.11136647092778,18.310057917345227,-32.639414260903098,514.5430769212283,398.80319680065647,0.0,0.0,0.0,0.0,0.0,0.0,0.0,0.0,0.0,0.0,0.0,0.0,0.0,0.0,0.0,0.0,0.0,0.0,0.0,0.0,0.0,0.0,0.4230067802618399,0.12912294879787546,199.58236879294038,233.19022933266758,3221.644147448757,0.002681101800688497,0.0004092035715336534,20.15961389530301,23.573293033707487,312.3933408752245,0.5833403858232474,0.1102306095659954,279.81669611319026,326.5106961332956,4532.390831837547,0.17488300220589424,0.03304667464208129,222.83392794193299,260.91063304386219,3254.143518132615,0.0,0.0,8.768248199670062,10.383754330750556,74.9220210670378,0.0,0.0,10.724193459639139,12.623753504429186,126.40922759478662,0.0,0.0,188.52125635670866,222.14924913821722,2155.8280695542227,0.0,0.0,27.830993503982094,32.62526293282852,388.94907273958867,0.0,0.0,147.60748222473934,174.5098162620526,1407.2742119616103,38.67648334590626,26.52708048416068,277.66970567887696,326.02091468822007,4041.763953646013,0.0,0.0,150.12652897033966,177.59641150838915,1381.711607724577,1213.505671940397,21.693391071144235,58.8805619440156,21.75,30.0,0.0,21.357933208631317,68.54799076119352,21.0,30.0,1196.7879578278754,21.51631649176663,59.30513792262638,21.5,30.0,0.0,20.85699680305921,62.04385520797982,16.0,30.0,0.0,17.780034171236314,75.24648149278628,12.0,30.0,0.0,19.429477270980898,69.70270945021153,19.0,30.0,0.0,19.249058585999806,68.65759055015471,10.0,30.0,651.5916087006438,20.538295389105064,64.32349432314698,20.45,30.0,0.0,18.28166952779186,73.09400932295833,16.0,30.0,0.0,19.83752106098153,0.0,0.0,0.0,18.099567987655484,0.0,0.0,676.7354116538787,1150.7712830462968,663.1024101927598,677.0406583801497,656.8901211818929,773.2646173825003,670.9967067677462,724.0010293360423,672.004487076069,8925.628904585397,82.10303506667063,83.86813157619004,270.0,0.0,270.0,270.0,21.0,16.0,19.0,16.0,19.7,12.0,21.0,10.0,1.0,0.0,1213.505671940397,0.0,1196.7879578278754,0.0,0.0,0.0,651.5916087006438,0.0,2671.224640414846,1602734.7842489077,2081638.073232682,82.10303506667063,83.89810877463995,0.3440408213471616,0.768661609595387,0.36028137401965956,83.89810877463995,0.3542647819438875,2081638.073232682,0.11670517980809948 
 04/06  19:20:00,13.483333333333335,89.33333333333334,6.540000000000001,0.0,0.0,0.0,0.0,1.0,2.0,0.0,0.0,4.0,0.0,0.0,0.0,3996.0,0.0,0.0,0.0,0.0,0.0,0.0,0.0,0.0,0.0,0.0,0.0,20.8384910824838,-240.50793085806209,20.92910738924646,-67.41455470359574,20.984264416360636,-412.8178309894031,20.52759517439362,116.23956618257205,17.74636870877406,19.58358642036731,19.25698804148523,-7.418079399775621,18.98981638967613,39.35956222542427,19.318125928750967,-45.21952127372623,18.29653593305695,-27.274371649358728,523.5949430953076,396.48902003739979,0.0,0.0,0.0,0.0,0.0,0.0,0.0,0.0,0.0,0.0,0.0,0.0,0.0,0.0,0.0,0.0,0.0,0.0,0.0,0.0,0.0,0.0,0.52605974514038,0.16057989778399879,182.75189573566946,214.4418599838934,2807.2802382320535,0.0,0.0,23.856088495450466,27.857954148557547,373.24098588397956,0.5801267120311144,0.10962333938607609,288.803339960917,338.3840575574477,4538.737346765433,0.15305831579092378,0.028922584238647726,182.0921011397209,213.31643183820538,2690.7246745113977,0.0,0.0,8.33425482080678,9.873862184254714,72.32721217806736,0.0,0.0,9.772379135139712,11.507150857433807,116.62737568827775,0.0,0.0,187.90850633902256,221.52820814156358,2162.024702476862,0.0,0.0,23.86909740318935,28.045893523700589,311.2500276095546,0.0,0.0,149.5199530632539,176.83656559818835,1438.3574607337,38.397439553446087,26.335692423488405,282.50103109059986,332.50695839789929,4192.307893178866,0.0,0.0,151.92692182134906,179.7932509657538,1409.1361039794738,107.78815688357692,21.182454166577718,61.45542257157755,21.0,30.0,0.0,21.37358654604317,68.65029505266206,21.0,30.0,20.92614307633355,21.328927047008919,59.65807434175624,21.0,30.0,0.0,20.899878376273624,61.772563730636139,16.0,30.0,0.0,17.788545144053289,75.30812052450088,12.0,30.0,0.0,19.445690124329976,71.6163254575426,19.0,30.0,0.0,19.222749309659635,68.9026361892962,10.0,30.0,0.0,20.02022955922703,67.1063359736764,19.7,30.0,0.0,18.265580716959869,73.21217214595635,16.0,30.0,0.0,19.94602305608012,0.0,0.0,0.0,18.07598275173206,0.0,0.0,718.8937161870097,1165.9887813671583,652.5202854955634,677.7919242888631,667.1041690878069,900.2681535571346,684.5828928779228,769.5999179388323,683.5000155184908,1329.621172107538,84.95223668123119,84.95223668123119,270.0,0.0,270.0,270.0,21.0,16.0,19.0,16.0,19.7,12.0,21.0,10.0,1.0,0.0,107.78815688357692,0.0,20.92614307633355,0.0,0.0,0.0,0.0,0.0,0.0,0.0,0.0,84.95223668123119,84.95223668123119,0.085,0.1532836626288711,0.09007034350491489,84.95223668123119,0.08856619548597188,0.0,0.00837 
 04/06  19:30:00,13.425,89.5,6.46,0.0,0.0,0.0,0.0,1.0,2.0,0.0,0.0,4.0,0.0,0.0,0.0,4000.0,0.0,0.0,0.0,0.0,0.0,0.0,0.0,0.0,0.0,0.0,0.0,21.212983134697475,-462.29675722549646,20.94734062983097,-42.0036092872832,21.21719097682108,-875.3541950064339,20.636800093976885,385.8522235443902,17.75456851037881,21.1709957894857,19.26567217992147,-15.567099976652714,19.013607175335655,123.97542085296732,19.535161232661936,-71.11163412933135,18.275412306872448,-47.45440921262502,551.5855523829876,413.6736984357017,0.0,0.0,0.0,0.0,0.0,0.0,0.0,0.0,0.0,0.0,0.0,0.0,0.0,0.0,0.0,0.0,0.0,0.0,0.0,0.0,0.0,0.0,0.4521478651455747,0.13801827385396055,135.43147342749612,158.2264960188003,2232.323987676338,0.0464340484580176,0.007087003732908669,13.673148299121444,15.951923363682046,217.0189525346234,0.5317286313100339,0.10047782148715685,294.7633060807422,344.86298770655898,4875.498236088362,0.20234320955164079,0.03823567829774012,300.4785740068299,352.2100931850225,4599.376812732908,0.0,0.0,9.356510717745263,11.08478746864003,82.44173628639786,0.0,0.0,12.229408463231316,14.398984955116158,147.63096425959066,0.0,0.0,196.71768770626796,231.80265316104087,2312.577475026891,0.0,0.0,25.142639823742507,29.48332436522,350.5342740166962,0.0,0.0,151.21024556222967,178.79190268270964,1462.382711778981,38.44980678896755,26.37160959462796,297.99672310045346,350.65974074797,4423.891977556581,0.0,0.0,153.26884159886607,181.34557771524724,1426.2174569576308,696.3133350953127,21.742027212432427,58.74701024229246,21.5,30.0,0.0,21.39985962771087,69.61868912980033,21.0,30.0,1244.1014130686463,21.713508272233609,58.48867657488916,21.5,30.0,0.0,21.140453296353067,61.08677945192272,16.0,30.0,0.0,17.79631957541374,75.4014907924703,12.0,30.0,0.0,19.455742236782883,72.91322621882026,19.0,30.0,0.0,19.29372589855206,68.66039377513371,10.0,30.0,639.9988870268413,20.355916950767413,66.08381675183299,20.45,30.0,0.0,18.232242236632378,73.68632470065467,16.0,30.0,0.0,20.032331093274196,0.0,0.0,0.0,18.02892730383632,0.0,0.0,690.7803742866423,1233.9420188745344,672.1979388001255,697.6132270386069,679.6622452896431,987.9999639295429,696.1046038852489,797.9549667121867,705.9195543733235,8569.4529930223,82.33858531730434,84.06881391903775,270.0,0.0,270.0,270.0,21.0,16.0,19.0,16.0,19.7,12.0,21.0,10.0,1.0,0.0,696.3133350953127,0.0,1244.1014130686463,0.0,0.0,0.0,639.9988870268413,0.0,2618.509996806898,1571105.9980841389,2038700.8002486609,82.33858531730434,84.09819894465994,0.34228366656022998,0.7671368301553524,0.36028137401965956,84.09819894465994,0.3542647819438875,2038700.8002486609,0.11429244161293037 
 04/06  19:40:00,13.366666666666668,89.66666666666667,6.380000000000001,0.0,0.0,0.0,0.0,1.0,2.0,0.0,0.0,4.0,0.0,0.0,0.0,3000.0,0.0,0.0,0.0,0.0,0.0,0.0,0.0,0.0,0.0,0.0,0.0,21.19357684471607,-897.6474885620561,20.959892329451216,-79.22685423377011,20.90408788527754,15.09621539187198,20.586969873929399,44.56183269700336,17.762844770282969,19.51749459171882,19.272985915830334,-9.952811387185314,18.99406687396246,74.05523702126028,19.468770494078968,-65.5977570605298,18.26290331475074,-27.53810793804104,440.3731357473308,417.17138661519496,0.0,0.0,0.0,0.0,0.0,0.0,0.0,0.0,0.0,0.0,0.0,0.0,0.0,0.0,0.0,0.0,0.0,0.0,0.0,0.0,0.0,0.0,0.4907054823639739,0.14978799827960144,196.0013836484945,228.71192465843368,3148.8408097585167,0.0,0.0,21.930677696706107,25.60586414222844,349.64682420477387,0.6888968026767204,0.13017702242568428,192.4860060205798,225.12166122202036,2998.6208685611265,0.16153358124098439,0.030524108322181496,91.96895001889479,108.10612581668818,1412.4084356292963,0.0,0.0,8.731750661266354,10.334533040661667,78.11428272665703,0.0,0.0,11.252833113961938,13.228673484215202,137.43258827514624,0.0,0.0,191.02010856851417,225.01709132144806,2243.9830144441909,0.0,0.0,28.098539375924536,32.98706921836285,382.22649558420809,0.0,0.0,150.96431158735016,178.466193053364,1474.3772530282448,37.91398104681789,26.004102226898444,195.04473757937459,229.1313022529579,3019.0761575135604,0.0,0.0,153.54140407797937,181.6275076498765,1448.033443093354,1167.164000028733,21.518155245956007,59.30896182293882,21.666666666666687,30.00000000000002,0.0,21.40680760675671,69.39985539321248,21.000000000000015,30.00000000000002,0.0,21.148262105179879,61.126586061688858,21.000000000000015,30.00000000000002,0.0,20.989898099428964,61.83855971074357,16.000000000000015,30.00000000000002,0.0,17.80413584129412,75.46129810930978,12.00000000000001,30.00000000000002,0.0,19.466529847292429,74.00136687858979,19.000000000000015,30.00000000000002,0.0,19.227518903474157,69.27835656053162,10.000000000000007,30.00000000000002,0.0,20.176699724688257,66.75416186277167,19.700000000000018,30.00000000000002,0.0,18.22033487155782,73.77845224788774,16.000000000000015,30.00000000000002,0.0,19.489290438517555,0.0,0.0,0.0,18.03495621091433,0.0,0.0,688.6562418857466,1229.7125519044128,706.2444200502189,709.2543303961581,690.3115214155175,1062.1611692207499,715.5223342829894,797.1604370970595,712.4251197102294,9126.112107589255,81.97055317887615,81.97055317887615,270.0000000000002,0.0,270.0000000000002,270.0000000000002,21.0,16.0,19.0,16.0,19.7,12.0,21.0,10.0,1.0,0.0,1167.164000028733,0.0,0.0,0.0,0.0,0.0,0.0,0.0,0.0,0.0,0.0,81.97055317887615,81.97055317887615,0.3400000000000003,0.7706596307959243,0.3602813740196598,81.97055317887615,0.3542647819438878,0.0,0.00819 
 04/06  19:50:00,13.308333333333334,89.83333333333333,6.3,0.0,0.0,0.0,0.0,1.0,2.0,0.0,0.0,4.0,0.0,0.0,0.0,2000.0,0.0,0.0,0.0,0.0,0.0,0.0,0.0,0.0,0.0,0.0,0.0,21.407799510269059,-1152.163133296417,20.95891466664387,-82.1871653185222,20.923141915886455,150.7939884516254,20.449992436436376,98.4998397124341,17.76990185447143,18.93317564737572,19.278482914404735,-13.247500803153713,19.013737488709294,79.3923129056625,19.205055583573377,-36.63060004692704,18.254304700760455,-35.5711244915301,459.620019099661,409.17666242823636,0.0,0.0,0.0,0.0,0.0,0.0,0.0,0.0,0.0,0.0,0.0,0.0,0.0,0.0,0.0,0.0,0.0,0.0,0.0,0.0,0.0,0.0,0.490657053309542,0.149773215295953,254.10897352203416,296.1257168777655,4349.889690119058,0.0,0.0,21.800009028890459,25.430418411258814,349.5516744530519,0.7348194453151341,0.13885477046771248,190.84523209683733,222.88320626344007,3019.39229916313,0.17648170294643457,0.03334877228768604,178.62895552086852,208.88218302252586,2646.6091525744707,0.0,0.0,8.63690244878833,10.209385769435445,78.40157934797142,0.0,0.0,10.433980617997677,12.24611347865137,128.816622133218,0.0,0.0,191.53124786371957,225.3202949477652,2282.3969101860568,0.0,0.0,23.1400631140383,27.182856895474268,296.3272159170216,0.0,0.0,148.70697573076203,175.5710868064445,1467.2217290720883,37.62565818074867,25.80634991820898,200.87290515309108,235.83092092365215,3054.9382756577617,0.0,0.0,150.5359853475677,177.88709750095917,1413.2212161840267,1493.964177007074,21.928880892364839,57.55604815615763,22.0,30.0,0.0,21.392837413504425,68.74803199291822,21.0,30.0,0.0,21.24519927277649,60.275367067589019,21.0,30.0,0.0,20.756395762732809,62.79603838616486,16.0,30.0,0.0,17.810314653910188,75.57483638746305,12.0,30.0,0.0,19.47290854794906,74.82834966362882,19.0,30.0,0.0,19.25438904473412,68.75919863434167,10.0,30.0,70.49516203380195,19.709002282707009,68.96588375403185,19.7,30.0,0.0,18.210374107641667,73.96388670974477,16.0,30.0,0.0,19.734997955117586,0.0,0.0,0.0,17.953813028095348,0.0,0.0,674.4688043640508,1197.0085830850927,687.580135920675,717.9384529371664,702.2987739012365,1119.3036650051684,702.144612312049,817.2319200930069,721.9651408872426,6482.3924860660649,83.71822359839733,83.71822359839733,270.0,0.0,270.0,270.0,21.0,16.0,19.0,16.0,19.7,12.0,21.0,10.0,1.0,0.0,1493.964177007074,0.0,0.0,0.0,0.0,0.0,70.49516203380195,0.0,0.0,0.0,0.0,83.71822359839733,83.71822359839733,0.34,0.7672591595633453,0.36028137401965956,83.71822359839733,0.3542647819438875,0.0,0.008205 
 04/06  20:00:00,13.25,90.0,6.22,0.0,0.0,0.0,0.0,1.0,2.0,0.0,0.0,4.0,0.0,0.0,0.0,4000.0,0.0,0.0,0.0,0.0,0.0,0.0,0.0,0.0,0.0,0.0,0.0,21.137665242062277,-399.15629964393716,20.96310863137058,-96.0614371028507,21.127705133338716,-339.8904547630325,20.426245530948934,122.16101595812961,17.776331378829643,17.65133201494139,19.284027617465506,-4.608994499765316,18.989382542612728,6.510251437825673,19.69099265663298,-89.66240954647697,18.238850018301425,-42.753749337860657,467.5186161324789,452.98489007872515,0.0,0.0,0.0,0.0,0.0,0.0,0.0,0.0,0.0,0.0,0.0,0.0,0.0,0.0,0.0,0.0,0.0,0.0,0.0,0.0,0.0,0.0,0.5305994542910106,0.16196564538797637,155.60225790223309,182.5411959125964,2466.856733406037,0.0,0.0,26.747181374049747,31.234659072888105,431.81264650426138,0.6541788276666641,0.12361655851599855,209.95376390934508,245.88824887595195,3376.989452644458,0.16917447296801634,0.031967965413457349,202.74056952606333,237.92424326921145,3018.853959250966,0.0,0.0,8.108548364164703,9.608131678472568,74.61074190573669,0.0,0.0,10.468012364092388,12.320158930225697,130.5694973438878,0.0,0.0,187.51981551411576,221.12936152031689,2232.6196231033557,0.0,0.0,29.51693110426592,34.60136535647434,430.7175301963711,0.0,0.0,153.57910243228148,181.6912187977528,1526.3138094930187,37.21200566772858,25.522637632186965,205.0167738799569,241.56883802740107,3069.950453295991,0.0,0.0,156.36256117589364,185.1107230284348,1494.8768238535152,548.7857575953615,21.345353184762364,60.804311340069677,21.25,30.0,0.0,21.391308715902665,68.40181772680288,21.0,30.0,909.418068507001,21.338428521072509,59.9252252403077,21.25,30.0,0.0,20.734011817912156,62.54162086745385,16.0,30.0,0.0,17.8152545216493,75.61566806276812,12.0,30.0,0.0,19.4809552742292,75.37603371772997,19.0,30.0,0.0,19.188020104896844,69.29699156468351,10.0,30.0,620.7421916372293,20.552986807681014,65.32819673855423,20.45,30.0,0.0,18.188708152990644,73.99326097208336,16.0,30.0,0.0,19.590290543316774,0.0,0.0,0.0,17.982457440064658,0.0,0.0,738.7645513878323,1180.737880418977,689.1739746507811,706.2533194278049,710.0841863980522,1157.9860035640789,717.6663760589657,817.4466727462097,724.7072003291517,8356.573419234854,82.4791925638778,84.27278830602956,270.0,0.0,270.0,270.0,21.0,16.0,19.0,16.0,19.7,12.0,21.0,10.0,1.0,0.0,548.7857575953615,0.0,909.418068507001,0.0,0.0,0.0,620.7421916372293,0.0,2714.309235006966,1628585.5410041796,2120069.592008991,82.4791925638778,84.30324951606053,0.3454769745002322,0.7695516943947722,0.36028137401965956,84.30324951606053,0.3542647819438875,2120069.592008991,0.11846361878446756 
 04/06  20:10:00,13.181666666666669,90.16666666666667,6.131666666666667,0.0,0.0,0.0,0.0,0.0,2.0,0.0,0.0,4.0,0.0,0.0,0.0,3000.0,0.0,0.0,0.0,0.0,0.0,0.0,0.0,0.0,0.0,0.0,0.0,20.93669183831596,-360.55653208935157,20.962784934966814,-81.90388119680014,21.025980554812663,-445.3992939472276,20.440465911526947,205.88166065753345,17.781061006510133,16.377886157877904,19.38938796189742,-10.959653760250472,18.924513132570959,52.74709081310963,19.383251832305477,-56.64698113017296,18.22594906995453,-43.02001895675979,481.14226797782677,412.3635765950597,0.0,0.0,0.0,0.0,0.0,0.0,0.0,0.0,0.0,0.0,0.0,0.0,0.0,0.0,0.0,0.0,0.0,0.0,0.0,0.0,0.0,0.0,0.5555022517707091,0.16956723192024093,135.41691564683573,158.42898775559616,2154.8128871297737,0.0,0.0,24.005521995875669,28.033320434295008,390.5231551823755,0.6026518374198792,0.11387978787223723,223.15707342451163,261.3807648500137,3570.084062621424,0.17564194541175499,0.033190087946287787,230.65309958821008,270.54306528038628,3487.6692215319369,0.0,0.0,8.07479347064675,9.559800480081329,75.4530562716146,0.0,0.0,10.009257641957849,11.760675137214126,128.8753297147029,0.0,0.0,180.89865588683063,213.24578968532766,2141.170223162558,0.0,0.0,27.385834273842364,32.197971544675137,371.46189754984598,0.0,0.0,145.51695291386796,172.07875193258546,1461.9721762502259,37.00361728120134,25.379710069411084,227.83930200913412,268.26538173963106,3434.68678109048,0.0,0.0,147.99126686346836,175.15991857413477,1414.5932018248307,89.21672414536092,21.18280280048193,61.09820041096385,21.0,30.0,0.0,21.383775291444718,67.57736983591019,21.0,30.0,0.0,21.20640479677367,60.41921087624094,21.0,30.0,0.0,20.78131254322253,62.08888126450347,16.0,30.0,0.0,17.817310398907034,75.78856006303971,12.0,30.0,0.0,19.614291320271535,75.59374829124775,19.0,30.0,0.0,19.085129145851594,69.93998186083334,10.0,30.0,0.0,19.946876069284945,66.78535974888638,12.0,30.0,0.0,18.17342976822597,74.23037674786092,16.0,30.0,0.0,19.65145532122705,0.0,0.0,0.0,17.910708308464977,0.0,0.0,726.6786245479515,1136.7939845595375,694.602226377261,696.9153200467147,724.0839319725169,1212.061968660966,731.9893184526279,758.6335619098771,737.4476793725537,2515.2821192903704,80.66798092252644,80.66798092252644,570.0,0.0,570.0,570.0,21.0,16.0,19.0,16.0,12.0,12.0,21.0,10.0,1.0,0.0,89.21672414536092,0.0,0.0,0.0,0.0,0.0,0.0,0.0,0.0,0.0,0.0,80.66798092252644,80.66798092252644,0.11333333333333336,0.2073917717729192,0.12009379133988653,80.66798092252644,0.11808826064796252,0.0,0.017384999999999999 
 04/06  20:20:00,13.113333333333334,90.33333333333334,6.043333333333334,0.0,0.0,0.0,0.0,0.0,2.0,0.0,0.0,4.0,0.0,0.0,0.0,4004.0,0.0,0.0,0.0,0.0,0.0,0.0,0.0,0.0,0.0,0.0,0.0,21.362133886182418,-949.19885332137,20.97501321231373,-66.63304898528576,21.143312832148788,-375.757522883255,20.4271650669984,232.75453356653,17.786446643641804,17.853612744308266,19.4929116427429,-21.06823524804146,18.96833478053,116.99821291984063,19.089547821561405,-23.90943291829487,18.20563995277973,-58.06403918846513,542.7602063295685,399.49428043670789,0.0,0.0,0.0,0.0,0.0,0.0,0.0,0.0,0.0,0.0,0.0,0.0,0.0,0.0,0.0,0.0,0.0,0.0,0.0,0.0,0.0,0.0,0.46479407539040587,0.1418785333914548,218.21017992189969,254.87718066015499,3811.9094915910829,0.0171698750514973,0.002620554800289576,18.809976664781297,22.012418701745056,309.17972766541319,0.7445842632112653,0.14069997415178865,278.7395177820095,325.87387019181139,4656.431189030875,0.20859608907342454,0.03941725039180356,206.74917022254949,242.07324892059138,3160.4694520307605,0.0,0.0,8.855292728484218,10.487927791772286,84.03866036849904,0.0,0.0,11.787047362975795,13.851083775001407,156.5844709771966,0.0,0.0,190.6891921297911,224.80250482120909,2321.827177285674,0.0,0.0,18.51276302005524,21.82244638508697,235.42158077996477,0.0,0.0,145.17007729450257,171.75774587877775,1469.6033537164993,36.899531768372408,25.308320828787669,289.28010308336459,340.23201225601408,4338.311002658172,0.0,0.0,146.14423378745756,173.0965823771758,1394.3941048994448,1507.2296896278963,21.93404018315057,57.77886192578799,22.0,30.0,0.0,21.398038172303865,67.8553370921785,21.0,30.0,1055.8181731571017,21.464780682680435,59.50100331473105,21.5,30.0,0.0,20.748562200240899,62.55373117702343,16.0,30.0,0.0,17.821749146848913,75.85349481464044,12.0,30.0,0.0,19.75407787721686,75.19598398232799,19.0,30.0,0.0,19.18574868715281,69.32577527958336,10.0,30.0,0.0,19.448641267031034,68.57668759315473,12.0,30.0,0.0,18.143366949831028,74.43819179604616,16.0,30.0,0.0,19.770644037811814,0.0,0.0,0.0,17.83358692137927,0.0,0.0,700.6948973753612,1160.7554531607712,699.2686089554945,717.9643296052201,732.8614216145071,1229.783782575038,729.7552873263119,742.7795075488295,745.0525510652063,8513.920380330002,82.37531576777022,82.37531576777022,570.0,0.0,570.0,570.0,21.0,16.0,19.0,16.0,12.0,12.0,21.0,10.0,1.0,0.0,1507.2296896278963,0.0,1055.8181731571017,0.0,0.0,0.0,0.0,0.0,0.0,0.0,0.0,82.37531576777022,82.37531576777022,0.34,0.7710036802289919,0.36028137401965956,82.37531576777022,0.3542647819438875,0.0,0.017163333333333334 
 04/06  20:30:00,13.045,90.5,5.955,0.0,0.0,0.0,0.0,0.0,2.0,0.0,0.0,4.0,0.0,0.0,0.0,4004.0,0.0,0.0,0.0,0.0,0.0,0.0,0.0,0.0,0.0,0.0,0.0,20.988209218332306,-285.2379653623783,20.9920690355142,-80.72163913057861,21.03950192788208,-402.90688660943536,20.489111976528116,120.49178982213744,17.79303885528595,16.81344836284633,19.577745672589516,-10.93360925746724,18.966247300376087,8.285212831477339,18.897051310299866,-8.493431097245975,18.18691175140119,-50.1207181152804,480.8012852231336,415.2149331422072,0.0,0.0,0.0,0.0,0.0,0.0,0.0,0.0,0.0,0.0,0.0,0.0,0.0,0.0,0.0,0.0,0.0,0.0,0.0,0.0,0.0,0.0,0.6449619385207117,0.19687482860827588,133.7475061193393,156.4747469356756,2169.160696017018,0.013432589797174173,0.002050151067944776,26.723893455259345,31.237433528289249,443.83588397672966,0.6611982868863895,0.12494298693998293,225.5305373892666,264.1523810868526,3703.999954930452,0.16645653408557224,0.03145437152032733,205.2963843060209,240.87313091779283,3191.8654106812398,0.0,0.0,8.002352701978334,9.480041012102849,77.14468207525917,0.0,0.0,11.435033980062924,13.43649602209141,155.97184403950065,0.0,0.0,189.167475125041,223.11389018594816,2310.7235897017264,0.0,0.0,10.831159807497102,12.769106307586167,132.08159866104058,0.0,0.0,149.10328666735072,176.48186872028746,1523.0084004096157,36.55517593882584,25.07213713225367,221.28076900923507,260.5068392582803,3456.969960384126,0.0,0.0,149.87310569318809,177.56302999564449,1451.1452007717929,57.660879603126819,21.271251493135688,60.96837449190507,21.0,30.0,0.0,21.41664602540796,67.8021652886899,21.0,30.0,0.0,21.318981831702219,59.9134850017553,21.0,30.0,0.0,20.844664947005755,61.76709112154422,16.0,30.0,0.0,17.82837614483339,75.87745851205033,12.0,30.0,0.0,19.868731692927356,75.01676723131868,19.0,30.0,0.0,19.138220132971119,69.72783925050928,10.0,30.0,0.0,19.134791917490469,69.82276179155937,12.0,30.0,0.0,18.119676182081365,74.34609345795789,16.0,30.0,0.0,19.68025427655025,0.0,0.0,0.0,17.8351590807576,0.0,0.0,752.9514705992502,1168.320077820783,703.4751929230918,706.3031514017929,741.6886539218048,1250.8168136910504,746.9923992078564,740.8811569283098,744.47284048204,1893.5723971798189,83.43646815278072,83.43646815278072,570.0,0.0,570.0,570.0,21.0,16.0,19.0,16.0,12.0,12.0,21.0,10.0,1.0,0.0,57.660879603126819,0.0,0.0,0.0,0.0,0.0,0.0,0.0,0.0,0.0,0.0,83.43646815278072,83.43646815278072,0.085,0.15386219012745112,0.09007034350491489,83.43646815278072,0.08856619548597188,0.0,0.016941666666666669 
 04/06  20:40:00,12.976666666666667,90.66666666666667,5.866666666666667,0.0,0.0,0.0,0.0,0.0,2.0,0.0,0.0,4.0,0.0,0.0,0.0,4008.0,0.0,0.0,0.0,0.0,0.0,0.0,0.0,0.0,0.0,0.0,0.0,21.26851511185842,-867.5769938886832,21.00886976016897,-56.333524758032357,21.21530530359552,-505.0974516669867,20.456530846706806,233.5203448740076,17.79825183148537,17.878925158464854,19.64671728178304,-27.161086152459505,18.987387545292067,114.52319562538423,18.757353975812813,-11.259864889448068,18.166871777544704,-62.267793614819769,598.7848502806951,412.4447716660093,0.0,0.0,0.0,0.0,0.0,0.0,0.0,0.0,0.0,0.0,0.0,0.0,0.0,0.0,0.0,0.0,0.0,0.0,0.0,0.0,0.0,0.0,0.4754413276363998,0.14512861038962145,247.01066891467603,289.2205240857912,4276.911928520756,0.03143125009247564,0.004797199342563438,17.140589931339727,20.03502224313736,288.1103828534109,0.8116527897694876,0.15337354304034168,352.3133559427852,411.8987324718209,6023.08915610676,0.22138791675059467,0.04183445138900124,234.57823078540265,274.7958447966626,3666.5392107326326,0.0,0.0,9.046527480620018,10.717157126243036,88.54100836975953,0.0,0.0,12.690307918722649,14.909015440068677,176.91262389869764,0.0,0.0,196.03822789666777,231.11238729520569,2450.1754925647735,0.0,0.0,9.575770041568149,11.303796486901856,114.22372394700561,0.0,0.0,146.37583127567869,173.21927006724114,1506.7865082745014,36.49977746079514,25.034140919612584,344.279597724003,404.93370183954269,5288.3570749308059,0.0,0.0,148.53879051560086,175.95463525979899,1444.4418374516527,1366.9354245579419,21.8091222951292,58.46037102228374,22.0,30.0,0.0,21.439308537495735,68.20029423692546,21.0,30.0,1195.461033869935,21.55655612324495,59.904864579573018,21.5,30.0,0.0,20.796038219217804,62.937296250567658,16.0,30.0,0.0,17.83323725234652,75.94611245597489,12.0,30.0,0.0,19.953736748225177,74.66145027602659,19.0,30.0,0.0,19.21314203559096,69.49321111107185,10.0,30.0,0.0,18.92065600201068,70.76155722058309,12.0,30.0,0.0,18.090556384526029,74.75580879478058,16.0,30.0,0.0,19.955235298728796,0.0,0.0,0.0,17.78464068565489,0.0,0.0,731.3014455531971,1203.3112406672593,758.0830885957289,766.1360811047503,752.9108007286965,1254.3965428776365,760.6502391799597,745.7651522135988,765.0841211582178,9259.192404636007,81.88259368910131,81.88259368910131,570.0,0.0,570.0,570.0,21.0,16.0,19.0,16.0,12.0,12.0,21.0,10.0,1.0,0.0,1366.9354245579419,0.0,1195.461033869935,0.0,0.0,0.0,0.0,0.0,0.0,0.0,0.0,81.88259368910131,81.88259368910131,0.34,0.7695178978635495,0.36028137401965956,81.88259368910131,0.3542647819438875,0.0,0.01672 
 04/06  20:50:00,12.908333333333335,90.83333333333334,5.778333333333333,0.0,0.0,0.0,0.0,0.0,2.0,0.0,0.0,4.0,0.0,0.0,0.0,4008.0,0.0,0.0,0.0,0.0,0.0,0.0,0.0,0.0,0.0,0.0,0.0,21.33303304206479,-619.5857617039605,21.027525406712294,-71.32535030176412,21.116288491694897,-257.33958725202117,20.52021881265408,167.15225818347995,17.804500267324238,17.88419448963012,19.702910025874894,-20.572062123178627,18.998891459340169,45.67990052932214,18.642182419548587,-21.090242067732619,18.15771818231464,-40.577721833918989,504.58222166414387,449.5376612994728,0.0,0.0,0.0,0.0,0.0,0.0,0.0,0.0,0.0,0.0,0.0,0.0,0.0,0.0,0.0,0.0,0.0,0.0,0.0,0.0,0.0,0.0,0.6516185396385646,0.19890675813143,169.29715770373759,197.85587507464926,2939.589563286703,0.02922309009760031,0.004460178586324834,22.79637238959527,26.654705302268533,386.883542230452,0.7382678939915452,0.13950640476030719,232.05569858701939,271.4865271086042,3956.5465128667799,0.19436727181799108,0.0367285094138305,240.9244035430895,282.3572965150522,3832.849968907206,0.0,0.0,8.461184121618663,10.022442194421771,84.09235031469848,0.0,0.0,12.03045627232233,14.129491939751679,171.02304014503688,0.0,0.0,199.29275753608028,234.99266484401387,2511.8187666280475,0.0,0.0,12.643648880302003,14.93184770770533,148.23095674227839,0.0,0.0,149.96382423804563,177.51193185719945,1562.8847812243458,36.26328574699161,24.871938098073817,239.25010136508434,281.4867250942509,3796.0046459040788,0.0,0.0,158.37962995732534,187.6279859443921,1576.3706605570379,498.04409127370436,21.641976907135218,59.82638223582492,21.5,30.0,0.0,21.458639409152004,68.6484744465354,21.0,30.0,0.0,21.499151176942193,59.60948056516786,21.0,30.0,0.0,20.895880819866723,62.40370437694055,16.0,30.0,0.0,17.840091925829154,76.01567460783758,12.0,30.0,0.0,20.02434245601136,74.56464141959828,19.0,30.0,0.0,19.19673694650497,69.66610079251329,10.0,30.0,0.0,18.748367826832337,71.57471122453856,12.0,30.0,0.0,18.085492405159209,74.7860655989174,16.0,30.0,0.0,19.781935583249397,0.0,0.0,0.0,17.833308578109418,0.0,0.0,779.8606351507771,1238.556614402702,739.3762732690697,765.9353697340805,764.7341462829909,1268.8654854488507,772.9025666905923,755.0225632972922,773.8900691245613,4805.310698990478,82.36478948652774,84.11852099817462,570.0,0.0,570.0,570.0,21.0,16.0,19.0,16.0,12.0,12.0,21.0,10.0,1.0,0.0,498.04409127370436,0.0,0.0,0.0,0.0,0.0,0.0,0.0,2654.0428304023,1592425.6982413799,2084497.957885505,82.36478948652774,84.14830518123145,0.17346809434674333,0.38162584336516988,0.18014068700982978,84.14830518123145,0.17713239097194376,2084497.957885505,0.12501889381004628 
 04/06  21:00:00,12.84,91.0,5.69,0.0,0.0,0.0,0.0,0.0,2.0,0.0,0.0,4.0,0.0,0.0,0.0,1002.0,0.0,0.0,0.0,0.0,0.0,0.0,0.0,0.0,0.0,0.0,0.0,20.844480212004517,-120.35211718212668,21.025460330113647,-105.02380379507918,20.828868806007656,-395.50164719844909,20.46063641211044,102.41155128595983,17.809259857089907,16.087073257398744,19.770569166581067,-10.468809235036986,18.903129105185838,14.146219517055215,18.53204128869735,-17.776716061403194,18.154991383137408,-39.043402181372588,461.25224506627458,437.2701366108049,0.0,0.0,0.0,0.0,0.0,0.0,0.0,0.0,0.0,0.0,0.0,0.0,0.0,0.0,0.0,0.0,0.0,0.0,0.0,0.0,0.0,0.0,0.7211141668708219,0.22012031955763795,59.63843299476056,69.455500924214,979.8284881387723,0.0,0.0,30.491751612081658,35.41346189261768,520.5363069646722,0.7186154339910756,0.13579278798017309,155.4606283525309,181.17433747714328,2535.864997561908,0.165718745197597,0.03131495563068725,167.1683740538825,194.96130565811209,2641.37258677959,0.0,0.0,7.6026304780865019,8.953380561595603,76.73143105253335,0.0,0.0,11.445315460914458,13.345783048559382,166.5719335234369,0.0,0.0,187.88186971173065,220.38634844192894,2329.8704475560605,0.0,0.0,12.838823441827295,15.082706690625335,148.21961166386826,0.0,0.0,144.19000955282727,169.67832855211584,1524.34120331824,35.73057663867066,24.506568339280297,164.49514216052394,192.72306533835119,2668.2245470781206,0.0,0.0,153.37104765044794,180.65617686045779,1536.7670960876047,153.4992460687829,21.007488297520039,63.96298306571001,21.0,30.0,0.0,21.44039335892348,67.20577508328329,21.0,30.0,372.7607048702973,21.01025800733443,61.22337476033148,21.0,30.0,0.0,20.77640191771924,62.3631051797022,16.0,30.0,0.0,17.844206886009429,76.24674129868184,12.0,30.0,0.0,20.11991643122924,75.01630850264512,19.0,30.0,0.0,19.01842657384984,70.5713072097083,10.0,30.0,0.0,18.581804350366519,72.47420131845304,12.0,30.0,0.0,18.087176617105876,74.75688065170999,16.0,30.0,0.0,19.520999370772729,0.0,0.0,0.0,17.793841477727569,0.0,0.0,877.7921450402976,1160.2011433936974,735.7167481156575,743.5245471579274,785.159362676101,1320.5915653974312,781.8230908004088,770.8572526152066,778.3619125651271,9070.318861561425,82.00751550803438,82.00751550803438,570.0,0.0,570.0,570.0,21.0,16.0,19.0,16.0,12.0,12.0,21.0,10.0,1.0,0.0,153.4992460687829,0.0,372.7607048702973,0.0,0.0,0.0,0.0,0.0,0.0,0.0,0.0,82.00751550803438,82.00751550803438,0.34,0.6162365552187639,0.36028137401965956,82.00751550803438,0.3542647819438875,0.0,0.01653 
 04/06  21:10:00,12.795000000000002,91.50000000000002,5.616666666666667,0.0,0.0,0.0,0.0,0.0,2.0,0.0,0.0,4.0,0.0,0.0,0.0,4012.0,0.0,0.0,0.0,0.0,0.0,0.0,0.0,0.0,0.0,0.0,0.0,21.312878450884214,-485.01724099364699,21.037235976533859,-57.987224831508488,21.474075101919185,-1120.7102106839585,20.588979395580404,433.2335014772643,17.811986769525875,16.366191565696654,19.803070398078,-30.541082042372424,18.94354762149935,111.42629739805102,18.477404380328716,-21.53341852031258,18.14385895993429,-59.36992208477204,595.8292879758658,412.99319135435828,0.0,0.0,0.0,0.0,0.0,0.0,0.0,0.0,0.0,0.0,0.0,0.0,0.0,0.0,0.0,0.0,0.0,0.0,0.0,0.0,0.0,0.0,0.6570335143134968,0.2005596808038757,206.9497555615874,241.87915130972415,3701.7653063623818,0.07227277894073911,0.011030643916474223,16.091028077005747,18.8389967194176,277.38784547380046,0.6358584667407716,0.12015466113771198,330.0125377844785,385.64487008267516,5973.258215088241,0.21576700713429323,0.04077229915614006,286.83824861720486,335.99042764296839,4734.882198090966,0.0,0.0,8.744584005206125,10.356327719351017,88.99918144307803,0.0,0.0,12.229291544794839,14.352900384555234,179.52038519234373,0.0,0.0,192.42781362851918,226.90821557406043,2443.9453651401706,0.0,0.0,14.587787994181085,17.233517178411355,167.72781889476787,0.0,0.0,138.07074704401414,163.41616377281734,1466.4963470435583,35.86902424857438,24.60152554771906,327.9882525820115,385.632177712109,5303.375366984012,0.0,0.0,148.60173922117543,176.07855290051726,1481.214398391549,813.7243201728644,21.793634437603797,59.05825636564231,21.75,30.0,0.0,21.457150347559915,67.90942042424649,21.0,30.0,1720.7681006494323,21.95734661905916,58.08089332237761,21.5,30.0,0.0,21.05876386973315,61.45303161985842,16.0,30.0,0.0,17.845506602325359,76.27800564485857,12.0,30.0,0.0,20.14548375048881,74.77276099725009,19.0,30.0,0.0,19.126571401294098,70.19609021273603,10.0,30.0,0.0,18.519615547199874,72.86409918576254,12.0,30.0,0.0,18.071209446585234,75.13165732185324,16.0,30.0,0.0,19.976228611269574,0.0,0.0,0.0,17.72411557342999,0.0,0.0,775.8132182344324,1207.3650956810305,753.9162016640983,757.5018517230196,789.9508379443937,1314.8205497446145,791.9152263380183,779.2013325365516,794.7045905296325,7231.002060161989,82.07825764345017,83.8782293253934,570.0,0.0,570.0,570.0,21.0,16.0,19.0,16.0,12.0,12.0,21.0,10.0,1.0,0.0,813.7243201728644,0.0,1720.7681006494323,0.0,0.0,0.0,0.0,0.0,2723.948083554639,1634368.8501327835,2117908.6509790529,82.07825764345017,83.9087988200487,0.26079826945182135,0.5766258323929058,0.27021103051474468,83.9087988200487,0.2656985864579156,2117908.6509790529,0.12656624985091076 
 04/06  21:20:00,12.75,92.0,5.543333333333334,0.0,0.0,0.0,0.0,0.0,2.0,0.0,0.0,4.0,0.0,0.0,0.0,2008.0,0.0,0.0,0.0,0.0,0.0,0.0,0.0,0.0,0.0,0.0,0.0,21.316979023711494,-532.5559282756747,21.067375984114649,-66.08490004417291,20.84891093259692,-199.93837945238648,20.61563243221078,31.49453197392495,17.816395245625409,16.662071881551328,19.83779741256906,-24.482719430641738,18.985913533257859,38.76091766400168,18.408443078194617,-22.119462333407627,18.126748833682428,-53.810335657834,570.8534369694835,456.53960811639356,0.0,0.0,0.0,0.0,0.0,0.0,0.0,0.0,0.0,0.0,0.0,0.0,0.0,0.0,0.0,0.0,0.0,0.0,0.0,0.0,0.0,0.0,0.6917922475979248,0.21116979474906129,170.28482714870393,198.17841938506329,3093.961184148673,0.03803934007946245,0.005805760085388042,21.94377436610092,25.542109402179145,381.54418707687969,0.7884651940893382,0.14899191120357872,367.05209698306296,429.3732040851511,5999.295671904139,0.18490400367607469,0.03494028792064902,248.25515307562598,290.6170896962569,4113.245405824611,0.0,0.0,8.310638444382493,9.827887344353794,85.4336647062844,0.0,0.0,11.488553184912519,13.45399547344945,170.5824145328428,0.0,0.0,199.09399092919049,234.33086276891934,2564.696573120004,0.0,0.0,16.948282437370098,19.993254394952193,193.3298063866108,0.0,0.0,144.87387168054199,171.15665785648705,1545.9430501788893,35.51417728895245,24.358146288719114,349.7404167741087,410.2491591523177,5657.653798471597,0.0,0.0,158.08737401690434,186.93919344159128,1604.7924524072367,848.4559076447604,21.716704410592656,59.41591895371195,21.5,30.0,0.0,21.499293719259943,68.84679794415433,21.0,30.0,0.0,20.952325192430366,61.651189301487907,21.0,30.0,0.0,21.034968605863836,61.364674116679598,16.0,30.0,0.0,17.850477964032188,76.26168638035057,12.0,30.0,0.0,20.18358430835861,74.46422826123927,19.0,30.0,0.0,19.17620925028151,69.98016515947255,10.0,30.0,0.0,18.4241421418716,73.48873577325492,12.0,30.0,0.0,18.048650586818867,75.35205552482849,16.0,30.0,0.0,20.129079653648888,0.0,0.0,0.0,17.770453955449754,0.0,0.0,780.5980108900919,1273.0509465715318,749.3753217336677,750.5054629284452,795.3382982653591,1309.8196664637065,793.8164632027455,793.7626212908572,803.4653865830128,9214.81939358011,81.91185065057178,85.34530943748772,570.0,0.0,570.0,570.0,21.0,16.0,19.0,16.0,12.0,12.0,21.0,10.0,1.0,0.0,848.4559076447604,0.0,0.0,0.0,0.0,0.0,0.0,0.0,5196.201642808301,3117720.9856849808,4049657.9257994529,81.91185065057178,85.40362096599049,0.34320672142694338,0.7701879846887656,0.36028137401965956,85.40362096599049,0.3542647819438875,4049657.9257994529,0.2268272121415716 
 04/06  21:30:00,12.705,92.5,5.470000000000001,0.0,0.0,0.0,0.0,0.0,2.0,0.0,0.0,4.0,0.0,0.0,0.0,4016.0,0.0,0.0,0.0,0.0,0.0,0.0,0.0,0.0,0.0,0.0,0.0,21.169237173135025,-134.2421749110208,21.076181251310769,-79.60561588142088,21.328568366836536,-1072.4236261075576,20.512387454015369,327.59041828536348,17.819474031602995,15.62382128403668,19.87470151837191,-17.94414512074276,18.937364473489127,25.806363532984279,18.36048572150883,-19.75255407622825,18.12001424570703,-47.24227379491231,564.0032072687563,438.7004819345573,0.0,0.0,0.0,0.0,0.0,0.0,0.0,0.0,0.0,0.0,0.0,0.0,0.0,0.0,0.0,0.0,0.0,0.0,0.0,0.0,0.0,0.0,0.7198995108507116,0.21974954543672516,209.1179948140485,244.90573734435939,3585.7523059999768,0.0,0.0,26.38284731669093,30.835171750223723,460.1136605405847,0.6841396087455406,0.12927808177353379,388.9006180884861,454.30362276684476,6930.902097481192,0.20182765193973313,0.03813825622443936,235.92460070055749,276.08134549941169,3862.987428448031,0.0,0.0,7.848684406981646,9.298996253410401,81.40932714707957,0.0,0.0,11.669476028127184,13.693509151955663,175.23276603861366,0.0,0.0,191.74473026058466,226.23818173629966,2452.5156281339639,0.0,0.0,16.80003501226667,19.87285613547946,191.26866908165312,0.0,0.0,140.65547903109704,166.53903024013685,1512.1445389733854,35.15317558676414,24.11054566993426,378.7130591756977,444.69707231104419,6157.714676690608,0.0,0.0,153.93151312236064,182.45562590722813,1564.3513924753534,0.0,21.296084157525834,60.5783556545669,21.0,30.0,0.0,21.50066855378973,67.60850664675692,21.0,30.0,1474.5198800904478,21.678995930166488,58.924671370527807,21.5,30.0,0.0,20.882530047614308,61.96397315162665,16.0,30.0,0.0,17.852758877101065,76.38895924288315,12.0,30.0,0.0,20.22635608269934,74.68772164316968,19.0,30.0,0.0,19.083771402796299,70.28664699262579,10.0,30.0,0.0,18.366695734043846,73.810623541116,12.0,30.0,0.0,18.044814973975315,75.32698452197478,16.0,30.0,0.0,20.117776554655046,0.0,0.0,0.0,17.73217709571664,0.0,0.0,764.2212055937769,1204.4946608234187,748.2295824162804,753.3844487259914,805.6078545712624,1334.2143803289235,793.5002128983952,800.3845888256004,805.1115750184127,6993.377692595897,81.47815092261897,83.29386287633098,570.0,0.0,570.0,570.0,21.0,16.0,19.0,16.0,12.0,12.0,21.0,10.0,1.0,0.0,0.0,0.0,1474.5198800904478,0.0,0.0,0.0,0.0,0.0,2747.743139891895,1648645.8839351373,2137389.426550059,81.47815092261897,83.32469969305503,0.2615914379963965,0.5784565707466876,0.27021103051474468,83.32469969305503,0.2656985864579156,2137389.426550059,0.12719925018060308 
 04/06  21:40:00,12.66,93.0,5.3966666666666669,0.0,0.0,0.0,0.0,0.0,2.0,0.0,0.0,4.0,0.0,0.0,0.0,2010.0,0.0,0.0,0.0,0.0,0.0,0.0,0.0,0.0,0.0,0.0,0.0,21.331602483284965,-526.9569041628183,21.09050539888521,-75.6436872634547,20.765739762579189,-171.1626128913531,20.567463466951624,26.270626590809117,17.821235657892907,14.815499372736412,19.91395075651573,-18.518076774503017,18.906414144964154,45.999669412700317,18.314681840474387,-19.632404825221216,18.10987046702809,-53.27662990657245,556.1326980368531,427.6379637391842,0.0,0.0,0.0,0.0,0.0,0.0,0.0,0.0,0.0,0.0,0.0,0.0,0.0,0.0,0.0,0.0,0.0,0.0,0.0,0.0,0.0,0.0,0.7188438075967526,0.21942729169620044,224.76431528929545,261.9703001223407,4086.111148688942,0.0,0.0,27.198905108998198,31.71860033055798,477.6158434268719,0.7897154511832951,0.14922816537855167,395.2216078025016,462.6350430860956,6466.49411682691,0.18093070624633113,0.03418947585909506,222.51697568189949,260.6188392104581,3680.86401223768,0.0,0.0,7.790649311069904,9.210730143214328,81.54245202071954,0.0,0.0,11.812245051304064,13.827831158579201,179.59803690261163,0.0,0.0,187.1066889842084,220.34584398534123,2394.8023669229398,0.0,0.0,17.056232085445317,20.132058257290248,193.8271551288475,0.0,0.0,135.43006201931656,160.04359297485463,1465.3294693046362,34.79993761910475,23.868269971951145,386.1351892614953,453.1187598888931,6278.702431468592,0.0,0.0,148.89619412235693,176.17489881038865,1506.8836031023516,866.4971693794528,21.728623325941855,59.17963461946457,21.5,30.0,0.0,21.513445733740306,66.97849571607547,21.0,30.0,29.46907429412544,20.87801652607435,61.97770655492249,21.0,30.0,0.0,20.936676654807273,61.687493339314418,16.0,30.0,0.0,17.85298273295259,76.50775987372065,12.0,30.0,0.0,20.274422515107458,74.7966524144461,19.0,30.0,0.0,19.041192872441898,70.49227774652673,10.0,30.0,0.0,18.309333344612229,74.09775387401277,12.0,30.0,0.0,18.032269752028325,75.38570423429118,16.0,30.0,0.0,20.15741518169726,0.0,0.0,0.0,17.663811556615678,0.0,0.0,773.5824900743362,1172.6445690496365,754.7888568482827,751.0490190918158,815.6100814830875,1353.77274651096,796.4040533845628,805.4215002862327,808.081226792546,7856.237508873564,82.81015747188737,82.81015747188738,570.0,0.0,570.0,570.0,21.0,16.0,19.0,16.0,12.0,12.0,21.0,10.0,1.0,0.0,866.4971693794528,0.0,29.46907429412544,0.0,0.0,0.0,0.0,0.0,0.0,0.0,0.0,82.81015747188737,82.81015747188737,0.34,0.7674782835229753,0.36028137401965956,82.81015747188737,0.3542647819438875,0.0,0.015865 
 04/06  21:50:00,12.615000000000002,93.5,5.323333333333333,0.0,0.0,0.0,0.0,0.0,2.0,0.0,0.0,4.0,0.0,0.0,0.0,4020.0,0.0,0.0,0.0,0.0,0.0,0.0,0.0,0.0,0.0,0.0,0.0,21.24603174969871,-131.9272299881162,21.106189543411653,-63.480213012847,21.395618613626835,-1116.387187214683,20.573859526554494,375.9512784308341,17.823115133336846,14.981624398745624,19.941727691964574,-23.485000590019994,18.929012202073566,48.50040419806783,18.278104055249636,-20.688443301670817,18.09594158045619,-61.40703790901239,565.479919487128,446.65123080003698,0.0,0.0,0.0,0.0,0.0,0.0,0.0,0.0,0.0,0.0,0.0,0.0,0.0,0.0,0.0,0.0,0.0,0.0,0.0,0.0,0.0,0.0,0.7236874505881594,0.22090581519785089,213.28943741319467,250.18410689930907,3739.5807168504159,0.0233292561415104,0.0035606312792293046,22.78224720461942,26.62763266715944,403.16893138287937,0.6731178995553542,0.12719537028634815,386.21621164620117,451.74018576627977,7084.28055061705,0.20614732819413196,0.038954521578634149,236.26194634658368,276.68706477437186,3977.7403304416127,0.0,0.0,7.988935209550733,9.464856280335546,84.33047407996597,0.0,0.0,11.72157855253312,13.751424949761717,179.83390859972634,0.0,0.0,192.46661746477174,227.0782786627484,2494.1196134595027,0.0,0.0,17.72092215497021,20.964822722193419,201.49102064847868,0.0,0.0,138.66637226792398,164.18917329361143,1507.3717191264332,34.7034817077057,23.802113654119144,377.74007491195359,444.2609535705881,6263.510315706344,0.0,0.0,152.86940975984173,181.22693491284248,1558.63514934603,0.0,21.41726937419928,60.31024884930123,21.0,30.0,0.0,21.531636371597487,66.99694582428461,21.0,30.0,1522.244749698712,21.81246504491687,58.36754600962321,21.5,30.0,0.0,21.002905378575198,61.514511596024998,16.0,30.0,0.0,17.853913271587435,76.5017765958809,12.0,30.0,0.0,20.3016379957659,74.68574456146388,19.0,30.0,0.0,19.078456008382774,70.24493290352936,10.0,30.0,0.0,18.267747781863677,74.29894327170706,12.0,30.0,0.0,18.013673246858088,75.45680675889685,16.0,30.0,0.0,20.15631274496413,0.0,0.0,0.0,17.657634116486009,0.0,0.0,774.9875982675269,1178.3584515601429,745.797823789841,755.770298275692,818.4656180409462,1355.6545847682344,795.4312519276947,808.907577598759,810.4736741686547,4444.50091712317,81.4808667564211,81.48086675642111,570.0,0.0,570.0,570.0,21.0,16.0,19.0,16.0,12.0,12.0,21.0,10.0,1.0,0.0,0.0,0.0,1522.244749698712,0.0,0.0,0.0,0.0,0.0,0.0,0.0,0.0,81.4808667564211,81.4808667564211,0.17,0.3853166335499588,0.18014068700982978,81.4808667564211,0.17713239097194376,0.0,0.015643333333333333 
 04/06  22:00:00,12.57,94.0,5.25,0.0,0.0,0.0,0.0,0.0,2.0,0.0,0.0,4.0,0.0,0.0,0.0,2012.0,0.0,0.0,0.0,0.0,0.0,0.0,0.0,0.0,0.0,0.0,0.0,20.920155652429039,-139.26494879463554,21.124016107692776,-74.28435101431706,20.766051248073067,-184.81945926323989,20.5885290196712,49.44493024639269,17.825235058449914,14.652932684002053,19.97250422415061,-18.729882972612729,18.89650804803739,25.672492350272934,18.24140619478311,-19.906741210602094,18.08159387058081,-57.996804536433049,561.6558467255645,448.7642880971571,0.0,0.0,0.0,0.0,0.0,0.0,0.0,0.0,0.0,0.0,0.0,0.0,0.0,0.0,0.0,0.0,0.0,0.0,0.0,0.0,0.0,0.0,0.7574410088781948,0.23120909916916816,204.49279337568064,238.98495144231755,3475.791675934773,0.003847132208824527,0.000587169140540984,27.594628085853928,32.160142274632018,491.67782804145448,0.784792418400609,0.14829788707494508,390.8009275482274,457.53431174106358,6455.705157097493,0.17484123628618487,0.03303878236700393,235.29791684952128,275.5134528721946,3946.9066592150977,0.0,0.0,7.680198205305513,9.08170159109386,81.81425001975362,0.0,0.0,11.954398268143045,13.991114968802347,185.3823997031735,0.0,0.0,190.36243309346163,224.2107566950872,2463.644123310757,0.0,0.0,18.19127139104451,21.4803161051584,206.9685465770252,0.0,0.0,138.1719514911862,163.30706478130026,1510.1391401827869,34.28876170667242,23.517669208966006,380.2909322195761,446.2513309215798,6281.113564791751,0.0,0.0,152.9970924422405,181.04367941060645,1569.974467259487,140.56847162935854,21.120821262526137,61.44293040774588,21.0,30.0,0.0,21.552134157053673,66.79347595042998,21.0,30.0,79.71855605834529,20.867778223240167,61.85662365284096,21.0,30.0,0.0,20.973811766979077,61.511930209640869,16.0,30.0,0.0,17.85546583083005,76.54913657394485,12.0,30.0,0.0,20.337748269752184,74.65076127006145,19.0,30.0,0.0,19.021632699205904,70.57812693786289,10.0,30.0,0.0,18.223815245823468,74.49052958818734,12.0,30.0,0.0,17.995963572608426,75.52758003595092,16.0,30.0,0.0,20.185169075929055,0.0,0.0,0.0,17.6435731000802,0.0,0.0,776.7713498110214,1171.474648274351,747.809714240686,750.4079942390714,824.5315052438884,1363.6753809320335,800.7491486438544,811.582352077683,812.1221323832424,3415.9602409678448,82.1608422879655,82.1608422879655,570.0,0.0,570.0,570.0,21.0,16.0,19.0,16.0,12.0,12.0,21.0,10.0,1.0,0.0,140.56847162935854,0.0,79.71855605834529,0.0,0.0,0.0,0.0,0.0,0.0,0.0,0.0,82.1608422879655,82.1608422879655,0.17,0.3099437645504679,0.18014068700982978,82.1608422879655,0.17713239097194376,0.0,0.015421666666666665 
 04/06  22:10:00,12.548333333333336,94.00000000000002,5.163333333333333,0.0,0.0,0.0,0.0,0.0,2.0,0.0,0.0,4.0,0.0,0.0,0.0,7049.0,0.0,0.0,0.0,0.0,0.0,0.0,0.0,0.0,0.0,0.0,0.0,21.2365162839773,-379.6134749900003,21.13598273179413,-70.97709221103239,21.24868609854144,-793.2486502701802,20.562437355573154,345.0174776462411,17.826572597049926,14.787484559678913,19.99333514987017,-18.22569180577708,18.946535356096484,102.62624892112669,18.204945808994539,-33.94284090231921,19.067325396451545,-183.75914757360654,522.9213766316897,442.52367524347206,0.0,0.0,0.0,0.0,0.0,0.0,0.0,0.0,0.0,0.0,0.0,0.0,0.0,0.0,0.0,0.0,0.0,0.0,0.0,0.0,0.0,0.0,0.7208463067211631,0.22003855516519023,139.43620006957335,163.3865074422516,2531.7283857766044,0.03635312863201066,0.005548401805862432,21.982427976353624,25.716909419724574,393.39780431478308,0.7473750622538109,0.1412273360267973,283.8644926867512,332.4702899842086,5186.377475453571,0.21521645811048108,0.04066826494907048,253.56893332153624,297.5305002434337,4252.719999519425,0.0,0.0,8.647741844434709,10.252225098323044,92.4742118888432,0.0,0.0,11.224463369086916,13.182365329369875,174.85748639221488,0.0,0.0,149.5597934460848,176.56537437438494,1973.3920699601623,0.0,0.0,28.49904969169282,33.72896092851401,322.6044979396138,0.0,0.0,114.41489340615536,134.79912327639188,1611.576164694647,34.17841456817538,23.441985300531817,284.6559144772753,335.35013898930375,4743.5450912131259,0.0,0.0,111.75105638009305,132.5793721224063,1149.8121955085435,621.6997701503677,21.63067487191366,59.46657740660892,21.428571428571428,29.999999999999994,0.0,21.562322268688804,66.78305538424822,21.0,29.999999999999994,1141.3264883479993,21.68678941406717,58.59295392331154,21.428571428571428,29.999999999999994,0.0,20.969729014702375,61.43814206136746,16.0,29.999999999999994,0.0,17.856129520337878,76.49265339846005,12.0,29.999999999999994,0.0,20.356331752002015,73.26660448186787,19.0,29.999999999999994,0.0,19.138344976322359,69.95623403321727,10.0,29.999999999999994,0.0,18.177974057886375,74.76002928096853,12.0,29.999999999999994,1596.8144138603785,19.578386348672745,68.31562576771815,19.714285714285717,29.999999999999994,0.0,19.9832376249715,0.0,0.0,0.0,17.597555500689066,0.0,0.0,772.9078792872177,1173.6797630850325,735.694870334962,746.8797616806915,824.3303818028556,1339.068349488548,798.8678813603531,816.9776303264856,808.1104577264032,7290.910402907401,81.33066981530316,83.3995597255328,570.0,0.0,570.0,570.0,21.0,16.0,19.0,19.0,12.0,12.0,21.0,10.0,1.0,0.0,621.6997701503677,0.0,1141.3264883479993,0.0,0.0,0.0,0.0,1596.8144138603785,3130.889594602708,1878533.7567616245,2463397.833971716,81.33066981530316,83.43469634445165,0.25007727220104267,0.5475271219768184,0.2573438385854711,83.43469634445165,0.2530462728170625,2463397.833971716,0.14329668736652927 
 04/06  22:20:00,12.526666666666668,94.0,5.076666666666667,0.0,0.0,0.0,0.0,0.0,2.0,0.0,0.0,4.0,0.0,0.0,0.0,2016.0,0.0,0.0,0.0,0.0,0.0,0.0,0.0,0.0,0.0,0.0,0.0,21.235966440702016,-506.7638648734137,21.14554462188123,-88.46705933462516,20.76970657316747,-195.52439663690257,20.56068863313677,28.498503192912268,17.82761140988675,13.262116523943036,20.019691859428798,-7.702522425264817,18.988456144725747,79.98725487392585,18.158321401561623,-33.45784560946379,19.004209101916275,-55.973395811307458,524.751864066794,364.3264402081479,0.0,0.0,0.0,0.0,0.0,0.0,0.0,0.0,0.0,0.0,0.0,0.0,0.0,0.0,0.0,0.0,0.0,0.0,0.0,0.0,0.0,0.0,0.7518985102666169,0.2295172497761346,141.44709206297464,164.68630946463058,2617.931807331987,0.015471897983535906,0.002361400791137959,27.251442731100686,31.750264477432066,488.8877153066692,0.8335916365628886,0.15751920569971446,296.93331710136058,347.41100781365278,4960.541389780603,0.1878580292409866,0.03549849380971023,217.02940077131596,254.231425156892,3642.541271243127,0.0,0.0,8.07070280108774,9.545915723042175,86.69201350954492,0.0,0.0,10.110965349204566,11.838941346629185,158.63395519064194,0.0,0.0,120.1676492318297,141.50744288695365,1607.4199727297778,0.0,0.0,31.044924041298434,36.67436944218919,349.23639559706376,0.0,0.0,95.19230228830128,112.01933469989447,1310.9719883287356,33.73172576184439,23.13561437712236,300.0251319723143,352.1877563463969,4965.161899166711,0.0,0.0,87.64980544947238,103.80641026394832,883.2510955882885,852.5619652859024,21.57960628380981,59.836791327216477,21.5,30.0,0.0,21.567836776289167,66.64132668209584,21.0,30.0,94.9034809521492,20.897909314885064,61.68142948097119,21.0,30.0,0.0,20.921516086210695,61.39591943814723,16.0,30.0,0.0,17.85647622591025,76.27873808638916,12.0,30.0,0.0,20.387756890877037,71.30011917798092,19.0,30.0,0.0,19.199585004477784,69.82270941895274,10.0,30.0,0.0,18.114372890470706,75.11857773775866,12.0,30.0,0.0,19.39263226919479,68.89681643667142,19.0,30.0,0.0,19.99812982882311,0.0,0.0,0.0,17.500547043258874,0.0,0.0,783.0228072809191,1167.5280931970188,746.6591006668201,736.1072452196418,817.0669023663613,1315.6648110703887,807.1996349424635,823.1424015282123,801.3100504163272,8283.591852859547,82.52768228931527,82.52768228931527,570.0,0.0,570.0,570.0,21.0,16.0,19.0,19.0,12.0,12.0,21.0,10.0,1.0,0.0,852.5619652859024,0.0,94.9034809521492,0.0,0.0,0.0,0.0,0.0,0.0,0.0,0.0,82.52768228931527,82.52768228931527,0.34,0.7673269791217774,0.36028137401965956,82.52768228931527,0.3542647819438875,0.0,0.015421666666666665 
 04/06  22:30:00,12.504999999999999,94.0,4.99,0.0,0.0,0.0,0.0,0.0,2.0,0.0,0.0,4.0,0.0,0.0,0.0,4032.0,0.0,0.0,0.0,0.0,0.0,0.0,0.0,0.0,0.0,0.0,0.0,21.23832718367774,-129.0586213410753,21.15270086136521,-70.14489230957693,21.38329348827827,-1113.5104049539,20.572736645443635,391.70978343813547,17.82735142113956,13.24562053002063,20.04496848866597,-9.716219032958748,19.093445313931374,175.06271873863728,18.117024137471739,-46.976546123827947,18.833610988580447,-62.943705123596547,552.0353993833192,275.63357995445707,0.0,0.0,0.0,0.0,0.0,0.0,0.0,0.0,0.0,0.0,0.0,0.0,0.0,0.0,0.0,0.0,0.0,0.0,0.0,0.0,0.0,0.0,0.7672210095711413,0.23419444736603826,201.71263533958348,236.60106482823844,3581.2645913360777,0.025554584668971454,0.0039002723853741535,23.70712969888192,27.714450046821498,426.5435004860682,0.7078252340086297,0.1337538235088114,374.2075088925036,437.70937196053338,6928.278713560599,0.2118628642115023,0.04003455483966406,227.15428835469855,265.9934097543499,3875.4190650906109,0.0,0.0,7.960197972283543,9.431692223584763,85.80087604727729,0.0,0.0,9.985366810108865,11.717553670182687,157.56905803367864,0.0,0.0,103.83346205596934,122.3177647202978,1432.9900142353816,0.0,0.0,30.737959345185975,36.39231198563479,343.72990299630978,0.0,0.0,51.20831365609426,60.412535176968209,677.9488502361163,33.59088523117448,23.03901593359019,367.4275163461656,432.13684546361909,6173.494637237451,0.0,0.0,63.65134434503244,75.50321316135489,617.1464780665077,0.0,21.413377209050105,60.174147746722699,21.0,30.0,0.0,21.57157260850572,66.33248322353089,21.0,30.0,1517.6209251018473,21.792099220860686,58.317723614351837,21.5,30.0,0.0,20.995711224419908,61.325880204128029,16.0,30.0,0.0,17.85471681787126,76.17939293701721,12.0,30.0,0.0,20.41502588465792,70.31440271972528,19.0,30.0,0.0,19.38834496254575,68.58155773818707,10.0,30.0,0.0,18.059828437222469,75.35315818145803,12.0,30.0,27.564778519481508,19.110437614753537,70.1667855937842,19.0,30.0,0.0,20.143199553930509,0.0,0.0,0.0,17.268417356258476,0.0,0.0,771.0760839672689,1151.6109195590082,743.3994795733692,748.5270614172634,814.2521026421803,1310.2190380924974,788.4912748763812,826.5095994642913,805.8413686372237,7238.780392311439,81.7695896993362,83.4579905699797,570.0,0.0,570.0,570.0,21.0,16.0,19.0,19.0,12.0,12.0,21.0,10.0,1.0,0.0,0.0,0.0,1517.6209251018473,0.0,0.0,0.0,0.0,27.564778519481508,2555.2704496614148,1533162.2697968488,1991102.9352373456,81.7695896993362,83.48666522186946,0.2551756816553805,0.537284455913602,0.27021103051474468,83.48666522186946,0.2656985864579156,1991102.9352373456,0.11918068596567531 
 04/06  22:40:00,12.483333333333335,94.0,4.903333333333333,0.0,0.0,0.0,0.0,0.0,2.0,0.0,0.0,0.0,0.0,0.0,0.0,4036.0,0.0,0.0,0.0,0.0,0.0,0.0,0.0,0.0,0.0,0.0,0.0,20.74167299155529,-105.81656917529699,20.913855004558167,-275.8263948579274,20.82009320407427,-241.17133264082077,20.550489466437428,-16.674938092109188,17.8307719347863,16.26139137599977,19.95554245840983,-19.243512748300959,19.096339227218956,29.914738192722099,18.08109594430195,-29.975104486216055,18.627521738894197,-198.89958512143199,561.067953520479,490.737858655125,0.0,0.0,0.0,0.0,0.0,0.0,0.0,0.0,0.0,0.0,0.0,0.0,0.0,0.0,0.0,0.0,0.0,0.0,0.0,0.0,0.0,0.0,0.7257481797628269,0.22153485340745633,446.8530581228134,524.4616988428816,7414.074401117869,0.11199010028749432,0.017092506148884968,247.45726298460003,290.0791734669966,4281.8403364556329,0.689984894178816,0.1303826330647801,315.34875978261916,369.4338764410053,5296.234715578979,0.1517140963865099,0.028668574525039654,182.86889403442485,214.3654720655863,3054.468371190541,0.0,0.0,8.141418273162032,9.649446121619422,88.1928267755141,0.0,0.0,11.54534907591721,13.563374363442085,180.43339081994726,0.0,0.0,168.27033629491877,198.35676254178936,2315.97675626041,0.0,0.0,29.878346553351954,35.38447645618912,332.98522623971305,0.0,0.0,107.1411258960601,126.58509790237889,1341.7602523107199,32.99690500692586,22.631622089798264,541.0180256611303,636.0255975528767,8911.48291444383,0.0,0.0,129.52070057110616,153.63182987018258,1326.5800621083832,0.0,20.81079851726551,64.3301221138706,21.75,30.0,0.0,21.16214959592051,63.15520993854302,12.0,30.0,0.0,20.95710291260861,63.5234310074548,21.5,30.0,0.0,20.884420782067097,63.987104824541159,12.0,30.0,0.0,17.860186297218236,76.21456233961126,12.0,30.0,0.0,20.30995136295326,69.61613962525219,12.0,30.0,0.0,19.352364904075118,70.27244761028916,10.0,30.0,0.0,18.018465729232127,75.52005089025119,12.0,30.0,0.0,18.7175462176364,72.30325203502093,20.0,30.0,0.0,20.2813164719293,0.0,0.0,0.0,17.544121891789485,0.0,0.0,877.3562961635296,890.5095101907517,864.7357828430722,871.800429377126,821.5704070988738,1276.791078644715,869.5677039532723,831.134260129525,832.3295114323563,0.0,82.04422762748881,82.04422762748881,60.0,0.0,60.0,60.0,12.0,12.0,12.0,19.0,12.0,12.0,21.0,10.0,0.0,0.0,0.0,0.0,0.0,0.0,0.0,0.0,0.0,0.0,0.0,0.0,0.0,82.04422762748881,82.04422762748881,0.0,0.0,0.0,82.04422762748881,0.0,0.0,0.00167 
 04/06  22:50:00,12.461666666666666,94.0,4.816666666666667,0.0,0.0,0.0,0.0,0.0,2.0,0.0,0.0,0.0,0.0,0.0,0.0,2018.0,0.0,0.0,0.0,0.0,0.0,0.0,0.0,0.0,0.0,0.0,0.0,20.572060824556759,-101.58262834433572,20.65916233699729,-84.77377176069331,20.628474249111176,-51.24476437388239,20.366255902786834,-71.45156094577669,17.831658414170513,14.197185220525796,19.85817354834132,-19.766400715787826,19.012655689976904,40.31767027229989,18.06306487361148,-26.295208505700715,18.45124552000458,-134.98525699624134,473.53719133410416,458.8481856042331,0.0,0.0,0.0,0.0,0.0,0.0,0.0,0.0,0.0,0.0,0.0,0.0,0.0,0.0,0.0,0.0,0.0,0.0,0.0,0.0,0.0,0.0,0.7137974197558286,0.21788688026734694,260.1439081331663,304.642471146227,4195.440350462287,0.119800163216538,0.018284518195442309,149.3529527111944,175.0505747624491,2465.726902363576,0.714406346169042,0.13499741991100573,175.3127531730573,205.03346710756245,2875.2943512323379,0.13457120726296407,0.02542917748733258,98.58528957560452,115.37039409796184,1583.6254353186483,0.0,0.0,7.79555662327146,9.21588183681628,84.8215154513113,0.0,0.0,10.275764603348577,12.045440190809714,157.88132680309207,0.0,0.0,165.3268202797606,194.5597774873076,2233.249798044795,0.0,0.0,27.955309664421958,33.04238075770727,312.0346323157796,0.0,0.0,105.7506888992713,124.7758458274678,1268.148070872325,32.49024019387156,22.284115359308346,299.1422246970054,350.99344218642309,4952.105763416895,0.0,0.0,126.84098943191913,150.13064461582179,1296.922919351749,0.0,20.570504094372873,64.79129619834075,22.0,30.0,0.0,20.75607559717541,62.7570625061192,12.0,30.0,0.0,20.67258706895974,63.50200056686123,22.0,30.0,0.0,20.553115906017696,65.0496671357389,12.0,30.0,0.0,17.860414487831997,76.52534259227258,12.0,30.0,0.0,20.15546241236031,69.36822011885573,12.0,30.0,0.0,19.2009066064808,70.6533348230253,10.0,30.0,0.0,18.003379047214457,76.17479166007829,12.0,30.0,0.0,18.42683677045123,74.31517227680428,20.0,30.0,0.0,19.948362476771487,0.0,0.0,0.0,17.514525975271959,0.0,0.0,852.1229409005508,783.1892094357083,804.06894526151,861.2741931655689,839.4596940775049,1261.1511537544389,857.2848832226841,860.4519173732806,867.0459247804149,0.0,82.04422762748881,82.04422762748881,60.0,0.0,60.0,60.0,12.0,12.0,12.0,19.0,12.0,12.0,21.0,10.0,0.0,0.0,0.0,0.0,0.0,0.0,0.0,0.0,0.0,0.0,0.0,0.0,0.0,82.04422762748881,82.04422762748881,0.0,0.0,0.0,82.04422762748881,0.0,0.0,0.0016733333333333336 
 04/06  23:00:00,12.44,94.0,4.73,0.0,0.0,0.0,0.0,0.0,2.0,0.0,0.0,0.0,0.0,0.0,0.0,2018.0,0.0,0.0,0.0,0.0,0.0,0.0,0.0,0.0,0.0,0.0,0.0,20.349541813903949,-20.688566080315469,20.520420227679876,-166.11359781812053,20.47314669279812,-214.6785375612335,20.19767959493666,-36.470502759286777,17.829559462224198,10.56311616419434,19.783913143571647,-20.684101211890238,18.903766230000934,-25.7760086459175,18.047731985354426,-24.978132788947506,18.3465815458962,-135.06705073114018,451.84022999862648,411.17884866986199,0.0,0.0,0.0,0.0,0.0,0.0,0.0,0.0,0.0,0.0,0.0,0.0,0.0,0.0,0.0,0.0,0.0,0.0,0.0,0.0,0.0,0.0,0.6586905619640808,0.2010654951050308,359.658830232048,421.6511391468631,5604.241469796167,0.09994387006841912,0.015253948423140892,184.5572398925698,216.0552205556471,2968.6922235822705,0.607871488181168,0.11486611643635078,323.1872903317327,378.7590146879812,5142.850037400485,0.12301947101820321,0.02324630971621375,178.03826507101764,208.74615249377275,2778.721669000536,0.0,0.0,7.062097025249232,8.353879575655786,77.07791261908,0.0,0.0,10.311117089207201,12.098421946180367,156.67789156007849,0.0,0.0,159.75230267045516,188.16496517346273,2102.8219582617828,0.0,0.0,22.625279949353119,26.739228440590588,253.05682520943845,0.0,0.0,108.59038626189309,128.1998363296466,1272.8137387497494,31.733249709494758,21.764917496224123,486.98513853767806,572.0995851183936,7561.666101549292,0.0,0.0,126.01902066230839,149.21262968229628,1270.764515499154,0.0,20.227697992464856,65.75050262670703,22.0,30.0,0.0,20.550309559721876,63.36876443986932,12.0,30.0,0.0,20.4289585293046,63.88826493896592,22.0,30.0,0.0,20.26896782720477,65.64324509052969,12.0,30.0,0.0,17.85558509808329,76.67523180031913,12.0,30.0,0.0,20.04369478683381,69.1613529105236,12.0,30.0,0.0,18.9997941828617,71.48743377061024,10.0,30.0,0.0,17.99274046041433,76.37983348218961,12.0,30.0,0.0,18.266301121913317,75.06540541557755,20.0,30.0,0.0,19.761246327525116,0.0,0.0,0.0,17.42048699374461,0.0,0.0,832.5117696900321,776.8638473523163,777.3705669698097,834.5050922732598,848.6881660026106,1246.0238193890905,858.9387065416747,871.1476466359297,871.7360149328456,0.0,82.04422762748881,82.04422762748881,60.0,0.0,60.0,60.0,12.0,12.0,12.0,19.0,12.0,12.0,21.0,10.0,0.0,0.0,0.0,0.0,0.0,0.0,0.0,0.0,0.0,0.0,0.0,0.0,0.0,82.04422762748881,82.04422762748881,0.0,0.0,0.0,82.04422762748881,0.0,0.0,0.0016766666666666669 
 04/06  23:10:00,12.403333333333335,94.16666666666667,4.661666666666667,0.0,0.0,0.0,0.0,0.0,2.0,0.0,0.0,0.0,0.0,0.0,0.0,2018.0,0.0,0.0,0.0,0.0,0.0,0.0,0.0,0.0,0.0,0.0,0.0,20.272731387742014,-141.52680147879983,20.33860750892245,-114.94012048000423,20.288747709710849,-121.79927408163167,20.11767248370831,-96.05285811548038,17.82461591878637,8.979558356849737,19.727992323733937,-22.22223562354108,18.80182808563861,-7.624312922062018,18.030587371896197,-24.907169904146316,18.264915706410969,-123.76117343725446,418.22961608097469,378.502286482435,0.0,0.0,0.0,0.0,0.0,0.0,0.0,0.0,0.0,0.0,0.0,0.0,0.0,0.0,0.0,0.0,0.0,0.0,0.0,0.0,0.0,0.0,0.6326572705493254,0.19311882495400657,345.4773497941966,405.4290231755514,5338.923086494562,0.10119917351044972,0.015445539302571691,172.25367787906846,202.27864168088338,2699.4944678037657,0.6046418423058022,0.11425582810011384,334.2075624368275,392.2397311153232,5167.777711136019,0.11674963886689663,0.022061534177418103,190.8343263321012,223.89315255898058,2947.810232836442,0.0,0.0,6.8552273118012769,8.102831521785241,75.21182290615822,0.0,0.0,10.077239169719498,11.824080325192899,152.32213153596553,0.0,0.0,154.55380933201833,182.15241792146169,1993.9353379756809,0.0,0.0,20.463468312793887,24.18495068343087,229.79202200150378,0.0,0.0,105.4658500430863,124.61118869563888,1219.9292094726826,31.234654728527656,21.42294562999154,486.07421702375788,571.6383107170425,7438.2705956604299,0.0,0.0,121.21349632011675,143.6080898310389,1213.3629696016654,0.0,20.135281991923514,65.65097313931475,22.0,30.0,0.0,20.270808051613835,63.82041076060207,12.0,30.0,0.0,20.1487935957287,64.6728496795622,22.0,30.0,0.0,20.151638806825049,65.7363580535753,12.0,30.0,0.0,17.84675862094565,76.78036204945764,12.0,30.0,0.0,19.966316647147559,68.99292540436689,12.0,30.0,0.0,18.830223184801804,72.06503754323906,10.0,30.0,0.0,17.97791646401822,76.33710364745909,12.0,30.0,0.0,18.148800291014447,75.45443610775904,20.0,30.0,0.0,19.6181128162833,0.0,0.0,0.0,17.344083499012318,0.0,0.0,810.2680681572069,744.7517802723162,762.3956596849931,817.0895680875144,857.1109471936859,1242.0049473545797,854.1674448728916,870.1881466936701,868.8849957226074,0.0,82.04422762748881,82.04422762748881,60.0,0.0,60.0,60.0,12.0,12.0,12.0,19.0,12.0,12.0,21.0,10.0,0.0,0.0,0.0,0.0,0.0,0.0,0.0,0.0,0.0,0.0,0.0,0.0,0.0,82.04422762748881,82.04422762748881,0.0,0.0,0.0,82.04422762748881,0.0,0.0,0.0016800000000000003 
 04/06  23:20:00,12.366666666666668,94.33333333333334,4.593333333333334,0.0,0.0,0.0,0.0,0.0,2.0,0.0,0.0,0.0,0.0,0.0,0.0,1009.0,0.0,0.0,0.0,0.0,0.0,0.0,0.0,0.0,0.0,0.0,0.0,20.236850486371407,15.46348478053551,20.213184790069499,-153.78220756770134,20.173329965598368,-185.56577425796605,20.046490106477358,22.85935199324831,17.81854977649772,7.866126239560259,19.673983524374685,-15.237224513805927,18.73455300098713,-24.19522728699576,18.010721780537318,-25.655716086253166,18.196923507749955,-120.16741040783382,385.2888105173297,390.2637978232033,0.0,0.0,0.0,0.0,0.0,0.0,0.0,0.0,0.0,0.0,0.0,0.0,0.0,0.0,0.0,0.0,0.0,0.0,0.0,0.0,0.0,0.0,0.6097569035654176,0.18612848094182467,317.6762130543981,371.24304923390039,4950.416255751431,0.08525383246934562,0.013011879192513069,182.2380941017808,213.21169717482389,2807.621935632623,0.5261446609441501,0.09942264946034586,277.12934713443948,324.34400477089499,4220.239422342324,0.12405214907286109,0.023441449182324465,152.46039148665018,178.21086209910482,2344.033123865712,0.0,0.0,6.137556249745278,7.2293028697745049,67.71016793995678,0.0,0.0,9.593003721997573,11.216970173686866,144.42953266731659,0.0,0.0,151.19589882268773,177.56697060689269,1932.0468951596975,0.0,0.0,19.548311343996997,23.015914377787618,220.30760960767237,0.0,0.0,107.53784806054533,126.57445548308295,1231.9817039151038,30.861070738604494,21.166715184228054,423.224131601694,495.9299757045141,6471.8646259050469,0.0,0.0,122.76926157300209,144.8670582136049,1230.1384760124398,0.0,20.167902795497477,66.07655244797445,22.0,30.0,0.0,20.089454295482484,62.71654042257819,12.0,30.0,0.0,19.986644379184935,63.124836950004887,22.0,30.0,0.0,20.069278750928345,66.89135408691964,12.0,30.0,0.0,17.83692947067469,76.84514717347159,12.0,30.0,0.0,19.8924839992997,68.77948420390385,12.0,30.0,0.0,18.72577088741601,72.19465568705205,10.0,30.0,0.0,17.957628005046855,76.28368054543393,12.0,30.0,0.0,18.052302544371459,75.75457968234793,20.0,30.0,0.0,19.509343546530557,0.0,0.0,0.0,17.31077942117523,0.0,0.0,838.5389043953047,652.9295310656527,653.4140430074759,857.7582383676479,863.1408252809043,1237.6633849675764,840.1465051342869,867.3424354687836,864.7215446652651,0.0,82.04422762748881,82.04422762748881,60.0,0.0,60.0,60.0,12.0,12.0,12.0,19.0,12.0,12.0,21.0,10.0,0.0,0.0,0.0,0.0,0.0,0.0,0.0,0.0,0.0,0.0,0.0,0.0,0.0,82.04422762748881,82.04422762748881,0.0,0.0,0.0,82.04422762748881,0.0,0.0,0.0016866666666666667 
 04/06  23:30:00,12.33,94.5,4.525,0.0,0.0,0.0,0.0,0.0,2.0,0.0,0.0,0.0,0.0,0.0,0.0,2018.0,0.0,0.0,0.0,0.0,0.0,0.0,0.0,0.0,0.0,0.0,0.0,20.08496624971304,-95.96737292901526,20.166359593475855,-75.26319443596413,20.143607544414736,-110.40858221755025,19.96395300250841,-71.14347028429393,17.814208030570386,7.625139041854041,19.636800932839564,-22.766167919546377,18.714608525019235,-10.895713401430385,17.99474669207971,-24.947811938017766,18.15741318686034,-116.14337060013577,378.95704932846186,365.65640810232028,0.0,0.0,0.0,0.0,0.0,0.0,0.0,0.0,0.0,0.0,0.0,0.0,0.0,0.0,0.0,0.0,0.0,0.0,0.0,0.0,0.0,0.0,0.6276948574684758,0.1916040468462991,301.1068419553682,353.71281153055909,4557.013178843822,0.11115151406339286,0.016964516798442135,149.0731269897512,174.94512120596517,2301.4297878413829,0.596526102999832,0.11272224168553141,285.7668218906203,335.5955973046438,4384.335236294621,0.11171290552268595,0.021109770506932334,163.2246695029766,191.75118018523416,2476.347932637207,0.0,0.0,6.626471341508202,7.839405004014487,73.48061098407263,0.0,0.0,9.828808700457167,11.543248582159679,147.7794546713537,0.0,0.0,152.09796617703786,179.3430573389232,1951.1949108408872,0.0,0.0,18.526250883252133,21.902952411653979,209.58500404183173,0.0,0.0,104.85815951291714,123.9166888889477,1199.6190154256572,30.49953747910731,20.918749985670318,415.075063893835,488.4980150136141,6358.784940349086,0.0,0.0,119.14987645151565,141.18178303174774,1187.4244688712802,0.0,19.904695746894697,66.0814884678847,22.0,30.0,0.0,20.073581123533744,64.33373299499218,12.0,30.0,0.0,20.00652272352102,64.86559199892142,22.0,30.0,0.0,19.933911259233498,66.17685891061451,12.0,30.0,0.0,17.831660312576415,76.80166230782375,12.0,30.0,0.0,19.848627327760349,68.69229939964262,12.0,30.0,0.0,18.71712847023292,72.27397286493495,10.0,30.0,0.0,17.945246370266248,76.30753250870009,12.0,30.0,0.0,18.010467333988438,75.89933528627268,20.0,30.0,0.0,19.48309903508565,0.0,0.0,0.0,17.24860005062373,0.0,0.0,786.3525668664847,733.3201379697694,745.4430720785965,796.3068128102893,861.3109118698244,1233.4622378290008,843.9982372254776,867.5344875637914,864.0971105302094,0.0,82.04422762748881,82.04422762748881,60.0,0.0,60.0,60.0,12.0,12.0,12.0,19.0,12.0,12.0,21.0,10.0,0.0,0.0,0.0,0.0,0.0,0.0,0.0,0.0,0.0,0.0,0.0,0.0,0.0,82.04422762748881,82.04422762748881,0.0,0.0,0.0,82.04422762748881,0.0,0.0,0.0016933333333333334 
 04/06  23:40:00,12.293333333333333,94.66666666666666,4.456666666666667,0.0,0.0,0.0,0.0,0.0,2.0,0.0,0.0,0.0,0.0,0.0,0.0,2018.0,0.0,0.0,0.0,0.0,0.0,0.0,0.0,0.0,0.0,0.0,0.0,20.020625216412037,-123.41199170286473,20.07358099776056,-96.18109179730073,20.038727780445166,-121.39778173815194,19.909286574394828,-90.45102398801191,17.807717321785505,6.566485129020677,19.60019057668288,-22.523037906531955,18.655950924923613,-17.76844177872681,17.976688952329199,-24.3031178850714,18.1112183944956,-117.56902520724316,352.0800585257075,348.888852096454,0.0,0.0,0.0,0.0,0.0,0.0,0.0,0.0,0.0,0.0,0.0,0.0,0.0,0.0,0.0,0.0,0.0,0.0,0.0,0.0,0.0,0.0,0.61378308378392,0.18735747368251527,327.13986364742086,384.38067524898778,4939.315727234674,0.10251851114962983,0.015646903411115667,164.1389907957497,192.97264767698653,2505.1970414575919,0.5764384101055465,0.10892638135025448,323.3903088963623,380.02064655230626,4889.671879018742,0.11015581354223789,0.020815535438820456,188.72433364154126,221.67427099556307,2853.541975505311,0.0,0.0,6.358633470938719,7.517393618771292,70.87445019015225,0.0,0.0,9.717041265449409,11.411925278903397,145.98808817150946,0.0,0.0,148.40689861034853,175.05363161242904,1888.747466315469,0.0,0.0,16.86748094147333,19.941388885205798,191.5193876438895,0.0,0.0,103.77081530136315,122.70212568926597,1182.9742106983218,30.07132554057683,20.625051811095227,468.2798986785708,551.2638692445191,7054.59174776685,0.0,0.0,116.83751658946,138.5087161109168,1160.8036466449899,0.0,19.84202051283321,65.93363140901,22.0,30.0,0.0,19.94740655686983,64.3190407429922,12.0,30.0,0.0,19.859932520206969,65.06469861040677,22.0,30.0,0.0,19.87051638533846,66.02266063109349,12.0,30.0,0.0,17.82290150218813,76.73389838427916,12.0,30.0,0.0,19.80535545743514,68.53310980091891,12.0,30.0,0.0,18.627822067235259,72.3351759027165,10.0,30.0,0.0,17.928827335951639,76.12986925193471,12.0,30.0,0.0,17.95180756341189,75.81978441240739,20.0,30.0,0.0,19.389761719437538,0.0,0.0,0.0,17.195303638393335,0.0,0.0,768.2384159513947,708.9587901808868,727.9655042039024,778.0824080086168,860.6994073204528,1230.0370556349645,831.7476523005989,859.689537565629,852.711381621841,0.0,82.04422762748881,82.04422762748881,60.0,0.0,60.0,60.0,12.0,12.0,12.0,19.0,12.0,12.0,21.0,10.0,0.0,0.0,0.0,0.0,0.0,0.0,0.0,0.0,0.0,0.0,0.0,0.0,0.0,82.04422762748881,82.04422762748881,0.0,0.0,0.0,82.04422762748881,0.0,0.0,0.0017 
 04/06  23:50:00,12.256666666666666,94.83333333333333,4.388333333333334,0.0,0.0,0.0,0.0,0.0,2.0,0.0,0.0,0.0,0.0,0.0,0.0,1009.0,0.0,0.0,0.0,0.0,0.0,0.0,0.0,0.0,0.0,0.0,0.0,20.00634758844303,-1.9778764559359843,19.992678297490934,-138.48911749344917,19.95643742992815,-180.14078271068503,19.864667945349689,6.828913621404354,17.800182459545355,6.0453914042286389,19.563273821785903,-16.78794074739136,18.6057042182921,-32.806837746624299,17.956735377741219,-24.089871135158206,18.067810889473479,-117.48632391709453,329.57091936711006,363.0030194848723,0.0,0.0,0.0,0.0,0.0,0.0,0.0,0.0,0.0,0.0,0.0,0.0,0.0,0.0,0.0,0.0,0.0,0.0,0.0,0.0,0.0,0.0,0.5931023155082179,0.18104466285354638,300.04396430258648,351.05342048817519,4584.241504179077,0.08766657564198992,0.0133801244874832,168.44019241510365,197.2872711558051,2551.1885488535228,0.5117060608873774,0.09669426698552108,270.51522036864346,316.9423045733881,4055.095251969984,0.12050348582083985,0.02277087789509445,149.06558467967208,174.42636213937906,2257.146112677979,0.0,0.0,5.735285494407567,6.757089252811491,64.27266405047293,0.0,0.0,9.427937220147085,11.032506132191856,141.60290984658224,0.0,0.0,146.09941903530416,171.7226132956344,1850.4982015759613,0.0,0.0,16.2886995058063,19.185179853029316,185.606796547795,0.0,0.0,106.13397380328522,125.01639429514627,1206.937908638947,29.749883031092247,20.40458369759414,404.55127624643799,474.52091636845,6117.826885690367,0.0,0.0,118.88727047642337,140.38629455393198,1184.8687774622534,0.0,19.89738345708838,66.44770244394441,22.0,30.0,0.0,19.841614385963447,62.93536527212079,12.0,30.0,0.0,19.7510158393112,63.28168057146435,22.0,30.0,0.0,19.836187319661766,67.13366936438541,12.0,30.0,0.0,17.812881415321649,76.62564417291942,12.0,30.0,0.0,19.760567394904805,68.32770778788137,12.0,30.0,0.0,18.555557504631066,72.26887474543877,10.0,30.0,0.0,17.90849239980974,75.97206589999365,12.0,30.0,0.0,17.896851915541583,75.85421736023277,20.0,30.0,0.0,19.31112697289646,0.0,0.0,0.0,17.171457296887703,0.0,0.0,804.2301762582858,620.7607167272262,620.491230571071,824.7547331748211,858.3089747015358,1224.817824842815,816.068629303973,852.0300437628007,845.4319027952872,0.0,82.04422762748881,82.04422762748881,60.0,0.0,60.0,60.0,12.0,12.0,12.0,19.0,12.0,12.0,21.0,10.0,0.0,0.0,0.0,0.0,0.0,0.0,0.0,0.0,0.0,0.0,0.0,0.0,0.0,82.04422762748881,82.04422762748881,0.0,0.0,0.0,82.04422762748881,0.0,0.0,0.0017166666666666665 
 04/06  24:00:00,12.22,95.0,4.32,0.0,0.0,0.0,0.0,0.0,2.0,0.0,0.0,0.0,0.0,0.0,0.0,2018.0,0.0,0.0,0.0,0.0,0.0,0.0,0.0,0.0,0.0,0.0,0.0,19.886043742092939,-90.81443856181704,19.9624525908997,-71.43976446487523,19.9414193244138,-107.59122844572267,19.798577557916717,-74.050580868814,17.794301906355643,5.877206855146085,19.535058775736567,-22.652872946717936,18.59199357507969,-18.52130940459847,17.94015699447136,-23.983023783757007,18.038985741364628,-115.7378487308315,331.3955934087335,346.359887206278,0.0,0.0,0.0,0.0,0.0,0.0,0.0,0.0,0.0,0.0,0.0,0.0,0.0,0.0,0.0,0.0,0.0,0.0,0.0,0.0,0.0,0.0,0.6200891460556747,0.1892824011158958,290.4425056716225,341.4957169255666,4340.211375033954,0.11057111866207178,0.016875933861732568,143.95644571143755,169.1091828243057,2190.479031402796,0.5835143832837892,0.11026348890472213,281.70413023209678,331.1365374645635,4263.408376589653,0.1079500353224202,0.020398721716254756,163.33847410889437,192.07530215996088,2449.217065228604,0.0,0.0,6.214225248145261,7.353329459876539,69.98356980720871,0.0,0.0,9.491835379143526,11.153889715473714,142.61683156400788,0.0,0.0,147.06877369412309,173.5414764170455,1873.3408370894172,0.0,0.0,15.834746623189942,18.727159199681038,181.08386487614869,0.0,0.0,103.38752048338651,122.26188943737009,1177.1883941791614,29.444228064639288,20.19494380290761,406.79090244933107,479.13396880836026,6172.3814461042879,0.0,0.0,115.67511466877963,137.15214510748326,1149.2022277558515,0.0,19.691741413844054,66.09713801281629,22.0,30.0,0.0,19.844603710190353,64.50895660910732,12.0,30.0,0.0,19.787166255873588,65.02940050568322,22.0,30.0,0.0,19.73048033432827,66.15298621072452,12.0,30.0,0.0,17.80686876195145,76.50216837099998,12.0,30.0,0.0,19.730206990302329,68.24603100636608,12.0,30.0,0.0,18.558040473235346,72.28185881779399,10.0,30.0,0.0,17.89514375696585,75.93422088867053,12.0,30.0,0.0,17.87018277055559,75.87031444167745,20.0,30.0,0.0,19.308104090968198,0.0,0.0,0.0,17.120657390960657,0.0,0.0,748.0219557057834,700.0742078344435,713.7334793037446,757.9848789732082,852.4551737112959,1221.6650585946287,818.5004427864589,849.0778945138386,841.9704278119814,0.0,82.04422762748881,82.04422762748881,60.0,0.0,60.0,60.0,12.0,12.0,12.0,19.0,12.0,12.0,21.0,10.0,0.0,0.0,0.0,0.0,0.0,0.0,0.0,0.0,0.0,0.0,0.0,0.0,0.0,82.04422762748881,82.04422762748881,0.0,0.0,0.0,82.04422762748881,0.0,0.0,0.0017333333333333335 
 04/07  00:10:00,12.206666666666667,95.0,4.241666666666667,0.0,0.0,0.0,0.0,0.0,2.0,2.0,0.0,0.0,0.0,0.0,0.0,1009.0,0.0,0.0,0.0,0.0,0.0,0.0,0.0,0.0,0.0,0.0,0.0,19.758325348100546,-130.46815074306142,19.940337126579153,-17.660640345376124,19.930991554845386,-50.45907110659209,19.707412148906827,-117.85831728232734,17.78527211168952,4.821391260095055,19.50147142690952,-24.084921503804766,18.67457478380718,67.98550490568187,17.917773582793744,-25.268381829212559,18.133201892261036,-43.93826653900919,320.467053149976,177.83373486810798,0.0,0.0,0.0,0.0,0.0,0.0,0.0,0.0,0.0,0.0,0.0,0.0,0.0,0.0,0.0,0.0,0.0,0.0,0.0,0.0,0.0,0.0,0.65082662403852,0.19866502565278389,225.78285964296695,264.6787469388542,3296.3248856517905,0.12342904566010915,0.018838376932251094,85.3018316855943,99.83537139719833,1303.0801515138408,0.6427721048384821,0.12146109312896493,248.34838038401117,290.6541706618089,3783.6583450352625,0.10195428751495864,0.019265738381511453,152.4500429045281,178.65320087971348,2250.0375601418638,0.0,0.0,6.141764952325532,7.23702258678199,69.22866395514616,0.0,0.0,8.793779444171128,10.294257386042549,131.7240643064071,0.0,0.0,69.82269673000414,82.01571571770072,917.9520798878672,0.0,0.0,17.548751927833494,20.67319706495741,200.39529698591634,0.0,0.0,23.606686092683988,27.792126528351667,278.3932599195553,29.08996877444382,19.951967609357909,329.5333934104961,386.766749165261,5057.445599820929,0.0,0.0,49.977968713340079,59.08893726920145,471.03191457064386,0.0,19.491590552415759,65.74095692017986,22.0,30.0,0.0,19.849155700148473,65.97684879843678,12.0,30.0,0.0,19.819118481617495,66.64248203347838,22.0,30.0,0.0,19.590073827206419,65.32698727782305,12.0,30.0,0.0,17.795117079623649,76.29108740793223,12.0,30.0,0.0,19.688735592140433,68.0638252033265,12.0,30.0,0.0,18.749950462718034,71.25886926885984,10.0,30.0,0.0,17.870033242895376,75.86012466273692,12.0,30.0,0.0,18.059885000556354,74.865497115465,20.0,30.0,0.0,19.26853100891653,0.0,0.0,0.0,16.84740820873984,0.0,0.0,694.0327149284416,772.8456437813892,799.2932104052785,693.3064061033406,841.977327416534,1222.0544653936846,805.405057224255,843.3783659712656,916.1951736029243,0.0,82.04422762748881,82.04422762748881,60.0,0.0,60.0,60.0,12.0,12.0,12.0,19.0,12.0,12.0,21.0,10.0,0.0,0.0,0.0,0.0,0.0,0.0,0.0,0.0,0.0,0.0,0.0,0.0,0.0,82.04422762748881,82.04422762748881,0.0,0.0,0.0,82.04422762748881,0.0,0.0,0.0017499999999999999 
 04/07  00:20:00,12.193333333333336,95.0,4.163333333333334,0.0,0.0,0.0,0.0,0.0,2.0,2.0,0.0,0.0,0.0,0.0,0.0,1009.0,0.0,0.0,0.0,0.0,0.0,0.0,0.0,0.0,0.0,0.0,0.0,19.86783792421138,11.739102162069685,19.841388148570304,-157.72419608196834,19.79168260578453,-202.1803858614985,19.734187191131704,27.20847165180112,17.77718129680555,4.639990950739957,19.479803599415708,-13.520103586279334,18.67197158329003,21.842837454104484,17.881758005325375,-40.075230833075128,18.206883529954337,-56.3518762353151,302.0369825788912,204.6968834735485,0.0,0.0,0.0,0.0,0.0,0.0,0.0,0.0,0.0,0.0,0.0,0.0,0.0,0.0,0.0,0.0,0.0,0.0,0.0,0.0,0.0,0.0,0.6047889834550824,0.1846120218116857,329.16068617018387,385.2953177202997,4996.508653831582,0.0827794697468106,0.012634229204336172,187.65081795714833,219.9183584370476,2808.8922875801156,0.5098628096681869,0.09634595798718576,314.0539261118446,368.19311079171686,4640.279227296997,0.13143066085654257,0.024835725785438874,180.45915404734707,211.2801117257109,2706.7606095677058,0.0,0.0,5.433039886072405,6.402064685563905,61.284892674321607,0.0,0.0,8.772703244061246,10.27039144687941,131.32534923072877,0.0,0.0,61.247010235223637,71.96210501072415,806.0791085188562,0.0,0.0,20.549718317257879,24.213322080262768,233.10332484430223,0.0,0.0,21.92305369798669,25.798492154963179,264.6498715625443,28.761292135920077,19.726537816131747,468.79150442839269,550.1136184074208,6970.165225163823,0.0,0.0,50.57642679331424,59.804941060810218,473.2538756530696,0.0,19.7830064415185,66.48047025666215,22.0,30.0,0.0,19.686507049269115,63.10295055314609,12.0,30.0,0.0,19.57823491665393,63.53075545470794,22.0,30.0,0.0,19.698927044094377,67.13177491082928,12.0,30.0,0.0,17.785921264494644,76.20833183656944,12.0,30.0,0.0,19.670500512737975,67.9256804557281,12.0,30.0,0.0,18.744081415840698,69.98082097370434,10.0,30.0,0.0,17.81811010970128,75.83868468769686,12.0,30.0,0.0,18.188302766963458,74.12583820779575,20.0,30.0,0.0,19.206809940799407,0.0,0.0,0.0,16.799948212304348,0.0,0.0,784.4803290282146,603.1220355655879,603.4669429406654,801.398964104979,843.949179413855,1229.6832216362048,762.3563781761346,839.270425674701,957.6285164659003,0.0,82.04422762748881,82.04422762748881,60.0,0.0,60.0,60.0,12.0,12.0,12.0,19.0,12.0,12.0,21.0,10.0,0.0,0.0,0.0,0.0,0.0,0.0,0.0,0.0,0.0,0.0,0.0,0.0,0.0,82.04422762748881,82.04422762748881,0.0,0.0,0.0,82.04422762748881,0.0,0.0,0.0017433333333333336 
 04/07  00:30:00,12.18,95.0,4.085,0.0,0.0,0.0,0.0,0.0,2.0,2.0,0.0,0.0,0.0,0.0,0.0,2018.0,0.0,0.0,0.0,0.0,0.0,0.0,0.0,0.0,0.0,0.0,0.0,19.749816753399366,-88.09142336927744,19.819376264399389,-60.68118524181773,19.79332404135229,-87.91458166539542,19.679681919559273,-70.85546785793759,17.77057512144811,5.025921368802145,19.459142959828204,-16.506093546913634,18.692013893067285,41.47817975291491,17.84899115128664,-46.74951832079455,18.250990161477234,-52.96321654889857,301.86554186561809,207.8090267561181,0.0,0.0,0.0,0.0,0.0,0.0,0.0,0.0,0.0,0.0,0.0,0.0,0.0,0.0,0.0,0.0,0.0,0.0,0.0,0.0,0.0,0.0,0.6342074834105613,0.19359202790310177,294.62985080861827,346.6392459259802,4352.238856987469,0.11445808083846144,0.017469182057152235,147.63595512454186,173.5365002218985,2217.697829324715,0.6107424913050695,0.11540863403345989,283.7968206217376,333.8190285024807,4240.180842279051,0.11133555083452063,0.021038463876515608,162.03142998739907,190.64973371449896,2402.661135436334,0.0,0.0,6.0507765463197409,7.160637911294346,68.30292532456628,0.0,0.0,8.716210411319043,10.246615448642995,130.30134820705926,0.0,0.0,65.79710610900763,77.60097143566279,873.4044002121899,0.0,0.0,23.228237740647928,27.478337570186129,262.0155398752782,0.0,0.0,19.453910122994274,22.977160349538204,237.88272345463114,28.441051141739828,19.506893787201535,413.12450348528776,486.8462436930765,6194.997218531504,0.0,0.0,49.729542275524838,59.04500211763208,461.5526767816691,0.0,19.56731909234992,66.0916948321233,22.0,30.0,0.0,19.702664255304357,64.71020201273639,12.0,30.0,0.0,19.645385330221069,65.15549799301232,22.0,30.0,0.0,19.605564899016089,66.11602347744571,12.0,30.0,0.0,17.780153883979055,75.95876472048485,12.0,30.0,0.0,19.651107974914078,67.79223947442722,12.0,30.0,0.0,18.791619943612635,70.203452185101,10.0,30.0,0.0,17.776051781467058,75.80634951422253,12.0,30.0,0.0,18.258251062457924,73.6744067053616,20.0,30.0,0.0,19.20421073991526,0.0,0.0,0.0,16.751026353630107,0.0,0.0,727.026229691412,685.7529986514776,696.1452284214789,738.6345647839812,834.1479352550791,1234.5204110307214,786.3485637398411,831.9924303832868,977.5288086991626,0.0,82.04422762748881,82.04422762748881,60.0,0.0,60.0,60.0,12.0,12.0,12.0,19.0,12.0,12.0,21.0,10.0,0.0,0.0,0.0,0.0,0.0,0.0,0.0,0.0,0.0,0.0,0.0,0.0,0.0,82.04422762748881,82.04422762748881,0.0,0.0,0.0,82.04422762748881,0.0,0.0,0.0017366666666666668 
 04/07  00:40:00,12.166666666666668,95.0,4.006666666666667,0.0,0.0,0.0,0.0,0.0,2.0,2.0,0.0,0.0,0.0,0.0,0.0,1009.0,0.0,0.0,0.0,0.0,0.0,0.0,0.0,0.0,0.0,0.0,0.0,19.637817244081647,-119.44208214642458,19.804479884777785,-16.64842243614703,19.79292473911449,-47.355213290484247,19.602345702394467,-108.4298472935352,17.761617715848595,5.070229881121861,19.435547534853769,-15.670318122689821,18.69560654980744,40.88266880509627,17.80670682650552,-47.142558389218837,18.302373394503439,-51.184161445785779,294.5626895338519,208.78252990448824,0.0,0.0,0.0,0.0,0.0,0.0,0.0,0.0,0.0,0.0,0.0,0.0,0.0,0.0,0.0,0.0,0.0,0.0,0.0,0.0,0.0,0.0,0.6571036915476268,0.20058110242601555,222.95388665291547,261.461097929048,3229.077440035181,0.1251026850313916,0.019093816396732543,87.72173326201816,102.7146655570783,1323.858000768173,0.6477343702385907,0.12239878500351304,245.80141084261778,287.80703289834829,3701.745496682191,0.10363247573063905,0.01958285633609959,150.84265192327008,176.83622654515569,2208.0889218145418,0.0,0.0,6.128840012868704,7.222908418545295,69.26360579593643,0.0,0.0,8.014970202896718,9.385342123388018,119.6986367503808,0.0,0.0,66.59165423474316,78.20622781184201,887.9238892197707,0.0,0.0,24.36360534414387,28.7186683814375,272.78720215854755,0.0,0.0,17.86580449298296,21.01304531118953,222.08168230067026,28.10473884973813,19.276226920259356,329.6424338315855,387.0095431801771,5008.22202745844,0.0,0.0,48.726860799194799,57.64599357702785,449.38050646348065,0.0,19.391423246787445,65.5543215531927,22.0,30.0,0.0,19.714336089364683,66.10287440041289,12.0,30.0,0.0,19.688629960904,66.66622817714402,22.0,30.0,0.0,19.48778370799739,65.1817581419253,12.0,30.0,0.0,17.77000235954445,75.59085796900972,12.0,30.0,0.0,19.625605368725418,67.54554781114297,12.0,30.0,0.0,18.805343087048074,70.51557358541469,10.0,30.0,0.0,17.71686490941988,75.73736612793315,12.0,30.0,0.0,18.344252058647048,73.02794046820587,20.0,30.0,0.0,19.17552832157161,0.0,0.0,0.0,16.705404546045349,0.0,0.0,671.4582145705236,755.9488807627658,780.8545818644233,675.6263715818224,820.0476645946782,1249.2967886696077,805.256965097208,823.571659705071,1000.4787013033507,0.0,82.04422762748881,82.04422762748881,60.0,0.0,60.0,60.0,12.0,12.0,12.0,19.0,12.0,12.0,21.0,10.0,0.0,0.0,0.0,0.0,0.0,0.0,0.0,0.0,0.0,0.0,0.0,0.0,0.0,82.04422762748881,82.04422762748881,0.0,0.0,0.0,82.04422762748881,0.0,0.0,0.00173 
 04/07  00:50:00,12.153333333333333,95.0,3.9283333333333334,0.0,0.0,0.0,0.0,0.0,2.0,2.0,0.0,0.0,0.0,0.0,0.0,1009.0,0.0,0.0,0.0,0.0,0.0,0.0,0.0,0.0,0.0,0.0,0.0,19.73857187851401,11.183146676063189,19.717617278899728,-144.96757178333065,19.668885374156888,-188.68581373607595,19.6301487692789,24.12289890165539,17.752086954844978,3.6675702030021286,19.41798572545853,-9.416534187888715,18.655766514557344,10.602290169808839,17.77252650457806,-48.962138170370398,18.334016109133694,-51.007630034991397,278.5109678269582,212.49656254339699,0.0,0.0,0.0,0.0,0.0,0.0,0.0,0.0,0.0,0.0,0.0,0.0,0.0,0.0,0.0,0.0,0.0,0.0,0.0,0.0,0.0,0.0,0.6100163740077625,0.1862076843735539,317.6444185521785,371.97657185439166,4769.731162783201,0.08623549504353526,0.013161705592725162,182.21971089501597,213.6329155432321,2700.9654244387854,0.5226851031535228,0.09876891593981915,302.84395673911765,355.1710703248089,4436.492524442942,0.1312652298857918,0.02480446520895536,172.6657604200975,202.2334434459747,2567.5384848574215,0.0,0.0,5.277714910604108,6.22002339877098,59.66965814919554,0.0,0.0,8.153225908015742,9.547690051602805,121.75313874389174,0.0,0.0,57.954744473862188,68.09794336197607,766.1906923320898,0.0,0.0,25.144422911318853,29.645596836050509,280.07987227512339,0.0,0.0,17.072463300495796,20.077276619109975,214.2795877406585,27.79885672366683,19.06643122336546,452.903717667714,531.6414131839763,6690.516582644435,0.0,0.0,48.18616759895652,57.00841231006849,441.88213200201218,0.0,19.65822319557822,66.52561318594162,22.0,30.0,0.0,19.570979243906128,63.21373281187288,12.0,30.0,0.0,19.4726643622472,63.60162800773429,22.0,30.0,0.0,19.592119230322166,67.05439231871864,12.0,30.0,0.0,17.759006110174423,75.52554215217624,12.0,30.0,0.0,19.611568959404989,67.46028170974413,12.0,30.0,0.0,18.7342977668242,69.44068506297822,10.0,30.0,0.0,17.674301966956575,75.41503164380777,12.0,30.0,0.0,18.392382448704557,72.50140980262462,20.0,30.0,0.0,19.120212861187729,0.0,0.0,0.0,16.665704181775199,0.0,0.0,767.1249444427272,591.0729128863778,591.5235806606937,784.2581817380885,822.7736806249235,1259.5171353526733,755.0427621633598,809.5499374005617,1009.0794610761673,0.0,82.04422762748881,82.04422762748881,60.0,0.0,60.0,60.0,12.0,12.0,12.0,19.0,12.0,12.0,21.0,10.0,0.0,0.0,0.0,0.0,0.0,0.0,0.0,0.0,0.0,0.0,0.0,0.0,0.0,82.04422762748881,82.04422762748881,0.0,0.0,0.0,82.04422762748881,0.0,0.0,0.0017266666666666666 
 04/07  01:00:00,12.14,95.0,3.85,0.0,0.0,0.0,0.0,0.0,2.0,2.0,0.0,0.0,0.0,0.0,0.0,2018.0,0.0,0.0,0.0,0.0,0.0,0.0,0.0,0.0,0.0,0.0,0.0,19.632128493131235,-81.02487109855156,19.699456547081995,-56.44282469128029,19.67219107756456,-83.14617232463297,19.58197626705973,-66.082638245829,17.744446592604377,4.233622119924817,19.399606934556244,-13.471160406213557,18.657157510212146,30.884438133186224,17.74275525884356,-52.70599992029412,18.357078983214266,-44.963811082712798,279.22033160795129,204.4315461961138,0.0,0.0,0.0,0.0,0.0,0.0,0.0,0.0,0.0,0.0,0.0,0.0,0.0,0.0,0.0,0.0,0.0,0.0,0.0,0.0,0.0,0.0,0.6379852692743544,0.1947451981911949,285.0739049288598,335.50349860358826,4176.584701742909,0.11576647932320342,0.0176688765755805,143.5044817018205,168.74253999368967,2134.934108043312,0.6121612639445733,0.1156767316599723,276.16556606047416,324.9553952165519,4088.9327898885505,0.11158336798489244,0.021085292514152005,157.89350598687379,185.84761203224003,2323.907771121557,0.0,0.0,5.933215776243605,7.022532214186381,67.1210296752027,0.0,0.0,8.216769131048494,9.661213667174306,122.56483629095874,0.0,0.0,62.08711054548147,73.23618300042222,824.1810458499019,0.0,0.0,26.192374537060336,31.002321120752656,290.55016680120897,0.0,0.0,14.739066908528262,17.39820591961591,186.22725755213959,27.499595428876103,18.861176563015165,401.93524812407989,473.7816435415837,5986.966412813061,0.0,0.0,46.36091736554468,55.07252623497183,421.3019150642629,0.0,19.463650853555025,65.98728718040583,22.0,30.0,0.0,19.58788806496767,64.76592978145259,12.0,30.0,0.0,19.53592085027519,65.17806003215446,22.0,30.0,0.0,19.508813190342786,65.96115219241882,12.0,30.0,0.0,17.752426400227525,75.3121024761845,12.0,30.0,0.0,19.594046882560308,67.33876671635929,12.0,30.0,0.0,18.751348743789739,69.73440014447178,10.0,30.0,0.0,17.640825536375727,75.53762341033183,12.0,30.0,0.0,18.4254200228974,72.23176629510066,20.0,30.0,0.0,19.119306557367417,0.0,0.0,0.0,16.613234630750747,0.0,0.0,708.4862993594617,671.032778723935,682.0420939894202,720.0232396565743,814.7486301847443,1262.043239001606,768.4281975981404,812.9375104578105,1023.678556635281,0.0,82.04422762748881,82.04422762748881,60.0,0.0,60.0,60.0,12.0,12.0,12.0,19.0,12.0,12.0,21.0,10.0,0.0,0.0,0.0,0.0,0.0,0.0,0.0,0.0,0.0,0.0,0.0,0.0,0.0,82.04422762748881,82.04422762748881,0.0,0.0,0.0,82.04422762748881,0.0,0.0,0.0017233333333333335 
 04/07  01:10:00,12.106666666666668,95.16666666666667,3.8433333333333339,0.0,0.0,0.0,0.0,0.0,2.0,2.0,0.0,0.0,0.0,0.0,0.0,1009.0,0.0,0.0,0.0,0.0,0.0,0.0,0.0,0.0,0.0,0.0,0.0,19.529982108462769,-110.28263137256454,19.687256624039607,-15.541948812715419,19.674700922598949,-43.884538470196279,19.511642327712573,-102.40544669987958,17.734350482475774,4.515631060969326,19.377279180902478,-13.46785378270829,18.647749886287334,33.577465177834259,17.705379854470857,-52.338601488025577,18.386190224723078,-40.484789001694938,275.15919182323708,201.06088624990617,0.0,0.0,0.0,0.0,0.0,0.0,0.0,0.0,0.0,0.0,0.0,0.0,0.0,0.0,0.0,0.0,0.0,0.0,0.0,0.0,0.0,0.0,0.6591512531068751,0.20120612121699484,214.5213804852562,251.63717982547133,3095.545494118874,0.1254399229713576,0.01914528738879084,85.32832549485953,99.94568762648396,1279.0587641796199,0.6466485277050911,0.12219359933958642,240.59692358673699,281.80480642177369,3601.0070565578964,0.10377589038776204,0.019609956611444068,149.53432106120369,175.34708000080114,2181.3412264206765,0.0,0.0,6.109106102311875,7.200283755661753,69.41683360735603,0.0,0.0,7.817462199012989,9.15577967949124,116.81256438231293,0.0,0.0,62.56239342103861,73.48721618296098,834.1413049205133,0.0,0.0,26.597966805188308,31.36542534455942,294.45724177554777,0.0,0.0,13.077661410489683,15.374210162511434,167.370868570112,27.379101890151085,18.77853353233957,321.98800058948117,378.1014948930438,4871.906149636806,0.0,0.0,44.837798316135359,53.06926325411974,406.341280435629,0.0,19.30314141555885,65.37008834666627,22.0,30.0,0.0,19.601594799447505,66.05907400303124,12.0,30.0,0.0,19.580405652856127,66.58310702686372,22.0,30.0,0.0,19.401504345735419,64.97630616278858,12.0,30.0,0.0,17.741157127016547,74.97111936457149,12.0,30.0,0.0,19.569663918806154,67.07251112115381,12.0,30.0,0.0,18.744737907120098,70.15936611767273,10.0,30.0,0.0,17.592932728469294,75.5689610939373,12.0,30.0,0.0,18.47158033601029,71.82065370254233,20.0,30.0,0.0,19.087448665955038,0.0,0.0,0.0,16.564726911763797,0.0,0.0,653.791166109171,737.7572948702576,763.0202554275354,657.4266821272395,801.4502459774543,1266.5610209224613,785.1222704012623,810.6762875761048,1047.393677279648,0.0,82.04422762748881,82.04422762748881,60.0,0.0,60.0,60.0,12.0,12.0,12.0,19.0,12.0,12.0,21.0,10.0,0.0,0.0,0.0,0.0,0.0,0.0,0.0,0.0,0.0,0.0,0.0,0.0,0.0,82.04422762748881,82.04422762748881,0.0,0.0,0.0,82.04422762748881,0.0,0.0,0.00172 
 04/07  01:20:00,12.073333333333335,95.33333333333334,3.836666666666667,0.0,0.0,0.0,0.0,0.0,2.0,2.0,0.0,0.0,0.0,0.0,0.0,1009.0,0.0,0.0,0.0,0.0,0.0,0.0,0.0,0.0,0.0,0.0,0.0,19.622814461290174,11.223334056712702,19.607087319261664,-135.81652119323736,19.558768434960297,-179.52962406023654,19.53798126028436,21.31838542387959,17.723457086125309,2.687285788773295,19.359906444771228,-7.995329802039748,18.606326244957047,7.163189503625745,17.67391809981248,-53.664978919436297,18.405560955293539,-40.62726447998682,265.121019623326,203.8836499523427,0.0,0.0,0.0,0.0,0.0,0.0,0.0,0.0,0.0,0.0,0.0,0.0,0.0,0.0,0.0,0.0,0.0,0.0,0.0,0.0,0.0,0.0,0.6115926775838029,0.18668885152130736,308.7496953378186,361.6556289122335,4618.568902160784,0.08883415956401812,0.013558327161785428,176.823606920402,207.34563657717596,2613.6400181006335,0.5286555306585894,0.09989711463692169,293.92168626127246,344.76512711379487,4297.319186976997,0.13033196689642943,0.024628111658433369,166.20140399007864,194.70290520543836,2467.325316021525,0.0,0.0,5.174800043063393,6.098885144445403,59.01152633508244,0.0,0.0,7.865522727341022,9.211853574664616,117.8240922668545,0.0,0.0,54.68060353678556,64.2580529638304,725.0485548788457,0.0,0.0,26.917007603475648,31.745607935263175,297.8306139359558,0.0,0.0,12.761488018521856,15.00034077692272,164.84807628991764,27.280942774498468,18.711209036007188,439.0731807934343,515.4935116852636,6488.957617949936,0.0,0.0,44.54835338250917,52.72519514794147,403.2389847350479,0.0,19.54831442549841,66.45549418824476,22.0,30.0,0.0,19.469185368167858,63.292290354736447,12.0,30.0,0.0,19.37710750511551,63.65226913595849,22.0,30.0,0.0,19.499114197360876,66.89847366611527,12.0,30.0,0.0,17.72845385343885,74.92652091649242,12.0,30.0,0.0,19.555416040694174,67.01087518877269,12.0,30.0,0.0,18.674170953164297,69.05756079276725,10.0,30.0,0.0,17.556601359393694,75.25422931709673,12.0,30.0,0.0,18.499114757873366,71.46822955439973,20.0,30.0,0.0,19.037989637305175,0.0,0.0,0.0,16.525857782867197,0.0,0.0,749.0894770940028,581.1452183718465,581.5336425931433,766.369439071862,801.9632018079678,1271.5408873754687,736.3625157770495,797.1175269739291,1059.2351187005475,0.0,82.04422762748881,82.04422762748881,60.0,0.0,60.0,60.0,12.0,12.0,12.0,19.0,12.0,12.0,21.0,10.0,0.0,0.0,0.0,0.0,0.0,0.0,0.0,0.0,0.0,0.0,0.0,0.0,0.0,82.04422762748881,82.04422762748881,0.0,0.0,0.0,82.04422762748881,0.0,0.0,0.0017333333333333335 
 04/07  01:30:00,12.04,95.5,3.83,0.0,0.0,0.0,0.0,0.0,2.0,2.0,0.0,0.0,0.0,0.0,0.0,2018.0,0.0,0.0,0.0,0.0,0.0,0.0,0.0,0.0,0.0,0.0,0.0,19.524457952210299,-75.48167530839328,19.5895160642522,-54.04270323810624,19.56209113508163,-80.01301921467348,19.49278804518834,-63.504446249543438,17.714885086879023,3.4090784725399319,19.34181171105023,-12.081322816307278,18.603728846197066,25.642507707985147,17.645586620053,-57.20788730555631,18.42341290145349,-30.210844084166156,267.68453278803556,192.4223030123353,0.0,0.0,0.0,0.0,0.0,0.0,0.0,0.0,0.0,0.0,0.0,0.0,0.0,0.0,0.0,0.0,0.0,0.0,0.0,0.0,0.0,0.0,0.6394742657837662,0.19519971483020949,275.5691426060099,324.3440719973305,4040.8463823147419,0.11639828741480166,0.017765306381990487,138.58679950355677,162.97940941573826,2060.921874064283,0.6112870354268488,0.11551153352737133,268.5965427443073,316.0874015109789,3977.2931703163169,0.11120442036055059,0.021013684875387484,153.70557856809988,180.94383319584669,2265.9263301074818,0.0,0.0,5.87741242907861,6.956056162882049,67.28639611165916,0.0,0.0,7.845614477555471,9.2245168130598,117.70239966868545,0.0,0.0,57.877894640058759,68.27173766298707,772.192535258026,0.0,0.0,27.665658187639094,32.7530215201939,306.12103192435748,0.0,0.0,9.827560624719542,11.592570589134152,128.0298651856276,27.184975891758677,18.64538812877825,389.6624119355761,459.3471320832713,5819.8051460247029,0.0,0.0,42.01029547752479,49.917686035177187,378.21534110620936,0.0,19.36848281928051,65.83767055825487,22.0,30.0,0.0,19.484239475563699,64.7505829667111,12.0,30.0,0.0,19.436158953674878,65.15165448339136,22.0,30.0,0.0,19.420830161786744,65.76831697313642,12.0,30.0,0.0,17.721054991318068,74.72421450809512,12.0,30.0,0.0,19.537982499192134,66.8968916104083,12.0,30.0,0.0,18.68557535426492,69.39165714560613,10.0,30.0,0.0,17.526464611044014,75.37938046211144,12.0,30.0,0.0,18.52528763142162,71.24376546927577,20.0,30.0,0.0,19.029631597071295,0.0,0.0,0.0,16.470459473377028,0.0,0.0,690.5204951113256,656.2505046921847,668.4861010922135,701.9372577317663,793.3135755742476,1271.5639469198052,743.4038130497606,799.218349824261,1081.2592646209274,0.0,82.04422762748881,82.04422762748881,60.0,0.0,60.0,60.0,12.0,12.0,12.0,19.0,12.0,12.0,21.0,10.0,0.0,0.0,0.0,0.0,0.0,0.0,0.0,0.0,0.0,0.0,0.0,0.0,0.0,82.04422762748881,82.04422762748881,0.0,0.0,0.0,82.04422762748881,0.0,0.0,0.0017466666666666668 
 04/07  01:40:00,12.006666666666668,95.66666666666667,3.8233333333333334,0.0,0.0,0.0,0.0,0.0,2.0,2.0,0.0,0.0,0.0,0.0,0.0,1009.0,0.0,0.0,0.0,0.0,0.0,0.0,0.0,0.0,0.0,0.0,0.0,19.427896468522087,-104.24557142179038,19.578566494916715,-14.207821811529812,19.566145451251808,-40.20101284735574,19.42549597045688,-99.80829738287048,17.70382425234458,3.9476251906733639,19.319631172011698,-12.486725527630881,18.591531082478605,28.392758559670257,17.61005033717292,-56.809568498864908,18.452426426258634,-16.352039374508395,262.75143502627909,180.74412889080987,0.0,0.0,0.0,0.0,0.0,0.0,0.0,0.0,0.0,0.0,0.0,0.0,0.0,0.0,0.0,0.0,0.0,0.0,0.0,0.0,0.0,0.0,0.6601247212923938,0.20150327267777588,204.8452680662761,240.31516021359665,2961.4349491064328,0.12539024404220368,0.019137705134646474,81.50160127901676,95.48081479348369,1221.2051749649443,0.6447125887718056,0.12182777565604797,234.46347378650447,274.66721856992316,3509.7325159544759,0.10390681668784002,0.01963469703095994,147.72817460865077,173.24797390745875,2159.6328191773479,0.0,0.0,6.121597184780335,7.214709742081927,70.37648717299465,0.0,0.0,7.714434074268371,9.035562357442597,115.92957674234479,0.0,0.0,57.39114485849758,67.41818466539778,768.6239991842733,0.0,0.0,27.98743654956273,33.0112158618276,309.2604956033912,0.0,0.0,7.279782578230739,8.553571000584146,96.04746135255573,27.068789214041755,18.56569904941136,311.9055983737671,366.29578905746436,4731.297637329084,0.0,0.0,38.6285814160943,45.736353336040519,345.9770254629277,0.0,19.215589856153686,65.20750331200678,22.0,30.0,0.0,19.49775620362806,65.9345156451306,12.0,30.0,0.0,19.480862726046547,66.43810735040069,22.0,30.0,0.0,19.31732649223905,64.78847557283923,12.0,30.0,0.0,17.70882215742051,74.40754103851816,12.0,30.0,0.0,19.51323080351864,66.62880231028444,12.0,30.0,0.0,18.675107860550779,69.83109980117939,10.0,30.0,0.0,17.482278964470809,75.41221190637812,12.0,30.0,0.0,18.573280885970055,70.85648905860659,20.0,30.0,0.0,18.993709299543469,0.0,0.0,0.0,16.41122944802133,0.0,0.0,637.3874122503836,718.1825516858127,744.3096607601971,640.4640261297271,779.0863798427495,1266.5009346337543,751.1936275515154,794.5721012822123,1125.4630588853493,0.0,82.04422762748881,82.04422762748881,60.0,0.0,60.0,60.0,12.0,12.0,12.0,19.0,12.0,12.0,21.0,10.0,0.0,0.0,0.0,0.0,0.0,0.0,0.0,0.0,0.0,0.0,0.0,0.0,0.0,82.04422762748881,82.04422762748881,0.0,0.0,0.0,82.04422762748881,0.0,0.0,0.00176 
 04/07  01:50:00,11.973333333333333,95.83333333333333,3.816666666666667,0.0,0.0,0.0,0.0,0.0,2.0,2.0,0.0,0.0,0.0,0.0,0.0,1009.0,0.0,0.0,0.0,0.0,0.0,0.0,0.0,0.0,0.0,0.0,0.0,19.51497776595658,11.778107686408476,19.50216691044198,-130.54484344695994,19.4535905590174,-174.7348886384243,19.450873897667948,19.472537646837738,17.69177280379509,1.742364196958846,19.302680064587368,-7.280041382617696,18.549838388151899,3.671072162117298,17.578869281127934,-58.74362225231528,18.471243031821506,-20.248464364972706,255.84288717621349,187.12699350319327,0.0,0.0,0.0,0.0,0.0,0.0,0.0,0.0,0.0,0.0,0.0,0.0,0.0,0.0,0.0,0.0,0.0,0.0,0.0,0.0,0.0,0.0,0.6126619325353045,0.18701524192164366,301.45530100553148,353.17418087436587,4508.363092573502,0.09102567378388703,0.013892807354073113,172.0643704153886,201.78653145503979,2544.0124405560138,0.5326111585457447,0.10064458778264265,286.5730435303912,336.1780743670924,4192.959168194306,0.1293239400269047,0.024437630390571554,160.33618587818749,187.8565711454359,2384.003298115862,0.0,0.0,5.134219079482084,6.050823271308027,59.21971880701304,0.0,0.0,7.596814876219204,8.897537839671323,114.45507658342388,0.0,0.0,50.051132435263287,58.822149846418039,666.8248975800952,0.0,0.0,28.227447011561944,33.29809055745706,311.7773691349429,0.0,0.0,7.135646865478861,8.382843689870976,94.97670934308208,26.96968802363664,18.49772841127342,427.3286485928626,501.7560214481883,6335.522269876583,0.0,0.0,39.363467598578527,46.60528702621892,352.36222955764716,0.0,19.445850328864976,66.32402446587186,22.0,30.0,0.0,19.370850967416087,63.37113594230567,12.0,30.0,0.0,19.281896514645337,63.71566186026902,22.0,30.0,0.0,19.410737498621509,66.70315023014472,12.0,30.0,0.0,17.6946545911132,74.3821760092554,12.0,30.0,0.0,19.499638331163977,66.58098878063345,12.0,30.0,0.0,18.60627274396711,68.69815824725014,10.0,30.0,0.0,17.44649903412174,75.13662611039452,12.0,30.0,0.0,18.599366718720164,70.62238103747235,20.0,30.0,0.0,18.953908797218604,0.0,0.0,0.0,16.375270320506876,0.0,0.0,729.674416047125,572.205825014431,572.39713356851,747.1058337190073,774.7263786748273,1266.2946042929764,702.3756470642055,781.36690346778,1158.5215479537172,0.0,82.04422762748881,82.04422762748881,60.0,0.0,60.0,60.0,12.0,12.0,12.0,19.0,12.0,12.0,21.0,10.0,0.0,0.0,0.0,0.0,0.0,0.0,0.0,0.0,0.0,0.0,0.0,0.0,0.0,82.04422762748881,82.04422762748881,0.0,0.0,0.0,82.04422762748881,0.0,0.0,0.0017733333333333334 
 04/07  02:00:00,11.94,96.0,3.81,0.0,0.0,0.0,0.0,0.0,2.0,2.0,0.0,0.0,0.0,0.0,0.0,2018.0,0.0,0.0,0.0,0.0,0.0,0.0,0.0,0.0,0.0,0.0,0.0,19.422991551827118,-72.48668789690783,19.48548789203642,-51.6299467757417,19.45772598403946,-76.22577766248196,19.40760441787497,-62.212610660533758,17.68282645610199,2.90603406990175,19.2849218123287,-11.44300678244116,18.54355459741219,19.82029209672112,17.550864060144908,-61.93550867413637,18.48722077859437,-12.78366095440478,257.03826001846758,179.9665868336209,0.0,0.0,0.0,0.0,0.0,0.0,0.0,0.0,0.0,0.0,0.0,0.0,0.0,0.0,0.0,0.0,0.0,0.0,0.0,0.0,0.0,0.0,0.6406840877901433,0.19556901336695463,265.8067720300165,312.8782163590762,3903.226895603003,0.11701917277968625,0.01786006910556872,133.4292603589015,156.9314731786722,1984.5860462157598,0.611606870773989,0.11557197104572738,260.901055246388,307.0712887596453,3865.712635269567,0.110902165512925,0.020956569446886808,149.22264251864437,175.69303392252125,2204.1421026998489,0.0,0.0,5.928536541247597,7.015608463446194,68.64796463515977,0.0,0.0,7.605038499784035,8.941105159177875,114.76215767381064,0.0,0.0,54.44185270871716,64.22566941661091,729.1746389191708,0.0,0.0,28.90721082964545,34.22894288501914,319.3377829589413,0.0,0.0,8.935465350838279,10.539029967520916,119.82739836291785,26.876282316657233,18.433664140368479,376.87962175653225,444.3141911423214,5645.646038594223,0.0,0.0,37.97702133879303,45.139461608479638,338.5822369512233,0.0,19.277711819575815,65.67854195261097,22.0,30.0,0.0,19.385066938352673,64.71755182194055,12.0,30.0,0.0,19.340011570387675,65.11145206559954,22.0,30.0,0.0,19.335535124072018,65.5686788128507,12.0,30.0,0.0,17.68741929250066,74.1852921648269,12.0,30.0,0.0,19.482989360876077,66.45401848077498,12.0,30.0,0.0,18.611755299057259,69.10012870431581,10.0,30.0,0.0,17.417124332694998,75.2549911680834,12.0,30.0,0.0,18.621840613631436,70.31989466226881,20.0,30.0,0.0,18.94043741644377,0.0,0.0,0.0,16.326266016931166,0.0,0.0,672.3031037974122,641.3970550458359,654.5979526427811,682.8455949974784,765.8681077719518,1260.8849172328369,713.7765814577933,781.5733749906069,1157.5717019682589,0.0,82.04422762748881,82.04422762748881,60.0,0.0,60.0,60.0,12.0,12.0,12.0,19.0,12.0,12.0,21.0,10.0,0.0,0.0,0.0,0.0,0.0,0.0,0.0,0.0,0.0,0.0,0.0,0.0,0.0,82.04422762748881,82.04422762748881,0.0,0.0,0.0,82.04422762748881,0.0,0.0,0.0017866666666666665 
 04/07  02:10:00,11.911666666666666,96.16666666666666,3.896666666666667,0.0,0.0,0.0,0.0,0.0,2.0,2.0,0.0,0.0,0.0,0.0,0.0,1009.0,0.0,0.0,0.0,0.0,0.0,0.0,0.0,0.0,0.0,0.0,0.0,19.33047382890218,-99.2867769143786,19.475080351642555,-12.766975898782676,19.463259890317788,-36.796628738920848,19.342582149434205,-97.66415047305327,17.671097707498399,3.470782040189107,19.262541116120447,-12.202159978803195,18.528506048993238,22.682562974855956,17.515871211387848,-61.384467900644157,18.505287580736586,-14.225392715494877,252.92497145549533,182.98500729945773,0.0,0.0,0.0,0.0,0.0,0.0,0.0,0.0,0.0,0.0,0.0,0.0,0.0,0.0,0.0,0.0,0.0,0.0,0.0,0.0,0.0,0.0,0.6547810789464875,0.19987212422053955,194.60658113714795,228.32212918662618,2817.677553265974,0.12412352112008159,0.018944371355323808,77.08118231938575,90.31562015084205,1154.4256934377934,0.6372280710329839,0.12041346769330765,227.10280263013309,266.0807727102885,3399.6507363780999,0.10329517707675402,0.01951911887315835,144.732214008133,169.74707652733088,2119.577058288175,0.0,0.0,6.1949003599048739,7.300651472570084,71.95865045260133,0.0,0.0,7.637126737465111,8.945242279781212,115.35946562733635,0.0,0.0,56.22500041349003,66.05321756262885,754.8884873524189,0.0,0.0,29.14349626475069,34.38084477772319,321.28370109865969,0.0,0.0,10.320145711828001,12.120655359351316,139.5967363848628,26.970711283598928,18.498430235664566,299.84947898844106,352.1647005197479,4560.77752842091,0.0,0.0,38.216272300085929,45.25739588617116,340.1949005489479,0.0,19.130790970992288,65.05957033523099,22.0,30.0,0.0,19.398648905998689,65.77448834744617,12.0,30.0,0.0,19.385735236932736,66.25671915378463,22.0,30.0,0.0,19.235568142215404,64.6129195179447,12.0,30.0,0.0,17.674505791756848,73.8855481581645,12.0,30.0,0.0,19.458171958040233,66.17273028644233,12.0,30.0,0.0,18.597279733845899,69.58486444804804,10.0,30.0,0.0,17.37424362124977,75.31140654892374,12.0,30.0,0.0,18.64851964563027,69.86729363037034,20.0,30.0,0.0,18.897333114805,0.0,0.0,0.0,16.28871958027963,0.0,0.0,620.9030278468516,697.5091629599813,723.5399468527172,622.6509313872164,752.2628832565761,1242.9817684206485,732.5886853512428,787.8469957559189,1143.8559139002715,0.0,82.04422762748881,82.04422762748881,60.0,0.0,60.0,60.0,12.0,12.0,12.0,19.0,12.0,12.0,21.0,10.0,0.0,0.0,0.0,0.0,0.0,0.0,0.0,0.0,0.0,0.0,0.0,0.0,0.0,82.04422762748881,82.04422762748881,0.0,0.0,0.0,82.04422762748881,0.0,0.0,0.0018 
 04/07  02:20:00,11.883333333333333,96.33333333333333,3.983333333333334,0.0,0.0,0.0,0.0,0.0,2.0,2.0,0.0,0.0,0.0,0.0,0.0,1009.0,0.0,0.0,0.0,0.0,0.0,0.0,0.0,0.0,0.0,0.0,0.0,19.412208258587019,12.151576526166537,19.40018823267804,-126.74681103871444,19.35211522357958,-172.04914627676045,19.36650727942881,17.697766148085976,17.65862994409177,1.5640769706873244,19.244926714759445,-7.805573553757711,18.4872320496996,0.03259034002394401,17.486247946549619,-62.00445442340026,18.51669126816855,-14.925466782656259,251.36700418282818,186.45748790454719,0.0,0.0,0.0,0.0,0.0,0.0,0.0,0.0,0.0,0.0,0.0,0.0,0.0,0.0,0.0,0.0,0.0,0.0,0.0,0.0,0.0,0.0,0.6040071214994207,0.18437335821105639,293.8262043055479,344.2794871515941,4389.476893968916,0.09114684282400088,0.013911300797313932,167.1242290587421,196.00424395704466,2468.8350429241706,0.5268330058057383,0.0995527221855137,278.8179649736644,327.09658026141286,4077.3742923913198,0.1265235830276607,0.02390846240129642,154.12848414489788,180.59895104373,2292.8665147021627,0.0,0.0,5.302243232283783,6.24830359838165,61.73502937646791,0.0,0.0,7.551362010174175,8.844367449156606,114.25530341745707,0.0,0.0,48.271915784830607,56.73324788083907,644.4760763228256,0.0,0.0,29.290249570926894,34.55622463045063,322.65365576247788,0.0,0.0,9.481878838583823,11.134491195055606,129.05743725426218,27.072464097475295,18.568219545593487,414.4654757927734,486.68623829063537,6159.079922291233,0.0,0.0,38.37873492701546,45.44783232659967,341.1927969614279,0.0,19.34766421082616,66.15832353122275,22.0,30.0,0.0,19.27444396965881,63.45394405815337,12.0,30.0,0.0,19.188049999345944,63.78765142510513,22.0,30.0,0.0,19.324863910261546,66.47609577106099,12.0,30.0,0.0,17.66023112407256,73.88353104244516,12.0,30.0,0.0,19.443061127808439,66.1427624221875,12.0,30.0,0.0,18.530925209832924,68.47310982817501,10.0,30.0,0.0,17.341796142897935,75.09935652550399,12.0,30.0,0.0,18.663497887224208,69.69400662059342,20.0,30.0,0.0,18.865966613422555,0.0,0.0,0.0,16.25457141143742,0.0,0.0,709.0689206355244,563.7313309587441,564.0517594131133,724.2573861490404,752.3167620338694,1235.5830126968122,681.2869193808796,790.0613324027609,1145.8520153486639,0.0,82.04422762748881,82.04422762748881,60.0,0.0,60.0,60.0,12.0,12.0,12.0,19.0,12.0,12.0,21.0,10.0,0.0,0.0,0.0,0.0,0.0,0.0,0.0,0.0,0.0,0.0,0.0,0.0,0.0,82.04422762748881,82.04422762748881,0.0,0.0,0.0,82.04422762748881,0.0,0.0,0.00181 
 04/07  02:30:00,11.855,96.5,4.07,0.0,0.0,0.0,0.0,0.0,2.0,2.0,0.0,0.0,0.0,0.0,0.0,1009.0,0.0,0.0,0.0,0.0,0.0,0.0,0.0,0.0,0.0,0.0,0.0,19.257032959350796,-109.87066986032369,19.406021298775508,0.6516686257318725,19.398230507301514,-16.926363308282818,19.28777979896357,-107.70902638843563,17.648529115250427,3.64451664772875,19.223053735597419,-14.098881936423368,18.492255841216378,28.54792154876941,17.45667661618402,-63.10015646513784,18.52460289599344,-17.18895353325661,263.7852015259705,188.0012227317609,0.0,0.0,0.0,0.0,0.0,0.0,0.0,0.0,0.0,0.0,0.0,0.0,0.0,0.0,0.0,0.0,0.0,0.0,0.0,0.0,0.0,0.0,0.6537971468336006,0.19957177864273524,265.94683454098876,312.04824952602908,3835.730266617528,0.12986347194685089,0.019820432226320345,119.27529996251262,139.75150044891843,1783.2320500528213,0.6538683671039979,0.12355789249886586,282.2410630503477,330.67863502553817,4222.546477204434,0.09713781196194696,0.01835559560883351,171.69979274739098,201.377685899404,2514.0238225903779,0.0,0.0,6.534683889369465,7.700512524964845,76.33150864078316,0.0,0.0,7.739827853171741,9.06544881074979,117.16039025993108,0.0,0.0,57.83411018647299,67.94002894727149,778.6635988095634,0.0,0.0,29.76305863089541,35.11323616470061,327.60785027944447,0.0,0.0,12.281562810230888,14.421095298813626,168.0606908210252,27.18130011370964,18.642867019005246,397.68038335097449,466.9982325370267,5962.538362215772,0.0,0.0,38.86242387277288,46.025365295291567,344.9406718926619,0.0,19.052571218565917,65.1245231910766,22.0,30.0,0.0,19.33285892850757,66.06182405937274,12.0,30.0,0.0,19.32862843089491,66.34479277103557,22.0,30.0,0.0,19.178936817200186,64.58856302333618,12.0,30.0,0.0,17.651288183872788,73.57233137489404,12.0,30.0,0.0,19.41853737518527,65.91877679085208,12.0,30.0,0.0,18.560159679198486,69.46722927155123,10.0,30.0,0.0,17.309236920153017,75.32688422500222,12.0,30.0,0.0,18.672763713918834,69.28884835133464,20.0,30.0,0.0,18.88153504555609,0.0,0.0,0.0,16.219245478935475,0.0,0.0,612.2661062345485,702.0895543816318,718.984998648978,612.5545884979609,741.5023151437875,1217.7037078022939,729.4290473845115,804.0999859814159,1113.6828337903058,0.0,82.04422762748881,82.04422762748881,60.0,0.0,60.0,60.0,12.0,12.0,12.0,19.0,12.0,12.0,21.0,10.0,0.0,0.0,0.0,0.0,0.0,0.0,0.0,0.0,0.0,0.0,0.0,0.0,0.0,82.04422762748881,82.04422762748881,0.0,0.0,0.0,82.04422762748881,0.0,0.0,0.0018199999999999998 
 04/07  02:40:00,11.826666666666667,96.66666666666666,4.156666666666667,0.0,0.0,0.0,0.0,0.0,2.0,2.0,0.0,0.0,0.0,0.0,0.0,1009.0,0.0,0.0,0.0,0.0,0.0,0.0,0.0,0.0,0.0,0.0,0.0,19.344674868520629,14.686535626922705,19.337087842896588,-117.7438726756236,19.29603908599084,-160.8318591978441,19.311129072692589,18.311255146179975,17.635999286769914,1.3318999714899463,19.205102623709089,-8.38317126916536,18.446178984773576,-4.7647390811639529,17.427925107537165,-63.47217764069137,18.531330365742475,-16.32588427916886,249.02906933057603,192.4736860579976,0.0,0.0,0.0,0.0,0.0,0.0,0.0,0.0,0.0,0.0,0.0,0.0,0.0,0.0,0.0,0.0,0.0,0.0,0.0,0.0,0.0,0.0,0.5987371229322406,0.182764689539756,305.4727995725758,357.92133081753885,4559.306257594205,0.08770853614694088,0.013386528715955569,174.05996824134506,204.13825602199496,2571.119524608076,0.5142446516426963,0.09717397045402428,285.76434792979628,335.22959578565959,4185.9876827789389,0.12459965159431366,0.023544907708676043,154.86442031234535,181.45816662334577,2304.041362793401,0.0,0.0,5.31433477472546,6.262043788581687,62.22456486798862,0.0,0.0,7.872768911340878,9.22062003063455,119.36467495959096,0.0,0.0,47.01019494256383,55.24886084491621,628.3663087120173,0.0,0.0,29.817424525211427,35.179556301098,328.03790374270116,0.0,0.0,11.214757780266819,13.16671642690756,154.26852326867454,27.260621248834526,18.69727108973562,428.16393641933947,502.7789353274462,6350.198632970338,0.0,0.0,38.93402173778959,46.10773839324974,345.3722007815583,0.0,19.28508681813138,66.3559265150347,22.0,30.0,0.0,19.217956247540479,63.47448036484712,12.0,30.0,0.0,19.145039865269437,63.75873258674135,22.0,30.0,0.0,19.26943909379178,66.55647333752998,12.0,30.0,0.0,17.63723321761114,73.59933402756639,12.0,30.0,0.0,19.402921170080455,65.94579857713707,12.0,30.0,0.0,18.482592745314567,68.46072677065648,10.0,30.0,0.0,17.278218701438033,75.09818211696072,12.0,30.0,0.0,18.681384607408054,69.16676056178733,20.0,30.0,0.0,18.806747301919456,0.0,0.0,0.0,16.18834075868636,0.0,0.0,709.472927430644,556.7854458976809,557.5574263593378,717.7991816880148,745.0905208791884,1210.2769624500925,684.1815220295636,807.4253766890962,1112.2612234365179,0.0,82.04422762748881,82.04422762748881,60.0,0.0,60.0,60.0,12.0,12.0,12.0,19.0,12.0,12.0,21.0,10.0,0.0,0.0,0.0,0.0,0.0,0.0,0.0,0.0,0.0,0.0,0.0,0.0,0.0,82.04422762748881,82.04422762748881,0.0,0.0,0.0,82.04422762748881,0.0,0.0,0.0018299999999999999 
 04/07  02:50:00,11.798333333333334,96.83333333333334,4.243333333333333,0.0,0.0,0.0,0.0,0.0,2.0,2.0,0.0,0.0,0.0,0.0,0.0,1009.0,0.0,0.0,0.0,0.0,0.0,0.0,0.0,0.0,0.0,0.0,0.0,19.191423297913667,-108.05945103219529,19.341875609276124,0.29202798685128075,19.336835117410155,-18.284192843644634,19.233101323319766,-107.5510242148348,17.625325754059646,3.4199914060207847,19.183009630054394,-14.782372460046588,18.450176091692528,25.92568886446861,17.399283864318428,-64.33700035127288,18.535038420125816,-19.30253099697302,264.7294341018078,193.26895912693545,0.0,0.0,0.0,0.0,0.0,0.0,0.0,0.0,0.0,0.0,0.0,0.0,0.0,0.0,0.0,0.0,0.0,0.0,0.0,0.0,0.0,0.0,0.6491803645199036,0.198162504432205,264.44439926228275,310.2914805902668,3811.707155637664,0.12977745659318799,0.019807304119839439,121.54018157316074,142.4023896348044,1816.0761370193976,0.6449949231734,0.121881126827929,276.6437886344943,324.1134460863817,4139.053524549448,0.09608225796018152,0.01815613340139484,169.48403436867126,198.77906275695649,2482.0620398308008,0.0,0.0,6.592145240956118,7.767559081691688,77.42404019291799,0.0,0.0,8.040793956873502,9.417740439017525,121.9603265239455,0.0,0.0,57.64777387910281,67.71818420331937,776.9250129026185,0.0,0.0,30.227517553844405,35.66243451834306,332.38265002631717,0.0,0.0,13.499532310117731,15.848210186502712,186.52817542636914,27.373140524665759,18.77444480429751,394.24281099569989,462.95026135419109,5921.793118265241,0.0,0.0,39.35020326434294,46.6049531783774,348.5609343321028,0.0,18.991745896776729,65.13909653138276,22.0,30.0,0.0,19.27240013247208,66.24855064548878,12.0,30.0,0.0,19.27266442865925,66.45892333531549,22.0,30.0,0.0,19.124099712966478,64.57187772867793,12.0,30.0,0.0,17.627420524156844,73.32810696183683,12.0,30.0,0.0,19.377913555490978,65.7436452567332,12.0,30.0,0.0,18.510645106942428,69.55675816506717,10.0,30.0,0.0,17.247190014030637,75.31321840855208,12.0,30.0,0.0,18.684779768167809,68.82391695943156,20.0,30.0,0.0,18.831062836259649,0.0,0.0,0.0,16.15372631568329,0.0,0.0,604.3735168731251,702.4093459731307,715.5712944341208,602.9370378801299,737.9748070814389,1193.7038776919636,734.7338641071957,820.5508492330798,1085.4840309078325,0.0,82.04422762748881,82.04422762748881,60.0,0.0,60.0,60.0,12.0,12.0,12.0,19.0,12.0,12.0,21.0,10.0,0.0,0.0,0.0,0.0,0.0,0.0,0.0,0.0,0.0,0.0,0.0,0.0,0.0,82.04422762748881,82.04422762748881,0.0,0.0,0.0,82.04422762748881,0.0,0.0,0.0018299999999999999 
 04/07  03:00:00,11.77,97.0,4.33,0.0,0.0,0.0,0.0,0.0,2.0,2.0,0.0,0.0,0.0,0.0,0.0,1009.0,0.0,0.0,0.0,0.0,0.0,0.0,0.0,0.0,0.0,0.0,0.0,19.28043896222306,16.138244167112135,19.273003165820904,-115.79794085998674,19.234853043208778,-159.9517009326919,19.25662839322276,18.195858640861844,17.611998479564489,1.0958849516208318,19.16496301834318,-8.975590519703701,18.40382466646118,-7.135996511653275,17.371233913847165,-64.7357185623423,18.538673564624277,-17.79815802346002,248.65732616654896,197.5235150236913,0.0,0.0,0.0,0.0,0.0,0.0,0.0,0.0,0.0,0.0,0.0,0.0,0.0,0.0,0.0,0.0,0.0,0.0,0.0,0.0,0.0,0.0,0.5936107756592618,0.18119987046986014,310.0020550202638,363.22166641660876,4624.928404328732,0.08577625084550869,0.013091613376909142,176.60459081179963,207.1248110865809,2607.162931869865,0.5058214516226982,0.09558228488713122,290.03106406914926,340.2331582507901,4248.378480346117,0.12371158821040242,0.023377095277853815,156.77065529147988,183.68690458261106,2332.7914992063508,0.0,0.0,5.329300413932804,6.279111176756156,62.72744898034651,0.0,0.0,8.120570505640492,9.510514628774555,123.36516633228274,0.0,0.0,46.53758932304514,54.69223484161472,622.6607204786519,0.0,0.0,30.28283656132097,35.72960893634569,332.8827213282672,0.0,0.0,12.880595029781631,15.119724221238135,178.8046712121616,27.43312969239836,18.81558963813331,434.8004336911534,510.56893769401986,6447.102175315306,0.0,0.0,39.41972134538164,46.68437657128945,349.037864900276,0.0,19.225840630526016,66.51321632056848,22.0,30.0,0.0,19.157309770977628,63.52098305554368,12.0,30.0,0.0,19.088964816868285,63.78791488427632,22.0,30.0,0.0,19.214523475044037,66.6674959074916,12.0,30.0,0.0,17.61212626809373,73.40346353767153,12.0,30.0,0.0,19.362087197070918,65.82392959613142,12.0,30.0,0.0,18.43298310816292,68.44840424875305,10.0,30.0,0.0,17.21721854148363,75.10307590275927,12.0,30.0,0.0,18.689555325739634,68.74223884353563,20.0,30.0,0.0,18.7526116690308,0.0,0.0,0.0,16.123680746664154,0.0,0.0,708.2523364199952,550.3976841366716,551.4758198518324,714.4256067533697,744.2424198325442,1188.8984641252028,687.1548660408645,820.8329119838419,1082.016277868931,0.0,82.04422762748881,82.04422762748881,60.0,0.0,60.0,60.0,12.0,12.0,12.0,19.0,12.0,12.0,21.0,10.0,0.0,0.0,0.0,0.0,0.0,0.0,0.0,0.0,0.0,0.0,0.0,0.0,0.0,82.04422762748881,82.04422762748881,0.0,0.0,0.0,82.04422762748881,0.0,0.0,0.0018299999999999999 
 04/07  03:10:00,11.751666666666667,97.0,4.373333333333333,0.0,0.0,0.0,0.0,0.0,2.0,2.0,0.0,0.0,0.0,0.0,0.0,1009.0,0.0,0.0,0.0,0.0,0.0,0.0,0.0,0.0,0.0,0.0,0.0,19.127698649944237,-106.0848384429828,19.27797153250436,0.982736904770718,19.274896368987205,-17.508647651065986,19.17857520898415,-108.0791888972708,17.60111120319845,3.205214049944516,19.14324609181176,-15.383239270300124,18.40725850382557,23.531688807005595,17.343433255072776,-65.46805301273219,18.539590493779579,-21.29329989006237,264.4138768959019,198.2464207535022,0.0,0.0,0.0,0.0,0.0,0.0,0.0,0.0,0.0,0.0,0.0,0.0,0.0,0.0,0.0,0.0,0.0,0.0,0.0,0.0,0.0,0.0,0.6437243560776527,0.19649705618975969,267.0666027138937,313.3870709259358,3842.6481610248649,0.12951588799720793,0.019767382172956036,124.5374171351467,145.91947581815263,1857.166819074987,0.6392826860965268,0.12080171694945712,278.6821452732657,326.51175076119969,4163.013189858389,0.09407750266739708,0.017777305870634365,171.4202232447383,201.0599507277844,2507.2389799018676,0.0,0.0,6.636542700962388,7.819514461561667,78.22455957990181,0.0,0.0,8.275155691352094,9.692342750622038,125.60524340657104,0.0,0.0,57.19914448683596,67.1919070123078,770.4699492980587,0.0,0.0,30.61936348216545,36.12704017836466,335.8838110000238,0.0,0.0,14.648253055192916,17.194569619874725,203.85333293499236,27.544753382479294,18.892149096350687,399.20078659113679,468.7863474291237,5988.665456655571,0.0,0.0,39.75518381135672,47.08815587991618,350.7978584263855,0.0,18.932530221222007,65.16180226496677,22.0,30.0,0.0,19.210952116586435,66.42208605780368,12.0,30.0,0.0,19.214500047376274,66.59506844611588,22.0,30.0,0.0,19.06832298550469,64.57191101214741,12.0,30.0,0.0,17.602352200219558,73.1536229386551,12.0,30.0,0.0,19.33715212071972,65.63357135464986,12.0,30.0,0.0,18.460548688417057,69.63424340448946,10.0,30.0,0.0,17.187344861683707,75.35202019261948,12.0,30.0,0.0,18.689193918296593,68.45061271490455,20.0,30.0,0.0,18.77842876147563,0.0,0.0,0.0,16.090117552862993,0.0,0.0,596.8864393855819,701.4544636452509,713.2852794146733,593.3946769965118,738.6214618501687,1174.277612874582,738.0005339363003,832.2187795165594,1060.2578818887687,0.0,82.04422762748881,82.04422762748881,60.0,0.0,60.0,60.0,12.0,12.0,12.0,19.0,12.0,12.0,21.0,10.0,0.0,0.0,0.0,0.0,0.0,0.0,0.0,0.0,0.0,0.0,0.0,0.0,0.0,82.04422762748881,82.04422762748881,0.0,0.0,0.0,82.04422762748881,0.0,0.0,0.0018299999999999999 
 04/07  03:20:00,11.733333333333335,97.0,4.416666666666667,0.0,0.0,0.0,0.0,0.0,2.0,2.0,0.0,0.0,0.0,0.0,0.0,1009.0,0.0,0.0,0.0,0.0,0.0,0.0,0.0,0.0,0.0,0.0,0.0,19.216627663553085,16.965660107196528,19.210269035616809,-113.93610771003296,19.172965113086464,-158.18108704302359,19.202357561268245,17.60556645755787,17.58754963555385,0.882888861815502,19.125761073135778,-9.554125780518803,18.361127350511258,-8.989363393159238,17.316213045905696,-65.79656008520863,18.54100365743921,-19.50384112947097,247.52206142180149,201.99037342260159,0.0,0.0,0.0,0.0,0.0,0.0,0.0,0.0,0.0,0.0,0.0,0.0,0.0,0.0,0.0,0.0,0.0,0.0,0.0,0.0,0.0,0.0,0.5860486247186968,0.1788915215869038,312.7622993380002,366.48632987058689,4651.556281321281,0.08371826556381339,0.012777513059190078,178.0376384043456,208.8273862010268,2620.0115770003496,0.49574964567748788,0.09367907136762813,293.2149852253255,344.00217224418517,4282.152290729435,0.12243886630112881,0.023136596050855778,158.3120161197119,185.50613729111317,2349.7639385692557,0.0,0.0,5.339627193342287,6.291261459812248,62.96797011646758,0.0,0.0,8.340149924244692,9.768164833101486,126.63727795872991,0.0,0.0,46.191556870129449,54.289325318337187,616.8941548163755,0.0,0.0,30.63728389961721,36.15168388355815,335.4378470855003,0.0,0.0,14.2332523900354,16.706205668482697,198.64351288705789,27.606475104391,18.934482238951309,439.2532509909296,515.8440550241577,6495.770422824195,0.0,0.0,39.78651265953395,47.124421784137137,350.20516366321649,0.0,19.165750777556405,66.67322338936948,22.0,30.0,0.0,19.096952774076283,63.58015233699784,12.0,30.0,0.0,19.030356841339697,63.84058137140455,22.0,30.0,0.0,19.15876807014518,66.7976476680674,12.0,30.0,0.0,17.586918348920184,73.26125382771008,12.0,30.0,0.0,19.321669111106048,65.75278002064677,12.0,30.0,0.0,18.383874595157985,68.45893961452197,10.0,30.0,0.0,17.158473043590154,75.14552076918715,12.0,30.0,0.0,18.69127371593545,68.4184542020317,20.0,30.0,0.0,18.698695440728704,0.0,0.0,0.0,16.060789708643413,0.0,0.0,706.8040153947737,544.6561534237893,545.9411627591576,712.1455464528115,745.9826438045996,1171.4098375122272,688.3909666702517,831.0418079168204,1057.32655373609,0.0,82.04422762748881,82.04422762748881,60.0,0.0,60.0,60.0,12.0,12.0,12.0,19.0,12.0,12.0,21.0,10.0,0.0,0.0,0.0,0.0,0.0,0.0,0.0,0.0,0.0,0.0,0.0,0.0,0.0,82.04422762748881,82.04422762748881,0.0,0.0,0.0,82.04422762748881,0.0,0.0,0.0018566666666666667 
 04/07  03:30:00,11.715,97.0,4.46,0.0,0.0,0.0,0.0,0.0,2.0,2.0,0.0,0.0,0.0,0.0,0.0,1009.0,0.0,0.0,0.0,0.0,0.0,0.0,0.0,0.0,0.0,0.0,0.0,19.06495303268221,-104.1254846793181,19.215133052204246,1.372832651140925,19.213012305525717,-16.657357213260185,19.123991939271229,-108.89457300005961,17.576397105029586,2.9913620208330089,19.104331771657,-15.90440685899108,18.364148707188507,21.36647009735043,17.289061066837435,-66.4885977033507,18.539900101242119,-22.93105203194193,263.4451596449653,202.82923210020636,0.0,0.0,0.0,0.0,0.0,0.0,0.0,0.0,0.0,0.0,0.0,0.0,0.0,0.0,0.0,0.0,0.0,0.0,0.0,0.0,0.0,0.0,0.6370548317251846,0.19446118184529447,269.26183919488678,315.9964237548519,3862.4640935968898,0.12879056267232098,0.019656679284542276,126.61970188815438,148.37206474601605,1882.1240786089355,0.6329739456168525,0.11960958911883082,281.53288652485238,329.87871551365199,4193.079809415782,0.09170292660652951,0.017328595352707766,174.18425079575224,204.32210857879225,2540.791644866242,0.0,0.0,6.665175065583395,7.853218029851178,78.70772859168841,0.0,0.0,8.488806396247613,9.943058769877358,128.78937794684584,0.0,0.0,56.84188423832984,66.77600320424843,764.2075279135022,0.0,0.0,30.947638994596958,36.518095832745469,338.1863825134819,0.0,0.0,16.033722364459476,18.819410800532947,224.25866599181837,27.719867507273109,19.012254806085815,404.0345857968992,474.5016621075795,6044.341586471189,0.0,0.0,40.09358981160262,47.49436284884622,351.8220568227275,0.0,18.873972660063978,65.18662375618828,22.0,30.0,0.0,19.149876196745969,66.58813080610845,12.0,30.0,0.0,19.155513513024343,66.74134220050994,22.0,30.0,0.0,19.011726347856695,64.58770584370227,12.0,30.0,0.0,17.576927871452889,73.02258913819614,12.0,30.0,0.0,19.297098147678648,65.56337937337786,12.0,30.0,0.0,18.410961548710398,69.71736133597664,10.0,30.0,0.0,17.12951996292721,75.39999119321331,12.0,30.0,0.0,18.688623516822728,68.1675695939161,20.0,30.0,0.0,18.7245568362721,0.0,0.0,0.0,16.028916790143279,0.0,0.0,589.5467175695092,700.1838415317197,711.5104395497892,585.6931280951501,740.4310218689695,1158.0351821312414,740.2046550433197,839.988184204443,1037.0531431524397,0.0,82.04422762748881,82.04422762748881,60.0,0.0,60.0,60.0,12.0,12.0,12.0,19.0,12.0,12.0,21.0,10.0,0.0,0.0,0.0,0.0,0.0,0.0,0.0,0.0,0.0,0.0,0.0,0.0,0.0,82.04422762748881,82.04422762748881,0.0,0.0,0.0,82.04422762748881,0.0,0.0,0.0018833333333333335 
 04/07  03:40:00,11.696666666666668,97.0,4.503333333333333,0.0,0.0,0.0,0.0,0.0,2.0,2.0,0.0,0.0,0.0,0.0,0.0,1009.0,0.0,0.0,0.0,0.0,0.0,0.0,0.0,0.0,0.0,0.0,0.0,19.153517399046483,17.58250753345601,19.14802791495414,-112.3896815817343,19.11130033366581,-156.6157218998269,19.147906013027709,16.91931502031366,17.56257493458108,0.6873912798772039,19.0870593407658,-10.109893622800485,18.318278962606244,-10.661388053090832,17.26244284931356,-66.7456549149307,18.53939842215577,-21.316592187114794,246.49090212391094,206.19293012800859,0.0,0.0,0.0,0.0,0.0,0.0,0.0,0.0,0.0,0.0,0.0,0.0,0.0,0.0,0.0,0.0,0.0,0.0,0.0,0.0,0.0,0.0,0.5784612602436482,0.17657547626484988,315.01116380054756,369.15243046366057,4670.432968889161,0.08170529264903849,0.012470282760842262,179.26270368485269,210.28612018579114,2629.7218348208668,0.48607467170526338,0.09185084499343604,295.98287497563259,347.28400245407325,4309.400773902613,0.12121828849637687,0.02290595020717627,159.73972503026855,187.19269778232695,2364.7548034734029,0.0,0.0,5.344609161230975,6.297083208670063,63.141314271669859,0.0,0.0,8.545382941842473,10.008942444522516,129.6986726411784,0.0,0.0,45.87333063227583,53.91889853273473,611.5553561752331,0.0,0.0,30.954963023931794,36.530139706120397,337.6696650324076,0.0,0.0,15.44109507513271,18.122529394705756,216.51582782600168,27.781041098594906,19.054212001779779,443.0840825242492,520.3898510658543,6535.132692711416,0.0,0.0,40.11594723332747,47.51972285111986,351.2362082093099,0.0,19.105777561253825,66.82947432128903,22.0,30.0,0.0,19.03672201737365,63.64134894684721,12.0,30.0,0.0,18.971386049241248,63.89726366278088,22.0,30.0,0.0,19.102416337809456,66.93364166474957,12.0,30.0,0.0,17.56127909425784,73.15187407533571,12.0,30.0,0.0,19.281866445733269,65.7107271830132,12.0,30.0,0.0,18.335211929786085,68.47249211626536,10.0,30.0,0.0,17.101507456801348,75.19208062315227,12.0,30.0,0.0,18.688462856142324,68.17100900463982,20.0,30.0,0.0,18.644370716452383,0.0,0.0,0.0,16.000772075871184,0.0,0.0,705.3820783352077,539.44462376348,540.8847768135489,710.3775452806963,748.0714260092275,1156.6181550175514,688.3459658166299,837.0498982969282,1035.664632686661,0.0,82.04422762748881,82.04422762748881,60.0,0.0,60.0,60.0,12.0,12.0,12.0,19.0,12.0,12.0,21.0,10.0,0.0,0.0,0.0,0.0,0.0,0.0,0.0,0.0,0.0,0.0,0.0,0.0,0.0,82.04422762748881,82.04422762748881,0.0,0.0,0.0,82.04422762748881,0.0,0.0,0.00191 
 04/07  03:50:00,11.678333333333333,97.0,4.546666666666667,0.0,0.0,0.0,0.0,0.0,2.0,2.0,0.0,0.0,0.0,0.0,0.0,1009.0,0.0,0.0,0.0,0.0,0.0,0.0,0.0,0.0,0.0,0.0,0.0,19.002819766127446,-102.37271673514988,19.152862175168104,1.7240359044017169,19.151465085261365,-15.883338854575414,19.069399067739519,-109.62779258903174,17.551150166939374,2.794225156949267,19.065849235920824,-16.39746504200434,18.321017883761493,19.447046396566294,17.235911486588706,-67.36597162387398,18.536542856574628,-24.754984821413588,262.50609857976817,207.07391159832538,0.0,0.0,0.0,0.0,0.0,0.0,0.0,0.0,0.0,0.0,0.0,0.0,0.0,0.0,0.0,0.0,0.0,0.0,0.0,0.0,0.0,0.0,0.6304007391738515,0.19243001806283625,271.41240277683945,318.55346002322389,3881.5150979633488,0.12801440050178654,0.019538217414802586,128.48288333861127,150.56830319581023,1903.705907605758,0.6267710051140357,0.11843745372525246,284.3464689258992,333.2027311195491,4222.300666950413,0.0893495935277262,0.016883899003727548,176.72039964482006,207.31749075417566,2570.760652478948,0.0,0.0,6.6872770053361709,7.879199580989029,79.10885524833685,0.0,0.0,8.693634646243558,10.183384196555798,131.8460260900561,0.0,0.0,56.590624833602308,66.48443478484247,759.4550514727174,0.0,0.0,31.240676347199359,36.86733261623528,340.18275581142708,0.0,0.0,17.206778029147079,20.194795489626669,241.73010810956755,27.8959247757557,19.13300739077895,408.603489230764,479.9075282773769,6095.472685333363,0.0,0.0,40.39615774163507,47.857617333465388,352.72566788379467,0.0,18.815530032922227,65.21488984128722,22.0,30.0,0.0,19.089072710933168,66.74963444972143,12.0,30.0,0.0,19.096442291472859,66.88904167088364,22.0,30.0,0.0,18.954972029858575,64.60794598113768,12.0,30.0,0.0,17.551041540820895,72.91786043674503,12.0,30.0,0.0,19.257585382932864,65.51683789166269,12.0,30.0,0.0,18.36200111966658,69.7982881048373,10.0,30.0,0.0,17.07339774003717,75.45271516608358,12.0,30.0,0.0,18.683813574798067,67.94720100119128,20.0,30.0,0.0,18.67007546121438,0.0,0.0,0.0,15.97052266987255,0.0,0.0,582.8066260701975,698.9282589293273,709.9802073909526,578.6785143233101,741.9461191024585,1143.89055549701,741.2115666067126,844.1546617830813,1017.6044473369221,0.0,82.04422762748881,82.04422762748881,60.0,0.0,60.0,60.0,12.0,12.0,12.0,19.0,12.0,12.0,21.0,10.0,0.0,0.0,0.0,0.0,0.0,0.0,0.0,0.0,0.0,0.0,0.0,0.0,0.0,82.04422762748881,82.04422762748881,0.0,0.0,0.0,82.04422762748881,0.0,0.0,0.0019333333333333336 
 04/07  04:00:00,11.66,97.0,4.59,0.0,0.0,0.0,0.0,0.0,2.0,2.0,0.0,0.0,0.0,0.0,0.0,1009.0,0.0,0.0,0.0,0.0,0.0,0.0,0.0,0.0,0.0,0.0,0.0,19.091029211475765,18.108669119870684,19.08628114416164,-111.04907773284595,19.049976457695725,-155.24150638786524,19.093469849201747,16.215395855675525,17.53707151921343,0.5087543149163309,19.04874140871505,-10.642675410789366,18.27534083798598,-12.221989662497436,17.209801696422763,-67.55069454343789,18.534429029974754,-23.169283823479647,245.58290703294188,210.10662760053493,0.0,0.0,0.0,0.0,0.0,0.0,0.0,0.0,0.0,0.0,0.0,0.0,0.0,0.0,0.0,0.0,0.0,0.0,0.0,0.0,0.0,0.0,0.5709674637334546,0.17428799259262965,317.0853967178154,371.614152695884,4686.675635946412,0.07972436010742015,0.01216794262933763,180.40919311591507,211.65272493040713,2638.2335245163287,0.4765710176981137,0.09005499200644632,298.60803246770237,350.39883583399139,4334.322241777458,0.12002444175861218,0.022680355585527616,161.11539851934004,188.8185496958779,2378.839443076733,0.0,0.0,5.3449800827399189,6.297456571917328,63.255414986045597,0.0,0.0,8.7373122987378,10.23409108834538,132.5637778385175,0.0,0.0,45.56337467036151,53.557994735315947,606.3778160947042,0.0,0.0,31.23832466438508,36.867866544945879,339.6023992430158,0.0,0.0,16.52906974350421,19.398062127922537,232.73525264575248,27.956891149796385,19.174822462137447,446.6963415312012,524.6798079870254,6570.932470019953,0.0,0.0,40.41138445135221,47.87427050773117,352.1601425986831,0.0,19.04604283279671,66.98347824101778,22.0,30.0,0.0,18.976670980835796,63.70408945821057,12.0,30.0,0.0,18.91238304060744,63.956398212346,22.0,30.0,0.0,19.045974312832859,67.07102059258097,12.0,30.0,0.0,17.53517295539339,73.06409537216433,12.0,30.0,0.0,19.242539872130189,65.68727165916219,12.0,30.0,0.0,18.286953277594784,68.4904355163343,10.0,30.0,0.0,17.046155559142738,75.24372465658122,12.0,30.0,0.0,18.681836944576327,67.97644708491126,20.0,30.0,0.0,18.589748668961396,0.0,0.0,0.0,15.94349006648053,0.0,0.0,704.0481278399806,534.6808985490004,536.2294528524461,708.8550679708282,749.4796798520556,1143.6053316047538,687.3490987888317,839.7732111845425,1017.4574564542733,0.0,82.04422762748881,82.04422762748881,60.0,0.0,60.0,60.0,12.0,12.0,12.0,19.0,12.0,12.0,21.0,10.0,0.0,0.0,0.0,0.0,0.0,0.0,0.0,0.0,0.0,0.0,0.0,0.0,0.0,82.04422762748881,82.04422762748881,0.0,0.0,0.0,82.04422762748881,0.0,0.0,0.0019566666666666666 
 04/07  04:10:00,11.648333333333334,97.0,4.676666666666667,0.0,0.0,0.0,0.0,0.0,2.0,2.0,0.0,0.0,0.0,0.0,0.0,1009.0,0.0,0.0,0.0,0.0,0.0,0.0,0.0,0.0,0.0,0.0,0.0,18.941230805787208,-100.81307624461624,19.09092692655924,2.079946410111006,19.090323478574157,-15.1493873152358,19.01477026592425,-110.34996903165666,17.52538040089116,2.611368077442762,19.027525123647206,-16.863711843785496,18.277812215798816,17.674973682301244,17.183702372147076,-68.09563328297543,18.530042393529,-26.62490857181092,261.47423720196096,210.99710507971964,0.0,0.0,0.0,0.0,0.0,0.0,0.0,0.0,0.0,0.0,0.0,0.0,0.0,0.0,0.0,0.0,0.0,0.0,0.0,0.0,0.0,0.0,0.6220505236514893,0.18988111222572935,273.5287630360108,321.05644243198585,3896.1434569663858,0.1269042140299933,0.019368775035102763,130.23909240134638,152.63285736345294,1921.766185582381,0.6189923606259128,0.11696756625584147,287.1137569918456,336.45819858165916,4246.655553376198,0.08663803320872189,0.016371510432487126,179.13394380310616,210.16032397740089,2596.2350161532428,0.0,0.0,6.705190798825995,7.8998888131410569,79.36197259848227,0.0,0.0,8.886496520704755,10.409204883467872,134.6006059001774,0.0,0.0,56.370685109539248,66.22663596308348,754.3927599774112,0.0,0.0,31.501926856758723,37.17722889413826,341.4657777086792,0.0,0.0,18.251446130813336,21.418495968020776,257.1559214204276,28.082636999811837,19.26106790110552,413.0106789815678,485.1030176427622,6137.924629195552,0.0,0.0,40.66705371427427,48.18079597772319,352.9660587044807,0.0,18.757262316522547,65.24336893842698,22.0,30.0,0.0,19.02849498547686,66.90609895634178,12.0,30.0,0.0,19.037555347934103,67.03358124196819,22.0,30.0,0.0,18.898182362786778,64.62906664877686,12.0,30.0,0.0,17.524687508964307,72.82826658612832,12.0,30.0,0.0,19.21840350652201,65.48355336518084,12.0,30.0,0.0,18.313434294926787,69.87651441713858,10.0,30.0,0.0,17.018743065658428,75.50668182812545,12.0,30.0,0.0,18.67550166582807,67.76796365630354,20.0,30.0,0.0,18.615481969336547,0.0,0.0,0.0,15.914611266354508,0.0,0.0,576.5814180472053,697.7526881919104,708.5769764070044,572.2500987049489,742.6005130087732,1131.1800651711638,741.3219876807109,845.8038977486647,1001.1899474761923,0.0,82.04422762748881,82.04422762748881,60.0,0.0,60.0,60.0,12.0,12.0,12.0,19.0,12.0,12.0,21.0,10.0,0.0,0.0,0.0,0.0,0.0,0.0,0.0,0.0,0.0,0.0,0.0,0.0,0.0,82.04422762748881,82.04422762748881,0.0,0.0,0.0,82.04422762748881,0.0,0.0,0.00198 
 04/07  04:20:00,11.636666666666667,97.0,4.763333333333334,0.0,0.0,0.0,0.0,0.0,2.0,2.0,0.0,0.0,0.0,0.0,0.0,1009.0,0.0,0.0,0.0,0.0,0.0,0.0,0.0,0.0,0.0,0.0,0.0,19.029137345960338,18.523146380030086,19.024520456445495,-109.7012487228676,18.989054559669996,-153.98493766878347,19.03890351157038,15.56181523295345,17.511050405255184,0.34393078906242638,19.010300085209768,-11.151872331343839,18.232298053631447,-13.675802381653967,17.1580746275188,-68.21651787633005,18.526503541581584,-25.02678285540344,244.36985361801636,213.71955679405756,0.0,0.0,0.0,0.0,0.0,0.0,0.0,0.0,0.0,0.0,0.0,0.0,0.0,0.0,0.0,0.0,0.0,0.0,0.0,0.0,0.0,0.0,0.5599839013698157,0.17093525682839309,319.0490489003944,373.9137741495337,4692.356636684527,0.07700141706549949,0.011752353031974892,181.4914697826411,212.92552211964896,2640.6529758835647,0.46347525736261527,0.0875803585341299,301.1906436511685,353.43300210981877,4350.084236775036,0.11820990401039135,0.022337472413150287,162.48255583119727,190.41811469241308,2388.138993142492,0.0,0.0,5.342028379332903,6.293360594466053,63.17679386669699,0.0,0.0,8.916807159919891,10.443744045437123,134.99122085265399,0.0,0.0,45.258493660118649,53.19826323742718,600.0476989846467,0.0,0.0,31.49110889042546,37.16606690351663,340.39447928280637,0.0,0.0,17.514011921868325,20.550838783014429,247.0265240289684,28.148331917074914,19.306126143398438,450.1906227281073,528.7845998396444,6592.013913061071,0.0,0.0,40.67476441741058,48.186257908965078,351.83068441356707,0.0,18.98666416355059,67.13005365023817,22.0,30.0,0.0,18.916687196906616,63.764926292861549,12.0,30.0,0.0,18.853633443464014,64.01298766277283,22.0,30.0,0.0,18.989510098766407,67.20321346122425,12.0,30.0,0.0,17.508597870632508,72.98565908103825,12.0,30.0,0.0,19.20332382165266,65.67176099931271,12.0,30.0,0.0,18.23898612154545,68.50709248341259,10.0,30.0,0.0,16.99217730293249,75.29430228643116,12.0,30.0,0.0,18.671991762339976,67.81355213234225,20.0,30.0,0.0,18.535436448512546,0.0,0.0,0.0,15.88836089894739,0.0,0.0,702.7953992751259,530.2934430499277,531.9172521526036,707.4640599852154,749.9468920133801,1131.8404605371714,685.7102004832659,840.5675721809408,1001.9271109330634,0.0,82.04422762748881,82.04422762748881,60.0,0.0,60.0,60.0,12.0,12.0,12.0,19.0,12.0,12.0,21.0,10.0,0.0,0.0,0.0,0.0,0.0,0.0,0.0,0.0,0.0,0.0,0.0,0.0,0.0,82.04422762748881,82.04422762748881,0.0,0.0,0.0,82.04422762748881,0.0,0.0,0.0020166666666666668 
 04/07  04:30:00,11.625,97.0,4.85,0.0,0.0,0.0,0.0,0.0,2.0,2.0,0.0,0.0,0.0,0.0,0.0,1009.0,0.0,0.0,0.0,0.0,0.0,0.0,0.0,0.0,0.0,0.0,0.0,18.880286235332528,-99.32120440696053,19.029195291875234,2.491277237056238,19.029604261697267,-14.470578231455875,18.960172980240963,-110.89828020297228,17.499094151729424,2.438932585455831,18.989134360214565,-17.303635909244976,18.234518260261994,16.025563316758509,17.132427125091274,-68.70540279691318,18.520799644364975,-28.497897799953195,260.2121449505248,214.6191781469454,0.0,0.0,0.0,0.0,0.0,0.0,0.0,0.0,0.0,0.0,0.0,0.0,0.0,0.0,0.0,0.0,0.0,0.0,0.0,0.0,0.0,0.0,0.6122646036255253,0.18689395715064875,275.6139801974898,323.50802621342867,3906.497020145091,0.12553908331311243,0.019160421751085536,131.9808690654704,154.67387632534338,1937.5947326737729,0.6097969742234424,0.11522996489483042,289.6763995980596,339.4589920615268,4263.770917512352,0.08364073909514192,0.015805128324856745,181.35266916032757,212.76513560717437,2616.1880922809298,0.0,0.0,6.719148062895482,7.9155637246607839,79.46883196243914,0.0,0.0,9.065260380265089,10.618013949327617,137.00871384896517,0.0,0.0,56.16275484189499,65.97996797963414,748.7578916670885,0.0,0.0,31.73275525040949,37.449368822838099,342.03693627662667,0.0,0.0,19.191918586229993,22.518814968203814,270.81644680158476,28.265871640358847,19.386743237557515,417.198110310703,490.0185334788489,6170.799753202367,0.0,0.0,40.90467154724034,48.46207709562248,352.46701528759669,0.0,18.69950112231005,65.2737910822101,22.0,30.0,0.0,18.968072992503147,67.05917213506551,12.0,30.0,0.0,18.97894533286002,67.17465123363586,22.0,30.0,0.0,18.841622665653998,64.6532408559353,12.0,30.0,0.0,17.497856234898497,72.74952746548917,12.0,30.0,0.0,19.179257918872496,65.45984568559027,12.0,30.0,0.0,18.265162720245568,69.95316037657418,10.0,30.0,0.0,16.96540332252816,75.56175515031383,12.0,30.0,0.0,18.66421932140049,67.61789963630113,20.0,30.0,0.0,18.561089050451078,0.0,0.0,0.0,15.860439789623772,0.0,0.0,570.8007406090503,696.6590800284552,707.2528159147248,566.3224098083265,742.353743099418,1119.5537240150136,740.9069016266502,845.977373932841,987.0937359369502,0.0,82.04422762748881,82.04422762748881,60.0,0.0,60.0,60.0,12.0,12.0,12.0,19.0,12.0,12.0,21.0,10.0,0.0,0.0,0.0,0.0,0.0,0.0,0.0,0.0,0.0,0.0,0.0,0.0,0.0,82.04422762748881,82.04422762748881,0.0,0.0,0.0,82.04422762748881,0.0,0.0,0.0020533333333333338 
 04/07  04:40:00,11.613333333333334,97.0,4.9366666666666669,0.0,0.0,0.0,0.0,0.0,2.0,2.0,0.0,0.0,0.0,0.0,0.0,1009.0,0.0,0.0,0.0,0.0,0.0,0.0,0.0,0.0,0.0,0.0,0.0,18.96774864545018,18.863894962159976,18.963323037279304,-108.29840850395067,18.92865153241196,-152.71835862630543,18.984426085667999,14.92122380132605,17.484517807161553,0.188794698651094,18.971933971465555,-11.640989208566453,18.189178389782506,-15.015694910910043,17.10721407241567,-68.7859117848974,18.516007809885314,-26.867370955904677,243.1050102092704,217.06558938729564,0.0,0.0,0.0,0.0,0.0,0.0,0.0,0.0,0.0,0.0,0.0,0.0,0.0,0.0,0.0,0.0,0.0,0.0,0.0,0.0,0.0,0.0,0.5495032761781857,0.167736042789434,320.7109849106555,375.8594339074262,4693.514593487615,0.07444669037765937,0.011362437481327743,182.37725992937608,213.96724318586215,2640.2245793215026,0.45097919852501758,0.08521904734032837,303.5348363226551,356.1864315922572,4362.3424634764819,0.11647692288418794,0.022010000545009055,163.72997044586627,191.8771847338261,2395.5594968295965,0.0,0.0,5.335779119857072,6.285377479766636,63.05428086259489,0.0,0.0,9.081767431747539,10.636322158901086,137.18852725148825,0.0,0.0,44.95782081917364,52.843354927242987,593.8293191969285,0.0,0.0,31.714145816465746,37.428919517477307,340.91172836227408,0.0,0.0,18.40628203719908,21.594663576387295,259.95746941125739,28.321861862008388,19.425145310019479,453.2700449610064,532.4009713312164,6606.873704261467,0.0,0.0,40.90496884866609,48.45860722284316,351.3028639972643,0.0,18.927539479066984,67.27601435413527,22.0,30.0,0.0,18.857127122650448,63.82971318486786,12.0,30.0,0.0,18.79534409279916,64.07328638137465,22.0,30.0,0.0,18.933208241851209,67.33526007574186,12.0,30.0,0.0,17.48154634075485,72.9196106248126,12.0,30.0,0.0,19.16417743576999,65.66627392064733,12.0,30.0,0.0,18.191304371460839,68.53001287737922,10.0,30.0,0.0,16.939413295635484,75.34965234977834,12.0,30.0,0.0,18.659402073130896,67.67876305334284,20.0,30.0,0.0,18.4813077109496,0.0,0.0,0.0,15.834709029211913,0.0,0.0,701.6091239499244,526.2345465160807,527.9085665856796,706.1522054188168,749.5636656221806,1121.0917031463667,683.7490463251326,840.2305403184175,988.5079560923945,0.0,82.04422762748881,82.04422762748881,60.0,0.0,60.0,60.0,12.0,12.0,12.0,19.0,12.0,12.0,21.0,10.0,0.0,0.0,0.0,0.0,0.0,0.0,0.0,0.0,0.0,0.0,0.0,0.0,0.0,82.04422762748881,82.04422762748881,0.0,0.0,0.0,82.04422762748881,0.0,0.0,0.00209 
 04/07  04:50:00,11.601666666666667,97.0,5.023333333333333,0.0,0.0,0.0,0.0,0.0,2.0,2.0,0.0,0.0,0.0,0.0,0.0,1009.0,0.0,0.0,0.0,0.0,0.0,0.0,0.0,0.0,0.0,0.0,0.0,18.81992585420079,-97.90624471408955,18.967958033269644,2.862030869609953,18.969367386842984,-13.869105113109982,18.90573228497403,-111.35304043763336,17.472321692160699,2.2919788665188038,18.950817780172888,-17.74659902324396,18.191305585378765,14.594890170441886,17.081913136226527,-69.27024816029257,18.509187460579413,-30.353328920992455,260.7363349486859,218.22558138792875,0.0,0.0,0.0,0.0,0.0,0.0,0.0,0.0,0.0,0.0,0.0,0.0,0.0,0.0,0.0,0.0,0.0,0.0,0.0,0.0,0.0,0.0,0.5994664975038819,0.18298733135039134,277.50933496183947,325.73577546431326,3914.1139102902855,0.12358292953222094,0.018861863481718704,133.53042727868363,156.48940853226584,1950.4567193827325,0.5975866052316451,0.11292263893266162,291.92152832808235,342.08718249236309,4276.056233157713,0.07999021469329873,0.01511530889896045,183.37506845245813,215.13910195481933,2633.1290864476657,0.0,0.0,6.7459616669761479,7.94637602277191,79.72165973527599,0.0,0.0,9.24925468774353,10.832900171542239,139.48513565519805,0.0,0.0,56.07089972447806,65.86949256298726,744.7493324198038,0.0,0.0,31.95551465526653,37.71177721896186,342.55868002826079,0.0,0.0,20.041092146536017,23.511825341719484,283.1279218876623,28.61478039773445,19.626049655510604,420.83584243350267,494.29157210325237,6195.925964141559,0.0,0.0,41.173738447296468,48.78025478438551,352.3434155575652,0.0,18.64222514752574,65.30869195767123,22.0,30.0,0.0,18.908056627263148,67.21070274957244,12.0,30.0,0.0,18.920714482539606,67.31489304817568,22.0,30.0,0.0,18.785371166834748,64.6825586864781,12.0,30.0,0.0,17.470590097206693,72.6817772594107,12.0,30.0,0.0,19.140176431065087,65.44491144129143,12.0,30.0,0.0,18.21746695183038,70.03104108872876,10.0,30.0,0.0,16.91309254607883,75.62111948257541,12.0,30.0,0.0,18.650406595915567,67.49279212888811,20.0,30.0,0.0,18.50452068518103,0.0,0.0,0.0,15.80792808310568,0.0,0.0,565.4168552299395,695.6057079167464,705.9860903786529,560.8299398892865,741.3488356831774,1108.6168271221414,740.120381701472,845.2800139530602,974.824089762945,0.0,82.04422762748881,82.04422762748881,60.0,0.0,60.0,60.0,12.0,12.0,12.0,19.0,12.0,12.0,21.0,10.0,0.0,0.0,0.0,0.0,0.0,0.0,0.0,0.0,0.0,0.0,0.0,0.0,0.0,82.04422762748881,82.04422762748881,0.0,0.0,0.0,82.04422762748881,0.0,0.0,0.0020933333333333335 
 04/07  05:00:00,11.59,97.0,5.11,0.0,0.0,0.0,0.0,0.0,2.0,2.0,0.0,0.0,0.0,0.0,0.0,1009.0,0.0,0.0,0.0,0.0,0.0,0.0,0.0,0.0,0.0,0.0,0.0,18.906970708420688,19.092841295279869,18.902243137932126,-107.53329132380896,18.868172876362409,-152.24278660851997,18.930089714916876,14.298352822567722,17.45756200012019,0.09906610935146887,18.93359483475065,-12.18719314961129,18.14638533309555,-16.022509961696188,17.056979114274716,-69.35937550409676,18.503399461053904,-28.688074028272696,246.4997995042795,220.82217099598393,0.0,0.0,0.0,0.0,0.0,0.0,0.0,0.0,0.0,0.0,0.0,0.0,0.0,0.0,0.0,0.0,0.0,0.0,0.0,0.0,0.0,0.0,0.53080688847661,0.16202896473644994,322.27037075257968,377.68413422093706,4693.174390502801,0.07005475214876582,0.010692117238822623,183.22726871780163,214.96704732812578,2639.0116094907928,0.4297604133919542,0.08120945075433756,305.79047874190976,358.8365175530981,4372.46363185606,0.11321175057054325,0.02139299897402555,164.86556533912228,193.20497280259398,2401.2495664510176,0.0,0.0,5.371503439362342,6.326828948586794,63.42414178336057,0.0,0.0,9.281330931002087,10.869380484514008,139.89633066222454,0.0,0.0,44.9678000403469,52.85343157866595,591.81738312681,0.0,0.0,31.96425892255577,37.72355558338317,341.7419996665747,0.0,0.0,19.208761383036007,22.532968133452717,271.56625692421758,28.93136995435972,19.843189269108185,455.78482650652759,535.362989354025,6614.809832690035,0.0,0.0,41.26567410407223,48.885078518704329,352.0427235344111,0.0,18.868968915094546,67.42035487010024,22.0,30.0,0.0,18.797243434036145,63.899730519669329,12.0,30.0,0.0,18.736347101728645,64.14047696118853,22.0,30.0,0.0,18.87716753677855,67.46697052495499,12.0,30.0,0.0,17.454172949426469,72.86429230506288,12.0,30.0,0.0,19.125016130660918,65.6691450890031,12.0,30.0,0.0,18.144628471049029,68.54656132022578,10.0,30.0,0.0,16.8874411974221,75.40936873092112,12.0,30.0,0.0,18.644520803276614,67.56587485735034,20.0,30.0,0.0,18.422144013114047,0.0,0.0,0.0,15.783287142672029,0.0,0.0,700.4669308173291,522.4166106819307,524.1320231363245,704.9000894548933,748.4843904886012,1110.551075530031,680.870690761848,839.0606947421746,976.7037681516622,0.0,82.04422762748881,82.04422762748881,60.0,0.0,60.0,60.0,12.0,12.0,12.0,19.0,12.0,12.0,21.0,10.0,0.0,0.0,0.0,0.0,0.0,0.0,0.0,0.0,0.0,0.0,0.0,0.0,0.0,82.04422762748881,82.04422762748881,0.0,0.0,0.0,82.04422762748881,0.0,0.0,0.0020966666666666666 
 04/07  05:10:00,11.575,97.16666666666667,5.255000000000001,0.0,0.0,0.0,0.0,0.0,2.0,2.0,0.0,0.0,0.0,0.0,0.0,1009.0,0.0,0.0,0.0,0.0,0.0,0.0,0.0,0.0,0.0,0.0,0.0,18.758423484342175,-97.68332580581955,18.906795136037915,3.3867837241832605,18.909418953053249,-13.137486788191382,18.850319148403519,-113.06783096762593,17.445166115957087,2.2003359215449338,18.912299361271797,-18.22394475882504,18.148634680567644,13.496009339624607,17.031947662829205,-69.79498154396333,18.495473365962277,-32.17842464469925,265.3112157563901,222.15682312077184,0.0,0.0,0.0,0.0,0.0,0.0,0.0,0.0,0.0,0.0,0.0,0.0,0.0,0.0,0.0,0.0,0.0,0.0,0.0,0.0,0.0,0.0,0.5797282102176093,0.17696221313113839,279.93320616539816,328.59085237477856,3929.092907861435,0.12036213724340417,0.01837028956706413,135.14420943761145,158.3820111791601,1964.9311017074227,0.5788878328319629,0.10938923522901797,294.5175224393617,345.13022599826516,4295.1619918891069,0.0746812187535651,0.014112097270137016,185.57106671987649,217.72056254850186,2652.848168367329,0.0,0.0,6.807787050987096,8.018512139638743,80.43035116913481,0.0,0.0,9.45940452643523,11.078514924794663,142.40489700081663,0.0,0.0,56.25015248519968,66.07790123244253,744.8700572490328,0.0,0.0,32.20432221495707,38.00519831630095,343.59706487372969,0.0,0.0,20.807805766911146,24.408241624057476,294.35515710355619,29.338797239235999,20.122631851327854,424.8040252144049,498.96655183259619,6228.728097037746,0.0,0.0,41.55823066648003,49.23532533628668,353.64287953723285,0.0,18.58202124434779,65.35903580697988,22.0,30.0,0.0,18.84804927418358,67.36425465548416,12.0,30.0,0.0,18.862672210721575,67.45637444231724,22.0,30.0,0.0,18.727243149937175,64.7229294997534,12.0,30.0,0.0,17.443059496488229,72.62117415335769,12.0,30.0,0.0,19.10094403726054,65.43653662129995,12.0,30.0,0.0,18.17111952955325,70.10824810852331,10.0,30.0,0.0,16.861490860972979,75.68734120692472,12.0,30.0,0.0,18.634430320883934,67.38643412050635,20.0,30.0,0.0,18.44279443784465,0.0,0.0,0.0,15.757717732717622,0.0,0.0,560.2273311288215,694.6084086817666,704.7586096943159,555.5888472259628,739.49434139795,1097.4086520695126,738.9260880734928,843.6011814361403,963.7352783641891,0.0,82.04422762748881,82.04422762748881,60.0,0.0,60.0,60.0,12.0,12.0,12.0,19.0,12.0,12.0,21.0,10.0,0.0,0.0,0.0,0.0,0.0,0.0,0.0,0.0,0.0,0.0,0.0,0.0,0.0,82.04422762748881,82.04422762748881,0.0,0.0,0.0,82.04422762748881,0.0,0.0,0.0021 
 04/07  05:20:00,11.56,97.33333333333334,5.4,0.0,0.0,0.0,0.0,0.0,2.0,2.0,0.0,0.0,0.0,0.0,0.0,1009.0,0.0,0.0,0.0,0.0,0.0,0.0,0.0,0.0,0.0,0.0,0.0,18.84634521947693,19.517488146702818,18.840053297725818,-108.26636750134367,18.8063990931132,-153.52140668644098,18.87509951199364,14.022415358308536,17.430214641272597,0.025619795267516566,18.89480507894237,-12.706998478724984,18.103667307358785,-17.156504892323939,17.007283665776428,-69.83726775550417,18.4887492119162,-30.457180548252496,251.57863839893617,224.59395675063184,0.0,0.0,0.0,0.0,0.0,0.0,0.0,0.0,0.0,0.0,0.0,0.0,0.0,0.0,0.0,0.0,0.0,0.0,0.0,0.0,0.0,0.0,0.5092632430118849,0.15545276038213824,324.92040730057428,380.79568446363359,4712.838119965213,0.06468454190305599,0.009872488080442,184.70789541497704,216.71298725391723,2648.4824001056679,0.4043592768460921,0.07640953833070526,309.10363929067776,362.7391762152752,4399.668340256081,0.10945618037635438,0.02068332962516144,166.49436538776244,195.11570866142177,2415.956634644235,0.0,0.0,5.41195472814641,6.373987772368164,63.919740632715249,0.0,0.0,9.484093287529844,11.10641311392879,142.76327886356374,0.0,0.0,45.013440634613058,52.90653795963863,590.917849329051,0.0,0.0,32.215637283486469,38.020433929670357,343.04445919176586,0.0,0.0,19.932602767231427,23.379443082815308,282.27740493311236,29.694916608313514,20.366883819145078,459.8430457578351,540.155448539761,6648.71940761752,0.0,0.0,41.66559895203078,49.35871715119017,353.8251457185087,0.0,18.81046208962434,67.56780676070814,22.0,30.0,0.0,18.735320013843,63.98635089022772,12.0,30.0,0.0,18.674386270527557,64.22873641171572,22.0,30.0,0.0,18.820363292764527,67.60513226701355,12.0,30.0,0.0,17.42649649340222,72.81719615907022,12.0,30.0,0.0,19.085567045226229,65.67992963535441,12.0,30.0,0.0,18.098304211158888,68.56790577285439,10.0,30.0,0.0,16.836222085481397,75.47143304448488,12.0,30.0,0.0,18.62758669791084,67.47108126059087,20.0,30.0,0.0,18.359523316996929,0.0,0.0,0.0,15.734067014687295,0.0,0.0,699.358537444123,518.7114152845329,520.4693904217347,703.7024993195448,746.6022005054534,1099.8068876862615,677.6657023535878,836.6140241376921,965.9112336526691,0.0,82.04422762748881,82.04422762748881,60.0,0.0,60.0,60.0,12.0,12.0,12.0,19.0,12.0,12.0,21.0,10.0,0.0,0.0,0.0,0.0,0.0,0.0,0.0,0.0,0.0,0.0,0.0,0.0,0.0,82.04422762748881,82.04422762748881,0.0,0.0,0.0,82.04422762748881,0.0,0.0,0.0020833333333333335 
 04/07  05:30:00,11.545,97.5,5.545,0.0,0.0,0.0,0.0,0.0,2.0,2.0,0.0,0.0,0.0,0.0,0.0,1009.0,0.0,0.0,0.0,0.0,0.0,0.0,0.0,0.0,0.0,0.0,0.0,18.695853839098747,-98.23562158448113,18.844966583844543,4.238043575401207,18.849023980395665,-12.080651915297495,18.793712730021459,-115.58564957351519,17.417611586547858,2.1220019086862296,18.873418638635166,-18.697824758188973,18.105993196249444,12.468721659844505,16.982547727061616,-70.21991483364673,18.47991451710397,-33.96893182163785,270.34224510530296,225.92225746274586,0.0,0.0,0.0,0.0,0.0,0.0,0.0,0.0,0.0,0.0,0.0,0.0,0.0,0.0,0.0,0.0,0.0,0.0,0.0,0.0,0.0,0.0,0.5593644280408407,0.17074616240562907,283.3694248867393,332.64022218376376,3958.405273303404,0.11710914665744084,0.017873801382393294,137.11535251677513,160.69581809171573,1985.011789269124,0.5602972267688975,0.10587627112035104,298.11890032469469,349.3565263098521,4330.007911955648,0.06907871692188138,0.013053423454626106,188.15648802389206,220.76246239158292,2678.3853243266269,0.0,0.0,6.875006585456727,8.097083948458482,81.24482382485249,0.0,0.0,9.66242798338453,11.315890988259282,145.26630105361819,0.0,0.0,56.47707441158207,66.34295917868474,746.024048124063,0.0,0.0,32.44921943620028,38.2943022233375,344.8413084043256,0.0,0.0,21.514078452356267,25.23396514859382,304.8219750612,30.114892199505655,20.654932921471649,430.1258576882166,505.2399791346887,6281.242877967352,0.0,0.0,41.95438373715392,49.70433742178027,355.4824859201982,0.0,18.519314277636715,65.43356315654958,22.0,30.0,0.0,18.786984619197946,67.52630858673217,12.0,30.0,0.0,18.803690152137599,67.60462943070401,22.0,30.0,0.0,18.667131880379484,64.78543762117917,12.0,30.0,0.0,17.415198607160819,72.56773742724848,12.0,30.0,0.0,19.06138221272292,65.43580861312381,12.0,30.0,0.0,18.125067292327956,70.18785115345985,10.0,30.0,0.0,16.810684319842446,75.75604471996957,12.0,30.0,0.0,18.61654315578905,67.29517581095813,20.0,30.0,0.0,18.378893979455257,0.0,0.0,0.0,15.709806103131737,0.0,0.0,555.1904743060418,693.6924218180119,703.5436962187597,550.5414549262257,736.9157422761663,1086.1647356701417,737.3481501745077,840.8378857136662,953.346709340714,0.0,82.04422762748881,82.04422762748881,60.0,0.0,60.0,60.0,12.0,12.0,12.0,19.0,12.0,12.0,21.0,10.0,0.0,0.0,0.0,0.0,0.0,0.0,0.0,0.0,0.0,0.0,0.0,0.0,0.0,82.04422762748881,82.04422762748881,0.0,0.0,0.0,82.04422762748881,0.0,0.0,0.0020666666666666665 
 04/07  05:40:00,11.53,97.66666666666666,5.69,2.0,0.0,0.0,0.0,0.0,2.0,2.0,0.0,0.0,0.0,0.0,0.0,1009.0,0.0,2.8187294663351176,0.6897935560764698,1.7675716256203642,0.08452023247964669,2.249619735568772,0.0,0.6897935560764694,0.9430000876852938,0.0,0.0,18.78531311219087,19.93858698934855,18.778295232141216,-109.59846274973188,18.744166866083579,-155.3641582845994,18.820041428578159,13.729499337767266,17.402628188021106,-0.04387011698921128,18.856886078496325,-13.227963711975349,18.060739798175594,-18.37925211887,16.958574061965736,-70.19977858608218,18.472766905243863,-32.20099210163687,256.56431232921389,228.06614291198845,0.0,0.0,0.0,0.0,0.0,0.0,0.0,0.0,0.0,0.0,0.0,0.0,0.0,0.0,0.0,0.0,0.0,0.0,0.0,0.0,0.0,0.0,0.4883944709212461,0.1490825613312717,327.84070014098628,384.22504289144947,4735.536691406514,0.05928101723198068,0.009047774302805356,186.35320563517778,218.65226469210439,2659.8205056292529,0.3790556696247449,0.0716280554846457,312.6139092733444,366.8740988260485,4428.418791094191,0.10579985450095902,0.019992413926863,168.17206103151455,197.08431425017978,2430.9017298418309,0.0,0.0,5.449249564250324,6.417421371933759,64.37548741486495,0.0,0.0,9.681925664182689,11.337631504470972,145.55233934678058,0.0,0.0,45.03747553235709,52.93416055565678,589.7184387548343,0.0,0.0,32.4511351358752,38.298390784654589,344.22599038479248,0.0,0.0,20.60178997433001,24.16172590409363,292.1843626118929,30.482842785873843,20.90729957878865,464.2441860179399,545.3533181542656,6685.055384003063,0.0,0.0,42.0586264162779,49.82365123494939,355.75115157392829,0.0,18.751057006928578,67.72181115646636,22.0,30.0,0.0,18.672583039835425,64.08950414709463,12.0,30.0,0.0,18.61106886369306,64.33585752878357,22.0,30.0,0.0,18.762656543498325,67.74920107412551,12.0,30.0,0.0,17.39855554003035,72.77590852566641,12.0,30.0,0.0,19.046344742673666,65.69506496747609,12.0,30.0,0.0,18.051818128305805,68.60013128305595,10.0,30.0,0.0,16.786079955895138,75.53346458445232,12.0,30.0,0.0,18.609071409880167,67.3890524569465,20.0,30.0,0.0,18.294923197193005,0.0,0.0,0.0,15.68763299467271,0.0,0.0,698.2878823300677,515.1194713646903,516.9099928064024,702.5198877961656,744.059135269384,1089.129625519968,674.1585962826,833.3501373019877,955.6970320708546,0.0,82.04422762748881,82.04422762748881,60.0,0.0,60.0,60.0,12.0,12.0,12.0,19.0,12.0,12.0,21.0,10.0,0.0,0.0,0.0,0.0,0.0,0.0,0.0,0.0,0.0,0.0,0.0,0.0,0.0,82.04422762748881,82.04422762748881,0.0,0.0,0.0,82.04422762748881,0.0,0.0,0.00205 
 04/07  05:50:00,11.515,97.83333333333334,5.835000000000001,3.0,0.0,0.0,0.0,0.0,2.0,2.0,0.0,0.0,0.0,0.0,0.0,1009.0,0.0,4.232546154182604,1.0357798071155143,2.6541491517123676,0.1269138382367296,3.377982659005474,0.0,1.0357798071155138,1.4159895237181748,0.0,0.0,18.632735854534773,-99.10542918532883,18.78473433670286,4.7973133276091179,18.78864181908509,-11.132065974568832,18.73776174660464,-118.60163894826474,17.389983546902248,2.0448831660584689,18.836497584445025,-19.18943980747008,18.063139932488008,11.469502301647026,16.93449871024296,-70.51814787105696,18.463594446960287,-35.74507302763993,275.4044017634151,229.23623220574565,0.0,0.0,0.0,0.0,0.0,0.0,0.0,0.0,0.0,0.0,0.0,0.0,0.0,0.0,0.0,0.0,0.0,0.0,0.0,0.0,0.0,0.0,0.539527113672204,0.1646908161392564,286.55253178355476,336.39328784773269,3983.0869677348057,0.11389565958924743,0.017383342428151317,138.81081633720923,162.6864654412153,2000.929115646253,0.5423351886918268,0.10248208403095749,301.6416342350779,353.4914573232145,4362.924122580765,0.06353445820697139,0.012005755519080001,190.6277181608598,223.67038870491414,2701.7902286907517,0.0,0.0,6.941802715285721,8.175138131956463,82.05303569385714,0.0,0.0,9.863754247658175,11.551206659332122,148.11338190583474,0.0,0.0,56.72216450461898,66.62932131243326,747.3881145890283,0.0,0.0,32.677805018415998,38.56392893510024,345.98414047305109,0.0,0.0,22.194532796927804,26.029295471961569,314.90455799296327,30.915015516384395,21.203714345942666,435.0658665578191,511.0666060584611,6326.734422666182,0.0,0.0,42.34369516233586,50.164438565874487,357.5922826513316,0.0,18.455390643070407,65.52603834239406,22.0,30.0,0.0,18.72610642695432,67.68984075097991,12.0,30.0,0.0,18.74404758728509,67.75796712289152,22.0,30.0,0.0,18.606466809340714,64.86322233798008,12.0,30.0,0.0,17.3872159952424,72.5208397380417,12.0,30.0,0.0,19.022827254801294,65.43687147406742,12.0,30.0,0.0,18.078882500797829,70.27188944231394,10.0,30.0,0.0,16.761300783966236,75.8229136484635,12.0,30.0,0.0,18.59752344355023,67.21433821048535,20.0,30.0,0.0,18.313518826436547,0.0,0.0,0.0,15.66613049149812,0.0,0.0,550.3007336545217,692.7700934634519,702.3688915422687,545.66508658938,733.7637246824352,1074.9653445584086,735.5281671939891,837.4339719457926,943.2491187724477,0.0,82.04422762748881,82.04422762748881,60.0,0.0,60.0,60.0,12.0,12.0,12.0,19.0,12.0,12.0,21.0,10.0,0.0,0.0,0.0,0.0,0.0,0.0,0.0,0.0,0.0,0.0,0.0,0.0,0.0,82.04422762748881,82.04422762748881,0.0,0.0,0.0,82.04422762748881,0.0,0.0,0.0020366666666666668 
 04/07  06:00:00,11.5,98.0,5.98,4.0,0.0,0.0,0.0,0.0,2.0,2.0,0.0,0.0,0.0,0.0,0.0,1009.0,0.0,5.6487520781665669,1.3823507470048262,3.5422249100944884,0.16937908398150496,4.508252405303087,0.0,1.3823507470048256,1.889778273737413,0.0,0.0,18.724179384956764,20.414429410911909,18.71711635754517,-111.52869451572406,18.681770863418433,-157.51916795415674,18.765031511181787,13.313140141805889,17.374852132767129,-0.10226212932082035,18.82010351979195,-13.775288375260346,18.01761525911445,-19.569245941331475,16.911085875042056,-70.34170504565259,18.455715598590836,-33.923815727158288,261.6445108699336,230.97359589173289,0.0,0.0,0.0,0.0,0.0,0.0,0.0,0.0,0.0,0.0,0.0,0.0,0.0,0.0,0.0,0.0,0.0,0.0,0.0,0.0,0.0,0.0,0.4685281122817656,0.14301834929235827,330.85954640800818,387.77022262559816,4759.152795498327,0.05386357498960326,0.008220936353724552,188.18358809692269,220.80839878979229,2673.504891862201,0.354615353268774,0.06700970394345694,315.8149803530593,370.64637779817857,4451.925055423453,0.10225602274781443,0.019322755621280119,169.60272628219557,198.7636380618665,2441.985260157849,0.0,0.0,5.485346270865645,6.459430895164881,64.81648533223577,0.0,0.0,9.88239513479776,11.571862988683158,148.39309977438024,0.0,0.0,45.047041494473,52.94469092421676,588.3196029646264,0.0,0.0,32.664384403876919,38.54982390235429,345.25944172642928,0.0,0.0,21.237560078526085,24.904709342904988,301.59994983709307,31.294501999097127,21.46399314067019,468.5016737928822,550.3836684375625,6717.913846913706,0.0,0.0,42.43829387560829,50.271697404632927,358.0197252501474,0.0,18.691384958232665,67.87920344875274,22.0,30.0,0.0,18.609657947152316,64.20590012255242,12.0,30.0,0.0,18.547036264873957,64.45856922951058,22.0,30.0,0.0,18.704577514568539,67.89700789869193,12.0,30.0,0.0,17.370539839573856,72.74077070999944,12.0,30.0,0.0,19.008152283593767,65.7116249455873,12.0,30.0,0.0,18.00522822379929,68.64187378255233,10.0,30.0,0.0,16.73758391552506,75.59369047293181,12.0,30.0,0.0,18.589478399939734,67.31743910551737,20.0,30.0,0.0,18.229143923706947,0.0,0.0,0.0,15.646903183189833,0.0,0.0,697.2214083433884,511.614468904978,513.441123998911,701.3709318857858,741.0067175795637,1078.512616133932,670.4416143217857,829.5174178975406,945.8006330807334,0.0,82.04422762748881,82.04422762748881,60.0,0.0,60.0,60.0,12.0,12.0,12.0,19.0,12.0,12.0,21.0,10.0,0.0,0.0,0.0,0.0,0.0,0.0,0.0,0.0,0.0,0.0,0.0,0.0,0.0,82.04422762748881,82.04422762748881,0.0,0.0,0.0,82.04422762748881,0.0,0.0,0.0020233333333333337 
 04/07  06:10:00,11.52,98.0,6.091666666666668,5.0,0.0,0.0,0.0,0.0,2.0,2.0,0.0,0.0,0.0,0.0,0.0,10100.0,0.0,7.067843815914326,1.7296278971786219,4.432110292606336,0.21193085933269496,5.640825287558309,0.0,1.7296278971786213,2.3645324667566998,0.0,0.0,19.846374807854369,-850.1212120706874,18.908677177587486,797.9369711055032,20.15017043896762,-2294.7412348131795,19.04583689184532,876.4185570016477,17.36635668790601,6.593335717495756,18.981625494822575,-31.21685565040003,18.1083095559146,181.3139479223481,16.890544507196993,-74.91601401489408,19.176681547726888,-126.68444928229605,431.18940087454856,322.75831438955626,0.0,0.0,0.0,0.0,0.0,0.0,0.0,0.0,0.0,0.0,0.0,0.0,0.0,0.0,0.0,0.0,0.0,0.0,0.0,0.0,0.0,0.0,0.5127950988554301,0.1565308604564805,408.71276644933848,479.06809924092746,7265.082849564834,0.2312341558022585,0.035292148321468038,347.1140797798413,408.6703158928156,5248.26633347259,0.22624109357068648,0.04275152939733307,523.7114101671724,612.9799551001452,9718.852855103254,0.19127420121632147,0.03614402895244169,351.8883216739766,413.98407411200636,5491.95694423064,0.0,0.0,9.96180966418903,11.801130353443407,117.14094518717632,0.0,0.0,15.188151631744223,17.88908455586637,228.1547394964595,0.0,0.0,76.77787537939938,90.68650885438415,1032.7752553203876,0.0,0.0,37.86461001456456,44.966719272391227,396.87960435037118,0.0,0.0,33.244422115617648,39.07130014008669,546.4560415048247,32.68921115211883,22.42058378060277,703.6779814451941,829.5609343939907,10649.703457360258,0.0,0.0,48.724097060909119,58.05783777340168,418.3327297098196,1946.6922160434565,20.353741451039004,58.84327302582268,21.999999999999998,30.0,0.0,19.032108544927345,63.83895571715672,15.999999999999999,30.0,4361.1778067758709,20.743787484451464,57.52007877349746,21.999999999999998,30.0,0.0,19.273608829059556,63.14567942704744,15.999999999999999,30.0,0.0,17.367662410434357,72.53708151297555,12.0,30.0,0.0,19.037564864838058,65.38062803193189,19.0,30.0,0.0,18.20901401742423,67.81715155183413,10.0,30.0,0.0,16.719174203583976,75.71104205741202,15.999999999999999,30.0,1083.9185549469676,19.733123543805385,62.49154697270558,19.5,30.0,0.0,18.72146397735934,0.0,0.0,0.0,15.742987302796684,0.0,0.0,581.4812138962972,584.3175699921135,583.1481072365397,591.6935999519005,730.937457754316,1047.9677295189818,654.2403136526309,832.4608813884693,917.2860478077146,10815.184660941166,80.85353505387057,85.91639193866419,60.0,0.0,60.0,60.0,16.0,16.0,19.0,19.0,16.0,12.0,21.0,10.0,1.0,0.0,1946.6922160434565,0.0,4361.1778067758709,0.0,0.0,0.0,0.0,1083.9185549469676,7661.717193104707,4597030.315862823,5994026.504436792,80.85353505387057,86.00237605609938,0.3573905731034903,0.7666552427660561,0.3602813740196596,86.00237605609938,0.3542647819438876,5994026.504436792,0.31369937823071328 
 04/07  06:20:00,11.540000000000001,98.0,6.203333333333334,6.000000000000001,0.0,0.0,0.0,0.0,2.0,2.0,0.0,0.0,0.0,0.0,0.0,3030.0,0.0,8.49001548812655,2.0776587624471438,5.323927027652016,0.2545749848973105,6.775856231349302,0.0,2.0776587624471429,2.840317045453201,0.0,0.0,20.548042775785704,-1354.5586908122987,19.477419430283218,722.8778943171526,20.859170886402099,-3115.2026052485427,19.756214185703525,692.7440350206141,17.362183548834346,11.774299138453515,18.826950578360795,-25.6849093645004,18.43544657830707,228.49223405595309,16.8611578145266,-75.83836307372603,19.03099208882378,-88.32489581768408,605.2197460010682,342.4443562460166,0.0,0.0,0.0,0.0,0.0,0.0,0.0,0.0,0.0,0.0,0.0,0.0,0.0,0.0,0.0,0.0,0.0,0.0,0.0,0.0,0.0,0.0,0.6217789705893912,0.18979822057063223,449.9095956548301,525.0142751347177,8850.128249358551,0.26978131426406967,0.04117541426496789,390.8009825436808,458.33809844811256,6577.99277853954,0.3008926110048846,0.05685801417325862,560.0978380342996,652.8353312334029,11372.165639882136,0.21680397778484854,0.04096824977037951,375.29618261789735,439.5188728561779,6630.52772200877,0.0,0.0,10.797044637590407,12.77489358731152,126.62168510939216,0.0,0.0,15.38607684742334,18.104331977643889,230.14026213676244,0.0,0.0,91.55004298135822,107.78707611063018,1325.7115334464045,0.0,0.0,41.87695372412965,49.65514947732388,434.46894707145585,0.0,0.0,27.647206265043886,32.497678631403207,437.73502129204027,33.76944252325358,23.16148321210808,758.2846440444879,891.2876943972508,12336.056904447076,0.0,0.0,54.13160953928258,64.38132126511414,469.66398617816255,1869.8706915605492,21.48445568249834,54.81352109741552,21.999999999999994,29.99999999999999,0.0,20.007656677012414,60.06751762841712,15.999999999999993,29.99999999999999,3725.4104666472164,21.819095583095174,53.667381783826517,21.999999999999994,29.99999999999999,0.0,20.446051077653349,58.445411081591839,15.999999999999993,29.99999999999999,0.0,17.371392247272536,72.07471300391869,11.999999999999995,29.99999999999999,0.0,19.025953749207856,65.02627254024579,18.999999999999994,29.99999999999999,0.0,18.7702766528356,65.20639874540307,9.999999999999997,29.99999999999999,0.0,16.68442275293824,75.60042430748219,15.999999999999993,29.99999999999999,0.0,19.46537089694742,63.21819276875555,18.999999999999994,29.99999999999999,0.0,19.374630740961316,0.0,0.0,0.0,15.811006194019523,0.0,0.0,582.6484750999437,589.8327343760791,580.8480719656864,584.2779161579966,708.1138801242756,983.0095041699465,637.9070196050715,816.8475307554925,883.709750502024,8836.475874011361,82.16210620887374,82.16210620887374,59.99999999999998,0.0,59.99999999999998,59.99999999999998,16.0,16.0,19.0,19.0,16.0,12.0,21.0,10.0,1.0,0.0,1869.8706915605492,0.0,3725.4104666472164,0.0,0.0,0.0,0.0,0.0,0.0,0.0,0.0,82.16210620887374,82.16210620887374,0.3399999999999999,0.7701702368807828,0.36028137401965945,82.16210620887374,0.35426478194388735,0.0,0.0020100000000000007 
 04/07  06:30:00,11.559999999999999,98.0,6.315,7.0,0.0,0.0,0.0,0.0,2.0,2.0,0.0,0.0,0.0,0.0,0.0,2020.0,0.0,9.915349775510073,2.4264635762593507,6.217726962306356,0.2973139398128173,7.913411223231157,0.0,2.426463576259349,3.317159670485638,0.0,0.0,20.656663161267156,-1544.6103686816278,19.834649118876066,642.2122776768056,20.22068939711643,-486.5503065733956,19.965092436705058,182.5212842949104,17.36304855346794,15.937220007698756,18.80316018136459,-16.867863715031889,18.696358071781917,249.11991279628388,16.834890131802398,-76.83128817208626,18.881842274343187,-55.57985042846923,725.7749692149828,381.79331308446617,0.0,0.0,0.0,0.0,0.0,0.0,0.0,0.0,0.0,0.0,0.0,0.0,0.0,0.0,0.0,0.0,0.0,0.0,0.0,0.0,0.0,0.0,0.7151202315242257,0.21829066896343886,534.9486229719302,623.3359513536477,10429.7177063149,0.2426997815242828,0.03704209119723486,348.97320201161758,408.2023387307536,6235.078205791537,0.6836066296042553,0.1291773676500861,484.6907975039135,566.5860368564381,8801.707395499652,0.19302636669794336,0.036475125982226627,276.72494227112647,323.67818244423946,5049.108287675156,0.0,0.0,10.695944811249503,12.641247957151308,125.21728334293855,0.0,0.0,14.428817125686546,16.95903608461061,214.51053390597716,0.0,0.0,102.43780766807395,120.29703573913304,1564.9586050083886,0.0,0.0,46.4068573042551,54.96786601286336,476.7021213476504,0.0,0.0,19.23762495798209,22.606007430569059,294.0558779589246,34.38681892728638,23.584923818440598,743.2025121260247,871.0547679233182,12817.455191642512,0.0,0.0,60.115126707459967,71.40114510928534,527.1029968404745,1756.0499778003326,21.442960946814787,54.89429838337861,22.0,30.0,0.0,20.573981350985755,57.96697591200208,16.0,30.0,371.38044813317625,20.737163357352658,57.35608738405291,21.0,30.0,0.0,20.673847969694408,57.569456853723938,16.0,30.0,0.0,17.381060939932135,71.7032915175493,12.0,30.0,5.837778265748433,18.99928659868319,64.8618905504637,19.0,30.0,0.0,19.208517028025474,63.36725036986163,10.0,30.0,0.0,16.652199198652853,75.26393469244109,16.0,30.0,0.0,19.207328382676509,64.08729629000784,19.0,30.0,0.0,19.86587944706964,0.0,0.0,0.0,15.87693182656227,0.0,0.0,582.5986497978815,592.2444257534087,585.6374630631898,587.8662051971614,690.6064706716463,956.7999004210631,634.7738011363019,765.1171089554238,892.6621555204417,10113.86840247926,81.31740782580641,84.7154776223569,60.0,0.0,60.0,60.0,16.0,16.0,19.0,19.0,16.0,12.0,21.0,10.0,1.0,0.0,1756.0499778003326,0.0,371.38044813317625,0.0,5.837778265748433,0.0,0.0,0.0,5142.696780543532,3085618.0683261195,4035730.4799641256,81.31740782580641,84.77318812831988,0.34142322601811778,0.7631286951005021,0.36028137401965956,84.77318812831988,0.3542647819438875,4035730.4799641256,0.21186798495813456 
 04/07  06:40:00,11.58,98.0,6.426666666666668,9.0,0.0,0.0,0.0,0.0,2.0,2.0,0.0,0.0,0.0,0.0,0.0,4040.0,0.0,12.769114973166669,3.124831002934833,8.007268649057277,0.38288470025089668,10.19099258737761,0.0,3.1248310029348316,4.271880889305672,0.0,0.0,20.639869106484349,-996.4580645109231,19.952350237576178,546.0691602436897,20.939664445592265,-1208.0281517575577,20.00062916896816,585.7508876190154,17.365011371144953,18.808663043596263,19.510797692912705,-29.16443064832182,18.79932836405068,206.58250016509789,16.820329658452886,-66.67100381889034,18.788747010242156,-87.86239211684422,744.1042583318879,455.2237664473861,0.0,0.0,0.0,0.0,0.0,0.0,0.0,0.0,0.0,0.0,0.0,0.0,0.0,0.0,0.0,0.0,0.0,0.0,0.0,0.0,0.0,0.0,0.8133305889094153,0.24826941053400967,441.2732490444254,515.1194347753894,8656.427161690319,0.2322445294056552,0.03544635674689488,300.5492992360484,351.6889064273399,5433.904764879104,0.5986031335157591,0.11311472666586539,373.80262428990769,436.1105529288427,7548.972991944675,0.2201288933355685,0.04159654069077258,280.01735639917799,327.5049867143933,5134.447942475588,0.0,0.0,10.325931961715556,12.221710789381872,120.60648759827669,0.0,0.0,13.610827495944254,15.962465184007156,229.25050677096977,0.0,0.0,105.30001118324829,123.80643803932633,1631.402719361885,0.0,0.0,48.44143545803366,57.48937587921335,494.398397171404,0.0,0.0,17.500822784507358,20.584840841760728,261.06796743956257,34.830398766462298,23.88916239126359,598.8518909169839,702.5628896987264,10595.55788734366,0.0,0.0,68.46977072094767,81.42243145001689,614.5226362742717,1275.2777998351997,21.535377351404187,54.544939581302987,21.750000000000008,30.00000000000001,0.0,20.69048489948347,57.48266993210727,16.000000000000008,30.00000000000001,1796.378461654439,21.752340953600176,53.82367405288788,21.500000000000008,30.00000000000001,0.0,20.739113962132998,57.29898016297982,16.000000000000008,30.00000000000001,0.0,17.3893286137758,71.44862654178218,12.000000000000004,30.00000000000001,858.8927943372348,20.04003382365737,60.65922502429541,19.750000000000008,30.00000000000001,0.0,19.342677912076213,62.698791677319487,10.000000000000004,30.00000000000001,0.0,16.640610605752778,74.84282924779001,16.000000000000008,30.00000000000001,19.351959787697799,19.05556668406608,64.58350643994688,19.000000000000008,30.00000000000001,0.0,19.99867703047494,0.0,0.0,0.0,16.00147362050067,0.0,0.0,587.4252202688941,594.6616579656848,588.0145677283144,595.271979629315,675.5843931490758,958.7737831222739,627.1309505050049,696.6785176437684,906.6691265264126,9765.75983211133,81.54750449512945,85.16457665947489,60.00000000000002,0.0,60.00000000000002,60.00000000000002,16.0,16.0,19.0,19.0,16.0,12.0,21.0,10.0,1.0,0.0,1275.2777998351997,0.0,1796.378461654439,0.0,858.8927943372348,0.0,0.0,19.351959787697799,5473.780555768846,3284268.3334613058,4297509.465810806,81.54750449512945,85.22600655268099,0.35245935185896157,0.7660517402073789,0.36028137401965967,85.22600655268099,0.35426478194388769,4297509.465810806,0.22548049222216189 
 04/07  06:50:00,11.6,98.0,6.538333333333333,11.0,0.0,0.0,0.0,0.0,2.0,2.0,0.0,0.0,0.0,0.0,0.0,4040.0,0.0,15.6302083099787,3.8249917564363997,9.801405634925573,0.4686751910835105,12.474422458105805,0.0,3.8249917564363975,5.229053721857595,0.0,0.0,20.78428235151749,-1109.5086679306665,20.056495461914428,412.8514961909541,20.866507254590539,-725.2204907830551,20.056975036198759,319.21253013740036,17.37004845552085,20.89063909332957,19.372294875505934,-20.94980736601876,18.860530495819643,165.06848024907243,16.817578006299308,-60.87571344704031,19.283842094227745,-87.54498561989243,705.9759933626579,448.23933454803037,0.0,0.0,0.0,0.0,0.0,0.0,0.0,0.0,0.0,0.0,0.0,0.0,0.0,0.0,0.0,0.0,0.0,0.0,0.0,0.0,0.0,0.0,0.744558311309538,0.22727665180388829,420.76677419192847,491.6361000656145,8170.5104777796609,0.20115034745040154,0.030700602480220018,249.7339872289308,292.25411301658888,4566.797265817865,0.7304046381992343,0.13802052876024843,330.973502991881,385.67627722101846,6575.881827693953,0.20890955375069313,0.039476484079873978,245.2599690142144,286.81086002712177,4445.076223715862,0.0,0.0,10.757635132731059,12.735017143873327,125.45106538322126,0.0,0.0,12.362580818139744,14.513445194193315,204.007628034522,0.0,0.0,99.83213149045284,117.37139194223576,1556.4528550994192,0.0,0.0,51.8899914439459,61.58242267339301,528.1748711367915,0.0,0.0,23.717704596444585,27.84274093250267,392.23734449825477,35.077265091543178,24.058480858397254,500.39610725656896,587.0655596108801,8868.776478948825,0.0,0.0,64.66244207826674,76.90005205298786,583.6647851283264,1755.8999365479515,21.572121179942238,54.228086267967658,22.0,30.0,0.0,20.810892642208424,56.88689246932469,16.0,30.0,1543.041006355722,21.551315255193854,54.37720493701801,21.5,30.0,0.0,20.71819281143023,57.25152681715346,16.0,30.0,0.0,17.401273594027946,71.11949151303129,12.0,30.0,0.0,19.88232772619073,61.09396239739239,19.0,30.0,0.0,19.414241567542996,62.14974995028109,10.0,30.0,0.0,16.647608248849367,74.41526657841453,16.0,30.0,770.4100603150271,19.898161577749286,60.98472450758892,19.5,30.0,0.0,19.91761631209401,0.0,0.0,0.0,16.05114024236297,0.0,0.0,586.1792703031924,596.0294280972772,590.6104964830659,596.3765462542906,656.2966625704098,948.359372656609,607.5542024191653,659.2815834321905,863.3384242942908,10081.820170476829,81.33846115209924,85.01663263514091,60.0,0.0,60.0,60.0,16.0,16.0,19.0,19.0,16.0,12.0,21.0,10.0,1.0,0.0,1755.8999365479515,0.0,1543.041006355722,0.0,0.0,0.0,0.0,770.4100603150271,5566.119135115903,3339671.481069542,4325427.247636205,81.33846115209924,85.0791001976143,0.35553730450386347,0.7679309211906158,0.36028137401965956,85.0791001976143,0.3542647819438875,4325427.247636205,0.226905550210416 
 04/07  07:00:00,11.62,98.0,6.65,13.0,0.0,0.0,0.0,0.0,2.0,2.0,0.0,0.0,0.0,0.0,0.0,4041.0,0.0,18.498329481413064,4.526872346869304,11.599949606189757,0.5546764078373347,14.763461165698623,0.0,4.526872346869302,6.1885777018836729,0.0,0.0,20.66446027210914,-452.71622038753187,19.997281077476126,215.32354589755733,20.882677019257135,-605.5876819205514,20.069872271828808,183.14598250540986,17.371873649745227,17.86549218234653,19.241792317766476,-11.63816085807747,18.83510264470969,113.90342746488477,16.814098228460354,-60.79553180977058,19.124121727183135,-66.16814684198488,700.981091016472,436.0828871930301,0.0,0.0,0.0,0.0,0.0,0.0,0.0,0.0,0.0,0.0,0.0,0.0,0.0,0.0,0.0,0.0,0.0,0.0,0.0,0.0,0.0,0.0,0.794375713775777,0.24248342911348506,307.917302518916,360.28685802714508,5805.008447619524,0.181993356401521,0.027776763797545947,192.87747494411486,225.86845880232404,3455.196037431482,0.6769671552632057,0.12792274286908654,312.1323866789173,364.8595186928682,6023.378350206992,0.171913454441003,0.032485535608655139,186.01783747455768,217.67040506853523,3352.6485481746638,0.0,0.0,9.74734112745697,11.537982585901391,113.34918772902371,0.0,0.0,10.819916037255564,12.710864451821373,173.31596419513248,0.0,0.0,95.83624307116694,112.71620383276674,1473.0762614275457,0.0,0.0,50.517755800171148,59.954972321178328,512.3891678542044,0.0,0.0,16.96862893427176,19.931331967700417,268.1609823785714,35.362261821388027,24.253951866521289,429.8720237211507,504.7569494417502,7709.0121138829,0.0,0.0,63.944834980387629,76.05519506375708,573.4629217165772,584.193809220463,21.163551363246197,55.49333284317962,21.25,30.0,0.0,20.644403127576444,57.35594417560677,16.0,30.0,1005.0868701833788,21.468860820848407,54.46901248305358,21.25,30.0,0.0,20.689704978729205,57.19205120393991,16.0,30.0,0.0,17.405346760960464,70.85964378547922,12.0,30.0,0.0,19.6558287848632,61.79445109360727,19.0,30.0,0.0,19.321040964120976,62.37513868406593,10.0,30.0,0.0,16.650220889606979,74.13954358456641,16.0,30.0,0.0,19.55297028025211,62.084096688556609,19.0,30.0,0.0,19.937892331401366,0.0,0.0,0.0,16.041126405728599,0.0,0.0,586.5618789801117,596.2178432626547,586.6261404420098,594.7825199744076,642.1107206534625,950.9163062869653,606.9872415644804,648.314211841265,852.7839641841716,3769.8859707940225,83.7591214217512,83.7591214217512,60.0,0.0,60.0,60.0,16.0,16.0,19.0,19.0,16.0,12.0,21.0,10.0,1.0,0.0,584.193809220463,0.0,1005.0868701833788,0.0,0.0,0.0,0.0,0.0,0.0,0.0,0.0,83.7591214217512,83.7591214217512,0.17,0.3457590772298046,0.18014068700982978,83.7591214217512,0.17713239097194376,0.0,0.0019566666666666666 
 04/07  07:10:00,11.648333333333334,98.0,6.73,15.0,0.0,0.0,0.0,0.0,2.0,2.0,0.0,0.0,0.0,0.0,0.0,9099.0,0.0,21.373287692010636,5.230426083169434,13.402780919624407,0.6408826296109755,17.057956438416299,0.0,5.230426083169432,7.150388999159388,0.0,0.0,20.961916055052993,-1505.6805962116237,20.0034079908366,527.6187746711854,20.805442790453428,-375.26822467930739,20.054535857706754,289.60490851356186,17.37171715974875,19.208538274571827,19.159155150316797,-13.119437905209522,18.882144639705325,272.6634904832043,17.820108208032566,-142.96072195646938,19.007083879620504,-51.003916870022418,721.1729912900667,363.6315440175245,0.0,0.0,0.0,0.0,0.0,0.0,0.0,0.0,0.0,0.0,0.0,0.0,0.0,0.0,0.0,0.0,0.0,0.0,0.0,0.0,0.0,0.0,0.7275151953311326,0.22207423544906369,452.98040002585295,528.7338990763475,8988.717687753175,0.20712107803371058,0.031611886146781228,286.49441603416877,335.7437982069141,5116.05125160405,0.7031958814030611,0.1328790403255974,265.85671361143116,311.13643572697029,5069.4925854152329,0.20326091589880378,0.03840909219554114,249.9826558873624,293.0345820843279,4465.870059858892,0.0,0.0,10.38433122414804,12.302926602830242,120.15675740240016,0.0,0.0,12.777044426767125,15.025523186858577,200.3262930328293,0.0,0.0,92.45754450565535,108.82326501747257,1430.0644698216866,0.0,0.0,35.04366627226929,41.47601610045515,446.98644592435439,0.0,0.0,14.96027944771866,17.60651718066508,229.9080397717078,35.78481244363877,24.54376710811987,530.5509764355971,623.3033533870276,9346.190754652223,0.0,0.0,52.60184183413345,62.65763987182383,458.595037053336,1800.1897023578873,21.692806077998339,53.58533642479855,21.999999999999994,29.999999999999994,0.0,20.658756507575644,57.1771021942755,15.999999999999997,29.999999999999994,0.0,21.21925136509999,55.18595220382624,20.999999999999998,29.999999999999994,0.0,20.65746614744902,57.19149085745789,15.999999999999997,29.999999999999994,0.0,17.40614835579687,70.65301638838833,11.999999999999997,29.999999999999994,0.0,19.514372399922818,63.50772554127691,18.999999999999998,29.999999999999994,0.0,19.41335167369576,61.83179396862258,9.999999999999999,29.999999999999994,1310.0715364712783,18.21080069630711,67.1278940272963,20.7,29.999999999999994,0.0,19.351703980003494,63.9159900301986,18.999999999999998,29.999999999999994,0.0,19.966430308620905,0.0,0.0,0.0,15.9430792070658,0.0,0.0,583.1372520455254,592.9355452194938,584.3820491958506,592.6336016766006,631.4277536111795,977.7598169423753,596.9027765367489,640.0453193817375,879.1311910858096,9759.35353360951,81.5518580013106,82.31699818717282,59.999999999999989,0.0,59.999999999999989,59.999999999999989,16.0,16.0,19.0,19.0,19.7,12.0,21.0,10.0,1.0,0.0,1800.1897023578873,0.0,0.0,0.0,0.0,0.0,1310.0715364712783,0.0,1157.9610500098348,694776.630005901,900332.7624754749,81.5518580013106,82.32999280761985,0.3408209238892168,0.7705679907443352,0.36028137401965945,82.32999280761985,0.3542647819438875,900332.7624754749,0.048747303648724708 
 04/07  07:20:00,11.676666666666666,98.0,6.8100000000000009,17.0,0.0,0.0,0.0,0.0,2.0,2.0,0.0,0.0,0.0,0.0,0.0,5055.0,0.0,24.256833961128128,5.936081471116876,15.210997597187586,0.7273463597979859,19.359305745386434,0.0,5.936081471116872,8.115073413573182,0.0,0.0,21.043106048413998,-1325.142581466016,20.108135524183909,541.2427556365781,20.932332880735886,-748.2763112078899,20.106542147321638,469.66955194770147,17.373348882459348,19.935351505481998,19.09502483054843,-10.969193072870692,19.07224778325912,284.80810040199568,19.017345114928618,-77.64736545802248,18.88668858359414,-148.5583104549101,744.9551286564954,344.4247324084588,0.0,0.0,0.0,0.0,0.0,0.0,0.0,0.0,0.0,0.0,0.0,0.0,0.0,0.0,0.0,0.0,0.0,0.0,0.0,0.0,0.0,0.0,0.7068423442077567,0.21576384133325908,446.0431047464364,520.515718723148,8803.433070008135,0.21260547331744679,0.03244894281401814,299.68430316783647,350.6205858894865,5421.652982992022,0.640870738507869,0.12110180243912877,318.95911933047236,372.10592133227228,6279.604202648145,0.21713896339879164,0.041031550150943247,290.9633453277604,340.4394770771666,5235.912944849716,0.0,0.0,10.283578507277108,12.174285449278593,118.48089078638917,0.0,0.0,13.381034759627374,15.723494580393952,206.23182048294459,0.0,0.0,80.9704053695138,95.11475934587374,1297.4950284684874,0.0,0.0,18.88743373822583,22.151029322996146,322.47865774157847,0.0,0.0,24.68056228101757,29.005619306821396,366.48813322703327,36.25371824147144,24.865376022957105,584.5952620139724,685.6283116297273,10342.085490382247,0.0,0.0,44.215217588250208,52.622302510156369,377.77828975630589,1474.4095693586258,21.688348763172855,53.575925216830999,21.800000000000006,30.000000000000008,0.0,20.803864912442604,56.63413719175712,16.000000000000005,30.000000000000008,1284.657978026772,21.567328623904296,53.981913138249918,21.400000000000007,30.000000000000008,0.0,20.734574815856037,56.88122977308276,16.000000000000005,30.000000000000008,0.0,17.409613493976495,70.424306370564,12.000000000000004,30.000000000000008,0.0,19.40605259313704,65.72903837538377,19.000000000000005,30.000000000000008,0.0,19.723849233472519,60.650258828502469,10.000000000000002,30.000000000000008,1073.8117175618903,20.342222969812175,58.75076117993294,20.700000000000004,30.000000000000008,0.0,19.13480925272367,65.9850987075807,19.000000000000005,30.000000000000008,0.0,20.065477399321197,0.0,0.0,0.0,15.883295641121626,0.0,0.0,583.3323441117374,592.759346169527,583.6121155167598,592.1562680333539,619.6477530776332,1014.1423255340774,601.595302758591,641.6951465188904,889.7533009285666,9861.751854819315,81.48407590134527,85.67412636637451,60.000000000000017,0.0,60.000000000000017,60.000000000000017,16.0,16.0,19.0,19.0,19.7,12.0,21.0,10.0,1.0,0.0,1474.4095693586258,0.0,1284.657978026772,0.0,0.0,0.0,1073.8117175618903,0.0,6341.120182231096,3804672.109338657,4967795.849253038,81.48407590134527,85.74528733328364,0.34737067274103658,0.7661634829086158,0.3602813740196596,85.74528733328364,0.35426478194388757,4967795.849253038,0.2602287174944912 
 04/07  07:30:00,11.704999999999999,98.0,6.890000000000001,19.0,0.0,0.0,0.0,0.0,2.0,2.0,0.0,0.0,0.0,0.0,0.0,4044.0,0.0,27.145003205814264,6.642868183937894,17.022113231102389,0.8139487074735666,21.664344597883333,0.0,6.642868183937891,9.081304434860272,0.0,0.0,20.918221354137836,-841.7507359490755,20.149223974287858,292.8084494998477,20.935730456310006,-776.251344726034,20.184837048500673,312.0299302588079,17.37437925928668,18.474734753038719,19.04945180557297,-9.015903690724798,19.15472495909092,206.48289997378084,19.054950459375968,-25.23236257282055,19.252346343833634,-114.77519990456942,673.307919456299,263.319852549061,0.0,0.0,0.0,0.0,0.0,0.0,0.0,0.0,0.0,0.0,0.0,0.0,0.0,0.0,0.0,0.0,0.0,0.0,0.0,0.0,0.0,0.0,0.703695778335693,0.21480335114032143,328.1452148589521,382.99087749390858,6296.679857810113,0.18217003854417614,0.02780372993653482,213.6851971483758,249.90838459133136,3863.388410070723,0.6212133052067905,0.11738724588185767,316.93209267636237,369.2465843289739,6228.748307336436,0.18617020360567866,0.035179554725184917,226.5562486802776,264.8597648934422,4099.5451466819199,0.0,0.0,9.813880227768026,11.612458667337272,112.54351517918946,0.0,0.0,11.904633148405054,13.986393219038348,181.11082949762278,0.0,0.0,68.64838052992605,80.59398942507936,1110.0114349402937,0.0,0.0,12.410659845794794,14.565304770427467,208.89005914472365,0.0,0.0,20.194918452893817,23.74832529216045,318.5938265312795,36.46013634122836,25.00695222306473,449.8741309238462,527.4781554052704,8009.161770700715,0.0,0.0,32.306353354993678,38.48672306188574,271.29054627490236,1398.3225873828188,21.531823400558446,54.035884708259867,21.75,30.0,0.0,20.81470979651997,56.57974552632783,16.0,30.0,1449.5210834378632,21.50817198654659,54.17566991745949,21.5,30.0,0.0,20.804869798037499,56.63285165786779,16.0,30.0,0.0,17.411198102992047,70.31695777993278,12.0,30.0,0.0,19.33150817580684,67.30901298675697,19.0,30.0,0.0,19.825112936121415,60.25763745512454,10.0,30.0,298.78295135407776,20.15403225811705,59.65097366358782,19.7,30.0,887.7360854063313,19.732402434406116,63.80687886017692,19.75,30.0,0.0,19.8769144454941,0.0,0.0,0.0,15.80038287880448,0.0,0.0,578.1800286868624,591.279480800329,583.5931673238609,592.3127472726637,615.0795506757193,1046.1557015101226,600.7318484010514,660.668768755191,856.8587787922053,9299.27835480753,81.85596227966914,83.8049474637125,60.0,0.0,60.0,60.0,16.0,16.0,19.0,19.0,19.7,12.0,21.0,10.0,1.0,0.0,1398.3225873828188,0.0,1449.5210834378632,0.0,0.0,0.0,298.78295135407776,887.7360854063313,2949.199042185155,1769519.425311093,2297574.296996572,81.85596227966914,83.83804770232433,0.3533066347395052,0.768996038670183,0.36028137401965956,83.83804770232433,0.3542647819438875,2297574.296996572,0.12135053011048842 
 04/07  07:40:00,11.733333333333333,98.0,6.970000000000001,23.333333333333333,0.0,0.0,0.0,1.0,2.0,0.0,0.0,0.0,0.0,0.0,4.0,4044.0,0.0,33.401725438100317,8.174000110409264,20.94558395115205,1.001557808683056,26.657815075327109,0.0,8.174000110409258,11.174477860736968,0.0,0.0,20.949406331785228,-787.2828445600574,20.120727725078195,328.5239499849729,20.82327198710052,-532.5456984116561,20.210936901148128,241.40492652894478,17.374276549800834,17.10205004470403,19.016667397415387,-10.510049640711884,18.84096781093809,-160.54902070581034,19.253379757527548,-50.55654645374253,19.231286970989176,-87.91720089690762,714.8284887981886,676.1907953962002,0.0,0.0,0.0,0.0,0.0,0.0,0.0,0.0,0.0,0.0,0.0,0.0,0.0,0.0,0.0,0.0,0.0,0.0,0.0,0.0,0.0,0.0,0.7075246333822197,0.21597211031203288,283.8504013555305,331.3274578975572,5448.752378940081,0.18650125382804506,0.028464782330287709,225.37697399721726,263.65723833552638,4028.6446518248105,0.5244323815563966,0.09909908948533575,235.05493372778569,274.3589405728876,4490.370588608018,0.1670890050904486,0.03157388607151333,225.78192425163776,264.0131761941362,4071.763754837514,0.0,0.0,10.214948981728874,12.087432527407714,116.53706485025008,0.0,0.0,11.758357404295854,13.814757427711424,176.98225136361004,0.0,0.0,148.19102152232319,174.27370686894609,2192.4468252393287,0.0,0.0,24.49952953509758,28.684765219002917,426.4359852447702,0.0,0.0,95.58511767039097,112.18952882386474,1507.6484584701389,36.85948090370388,25.280851099934084,448.1083005349899,525.5134550281376,7975.1446162483739,0.0,0.0,93.55688778165589,111.10010937594424,860.8862916404293,958.7368569863411,21.411014311381416,54.63417536343948,21.5,30.0,0.0,20.7417605355084,56.906614597200498,16.0,30.0,0.0,21.410053680844709,55.445441365348859,21.0,30.0,0.0,20.81393133620026,57.14270089215245,19.0,30.0,0.0,17.410508836005677,70.46612625732071,12.0,30.0,0.0,19.277535466811825,68.33425482350865,19.0,30.0,0.0,19.15324348454904,63.44460275961571,10.0,30.0,369.8373991402004,20.49219184581476,59.30333277000765,20.2,30.0,0.0,19.659790933271645,62.09437198176539,12.0,30.0,0.0,20.02207342888594,0.0,0.0,0.0,16.26915658037834,0.0,0.0,588.5496670450103,593.4237946113067,631.7552336827974,615.1607751486961,625.5194837318309,1062.7967085868245,643.6887535737292,704.4313995928663,693.6477264634398,9598.666280635123,81.65812067738014,81.65812067738017,220.0,0.0,220.0,220.0,16.0,19.0,19.0,12.0,19.7,12.0,21.0,10.0,1.0,0.0,958.7368569863411,0.0,0.0,0.0,0.0,0.0,369.8373991402004,0.0,0.0,0.0,0.0,81.65812067738014,81.65812067738014,0.34,0.7703513764362296,0.36028137401965956,81.65812067738014,0.3542647819438875,0.0,0.006783333333333334 
 04/07  07:50:00,11.761666666666665,98.0,7.05,27.666666666666666,0.0,0.0,0.0,1.0,2.0,0.0,0.0,0.0,0.0,0.0,4.0,2022.0,0.0,39.67804996624958,9.709929069562288,24.88134679761582,1.1897546744139947,31.66692992768538,0.0,9.709929069562282,13.27420919397534,0.0,0.0,21.311175368931758,-1567.804019622139,20.195452039530378,578.6112790600173,20.872470189924948,-425.36837502652636,20.158254336579547,170.50918820001335,17.373521842033655,17.437039797700323,18.988454912577603,-14.386840779586806,18.594714696709745,61.163653145131778,18.861983865189374,-25.258946893574149,18.96649833598396,-66.32219775275076,716.2017677600616,617.3687342086669,0.0,0.0,0.0,0.0,0.0,0.0,0.0,0.0,0.0,0.0,0.0,0.0,0.0,0.0,0.0,0.0,0.0,0.0,0.0,0.0,0.0,0.0,0.5150956891273705,0.1572331163392462,388.250576849964,451.0855521482036,7853.6609823841149,0.20376206486469695,0.031099216249190627,316.09149787558865,368.6159187914801,5726.98955959678,0.7677359310557761,0.1450748169039638,182.80894424915489,213.36133741890456,3446.829193646982,0.19033499354370893,0.035966552067972199,184.44973988416599,215.64606399647077,3277.3020724120017,0.0,0.0,11.067725083398813,13.068474367826884,125.63488325826124,0.0,0.0,13.72366694273153,16.082882780892619,204.54194232970037,0.0,0.0,164.10679459432047,192.85644353879457,2303.0311201314427,0.0,0.0,20.945417264967476,24.542671171616385,332.4845514506113,0.0,0.0,106.58962219977522,125.08174404630413,1584.151971303675,37.25844001484272,25.554485606888016,494.1083552215041,578.4051952659575,8696.124889240775,0.0,0.0,98.40798101096323,116.58861510989559,934.8836149868729,1890.6356756764404,22.049840921114929,52.62758789093285,22.0,30.0,0.0,20.869222590955148,56.63580702878805,16.0,30.0,891.1806207653049,21.473337434895116,55.647197868619517,21.5,30.0,0.0,20.691546934934494,57.9137175704395,19.0,30.0,0.0,17.409018098616924,70.61921930778826,12.0,30.0,0.0,19.229939697161436,69.0109112037135,19.0,30.0,0.0,18.773757301426647,64.88827054732369,10.0,30.0,119.6580471549777,19.72795565113313,63.045144563109598,19.7,30.0,0.0,19.21488697561358,63.13195524594093,12.0,30.0,0.0,20.0147838441244,0.0,0.0,0.0,16.45643404795083,0.0,0.0,593.10941513528,601.2234336098052,658.5727728009388,632.8868310134233,634.3776413395701,1066.0573851838213,634.7458565962669,752.1921135411679,638.14822499859,8369.249366094085,82.47086993115099,82.47086993115099,220.0,0.0,220.0,220.0,16.0,19.0,19.0,12.0,19.7,12.0,21.0,10.0,1.0,0.0,1890.6356756764404,0.0,891.1806207653049,0.0,0.0,0.0,119.6580471549777,0.0,0.0,0.0,0.0,82.47086993115099,82.47086993115099,0.34,0.7719421471934316,0.36028137401965956,82.47086993115099,0.3542647819438875,0.0,0.00664888888888889 
 04/07  08:00:00,11.79,98.0,7.13,32.0,0.0,0.0,0.0,1.0,2.0,0.0,0.0,0.0,0.0,0.0,4.0,4044.0,0.0,45.97278177239694,11.250362619134377,28.82865240364566,1.378503472684837,36.690735424454249,0.0,11.250362619134372,15.380098643830989,0.0,0.0,21.22097975446196,-1196.4235822274509,20.319601983857859,406.83583775887726,20.871627735512026,-619.7771694700114,20.16578116670305,327.13380530278848,17.37361619205014,17.45158669606066,18.97087563540292,-9.90837870185328,18.778082065618855,268.55385904019479,19.34009144223427,-75.71413392726001,18.790258238174937,-140.33856241693705,744.745641585987,406.7412881044689,0.0,0.0,0.0,0.0,0.0,0.0,0.0,0.0,0.0,0.0,0.0,0.0,0.0,0.0,0.0,0.0,0.0,0.0,0.0,0.0,0.0,0.0,0.5578711683653888,0.17029034443387937,337.3577088555184,393.1575015012502,6659.886898859343,0.1813685417312251,0.027681401363129595,265.13287865989539,309.7658386680731,4853.268803987094,0.6967066200439507,0.1316528004618199,260.85641168832276,304.6568874858774,4920.625702529353,0.2087126505115381,0.03943927636272449,265.92628713705849,311.19457853109119,4703.664776342952,0.0,0.0,10.749875306704388,12.718106639271296,121.3683250652788,0.0,0.0,13.54023721392992,15.907096503107239,200.25539137630509,0.0,0.0,114.04211613656385,134.1598156958172,1672.230183438063,0.0,0.0,25.871122565275618,30.2540595585647,449.77950489600087,0.0,0.0,59.64507669716291,70.22268553820898,850.7054772158401,37.73361634104735,25.880395295642914,524.0517335590184,614.3714022861996,9273.745773288847,0.0,0.0,59.800483195313109,71.03378746228136,535.9447596967775,1506.8854385167143,21.810042945150685,53.69730104667097,22.0,30.0,0.0,21.02861588187419,56.344843454159967,16.0,30.0,0.0,21.287586348486909,56.260540853462448,21.0,30.0,0.0,20.715747892980536,58.14660867695963,19.0,30.0,0.0,17.40887403130187,70.6917454887653,12.0,30.0,0.0,19.201760591834657,69.16962127669498,19.0,30.0,0.0,19.14338581516032,63.36806763751844,10.0,30.0,699.1812621930974,20.523135610024619,60.00993619052666,20.45,30.0,0.0,18.935582094257688,64.30538717525485,12.0,30.0,0.0,20.112666467024686,0.0,0.0,0.0,16.15989847942037,0.0,0.0,608.2190877181214,614.2288690314829,650.8764154741064,647.751545205582,637.046633508261,1052.061633538278,622.805335109071,749.2648195318376,639.4416568011268,8749.485679229843,82.21959890357674,82.21959890357674,220.0,0.0,220.0,220.0,16.0,19.0,19.0,12.0,19.7,12.0,21.0,10.0,1.0,0.0,1506.8854385167143,0.0,0.0,0.0,0.0,0.0,699.1812621930974,0.0,0.0,0.0,0.0,82.21959890357674,82.21959890357674,0.34,0.7708651460556379,0.36028137401965956,82.21959890357674,0.3542647819438875,0.0,0.006514444444444445 
 04/07  08:10:00,11.858333333333333,97.83333333333334,7.24,36.333333333333339,0.0,0.0,4.0,0.0,0.0,0.0,0.0,0.0,0.0,0.0,0.0,4044.0,0.0,52.284975101116469,12.795069315843648,32.7869077088504,1.5677758455170472,41.72847676871787,0.0,12.795069315843643,17.491829809790766,0.0,0.0,21.16745303956631,-953.5355217625881,20.25479671778622,245.0156622394199,21.034047416562559,-432.2951519259781,20.217934718077843,-13.892084605956726,17.376405397377775,19.927973825515168,18.895733262994889,8.069661009446577,18.866043920277535,91.21955266776604,18.99012778327247,-27.232163569946779,18.454653226204955,-415.7552965613006,603.4813061350567,769.1916131963519,0.0,0.0,0.0,0.0,0.0,0.0,0.0,0.0,0.0,0.0,0.0,0.0,0.0,0.0,0.0,0.0,0.0,0.0,0.0,0.0,0.0,0.0,0.7615127501806372,0.23245199944463899,336.9899066009106,392.6828472658813,6482.381520268412,0.1855804315298476,0.028324241686484676,185.96802898585518,216.96647783766549,3318.532553886642,0.4312272243991808,0.08148662592577116,159.6012647753124,186.02401148768568,3142.2028065353595,0.18624198048375635,0.03519311800524495,20.233928791630615,23.6251197039816,357.69268902284008,0.0,0.0,9.2767843382012,10.97215016663979,103.55208481767285,0.0,0.0,28.79024095531683,33.889873190154649,416.3062422658986,0.0,0.0,203.9374233074318,239.8131379341354,3002.2427579647089,0.0,0.0,19.717449108179886,23.120984489075167,311.4824101475395,0.0,0.0,142.66238010445995,168.25465926526008,1856.813636092397,37.969393497611388,26.042108023053087,287.01173238531046,336.3659588875559,5122.021615081014,0.0,0.0,144.27886298213077,171.10792836452908,1423.5298692110633,1131.6568130766019,21.63244676602423,54.40649125378751,21.5,30.0,0.0,20.858267205735335,57.21108000801442,16.0,30.0,1161.7568553719405,21.706476883266907,54.46787534785769,21.5,30.0,0.0,20.69984815202228,61.19098290481253,19.0,30.0,0.0,17.41360658703783,70.92480557433544,12.0,30.0,0.0,19.08772240044106,67.15811018114234,16.0,30.0,0.0,19.239520922194449,63.5418583337838,10.0,30.0,0.0,19.82182714355723,61.98556043967157,16.0,30.0,0.0,18.351877000326007,67.20219595250886,12.0,30.0,0.0,19.663419029161277,0.0,0.0,0.0,16.72719148623272,0.0,0.0,605.2835460649525,623.7857063766793,625.9901159705385,823.4306278892998,647.9077161030652,870.2270360486517,655.041513180336,703.4657145878736,661.9774472936064,8317.88763077632,82.50497184103813,82.50497184103813,132.0,0.0,132.0,132.0,16.0,19.0,16.0,12.0,16.0,12.0,21.0,10.0,1.0,0.0,1131.6568130766019,0.0,1161.7568553719405,0.0,0.0,0.0,0.0,0.0,0.0,0.0,0.0,82.50497184103813,82.50497184103813,0.34,0.7688399192799296,0.36028137401965956,82.50497184103813,0.3542647819438875,0.0,0.0038280000000000004 
 04/07  08:20:00,11.926666666666666,97.66666666666667,7.3500000000000009,40.666666666666667,0.0,0.0,4.0,0.0,0.0,0.0,0.0,0.0,0.0,0.0,0.0,3033.0,0.0,58.613845792357007,14.34385726168901,36.7556209853965,1.7575482802843288,46.779528131036759,0.0,14.343857261689003,19.609140352738476,0.0,0.0,21.180226207151156,-1311.679657882023,20.266506514554125,352.4239461178687,20.73316171413186,-119.67305023977294,20.258831809793194,-34.4266346020678,17.381030607691288,20.914732311705575,18.80145148109034,10.081726132163184,18.851198167601827,89.41352747050644,18.598270051556729,-9.233587165231139,18.188786262960329,-298.385054178467,666.9525707996234,738.0959889821883,0.0,0.0,0.0,0.0,0.0,0.0,0.0,0.0,0.0,0.0,0.0,0.0,0.0,0.0,0.0,0.0,0.0,0.0,0.0,0.0,0.0,0.0,0.7032240841534501,0.21465936634720696,388.3885947176657,452.3227273578616,7458.575011150402,0.19475643365104076,0.029724730410720495,264.1626539139351,308.62957953653958,4680.539668645783,0.6095682686350658,0.1151867476634667,111.18508565595507,129.74011184342545,2059.955206078551,0.17348496420720989,0.03278249512607895,17.18595580324132,20.090407818538666,302.4181218032957,0.0,0.0,9.528378598259924,11.263161204932022,105.19463014183396,0.0,0.0,29.566849226023078,34.74005940604534,413.96297036350077,0.0,0.0,219.35549929998474,257.6377992590395,3186.237261699953,0.0,0.0,15.183099940138686,17.85526401203469,219.01027022343488,0.0,0.0,152.37013436121959,179.72860291602769,1845.5492085696479,38.35108024382685,26.303895914833228,325.07153230795708,380.8464297846207,5730.513541059752,0.0,0.0,153.5108932739211,181.7722083031825,1528.2158042923359,1452.496522370839,21.64374758348636,54.488082870725509,21.999999999999994,29.99999999999999,0.0,20.873368921869468,57.17068780759262,15.999999999999993,29.99999999999999,0.0,21.240787055987647,55.83182142906331,20.999999999999994,29.99999999999999,0.0,20.725743938684219,64.01554948462668,18.999999999999994,29.99999999999999,0.0,17.420957408326467,71.16863016926904,11.999999999999995,29.99999999999999,0.0,18.9404049766071,66.08161879041131,15.999999999999993,29.99999999999999,0.0,19.210935597750799,63.663463722043868,9.999999999999997,29.99999999999999,0.0,19.125232320250093,64.26399290724072,15.999999999999993,29.99999999999999,0.0,17.972571291800219,68.85836267463083,11.999999999999995,29.99999999999999,0.0,19.848862441767268,0.0,0.0,0.0,16.852531507417,0.0,0.0,610.5288987604355,617.795298118453,609.4272689397506,998.7729407573108,660.1653381635572,749.7172035929559,651.3050824521502,673.1411120630637,660.5682043648179,9523.673049061272,81.7077259496257,81.7077259496257,131.99999999999995,0.0,131.99999999999995,131.99999999999995,16.0,19.0,16.0,12.0,16.0,12.0,21.0,10.0,1.0,0.0,1452.496522370839,0.0,0.0,0.0,0.0,0.0,0.0,0.0,0.0,0.0,0.0,81.7077259496257,81.7077259496257,0.3399999999999999,0.7682664514644932,0.36028137401965945,81.7077259496257,0.35426478194388735,0.0,0.0037473333333333336 
 04/07  08:30:00,11.995,97.5,7.46,45.0,0.0,0.0,4.0,0.0,0.0,0.0,0.0,0.0,0.0,0.0,0.0,2022.0,0.0,64.95871258102339,15.896559738906927,40.73436502839274,1.9478003496114674,51.84334580129451,0.0,15.89655973890692,21.731802356851703,0.0,0.0,21.187267884213428,-1551.297085885115,20.27223186844008,331.70947319392328,20.5662560376538,128.61739208168229,20.280068250727547,-51.39913549369501,17.385551885775788,20.813119597143897,18.73110164348109,12.567223841930514,18.776915941734609,73.19239640729757,18.329725019950204,-7.577176474885221,18.034774886983187,-227.22854705354895,703.07297945755,727.4238061100623,0.0,0.0,0.0,0.0,0.0,0.0,0.0,0.0,0.0,0.0,0.0,0.0,0.0,0.0,0.0,0.0,0.0,0.0,0.0,0.0,0.0,0.0,0.7282699294664128,0.2223046182742408,440.9141912026572,512.981487140566,8415.799158062848,0.1815754130303878,0.027712975126738067,246.381417064658,287.4923068186341,4324.538843708102,0.7345178471154128,0.13879777912233808,136.52704814471739,159.06994474365087,2452.342996292123,0.1272524027883567,0.02404618344451184,12.241826351190032,14.266794500083453,213.79828936679759,0.0,0.0,9.520691860095046,11.239643499397836,103.94738108120989,0.0,0.0,34.63318947292301,40.68193149539948,473.48130286915207,0.0,0.0,236.84699279034005,278.0251208754837,3345.9962609183978,0.0,0.0,10.845638662031857,12.75347186991701,144.74535736930148,0.0,0.0,162.16301336191368,191.2118099872077,1878.835726372509,38.62499417867812,26.49176555464893,379.25839270687455,443.68065296538796,6646.782881976236,0.0,0.0,164.28024222798295,194.2526330739019,1642.2468035194086,1744.8403897586425,21.65126097561522,54.46070586428502,22.0,30.0,0.0,20.857202132056885,57.2742768996471,16.0,30.0,0.0,21.030962865596544,56.759335562910909,21.0,30.0,0.0,20.722416087633847,67.05601259832099,19.0,30.0,0.0,17.427796199049003,71.25351595388107,12.0,30.0,0.0,18.836744873667898,65.60166653046633,16.0,30.0,0.0,19.071379489303646,64.19104678923014,10.0,30.0,0.0,18.66093379160438,66.03872989501682,16.0,30.0,0.0,17.768531324038024,69.70785062310932,12.0,30.0,0.0,20.01470974763165,0.0,0.0,0.0,16.945983662437535,0.0,0.0,607.7202189538931,617.2971084831506,622.6185138872535,1179.1163826514545,662.9025251282305,683.3981269539104,646.455456836419,664.7181451700283,654.41579758737,8744.806407278735,82.22274473761692,82.22274473761692,132.0,0.0,132.0,132.0,16.0,19.0,16.0,12.0,16.0,12.0,21.0,10.0,1.0,0.0,1744.8403897586425,0.0,0.0,0.0,0.0,0.0,0.0,0.0,0.0,0.0,0.0,82.22274473761692,82.22274473761692,0.34,0.7708516859353203,0.36028137401965956,82.22274473761692,0.3542647819438875,0.0,0.0036666666666666668 
 04/07  08:40:00,12.063333333333333,97.33333333333333,7.57,46.5,0.0,0.0,0.0,1.0,2.0,0.0,0.0,0.0,0.0,0.0,0.0,8088.0,0.0,67.1812146042476,16.440445767096873,42.128053211339338,2.0144424877533337,53.6171172744943,0.0,16.440445767096866,22.475335791972787,0.0,0.0,21.23317953442314,-1089.9631000647442,20.316639734056296,412.61593623164699,20.96829988497872,-797.9355828807259,20.28851064846163,334.35833746532367,17.389610580871694,22.632096398335,19.317778613083499,-41.04562544279726,18.73472227708626,49.82796604655564,19.14384745016033,-79.82472354353669,17.959640928623,-193.24253840293233,742.3867498703987,749.5466769395309,0.0,0.0,0.0,0.0,0.0,0.0,0.0,0.0,0.0,0.0,0.0,0.0,0.0,0.0,0.0,0.0,0.0,0.0,0.0,0.0,0.0,0.0,0.6490974347288161,0.19813719008816128,375.02957198072866,437.6973922880129,7151.1326015717709,0.1927857041822977,0.029423947524770727,269.3503272176711,315.1262789183893,4725.007873056902,0.556744822544692,0.1052049929222775,319.7111177309303,372.9997831147662,6037.2781901020939,0.18177669487547774,0.03434933765598597,270.795891777263,316.66598901273297,4683.55676993277,0.0,0.0,10.336716988550397,12.235012768740612,111.51931985315703,0.0,0.0,15.213830383167022,17.86020528632405,233.92993777943887,0.0,0.0,224.4040542464867,264.18007041459307,3107.6240553431487,0.0,0.0,24.33057775386648,28.473283563976478,396.11860849975445,0.0,0.0,175.2595563286481,207.22456518846622,1979.9913198082443,39.11783242021661,26.829789039929105,550.9683738870032,646.1438145649498,9478.380166564144,0.0,0.0,177.97020891915086,210.8996577081831,1787.93060419066,1098.6518291993949,21.66810869687477,55.42891550297789,21.625000000000008,30.00000000000001,0.0,20.925578762038769,57.78770792209788,16.000000000000008,30.00000000000001,1195.8772140513432,21.577048297598073,56.467506400200679,21.375000000000008,30.00000000000001,0.0,20.783201586310658,59.909436429636709,16.000000000000008,30.00000000000001,0.0,17.434103457458045,71.23079679625899,12.000000000000004,30.00000000000001,812.1312212997608,19.77604358289078,62.881358064407709,19.625000000000008,30.00000000000001,0.0,19.000264732046984,64.73353177620708,10.000000000000004,30.00000000000001,1162.5615544147009,20.02236110927467,61.40780004258253,20.700000000000008,30.00000000000001,0.0,17.69423093072458,70.07832633248802,12.000000000000004,30.00000000000001,0.0,20.156482761012318,0.0,0.0,0.0,17.040117086188319,0.0,0.0,668.7905996546608,658.6688763757265,714.6610687122952,755.154227013702,658.5587748139127,750.2420849004062,652.7854843491469,710.6912088144786,650.9276083488618,10228.587961463834,81.24151372426587,83.8986852758519,60.00000000000002,0.0,60.00000000000002,60.00000000000002,16.0,16.0,19.0,12.0,19.7,12.0,21.0,10.0,1.0,0.0,1098.6518291993949,0.0,1195.8772140513432,0.0,812.1312212997608,0.0,1162.5615544147009,0.0,4021.2340098397455,2412740.4059038448,3161320.0967269039,81.24151372426587,83.943812870002,0.34654113366132485,0.7675097672410638,0.36028137401965967,83.943812870002,0.35426478194388769,3161320.0967269039,0.16601864502979903 
 04/07  08:50:00,12.131666666666666,97.16666666666667,7.68,48.0,0.0,0.0,0.0,1.0,2.0,0.0,0.0,0.0,0.0,0.0,0.0,4044.0,0.0,69.40776106876297,16.98532154246685,43.52427756576159,2.0812058963380406,55.39411657143067,0.0,16.985321542466843,23.22022228652641,0.0,0.0,21.241622098150317,-992.8518821046296,20.324251649776458,372.4748649852488,21.07356964191633,-1038.4588126584739,20.369098621615266,364.5881230725354,17.393303283624698,21.12362400812013,19.300707484163305,-40.945678217527049,18.659056394358247,71.51443635164265,19.19587527505194,-88.81965896208098,17.90765111496578,-159.00970656543996,696.9321660717913,704.4208857808412,0.0,0.0,0.0,0.0,0.0,0.0,0.0,0.0,0.0,0.0,0.0,0.0,0.0,0.0,0.0,0.0,0.0,0.0,0.0,0.0,0.0,0.0,0.6133107680538562,0.1872132991617388,325.31528549491886,378.8438751001107,6168.34508647355,0.18469684710460289,0.028189384478724497,247.71555487472279,289.2049173382362,4311.048420627042,0.4959957368685821,0.09372557386027632,300.8897275371,350.50321332876919,5627.221453505323,0.18004616376520497,0.03402232875381801,258.9517049329319,302.2599719873713,4520.36418246401,0.0,0.0,10.3109041748692,12.190526380308948,109.94742810560406,0.0,0.0,15.236278853295439,17.865088848961393,229.9080529379283,0.0,0.0,218.51516638872409,257.1059476353273,2943.458807016975,0.0,0.0,30.559270460213015,35.80456505942404,482.08295442566819,0.0,0.0,173.1876181621498,204.6490229375856,1917.6304143055973,39.400783072420768,27.02385670262056,500.4180847745274,585.7340224521369,8569.26834242378,0.0,0.0,176.08042220151737,208.4632192811451,1761.130431799142,1468.6754048235169,21.709749682758269,55.40760060874557,21.75,30.0,0.0,20.905085588174868,58.18817518063536,16.0,30.0,1541.2810930643298,21.621867989480689,55.6515539535906,21.5,30.0,0.0,20.912124276582227,58.30592835998768,16.0,30.0,0.0,17.439288488448786,71.332825208655,12.0,30.0,0.0,19.712986107595353,64.90835108973937,19.0,30.0,0.0,18.87467151556859,65.50270285257659,10.0,30.0,0.0,20.066136265393064,61.96986529262836,19.7,30.0,0.0,17.64797996264853,70.62215372810096,12.0,30.0,0.0,19.991810050582843,0.0,0.0,0.0,17.08892935057904,0.0,0.0,671.5172182439087,674.2037719732985,664.7963890975142,680.2805703376135,658.3858671714384,856.8808830622693,662.6902650309405,739.8555157238268,663.7410949122913,8259.336463908097,82.54360498409146,84.25566394268675,60.0,0.0,60.0,60.0,16.0,16.0,19.0,12.0,19.7,12.0,21.0,10.0,1.0,0.0,1468.6754048235169,0.0,1541.2810930643298,0.0,0.0,0.0,0.0,0.0,2591.0396105992037,1554623.7663595223,2022514.2468288295,82.54360498409146,84.28474038744939,0.3413679870199735,0.7673480896008023,0.36028137401965956,84.28474038744939,0.3542647819438875,2022514.2468288295,0.1067874075017658 
 04/07  09:00:00,12.2,97.0,7.79,49.5,0.0,0.0,0.0,1.0,2.0,0.0,0.0,0.0,0.0,0.0,0.0,4044.0,0.0,71.63801762497727,17.53110524368673,44.92282842910346,2.1480805500690898,57.17407685140241,0.0,17.531105243686726,23.96634998455103,0.0,0.0,21.1860840425678,-1010.7516247861997,20.30041521664655,210.96609014145816,20.92163516741207,-235.11686684300003,20.343757777618813,34.68002309052963,17.394328545836936,19.27838766645246,19.20276715685122,-34.30463565932773,18.633051273504738,39.87468485405884,19.3794182622631,-113.07446527519034,17.87413667923155,-151.64056393612737,636.2982372870802,688.7774679374011,0.0,0.0,0.0,0.0,0.0,0.0,0.0,0.0,0.0,0.0,0.0,0.0,0.0,0.0,0.0,0.0,0.0,0.0,0.0,0.0,0.0,0.0,0.5822509164188837,0.17773226996913425,332.06832449115418,386.7865608392332,6049.248683514041,0.14130213699331635,0.021566260224865135,186.86613514400899,218.14697489517949,3194.4658025134515,0.6103664067470576,0.11533756741252038,203.75318285820735,237.60222762672309,3692.063062001662,0.146243060262497,0.027634743057917044,163.30045321117607,190.8418263633794,2783.7170389638715,0.0,0.0,9.827818285605013,11.617629115232744,103.4586768818296,0.0,0.0,14.146569939982065,16.59157324073609,206.63164702372539,0.0,0.0,215.0599856740662,253.07603188826125,2841.6678690237606,0.0,0.0,30.729369888941073,35.93272061371216,500.72425098505439,0.0,0.0,171.71004742713724,202.89746153707618,1869.7180812919779,39.5062523891465,27.09619505428431,354.2324817693789,414.88259425861727,6036.840207485405,0.0,0.0,174.6933518684727,206.79658027077967,1723.7413242407145,1081.2974165238939,21.519849184964849,55.75703337731989,21.5,30.0,0.0,20.820961471998193,58.343422804227468,16.0,30.0,758.86816895901,21.34622645180147,56.37868939993381,21.25,30.0,0.0,20.809225733780367,58.30512709740964,16.0,30.0,0.0,17.439903126341667,71.55217011400147,12.0,30.0,0.0,19.533638608261396,66.91657725336184,19.0,30.0,0.0,18.8134862440789,66.02213180961539,10.0,30.0,748.3578787167202,20.344108182824845,61.34823060538463,20.45,30.0,0.0,17.624275613305369,71.21543278752871,12.0,30.0,0.0,19.87406621711498,0.0,0.0,0.0,17.089830855482029,0.0,0.0,644.5958597489278,658.5277218456814,645.3996975334737,651.4880372995424,663.5238194226058,927.0110568389359,669.9424254744004,758.4707075840738,680.0755243803079,9272.244692547818,81.87392168577597,83.61833861692407,60.0,0.0,60.0,60.0,16.0,16.0,19.0,12.0,19.7,12.0,21.0,10.0,1.0,0.0,1081.2974165238939,0.0,758.86816895901,0.0,0.0,0.0,748.3578787167202,0.0,2639.960724113261,1583976.4344679567,2056057.3037643282,81.87392168577597,83.64796460748174,0.3429986908037754,0.7687246175629048,0.36028137401965956,83.64796460748174,0.3542647819438875,2056057.3037643282,0.10851831312907839 
 04/07  09:10:00,12.209999999999999,96.66666666666667,7.721666666666668,51.0,0.0,0.0,0.0,0.0,0.0,0.0,0.0,0.0,0.0,0.0,0.0,6066.0,0.0,73.87164219664716,18.07771315857656,46.32349129361265,2.215056191970418,58.95672510715377,0.0,18.07771315857655,24.713604445150023,0.0,0.0,20.67177342636638,-232.53975775328139,20.244794755957224,78.4797104926907,20.677612672269775,-622.418128482335,20.256973217564693,150.9582807673164,17.393283231964369,16.62083902187304,19.053732497352536,-63.64751939017245,18.605274826401187,14.280650872732018,19.239440470993367,-92.51302471937984,17.848937607836996,-135.47834978298745,587.8278634360872,657.7624186319413,0.0,0.0,0.0,0.0,0.0,0.0,0.0,0.0,0.0,0.0,0.0,0.0,0.0,0.0,0.0,0.0,0.0,0.0,0.0,0.0,0.0,0.0,0.5839049197849099,0.17823715500149873,212.0711942361324,248.24143671510258,3655.064602782896,0.13434436176482215,0.020504328718684699,140.1094363987458,164.13018236304337,2367.5033339980934,0.4649607921698451,0.08786107183859508,271.07107182243956,317.0365497413889,4776.486826639803,0.1334033992629145,0.02520850326207756,185.6474035385447,217.48409253771957,3124.0238458785418,0.0,0.0,8.794020629215247,10.40400639461528,92.328430994095,0.0,0.0,53.738346660914988,63.167007964121527,758.4018248625367,0.0,0.0,247.4887018918567,291.42652618700199,3247.181436957991,0.0,0.0,32.401476533148088,37.99162974275901,506.0278492634703,0.0,0.0,168.56850627051137,199.2890797316945,1827.4744412291819,38.91852232277235,26.693088012875419,324.7938687253153,381.65819090025345,5493.340629772943,0.0,0.0,171.81878797965875,203.4796934523167,1697.9902622309438,0.0,20.850206185850188,57.97681032338528,21.999999999999994,30.0,0.0,20.708894328699868,58.61481254465957,15.999999999999999,30.0,0.0,21.0351536344557,57.2654097342611,21.33333333333333,30.0,0.0,20.685894287252098,58.60207923415854,15.999999999999999,30.0,0.0,17.4371263194297,71.83206960165627,11.999999999999997,30.0,0.0,19.28120964198373,66.04117158207471,15.999999999999999,30.0,0.0,18.775717446002376,66.70262697079169,9.999999999999999,30.0,0.0,20.04465333135143,61.868332509585417,11.999999999999997,30.0,0.0,17.611387660938797,71.62576849430332,11.999999999999997,30.0,0.0,19.71061248728038,0.0,0.0,0.0,17.108255179251555,0.0,0.0,634.0609441697465,646.1718213251742,627.1842837506348,637.8509393987123,672.483901994983,795.005471433704,699.0936914678799,715.7543647452434,695.3398759014036,0.0,79.86313246639152,79.86313246639152,60.0,0.0,60.0,60.0,16.0,16.0,16.0,12.0,12.0,12.0,21.0,10.0,0.0,0.0,0.0,0.0,0.0,0.0,0.0,0.0,0.0,0.0,0.0,0.0,0.0,79.86313246639152,79.86313246639152,0.0,0.0,0.0,79.86313246639152,0.0,0.0,0.0015900000000000003 
 04/07  09:20:00,12.22,96.33333333333334,7.653333333333334,52.5,0.0,0.0,0.0,0.0,0.0,0.0,0.0,0.0,0.0,0.0,0.0,3033.0,0.0,76.1082807876807,18.625058657956058,47.72604417688754,2.282122207655576,60.74177881833001,0.0,18.625058657956047,25.461867239666178,0.0,0.0,20.32907394391591,-86.40363885010565,20.067498968249738,-62.5833629260967,20.25318267390574,-194.15998208070563,20.094546370791574,-34.28183443116599,17.38905281455068,14.203147878794822,18.902604098693549,-39.98252280968661,18.51380417293496,4.885950300248021,18.812608817733378,-41.284766640025129,17.830126661643619,-136.96120990785674,502.42491860237768,576.8197852947996,0.0,0.0,0.0,0.0,0.0,0.0,0.0,0.0,0.0,0.0,0.0,0.0,0.0,0.0,0.0,0.0,0.0,0.0,0.0,0.0,0.0,0.0,0.5367829578056564,0.16385316172333834,159.24340103905747,186.25285502212274,2574.093506291447,0.09897929013489679,0.015106729263567884,74.74175648231518,87.43865071998114,1208.6469051585278,0.49385531394927198,0.09332110996773849,191.09524080260747,223.81607882558155,3085.0747367145638,0.10237474567096389,0.019345190036085384,116.96595161115796,136.9857905285474,1901.1636167214443,0.0,0.0,8.165457572833122,9.647170935625383,85.44466883236879,0.0,0.0,46.20345566805612,54.28977799971696,628.0980622152719,0.0,0.0,228.24878275130087,268.56024190141638,2922.132612926508,0.0,0.0,24.97293706442746,29.330885908696147,351.60224947183607,0.0,0.0,156.12720611463497,184.3485450644328,1686.0947319521666,38.11748900102555,26.143682442404356,212.28479376920468,249.40114254744445,3518.3849935009168,0.0,0.0,158.46060311095196,187.49135271730928,1528.9307124958985,0.0,20.344347105756499,59.77908078667957,21.999999999999994,29.999999999999998,0.0,20.37536121839236,59.66023132553822,15.999999999999997,29.999999999999998,0.0,20.32974443043272,59.64020300147426,21.999999999999994,29.999999999999998,0.0,20.374481579195878,59.61857912096179,15.999999999999997,29.999999999999998,0.0,17.42919771430109,72.14154981112084,11.999999999999997,29.999999999999998,0.0,19.02808211581511,65.88354472712457,15.999999999999997,29.999999999999998,0.0,18.622575328124957,67.19368506904294,9.999999999999999,29.999999999999998,0.0,19.258130764582825,64.70038986015804,11.999999999999997,29.999999999999998,0.0,17.59987829349707,71.80636569771548,11.999999999999997,29.999999999999998,0.0,19.24430273223281,0.0,0.0,0.0,16.997557258369576,0.0,0.0,632.2452912937524,631.2767599364294,614.1392891053309,627.5421472252613,682.9919115493023,714.2661797819501,687.0944848401493,697.8315979278673,699.7639810663907,0.0,79.86313246639152,79.86313246639152,59.99999999999999,0.0,59.99999999999999,59.99999999999999,16.0,16.0,16.0,12.0,12.0,12.0,21.0,10.0,0.0,0.0,0.0,0.0,0.0,0.0,0.0,0.0,0.0,0.0,0.0,0.0,0.0,79.86313246639152,79.86313246639152,0.0,0.0,0.0,79.86313246639152,0.0,0.0,0.0015366666666666669 
 04/07  09:30:00,12.23,96.0,7.585,54.0,0.0,0.0,0.0,0.0,0.0,0.0,0.0,0.0,0.0,0.0,0.0,2022.0,0.0,78.34756436435196,19.17305143266672,49.13025566678939,2.349267531842577,62.528943463207529,0.0,19.173051432666715,26.211014908633066,0.0,0.0,20.100958352312924,-112.35997793134402,19.874795076609357,-45.594629878034769,20.052877836243483,-219.47784734165476,19.901415546935877,-54.613450806604308,17.38280604431894,12.324666369535663,18.7993531065801,-31.71913125349738,18.447972005390555,8.278418927159237,18.5572924049933,-20.778430011311458,17.80321401112101,-143.13387835630193,367.7215988334831,509.54239666155766,0.0,0.0,0.0,0.0,0.0,0.0,0.0,0.0,0.0,0.0,0.0,0.0,0.0,0.0,0.0,0.0,0.0,0.0,0.0,0.0,0.0,0.0,0.4941368471616575,0.1508354234315194,119.88897855512102,140.07832182772126,1855.3636403739163,0.09608824970157783,0.014665483776187094,77.35424433012354,90.38182882256479,1198.6848821262323,0.4586793510453918,0.08667410261628722,139.12114877590768,162.52419695132287,2143.425861799793,0.0949840825130758,0.017948617254927396,92.10994636775202,107.58945597866435,1427.1660322210044,0.0,0.0,7.828178471889286,9.235575294486737,81.60359145928509,0.0,0.0,42.27202149178426,49.625735900095268,560.57346522833,0.0,0.0,214.73447164438739,252.38969718951447,2701.389983456107,0.0,0.0,18.744528886830908,22.015274098022247,246.9205568550512,0.0,0.0,144.85959358626497,170.81575225695574,1553.6714496924292,37.39574887969755,25.64866178305731,149.47187999326457,175.22589065950712,2476.157579228195,0.0,0.0,146.21739884202425,172.8224908390688,1377.488370872432,0.0,20.027582584460555,60.777302012317608,22.0,30.0,0.0,20.037963290039327,60.741255704320028,16.0,30.0,0.0,20.035515310529939,60.44078966605899,22.0,30.0,0.0,20.039114762448727,60.76259797929657,16.0,30.0,0.0,17.41878551187331,72.29974818344319,12.0,30.0,0.0,18.86891084432996,66.2441473375103,16.0,30.0,0.0,18.519746144266525,67.54396020308329,10.0,30.0,0.0,18.816660764005378,66.43723661961451,12.0,30.0,0.0,17.571925733727754,71.84952683255094,12.0,30.0,0.0,18.824961619305694,0.0,0.0,0.0,16.894538216836084,0.0,0.0,618.0305035912661,617.1546439882473,591.664267326292,619.3819729337515,685.5531316837722,693.355608284121,680.6943811232845,692.5994669723402,692.9664893031168,0.0,79.86313246639154,79.86313246639154,60.0,0.0,60.0,60.0,16.0,16.0,16.0,12.0,12.0,12.0,21.0,10.0,0.0,0.0,0.0,0.0,0.0,0.0,0.0,0.0,0.0,0.0,0.0,0.0,0.0,79.86313246639154,79.86313246639154,0.0,0.0,0.0,79.86313246639154,0.0,0.0,0.0014833333333333335 
 04/07  09:40:00,12.239999999999999,95.66666666666666,7.5166666666666679,58.0,0.0,0.0,0.0,0.0,0.0,0.0,0.0,0.0,0.0,0.0,0.0,2022.0,0.0,84.25636143003392,20.619039842959375,52.835548509446358,2.526443927868992,67.24473488882313,0.0,20.619039842959365,28.18779069275872,0.0,0.0,19.86907722673707,-89.89978443219168,19.741725989287894,-143.29685555186826,19.817596056926957,-136.03735322500155,19.753193322771588,-145.85763312209748,17.37506938624618,9.32947112905791,18.725309075291507,-32.738097215936949,18.374354710023906,-21.29930763958919,18.39794322664349,-11.86195709053948,17.77092874825377,-157.82019760515966,411.35452004248068,439.1989043308387,0.0,0.0,0.0,0.0,0.0,0.0,0.0,0.0,0.0,0.0,0.0,0.0,0.0,0.0,0.0,0.0,0.0,0.0,0.0,0.0,0.0,0.0,0.4403156187203935,0.13440647702087719,195.93012991503577,229.36233552416287,2908.6272018392376,0.06600298947642564,0.010073716342555812,163.3506151356161,191.0537525592672,2452.495020235492,0.41883981454167676,0.07914584552941742,231.85855698863237,271.43041548440876,3430.491507247527,0.07487971935678893,0.01414960683234863,183.19604027401113,214.36119897394759,2747.2441804060406,0.0,0.0,7.1915817618634769,8.484736611529133,74.64228878603365,0.0,0.0,39.27878076084424,46.12361633797457,511.8317222333709,0.0,0.0,199.04195258976885,234.01261644214618,2453.171102674414,0.0,0.0,13.235819544978757,15.548798550086902,167.48062021148645,0.0,0.0,132.604972153659,156.35527107321128,1408.934910244178,36.58518040378995,25.092716326330569,321.6965574012377,377.4898587342108,4809.773086746482,0.0,0.0,133.01904281280583,157.2464695678197,1222.3140989351187,0.0,19.69947196835431,61.81694623383403,22.000000000000008,30.00000000000001,0.0,19.814637385079565,61.40703124093946,16.000000000000008,30.00000000000001,0.0,19.675360027451686,61.571187254424298,22.000000000000008,30.00000000000001,0.0,19.79397740540223,61.398618620030827,16.000000000000008,30.00000000000001,0.0,17.406592510011707,72.34380788621542,12.000000000000004,30.00000000000001,0.0,18.761995963034395,66.47704807824957,16.000000000000008,30.00000000000001,0.0,18.399940238759457,67.7780794259219,10.000000000000004,30.00000000000001,0.0,18.570538316418447,67.35831386576686,12.000000000000004,30.00000000000001,0.0,17.53186913968181,71.8046421792595,12.000000000000004,30.00000000000001,0.0,18.993695930101937,0.0,0.0,0.0,16.788616621886946,0.0,0.0,602.8338108434813,604.973652592282,575.2746712678483,597.3699368074533,681.7063140379842,677.287730091289,660.0625477114663,684.1627716698081,676.3172961360851,0.0,79.86313246639156,79.86313246639156,60.00000000000002,0.0,60.00000000000002,60.00000000000002,16.0,16.0,16.0,12.0,12.0,12.0,21.0,10.0,0.0,0.0,0.0,0.0,0.0,0.0,0.0,0.0,0.0,0.0,0.0,0.0,0.0,79.86313246639156,79.86313246639156,0.0,0.0,0.0,79.86313246639156,0.0,0.0,0.0014299999999999999 
 04/07  09:50:00,12.25,95.33333333333334,7.448333333333333,62.0,0.0,0.0,0.0,0.0,0.0,0.0,0.0,0.0,0.0,0.0,0.0,2022.0,0.0,90.1757990308433,22.06763218266482,56.547513774752818,2.7039393747392856,71.96901840750712,0.0,22.06763218266481,30.168126245807934,0.0,0.0,19.73355108018304,-159.060197211988,19.576890506288789,-103.65995733885529,19.76164773665055,-160.65754693333498,19.604459241817368,-56.001062094588409,17.366325164167465,8.054148679194185,18.66635303100692,-34.53212058407746,18.307251095896186,-12.929524430014226,18.281814343722773,-8.732514397556429,17.73933349582839,-151.50338955271219,333.00318042395477,401.3096783931128,0.0,0.0,0.0,0.0,0.0,0.0,0.0,0.0,0.0,0.0,0.0,0.0,0.0,0.0,0.0,0.0,0.0,0.0,0.0,0.0,0.0,0.0,0.41947289156037828,0.12804422819303366,214.47423529400869,251.30515457102269,3123.323643058794,0.0750520139469071,0.01145482508347178,134.76699787712767,157.87362146236007,1953.6091872393502,0.3326105101992687,0.06285157033243931,115.31279088500848,134.93576294996985,1696.8702168052024,0.07253187447395192,0.01370594755743611,99.4155223069083,116.27826081346928,1447.74529772573,0.0,0.0,6.930468272700293,8.17385332369382,71.61254403957315,0.0,0.0,40.05983805368133,47.02998151623713,514.702300079484,0.0,0.0,192.4896532069382,226.35177827396616,2330.8181113179218,0.0,0.0,11.78749485954555,13.851129769570714,145.03042482991408,0.0,0.0,126.17789233313738,148.79844990300524,1328.8780625240098,35.99044446694451,24.684804161141647,226.00421649437113,265.30804197525347,3392.614821371682,0.0,0.0,126.27235199123723,149.29628433274775,1146.3820116246505,0.0,19.54057901726611,62.00960984169784,22.0,30.0,0.0,19.544202434303096,62.015974922432068,16.0,30.0,0.0,19.64805114964792,61.5461896950268,22.0,30.0,0.0,19.57187493312108,61.97408012068669,16.0,30.0,0.0,17.393963249464279,72.32627905968022,12.0,30.0,0.0,18.68122185757426,66.61050903628075,16.0,30.0,0.0,18.300387571174125,67.92542864005945,10.0,30.0,0.0,18.403353868405753,67.92220672613911,12.0,30.0,0.0,17.495155177805424,71.73398761216723,12.0,30.0,0.0,18.75194959787492,0.0,0.0,0.0,16.743123884610747,0.0,0.0,572.8037801734873,573.987431293307,568.5705127825793,578.4618289230639,674.5727854983702,662.01598563705,639.9838285081881,673.3027110869455,659.597207943742,0.0,79.86313246639154,79.86313246639154,60.0,0.0,60.0,60.0,16.0,16.0,16.0,12.0,12.0,12.0,21.0,10.0,0.0,0.0,0.0,0.0,0.0,0.0,0.0,0.0,0.0,0.0,0.0,0.0,0.0,79.86313246639154,79.86313246639154,0.0,0.0,0.0,79.86313246639154,0.0,0.0,0.0014299999999999999 
 04/07  10:00:00,12.26,95.0,7.38,66.0,0.0,0.0,0.0,0.0,0.0,0.0,0.0,0.0,0.0,0.0,0.0,1011.0,0.0,96.10515241914811,23.518651093064425,60.2656969909687,2.8817321412772718,76.70121560621276,0.0,23.518651093064415,32.151779104965928,0.0,0.0,19.66354648685764,-16.080985878386856,19.47268978759218,-133.8870684137255,19.699185922606497,-54.11012386389939,19.512440416736934,-100.45712402229219,17.35683011511035,7.479057746363651,18.612481500303099,-27.71634916304083,18.255935532949655,-21.607193999783705,18.180767168922598,-5.311932007933308,17.709663504022794,-152.15691503428207,283.922867407382,398.7496167056979,0.0,0.0,0.0,0.0,0.0,0.0,0.0,0.0,0.0,0.0,0.0,0.0,0.0,0.0,0.0,0.0,0.0,0.0,0.0,0.0,0.0,0.0,0.39816182704812849,0.12153901924546047,231.05715786702624,269.61954425035847,3342.9204055922066,0.061282677626453927,0.009353278026015558,120.87163260210324,141.12617010743137,1713.16294072686,0.31694949245802025,0.059892194342029549,102.27107127253413,119.30608407450026,1497.4284892837014,0.052797914659773199,0.009976930207818062,73.63032986642875,85.95200089821702,1050.878735627693,0.0,0.0,6.577968481203862,7.730555421546583,67.69698246329331,0.0,0.0,38.464286490690117,45.015522377309228,488.2283716160105,0.0,0.0,188.21410600121599,220.56957918309855,2249.7849124325095,0.0,0.0,11.231293908955037,13.159451587125933,134.92371131384687,0.0,0.0,125.8189660265355,147.83040130183103,1314.3765667557928,35.431167046092458,24.301211965769867,180.97203553651483,211.88672543299416,2728.9447074590118,0.0,0.0,125.96664767072163,148.36907936408213,1142.24104498837,0.0,19.527056235329895,62.071818330502427,22.0,30.0,0.0,19.384328009264395,62.23050581976924,16.0,30.0,0.0,19.60628986786629,61.81238677475097,22.0,30.0,0.0,19.433771018275608,62.14455399166147,16.0,30.0,0.0,17.380865786141347,72.25527084750911,12.0,30.0,0.0,18.60766175695245,66.72299913300465,16.0,30.0,0.0,18.228753845037937,68.06396832009453,10.0,30.0,0.0,18.259303886236819,68.36278403194416,12.0,30.0,0.0,17.45981081705796,71.70650817391918,12.0,30.0,0.0,18.59425246142972,0.0,0.0,0.0,16.7463115691805,0.0,0.0,574.271793730469,545.8064606314357,577.572477822517,553.691906045432,663.9327243007175,647.6315358692582,629.1730031199213,660.3988296400522,646.9749392133438,0.0,79.86313246639154,79.86313246639154,60.0,0.0,60.0,60.0,16.0,16.0,16.0,12.0,12.0,12.0,21.0,10.0,0.0,0.0,0.0,0.0,0.0,0.0,0.0,0.0,0.0,0.0,0.0,0.0,0.0,79.86313246639154,79.86313246639154,0.0,0.0,0.0,79.86313246639154,0.0,0.0,0.0014299999999999999 
 04/07  10:10:00,12.34,94.83333333333334,7.608333333333333,70.0,0.0,0.0,0.0,0.0,0.0,0.0,0.0,0.0,0.0,0.0,0.0,2022.0,0.0,102.04366941355528,24.971912501907146,63.98962648330474,3.0597996737198778,81.44072617731287,0.0,24.971912501907135,34.13849762951013,0.0,0.0,19.560390078994389,-82.4510255255293,19.449305273737779,-33.95135149141288,19.577607629088577,-164.9777155414306,19.47345239504851,-66.54085871757957,17.3502428704397,7.587627465286502,18.578394588262087,-31.488674799408274,18.242797400146015,-6.104037931515904,18.12157753705184,-4.831767767095471,17.693693136334198,-141.1546389130608,291.06801143557416,368.43472463375385,0.0,0.0,0.0,0.0,0.0,0.0,0.0,0.0,0.0,0.0,0.0,0.0,0.0,0.0,0.0,0.0,0.0,0.0,0.0,0.0,0.0,0.0,0.3567944243882114,0.1089116069561085,127.25656950944267,149.29795141325043,1787.1212665062913,0.07468612708461156,0.011398981545270386,96.39557697865163,113.05178132925784,1352.6056832868285,0.3152415540006333,0.05956945464864577,154.3009719929744,180.96864993391564,2172.048939608488,0.06307988190858004,0.011919856747653064,116.322481204313,136.31039858892422,1635.7911396464288,0.0,0.0,6.891282850834069,8.128311555831152,69.68495571340552,0.0,0.0,40.04673574538607,47.046407795349299,498.5933427204705,0.0,0.0,188.48427148935827,221.669503359111,2223.0898186806355,0.0,0.0,10.03215971651286,11.801320435637776,117.54552514276581,0.0,0.0,121.2195769947001,142.9336789359936,1244.0712923336647,36.320407646372419,24.911116355536647,187.27574406072834,220.24929798640353,2789.6923124271618,0.0,0.0,121.00638588119539,143.04312047158227,1071.7480027294344,0.0,19.39392659688891,62.45067089863582,22.0,30.0,0.0,19.390402232286389,62.40713370253516,16.0,30.0,0.0,19.423016400959527,62.081444001669797,22.0,30.0,0.0,19.408829715156466,62.33955393433364,16.0,30.0,0.0,17.374310607129865,72.18200096220804,12.0,30.0,0.0,18.568754921717927,66.72877221356899,16.0,30.0,0.0,18.232928521117715,67.93982521147677,10.0,30.0,0.0,18.192339928955314,68.53322977371642,12.0,30.0,0.0,17.451130098148608,71.63551407098116,12.0,30.0,0.0,18.5707469286103,0.0,0.0,0.0,16.723616653766169,0.0,0.0,566.1285262658055,561.0241396700285,547.9375633897507,561.4505972935106,656.4305696900852,636.689000505733,621.7645632223391,652.2290150058775,639.8149256422557,0.0,79.86313246639154,79.86313246639154,60.0,0.0,60.0,60.0,16.0,16.0,16.0,12.0,12.0,12.0,21.0,10.0,0.0,0.0,0.0,0.0,0.0,0.0,0.0,0.0,0.0,0.0,0.0,0.0,0.0,79.86313246639154,79.86313246639154,0.0,0.0,0.0,79.86313246639154,0.0,0.0,0.0014299999999999999 
 04/07  10:20:00,12.42,94.66666666666667,7.836666666666668,74.0,0.0,0.0,0.0,0.0,0.0,0.0,0.0,0.0,0.0,0.0,0.0,1011.0,0.0,107.9905701454129,26.427225561374109,67.71881321496025,3.238118588116155,86.18692771628607,0.0,26.427225561374099,36.128020916003048,0.0,0.0,19.447304501546648,-97.79834997988655,19.431906732457674,-4.735068978839536,19.433575371010528,-238.63151720529278,19.44219910832711,-8.057498768116148,17.342051899979553,7.698678417771191,18.541293218066654,-28.395207381055799,18.219928363433718,-4.868304713296311,18.055588835337646,-3.274947999003473,17.676613566977968,-137.51385509607736,284.2578057499968,359.8410210826164,0.0,0.0,0.0,0.0,0.0,0.0,0.0,0.0,0.0,0.0,0.0,0.0,0.0,0.0,0.0,0.0,0.0,0.0,0.0,0.0,0.0,0.0,0.3203657506741959,0.0977917431850415,122.35516799101107,142.89852603214616,1666.2871086198639,0.06656057298374073,0.01015881761046104,70.18311241426592,81.92073019278107,973.0196564075225,0.28370002351418857,0.05360922590971063,151.53286842700789,177.02383678899657,2048.591189782784,0.0667343369701036,0.012610418928591001,100.7708983228187,117.62446589157772,1397.0631999032353,0.0,0.0,6.949630837156617,8.166714645618783,69.06564151566706,0.0,0.0,39.29649988483671,45.997960895638197,479.53581178553,0.0,0.0,187.31103652177178,219.49082750062002,2172.5800329641785,0.0,0.0,9.178140818461005,10.75810414092138,104.5634203819262,0.0,0.0,120.20811793679177,141.2309385242664,1211.6314094649168,37.217415275853017,25.52634792582512,165.5463018621534,193.84857668802554,2455.0110892537775,0.0,0.0,119.98192794670627,141.31295703824976,1045.2228470899914,0.0,19.24892401883775,62.732893583047879,22.0,30.0,0.0,19.386921043531964,62.59026943461713,16.0,30.0,0.0,19.203203876528716,62.38908258580028,22.0,30.0,0.0,19.388840430029004,62.54077484447529,16.0,30.0,0.0,17.364944714375335,72.05280582731702,12.0,30.0,0.0,18.521161093564559,66.74094704648113,16.0,30.0,0.0,18.211842946777617,67.96795052028873,10.0,30.0,0.0,18.106410524011264,68.73633506711544,12.0,30.0,0.0,17.436894374821237,71.52264606521094,12.0,30.0,0.0,18.501160258816844,0.0,0.0,0.0,16.72926036004057,0.0,0.0,546.9131905023288,574.4423640860684,510.2745584172858,571.2876241828639,644.1442419570234,623.7637141404096,617.6996839559472,640.6057197593839,628.1232973269574,0.0,79.86313246639154,79.86313246639154,60.0,0.0,60.0,60.0,16.0,16.0,16.0,12.0,12.0,12.0,21.0,10.0,0.0,0.0,0.0,0.0,0.0,0.0,0.0,0.0,0.0,0.0,0.0,0.0,0.0,79.86313246639154,79.86313246639154,0.0,0.0,0.0,79.86313246639154,0.0,0.0,0.0014333333333333334 
 04/07  10:30:00,12.5,94.5,8.065,78.0,0.0,0.0,0.0,0.0,0.0,0.0,0.0,0.0,0.0,0.0,0.0,1011.0,0.0,113.94504920201425,27.884393172558963,71.45275213107448,3.4166647345901146,90.93917743218411,0.0,27.884393172558949,38.12007951529671,0.0,0.0,19.448385541482496,-16.238664577997043,19.318649400145437,-180.23518501513355,19.475832940736106,-16.192186508470514,19.297986205879345,-188.82963751490844,17.33459990981114,7.382366091286997,18.515209287112119,-25.41107218072966,18.181815084233727,-15.40823868590087,18.00707377802507,-2.5000412253019705,17.66299873753792,-134.2351458152457,307.11401751060478,353.31047905735707,0.0,0.0,0.0,0.0,0.0,0.0,0.0,0.0,0.0,0.0,0.0,0.0,0.0,0.0,0.0,0.0,0.0,0.0,0.0,0.0,0.0,0.0,0.3079365404465419,0.09399772296902989,141.13958747905736,164.75709415180135,1921.9230339456149,0.02280858204200252,0.0034811633153239505,132.28605378165356,154.52605939286,1758.5090648201577,0.3154901390700214,0.05961642839569567,203.73632112914044,237.81052790224758,2786.0671976358569,0.02838188859880411,0.005363168669464116,144.8208012826235,169.20124654874418,1908.8838534754239,0.0,0.0,6.7428254423080429,7.923334325427652,65.82310312835866,0.0,0.0,36.80298781766974,43.07987958695222,441.1508787989524,0.0,0.0,183.68469787168267,215.26975318594089,2082.093683683832,0.0,0.0,7.8520016038894779,9.204753799144769,87.33601306637688,0.0,0.0,119.72681840642021,140.66034386179804,1185.4329233367385,38.10494492492051,26.135078823676627,231.7506105566397,271.32617406363547,3246.650362854743,0.0,0.0,119.63594341688544,140.88655431257525,1026.0875886374684,0.0,19.333775620969374,62.83983129331724,22.0,30.0,0.0,19.181195271939808,62.77235724553181,16.0,30.0,0.0,19.367926076570286,62.52534084453065,22.0,30.0,0.0,19.123292040103946,63.01047645066706,16.0,30.0,0.0,17.357285682890966,71.97842812713918,12.0,30.0,0.0,18.49266635699694,66.8083781795035,16.0,30.0,0.0,18.159245206866588,67.98463425829182,10.0,30.0,0.0,18.050655256726214,68.88776103345647,12.0,30.0,0.0,17.428094175038017,71.43027150532584,12.0,30.0,0.0,18.54420365921198,0.0,0.0,0.0,16.74266127579768,0.0,0.0,578.0980503902927,527.7495145804792,565.0304485749192,528.5735558742773,636.5995660562581,620.2351582147992,604.1291793267626,634.5422395156716,620.0081872959988,0.0,79.86313246639154,79.86313246639154,60.0,0.0,60.0,60.0,16.0,16.0,16.0,12.0,12.0,12.0,21.0,10.0,0.0,0.0,0.0,0.0,0.0,0.0,0.0,0.0,0.0,0.0,0.0,0.0,0.0,79.86313246639154,79.86313246639154,0.0,0.0,0.0,79.86313246639154,0.0,0.0,0.0014366666666666664 
 04/07  10:40:00,12.579999999999999,94.33333333333334,8.293333333333333,79.83333333333333,0.0,0.0,0.0,0.0,0.0,0.0,0.0,0.0,0.0,0.0,0.0,2022.0,0.0,116.69899505955263,28.558333019926925,73.17969831664917,3.499242288549372,93.13709217046039,0.0,28.55833301992691,39.04140638123245,0.0,0.0,19.323203394379417,-102.56614648462073,19.300135998368775,-60.0116713523953,19.3895360233721,-167.5464086181778,19.30902808430308,7.839621420462336,17.327897798544343,7.371350357708366,18.492741950324608,-27.390705675167966,18.16671552997996,-10.778626272856855,17.96922015312669,-2.312689674276669,17.653473043056886,-127.07092815973351,280.06136834640167,333.0532445500405,0.0,0.0,0.0,0.0,0.0,0.0,0.0,0.0,0.0,0.0,0.0,0.0,0.0,0.0,0.0,0.0,0.0,0.0,0.0,0.0,0.0,0.0,0.269270876576309,0.08219501726993558,185.6068390783601,217.5379985430025,2425.2713290301096,0.05002217816163026,0.0076346425765613959,116.43333227585372,136.4728148829192,1532.1442667622019,0.19195326120088866,0.03627234716570081,121.41739005736162,142.47211488677849,1608.8577521206353,0.05367225705266798,0.010142149858780795,84.7480228753601,99.65501099064551,1115.7290244882568,0.0,0.0,6.902011173155282,8.140244006391196,66.15338896460217,0.0,0.0,37.88487843735355,44.512875137649917,446.1343406881225,0.0,0.0,181.82834835415594,213.85696872313066,2028.9416841311832,0.0,0.0,7.05816372594238,8.306599535176219,76.81629961905597,0.0,0.0,116.18004437609764,136.9733597563807,1130.7237729769236,39.08450367962719,26.806929821417837,212.57151069949487,250.051844111982,2944.7274330666875,0.0,0.0,116.02588096035771,137.11787517871219,975.0265720255559,0.0,19.13893948827826,62.940891652349908,22.0,30.0,0.0,19.19567871730871,63.004667440623389,16.0,30.0,0.0,19.236323047340507,62.358198900995208,22.0,30.0,0.0,19.211829865753506,63.141960020729118,16.0,30.0,0.0,17.35163197580492,71.9019820625474,12.0,30.0,0.0,18.470088269860768,66.782345593659,16.0,30.0,0.0,18.153884166052149,67.9028902323364,10.0,30.0,0.0,18.012901568640275,68.96559681212017,12.0,30.0,0.0,17.42682508582871,71.33923421524793,12.0,30.0,0.0,18.42547645577683,0.0,0.0,0.0,16.73883301202234,0.0,0.0,529.2715403465286,548.2598421740399,512.3339733231449,565.8080335776599,629.8893407963858,612.1942073254359,596.7421943541319,628.9748441632813,613.8305285957349,0.0,79.86313246639154,79.86313246639154,60.0,0.0,60.0,60.0,16.0,16.0,16.0,12.0,12.0,12.0,21.0,10.0,0.0,0.0,0.0,0.0,0.0,0.0,0.0,0.0,0.0,0.0,0.0,0.0,0.0,79.86313246639154,79.86313246639154,0.0,0.0,0.0,79.86313246639154,0.0,0.0,0.0014399999999999999 
 04/07  10:50:00,12.66,94.16666666666667,8.521666666666667,81.66666666666667,0.0,0.0,0.0,0.0,0.0,0.0,0.0,0.0,0.0,0.0,0.0,2022.0,0.0,119.45223056892198,29.232099032382587,74.90619906003927,3.581798543092758,95.33443998774162,0.0,29.23209903238257,39.96249560166382,0.0,0.0,19.261955764405174,-115.46162402040454,19.24253827516271,-87.74684714516502,19.248805093637665,-204.30871726776378,19.281463350350067,-112.45813091752916,17.320049494944109,7.298802950147945,18.469326667326308,-27.831991848004237,18.143522290187506,-3.192185537417572,17.92797185401964,-4.534633570966207,17.64499031894905,-121.52152066563508,320.05129464554195,316.5037672707349,0.0,0.0,0.0,0.0,0.0,0.0,0.0,0.0,0.0,0.0,0.0,0.0,0.0,0.0,0.0,0.0,0.0,0.0,0.0,0.0,0.0,0.0,0.2458053484419859,0.07503215764407384,213.0214527867263,249.6382950617234,2717.413684795101,0.04207662262164541,0.006421950949579581,75.13389322527795,88.08560139429327,964.0869814240236,0.22813614571015429,0.04310962692935646,263.7808295406861,309.1857842370648,3342.7675673141104,0.026381544205668313,0.0049851746420386069,157.85825215600569,184.91919454190856,2040.555525521444,0.0,0.0,6.981704244448382,8.23243427441492,65.68752966448031,0.0,0.0,37.92087692653498,44.54407763415197,438.55501137923639,0.0,0.0,179.12508078435293,210.66393143052597,1962.2435789002057,0.0,0.0,7.1970332752914178,8.466617580042695,76.48326829283488,0.0,0.0,112.13493667877978,132.20283936707393,1073.0872625282066,40.0915547077806,27.497636973786436,311.3282550060553,365.5370784383847,4086.0868068020406,0.0,0.0,113.04810976806675,133.5962540795191,931.597349062728,0.0,19.085397128594474,63.248120857351469,22.0,30.0,0.0,19.10991074870676,63.06144227152168,16.0,30.0,0.0,19.012180951374498,63.48567485412542,22.0,30.0,0.0,19.172611557186927,62.94283001564328,16.0,30.0,0.0,17.343837345193039,71.76949504343586,12.0,30.0,0.0,18.44438922736572,66.6811959495353,16.0,30.0,0.0,18.13186164464272,67.76333366215825,10.0,30.0,0.0,17.96510316487504,69.03295750712042,12.0,30.0,0.0,17.425818290131049,71.04132467211824,12.0,30.0,0.0,18.5048932053817,0.0,0.0,0.0,16.737990823408127,0.0,0.0,530.3719262675774,516.9828680631347,518.8444069642274,533.6190169608008,618.6540586074311,597.2982806377945,579.8889649222311,619.5207869027761,593.8606783751345,0.0,79.86313246639154,79.86313246639154,60.0,0.0,60.0,60.0,16.0,16.0,16.0,12.0,12.0,12.0,21.0,10.0,0.0,0.0,0.0,0.0,0.0,0.0,0.0,0.0,0.0,0.0,0.0,0.0,0.0,79.86313246639154,79.86313246639154,0.0,0.0,0.0,79.86313246639154,0.0,0.0,0.0014399999999999999 
 04/07  11:00:00,12.74,94.0,8.75,83.5,0.0,0.0,0.0,0.0,0.0,0.0,0.0,0.0,0.0,0.0,0.0,1011.0,0.0,122.20417427771014,29.90554891811262,76.63188974647707,3.6643160636758109,97.53075683330667,0.0,29.905548918112605,40.88315265289419,0.0,0.0,19.232774629856484,-14.739125673120725,19.19404596839258,-129.52667171552185,19.233467646566145,-152.34028192072129,19.248569677737195,-18.091669288726736,17.31129139667464,7.090083891743603,18.446470172029238,-24.140277066123418,18.10479290103988,-19.265856868364609,17.886161694892264,-3.8179255955914188,17.635041222209997,-122.33391947071914,275.0637096840446,316.7229549253184,0.0,0.0,0.0,0.0,0.0,0.0,0.0,0.0,0.0,0.0,0.0,0.0,0.0,0.0,0.0,0.0,0.0,0.0,0.0,0.0,0.0,0.0,0.20543014377996653,0.06270761409644889,219.47385645396555,256.3488023672755,2782.445173638198,0.018045444746374894,0.002754188758604227,119.61780618682282,139.7646516721262,1499.9612486979193,0.13826574011386209,0.026127312946685967,140.57177369804854,164.24885382613139,1763.7323584070207,0.026688530545051684,0.005043184154393741,49.928120112542497,58.30781900300942,636.9659352788798,0.0,0.0,6.718358999383672,7.893725856604029,62.035971681504047,0.0,0.0,36.073031292522568,42.22878920377458,409.8043790274166,0.0,0.0,175.27513535317929,205.43569558900274,1873.659364110441,0.0,0.0,6.596856245786463,7.735467529103478,68.42885336784073,0.0,0.0,112.7950308033003,132.49735716670834,1060.6337803896957,41.057027787170849,28.15982701452048,215.17922194957786,252.0229333673756,2856.399150248263,0.0,0.0,114.01402408692622,134.23546057318695,926.5016051783598,0.0,19.106944631797079,63.34521328794194,22.0,30.0,0.0,19.04115795596605,63.040112874606858,16.0,30.0,0.0,19.03951047138797,63.0439253714515,22.0,30.0,0.0,19.15059799524903,63.19385547241999,16.0,30.0,0.0,17.33430518812665,71.62355376931378,12.0,30.0,0.0,18.418593207867916,66.62781856323741,16.0,30.0,0.0,18.075856498105183,67.87284664403163,10.0,30.0,0.0,17.914082616630095,69.08750162070078,12.0,30.0,0.0,17.420420067873779,70.92706312742702,12.0,30.0,0.0,18.338368763213535,0.0,0.0,0.0,16.759387434736117,0.0,0.0,545.9978353589398,481.59098934507929,480.9959617614546,549.0335971045716,605.953622301813,586.0304369602766,568.6264457211298,608.1602885063563,584.1709318240729,0.0,79.86313246639154,79.86313246639154,60.0,0.0,60.0,60.0,16.0,16.0,16.0,12.0,12.0,12.0,21.0,10.0,0.0,0.0,0.0,0.0,0.0,0.0,0.0,0.0,0.0,0.0,0.0,0.0,0.0,79.86313246639154,79.86313246639154,0.0,0.0,0.0,79.86313246639154,0.0,0.0,0.0014399999999999999 
 04/07  11:10:00,12.780000000000002,93.66666666666667,8.825,85.33333333333334,0.0,0.0,0.0,0.0,0.0,0.0,0.0,0.0,0.0,0.0,0.0,1011.0,0.0,124.95425490042926,30.578542873332049,78.35641213662747,3.7467777206039405,99.72558677054397,0.0,30.578542873332034,41.803186412550299,0.0,0.0,19.06491256938081,-143.97242410029413,19.21112136109658,-6.246240843076066,19.2757386830004,-19.228870586305676,19.15533317918285,-155.0325973331819,17.303576176419616,7.331060673407933,18.424552465513025,-28.699222411759139,18.110138807565535,4.025244539800042,17.851217657954558,-4.988066988195783,17.63029249476903,-111.52497697761328,285.3886509135682,291.12208178199855,0.0,0.0,0.0,0.0,0.0,0.0,0.0,0.0,0.0,0.0,0.0,0.0,0.0,0.0,0.0,0.0,0.0,0.0,0.0,0.0,0.0,0.0,0.2399095947692293,0.07323247703578428,156.34197962847123,182.79540572514913,1880.9412550020759,0.04679773120273089,0.00714251086732767,70.99497893559642,82.91610285671456,894.708290609024,0.19699708564333658,0.03722545080183988,147.11202087478558,171.77147768176997,1874.2752962803048,0.012475163612255725,0.002357362738521489,114.67402235448029,134.00025638305505,1415.2195302291996,0.0,0.0,7.126956142229709,8.373525415364118,65.1294467457905,0.0,0.0,39.48788301459986,46.22766926321552,443.46101017993996,0.0,0.0,176.8523887043122,207.240311386344,1888.2341030720846,0.0,0.0,7.460994769658171,8.749415881805291,76.21374441450844,0.0,0.0,107.122783227753,125.82216443108932,999.7762935534929,41.67722627936959,28.585203209444175,203.1047197721134,237.86962395009435,2707.4083838315939,0.0,0.0,108.8876016180482,128.1975720016943,873.4609048833419,0.0,18.81284007143089,64.07972316874784,22.0,30.0,0.0,19.111486642685795,63.24656061430874,16.0,30.0,0.0,19.177963537440755,63.082217958724118,22.0,30.0,0.0,18.9809187838041,63.40153587616136,16.0,30.0,0.0,17.326952888098924,71.5102934898427,12.0,30.0,0.0,18.3933419765083,66.59520534796887,16.0,30.0,0.0,18.1104767916817,67.74961335261627,10.0,30.0,0.0,17.87472406604232,69.1215661796457,12.0,30.0,0.0,17.425817152472587,70.85137575969356,12.0,30.0,0.0,18.335157957165064,0.0,0.0,0.0,16.74743783688133,0.0,0.0,498.80002560246859,536.8233138305035,548.5659031876908,498.44698465098505,595.6649015680509,574.5252775394786,572.1690599032246,598.5137167400216,581.1652476005835,0.0,79.86313246639154,79.86313246639154,60.0,0.0,60.0,60.0,16.0,16.0,16.0,12.0,12.0,12.0,21.0,10.0,0.0,0.0,0.0,0.0,0.0,0.0,0.0,0.0,0.0,0.0,0.0,0.0,0.0,79.86313246639154,79.86313246639154,0.0,0.0,0.0,79.86313246639154,0.0,0.0,0.0014399999999999999 
 04/07  11:20:00,12.82,93.33333333333334,8.9,87.16666666666667,0.0,0.0,0.0,0.0,0.0,0.0,0.0,0.0,0.0,0.0,0.0,2022.0,0.0,127.70192116237404,31.250945991252583,80.07942053943401,3.8291669841953386,101.91848983322552,0.0,31.250945991252566,42.72241245282464,0.0,0.0,19.102562227082879,-26.828372116621723,19.165114386913797,-103.3138967175031,19.17275949931976,-168.64359925938289,19.152520839930916,-53.72931189790347,17.296415438641135,7.069977437297112,18.40916136832186,-24.646399344240537,18.07956510270826,-12.142245595512123,17.82045645872984,-8.434957815631748,17.623847294130465,-109.65590712258472,279.8952551252369,291.67165377175027,0.0,0.0,0.0,0.0,0.0,0.0,0.0,0.0,0.0,0.0,0.0,0.0,0.0,0.0,0.0,0.0,0.0,0.0,0.0,0.0,0.0,0.0,0.20991538139581346,0.0640767342478063,201.5730012079637,236.69698465614597,2473.0518819733476,0.020047573122976563,0.0030597639076582058,82.82112386483952,97.37123796623956,1020.4145019942453,0.11569920541944406,0.021863039572835243,206.02817926447978,241.8088271903085,2528.91046548499,0.027810325228580857,0.005255163497464257,117.25510839342629,137.51469038549636,1447.3679189622399,0.0,0.0,6.8756310019149009,8.1059259323591,62.15906126295246,0.0,0.0,36.99988387218704,43.461658610603368,411.4173257714898,0.0,0.0,171.47091954579435,201.6605933929541,1801.5556350508869,0.0,0.0,6.9715772823755339,8.202590268504864,70.16307095401183,0.0,0.0,106.86400589375055,125.9685285008169,988.0907092449329,42.26312904957298,28.98705696129835,256.90426680960567,302.34329160068577,3285.816549420092,0.0,0.0,110.18517820627477,130.178243370011,878.9387948155704,0.0,18.964264020032524,63.694277492658489,22.0,30.0,0.0,19.032524742244016,63.155798322582359,16.0,30.0,0.0,19.001883934060595,63.415790816232007,22.0,30.0,0.0,19.02326943009699,63.471171896429009,16.0,30.0,0.0,17.32065739937009,71.44697684328685,12.0,30.0,0.0,18.38100748071882,66.58705464101092,16.0,30.0,0.0,18.067413509941966,67.79764854807016,10.0,30.0,0.0,17.842327868216537,69.17896809509867,12.0,30.0,0.0,17.425409862649287,70.73448625015448,12.0,30.0,0.0,18.29045336782712,0.0,0.0,0.0,16.767613576803606,0.0,0.0,521.2029285695394,487.72810016886458,504.8082165123552,523.3035911115886,589.2960094621966,569.9128769914455,560.0061144982823,592.7038721854619,571.6913883475361,0.0,79.86313246639154,79.86313246639154,60.0,0.0,60.0,60.0,16.0,16.0,16.0,12.0,12.0,12.0,21.0,10.0,0.0,0.0,0.0,0.0,0.0,0.0,0.0,0.0,0.0,0.0,0.0,0.0,0.0,79.86313246639154,79.86313246639154,0.0,0.0,0.0,79.86313246639154,0.0,0.0,0.0014266666666666664 
 04/07  11:30:00,12.86,93.0,8.975,89.0,0.0,0.0,0.0,0.0,0.0,0.0,0.0,0.0,0.0,0.0,0.0,1011.0,0.0,130.4466527553543,31.92263094314651,81.80058868219413,3.9114682532828506,104.10905076915567,0.0,31.922630943146495,43.640656705693029,0.0,0.0,19.107633664524408,-11.093046343903552,19.10679856006079,-148.39532172337705,19.082731412884095,-205.14555005278727,19.159163964360034,-15.823523645077785,17.287794879435017,7.232647194798744,18.390210852051149,-24.03638584110422,18.065633925111187,-5.571670190275654,17.779231147537183,-12.515497937973294,17.618241857379674,-108.67381657073884,271.33531470182427,287.4196667910219,0.0,0.0,0.0,0.0,0.0,0.0,0.0,0.0,0.0,0.0,0.0,0.0,0.0,0.0,0.0,0.0,0.0,0.0,0.0,0.0,0.0,0.0,0.18488398434482568,0.056435892657150699,180.31260489744296,210.62851634574444,2210.80791994438,0.023311865474643886,0.0035579770260445494,94.19601921861451,110.07108046264966,1140.3718205749222,0.1368608553847073,0.02586183964185702,142.81642303316236,166.9276815111342,1709.9125613299639,0.030166032804925664,0.005700308542125029,66.14379713329319,77.25057532741283,816.1423954247352,0.0,0.0,6.960913467834587,8.177803896352243,62.27426348863957,0.0,0.0,36.33931202372047,42.540285788624398,399.8416743975318,0.0,0.0,170.81737107223877,200.17976073716953,1778.8151655101952,0.0,0.0,7.512442262641382,8.81123482101093,74.24245596608341,0.0,0.0,105.30608247293871,123.67211673471226,965.8415842302325,42.85052582047134,29.389935404987214,189.4388362086506,221.9029174628853,2482.019072247805,0.0,0.0,110.41776658641516,129.9633802408781,875.4566548603654,0.0,19.016709492343336,63.45946904928217,22.0,30.0,0.0,18.94229700389849,63.35357799904613,16.0,30.0,0.0,18.869382573058503,63.63138999201177,22.0,30.0,0.0,19.06028940429071,63.427239382101408,16.0,30.0,0.0,17.311446253826359,71.35368618101053,12.0,30.0,0.0,18.359640445222266,66.6057631685466,16.0,30.0,0.0,18.058492429483179,67.70840956498249,10.0,30.0,0.0,17.787677212525087,69.27748689372382,12.0,30.0,0.0,17.426017642123026,70.62177795829287,12.0,30.0,0.0,18.22570276770196,0.0,0.0,0.0,16.782169515348156,0.0,0.0,517.092891822136,465.71208780827006,463.9774260010588,534.5933067735975,579.5953248384415,564.7082947981788,547.3991395243434,582.2607933796244,562.5316002874338,0.0,79.86313246639154,79.86313246639154,60.0,0.0,60.0,60.0,16.0,16.0,16.0,12.0,12.0,12.0,21.0,10.0,0.0,0.0,0.0,0.0,0.0,0.0,0.0,0.0,0.0,0.0,0.0,0.0,0.0,79.86313246639154,79.86313246639154,0.0,0.0,0.0,79.86313246639154,0.0,0.0,0.0014133333333333336 
 04/07  11:40:00,12.899999999999999,92.66666666666666,9.05,90.16666666666667,0.8333333333333332,0.0,0.0,0.0,0.0,0.0,0.0,0.0,0.0,0.0,0.0,2022.0,0.0,133.6823906468084,32.389946369888139,82.99807073450518,4.008491988490904,106.69147730546249,0.0,32.38994636988812,44.27951232345295,0.0,0.0,19.004963126524634,-88.17499140914333,19.097552491040717,-77.41416927530395,19.09066203334065,-87.9637699892628,19.101856766875359,-107.89657741774136,17.281116395098864,7.416895960571509,18.376734288758528,-23.612203557559839,18.0556593031543,-4.734498758231439,17.747728003902194,-16.155148852767696,17.614583347495118,-99.57142975595912,286.15117036994618,281.0217238176399,0.0,0.0,0.0,0.0,0.0,0.0,0.0,0.0,0.0,0.0,0.0,0.0,0.0,0.0,0.0,0.0,0.0,0.0,0.0,0.0,0.0,0.0,0.20906705224146555,0.06381778151448889,198.06124255894918,232.19671622259799,2347.4700401827556,0.027361606702277477,0.004176069399004499,87.30065942718534,102.23200576329033,1050.6798325513183,0.15832313021590137,0.029917447130744784,179.10774049921003,210.09446024761497,2155.61969661454,0.010550914727243318,0.0019937480588139296,99.06959085299356,116.32431665272955,1191.3842762584896,0.0,0.0,7.051671304279992,8.314402544097997,62.407161910729019,0.0,0.0,36.25918140207321,42.601543898515618,394.97227441910629,0.0,0.0,171.1112096724621,201.23094492977783,1766.4217733196129,0.0,0.0,9.702048728126169,11.419949098733401,94.36325970532298,0.0,0.0,102.9384217919841,121.30947247570268,936.2764354672207,43.45918779055853,29.8073990333049,237.47137508803156,279.15330871066217,2990.220514975259,0.0,0.0,110.27130194901089,130.2352293069539,868.2793124904213,0.0,18.843751432122958,64.0089474474587,22.0,30.0,0.0,18.958705613743925,63.39380521098464,16.0,30.0,0.0,18.941530455598888,63.59111501412673,22.0,30.0,0.0,18.957335007030719,63.58256185704775,16.0,30.0,0.0,17.305976232501004,71.2904154825556,12.0,30.0,0.0,18.347619086061003,66.56260082477862,16.0,30.0,0.0,18.0561919982252,67.67344263850534,10.0,30.0,0.0,17.75186328267562,69.34311269874107,12.0,30.0,0.0,17.430746054107943,70.5401664755936,12.0,30.0,0.0,18.247531851137013,0.0,0.0,0.0,16.79755178940722,0.0,0.0,500.19183331243337,479.75178833250086,496.1264435275208,504.01718989976919,572.8211139325281,555.681718920154,543.6744846698728,575.5838781144075,557.9638830492115,0.0,79.86313246639154,79.86313246639154,60.0,0.0,60.0,60.0,16.0,16.0,16.0,12.0,12.0,12.0,21.0,10.0,0.0,0.0,0.0,0.0,0.0,0.0,0.0,0.0,0.0,0.0,0.0,0.0,0.0,79.86313246639154,79.86313246639154,0.0,0.0,0.0,79.86313246639154,0.0,0.0,0.0014000000000000003 
 04/07  11:50:00,12.940000000000002,92.33333333333333,9.125,91.33333333333334,1.6666666666666664,0.0,0.0,0.0,0.0,0.0,0.0,0.0,0.0,0.0,0.0,2022.0,0.0,137.05830001935278,32.85638035316161,84.19329416820162,4.109718696255696,109.38577319506433,0.0,32.8563803531616,44.917162941165489,0.0,0.0,18.979663788665748,-93.90735667330319,19.048283126530764,-98.04722343775757,18.998142072890784,-142.6522165702504,19.0817710962459,-113.89744761289103,17.273621910777714,7.460374133564272,18.362851159742449,-24.201241381791989,18.040768763138396,4.466667050664,17.712122712180667,-18.41239778860293,17.613705601094673,-92.83746847975817,299.0536717016712,269.1151742063362,0.0,0.0,0.0,0.0,0.0,0.0,0.0,0.0,0.0,0.0,0.0,0.0,0.0,0.0,0.0,0.0,0.0,0.0,0.0,0.0,0.0,0.0,0.19796877596133895,0.060430029292228,202.44745025512487,237.41987732117077,2377.5993158964108,0.02687708425088936,0.004102119085911075,80.09960771348512,94.02598477411786,945.7409691327619,0.1776887164405292,0.03357685495852783,235.8314026312022,276.49842841196826,2754.785610429545,0.021142035746195284,0.003995093678419364,144.80380240985137,169.6571264093381,1726.5151630893457,0.0,0.0,7.141718175477656,8.418892257785867,62.5254766221456,0.0,0.0,36.37749117159346,42.72955937485455,392.3194340014726,0.0,0.0,169.96839965692818,199.8687170655411,1737.16412465524,0.0,0.0,11.350404666176113,13.362227460564457,108.48796617664788,0.0,0.0,98.9982118446043,116.66012974768863,894.0799961157866,44.071216986274858,30.22717214422145,285.58497508503299,335.50521998896257,3489.6864892235018,0.0,0.0,108.10980591576549,127.67694935565808,843.8969048600941,0.0,18.839920493776547,63.916238696151747,22.0,30.0,0.0,18.882933028173278,63.57289302369181,16.0,30.0,0.0,18.79537265001681,64.02939871694675,22.0,30.0,0.0,18.947054910068269,63.572894024641,16.0,30.0,0.0,17.298691724798656,71.20440378243356,12.0,30.0,0.0,18.333459907277743,66.50637368804125,16.0,30.0,0.0,18.04502347769808,67.5761859101608,10.0,30.0,0.0,17.707225494976379,69.3847922847076,12.0,30.0,0.0,17.43919694472825,70.34558335866666,12.0,30.0,0.0,18.260520632561755,0.0,0.0,0.0,16.80398559055,0.0,0.0,486.9188333152524,466.46099119878758,479.7967662860173,497.8237192050884,562.982250698856,544.2895344282458,528.6882866639353,562.5756638281573,543.0416564657498,0.0,79.86313246639154,79.86313246639154,60.0,0.0,60.0,60.0,16.0,16.0,16.0,12.0,12.0,12.0,21.0,10.0,0.0,0.0,0.0,0.0,0.0,0.0,0.0,0.0,0.0,0.0,0.0,0.0,0.0,79.86313246639154,79.86313246639154,0.0,0.0,0.0,79.86313246639154,0.0,0.0,0.0013933333333333335 
 04/07  12:00:00,12.98,92.0,9.2,92.5,2.5,0.0,0.0,0.0,0.0,0.0,0.0,0.0,0.0,0.0,0.0,1011.0,0.0,140.5611984222196,33.32166952592183,85.38558409946744,4.214753104719259,112.18141763741873,0.0,33.321669525921809,45.55324851611286,0.0,0.0,18.966759171704717,-6.870003243713654,19.016068848981356,-132.936666139748,19.0117354304697,-113.35208781685151,19.06960438725936,-11.281403597263477,17.265495511103425,7.373224833178682,18.349578329155663,-21.061891680977625,18.014320645170586,-9.414540530027807,17.67636951993529,-17.663905251125983,17.610894362707698,-94.88374860911518,224.81541613638,269.43735318459496,0.0,0.0,0.0,0.0,0.0,0.0,0.0,0.0,0.0,0.0,0.0,0.0,0.0,0.0,0.0,0.0,0.0,0.0,0.0,0.0,0.0,0.0,0.18480455737499916,0.05641164755036605,209.20729062387094,244.44876074058355,2454.972059009241,0.015670105104669136,0.00239165218325231,113.51151510809481,132.65800601301127,1323.9286276727283,0.10833210007502563,0.020470918381524127,92.74048318195799,108.37484456267606,1086.5778073485856,0.01849195141833769,0.0034943218855513389,3.8524517356180469,4.500113161230203,46.04018179734756,0.0,0.0,6.9349992006574949,8.146359874756753,60.06782918442424,0.0,0.0,34.98874037669923,40.95686184988232,373.7582394600847,0.0,0.0,167.05603457097323,195.76435951992284,1682.6451166892323,0.0,0.0,11.392263941158636,13.365168367442897,107.00141731742913,0.0,0.0,99.35169046507969,116.64914218395232,890.338088785193,44.61005147699581,30.596743125511538,157.27881088658658,184.32809563989498,2022.328034257326,0.0,0.0,108.83306944412813,128.0549430169826,845.4823789965802,0.0,18.871768015575989,63.832401106344018,22.0,30.0,0.0,18.839766973492265,63.59824643018671,16.0,30.0,0.0,18.86073587712686,63.54832601847753,22.0,30.0,0.0,18.958787339193397,63.4390555586529,16.0,30.0,0.0,17.289944010154405,71.10951356282291,12.0,30.0,0.0,18.319403078784445,66.45277056099579,16.0,30.0,0.0,18.00793819703951,67.67044289031894,10.0,30.0,0.0,17.66146574728328,69.43332016576412,12.0,30.0,0.0,17.4423076781236,70.23683303906542,12.0,30.0,0.0,18.008255610685067,0.0,0.0,0.0,16.82394781563918,0.0,0.0,492.7112469652669,450.7406202289778,454.6151040450337,487.43339726284287,551.254228774307,532.769501254409,522.7273929061627,549.131603138264,533.9069367372322,0.0,79.86313246639154,79.86313246639154,60.0,0.0,60.0,60.0,16.0,16.0,16.0,12.0,12.0,12.0,21.0,10.0,0.0,0.0,0.0,0.0,0.0,0.0,0.0,0.0,0.0,0.0,0.0,0.0,0.0,79.86313246639154,79.86313246639154,0.0,0.0,0.0,79.86313246639154,0.0,0.0,0.0013866666666666667 
 04/07  12:10:00,13.045000000000002,91.66666666666667,9.016666666666666,93.66666666666666,3.333333333333334,0.0,0.0,0.0,0.0,0.0,0.0,0.0,0.0,0.0,0.0,1011.0,0.0,144.17785376738065,33.78556827395029,86.57431113504167,4.323198453667055,115.06785021693344,0.0,33.78556827395027,46.18743327503723,0.0,0.0,18.854427627641248,-106.92277428002945,19.04564746295665,-10.092734587411997,19.05469033196634,-13.533402569441933,18.979138248104549,-168.00687272357346,17.258341179277438,7.368191909557623,18.33714475405522,-24.974226206875757,18.01927036479826,9.026567052133942,17.64862640785353,-17.538577340930034,17.61031427303089,-86.94397151581279,221.92109415299729,249.5502148934538,0.0,0.0,0.0,0.0,0.0,0.0,0.0,0.0,0.0,0.0,0.0,0.0,0.0,0.0,0.0,0.0,0.0,0.0,0.0,0.0,0.0,0.0,0.17461046261185354,0.05329989701216531,111.96057900509658,130.8968657894114,1256.8507611888502,0.035965804115752359,0.005489286342453046,58.21367741514703,67.99898062046863,681.3559313736326,0.1278932265624395,0.024167276372343076,106.61869760774772,124.51534986832276,1260.5416996016066,0.0,0.0,105.67522344746073,123.50137952463895,1207.4571860206536,0.0,0.0,7.1239492162510589,8.367483135195716,60.67187541254093,0.0,0.0,37.479868190911599,43.869566163591567,394.347623156662,0.0,0.0,167.58017247047239,196.3328096646208,1675.2312517761489,0.0,0.0,11.92417660276914,13.989006449321943,109.69378321613296,0.0,0.0,94.55076348543858,110.99489767576285,836.3583436600936,43.7434093867853,30.00233839971558,132.76613560763995,155.58064304233344,1746.9187157512757,0.0,0.0,104.29138248194548,122.69768632899739,795.2854799912551,0.0,18.674380823193457,64.39984632716575,22.0,30.0,0.0,18.925051464747619,63.54121493244289,16.0,30.0,0.0,18.98232227020467,63.34207650831323,22.0,30.0,0.0,18.786012160318504,63.9452449522511,16.0,30.0,0.0,17.28297235217095,71.0434283746661,12.0,30.0,0.0,18.30425722397297,66.44688371150558,16.0,30.0,0.0,18.03616287495249,67.51790576810837,10.0,30.0,0.0,17.629896506060065,69.47083907925716,12.0,30.0,0.0,17.450078873977888,70.14132949740531,12.0,30.0,0.0,18.013913559947686,0.0,0.0,0.0,16.81801397667077,0.0,0.0,469.35919244184506,484.46004544383359,487.9188263608984,469.3694085651834,543.0815362186721,526.382462814974,520.3008401545967,540.3729053978838,528.6390142459206,0.0,79.86313246639154,79.86313246639154,60.0,0.0,60.0,60.0,16.0,16.0,16.0,12.0,12.0,12.0,21.0,10.0,0.0,0.0,0.0,0.0,0.0,0.0,0.0,0.0,0.0,0.0,0.0,0.0,0.0,79.86313246639154,79.86313246639154,0.0,0.0,0.0,79.86313246639154,0.0,0.0,0.00138 
 04/07  12:20:00,13.11,91.33333333333334,8.833333333333334,94.83333333333333,4.166666666666667,0.0,0.0,0.0,0.0,0.0,0.0,0.0,0.0,0.0,0.0,2022.0,0.0,147.9691118365623,34.22740931712514,87.70651651150354,4.436879168809509,118.09363124425245,0.0,34.227409317125118,46.79146347912724,0.0,0.0,18.877665374357045,-29.09825473834144,19.00738975975659,-111.33275448519678,18.947164373097487,-176.869659035106,18.98424323060114,-54.20694689056063,17.25189370403298,7.0442211545198039,18.32935446544766,-22.01732109529928,17.998198457434378,-2.180354625648306,17.626033800730938,-18.060225580280674,17.607625504631924,-85.6275943765877,258.96407488484149,248.62990408487736,0.0,0.0,0.0,0.0,0.0,0.0,0.0,0.0,0.0,0.0,0.0,0.0,0.0,0.0,0.0,0.0,0.0,0.0,0.0,0.0,0.0,0.0,0.12677990555465874,0.03869960487016445,182.48210932261473,214.27587267552983,2064.026814959852,0.004100572229967218,0.0006258504624492092,69.04786364368067,81.21984882252676,785.0418747766989,0.061091964687814557,0.011544211014326261,203.45212336186769,238.74541693371885,2293.869662796217,0.013535019404127838,0.0025576378314678446,117.7497524946186,138.08151030989724,1342.1770270265363,0.0,0.0,6.809210197863467,8.024707660661689,56.99088825925223,0.0,0.0,35.63426299100013,41.84791832063341,369.6303338556031,0.0,0.0,164.24683382158413,193.09931819733903,1610.3354491942337,0.0,0.0,12.5200939407328,14.738203133345504,112.91558291536885,0.0,0.0,94.34331757242546,111.13690702006717,822.0698468680761,42.86888576966058,29.402527962730177,245.29484026278718,288.574986801313,2910.4067387711386,0.0,0.0,104.69150635050576,123.58796504624746,787.9356351672043,0.0,18.77405139041589,64.07786720729277,22.0,30.0,0.0,18.851975628344378,63.54948757329156,16.0,30.0,0.0,18.786523692135668,63.91450118778273,22.0,30.0,0.0,18.839904057325645,63.807943454439868,16.0,30.0,0.0,17.27719150744172,71.0011143942876,12.0,30.0,0.0,18.29799926676428,66.41492417729227,16.0,30.0,0.0,18.00751113825697,67.54799786277839,10.0,30.0,0.0,17.607275890521288,69.49655084179287,12.0,30.0,0.0,17.45206618480401,70.06578990864327,12.0,30.0,0.0,18.155403569134238,0.0,0.0,0.0,16.83603992236295,0.0,0.0,478.49427832018207,453.6280023766524,465.5394862348995,477.9755214394772,537.5438150241463,521.1775741227807,511.6472565514012,534.1108479483137,522.8856724229092,0.0,79.86313246639154,79.86313246639154,60.0,0.0,60.0,60.0,16.0,16.0,16.0,12.0,12.0,12.0,21.0,10.0,0.0,0.0,0.0,0.0,0.0,0.0,0.0,0.0,0.0,0.0,0.0,0.0,0.0,79.86313246639154,79.86313246639154,0.0,0.0,0.0,79.86313246639154,0.0,0.0,0.0013866666666666667 
 04/07  12:30:00,13.175,91.0,8.649999999999999,96.0,5.0,0.0,0.0,0.0,0.0,0.0,0.0,0.0,0.0,0.0,0.0,1011.0,0.0,151.8714355710374,34.66388448313734,88.82497207782265,4.553890121879523,121.20805246472061,0.0,34.663884483137319,47.38815812232325,0.0,0.0,18.883684396505975,-4.568314478371576,18.96407812096912,-149.80736425102033,18.91332549895042,-141.59854508282025,19.00232513453928,-14.377814261211143,17.24407166668746,6.9022046222081319,18.320153336561206,-21.68566037449432,17.983047901616368,-0.9562197090417612,17.59888902511748,-17.950082349359378,17.605366471081167,-85.66423390081855,213.90548046572168,243.07634205014893,0.0,0.0,0.0,0.0,0.0,0.0,0.0,0.0,0.0,0.0,0.0,0.0,0.0,0.0,0.0,0.0,0.0,0.0,0.0,0.0,0.0,0.0,0.0676830644246475,0.020660276075899727,175.98786355238196,205.59262512812897,1977.0187131766859,0.0,0.0,101.64541758096769,118.76528815176151,1134.1569439585374,0.016866982670934898,0.003187260519828969,99.73618781019614,116.54349883206011,1108.3352321747396,0.0,0.0,33.194142428545898,38.7673953430856,377.51782498593158,0.0,0.0,6.674348298838377,7.837814280936362,54.90158354388357,0.0,0.0,34.894489363247057,40.83523689234221,356.83754598918667,0.0,0.0,162.7724028633521,190.68146269129177,1570.2777085477156,0.0,0.0,12.801857586649139,15.0178098550664,113.01295660056236,0.0,0.0,93.32359574811862,109.52469927280863,801.8740756947933,41.943222227312109,28.767642131215447,153.5134231269496,179.8194653370341,1894.1164834972017,0.0,0.0,103.87335409369864,122.1606323325667,771.3833850268909,0.0,18.819411516837545,63.81116804421162,22.0,30.0,0.0,18.782769232660497,63.72462433405469,16.0,30.0,0.0,18.758573925823275,63.84642333104619,22.0,30.0,0.0,18.893008231155343,63.62349491420283,16.0,30.0,0.0,17.268483463782844,70.9413339217355,12.0,30.0,0.0,18.28716249924309,66.39284288699598,16.0,30.0,0.0,17.991547362251759,67.54248341443624,10.0,30.0,0.0,17.574340015307859,69.53117067051521,12.0,30.0,0.0,17.454672029520613,69.96600720917407,12.0,30.0,0.0,18.042297835835375,0.0,0.0,0.0,16.849902718370055,0.0,0.0,469.6237584540682,442.83015853388687,445.67948334343148,481.83869082505819,528.9787635843295,514.9115169635784,504.95063678583179,524.1436391997769,514.949903590694,0.0,79.86313246639154,79.86313246639154,60.0,0.0,60.0,60.0,16.0,16.0,16.0,12.0,12.0,12.0,21.0,10.0,0.0,0.0,0.0,0.0,0.0,0.0,0.0,0.0,0.0,0.0,0.0,0.0,0.0,79.86313246639154,79.86313246639154,0.0,0.0,0.0,79.86313246639154,0.0,0.0,0.0013933333333333335 
 04/07  12:40:00,13.239999999999999,90.66666666666667,8.466666666666667,100.16666666666666,4.5,0.0,0.0,0.0,0.0,0.0,0.0,0.0,0.0,0.0,0.0,1011.0,0.0,157.63564813841976,36.06252193069428,92.40892935689556,4.726731025115222,125.80845039846675,0.0,36.06252193069427,49.30020155048761,0.0,0.0,18.753315752443258,-113.83763988163173,18.99726815955762,-8.256646010087025,18.961731113979107,-12.47353010637562,18.916784699958926,-164.19251928058839,17.23759012249857,6.976927040264911,18.312663009842419,-23.301388903375938,17.983335205069524,9.565164426745469,17.577464962538025,-17.65483601556366,17.604633033133895,-80.16142266029147,223.247924467737,231.09740289961338,0.0,0.0,0.0,0.0,0.0,0.0,0.0,0.0,0.0,0.0,0.0,0.0,0.0,0.0,0.0,0.0,0.0,0.0,0.0,0.0,0.0,0.0,0.0775267314483726,0.023665058439674179,117.53872759282943,137.4054903791431,1250.7676290227774,0.011896999953469701,0.0018157814336797469,42.04627127597948,49.103927901970148,471.2492536351191,0.019441030613615723,0.003673664137115595,143.14238962625357,167.15292805869746,1609.3653843475536,0.0,0.0,117.6111298426268,137.4227188269653,1283.6712155645328,0.0,0.0,6.773069497690096,7.952903285869879,54.740422744827558,0.0,0.0,36.3088648471774,42.48629850670628,365.89261068362108,0.0,0.0,163.16270431106813,191.10328368295647,1557.6026074783425,0.0,0.0,13.264339470190809,15.559571066773385,114.74927239759188,0.0,0.0,90.66140424756297,106.38414507061927,768.0101981035518,41.06946885019457,28.168359979557328,168.29605662191634,197.0761220986756,2024.4778360011194,0.0,0.0,101.50952430879227,119.36178628755356,742.2871420758615,0.0,18.581468811295918,64.70169630522543,22.0,30.0,0.0,18.873787625604007,63.5231218522757,16.0,30.0,0.0,18.892678436184629,63.602277892359449,22.0,30.0,0.0,18.7250100894738,64.11621856630336,16.0,30.0,0.0,17.262092117483733,70.89417962675143,12.0,30.0,0.0,18.27794612862074,66.36282917951054,16.0,30.0,0.0,18.00695076484993,67.42630957554212,10.0,30.0,0.0,17.55102517707313,69.56985419474505,12.0,30.0,0.0,17.459671376508017,69.90491290094518,12.0,30.0,0.0,18.098336350020657,0.0,0.0,0.0,16.858738086561436,0.0,0.0,462.1343744051356,462.31860174583309,480.21899252503558,461.3029080553453,522.5678698140694,508.6283855127139,500.4247759135763,518.6868248166477,511.8990441901316,0.0,79.86313246639154,79.86313246639154,60.0,0.0,60.0,60.0,16.0,16.0,16.0,12.0,12.0,12.0,21.0,10.0,0.0,0.0,0.0,0.0,0.0,0.0,0.0,0.0,0.0,0.0,0.0,0.0,0.0,79.86313246639154,79.86313246639154,0.0,0.0,0.0,79.86313246639154,0.0,0.0,0.0014000000000000003 
 04/07  12:50:00,13.305,90.33333333333333,8.283333333333334,104.33333333333332,4.0,0.0,0.0,0.0,0.0,0.0,0.0,0.0,0.0,0.0,0.0,1011.0,0.0,163.4027342601357,37.45246500463101,95.97060778271734,4.8996580889146978,130.41114166826626,0.0,37.45246500463099,51.20035911075132,0.0,0.0,18.841839295148284,20.708225410107845,18.927000482435476,-180.88226282251254,18.810021824674167,-233.27669392887948,18.96042760530527,-0.22824601012780477,17.230914759283015,6.4085694293378598,18.309143196885779,-19.160969276805646,17.947519395628107,-8.52826066489888,17.5586762176697,-16.74814494560019,17.602845639724629,-80.08218338513962,257.3588286570266,230.03272473584367,0.0,0.0,0.0,0.0,0.0,0.0,0.0,0.0,0.0,0.0,0.0,0.0,0.0,0.0,0.0,0.0,0.0,0.0,0.0,0.0,0.0,0.0,0.0,0.0,264.16920606071178,308.52903406235716,2892.796687612675,0.0,0.0,143.0348635502943,167.10759813868573,1544.4001171299822,0.0,0.0,229.35790319307959,268.07533722083948,2419.6448276461017,0.0,0.0,113.69621855200352,132.76822967451873,1253.7211456102317,0.0,0.0,6.248434400867516,7.336108182060781,49.59394364918086,0.0,0.0,34.53317396074587,40.40355122315375,343.3323509572572,0.0,0.0,157.52775156461375,184.51532382187683,1465.1823122660872,0.0,0.0,12.956170045761759,15.197134314497673,109.88876913514992,0.0,0.0,91.28187991162676,107.09786587990992,761.5841232048045,40.20105569323447,27.572740530339155,328.9825512288296,384.99067239518339,3621.9002239790145,0.0,0.0,102.01553829651096,119.9304575255068,737.7521018096284,0.0,18.810490185648967,63.84671527129131,22.0,30.0,0.0,18.732017930894739,63.91371403161038,16.0,30.0,0.0,18.605125864344605,64.42315687714164,22.0,30.0,0.0,18.849650212085856,63.767807078203379,16.0,30.0,0.0,17.254991422901278,70.85905810435169,12.0,30.0,0.0,18.27578127215449,66.31048239380205,16.0,30.0,0.0,17.9486827929981,67.63765189639519,10.0,30.0,0.0,17.53151884087056,69.58748560206408,12.0,30.0,0.0,17.461217007245108,69.82791441714935,12.0,30.0,0.0,18.23709053612467,0.0,0.0,0.0,16.88423860967349,0.0,0.0,471.6180348068206,440.95692054298669,440.8863191688824,480.53333974504946,516.948861642115,502.9405580812421,497.2489441060456,512.7934254376659,505.79290821515937,0.0,79.86313246639154,79.86313246639154,60.0,0.0,60.0,60.0,16.0,16.0,16.0,12.0,12.0,12.0,21.0,10.0,0.0,0.0,0.0,0.0,0.0,0.0,0.0,0.0,0.0,0.0,0.0,0.0,0.0,79.86313246639154,79.86313246639154,0.0,0.0,0.0,79.86313246639154,0.0,0.0,0.0014033333333333337 
 04/07  13:00:00,13.37,90.0,8.1,108.5,3.5,0.0,0.0,0.0,0.0,0.0,0.0,0.0,0.0,0.0,0.0,1011.0,0.0,169.1916561781921,38.833017602898,99.50822364540434,5.073239887945597,135.0312598490116,0.0,38.83301760289798,53.087679178837927,0.0,0.0,18.69556022769698,-106.94840785519591,18.96439338435885,-6.1362400895870909,18.88827576333147,0.779524091822168,18.891648318202443,-146.07813966554569,17.22489833665899,6.5561817995316009,18.302209679904338,-25.864168127085578,17.96253997851796,17.009932824420504,17.541349301059034,-16.561388956203815,17.605475266503878,-71.75271171363693,231.4286680411842,206.57060098807507,0.0,0.0,0.0,0.0,0.0,0.0,0.0,0.0,0.0,0.0,0.0,0.0,0.0,0.0,0.0,0.0,0.0,0.0,0.0,0.0,0.0,0.0,0.0,0.0,181.43678419815493,212.08292683457783,1863.226649406417,0.0,0.0,46.88908700813244,54.75138347454144,509.49948303872386,0.04219601720471951,0.00797354822462576,235.67105200408305,275.20123778811168,2551.395205006832,0.0,0.0,149.70580748230277,174.8849163207397,1589.8321284362097,0.0,0.0,6.590289818461899,7.736621543774025,51.36617180592755,0.0,0.0,37.5142063977883,43.8871142679481,367.2424686563824,0.0,0.0,159.43536174967924,186.69494833001554,1476.535256222656,0.0,0.0,13.58063881285079,15.928535939785418,112.92364386401265,0.0,0.0,85.25004389485852,100.00422128525,701.7998867210807,39.301061112254057,26.95546029647055,269.77211261062259,315.7145465637209,2964.369080093109,0.0,0.0,96.21916635551996,113.10213217358758,682.6295716004182,0.0,18.528533393137925,64.88796871279189,22.0,30.0,0.0,18.834214700987219,63.680680270694768,16.0,30.0,0.0,18.8127057704494,63.88223647524877,22.0,30.0,0.0,18.707954125596407,64.15891290946319,16.0,30.0,0.0,17.249015456196639,70.8225947719973,12.0,30.0,0.0,18.264626883672407,66.31685629057798,16.0,30.0,0.0,17.99497941877916,67.39994174382392,10.0,30.0,0.0,17.513447552956707,69.60238614039027,12.0,30.0,0.0,17.471387765130574,69.72871980778364,12.0,30.0,0.0,18.19188670584762,0.0,0.0,0.0,16.88112350826485,0.0,0.0,459.25579122644975,463.6670161253312,477.7429843776024,458.73719324619909,511.590136456094,499.39027811213119,494.2709021357369,507.1704430042891,501.0961377065546,0.0,79.86313246639154,79.86313246639154,60.0,0.0,60.0,60.0,16.0,16.0,16.0,12.0,12.0,12.0,21.0,10.0,0.0,0.0,0.0,0.0,0.0,0.0,0.0,0.0,0.0,0.0,0.0,0.0,0.0,79.86313246639154,79.86313246639154,0.0,0.0,0.0,79.86313246639154,0.0,0.0,0.0014066666666666666 
 04/07  13:10:00,13.358333333333333,90.0,8.038333333333334,112.66666666666666,3.0,0.0,0.0,0.0,0.0,0.0,0.0,0.0,0.0,0.0,0.0,1011.0,0.0,175.02389978109654,40.20335407171458,103.01966126597744,5.248120667076802,139.68595260976313,0.0,40.203354071714567,54.961033023432459,0.0,0.0,18.78226620531202,21.22325938058748,18.910819360388879,-158.53702802405406,18.79561971003075,-175.20242480700109,18.928092456785178,-8.623842075200173,17.218824195734766,6.203481547543134,18.299900249565419,-18.69594622143245,17.9257669923023,-7.8597601585279339,17.524898581305857,-16.321367977304477,17.60379428540672,-75.54247310009078,233.40852584878668,214.85868247900454,0.0,0.0,0.0,0.0,0.0,0.0,0.0,0.0,0.0,0.0,0.0,0.0,0.0,0.0,0.0,0.0,0.0,0.0,0.0,0.0,0.0,0.0,0.0,0.0,263.1785792105582,307.34232573469736,2824.327004860979,0.0,0.0,149.05075609334444,174.08963784583495,1590.9204639775635,0.0,0.0,194.29501062444295,227.00128766341033,2041.207868172061,0.0,0.0,84.84517946601986,99.0617835318867,920.2685828748543,0.0,0.0,6.067736050535246,7.122329394121789,47.35054785837507,0.0,0.0,34.31157907852888,40.13467037733442,336.67047290733458,0.0,0.0,154.4170384491726,180.8325293025056,1414.1961629948187,0.0,0.0,13.421988383695363,15.741154146668065,111.45489118542932,0.0,0.0,88.45019643787954,103.74325565909544,730.1539752425335,39.06243452027192,26.791793223780478,300.92705603090595,352.11648121278889,3265.7565828840145,0.0,0.0,99.7879868118859,117.26360327697164,718.3596896169089,0.0,18.754210259271227,64.04852744960792,22.0,30.0,0.0,18.724568643443079,63.92962637040333,16.0,30.0,0.0,18.638512304266475,64.27622906460717,22.0,30.0,0.0,18.81308060913761,63.86801272409889,16.0,30.0,0.0,17.242574805420849,70.7970962820637,12.0,30.0,0.0,18.26512530069958,66.26841004806686,16.0,30.0,0.0,17.93145783416935,67.62055698532437,10.0,30.0,0.0,17.49658512806224,69.62357672761306,12.0,30.0,0.0,17.471726623628539,69.68546689486233,12.0,30.0,0.0,18.18803862196856,0.0,0.0,0.0,16.922658293109003,0.0,0.0,470.63867290433589,439.0027365434335,439.1171098241431,477.16238468049746,507.22781735984736,495.5723725855489,489.2075579491383,502.65077461179546,497.68072150386475,0.0,79.86313246639154,79.86313246639154,60.0,0.0,60.0,60.0,16.0,16.0,16.0,12.0,12.0,12.0,21.0,10.0,0.0,0.0,0.0,0.0,0.0,0.0,0.0,0.0,0.0,0.0,0.0,0.0,0.0,79.86313246639154,79.86313246639154,0.0,0.0,0.0,79.86313246639154,0.0,0.0,0.00141 
 04/07  13:20:00,13.346666666666668,90.0,7.976666666666667,116.83333333333334,2.5,0.0,0.0,0.0,0.0,0.0,0.0,0.0,0.0,0.0,0.0,1011.0,0.0,180.92394998748723,41.56250064326031,106.50242543145169,5.425034595500591,144.39476111208939,0.0,41.562500643260289,56.81908943009842,0.0,0.0,18.674833309799824,-90.9179016000353,18.947312951695804,-6.56045949968825,18.852479430015064,-7.771206650952081,18.870736280821136,-133.92926733410787,17.21343782886454,6.456864611402921,18.29324899678291,-26.257317726420298,17.94054036457578,18.16008785361646,17.5101431851705,-15.5025220124312,17.607893432706019,-64.81413362956664,209.7799077085483,189.32313260951606,0.0,0.0,0.0,0.0,0.0,0.0,0.0,0.0,0.0,0.0,0.0,0.0,0.0,0.0,0.0,0.0,0.0,0.0,0.0,0.0,0.0,0.0,0.0,0.0,131.6509250047139,153.83143453750527,1362.920404365338,0.0,0.0,24.38847098987483,28.47110100790037,265.39999455670655,0.0,0.0,186.8475652095881,218.14057335596517,2022.4262852207176,0.0,0.0,127.42782541730145,148.82183482499276,1355.7838230626354,0.0,0.0,6.478270518804502,7.603287524450614,50.62980654250953,0.0,0.0,37.605997600166627,43.98352169185378,369.0335392982165,0.0,0.0,156.18083201871137,182.84276236932974,1447.6013801529812,0.0,0.0,13.88368188358125,16.281131250520816,115.19783819465136,0.0,0.0,81.68613209767786,95.7918574335773,678.1450278975689,38.82452692274791,26.62861928857882,194.9443727121117,228.1452213422784,2211.7015417941549,0.0,0.0,93.23031081187574,109.54231214303086,673.062366592294,0.0,18.548964468065468,64.7742251403567,22.0,30.0,0.0,18.8203881147513,63.658092241236989,16.0,30.0,0.0,18.790483020656873,63.93470203638281,22.0,30.0,0.0,18.696018461284664,64.17962347916077,16.0,30.0,0.0,17.237266443435265,70.76505476240046,12.0,30.0,0.0,18.254525234892666,66.27014332012486,16.0,30.0,0.0,17.976626291090214,67.40737407198724,10.0,30.0,0.0,17.482056866767427,69.63839212734588,12.0,30.0,0.0,17.48434070640386,69.5860611921836,12.0,30.0,0.0,18.103212034731269,0.0,0.0,0.0,16.921769229047074,0.0,0.0,456.4038510272579,454.8378043901578,475.44957508734577,456.25340896098848,502.53301599972436,491.53931724957058,488.615271334103,498.72756827436839,494.2865406164853,0.0,79.86313246639154,79.86313246639154,60.0,0.0,60.0,60.0,16.0,16.0,16.0,12.0,12.0,12.0,21.0,10.0,0.0,0.0,0.0,0.0,0.0,0.0,0.0,0.0,0.0,0.0,0.0,0.0,0.0,79.86313246639154,79.86313246639154,0.0,0.0,0.0,79.86313246639154,0.0,0.0,0.0014333333333333334 
 04/07  13:30:00,13.335,90.0,7.915,121.0,2.0,0.0,0.0,0.0,0.0,0.0,0.0,0.0,0.0,0.0,0.0,1011.0,0.0,186.91985122791639,42.909313503659159,109.95358519524068,5.604822572478208,149.18006732430067,0.0,42.909313503659138,58.660284718549338,0.0,0.0,18.744049692246269,21.325184885572527,18.88945886248053,-166.5165827010096,18.75227490264113,-180.39015952046794,18.9069544146098,-9.318751540470203,17.20823496557575,6.284505060588629,18.291935645588084,-19.57333090348493,17.91348085979243,-1.2652257829959127,17.49602984113316,-15.5164491180484,17.608399156948395,-68.13195934532678,233.7995703831366,196.6190741532273,0.0,0.0,0.0,0.0,0.0,0.0,0.0,0.0,0.0,0.0,0.0,0.0,0.0,0.0,0.0,0.0,0.0,0.0,0.0,0.0,0.0,0.0,0.0,0.0,243.70429802832465,284.541425110172,2614.240496787351,0.0,0.0,139.69385358222869,163.12588124804663,1490.5045199569577,0.0,0.0,179.65888903179144,209.86600039992977,1882.0502550090412,0.0,0.0,81.12024510178108,94.6904790219489,880.5869873722022,0.0,0.0,6.0837244703064299,7.139339407811031,47.61691314277308,0.0,0.0,34.478270332850737,40.31942577095223,339.1465730082379,0.0,0.0,152.4635192088081,178.49363918208224,1402.8738460095952,0.0,0.0,14.240852742198398,16.698441233092394,118.07249822827784,0.0,0.0,85.01853568828577,99.68441160813316,708.2084963922571,38.59839014807636,26.47351862007982,277.104010036735,324.16907972528738,3033.1235718722434,0.0,0.0,96.76383921847536,113.66064853481868,708.9220466445412,0.0,18.729783403358373,64.08553201590743,22.0,30.0,0.0,18.700441671941868,63.9986544257492,16.0,30.0,0.0,18.60097688413731,64.40079914848644,22.0,30.0,0.0,18.795526598809074,63.89984285274014,16.0,30.0,0.0,17.231927755504335,70.74273060563827,12.0,30.0,0.0,18.255356579925786,66.2335728188728,16.0,30.0,0.0,17.931121483483428,67.54878721821312,10.0,30.0,0.0,17.467682904838168,69.65203221237455,12.0,30.0,0.0,17.48748048875774,69.52806624059595,12.0,30.0,0.0,18.166843233697393,0.0,0.0,0.0,16.964676373295715,0.0,0.0,464.5630268052972,436.6841651729356,436.9472742917073,474.5232313396566,498.9085453339396,489.1837284023369,482.96439773866998,494.3589352857371,490.3491491304553,0.0,79.86313246639154,79.86313246639154,60.0,0.0,60.0,60.0,16.0,16.0,16.0,12.0,12.0,12.0,21.0,10.0,0.0,0.0,0.0,0.0,0.0,0.0,0.0,0.0,0.0,0.0,0.0,0.0,0.0,79.86313246639154,79.86313246639154,0.0,0.0,0.0,79.86313246639154,0.0,0.0,0.0014566666666666667 
 04/07  13:40:00,13.323333333333335,90.0,7.8533333333333339,122.83333333333334,7.333333333333332,0.0,0.0,0.0,0.0,0.0,0.0,0.0,0.0,0.0,0.0,1011.0,0.0,203.51238432966745,43.72222418580336,112.0366609503904,6.10234648331553,162.42244429643285,0.0,43.722224185803337,59.77159525166385,0.0,0.0,18.631582178719169,-86.08099910377041,18.932578982287443,-6.20975612478037,18.812204574714515,-3.282216852595411,18.84482369478519,-138.29346022270148,17.204580614410319,6.549617498053493,18.292694435855304,-25.50922184173487,17.92574531774056,19.360805509468265,17.48341082335491,-14.520852639355383,17.613134538169164,-59.0724681953011,209.44246330026363,176.61791691727468,0.0,0.0,0.0,0.0,0.0,0.0,0.0,0.0,0.0,0.0,0.0,0.0,0.0,0.0,0.0,0.0,0.0,0.0,0.0,0.0,0.0,0.0,0.0,0.0,133.43415546002687,155.88804235930699,1378.0234216971567,0.0,0.0,21.024420366488536,24.53835398903801,228.9165240731273,0.0,0.0,199.12114304004943,232.42698561584133,2151.4950027985025,0.0,0.0,133.84500690972369,156.28511510516979,1422.6831431547753,0.0,0.0,6.415095058868599,7.527229860446765,50.30805238418944,0.0,0.0,37.04840939151917,43.31947992993786,364.89572215776635,0.0,0.0,153.94393757043725,180.17723434031923,1431.176560453002,0.0,0.0,14.818200574520834,17.37364127196362,122.83689640025055,0.0,0.0,79.76265256004865,93.5042375163463,668.1684840612896,38.343090179622219,26.29841576105777,202.05746076708338,236.4160874460142,2275.577015206987,0.0,0.0,91.68975945443599,107.68217045684956,675.2959583431807,0.0,18.51391044594976,64.87277788119265,22.0,30.0,0.0,18.801329086075009,63.681237530137419,16.0,30.0,0.0,18.758635274453224,64.01516034378457,22.0,30.0,0.0,18.66861035808843,64.24795155475117,16.0,30.0,0.0,17.228415816299667,70.71022204465474,12.0,30.0,0.0,18.250700549324816,66.2128544661255,16.0,30.0,0.0,17.968613235774766,67.36414230624696,10.0,30.0,0.0,17.455710534314659,69.6660584461472,12.0,30.0,0.0,17.500132798493558,69.44039334156202,12.0,30.0,0.0,18.083345077080826,0.0,0.0,0.0,16.973026412507424,0.0,0.0,453.143634803707,449.47615480843487,471.54910771484699,453.2603806836251,494.86423752634718,485.23364596020329,481.8281693076534,491.4831569286693,488.1695377040285,0.0,79.86313246639154,79.86313246639154,60.0,0.0,60.0,60.0,16.0,16.0,16.0,12.0,12.0,12.0,21.0,10.0,0.0,0.0,0.0,0.0,0.0,0.0,0.0,0.0,0.0,0.0,0.0,0.0,0.0,79.86313246639154,79.86313246639154,0.0,0.0,0.0,79.86313246639154,0.0,0.0,0.00148 
 04/07  13:50:00,13.311666666666668,90.0,7.791666666666667,124.66666666666666,12.666666666666665,0.0,0.0,0.0,0.0,0.0,0.0,0.0,0.0,0.0,0.0,1011.0,0.0,220.41782945984273,44.51919700068378,114.07889596786309,6.609252772273718,175.914551534292,0.0,44.51919700068376,60.86111751190329,0.0,0.0,18.703762480602494,25.391255388616629,18.881434155690927,-172.77659861913527,18.714916993522324,-174.83822734539354,18.88065597581566,-9.345428546717813,17.20133833225392,6.27464463621331,18.300955897495635,-20.034780936505969,17.89905869921398,0.7439899639566647,17.471688666154099,-13.99426767232336,17.615164775893235,-60.805209046797248,231.0717547370823,180.46711488170286,0.0,0.0,0.0,0.0,0.0,0.0,0.0,0.0,0.0,0.0,0.0,0.0,0.0,0.0,0.0,0.0,0.0,0.0,0.0,0.0,0.0,0.0,0.0,0.0,248.11431909766035,289.63541086739328,2657.886634449871,0.0,0.0,144.64813635803319,168.87195256674804,1544.4557505629405,0.0,0.0,176.8939236942188,206.5948096491104,1851.1661167854148,0.0,0.0,78.39732517388849,91.4937390228539,850.2828783385568,0.0,0.0,5.99497027803808,7.033345302657033,47.106068465726249,0.0,0.0,34.701870337975957,40.568810733975769,343.07043785190117,0.0,0.0,149.71880541998079,175.23449583808063,1381.771878503044,0.0,0.0,14.871075103100859,17.433810709219597,123.27856359249059,0.0,0.0,82.25079983970088,96.40545723586541,691.7080320462986,38.114680429085939,26.14175612420161,279.78541384866517,327.23927541854547,3051.95301263922,0.0,0.0,94.20542837716212,110.60470238554879,703.6283450462066,0.0,18.700096065117,64.15154127716932,22.0,30.0,0.0,18.68217447989995,64.03350458050807,16.0,30.0,0.0,18.573264072849875,64.47473990461862,22.0,30.0,0.0,18.768537998689977,63.95919878667525,16.0,30.0,0.0,17.225037139656228,70.68350321381033,12.0,30.0,0.0,18.258537269827835,66.14499475391226,16.0,30.0,0.0,17.922971497536819,67.51724935725349,10.0,30.0,0.0,17.444624135108425,69.67090304494862,12.0,30.0,0.0,17.505610049740289,69.37305019462782,12.0,30.0,0.0,18.14091784563535,0.0,0.0,0.0,17.014519899330357,0.0,0.0,459.52367219310488,434.7942954792576,435.18618468690365,470.4458778448258,491.56712655139816,482.4981121464109,477.62978234041068,487.5486433862732,484.1379414667378,0.0,79.86313246639154,79.86313246639154,60.0,0.0,60.0,60.0,16.0,16.0,16.0,12.0,12.0,12.0,21.0,10.0,0.0,0.0,0.0,0.0,0.0,0.0,0.0,0.0,0.0,0.0,0.0,0.0,0.0,79.86313246639154,79.86313246639154,0.0,0.0,0.0,79.86313246639154,0.0,0.0,0.0015 
 04/07  14:00:00,13.3,90.0,7.73,126.5,18.0,0.0,0.0,0.0,0.0,0.0,0.0,0.0,0.0,0.0,0.0,1011.0,0.0,268.35249465507169,45.09348342702045,115.55050867271838,8.046553747253109,214.170733610468,0.0,45.09348342702043,61.64621059608964,0.0,0.0,18.599990554934267,-77.38414781378742,18.93783797839118,-17.2303379972401,18.77387119579698,-1.9598181587307409,18.819540814713006,-137.53839825554497,17.201534324403995,6.503261426692887,18.31904262684887,-27.255274531915576,17.91282457301261,21.99989679382088,17.461265477530604,-12.932339223156646,17.6209978282631,-52.3934731002023,205.63535051820964,160.27300326784462,0.0,0.0,0.0,0.0,0.0,0.0,0.0,0.0,0.0,0.0,0.0,0.0,0.0,0.0,0.0,0.0,0.0,0.0,0.0,0.0,0.0,0.0,0.0,0.0,126.03939161737637,147.2130576562715,1303.6612769783092,0.0,0.0,20.608873461224506,24.04760746498725,224.6852543046173,0.00984110983128826,0.001859620149525371,202.02010168226605,235.76748857769014,2179.196164908285,0.0,0.0,133.36753127092357,155.69546067292735,1416.8248309573872,0.0,0.0,6.3361152789846388,7.432510464036932,49.929225400669597,0.0,0.0,37.3994368839486,43.71510736444585,371.0484842837076,0.0,0.0,151.2658091256289,176.9952807806264,1411.0789359365304,0.0,0.0,15.39851014626891,18.05010731859254,127.71242930686315,0.0,0.0,76.70180591317525,89.88426623880251,648.7950196856375,37.8640467047782,25.96985370698094,199.11571567125243,232.92890510862888,2240.1628212482285,0.0,0.0,88.80574661253898,104.24608417641187,667.2082593189534,0.0,18.499894870246128,64.87545609899219,22.0,30.0,0.0,18.7865308935793,63.678129184812139,16.0,30.0,0.0,18.727056026043618,64.09021492829312,22.0,30.0,0.0,18.643466655848166,64.2994742146468,16.0,30.0,0.0,17.225235687721825,70.63974691997857,12.0,30.0,0.0,18.26533006334746,66.08346392509144,16.0,30.0,0.0,17.962519635785648,67.32144861950357,10.0,30.0,0.0,17.435453789131747,69.67385253514367,12.0,30.0,0.0,17.519303899357778,69.27990254940096,12.0,30.0,0.0,18.054537978649173,0.0,0.0,0.0,17.025598072276528,0.0,0.0,449.67479341510917,444.00760696205085,466.9917558088466,450.40888828263766,488.0183733304718,479.41089191344,475.8782488248957,484.6717068554836,481.75617015471399,0.0,79.86313246639154,79.86313246639154,60.0,0.0,60.0,60.0,16.0,16.0,16.0,12.0,12.0,12.0,21.0,10.0,0.0,0.0,0.0,0.0,0.0,0.0,0.0,0.0,0.0,0.0,0.0,0.0,0.0,79.86313246639154,79.86313246639154,0.0,0.0,0.0,79.86313246639154,0.0,0.0,0.0015199999999999999 
 04/07  14:10:00,13.363333333333334,90.33333333333333,7.828333333333334,128.33333333333335,23.333333333333337,0.0,0.0,0.0,0.0,0.0,0.0,0.0,0.0,0.0,0.0,1011.0,0.0,286.6561951402767,45.87764231399851,117.55990666935949,8.59538568663919,228.7787696694798,0.0,45.877642313998489,62.71821524540176,0.0,0.0,18.66779732587363,27.4781595915465,18.897747827196505,-181.0480767906065,18.68132749344837,-168.35257652385008,18.855987103436847,-9.713336040711966,17.20104594998608,6.349086297619863,18.339128829819324,-22.596310506839019,17.890464999985654,5.090047512702768,17.451915191046447,-12.41704025350191,17.624681050253817,-53.89374395325012,229.25468185938554,164.1102080972055,0.0,0.0,0.0,0.0,0.0,0.0,0.0,0.0,0.0,0.0,0.0,0.0,0.0,0.0,0.0,0.0,0.0,0.0,0.0,0.0,0.0,0.0,0.0,0.0,243.1562869588494,283.8150408349498,2566.896466246782,0.0,0.0,145.76525514915384,170.14358532303764,1539.7791243069644,0.0,0.0,168.52428918257903,196.7950593774353,1738.1056394326136,0.0,0.0,75.75640041063541,88.4011437420606,809.9315582412737,0.0,0.0,6.002566767944964,7.040830081444156,46.54101522892708,0.0,0.0,35.79481687536463,41.834377807267347,351.909014879556,0.0,0.0,148.2656037153774,173.49765151330127,1353.1687117704497,0.0,0.0,15.507580358388739,18.177435724948205,126.38929652013289,0.0,0.0,79.35585323781206,92.98675281847004,662.2829678544407,38.37574138278684,26.320810276259846,272.1734772531829,318.29445484325296,2933.225202314824,0.0,0.0,91.67189389421809,107.58715987275868,685.3760624688836,0.0,18.674025111859458,64.20085466286749,22.0,30.0,0.0,18.677566615091039,64.00970444861477,16.0,30.0,0.0,18.549574914138469,64.52887831372188,22.0,30.0,0.0,18.74308384624057,64.01345411936113,16.0,30.0,0.0,17.225425479726867,70.60654537085483,12.0,30.0,0.0,18.284090163264769,65.97593857872879,16.0,30.0,0.0,17.924210427064524,67.4482586054649,10.0,30.0,0.0,17.426931128497416,69.67869877979153,12.0,30.0,0.0,17.526391846483624,69.21795185494078,12.0,30.0,0.0,18.115276009043745,0.0,0.0,0.0,17.071386516626224,0.0,0.0,454.0560945107976,433.1886179080516,433.71987275815345,465.81752051337289,484.98221140518009,476.4761219829466,472.05519254967148,481.3220954331959,478.4901403826326,0.0,79.86313246639154,79.86313246639154,60.0,0.0,60.0,60.0,16.0,16.0,16.0,12.0,12.0,12.0,21.0,10.0,0.0,0.0,0.0,0.0,0.0,0.0,0.0,0.0,0.0,0.0,0.0,0.0,0.0,79.86313246639154,79.86313246639154,0.0,0.0,0.0,79.86313246639154,0.0,0.0,0.0015400000000000002 
 04/07  14:20:00,13.42666666666667,90.66666666666667,7.926666666666668,130.16666666666667,28.666666666666669,0.0,0.0,0.0,0.0,0.0,0.0,0.0,0.0,0.0,0.0,1011.0,0.0,305.0680300190065,46.64092539880382,119.51581040252909,9.147459804024864,243.47310468465589,0.0,46.6409253988038,63.761681090449929,0.0,0.0,18.55732374567867,-81.32395094481035,18.96223243339398,-7.483523210697314,18.739259813842229,-0.609737218803275,18.79700125651354,-137.22927343654284,17.20154278777865,6.685226470309743,18.357321360615495,-30.056835034576126,17.90553792581799,25.15653245723297,17.44408858326667,-11.210743635237236,17.63214313961936,-45.88518200804174,203.61529740278366,145.89894233195265,0.0,0.0,0.0,0.0,0.0,0.0,0.0,0.0,0.0,0.0,0.0,0.0,0.0,0.0,0.0,0.0,0.0,0.0,0.0,0.0,0.0,0.0,0.0,0.0,114.16240423062614,133.3413324949541,1142.8782826844152,0.0,0.0,5.30472946626509,6.18880153537901,56.66958603559848,0.0,0.0,198.30378318894857,231.4250658640805,2077.897534173117,0.0,0.0,132.9478374519227,155.19729860543908,1372.6578188583918,0.0,0.0,6.381895758161508,7.485297725513294,48.691969055451568,0.0,0.0,38.395327858504597,44.869225459305528,373.49103564885697,0.0,0.0,150.30846683961895,175.8532769211604,1364.5986373913732,0.0,0.0,16.092369878918669,18.862207597773144,128.91255000189279,0.0,0.0,74.21626121832969,86.95472732044333,612.1522988522055,38.87122616747778,26.660648948887375,195.2374275146451,228.37818657296408,2140.5046711223587,0.0,0.0,86.87893620936018,101.94965041575611,641.7017107839973,0.0,18.459337928037134,65.06681115297813,22.0,30.0,0.0,18.803679372804223,63.532391193413619,16.0,30.0,0.0,18.69876014696322,64.15959629734098,22.0,30.0,0.0,18.620054241246046,64.40987862901322,16.0,30.0,0.0,17.227010944404865,70.5649005184202,12.0,30.0,0.0,18.29576935138629,65.90013789763715,16.0,30.0,0.0,17.964367010369338,67.2574635960754,10.0,30.0,0.0,17.420578184464764,69.67749835742363,12.0,30.0,0.0,17.54131244955075,69.12539576413727,12.0,30.0,0.0,18.02572887799919,0.0,0.0,0.0,17.09001995356999,0.0,0.0,448.3819780624195,436.2423320686593,462.18252019593526,447.2758292440493,481.66547556962208,473.6455162035544,470.1475758964932,478.5636897149568,475.9679500737323,0.0,79.86313246639154,79.86313246639154,60.0,0.0,60.0,60.0,16.0,16.0,16.0,12.0,12.0,12.0,21.0,10.0,0.0,0.0,0.0,0.0,0.0,0.0,0.0,0.0,0.0,0.0,0.0,0.0,0.0,79.86313246639154,79.86313246639154,0.0,0.0,0.0,79.86313246639154,0.0,0.0,0.0015666666666666666 
 04/07  14:30:00,13.49,91.0,8.025,132.0,34.0,0.0,0.0,0.0,0.0,0.0,0.0,0.0,0.0,0.0,0.0,1011.0,0.0,323.53492838206798,47.38028537962577,121.41041122561643,9.701184780457583,258.2113831812543,0.0,47.38028537962575,64.77244223862857,0.0,0.0,18.64030067893337,36.7757094352055,18.912388029504123,-207.50891385956948,18.649577609961264,-163.83090616224036,18.834422904613036,-9.51777822768463,17.20242926423277,6.498682306067536,18.381704652612855,-25.246848342367004,17.883670151754573,7.811750764922181,17.43712528724931,-10.456569766537882,17.637635894531259,-46.65194400207383,228.26501346993246,148.902453285124,0.0,0.0,0.0,0.0,0.0,0.0,0.0,0.0,0.0,0.0,0.0,0.0,0.0,0.0,0.0,0.0,0.0,0.0,0.0,0.0,0.0,0.0,0.0,0.0,257.1791486118541,300.15911221861247,2644.6744836641857,0.0,0.0,161.93447847827899,188.99249916083412,1666.9816909741249,0.0,0.0,162.57421471508213,189.83227078452348,1628.023212005707,0.0,0.0,70.66924540141467,82.46132431248367,734.552846312053,0.0,0.0,6.018603629176899,7.058739117063891,45.17609883252997,0.0,0.0,37.45516210348952,43.764469093262359,361.3258649933028,0.0,0.0,147.27793409954524,172.31982999464769,1307.280894495272,0.0,0.0,16.128502349448888,18.903820149597693,126.97904170585753,0.0,0.0,76.85766105845333,90.04134544276481,625.6019999891893,39.397773545488387,27.021792555204664,281.4102785922221,329.0712063474124,2933.3816372890448,0.0,0.0,89.71127519515045,105.2492544722186,659.8890145525204,0.0,18.663669058117934,64.17201883744994,22.0,30.0,0.0,18.669189959300306,64.17410841582417,16.0,30.0,0.0,18.525676182165865,64.75868073386209,22.0,30.0,0.0,18.720468124898678,64.06317899293032,16.0,30.0,0.0,17.228683288041198,70.52702124051761,12.0,30.0,0.0,18.319275081659055,65.77139790318094,16.0,30.0,0.0,17.92576847325037,67.40893504504054,10.0,30.0,0.0,17.415005789987263,69.67000362129811,12.0,30.0,0.0,17.550645699664945,69.0536082308761,12.0,30.0,0.0,18.090612427621456,0.0,0.0,0.0,17.138960115875283,0.0,0.0,446.7354543161382,431.6228486032037,432.3504656232159,460.78831535281167,478.7905824109399,470.3551026674542,467.57813765672969,475.4095563962242,472.87135332804277,0.0,79.86313246639154,79.86313246639154,60.0,0.0,60.0,60.0,16.0,16.0,16.0,12.0,12.0,12.0,21.0,10.0,0.0,0.0,0.0,0.0,0.0,0.0,0.0,0.0,0.0,0.0,0.0,0.0,0.0,79.86313246639154,79.86313246639154,0.0,0.0,0.0,79.86313246639154,0.0,0.0,0.0015933333333333336 
 04/07  14:40:00,13.553333333333335,91.33333333333333,8.123333333333335,120.66666666666666,29.000000000000005,0.0,0.0,0.0,0.0,0.0,0.0,0.0,0.0,0.0,0.0,1011.0,0.0,288.2042956840629,43.49993482580882,111.4671251869152,8.641798842468239,230.01422812934829,0.0,43.4999348258088,59.467708843738169,0.0,0.0,18.524872427734324,-81.10355400486879,18.961052128592308,-8.725040538034563,18.706293144866824,2.024172493286642,18.773069391874885,-134.2042225528212,17.19989218155406,6.946013357817918,18.381661608383824,-32.91138764957964,17.902855007445618,29.828206775186119,17.429517537850719,-9.054770064906734,17.643890738663936,-38.770263926590818,201.64323838584734,131.55008682891276,0.0,0.0,0.0,0.0,0.0,0.0,0.0,0.0,0.0,0.0,0.0,0.0,0.0,0.0,0.0,0.0,0.0,0.0,0.0,0.0,0.0,0.0,0.0,0.0,115.40730586578762,134.7851862485285,1120.7472759407324,0.0,0.0,5.889682238261397,6.870303030069721,61.35981049771012,0.0,0.0,195.62461374656835,228.29177760480463,1990.411353404075,0.0,0.0,129.06659721863142,150.65263296212039,1294.9747756695836,0.0,0.0,6.452030842543826,7.566649544789608,47.598021055885059,0.0,0.0,39.70544148674911,46.39035964490491,378.2709451887438,0.0,0.0,149.5911626790557,174.98876821375607,1322.6143498546156,0.0,0.0,16.722109881012046,19.59872547759147,129.37981831618527,0.0,0.0,71.54898167221376,83.81262605459563,575.4554510219525,39.91689772145368,27.37784480209444,192.42600374248338,225.0664649618642,2053.4917414515377,0.0,0.0,84.73090437967108,99.39437563285115,615.3108945313953,0.0,18.435418859231988,65.29354265365271,22.0,30.0,0.0,18.797594436486965,63.68163947282663,16.0,30.0,0.0,18.67272910886488,64.21279422246895,22.0,30.0,0.0,18.600334191857209,64.62687094749708,16.0,30.0,0.0,17.22769037232895,70.50337172901387,12.0,30.0,0.0,18.322650888101739,65.74787424400468,16.0,30.0,0.0,17.972653810932348,67.15841491761083,10.0,30.0,0.0,17.410401940786586,69.66219286981414,12.0,30.0,0.0,17.56583932393613,68.96478506541968,12.0,30.0,0.0,17.99930983779963,0.0,0.0,0.0,17.155785582805565,0.0,0.0,446.45882340019497,434.33305836003788,456.26889098601529,445.64107269911269,475.8244522808555,468.58706079464209,463.7599962757456,472.70849922347778,470.492187885011,0.0,79.86313246639154,79.86313246639154,60.0,0.0,60.0,60.0,16.0,16.0,16.0,12.0,12.0,12.0,21.0,10.0,0.0,0.0,0.0,0.0,0.0,0.0,0.0,0.0,0.0,0.0,0.0,0.0,0.0,79.86313246639154,79.86313246639154,0.0,0.0,0.0,79.86313246639154,0.0,0.0,0.00162 
 04/07  14:50:00,13.616666666666668,91.66666666666667,8.221666666666668,109.33333333333334,24.0,0.0,0.0,0.0,0.0,0.0,0.0,0.0,0.0,0.0,0.0,1011.0,0.0,252.90357077997914,39.58216843340422,101.42796414705374,7.583309817460056,201.84094371883095,0.0,39.5821684334042,54.11182516082584,0.0,0.0,18.611410282274919,41.33553138439129,18.878821755075408,-214.7649609299251,18.623249107864106,-152.27028698163123,18.802688718860883,-8.440465977666463,17.19562391812378,6.889704378463136,18.377849476304215,-25.742592679429209,17.881262527830356,10.681685237597776,17.42119637909434,-8.337495652061307,17.646585848688475,-39.619048192917038,223.6017417485782,138.23960639239614,0.0,0.0,0.0,0.0,0.0,0.0,0.0,0.0,0.0,0.0,0.0,0.0,0.0,0.0,0.0,0.0,0.0,0.0,0.0,0.0,0.0,0.0,0.0,0.0,258.0580279413294,301.16090398276148,2579.312143414445,0.0,0.0,168.49045382044972,196.6260030763959,1682.1362831750474,0.0,0.0,146.50735913175775,171.04518477428446,1426.9846299443853,0.0,0.0,59.47705272460352,69.39909665128782,600.1696174647368,0.0,0.0,6.089751907164014,7.141465143013442,44.10470633035053,0.0,0.0,38.562167405181458,45.05111210100202,362.9682867872546,0.0,0.0,146.6424484549254,171.54986723034464,1266.4711065045879,0.0,0.0,16.783807454807865,19.670221603507888,127.5439737627106,0.0,0.0,74.68545798099447,87.47904500333972,592.3737704906549,40.45601679340156,27.74761096941123,270.76947511153119,316.6081190237046,2745.289470710545,0.0,0.0,88.1205043773389,103.35156077836686,635.2307393064509,0.0,18.645513715529469,64.30045178841194,22.0,30.0,0.0,18.6395718776577,64.58000929841619,16.0,30.0,0.0,18.51486279804884,65.08526317428889,22.0,30.0,0.0,18.694536381108845,64.14400396769894,16.0,30.0,0.0,17.223692826238876,70.49029840321347,12.0,30.0,0.0,18.328875100940246,65.6817526530581,16.0,30.0,0.0,17.932660771110759,67.38323265308967,10.0,30.0,0.0,17.404817582998996,69.66636776171265,12.0,30.0,0.0,17.573745105407665,68.90857737740135,12.0,30.0,0.0,18.055067808197415,0.0,0.0,0.0,17.193132287730707,0.0,0.0,442.75809452488036,430.37018820302066,431.22089955069,454.8986934635578,472.89589005769917,464.40947958179347,463.1201978961539,470.135548211444,467.8214370986965,0.0,79.86313246639154,79.86313246639154,60.0,0.0,60.0,60.0,16.0,16.0,16.0,12.0,12.0,12.0,21.0,10.0,0.0,0.0,0.0,0.0,0.0,0.0,0.0,0.0,0.0,0.0,0.0,0.0,0.0,79.86313246639154,79.86313246639154,0.0,0.0,0.0,79.86313246639154,0.0,0.0,0.0016666666666666668 
 04/07  15:00:00,13.68,92.0,8.32,98.0,19.0,0.0,0.0,0.0,0.0,0.0,0.0,0.0,0.0,0.0,0.0,1011.0,0.0,217.77520809878232,35.62641219249074,91.29145733959223,6.5299891413725918,173.8052214115362,0.0,35.626412192490729,48.70400647481085,0.0,0.0,18.49699951602367,-78.6519272450555,18.912781889215233,-8.701587305688065,18.673220437034808,1.9936865291883806,18.743275682313774,-125.32498476465298,17.19078398019167,7.395629986708599,18.36250676803885,-31.83764395839148,17.89951082824867,31.73434985903168,17.41278135165508,-7.134075083786911,17.65034843516946,-33.4864551121218,192.83725596321256,125.30543863776438,0.0,0.0,0.0,0.0,0.0,0.0,0.0,0.0,0.0,0.0,0.0,0.0,0.0,0.0,0.0,0.0,0.0,0.0,0.0,0.0,0.0,0.0,0.0,0.0,107.50322374480823,125.53900737809255,1013.0394184530842,0.0,0.0,5.843675946045408,6.816281297541384,58.945582750330718,0.0,0.0,174.74079431532489,203.9118026474335,1725.0290489041659,0.0,0.0,116.55590985654017,136.0328810758553,1136.033907743439,0.0,0.0,6.550109829216907,7.680976372978164,46.54794270770797,0.0,0.0,39.686912316481528,46.363674685691268,367.64317814522306,0.0,0.0,148.39666209516487,173.5671711656217,1275.556581503966,0.0,0.0,17.333558957476649,20.313722971233678,129.34095033487282,0.0,0.0,69.74053445226346,81.6789442309748,545.8939662770032,40.99367238984164,28.116373381235705,171.43007929747979,200.4967912473014,1803.0685321791473,0.0,0.0,83.46085564972779,97.88108519102268,590.2500394624001,0.0,18.417535993192446,65.6004513787114,22.0,30.0,0.0,18.757385613454426,64.11409498547707,16.0,30.0,0.0,18.64718493428313,64.32018723433875,22.0,30.0,0.0,18.582988789755068,64.93671490719405,16.0,30.0,0.0,17.21905668921667,70.49566831113352,12.0,30.0,0.0,18.317404037660393,65.75564923648061,16.0,30.0,0.0,17.976402170516349,67.1306152695463,10.0,30.0,0.0,17.399470721857328,69.65400189099104,12.0,30.0,0.0,17.5852793860865,68.83342980059294,12.0,30.0,0.0,17.949864404719127,0.0,0.0,0.0,17.18825763418315,0.0,0.0,444.513210172812,432.7711936733077,451.13086202959496,443.85126254263715,470.1855509350874,463.6698859812374,458.7414365024659,466.9168897851789,464.8687034501341,0.0,79.86313246639154,79.86313246639154,60.0,0.0,60.0,60.0,16.0,16.0,16.0,12.0,12.0,12.0,21.0,10.0,0.0,0.0,0.0,0.0,0.0,0.0,0.0,0.0,0.0,0.0,0.0,0.0,0.0,79.86313246639154,79.86313246639154,0.0,0.0,0.0,79.86313246639154,0.0,0.0,0.0017133333333333335 
 04/07  15:10:00,13.535,91.83333333333334,8.168333333333333,86.66666666666666,13.999999999999997,0.0,0.0,0.0,0.0,0.0,0.0,0.0,0.0,0.0,0.0,10120.0,0.0,182.96956482891268,31.631593805877583,81.05485716058475,5.486345209582743,146.02705976696053,0.0,31.631593805877566,43.24278687413744,0.0,0.0,19.800489167609525,-941.745785773373,19.088683997990338,716.5926150948768,20.118041345807975,-2306.384202412558,19.048241901051268,907.4784646472485,17.188899819573757,13.386805562913253,18.345866121688475,-15.41040574698242,18.00409215825031,202.01391980739266,17.403874675454249,-5.7788616110031179,17.64860322801826,-32.43251897462092,459.402796048703,191.8240987159337,0.0,0.0,0.0,0.0,0.0,0.0,0.0,0.0,0.0,0.0,0.0,0.0,0.0,0.0,0.0,0.0,0.0,0.0,0.0,0.0,0.0,0.0,0.06577680419077203,0.02007838955762272,408.3509736049026,475.9199279129212,5679.6180611164659,0.16958875876179095,0.025883510189528538,338.5638603116778,396.36868648443848,3812.9898778921408,0.0,0.0,510.6524410495435,594.5021562393577,7435.069691603466,0.15212744915566699,0.028746683513920437,354.6484959734063,415.0481461992267,4080.8554491765237,0.0,0.0,8.721403796246895,10.286583875418263,64.4786648833159,0.0,0.0,32.69688055119121,38.46692007268191,311.8347323613603,0.0,0.0,177.01153986669363,208.09691758751917,1650.2808819832813,0.0,0.0,20.73208797011196,24.439902164937487,160.3740123222088,0.0,0.0,92.49139732764869,108.93549947777044,750.5243191091532,42.54538237785949,29.180646349697878,690.7873167992259,809.9338469088486,7637.008816910116,0.0,0.0,108.60566580685694,128.05335695463195,818.5966504256352,2217.869807137428,20.411400083723725,58.072494336448688,21.999999999999998,30.0,0.0,19.13372846564075,62.796400561306409,15.999999999999999,30.0,4361.498469014348,20.75468449000473,56.891124266176998,21.999999999999998,30.0,0.0,19.23311976858781,62.43940082604574,15.999999999999999,30.0,0.0,17.22064216162469,70.49454028727397,12.0,30.0,0.0,18.31531361650812,65.78833843904093,15.999999999999999,30.0,0.0,18.188015098599345,66.41909238506857,10.0,30.0,0.0,17.395175903216633,69.6879209826602,12.0,30.0,0.0,17.587450332188867,68.86361328233774,15.999999999999999,30.0,0.0,18.696179380142675,0.0,0.0,0.0,17.2695207247206,0.0,0.0,440.73377882297407,439.1074417205231,440.28047007715557,441.4359833743868,467.58422857036069,460.4242653980196,453.75170776836878,464.40209809931027,461.21713572246866,10536.04581763371,81.03817730158655,84.59666077814548,60.0,0.0,60.0,60.0,16.0,16.0,16.0,16.0,12.0,12.0,21.0,10.0,1.0,0.0,2217.869807137428,0.0,4361.498469014348,0.0,0.0,0.0,0.0,0.0,5385.216639047576,3231129.9834285455,4202746.573140616,81.03817730158655,84.65709564093186,0.34950722130158587,0.7683817796254109,0.3602813740196596,84.65709564093186,0.3542647819438876,4202746.573140616,0.22030282180331205 
 04/07  15:20:00,13.39,91.66666666666667,8.016666666666668,75.33333333333333,8.999999999999999,0.0,0.0,0.0,0.0,0.0,0.0,0.0,0.0,0.0,0.0,3036.0,0.0,131.5041300510596,27.114172986075187,69.47911891501544,3.9431663864988,104.95290532519361,0.0,27.114172986075177,37.067130126319437,0.0,0.0,20.448763427029904,-1345.8027147177775,19.628610862676653,648.1064334996243,20.81671124922957,-3138.5791102839077,19.77959033312981,670.4873715721147,17.192639597364143,18.87914417058237,18.329781287290304,5.226024783671238,18.26979152732303,163.30409108642494,17.396125092776559,-0.9131214386694255,17.65147642547764,-18.813021022739723,630.1801418589382,274.30246705069046,0.0,0.0,0.0,0.0,0.0,0.0,0.0,0.0,0.0,0.0,0.0,0.0,0.0,0.0,0.0,0.0,0.0,0.0,0.0,0.0,0.0,0.0,0.30361558266983248,0.09267874928871564,457.32791600763269,531.0079226889332,7257.648919645889,0.2244829192699508,0.03426173981531604,384.75729760465569,448.8513740384634,5086.844569055458,0.0,0.0,567.4728545691369,658.1018646748917,9405.31556970803,0.17964063441368095,0.033945698112940448,387.4500084453652,451.513261520564,5384.814970906539,0.0,0.0,9.805079102133896,11.549478048543703,75.5656294847467,0.0,0.0,35.717672831283127,41.89825479444,351.91381958182776,0.0,0.0,215.3970986446585,252.44498559840924,2244.620567444354,0.0,0.0,24.38802687081595,28.706668911353629,195.66143563595865,0.0,0.0,119.52766023324927,140.56900167998217,1007.7007349379688,43.66796425844744,29.95059276985421,763.5142854101958,892.853748773556,9579.08934920783,0.0,0.0,139.5267040753244,164.15919241768675,1145.9371625893705,1817.1971800637262,21.45273441008269,54.452311601711688,21.999999999999994,29.99999999999999,0.0,20.07482851134216,59.25600554111509,15.999999999999993,29.99999999999999,3741.2648493879657,21.829349596361113,53.217511576980168,21.999999999999994,29.99999999999999,0.0,20.435498239926618,57.968156256709608,15.999999999999993,29.99999999999999,0.0,17.232479997185725,70.48183894290006,11.999999999999995,29.99999999999999,0.0,18.325960806153615,65.82102318016674,15.999999999999993,29.99999999999999,0.0,18.609783238652715,64.74091481956691,9.999999999999997,29.99999999999999,0.0,17.393118027618337,69.76547644993181,11.999999999999995,29.99999999999999,0.0,17.59985866530196,68.90165143010165,15.999999999999993,29.99999999999999,0.0,19.39326390863404,0.0,0.0,0.0,17.464859812879085,0.0,0.0,440.30167077262117,440.9628207260255,439.7497515920604,440.2637844697445,461.96966389543118,455.60859749467138,451.0213037873833,458.3786622622756,455.2915003538353,12150.341404625498,79.97024220356498,87.86590542666862,59.99999999999998,0.0,59.99999999999998,59.99999999999998,16.0,16.0,16.0,16.0,12.0,12.0,21.0,10.0,1.0,0.0,1817.1971800637262,0.0,3741.2648493879657,0.0,0.0,0.0,0.0,0.0,11947.434307327134,7168460.584396284,9348429.52076144,79.97024220356498,87.99999999999997,0.39824781024423785,0.7668537296107107,0.36028137401965945,87.99999999999997,0.35426478194388735,9348429.52076144,0.4879383350795949 
 04/07  15:30:00,13.245000000000001,91.5,7.865,64.0,4.0,0.0,0.0,0.0,0.0,0.0,0.0,0.0,0.0,0.0,0.0,2024.0,0.0,102.44393949894438,22.846257214033785,58.54272467942952,3.0717972148683234,81.7601299648933,0.0,22.846257214033775,31.232565694954518,0.0,0.0,20.570372513451838,-1547.8816188735764,19.959114797057056,602.3479410563405,20.181230057923096,-450.74348256308078,19.97791669487897,162.11739275542778,17.200980257520205,23.179084117557069,18.323516039328014,24.60894569717607,18.40838233668874,163.85609261262744,17.397691347458769,6.47255219831726,17.669978548137168,4.413514805025443,768.5512523919442,347.01423591610048,0.0,0.0,0.0,0.0,0.0,0.0,0.0,0.0,0.0,0.0,0.0,0.0,0.0,0.0,0.0,0.0,0.0,0.0,0.0,0.0,0.0,0.0,0.4272772056986719,0.1304264974660171,553.2202442767959,641.426724564082,8859.598910483845,0.19802073949539018,0.03022294558842952,349.18821005622285,406.31820729230278,5077.292465942977,0.36248776120898876,0.06849730937433653,492.42180698630417,572.783072346012,7255.6238475403829,0.15150061498631088,0.02862823412439736,276.3023828809037,321.6284156802077,4090.291824147088,0.0,0.0,10.375263978518145,12.207466781558015,83.29601294603333,0.0,0.0,44.400276746260988,52.03155018889633,452.1585297294068,0.0,0.0,248.85405435945558,291.1789976161203,2765.514065797219,0.0,0.0,28.114898222124454,33.055699038721247,234.41719415730439,0.0,0.0,137.7016809020211,161.78465003038179,1211.5406389015778,44.33106604090503,30.405395089783985,746.5454631814791,870.5915899974225,10333.058625005542,0.0,0.0,161.6391718822024,189.91948390191673,1419.0726248812785,1790.317849301837,21.436782381743457,54.51103668008879,22.0,30.0,0.0,20.621388760553399,57.295546156414918,16.0,30.0,355.3957840055526,20.7405050159625,56.894226436004817,21.0,30.0,0.0,20.651992622496775,57.19327092978714,16.0,30.0,0.0,17.24843337037084,70.45623081945536,12.0,30.0,0.0,18.347600685759148,65.79433037706028,16.0,30.0,0.0,18.823045073637738,63.9157975327154,10.0,30.0,0.0,17.40547186432698,69.78548684933129,12.0,30.0,0.0,17.63991571730863,68.78871927076622,16.0,30.0,0.0,19.862260825545797,0.0,0.0,0.0,17.61543479555361,0.0,0.0,440.07078593622807,440.7666760313633,440.12585285485218,440.2125991375494,457.5656660538087,452.0837153576306,449.10523682754447,453.74971388652167,452.05795899629188,9074.838996462342,82.0045254700459,82.0045254700459,60.0,0.0,60.0,60.0,16.0,16.0,16.0,16.0,12.0,12.0,21.0,10.0,1.0,0.0,1790.317849301837,0.0,355.3957840055526,0.0,0.0,0.0,0.0,0.0,0.0,0.0,0.0,82.0045254700459,82.0045254700459,0.34,0.7669881754583652,0.36028137401965956,82.0045254700459,0.3542647819438875,0.0,0.00188 
 04/07  15:40:00,13.1,91.33333333333334,7.713333333333333,60.5,13.833333333333333,1.0,0.0,0.0,0.0,0.0,0.0,0.0,0.0,0.0,0.0,6072.0,0.0,131.6238936449397,22.590664456136943,57.887788769611827,3.946743678509813,105.0483375364,0.0,22.59066445613693,30.88315101720747,0.0,0.0,20.794305917410989,-1265.7093215175983,20.018215165142246,517.1862032919592,20.798522493329977,-1164.2297468622492,19.92124458426407,541.1765553012092,17.211499438137019,27.046814012921538,19.079480495468503,-92.08386006737459,18.473738037381417,171.4510714956063,17.382053270372628,12.66026712887737,17.672665093441475,25.448678615185274,794.0686033612374,428.86343606220569,0.0,0.0,0.0,0.0,0.0,0.0,0.0,0.0,0.0,0.0,0.0,0.0,0.0,0.0,0.0,0.0,0.0,0.0,0.0,0.0,0.0,0.0,0.5004781479245972,0.1527711074250906,445.4234896445554,517.2496993598411,7540.340319326408,0.18209845600805209,0.02779280464103356,295.91205705626478,344.7431997740459,4459.485086451401,0.3747136931417193,0.07080757617946318,384.28984456994768,446.55161433162518,6512.290286556972,0.18712445493303546,0.03535987432597037,299.3284603447092,348.8490211600696,4470.12027354762,0.0,0.0,10.297677075696989,12.14357174232115,85.87035785954189,0.0,0.0,52.08864777857475,60.8706599795991,679.9853043925728,0.0,0.0,265.4043753345661,311.15750634626047,3068.4293892854195,0.0,0.0,29.43457253994331,34.69111796360299,254.2756282542616,0.0,0.0,148.19221215981563,174.50061687286678,1356.389195338415,44.79260020083772,30.721948011548485,602.2174353748657,703.5531893328619,8787.001177431135,0.0,0.0,173.6727835353876,204.52520516495043,1583.7165657986203,1824.5476664111034,21.722496825818245,53.51024785352246,21.999999999999976,29.999999999999969,0.0,20.735258831752057,56.859875172905649,15.999999999999983,29.999999999999969,1690.1466985366079,21.64338261050198,53.77507119720384,21.49999999999998,29.999999999999969,0.0,20.63700772337341,57.2028166948682,15.999999999999983,29.999999999999969,0.0,17.260666584966878,70.44049671366844,11.99999999999999,29.999999999999969,1376.8042998841277,19.59356616275855,60.9348975676852,19.99999999999998,29.999999999999969,0.0,18.904585081423137,63.61439553541548,9.99999999999999,29.999999999999969,0.0,17.41334718976406,69.80285812254295,15.999999999999983,29.999999999999969,0.0,17.67533422476714,68.68571207210991,15.999999999999983,29.999999999999969,0.0,19.970135353432967,0.0,0.0,0.0,17.643803149230885,0.0,0.0,439.68133115076815,440.3092657971951,439.558352271971,440.0461921774688,454.522699614445,449.4758814756607,446.71738930682548,450.8501701641736,449.21042649490848,10703.322966333208,80.92751808405795,84.59713585030819,59.999999999999939,0.0,59.999999999999939,59.999999999999939,16.0,16.0,19.0,16.0,16.0,12.0,21.0,10.0,1.0,0.0,1824.5476664111034,0.0,1690.1466985366079,0.0,1376.8042998841277,0.0,0.0,0.0,5553.212038164592,3331927.222898757,4335279.831360039,80.92751808405795,84.65945814227406,0.3551070679388195,0.7673712955115382,0.3602813740196592,84.65945814227406,0.3542647819438871,4335279.831360039,0.22737455123072204 
 04/07  15:50:00,12.955,91.16666666666667,7.561666666666667,57.0,23.666666666666666,1.0,0.0,0.0,0.0,0.0,0.0,0.0,0.0,0.0,0.0,2024.0,0.0,147.35474954593895,21.62916603706071,55.424006264398368,4.418425566013958,117.60296411178959,0.0,21.6291660370607,29.568709782564154,0.0,0.0,20.87046128542712,-1604.9628488374065,20.126907556250325,488.8046421378758,20.572529269290354,-421.57485271011776,19.94918815483782,160.42701611202984,17.226737099654924,28.789267419458896,19.080180315404755,-76.8536458756771,18.56548116333172,154.14386910584109,17.379493622230585,10.079668400191054,17.685894954857923,7.9154058917492879,812.5295988581238,507.14263697022127,0.0,0.0,0.0,0.0,0.0,0.0,0.0,0.0,0.0,0.0,0.0,0.0,0.0,0.0,0.0,0.0,0.0,0.0,0.0,0.0,0.0,0.0,0.4950707312979311,0.15112049184918537,508.19839545623599,588.5934774883233,8664.293262388708,0.1654184600869565,0.02524701771778945,286.7625315045906,333.3239509802383,4477.797031858412,0.6519397534506561,0.12319345303300386,380.44312246778738,441.34653911957528,6274.375733664087,0.18221169001771959,0.0344315362845275,222.02680281157809,258.5994952675103,3391.0625353805628,0.0,0.0,10.43554395993653,12.276890552974006,90.47330349492408,0.0,0.0,56.31377835174136,65.7426414889917,735.8530394197053,0.0,0.0,275.58087137370719,322.2589571947366,3329.3735636927515,0.0,0.0,30.95039821662164,36.39061857731025,276.46625018466338,0.0,0.0,152.27814138228556,178.88443868428738,1444.8878766821968,44.93211831896106,30.817639450590585,643.4714715191371,749.8433208743952,9621.760841650475,0.0,0.0,179.15692601212477,210.5682704198589,1650.451752832087,1892.7461366478784,21.6794076125556,53.6071734514074,22.0,30.0,0.0,20.87505698297623,56.34248082815268,16.0,30.0,1102.8630558577118,21.279114217732066,55.01689115392921,21.5,30.0,0.0,20.59982135463921,57.29233619186546,16.0,30.0,0.0,17.280506218854048,70.39697578064764,12.0,30.0,0.0,19.535247343861955,61.15857871977518,19.0,30.0,0.0,19.027166216255368,63.131430448518688,10.0,30.0,0.0,17.41442949314589,69.84020826751493,16.0,30.0,0.0,17.69794053549674,68.61093553902237,16.0,30.0,0.0,20.035752017432526,0.0,0.0,0.0,17.54299989788602,0.0,0.0,439.2685745912007,439.8466741466395,439.41968050358096,439.7896253421535,450.9657516958378,447.0191254794346,445.63368388173776,448.11935934899466,447.38676641542755,8468.058889530786,82.40556097880995,82.40556097880995,60.0,0.0,60.0,60.0,16.0,16.0,19.0,16.0,16.0,12.0,21.0,10.0,1.0,0.0,1892.7461366478784,0.0,1102.8630558577118,0.0,0.0,0.0,0.0,0.0,0.0,0.0,0.0,82.40556097880995,82.40556097880995,0.34,0.7719083016955983,0.36028137401965956,82.40556097880995,0.3542647819438875,0.0,0.0019766666666666667 
 04/07  16:00:00,12.81,91.0,7.41,53.5,33.5,1.0,0.0,0.0,0.0,0.0,0.0,0.0,0.0,0.0,0.0,3036.0,0.0,190.6910867174589,21.166362232741617,54.23809747604744,5.717842810240077,152.1892140388356,0.0,21.166362232741606,28.93602189470338,0.0,0.0,20.913934261917999,-1471.7562858232546,20.15104235409025,382.3633727071474,20.75080838455368,-437.50507935477045,19.88824728391125,346.6756428145039,17.24158545077906,27.634872738771948,18.87225435969793,-27.05476095297136,18.55510220855757,110.1858174616228,17.370371101520413,5.26187225773538,17.676519608412109,-11.408601435329434,771.2231158365157,558.7204592873384,0.0,0.0,0.0,0.0,0.0,0.0,0.0,0.0,0.0,0.0,0.0,0.0,0.0,0.0,0.0,0.0,0.0,0.0,0.0,0.0,0.0,0.0,0.5400791080900194,0.16485931260379117,445.8442419332431,517.1878709913694,7734.7820988596799,0.15741940236424038,0.02402616031200252,255.8584490258445,297.68170133611098,4051.207319817494,0.5880459863170393,0.11111980089135298,279.1545621909793,324.2864636117009,4733.06115645112,0.1971583379289296,0.03725592175527772,276.82198586615086,322.58595354800118,4207.479879455404,0.0,0.0,10.1840389561327,11.994402556737786,91.51373802782128,0.0,0.0,42.413021466294399,49.65423667308711,537.0882880988072,0.0,0.0,262.6280020036795,307.5774203707944,3217.599250250852,0.0,0.0,30.812629745533905,36.27739275429161,283.35039943096259,0.0,0.0,154.46927815523274,181.7004873362423,1504.7697593507806,44.11266080547294,30.255597260269547,529.017146365072,617.4986659686401,8077.647445923937,0.0,0.0,181.07244617719165,213.16459351063646,1685.36169762815,1801.611813425421,21.647504315334598,53.62463900906384,22.000000000000019,30.00000000000002,0.0,20.839574094520878,56.39038700186331,16.000000000000015,30.00000000000002,824.6133787500781,21.49596587161747,54.14732962867522,21.33333333333335,30.00000000000002,0.0,20.500776953071875,57.590285040015277,16.000000000000015,30.00000000000002,0.0,17.29511872228433,70.35254695359798,12.00000000000001,30.00000000000002,0.0,19.17076148503152,62.56433534789825,19.000000000000015,30.00000000000002,0.0,18.9678377138557,63.34650667530279,10.000000000000007,30.00000000000002,0.0,17.40212999901773,69.90773901885439,16.000000000000015,30.00000000000002,0.0,17.680482332374568,68.69373060295648,16.000000000000015,30.00000000000002,0.0,19.948940427483558,0.0,0.0,0.0,17.445382591165797,0.0,0.0,438.7211546847475,439.267481537865,438.85939393705419,439.3345616458098,448.9270282305994,445.87130521922588,444.06629841877676,446.60783653808837,445.9039580900179,8852.810921271637,82.15129534012302,82.15129534012302,60.00000000000004,0.0,60.00000000000004,60.00000000000004,16.0,16.0,19.0,16.0,16.0,12.0,21.0,10.0,1.0,0.0,1801.611813425421,0.0,824.6133787500781,0.0,0.0,0.0,0.0,0.0,0.0,0.0,0.0,82.15129534012302,82.15129534012302,0.3400000000000003,0.7719496309194319,0.3602813740196598,82.15129534012302,0.3542647819438878,0.0,0.002013333333333334 
 04/07  16:10:00,12.596666666666668,91.16666666666667,7.063333333333334,50.0,43.33333333333334,1.0,0.0,0.0,2.0,0.0,0.0,0.0,0.0,0.0,4.0,3036.0,0.0,202.93429949617474,20.128745388410008,51.57925929964383,6.0849486052058669,161.96038098038938,0.0,20.128745388409997,27.51752100183628,0.0,0.0,21.08814008002228,-1369.9165925617213,20.226612487590736,520.3910407236756,20.986544592314858,-1020.7285116669615,20.051664902220766,562.556062016838,17.254893722430717,27.14411616767668,18.80856312480087,-20.987997347930106,18.560155407205487,124.42052252071335,17.353458028804867,-2.7522110502386565,17.648504120253187,-40.382592902780448,836.39082412944,566.3238833975835,0.0,0.0,0.0,0.0,0.0,0.0,0.0,0.0,0.0,0.0,0.0,0.0,0.0,0.0,0.0,0.0,0.0,0.0,0.0,0.0,0.0,0.0,0.6373818798548693,0.19456101338671229,384.4961470334492,445.9362361169423,7009.370610004378,0.20808507482991374,0.03175901630493189,306.01228336727339,356.03281067529425,5037.889115270682,0.42592278589476498,0.08048427549031842,317.25101482313348,368.09413660535525,5687.54628086799,0.19527724786059059,0.036900462558690578,319.9368668087484,372.35047172874649,5175.205972753938,0.0,0.0,10.967361352999495,12.91800496344073,103.50602165790221,0.0,0.0,15.79293888141519,18.488422161688275,202.41784487956023,0.0,0.0,235.66421494457684,275.99328107402217,2982.295617656185,0.0,0.0,29.755888143211775,35.03715054507173,284.8002389477804,0.0,0.0,153.25779655523946,180.29713779780745,1543.708239844079,42.705905622454469,29.290744597019534,618.6384970456353,721.5758104618687,9906.217345180095,0.0,0.0,178.22199598876828,209.88651561320743,1693.383568780912,1789.3911925710027,21.876761148735704,52.804721177081237,22.0,30.0,0.0,20.94411826636704,55.910701206616639,16.0,30.0,0.0,21.707332995733866,53.973761514564049,21.0,30.0,0.0,20.797364586147656,56.94352741434477,16.0,30.0,0.0,17.308239557207459,70.29366536151963,12.0,30.0,0.0,19.041019583054927,64.53985947888947,19.0,30.0,0.0,18.95796797911117,63.310563181639327,10.0,30.0,0.0,17.376373734506154,70.00629107383435,16.0,30.0,0.0,17.632532486709925,68.86761486621032,16.0,30.0,0.0,20.18709562086137,0.0,0.0,0.0,17.326316767821944,0.0,0.0,442.7305670504952,441.0936689254311,476.4481935085846,467.4278948922137,446.48717356192267,539.8410905660601,441.9394308514252,444.470287083538,443.4783710633719,9608.819620304384,81.65138208882627,83.93106097017159,1744.0,0.0,1744.0,1744.0,16.0,16.0,19.0,16.0,16.0,12.0,21.0,10.0,1.0,0.0,1789.3911925710027,0.0,0.0,0.0,0.0,0.0,0.0,0.0,3450.083425959522,2070050.0555757136,2681181.57188448,81.65138208882627,83.96977748559135,0.3416694475319841,0.7682616068202799,0.36028137401965956,83.96977748559135,0.3542647819438875,2681181.57188448,0.19900810840465964 
 04/07  16:20:00,12.383333333333333,91.33333333333334,6.716666666666667,46.5,53.166666666666667,1.0,0.0,0.0,2.0,0.0,0.0,0.0,0.0,0.0,4.0,4048.0,0.0,213.77728448044867,19.048459630226007,48.8110810134526,6.410068806622716,170.61403620187878,0.0,19.048459630226,26.040688468799755,0.0,0.0,21.09719862734689,-1189.6776085176089,20.26274982487115,410.0938493221072,20.92677572293026,-863.9770353706304,20.124511786434267,367.06891115958708,17.26720527780462,25.66442776568529,18.80253979498317,-20.13733088478574,18.54619079082137,102.13079430900507,17.337360335375043,-3.6640750351472777,17.622063595965814,-41.443098848533967,797.8299971194301,588.3963253057532,0.0,0.0,0.0,0.0,0.0,0.0,0.0,0.0,0.0,0.0,0.0,0.0,0.0,0.0,0.0,0.0,0.0,0.0,0.0,0.0,0.0,0.0,0.6417053348990808,0.1958807493586938,351.1894089488975,407.54431333911585,6506.002357394984,0.19227851887427534,0.029346538289724567,273.63250997757157,318.4509287700194,4619.443093272323,0.532716552934783,0.10066450357800137,287.8322017856882,334.29550097842937,5232.924181447843,0.19355479297620244,0.0365749797763043,292.6893615695758,340.8147973133817,4888.849643702193,0.0,0.0,10.605108012220338,12.498162659635236,104.82639897687854,0.0,0.0,15.281737737654938,17.897055541044496,201.5893390558529,0.0,0.0,235.84469167876768,276.4530220895172,3058.800297825145,0.0,0.0,29.668809295390088,34.96239966669154,295.3117021805323,0.0,0.0,155.36975914057036,182.94363809571019,1619.792967540532,41.06365029991614,28.16436920433207,559.9367516326988,653.4905411956735,9226.348239262103,0.0,0.0,180.15935016263308,212.36511007674438,1770.7171313022087,1477.1512334610293,21.799906938847543,53.1515433026748,22.0,30.0,0.0,20.94242120870599,56.02429913680727,16.0,30.0,0.0,21.61603928543941,54.422449758114648,21.0,30.0,0.0,20.853159394674014,56.93925733073817,16.0,30.0,0.0,17.319170467140176,70.22844352264116,12.0,30.0,0.0,19.01607797917626,66.11979047155188,19.0,30.0,0.0,18.901663301937356,63.55637405690542,10.0,30.0,0.0,17.354495037140209,70.0728629287209,16.0,30.0,0.0,17.59544245433303,68.99761241897144,16.0,30.0,0.0,20.161035956323699,0.0,0.0,0.0,17.277062061966036,0.0,0.0,454.65776307756047,452.9729639828981,492.61565818397357,484.27488683144329,445.037423790392,635.9392644779701,445.67082780790647,443.47915055972256,443.3317830971962,8612.054558161928,82.3104281413647,84.00881929914138,1744.0,0.0,1744.0,1744.0,16.0,16.0,19.0,16.0,16.0,12.0,21.0,10.0,1.0,0.0,1477.1512334610293,0.0,0.0,0.0,0.0,0.0,0.0,0.0,2570.3751009357758,1542225.0605614654,2002058.0452068046,82.3104281413647,84.03766361927213,0.3406791700311925,0.7703861797675684,0.36028137401965956,84.03766361927213,0.3542647819438875,2002058.0452068046,0.16388746279519829 
 04/07  16:30:00,12.17,91.5,6.37,43.0,63.0,1.0,0.0,0.0,2.0,0.0,0.0,0.0,0.0,0.0,4.0,1012.0,0.0,251.57538741483814,17.927617554380207,45.938975927095359,7.543423513886241,200.7802664876267,0.0,17.9276175543802,24.5084123747523,0.0,0.0,21.2622168544744,-1473.2298811054225,20.351367978992927,476.90405015511899,20.98799980831157,-852.8832310168127,20.12945138443414,359.28496272521627,17.283187463674247,25.604827120362928,18.810313414750845,-20.88302290919978,18.567723781262214,118.55321136106613,17.318363491224806,-3.7327297247238677,17.592296234156998,-36.983096236469467,795.8733650375361,608.9933717326385,0.0,0.0,0.0,0.0,0.0,0.0,0.0,0.0,0.0,0.0,0.0,0.0,0.0,0.0,0.0,0.0,0.0,0.0,0.0,0.0,0.0,0.0,0.6343769179400771,0.1936437478449564,384.40512065602379,443.463202320416,7469.504531485589,0.20502945749314936,0.03129265224254416,303.18261922925378,350.9362624507336,5313.649187476107,0.6592041825015567,0.1245661720524484,282.4873234919897,326.2607334970953,5282.179274103037,0.21166923322649645,0.0399979654623009,291.37843806008996,337.47452742430508,4983.464956604593,0.0,0.0,10.744997654036587,12.597123869286899,111.21568328476943,0.0,0.0,15.764032076060025,18.358377227122536,214.49118581310106,0.0,0.0,239.3543087669427,279.0781504589823,3221.7668329068299,0.0,0.0,29.95411871188405,35.11837568442196,309.53246409796489,0.0,0.0,157.45644934212283,184.45989351314763,1696.4983981820286,39.602178236839367,27.161987816762264,588.156695684528,682.7473764936028,9971.838468323644,0.0,0.0,182.23005102764552,213.71386181391453,1855.2852939209184,1783.6382864797634,22.04584529917438,52.45349059166314,22.0,30.0,0.0,21.05602830641226,55.75805223243477,16.0,30.0,0.0,21.654080958453986,54.4129157083713,21.0,30.0,0.0,20.83422380797678,57.14429498228544,16.0,30.0,0.0,17.335428552573235,70.15369880636929,12.0,30.0,0.0,19.00528480433947,67.34817462234537,19.0,30.0,0.0,18.930861253562829,63.47855098275769,10.0,30.0,0.0,17.32680120595094,70.19312049844898,16.0,30.0,0.0,17.55189720493935,69.2013890876079,16.0,30.0,0.0,20.215679950147213,0.0,0.0,0.0,17.235490755683846,0.0,0.0,466.6242481493294,466.0285247571784,505.8395428025086,497.97216725479987,446.4005541663073,714.8904061424532,450.50829814017666,445.89040776268606,446.6611289584707,9861.291087562822,81.4844574301293,81.4844574301293,1744.0,0.0,1744.0,1744.0,16.0,16.0,19.0,16.0,16.0,12.0,21.0,10.0,1.0,0.0,1783.6382864797634,0.0,0.0,0.0,0.0,0.0,0.0,0.0,0.0,0.0,0.0,81.4844574301293,81.4844574301293,0.34,0.7616719192800603,0.36028137401965956,81.4844574301293,0.3542647819438875,0.0,0.05997422222222223 
 04/07  16:40:00,11.956666666666667,91.66666666666666,6.023333333333333,39.333333333333339,52.5,1.0,0.0,0.0,2.0,0.0,0.0,0.0,0.0,0.0,4.0,1012.0,0.0,189.48228503159158,16.26156626068016,41.66975193801253,5.681585561928367,151.2243525275956,0.0,16.26156626068015,22.230793944995363,0.0,0.0,21.311677595345775,-1452.203586581043,20.397468457107313,480.29850506709047,21.03909236153914,-867.3638793164773,20.1548740045533,370.31764045267848,17.290968123388326,25.46298102204321,18.79661378878616,-20.835359267803257,18.58087295101268,114.22607750577299,17.304540520520655,-4.482041820071117,17.57178102902896,-38.78980068061719,793.8280791677753,635.8586577064416,0.0,0.0,0.0,0.0,0.0,0.0,0.0,0.0,0.0,0.0,0.0,0.0,0.0,0.0,0.0,0.0,0.0,0.0,0.0,0.0,0.0,0.0,0.6652929779007578,0.2030808845850909,383.99641352441707,443.0242703240786,7623.217296734862,0.2086496895025496,0.03184519070551734,301.3603249353826,348.7617724286695,5450.2612538777,0.7364825479277399,0.1391690377792404,289.10557092785975,333.9025884806726,5542.101323078154,0.22788434592125476,0.0430620457145228,299.29578264386137,346.6336111434109,5261.289180295,0.0,0.0,10.675307737084303,12.51596051431748,115.21426692877967,0.0,0.0,15.773440277825144,18.369076423090865,221.1484669860369,0.0,0.0,243.30265726419843,283.6962921467709,3380.3754446343939,0.0,0.0,30.243394440198533,35.46206020467466,324.410227547046,0.0,0.0,161.28265025578117,188.97208339703153,1798.2680320014013,38.25263199979284,26.236373113712518,593.8869707459625,689.3197096628927,10372.926137548002,0.0,0.0,186.19482004994783,218.38896274481867,1969.7499482633512,1737.3769850932802,22.04495041633458,52.466827865976608,22.0,30.0,0.0,21.1277749479013,55.576533186342619,16.0,30.0,0.0,21.67772652654799,54.33026679057097,21.0,30.0,0.0,20.861901310912793,57.087882645531788,19.0,30.0,0.0,17.34341562902654,70.13186428640758,12.0,30.0,3.813388632763694,18.999797657866826,67.84302892385557,19.0,30.0,0.0,18.93554128157898,63.487378861833438,10.0,30.0,0.0,17.309745076151239,70.28925499431948,16.0,30.0,0.0,17.525916573201618,69.33924636875655,16.0,30.0,0.0,20.26863628268362,0.0,0.0,0.0,17.22086460174413,0.0,0.0,472.1790247962856,472.79102993609646,510.5995067661053,503.29524431710419,448.1155830103062,746.7798861779546,453.8735074572356,449.2102430910369,450.091118011707,8175.863018252366,82.59891147797863,82.59891147797863,1744.0,0.0,1744.0,1744.0,16.0,19.0,19.0,16.0,16.0,12.0,21.0,10.0,1.0,0.0,1737.3769850932802,0.0,0.0,0.0,3.813388632763694,0.0,0.0,0.0,0.0,0.0,0.0,82.59891147797863,82.59891147797863,0.34,0.7722475111877006,0.36028137401965956,82.59891147797863,0.3542647819438875,0.0,0.060168 
 04/07  16:50:00,11.743333333333333,91.83333333333333,5.676666666666667,35.66666666666667,42.00000000000001,1.0,0.0,0.0,2.0,0.0,0.0,0.0,0.0,0.0,4.0,4048.0,0.0,157.20817052652854,14.620179999562895,37.46373423349459,4.713854778802235,125.46664768276578,0.0,14.620179999562888,19.986894484752474,0.0,0.0,21.14377904232627,-866.0331149206304,20.339561394183524,289.69680748325677,21.07440808491048,-908.1904490622419,20.179747254442185,376.023140710176,17.294944433482454,21.793995353068909,19.325259547666574,-46.78435218924038,18.52147195914259,55.362554054417618,17.293439417606025,-6.6851615842483629,17.553662434938397,-50.91000903680492,735.044240298269,618.3364522372583,0.0,0.0,0.0,0.0,0.0,0.0,0.0,0.0,0.0,0.0,0.0,0.0,0.0,0.0,0.0,0.0,0.0,0.0,0.0,0.0,0.0,0.0,0.8184101399553774,0.24981994504132402,275.1881263074615,319.55829696234226,5369.920586529976,0.19996957612382555,0.030520387076285947,201.64021071981626,234.62030852921743,3688.1729560258356,0.6054220948260658,0.11440326810772222,290.157122885626,336.95835514611556,5677.914497075873,0.2058993594760879,0.038907664300092178,293.66998923334969,341.96288085383949,5295.722686055055,0.0,0.0,9.934477732002105,11.709342204620328,111.36521934850463,0.0,0.0,14.650617440206269,17.10592521891239,236.05067413678507,0.0,0.0,231.98073311746698,272.1013794089839,3258.991665385845,0.0,0.0,28.600089978558807,33.719903905997778,318.10781279527409,0.0,0.0,157.3551758683704,185.39934697797347,1813.8557029616207,36.827846847515299,25.259154216402817,488.9864844191585,570.747752911478,8743.593236738227,0.0,0.0,181.00160337107847,213.5234455358986,1963.3072755961899,1110.3866960449946,21.611254690899139,53.938661266748088,21.5,30.0,0.0,20.99619364274731,56.07079625444224,16.0,30.0,0.0,21.67809078942377,54.370986792722508,21.0,30.0,0.0,20.88674382191654,57.02047682931097,19.0,30.0,0.0,17.343184383301016,70.15389277837946,12.0,30.0,755.8917359425745,19.880679632619555,64.52351578127422,19.75,30.0,0.0,18.799333655054839,64.07829241890201,10.0,30.0,0.0,17.298536513446828,70.38591703848548,16.0,30.0,0.0,17.505258053524419,69.5002884560074,16.0,30.0,0.0,20.14257785383905,0.0,0.0,0.0,17.142272490426099,0.0,0.0,485.3884544154855,484.4329479575637,524.4107555326016,515.4972812489921,450.43656288981858,768.0697719342911,462.26015710212178,453.1792649851743,456.28651131719138,9730.917064625104,81.57066642490108,83.2629786119679,1744.0,0.0,1744.0,1744.0,16.0,19.0,19.0,16.0,16.0,12.0,21.0,10.0,1.0,0.0,1110.3866960449946,0.0,0.0,0.0,755.8917359425745,0.0,0.0,0.0,2561.184146330103,1536710.4877980618,1990497.3183464497,81.57066642490108,83.2917196909952,0.3403728048776701,0.7707293622643678,0.36028137401965956,83.2917196909952,0.3542647819438875,1990497.3183464497,0.16454586055401539 
 04/07  17:00:00,11.53,92.0,5.33,32.0,31.5,1.0,0.0,0.0,2.0,0.0,0.0,0.0,0.0,0.0,4.0,4050.0,0.0,126.41941485745372,13.00116116113948,33.315035424773778,3.7906622301774686,100.89439704093187,0.0,13.001161161139475,17.77357298711272,0.0,0.0,21.103299174838168,-750.4286275764773,20.222973095183979,226.6675695855903,21.091088632683645,-919.646711750479,20.198617480318494,362.1564498851071,17.29503379245523,18.609084002079088,19.238150631114473,-42.897528878961498,18.449794464800239,44.0227808321024,17.27494936508954,-12.483203485052144,17.517753916861638,-75.29507092870404,701.667526993645,598.5578043779983,0.0,0.0,0.0,0.0,0.0,0.0,0.0,0.0,0.0,0.0,0.0,0.0,0.0,0.0,0.0,0.0,0.0,0.0,0.0,0.0,0.0,0.0,0.9251132105367443,0.2823910899074311,254.50198298301286,295.43737555541579,5016.164811236351,0.21207676581899374,0.032368248751372678,196.12028283646024,228.20295471134564,3590.2679825275656,0.5285057167984095,0.09986880513953321,289.03020882456209,335.7188007435794,5763.055978667756,0.19122020809439506,0.03613382617052059,287.63975952283979,334.9507690249382,5316.978816619101,0.0,0.0,9.53196200159322,11.234317591840192,110.81483326191519,0.0,0.0,14.138915753587217,16.515235086308168,228.92428321149405,0.0,0.0,223.11095851392205,261.81982703440556,3169.7083906389177,0.0,0.0,26.95961856397934,31.788191410598967,310.03697909613188,0.0,0.0,152.45875192354505,179.67156902212379,1806.5235805051785,35.48098121289291,24.335378060969079,467.94355105673949,546.1391866040417,8512.736932288388,0.0,0.0,174.56479637477609,206.0294646623211,1924.397835524431,931.8576839735508,21.564461648553089,54.12049438164299,21.5,30.0,0.0,20.793394485527359,56.831897976850807,16.0,30.0,0.0,21.654289624389877,54.46402385821517,21.0,30.0,0.0,20.90253205255071,57.02083381055759,19.0,30.0,0.0,17.337675105892484,70.2412334658612,12.0,30.0,0.0,19.697566652614947,65.81584746071784,19.0,30.0,0.0,18.664367741949346,64.7469417112012,10.0,30.0,0.0,17.27351404116751,70.63394521062536,16.0,30.0,0.0,17.45189257177171,69.90258090558359,16.0,30.0,0.0,20.07126233059028,0.0,0.0,0.0,17.014441941854643,0.0,0.0,508.2127282279919,506.69468589954149,547.9813887018663,539.7918048011775,458.50171457498888,799.2655784561216,481.72978653960208,467.77192069839898,475.4970674918968,5934.548084104031,82.32670952321519,82.32670952321519,1744.0,0.0,1744.0,1744.0,16.0,19.0,19.0,16.0,16.0,12.0,21.0,10.0,1.0,0.0,931.8576839735508,0.0,0.0,0.0,0.0,0.0,0.0,0.0,0.0,0.0,0.0,82.32670952321519,82.32670952321519,0.255,0.539397315687154,0.27021103051474468,82.32670952321519,0.2656985864579156,0.0,0.06191200000000001 
 04/07  17:10:00,11.253333333333332,92.0,5.253333333333334,28.333333333333333,20.999999999999998,1.0,4.0,0.0,0.0,0.0,0.0,0.0,0.0,0.0,0.0,3039.0,0.0,79.97743933351741,10.869570276586558,27.852903306566373,2.3981166706002607,63.82949118582157,0.0,10.869570276586553,14.85952664189035,0.0,0.0,20.94623087118502,-1225.7193086214982,20.243672970989178,443.0496543786081,20.773293317497769,-62.09585167828391,20.194467586298296,-59.052487101449447,17.294090773412884,20.14148830868898,18.967095453515154,-77.79177256145468,18.517706402754777,108.26967468595163,17.252248926132475,-14.38624083698187,17.476500247733165,-74.5594557008141,653.7951839498043,659.5045134222686,0.0,0.0,0.0,0.0,0.0,0.0,0.0,0.0,0.0,0.0,0.0,0.0,0.0,0.0,0.0,0.0,0.0,0.0,0.0,0.0,0.0,0.0,0.8815377094965762,0.2690896549134848,418.14944652670718,485.75620551594587,8505.599067290106,0.229208187396682,0.034982934584353187,270.6761974758533,315.2286778320404,5152.089699864783,0.8220978888389736,0.15534729569897466,138.25337357021059,160.95184019376908,2740.4763540146398,0.22303359061685552,0.04214542528663179,20.891241115941417,24.326994292404849,397.1339248414639,0.0,0.0,9.641324963630737,11.361960362206132,117.36026649544671,0.0,0.0,60.066534070399679,70.33092538166841,959.3904483996959,0.0,0.0,283.7850803054713,332.6578917598173,4269.732092352099,0.0,0.0,28.974823497411575,34.14623351857293,347.5815584149499,0.0,0.0,162.08117200103019,190.8925474779582,1992.2893557790322,35.30051633054842,24.211602421500986,355.0205803123954,414.73259744390148,6728.168848326189,0.0,0.0,186.14711642662327,219.50900596486003,2158.174536410432,1238.649448331121,21.554957477224965,54.03173076247414,21.666666666666669,30.0,0.0,20.89365620653579,56.416264916977997,16.0,30.0,0.0,21.228940976746118,55.345536218443118,21.0,30.0,0.0,20.78522848426582,60.422869454685059,19.0,30.0,0.0,17.334114947760719,70.47052386532448,12.0,30.0,0.0,19.27428025472063,64.19521578996654,16.0,30.0,0.0,18.811479360380625,64.74977817803897,10.0,30.0,0.0,17.243713275848387,70.98893163579821,16.0,30.0,0.0,17.39560265245127,70.47867212534067,16.0,30.0,0.0,19.86290458363246,0.0,0.0,0.0,17.020741319520999,0.0,0.0,514.1007638834284,516.812045913619,520.4779826810809,714.0250548262961,476.077614568382,594.8810607664307,524.1987282285413,486.4486021871471,499.096298560156,9910.396944914812,81.4519796320706,81.4519796320706,162.0,0.0,162.0,162.0,16.0,19.0,16.0,16.0,16.0,12.0,21.0,10.0,1.0,0.0,1238.649448331121,0.0,0.0,0.0,0.0,0.0,0.0,0.0,0.0,0.0,0.0,81.4519796320706,81.4519796320706,0.34,0.7712291263869642,0.36028137401965956,81.4519796320706,0.3542647819438875,0.0,0.0058319999999999999 
 04/07  17:20:00,10.976666666666667,92.0,5.176666666666667,24.666666666666666,10.499999999999999,1.0,4.0,0.0,0.0,0.0,0.0,0.0,0.0,0.0,0.0,4052.0,0.0,54.899049500511228,9.302924944140069,23.838416193038915,1.6461475377000606,43.814632186777057,0.0,9.302924944140065,12.717803697605526,0.0,0.0,21.09968243827047,-1215.2018467907788,20.18597558959233,313.2395822321366,20.949772603003895,-293.1165418666402,20.142749595015759,-51.898902055607567,17.293505378667189,18.688156370019443,18.750279639706855,-33.93958986052246,18.46548756994408,61.29623725239662,17.233511709040394,-13.025717883378121,17.448359096678876,-66.18693386371138,677.7329114396412,641.6435424336623,0.0,0.0,0.0,0.0,0.0,0.0,0.0,0.0,0.0,0.0,0.0,0.0,0.0,0.0,0.0,0.0,0.0,0.0,0.0,0.0,0.0,0.0,0.9808146071939849,0.2993939582399222,390.3315592492576,453.489766320728,8210.005252059309,0.2309127220449756,0.035243089445203847,243.7967636247748,283.95255694997936,4728.39962172263,0.8599831874445754,0.16250627124803017,145.7372055525674,168.9977668673455,3098.35924521333,0.1942152391102828,0.03669978063308442,14.70242598160459,17.10784499364963,285.0158348885078,0.0,0.0,9.107103344294423,10.737827883796758,115.832038717926,0.0,0.0,44.24722801714054,51.89099381374077,704.6868799867714,0.0,0.0,263.16754004326756,308.8675387033755,4050.031083782043,0.0,0.0,28.091156986168085,33.13651397148129,351.40418443189079,0.0,0.0,158.43874390008555,186.79688998621155,2025.78957264753,34.892220277577489,23.9315639763906,330.3460226845214,386.143953609095,6395.860709876409,0.0,0.0,181.80621543781514,214.63898443729327,2190.336189241538,1730.4168233979527,21.655621402667575,53.29032299263019,22.0,30.0,0.0,20.801604491635925,56.33162387890441,16.0,30.0,1050.4006085929476,21.518678919540958,54.02146488006084,21.5,30.0,0.0,20.674142493928487,64.16089707563029,19.0,30.0,0.0,17.33073911978112,70.71274362995797,12.0,30.0,0.0,18.977605076599198,64.31675109772303,16.0,30.0,0.0,18.705716296339959,64.83563652786363,10.0,30.0,0.0,17.223380354930677,71.41462629543952,16.0,30.0,0.0,17.36504024974255,70.84351459130343,16.0,30.0,0.0,19.817062348434349,0.0,0.0,0.0,16.972850696579866,0.0,0.0,513.2333219759645,515.0580320026871,516.6191678307133,907.6839203183839,494.20636478405108,537.6950595260976,517.6924758917767,511.44654367816966,519.5977320124771,10601.777029760084,80.99470984041926,84.5210147553926,162.0,0.0,162.0,162.0,16.0,19.0,16.0,16.0,16.0,12.0,21.0,10.0,1.0,0.0,1730.4168233979527,0.0,1050.4006085929476,0.0,0.0,0.0,0.0,0.0,5336.57059464514,3201942.3567870839,4143079.773497052,80.99470984041926,84.58090311937778,0.3478856864881713,0.769682444423678,0.36028137401965956,84.58090311937778,0.3542647819438875,4143079.773497052,0.22134414822184673 
 04/07  17:30:00,10.7,92.0,5.1,21.0,0.0,1.0,4.0,0.0,0.0,0.0,0.0,0.0,0.0,0.0,0.0,3039.0,0.0,29.991676145177693,7.339500008056591,18.807207533929028,0.8993068102805827,23.936265709348004,0.0,7.3395000080565879,10.0336529534009,0.0,0.0,20.78101598241881,-503.86864569300499,20.11234939144694,221.93220634132005,20.715291208504867,-332.1062856782437,20.11415216316575,-49.32421552963093,17.29069547118626,17.04231424434599,18.578033561488775,-16.905658211760277,18.423845284207546,27.665854330355907,17.212360499468017,-15.08570192769669,17.41710076608566,-75.08410625463873,595.824632130316,639.8856483956625,0.0,0.0,0.0,0.0,0.0,0.0,0.0,0.0,0.0,0.0,0.0,0.0,0.0,0.0,0.0,0.0,0.0,0.0,0.0,0.0,0.0,0.0,1.0462076269656365,0.3193551974864579,283.79802145967548,330.4867333136598,5826.174920392775,0.23974929431752746,0.03659177263698525,218.74773272704793,255.07515453204523,4330.17509185942,0.8385817085467389,0.15846215203075188,102.07991971683066,118.84159371939431,2130.9013070396465,0.17967353997343139,0.0339519160947527,15.159828686923781,17.655937689377333,300.2132099328144,0.0,0.0,8.811054792090883,10.385825061872835,116.84642537454474,0.0,0.0,34.1946016213178,40.11908402615316,548.4248284821383,0.0,0.0,247.56400321622668,290.5199867072208,3904.6447528102255,0.0,0.0,26.90523230314786,31.725658573506246,350.2419296460522,0.0,0.0,155.0472467838012,182.7412019653388,2056.7656684343139,34.493465356500959,23.658069517490369,227.06435841829475,265.950023402551,4528.281911162663,0.0,0.0,177.45882983996047,209.48983726531407,2200.377164067814,377.8375386049484,21.069553875707116,54.99550584301386,20.999999999999994,29.99999999999999,0.0,20.70398401327604,56.56500827766305,15.999999999999993,29.99999999999999,21.355861741609396,21.23671784758222,54.64816836248649,20.999999999999994,29.99999999999999,0.0,20.612610748588297,66.18138151490857,18.999999999999994,29.99999999999999,0.0,17.324456147433254,70.77090496510516,11.999999999999995,29.99999999999999,0.0,18.750768361817245,64.83215618851236,15.999999999999993,29.99999999999999,0.0,18.615902672720528,65.04674950659627,9.999999999999997,29.99999999999999,0.0,17.19936936920871,71.44710891219738,15.999999999999993,29.99999999999999,0.0,17.326374590717536,70.79603391175319,15.999999999999993,29.99999999999999,0.0,19.406131628260729,0.0,0.0,0.0,16.868973899796577,0.0,0.0,517.7410519619516,519.3327371598531,528.7121232600197,1022.7275062958856,504.34393345380638,524.0864992938958,518.4225974701319,517.5465956306978,519.1533290618027,5247.600017029081,83.1209370288706,83.1209370288706,161.99999999999995,0.0,161.99999999999995,161.99999999999995,16.0,19.0,16.0,16.0,16.0,12.0,21.0,10.0,1.0,0.0,377.8375386049484,0.0,21.355861741609396,0.0,0.0,0.0,0.0,0.0,0.0,0.0,0.0,83.1209370288706,83.1209370288706,0.2266666666666666,0.46254312475289635,0.24018758267977295,83.1209370288706,0.2361765212959249,0.0,0.005976 
 04/07  17:40:00,10.423333333333332,92.0,5.023333333333333,18.5,0.0,1.0,4.0,0.0,0.0,0.0,0.0,0.0,0.0,0.0,0.0,5070.0,0.0,26.395282032202688,6.459397992637928,16.551977576327969,0.7914681844364822,21.06599469163885,0.0,6.459397992637926,8.8304867736058,0.0,0.0,21.152664901741724,-602.3457100135787,20.79303969656861,-263.68030188847356,21.054959014857553,-589.9918416943579,20.09709221693864,-36.9664458060047,17.287205840776509,16.402224823253968,18.451775093712784,-11.69703947738538,18.403465709802729,91.82379064039165,17.18822603382433,-20.53321129376944,17.3786418308275,-95.88517456245485,653.1041174932176,646.2282357530717,0.0,0.0,0.0,0.0,0.0,0.0,0.0,0.0,0.0,0.0,0.0,0.0,0.0,0.0,0.0,0.0,0.0,0.0,0.0,0.0,0.0,0.0,1.068691014107393,0.3262182582745401,268.68403673311249,312.33147527096897,6003.479844585085,0.22141254524302446,0.033793123510840138,187.54587121246747,218.1740886755643,4140.185273226872,0.9318377758761367,0.17608423580425876,110.27253199051971,128.2782387392013,2497.505479166115,0.2352764000527614,0.04445888134027994,20.87924642737976,24.297783625667724,423.4294631722794,0.0,0.0,9.086166465958153,10.720019851148472,125.37476099348383,0.0,0.0,25.83265287187245,30.365817852993606,420.8119432376933,0.0,0.0,241.59953532490156,283.801934245128,3940.6495780340367,0.0,0.0,26.715864124316036,31.535058363180409,361.030695747708,0.0,0.0,154.70033242268918,182.53688051342963,2121.9426632845654,34.56216990155196,23.7051919763731,209.85937131236939,245.71705797032548,4444.78528749128,0.0,0.0,176.68636324429776,208.83941614927219,2257.5280494454398,983.0219249460926,21.721345799252327,52.67720333328953,21.60000000000001,30.00000000000001,1814.190508400466,21.677521275145453,52.977494561849457,22.000000000000008,30.00000000000001,1244.6735344279815,21.8394403685082,52.13152632478909,21.60000000000001,30.00000000000001,0.0,20.579823142732115,66.94149571716314,19.000000000000008,30.00000000000001,0.0,17.316761480449914,70.72274823489761,12.000000000000006,30.00000000000001,0.0,18.595142660413594,65.24750284702009,16.000000000000005,30.00000000000001,0.0,18.61218999591027,64.72659106044223,10.000000000000004,30.00000000000001,0.0,17.170829081108445,71.36522824538869,16.000000000000005,30.00000000000001,0.0,17.275137045586648,70.74306906781706,16.000000000000005,30.00000000000001,0.0,19.521524423167837,0.0,0.0,0.0,16.77863914700101,0.0,0.0,531.3889297935493,534.4549227559503,533.121846978285,1077.3432968264629,509.7092273938126,521.2838801265077,522.4636855148616,518.5061926382132,519.1143070561288,9525.952963727792,81.70613951690692,83.18186670832307,162.00000000000007,0.0,162.00000000000007,162.00000000000007,21.0,19.0,16.0,16.0,16.0,12.0,21.0,10.0,1.0,0.0,983.0219249460926,1814.190508400466,1244.6735344279815,0.0,0.0,0.0,0.0,0.0,2233.2017326288084,1339921.0395772849,1745273.945905199,81.70613951690692,83.20692945511138,0.34644005775429378,0.7692299605801729,0.36028137401965967,83.20692945511138,0.35426478194388769,1745273.945905199,0.09680224518707038 
 04/07  17:50:00,10.146666666666667,92.0,4.946666666666667,16.0,0.0,1.0,4.0,0.0,0.0,0.0,0.0,0.0,0.0,0.0,0.0,4056.0,0.0,22.8068769749782,5.581251042166668,14.301757362682402,0.683869106223067,18.202099650715576,0.0,5.581251042166666,7.629993315816568,0.0,0.0,21.119530221896097,-853.2344963911521,20.605491948294078,-162.51706386354045,20.664421818687303,-4.3875426513333199,20.08613977325037,-57.21105409044188,17.284235625875338,16.52915086265176,18.340969943186573,-2.2177276813774968,18.42664041129956,64.91245857423155,17.161015378897234,-20.46657647473785,17.33772461272015,-89.3627302627408,645.3209170358118,684.5032403956459,0.0,0.0,0.0,0.0,0.0,0.0,0.0,0.0,0.0,0.0,0.0,0.0,0.0,0.0,0.0,0.0,0.0,0.0,0.0,0.0,0.0,0.0,1.08926742866895,0.3324992151004121,296.57615334821898,344.5464326576129,6668.198651088927,0.20352075402628509,0.031062386145647909,140.71971202780805,163.68449040558597,3096.332586965121,1.1347438443121725,0.21442627443540683,159.47772305586273,185.64548575996259,3484.369595827245,0.23245558431537567,0.04392584737629924,14.513103419215474,16.9337103411597,303.1019272284386,0.0,0.0,9.135941919355428,10.777632353669386,131.03128669614513,0.0,0.0,26.46895194457465,31.068566274059024,438.30515295706899,0.0,0.0,249.833079889341,293.3526134440383,4227.700992781608,0.0,0.0,27.698387965650114,32.69310906218133,387.94834194548226,0.0,0.0,160.50875308580374,189.40018241494765,2274.752674846574,34.20244274533975,23.458465531783106,237.3707512579525,277.30293828894158,5190.192292432339,0.0,0.0,183.57562745619178,216.95810446927906,2445.329266346428,943.1627646388415,21.545515523778918,52.78617169988989,21.5,30.0,0.0,21.369391783414267,53.53205278304039,21.0,30.0,0.0,21.15923782732148,54.329160769455857,21.0,30.0,0.0,20.55323238489606,66.81456705090099,19.0,30.0,0.0,17.311311799444604,70.56379241684405,12.0,30.0,0.0,18.461575645242918,65.54763534161539,16.0,30.0,0.0,18.642756157113245,64.29816860899507,10.0,30.0,0.0,17.138740561765926,71.19671699138408,16.0,30.0,0.0,17.22400620402988,70.65030781063919,16.0,30.0,0.0,19.562127704328824,0.0,0.0,0.0,16.77341458283231,0.0,0.0,551.6550732084597,567.2687470243083,554.7329722326521,1084.7610139613474,514.6993710697063,522.3909895377756,529.0401391761789,520.5476061150728,522.0740378338945,7737.899542512907,81.0591695334178,82.82652475190109,162.0,0.0,162.0,162.0,21.0,19.0,16.0,16.0,16.0,12.0,21.0,10.0,1.0,0.0,943.1627646388415,0.0,0.0,0.0,0.0,0.0,0.0,0.0,2674.639356502678,1604783.6139016068,2076745.5341354097,81.0591695334178,82.85654031072761,0.2591546452167559,0.5792900062920522,0.27021103051474468,82.85654031072761,0.2656985864579156,2076745.5341354097,0.11411076777504131 
 04/07  18:00:00,9.87,92.0,4.87,13.5,0.0,1.0,4.0,0.0,0.0,0.0,0.0,0.0,0.0,0.0,0.0,4060.0,0.0,19.226261732090295,4.70501039870237,12.056421953512592,0.5765036014914351,15.344421574215561,0.0,4.705010398702368,6.43210592423205,0.0,0.0,21.126180986635814,-553.5785378047556,20.73191533667225,-89.45543534085732,21.057067272711558,-614.151024489629,20.06536634453461,-53.567818392678777,17.2788783090449,13.796870535533543,18.247329276290999,-3.2518006565769328,18.365423378626095,45.33803277035986,17.133660545808689,-23.591644219000643,17.29699605821492,-106.01365430802707,498.9068689219402,643.4496350701968,0.0,0.0,0.0,0.0,0.0,0.0,0.0,0.0,0.0,0.0,0.0,0.0,0.0,0.0,0.0,0.0,0.0,0.0,0.0,0.0,0.0,0.0,1.1645518738234025,0.35547981496440858,186.81605111960759,216.8355314879694,4409.38139048101,0.22060771088001236,0.03367028554334743,31.14449290605119,36.129594186811178,734.6601855461507,1.0494754636702964,0.1983135796807061,122.92512919502612,142.70923020820994,2909.380227620625,0.2135714288780849,0.04035741286433954,19.16410659790351,22.303059181614804,407.5399086942413,0.0,0.0,8.707163955928078,10.271925755043427,129.5501063359319,0.0,0.0,25.36295397972527,29.81504941696356,429.0168256637885,0.0,0.0,237.21348835313297,278.71752471871016,4093.335718465379,0.0,0.0,25.641212791974547,30.27395829897394,371.7721947587604,0.0,0.0,152.44441958755415,179.9524888135938,2229.287762471805,33.817452596492049,23.19441193175038,118.23290077227449,138.36095954944103,2818.2523911526529,0.0,0.0,173.73388268309308,205.47070483727436,2361.501482720876,1100.4584626148354,21.64023144683312,51.804117236516628,21.75,30.0,1240.8826681086244,21.594510166892506,52.75264611420142,21.75,30.0,1386.5942212820096,21.712008088309174,51.485226079194557,21.5,30.0,0.0,20.51448745687795,67.43901062781352,19.0,30.0,0.0,17.302004497101508,70.3331983205974,12.0,30.0,0.0,18.35377719379158,65.58887608889533,16.0,30.0,0.0,18.529626095168056,64.22761326140304,10.0,30.0,0.0,17.107202867790904,70.8924711015866,16.0,30.0,0.0,17.17142166351004,70.34363549497823,16.0,30.0,0.0,18.768608844327959,0.0,0.0,0.0,16.628293684594156,0.0,0.0,569.4493712758257,570.7028918670668,577.4424861181019,1148.1982837642868,521.1244238138747,529.175093644963,543.5372718525646,528.528397091504,534.023233168952,9468.161334876633,81.74428140933532,83.70826228692424,162.0,0.0,162.0,162.0,21.0,19.0,16.0,16.0,16.0,12.0,21.0,10.0,1.0,0.0,1100.4584626148354,1240.8826681086244,1386.5942212820096,0.0,0.0,0.0,0.0,0.0,2971.864588916068,1783118.7533496409,2316182.985019986,81.74428140933532,83.74161720219478,0.35406215296386897,0.7688156026625417,0.36028137401965956,83.74161720219478,0.3542647819438875,2316182.985019986,0.12663351522103928 
 04/07  18:10:00,9.773333333333334,91.66666666666667,4.825,10.999999999999999,0.0,0.0,0.0,0.0,0.0,0.0,0.0,4.0,0.0,0.0,0.0,4062.0,0.0,15.653051848549959,3.8305819792274238,9.815730266378067,0.4693601425611447,12.492653632876169,0.0,3.830581979227422,5.236695980234291,0.0,0.0,21.147769791782417,-816.808433552415,20.952878300935365,-133.4058461923158,20.95193289721127,-529.488691814322,20.096511311017975,218.29463344842385,17.27506967024089,13.063383185936488,18.25461666307846,4.952540426195611,18.343645598107107,32.207476100747957,17.141034763420757,-23.718987622299353,17.289899761558006,-102.4458420237413,612.9687343512471,689.7686061191412,0.0,0.0,0.0,0.0,0.0,0.0,0.0,0.0,0.0,0.0,0.0,0.0,0.0,0.0,0.0,0.0,0.0,0.0,0.0,0.0,0.0,0.0,1.1381620832140845,0.3474243233254226,199.55139990140737,231.76444768574829,4666.344740685743,0.07697279148914331,0.011747984049014546,25.230374076470637,29.336298291985768,596.3960801676567,1.2148285286959829,0.2295594347498079,241.1585745454228,280.47153097105947,5535.313607074271,0.2815828122500422,0.053209148195397227,225.27698576154655,262.77646153566556,4797.862471720221,0.0,0.0,8.358113435890584,9.862245684546659,125.91807423781688,0.0,0.0,29.96391108876948,35.260210482373839,509.6814317784124,0.0,0.0,249.79692466500146,293.6599696990104,4335.2577191746399,0.0,0.0,26.467747536558606,31.26101327436607,388.08155155772615,0.0,0.0,160.1029624971232,189.0898527126901,2361.42444200038,33.85589156459493,23.220776107403937,247.70683640334148,290.1648052018267,5338.616530825935,0.0,0.0,182.1068225018412,215.46827184693545,2506.267984511734,971.4642244506474,21.57462142697801,53.05684604088218,21.5,30.0,0.0,21.738762588154608,55.99535105531461,21.0,30.0,883.9784099711062,21.39979630902041,54.03302671621614,21.25,30.0,0.0,20.527712892167118,57.771463331881289,16.0,30.0,0.0,17.297336890227574,69.98839459102124,12.0,30.0,0.0,18.300135305760266,65.38150648631745,16.0,30.0,0.0,18.481835636684509,64.28689504222716,10.0,30.0,0.0,17.090583335001364,70.49995855578153,16.0,30.0,0.0,17.13534436494929,70.04084404828049,16.0,30.0,0.0,19.27063995872557,0.0,0.0,0.0,16.61368018673265,0.0,0.0,663.1469865440429,799.0816461107044,683.9105134043427,717.2012004180676,531.7631312431013,549.4156467029674,581.271970113906,545.5813182577826,557.6832607966638,6468.676455591016,82.02987317469106,82.02987317469106,240.0,0.0,240.0,240.0,21.0,16.0,16.0,16.0,16.0,12.0,21.0,10.0,1.0,0.0,971.4642244506474,0.0,883.9784099711062,0.0,0.0,0.0,0.0,0.0,0.0,0.0,0.0,82.02987317469106,82.02987317469106,0.255,0.5403545858089699,0.27021103051474468,82.02987317469106,0.2656985864579156,0.0,0.009279999999999999 
 04/07  18:20:00,9.676666666666666,91.33333333333334,4.78,8.5,0.0,0.0,0.0,0.0,0.0,0.0,0.0,4.0,0.0,0.0,0.0,3048.0,0.0,12.086443780813177,2.9577691422530627,7.579178418524926,0.36241463560206957,9.646154527507213,0.0,2.9577691422530609,4.043494659999823,0.0,0.0,21.340287901783645,-1356.2764612381075,20.776533403136964,-92.68453780360756,20.971825446097257,-197.21576812599228,20.13359356965022,305.63961756637328,17.27330974965779,14.797297358172799,18.214171419661004,9.103117655421326,18.389273466001009,82.36333868193043,17.12607201070319,-26.061340399094236,17.263919236334318,-105.16427768672287,679.1733359264033,717.9722131848346,0.0,0.0,0.0,0.0,0.0,0.0,0.0,0.0,0.0,0.0,0.0,0.0,0.0,0.0,0.0,0.0,0.0,0.0,0.0,0.0,0.0,0.0,1.0779097022297287,0.32903226563789025,270.94187012562687,314.40810265594515,6546.121079887823,0.14923338473816667,0.022776768122430806,17.662132348189528,20.5336985226338,413.5074961585013,1.2558136065214643,0.237304158450768,279.0949763850051,324.87765110425428,6419.366115737612,0.31242584201238229,0.05903738511193917,288.2351293866416,336.29884898300727,6239.025936464776,0.0,0.0,9.10934572990684,10.745750181283075,139.01493784716815,0.0,0.0,36.45472473865808,42.850608092724879,624.5596656563122,0.0,0.0,264.50533532135577,310.65332864181786,4698.0468729864019,0.0,0.0,27.51348617959788,32.48194409538161,408.080856898365,0.0,0.0,163.7471902769567,193.30690408313959,2437.9291232394409,34.17735629100805,23.441259458853265,293.99702108719506,344.39236035060318,6349.928708907693,0.0,0.0,186.65681776953506,220.72512816776996,2605.4300068136064,1625.9821854336697,21.91014867990112,51.63898107564867,21.999999999999994,29.99999999999999,0.0,21.457256428608767,59.6512736674385,20.999999999999994,29.99999999999999,0.0,21.29538912518567,53.664948046313877,20.999999999999994,29.99999999999999,0.0,20.62492294927724,56.16174117097759,15.999999999999993,29.99999999999999,0.0,17.296548016852165,69.74568873945748,11.999999999999995,29.99999999999999,0.0,18.2626562920906,65.34921402914952,15.999999999999993,29.99999999999999,0.0,18.5872808808982,63.847107573273948,9.999999999999997,29.99999999999999,0.0,17.076468468794617,70.36564956040283,15.999999999999993,29.99999999999999,0.0,17.105497298972577,70.1407638775225,15.999999999999993,29.99999999999999,0.0,19.444500308125759,0.0,0.0,0.0,16.614114518643448,0.0,0.0,660.0303222024852,959.729895492113,658.9707929380777,661.9061172118647,548.7842938156373,572.1966705693337,598.5232680794113,568.3442518731378,577.989382256238,9908.50505878379,81.4531884891665,83.78084122052855,239.99999999999992,0.0,239.99999999999992,239.99999999999992,21.0,16.0,16.0,16.0,16.0,12.0,21.0,10.0,1.0,0.0,1625.9821854336697,0.0,0.0,0.0,0.0,0.0,0.0,0.0,3522.61376345325,2113568.258071951,2735340.841399071,81.4531884891665,83.82037249118383,0.3440871254484416,0.7692215261348515,0.36028137401965945,83.82037249118383,0.35426478194388735,2735340.841399071,0.15149105708608505 
 04/07  18:30:00,9.579999999999999,91.0,4.734999999999999,6.0,0.0,0.0,0.0,0.0,0.0,0.0,0.0,4.0,0.0,0.0,0.0,3048.0,0.0,8.524549322897978,2.0861098099763386,5.345582361574951,0.2556104637519231,6.803417301857043,0.0,2.0861098099763377,2.8518702681396999,0.0,0.0,21.235536374659604,-844.8157024387294,20.67650498736032,-88.3643960606122,21.164561457139958,-1154.4185377173124,20.136245206934988,355.52260465877637,17.27112489322205,13.959155135759426,18.17934915793892,13.043291077791836,18.361281938389657,28.073797850560966,17.112252417497716,-23.021499702879049,17.24734079899445,-92.79199448689539,694.5851988075947,719.6394334721945,0.0,0.0,0.0,0.0,0.0,0.0,0.0,0.0,0.0,0.0,0.0,0.0,0.0,0.0,0.0,0.0,0.0,0.0,0.0,0.0,0.0,0.0,1.1055069309774226,0.3374563281371863,223.48664381450738,259.531414040428,5374.300002174898,0.13351691019781088,0.020378038796979676,19.069337459683728,22.190173662564,443.0670379727851,1.2048730817685248,0.2276782089509684,350.09931071506,406.06976906230798,8488.276589569381,0.3023065077032353,0.057125190420112468,275.7963791220859,321.30700255594499,6054.766850639946,0.0,0.0,8.746791440262039,10.319959179553124,135.16544405377295,0.0,0.0,38.763742252794838,45.589995471745158,669.5879799022085,0.0,0.0,265.8777041926261,312.43003457424586,4739.526784815084,0.0,0.0,27.17587868767717,32.0947306909392,407.86342327625496,0.0,0.0,165.279748561929,195.17319196610283,2489.929913376055,34.13543360034755,23.412505898729458,346.9066156060889,405.51126347276809,7615.708532762848,0.0,0.0,188.11561690932849,222.4978410736391,2669.613914063282,1140.4785675382094,21.839764736360125,52.08202074950569,21.999999999999994,29.99999999999999,0.0,21.27824704538388,61.50839515146578,20.999999999999994,29.99999999999999,1808.1169822732043,21.679908460248887,51.99103693350057,21.666666666666658,29.99999999999999,0.0,20.624413108252747,55.96015241855452,15.999999999999993,29.99999999999999,0.0,17.294796132557097,69.5480757468481,11.999999999999995,29.99999999999999,0.0,18.23424206162466,65.25622376302161,15.999999999999993,29.99999999999999,0.0,18.52124553151907,63.868682774297237,9.999999999999997,29.99999999999999,0.0,17.066366479812478,70.26535240549873,15.999999999999993,29.99999999999999,0.0,17.095633990032647,70.02698637202899,15.999999999999993,29.99999999999999,0.0,19.505166928809645,0.0,0.0,0.0,16.632458402503656,0.0,0.0,679.988995048487,1047.970831631283,653.7461240998546,665.2865168839647,567.8764125612136,595.9762372935516,618.1548030297074,592.8793203581582,604.692029164362,9115.126729815256,81.9778142911444,81.9778142911444,239.99999999999992,0.0,239.99999999999992,239.99999999999992,21.0,16.0,16.0,16.0,16.0,12.0,21.0,10.0,1.0,0.0,1140.4785675382094,0.0,1808.1169822732043,0.0,0.0,0.0,0.0,0.0,0.0,0.0,0.0,81.9778142911444,81.9778142911444,0.3399999999999999,0.7711124186315466,0.36028137401965945,81.9778142911444,0.35426478194388735,0.0,0.009226666666666668 
 04/07  18:40:00,9.483333333333333,90.66666666666667,4.6899999999999999,5.0,0.0,0.0,0.0,0.0,0.0,0.0,0.0,4.0,0.0,0.0,0.0,10160.0,0.0,7.126134928154287,1.7438927757630625,4.468663241580887,0.21367868764472093,5.687346777715826,0.0,1.7438927757630616,2.3840336372698904,0.0,0.0,21.12724109769615,-725.1136242152879,20.61946525714327,-80.27222835784159,21.078029061224528,-457.40304601389399,20.25724725231492,184.18606861227975,17.269066551311597,15.467414487762908,18.96070012172831,-124.36490855204274,18.370507506223548,65.39207512922276,18.142941632677194,-49.8613431738015,17.224055753862854,-109.00741808187742,640.172304880038,730.6661408591903,0.0,0.0,0.0,0.0,0.0,0.0,0.0,0.0,0.0,0.0,0.0,0.0,0.0,0.0,0.0,0.0,0.0,0.0,0.0,0.0,0.0,0.0,1.1675414036255359,0.35639236984906466,171.47221774907349,199.9303440464576,4101.875406111746,0.14397973971795365,0.02197492974938242,19.71617655516168,22.943562567696426,457.8690104189392,1.203738783217689,0.22746386682118095,222.13922612175385,259.2415824072473,5255.624132747058,0.2827173995425476,0.05342354488710272,235.09637315231925,274.9010624631403,5276.070587875551,0.0,0.0,9.060873871639473,10.711905384174865,141.7420931570312,0.0,0.0,54.83898418852983,64.2422181753591,1101.352510889311,0.0,0.0,274.28039073916497,322.8144454181486,4961.358256806192,0.0,0.0,20.329775250027799,23.91295339400279,373.5325641089263,0.0,0.0,179.6341847184087,212.49830772404793,2731.5361704381259,34.24282990997298,23.486165919048696,235.26150591247547,276.4246685859873,5316.389996094647,0.0,0.0,186.68934590693804,221.20254746667568,2688.4171821970214,721.0779168842018,21.45395805856139,52.443377486148957,21.4,30.0,0.0,21.181041745412015,62.69605555310873,21.000000000000005,30.0,459.7877696669342,21.36417982343893,52.244427614369488,21.1,30.0,0.0,20.823609259902019,54.48732669276446,15.999999999999999,30.0,0.0,17.293991721360674,69.38746873852814,12.0,30.0,1426.1040083835877,19.437333510249645,60.492954522813629,19.9,30.0,0.0,18.55831080075518,63.55822196997023,10.0,30.0,1306.9327871244869,18.6736285355053,63.45883932641621,20.7,30.0,0.0,17.069473984700808,70.00541175992314,15.999999999999999,30.0,0.0,19.38705115702473,0.0,0.0,0.0,16.642119750553858,0.0,0.0,661.2509759322969,1115.274272767935,641.1443912758597,651.8083017121916,585.724080909622,619.4468397824255,630.3673253275329,607.2554143800692,621.3490284512637,10110.692597477355,81.31948835680609,83.46625143328113,240.0,0.0,240.0,240.0,21.0,16.0,19.0,16.0,19.7,12.0,21.0,10.0,1.0,0.0,721.0779168842018,0.0,459.7877696669342,0.0,1426.1040083835877,0.0,1306.9327871244869,0.0,3248.775860354249,1949265.5162125494,2532103.824207861,81.31948835680609,83.502710597084,0.346292528678475,0.7696624048763665,0.3602813740196596,83.502710597084,0.3542647819438876,2532103.824207861,0.14086939885880879 
 04/07  18:50:00,9.386666666666667,90.33333333333333,4.645,0.0,0.0,0.0,0.0,0.0,0.0,0.0,0.0,4.0,0.0,0.0,0.0,4064.0,0.0,0.0,0.0,0.0,0.0,0.0,0.0,0.0,0.0,0.0,0.0,21.18489962605732,-639.6575094190864,20.570799308109409,-41.16702214786275,21.146779548476347,-936.2779814001392,20.25980061352795,419.6709693909438,17.2660523906736,16.18714570708586,18.976579258811506,-126.94006001821038,18.3791457227874,67.20344537673509,19.16796732620136,-151.46383565564043,17.196779708874769,-88.40169695390955,723.9194420230906,823.9706469016555,0.0,0.0,0.0,0.0,0.0,0.0,0.0,0.0,0.0,0.0,0.0,0.0,0.0,0.0,0.0,0.0,0.0,0.0,0.0,0.0,0.0,0.0,1.1339618316721885,0.3461421952601308,146.5105186024981,170.54457489596744,3562.999581101449,0.1874784772060155,0.028613931197499315,14.914065551274858,17.369804439715673,349.17809705245238,1.1654416644647885,0.22022707189432898,284.90932062681636,331.6611605379358,6937.471652062466,0.3037983497195224,0.05740709556302386,298.8865572834485,348.89107523383418,6787.280803812104,0.0,0.0,9.180444820038615,10.844252184387255,145.4033501265569,0.0,0.0,62.58042662241989,73.38368418910317,1252.9757229264688,0.0,0.0,287.09954021698459,337.6458335033519,5265.120739432407,0.0,0.0,34.001915903481869,39.684612675494658,749.3897459433666,0.0,0.0,195.64689892904588,231.27973558890495,3003.0135983460925,34.49774067998301,23.661001838122784,298.5526950696112,350.06508879318616,6736.59137919925,0.0,0.0,198.33509819387118,234.6649367847555,2950.0537757816989,697.0427535451906,21.671672003314979,51.06750185841923,21.5,30.0,0.0,21.10630663118289,62.976149201067659,21.0,30.0,1005.8092158253114,21.679213766317394,50.77101705532975,21.5,30.0,0.0,20.86441524135237,53.69707395116637,16.0,30.0,0.0,17.292281824879898,69.16067132754614,12.0,30.0,0.0,19.457014082712886,60.12131298779271,19.0,30.0,0.0,18.583949446961009,63.1553463986074,10.0,30.0,803.965464064712,20.487976300751357,56.37827512948452,20.45,30.0,0.0,17.04068057442961,69.96043451012315,16.0,30.0,0.0,19.558421841559896,0.0,0.0,0.0,16.77893725314566,0.0,0.0,641.4304418162649,1155.5431356169298,634.2064178991692,642.6428935615961,603.775967136174,633.0397726389905,631.7238859509533,624.1905928832249,629.3720500854133,7286.396987612513,82.34363446098056,86.024653018358,240.0,0.0,240.0,240.0,21.0,16.0,19.0,16.0,19.7,12.0,21.0,10.0,1.0,0.0,697.0427535451906,0.0,1005.8092158253114,0.0,0.0,0.0,803.965464064712,0.0,5570.40815460177,3342244.892761062,4372392.833235103,82.34363446098056,86.08716893360524,0.270680271820059,0.5726548481967033,0.27021103051474468,86.08716893360524,0.2656985864579156,4372392.833235103,0.236551093994892 
 04/07  19:00:00,9.29,90.0,4.6,0.0,0.0,0.0,0.0,0.0,0.0,0.0,0.0,4.0,0.0,0.0,0.0,2034.0,0.0,0.0,0.0,0.0,0.0,0.0,0.0,0.0,0.0,0.0,0.0,21.20663841338957,-894.0537981633738,20.5464408593392,-60.708221711581078,20.912188105614793,-622.9389420589705,20.182765654414675,12.598229795556108,17.26211326633025,15.73037471951011,18.699451551501978,-64.72757029954323,18.337009791842286,39.20869984974979,19.10334096797523,-129.42292731264343,17.198713442311346,-66.30719357062435,739.8189172515558,796.5649212290477,0.0,0.0,0.0,0.0,0.0,0.0,0.0,0.0,0.0,0.0,0.0,0.0,0.0,0.0,0.0,0.0,0.0,0.0,0.0,0.0,0.0,0.0,1.1180805526755605,0.3412944299986449,199.56351752427549,231.36037388427818,4942.70616458794,0.13843329717008655,0.021128403108987567,18.259188000155647,21.200359700722804,427.60245499459378,1.2758459895775288,0.241089567191521,348.40518505596597,405.0188745739572,8377.687630577724,0.27591423874116319,0.05213798918011396,227.9126748582321,265.99671454353338,5163.032025467777,0.0,0.0,8.80314033757863,10.383613226248695,141.13527834701945,0.0,0.0,54.12144910865883,63.48823747018184,1047.7941024380662,0.0,0.0,276.2681832412794,324.5439201656478,5080.635179449026,0.0,0.0,34.238478679695877,40.01630334746111,734.8171665773043,0.0,0.0,192.95850556843704,227.79164076243266,3008.5177119236298,34.347880401470508,23.55821701061078,353.0347942475182,413.01560071291319,7950.9395546283399,0.0,0.0,195.67549913442398,231.24259636234425,2943.061919154018,1306.9939172177495,21.651205936418586,51.15828828490747,21.5,30.0,0.0,21.063998994909676,63.6290577760161,21.0,30.0,1107.1972079891105,21.305820534358455,51.98578954235603,21.5,30.0,0.0,20.67031704620819,53.96410390863309,16.0,30.0,0.0,17.289185336452776,68.9268816524208,12.0,30.0,99.99194800848584,19.010318553353814,61.53902870895266,19.0,30.0,0.0,18.5066125443271,63.37617801138712,10.0,30.0,672.2927689709476,20.182633422858524,57.23765455431243,20.2,30.0,0.0,17.062877923447148,69.65797163467106,16.0,30.0,0.0,19.6402514061556,0.0,0.0,0.0,16.764184018672358,0.0,0.0,654.676207304494,1206.8296350171136,640.184561465416,638.639465550506,615.2243852289062,631.9818502227256,636.5922476074786,630.6290176231673,630.533273802251,7468.375277748213,83.06661634350158,83.06661634350158,240.0,0.0,240.0,240.0,21.0,16.0,19.0,16.0,19.7,12.0,21.0,10.0,1.0,0.0,1306.9939172177495,0.0,1107.1972079891105,0.0,99.99194800848584,0.0,672.2927689709476,0.0,0.0,0.0,0.0,83.06661634350158,83.06661634350158,0.34,0.7706017901550023,0.36028137401965956,83.06661634350158,0.3542647819438875,0.0,0.009173333333333334 
 04/07  19:10:00,9.213333333333333,89.83333333333333,4.5649999999999999,0.0,0.0,0.0,0.0,1.0,2.0,0.0,0.0,4.0,0.0,0.0,0.0,4068.0,0.0,0.0,0.0,0.0,0.0,0.0,0.0,0.0,0.0,0.0,0.0,21.278190715791735,-1168.321416228087,20.527322728844245,-49.386018088176388,21.052144572379704,-197.3766183387861,20.10470277992096,367.8786703482924,17.256941368210627,16.037878422959154,19.22496257509384,-55.45542288992279,18.33086090706081,66.22802930297212,19.2962144417651,-177.38656881248017,17.189490840350389,-87.29898413879732,699.3643333236573,824.6278760805506,0.0,0.0,0.0,0.0,0.0,0.0,0.0,0.0,0.0,0.0,0.0,0.0,0.0,0.0,0.0,0.0,0.0,0.0,0.0,0.0,0.0,0.0,1.0803604645269829,0.32978036157722309,263.27449431646229,306.43790064557609,6484.510092378938,0.17304332662949996,0.026410764137591575,14.540021072675131,16.942484848303967,343.35405895507116,1.2631525434640203,0.23869095681481876,285.90506575255508,333.3102027667712,6886.301418989067,0.3193734106469272,0.060350228769260608,297.15824093211486,347.31655425086577,6699.146110808918,0.0,0.0,9.550890852457675,11.285354920960569,154.48799638146969,0.0,0.0,13.900046353262839,16.276014415669999,294.2773980438009,0.0,0.0,232.85404963625946,274.0430698920251,4313.597559731511,0.0,0.0,38.945118457686749,45.51984869392773,867.2637546406305,0.0,0.0,190.54852396983709,225.35336177162788,2998.0078226669486,34.67264171134261,23.780961393239104,299.46968347163308,351.47381272700269,6769.531344187081,0.0,0.0,193.6009760825807,229.21867751335928,2930.6154853141927,1112.9080672731498,21.70373729687339,50.144810230636739,21.75,30.0,0.0,21.03437913157807,63.735976209875428,21.0,30.0,0.0,21.390412529639705,51.11955149743747,21.0,30.0,0.0,20.60225605458475,54.081223565162108,16.0,30.0,0.0,17.2846788026895,68.72565564892885,12.0,30.0,795.208831774571,19.87223778418847,59.593936569593079,19.75,30.0,0.0,18.499116621097359,62.830595301916257,10.0,30.0,308.93847028808195,20.451394432184,56.855786405142769,20.2,30.0,0.0,17.057665307460547,69.42677312746929,16.0,30.0,0.0,19.426343331628514,0.0,0.0,0.0,16.73793357698218,0.0,0.0,634.7790548277822,1226.2290163674525,632.9645213263564,643.4361985986394,621.9584122025913,723.8472711779668,635.560183133395,679.8089723784497,635.9617601091621,7190.69442931583,81.44260151223063,81.44260151223063,270.0,0.0,270.0,270.0,21.0,16.0,19.0,16.0,19.7,12.0,21.0,10.0,1.0,0.0,1112.9080672731498,0.0,0.0,0.0,795.208831774571,0.0,308.93847028808195,0.0,0.0,0.0,0.0,81.44260151223063,81.44260151223063,0.255,0.5770029894149683,0.27021103051474468,81.44260151223063,0.2656985864579156,0.0,0.010305000000000002 
 04/07  19:20:00,9.136666666666667,89.66666666666667,4.53,0.0,0.0,0.0,0.0,1.0,2.0,0.0,0.0,4.0,0.0,0.0,0.0,2036.0,0.0,0.0,0.0,0.0,0.0,0.0,0.0,0.0,0.0,0.0,0.0,20.991515591729219,-497.32655517112019,20.512898697008614,-79.51839858697298,21.04077994797244,-673.5149326159035,20.118238657991609,190.34234495447437,17.250059819221489,14.832099570255366,19.115758070365879,-32.91639765246322,18.25639329019497,-28.07070788675901,19.214858913693477,-138.9237862808501,17.170699692680825,-84.7537017698096,693.2768250036643,802.9337219449517,0.0,0.0,0.0,0.0,0.0,0.0,0.0,0.0,0.0,0.0,0.0,0.0,0.0,0.0,0.0,0.0,0.0,0.0,0.0,0.0,0.0,0.0,1.200955350047926,0.3665919871941166,175.06979943162387,204.07530017281486,4200.610934812852,0.11679092458984816,0.017825232690758268,24.196306192388435,28.10696700095873,570.077981574419,1.2218873398737094,0.23089329929586356,254.94727779360495,296.8131842337603,6214.71533100202,0.28209459127886229,0.05330585625072981,226.82082126531686,264.9461998726221,5159.217308197279,0.0,0.0,8.47724439263813,10.005523332981936,138.34673184383304,0.0,0.0,12.496213459686182,14.62020279860833,260.5364148946292,0.0,0.0,221.71606095007315,260.7007618913957,4082.8982133087035,0.0,0.0,35.973793345658,42.038463583443668,786.4195021639578,0.0,0.0,187.56574445181688,221.5151945966964,2974.424432683484,34.60691691920668,23.73588266063559,256.457805478622,300.83571195151736,5862.472039025156,0.0,0.0,190.80297058667802,225.62476593308004,2896.138321064517,970.1478075770076,21.39786584919478,51.879908254783028,21.5,30.0,17.509813031938056,21.00754832295913,62.96913946081612,21.0,30.0,1286.431721111544,21.50402358242971,50.34213459515547,21.5,30.0,0.0,20.602395392225007,53.89422290710411,16.0,30.0,0.0,17.277161887337685,68.4573398627563,12.0,30.0,0.0,19.62287625350703,62.7084140254275,19.0,30.0,0.0,18.355179674292086,63.26469243272888,10.0,30.0,678.1307963378615,20.206679883808506,57.789330168033817,20.2,30.0,0.0,17.03963418545031,69.2730887119952,16.0,30.0,0.0,19.271412723107603,0.0,0.0,0.0,16.676648489261124,0.0,0.0,679.343141340772,1207.6217717462824,626.1468879716924,645.1441003443541,629.6931281468528,864.6507861774518,637.9705337501064,706.9142333345701,641.9121122244252,5185.098776568428,84.57558919654869,84.57558919654869,270.0,0.0,270.0,270.0,21.0,16.0,19.0,16.0,19.7,12.0,21.0,10.0,1.0,0.0,970.1478075770076,17.509813031938056,1286.431721111544,0.0,0.0,0.0,678.1307963378615,0.0,0.0,0.0,0.0,84.57558919654869,84.57558919654869,0.34,0.7681443144768096,0.36028137401965956,84.57558919654869,0.3542647819438875,0.0,0.01038 
 04/07  19:30:00,9.059999999999999,89.5,4.494999999999999,0.0,0.0,0.0,0.0,1.0,2.0,0.0,0.0,4.0,0.0,0.0,0.0,4072.0,0.0,0.0,0.0,0.0,0.0,0.0,0.0,0.0,0.0,0.0,0.0,21.20535669222128,-791.8035488091218,21.040231330475725,-145.28110363391336,21.024163364407394,-655.9958189157146,20.10495053766605,267.43863598843179,17.240881295820374,12.589438621911797,18.98557487258789,-28.3926146322311,18.215961907203899,69.81970887305693,19.07665188004646,-144.77822334548626,17.142580438072707,-113.71648895600402,768.8245071769902,766.6473095530037,0.0,0.0,0.0,0.0,0.0,0.0,0.0,0.0,0.0,0.0,0.0,0.0,0.0,0.0,0.0,0.0,0.0,0.0,0.0,0.0,0.0,0.0,1.1527556102202288,0.3518790018987267,214.30496975074827,249.28106291724107,5313.657449113497,0.06955623505341413,0.010616030991058323,28.48188293708818,33.0761413061719,722.7034500725997,1.3683777476015156,0.25857478223762589,307.5713409014917,358.5671314499945,7514.676795520835,0.3086674029073696,0.05832717364084836,261.2453073627851,305.6118988695034,5971.065568221781,0.0,0.0,8.637688559167306,10.211378638152022,142.09193714638128,0.0,0.0,12.142613431733363,14.238700736586069,249.9005752735727,0.0,0.0,217.23647836107146,255.90361727504036,4014.1915815806876,0.0,0.0,37.67668332828288,44.12648827928743,818.7424259412333,0.0,0.0,179.14425470627664,211.98758411861344,2855.1570679563067,34.989652137018747,23.998389668737148,318.423883582138,373.7105827945783,7293.675029990341,0.0,0.0,182.02857160733394,215.73735468171186,2745.557291748538,931.7642085004095,21.584681170875297,50.992457640765739,21.5,30.0,945.9667326273285,21.87937702916904,57.69783691002867,21.75,30.0,839.727425545677,21.396831470781807,50.98107572528961,21.25,30.0,0.0,20.60268202498216,53.46579243058886,16.0,30.0,0.0,17.26619410074959,68.40221218954983,12.0,30.0,0.0,19.407281674123256,64.96464602995238,19.0,30.0,0.0,18.31294290717308,63.579584719987767,10.0,30.0,28.43045361987325,19.999001826980675,58.48673181295368,19.7,30.0,0.0,17.002582797980645,69.34905157896407,16.0,30.0,0.0,19.460946427419385,0.0,0.0,0.0,16.549929596393409,0.0,0.0,682.3945408169024,1120.5388679688154,656.556647287901,646.9742210852587,639.0423201971389,957.243263385802,663.9910278657814,718.307882292097,656.3929975967863,9210.74785256324,81.91457786404547,83.65404237868961,270.0,0.0,270.0,270.0,21.0,16.0,19.0,16.0,19.7,12.0,21.0,10.0,1.0,0.0,931.7642085004095,945.9667326273285,839.727425545677,0.0,0.0,0.0,28.43045361987325,0.0,2632.473429962413,1579484.0579774478,2051135.7527643743,81.91457786404547,83.68358426077416,0.34274911433208046,0.7694770025899889,0.36028137401965956,83.68358426077416,0.3542647819438875,2051135.7527643743,0.11711405914374748 
 04/07  19:40:00,8.983333333333335,89.33333333333333,4.46,0.0,0.0,0.0,0.0,1.0,2.0,0.0,0.0,4.0,0.0,0.0,0.0,6108.0,0.0,0.0,0.0,0.0,0.0,0.0,0.0,0.0,0.0,0.0,0.0,21.0463163770049,-916.7412838663086,20.96647366245147,-122.5478481315244,21.07329162122322,-392.3305738256296,20.139039941787418,333.5574180638028,17.23145865197035,14.213095121655272,18.876559682826199,-28.930147716461354,18.266173082597786,22.44649317273072,19.36156647782689,-184.15222060279934,17.103437008121227,-110.47031392101636,723.2725067040407,849.8349293438397,0.0,0.0,0.0,0.0,0.0,0.0,0.0,0.0,0.0,0.0,0.0,0.0,0.0,0.0,0.0,0.0,0.0,0.0,0.0,0.0,0.0,0.0,1.1901566883401194,0.36329569241151368,211.4722280153064,246.63909580082356,5309.823179946693,0.1007194405020047,0.015372319978938438,26.213848370822853,30.514441243772759,659.3444049855152,1.2995460870780702,0.24556804366554609,271.3106351163394,316.7644384669615,6662.969550357962,0.32027935218507455,0.06052141953610625,287.7824997763588,336.7806175850284,6657.531850367716,0.0,0.0,8.935263269711435,10.572151867438088,148.18653428739936,0.0,0.0,12.349200691137657,14.501340800675552,251.86320378617459,0.0,0.0,228.54074079174695,269.3441018480972,4297.16220307027,0.0,0.0,39.90205050226607,46.67731911202161,905.8633313199705,0.0,0.0,190.45687173662487,225.55036481741437,3045.630904215668,35.298979456704277,24.210548324214178,285.0453965573372,335.10673234205589,6604.805349131552,0.0,0.0,193.7997362109238,229.79691551800955,2967.2232719972428,855.4975189749248,21.597654058434708,50.19023475740771,21.499999999999987,29.99999999999998,0.0,21.70394748585298,57.29903848232195,20.999999999999987,29.99999999999998,0.0,21.35051215502436,50.620262201575439,20.999999999999987,29.99999999999998,0.0,20.67335024585924,53.15456152634375,15.999999999999988,29.99999999999998,0.0,17.255996333785896,68.30885666227062,11.999999999999993,29.99999999999998,0.0,19.22913471042456,66.38193312218478,18.999999999999987,29.99999999999998,0.0,18.401424207145778,62.79722526453061,9.999999999999993,29.99999999999998,717.4779760124491,20.43119249710282,56.75449873816341,20.366666666666654,29.99999999999998,0.0,16.951013382490058,69.48650258189257,15.999999999999988,29.99999999999998,0.0,19.35559837894637,0.0,0.0,0.0,16.5863257222521,0.0,0.0,669.699185306154,1076.4669235370132,653.743480467385,661.9671216244622,651.8839892728709,1017.1473479535714,671.0847896714621,733.339932648163,676.2356954939057,8074.3727918761619,81.59536485404712,81.59536485404712,269.99999999999985,0.0,269.99999999999985,269.99999999999985,21.0,16.0,19.0,16.0,19.7,12.0,21.0,10.0,1.0,0.0,855.4975189749248,0.0,0.0,0.0,0.0,0.0,717.4779760124491,0.0,0.0,0.0,0.0,81.59536485404712,81.59536485404712,0.2833333333333332,0.6164219514414636,0.3002344783497161,81.59536485404712,0.29522065161990609,0.0,0.01053 
 04/07  19:50:00,8.906666666666667,89.16666666666667,4.425,0.0,0.0,0.0,0.0,1.0,2.0,0.0,0.0,4.0,0.0,0.0,0.0,4076.0,0.0,0.0,0.0,0.0,0.0,0.0,0.0,0.0,0.0,0.0,0.0,21.19610312575304,-1042.3875612808752,20.822280503596706,-98.18634368496811,21.09823363809172,-631.3498318119823,20.12292392429708,323.04884275690599,17.222224859588619,13.666207807105593,18.78542214802828,-33.164650033851689,18.234377499726877,60.27301930608746,19.16237414958068,-133.70771233551148,17.077466491727358,-113.28251158703893,752.2781209118093,806.8130094123526,0.0,0.0,0.0,0.0,0.0,0.0,0.0,0.0,0.0,0.0,0.0,0.0,0.0,0.0,0.0,0.0,0.0,0.0,0.0,0.0,0.0,0.0,1.1646239827121603,0.35550182622471318,233.64433847341497,272.3556792183262,5945.141607363297,0.12846707392415086,0.019607306764980294,21.8559321021999,25.473985922395788,544.2836362972012,1.3124712749609904,0.24801044500396658,298.7247841673524,347.97084103826696,7489.187267067253,0.3186433074635452,0.06021226520475152,270.66015042143678,316.27578915687158,6297.278545467794,0.0,0.0,9.053862840588732,10.706311374873371,151.40199753784959,0.0,0.0,12.34847574377791,14.493844458956606,250.29714487134999,0.0,0.0,229.13007250077255,269.9667940669182,4326.518937201056,0.0,0.0,35.13280967733708,41.18006845350089,768.1474668526396,0.0,0.0,186.84203931676326,221.2244292848093,3007.2181623373428,35.4170991074194,24.291563173813043,300.38759602175369,352.6495414052047,6973.31536288893,0.0,0.0,189.6043712423691,224.8243441928075,2901.958125595796,1555.5982283210627,21.783732056435665,49.138478537577437,22.0,30.0,0.0,21.45296254115077,58.08170881008817,21.0,30.0,1395.9012769568824,21.482912082113619,49.93651301835509,21.5,30.0,0.0,20.62903795453669,53.12119415883248,16.0,30.0,0.0,17.246002905615368,68.14470761955187,12.0,30.0,0.0,19.084480061756943,67.28847728348114,19.0,30.0,0.0,18.362128937855226,62.55395656435111,10.0,30.0,371.99977764583709,19.916732142504935,58.40212384872363,19.95,30.0,0.0,16.92348238635651,69.33548493150224,16.0,30.0,0.0,19.347363954369447,0.0,0.0,0.0,16.504016072644718,0.0,0.0,663.48861222073,1085.7636275318492,656.0964024359341,668.7086034960578,665.0939052870486,1060.5447643484072,676.2184291620258,746.7477010691994,687.3138879907401,9705.563907784013,81.58733175745437,83.35571690782294,270.0,0.0,270.0,270.0,21.0,16.0,19.0,16.0,19.7,12.0,21.0,10.0,1.0,0.0,1555.5982283210627,0.0,1395.9012769568824,0.0,0.0,0.0,371.99977764583709,0.0,2676.1964059562276,1605717.8435737366,2078165.1688802269,81.58733175745437,83.385749958312,0.34420654686520765,0.7689964592135331,0.36028137401965956,83.385749958312,0.3542647819438875,2078165.1688802269,0.11859458878177178 
 04/07  20:00:00,8.83,89.0,4.39,0.0,0.0,0.0,0.0,1.0,2.0,0.0,0.0,4.0,0.0,0.0,0.0,4076.0,0.0,0.0,0.0,0.0,0.0,0.0,0.0,0.0,0.0,0.0,0.0,21.019876727393276,-464.22883312603406,20.736642479844379,-97.77919320087918,21.137339393694103,-596.3380202847916,20.157679973225855,149.92922519445109,17.21297108470082,13.690447126171279,19.150485832767438,-31.16884328633394,18.197238833444915,-39.2170804283262,19.433771864383599,-201.17602589650017,17.04976205264716,-96.71803622285847,732.0434946524015,889.2966254303822,0.0,0.0,0.0,0.0,0.0,0.0,0.0,0.0,0.0,0.0,0.0,0.0,0.0,0.0,0.0,0.0,0.0,0.0,0.0,0.0,0.0,0.0,1.2358270042635103,0.3772365702880067,232.36999361112573,271.6932208663447,5678.147704271058,0.11457978090655535,0.017487756548619564,25.6472544478334,29.870043302229825,634.1986615165184,1.265879620105312,0.23920627741974916,299.88024991703926,350.26535555711856,7462.775434106937,0.28063683872700637,0.05303039280555674,175.85688382200812,205.5118441194412,4136.027997762329,0.0,0.0,8.583010151984056,10.155108726919444,144.70154873571199,0.0,0.0,12.32318704724269,14.454932590277803,260.6338708612217,0.0,0.0,225.64128480509309,266.0522140399955,4257.285100825955,0.0,0.0,43.83452600926324,51.27944016553245,1010.1995584823194,0.0,0.0,192.71311197433927,228.28117785989256,3120.4555651315347,35.37096742768306,24.25992278990609,297.40791740866839,349.51132970989036,7081.5312118177339,0.0,0.0,196.68131862062405,233.25256779514366,3060.3762054630144,585.4946064921443,21.237661795120095,50.961170333561359,21.25,30.0,0.0,21.308095321838647,58.806246071930768,21.0,30.0,908.2994265599632,21.473852912908855,49.47221709202389,21.25,30.0,0.0,20.672381762571744,52.67489619219986,16.0,30.0,0.0,17.23640734590886,67.90626950551664,12.0,30.0,863.3859700938738,19.465529156585924,65.7447621532198,19.5,30.0,0.0,18.268916480469764,62.657092113640768,10.0,30.0,440.0931895302241,20.45294246867128,55.99694343029805,20.2,30.0,0.0,16.893690107452657,68.90824690386838,16.0,30.0,0.0,19.339173271641547,0.0,0.0,0.0,16.553012366424384,0.0,0.0,690.2602906873832,1119.2907254072694,657.8836026750747,676.6429496481605,677.829434607025,1090.7600209469136,692.2554791772229,752.1490685939014,699.9502123698974,8643.734046984064,82.28946758314405,83.97677941272097,270.0,0.0,270.0,270.0,21.0,16.0,19.0,16.0,19.7,12.0,21.0,10.0,1.0,0.0,585.4946064921443,0.0,908.2994265599632,0.0,863.3859700938738,0.0,440.0931895302241,0.0,2553.6239084461615,1532174.3450676969,1985407.9134667419,82.28946758314405,84.00543556907805,0.3401207969482054,0.7706998025043403,0.36028137401965956,84.00543556907805,0.3542647819438875,1985407.9134667419,0.11377121150027057 
 04/07  20:10:00,8.698333333333335,88.66666666666667,4.441666666666666,0.0,0.0,0.0,0.0,0.0,2.0,0.0,0.0,4.0,0.0,0.0,0.0,7134.0,0.0,0.0,0.0,0.0,0.0,0.0,0.0,0.0,0.0,0.0,0.0,21.12697585336163,-722.6249781122135,20.67244334374564,-82.39097638209351,21.147629296225327,-607.9350735059112,20.135280678241576,268.4757724924737,17.202996158266538,13.722123043333536,19.610773791918708,-52.91484714791992,18.16950617119534,33.23737623764085,18.895082950707154,-106.19396362332357,17.02145197461109,-134.42954063288355,739.5273835859601,813.6818094366847,0.0,0.0,0.0,0.0,0.0,0.0,0.0,0.0,0.0,0.0,0.0,0.0,0.0,0.0,0.0,0.0,0.0,0.0,0.0,0.0,0.0,0.0,1.2311017068221953,0.37579417180164689,170.31469330124279,198.8921396993102,4353.416204801759,0.15933996816917496,0.02431928696110729,21.599921788974144,25.182837132552799,537.1366453857449,1.2852670206558233,0.2428698073801632,256.6710224335881,299.9696255526765,6464.059252086073,0.3065915532538998,0.05793491180156836,262.08588105583336,306.9788085770044,6209.644487277258,0.0,0.0,8.998122087963134,10.655719030335338,153.88152775217274,0.0,0.0,13.883331675776907,16.26056874867438,314.91576576802199,0.0,0.0,223.69951423147237,263.96127744325,4272.228464512565,0.0,0.0,32.538525856201129,38.23966614492671,701.5340238647006,0.0,0.0,184.17373496909378,218.34517881306733,3017.6895175354095,35.792281394761008,24.548889845515107,265.62275607554366,312.6708391857419,6329.507664188672,0.0,0.0,187.03828469052858,222.12092304888146,2890.1211093377785,757.6330089762569,21.474426680708065,49.685600432832128,21.428571428571428,29.999999999999994,0.0,21.206685230613365,58.78943376533198,21.0,29.999999999999994,656.3393769071082,21.38665749743275,49.21341391567491,21.142857142857144,29.999999999999994,0.0,20.661413607695768,51.918796676022918,16.0,29.999999999999994,0.0,17.225678016551947,67.75104236297827,12.0,29.999999999999994,0.0,20.127074250655118,63.27226642141949,19.0,29.999999999999994,0.0,18.25647818807654,62.380587321834628,10.0,29.999999999999994,0.0,19.50893028838121,58.45056156589417,12.0,29.999999999999994,0.0,16.857024668555466,68.85830574936455,16.0,29.999999999999994,0.0,19.237440070505089,0.0,0.0,0.0,16.364390140409954,0.0,0.0,689.208606856366,1127.0123287242373,658.7730706639208,669.328708128973,692.5175769330866,1119.870022592865,702.6053269390459,722.1072505111836,711.6802640548584,4798.934843010211,82.51179994401758,82.51179994401758,570.0,0.0,570.0,570.0,21.0,16.0,19.0,16.0,12.0,12.0,21.0,10.0,1.0,0.0,757.6330089762569,0.0,656.3393769071082,0.0,0.0,0.0,0.0,0.0,0.0,0.0,0.0,82.51179994401758,82.51179994401758,0.19428571428571435,0.41813190952027248,0.20587507086837693,82.51179994401758,0.20243701825365,0.0,0.02223 
 04/07  20:20:00,8.566666666666667,88.33333333333334,4.493333333333333,0.0,0.0,0.0,0.0,0.0,2.0,0.0,0.0,4.0,0.0,0.0,0.0,3060.0,0.0,0.0,0.0,0.0,0.0,0.0,0.0,0.0,0.0,0.0,0.0,21.28395934818117,-785.0927711209262,20.630227208120389,-36.57961738347145,21.363164101999354,-1384.8126414397673,20.222192327350834,519.0712351627788,17.192413155779506,14.007428040063735,19.38477033601739,-61.9061838359526,18.200888726945473,88.80963197336917,18.47751727132913,-52.11919795701126,16.970386608255219,-146.09421889171726,834.3262207028405,815.6146414615417,0.0,0.0,0.0,0.0,0.0,0.0,0.0,0.0,0.0,0.0,0.0,0.0,0.0,0.0,0.0,0.0,0.0,0.0,0.0,0.0,0.0,0.0,1.2354721858869038,0.3771282618702392,146.00590357379796,170.18089406185167,3860.1086170862279,0.22039806669532323,0.03363828856766227,12.514058518425694,14.612458928968227,316.23902122808996,1.2633257644454928,0.2387236894265859,323.4884762779789,376.4896788211803,8587.613480077232,0.33832041224824196,0.06393053897359066,339.3038640163703,396.40171001046289,8251.229901609913,0.0,0.0,9.70527010647438,11.476243213860395,168.3712135927178,0.0,0.0,14.647179517004279,17.139325472477539,330.6774865184134,0.0,0.0,233.51901452433234,275.1322867221895,4556.471609921816,0.0,0.0,25.43205007741366,29.928151309722304,520.5434689780577,0.0,0.0,185.45962536417569,219.6632025652442,3062.3222519088387,36.42578161665877,24.983389311837287,337.4384433374439,396.133887040505,8096.017312313966,0.0,0.0,187.475687107027,222.46629414036858,2906.151918462312,997.75773840736,21.804894946286866,47.878846589629677,21.666666666666658,29.99999999999999,0.0,21.143908128765266,59.69074526000222,20.999999999999994,29.99999999999999,1793.1315598977995,21.993545309440355,47.014047555202228,21.999999999999994,29.99999999999999,0.0,20.841193380334027,50.88836418371358,15.999999999999993,29.99999999999999,0.0,17.214296332699548,67.4447197842383,11.999999999999995,29.99999999999999,0.0,19.93291054054312,63.929886395396128,18.999999999999994,29.99999999999999,0.0,18.33104554761595,61.61772741100644,9.999999999999997,29.99999999999999,0.0,18.814335053563139,60.487222120422959,11.999999999999995,29.99999999999999,0.0,16.784610348520926,68.86340268758761,15.999999999999993,29.99999999999999,0.0,19.466376072324065,0.0,0.0,0.0,16.25217706893826,0.0,0.0,661.7575611049572,1190.5145049436038,653.7319285441632,664.7060437603196,703.1225204197988,1130.3465859520805,699.8471489632993,709.3086182885686,716.07998417553,9839.80586030701,81.49858067820189,86.11808882489922,569.9999999999998,0.0,569.9999999999998,569.9999999999998,21.0,16.0,19.0,16.0,12.0,12.0,21.0,10.0,1.0,0.0,997.75773840736,0.0,1793.1315598977995,0.0,0.0,0.0,0.0,0.0,6991.106453902276,4194663.872341367,5495283.448247677,81.49858067820189,86.19654340894474,0.3463702151300758,0.7628510654874501,0.36028137401965945,86.19654340894474,0.35426478194388735,5495283.448247677,0.3084280726422125 
 04/07  20:30:00,8.434999999999999,88.0,4.545,0.0,0.0,0.0,0.0,0.0,2.0,0.0,0.0,4.0,0.0,0.0,0.0,4082.0,0.0,0.0,0.0,0.0,0.0,0.0,0.0,0.0,0.0,0.0,0.0,21.141706677652658,-730.3079461987879,20.61117338894538,-80.27634919080089,21.07311090771263,-598.3446300757091,20.278617569317178,114.53480387366449,17.182599865153155,13.94798127324573,19.30812910429006,-50.01777599013231,18.191534648980743,3.4998823534119767,18.244028865102899,-28.466713637104165,16.92364217943533,-143.44919063024418,740.2397520859772,822.4970201405135,0.0,0.0,0.0,0.0,0.0,0.0,0.0,0.0,0.0,0.0,0.0,0.0,0.0,0.0,0.0,0.0,0.0,0.0,0.0,0.0,0.0,0.0,1.2718430928992493,0.3882304923379882,168.3309109253773,196.05645939366475,4340.814144374153,0.17404625710240474,0.026563836554091084,19.406904541697615,22.62934373195896,490.3648536519173,1.365309653367642,0.25799502142245708,243.5549494855379,284.3262532745185,6289.356772459912,0.298950044688694,0.05649093814979098,183.4163135630912,214.74629581098987,4538.5582543205259,0.0,0.0,9.206852203485305,10.896250626124584,161.98364039198987,0.0,0.0,14.09398790303712,16.51435485002339,318.11526134678476,0.0,0.0,235.34002866736294,277.54401583535187,4632.913778048298,0.0,0.0,19.435205543765148,22.909394514297376,389.4850913102765,0.0,0.0,187.92029032975084,222.8102106397243,3130.433218066408,36.55391484038602,25.07127218133473,236.35027890903417,277.90812629067008,5893.493671034685,0.0,0.0,189.58942892373657,225.2068637068795,2967.9102867908497,947.9044524904059,21.4082936047813,49.32918902426799,21.5,30.0,0.0,21.11321463498799,60.51246658181566,21.0,30.0,771.8620520847849,21.35323015531834,48.903180944342128,21.25,30.0,0.0,20.87420497348959,50.51189328903847,16.0,30.0,0.0,17.2048740310422,67.11519873619938,12.0,30.0,0.0,19.791416546596069,64.22073179419934,19.0,30.0,0.0,18.28592737929289,61.7310805681141,10.0,30.0,0.0,18.466562661400034,61.504472462769289,12.0,30.0,0.0,16.723626133623506,68.60368283371912,16.0,30.0,0.0,19.12358474500495,0.0,0.0,0.0,16.194611072822029,0.0,0.0,696.9448149689571,1250.3268922191947,671.2884450906804,667.3372732738551,707.8994702248992,1133.2970220622586,711.646695877046,707.5659182181455,713.6517385706135,6765.625417474695,82.30510665981274,82.30510665981274,570.0,0.0,570.0,570.0,21.0,16.0,19.0,16.0,12.0,12.0,21.0,10.0,1.0,0.0,947.9044524904059,0.0,771.8620520847849,0.0,0.0,0.0,0.0,0.0,0.0,0.0,0.0,82.30510665981274,82.30510665981274,0.255,0.5396226623091246,0.27021103051474468,82.30510665981274,0.2656985864579156,0.0,0.023116666666666665 
 04/07  20:40:00,8.303333333333333,87.66666666666667,4.596666666666667,0.0,0.0,0.0,0.0,0.0,2.0,0.0,0.0,4.0,0.0,0.0,0.0,2042.0,0.0,0.0,0.0,0.0,0.0,0.0,0.0,0.0,0.0,0.0,0.0,21.428813554855944,-1359.7804086500963,20.577532457507667,-62.47174719439096,21.157737207946729,-158.14529736242475,20.132310129527406,237.215379794694,17.17075530358063,13.854840285089584,19.2480000571866,-54.67089473735648,18.19580193406373,52.87834850791478,18.06110668122735,-18.25994903986328,16.88176151006175,-145.2597746947245,771.426057420272,834.0862564563456,0.0,0.0,0.0,0.0,0.0,0.0,0.0,0.0,0.0,0.0,0.0,0.0,0.0,0.0,0.0,0.0,0.0,0.0,0.0,0.0,0.0,0.0,1.2649598037042047,0.3861293662100748,247.23795687334576,287.39626540738899,6662.2008446992,0.19911192364204953,0.030389487735355555,15.597570512866579,18.192181801044069,398.2515448945277,1.4058750913469159,0.2656604481003244,236.93089463296014,276.1300089202951,6151.7338630755189,0.32427956939484228,0.061277318479751,253.67706349959759,296.36596579730999,6197.427138759158,0.0,0.0,9.585542418081304,11.325833552336697,170.99140116370013,0.0,0.0,14.391105791122083,16.83610258915892,325.6693018403157,0.0,0.0,239.56332706124273,282.071837584965,4791.925680355829,0.0,0.0,16.916970610679806,19.929082518130973,334.95647085680698,0.0,0.0,187.70871627685345,222.25922055081439,3157.8868674521047,36.97071503419214,25.357143370502173,250.83622809870566,294.56407973378966,6230.94043484534,0.0,0.0,188.92905992162927,224.1463920230491,2974.840649347042,1713.2309315126354,21.949022334080995,46.47543701059365,22.000000000000008,30.00000000000001,0.0,21.061314148929428,60.286561844813437,21.000000000000008,30.00000000000001,0.0,21.37413859231875,48.43897417313684,21.000000000000008,30.00000000000001,0.0,20.632449733394254,51.131343915732418,16.000000000000008,30.00000000000001,0.0,17.191801536196559,66.86435524339068,12.000000000000004,30.00000000000001,0.0,19.681631986354156,64.37190895699753,19.000000000000008,30.00000000000001,0.0,18.30999755248329,61.05771195880544,10.000000000000004,30.00000000000001,0.0,18.20383223880511,62.285672303944199,12.000000000000004,30.00000000000001,0.0,16.669831952508888,68.65423390483376,16.000000000000008,30.00000000000001,0.0,19.19862603985243,0.0,0.0,0.0,16.10393099664368,0.0,0.0,659.7850205261084,1258.4978183878087,669.149017373818,676.5890572469782,715.2402447365803,1139.864051125033,705.0406578421507,709.9998103519743,718.2233852612576,9733.832184982088,81.56874913023614,81.56874913023614,570.0000000000002,0.0,570.0000000000002,570.0000000000002,21.0,16.0,19.0,16.0,12.0,12.0,21.0,10.0,1.0,0.0,1713.2309315126354,0.0,0.0,0.0,0.0,0.0,0.0,0.0,0.0,0.0,0.0,81.56874913023614,81.56874913023614,0.34000000000000016,0.7673909234866317,0.36028137401965967,81.56874913023614,0.3542647819438876,0.0,0.023559999999999999 
 04/07  20:50:00,8.171666666666665,87.33333333333333,4.648333333333333,0.0,0.0,0.0,0.0,0.0,2.0,0.0,0.0,4.0,0.0,0.0,0.0,3063.0,0.0,0.0,0.0,0.0,0.0,0.0,0.0,0.0,0.0,0.0,0.0,21.325144860753399,-1393.727752658213,20.563743657263769,-67.23050718642625,21.041231169613689,-177.19590548595034,20.10792759848058,202.3940754034073,17.160638173498584,14.662939940000108,19.207084605981536,-54.761949405288579,18.216854597536896,25.92883057945803,17.942744346006607,-12.713784824704789,16.84353440278518,-147.16006036045759,809.2768969797926,879.938346507352,0.0,0.0,0.0,0.0,0.0,0.0,0.0,0.0,0.0,0.0,0.0,0.0,0.0,0.0,0.0,0.0,0.0,0.0,0.0,0.0,0.0,0.0,1.253135252173539,0.3825199182458914,284.31618754482136,331.4032623588207,7582.894192462635,0.1899847416004165,0.028996450183213779,17.565178280995583,20.480810553290135,451.7662551509544,1.4610005011575838,0.27607719220664886,275.1070090293844,320.94858054377928,7255.838721318765,0.33584693438205107,0.06346313952797642,255.08157303192943,298.6140735287826,6284.9279313327929,0.0,0.0,9.647249377303082,11.415973435240238,174.44215835983017,0.0,0.0,14.381207835239494,16.857841267504868,327.31286510482075,0.0,0.0,246.91360366912918,291.0855421500752,5015.303748712558,0.0,0.0,13.21278202311365,15.591814929324654,261.26183249809869,0.0,0.0,193.10573719615037,228.97125356581257,3282.0631327016646,37.30248572285366,25.584695283164409,289.8880078372293,340.7716592646948,7217.258910520524,0.0,0.0,194.0558706004972,230.5267428726194,3104.9370316913784,1540.4647763560188,21.684293374771344,47.222653526695278,22.000000000000019,30.00000000000002,0.0,21.04487052298051,60.971375236190699,21.000000000000015,30.00000000000002,687.4417137961399,21.43194327852119,48.07279374550032,21.33333333333335,30.00000000000002,0.0,20.59885518304319,50.87421425536988,16.000000000000015,30.00000000000002,0.0,17.182189929040914,66.4751329498736,12.00000000000001,30.00000000000002,0.0,19.612271354628097,64.08137312510812,19.000000000000015,30.00000000000002,0.0,18.336291467090214,60.49532958627148,10.000000000000007,30.00000000000002,0.0,18.055398500224535,62.614852262000088,12.00000000000001,30.00000000000002,0.0,16.623607588890207,68.3222996577206,16.000000000000015,30.00000000000002,0.0,19.26881076227014,0.0,0.0,0.0,16.098976418717159,0.0,0.0,672.6403634792989,1306.5578580356756,671.3993438080653,676.149081302437,714.4560046579763,1127.6980724857345,703.4325902584632,709.9916468467108,716.5768769475888,8054.466108117573,82.67890644166003,85.0129930245026,570.0000000000005,0.0,570.0000000000005,570.0000000000005,21.0,16.0,19.0,16.0,12.0,12.0,21.0,10.0,1.0,0.0,1540.4647763560188,0.0,687.4417137961399,0.0,0.0,0.0,0.0,0.0,3532.3406662614067,2119404.3997568425,2754193.716335088,82.67890644166003,85.05263356331497,0.34441135554204707,0.768605742640844,0.3602813740196598,85.05263356331497,0.3542647819438878,2754193.716335088,0.16665140658275794 
 04/07  21:00:00,8.04,87.0,4.7,0.0,0.0,0.0,0.0,0.0,2.0,0.0,0.0,4.0,0.0,0.0,0.0,3063.0,0.0,0.0,0.0,0.0,0.0,0.0,0.0,0.0,0.0,0.0,0.0,21.220169061563529,-932.915013301219,20.55387963913988,-47.56802358205282,21.058458999611909,-195.564016006952,20.118215480356889,309.7626968531,17.14946116098828,13.825124984531529,19.174446783976298,-56.63042179347702,18.188047089903895,32.522993555415,17.840395936224746,-11.697354865005244,16.806194124349177,-160.5532041198953,878.3042961447301,875.2218927110785,0.0,0.0,0.0,0.0,0.0,0.0,0.0,0.0,0.0,0.0,0.0,0.0,0.0,0.0,0.0,0.0,0.0,0.0,0.0,0.0,0.0,0.0,1.3015411981620502,0.39729584803481418,311.93897564222427,363.64176399079119,8402.28048249619,0.20874845871281068,0.031860265371308139,15.814600747924095,18.451225494533106,411.64633566848866,1.4419840765034884,0.2724837635116194,335.48369968624959,392.1612408604189,8761.908323369858,0.33152917979449439,0.06264723730054696,258.9933696865137,303.0703108442459,6469.320454037599,0.0,0.0,9.726854402500818,11.51101599824534,178.2345485346264,0.0,0.0,14.527414412570192,17.03144317944531,332.99502223531609,0.0,0.0,247.11030270199019,291.3864203328136,5063.833465581163,0.0,0.0,11.594638777373156,13.688175877829164,229.46156652684028,0.0,0.0,192.05440453434898,227.80044138404834,3298.181961913193,37.76249031237096,25.900199116852538,336.5804915929874,395.5511728032711,8584.570785907252,0.0,0.0,192.99424758675964,229.36334963721505,3109.6796910075629,962.9036734265055,21.670125694980759,46.79208938109527,21.666666666666687,30.00000000000002,0.0,21.035879319289088,60.96967128292815,21.000000000000015,30.00000000000002,0.0,21.23200139480487,48.316672305051358,21.000000000000015,30.00000000000002,0.0,20.644767820216747,50.00764289545811,16.000000000000015,30.00000000000002,0.0,17.16997705104844,65.95478353884232,12.00000000000001,30.00000000000002,0.0,19.559327880531037,63.72565314973693,19.000000000000015,30.00000000000002,0.0,18.290615962368216,60.08172941439902,10.000000000000007,30.00000000000002,0.0,17.928541650679539,62.65973868532788,12.00000000000001,30.00000000000002,0.0,16.578215630207553,67.61115469575515,16.000000000000015,30.00000000000002,0.0,19.53364021180501,0.0,0.0,0.0,16.02013886352965,0.0,0.0,673.9297489679304,1324.4369695472629,677.3624424584523,671.1662118432607,714.379409887063,1124.2132430661732,708.7208203918639,709.493866598702,715.7042943284494,8891.506247672181,82.12571058030145,82.12571058030145,570.0000000000005,0.0,570.0000000000005,570.0000000000005,21.0,16.0,19.0,16.0,12.0,12.0,21.0,10.0,1.0,0.0,962.9036734265055,0.0,0.0,0.0,0.0,0.0,0.0,0.0,0.0,0.0,0.0,82.12571058030145,82.12571058030145,0.3400000000000003,0.7691934410951974,0.3602813740196598,82.12571058030145,0.3542647819438878,0.0,0.023306666666666668 
 04/07  21:10:00,7.971666666666666,87.0,4.721666666666667,0.0,0.0,0.0,0.0,0.0,2.0,0.0,0.0,4.0,0.0,0.0,0.0,2042.0,0.0,0.0,0.0,0.0,0.0,0.0,0.0,0.0,0.0,0.0,0.0,21.295666412904269,-1288.6129466547964,20.544607102608344,-70.02101943581289,20.851454665222307,24.42163471684853,20.07022993943366,208.3638890716402,17.137546352036908,13.320948953174764,19.147218580919558,-53.771573478868678,18.16267486448211,3.077612076705009,17.750019813714425,-11.233470388149727,16.76695834036677,-148.402206839859,776.3611565707424,909.9224838384957,0.0,0.0,0.0,0.0,0.0,0.0,0.0,0.0,0.0,0.0,0.0,0.0,0.0,0.0,0.0,0.0,0.0,0.0,0.0,0.0,0.0,0.0,1.3186074566727757,0.40250532865469348,273.85815036960727,319.0444147447601,7434.697079547426,0.18521901652555795,0.028269080666293947,19.596396494857744,22.83180610227508,510.3476494377509,1.4666000278462297,0.27713530382581827,240.47080589910207,280.75304980661306,6282.018512246201,0.3373882935022273,0.06375440164441179,258.38950585624539,302.2219080589508,6440.8022586186639,0.0,0.0,9.277479216298272,10.971791160032435,171.07092891269014,0.0,0.0,13.34856554186027,15.640212496866053,306.77312288342218,0.0,0.0,249.13896562771925,293.5912855597283,5121.012550468818,0.0,0.0,10.85402889581718,12.807567694023826,214.02387926762908,0.0,0.0,195.33644187329655,231.52914004152019,3364.6464986557268,37.79639224397765,25.92345147049222,255.47542531353759,300.4006512458195,6478.651439797794,0.0,0.0,196.71231265766355,233.58624078994849,3193.6885258021668,1632.1903648680614,21.66825118705269,46.538346627794258,22.0,30.0,0.0,21.017517793827396,60.32032635253891,21.0,30.0,0.0,21.109951727916405,48.38227234137504,21.0,30.0,0.0,20.542621297831454,50.578168694817467,16.0,30.0,0.0,17.156733657657037,65.40596280089125,12.0,30.0,0.0,19.515877103680997,63.25119148599234,19.0,30.0,0.0,18.252027292732636,59.76309898275281,10.0,30.0,0.0,17.817651103393908,62.665106235672279,12.0,30.0,0.0,16.5319560048796,67.46849095640104,16.0,30.0,0.0,19.080442253111629,0.0,0.0,0.0,16.01117710272002,0.0,0.0,676.3357175200704,1309.523532667341,677.3042114186453,688.5989300858338,712.5092456473954,1117.2117590008602,703.1886812524915,710.2789470705559,716.2151667188146,8710.261397292878,82.24558599973222,82.24558599973222,570.0,0.0,570.0,570.0,21.0,16.0,19.0,16.0,12.0,12.0,21.0,10.0,1.0,0.0,1632.1903648680614,0.0,0.0,0.0,0.0,0.0,0.0,0.0,0.0,0.0,0.0,82.24558599973222,82.24558599973222,0.34,0.7708406711311826,0.36028137401965956,82.24558599973222,0.3542647819438875,0.0,0.02318 
 04/07  21:20:00,7.903333333333333,87.0,4.743333333333334,0.0,0.0,0.0,0.0,0.0,2.0,0.0,0.0,4.0,0.0,0.0,0.0,1021.0,0.0,0.0,0.0,0.0,0.0,0.0,0.0,0.0,0.0,0.0,0.0,21.378053219757058,-1552.9477266992927,20.530603570069148,-78.24585193345649,20.661977819262487,80.0788436993007,20.01835154795444,216.43284819209658,17.123866040230938,13.079357942477828,19.12519893367896,-54.803438484052779,18.13646871104482,22.5400456430325,17.660838684223493,-13.467145525291585,16.73910160019943,-139.1221438908742,772.0157241088928,915.9991154348963,0.0,0.0,0.0,0.0,0.0,0.0,0.0,0.0,0.0,0.0,0.0,0.0,0.0,0.0,0.0,0.0,0.0,0.0,0.0,0.0,0.0,0.0,1.3082153413602636,0.39933313228335279,285.8236607768749,331.96182677648297,7852.484728532295,0.18791138047318588,0.02868000312472312,19.143370429892724,22.22887586066415,501.042341539655,1.47761198483576,0.27921617249353,245.44083698357907,285.8102060390885,6397.411352984207,0.34154945515129478,0.06454071336948122,263.5934610022497,307.44869222809356,6568.273099876837,0.0,0.0,9.366252516387128,11.044153490990558,173.7900290009586,0.0,0.0,13.614345639556295,15.89965659526618,314.0521138285086,0.0,0.0,248.54887088971908,292.0629845510504,5128.914963307999,0.0,0.0,10.825729324429862,12.740111300674876,212.6848024401263,0.0,0.0,193.76530827059538,228.9974590424473,3355.667785016719,37.94751291886796,26.027100767399156,260.6933922023742,305.67941645840957,6608.586301097054,0.0,0.0,195.96323121414606,232.05392025206397,3183.9105219040704,1747.1176211707655,21.764962172837885,46.15278179253426,22.0,30.0,18.454747743434614,21.000854819514747,59.42800073905809,21.0,30.0,56.27214557103192,21.001480415885287,48.22562208380357,21.0,30.0,0.0,20.46061714744434,50.72628189137261,16.0,30.0,0.0,17.140425102219259,64.86516550105137,12.0,30.0,0.0,19.482376977106676,62.84402885296505,19.0,30.0,0.0,18.217130926995645,59.46067615207462,10.0,30.0,0.0,17.70397451407957,62.68752885054857,12.0,30.0,0.0,16.5045064137592,67.10830443312297,16.0,30.0,0.0,19.024830411278008,0.0,0.0,0.0,15.942490412089791,0.0,0.0,680.3002681769474,1282.2557726867672,669.8765520007634,695.9609012693275,709.482159949904,1115.9402080959795,701.0847041209518,711.0034826528364,712.5396727784561,7353.670970303196,83.14244001157472,83.14244001157472,570.0,0.0,570.0,570.0,21.0,16.0,19.0,16.0,12.0,12.0,21.0,10.0,1.0,0.0,1747.1176211707655,18.454747743434614,56.27214557103192,0.0,0.0,0.0,0.0,0.0,0.0,0.0,0.0,83.14244001157472,83.14244001157472,0.34,0.7705653167047157,0.36028137401965956,83.14244001157472,0.3542647819438875,0.0,0.02276833333333333 
 04/07  21:30:00,7.834999999999999,87.0,4.765000000000001,0.0,0.0,0.0,0.0,0.0,2.0,0.0,0.0,4.0,0.0,0.0,0.0,4084.0,0.0,0.0,0.0,0.0,0.0,0.0,0.0,0.0,0.0,0.0,0.0,21.338943601210106,-881.515813450023,21.21431416028303,-141.97603125666033,21.369567037242985,-1377.1536501119995,20.19101061304734,585.3889530095871,17.114352644834747,13.618469391324397,19.116812135607224,-46.106954816969238,18.12684446134829,33.22708645585044,17.59888675276625,-23.646017939632445,16.70909299136583,-168.34039098773384,936.7414102422363,934.9708576985088,0.0,0.0,0.0,0.0,0.0,0.0,0.0,0.0,0.0,0.0,0.0,0.0,0.0,0.0,0.0,0.0,0.0,0.0,0.0,0.0,0.0,0.0,1.4095696044746724,0.4302715520374458,297.21079549352,347.0078664311576,8181.127670033768,0.15918698439854993,0.02429593778976647,26.459065480055938,30.782721576713095,744.362735876157,1.41224472779766,0.26686408310613388,406.8567169816561,474.62414731235909,11340.261498919646,0.36729447630917119,0.06940560776817292,342.02515828990905,400.2699762881836,8818.83275467969,0.0,0.0,9.432789141792334,11.177431691840628,176.06162313495165,0.0,0.0,13.890527541831635,16.313836170093713,321.9151535469302,0.0,0.0,248.25932242523374,293.1305753586789,5151.450839899923,0.0,0.0,10.8037784268477,12.776494997581679,212.25513077175379,0.0,0.0,194.05205317973179,230.48904041494863,3372.1660261423014,38.54541700777951,26.437185876391994,415.5636442312945,488.62178866865716,10615.838136072645,0.0,0.0,198.4158705781192,236.14409098549769,3229.9214604646788,902.4606443700897,21.697610635322389,46.49564513775477,21.75,30.0,1015.6457528298577,21.981235655233257,54.83158671501388,21.75,30.0,1971.6701009881784,21.92324642232073,45.517531588598739,21.5,30.0,0.0,20.82455359964178,49.00539101636882,16.0,30.0,0.0,17.132508295353188,64.66524552692512,12.0,30.0,0.0,19.476322818575008,62.772414511772428,19.0,30.0,0.0,18.21064446178898,59.22240449315848,10.0,30.0,0.0,17.641407827293415,62.695070978597588,12.0,30.0,0.0,16.470235905991033,66.7615935276131,16.0,30.0,0.0,19.502299045124237,0.0,0.0,0.0,15.89223244234555,0.0,0.0,697.3537233341149,1228.382887422418,679.7170890354129,688.2416589237283,712.1063207821345,1125.804886924983,705.5516626573616,710.9167777958334,712.4636660868472,7258.63904926308,82.34739208633673,86.05260945201883,570.0,0.0,570.0,570.0,21.0,16.0,19.0,16.0,12.0,12.0,21.0,10.0,1.0,0.0,902.4606443700897,1015.6457528298577,1971.6701009881784,0.0,0.0,0.0,0.0,0.0,5606.970345916839,3364182.207550103,4405326.469043634,82.34739208633673,86.11553634336562,0.2718990115305613,0.572341775395097,0.27021103051474468,86.11553634336562,0.2656985864579156,4405326.469043634,0.25143364305693569 
 04/07  21:40:00,7.766666666666666,87.0,4.786666666666667,0.0,0.0,0.0,0.0,0.0,2.0,0.0,0.0,4.0,0.0,0.0,0.0,2044.0,0.0,0.0,0.0,0.0,0.0,0.0,0.0,0.0,0.0,0.0,0.0,21.36067299672703,-898.6046089829492,21.025478709186065,-132.52865670596135,20.52380113668028,-167.6236320005546,20.19860837176099,18.628544248860636,17.103080324113884,14.355484231895474,19.111503782079326,-41.78983318032408,18.10473101852455,8.547615845500332,17.511469336744786,-32.378379610148048,16.668523783697638,-154.6478143459408,935.3664328000468,957.9146921041634,0.0,0.0,0.0,0.0,0.0,0.0,0.0,0.0,0.0,0.0,0.0,0.0,0.0,0.0,0.0,0.0,0.0,0.0,0.0,0.0,0.0,0.0,1.3555650224073773,0.41378663687648878,256.8291472068182,298.7671954589779,7095.909663003986,0.11578856857723739,0.017672247951348809,29.53957238758281,34.37557571735037,818.0228796693773,1.6140454942375576,0.3049972589262203,470.0211969079246,549.2479714284664,12143.415656104655,0.33060822931933428,0.06247321037780314,282.0916001418092,329.9701766673818,7291.415110572071,0.0,0.0,9.32920590550888,11.038835473374239,175.2550292456898,0.0,0.0,13.293695970264097,15.585416617772001,309.9227757900019,0.0,0.0,249.8916718038468,294.658515587176,5204.642232560016,0.0,0.0,12.2349360699892,14.450633405856138,239.3882633138988,0.0,0.0,194.79635179262855,231.08634046525499,3394.6537180363068,38.62209486635929,26.489777000246435,459.4672458516876,539.0838751800975,11729.279283342781,0.0,0.0,201.87629285443223,239.94214796261748,3304.5832363007405,1201.758597157254,21.710380817964777,46.787393603140177,21.5,30.0,0.0,21.744850716060197,53.58227741669834,21.0,30.0,40.45052371748978,20.734156622175825,49.156321594423378,21.0,30.0,0.0,20.74583804050932,48.85524070949386,16.0,30.0,0.0,17.12103151581386,64.46022607789493,12.0,30.0,0.0,19.473068093282337,62.72950474239313,19.0,30.0,0.0,18.178163051634919,59.44251404650146,10.0,30.0,0.0,17.527928292065636,62.71536117935952,12.0,30.0,0.0,16.421993132607235,66.66299919937562,16.0,30.0,0.0,19.626994313846475,0.0,0.0,0.0,15.866646059261676,0.0,0.0,723.6816292268445,1117.0225704435157,697.3787556802226,684.5722839360769,721.9312959256538,1147.8811304712536,718.8920355073149,711.931500520273,714.7052779369685,8649.77725576127,82.28540925853429,82.28540925853429,570.0,0.0,570.0,570.0,21.0,16.0,19.0,16.0,12.0,12.0,21.0,10.0,1.0,0.0,1201.758597157254,0.0,40.45052371748978,0.0,0.0,0.0,0.0,0.0,0.0,0.0,0.0,82.28540925853429,82.28540925853429,0.34,0.7693320716232872,0.36028137401965956,82.28540925853429,0.3542647819438875,0.0,0.021945000000000004 
 04/07  21:50:00,7.698333333333333,87.0,4.808333333333334,0.0,0.0,0.0,0.0,0.0,2.0,0.0,0.0,4.0,0.0,0.0,0.0,4088.0,0.0,0.0,0.0,0.0,0.0,0.0,0.0,0.0,0.0,0.0,0.0,21.306448672514678,-795.9864947914796,20.90414739630826,-87.55249100133847,21.31919461060729,-1288.1915843283087,20.147858981611337,528.809218998399,17.09210977217427,13.650802859609584,19.101375241504998,-55.0405644287231,18.09276728101402,31.465859699639169,17.43311425679365,-42.30308361477191,16.639203735444725,-160.87043019079307,924.8343455865188,980.7448532795493,0.0,0.0,0.0,0.0,0.0,0.0,0.0,0.0,0.0,0.0,0.0,0.0,0.0,0.0,0.0,0.0,0.0,0.0,0.0,0.0,0.0,0.0,1.3917320349988985,0.42482662851004229,277.92203079162257,324.6552404949296,7681.538831425865,0.19681786547110476,0.03003935675688412,20.31532015004303,23.71923339259923,560.9261186086618,1.4335940020205683,0.27089833749443856,399.46738233523907,466.20435635215429,11217.997522238304,0.36493016318846907,0.06895883658134333,285.1890689955459,333.55300099497739,7438.759484685264,0.0,0.0,9.732872904819193,11.535740561775129,183.94324531287078,0.0,0.0,14.295136313209348,16.788005846299904,334.7542232921514,0.0,0.0,256.1224696693431,302.52766665925778,5365.302194117088,0.0,0.0,14.810598947326004,17.53425051561483,289.0629298324348,0.0,0.0,195.5643435338323,232.4118830642833,3423.00903615289,38.926778181212458,26.698750467223918,403.6656099880423,474.825796214634,10454.448835613362,0.0,0.0,205.58727311472405,244.80314308104699,3375.7230325218595,821.5430117569348,21.66840324694667,46.32907356275211,21.75,30.0,0.0,21.543216532289116,54.35761237290107,21.0,30.0,1849.1439451500815,21.858409949045368,45.557494594691039,21.5,30.0,0.0,20.73988732803794,49.01950728126962,16.0,30.0,0.0,17.110384772140116,64.2516248569709,12.0,30.0,0.0,19.45850310753095,62.420232533723467,19.0,30.0,0.0,18.17096532419954,58.98856856036925,10.0,30.0,0.0,17.43091543630443,62.785875726752127,12.0,30.0,0.0,16.392165594412434,66.56023401406734,16.0,30.0,0.0,19.51150305290961,0.0,0.0,0.0,15.823016051401769,0.0,0.0,705.8677513519772,1128.4623981748615,696.1171223894148,702.101113806663,725.9998400452734,1145.0318814426954,716.5244523694754,715.5491706991377,721.9227331194193,6649.509113228531,82.23828222346882,84.05443113507318,570.0,0.0,570.0,570.0,21.0,16.0,19.0,16.0,12.0,12.0,21.0,10.0,1.0,0.0,821.5430117569348,0.0,1849.1439451500815,0.0,0.0,0.0,0.0,0.0,2748.40371268697,1649042.2276121819,2163093.4560032298,82.23828222346882,84.08527537279284,0.2616134570895657,0.5739150033971165,0.27021103051474468,84.08527537279284,0.2656985864579156,2163093.4560032298,0.13429919304550129 
 04/07  22:00:00,7.63,87.0,4.83,0.0,0.0,0.0,0.0,0.0,2.0,0.0,0.0,4.0,0.0,0.0,0.0,2046.0,0.0,0.0,0.0,0.0,0.0,0.0,0.0,0.0,0.0,0.0,0.0,21.346570744372444,-993.0418143122392,20.808012908250917,-87.50886658387305,20.531673890142068,-223.24598155868626,20.15428547373361,4.357658563996665,17.078499952084927,13.165566636330482,19.08478566010551,-56.01195684687673,18.068223587654395,1.8860481000474466,17.34802635515753,-45.48022450906484,16.60633561230692,-153.86821064621655,930.7901667785554,1002.4095851971238,0.0,0.0,0.0,0.0,0.0,0.0,0.0,0.0,0.0,0.0,0.0,0.0,0.0,0.0,0.0,0.0,0.0,0.0,0.0,0.0,0.0,0.0,1.3720004292899617,0.4188035498443107,236.97589757315428,275.63427035554977,6658.149021169204,0.1769467329943626,0.02700652212978672,21.612683242193947,25.170041996611137,591.8459243621621,1.5347302126391749,0.29000948840498405,449.7005255192024,525.6873490525671,11737.331958907886,0.33133420865154286,0.06261039468094157,278.02588384421548,325.3897738227372,7231.059387523417,0.0,0.0,9.457004437406362,11.194781497130102,179.80387000975504,0.0,0.0,13.380195068084106,15.694469908995016,314.64862483599668,0.0,0.0,257.5458400687634,303.81661479526567,5413.932749234604,0.0,0.0,16.657508338600548,19.69818712369866,323.89969278213257,0.0,0.0,195.50377658757356,232.0367508466481,3436.2701231277317,38.979650734137148,26.735014220944554,431.2114327618234,506.2682069104359,11094.531220894522,0.0,0.0,207.51825382244085,246.77842347488798,3424.0660659314114,1371.2830316404568,21.724298246644588,46.235346795205348,21.5,30.0,0.0,21.379440534103386,55.646059605221939,21.0,30.0,108.15131478525476,20.734341916466989,48.74061030874478,21.0,30.0,0.0,20.67309801161075,48.803046612387579,16.0,30.0,0.0,17.095281173940145,63.89301702040964,12.0,30.0,0.0,19.43478404514579,61.945166011384717,19.0,30.0,0.0,18.13526300422553,59.11208589082618,10.0,30.0,0.0,17.320027512204214,62.881781488325298,12.0,30.0,0.0,16.356375152431835,66.5075523444846,16.0,30.0,0.0,19.494926256718988,0.0,0.0,0.0,15.791375844818055,0.0,0.0,718.8865535189405,1182.678890186471,700.2214245919274,695.8478244076043,725.6995509897138,1134.2595362097425,723.8676570342695,721.1916687839228,725.9521008499744,8687.633167311518,82.26038334571237,82.26038334571237,570.0,0.0,570.0,570.0,21.0,16.0,19.0,16.0,12.0,12.0,21.0,10.0,1.0,0.0,1371.2830316404568,0.0,108.15131478525476,0.0,0.0,0.0,0.0,0.0,0.0,0.0,0.0,82.26038334571237,82.26038334571237,0.34,0.76575624056312,0.36028137401965956,82.26038334571237,0.3542647819438875,0.0,0.021691666666666666 
 04/07  22:10:00,7.571666666666667,87.0,4.92,0.0,0.0,0.0,0.0,0.0,2.0,0.0,0.0,4.0,0.0,0.0,0.0,10230.0,0.0,0.0,0.0,0.0,0.0,0.0,0.0,0.0,0.0,0.0,0.0,21.234228870453767,-836.6349122601321,20.75073196168831,-94.92002933099245,21.132740054278078,-887.2485326737489,20.077962850590806,461.6597469433842,17.06620835496132,11.96764696896214,19.075005784198497,-27.574896471934129,18.223851305299204,167.25785617787458,17.255597387663245,-110.39657713872049,18.132041037510996,-311.5377604780479,853.8842631056164,808.920182480624,0.0,0.0,0.0,0.0,0.0,0.0,0.0,0.0,0.0,0.0,0.0,0.0,0.0,0.0,0.0,0.0,0.0,0.0,0.0,0.0,0.0,0.0,1.4199326545932459,0.4334348762494646,180.82798117072566,211.598259052393,5043.620283950354,0.19511683121321414,0.029779736143652953,21.4007505727467,24.991422099123829,585.1216122469587,1.4571732790509305,0.27535398319178597,288.81486730989846,337.94528483916397,8026.843366222223,0.3536543092786243,0.06682810077071509,283.88746315559606,333.15739682969868,7343.88982161938,0.0,0.0,9.976511031833775,11.84221813411298,190.55881483670428,0.0,0.0,12.760689699591972,15.019386767599754,301.2242529098678,0.0,0.0,176.17866308002778,208.3152380943934,3815.645882477919,0.0,0.0,30.301646889088788,35.91937128112705,584.1135171499386,0.0,0.0,120.85524219549976,142.89083926845655,2599.338973593084,39.31138221884469,26.96253924474945,299.55038513860998,353.45448282683688,7801.319068878147,0.0,0.0,127.93706510394715,152.7837098619181,2053.7333759348277,813.4372369982993,21.53982272547491,45.862582648566398,21.5,30.0,0.0,21.290110704491295,55.96320420781821,21.000000000000005,30.0,1464.2227736966509,21.51519817186093,45.60473251631192,21.400000000000003,30.0,0.0,20.61872517348604,48.59736725283307,15.999999999999999,30.0,0.0,17.083574853989867,63.548672116124958,12.0,30.0,0.0,19.426994039556985,60.41340632694495,19.0,30.0,0.0,18.464701797301175,56.85725561266364,10.0,30.0,0.0,17.192233892511959,62.993254533280069,12.0,30.0,2963.172772295373,18.452714924509647,57.878759672278288,20.0,30.0,0.0,19.090505880227,0.0,0.0,0.0,15.404532649939466,0.0,0.0,706.2824136882239,1199.9106503380445,687.7624056179852,698.8017284731325,724.6361166385791,1109.7022799868219,716.006486840951,725.4962964192022,725.0221100425564,10681.36682787888,80.9419529488691,84.72663063575135,570.0,0.0,570.0,570.0,21.0,16.0,19.0,19.0,12.0,12.0,21.0,10.0,1.0,0.0,813.4372369982993,0.0,1464.2227736966509,0.0,0.0,0.0,0.0,2963.172772295373,5727.066376901096,3436239.826140658,4466908.675242212,80.9419529488691,84.79090702714227,0.36090221256336998,0.7688771323876298,0.3602813740196596,84.79090702714227,0.3542647819438876,4466908.675242212,0.253844251112595 
 04/07  22:20:00,7.513333333333334,87.0,5.01,0.0,0.0,0.0,0.0,0.0,2.0,0.0,0.0,4.0,0.0,0.0,0.0,3069.0,0.0,0.0,0.0,0.0,0.0,0.0,0.0,0.0,0.0,0.0,0.0,21.37693624082111,-818.6141509315705,20.693333232988363,-52.34000434260852,21.31710443407374,-1439.2870045530186,20.24834593312108,546.9284936329688,17.05139839508669,14.472399103326623,19.080782014909958,-25.116886238463218,18.28780213176328,113.72644586003644,17.083778146133584,-129.11388404382033,18.654408507425015,-185.42097742340327,944.9064266481148,845.037417400242,0.0,0.0,0.0,0.0,0.0,0.0,0.0,0.0,0.0,0.0,0.0,0.0,0.0,0.0,0.0,0.0,0.0,0.0,0.0,0.0,0.0,0.0,1.4250254596289845,0.43498945654120399,148.61445665966856,173.4553955732846,4255.543600246626,0.2446618550384164,0.03734155296679126,12.68147034137495,14.822622836068522,349.7626691547813,1.4406000520513436,0.272222232058077,323.31867415182628,377.02824323188096,9257.65878771707,0.36831542000221109,0.06959852985680477,334.8885316930446,391.8902210779514,8893.785569325812,0.0,0.0,11.121763479885413,13.181450590340927,213.45235658225983,0.0,0.0,12.27369770688512,14.418563393522327,291.6392744532692,0.0,0.0,160.36946788871826,189.0453039419025,3529.2090965610029,0.0,0.0,39.9155524256355,47.327428474444989,754.4445136503437,0.0,0.0,121.24246603414869,142.50075287230846,2838.086771849281,39.90583103371891,27.37025448128869,331.5456866140774,390.1423534205691,8728.55611336417,0.0,0.0,111.70401819677112,132.9428634366845,1830.7601025674154,1056.2766070527749,21.824418236708678,44.55043443712748,21.666666666666658,29.99999999999999,0.0,21.203159135547027,56.57308970847711,20.999999999999994,29.99999999999999,2001.19576894266,21.97250415596164,43.78585645348583,21.999999999999994,29.99999999999999,0.0,20.918226930168346,47.16340115957275,15.999999999999993,29.99999999999999,0.0,17.067780608890886,62.91574630522261,11.999999999999995,29.99999999999999,0.0,19.443069032479636,58.20404044750921,18.999999999999994,29.99999999999999,0.0,18.56362754890814,55.88229667660971,9.999999999999997,29.99999999999999,0.0,16.92376742548558,63.516435082196178,11.999999999999995,29.99999999999999,0.0,19.351270287111804,53.598626321426468,18.999999999999994,29.99999999999999,0.0,19.332778269805425,0.0,0.0,0.0,15.415402415333802,0.0,0.0,691.7946084012808,1247.1105373896394,677.0372762488568,690.4042952951863,722.2620909550275,1090.6540162539823,712.9409582388935,729.7635806226373,719.1284631598954,10520.393304062127,81.04851239305751,83.5373953173023,569.9999999999998,0.0,569.9999999999998,569.9999999999998,21.0,16.0,19.0,19.0,12.0,12.0,21.0,10.0,1.0,0.0,1056.2766070527749,0.0,2001.19576894266,0.0,0.0,0.0,0.0,0.0,3766.3509878321635,2259810.592699299,2943214.0349077538,81.04851239305751,83.57966481188025,0.35221169959440537,0.768253503669046,0.36028137401965945,83.57966481188025,0.35426478194388735,2943214.0349077538,0.17473879648186983 
 04/07  22:30:00,7.455,87.0,5.1,0.0,0.0,0.0,0.0,0.0,2.0,0.0,0.0,4.0,0.0,0.0,0.0,4092.0,0.0,0.0,0.0,0.0,0.0,0.0,0.0,0.0,0.0,0.0,0.0,21.11376736949739,-796.0545729557313,20.657999256804496,-115.58443700237632,20.884085278770458,-400.5632745640522,20.304203006257035,157.54703266131356,17.038846098225883,12.113850552119999,19.080919934229067,-22.13593564273019,18.117103332840459,-103.85265918898381,16.982746858270518,-99.67830854483083,18.869294907251935,-520.7266981465232,748.5621899802435,1202.8732518287812,0.0,0.0,0.0,0.0,0.0,0.0,0.0,0.0,0.0,0.0,0.0,0.0,0.0,0.0,0.0,0.0,0.0,0.0,0.0,0.0,0.0,0.0,1.4771490933344094,0.4509002116405401,141.53625712566697,165.25064128273577,3920.273942625079,0.19788634208997855,0.030202433163916147,21.771319109839387,25.419612725394925,594.612085715132,1.4897248218713122,0.2815050683808225,182.2009232491494,213.39697340925026,4973.6215413170689,0.3188293706366716,0.06024742453451842,161.03127134277097,188.77435136384,4322.3418668188019,0.0,0.0,10.56725718428992,12.534744792529996,203.79376374036375,0.0,0.0,12.314892592782299,14.479228852161839,294.1458754662203,0.0,0.0,203.0479307379664,239.8345424479507,4353.952895707659,0.0,0.0,42.70190287467669,50.69502208460829,802.0462675294441,0.0,0.0,174.4617643959053,204.92840946554277,4268.659678418506,39.95582304923329,27.404542557773185,179.15497616192207,211.49176698872709,4943.5238133543239,0.0,0.0,163.76652255957129,194.8541259754089,2821.734259096069,895.4184019021307,21.278986636640906,45.744055791010158,21.5,30.0,0.0,21.1460114056714,56.76364479239291,21.0,30.0,0.0,21.101378951355366,46.183470665703627,21.0,30.0,0.0,20.944186731788294,46.94316064852565,16.0,30.0,0.0,17.055933745890287,62.452013100277948,12.0,30.0,0.0,19.448191825612964,56.88269460874608,19.0,30.0,0.0,18.20899169039713,57.11451876437465,10.0,30.0,0.0,16.797133853857074,63.34179749208107,12.0,30.0,1596.946923426331,19.70457001902993,52.219280197780218,19.75,30.0,0.0,18.457141858215345,0.0,0.0,0.0,15.883568746479512,0.0,0.0,709.2834904893323,1273.4735118771944,692.9936503775419,697.8517835438007,721.233725414062,1081.5241326010203,721.6956063629784,726.2373417439276,722.4531125659536,8990.42680009457,82.06022925075985,83.75643168898506,570.0,0.0,570.0,570.0,21.0,16.0,19.0,19.0,12.0,12.0,21.0,10.0,1.0,0.0,895.4184019021307,0.0,0.0,0.0,0.0,0.0,0.0,1596.946923426331,2567.0659202933159,1540239.5521759894,2002229.8923553108,82.06022925075985,83.78523883739178,0.3405688640097772,0.7706221588262738,0.36028137401965956,83.78523883739178,0.3542647819438875,2002229.8923553108,0.1259342877358095 
 04/07  22:40:00,7.3966666666666669,87.0,5.19,0.0,0.0,0.0,0.0,0.0,2.0,0.0,0.0,0.0,0.0,0.0,0.0,5115.0,0.0,0.0,0.0,0.0,0.0,0.0,0.0,0.0,0.0,0.0,0.0,20.532735039937543,-294.89137343237248,20.300732380957343,-383.7274832735396,20.48901657104608,-315.45937288609709,20.089607658513736,17.010569445152059,17.02221454803125,9.787961893105427,18.970271123817957,-31.084994298515605,17.8946769576797,-79.78765663285012,16.94550874169665,-53.83061309667216,18.56850338447365,-470.02148376556627,986.6289996496246,1180.074295356705,0.0,0.0,0.0,0.0,0.0,0.0,0.0,0.0,0.0,0.0,0.0,0.0,0.0,0.0,0.0,0.0,0.0,0.0,0.0,0.0,0.0,0.0,1.4442745101768289,0.44086523509671229,427.65479579109356,501.5237038952739,11072.060531002355,0.2531141030139489,0.03863157860408257,239.62262916560469,281.08322631766449,6255.365046114824,1.373134893440546,0.25947371380206865,310.33650409426789,363.5481535497434,8137.149497909324,0.2833412785639405,0.053541435858643338,183.198449318339,214.755883982116,4779.908099400694,0.0,0.0,10.522873878863477,12.490573301086972,203.7913868674961,0.0,0.0,13.59184562398237,16.001071329832308,322.9973951343056,0.0,0.0,215.89828735325313,255.56678423333546,4521.818996468445,0.0,0.0,39.56342086079676,47.00589591660628,746.7146024568576,0.0,0.0,188.09144996998274,221.66068905760808,4414.490306522834,40.09251628518745,27.49829649189813,489.5762200914943,576.091128767613,12734.512878133512,0.0,0.0,179.4568179006081,213.73421352622939,3152.2654525824229,0.0,20.46046872713167,51.767566064717268,22.000000000000008,30.00000000000001,0.0,20.54290249046352,50.796225240239397,12.000000000000006,30.00000000000001,0.0,20.649698735492497,49.88574395733389,21.80000000000001,30.00000000000001,0.0,20.55497463782102,49.84504979479099,12.000000000000006,30.00000000000001,0.0,17.037329434032075,62.26930061806956,12.000000000000006,30.00000000000001,0.0,19.322615049365738,56.40954457638514,12.000000000000006,30.00000000000001,0.0,17.847456463541865,59.34262696292578,10.000000000000004,30.00000000000001,0.0,16.784278911993569,62.90658887871299,12.000000000000006,30.00000000000001,0.0,19.14506561777535,54.582304735100489,19.20000000000001,30.00000000000001,0.0,19.44911805078972,0.0,0.0,0.0,16.07656048521598,0.0,0.0,908.3717043265265,881.6988133109801,843.7888347980752,811.8312423457489,729.5264463012062,1075.1584329376427,781.966514619665,728.4298248178428,766.8171489060665,0.0,80.22513320715561,80.22513320715561,60.00000000000002,0.0,60.00000000000002,60.00000000000002,12.0,12.0,12.0,19.0,12.0,12.0,21.0,10.0,0.0,0.0,0.0,0.0,0.0,0.0,0.0,0.0,0.0,0.0,0.0,0.0,0.0,80.22513320715561,80.22513320715561,0.0,0.0,0.0,80.22513320715561,0.0,0.0,0.0023100000000000006 
 04/07  22:50:00,7.338333333333334,87.0,5.28,0.0,0.0,0.0,0.0,0.0,2.0,0.0,0.0,0.0,0.0,0.0,0.0,3069.0,0.0,0.0,0.0,0.0,0.0,0.0,0.0,0.0,0.0,0.0,0.0,20.16895337101197,-165.9663875751859,20.02757188913982,-177.1219165518549,20.101885215003735,-283.8560418698497,19.79383297385977,-144.79769715972419,17.001866105750307,6.161429831566849,18.85022434457646,-28.677637432304043,17.804392545155755,-46.353414437799418,16.91628991157238,-70.38120840319934,18.09163970985324,-175.01064210842484,760.068493493202,894.8473957347051,0.0,0.0,0.0,0.0,0.0,0.0,0.0,0.0,0.0,0.0,0.0,0.0,0.0,0.0,0.0,0.0,0.0,0.0,0.0,0.0,0.0,0.0,1.3976846886282193,0.42664367784744219,252.59986209591268,296.2198153414553,6328.06018383511,0.2527270027466048,0.03857249736669796,102.94280673178584,120.58053539622108,2600.997335509429,1.3230342665223236,0.25000647515539028,276.3428986434082,324.1939460646417,6968.751399799637,0.26051486650299196,0.04922805489474529,158.23726022333569,185.6382878786817,3972.2140774344336,0.0,0.0,9.71835989359711,11.52926638036709,188.89173960288506,0.0,0.0,11.83386250712714,13.930912652120693,278.7005481686074,0.0,0.0,172.9016586078584,204.66346115102585,3599.780691957041,0.0,0.0,34.821244403375427,41.34220986285001,660.4450037055846,0.0,0.0,144.35236251124847,170.50695931242147,3179.021202652162,39.97131867328242,27.415170557806904,341.60840678555226,402.17603371661428,8745.52270767503,0.0,0.0,136.44811885198986,162.78344148021024,2247.295648731778,0.0,19.92890703145196,51.188832669275928,22.000000000000019,30.00000000000002,0.0,20.13946418323128,49.269723217393607,12.00000000000001,30.00000000000002,0.0,20.017553627349085,49.508528426471318,22.000000000000019,30.00000000000002,0.0,20.017507508138359,51.13389142246069,12.00000000000001,30.00000000000002,0.0,17.011195108981864,62.47131178132895,12.00000000000001,30.00000000000002,0.0,19.148101292206655,56.302235833066138,12.00000000000001,30.00000000000002,0.0,17.724948800871446,59.52916022788135,10.000000000000007,30.00000000000002,0.0,16.768402939025763,63.21429654381703,12.00000000000001,30.00000000000002,0.0,18.330604876046217,57.67740844264576,20.000000000000015,30.00000000000002,0.0,18.7317723702358,0.0,0.0,0.0,15.416329572640534,0.0,0.0,807.8807575721189,757.7758591223093,745.7048074665612,820.1209947077207,752.4936878620506,1079.6410062419832,790.3659008225,755.723406486163,792.0887589709387,0.0,80.22513320715564,80.22513320715564,60.00000000000004,0.0,60.00000000000004,60.00000000000004,12.0,12.0,12.0,19.0,12.0,12.0,21.0,10.0,0.0,0.0,0.0,0.0,0.0,0.0,0.0,0.0,0.0,0.0,0.0,0.0,0.0,80.22513320715564,80.22513320715564,0.0,0.0,0.0,80.22513320715564,0.0,0.0,0.0023033333333333336 
 04/07  23:00:00,7.28,87.0,5.37,0.0,0.0,0.0,0.0,0.0,2.0,0.0,0.0,0.0,0.0,0.0,0.0,2046.0,0.0,0.0,0.0,0.0,0.0,0.0,0.0,0.0,0.0,0.0,0.0,19.931855611356825,-230.0972496387726,19.786760915435857,-103.18755696581593,19.851594261392813,-226.01383179495952,19.565412492193933,-71.66589722183176,16.978042816306496,3.672374606955458,18.75520178030743,-28.67453404472701,17.768555465832955,-12.30711231521309,16.84848776789474,-92.61761761080868,17.87086155724482,-78.1019457815164,640.0688204362259,686.9324650205679,0.0,0.0,0.0,0.0,0.0,0.0,0.0,0.0,0.0,0.0,0.0,0.0,0.0,0.0,0.0,0.0,0.0,0.0,0.0,0.0,0.0,0.0,1.3535449570489009,0.4131700113091884,160.47488025600007,188.44209528727249,3947.388501433355,0.2571229104733569,0.03924342345441954,117.9015624901242,138.41173417474739,2933.0255491869299,1.3055359107905962,0.2466999075568021,136.3186442148316,160.0268681522959,3376.3323593034108,0.26111591701014105,0.04934163208808408,126.43096296133857,148.40899919966626,3114.503398565521,0.0,0.0,9.397781698875317,11.135524452193167,183.23267908986188,0.0,0.0,11.20451232032249,13.179123466290598,262.413237645269,0.0,0.0,142.06055546045617,167.97473030263846,2965.2757861875518,0.0,0.0,31.95204137627841,37.903191777939728,604.3038205908061,0.0,0.0,112.598139658143,133.00406152835735,2414.9248121160787,40.0072765148378,27.43983300057463,218.44054390010309,257.6315705969765,5700.610461656903,0.0,0.0,103.38673535354173,123.41809666954315,1606.318507277187,0.0,19.611451906031009,50.28249063700349,22.0,30.0,0.0,19.773674514684339,49.75946487312204,12.0,30.0,0.0,19.658397679308587,50.27381984872993,22.0,30.0,0.0,19.648089847507899,50.90268749650382,12.0,30.0,0.0,16.98045247964169,62.56069216500936,12.0,30.0,0.0,19.019409180984888,56.1611412423902,12.0,30.0,0.0,17.69554721861035,59.11392302096034,10.0,30.0,0.0,16.678585942184897,63.88784510986619,12.0,30.0,0.0,17.985062736172755,58.53213968205867,20.0,30.0,0.0,18.301351887251504,0.0,0.0,0.0,14.923355121978755,0.0,0.0,737.2593911999996,735.9986496720719,747.309510219929,765.3955787895386,768.249434829721,1092.1938486360605,783.1184131084349,781.4415669947263,789.9249951990294,0.0,80.22513320715557,80.22513320715557,60.0,0.0,60.0,60.0,12.0,12.0,12.0,19.0,12.0,12.0,21.0,10.0,0.0,0.0,0.0,0.0,0.0,0.0,0.0,0.0,0.0,0.0,0.0,0.0,0.0,80.22513320715557,80.22513320715557,0.0,0.0,0.0,80.22513320715557,0.0,0.0,0.0022966666666666666 
 04/07  23:10:00,7.218333333333334,87.33333333333333,5.461666666666667,0.0,0.0,0.0,0.0,0.0,2.0,0.0,0.0,0.0,0.0,0.0,0.0,2046.0,0.0,0.0,0.0,0.0,0.0,0.0,0.0,0.0,0.0,0.0,0.0,19.68124574880296,-76.69257410774844,19.617285553024197,-269.2734670051759,19.58160659442966,-219.15418481556754,19.403212190021159,-193.11001739935183,16.954196136300767,1.5227891181138774,18.677651887293665,-19.633007979178019,17.86692855579608,75.98738893413065,16.752168009129865,-130.31356845114397,17.75694220079947,-23.361104037528834,694.7317649097204,382.5765950589265,0.0,0.0,0.0,0.0,0.0,0.0,0.0,0.0,0.0,0.0,0.0,0.0,0.0,0.0,0.0,0.0,0.0,0.0,0.0,0.0,0.0,0.0,1.3087285690063384,0.39948979517898006,276.8771068651074,325.72506633086769,6679.245051775753,0.2348035498770515,0.035836927636912627,242.82119921196404,285.33939208396887,5943.003246677208,1.2556135394677833,0.2372663528850687,316.33666985617807,372.2368374291151,7602.913819525227,0.24396069739641225,0.04609990502577706,252.6589653027117,297.07626351071436,6127.008985232715,0.0,0.0,8.285388706620763,9.823891402414839,162.12070767758193,0.0,0.0,11.629722992889472,13.692445049311037,271.7162765212716,0.0,0.0,84.738278370718,100.19026366054138,1815.330638301918,0.0,0.0,31.392254730395825,37.25648058240452,588.8827098610324,0.0,0.0,40.69743000765423,48.20815298255631,866.8364702753652,39.914489161289868,27.376192840390865,470.7146025118334,555.5225890344552,11409.004610664906,0.0,0.0,53.44387187835605,63.944813748346088,776.0723465842693,0.0,19.285428714930107,50.96556932242715,22.0,30.0,0.0,19.53144140077242,49.54202435497595,12.0,30.0,0.0,19.248658172610548,50.84081747655651,22.0,30.0,0.0,19.394673593537406,50.41701540293877,12.0,30.0,0.0,16.95174855942732,62.15452106484483,12.0,30.0,0.0,18.923229359214277,55.709996517887358,12.0,30.0,0.0,17.923362645873156,56.538936570952177,10.0,30.0,0.0,16.5359523459066,64.25733618310966,12.0,30.0,0.0,17.835262538609304,57.914064202244379,20.0,30.0,0.0,18.421863875236299,0.0,0.0,0.0,14.347799721730299,0.0,0.0,729.7092053152559,712.0072831093111,724.5148492477646,727.2333804954958,769.051362612691,1085.998402496408,749.4458931607048,795.4224419057701,767.2243731283876,0.0,80.22513320715557,80.22513320715557,60.0,0.0,60.0,60.0,12.0,12.0,12.0,19.0,12.0,12.0,21.0,10.0,0.0,0.0,0.0,0.0,0.0,0.0,0.0,0.0,0.0,0.0,0.0,0.0,0.0,80.22513320715557,80.22513320715557,0.0,0.0,0.0,80.22513320715557,0.0,0.0,0.00229 
 04/07  23:20:00,7.156666666666668,87.66666666666667,5.553333333333334,0.0,0.0,0.0,0.0,0.0,2.0,0.0,0.0,0.0,0.0,0.0,0.0,2046.0,0.0,0.0,0.0,0.0,0.0,0.0,0.0,0.0,0.0,0.0,0.0,19.594263545157277,-205.67594256586745,19.36835278076477,-165.03467912859197,19.49476738831414,-305.27049840395969,19.183446127097484,-86.07313992725085,16.931095699209629,3.402081815556059,18.61792215776878,-16.88000353887736,17.900524459678548,45.68732389604202,16.64442038451029,-141.2336196336547,17.547708885936218,-281.1662014089334,655.7304494212694,672.6870421390806,0.0,0.0,0.0,0.0,0.0,0.0,0.0,0.0,0.0,0.0,0.0,0.0,0.0,0.0,0.0,0.0,0.0,0.0,0.0,0.0,0.0,0.0,1.2878854074307143,0.3931274137456393,293.4479420468007,345.3462665673353,7080.938799235075,0.24058373192987238,0.036719128804925577,228.1937097646598,268.67736817237906,5461.288172620774,1.2334406083791243,0.23307645660981197,249.58881511755795,293.5649673409569,5986.471303963303,0.2519202753934057,0.047603982500643546,219.329132786213,258.1470578708247,5213.211909241686,0.0,0.0,8.034882666961004,9.52176794546437,157.8266535539253,0.0,0.0,11.366972532268142,13.381045918872009,265.51647387957237,0.0,0.0,133.1749826300569,157.34351498246429,2889.362265234752,0.0,0.0,34.69162750968002,41.21036221668126,644.5574343546903,0.0,0.0,68.2848262388203,80.82342281726943,1414.2762290851766,40.108195610045658,27.509050486999777,422.00259254727566,498.31702336940608,10226.092307158686,0.0,0.0,93.50971662442967,111.81340577379624,1403.1852835149589,0.0,19.216750912494296,50.372815197573888,22.0,30.0,0.0,19.166832729764836,49.80914266683544,12.0,30.0,0.0,19.1883368244022,50.525688854233099,22.0,30.0,0.0,19.064957434076065,50.71054166279528,12.0,30.0,0.0,16.926595764741877,61.69873695546656,12.0,30.0,0.0,18.857770683568555,55.213714694576257,12.0,30.0,0.0,17.99017084525712,55.98756686680997,10.0,30.0,0.0,16.379034045080077,63.58132785752313,12.0,30.0,0.0,17.474932665995995,58.853968660207147,20.0,30.0,0.0,18.237883322770423,0.0,0.0,0.0,14.535371040112463,0.0,0.0,707.6676057627494,689.4821759872832,710.5911756118213,705.127465633699,767.1920650772815,1086.5680871422438,743.332900655936,780.5010146909644,768.6662715151965,0.0,80.22513320715557,80.22513320715557,60.0,0.0,60.0,60.0,12.0,12.0,12.0,19.0,12.0,12.0,21.0,10.0,0.0,0.0,0.0,0.0,0.0,0.0,0.0,0.0,0.0,0.0,0.0,0.0,0.0,80.22513320715557,80.22513320715557,0.0,0.0,0.0,80.22513320715557,0.0,0.0,0.0022933333333333336 
 04/07  23:30:00,7.095000000000001,88.0,5.645,0.0,0.0,0.0,0.0,0.0,2.0,0.0,0.0,0.0,0.0,0.0,0.0,2046.0,0.0,0.0,0.0,0.0,0.0,0.0,0.0,0.0,0.0,0.0,0.0,19.364087861824485,-118.10720145694723,19.2924350196162,-221.70886822620015,19.279633844644406,-187.89191469825165,19.11439764468151,-175.95241440621067,16.9110865719939,4.984299066986964,18.55319748903547,-21.863656904748838,17.81167096148513,-60.283983915054708,16.59197815360649,-102.70407173445273,17.272860897937944,-409.6749517343717,637.8619825389415,871.446218686156,0.0,0.0,0.0,0.0,0.0,0.0,0.0,0.0,0.0,0.0,0.0,0.0,0.0,0.0,0.0,0.0,0.0,0.0,0.0,0.0,0.0,0.0,1.2824263551517557,0.39146103637110987,266.90266069274676,314.5220827214233,6308.867292751884,0.22878896500261035,0.03491895070247411,235.4273688075844,277.12250075797,5634.035229977137,1.2473022160473864,0.23569580802104815,259.4780458467126,305.8299283720319,6125.831819457496,0.24156668538673432,0.04564752180399362,243.52022211830599,286.8302348281851,5779.773293794542,0.0,0.0,7.649773965738326,9.074186691445313,150.9458584641734,0.0,0.0,11.935393192439215,14.06275278761527,278.5511104443649,0.0,0.0,173.2138820396474,204.82194527931598,3725.022418834402,0.0,0.0,31.488365033589234,37.415647670167519,586.2716005201036,0.0,0.0,111.4938971913032,132.1792917461497,2227.2150726395595,40.276231491086978,27.624301434216038,452.8033210896223,535.1688851501083,10854.559911461842,0.0,0.0,136.27568990044194,162.84681191247464,2117.3808721368716,0.0,18.90025723833865,50.7562185651111,22.0,30.0,0.0,19.11442772628142,49.42862316966455,12.0,30.0,0.0,18.888163007106987,50.693073296891459,22.0,30.0,0.0,18.994995022237285,50.03726819498237,12.0,30.0,0.0,16.908538335425566,61.10911281471803,12.0,30.0,0.0,18.780610980638124,54.791529742699797,12.0,30.0,0.0,17.82241877469471,56.16747933451301,10.0,30.0,0.0,16.33541326610565,62.75864746803062,12.0,30.0,0.0,17.031603157542816,59.69472517714556,20.0,30.0,0.0,18.121894384106299,0.0,0.0,0.0,14.746487900540496,0.0,0.0,693.2432816934922,676.111528582228,688.6805022547313,680.7131151492157,760.720739115761,1073.9034775664489,738.6375155051567,763.2595768368274,755.4052859583103,0.0,80.22513320715557,80.22513320715557,60.0,0.0,60.0,60.0,12.0,12.0,12.0,19.0,12.0,12.0,21.0,10.0,0.0,0.0,0.0,0.0,0.0,0.0,0.0,0.0,0.0,0.0,0.0,0.0,0.0,80.22513320715557,80.22513320715557,0.0,0.0,0.0,80.22513320715557,0.0,0.0,0.0022966666666666666 
 04/07  23:40:00,7.033333333333333,88.33333333333333,5.736666666666666,0.0,0.0,0.0,0.0,0.0,2.0,0.0,0.0,0.0,0.0,0.0,0.0,2046.0,0.0,0.0,0.0,0.0,0.0,0.0,0.0,0.0,0.0,0.0,0.0,19.292409311465506,-229.7841241499309,19.106036673942695,-151.79152638080815,19.242033536797054,-263.90400704608057,18.94530533660989,-96.7458132054021,16.888352035613104,4.270312890799289,18.494292505627408,-29.17076625268649,17.659259552200429,-64.73119450417699,16.560268211610514,-85.32337064710964,17.025879539838088,-384.486307269392,623.3381577693917,859.314153203235,0.0,0.0,0.0,0.0,0.0,0.0,0.0,0.0,0.0,0.0,0.0,0.0,0.0,0.0,0.0,0.0,0.0,0.0,0.0,0.0,0.0,0.0,1.2741404647007567,0.38893176578167179,289.4005024475889,341.0895913610316,6852.678149709454,0.23319618002694166,0.03559160256821454,236.54203250233526,278.9213891865828,5577.487948481121,1.1985920310758487,0.22649131350639629,240.36396462165556,283.15515740717128,5712.171596423324,0.24446250885351379,0.04619472956415603,237.56005659984982,280.0395599488412,5562.927938892932,0.0,0.0,7.600646345063241,9.010975801588396,150.58988838975194,0.0,0.0,12.412068743825224,14.625117926626693,289.6127691115597,0.0,0.0,182.25943899632655,215.7254961477911,3849.8330927579365,0.0,0.0,26.8977013339644,31.96888784007054,503.62632969809519,0.0,0.0,123.09101027214436,146.15282704648218,2387.196466763444,40.51504868984071,27.788099238573886,447.3649952712234,528.9351013646725,10692.606748950951,0.0,0.0,145.1458207084733,173.49736415485288,2268.859563748444,0.0,18.85728135988316,50.06788788176229,22.0,30.0,0.0,18.85490970331408,49.48886818768928,12.0,30.0,0.0,18.91034430542354,50.2247299007636,22.0,30.0,0.0,18.75483195200669,50.29532204152078,12.0,30.0,0.0,16.885925419315777,60.69465783282948,12.0,30.0,0.0,18.714412098048965,54.399734864949028,12.0,30.0,0.0,17.564496312560068,56.46422750499799,10.0,30.0,0.0,16.32547425820883,61.99853563898871,12.0,30.0,0.0,16.666747673664778,60.389310133726,20.0,30.0,0.0,18.001405396180119,0.0,0.0,0.0,14.724722015620057,0.0,0.0,671.8112526449022,657.020008024129,678.46458327819,667.41045561245,758.9081991553675,1065.1133876725267,727.1452935487266,749.2603123186041,744.1140741445261,0.0,80.22513320715557,80.22513320715557,60.0,0.0,60.0,60.0,12.0,12.0,12.0,19.0,12.0,12.0,21.0,10.0,0.0,0.0,0.0,0.0,0.0,0.0,0.0,0.0,0.0,0.0,0.0,0.0,0.0,80.22513320715557,80.22513320715557,0.0,0.0,0.0,80.22513320715557,0.0,0.0,0.0023 
 04/07  23:50:00,6.971666666666667,88.66666666666667,5.828333333333333,0.0,0.0,0.0,0.0,0.0,2.0,0.0,0.0,0.0,0.0,0.0,0.0,2046.0,0.0,0.0,0.0,0.0,0.0,0.0,0.0,0.0,0.0,0.0,0.0,19.13050545270809,-81.80599426463869,19.06140094356961,-199.1074977370754,19.0347367807433,-232.0593100728338,18.905777883189424,-172.0086387191095,16.86418437236842,3.681923290121631,18.429135070793309,-32.78936590810483,17.562463699680728,-97.00320135516268,16.536681315475897,-77.43568642825523,16.839603496306756,-376.57835160341826,609.9121574470119,856.2694619201379,0.0,0.0,0.0,0.0,0.0,0.0,0.0,0.0,0.0,0.0,0.0,0.0,0.0,0.0,0.0,0.0,0.0,0.0,0.0,0.0,0.0,0.0,1.2548812825985785,0.3830528945661107,258.724294421037,305.2459145854557,6064.3064251870259,0.23066188860610599,0.03520480595331288,225.52723507225793,265.84288233504585,5344.870509210523,1.2048600650476358,0.22767574925314366,346.5863829476962,408.97689774588158,8072.64331498354,0.23480863289574339,0.04437048996518203,255.60168945765515,301.4062864463559,6005.051730922143,0.0,0.0,7.4514582867354879,8.842347997478623,148.2119669977044,0.0,0.0,12.501951102788752,14.741779301150006,291.42524158990786,0.0,0.0,187.65431150067838,222.25114313113233,3937.106160340344,0.0,0.0,23.17548699643315,27.544756476942199,436.8825344964829,0.0,0.0,130.32392823863169,154.86809349024856,2479.150370725757,40.75097250256617,27.949912553200404,454.34671274087546,537.6588536272038,10806.266716614042,0.0,0.0,150.31204365597123,179.72252450460315,2345.6359611186746,0.0,18.67519213490857,50.67551596453694,22.0,30.0,0.0,18.852708234744474,48.82099855203356,12.0,30.0,0.0,18.605596995960469,50.340288783422398,22.0,30.0,0.0,18.739361846850245,49.87924380043059,12.0,30.0,0.0,16.861519577674984,60.072136754530408,12.0,30.0,0.0,18.636588623311938,53.97805735991444,12.0,30.0,0.0,17.423937355263683,56.43961159802697,10.0,30.0,0.0,16.326494614410814,61.45937335966022,12.0,30.0,0.0,16.414648923342605,60.677901678952498,20.0,30.0,0.0,17.893413750771779,0.0,0.0,0.0,14.654090352844055,0.0,0.0,674.025710369928,639.5301812645853,656.2174063175642,655.6957515699548,747.3764154433479,1047.2628413153535,717.6945835227793,741.2653285842652,732.6999048932105,0.0,80.22513320715557,80.22513320715557,60.0,0.0,60.0,60.0,12.0,12.0,12.0,19.0,12.0,12.0,21.0,10.0,0.0,0.0,0.0,0.0,0.0,0.0,0.0,0.0,0.0,0.0,0.0,0.0,0.0,80.22513320715557,80.22513320715557,0.0,0.0,0.0,80.22513320715557,0.0,0.0,0.0023066666666666667 
 04/07  24:00:00,6.91,89.0,5.92,0.0,0.0,0.0,0.0,0.0,2.0,0.0,0.0,0.0,0.0,0.0,0.0,2046.0,0.0,0.0,0.0,0.0,0.0,0.0,0.0,0.0,0.0,0.0,0.0,19.06530044234784,-225.38131799006806,18.90138641863234,-156.17592138754254,19.02052942863294,-253.2021941770863,18.753415166168759,-106.55837243960559,16.838912114691447,3.058767901272958,18.37214155296686,-35.95369512266802,17.43565364034852,-87.3885153233864,16.514417373454447,-65.71467352676439,16.678430557023384,-356.76570598216497,600.4373700291599,837.0154651962139,0.0,0.0,0.0,0.0,0.0,0.0,0.0,0.0,0.0,0.0,0.0,0.0,0.0,0.0,0.0,0.0,0.0,0.0,0.0,0.0,0.0,0.0,1.2457437499925468,0.3802636599488849,286.7854191813317,338.3955036017375,6735.299856090765,0.2272822566328398,0.034688989107576288,232.46993439801794,274.4297815308509,5439.564616240563,1.1696297049955465,0.221018462773157,237.53732946458369,280.1401354969584,5594.596306368514,0.23862060980068312,0.04509081817851154,235.3906090638197,277.79249217831548,5467.052544656215,0.0,0.0,7.2944443456940679,8.65213470542466,145.63138476123664,0.0,0.0,12.776968898317147,15.06831316286376,297.8779279019693,0.0,0.0,188.83585356084917,223.83052332699504,3914.3254637577836,0.0,0.0,19.645146325738695,23.35617531484869,372.80735490476317,0.0,0.0,134.70407314840618,160.23439970739248,2524.815701403044,41.00493366477436,28.124097163768434,440.6520536392927,521.5492922523642,10475.801923942698,0.0,0.0,152.0313506737166,181.87174190124183,2370.5455636246317,0.0,18.625579044283414,49.55735458237836,22.0,30.0,0.0,18.631986115500795,48.8034597432885,12.0,30.0,0.0,18.670214900588108,49.881554219311698,22.0,30.0,0.0,18.525515616277504,49.78911397615145,12.0,30.0,0.0,16.835856569787916,59.625842250069009,12.0,30.0,0.0,18.57433792923826,53.5573518123289,12.0,30.0,0.0,17.231197989128505,56.38004211739466,10.0,30.0,0.0,16.32739957747759,60.81706166771142,12.0,30.0,0.0,16.205955836370735,60.88421697579312,20.0,30.0,0.0,17.785512306059773,0.0,0.0,0.0,14.580164480755743,0.0,0.0,640.7826160583534,621.6465897739723,650.3700132974125,636.01306393676,742.3173692528492,1034.1074658580399,702.2788466352331,729.882661054425,722.5579289971838,0.0,80.22513320715557,80.22513320715557,60.0,0.0,60.0,60.0,12.0,12.0,12.0,19.0,12.0,12.0,21.0,10.0,0.0,0.0,0.0,0.0,0.0,0.0,0.0,0.0,0.0,0.0,0.0,0.0,0.0,80.22513320715557,80.22513320715557,0.0,0.0,0.0,80.22513320715557,0.0,0.0,0.0023133333333333336 
 04/08  00:10:00,6.901666666666667,89.0,5.986666666666666,0.0,0.0,0.0,0.0,0.0,2.0,2.0,0.0,0.0,0.0,0.0,0.0,2046.0,0.0,0.0,0.0,0.0,0.0,0.0,0.0,0.0,0.0,0.0,0.0,18.929797357853553,-73.49627161551325,18.870661119343877,-190.98713673448493,18.83261067847824,-229.63623916577763,18.729203749825783,-169.7840787323712,16.811023883481047,1.200978389255937,18.315821054298718,-30.9245299466522,17.550390639350107,56.5148405237685,16.450413218453805,-116.07831942853528,16.728382250725539,-140.62818773964455,585.7277674987163,483.87654086571106,0.0,0.0,0.0,0.0,0.0,0.0,0.0,0.0,0.0,0.0,0.0,0.0,0.0,0.0,0.0,0.0,0.0,0.0,0.0,0.0,0.0,0.0,1.2401881609178656,0.37856781468799319,248.89763272550057,293.94472064793737,5777.662603994904,0.2291409385154235,0.03497267071358723,216.93233042543546,255.98161392842366,5087.714951211812,1.1915544838384263,0.2251614670896498,351.67905611031576,415.40558246299829,8097.910911373936,0.23243964206328444,0.043922834857007628,253.8168882870383,299.60341866387219,5900.3426909416289,0.0,0.0,7.265356357116268,8.625666314987969,144.76278498359739,0.0,0.0,11.977588603801913,14.133855411936516,278.0128772568678,0.0,0.0,87.57924781999449,103.74327296168431,1865.5440146125475,0.0,0.0,25.579290997653197,30.422138944796303,481.56079855479666,0.0,0.0,29.968669000977167,35.627806518802838,572.2579148743942,41.10662718997881,28.193845809313318,443.48624556872746,525.3299301481404,10462.236418929713,0.0,0.0,67.50781748573579,80.92962075768614,977.6540246137279,0.0,18.482930032354106,50.109377671909928,22.0,30.0,0.0,18.648173915917064,48.23304279956548,12.0,30.0,0.0,18.39399061857157,49.93367249151318,22.0,30.0,0.0,18.53628861371506,49.395587418258077,12.0,30.0,0.0,16.805893202479916,58.74408067947424,12.0,30.0,0.0,18.51083842744216,53.02426833864382,12.0,30.0,0.0,17.519527942447654,54.12574561973952,10.0,30.0,0.0,16.240590223451016,60.293662436911208,12.0,30.0,0.0,16.37968051130902,59.764054104951927,20.0,30.0,0.0,17.696080213315044,0.0,0.0,0.0,14.01212042588842,0.0,0.0,644.8099838199877,608.6628035083089,630.5341297807052,628.9029841571016,722.3410182361029,1024.6965842703317,677.7575401924888,716.237885695991,772.9849866250622,0.0,80.22513320715557,80.22513320715557,60.0,0.0,60.0,60.0,12.0,12.0,12.0,19.0,12.0,12.0,21.0,10.0,0.0,0.0,0.0,0.0,0.0,0.0,0.0,0.0,0.0,0.0,0.0,0.0,0.0,80.22513320715557,80.22513320715557,0.0,0.0,0.0,80.22513320715557,0.0,0.0,0.0023199999999999997 
 04/08  00:20:00,6.893333333333334,89.0,6.053333333333334,0.0,0.0,0.0,0.0,0.0,2.0,2.0,0.0,0.0,0.0,0.0,0.0,2046.0,0.0,0.0,0.0,0.0,0.0,0.0,0.0,0.0,0.0,0.0,0.0,18.885903582041658,-210.71491175256234,18.728899114734504,-151.00398917434314,18.833850145008886,-242.81554520124019,18.59294569779255,-106.0161814541425,16.782432551924665,0.6995402563257045,18.270208395460899,-26.64177444434472,17.576837746425136,25.796092431185799,16.35962088505035,-135.08334633244915,16.812374861444075,-143.7687177097137,579.0863905071601,529.1385002365252,0.0,0.0,0.0,0.0,0.0,0.0,0.0,0.0,0.0,0.0,0.0,0.0,0.0,0.0,0.0,0.0,0.0,0.0,0.0,0.0,0.0,0.0,1.2379050671717625,0.3778708996250801,276.35659138936208,326.3701229689044,6411.73204721209,0.22658023217705099,0.034581842517864929,228.13917029446436,269.56113952545288,5268.155776468879,1.1671807774969858,0.2205557024748651,235.25052612955387,277.7186882628071,5464.947935463569,0.23703539433818439,0.04479126877138781,232.40024802384503,274.52687236046526,5326.199305101929,0.0,0.0,7.198399939327091,8.54363898890046,143.12866659178332,0.0,0.0,11.752119482213184,13.869374604647098,271.96814647243766,0.0,0.0,87.64242271308068,103.78168728182085,1880.2073922806972,0.0,0.0,30.434100621850676,36.225316366545069,565.8286630764233,0.0,0.0,28.989513209052235,34.442673577799897,564.8326337249418,41.21136090627868,28.265679633936004,433.52650669563016,513.5610768346829,10191.114074549201,0.0,0.0,69.80452181339382,83.72484245040494,996.6123598833874,0.0,18.461775653042886,48.887111995555489,22.0,30.0,0.0,18.452592048111187,48.2047258195216,12.0,30.0,0.0,18.48120822853801,49.40836525486978,22.0,30.0,0.0,18.347354018561469,49.23995486248309,12.0,30.0,0.0,16.775613801867715,58.18132798787505,12.0,30.0,0.0,18.466041188003655,52.552760530550418,12.0,30.0,0.0,17.58308996432227,52.9359550039412,10.0,30.0,0.0,16.110406706616076,59.645551896182087,12.0,30.0,0.0,16.568356661431026,58.25854794720297,20.0,30.0,0.0,17.620541626613134,0.0,0.0,0.0,13.899512267551243,0.0,0.0,612.3004034963002,593.689541690672,626.5871926097118,613.2872667319737,716.450169789317,1027.4961791624988,662.2015776263602,696.3254824874363,798.1128619578999,0.0,80.22513320715557,80.22513320715557,60.0,0.0,60.0,60.0,12.0,12.0,12.0,19.0,12.0,12.0,21.0,10.0,0.0,0.0,0.0,0.0,0.0,0.0,0.0,0.0,0.0,0.0,0.0,0.0,0.0,80.22513320715557,80.22513320715557,0.0,0.0,0.0,80.22513320715557,0.0,0.0,0.0023166666666666667 
 04/08  00:30:00,6.885,89.0,6.12,0.0,0.0,0.0,0.0,0.0,2.0,2.0,0.0,0.0,0.0,0.0,0.0,2046.0,0.0,0.0,0.0,0.0,0.0,0.0,0.0,0.0,0.0,0.0,0.0,18.75925653451014,-72.84581292482835,18.709198437075125,-182.79575788076773,18.664005131393404,-221.48448053339235,18.58118447519754,-162.69219761660953,16.754128855980889,0.5869593741135901,18.22411337943609,-23.34606454054014,17.59178154990701,3.523730450571975,16.269540594420016,-144.92091933699704,16.866392037293808,-138.35536988186329,569.1820257997943,537.0878247492747,0.0,0.0,0.0,0.0,0.0,0.0,0.0,0.0,0.0,0.0,0.0,0.0,0.0,0.0,0.0,0.0,0.0,0.0,0.0,0.0,0.0,0.0,1.2229354020167045,0.37330140476700388,243.72650958526664,288.0918196475726,5590.35012444401,0.2259279986334013,0.03448229527371815,213.9675271502436,252.70462142568707,4958.559253595862,1.1755962946108154,0.22214593624543006,339.40541319270155,401.24070633039607,7723.417377821706,0.2286649874866798,0.04320955923784575,247.73918844063554,292.67391289620118,5692.672925488157,0.0,0.0,7.2476403720711,8.609709691258736,143.835063877765,0.0,0.0,11.383849193877474,13.44236240445718,262.62268594663979,0.0,0.0,87.05615993935996,103.1209296998075,1876.770033244397,0.0,0.0,32.90090469982525,39.18062609508048,604.3051649843858,0.0,0.0,26.563765686819559,31.55767531439984,524.3360118014192,41.319757953082419,28.340026030920734,435.047922436636,515.7368705453781,10164.159319469767,0.0,0.0,68.83734304521627,82.61502348045178,970.490626414087,0.0,18.32128379031998,49.42864769975529,22.0,30.0,0.0,18.48414860928905,47.66395509964681,12.0,30.0,0.0,18.233006378492726,49.378229871019787,22.0,30.0,0.0,18.37885852471127,48.823465769282368,12.0,30.0,0.0,16.746695219596178,57.32698645429957,12.0,30.0,0.0,18.4185782187876,51.9850377025523,12.0,30.0,0.0,17.63118411587369,52.38955174006169,10.0,30.0,0.0,15.9870666448037,59.218595662869677,12.0,30.0,0.0,16.692628191035334,57.122972991059558,20.0,30.0,0.0,17.546665249157085,0.0,0.0,0.0,13.800311473047256,0.0,0.0,618.2437970189444,584.0641048878409,608.9494224860819,608.5744007795097,698.6451370757197,1026.1891524570356,658.455225302522,684.8613926141245,809.4629732547787,0.0,80.22513320715557,80.22513320715557,60.0,0.0,60.0,60.0,12.0,12.0,12.0,19.0,12.0,12.0,21.0,10.0,0.0,0.0,0.0,0.0,0.0,0.0,0.0,0.0,0.0,0.0,0.0,0.0,0.0,80.22513320715557,80.22513320715557,0.0,0.0,0.0,80.22513320715557,0.0,0.0,0.0023133333333333336 
 04/08  00:40:00,6.876666666666667,89.0,6.1866666666666669,0.0,0.0,0.0,0.0,0.0,2.0,2.0,0.0,0.0,0.0,0.0,0.0,2046.0,0.0,0.0,0.0,0.0,0.0,0.0,0.0,0.0,0.0,0.0,0.0,18.72517363620468,-202.95274514712583,18.576667002517419,-148.14653541667077,18.672606217782577,-233.52653665287063,18.45511913638979,-106.00141003107956,16.724661409714515,0.12460445974249979,18.18403313580419,-21.508482309029007,17.54435848533869,3.3674341028131495,16.180857912843608,-149.72910529814113,16.906076235531537,-132.92455112941929,564.119676121456,537.8754215783281,0.0,0.0,0.0,0.0,0.0,0.0,0.0,0.0,0.0,0.0,0.0,0.0,0.0,0.0,0.0,0.0,0.0,0.0,0.0,0.0,0.0,0.0,1.215052002035823,0.3708949945164296,268.1156576483802,316.89495983476419,6154.4962547103809,0.2230032241027435,0.034035901114582347,221.1808243805509,261.54959409145467,5050.850520068116,1.1453057979217385,0.2164221084508199,230.60851271189797,272.4683533163169,5297.827051747405,0.23194540065762504,0.043829440789422708,227.42711837230798,268.87108755116688,5157.517404062131,0.0,0.0,7.200308675225134,8.550760944287921,142.59148977478206,0.0,0.0,11.36299494951841,13.419192817066888,261.5274179290485,0.0,0.0,85.58781698563957,101.3902179456689,1835.2528102052282,0.0,0.0,34.721247836044437,41.376368401213678,630.4428843040788,0.0,0.0,24.754953810082939,29.398802153338744,493.62931807540266,41.430401506424427,28.41591324171772,422.1212925493215,500.43944816389628,9838.320939623238,0.0,0.0,68.069133859711,81.72350080223726,949.1703724071439,0.0,18.31503303781993,48.29291734199957,22.0,30.0,0.0,18.300164577691967,47.62978468297139,12.0,30.0,0.0,18.32810209362303,48.875964043602298,22.0,30.0,0.0,18.20406481452585,48.64699938286844,12.0,30.0,0.0,16.71616925719983,56.821802702870119,12.0,30.0,0.0,18.381396636255447,51.51222013725965,12.0,30.0,0.0,17.56117211474777,51.74524774036908,10.0,30.0,0.0,15.869693820477473,58.84819543892983,12.0,30.0,0.0,16.78588937359865,56.08762857019823,20.0,30.0,0.0,17.47637220467927,0.0,0.0,0.0,13.713477366186539,0.0,0.0,588.5004146304284,570.1091083958911,607.5595653541432,593.9617343133594,692.9180802912647,1027.7040156725369,640.7333440955613,674.0937821874652,815.009061037016,0.0,80.22513320715557,80.22513320715557,60.0,0.0,60.0,60.0,12.0,12.0,12.0,19.0,12.0,12.0,21.0,10.0,0.0,0.0,0.0,0.0,0.0,0.0,0.0,0.0,0.0,0.0,0.0,0.0,0.0,80.22513320715557,80.22513320715557,0.0,0.0,0.0,80.22513320715557,0.0,0.0,0.0023100000000000006 
 04/08  00:50:00,6.868333333333333,89.0,6.253333333333334,0.0,0.0,0.0,0.0,0.0,2.0,2.0,0.0,0.0,0.0,0.0,0.0,1023.0,0.0,0.0,0.0,0.0,0.0,0.0,0.0,0.0,0.0,0.0,0.0,18.71300721041957,-42.149996958500199,18.483691402733315,-245.46764640546736,18.665706843900368,-63.956469980950718,18.376731143556325,-197.5089060230939,16.691926008058397,-0.13075975821553244,18.139755592328677,-16.375726024602785,17.49429310100684,-21.20644206282759,16.09507872518348,-145.48304944265693,16.936706693234059,-125.3441828512614,524.677444632036,539.7475453066531,0.0,0.0,0.0,0.0,0.0,0.0,0.0,0.0,0.0,0.0,0.0,0.0,0.0,0.0,0.0,0.0,0.0,0.0,0.0,0.0,0.0,0.0,1.2117172295519939,0.3698770541978003,243.1197039883795,286.5452373832057,5627.9361547752109,0.20085927995560469,0.030656178259402427,188.55764835788384,222.54983457954809,4269.2038540418529,1.1727210363050467,0.2216026145701147,173.51584473831142,204.42824441409287,4024.9523773225484,0.20191062301462277,0.038153934810019409,169.87758457901257,200.55489921604906,3820.0021230479644,0.0,0.0,6.530910004164103,7.739711570221253,129.04427595756483,0.0,0.0,10.87792576180137,12.817230151980822,249.69704126041376,0.0,0.0,79.0171143105412,93.42796109465805,1685.042409027558,0.0,0.0,35.214799646069788,41.87420475664022,632.6606783595055,0.0,0.0,22.936095448354949,27.166945092691486,461.1951351793752,41.50750510296446,28.46879636691665,312.45537464254837,369.82249036460947,7404.889452641922,0.0,0.0,66.57348307574365,79.75023961767704,919.1394822427463,0.0,18.396393841388638,48.521410469080887,22.0,30.0,0.0,18.18049620363715,46.04612726416985,12.0,30.0,0.0,18.39920172047373,50.305093795736478,22.0,30.0,0.0,18.09867202830563,46.370140648890757,12.0,30.0,0.0,16.67977890087706,56.30722446441877,12.0,30.0,0.0,18.335100376441177,51.03711477297557,12.0,30.0,0.0,17.489537170187917,51.03416725970129,10.0,30.0,0.0,15.759262762856859,58.58772074843696,12.0,30.0,0.0,16.859718767806574,55.19714164120679,20.0,30.0,0.0,17.30950797958666,0.0,0.0,0.0,13.63221381254367,0.0,0.0,603.5342167924549,517.1580079510089,659.5155294906892,522.4032245181182,685.0530685313704,1028.2377768451086,620.3959896732605,663.7553455529989,819.586453402714,0.0,80.22513320715557,80.22513320715557,60.0,0.0,60.0,60.0,12.0,12.0,12.0,19.0,12.0,12.0,21.0,10.0,0.0,0.0,0.0,0.0,0.0,0.0,0.0,0.0,0.0,0.0,0.0,0.0,0.0,80.22513320715557,80.22513320715557,0.0,0.0,0.0,80.22513320715557,0.0,0.0,0.0022933333333333336 
 04/08  01:00:00,6.86,89.0,6.32,0.0,0.0,0.0,0.0,0.0,2.0,2.0,0.0,0.0,0.0,0.0,0.0,2046.0,0.0,0.0,0.0,0.0,0.0,0.0,0.0,0.0,0.0,0.0,0.0,18.59891183857764,-136.17654234129896,18.47568144096778,-82.96037942115936,18.507724177207075,-267.3660289060581,18.37047896267511,-95.25467133441316,16.66558427920569,0.011543776236464965,18.10258651721314,-20.354337272904048,17.48607945238625,7.88051711212006,16.029940843914198,-153.61050480058203,16.942896792464638,-125.01228378585972,549.6209043325307,538.6930647013116,0.0,0.0,0.0,0.0,0.0,0.0,0.0,0.0,0.0,0.0,0.0,0.0,0.0,0.0,0.0,0.0,0.0,0.0,0.0,0.0,0.0,0.0,1.1867081254232819,0.3622430175284744,204.46854049340522,241.97066228410854,4662.508957639728,0.2331690186494883,0.03558745705883522,165.45739726425357,195.74574645982589,3773.8979221021165,1.145739338476218,0.2165040322139491,312.3974292178659,369.62960258232058,7065.657186937871,0.23299403625510918,0.04402759566423074,216.33295662086565,255.91317614759846,4897.430608937915,0.0,0.0,7.445856761391703,8.851374525965515,146.86759444756422,0.0,0.0,10.92417575996338,12.91084066172808,250.1478869184625,0.0,0.0,86.63398013980273,102.69977145858319,1851.5658047513212,0.0,0.0,36.37899777052123,43.38517615684681,648.9648593930313,0.0,0.0,22.348136881596095,26.544838582579538,450.624054845332,41.742033645556379,28.62965270614293,363.15107054323297,431.1166027900762,8502.63245259771,0.0,0.0,66.59784691519298,80.0260378172062,910.2797223982859,0.0,18.217335719612067,48.41173509940599,22.0,30.0,0.0,18.25205836380468,47.43450397836752,12.0,30.0,0.0,18.135811381634889,48.599480680336728,22.0,30.0,0.0,18.165006656559837,48.517728887222109,12.0,30.0,0.0,16.65680638127209,55.8550709930887,12.0,30.0,0.0,18.301338334070097,50.73139763127653,12.0,30.0,0.0,17.508194293223235,51.47364810427776,10.0,30.0,0.0,15.689202692873398,58.63276173812945,12.0,30.0,0.0,16.88403016315079,54.82851701539432,20.0,30.0,0.0,17.325388070611586,0.0,0.0,0.0,13.55641657993373,0.0,0.0,588.0315216720799,563.1363357286095,587.5422200719368,591.7040033917353,672.8343531168729,1026.748654909376,632.7510014797722,660.3813318563016,821.0437830939636,0.0,80.22513320715557,80.22513320715557,60.0,0.0,60.0,60.0,12.0,12.0,12.0,19.0,12.0,12.0,21.0,10.0,0.0,0.0,0.0,0.0,0.0,0.0,0.0,0.0,0.0,0.0,0.0,0.0,0.0,80.22513320715557,80.22513320715557,0.0,0.0,0.0,80.22513320715557,0.0,0.0,0.0022766666666666666 
 04/08  01:10:00,6.921666666666667,88.33333333333334,6.346666666666668,0.0,0.0,0.0,0.0,0.0,2.0,2.0,0.0,0.0,0.0,0.0,0.0,2046.0,0.0,0.0,0.0,0.0,0.0,0.0,0.0,0.0,0.0,0.0,0.0,18.53455585328127,-178.7592080288582,18.387268212612807,-138.97107038735886,18.474353685747589,-252.9341101438331,18.26703317978248,-116.00445533597804,16.63472147361439,-0.6823522410637253,18.065319022549077,-18.563320172566735,17.441503041504459,-2.7931845470029659,15.950667259159406,-160.8833565185646,16.95379455217958,-114.34323950353883,542.6546714998694,532.1083806255385,0.0,0.0,0.0,0.0,0.0,0.0,0.0,0.0,0.0,0.0,0.0,0.0,0.0,0.0,0.0,0.0,0.0,0.0,0.0,0.0,0.0,0.0,1.170492308458376,0.35729313445005375,234.28231573353157,277.12864824002465,5281.938541492258,0.215935543773009,0.03295719532555083,202.81366818522367,240.04788881801103,4548.744780882324,1.1371909802396668,0.21488869619041327,282.5442697941407,334.3451180969589,6372.4459761050279,0.22486203834978303,0.04249093695196201,227.99625128083219,269.9018987075592,5063.356622003072,0.0,0.0,7.306702724914109,8.684852789114359,142.78180241874328,0.0,0.0,10.936088481827142,12.927492329338073,248.33012284322997,0.0,0.0,84.27429127961959,99.92232641296298,1781.489780600914,0.0,0.0,37.951073622376338,45.28981286312825,665.0901696817385,0.0,0.0,20.19995423606607,23.988984902481236,406.2274909427033,41.593380263629857,28.527695654067128,404.57934847288416,480.19041437357807,9266.154698326234,0.0,0.0,65.33560393964815,78.5429947049334,874.8309438074257,0.0,18.161931175780908,47.59428884599768,22.0,30.0,0.0,18.12892003676899,47.17133724117235,12.0,30.0,0.0,18.14625450177494,47.89622015329666,22.0,30.0,0.0,18.01023098500012,47.96177631855763,12.0,30.0,0.0,16.62522547012717,55.429171654820468,12.0,30.0,0.0,18.264665171803459,50.32834237348539,12.0,30.0,0.0,17.448933786081026,50.90449324585293,10.0,30.0,0.0,15.59044188876989,58.340247339137508,12.0,30.0,0.0,16.917958282781627,54.23555363211993,20.0,30.0,0.0,17.285796477313597,0.0,0.0,0.0,13.47818497208558,0.0,0.0,562.5643778768733,549.1011597122326,572.696930796048,566.6947563305262,663.6735132733982,1023.5754885101626,616.2490575890573,649.8185093357517,825.6828587828172,0.0,80.22513320715557,80.22513320715557,60.0,0.0,60.0,60.0,12.0,12.0,12.0,19.0,12.0,12.0,21.0,10.0,0.0,0.0,0.0,0.0,0.0,0.0,0.0,0.0,0.0,0.0,0.0,0.0,0.0,80.22513320715557,80.22513320715557,0.0,0.0,0.0,80.22513320715557,0.0,0.0,0.00226 
 04/08  01:20:00,6.983333333333334,87.66666666666667,6.373333333333334,0.0,0.0,0.0,0.0,0.0,2.0,2.0,0.0,0.0,0.0,0.0,0.0,1023.0,0.0,0.0,0.0,0.0,0.0,0.0,0.0,0.0,0.0,0.0,0.0,18.520223236004378,-33.90857834972576,18.30044089989505,-238.80507976917034,18.463143290739397,-62.81506989292211,18.20988662763496,-183.06360449503974,16.60052867725001,-1.1018286793036794,18.025530533600894,-13.953794106195858,17.382874816931055,-25.74412974486586,15.873932473832092,-155.41403625531849,16.96259847978815,-104.62674406910651,492.496060343874,530.5666640069417,0.0,0.0,0.0,0.0,0.0,0.0,0.0,0.0,0.0,0.0,0.0,0.0,0.0,0.0,0.0,0.0,0.0,0.0,0.0,0.0,0.0,0.0,1.1591453238409447,0.3538294639319123,199.78850330133114,235.74790684360685,4519.67826656137,0.19296986125984579,0.02945205452683849,176.05816377794486,208.01612334554666,3889.4422464713395,1.1286388432581796,0.21327264611832578,157.64143835052506,185.99163937926793,3563.9772671394568,0.2002288942107421,0.03783614781004196,149.3373798011403,176.48367665480985,3280.1926768585669,0.0,0.0,6.529532952514939,7.745672119747121,126.37489355751907,0.0,0.0,10.557443917760168,12.452741097670029,237.6873363520597,0.0,0.0,77.452279035404,91.67081223721979,1615.7514231932299,0.0,0.0,38.19744637020989,45.48982074477848,658.0179344552178,0.0,0.0,18.629877148434983,22.072877180249905,373.58382721515616,41.44964535570408,28.42911204094931,279.77172535276767,331.5372430504856,6531.26886465565,0.0,0.0,63.81344242693723,76.5506305904857,838.6748241824544,0.0,18.230021560041789,47.90496651390717,22.0,30.0,0.0,18.010417720771615,45.97369633940948,12.0,30.0,0.0,18.20656193719961,48.94558142490365,22.0,30.0,0.0,17.941805000272017,46.25185375664554,12.0,30.0,0.0,16.58744160930206,55.0168796710772,12.0,30.0,0.0,18.221747558210518,49.921340642139757,12.0,30.0,0.0,17.365385482335645,50.256297277052059,10.0,30.0,0.0,15.497271290136427,58.13673131513841,12.0,30.0,0.0,16.947296048062744,53.64395772783658,20.0,30.0,0.0,17.121781244519548,0.0,0.0,0.0,13.413437380640533,0.0,0.0,578.4955704837533,507.39692936256366,614.6039471826357,512.82392996234,653.8063572702679,1019.3601514398741,596.5919136341038,640.0377206495189,830.5452545658308,0.0,80.22513320715557,80.22513320715557,60.0,0.0,60.0,60.0,12.0,12.0,12.0,19.0,12.0,12.0,21.0,10.0,0.0,0.0,0.0,0.0,0.0,0.0,0.0,0.0,0.0,0.0,0.0,0.0,0.0,80.22513320715557,80.22513320715557,0.0,0.0,0.0,80.22513320715557,0.0,0.0,0.00225 
 04/08  01:30:00,7.045,87.0,6.4,0.0,0.0,0.0,0.0,0.0,2.0,2.0,0.0,0.0,0.0,0.0,0.0,2046.0,0.0,0.0,0.0,0.0,0.0,0.0,0.0,0.0,0.0,0.0,0.0,18.395431866964633,-135.09913067077015,18.29144772532201,-97.65240586776781,18.329205316561766,-244.40071096747853,18.208139485180099,-91.13457946444442,16.573264314373838,-0.9886083515116013,17.99282928546888,-17.690674734596088,17.36449227134272,-4.346909420836482,15.815320971067285,-160.85194612743704,16.963334995546,-100.06855638874979,516.9298176441662,520.7208919847338,0.0,0.0,0.0,0.0,0.0,0.0,0.0,0.0,0.0,0.0,0.0,0.0,0.0,0.0,0.0,0.0,0.0,0.0,0.0,0.0,0.0,0.0,1.1314112125211878,0.3453636179857106,199.19927413456777,236.01705877139887,4395.224532492979,0.21747677339023828,0.03319242573111085,169.72578988864655,200.988488416762,3748.957895259512,1.0853122308163879,0.20508545555865238,250.90987522678496,297.24119723594927,5514.760098880181,0.21939615421887954,0.04145807902851086,191.97266129918016,227.37308628512123,4217.364893795069,0.0,0.0,7.291544766063051,8.676628241185233,139.85396701498343,0.0,0.0,10.516281649402906,12.441038476576328,234.7849605757283,0.0,0.0,82.41315042615628,97.80755337035933,1709.081094603806,0.0,0.0,38.75994830976302,46.29477081376175,658.2540328892171,0.0,0.0,17.67900721156354,21.007072240803717,352.637458598707,41.4539008556244,28.43203076517449,335.95037546182149,399.2339896924749,7671.13732260745,0.0,0.0,63.00299158006043,75.80967307377321,811.5376748530888,0.0,18.026728649822578,47.760028770488407,22.0,30.0,0.0,18.069296314505473,47.009016731062917,12.0,30.0,0.0,17.987573048615589,47.7378769850488,22.0,30.0,0.0,18.00517268515069,47.7188279492717,12.0,30.0,0.0,16.56394446228156,54.65129061233698,12.0,30.0,0.0,18.191146484524198,49.6714504177138,12.0,30.0,0.0,17.366941176634229,50.54672513861401,10.0,30.0,0.0,15.438647266390923,58.0774307541101,12.0,30.0,0.0,16.95960216472809,53.34203781226269,20.0,30.0,0.0,17.17039821004325,0.0,0.0,0.0,13.346501212244697,0.0,0.0,560.2880313270348,542.3049210433655,559.8031585871073,564.5491940766561,642.7159396613533,1017.0240338397267,602.0843445590487,634.483159378331,833.5025119956887,0.0,80.22513320715557,80.22513320715557,60.0,0.0,60.0,60.0,12.0,12.0,12.0,19.0,12.0,12.0,21.0,10.0,0.0,0.0,0.0,0.0,0.0,0.0,0.0,0.0,0.0,0.0,0.0,0.0,0.0,80.22513320715557,80.22513320715557,0.0,0.0,0.0,80.22513320715557,0.0,0.0,0.00224 
 04/08  01:40:00,7.106666666666667,86.33333333333334,6.426666666666668,0.0,0.0,0.0,0.0,0.0,2.0,2.0,0.0,0.0,0.0,0.0,0.0,2046.0,0.0,0.0,0.0,0.0,0.0,0.0,0.0,0.0,0.0,0.0,0.0,18.354299324571679,-153.46656663094564,18.19780715300997,-144.24034222920865,18.294578696727677,-248.89455716106159,18.121663036947486,-104.4305850215751,16.54121761503332,-1.7733268511896796,17.95864842183737,-16.62775203006788,17.306082282636284,-16.278694449450314,15.744756398540578,-166.101137167665,16.977031185985739,-73.67500655445767,514.7270648162894,492.1049228885164,0.0,0.0,0.0,0.0,0.0,0.0,0.0,0.0,0.0,0.0,0.0,0.0,0.0,0.0,0.0,0.0,0.0,0.0,0.0,0.0,0.0,0.0,1.0994992888693112,0.3356224935498508,262.81591543681847,311.30340602484525,5763.396048746334,0.2036211897253672,0.031077715159549329,208.68620984487189,247.32650386712525,4525.067578746532,1.0519650817519493,0.19878402905365639,243.2673951889087,288.0349389884076,5309.928204235978,0.2088936898557598,0.03947348636730154,210.69771492659124,249.64942945819409,4550.551014532368,0.0,0.0,7.059570642089527,8.398542688440032,134.08775671811859,0.0,0.0,10.55067612993334,12.484862772875467,233.598232101161,0.0,0.0,76.99643323090523,91.3992300174202,1575.4203013622458,0.0,0.0,39.58611061747541,47.30892319478373,661.053718250933,0.0,0.0,13.881267781453176,16.490201330828577,276.2698609653539,41.316946806421189,28.338097946790947,394.7814797867799,469.04778917436667,8782.240344927533,0.0,0.0,59.30405851661628,71.39051770246863,746.1316730670169,0.0,18.014390336574068,47.216090546750198,22.0,30.0,0.0,17.93364609553936,46.80944306870397,12.0,30.0,0.0,17.98900039855338,47.40448291776684,22.0,30.0,0.0,17.8779867021388,47.50781102547383,12.0,30.0,0.0,16.531126359991796,54.296666778812397,12.0,30.0,0.0,18.15754245846776,49.32543569477589,12.0,30.0,0.0,17.285270135067618,49.99498278896358,10.0,30.0,0.0,15.356030188733359,57.716896238777227,12.0,30.0,0.0,16.998010055188808,52.83610424880686,20.0,30.0,0.0,17.14812118724158,0.0,0.0,0.0,13.258117329501186,0.0,0.0,547.927615860152,529.2456848615327,556.5774774463639,552.142424585042,633.1987146540805,1010.6881075230273,581.8858072754783,622.8218057478732,849.6461397741548,0.0,80.22513320715557,80.22513320715557,60.0,0.0,60.0,60.0,12.0,12.0,12.0,19.0,12.0,12.0,21.0,10.0,0.0,0.0,0.0,0.0,0.0,0.0,0.0,0.0,0.0,0.0,0.0,0.0,0.0,80.22513320715557,80.22513320715557,0.0,0.0,0.0,80.22513320715557,0.0,0.0,0.0022299999999999999 
 04/08  01:50:00,7.168333333333333,85.66666666666667,6.453333333333333,0.0,0.0,0.0,0.0,0.0,2.0,2.0,0.0,0.0,0.0,0.0,0.0,1023.0,0.0,0.0,0.0,0.0,0.0,0.0,0.0,0.0,0.0,0.0,0.0,18.34050137999171,-33.35760238856619,18.146389190295264,-194.2005221480449,18.273812297023605,-66.34189443983996,18.0596097109608,-188.53082502529197,16.50622374392364,-2.010305855791046,17.920795153127217,-13.605523046537883,17.26211406697324,-22.21934354356108,15.672834376491718,-162.89670874186869,16.989529770707315,-70.0499672503106,455.795068914882,495.7144036186876,0.0,0.0,0.0,0.0,0.0,0.0,0.0,0.0,0.0,0.0,0.0,0.0,0.0,0.0,0.0,0.0,0.0,0.0,0.0,0.0,0.0,0.0,1.1071683977174472,0.33796349136674216,141.87476360642595,167.6059295129135,3120.7206022917887,0.19060205181937094,0.029090667249598739,140.11181111252703,165.71041154074178,3010.8986516414108,1.0776992889629418,0.20364688000055598,211.3254864576239,249.66126342871477,4618.064579831625,0.18970296771410626,0.035847121639097919,156.0396772453408,184.60565138016174,3325.6025522893035,0.0,0.0,6.689993859109406,7.944240654435738,125.80666311353292,0.0,0.0,10.208387055242728,12.053866381124033,224.0590000183107,0.0,0.0,75.3869171655445,89.31950834948104,1526.304259795186,0.0,0.0,40.06292085814521,47.78139865462532,657.6516327747268,0.0,0.0,13.110572088279528,15.538868014077736,260.2442607166912,41.203121278516778,28.26002831173991,251.8432548668228,298.79864875288077,5756.661522044298,0.0,0.0,58.993793362487568,70.86695967049852,730.2182495747574,0.0,18.07178728390285,47.43910214589276,22.0,30.0,0.0,17.882741281822314,45.689423888017497,12.0,30.0,0.0,18.02798791688945,48.12253425642181,22.0,30.0,0.0,17.79286198129163,45.940387976964718,12.0,30.0,0.0,16.492733354355896,53.86192868833193,12.0,30.0,0.0,18.115924477119614,48.938329072274488,12.0,30.0,0.0,17.235183833841157,49.81684365979774,10.0,30.0,0.0,15.270812108522128,57.539102613173067,12.0,30.0,0.0,17.030183065034128,52.33302460145269,20.0,30.0,0.0,16.954258553933049,0.0,0.0,0.0,13.215756483244546,0.0,0.0,557.8315893095321,496.18011290067576,586.2109877862616,498.6955668832461,617.3677242741031,1003.3194563049508,577.603777037328,614.2301535621577,866.5175877640191,0.0,80.22513320715557,80.22513320715557,60.0,0.0,60.0,60.0,12.0,12.0,12.0,19.0,12.0,12.0,21.0,10.0,0.0,0.0,0.0,0.0,0.0,0.0,0.0,0.0,0.0,0.0,0.0,0.0,0.0,80.22513320715557,80.22513320715557,0.0,0.0,0.0,80.22513320715557,0.0,0.0,0.0022333333333333334 
 04/08  02:00:00,7.23,85.0,6.48,0.0,0.0,0.0,0.0,0.0,2.0,2.0,0.0,0.0,0.0,0.0,0.0,2046.0,0.0,0.0,0.0,0.0,0.0,0.0,0.0,0.0,0.0,0.0,0.0,18.18674483096345,-157.12513709965925,18.130630175067254,-119.32160634604679,18.176529786624344,-201.88075719543714,18.059622840487167,-86.41995107973117,16.478172776904886,-2.034290576044242,17.89068283866142,-15.339650840451612,17.234892261613696,-17.39605740477964,15.617538890580264,-166.40089880270114,16.997609357701039,-52.74169935150229,488.4385451954495,477.71709146409526,0.0,0.0,0.0,0.0,0.0,0.0,0.0,0.0,0.0,0.0,0.0,0.0,0.0,0.0,0.0,0.0,0.0,0.0,0.0,0.0,0.0,0.0,1.0761371330401648,0.32849118835169868,224.4181896672357,266.0872394796694,4780.8102605880289,0.20073971181532924,0.03063792915374378,168.57417529277343,199.78419079367149,3609.8658973993035,1.0161867766832125,0.1920232004314461,178.3622606903494,211.51621373023014,3822.8861950446228,0.2059345335469533,0.03891431094991557,176.96424412997386,209.84140016678726,3773.432851292596,0.0,0.0,7.087770262456935,8.442398588113953,132.04606640105866,0.0,0.0,10.101236941840018,11.961143531686754,219.87054700836803,0.0,0.0,75.21991563947569,89.37571923089226,1511.1418691475088,0.0,0.0,40.706193869601708,48.687417663955539,658.7198900422957,0.0,0.0,10.880801948446529,12.935401911002743,215.0240123740879,41.181561201343559,28.245240878836467,320.7833215687211,381.55667789911578,7121.717196927932,0.0,0.0,56.92718077694117,68.58738975240766,690.7865286944395,0.0,17.810489506737715,46.84989019725694,22.0,30.0,0.0,17.914791172676439,46.5437377196291,12.0,30.0,0.0,17.879353277840779,47.13399683770872,22.0,30.0,0.0,17.857848781924905,47.1046850992396,12.0,30.0,0.0,16.468513669798346,53.608531862018129,12.0,30.0,0.0,18.088398574211256,48.730487389097607,12.0,30.0,0.0,17.218371181174918,49.69819523903995,10.0,30.0,0.0,15.217585780490446,57.47830526043046,12.0,30.0,0.0,17.053633342177745,52.04296356823994,20.0,30.0,0.0,17.02948195986336,0.0,0.0,0.0,13.157711677672318,0.0,0.0,523.7339086265648,522.8217096991493,544.8753002476293,543.003846297326,608.9852945324939,1000.9544334640477,566.330154501602,606.5820452500144,880.8354600283724,0.0,80.22513320715557,80.22513320715557,60.0,0.0,60.0,60.0,12.0,12.0,12.0,19.0,12.0,12.0,21.0,10.0,0.0,0.0,0.0,0.0,0.0,0.0,0.0,0.0,0.0,0.0,0.0,0.0,0.0,80.22513320715557,80.22513320715557,0.0,0.0,0.0,80.22513320715557,0.0,0.0,0.0022366666666666665 
 04/08  02:10:00,7.1433333333333339,84.83333333333334,6.496666666666667,0.0,0.0,0.0,0.0,0.0,2.0,2.0,0.0,0.0,0.0,0.0,0.0,2046.0,0.0,0.0,0.0,0.0,0.0,0.0,0.0,0.0,0.0,0.0,0.0,18.149424016161164,-169.58851018054748,18.049405964878035,-112.70436359115911,18.132139768672745,-240.5487459340584,17.968300803014104,-113.82331550406843,16.4454546274454,-2.3178866631659078,17.854365980922688,-15.97913195082981,17.184017534403098,-13.958283667901924,15.547889187104019,-173.21507115280009,17.01795487208453,-30.610971633913466,485.70693977987505,457.71119239221846,0.0,0.0,0.0,0.0,0.0,0.0,0.0,0.0,0.0,0.0,0.0,0.0,0.0,0.0,0.0,0.0,0.0,0.0,0.0,0.0,0.0,0.0,1.0793102424829513,0.3294597809777019,190.2605427654202,225.573676955645,4078.1896970158206,0.2021179608476146,0.030848284622651803,160.79809274702206,190.7043751605746,3440.7510170363545,1.0429369628060883,0.1970780352997144,272.8382049934378,323.614274890725,5886.713383909884,0.20759693997660559,0.03922844670759741,212.9857289161577,252.65915565588208,4520.030890600036,0.0,0.0,7.385767038088979,8.796136347880518,138.40805151729558,0.0,0.0,10.070837368732267,11.928534569221432,220.3076866945127,0.0,0.0,75.49473591785457,89.70813350305923,1520.5826396024064,0.0,0.0,41.85452840745212,50.08539484262543,678.1377805585676,0.0,0.0,11.632918032179504,13.822757879506597,233.07856801579056,41.227991732996539,28.27708623662315,349.9185976526413,416.2062008979969,7708.274737635162,0.0,0.0,54.75076280674405,65.98530623805331,666.883746957408,0.0,17.80738079052703,46.45510617501678,22.0,30.0,0.0,17.810966979062117,46.253537712907817,12.0,30.0,0.0,17.854370167960299,46.5771087977068,22.0,30.0,0.0,17.721493214587,46.836704107203669,12.0,30.0,0.0,16.435143157217959,53.277726946110487,12.0,30.0,0.0,18.054129921733627,48.40687616048602,12.0,30.0,0.0,17.156080721962455,49.52380250060713,10.0,30.0,0.0,15.137853909770144,57.10037319531904,12.0,30.0,0.0,17.10163138645613,51.51380421045362,20.0,30.0,0.0,16.957781370522527,0.0,0.0,0.0,13.092059638289659,0.0,0.0,516.4521392964948,510.14327007181228,531.7389839204832,528.7212064366975,596.9361350859656,990.5596812346078,555.4219176680794,597.529247259781,892.3323085557361,0.0,80.22513320715557,80.22513320715557,60.0,0.0,60.0,60.0,12.0,12.0,12.0,19.0,12.0,12.0,21.0,10.0,0.0,0.0,0.0,0.0,0.0,0.0,0.0,0.0,0.0,0.0,0.0,0.0,0.0,80.22513320715557,80.22513320715557,0.0,0.0,0.0,80.22513320715557,0.0,0.0,0.00224 
 04/08  02:20:00,7.0566666666666679,84.66666666666667,6.5133333333333349,0.0,0.0,0.0,0.0,0.0,2.0,2.0,0.0,0.0,0.0,0.0,0.0,1023.0,0.0,0.0,0.0,0.0,0.0,0.0,0.0,0.0,0.0,0.0,0.0,18.141377643156049,-31.567991992201315,17.96341229769446,-227.08643677614419,18.11526374357436,-55.28805767438553,17.912093831247554,-179.49567663359358,16.409109323806129,-2.649804843545553,17.813347025645954,-12.386188762388997,17.117226967926308,-39.3815300560409,15.47920616211201,-166.6867031582683,17.03430617613143,-30.702877800310547,458.3285391766258,460.9801547557415,0.0,0.0,0.0,0.0,0.0,0.0,0.0,0.0,0.0,0.0,0.0,0.0,0.0,0.0,0.0,0.0,0.0,0.0,0.0,0.0,0.0,0.0,1.0833199802805525,0.3306837546643933,224.02503634822367,264.9952237124254,4881.814755038762,0.18230643591335186,0.027824547605822936,168.69055657873165,199.74016397237393,3600.2509166614074,1.0473126986576736,0.19790489392624223,144.01415097007118,170.30508752803133,3150.6350743442419,0.18557723583496467,0.03506750488189051,141.60680365275364,167.69260669161864,3012.7717225350436,0.0,0.0,6.564720106878579,7.8024219891127049,123.70760987729892,0.0,0.0,10.166145086567769,12.015181258865733,223.41888955307528,0.0,0.0,66.27186790109275,78.6173684751625,1334.5355964304138,0.0,0.0,41.759422448833159,49.86634889084182,677.9025281831956,0.0,0.0,12.636999577431807,14.979859793448198,256.4159446647226,41.21246950493495,28.26643998966733,267.70146945669327,317.933130056433,6056.921100074351,0.0,0.0,54.60245151359998,65.66085874970276,671.262234456897,0.0,17.88040588885672,46.52648195113482,22.0,30.0,0.0,17.69068381667399,45.40091722806858,12.0,30.0,0.0,17.897051360656165,47.52249479947094,22.0,30.0,0.0,17.653643503575965,45.50878548166325,12.0,30.0,0.0,16.39472485177356,52.95858886448753,12.0,30.0,0.0,18.011401727486779,48.03860822398665,12.0,30.0,0.0,17.06051056891484,48.735787204619338,10.0,30.0,0.0,15.060966376893969,57.21947341924191,12.0,30.0,0.0,17.13899125191933,50.91492566682139,20.0,30.0,0.0,16.816771785138127,0.0,0.0,0.0,13.05762438674469,0.0,0.0,523.2344803435582,481.8149278804753,569.2794713909019,482.0739607521955,585.2266350186933,974.6094589288592,531.8243154019128,596.7021713125487,886.9093293375901,0.0,80.22513320715557,80.22513320715557,60.0,0.0,60.0,60.0,12.0,12.0,12.0,19.0,12.0,12.0,21.0,10.0,0.0,0.0,0.0,0.0,0.0,0.0,0.0,0.0,0.0,0.0,0.0,0.0,0.0,80.22513320715557,80.22513320715557,0.0,0.0,0.0,80.22513320715557,0.0,0.0,0.0022299999999999999 
 04/08  02:30:00,6.970000000000001,84.5,6.53,0.0,0.0,0.0,0.0,0.0,2.0,2.0,0.0,0.0,0.0,0.0,0.0,2046.0,0.0,0.0,0.0,0.0,0.0,0.0,0.0,0.0,0.0,0.0,0.0,18.047646611925648,-109.22205024181221,17.954636992989266,-81.26832811231498,17.980088432054445,-235.99470295035645,17.9049968556356,-96.17855376961643,16.38039428898458,-1.9601748808013185,17.777953805442146,-16.474063969482815,17.095663027413964,-15.56053470242432,15.426530831537937,-168.0754883520451,17.035016539415719,-35.40710981913955,481.775121263604,458.7633635138261,0.0,0.0,0.0,0.0,0.0,0.0,0.0,0.0,0.0,0.0,0.0,0.0,0.0,0.0,0.0,0.0,0.0,0.0,0.0,0.0,0.0,0.0,1.0858420425651958,0.33145361494664096,169.62196492528799,201.39870341682497,3677.6604842986546,0.21050613246972534,0.03212853059672243,141.78872583539079,168.28327001180538,3068.554276605104,1.0441312215737142,0.19730370778036938,256.62309411306367,304.60807300353386,5526.261813227858,0.20892270631647387,0.03947896944755741,178.9042985799166,212.30902366239332,3855.7244502143055,0.0,0.0,7.4927068253746029,8.93070022160105,142.1010794457615,0.0,0.0,10.130343333383998,12.005859175863968,223.69843721300073,0.0,0.0,74.23768272316295,88.2894008648178,1507.482368892065,0.0,0.0,41.99002179444131,50.278191376012618,684.9651784866813,0.0,0.0,14.635255459451514,17.39401805442104,299.6354968482545,41.36242726325544,28.3692916757582,295.5876588089446,352.0338627958913,6673.043949097331,0.0,0.0,54.891020061710708,66.18859398009835,679.998104103724,0.0,17.73508857579356,46.511960650298039,22.0,30.0,0.0,17.74971920088123,45.97753602265921,12.0,30.0,0.0,17.67260512193316,46.50717750850719,22.0,30.0,0.0,17.706029628305026,46.57567940330125,12.0,30.0,0.0,16.369875932039898,52.61886062894885,12.0,30.0,0.0,17.979330264225525,47.756177577342587,12.0,30.0,0.0,17.059869810510386,49.163155270042398,10.0,30.0,0.0,15.014506853104363,57.100095989566188,12.0,30.0,0.0,17.146537848090057,50.51644706682187,20.0,30.0,0.0,16.814619260617577,0.0,0.0,0.0,13.018235418056161,0.0,0.0,518.3286628433838,501.5338657294334,520.1070562266149,525.5234614931211,576.1974373043313,962.7238967379245,544.1760909761404,603.7328746231141,869.9006289549093,0.0,80.22513320715557,80.22513320715557,60.0,0.0,60.0,60.0,12.0,12.0,12.0,19.0,12.0,12.0,21.0,10.0,0.0,0.0,0.0,0.0,0.0,0.0,0.0,0.0,0.0,0.0,0.0,0.0,0.0,80.22513320715557,80.22513320715557,0.0,0.0,0.0,80.22513320715557,0.0,0.0,0.00222 
 04/08  02:40:00,6.883333333333333,84.33333333333334,6.546666666666667,0.0,0.0,0.0,0.0,0.0,2.0,2.0,0.0,0.0,0.0,0.0,0.0,2046.0,0.0,0.0,0.0,0.0,0.0,0.0,0.0,0.0,0.0,0.0,0.0,17.996724989516097,-142.50968786969134,17.856913213189317,-153.38543380553984,17.943920173399737,-237.33347151745876,17.80407069337498,-117.05887054943514,16.346903713108277,-2.5204209361734799,17.738794585716307,-16.235477730726445,17.039211545401888,-28.443398105550388,15.36548131118316,-168.6266036899259,17.03218129113602,-37.9526519751721,505.22498755608378,460.76698258243848,0.0,0.0,0.0,0.0,0.0,0.0,0.0,0.0,0.0,0.0,0.0,0.0,0.0,0.0,0.0,0.0,0.0,0.0,0.0,0.0,0.0,0.0,1.081221755282995,0.33004327084340509,250.30069034099678,297.0990331498292,5450.534681924199,0.2001628027787229,0.030549878323980908,199.58693648431058,237.03211500025487,4293.154416919162,1.0360342904996532,0.19577367545344927,237.17879416726073,281.42416104026497,5140.778416009988,0.20456787211039025,0.03865606048949172,206.04595462299575,244.65641026423257,4414.884865233565,0.0,0.0,7.254446743453746,8.645545754994018,138.3653456783273,0.0,0.0,10.235454915989921,12.134277106604902,227.05644948181073,0.0,0.0,70.96050931767184,84.39976793928224,1443.2407601542078,0.0,0.0,42.46142377081878,50.86488017263058,694.8396175044502,0.0,0.0,16.900188655410333,20.091005285393555,349.07001057256738,41.36951576117693,28.374153471314778,380.76312467419646,453.3447079968564,8427.411344239306,0.0,0.0,55.3288542744795,66.73619205640562,691.1676817544915,0.0,17.6946868962072,45.924962480157848,22.0,30.0,0.0,17.605470482684305,45.765715683753779,12.0,30.0,0.0,17.668652623855615,46.14435753115851,22.0,30.0,0.0,17.55316617408195,46.430780220931797,12.0,30.0,0.0,16.335497372943256,52.30088953623796,12.0,30.0,0.0,17.940883028649176,47.42302797646329,12.0,30.0,0.0,16.984496666983558,48.60099196150034,10.0,30.0,0.0,14.950692898022777,56.75103702694594,12.0,30.0,0.0,17.149609717441263,49.98418942117902,20.0,30.0,0.0,16.82206467446165,0.0,0.0,0.0,12.9813035843495,0.0,0.0,505.24170221110139,491.1439515104262,517.6851067586075,514.7548980041239,569.5350101496085,945.2424931813897,534.1486871013708,608.1138780813558,843.4943867799816,0.0,80.22513320715557,80.22513320715557,60.0,0.0,60.0,60.0,12.0,12.0,12.0,19.0,12.0,12.0,21.0,10.0,0.0,0.0,0.0,0.0,0.0,0.0,0.0,0.0,0.0,0.0,0.0,0.0,0.0,80.22513320715557,80.22513320715557,0.0,0.0,0.0,80.22513320715557,0.0,0.0,0.00221 
 04/08  02:50:00,6.796666666666667,84.16666666666666,6.5633333333333339,0.0,0.0,0.0,0.0,0.0,2.0,2.0,0.0,0.0,0.0,0.0,0.0,1023.0,0.0,0.0,0.0,0.0,0.0,0.0,0.0,0.0,0.0,0.0,0.0,17.975331886090623,-28.485375498289615,17.803436295588868,-183.69413644844372,17.917712775592258,-61.09696548042575,17.742519489998725,-187.5455166536276,16.31029030229754,-2.33362201557091,17.69459512192924,-14.708935707140995,16.99167722949894,-33.58546006255301,15.303442393732528,-165.2955367041734,17.024157815906827,-38.23326441499694,449.97495196976618,468.41104142082465,0.0,0.0,0.0,0.0,0.0,0.0,0.0,0.0,0.0,0.0,0.0,0.0,0.0,0.0,0.0,0.0,0.0,0.0,0.0,0.0,0.0,0.0,1.1113842334969464,0.3392503765253194,131.0914514890242,155.21203419256995,2898.6384493130587,0.19439564255428477,0.02966966461451233,129.61207133180154,153.60747981801848,2802.092698231819,1.0814212375571755,0.2043501960614467,202.2158738437285,239.42598817674648,4442.964718431957,0.19289228681855609,0.03644978964825322,149.7026958100341,177.4693649064988,3212.0755224855017,0.0,0.0,7.0903180823791349,8.434397699501865,135.9780212292455,0.0,0.0,10.272262070967305,12.152152876515089,228.78915257868997,0.0,0.0,68.92330965189209,81.8315133019594,1406.8732063639596,0.0,0.0,42.73872492603696,51.092137419233008,701.5874451175148,0.0,0.0,16.704700264879617,19.812025634916556,347.9297857051929,41.3959306766005,28.39227069725687,236.4974103368409,281.22517494762055,5474.204983199234,0.0,0.0,55.661191070052549,66.9934086842832,701.4519363820607,0.0,17.731649311127293,46.143684423824847,22.0,30.0,0.0,17.55662334850765,44.904046302731888,12.0,30.0,0.0,17.69456549800419,46.817529393518729,22.0,30.0,0.0,17.47488573755385,45.08245300467765,12.0,30.0,0.0,16.295061788173038,51.92936692883945,12.0,30.0,0.0,17.892130125650487,47.05961422295583,12.0,30.0,0.0,16.930347065545253,48.47828396315507,10.0,30.0,0.0,14.884237146149442,56.54756016136405,12.0,30.0,0.0,17.144498242623404,49.497460331681718,20.0,30.0,0.0,16.592624178663166,0.0,0.0,0.0,12.945282206894577,0.0,0.0,508.915561393417,470.9500193748532,542.115197531626,469.94805941717666,562.5462681280311,926.8485144607115,537.2713438087316,608.853454417312,823.665836217868,0.0,80.22513320715557,80.22513320715557,60.0,0.0,60.0,60.0,12.0,12.0,12.0,19.0,12.0,12.0,21.0,10.0,0.0,0.0,0.0,0.0,0.0,0.0,0.0,0.0,0.0,0.0,0.0,0.0,0.0,80.22513320715557,80.22513320715557,0.0,0.0,0.0,80.22513320715557,0.0,0.0,0.0022 
 04/08  03:00:00,6.71,84.0,6.58,0.0,0.0,0.0,0.0,0.0,2.0,2.0,0.0,0.0,0.0,0.0,0.0,2046.0,0.0,0.0,0.0,0.0,0.0,0.0,0.0,0.0,0.0,0.0,0.0,17.82558180490811,-148.65802703828877,17.778460374730807,-124.63618858242762,17.819644131016604,-194.60187059545843,17.73535615310307,-95.92940289446142,16.280744335708083,-2.4826980709078017,17.658530865477844,-16.49200054504496,16.961253071792656,-29.427216396810765,15.253523150047745,-166.72625284672075,17.01361329094224,-41.27872894270689,493.8304351299985,468.86512964806527,0.0,0.0,0.0,0.0,0.0,0.0,0.0,0.0,0.0,0.0,0.0,0.0,0.0,0.0,0.0,0.0,0.0,0.0,0.0,0.0,0.0,0.0,1.1087367102428143,0.3384422192438383,212.26902271288049,252.17053800366228,4611.704583458044,0.20615880258371939,0.03146501870935888,158.3942113970685,188.08947386897058,3454.3083266354326,1.0496173281902524,0.19834038703519517,170.58554784348483,202.68395557209079,3728.0660215214759,0.21045151712873939,0.03976786037958037,169.50501234417539,201.3778284622805,3685.1367808552047,0.0,0.0,7.350159815657541,8.76823846958653,141.8348160127416,0.0,0.0,10.358757881479399,12.28638464235134,231.79989723471852,0.0,0.0,71.4498358774145,85.06139493578162,1467.9574705997935,0.0,0.0,42.93922274172164,51.46881134013291,708.5579608065863,0.0,0.0,17.560921548610698,20.87803095426609,368.42492941709039,41.51434032456079,28.473484447572568,302.6114595771079,360.67677254639849,6880.435014224138,0.0,0.0,55.89800311528532,67.45879720193108,709.2737357305997,0.0,17.476308852333735,45.64699188666542,22.0,30.0,0.0,17.574402131826298,45.467374917071158,12.0,30.0,0.0,17.544312076297389,45.924951907281499,22.0,30.0,0.0,17.529040744386195,45.97085020476283,12.0,30.0,0.0,16.26887190153516,51.72269975953543,12.0,30.0,0.0,17.859724095433735,46.85922868259856,12.0,30.0,0.0,16.90957835865689,48.39250390841083,10.0,30.0,0.0,14.84094952941959,56.46514558462468,12.0,30.0,0.0,17.135779581336359,49.214540165910168,20.0,30.0,0.0,16.65363164177664,0.0,0.0,0.0,12.90185514808361,0.0,0.0,488.3105322276872,486.02300137828527,509.18910723736698,506.29110095392857,560.0297205408519,918.8203073716671,533.0490045557226,610.7061366128585,814.1223372992656,0.0,80.22513320715557,80.22513320715557,60.0,0.0,60.0,60.0,12.0,12.0,12.0,19.0,12.0,12.0,21.0,10.0,0.0,0.0,0.0,0.0,0.0,0.0,0.0,0.0,0.0,0.0,0.0,0.0,0.0,80.22513320715557,80.22513320715557,0.0,0.0,0.0,80.22513320715557,0.0,0.0,0.00219 
 04/08  03:10:00,6.558333333333334,84.0,6.595,0.0,0.0,0.0,0.0,0.0,2.0,2.0,0.0,0.0,0.0,0.0,0.0,2046.0,0.0,0.0,0.0,0.0,0.0,0.0,0.0,0.0,0.0,0.0,0.0,17.801131442654627,-133.97139894334669,17.6884950439146,-117.0472683225571,17.75540005568964,-268.22526521469447,17.630883707205706,-124.83335809366372,16.246650392199045,-2.693124886945327,17.61670905647953,-18.151559910056507,16.909472412002054,-26.18352558312631,15.193950211767902,-169.10972800606329,16.99905764775608,-44.622333235437569,499.04057407994699,471.2281796064534,0.0,0.0,0.0,0.0,0.0,0.0,0.0,0.0,0.0,0.0,0.0,0.0,0.0,0.0,0.0,0.0,0.0,0.0,0.0,0.0,0.0,0.0,1.1083520230292803,0.3383247933544812,188.50250541200729,223.9261688238995,4155.177538818738,0.21033025630146819,0.032101687469699057,156.1772313162126,185.60305232728656,3420.664080968423,1.0938309894859726,0.20669519831556558,298.082448284803,354.26060744288369,6563.106848819096,0.2155903733955603,0.04073892165448984,209.23013815901454,248.73809782106333,4545.610786336574,0.0,0.0,7.588867303002992,9.052943674632438,148.25006320992697,0.0,0.0,10.555875258797105,12.525657264639687,238.6012445092116,0.0,0.0,73.5900482693393,87.61728749373056,1525.4271355029196,0.0,0.0,43.44200724587513,52.094773415139417,724.9689190593708,0.0,0.0,18.406285081310075,21.894162084960013,391.3064423727002,41.64598913977623,28.563778559517318,345.26455471143717,411.58275962570738,7801.21325150632,0.0,0.0,56.45780747123226,68.15817321351145,728.7795605064537,0.0,17.495657264718333,45.453893797910399,22.0,30.0,0.0,17.45652836047601,45.17596593680128,12.0,30.0,0.0,17.478182936004545,45.463465271141469,22.0,30.0,0.0,17.36991497305713,45.747756145586468,12.0,30.0,0.0,16.23371345613228,51.45873079508452,12.0,30.0,0.0,17.817927024077869,46.59292057696233,12.0,30.0,0.0,16.84756006659324,48.252646066198057,10.0,30.0,0.0,14.778764264151786,56.07247228241464,12.0,30.0,0.0,17.121695215772794,48.81970388367451,20.0,30.0,0.0,16.583055940003864,0.0,0.0,0.0,12.856209738326929,0.0,0.0,491.8855815523557,478.15820546754238,499.5342117629512,495.0555673694272,557.1174808146323,905.3870339492387,534.6450634675665,609.7669705977623,799.6161567299109,0.0,80.22513320715557,80.22513320715557,60.0,0.0,60.0,60.0,12.0,12.0,12.0,19.0,12.0,12.0,21.0,10.0,0.0,0.0,0.0,0.0,0.0,0.0,0.0,0.0,0.0,0.0,0.0,0.0,0.0,80.22513320715557,80.22513320715557,0.0,0.0,0.0,80.22513320715557,0.0,0.0,0.00218 
 04/08  03:20:00,6.406666666666666,84.0,6.610000000000001,0.0,0.0,0.0,0.0,0.0,2.0,2.0,0.0,0.0,0.0,0.0,0.0,1023.0,0.0,0.0,0.0,0.0,0.0,0.0,0.0,0.0,0.0,0.0,0.0,17.791889212448205,-24.310442374332525,17.61275575263157,-204.66787032414505,17.7255601587292,-59.089266504115588,17.56575640706944,-194.20882640572018,16.209280505195318,-2.4730163892768646,17.569626809547409,-16.257068866518865,16.85441120563103,-39.78497912070634,15.133779483907013,-164.196037905725,16.98079605456149,-43.45396127296965,466.21439145487968,478.7542937121623,0.0,0.0,0.0,0.0,0.0,0.0,0.0,0.0,0.0,0.0,0.0,0.0,0.0,0.0,0.0,0.0,0.0,0.0,0.0,0.0,0.0,0.0,1.1483764844860965,0.35054227243165339,140.97127665944545,167.1055594428944,3179.571434366083,0.19862835005566274,0.030315682242927769,140.54968167575903,166.7762434533995,3095.910427732818,1.124183869515084,0.21243081434525408,211.60892867141957,250.87140777202974,4737.442224195664,0.20228659667019648,0.03822498047433794,148.63546936838103,176.4158277155811,3253.0580770668304,0.0,0.0,7.115834031928563,8.472441875273305,140.67631023198178,0.0,0.0,10.946321242977202,12.962709254733449,249.7820636408428,0.0,0.0,68.17309712640204,81.02895717275516,1425.2538845030327,0.0,0.0,43.490139355376559,52.048266608925249,734.0484292215554,0.0,0.0,19.7020213372336,23.3840594770192,424.308080746711,41.73936744265766,28.62782403474463,245.91985007427096,292.79110615850927,5785.421288718222,0.0,0.0,56.5290040517363,68.10637079913812,742.4500672588911,0.0,17.55427128209564,45.602098074417288,22.0,30.0,0.0,17.359903814027594,44.40113679109757,12.0,30.0,0.0,17.50076350853468,46.01863022682095,22.0,30.0,0.0,17.28763363982052,44.57321759305515,12.0,30.0,0.0,16.19211398123037,51.17000136092085,12.0,30.0,0.0,17.766368905864228,46.29373049774182,12.0,30.0,0.0,16.777516807804344,47.84174720124233,10.0,30.0,0.0,14.715304904784743,56.11597672879076,12.0,30.0,0.0,17.1021186136722,48.40925578281415,20.0,30.0,0.0,16.39810916729401,0.0,0.0,0.0,12.811158423430048,0.0,0.0,493.6807730867757,460.3589185535986,517.1023033228507,459.92064238497036,553.5409351482995,889.4794002258653,530.1256215935844,609.3052512464294,784.8427452280961,0.0,80.22513320715557,80.22513320715557,60.0,0.0,60.0,60.0,12.0,12.0,12.0,19.0,12.0,12.0,21.0,10.0,0.0,0.0,0.0,0.0,0.0,0.0,0.0,0.0,0.0,0.0,0.0,0.0,0.0,80.22513320715557,80.22513320715557,0.0,0.0,0.0,80.22513320715557,0.0,0.0,0.0021666666666666667 
 04/08  03:30:00,6.255,84.0,6.625,0.0,0.0,0.0,0.0,0.0,2.0,2.0,0.0,0.0,0.0,0.0,0.0,2046.0,0.0,0.0,0.0,0.0,0.0,0.0,0.0,0.0,0.0,0.0,0.0,17.64219128591465,-144.25321759816007,17.586640667319576,-122.40930238756164,17.62555563268708,-195.09270727733839,17.557029485369655,-98.69859220290391,16.179255544825794,-2.6193867424220089,17.53100704942546,-18.297356740162429,16.824199182073465,-33.26257494476431,15.084590721149154,-166.50970890624513,16.96397019956676,-46.711959965965949,508.94187039081319,478.3107873993971,0.0,0.0,0.0,0.0,0.0,0.0,0.0,0.0,0.0,0.0,0.0,0.0,0.0,0.0,0.0,0.0,0.0,0.0,0.0,0.0,0.0,0.0,1.1514042730360168,0.35146650581074997,208.50183422584807,248.0298473922001,4649.017823070723,0.21602168009212203,0.032970341894402028,160.45020125063415,190.7773788005511,3588.241015977511,1.1086797895611367,0.2095010940213789,173.46059149096886,206.37159961215503,3885.3484474544877,0.22113685436925058,0.04178700951799896,162.75143817354113,193.58637363069233,3629.621072622167,0.0,0.0,7.453560653761903,8.899588243411717,149.21343881668484,0.0,0.0,10.919847475901648,12.965056211506092,251.70626456105368,0.0,0.0,71.3489177733569,85.0304307339355,1510.7634002353585,0.0,0.0,43.46637726664282,52.158766312489287,743.1838849653434,0.0,0.0,19.769235316658276,23.52105410901713,431.07404207777457,41.949412703801048,28.77188799986355,297.55834450909358,355.1291920976629,6955.545555880699,0.0,0.0,56.58096583817789,68.35485458592986,754.0975625661591,0.0,17.2977048690166,45.21967595520296,22.0,30.0,0.0,17.38188050929051,44.9702176365238,12.0,30.0,0.0,17.346853036480107,45.28847949686414,22.0,30.0,0.0,17.341708700722774,45.278686062024949,12.0,30.0,0.0,16.165293563880668,50.95498347830268,12.0,30.0,0.0,17.731572711011787,46.107406231791248,12.0,30.0,0.0,16.75842270696419,47.847290945547069,10.0,30.0,0.0,14.672628313573818,55.96071096108447,12.0,30.0,0.0,17.08623985598098,48.18180744344683,20.0,30.0,0.0,16.43126279860951,0.0,0.0,0.0,12.754708539314649,0.0,0.0,480.69186563702507,474.3007496273003,493.590708889169,488.4759751712001,551.3713886757712,882.6597694566275,526.1974566631009,609.6236473364459,779.3687883969215,0.0,80.22513320715557,80.22513320715557,60.0,0.0,60.0,60.0,12.0,12.0,12.0,19.0,12.0,12.0,21.0,10.0,0.0,0.0,0.0,0.0,0.0,0.0,0.0,0.0,0.0,0.0,0.0,0.0,0.0,80.22513320715557,80.22513320715557,0.0,0.0,0.0,80.22513320715557,0.0,0.0,0.0021533333333333337 
 04/08  03:40:00,6.1033333333333339,84.0,6.640000000000001,0.0,0.0,0.0,0.0,0.0,2.0,2.0,0.0,0.0,0.0,0.0,0.0,2046.0,0.0,0.0,0.0,0.0,0.0,0.0,0.0,0.0,0.0,0.0,0.0,17.590259240983948,-169.44832996682045,17.484602157571766,-131.992000657649,17.579561642980218,-233.53431503209323,17.450407580606567,-130.12429613658743,16.144541014536899,-2.9671140789628938,17.487465522436403,-19.79206552154679,16.76869321390668,-32.932735690729717,15.025252987780134,-169.6721373461503,16.943349741958909,-49.93576358159322,523.7885577408642,480.3232085853376,0.0,0.0,0.0,0.0,0.0,0.0,0.0,0.0,0.0,0.0,0.0,0.0,0.0,0.0,0.0,0.0,0.0,0.0,0.0,0.0,0.0,0.0,1.174665102871037,0.35856688121826538,199.71981732285094,237.5882055261824,4493.9538284621889,0.2195482631306635,0.03350858716890469,173.79497647458647,206.82923546065747,3893.0876288470919,1.1237860939748555,0.2123556488992547,252.69143108230373,300.678409243773,5724.205879206707,0.2232045286927885,0.042177726510353067,208.53123935547039,248.20051075365485,4646.599773729201,0.0,0.0,7.576278584934531,9.045668185945324,153.463910657628,0.0,0.0,11.13533882960862,13.22661334107761,259.15069706781886,0.0,0.0,72.33994157675402,86.2195896363194,1544.1950651596504,0.0,0.0,43.7955255684755,52.57756714893472,756.9310272886462,0.0,0.0,20.801983993954225,24.763432849721995,459.10959242645347,42.0699572603919,28.85456602221668,356.72842934605787,425.7626291798371,8258.081271782898,0.0,0.0,56.93197253147159,68.80629378906005,769.7912115818701,0.0,17.262202806666346,44.88803244811874,22.0,30.0,0.0,17.2403445909196,44.7810529501872,12.0,30.0,0.0,17.317380212775967,44.83455729583545,22.0,30.0,0.0,17.17917271489643,45.0886486136776,12.0,30.0,0.0,16.129226784019193,50.68954452587645,12.0,30.0,0.0,17.687499428433143,45.8610964041204,12.0,30.0,0.0,16.689756894830575,47.638270064571418,10.0,30.0,0.0,14.609551851205513,55.53643437552043,12.0,30.0,0.0,17.064316785325056,47.81156225526528,20.0,30.0,0.0,16.388561765762988,0.0,0.0,0.0,12.69573704767596,0.0,0.0,478.45330494414795,469.2812763882639,489.24619377879596,480.67283674449416,548.6031303223113,871.1659543809692,525.7274218817913,607.3608394678203,766.5568732651607,0.0,80.22513320715557,80.22513320715557,60.0,0.0,60.0,60.0,12.0,12.0,12.0,19.0,12.0,12.0,21.0,10.0,0.0,0.0,0.0,0.0,0.0,0.0,0.0,0.0,0.0,0.0,0.0,0.0,0.0,80.22513320715557,80.22513320715557,0.0,0.0,0.0,80.22513320715557,0.0,0.0,0.00214 
 04/08  03:50:00,5.951666666666666,84.0,6.655,0.0,0.0,0.0,0.0,0.0,2.0,2.0,0.0,0.0,0.0,0.0,0.0,1023.0,0.0,0.0,0.0,0.0,0.0,0.0,0.0,0.0,0.0,0.0,0.0,17.5730904329031,-27.592464978973113,17.397530298119614,-228.0970316591247,17.557845777440158,-50.24837137217128,17.39588506132771,-185.8391828293743,16.10633723685482,-2.9796377936822298,17.43892872368629,-17.468164869836074,16.70097318491993,-55.17029996637439,14.965722352908433,-164.41723103653568,16.919442939786359,-48.246734964193709,480.3991340460452,488.7226652537047,0.0,0.0,0.0,0.0,0.0,0.0,0.0,0.0,0.0,0.0,0.0,0.0,0.0,0.0,0.0,0.0,0.0,0.0,0.0,0.0,0.0,0.0,1.1843095839288059,0.36151086200513,225.9260258392648,268.20457385339327,5185.923778235602,0.20464280440198674,0.031233639255492483,163.0740507224058,193.78138342179728,3667.565052284346,1.140351848927385,0.2154859880815165,134.25707633012244,159.33980031782807,3100.35773828474,0.20688143225204956,0.03909324116629809,134.053253749164,159.29842576174549,3014.5170028032814,0.0,0.0,6.8032991492607499,8.1080755301174,139.38741844667096,0.0,0.0,11.547256421321507,13.68889663182171,271.1849208566321,0.0,0.0,63.87783510840128,76.02079112469976,1371.8605186733008,0.0,0.0,43.6899170347569,52.34937079977791,763.4606805118729,0.0,0.0,22.63862697313785,26.89207188736343,505.59797099638288,42.14563733858972,28.90647279738665,253.71621129678298,302.49122445285317,6093.119408888885,0.0,0.0,56.821795161161649,68.54045105749077,779.8259023786856,0.0,17.316233067327056,44.96957707017167,22.0,30.0,0.0,17.123980016098469,43.88970870509345,12.0,30.0,0.0,17.34904424216968,45.60985629383325,22.0,30.0,0.0,17.119225845697075,43.90504806774093,12.0,30.0,0.0,16.086328394169575,50.42617726434084,12.0,30.0,0.0,17.63408298914333,45.60387045579805,12.0,30.0,0.0,16.595416285025615,47.034602428739379,10.0,30.0,0.0,14.546350776839699,55.483909214956799,12.0,30.0,0.0,17.037419328159527,47.44545285829808,20.0,30.0,0.0,16.170971048249706,0.0,0.0,0.0,12.63902231393028,0.0,0.0,480.7834511108205,451.92706928854849,509.2143451467658,452.209127949606,545.4651806120076,857.2228247511421,521.001015125701,604.4500954698523,752.0622614323174,0.0,80.22513320715557,80.22513320715557,60.0,0.0,60.0,60.0,12.0,12.0,12.0,19.0,12.0,12.0,21.0,10.0,0.0,0.0,0.0,0.0,0.0,0.0,0.0,0.0,0.0,0.0,0.0,0.0,0.0,80.22513320715557,80.22513320715557,0.0,0.0,0.0,80.22513320715557,0.0,0.0,0.0021266666666666666 
 04/08  04:00:00,5.8,84.0,6.67,0.0,0.0,0.0,0.0,0.0,2.0,2.0,0.0,0.0,0.0,0.0,0.0,2046.0,0.0,0.0,0.0,0.0,0.0,0.0,0.0,0.0,0.0,0.0,0.0,17.474253870169535,-108.95512280081312,17.382900839631775,-92.08496989615969,17.41375949750298,-241.46604314559137,17.38144504936791,-115.83337242940888,16.075992580345614,-2.762450646686972,17.39875798179392,-20.96356535494985,16.67437991133411,-33.91651306966696,14.916368779031766,-168.21134011851565,16.89844655656146,-52.676560400885367,521.3267563651125,487.5448895520266,0.0,0.0,0.0,0.0,0.0,0.0,0.0,0.0,0.0,0.0,0.0,0.0,0.0,0.0,0.0,0.0,0.0,0.0,0.0,0.0,0.0,0.0,1.201567731165584,0.3667789167172112,169.51342496181344,201.956654133757,3893.0834166389497,0.2315788106836808,0.03534475132534811,144.5676894266374,172.1696971710552,3311.3450014689035,1.1533953647135738,0.21795074919001779,248.7145424104159,296.23864057566638,5678.03838358555,0.22766308991099405,0.043020236188774377,175.14863629902025,208.54500830823327,4004.59656928237,0.0,0.0,7.628477240250124,9.116170616439025,158.19485397956744,0.0,0.0,11.525871569252964,13.699035579982838,273.3076809401364,0.0,0.0,71.27606434488115,85.03330795044389,1551.2626918414258,0.0,0.0,43.66464318227039,52.45548834346898,772.4958084078244,0.0,0.0,22.02092323262005,26.222277365808595,497.526064387134,42.37970398258274,29.067012333733027,293.5474389349459,350.8518355339644,7041.649585274601,0.0,0.0,56.87417134618508,68.79047983143609,790.2050483951022,0.0,17.15999497946199,44.9120994338746,22.0,30.0,0.0,17.17448327782693,44.41187183537232,12.0,30.0,0.0,17.106141077359056,44.827656787341,22.0,30.0,0.0,17.159327921540826,44.750695697053988,12.0,30.0,0.0,16.05931882308183,50.139237545623249,12.0,30.0,0.0,17.597112736763788,45.369434352070879,12.0,30.0,0.0,16.58788706807249,47.3328301457005,10.0,30.0,0.0,14.502372760422656,55.360055492845479,12.0,30.0,0.0,17.016801967149765,47.195627422924079,20.0,30.0,0.0,16.19389672963996,0.0,0.0,0.0,12.570412399260523,0.0,0.0,480.8361868625194,465.8339624078915,483.62460165740529,478.96574378790737,542.9258774640967,850.9392361181613,521.5289003527496,606.5501878424436,748.9148066408791,0.0,80.22513320715557,80.22513320715557,60.0,0.0,60.0,60.0,12.0,12.0,12.0,19.0,12.0,12.0,21.0,10.0,0.0,0.0,0.0,0.0,0.0,0.0,0.0,0.0,0.0,0.0,0.0,0.0,0.0,80.22513320715557,80.22513320715557,0.0,0.0,0.0,80.22513320715557,0.0,0.0,0.0021133333333333335 
 04/08  04:10:00,5.694999999999999,84.16666666666667,6.668333333333333,0.0,0.0,0.0,0.0,0.0,2.0,2.0,0.0,0.0,0.0,0.0,0.0,2046.0,0.0,0.0,0.0,0.0,0.0,0.0,0.0,0.0,0.0,0.0,0.0,17.41913012737089,-145.13285732247324,17.272866641267038,-162.4092646683589,17.372331111121313,-248.89718174425844,17.26470205450844,-132.2520371804785,16.041039289572468,-3.1370539194526687,17.35434799915518,-21.23889953239612,16.615711772152225,-45.5842079731226,14.85594965262487,-171.5832779400837,16.873498509930298,-55.519899890391688,543.7562651817243,490.0673868985763,0.0,0.0,0.0,0.0,0.0,0.0,0.0,0.0,0.0,0.0,0.0,0.0,0.0,0.0,0.0,0.0,0.0,0.0,0.0,0.0,0.0,0.0,1.1931192549468955,0.3642000167725566,255.9881675880293,304.96099241172206,5906.352476750255,0.2231426113399117,0.03405717511292914,202.8398920738295,241.77205288965267,4619.834637949991,1.1415508466224958,0.21571255605111418,240.05084657181537,285.8736883590222,5515.718121705886,0.2251079707535773,0.04253740943945148,207.37560660556239,247.13270923666958,4714.504808169559,0.0,0.0,7.374560621469842,8.812775865265629,153.99130426473745,0.0,0.0,11.763815521855655,13.988306589460454,280.4623735925345,0.0,0.0,68.3671903183238,81.57959468164322,1492.7010257916844,0.0,0.0,43.85633308321919,52.713724777680827,779.6945677372573,0.0,0.0,23.360253110326874,27.83433414904747,531.6026533835777,42.344592220458149,29.042930192358136,384.548256744063,459.5928246301147,9032.020400133099,0.0,0.0,56.990248008809277,68.96565405149221,796.369181697405,0.0,17.11027662351735,44.339487575482767,22.0,30.0,0.0,17.0109044235719,44.177327950733729,12.0,30.0,0.0,17.092147349998354,44.46290445502267,22.0,30.0,0.0,16.981529034878,44.69224867889108,12.0,30.0,0.0,16.02318460143095,49.84920043211602,12.0,30.0,0.0,17.55205447951748,45.10572778743689,12.0,30.0,0.0,16.51133999011425,46.7802436380316,10.0,30.0,0.0,14.436514484508285,54.96548825942942,12.0,30.0,0.0,16.989729196486125,46.82586480373126,20.0,30.0,0.0,16.193616803262516,0.0,0.0,0.0,12.501674827008838,0.0,0.0,475.0538259527183,461.0735063442517,482.81643290071505,474.2891465051676,540.3650152191444,841.0337126418242,517.4350538804345,604.1857659489069,737.8672024121851,0.0,80.22513320715557,80.22513320715557,60.0,0.0,60.0,60.0,12.0,12.0,12.0,19.0,12.0,12.0,21.0,10.0,0.0,0.0,0.0,0.0,0.0,0.0,0.0,0.0,0.0,0.0,0.0,0.0,0.0,80.22513320715557,80.22513320715557,0.0,0.0,0.0,80.22513320715557,0.0,0.0,0.0021 
 04/08  04:20:00,5.59,84.33333333333334,6.666666666666667,0.0,0.0,0.0,0.0,0.0,2.0,2.0,0.0,0.0,0.0,0.0,0.0,1023.0,0.0,0.0,0.0,0.0,0.0,0.0,0.0,0.0,0.0,0.0,0.0,17.397183119696558,-25.50334027449844,17.216050537016529,-190.61504280910595,17.342781494060938,-56.44131182507681,17.19478137369837,-209.3841118649725,16.002527082217634,-3.015347462702181,17.304462135306375,-19.91179396137767,16.564995620142537,-50.25446743044813,14.794225346554127,-167.96794019214804,16.844837456505684,-54.5079903812167,485.60537158897298,501.6015820919688,0.0,0.0,0.0,0.0,0.0,0.0,0.0,0.0,0.0,0.0,0.0,0.0,0.0,0.0,0.0,0.0,0.0,0.0,0.0,0.0,0.0,0.0,1.2244058954608419,0.37375027333969537,128.61116990845663,152.87256798418094,3017.7879372038039,0.21675839102569489,0.033082782513079198,128.98975133313116,153.47603794815226,2956.5668450177097,1.1901288605445857,0.2248920749328394,206.00665504687039,244.8720912003738,4803.210132758401,0.2136089629229557,0.040364505465411117,155.93664839116748,185.5844661909177,3552.3749711680854,0.0,0.0,7.115629467469826,8.489706587727115,149.57819608252218,0.0,0.0,11.897929645395369,14.12185740476254,285.03513279301998,0.0,0.0,66.46389912208586,79.1896974854337,1458.2208013159498,0.0,0.0,44.14732358818734,52.96891410362871,788.7637610102628,0.0,0.0,24.283200249694663,28.87502435676088,556.4526901355926,42.33016026052262,29.03303172875352,241.14537386029398,287.9338205518249,5925.467392565384,0.0,0.0,57.3142161814872,69.23465756324835,806.3258811190729,0.0,17.145779676961113,44.57220490907157,22.0,30.0,0.0,16.959737043820586,43.25926534548323,12.0,30.0,0.0,17.11387943511505,45.13614240506053,22.0,30.0,0.0,16.89109363141624,43.385461689574878,12.0,30.0,0.0,15.980119890470455,49.49600605908723,12.0,30.0,0.0,17.496387977956556,44.80598477398912,12.0,30.0,0.0,16.45349357977477,46.635447907051858,10.0,30.0,0.0,14.36844823450755,54.76661318353274,12.0,30.0,0.0,16.95656394754851,46.497321031769917,20.0,30.0,0.0,15.949477343455197,0.0,0.0,0.0,12.438013283666975,0.0,0.0,475.3592601653995,446.88242619958717,496.3549031308287,445.97384873141399,536.8743409913827,831.2985028719182,520.3171474826036,601.6358201576235,729.3081774823648,0.0,80.22513320715557,80.22513320715557,60.0,0.0,60.0,60.0,12.0,12.0,12.0,19.0,12.0,12.0,21.0,10.0,0.0,0.0,0.0,0.0,0.0,0.0,0.0,0.0,0.0,0.0,0.0,0.0,0.0,80.22513320715557,80.22513320715557,0.0,0.0,0.0,80.22513320715557,0.0,0.0,0.0021133333333333335 
 04/08  04:30:00,5.484999999999999,84.5,6.665,0.0,0.0,0.0,0.0,0.0,2.0,2.0,0.0,0.0,0.0,0.0,0.0,2046.0,0.0,0.0,0.0,0.0,0.0,0.0,0.0,0.0,0.0,0.0,0.0,17.24038392259664,-153.33209101556623,17.188024617450794,-131.9533347346046,17.239446931736035,-200.58803966352617,17.185480674826655,-109.4904853844173,15.971497862016019,-3.3002698116863344,17.264518663257378,-21.288861683603728,16.530518410056446,-47.12413145899325,14.742981875573927,-172.52084311891373,16.82108723494394,-57.832768405083928,531.895673578767,503.78875524580487,0.0,0.0,0.0,0.0,0.0,0.0,0.0,0.0,0.0,0.0,0.0,0.0,0.0,0.0,0.0,0.0,0.0,0.0,0.0,0.0,0.0,0.0,1.2221087103224047,0.3730490568749709,215.12148937542947,256.5544925033569,4963.692273918381,0.22830650875869003,0.034845315744610808,161.72533935296415,192.80001655444335,3743.0429527879998,1.1592866600388745,0.2190639947163407,172.32972405149583,205.54071299439665,4001.9758965078615,0.23112167929773096,0.043673786715368648,170.9445149789489,203.85774014976705,3950.436782617347,0.0,0.0,7.346957157626924,8.790050834219372,155.58065823860927,0.0,0.0,11.85349655522191,14.105092492004872,285.6035568478355,0.0,0.0,68.53605258502123,81.8759800805683,1514.9124379397895,0.0,0.0,44.25415192869019,53.237144075370107,795.8236111658455,0.0,0.0,23.74327317928674,28.300661010978666,547.9524042650712,42.413047890215739,29.08988195488049,306.5429831775842,366.8351301468511,7410.270856061059,0.0,0.0,57.435006380616758,69.56991334629997,811.8229707338944,0.0,16.87562248294163,44.056968487797707,22.0,30.0,0.0,16.975490876046878,43.872765730246488,12.0,30.0,0.0,16.952674423358986,44.29804019642992,22.0,30.0,0.0,16.947950916847799,44.256481850212768,12.0,30.0,0.0,15.952190435251353,49.295129776709519,12.0,30.0,0.0,17.460465251037719,44.62696083926761,12.0,30.0,0.0,16.428048906173936,46.55646960711671,10.0,30.0,0.0,14.3206926362863,54.64121475040819,12.0,30.0,0.0,16.933654431500949,46.29322484160839,20.0,30.0,0.0,16.00981251012708,0.0,0.0,0.0,12.364649689963573,0.0,0.0,466.1830168549147,458.8018333930304,479.25885995095475,470.4360133332337,535.8541055860551,828.0984368087682,515.0918344604419,600.3804804065019,728.8839855095239,0.0,80.22513320715557,80.22513320715557,60.0,0.0,60.0,60.0,12.0,12.0,12.0,19.0,12.0,12.0,21.0,10.0,0.0,0.0,0.0,0.0,0.0,0.0,0.0,0.0,0.0,0.0,0.0,0.0,0.0,80.22513320715557,80.22513320715557,0.0,0.0,0.0,80.22513320715557,0.0,0.0,0.0021266666666666666 
 04/08  04:40:00,5.38,84.66666666666667,6.663333333333333,0.0,0.0,0.0,0.0,0.0,2.0,2.0,0.0,0.0,0.0,0.0,0.0,2046.0,0.0,0.0,0.0,0.0,0.0,0.0,0.0,0.0,0.0,0.0,0.0,17.216944606833608,-136.819014630923,17.09256870243116,-121.26624280280521,17.172129632098316,-281.01124088176496,17.07120776087016,-139.67349238800535,15.935721095358943,-3.772887077854577,17.21942800414962,-22.76264176060232,16.47488975916363,-44.49161199921787,14.67928254104051,-178.00716738096754,16.792594962845585,-61.44612511448213,533.1642768640522,508.34628476169328,0.0,0.0,0.0,0.0,0.0,0.0,0.0,0.0,0.0,0.0,0.0,0.0,0.0,0.0,0.0,0.0,0.0,0.0,0.0,0.0,0.0,0.0,1.210532157213633,0.36951531050477207,189.12387556028217,225.55599946911094,4406.942207049887,0.2306022372974273,0.0351957016632215,159.1482245887711,189.88338702609787,3681.439529005421,1.1924835747510235,0.22533703226587754,305.4388975967529,364.43394228405409,7108.579702764713,0.23431279848952814,0.044276794877083917,214.188014801856,255.6499459951192,4919.712640785572,0.0,0.0,7.538959598196341,9.020246917567711,160.71897144461318,0.0,0.0,11.927110065248283,14.199388289158673,288.8962526786318,0.0,0.0,71.03674627031688,84.87942498205324,1576.1608975500556,0.0,0.0,44.7470959235646,53.85903183364407,808.0280693435261,0.0,0.0,23.989371102941726,28.612530779648773,557.3698696412871,42.41184815376138,29.08905909037133,352.59118715344189,422.0468238639064,8422.264910881175,0.0,0.0,57.915142727564958,70.18771728038016,822.4730637648007,0.0,16.89766815509919,43.8667903179569,22.0,30.0,0.0,16.849135019148848,43.5828088746707,12.0,30.0,0.0,16.880604344548965,43.862151564747,22.0,30.0,0.0,16.772919720762219,44.096024368934269,12.0,30.0,0.0,15.915001916507123,49.03003988522002,12.0,30.0,0.0,17.41463559947748,44.38716752435667,12.0,30.0,0.0,16.36227652523333,46.369603679223718,10.0,30.0,0.0,14.248620953479723,54.238281931566607,12.0,30.0,0.0,16.902443378064388,45.96702679109616,20.0,30.0,0.0,15.94374060977771,0.0,0.0,0.0,12.289206634721602,0.0,0.0,468.4345359460136,454.8650594983734,474.2636887401701,465.1572052606176,533.9689141394094,821.8528790211997,515.0160706138685,598.7308758260734,722.5017606497413,0.0,80.22513320715557,80.22513320715557,60.0,0.0,60.0,60.0,12.0,12.0,12.0,19.0,12.0,12.0,21.0,10.0,0.0,0.0,0.0,0.0,0.0,0.0,0.0,0.0,0.0,0.0,0.0,0.0,0.0,80.22513320715557,80.22513320715557,0.0,0.0,0.0,80.22513320715557,0.0,0.0,0.00214 
 04/08  04:50:00,5.275,84.83333333333334,6.661666666666667,0.0,0.0,0.0,0.0,0.0,2.0,2.0,0.0,0.0,0.0,0.0,0.0,1023.0,0.0,0.0,0.0,0.0,0.0,0.0,0.0,0.0,0.0,0.0,0.0,17.20980522209914,-22.771392449137239,17.01547605532062,-211.83420149637096,17.14201277154386,-57.647589037814217,17.00292538686353,-213.62911505536705,15.896528889100255,-3.3640378890259514,17.169156253553,-20.992900297877215,16.417254069028585,-56.65680364921718,14.615746315547167,-172.47191260414048,16.760248218264267,-60.66878289642534,492.8041391668021,519.4547787946581,0.0,0.0,0.0,0.0,0.0,0.0,0.0,0.0,0.0,0.0,0.0,0.0,0.0,0.0,0.0,0.0,0.0,0.0,0.0,0.0,0.0,0.0,1.2400470402996256,0.3785247375761983,137.97550840151934,164.23660484080629,3275.6330048383795,0.21697406361505212,0.03311569957494691,139.3410586973196,166.03863470753593,3227.33550344956,1.213467357671848,0.2293022217822843,217.23769336048253,258.62154309057999,5116.874582323288,0.21929432888122359,0.041438837657071719,153.75074357252854,183.25072380368764,3541.611706058699,0.0,0.0,7.008280453267016,8.371200626078867,150.37466176633695,0.0,0.0,12.242884912160602,14.549524083273429,297.9654242762887,0.0,0.0,65.80629064906138,78.51170698202242,1465.413955518432,0.0,0.0,44.822483533544417,53.85562318779349,813.1174782630811,0.0,0.0,25.893002232917448,30.82315089551434,605.4863477010677,42.37510383149252,29.063857223245909,249.3915820408319,298.2089943663195,6176.1529583453179,0.0,0.0,57.948794496445277,70.10885053026849,827.4998485338753,0.0,16.959357431614224,44.009006822105728,22.0,30.0,0.0,16.751118343407844,42.796858897683247,12.0,30.0,0.0,16.904527092927457,44.40554974967771,22.0,30.0,0.0,16.68733871204162,42.93618287705011,12.0,30.0,0.0,15.871262215164859,48.731204601073439,12.0,30.0,0.0,17.35904359277289,44.11780047356943,12.0,30.0,0.0,16.289411339442418,45.986187273406077,10.0,30.0,0.0,14.17784831984697,54.249635656039618,12.0,30.0,0.0,16.864867187919005,45.637027837242538,20.0,30.0,0.0,15.753150208735834,0.0,0.0,0.0,12.217303938497097,0.0,0.0,467.7012840318209,441.7378975244174,484.09895644949457,441.32220179222039,531.3351115426596,813.9464173068236,514.9127729475523,595.8651527395304,714.0342123947512,0.0,80.22513320715557,80.22513320715557,60.0,0.0,60.0,60.0,12.0,12.0,12.0,19.0,12.0,12.0,21.0,10.0,0.0,0.0,0.0,0.0,0.0,0.0,0.0,0.0,0.0,0.0,0.0,0.0,0.0,80.22513320715557,80.22513320715557,0.0,0.0,0.0,80.22513320715557,0.0,0.0,0.00214 
 04/08  05:00:00,5.17,85.0,6.66,0.0,0.0,0.0,0.0,0.0,2.0,2.0,0.0,0.0,0.0,0.0,0.0,2046.0,0.0,0.0,0.0,0.0,0.0,0.0,0.0,0.0,0.0,0.0,0.0,17.05432471011923,-150.21539689851353,16.98977193011497,-125.27443889127199,17.04044115959396,-199.9075239199119,16.995766683851725,-107.87650590767362,15.864961484459539,-3.6362393186659718,17.128422053765538,-22.733595266980758,16.38252071674978,-51.548786292010849,14.563252907368899,-177.87031193583597,16.733731512011145,-63.85017107819249,532.4893193289918,521.1355566637286,0.0,0.0,0.0,0.0,0.0,0.0,0.0,0.0,0.0,0.0,0.0,0.0,0.0,0.0,0.0,0.0,0.0,0.0,0.0,0.0,0.0,0.0,1.2329752634199199,0.37636607552500608,210.59118134930874,251.53812174047426,4917.858578043988,0.2323526599581307,0.035462860188969897,162.17477647081479,193.62335559690258,3796.7410452012966,1.1869727778529358,0.22429568742496903,173.5775875540511,207.34559790696705,4073.9409589015297,0.2362738764887646,0.044647368951013708,163.45760840771184,195.2075036190335,3820.5873906193157,0.0,0.0,7.341035537263277,8.792513668946505,158.64955747173674,0.0,0.0,12.155926716647802,14.482431896124816,297.51031311682916,0.0,0.0,68.42075966505195,81.84155778535788,1534.9585648150867,0.0,0.0,44.80349759445966,53.972582379730777,817.8343680275239,0.0,0.0,25.302474351189649,30.192028555486357,595.6845052742004,42.458407837430957,29.12099302978804,299.1011516502583,358.46292917767809,7331.452261180581,0.0,0.0,57.944191159047409,70.29366711617362,830.1824644058247,0.0,16.69056546116055,43.65044280452564,22.0,30.0,0.0,16.775722284692244,43.41342466152187,12.0,30.0,0.0,16.746703398869223,43.72695327106415,22.0,30.0,0.0,16.74912149630736,43.656226725882138,12.0,30.0,0.0,15.842934898991669,48.51621749244603,12.0,30.0,0.0,17.3223790413023,43.93985690852972,12.0,30.0,0.0,16.26485474385607,46.001089391245617,10.0,30.0,0.0,14.128213665757717,54.102393882123838,12.0,30.0,0.0,16.83938845030699,45.43023128786315,20.0,30.0,0.0,15.792929700789859,0.0,0.0,0.0,12.134475795634135,0.0,0.0,462.0319148326322,453.16869708638367,471.3790603646653,462.1180986257586,530.1426270334019,811.5866446842035,510.21640568079047,596.3029047832301,712.7347671602399,0.0,80.22513320715557,80.22513320715557,60.0,0.0,60.0,60.0,12.0,12.0,12.0,19.0,12.0,12.0,21.0,10.0,0.0,0.0,0.0,0.0,0.0,0.0,0.0,0.0,0.0,0.0,0.0,0.0,0.0,80.22513320715557,80.22513320715557,0.0,0.0,0.0,80.22513320715557,0.0,0.0,0.00214 
 04/08  05:10:00,5.151666666666667,84.83333333333334,6.626666666666667,0.0,0.0,0.0,0.0,0.0,2.0,2.0,0.0,0.0,0.0,0.0,0.0,2046.0,0.0,0.0,0.0,0.0,0.0,0.0,0.0,0.0,0.0,0.0,0.0,17.007737609833926,-171.0038856221804,16.891006537153389,-130.93853893454389,16.997760667290096,-238.6665242387112,16.88825378995672,-140.69525245418255,15.828697912503714,-4.195346668397093,17.08517246707118,-24.087192989313736,16.324158749866407,-51.2798855953738,14.498752515006182,-183.79729902436567,16.70311027514852,-67.67099168054063,534.9532038747639,524.9844834159563,0.0,0.0,0.0,0.0,0.0,0.0,0.0,0.0,0.0,0.0,0.0,0.0,0.0,0.0,0.0,0.0,0.0,0.0,0.0,0.0,0.0,0.0,1.231209210821167,0.37582698743014877,194.2898335282253,232.07468256178846,4528.396449756004,0.23130007629557226,0.035302209446821167,171.03037181445644,204.36664120390575,3965.762628928657,1.1798665365677939,0.2229528602735817,256.44858885408629,306.3923563083814,6016.8493712693639,0.23363388580694167,0.04414850449866621,209.8421393858572,250.7881109408894,4842.7479031123189,0.0,0.0,7.3934785754044569,8.855247800171363,159.53198660335193,0.0,0.0,12.236985051204663,14.58544586326105,298.92331271931746,0.0,0.0,69.68364701261825,83.36613321439825,1556.3143455504394,0.0,0.0,45.17837954534598,54.452318711765688,819.8515448229919,0.0,0.0,25.85566295876705,30.87003942830551,608.0604288504676,42.26022471880072,28.985064964883909,354.49797814565718,424.86580282371588,8509.073942914656,0.0,0.0,58.20410672561512,70.64535001429266,826.535023512829,0.0,16.665687811315075,43.36335032303188,22.0,30.0,0.0,16.637342687394275,43.25717417817431,12.0,30.0,0.0,16.722560687420267,43.32795986313228,22.0,30.0,0.0,16.583541102409386,43.545001975034058,12.0,30.0,0.0,15.805483674762737,48.254714209974668,12.0,30.0,0.0,17.27688694964589,43.70880436582839,12.0,30.0,0.0,16.19403054607136,45.80072771210502,10.0,30.0,0.0,14.053649816784829,53.697302865636988,12.0,30.0,0.0,16.805080415843507,45.104714783533079,20.0,30.0,0.0,15.765369085740407,0.0,0.0,0.0,12.051195658104671,0.0,0.0,461.07884808985718,450.6803546047199,469.4835356128623,458.6041482741532,528.3342173737347,806.215606581565,510.4721447792268,594.8500878872676,706.0072087185652,0.0,80.22513320715557,80.22513320715557,60.0,0.0,60.0,60.0,12.0,12.0,12.0,19.0,12.0,12.0,21.0,10.0,0.0,0.0,0.0,0.0,0.0,0.0,0.0,0.0,0.0,0.0,0.0,0.0,0.0,80.22513320715557,80.22513320715557,0.0,0.0,0.0,80.22513320715557,0.0,0.0,0.00214 
 04/08  05:20:00,5.133333333333334,84.66666666666667,6.593333333333334,0.0,0.0,0.0,0.0,0.0,2.0,2.0,0.0,0.0,0.0,0.0,0.0,1023.0,0.0,0.0,0.0,0.0,0.0,0.0,0.0,0.0,0.0,0.0,0.0,16.993449670988129,-28.22808060969237,16.809890179913567,-229.71750634780165,16.979464791840195,-49.948442077270559,16.84051679808409,-195.19186118702056,15.789270420451626,-3.6739257520421235,17.037642321501808,-22.13578528800656,16.25458244315121,-71.05455690135659,14.435763626021208,-177.46159260715468,16.668998417393984,-66.63292519568074,477.4864323795018,534.4301997751104,0.0,0.0,0.0,0.0,0.0,0.0,0.0,0.0,0.0,0.0,0.0,0.0,0.0,0.0,0.0,0.0,0.0,0.0,0.0,0.0,0.0,0.0,1.2160863308412547,0.3712107237000167,219.96408034314806,262.24084308478788,5169.127226571126,0.2125220293764772,0.03243620716979201,157.8872540464943,188.41293724511653,3634.641774100219,1.1700569695920363,0.22109920060318154,131.98990598249888,157.31699660782403,3121.298198496795,0.2133641227640663,0.04031823937340632,132.91569732321319,158.60937040977903,3062.4811712927146,0.0,0.0,6.619105288954508,7.914932917905668,142.57959157621799,0.0,0.0,12.569529517357559,14.95537866504307,306.3538647843068,0.0,0.0,61.30976027531548,73.24931879433845,1360.8145296730473,0.0,0.0,45.03757317026955,54.18960087732105,813.0920406279483,0.0,0.0,27.849935254723247,33.188189536428868,654.1240033025173,42.014021961462557,28.816201619658828,247.72211869116195,296.6080485310052,6109.605437478856,0.0,0.0,57.91011105511713,70.17115731868062,816.1043177094367,0.0,16.724072235341639,43.39684560011508,22.0,30.0,0.0,16.527751413658096,42.474233274890227,12.0,30.0,0.0,16.7597678945983,44.018360737389,22.0,30.0,0.0,16.53513539240311,42.454413890092677,12.0,30.0,0.0,15.7620055208737,47.98408240637605,12.0,30.0,0.0,17.223306237363667,43.471701731805037,12.0,30.0,0.0,16.09921462644909,45.30584972646461,10.0,30.0,0.0,13.983043289769294,53.66350733418193,12.0,30.0,0.0,16.764940261296397,44.81481076271941,20.0,30.0,0.0,15.559207450741573,0.0,0.0,0.0,11.97502688983901,0.0,0.0,461.75901414488626,437.7927015260046,481.6975119798199,437.9788491261202,525.957872019312,799.1320014961392,511.2414969226699,592.506993448232,697.3679452930269,0.0,80.22513320715557,80.22513320715557,60.0,0.0,60.0,60.0,12.0,12.0,12.0,19.0,12.0,12.0,21.0,10.0,0.0,0.0,0.0,0.0,0.0,0.0,0.0,0.0,0.0,0.0,0.0,0.0,0.0,80.22513320715557,80.22513320715557,0.0,0.0,0.0,80.22513320715557,0.0,0.0,0.0021466666666666667 
 04/08  05:30:00,5.115,84.5,6.5600000000000009,0.0,0.0,0.0,0.0,0.0,2.0,2.0,0.0,0.0,0.0,0.0,0.0,2046.0,0.0,0.0,0.0,0.0,0.0,0.0,0.0,0.0,0.0,0.0,0.0,16.900649942561928,-107.71806008685553,16.80227636525052,-84.94570224300583,16.83893281490949,-243.1316876857145,16.831759090174466,-119.61524389124316,15.757455725705896,-4.020181792554823,16.999625496054607,-25.009930649744008,16.223552487306564,-51.62237885388299,14.38393737909503,-183.5107931833927,16.641214852858036,-70.57666227276514,506.2226087875247,534.1810015235749,0.0,0.0,0.0,0.0,0.0,0.0,0.0,0.0,0.0,0.0,0.0,0.0,0.0,0.0,0.0,0.0,0.0,0.0,0.0,0.0,0.0,0.0,1.2096419765711016,0.36924358259191139,161.08391082117326,192.70051327773437,3747.72588082075,0.23407719555961083,0.035726067698353309,138.6661274431392,165.82625709076053,3215.2067108779995,1.1610256064768559,0.21939259381648835,243.43343304404318,291.1282340012207,5627.570730299352,0.22891026541372246,0.04325590805247966,170.86814881567177,204.27210085660608,3958.335016259117,0.0,0.0,7.374252660573713,8.840589063062446,158.6921077936758,0.0,0.0,12.442965338394807,14.841143102585145,302.82377732306159,0.0,0.0,68.61367191345429,82.16733603057975,1523.6020312356264,0.0,0.0,45.067297961707229,54.36106289421075,810.7655881095071,0.0,0.0,27.2308300959289,32.52798285577197,639.036958360201,41.931346559934159,28.759496954687358,282.45094487159579,338.9692636961408,6883.9876145668,0.0,0.0,57.90227965480826,70.3463657574105,808.5760948749903,0.0,16.579208450368819,43.400291201656489,22.0,30.0,0.0,16.587159859945058,42.965818354226318,12.0,30.0,0.0,16.521690983226699,43.37823037386919,22.0,30.0,0.0,16.5841415601886,43.256340620169428,12.0,30.0,0.0,15.733883608861085,47.72518137862207,12.0,30.0,0.0,17.187767790334406,43.255321514378398,12.0,30.0,0.0,16.086307447726179,45.560418176326887,10.0,30.0,0.0,13.933518607341306,53.54393004324287,12.0,30.0,0.0,16.737610431707645,44.57134748566556,20.0,30.0,0.0,15.59891020141993,0.0,0.0,0.0,11.89335057340079,0.0,0.0,463.39825530889007,449.96449461990019,466.5508821002295,458.79288845929588,525.0002355224988,797.4271143213886,508.349654186194,594.4309912803434,695.7408126026119,0.0,80.22513320715557,80.22513320715557,60.0,0.0,60.0,60.0,12.0,12.0,12.0,19.0,12.0,12.0,21.0,10.0,0.0,0.0,0.0,0.0,0.0,0.0,0.0,0.0,0.0,0.0,0.0,0.0,0.0,80.22513320715557,80.22513320715557,0.0,0.0,0.0,80.22513320715557,0.0,0.0,0.0021533333333333337 
 04/08  05:40:00,5.096666666666667,84.33333333333334,6.526666666666667,12.333333333333333,64.66666666666666,0.0,0.0,0.0,2.0,2.0,0.0,0.0,0.0,0.0,0.0,2046.0,0.0,21.47497564429509,48.87611075999642,125.24238545181895,0.6439306081750555,17.139100693248336,0.0,48.87611075999638,66.81734893922847,0.0,0.0,16.856645227544527,-135.80477392219519,16.709771921291915,-160.43782955703547,16.82883370164227,-241.81421086053934,16.783323391456386,-148.36530537032878,15.722871545817532,-4.229398147484673,16.96473992592071,-25.407786571130147,16.164549186210786,-61.33955572391267,14.349869437662495,-188.2760756992684,16.640975680583087,-74.52289549700009,527.6177347610219,536.8916157875256,0.0,0.0,0.0,0.0,0.0,0.0,0.0,0.0,0.0,0.0,0.0,0.0,0.0,0.0,0.0,0.0,0.0,0.0,0.0,0.0,0.0,0.0,1.1908059872928208,0.3634938911150246,249.2911571208734,298.1670801811039,5792.26798868227,0.2241510368512591,0.034211086210509628,194.54727042049286,232.8043169372603,4457.487779237814,1.1359351770862536,0.21465139400722867,236.6889869174916,282.9918676082925,5478.433473339539,0.22241947098026999,0.042029378492114497,202.7267535815975,242.5482762236756,4645.22858292652,0.0,0.0,7.147197045927925,8.568497038049206,153.59380959753237,0.0,0.0,12.638118956034742,15.080006290164676,307.1076855766685,0.0,0.0,65.49880058691433,78.45291462817362,1447.8644947938197,0.0,0.0,45.20910981403925,54.557225894869308,809.9288829516327,0.0,0.0,28.304175278989456,33.825749295233169,664.1845054020895,41.72598898322836,28.61864813664498,370.88843085435578,445.0181533407475,8789.55161405894,0.0,0.0,57.89518268171324,70.3707689039985,802.7791169607442,0.0,16.55030086088761,42.91444311763591,22.0,30.0,0.0,16.439618028282309,42.79690741464704,12.0,30.0,0.0,16.53599067494536,43.0536460588529,22.0,30.0,0.0,16.435708949402057,43.21681157155156,12.0,30.0,0.0,15.698575550997092,47.45423598922663,12.0,30.0,0.0,17.14746884385904,43.00936663470705,12.0,30.0,0.0,16.01307595758908,45.09889952932219,10.0,30.0,0.0,13.875162149228757,53.13993554107854,12.0,30.0,0.0,16.7157700527827,44.226962034648078,20.0,30.0,0.0,15.63084796980289,0.0,0.0,0.0,11.82435462960952,0.0,0.0,460.7657870941929,447.3165635636137,466.84002055315559,456.835584368324,523.5190009592232,792.6296046441191,507.5860998759391,593.1642063230203,689.8689296989085,0.0,80.22513320715557,80.22513320715557,60.0,0.0,60.0,60.0,12.0,12.0,12.0,19.0,12.0,12.0,21.0,10.0,0.0,0.0,0.0,0.0,0.0,0.0,0.0,0.0,0.0,0.0,0.0,0.0,0.0,80.22513320715557,80.22513320715557,0.0,0.0,0.0,80.22513320715557,0.0,0.0,0.0021599999999999998 
 04/08  05:50:00,5.078333333333333,84.16666666666666,6.493333333333334,18.666666666666666,129.33333333333332,0.0,0.0,0.0,2.0,2.0,0.0,0.0,0.0,0.0,0.0,1023.0,0.0,33.357374653575529,85.18721907402647,218.28763993612928,1.0002300780947549,26.622442119058286,0.0,85.18721907402642,116.45738692225155,0.0,0.0,16.8400738036255,-24.479586896643469,16.681468978451119,-168.31063699332754,16.832995112554096,-60.22380401444752,16.806236264826997,-233.11773290467318,15.684876742432511,-4.04647804413824,16.926622200912705,-24.50334825338274,16.115719869588994,-62.427527279282,14.327628096786193,-186.69610120576386,16.649521199634415,-75.16521525333474,451.28740954964726,544.6035814858897,0.0,0.0,0.0,0.0,0.0,0.0,0.0,0.0,0.0,0.0,0.0,0.0,0.0,0.0,0.0,0.0,0.0,0.0,0.0,0.0,0.0,0.0,1.2053140561066529,0.36792248354903936,107.6700474990202,128.5042381606658,2529.605016877731,0.2176543973571911,0.03321953561617691,108.53036153911562,129.6375076282858,2492.21274184934,1.1697518724570524,0.2210415480833433,198.35265067459214,236.715163105391,4633.470140628408,0.21090054804249543,0.039852711270312809,151.74071335592954,181.2613631719224,3479.050881375734,0.0,0.0,6.919007798465028,8.282316367368863,148.46138329306164,0.0,0.0,12.705968304608876,15.1345880834239,308.2416714962086,0.0,0.0,64.8732772467079,77.59065432375269,1430.3466386817805,0.0,0.0,45.45777904096326,54.76105214733301,812.846152433675,0.0,0.0,28.942940296386593,34.52136016110212,680.1231807464583,41.52377123518212,28.479952836201738,217.15879837601904,260.3500540363207,5390.285232503525,0.0,0.0,58.10430526204858,70.50332862653863,803.3179913376514,0.0,16.590680429652399,42.992410203409509,22.0,30.0,0.0,16.427798239403179,42.06253861905802,12.0,30.0,0.0,16.584748697494285,43.53367158883545,22.0,30.0,0.0,16.41672375241459,42.00545509445512,12.0,30.0,0.0,15.657083538583674,47.12493001141885,12.0,30.0,0.0,17.10164042803773,42.727392675652648,12.0,30.0,0.0,15.960997751532027,45.05394364513615,10.0,30.0,0.0,13.834907176712857,52.907138057663988,12.0,30.0,0.0,16.70803957599135,43.89101492509265,20.0,30.0,0.0,15.369545258292958,0.0,0.0,0.0,11.782088996269277,0.0,0.0,459.860239003754,436.85192085444239,476.36218529231879,435.49294318744315,521.5920833755124,788.6157865172517,510.5760921612206,592.8381387861076,686.1925718771009,0.0,80.22513320715557,80.22513320715557,60.0,0.0,60.0,60.0,12.0,12.0,12.0,19.0,12.0,12.0,21.0,10.0,0.0,0.0,0.0,0.0,0.0,0.0,0.0,0.0,0.0,0.0,0.0,0.0,0.0,80.22513320715557,80.22513320715557,0.0,0.0,0.0,80.22513320715557,0.0,0.0,0.0021433333333333336 
 04/08  06:00:00,5.06,84.0,6.46,25.0,194.0,0.0,0.0,0.0,2.0,2.0,0.0,0.0,0.0,0.0,0.0,2046.0,0.0,46.097000010777559,118.45986486702307,303.5470295795835,1.3822366083371523,36.78996536154236,0.0,118.45986486702293,161.94361627873333,0.0,0.0,16.697327401856677,-144.87545467979317,16.66818278211521,-128.55892005322904,16.77465456205116,-187.86643446722565,16.881178828467545,-157.54508664456035,15.654216276382855,-4.300731864665295,16.899245660453187,-25.632114699223423,16.080994790155129,-58.78063465644391,14.321059967038569,-189.10449094522358,16.66713273174156,-79.04664631525151,502.53430470016158,541.8700077396705,0.0,0.0,0.0,0.0,0.0,0.0,0.0,0.0,0.0,0.0,0.0,0.0,0.0,0.0,0.0,0.0,0.0,0.0,0.0,0.0,0.0,0.0,1.201316554863662,0.366702245074378,207.0972668195975,247.8800880150487,4753.684880466023,0.2253354755216203,0.034391861343348647,146.42290817100685,175.21491027090276,3370.205798848857,1.1242960416135715,0.21245201088691838,165.48607808088617,198.04364173862965,3837.766931844753,0.218826097121551,0.04135035848857727,164.62775642366285,196.965636986706,3810.9505540587776,0.0,0.0,7.119201321422297,8.543656401887866,152.6272817449214,0.0,0.0,12.760016491479018,15.234511615425017,309.3095651545383,0.0,0.0,65.30581879144083,78.30068924918257,1439.2847009253788,0.0,0.0,45.24253695868735,54.62968988858424,809.2345471975351,0.0,0.0,29.4256648412292,35.17341762587665,692.7018286149466,41.44143607745691,28.423481534606944,283.9505076446741,341.01938528102428,6865.77604947068,0.0,0.0,57.851084726551309,70.36302322376054,798.7271126259287,0.0,16.347417948605079,42.66554858514961,22.0,30.0,0.0,16.448415330767447,42.48165530933538,12.0,30.0,0.0,16.470203490418596,42.80817863597742,22.0,30.0,0.0,16.515144674728974,42.57990089837908,12.0,30.0,0.0,15.630143850326999,46.95924912339605,12.0,30.0,0.0,17.074675707857986,42.561476792567507,12.0,30.0,0.0,15.937177617741764,44.92796732543949,10.0,30.0,0.0,13.820080753921147,52.668165039663168,12.0,30.0,0.0,16.712301061700744,43.61949907329651,20.0,30.0,0.0,15.486616801943205,0.0,0.0,0.0,11.754991250826262,0.0,0.0,454.92107415545748,446.4247467713071,465.5903908094739,454.8862152845352,521.4103934999578,787.2144141038069,506.56249970531578,592.1122929096141,684.3222810061534,0.0,80.22513320715557,80.22513320715557,60.0,0.0,60.0,60.0,12.0,12.0,12.0,19.0,12.0,12.0,21.0,10.0,0.0,0.0,0.0,0.0,0.0,0.0,0.0,0.0,0.0,0.0,0.0,0.0,0.0,80.22513320715557,80.22513320715557,0.0,0.0,0.0,80.22513320715557,0.0,0.0,0.0021266666666666666 
 04/08  06:10:00,5.176666666666667,83.66666666666667,6.385,31.333333333333337,258.6666666666667,0.0,0.0,0.0,2.0,2.0,0.0,0.0,0.0,0.0,0.0,10240.0,0.0,65.02260504756107,145.39171928511315,372.5585224758586,1.9497300659376087,51.8944893936717,0.0,145.39171928511304,198.7615031001797,0.0,0.0,17.91541579040713,-960.264781816014,16.859950374321607,840.7939664717204,18.269634012835824,-2675.9002834238788,17.249744144823234,874.6866734435155,15.624096655933532,-2.956872034571831,17.936827774341347,-97.47423833278778,16.155156955782528,125.19326168233499,15.451008462391848,-221.05141914165436,18.10155692926794,-250.79337988223964,758.8837966364715,677.7898562278383,0.0,0.0,0.0,0.0,0.0,0.0,0.0,0.0,0.0,0.0,0.0,0.0,0.0,0.0,0.0,0.0,0.0,0.0,0.0,0.0,0.0,0.0,1.1835011859869978,0.3612640982866293,404.0080668306281,480.96938806899416,10735.298191162794,0.33727324357917345,0.051476380277651629,347.16284991930226,415.30082667314749,8246.504960746706,0.9640035525938585,0.1821624249043573,513.1513744206762,609.9692685326396,14053.366178451557,0.3014331791341325,0.056960162345830029,343.3947469798705,410.357815510896,8376.533604624818,0.0,0.0,11.472373636182145,13.787325679947149,242.61283440035997,0.0,0.0,18.947094984574848,22.536240383246488,510.6025034425969,0.0,0.0,75.97653755798122,91.17014367411362,1686.7067211006948,0.0,0.0,32.33797572510372,38.93877135651484,667.2049241021241,0.0,0.0,46.47458453523847,55.19308222846306,1291.0782870557083,42.05106214080942,28.841606406590829,678.1010375125879,812.7487720975491,16313.329535181143,0.0,0.0,52.0350751356854,63.373208003799,722.1034165636509,2075.2200703484038,18.238669639132668,37.72705445118553,21.999999999999998,30.0,0.0,16.866278920821637,41.05897031673596,15.999999999999999,30.0,4671.8790610875889,18.65228977040938,36.745025637533398,21.999999999999998,30.0,0.0,17.18056058256702,40.23162781433616,15.999999999999999,30.0,0.0,15.603793653361402,46.63104739962286,12.0,30.0,1886.625679245538,18.48362685464011,38.71300222318,20.0,30.0,0.0,16.131615547451749,43.69450872628012,10.0,30.0,1453.789906271842,15.558332797548152,46.91013527594373,16.999999999999998,30.0,2802.6231267927707,18.846281144354927,37.822908011704807,20.0,30.0,0.0,16.26668067510517,0.0,0.0,0.0,11.90772578417521,0.0,0.0,452.8811701786943,451.7028835832999,452.2909396969177,449.96192921539417,518.6949771438632,766.8447554679085,492.235464995725,596.8968109447992,661.4298816402178,12509.548985018642,79.73249604015138,87.86193513626236,60.0,0.0,60.0,60.0,16.0,16.0,19.0,19.0,16.0,12.0,21.0,10.0,1.0,0.0,2075.2200703484038,0.0,4671.8790610875889,0.0,1886.625679245538,0.0,1453.789906271842,2802.6231267927707,12300.643227679551,7380385.936607731,9624950.273120998,79.73249604015138,87.99999999999999,0.4100214409226517,0.7667873230739113,0.3602813740196596,87.99999999999999,0.3542647819438876,9624950.273120998,0.502607414202292 
 04/08  06:20:00,5.293333333333333,83.33333333333334,6.3100000000000009,37.66666666666667,323.33333333333339,0.0,0.0,0.0,2.0,2.0,0.0,0.0,0.0,0.0,0.0,4096.0,0.0,80.21097923270855,163.67531023056007,419.4093511025195,2.4051681975673175,64.01640984437729,0.0,163.67531023055984,223.7565580885551,0.0,0.0,18.704948561095848,-1448.7640757263394,17.527324010132227,876.8934671005545,19.160403226973675,-3495.1096844254054,18.139368833206633,728.5356038287623,15.593745250978362,2.2269918665169969,18.69977573560693,-154.0772446476375,16.400623229876559,153.6260879595203,16.215960633260928,-137.40379550565795,18.43835987955214,-221.5835059123557,1019.3851918407736,686.806266405217,0.0,0.0,0.0,0.0,0.0,0.0,0.0,0.0,0.0,0.0,0.0,0.0,0.0,0.0,0.0,0.0,0.0,0.0,0.0,0.0,0.0,0.0,1.265831360001811,0.38639540903596189,455.85906469213139,540.6383971728835,12991.835166775894,0.37550803582233518,0.05731197127935519,400.2085151877509,477.091440813053,10233.502509891805,1.0134639820035463,0.19150868896514487,562.8479888114694,666.5376947153878,16497.48278531944,0.3178825915883756,0.06006851692902032,369.67908450510097,439.91362169292997,9832.477760353202,0.0,0.0,13.335536025687608,16.02741650904654,278.29687426310286,0.0,0.0,21.18983628490856,25.092256493407104,618.9464099292801,0.0,0.0,84.28732656591692,100.96605254537033,1919.7650481367273,0.0,0.0,20.554542961756053,24.60511005428001,481.73501583794566,0.0,0.0,48.34964835063185,57.373868670052477,1360.3157056512978,42.610801716276878,29.22551558043682,755.9387440389343,903.7518261280283,19119.574141978595,0.0,0.0,46.47284504737149,56.53827477418903,653.9963015993216,1989.1691545186914,19.519384353105595,34.66799157407274,22.0,30.0,0.0,18.01196068996309,38.151191681428517,16.0,30.0,4265.934941498379,19.96040763487957,33.690433408665729,22.0,30.0,0.0,18.55663033858961,36.82273615959696,16.0,30.0,0.0,15.578334287762714,46.01308746008411,12.0,30.0,819.7420721828829,19.913082273264977,34.94132819856016,19.75,30.0,0.0,16.55423796859851,42.281989811250117,10.0,30.0,384.04234665447606,16.909560910914775,42.58722498817255,16.75,30.0,0.0,19.336462774398066,36.07396314109948,19.0,30.0,0.0,17.192593397348227,0.0,0.0,0.0,12.12202017265449,0.0,0.0,452.6909171094979,454.0892242728181,450.7151194772584,451.03682332418478,516.0268839638975,717.3472707919859,497.3997093840334,592.0506353136692,625.3416022562171,11841.964214073054,80.17426887262285,87.86931261152142,60.0,0.0,60.0,60.0,16.0,16.0,19.0,19.0,16.0,12.0,21.0,10.0,1.0,0.0,1989.1691545186914,0.0,4265.934941498379,0.0,819.7420721828829,0.0,384.04234665447606,0.0,11644.206924382914,6986524.154629747,9142382.652624779,80.17426887262285,88.0,0.3881402308127637,0.7641731947967057,0.36028137401965956,88.0,0.3542647819438875,9142382.652624779,0.47750723126982189 
 04/08  06:30:00,5.41,83.0,6.234999999999999,44.0,388.0,0.0,0.0,0.0,2.0,2.0,0.0,0.0,0.0,0.0,0.0,3072.0,0.0,96.09462371607768,178.42890161357546,457.2147786675449,2.881457193198377,76.69325646427382,0.0,178.4289016135753,243.92583604903843,0.0,0.0,19.21031488545389,-1362.923726334459,18.011684043445244,865.7702707921899,19.775679845286775,-3543.719357672947,18.72571363614138,706.5993645684209,15.5716152870367,8.268067593140316,18.30236866736297,-110.61744949308364,16.697878181849445,320.53072811028417,15.892986383988822,-191.34221909860453,18.70185847617909,-215.15484252951843,1190.9093068341036,667.1723529058988,0.0,0.0,0.0,0.0,0.0,0.0,0.0,0.0,0.0,0.0,0.0,0.0,0.0,0.0,0.0,0.0,0.0,0.0,0.0,0.0,0.0,0.0,1.3645158413496824,0.41651887709086757,459.41499529758166,543.450096021265,13617.754340662628,0.38891704581656286,0.05935852347627636,398.8630957285756,474.16521122600298,10698.800119567677,1.0891835228041798,0.20581699221545347,561.1048652665709,662.6033895903503,17157.705021283495,0.3216781948313121,0.060785751101910787,356.87843318173636,423.40260362312008,9979.010889925004,0.0,0.0,14.024984008421225,16.855627669084759,289.05387212382746,0.0,0.0,21.153173497987518,25.10629525306254,584.8005952554961,0.0,0.0,83.08673449277609,99.34861494144046,1958.4953151249677,0.0,0.0,25.80598453780452,30.926613078531127,563.5545866875998,0.0,0.0,45.270107513834769,53.644141241518429,1290.3919966244958,42.953233282428509,29.460379480403647,742.5067406699909,885.3433324125007,19726.033707278595,0.0,0.0,44.78901028378022,54.472438377739468,618.8887302194465,1944.3990794147588,20.233847832062194,33.12153893154304,21.999999999999994,29.99999999999999,0.0,18.78424327714588,36.285956152393129,15.999999999999993,29.99999999999999,4386.529566058893,20.746748766159479,32.066271574041937,21.999999999999994,29.99999999999999,0.0,19.384753047267844,34.9064267160693,15.999999999999993,29.99999999999999,0.0,15.564230758001362,45.61884082737889,11.999999999999995,29.99999999999999,9.749726105505842,19.21246265454656,36.191875604621248,18.999999999999994,29.99999999999999,0.0,17.09019216164364,40.6183577782594,9.999999999999997,29.99999999999999,40.71020426820285,16.25915370819174,44.052076095588407,15.999999999999993,29.99999999999999,1264.734768613487,19.669001672561309,35.09850628043263,19.66666666666666,29.99999999999999,0.0,17.919312543431994,0.0,0.0,0.0,12.101819331548807,0.0,0.0,452.9194462910598,455.5883476893122,451.59856949173448,451.0935570847526,519.1920756289253,694.960559893049,479.9416910552652,596.900580304381,621.551559240371,12080.90516268516,80.01610697340561,87.86667135472007,59.99999999999998,0.0,59.99999999999998,59.99999999999998,16.0,16.0,19.0,19.0,16.0,12.0,21.0,10.0,1.0,0.0,1944.3990794147588,0.0,4386.529566058893,0.0,9.749726105505842,0.0,40.71020426820285,1264.734768613487,11879.15763003031,7127494.5780181889,9317315.827466777,80.01610697340561,87.99999999999997,0.3959719210010103,0.765074698320384,0.36028137401965945,87.99999999999997,0.35426478194388735,9317315.827466777,0.4865970896949391 
 04/08  06:40:00,5.526666666666666,82.66666666666667,6.16,49.16666666666667,420.6666666666667,0.0,0.0,0.0,2.0,2.0,0.0,0.0,0.0,0.0,0.0,4096.0,0.0,109.09088074351065,178.77389315117456,458.09895312542008,3.2711655194330278,87.06566896960499,0.0,178.77389315117439,244.39746563638495,0.0,0.0,19.67834884080004,-1269.1700303295525,18.417094467925716,1001.0134893476572,20.29722166258694,-3502.54367455083,19.200334883267474,827.4143775157561,15.56052193762572,19.641221755511997,18.717741036392085,-104.06844849258367,17.11992323641417,423.1215564695217,16.264601012186718,-307.23434352849577,18.63353226561132,-138.49289141394417,1340.3410515193869,665.1481811140213,0.0,0.0,0.0,0.0,0.0,0.0,0.0,0.0,0.0,0.0,0.0,0.0,0.0,0.0,0.0,0.0,0.0,0.0,0.0,0.0,0.0,0.0,1.4647262766933527,0.4471081430687891,472.2015289907208,557.570852613651,14496.567116944865,0.4080392881271224,0.062277058627460708,406.01465147217348,481.8911478673501,11277.845594017861,1.1702640180031737,0.22113832539742524,573.8601975392002,676.4552570318278,18148.540140618617,0.33665913383597037,0.06361661637112062,361.81349884974306,428.49062597057186,10491.754211187537,0.0,0.0,14.428559894702655,17.351044228075226,294.07650422422656,0.0,0.0,19.96968484657821,23.668433367311239,570.6713069529676,0.0,0.0,89.58699633129663,106.9002258883831,2217.3070732951198,0.0,0.0,32.765851928819639,39.228879181137447,750.0787254209387,0.0,0.0,36.864510233006537,43.75528284496461,1029.9713312504806,43.28154791160646,29.685560981897458,756.5294737976165,900.3977238859102,20948.45563570445,0.0,0.0,48.33444099388852,58.80433510649178,668.0774137540465,1934.9423282193878,20.90962969848358,31.71926992839473,22.000000000000008,30.00000000000001,0.0,19.40308037094451,34.855159317880097,16.000000000000008,30.00000000000001,4358.517489617264,21.420081351543048,30.72431131119523,22.000000000000008,30.00000000000001,0.0,20.046154796484978,33.46090428858505,16.000000000000008,30.00000000000001,0.0,15.566996605746056,45.28024653476142,12.000000000000004,30.00000000000001,1025.0472516887492,19.82416250046205,34.59567100872457,19.750000000000008,30.00000000000001,0.0,17.812526898863437,38.677858341693497,10.000000000000004,30.00000000000001,766.9528148093907,16.860400660462735,42.21391049055575,16.750000000000008,30.00000000000001,0.0,19.452222265982344,35.41031934779883,19.000000000000008,30.00000000000001,0.0,18.597220002630445,0.0,0.0,0.0,12.234554433465725,0.0,0.0,453.65938541357556,456.58013963631438,453.19200796570649,453.21903487187697,514.9868504233215,679.676814426616,474.41879103250769,618.388555486653,621.9915137868973,11226.09080929024,80.5817429709825,87.87611730809494,60.00000000000002,0.0,60.00000000000002,60.00000000000002,16.0,16.0,19.0,19.0,16.0,12.0,21.0,10.0,1.0,0.0,1934.9423282193878,0.0,4358.517489617264,0.0,1025.0472516887492,0.0,766.9528148093907,0.0,11038.618422773283,6623171.053663968,8667306.938944757,80.5817429709825,88.00000000000003,0.3679539474257761,0.7641618747048503,0.36028137401965967,88.00000000000003,0.35426478194388769,8667306.938944757,0.4527899608251273 
 04/08  06:50:00,5.643333333333333,82.33333333333334,6.085,54.33333333333333,453.3333333333333,0.0,0.0,0.0,2.0,2.0,0.0,0.0,0.0,0.0,0.0,3072.0,0.0,122.3314751344552,176.82992471792759,453.1178081356728,3.668201888877905,97.63310309933974,0.0,176.82992471792739,241.73991340664782,0.0,0.0,19.986415590434313,-1202.4526489892169,18.775094996929967,909.5917828231123,20.647873879353033,-3307.2316491667686,19.602713137865899,715.866981655047,15.557488301160389,24.957404283392543,18.46576611819161,-54.03550191620662,17.46555651310163,386.2832737812696,16.078537249593546,-344.5793657364268,18.74712985041713,-93.62581801893546,1409.3809931016343,731.4929648773551,0.0,0.0,0.0,0.0,0.0,0.0,0.0,0.0,0.0,0.0,0.0,0.0,0.0,0.0,0.0,0.0,0.0,0.0,0.0,0.0,0.0,0.0,1.541890983702057,0.4706626934377467,467.7458051331502,551.5251565413219,14603.022525905366,0.4135744562795231,0.06312186451152678,396.1186441764944,469.30122681679998,11291.581465065909,1.252626333537261,0.2367018770856505,555.0197212445182,653.3242627224868,17836.627951446608,0.34093278650550237,0.06442418490277827,348.33775735167486,411.78537737919307,10358.04851217151,0.0,0.0,13.970280322943929,16.798103131733947,281.8194579183996,0.0,0.0,17.22119107927077,20.44391564008273,472.02897405832626,0.0,0.0,104.69961760347849,124.6735209708077,2676.4118223394286,0.0,0.0,42.389129142099168,50.81576075181059,917.5584393777067,0.0,0.0,25.68354264566719,30.496697265948208,703.2367302518665,43.346559666216318,29.73015066269984,733.8897457246619,872.0795618776281,20828.9691203865,0.0,0.0,58.36786485192419,70.94535464497882,811.3151778584004,1807.9807119313082,21.30481376857491,30.927783363910419,22.000000000000019,30.00000000000002,0.0,19.90761283973176,33.73999741281682,16.000000000000015,30.00000000000002,4075.874225517169,21.810326709784176,29.972742832139049,22.000000000000019,30.00000000000002,0.0,20.557584924769214,32.39289679425058,16.000000000000015,30.00000000000002,0.0,15.578865462962725,45.00129282243094,12.00000000000001,30.00000000000002,0.0,19.3156015664133,35.53368663767993,19.000000000000015,30.00000000000002,0.0,18.35365365798898,37.35943583460062,10.000000000000007,30.00000000000002,455.4573723481249,16.318476429777435,43.29608609751266,16.333333333333348,30.00000000000002,952.8734634982357,19.35542258801766,35.55134001018503,19.33333333333335,30.00000000000002,0.0,19.038916917627458,0.0,0.0,0.0,12.384016043429123,0.0,0.0,455.02221422205948,458.1381424491897,454.840501548417,456.3682364695353,511.4662801028487,682.7838831373509,482.6074847480574,593.3108792921387,646.8745553663357,11998.255661689298,80.07072457826095,87.86758345252003,60.00000000000004,0.0,60.00000000000004,60.00000000000004,16.0,16.0,19.0,19.0,16.0,12.0,21.0,10.0,1.0,0.0,1807.9807119313082,0.0,4075.874225517169,0.0,0.0,0.0,455.4573723481249,952.8734634982357,11797.888351184738,7078733.010710837,9242579.25257893,80.07072457826095,88.00000000000007,0.3932629450394912,0.765994332281589,0.3602813740196598,88.00000000000007,0.3542647819438878,9242579.25257893,0.48267412113410448 
 04/08  07:00:00,5.76,82.0,6.01,59.5,486.0,0.0,0.0,0.0,2.0,2.0,0.0,0.0,0.0,0.0,0.0,10240.0,0.0,135.8076783294475,172.568410218101,442.19809314766737,4.072304538077273,108.38859222753676,0.0,172.56841021810085,235.91409999971149,0.0,0.0,20.13117540984299,-1351.079338799861,19.006833628343168,824.3149551959444,20.65590139831525,-1935.7361323864239,19.79199931346377,494.8580850892698,15.557678797741897,31.866175588072346,18.58006577499237,-51.390503617,17.675427948285319,386.3391345843764,16.42683071780469,-372.0339913047255,19.107826807401499,-95.77578134923593,1410.713069188432,789.4773846323415,0.0,0.0,0.0,0.0,0.0,0.0,0.0,0.0,0.0,0.0,0.0,0.0,0.0,0.0,0.0,0.0,0.0,0.0,0.0,0.0,0.0,0.0,1.5652853685068598,0.47780383654055549,441.91292332186858,521.4832897780457,13800.595076537129,0.39256723848590088,0.05991563468954531,357.62412719748678,423.8323347512769,10302.126406876067,1.3743119303891934,0.2596961319707472,401.4316785403852,473.4150294332052,12728.179713256153,0.33242093142819509,0.06281574667955309,276.8937534068754,327.57855900627239,8261.219715780238,0.0,0.0,13.949274490719976,16.791050048520629,278.49103684213869,0.0,0.0,16.742549396978764,19.893918464213436,456.99422724446085,0.0,0.0,104.6148972029283,124.60875070952248,2708.0303753409618,0.0,0.0,43.8252183256518,52.525377659486007,978.3716737773024,0.0,0.0,27.33879599585993,32.44677641321572,763.7829527934451,43.18899924647504,29.62208453119002,624.7376018503048,742.7665678341439,18033.374010455133,0.0,0.0,61.0372550451671,74.22812025739546,862.2776029360741,1846.7135107156512,21.41961658468537,30.635060274488305,21.999999999999998,30.0,0.0,20.189814887746285,33.079182315349928,15.999999999999999,30.0,2391.442309042832,21.573274022999674,30.35400091317141,21.599999999999999,30.0,0.0,20.72021645363735,32.0076714798546,15.999999999999999,30.0,0.0,15.592831886835067,44.78828234947287,12.0,30.0,908.5506931634054,19.417943418294258,35.20987316699564,19.6,30.0,0.0,18.65107594122074,36.54021228668932,10.0,30.0,405.20534548701087,16.820513153650809,41.55341565156359,16.3,30.0,0.0,19.716130702930898,34.667922116418299,19.0,30.0,0.0,19.243618599806348,0.0,0.0,0.0,12.625678910819352,0.0,0.0,459.06462498933686,462.5693785024298,459.1843934096148,460.66782492234116,507.03082689150099,691.9807566634166,479.03880783205156,554.075819609274,656.869888718752,10447.017704683869,81.09704286438552,84.7142481276582,60.0,0.0,60.0,60.0,16.0,16.0,19.0,19.0,16.0,12.0,21.0,10.0,1.0,0.0,1846.7135107156512,0.0,2391.442309042832,0.0,908.5506931634054,0.0,405.20534548701087,0.0,5473.98863250979,3284393.1795058746,4280127.587125306,81.09704286438552,84.77568028132595,0.3524662877503263,0.7680397987881122,0.3602813740196596,84.77568028132595,0.3542647819438876,4280127.587125306,0.22459663453051596 
 04/08  07:10:00,5.973333333333333,80.83333333333334,6.405,64.66666666666667,518.6666666666667,0.0,0.0,0.0,2.0,2.0,0.0,0.0,0.0,0.0,0.0,6144.0,0.0,149.41282590921609,165.80992132011984,424.8800328214227,4.480275141812877,119.24700813327513,0.0,165.80992132011964,226.67473328299793,0.0,0.0,20.187408757943094,-1408.9185397325737,19.12723706688063,740.9207377570273,20.652262313494064,-1544.8407825733364,19.84335685752637,434.8327905978197,15.560423635226745,33.77460204149228,18.695875750218805,-40.03192297377036,17.7896985788807,338.5168309800797,16.203371234770658,-356.6667238085947,18.598098258854927,-72.44480599622556,1394.3320205126582,818.6774596635167,0.0,0.0,0.0,0.0,0.0,0.0,0.0,0.0,0.0,0.0,0.0,0.0,0.0,0.0,0.0,0.0,0.0,0.0,0.0,0.0,0.0,0.0,1.5733344500536673,0.48026082113970305,441.13307844484668,520.5221462037215,13573.055552483716,0.38230498729451758,0.058349357035182788,338.3497891013877,400.82076757201937,9671.27544919671,1.408992332960839,0.26624949602434608,352.55590827499966,416.0082269817385,10998.258530897778,0.33242402041738597,0.06281633038877282,258.398221446148,305.74793372959507,7601.0425773661859,0.0,0.0,13.709344006411343,16.500461985384307,268.2249808693717,0.0,0.0,15.61248452220393,18.532161869651888,426.19514096840399,0.0,0.0,111.62026341504716,132.88476104915405,2869.1875320854826,0.0,0.0,49.68732387805393,59.64150034989591,1046.2583024692424,0.0,0.0,22.33263932302664,26.549892834905547,592.7797612369109,44.32952898395965,30.404340866913345,587.2454534398926,698.1722371346817,16805.12921886619,0.0,0.0,66.4915166364057,80.79686807848474,939.8439841964957,1811.5301135287123,21.39744421644397,30.627973438612839,21.999999999999994,30.0,0.0,20.28935148490085,32.83317733683551,15.999999999999999,30.0,2013.1905324689329,21.518831943163656,30.414145547028697,21.499999999999998,30.0,0.0,20.706172608149698,32.000191820351059,15.999999999999999,30.0,0.0,15.607466744340627,44.556468695284298,11.999999999999997,30.0,0.0,19.603118392025995,36.10473554560153,18.999999999999998,30.0,0.0,18.776227563882455,36.16270228091807,9.999999999999999,30.0,684.6343342081343,16.382583811957287,42.47970514996508,16.499999999999998,30.0,0.0,19.19966214512667,36.866833581778838,18.999999999999998,30.0,0.0,19.246654041805983,0.0,0.0,0.0,12.844951041159496,0.0,0.0,461.5108155738103,465.58222873650359,462.2821391901853,465.4944529573455,501.20819665133106,731.1517346284267,478.3678306982656,532.7166041209057,685.2953405305789,9484.310849637846,81.73372823121685,82.87610925896164,60.0,0.0,60.0,60.0,16.0,16.0,19.0,19.0,16.0,12.0,21.0,10.0,1.0,0.0,1811.5301135287123,0.0,2013.1905324689329,0.0,0.0,0.0,684.6343342081343,0.0,1728.8843378655222,1037330.6027193137,1343242.6932710782,81.73372823121685,82.89551068125748,0.3409628112621841,0.7698881741838599,0.3602813740196595,82.89551068125748,0.3542647819438874,1343242.6932710782,0.07184862005009607 
 04/08  07:20:00,6.186666666666667,79.66666666666667,6.800000000000001,69.83333333333333,551.3333333333334,0.0,0.0,0.0,2.0,2.0,0.0,0.0,0.0,0.0,0.0,10240.0,0.0,163.3390212422911,157.18182818186558,402.7712275198363,4.897873763249144,130.3616657832224,0.0,157.1818281818653,214.87947582624558,0.0,0.0,20.250478794526928,-1232.1638645893586,19.18368273847929,669.8986223549767,20.753345646089835,-1903.4551261087329,19.850564669463986,525.2255472214962,15.562217472664689,36.723773925985259,18.593371880851504,-36.40190517506425,17.84944709338334,310.4545012064619,16.238162243224424,-346.5670085604952,18.93751398491213,-106.39746243332846,1405.1906264798852,846.7781505144604,0.0,0.0,0.0,0.0,0.0,0.0,0.0,0.0,0.0,0.0,0.0,0.0,0.0,0.0,0.0,0.0,0.0,0.0,0.0,0.0,0.0,0.0,1.5481041123054654,0.47255925284049629,419.7397525830619,495.4985659055118,12732.218734713246,0.37528459051054288,0.057277867904539519,330.59124859444617,391.73699304033337,9309.383150480375,1.3659855788180795,0.25812274732012099,402.51263628354578,474.70690512358888,12427.32879794918,0.3336911934059995,0.06305578106689333,283.49993587475907,335.52105737405966,8181.077112139906,0.0,0.0,13.878491859076045,16.709873102530375,265.8614788602339,0.0,0.0,16.316290388871047,19.398826027039079,424.4095704563707,0.0,0.0,109.77176465407809,130.72171109078585,2784.082149223481,0.0,0.0,50.57685445105142,60.723486858255288,1045.7140229700438,0.0,0.0,27.81392944016264,32.99555350328022,754.6691618566038,45.46884570255166,31.185765228087573,604.7596783836767,719.0698798940944,17040.546721468778,0.0,0.0,68.60774199632228,83.3414928939494,965.0139269737596,1850.9211617257166,21.392889294565934,30.597301217433669,22.0,30.000000000000008,0.0,20.28777108572833,32.81707356187199,16.000000000000005,30.000000000000008,2509.2028507826796,21.583951450793874,30.249586827404359,21.6,30.000000000000008,0.0,20.649819092528995,32.068951595055647,16.000000000000005,30.000000000000008,0.0,15.6179726215503,44.40168195968362,12.0,30.000000000000008,0.0,19.16029338245148,38.65384399192684,19.000000000000005,30.000000000000008,0.0,18.8192630092833,36.00429813997914,10.000000000000002,30.000000000000008,133.21908372732745,16.40991596658452,42.38054469231284,16.000000000000005,30.000000000000008,832.2469721869564,19.70555175113246,36.74519176348247,19.300000000000006,30.000000000000008,0.0,19.273773619852198,0.0,0.0,0.0,13.025426490661893,0.0,0.0,465.35703167786547,470.19385312342618,465.57654536370537,468.052492499812,496.4941614226967,773.0333980694099,477.6905940063426,521.87404010093,711.0507167342261,10448.069728609767,81.09636408437527,85.31291183987583,60.000000000000017,0.0,60.000000000000017,60.000000000000017,16.0,16.0,19.0,19.0,16.0,12.0,21.0,10.0,1.0,0.0,1850.9211617257166,0.0,2509.2028507826796,0.0,0.0,0.0,133.21908372732745,832.2469721869564,6381.177871597479,3828706.7229584867,4984739.717599315,81.09636408437527,85.38452281874211,0.3487059290532494,0.7668830030270279,0.36028137401965967,85.38452281874211,0.35426478194388769,4984739.717599315,0.261173131981831 
 04/08  07:30:00,6.4,78.5,7.195,75.0,584.0,0.0,0.0,0.0,2.0,2.0,0.0,0.0,0.0,0.0,0.0,7168.0,0.0,177.4633554879969,146.64629659910754,375.7747288025354,5.321414984001967,141.63447232516263,0.0,146.64629659910737,200.47660540388035,0.0,0.0,20.344800224590224,-1356.9978969741313,19.245603535800706,693.7698250543015,20.76848448939238,-1835.710027899798,19.914187743457707,495.99846414825006,15.5663615235746,38.56569821271611,18.949771330341706,-47.080039913503899,17.906898067080819,342.0327729559076,16.40319663399519,-341.08883352544009,18.727324380988358,-66.11804719990184,1394.8902348066168,765.3806526013483,0.0,0.0,0.0,0.0,0.0,0.0,0.0,0.0,0.0,0.0,0.0,0.0,0.0,0.0,0.0,0.0,0.0,0.0,0.0,0.0,0.0,0.0,1.533287001507691,0.4680363252465475,427.164057793973,504.1373146605041,12831.116805313999,0.37361801856646878,0.05702350710721435,332.6237210077421,394.07609183039969,9242.64324010392,1.3639433304999682,0.2577368349395252,391.2975931514112,461.25193102121627,11922.75728890828,0.332835274128059,0.0628940427301698,282.6277604234115,334.3428138360917,8058.406611603507,0.0,0.0,13.960791283545929,16.808602763129309,261.80350463948437,0.0,0.0,15.841856306866248,18.79563081425554,423.4269673783392,0.0,0.0,108.4514233202027,129.13371991269939,2714.262390533213,0.0,0.0,46.41934034027392,55.66861209116833,974.5599593048162,0.0,0.0,23.21425857999688,27.590171015493316,603.174774840862,46.665283646010198,32.006367384094769,605.8005789496813,720.1169851366537,16851.60717679902,0.0,0.0,64.25688547818564,78.03298033363379,892.5650864854208,1856.2681378726844,21.461503307537144,30.45510300850099,21.999999999999976,29.999999999999969,0.0,20.311514830132898,32.75659000470853,15.999999999999983,29.999999999999969,2295.007242441111,21.5886040182279,30.230961076295466,21.571428571428549,29.999999999999969,0.0,20.68081744752672,32.004772112787318,15.999999999999983,29.999999999999969,0.0,15.630754656714473,44.33363365300055,11.999999999999986,29.999999999999969,1115.1823696356542,19.759144738277965,38.041668331670027,19.714285714285695,29.999999999999969,0.0,18.86504680561321,35.91103823151466,9.99999999999999,29.999999999999969,562.305014391245,16.782790178274789,41.626382073896397,16.571428571428556,29.999999999999969,0.0,19.34886085137283,38.09257082574703,18.99999999999998,29.999999999999969,0.0,19.291871895891533,0.0,0.0,0.0,13.15842639146572,0.0,0.0,467.89861195264259,472.7239005079523,468.23711099783437,471.41602220153887,495.85367864427777,794.6777076326429,480.11935321646458,530.3155138491712,715.2584306276121,10367.713258622984,81.14950330555057,84.21287603673524,59.999999999999939,0.0,59.999999999999939,59.999999999999939,16.0,16.0,19.0,19.0,16.0,12.0,21.0,10.0,1.0,0.0,1856.2681378726844,0.0,2295.007242441111,0.0,1115.1823696356542,0.0,562.305014391245,0.0,4635.92023512609,2781552.141075657,3613736.1154365285,81.14950330555057,84.26490227541031,0.34881638878991719,0.7675450126924316,0.3602813740196592,84.26490227541031,0.3542647819438872,3613736.1154365285,0.18984761133603285 
 04/08  07:40:00,6.613333333333333,77.33333333333334,7.59,79.33333333333333,588.1666666666666,0.0,0.0,0.0,2.0,2.0,0.0,0.0,0.0,0.0,0.0,4096.0,0.0,187.82483276106249,130.27338224955029,333.8202004304983,5.632119454276187,149.9040813908734,0.0,130.27338224955009,178.09359017956195,0.0,0.0,20.38753010025762,-1348.3592296047032,19.31843275494912,581.5966653125177,20.830848587452765,-1606.3397432878165,19.95887764807319,396.15705513951397,15.570385969946152,40.20872247037816,18.89438342058478,-40.287456680006659,17.967761007022675,288.5518384225654,16.35019131272619,-330.34425353431245,19.16161332824553,-95.38474423469502,1364.8316151576019,793.783792729907,0.0,0.0,0.0,0.0,0.0,0.0,0.0,0.0,0.0,0.0,0.0,0.0,0.0,0.0,0.0,0.0,0.0,0.0,0.0,0.0,0.0,0.0,1.5442939783433756,0.47139620828552356,417.5523518822056,492.7969352448012,12349.847321605826,0.3623773692261484,0.05530790128604216,307.3483838331922,364.0540881047023,8437.760404439361,1.3758685075519984,0.25999026975661346,349.46074815953718,411.94419500934557,10454.385172563823,0.32522736108994018,0.06145641743952,251.807981277157,297.7811128609423,7095.10520758635,0.0,0.0,13.900002254706696,16.730765379672499,255.01998656632729,0.0,0.0,15.774565694447876,18.7068826537472,415.6255874976846,0.0,0.0,110.8176029436332,131.90114663785938,2737.285647189904,0.0,0.0,50.62363088344023,60.73809864275438,1017.5935889992622,0.0,0.0,22.959261386532533,27.21624142265167,607.7553359046374,47.8361719757087,32.80944579952586,549.6901241350965,653.4822155420469,15107.53207175079,0.0,0.0,68.37311740652973,82.94320477412714,948.3593017580969,1845.1407006218336,21.45382652710926,30.470118629307028,21.999999999999994,29.99999999999999,0.0,20.35530869140149,32.66516976509043,15.999999999999995,29.99999999999999,2091.844036397191,21.526883132525634,30.352744899476673,21.499999999999994,29.99999999999999,0.0,20.707871253273806,31.978155912988595,15.999999999999995,29.99999999999999,0.0,15.641978173819237,44.30673243197369,11.999999999999997,29.99999999999999,0.0,19.7732182537605,38.768265582895157,18.999999999999994,29.99999999999999,0.0,18.91309319569697,35.83166648518019,9.999999999999997,29.99999999999999,688.3739267055064,16.541030455229288,42.31978972869824,16.249999999999994,29.99999999999999,1478.7880747246709,19.70938552717973,37.82742261631186,19.499999999999994,29.99999999999999,0.0,19.217825666281834,0.0,0.0,0.0,13.364578881655437,0.0,0.0,469.5136926439537,473.9237699457048,470.2616893507585,474.990534210203,496.23077122366257,816.6914628387974,482.68203956262365,527.0821230155455,738.2594237253089,9822.169801897295,81.51010772791797,85.29198970324676,59.99999999999998,0.0,59.99999999999998,59.99999999999998,16.0,16.0,19.0,19.0,16.0,12.0,21.0,10.0,1.0,0.0,1845.1407006218336,0.0,2091.844036397191,0.0,0.0,0.0,688.3739267055064,1478.7880747246709,5722.924099329537,3433754.4595977219,4470909.970179651,81.51010772791797,85.35621861417438,0.3607641366443178,0.767240865550991,0.36028137401965945,85.35621861417438,0.3542647819438874,4470909.970179651,0.23438731844934186 
 04/08  07:50:00,6.826666666666667,76.16666666666666,7.985000000000001,83.66666666666666,592.3333333333333,0.0,0.0,0.0,2.0,2.0,0.0,0.0,0.0,0.0,0.0,4096.0,0.0,198.00681112620976,114.4954144205754,293.39018858518798,5.937441676004766,158.03043362544327,0.0,114.49541442057523,156.52391195460388,0.0,0.0,20.46216356926682,-1385.1195662286096,19.349163658072798,619.880053387798,20.93117094151536,-1458.2769728579247,19.949172086862896,386.8964551547515,15.578893734573786,47.16816648186598,18.605240767573929,-40.852560528958978,18.00130993292558,310.7606435746584,16.333542266420129,-293.295038665034,19.356780274499365,-140.52260948397567,1391.2584238032414,837.5755558260477,0.0,0.0,0.0,0.0,0.0,0.0,0.0,0.0,0.0,0.0,0.0,0.0,0.0,0.0,0.0,0.0,0.0,0.0,0.0,0.0,0.0,0.0,1.5351856707873675,0.46861589462373856,442.47621810947279,522.1952178729981,12936.69600990671,0.35768990656835006,0.05459247658247101,304.9195175749159,361.1833944083244,8236.93526991642,1.3774297371482849,0.2602852866871288,367.6644323933592,433.35134634300797,10862.732216320495,0.3243145133763517,0.06128392165086009,231.3244556370534,273.4733793948303,6411.2190377145329,0.0,0.0,14.490085696171374,17.442708048387769,260.1587533201644,0.0,0.0,17.596461325205838,20.905825394181869,439.18611736915389,0.0,0.0,106.76905015406656,127.08995279307419,2595.7519910507137,0.0,0.0,50.470594999310858,60.56334811817916,991.0055672893211,0.0,0.0,34.53172137265979,40.89043103319277,927.3211338072431,49.10416091683417,33.679122713878047,560.6218337515952,666.3674962911365,15224.771553333105,0.0,0.0,70.07149872259623,84.92709777921151,981.2169728158963,1837.7420341671239,21.516807011382065,30.356885053427378,22.0,30.0,0.0,20.345443027046355,32.710232109235779,16.0,30.0,1964.2745356609585,21.684325236151133,30.049714824523318,21.5,30.0,0.0,20.667089488002956,32.004427229427857,16.0,30.0,0.0,15.660706681266872,44.36080579621282,12.0,30.0,0.0,19.268797727565244,40.2730010031702,19.0,30.0,0.0,18.932037571106507,35.86523817389385,10.0,30.0,0.0,16.52791414539116,42.887339185191027,16.0,30.0,0.0,20.27320981098221,36.538946585415377,19.0,30.0,0.0,19.29079367552788,0.0,0.0,0.0,13.649738723070908,0.0,0.0,472.3672000815366,477.9533342621804,472.2727151262186,473.5132422586674,501.2673648753814,817.7290155073638,488.29206720602476,551.9891708111907,720.2920029204366,9166.776841138602,81.94372150456145,81.94372150456145,60.0,0.0,60.0,60.0,16.0,16.0,19.0,19.0,16.0,12.0,21.0,10.0,1.0,0.0,1837.7420341671239,0.0,1964.2745356609585,0.0,0.0,0.0,0.0,0.0,0.0,0.0,0.0,81.94372150456145,81.94372150456145,0.34,0.7703859022727615,0.36028137401965956,81.94372150456145,0.3542647819438875,0.0,0.0018633333333333337 
 04/08  08:00:00,7.04,75.0,8.38,88.0,596.5,0.0,0.0,0.0,2.0,2.0,0.0,0.0,0.0,0.0,0.0,4096.0,0.0,208.00595734679033,99.83216618939727,255.81658230375028,6.23728166929464,166.01086843350974,0.0,99.8321661893971,136.478139932026,0.0,0.0,20.519439935198635,-1401.9332244479638,19.40392572148195,603.7905810797329,20.950032537632319,-1428.6538849538759,19.961771818644203,371.8893685277876,15.58785127076375,47.049222145994409,18.84919126236049,-40.35143404626476,18.025190317693089,294.9011201338909,16.325247102328157,-284.12155668870158,18.962123383338388,-103.03144152040045,1394.1169848215423,800.3498334236957,0.0,0.0,0.0,0.0,0.0,0.0,0.0,0.0,0.0,0.0,0.0,0.0,0.0,0.0,0.0,0.0,0.0,0.0,0.0,0.0,0.0,0.0,1.5434465659553656,0.4711375353954108,449.95274461784347,531.102412188188,12974.482398092243,0.3569715453559841,0.05448283659279367,302.0738621738885,357.84150308847026,8050.08759797664,1.3893257849087824,0.2625332171029446,370.34221880391768,436.6070799251298,10784.618992506961,0.325371404224392,0.061483636474752818,232.28355385160388,274.64919722059519,6343.081335978913,0.0,0.0,14.138222160017089,17.02067951811316,248.23256483529844,0.0,0.0,16.05660097671417,19.069760883316606,398.83998169022666,0.0,0.0,115.76110171334796,137.82823648123924,2764.266493722469,0.0,0.0,54.78743277232076,65.7840345612135,1044.5081386509019,0.0,0.0,26.935465999974946,31.973729116518805,678.6202849151921,49.99888503106328,34.29278808714904,562.0122720180395,668.0961251664941,15052.550527187763,0.0,0.0,74.39100144216286,90.12745146084527,1039.8142150182919,1853.0198686172667,21.534026725983986,30.3421371654297,22.0,30.0,0.0,20.37598692275034,32.662106699544427,16.0,30.0,1921.1201542384652,21.683653485367466,30.06464415601867,21.5,30.0,0.0,20.67605197410797,32.0432343425699,16.0,30.0,0.0,15.677308559811707,44.441508585822408,12.0,30.0,912.5641857413259,19.44021509744795,39.97228490191414,19.5,30.0,0.0,18.927223232765017,35.962746902929129,10.0,30.0,752.1473459919585,16.47685405344099,43.18080937156526,16.5,30.0,0.0,19.615565845884903,38.23661181090545,19.0,30.0,0.0,19.3185374964013,0.0,0.0,0.0,13.852004197248263,0.0,0.0,475.38023749713207,480.763310469426,475.1156538198011,479.0593414316591,507.0508557830524,823.1390940282126,494.12622004563846,554.6243733788058,722.1523753944795,10610.623399777685,80.98883391958461,86.30050092999585,60.0,0.0,60.0,60.0,16.0,16.0,19.0,19.0,16.0,12.0,21.0,10.0,1.0,0.0,1853.0198686172667,0.0,1921.1201542384652,0.0,912.5641857413259,0.0,752.1473459919585,0.0,8038.413497130505,4823048.098278303,6299478.439666635,80.98883391958461,86.39071066935697,0.35294711657101687,0.7647882291829979,0.36028137401965956,86.39071066935697,0.3542647819438875,6299478.439666635,0.3293995455293317 
 04/08  08:10:00,7.210000000000001,73.83333333333333,8.368333333333334,92.33333333333334,600.6666666666667,0.0,0.0,0.0,2.0,2.0,0.0,0.0,0.0,0.0,0.0,4096.0,0.0,217.81906891912943,86.85014335547997,222.55102059402265,6.531543374012582,173.84282955407358,0.0,86.85014335547985,118.7307304891936,0.0,0.0,20.58047027174546,-1425.2986239788652,19.45748907968919,593.1028843832969,20.96699340409641,-1402.9891718000998,19.967809979158397,363.40781106660668,15.594605915484398,46.23127777826298,19.00677386347691,-34.07937937662234,18.0915446588109,321.27503931251,16.37498369994184,-263.05368142658849,18.703223105792526,-52.53874462742536,1365.5671065043098,709.1577323697517,0.0,0.0,0.0,0.0,0.0,0.0,0.0,0.0,0.0,0.0,0.0,0.0,0.0,0.0,0.0,0.0,0.0,0.0,0.0,0.0,0.0,0.0,1.5138533947322513,0.4621042108462306,437.3638829947786,516.199257137107,12504.00272459584,0.3505091634653724,0.05349651457041704,295.8202332014873,350.42441473356447,7801.8227853667999,1.3694173132618098,0.25877122321651749,356.8858095871457,420.7632245300824,10280.814223809204,0.32165376204741738,0.060781134173737209,234.51213092178069,277.32307376236016,6326.296013843932,0.0,0.0,13.86271426451005,16.69067715894659,238.9651673046862,0.0,0.0,15.494461578220966,18.38045255375728,390.48538523829668,0.0,0.0,111.18406036235895,132.3466694723349,2635.9117609346455,0.0,0.0,47.84435556812816,57.41637810335294,909.3959099408969,0.0,0.0,18.794245382159976,22.339675260068988,452.24073772559748,49.61102174710876,34.02676388690588,553.5680760119326,658.0712824866166,14653.651230467867,0.0,0.0,66.50257839656114,80.55997678826884,912.5748844299974,1845.6183943608299,21.569556019476168,30.283437475549748,22.0,30.0,0.0,20.40487984723016,32.609979613910969,16.0,30.0,1879.7605540051418,21.685448895769008,30.065606570683774,21.5,30.0,0.0,20.679144030979559,32.08537712822655,16.0,30.0,0.0,15.688938223975747,44.42545025676435,12.0,30.0,0.0,19.79095064389928,39.505216107703088,19.0,30.0,0.0,19.013529270603756,35.71489715196454,10.0,30.0,0.0,16.59823776127016,42.57670320971613,16.0,30.0,0.0,19.20458793051189,39.665221061485159,19.0,30.0,0.0,19.329066518161356,0.0,0.0,0.0,13.899576880687964,0.0,0.0,478.1982220843522,483.06760938731147,477.6805630821665,484.3197239748603,507.85781266187089,839.9402697651877,492.15194351379736,540.9550979126539,751.8208973166784,10527.496459972903,81.04376011872266,84.77497670165343,60.0,0.0,60.0,60.0,16.0,16.0,19.0,19.0,16.0,12.0,21.0,10.0,1.0,0.0,1845.6183943608299,0.0,1879.7605540051418,0.0,0.0,0.0,0.0,0.0,5646.308231999865,3387784.939199919,4403520.3300891709,81.04376011872266,84.83834514602057,0.3582102743999955,0.7693628554062164,0.36028137401965956,84.83834514602057,0.3542647819438875,4403520.3300891709,0.23077305716463687 
 04/08  08:20:00,7.380000000000001,72.66666666666667,8.356666666666668,96.66666666666667,604.8333333333333,0.0,0.0,0.0,2.0,2.0,0.0,0.0,0.0,0.0,0.0,4096.0,0.0,227.4432441735724,76.12242014924735,195.06197369785046,6.820139750250364,181.52400081707257,0.0,76.12242014924724,104.06511954657788,0.0,0.0,20.626784740498338,-1436.2789902255686,19.51230981830927,576.547726482298,20.979344072039319,-1365.6980869222783,19.973234464759238,361.6719639087712,15.60104217367956,47.98076785610752,18.73183784169547,-24.407192171253599,18.113941692464889,283.24589237306079,16.35395037098086,-257.8265893869698,19.210253552429813,-100.48539121361677,1347.3499939667882,741.2612220628666,0.0,0.0,0.0,0.0,0.0,0.0,0.0,0.0,0.0,0.0,0.0,0.0,0.0,0.0,0.0,0.0,0.0,0.0,0.0,0.0,0.0,0.0,1.4933644355022833,0.45584994978702189,442.53924089036129,522.3677503489714,12514.314905840303,0.345449188668309,0.05272423514473581,294.94718952049467,349.40209236221917,7697.410132660505,1.357293981838537,0.2564803442627622,357.6714892411852,421.75985232568589,10182.302283564124,0.31936124378769195,0.06034792966509671,232.4044778223343,274.8595631499717,6193.627898166289,0.0,0.0,13.768565094962839,16.578412581825949,232.91816425645573,0.0,0.0,15.497127648188343,18.410992166892848,372.2814023583971,0.0,0.0,116.68319040249831,138.928860211426,2725.1133773308426,0.0,0.0,54.53656085331005,65.49273938958487,1007.2775502156512,0.0,0.0,21.693513681855458,25.71964207264346,542.9066832579124,49.232058437176089,33.766843921245619,554.0086937664083,658.612002373215,14496.050098109845,0.0,0.0,73.0938186836822,88.48768409819172,1016.0721598523088,1853.9335636436709,21.587445103443728,30.256988145428104,22.0,30.0,0.0,20.437691813384647,32.576713491358677,16.0,30.0,1832.3580823733383,21.684261564593688,30.0687326634734,21.5,30.0,0.0,20.684194108932297,32.08601273094878,16.0,30.0,0.0,15.699608100549578,44.31594031482254,12.0,30.0,0.0,19.3550118046819,40.937700435894459,19.0,30.0,0.0,19.005587384822709,35.68426615886325,10.0,30.0,705.3560605782461,16.50964449518614,42.43408914578643,16.5,30.0,1505.8240581583917,19.698278848611336,38.69193796923638,19.5,30.0,0.0,19.37088488047941,0.0,0.0,0.0,14.162755964683339,0.0,0.0,481.36749591683238,487.68847234141648,480.5091064401036,487.7182638044755,504.7968321504501,856.8579362310886,491.4432745967634,521.4959870293621,770.3231675843573,9969.785269933061,81.41257188042107,85.09529842017918,60.0,0.0,60.0,60.0,16.0,16.0,19.0,19.0,16.0,12.0,21.0,10.0,1.0,0.0,1853.9335636436709,0.0,1832.3580823733383,0.0,0.0,0.0,705.3560605782461,1505.8240581583917,5573.0355463379969,3343821.327802798,4352912.746473318,81.41257188042107,85.15784334263737,0.3557678515445999,0.7682678686924794,0.36028137401965956,85.15784334263737,0.3542647819438875,4352912.746473318,0.22807812948327917 
 04/08  08:30:00,7.550000000000001,71.5,8.345,101.0,609.0,0.0,0.0,0.0,2.0,2.0,0.0,0.0,0.0,0.0,0.0,4096.0,0.0,236.87601596306238,68.17131266162694,174.68784697942668,7.10299678698218,189.05241283957785,0.0,68.17131266162684,93.19535279974267,0.0,0.0,20.679757125686899,-1447.3652167872616,19.56795214919342,572.544917195466,20.99197520371017,-1288.4183966855408,19.984731094963146,363.9046754097526,15.612827189756367,54.037826204831279,18.977834420917977,-45.010238710039178,18.160042126085629,304.17292251852066,16.417590988647704,-230.7367593231416,19.428907264229275,-135.45510387338039,1332.336491803163,742.6843260271197,0.0,0.0,0.0,0.0,0.0,0.0,0.0,0.0,0.0,0.0,0.0,0.0,0.0,0.0,0.0,0.0,0.0,0.0,0.0,0.0,0.0,0.0,1.443570100578238,0.440650213851721,442.5776584163923,522.4328746530759,12391.825539230544,0.3363680258870768,0.05133822128923639,294.31843010539708,348.66284675667586,7603.010715022694,1.3231579635019096,0.25002984949015685,360.6654797776307,425.3688802732382,10147.366603197259,0.3131106972066036,0.059166798413946248,232.70630636043297,275.25961549142115,6130.109939100755,0.0,0.0,14.373234896177117,17.30802946132945,238.79158317927236,0.0,0.0,17.516020634240549,20.804378362975947,419.989503132469,0.0,0.0,107.3901624278719,127.84817925459082,2482.8835334815205,0.0,0.0,50.6810811100212,60.82260854414966,935.400724236359,0.0,0.0,33.69651894524316,39.91576066195006,859.6212702055184,48.83709705338403,33.495951339769579,556.7474046609166,661.8787693674569,14403.203591938678,0.0,0.0,70.53050130192608,85.31091469218697,989.9591052930447,1858.9395245288575,21.62148669009099,30.1677186029065,22.0,30.0,0.0,20.4753599421503,32.4802668083008,16.0,30.0,1748.5448237923898,21.687089974236156,30.04266499310269,21.5,30.0,0.0,20.698712195980407,31.958790448337888,16.0,30.0,0.0,15.719725943189453,44.30387051891208,12.0,30.0,881.7195463430763,19.522320286479084,40.26373398999199,19.25,30.0,0.0,19.059401495000114,35.607652117401467,10.0,30.0,0.0,16.66349465618645,42.603331229439849,16.0,30.0,0.0,20.316895690540116,36.86012984815352,19.0,30.0,0.0,19.421056279665647,0.0,0.0,0.0,14.403721783657013,0.0,0.0,482.8483530673275,489.54651467618779,482.39342544868819,484.3014094860587,508.6198880832567,845.2695327134583,496.94945524441928,554.2042780569898,739.8726240752792,10324.21073878735,81.17809431931022,85.0970855893961,60.0,0.0,60.0,60.0,16.0,16.0,19.0,19.0,16.0,12.0,21.0,10.0,1.0,0.0,1858.9395245288575,0.0,1748.5448237923898,0.0,881.7195463430763,0.0,0.0,0.0,5930.155678560564,3558093.4071363385,4629081.333981649,81.17809431931022,85.16364307132034,0.3676718559520188,0.7680344769527365,0.36028137401965956,85.16364307132034,0.3542647819438875,4629081.333981649,0.2423755627003791 
 04/08  08:40:00,7.720000000000001,70.33333333333333,8.333333333333334,104.16666666666667,619.0,0.0,0.0,0.0,2.0,2.0,0.0,0.0,0.0,0.0,0.0,7168.0,0.0,245.1321031538028,63.1491120648533,161.81888903080648,7.350572962506933,195.6417412547449,0.0,63.14911206485325,86.32962382705043,0.0,0.0,20.69341610716065,-1516.6892735914658,19.633715874828949,581.5311839953649,20.87512746522752,-1287.6987220569154,20.032970125694037,380.11097251679657,15.624913681838184,53.15132012243163,19.144554840770185,-42.414709816084798,18.21057684020228,334.2325352999259,17.031230127026534,-260.37821435531137,19.081341008577139,-66.59879166389864,1299.5954054060556,594.474847403766,0.0,0.0,0.0,0.0,0.0,0.0,0.0,0.0,0.0,0.0,0.0,0.0,0.0,0.0,0.0,0.0,0.0,0.0,0.0,0.0,0.0,0.0,1.406464299538879,0.42932365675789999,423.9923570592136,500.82009907343436,11711.115876346188,0.33586689294431795,0.05126173579736236,303.92503412882356,360.23699824583869,7780.437069913723,1.2829581902777414,0.2424335204606468,323.99392173105556,382.4080739737499,9001.964474488996,0.3083166601576397,0.05826089572139831,253.69149989034137,300.37011231321056,6619.431654848886,0.0,0.0,14.236368245457113,17.152556689599519,232.1310488013079,0.0,0.0,15.773202689115426,18.72244052563392,385.28090012690759,0.0,0.0,102.41800386870769,121.98798970848094,2343.9707493992716,0.0,0.0,41.85862707345719,50.130314176132788,832.0831331761943,0.0,0.0,25.206565665680829,29.95060301692916,608.5092962380697,48.43858359882536,33.22262249576503,548.5877592842287,652.6043908735118,14005.243616824875,0.0,0.0,60.02934684131972,72.65585878213075,828.882448171612,1826.7465698398935,21.565935022906915,30.21560887457814,22.000000000000015,30.00000000000002,0.0,20.533762726280626,32.29542547290106,16.00000000000001,30.00000000000002,1644.4048271066734,21.515604066827448,30.33441773474857,21.428571428571446,30.00000000000002,0.0,20.778760300686228,31.79503952127768,16.00000000000001,30.00000000000002,0.0,15.73793851625731,44.342817950653138,12.00000000000001,30.00000000000002,0.0,19.906022013090039,39.28783298000867,19.000000000000015,30.00000000000002,0.0,19.116412020205705,35.460592984943939,10.000000000000007,30.00000000000002,1344.4736490106125,17.671744464450929,40.22687664904539,20.700000000000018,30.00000000000002,0.0,19.74183429376407,38.15195429667384,19.000000000000015,30.00000000000002,0.0,19.4141199517436,0.0,0.0,0.0,14.450890280003664,0.0,0.0,482.7530534246109,488.2085084453167,483.6816717574919,486.7852922094646,514.5263766682391,840.3877965593138,498.40424985871359,566.837820837918,733.7908170676592,10009.451137574933,81.3864336033784,84.4070188791613,60.00000000000004,0.0,60.00000000000004,60.00000000000004,16.0,16.0,19.0,19.0,19.7,12.0,21.0,10.0,1.0,0.0,1826.7465698398935,0.0,1644.4048271066734,0.0,0.0,0.0,1344.4736490106125,0.0,4571.234440879724,2742740.66452783,3584218.5963596936,81.3864336033784,84.45831844479904,0.3466601956483718,0.7678705564191183,0.3602813740196598,84.45831844479904,0.35426478194388785,3584218.5963596936,0.18797936701070407 
 04/08  08:50:00,7.890000000000001,69.16666666666667,8.321666666666668,107.33333333333334,629.0,0.0,0.0,0.0,2.0,2.0,0.0,0.0,0.0,0.0,0.0,5120.0,0.0,256.00100032954159,61.98574858756904,158.83798395099783,7.676492841961231,204.31632403576416,0.0,61.98574858756901,84.73921775348708,0.0,0.0,20.690052879736819,-1451.2008634187249,19.67795043831535,502.35167773509246,20.920024744864276,-1179.0246311783258,20.029479352097299,344.2776779173581,15.632627802312685,48.47397861486915,18.882664980708655,-20.077428553034865,18.317167761121433,345.9788126282462,18.0840352326972,-153.0014739556802,18.853753366222919,-32.54634167489677,1262.5217868994926,370.3359731473537,0.0,0.0,0.0,0.0,0.0,0.0,0.0,0.0,0.0,0.0,0.0,0.0,0.0,0.0,0.0,0.0,0.0,0.0,0.0,0.0,0.0,0.0,1.368773692169185,0.4178185873532311,408.84939964723858,482.9362321492855,11126.69126532807,0.3211005228583686,0.04900801630927482,288.8237731545211,342.30814403117139,7303.538759795809,1.2455584996689529,0.23536630757160874,304.4442582308,359.3240392514881,8337.750433729858,0.29752843620456639,0.056222304649388949,244.5223879289102,289.50825844150509,6285.725534560644,0.0,0.0,13.537371912399319,16.308596889386739,216.34952616617063,0.0,0.0,14.306058399058728,17.002648720785137,332.7607120495156,0.0,0.0,85.54506237694507,101.839126126259,1954.8242750860785,0.0,0.0,19.843729558277749,23.639213754976138,452.4963526729232,0.0,0.0,15.400459343459414,18.318244083711197,355.28895651065,47.9942335542116,32.917855661324839,524.5610591254757,624.0012317618372,13225.879171997665,0.0,0.0,36.30948973109641,43.98783174336184,475.7380443354278,1820.865670582756,21.537975319228555,30.22848059626147,22.0,30.0,0.0,20.54487339562568,32.24781173993841,16.0,30.0,1558.5782594547825,21.50359065259076,30.31281941836475,21.4,30.0,0.0,20.74734748167485,31.854676287225727,16.0,30.0,0.0,15.747146681589163,44.31938008170864,12.000000000000002,30.0,0.0,19.47781041443396,40.63766045528301,19.0,30.0,0.0,19.275540027100278,34.88323898486214,10.0,30.0,1276.4715114571669,19.450404339557424,35.91903745668064,20.7,30.0,0.0,19.37065405070096,39.62164724534806,19.0,30.0,0.0,19.407052202531838,0.0,0.0,0.0,14.240532182359936,0.0,0.0,483.19144608627246,489.55494725241189,483.779751234645,489.50248551670065,516.7174731325029,855.8976832527022,488.65798611457168,564.2073300798513,773.8784528252388,10192.825937338937,81.26510115516494,85.57865555855573,60.0,0.0,60.0,60.0,16.0,16.0,19.0,19.0,19.7,12.0,21.0,10.0,1.0,0.0,1820.865670582756,0.0,1558.5782594547825,0.0,0.0,0.0,1276.4715114571669,0.0,6527.818016194702,3916690.8097168209,5120726.155675505,81.26510115516494,85.65191403234317,0.35359393387315676,0.7670794931453173,0.36028137401965956,85.65191403234317,0.35426478194388757,5120726.155675505,0.26784109342845965 
 04/08  09:00:00,8.06,68.0,8.31,110.5,639.0,0.0,0.0,0.0,2.0,2.0,0.0,0.0,0.0,0.0,0.0,4096.0,0.0,286.3159153442667,63.95935665195248,163.89539147108725,8.585491252282602,228.51055714270738,0.0,63.95935665195245,87.43728960610913,0.0,0.0,20.676021183603067,-1658.8925158895168,19.716508850240307,502.2132541228284,20.790241449698038,-578.0314496049734,20.0091904405178,210.3497721082215,15.636967041783733,46.02463628302779,18.727787419834038,-14.886555115322409,18.398017217411704,338.86524920937316,18.734545444781767,-58.297760917426987,19.004016745903927,-148.77216825327148,1221.1447355817082,386.4453633463952,0.0,0.0,0.0,0.0,0.0,0.0,0.0,0.0,0.0,0.0,0.0,0.0,0.0,0.0,0.0,0.0,0.0,0.0,0.0,0.0,0.0,0.0,1.3211965248108082,0.40329564249414176,423.52931241019976,500.3566032293512,11313.420728724364,0.3071741236036544,0.046882497497505257,283.1152476288859,335.55330035054598,7064.658530516742,1.2607981795879358,0.23824606568177177,231.5489384156417,273.80107530389338,6144.5914273802,0.2871684807277842,0.05426464110502345,216.87557757060814,256.942671993648,5473.569393722122,0.0,0.0,13.050425418873254,15.72096864626958,204.1477378416102,0.0,0.0,14.412803834695343,17.1428553039197,322.36142919853878,0.0,0.0,79.35854996026956,94.41979422874184,1803.1543047469923,0.0,0.0,20.965939294567904,24.82590238446077,523.0068287613451,0.0,0.0,19.289031867122906,22.926338824974484,436.1754863173263,47.53987921054257,32.60622716772468,491.487480958113,584.8647030068962,12227.198572056022,0.0,0.0,34.739873743606647,42.030173856928147,449.38554764488085,1831.8987754548262,21.44776781045881,30.36237476250941,22.0,30.0,0.0,20.54516411045755,32.23825049231937,16.0,30.0,934.1703656114512,21.337530115567757,30.58677808784219,21.25,30.0,0.0,20.680670236525616,31.99138729444875,16.0,30.0,0.0,15.749004430776856,44.14709933101229,12.0,30.0,0.0,19.191833104930717,41.630167565625239,19.0,30.0,0.0,19.379033295389616,34.52959959724369,10.0,30.0,760.1952769970768,20.536422856601818,33.306101158923457,20.45,30.0,732.8335430964426,19.295736278274619,40.148560828637439,19.25,30.0,0.0,19.3738158656742,0.0,0.0,0.0,14.350688413021559,0.0,0.0,484.30722315417816,491.8059837857934,484.4285883899562,492.83227220615046,511.23165013215296,878.2088209065694,484.335085873322,551.7056135780329,802.543246764556,8901.4184183098,82.11911275858182,83.81374794682896,60.0,0.0,60.0,60.0,16.0,16.0,19.0,19.0,19.7,12.0,21.0,10.0,1.0,0.0,1831.8987754548262,0.0,934.1703656114512,0.0,0.0,0.0,760.1952769970768,732.8335430964426,2564.6963726806495,1538817.8236083897,2003751.5173921225,82.11911275858182,83.84252847812815,0.340489879089355,0.7673698908440936,0.36028137401965956,83.84252847812815,0.3542647819438875,2003751.5173921225,0.10572174557105704 
 04/08  09:10:00,8.22,66.16666666666667,8.108333333333335,113.66666666666667,649.0,0.0,0.0,1.0,2.0,0.0,0.0,0.0,0.0,0.0,4.0,6144.0,0.0,331.9427904329423,65.90804346617365,168.8889388331065,9.953610598800683,264.92509439114249,0.0,65.90804346617361,90.10129222036089,0.0,0.0,20.684568276525746,-1468.0643781090594,19.7463622807904,474.452451820353,20.87810589287835,-1151.4508275162414,19.977102399438679,422.3654146077681,15.64536549987612,47.85173917416752,18.926285404134469,-30.421570129171444,18.00129099961005,-179.93996683915214,18.61958113939326,-49.50536364563446,18.95151710145788,-195.8200391260502,1219.8194842821436,996.9952052384903,0.0,0.0,0.0,0.0,0.0,0.0,0.0,0.0,0.0,0.0,0.0,0.0,0.0,0.0,0.0,0.0,0.0,0.0,0.0,0.0,0.0,0.0,1.3059859074218679,0.39865259689312207,356.96161194619898,421.9074757418898,9419.597502875582,0.30910492415165799,0.047177186225833018,287.3098657810042,340.64416585994595,7057.985805782315,1.12884357600564,0.2133113333343991,274.84732368690688,324.7145382615974,7304.52850956325,0.2893676816465396,0.05468021195134911,271.5200401839396,321.75292592209288,6739.870954929158,0.0,0.0,13.236945462899714,15.951259706267166,203.0088994645375,0.0,0.0,14.468093678215983,17.21315206593577,320.23072130603807,0.0,0.0,186.69557812339049,222.8054628679186,3861.974942958828,0.0,0.0,20.400084043025968,24.20163741895803,487.47418462164918,0.0,0.0,129.43688899746946,153.93585547543504,2916.0248030616496,46.77259540744827,32.079969415259458,550.3991717277766,654.9201078666988,13436.640673676076,0.0,0.0,122.99361257004076,148.21905902547904,1850.2783857891917,1839.1217926882619,21.42904377707505,30.47777750988149,21.999999999999994,30.0,0.0,20.510150685312138,32.335828261437587,15.999999999999999,30.0,1146.0355954560249,21.493919077985987,31.057941885791466,21.33333333333333,30.0,0.0,20.63376246247664,32.591808182610417,18.999999999999998,30.0,0.0,15.75721435758243,44.23842807710074,11.999999999999997,30.0,592.6167157939121,19.23015509254976,41.6731197715483,19.33333333333333,30.0,0.0,18.540821515078155,37.446787632016697,9.999999999999999,30.0,668.831184462925,20.076098610514899,35.176617529229918,20.199999999999997,30.0,0.0,19.47517919715616,36.16992677573783,11.999999999999997,30.0,0.0,19.449622956928125,0.0,0.0,0.0,15.529968031527588,0.0,0.0,494.56487530359609,498.4294952084881,531.0049536706516,522.4218076790669,518.8056709545175,895.2933638560737,543.3422379766249,609.2223709451835,594.7555728793008,10161.41493956378,81.28588868482422,84.90842349530841,219.99999999999998,0.0,219.99999999999998,219.99999999999998,16.0,19.0,19.0,12.0,19.7,12.0,21.0,10.0,1.0,0.0,1839.1217926882619,0.0,1146.0355954560249,0.0,592.6167157939121,0.0,668.831184462925,0.0,5482.034108195536,3289220.464917322,4277220.450128082,81.28588868482422,84.96994616238068,0.3527344702731845,0.7675729324767631,0.3602813740196595,84.96994616238068,0.3542647819438874,4277220.450128082,0.22787879673999363 
 04/08  09:20:00,8.38,64.33333333333334,7.906666666666667,116.83333333333333,659.0,0.0,0.0,1.0,2.0,0.0,0.0,0.0,0.0,0.0,4.0,2048.0,0.0,392.3143825836478,67.8308969167826,173.81628845895805,11.76384234886898,313.1072248849148,0.0,67.83089691678258,92.72997866800466,0.0,0.0,20.72823820374442,-1526.7759564233653,19.83130781050868,487.640230850957,20.48837116833146,-701.5298777839204,20.028269749660355,262.2525832984438,15.659818172047132,46.28956241443494,19.310656888473209,-63.060845200036528,17.616137868935906,57.55206688579304,19.002607726213758,-139.24725692953337,18.52154420487642,-150.70661897870066,1168.8515428074628,936.8353857683071,0.0,0.0,0.0,0.0,0.0,0.0,0.0,0.0,0.0,0.0,0.0,0.0,0.0,0.0,0.0,0.0,0.0,0.0,0.0,0.0,0.0,0.0,1.235430642353757,0.37711558069406517,364.77621970015437,430.539830348008,9557.11186146451,0.3001434184214785,0.045809435046013226,293.1881917701828,347.1516067899023,7139.70563533156,1.1452687152845114,0.21641510114975666,230.3861512549716,272.50952302830566,5831.8523484256,0.273598050213007,0.05170031183163396,228.42416423161402,270.47066661281868,5626.803604469436,0.0,0.0,13.464303275757658,16.204537897776647,202.64300911228174,0.0,0.0,15.357854034842834,18.19571451876232,358.01860812994166,0.0,0.0,207.02123804685329,247.30384675840697,3985.7407084501926,0.0,0.0,31.422599294751899,37.14737306329087,776.6814457810008,0.0,0.0,138.3063092565819,164.756178479143,2890.246927903262,45.958014466353578,31.521271924796709,512.9943262744996,609.8802943151852,12398.335645676878,0.0,0.0,140.88955790847064,169.3023824834533,2234.111707377532,1847.1591919635496,21.497634613066489,30.46804071740621,22.000000000000008,30.000000000000008,0.0,20.561589814681736,32.30481724580434,16.000000000000005,30.000000000000008,148.25942353981274,21.00241912401406,32.33497093417329,21.000000000000008,30.000000000000008,0.0,20.679155579973505,32.660475367686888,19.000000000000005,30.000000000000008,0.0,15.77404598267439,44.66795189024851,12.000000000000004,30.000000000000008,442.5625182685309,20.010835970977248,39.829810996499848,20.000000000000005,30.000000000000008,0.0,17.91408854326381,39.156086432048827,10.000000000000002,30.000000000000008,760.1906588532218,20.758221534268423,34.235472463660489,20.700000000000004,30.000000000000008,0.0,18.759971382454489,37.03103846921239,12.000000000000004,30.000000000000008,0.0,19.444762928368534,0.0,0.0,0.0,16.168601567358704,0.0,0.0,503.72223578964056,504.59717659392768,551.6476852992655,532.9366410164731,543.6382541229532,903.6385800273093,556.3622200411221,640.6108383019293,549.5388481407142,10774.724452026456,80.88031907035939,87.8811034403878,220.00000000000007,0.0,220.00000000000007,220.00000000000007,16.0,19.0,19.0,12.0,19.7,12.0,21.0,10.0,1.0,0.0,1847.1591919635496,0.0,148.25942353981274,0.0,442.5625182685309,0.0,760.1906588532218,0.0,10594.789749786887,6356873.849872131,8326527.749891862,80.88031907035939,88.00000000000003,0.35315965832622966,0.7634414176913014,0.36028137401965967,88.00000000000003,0.35426478194388757,8326527.749891862,0.43838166521659907 
 04/08  09:30:00,8.54,62.5,7.705,120.0,669.0,0.0,0.0,1.0,2.0,0.0,0.0,0.0,0.0,0.0,4.0,4096.0,0.0,466.0634499508475,69.7271094491491,178.67537069389094,13.975190425585169,371.9657675273676,0.0,69.72710944914907,95.32224496063631,0.0,0.0,20.762927569328459,-1452.6744915167442,19.929115427755478,463.2521272068275,20.949146557858854,-1289.2319628177368,20.106250221577509,522.6472289415647,15.672989903785695,44.73470672425934,19.225790636050975,-62.18910707052936,17.69249154005488,224.21819608977513,18.704000557281736,-107.83754261253236,18.292204505310307,-83.34742821488317,1191.9995012878472,602.0087660963592,0.0,0.0,0.0,0.0,0.0,0.0,0.0,0.0,0.0,0.0,0.0,0.0,0.0,0.0,0.0,0.0,0.0,0.0,0.0,0.0,0.0,0.0,1.2979105562724618,0.39618759348976248,357.46155379522329,422.35131869876019,9270.504097288802,0.30790803130930285,0.046994510273092638,286.36710766895387,339.39269673757056,6910.546014799849,0.9640611873248994,0.18217331582103173,297.13674161192696,350.79627021089268,7821.453407667845,0.27565396790238397,0.052088807237789847,290.95499593534768,344.5069235104692,7161.497861957526,0.0,0.0,13.189028842641353,15.891052181986709,194.52308708143134,0.0,0.0,16.325319012353068,19.387231080477969,367.17258799815115,0.0,0.0,164.17180927610324,196.30221419613663,3164.314987264999,0.0,0.0,33.506273351302137,39.79256799110361,770.8184741985739,0.0,0.0,94.1510354334663,112.4576232107172,1878.860329842897,45.30472893037299,31.073202284206454,568.5288643880592,676.0979162371937,13613.84706316952,0.0,0.0,97.29122782004623,117.1803857443302,1483.2465591983456,1808.5096777147629,21.521615611973976,30.59630489143542,22.0,30.0,0.0,20.612875776546486,32.35517058960076,16.0,30.0,1494.9832700994026,21.724717886170237,30.868601680549419,21.5,30.0,0.0,20.829103968879879,32.52310930803279,19.0,30.0,0.0,15.785831104318655,44.79062354182009,12.0,30.0,0.0,19.752058840042197,40.47065689794776,19.0,30.0,0.0,18.106792720442959,38.502740337534337,10.0,30.0,351.4456422394377,20.01529829423389,35.68524700523027,19.95,30.0,0.0,18.42994127767906,37.82655160521185,12.0,30.0,0.0,19.605076166472423,0.0,0.0,0.0,15.972189434514336,0.0,0.0,519.9981533868249,518.0103270082093,557.8843164061727,549.77275021429,552.5188366332399,898.5280685982134,549.6171804362946,631.6783040249625,552.7490833641884,8870.058136873427,82.13990011137703,82.13990011137703,220.0,0.0,220.0,220.0,16.0,19.0,19.0,12.0,19.7,12.0,21.0,10.0,1.0,0.0,1808.5096777147629,0.0,1494.9832700994026,0.0,0.0,0.0,351.4456422394377,0.0,0.0,0.0,0.0,82.13990011137703,82.13990011137703,0.34,0.7702588385001808,0.36028137401965956,82.13990011137703,0.3542647819438875,0.0,0.005341111111111112 
 04/08  09:40:00,8.7,60.66666666666667,7.503333333333333,130.66666666666667,641.1666666666666,0.0,4.0,0.0,0.0,0.0,0.0,0.0,0.0,0.0,0.0,5120.0,0.0,547.0677654427755,72.68733692724929,186.26082606492896,16.404067883413729,436.6144753912349,0.0,72.68733692724926,99.3691003521173,0.0,0.0,20.85992892008226,-1404.425268066375,20.04606401665147,496.0163864351406,20.83795928936486,-561.4073041060528,20.191343225848187,-22.909349831909176,15.690021080876847,45.051465143920569,18.999903944251078,-107.69843743277103,18.02177586474443,407.0556211537305,18.33626558536625,-45.60109744682896,18.083847188395173,-301.43638859100749,1000.6817018727469,587.6910404946676,0.0,0.0,0.0,0.0,0.0,0.0,0.0,0.0,0.0,0.0,0.0,0.0,0.0,0.0,0.0,0.0,0.0,0.0,0.0,0.0,0.0,0.0,1.2465273511394975,0.3805028544381861,410.3829538786971,484.9331092812783,10578.669327658567,0.3062005894478135,0.04673391169838423,293.62133263541349,347.9730451535986,7037.919380173926,1.0740701465741108,0.2029611010155161,168.73882826760946,199.51430826602923,4302.003392552458,0.27356506739188549,0.051694079250167317,17.773279233870757,21.039819231927948,436.6044893149427,0.0,0.0,11.851264175219236,14.283844942466594,171.36425395915374,0.0,0.0,63.25438093084959,75.32936175966892,1349.8427475792362,0.0,0.0,205.66198237585903,245.34048162396585,4151.008344871982,0.0,0.0,23.135730764859035,27.543401394838364,500.8461959710735,0.0,0.0,97.54839586202977,116.58800897656845,1844.248119431152,44.52063258009285,30.535413292244763,344.2136171863076,410.062845051292,8205.230164638724,0.0,0.0,101.49380244492409,122.15774541490876,1512.0002930533036,1825.7174854112412,21.64896238994407,30.291802428191415,22.0,30.0,0.0,20.688172206045924,32.31721315408258,16.0,30.0,1183.6357662190588,21.50596032588265,30.65561408004057,21.400000000000003,30.0,0.0,20.825255507749757,35.51431289483514,19.0,30.0,0.0,15.802999824292748,44.99498560922983,12.000000000000002,30.0,0.0,19.29821528502249,38.04094227344842,16.0,30.0,0.0,18.72242861591376,37.83460674406205,10.0,30.0,0.0,19.41170565003531,36.59096158088792,16.0,30.0,0.0,18.102896086096455,39.0501910289348,12.000000000000002,30.0,0.0,19.130622588521569,0.0,0.0,0.0,15.968081684930738,0.0,0.0,528.590610071125,533.3874905509548,532.4533376142913,725.7081678956074,566.766091307974,687.2239001852215,599.6176040742945,610.6817297257749,577.4562050130561,9342.414888754682,81.82744109020659,83.39050667720425,132.0,0.0,132.0,132.0,16.0,19.0,16.0,12.0,16.0,12.0,21.0,10.0,1.0,0.0,1825.7174854112412,0.0,1183.6357662190588,0.0,0.0,0.0,0.0,0.0,2365.2199137572608,1419131.9482543565,1837218.8521813669,81.82744109020659,83.41705271989309,0.3508406637919087,0.7690095548318785,0.36028137401965956,83.41705271989309,0.35426478194388757,1837218.8521813669,0.09870338031343108 
 04/08  09:50:00,8.86,58.83333333333333,7.301666666666667,141.33333333333335,613.3333333333334,0.0,4.0,0.0,0.0,0.0,0.0,0.0,0.0,0.0,0.0,3072.0,0.0,629.6757869672211,75.47341245370109,193.40001632208908,18.88103008051277,502.5430664646121,0.0,75.47341245370105,103.17787682240753,0.0,0.0,20.77347067268341,-1615.01981952522,20.167627073456253,346.14577316152369,20.487945685129654,-82.17183742747123,20.16266774860157,-46.119970671790898,15.716978403133434,49.64110043949391,18.85905171962513,-23.88235917456467,18.154100519472295,198.49110338595029,17.810575048979044,-10.299362374611054,17.773119723543503,-299.45743686150407,981.7418531448052,702.4707688665791,0.0,0.0,0.0,0.0,0.0,0.0,0.0,0.0,0.0,0.0,0.0,0.0,0.0,0.0,0.0,0.0,0.0,0.0,0.0,0.0,0.0,0.0,1.2619254419582978,0.3852031263608971,374.1191011782298,442.1597857117463,9428.498471431085,0.28663527667720747,0.04374775285061168,256.3086207533787,303.71416015587917,6094.33782622094,1.1765255922770035,0.22232154049074166,74.52839298039962,88.19024723816009,1849.6783151125424,0.24286222895420923,0.04589233351364501,13.363083480978514,15.824371567378006,322.40447090495806,0.0,0.0,11.323126568631303,13.639512556411884,160.8511807716577,0.0,0.0,39.916199471664409,47.57424997484148,816.923494339963,0.0,0.0,227.36974478042633,271.0114019527052,4583.30057985911,0.0,0.0,13.285083786875468,15.86318661924918,259.4482228671866,0.0,0.0,143.4838224080495,171.7232947026441,2538.8057366285704,43.69960585292634,29.972294823680654,302.6968272229428,360.57350762423416,7175.058842315333,0.0,0.0,149.2301511517115,179.23837750803615,2342.7670354970657,1825.1000223363472,21.477565273830018,30.398897086804476,22.000000000000019,30.00000000000002,0.0,20.75195460258201,32.013238826500039,16.000000000000015,30.00000000000002,31.57284453267847,21.109923676520738,31.238918263345569,21.000000000000015,30.00000000000002,0.0,20.720369994570903,39.40429330062416,19.000000000000015,30.00000000000002,0.0,15.837016702711843,45.11581970447906,12.00000000000001,30.00000000000002,0.0,19.023259081633709,37.282074405582019,16.000000000000015,30.00000000000002,0.0,18.87748420154946,36.93201862041737,10.000000000000007,30.00000000000002,0.0,18.494455800887527,38.447690638103157,16.000000000000015,30.00000000000002,0.0,17.619571405780087,40.47374028521572,12.00000000000001,30.00000000000002,0.0,19.175968995794205,0.0,0.0,0.0,16.555781218960197,0.0,0.0,528.4929135604181,534.3450237969803,533.9904978275471,942.1646529191771,580.5363694099667,608.3683660597772,574.5248327794272,598.631160052503,593.2291285494654,9963.326365660669,81.41693938685322,83.74520283936217,132.0000000000001,0.0,132.0000000000001,132.0000000000001,16.0,19.0,16.0,12.0,16.0,12.0,21.0,10.0,1.0,0.0,1825.1000223363472,0.0,31.57284453267847,0.0,0.0,0.0,0.0,0.0,3523.537072244587,2114122.2433467505,2736003.0716785446,81.41693938685322,83.78474448208998,0.3441179024081531,0.7680510909101697,0.3602813740196598,83.78474448208998,0.3542647819438878,2736003.0716785446,0.14540349306061765 
 04/08  10:00:00,9.02,57.0,7.1,152.0,585.5,0.0,4.0,0.0,0.0,0.0,0.0,0.0,0.0,0.0,0.0,4096.0,0.0,710.8937584176541,78.09562660812743,200.1193109261448,21.31631087898836,567.3622578876073,0.0,78.09562660812739,106.76264237402939,0.0,0.0,20.672557511593248,-1019.8214980861453,20.23183153572837,429.748108277573,20.957413181396647,-756.5384000991459,20.155619746305605,-31.024932193031618,15.747714715068142,50.51982551410302,18.819281572964394,-23.67624085314668,18.062131964390639,193.70270896501143,17.471724193982703,-25.87625559866659,17.632425562816655,-171.7095422718237,989.7744596570265,651.2342742963242,0.0,0.0,0.0,0.0,0.0,0.0,0.0,0.0,0.0,0.0,0.0,0.0,0.0,0.0,0.0,0.0,0.0,0.0,0.0,0.0,0.0,0.0,1.3111241805131782,0.4002210563227039,410.1583705765016,484.94179964581977,10191.790083172733,0.3116362643197948,0.047563532405341089,279.64934177301327,331.32338723353407,6561.84206425324,0.9785141215983568,0.1849044069535822,165.70810772747297,195.72682354994402,4282.144159369056,0.24865899830728439,0.04698771698928276,18.195463008988815,21.532414490904665,429.3112745213312,0.0,0.0,11.244639978331954,13.548855389679846,156.9448752972595,0.0,0.0,37.88990054429539,45.17984005728891,753.5872120088914,0.0,0.0,240.3987904973272,286.88313845148726,4682.732282979245,0.0,0.0,14.171733597506018,16.947706755851895,254.05935141379664,0.0,0.0,152.36250691684053,182.60192414938516,2600.6187033247849,43.07666298181575,29.545036338693938,342.5240020187102,407.9591209606424,7963.8436382990789,0.0,0.0,165.44382557610937,198.7293185722941,2611.311699029786,1174.5505654330826,21.440809367869009,30.50177894685918,21.75,30.0,0.0,20.742113926327375,31.98721859375475,16.0,30.0,1448.5661885543344,21.86357663278791,29.64091789111365,21.5,30.0,0.0,20.670261438834119,41.456229257622428,19.0,30.0,0.0,15.874490069435226,44.90164546590736,12.0,30.0,0.0,18.90056673599328,37.099728302171588,16.0,30.0,0.0,18.687686740425844,37.114093303519307,10.0,30.0,0.0,17.927929825768069,39.641550329421239,16.0,30.0,0.0,17.453360689517966,40.46686648555882,12.0,30.0,0.0,19.318751041077623,0.0,0.0,0.0,16.785262178040424,0.0,0.0,540.4811749455596,542.8129175936419,537.3341240134363,1061.932232441447,579.7024477959576,585.8997322397675,567.8364235222039,591.1196996292911,577.7917124901055,8563.577633014316,82.34253088796349,82.34253088796349,132.0,0.0,132.0,132.0,16.0,19.0,16.0,12.0,16.0,12.0,21.0,10.0,1.0,0.0,1174.5505654330826,0.0,1448.5661885543344,0.0,0.0,0.0,0.0,0.0,0.0,0.0,0.0,82.34253088796349,82.34253088796349,0.34,0.7705424442294677,0.36028137401965956,82.34253088796349,0.3542647819438875,0.0,0.003094666666666666 
 04/08  10:10:00,9.108333333333335,56.83333333333333,7.236666666666666,162.66666666666669,557.6666666666666,0.0,0.0,1.0,2.0,0.0,0.0,0.0,0.0,0.0,0.0,9216.0,0.0,788.323600106964,80.56484743985037,206.4465591020012,23.638005189243878,629.1581695924969,0.0,80.56484743985033,110.13825445436454,0.0,0.0,20.846267971352654,-1231.0191647152765,20.363272939198006,354.2194202454526,20.85333089752558,-1184.6944654919658,20.153073737614933,404.137985182143,15.780955175671823,53.90007424623448,19.415941313143337,-57.184912082575149,18.037347598804535,168.47120398444327,18.29993965684868,-59.77542402479213,17.5746219185762,-119.71745962268787,1060.9675729021063,612.8903712514181,0.0,0.0,0.0,0.0,0.0,0.0,0.0,0.0,0.0,0.0,0.0,0.0,0.0,0.0,0.0,0.0,0.0,0.0,0.0,0.0,0.0,0.0,1.1868002113703087,0.36227112679191356,376.2582635298989,444.8227432258242,9397.04966290126,0.27963015740078808,0.04267859545189073,258.53895941153106,306.42077794385309,6058.27416847861,1.082041415821513,0.2044673877213744,329.35015859556258,389.19058634859109,8255.382481515007,0.27222242441349256,0.05144036742507416,251.6425766552621,298.1592209792061,5848.423295467225,0.0,0.0,12.12831360187839,14.621656669603125,168.08723390671188,0.0,0.0,16.251508813844727,19.32964263092154,348.492614670976,0.0,0.0,221.8753521264803,265.0245268237708,4256.7764234075489,0.0,0.0,20.871326476210109,24.84389476086257,432.34821804915739,0.0,0.0,163.5460095923832,196.16110374144552,2746.271526369056,43.40441496337191,29.769831936469079,508.189864223671,604.4657731269638,11703.538377103645,0.0,0.0,170.8980391827533,205.31396236138577,2719.574702055209,1845.468014982793,21.605209199081008,30.97799897756492,21.999999999999994,29.999999999999994,0.0,20.828108353376554,32.39630849520774,15.999999999999997,29.999999999999994,1581.0035846413135,21.527503130855544,30.903324554037824,21.44444444444444,29.999999999999994,0.0,20.7048876284994,33.743171473917929,15.999999999999997,29.999999999999994,0.0,15.91488036023288,44.59115185474276,11.999999999999997,29.999999999999994,748.3343131213516,19.785867771808637,36.07767521637437,19.555555555555555,29.999999999999994,0.0,18.628352286855706,37.29795468477185,9.999999999999999,29.999999999999994,1319.2948751542636,19.222825768161326,37.01693494382824,20.7,29.999999999999994,0.0,17.403277593826404,40.351512379865869,11.999999999999997,29.999999999999994,0.0,19.629268965094288,0.0,0.0,0.0,16.94135619702094,0.0,0.0,602.1035086569028,591.7866168853979,588.64383725692,652.0333800359158,577.4734448260335,658.5934509781253,582.293625416728,638.0575962475238,575.4110655475587,10275.618346137331,81.21042954469628,85.0275726213185,59.999999999999989,0.0,59.999999999999989,59.999999999999989,16.0,16.0,19.0,12.0,19.7,12.0,21.0,10.0,1.0,0.0,1845.468014982793,0.0,1581.0035846413135,0.0,748.3343131213516,0.0,1319.2948751542636,0.0,5776.865737173188,3466119.442303912,4519860.827775545,81.21042954469628,85.09240038280488,0.3436733023502174,0.7657878392174431,0.36028137401965945,85.09240038280488,0.3542647819438875,4519860.827775545,0.2364227630443284 
 04/08  10:20:00,9.196666666666668,56.66666666666667,7.373333333333333,173.33333333333335,529.8333333333334,0.0,0.0,1.0,2.0,0.0,0.0,0.0,0.0,0.0,0.0,2048.0,0.0,841.567342300805,81.07703161209182,207.75900176517886,25.23449069923946,671.6514089521709,0.0,81.07703161209177,110.83844904893563,0.0,0.0,20.854106903460634,-1658.3811591025429,20.509868153485337,341.7637469988932,20.32802570634636,-80.54933042511394,20.16261780079165,54.097862044570508,15.82138034224678,54.36385607161169,19.470555403406306,-57.6652363884311,18.047274206590289,189.82315016404943,19.139637426862028,-152.8561912451995,17.54281553994262,-91.99855285536843,1089.0300950079275,601.1625864552264,0.0,0.0,0.0,0.0,0.0,0.0,0.0,0.0,0.0,0.0,0.0,0.0,0.0,0.0,0.0,0.0,0.0,0.0,0.0,0.0,0.0,0.0,1.1347057319859344,0.34636927105797768,464.31895644000226,548.2215396634024,11389.787870233895,0.25706734550176815,0.03923494284215021,253.17137101396595,299.6123196267692,5952.51460786387,1.2171004255415437,0.22998874254375369,319.92930639027318,378.6956216860834,7459.898246566032,0.2700683738118148,0.05103332838469668,181.38273984875046,215.01364937500538,4195.00710843254,0.0,0.0,12.339916427615823,14.853819015745398,170.1767186384215,0.0,0.0,16.688065334684695,19.818265961748673,353.610581387098,0.0,0.0,225.76628522424293,269.28428834755007,4293.225262617315,0.0,0.0,30.94775990015797,36.619597725622629,714.3668100661372,0.0,0.0,171.7226208809518,205.69234407325667,2847.396127244677,43.73742289521432,29.998232438418623,555.971083001718,660.5087781234437,12715.024121984825,0.0,0.0,177.75903815824032,213.05657965466873,2885.9867006754955,1858.0497624260048,21.552371928265396,31.109323813873329,22.000000000000008,30.000000000000008,0.0,20.965540586538766,32.28330160434666,16.000000000000005,30.000000000000008,85.32719468088377,20.814999337201969,32.55021384122247,21.000000000000008,30.000000000000008,0.0,20.66546739227566,32.677276465534379,16.000000000000005,30.000000000000008,0.0,15.96870533763768,44.300926423610288,12.000000000000004,30.000000000000008,0.0,19.749508665620639,37.96037844355078,19.000000000000005,30.000000000000008,0.0,18.62902875845078,37.332837857349549,10.000000000000002,30.000000000000008,854.6171872217308,20.738934453417845,34.104940908454619,20.700000000000004,30.000000000000008,0.0,17.383223218014814,40.4422621214369,12.000000000000004,30.000000000000008,0.0,19.784453824210837,0.0,0.0,0.0,17.190493403363747,0.0,0.0,606.9802426652445,606.7057029110878,606.9285889604712,593.6809619249661,580.8087973942343,774.990201255324,588.2962903080432,671.3146911677981,584.3699355767553,10598.662358611762,80.99677012935315,84.52439104073423,60.000000000000017,0.0,60.000000000000017,60.000000000000017,16.0,16.0,19.0,12.0,19.7,12.0,21.0,10.0,1.0,0.0,1858.0497624260048,0.0,85.32719468088377,0.0,0.0,0.0,854.6171872217308,0.0,5338.560708935268,3203136.4253611608,4145585.513040884,80.99677012935315,84.58430175470721,0.3479520236311757,0.7676935197840138,0.36028137401965967,84.58430175470721,0.35426478194388757,4145585.513040884,0.21695378001145936 
 04/08  10:30:00,9.285,56.5,7.51,184.0,502.0,0.0,0.0,1.0,2.0,0.0,0.0,0.0,0.0,0.0,0.0,4096.0,0.0,906.6362264932459,83.24302491907307,213.30922866959916,27.185545601877914,723.5821492157311,0.0,83.24302491907302,113.7995261138287,0.0,0.0,20.743532276844364,-1001.3977671643843,20.610034469100918,308.11733781651108,21.008492967832347,-1223.0165648140763,20.19814484395953,487.67768932011497,15.855284904770894,54.71924677977913,19.4822491722869,-54.356325056394727,18.042964338074179,195.98744180054929,18.73530048620289,-107.18183425373172,17.558161968475614,-18.180931704869864,1080.672054849122,545.4829833828362,0.0,0.0,0.0,0.0,0.0,0.0,0.0,0.0,0.0,0.0,0.0,0.0,0.0,0.0,0.0,0.0,0.0,0.0,0.0,0.0,0.0,0.0,1.1590524285850957,0.3538011076267081,414.6982459875262,490.3532746262077,10110.982507999535,0.26193645832250336,0.039978091929564,235.63614269501196,278.99891844806339,5521.887674251721,1.06595829114306,0.20142824851531758,376.09128178797257,444.4387659375949,9381.133025950838,0.28732091464086548,0.05429344569933209,281.10680747280807,333.1469241486457,6493.53412281037,0.0,0.0,12.244597952082259,14.753247290508789,167.60058370010615,0.0,0.0,16.411837666283799,19.514583041559125,342.63364968804208,0.0,0.0,219.41207019447109,262.02673228910626,4124.824424414472,0.0,0.0,34.667699438394567,41.216155722412128,742.2364800740584,0.0,0.0,168.43907233777905,201.97076177946335,2781.6682638533054,44.214179872866598,30.325226250251445,537.213855355788,638.9104329017428,12258.296677588834,0.0,0.0,174.9511474035701,209.8525525927348,2858.3437874284625,1262.4320807482002,21.558125015331176,30.860280506218936,21.75,30.0,0.0,21.00363516344507,32.117625533071237,16.0,30.0,1817.8322240895564,21.74030516281306,30.425559718918686,21.5,30.0,0.0,20.780991517266416,32.368323795525899,16.0,30.0,0.0,16.00699734771978,44.18360936296885,12.0,30.0,0.0,19.67991442302227,38.98177118665298,19.0,30.0,0.0,18.608688023143516,37.412923401824887,10.0,30.0,102.24331398590523,19.923274154935244,35.835806476174727,19.7,30.0,0.0,17.441377029678379,40.51079371351844,12.0,30.0,0.0,19.787901635733328,0.0,0.0,0.0,17.334561275062897,0.0,0.0,596.8392343330781,605.4639629285429,593.11225970925,596.0376484624264,586.1820388868621,829.1790600119836,597.4187869169596,667.7926011687168,601.9160994202091,9510.682240630053,81.7161418571327,85.34715033690861,60.0,0.0,60.0,60.0,16.0,16.0,19.0,12.0,19.7,12.0,21.0,10.0,1.0,0.0,1262.4320807482002,0.0,1817.8322240895564,0.0,0.0,0.0,102.24331398590523,0.0,5494.853276524898,3296911.965914939,4314233.289210097,81.7161418571327,85.4088169150161,0.3531617758841633,0.7652825111377393,0.36028137401965956,85.4088169150161,0.3542647819438875,4314233.289210097,0.22571679770559176 
 04/08  10:40:00,9.373333333333335,56.33333333333333,7.6466666666666669,184.83333333333335,489.6666666666667,0.0,0.0,0.0,0.0,0.0,0.0,0.0,0.0,0.0,0.0,4096.0,0.0,964.2603870529885,83.09457993877968,212.92883168880139,28.91337351330714,769.5713286191287,0.0,83.09457993877963,113.59659057144798,0.0,0.0,20.762804914785244,-1083.4041558934483,20.696329792363124,114.42058576856903,20.945869735575106,-882.7467838196653,20.22363075822597,253.15276734472946,15.889920676133059,50.26912617101374,19.42941174684635,-111.39121185743625,18.112430559110359,204.68927560522435,18.284326613029515,-29.48856532752731,17.588333978457489,-16.665299037774049,1040.1502293927288,468.44157170523479,0.0,0.0,0.0,0.0,0.0,0.0,0.0,0.0,0.0,0.0,0.0,0.0,0.0,0.0,0.0,0.0,0.0,0.0,0.0,0.0,0.0,0.0,1.1477383891206119,0.3503474936265604,427.7679385034669,506.50842035169969,10229.803102400667,0.2454293746726211,0.037458695768104569,228.84678861117519,271.17850697021887,5331.69305790214,1.1170344557212744,0.21107982912344576,333.449534001135,394.0180724606401,8154.497290245982,0.27088567127519849,0.051187768570521239,240.3400396482703,284.8395576131221,5476.891602657194,0.0,0.0,11.10504976902282,13.38127085218641,150.87190067437474,0.0,0.0,61.12706462182379,72.76468662056591,1244.259128740498,0.0,0.0,263.46661499659185,314.5430988511905,4966.938284980077,0.0,0.0,19.55447686213953,23.311682508206908,382.77073692408899,0.0,0.0,162.43076351413536,194.7251822236653,2674.9045781662227,44.46454030620389,30.496941225105556,500.7795146174054,595.9385886486622,11307.24674001998,0.0,0.0,167.5510048693592,200.96429143063706,2714.034462569425,1679.29930564141,21.463011048743419,30.574227016631228,22.0,30.0,0.0,21.01345081894741,31.602648936997708,16.0,30.0,1666.3535514711344,21.571953161162904,30.44424107075708,21.5,30.0,0.0,20.743431511924606,32.16888561414365,16.0,30.0,0.0,16.04568735342783,44.24520041182405,12.0,30.0,0.0,19.500074137326679,37.200174623680059,16.0,30.0,0.0,18.726280627014384,37.39580616821254,10.0,30.0,0.0,19.103312463037534,37.365835081346968,16.0,30.0,0.0,17.50649038447373,40.57607138287325,12.0,30.0,0.0,19.71310357695861,0.0,0.0,0.0,17.35312967496598,0.0,0.0,580.73615138053,586.9604437432652,582.8703875279589,587.8123290350245,601.9905675959906,706.8318613369453,622.2977567500647,655.7102107146939,624.2973358408285,9716.363136114083,81.58019300248719,85.10948691954727,60.0,0.0,60.0,60.0,16.0,16.0,16.0,12.0,16.0,12.0,21.0,10.0,1.0,0.0,1679.29930564141,0.0,1666.3535514711344,0.0,0.0,0.0,0.0,0.0,5341.089971165262,3204653.982699157,4176639.335721287,81.58019300248719,85.16942604671067,0.3480363323721754,0.7664521207185526,0.36028137401965956,85.16942604671067,0.3542647819438875,4176639.335721287,0.21855524545750694 
 04/08  10:50:00,9.461666666666666,56.16666666666667,7.783333333333333,185.66666666666669,477.3333333333333,0.0,0.0,0.0,0.0,0.0,0.0,0.0,0.0,0.0,0.0,4098.0,0.0,1017.207790251174,82.9080858154601,212.450930439653,30.50097051538056,811.8280311103872,0.0,82.90808581546006,113.34163896586404,0.0,0.0,20.69884215656085,-345.22875171819239,20.6987992848543,37.22146504286343,21.09312429825395,-1433.8499748790796,20.25063009322507,272.6079943688467,15.92259489365901,49.447944106991219,19.388972961885487,-77.42939611101514,18.10648779192462,165.83183247393164,17.88225820008489,-13.227490398929718,17.61721599989859,2.176416183238416,994.1408234546341,426.05125978711888,0.0,0.0,0.0,0.0,0.0,0.0,0.0,0.0,0.0,0.0,0.0,0.0,0.0,0.0,0.0,0.0,0.0,0.0,0.0,0.0,0.0,0.0,1.2025028203707234,0.36706435298251635,278.5245619798133,329.8242161100558,6599.5861242037749,0.2345155954593427,0.03579297854996073,108.73536013089923,128.9093548506961,2490.066738030594,1.0223114554588067,0.19318054713885245,387.46150010320687,458.06118127888899,9389.338430259882,0.25012255293675858,0.047264276821005,221.59444708055856,262.5817199951339,5029.888493580705,0.0,0.0,10.715498258826209,12.912161465142383,144.42729333532919,0.0,0.0,53.01010460438622,63.14412966909267,1056.182922399265,0.0,0.0,249.43432381729574,297.9111671824119,4635.627486812822,0.0,0.0,11.481322442422535,13.729804302523509,208.4305641244751,0.0,0.0,153.35480878556599,183.85928256939889,2515.917239255399,44.796971286058369,30.724946012385716,410.51473922562209,488.6462832425426,9295.636721936213,0.0,0.0,161.0597536631819,193.17900312104474,2612.582792987257,607.2488585448784,21.27301953198114,30.7347234665355,21.25,30.0,0.0,20.902082757895,31.5331634579549,16.0,30.0,1824.6985695894958,21.675889906282728,29.71491546316248,21.5,30.0,0.0,20.769413207715876,31.740494072783258,16.0,30.0,0.0,16.08104300302589,44.14471043411241,12.0,30.0,0.0,19.369679532595037,36.10291571619153,16.0,30.0,0.0,18.677808164602845,37.114311853639218,10.0,30.0,0.0,18.415477637813294,38.50976771179235,16.0,30.0,0.0,17.56538120380294,40.13145326435453,12.0,30.0,0.0,19.544766446705947,0.0,0.0,0.0,17.452607175174156,0.0,0.0,574.4637559126268,578.166282858251,564.6562779897097,576.1002646365164,610.5478826094561,634.6709340417963,610.5684731112848,636.9573767730778,620.5865645219094,6457.769364508672,82.69630585825773,84.63049243509579,60.0,0.0,60.0,60.0,16.0,16.0,16.0,12.0,16.0,12.0,21.0,10.0,1.0,0.0,607.2488585448784,0.0,1824.6985695894958,0.0,0.0,0.0,0.0,0.0,2926.8309969594727,1756098.5981756836,2282971.798105954,82.69630585825773,84.66334134422927,0.26756103323198246,0.5381775411147287,0.27021103051474468,84.66334134422927,0.2656985864579156,2282971.798105954,0.1200712001681763 
 04/08  11:00:00,9.55,56.0,7.92,186.5,465.0,0.0,0.0,0.0,0.0,0.0,0.0,0.0,0.0,0.0,0.0,4100.0,0.0,1065.2336802136597,82.68798524553081,211.88690930660273,31.940997764970186,850.1569200992419,0.0,82.68798524553078,113.04074479990016,0.0,0.0,20.48980375722695,-209.56261627632149,20.732290853391249,82.13430445955624,20.798521813018767,-1187.5846371787293,20.33102302777432,275.4112532242548,15.955793159543886,49.96656843014915,19.402571507388215,-69.93778028668192,18.112497515343934,197.63312953409514,17.60017826925833,-15.385596211406679,17.64607855360704,13.394892952941064,1018.1803915964983,399.5700712386697,0.0,0.0,0.0,0.0,0.0,0.0,0.0,0.0,0.0,0.0,0.0,0.0,0.0,0.0,0.0,0.0,0.0,0.0,0.0,0.0,0.0,0.0,1.2161394342199712,0.37122693352257976,299.72413381997259,355.31115752287766,6923.394940053975,0.24577739456500176,0.037511812357295757,149.3417359589853,177.05624698846294,3380.7122049324009,1.0018109568122982,0.18930668118146233,383.1210512238826,453.27215696508457,9235.736573026192,0.2450544604574299,0.04630658738802529,206.119374598789,244.29640006095463,4694.983412154253,0.0,0.0,10.80098695761231,13.015436050525402,144.43097629565507,0.0,0.0,51.1562756907793,60.95643671319674,1006.0726074245465,0.0,0.0,248.25546493339716,296.5583750456013,4570.931991707623,0.0,0.0,17.73151270257907,21.233927696803904,301.75238042025355,0.0,0.0,144.21985519956918,172.91676313635385,2355.0130475677326,45.23054303807449,31.02232032789746,425.08944861291226,506.136517554796,9589.090854483082,0.0,0.0,162.29739511779463,194.6366791650869,2635.2808017178588,131.05126462961509,21.078817576168974,30.653894124183457,21.0,30.0,0.0,20.86502501816551,31.24425803096002,16.0,30.0,1003.5310409109292,21.534767530060014,29.74286135583828,21.5,30.0,0.0,20.89486274917193,31.0512113012454,16.0,30.0,0.0,16.11690103712719,43.79292208794506,12.0,30.0,0.0,19.326064493465734,35.567300467336469,16.0,30.0,0.0,18.68019284123602,36.59672336676097,10.0,30.0,0.0,17.95722225983356,39.16716332011949,16.0,30.0,0.0,17.616652508890515,39.49305999541323,12.0,30.0,0.0,19.67288639895815,0.0,0.0,0.0,17.54949761781802,0.0,0.0,559.6120861932332,566.0457896852331,556.6456789618509,561.2378950841728,608.2976737137502,608.8160855115768,593.6137712108526,621.5243625960742,604.8370901339861,6258.147334785157,82.65035184555686,82.65035184555686,60.0,0.0,60.0,60.0,16.0,16.0,16.0,12.0,16.0,12.0,21.0,10.0,1.0,0.0,131.05126462961509,0.0,1003.5310409109292,0.0,0.0,0.0,0.0,0.0,0.0,0.0,0.0,82.65035184555686,82.65035184555686,0.255,0.5385927660509468,0.27021103051474468,82.65035184555686,0.2656985864579156,0.0,0.0013433333333333334 
 04/08  11:10:00,9.620000000000001,56.16666666666667,7.996666666666667,187.33333333333335,452.66666666666665,0.0,0.0,0.0,0.0,0.0,0.0,0.0,0.0,0.0,0.0,4104.0,0.0,1108.2566662103955,82.4386608623335,211.2479987787793,33.23101483867943,884.4930389256128,0.0,82.43866086233347,112.69989946560266,0.0,0.0,20.8580482939089,-1187.5552941680317,20.883189668755187,294.8916361395211,21.053188760114418,-1825.531293572838,20.43318902034154,446.0037104023927,15.990550034258347,51.83224814392287,19.44163460442567,-70.25812814897467,18.18375421511756,251.55296378339018,17.401075944438334,-1.6418953995435857,17.674042943385019,21.997055669889506,1072.5226285827676,366.38302830824298,0.0,0.0,0.0,0.0,0.0,0.0,0.0,0.0,0.0,0.0,0.0,0.0,0.0,0.0,0.0,0.0,0.0,0.0,0.0,0.0,0.0,0.0,1.1655613832898298,0.35578796803718856,386.21105636221349,456.94636844928837,9261.468861915417,0.27903907737944907,0.04258838177342019,262.4630588434582,311.05984491260139,6004.7604996148679,0.9864104367676738,0.18639653000145013,408.60837450374256,483.17893908588999,9921.320460368794,0.2751617546752457,0.05199579642389373,306.2523824033956,363.034344059914,7011.961032159668,0.0,0.0,11.19864606892688,13.494923964152145,149.044682409124,0.0,0.0,52.58662912845387,62.689996508224648,1026.8092216853705,0.0,0.0,252.03102185118065,300.9851003813012,4670.089196675526,0.0,0.0,23.170500240325674,27.77753787948482,376.89946573989007,0.0,0.0,137.5032570742961,164.84807355995893,2238.933712650043,45.45642468201452,31.177246009612167,605.1706192794877,719.9874662663555,13521.82244966344,0.0,0.0,161.1984413196871,193.2767597585186,2620.609232458378,1805.1323167993092,21.643553460370535,29.000684636627889,22.0,30.0,0.0,21.048817144884688,30.31710516423584,16.0,30.0,2369.958878947723,21.76162870588746,28.787771114896694,21.75,30.0,0.0,21.07644120707759,30.157696997078927,16.0,30.0,0.0,16.15548116330104,43.26616884893106,12.0,30.0,0.0,19.324243188695588,35.011672659179037,16.0,30.0,0.0,18.81037730729406,35.68711626302327,10.0,30.0,0.0,17.65461365809213,39.283013901975888,16.0,30.0,0.0,17.662322540979877,38.81693594128558,12.0,30.0,0.0,20.00096312244061,0.0,0.0,0.0,17.6345677955182,0.0,0.0,535.7708486779907,545.3794161008805,536.0487548526631,541.3803494212094,599.2732344765576,588.8655255874762,573.4772592239464,601.4127207864973,587.5105580869246,9335.587227828224,81.83204941150646,83.59711530703658,60.0,0.0,60.0,60.0,16.0,16.0,16.0,12.0,16.0,12.0,21.0,10.0,1.0,0.0,1805.1323167993092,0.0,2369.958878947723,0.0,0.0,0.0,0.0,0.0,2671.178350248589,1602707.0101491535,2080283.4635690263,81.83204941150646,83.62709198555932,0.3440392783416197,0.7690305631003911,0.36028137401965956,83.62709198555932,0.3542647819438875,2080283.4635690263,0.10950474010558936 
 04/08  11:20:00,9.690000000000002,56.333333333333339,8.073333333333335,188.16666666666667,440.3333333333333,0.0,0.0,0.0,0.0,0.0,0.0,0.0,0.0,0.0,0.0,4106.0,0.0,1146.3068787736027,82.1644080700443,210.54520583759183,34.371925221220717,914.8604348312299,0.0,82.16440807004426,112.32497510613534,0.0,0.0,20.769845591292297,-1104.597723657634,20.960345596079546,-39.93784374795223,20.835295485525927,-230.8479764504384,20.348256235992936,2.9959773672939038,16.027487548910938,51.084272829653418,19.507807704706086,-64.36419802790778,18.210754758951745,188.01510040869199,17.27323416731104,18.211593239431978,17.714520726311247,49.69440997663173,913.3761704479257,353.6969533722263,0.0,0.0,0.0,0.0,0.0,0.0,0.0,0.0,0.0,0.0,0.0,0.0,0.0,0.0,0.0,0.0,0.0,0.0,0.0,0.0,0.0,0.0,1.1273821633323269,0.34413374949094235,332.8133308232909,394.26850553836587,7642.175378545648,0.21723422379075645,0.033155406561470767,176.21124354210245,208.88966491297993,3997.5400693705034,1.1647699222232327,0.22010013647453384,185.2949760721838,219.49246528085548,4328.099338731639,0.24408295895969424,0.04612300811785604,135.63062038782534,160.92466440612123,3028.515851344642,0.0,0.0,10.784623994680202,12.996545030722821,142.91896694673467,0.0,0.0,50.2775023900802,59.93153174928371,979.3735541333875,0.0,0.0,251.55553689047796,300.49753789417766,4622.477514758213,0.0,0.0,28.144444537044323,33.771283904007258,444.0379433610404,0.0,0.0,137.2772270992753,164.59850181707129,2234.0838095998667,45.12378103970053,30.94909536330627,329.5512892135201,392.6717932461998,7397.248791087301,0.0,0.0,164.43490000331395,197.13036184740808,2695.936842406675,1127.4686829511846,21.34615595596587,29.34436030749801,21.5,30.0,0.0,21.02361547724199,30.089290454988928,16.0,30.0,830.979609506735,21.269663044514766,29.601232752248465,21.25,30.0,0.0,20.836141792147396,30.473900607120848,16.0,30.0,0.0,16.19712387515543,42.64186889758868,12.0,30.0,0.0,19.369937867775457,34.412177357564058,16.0,30.0,0.0,18.802963972225166,35.31443583027861,10.0,30.0,0.0,17.4754991772043,39.017232266344837,16.0,30.0,0.0,17.729684688855234,38.066742048948757,12.0,30.0,0.0,19.38833299607183,0.0,0.0,0.0,17.77525722671325,0.0,0.0,528.0859525431609,534.4872493345627,532.6340231341544,535.9499439594124,586.5067498555329,571.5752098841891,560.4452095901692,579.5974486592761,569.4359630265778,7543.598986006153,81.6807431166402,85.0939312063222,60.0,0.0,60.0,60.0,16.0,16.0,16.0,12.0,16.0,12.0,21.0,10.0,1.0,0.0,1127.4686829511846,0.0,830.979609506735,0.0,0.0,0.0,0.0,0.0,5165.554409716893,3099332.645830136,4043064.2621387515,81.6807431166402,85.15189847109184,0.2571851469905631,0.5375298284938459,0.27021103051474468,85.15189847109184,0.2656985864579156,4043064.2621387515,0.2115626749645484 
 04/08  11:30:00,9.760000000000002,56.5,8.15,189.0,428.0,0.0,0.0,0.0,0.0,0.0,0.0,0.0,0.0,0.0,0.0,4108.0,0.0,1179.4842774550598,81.86940416416133,209.78923482886683,35.36672618534314,941.3388848417881,0.0,81.86940416416128,111.92168240114475,0.0,0.0,20.652783047974738,-1070.3590042003103,21.115147555111159,171.25093583303249,20.869199944899849,-357.46751529037467,20.298922946147458,259.6296991778963,16.064936806636309,52.793237633530697,19.579367575624553,-67.50045798176012,18.279122750189566,215.22280283172086,17.18986044882393,30.191050863081615,17.74980432881506,48.96101600288671,982.8814653182367,337.1789549564837,0.0,0.0,0.0,0.0,0.0,0.0,0.0,0.0,0.0,0.0,0.0,0.0,0.0,0.0,0.0,0.0,0.0,0.0,0.0,0.0,0.0,0.0,1.137978287871065,0.3473682197408623,334.7134110165341,396.4963756670089,7782.425431896418,0.24096196953005995,0.036776857376382778,169.91678011310533,201.53980419041239,3895.837274591375,1.119873938672123,0.21161639052761217,260.649333403751,309.00877691802267,5981.09835793393,0.2667505614370608,0.05040637971221858,233.23401440413455,276.8873044773957,5150.94316194392,0.0,0.0,11.108826587607262,13.389534537995635,146.5772010713324,0.0,0.0,51.179211849163,61.02766529451889,994.6976139301506,0.0,0.0,254.77760263322808,304.27432121437075,4708.213979858048,0.0,0.0,30.714621965630266,36.875359620483489,473.6757712710014,0.0,0.0,135.97353812221997,163.0108500037263,2207.6413494286196,45.31843425716213,31.08260237116745,406.93145334953308,484.88215066281489,9076.338528014085,0.0,0.0,164.54004411890686,197.2032722247892,2704.056612497748,1387.6789780181514,21.429975133436768,29.006746012536234,21.75,30.0,0.0,21.230292882488916,29.629734541067607,16.0,30.0,0.0,21.195933429478033,29.477394374595776,21.0,30.0,0.0,20.788853257627467,30.280560837718853,16.0,30.0,0.0,16.239318833742819,42.01095194889088,12.0,30.0,0.0,19.42102848271017,33.85999571252452,16.0,30.0,0.0,18.927702421692478,34.6462558314259,10.0,30.0,0.0,17.366468847021083,38.732769982554717,16.0,30.0,0.0,17.779328840910755,37.51459236275994,12.0,30.0,0.0,19.667046314171626,0.0,0.0,0.0,17.862493592768524,0.0,0.0,519.196541598105,530.475304815355,521.5786119672553,524.1389113326379,572.7174424034332,555.9838370054499,546.7005107819686,562.6237508226012,555.6804117509062,9132.753866741974,81.96620425796492,81.96620425796492,60.0,0.0,60.0,60.0,16.0,16.0,16.0,12.0,16.0,12.0,21.0,10.0,1.0,0.0,1387.6789780181514,0.0,0.0,0.0,0.0,0.0,0.0,0.0,0.0,0.0,0.0,81.96620425796492,81.96620425796492,0.34,0.7701078634825447,0.36028137401965956,81.96620425796492,0.3542647819438875,0.0,0.0013166666666666668 
 04/08  11:40:00,9.83,56.66666666666667,8.226666666666667,190.0,444.6666666666667,0.0,0.0,0.0,0.0,0.0,0.0,0.0,0.0,0.0,0.0,4108.0,0.0,1259.9911830458319,82.96635745635622,212.60021771646954,37.780698262368847,1005.5907154803035,0.0,82.96635745635619,113.42130071681918,0.0,0.0,20.773746866936258,-1127.7054988718783,21.198140797128354,-22.94665625414973,20.98823624986254,-822.7717526381575,20.250985744287946,287.6148912312897,16.106021250102676,51.07276556339498,19.682487140103079,-75.99485561734844,18.2863450612084,201.90706415692694,17.138073488854518,41.39007742670691,17.787216822227156,55.722252608661168,982.3513116855529,302.74673468145218,0.0,0.0,0.0,0.0,0.0,0.0,0.0,0.0,0.0,0.0,0.0,0.0,0.0,0.0,0.0,0.0,0.0,0.0,0.0,0.0,0.0,0.0,1.0853613787886223,0.3313068921821191,438.0423059711355,519.359456711709,10061.436642819059,0.22094801665732168,0.03372222476454848,237.08881958812865,281.15831830742686,5401.495546568462,1.0956555479448343,0.20703997504626507,330.5851371889888,391.1022010048965,7787.473151941894,0.2733107129973565,0.051646015305622908,255.6700140422542,303.46053687099336,5566.8281814571769,0.0,0.0,10.847899923893593,13.075664131076693,142.56120554051078,0.0,0.0,53.16973357017686,63.39222310350006,1034.143427790465,0.0,0.0,251.66478382198972,300.63526281397506,4609.65799097617,0.0,0.0,31.847942086010457,38.25489311710824,482.9446427522377,0.0,0.0,131.86244081544894,158.09471455447608,2136.135577994897,45.18625118339009,30.991941826742186,508.01994594489846,605.2603349195936,10999.807370307111,0.0,0.0,160.80871791243767,192.72514029290759,2646.643526553143,1726.9991425056963,21.469310097495045,28.904048899798707,22.0,30.0,0.0,21.217553513820307,29.387106074823813,16.0,30.0,1667.7465462686842,21.528986671449837,28.811206241783859,21.5,30.0,0.0,20.6771923386814,30.395100234259176,16.0,30.0,0.0,16.28314659924162,41.441407224863358,12.0,30.0,0.0,19.498567728659567,33.38316112779536,16.0,30.0,0.0,18.914233689913428,34.391488692794499,10.0,30.0,0.0,17.30571183479141,38.42480632911712,16.0,30.0,0.0,17.83201264588403,37.02016574971456,12.0,30.0,0.0,19.74532583145883,0.0,0.0,0.0,17.947339528327637,0.0,0.0,515.9983465395665,518.3308412753255,516.7625201836083,519.1781895674102,560.0595550826641,544.4619041541441,536.1949279396977,548.2586985249018,543.4302600226196,9937.493591836717,81.43396919246496,84.9565466915314,60.0,0.0,60.0,60.0,16.0,16.0,16.0,12.0,16.0,12.0,21.0,10.0,1.0,0.0,1726.9991425056963,0.0,1667.7465462686842,0.0,0.0,0.0,0.0,0.0,5330.935680438666,3198561.4082632,4174914.413379911,81.43396919246496,85.0163717516203,0.3476978560146222,0.7689195002660209,0.36028137401965956,85.0163717516203,0.3542647819438875,4174914.413379911,0.21840554949575537 
 04/08  11:50:00,9.9,56.83333333333333,8.303333333333335,191.0,461.33333333333339,0.0,0.0,0.0,0.0,0.0,0.0,0.0,0.0,0.0,0.0,4109.0,0.0,1340.9774802171065,84.06014739406489,215.40309178611697,40.209044219081778,1070.2251386003434,0.0,84.06014739406484,114.91659448708195,0.0,0.0,20.708366243430853,-256.0037855929377,21.23652533985581,-225.62453365262503,20.999348654955854,-637.9178495283304,20.302968191014658,122.81848207120902,16.149999939531527,50.19746262333639,19.80312132858856,-79.42864359624957,18.28353753181318,170.4112690505467,17.107525221024596,52.28292548707526,17.828059942569455,69.31853842796954,900.692123114401,294.65642442550395,0.0,0.0,0.0,0.0,0.0,0.0,0.0,0.0,0.0,0.0,0.0,0.0,0.0,0.0,0.0,0.0,0.0,0.0,0.0,0.0,0.0,0.0,1.087670676065682,0.3320118058808554,250.90714079082597,297.8213297133537,5662.138091041723,0.19829783125032919,0.030265236759818256,111.69601619367457,132.45213720663308,2511.131301700516,1.089743325778778,0.20592277509047214,288.2579159971807,341.79449119993037,6638.947282970229,0.24416122001031463,0.046137796676174337,184.6372959689594,219.23748355324103,4014.7067071854337,0.0,0.0,10.518352489095122,12.679606274156204,137.74117992373093,0.0,0.0,53.116459423407039,63.309279825356828,1036.2082765168858,0.0,0.0,251.5009356512585,300.5618613813567,4552.315668298224,0.0,0.0,32.89104614410883,39.52237908201589,492.29081741371399,0.0,0.0,132.60159942634108,159.01066092615873,2144.444739845162,45.121805621473409,30.94774048112032,351.1144578381026,418.78412156849199,7734.146375852155,0.0,0.0,162.5299660919027,194.78724420310486,2686.120102945834,479.2321580788612,21.22821349651594,29.273810108301544,21.25,30.0,0.0,21.140693809465419,29.33682019807671,16.0,30.0,996.2985530869994,21.470776017915698,28.71355742662473,21.25,30.0,0.0,20.73496248531983,30.149208882541069,16.0,30.0,0.0,16.330601031702309,40.936133718880217,12.0,30.0,0.0,19.59707218350375,32.934951443833977,16.0,30.0,0.0,18.872853638965304,34.267138621645347,10.0,30.0,0.0,17.276502441115118,38.156097904240549,16.0,30.0,0.0,17.889927154400696,36.60178711840068,12.0,30.0,0.0,19.455560958382713,0.0,0.0,0.0,18.053770282790098,0.0,0.0,512.4706218914973,508.39146933649109,505.8943683079461,511.72044720305498,548.911307352836,534.9816750060984,527.9386246305601,537.0342379506564,533.4555281341559,4271.513912998037,81.80771165038859,83.50169893151933,60.0,0.0,60.0,60.0,16.0,16.0,16.0,12.0,16.0,12.0,21.0,10.0,1.0,0.0,479.2321580788612,0.0,996.2985530869994,0.0,0.0,0.0,0.0,0.0,2563.716763667048,1538230.0582002288,2001629.3260722887,81.80771165038859,83.53046845920477,0.17045722545556828,0.34691692652561426,0.18014068700982978,83.53046845920477,0.17713239097194376,2001629.3260722887,0.10538472495575903 
 04/08  12:00:00,9.97,57.0,8.38,192.0,478.0,0.0,0.0,0.0,0.0,0.0,0.0,0.0,0.0,0.0,0.0,4112.0,0.0,1422.155704631165,85.14772100569295,218.19003354376134,42.64314452629404,1135.0127314232823,0.0,85.14772100569292,116.40339006830334,0.0,0.0,20.919292878441114,-902.9982667497916,21.33224835000835,51.0453808717557,20.7039326933425,-456.9319515009679,20.33209582685107,279.57437954872196,16.197054820425863,52.58396695701671,19.932260754290114,-86.05025246058,18.333974494451558,230.37587926009474,17.08984042594178,59.755547167676187,17.865197644547118,73.33043623232129,992.033109162539,288.7605880409685,0.0,0.0,0.0,0.0,0.0,0.0,0.0,0.0,0.0,0.0,0.0,0.0,0.0,0.0,0.0,0.0,0.0,0.0,0.0,0.0,0.0,0.0,1.104187170060315,0.3370534707143819,359.32393656356768,425.5385199185013,8369.54592879377,0.22410718095165806,0.03420439269713951,198.8335472445055,235.80930849533235,4470.830707710034,1.0878855385814455,0.20557171930866326,281.41941642511969,333.7909134107132,6355.59399297974,0.26286456590994608,0.04967206460883333,241.86628708796975,287.27613611219518,5246.886985992594,0.0,0.0,10.907880381237654,13.149501015942655,142.43037582688624,0.0,0.0,55.04782935696733,65.60874658314326,1077.1665010025616,0.0,0.0,258.48191583978896,308.85877532965295,4688.946736624551,0.0,0.0,34.23781129583276,41.14833714097764,506.7688105386379,0.0,0.0,134.64443194678246,161.4485191100634,2171.5030194718544,45.31149912726157,31.07784576629739,436.5385089110511,520.0349363167641,9606.10453046767,0.0,0.0,165.45102135048954,198.24193858346139,2743.1604457676587,1257.8917078729645,21.662420267502847,28.259947705538449,21.75,30.0,0.0,21.215291676113723,29.050024123144689,16.0,30.0,74.96580054581104,21.21874373803869,29.03488484789948,21.0,30.0,0.0,20.802412249516374,29.804744296877045,16.0,30.0,0.0,16.38220229510842,40.467699784889337,12.0,30.0,0.0,19.70004078366516,32.487331322303777,16.0,30.0,0.0,18.965799964715207,33.82171346600906,10.0,30.0,0.0,17.26315730514281,37.94023003562914,16.0,30.0,0.0,17.937284656064095,36.27130585494607,12.0,30.0,0.0,19.903541577710489,0.0,0.0,0.0,18.1531629593036,0.0,0.0,498.1502029894741,499.0824549077084,498.2636152766918,499.6060687405235,538.5128201833476,524.9669262805769,517.22442339993,528.332622078565,525.066203407367,9796.994310745167,81.52695235363817,83.27465991033314,60.0,0.0,60.0,60.0,16.0,16.0,16.0,12.0,16.0,12.0,21.0,10.0,1.0,0.0,1257.8917078729645,0.0,74.96580054581104,0.0,0.0,0.0,0.0,0.0,2644.9356410350185,1586961.384621011,2054517.4435884353,81.52695235363817,83.30434178663673,0.34316452136783395,0.7706849489886557,0.36028137401965956,83.30434178663673,0.3542647819438875,2054517.4435884353,0.10812490706659864 
 04/08  12:10:00,10.09,56.83333333333333,8.396666666666669,193.0,494.6666666666667,0.0,0.0,0.0,0.0,0.0,0.0,0.0,0.0,0.0,0.0,4112.0,0.0,1503.233395390034,86.22576086874986,220.9525418602486,45.07422983638521,1199.7200834798433,0.0,86.22576086874982,117.87715229242913,0.0,0.0,20.96202154865248,-524.0208839776706,21.47210521615814,21.091939868605608,21.16918192858637,-1668.6215114814355,20.477113208447404,505.50695494393769,16.247284094007527,51.658767738239877,20.074321100113985,-100.37232417580833,18.368249949427985,223.77202912158419,17.083867977483068,66.85620552360581,17.906781584297037,82.92921926465056,1045.3283064813068,260.55994937766607,0.0,0.0,0.0,0.0,0.0,0.0,0.0,0.0,0.0,0.0,0.0,0.0,0.0,0.0,0.0,0.0,0.0,0.0,0.0,0.0,0.0,0.0,1.0933604484496614,0.33374861063786978,335.9653876721784,397.91682551163117,7771.082097667215,0.2333160475278245,0.035609897363831587,175.06953587903443,207.6348246745439,3923.1046239187605,0.9375591801689095,0.17716537796086732,439.1971175712647,519.64043151823,10386.135805308875,0.2731508972455299,0.05161581580603359,321.82098855569356,381.94036785803328,7054.596416889677,0.0,0.0,10.784779116420492,12.999342557771233,139.39453231664465,0.0,0.0,57.71142663427708,68.76257694517119,1128.5729605776592,0.0,0.0,257.5519997208331,307.738746616552,4627.3633942555229,0.0,0.0,34.08538988850918,40.96917624123634,496.45275825566037,0.0,0.0,132.31149368327858,158.63958170692787,2116.312175283481,45.14066818983791,30.960677770807899,560.0639887683988,666.8964262634445,12123.773032061727,0.0,0.0,162.6986183890811,194.89875368422367,2690.2757654850686,625.7941720409449,21.615844719529489,28.30188587545676,21.5,30.0,0.0,21.29755545755905,28.8559163883941,16.0,30.0,2533.4673826677114,21.9488899591632,27.664353926082766,22.0,30.0,0.0,21.057241410184948,29.27662327437925,16.0,30.0,0.0,16.437034697003094,40.024090119810207,12.0,30.0,0.0,19.81652338441343,32.04473393810499,16.0,30.0,0.0,18.999535102231257,33.58208989881079,10.0,30.0,0.0,17.265718140979119,37.67380550893889,16.0,30.0,0.0,17.992260784423818,35.905419218071639,12.0,30.0,0.0,20.094197861075636,0.0,0.0,0.0,18.2525741597922,0.0,0.0,494.48746670258859,494.8454348091592,490.69641865347,494.32546462370399,528.4372668392153,515.3963865776178,509.3299497325894,518.4146902064313,515.1798047062789,9091.301391514655,81.99354468408454,83.76639547533287,60.0,0.0,60.0,60.0,16.0,16.0,16.0,12.0,16.0,12.0,21.0,10.0,1.0,0.0,625.7941720409449,0.0,2533.4673826677114,0.0,0.0,0.0,0.0,0.0,2682.9475563049716,1609768.5337829828,2086177.405272181,81.99354468408454,83.79650436722899,0.3444315852101657,0.7695586886502843,0.36028137401965956,83.79650436722899,0.3542647819438875,2086177.405272181,0.10976122507415343 
 04/08  12:20:00,10.21,56.66666666666667,8.413333333333334,194.0,511.3333333333333,0.0,0.0,0.0,0.0,0.0,0.0,0.0,0.0,0.0,0.0,4114.0,0.0,1583.9099509166036,87.2906801784526,223.68142533621563,47.49328670874636,1264.1072873257973,0.0,87.29068017845256,119.33297772538829,0.0,0.0,20.742663222409307,-25.160049949805399,21.543130544463059,-375.6603528292784,21.215885398896419,-1530.5828856275203,20.475444074360707,160.74443495980618,16.29713992641672,47.28732841836867,20.216662407296274,-129.01275276629463,18.357504318829684,170.8017987247722,17.08342120776335,69.69813677547472,17.944576654430315,78.28494188687864,831.7741513321463,207.1749008696986,0.0,0.0,0.0,0.0,0.0,0.0,0.0,0.0,0.0,0.0,0.0,0.0,0.0,0.0,0.0,0.0,0.0,0.0,0.0,0.0,0.0,0.0,1.0643884402839464,0.32490489630157096,245.74185769071483,291.20493854542038,5505.9349644000599,0.1897077499974253,0.028954174297531333,119.80667574160195,142.1471042095773,2643.0185646091415,0.9293668428738919,0.1756173172475231,339.5078640417814,402.00643709529438,7726.422965235074,0.21840133721664482,0.041270093956282078,185.5366741799536,220.14233109405678,4000.7767009479259,0.0,0.0,10.34307299583715,12.466382969230207,132.2477999719058,0.0,0.0,61.6925976380994,73.48804141871496,1204.732722432139,0.0,0.0,247.14278369691363,295.3852758902608,4357.551156854439,0.0,0.0,33.3558320166996,40.09722687421023,478.24418125206798,0.0,0.0,121.70960474432605,145.92074269468828,1928.2617104433717,44.53603879403402,30.545979968473277,353.3004948892469,420.9048315071392,7617.655131636929,0.0,0.0,151.22172339432675,181.14472015048077,2476.6070835387729,497.27093470989436,21.29100336065742,28.808933017910449,21.25,30.0,0.0,21.22648802953926,28.83073275840249,16.0,30.0,1845.9705709373128,21.663586016080886,28.008547118305097,21.5,30.0,0.0,20.946981956828617,29.418585646875554,16.0,30.0,0.0,16.489276384161188,39.6448396724199,12.0,30.0,0.0,19.925754221461785,31.67737710065972,16.0,30.0,0.0,18.950816920224669,33.56927271950958,10.0,30.0,0.0,17.272975808073743,37.46536818592201,16.0,30.0,0.0,18.037432387768417,35.64514284902927,12.0,30.0,0.0,19.43517765304944,0.0,0.0,0.0,18.29583628956688,0.0,0.0,488.9811291255661,483.4636828521925,478.39501175413246,489.60752338223798,519.642433735338,507.8007563468208,503.4168561766643,510.5014664104102,508.04156387246038,7015.951701221295,81.50671065736813,83.439355082779,60.0,0.0,60.0,60.0,16.0,16.0,16.0,12.0,16.0,12.0,21.0,10.0,1.0,0.0,497.27093470989436,0.0,1845.9705709373128,0.0,0.0,0.0,0.0,0.0,2924.50003222205,1754700.0193332299,2275518.5688848656,81.50671065736813,83.47217780106166,0.2674833344074017,0.5401539533015716,0.27021103051474468,83.47217780106166,0.2656985864579156,2275518.5688848656,0.11963363224867968 
 04/08  12:30:00,10.33,56.5,8.43,195.0,528.0,0.0,0.0,0.0,0.0,0.0,0.0,0.0,0.0,0.0,0.0,4116.0,0.0,1663.876074190476,88.33862279973029,226.36680243666008,49.891040975661258,1327.9274957929388,0.0,88.33862279973025,120.7655947381869,0.0,0.0,20.731088996860039,-79.86186644471695,21.65120043577174,-91.82935940718989,21.136368374367295,-1027.3169276759643,20.51273113416659,235.80547779941834,16.349957889183757,49.87367061585603,20.368220512658469,-132.24667379873552,18.397923431555414,218.6532805715101,17.090404195926547,78.90673396986233,17.98582498535165,95.92530558850922,895.4158736608406,212.8620766938734,0.0,0.0,0.0,0.0,0.0,0.0,0.0,0.0,0.0,0.0,0.0,0.0,0.0,0.0,0.0,0.0,0.0,0.0,0.0,0.0,0.0,0.0,1.051342496725462,0.3209226180480653,280.2253998016161,332.6768906283208,6091.014107564371,0.1965442011810508,0.029997588702846586,68.11602954220976,80.75681601398223,1497.2737412071356,0.957359972484949,0.18090702427909095,385.64016220217436,456.88232055721627,8753.701516174562,0.23436620220924757,0.04428688628292658,208.1080047011746,246.96861758193763,4458.593027519266,0.0,0.0,10.588602195822775,12.761497353155143,134.03258923958686,0.0,0.0,62.20975485281252,74.07566859114854,1214.9150282084295,0.0,0.0,255.51746823063878,305.38225702474247,4473.971323545943,0.0,0.0,34.60233318527041,41.59946901599845,488.91873915525789,0.0,0.0,127.45789685353071,152.8211948113823,2001.7964720869182,44.40877785914914,30.458695376645506,394.90580376568456,470.67523779365328,8440.890906404213,0.0,0.0,158.0001985105669,189.2198663529017,2590.9511259006678,0.0,21.161119934731667,28.924757744006898,21.0,30.0,0.0,21.308931885502525,28.65414477368413,16.0,30.0,861.3138820295715,21.60052876703794,28.13369712548134,21.5,30.0,0.0,21.001763826279907,29.207810300273676,16.0,30.0,0.0,16.547073049089513,39.29280818948271,12.0,30.0,0.0,20.04846371001328,31.31043852587763,16.0,30.0,0.0,19.01065644999733,33.31069082239731,10.0,30.0,0.0,17.290222271683719,37.26698613751997,16.0,30.0,0.0,18.091085377351108,35.38288797356235,12.0,30.0,0.0,19.783292768555595,0.0,0.0,0.0,18.426648445313885,0.0,0.0,480.24957862790316,479.96123935577585,477.7410155808141,480.26598783317919,511.5752410371639,500.514294016459,495.64725011289758,503.2556128651104,500.87178405015546,4654.515936749048,81.2236403580527,81.2236403580527,60.0,0.0,60.0,60.0,16.0,16.0,16.0,12.0,16.0,12.0,21.0,10.0,1.0,0.0,0.0,0.0,861.3138820295715,0.0,0.0,0.0,0.0,0.0,0.0,0.0,0.0,81.2236403580527,81.2236403580527,0.17,0.38418339719086078,0.18014068700982978,81.2236403580527,0.17713239097194376,0.0,0.0013333333333333336 
 04/08  12:40:00,10.45,56.33333333333333,8.446666666666668,194.33333333333332,519.3333333333333,0.0,0.0,0.0,0.0,0.0,0.0,0.0,0.0,0.0,0.0,2060.0,0.0,1682.5261951965845,87.69935200880744,224.72864686249998,50.450246234012869,1342.8118546822839,0.0,87.6993520088074,119.89166310083762,0.0,0.0,20.97949078817028,-834.4963287441415,21.782187350143503,-133.86171160544405,20.9360600927891,-609.1622223152199,20.45263887463208,51.6184985670709,16.402129508570213,48.125803381532339,20.499283589338185,-161.874508521184,18.436251577953585,225.50668695546666,17.100039554218669,80.07562560581664,18.023621564892573,85.6084298171686,890.2636714447517,166.3417462104794,0.0,0.0,0.0,0.0,0.0,0.0,0.0,0.0,0.0,0.0,0.0,0.0,0.0,0.0,0.0,0.0,0.0,0.0,0.0,0.0,0.0,0.0,0.9955084103834054,0.3038792461487807,313.7912893818217,371.0728991316147,7104.49474353758,0.18396459100433819,0.028077623779660896,87.35828573040718,103.46271079198266,1915.746981804819,1.0206273850223289,0.19286231765350138,328.80667799567467,389.61371204859798,7185.9956372291949,0.22291014704695245,0.04212209883729259,149.4611792972313,177.49276805848855,3137.6423008156295,0.0,0.0,10.673979612933798,12.850596057388497,133.81032165255068,0.0,0.0,65.5208869586732,77.92677506982054,1278.5047891844998,0.0,0.0,251.87283579061544,300.7005609028271,4376.898835352105,0.0,0.0,34.527911297100988,41.46921913144387,480.84441292264719,0.0,0.0,120.15044725254626,143.90585487792317,1868.903663648227,44.039343919928288,30.20531133054067,378.3025648412381,450.51148693113898,7960.576807939631,0.0,0.0,150.1322337870139,179.6036790169247,2440.1296939481455,1341.024415094792,21.742448946312604,27.896725159467715,21.5,30.0,0.0,21.407249857371917,28.469777589293,16.0,30.0,1271.6032277067178,21.43897347250547,28.425388573477365,21.5,30.0,0.0,20.85571826822492,29.457663613006994,16.0,30.0,0.0,16.60627012290216,38.97582015964045,12.0,30.0,0.0,20.16233699264344,31.022332152627457,16.0,30.0,0.0,19.064431418750226,33.163739101186397,10.0,30.0,0.0,17.308119538999266,37.130083966965127,16.0,30.0,0.0,18.13481654441152,35.22364306757565,12.0,30.0,0.0,19.844397244752597,0.0,0.0,0.0,18.476901390851518,0.0,0.0,477.6957282516847,477.8785972309232,477.3069197225261,478.1532191943678,504.4819562032101,496.1884001278612,493.3343174016364,498.4655809434659,497.36628956184446,9570.690112110455,81.67656906094423,85.12336177125664,60.0,0.0,60.0,60.0,16.0,16.0,16.0,12.0,16.0,12.0,21.0,10.0,1.0,0.0,1341.024415094792,0.0,1271.6032277067178,0.0,0.0,0.0,0.0,0.0,5216.36106075803,3129816.6364548185,4061224.087163001,81.67656906094423,85.18189975404428,0.3438787020252677,0.7694159313782155,0.36028137401965956,85.18189975404428,0.3542647819438875,4061224.087163001,0.212543652532476 
 04/08  12:50:00,10.57,56.16666666666667,8.463333333333335,193.66666666666669,510.6666666666667,0.0,0.0,0.0,0.0,0.0,0.0,0.0,0.0,0.0,0.0,2060.0,0.0,1696.9387160413972,87.04876283567401,223.06148480047814,50.882388730671809,1354.3142258746835,0.0,87.04876283567397,119.0022583769061,0.0,0.0,21.155083876440665,-1144.9291458729968,22.032017543719364,29.036875113519046,20.92988031820179,-182.27051643117194,20.470945091530305,278.5291602357538,16.454637879843959,52.913723535428008,20.628919114963816,-143.96771571720729,18.56864651533487,256.7271574710312,17.12225094992135,96.40702635081789,18.07542516434368,125.34794066872883,927.0592945070266,203.62284568847964,0.0,0.0,0.0,0.0,0.0,0.0,0.0,0.0,0.0,0.0,0.0,0.0,0.0,0.0,0.0,0.0,0.0,0.0,0.0,0.0,0.0,0.0,0.9948193525980991,0.3036689110494808,308.03448250405565,363.96466632104639,7026.4534296696679,0.18816029429472146,0.0287179936347255,108.02146791767848,127.85713338415147,2410.340045939337,1.1068154820916743,0.20914880613977222,262.88070485222377,311.62324909901568,5618.010462590198,0.26181301045758678,0.049473357985182677,217.98084903487507,258.7609416844124,4529.700919010833,0.0,0.0,10.915362746311559,13.140568426017353,135.49513907371785,0.0,0.0,64.47255331937628,76.66109979156946,1258.1235381073544,0.0,0.0,269.6326389048437,321.7115569562005,4732.080291571861,0.0,0.0,36.930465422691948,44.35422889335918,508.3556813397265,0.0,0.0,134.30906982087743,160.8357536335035,2076.6009713428668,44.080727678368919,30.233695252653584,366.52975098683836,436.24866353476889,7810.9275618203259,0.0,0.0,166.55658665656,199.14069785060935,2728.737175837592,1507.9367818516096,21.98394427404184,27.484141241278978,22.0,30.0,0.0,21.750122846907375,27.881876238839959,16.0,30.0,0.0,21.223959235130395,28.794980242471888,21.0,30.0,0.0,20.921958300765547,29.297188397132517,16.0,30.0,0.0,16.666812627736186,38.700137098743478,12.0,30.0,0.0,20.287085839914199,30.70787604690286,16.0,30.0,0.0,19.276526856598538,32.64640562297394,10.0,30.0,0.0,17.348934855079969,36.93861490812208,16.0,30.0,0.0,18.209703836023459,34.962729295329157,12.0,30.0,0.0,20.045033357200518,0.0,0.0,0.0,18.66593494177637,0.0,0.0,474.8668577863294,476.1864492264125,475.2523558339477,472.7959642771075,498.57221926677797,490.74306819986517,487.4200435883215,493.1255432496269,491.6063057151181,7296.956241697092,83.17970703237953,83.17970703237953,60.0,0.0,60.0,60.0,16.0,16.0,16.0,12.0,16.0,12.0,21.0,10.0,1.0,0.0,1507.9367818516096,0.0,0.0,0.0,0.0,0.0,0.0,0.0,0.0,0.0,0.0,83.17970703237953,83.17970703237953,0.34,0.7712736394161597,0.36028137401965956,83.17970703237953,0.3542647819438875,0.0,0.00137 
 04/08  13:00:00,10.69,56.0,8.48,193.0,502.0,0.0,0.0,0.0,0.0,0.0,0.0,0.0,0.0,0.0,0.0,4120.0,0.0,1707.2202997218179,86.3877563524678,221.3676254392728,51.19066673486792,1362.5197363106368,0.0,86.38775635246776,118.09861240031933,0.0,0.0,21.02638803481166,-702.9298325832456,22.141128823098734,-208.30971360691854,21.111345260228228,-822.1936174275984,20.496685453398777,372.35958410910009,16.502739132840106,52.43403601476665,20.75138579939549,-155.7055119015016,18.60686863598066,232.0914192872924,17.14538270025247,99.57983907175589,18.127041394910934,127.3895401333109,892.5485541442558,181.91813891243715,0.0,0.0,0.0,0.0,0.0,0.0,0.0,0.0,0.0,0.0,0.0,0.0,0.0,0.0,0.0,0.0,0.0,0.0,0.0,0.0,0.0,0.0,0.9453426211218592,0.28856612366357117,265.66472698071098,314.8582826417563,5837.661759908065,0.1704467189894903,0.02601445650022746,144.36232042284628,170.93415239511763,3188.203319660213,1.0253275449064794,0.19375048089691605,287.4573862666481,340.3856802992592,6354.644135647473,0.27348066956855496,0.051678131059817628,283.0090964009777,335.9490286098705,5818.346992984425,0.0,0.0,10.828839722587534,13.047009900811946,132.8470658137389,0.0,0.0,65.4591468394976,77.87873097314618,1275.6251957140965,0.0,0.0,265.8428728119223,317.4857804904799,4612.7069962138389,0.0,0.0,36.62158715834717,44.023956762901168,497.7761170051896,0.0,0.0,131.8114247617307,157.97402715175276,2022.4730973766198,43.73377855613048,29.99573289172188,412.3368186532942,491.0735041449867,8527.768947873568,0.0,0.0,163.54812477517363,195.68866734511477,2667.5485518670986,811.8449478921682,21.69791600804607,27.970859892007647,21.75,30.0,0.0,21.78216129190006,27.82492304857357,16.0,30.0,1243.8560632993684,21.724290944470526,27.914725417452023,21.5,30.0,0.0,20.93421177581471,29.30762903212772,16.0,30.0,0.0,16.716209922405086,38.49406974447164,12.0,30.0,0.0,20.396850692084557,30.458061102224549,16.0,30.0,0.0,19.29833274970162,32.56899473147155,10.0,30.0,0.0,17.384954500899455,36.796240337081837,16.0,30.0,0.0,18.27368328089916,34.7730906279794,12.0,30.0,0.0,19.985058447847739,0.0,0.0,0.0,18.752509088487427,0.0,0.0,472.4922014976694,473.14398813942059,470.78887054624746,472.7787760477703,494.1821528870167,487.3101453826628,484.3247792650768,489.3435572293122,488.0414570904196,6227.074170244405,82.69007975432572,82.69007975432572,60.0,0.0,60.0,60.0,16.0,16.0,16.0,12.0,16.0,12.0,21.0,10.0,1.0,0.0,811.8449478921682,0.0,1243.8560632993684,0.0,0.0,0.0,0.0,0.0,0.0,0.0,0.0,82.69007975432572,82.69007975432572,0.255,0.5774373563503289,0.27021103051474468,82.69007975432572,0.2656985864579156,0.0,0.00138 
 04/08  13:10:00,10.77,55.5,8.370000000000001,192.33333333333332,493.33333333333339,0.0,0.0,0.0,0.0,0.0,0.0,0.0,0.0,0.0,0.0,2062.0,0.0,1713.4838054723178,85.71701133789078,219.64880835869099,51.37846430756538,1367.518458087974,0.0,85.71701133789074,117.18165311302426,0.0,0.0,20.572359431165148,128.3470789507046,22.083720608693363,-657.6636275198066,20.604783624450506,-186.26677509159254,20.532134799006639,-1.3191891382739414,16.55474472913898,49.86545657751452,20.87556093839452,-167.53036289853186,18.591213243682618,175.65740785721574,17.16848977047915,99.82510943139016,18.176987017210398,120.86823838157352,785.5458923880733,161.3559675952929,0.0,0.0,0.0,0.0,0.0,0.0,0.0,0.0,0.0,0.0,0.0,0.0,0.0,0.0,0.0,0.0,0.0,0.0,0.0,0.0,0.0,0.0,0.9561893097100981,0.29187707866608617,212.93993047526826,252.38661258082858,4420.946348827501,0.12928959580742847,0.019732844292953065,191.20652797811446,226.33252656468708,4073.7329122130915,0.9833514417619895,0.18581848861715609,260.7536267598214,309.46573484903697,5331.219114556669,0.22514872463548725,0.04254511047533771,210.60515986510087,250.0422107277796,4316.927844524653,0.0,0.0,10.435820829383069,12.562153888860913,127.5351469219091,0.0,0.0,67.11288309175461,79.75102451321624,1313.1397156214046,0.0,0.0,258.2353780281203,308.2351554713682,4408.937510551847,0.0,0.0,36.051501692645178,43.29948778259015,486.776833545715,0.0,0.0,128.41245396130283,153.74897009406863,1965.7406315903057,42.977660339404739,29.477133291772807,322.0545769975437,383.68672465929839,6565.189609475916,0.0,0.0,159.76503606916814,190.96901383359356,2601.996915666753,0.0,21.090476976751469,29.036016528587156,21.0,30.0,0.0,21.538157094605045,28.219140983758469,16.0,30.0,120.02959861542799,20.95552335413699,29.26634380367124,21.0,30.0,0.0,20.926139336146677,29.308629575906055,16.0,30.0,0.0,16.77317648252177,38.27819936174726,12.0,30.0,0.0,20.517728705206964,30.202497971175988,16.0,30.0,0.0,19.23519114541591,32.68669096497692,10.0,30.0,0.0,17.419448829465968,36.67284600805256,16.0,30.0,0.0,18.335679514992124,34.60762120715006,12.0,30.0,0.0,19.724637956356938,0.0,0.0,0.0,18.820444852101774,0.0,0.0,472.17106740821,467.93311529232667,470.9506603978913,469.4632772838305,489.7882359795245,484.35870572240779,482.9895346629217,486.1922041589437,485.498940741753,4270.177359843361,82.78690399980228,82.78690399980228,60.0,0.0,60.0,60.0,16.0,16.0,16.0,12.0,16.0,12.0,21.0,10.0,1.0,0.0,0.0,0.0,120.02959861542799,0.0,0.0,0.0,0.0,0.0,0.0,0.0,0.0,82.78690399980228,82.78690399980228,0.17,0.30801100326048738,0.18014068700982978,82.78690399980228,0.17713239097194376,0.0,0.0013900000000000002 
 04/08  13:20:00,10.85,55.0,8.260000000000002,191.66666666666669,484.6666666666667,0.0,0.0,0.0,0.0,0.0,0.0,0.0,0.0,0.0,0.0,4128.0,0.0,1715.8489072654905,85.03700091366453,217.9062461589126,51.44936984676826,1369.405902079114,0.0,85.03700091366449,116.25202730828394,0.0,0.0,20.585575108513667,216.53430901752177,21.99493113234795,-283.76247386563287,21.205924012941926,-1461.447910086068,20.529730180941934,385.6094677597223,16.597284627518414,48.587068728728159,20.96861755237774,-206.56433478300677,18.57303401339123,214.7096964897387,17.183311318570135,96.72672589643435,18.20991671850854,106.54086188056522,781.4634552657553,117.18104216750771,0.0,0.0,0.0,0.0,0.0,0.0,0.0,0.0,0.0,0.0,0.0,0.0,0.0,0.0,0.0,0.0,0.0,0.0,0.0,0.0,0.0,0.0,0.9666961182519982,0.2950842851807077,242.78613720034299,288.242419574892,5043.6468385980829,0.17033432247440959,0.02599730196495872,100.63630603556325,119.48657160706805,2105.5971454374196,0.7672015160244001,0.1449738314482994,368.91999533499458,437.11896041503999,8018.387677699624,0.21643548072771269,0.04089861691755719,228.61855019518348,271.4587450438978,4663.872973289102,0.0,0.0,10.570898034086245,12.735323982780514,128.30191816742554,0.0,0.0,71.79215645184537,85.38300043933121,1402.2241899102529,0.0,0.0,247.66591064504503,295.95393909517636,4168.893339222291,0.0,0.0,34.40089007250819,41.35671554473791,460.1028326813379,0.0,0.0,115.63843801946982,138.58143911418524,1758.4678095818243,42.384998062366047,29.070643389825827,376.60177237188045,448.9222853042619,7624.844442146856,0.0,0.0,144.9292751001293,173.40710669850888,2339.7301348568269,0.0,21.1833091647932,28.840869375541489,21.0,30.0,0.0,21.35482861210016,28.5268655240181,16.0,30.0,1903.6577008071022,21.71618216242785,27.918375582245415,21.5,30.0,0.0,20.967606843871978,29.22302850979652,16.0,30.0,0.0,16.812421529458704,38.14186217716683,12.0,30.0,0.0,20.58339139073933,30.061314507748624,16.0,30.0,0.0,19.19572411733463,32.73605505261478,10.0,30.0,0.0,17.436875572547984,36.60818390480122,16.0,30.0,0.0,18.366145505981387,34.518141320227687,12.0,30.0,0.0,19.740971870434195,0.0,0.0,0.0,18.829902106008526,0.0,0.0,467.9666616698276,466.2887426106582,466.9722887711868,467.70107549449195,487.0399035844373,482.0810106290042,479.65721450023178,483.97338256564776,483.15469333975258,5412.360535976879,81.36013067878997,83.20736868780394,60.0,0.0,60.0,60.0,16.0,16.0,16.0,12.0,16.0,12.0,21.0,10.0,1.0,0.0,0.0,0.0,1903.6577008071022,0.0,0.0,0.0,0.0,0.0,2795.4007869025138,1677240.4721415083,2183962.7063962246,81.36013067878997,83.23874092160632,0.17818002623008379,0.38299366791519098,0.18014068700982978,83.23874092160632,0.17713239097194376,2183962.7063962246,0.1149660607326037 
 04/08  13:30:00,10.93,54.5,8.15,191.0,476.0,0.0,0.0,0.0,0.0,0.0,0.0,0.0,0.0,0.0,0.0,2066.0,0.0,1714.441844441746,84.3480080307573,216.1406641423324,51.40716861017444,1368.2828189102029,0.0,84.34800803075726,115.31012180152384,0.0,0.0,20.868630966650565,-237.65958401179888,22.099676875909979,-400.16634852601376,20.90865660470399,-763.4376083351426,20.534111246990727,29.819356499513107,16.64447117901341,47.77971919001129,21.054057981270917,-214.5268730283383,18.61071449217581,206.7250327178217,17.198120548768853,99.04483172986,18.23875410437781,105.09830938502,794.8889725659483,107.60686868663925,0.0,0.0,0.0,0.0,0.0,0.0,0.0,0.0,0.0,0.0,0.0,0.0,0.0,0.0,0.0,0.0,0.0,0.0,0.0,0.0,0.0,0.0,0.8960618796939763,0.2735231622997486,267.22883879185965,316.4666744355053,5720.5555196514419,0.1475776772942038,0.022524065521093374,137.63320949334574,162.98270128949626,2894.3657366082836,0.9188629653862439,0.17363245755597968,400.8540116582898,475.25443935407096,8334.361591889687,0.19888171890291973,0.03758157953569911,219.5510935052484,260.6982466452202,4400.691911995088,0.0,0.0,10.532234590330696,12.677028266543746,127.18929100434619,0.0,0.0,72.52119154362849,86.16337188118789,1414.5289038340803,0.0,0.0,248.3448852501113,296.4846046028788,4163.600800912718,0.0,0.0,35.033641246275887,42.080305135146179,464.2829887499979,0.0,0.0,115.18561904202375,137.9128371632334,1739.7419771755249,41.8026409236148,28.671221483960779,417.058103070612,496.8235315883839,8287.57914420998,0.0,0.0,144.87796741947029,173.17436814866819,2330.3319825066967,768.2097721070319,21.617070175907267,28.082192123647368,21.5,30.0,0.0,21.458019661079388,28.324053589465274,16.0,30.0,1352.1145423905387,21.343817265064908,28.56277897441481,21.5,30.0,0.0,20.901909185752424,29.325554233654793,16.0,30.0,0.0,16.861987359392577,37.97835320480455,12.0,30.0,0.0,20.64976969081196,29.918434502989123,16.0,30.0,0.0,19.241441918438594,32.62978736372688,10.0,30.0,0.0,17.455059537723146,36.5416942473324,16.0,30.0,0.0,18.393832842898804,34.437687628927339,12.0,30.0,0.0,19.915443854730279,0.0,0.0,0.0,18.880001659574679,0.0,0.0,466.41576677121716,464.2158575153811,465.3672253582714,466.0165015269371,483.8451185995558,479.6330524075278,478.01084064558656,481.58591861627317,480.94881145495358,10396.402034785922,81.13046400016374,84.8939687667138,60.0,0.0,60.0,60.0,16.0,16.0,16.0,12.0,16.0,12.0,21.0,10.0,1.0,0.0,768.2097721070319,0.0,1352.1145423905387,0.0,0.0,0.0,0.0,0.0,5695.147624194736,3417088.574516841,4429361.884948445,81.13046400016374,84.95788557162821,0.3598382541398245,0.7676915126824104,0.36028137401965956,84.95788557162821,0.3542647819438875,4429361.884948445,0.23173681801731917 
 04/08  13:40:00,11.01,54.0,8.04,190.83333333333335,461.1666666666667,0.0,0.0,0.0,0.0,0.0,0.0,0.0,0.0,0.0,0.0,2066.0,0.0,1695.3668757483634,83.52589559516068,214.033943025783,50.83520045829839,1353.0591318253769,0.0,83.52589559516065,114.1862317738112,0.0,0.0,20.758602373952124,-75.59203857496687,22.1988754877083,-300.9766445919063,20.710271201214085,-366.9904577786806,20.542269535509698,286.985154581434,16.691069025307287,51.40269817038407,21.148756091050733,-188.34157253699915,18.685568749222975,222.58445803288488,17.223967778733767,111.48731709422589,18.285812061284334,141.18143063171375,784.2888802434436,151.76486042092393,0.0,0.0,0.0,0.0,0.0,0.0,0.0,0.0,0.0,0.0,0.0,0.0,0.0,0.0,0.0,0.0,0.0,0.0,0.0,0.0,0.0,0.0,0.9316061950365765,0.2843730754079904,185.7067461940019,220.18592024591053,3789.483586854276,0.148312921429203,0.022636282269414375,142.29677174544558,168.40337644030076,2995.059458330723,0.9371551688145243,0.17708903416752165,207.50309375019874,246.29640680621908,4222.777088871117,0.2286723138623614,0.043210943662577726,217.5847814714377,258.4075543253664,4341.766850178403,0.0,0.0,10.572706790665592,12.725721759526028,127.02235695430497,0.0,0.0,70.09169571630832,83.25630353606931,1369.738751672342,0.0,0.0,263.46556027464916,314.4784198097717,4432.810167871841,0.0,0.0,36.717913210734469,44.106440962305487,483.48059125946119,0.0,0.0,130.31276705556247,156.02395877252344,1963.7751887284106,41.5450256676918,28.494530636276964,301.45623917132107,359.1189151912918,6159.697354026783,0.0,0.0,161.82604142959642,193.37868490489519,2622.754638793296,0.0,21.168997960044189,28.81775257506679,21.0,30.0,0.0,21.59118591453688,28.070517772362995,16.0,30.0,9.444880787958685,21.098861414975067,28.926340711266584,21.0,30.0,0.0,20.954712926776638,29.177772015024098,16.0,30.0,0.0,16.91198352671963,37.81734911123637,12.0,30.0,0.0,20.750020701629443,29.696755585279804,16.0,30.0,0.0,19.351900061887869,32.35828977621093,10.0,30.0,0.0,17.49351967060486,36.41455423147727,16.0,30.0,0.0,18.45849801943697,34.25674672249828,12.0,30.0,0.0,19.947936338189206,0.0,0.0,0.0,19.02290258555381,0.0,0.0,463.50888125103168,462.5024177722926,462.53209523149487,461.2154326359082,480.5257884383242,475.4688835417346,473.45038776099087,477.9455049603474,476.830241865365,2904.248504013817,82.06512155079304,82.06512155079305,60.0,0.0,60.0,60.0,16.0,16.0,16.0,12.0,16.0,12.0,21.0,10.0,1.0,0.0,0.0,0.0,9.444880787958685,0.0,0.0,0.0,0.0,0.0,0.0,0.0,0.0,82.06512155079304,82.06512155079304,0.17,0.3106798903237865,0.18014068700982978,82.06512155079304,0.17713239097194376,0.0,0.0014199999999999999 
 04/08  13:50:00,11.09,53.5,7.930000000000001,190.66666666666667,446.33333333333339,0.0,0.0,0.0,0.0,0.0,0.0,0.0,0.0,0.0,0.0,4136.0,0.0,1672.5306838965726,82.70450763289942,211.92907704819084,50.15045382236474,1334.8336522094019,0.0,82.70450763289938,113.06333215607376,0.0,0.0,20.56734407744542,232.82661870486937,22.175652224424895,-391.20611550431587,21.221494145727094,-1328.7074881069946,20.62477315180098,340.0022955500842,16.73105850655468,48.20336080030603,21.218993373953574,-226.35881065875595,18.677604035795878,211.59811995500969,17.244282495894553,105.07717690635212,18.323257725496924,115.41911906114615,763.9577789172581,100.16857410146463,0.0,0.0,0.0,0.0,0.0,0.0,0.0,0.0,0.0,0.0,0.0,0.0,0.0,0.0,0.0,0.0,0.0,0.0,0.0,0.0,0.0,0.0,0.9276061997509328,0.2831520756260479,273.5432443551552,324.81023703408467,5559.887645852123,0.15909359482315869,0.02428168419156879,128.81319972402856,152.8853006262476,2670.9296508940617,0.74277675425805,0.14035841917196718,359.0047201280743,425.47783143846359,7642.956360731115,0.20713899786680485,0.039141911917385637,232.43263292277923,276.070381366411,4663.771116607516,0.0,0.0,10.468843370094114,12.611307960836177,124.8333472316138,0.0,0.0,74.52176490605435,88.59676618966879,1451.8770927482493,0.0,0.0,247.36217897644995,295.5865940504783,4102.090793231184,0.0,0.0,34.71152552729586,41.73457150783082,453.02167611439679,0.0,0.0,114.84114462015563,137.61843649101298,1720.2815503212497,40.86155485973831,28.025757791315728,406.6893970028511,484.6212371329105,8104.578171503883,0.0,0.0,143.99759568647176,172.25298946263986,2306.3757578547194,0.0,21.200410303532828,28.717845751397478,21.0,30.0,0.0,21.47162519483966,28.219257026604958,16.0,30.0,1814.8052045728824,21.747003786738256,27.77107562141407,21.5,30.0,0.0,21.073101709581644,28.942751017080007,16.0,30.0,0.0,16.948085334728803,37.698798057874217,12.0,30.0,0.0,20.802638299214679,29.577706682729568,16.0,30.0,0.0,19.312125917736539,32.412869471789779,10.0,30.0,0.0,17.51639630226856,36.330304073497149,16.0,30.0,0.0,18.494273274240834,34.15140131159991,12.0,30.0,0.0,19.957225337317977,0.0,0.0,0.0,19.008821715708188,0.0,0.0,460.5984481736358,458.70657038959959,459.7594425009278,460.5498439235422,477.82245855478666,473.01699502799337,471.19303106798778,475.0390193948856,474.0947862060805,4294.360055379451,82.92272739866817,82.92272739866817,60.0,0.0,60.0,60.0,16.0,16.0,16.0,12.0,16.0,12.0,21.0,10.0,1.0,0.0,0.0,0.0,1814.8052045728824,0.0,0.0,0.0,0.0,0.0,0.0,0.0,0.0,82.92272739866817,82.92272739866817,0.17,0.38529424038052198,0.18014068700982978,82.92272739866817,0.17713239097194376,0.0,0.00145 
 04/08  14:00:00,11.17,53.0,7.82,190.5,431.5,0.0,0.0,0.0,0.0,0.0,0.0,0.0,0.0,0.0,0.0,1034.0,0.0,1646.1719244449305,81.88485803355315,209.82866464620239,49.360084722438148,1313.7968490566614,0.0,81.8848580335531,111.94280901223468,0.0,0.0,20.447413029180269,129.07501908273845,22.12764514290432,-584.0791573383813,20.66854889981105,-175.0701614974205,20.537201839230226,30.580522647900126,16.777280029680449,46.69195282279048,21.284982131655114,-230.93880927893907,18.697659496284716,199.34392084449974,17.263644165504105,104.74374799079374,18.353132581198169,108.53258466705575,663.6339992437497,95.27602681356166,0.0,0.0,0.0,0.0,0.0,0.0,0.0,0.0,0.0,0.0,0.0,0.0,0.0,0.0,0.0,0.0,0.0,0.0,0.0,0.0,0.0,0.0,0.8842282215433185,0.2699109345370325,216.35688554715285,256.39419027103886,4275.737033800885,0.12533630102594277,0.01912947207355659,199.34711393587515,235.99166563826064,4047.3382482859144,0.8828809722522848,0.16683313912552628,90.18141869141123,106.86994261247469,1793.14262655276,0.17911623619564713,0.03384660547914722,90.19835639708986,106.95087889582425,1749.24200314291,0.0,0.0,10.310628392017133,12.386712419364427,122.36744958836822,0.0,0.0,75.22906828210411,89.18932432954502,1463.491278580596,0.0,0.0,246.5910422933852,293.8927624231551,4056.7610222531004,0.0,0.0,35.17417603258601,42.178114358526517,455.2217063046448,0.0,0.0,114.45653359933799,136.78454682943178,1703.5877925005216,40.15768016663221,27.542990512093433,215.1582389845711,256.20953942045187,4320.489028922336,0.0,0.0,143.97049393675005,171.75013797792034,2294.272609373948,65.61834029427635,21.002096016162473,29.05726630402277,21.0,30.0,0.0,21.31693389514994,28.37531545112613,16.0,30.0,243.71318716069247,21.00675745598213,28.975480828994689,21.0,30.0,0.0,20.83305577130941,29.37379665948757,16.0,30.0,0.0,16.99843060295242,37.52523815567778,12.0,30.0,0.0,20.8653058638749,29.41736409817529,16.0,30.0,0.0,19.322539102540167,32.369666209436818,10.0,30.0,0.0,17.539638444331496,36.24327206574405,16.0,30.0,0.0,18.523642810078333,34.058945587389548,12.0,30.0,0.0,19.592216168041248,0.0,0.0,0.0,19.04557273754629,0.0,0.0,459.9780982942815,451.7160349747983,455.45771342782447,460.9559110801464,473.83696919177637,469.16817196576729,469.29081206679657,472.1767528518504,471.55395078773258,8593.771591999393,82.3226112923206,82.3226112923206,60.0,0.0,60.0,60.0,16.0,16.0,16.0,12.0,16.0,12.0,21.0,10.0,1.0,0.0,65.61834029427635,0.0,243.71318716069247,0.0,0.0,0.0,0.0,0.0,0.0,0.0,0.0,82.3226112923206,82.3226112923206,0.34,0.6155475686570062,0.36028137401965956,82.3226112923206,0.3542647819438875,0.0,0.00148 
 04/08  14:10:00,11.211666666666666,53.0,7.793333333333334,190.33333333333335,416.6666666666667,0.0,0.0,0.0,0.0,0.0,0.0,0.0,0.0,0.0,0.0,4140.0,0.0,1616.5302908947402,81.06770471931982,207.7346483514902,48.47128030031682,1290.1400197274173,0.0,81.06770471931978,110.82569847940022,0.0,0.0,20.983430210617127,-652.6726799158594,22.250322971479016,-64.82653483284639,21.23231055939151,-1039.8407606785359,20.636021453737905,371.968809167638,16.811510246982704,50.075900427810157,21.326930167063176,-234.6069867736627,18.777010665678394,272.97072368405136,17.279247286859218,110.42524496960425,18.378441234306977,121.93239274460575,767.0419122860685,103.24463347526307,0.0,0.0,0.0,0.0,0.0,0.0,0.0,0.0,0.0,0.0,0.0,0.0,0.0,0.0,0.0,0.0,0.0,0.0,0.0,0.0,0.0,0.0,0.8784124499807184,0.2681356684922828,285.5710931234185,338.3642977268678,6036.361031589832,0.18393112266184476,0.028072515668779723,188.052149154303,223.12834096067133,3884.017129758544,0.8413374167410187,0.15898288298205197,293.06405419205728,347.29725730491159,6231.398782188315,0.23595638954773782,0.04458737519798521,258.81690710059339,307.4300251522369,5126.893588781188,0.0,0.0,10.857091865113193,13.077948194117198,128.49265176432889,0.0,0.0,75.38806140814468,89.6238335243954,1463.3028214162512,0.0,0.0,257.03238533783766,307.02863036125089,4275.426000707704,0.0,0.0,35.96181501906842,43.238496940200167,463.3958868940517,0.0,0.0,118.29116529003925,141.7372716718439,1755.5331811835786,40.27703030810209,27.624849319685944,424.98322775454985,506.36703140744279,8395.763574751816,0.0,0.0,148.09490433135464,177.11589945832444,2361.8056459400206,1084.6249874255605,21.80331791421164,27.577854138724378,21.75,30.0,0.0,21.563583580758697,27.98379286047186,16.0,30.0,1659.00401327078,21.85027379765327,27.505726521145069,21.5,30.0,0.0,21.059426626588484,28.884911923565725,16.0,30.0,0.0,17.025955923062747,37.43610583220574,12.0,30.0,0.0,20.889587238816046,29.357643783314207,16.0,30.0,0.0,19.458687718753759,32.040231259091509,10.0,30.0,0.0,17.555761335533498,36.17289747974718,16.0,30.0,0.0,18.546105634185606,33.97460493614474,12.0,30.0,0.0,20.11593350525166,0.0,0.0,0.0,19.095729437559016,0.0,0.0,454.3435250050568,454.4405254374858,454.738404870846,455.91030482321789,472.1179969581717,467.80696231741407,465.56460473843097,469.95677424851677,469.03373067042926,7323.197902708242,81.90842431143563,83.72725452385477,60.0,0.0,60.0,60.0,16.0,16.0,16.0,12.0,16.0,12.0,21.0,10.0,1.0,0.0,1084.6249874255605,0.0,1659.00401327078,0.0,0.0,0.0,0.0,0.0,2752.4570698370105,1651474.241902206,2141011.072890644,81.90842431143563,83.75814429896357,0.26174856899456708,0.5765299321305755,0.27021103051474468,83.75814429896357,0.2656985864579156,2141011.072890644,0.11284257579031351 
 04/08  14:20:00,11.253333333333334,53.0,7.7666666666666679,190.16666666666667,401.8333333333333,0.0,0.0,0.0,0.0,0.0,0.0,0.0,0.0,0.0,0.0,2072.0,0.0,1583.8448675795317,80.25352383270277,205.64824864697926,47.49120943161968,1264.0539754053094,0.0,80.25352383270273,109.7126514804711,0.0,0.0,20.46032621899008,155.6696006697266,22.409367456652367,-506.54619031690529,20.61111937534012,-227.92823826708446,20.654597697027638,38.758252367854769,16.85459905963092,47.432408495582368,21.386793795949929,-214.73521786126958,18.803378306294694,168.1832927071655,17.304302883331624,112.01338380638595,18.419808000122175,127.5953365536875,769.9998696201674,115.04172663223744,0.0,0.0,0.0,0.0,0.0,0.0,0.0,0.0,0.0,0.0,0.0,0.0,0.0,0.0,0.0,0.0,0.0,0.0,0.0,0.0,0.0,0.0,0.8976970429505999,0.27402229638296707,294.48106266693358,349.44530417367829,5783.037727027486,0.09124576328315275,0.013926398547489736,252.1989400337809,298.5478666820192,5244.400479589289,0.8909652181217811,0.1683607743994296,270.3600106153678,321.2392498463104,5234.567776882908,0.19279025710911264,0.03643050965780661,237.50299437291754,282.0542253520502,4663.802064559934,0.0,0.0,10.145682528758485,12.21109217198061,120.1204065856451,0.0,0.0,74.29905314921678,88.23113523131681,1446.2970476268952,0.0,0.0,253.97870736190706,303.174439274688,4199.562809533231,0.0,0.0,36.05932574258706,43.318082203465198,464.03222006016986,0.0,0.0,123.1833922266631,147.46494360484457,1830.426112223759,39.89568241442846,27.363293837056565,460.06899286442379,547.8153290771902,8899.009587638418,0.0,0.0,153.6825597905131,183.61772593670816,2459.7618095272725,0.0,20.96068132487794,29.04522171103804,21.0,30.0,0.0,21.76161998316249,27.636946625523814,16.0,30.0,143.418931709292,20.90538017459854,29.131797143770215,21.0,30.0,0.0,21.021230624666616,28.92422938215462,16.0,30.0,0.0,17.070334382709264,37.28610783796378,12.0,30.0,0.0,20.958773236823427,29.198893773670976,16.0,30.0,0.0,19.44955174258044,32.04086448383624,10.0,30.0,0.0,17.588633896131357,36.055817980031097,16.0,30.0,0.0,18.597327950678968,33.82994159516876,12.0,30.0,0.0,20.13911261982343,0.0,0.0,0.0,19.16764409336779,0.0,0.0,454.8297478320359,453.59864891460298,454.31651779291237,453.99727362346666,469.2192380903563,465.3113642728401,464.38310961990569,467.2995351661648,466.6659954349186,4262.797292939623,82.67785275270475,82.67785275270475,60.0,0.0,60.0,60.0,16.0,16.0,16.0,12.0,16.0,12.0,21.0,10.0,1.0,0.0,0.0,0.0,143.418931709292,0.0,0.0,0.0,0.0,0.0,0.0,0.0,0.0,82.67785275270475,82.67785275270475,0.17,0.30819038912323529,0.18014068700982978,82.67785275270475,0.17713239097194376,0.0,0.0015233333333333334 
 04/08  14:30:00,11.295,53.0,7.74,190.0,387.0,0.0,0.0,0.0,0.0,0.0,0.0,0.0,0.0,0.0,0.0,4148.0,0.0,1548.3525678675899,79.44247197180063,203.56986719574503,46.426975895941769,1235.7277946422647,0.0,79.44247197180059,108.60388209692056,0.0,0.0,20.98639076411341,-391.8049458861965,22.34835831619104,-166.47865806747826,21.23265226044348,-978.815525988296,20.65311307278219,356.0201119700532,16.889688749772799,49.04723518668375,21.428780111740897,-243.8355042960061,18.823528995128357,274.80220211128246,17.323644342958489,112.2646573522224,18.450388269592037,117.92266945946722,762.9678193270684,96.1468078935884,0.0,0.0,0.0,0.0,0.0,0.0,0.0,0.0,0.0,0.0,0.0,0.0,0.0,0.0,0.0,0.0,0.0,0.0,0.0,0.0,0.0,0.0,0.8869027916919706,0.2707273478913219,283.7456112065949,336.39776279776125,5922.250907836262,0.15378479799555029,0.023471428265499126,185.20867103761499,219.8496481143339,3813.0011605660376,0.8285621103741813,0.1565688039255823,322.35464197653286,382.0842498954795,6825.189285491812,0.23113054856985214,0.043675462692715816,249.13749778976044,295.939989961855,4900.5316995552889,0.0,0.0,10.712151363110479,12.901824128697644,126.56751654794744,0.0,0.0,76.48688968762991,90.91152892147993,1487.5703280209955,0.0,0.0,253.4570763164973,302.77809934708196,4188.52299502776,0.0,0.0,35.869497118370777,43.126830149770629,460.0394631561961,0.0,0.0,115.48425052264833,138.36426219152737,1712.7260769872867,39.84176577190807,27.326313972502115,413.6065552390578,493.0381451979989,8079.570165672694,0.0,0.0,145.00282409657309,173.41182771048987,2307.7582177951119,733.5604982635477,21.75210881235496,27.656013242902448,21.5,30.0,0.0,21.654760668236749,27.818352777737205,16.0,30.0,1606.3977715376385,21.86241658454252,27.457236483010108,21.5,30.0,0.0,21.049991978576139,28.859854776219938,16.0,30.0,0.0,17.100118342112216,37.18473264244221,12.0,30.0,0.0,20.993898002455376,29.111804184898437,16.0,30.0,0.0,19.487845566236346,31.927322799730406,10.0,30.0,0.0,17.60954652647629,35.97376174930364,16.0,30.0,0.0,18.625810450266387,33.73618867296854,12.0,30.0,0.0,20.1407725855143,0.0,0.0,0.0,19.163839490579528,0.0,0.0,453.4292012279481,453.6127313583514,452.1658680502367,452.8242740281888,467.2622159517681,463.52415629552027,461.85935195239918,465.2311440812578,464.55029935191069,6013.395603277109,82.54905652094816,82.54905652094816,60.0,0.0,60.0,60.0,16.0,16.0,16.0,12.0,16.0,12.0,21.0,10.0,1.0,0.0,733.5604982635477,0.0,1606.3977715376385,0.0,0.0,0.0,0.0,0.0,0.0,0.0,0.0,82.54905652094816,82.54905652094816,0.255,0.5772020388522479,0.27021103051474468,82.54905652094816,0.2656985864579156,0.0,0.0015366666666666667 
 04/08  14:40:00,11.336666666666666,53.0,7.713333333333333,180.0,380.5,0.0,0.0,0.0,0.0,0.0,0.0,0.0,0.0,0.0,0.0,2076.0,0.0,1506.75097308348,76.03499337521814,194.83825211978377,45.179553070733167,1202.5257956076558,0.0,76.03499337521811,103.94560051824077,0.0,0.0,20.77408020273734,-77.6660985663475,22.460905589734148,-534.2749685894874,20.613730863476677,-229.81331493679955,20.676190086594308,26.659401586271998,16.929953562056345,47.01603267718809,21.466242932673099,-223.1214139077506,18.868460682912038,174.81161530751525,17.344639744147405,112.65049736220931,18.481071519549294,121.65689258032671,741.7044579171407,114.40892081181073,0.0,0.0,0.0,0.0,0.0,0.0,0.0,0.0,0.0,0.0,0.0,0.0,0.0,0.0,0.0,0.0,0.0,0.0,0.0,0.0,0.0,0.0,0.8864489854862903,0.27058882340851356,257.6301292963003,305.056914669027,5331.528425727733,0.08411629947392176,0.012838263045470354,221.49753825854186,262.1792282339247,4565.105134453914,0.8924341275472434,0.16863834609736273,308.3182366695633,366.3280140874857,5920.6235775214349,0.19615596281679205,0.03706650846878155,237.43910263567853,282.01962900484696,4628.6531202197079,0.0,0.0,10.165766377059601,12.234116801511476,120.07059721522899,0.0,0.0,75.09691540343826,89.17057240182464,1460.6932823640357,0.0,0.0,252.55888509302248,301.45436587848976,4167.071566420846,0.0,0.0,36.15022755989084,43.42678801951606,462.5197284755542,0.0,0.0,120.73898131660605,144.5271585789244,1789.0762084034023,39.48712603451865,27.083076841233657,429.10237620412559,510.9797564301407,8261.140248357342,0.0,0.0,151.00814843571954,180.4225055522827,2403.8485540868616,463.7203651853015,21.440896161897144,28.202030543592444,21.5,30.0,0.0,21.79907860630045,27.560090882622697,16.0,30.0,141.01096836169195,20.904256235452288,29.106161283500638,21.0,30.0,0.0,21.027375838268726,28.888005243184649,16.0,30.0,0.0,17.14016692517735,37.05173100456648,12.0,30.0,0.0,21.03576634907853,29.013660276113656,16.0,30.0,0.0,19.517018851294674,31.85658855235259,10.0,30.0,0.0,17.63531911284563,35.8823766744771,16.0,30.0,0.0,18.660368187388479,33.63593356599115,12.0,30.0,0.0,20.129735311804674,0.0,0.0,0.0,19.20739321170476,0.0,0.0,453.23610817788178,451.79739828144599,451.68208389234487,451.4210321371784,464.9079520313841,461.74283279569877,460.88003909967986,463.2525489447132,462.7747929263211,6643.803580148135,83.61135894282552,83.61135894282552,60.0,0.0,60.0,60.0,16.0,16.0,16.0,12.0,16.0,12.0,21.0,10.0,1.0,0.0,463.7203651853015,0.0,141.01096836169195,0.0,0.0,0.0,0.0,0.0,0.0,0.0,0.0,83.61135894282552,83.61135894282552,0.34,0.7713627608800343,0.36028137401965956,83.61135894282552,0.3542647819438875,0.0,0.00155 
 04/08  14:50:00,11.378333333333334,53.0,7.6866666666666669,170.0,374.0,0.0,0.0,0.0,0.0,0.0,0.0,0.0,0.0,0.0,0.0,4152.0,0.0,1462.3153123933776,72.56545235566833,185.9476046314659,43.84715213313678,1167.061958501521,0.0,72.56545235566829,99.2024749021173,0.0,0.0,20.971094913525368,27.492049306975333,22.36939144394016,-290.76695813572027,21.19970505252589,-1120.4725731418383,20.659785135043689,334.75599663727919,16.96340628105415,47.98581185227641,21.496326417218826,-241.8412037627437,18.881671921023569,238.14068308848756,17.3609983216422,112.27448097540423,18.506080597687516,115.49845531582537,691.1008161006123,105.87872829901699,0.0,0.0,0.0,0.0,0.0,0.0,0.0,0.0,0.0,0.0,0.0,0.0,0.0,0.0,0.0,0.0,0.0,0.0,0.0,0.0,0.0,0.0,0.8472466607731964,0.2586223018233201,217.83383539216886,258.561884684049,4440.48737169914,0.14202749321568407,0.02167696782901161,131.9099496741034,156.53344634179659,2700.4269592471,0.818297036290958,0.15462906959390747,367.1791420506916,435.40975195105775,7675.347709265794,0.22428652749163903,0.04238218584498091,230.32381503137976,273.649074822204,4487.39450016058,0.0,0.0,10.521304794507783,12.671868830571372,123.96136878889267,0.0,0.0,75.84069604267101,90.13408271493214,1473.0083805585842,0.0,0.0,251.91342727058024,300.9587874240481,4140.210500739621,0.0,0.0,35.8951551236745,43.16028235447397,457.43224577000498,0.0,0.0,116.1351806950072,139.14523010051986,1716.2959664261358,39.35331418514958,26.991299166769268,350.35175592196199,417.9155616395472,6790.430135454493,0.0,0.0,145.64031513226207,174.1894803400011,2303.4883369806004,0.0,21.524557988094494,28.029787231680616,21.0,30.0,0.0,21.656266363321213,27.789750126490035,16.0,30.0,1591.7064669569716,21.767815608422745,27.608061327198518,21.5,30.0,0.0,21.03557495069188,28.869933117281229,16.0,30.0,0.0,17.167857295085097,36.96109242470891,12.0,30.0,0.0,21.064844956867789,28.94327541666531,16.0,30.0,0.0,19.528720673980346,31.806087957836135,10.0,30.0,0.0,17.652643288726666,35.81683181406473,16.0,30.0,0.0,18.683772751974844,33.56099054524415,12.0,30.0,0.0,19.97355261058385,0.0,0.0,0.0,19.19875240803768,0.0,0.0,451.720917791446,450.541576454788,449.8585300104463,450.4045800600185,463.2983658392774,460.2490662337882,458.8798869042689,461.60241959362227,461.0518534917218,3686.8505164044597,83.59025495765258,83.59025495765258,60.0,0.0,60.0,60.0,16.0,16.0,16.0,12.0,16.0,12.0,21.0,10.0,1.0,0.0,0.0,0.0,1591.7064669569716,0.0,0.0,0.0,0.0,0.0,0.0,0.0,0.0,83.59025495765258,83.59025495765258,0.17,0.38279679074601538,0.18014068700982978,83.59025495765258,0.17713239097194376,0.0,0.0015999999999999999 
 04/08  15:00:00,11.42,53.0,7.66,160.0,367.5,0.0,0.0,0.0,0.0,0.0,0.0,0.0,0.0,0.0,0.0,2078.0,0.0,1415.2061754765608,69.03286204179226,176.89539613887568,42.43458831094033,1129.4644485011198,0.0,69.03286204179223,94.37315612058312,0.0,0.0,20.602487045292557,163.4200510100104,22.3774897931376,-516.2502574773005,20.572298469651416,-202.3355913824389,20.664162793627868,14.34189864394557,17.000177980912644,46.406501457471737,21.51569999508112,-235.9876893641092,18.9047840188311,195.05964975164535,17.376854168766543,111.51356689603881,18.528309746716308,111.21323897134426,701.3199561413721,115.7146135969574,0.0,0.0,0.0,0.0,0.0,0.0,0.0,0.0,0.0,0.0,0.0,0.0,0.0,0.0,0.0,0.0,0.0,0.0,0.0,0.0,0.0,0.0,0.8178544859624498,0.2496503314903693,228.2897785645497,270.92221430415,4467.807434171327,0.10626174655061732,0.016218215285503255,178.49816419207205,211.4095923144382,3632.7624387607095,0.9067314527133092,0.1713400326366798,374.0262663017635,444.4321063771427,7074.518023913102,0.1929364630902265,0.036458137394222687,237.02015228078529,281.5817004386047,4555.469478376409,0.0,0.0,10.254937606509412,12.339984376157125,120.68178617232651,0.0,0.0,76.0591070829723,90.31117376026009,1474.4855998829515,0.0,0.0,250.03559585028536,298.4626139918098,4095.0265342563645,0.0,0.0,36.14367272244965,43.42006070065857,458.8908778940413,0.0,0.0,116.68008872419806,139.67454377787284,1719.7681156862605,39.00617540337495,26.753206723851137,401.13652456517959,477.9799570878775,7618.684658345382,0.0,0.0,146.55013694538679,175.13570941132648,2305.4154455887526,0.0,21.164633443841546,28.643307596129785,21.0,30.0,0.0,21.64403154249085,27.801248402824095,16.0,30.0,175.38036883719708,20.823427679578957,29.24367342859867,21.0,30.0,0.0,20.98678389653321,28.955225818616648,16.0,30.0,0.0,17.20236987194271,36.85004218424534,12.0,30.0,0.0,21.0869482055369,28.886226924499597,16.0,30.0,0.0,19.540396363735938,31.77244524497869,10.0,30.0,0.0,17.669961497032383,35.75303109019534,16.0,30.0,0.0,18.70500541151155,33.49654157777749,12.0,30.0,0.0,20.05232740339582,0.0,0.0,0.0,19.19663109508773,0.0,0.0,450.0704514436635,448.2913901903931,449.2514188298053,449.29306842318308,461.39898352391676,458.7075277565001,457.9520454486958,459.9957584786911,459.6270691409079,3625.286056660095,83.63095257700985,83.63095257700985,60.0,0.0,60.0,60.0,16.0,16.0,16.0,12.0,16.0,12.0,21.0,10.0,1.0,0.0,0.0,0.0,175.38036883719708,0.0,0.0,0.0,0.0,0.0,0.0,0.0,0.0,83.63095257700985,83.63095257700985,0.17,0.3073633270737803,0.18014068700982978,83.63095257700985,0.17713239097194376,0.0,0.00165 
 04/08  15:10:00,11.408333333333335,53.0,7.531666666666667,150.0,361.0,0.0,0.0,0.0,0.0,0.0,0.0,0.0,0.0,0.0,0.0,4160.0,0.0,1365.581119008999,65.43639516298713,167.67950701640235,40.94658588868198,1089.8590101747712,0.0,65.4363951629871,89.45651323200484,0.0,0.0,20.622955209585365,238.4458649501271,22.304264167455029,-396.51708113328018,21.224679107376607,-1294.7006434484302,20.659813733677106,344.2599236660167,17.030560735187,45.227374296527,21.525900654729907,-246.26369734928483,18.902155652942704,202.82673076026914,17.387088168520415,106.25061291259249,18.543236398264037,100.78245990482492,705.9417760510842,112.2535154365803,0.0,0.0,0.0,0.0,0.0,0.0,0.0,0.0,0.0,0.0,0.0,0.0,0.0,0.0,0.0,0.0,0.0,0.0,0.0,0.0,0.0,0.0,0.8571917399341157,0.26165804027292907,274.04639451777077,325.61280867601018,5422.6692540215849,0.13969486735147425,0.02132095045046921,141.13171317246958,167.58720160412646,2854.086137933272,0.7105940858904822,0.13427703815012899,397.64101789288017,471.6089551607739,8279.24429606738,0.20504012914947446,0.03874530029279562,235.72315540639057,280.17376175256438,4571.806640365226,0.0,0.0,10.219957149407929,12.308728318254515,120.98745876716817,0.0,0.0,77.21888292195009,91.77984211913723,1500.226194964533,0.0,0.0,245.06198894549977,292.8441642751688,4007.9831914146795,0.0,0.0,35.044540389060468,42.14251841825879,446.22242958818426,0.0,0.0,112.7133433881005,135.06238487963584,1665.8445853867609,38.73308889920551,26.56590459479117,440.5708194992567,525.3066878715206,8463.119923291288,0.0,0.0,141.41305945970448,169.18975982304776,2219.7407513494865,0.0,21.248984635664628,28.489332707841048,21.0,30.0,0.0,21.532736525118059,27.987432817854957,16.0,30.0,1737.8386046623587,21.77000891135265,27.603370111127594,21.5,30.0,0.0,21.026020900442434,28.881953420025974,16.0,30.0,0.0,17.22563384365783,36.777492008385497,12.0,30.0,0.0,21.09689977892871,28.85414862683339,16.0,30.0,0.0,19.516974363925514,31.798617012911348,10.0,30.0,0.0,17.67671456358486,35.72052733490074,16.0,30.0,0.0,18.71369224498754,33.46093336683151,16.0,30.0,0.0,20.119771993075845,0.0,0.0,0.0,19.167200469693645,0.0,0.0,448.2046276250643,446.9357595090473,447.6796740531673,447.99345787225288,460.03661023905149,457.18526206613566,455.9630278332574,458.64096592995778,458.1564336927973,4418.753450564852,82.9171348042644,82.9171348042644,60.0,0.0,60.0,60.0,16.0,16.0,16.0,16.0,16.0,12.0,21.0,10.0,1.0,0.0,0.0,0.0,1737.8386046623587,0.0,0.0,0.0,0.0,0.0,0.0,0.0,0.0,82.9171348042644,82.9171348042644,0.17,0.3862075770299789,0.18014068700982978,82.9171348042644,0.17713239097194376,0.0,0.0017 
 04/08  15:20:00,11.396666666666669,53.0,7.403333333333334,140.0,354.5,0.0,0.0,0.0,0.0,0.0,0.0,0.0,0.0,0.0,0.0,1040.0,0.0,1313.5941063064366,61.77536059761147,158.29816651028666,39.387761405562589,1048.3685202663419,0.0,61.77536059761144,84.45160142070138,0.0,0.0,20.490198719035527,169.21612072101926,22.223494379449343,-585.3676928054556,20.687211974274125,-142.16024497539139,20.62132284349333,42.06723408736434,17.065480364085987,44.05572257853453,21.527780995976934,-241.874363212532,18.9142866451707,190.4609586262086,17.396951438788194,106.61086330444914,18.556198887379549,98.58614412400039,624.898265681175,123.49251936447945,0.0,0.0,0.0,0.0,0.0,0.0,0.0,0.0,0.0,0.0,0.0,0.0,0.0,0.0,0.0,0.0,0.0,0.0,0.0,0.0,0.0,0.0,0.8492003660485588,0.2592186709549935,213.94740853879356,253.72561306143929,4132.457663890912,0.11376954186055667,0.017364093690561155,206.0148694965627,244.00747320194555,4116.077182884846,0.8529047190565187,0.16116869218755085,100.29653671901981,118.9428326832508,1946.8594980508022,0.17710095457733364,0.033465788846812848,107.95826405424201,128.07935516340513,2056.811492386429,0.0,0.0,10.072289920466112,12.0985463221692,120.21377466177998,0.0,0.0,77.22213484395577,91.54654888334562,1503.59357136641,0.0,0.0,245.01669904913593,292.0413090958997,4014.1261100940216,0.0,0.0,35.49205257950128,42.56979960282012,453.57883901510618,0.0,0.0,113.2930114348201,135.40278511201323,1679.915166328146,38.26070662343935,26.2419112643617,219.18171517158698,261.05871681650486,4313.949627101593,0.0,0.0,142.44827842852664,170.00198322136186,2234.445184512163,0.0,21.000696279741946,28.930142954150957,21.0,30.0,0.0,21.377807898886453,28.23465692615604,16.0,30.0,186.09497255020109,21.005050348992545,28.908611563235004,21.0,30.0,0.0,20.88808577770242,29.134297238389907,16.0,30.0,0.0,17.25937680805893,36.66808723550183,12.0,30.0,0.0,21.101703543139434,28.824840637022576,16.0,30.0,0.0,19.515032303311757,31.7915539824429,10.0,30.0,0.0,17.685029152108663,35.67710768323035,16.0,30.0,0.0,18.722478371733876,33.42187373142323,16.0,30.0,0.0,19.73503264183125,0.0,0.0,0.0,19.145602527121718,0.0,0.0,447.9067913497807,443.377258167011,445.85648971803809,448.1677628797192,457.7137657739713,454.8507177775504,454.6434768771049,456.65408156177537,456.28676035852006,8065.920634924556,82.67159627173187,82.67159627173187,60.0,0.0,60.0,60.0,16.0,16.0,16.0,16.0,16.0,12.0,21.0,10.0,1.0,0.0,0.0,0.0,186.09497255020109,0.0,0.0,0.0,0.0,0.0,0.0,0.0,0.0,82.67159627173187,82.67159627173187,0.34,0.6153095295792734,0.36028137401965956,82.67159627173187,0.3542647819438875,0.0,0.00173 
 04/08  15:30:00,11.385,53.0,7.275,130.0,348.0,0.0,0.0,0.0,0.0,0.0,0.0,0.0,0.0,0.0,0.0,4164.0,0.0,1259.3948269801918,58.04917123722771,148.74987039201069,37.76260325560462,1005.1124447192267,0.0,58.04917123722768,79.35761806492711,0.0,0.0,20.95033629592409,-221.29695344740004,22.22549153691606,-242.23686700305104,21.248803571990348,-1129.0212413772752,20.703142658194083,323.49390458963787,17.090333552175666,43.754176624316517,21.519514877538577,-251.88328104514188,18.931990728048228,219.03606663143774,17.40158580525452,101.04566307179403,18.56314682295717,86.32676726919545,710.30850767315,123.79255602384228,0.0,0.0,0.0,0.0,0.0,0.0,0.0,0.0,0.0,0.0,0.0,0.0,0.0,0.0,0.0,0.0,0.0,0.0,0.0,0.0,0.0,0.0,0.8788116651096889,0.2682575290322615,328.8012181407081,390.0996002633528,6731.45068376069,0.16173396710911476,0.024684671414700059,130.84528299187984,155.41499613930413,2635.2060676058688,0.6962694466517441,0.13157019022141806,361.36219137708158,428.6470755812766,7492.344444226146,0.19946174101956233,0.037691183110272547,227.12731777964039,269.9865555048126,4435.487996890563,0.0,0.0,10.238663786933309,12.331575144731735,122.71733898710267,0.0,0.0,77.62898041953537,92.29109800072118,1511.6510588964043,0.0,0.0,243.97410262511233,291.5883637276983,4010.3436354472917,0.0,0.0,34.84236743272392,41.907172606133858,445.8407232371119,0.0,0.0,110.6750997319374,132.64717359068556,1642.779085629548,38.104143071930099,26.13452885591914,450.9381484849845,537.5779428441649,8718.523138656768,0.0,0.0,138.9515105306802,166.31703165335274,2171.47604641784,802.3808580501607,21.554451019480945,27.955375498193907,21.5,30.0,0.0,21.44697406261398,28.122830094473117,16.0,30.0,1712.2812439815985,21.79027559384199,27.553214079681646,21.5,30.0,0.0,21.085797579946634,28.766350892974616,16.0,30.0,0.0,17.274351559494514,36.62343508043904,12.0,30.0,0.0,21.093393617632154,28.832695351003957,16.0,30.0,0.0,19.531824187239466,31.740169306287805,10.0,30.0,0.0,17.683064367409459,35.66951268346485,16.0,30.0,0.0,18.7203794647822,33.41307652395603,16.0,30.0,0.0,20.195907363872857,0.0,0.0,0.0,19.10603468076905,0.0,0.0,444.43897287987928,444.0349363079691,444.74517855626478,445.50965621335146,456.70215461273838,453.8060128478515,452.5399391884266,455.3487240409932,454.8004567005528,7767.718305214743,82.86870792847297,82.86870792847297,60.0,0.0,60.0,60.0,16.0,16.0,16.0,16.0,16.0,12.0,21.0,10.0,1.0,0.0,802.3808580501607,0.0,1712.2812439815985,0.0,0.0,0.0,0.0,0.0,0.0,0.0,0.0,82.86870792847297,82.86870792847297,0.34,0.7687803213801925,0.36028137401965956,82.86870792847297,0.3542647819438875,0.0,0.00176 
 04/08  15:40:00,11.373333333333333,53.0,7.1466666666666669,126.16666666666667,341.3333333333333,0.0,0.0,0.0,0.0,0.0,0.0,0.0,0.0,0.0,0.0,4164.0,0.0,1219.9444465314996,56.273165689674808,144.19885465446616,36.57968952232593,973.6273719987066,0.0,56.27316568967478,76.9296838339986,0.0,0.0,20.770601697614869,-70.85139571575928,22.280641404569594,-552.323420403558,20.720638185809294,-93.28657953157085,20.67927131080352,14.547341608143256,17.12093961052961,43.304854785674468,21.51923918962497,-225.11277755587197,18.975291072481168,168.4808161004089,17.410634466136015,104.90752496304776,18.57446471360989,96.12179394694431,629.1060788448253,160.78910393302727,0.0,0.0,0.0,0.0,0.0,0.0,0.0,0.0,0.0,0.0,0.0,0.0,0.0,0.0,0.0,0.0,0.0,0.0,0.0,0.0,0.0,0.0,0.8371010431769724,0.2555253489551198,303.51457504472946,360.7713536307326,6053.786397096917,0.09396477912584925,0.014341388755471498,216.24932588411387,256.8039643143901,4385.012943273965,0.9124094854674333,0.17241297911327164,168.2947656281874,200.23458695407664,3292.2000804403526,0.19310487502992666,0.03648996126793775,121.95077597500299,145.1130858898452,2354.801481986657,0.0,0.0,9.919745587831493,11.948537234144185,119.64789473080293,0.0,0.0,75.50615700413641,89.77224698144363,1473.7559864259964,0.0,0.0,249.5652346697519,298.2907893800519,4125.550933615859,0.0,0.0,36.09796318457467,43.423794727634859,463.3511998929883,0.0,0.0,119.06501307401286,142.72625823165763,1772.4149557289584,37.662489485139008,25.83161144385392,304.405038148794,363.51840405804958,5940.568723827169,0.0,0.0,148.69874362583898,178.00940984929225,2331.641967460993,0.0,21.269838641134265,28.429054884372716,21.0,30.0,0.0,21.53070611938371,27.961605328885683,16.0,30.0,25.22285410002852,21.071574672917,28.77504204012639,21.0,30.0,0.0,20.982429402779088,28.941356247667647,16.0,30.0,0.0,17.30014490260036,36.53998466328719,12.0,30.0,0.0,21.1036673986172,28.790825125191195,19.0,30.0,0.0,19.567798077163859,31.64431544799778,10.0,30.0,0.0,17.69064718722131,35.62229563281384,16.0,30.0,0.0,18.729471102703636,33.36298118653438,16.0,30.0,0.0,19.93935722743112,0.0,0.0,0.0,19.11901095687315,0.0,0.0,443.1081013860563,441.9538442727475,443.43263082162306,444.2161443032916,454.556894053882,450.9578164319536,449.7935242854365,452.48720240845889,451.65671533760738,1622.5265745338718,83.99534196563084,83.99534196563084,60.0,0.0,60.0,60.0,16.0,16.0,19.0,16.0,16.0,12.0,21.0,10.0,1.0,0.0,0.0,0.0,25.22285410002852,0.0,0.0,0.0,0.0,0.0,0.0,0.0,0.0,83.99534196563084,83.99534196563084,0.085,0.15366709629407333,0.09007034350491489,83.99534196563084,0.08856619548597188,0.0,0.00179 
 04/08  15:50:00,11.361666666666667,53.0,7.018333333333333,122.33333333333333,334.6666666666667,0.0,0.0,0.0,0.0,0.0,0.0,0.0,0.0,0.0,0.0,4168.0,0.0,1178.937703085464,54.47632747306217,139.59445670801493,35.350109112795497,940.9001837638766,0.0,54.47632747306214,74.47326976504177,0.0,0.0,20.641054596914374,284.51171695772839,22.256232347345816,-304.20712848831666,21.19168701602648,-1708.3725265176054,20.749827651532244,404.5171356319397,17.149919056406575,41.50341297058864,21.510117025182987,-244.81141523414363,18.956675089211179,179.47433161076425,17.414645204101448,95.03370297110644,18.579965336685239,75.14635357916768,815.2065307180665,145.2502376624816,0.0,0.0,0.0,0.0,0.0,0.0,0.0,0.0,0.0,0.0,0.0,0.0,0.0,0.0,0.0,0.0,0.0,0.0,0.0,0.0,0.0,0.0,0.8823988318205545,0.269352512765737,329.91860892776739,392.12882504228358,6528.344897412412,0.16302076801439814,0.024881069599267119,116.06696330186974,137.75748714110694,2365.9477849025695,0.6187063310716383,0.1169135168313754,483.1582620755766,573.3252834380262,10057.524436880884,0.2004326683570522,0.037874653884552567,284.84528346044808,338.7102961970336,5589.630689422728,0.0,0.0,9.977178279441379,12.018305599301416,121.0405242846968,0.0,0.0,76.95646211783213,91.51382358399043,1502.5275260893712,0.0,0.0,241.79634927331177,289.07028479483059,3984.2066653641074,0.0,0.0,34.35233051988331,41.328306802668617,441.53159205761519,0.0,0.0,111.83170836797574,134.06382838843676,1666.4601611502924,37.50917226654927,25.72645560119978,547.6881351241957,652.988169810247,10533.371253414098,0.0,0.0,139.67173315002038,167.25136456218378,2174.629538027366,0.0,21.219283765155418,28.4966186650634,21.0,30.0,0.0,21.540235056180678,27.933757060250696,16.0,30.0,2162.1270350296347,21.778902887932064,27.526499222687634,21.75,30.0,0.0,21.1600153692603,28.599680920892547,16.0,30.0,0.0,17.322885589273598,36.46287057357278,12.0,30.0,0.0,21.093552061439888,28.78764079773766,19.0,30.0,0.0,19.52767745653003,31.70114646864797,10.0,30.0,0.0,17.68655585306202,35.60588397750545,16.0,30.0,0.0,18.72426746715865,33.350970752797177,16.0,30.0,0.0,20.337850887125918,0.0,0.0,0.0,19.05066997376965,0.0,0.0,441.37785736714917,440.58454195327769,440.141567761233,441.32035537741379,452.2778131458181,448.4485521237731,447.40739170577577,449.9698100905038,449.2446634698704,7082.023209951623,82.01051174839518,83.70478003233211,60.0,0.0,60.0,60.0,16.0,16.0,19.0,16.0,16.0,12.0,21.0,10.0,1.0,0.0,0.0,0.0,2162.1270350296347,0.0,0.0,0.0,0.0,0.0,2564.141608283512,1538484.9649701073,1994389.0972698106,82.01051174839518,83.73355433237808,0.25547138694278379,0.5762352877473077,0.27021103051474468,83.73355433237808,0.2656985864579156,1994389.0972698106,0.10551823305803013 
 04/08  16:00:00,11.35,53.0,6.89,118.5,328.0,0.0,0.0,0.0,0.0,0.0,0.0,0.0,0.0,0.0,0.0,2086.0,0.0,1136.5190152571227,52.658420017276998,134.936070549862,34.078192371667459,907.0461392200899,0.0,52.658420017276977,71.9880524487769,0.0,0.0,20.603668253162526,161.28724312884789,22.265312036059357,-414.14593958991738,20.653655001601054,-148.58943216950775,20.748238053450956,8.144843179399232,17.179626640808207,40.81257562676885,21.493965440453125,-238.6394455896725,18.971487504538396,182.47428452666737,17.418389956141327,96.38118025532572,18.582364062072416,73.79942102480163,677.9358784094638,158.39242985820875,0.0,0.0,0.0,0.0,0.0,0.0,0.0,0.0,0.0,0.0,0.0,0.0,0.0,0.0,0.0,0.0,0.0,0.0,0.0,0.0,0.0,0.0,0.8501159546044652,0.25949815464116768,270.6441369926867,321.61852957878519,5331.509936866267,0.12884293166785194,0.019664672110478014,175.20103565614788,207.78630623375487,3578.9070130694256,0.8461023238045595,0.15988328114220708,371.7661707650758,442.0752249536474,7136.260839859118,0.17688674726661234,0.03342531127487004,208.20580282859596,247.45164510063905,4070.2866153573297,0.0,0.0,9.932344070218968,11.954213712872548,121.25859289551393,0.0,0.0,76.69528776281126,91.13692480905952,1497.5347322156186,0.0,0.0,243.827254532217,291.26398902021659,4029.1595403771955,0.0,0.0,35.28044051370972,42.41170684184553,454.27612400115967,0.0,0.0,112.65448449852983,134.9488100015021,1680.5053915282427,37.08740820846006,25.43717984119347,418.72090977445466,499.15265678907107,8120.925898777134,0.0,0.0,141.27514361948239,169.05905883147086,2194.554009456994,0.0,21.14514521350167,28.62297396822356,21.0,30.0,0.0,21.56182160632342,27.893556086753347,16.0,30.0,81.20059423717685,20.909844745366457,29.03797555819557,21.0,30.0,0.0,21.08102894838069,28.73113445675427,16.0,30.0,0.0,17.348115196773386,36.38290710705274,12.0,30.0,0.0,21.07965597682839,28.804026837103728,19.0,30.0,0.0,19.53764786396591,31.676899183271936,10.0,30.0,0.0,17.684621553236604,35.5949395735135,16.0,30.0,0.0,18.718432897738624,33.353093861739349,16.0,30.0,0.0,20.19380983430409,0.0,0.0,0.0,19.018494561608376,0.0,0.0,440.760676128109,440.12020524658205,440.5687896498824,440.27037906398888,450.2067212477741,447.2845134773672,446.6605217050271,448.3546550946409,448.01754989964777,4167.972265259854,82.62569512356844,82.62569512356844,60.0,0.0,60.0,60.0,16.0,16.0,19.0,16.0,16.0,12.0,21.0,10.0,1.0,0.0,0.0,0.0,81.20059423717685,0.0,0.0,0.0,0.0,0.0,0.0,0.0,0.0,82.62569512356844,82.62569512356844,0.17,0.3083724116724542,0.18014068700982978,82.62569512356844,0.17713239097194376,0.0,0.0018299999999999999 
 04/08  16:10:00,11.290000000000001,53.333333333333339,6.796666666666666,114.66666666666666,321.3333333333333,0.0,0.0,0.0,2.0,0.0,0.0,0.0,0.0,0.0,4.0,4176.0,0.0,1092.832586641051,50.81902449204629,130.22262314083347,32.768263195593068,872.1803259593356,0.0,50.81902449204627,69.47345931246729,0.0,0.0,20.992930992472855,-431.14586674461045,22.247178644692509,-224.98312305550054,21.530204592649278,-1031.694024631563,20.751247029034255,391.0316689587976,17.203017679065618,36.89687599301615,21.634687038231556,-49.91236511702631,18.903394879460025,122.86768421626857,17.41997506656328,89.23313387933803,18.58013026074186,55.83018078030773,711.7437626275255,141.44967044855049,0.0,0.0,0.0,0.0,0.0,0.0,0.0,0.0,0.0,0.0,0.0,0.0,0.0,0.0,0.0,0.0,0.0,0.0,0.0,0.0,0.0,0.0,0.9475554471638495,0.28924158948835457,244.29551266246978,289.9775136510188,5085.480948548342,0.1763291228735986,0.026912259290842276,200.55056951191816,238.19027861706906,4123.098619886888,0.6605617614333592,0.12482270624213142,281.9846033630679,334.21303830967306,6079.179642576993,0.22061571731027314,0.041688533127413659,277.6316936711457,330.0164386228775,5512.062511416622,0.0,0.0,9.511255175313078,11.456615144811945,117.5447270149513,0.0,0.0,12.621325414925824,14.994000177438929,254.5320943775953,0.0,0.0,173.89865817636793,208.054897934103,2842.6356273496646,0.0,0.0,34.278764928508589,41.25237006110857,445.1885057718017,0.0,0.0,103.49861929088984,124.1259676814375,1553.897347822483,37.12473451730731,25.462780876068125,453.99981852807209,541.2605920662852,8933.196590338612,0.0,0.0,130.8072566977224,156.7473604742095,2028.7878660070626,818.3677243609565,21.631264259024844,27.897963417113119,21.5,30.0,0.0,21.566400304336889,27.9072692638081,16.0,30.0,756.3941657010386,22.123120188280504,27.678702488300578,21.5,30.0,0.0,21.14033512860472,29.110813999011524,16.0,30.0,0.0,17.361657125158169,36.342721648206197,12.0,30.0,0.0,21.339754173834654,29.929680143752479,19.0,30.0,0.0,19.383190452997114,31.974003622325328,10.0,30.0,0.0,17.679311107172734,35.604036559306269,16.0,30.0,0.0,18.705547375548535,33.37772007998007,16.0,30.0,0.0,20.317812760094918,0.0,0.0,0.0,18.94285977978317,0.0,0.0,446.390657829014,440.79044618819469,483.9146758089512,467.90005838924358,448.9958901715542,539.1318350289461,445.13020476312559,447.507896256314,447.16392737189906,7438.567415120161,81.87170306107874,83.67036377086868,1744.0,0.0,1744.0,1744.0,16.0,16.0,19.0,16.0,16.0,12.0,21.0,10.0,1.0,0.0,818.3677243609565,0.0,756.3941657010386,0.0,0.0,0.0,0.0,0.0,2721.9662397889339,1633179.7438733604,2113856.64614841,81.87170306107874,83.70091100086469,0.2607322079929645,0.5765934938701578,0.27021103051474468,83.70091100086469,0.2656985864579156,2113856.64614841,0.16369387893305069 
 04/08  16:20:00,11.23,53.66666666666667,6.703333333333333,110.83333333333333,314.6666666666667,0.0,0.0,0.0,2.0,0.0,0.0,0.0,0.0,0.0,4.0,2088.0,0.0,1048.020945412044,48.95744532383141,125.45233229725786,31.424595243846477,836.416494430975,0.0,48.95744532383139,66.92853945435087,0.0,0.0,20.61158220247043,96.75705224334024,22.33239085889271,-424.52584611545037,21.412364587067019,-913.5978731871874,20.92502183672358,285.05264888617969,17.227263629727675,33.78291653481071,21.843823781954755,-44.7270351449024,18.85469899291671,79.31051201015316,17.415474586657557,84.08794985068266,18.56890404077597,49.46285084218016,707.559234188223,151.90425455770447,0.0,0.0,0.0,0.0,0.0,0.0,0.0,0.0,0.0,0.0,0.0,0.0,0.0,0.0,0.0,0.0,0.0,0.0,0.0,0.0,0.0,0.0,1.0694449194401186,0.32644838810748436,228.86739153360976,271.76521993979307,4563.201604051021,0.15293443796044604,0.023341641935355017,188.15690345214677,222.97262416060642,3909.762958528888,0.5733022103393317,0.10833375100894405,270.9726773546363,321.2103773479042,5811.435944844137,0.18990246343018414,0.03588481924228724,266.2229166905603,316.16134631315927,5432.481626333611,0.0,0.0,8.77001944661691,10.558770098428106,109.76030346442093,0.0,0.0,12.362264162151103,14.651895113421443,259.14824436028638,0.0,0.0,165.70237955629433,198.18480715739737,2695.6664204244045,0.0,0.0,33.22391147995698,39.95645471024602,434.6431242163859,0.0,0.0,101.64220211887855,121.80973723775048,1533.610418511731,36.925610225801559,25.326207287929745,432.0496171906114,514.6879933749724,8576.922226543742,0.0,0.0,128.5994053956033,154.0058707391459,1995.5318037862276,0.0,21.06079566104232,28.925753949510736,21.0,30.0,0.0,21.732137598504538,27.827960064095288,16.0,30.0,0.0,21.956159442682578,28.2513609832974,21.0,30.0,0.0,21.412981095169884,28.914478913580987,16.0,30.0,0.0,17.378494993316147,36.321124344639709,12.0,30.0,0.0,21.69123219185856,31.448277368318459,19.0,30.0,0.0,19.277066928687796,32.246843758031868,10.0,30.0,0.0,17.663977915049587,35.66340317382265,16.0,30.0,0.0,18.67996717183015,33.45717442243995,16.0,30.0,0.0,20.337368904745696,0.0,0.0,0.0,18.884581644753945,0.0,0.0,448.4669722791575,452.07306712086759,496.0578567763645,482.3331329440774,448.812822085604,661.9863004368219,447.69537446214908,447.8566504923066,447.6530815927555,0.0,83.14633799709199,83.14633799709199,1744.0,0.0,1744.0,1744.0,16.0,16.0,19.0,16.0,16.0,12.0,21.0,10.0,1.0,0.0,0.0,0.0,0.0,0.0,0.0,0.0,0.0,0.0,0.0,0.0,0.0,83.14633799709199,83.14633799709199,0.0,0.0,0.0,83.14633799709199,0.0,0.0,0.05357955555555556 
 04/08  16:30:00,11.17,54.0,6.609999999999999,107.0,308.0,0.0,0.0,0.0,2.0,0.0,0.0,0.0,0.0,0.0,4.0,3135.0,0.0,1002.2224356362668,47.07257815129006,120.62236833380803,30.051336716543355,799.8650557842741,0.0,47.07257815129004,64.35178312874585,0.0,0.0,21.125209677071056,-369.20905899582797,22.22773619040652,-212.21892070930418,21.496345471632148,-908.0710438642846,20.937996126090398,266.48539519864479,17.245442530160746,32.040377177674837,21.9665718636761,-60.40298607194319,18.814643555209835,161.9489039476805,17.409223940699044,77.4387063782776,18.555998140720349,30.283601215010994,727.5089151574227,129.11508273202538,0.0,0.0,0.0,0.0,0.0,0.0,0.0,0.0,0.0,0.0,0.0,0.0,0.0,0.0,0.0,0.0,0.0,0.0,0.0,0.0,0.0,0.0,1.0565237942619817,0.32250421070268056,209.76865131298769,248.954100979873,4460.651262968735,0.18843528768235286,0.02875996454248364,171.18998258873274,203.34089061999669,3567.5099186362469,0.6296078319499476,0.1189735132180551,255.77728867135165,303.1790111444104,5571.990125166901,0.18988256675252886,0.03588105947704624,251.46909865796679,298.71990023526237,5158.399239198995,0.0,0.0,9.224748645509138,11.110544776348379,116.73553768272207,0.0,0.0,13.135344253016573,15.568414912491317,282.0636033826821,0.0,0.0,154.56214371865247,185.01727253903085,2513.013062462688,0.0,0.0,32.57046748658166,39.1989477834167,428.8468267868683,0.0,0.0,87.7946332425697,105.30531193325743,1330.5152996736302,36.82005498043384,25.253810000297553,394.3115008241282,470.0249052084526,8019.891828231115,0.0,0.0,113.57173685731428,136.1576401817381,1753.7354625905023,917.887957901097,21.816668757332523,27.92034423855422,21.666666666666658,29.99999999999999,0.0,21.58465619927368,28.243323813766425,15.999999999999993,29.99999999999999,0.0,22.050690279423017,28.364304701025604,20.999999999999994,29.99999999999999,0.0,21.41000250587049,29.2822200439996,15.999999999999993,29.99999999999999,0.0,17.38626605320531,36.359010172971128,11.999999999999995,29.99999999999999,0.0,21.896859139754768,32.26010692917285,18.999999999999994,29.99999999999999,0.0,19.21136486835412,32.47366900513775,9.999999999999997,29.99999999999999,0.0,17.645019440938897,35.82567307023331,15.999999999999993,29.99999999999999,0.0,18.651561738369148,33.63142455615167,15.999999999999993,29.99999999999999,0.0,20.41807395852873,0.0,0.0,0.0,18.78307657158872,0.0,0.0,464.2710927610507,460.91251703341427,510.32755697918818,499.6138646835654,450.60184123591946,726.3628087440452,451.59155590828086,452.5592893428634,452.48818335761026,9358.02463907626,81.81722647281092,81.81722647281092,1743.9999999999996,0.0,1743.9999999999996,1743.9999999999996,16.0,16.0,19.0,16.0,16.0,12.0,21.0,10.0,1.0,0.0,917.887957901097,0.0,0.0,0.0,0.0,0.0,0.0,0.0,0.0,0.0,0.0,81.81722647281092,81.81722647281092,0.3399999999999999,0.7715031325734192,0.36028137401965945,81.81722647281092,0.35426478194388735,0.0,0.05338577777777778 
 04/08  16:40:00,11.11,54.33333333333333,6.516666666666667,98.0,323.83333333333339,0.0,0.0,0.0,2.0,0.0,0.0,0.0,0.0,0.0,4.0,4180.0,0.0,986.6520546961397,43.92259132130512,112.55062212615978,29.584455018383854,787.4383765391524,0.0,43.9225913213051,60.04551231667983,0.0,0.0,20.860721583289533,-44.49110493890764,22.318272861021734,-358.5395901107636,21.55530474073391,-866.3692011629785,20.973001875260374,272.4753992983275,17.269504657497174,31.579513438209898,22.070455252822769,-58.846857471635299,18.86778751103227,107.96034311401133,17.403266518127859,76.42495899861811,18.54034890862526,32.60169289153875,738.4486316649243,169.7686409957508,0.0,0.0,0.0,0.0,0.0,0.0,0.0,0.0,0.0,0.0,0.0,0.0,0.0,0.0,0.0,0.0,0.0,0.0,0.0,0.0,0.0,0.0,1.076332236884789,0.32855074385982588,209.45962965714905,248.99045130879606,4316.650545273257,0.18190588570132097,0.027763413568577694,177.36937676552595,210.5228321822343,3774.6560230940178,0.6537108612457642,0.12352812948710594,259.86970600906218,308.11338320236419,5715.626112805612,0.19566297400449024,0.03697335109684245,256.0527570853453,304.2634469954774,5305.031503686052,0.0,0.0,8.971638732113912,10.812633470295497,114.89606186606574,0.0,0.0,13.514470029611763,16.014898202272314,295.69227298554639,0.0,0.0,165.087616231967,197.6635540060361,2726.69795579556,0.0,0.0,33.172930946956338,39.94518930021278,439.8228996905126,0.0,0.0,99.16060300292613,118.99005386984412,1509.6333985592578,36.69495033962461,25.16800434816505,400.0024191892545,476.83748491648148,8237.501391530946,0.0,0.0,125.93626558182962,151.0475662820354,1954.0476543946684,0.0,21.354909568936735,28.926898056746596,21.000000000000008,30.00000000000001,0.0,21.751379367120806,28.300080272430628,16.000000000000008,30.00000000000001,0.0,22.09525284347475,28.574443684095554,21.000000000000008,30.00000000000001,0.0,21.45374611286325,29.561969443148628,19.000000000000008,30.00000000000001,0.0,17.401567884520554,36.40849208580565,12.000000000000004,30.00000000000001,0.0,22.04395061956074,32.888934690799988,19.000000000000008,30.00000000000001,0.0,19.28257269084491,32.57174784533739,10.000000000000004,30.00000000000001,0.0,17.629164034636277,36.08285712590482,16.000000000000008,30.00000000000001,0.0,18.62464357743461,33.913128345698137,16.000000000000008,30.00000000000001,0.0,20.51373761135742,0.0,0.0,0.0,18.758520738533563,0.0,0.0,474.3856465336382,477.592672728282,524.6710028196432,517.0438509364975,453.4758279985759,772.910762509772,462.31489052075309,461.5617968173022,462.2027374740177,0.0,81.3899709222425,81.3899709222425,1744.0000000000005,0.0,1744.0000000000005,1744.0000000000005,16.0,19.0,19.0,16.0,16.0,12.0,21.0,10.0,1.0,0.0,0.0,0.0,0.0,0.0,0.0,0.0,0.0,0.0,0.0,0.0,0.0,81.3899709222425,81.3899709222425,0.0,0.0,0.0,81.3899709222425,0.0,0.0,0.053192 
 04/08  16:50:00,11.049999999999999,54.66666666666667,6.423333333333334,89.0,339.66666666666665,0.0,0.0,0.0,2.0,0.0,0.0,0.0,0.0,0.0,4.0,1045.0,0.0,966.8037270931527,40.64967425726971,104.16386755971765,28.989300383204069,771.5975050731328,0.0,40.64967425726969,55.57118655474139,0.0,0.0,20.698963623344988,152.48993217094904,22.206296194566734,-417.6663334868972,21.629887589807013,-900.0153959756808,21.014667695799678,272.876231030883,17.29474922864072,29.191426115037247,22.173397124992087,-59.75129940887223,18.79696924330146,100.62217604137459,17.397518624050606,74.44999888657117,18.527914720147249,31.89670072050967,735.8249903598844,172.08110707769175,0.0,0.0,0.0,0.0,0.0,0.0,0.0,0.0,0.0,0.0,0.0,0.0,0.0,0.0,0.0,0.0,0.0,0.0,0.0,0.0,0.0,0.0,1.1482584443371385,0.3505062406401522,223.00869956131136,264.6299148156603,4522.990061020642,0.18178939992368785,0.02774563490898777,200.49728257316105,237.55435522341583,4218.807542624266,0.5442742510172859,0.10284849792465724,263.6123152169984,311.61047084849749,5871.8239850633349,0.17852134578930385,0.03373419232602112,255.1608862592259,302.30884712727529,5351.397031860451,0.0,0.0,8.553463544545825,10.280300115723606,110.97703542408627,0.0,0.0,13.78776530847783,16.275386459814376,307.80038013168419,0.0,0.0,156.99013558829,187.55916874266266,2571.5269953029958,0.0,0.0,32.17477962007757,38.64271421403554,429.707919391924,0.0,0.0,94.79297512503094,113.46301651687939,1451.1600394745418,36.429782791533728,24.98613360187499,418.08110339768,497.0931893786061,8628.428284150335,0.0,0.0,120.88508968471507,144.64440260926225,1873.9454862574406,0.0,21.114308268451955,29.635815869460094,21.0,30.0,0.0,21.551367319500057,29.01420884871662,16.0,30.0,0.0,22.17719426298888,28.67608629927779,21.0,30.0,0.0,21.51760364984076,29.680823010043186,19.0,30.0,0.0,17.420975182054485,36.59232664637013,12.0,30.0,0.0,22.20576488868608,33.50650166592716,19.0,30.0,0.0,19.146776584749479,33.10637617234467,10.0,30.0,0.0,17.612937983042906,36.43695673923095,16.0,30.0,0.0,18.601603882597318,34.23785349961645,16.0,30.0,0.0,20.50882119264583,0.0,0.0,0.0,18.6860465356773,0.0,0.0,487.6174852722995,495.48177645247207,536.5737149675442,528.3307455080089,462.29255489234586,817.6647337828641,473.4395933320268,474.2869137066381,473.96147838025368,0.0,81.38997092224247,81.38997092224247,1744.0,0.0,1744.0,1744.0,16.0,19.0,19.0,16.0,16.0,12.0,21.0,10.0,1.0,0.0,0.0,0.0,0.0,0.0,0.0,0.0,0.0,0.0,0.0,0.0,0.0,81.38997092224247,81.38997092224247,0.0,0.0,0.0,81.38997092224247,0.0,0.0,0.05348266666666667 
 04/08  17:00:00,10.99,55.0,6.33,80.0,355.5,0.0,0.0,0.0,2.0,0.0,0.0,0.0,0.0,0.0,4.0,1045.0,0.0,942.4738832739095,37.25304224789813,95.46009383049727,28.259768881393108,752.1799747429234,0.0,37.25304224789811,50.92773308311024,0.0,0.0,20.63996208750639,153.0471325918952,22.151929468020549,-401.2933468809006,21.66766272281663,-925.1964018060317,21.047239887808915,281.258186854664,17.317335313355338,27.160888231809964,22.23072365414781,-63.05201799795714,18.7667929497862,93.93053832391797,17.391107407821033,68.97789506609775,18.51434891580098,22.351108827338977,731.2378257242635,171.88696126476499,0.0,0.0,0.0,0.0,0.0,0.0,0.0,0.0,0.0,0.0,0.0,0.0,0.0,0.0,0.0,0.0,0.0,0.0,0.0,0.0,0.0,0.0,1.206068458331848,0.36815276505856167,228.94071478955963,271.775086952267,4634.789087089802,0.19198670067277694,0.02930199949218207,205.55980929578124,243.63651104853509,4323.1086276037799,0.4489360617660915,0.08483296707598105,268.4919059611255,317.3994014095815,6018.127593621841,0.1654372338390846,0.031261759984709858,257.042848666635,304.52214505474628,5445.8018915112629,0.0,0.0,8.376831590913645,10.068637259868398,109.96031247083507,0.0,0.0,14.043469446927624,16.573280233241,317.32992025232587,0.0,0.0,148.64721625405108,177.6476893575399,2436.3857835599667,0.0,0.0,31.19065747767753,37.46679747208179,419.37582421293657,0.0,0.0,88.77577221328387,106.28073247667636,1365.7651016449639,36.1945436866738,24.824789908555429,428.1418116863884,509.13473004151236,8866.22609330673,0.0,0.0,114.04636024158325,136.51580022333259,1762.3568914693529,0.0,21.030272134485157,29.957012225041674,21.0,30.0,0.0,21.48161364965962,29.28883416796338,16.0,30.0,0.0,22.190402500888977,28.787451635312416,21.0,30.0,0.0,21.56500244398623,29.748168416492267,19.0,30.0,0.0,17.435312234327396,36.73289629548168,12.0,30.0,0.0,22.283110895880325,33.80555309083852,19.0,30.0,0.0,19.089016960188795,33.35670252632923,10.0,30.0,0.0,17.595982830356737,36.692429691123788,16.0,30.0,0.0,18.57726871324783,34.482726604413617,16.0,30.0,0.0,20.502187244690867,0.0,0.0,0.0,18.59839343013583,0.0,0.0,495.440014586143,502.4036398970679,542.7507013611083,535.3497806815589,468.9218038034107,837.4744640403764,479.0283750168662,482.8280642165191,481.9933457700827,0.0,81.38997092224247,81.38997092224247,1744.0,0.0,1744.0,1744.0,16.0,19.0,19.0,16.0,16.0,12.0,21.0,10.0,1.0,0.0,0.0,0.0,0.0,0.0,0.0,0.0,0.0,0.0,0.0,0.0,0.0,81.38997092224247,81.38997092224247,0.0,0.0,0.0,81.38997092224247,0.0,0.0,0.05377333333333334 
 04/08  17:10:00,10.9,55.16666666666667,6.068333333333333,71.0,371.3333333333333,0.0,4.0,0.0,0.0,0.0,0.0,0.0,0.0,0.0,0.0,4183.0,0.0,914.2651062500917,33.776220491490217,86.5508318086686,27.413928646995165,729.6667003632658,0.0,33.77622049149019,46.17465414771448,0.0,0.0,21.162036928388205,-518.7479772057006,22.2140417542224,-121.5936677356159,21.24218160013441,-262.6883405919182,21.101697556662346,-42.20795309870452,17.34639872907116,40.12574582721979,21.993032475535928,-479.8511813715096,19.036215139126378,349.5283965511385,17.391800774864487,75.54821612019055,18.507297227036049,33.131382366433289,576.3158266127091,282.1626555991709,0.0,0.0,0.0,0.0,0.0,0.0,0.0,0.0,0.0,0.0,0.0,0.0,0.0,0.0,0.0,0.0,0.0,0.0,0.0,0.0,0.0,0.0,1.0343621100922025,0.31573934984499466,285.21729317217418,339.0031336803674,6151.155360173943,0.19643296291598695,0.02998061094566346,115.32704775524855,137.0442793607499,2481.500622435621,0.873548913636347,0.1650697115714942,184.25373028011627,219.06614104757913,3961.816250701622,0.17001901082649785,0.03212755306623163,11.332678242059853,13.46279908953196,245.41377383124465,0.0,0.0,11.184269371260955,13.479841581942769,149.4362096996002,0.0,0.0,99.631158101509,118.27863826753094,2182.714383611317,0.0,0.0,278.288144746153,332.77671449646535,4908.591638918606,0.0,0.0,35.723488376888699,43.0263528173006,486.57947931791889,0.0,0.0,125.72451036622391,150.8927272225348,1954.2264822606658,35.68308059692424,24.473992178960395,233.31496719850879,278.8274406384849,4948.192343273402,0.0,0.0,155.08426011749109,186.03449572434335,2454.0787039661165,880.8260435188987,21.67776432572634,29.112344278261248,21.5,30.0,0.0,21.642821326623975,29.177259763193836,16.0,30.0,0.0,21.553085625346534,29.28950874846639,21.0,30.0,0.0,21.55858598389281,33.085133564174387,19.0,30.0,0.0,17.463788251678964,37.16183647084214,12.0,30.0,0.0,21.82317437526582,30.271844986614285,16.0,30.0,0.0,19.630155087146734,34.00580540646156,10.0,30.0,0.0,17.593909199568324,37.322325798453487,16.0,30.0,0.0,18.567762853996788,35.37111681566134,16.0,30.0,0.0,19.798078870154737,0.0,0.0,0.0,18.680476157394489,0.0,0.0,509.8778245693158,511.38091821014918,508.49181800506127,722.0469622714902,488.8827515773087,592.6046504442082,560.9672439223205,508.1358119147126,519.6204680440441,7369.224236220936,81.34194009482715,83.08141745107733,162.0,0.0,162.0,162.0,16.0,19.0,16.0,16.0,16.0,12.0,21.0,10.0,1.0,0.0,880.8260435188987,0.0,0.0,0.0,0.0,0.0,0.0,0.0,2632.492837328616,1579495.7023971698,2045436.1564945833,81.34194009482715,83.11095955125498,0.2577497612442872,0.5405780750445262,0.27021103051474468,83.11095955125498,0.2656985864579156,2045436.1564945833,0.11138468013771834 
 04/08  17:20:00,10.81,55.333333333333339,5.806666666666667,62.0,387.1666666666667,0.0,4.0,0.0,0.0,0.0,0.0,0.0,0.0,0.0,0.0,2092.0,0.0,880.399601278886,30.133219729542885,77.21573887744764,26.398473443711145,702.6388437017392,0.0,30.13321972954287,41.19439591292592,0.0,0.0,20.698147569220674,42.17807617791232,22.172550580984266,-627.4482767218437,20.9579466339622,-218.2992366746305,21.1022908976027,-73.08345766867865,17.387272364406657,38.33089787458459,21.736612817835935,-310.08606258308648,19.09626757874271,142.3358123928756,17.4047361217103,81.07623857969588,18.51689089629334,50.33488793068,541.8979133332907,338.47044636250578,0.0,0.0,0.0,0.0,0.0,0.0,0.0,0.0,0.0,0.0,0.0,0.0,0.0,0.0,0.0,0.0,0.0,0.0,0.0,0.0,0.0,0.0,1.0520314789614763,0.3211329300859207,298.25971337878107,354.3207676293152,6196.300314548633,0.15598376553010835,0.023807046021078808,163.8700035492132,194.45547551540185,3443.627496908756,1.0030634559212924,0.189543359017629,119.2909816221265,141.783130209054,2489.382289480322,0.10559481060161163,0.019953667914136734,15.323511959745428,18.15761104305117,330.8951752756074,0.0,0.0,10.105258458343665,12.167195009618606,137.82982753023095,0.0,0.0,87.55843112680286,103.9966987277616,1868.7267895421629,0.0,0.0,276.2417400875563,330.1287907255106,4929.994681080174,0.0,0.0,36.57066829427413,44.007989952334558,506.4391923545585,0.0,0.0,138.53453504147348,166.14284612249424,2185.0067801141688,35.019936085427918,24.0191605524197,247.2038224778704,294.88550362897777,5131.161070392789,0.0,0.0,169.50909190963098,203.17115633609039,2733.05515954585,0.0,21.031198122600867,30.241332316366344,21.0,30.0,0.0,21.546376347676469,29.155792255342413,16.0,30.0,77.49071674399684,21.163460669349989,30.3747600596259,21.0,30.0,0.0,21.52178282649544,37.13803140668654,19.0,30.0,0.0,17.510482884793633,37.77676797400167,12.0,30.0,0.0,21.446398705455289,30.153168307315047,16.0,30.0,0.0,19.644077144170376,33.49973723900602,10.0,30.0,0.0,17.61524497223172,38.17737152782167,16.0,30.0,0.0,18.589659144813685,36.00723612766666,16.0,30.0,0.0,19.649029917537484,0.0,0.0,0.0,18.75453368232092,0.0,0.0,507.57378744055156,498.63400913406169,527.6059488220751,945.1062929346191,518.1147143224825,547.7561978973186,538.0082050127176,544.9448622764705,549.0968587578117,2893.2220932639936,82.51099779201874,82.51099779201874,162.0,0.0,162.0,162.0,16.0,19.0,16.0,16.0,16.0,12.0,21.0,10.0,1.0,0.0,0.0,0.0,77.49071674399684,0.0,0.0,0.0,0.0,0.0,0.0,0.0,0.0,82.51099779201874,82.51099779201874,0.17,0.30993591304477116,0.18014068700982978,82.51099779201874,0.17713239097194376,0.0,0.004941 
 04/08  17:30:00,10.719999999999999,55.5,5.545,53.0,403.0,0.0,4.0,0.0,0.0,0.0,0.0,0.0,0.0,0.0,0.0,4188.0,0.0,859.3653186021985,28.314089986079904,72.554206328031,25.767754732755873,685.8514328633014,0.0,28.31408998607989,38.70750763673804,0.0,0.0,21.143998673031228,-450.1314473313746,22.034015585599126,-67.0620716362555,21.38496599180081,-472.73474981551069,21.107089457254383,-60.016853005065367,17.417909283842758,36.807813571926647,21.617019032680369,-288.09375297286877,19.07106398793028,199.52633608565385,17.410416895506779,74.97758686612201,18.520890374607043,34.57263212116095,626.7230739855236,313.56980150716415,0.0,0.0,0.0,0.0,0.0,0.0,0.0,0.0,0.0,0.0,0.0,0.0,0.0,0.0,0.0,0.0,0.0,0.0,0.0,0.0,0.0,0.0,1.1328380303498185,0.34579915456343665,303.77329629890246,360.880855009468,6686.725635672233,0.23159719495413823,0.035347557227432577,201.73883261127339,239.8917118345576,4321.343704142169,0.922298126577016,0.17428158098583075,119.3191879640791,141.68414062572826,2698.7206145230559,0.11464824520642103,0.021664445428273055,14.28168880976267,16.958961463393665,310.90959686415649,0.0,0.0,10.216511090129558,12.309941387990861,141.75961185479859,0.0,0.0,81.36637910765765,96.79687585248792,1726.172236759949,0.0,0.0,264.3286619973687,316.24541002166486,4737.848101235657,0.0,0.0,35.46883464154803,42.722819246278728,498.00558573011235,0.0,0.0,126.80798527382619,152.23454631049254,2024.2867194982246,34.68218053131081,23.787503793766,244.46970734069519,292.1221301547948,5204.500456577638,0.0,0.0,156.11132650686134,187.38676752083038,2510.723805095831,702.9579231868687,21.648888286470617,29.319315631335344,21.5,30.0,0.0,21.392155968811055,29.85574047213888,16.0,30.0,1136.4199952835666,21.91145132101388,29.178421868842546,21.5,30.0,0.0,21.505869250411825,38.74189114229735,19.0,30.0,0.0,17.53674479212981,37.93499469270117,12.0,30.0,0.0,21.288131619470208,30.30577340303448,16.0,30.0,0.0,19.593356386328297,33.64897559469686,10.0,30.0,0.0,17.620358758891844,38.210548585155979,16.0,30.0,0.0,18.594671823806587,35.91355707693179,16.0,30.0,0.0,19.984494710139804,0.0,0.0,0.0,18.64065705445326,0.0,0.0,518.023429334711,522.0974757405357,536.9795717766189,1033.0809985775425,526.6106261669797,539.5933645966129,539.1336480755854,545.9674481986147,544.5255784737384,6910.055130030959,82.25707642361228,83.98871909672138,162.0,0.0,162.0,162.0,16.0,19.0,16.0,16.0,16.0,12.0,21.0,10.0,1.0,0.0,702.9579231868687,0.0,1136.4199952835666,0.0,0.0,0.0,0.0,0.0,2620.6478951635219,1572388.7370981132,2039643.5719283228,82.25707642361228,84.01812813796994,0.25735492983878407,0.5764281994962632,0.27021103051474468,84.01812813796994,0.2656985864579156,2039643.5719283228,0.11092146574027277 
 04/08  17:40:00,10.629999999999999,55.666666666666667,5.283333333333333,46.333333333333339,335.83333333333339,0.0,4.0,0.0,0.0,0.0,0.0,0.0,0.0,0.0,0.0,3144.0,0.0,698.851499386654,24.161444038471225,61.91308021299923,20.954802442774736,557.7468081936829,0.0,24.161444038471215,33.03052579452604,0.0,0.0,20.77939914099621,96.75642099247557,22.079610411414835,-431.22209131595118,20.962223063772876,-220.63416500455896,21.115115070834553,-78.55339311155379,17.439107165191485,34.38059078079087,21.4633666060355,-247.3969838702709,19.081848164947503,122.88231969126668,17.408826892087008,71.31582445011908,18.510616844879587,26.01385180677549,567.3509464721606,339.5814918302415,0.0,0.0,0.0,0.0,0.0,0.0,0.0,0.0,0.0,0.0,0.0,0.0,0.0,0.0,0.0,0.0,0.0,0.0,0.0,0.0,0.0,0.0,1.1205001249654905,0.3420330051787214,238.6292932234029,283.9248716620119,5065.712095932872,0.20138033536103704,0.03073570442018272,176.01797828884288,209.19204154174109,3850.2945545934369,1.0269992582395973,0.19406637532872229,91.63439220843429,109.08346422633066,1972.7106320076303,0.07709744664931298,0.01456867850516119,19.864700186812294,23.556973105624036,434.2187827776715,0.0,0.0,9.732713701515403,11.724910695152847,137.21800851475357,0.0,0.0,77.57473620115403,92.30804770452954,1638.2766864908929,0.0,0.0,260.1934196183371,311.2760186504747,4701.925673495999,0.0,0.0,35.47101606899166,42.71970195383922,504.1854347878965,0.0,0.0,128.19224546347236,153.88110975942284,2065.7601782660456,34.02077504290985,23.333864912832568,178.73665481815847,213.75315553307207,3876.7985784384056,0.0,0.0,157.64859917154758,189.24057371010589,2544.3402666484664,0.0,21.166753413095124,30.511083682462286,21.000000000000015,30.00000000000002,0.0,21.5428624870452,29.588757112226689,21.000000000000015,30.00000000000002,0.0,21.214692557448428,31.5248488228587,21.000000000000015,30.00000000000002,0.0,21.500761224487467,39.69368429869023,19.000000000000015,30.00000000000002,0.0,17.556542727395287,38.043839441078947,12.00000000000001,30.00000000000002,0.0,21.14418305460204,30.578919282092956,16.000000000000015,30.00000000000002,0.0,19.575002739763815,33.666970019850868,10.000000000000007,30.00000000000002,0.0,17.614654059461377,38.12404384126978,16.000000000000015,30.00000000000002,0.0,18.577732250703315,35.870888140543048,16.000000000000015,30.00000000000002,0.0,19.67525675915099,0.0,0.0,0.0,18.576314787256647,0.0,0.0,535.4824187048898,522.6695772426173,596.0073325162792,1086.1443512849124,532.3088151188146,539.1378303892817,537.6598019145381,540.9231784908948,540.1372496108509,0.0,83.28981244348332,83.28981244348332,162.0000000000001,0.0,162.0000000000001,162.0000000000001,21.0,19.0,16.0,16.0,16.0,12.0,21.0,10.0,1.0,0.0,0.0,0.0,0.0,0.0,0.0,0.0,0.0,0.0,0.0,0.0,0.0,83.28981244348332,83.28981244348332,0.0,0.0,0.0,83.28981244348332,0.0,0.0,0.004779 
 04/08  17:50:00,10.540000000000001,55.833333333333339,5.0216666666666669,39.66666666666667,268.6666666666667,0.0,4.0,0.0,0.0,0.0,0.0,0.0,0.0,0.0,0.0,1048.0,0.0,536.5843057934951,18.607778044232775,47.68194392211113,16.089279787748965,428.24287454232685,0.0,18.607778044232764,25.43824333058097,0.0,0.0,20.680045505396369,71.63049203394803,21.794807805784158,-479.70303453307408,20.808105964313094,-90.06540315101711,21.09966138029933,-95.73811536800213,17.446840107979285,31.984085716609117,21.29496151934174,-230.80719786288683,19.025821925206615,134.36249529887756,17.401409672536255,67.31234443265385,18.49282537430711,19.01461528449363,491.9959378602789,339.5796839620707,0.0,0.0,0.0,0.0,0.0,0.0,0.0,0.0,0.0,0.0,0.0,0.0,0.0,0.0,0.0,0.0,0.0,0.0,0.0,0.0,0.0,0.0,1.1130162279195582,0.33974854332098849,215.24216579191913,255.60410992074999,4542.7948429555049,0.1910981705087739,0.029166387440289058,155.71600688257386,184.84310444017474,3318.7031025373005,1.0813271914032135,0.20433242467936769,48.43629930752444,57.4805364353934,1040.0548747966148,0.03738765009150007,0.007064937659013617,23.812060337753324,28.173012418948966,522.158054797101,0.0,0.0,9.451862193582981,11.35817839011916,135.05316947229498,0.0,0.0,77.47090827239058,92.01147087156268,1625.9620068027103,0.0,0.0,251.64613448646089,300.42332082338637,4538.527562550091,0.0,0.0,34.802978554019428,41.81527460090903,500.24486305622647,0.0,0.0,122.2179861549344,146.36548783846988,1985.7000139076268,33.2890032075899,22.83196379121393,159.11847220723133,189.90621605384556,3498.459872271008,0.0,0.0,150.94185259889916,180.82893573237835,2425.7933031964905,53.038820048797,21.001566136871387,31.085797436527249,21.0,30.0,0.0,21.151433832813504,30.334513593651236,21.0,30.0,136.45749962955697,21.004009135142057,33.74289639514853,21.0,30.0,0.0,21.462246023626674,38.549718119557208,19.0,30.0,0.0,17.556595329428878,38.12934619169882,12.0,30.0,0.0,20.978202695964656,30.867042856628559,16.0,30.0,0.0,19.46029152753864,33.97644069289451,10.0,30.0,0.0,17.599536101983444,38.124997572087568,16.0,30.0,0.0,18.548660119791984,35.91177822128721,16.0,30.0,0.0,19.564526219381479,0.0,0.0,0.0,18.445530117662658,0.0,0.0,550.046094154955,524.3560915302979,695.0141521262822,1017.1973814993847,535.0575573710319,537.1941246533044,540.6562546828003,538.7340926369216,538.4512252447121,7975.984871693089,82.73105321550912,82.73105321550912,162.0,0.0,162.0,162.0,21.0,19.0,16.0,16.0,16.0,12.0,21.0,10.0,1.0,0.0,53.038820048797,0.0,136.45749962955697,0.0,0.0,0.0,0.0,0.0,0.0,0.0,0.0,82.73105321550912,82.73105321550912,0.34,0.6159061007221246,0.36028137401965956,82.73105321550912,0.3542647819438875,0.0,0.004815000000000001 
 04/08  18:00:00,10.45,56.0,4.76,33.0,201.5,0.0,4.0,0.0,0.0,0.0,0.0,0.0,0.0,0.0,0.0,4196.0,0.0,404.4626367223283,15.019307462429179,38.486535487866529,12.127658496606366,322.79778974943977,0.0,15.01930746242917,20.53253198624109,0.0,0.0,21.25549491203193,-788.8248804406326,21.806490011382374,102.13755466645057,21.276125336966048,-400.9885116567357,21.106424569852345,-63.060992218717078,17.453352588982314,32.348805099264499,21.154962107269577,-217.2060689626278,19.05961202833805,176.97114011904888,17.390491741994695,55.99362212176095,18.470237358726153,-12.56132257183367,589.3574373138661,372.0943643182061,0.0,0.0,0.0,0.0,0.0,0.0,0.0,0.0,0.0,0.0,0.0,0.0,0.0,0.0,0.0,0.0,0.0,0.0,0.0,0.0,0.0,0.0,1.1551870769225308,0.3526212078518104,279.13838559413866,331.4279921812805,6398.223191800076,0.25611974509578896,0.03909031518555997,202.21145009683765,240.38557552350557,4453.7962723602399,1.0034512857367027,0.18961664507496277,90.71623985953424,107.73918897691205,2096.6173456399658,0.13962960573095324,0.026385035096552,13.57544988145214,16.133738060085937,302.7779438064183,0.0,0.0,9.88935314090319,11.91858201085408,143.03234825502606,0.0,0.0,73.51494741386959,87.60233458027632,1542.8631994569283,0.0,0.0,259.88973642439648,311.0896387384303,4766.974388856565,0.0,0.0,35.24691677044332,42.475476292383948,511.4694013317811,0.0,0.0,126.7388166908402,152.23277310552644,2072.505373497721,33.187645957426557,22.762445786986676,217.64893410031812,260.1572418447241,4776.307944041528,0.0,0.0,155.31488694157455,186.66198669477883,2494.0420096440946,1208.7445129396547,21.847919825321456,29.87946478280248,21.75,30.0,0.0,21.3933691556203,30.63622512461247,21.0,30.0,1091.2436519931073,21.899718786401967,30.2973853061635,21.75,30.0,0.0,21.472898041975566,39.612563137229077,19.0,30.0,0.0,17.554872765485816,38.197427765895,12.0,30.0,0.0,20.8872014572994,31.151688078503246,16.0,30.0,0.0,19.52568198803754,33.9585732015818,10.0,30.0,0.0,17.57917524644991,38.20807103369246,16.0,30.0,0.0,18.51299186373452,36.05687872751315,16.0,30.0,0.0,19.86757430679338,0.0,0.0,0.0,18.347683175989436,0.0,0.0,571.7194726978195,566.7499865753516,601.4876262245571,1079.3310684320973,537.3930046153221,542.930442793258,546.3794391009553,539.813613770176,541.0198158875337,6344.669269313768,82.47276147437082,84.30506269332972,162.0,0.0,162.0,162.0,21.0,19.0,16.0,16.0,16.0,12.0,21.0,10.0,1.0,0.0,1208.7445129396547,0.0,1091.2436519931073,0.0,0.0,0.0,0.0,0.0,2772.8211721295344,1663692.7032777207,2162926.8374916689,82.47276147437082,84.33618125085023,0.26242737240431787,0.5754894855964095,0.27021103051474468,84.33618125085023,0.2656985864579156,2162926.8374916689,0.11732319554956677 
 04/08  18:10:00,10.23,57.0,4.611666666666666,26.333333333333333,134.33333333333332,0.0,0.0,0.0,0.0,0.0,0.0,4.0,0.0,0.0,0.0,3149.0,0.0,287.64734559267859,11.629229192115748,29.799521518473314,8.624994596644307,229.56859578771634,0.0,11.629229192115743,15.898037972772551,0.0,0.0,20.893305986919495,83.97409859910083,22.055777829556136,-49.72575088133833,21.343240585360939,-1198.428281436055,20.92848779163572,11.0365978207207,17.458833854054448,31.19293683758561,20.99915228963092,-182.88640288660722,19.064078728294747,109.07285193597818,17.37320225631614,53.999874122582998,18.435746180810005,-13.213021262535829,628.3294307614845,419.72969380550759,0.0,0.0,0.0,0.0,0.0,0.0,0.0,0.0,0.0,0.0,0.0,0.0,0.0,0.0,0.0,0.0,0.0,0.0,0.0,0.0,0.0,0.0,1.1658597118215588,0.35587903291256375,174.00498733259176,206.8803241584568,3886.3750683958489,0.21108518992909035,0.03221690932983674,16.730695606461518,19.86323691687711,394.9985284752183,0.988418001254606,0.18677588837010704,312.79982582111657,370.9399499377831,7365.136812888946,0.21577124731258957,0.040773100399204367,201.18657990119267,239.2544454625691,4435.242221393392,0.0,0.0,9.554443213263088,11.51389190443452,142.4284193566378,0.0,0.0,69.69291926286829,83.06472494294141,1477.615918491089,0.0,0.0,261.31093084761116,312.7723280253103,4895.866495783953,0.0,0.0,35.20444957131538,42.422719166043588,524.6937060734989,0.0,0.0,133.06528891965849,159.84407492941762,2222.574878674888,33.26216567068513,22.813556701430139,278.35601625964099,332.2030774347013,6226.758321910605,0.0,0.0,161.6029515019504,194.24980584935305,2643.582360888411,0.0,21.29761992747391,33.14578416086121,21.0,30.0,0.0,21.90146628882767,32.43917468524764,21.0,30.0,1574.9403869476749,21.908729532707665,32.12773558876395,21.666666666666666,30.0,0.0,21.206685355915768,34.12710581647972,16.0,30.0,0.0,17.552031844582218,38.32061724455984,12.0,30.0,0.0,20.768081985880806,31.511021873987283,16.0,30.0,0.0,19.499464291242484,34.741389451515619,10.0,30.0,0.0,17.550544864041837,38.41080700341863,16.0,30.0,0.0,18.462524656310629,36.30174320964353,16.0,30.0,0.0,19.974608495885908,0.0,0.0,0.0,18.27342910008142,0.0,0.0,696.7363720829723,724.0175204333229,706.9734052520073,740.9619019593108,541.9099852603742,549.6526990298038,582.1319717517738,545.2544938698524,546.7496816860753,9543.437207125344,81.69459186934748,81.69459186934748,240.0,0.0,240.0,240.0,21.0,16.0,16.0,16.0,16.0,12.0,21.0,10.0,1.0,0.0,0.0,0.0,1574.9403869476749,0.0,0.0,0.0,0.0,0.0,0.0,0.0,0.0,81.69459186934748,81.69459186934748,0.34,0.7198953776640367,0.36028137401965956,81.69459186934748,0.3542647819438875,0.0,0.007240000000000002 
 04/08  18:20:00,10.01,58.0,4.463333333333333,19.666666666666666,67.16666666666666,0.0,0.0,0.0,0.0,0.0,0.0,4.0,0.0,0.0,0.0,4200.0,0.0,138.91613141408136,7.995748366047266,20.48882759288864,4.165352264790995,110.86769811102127,0.0,7.995748366047263,10.93079421208197,0.0,0.0,20.8356934446534,191.88804041829054,22.162958302744096,-121.33908242763238,21.375365856912326,-1313.4690140604353,20.921728935265244,228.6820108671243,17.456125176549379,27.04634864401048,20.83505541346687,-164.09038106721926,18.99492068100042,94.59473249740404,17.354321576768859,44.51934003308952,18.399761990297514,-35.696178104508138,721.3842862537977,427.1370596923339,0.0,0.0,0.0,0.0,0.0,0.0,0.0,0.0,0.0,0.0,0.0,0.0,0.0,0.0,0.0,0.0,0.0,0.0,0.0,0.0,0.0,0.0,1.2633039234409196,0.38562390825424899,222.50870473814207,264.719170501668,5045.247071951445,0.09169574456751173,0.013995077009693489,28.972600814107247,34.334629229428127,707.4195919233196,1.0330762910636533,0.19521471864392546,397.33795315491468,471.993139910001,9338.554363903824,0.24121299041183548,0.045580686018865338,221.05419686630598,262.97152646844179,5002.526313939434,0.0,0.0,8.967437610815477,10.811619049982378,137.44987694971287,0.0,0.0,70.1600913998293,83.68087605234948,1502.937804347005,0.0,0.0,253.15349811950135,303.27255398742,4791.51544254636,0.0,0.0,34.35610080649835,41.42384714315331,525.3155759027643,0.0,0.0,130.5280044491201,156.899518357302,2225.175176021772,33.18143604614692,22.75818658857814,382.46644827601917,456.50238937786977,8593.361442418947,0.0,0.0,158.22114034929374,190.3776904837362,2607.1081656449448,0.0,21.242784965092114,33.01609547660995,21.0,30.0,0.0,22.17661745920175,34.87325758603051,21.0,30.0,1276.9275209724456,21.743580540619538,31.77552600786498,21.75,30.0,0.0,21.274956582733233,32.879730628317179,16.0,30.0,0.0,17.53804195327092,38.59850604050261,12.0,30.0,0.0,20.652883209842537,32.39940875725777,16.0,30.0,0.0,19.36930662940904,35.228564595849288,10.0,30.0,0.0,17.519042867359624,38.802540665655538,16.0,30.0,0.0,18.40993782592321,36.839488913305327,16.0,30.0,0.0,20.23907728396601,0.0,0.0,0.0,18.106341364189569,0.0,0.0,682.8038446017623,890.1653954933968,669.2564444785603,679.284181975285,552.1985090006448,584.5260019027974,592.0881642267182,558.8120191708524,565.8794113173933,6690.937291827085,82.53703262168851,84.25491269665221,240.0,0.0,240.0,240.0,21.0,16.0,16.0,16.0,16.0,12.0,21.0,10.0,1.0,0.0,0.0,0.0,1276.9275209724456,0.0,0.0,0.0,0.0,0.0,2599.8405201958178,1559904.3121174905,2029561.9766184795,82.53703262168851,84.28408800329557,0.25666135067319398,0.5755082197652661,0.27021103051474468,84.28408800329557,0.2656985864579156,2029561.9766184795,0.11289722278416092 
 04/08  18:30:00,9.79,59.0,4.3149999999999999,13.0,0.0,0.0,0.0,0.0,0.0,0.0,0.0,4.0,0.0,0.0,0.0,3154.0,0.0,19.217249454969037,4.562451972245705,11.691120394866204,0.5762328447550145,15.337223222873755,0.0,4.562451972245703,6.237217747233757,0.0,0.0,21.03596215481189,-73.98043349729503,22.17493535520054,-170.89426220778274,20.843497712901539,-184.5480526120295,20.823869938186719,-69.8304088534637,17.448456771293956,24.620982200516296,20.660358788000516,-144.441765534321,18.956694878325246,91.66756912385908,17.32754536622328,36.6075867874825,18.349717511276823,-53.35249000741197,551.1388961856676,452.2901376512841,0.0,0.0,0.0,0.0,0.0,0.0,0.0,0.0,0.0,0.0,0.0,0.0,0.0,0.0,0.0,0.0,0.0,0.0,0.0,0.0,0.0,0.0,1.277290650113368,0.38989336084046635,140.87469047293468,167.77005716499998,3267.802884441723,0.021858979797409789,0.0033362301278097958,38.28848300148496,45.34211065072982,957.6318209915543,1.1965994493412007,0.22611478634565397,224.39733275478194,267.51856776117509,5083.754088056768,0.23764169967552818,0.04490583894095389,132.1871748007824,157.4828277593782,3020.7705782824525,0.0,0.0,8.64277188403274,10.419075699307467,135.99159289561676,0.0,0.0,70.27665676134824,83.83895068663249,1518.0273265354084,0.0,0.0,250.15677074224824,299.68139104784339,4812.572274609345,0.0,0.0,34.46224902242145,41.547055074579549,539.3748238640073,0.0,0.0,128.70054552350929,154.69699996214565,2232.9158593718168,32.894037289796909,22.561068099997877,220.60678072418086,264.00479628926998,5132.735268970219,0.0,0.0,156.41792573874597,188.26425157660487,2595.6076916051135,534.6100029802763,21.42213616965735,32.97941976846372,21.333333333333326,29.99999999999999,0.0,22.293864483193948,35.56273631233918,20.999999999999994,29.99999999999999,22.87690781607976,21.012122837173498,33.23482930983738,20.999999999999994,29.99999999999999,0.0,21.097838732936883,33.03966157697812,15.999999999999993,29.99999999999999,0.0,17.51630243168158,38.99673104441118,11.999999999999995,29.99999999999999,0.0,20.514202491425836,33.29940507999699,15.999999999999993,29.99999999999999,0.0,19.299354927787353,35.70892039088212,9.999999999999997,29.99999999999999,0.0,17.474105023079294,39.41798239824296,15.999999999999993,29.99999999999999,0.0,18.335670149381657,37.469782222002958,15.999999999999993,29.99999999999999,0.0,19.45326588223888,0.0,0.0,0.0,17.9380353574548,0.0,0.0,697.8792335723263,936.7499691207008,668.7311216893784,667.2192903540436,566.9538881918751,616.3943118816604,607.5206345426846,580.6423688705293,586.7634578374689,5250.011406900221,83.14191693616863,83.14191693616863,239.99999999999992,0.0,239.99999999999992,239.99999999999992,21.0,16.0,16.0,16.0,16.0,12.0,21.0,10.0,1.0,0.0,534.6100029802763,0.0,22.87690781607976,0.0,0.0,0.0,0.0,0.0,0.0,0.0,0.0,83.14191693616863,83.14191693616863,0.2266666666666666,0.46124316907669996,0.24018758267977295,83.14191693616863,0.2361765212959249,0.0,0.007480000000000002 
 04/08  18:40:00,9.57,60.0,4.166666666666667,10.833333333333334,0.0,0.0,0.0,0.0,0.0,0.0,0.0,4.0,0.0,0.0,0.0,9468.0,0.0,19.24719281245315,3.7102697649940574,9.507435781706042,0.5771283910411915,15.361095755014772,0.0,3.7102697649940556,5.072220061936355,0.0,0.0,21.15006135176004,-209.5748608051612,22.153932393397,-185.0592477725349,21.237001942886179,-788.3724454287738,20.73809832984196,204.5583094771743,17.44911699493812,24.173405048050677,20.534221801185816,-131.68677927015004,18.960548343460159,116.49042419995777,18.302217962483867,-23.953164983441068,18.294053093576108,-90.49929518749613,635.9409157368614,486.8189073214634,0.0,0.0,0.0,0.0,0.0,0.0,0.0,0.0,0.0,0.0,0.0,0.0,0.0,0.0,0.0,0.0,0.0,0.0,0.0,0.0,0.0,0.0,1.2331383856351946,0.3764158686310127,126.16819238466334,150.25202141005688,3032.810350581042,0.024876616838340857,0.003796797441749226,35.461517745705908,42.04689446879825,904.1312707368892,1.2125480405113119,0.22912850349798098,256.22001238791446,304.9588920215554,6231.787212067464,0.27714064083747749,0.05236973560798906,210.977928762202,251.52526112045119,4863.983734287623,0.0,0.0,8.852315230056098,10.682497513298355,143.01763076345788,0.0,0.0,66.48302862560785,79.42309295154512,1451.3151907781424,0.0,0.0,247.78299427064949,297.1277494647484,4880.358098030413,0.0,0.0,19.662084541552205,23.641744671829913,365.57174753084947,0.0,0.0,143.07225580524298,172.16385678051899,2522.367277926826,33.0488269108531,22.66723382088696,259.18718027401499,310.3731243271381,6046.600066131259,0.0,0.0,155.88569270130183,187.89796071815634,2613.614027595025,0.0,21.405560909464499,32.7800321858717,21.00000000000005,30.000000000000076,0.0,22.316815400773988,35.606851504583378,21.00000000000005,30.000000000000076,1059.9604143070522,21.5550234475507,31.858473353182157,21.333333333333383,30.000000000000076,0.0,21.03140019208998,33.052557494168947,16.00000000000004,30.000000000000076,0.0,17.503247001298026,39.39155094512517,12.000000000000032,30.000000000000076,0.0,20.403471817619406,33.93966811423775,19.00000000000005,30.000000000000076,0.0,19.306423097409608,36.19786914591021,10.000000000000025,30.000000000000076,1287.5281153961856,18.986844392883435,36.23096459923666,20.700000000000054,30.000000000000076,0.0,18.253056130856725,38.19574650719958,16.00000000000004,30.000000000000076,0.0,19.731012155591999,0.0,0.0,0.0,17.79867191878461,0.0,0.0,682.4382587064197,936.6456620383617,649.728702173673,658.463305743057,582.3023026567934,636.708117929648,630.7096647676682,596.9298846038352,610.3049238008368,9597.723032744892,81.6587404242377,82.42306511368882,240.0000000000006,0.0,240.0000000000006,240.0000000000006,21.0,16.0,19.0,16.0,19.7,12.0,21.0,10.0,1.0,0.0,0.0,0.0,1059.9604143070522,0.0,0.0,0.0,1287.5281153961856,0.0,1156.7281148427638,694036.8689056584,909113.9703585743,81.6587404242377,82.43604588429953,0.34077982605031528,0.7698113457942885,0.36028137401966056,82.43604588429953,0.3542647819438884,909113.9703585743,0.05487392645864588 
 04/08  18:50:00,9.350000000000002,61.0,4.0183333333333339,0.0,0.0,0.0,0.0,0.0,0.0,0.0,0.0,4.0,0.0,0.0,0.0,3156.0,0.0,0.0,0.0,0.0,0.0,0.0,0.0,0.0,0.0,0.0,0.0,21.316537721146508,-861.5516566331594,22.122729896368996,-182.8138729161658,21.046232592675254,-141.64065888819895,20.648106223129106,-16.622843929120806,17.45243879748098,23.803125063585545,20.407551915821104,-120.11719171272618,18.949889602835495,116.41739724863823,19.25183331404189,-86.90311282050371,18.21777598390758,-99.228483550394,655.836880029547,565.6840266437313,0.0,0.0,0.0,0.0,0.0,0.0,0.0,0.0,0.0,0.0,0.0,0.0,0.0,0.0,0.0,0.0,0.0,0.0,0.0,0.0,0.0,0.0,1.1277909343802278,0.3442585269780918,230.71945476079817,273.6717676779246,5836.054531435787,0.0025233910801331709,0.0003851329487382743,35.36298534024517,41.904953976652297,916.8972370595179,1.517308595927212,0.2867174217549534,293.6846845918881,349.49004375766017,7058.8742232175559,0.27504469684618279,0.05197367665271786,179.2248466049701,213.62064219541728,4163.97805771838,0.0,0.0,8.92263474681235,10.758129832503855,148.05857477897343,0.0,0.0,64.57609212486232,77.11493309968943,1423.754630967835,0.0,0.0,249.45374206659205,298.8858487922665,5017.088532441279,0.0,0.0,22.84862385221504,27.22739378632131,521.8507264135069,0.0,0.0,157.69301455081587,189.68650066344956,2816.4174578610816,32.872075104714429,22.54600487291801,296.3125313483988,354.37913153514168,6934.144844551542,0.0,0.0,162.2526016512718,195.45220179387693,2768.3923149246436,1360.4216678381313,21.786599567274775,31.717549560941906,21.666666666666687,30.00000000000002,0.0,22.318499425805205,35.599302146859077,21.000000000000015,30.00000000000002,716.575328958665,21.272214121126149,32.616262435413997,21.33333333333335,30.00000000000002,0.0,20.877527852550107,33.4709900476246,16.000000000000015,30.00000000000002,0.0,17.4961113504489,39.873286770874958,12.00000000000001,30.00000000000002,0.0,20.28410240396578,34.50382805311622,19.000000000000015,30.00000000000002,0.0,19.288589184102958,36.4675491610618,10.000000000000007,30.00000000000002,842.3340725054442,20.67710917472764,32.974461815075809,20.700000000000015,30.00000000000002,0.0,18.14033866890943,38.85844501795951,16.000000000000015,30.00000000000002,0.0,19.803794867360155,0.0,0.0,0.0,17.717812235300895,0.0,0.0,663.3521613175251,931.6149617280851,657.8764675528528,661.9136052713486,601.7166765135953,651.5726139353865,640.7712282029478,616.2585880403038,627.0269978435243,9995.285352121075,81.39582484614376,83.68680286185944,240.00000000000018,0.0,240.00000000000018,240.00000000000018,21.0,16.0,19.0,16.0,19.7,12.0,21.0,10.0,1.0,0.0,1360.4216678381313,0.0,716.575328958665,0.0,0.0,0.0,842.3340725054442,0.0,3467.1665273283686,2080299.9163970196,2696051.6231058568,81.39582484614376,83.72571127409134,0.3422388842442792,0.767686228587593,0.3602813740196598,83.72571127409134,0.3542647819438878,2696051.6231058568,0.14774135106817119 
 04/08  19:00:00,9.13,62.0,3.87,0.0,0.0,0.0,0.0,0.0,0.0,0.0,0.0,4.0,0.0,0.0,0.0,4208.0,0.0,0.0,0.0,0.0,0.0,0.0,0.0,0.0,0.0,0.0,0.0,20.909966830400216,-227.7331599543038,22.096477198096026,-198.83498588729737,20.96835468536214,-505.79759528489788,20.611251286530338,184.97103703167114,17.460278125059994,21.72459875621047,20.30210588890739,-102.97285514486123,18.922931112916893,43.6884461970385,18.913146761832296,-54.3087872602496,18.15606414137516,-103.90093041648584,605.8937493431658,604.7412535182805,0.0,0.0,0.0,0.0,0.0,0.0,0.0,0.0,0.0,0.0,0.0,0.0,0.0,0.0,0.0,0.0,0.0,0.0,0.0,0.0,0.0,0.0,1.2356730096141687,0.37718956337428835,190.6285358831284,227.18264508167176,4655.107114783155,0.0027648831610010296,0.0004219907144384966,38.085398478674758,45.13670248116037,1004.1470861070202,1.3170941597141739,0.24888400599285236,253.6165551458874,302.15255083597597,6194.345409297166,0.2796720970445907,0.05284809090033835,199.63968344119497,238.14036394555186,4723.336878277329,0.0,0.0,8.490434276048973,10.242898020816373,144.68886420545005,0.0,0.0,62.89340723507162,75.16000858822885,1402.9696856050489,0.0,0.0,248.740718515661,298.2778230918638,5076.38368377641,0.0,0.0,25.628384900413026,30.658439339677679,562.6325924791229,0.0,0.0,164.60034985682928,198.17035750554926,2986.8883521351128,32.799389057001807,22.49615161659932,261.5162984631971,313.11182482829767,6315.615605235912,0.0,0.0,168.00621338524014,202.57340959321568,2908.584376602776,108.14454428464107,21.209738344679115,33.20973370867785,21.0,30.0,0.0,22.315550559280728,35.688930348514279,21.0,30.0,79.34144429754856,21.265984553879805,32.47477320183916,21.0,30.0,0.0,20.880794943069458,33.571751492893827,16.0,30.0,0.0,17.495745068123197,40.20561012445425,12.0,30.0,0.0,20.188993821117959,34.872828883483659,19.0,30.0,0.0,19.210909642614806,36.78062191292071,10.0,30.0,54.233147841727099,19.973758899929878,34.80653014013903,19.7,30.0,0.0,18.0562797097714,39.30689719058282,16.0,30.0,0.0,19.632726446749744,0.0,0.0,0.0,17.61823098208741,0.0,0.0,680.8058110932839,933.4864928556053,648.2406036069865,665.6616787091392,615.3192692437683,658.8972146576659,646.2843479011372,633.3955178148797,636.9153608974484,2574.299070048678,81.48318743287428,81.48318743287428,240.0,0.0,240.0,240.0,21.0,16.0,19.0,16.0,19.7,12.0,21.0,10.0,1.0,0.0,108.14454428464107,0.0,79.34144429754856,0.0,0.0,0.0,54.233147841727099,0.0,0.0,0.0,0.0,81.48318743287428,81.48318743287428,0.085,0.15466290069136799,0.09007034350491489,81.48318743287428,0.08856619548597188,0.0,0.0074933333333333349 
 04/08  19:10:00,8.901666666666668,63.16666666666667,3.79,0.0,0.0,0.0,0.0,1.0,2.0,0.0,0.0,4.0,0.0,0.0,0.0,4212.0,0.0,0.0,0.0,0.0,0.0,0.0,0.0,0.0,0.0,0.0,0.0,21.22203779993977,-347.7505161850456,22.07279955982121,-141.64823526692849,21.26289237851248,-1043.277093277326,20.74688652315028,390.46150312218517,17.468280569908388,20.77790547044745,20.31646454181893,-27.029264696511676,18.854591528213676,53.428965531791167,19.268198261246959,-107.98945335792843,18.081909423395194,-138.98391633592997,704.0713335730329,649.0458557967058,0.0,0.0,0.0,0.0,0.0,0.0,0.0,0.0,0.0,0.0,0.0,0.0,0.0,0.0,0.0,0.0,0.0,0.0,0.0,0.0,0.0,0.0,1.236372562446336,0.3774031020898462,102.63378127288935,122.04624623054328,2663.735692172817,0.10179062920331714,0.015535810317966595,26.945379304737956,31.928504942259904,725.8958559883739,1.2442844540527019,0.23512555821101709,292.28527426153678,347.62069499225296,7567.559733248096,0.31863739113492459,0.060211147228821707,301.31999862070679,359.0965311319437,7423.2770268171539,0.0,0.0,8.751024454347876,10.557674095498057,153.2047336779824,0.0,0.0,10.830992800429499,12.937986953827109,248.4020979116874,0.0,0.0,202.3766142784226,242.76825848845184,4183.021858754162,0.0,0.0,32.916820820170418,39.2968801963344,769.23359782331,0.0,0.0,165.71430023086124,199.5746451392802,3048.3801944770068,33.41557429125696,22.91877523405828,299.59608313675479,358.6825720099296,7336.045326205032,0.0,0.0,169.66770056369217,204.6559348816719,2971.190027201088,604.2313583124131,21.707208681278439,32.56283432170513,21.5,30.0,0.0,22.32112188540049,36.32889240494694,21.0,30.0,1390.9082972566994,21.72427269713355,31.50828911043198,21.5,30.0,0.0,21.17103901545036,33.06420073983244,16.0,30.0,0.0,17.49571724114353,40.55926413383206,12.0,30.0,0.0,20.272951818449387,36.46594116109729,19.0,30.0,0.0,19.10801156067265,37.34484301581897,10.0,30.0,741.1079809664688,20.512622158547179,34.78625120399849,20.45,30.0,0.0,17.947357560610344,40.033675555087608,16.0,30.0,0.0,19.82915671105907,0.0,0.0,0.0,17.483210240103536,0.0,0.0,695.5751675922194,966.5801434101329,640.6482237382667,666.3408623488581,629.6840656009026,763.3178264658383,659.8198919356725,700.2524324453827,656.3625180711198,7738.669201422857,81.21816532965518,82.98050847228902,270.0,0.0,270.0,270.0,21.0,16.0,19.0,16.0,19.7,12.0,21.0,10.0,1.0,0.0,604.2313583124131,0.0,1390.9082972566994,0.0,0.0,0.0,741.1079809664688,0.0,2667.0620621316227,1600237.2372789735,2094021.3726197882,81.21816532965518,83.01043890942865,0.25890206873772078,0.5748639455555817,0.27021103051474468,83.01043890942865,0.2656985864579156,2094021.3726197882,0.11725911137622898 
 04/08  19:20:00,8.673333333333334,64.33333333333334,3.7100000000000006,0.0,0.0,0.0,0.0,1.0,2.0,0.0,0.0,4.0,0.0,0.0,0.0,3162.0,0.0,0.0,0.0,0.0,0.0,0.0,0.0,0.0,0.0,0.0,0.0,21.06330857300582,-114.66653212572749,22.0440607148156,-198.87213511317277,21.395581842514635,-1281.8772363561084,20.754166228894336,204.11109889011665,17.478283612284398,18.28795360026367,20.382872728665228,-6.845769343759208,18.739916702534335,-9.933421978989824,19.165409080674416,-73.07623212362043,18.018629645831049,-126.40995751637391,714.4524739260407,629.3416967201217,0.0,0.0,0.0,0.0,0.0,0.0,0.0,0.0,0.0,0.0,0.0,0.0,0.0,0.0,0.0,0.0,0.0,0.0,0.0,0.0,0.0,0.0,1.3798443060849984,0.4211978956303412,197.20654107367586,234.412462541961,5103.645422372081,0.037927215854596799,0.005788647108454944,37.909343729064747,44.917412190903657,1034.3331931718136,1.227156588400054,0.23188900007559597,316.03524006011846,375.2056447380231,8366.493943628037,0.27631124170822238,0.05221300863723019,206.05149790441249,245.3347074751003,5176.790769568417,0.0,0.0,7.7481884963260569,9.34561576012723,139.32806924774958,0.0,0.0,11.827483637328914,14.11020938075529,280.40611531360636,0.0,0.0,189.022908351833,226.87907059582413,3916.6352885628887,0.0,0.0,29.029108717252087,34.694402406920477,669.8398652114206,0.0,0.0,159.64432813361283,192.29308544770078,2986.4488808325706,33.250429929141898,22.805507495982096,321.7273354962993,384.41731496806997,8070.438563922229,0.0,0.0,163.6423274505772,197.48131651180874,2886.355722559822,440.0608369309625,21.331026706500066,33.12246847528627,21.333333333333326,29.99999999999999,0.0,22.302278181499717,36.22583522678201,20.999999999999994,29.99999999999999,1890.4281150024513,21.769159423522884,31.512493962298085,21.666666666666658,29.99999999999999,0.0,21.14728397571603,32.92894117066119,15.999999999999993,29.99999999999999,0.0,17.499868036668496,40.94287334306843,11.999999999999995,29.99999999999999,0.0,20.43194178917593,38.73342420490961,18.999999999999994,29.99999999999999,0.0,18.891858611529466,38.107580670257878,9.999999999999997,29.99999999999999,440.6808075597542,20.116648351360366,36.448710254326559,19.699999999999993,29.99999999999999,0.0,17.867159354385764,40.517340209103569,15.999999999999993,29.99999999999999,0.0,19.8430987570457,0.0,0.0,0.0,17.308878303515685,0.0,0.0,682.9149493441346,955.9019704031035,643.4543375158623,655.2163607041159,646.3648160001383,913.016599255194,671.3375358371775,742.3155185169067,668.6031320713146,9720.931998042677,81.5770945962162,84.06361385389397,269.9999999999999,0.0,269.9999999999999,269.9999999999999,21.0,16.0,19.0,16.0,19.7,12.0,21.0,10.0,1.0,0.0,440.0608369309625,0.0,1890.4281150024513,0.0,0.0,0.0,440.6808075597542,0.0,3762.7780073606766,2257666.804416407,2921465.7322078275,81.5770945962162,84.10584320556677,0.3520926002453558,0.7682390138140731,0.36028137401965945,84.10584320556677,0.35426478194388735,2921465.7322078275,0.16042121807480706 
 04/08  19:30:00,8.445,65.5,3.63,0.0,0.0,0.0,0.0,1.0,2.0,0.0,0.0,4.0,0.0,0.0,0.0,4216.0,0.0,0.0,0.0,0.0,0.0,0.0,0.0,0.0,0.0,0.0,0.0,20.98948483923357,-277.5726825880861,22.003409362350938,-186.49494637500954,21.011535969577765,-410.9568789076386,20.71689643439509,40.58850904546057,17.486736193720419,17.01990355647429,20.418990880442125,-14.364103449589607,18.684907165119634,32.27355629809949,19.36828790524048,-124.60802370955276,17.950467143220057,-158.16472473696423,686.5525128667916,673.423792442909,0.0,0.0,0.0,0.0,0.0,0.0,0.0,0.0,0.0,0.0,0.0,0.0,0.0,0.0,0.0,0.0,0.0,0.0,0.0,0.0,0.0,0.0,1.3102369852679095,0.39995023970326906,174.99903924424675,208.41531892583419,4562.064848139024,0.02911738648339487,0.004444045556073698,36.7689822076024,43.599215453715277,1017.3633782382862,1.4512312637338732,0.27423115338886508,234.17956802546969,279.1054328887484,6055.259512385425,0.27469055244791087,0.05190675594253794,153.04689760060965,182.54553515466237,3901.191232541127,0.0,0.0,8.053343625844664,9.716595155980207,148.59496959935189,0.0,0.0,12.543793177736456,14.963516717526194,305.4662118678672,0.0,0.0,188.2791318594308,226.11929992569623,3958.2049306736428,0.0,0.0,34.76098308720637,41.49843658666882,843.3351342353913,0.0,0.0,158.07294106394063,190.5157062542237,3000.8751391531129,33.21547337333265,22.78153180612665,236.1777811199357,282.95919026085388,6124.383665345287,0.0,0.0,162.3600925989079,196.08833005835687,2891.5426370953557,109.09191554747541,21.3259645154937,33.15518023498884,21.0,30.0,0.0,22.266221101621164,36.05695133909749,21.0,30.0,0.0,21.218551743785278,32.854017908556887,21.0,30.0,0.0,21.07873214905778,33.26693811654481,16.0,30.0,0.0,17.501936380808947,41.33988529195011,12.0,30.0,0.0,20.527675798451769,40.3498964663716,19.0,30.0,0.0,18.813533026927638,38.51224925088047,10.0,30.0,315.4686798089674,20.486617712249175,35.88480895293553,20.2,30.0,0.0,17.77295122082141,41.160763531958057,16.0,30.0,0.0,19.63565268989958,0.0,0.0,0.0,17.161972847296395,0.0,0.0,683.1079489168885,940.5994369421193,656.0569996701772,663.8301151441431,663.7343288632624,1013.9984016777764,680.951147134341,753.1553790163641,686.3029088207193,5824.728375338318,82.80391880160727,82.80391880160727,270.0,0.0,270.0,270.0,21.0,16.0,19.0,16.0,19.7,12.0,21.0,10.0,1.0,0.0,109.09191554747541,0.0,0.0,0.0,0.0,0.0,315.4686798089674,0.0,0.0,0.0,0.0,82.80391880160727,82.80391880160727,0.255,0.5393579835712437,0.27021103051474468,82.80391880160727,0.2656985864579156,0.0,0.00864 
 04/08  19:40:00,8.216666666666667,66.66666666666667,3.55,0.0,0.0,0.0,0.0,1.0,2.0,0.0,0.0,4.0,0.0,0.0,0.0,4220.0,0.0,0.0,0.0,0.0,0.0,0.0,0.0,0.0,0.0,0.0,0.0,21.25839756909202,-927.2804349556125,21.96277309478114,-178.1296149283744,21.25625009690677,-484.2126836532091,20.580187547885495,181.51287205796258,17.496165256294554,16.58871606850726,20.425508056377525,-30.47400351943459,18.69924500434144,79.01832746943734,19.126664818206956,-74.95158812565552,17.868363726477999,-185.0307403623347,706.5243401412315,668.4700340922543,0.0,0.0,0.0,0.0,0.0,0.0,0.0,0.0,0.0,0.0,0.0,0.0,0.0,0.0,0.0,0.0,0.0,0.0,0.0,0.0,0.0,0.0,1.2033609725771824,0.3673263042054892,223.78735527117324,266.38803669595827,6045.225388718991,0.06907332787888143,0.010542327209841492,31.5750586128313,37.45735213112455,887.1514738187291,1.828116057237049,0.3454489904076059,302.75181146976549,359.99863770440609,8197.38191064805,0.3167251016221119,0.05984979244559939,219.89147472560269,262.06114776788618,5614.859536238613,0.0,0.0,8.590290589429939,10.364091725430799,162.59144314232089,0.0,0.0,12.752310025835126,15.209842837374769,317.3917042009433,0.0,0.0,202.7804640881461,243.4895426933839,4378.10157277996,0.0,0.0,26.29506158025835,31.460410320339247,620.5519350066281,0.0,0.0,162.8597830631035,196.35825202629366,3130.3134793056249,33.34664958435277,22.871501772532779,305.60288611736868,365.81281895136558,7869.39262204343,0.0,0.0,165.8605319067086,200.42128077445975,2980.6562627698069,1440.9668705675254,21.75807937676758,32.18128977369856,22.000000000000008,30.00000000000001,0.0,22.228717247898915,36.32605649419978,21.000000000000008,30.00000000000001,1202.042309906939,21.552219737659997,32.56496283195211,21.500000000000008,30.00000000000001,0.0,20.87139499930924,34.12333237024547,16.000000000000008,30.00000000000001,0.0,17.506829594380958,41.769899352461468,12.000000000000004,30.00000000000001,0.0,20.566796691334788,41.422390799321217,19.000000000000008,30.00000000000001,0.0,18.865731288028245,38.716043465475049,10.000000000000004,30.00000000000001,383.95499617422038,19.907575954941039,37.66988773553631,19.950000000000008,30.00000000000001,0.0,17.65701171888758,42.012019257776177,16.000000000000008,30.00000000000001,0.0,19.68328459784404,0.0,0.0,0.0,17.00602390103338,0.0,0.0,673.8609097850665,948.7930434053512,671.9865779089462,682.5572259581322,682.3260848972816,1077.3322395507367,694.2392324096693,778.9537370610078,709.1369087199594,9502.856231108317,81.72145779206058,83.45302226366209,270.0000000000001,0.0,270.0000000000001,270.0000000000001,21.0,16.0,19.0,16.0,19.7,12.0,21.0,10.0,1.0,0.0,1440.9668705675254,0.0,1202.042309906939,0.0,0.0,0.0,383.95499617422038,0.0,2620.5296578895315,1572317.7947337188,2040328.4947218132,81.72145779206058,83.48242997678944,0.34235098859631787,0.769706684501271,0.36028137401965967,83.48242997678944,0.35426478194388769,2040328.4947218132,0.11487208172553427 
 04/08  19:50:00,7.988333333333333,67.83333333333333,3.47,0.0,0.0,0.0,0.0,1.0,2.0,0.0,0.0,4.0,0.0,0.0,0.0,4220.0,0.0,0.0,0.0,0.0,0.0,0.0,0.0,0.0,0.0,0.0,0.0,21.298299700192439,-767.2498621190744,21.944799949128769,-158.67894735810939,21.13362944904236,-314.6164664489547,20.60758674178136,145.50360792230596,17.508184075420748,18.0681788727654,20.408670717893729,-31.86530156167808,18.70220728540368,13.667623948870187,19.42009879631619,-138.60132407861068,17.79884469168605,-160.0323372052976,737.4133459042328,813.0616951969239,0.0,0.0,0.0,0.0,0.0,0.0,0.0,0.0,0.0,0.0,0.0,0.0,0.0,0.0,0.0,0.0,0.0,0.0,0.0,0.0,0.0,0.0,1.2624333485916093,0.3853581650157537,226.2311041957236,269.2642412430237,6254.845873918722,0.08152372186436044,0.012442570492118504,31.496591496936405,37.35145544911157,899.9580193344687,1.8058983716820488,0.3412506371281273,307.0084995212847,365.5370667311723,8378.473565341892,0.31448148592785715,0.05942582878455348,234.3417340228359,279.3636167725736,6112.789705340002,0.0,0.0,8.685426000420682,10.48007427356022,168.6133708170575,0.0,0.0,12.894543204078696,15.378576126152499,326.9036646366717,0.0,0.0,214.9415808413434,258.1496197995962,4733.38875510637,0.0,0.0,36.27570806863391,43.31545177384306,913.993692588336,0.0,0.0,180.35538818253617,217.55063696397429,3520.593592671661,33.53636158254631,23.001619741115449,314.3938518541881,376.54418524138648,8277.195268633073,0.0,0.0,184.7986907492969,223.29489577448559,3427.236868019014,675.6257347455446,21.62627553608253,32.98479144895672,21.5,30.0,0.0,22.230467765884755,37.03519482733688,21.0,30.0,0.0,21.476571940132275,32.70645671531713,21.0,30.0,0.0,20.93340958372081,34.14220400264196,16.0,30.0,0.0,17.517162171755247,42.20622692841448,12.0,30.0,0.0,20.567106905487287,42.22946844623385,19.0,30.0,0.0,18.848589691307443,39.15718039732009,10.0,30.0,400.73894641899497,20.483826685032118,36.59839917048665,20.2,30.0,0.0,17.571133618339169,42.642640004383839,16.0,30.0,0.0,19.7688887304301,0.0,0.0,0.0,17.06238812508486,0.0,0.0,700.7707445836236,986.6512271435494,670.3396467502452,688.2048286237289,701.3025407603562,1120.4463583752745,711.5715888683003,788.7717992458199,724.958665056121,4712.8331440140359,81.48830041083159,81.48830041083159,270.0,0.0,270.0,270.0,21.0,16.0,19.0,16.0,19.7,12.0,21.0,10.0,1.0,0.0,675.6257347455446,0.0,0.0,0.0,0.0,0.0,400.73894641899497,0.0,0.0,0.0,0.0,81.48830041083159,81.48830041083159,0.17,0.38586357327219447,0.18014068700982978,81.48830041083159,0.17713239097194376,0.0,0.00891 
 04/08  20:00:00,7.76,69.0,3.39,0.0,0.0,0.0,0.0,1.0,2.0,0.0,0.0,4.0,0.0,0.0,0.0,2112.0,0.0,0.0,0.0,0.0,0.0,0.0,0.0,0.0,0.0,0.0,0.0,21.112298394383524,-345.0535735296612,21.904184765991347,-205.10700862583065,21.319293241993905,-1032.3484463284986,20.594464415823034,144.46366986762588,17.519928922985366,16.892099835983048,20.392320623507794,-13.605399089351238,18.58262518931204,-34.24105289969293,18.992622593952605,-72.04196417522985,17.75016730245596,-150.19942452308124,721.9122083631764,778.3645088560356,0.0,0.0,0.0,0.0,0.0,0.0,0.0,0.0,0.0,0.0,0.0,0.0,0.0,0.0,0.0,0.0,0.0,0.0,0.0,0.0,0.0,0.0,1.419959849344019,0.43344317745543939,213.40797492930398,253.716579115436,5898.840474642713,0.03916893434067906,0.005978164581910723,39.9134546444229,47.28415030831559,1153.4054372207293,1.5431089270154229,0.2915927677655751,295.68269476600536,351.13271259277016,8339.603674099264,0.29035426911604025,0.05486664193424795,210.0575126196027,250.34297238306068,5570.520180805957,0.0,0.0,7.755835271593497,9.349459189917976,154.35442222615854,0.0,0.0,13.261920601724988,15.795300356578226,342.5138651734785,0.0,0.0,199.6615755064763,239.7420580542784,4409.707664945661,0.0,0.0,32.13849559601984,38.44478508843952,776.7026004816357,0.0,0.0,171.9122546696849,207.20530860136359,3418.6602882250679,33.34971616644019,22.87360505242812,305.7907470128882,365.7266931144494,8161.8597122933119,0.0,0.0,176.22687831762196,212.8592542424456,3292.1774900473185,671.5502712581177,21.351094339678065,33.645127803773409,21.5,30.0,0.0,22.183299408448087,36.75182330845063,21.0,30.0,1668.8408723931557,21.678723220146133,32.3187761405676,21.5,30.0,0.0,20.929616024650174,34.13873166212236,16.0,30.0,0.0,17.526947545630976,42.69852141042067,12.0,30.0,0.0,20.570790698616088,43.15955178280204,19.0,30.0,0.0,18.637645995511364,39.872395491607729,10.0,30.0,121.26089201231155,19.712312236332747,38.554308248884478,19.7,30.0,0.0,17.518151749819418,42.99557432594983,16.0,30.0,0.0,19.665895832565768,0.0,0.0,0.0,16.891155953641559,0.0,0.0,704.8069297045647,964.2305274334932,669.1275690421533,686.6921713560626,723.0216670613797,1167.66767597345,720.3377358736698,796.4984310153909,733.2980913758129,8548.414202460466,82.35244058103238,82.35244058103238,270.0,0.0,270.0,270.0,21.0,16.0,19.0,16.0,19.7,12.0,21.0,10.0,1.0,0.0,671.5502712581177,0.0,1668.8408723931557,0.0,0.0,0.0,121.26089201231155,0.0,0.0,0.0,0.0,82.35244058103238,82.35244058103238,0.34,0.7695271314203538,0.36028137401965956,82.35244058103238,0.3542647819438875,0.0,0.009045000000000001 
 04/08  20:10:00,7.621666666666666,69.83333333333333,3.4316666666666668,0.0,0.0,0.0,0.0,0.0,2.0,0.0,0.0,4.0,0.0,0.0,0.0,3169.0,0.0,0.0,0.0,0.0,0.0,0.0,0.0,0.0,0.0,0.0,0.0,21.291773698526585,-346.96312234999308,21.86483106197726,-180.64910912122424,20.977300039835023,-611.7113840416199,20.567833875573848,150.2133555000043,17.52798608670856,13.763139486818205,20.46963739331573,-25.803952602630525,18.556318297150268,29.60385086634384,18.718210047751826,-46.44610901658276,17.688892494450678,-202.2885100311863,750.1127232934607,728.4754851964353,0.0,0.0,0.0,0.0,0.0,0.0,0.0,0.0,0.0,0.0,0.0,0.0,0.0,0.0,0.0,0.0,0.0,0.0,0.0,0.0,0.0,0.0,1.3714778418372916,0.4186440298648631,196.073192332377,233.32506332407744,5480.964217240019,0.06459230846485428,0.009858410937859325,36.20420051969077,42.94268246072595,1054.50120946338,1.7160991259520389,0.324281769832207,291.41761900163058,347.2823801797151,7962.05473766598,0.30090853062936759,0.056861022416736118,210.57413214157186,251.16719077363968,5633.779996293172,0.0,0.0,8.032264056770043,9.688586556542682,162.17232276015933,0.0,0.0,13.644643775049579,16.258683797164637,359.1452434908939,0.0,0.0,198.28923485010876,238.2645381040889,4425.684112763865,0.0,0.0,24.412195701728387,29.276331717405577,574.9226817576987,0.0,0.0,162.48789424709907,196.03168606607287,3250.3215217159988,33.65693829033907,23.084319815047384,295.4955534020115,353.83850837523689,8041.93819239543,0.0,0.0,165.58338618336757,200.30621791480878,3059.700541964051,523.4797241288759,21.56709786477736,33.35431559891506,21.333333333333337,30.0,0.0,22.144173534979946,36.685036428444337,21.0,30.0,174.64015470897207,21.15004257599051,33.432902954026449,21.0,30.0,0.0,20.903400443052605,34.25400905305942,16.0,30.0,0.0,17.530545826287307,43.04685696708302,12.0,30.0,0.0,20.683366902613636,43.357825667299959,19.0,30.0,0.0,18.618269439022794,40.09671610697458,10.0,30.0,0.0,19.23303046291204,39.1157316717321,12.0,30.0,0.0,17.43585527411387,43.44139909429486,16.0,30.0,0.0,19.71260354751658,0.0,0.0,0.0,16.64704873493161,0.0,0.0,713.4637420730134,955.6510018530478,671.4107758718408,688.7450041860095,737.8929138808318,1191.7724615918442,727.1285990897002,760.2763675005239,741.9099529533033,5313.125642887955,83.12706821002722,83.12706821002722,570.0,0.0,570.0,570.0,21.0,16.0,19.0,16.0,12.0,12.0,21.0,10.0,1.0,0.0,523.4797241288759,0.0,174.64015470897207,0.0,0.0,0.0,0.0,0.0,0.0,0.0,0.0,83.12706821002722,83.12706821002722,0.22666666666666669,0.46112080652948397,0.24018758267977304,83.12706821002722,0.236176521295925,0.0,0.019379999999999999 
 04/08  20:20:00,7.483333333333333,70.66666666666667,3.4733333333333338,0.0,0.0,0.0,0.0,0.0,2.0,0.0,0.0,4.0,0.0,0.0,0.0,4228.0,0.0,0.0,0.0,0.0,0.0,0.0,0.0,0.0,0.0,0.0,0.0,21.315265457858396,-138.91742475513275,21.840293922858537,-150.4202649848811,21.458757060245149,-1305.262686279076,20.63809148084016,359.8157581056703,17.535294716452179,13.913146687246553,20.538784311461407,-35.95480953067013,18.550470642849914,20.85428797444547,18.435768281946048,-21.184506803728654,17.605054669793839,-218.6454872727279,793.1976390212765,754.2809838109936,0.0,0.0,0.0,0.0,0.0,0.0,0.0,0.0,0.0,0.0,0.0,0.0,0.0,0.0,0.0,0.0,0.0,0.0,0.0,0.0,0.0,0.0,1.4295660460825329,0.43637547194216516,201.3443339528667,239.95562632047214,5680.172566325674,0.12618156406906143,0.019258480474520974,32.35769678820973,38.40861727064371,952.5521745862741,1.5987407063566624,0.30210519772423718,354.3539489494747,421.4915107150586,10241.81991864117,0.3181492844025132,0.06011891239654443,258.0420546521809,307.63658996746599,7069.916255613092,0.0,0.0,8.310530568761879,10.027244495367029,170.20054178917935,0.0,0.0,13.988939022107186,16.67065453996648,375.0600128689962,0.0,0.0,206.59571369585715,248.35192293169906,4666.032391009679,0.0,0.0,17.782931836861509,21.370969445640776,407.7675474527263,0.0,0.0,166.83189198941452,201.43599589803064,3346.6526796235318,34.12780046039754,23.40727054896951,355.89454735098516,426.0246122543501,9811.372155915831,0.0,0.0,169.27763735602864,204.94253396279619,3137.9754766809999,0.0,21.41846941900489,33.54562334218659,21.0,30.0,0.0,22.128900830693096,36.95149886044193,21.0,30.0,1735.4588186060856,21.812806999654535,32.23040407881672,21.5,30.0,0.0,21.069668740710193,33.871229915455689,16.0,30.0,0.0,17.53459072719742,43.32959896705246,12.0,30.0,0.0,20.793531954716785,43.308444149876738,19.0,30.0,0.0,18.611177157789095,40.23894753318417,10.0,30.0,0.0,18.774939038671758,39.98852729096086,12.0,30.0,0.0,17.321031778306656,43.91871051354991,16.0,30.0,0.0,19.779472932038943,0.0,0.0,0.0,16.534421502734078,0.0,0.0,706.0195271981642,968.0330517216546,676.388555345922,685.1157637115632,749.6524033010604,1201.65765436578,731.1885378291333,743.600190041146,746.6351296675487,3925.6990587276115,83.13401750159757,83.13401750159757,570.0,0.0,570.0,570.0,21.0,16.0,19.0,16.0,12.0,12.0,21.0,10.0,1.0,0.0,0.0,0.0,1735.4588186060856,0.0,0.0,0.0,0.0,0.0,0.0,0.0,0.0,83.13401750159757,83.13401750159757,0.17,0.3856177768490985,0.18014068700982978,83.13401750159757,0.17713239097194376,0.0,0.019411666666666669 
 04/08  20:30:00,7.345,71.5,3.515,0.0,0.0,0.0,0.0,0.0,2.0,0.0,0.0,4.0,0.0,0.0,0.0,2116.0,0.0,0.0,0.0,0.0,0.0,0.0,0.0,0.0,0.0,0.0,0.0,20.97939211476099,-204.71769443015956,21.82432153246794,-165.22599964510438,21.151048404319746,-697.269095995216,20.587260805485536,-16.551528205188789,17.543264785625845,13.729301843876926,20.58812439988214,-33.99291322717448,18.51179637815381,-9.552178667348926,18.21840610368743,-10.168028979493102,17.526817239146369,-210.98736044318458,834.0437631372106,786.7647046768093,0.0,0.0,0.0,0.0,0.0,0.0,0.0,0.0,0.0,0.0,0.0,0.0,0.0,0.0,0.0,0.0,0.0,0.0,0.0,0.0,0.0,0.0,1.4319434045145894,0.43710116132923979,208.22923427952257,247.88106736540335,5792.399393926455,0.07523489656405506,0.011482737570826477,36.49342203666987,43.253387570215149,1082.4586164123137,1.8177395707332527,0.3434882030864046,382.55807421217676,455.21800717805629,10818.423898050627,0.29207399036891226,0.05519160815739081,229.97392552833856,274.10444907978788,6306.724258402766,0.0,0.0,8.058009457452722,9.712655613917797,167.43695952443177,0.0,0.0,14.350840352233144,17.074972204308005,391.1558063672298,0.0,0.0,209.04931400638788,251.10705731889926,4755.119031215074,0.0,0.0,13.965964713383814,16.78644619355784,314.8936780303361,0.0,0.0,168.86581367327228,203.76002655166446,3401.9274955020466,34.20927021374624,23.46314829475051,377.2737066553701,451.2634584503668,10371.633185755014,0.0,0.0,171.00138889092083,206.89464481899572,3184.781350830318,213.2855092213885,21.112246982571557,34.20970486181416,21.0,30.0,0.0,22.124651823686827,37.13418425876779,21.0,30.0,1145.8295902831229,21.363916234122774,33.185588382701428,21.5,30.0,0.0,20.932761855246093,34.14053784562476,16.0,30.0,0.0,17.541096049709517,43.59940802356914,12.0,30.0,0.0,20.876773514970347,43.31735811626717,19.0,30.0,0.0,18.54736242201549,40.51773833103212,10.0,30.0,0.0,18.437936593475948,40.81648702614146,12.0,30.0,0.0,17.218759875718527,44.28578267913343,16.0,30.0,0.0,19.8459930519832,0.0,0.0,0.0,16.433365837666594,0.0,0.0,706.3623501945708,976.9154814117243,678.6919568225321,682.8861582100692,760.8365490516017,1208.856687855584,735.4596423082844,740.171163160468,748.4637523406757,8126.939697735433,82.63124597696825,82.63124597696825,570.0,0.0,570.0,570.0,21.0,16.0,19.0,16.0,12.0,12.0,21.0,10.0,1.0,0.0,213.2855092213885,0.0,1145.8295902831229,0.0,0.0,0.0,0.0,0.0,0.0,0.0,0.0,82.63124597696825,82.63124597696825,0.34,0.7701161721369563,0.36028137401965956,82.63124597696825,0.3542647819438875,0.0,0.019443333333333335 
 04/08  20:40:00,7.206666666666666,72.33333333333333,3.5566666666666668,0.0,0.0,0.0,0.0,0.0,2.0,0.0,0.0,4.0,0.0,0.0,0.0,4232.0,0.0,0.0,0.0,0.0,0.0,0.0,0.0,0.0,0.0,0.0,0.0,21.331685023467764,-646.2059237894666,21.80005162928714,-168.08614578333403,21.065309242127819,-483.92029409281488,20.47850789169223,238.99988675835085,17.549300541498647,13.32777862112924,20.611492656215704,-45.71158443686198,18.503210846978825,17.3565579281169,18.085158709584954,-12.06865254405669,17.46109854197441,-227.40521964508458,758.1315589960373,823.6003067558772,0.0,0.0,0.0,0.0,0.0,0.0,0.0,0.0,0.0,0.0,0.0,0.0,0.0,0.0,0.0,0.0,0.0,0.0,0.0,0.0,0.0,0.0,1.381748441378604,0.42177913350995246,208.14146002554333,247.74383047595058,6047.088938350027,0.10966970021029524,0.016738354732951049,33.27433957973929,39.503096813798368,995.929248315398,1.848846611719689,0.3493663287452172,282.9241764489806,337.0611638458972,8072.777774009086,0.3302984134740448,0.06241466618935086,255.22043528722635,304.57649585183847,6988.923030906698,0.0,0.0,8.408818553515822,10.146249497718355,177.1491428091603,0.0,0.0,14.498633416112109,17.27298622307992,400.19117062034538,0.0,0.0,217.7719630333989,261.86170521148156,5018.886837245417,0.0,0.0,10.411058212892924,12.535103443504246,233.85871021759867,0.0,0.0,173.17997437307805,209.25086951217845,3509.814726068876,34.538341793164189,23.688848966504936,289.1535413769245,346.5818395814688,8069.340826974376,0.0,0.0,175.66911339915112,212.82679224127939,3294.4416220275854,855.3599030095852,21.57899912735571,33.23892961390675,21.5,30.0,0.0,22.103326800924849,37.18504819408391,21.0,30.0,8.484050490845274,21.332438312645814,33.192125544982818,21.0,30.0,0.0,20.799675012901667,34.589535822707158,16.0,30.0,0.0,17.545356991997435,43.75437107296524,12.0,30.0,0.0,20.913775197434366,43.31616367997185,19.0,30.0,0.0,18.556480616539909,40.52300366024875,10.0,30.0,0.0,18.254436295089098,41.33684193664534,12.0,30.0,0.0,17.138503325994578,44.65094855152601,16.0,30.0,0.0,19.558246241860958,0.0,0.0,0.0,16.35534134954453,0.0,0.0,703.5185539520966,976.1065548984329,674.1988253808502,690.763443893489,766.6673355434009,1209.9738648639776,734.3990838919752,741.0959184648015,752.3081330025827,6875.533496513254,81.671502540297,83.41018778004941,570.0,0.0,570.0,570.0,21.0,16.0,19.0,16.0,12.0,12.0,21.0,10.0,1.0,0.0,855.3599030095852,0.0,8.484050490845274,0.0,0.0,0.0,0.0,0.0,2631.2952735977758,1578777.1641586654,2044247.984492141,81.671502540297,83.43971642745929,0.25770984245325925,0.538647285105788,0.27021103051474468,83.43971642745929,0.2656985864579156,2044247.984492141,0.12577589519359137 
 04/08  20:50:00,7.068333333333333,73.16666666666667,3.5983333333333338,0.0,0.0,0.0,0.0,0.0,2.0,0.0,0.0,4.0,0.0,0.0,0.0,4236.0,0.0,0.0,0.0,0.0,0.0,0.0,0.0,0.0,0.0,0.0,0.0,21.049856298087208,158.27694259381907,21.7636137138462,-176.2099962023882,21.407762856557186,-1979.0060738277626,20.61285056886939,406.9867357220353,17.554330624749704,12.156689476583566,20.625967368989096,-40.90901565023489,18.43054430242445,-47.029735988738597,17.963407437314655,-12.870677242525375,17.390589083221557,-233.21158900652837,874.198109838549,808.0118601985128,0.0,0.0,0.0,0.0,0.0,0.0,0.0,0.0,0.0,0.0,0.0,0.0,0.0,0.0,0.0,0.0,0.0,0.0,0.0,0.0,0.0,0.0,1.5522960874521928,0.47383885453363647,217.77603144657665,259.4800692338456,6247.695735485491,0.13941144696975633,0.021277693371452436,34.949273793082507,41.50356663059485,1053.6629128140797,1.412292163826272,0.26687304683036136,453.5054855577466,539.8090677728986,13294.415753773987,0.32582360212606739,0.06156908581369374,292.26125037910688,348.5403690202924,8234.953986173334,0.0,0.0,7.94797722431286,9.590362308267512,169.7481041282474,0.0,0.0,14.924468843852612,17.779902571781777,416.9249710258199,0.0,0.0,210.26464354979928,252.975742822479,4847.04290600624,0.0,0.0,8.240437989241059,9.925720371058685,184.63564059409874,0.0,0.0,169.85671205430388,205.31759123110056,3461.2642857792054,34.896132974668727,23.93424758207732,443.44192578760797,530.7664443031202,12453.842819728972,0.0,0.0,172.72152471550829,209.36676741850983,3245.8048753331229,0.0,21.231833834473045,34.32403986306695,21.0,30.0,0.0,22.058906817947898,37.29390046332733,21.0,30.0,2345.141764019043,21.699427505726115,32.3797864348715,21.75,30.0,0.0,21.066939975345126,34.07936294138497,16.0,30.0,0.0,17.549066501576819,43.969217163864609,12.0,30.0,0.0,20.941735480291237,43.33771172212171,19.0,30.0,0.0,18.416556751365144,41.172052456724298,10.0,30.0,0.0,18.085712744049024,41.8807074004627,12.0,30.0,0.0,17.050290737557213,45.089952615136279,16.0,30.0,0.0,19.871202189135447,0.0,0.0,0.0,16.23252059062996,0.0,0.0,721.3694152585653,974.4992436091009,665.3501713735388,689.5809187483745,774.2564511744635,1210.0822081108948,744.337200965581,744.0437917820619,756.5240332051081,6949.388821314162,81.4818443362512,81.4818443362512,570.0,0.0,570.0,570.0,21.0,16.0,19.0,16.0,12.0,12.0,21.0,10.0,1.0,0.0,0.0,0.0,2345.141764019043,0.0,0.0,0.0,0.0,0.0,0.0,0.0,0.0,81.4818443362512,81.4818443362512,0.255,0.5784353528428373,0.27021103051474468,81.4818443362512,0.2656985864579156,0.0,0.01925333333333333 
 04/08  21:00:00,6.93,74.0,3.64,0.0,0.0,0.0,0.0,0.0,2.0,0.0,0.0,4.0,0.0,0.0,0.0,5300.0,0.0,0.0,0.0,0.0,0.0,0.0,0.0,0.0,0.0,0.0,0.0,21.44433307837995,-1086.9054290274804,21.742692703990948,-160.83478052785686,20.951517622630648,19.143108041072268,20.571726921709627,-19.64944385719812,17.557885027971716,12.311998058488872,20.63028468044105,-53.41743042378498,18.42529646326821,37.9733136369301,17.859394433890964,-29.67132875640651,17.32718291221403,-232.9597954379635,819.7071557629748,863.6562128328043,0.0,0.0,0.0,0.0,0.0,0.0,0.0,0.0,0.0,0.0,0.0,0.0,0.0,0.0,0.0,0.0,0.0,0.0,0.0,0.0,0.0,0.0,1.3970349330181995,0.4264453397491452,269.7146467685098,320.7491046412329,8086.474170407092,0.12155519373935865,0.01855237999684961,32.55042392984444,38.67218340742014,989.2851622936543,2.0890103084162918,0.39474873552839997,271.46383627398577,323.8762055812708,7777.188606507521,0.31818320797183516,0.060125322746000579,136.40051774756675,162.77942079332855,3854.7311782204794,0.0,0.0,8.552042165172729,10.321140200095698,185.10716255022425,0.0,0.0,14.922839656258283,17.78342927453876,421.34351639287146,0.0,0.0,221.59472751918833,266.64371706900996,5181.186458224591,0.0,0.0,11.552698431598135,13.920385214061695,258.739098862729,0.0,0.0,172.81218244485479,208.99342414617667,3545.007560442639,35.04237015132728,24.03454742889389,279.8358615862175,335.57508298587546,8029.93961589466,0.0,0.0,179.82571266485238,218.07172834706658,3407.9128994410878,1486.400269568976,21.76642091767805,32.73507699924567,21.800000000000006,30.0,0.0,22.044345482403945,37.578732751499277,21.0,30.0,0.0,21.081817932053949,34.05630166639655,21.0,30.0,0.0,20.934319858168079,34.529281546197548,16.0,30.0,0.0,17.551521527252015,44.14632291935175,12.000000000000002,30.0,0.0,20.952193576780159,43.366977283181018,19.0,30.0,0.0,18.43874547201835,41.082111544808387,10.0,30.0,0.0,17.94367205963483,42.42242002563638,12.000000000000002,30.0,0.0,16.975872975332878,45.496070992653738,16.0,30.0,0.0,19.539259156382795,0.0,0.0,0.0,16.168480025574515,0.0,0.0,690.8362740747527,987.2672664692589,687.6190572718383,696.9547916668774,779.8505922683347,1208.8825755359747,740.1146941482703,749.2909189564548,762.1681463086367,9062.985205760004,82.01227095190485,83.41849060147658,570.0,0.0,570.0,570.0,21.0,16.0,19.0,16.0,12.0,12.0,21.0,10.0,1.0,0.0,1486.400269568976,0.0,0.0,0.0,0.0,0.0,0.0,0.0,2128.1241843566365,1276874.5106139819,1653091.281218903,82.01227095190485,83.44237287945517,0.3429374728118879,0.7681035147244512,0.36028137401965956,83.44237287945517,0.35426478194388757,1653091.281218903,0.10499241329004962 
 04/08  21:10:00,6.846666666666667,74.83333333333334,3.7333333333333336,0.0,0.0,0.0,0.0,0.0,2.0,0.0,0.0,4.0,0.0,0.0,0.0,1060.0,0.0,0.0,0.0,0.0,0.0,0.0,0.0,0.0,0.0,0.0,0.0,21.62374012184042,-1588.1157605362569,21.720389355069174,-151.7257128739061,21.019563167773307,233.31765832060956,20.4164496743867,120.69798206091036,17.563040542504056,13.55467261170935,20.616360006136774,-62.75813169677963,18.499924334392987,26.545291121634365,17.719181416662644,-42.51887720509444,17.273717532750007,-201.7499149821906,778.4138799897901,946.6445772755151,0.0,0.0,0.0,0.0,0.0,0.0,0.0,0.0,0.0,0.0,0.0,0.0,0.0,0.0,0.0,0.0,0.0,0.0,0.0,0.0,0.0,0.0,1.3268067575906355,0.40500816776270928,321.05425273554786,380.47139031223989,9793.386654546075,0.13953333806069588,0.021296297017810729,29.186233667545776,34.529291703520659,892.4274081721586,2.274702320052997,0.42983792895937225,253.47772395700214,301.06553575007129,7445.477326747088,0.3466874266832874,0.06551160746093864,217.6494865875594,259.0664504525459,6080.087622061867,0.0,0.0,9.016760248233169,10.8453126528881,196.92005645860096,0.0,0.0,14.791117587574444,17.55396412803345,419.8571964769259,0.0,0.0,237.17875915399595,284.32803698197929,5648.736184221493,0.0,0.0,15.771067595687303,18.95987820085425,349.686422206938,0.0,0.0,180.87427526759283,218.05014566018498,3723.2193961169616,35.427192517448577,24.29848595161083,271.2090861451549,324.22776204012828,7813.800667764693,0.0,0.0,192.90552710391169,233.13138152025216,3703.4911228606927,1778.8892147182137,22.001572263502273,32.265634130004887,22.0,30.0,0.0,22.025729403519866,38.30770320489211,21.0,30.0,0.0,21.337029020503335,33.615382027025578,21.0,30.0,0.0,20.69888579168747,35.05310461445111,16.0,30.0,0.0,17.55802639248838,44.12295014075803,12.0,30.0,0.0,20.93330519438827,43.24600821886321,19.0,30.0,0.0,18.5706479171803,40.72614702339661,10.0,30.0,0.0,17.728357566772247,43.22681624777091,12.0,30.0,0.0,16.91926539720215,45.55103997453737,16.0,30.0,0.0,19.45898463986598,0.0,0.0,0.0,16.203067379041486,0.0,0.0,689.5157235082688,1023.7557949089696,690.7745477647925,696.2976101625401,775.6188891910404,1196.3605004190357,737.1267383280952,755.1794839013976,754.7421277647864,11076.589884781992,80.68064602875474,87.87776895982205,570.0,0.0,570.0,570.0,21.0,16.0,19.0,16.0,12.0,12.0,21.0,10.0,1.0,0.0,1778.8892147182137,0.0,0.0,0.0,0.0,0.0,0.0,0.0,10891.614119357828,6534968.471614697,8473399.773721746,80.68064602875474,88.0,0.36305380397859429,0.7712333474317313,0.36028137401965956,88.0,0.3542647819438875,8473399.773721746,0.4594267882335308 
 04/08  21:20:00,6.763333333333334,75.66666666666667,3.826666666666667,0.0,0.0,0.0,0.0,0.0,2.0,0.0,0.0,4.0,0.0,0.0,0.0,1060.0,0.0,0.0,0.0,0.0,0.0,0.0,0.0,0.0,0.0,0.0,0.0,21.709560125086307,-1571.2896816059202,21.701416248116304,-149.85466768132324,20.982227016953535,180.03651125122998,20.434680042419389,207.26580857809678,17.567768937075227,14.188631802007933,20.600694011232457,-64.73397354443773,18.496453485023488,17.1689627529031,17.62154380319907,-48.06076609557397,17.2362575390174,-200.90590365638946,758.5132589646928,1005.9771463004718,0.0,0.0,0.0,0.0,0.0,0.0,0.0,0.0,0.0,0.0,0.0,0.0,0.0,0.0,0.0,0.0,0.0,0.0,0.0,0.0,0.0,0.0,1.3432820411568094,0.4100372531003692,306.5285960500971,363.2203912338643,9433.057424118288,0.15114372096854707,0.023068333481157979,28.447412942503744,33.65619633066333,874.3728959118614,2.1292386226521726,0.40235045779519526,256.19672284110637,304.3405961610135,7550.7898890835799,0.36517772164877618,0.06900561633574755,277.2911016638816,329.985548526435,7830.410281338187,0.0,0.0,9.119868366964049,10.969770810015702,200.82780571232977,0.0,0.0,14.773764816169728,17.535764819357238,421.3730003296707,0.0,0.0,246.20968264972655,295.1853273359931,5900.782378063558,0.0,0.0,18.73463264070129,22.534028002404744,413.7931591542888,0.0,0.0,186.18403126373796,224.4921502153073,3852.2524678026568,35.813609234824379,24.563517993706716,274.5272264786553,328.35434044183179,7885.139472872078,0.0,0.0,201.45424752967663,243.47066721083022,3904.372498159247,1749.548885533873,22.05025550989089,32.15220886715953,22.0,30.0,0.0,22.011719417439765,38.63037282637141,21.0,30.0,0.0,21.310100365449928,33.669818675176298,21.0,30.0,0.0,20.7727183635569,34.99459381885733,16.0,30.0,0.0,17.56350960302027,44.10334262415391,12.0,30.0,0.0,20.915924155609848,43.21439327616309,19.0,30.0,0.0,18.560271580840206,40.69797559818309,10.0,30.0,0.0,17.597420208927536,43.60348890308206,12.0,30.0,0.0,16.886181626369586,45.594213061932617,16.0,30.0,0.0,19.332738908434526,0.0,0.0,0.0,16.208617462473727,0.0,0.0,686.8622990430358,1038.6402385514874,689.9310573109453,701.0246027966559,773.3111491357025,1190.763974095616,733.546921253498,753.6476934536102,751.2294030569873,9011.602926710331,82.0463403235213,82.04634032352132,570.0,0.0,570.0,570.0,21.0,16.0,19.0,16.0,12.0,12.0,21.0,10.0,1.0,0.0,1749.548885533873,0.0,0.0,0.0,0.0,0.0,0.0,0.0,0.0,0.0,0.0,82.0463403235213,82.0463403235213,0.34,0.7632747795809785,0.36028137401965956,82.0463403235213,0.3542647819438875,0.0,0.017986666666666666 
 04/08  21:30:00,6.68,76.5,3.92,0.0,0.0,0.0,0.0,0.0,2.0,0.0,0.0,4.0,0.0,0.0,0.0,4240.0,0.0,0.0,0.0,0.0,0.0,0.0,0.0,0.0,0.0,0.0,0.0,21.27221083789009,-172.50844512087225,21.678092174790856,-161.82279294928294,21.348455015488889,-1456.509107232525,20.504034341197824,387.8533682750931,17.570763986765873,13.117378982724319,20.591813017850336,-50.860546204874967,18.413891011608759,-72.10934064153162,17.556451974033988,-46.88965648700716,17.20469037242484,-206.99242236035298,922.5069766414522,982.9645882898819,0.0,0.0,0.0,0.0,0.0,0.0,0.0,0.0,0.0,0.0,0.0,0.0,0.0,0.0,0.0,0.0,0.0,0.0,0.0,0.0,0.0,0.0,1.5455078095454758,0.4717667306304871,255.31852413555795,304.42158911944878,7500.518678598068,0.1512693259630599,0.02308750396261598,33.643982992116509,39.95810737459679,1036.8549946290837,1.5961308741904643,0.3016120321599518,427.4314425177542,508.39895079934657,12957.031665011149,0.34641764642678499,0.06546062857648996,295.33448906220885,352.3456403805356,8473.48800468924,0.0,0.0,8.324161051888744,10.04710118808548,184.6663360344426,0.0,0.0,15.149746312097133,18.05404135766566,434.36899836594179,0.0,0.0,235.12056503457127,282.99426117810818,5601.3349595649,0.0,0.0,18.347243877372124,22.1504762541814,405.77861513976196,0.0,0.0,180.83644634695376,218.801439204962,3762.9039261235504,36.2026147322651,24.830325605120103,423.16704230784395,506.5735548971598,12215.917265964566,0.0,0.0,196.33911086839047,238.18218453199254,3797.607833133723,0.0,21.217400983613218,34.178080134681909,21.0,30.0,0.0,21.988800625693324,38.43689272942738,21.0,30.0,1689.11778144543,21.721787384244089,32.74975581460805,21.5,30.0,0.0,20.91742738375703,34.54985293988763,16.0,30.0,0.0,17.565491104060294,44.154305570735257,12.0,30.0,0.0,20.914574731920788,43.339638963947,19.0,30.0,0.0,18.40138073156733,41.184434910108738,10.0,30.0,0.0,17.529195212105635,43.794204077617269,12.0,30.0,0.0,16.8639758097614,45.6550796980257,16.0,30.0,0.0,19.805811223938929,0.0,0.0,0.0,16.10488116615735,0.0,0.0,703.4057385655094,1023.7911743611039,681.0370613226324,690.4692916861942,774.6269087099686,1195.446273320005,734.9574047694802,752.358130397529,749.3768702509282,6704.734191208634,81.72208295814838,81.72208295814838,570.0,0.0,570.0,570.0,21.0,16.0,19.0,16.0,12.0,12.0,21.0,10.0,1.0,0.0,0.0,0.0,1689.11778144543,0.0,0.0,0.0,0.0,0.0,0.0,0.0,0.0,81.72208295814838,81.72208295814838,0.255,0.5759694216922993,0.27021103051474468,81.72208295814838,0.2656985864579156,0.0,0.017163333333333334 
 04/08  21:40:00,6.596666666666666,77.33333333333333,4.013333333333334,0.0,0.0,0.0,0.0,0.0,2.0,0.0,0.0,4.0,0.0,0.0,0.0,5308.0,0.0,0.0,0.0,0.0,0.0,0.0,0.0,0.0,0.0,0.0,0.0,21.436390625676997,-428.3021569611596,21.652647751678928,-164.14415805023519,21.308919928336093,-1014.8630933893767,20.56174988786045,206.698049213763,17.571514548373707,11.00101066470443,20.58385288919839,-57.54754409581552,18.33618796705425,7.727464884530491,17.48323860920159,-50.43052337807194,17.153023174514833,-240.3548815590983,850.6629977112251,957.9806024617843,0.0,0.0,0.0,0.0,0.0,0.0,0.0,0.0,0.0,0.0,0.0,0.0,0.0,0.0,0.0,0.0,0.0,0.0,0.0,0.0,0.0,0.0,1.5206999680457086,0.464194129440082,154.156678689802,183.70400778535939,4658.211630337565,0.15602684311457855,0.023813620743983297,31.236635108509259,37.13977944399884,966.8342314482247,1.6043922834825944,0.3031731450269454,289.24423056627958,344.7419902288135,8654.040199456442,0.3372278821258229,0.06372408959293705,232.75164750561718,277.59064450057488,6758.852701523438,0.0,0.0,8.502836426571378,10.263152011643279,190.0651761144186,0.0,0.0,15.257232237772494,18.188910791015624,439.9556589576978,0.0,0.0,231.0735066632029,278.2488750221952,5499.275729003755,0.0,0.0,18.469712038604415,22.305674167611476,408.32123342085409,0.0,0.0,174.21979242854054,210.879300275217,3633.5210051623714,36.477041605541838,25.018547054555456,291.03016710118018,349.14154119991908,8514.027068062851,0.0,0.0,189.6130777538784,230.19440592296224,3636.156106639574,812.7211041883519,21.624851681925308,33.706107745807177,21.6,30.0,0.0,21.96128454609939,38.213914641416689,21.0,30.0,1424.3525548993262,21.51509345098278,33.18077877396656,21.400000000000003,30.0,0.0,20.984280945499536,34.407366040294309,16.0,30.0,0.0,17.56446179733312,44.282823312330958,12.000000000000002,30.0,0.0,20.912548597820189,43.49536959961043,19.0,30.0,0.0,18.30375040521262,41.63674267207019,10.0,30.0,0.0,17.440045812721473,44.08385352256017,12.000000000000002,30.0,0.0,16.80186116601263,45.96289388641598,16.0,30.0,0.0,19.23464094127454,0.0,0.0,0.0,15.936485199643962,0.0,0.0,720.0283910187388,1005.4516642358792,676.3637055612802,686.0208185640838,778.2382091332722,1200.4412337967584,741.2580420853177,752.0512103264857,752.3676343704628,7764.428190176543,81.39129128319887,82.76279983278829,570.0,0.0,570.0,570.0,21.0,16.0,19.0,16.0,12.0,12.0,21.0,10.0,1.0,0.0,812.7211041883519,0.0,1424.3525548993262,0.0,0.0,0.0,0.0,0.0,2075.6459051184899,1245387.5430710938,2007813.7425340517,81.39129128319887,82.78609260105624,0.273188196837283,0.5851610074437559,0.28822509921572767,82.78609260105624,0.28341182555511,2007813.7425340517,0.12074631461177066 
 04/08  21:50:00,6.513333333333334,78.16666666666667,4.106666666666667,0.0,0.0,0.0,0.0,0.0,2.0,0.0,0.0,4.0,0.0,0.0,0.0,4249.0,0.0,0.0,0.0,0.0,0.0,0.0,0.0,0.0,0.0,0.0,0.0,21.331994003991228,-463.0862626893676,21.61902993392704,-197.52783901841014,20.95084878903311,-436.2650240169403,20.518786911892137,36.903880816373547,17.570781768911404,11.739722717548588,20.565525655897603,-52.868154012888769,18.327918994802965,-67.75359295192448,17.410697605480153,-51.99821514884641,17.089834984925646,-234.2296352366693,692.8025096546044,999.6149115418905,0.0,0.0,0.0,0.0,0.0,0.0,0.0,0.0,0.0,0.0,0.0,0.0,0.0,0.0,0.0,0.0,0.0,0.0,0.0,0.0,0.0,0.0,1.5278348120761243,0.46637204275827978,129.60750777823555,154.54667375405118,3893.314903578348,0.1318843451443882,0.02012886830653056,34.80480247738349,41.34605994792983,1078.998039153509,1.5877381690129165,0.3000261090349427,169.9348863475992,202.75159361770029,5040.76634338848,0.3191695532021627,0.060311706954301328,166.5814749723424,198.9347356212203,4839.254189040914,0.0,0.0,8.288426336131492,10.005103188175461,186.66131734567683,0.0,0.0,15.483408874191552,18.454833474781624,448.5681854210071,0.0,0.0,235.07812254421038,283.06247541634289,5625.631186051522,0.0,0.0,19.562980728423065,23.631241136462959,432.4156494376471,0.0,0.0,178.84627571217249,216.49976484292743,3733.622070892398,36.65184085285472,25.13843679894014,178.6339073050591,214.68635828690166,5457.498567394268,0.0,0.0,195.59941124929979,237.4421790340689,3775.361574496682,578.9388472271738,21.387324186816309,34.316711248708518,21.25,30.0,0.0,21.919317850120508,38.345884256595677,21.0,30.0,173.50194552805417,21.10619692056666,34.19727265021713,21.0,30.0,0.0,20.90254314581357,34.86331113651822,16.0,30.0,0.0,17.56276638842759,44.38406995097453,12.0,30.0,0.0,20.894015280704094,43.53098643186425,19.0,30.0,0.0,18.284507058799457,41.7804659776482,10.0,30.0,0.0,17.34974028412219,44.46422893872095,12.0,30.0,0.0,16.724701812994284,46.35732323603425,16.0,30.0,0.0,18.998433934468879,0.0,0.0,0.0,15.912545697898223,0.0,0.0,721.389873947506,1003.0774373022397,682.6550928497943,698.10887474832,779.9490726994146,1197.3242637859112,742.5165876178336,754.9418811936947,756.5789171604946,5246.6899934593179,81.2719585311665,83.06913817208563,570.0,0.0,570.0,570.0,21.0,16.0,19.0,16.0,12.0,12.0,21.0,10.0,1.0,0.0,578.9388472271738,0.0,173.50194552805417,0.0,0.0,0.0,0.0,0.0,2719.7272193132887,1631836.331587973,2112895.338778958,81.2719585311665,83.0996602486154,0.17565757397710964,0.34778518105515557,0.18014068700982978,83.0996602486154,0.17713239097194376,2112895.338778958,0.12598889094983918 
 04/08  22:00:00,6.43,79.0,4.2,0.0,0.0,0.0,0.0,0.0,2.0,0.0,0.0,4.0,0.0,0.0,0.0,4252.0,0.0,0.0,0.0,0.0,0.0,0.0,0.0,0.0,0.0,0.0,0.0,21.430306461713195,-126.3110181000934,21.58808318414468,-132.03821297915759,21.447482216714456,-1965.0057029402779,20.56123945412314,452.33870348958728,17.569446952515667,10.733790199415936,20.548642263643346,-62.46725434360866,18.257795803666505,-23.731417921794674,17.34640629947815,-52.809154076645487,17.03365621458714,-243.58212527593288,998.6811289454113,1020.6298677067784,0.0,0.0,0.0,0.0,0.0,0.0,0.0,0.0,0.0,0.0,0.0,0.0,0.0,0.0,0.0,0.0,0.0,0.0,0.0,0.0,0.0,0.0,1.612433739727367,0.49219589124767007,246.74500234655833,293.9224145934223,7507.316337626333,0.2003419457764467,0.030577220051350233,29.030715457914597,34.50527279594705,906.2454034179139,1.4355649770177595,0.2712707817493877,463.8888000372484,551.8585285979582,14432.137023841908,0.3553656447974895,0.06715148238803653,319.1202138278263,380.7394896926922,9390.9267059696,0.0,0.0,8.577504427695269,10.353258039476743,194.61013140381136,0.0,0.0,15.402255282297535,18.359921995653094,448.34924492750175,0.0,0.0,239.64813945554648,288.67959420439947,5730.727471871921,0.0,0.0,19.69004349557637,23.79399092352336,435.66431646558427,0.0,0.0,181.5543205426507,219.85097433981665,3797.6839309785048,37.37248218812144,25.632703832730763,454.29950745339939,544.1649595257356,13356.866022844173,0.0,0.0,198.5457151824472,241.08946117028965,3844.7606351935025,0.0,21.468079128977274,34.43291474120274,21.0,30.0,0.0,21.892489594705518,38.495833724419529,21.0,30.0,2686.729637817099,21.922138895869087,32.80198716223232,22.0,30.0,0.0,21.05236058813746,35.10210608183338,16.0,30.0,0.0,17.56095214088025,44.5544697145108,12.0,30.0,0.0,20.87786388423133,43.67356712583731,19.0,30.0,0.0,18.18976688533404,42.25094708959505,10.0,30.0,0.0,17.27338767487251,44.85545331507329,12.0,30.0,0.0,16.658698026487188,46.8021086368696,16.0,30.0,0.0,19.840389048755207,0.0,0.0,0.0,15.853209909906357,0.0,0.0,732.8653794726577,1004.002576681641,691.1499372190226,721.0953834421492,784.0029977804946,1199.0686858252853,746.8753940970245,758.3944257362056,761.2984196190934,8614.951222066064,82.30854579200235,82.30854579200236,570.0,0.0,570.0,570.0,21.0,16.0,19.0,16.0,12.0,12.0,21.0,10.0,1.0,0.0,0.0,0.0,2686.729637817099,0.0,0.0,0.0,0.0,0.0,0.0,0.0,0.0,82.30854579200235,82.30854579200235,0.34,0.7698769776390959,0.36028137401965956,82.30854579200235,0.3542647819438875,0.0,0.01589666666666667 
 04/08  22:10:00,6.373333333333333,79.66666666666667,4.205,0.0,0.0,0.0,0.0,0.0,2.0,0.0,0.0,4.0,0.0,0.0,0.0,10630.0,0.0,0.0,0.0,0.0,0.0,0.0,0.0,0.0,0.0,0.0,0.0,21.253147210633999,-480.4391202060481,21.568116326431459,-218.32851909179829,21.072166210685148,-514.0231450337683,20.57011439030879,66.06720354733109,17.563666378275433,4.916773743630023,20.531408181346387,-35.34412312334369,18.33836986694573,29.89916724063491,17.26632564099814,-109.65901194148813,18.396098096039695,-352.4275224412264,766.57574654733,879.8107108836707,0.0,0.0,0.0,0.0,0.0,0.0,0.0,0.0,0.0,0.0,0.0,0.0,0.0,0.0,0.0,0.0,0.0,0.0,0.0,0.0,0.0,0.0,1.5707685407665806,0.47947757654657538,138.67025670315889,165.34943846703957,4200.025980225913,0.15301180107389068,0.023353449492352058,33.54567477782871,39.89500915532616,1046.9463546797809,1.5767030473863864,0.29794086307376929,181.42007396763357,216.60488900825593,5492.355631388425,0.31678851103568708,0.059861774572125308,135.99012593548214,162.5108693554229,4022.5228088992018,0.0,0.0,8.614742653453641,10.405331102119878,196.291598236932,0.0,0.0,14.509492904988579,17.31409885813697,423.6471645124113,0.0,0.0,168.58907318885896,203.12412671322529,4101.888336129489,0.0,0.0,31.705515443098905,38.32943171461273,697.3661345018161,0.0,0.0,122.74925237336996,147.6766659768553,3069.348543739972,37.07919610028919,25.431547393888338,179.64701069319677,216.18121174706264,5501.578285834154,0.0,0.0,130.71164294965156,158.9555139833991,2486.375539673396,610.9308136654925,21.236412327285448,34.941102925794208,21.299999999999998,30.0,0.0,21.86758055243898,38.765591132508777,21.000000000000005,30.0,0.0,21.195666585539994,34.39481534478019,21.000000000000005,30.0,0.0,21.011757489728994,35.018626044672647,15.999999999999999,30.0,0.0,17.552169474566495,44.629748373900628,12.0,30.0,0.0,20.86589419274088,42.63057722228972,19.0,30.0,0.0,18.378023978689485,42.02454518811708,10.0,30.0,0.0,17.162621012511346,45.42297206088153,12.0,30.0,2774.2090565304149,18.651382260493209,41.49479369018483,20.0,30.0,0.0,18.57865002126007,0.0,0.0,0.0,15.510262999319643,0.0,0.0,725.0729731671752,1011.0562074598278,690.4193910604549,706.5163250501288,782.5117925218228,1178.9716729073253,753.2401080478267,765.0185062474702,762.9124500935169,9690.925993303787,81.59709049076307,82.98003928651066,570.0,0.0,570.0,570.0,21.0,16.0,19.0,19.0,12.0,12.0,21.0,10.0,1.0,0.0,610.9308136654925,0.0,0.0,0.0,0.0,0.0,0.0,2774.2090565304149,2092.9421916694639,1255765.3150016785,1637657.8313910703,81.59709049076307,83.00352634813737,0.3417647397223156,0.769798544970297,0.3602813740196596,83.00352634813737,0.3542647819438876,1637657.8313910703,0.10083320723233566 
 04/08  22:20:00,6.316666666666666,80.33333333333334,4.210000000000001,0.0,0.0,0.0,0.0,0.0,2.0,0.0,0.0,4.0,0.0,0.0,0.0,2126.0,0.0,0.0,0.0,0.0,0.0,0.0,0.0,0.0,0.0,0.0,0.0,21.641885862834838,-1688.9056751316362,21.514530416039937,-146.96613690152106,20.89312217178303,289.2273591079156,20.39118481206196,57.78081754777804,17.55101659841072,4.343401205914461,20.518993951329948,-48.303020491754299,18.38037279362591,79.86741259495739,17.12002983694114,-130.67038257585899,18.864634528657555,-236.15061519457323,793.2601798979763,877.0347695526625,0.0,0.0,0.0,0.0,0.0,0.0,0.0,0.0,0.0,0.0,0.0,0.0,0.0,0.0,0.0,0.0,0.0,0.0,0.0,0.0,0.0,0.0,1.3652340113447615,0.41673809870108716,301.8375675983152,358.74880857273686,9254.091959624344,0.1807355492271115,0.027584790785578685,23.403568677532257,27.822791401525927,731.9120208094327,2.1611473374488185,0.4083800713244179,256.4195096438136,305.00972831325228,7772.378970318003,0.3454080003678742,0.06526984133935642,126.39609676829453,150.82685238257623,3674.038929659448,0.0,0.0,10.236339046982236,12.340060569038146,234.12279479905357,0.0,0.0,13.886352943559184,16.54077224847923,406.9343268194292,0.0,0.0,163.94662589274635,196.96221515899789,4049.2272285896644,0.0,0.0,39.587044148319467,47.82662036421429,858.4472526776116,0.0,0.0,129.0826840588523,154.6442691684111,3386.619648062767,37.287100477120848,25.574142988423089,268.1561121035154,321.091031861938,8051.476506329014,0.0,0.0,118.71224973643368,143.95558972294635,2293.3084225416007,1896.5284947912692,21.878839850146613,32.94456307329639,22.0,30.0,0.0,21.7972487686313,39.35189733111724,21.0,30.0,0.0,21.11102386942195,34.92713510041868,21.0,30.0,0.0,20.708511994257849,35.840270686598177,16.0,30.0,0.0,17.53318299167114,44.57270583139114,12.0,30.0,0.0,20.857415512626394,40.9184243842646,19.0,30.0,0.0,18.468995496328817,41.7571530470033,10.0,30.0,0.0,16.9349521303155,46.40195071581371,12.0,30.0,0.0,19.329380846966449,39.60027910286341,19.0,30.0,0.0,19.14195983994875,0.0,0.0,0.0,15.575743451771162,0.0,0.0,680.9280678902673,1030.4585084864444,706.4604201003856,711.3334422927067,771.9015919058861,1146.8063507343432,747.8445981578308,776.2496812149523,751.6430473747482,9387.336424551098,81.79788466310144,81.79788466310146,570.0,0.0,570.0,570.0,21.0,16.0,19.0,19.0,12.0,12.0,21.0,10.0,1.0,0.0,1896.5284947912692,0.0,0.0,0.0,0.0,0.0,0.0,0.0,0.0,0.0,0.0,81.79788466310144,81.79788466310144,0.34,0.7723199420661218,0.36028137401965956,81.79788466310144,0.3542647819438875,0.0,0.015738333333333335 
 04/08  22:30:00,6.26,81.0,4.215,0.0,0.0,0.0,0.0,0.0,2.0,0.0,0.0,4.0,0.0,0.0,0.0,3189.0,0.0,0.0,0.0,0.0,0.0,0.0,0.0,0.0,0.0,0.0,0.0,21.602233645740399,-975.6872755399596,21.520236721145254,-124.5780432152605,21.37304228472187,-1224.1399124524028,20.45923505469748,473.27941395655378,17.543169009901186,5.008905394696018,20.4952803619706,-48.90838233023641,18.320002789523487,-63.724997756353008,17.02695983231432,-105.64743091379549,19.043560761130345,-450.6659575757317,918.5961270007329,1139.2507032705103,0.0,0.0,0.0,0.0,0.0,0.0,0.0,0.0,0.0,0.0,0.0,0.0,0.0,0.0,0.0,0.0,0.0,0.0,0.0,0.0,0.0,0.0,1.5035442049167154,0.4589573275081547,286.6770458014236,341.08943076934346,8981.217185539921,0.2041815730146072,0.03116324374459816,23.973889639664713,28.5081698672551,754.5742225182692,1.6988216375118266,0.32101693830533387,381.2269295998757,453.1591917135508,12067.985108146193,0.3750352836955678,0.0708683453695328,303.1373447566589,361.52681510850246,8960.572631300944,0.0,0.0,10.294942934056032,12.423404375916082,236.45911059453983,0.0,0.0,14.129285004762043,16.84871998633502,414.9311400142502,0.0,0.0,194.8484544795959,234.47133099754803,4775.287721626897,0.0,0.0,42.58308130442993,51.51627511012465,919.0215514027124,0.0,0.0,163.78975531506928,196.15497913257125,4453.255921872638,37.55731748911435,25.759477015853464,383.6668436436652,459.7061412540485,11380.718431887408,0.0,0.0,153.92384834749579,186.69511317327727,3074.286378743885,1355.2982765376785,21.839855532028666,33.301991963699268,21.999999999999994,29.99999999999999,0.0,21.825520826038674,40.205322438609687,20.999999999999994,29.99999999999999,1789.1871368160415,21.96103055018485,32.912996938994677,21.666666666666658,29.99999999999999,0.0,20.896854294991063,35.27707146845019,15.999999999999993,29.99999999999999,0.0,17.524470908608874,44.49326870852068,11.999999999999995,29.99999999999999,0.0,20.831600245763086,39.97675315167699,18.999999999999994,29.99999999999999,0.0,18.327546645557633,41.998947714499198,9.999999999999997,29.99999999999999,0.0,16.81838955952429,46.75732805070997,11.999999999999995,29.99999999999999,1361.1989751935203,19.677258251186986,38.68203056730032,19.66666666666666,29.99999999999999,0.0,19.572610510091758,0.0,0.0,0.0,15.893656200595255,0.0,0.0,696.5936601893814,1081.8595681223379,688.8043051703166,697.7573384979805,763.33731849301,1121.915649618287,740.8966298005743,774.9974534110725,745.3996127628818,10836.521092264895,80.83942881676589,85.64436860039433,569.9999999999998,0.0,569.9999999999998,569.9999999999998,21.0,16.0,19.0,19.0,12.0,12.0,21.0,10.0,1.0,0.0,1355.2982765376785,0.0,1789.1871368160415,0.0,0.0,0.0,0.0,1361.1989751935203,7271.431965842807,4362859.179505685,5688522.996317549,80.83942881676589,85.72597242922572,0.3557143988614268,0.766238830310145,0.36028137401965945,85.72597242922572,0.35426478194388735,5688522.996317549,0.31160486247517918 
 04/08  22:40:00,6.203333333333333,81.66666666666666,4.220000000000001,0.0,0.0,0.0,0.0,0.0,2.0,0.0,0.0,0.0,0.0,0.0,0.0,4252.0,0.0,0.0,0.0,0.0,0.0,0.0,0.0,0.0,0.0,0.0,0.0,21.58047289899612,-763.742770612439,21.255336547291777,-260.6380219452352,21.46639953701682,-1104.9078285224087,20.664901430386416,367.08297596297208,17.535749399459946,5.558730970830441,20.35918123340675,-63.80159246974294,18.23900523558717,0.6257464382788172,16.986766327608117,-62.49392842384387,18.782939124046238,-406.84126212798147,1105.9537826523879,1183.5961094276257,0.0,0.0,0.0,0.0,0.0,0.0,0.0,0.0,0.0,0.0,0.0,0.0,0.0,0.0,0.0,0.0,0.0,0.0,0.0,0.0,0.0,0.0,1.578162011681442,0.48173443580019617,404.0375038164792,480.57647495527899,12618.93706911189,0.29754188246020316,0.04541237522286374,240.3285466463107,286.2396277645438,7338.8056256950799,1.484625235723366,0.2805414277632968,340.17167452992808,404.64045825818678,10741.90426311582,0.35271983096394407,0.06665151756688286,279.7308943177342,333.60023061882739,8458.300430464114,0.0,0.0,11.046050562587173,13.337791625230503,254.8126198010802,0.0,0.0,14.97057274593393,17.87371676820789,436.73369838611338,0.0,0.0,212.39340881070044,255.87321457403886,5183.983374641682,0.0,0.0,42.189017404625769,51.07396785572976,913.5643983504093,0.0,0.0,178.24206905875929,213.95787341616416,4725.928920652064,37.82744301950916,25.944748298703148,540.1588992635351,646.2610904718833,16271.478756230521,0.0,0.0,168.95776392666705,205.0748745884876,3422.4752159496144,869.6054444724844,21.699462884143089,35.86955153164813,21.500000000000008,30.00000000000001,0.0,21.391115766957588,36.91151481940086,12.000000000000004,30.00000000000001,1184.2292667100119,21.85371894873197,34.22658603357928,21.750000000000008,30.00000000000001,0.0,21.228256046336584,35.45821943926154,16.000000000000008,30.00000000000001,0.0,17.516592576448795,44.507834600150108,12.000000000000004,30.00000000000001,0.0,20.672348553340908,39.49705505234859,12.000000000000004,30.00000000000001,0.0,18.201583240371986,43.39670575936599,10.000000000000004,30.00000000000001,0.0,16.79575502306445,46.59235279825104,12.000000000000004,30.00000000000001,40.67743695233492,19.274075519589578,40.12329499235054,19.000000000000008,30.00000000000001,0.0,20.14342333279394,0.0,0.0,0.0,16.057387175601744,0.0,0.0,823.2722731495719,843.1319790842435,747.7879223419238,743.3782269907392,759.7148468419472,1092.7792085572078,787.1837226986826,762.2363194515814,767.129807020317,9027.367572593457,82.03584774975957,83.72948195675424,60.00000000000002,0.0,60.00000000000002,60.00000000000002,12.0,16.0,12.0,19.0,12.0,12.0,21.0,10.0,1.0,0.0,869.6054444724844,0.0,1184.2292667100119,0.0,0.0,0.0,0.0,40.67743695233492,2563.1829294473247,1537909.7576683926,2018223.089094052,82.03584774975957,83.75824548806873,0.34043943098157755,0.7659476154431562,0.36028137401965967,83.75824548806873,0.35426478194388769,2018223.089094052,0.10661760063289072 
 04/08  22:50:00,6.1466666666666669,82.33333333333334,4.2250000000000009,0.0,0.0,0.0,0.0,0.0,2.0,0.0,0.0,0.0,0.0,0.0,0.0,4252.0,0.0,0.0,0.0,0.0,0.0,0.0,0.0,0.0,0.0,0.0,0.0,21.468694628947593,-1207.2179461273736,21.069070922471398,-59.5067681758901,20.991988465688935,-211.51600729802204,20.58946889357376,32.50110407903813,17.52722933348432,3.9254323248359528,20.212841278220986,-68.11685418499988,18.125271760252283,-111.05537329624213,16.960180293134827,-59.301090851189659,19.215346505624255,-784.643777036862,886.7172598798263,1556.2576999019439,0.0,0.0,0.0,0.0,0.0,0.0,0.0,0.0,0.0,0.0,0.0,0.0,0.0,0.0,0.0,0.0,0.0,0.0,0.0,0.0,0.0,0.0,1.5329291484691734,0.4679270904973057,309.6327176547053,368.7629396857227,9497.141451720254,0.29458026617150798,0.04496035808478449,174.31087077303833,207.79421582103277,5271.361700669551,1.5859373586146522,0.2996858198440387,140.7044145291716,167.68403383627686,4295.02666739164,0.30935313190026678,0.05845675205976317,64.01126735922428,76.46035423253542,1933.9653704155515,0.0,0.0,11.135654505321453,13.445771871168887,257.96560439066146,0.0,0.0,15.221085409018516,18.185590892157845,440.0573388455732,0.0,0.0,251.61691722989444,303.2960051738377,6062.015673818457,0.0,0.0,44.0568322430568,53.339103597069208,958.0810254123353,0.0,0.0,221.94921206510333,265.85260376645638,6146.066767672379,37.41504055970816,25.66189338800286,286.23852751866118,343.0342829022893,8738.151548281856,0.0,0.0,214.92889854579466,260.45723989795456,4532.060921250995,1055.6110449534647,21.458132962956698,34.24208086442307,21.5,30.0,0.0,21.15565194660094,35.79602776392906,12.0,30.0,0.0,21.19910089181436,35.214258854051767,21.0,30.0,0.0,21.041502230254769,35.74675072744578,16.0,30.0,0.0,17.506782800055558,44.65643585797211,12.0,30.0,0.0,20.477828619988686,39.16855165171827,12.0,30.0,0.0,17.979157475927609,43.58184008624915,10.0,30.0,0.0,16.783572221490965,47.03879962569788,12.0,30.0,1476.0534087930919,19.843547345376167,38.69629421545677,19.75,30.0,0.0,19.25964300073116,0.0,0.0,0.0,16.427576419033846,0.0,0.0,693.8554029405784,751.1260746774046,720.5973329693484,733.6277061184098,761.6823480526846,1062.6272284804014,765.9443634299495,775.8387983064707,763.6125155693534,8480.483405092808,82.39748996373159,82.39748996373159,60.0,0.0,60.0,60.0,12.0,16.0,12.0,19.0,12.0,12.0,21.0,10.0,1.0,0.0,1055.6110449534647,0.0,0.0,0.0,0.0,0.0,0.0,1476.0534087930919,0.0,0.0,0.0,82.39748996373159,82.39748996373159,0.34,0.7705375209179057,0.36028137401965956,82.39748996373159,0.3542647819438875,0.0,0.0016466666666666666 
 04/08  23:00:00,6.09,83.0,4.23,0.0,0.0,0.0,0.0,0.0,2.0,0.0,0.0,0.0,0.0,0.0,0.0,3189.0,0.0,0.0,0.0,0.0,0.0,0.0,0.0,0.0,0.0,0.0,0.0,21.665624317255028,-1305.1635159011808,21.032290295458244,104.06569373429807,21.396560142060559,-1037.8187510903338,20.492232447432543,285.88835564268745,17.517691219526559,4.949457321940698,20.081927329534485,-65.61217631220296,18.191423654107873,52.05809527689239,16.964459546881849,-46.16616906291032,19.10380391302784,-482.38843686674599,940.7972192621742,1167.1713796313657,0.0,0.0,0.0,0.0,0.0,0.0,0.0,0.0,0.0,0.0,0.0,0.0,0.0,0.0,0.0,0.0,0.0,0.0,0.0,0.0,0.0,0.0,1.5663741389106823,0.47813618403867028,298.2636371312608,354.7565523225087,9493.747736504723,0.31251024610320479,0.04769692400842568,156.8666206890976,186.90927466105138,4767.3626959475209,1.4905487694033662,0.2816607651933801,271.2951978343289,322.23262559697027,8653.50075055977,0.33624450623630799,0.06353826648456315,222.95164714293649,265.77515015594528,6674.240247643194,0.0,0.0,11.13364850027685,13.441515385641017,259.006608774875,0.0,0.0,14.1906778562012,16.964311425996877,407.3752920926351,0.0,0.0,214.27689080561295,258.1935432796192,5260.062783874266,0.0,0.0,40.049867309484927,48.46484571267562,879.3048837194644,0.0,0.0,178.8235530392754,214.61586618627525,4799.7034321450769,37.596136613406788,25.786101929634314,372.5458255388328,446.0076620713136,11293.516686756519,0.0,0.0,169.34463668324816,205.5571026449007,3463.304379946468,1838.1038156569637,21.890491935775434,33.489114257295337,22.000000000000019,30.00000000000002,0.0,21.169939209354678,35.04511642676264,12.00000000000001,30.00000000000002,1755.6035286364268,21.763554531729264,33.70521567094001,21.666666666666687,30.00000000000002,0.0,20.9041436031888,35.710818436792667,16.000000000000015,30.00000000000002,0.0,17.4964606189417,44.772468632991898,12.00000000000001,30.00000000000002,0.0,20.306244216683966,38.979286939802779,12.00000000000001,30.00000000000002,0.0,18.170752291281077,42.76814530689053,10.000000000000007,30.00000000000002,0.0,16.829226766358617,46.97383463996569,12.00000000000001,30.00000000000002,1035.5376445696116,19.391690797818926,39.804085579541467,19.33333333333335,30.00000000000002,0.0,19.628086703963345,0.0,0.0,0.0,15.979341413321468,0.0,0.0,698.730726841517,706.7645537802243,698.2597939677718,711.0800419745878,762.4658269571932,1041.1271143082823,747.1673047248572,776.9577829904772,759.5321451608802,7616.202248634972,82.96885061830482,82.96885061830482,60.00000000000004,0.0,60.00000000000004,60.00000000000004,12.0,16.0,12.0,19.0,12.0,12.0,21.0,10.0,1.0,0.0,1838.1038156569637,0.0,1755.6035286364268,0.0,0.0,0.0,0.0,1035.5376445696116,0.0,0.0,0.0,82.96885061830482,82.96885061830482,0.3400000000000003,0.7673938752225329,0.3602813740196598,82.96885061830482,0.3542647819438878,0.0,0.0016233333333333335 
 04/08  23:10:00,6.048333333333334,83.5,4.246666666666667,0.0,0.0,0.0,0.0,0.0,2.0,0.0,0.0,0.0,0.0,0.0,0.0,8504.0,0.0,0.0,0.0,0.0,0.0,0.0,0.0,0.0,0.0,0.0,0.0,21.259857246742969,-541.5667245839032,20.988204603128375,-95.33390225568067,21.01186390475911,-565.4475870406916,20.54960095645569,102.08487725074952,17.509712181761228,4.4159800116876088,19.986315289590864,-55.44863016715445,18.190424358648725,-109.33542031011212,16.925690054815818,-74.76311840322782,18.98608044399247,-470.81963674437557,787.4258122657466,1272.4796585817854,0.0,0.0,0.0,0.0,0.0,0.0,0.0,0.0,0.0,0.0,0.0,0.0,0.0,0.0,0.0,0.0,0.0,0.0,0.0,0.0,0.0,0.0,1.5557536564422559,0.47489427852327717,193.12127383873563,230.56864351882499,5975.8040039184429,0.30236798711244247,0.04614896018199671,118.89008336419157,142.05484745955219,3621.3751746291256,1.5021432869218723,0.28385171710541809,176.48772412448518,210.7398049836328,5462.216194970168,0.31690975508532145,0.05988468539027237,152.04758734179976,181.78582480540428,4592.432078092195,0.0,0.0,10.763523157450568,13.009195684857915,251.13007747457307,0.0,0.0,13.370863968012879,16.00934816434258,382.15687135624668,0.0,0.0,213.94456896108509,258.00888739407716,5261.644544521693,0.0,0.0,41.131665579544307,49.82903630817649,902.9406327347474,0.0,0.0,181.5085814291201,217.95246394273364,4903.696331937379,37.52482310850227,25.737190060701154,255.79585880215857,307.4061900864319,7966.043037383111,0.0,0.0,172.9344878791378,210.18408636190859,3485.6768338183435,0.0,21.202637797215453,34.69264867628349,21.25,30.0,0.0,21.13580365159713,34.85500174638652,12.0,30.0,0.0,21.206682966136989,34.55772528025679,21.125,30.0,0.0,20.994915469917009,35.17527508764687,12.0,30.0,0.0,17.489544256092388,44.72949857556334,12.0,30.0,0.0,20.19733836225024,38.847357727692138,12.0,30.0,0.0,18.131329941493136,42.679129414707698,10.0,30.0,0.0,16.785411281735258,46.91753428749531,12.0,30.0,0.0,19.372412562883679,39.59932219670443,19.0,30.0,0.0,19.14056513078169,0.0,0.0,0.0,15.851071631546886,0.0,0.0,686.3491113346681,688.4829713772903,676.3091997093798,688.0646844699315,756.8494397810245,1031.0137638710467,736.7505832336244,766.8186706482261,744.4265095408099,0.0,81.8771953672624,81.8771953672624,60.0,0.0,60.0,60.0,12.0,12.0,12.0,19.0,12.0,12.0,21.0,10.0,0.0,0.0,0.0,0.0,0.0,0.0,0.0,0.0,0.0,0.0,0.0,0.0,0.0,81.8771953672624,81.8771953672624,0.0,0.0,0.0,81.8771953672624,0.0,0.0,0.0016000000000000004 
 04/08  23:20:00,6.006666666666667,84.0,4.263333333333334,0.0,0.0,0.0,0.0,0.0,2.0,0.0,0.0,0.0,0.0,0.0,0.0,2126.0,0.0,0.0,0.0,0.0,0.0,0.0,0.0,0.0,0.0,0.0,0.0,20.783256815321008,-161.7489660597298,20.7163279240474,-315.55031370857457,20.598530189839054,-191.38281853304535,20.29699563384436,-157.7366813727831,17.497395013012587,2.430510588735274,19.901855258294185,-43.78401105268253,18.05122162129333,-72.49041150106814,16.877245380549995,-71.13408374320318,18.531935780182594,-201.33383750222948,800.7416160736643,1100.9897008307767,0.0,0.0,0.0,0.0,0.0,0.0,0.0,0.0,0.0,0.0,0.0,0.0,0.0,0.0,0.0,0.0,0.0,0.0,0.0,0.0,0.0,0.0,1.5391482132487505,0.46982546191964305,198.57968287985188,236.9659120242124,5850.094436554837,0.2733722334500649,0.041723478853795018,135.27469184025945,161.3385530286021,3967.601331701757,1.4905466861951645,0.28166037154103648,150.45356971987258,179.62358858841658,4448.475552006343,0.287687116101607,0.054362644765987708,148.0989303826756,176.84531560525768,4334.955865665073,0.0,0.0,9.66616238101433,11.664984356164104,226.12009918333264,0.0,0.0,12.639389703396884,15.112073359969806,359.8176293450768,0.0,0.0,187.50992397375428,225.96542580362709,4548.112767428703,0.0,0.0,38.52430710921211,46.60626073255339,844.6247488127729,0.0,0.0,158.09039390642523,190.04821553119636,4052.416938636748,37.27839307071311,25.56817083039309,259.05895176372607,310.68413854513417,7862.574211901723,0.0,0.0,151.50250280848639,184.05458820364209,2978.8460939219755,0.0,20.47755249302561,35.98675735398159,22.0,30.0,0.0,20.670247795088767,35.46822910487404,12.0,30.0,0.0,20.531772413852719,35.839686385590798,22.0,30.0,0.0,20.520974825284399,35.84439632693028,12.0,30.0,0.0,17.474335610906498,44.652503346879978,12.0,30.0,0.0,20.09238175288538,38.6990373144652,12.0,30.0,0.0,17.91267355015271,43.08159523626534,10.0,30.0,0.0,16.725082436423909,46.90031304325344,12.0,30.0,0.0,18.61305984815624,41.4120005208253,20.0,30.0,0.0,19.084556201201055,0.0,0.0,0.0,15.532922142562679,0.0,0.0,667.2603185192616,659.2033754129898,664.0284594212114,661.5433620433342,748.819821811348,1027.7031295054285,725.8214850418747,755.7569765307951,738.747003766452,0.0,81.8771953672624,81.8771953672624,60.0,0.0,60.0,60.0,12.0,12.0,12.0,19.0,12.0,12.0,21.0,10.0,0.0,0.0,0.0,0.0,0.0,0.0,0.0,0.0,0.0,0.0,0.0,0.0,0.0,81.8771953672624,81.8771953672624,0.0,0.0,0.0,81.8771953672624,0.0,0.0,0.0015866666666666668 
 04/08  23:30:00,5.965,84.5,4.28,0.0,0.0,0.0,0.0,0.0,2.0,0.0,0.0,0.0,0.0,0.0,0.0,3189.0,0.0,0.0,0.0,0.0,0.0,0.0,0.0,0.0,0.0,0.0,0.0,20.551686256174937,-243.40902543009626,20.45831613216494,-259.37357140383235,20.40702473918364,-265.46965986947239,20.073443786778414,-65.89889032931254,17.48271912671137,-0.985597494514517,19.839730154115104,-40.85226644721267,18.001087967184359,-68.63123461295251,16.820760826037018,-102.89110130450175,18.34423246367531,-130.80213134608369,640.9502900054885,820.0181044264014,0.0,0.0,0.0,0.0,0.0,0.0,0.0,0.0,0.0,0.0,0.0,0.0,0.0,0.0,0.0,0.0,0.0,0.0,0.0,0.0,0.0,0.0,1.4951105256621085,0.4563829443413029,220.22910346237166,263.3983402885491,6345.400329834576,0.2731991029109765,0.04169705477884256,150.24462296302816,179.64753044530949,4340.333588964381,1.433011114948695,0.2707881925451049,102.52018296335649,122.56289941965233,2982.4894750857868,0.2838574481497925,0.053638973573278989,94.8860477069555,113.41774478400777,2725.572043951648,0.0,0.0,8.832704810015509,10.667037698682613,207.04874879733888,0.0,0.0,11.736976869804267,14.047115394010419,333.6552981422079,0.0,0.0,148.60024235310415,179.23923935509084,3599.369357109491,0.0,0.0,35.10218156627895,42.50604752304379,767.2852082500115,0.0,0.0,120.0726904859741,144.57700422835857,3025.7214873024915,36.87612024404361,25.292263541868047,219.46709975728357,263.74674100147515,6618.998002329176,0.0,0.0,113.12231102857158,137.79111449820486,2106.989304724436,0.0,20.17226733838339,36.3596142906382,21.999999999999994,29.99999999999999,0.0,20.278681733403915,36.10181201253692,11.999999999999995,29.99999999999999,0.0,20.267905892805446,36.2213112845949,21.999999999999994,29.99999999999999,0.0,20.17027137799814,36.47550573779843,11.999999999999995,29.99999999999999,0.0,17.456745256109309,44.5830849185515,11.999999999999995,29.99999999999999,0.0,20.02930346234024,38.57273843563333,11.999999999999995,29.99999999999999,0.0,17.85496366371639,42.911281550897957,9.999999999999997,29.99999999999999,0.0,16.649256687329105,46.99029607882255,11.999999999999995,29.99999999999999,0.0,18.354674661462199,41.84982344088117,19.999999999999994,29.99999999999999,0.0,18.60057232021483,0.0,0.0,0.0,14.992584017943927,0.0,0.0,643.942261294416,641.8046339311525,649.1359614244075,651.0467360952516,741.7238736362037,1026.314350757009,706.7374923533439,750.3314823439756,723.5277025839387,0.0,81.87719536726238,81.87719536726238,59.99999999999998,0.0,59.99999999999998,59.99999999999998,12.0,12.0,12.0,19.0,12.0,12.0,21.0,10.0,0.0,0.0,0.0,0.0,0.0,0.0,0.0,0.0,0.0,0.0,0.0,0.0,0.0,81.87719536726238,81.87719536726238,0.0,0.0,0.0,81.87719536726238,0.0,0.0,0.0015733333333333338 
 04/08  23:40:00,5.923333333333334,85.0,4.296666666666667,0.0,0.0,0.0,0.0,0.0,2.0,0.0,0.0,0.0,0.0,0.0,0.0,2126.0,0.0,0.0,0.0,0.0,0.0,0.0,0.0,0.0,0.0,0.0,0.0,20.30910228650125,-255.355378684817,20.305650108716887,-133.22676148405524,20.18568732287475,-198.9814963851428,19.910845278580227,-123.4980277395939,17.464315861040349,-2.080827226245987,19.77555489028856,-41.368956274171939,17.94534579262619,-58.84226525452507,16.73611320012655,-115.87246630737516,18.21329877814621,-98.01343173899685,630.5775399750035,760.3521575974326,0.0,0.0,0.0,0.0,0.0,0.0,0.0,0.0,0.0,0.0,0.0,0.0,0.0,0.0,0.0,0.0,0.0,0.0,0.0,0.0,0.0,0.0,1.4700935176260777,0.44874649500185539,181.30772342803687,217.00720662347994,5130.500357934327,0.27484770649245,0.04194867315208335,66.21608028070149,79.26468736655044,1899.0755082886606,1.4338874953272987,0.27095379730296667,169.8551162149332,203.17322604202918,4855.414705085046,0.2797056929205065,0.05285443932738218,92.68385981880758,110.90927856482139,2625.043800720063,0.0,0.0,8.65854469917976,10.44892151588533,203.34966986722567,0.0,0.0,11.693872945873992,13.989244355329844,331.87959996037366,0.0,0.0,138.29665715851983,166.71381431712917,3342.995442722977,0.0,0.0,34.80636771877498,42.13470770075571,755.2900254564474,0.0,0.0,109.87886131505747,132.2747914458434,2741.472081689364,36.74377689673065,25.20149307046,206.47143189301409,248.23160249119776,6216.208402779767,0.0,0.0,102.52256057496088,124.88632577488511,1868.1706383221504,0.0,19.851125493941717,36.95601107176695,22.000000000000008,30.00000000000001,0.0,20.084731005854786,36.25479186955855,12.000000000000004,30.00000000000001,0.0,19.952409186234847,36.70091295097923,22.000000000000008,30.00000000000001,0.0,19.91474990035811,36.80943332996715,12.000000000000004,30.00000000000001,0.0,17.434633574737025,44.45456035984286,12.000000000000004,30.00000000000001,0.0,19.95939183084688,38.419764031226709,12.000000000000004,30.00000000000001,0.0,17.786811068917375,42.94763056094345,10.000000000000004,30.00000000000001,0.0,16.5244638390988,47.199729958609257,12.000000000000004,30.00000000000001,0.0,18.184708120436136,42.038377061525988,20.000000000000008,30.00000000000001,0.0,18.52106403291669,0.0,0.0,0.0,14.75264816465083,0.0,0.0,633.4676115826817,621.1787558059873,632.4348701771991,633.1664444509552,730.7830107288714,1021.4946667959873,698.3683181584142,743.9836401944274,707.717949870263,0.0,81.87719536726243,81.87719536726243,60.00000000000002,0.0,60.00000000000002,60.00000000000002,12.0,12.0,12.0,19.0,12.0,12.0,21.0,10.0,0.0,0.0,0.0,0.0,0.0,0.0,0.0,0.0,0.0,0.0,0.0,0.0,0.0,81.87719536726243,81.87719536726243,0.0,0.0,0.0,81.87719536726243,0.0,0.0,0.00156 
 04/08  23:50:00,5.881666666666667,85.5,4.3133333333333339,0.0,0.0,0.0,0.0,0.0,2.0,0.0,0.0,0.0,0.0,0.0,0.0,3189.0,0.0,0.0,0.0,0.0,0.0,0.0,0.0,0.0,0.0,0.0,0.0,20.163599867503267,-99.79265953449226,20.17352816470703,-281.7880894527099,20.049960150617325,-245.07205278842629,19.78864787228543,-64.05661718870153,17.44601535788774,-3.056231180969578,19.71877313722513,-37.99297150564313,17.896075992770727,-79.62804550581167,16.65962794962287,-128.22772707899567,18.124705126019216,-83.94516967611335,559.9431560499575,699.8311743928039,0.0,0.0,0.0,0.0,0.0,0.0,0.0,0.0,0.0,0.0,0.0,0.0,0.0,0.0,0.0,0.0,0.0,0.0,0.0,0.0,0.0,0.0,1.4477403413982189,0.44192318113498788,173.9753280673799,208.5758519250033,4913.773851172653,0.26340055053542779,0.04020154922701892,92.34097578090202,110.74759075784286,2622.9763506610677,1.404228707313018,0.26534934000623958,126.032478914199,150.96147009026414,3577.6158824466349,0.27514643352979109,0.051992901271691458,70.53799562316076,84.49696405721471,1984.7282228068635,0.0,0.0,8.082297536688639,9.761621968437453,190.17543289424783,0.0,0.0,11.755705795871956,14.077127267444113,333.3230510862935,0.0,0.0,125.09865413042837,150.94583424551466,3019.9552748877724,0.0,0.0,34.90156558897166,42.2976597839837,753.0842636463422,0.0,0.0,99.34295421572682,119.71901481454866,2467.386874155968,36.5629279103362,25.077453985141454,184.3457911859835,222.0785270125897,5557.917753229645,0.0,0.0,92.71747219552056,113.10554103811646,1659.1369817129362,0.0,19.73004736806633,37.04322816907701,22.000000000000019,30.00000000000002,0.0,19.903696206429623,36.447110183357917,12.00000000000001,30.00000000000002,0.0,19.791241327872876,36.87142108267124,22.000000000000019,30.00000000000002,0.0,19.756743270222708,37.01116920507232,12.00000000000001,30.00000000000002,0.0,17.41516653934731,44.33438309792581,12.00000000000001,30.00000000000002,0.0,19.90336635198987,38.275739346322669,12.00000000000001,30.00000000000002,0.0,17.727818085221455,42.81359213337596,10.000000000000007,30.00000000000002,0.0,16.42020779221454,47.277159165729369,12.00000000000001,30.00000000000002,0.0,18.085074522176585,42.09781835431407,20.000000000000015,30.00000000000002,0.0,18.256342437440084,0.0,0.0,0.0,14.54747819794325,0.0,0.0,619.9371994001814,603.7367460439574,617.0550824343635,621.6402589004543,720.8817089531302,1012.9379647937851,681.0375635527723,733.2126699679687,695.8129237129041,0.0,81.87719536726248,81.87719536726248,60.00000000000004,0.0,60.00000000000004,60.00000000000004,12.0,12.0,12.0,19.0,12.0,12.0,21.0,10.0,0.0,0.0,0.0,0.0,0.0,0.0,0.0,0.0,0.0,0.0,0.0,0.0,0.0,81.87719536726248,81.87719536726248,0.0,0.0,0.0,81.87719536726248,0.0,0.0,0.0015500000000000002 
 04/08  24:00:00,5.84,86.0,4.33,0.0,0.0,0.0,0.0,0.0,2.0,0.0,0.0,0.0,0.0,0.0,0.0,2126.0,0.0,0.0,0.0,0.0,0.0,0.0,0.0,0.0,0.0,0.0,0.0,20.03764962550763,-177.15392427596499,20.054155457211878,-191.21807099658765,19.95167424269566,-129.9938039048368,19.71679142262333,-7.405115237702773,17.424775730392548,-3.3946689743370088,19.65892180343619,-39.13930812616056,17.848146442800095,-68.47375070500857,16.577457444754857,-131.4203098803265,18.045150735947467,-75.38539126991509,388.1560684043799,690.0989021244448,0.0,0.0,0.0,0.0,0.0,0.0,0.0,0.0,0.0,0.0,0.0,0.0,0.0,0.0,0.0,0.0,0.0,0.0,0.0,0.0,0.0,0.0,1.4403676659841057,0.43967266971431798,133.04014867298475,159.46595640278134,3746.3377231942965,0.26642281728185338,0.04066282315046603,62.85251424610561,75.41840343952296,1772.2398655046787,1.399917079267575,0.26453459547762206,62.549403316864857,74.94317409548805,1791.629810686735,0.27409391204855057,0.05179401210290069,25.501165111193573,30.60046433432527,721.0995122006864,0.0,0.0,8.069238267493992,9.739886800847942,190.21000419943767,0.0,0.0,11.752225523076163,14.06668268748087,332.81005640163837,0.0,0.0,122.4136652702403,147.63407788966749,2952.618705402502,0.0,0.0,35.30051597804646,42.768543694755638,756.9919537347846,0.0,0.0,96.61523325066867,116.38934881113824,2391.059024542421,36.47575615152408,25.017665398850548,98.3603696339087,118.70950348641805,3261.718234089222,0.0,0.0,89.81979323129255,109.5488102091586,1590.3308785901805,0.0,19.592349750739179,37.163689951520229,22.0,30.0,0.0,19.768541372205335,36.60523214663339,12.0,30.0,0.0,19.706244789512519,36.981961248364,22.0,30.0,0.0,19.681699607925006,37.146705885931968,12.0,30.0,0.0,17.39203390368771,44.17597463845962,12.0,30.0,0.0,19.839565209614095,38.11766759320894,12.0,30.0,0.0,17.672582716394247,42.763472429530228,10.0,30.0,0.0,16.308074085870488,47.36753622202437,12.0,30.0,0.0,17.99460356171764,42.11208116910524,20.0,30.0,0.0,17.626039723334498,0.0,0.0,0.0,14.40903806459108,0.0,0.0,604.1343298300866,591.7482554936574,611.0584705658642,619.0706749639131,708.2711455971053,1001.1085596423352,669.1696598783108,721.772453582176,682.4963650175258,0.0,81.8771953672624,81.8771953672624,60.0,0.0,60.0,60.0,12.0,12.0,12.0,19.0,12.0,12.0,21.0,10.0,0.0,0.0,0.0,0.0,0.0,0.0,0.0,0.0,0.0,0.0,0.0,0.0,0.0,81.8771953672624,81.8771953672624,0.0,0.0,0.0,81.8771953672624,0.0,0.0,0.0015400000000000002 
 04/16  00:10:00,8.22,70.0,4.34,0.0,0.0,0.0,0.0,0.0,2.0,2.0,0.0,0.0,0.0,0.0,0.0,284.0,0.0,0.0,0.0,0.0,0.0,0.0,0.0,0.0,0.0,0.0,0.0,21.06292374662334,-224.65828438821064,21.252518231515908,-247.43161169047745,20.56436099508789,-88.75531575940295,20.46357152739351,-100.56947635205779,20.877983859957433,-7.619368322452743,22.665627933537519,-78.5077594337738,20.004055662854165,30.557039419104514,18.853225728198845,-79.60507837207962,19.10108698584481,-100.75857843126738,559.2583539220759,387.1782431075899,0.0,0.0,0.0,0.0,0.0,0.0,0.0,0.0,0.0,0.0,0.0,0.0,0.0,0.0,0.0,0.0,0.0,0.0,0.0,0.0,0.0,0.0,1.2649011649455138,0.38611146671108489,325.2224513153793,388.02439291767919,8143.197266692346,0.21866550761228643,0.03337385647318169,168.85082641168698,201.60225461518935,4251.8493863143289,1.3123605920110456,0.24798952985847434,315.65631379116669,376.81148787195948,7774.7256634014579,0.2590571776818346,0.04895260349241015,182.33312508840567,217.70419663031744,4492.818133819421,0.0,0.0,6.1699724603584269,7.35337518110336,156.65397222988626,0.0,0.0,13.943666028354077,16.505729639690715,406.1180884937341,0.0,0.0,70.15816409281317,83.92076598312826,1643.6915071388463,0.0,0.0,22.777733992784179,27.34413790633713,486.29045945202315,0.0,0.0,27.851940549436536,33.42385438566093,599.0895159322427,33.962235956118117,23.293714647543298,457.3785785977384,547.4307962742671,11423.66937394953,0.0,0.0,60.23460284929836,72.7415934219976,1084.39381008005,0.0,20.631539205222759,36.07483276627301,22.0,30.0,0.0,20.74488409044728,35.494199332727969,12.0,30.0,0.0,20.359605984479296,36.69752501141075,22.0,30.0,0.0,20.426584602141128,37.03762156508661,12.0,30.0,0.0,20.815493326662378,38.5537715834712,12.0,30.0,0.0,22.76770526020905,35.23542271076556,12.0,30.0,0.0,19.793476205773439,39.32358841764868,10.0,30.0,0.0,18.731987717091998,43.87082825705643,12.0,30.0,0.0,18.81434149073712,43.506183837906608,20.0,30.0,0.0,19.738889083606467,0.0,0.0,0.0,17.015911112150417,0.0,0.0,584.8909634521267,571.4054152664334,585.6882036375139,606.266201241657,713.3498386084592,932.7738367214432,650.3145621175494,719.7089114215283,772.5053049951225,0.0,82.92219196948199,82.92219196948199,60.0,0.0,60.0,60.0,12.0,12.0,12.0,19.0,12.0,12.0,21.0,10.0,0.0,0.0,0.0,0.0,0.0,0.0,0.0,0.0,0.0,0.0,0.0,0.0,0.0,82.92219196948199,82.92219196948199,0.0,0.0,0.0,82.92219196948199,0.0,0.0,0.00186 
 04/16  00:20:00,7.3999999999999999,73.0,4.15,0.0,0.0,0.0,0.0,0.0,2.0,2.0,0.0,0.0,0.0,0.0,0.0,284.0,0.0,0.0,0.0,0.0,0.0,0.0,0.0,0.0,0.0,0.0,0.0,20.893241326268567,-91.57999806308271,21.230119455650426,-318.46082080283829,20.557381552569504,-193.56627370387379,20.341498441589616,-41.693515271686468,20.85943976970406,-5.764990292418915,22.581340179252444,-71.01221715621819,20.094951734233896,-23.86493623953129,18.77389445386529,-97.30364507402652,19.199889209277325,-105.66871478134653,569.3210143151155,426.5688332626321,0.0,0.0,0.0,0.0,0.0,0.0,0.0,0.0,0.0,0.0,0.0,0.0,0.0,0.0,0.0,0.0,0.0,0.0,0.0,0.0,0.0,0.0,1.3426034155190899,0.40983010241730458,348.84570300724899,416.96662002268058,9193.237521540208,0.22310309437937154,0.03405114383079541,183.37709241616708,218.7706813675605,4927.401736608247,1.5825826599191105,0.29905190096733016,300.52112318607518,359.3110381993371,7918.732834330283,0.27274327186211957,0.05153878908959174,152.0929519472989,181.8384562541269,3959.1800848224286,0.0,0.0,5.97739103659492,7.133524761249765,161.60855700404546,0.0,0.0,13.632288355756657,16.16093227095058,417.8540745920385,0.0,0.0,66.58047727584335,79.72619444753485,1694.209704315686,0.0,0.0,27.355243323700657,32.89452060598326,624.061624407761,0.0,0.0,26.167964233973707,31.4220321298586,616.8857262845215,33.51886421928131,22.989618806091444,457.9349687322018,548.8792147159834,12120.471766905455,0.0,0.0,61.49323198334824,74.39397262221346,1193.7963638404877,0.0,20.376592217701267,36.468567809235867,22.0,30.0,0.0,20.791620685347796,35.21763084460121,12.0,30.0,0.0,20.38973351860529,36.24736062279916,22.0,30.0,0.0,20.261468694789124,36.920882905542018,12.0,30.0,0.0,20.798037860453783,38.132959248128788,12.0,30.0,0.0,22.689903713458013,35.026185135542778,12.0,30.0,0.0,19.972159773978875,38.5786602065265,10.0,30.0,0.0,18.617183639673394,43.313292551509757,12.0,30.0,0.0,19.008822216038234,42.49121546490039,20.0,30.0,0.0,19.594525016994479,0.0,0.0,0.0,16.872498867997984,0.0,0.0,579.6391328271656,565.8996974413194,573.1574273220874,591.6205482098962,697.7017104281704,930.6064655556395,649.2581883727175,695.0165052347221,801.1365286261676,0.0,82.92219196948199,82.92219196948199,60.0,0.0,60.0,60.0,12.0,12.0,12.0,19.0,12.0,12.0,21.0,10.0,0.0,0.0,0.0,0.0,0.0,0.0,0.0,0.0,0.0,0.0,0.0,0.0,0.0,82.92219196948199,82.92219196948199,0.0,0.0,0.0,82.92219196948199,0.0,0.0,0.0018433333333333334 
 04/16  00:30:00,6.58,76.0,3.96,0.0,0.0,0.0,0.0,0.0,2.0,2.0,0.0,0.0,0.0,0.0,0.0,284.0,0.0,0.0,0.0,0.0,0.0,0.0,0.0,0.0,0.0,0.0,0.0,20.912006780337039,-238.34021900359859,21.036192137453499,-260.18451041744359,20.406065720803555,-80.55713967950669,20.29770698985854,-104.09391311064792,20.83985994793444,-6.122303262979273,22.500371909737234,-68.96459050357669,20.09291693903477,-23.42652050054562,18.690819706930478,-108.61698513043837,19.266986758943895,-108.9723980517901,607.4460664592079,449.7321258053214,0.0,0.0,0.0,0.0,0.0,0.0,0.0,0.0,0.0,0.0,0.0,0.0,0.0,0.0,0.0,0.0,0.0,0.0,0.0,0.0,0.0,0.0,1.4171173315503132,0.4325754980312312,349.105416753565,417.7940315237521,9783.980526206178,0.24694666037455699,0.037690271729938499,192.86987102106043,230.97319008235207,5424.452225476007,2.1706581699108447,0.4101772807843623,317.0866877211448,379.6722028803731,8785.952946631522,0.28630676544073899,0.054101807528484289,179.97960913228378,215.54359903282114,4973.994016187657,0.0,0.0,5.979360668943215,7.144686216242775,171.52230937823044,0.0,0.0,13.42767877781278,15.942173935638483,432.2737470660411,0.0,0.0,69.52566376549169,83.30990650834258,1887.3244664865165,0.0,0.0,30.532067577302724,36.771688480442339,741.2379164991619,0.0,0.0,24.908531361143959,29.930323715313663,635.7512230790758,33.267949444424917,22.817523624434103,484.22705493402688,581.3543234885842,13563.609614546278,0.0,0.0,62.51905039271488,75.75347185970634,1304.5181100715257,0.0,20.437511744139564,35.84173486014268,22.0,30.0,0.0,20.519780728076506,35.2543711472312,12.0,30.0,0.0,20.158555525615996,36.33732932602902,22.0,30.0,0.0,20.23234472324136,36.71162202337146,12.0,30.0,0.0,20.77973116734676,37.73344939969725,12.0,30.0,0.0,22.617562804101575,34.80812248310413,12.0,30.0,0.0,19.975873953455606,38.083447892227017,10.0,30.0,0.0,18.501089333512767,43.03002231571804,12.0,30.0,0.0,19.140975133461134,41.69814265485225,20.0,30.0,0.0,19.52468834174261,0.0,0.0,0.0,16.74801401393193,0.0,0.0,566.2058160160103,548.651290947879,560.7527832521939,585.0856969198287,683.9702847071146,928.3105465402127,638.6568725264151,684.5138695796748,815.5627537485336,0.0,82.92219196948199,82.92219196948199,60.0,0.0,60.0,60.0,12.0,12.0,12.0,19.0,12.0,12.0,21.0,10.0,0.0,0.0,0.0,0.0,0.0,0.0,0.0,0.0,0.0,0.0,0.0,0.0,0.0,82.92219196948199,82.92219196948199,0.0,0.0,0.0,82.92219196948199,0.0,0.0,0.0018266666666666666 
 04/16  00:40:00,5.76,79.0,3.77,0.0,0.0,0.0,0.0,0.0,2.0,2.0,0.0,0.0,0.0,0.0,0.0,284.0,0.0,0.0,0.0,0.0,0.0,0.0,0.0,0.0,0.0,0.0,0.0,20.71707131728816,-101.69429319582378,21.01241586489136,-330.3896372143838,20.39068696219588,-209.7489250986455,20.169626027179225,-55.13272348915234,20.815001458555814,-6.7498748565745789,22.415448563605528,-65.94006082886108,20.094073604865977,-50.81208296796717,18.605958193274416,-116.29526600574696,19.312550140089063,-103.89344203952106,641.8241306892924,456.409090875433,0.0,0.0,0.0,0.0,0.0,0.0,0.0,0.0,0.0,0.0,0.0,0.0,0.0,0.0,0.0,0.0,0.0,0.0,0.0,0.0,0.0,0.0,1.5145194839184644,0.46230753477364608,365.45953719514525,438.2209306279781,10709.188534543904,0.2565087944137275,0.039149693897089058,192.1864755477574,230.03042227699695,5731.200521553189,2.220234694770735,0.4195454827609101,320.80566976748767,384.77681068092297,9423.73053052498,0.3020046832263227,0.05706815631638749,163.29151354275053,195.8641159838411,4738.250887259577,0.0,0.0,6.064404335123596,7.256260545089264,183.88647694051967,0.0,0.0,13.458148088826304,16.001607207800015,453.8530445502559,0.0,0.0,66.20501226695734,79.46195926845985,1910.5530201397856,0.0,0.0,32.02950135719557,38.640005417669318,824.7574951290137,0.0,0.0,22.261381539735596,26.776062641265008,609.8336955822367,34.21431688020276,23.46660965720355,487.687077392044,586.5240406203474,14369.609777810434,0.0,0.0,60.96143933669826,74.00060798625948,1357.711982907494,0.0,20.140969803818409,36.29552318287814,22.0,30.0,0.0,20.567202965776937,34.96928164487251,12.0,30.0,0.0,20.173861950047895,35.93216451332543,22.0,30.0,0.0,20.056699977502114,36.62085352163594,12.0,30.0,0.0,20.75286183270696,37.35015664960537,12.0,30.0,0.0,22.53787803321479,34.583598804447877,12.0,30.0,0.0,19.987429597800316,37.73373913019425,10.0,30.0,0.0,18.385865268779207,42.7853888334689,12.0,30.0,0.0,19.23351868731107,41.03472044463331,20.0,30.0,0.0,19.334115844130488,0.0,0.0,0.0,16.597518655433374,0.0,0.0,562.2075035828837,545.2185802859078,551.5573552596136,572.2121684021339,670.6592629808667,925.4554996022125,633.377487500568,673.8523608665007,823.7643085155123,0.0,82.92219196948199,82.92219196948199,60.0,0.0,60.0,60.0,12.0,12.0,12.0,19.0,12.0,12.0,21.0,10.0,0.0,0.0,0.0,0.0,0.0,0.0,0.0,0.0,0.0,0.0,0.0,0.0,0.0,82.92219196948199,82.92219196948199,0.0,0.0,0.0,82.92219196948199,0.0,0.0,0.00181 
 04/16  00:50:00,4.9399999999999999,82.0,3.58,0.0,0.0,0.0,0.0,0.0,2.0,2.0,0.0,0.0,0.0,0.0,0.0,284.0,0.0,0.0,0.0,0.0,0.0,0.0,0.0,0.0,0.0,0.0,0.0,20.72539045234234,-262.49550560168339,20.802618066171,-273.557793805242,20.221982473457929,-90.12109896477341,20.122256120903069,-132.51750312981177,20.788425486931979,-7.797485565202635,22.331622542269267,-65.8168421342595,20.051191106289374,-42.960171740738818,18.521927729050753,-126.33154994044026,19.34260384191627,-103.93765089742175,705.2730112096979,473.30156132727589,0.0,0.0,0.0,0.0,0.0,0.0,0.0,0.0,0.0,0.0,0.0,0.0,0.0,0.0,0.0,0.0,0.0,0.0,0.0,0.0,0.0,0.0,1.60137916436843,0.48882147874494205,380.00270013470029,456.268781803951,11759.74635131823,0.28194547264431438,0.043031970794309277,209.78130416999285,252.03187558559115,6509.631386129922,2.518885799415508,0.47597993186234108,345.6565322600226,415.24142979157889,10598.82872720364,0.3174355030323317,0.0599840330748926,193.03666650195337,231.8858238340944,5909.680945393608,0.0,0.0,6.231512840915019,7.465648830342959,199.157686870729,0.0,0.0,13.4528561815235,16.01975063393884,474.38700231423277,0.0,0.0,68.34348333817337,82.10524906144886,2079.420308208863,0.0,0.0,33.94160512059818,41.00886387743526,924.34349877413,0.0,0.0,21.01583369202151,25.300168388142767,613.9681591775241,35.10417982543273,24.076940895358534,530.7619754938361,639.4317909201999,16423.603250277913,0.0,0.0,61.4347827937635,74.69813538647719,1454.3118162674255,0.0,20.18456891423513,35.72420912315988,22.0,30.0,0.0,20.268093973402466,35.09522252729876,12.0,30.0,0.0,19.914747075663553,36.112191641104008,22.0,30.0,0.0,20.02345803229207,36.391732818849927,12.0,30.0,0.0,20.724508092710967,36.970935613463669,12.0,30.0,0.0,22.460357663775274,34.37420332886691,12.0,30.0,0.0,19.922149047659866,37.449375045767848,10.0,30.0,0.0,18.275093852405527,42.62342712420258,12.0,30.0,0.0,19.29622836956458,40.48565281469969,20.0,30.0,0.0,19.226995822710799,0.0,0.0,0.0,16.442151378048587,0.0,0.0,551.7366095826637,532.6275395237705,542.5400354238908,565.8823408345185,657.1277243515033,918.8840313585567,623.8564283579901,667.7498712972675,832.0036711155615,0.0,82.92219196948199,82.92219196948199,60.0,0.0,60.0,60.0,12.0,12.0,12.0,19.0,12.0,12.0,21.0,10.0,0.0,0.0,0.0,0.0,0.0,0.0,0.0,0.0,0.0,0.0,0.0,0.0,0.0,82.92219196948199,82.92219196948199,0.0,0.0,0.0,82.92219196948199,0.0,0.0,0.0018 
 04/16  01:00:00,4.12,85.0,3.39,0.0,0.0,0.0,0.0,0.0,2.0,2.0,0.0,0.0,0.0,0.0,0.0,284.0,0.0,0.0,0.0,0.0,0.0,0.0,0.0,0.0,0.0,0.0,0.0,20.51236141570936,-110.63931333671008,20.77445120842325,-352.7571043607959,20.202489499726764,-239.89872307449424,19.97107791522199,-75.763315146472,20.757224912769968,-8.861401938364338,22.2435667817492,-64.45385847275372,20.02773937587945,-66.91465727999685,18.434244081677904,-134.3895877080364,19.361193094849914,-92.57549572621838,738.4413322882865,473.75038653020718,0.0,0.0,0.0,0.0,0.0,0.0,0.0,0.0,0.0,0.0,0.0,0.0,0.0,0.0,0.0,0.0,0.0,0.0,0.0,0.0,0.0,0.0,1.699613864176171,0.5188076508474271,394.3370329439218,474.43227608576896,12693.477448364029,0.29180124386415787,0.04453620938097648,208.0044572818591,249.80849247384584,6807.989821630001,2.5813438468810228,0.4877822839911231,356.78741041231145,429.32712117871417,11531.961300190045,0.3329550349275552,0.06291667326673378,184.93258911214122,222.58087209800343,5905.682339678409,0.0,0.0,6.388792506877983,7.664907735458211,214.5856025659424,0.0,0.0,13.548504690483027,16.15720347170873,498.4693213579817,0.0,0.0,64.72301878621254,77.89369104776773,2076.180522447237,0.0,0.0,34.68829662389783,41.98121553836482,996.0939464519288,0.0,0.0,18.15884595825031,21.88685967410617,562.8947289490327,35.838201290497767,24.58038497290657,540.0723811201273,651.8428790228628,17471.0177055722,0.0,0.0,59.05462498774745,71.94579656507483,1477.0886845819824,0.0,19.864570139278344,36.19760988405962,22.0,30.0,0.0,20.31086584579297,34.80211549333679,12.0,30.0,0.0,19.925173729080279,35.71364403126539,22.0,30.0,0.0,19.810116349198127,36.40727964153695,12.0,30.0,0.0,20.689090901627134,36.59473347501684,12.0,30.0,0.0,22.375351139043877,34.12980400199247,12.0,30.0,0.0,19.896683384554167,37.20702966236321,10.0,30.0,0.0,18.16014867467375,42.463019310012018,12.0,30.0,0.0,19.340405998397658,40.01635685590294,20.0,30.0,0.0,19.029329843952369,0.0,0.0,0.0,16.25352356197316,0.0,0.0,548.345744958802,530.418172457957,535.4763237371935,555.2009636309399,643.8805250741707,912.5214590514868,617.2750684853935,657.6984944805972,839.8642977934595,0.0,82.92219196948199,82.92219196948199,60.0,0.0,60.0,60.0,12.0,12.0,12.0,19.0,12.0,12.0,21.0,10.0,0.0,0.0,0.0,0.0,0.0,0.0,0.0,0.0,0.0,0.0,0.0,0.0,0.0,82.92219196948199,82.92219196948199,0.0,0.0,0.0,82.92219196948199,0.0,0.0,0.00179 
 04/16  01:10:00,4.006666666666667,85.50000000000002,3.3633333333333335,0.0,0.0,0.0,0.0,0.0,2.0,2.0,0.0,0.0,0.0,0.0,0.0,426.0,0.0,0.0,0.0,0.0,0.0,0.0,0.0,0.0,0.0,0.0,0.0,20.54759779763763,-217.78552861547753,20.612165544558214,-305.5364839406072,20.097933385265994,-79.03149371164654,19.949885849834034,-90.72373103208595,20.72766587878661,-9.132391189752753,22.1695966627453,-64.27640800798334,19.976847398992143,-63.82374158611553,18.36078904282445,-139.6334764757832,19.375895910393383,-90.51168929051036,659.3314257011962,488.81654645856897,0.0,0.0,0.0,0.0,0.0,0.0,0.0,0.0,0.0,0.0,0.0,0.0,0.0,0.0,0.0,0.0,0.0,0.0,0.0,0.0,0.0,0.0,1.704497345262997,0.5202983349398649,265.2691145864795,319.366458939256,8621.528802833429,0.3015277491662074,0.04602071873721114,176.80998845580789,212.82163611142478,5775.2961601634,2.641762466082276,0.499199256629304,182.72776559221976,220.03137645756557,5953.544126985781,0.3329536759054326,0.0629164164598323,102.3871815535715,123.32895336422443,3297.5445768997217,0.0,0.0,6.4016131495611809,7.686812556179177,216.0873349149976,0.0,0.0,13.463920970786714,16.07390049465548,496.5261596851533,0.0,0.0,63.302702352847919,76.24573592149443,2035.786754167983,0.0,0.0,35.45401680153587,42.95152923128322,1019.8301861919247,0.0,0.0,17.19379892528942,20.739319045867675,537.8869977107056,35.75182002424622,24.521138562583148,313.83326164194696,379.3388871530134,10492.570497541516,0.0,0.0,58.631319352287338,71.52809120297684,1458.8588972790479,0.0,19.96429100355651,35.32960374329666,22.0,30.0,0.0,20.096059289318533,34.553371492089457,12.0,30.0,0.0,19.798839459842048,35.51163373290288,22.0,30.0,0.0,19.820377379972745,36.04916501065148,12.0,30.0,0.0,20.658925475767327,36.24753980663117,12.0,30.0,0.0,22.302941104874756,33.91398549284288,12.0,30.0,0.0,19.824889086997346,36.93543273799048,10.0,30.0,0.0,18.06882843490582,42.3860282671171,12.0,30.0,0.0,19.371510339573918,39.627691865888298,20.0,30.0,0.0,18.704980322536927,0.0,0.0,0.0,16.07027336259857,0.0,0.0,530.5297170148896,517.9917109992945,527.8698426564117,547.4337489791094,632.293806886554,904.4735314533912,609.0839394008203,653.834116246262,848.3719633393116,0.0,82.92219196948199,82.92219196948199,60.0,0.0,60.0,60.0,12.0,12.0,12.0,19.0,12.0,12.0,21.0,10.0,0.0,0.0,0.0,0.0,0.0,0.0,0.0,0.0,0.0,0.0,0.0,0.0,0.0,82.92219196948199,82.92219196948199,0.0,0.0,0.0,82.92219196948199,0.0,0.0,0.0017800000000000004 
 04/16  01:20:00,3.8933333333333337,86.0,3.336666666666667,0.0,0.0,0.0,0.0,0.0,2.0,2.0,0.0,0.0,0.0,0.0,0.0,284.0,0.0,0.0,0.0,0.0,0.0,0.0,0.0,0.0,0.0,0.0,0.0,20.457593121538439,-226.19981827465564,20.55238635474982,-180.78458038619477,20.10337943412533,5.661267564042419,19.900728820373496,-41.517849212206218,20.693792805603026,-9.846138992689419,22.090330819130779,-63.20621055344225,19.93765320347177,-60.55527274710721,18.277877583958359,-146.81027210530079,19.388520306362815,-86.2624292573015,460.1159026015507,499.58798250400369,0.0,0.0,0.0,0.0,0.0,0.0,0.0,0.0,0.0,0.0,0.0,0.0,0.0,0.0,0.0,0.0,0.0,0.0,0.0,0.0,0.0,0.0,1.7047436851814282,0.5203735302751613,135.82962060564715,163.54054969222848,4461.158888250333,0.31327907292749998,0.04781426631982601,64.77736790350181,78.05669074446506,2130.421990498388,2.6705946344429156,0.5046475121774219,126.43276826558679,152.2745793480529,4184.503763626192,0.33559068346202888,0.06341471720748843,68.96717963714485,82.97885147844602,2237.249669577783,0.0,0.0,6.425890846382162,7.711845404628935,217.94328768019524,0.0,0.0,13.26053397908731,15.824939795090853,490.0032899286098,0.0,0.0,63.231759688015099,76.11939719478559,2042.3247438899107,0.0,0.0,36.207221056750018,43.85000076355139,1042.2819853142428,0.0,0.0,15.947776558467883,19.21907572986959,503.55602121132679,35.64401873559102,24.447200778869019,128.81834553003319,156.1396904609855,4745.325920463374,0.0,0.0,57.786690461185319,70.4965993027552,1428.9284532588636,0.0,19.85654868976674,34.72273373588847,22.0,30.0,0.0,20.06940229802804,34.45118849817297,12.0,30.0,0.0,19.86494354368461,35.3589329420176,22.0,30.0,0.0,19.780597203157947,35.736052937268208,12.0,30.0,0.0,20.62178549143656,35.83273173301896,12.0,30.0,0.0,22.21950599218483,33.626303560136417,12.0,30.0,0.0,19.77764985841089,36.58028291102163,10.0,30.0,0.0,17.95972122520994,42.32331234538738,12.0,30.0,0.0,19.40095435864262,39.24217709198934,20.0,30.0,0.0,17.980120439767757,0.0,0.0,0.0,15.873234872587803,0.0,0.0,514.5524758215017,520.2102602142242,531.4306431923646,543.7567783113541,617.6495853322377,896.8768574859515,595.8611307104661,647.3349905055504,859.7753281074081,0.0,82.92219196948199,82.92219196948199,60.0,0.0,60.0,60.0,12.0,12.0,12.0,19.0,12.0,12.0,21.0,10.0,0.0,0.0,0.0,0.0,0.0,0.0,0.0,0.0,0.0,0.0,0.0,0.0,0.0,82.92219196948199,82.92219196948199,0.0,0.0,0.0,82.92219196948199,0.0,0.0,0.0017866666666666665 
 04/16  01:30:00,3.7800000000000004,86.5,3.31,0.0,0.0,0.0,0.0,0.0,2.0,2.0,0.0,0.0,0.0,0.0,0.0,426.0,0.0,0.0,0.0,0.0,0.0,0.0,0.0,0.0,0.0,0.0,0.0,20.447133699404426,-42.291612081039897,20.455191662914538,-397.4120882349109,20.037174771870654,-185.04851137415359,19.86927623924465,-60.58001471849833,20.661613289466986,-10.398703712279897,22.019041623227353,-61.512685518443067,19.89934116706149,-69.50739206992131,18.197448747940436,-160.5268427544389,19.39927008256148,-68.37146080222553,540.542009173412,494.7666595264205,0.0,0.0,0.0,0.0,0.0,0.0,0.0,0.0,0.0,0.0,0.0,0.0,0.0,0.0,0.0,0.0,0.0,0.0,0.0,0.0,0.0,0.0,1.7116697285216116,0.5224877071189289,116.96071171989843,140.946421918122,3884.6413854314089,0.31600507107831446,0.04823032220364993,104.91448251875043,126.41518549146243,3452.0340227057315,2.630196337661723,0.49701366924824699,110.82012262694355,133.5264533236104,3686.3371389002415,0.3315958419579005,0.06265983408123588,81.56080387714357,98.25568937718052,2658.477340108602,0.0,0.0,6.509161241989685,7.818605024802835,221.83265433835204,0.0,0.0,13.161241616679412,15.722512898780192,487.5772590361523,0.0,0.0,59.445161822536977,71.62701156759975,1928.3354985063593,0.0,0.0,37.1513225888414,45.0431682133366,1070.5010970161982,0.0,0.0,12.917062155436782,15.577658199976554,411.4644142757079,35.614642609899387,24.427052544512607,158.7541175271844,192.4383792381406,5690.965869004172,0.0,0.0,55.15893580333707,67.38873321029432,1354.8244017218145,0.0,19.91592067791424,34.35465223648623,21.999999999999994,29.99999999999999,0.0,19.94252283772349,34.047470320036129,11.999999999999995,29.99999999999999,0.0,19.771589338482408,34.8474310309362,21.999999999999994,29.99999999999999,0.0,19.763703191730163,35.32760871221355,11.999999999999995,29.99999999999999,0.0,20.589628649718816,35.464584171017019,11.999999999999995,29.99999999999999,0.0,22.151285439981565,33.37762080869213,11.999999999999995,29.99999999999999,0.0,19.73279811799708,36.180417624598778,9.999999999999997,29.99999999999999,0.0,17.857079941413198,42.14300231544599,11.999999999999995,29.99999999999999,0.0,19.428717136844715,38.91544968602902,19.999999999999994,29.99999999999999,0.0,18.119340003071586,0.0,0.0,0.0,15.672741164772259,0.0,0.0,513.3098198416514,508.96435257061708,520.9377425222308,534.1802787229825,605.221829708752,890.5534013169518,585.1008257508545,638.8378586325363,874.8570258443626,0.0,82.92219196948196,82.92219196948196,59.99999999999998,0.0,59.99999999999998,59.99999999999998,12.0,12.0,12.0,19.0,12.0,12.0,21.0,10.0,0.0,0.0,0.0,0.0,0.0,0.0,0.0,0.0,0.0,0.0,0.0,0.0,0.0,82.92219196948196,82.92219196948196,0.0,0.0,0.0,82.92219196948196,0.0,0.0,0.0017933333333333335 
 04/16  01:40:00,3.6666666666666667,87.0,3.283333333333333,0.0,0.0,0.0,0.0,0.0,2.0,2.0,0.0,0.0,0.0,0.0,0.0,426.0,0.0,0.0,0.0,0.0,0.0,0.0,0.0,0.0,0.0,0.0,0.0,20.35219714725432,-214.51658709862583,20.303201797861037,-372.6369094421552,19.86668745369368,-208.70071284571262,19.792683237722856,-115.46479439398969,20.626331328546468,-11.644042759821052,21.946649493573405,-59.967024913619059,19.846644296668278,-81.6130019784784,18.10192053332422,-178.9658049955796,19.42575267180364,-27.31688614746055,681.9443345002967,469.5256572457232,0.0,0.0,0.0,0.0,0.0,0.0,0.0,0.0,0.0,0.0,0.0,0.0,0.0,0.0,0.0,0.0,0.0,0.0,0.0,0.0,0.0,0.0,1.7086866908294285,0.5215771339528172,336.05830479082968,405.20001267787316,11055.358352120289,0.30147312960519848,0.04601238241837585,202.31008573968215,243.97463563106227,6606.429619817247,2.641082615998441,0.4990707891153521,263.51168665127957,318.1238399653645,8555.501480874733,0.32558410480775859,0.06152382932875257,135.30198926948453,163.23169497655906,4408.231147236767,0.0,0.0,6.599747969068666,7.928871077354666,225.96421546918058,0.0,0.0,13.065990522416105,15.613654511883198,485.25953945480759,0.0,0.0,54.12088329334173,65.23110535669653,1760.7165295457986,0.0,0.0,38.59045256341142,46.813815726080068,1111.107169047153,0.0,0.0,9.691725346620416,11.684352026583533,312.05562580193046,35.43242048707639,24.30207166466147,434.35898660557646,525.9201755053305,14306.355853932306,0.0,0.0,50.34537025800961,61.5601890179298,1225.2500276632998,0.0,19.763213324660993,34.166689554223967,22.000000000000008,30.00000000000001,0.0,19.741265523211326,33.982526329361949,12.000000000000006,30.00000000000001,0.0,19.49470755032167,34.72733154971756,22.000000000000008,30.00000000000001,0.0,19.66160503374052,34.51296002381362,12.000000000000006,30.00000000000001,0.0,20.552815144146345,34.97408718116365,12.000000000000006,30.00000000000001,0.0,22.080042916660248,32.991152904710798,12.000000000000006,30.00000000000001,0.0,19.66102055176497,35.58928525861412,10.000000000000004,30.00000000000001,0.0,17.726869749700115,41.704112705663799,12.000000000000006,30.00000000000001,0.0,19.486997356660596,38.38915569020121,20.000000000000008,30.00000000000001,0.0,18.532166184466289,0.0,0.0,0.0,15.440776749630335,0.0,0.0,507.54682324402838,502.1863763289956,508.7006584451083,513.4406740989891,590.071172726831,877.7167859219594,562.406839989403,625.2803782255739,898.9257001423538,0.0,82.92219196948202,82.92219196948202,60.00000000000002,0.0,60.00000000000002,60.00000000000002,12.0,12.0,12.0,19.0,12.0,12.0,21.0,10.0,0.0,0.0,0.0,0.0,0.0,0.0,0.0,0.0,0.0,0.0,0.0,0.0,0.0,82.92219196948202,82.92219196948202,0.0,0.0,0.0,82.92219196948202,0.0,0.0,0.0018000000000000002 
 04/16  01:50:00,3.5533333333333334,87.5,3.256666666666667,0.0,0.0,0.0,0.0,0.0,2.0,2.0,0.0,0.0,0.0,0.0,0.0,284.0,0.0,0.0,0.0,0.0,0.0,0.0,0.0,0.0,0.0,0.0,0.0,20.275480575463456,-127.34924584131204,20.26539819346243,-291.9981297975727,19.85172865092239,-180.97564674244678,19.694316520728209,-91.75796367112503,20.58853460262909,-11.650070641151217,21.871186028343318,-59.46725585276033,19.7972451040495,-80.18153781748925,18.00721827557186,-180.93122864553949,19.452814503412907,-27.858162582269814,628.7421881878936,488.66545263832566,0.0,0.0,0.0,0.0,0.0,0.0,0.0,0.0,0.0,0.0,0.0,0.0,0.0,0.0,0.0,0.0,0.0,0.0,0.0,0.0,0.0,0.0,1.7068162625932804,0.5210061851627841,172.10384221906998,207.3054143661607,5699.882135805548,0.31265812109837645,0.047719493452133169,101.4834544643008,122.11256186393067,3342.2609543112005,2.687303193332653,0.5078048362306602,196.07166592651925,236.3969348391828,6462.506946732361,0.33330344103542355,0.06298250964388198,117.42403786776343,141.51657452294709,3824.564620158545,0.0,0.0,6.750317131482867,8.10632497391806,232.17016621014876,0.0,0.0,13.028265697168383,15.562925798915908,484.95311854039627,0.0,0.0,53.43800063346485,64.38848126750634,1744.688509704874,0.0,0.0,39.31853028919335,47.68702630977072,1131.7365130975496,0.0,0.0,10.681462691517483,12.86313197022944,347.5529565075158,35.413360784854329,24.28899916656676,253.63073499450005,306.98563317652096,8694.575348594375,0.0,0.0,50.81875934227499,62.13896990090983,1230.8161292849532,0.0,19.68560884909428,33.82417648002502,22.0,30.0,0.0,19.765185064720165,33.625013671493238,12.0,30.0,0.0,19.531437334519656,34.43607309082405,22.0,30.0,0.0,19.528952694523889,34.39919242600733,12.0,30.0,0.0,20.512666687425488,34.507475281187769,12.0,30.0,0.0,22.002039720487589,32.64191266767624,12.0,30.0,0.0,19.601060699405829,35.376491104913558,10.0,30.0,0.0,17.602056652336495,41.61878733443573,12.0,30.0,0.0,19.54075779863836,37.85016177833751,20.0,30.0,0.0,18.294312796858259,0.0,0.0,0.0,15.262506200651544,0.0,0.0,498.2137471648459,497.2824997118138,506.00554073258567,505.39378227926997,575.0232978109101,864.5531849694388,552.3327556653139,621.0733481960655,917.430109929264,0.0,82.92219196948199,82.92219196948199,60.0,0.0,60.0,60.0,12.0,12.0,12.0,19.0,12.0,12.0,21.0,10.0,0.0,0.0,0.0,0.0,0.0,0.0,0.0,0.0,0.0,0.0,0.0,0.0,0.0,82.92219196948199,82.92219196948199,0.0,0.0,0.0,82.92219196948199,0.0,0.0,0.00179 
 04/16  02:00:00,3.44,88.0,3.23,0.0,0.0,0.0,0.0,0.0,2.0,2.0,0.0,0.0,0.0,0.0,0.0,426.0,0.0,0.0,0.0,0.0,0.0,0.0,0.0,0.0,0.0,0.0,0.0,20.181811124850264,-248.14795316805206,20.17704581863965,-284.0573487343855,19.784466778568985,-125.50184119817409,19.653233724451817,-102.25939959137678,20.552380951895708,-12.408920432460349,21.80251897163665,-58.96287837260853,19.74881724668785,-85.72344534840355,17.919050214801954,-192.99780560241016,19.46389554548415,-32.76251929846348,581.768198442965,508.6568893976687,0.0,0.0,0.0,0.0,0.0,0.0,0.0,0.0,0.0,0.0,0.0,0.0,0.0,0.0,0.0,0.0,0.0,0.0,0.0,0.0,0.0,0.0,1.7132736883710136,0.5229773163525687,212.9524689003262,256.7155323335253,7016.237525534306,0.31223400128267167,0.0476547621005299,123.30993569313718,148.57247346324204,4071.311411023184,2.6919229390742824,0.508677804057877,169.2616983916759,204.1145189003926,5602.254839974235,0.3319524716581578,0.06272722442519992,62.34853845628443,75.1234325534235,2042.0409654612295,0.0,0.0,6.876384087889875,8.264804278609521,237.5899362210841,0.0,0.0,13.020505793569896,15.568743595302803,485.9799401270957,0.0,0.0,54.05159198088563,65.18866809028302,1771.0779560410443,0.0,0.0,40.48385485344973,49.155385293357479,1165.785739344657,0.0,0.0,13.920864412127895,16.775341370467755,456.7367491499131,35.34029986832998,24.238888798580264,240.4509799347449,291.0908357130146,8314.750418889445,0.0,0.0,51.94508336929992,63.59592341527448,1254.1432293551459,0.0,19.54764383922974,33.80500580181463,22.000000000000019,30.00000000000002,0.0,19.678788932590899,33.57209094795145,12.00000000000001,30.00000000000002,0.0,19.467203938011744,34.198036671741579,22.000000000000019,30.00000000000002,0.0,19.500997769178775,34.270602454900608,12.00000000000001,30.00000000000002,0.0,20.477241685186507,34.14338598017781,12.00000000000001,30.00000000000002,0.0,21.937272133691264,32.34633739543149,12.00000000000001,30.00000000000002,0.0,19.543835540877887,35.09181609724759,10.000000000000007,30.00000000000002,0.0,17.491162285695045,41.488550404098187,12.00000000000001,30.00000000000002,0.0,19.564994776921844,37.31388863235665,20.000000000000015,30.00000000000002,0.0,18.088298539257,0.0,0.0,0.0,15.107404190991158,0.0,0.0,492.8522375842855,493.50407757033215,499.47251142714938,501.46031393410149,563.4317785974216,851.0081670925608,547.0274834496557,623.2035802677593,905.3292751454137,0.0,82.92219196948206,82.92219196948206,60.00000000000004,0.0,60.00000000000004,60.00000000000004,12.0,12.0,12.0,19.0,12.0,12.0,21.0,10.0,0.0,0.0,0.0,0.0,0.0,0.0,0.0,0.0,0.0,0.0,0.0,0.0,0.0,82.92219196948206,82.92219196948206,0.0,0.0,0.0,82.92219196948206,0.0,0.0,0.0017800000000000004 
 04/16  02:10:00,3.3433333333333334,88.33333333333334,3.1700000000000005,0.0,0.0,0.0,0.0,0.0,2.0,2.0,0.0,0.0,0.0,0.0,0.0,284.0,0.0,0.0,0.0,0.0,0.0,0.0,0.0,0.0,0.0,0.0,0.0,20.050916871863984,-323.076196303105,20.10150165653119,-179.6027014412225,19.763822603879846,11.569084083904727,19.59925460193134,-59.75092974481413,20.511768787912208,-12.599872557994559,21.72904992882988,-58.52805873258376,19.694733597908056,-81.02397554485992,17.82445871110908,-198.07587565710686,19.46705313769068,-36.84695192233971,536.6148266887353,528.0979303841726,0.0,0.0,0.0,0.0,0.0,0.0,0.0,0.0,0.0,0.0,0.0,0.0,0.0,0.0,0.0,0.0,0.0,0.0,0.0,0.0,0.0,0.0,1.7260220479904618,0.5268687570178455,180.39620246796,217.5436857584852,5885.71610863147,0.3219597063355692,0.04913914931861557,111.15516419792155,133.99723067311749,3682.639698322365,2.7570777202991034,0.5209897430648345,115.62938824543679,139.39552017778784,3885.4994518106298,0.3348726285139635,0.06327903033143678,51.977657449889,62.65507433095965,1713.316399104026,0.0,0.0,7.0036122518103529,8.413573733385473,242.80113089061013,0.0,0.0,12.865476784804465,15.377915141216564,480.89399620864546,0.0,0.0,56.54508729409587,68.15168111619814,1856.8147773104343,0.0,0.0,41.3617937545842,50.20879105968568,1189.4905858313653,0.0,0.0,14.844036339538427,17.882818500836689,490.26014696365328,35.23780099896393,24.168587790784593,169.72220780999289,205.65287632898615,6103.313772192718,0.0,0.0,52.814455673738709,64.65170685668665,1269.7985295450113,0.0,19.36242625074249,33.89069471686696,22.0,30.0,0.0,19.612136811801187,33.443888293871797,12.0,30.0,0.0,19.48808293029527,34.00933877576503,22.0,30.0,0.0,19.44964364640425,34.002106049613889,12.0,30.0,0.0,20.43447833515546,33.76776819043796,12.0,30.0,0.0,21.86151295605015,32.034756307891708,12.0,30.0,0.0,19.47853368605368,34.99828015091364,10.0,30.0,0.0,17.369198605051648,41.45731169207215,12.0,30.0,0.0,19.57671988997432,36.66799900164281,20.0,30.0,0.0,17.889244485896805,0.0,0.0,0.0,14.9547583215345,0.0,0.0,487.5917855646467,488.7147756143445,498.10127840591727,495.29398630148367,552.5662954954441,835.5884430680078,546.4165889034023,633.1720721489493,876.2374229866859,0.0,82.92219196948199,82.92219196948199,60.0,0.0,60.0,60.0,12.0,12.0,12.0,19.0,12.0,12.0,21.0,10.0,0.0,0.0,0.0,0.0,0.0,0.0,0.0,0.0,0.0,0.0,0.0,0.0,0.0,82.92219196948199,82.92219196948199,0.0,0.0,0.0,82.92219196948199,0.0,0.0,0.00177 
 04/16  02:20:00,3.2466666666666668,88.66666666666667,3.1100000000000005,0.0,0.0,0.0,0.0,0.0,2.0,2.0,0.0,0.0,0.0,0.0,0.0,426.0,0.0,0.0,0.0,0.0,0.0,0.0,0.0,0.0,0.0,0.0,0.0,20.021963056634957,12.684420064468359,20.035320599450544,-324.95672198135989,19.695969853507806,-199.3927060129286,19.556680417432874,-97.00536651414825,20.47269646495623,-13.687440339339365,21.660516441274269,-60.043643945013609,19.63857256305537,-100.18309803987749,17.737711786036024,-206.5424713157817,19.4624517885864,-40.157657128447898,524.1379444508514,543.2011822182093,0.0,0.0,0.0,0.0,0.0,0.0,0.0,0.0,0.0,0.0,0.0,0.0,0.0,0.0,0.0,0.0,0.0,0.0,0.0,0.0,0.0,0.0,1.7232769993413502,0.5260308300797771,135.8584504276826,164.12195802838256,4514.827152897769,0.3179357807568599,0.0485249970630128,101.60072663801445,122.69445166872733,3371.1206048233204,2.694869814884627,0.5092346588973218,104.12414187749468,125.67191210571839,3506.474183115336,0.3270493330329302,0.061800705410606577,84.76553107550356,102.24500863079658,2793.422103058708,0.0,0.0,7.031770113733307,8.454423044792268,244.60926258079358,0.0,0.0,13.246974981095712,15.848919974047032,496.01130346340679,0.0,0.0,51.629226595609058,62.28875580911868,1698.4259780632756,0.0,0.0,41.94329663971534,50.96886076209188,1205.7668779549297,0.0,0.0,18.12812996232156,21.854043013672699,602.1996054375732,35.0878879827227,24.065766791990879,175.42373667745856,212.92895988294999,6287.683188064583,0.0,0.0,53.30914833835901,65.33497434513603,1276.990479354551,0.0,19.424996729422934,33.630134130202289,21.999999999999994,29.99999999999999,0.0,19.538935974358908,33.21072121874499,11.999999999999995,29.99999999999999,0.0,19.38997124606561,33.82982580623,21.999999999999994,29.99999999999999,0.0,19.409815843200339,33.8593791662631,11.999999999999995,29.99999999999999,0.0,20.39621689826242,33.507952175895358,11.999999999999995,29.99999999999999,0.0,21.795330729442897,31.795257886979586,11.999999999999995,29.99999999999999,0.0,19.409345814202,34.94914615948656,9.999999999999997,29.99999999999999,0.0,17.264042244784379,41.36739009149558,11.999999999999995,29.99999999999999,0.0,19.576422451344059,36.17249569963134,19.999999999999994,29.99999999999999,0.0,17.781303340583933,0.0,0.0,0.0,14.811116921153108,0.0,0.0,486.04396731870238,481.8116610085232,493.24018980665269,491.9392755866965,546.1408981841207,823.7233505571313,553.0684390392934,641.1060308134624,850.0227980125047,0.0,82.92219196948196,82.92219196948196,59.99999999999998,0.0,59.99999999999998,59.99999999999998,12.0,12.0,12.0,19.0,12.0,12.0,21.0,10.0,0.0,0.0,0.0,0.0,0.0,0.0,0.0,0.0,0.0,0.0,0.0,0.0,0.0,82.92219196948196,82.92219196948196,0.0,0.0,0.0,82.92219196948196,0.0,0.0,0.0017633333333333338 
 04/16  02:30:00,3.15,89.0,3.05,0.0,0.0,0.0,0.0,0.0,2.0,2.0,0.0,0.0,0.0,0.0,0.0,284.0,0.0,0.0,0.0,0.0,0.0,0.0,0.0,0.0,0.0,0.0,0.0,19.90086286821475,-370.7477550226133,19.99462728301632,-183.37408384276046,19.681746489890757,-4.075271009841117,19.534555188233413,-10.761164107962764,20.429316827188676,-13.49672469864089,21.586526757849485,-59.33391346276528,19.585048152889887,-87.5985360672405,17.64414110836556,-211.23653460782919,19.452149807269387,-43.314565174524719,470.6142395994109,562.3994452940052,0.0,0.0,0.0,0.0,0.0,0.0,0.0,0.0,0.0,0.0,0.0,0.0,0.0,0.0,0.0,0.0,0.0,0.0,0.0,0.0,0.0,0.0,1.7402411019655578,0.5312091275841141,158.74794203343653,191.56638587902459,5194.353818848624,0.32634090240595617,0.049807830037539097,99.01515853482153,119.38890529459329,3307.663704976303,2.787669129535007,0.52677043264078,77.02623410307317,92.83144256855832,2642.6991244926146,0.3330586866464262,0.06293625975933978,3.8724370918497366,4.672365204904649,139.08158903086867,0.0,0.0,7.156097910944117,8.599900292615807,249.7343800863723,0.0,0.0,13.230036202331647,15.823008374047273,496.0659434118702,0.0,0.0,56.455949284030648,68.0782772957132,1861.831140247465,0.0,0.0,42.86271875859394,52.073703192440017,1230.9526869125962,0.0,0.0,18.084268914914,21.789246113651989,604.0351002935015,35.04429993885584,24.035871014304428,129.3318224701201,156.82842511432296,4859.269114943986,0.0,0.0,54.24602404457919,66.47274077454195,1295.464957961582,0.0,19.212580363757739,33.46160885391769,22.0,30.0,0.0,19.541062563339119,33.00168481165389,12.0,30.0,0.0,19.42627935336445,33.56901406849401,22.0,30.0,0.0,19.420330937556128,33.73109999612792,12.0,30.0,0.0,20.35094565391942,33.255796487100557,12.0,30.0,0.0,21.718324926250867,31.559312139832146,12.0,30.0,0.0,19.348099758204385,34.75315573347431,10.0,30.0,0.0,17.146531341988266,41.348057070020178,12.0,30.0,0.0,19.567867210173654,35.7080418438398,20.0,30.0,0.0,17.493660089667878,0.0,0.0,0.0,14.67264541958604,0.0,0.0,475.4611900031952,478.16524673513097,492.04972593130818,491.0357937359202,541.738435491915,813.3300160342919,550.3945442643949,647.103451728592,827.8775406145666,0.0,82.92219196948199,82.92219196948199,60.0,0.0,60.0,60.0,12.0,12.0,12.0,19.0,12.0,12.0,21.0,10.0,0.0,0.0,0.0,0.0,0.0,0.0,0.0,0.0,0.0,0.0,0.0,0.0,0.0,82.92219196948199,82.92219196948199,0.0,0.0,0.0,82.92219196948199,0.0,0.0,0.0017566666666666666 
 04/16  02:40:00,3.0533333333333334,89.33333333333334,2.99,0.0,0.0,0.0,0.0,0.0,2.0,2.0,0.0,0.0,0.0,0.0,0.0,426.0,0.0,0.0,0.0,0.0,0.0,0.0,0.0,0.0,0.0,0.0,0.0,19.88552474798159,60.49919184920098,19.89619492962455,-356.270158592862,19.588095024497777,-242.83032916762634,19.47025694799928,-124.53220174688836,20.38769171786116,-14.578214080038404,21.518091926471088,-60.98515751308202,19.526175651329955,-107.73601900187075,17.55901449809464,-218.0646523744815,19.438094365679797,-46.752775124502878,544.8308514505995,575.232899206092,0.0,0.0,0.0,0.0,0.0,0.0,0.0,0.0,0.0,0.0,0.0,0.0,0.0,0.0,0.0,0.0,0.0,0.0,0.0,0.0,0.0,0.0,1.738551156863132,0.5306932713257426,161.84303112654752,195.62122591810442,5389.276702251694,0.32146464923555675,0.04906359115316803,102.69441436987472,124.09234375526161,3421.289007222676,2.71539518875879,0.5131132253890385,121.23310671097232,146.32863267293775,4090.0209981287227,0.32366090168205116,0.06116041226040272,78.55314544481104,94.74552516755537,2603.4243704107568,0.0,0.0,7.144488637983229,8.592930160909426,250.14540553999354,0.0,0.0,13.612042629408652,16.294949843092227,511.2713653126241,0.0,0.0,51.37102705404746,62.00742934401504,1696.9487818887392,0.0,0.0,43.18917268545257,52.52445456306984,1240.3212775424643,0.0,0.0,21.03571100210795,25.363926036451468,706.1245940971503,34.91270857300412,23.945616305215464,186.23349353627047,226.1296181323821,6650.0276041447,0.0,0.0,54.47859544826703,66.83477749431903,1297.086575992616,0.0,19.31021533642137,33.38838752919352,22.000000000000008,30.00000000000001,0.0,19.404997107906376,32.818894748441859,12.000000000000006,30.00000000000001,0.0,19.280863965564629,33.49647194364039,22.000000000000008,30.00000000000001,0.0,19.32819262408071,33.45370851021427,12.000000000000006,30.00000000000001,0.0,20.310492479926798,33.03426343668349,12.000000000000006,30.00000000000001,0.0,21.65208132718004,31.35139482226508,12.000000000000006,30.00000000000001,0.0,19.27689767759452,34.65522785596034,10.000000000000004,30.00000000000001,0.0,17.046738744511104,41.25424634747805,12.000000000000006,30.00000000000001,0.0,19.554677181869594,35.32499714799056,20.000000000000008,30.00000000000001,0.0,17.703378663146866,0.0,0.0,0.0,14.537125820616767,0.0,0.0,480.8824436524651,471.4167051419603,485.44898274193886,482.2967574991891,538.131872962153,804.5513911273188,555.5751482961434,649.6759628062158,806.9559449631189,0.0,82.92219196948202,82.92219196948202,60.00000000000002,0.0,60.00000000000002,60.00000000000002,12.0,12.0,12.0,19.0,12.0,12.0,21.0,10.0,0.0,0.0,0.0,0.0,0.0,0.0,0.0,0.0,0.0,0.0,0.0,0.0,0.0,82.92219196948202,82.92219196948202,0.0,0.0,0.0,82.92219196948202,0.0,0.0,0.0017500000000000003 
 04/16  02:50:00,2.9566666666666667,89.66666666666666,2.93,0.0,0.0,0.0,0.0,0.0,2.0,2.0,0.0,0.0,0.0,0.0,0.0,284.0,0.0,0.0,0.0,0.0,0.0,0.0,0.0,0.0,0.0,0.0,0.0,19.79790132696758,-339.5319189396139,19.871703431747087,-150.59645366142559,19.557449736104176,6.1803977486592889,19.387102196891278,-87.54757038942876,20.34154359647931,-14.289751496911237,21.44412472092523,-60.07953075211657,19.471861058243417,-92.45992952475592,17.466645003101087,-222.8975364275144,19.418945959916365,-49.738691849980117,522.314463852915,593.8964030121823,0.0,0.0,0.0,0.0,0.0,0.0,0.0,0.0,0.0,0.0,0.0,0.0,0.0,0.0,0.0,0.0,0.0,0.0,0.0,0.0,0.0,0.0,1.7432751871588513,0.5321352830155224,155.63323920583185,187.8372727776434,5128.661104013696,0.32741423041328479,0.049971646888474479,84.50348707995309,101.92343873842043,2842.4316098005167,2.8474266111768005,0.5380624737673472,107.19096357075736,129.29156241653156,3657.3818853526674,0.33839680313707917,0.06394497413777004,75.47604663287916,91.04810581372183,2509.652337934992,0.0,0.0,7.278846294470355,8.750631131706133,255.62641136532643,0.0,0.0,13.54575418736928,16.209892063067675,509.48134526492427,0.0,0.0,57.43767166172028,69.29522005584876,1902.2039470149785,0.0,0.0,44.17039102759869,53.70481915827442,1267.5637960562315,0.0,0.0,20.082656343232264,24.20309813905135,677.3248762574999,34.87102959493443,23.917029900503736,151.38556771920154,183.65450966567239,5568.603281984577,0.0,0.0,55.49279685870251,68.0670603044397,1318.2099419097868,0.0,19.151474832999427,33.18274476010657,22.0,30.0,0.0,19.444751746448448,32.614284114958227,12.0,30.0,0.0,19.293260456806274,33.31267599520037,22.0,30.0,0.0,19.22227942591418,33.38219489357526,12.0,30.0,0.0,20.26251302235289,32.81967142093797,12.0,30.0,0.0,21.574887002724073,31.1417719784912,12.0,30.0,0.0,19.216768167156894,34.47197621398401,10.0,30.0,0.0,16.93333851459986,41.19633940445539,12.0,30.0,0.0,19.533989660008908,34.98397054741726,20.0,30.0,0.0,17.533888102619359,0.0,0.0,0.0,14.408149264758926,0.0,0.0,471.20665159728886,469.4440763951968,484.01096791060936,479.165423859487,536.2215138334706,797.5994147737912,550.3707039256412,651.1842377539269,794.5771461377112,0.0,82.92219196948199,82.92219196948199,60.0,0.0,60.0,60.0,12.0,12.0,12.0,19.0,12.0,12.0,21.0,10.0,0.0,0.0,0.0,0.0,0.0,0.0,0.0,0.0,0.0,0.0,0.0,0.0,0.0,82.92219196948199,82.92219196948199,0.0,0.0,0.0,82.92219196948199,0.0,0.0,0.00174 
 04/16  03:00:00,2.86,90.0,2.87,0.0,0.0,0.0,0.0,0.0,2.0,2.0,0.0,0.0,0.0,0.0,0.0,426.0,0.0,0.0,0.0,0.0,0.0,0.0,0.0,0.0,0.0,0.0,0.0,19.74925235393796,-2.849424728115231,19.776429853165327,-345.0375539962857,19.468572932775893,-190.5526144491094,19.34363208537737,-102.10224399421584,20.29760240339214,-15.137527791485177,21.376215987375585,-61.14956962138005,19.413538479046428,-112.30254015533618,17.38159521509062,-229.40874943419997,19.397936336264566,-53.950988548224177,542.4957062948315,607.1083220926428,0.0,0.0,0.0,0.0,0.0,0.0,0.0,0.0,0.0,0.0,0.0,0.0,0.0,0.0,0.0,0.0,0.0,0.0,0.0,0.0,0.0,0.0,1.7443899264879282,0.5324755575359981,145.88631246515056,176.35473458309887,4894.017678461967,0.319451595554168,0.04875634852780347,106.92939742197301,129.23688410782305,3584.965679747296,2.8054344498227707,0.5301274470564577,114.21595469943371,138.00139827938103,3880.1844597391316,0.33022394598130136,0.06240059447870399,93.95231202980145,113.45566726597447,3129.1705718619234,0.0,0.0,7.2463405210112639,8.718558281898014,255.28710890526348,0.0,0.0,13.869429644178903,16.61219082782598,522.5759959845544,0.0,0.0,52.39710454319288,63.27694898250968,1738.4520806240083,0.0,0.0,44.567168130268729,54.242508981377969,1279.1087446863742,0.0,0.0,22.70051957130746,27.37653979161415,769.0200356416196,34.72876043031054,23.819451598292578,189.22901996670567,229.85258602371139,6793.552101891989,0.0,0.0,55.8056946645382,68.52686698394253,1322.7260493692687,0.0,19.17300687425427,33.035047414051799,22.000000000000019,30.00000000000002,0.0,19.31040373701436,32.650627520808289,12.00000000000001,30.00000000000002,0.0,19.158087095640484,33.26856024547129,22.000000000000019,30.00000000000002,0.0,19.186403483727429,33.2795878810351,12.00000000000001,30.00000000000002,0.0,20.220142732870757,32.62990221283817,12.00000000000001,30.00000000000002,0.0,21.509398876408818,30.969513015688848,12.00000000000001,30.00000000000002,0.0,19.14864896047907,34.3684325135264,10.000000000000007,30.00000000000002,0.0,16.835403400007054,41.071432657847257,12.00000000000001,30.00000000000002,0.0,19.511969475967704,34.694050108808379,20.000000000000015,30.00000000000002,0.0,17.564746271315639,0.0,0.0,0.0,14.28269007004804,0.0,0.0,469.88491399863167,467.4933583923364,480.4850186141692,478.1217724967579,533.6321960569644,791.1769959437067,553.0815936523176,648.6887046766913,782.4596731988763,0.0,82.92219196948206,82.92219196948206,60.00000000000004,0.0,60.00000000000004,60.00000000000004,12.0,12.0,12.0,19.0,12.0,12.0,21.0,10.0,0.0,0.0,0.0,0.0,0.0,0.0,0.0,0.0,0.0,0.0,0.0,0.0,0.0,82.92219196948206,82.92219196948206,0.0,0.0,0.0,82.92219196948206,0.0,0.0,0.0017300000000000003 
 04/16  03:10:00,2.8233333333333334,90.0,2.8133333333333336,0.0,0.0,0.0,0.0,0.0,2.0,2.0,0.0,0.0,0.0,0.0,0.0,284.0,0.0,0.0,0.0,0.0,0.0,0.0,0.0,0.0,0.0,0.0,0.0,19.678060297240515,-273.8745554757313,19.721471625664486,-190.78992920068118,19.442318100472549,-71.52824144750514,19.28004732991169,-71.6352542758475,20.248914152054128,-15.059866128944634,21.303383962958159,-60.775860492121129,19.35366336670602,-101.92033657748709,17.290566838063329,-232.52174726007366,19.372386098674455,-56.60780096687631,528.9330500946539,622.4453178308759,0.0,0.0,0.0,0.0,0.0,0.0,0.0,0.0,0.0,0.0,0.0,0.0,0.0,0.0,0.0,0.0,0.0,0.0,0.0,0.0,0.0,0.0,1.7448003914726545,0.5326008520978798,143.36995218364809,173.08956684170665,4773.68380018425,0.3271233782799172,0.049927255537227908,96.09817162050783,115.99826480054091,3226.162066037279,2.8459820970744378,0.5377895119188283,80.48732892644103,97.09308559115422,2770.9627520222777,0.3377381181841973,0.06382050608166992,81.02748816648139,97.75347362998973,2699.3981066610169,0.0,0.0,7.351851610446835,8.841571419790366,258.856322149637,0.0,0.0,13.822007952441633,16.54942508072381,519.842972666867,0.0,0.0,56.60676054524786,68.32911918201289,1875.0021038185842,0.0,0.0,45.24589684275446,55.05479804654998,1292.3957663346162,0.0,0.0,22.45101012379817,27.062628768336766,761.0314956576696,34.64106658165101,23.75930492568657,152.0440837162668,184.57730071681068,5583.485634744764,0.0,0.0,56.47167131522699,69.33136845151287,1328.9553120059205,0.0,19.06295390164035,32.939374711591799,22.0,30.0,0.0,19.286950006809556,32.52912843559514,12.0,30.0,0.0,19.17132797744074,33.10026652766409,22.0,30.0,0.0,19.114604554838008,33.19076667989545,12.0,30.0,0.0,20.169643524814299,32.43518668559593,12.0,30.0,0.0,21.432936432350638,30.798908056492509,12.0,30.0,0.0,19.08004015492284,34.230747719006419,10.0,30.0,0.0,16.725948751286894,41.00140912453801,12.0,30.0,0.0,19.482901901070194,34.39941904153892,20.0,30.0,0.0,17.42895143830956,0.0,0.0,0.0,14.158696371743695,0.0,0.0,465.443891049904,464.92494520976586,481.5668678671738,477.1009977102921,531.5914801038878,785.9061294393656,547.7577746167059,647.4710400168328,771.348603216336,0.0,82.92219196948199,82.92219196948199,60.0,0.0,60.0,60.0,12.0,12.0,12.0,19.0,12.0,12.0,21.0,10.0,0.0,0.0,0.0,0.0,0.0,0.0,0.0,0.0,0.0,0.0,0.0,0.0,0.0,82.92219196948199,82.92219196948199,0.0,0.0,0.0,82.92219196948199,0.0,0.0,0.00172 
 04/16  03:20:00,2.7866666666666668,90.0,2.756666666666667,0.0,0.0,0.0,0.0,0.0,2.0,2.0,0.0,0.0,0.0,0.0,0.0,284.0,0.0,0.0,0.0,0.0,0.0,0.0,0.0,0.0,0.0,0.0,0.0,19.485823745409623,-132.5204811977228,19.682003542591425,-336.6216932944758,19.323559113409674,-264.2942277990478,19.161400984678495,-168.3376884113659,20.199709862492285,-17.01231543259442,21.23265264566904,-62.406028581284378,19.290786174843367,-121.35064560644992,17.198030086603084,-240.9315064312956,19.34331191901443,-64.12662166384007,709.3961155508114,630.7459255509169,0.0,0.0,0.0,0.0,0.0,0.0,0.0,0.0,0.0,0.0,0.0,0.0,0.0,0.0,0.0,0.0,0.0,0.0,0.0,0.0,0.0,0.0,1.7480873717183159,0.5336042038212198,416.4957215873226,503.2050647540196,13672.123785200713,0.30987322502501116,0.04729444826389059,240.0828975736277,289.6114360437751,8039.698011698734,2.7527676615749399,0.5201752950821883,343.33484909465099,414.67065115233938,11409.673944785412,0.32243600324877916,0.06092894997142461,177.05544473190154,213.92826547810334,5827.057985212918,0.0,0.0,7.286493841880201,8.765435562332862,256.3897947097711,0.0,0.0,14.167367593676588,16.966333085896527,531.9100321495815,0.0,0.0,53.94322711258455,65.15837659831046,1783.5855971069605,0.0,0.0,45.52369470638132,55.419640299406427,1293.7721765677018,0.0,0.0,25.488805072530889,30.724153235557468,864.18838702169,34.38882195775673,23.58629763906498,559.4690763674521,677.925476391677,18460.278371336648,0.0,0.0,56.589380809114789,69.51199285711354,1321.6972406086598,0.0,18.777352254877095,33.41410610651031,22.0,30.0,0.0,19.270167148497817,32.39041500898503,12.0,30.0,0.0,18.98870109907652,33.02155205233343,22.0,30.0,0.0,18.923698432614708,33.13588002999049,12.0,30.0,0.0,20.119244736052189,32.23819460767736,12.0,30.0,0.0,21.36056471519681,30.633329453501454,12.0,30.0,0.0,19.00556265623016,34.03189079751168,10.0,30.0,0.0,16.613905707512424,40.723935975686178,12.0,30.0,0.0,19.448766716077154,34.04439304663535,20.0,30.0,0.0,18.020848249239525,0.0,0.0,0.0,14.031883895966012,0.0,0.0,466.48077788920457,465.3958022673209,470.0854978906643,468.28207414866599,530.0005215204533,781.6919755231554,549.2885588703651,645.2492401481438,757.3513499127788,0.0,82.92219196948199,82.92219196948199,60.0,0.0,60.0,60.0,12.0,12.0,12.0,19.0,12.0,12.0,21.0,10.0,0.0,0.0,0.0,0.0,0.0,0.0,0.0,0.0,0.0,0.0,0.0,0.0,0.0,82.92219196948199,82.92219196948199,0.0,0.0,0.0,82.92219196948199,0.0,0.0,0.00172 
 04/16  03:30:00,2.75,90.0,2.7,0.0,0.0,0.0,0.0,0.0,2.0,2.0,0.0,0.0,0.0,0.0,0.0,284.0,0.0,0.0,0.0,0.0,0.0,0.0,0.0,0.0,0.0,0.0,0.0,19.559880356374096,-267.3254970613534,19.489516337230748,-250.1449759375446,19.14247207435357,-115.30677470281262,19.12459392564707,-180.16626863090324,20.1496753312314,-16.813610251996978,21.163487429591627,-62.8722690441877,19.214931637740635,-112.92138464383004,17.10876422930912,-248.19905029599705,19.311944584362288,-67.28374792857136,700.4578394969267,647.8178945089557,0.0,0.0,0.0,0.0,0.0,0.0,0.0,0.0,0.0,0.0,0.0,0.0,0.0,0.0,0.0,0.0,0.0,0.0,0.0,0.0,0.0,0.0,1.7194776216457997,0.5248710688784493,346.84560159887476,418.9583484189745,11481.723188620786,0.3099645188455553,0.04730838199718488,192.7427374950288,232.93257827872677,6370.053615356493,2.9427503137950334,0.5560752671570359,324.97964948808126,392.66749415651329,10695.480355737525,0.3318597903243532,0.06270971094564496,182.9745911051561,221.0113529265305,6027.333344832477,0.0,0.0,7.420963028970928,8.927745294380042,260.9402604183065,0.0,0.0,14.20948411112768,17.022753278865843,532.6620173081898,0.0,0.0,57.274497897439008,69.17132265288602,1886.8888737985063,0.0,0.0,46.644680195410277,56.80321837698014,1319.5146218180417,0.0,0.0,25.04027607279621,30.19386644524766,849.0945016110966,34.28786021626568,23.51705090278854,493.4558257664146,598.0162379109472,16406.22952445748,0.0,0.0,57.7085804476093,70.91278576129477,1339.0286078169502,0.0,18.956211616262828,32.82588316791794,22.0,30.0,0.0,18.983476093686194,32.738691757798367,12.0,30.0,0.0,18.71688098952221,33.401928569796599,22.0,30.0,0.0,18.914854990989164,33.019591540024268,12.0,30.0,0.0,20.06870887287776,32.028599757961718,12.0,30.0,0.0,21.290979797353179,30.44785634694971,12.0,30.0,0.0,18.909564240592336,33.937110708200837,10.0,30.0,0.0,16.509499503359394,40.5473880969552,12.0,30.0,0.0,19.412783509474918,33.70999829201505,20.0,30.0,0.0,17.976070633436085,0.0,0.0,0.0,13.917499698780603,0.0,0.0,463.80746673780518,463.36097944302608,468.86902069668238,466.9989856003906,525.8475409581067,773.6693181431238,547.4980334310682,642.4394671197176,744.7892631968957,0.0,82.92219196948199,82.92219196948199,60.0,0.0,60.0,60.0,12.0,12.0,12.0,19.0,12.0,12.0,21.0,10.0,0.0,0.0,0.0,0.0,0.0,0.0,0.0,0.0,0.0,0.0,0.0,0.0,0.0,82.92219196948199,82.92219196948199,0.0,0.0,0.0,82.92219196948199,0.0,0.0,0.00172 
 04/16  03:40:00,2.7133333333333335,90.0,2.6433333333333337,0.0,0.0,0.0,0.0,0.0,2.0,2.0,0.0,0.0,0.0,0.0,0.0,284.0,0.0,0.0,0.0,0.0,0.0,0.0,0.0,0.0,0.0,0.0,0.0,19.370368818950607,-120.78200534505595,19.4920138260524,-299.1346384076355,19.147252629217755,-247.242838938565,18.985766130871295,-111.0574528204179,20.09841711437872,-17.763146922762219,21.092704347617599,-63.860463175937187,19.156799533720258,-127.45804213745612,17.018386766230173,-249.33293109904367,19.278811735084827,-71.52863775498349,673.193880409478,655.9881093979586,0.0,0.0,0.0,0.0,0.0,0.0,0.0,0.0,0.0,0.0,0.0,0.0,0.0,0.0,0.0,0.0,0.0,0.0,0.0,0.0,0.0,0.0,1.7195953782118605,0.5249070141061845,345.7459206278162,417.8463397542488,11342.153841217842,0.30312889798113737,0.046265094319465408,184.14719596830344,222.23183837547533,6114.15700977039,2.8251696496099676,0.5338566987169252,316.57341847741847,382.62830230829277,10452.874847272591,0.32942736355356386,0.062250068698708197,165.07399354172606,199.56082873594878,5393.504823072667,0.0,0.0,7.373594401270359,8.873425277361461,259.08676584576508,0.0,0.0,14.423894083676665,17.283092031037158,539.7532329189556,0.0,0.0,54.507716335373419,65.87206520787264,1793.5646733975328,0.0,0.0,46.659674702023547,56.845919523156918,1313.8365095726404,0.0,0.0,26.577616588078614,32.04789324317361,901.2328109579003,34.09805971256477,23.38687223084004,476.43502657979368,577.5697108094419,15796.449329748879,0.0,0.0,57.626040686853688,70.84502731887958,1327.9716943535555,0.0,18.68370667302915,33.283348651096549,22.0,30.0,0.0,19.05862465106679,32.49624184121485,12.0,30.0,0.0,18.780304153238029,33.10485389899361,22.0,30.0,0.0,18.715197014768579,33.21896437848407,12.0,30.0,0.0,20.01675554094109,31.868157691663876,12.0,30.0,0.0,21.218373974611617,30.303145612678873,12.0,30.0,0.0,18.848216280571714,33.85653087417178,10.0,30.0,0.0,16.404313581906167,40.39955774455859,12.0,30.0,0.0,19.375059433987155,33.458980587517519,20.0,30.0,0.0,17.86413627365293,0.0,0.0,0.0,13.800246207592354,0.0,0.0,463.6936588573943,464.3298120461483,468.2846025105099,464.2920780245452,525.4623208050548,771.2437201556818,546.4375582472376,639.012571977892,738.6283707458706,0.0,82.92219196948199,82.92219196948199,60.0,0.0,60.0,60.0,12.0,12.0,12.0,19.0,12.0,12.0,21.0,10.0,0.0,0.0,0.0,0.0,0.0,0.0,0.0,0.0,0.0,0.0,0.0,0.0,0.0,82.92219196948199,82.92219196948199,0.0,0.0,0.0,82.92219196948199,0.0,0.0,0.00172 
 04/16  03:50:00,2.6766666666666669,90.0,2.5866666666666666,0.0,0.0,0.0,0.0,0.0,2.0,2.0,0.0,0.0,0.0,0.0,0.0,284.0,0.0,0.0,0.0,0.0,0.0,0.0,0.0,0.0,0.0,0.0,0.0,19.405986186125575,-262.5948490407318,19.32766902714649,-240.5542019721379,18.99433950562812,-111.07006615179853,18.97234153412321,-169.88976223394003,20.046436603540209,-17.75584455261051,21.02365496507587,-64.18605325659172,19.082789182707438,-118.96331590382863,16.93137622534701,-255.3207500732109,19.243778976386428,-74.52599739308721,675.6146822872906,670.5236317884917,0.0,0.0,0.0,0.0,0.0,0.0,0.0,0.0,0.0,0.0,0.0,0.0,0.0,0.0,0.0,0.0,0.0,0.0,0.0,0.0,0.0,0.0,1.7103137164008818,0.5220737840051531,338.3543481914506,408.92009316952979,11142.185970784016,0.3090015474597736,0.047161408342456297,189.83522621128663,229.54089247578404,6242.258486740831,2.9501460293879306,0.5574727946689213,312.45479657950616,377.7230977488024,10238.567896582419,0.3305226409723421,0.062457037220775137,175.85011042570779,212.52744328568898,5759.694715951831,0.0,0.0,7.493999079672456,9.019029391716247,263.1117967362509,0.0,0.0,14.4004710430277,17.260358002461748,538.03392401086,0.0,0.0,57.21454019387065,69.1365033195218,1876.6325002508093,0.0,0.0,47.522731646322828,57.9155635463661,1332.4556811940509,0.0,0.0,26.54813244910399,32.02147323132861,900.1709104108639,33.99121907070395,23.313593326957446,477.684927495251,579.176119471758,15838.905754047912,0.0,0.0,58.475200334332189,71.91414676694618,1339.0939256226268,0.0,18.792509999024156,32.81232056300233,22.0,30.0,0.0,18.81901912607342,32.71216842040923,12.0,30.0,0.0,18.560044798177274,33.37629863523485,22.0,30.0,0.0,18.73875250649268,33.05911719821672,12.0,30.0,0.0,19.964563661138884,31.712589608448547,12.0,30.0,0.0,21.148814161322556,30.177148191280986,12.0,30.0,0.0,18.75827349255187,33.756356158110587,10.0,30.0,0.0,16.305720430668687,40.30370575149673,12.0,30.0,0.0,19.335449692202795,33.22763155418316,20.0,30.0,0.0,17.83081876589065,0.0,0.0,0.0,13.69001064409124,0.0,0.0,460.71344014679667,461.69418910755265,467.3833151903464,464.0729478164493,522.0847658775731,765.7922429298292,544.0092540591804,636.7874222192106,730.1276368858709,0.0,82.92219196948199,82.92219196948199,60.0,0.0,60.0,60.0,12.0,12.0,12.0,19.0,12.0,12.0,21.0,10.0,0.0,0.0,0.0,0.0,0.0,0.0,0.0,0.0,0.0,0.0,0.0,0.0,0.0,82.92219196948199,82.92219196948199,0.0,0.0,0.0,82.92219196948199,0.0,0.0,0.0017133333333333335 
 04/16  04:00:00,2.64,90.0,2.53,0.0,0.0,0.0,0.0,0.0,2.0,2.0,0.0,0.0,0.0,0.0,0.0,284.0,0.0,0.0,0.0,0.0,0.0,0.0,0.0,0.0,0.0,0.0,0.0,19.224507310544469,-121.21706415141216,19.33602246925581,-289.84778757540905,19.002518785457874,-240.55059750158126,18.848770242445835,-110.8842529968847,19.99318954933426,-18.595859660503437,20.95337490651381,-64.91572998940501,19.0240620984461,-132.29048826522786,16.84317876277786,-256.2030658816966,19.20735541588072,-78.56585868659198,655.436835026163,677.8017848036772,0.0,0.0,0.0,0.0,0.0,0.0,0.0,0.0,0.0,0.0,0.0,0.0,0.0,0.0,0.0,0.0,0.0,0.0,0.0,0.0,0.0,0.0,1.7111440583690208,0.5223272461443898,342.5054419779634,414.14286083176946,11187.027220317696,0.3020667180815819,0.046102978950180398,182.65698033952274,220.54866861176155,6038.036929454488,2.8362746398166944,0.5359551473576522,315.581999731509,381.62367176112846,10375.560213054101,0.32785123366041715,0.06195223614142424,165.74539654672734,200.47616377249208,5391.299227512463,0.0,0.0,7.437720150909971,8.953971021142689,260.921179886162,0.0,0.0,14.597204828265533,17.499702976724195,544.4482083138425,0.0,0.0,54.561772605744859,65.97104392842346,1787.5467218217532,0.0,0.0,47.47252539728312,57.87727540689622,1325.3149411915879,0.0,0.0,27.982064794980368,33.75207262459298,948.6315209445304,33.81708246321293,23.19415806804728,474.08752379439576,574.9842292394425,15661.536848741023,0.0,0.0,58.33244491188158,71.77078819854984,1327.0671606730562,0.0,18.53607501233879,33.2446754889766,22.0,30.0,0.0,18.902681603186865,32.47350048442827,12.0,30.0,0.0,18.62925682623048,33.074417789687107,22.0,30.0,0.0,18.564156163000804,33.18719127309233,12.0,30.0,0.0,19.910805840678856,31.584439528918887,12.0,30.0,0.0,21.07696831701309,30.049588580082195,12.0,30.0,0.0,18.697885117455557,33.7255404851739,10.0,30.0,0.0,16.205757835292045,40.22524650523138,12.0,30.0,0.0,19.294575739730399,33.03934031661832,20.0,30.0,0.0,17.733892838359759,0.0,0.0,0.0,13.57711530850607,0.0,0.0,460.8194718908487,462.9088254293413,466.8808405819732,461.27000806117408,521.8008588434658,764.1435305851114,544.1573612907655,634.3996274823851,725.2822221951889,0.0,82.92219196948199,82.92219196948199,60.0,0.0,60.0,60.0,12.0,12.0,12.0,19.0,12.0,12.0,21.0,10.0,0.0,0.0,0.0,0.0,0.0,0.0,0.0,0.0,0.0,0.0,0.0,0.0,0.0,82.92219196948199,82.92219196948199,0.0,0.0,0.0,82.92219196948199,0.0,0.0,0.0017066666666666665 
 04/16  04:10:00,2.581666666666667,90.33333333333333,2.49,0.0,0.0,0.0,0.0,0.0,2.0,2.0,0.0,0.0,0.0,0.0,0.0,284.0,0.0,0.0,0.0,0.0,0.0,0.0,0.0,0.0,0.0,0.0,0.0,19.261673913587573,-258.20804627855616,19.178951903869497,-235.81211161607008,18.856564788340763,-110.57648298953427,18.841157918996445,-167.96044241332675,19.939307453576505,-18.508708800081963,20.884344921554715,-65.03933950346715,18.950515589983128,-123.55105891148537,16.757401628867045,-261.8927892717205,19.169099407917494,-81.22281578944086,661.4466434960805,691.6408926418114,0.0,0.0,0.0,0.0,0.0,0.0,0.0,0.0,0.0,0.0,0.0,0.0,0.0,0.0,0.0,0.0,0.0,0.0,0.0,0.0,0.0,0.0,1.705643681559393,0.5206482544442592,334.2227465833,404.1397238253677,10979.634667170316,0.30841411238912277,0.04707175097514084,187.90479343584577,227.32661083867266,6163.31094956073,2.9588311317220796,0.5591139704690251,308.4614718533906,373.08863731571696,10085.7380895232,0.32938559685718618,0.06224217627686811,173.9711038318838,210.36536775611948,5684.588054643877,0.0,0.0,7.556240985585031,9.097893741973984,265.1933005867015,0.0,0.0,14.566450846713846,17.468958376211196,543.1316626278089,0.0,0.0,57.2507026849549,69.2196119971899,1872.5736250095416,0.0,0.0,48.285617187188218,58.88937505518156,1344.7861606359682,0.0,0.0,27.893001662249526,33.655491062169009,946.6703875577591,33.76478877564142,23.15829134131785,471.73567103852317,572.2416902278935,15617.822346042642,0.0,0.0,59.14981062044912,72.80442268126439,1340.3881246439262,0.0,18.650063862093249,32.767052818620118,22.0,30.0,0.0,18.675443093515449,32.66425414645498,12.0,30.0,0.0,18.42136723850078,33.32525838357884,22.0,30.0,0.0,18.597670810197088,33.023954237083248,12.0,30.0,0.0,19.856877256247054,31.466991390908903,12.0,30.0,0.0,21.007977728430178,29.9556271940196,12.0,30.0,0.0,18.610589984613435,33.63216473484131,10.0,30.0,0.0,16.11057093139851,40.17583742264239,12.0,30.0,0.0,19.251972098718747,32.870951871926617,20.0,30.0,0.0,17.70025439976001,0.0,0.0,0.0,13.471516832614025,0.0,0.0,458.1815439244622,460.31590667018539,466.0585730552521,461.57461298049807,518.8010856497556,759.7439656531772,541.7884483809171,632.8491396114378,718.5495841804303,0.0,82.92219196948199,82.92219196948199,60.0,0.0,60.0,60.0,12.0,12.0,12.0,19.0,12.0,12.0,21.0,10.0,0.0,0.0,0.0,0.0,0.0,0.0,0.0,0.0,0.0,0.0,0.0,0.0,0.0,82.92219196948199,82.92219196948199,0.0,0.0,0.0,82.92219196948199,0.0,0.0,0.0017 
 04/16  04:20:00,2.5233333333333336,90.66666666666667,2.45,0.0,0.0,0.0,0.0,0.0,2.0,2.0,0.0,0.0,0.0,0.0,0.0,284.0,0.0,0.0,0.0,0.0,0.0,0.0,0.0,0.0,0.0,0.0,0.0,19.083124336447825,-120.75698043473222,19.18805128465771,-283.6628173640172,18.8652798279979,-236.55658240281265,18.721838336388957,-112.65569927049546,19.884191146176826,-19.278548922702386,20.814145785689946,-65.66476797061432,18.891521325898979,-136.35806326823923,16.670060358609349,-262.4867797161961,19.129718241060155,-85.09423312002559,645.2297894933327,698.4760996835817,0.0,0.0,0.0,0.0,0.0,0.0,0.0,0.0,0.0,0.0,0.0,0.0,0.0,0.0,0.0,0.0,0.0,0.0,0.0,0.0,0.0,0.0,1.7088830354491927,0.5216370682079343,338.74336482600327,409.82679286182056,11055.597738558965,0.30211846778330656,0.04611087725630442,180.78269263790413,218.41336301206003,5970.253562400721,2.8491009515807685,0.5383788646222165,312.81359048134319,378.49118565678426,10277.869061632999,0.3270207407124479,0.061795302477786809,164.87043339257884,199.53149800188079,5359.415856568685,0.0,0.0,7.5004205956029079,9.033870307772164,263.33730558166368,0.0,0.0,14.752274757402441,17.696355016254466,549.8039898720401,0.0,0.0,54.73499383223728,66.22053908281353,1790.8240533869299,0.0,0.0,48.216095801323117,58.830071023316978,1339.4887446351889,0.0,0.0,29.214159862225168,35.253245451002339,992.5319298026105,33.64057436917243,23.073096275152567,469.4666345500034,569.6876312570814,15508.609797970876,0.0,0.0,59.00590364445756,72.66219959526012,1331.542307991439,0.0,18.399026047456837,33.204454594023719,22.0,30.0,0.0,18.759973689966118,32.44698175218293,12.0,30.0,0.0,18.49175339576642,33.03922220574759,22.0,30.0,0.0,18.429923191112466,33.14022513079986,12.0,30.0,0.0,19.801354549683876,31.368413790204174,12.0,30.0,0.0,20.936589219422385,29.84638753754423,12.0,30.0,0.0,18.55121786106578,33.628585912447807,10.0,30.0,0.0,16.013223941760907,40.136758103275287,12.0,30.0,0.0,19.208357487807449,32.728468027678477,20.0,30.0,0.0,17.605282273890859,0.0,0.0,0.0,13.363350707479772,0.0,0.0,458.4807341277553,461.68216061458539,465.68147185721048,458.784665703512,518.8056323805797,758.6687372275017,542.3334019824187,630.9102719954829,714.9088926251621,0.0,82.92219196948199,82.92219196948199,60.0,0.0,60.0,60.0,12.0,12.0,12.0,19.0,12.0,12.0,21.0,10.0,0.0,0.0,0.0,0.0,0.0,0.0,0.0,0.0,0.0,0.0,0.0,0.0,0.0,82.92219196948199,82.92219196948199,0.0,0.0,0.0,82.92219196948199,0.0,0.0,0.0016966666666666665 
 04/16  04:30:00,2.465,91.0,2.41,0.0,0.0,0.0,0.0,0.0,2.0,2.0,0.0,0.0,0.0,0.0,0.0,284.0,0.0,0.0,0.0,0.0,0.0,0.0,0.0,0.0,0.0,0.0,0.0,19.119697380544645,-254.5874019448811,19.034525594318564,-232.38521678967255,18.72266703534571,-109.54925466622899,18.716005469848555,-168.21653709952489,19.828533422453096,-19.14345521263448,20.74540727381536,-65.71336451159482,18.817936231966024,-127.50387697041117,16.584909894697789,-267.82306872501968,19.088801237696829,-87.5192631153572,651.1609263533437,711.5245071054087,0.0,0.0,0.0,0.0,0.0,0.0,0.0,0.0,0.0,0.0,0.0,0.0,0.0,0.0,0.0,0.0,0.0,0.0,0.0,0.0,0.0,0.0,1.7042612973307608,0.520226281236496,328.6705878884769,397.64851720405,10789.734592766828,0.30853608718917088,0.0470903673976146,185.30860502341023,224.31007212532058,6073.712427873708,2.9699529912263555,0.5612156068077016,303.0342986331709,366.7194749679587,9905.976915004456,0.32871118601431956,0.06211473658622816,171.4825265383087,207.46693216588757,5600.832095951266,0.0,0.0,7.614890148520878,9.173036768017078,267.4472368848864,0.0,0.0,14.712320300612568,17.65445484232727,548.1546972814526,0.0,0.0,57.38487942445016,69.42410813414543,1874.5996858886834,0.0,0.0,48.99394680309703,59.79972306770666,1358.0087068795656,0.0,0.0,29.071151087824548,35.09162987382222,988.6345919053895,33.59545773886792,23.04215208427156,463.5957146798048,562.6632000843266,15354.951050336516,0.0,0.0,59.791153925628169,73.65623562030055,1344.421661294813,0.0,18.51331381854081,32.73984594799354,22.0,30.0,0.0,18.538024191986513,32.64038445006857,12.0,30.0,0.0,18.28987316923609,33.28890205099953,22.0,30.0,0.0,18.46635987034982,32.98872342248347,12.0,30.0,0.0,19.745755236961246,31.279786612253085,12.0,30.0,0.0,20.867998664762106,29.773584235611854,12.0,30.0,0.0,18.465249526437057,33.54833574475853,10.0,30.0,0.0,15.91998556765441,40.11640914446671,12.0,30.0,0.0,19.163173671605955,32.60125226561958,20.0,30.0,0.0,17.56982267298431,0.0,0.0,0.0,13.261924927747352,0.0,0.0,456.11530092486876,459.1619053987981,464.9552221586782,459.5197906603926,516.1606279929911,754.9510342398153,540.0020889215211,629.7494565583113,709.509683817015,0.0,82.92219196948199,82.92219196948199,60.0,0.0,60.0,60.0,12.0,12.0,12.0,19.0,12.0,12.0,21.0,10.0,0.0,0.0,0.0,0.0,0.0,0.0,0.0,0.0,0.0,0.0,0.0,0.0,0.0,82.92219196948199,82.92219196948199,0.0,0.0,0.0,82.92219196948199,0.0,0.0,0.0016933333333333334 
 04/16  04:40:00,2.4066666666666669,91.33333333333333,2.37,0.0,0.0,0.0,0.0,0.0,2.0,2.0,0.0,0.0,0.0,0.0,0.0,284.0,0.0,0.0,0.0,0.0,0.0,0.0,0.0,0.0,0.0,0.0,0.0,18.942608476751304,-119.46351304040036,19.043499612013237,-278.72514611918157,18.730432661024417,-233.48623661010789,18.598408513180645,-114.73516435347347,19.771703332897933,-19.866222421858454,20.675535528041445,-66.28680708738307,18.75827331732384,-140.09753040882266,16.498179899143289,-268.0847728959351,19.046941259249317,-91.28287768658493,635.7414027952755,717.6960169391199,0.0,0.0,0.0,0.0,0.0,0.0,0.0,0.0,0.0,0.0,0.0,0.0,0.0,0.0,0.0,0.0,0.0,0.0,0.0,0.0,0.0,0.0,1.7074848812258235,0.5212102812044639,333.9577487424839,404.2562660810878,10893.839909076953,0.302312667730795,0.04614051705292965,178.32056473354758,215.5599500874148,5884.345269596773,2.861302183029051,0.5406844639132751,308.3741477896618,373.3246927510212,10128.392688255935,0.3262228527516071,0.06164452999841402,162.76849027526607,197.09501877870924,5289.514093269849,0.0,0.0,7.5551585756465269,9.10427114006117,265.42997505889738,0.0,0.0,14.889845591807255,17.872024821586146,554.5230854780074,0.0,0.0,54.90056089389371,66.46041064317314,1793.978355907449,0.0,0.0,48.899951873638048,59.71008255427304,1352.16706586376,0.0,0.0,30.32500487857815,36.60944998718402,1032.1993122795946,33.47648215126816,22.960550172337564,462.53458191975246,561.5717576275823,15284.662727405208,0.0,0.0,59.625119688928339,73.48551527494897,1335.5023020402765,0.0,18.265038624597837,33.185084777150979,22.0,30.0,0.0,18.62148072625113,32.44051129953677,12.0,30.0,0.0,18.358614120308393,33.02224270574465,22.0,30.0,0.0,18.301174996138884,33.10899626340057,12.0,30.0,0.0,19.688594364417555,31.205815885300774,12.0,30.0,0.0,20.797052255250379,29.682353404547074,12.0,30.0,0.0,18.40586918221185,33.563301598928017,10.0,30.0,0.0,15.824500619288984,40.10359827894143,12.0,30.0,0.0,19.117191171812967,32.49067667447979,20.0,30.0,0.0,17.476202302840563,0.0,0.0,0.0,13.157657120614659,0.0,0.0,456.58589564712539,460.64972590986147,464.6821334162873,456.74866850093135,516.4256856346906,754.2912144246436,540.8935018278158,628.13890762038,706.7143734163877,0.0,82.92219196948199,82.92219196948199,60.0,0.0,60.0,60.0,12.0,12.0,12.0,19.0,12.0,12.0,21.0,10.0,0.0,0.0,0.0,0.0,0.0,0.0,0.0,0.0,0.0,0.0,0.0,0.0,0.0,82.92219196948199,82.92219196948199,0.0,0.0,0.0,82.92219196948199,0.0,0.0,0.00169 
 04/16  04:50:00,2.3483333333333338,91.66666666666667,2.33,0.0,0.0,0.0,0.0,0.0,2.0,2.0,0.0,0.0,0.0,0.0,0.0,284.0,0.0,0.0,0.0,0.0,0.0,0.0,0.0,0.0,0.0,0.0,0.0,18.97779340923494,-251.41445295089944,18.893360062942258,-228.00049807220968,18.590712773258195,-107.75183181459579,18.593015875619643,-169.19785716280286,19.714419764448409,-19.702448412856627,20.606284152581755,-66.38230653016712,18.684362600409196,-131.10970339176834,16.41346783897209,-273.08529819749347,19.003687626561736,-93.50569606558259,640.8912358038178,730.0313737391642,0.0,0.0,0.0,0.0,0.0,0.0,0.0,0.0,0.0,0.0,0.0,0.0,0.0,0.0,0.0,0.0,0.0,0.0,0.0,0.0,0.0,0.0,1.7035609564292205,0.5200125019625215,319.6226181618977,386.91463752665029,10486.343644797096,0.3090364961145944,0.047166742386232359,180.38505407448765,218.46710302802348,5909.7547951335059,2.980506795030282,0.5632099007993732,295.3352665601067,357.58354533509779,9655.152868452551,0.328093778049913,0.0619980684145716,167.8998921721067,203.23754899390256,5482.469736301307,0.0,0.0,7.668154967139351,9.24180143030583,269.46873112566728,0.0,0.0,14.84407524921205,17.82298366962865,552.6956629624103,0.0,0.0,57.51586122618167,69.62449704254409,1876.5740599844317,0.0,0.0,49.648114980403139,60.644091623433698,1369.866552210491,0.0,0.0,30.132564030337077,36.38823984319009,1026.5178926205409,33.43706783296271,22.933517032210376,450.7814446758234,547.3954119513287,14946.222534118064,0.0,0.0,60.38390777658368,74.44702126579995,1348.0420926354614,0.0,18.377765260165917,32.733214647489678,22.0,30.0,0.0,18.405115785966168,32.63625716471505,12.0,30.0,0.0,18.162219522072808,33.27129826330649,22.0,30.0,0.0,18.33835175784865,32.96948894644167,12.0,30.0,0.0,19.63144035625025,31.140696061629165,12.0,30.0,0.0,20.729851325041126,29.6221728899173,12.0,30.0,0.0,18.32052543754019,33.49847779249849,10.0,30.0,0.0,15.732733418118045,40.10667619780311,12.0,30.0,0.0,19.0697727229227,32.39383973803268,20.0,30.0,0.0,17.436795336152735,0.0,0.0,0.0,13.059877681876458,0.0,0.0,454.1694702898974,457.9838492228033,463.94439061336348,457.8433325227942,514.06782312632,750.9821597514808,538.499099986562,627.3009185046378,702.280277291741,0.0,82.92219196948199,82.92219196948199,60.0,0.0,60.0,60.0,12.0,12.0,12.0,19.0,12.0,12.0,21.0,10.0,0.0,0.0,0.0,0.0,0.0,0.0,0.0,0.0,0.0,0.0,0.0,0.0,0.0,82.92219196948199,82.92219196948199,0.0,0.0,0.0,82.92219196948199,0.0,0.0,0.0017066666666666665 
 04/16  05:00:00,2.29,92.0,2.29,0.0,0.0,0.0,0.0,0.0,2.0,2.0,0.0,0.0,0.0,0.0,0.0,284.0,0.0,0.0,0.0,0.0,0.0,0.0,0.0,0.0,0.0,0.0,0.0,18.80219935617319,-117.86870455505778,18.90112937458411,-274.893802160281,18.596364342329296,-230.72530670593097,18.47631185797902,-116.81875038789076,19.656028732784116,-20.388442343104147,20.53672074876039,-66.91846855494532,18.623837780675634,-143.50719255676075,16.327261637240249,-273.0338918999488,18.959651906661237,-97.18309168029862,626.6030475312618,735.5676199282412,0.0,0.0,0.0,0.0,0.0,0.0,0.0,0.0,0.0,0.0,0.0,0.0,0.0,0.0,0.0,0.0,0.0,0.0,0.0,0.0,0.0,0.0,1.7065315301100222,0.5209192704853547,328.5155762168934,397.8784390033901,10712.191909589306,0.30254742522999047,0.046176346952074249,175.5706150804329,212.35206415027526,5789.66720490711,2.8729350809068565,0.5428826683497463,302.6567148595177,366.60082768485258,9938.347582899445,0.3254934851881255,0.06150670543993299,159.75864105599215,193.55323186318734,5190.899129237052,0.0,0.0,7.604584008204494,9.168363121092856,267.29420525431217,0.0,0.0,15.019615450550102,18.038244472781309,559.0149408442998,0.0,0.0,55.05114745485224,66.68210428579693,1796.6433690905245,0.0,0.0,49.528911496135879,60.52326123743852,1363.4477761748913,0.0,0.0,31.341122590918645,37.85260228450443,1068.5211806624807,33.32207364459342,22.854645846771903,454.0177120989486,551.5185882356813,15011.204929310094,0.0,0.0,60.194356078224007,74.24618004825652,1338.969718388526,0.0,18.13229042302995,33.186530222455207,22.0,30.0,0.0,18.485392726102807,32.4522560192904,12.0,30.0,0.0,18.227120442474758,33.02551283677285,22.0,30.0,0.0,18.174559271339793,33.09784333078294,12.0,30.0,0.0,19.572769651864645,31.087833095317366,12.0,30.0,0.0,20.65999095953434,29.547766360545987,12.0,30.0,0.0,18.26064107091748,33.526309329277967,10.0,30.0,0.0,15.638833441304247,40.11342926477862,12.0,30.0,0.0,19.021715961908148,32.307813614578559,20.0,30.0,0.0,17.345804518770288,0.0,0.0,0.0,12.95894131850697,0.0,0.0,454.8701130338544,459.59038594688686,463.7221964015496,454.94275928480229,514.5080534907163,750.5872055794755,539.6472601202909,625.9264813039316,700.0396865967296,0.0,82.92219196948199,82.92219196948199,60.0,0.0,60.0,60.0,12.0,12.0,12.0,19.0,12.0,12.0,21.0,10.0,0.0,0.0,0.0,0.0,0.0,0.0,0.0,0.0,0.0,0.0,0.0,0.0,0.0,82.92219196948199,82.92219196948199,0.0,0.0,0.0,82.92219196948199,0.0,0.0,0.0017233333333333335 
 04/16  05:10:00,2.315,92.0,2.38,0.0,0.0,0.0,0.0,0.0,2.0,2.0,0.0,0.0,0.0,0.0,0.0,284.0,0.0,0.0,0.0,0.0,0.0,0.0,0.0,0.0,0.0,0.0,0.0,18.836197183147875,-248.67385483989529,18.75537146536638,-220.6796933657988,18.46060439811566,-105.91362207462771,18.471207329920966,-169.82447769835108,19.597263801003238,-20.218913328783118,20.4676408307992,-67.06238251170123,18.54956409430227,-134.4142472925579,16.24296606116706,-277.7133417793557,18.914289140911735,-99.22439845708698,628.2791820607408,747.1785043728012,0.0,0.0,0.0,0.0,0.0,0.0,0.0,0.0,0.0,0.0,0.0,0.0,0.0,0.0,0.0,0.0,0.0,0.0,0.0,0.0,0.0,0.0,1.6893769214382335,0.5156828209518417,306.6674553583532,371.44631131920399,10004.282363419145,0.30723061167708468,0.046891118998334039,172.28650575414276,208.7741326453608,5614.849294151747,2.9381724472959984,0.5552102130188963,286.08605602052969,346.5676132870625,9305.69746653776,0.3249804591171711,0.06140976173793858,163.49964046353319,198.01925146921458,5310.518292197699,0.0,0.0,7.721211880706916,9.310776328366103,270.14493908599118,0.0,0.0,14.966598040488329,17.98115096712911,554.3928997807757,0.0,0.0,57.65039667940982,69.83181920603842,1868.9072315567037,0.0,0.0,50.25439712949324,61.432481826931738,1371.9459688427508,0.0,0.0,31.097621758811728,37.57120938099976,1055.764186563641,33.38748983942993,22.899512921419715,433.17007396108837,526.3008615345284,14313.092452243469,0.0,0.0,60.931478132465787,75.18386927822724,1340.7970474314739,0.0,18.243706086788799,32.75095082886902,22.0,30.0,0.0,18.277858136435108,32.652639224754519,12.0,30.0,0.0,18.038530775511803,33.2755385001443,22.0,30.0,0.0,18.21245559723441,32.97163846183825,12.0,30.0,0.0,19.514179017171274,31.043169728788464,12.0,30.0,0.0,20.592056265294084,29.500958530002604,12.0,30.0,0.0,18.17573403986706,33.480579198324097,10.0,30.0,0.0,15.54834751337895,40.137213885666287,12.0,30.0,0.0,18.97231725746935,32.23580261445605,20.0,30.0,0.0,17.30223349140988,0.0,0.0,0.0,12.86476198223566,0.0,0.0,452.0792010565606,456.6133337449741,462.84361067575289,456.32909671686368,512.3409666917567,747.4399953250686,537.0651099996271,625.3066640187274,696.3006143612817,0.0,82.92219196948199,82.92219196948199,60.0,0.0,60.0,60.0,12.0,12.0,12.0,19.0,12.0,12.0,21.0,10.0,0.0,0.0,0.0,0.0,0.0,0.0,0.0,0.0,0.0,0.0,0.0,0.0,0.0,82.92219196948199,82.92219196948199,0.0,0.0,0.0,82.92219196948199,0.0,0.0,0.00174 
 04/16  05:20:00,2.34,92.0,2.47,11.666666666666668,0.0,0.0,0.0,0.0,2.0,2.0,0.0,0.0,0.0,0.0,0.0,284.0,0.0,16.51239781371122,5.397611102099607,13.831159061496324,0.4951278833759533,13.178495787023595,0.0,5.397611102099603,7.378943595128014,0.0,0.0,18.66452274734093,-116.09745410135929,18.76683112370141,-271.0852464040495,18.467142816814588,-228.8010828244378,18.362601791798157,-118.17764156302065,19.538981607125437,-20.885992722287058,20.403278524139738,-67.50591523686814,18.488411046956558,-146.33764742298798,16.160043120605665,-277.09393141540616,18.871450467289259,-102.8393851856523,614.8204740642659,751.6754311770015,0.0,0.0,0.0,0.0,0.0,0.0,0.0,0.0,0.0,0.0,0.0,0.0,0.0,0.0,0.0,0.0,0.0,0.0,0.0,0.0,0.0,0.0,1.6791060195709853,0.5125476250216683,321.861679885077,390.0426096723532,10385.211330040134,0.29770407936153878,0.0454371305496854,172.3455026419487,208.57520734833933,5623.103684709593,2.7782329194860129,0.5249873241659134,295.1678328772783,357.7380214767654,9590.609592372592,0.31975742255276187,0.060422793377317037,155.73848254589445,188.79109977925448,5008.599395045301,0.0,0.0,7.660814486803648,9.24140383129868,266.80693344909886,0.0,0.0,15.147452568403562,18.203544268842735,558.3810305627476,0.0,0.0,55.26011449219412,66.97948087639002,1782.5604761671294,0.0,0.0,50.11352643106966,61.28672452360225,1356.678310677115,0.0,0.0,32.27834953290978,39.004517053099828,1091.2407674618949,33.385525190069447,22.898165425287695,443.1011897468784,538.5611936288574,14514.46849788625,0.0,0.0,60.72295001010026,74.96011986863175,1321.769265781335,0.0,18.005493356575408,33.21257137809205,22.0,30.0,0.0,18.35536151516354,32.488662191194979,12.0,30.0,0.0,18.102769362025798,33.05303322465045,22.0,30.0,0.0,18.05414400937495,33.11176220394318,12.0,30.0,0.0,19.4557082408919,31.007764013331355,12.0,30.0,0.0,20.523666546348239,29.444426288239165,12.0,30.0,0.0,18.115699708269099,33.520311246940668,10.0,30.0,0.0,15.457568105280768,40.15680826740457,12.0,30.0,0.0,18.923754409977805,32.1694115480519,20.0,30.0,0.0,17.220896042770926,0.0,0.0,0.0,12.77145329634584,0.0,0.0,453.1282238629738,458.3186862969093,462.6523116221605,453.17955279014066,512.8588665263447,747.1989295181496,538.2411083755081,624.0013317354427,694.3561087131462,0.0,82.92219196948199,82.92219196948199,60.0,0.0,60.0,60.0,12.0,12.0,12.0,19.0,12.0,12.0,21.0,10.0,0.0,0.0,0.0,0.0,0.0,0.0,0.0,0.0,0.0,0.0,0.0,0.0,0.0,82.92219196948199,82.92219196948199,0.0,0.0,0.0,82.92219196948199,0.0,0.0,0.0017333333333333335 
 04/16  05:30:00,2.365,92.0,2.56,14.0,0.0,0.0,0.0,0.0,2.0,2.0,0.0,0.0,0.0,0.0,0.0,284.0,0.0,20.12614305406719,4.925227466195657,12.620719411524071,0.6034865975225244,16.062612629406929,0.0,4.925227466195654,6.73315935119817,0.0,0.0,18.69744680132502,-245.89001211994219,18.63083449031524,-212.76478001020679,18.338117087928848,-103.61666313056867,18.360255455063759,-170.98718697076766,19.47992894122637,-20.70665827535231,20.338340425570619,-67.77292912287857,18.414487804536518,-136.77963571811677,16.078492194933163,-280.55283181885707,18.825728877071624,-104.63496502299563,614.385693179378,761.2620657372304,0.0,0.0,0.0,0.0,0.0,0.0,0.0,0.0,0.0,0.0,0.0,0.0,0.0,0.0,0.0,0.0,0.0,0.0,0.0,0.0,0.0,0.0,1.6625821416110996,0.5075037062304944,289.88055713609858,351.31847547239627,9356.310070189107,0.3031874593711973,0.046274032260561249,161.99915682344386,196.41575615489848,5227.701376589362,2.841882575672817,0.5370148480107365,273.3749688407636,331.33719987893428,8806.174563180813,0.31948076584838128,0.060370515088507398,157.33664503732218,190.6588900922044,5059.028164514032,0.0,0.0,7.780171895577053,9.387243941146789,269.7050780104906,0.0,0.0,15.08905673965662,18.139748507262035,553.6311012370798,0.0,0.0,57.859923594339139,70.13215022537207,1853.9789851721244,0.0,0.0,50.807415541606548,62.15727473832101,1364.300651498469,0.0,0.0,31.97895668631711,38.655392794383917,1076.529321998359,33.46960249238903,22.955831613435558,409.66200249712156,498.0204489093968,13437.202797371949,0.0,0.0,61.437884006231389,75.86762261136224,1324.417002645052,0.0,18.11538286028459,32.807133868649419,22.0,30.0,0.0,18.16117115707303,32.70006807617672,12.0,30.0,0.0,17.926006830494264,33.30212235622835,22.0,30.0,0.0,18.095018297010783,32.99620615245159,12.0,30.0,0.0,19.397125903508358,30.98007178724358,12.0,30.0,0.0,20.45841352850168,29.4046362778977,12.0,30.0,0.0,18.032432110898549,33.49960400875017,10.0,30.0,0.0,15.371579501489278,40.190330860287748,12.0,30.0,0.0,18.874298332066937,32.115945896337169,20.0,30.0,0.0,17.168585438271579,0.0,0.0,0.0,12.69187694039087,0.0,0.0,449.89258412589097,455.12500344789887,461.6330989912202,454.81628820135338,510.81219929906549,744.0357398380284,535.458124375837,623.4636022169902,691.0969229690866,0.0,82.92219196948199,82.92219196948199,60.0,0.0,60.0,60.0,12.0,12.0,12.0,19.0,12.0,12.0,21.0,10.0,0.0,0.0,0.0,0.0,0.0,0.0,0.0,0.0,0.0,0.0,0.0,0.0,0.0,82.92219196948199,82.92219196948199,0.0,0.0,0.0,82.92219196948199,0.0,0.0,0.0017266666666666666 
 04/16  05:40:00,2.3899999999999999,92.0,2.6500000000000005,20.0,88.99999999999999,0.0,0.0,0.0,2.0,2.0,0.0,0.0,0.0,0.0,0.0,284.0,0.0,35.819766019349568,77.44817455383577,198.45678127123896,1.0740646988648182,28.58766146548966,0.0,77.44817455383574,105.87752632939444,0.0,0.0,18.53231808975775,-111.65706501101886,18.643910768418026,-264.69870247777319,18.374060653727264,-227.68285925749297,18.339959086646205,-135.44720557887787,19.42105871075146,-21.32935470630298,20.27701137931418,-68.30265527352549,18.35491885692299,-146.80161644340456,16.04174741614085,-279.0857974379602,18.828258310332296,-108.96108777388486,609.0354893208332,762.4631771265039,0.0,0.0,0.0,0.0,0.0,0.0,0.0,0.0,0.0,0.0,0.0,0.0,0.0,0.0,0.0,0.0,0.0,0.0,0.0,0.0,0.0,0.0,1.6564334717902692,0.5056268228908025,314.40327842013849,381.19287924442946,10045.869815086839,0.2941902642599366,0.04490083398350681,169.62471545053459,205.3954739132457,5479.658979121128,2.67237853378514,0.504984605779505,292.4090468807526,354.56965638214356,9412.309156938281,0.31228756043634628,0.05901125480656579,157.8146677184768,191.40859052807765,5031.2574024594309,0.0,0.0,7.725301592015558,9.32444899063233,266.5623711041255,0.0,0.0,15.32405047958061,18.427256229550545,559.5926228229495,0.0,0.0,55.15546899718109,66.89506466517574,1758.8672397421852,0.0,0.0,50.449728598193178,61.74017612234505,1345.857755996125,0.0,0.0,33.51057335829757,40.51158006564048,1124.5984341924869,33.495668907181727,22.97370981288185,437.6366592354701,532.1897105959247,14205.90228254578,0.0,0.0,61.02016996718768,75.37882942153733,1303.7298755404618,0.0,17.889260161514814,33.26518430654277,22.0,30.0,0.0,18.237573291317938,32.54784267022868,12.0,30.0,0.0,18.00279636006946,33.07570627112979,22.0,30.0,0.0,17.965539107474947,33.107682000090239,12.0,30.0,0.0,19.3383867418934,30.964177572015985,12.0,30.0,0.0,20.392891169187675,29.36635091615979,12.0,30.0,0.0,17.976218538667668,33.54238828630269,10.0,30.0,0.0,15.307835963121466,40.16299843917014,12.0,30.0,0.0,18.845721251677547,32.02658341297647,20.0,30.0,0.0,17.113491979085674,0.0,0.0,0.0,12.621817969653084,0.0,0.0,451.42795611827969,456.9431623586073,461.44140681902158,451.45748563085547,511.3677816402688,743.6932643478854,536.6966366081784,622.3874631174933,688.3189140468242,0.0,82.92219196948199,82.92219196948199,60.0,0.0,60.0,60.0,12.0,12.0,12.0,19.0,12.0,12.0,21.0,10.0,0.0,0.0,0.0,0.0,0.0,0.0,0.0,0.0,0.0,0.0,0.0,0.0,0.0,82.92219196948199,82.92219196948199,0.0,0.0,0.0,82.92219196948199,0.0,0.0,0.00172 
 04/16  05:50:00,2.415,92.0,2.74,26.0,177.99999999999998,0.0,0.0,0.0,2.0,2.0,0.0,0.0,0.0,0.0,0.0,142.0,0.0,48.70400969087819,122.51214677546266,313.9307978728622,1.460409910990623,38.87062887190221,0.0,122.51214677546253,167.4833928703263,0.0,0.0,18.510432142911506,-215.32678579978984,18.62680738375945,-68.38020160577594,18.39706672658125,-24.495266549996815,18.398660695073028,-222.64864464711719,19.356789177771426,-20.28124288776371,20.211845760046015,-67.43386144425256,18.289088505963038,-130.31650475309085,16.017290880824619,-278.5787351224337,18.839228435032987,-108.78070874576906,541.2044096394893,770.4814665954248,0.0,0.0,0.0,0.0,0.0,0.0,0.0,0.0,0.0,0.0,0.0,0.0,0.0,0.0,0.0,0.0,0.0,0.0,0.0,0.0,0.0,0.0,1.6337373311291242,0.4986988190259842,172.55788395815805,208.99504738825267,5510.6964226658,0.30501774423730496,0.046553379767598438,36.11315156141857,43.68091441262963,1179.0122739167039,2.7979575373398339,0.5287145762169,260.1334971689483,314.83260569696156,8415.13330845463,0.3152545523797377,0.05957191088052487,125.85851706065971,152.38715465605828,4013.9626103244988,0.0,0.0,7.882522564511081,9.500575530930567,270.62437110645478,0.0,0.0,15.204967256283489,18.259232726255314,552.498790742951,0.0,0.0,59.5003034612042,72.04988748016284,1886.9040150388588,0.0,0.0,51.034381105309389,62.36123875738417,1354.9893146048299,0.0,0.0,32.70013852221206,39.46990086657488,1095.5515201505808,33.60243974445324,23.046940839817048,261.4743745274766,317.8317427624148,8728.32167116982,0.0,0.0,61.671657069984828,76.06700917197836,1310.6981265204038,0.0,17.889075311395535,33.07648181364092,22.0,30.0,0.0,18.271116995083138,32.34848531720423,12.0,30.0,0.0,18.079789663260656,33.05547994355617,22.0,30.0,0.0,17.98064234947347,32.873079558344318,12.0,30.0,0.0,19.26933256264001,30.98046703705223,12.0,30.0,0.0,20.318531936600189,29.34240190104761,12.0,30.0,0.0,17.909155959333796,33.68266179402901,10.0,30.0,0.0,15.265512319349975,40.18507500404101,12.0,30.0,0.0,18.837337164750406,31.937352871077797,20.0,30.0,0.0,16.840837434825738,0.0,0.0,0.0,12.588270782243681,0.0,0.0,445.0882991915609,449.4638372342755,464.64440141678997,441.3395363835951,512.4393116794072,743.3132906632839,534.7875183272006,623.206635975639,688.9156016841317,0.0,82.92219196948199,82.92219196948199,60.0,0.0,60.0,60.0,12.0,12.0,12.0,19.0,12.0,12.0,21.0,10.0,0.0,0.0,0.0,0.0,0.0,0.0,0.0,0.0,0.0,0.0,0.0,0.0,0.0,82.92219196948199,82.92219196948199,0.0,0.0,0.0,82.92219196948199,0.0,0.0,0.0017333333333333335 
 04/16  06:00:00,2.44,92.0,2.83,32.0,267.0,0.0,0.0,0.0,2.0,2.0,0.0,0.0,0.0,0.0,0.0,284.0,0.0,67.94262825256333,163.2221888280073,418.24814673815936,2.037292599521051,54.22500565240879,0.0,163.22218882800719,223.13710677797804,0.0,0.0,18.534200482994799,-131.1397778641567,18.550575229249199,-232.14501158867325,18.342851208596906,-171.01167049642664,18.496233102588627,-164.84935486538917,19.30542133797514,-20.443284956367763,20.165644653741134,-67.36348111142149,18.234523273617584,-134.67437317139696,16.01099302342532,-278.97894728266217,18.86046746253332,-113.93824810147066,578.3514880491002,765.7653898676248,0.0,0.0,0.0,0.0,0.0,0.0,0.0,0.0,0.0,0.0,0.0,0.0,0.0,0.0,0.0,0.0,0.0,0.0,0.0,0.0,0.0,0.0,1.6353056359093877,0.4991775445388852,205.08196114471424,248.75087535392013,6589.054014637224,0.297799161559413,0.04545164248464789,107.01935173281743,129.89975269622108,3431.8362791979409,2.63693868648142,0.49828773365106218,206.81557186970719,250.7464596849837,6650.1835836259729,0.30987875362842556,0.058556075893504439,119.88749609729863,145.30664712001076,3838.55315075162,0.0,0.0,7.82929279860924,9.45437770790377,267.6865035756431,0.0,0.0,15.439349462607043,18.576926113805479,558.8349313950281,0.0,0.0,55.789829506289297,67.68050684589567,1760.8143835008914,0.0,0.0,50.62881201063619,61.97856219999424,1340.130967712985,0.0,0.0,34.293585666475468,41.46623578973196,1147.3102859046492,33.74453233109205,23.144398032299084,283.494501097853,345.1462226255038,9409.367016560505,0.0,0.0,61.24403515986623,75.67684049763798,1296.6119547274284,0.0,18.021415404444999,32.865159068335099,22.0,30.0,0.0,18.141137315179056,32.587148558688898,12.0,30.0,0.0,17.96085913362959,33.07190897078739,22.0,30.0,0.0,18.08389640133487,32.810614319670559,12.0,30.0,0.0,19.22552127047524,31.000306252625859,12.0,30.0,0.0,20.274750731541766,29.33776946679636,12.0,30.0,0.0,17.860766876046964,33.64299559992827,10.0,30.0,0.0,15.253372827308003,40.11057217460868,12.0,30.0,0.0,18.84261919711757,31.860524981733599,20.0,30.0,0.0,16.908940923666508,0.0,0.0,0.0,12.575627113554497,0.0,0.0,449.2016680433172,453.76527379108065,460.39563441280986,451.2076013725331,511.1935419702314,740.5968368261929,535.1333715882975,622.5239388710575,684.5461756321342,0.0,82.92219196948199,82.92219196948199,60.0,0.0,60.0,60.0,12.0,12.0,12.0,19.0,12.0,12.0,21.0,10.0,0.0,0.0,0.0,0.0,0.0,0.0,0.0,0.0,0.0,0.0,0.0,0.0,0.0,82.92219196948199,82.92219196948199,0.0,0.0,0.0,82.92219196948199,0.0,0.0,0.0017466666666666668 
 04/16  06:10:00,2.8,91.33333333333334,2.8583333333333336,38.0,356.00000000000008,0.0,0.0,0.0,2.0,2.0,0.0,0.0,0.0,0.0,0.0,1430.0,0.0,83.86133648645445,194.7648152794858,499.07454222121546,2.514634417671461,66.92985209907072,0.0,194.76481527948565,266.2582685336138,0.0,0.0,19.668163913378458,-869.7505236409285,18.75582947326454,650.4402498803808,19.807746396232657,-2456.2684738684026,18.863032930162406,803.4927438917268,19.252662832013976,-21.264556483908643,20.122851520637945,-68.83244036808908,18.312453334571399,97.85893675111687,16.77470934652748,-334.74581729376788,19.477504736072427,-153.60500194638619,852.4261334577194,723.185662303204,0.0,0.0,0.0,0.0,0.0,0.0,0.0,0.0,0.0,0.0,0.0,0.0,0.0,0.0,0.0,0.0,0.0,0.0,0.0,0.0,0.0,0.0,1.6154239064141014,0.49310864054154499,356.50356124814825,429.7596153233697,12482.429325648249,0.3901405926423219,0.05954526749730189,312.415524206721,378.3012094867092,10120.502459239307,2.09054713695338,0.39503914152558219,483.29181992513568,582.0931565502403,17196.55864045146,0.3763914180096464,0.07112460657778654,333.52187719950646,403.7246646475481,10889.700408673249,0.0,0.0,9.52136109344096,11.513087122347386,317.6232701741715,0.0,0.0,16.90573528875922,20.3703458024624,597.9772763150413,0.0,0.0,71.93614753041369,87.30060885985128,2250.466928268876,0.0,0.0,41.4121413055999,50.55576719188324,1166.4728246971309,0.0,0.0,37.29019290141305,45.00595820544578,1289.512808313657,34.53044122387709,23.683430194703097,634.2480194248142,769.9471986278661,20678.85637708721,0.0,0.0,52.12121584226068,64.50494824143513,1061.9375302977472,1975.8222604371575,19.763668176021008,29.537277420705015,21.999999999999998,30.0,0.0,18.589177542440397,31.745617589080554,15.999999999999999,30.0,4446.261578576859,20.111118615628539,28.92840840658316,21.999999999999998,30.0,0.0,18.710765783849543,31.519458470085526,15.999999999999999,30.0,0.0,19.179164930999318,31.01539189840569,12.0,30.0,0.0,20.23016755694556,29.335952494208809,19.0,30.0,0.0,18.076873439415587,33.02331327495834,10.0,30.0,836.9052813153002,16.55498237534326,36.8334201173903,16.7,30.0,861.9351477205281,19.805807341067383,29.918348702728527,19.4,30.0,0.0,17.799082717803456,0.0,0.0,0.0,12.551244827322233,0.0,0.0,453.69772859473178,454.6651664560188,453.84818805928088,452.46390401798399,511.37266911495666,737.6968957006812,509.21850166853877,625.3023838897402,676.0536577551955,10905.325496703597,80.79387385297454,86.6054512992254,60.0,0.0,60.0,60.0,16.0,16.0,19.0,19.0,16.0,12.0,21.0,10.0,1.0,0.0,1975.8222604371575,0.0,4446.261578576859,0.0,0.0,0.0,836.9052813153002,861.9351477205281,8794.681806238728,5276809.083743236,6896292.044397755,80.79387385297454,86.70415117737582,0.3611560602079576,0.7656600681954675,0.3602813740196596,86.70415117737582,0.3542647819438876,6896292.044397755,0.36036718630868339 
 04/16  06:20:00,3.16,90.66666666666667,2.8866666666666669,44.00000000000001,445.0,0.0,0.0,0.0,2.0,2.0,0.0,0.0,0.0,0.0,0.0,572.0,0.0,100.83307154082817,221.6436217792434,567.9501947349086,3.0235555672603038,80.4751606705172,0.0,221.6436217792433,303.00363482888488,0.0,0.0,20.450565059063825,-1375.2088068704798,19.361679205866979,750.3202548865697,20.72126920911405,-3343.7611320245798,19.752477324969328,686.5155651707532,19.19491552140002,-13.605135309131413,20.08128465090431,-51.66407798456845,18.662359771646956,167.84769610252375,16.734458487140889,-352.9612927311781,19.4324543757131,-108.27764428050108,1087.890812714143,756.4148712576728,0.0,0.0,0.0,0.0,0.0,0.0,0.0,0.0,0.0,0.0,0.0,0.0,0.0,0.0,0.0,0.0,0.0,0.0,0.0,0.0,0.0,0.0,1.6760345284654879,0.5116100514241417,434.38060037148366,521.7206483895087,15765.029991715484,0.4276895162099297,0.0652761776877182,375.2901883230872,452.90825809923157,12581.339977821506,2.0549336108265066,0.3883094502695592,538.1865607185259,645.571391158388,19933.868758801524,0.38729725921290716,0.07318542313169069,362.31256594619347,436.6525473721853,12436.25774952889,0.0,0.0,9.85733226449161,11.916814888746242,320.6523309516182,0.0,0.0,15.961607910679792,19.227419675424288,551.7081502456549,0.0,0.0,90.86774696228309,109.98928014111822,2885.546916597319,0.0,0.0,45.29371074684151,55.269104312469668,1231.4145314971248,0.0,0.0,29.25659511414849,35.315239049381847,981.1598394589233,35.23516247706684,24.166778104984119,729.0533635941637,882.6337901292328,24228.983025859165,0.0,0.0,56.18895913480631,69.46861399025883,1109.5131358625889,1869.226088355378,21.037364278179355,27.31024704125266,22.0,30.0,0.0,19.63792071772965,29.771332135979884,16.0,30.0,4153.57622747053,21.4373393048827,26.64935599569774,22.0,30.0,0.0,20.06819549607496,28.98855099689527,16.0,30.0,0.0,19.126982522143167,31.013220896297875,12.0,30.0,0.0,20.188960875808428,29.316203339680837,19.0,30.0,0.0,18.70878071089315,31.666586157761285,10.0,30.0,0.0,16.38711706188631,37.08068169787093,16.0,30.0,0.0,19.64545526821574,30.129810060787226,19.0,30.0,0.0,18.722291607923617,0.0,0.0,0.0,12.611066099758327,0.0,0.0,455.110734127912,457.6267025692941,454.84229479134259,455.9018586932551,506.99436225292689,731.7309479751602,496.12780691706709,620.0945280607596,676.6061825315468,12061.07102987897,80.02934153941507,87.86689236804669,60.0,0.0,60.0,60.0,16.0,16.0,19.0,19.0,16.0,12.0,21.0,10.0,1.0,0.0,1869.226088355378,0.0,4153.57622747053,0.0,0.0,0.0,0.0,0.0,11859.654721358582,7115792.832815148,9287052.788803865,80.02934153941507,88.0,0.39532182404528606,0.7662358793075201,0.36028137401965956,88.0,0.3542647819438875,9287052.788803865,0.4846700783511343 
 04/16  06:30:00,3.5199999999999997,90.0,2.915,50.0,534.0,0.0,0.0,0.0,2.0,2.0,0.0,0.0,0.0,0.0,0.0,1001.0,0.0,118.84554779612715,243.50725299807,623.9747757731379,3.5636876355145947,94.85112596961574,0.0,243.5072529980697,332.89287629084279,0.0,0.0,20.87782807487936,-1427.5845036001552,19.83505737104145,825.9920798095385,20.966271243813485,-1998.5984551606617,20.322236411252829,545.0055873317177,19.14820643517506,-11.345260882977274,20.060725759355369,-32.56725813752244,18.93545539947067,228.79482035309094,16.82893969214445,-385.2778107276131,19.384251648370399,-79.92042830750479,1241.986800548988,831.1109923417141,0.0,0.0,0.0,0.0,0.0,0.0,0.0,0.0,0.0,0.0,0.0,0.0,0.0,0.0,0.0,0.0,0.0,0.0,0.0,0.0,0.0,0.0,1.7441533348187799,0.53240333785677,451.3063403442215,541.117931117106,16569.91925985519,0.42677666467935718,0.0651368535835404,361.002027879441,434.75630370152995,12359.66934354368,2.3630249875545505,0.4465277754260297,419.46561372865559,503.0466277631125,15513.929813135424,0.3795413621411616,0.07171983411586566,302.3912727625414,363.7452887355712,10590.172368181193,0.0,0.0,10.0324958883434,12.134384783229205,318.2750446773659,0.0,0.0,15.186196564026537,18.29971718907492,513.4758688141233,0.0,0.0,105.9736909694016,128.13354610911794,3381.1006508926227,0.0,0.0,51.323150356254597,62.63830357754898,1367.0545444436717,0.0,0.0,20.553523977318329,24.8294709105799,669.4253024861753,35.75346660259972,24.522267903017629,654.9418350964068,791.243090041314,22421.10871778295,0.0,0.0,63.05280260065594,77.92843558965257,1227.394427845734,1816.0292646231272,21.650068019808903,26.374932797265733,21.999999999999976,29.999999999999969,0.0,20.4125690145564,28.44192942516434,15.999999999999983,29.999999999999969,2044.2779164641955,21.658311188524875,26.370013271355849,21.571428571428549,29.999999999999969,0.0,20.82735509723654,27.72402750863129,15.999999999999983,29.999999999999969,0.0,19.090876123054359,31.02276276308837,11.999999999999986,29.999999999999969,0.0,20.178799061436039,29.279678919926746,18.99999999999998,29.999999999999969,0.0,19.183308247550749,30.760185075112056,9.99999999999999,29.999999999999969,557.7500691937456,16.485789276423139,36.68254953682414,16.428571428571414,29.999999999999969,0.0,19.52775517584649,30.29934810067687,18.99999999999998,29.999999999999969,0.0,19.507745725548994,0.0,0.0,0.0,12.846612753584097,0.0,0.0,459.51321593536405,462.8730839281758,460.2062919538943,462.8105401634847,504.22743086442497,736.4668777818266,493.6266648692239,583.0325028668917,692.761204927075,10116.394856324585,81.31570484241095,84.33133540023582,59.999999999999939,0.0,59.999999999999939,59.999999999999939,16.0,16.0,19.0,19.0,16.0,12.0,21.0,10.0,1.0,0.0,1816.0292646231272,0.0,2044.2779164641955,0.0,0.0,0.0,557.7500691937456,0.0,4563.743946718108,2738246.3680308677,3572666.065986784,81.31570484241095,84.3825508183141,0.34641051250965107,0.7667334095605679,0.3602813740196592,84.3825508183141,0.3542647819438872,3572666.065986784,0.18750530209797948 
 04/16  06:40:00,3.88,89.33333333333334,2.9433333333333335,53.16666666666667,562.5,0.0,0.0,0.0,2.0,2.0,0.0,0.0,0.0,0.0,0.0,429.0,0.0,129.3543645211092,238.1547140742676,610.2593647862808,3.878813697733928,103.23836526195771,0.0,238.15471407426734,325.5755497805833,0.0,0.0,20.89759941065224,-1258.8841711990399,20.0801087757147,415.2105911179983,21.004372844101039,-1358.7132445382889,20.470570795621243,261.2277717308623,19.09804666656151,-10.480560132404193,20.048250304636715,-22.370467343139059,19.12309832963698,141.7192538783111,16.85685984150883,-376.7206613210375,19.362529173923876,-64.32261831123684,1216.4038163550777,845.8181361154752,0.0,0.0,0.0,0.0,0.0,0.0,0.0,0.0,0.0,0.0,0.0,0.0,0.0,0.0,0.0,0.0,0.0,0.0,0.0,0.0,0.0,0.0,1.7468726615456805,0.5332334131702323,400.5049425031282,480.0696359567893,14366.927969060507,0.3835486762547185,0.05853917525255169,273.4937544076996,328.79823979112435,9337.857116610616,2.4563829710944478,0.4641691177427153,392.7931325642156,470.3258452801899,14204.45782266105,0.36149056778575786,0.06830887524296256,259.0609207192856,311.1042110242853,8948.4421934925,0.0,0.0,9.327380428733385,11.276385780663422,288.26656594814099,0.0,0.0,13.498388215031602,16.25570977165395,446.5855359824909,0.0,0.0,103.3392207438635,124.74103951801755,3281.026906043113,0.0,0.0,51.62611411365857,62.95481366994301,1340.471750589951,0.0,0.0,15.559049903144388,18.785525112284398,493.81435253659199,35.39898813867791,24.279141384552767,590.283913607428,712.0902200390688,20041.480624083364,0.0,0.0,63.670558873652669,78.58809688303474,1214.0229413900848,1704.6437445572697,21.617891613396144,26.48339704084465,22.000000000000008,30.00000000000001,0.0,20.725055784114106,27.95349418318049,16.000000000000008,30.00000000000001,2213.265308395753,21.579761424839995,26.572149972098076,21.666666666666676,30.00000000000001,0.0,20.889137578448783,27.67167552782533,16.000000000000008,30.00000000000001,0.0,19.04489652974363,31.080140746915697,12.000000000000006,30.00000000000001,0.0,20.179181180635469,29.25657881630371,19.000000000000008,30.00000000000001,0.0,19.483790876263883,30.21259761720095,10.000000000000004,30.00000000000001,0.0,16.50813960134464,36.50302919585768,16.000000000000008,30.00000000000001,0.0,19.476964923070964,30.350595513968096,19.000000000000008,30.00000000000001,0.0,19.658468694003543,0.0,0.0,0.0,13.02119121659184,0.0,0.0,462.3639967233291,465.765236664168,463.14986057695719,467.95296547098897,501.8674748659487,754.3943994529484,488.1453160351851,543.860758206522,720.4303333919818,9540.932515697772,81.69616341180321,86.30350557485028,60.00000000000002,0.0,60.00000000000002,60.00000000000002,16.0,16.0,19.0,19.0,16.0,12.0,21.0,10.0,1.0,0.0,1704.6437445572697,0.0,2213.265308395753,0.0,0.0,0.0,0.0,0.0,6972.711437590183,4183626.8625541089,5459631.484926313,81.69616341180321,86.38175354010513,0.3457570479196729,0.7651568283883279,0.3602813740196597,86.38175354010513,0.3542647819438876,5459631.484926313,0.28561083721616828 
 04/16  06:50:00,4.239999999999999,88.66666666666667,2.9716666666666669,56.33333333333333,591.0,0.0,0.0,0.0,2.0,2.0,0.0,0.0,0.0,0.0,0.0,572.0,0.0,140.09446887411137,230.66788964475036,591.0749771103414,4.200876241772957,111.81020836851819,0.0,230.66788964475013,315.34049317368086,0.0,0.0,20.90575729900763,-822.7219627479744,20.099765824464354,330.6388396813811,21.13663516020953,-1459.2174274029863,20.582728422739927,247.62990043147,19.052131467155119,-9.658730076423723,20.039225175383828,-19.76738674368829,19.113294500143178,79.42220085488532,16.796660962805878,-352.8491136936937,19.349673186206645,-75.6700845348725,1091.385124839633,871.5161559709586,0.0,0.0,0.0,0.0,0.0,0.0,0.0,0.0,0.0,0.0,0.0,0.0,0.0,0.0,0.0,0.0,0.0,0.0,0.0,0.0,0.0,0.0,1.6979864846845439,0.5183108927608499,305.62423157846947,366.55765085184609,10662.396161975765,0.36853263589128046,0.05624734980025648,242.1970196371509,291.2125239753042,8075.647991040556,2.361760209652741,0.4462887773342294,287.93931535959976,345.06379969047915,10160.594833549198,0.34065906995732689,0.06437246219904133,200.54775641416138,240.85114247948887,6811.340445117192,0.0,0.0,8.925321341771616,10.793690191234262,268.58125053436609,0.0,0.0,12.696214999726733,15.291696784877083,410.777125461319,0.0,0.0,102.93359460737666,124.29926337341147,3181.7676116511045,0.0,0.0,55.35083237143896,67.56288549343651,1372.3789729020755,0.0,0.0,14.93440392967354,18.031483697355449,462.1127916561604,35.00939604970651,24.011931446986638,435.34485635395779,525.446132406631,14615.655667240817,0.0,0.0,67.41178211093164,83.16164313123596,1264.5421837067673,1073.0367640427683,21.40408407749031,26.968038806576737,21.5,30.0,0.0,20.681342862999846,28.12178635235516,16.0,30.0,1890.830944274533,21.592871037741113,26.688580230045568,21.5,30.0,0.0,20.97802250513592,27.610688616756997,16.0,30.0,0.0,19.004602962300156,31.150162842508324,12.0,30.0,0.0,20.18012395599989,29.258395992717934,19.0,30.0,0.0,19.428367141406427,30.373309401469468,10.0,30.0,351.38174310748186,16.2860723351638,36.9820412417361,16.0,30.0,0.0,19.445892328764495,30.378735550657014,19.0,30.0,0.0,19.36995365491119,0.0,0.0,0.0,13.24022386159351,0.0,0.0,464.90847939133428,469.0362088715331,464.9929365586312,472.2709069811732,497.9309949449278,775.6420367160812,482.1584946717561,513.8501228597842,739.2687076404066,8905.051193706808,82.11655391468804,85.63829843750307,60.0,0.0,60.0,60.0,16.0,16.0,19.0,19.0,16.0,12.0,21.0,10.0,1.0,0.0,1073.0367640427683,0.0,1890.830944274533,0.0,0.0,0.0,351.38174310748186,0.0,5329.673532985076,3197804.119791046,4177217.23082597,82.11655391468804,85.69810935088992,0.3476557844328359,0.7665710807455187,0.36028137401965956,85.69810935088992,0.3542647819438875,4177217.23082597,0.2189286293362838 
 04/16  07:00:00,4.6,88.0,3.0,59.5,619.5,0.0,0.0,0.0,2.0,2.0,0.0,0.0,0.0,0.0,0.0,572.0,0.0,150.99488430120787,220.8903556239471,566.0207845003658,4.5277470255302669,120.51000917163788,0.0,220.89035562394685,301.9738628859063,0.0,0.0,20.89079506268463,-1473.5565984960986,20.207067450369907,508.16751970115549,20.869583559405748,-203.12831519833549,20.600065372806136,68.97058549214285,19.00663612502932,-8.906491613227857,20.02933401665684,-18.618707694474368,19.19998378530226,207.76491710205665,17.07125448744401,-346.60177983088519,19.298049128556,-171.50897418113403,1144.108142586967,913.4210767499797,0.0,0.0,0.0,0.0,0.0,0.0,0.0,0.0,0.0,0.0,0.0,0.0,0.0,0.0,0.0,0.0,0.0,0.0,0.0,0.0,0.0,0.0,1.6417956918624,0.5011586360996337,467.15715285027388,560.0774395866356,16031.537364559748,0.3563981718834394,0.054395325379035328,268.8378515379247,323.0930702473245,8840.225550205532,2.6309259493104757,0.49715153993017316,278.11761544000907,333.8398237407304,9496.602764128826,0.34363765844540419,0.06493530960797507,190.1047034355822,228.40617017928578,6285.876761067842,0.0,0.0,9.423187355350152,11.397238975174237,275.88979869176526,0.0,0.0,13.577313546859232,16.353023886671303,429.23144080035197,0.0,0.0,108.8379733686738,131.34465247945509,3320.6126673155088,0.0,0.0,49.19280420060926,59.92354101505019,1239.9352696810145,0.0,0.0,19.634623031689214,23.714957840292,589.3284006694854,34.819440386700389,23.88164635576159,520.5929885763501,627.9445413671787,17157.596915428818,0.0,0.0,71.85648930301814,88.5632864734684,1330.344289999963,1499.4260221230337,21.54997005634548,26.9307931182161,21.75,30.0,0.0,20.834764959520127,28.07284782961337,16.0,30.0,0.0,21.291978969128594,27.342250991572507,21.0,30.0,0.0,20.909642134819746,27.942400814544717,16.0,30.0,0.0,18.962948128982697,31.275781635959647,12.0,30.0,0.0,20.175229866919879,29.294831213981657,19.0,30.0,0.0,19.60091753082417,30.22639527216108,10.0,30.0,226.7764670760343,16.875842947885958,35.68749446677436,16.5,30.0,0.0,19.34530437574052,30.55621102253975,19.0,30.0,0.0,19.797180349577105,0.0,0.0,0.0,13.489535346852218,0.0,0.0,470.9030316880016,476.01988830329835,470.351193217078,478.8762673305718,492.47241208892049,788.4618608451874,484.7008648090949,495.98066793104177,723.6814372559493,9322.303257806565,81.84079508519784,83.60863642671819,60.0,0.0,60.0,60.0,16.0,16.0,19.0,19.0,16.0,12.0,21.0,10.0,1.0,0.0,1499.4260221230337,0.0,0.0,0.0,0.0,0.0,226.7764670760343,0.0,2675.3742779893316,1605224.566793599,2078413.4840087898,81.84079508519784,83.6386602415277,0.3441791425996444,0.7676524500036043,0.36028137401965956,83.6386602415277,0.3542647819438875,2078413.4840087898,0.10979416783512373 
 04/16  07:10:00,4.9833333333333329,87.00000000000002,3.1399999999999999,62.66666666666667,648.0,0.0,0.0,0.0,2.0,2.0,0.0,0.0,0.0,0.0,0.0,572.0,0.0,162.18860285060564,209.23040246324335,536.1430079090894,4.863413692476022,129.4439065719943,0.0,209.23040246324303,286.0338229187438,0.0,0.0,20.90482346761833,-1228.8543193499,20.23825076019468,259.25653730748629,21.074269627004069,-878.0516293120472,20.581958016868087,205.80265204090098,18.962386505273665,-8.502915759669265,20.025725146710415,-18.288904945288324,19.2037009099079,79.47911446994601,16.795793635123674,-300.71402735645827,19.248908427726208,-132.7830838074366,1066.2683827179886,877.5735160700344,0.0,0.0,0.0,0.0,0.0,0.0,0.0,0.0,0.0,0.0,0.0,0.0,0.0,0.0,0.0,0.0,0.0,0.0,0.0,0.0,0.0,0.0,1.5938001211272517,0.4865079734820671,432.81751478330127,519.5921797306799,14257.705738345116,0.33841473321567935,0.051650600307643377,249.82557404353049,300.2532712143657,8018.967612860248,2.2717888758966535,0.42928739151486286,304.65887327574696,364.9129285822183,10295.417246833042,0.3328732954267424,0.06290122740490217,201.56281052644494,242.0408047009187,6493.488166291348,0.0,0.0,8.722487822277533,10.551011661773935,247.87882660043977,0.0,0.0,12.52850585079549,15.087058183016176,386.39039512898816,0.0,0.0,105.00405707353213,126.72568725737293,3117.042282017773,0.0,0.0,53.906734591188499,65.7719140353156,1266.8202680899656,0.0,0.0,17.4200928238303,21.042147433017413,506.99994602571538,34.45579526117841,23.632232689422783,490.60177840845349,591.8998085627773,15621.566896097453,0.0,0.0,72.10056547431563,88.80087832480086,1305.8605542827823,1793.68504616737,21.377032881254956,27.509787296528957,22.0,30.0,0.0,20.80917780734804,28.39954804294841,16.0,30.0,1770.9790299805957,21.528059208844753,27.173479603595163,21.5,30.0,0.0,20.849324681135756,28.282639699147017,16.0,30.0,0.0,18.922077239727324,31.45432935675597,12.0,30.0,0.0,20.177372696886878,30.90919755818164,19.0,30.0,0.0,19.573223581438588,30.545695106877717,10.0,30.0,0.0,16.406020903034685,36.963017465800557,16.0,30.0,0.0,19.276414326988239,32.04153084370499,19.0,30.0,0.0,19.612675989539669,0.0,0.0,0.0,13.686040417866613,0.0,0.0,474.96568052532089,480.44195102951866,475.9040103114504,483.97640100470059,491.01745846971417,833.6352760191091,487.0071110251332,493.1097122655642,739.0281563625634,7899.758472643041,82.7814375132587,82.7814375132587,60.0,0.0,60.0,60.0,16.0,16.0,19.0,19.0,16.0,12.0,21.0,10.0,1.0,0.0,1793.68504616737,0.0,1770.9790299805957,0.0,0.0,0.0,0.0,0.0,0.0,0.0,0.0,82.7814375132587,82.7814375132587,0.34,0.7679839561682349,0.36028137401965956,82.7814375132587,0.3542647819438875,0.0,0.00172 
 04/16  07:20:00,5.366666666666667,86.0,3.28,65.83333333333333,676.5,0.0,0.0,0.0,2.0,2.0,0.0,0.0,0.0,0.0,0.0,573.0,0.0,173.58752848074603,195.6031520793076,501.22415162247617,5.205234670653961,138.5415914586137,0.0,195.60315207930734,267.4043384972682,0.0,0.0,20.852052694586264,-563.3300057848451,20.189539069473058,184.7128061930248,21.05791027187827,-602.869810581569,20.624938393972945,44.94153208554894,18.920020990967204,-7.652579496277937,20.02511476846398,-18.837088564912365,19.121134257833949,40.12401627669374,16.614735576092014,-261.91747242196518,19.227992945191219,-98.67168055293692,988.0154112131409,829.117307984009,0.0,0.0,0.0,0.0,0.0,0.0,0.0,0.0,0.0,0.0,0.0,0.0,0.0,0.0,0.0,0.0,0.0,0.0,0.0,0.0,0.0,0.0,1.5829408066535078,0.48319316442414769,281.9173749445759,338.5463588479505,9038.681409555127,0.3215842580151219,0.04908184646140444,180.1086437481497,216.55610759842492,5591.334457903895,2.095792750155712,0.39603037606872878,265.9802993883751,319.31983313023667,8647.90596837218,0.29960530704213636,0.05661475945618598,159.6324103720021,191.87527174494017,5020.059698691951,0.0,0.0,8.537899201589204,10.329032589477452,235.32775284452334,0.0,0.0,11.736126738616079,14.128589078264309,352.93991244931109,0.0,0.0,101.48442258775938,122.5531236665651,2900.206217279194,0.0,0.0,56.30169714668271,68.75618974396038,1248.9432021645392,0.0,0.0,15.494734806801644,18.71642340245132,438.2457919065075,34.23133985454747,23.47828522259772,376.52589285894,454.6209750795847,11842.58791179937,0.0,0.0,70.60118137819699,86.91178635857614,1245.7496448065909,627.9525329276804,21.168742974569285,28.08258538588894,21.25,30.0,0.0,20.67500846222884,28.882189564934948,16.0,30.0,990.2049769170577,21.448629178299425,27.610492662931529,21.25,30.0,0.0,20.8733555484061,28.548927694313908,16.0,30.0,0.0,18.883347876811837,31.68704766013323,12.0,30.0,0.0,20.181197200011306,32.954372401524647,19.0,30.0,0.0,19.40364601329901,31.116212063366758,10.0,30.0,0.0,16.137700657041227,37.94936997906707,16.0,30.0,0.0,19.255304911386454,33.716441132703227,19.0,30.0,0.0,19.457884599607284,0.0,0.0,0.0,13.84530244567143,0.0,0.0,479.92398135011458,485.8212383737938,480.5530875772836,488.3913491694925,490.70825380726668,887.8499210867491,488.79078309991248,495.3870341364081,772.9814609346339,4456.606887145407,82.46097941756119,82.46097941756119,60.0,0.0,60.0,60.0,16.0,16.0,19.0,19.0,16.0,12.0,21.0,10.0,1.0,0.0,627.9525329276804,0.0,990.2049769170577,0.0,0.0,0.0,0.0,0.0,0.0,0.0,0.0,82.46097941756119,82.46097941756119,0.17,0.3469473064140587,0.18014068700982978,82.46097941756119,0.17713239097194376,0.0,0.0017033333333333332 
 04/16  07:30:00,5.75,85.0,3.42,69.0,705.0,0.0,0.0,0.0,2.0,2.0,0.0,0.0,0.0,0.0,0.0,1152.0,0.0,195.51317035714528,180.35512607155602,462.15215731109017,5.8626949145970779,156.040545123001,0.0,180.35512607155577,246.5591309193311,0.0,0.0,21.077310067340293,-1575.908673541714,20.22324234271957,433.35140497631849,21.008032668239758,-430.3279614528185,20.61964749247742,137.73799412704944,18.880266986048196,-7.469882792107342,20.025410374292826,-23.745447798074666,19.09165294012712,122.1856885001311,16.643020108830599,-244.98409684317546,19.23623962860332,-76.41377751749245,1056.6990704705305,774.3540827924626,0.0,0.0,0.0,0.0,0.0,0.0,0.0,0.0,0.0,0.0,0.0,0.0,0.0,0.0,0.0,0.0,0.0,0.0,0.0,0.0,0.0,0.0,1.503218980673463,0.45885805270862736,411.9706833773853,493.8816384579518,13219.021733624455,0.33130357219508918,0.050565258271533759,260.6122389922471,313.4399747951491,7905.52063301228,2.025327704577212,0.38271498574777265,206.63801923804406,248.190136262446,6541.693282211828,0.31293919214635476,0.059134390050331577,191.00678407936113,229.65689052329413,5854.291742760472,0.0,0.0,9.415190915682516,11.395758034984047,251.48452545727029,0.0,0.0,13.431364333363045,16.173408398228039,393.38902172134808,0.0,0.0,106.7059109994497,128.90940184482177,2959.7064590302236,0.0,0.0,57.09256945858455,69.76918010769662,1210.1802380279015,0.0,0.0,16.806313285951157,20.30134793866199,463.26249820353919,34.180479377867978,23.443401493736617,444.8532139183613,537.1072056580379,13475.270562758515,0.0,0.0,68.91707735415536,84.82417154316288,1178.0680479063463,1799.718827595384,21.60327243016163,27.6515515108901,22.0,30.0,0.0,20.724157453092169,29.12827399962824,16.0,30.0,0.0,21.20572883644275,28.27603280810478,21.0,30.0,0.0,20.877242077061486,28.839912100733274,16.0,30.0,0.0,18.847533044663157,31.948800886277373,12.0,30.0,0.0,20.178164994798665,34.30154805572375,19.0,30.0,0.0,19.375798155119435,31.457178427645905,10.0,30.0,0.0,16.039379702417717,38.52744159822417,16.0,30.0,0.0,19.28638116953546,34.711194212114779,19.0,30.0,0.0,19.591999137038586,0.0,0.0,0.0,13.97038649272864,0.0,0.0,483.6339340155084,489.4092296555834,483.70731559269748,492.2154476028437,490.6300936310186,913.4666129467629,488.4385692268073,505.4643222349509,796.2882773902385,9702.269216768307,81.58960163507072,83.30538910264959,60.0,0.0,60.0,60.0,16.0,16.0,19.0,19.0,16.0,12.0,21.0,10.0,1.0,0.0,1799.718827595384,0.0,0.0,0.0,0.0,0.0,0.0,0.0,2596.6767279975258,1558006.0367985154,2018581.6529101544,81.58960163507072,83.33452886987256,0.34155589093325086,0.7702715814714355,0.36028137401965956,83.33452886987256,0.3542647819438875,2018581.6529101544,0.1066529126179947 
 04/16  07:40:00,6.133333333333333,84.0,3.5599999999999998,71.5,720.8333333333333,0.0,0.0,0.0,2.0,2.0,0.0,0.0,0.0,0.0,0.0,144.0,0.0,205.1343586120858,161.68105248170952,414.3010774235951,6.1512080042503529,163.71940084185943,0.0,161.68105248170924,221.0302565517157,0.0,0.0,20.994947592130545,-1611.838848066298,20.277366828898829,292.71970700446038,20.625004173554559,18.420295633479328,20.542029625468353,63.48084312301489,18.833104278991344,-6.765773703295167,20.024127031307115,-21.945639759722839,19.09623662553033,91.97242002253097,16.487465511484105,-237.77833523241635,19.235972151508997,-78.4767533752156,937.0853469950289,747.1479338809854,0.0,0.0,0.0,0.0,0.0,0.0,0.0,0.0,0.0,0.0,0.0,0.0,0.0,0.0,0.0,0.0,0.0,0.0,0.0,0.0,0.0,0.0,1.4448564257922847,0.44104286501595998,411.29058977537,491.93482397757699,12702.99072881281,0.30168546811302696,0.046044790615541359,219.31826664722403,262.8628127952891,6503.718687452257,2.0005265430598189,0.3780284472902153,136.12893308768515,163.0240351742281,4154.976371328883,0.2967779820380183,0.0560804954720367,142.15334342435723,170.3999164516464,4209.185451942894,0.0,0.0,9.155433442664567,11.049053019147433,236.6018296167845,0.0,0.0,12.706311778314534,15.24071751191188,362.45221556351557,0.0,0.0,105.0071556454675,126.45889391771577,2832.4214151208846,0.0,0.0,57.660417184387849,70.25378529242198,1173.0957714689997,0.0,0.0,17.112742843432046,20.596849903871964,459.1578471576465,33.90167678846974,23.252178867263205,356.6765226534186,429.32413626996375,10607.247544631013,0.0,0.0,69.4230020951477,85.10412232209635,1166.714434121413,1790.1891516025949,21.369862803466487,28.347067314282254,22.0,30.0,0.0,20.76327503828663,29.42184422820433,16.0,30.0,208.4492333717498,21.006251871620614,28.93167046507388,21.0,30.0,0.0,20.729504717906694,29.406503803361205,16.0,30.0,0.0,18.796695499329326,32.42323292845047,12.0,30.0,0.0,20.17665307145922,35.78156908314906,19.0,30.0,0.0,19.37787600756317,31.80647201829119,10.0,30.0,47.64328444840249,16.002404076508645,39.08301278585776,16.0,30.0,0.0,19.302890478486025,35.70248923512869,19.0,30.0,0.0,19.501920042469384,0.0,0.0,0.0,14.21816512796972,0.0,0.0,486.78757333188448,493.13564115416099,487.8338190986336,498.74625871815399,492.9375305976323,937.9300013665938,493.45669482876266,514.3353566417707,811.3409317990306,4187.547981443642,85.2347503889562,85.2347503889562,60.0,0.0,60.0,60.0,16.0,16.0,19.0,19.0,16.0,12.0,21.0,10.0,1.0,0.0,1790.1891516025949,0.0,208.4492333717498,0.0,0.0,0.0,47.64328444840249,0.0,0.0,0.0,0.0,85.2347503889562,85.2347503889562,0.34,0.7619396928976051,0.36028137401965956,85.2347503889562,0.3542647819438875,0.0,0.00167 
 04/16  07:50:00,6.5166666666666679,83.0,3.7,74.0,736.6666666666667,0.0,0.0,0.0,2.0,2.0,0.0,0.0,0.0,0.0,0.0,576.0,0.0,214.75095900916723,142.8842126397169,366.1354189793682,6.439583977111742,171.3945999171193,0.0,142.88421263971669,195.33355140992337,0.0,0.0,21.174324201415748,-1077.18415502376,20.344927095855668,461.924096136966,21.207791873970636,-1194.4950628011064,20.66971885126152,402.41397647255556,18.8007212323211,-5.775435669581185,20.024797738404954,-23.1646740630364,19.146733279674466,189.7989660604086,17.175704003971569,-280.942184625025,19.230288312762885,-56.96102992045624,994.4918960276568,645.3920558870976,0.0,0.0,0.0,0.0,0.0,0.0,0.0,0.0,0.0,0.0,0.0,0.0,0.0,0.0,0.0,0.0,0.0,0.0,0.0,0.0,0.0,0.0,1.4635463963088736,0.44674798422126796,399.3953064494357,478.5402946051005,12180.812206146917,0.33472984994072216,0.05108819443539715,276.9881669784113,332.659453786767,8050.309669802236,1.4988496147275039,0.28322933006944525,318.34554112089918,381.2633538099558,9876.036821284059,0.3176904621737506,0.06003221129511536,260.10194029417826,312.28172375902809,7654.6744375707999,0.0,0.0,9.626362207251644,11.647331308995048,240.7278683497994,0.0,0.0,13.609387348784317,16.371908221041794,377.4530849201066,0.0,0.0,100.37725190355181,121.15502310829318,2649.486306075234,0.0,0.0,48.59535883854553,59.144392651179497,1057.6942081882879,0.0,0.0,15.88439709640775,19.17704955874176,413.94187220929498,34.14365011634993,23.418141369238645,530.4197198969282,639.1646327091412,15349.04638639043,0.0,0.0,61.0698714074868,75.03947561208288,991.8467125164239,1219.4597560991345,21.61442657878433,28.08896681606266,21.75,30.0,0.0,20.857052793079168,29.415705928218139,16.0,30.0,1782.5669802135724,21.79112111811888,27.804344300731417,21.5,30.0,0.0,21.026392449342148,29.132593209937274,16.0,30.0,0.0,18.773932536440257,32.646385527441157,12.0,30.0,0.0,20.176289498049,36.21549202636411,19.0,30.0,0.0,19.486808970703913,31.82102774425296,10.0,30.0,673.4673436336159,17.144762888109619,36.73394480111649,16.75,30.0,0.0,19.3141640187346,36.06651348352416,19.0,30.0,0.0,19.884047028965257,0.0,0.0,0.0,14.330920200097916,0.0,0.0,489.6070321415332,495.8665859990077,491.1216322587948,498.01571110727437,494.7894736710022,942.1335938396643,496.43930165350778,522.0178785462094,819.7972468550287,7181.748753187643,82.07001518015173,83.7916123052186,60.0,0.0,60.0,60.0,16.0,16.0,19.0,19.0,16.0,12.0,21.0,10.0,1.0,0.0,1219.4597560991345,0.0,1782.5669802135724,0.0,0.0,0.0,673.4673436336159,0.0,2605.4603071971725,1563276.1843183034,2023007.9524279233,82.07001518015173,83.82085073971247,0.2568486769065724,0.575439043151395,0.27021103051474468,83.82085073971247,0.2656985864579156,2023007.9524279233,0.10686641352625201 
 04/16  08:00:00,6.9,82.0,3.84,76.5,752.5,0.0,0.0,0.0,2.0,2.0,0.0,0.0,0.0,0.0,0.0,435.0,0.0,224.35473419347628,124.59551930780578,319.27186004259326,6.72757578184847,179.05956756931537,0.0,124.59551930780558,170.3315210724151,0.0,0.0,21.20648453151217,-1058.390123340758,20.435742011765016,326.5071035582507,21.077075977941897,-1007.0437265095027,20.7200001973899,189.56957832971194,18.763450219714259,-4.615650915222757,20.02891193991058,-18.78136010842966,19.234406492158614,137.52672657371549,16.934347878463478,-230.82168186890403,19.23230921293646,-47.585672311672357,957.105578532442,634.268855758069,0.0,0.0,0.0,0.0,0.0,0.0,0.0,0.0,0.0,0.0,0.0,0.0,0.0,0.0,0.0,0.0,0.0,0.0,0.0,0.0,0.0,0.0,1.4117507685314946,0.4309373530315921,317.9902632856082,380.7673137012099,9519.750100925336,0.3136107729312606,0.047864892083525779,221.24079267212387,265.5277842465971,6310.9456116114629,1.4054188353570032,0.26557423192687165,331.8804748860997,397.66771834646348,9854.753032877636,0.2973851727846714,0.05619523295250786,257.5170924693874,308.9401979490234,7396.711707824237,0.0,0.0,9.242211852507922,11.180282888188147,223.30253562892694,0.0,0.0,12.587797955332399,15.136275722468124,339.46866725004318,0.0,0.0,97.61506951671393,117.71158194457918,2528.842180316791,0.0,0.0,48.954747956793287,59.61609262807522,993.521448833829,0.0,0.0,13.567958915857862,16.366344998726818,343.7164960494654,33.98806036587334,23.31142686273894,507.70954450309326,611.4412599556273,14345.730936440326,0.0,0.0,61.01394302055326,74.87144632262354,970.7202179739163,1582.552826345419,21.69890045355362,28.175072679058578,21.666666666666687,30.00000000000002,0.0,20.95457718745802,29.41371196563709,16.000000000000015,30.00000000000002,1671.4901830107534,21.61433392145168,28.318230828400418,21.666666666666687,30.00000000000002,0.0,21.066719124165148,29.233013325073594,16.000000000000015,30.00000000000002,0.0,18.739848062790775,32.991510823980217,12.00000000000001,30.00000000000002,0.0,20.18092422953449,36.89814887155657,19.000000000000015,30.00000000000002,0.0,19.632803514039133,31.748779270682094,10.000000000000007,30.00000000000002,0.0,16.77953970682095,37.87325366036651,16.000000000000015,30.00000000000002,0.0,19.33896396030609,36.82771512389465,19.000000000000015,30.00000000000002,0.0,19.901322376140955,0.0,0.0,0.0,14.561882676590255,0.0,0.0,489.86125260248317,498.424973177068,491.63209148586318,500.7519516530059,497.7794818937957,955.3390604540301,499.5695390933148,521.681638414667,851.7951238548114,7461.681353416703,83.07103410175935,83.07103410175935,60.00000000000004,0.0,60.00000000000004,60.00000000000004,16.0,16.0,19.0,19.0,16.0,12.0,21.0,10.0,1.0,0.0,1582.552826345419,0.0,1671.4901830107534,0.0,0.0,0.0,0.0,0.0,0.0,0.0,0.0,83.07103410175935,83.07103410175935,0.3400000000000003,0.7702690179676077,0.3602813740196598,83.07103410175935,0.3542647819438878,0.0,0.0016700000000000005 
 04/16  08:10:00,7.178333333333335,80.50000000000002,3.93,79.0,768.3333333333333,0.0,0.0,0.0,2.0,2.0,0.0,0.0,0.0,0.0,0.0,580.0,0.0,233.93653567406867,107.55247915450136,275.60021955124406,7.014909044968633,186.70700182719566,0.0,107.55247915450122,147.03239306895149,0.0,0.0,21.224788784005804,-1340.5352975250453,20.489696897692644,308.674388171346,20.834612079593609,-270.5649006912629,20.701485612678263,92.61392525017891,18.729913618495475,-2.579657089289441,20.03533629706368,-17.941985336214615,19.246845149964224,120.62694069901079,16.731308624174259,-185.67168882077449,19.21906417307529,-59.1875770707186,931.6563073930533,649.2812719817312,0.0,0.0,0.0,0.0,0.0,0.0,0.0,0.0,0.0,0.0,0.0,0.0,0.0,0.0,0.0,0.0,0.0,0.0,0.0,0.0,0.0,0.0,1.3680571423456567,0.41759986030087206,380.88661965338386,456.0116160194042,11203.326385466855,0.29487053297158408,0.04500466009944812,231.22072776524477,277.6023345114475,6472.51695405656,1.5180385049092987,0.28685534862231656,198.80596289348476,238.53535835147808,5698.3638874031989,0.28637475849381946,0.05411465580004145,162.83531024569238,195.55341724666696,4577.073999972869,0.0,0.0,9.378681251512207,11.348736352476458,220.73512038030794,0.0,0.0,12.74896662427702,15.33364964734017,336.7443426066877,0.0,0.0,102.78616341856153,123.9702231066584,2605.005781118337,0.0,0.0,53.900965673446837,65.71926364178475,1031.3651610743783,0.0,0.0,14.254305756824199,17.19808837724983,352.86160284599296,33.857581123433458,23.2219349269091,421.4486421013911,507.83581044080298,11786.307614379975,0.0,0.0,65.98954213223549,80.90265640484509,1054.5277507488646,1524.733812073061,21.718441933811957,28.367436457965157,22.0,30.0,0.0,21.006954257850486,29.607729400968716,16.0,30.0,0.0,21.237404266930719,29.1683815319222,21.0,30.0,0.0,21.044824509215098,29.56200783969595,16.0,30.0,0.0,18.711721087336796,33.29087047224797,12.0,30.0,0.0,20.18804006900871,37.431047834419107,19.0,30.0,0.0,19.63858447314051,32.00853622114025,10.0,30.0,0.0,16.480436876796796,38.83426888886233,16.0,30.0,0.0,19.33468723792683,37.369574192091629,19.0,30.0,0.0,19.940118711323949,0.0,0.0,0.0,14.885277490541672,0.0,0.0,492.8911668909513,500.0714248190586,494.2434283856414,506.6485704286482,499.9991756134874,967.8067846129422,499.9781788543063,518.4395427354264,868.6979049462232,9377.230884757675,81.8045002760942,83.5547577434597,60.0,0.0,60.0,60.0,16.0,16.0,19.0,19.0,16.0,12.0,21.0,10.0,1.0,0.0,1524.733812073061,0.0,0.0,0.0,0.0,0.0,0.0,0.0,2648.79068878138,1589274.413268828,2057898.6523015632,81.8045002760942,83.5844829257116,0.34329302295937938,0.7692161084813314,0.36028137401965956,83.5844829257116,0.3542647819438875,2057898.6523015632,0.10868072991968131 
 04/16  08:20:00,7.456666666666667,79.0,4.02,81.5,784.1666666666667,0.0,0.0,0.0,2.0,2.0,0.0,0.0,0.0,0.0,0.0,145.0,0.0,243.48658118975039,92.56497099652973,237.19576598794994,7.301290387637228,194.32909489189874,0.0,92.5649709965296,126.54333314276033,0.0,0.0,21.17142770463674,-1605.8444767359616,20.51395597634046,305.3764818442596,20.586682855017416,168.29946014042344,20.537157956430776,69.17881832071908,18.692775342483615,-1.5872893454470046,20.04454713449507,-18.465342588850718,19.231629072527963,122.46444266589515,16.58832454616267,-156.33803916944386,19.192154844275348,-63.79972214647364,904.1720993388044,622.6435746231541,0.0,0.0,0.0,0.0,0.0,0.0,0.0,0.0,0.0,0.0,0.0,0.0,0.0,0.0,0.0,0.0,0.0,0.0,0.0,0.0,0.0,0.0,1.292906837587918,0.39466020683391886,457.3244619136644,546.3707846814488,13065.882620324861,0.2713318714147018,0.041412068286737147,218.95466383706785,262.08730744760296,6009.242536599193,1.6154722769419652,0.30526687017043949,181.09411573561614,216.78239339514529,5003.916651726993,0.280532333956342,0.05301064511646672,135.460394813099,162.27280915219868,3659.8833939499506,0.0,0.0,9.410913162849472,11.35698261875551,215.53730167785398,0.0,0.0,12.741127093703098,15.269490717351763,329.7399439987756,0.0,0.0,105.11497803004106,126.43176996055984,2599.57868285468,0.0,0.0,55.81052811128121,67.9037303038064,1014.2296845426602,0.0,0.0,14.853583755904542,17.864537291955263,358.64013713685747,33.62325163185175,23.06121511100944,402.4498098847967,483.54944542377219,11003.229986712606,0.0,0.0,67.88132127235814,82.89586579989073,1088.1805206870693,1780.8209054679388,21.572783933089739,28.880482733490216,22.0,30.0,0.0,21.012443312185064,29.869059361796258,16.0,30.0,7.492202234322067,21.00009345991715,29.80151975348062,21.0,30.0,0.0,20.779834586572578,30.317798083112949,16.0,30.0,0.0,18.674458344106108,33.73167036438491,12.0,30.0,0.0,20.198423228049628,38.06974762331478,19.0,30.0,0.0,19.61017977055072,32.321982863214369,10.0,30.0,0.0,16.279924449944344,39.641722090997017,16.0,30.0,0.0,19.30754931681872,37.92185476204912,19.0,30.0,0.0,19.897147489961318,0.0,0.0,0.0,15.194777133202253,0.0,0.0,497.04410379453796,501.59525818147088,494.8226368584263,513.0750524674213,502.212774810261,981.5284609440557,500.35412194247285,518.5658007565742,876.1060682918956,11210.750615519786,80.591899380993,87.87628691712937,60.0,0.0,60.0,60.0,16.0,16.0,19.0,19.0,16.0,12.0,21.0,10.0,1.0,0.0,1780.8209054679388,0.0,7.492202234322067,0.0,0.0,0.0,0.0,0.0,11023.534405688433,6614120.64341306,8578550.314094175,80.591899380993,88.0,0.3674511468562811,0.7710068019938468,0.36028137401965956,88.0,0.3542647819438875,8578550.314094175,0.4477379496662305 
 04/16  08:30:00,7.735,77.5,4.109999999999999,84.0,800.0,0.0,0.0,0.0,2.0,2.0,0.0,0.0,0.0,0.0,0.0,580.0,0.0,252.99467316974705,80.45776432326804,206.17192433329235,7.586413976260142,201.91770748968768,0.0,80.45776432326793,109.99186371551616,0.0,0.0,21.260162501623048,-1010.9104701171955,20.55253454479147,376.2282927376457,21.15271508693573,-1036.1397942183886,20.633725833670235,407.198425829592,18.666773886734796,0.403348728252368,20.051894546365717,-20.445541209604529,19.219108797035067,126.4648239961698,16.550971163358196,-102.71568715986575,19.16901240532847,-68.15405557106422,919.8759572051895,582.5149133715964,0.0,0.0,0.0,0.0,0.0,0.0,0.0,0.0,0.0,0.0,0.0,0.0,0.0,0.0,0.0,0.0,0.0,0.0,0.0,0.0,0.0,0.0,1.34232000031294,0.40974358983911476,396.16288498051576,474.355463156729,11161.582282301879,0.3021730146821914,0.04611920248507195,253.1798668968196,303.730196095022,6822.1562113832919,1.2660805847744133,0.23924425260287483,317.708215167175,380.3055594104175,9076.231113877973,0.30552248266131939,0.057732895438646878,257.7376592206393,309.2590892276468,6959.994314186606,0.0,0.0,9.59199238761915,11.60509097852201,213.82050328808146,0.0,0.0,13.205667272699298,15.874620957757556,334.2365964794366,0.0,0.0,106.05115650975938,127.89252202496044,2557.056906225622,0.0,0.0,56.28783344727843,68.6611379775368,989.9855228020213,0.0,0.0,15.52747121767882,18.732928212046436,365.3338231055922,33.80528050586115,23.1860634470927,512.9332314827999,617.4777111037942,13682.939584777201,0.0,0.0,68.36296308510396,83.62396690189951,1092.7657535446697,1109.7987425190909,21.701594377282214,28.797577885077695,21.75,30.0,0.0,21.046937595332734,29.990192022602785,16.0,30.0,1653.1502113550565,21.82103702582099,28.601921033699978,21.5,30.0,0.0,21.043542886968944,30.021229663028067,16.0,30.0,0.0,18.65777494462047,33.93448174715401,12.0,30.0,0.0,20.20310070902423,38.284595516893599,19.0,30.0,0.0,19.58824232477336,32.59481103877873,10.0,30.0,0.0,16.277901463707566,39.997258403786329,16.0,30.0,0.0,19.288471375987287,38.10599604237978,19.0,30.0,0.0,20.054035370801313,0.0,0.0,0.0,15.46201565074215,0.0,0.0,499.865956382503,506.61839334179049,501.30547653592938,509.64170485058755,503.36360881948885,984.277571726236,504.87101174355288,521.4224472028323,874.2504102608036,7457.0542703947689,82.00240856851434,85.62974407736442,60.0,0.0,60.0,60.0,16.0,16.0,19.0,19.0,16.0,12.0,21.0,10.0,1.0,0.0,1109.7987425190909,0.0,1653.1502113550565,0.0,0.0,0.0,0.0,0.0,5489.282301367957,3293569.3808207747,4300931.247031501,82.00240856851434,85.69134827623219,0.26797607671226528,0.5732885963227223,0.27021103051474468,85.69134827623219,0.2656985864579156,4300931.247031501,0.2252850915123047 
 04/16  08:40:00,8.013333333333334,76.0,4.2,87.5,803.6666666666667,0.0,0.0,0.0,2.0,2.0,0.0,0.0,0.0,0.0,0.0,1168.0,0.0,262.3240607486003,71.90028126811333,184.24401317673816,7.866173850184555,209.363639754164,0.0,71.90028126811325,98.29313559564715,0.0,0.0,21.204639309026626,-1459.7341235427026,20.579759287279189,211.4277383248057,20.6452165833758,8.75468365133645,20.621853200924137,35.13099022662982,18.63860401024701,0.9002705324439546,20.061980606593523,-18.215738481091159,19.24309565233368,173.0334681367553,17.54374763397322,-183.1601967088797,19.148214656529956,-59.59817948162473,795.5145000992184,481.217505173616,0.0,0.0,0.0,0.0,0.0,0.0,0.0,0.0,0.0,0.0,0.0,0.0,0.0,0.0,0.0,0.0,0.0,0.0,0.0,0.0,0.0,0.0,1.257544405895087,0.38386581376528908,381.2452015164934,456.46515876974407,10515.728367389142,0.2599972474853086,0.03968211957956481,185.3538369403317,222.44015801696103,4886.13408329336,1.3228495898284596,0.24997157782094862,190.45970703960203,228.63200473407682,5054.236019479791,0.26630990903014009,0.05032311206162887,79.590965001864,95.57161515869426,2096.3257741448767,0.0,0.0,9.103172503751117,11.018111679805513,197.3191570207806,0.0,0.0,12.03301992568818,14.470555677581182,297.91829615927937,0.0,0.0,92.61086147998256,111.71281556296572,2189.368844787259,0.0,0.0,42.71804991379245,51.88874546640345,848.6816001131039,0.0,0.0,14.192735826982423,17.127586978941229,325.3835298592948,33.428674453624399,22.927760256258169,358.01433991025507,431.26994251404076,9436.606406292238,0.0,0.0,58.556432078376058,71.61671874462104,923.6427443287288,1917.4666160679199,21.622154914403798,29.35658060223438,21.875,30.0,0.0,21.040157840725969,30.35363757105066,16.0,30.0,0.0,21.047071171096904,30.29409778024754,21.0,30.0,0.0,20.98974110720351,30.48685322537201,16.0,30.0,0.0,18.63477607476138,34.258386953163419,12.0,30.0,0.0,20.211763420211566,38.67555711182461,19.0,30.0,0.0,19.640569580550375,32.90481215577421,10.0,30.0,1320.7708578466557,17.861178426365563,36.54293163733019,20.7,30.0,0.0,19.27220245918076,38.51936862791895,19.0,30.0,0.0,19.707881098093738,0.0,0.0,0.0,15.643117569559849,0.0,0.0,497.522895137021,506.29941451330685,499.88998887756767,526.7301073421214,505.5680471666194,993.4945269015278,504.82924645888127,525.355980088604,882.7329996571723,9637.907481469012,81.63209192391668,82.57957363187113,60.0,0.0,60.0,60.0,16.0,16.0,19.0,19.0,19.7,12.0,21.0,10.0,1.0,0.0,1917.4666160679199,0.0,0.0,0.0,0.0,0.0,1320.7708578466557,0.0,1433.7717344267804,860263.0406560681,1113307.5456886176,81.63209192391668,82.5956650166956,0.34529239114755935,0.7698614465680396,0.36028137401965956,82.5956650166956,0.3542647819438875,1113307.5456886176,0.059511992375808116 
 04/16  08:50:00,8.291666666666668,74.5,4.29,91.0,807.3333333333333,0.0,0.0,0.0,2.0,2.0,0.0,0.0,0.0,0.0,0.0,876.0,0.0,271.41836144372538,67.62629488586305,173.29231825179506,8.138884321767922,216.62194692900156,0.0,67.62629488586299,92.45027217988492,0.0,0.0,21.259285441837848,-1653.4349612937552,20.581865999549409,252.71780326822464,20.540273194514478,225.83274637712797,20.47092371580956,61.366132313556807,18.610787335762589,2.4803877814107659,20.075934582329798,-16.274498305713885,19.377330365399876,226.20829113635393,18.779164376466875,-117.70938801514927,19.10439220909831,-146.20421286061748,830.1279336668073,393.23124224989678,0.0,0.0,0.0,0.0,0.0,0.0,0.0,0.0,0.0,0.0,0.0,0.0,0.0,0.0,0.0,0.0,0.0,0.0,0.0,0.0,0.0,0.0,1.1970331029206563,0.36539472006124998,446.5222672860908,534.635134529118,12097.200393390425,0.24694096577012815,0.037689402590068348,200.51300666543254,240.63198038003109,5162.744306893417,1.295015235393056,0.2447118736570398,189.66624152399943,227.61476864506097,4911.689645884817,0.2752880620236161,0.05201966402562655,155.61002306523145,186.8463482835926,3926.039481203634,0.0,0.0,9.045697447546449,10.946933408032424,190.5131636436516,0.0,0.0,12.16149641702926,14.620926861361305,294.53466337577165,0.0,0.0,80.05712449457315,96.46458414825668,1884.264025658847,0.0,0.0,18.53101248273754,22.362532458998964,429.8936460643551,0.0,0.0,22.723036332112956,27.408647470180197,504.55898623465256,33.28776876344687,22.83111712170565,393.0381082650782,473.4919440036342,10019.083902929478,0.0,0.0,47.42755577158273,57.95892563601686,736.7874973175274,1793.091974997151,21.695201851326478,29.49795689900557,21.999999999999969,29.999999999999959,0.0,21.018744177857447,30.754741963709685,15.999999999999977,29.999999999999959,0.0,21.021254355084289,30.65653430782337,20.99999999999997,29.999999999999959,0.0,20.75144317942789,31.270384989772034,15.999999999999977,29.999999999999959,0.0,18.611164608857729,34.68194152199734,11.999999999999983,29.999999999999959,0.0,20.225414323292275,39.20133741648821,18.99999999999997,29.999999999999959,0.0,19.88099071724936,33.047520185413869,9.999999999999986,29.999999999999959,1257.1557462642659,19.951399051001919,32.36925500446356,20.69999999999997,29.999999999999959,0.0,19.202242874060187,38.68692181499365,18.99999999999997,29.999999999999959,0.0,19.886723018052849,0.0,0.0,0.0,15.809305028569279,0.0,0.0,504.3128670478766,510.82833000728899,503.31021891704747,521.0215276587172,508.64772342205426,1010.0377542653509,524.7934037709168,533.0019206470681,860.849407237491,9914.419700031838,81.4492322113207,83.87146140120008,59.999999999999918,0.0,59.999999999999918,59.999999999999918,16.0,16.0,19.0,19.0,19.7,12.0,21.0,10.0,1.0,0.0,1793.091974997151,0.0,0.0,0.0,0.0,0.0,1257.1557462642659,0.0,3665.572377498792,2199343.4264992785,2871293.825380262,81.4492322113207,83.91259889409328,0.34885241258329277,0.7674096154353675,0.360281374019659,83.91259889409328,0.354264781943887,2871293.825380262,0.15091727891977364 
 04/16  09:00:00,8.57,73.0,4.38,94.5,811.0,0.0,0.0,0.0,2.0,2.0,0.0,0.0,0.0,0.0,0.0,292.0,0.0,288.58100158745887,68.58829937107001,175.75755207606827,8.653519217360384,230.3195010312585,0.0,68.58829937106998,93.7654052452963,0.0,0.0,21.27163130115406,-1578.14454150832,20.594267984622396,241.90761372103999,20.859864334976608,9.70460828239493,20.403387503196194,110.26254500006189,18.583705256254058,3.3895038051973929,20.097508221065604,-15.980264929096422,19.47067918038119,204.1555746936333,18.751422480936527,-22.312765159385806,19.00766303821883,-185.94450030691849,803.7978033668214,352.3165697317602,0.0,0.0,0.0,0.0,0.0,0.0,0.0,0.0,0.0,0.0,0.0,0.0,0.0,0.0,0.0,0.0,0.0,0.0,0.0,0.0,0.0,0.0,1.1663114123942684,0.3560169146502651,437.6320853136374,523.3347854208819,11592.827025712468,0.24017507982434245,0.03665675821494848,196.35224348804679,235.3359020276962,4940.542275543934,1.2642360951572345,0.23889570959131424,192.0369380789163,229.74806455246819,5052.501117504904,0.2776442532397161,0.05246490046101965,187.79879056160505,225.30920233202716,4598.233000410733,0.0,0.0,8.793863705305715,10.628278483686067,179.8109059815808,0.0,0.0,11.93625805123996,14.324005086025864,282.87320309121778,0.0,0.0,75.78690239490604,91.12219150865394,1764.4361130931293,0.0,0.0,8.375772158397208,10.077217154448526,192.3793628265399,0.0,0.0,29.38160231782302,35.422831298878929,626.6578084377595,33.156054577756169,22.740778174044018,391.47252717729256,471.0200053315285,9714.009331620251,0.0,0.0,43.81947445666769,53.40886193904201,677.2822934090327,1773.7716756079254,21.67477369733701,29.644606972406014,22.0,30.0,0.0,21.005725000907068,30.928698534165706,16.0,30.0,845.4037214299189,21.527411533124828,29.873352243474739,21.5,30.0,0.0,20.654030747225876,31.57035638633888,16.0,30.0,0.0,18.58635133018,35.1889580870541,12.0,30.0,0.0,20.246295522202546,39.85886122709657,19.0,30.0,0.0,20.033970713591189,33.13477591710589,10.0,30.0,58.996916921652189,19.870065420271858,33.2533206240019,19.7,30.0,0.0,19.03730256898304,38.25759077234427,19.0,30.0,0.0,19.854998404311546,0.0,0.0,0.0,16.054306755564669,0.0,0.0,507.20958422560048,514.7486563435667,506.8380684603658,518.5183762657553,517.335521757553,1037.5965073546168,542.4247497337572,572.6641051508655,780.6859750195167,8000.874881293166,82.71412704522334,86.20579789249419,60.0,0.0,60.0,60.0,16.0,16.0,19.0,19.0,19.7,12.0,21.0,10.0,1.0,0.0,1773.7716756079254,0.0,845.4037214299189,0.0,0.0,0.0,58.996916921652189,0.0,5284.2104863487079,3170526.2918092247,4134109.5147252555,82.71412704522334,86.26509805503255,0.3461403495449569,0.7686698841628405,0.36028137401965956,86.26509805503255,0.3542647819438875,4134109.5147252555,0.21657369476571326 
 04/16  09:10:00,8.830000000000002,71.33333333333334,4.376666666666667,98.0,814.6666666666667,0.0,0.0,1.0,2.0,0.0,0.0,0.0,0.0,0.0,4.0,584.0,0.0,324.70257362767418,70.69709414508547,181.16136791005077,9.736627177859156,259.147962666851,0.0,70.69709414508543,96.64828757913243,0.0,0.0,21.244551138632745,-934.590109573925,20.664690488946719,312.98827148004696,20.849325237113704,-606.5034663743327,20.47457051399803,260.11275128886725,18.5668560333686,9.827837659680143,20.12790548817543,-22.90161087803297,19.3452416380433,0.8992069687631101,19.161379833406018,-44.1888935771527,18.752519893855799,-440.2997741201991,801.0611612070184,852.6792993838503,0.0,0.0,0.0,0.0,0.0,0.0,0.0,0.0,0.0,0.0,0.0,0.0,0.0,0.0,0.0,0.0,0.0,0.0,0.0,0.0,0.0,0.0,1.1091702612366213,0.33857456081703948,283.80701338125206,339.82278125597056,7369.019549856977,0.25597057868095315,0.03906754863872911,219.82019234203853,263.742826012807,5451.131021846775,1.1818427291435505,0.2233262904655236,241.0784687258847,288.96282950480369,6101.711479426563,0.28577712825317377,0.05400172491556571,251.24537156890924,301.676523955727,6092.215566009552,0.0,0.0,8.834746897776439,10.687239724153726,175.78973159252593,0.0,0.0,12.892041735766773,15.487629990692878,299.10723651813319,0.0,0.0,195.2287782552853,235.12211518419975,4333.854427193615,0.0,0.0,19.35625457605808,23.22991919355778,459.49587900189638,0.0,0.0,153.69434283940039,185.8269488805351,3059.99067842594,33.03436896983504,22.657317537609779,464.4303591341319,559.1728401471951,11293.998352963728,0.0,0.0,156.0985237513344,189.5922420803409,2706.956567524678,879.0206717964381,21.570756108193949,30.06450992455538,21.5,30.0,0.0,21.08806427215255,30.957392578112605,16.0,30.0,0.0,21.27776595789867,31.43731699633104,21.0,30.0,0.0,20.81078030530012,31.917343838900839,19.0,30.0,0.0,18.57821965668453,35.67676587377936,12.0,30.0,0.0,20.264220503574565,40.07212057871439,19.0,30.0,0.0,19.75704041190265,34.38382319583449,10.0,30.0,737.88790598369,20.5095121519822,33.345701463046278,20.45,30.0,0.0,18.596616557794783,36.97142987061382,12.0,30.0,0.0,19.97384396456886,0.0,0.0,0.0,17.25275431298278,0.0,0.0,516.0601514736,521.2860274946452,558.4114175408377,542.0475372408098,536.1885260023607,1041.758315523166,598.5253992697147,653.2842044910167,605.51983203224,7178.249957645014,82.24457225325622,83.98539603081137,220.0,0.0,220.0,220.0,16.0,19.0,19.0,12.0,19.7,12.0,21.0,10.0,1.0,0.0,879.0206717964381,0.0,0.0,0.0,0.0,0.0,737.88790598369,0.0,2634.5284145283837,1580717.04871703,2045659.2119267646,82.24457225325622,84.0149609976926,0.2578176138176128,0.5741711467356687,0.27021103051474468,84.0149609976926,0.2656985864579156,2045659.2119267646,0.11220427902019177 
 04/16  09:20:00,9.09,69.66666666666667,4.373333333333334,101.5,818.3333333333333,0.0,0.0,1.0,2.0,0.0,0.0,0.0,0.0,0.0,4.0,441.0,0.0,378.73879439524026,72.74716761262299,186.41470983182666,11.35689588286698,302.2739005923346,0.0,72.74716761262295,99.45089343507184,0.0,0.0,21.2212792296504,-898.2294751317579,20.687262491121847,212.46292760881165,21.066488226073063,-1005.0275087618024,20.516154219723857,300.95804636313178,18.553739706667039,8.610093862382671,20.171711385164664,-32.033333780970519,19.11847329200137,34.82078543220328,18.836414614476248,-28.84660671746643,18.543870554907288,-222.9607425578199,768.2430809811021,647.4538505387052,0.0,0.0,0.0,0.0,0.0,0.0,0.0,0.0,0.0,0.0,0.0,0.0,0.0,0.0,0.0,0.0,0.0,0.0,0.0,0.0,0.0,0.0,1.154369223878299,0.35237155796040867,246.62163202663289,295.03769140570867,6235.079950152029,0.2512697328087216,0.03835008132001245,186.804365586575,223.85260892013467,4521.055417526397,1.056697313355817,0.19967825271273949,251.08176770917127,300.0759073232645,6434.281301114486,0.26992733821265965,0.051006677666791278,257.16283587507226,308.25393317748338,6147.260472072219,0.0,0.0,8.435385881412567,10.198062872571729,163.26887101523594,0.0,0.0,12.710485714382937,15.25630954965073,288.83128140476108,0.0,0.0,193.75537157175939,233.60645434095316,4054.597449070254,0.0,0.0,21.62613021000086,26.02820267625112,472.63099438847987,0.0,0.0,154.76211708421926,187.26825150247348,2919.361312942848,32.676649278682308,22.41196795520048,437.80198966461259,526.427451527604,10408.102132359565,0.0,0.0,157.12131105826325,190.6066463685645,2737.0875655023148,1314.6096396615517,21.59433724463917,30.39592324687408,21.666666666666658,29.99999999999999,0.0,21.035548176118178,31.2906530115905,15.999999999999993,29.99999999999999,1523.9427378230813,21.710394675851416,30.98110193150023,21.666666666666658,29.99999999999999,0.0,20.864787736294404,32.4628248241886,18.999999999999994,29.99999999999999,0.0,18.57169323777415,36.137908950818488,11.999999999999995,29.99999999999999,0.0,20.288824546226207,40.18765134928687,18.999999999999994,29.99999999999999,0.0,19.369870482103104,35.01616010774932,9.999999999999997,29.99999999999999,79.43308363100718,19.836546424745476,35.740723457827417,19.699999999999993,29.99999999999999,0.0,18.321532801784355,37.625584519889638,11.999999999999995,29.99999999999999,0.0,19.91675727421839,0.0,0.0,0.0,17.57502923775886,0.0,0.0,529.6677892288753,529.4356286722029,573.650469833662,571.4200057332531,555.9305740832859,1039.4645707505893,575.2938235901012,692.5765828119186,599.7265761989477,8001.3833569080529,82.71423252522765,82.71423252522766,219.9999999999999,0.0,219.9999999999999,219.9999999999999,16.0,19.0,19.0,12.0,19.7,12.0,21.0,10.0,1.0,0.0,1314.6096396615517,0.0,1523.9427378230813,0.0,0.0,0.0,79.43308363100718,0.0,0.0,0.0,0.0,82.71423252522765,82.71423252522765,0.3399999999999999,0.7704904502934364,0.36028137401965945,82.71423252522765,0.35426478194388735,0.0,0.005805555555555556 
 04/16  09:30:00,9.350000000000002,68.0,4.37,105.0,822.0,0.0,0.0,1.0,2.0,0.0,0.0,0.0,0.0,0.0,4.0,588.0,0.0,449.09331340273709,74.73864184200643,191.51789037125259,13.466459564903794,358.42328476950186,0.0,74.7386418420064,102.17338968976779,0.0,0.0,21.238687609589495,-884.9899543417771,20.799699681327334,274.1428158015825,20.838204858159597,-531.5134533790581,20.623993978791558,150.62442165852759,18.542363199746306,8.451624288537446,20.22868833011725,-38.61867786743261,19.0804684015595,55.8823799505476,19.255123774497073,-79.93237336669887,18.479461125608908,-155.68613159738517,772.1453213611694,579.1747576537048,0.0,0.0,0.0,0.0,0.0,0.0,0.0,0.0,0.0,0.0,0.0,0.0,0.0,0.0,0.0,0.0,0.0,0.0,0.0,0.0,0.0,0.0,1.0933534837995378,0.33374648467629366,273.91356129840769,327.8683273338805,6838.770815772089,0.25000561509200766,0.03815714516056283,210.0864474595666,251.95732159354857,5013.868441618288,1.0902045644019476,0.20600993280460093,210.7591833330402,252.52307969640166,5138.833266070283,0.25610183512623577,0.04839414873889562,217.6884666631133,261.13109768273747,5142.401005398556,0.0,0.0,8.740160697180045,10.570597557732647,164.4104303661924,0.0,0.0,13.609288696141258,16.34446243676658,302.8177212946268,0.0,0.0,196.92194787233229,237.50787243858759,3997.612148079109,0.0,0.0,27.197304541133407,32.64743601864312,616.0834156262163,0.0,0.0,156.743390535112,189.7230161337045,2854.531218656707,32.47509945354298,22.27373076374691,422.02563833725989,507.85093592020578,9922.920935479418,0.0,0.0,159.3708161219938,193.24345904201403,2742.9090914654377,838.9518555008092,21.597966269636463,30.73125130897829,21.5,30.0,0.0,21.150170481289746,31.525985049597467,16.0,30.0,0.0,21.338179213215818,32.19998719362712,21.0,30.0,0.0,21.020115681107606,32.52768808525853,19.0,30.0,0.0,18.56531140770137,36.42893535291298,12.0,30.0,0.0,20.319062030917963,39.98953786348284,19.0,30.0,0.0,19.32162602732386,35.34881363889192,10.0,30.0,733.3082887506766,20.511090467045219,34.47079069153522,20.45,30.0,0.0,18.26161787327524,37.920451809333879,12.0,30.0,0.0,20.069845362480956,0.0,0.0,0.0,17.740476734134697,0.0,0.0,545.5775994596121,547.6013824126666,595.2127932110795,584.166356704148,564.6465077181172,1019.9992955281334,579.0834512908157,695.8353705165155,599.7145507598959,6484.67073322836,82.33420981236537,82.33420981236537,220.0,0.0,220.0,220.0,16.0,19.0,19.0,12.0,19.7,12.0,21.0,10.0,1.0,0.0,838.9518555008092,0.0,0.0,0.0,0.0,0.0,733.3082887506766,0.0,0.0,0.0,0.0,82.33420981236537,82.33420981236537,0.255,0.5771303787498719,0.27021103051474468,82.33420981236537,0.2656985864579156,0.0,0.005781111111111112 
 04/16  09:40:00,9.610000000000002,66.33333333333334,4.366666666666667,107.0,823.8333333333333,0.0,4.0,0.0,0.0,0.0,0.0,0.0,0.0,0.0,0.0,592.0,0.0,530.1523125078394,76.05474625643145,194.89045036793744,15.89698802480191,423.1157585231249,0.0,76.0547462564314,103.97260420441917,0.0,0.0,21.08995307223052,-950.4619177038819,20.803300553947847,60.06276754060262,20.954277891543876,-379.9147462726229,20.651191922788649,-42.669360389754228,18.5330296495929,7.206092474964253,20.201982783354553,-126.69515112429967,19.041742932343469,91.97962050788284,18.88277965609635,-28.849651172468339,18.466727890066119,-91.81855651752406,631.6364968517057,448.5146605207657,0.0,0.0,0.0,0.0,0.0,0.0,0.0,0.0,0.0,0.0,0.0,0.0,0.0,0.0,0.0,0.0,0.0,0.0,0.0,0.0,0.0,0.0,1.1443341227154845,0.34930834026724197,289.4964533890375,346.30920559790089,6986.244758263882,0.2380069414716815,0.03632584576796117,160.02371189817695,191.74985770262257,3696.5476404425478,1.0115954104241492,0.1911555953182445,148.8596459189639,177.7142209710407,3685.1566220083698,0.20336190152158527,0.03842817489070016,13.291850160899184,15.923697029631154,310.4904413431474,0.0,0.0,8.024970002589655,9.703196676305917,146.60611468335973,0.0,0.0,62.33152346508565,74.90648601641405,1338.5189358951803,0.0,0.0,238.88510688268225,288.09098008720278,4702.138989508938,0.0,0.0,19.050694166286527,22.935040907963758,392.8122060948882,0.0,0.0,149.80113682811325,181.28848575179547,2653.3646015824544,31.945539205493703,21.910520717073884,243.48647949934233,293.06405326131917,5616.380061138908,0.0,0.0,151.79828167275918,183.94153906083808,2575.3755072024898,1466.6135914772354,21.5589557827435,31.473183461238184,21.750000000000008,30.00000000000001,0.0,21.016367409190324,32.522545444100959,16.000000000000008,30.00000000000001,1128.9990412174039,21.523043300271057,31.948999230225416,21.500000000000008,30.00000000000001,0.0,20.9927989237041,36.05461476739329,19.000000000000008,30.00000000000001,0.0,18.559311823843399,36.983130076026288,12.000000000000004,30.00000000000001,0.0,20.192926527893044,36.736020693919638,16.000000000000008,30.00000000000001,0.0,19.276734690489506,36.715190381441917,10.000000000000004,30.00000000000001,0.0,19.76707962217808,35.78635201236586,16.000000000000008,30.00000000000001,0.0,18.277643595678506,38.74888754524636,12.000000000000004,30.00000000000001,0.0,19.408967886462784,0.0,0.0,0.0,17.886662808020465,0.0,0.0,568.2474882359544,574.4099448062143,592.6855090269796,785.4154460641095,586.7313987088118,781.084501070721,640.2185759024324,666.0189633266083,634.1211919226369,8739.67039800236,82.22606277277674,82.22606277277674,132.00000000000007,0.0,132.00000000000007,132.00000000000007,16.0,19.0,16.0,12.0,16.0,12.0,21.0,10.0,1.0,0.0,1466.6135914772354,0.0,1128.9990412174039,0.0,0.0,0.0,0.0,0.0,0.0,0.0,0.0,82.22606277277674,82.22606277277674,0.34000000000000016,0.7716931325485295,0.36028137401965967,82.22606277277674,0.35426478194388769,0.0,0.003454 
 04/16  09:50:00,9.870000000000001,64.66666666666666,4.363333333333333,109.0,825.6666666666667,0.0,4.0,0.0,0.0,0.0,0.0,0.0,0.0,0.0,0.0,444.0,0.0,622.056435328557,77.32192376771738,198.13763289447668,18.652701073020859,496.4635972070529,0.0,77.32192376771734,105.70493193309834,0.0,0.0,21.07966902002359,-423.9641643257074,20.849150126672556,67.90106936154588,20.79878324064528,-290.19169613404616,20.728732301248,-42.03664549079602,18.527787422628277,7.571762999778557,20.16645334844538,-100.95856710304051,19.051213343914975,66.18313106519241,18.47316893180578,-5.49882756605481,18.47595668520524,-61.64657532472367,582.0845344571343,369.8498979492879,0.0,0.0,0.0,0.0,0.0,0.0,0.0,0.0,0.0,0.0,0.0,0.0,0.0,0.0,0.0,0.0,0.0,0.0,0.0,0.0,0.0,0.0,1.1715296336242083,0.35760977827356818,229.62826156453668,275.1371097281236,5297.176830190569,0.23769445466704254,0.03627815242170982,111.67379206928308,133.96889492511665,2521.860426769953,0.9352511742968348,0.17672924684369538,94.90728459398179,113.68497039301009,2184.7401442244356,0.17993052786313705,0.03400047767632977,14.390307418367796,17.223336219671748,330.04849326734048,0.0,0.0,7.676818833558306,9.27939632246311,136.16204565070275,0.0,0.0,58.11123931151508,69.86880399359682,1203.2445839020064,0.0,0.0,229.54022033262795,276.72231573914288,4401.554715688641,0.0,0.0,11.831262179457195,14.283819528200269,222.39586211107943,0.0,0.0,142.7898375937069,172.7190459159019,2463.445175474492,31.659763712769324,21.71451557803111,180.37848027842717,217.4993839130582,4096.677878119408,0.0,0.0,144.45472043905247,174.87828175571014,2425.9996545779806,628.8762417313835,21.36851047630278,31.851055066161778,21.33333333333335,30.00000000000002,0.0,21.009099513618446,32.67788287393947,16.000000000000015,30.00000000000002,0.0,21.306754164152605,32.27082233350709,21.000000000000015,30.00000000000002,0.0,21.085651359958204,39.53340897691368,19.000000000000015,30.00000000000002,0.0,18.55827676495074,37.51151287251318,12.00000000000001,30.00000000000002,0.0,20.06779305533569,35.27563745219672,16.000000000000015,30.00000000000002,0.0,19.286555349255033,36.73650100533576,10.000000000000007,30.00000000000002,0.0,19.038159898751528,37.32746955910125,16.000000000000015,30.00000000000002,0.0,18.3139211889048,39.07681216962669,12.00000000000001,30.00000000000002,0.0,19.258609444005278,0.0,0.0,0.0,18.066896217129409,0.0,0.0,562.0364269407257,576.0378254522032,582.7377831864515,1002.1961505721622,607.4918519818334,661.4310464269503,636.4745320086752,652.2874643808356,649.0867068834236,4850.186215070036,83.44874860892613,83.44874860892613,132.0000000000001,0.0,132.0000000000001,132.0000000000001,16.0,19.0,16.0,12.0,16.0,12.0,21.0,10.0,1.0,0.0,628.8762417313835,0.0,0.0,0.0,0.0,0.0,0.0,0.0,0.0,0.0,0.0,83.44874860892613,83.44874860892613,0.22666666666666686,0.4592650200428346,0.24018758267977323,83.44874860892613,0.23617652129592518,0.0,0.0034540000000000006 
 04/16  10:00:00,10.13,63.0,4.36,111.0,827.5,0.0,4.0,0.0,0.0,0.0,0.0,0.0,0.0,0.0,0.0,894.0,0.0,722.0118807725014,78.54099863894486,201.26154987286737,21.6498280245343,576.2370988282328,0.0,78.54099863894482,107.37149970592776,0.0,0.0,21.23590876946667,-893.8576327783571,20.95333718858299,241.2852921018755,21.0242769286573,-376.91704847766996,20.78285196807736,-47.606128692175477,18.527770137930035,9.219828861483549,20.200220767455975,-85.83258229606932,19.079177053016815,133.15709982409966,18.222973628842206,-8.881334467040258,18.509768474093887,-17.383144852252955,683.4973255275204,318.49927119529749,0.0,0.0,0.0,0.0,0.0,0.0,0.0,0.0,0.0,0.0,0.0,0.0,0.0,0.0,0.0,0.0,0.0,0.0,0.0,0.0,0.0,0.0,1.1533215998275144,0.35205177039911869,303.9164496804676,363.66234032505909,7085.12505577995,0.26203027283807786,0.039992410384321958,226.8232561319576,271.88200882390137,5029.174094567415,0.9820401908324046,0.18557070877407476,112.96254740168266,135.09562646614598,2669.8865950170268,0.1769351332534158,0.03343445450744813,13.414837772297693,16.063828683690529,302.11279332294796,0.0,0.0,7.863154417906811,9.50862351309081,135.37011071011256,0.0,0.0,54.05046869121634,65.03149180690918,1088.0879536603507,0.0,0.0,229.69712444454616,276.98849035165525,4313.808442928608,0.0,0.0,14.9823844697101,18.10533736566029,258.5525713637321,0.0,0.0,132.09014763059853,159.82029014829625,2227.3648112576636,31.639851785821877,21.700858563663816,250.6460110709701,301.9135162082351,5481.310522263226,0.0,0.0,143.94063504008202,174.21808087412149,2397.1149901105538,846.204380101147,21.633912902366569,31.601155017617903,21.333333333333309,29.999999999999959,0.0,21.09035953481392,32.71468459253645,15.999999999999977,29.999999999999959,958.1428566689233,21.68128073486162,31.84236497500263,21.333333333333305,29.999999999999959,0.0,21.140199356100469,41.59540525180129,18.99999999999997,29.999999999999959,0.0,18.56373733780916,37.773544240620989,11.999999999999983,29.999999999999959,0.0,20.045855383116228,35.07024717204058,15.999999999999977,29.999999999999959,0.0,19.356392803779025,36.515706439551149,9.999999999999986,29.999999999999959,0.0,18.61085176224786,38.32601050717497,15.999999999999977,29.999999999999959,0.0,18.38517197614346,38.864261949221397,11.999999999999983,29.999999999999959,0.0,19.664599580852813,0.0,0.0,0.0,18.264550574698889,0.0,0.0,577.4298314788659,582.7535657545086,599.1977125870664,1125.3874328225205,614.9857515360289,636.4089572276045,621.266979100185,646.2577254416017,636.3023945503823,6172.311774951178,81.66303969261779,81.66303969261779,131.9999999999998,0.0,131.9999999999998,131.9999999999998,16.0,19.0,16.0,12.0,16.0,12.0,21.0,10.0,1.0,0.0,846.204380101147,0.0,958.1428566689233,0.0,0.0,0.0,0.0,0.0,0.0,0.0,0.0,81.66303969261779,81.66303969261779,0.22666666666666639,0.5139300664504558,0.2401875826797727,81.66303969261779,0.23617652129592468,0.0,0.003454 
 04/16  10:10:00,10.373333333333335,61.83333333333333,4.373333333333334,113.0,829.3333333333333,0.0,0.0,1.0,2.0,0.0,0.0,0.0,0.0,0.0,0.0,1200.0,0.0,827.3969719640899,79.71300512525886,204.26485132720456,24.809759249692186,660.3439318367055,0.0,79.71300512525882,108.97372142810242,0.0,0.0,21.096616353173219,-411.97437573870857,21.09032059213535,77.54598004955567,20.99987161128152,-861.1384279524718,20.68259769575333,84.27971901482226,18.533788730210355,9.534143098258284,20.360990887152519,-30.57661527320454,19.066289736671008,68.2505256695465,19.005539715878375,-43.00370986188815,18.561013947217626,14.055364808813465,611.4146452759,257.1566571778013,0.0,0.0,0.0,0.0,0.0,0.0,0.0,0.0,0.0,0.0,0.0,0.0,0.0,0.0,0.0,0.0,0.0,0.0,0.0,0.0,0.0,0.0,1.0494341461693438,0.3203400934582857,229.30383796134653,274.3568378077135,5184.882888336902,0.2267573418538904,0.034608873909323937,147.5088920248878,176.63731674302313,3222.660487643726,0.921477045622175,0.17412642585453054,243.85717067234874,291.47704265649556,5560.4622704202079,0.20871777157613778,0.039440244062006368,169.91039547290183,203.38060666933903,3644.7510086718405,0.0,0.0,8.110422344583967,9.806651587240184,135.8090003783078,0.0,0.0,12.128919702041064,14.579787614940467,242.37257807604369,0.0,0.0,177.48252500431469,214.06725768474935,3232.5938991822656,0.0,0.0,18.776836190027024,22.56970352326782,370.4097948100129,0.0,0.0,134.07331679357908,162.17262128887598,2218.6203825199656,31.2824246403057,21.45570962983931,310.28827922377686,372.83671804906029,6679.131356762495,0.0,0.0,138.46036948048568,167.4726266230984,2301.6868216473719,830.1952796010874,21.447365664543669,33.392256230483,21.5,30.0,0.0,21.16914157797999,33.26231250992214,16.0,30.0,1296.4481559908059,21.532982353128273,33.712237566608198,21.375,30.0,0.0,20.966563810109006,36.572527492106569,16.0,30.0,0.0,18.576942126876948,37.985363263913239,12.0,30.0,0.0,20.217914100913409,36.05816316457164,19.0,30.0,0.0,19.320251194369516,37.0642609048104,10.0,30.0,1195.1316187988946,19.90302467809659,36.22466802942455,20.7,30.0,0.0,18.47705344425916,38.70597676561618,12.0,30.0,0.0,19.720858260696283,0.0,0.0,0.0,18.502240540289447,0.0,0.0,663.9581987338264,622.7825825321627,689.5995177672462,792.1864543294776,618.6605489699587,713.0969097047183,635.5480279579846,695.5123432951883,627.6725364595927,9577.194372525792,81.672280199475,82.62610348802652,60.0,0.0,60.0,60.0,16.0,16.0,19.0,12.0,19.7,12.0,21.0,10.0,1.0,0.0,830.1952796010874,0.0,1296.4481559908059,0.0,0.0,0.0,1195.1316187988946,0.0,1443.3574629529088,866014.4777717452,1121305.984720089,81.672280199475,82.64230257394213,0.3456119154317636,0.7705098766051904,0.36028137401965956,82.64230257394213,0.3542647819438875,1121305.984720089,0.059877911205444649 
 04/16  10:20:00,10.616666666666668,60.66666666666667,4.386666666666667,115.0,831.1666666666667,0.0,0.0,1.0,2.0,0.0,0.0,0.0,0.0,0.0,0.0,601.0,0.0,935.8923322238851,80.83918406614915,207.15071665201405,28.062949432489679,746.9330271315773,0.0,80.8391840661491,110.51329342127882,0.0,0.0,21.05753025052809,-310.7204823491229,21.18379583892102,-132.6749893282573,20.975640722652359,-358.2590541646824,20.68122439113836,40.84620143321138,18.544301647170749,9.123038684718395,20.59921328398356,-30.674128347601994,19.05916612160561,57.64034651746374,19.148482731729353,-44.54730703387699,18.62154091332154,39.364766827027327,545.6869890412722,195.4729468010596,0.0,0.0,0.0,0.0,0.0,0.0,0.0,0.0,0.0,0.0,0.0,0.0,0.0,0.0,0.0,0.0,0.0,0.0,0.0,0.0,0.0,0.0,0.9766689033832054,0.2981284808862043,197.04905234700116,236.00510151061145,4271.309227869765,0.18576066302510958,0.028351749545956898,127.29699876249615,152.49893261600853,2718.2299683367139,0.9588315224368682,0.18118509494271896,151.99558410734438,182.18808228513417,3280.6312597765497,0.20276552222080003,0.03831548038941798,127.39309386459718,152.77832514162959,2672.989486866968,0.0,0.0,7.545080147307019,9.119144782710072,122.86672362544332,0.0,0.0,10.854258963357247,13.028936661806169,217.1243758679181,0.0,0.0,166.64131710627849,200.88743325976078,2947.6421953204119,0.0,0.0,22.671242742372546,27.247991658340007,436.3479176604632,0.0,0.0,131.17971431380102,158.53504557971776,2131.3673075338317,30.85942721448444,21.165587938603879,237.60371832853498,285.97953961252508,5050.988529681022,0.0,0.0,133.4261252491335,161.1529791601147,2214.877128967871,518.2376542273681,21.381650548954803,33.513904955634149,21.25,30.0,0.0,21.175950799906688,33.835219124301719,16.0,30.0,796.4418271059982,21.356424310882763,33.293356451976318,21.25,30.0,0.0,20.968043563645727,34.322065146786837,16.0,30.0,0.0,18.595477254067668,38.27153011069339,12.0,30.0,0.0,20.4923016772574,37.596308630382718,19.0,30.0,0.0,19.30429095989937,37.39719993074163,10.0,30.0,0.0,20.101945634518477,36.86471283352532,19.7,30.0,0.0,18.577691549942075,38.890273080701309,12.0,30.0,0.0,19.82344456867204,0.0,0.0,0.0,18.740490770798418,0.0,0.0,660.5820278018222,653.959986229463,639.0505476576923,656.6033384247934,626.2409648277311,839.2702055059015,646.4164794702284,739.2887947449285,643.5251133805662,4422.766978347156,81.98445072098756,81.98445072098756,60.0,0.0,60.0,60.0,16.0,16.0,19.0,12.0,19.7,12.0,21.0,10.0,1.0,0.0,518.2376542273681,0.0,796.4418271059982,0.0,0.0,0.0,0.0,0.0,0.0,0.0,0.0,81.98445072098756,81.98445072098756,0.17,0.34741026697256285,0.18014068700982978,81.98445072098756,0.17713239097194376,0.0,0.0015833333333333336 
 04/16  10:30:00,10.86,59.5,4.4,117.0,833.0,0.0,0.0,1.0,2.0,0.0,0.0,0.0,0.0,0.0,0.0,604.0,0.0,1045.54659997464,81.92097267976861,209.9228284611721,31.350887997487449,834.4470243993171,0.0,81.92097267976857,111.99218047163424,0.0,0.0,21.04553731168695,-203.82305026232735,21.261687806635515,-4.575741807574445,20.930561343448468,-397.43916387879656,20.676142147635667,180.66687416424475,18.559235788056605,11.052412231140892,20.828377695569416,-34.10695749774301,19.079244215851703,109.97372097518655,19.314439890207713,-51.51273393510195,18.693689851957495,72.02687176142899,642.8149053223704,156.73073022343034,0.0,0.0,0.0,0.0,0.0,0.0,0.0,0.0,0.0,0.0,0.0,0.0,0.0,0.0,0.0,0.0,0.0,0.0,0.0,0.0,0.0,0.0,0.9649352586870426,0.29454678226100197,191.0342683457149,228.82510393038079,4043.763742888504,0.1935445329171642,0.029539763876246063,126.51404324935074,151.59235509042859,2641.20847267292,0.9188834082008669,0.17363632052170584,223.89767856181528,268.24987750376308,4739.510277931035,0.21347755822655863,0.04033967464598612,185.83257223453414,222.841611107955,3807.6074427090604,0.0,0.0,7.769731152245659,9.38874823882481,123.03352029244378,0.0,0.0,11.314623587052916,13.565103819418946,226.15453143342558,0.0,0.0,161.1492718759861,194.21552621344089,2786.553457827832,0.0,0.0,21.7107991919589,26.03970127796962,421.97274779095877,0.0,0.0,124.97750514485841,150.95199790914024,1997.2088154058477,30.75474182197815,21.09378725787254,288.83033147117217,347.51087631083268,5954.3056740362849,0.0,0.0,127.11323369006563,153.37894525973386,2105.297106651246,0.0,21.267657152719456,33.23811491675491,21.0,30.0,0.0,21.18697171330158,33.37355497792162,16.0,30.0,0.0,21.23792039190523,33.27887115685843,21.0,30.0,0.0,20.9833715722015,33.826891211370398,16.0,30.0,0.0,18.619562580540295,38.528307716643599,12.0,30.0,0.0,20.735121084141608,38.63660068381375,19.0,30.0,0.0,19.356397266469114,37.459586955765818,10.0,30.0,702.9147656327873,20.34397742453143,36.99003861560634,20.45,30.0,0.0,18.693511420963934,39.15857028765342,12.0,30.0,0.0,19.85994527040949,0.0,0.0,0.0,18.972216630078387,0.0,0.0,626.3700959265519,622.683456690507,622.6067347238313,625.1851677309583,634.2543713148775,927.9277781164508,647.7466585210855,768.0429064565035,662.8479937293394,9100.3597300092,81.98763449997475,81.98763449997475,60.0,0.0,60.0,60.0,16.0,16.0,19.0,12.0,19.7,12.0,21.0,10.0,1.0,0.0,0.0,0.0,0.0,0.0,0.0,0.0,702.9147656327873,0.0,0.0,0.0,0.0,81.98763449997475,81.98763449997475,0.34,0.7692742371145869,0.36028137401965956,81.98763449997475,0.3542647819438875,0.0,0.0015966666666666666 
 04/16  10:40:00,11.103333333333334,58.33333333333333,4.413333333333334,119.5,834.3333333333334,0.0,0.0,0.0,0.0,0.0,0.0,0.0,0.0,0.0,0.0,604.0,0.0,1155.2298554125633,83.10668304787443,212.96122906858569,34.63969503283967,921.9841486859057,0.0,83.10668304787439,113.61313643917475,0.0,0.0,21.128980551726117,-770.6234133896778,21.380178924074877,71.48315452745715,21.105216800095,-916.0299412962169,20.67886798190571,279.181599187408,18.57902838352969,13.60027492460901,20.933726046940927,-176.8845828947368,19.178303351177303,222.47697865539477,19.199893466295717,-27.267094423431887,18.77303531352568,106.85734530793661,669.4428499668761,105.77315931305907,0.0,0.0,0.0,0.0,0.0,0.0,0.0,0.0,0.0,0.0,0.0,0.0,0.0,0.0,0.0,0.0,0.0,0.0,0.0,0.0,0.0,0.0,0.9124046263456037,0.2785117907037863,240.92581655959897,287.8457451995145,5135.750190148058,0.20382475029616482,0.031108783622735785,195.80763333574064,234.21968911330036,4019.6544081707995,0.8650128373254811,0.1634566963955936,234.44342335498326,280.0271780663578,5020.857030672371,0.22718636578859115,0.04293015226541781,229.04433212752958,274.1942205695408,4595.32028050329,0.0,0.0,8.333889151430597,10.064654236756596,128.34814514235564,0.0,0.0,68.84603053482945,82.52202581124901,1344.6031534817169,0.0,0.0,218.95341709093027,263.58880919151008,3764.736084724818,0.0,0.0,18.141798592742214,21.799164662306624,330.0898908464551,0.0,0.0,124.66274970694282,150.46725938373266,1960.7204613791185,30.466363605271146,20.895996985782685,409.6988463346869,491.87818335070627,8073.367231606211,0.0,0.0,126.27818588703708,152.2032045295798,2089.164127098258,1112.4486696538202,21.596321266916627,32.2185217911498,21.5,30.0,0.0,21.232143121245909,33.039673002083159,16.0,30.0,1515.1387099729382,21.642180725861619,31.990378057357867,21.5,30.0,0.0,20.973988857912987,33.46267365385293,16.0,30.0,0.0,18.649665989279325,38.9385413614269,12.0,30.0,0.0,20.749452288595184,36.523742062641449,16.0,30.0,0.0,19.554396843149445,37.76562990167369,10.0,30.0,0.0,20.08066834591457,37.14521423426968,16.0,30.0,0.0,18.815552183696867,39.55748956658306,12.0,30.0,0.0,20.006791211013238,0.0,0.0,0.0,19.21453826001817,0.0,0.0,599.2573805351958,606.9132357651242,587.6281778917752,598.8407636553449,652.9077934040935,785.9334944045575,689.2041649811413,733.5643354627783,695.4694648644427,7611.561208986909,80.9751193462474,82.76354027629935,60.0,0.0,60.0,60.0,16.0,16.0,16.0,12.0,16.0,12.0,21.0,10.0,1.0,0.0,1112.4486696538202,0.0,1515.1387099729382,0.0,0.0,0.0,0.0,0.0,2706.486171547661,1623891.7029285967,2104983.4347765657,80.9751193462474,82.79391360084166,0.2602162057182554,0.5770284534331838,0.27021103051474468,82.79391360084166,0.2656985864579156,2104983.4347765657,0.1110691386083814 
 04/16  10:50:00,11.346666666666666,57.16666666666667,4.426666666666668,122.0,835.6666666666666,0.0,0.0,0.0,0.0,0.0,0.0,0.0,0.0,0.0,0.0,304.0,0.0,1263.2133553739655,84.24784983743632,215.88548307660117,37.877534889816889,1008.1647071220134,0.0,84.24784983743629,115.17319795778528,0.0,0.0,20.59203224921977,3.002598953858069,21.568783364315434,-229.77621758909255,20.622982890804474,-234.32427287077508,20.73470138779099,3.772665881760986,18.60611333515798,13.560737836456667,21.002653104580724,-145.1839785316131,19.271167262239304,108.34494218189593,18.773984873441579,-1.6963004964103164,18.85230591035954,106.18595630485743,597.3134475065053,61.696137237046517,0.0,0.0,0.0,0.0,0.0,0.0,0.0,0.0,0.0,0.0,0.0,0.0,0.0,0.0,0.0,0.0,0.0,0.0,0.0,0.0,0.0,0.0,0.9044305181120642,0.2760776917313994,259.87778806355848,311.0871562028026,5028.470787716651,0.14731212858976587,0.022483536109549126,220.6788282270506,263.7098059542283,4452.502204999566,0.8818393905132622,0.1666363171793769,239.76949255570549,287.1982356369384,4650.507273338754,0.1878741060009691,0.03550153174621486,211.0925581448309,252.71886111013684,4139.765561460717,0.0,0.0,7.6513454784393419,9.23114842588036,114.64556499183736,0.0,0.0,65.29492637151847,78.21176475927052,1241.4091833026537,0.0,0.0,212.01779270685246,254.87476416675038,3589.992216015799,0.0,0.0,12.640579049608715,15.223573035259236,206.46531859540424,0.0,0.0,123.55243421022806,148.8922792353622,1909.8737816664976,30.097213466995127,20.642807590531644,409.7630155111524,491.77964902973988,7899.830051941884,0.0,0.0,126.76524552814755,152.48333493162915,2096.476333277368,14.108439123643308,20.878522558329246,33.6474016754464,21.0,30.0,0.0,21.368393572682224,32.609837249393958,16.0,30.0,115.04501977328767,20.928089358341045,33.437517506938068,21.0,30.0,0.0,21.02131998500353,33.26178850277927,16.0,30.0,0.0,18.69025378080601,39.26457303544265,12.0,30.0,0.0,20.735714275236636,35.23404045936021,16.0,30.0,0.0,19.67249551290959,37.47334977170404,10.0,30.0,0.0,19.317696442496908,38.59560270134524,16.0,30.0,0.0,18.928608790123364,39.45253482959808,12.0,30.0,0.0,20.2228263610752,0.0,0.0,0.0,19.46115507272467,0.0,0.0,599.0823319786662,595.9377245851345,590.4056847814738,591.813240501496,669.3081857604483,698.1039903874969,687.3857448721835,709.4326574801653,702.6324383496515,3279.1582597518115,81.8428432705152,81.8428432705152,60.0,0.0,60.0,60.0,16.0,16.0,16.0,12.0,16.0,12.0,21.0,10.0,1.0,0.0,14.108439123643308,0.0,115.04501977328767,0.0,0.0,0.0,0.0,0.0,0.0,0.0,0.0,81.8428432705152,81.8428432705152,0.17,0.3106361759344442,0.18014068700982978,81.8428432705152,0.17713239097194376,0.0,0.00162 
 04/16  11:00:00,11.59,56.0,4.44,124.5,837.0,0.0,0.0,0.0,0.0,0.0,0.0,0.0,0.0,0.0,0.0,612.0,0.0,1368.6117836547419,85.3467886988501,218.70152407639916,41.03786180870834,1092.2821384529139,0.0,85.34678869885006,116.67553069711734,0.0,0.0,21.17832768395737,-596.5620109477691,21.67174961971914,57.12351562415529,21.225753192107228,-832.0396603789643,20.75601282588245,338.80218634698135,18.63178554053441,15.792424231673835,21.128937315607016,-147.58846812158323,19.310826216368726,210.16750255169405,18.556759923700058,21.774150447526624,18.923628905880194,129.69204795048916,618.8881435927219,14.445638231979047,0.0,0.0,0.0,0.0,0.0,0.0,0.0,0.0,0.0,0.0,0.0,0.0,0.0,0.0,0.0,0.0,0.0,0.0,0.0,0.0,0.0,0.0,0.9016561718073314,0.27523082167500959,307.9831788202123,367.85750107956917,6345.8114850880469,0.1934099732470747,0.029519226686061465,226.8546202088811,271.4672629852515,4487.895585120408,0.8287590986119637,0.15660602770445276,289.4590480975613,345.79519485854476,5998.189286801812,0.2276457357858314,0.043016956875629498,243.80088228051904,291.8533491601309,4710.840468273073,0.0,0.0,8.102026343579667,9.779668891637897,117.94407578811874,0.0,0.0,64.23365697209045,76.991156325773,1198.6126638383753,0.0,0.0,212.90720273796695,256.0871281913329,3533.44748731825,0.0,0.0,15.786711840367762,19.03020792976811,236.28058109571084,0.0,0.0,107.86172024760853,130.06596956530914,1634.2826470977878,30.183176713930498,20.70176729350515,456.53280603990836,547.9548743058794,8696.706105504483,0.0,0.0,120.6810095235834,145.19168620873476,1987.152610314839,986.1805245930399,21.822137019483234,31.663340470738804,21.75,30.0,0.0,21.404904048521023,32.48849866938028,16.0,30.0,1490.5506078918689,21.874065974310946,31.488709625355683,21.5,30.0,0.0,21.094498639813869,33.06975101994654,16.0,30.0,0.0,18.72507945363261,39.32366030175599,12.0,30.0,0.0,20.808671585690406,34.84373991877058,16.0,30.0,0.0,19.75308635514783,36.967572800497688,10.0,30.0,0.0,18.95527521037979,39.37771871871255,16.0,30.0,0.0,19.025377484004549,39.04473179406339,12.0,30.0,0.0,20.37781780699696,0.0,0.0,0.0,19.67586511411352,0.0,0.0,592.7996757760227,593.2501344439779,586.6623810470512,589.957489880004,673.3056182276996,681.0820559842664,664.9231863578727,702.1714449533231,689.8992343892683,5927.837087217382,82.90831380914452,84.61177346613451,60.0,0.0,60.0,60.0,16.0,16.0,16.0,12.0,16.0,12.0,21.0,10.0,1.0,0.0,986.1805245930399,0.0,1490.5506078918689,0.0,0.0,0.0,0.0,0.0,2578.038286303647,1546822.9717821882,2029041.5519078936,82.90831380914452,84.64070386620817,0.2559346095434549,0.5732365491935165,0.27021103051474468,84.64070386620817,0.2656985864579156,2029041.5519078936,0.1071401606992105 
 04/16  11:10:00,11.813333333333333,55.333333333333339,4.433333333333334,127.0,838.3333333333334,0.0,0.0,0.0,0.0,0.0,0.0,0.0,0.0,0.0,0.0,308.0,0.0,1470.8023228558923,86.40592427077039,221.4155649471631,44.10200091999231,1173.8393788274735,0.0,86.40592427077034,118.1234493220352,0.0,0.0,20.660776341726576,90.45657775310429,21.902548900521379,-264.80132339102058,20.643986850365964,-151.2807278063783,20.817050999309048,59.247206012904829,18.666357145549875,15.785005415738823,21.291636323763635,-141.30733587225496,19.372965953008796,119.88698641834253,18.39634586979391,48.33344013158853,19.006037440557589,140.97448637320805,590.0576146840613,-20.88604975974613,0.0,0.0,0.0,0.0,0.0,0.0,0.0,0.0,0.0,0.0,0.0,0.0,0.0,0.0,0.0,0.0,0.0,0.0,0.0,0.0,0.0,0.0,0.8823399972611912,0.2693345534985321,272.7800343479115,326.3402174994998,5090.6436751180549,0.1328361309160378,0.020274134755195025,243.2762588848309,290.42743373147149,4788.286165882436,0.8595005925797671,0.162415077962919,270.396315195396,323.755339570568,5007.848504254851,0.1881726676402678,0.03555794928954417,227.7476145467584,272.5050782159725,4302.214339106413,0.0,0.0,7.494617446812833,9.037130039776829,106.40305452220412,0.0,0.0,63.02444281356665,75.4210600974611,1164.1663062066883,0.0,0.0,212.24948153101219,254.9818638858278,3453.595373300993,0.0,0.0,21.370738732717677,25.763478172751144,300.01945964228158,0.0,0.0,108.63524240756824,130.79759439071973,1621.6067788614865,29.705097138957226,20.373866350450777,449.06179771373737,538.490903772213,8324.969499759809,0.0,0.0,126.3251367174887,151.68580490704108,2086.1352224515815,0.0,21.016209332443485,33.243519911266719,21.0,30.0,0.0,21.602420787084346,32.015664442165469,16.0,30.0,64.86324136502533,20.962358918783836,33.279223072866837,21.0,30.0,0.0,21.13579363683143,32.92837705402984,16.0,30.0,0.0,18.773835723640916,39.24430953665059,12.0,30.0,0.0,20.94224541689852,34.338862524573517,16.0,30.0,0.0,19.819960482392298,36.72541151240766,10.0,30.0,0.0,18.696487887260419,39.766152435164148,16.0,30.0,0.0,19.140622114967124,38.533061995736449,12.0,30.0,0.0,20.414278245360717,0.0,0.0,0.0,19.930304150899205,0.0,0.0,592.2881700256495,587.8640013261065,586.7379397695199,586.5642332180466,670.9547425630174,664.6334618197279,658.9581630997044,684.5541717512491,674.1313018955674,3457.9757680610948,83.36465500724435,83.36465500724435,60.0,0.0,60.0,60.0,16.0,16.0,16.0,12.0,16.0,12.0,21.0,10.0,1.0,0.0,0.0,0.0,64.86324136502533,0.0,0.0,0.0,0.0,0.0,0.0,0.0,0.0,83.36465500724435,83.36465500724435,0.17,0.3079470000902197,0.18014068700982978,83.36465500724435,0.17713239097194376,0.0,0.00164 
 04/16  11:20:00,12.036666666666667,54.66666666666667,4.426666666666668,129.5,839.6666666666667,0.0,0.0,0.0,0.0,0.0,0.0,0.0,0.0,0.0,0.0,620.0,0.0,1569.3643310151784,87.42773879654752,224.03396618885913,47.0573394799341,1252.5007183873709,0.0,87.42773879654748,119.52034724738943,0.0,0.0,21.089946616753396,-326.25567903193089,21.99402974198425,-113.65024229529399,21.191695524233098,-822.8666209102476,20.82253980152939,300.78713706463398,18.69788382938665,17.58091957101476,21.456653722581078,-165.11425408263893,19.401175256882096,197.5538233330317,18.332882264457447,78.32069926800335,19.076886045094285,154.32255802103487,588.041292304797,-62.917492568125,0.0,0.0,0.0,0.0,0.0,0.0,0.0,0.0,0.0,0.0,0.0,0.0,0.0,0.0,0.0,0.0,0.0,0.0,0.0,0.0,0.0,0.0,0.8484678192920769,0.2589950608339674,250.32641829739777,299.11768422093578,4930.271303789475,0.16189543852435135,0.024709316014095138,207.5285720880551,248.2078262007904,3992.1590732668189,0.804570525258769,0.15203524664753766,297.34177278028127,355.16717596409139,5898.626216030432,0.2159174153484141,0.040800720965308779,239.79255983621889,286.9936630339686,4437.2760452072029,0.0,0.0,7.967269501447612,9.612487711689765,110.1170642323951,0.0,0.0,66.25949292129636,79.33647354262473,1209.6079570456805,0.0,0.0,211.9358791232164,254.78409257958294,3373.817190535175,0.0,0.0,26.166401429486766,31.588522222676795,351.2246238698383,0.0,0.0,98.75845147880669,118.98235097064534,1446.5378041615794,29.60405337755272,20.304563359089664,429.7715409813735,515.7083848349163,7863.9079547215919,0.0,0.0,118.69511095871776,142.5572577577531,1955.4287668900384,649.1418160231827,21.74203492668643,31.718181857189074,21.25,30.0,0.0,21.5997212729489,31.97835108516185,16.0,30.0,1380.767553652087,21.84779179690188,31.448918732244136,21.5,30.0,0.0,21.15832430956162,32.831598509251708,16.0,30.0,0.0,18.81364579269929,39.112553095222839,12.0,30.0,0.0,21.06493960482498,33.93164794948173,16.0,30.0,0.0,19.872610492648297,36.376896037930958,10.0,30.0,0.0,18.614030876580484,39.73733414480345,16.0,30.0,0.0,19.23005336217104,38.11963118042412,12.0,30.0,0.0,20.474093660591394,0.0,0.0,0.0,20.142020430532946,0.0,0.0,586.3540451707658,585.3307256433424,580.9781957059115,583.4918069367284,666.3763992423743,653.4423205528816,642.93051890183,669.0215234747755,660.7704702658455,4828.216587564345,81.43115139496922,81.43115139496922,60.0,0.0,60.0,60.0,16.0,16.0,16.0,12.0,16.0,12.0,21.0,10.0,1.0,0.0,649.1418160231827,0.0,1380.767553652087,0.0,0.0,0.0,0.0,0.0,0.0,0.0,0.0,81.43115139496922,81.43115139496922,0.17,0.38408660619165277,0.18014068700982978,81.43115139496922,0.17713239097194376,0.0,0.0016333333333333335 
 04/16  11:30:00,12.26,54.0,4.42,132.0,841.0,0.0,0.0,0.0,0.0,0.0,0.0,0.0,0.0,0.0,0.0,312.0,0.0,1664.0225823939628,88.4147148880871,226.56308925809302,49.895624975497359,1328.0465023689936,0.0,88.41471488808706,120.86961839187365,0.0,0.0,20.70245361729306,127.87731179773846,22.17903127140122,-343.47394066185736,20.64180102985838,-104.4520080272232,20.853789566173825,33.863289004860238,18.73823350575126,17.38832367293017,21.644162069366776,-174.875000067766,19.452640769795786,145.5579288074905,18.30246950179926,94.39961546225953,19.156407216128124,160.59780616994409,544.7156547328823,-101.32647142853694,0.0,0.0,0.0,0.0,0.0,0.0,0.0,0.0,0.0,0.0,0.0,0.0,0.0,0.0,0.0,0.0,0.0,0.0,0.0,0.0,0.0,0.0,0.8331283012713785,0.2543126682757566,232.44603588799226,277.7690856478142,4198.2211973088319,0.10363349824765939,0.015817078487127505,203.82677400561352,243.08488584913264,3862.706438468462,0.8387954634547112,0.15850254411464693,296.29028066421258,354.57564736885117,5216.574129565519,0.18091951799051615,0.03418736167621242,219.12610727441908,262.1101790067348,3945.097062119574,0.0,0.0,7.559554897284216,9.110214994090026,101.84721050458157,0.0,0.0,67.12030189791118,80.22675124913349,1216.867995183873,0.0,0.0,209.22982259997469,251.21962549138233,3258.8500704095597,0.0,0.0,27.71542175905845,33.42706328777486,357.4739525961076,0.0,0.0,98.06205294173157,117.97289586402181,1412.2650619581396,29.111158236629664,19.9665008481685,400.8409780776737,480.4208228726851,7100.138731137655,0.0,0.0,119.20977580238415,142.90815605005663,1964.1122151587088,0.0,21.14601823015015,32.88021072134058,21.0,30.0,0.0,21.72521946915996,31.654902619791846,16.0,30.0,62.06728795735097,20.957826186465224,33.17869697896804,21.0,30.0,0.0,21.149977168492769,32.7803777986589,16.0,30.0,0.0,18.867614288719197,38.88785204479275,12.0,30.0,0.0,21.229376453053996,33.439573738936839,16.0,30.0,0.0,19.928486056031575,36.166288918091968,10.0,30.0,0.0,18.57770750341966,39.602783305740519,16.0,30.0,0.0,19.335323856721673,37.70113580770259,12.0,30.0,0.0,20.440845179565146,0.0,0.0,0.0,20.372903814609367,0.0,0.0,585.921785813702,579.5129397695738,579.6728683885035,578.7021050331229,658.1119264993286,642.0529673665436,637.2846235801991,654.375288032068,649.4056820707448,5198.93199971633,81.1859859722991,84.56382639977312,60.0,0.0,60.0,60.0,16.0,16.0,16.0,12.0,16.0,12.0,21.0,10.0,1.0,0.0,0.0,0.0,62.06728795735097,0.0,0.0,0.0,0.0,0.0,5112.1113774815989,3067266.826488959,4953539.613436131,81.1859859722991,84.62119334389229,0.17040371258271995,0.3096035427040103,0.18014068700982978,84.62119334389229,0.17713239097194376,4953539.613436131,0.2592107265653455 
 04/16  11:40:00,12.483333333333333,53.33333333333333,4.413333333333334,132.33333333333332,840.3333333333334,0.0,0.0,0.0,0.0,0.0,0.0,0.0,0.0,0.0,0.0,628.0,0.0,1746.8033659854175,88.564759801425,226.9475903704979,52.377766038543139,1394.11295862807,0.0,88.56475980142496,121.07474116402473,0.0,0.0,20.781597053306365,232.20850426605285,22.223798038068304,-302.22121229486427,21.210235428435597,-978.9914720352442,20.86281608281182,294.477635026652,18.77376887331859,18.206790006785228,21.81725733894329,-202.34503200390965,19.470453440087959,181.85906723113136,18.300600298395744,111.00834614840898,19.221977979979667,165.22749478250126,537.8452040654479,-133.68546742217337,0.0,0.0,0.0,0.0,0.0,0.0,0.0,0.0,0.0,0.0,0.0,0.0,0.0,0.0,0.0,0.0,0.0,0.0,0.0,0.0,0.0,0.0,0.8194029637011312,0.2501230047927751,259.71669397771947,310.7136088748369,4672.473224411787,0.13080082389163642,0.01996349570995672,137.00030250739733,163.8262898825417,2519.650172587659,0.6729674803872616,0.12716694640726795,368.02456664627308,439.5601586488382,6965.505409048796,0.18856096781588239,0.035631324228246847,223.91065293258928,267.9424526761844,3953.0026040383138,0.0,0.0,7.69762055887711,9.2821622854855,100.85347299342584,0.0,0.0,71.23242249536185,85.18615400810121,1277.3896753694526,0.0,0.0,201.79764187945069,242.49845226379098,3058.1298267076156,0.0,0.0,28.148212454995777,33.981274309159548,350.66170139145705,0.0,0.0,87.91366256605535,105.84066620290271,1239.3093361067648,28.858113444087225,19.792944749031027,429.0745744535608,514.7601667895582,7454.264142261333,0.0,0.0,108.67622153136496,130.31553788256134,1785.7891607633213,0.0,21.367877838533418,32.33618341084538,21.0,30.0,0.0,21.63068865344313,31.728100971496347,16.0,30.0,1517.7387513450306,21.84049541158757,31.380447265531705,21.5,30.0,0.0,21.185342130574666,32.67080185234629,16.0,30.0,0.0,18.910018985313969,38.70094196955807,12.0,30.0,0.0,21.361832091862707,33.0494273568033,16.0,30.0,0.0,19.946968091246025,35.971719012827737,10.0,30.0,0.0,18.586385992987137,39.42040402698932,16.0,30.0,0.0,19.412483211681434,37.37869654119335,12.0,30.0,0.0,20.505618186439418,0.0,0.0,0.0,20.583040552332009,0.0,0.0,578.3443161559369,571.12038658099,574.610129040462,575.9657367089014,651.6470126882897,633.0440885815585,626.6259199743142,644.1038066145077,639.9328493028656,4745.835371387731,81.39303072465464,81.39303072465464,60.0,0.0,60.0,60.0,16.0,16.0,16.0,12.0,16.0,12.0,21.0,10.0,1.0,0.0,0.0,0.0,1517.7387513450306,0.0,0.0,0.0,0.0,0.0,0.0,0.0,0.0,81.39303072465464,81.39303072465464,0.17,0.38512198769673908,0.18014068700982978,81.39303072465464,0.17713239097194376,0.0,0.00162 
 04/16  11:50:00,12.706666666666667,52.66666666666667,4.406666666666667,132.66666666666669,839.6666666666667,0.0,0.0,0.0,0.0,0.0,0.0,0.0,0.0,0.0,0.0,316.0,0.0,1824.9441364606888,88.68902041339037,227.2660137954443,54.72077774623,1456.4762609408854,0.0,88.68902041339033,121.24461484136912,0.0,0.0,20.717985045026177,194.84337245793996,22.386732306851657,-403.00664923096658,20.63371405862629,-54.970516273822799,20.89335569604735,44.67345586453985,18.81737267458449,18.518332264932128,22.00350056228325,-220.8523594350395,19.531792622439839,171.4143219438438,18.315747367702426,122.91612173242709,19.29264040671969,170.9541745531933,504.4024138378927,-168.6105455611896,0.0,0.0,0.0,0.0,0.0,0.0,0.0,0.0,0.0,0.0,0.0,0.0,0.0,0.0,0.0,0.0,0.0,0.0,0.0,0.0,0.0,0.0,0.750595722799663,0.22911957350417068,255.71826401393936,305.6475087364018,4428.329141741477,0.10031517784023149,0.01531061932848466,179.24866354884774,213.74986624315518,3259.270416892255,0.7802679602804169,0.1474429252230569,370.62579423951549,443.45999958726966,6167.029582143245,0.1661835528446902,0.03140278776354689,214.27443020991786,256.2128408995372,3671.0474303844068,0.0,0.0,7.663740631811938,9.229819365487434,97.78196010489389,0.0,0.0,72.83752527153919,86.95917689112906,1296.4406194824319,0.0,0.0,202.33886754302893,242.80376660549167,3009.4888376628566,0.0,0.0,29.199716213689947,35.20609254754328,352.37868681456106,0.0,0.0,86.94357982022234,104.51876593931689,1201.5851807890713,28.44183358924737,19.50743044529999,423.8028497369244,507.89929446039346,7126.218584486825,0.0,0.0,108.45746937696777,129.80539811218393,1779.6345304389529,0.0,21.269467235519654,32.470133366290898,21.0,30.0,0.0,21.74155660143923,31.483030368413375,16.0,30.0,31.566336836297496,20.93348673599351,33.131321613217988,21.0,30.0,0.0,21.17749640010275,32.64704202209801,16.0,30.0,0.0,18.966064696280747,38.445888604803929,12.0,30.0,0.0,21.523144455548207,32.61412364534921,16.0,30.0,0.0,20.03353263240588,35.692724700182967,10.0,30.0,0.0,18.618198161121489,39.194215537227268,16.0,30.0,0.0,19.500791815025399,37.05328933141393,12.0,30.0,0.0,20.494090728794043,0.0,0.0,0.0,20.79980987693375,0.0,0.0,573.7679365577503,568.5920755884952,572.5132449418726,572.9889535081572,642.863440222158,624.6430457336488,620.7087111037013,634.6991793177891,631.8664974702699,5118.451796631548,81.14661128043866,81.14661128043866,60.0,0.0,60.0,60.0,16.0,16.0,16.0,12.0,16.0,12.0,21.0,10.0,1.0,0.0,0.0,0.0,31.566336836297496,0.0,0.0,0.0,0.0,0.0,0.0,0.0,0.0,81.14661128043866,81.14661128043866,0.17,0.3097575118959664,0.18014068700982978,81.14661128043866,0.17713239097194376,0.0,0.0016166666666666665 
 04/16  12:00:00,12.93,52.0,4.4,133.0,839.0,0.0,0.0,0.0,0.0,0.0,0.0,0.0,0.0,0.0,0.0,636.0,0.0,1898.4003478028768,88.78840396882794,227.52068428703883,56.92332440826242,1515.1008576098439,0.0,88.7884039688279,121.38047969639207,0.0,0.0,20.752780801387787,253.8439766629449,22.488309008029249,-399.8046299347011,21.215502552529676,-944.6805922088365,20.90132136910062,273.3413674020301,18.857265455101133,20.078056879002788,22.177537078082218,-234.11072923368796,19.5814525180053,191.53282618679828,18.340860895807237,136.5560590432953,19.360320895637277,191.03542306752207,509.62507841603749,-190.2993314084199,0.0,0.0,0.0,0.0,0.0,0.0,0.0,0.0,0.0,0.0,0.0,0.0,0.0,0.0,0.0,0.0,0.0,0.0,0.0,0.0,0.0,0.0,0.7463034586698949,0.227809358568344,283.463554070637,338.9946089052517,4844.308274413799,0.1113073833349116,0.016988306369797255,168.38513860490265,201.15758637490948,2988.106458240597,0.6446336598617694,0.121812860896026,372.6009516917836,444.93963226581158,6727.624863521947,0.18113388039529955,0.03422786855542318,225.52018016986,269.80782111777088,3781.8492343272748,0.0,0.0,7.725039264776942,9.310380227777135,95.75212229693051,0.0,0.0,75.15992331649373,89.77733017822882,1323.0242036410776,0.0,0.0,201.72101483161047,242.23324307947488,2935.3500150530946,0.0,0.0,29.340823123902408,35.40600246903639,343.18832088939197,0.0,0.0,85.35152834938472,102.67446979128008,1154.3554530315738,28.247481850550899,19.374130212997878,459.3289735120897,550.7271760095051,7580.5638104480499,0.0,0.0,106.7367837430983,127.77769211015928,1746.6851236862368,0.0,21.371500421197497,32.20440500011327,21.0,30.0,0.0,21.74879228425511,31.410563117282189,16.0,30.0,1473.3803264132194,21.84070788988233,31.27845449394023,21.5,30.0,0.0,21.205875130802885,32.52735565616873,16.0,30.0,0.0,19.01241296772576,38.23836641684402,12.0,30.0,0.0,21.655527633243769,32.25086879370839,16.0,30.0,0.0,20.10127055706262,35.41847550736822,10.0,30.0,0.0,18.661691536473389,38.96480924254655,16.0,30.0,0.0,19.582158216669574,36.748721384855169,12.0,30.0,0.0,20.5914166937684,0.0,0.0,0.0,21.009462562491458,0.0,0.0,568.5002693599648,563.6275338431926,566.383314611451,567.9373349271117,636.1256328656394,616.919778793792,611.8733686878478,626.8934934936641,623.9372088533276,4723.817301859406,81.2767850934233,81.2767850934233,60.0,0.0,60.0,60.0,16.0,16.0,16.0,12.0,16.0,12.0,21.0,10.0,1.0,0.0,0.0,0.0,1473.3803264132194,0.0,0.0,0.0,0.0,0.0,0.0,0.0,0.0,81.2767850934233,81.2767850934233,0.17,0.38504001018733788,0.18014068700982978,81.2767850934233,0.17713239097194376,0.0,0.0016133333333333332 
 04/16  12:10:00,13.135,51.333333333333339,4.398333333333333,133.33333333333335,838.3333333333334,0.0,0.0,0.0,0.0,0.0,0.0,0.0,0.0,0.0,0.0,318.0,0.0,1967.1389312412012,88.86357705819558,227.71330994917725,58.984414475447227,1569.960356821087,0.0,88.86357705819553,121.48324700878692,0.0,0.0,20.73127179822169,222.12240549638956,22.64729218361265,-478.12974207287928,20.680297254593204,-35.219127223988838,20.93681795346904,51.956721685029609,18.905525858080567,20.354682567112037,22.368411170098164,-253.55656576571688,19.6436323513754,185.41160128062894,18.378013920661198,145.92063311747723,19.438470568758235,193.39418800320733,474.8567015475792,-220.6453751080553,0.0,0.0,0.0,0.0,0.0,0.0,0.0,0.0,0.0,0.0,0.0,0.0,0.0,0.0,0.0,0.0,0.0,0.0,0.0,0.0,0.0,0.0,0.6974459988917441,0.21289560405730896,274.6767374920084,328.2076453277948,4550.520871372615,0.0770060968709842,0.01175306728800125,204.49533877004343,243.7709348050586,3589.4478892695144,0.7447870298942242,0.14073828985151635,359.2065519575159,429.6794445790331,5691.05976490875,0.1610624847287671,0.030435087817227335,206.85004780036275,247.2837401768644,3378.2614519437177,0.0,0.0,7.672204366034107,9.23537828861156,92.82928075222259,0.0,0.0,76.64441048640568,91.3996942688253,1342.8103400368223,0.0,0.0,201.6761615731935,241.85360103948347,2884.9090968063999,0.0,0.0,30.06506619934469,36.23267759121919,342.76989639320598,0.0,0.0,84.29352205929911,101.26069759907208,1121.5266629757803,27.79004945401087,19.06039057202392,437.9255646771697,524.5988865905358,7025.01891885458,0.0,0.0,106.20429082605043,126.91470815836455,1737.795350979266,0.0,21.333515822429506,32.2389322560464,21.0,30.0,0.0,21.85816960462671,31.16929449093289,16.0,30.0,0.0,20.970156789229216,32.95734073523539,21.0,30.0,0.0,21.210347292557637,32.4811148630851,16.0,30.0,0.0,19.072810338527217,37.97453495295617,12.0,30.0,0.0,21.823208842869918,31.832937205636946,16.0,30.0,0.0,20.18571038100563,35.16529297127641,10.0,30.0,0.0,18.721538679270073,38.69612006006302,16.0,30.0,0.0,19.680388599837678,36.42020952426396,12.0,30.0,0.0,20.589553449654596,0.0,0.0,0.0,21.218480781669738,0.0,0.0,565.1315929292729,560.7173588203596,564.4101655136474,564.8428788442218,627.6554665594224,609.7931194119701,606.940414255838,618.8545729875068,616.655209620259,0.0,80.79558235103268,80.79558235103268,60.0,0.0,60.0,60.0,16.0,16.0,16.0,12.0,16.0,12.0,21.0,10.0,1.0,0.0,0.0,0.0,0.0,0.0,0.0,0.0,0.0,0.0,0.0,0.0,0.0,80.79558235103268,80.79558235103268,0.0,0.0,0.0,80.79558235103268,0.0,0.0,0.00161 
 04/16  12:20:00,13.34,50.66666666666667,4.396666666666667,133.66666666666667,837.6666666666666,0.0,0.0,0.0,0.0,0.0,0.0,0.0,0.0,0.0,0.0,640.0,0.0,2031.1270604297807,88.91495008967577,227.8449424461761,60.90306366949026,1621.0285602582438,0.0,88.91495008967573,121.55347783765409,0.0,0.0,20.73977329504569,256.8376621147877,22.722926680744494,-543.2299249617686,21.169651583243405,-666.5947466791508,20.889350552274509,212.9307237473754,18.946833932423624,21.807115617818185,22.532927919632429,-265.7215012329219,19.697255696422439,201.3629421782391,18.416246046777549,157.39007948909819,19.50534784165081,211.80943948721973,453.88574849349609,-235.89560191514057,0.0,0.0,0.0,0.0,0.0,0.0,0.0,0.0,0.0,0.0,0.0,0.0,0.0,0.0,0.0,0.0,0.0,0.0,0.0,0.0,0.0,0.0,0.6719682106448852,0.2051185014178526,293.0777594182258,350.316739349862,4750.499966773765,0.0739369149386028,0.01128463292713718,207.56132797942923,247.8807127888259,3543.834870282055,0.6632462527932646,0.12532997974173563,341.6524871246425,407.83136706844149,5764.049647649733,0.17787953379407032,0.0336129126594993,220.13064791290913,263.22786748482408,3468.162049649415,0.0,0.0,7.660456497887476,9.228563953064479,90.22070412010769,0.0,0.0,78.83038282230567,94.05893366652144,1368.695787031571,0.0,0.0,200.7989324766849,240.98059626447816,2817.978470190028,0.0,0.0,30.07681946299467,36.27844026526557,333.7709270129108,0.0,0.0,83.2099640588288,100.02893577424331,1085.8701149586335,27.439785214753905,18.820154468281147,445.77212101058498,533.9837719392147,6983.080504254256,0.0,0.0,104.92378006473716,125.42817671015607,1712.4173228314024,0.0,21.358118726902995,32.11218558598627,21.0,30.0,0.0,21.826862025375044,31.153511602290025,16.0,30.0,1261.2110770008256,21.713162072224028,31.4284616176353,21.5,30.0,0.0,21.11328913423904,32.61758178379291,16.0,30.0,0.0,19.121152742388163,37.77023494952073,12.0,30.0,0.0,21.95585737974651,31.492100360642405,16.0,30.0,0.0,20.260066423100068,34.90021284153933,10.0,30.0,0.0,18.780058607472364,38.45283107943,16.0,30.0,0.0,19.762394160177604,36.13775058408369,12.0,30.0,0.0,20.593600895423604,0.0,0.0,0.0,21.409580635070264,0.0,0.0,558.3575749967575,553.9875962310316,558.3199864073533,559.8931932647247,621.390683408456,602.9264104743531,599.2649222303991,612.1286360092527,609.78550990605,7330.511851729458,81.82324785330778,83.54485210416357,60.0,0.0,60.0,60.0,16.0,16.0,16.0,12.0,16.0,12.0,21.0,10.0,1.0,0.0,0.0,0.0,1261.2110770008256,0.0,0.0,0.0,0.0,0.0,2605.4710699738805,1563282.6419843282,2024984.3267717399,81.82324785330778,83.57409065967699,0.25684903566579606,0.5758298828660597,0.27021103051474468,83.57409065967699,0.2656985864579156,2024984.3267717399,0.10691251832546384 
 04/16  12:30:00,13.545,50.0,4.395,134.0,837.0,0.0,0.0,0.0,0.0,0.0,0.0,0.0,0.0,0.0,0.0,320.0,0.0,2090.3270746881328,88.94267151380075,227.91596220364819,62.67814275902812,1668.2754113969002,0.0,88.9426715138007,121.59137512612587,0.0,0.0,20.748930994046199,220.5692921199643,22.866385113768297,-556.8000215395932,20.749637375459117,-90.17779897955734,20.96327424815623,42.749059052343458,18.99908844306723,22.12572674700442,22.72340893415786,-287.004936714226,19.761559333876869,199.90008404174115,18.463546537835687,164.54104016870634,19.58550965743278,210.87117082454302,431.3556553905619,-262.0379875247527,0.0,0.0,0.0,0.0,0.0,0.0,0.0,0.0,0.0,0.0,0.0,0.0,0.0,0.0,0.0,0.0,0.0,0.0,0.0,0.0,0.0,0.0,0.6398491918612482,0.19531416112980716,271.71579168675097,324.59131895821016,4292.876477070922,0.051764665929715559,0.007900590038112875,223.8125062526792,266.75754486867757,3772.707563972237,0.7064429343227214,0.13349261797481513,306.5390137535251,366.56684861287649,4654.489937852979,0.1602571617577441,0.030282910385061237,183.36715662604008,219.24878905663574,2843.7793809612837,0.0,0.0,7.663316022809557,9.220455437936753,88.02989150978894,0.0,0.0,80.19268118855834,95.5280606474162,1385.4015472530228,0.0,0.0,200.50739132938078,240.30491319494969,2764.6493917004047,0.0,0.0,30.515241729435478,36.757138364747778,330.1812500842832,0.0,0.0,81.82724061751498,98.231166539122,1049.9840842699869,27.296248469141838,18.72170676895874,413.7548358914705,495.5524252565451,6333.962792787228,0.0,0.0,103.87928073745923,123.9648486456626,1692.8598749636249,0.0,21.36717819749038,32.06934844658725,21.0,30.0,0.0,21.923639198417506,30.954257227648708,16.0,30.0,0.0,21.05465766655835,32.69082074292419,21.0,30.0,0.0,21.203648935124606,32.398349414687107,16.0,30.0,0.0,19.18397019363927,37.51176616957939,12.0,30.0,0.0,22.121531819463017,31.10089376137123,16.0,30.0,0.0,20.34486699119796,34.65347802445051,10.0,30.0,0.0,18.84885894858956,38.18469752521922,16.0,30.0,0.0,19.86146701788894,35.82696057168398,12.0,30.0,0.0,20.645933021293879,0.0,0.0,0.0,21.607167575513935,0.0,0.0,556.25548125923,552.5791290384502,556.2987414991465,556.6808192306846,613.6468950474448,596.7345613441403,594.480161681332,605.2264905361569,603.4037351694219,0.0,82.66654066686357,82.66654066686357,60.0,0.0,60.0,60.0,16.0,16.0,16.0,12.0,16.0,12.0,21.0,10.0,1.0,0.0,0.0,0.0,0.0,0.0,0.0,0.0,0.0,0.0,0.0,0.0,0.0,82.66654066686357,82.66654066686357,0.0,0.0,0.0,82.66654066686357,0.0,0.0,0.0016166666666666665 
 04/16  12:40:00,13.75,49.333333333333339,4.3933333333333339,131.16666666666667,838.0,0.0,0.0,0.0,0.0,0.0,0.0,0.0,0.0,0.0,0.0,160.0,0.0,2141.1199727327377,87.99363883381997,225.48408359094032,64.2011358328615,1708.8126029889875,0.0,87.99363883381993,120.293975501913,0.0,0.0,20.75496162498471,233.50322132730254,22.92653882733441,-682.4454826995989,20.686260003960546,107.36913696009833,20.842499983295324,-7.529317316799052,19.05259568742333,22.465001629785946,22.908241335383367,-306.97651957636938,19.825832079952357,199.9279250675918,18.516096231860844,170.02907892047234,19.66134353544087,211.5424612742354,350.75517578039219,-282.3651281350849,0.0,0.0,0.0,0.0,0.0,0.0,0.0,0.0,0.0,0.0,0.0,0.0,0.0,0.0,0.0,0.0,0.0,0.0,0.0,0.0,0.0,0.0,0.5840144524424301,0.1782705898786417,251.70035500927305,300.0078679888658,3879.3500409898645,0.0,0.0,252.53552472263235,300.5115089671631,4125.534345892758,0.7872979620833598,0.14877134582074076,198.1979252510583,236.5395118874239,2911.6044626652658,0.15744308962670454,0.029751150723111205,24.51359935000875,29.25952050923689,359.04805862444518,0.0,0.0,7.627980191354924,9.156618343567632,85.50917133840126,0.0,0.0,81.56666629123913,96.90745025413095,1404.0195908263718,0.0,0.0,201.24273906639588,240.60979735508773,2728.3081886134616,0.0,0.0,31.087354963100379,37.3593991700536,328.431328909432,0.0,0.0,81.73134626446864,97.87548435413926,1031.293386540715,27.03299605475489,18.54114955744506,229.30391075031253,274.27287487029937,3420.5877195720815,0.0,0.0,104.15203945540786,123.95550019341246,1690.9218475618348,0.0,21.378949241013243,32.01497549286114,21.0,30.0,0.0,21.868733692115986,30.968994475198774,16.0,30.0,6.9357715225236939,21.000005864595285,32.799589424541327,21.0,30.0,0.0,20.959930735310779,32.91456233324465,16.0,30.0,0.0,19.25220226044774,37.24505131513538,12.0,30.0,0.0,22.29869387849363,30.69924930416144,16.0,30.0,0.0,20.435951977081925,34.39469453690113,10.0,30.0,0.0,18.928563507943595,37.90287051645013,16.0,30.0,0.0,19.96116349288158,35.526334582446718,12.0,30.0,0.0,20.356785582656504,0.0,0.0,0.0,21.78441180585713,0.0,0.0,553.6096222101675,544.69086618301,556.1931320786977,558.8275727505043,606.1104416490521,591.0303758428647,589.6600572381665,598.97615190586,597.621651530167,8323.077915678447,82.50158286430734,82.50158286430734,60.0,0.0,60.0,60.0,16.0,16.0,16.0,12.0,16.0,12.0,21.0,10.0,1.0,0.0,0.0,0.0,6.9357715225236939,0.0,0.0,0.0,0.0,0.0,0.0,0.0,0.0,82.50158286430734,82.50158286430734,0.34,0.6168909363632504,0.36028137401965956,82.50158286430734,0.3542647819438875,0.0,0.00162 
 04/16  12:50:00,13.955,48.666666666666667,4.391666666666667,128.33333333333335,839.0,0.0,0.0,0.0,0.0,0.0,0.0,0.0,0.0,0.0,0.0,644.0,0.0,2187.0125812430349,87.00954771356446,222.96236285997677,65.57719530413111,1745.4389169576726,0.0,87.00954771356442,118.94864833189752,0.0,0.0,20.805004751841758,273.1569690094243,23.05221018950032,-538.8020453463153,21.252916785577818,-832.5791388941798,20.963028850998904,315.7602237740897,19.09556182603164,24.922273497669666,23.062119281795235,-313.9067990320773,19.886918085233224,229.012029322952,18.555157510692334,182.8490092104641,19.72411480034169,240.65851528610495,405.92898176674637,-292.7975572220337,0.0,0.0,0.0,0.0,0.0,0.0,0.0,0.0,0.0,0.0,0.0,0.0,0.0,0.0,0.0,0.0,0.0,0.0,0.0,0.0,0.0,0.0,0.5865842327457486,0.17905501610065586,289.44428729152016,345.9378634256438,4400.702035062277,0.06243461974861401,0.009529093368225583,197.33402605988204,235.46997039835009,3175.3149925393238,0.5554599833714258,0.1049622039628545,336.1050723665399,401.2145411046956,5369.548129783863,0.17512610575914926,0.03309261257731466,220.96317266530154,264.21836915066066,3259.215960403719,0.0,0.0,7.805040335088648,9.396167042799283,84.82782039953438,0.0,0.0,83.3996437735344,99.35138019929738,1416.5437297993806,0.0,0.0,201.80911863691189,241.95018623207199,2682.333070309585,0.0,0.0,30.646474971488837,36.93513146260345,313.71734201649147,0.0,0.0,81.52301607741808,97.89906867262832,1005.0328213892327,27.214568255994366,18.66568467489326,442.86619367505826,530.4616946111319,6479.79024941329,0.0,0.0,103.53159156358508,123.51348804005906,1673.7110875332949,0.0,21.47646400672477,31.755579060430138,21.0,30.0,0.0,21.958377696954125,30.80137301344473,16.0,30.0,1424.1107020351374,21.875197356256878,31.005403685398084,21.5,30.0,0.0,21.215026727716017,32.31918375324535,16.0,30.0,0.0,19.292193727815517,37.09504777501682,12.0,30.0,0.0,22.39717586146356,30.45742470188949,16.0,30.0,0.0,20.514380665734849,34.14272826688633,10.0,30.0,0.0,18.975363937875703,37.72608251512273,16.0,30.0,0.0,20.027344697744316,35.311822895950999,12.0,30.0,0.0,20.71031308871928,0.0,0.0,0.0,21.964071056364888,0.0,0.0,547.6055851724321,544.759355049329,548.1591601887674,551.7055171380283,602.130701380467,586.016446660796,583.0518965586041,594.4675161158,592.5600217117255,4618.531400582178,81.42206699300124,81.42206699300124,60.0,0.0,60.0,60.0,16.0,16.0,16.0,12.0,16.0,12.0,21.0,10.0,1.0,0.0,0.0,0.0,1424.1107020351374,0.0,0.0,0.0,0.0,0.0,0.0,0.0,0.0,81.42206699300124,81.42206699300124,0.17,0.38374333469691226,0.18014068700982978,81.42206699300124,0.17713239097194376,0.0,0.00164 
 04/16  13:00:00,14.16,48.0,4.39,125.5,840.0,0.0,0.0,0.0,0.0,0.0,0.0,0.0,0.0,0.0,0.0,322.0,0.0,2227.952306629875,85.98720050264075,220.3426062393822,66.80474418583708,1778.112378987235,0.0,85.9872005026407,117.55102218556252,0.0,0.0,20.83132817327308,267.71134357638587,23.246059610016226,-630.1101349919259,20.75899349848014,-20.63492698792379,21.040217518893905,69.8425666229,19.15365245158293,25.05888358592759,23.247453244477009,-332.4493417620213,19.962063824796297,219.4969596906485,18.61358157752297,189.6901258624206,19.810054142502417,238.47498230471275,405.48339501970988,-314.87163742870509,0.0,0.0,0.0,0.0,0.0,0.0,0.0,0.0,0.0,0.0,0.0,0.0,0.0,0.0,0.0,0.0,0.0,0.0,0.0,0.0,0.0,0.0,0.5556707745029866,0.1696186735357102,289.7884715646213,345.9521960145329,4295.501012214854,0.031874415804822166,0.00486483757704856,238.6347971171014,284.14728664299715,3829.4420374535445,0.6578561871097534,0.1243114488113669,346.5808570309256,414.32485784175676,4840.494289218204,0.1506959885425807,0.028476188311145249,203.36410030807827,243.02629024328648,2932.2913122521015,0.0,0.0,7.736509284896009,9.302004195201249,81.9185759713261,0.0,0.0,84.47866324102597,100.47206348476985,1427.6613736739496,0.0,0.0,201.76416469296673,241.56317676119898,2637.1031496889438,0.0,0.0,31.254117048070957,37.61590393164691,312.06416758036576,0.0,0.0,80.83749223752318,96.94098383764697,980.3812498438033,27.0659069517731,18.563722189144796,454.59672590712787,544.1011095343587,6441.540201559881,0.0,0.0,103.391193448955,123.14436606673616,1664.8199387126693,0.0,21.507780801796714,31.674877155571328,21.0,30.0,0.0,22.14469401596856,30.433985540902328,16.0,30.0,0.0,21.071121697654975,32.5342872028122,21.0,30.0,0.0,21.288686672129164,32.11237339708527,16.0,30.0,0.0,19.36024368920145,36.84414007330626,12.0,30.0,0.0,22.56323519427833,30.09207614304108,16.0,30.0,0.0,20.61154066810193,33.89232153364645,10.0,30.0,0.0,19.056837440547036,37.446217450727989,16.0,30.0,0.0,20.135322003682874,34.99977506118792,12.0,30.0,0.0,20.77884292027136,0.0,0.0,0.0,22.141382224114304,0.0,0.0,545.9768756132953,543.1331965663807,545.9615735819803,546.7753310076095,595.4729230004812,580.8557176080655,579.5192684137619,588.3235106469763,586.8574698312898,0.0,80.94691419992755,80.94691419992755,60.0,0.0,60.0,60.0,16.0,16.0,16.0,12.0,16.0,12.0,21.0,10.0,1.0,0.0,0.0,0.0,0.0,0.0,0.0,0.0,0.0,0.0,0.0,0.0,0.0,80.94691419992755,80.94691419992755,0.0,0.0,0.0,80.94691419992755,0.0,0.0,0.00166 
 04/16  13:10:00,14.313333333333335,47.666666666666667,4.385,122.66666666666667,841.0,0.0,0.0,0.0,0.0,0.0,0.0,0.0,0.0,0.0,0.0,161.0,0.0,2263.8895752277719,84.92335806104997,217.61651365610244,67.88229604371853,1806.7934249504108,0.0,84.92335806104993,116.09666891295493,0.0,0.0,20.873680805881955,260.5187682804899,23.298942213015694,-770.8279375933271,20.747966979483587,158.44203479754106,20.910095862934953,-21.02505302707027,19.212542330375457,25.568155383839895,23.425502815164497,-351.1026111670699,20.03790376795142,222.02077647559055,18.676303777450756,195.00130333148855,19.889776042202685,238.4050446701808,328.6872864094439,-330.7009555654013,0.0,0.0,0.0,0.0,0.0,0.0,0.0,0.0,0.0,0.0,0.0,0.0,0.0,0.0,0.0,0.0,0.0,0.0,0.0,0.0,0.0,0.0,0.48593093522431815,0.14833056630778944,262.1358864794723,312.1835982958631,3838.793924109381,0.0,0.0,264.91672849709519,314.9539534828627,4139.150429448132,0.7790133897224758,0.14720585595662814,245.60484347783686,292.9564804493691,3376.790786677016,0.15555054093821117,0.029393526254386079,43.262910831879079,51.61945465759402,587.530147071249,0.0,0.0,7.764466727808837,9.313191772603356,80.94666612608813,0.0,0.0,85.58658932946759,101.51535950347521,1449.4102002257699,0.0,0.0,203.54042012189178,243.08200178390144,2640.7983152841945,0.0,0.0,31.960087083169655,38.3728580716533,315.11807372487029,0.0,0.0,81.12436610286338,97.04019755131027,975.7833276881173,26.837485982009264,18.40705485734518,264.2718232800713,315.8491441282901,3652.731652533744,0.0,0.0,104.10471394282591,123.6632811755495,1676.316539418471,0.0,21.571532363160306,31.530949699627553,21.0,30.0,0.0,22.085421979751194,30.46351603375304,16.0,30.0,0.0,21.107865371133124,32.45129318357186,21.0,30.0,0.0,21.019754059590054,32.6141199655934,16.0,30.0,0.0,19.433211658351536,36.58590368627276,12.0,30.0,0.0,22.73794008138269,29.721572668371257,16.0,30.0,0.0,20.718448768097969,33.60950852986072,10.0,30.0,0.0,19.149613812508244,37.15300612013126,16.0,30.0,0.0,20.240110831799588,34.70706143008721,12.0,30.0,0.0,20.531192737722159,0.0,0.0,0.0,22.297368634262985,0.0,0.0,544.5080827678372,536.1994628422071,545.3732274880428,544.2140297126285,589.1237948791306,576.3853124254856,575.0095397189588,583.075809220106,582.0273805790492,0.0,80.94691419992755,80.94691419992755,60.0,0.0,60.0,60.0,16.0,16.0,16.0,12.0,16.0,12.0,21.0,10.0,1.0,0.0,0.0,0.0,0.0,0.0,0.0,0.0,0.0,0.0,0.0,0.0,0.0,80.94691419992755,80.94691419992755,0.0,0.0,0.0,80.94691419992755,0.0,0.0,0.0016800000000000003 
 04/16  13:20:00,14.466666666666669,47.33333333333333,4.38,119.83333333333333,842.0,0.0,0.0,0.0,0.0,0.0,0.0,0.0,0.0,0.0,0.0,161.0,0.0,2294.7799245236576,83.81480560937496,214.77584747275709,68.80851770063953,1831.4465698948005,0.0,83.81480560937492,114.58119366688377,0.0,0.0,20.84902374629374,229.73909085310334,23.37573194781902,-776.9177624067925,20.738025677773483,171.88987931881457,20.879995366015828,30.025278765224358,19.266339610443738,26.420380133673406,23.583256004963255,-367.4488276239181,20.1047495858072,228.69920763103256,18.72869822530968,200.52659921560736,19.959318482836247,244.9974232001573,299.0939855317374,-343.3877768140301,0.0,0.0,0.0,0.0,0.0,0.0,0.0,0.0,0.0,0.0,0.0,0.0,0.0,0.0,0.0,0.0,0.0,0.0,0.0,0.0,0.0,0.0,0.404389071157591,0.12343988741074207,253.43650288942764,301.86629991046478,3597.1940957667659,0.0,0.0,246.71701094841783,293.2720847401386,3783.700414159734,0.7814742140309011,0.14767086432934646,220.12400432342157,262.52376957695028,2963.885412894758,0.16700116598149268,0.03155728760043323,113.22684336553918,135.10531157650264,1487.5305761078133,0.0,0.0,7.832870573187085,9.392396383491088,80.14960293675616,0.0,0.0,86.8215436272294,102.92308835719347,1466.1097990986417,0.0,0.0,204.4793157422322,244.10538252742183,2624.7239248397506,0.0,0.0,32.11694276807603,38.54801328232402,311.1562579927406,0.0,0.0,81.20599430880583,97.10052423473866,964.8542916769037,26.67745324658818,18.297293036068717,228.2868306994814,272.9202162235261,3061.927369979073,0.0,0.0,104.16954853290462,123.66676357486581,1674.6823996367355,0.0,21.502391631033473,31.58486122446392,21.0,30.0,0.0,22.09649470535907,30.450797091972384,16.0,30.0,0.0,21.119142027499846,32.423720721352918,21.0,30.0,0.0,20.96760188278582,32.744898910723048,16.0,30.0,0.0,19.49306871848392,36.38589009347161,12.0,30.0,0.0,22.871828115978749,29.442976667277894,16.0,30.0,0.0,20.80594594306294,33.39123922006427,10.0,30.0,0.0,19.220139635594966,36.935366930101277,16.0,30.0,0.0,20.323240460175339,34.480237168489967,12.0,30.0,0.0,20.416359734716644,0.0,0.0,0.0,22.44274328917172,0.0,0.0,537.8398792109107,536.4645213337814,545.2288933696076,546.6613981452671,584.722513091725,573.1663992032188,572.3037979869538,579.4171887804519,578.5255795657091,0.0,80.94691419992755,80.94691419992755,60.0,0.0,60.0,60.0,16.0,16.0,16.0,12.0,16.0,12.0,21.0,10.0,1.0,0.0,0.0,0.0,0.0,0.0,0.0,0.0,0.0,0.0,0.0,0.0,0.0,80.94691419992755,80.94691419992755,0.0,0.0,0.0,80.94691419992755,0.0,0.0,0.00171 
 04/16  13:30:00,14.620000000000001,47.0,4.375,117.0,843.0,0.0,0.0,0.0,0.0,0.0,0.0,0.0,0.0,0.0,0.0,161.0,0.0,2320.585340487694,82.65841408815443,211.81258971751186,69.58226933573913,1852.0414753516309,0.0,82.65841408815439,113.00031878583661,0.0,0.0,20.880428993384308,253.87739240889278,23.415728237571359,-865.7356269231659,20.706953984935219,147.8973131823841,20.875006684909878,44.133548776784667,19.320877265498397,26.826932417112688,23.736868819679019,-380.2532324261365,20.162365081016167,229.16320609111427,18.780523096709886,204.96943453631344,20.03084499413147,253.97934466970356,293.2809159390745,-354.5817312100735,0.0,0.0,0.0,0.0,0.0,0.0,0.0,0.0,0.0,0.0,0.0,0.0,0.0,0.0,0.0,0.0,0.0,0.0,0.0,0.0,0.0,0.0,0.40557941431550756,0.12380324002304871,260.45853017021588,310.1416762156544,3641.777484442033,0.0,0.0,265.8228489763232,316.01608647382326,3962.8451308903465,0.7339741000580291,0.13869503024528144,202.81475560147764,241.89096692668995,2651.6923334139748,0.16346681953406395,0.03088942168066211,136.00219732193333,162.26953424609006,1741.0574613488425,0.0,0.0,7.6933890309507559,9.222347208819978,77.23423089817037,0.0,0.0,88.05142519989028,104.32395183590173,1482.1943588677528,0.0,0.0,203.69886126085994,243.0923884573099,2578.9829884871867,0.0,0.0,32.034945426115729,38.436724084124367,304.7134793111195,0.0,0.0,81.62042227950747,97.55729536672358,958.3734859784528,26.52983197828608,18.196043880854658,237.5266363308618,283.8862307649562,3114.510485947965,0.0,0.0,104.58247275814907,124.08618350832082,1677.154484938168,0.0,21.553072357852704,31.490245615678338,21.0,30.0,0.0,22.035947799536108,30.519243459292335,16.0,30.0,0.0,21.079028898081146,32.42448285637815,21.0,30.0,0.0,20.95682851226804,32.75722705180867,16.0,30.0,0.0,19.552547902267944,36.19604358237377,12.0,30.0,0.0,23.00329611041401,29.176149700780138,16.0,30.0,0.0,20.874551742521004,33.2035092741324,10.0,30.0,0.0,19.288194029554007,36.732170544214337,16.0,30.0,0.0,20.409816941870138,34.25377488253568,12.0,30.0,0.0,20.46522115349896,0.0,0.0,0.0,22.580862380395574,0.0,0.0,537.7416154237039,531.8189909546812,538.7605459221561,546.1547365273336,580.9249313357257,570.3668181535629,568.751354244187,576.2821800927723,575.4879770960173,0.0,80.94691419992755,80.94691419992755,60.0,0.0,60.0,60.0,16.0,16.0,16.0,12.0,16.0,12.0,21.0,10.0,1.0,0.0,0.0,0.0,0.0,0.0,0.0,0.0,0.0,0.0,0.0,0.0,0.0,80.94691419992755,80.94691419992755,0.0,0.0,0.0,80.94691419992755,0.0,0.0,0.00174 
 04/16  13:40:00,14.773333333333334,46.666666666666667,4.37,115.66666666666666,837.3333333333333,0.0,0.0,0.0,0.0,0.0,0.0,0.0,0.0,0.0,0.0,161.0,0.0,2329.4368180261478,81.65988713615644,209.2538225003524,69.84766187543613,1859.1055851054985,0.0,81.6598871361564,111.63525673938014,0.0,0.0,20.842862826013236,210.3932622215143,23.516300653354209,-802.9182863200385,20.7062378605983,178.58770044986887,20.869883945655017,35.29167382265405,19.375557344474708,27.635795165308765,23.87805176923294,-396.53828830563637,20.23167906205831,238.09390849958255,18.8339064978773,210.75818157663708,20.09752376946566,252.43058630384213,272.9676074648505,-360.76747212864486,0.0,0.0,0.0,0.0,0.0,0.0,0.0,0.0,0.0,0.0,0.0,0.0,0.0,0.0,0.0,0.0,0.0,0.0,0.0,0.0,0.0,0.0,0.3378578238463718,0.10313120386030886,253.79535031262408,302.27576786384199,3420.7813585039955,0.0,0.0,240.83961674272858,286.1973097022947,3557.0829601567477,0.7445189851829416,0.1406876389234584,222.78072901854027,265.65717881165917,2850.639825489023,0.1628161513902349,0.03076646851667325,124.57765734761269,148.63274724959357,1552.1749674377985,0.0,0.0,7.802525101738209,9.35034848418997,76.81423805718572,0.0,0.0,89.2303454797696,105.66738432012471,1495.219324752173,0.0,0.0,203.15655423732057,242.34511669064333,2545.380795784931,0.0,0.0,32.25401844670757,38.68634162790167,301.2346513708887,0.0,0.0,79.69836360551742,95.22566552591721,922.9310022949495,26.41011445868822,18.113933099237469,230.73330422861836,275.7723091297636,2934.1341244256079,0.0,0.0,102.6798373755189,121.76013434351279,1642.247351766655,0.0,21.45661758150511,31.63294430612094,21.0,30.0,0.0,22.123430790895204,30.371696706216647,16.0,30.0,0.0,21.097439857439036,32.388925437934428,21.0,30.0,0.0,20.940404630487089,32.71639518296289,16.0,30.0,0.0,19.61155573354126,36.010023136888737,12.0,30.0,0.0,23.122790012788774,28.926525088695649,16.0,30.0,0.0,20.96526489035283,32.98586491108719,10.0,30.0,0.0,19.358119254128778,36.52959300177109,16.0,30.0,0.0,20.48532580408128,34.05339225384101,12.0,30.0,0.0,20.4282059481553,0.0,0.0,0.0,22.717439601361364,0.0,0.0,533.2464382811089,532.7087979646899,538.4830597454279,540.1468641922103,577.239159899665,566.8926124677523,566.2365076513532,573.4354497904515,572.5510767764072,0.0,80.94691419992755,80.94691419992755,60.0,0.0,60.0,60.0,16.0,16.0,16.0,12.0,16.0,12.0,21.0,10.0,1.0,0.0,0.0,0.0,0.0,0.0,0.0,0.0,0.0,0.0,0.0,0.0,0.0,80.94691419992755,80.94691419992755,0.0,0.0,0.0,80.94691419992755,0.0,0.0,0.00177 
 04/16  13:50:00,14.926666666666666,46.333333333333339,4.365,114.33333333333334,831.6666666666667,0.0,0.0,0.0,0.0,0.0,0.0,0.0,0.0,0.0,0.0,161.0,0.0,2332.962717446207,80.62741158944995,206.60805850206948,69.95336896616242,1861.9194013975424,0.0,80.6274115894499,110.22378439015279,0.0,0.0,20.91770263865915,266.3096643485751,23.546534562260278,-922.6200448593354,20.675073588985513,143.0596951997577,20.876250146739254,44.64218165501916,19.430421272881906,27.753468865228,24.014570776778883,-404.70180434493298,20.286384642129585,235.5605581017153,18.88620446924603,214.10636684659654,20.169488054745938,265.4161989862764,276.34579030028,-371.26218906232227,0.0,0.0,0.0,0.0,0.0,0.0,0.0,0.0,0.0,0.0,0.0,0.0,0.0,0.0,0.0,0.0,0.0,0.0,0.0,0.0,0.0,0.0,0.36016294050739997,0.10993984752973137,273.19894032099668,325.195810630999,3671.870794545011,0.0,0.0,281.22008668822067,334.2179768261601,4031.873748301627,0.6930571512559072,0.13096318050943074,199.2511808331275,237.61575186584589,2467.897246258437,0.1563944468127416,0.02955299448464504,137.71593860066938,164.28596542167757,1674.5450585864347,0.0,0.0,7.551993474882898,9.047424195530935,72.85690034191221,0.0,0.0,90.21708336119157,106.78167515008062,1504.8728261698694,0.0,0.0,202.35666865652804,241.31612759415536,2496.712701828124,0.0,0.0,32.078933589811288,38.46369457046704,293.84458712165738,0.0,0.0,81.17493716442719,96.9512773749667,928.7756921833254,26.269584354245436,18.017547568069579,253.2586006214108,302.54915921494247,3163.4836930636108,0.0,0.0,104.1761917285708,123.47264398209845,1657.8661253173637,0.0,21.594948320988804,31.37507319972968,21.0,30.0,0.0,22.0607539488234,30.465841558515135,16.0,30.0,0.0,21.04691026205632,32.44611628070482,21.0,30.0,0.0,20.946964949167023,32.69871036973467,16.0,30.0,0.0,19.668909245025409,35.83459159225784,12.0,30.0,0.0,23.242323120949309,28.68875053537886,16.0,30.0,0.0,21.02583879093476,32.8287500274338,10.0,30.0,0.0,19.424510132632457,36.33080711117177,16.0,30.0,0.0,20.572335021058718,33.82787766961148,12.0,30.0,0.0,20.538096302283113,0.0,0.0,0.0,22.835011926849697,0.0,0.0,533.6414631102897,530.1418740703812,534.1189080849796,539.4402679701707,573.9595720565798,564.2494439031157,563.4942676533502,570.1470317324634,569.3734177465361,0.0,80.94691419992755,80.94691419992755,60.0,0.0,60.0,60.0,16.0,16.0,16.0,12.0,16.0,12.0,21.0,10.0,1.0,0.0,0.0,0.0,0.0,0.0,0.0,0.0,0.0,0.0,0.0,0.0,0.0,80.94691419992755,80.94691419992755,0.0,0.0,0.0,80.94691419992755,0.0,0.0,0.0017933333333333335 
 04/16  14:00:00,15.08,46.0,4.36,113.0,826.0,0.0,0.0,0.0,0.0,0.0,0.0,0.0,0.0,0.0,0.0,161.0,0.0,2331.2457641566268,79.56052083115742,203.87410229526575,69.90187112264695,1860.5489468607439,0.0,79.56052083115738,108.76526383750653,0.0,0.0,20.862556761810354,195.57078585105047,23.670441912743777,-804.270566455727,20.702118069550474,205.26131069128497,20.875138583601655,30.313000581994858,19.485998223149609,28.79904650309311,24.141044265605538,-419.6952398441681,20.360931104879428,247.6857167039816,18.940733033081786,219.9644075802371,20.233090573046874,258.02049467752615,254.40451145371299,-372.8670850621347,0.0,0.0,0.0,0.0,0.0,0.0,0.0,0.0,0.0,0.0,0.0,0.0,0.0,0.0,0.0,0.0,0.0,0.0,0.0,0.0,0.0,0.0,0.25397654058643856,0.07752641654042691,267.0261984714281,317.96627419940406,3430.7048843405516,0.0,0.0,238.8993904773913,283.7445576881167,3422.735411039098,0.7380837224567253,0.13947160288297914,237.5080129867769,283.1416160997885,2898.332798716614,0.16041781127938535,0.030313267437525567,118.33855158641269,141.16151445997392,1399.5010903520679,0.0,0.0,7.805016994104654,9.347721931667453,73.7785105451192,0.0,0.0,91.08906542792558,107.76361533151382,1510.2384419632913,0.0,0.0,202.5374244250312,241.4250362596547,2475.798473540777,0.0,0.0,32.49809383162269,38.95293929437331,292.0879175065735,0.0,0.0,78.56731765126949,93.80526301037665,885.1775451497401,26.189759766120156,17.962798193498054,245.59034741050446,293.40781997176597,2963.4344445766689,0.0,0.0,101.62780511309619,120.39084695869798,1609.7039139741203,0.0,21.454204313580236,31.622040115978039,21.0,30.0,0.0,22.21361675722035,30.159696567005857,16.0,30.0,0.0,21.114166619675794,32.31905481582518,21.0,30.0,0.0,20.93437832724788,32.6856684437634,16.0,30.0,0.0,19.727581338001568,35.65907032038302,12.0,30.0,0.0,23.349210744370394,28.47637202243124,16.0,30.0,0.0,21.12521780446302,32.59403913164443,10.0,30.0,0.0,19.494445441104117,36.13261175401164,16.0,30.0,0.0,20.640836897135018,33.648451991364698,12.0,30.0,0.0,20.48632702263167,0.0,0.0,0.0,22.95508427170206,0.0,0.0,530.852887686619,527.3771176962396,534.3186916038709,535.5759931324997,570.7703651604451,561.6912448952098,560.6896092103006,567.3330426072791,566.6057447562306,0.0,80.94691419992755,80.94691419992755,60.0,0.0,60.0,60.0,16.0,16.0,16.0,12.0,16.0,12.0,21.0,10.0,1.0,0.0,0.0,0.0,0.0,0.0,0.0,0.0,0.0,0.0,0.0,0.0,0.0,80.94691419992755,80.94691419992755,0.0,0.0,0.0,80.94691419992755,0.0,0.0,0.0018166666666666668 
 04/16  14:10:00,15.171666666666667,45.66666666666667,4.3500000000000009,111.66666666666666,820.3333333333333,0.0,0.0,0.0,0.0,0.0,0.0,0.0,0.0,0.0,0.0,161.0,0.0,2324.3733767349888,78.45885445968045,201.0510306312627,69.69578958299249,1855.0639897068905,0.0,78.45885445968041,107.25920238513257,0.0,0.0,20.985221570822355,285.8815796954841,23.677041732040299,-977.2568354137584,20.66888897191599,142.1893834503844,20.89120486844981,51.091564569447658,19.541019013436235,28.516623788345215,24.263698870021167,-422.7721040375727,20.41184164055628,240.99611871680828,18.99186156869323,221.4388370996105,20.305660753585614,276.69893890568667,264.67000300529255,-383.03569067641186,0.0,0.0,0.0,0.0,0.0,0.0,0.0,0.0,0.0,0.0,0.0,0.0,0.0,0.0,0.0,0.0,0.0,0.0,0.0,0.0,0.0,0.0,0.32771525375635188,0.10003518124430766,288.43319318598216,343.1506172607318,3785.0472384202255,0.0,0.0,298.96901410605917,355.1720599191159,4169.496455408381,0.66843718217963,0.12631088098632468,197.4881650192819,235.45969068858813,2348.638035147353,0.15435913623959775,0.029168393091382785,146.0990714547409,174.2417229506793,1707.5278525404154,0.0,0.0,7.408187606377881,8.869854274325036,69.48128609196185,0.0,0.0,91.83251477039319,108.59163341605202,1525.3893478420239,0.0,0.0,201.75947639914186,240.4312401001182,2448.993525850294,0.0,0.0,32.174990216657359,38.55350157151173,287.2094633497379,0.0,0.0,81.59926989293004,97.38579645645543,918.5905301633575,26.08157994148039,17.888600782908367,271.2667337337057,323.90474683710877,3264.1019580970439,0.0,0.0,104.70158399397346,123.98071294429127,1657.964339366785,0.0,21.68701403978176,31.148989566046088,21.0,30.0,0.0,22.113978369908688,30.33429607298301,16.0,30.0,0.0,21.049926528665578,32.42189057747352,21.0,30.0,0.0,20.960169341803998,32.632195206428438,16.0,30.0,0.0,19.784240517288898,35.49325553104285,12.0,30.0,0.0,23.46028104442315,28.253293750286617,16.0,30.0,0.0,21.176038251851059,32.470537554963417,10.0,30.0,0.0,19.55725358999008,35.95395020339208,16.0,30.0,0.0,20.730280320650555,33.42824102819049,12.0,30.0,0.0,20.617448828083334,0.0,0.0,0.0,23.048070000888765,0.0,0.0,528.0855355010868,525.4257957672678,531.5730996489224,535.0657956519343,567.8633312174346,558.5473648302781,558.915285197205,564.6144456129708,563.8697144486945,0.0,80.94691419992755,80.94691419992755,60.0,0.0,60.0,60.0,16.0,16.0,16.0,12.0,16.0,12.0,21.0,10.0,1.0,0.0,0.0,0.0,0.0,0.0,0.0,0.0,0.0,0.0,0.0,0.0,0.0,80.94691419992755,80.94691419992755,0.0,0.0,0.0,80.94691419992755,0.0,0.0,0.00184 
 04/16  14:20:00,15.263333333333336,45.333333333333339,4.34,110.33333333333334,814.6666666666667,0.0,0.0,0.0,0.0,0.0,0.0,0.0,0.0,0.0,0.0,161.0,0.0,2312.4365376559155,77.32217021207829,198.13822299243555,69.33785244795935,1845.5371424662395,0.0,77.32217021207825,105.70526884122381,0.0,0.0,20.89321824142889,175.74976439897547,23.81712124697178,-794.0949180009411,20.72481381802904,239.00140018947605,20.89199812782833,29.649776346393993,19.597244364901316,29.942241642553257,24.374473116199895,-437.3553310389261,20.491977168804647,256.60651027274437,19.045966960260487,227.5270163381956,20.364412764272197,260.9493119650642,242.62519170771339,-378.6294266474506,0.0,0.0,0.0,0.0,0.0,0.0,0.0,0.0,0.0,0.0,0.0,0.0,0.0,0.0,0.0,0.0,0.0,0.0,0.0,0.0,0.0,0.0,0.19386210411554895,0.059176466457737778,282.2255135091237,335.98724481910628,3523.7098695534684,0.0,0.0,231.9689391351915,275.3534338301779,3286.705704808454,0.7572587761971588,0.14309500683997715,253.3010450151771,301.8497249824962,3024.1881697879709,0.1640058458535201,0.03099127850595617,116.96212866432548,139.48291771324458,1343.101310028956,0.0,0.0,7.861754493425845,9.410089813134297,73.18345377233841,0.0,0.0,92.45322260977777,109.27936604909859,1535.5747450307159,0.0,0.0,202.67954747087667,241.41508838195197,2465.772097881662,0.0,0.0,32.83332158665707,39.3291974352069,291.43829982846588,0.0,0.0,77.8329573606355,92.862774008539,870.8034288197614,26.066418044930196,17.878201676906863,261.7103886483627,312.53169327817178,3067.5413510975897,0.0,0.0,101.059559482884,119.6141369606332,1601.8405244968508,0.0,21.460783372673839,31.57360620404689,21.0,30.0,0.0,22.32219109698777,29.93795002079459,16.0,30.0,0.0,21.170000381257116,32.15619026932824,21.0,30.0,0.0,20.94906020760633,32.63475937723142,16.0,30.0,0.0,19.84264766971079,35.326625497029898,12.0,30.0,0.0,23.554826444489686,28.075972550104205,16.0,30.0,0.0,21.284333534644966,32.21194075782147,10.0,30.0,0.0,19.62564792125974,35.763069578072038,16.0,30.0,0.0,20.789352476773357,33.273617307612038,12.0,30.0,0.0,20.55096424905782,0.0,0.0,0.0,23.151006822145758,0.0,0.0,526.1458239015419,524.2156698829876,528.7616316743288,532.8131085555061,565.0762121244142,556.9461479941153,555.1372814823094,561.8011441369233,561.2523574502612,0.0,80.94691419992755,80.94691419992755,60.0,0.0,60.0,60.0,16.0,16.0,16.0,12.0,16.0,12.0,21.0,10.0,1.0,0.0,0.0,0.0,0.0,0.0,0.0,0.0,0.0,0.0,0.0,0.0,0.0,80.94691419992755,80.94691419992755,0.0,0.0,0.0,80.94691419992755,0.0,0.0,0.0018566666666666667 
 04/16  14:30:00,15.355,45.0,4.33,109.0,809.0,0.0,0.0,0.0,0.0,0.0,0.0,0.0,0.0,0.0,0.0,322.0,0.0,2295.528731641945,76.15034883224384,195.13537406597815,68.8308628478791,1832.0430146960824,0.0,76.1503488322438,104.10330017364048,0.0,0.0,21.00456772990062,283.01860208781457,23.84125573997614,-940.0038598231104,20.711521408521255,183.4829173340604,20.910860627128977,55.5746850669334,19.646759633513267,30.478883800885286,24.4738391981434,-431.24836408060539,20.543985402126617,258.6160318278053,19.09135052267495,231.59217210826126,20.427285090475484,287.5309687602537,249.00660906751728,-382.8479105204392,0.0,0.0,0.0,0.0,0.0,0.0,0.0,0.0,0.0,0.0,0.0,0.0,0.0,0.0,0.0,0.0,0.0,0.0,0.0,0.0,0.0,0.0,0.2604464970015417,0.07950137271109333,289.9712706133562,345.6453510271428,3687.991079809277,0.0,0.0,284.97685361014649,339.06193794764087,3949.8535507853005,0.6964799396057566,0.1316099659118966,218.94866475117494,261.3636689720488,2559.8494641608724,0.160106766626887,0.030254491048164579,145.8891787550272,174.32397171812594,1655.6431174957773,0.0,0.0,7.538731830136974,9.038843291970944,69.41932336277982,0.0,0.0,93.08699381639753,110.20892147183732,1543.2472856801115,0.0,0.0,202.51871422552154,241.63899319566074,2446.115002416748,0.0,0.0,32.62586026604651,39.14809698467968,286.67723002427439,0.0,0.0,81.34313852716199,97.21662526613319,906.0366177900885,25.99027391640681,17.825976623049948,273.58566869529195,327.26656015756807,3191.568180869408,0.0,0.0,104.70444433167455,124.13758677075387,1654.8438744434309,0.0,21.672491710404793,31.145229020584666,21.0,30.0,0.0,22.26681943353789,30.01902377386255,16.0,30.0,0.0,21.135736586738046,32.206473297784949,21.0,30.0,0.0,20.978835669103803,32.541008719432287,16.0,30.0,0.0,19.88679157708102,35.19814054912256,12.0,30.0,0.0,23.636847632416076,27.901813017455905,16.0,30.0,0.0,21.33591171063089,32.08462718151064,10.0,30.0,0.0,19.675441615425766,35.619471832855619,16.0,30.0,0.0,20.860301223057708,33.09440525617843,12.0,30.0,0.0,20.640315480229768,0.0,0.0,0.0,23.22526724054314,0.0,0.0,524.0794060046476,522.0486238097442,526.1459747937893,528.9981690261143,562.7144451619333,553.2886017173664,552.7966849798308,559.2992736245051,558.4216046727612,0.0,80.94691419992755,80.94691419992755,60.0,0.0,60.0,60.0,16.0,16.0,16.0,12.0,16.0,12.0,21.0,10.0,1.0,0.0,0.0,0.0,0.0,0.0,0.0,0.0,0.0,0.0,0.0,0.0,0.0,80.94691419992755,80.94691419992755,0.0,0.0,0.0,80.94691419992755,0.0,0.0,0.0018733333333333337 
 04/16  14:40:00,15.446666666666668,44.66666666666667,4.32,106.16666666666667,803.8333333333334,0.0,0.0,0.0,0.0,0.0,0.0,0.0,0.0,0.0,0.0,161.0,0.0,2271.097083294524,74.41844231658763,190.69732574093454,68.09827293136842,1812.544171499982,0.0,74.41844231658759,101.73565266267203,0.0,0.0,21.078192252674407,274.2045756222815,23.878820564834883,-967.9521481847332,20.728744435350003,195.90626333530055,20.931912601697407,55.55105565534814,19.70859297273845,30.398197555942035,24.58595848218574,-441.9300031835205,20.61117613494441,252.32491524819489,19.150094014750218,231.37146136850994,20.5032245408926,281.9262382339757,239.22453294697335,-384.4961726337742,0.0,0.0,0.0,0.0,0.0,0.0,0.0,0.0,0.0,0.0,0.0,0.0,0.0,0.0,0.0,0.0,0.0,0.0,0.0,0.0,0.0,0.0,0.2427122527507115,0.07408798924014394,273.4309699773237,325.0961046541168,3485.6453143098385,0.0,0.0,284.72217433707109,337.9600586753868,3901.0805229887675,0.7004205129814335,0.1323545942897645,226.38495168234628,269.7213005818204,2617.270322611642,0.16176430705576837,0.03056770730456695,150.03112776488653,178.84724168217179,1683.7564109622113,0.0,0.0,7.559204091978646,9.042670350440178,69.24291092200775,0.0,0.0,93.24495165425735,110.11999750323082,1550.0515336798129,0.0,0.0,203.20395449595723,241.88262578190877,2449.1154170799129,0.0,0.0,32.819817983121549,39.28822471304898,287.3149831004833,0.0,0.0,81.62737075846026,97.31576349983084,909.5286327728189,25.93041398534338,17.784920428904934,257.0242627561928,306.78297317559949,2959.047205380202,0.0,0.0,105.09861809713513,124.31105919276556,1655.7959037724546,0.0,21.78141929799827,30.9170407098246,21.0,30.0,0.0,22.272926111580746,29.976693408632494,16.0,30.0,0.0,21.166833753591896,32.12423868714304,21.0,30.0,0.0,21.00745752570087,32.45943256353668,16.0,30.0,0.0,19.955213496603866,35.00053418393806,12.0,30.0,0.0,23.75265858902115,27.671229329419274,16.0,30.0,0.0,21.41533401988043,31.898401231184289,10.0,30.0,0.0,19.7515445788636,35.40790497944645,16.0,30.0,0.0,20.954359853452858,32.8634158387006,12.0,30.0,0.0,20.636981300097156,0.0,0.0,0.0,23.291947893080775,0.0,0.0,521.8581543597629,518.4477798213013,524.1450862134799,526.2341279819458,558.8450711168152,549.3991970433954,550.1047748359542,555.7751149572641,554.9246775429087,0.0,80.94691419992755,80.94691419992755,60.0,0.0,60.0,60.0,16.0,16.0,16.0,12.0,16.0,12.0,21.0,10.0,1.0,0.0,0.0,0.0,0.0,0.0,0.0,0.0,0.0,0.0,0.0,0.0,0.0,80.94691419992755,80.94691419992755,0.0,0.0,0.0,80.94691419992755,0.0,0.0,0.0018899999999999998 
 04/16  14:50:00,15.538333333333334,44.333333333333339,4.3100000000000009,103.33333333333333,798.6666666666666,0.0,0.0,0.0,0.0,0.0,0.0,0.0,0.0,0.0,0.0,161.0,0.0,2241.8606049472907,72.63877147628591,186.1368801033529,67.22161214353146,1789.2106405293997,0.0,72.63877147628588,99.30270769867264,0.0,0.0,21.028881986807364,200.97960298606268,23.966444714400664,-871.1827510698513,20.77467266999475,245.01800075720349,20.946278831419364,50.25268794667318,19.76344058779486,31.165608146927583,24.675431283192919,-451.2266510599443,20.680761678458418,261.1173921498357,19.199810589706748,233.581567347004,20.559161981486314,270.44420884298418,230.76191182407639,-377.59793897728198,0.0,0.0,0.0,0.0,0.0,0.0,0.0,0.0,0.0,0.0,0.0,0.0,0.0,0.0,0.0,0.0,0.0,0.0,0.0,0.0,0.0,0.0,0.1573695109485363,0.04803709125413196,278.9580573743702,331.79452359666666,3424.541911688344,0.0,0.0,246.88889701198387,292.8999578671704,3396.3786613754048,0.7390066802532215,0.1396460091181447,252.08696755402247,300.2229568796128,2910.509827010365,0.1674933643994188,0.031650295615914359,144.13781970967765,171.79541309815975,1595.0204209442168,0.0,0.0,7.800552164869373,9.328739936453001,70.82872476249436,0.0,0.0,93.71824616335634,110.63735789758833,1555.203445884368,0.0,0.0,203.57964807778544,242.23494520973689,2450.235622624585,0.0,0.0,33.15913556166565,39.682577261642688,287.9445915835154,0.0,0.0,79.43210649659544,94.6712235258559,878.9806508568355,25.909830486853538,17.770802803054559,260.77208968368299,311.2197184669609,2946.8889120886308,0.0,0.0,102.9324109641723,121.71011509495894,1615.3031345846208,0.0,21.638282571905184,31.162893904049399,21.0,30.0,0.0,22.395781165932644,29.73888555675247,16.0,30.0,0.0,21.25407422054509,31.934380793139025,21.0,30.0,0.0,21.02180310414925,32.41785541223419,16.0,30.0,0.0,20.008568873641136,34.8499956363243,12.0,30.0,0.0,23.832962214287627,27.52451592416606,16.0,30.0,0.0,21.50107818845963,31.697071562729798,10.0,30.0,0.0,19.809645557857498,35.2399034468833,16.0,30.0,0.0,21.00963153285457,32.718340498026488,12.0,30.0,0.0,20.64085156287812,0.0,0.0,0.0,23.355217280332668,0.0,0.0,519.0471276868073,517.1334055204113,522.4629759238156,525.05865382824,556.0920055567468,548.1235517530738,546.98988284781,552.4899458324964,552.0210028605467,0.0,80.94691419992755,80.94691419992755,60.0,0.0,60.0,60.0,16.0,16.0,16.0,12.0,16.0,12.0,21.0,10.0,1.0,0.0,0.0,0.0,0.0,0.0,0.0,0.0,0.0,0.0,0.0,0.0,0.0,80.94691419992755,80.94691419992755,0.0,0.0,0.0,80.94691419992755,0.0,0.0,0.0019266666666666666 
 04/16  15:00:00,15.63,44.0,4.3,100.5,793.5,0.0,0.0,0.0,0.0,0.0,0.0,0.0,0.0,0.0,0.0,161.0,0.0,2207.9292439271569,70.8113000154748,181.4539444282805,66.2041772382339,1762.130169974576,0.0,70.81130001547477,96.80441566244461,0.0,0.0,21.157426506357078,289.17508012648798,23.955504537988909,-1005.2238984471333,20.748603917885114,171.78903031367737,20.975404973939918,70.90491023479808,19.816485108473779,30.37561138127205,24.759972186795055,-450.821629240354,20.72829696915715,253.4675815472583,19.245105278290269,231.83252772085576,20.62268732742073,284.2520162741512,239.15455569856023,-376.8069461721898,0.0,0.0,0.0,0.0,0.0,0.0,0.0,0.0,0.0,0.0,0.0,0.0,0.0,0.0,0.0,0.0,0.0,0.0,0.0,0.0,0.0,0.0,0.2534689271594798,0.0773714673868986,286.66049359106958,340.6508399863137,3598.506304779906,0.0,0.0,300.3430272161983,356.3826631661865,4025.3768396054817,0.6532481843266135,0.1234406999861326,208.44893549935427,248.281828645735,2341.359841321923,0.1578283596743332,0.029823953075270815,164.48030313931194,195.99064737954124,1803.9389850481117,0.0,0.0,7.37644100799354,8.819149166524936,66.33353541768746,0.0,0.0,94.1605361447379,111.11790827065471,1559.9907469804608,0.0,0.0,201.91329898872568,240.19275493638438,2409.357276060641,0.0,0.0,32.78608437843164,39.225487346058638,281.8008648336881,0.0,0.0,82.33633965258272,98.09794795559421,907.788452124264,25.798536549078777,17.694469512399715,272.92841084431469,325.5617563915658,3085.616027355249,0.0,0.0,105.82773157446435,125.10855221586,1647.220776057971,0.0,21.871282743268166,30.705325787242868,21.0,30.0,0.0,22.309627161674905,29.87690698697692,16.0,30.0,0.0,21.18877264977453,32.03604169874547,21.0,30.0,0.0,21.067198096077484,32.30600125015652,16.0,30.0,0.0,20.058270086909226,34.71054782191686,12.0,30.0,0.0,23.91422769066463,27.360752415103556,16.0,30.0,0.0,21.542959977827669,31.60015000439826,10.0,30.0,0.0,19.85869723682271,35.10971098911333,16.0,30.0,0.0,21.083189914790539,32.54740393397213,12.0,30.0,0.0,20.759900326593,0.0,0.0,0.0,23.384597706086134,0.0,0.0,517.5486029486602,515.7767904138804,519.6897781107929,523.098585272214,553.5266701663486,544.9942152129124,545.6568379191434,550.7106393283649,550.051709828942,0.0,80.94691419992755,80.94691419992755,60.0,0.0,60.0,60.0,16.0,16.0,16.0,12.0,16.0,12.0,21.0,10.0,1.0,0.0,0.0,0.0,0.0,0.0,0.0,0.0,0.0,0.0,0.0,0.0,0.0,80.94691419992755,80.94691419992755,0.0,0.0,0.0,80.94691419992755,0.0,0.0,0.0019633333333333336 
 04/16  15:10:00,15.663333333333334,44.00000000000001,4.303333333333334,97.66666666666667,788.3333333333334,0.0,0.0,0.0,0.0,0.0,0.0,0.0,0.0,0.0,0.0,161.0,0.0,2169.4158015654318,68.93621423752576,176.64899639327218,65.04935054581785,1731.3927857821582,0.0,68.93621423752573,94.24103124482132,0.0,0.0,21.06813920215238,176.3508223391891,24.06633278123865,-825.8054714452155,20.815027767313369,269.90245362932549,20.980362699897513,43.72736130424801,19.87030090223913,31.653405388385239,24.83157496219102,-459.24461809655079,20.799647513063879,264.47068746867446,19.292363670011434,235.07238033367936,20.672055181169875,266.0101186232637,226.99523671023599,-363.91348879952695,0.0,0.0,0.0,0.0,0.0,0.0,0.0,0.0,0.0,0.0,0.0,0.0,0.0,0.0,0.0,0.0,0.0,0.0,0.0,0.0,0.0,0.0,0.11357646529032203,0.0346692506991215,289.32757555486469,344.0380296543056,3478.675428459832,0.0,0.0,236.094540287121,279.91972789485876,3238.0135850503804,0.754842199097325,0.14263835961778635,262.7947736363345,312.8285261555695,2999.9331441961965,0.16710460601729683,0.031576834092459708,131.1053058610635,156.20291042665105,1427.1305828150804,0.0,0.0,7.8510316904271939,9.383528653188112,70.86326842272665,0.0,0.0,94.37002405619907,111.32372890443398,1568.9140508224503,0.0,0.0,203.95528222263003,242.51342013864497,2455.273799630134,0.0,0.0,33.48918209259689,40.05340684078714,289.13044072779288,0.0,0.0,79.28037433498108,94.42884513544132,875.5326747703562,25.89575957972132,17.76115197511751,271.4896352470762,323.8448017411678,3025.3894090967007,0.0,0.0,102.97343584007104,121.7018365367337,1602.5459046279223,0.0,21.640205478003695,31.121116140376004,21.0,30.0,0.0,22.504249128109593,29.507119168345509,16.0,30.0,0.0,21.317651402018908,31.764425253689628,21.0,30.0,0.0,21.058774333437474,32.298632149731528,16.0,30.0,0.0,20.109587110620308,34.56823904532973,12.0,30.0,0.0,23.9796546880336,27.23927352896429,16.0,30.0,0.0,21.631574398942275,31.393035456122165,10.0,30.0,0.0,19.91247161343491,34.95845931429982,16.0,30.0,0.0,21.12719826731737,32.42994697653093,16.0,30.0,0.0,20.715920227243215,0.0,0.0,0.0,23.4188355190473,0.0,0.0,516.1754340311426,514.4525712000758,518.1437569405036,520.775781887255,551.0684140642211,543.788201336341,542.4192947855873,548.0437856762279,547.6003585299084,0.0,80.94691419992755,80.94691419992755,60.0,0.0,60.0,60.0,16.0,16.0,16.0,16.0,16.0,12.0,21.0,10.0,1.0,0.0,0.0,0.0,0.0,0.0,0.0,0.0,0.0,0.0,0.0,0.0,0.0,80.94691419992755,80.94691419992755,0.0,0.0,0.0,80.94691419992755,0.0,0.0,0.002 
 04/16  15:20:00,15.696666666666669,44.0,4.306666666666667,94.83333333333334,783.1666666666667,0.0,0.0,0.0,0.0,0.0,0.0,0.0,0.0,0.0,0.0,322.0,0.0,2126.43607809046,67.01390727679235,171.72304367246609,63.76060431753413,1697.0909072913558,0.0,67.01390727679233,91.61309189026942,0.0,0.0,21.182363196327338,279.2846182010362,24.06417723547066,-954.0920708440581,20.80616003187233,208.7616460143454,21.00290120655778,71.70714801152463,19.91728556610679,31.533610516614546,24.892725413840958,-451.02370048265996,20.845424621927614,263.03117965806998,19.32995578824076,233.48157269609488,20.72329997172351,281.7789062825352,234.7700308933181,-358.10251311915956,0.0,0.0,0.0,0.0,0.0,0.0,0.0,0.0,0.0,0.0,0.0,0.0,0.0,0.0,0.0,0.0,0.0,0.0,0.0,0.0,0.0,0.0,0.20087285916232473,0.0613165015758012,292.00482063055048,347.6367601620342,3611.480497623349,0.0,0.0,285.9047491721719,339.75229886889687,3864.254391417254,0.6893615919798248,0.1302648510921816,227.06887198330873,270.7583880955869,2561.549001787378,0.1628109131266837,0.03076547867095307,158.01845849331768,188.62635749985436,1719.429868442079,0.0,0.0,7.5468571813446829,9.035111234043946,68.14630530320108,0.0,0.0,94.65692441931322,111.8492411371358,1576.9296196178939,0.0,0.0,202.70258530230627,241.4339510982765,2441.0432516487164,0.0,0.0,33.26023380728698,39.848089250469289,287.05532368992467,0.0,0.0,82.60946912338427,98.56206697307202,914.8188301362234,25.916616006835178,17.77545679481151,278.7228246394736,333.0217762364931,3126.824375816328,0.0,0.0,106.40405487997939,125.98793802125104,1650.2782376829744,0.0,21.84894909624863,30.70178758017348,21.0,30.0,0.0,22.44515316785818,29.595294523090744,16.0,30.0,0.0,21.28112201802324,31.80659812524299,21.0,30.0,0.0,21.09466806453077,32.198259581652347,16.0,30.0,0.0,20.147042409458167,34.460556357348597,12.0,30.0,0.0,24.03558443568895,27.117763439807136,16.0,30.0,0.0,21.670247375113705,31.295030672500198,10.0,30.0,0.0,19.946642793686743,34.85657339092039,16.0,30.0,0.0,21.17932138356319,32.2977412971072,16.0,30.0,0.0,20.795789223610386,0.0,0.0,0.0,23.429429818265406,0.0,0.0,513.7387766891234,511.83107930916426,516.0023616523695,518.3542298110695,548.9964288340317,540.6876905597015,540.4969763181894,545.9113401313857,545.2008395072668,0.0,80.94691419992755,80.94691419992755,60.0,0.0,60.0,60.0,16.0,16.0,16.0,16.0,16.0,12.0,21.0,10.0,1.0,0.0,0.0,0.0,0.0,0.0,0.0,0.0,0.0,0.0,0.0,0.0,0.0,80.94691419992755,80.94691419992755,0.0,0.0,0.0,80.94691419992755,0.0,0.0,0.00203 
 04/16  15:30:00,15.73,44.0,4.3100000000000009,92.0,778.0,0.0,0.0,0.0,0.0,0.0,0.0,0.0,0.0,0.0,0.0,161.0,0.0,2079.108998558657,65.04496015319828,166.67757538936633,62.34150450142091,1659.3194477370394,0.0,65.04496015319825,88.92139189707452,0.0,0.0,21.263469612933137,275.2634116619902,24.07066149483816,-975.651143112882,20.825577297148216,215.28157786808516,21.02700551475661,70.40780444339907,19.97436218653491,31.07412087813077,24.958927574746466,-456.3048860749509,20.902147499240699,256.1274810240775,19.377108364102875,232.06499096758899,20.783255755938858,275.78858071892776,227.84013165951365,-349.91075640328566,0.0,0.0,0.0,0.0,0.0,0.0,0.0,0.0,0.0,0.0,0.0,0.0,0.0,0.0,0.0,0.0,0.0,0.0,0.0,0.0,0.0,0.0,0.19784801544420964,0.0603931671075121,273.42207275466378,324.6686733929376,3425.9771498636348,0.0,0.0,287.41274467244588,340.7398728438459,3864.036689311119,0.6930143056571242,0.1309550842133644,231.56424596340157,275.5795375562217,2606.9302199649484,0.16404581167866603,0.030998830627109974,161.0827100014692,191.81746747804085,1752.5975185853359,0.0,0.0,7.526561402532913,8.990146941929618,68.32526218750839,0.0,0.0,94.69095958557907,111.62056487919617,1585.1278149420874,0.0,0.0,203.77828842881059,242.1504616024014,2464.242573518801,0.0,0.0,33.436261299526808,39.96627717891506,289.9259923132935,0.0,0.0,83.08476211923717,98.8904587784318,925.8488442082858,25.95177912350464,17.799574158782339,259.7121242025732,309.63456979743929,2903.5152133377857,0.0,0.0,106.99185037883716,126.40910311039419,1652.7452806493473,0.0,21.96563652462361,30.467751083764918,21.0,30.0,0.0,22.436372524435919,29.586994584582546,16.0,30.0,0.0,21.307081422136738,31.734468626035363,21.0,30.0,0.0,21.12714298704243,32.10261387619012,16.0,30.0,0.0,20.204802543782028,34.296700650565998,12.0,30.0,0.0,24.110241987808946,26.96376751568026,16.0,30.0,0.0,21.729204494651996,31.15564478288484,10.0,30.0,0.0,20.000285975612994,34.70466081356233,16.0,30.0,0.0,21.24748351804797,32.12905261290507,16.0,30.0,0.0,20.780699697013544,0.0,0.0,0.0,23.430490233589688,0.0,0.0,511.5333469241338,509.232675088661,513.497643550103,515.8988718037685,545.6770228487134,537.1999774537127,538.0780765466628,543.0306525989996,542.299619199056,0.0,80.94691419992755,80.94691419992755,60.0,0.0,60.0,60.0,16.0,16.0,16.0,16.0,16.0,12.0,21.0,10.0,1.0,0.0,0.0,0.0,0.0,0.0,0.0,0.0,0.0,0.0,0.0,0.0,0.0,80.94691419992755,80.94691419992755,0.0,0.0,0.0,80.94691419992755,0.0,0.0,0.0020599999999999999 
 04/16  15:40:00,15.763333333333334,44.0,4.3133333333333339,90.0,761.8333333333334,0.0,0.0,0.0,0.0,0.0,0.0,0.0,0.0,0.0,0.0,161.0,0.0,2005.4169817176544,62.990973343334399,161.41416244324663,60.13186076089103,1600.5063679570122,0.0,62.99097334333437,86.1134362054859,0.0,0.0,21.196545899457747,185.16476666395466,24.120096525405189,-861.9230504339521,20.881207587443833,271.3261235812006,21.041086850499654,61.84791435932857,20.023012439719087,31.695574189464254,24.99574924731663,-458.93845976582909,20.961749286708114,261.41789203165356,19.41784027893292,231.67984351679594,20.827070793729776,262.50842510898249,224.8883327322692,-335.46312047839,0.0,0.0,0.0,0.0,0.0,0.0,0.0,0.0,0.0,0.0,0.0,0.0,0.0,0.0,0.0,0.0,0.0,0.0,0.0,0.0,0.0,0.0,0.10357339431239525,0.03161581022966888,285.8055868480905,339.53740886031087,3455.038741536813,0.0,0.0,243.50312814736393,288.53073374480308,3309.841687800731,0.7451159565465502,0.14080044530358097,260.4262169321816,309.77627694603708,2964.4448704610506,0.17115390887012617,0.03234200847885981,152.32338342999626,181.35171551411598,1650.6140852908355,0.0,0.0,7.812258097378653,9.328643532247084,71.0506352316758,0.0,0.0,94.71472906705037,111.61587755965489,1586.653861759516,0.0,0.0,205.4924163432676,244.0964911566248,2497.597108632734,0.0,0.0,33.84707229322643,40.44566704482215,293.9456662985002,0.0,0.0,81.55921905409622,97.04798956172994,909.2641387152041,26.040590543549688,17.860487341254936,269.27873629227448,320.97901392200836,2987.743292021143,0.0,0.0,105.56461628039026,124.70588058062326,1622.4599241165627,0.0,21.77856867064627,30.79662276806623,21.0,30.0,0.0,22.547364274410716,29.37707658107831,16.0,30.0,0.0,21.405952566223865,31.529562241575854,21.0,30.0,0.0,21.13919347631842,32.06681295770319,16.0,30.0,0.0,20.24785671964916,34.17499064038749,12.0,30.0,0.0,24.15203791357432,26.88485552703806,19.0,30.0,0.0,21.79542915166351,30.998508867494864,10.0,30.0,0.0,20.041584624320934,34.57899245658093,16.0,30.0,0.0,21.28491296763898,32.02475156086877,16.0,30.0,0.0,20.7916203548906,0.0,0.0,0.0,23.425816598765068,0.0,0.0,509.5609371492971,507.9129563735773,512.0942683674414,514.3474477390147,543.2782323646716,536.2068349353036,535.1939494491517,540.0881066643653,539.6991099932392,0.0,80.94691419992755,80.94691419992755,60.0,0.0,60.0,60.0,16.0,16.0,19.0,16.0,16.0,12.0,21.0,10.0,1.0,0.0,0.0,0.0,0.0,0.0,0.0,0.0,0.0,0.0,0.0,0.0,0.0,80.94691419992755,80.94691419992755,0.0,0.0,0.0,80.94691419992755,0.0,0.0,0.00209 
 04/16  15:50:00,15.796666666666667,44.0,4.316666666666667,88.0,745.6666666666667,0.0,0.0,0.0,0.0,0.0,0.0,0.0,0.0,0.0,0.0,161.0,0.0,1928.6248428669922,60.9305039795048,156.13413952267866,57.82926167045921,1539.21911710644,0.0,60.93050397950476,83.2966183711529,0.0,0.0,21.338887880716976,286.0069073459017,24.058623569849915,-992.835983309853,20.846670269104835,177.08112970229377,21.07344920521117,86.31847013104289,20.068435540019416,30.422091832409309,25.022819053577928,-452.44510802311199,20.998123019055858,250.94313944594615,19.452443928674329,225.99378356738863,20.875133362699537,268.7682450911284,235.98915654480698,-324.62617208339545,0.0,0.0,0.0,0.0,0.0,0.0,0.0,0.0,0.0,0.0,0.0,0.0,0.0,0.0,0.0,0.0,0.0,0.0,0.0,0.0,0.0,0.0,0.23750597335461133,0.07249877086526598,286.0299776647898,339.4562526505817,3584.372989503879,0.0,0.0,302.80458579476996,358.88741271156746,4024.567366961481,0.6390251632826689,0.12075305428621866,206.664885389798,245.86587260595699,2301.764361993995,0.15928698509872706,0.030099581462344484,175.38312510864209,208.73762818813229,1905.9348835775982,0.0,0.0,7.342011112309699,8.764700826975595,66.81376400504552,0.0,0.0,94.83378516480347,111.72553375583097,1589.00734149606,0.0,0.0,201.65743331224275,239.48720308733878,2445.5615669241199,0.0,0.0,33.35807791923622,39.85135528542189,289.3459005107862,0.0,0.0,84.15410451080646,100.10378318743435,940.6149656183247,26.00936178625431,17.83906844050365,275.2223600939275,327.89986458739096,3087.5136457363789,0.0,0.0,108.07671735993884,127.6651317198421,1648.449126684915,0.0,22.035785403596905,30.30281730829675,21.0,30.0,0.0,22.42843966499282,29.579843480627234,16.0,30.0,0.0,21.315465904248243,31.683584520711557,21.0,30.0,0.0,21.190868066243956,31.94897511392381,16.0,30.0,0.0,20.285157592418025,34.06684540998442,12.0,30.0,0.0,24.189645284525509,26.797429218385756,19.0,30.0,0.0,21.81673706266729,30.945930771905368,10.0,30.0,0.0,20.070771229993914,34.49599417495191,16.0,30.0,0.0,21.334349906239749,31.90693893052703,16.0,30.0,0.0,20.89333921639655,0.0,0.0,0.0,23.401224044724047,0.0,0.0,508.04082614124129,506.4803888696412,510.14005939500887,512.6518434603571,540.9340068779894,533.3038595218552,534.3691500027037,538.5611709218972,537.9790128502422,0.0,80.94691419992755,80.94691419992755,60.0,0.0,60.0,60.0,16.0,16.0,19.0,16.0,16.0,12.0,21.0,10.0,1.0,0.0,0.0,0.0,0.0,0.0,0.0,0.0,0.0,0.0,0.0,0.0,0.0,80.94691419992755,80.94691419992755,0.0,0.0,0.0,80.94691419992755,0.0,0.0,0.0020933333333333335 
 04/16  16:00:00,15.83,44.0,4.32,86.0,729.5,0.0,0.0,0.0,0.0,0.0,0.0,0.0,0.0,0.0,0.0,161.0,0.0,1849.0156542371879,58.865704764929208,150.8430232567317,55.44219506752468,1475.6836127071152,0.0,58.86570476492918,80.47388130258358,0.0,0.0,21.221909934599155,149.75908405032716,24.129657408057356,-781.5538599956726,20.922176391852234,290.0718538232777,21.072947825863765,49.25690738439516,20.11371587617375,31.427016063310079,25.0346536095419,-453.5307245361573,21.05541832171412,257.80194357342045,19.489727672659485,227.0431600888212,20.910687237394197,249.6984699131699,225.21485396896424,-306.5108756434229,0.0,0.0,0.0,0.0,0.0,0.0,0.0,0.0,0.0,0.0,0.0,0.0,0.0,0.0,0.0,0.0,0.0,0.0,0.0,0.0,0.0,0.0,0.06785393903494515,0.02071243560285261,294.12606586434449,349.35844118471138,3493.61260742335,0.0,0.0,226.49647448780943,268.2344260540381,3078.0080034480768,0.7578038072987799,0.14319799835577858,268.7080032611455,319.4750628366581,3048.825105205993,0.16831050914420918,0.03180470694335017,133.16789236958946,158.4801907498806,1433.4681038385984,0.0,0.0,7.844812811853485,9.362320059443379,71.44256112494694,0.0,0.0,94.48066763790949,111.28521279106585,1580.1322906073768,0.0,0.0,205.61608515888438,244.10054952114366,2504.812346456465,0.0,0.0,34.13502651396431,40.76851733039999,296.1617165108416,0.0,0.0,81.58361117011293,97.02364257141143,910.1649424609742,26.10808738114997,17.906781468552798,277.36526742153105,330.4475667267446,3065.3974384549617,0.0,0.0,105.7464725426074,124.90550369263903,1599.7857765429959,0.0,21.742152079270317,30.842758158168249,21.0,30.0,0.0,22.616237681797004,29.237419395507044,16.0,30.0,0.0,21.45731819415336,31.39447440812463,21.0,30.0,0.0,21.171676253699194,31.969332892996819,16.0,30.0,0.0,20.323137320259116,33.9604965757616,12.0,30.0,0.0,24.209104946028114,26.75654071506022,19.0,30.0,0.0,21.879547849944254,30.79443452811617,10.0,30.0,0.0,20.106406314784587,34.38995062258924,16.0,30.0,0.0,21.358522160742539,31.83428209742023,16.0,30.0,0.0,20.85296895790495,0.0,0.0,0.0,23.37286110826875,0.0,0.0,506.6018097362782,505.00161688172047,508.5871391425652,511.1083369103012,538.8594101130793,532.5495041940493,531.1539096260435,536.1195474502085,535.7925678751379,0.0,80.94691419992755,80.94691419992755,60.0,0.0,60.0,60.0,16.0,16.0,19.0,16.0,16.0,12.0,21.0,10.0,1.0,0.0,0.0,0.0,0.0,0.0,0.0,0.0,0.0,0.0,0.0,0.0,0.0,80.94691419992755,80.94691419992755,0.0,0.0,0.0,80.94691419992755,0.0,0.0,0.0020966666666666666 
 04/16  16:10:00,15.79,44.16666666666667,4.28,84.0,713.3333333333333,0.0,0.0,0.0,2.0,0.0,0.0,0.0,0.0,0.0,4.0,483.0,0.0,1779.2421204141006,53.9467718914117,138.23835212350904,53.35004570156219,1419.9978386486435,0.0,53.94677189141167,73.74932713679944,0.0,0.0,21.347167071907287,304.824103968124,24.12339545021053,-827.7065171637696,21.3669426325119,-441.58192091710409,21.150053263609768,242.22755767810458,20.14539563092398,20.51813382291396,25.2859920565414,-55.31645950695072,20.824609566195045,-20.610249017997526,19.50838415322393,207.53056772063565,20.899138033736678,112.63225791842194,284.266208966932,-206.54180470888643,0.0,0.0,0.0,0.0,0.0,0.0,0.0,0.0,0.0,0.0,0.0,0.0,0.0,0.0,0.0,0.0,0.0,0.0,0.0,0.0,0.0,0.0,0.2227164813097075,0.06798427390406213,257.54400621171797,306.5062038851903,3196.3589589717059,0.0,0.0,268.39635615664226,318.740987004682,3663.8093993063819,0.5608252175797064,0.10597604262655075,230.63784242751576,274.1868197217784,2919.46024821443,0.1743715525391104,0.03295002882447286,239.21517940859077,285.1287950404995,2672.7379327074206,0.0,0.0,4.891984916784011,5.853049078633759,45.027987040792748,0.0,0.0,11.423629652757326,13.463818593081865,202.26343490674607,0.0,0.0,86.64211030455776,103.3616419646711,982.0939183929905,0.0,0.0,31.360124962275436,37.557599637551529,274.5671511455168,0.0,0.0,48.835349831392068,58.30384265418522,545.8313885264422,26.230195837606947,17.990532124558955,457.7547146345124,545.996246835322,5289.537351611272,0.0,0.0,70.44918128025944,83.49327648673074,1077.1491815023276,0.0,21.97300348375964,30.405134136952257,21.0,30.0,0.0,22.613348317828398,29.236217824071234,16.0,30.0,0.0,22.052042219752857,31.05724186114642,21.0,30.0,0.0,21.32344506978902,32.199679613416467,16.0,30.0,0.0,20.333446642643385,33.9279955640187,12.0,30.0,0.0,24.672324969164565,27.91281230194594,19.0,30.0,0.0,21.369223484853863,31.714532247830605,10.0,30.0,0.0,20.10723725465497,34.37581792447933,16.0,30.0,0.0,21.296291447301923,31.937017330853764,16.0,30.0,0.0,21.230786997584983,0.0,0.0,0.0,23.461687324189563,0.0,0.0,504.5436052278284,503.3193705804049,550.6352955762077,537.4010639976788,537.7394386057956,627.9513544537015,524.3049134254632,534.6112383522434,533.7937389107365,0.0,80.94691419992755,80.94691419992755,1744.0,0.0,1744.0,1744.0,16.0,16.0,19.0,16.0,16.0,12.0,21.0,10.0,1.0,0.0,0.0,0.0,0.0,0.0,0.0,0.0,0.0,0.0,0.0,0.0,0.0,80.94691419992755,80.94691419992755,0.0,0.0,0.0,80.94691419992755,0.0,0.0,0.06104 
 04/16  16:20:00,15.75,44.333333333333339,4.24,82.0,697.1666666666666,0.0,0.0,0.0,2.0,0.0,0.0,0.0,0.0,0.0,4.0,322.0,0.0,1695.251437849653,51.91063409782279,133.02068373622559,50.83160298295193,1352.9655198667695,0.0,51.91063409782277,70.96577240367749,0.0,0.0,21.430417427337728,261.8921073494812,24.169122058614279,-762.381585792049,21.67923018283212,-681.5376962010996,21.35381799783385,315.76976310997909,20.17618613047814,16.917345929545307,25.607564616559537,-76.02385083980289,20.640767010709874,53.67077371172945,19.513321898328685,189.89220885429564,20.778706425403614,4.343807782229931,328.96075857107646,-130.84995088877953,0.0,0.0,0.0,0.0,0.0,0.0,0.0,0.0,0.0,0.0,0.0,0.0,0.0,0.0,0.0,0.0,0.0,0.0,0.0,0.0,0.0,0.0,0.3854038033506191,0.1176446286174051,253.52300620498876,301.3415236006457,3224.8302205101338,0.0,0.0,257.19703341330895,305.02931136258169,3597.649871676447,0.37658831343835266,0.07116181281903869,280.7159646567013,333.16273335581936,3781.495249828693,0.1705281115753585,0.032223755021798649,286.0237284210368,340.3783495848651,3410.505142377268,0.0,0.0,5.091359286774496,6.0874539276288399,47.39779793124222,0.0,0.0,12.623222176188684,14.830565074760856,237.78014735821825,0.0,0.0,58.227985228174578,69.47687118322878,619.8574250251477,0.0,0.0,27.49096454737772,32.90374011428652,241.62611541951689,0.0,0.0,30.67882093306174,36.57793150408661,327.090190966999,26.41642576234132,18.11826183974028,501.91433505345835,597.9828541424133,5961.265974717202,0.0,0.0,40.515876397866168,47.91919762293233,634.4629894220184,0.0,22.082212779600434,30.276031958264917,21.0,30.0,0.0,22.740452463386434,29.211977970081266,16.0,30.0,0.0,22.465099076806906,30.41830787601546,21.0,30.0,0.0,21.68068699226371,31.794971432095755,16.0,30.0,0.0,20.345562444588408,33.88502291729034,12.0,30.0,0.0,25.219687084973974,29.31279659373503,19.0,30.0,0.0,21.01696699913377,32.353969780647009,10.0,30.0,0.0,20.08291987889175,34.48412651115745,16.0,30.0,0.0,21.04175940462094,32.39981412092206,16.0,30.0,0.0,21.36931496244366,0.0,0.0,0.0,23.5673499193624,0.0,0.0,508.05811958240317,514.4017045888323,553.8916821034507,550.3430441794909,535.2906462334033,739.8639421790305,517.1529438684484,535.1048022904392,529.0480982897298,0.0,80.94691419992755,80.94691419992755,1744.0,0.0,1744.0,1744.0,16.0,16.0,19.0,16.0,16.0,12.0,21.0,10.0,1.0,0.0,0.0,0.0,0.0,0.0,0.0,0.0,0.0,0.0,0.0,0.0,0.0,80.94691419992755,80.94691419992755,0.0,0.0,0.0,80.94691419992755,0.0,0.0,0.06171822222222223 
 04/16  16:30:00,15.71,44.5,4.2,80.0,681.0,0.0,0.0,0.0,2.0,0.0,0.0,0.0,0.0,0.0,4.0,322.0,0.0,1609.378276070434,49.88159016780775,127.82119589255373,48.25671554314427,1284.430819951882,0.0,49.88159016780773,68.19191551988053,0.0,0.0,21.521922044033088,278.43113336186618,24.222171665482905,-654.5179647990144,21.90726674939473,-628.176094711338,21.55737531167634,361.7035534096094,20.20365525400649,13.108015558316865,25.811669825269879,-95.5125241737868,20.5765713909774,70.12138709409942,19.500416878294858,165.9043031500289,20.68415093990228,-5.578420908043654,394.0028022720526,-84.90518842432278,0.0,0.0,0.0,0.0,0.0,0.0,0.0,0.0,0.0,0.0,0.0,0.0,0.0,0.0,0.0,0.0,0.0,0.0,0.0,0.0,0.0,0.0,0.5586866959726994,0.17053928448495099,262.76097406018359,312.18435470775338,3430.0697040174829,0.0013005229296463393,0.00019849251062978318,257.8926154524909,305.69501698381159,3700.101146705544,0.23021799413545453,0.043503022323404128,273.6966039626527,324.53754548733925,3855.9604871930534,0.1438741835684859,0.027187109517854477,273.0420474312078,324.5676943361424,3455.6561535064386,0.0,0.0,5.262493445384712,6.291627754847852,49.490458758264718,0.0,0.0,14.337252123574352,16.82206833724846,280.1125580716613,0.0,0.0,53.90495703232949,64.32769480930871,564.7224056568932,0.0,0.0,23.256745003579057,27.832793683839378,203.58208667707073,0.0,0.0,16.48210917025558,19.671459040862375,171.4077281180393,26.73043425093739,18.333631173482439,498.4415718615677,593.2489988929881,6280.784421797171,0.0,0.0,32.2075052188358,38.080675197090688,507.26778754562948,0.0,22.2085629120256,30.417053946189207,21.0,30.0,0.0,22.885137040509386,29.27822648585562,16.0,30.0,0.0,22.747431738744745,30.263795960997947,21.0,30.0,0.0,22.017159801970047,31.50556090579058,16.0,30.0,0.0,20.35290574842336,33.91383687292728,12.0,30.0,0.0,25.549219472224214,30.108887331729627,19.0,30.0,0.0,20.894302210457277,32.85846664301025,10.0,30.0,0.0,20.02546599794266,35.1343066508603,16.0,30.0,0.0,20.85626022483158,32.79336845444813,16.0,30.0,0.0,21.67487516363832,0.0,0.0,0.0,23.572537002021677,0.0,0.0,526.4466360726666,529.6842718846282,570.1114218316502,564.646054733411,534.3441908517593,800.4846415002062,526.4381831659398,551.6653197863743,526.646884096629,0.0,80.94691419992755,80.94691419992755,1744.0,0.0,1744.0,1744.0,16.0,16.0,19.0,16.0,16.0,12.0,21.0,10.0,1.0,0.0,0.0,0.0,0.0,0.0,0.0,0.0,0.0,0.0,0.0,0.0,0.0,80.94691419992755,80.94691419992755,0.0,0.0,0.0,80.94691419992755,0.0,0.0,0.06239644444444444 
 04/16  16:40:00,15.67,44.66666666666667,4.16,77.0,650.1666666666666,0.0,0.0,0.0,2.0,0.0,0.0,0.0,0.0,0.0,4.0,161.0,0.0,1492.0659897834885,47.123395905397988,120.75326013823958,44.739136476568599,1190.80483780762,0.0,47.123395905397959,64.4212548513469,0.0,0.0,21.605542635900595,274.6499304809113,24.24061095597773,-693.9762641043672,22.086658097373517,-722.4274965174427,21.696879720975458,319.3895707423562,20.231638087406127,13.184232098248657,25.962793778857294,-103.08398156349222,20.542921809206385,78.98848202588897,19.494282020568673,164.38617112442558,20.635926029235664,57.287171544456899,397.1159709357926,-124.88632580754484,0.0,0.0,0.0,0.0,0.0,0.0,0.0,0.0,0.0,0.0,0.0,0.0,0.0,0.0,0.0,0.0,0.0,0.0,0.0,0.0,0.0,0.0,0.6024031807458015,0.18388375480641074,272.81000647117357,323.31585645278957,3640.578802000173,0.008176091538792875,0.0012478772189854816,266.775734319866,315.4459755271153,3897.0362257155049,0.19960675563073047,0.03771858572009269,281.2328494518125,332.5094434916854,4093.2489482528028,0.14433100163291924,0.02727343190342388,279.57945084134055,331.3764689132376,3673.844448767574,0.0,0.0,5.2812400778628139,6.300791758707767,50.23824146230594,0.0,0.0,14.546068740773027,17.002321645745949,292.8571128884061,0.0,0.0,65.43823021422975,77.94758663318162,682.0464350668824,0.0,0.0,22.73583477447817,27.154564108197979,199.09602682977897,0.0,0.0,26.16736940144121,31.175088942823967,269.7525734107329,26.758742665179886,18.35304709545946,514.9546106925242,611.4270494330583,6598.933196601708,0.0,0.0,42.44240755703833,50.09812021101573,659.1627553808255,0.0,22.313177827514275,30.366674490683683,21.0,30.0,0.0,22.974424419346918,29.313662688233405,16.0,30.0,0.0,22.941822540142959,30.103118758438727,21.0,30.0,0.0,22.220320688748449,31.288058961241533,19.0,30.0,0.0,20.365544439461059,34.02215283510593,12.0,30.0,0.0,25.814064989336729,30.784323277853539,19.0,30.0,0.0,20.82494160713616,33.155456782928627,10.0,30.0,0.0,19.98507335598879,35.72964201813876,16.0,30.0,0.0,20.767298594587986,33.355022986974109,16.0,30.0,0.0,21.74527097453109,0.0,0.0,0.0,23.41615584966623,0.0,0.0,532.7193812411396,539.4802208630262,578.6403063693116,572.2654547419279,536.9021448697765,847.5939953586673,532.8894070513777,568.3651020702205,539.9292076947894,0.0,80.94691419992755,80.94691419992755,1744.0,0.0,1744.0,1744.0,16.0,19.0,19.0,16.0,16.0,12.0,21.0,10.0,1.0,0.0,0.0,0.0,0.0,0.0,0.0,0.0,0.0,0.0,0.0,0.0,0.0,80.94691419992755,80.94691419992755,0.0,0.0,0.0,80.94691419992755,0.0,0.0,0.06307466666666667 
 04/16  16:50:00,15.629999999999999,44.83333333333333,4.12,74.0,619.3333333333334,0.0,0.0,0.0,2.0,0.0,0.0,0.0,0.0,0.0,4.0,161.0,0.0,1375.8005991561564,44.41826101193617,113.82129488638593,41.25294932114784,1098.014385588894,0.0,44.418261011936149,60.72313036284814,0.0,0.0,21.657095586052635,262.6300917160861,24.223257296122826,-654.2436292986713,22.2162603667511,-728.4682602282937,21.78544583224897,313.06543301664535,20.25698729474948,11.926216347845298,26.03009242395634,-109.63754826992931,20.545944846589508,87.46830328051738,19.493657070810977,156.38556331966846,20.605078882714943,34.06455273793404,412.66579493734028,-91.96120265290824,0.0,0.0,0.0,0.0,0.0,0.0,0.0,0.0,0.0,0.0,0.0,0.0,0.0,0.0,0.0,0.0,0.0,0.0,0.0,0.0,0.0,0.0,0.6372822570648788,0.19453060349965779,264.83516768992186,313.8002703587392,3575.664560245374,0.03467753103525226,0.0052926634669188429,256.86237020011796,303.66261244290157,3794.4834557512047,0.1918293568219304,0.03624893363982057,273.3196142866749,323.00499078151639,4061.7489250800674,0.13800230306058074,0.026077532702301719,270.66693758481247,320.66990294862259,3636.5586024647225,0.0,0.0,5.411185055306673,6.455212957856197,52.00267990294915,0.0,0.0,14.942761008595653,17.454891614361747,305.5149669195919,0.0,0.0,61.86505127359516,73.68516341272508,649.4890632353944,0.0,0.0,22.376485323567566,26.72474935519966,196.4347624745017,0.0,0.0,21.943870853045565,26.14678488481822,225.17884925483626,26.82716399061691,18.399975302206394,497.17551884853727,590.0699850573374,6532.175339027266,0.0,0.0,37.941565408549418,44.78903972293675,587.130810056339,0.0,22.350971385184754,30.448131482859539,21.0,30.0,0.0,23.017271751797354,29.31296199735932,16.0,30.0,0.0,23.058055272646599,30.000353297853495,21.0,30.0,0.0,22.330153756387554,31.21775102437443,19.0,30.0,0.0,20.37425254208273,34.12275740561708,12.0,30.0,0.0,25.93620222834233,31.134604218517116,19.0,30.0,0.0,20.8226569504338,33.38565720249104,10.0,30.0,0.0,19.955479844380215,36.17373874001423,16.0,30.0,0.0,20.702913280140277,33.69485016797871,16.0,30.0,0.0,21.849306747759429,0.0,0.0,0.0,23.34634287622252,0.0,0.0,539.9900930736452,541.8231687381586,582.2537791444374,577.5693074601742,539.7031225163238,868.9210425233418,541.0951366132055,579.5953582453132,546.8065766000295,0.0,80.94691419992755,80.94691419992755,1744.0,0.0,1744.0,1744.0,16.0,19.0,19.0,16.0,16.0,12.0,21.0,10.0,1.0,0.0,0.0,0.0,0.0,0.0,0.0,0.0,0.0,0.0,0.0,0.0,0.0,80.94691419992755,80.94691419992755,0.0,0.0,0.0,80.94691419992755,0.0,0.0,0.06346222222222223 
 04/16  17:00:00,15.59,45.0,4.08,71.0,588.5,0.0,0.0,0.0,2.0,0.0,0.0,0.0,0.0,0.0,4.0,161.0,0.0,1261.0442297209398,41.76894134710226,107.03236234422399,37.81201073673837,1006.4282813095931,0.0,41.76894134710225,57.101309523501559,0.0,0.0,21.710686614380366,261.3817768254885,24.197120818088757,-617.3532774161467,22.336075594927658,-735.7646826952878,21.865831843650964,320.11396140128456,20.282435090410954,11.93070510331549,26.058879220690913,-113.35406263236428,20.55140185108597,84.77498872963634,19.49729306466596,151.9490293516892,20.627270185811946,106.23041015549325,420.2584133608252,-136.97235317600917,0.0,0.0,0.0,0.0,0.0,0.0,0.0,0.0,0.0,0.0,0.0,0.0,0.0,0.0,0.0,0.0,0.0,0.0,0.0,0.0,0.0,0.0,0.683123779884854,0.20852374233359403,265.60269572842517,314.64305852626958,3631.187489838884,0.049042903159804317,0.007485180579945714,256.3336991046035,302.98131573679037,3824.9514881085717,0.15798623170745777,0.029853785281076688,275.14332289529286,325.0192782133869,4168.278044806061,0.13476975875301579,0.02546669666534689,271.0802804839041,321.0287301315862,3717.0466930018317,0.0,0.0,5.450637560980729,6.501520726358991,52.93805855412177,0.0,0.0,15.239835900389816,17.795002626136904,314.7581355964967,0.0,0.0,75.46475998898336,89.87689266562524,797.8245113452434,0.0,0.0,22.05366447900364,26.337264285015768,194.47091970393087,0.0,0.0,35.88821056852709,42.747371643260049,374.3906010204986,26.862418150479337,18.42415511006814,498.47411962099945,591.4270799824208,6663.100377655805,0.0,0.0,52.03483187552077,61.464347037231188,788.4724491783323,0.0,22.395781467722374,30.453079171435623,21.0,30.0,0.0,23.05268827067468,29.35620880392003,16.0,30.0,0.0,23.166386924854217,29.91553638334283,21.0,30.0,0.0,22.43070368579456,31.141631263524784,19.0,30.0,0.0,20.38518128537502,34.27869554131486,12.0,30.0,0.0,26.003787603798235,31.384559738675724,19.0,30.0,0.0,20.819337936384036,33.57941099458139,10.0,30.0,0.0,19.934795481126757,36.68356625409369,16.0,30.0,0.0,20.748458638111456,34.20766761352774,16.0,30.0,0.0,21.919436127966664,0.0,0.0,0.0,23.140103273633039,0.0,0.0,542.7689398163938,547.2082487044293,587.4365947687679,581.2679845737861,544.8575597023856,881.4375675406559,548.7197686524822,593.9340976781402,568.170771537136,0.0,80.94691419992755,80.94691419992755,1744.0,0.0,1744.0,1744.0,16.0,19.0,19.0,16.0,16.0,12.0,21.0,10.0,1.0,0.0,0.0,0.0,0.0,0.0,0.0,0.0,0.0,0.0,0.0,0.0,0.0,80.94691419992755,80.94691419992755,0.0,0.0,0.0,80.94691419992755,0.0,0.0,0.06384977777777778 
 04/16  17:10:00,15.458333333333334,45.5,3.91,68.0,557.6666666666666,0.0,4.0,0.0,0.0,0.0,0.0,0.0,0.0,0.0,0.0,1288.0,0.0,1148.2222906798273,39.17755199066713,100.39188271790678,34.42907645770553,916.3860400259248,0.0,39.17755199066711,53.55868380770817,0.0,0.0,21.794974298628057,294.2594806089942,24.16252941361247,-587.5300526652115,22.00189729495022,-161.53679853817975,21.940700621950236,-9.159663655394916,20.314939128175039,28.386837173347943,25.654355596089269,-873.3036622362193,21.05664164863895,580.6237160794659,19.52567439841534,183.53857886821982,20.7288957473897,363.46757176530618,377.62358936094008,-236.716474803533,0.0,0.0,0.0,0.0,0.0,0.0,0.0,0.0,0.0,0.0,0.0,0.0,0.0,0.0,0.0,0.0,0.0,0.0,0.0,0.0,0.0,0.0,0.5723575186303148,0.17471230727421092,297.1917049266971,353.33302757505836,4197.141923926452,0.04528596517813076,0.006911777347089557,229.07193317952636,271.65242344434497,3488.804535043752,0.5199507926025844,0.0982522283829525,94.39467486252491,112.23699777648264,1387.0520199565088,0.11385786880571444,0.021515092366915044,12.025420600207518,14.298796925719462,169.45172610593995,0.0,0.0,9.320084951381189,11.155776511545805,93.39314582712255,0.0,0.0,121.07613298760957,142.4959856996892,2365.0919462755416,0.0,0.0,258.1906716687706,307.3614703457131,3309.7750477954916,0.0,0.0,31.442745939880909,37.6709869598239,287.4322203582338,0.0,0.0,112.05985400327711,133.7782058165571,1245.3081555021609,26.55350981389431,18.212283822972787,273.82320876375595,326.35115448113415,3811.3937520433175,0.0,0.0,136.1158843320142,161.4642162718357,2008.4816575250819,0.0,22.50168068713662,30.583148427173339,21.0,30.0,0.0,23.080723647279816,29.418405747054263,16.0,30.0,0.0,22.642935848378256,30.466199101876577,21.0,30.0,0.0,22.42988004203879,34.3381721133325,19.0,30.0,0.0,20.410833335064728,34.850766873794189,12.0,30.0,0.0,25.264566073982829,28.269188654307177,16.0,30.0,0.0,21.8123102071215,34.164539882208519,10.0,30.0,0.0,19.964279144532033,37.244019756608427,16.0,30.0,0.0,20.93796308893643,35.11141142865289,16.0,30.0,0.0,21.772364377343135,0.0,0.0,0.0,22.835326425444604,0.0,0.0,553.8159598840028,546.6079250215519,562.2583230738935,752.8733667325073,565.9611963127821,670.7572871362874,645.4691099115707,613.5717591093645,613.9772083532437,0.0,80.94691419992755,80.94691419992755,162.0,0.0,162.0,162.0,16.0,19.0,16.0,16.0,16.0,12.0,21.0,10.0,1.0,0.0,0.0,0.0,0.0,0.0,0.0,0.0,0.0,0.0,0.0,0.0,0.0,80.94691419992755,80.94691419992755,0.0,0.0,0.0,80.94691419992755,0.0,0.0,0.005967 
 04/16  17:20:00,15.326666666666668,46.0,3.74,65.0,526.8333333333334,0.0,4.0,0.0,0.0,0.0,0.0,0.0,0.0,0.0,0.0,322.0,0.0,1039.135266985448,36.671036007475489,93.96889648904875,31.15813313504853,829.3246094360773,0.0,36.67103600747547,50.13208642779255,0.0,0.0,21.828517026957799,248.55322824768246,24.077601848035849,-615.6513708734619,21.71324357411534,38.85792792663676,21.975339522108553,-19.854603418692706,20.362704865722035,30.03861673457439,25.19118408016226,-552.5167145814585,21.275727571023258,258.4376440802416,19.582666429863254,187.5914963254504,20.929755050565285,310.076223306422,347.0603904003874,-180.75996114986493,0.0,0.0,0.0,0.0,0.0,0.0,0.0,0.0,0.0,0.0,0.0,0.0,0.0,0.0,0.0,0.0,0.0,0.0,0.0,0.0,0.0,0.0,0.6355369300136988,0.19399784188452347,254.10894669687617,301.50898678265289,3656.0851221578088,0.04148354341373481,0.0063314321449534209,239.89375142619924,284.09556148147069,3687.8130423311079,0.7238280860266012,0.13677779403374935,109.95636981986401,130.42709128294235,1508.5717278955884,0.054564276930262948,0.010310709926353539,12.349764229438854,14.60908714469549,176.53358078976116,0.0,0.0,8.59635353598447,10.268754295884819,89.3475730736906,0.0,0.0,106.38030573963161,125.30625284816598,1959.9696604504948,0.0,0.0,255.94618098243897,303.96981928640209,3492.5132806845915,0.0,0.0,34.470849499856637,41.218286511433579,329.76504508179428,0.0,0.0,121.4800867282745,144.67041357922245,1458.642735809729,26.130242942802206,17.921977327024839,230.79486658843,274.60732718074089,3247.1820274460226,0.0,0.0,148.43685385923289,175.91286449460677,2201.3198785493689,0.0,22.49542330641807,30.54715825996354,21.0,30.0,0.0,23.018382082159147,29.553888623549228,16.0,30.0,0.0,22.14996127319962,31.851522384546656,21.0,30.0,0.0,22.431425651578956,39.54539401341144,19.0,30.0,0.0,20.463849794891027,35.64842822113593,12.0,30.0,0.0,24.571965811597697,28.52506366306675,16.0,30.0,0.0,22.112860393451883,33.04724237116585,10.0,30.0,0.0,20.045142455744629,37.76943945288201,16.0,30.0,0.0,21.281434833671555,35.06717985586185,16.0,30.0,0.0,21.631748045410786,0.0,0.0,0.0,22.708313860864949,0.0,0.0,548.1466188778256,543.3639112617527,583.4001141052813,1030.857278008309,596.711254019697,627.9276099824883,626.5410672849406,636.0536780237344,638.2831467766791,0.0,80.94691419992755,80.94691419992755,162.0,0.0,162.0,162.0,16.0,19.0,16.0,16.0,16.0,12.0,21.0,10.0,1.0,0.0,0.0,0.0,0.0,0.0,0.0,0.0,0.0,0.0,0.0,0.0,0.0,80.94691419992755,80.94691419992755,0.0,0.0,0.0,80.94691419992755,0.0,0.0,0.006012 
 04/16  17:30:00,15.195,46.5,3.5700000000000005,62.0,496.0,0.0,4.0,0.0,0.0,0.0,0.0,0.0,0.0,0.0,0.0,161.0,0.0,931.6807657231714,34.204532945225469,87.64845162480143,27.936141675703106,743.5660936352757,0.0,34.20453294522545,46.76018974437388,0.0,0.0,21.84400215541732,229.08244195105545,23.94537623856721,-627.6241796629747,21.620405551877967,151.9820316743826,22.002654084757258,-35.29277991322806,20.404058667901539,28.84714956371829,24.96593618789386,-433.62512207549119,21.28278514354783,233.54447786821403,19.63515158518776,188.07765519336977,21.008077090182448,231.2995657560068,318.7067494231178,-124.95930876587409,0.0,0.0,0.0,0.0,0.0,0.0,0.0,0.0,0.0,0.0,0.0,0.0,0.0,0.0,0.0,0.0,0.0,0.0,0.0,0.0,0.0,0.0,0.673139007354912,0.20547588747097438,234.91139425646217,278.13339474846029,3430.985326520427,0.04359514387813008,0.006653715488115092,239.56437240463664,283.2267464519972,3682.6901293516455,0.8629547604269162,0.1630677929756078,192.36779290721604,228.0526874044913,2647.230900884884,0.0,0.0,20.23031477889214,23.89261705527601,293.344708465632,0.0,0.0,8.064559401182317,9.608954141940992,86.61654444871629,0.0,0.0,96.40052634619824,113.38209450312286,1752.6100371630187,0.0,0.0,228.44833568980048,270.74193241081289,3149.9981010419248,0.0,0.0,35.25603911310314,42.05614425671069,351.5968324072027,0.0,0.0,101.3905223034664,120.42680314019299,1265.0997334281504,25.705845683580006,17.63089553057614,230.56845488953247,273.8660516452175,3234.3512450892028,0.0,0.0,128.4075003769165,151.87449379997788,1921.8507030374295,0.0,22.467080634748169,30.615534864246486,21.0,30.0,0.0,22.880340805912483,30.10865256807844,16.0,30.0,0.0,22.02507476773243,32.28935651580596,21.0,30.0,0.0,22.431680319427409,40.37994302102605,19.0,30.0,0.0,20.503015088794677,35.95329351838401,12.0,30.0,0.0,24.31175597833213,28.77659411423865,16.0,30.0,0.0,22.051569092588584,33.07674303017693,10.0,30.0,0.0,20.115408539466516,37.54299826392128,16.0,30.0,0.0,21.38339139651041,34.69042404495761,16.0,30.0,0.0,21.485113017067986,0.0,0.0,0.0,22.6408711526188,0.0,0.0,544.8991746693549,557.0506512989857,590.9274495698467,1070.8132010635173,609.5820926936034,618.3918250817502,621.6472282116971,633.315112188776,631.9906373141009,0.0,80.94691419992755,80.94691419992755,162.0,0.0,162.0,162.0,16.0,19.0,16.0,16.0,16.0,12.0,21.0,10.0,1.0,0.0,0.0,0.0,0.0,0.0,0.0,0.0,0.0,0.0,0.0,0.0,0.0,80.94691419992755,80.94691419992755,0.0,0.0,0.0,80.94691419992755,0.0,0.0,0.006057000000000001 
 04/16  17:40:00,15.063333333333335,47.0,3.4000000000000005,56.0,444.50000000000008,0.0,4.0,0.0,0.0,0.0,0.0,0.0,0.0,0.0,0.0,161.0,0.0,794.2113456412008,30.30524694831747,77.65654023935821,23.814162699082638,633.8529389318446,0.0,30.305246948317458,41.429570163192057,0.0,0.0,21.833120764501229,198.4846663184362,23.819916336184087,-585.6168809156043,21.582985831404345,170.7810056703438,22.025096561614583,-44.10007919414784,20.433230900052629,27.011973348406515,24.79540319162338,-390.20210629512396,21.296235439448137,215.83556226869406,19.66359071990566,176.32677969296106,21.032474766268395,195.46102445804628,302.27294424239337,-93.71717855609586,0.0,0.0,0.0,0.0,0.0,0.0,0.0,0.0,0.0,0.0,0.0,0.0,0.0,0.0,0.0,0.0,0.0,0.0,0.0,0.0,0.0,0.0,0.6743989073828054,0.2058604723390737,220.38931596668034,260.9653678899468,3245.3293539224885,0.055944371071711167,0.00853851817333809,224.57660115990115,265.5417173527305,3474.5626203094518,0.8935680127021149,0.1688526101099991,206.7637789894618,245.12545606807664,2884.7524716640339,0.0,0.0,23.169760478462839,27.363528049881464,342.22345015496605,0.0,0.0,7.826659738379854,9.323850697501335,86.43669300877694,0.0,0.0,92.17787544368503,108.46175272622138,1673.7386134724475,0.0,0.0,218.12539894630019,258.5288287190788,3049.9428063918878,0.0,0.0,34.921277093773309,41.65225026181105,359.09751698507429,0.0,0.0,95.55015011064337,113.48033424449474,1219.0817625198359,25.33191860835705,17.374429772535707,218.792493933878,259.96097330429077,3085.910409938428,0.0,0.0,121.3353605847973,143.55885691495164,1819.8536750399583,0.0,22.392366388486129,31.045770092603737,21.0,30.0,0.0,22.796030097369746,30.554933087250264,21.0,30.0,0.0,21.988836111628513,32.44625152173089,21.0,30.0,0.0,22.435539402243149,40.135635115626467,19.0,30.0,0.0,20.522684648582044,36.0541307394086,12.0,30.0,0.0,24.164804286620574,29.01063808555952,16.0,30.0,0.0,22.016320303519487,33.00999091552827,10.0,30.0,0.0,20.13836042296941,37.30500410420692,16.0,30.0,0.0,21.392284124177029,34.589967898960328,16.0,30.0,0.0,21.361228642742444,0.0,0.0,0.0,22.52264078368064,0.0,0.0,558.4617775534205,572.7289810137548,593.0554164368385,1055.690410286759,613.9762751066618,616.8773960192636,615.7423820774402,626.4887537192082,629.6059965923613,0.0,80.94691419992755,80.94691419992755,162.0,0.0,162.0,162.0,21.0,19.0,16.0,16.0,16.0,12.0,21.0,10.0,1.0,0.0,0.0,0.0,0.0,0.0,0.0,0.0,0.0,0.0,0.0,0.0,0.0,80.94691419992755,80.94691419992755,0.0,0.0,0.0,80.94691419992755,0.0,0.0,0.006102 
 04/16  17:50:00,14.931666666666667,47.5,3.23,50.0,393.0,0.0,4.0,0.0,0.0,0.0,0.0,0.0,0.0,0.0,0.0,161.0,0.0,665.5940018382656,26.525546825802736,67.9710797417109,19.957611322721325,531.2045581061681,0.0,26.525546825802726,36.26243353867946,0.0,0.0,21.82816351161341,184.14174939909209,23.674142679116579,-580.3854501918213,21.545572548153243,159.81646972464297,22.04396280019162,-51.9124150161083,20.458472554254788,25.18877155164938,24.63437005240926,-363.5463368036844,21.30320966404435,202.49405837880114,19.680332527319047,165.40480151572025,21.038664324602558,170.1565079201946,301.7308395227974,-67.29395015277169,0.0,0.0,0.0,0.0,0.0,0.0,0.0,0.0,0.0,0.0,0.0,0.0,0.0,0.0,0.0,0.0,0.0,0.0,0.0,0.0,0.0,0.0,0.6837048701793477,0.2087011203233662,217.83922214209344,257.95391965551507,3242.263725452683,0.06049574275441959,0.009233171971065262,221.81174945645538,262.34886465792308,3439.337012804412,0.8880638138320829,0.16781251206199608,201.33252635303777,238.69155107056566,2843.0481121413974,0.0,0.0,24.045571170774747,28.39710507607227,361.64977547996838,0.0,0.0,7.632418213801988,9.091264210917961,86.50148272127582,0.0,0.0,89.95321196409879,105.88544177649054,1633.9817290536353,0.0,0.0,210.91328764802396,249.99416363577178,2989.5781158182696,0.0,0.0,34.420139286327039,41.05196557436101,363.2239722635946,0.0,0.0,91.14884907961575,108.25253007261907,1183.7989671130989,24.983035364614279,17.135140853644918,217.15953754354298,258.0266393733998,3107.8991072522596,0.0,0.0,115.88044568900478,137.16148455107325,1738.0556641794427,0.0,22.338046333081338,31.437025754946747,21.0,30.0,0.0,22.678664917995623,30.88600472039717,21.0,30.0,0.0,21.939871935947829,32.81066922578889,21.0,30.0,0.0,22.439376930794049,39.90060615010256,19.0,30.0,0.0,20.535362723420446,36.078989366434168,12.0,30.0,0.0,24.033372335286708,29.16260383057281,16.0,30.0,0.0,21.980042862772288,33.06342537376693,10.0,30.0,0.0,20.140758527045944,37.211517333625227,16.0,30.0,0.0,21.374691348569848,34.58971189240223,16.0,30.0,0.0,21.325936483662319,0.0,0.0,0.0,22.388235151265709,0.0,0.0,573.5164056877467,575.8415809786717,605.0668997918388,1040.5673656224629,615.1757129341304,613.2889476508759,615.2167431472237,622.6653390544474,628.1141028473173,0.0,80.94691419992755,80.94691419992755,162.0,0.0,162.0,162.0,21.0,19.0,16.0,16.0,16.0,12.0,21.0,10.0,1.0,0.0,0.0,0.0,0.0,0.0,0.0,0.0,0.0,0.0,0.0,0.0,0.0,80.94691419992755,80.94691419992755,0.0,0.0,0.0,80.94691419992755,0.0,0.0,0.006129 
 04/16  18:00:00,14.8,48.0,3.06,44.0,341.5,0.0,4.0,0.0,0.0,0.0,0.0,0.0,0.0,0.0,0.0,161.0,0.0,546.7282284603921,22.868132274139837,58.59898821109844,16.393458442928833,436.3388278723254,0.0,22.868132274139826,31.26247056057179,0.0,0.0,21.80151934053435,152.3689556165864,23.55125509162984,-514.6360079228853,21.51373821246008,157.20341416169868,22.061823538073769,-55.51037759147266,20.481460547792403,23.615829378049854,24.477296617275479,-339.9044337346095,21.302756945317986,188.08115336532866,19.689083264644816,155.17055194260434,21.035822468583996,152.105126506136,289.7768933524367,-42.18398026489922,0.0,0.0,0.0,0.0,0.0,0.0,0.0,0.0,0.0,0.0,0.0,0.0,0.0,0.0,0.0,0.0,0.0,0.0,0.0,0.0,0.0,0.0,0.6805059445603473,0.20772464730169333,200.82487345987244,237.85745688766887,3005.5321966282156,0.07396087792078582,0.011288290280950218,201.13137431908215,237.91391147981569,3147.761361711921,1.0397479235979053,0.19647542018101014,199.6824874093865,236.73784927491637,2857.4111764975207,0.0,0.0,24.73118223383573,29.205341761994395,378.8173200235284,0.0,0.0,7.511472728777965,8.946207042043112,87.25846390705007,0.0,0.0,87.67056953734105,103.23436765530518,1594.3029447497186,0.0,0.0,207.26919709811259,245.69480987367315,2974.370733090902,0.0,0.0,34.06287303255608,40.625543412852277,367.7608039463429,0.0,0.0,89.54017142867748,106.34661022766255,1181.582559131945,24.646839852236469,16.90455408246672,200.25127873669104,237.98734683154118,2899.010885861946,0.0,0.0,113.7211270979145,134.6631300584769,1703.1696134575994,0.0,22.243575811643074,31.73215529163327,21.0,30.0,0.0,22.61746832764824,31.1022941612294,21.0,30.0,0.0,21.895622798148055,33.14632148604966,21.0,30.0,0.0,22.446969036342684,39.69451550686543,19.0,30.0,0.0,20.54489795445019,36.07426791377087,12.0,30.0,0.0,23.908781296135769,29.372162272649349,16.0,30.0,0.0,21.93553425685432,33.13375211704065,10.0,30.0,0.0,20.13019682857805,37.10465882431498,16.0,30.0,0.0,21.346729516175715,34.55738951633019,16.0,30.0,0.0,21.219904188796315,0.0,0.0,0.0,22.242465548455475,0.0,0.0,576.5482383173986,578.9457406575101,617.2607478946598,1027.6202759792514,615.3057688750093,612.9377536782564,614.7396072184849,617.5228954689425,624.4088291945785,0.0,80.94691419992755,80.94691419992755,162.0,0.0,162.0,162.0,21.0,19.0,16.0,16.0,16.0,12.0,21.0,10.0,1.0,0.0,0.0,0.0,0.0,0.0,0.0,0.0,0.0,0.0,0.0,0.0,0.0,80.94691419992755,80.94691419992755,0.0,0.0,0.0,80.94691419992755,0.0,0.0,0.006156 
 04/16  18:10:00,14.5,49.33333333333333,3.006666666666667,38.0,290.0,0.0,0.0,0.0,0.0,0.0,0.0,4.0,0.0,0.0,0.0,483.0,0.0,438.54779840636049,19.335327568928716,49.54622165892507,13.14970277568441,350.0009823204296,0.0,19.335327568928709,26.432858689828558,0.0,0.0,21.641658234331559,-49.869216993834928,23.75072509796834,-103.2358868924781,21.47334708324886,85.44446822657119,21.770101234076308,-221.43478817454466,20.501182974195929,20.954545786074033,24.33740910018497,-324.701403992425,21.293463123017447,159.10851706075239,19.688601847701,136.05368830017825,21.02598706290569,118.98970654101928,364.20218171932239,-22.62918433382159,0.0,0.0,0.0,0.0,0.0,0.0,0.0,0.0,0.0,0.0,0.0,0.0,0.0,0.0,0.0,0.0,0.0,0.0,0.0,0.0,0.0,0.0,0.8188428521772848,0.24995203057914679,171.70300295270003,203.99487430989198,2550.860190214553,0.028541001468233117,0.004356074705163785,29.926683007517036,35.39674225590481,518.2398740709216,0.8767977470002011,0.1656836256614137,397.32067158704,472.2080232579665,5859.669272284354,0.09701379007096156,0.018332159877354788,249.83854221829012,297.06597388599286,3731.7977427903617,0.0,0.0,7.096225905669707,8.47594087207078,86.74263213811287,0.0,0.0,86.39682097266722,102.05539454295067,1607.2753440179113,0.0,0.0,202.29354496056477,240.52139168851159,3001.323766827263,0.0,0.0,33.172229794540829,39.680402386712049,376.40211735590148,0.0,0.0,88.52882637271219,105.46284471998604,1214.9671493333586,24.854404956612009,17.046916979843635,398.07825047525525,474.1064555909714,5871.482120471565,0.0,0.0,112.14641559382581,133.2521328218278,1710.832497383191,0.0,21.88954965490973,34.68261227903967,21.0,30.0,0.0,23.12280386518656,32.877511520371289,21.0,30.0,0.0,21.830009424642804,36.87262440705633,21.0,30.0,0.0,21.93617239191898,34.658868485914478,16.0,30.0,0.0,20.54907962910095,36.07583412308233,12.0,30.0,0.0,23.82019460940012,29.607631841642609,16.0,30.0,0.0,21.880023445695636,33.52127489504724,10.0,30.0,0.0,20.105065197977113,37.11497347863884,16.0,30.0,0.0,21.3117485319494,34.52979998784639,16.0,30.0,0.0,21.42277009498708,0.0,0.0,0.0,22.080840339872255,0.0,0.0,689.7203892397713,728.2262893517304,800.933637018014,693.7438535648588,615.591760754068,617.5616939314587,629.0104966819325,615.8533538878415,619.7695503010721,0.0,80.94691419992755,80.94691419992755,240.0,0.0,240.0,240.0,21.0,16.0,16.0,16.0,16.0,12.0,21.0,10.0,1.0,0.0,0.0,0.0,0.0,0.0,0.0,0.0,0.0,0.0,0.0,0.0,0.0,80.94691419992755,80.94691419992755,0.0,0.0,0.0,80.94691419992755,0.0,0.0,0.009160000000000002 
 04/16  18:20:00,14.200000000000003,50.666666666666667,2.953333333333334,32.0,238.5,0.0,0.0,0.0,0.0,0.0,0.0,4.0,0.0,0.0,0.0,322.0,0.0,336.70885292882977,14.553341506717978,37.292517514466677,10.096096019823272,268.7242361423282,0.0,14.55334150671797,19.895521197689577,0.0,0.0,21.51743718154325,-3.103697074597221,23.97513660052151,-231.80016958970976,21.344220583163645,22.13778810758822,21.587633915158784,-78.12883562609,20.52280607307771,21.028690858742324,24.177885802227704,-297.63084637160639,21.2729224803391,153.57725704270889,19.678648884021297,128.63512133400924,21.001790542538776,109.47649232716936,285.5778201285457,3.9780125841662086,0.0,0.0,0.0,0.0,0.0,0.0,0.0,0.0,0.0,0.0,0.0,0.0,0.0,0.0,0.0,0.0,0.0,0.0,0.0,0.0,0.0,0.0,0.8599009681560492,0.2624850330146671,124.27648654001828,147.63897170517999,1865.1399381741344,0.0,0.0,45.90919910127731,54.16259766500494,862.2646007200584,1.0066118094314543,0.19021387177465128,198.42963826852088,235.71758154819447,2959.3253448272755,0.16127711023272929,0.030475644412836214,98.0097255484163,116.39142331644561,1465.4058109393766,0.0,0.0,6.932437137121724,8.273595598499924,89.0689174227291,0.0,0.0,86.61421017646745,102.2715933733341,1641.8406812158669,0.0,0.0,200.3097841005344,238.03461634796947,3066.9622853701869,0.0,0.0,33.01276760280865,39.46565361535392,392.0630813960573,0.0,0.0,90.08354969008275,107.25687888164993,1281.1240388814359,24.87412303119211,17.060441036482936,202.59316999027869,241.19464387363903,3103.2358902257176,0.0,0.0,113.84807061949963,135.2494857612807,1767.0074446788834,0.0,21.64715721580238,35.86738726233085,21.0,30.0,0.0,23.61146141616554,33.88832287623346,21.0,30.0,0.0,21.593483562839283,35.24116396689458,21.0,30.0,0.0,21.679006803420088,35.16949398339358,16.0,30.0,0.0,20.558746989196345,36.18639796069795,12.0,30.0,0.0,23.692050813490036,30.24342572862254,16.0,30.0,0.0,21.81420980995915,33.753525676221929,10.0,30.0,0.0,20.066199334176806,37.230972028199889,16.0,30.0,0.0,21.25750900839843,34.6328991259124,16.0,30.0,0.0,20.949491854550908,0.0,0.0,0.0,21.90803349640157,0.0,0.0,717.436286227933,824.5761771519547,685.1806606508326,685.0112794987426,621.4624058337915,640.3861293643047,633.8482692536156,617.4884937310314,619.3969330483815,0.0,80.94691419992755,80.94691419992755,240.0,0.0,240.0,240.0,21.0,16.0,16.0,16.0,16.0,12.0,21.0,10.0,1.0,0.0,0.0,0.0,0.0,0.0,0.0,0.0,0.0,0.0,0.0,0.0,0.0,80.94691419992755,80.94691419992755,0.0,0.0,0.0,80.94691419992755,0.0,0.0,0.009186666666666666 
 04/16  18:30:00,13.9,52.0,2.9000000000000005,26.0,187.0,0.0,0.0,0.0,0.0,0.0,0.0,4.0,0.0,0.0,0.0,161.0,0.0,243.05954777706558,11.48704832995866,29.43519928896182,7.2880541581768079,193.9835820050793,0.0,11.487048329958654,15.703665954796725,0.0,0.0,21.537361236312799,102.73304355268601,24.03281691479325,-315.32720225436335,21.1949004118172,-62.605945270512169,21.490997708746379,36.139856922785387,20.547391326466998,21.38039456985348,24.015231141927605,-270.79481541935686,21.25362967938883,146.5424724383156,19.666645050058848,122.38804547382506,20.97462802584438,104.20398015631781,232.81127631672462,30.128420705599639,0.0,0.0,0.0,0.0,0.0,0.0,0.0,0.0,0.0,0.0,0.0,0.0,0.0,0.0,0.0,0.0,0.0,0.0,0.0,0.0,0.0,0.0,0.9217165712375252,0.2813542647245193,92.51450269702055,109.66712189071353,1461.149025988531,0.0,0.0,58.08985511368814,68.34459711318147,1145.4551932143148,1.0628252035622797,0.20083620626649283,134.98777398396045,160.32154504549798,2029.1365391139405,0.17596442383958126,0.0332510249129972,85.03278783089333,100.85826092163016,1311.2591566377155,0.0,0.0,6.699254477158346,7.976598571156169,90.36376494551665,0.0,0.0,87.12113936527155,102.67570294745426,1680.9914395884576,0.0,0.0,194.77194837997517,230.98372875436022,3076.7530936681525,0.0,0.0,32.33477653803538,38.5749471448886,401.06825265300406,0.0,0.0,90.1704773459052,107.14117880452524,1327.0372665689425,24.842388598557009,17.038675307652274,160.55676734004303,190.9740778255058,2588.897197349484,0.0,0.0,113.48083336822309,134.58815547303275,1790.9734593387364,0.0,21.68894271802784,36.609384920798017,21.0,30.0,0.0,23.79181137053446,33.60593534097121,21.0,30.0,0.0,21.319932431479257,34.832857989245898,21.0,30.0,0.0,21.561673451108189,36.259276696978449,16.0,30.0,0.0,20.575024696682829,36.52467940330764,12.0,30.0,0.0,23.554508754506114,30.965843569419577,16.0,30.0,0.0,21.75230664029453,33.9696842904932,10.0,30.0,0.0,20.024897736007337,37.49133039455176,16.0,30.0,0.0,21.20046324774581,34.92054819440848,16.0,30.0,0.0,20.84519567265113,0.0,0.0,0.0,21.73123747273573,0.0,0.0,758.2840344535817,816.7965858689515,626.3187877002199,731.16983556675,637.9005582425282,664.9867596640531,636.6768404977921,625.1446880547921,627.6580993243147,0.0,80.94691419992755,80.94691419992755,240.0,0.0,240.0,240.0,21.0,16.0,16.0,16.0,16.0,12.0,21.0,10.0,1.0,0.0,0.0,0.0,0.0,0.0,0.0,0.0,0.0,0.0,0.0,0.0,0.0,80.94691419992755,80.94691419992755,0.0,0.0,0.0,80.94691419992755,0.0,0.0,0.009213333333333334 
 04/16  18:40:00,13.600000000000002,53.33333333333333,2.8466666666666669,21.666666666666669,155.83333333333335,0.0,0.0,0.0,0.0,0.0,0.0,4.0,0.0,0.0,0.0,322.0,0.0,173.60166292445587,9.237347507195635,23.670391140260308,5.205384875204727,138.54989282093204,0.0,9.23734750719563,12.628154369565234,0.0,0.0,21.477678805305496,26.987654891097806,24.0030075540635,-349.4494075337004,21.1925867086908,50.14068322480807,21.39490519048495,-49.89754265066995,20.569685726972524,20.270290608019793,23.88499346227659,-255.0194720909151,21.24259049841224,127.49308494426987,19.6600815961056,108.95562083811365,20.950546894802117,74.44494580637002,237.75734839257849,57.1476849775795,0.0,0.0,0.0,0.0,0.0,0.0,0.0,0.0,0.0,0.0,0.0,0.0,0.0,0.0,0.0,0.0,0.0,0.0,0.0,0.0,0.0,0.0,0.9162611244803358,0.27968898793661048,121.4950849334126,144.7282301315946,1940.6245268566923,0.0,0.0,60.137891212726447,70.91507333641683,1223.266469507647,1.4650433253880853,0.27684114236358389,228.45850606917825,272.13446909861838,3594.510439903239,0.18592397235372905,0.03513302576601077,137.4555062616594,163.60460102639298,2159.936506801363,0.0,0.0,6.700338108667191,7.995199341764557,94.5378933550591,0.0,0.0,85.56471452270019,101.09432179924122,1687.1710389666087,0.0,0.0,196.26424957526667,233.2859975497583,3199.8364115393317,0.0,0.0,32.74100450018308,39.14789143882239,423.9047795104482,0.0,0.0,90.43045353952188,107.69350848493908,1376.3634116818469,25.016366210673448,17.158001516236938,243.09206783762165,290.11342416291299,3906.776494855033,0.0,0.0,113.87638111539612,135.4290397068708,1825.297528592551,0.0,21.543283387402103,36.24662714012749,21.0,30.0,0.0,23.808368682178128,33.67374000818616,21.0,30.0,0.0,21.352256272190485,36.13320270957837,21.0,30.0,0.0,21.41433526746973,36.02751554282635,16.0,30.0,0.0,20.586007026650127,36.69748299935007,12.0,30.0,0.0,23.467155946614235,31.24626681921931,19.0,30.0,0.0,21.70625309848774,34.416968158440599,10.0,30.0,0.0,19.995599032772107,37.7690334300629,19.7,30.0,0.0,21.1523034790209,35.2283090243175,16.0,30.0,0.0,20.782530408804769,0.0,0.0,0.0,21.552037286883697,0.0,0.0,701.0165129608605,811.7559615918475,693.9370313431582,688.0769541153446,645.9294942101005,668.6635656424165,653.1758200210246,634.5365195279517,637.2263813192525,0.0,80.94691419992755,80.94691419992755,240.0,0.0,240.0,240.0,21.0,16.0,19.0,16.0,19.7,12.0,21.0,10.0,1.0,0.0,0.0,0.0,0.0,0.0,0.0,0.0,0.0,0.0,0.0,0.0,0.0,80.94691419992755,80.94691419992755,0.0,0.0,0.0,80.94691419992755,0.0,0.0,0.009240000000000002 
 04/16  18:50:00,13.3,54.66666666666667,2.7933333333333336,17.333333333333337,124.66666666666669,0.0,0.0,0.0,0.0,0.0,0.0,4.0,0.0,0.0,0.0,322.0,0.0,115.2666731523584,7.057724714436152,18.085165752108187,3.4562314652607228,91.99328156083149,0.0,7.057724714436149,9.648444764297193,0.0,0.0,21.480269065023124,-14.569392785048877,23.947808463230126,-363.40371128000177,21.1151149361895,34.834661924082869,21.332637933071259,-50.11637742945277,20.592666725227099,18.116896944299698,23.746590356202736,-246.06824578247507,21.2077047645488,111.46508830919265,19.63637553549104,91.74512160420068,20.90381949361496,43.58340058603744,262.8456423152247,82.67003397777126,0.0,0.0,0.0,0.0,0.0,0.0,0.0,0.0,0.0,0.0,0.0,0.0,0.0,0.0,0.0,0.0,0.0,0.0,0.0,0.0,0.0,0.0,0.9325390740703268,0.2846578370178043,179.36962769021526,213.11777180264483,2965.996982153825,0.0,0.0,61.28023168478326,72.28021378333887,1280.3829349886842,1.5553631522904148,0.2939083810072592,314.18098219573508,373.7341680971788,5039.233163617112,0.1962965204014726,0.037093068858932837,166.52925955746418,198.09281871237503,2694.986134757226,0.0,0.0,6.5232541691527639,7.781693139395031,96.14678829291302,0.0,0.0,84.30680108910902,99.63172410439972,1694.4400723222958,0.0,0.0,195.27975994666577,232.1539215966791,3267.727785777669,0.0,0.0,32.30769616670257,38.63149067213071,433.9310860205203,0.0,0.0,90.42103871368508,107.71381920658256,1415.5285374362857,25.13959755178456,17.242522326326865,330.10975890008026,393.4020951574953,5351.151994459995,0.0,0.0,113.43275486213588,134.9956459396839,1837.877789583359,0.0,21.531633627709227,36.29326630733942,21.0,30.0,0.0,23.785564916425018,33.72678176650265,21.0,30.0,0.0,21.219492855795467,36.571971972308869,21.0,30.0,0.0,21.348860399517194,36.39637880544255,16.0,30.0,0.0,20.598740880866907,36.99103881018749,12.0,30.0,0.0,23.354586537256183,31.786107761559177,19.0,30.0,0.0,21.618293472902417,34.97905210945589,10.0,30.0,0.0,19.93456444960621,38.28356399879317,19.7,30.0,0.0,21.065747395339124,35.80430978853019,16.0,30.0,0.0,20.788737744060627,0.0,0.0,0.0,21.332478487193187,0.0,0.0,692.9060369160657,801.9338686667418,684.5251668573891,682.7042855595757,657.7694906141041,680.3339664305942,665.9777158670538,648.446253603151,652.5101261703239,0.0,80.94691419992755,80.94691419992755,240.0,0.0,240.0,240.0,21.0,16.0,19.0,16.0,19.7,12.0,21.0,10.0,1.0,0.0,0.0,0.0,0.0,0.0,0.0,0.0,0.0,0.0,0.0,0.0,0.0,80.94691419992755,80.94691419992755,0.0,0.0,0.0,80.94691419992755,0.0,0.0,0.009240000000000002 
 04/16  19:00:00,13.0,56.0,2.74,0.0,0.0,0.0,0.0,0.0,0.0,0.0,0.0,4.0,0.0,0.0,0.0,161.0,0.0,0.0,0.0,0.0,0.0,0.0,0.0,0.0,0.0,0.0,0.0,21.547976590876215,135.4924284819499,23.84230736892168,-364.19333383760888,21.051332109546388,-57.01600384651374,21.27904442644994,40.04655249958978,20.612709765438269,17.961928514804926,23.571217888413555,-219.96502790063824,21.19049107737584,109.47099636441635,19.616475983383958,92.73880242597761,20.857797903914589,55.97644788679827,213.2840148438254,126.00014330876911,0.0,0.0,0.0,0.0,0.0,0.0,0.0,0.0,0.0,0.0,0.0,0.0,0.0,0.0,0.0,0.0,0.0,0.0,0.0,0.0,0.0,0.0,1.0074152862100355,0.30751382362943699,33.471663339428967,39.66863803143066,599.7494706644752,0.0,0.0,62.84927049004523,73.9589088654216,1342.600943038456,1.4719998901317493,0.2781556859659391,112.96224594103768,134.2375615384593,1866.7270778256614,0.20504999107078593,0.03874716384557556,126.29867184755543,149.8944576787514,2113.6806455550515,0.0,0.0,6.4008829975193139,7.618324989137017,98.40775618772205,0.0,0.0,83.7531810387563,98.79636414199034,1710.1587910371814,0.0,0.0,194.35348317034477,230.57423328264995,3352.1770837364085,0.0,0.0,31.94630139713787,38.11958185481147,445.64574881644219,0.0,0.0,93.36282306342049,110.983847472784,1504.9227594568707,25.31321271130346,17.361599939165619,141.3737312447624,168.3204528439329,2532.645181537859,0.0,0.0,116.31422026699988,138.18714329390375,1911.2781058195572,0.0,21.663665732089819,37.64687680558767,21.0,30.0,0.0,23.71434037041092,33.787673510932929,21.0,30.0,0.0,21.110323181443208,35.67289609865125,21.0,30.0,0.0,21.312146934344914,37.567616613767658,16.0,30.0,0.0,20.612204636993768,37.32470688076844,12.0,30.0,0.0,23.206474926646807,32.35722570699417,19.0,30.0,0.0,21.570548196794296,35.07134863573418,10.0,30.0,0.0,19.888035270181363,38.67550998143523,19.7,30.0,0.0,20.992551761579994,36.19949335951639,16.0,30.0,0.0,20.549273449665717,0.0,0.0,0.0,21.13884387384793,0.0,0.0,760.4719069654353,794.4732161645519,624.7497496110923,738.7785962215096,670.6734555572916,691.4617305571273,663.542937434083,658.1309728400573,660.8593272339525,0.0,80.94691419992755,80.94691419992755,240.0,0.0,240.0,240.0,21.0,16.0,19.0,16.0,19.7,12.0,21.0,10.0,1.0,0.0,0.0,0.0,0.0,0.0,0.0,0.0,0.0,0.0,0.0,0.0,0.0,80.94691419992755,80.94691419992755,0.0,0.0,0.0,80.94691419992755,0.0,0.0,0.009240000000000002 
 04/16  19:10:00,12.721666666666668,56.833333333333339,2.8133333333333336,0.0,0.0,0.0,0.0,1.0,2.0,0.0,0.0,4.0,0.0,0.0,0.0,323.0,0.0,0.0,0.0,0.0,0.0,0.0,0.0,0.0,0.0,0.0,0.0,21.42514348928345,-39.176216054519958,23.777160265858816,-357.8152061017115,21.406148904633097,-202.8794223554023,21.203947242904634,-37.431807864939859,20.634035827048736,13.993913721094657,23.646663443185905,-1.76839919471837,21.012381258351007,-52.97396074204153,19.656898206000084,68.1741500824553,20.819844077787378,18.198721433782795,288.9580425666318,131.046729789849,0.0,0.0,0.0,0.0,0.0,0.0,0.0,0.0,0.0,0.0,0.0,0.0,0.0,0.0,0.0,0.0,0.0,0.0,0.0,0.0,0.0,0.0,0.983280816716968,0.30014676944962395,185.32493639676415,220.6963551513148,3227.9694180732014,0.0,0.0,59.47230418934349,70.15629801527345,1297.6279961397775,1.7305071631658374,0.3270043770154645,314.3083917838852,373.84502020611935,5607.775360597132,0.21538043651425857,0.04069925104199896,162.1298461959596,192.9814336810952,2765.9408451632618,0.0,0.0,4.426165089998511,5.280393822915103,70.57428162362024,0.0,0.0,12.835280719727127,15.152765659792712,275.28373679111169,0.0,0.0,114.16392401246182,135.9446069443595,1952.317127302326,0.0,0.0,30.592975962853545,36.57864512748591,447.12806857403009,0.0,0.0,79.15233930734374,94.34679157825255,1310.643423121357,25.869350260142399,17.743038587203299,329.09219136426438,392.64776555833125,5706.148022764859,0.0,0.0,101.30742084434714,120.76310127267175,1673.477842114115,0.0,21.379238644121864,36.78210648224598,21.0,30.0,0.0,23.66807346861464,34.04576392938539,21.0,30.0,783.0570431571207,21.65923409524538,35.89941223072138,21.5,30.0,0.0,21.197018966813738,37.01605293740134,16.0,30.0,0.0,20.620533000391228,37.48493411275281,12.0,30.0,0.0,23.451310880197619,34.46525245645417,19.0,30.0,0.0,21.198661207312197,36.30425406964271,10.0,30.0,0.0,19.9437111433054,39.77539492232762,19.7,30.0,0.0,20.93051967968794,36.58631744053724,16.0,30.0,0.0,20.710968159845998,0.0,0.0,0.0,20.894076177249596,0.0,0.0,686.3259857496771,792.5846433872238,683.3306686070641,681.0236301861131,676.8363483054951,822.0292051013719,678.4823897981898,726.7421507989835,669.9146171919726,10075.697850668017,81.34265552033804,81.34265552033804,270.0,0.0,270.0,270.0,21.0,16.0,19.0,16.0,19.7,12.0,21.0,10.0,1.0,0.0,0.0,0.0,783.0570431571207,0.0,0.0,0.0,0.0,0.0,0.0,0.0,0.0,81.34265552033804,81.34265552033804,0.34,0.6962650904452133,0.36028137401965956,81.34265552033804,0.3542647819438875,0.0,0.010395000000000002 
 04/16  19:20:00,12.443333333333336,57.66666666666667,2.886666666666667,0.0,0.0,0.0,0.0,1.0,2.0,0.0,0.0,4.0,0.0,0.0,0.0,324.0,0.0,0.0,0.0,0.0,0.0,0.0,0.0,0.0,0.0,0.0,0.0,21.569855380467965,128.57919718733627,23.724360933731775,-307.17446425390588,21.367591615061877,-248.30223263928975,21.28722027820602,171.8816730847816,20.657388034304547,11.017595032177028,23.739794505983189,-6.990373447643435,20.89362482277398,3.3273980547573958,19.66395921355373,31.710725574228606,20.75112671113447,-18.380157199460997,339.4996194922187,94.15083849561711,0.0,0.0,0.0,0.0,0.0,0.0,0.0,0.0,0.0,0.0,0.0,0.0,0.0,0.0,0.0,0.0,0.0,0.0,0.0,0.0,0.0,0.0,1.0331924637384483,0.31538231493847626,76.41256070675434,90.90923296155458,1431.112676096299,0.0,0.0,56.22040548793135,66.30984612959728,1256.1401099891617,1.4331598596801334,0.27081630001514248,212.37384619369548,252.67361173778378,3884.60704914116,0.22792637656732907,0.04306998801347864,187.9722372804286,223.64368486826147,3392.4709225649905,0.0,0.0,4.633274068148834,5.526001151810165,76.58556495766946,0.0,0.0,12.713459496806723,14.990508566756793,285.09352740631206,0.0,0.0,82.55775950306688,98.33443364479087,1425.4185984079955,0.0,0.0,24.95754178642001,29.82841556721653,378.1940009695061,0.0,0.0,47.01290850199261,56.03267249561058,794.3509480771726,26.650913233421389,18.279090009205349,232.54946240138436,277.3607498224441,4371.279190565444,0.0,0.0,64.52453303519616,76.96542013759958,1058.6049204126505,0.0,21.668257988461499,36.722068314352828,21.0,30.0,0.0,23.65125693887592,35.03970999289966,21.0,30.0,0.0,21.47143802931941,36.266719418309978,21.0,30.0,0.0,21.41827095172924,36.39959536060021,16.0,30.0,0.0,20.63267758734878,37.874975024890989,12.0,30.0,0.0,23.67442148065648,36.77211250875487,19.0,30.0,0.0,21.009449406801914,37.04534841226915,10.0,30.0,0.0,19.9309348336604,40.886832202590579,19.7,30.0,0.0,20.820615958334736,37.358614914734548,16.0,30.0,0.0,20.792653084419344,0.0,0.0,0.0,20.555791898313797,0.0,0.0,709.7020663703296,843.4154793604861,675.3875007727334,668.9597918765142,691.9185658097902,956.5670126875125,688.5759826775407,779.0717517724226,690.9574469742513,0.0,81.5896598073494,81.5896598073494,270.0,0.0,270.0,270.0,21.0,16.0,19.0,16.0,19.7,12.0,21.0,10.0,1.0,0.0,0.0,0.0,0.0,0.0,0.0,0.0,0.0,0.0,0.0,0.0,0.0,81.5896598073494,81.5896598073494,0.0,0.0,0.0,81.5896598073494,0.0,0.0,0.010485000000000003 
 04/16  19:30:00,12.165,58.5,2.96,0.0,0.0,0.0,0.0,1.0,2.0,0.0,0.0,4.0,0.0,0.0,0.0,324.0,0.0,0.0,0.0,0.0,0.0,0.0,0.0,0.0,0.0,0.0,0.0,21.523349023341234,-57.79867047869129,23.669771816487378,-337.7962671158582,21.200047879331913,-18.46833923956183,21.23529597444911,-43.0305143743808,20.68251266392707,10.923109454020633,23.786693976499586,-12.691583376675965,20.831972714305566,1.68718114430294,19.65872980067716,21.232835665261633,20.687220429432477,-27.251454752987344,343.7554368573665,120.35927828457125,0.0,0.0,0.0,0.0,0.0,0.0,0.0,0.0,0.0,0.0,0.0,0.0,0.0,0.0,0.0,0.0,0.0,0.0,0.0,0.0,0.0,0.0,1.047948247177741,0.3198865223375278,210.0772903113247,249.62289877775749,3957.753286000588,0.0,0.0,59.277613739216977,69.95019546802884,1352.181165531826,1.6784993472472092,0.3171767474012112,353.2481293391303,420.2417189825502,6483.724740358099,0.21753633009697349,0.041106638340319998,180.33766892003488,214.5328063834906,3320.2537793356198,0.0,0.0,4.437918723578047,5.291016215291012,76.01139659241278,0.0,0.0,13.78029065378551,16.235910825798489,320.1548633945357,0.0,0.0,82.00225114297052,97.70047501381672,1443.5486408142875,0.0,0.0,24.06860444373018,28.76206790256125,376.8885302385071,0.0,0.0,48.97812431069174,58.4080861456211,845.7701117832871,26.88097362719214,18.436881774480214,368.1595001626323,438.88332313985867,6804.971995331584,0.0,0.0,66.23118394794061,79.07126674765182,1094.7558894727968,0.0,21.533004885167693,36.78836956509464,21.0,30.0,0.0,23.606307490592785,34.61042682117183,21.0,30.0,0.0,21.24170482821394,36.99871834094626,21.0,30.0,0.0,21.31663599427251,37.090886397080527,16.0,30.0,0.0,20.651439803761507,38.31183183223476,12.0,30.0,0.0,23.807431710192817,38.339996794823068,19.0,30.0,0.0,20.895672477759569,38.241349532842367,10.0,30.0,0.0,19.902236229935818,41.97550095375223,19.7,30.0,0.0,20.721649022839153,38.33737172509031,16.0,30.0,0.0,20.73053595782299,0.0,0.0,0.0,20.33113805738433,0.0,0.0,694.1644189570579,807.0086253422264,680.4530037376985,686.6317708441261,709.1589832586976,1042.9810359969875,726.3965152564381,820.8117699393807,719.4354787569231,0.0,81.5896598073494,81.5896598073494,270.0,0.0,270.0,270.0,21.0,16.0,19.0,16.0,19.7,12.0,21.0,10.0,1.0,0.0,0.0,0.0,0.0,0.0,0.0,0.0,0.0,0.0,0.0,0.0,0.0,81.5896598073494,81.5896598073494,0.0,0.0,0.0,81.5896598073494,0.0,0.0,0.010575000000000001 
 04/16  19:40:00,11.886666666666667,59.33333333333333,3.0333333333333338,0.0,0.0,0.0,0.0,1.0,2.0,0.0,0.0,4.0,0.0,0.0,0.0,162.0,0.0,0.0,0.0,0.0,0.0,0.0,0.0,0.0,0.0,0.0,0.0,21.551327868683396,88.43435869516998,23.604171704192276,-342.739226285134,21.08869534488393,-114.60856749977393,21.183108907071686,57.7235181357737,20.712146592755667,11.003427815884465,23.809945623685356,-13.458306855109072,20.788660237581433,-0.8699253773693272,19.65648840065173,20.563736347904866,20.627391663251115,-22.884090054791615,317.3609929355498,152.22560430857994,0.0,0.0,0.0,0.0,0.0,0.0,0.0,0.0,0.0,0.0,0.0,0.0,0.0,0.0,0.0,0.0,0.0,0.0,0.0,0.0,0.0,0.0,1.108894657240205,0.3384904326130052,89.14529036199552,105.66627117794195,1758.4080328821647,0.0,0.0,61.26354095378777,72.1260824807569,1424.281048706327,1.541596456839114,0.2913069646332416,193.36798966323318,229.80763146868774,3596.141881171221,0.22757173429991638,0.04300297322371812,155.49713445242544,184.5397097393337,2933.673872209006,0.0,0.0,4.304283530769898,5.119497460526655,76.39309951123961,0.0,0.0,13.997931692294202,16.431424562708309,335.538015312306,0.0,0.0,82.9158391845653,98.57602603260725,1494.5145262345494,0.0,0.0,23.43649283896744,27.938141768489424,379.39085013789426,0.0,0.0,52.693035578259209,62.67895370824382,930.4639750347795,27.274893205388673,18.707059811652046,220.086842844093,261.98250833258228,4318.894292214108,0.0,0.0,69.76472353874317,83.11600128966393,1164.1991703426609,0.0,21.588715544555954,38.0188764353945,21.0,30.0,0.0,23.54091183302365,34.40946765031345,21.0,30.0,0.0,21.058979478132355,35.93792439294559,21.0,30.0,0.0,21.25749821830137,38.42239706348859,16.0,30.0,0.0,20.679561518483117,38.812088758427027,12.0,30.0,0.0,23.896059819361356,39.58503154632304,19.0,30.0,0.0,20.82115555383661,38.319496887219127,10.0,30.0,0.0,19.882387386720155,42.77554075034343,19.7,30.0,0.0,20.63342854747479,39.17074037848991,16.0,30.0,0.0,20.56135767932445,0.0,0.0,0.0,20.12357788916908,0.0,0.0,761.3100546703165,787.1832440619695,608.2448966446295,747.939923204182,729.4758598614665,1107.431878084751,719.8414125174072,851.2477449594493,743.7651004859978,0.0,81.5896598073494,81.5896598073494,270.0,0.0,270.0,270.0,21.0,16.0,19.0,16.0,19.7,12.0,21.0,10.0,1.0,0.0,0.0,0.0,0.0,0.0,0.0,0.0,0.0,0.0,0.0,0.0,0.0,81.5896598073494,81.5896598073494,0.0,0.0,0.0,81.5896598073494,0.0,0.0,0.010665000000000001 
 04/16  19:50:00,11.608333333333333,60.16666666666667,3.106666666666667,0.0,0.0,0.0,0.0,1.0,2.0,0.0,0.0,4.0,0.0,0.0,0.0,325.0,0.0,0.0,0.0,0.0,0.0,0.0,0.0,0.0,0.0,0.0,0.0,21.449003523065949,-44.97334038851477,23.551995132060499,-343.8009266449276,21.47088980370527,-320.55158197616859,21.108764929815075,-22.930176899902109,20.736794880175837,10.124675098792338,23.798148812001004,-18.98392340479313,20.77794477432009,3.79509965291345,19.652893675506318,7.211546984109361,20.584864228722169,-39.00669531215749,355.69588358564399,168.45065538902919,0.0,0.0,0.0,0.0,0.0,0.0,0.0,0.0,0.0,0.0,0.0,0.0,0.0,0.0,0.0,0.0,0.0,0.0,0.0,0.0,0.0,0.0,1.0866237673038848,0.3316922366617475,194.0177772381632,231.0021387224071,3806.614270895847,0.0,0.0,59.25132833705631,69.92968547108288,1405.1492787522698,1.8030146951790925,0.34070572471260265,336.6522113064526,400.2747812609313,6784.189369933837,0.23301416005363596,0.044031398347247899,179.79851811078457,214.01322804146947,3448.037092167244,0.0,0.0,4.446297369484211,5.301076113714732,81.53631790902532,0.0,0.0,14.144563626050616,16.648245442886755,347.2340751807902,0.0,0.0,81.93077551037985,97.61342598539923,1519.997213619433,0.0,0.0,22.886536967588925,27.351602041736059,382.26017081875878,0.0,0.0,49.38371324848363,58.86798062631664,893.901246288684,27.75646501271423,19.03735597579852,350.2626861769739,417.9909628166442,6836.61241215521,0.0,0.0,65.89967981115322,78.73136207521013,1109.8426661146326,0.0,21.348253801987665,37.304278339648508,21.0,30.0,0.0,23.49980067159017,34.63065175136083,21.0,30.0,878.3123520986773,21.668038010117493,36.14503070623914,21.5,30.0,0.0,21.133534533186933,37.654787163296827,16.0,30.0,0.0,20.69862315233017,39.05132612656159,12.0,30.0,0.0,23.913848785164605,39.995548239836598,19.0,30.0,0.0,20.808227555435609,39.16035188572777,10.0,30.0,0.0,19.860969085913227,43.37887413095119,19.7,30.0,0.0,20.579370697510535,39.67591455536248,16.0,30.0,0.0,20.595559840737658,0.0,0.0,0.0,19.91695853106259,0.0,0.0,694.8309672803853,789.4361784911673,678.4545611896044,689.6080832752487,739.4107769423147,1125.8801382923662,752.9291810719508,871.9228026727232,757.4265560138319,9917.812845556578,81.44707629679263,81.44707629679263,270.0,0.0,270.0,270.0,21.0,16.0,19.0,16.0,19.7,12.0,21.0,10.0,1.0,0.0,0.0,0.0,878.3123520986773,0.0,0.0,0.0,0.0,0.0,0.0,0.0,0.0,81.44707629679263,81.44707629679263,0.34,0.6955567058744936,0.36028137401965956,81.44707629679263,0.3542647819438875,0.0,0.010695 
 04/16  20:00:00,11.33,61.0,3.18,0.0,0.0,0.0,0.0,1.0,2.0,0.0,0.0,4.0,0.0,0.0,0.0,326.0,0.0,0.0,0.0,0.0,0.0,0.0,0.0,0.0,0.0,0.0,0.0,21.579275521973938,75.12345303660186,23.510447513566765,-295.08702629332836,21.41208257632745,-254.04010585217157,21.203598849974055,183.99239881173799,20.76531216623482,9.606007517630701,23.776417519446527,-24.305536057584506,20.763908175470623,10.615840151667272,19.637577001497449,-4.290658286851567,20.517073305758737,-62.86932573978038,397.7393758840294,205.8826555205976,0.0,0.0,0.0,0.0,0.0,0.0,0.0,0.0,0.0,0.0,0.0,0.0,0.0,0.0,0.0,0.0,0.0,0.0,0.0,0.0,0.0,0.0,1.1517069756104173,0.35155890586398577,115.69242944227098,137.5298375827047,2409.5721464504069,0.0,0.0,54.99630304515213,64.8961079463287,1333.159438105275,1.565352179353377,0.2957959522587637,226.47547856133344,269.47401850502578,4638.319274331772,0.2504420742230062,0.04732465499300947,195.37935485514496,232.488850223394,3944.0891811228746,0.0,0.0,4.676120708307005,5.573223540740122,88.6123841882519,0.0,0.0,14.124556762589709,16.62322191130429,354.62398549428056,0.0,0.0,92.50320076401154,110.23189639363489,1764.7860353222798,0.0,0.0,21.920502065200819,26.194157991574757,376.6985256202224,0.0,0.0,58.023785651427079,69.21039869842545,1072.3307899691673,28.53480358883148,19.571195877113504,240.95290964384959,287.53382905431706,5077.770881488812,0.0,0.0,73.82890237934353,88.27850596547619,1257.831162711619,0.0,21.602803024296255,36.373114147438119,21.0,30.0,0.0,23.483724838490685,35.605176341441318,21.0,30.0,0.0,21.44964967850008,36.94288670968193,21.0,30.0,0.0,21.365596867514279,36.948290286219698,16.0,30.0,0.0,20.72461769182799,39.47275629542662,12.0,30.0,0.0,23.91591799024593,40.601051576219969,19.0,30.0,0.0,20.790327551802205,39.261025493128077,10.0,30.0,0.0,19.820646104026417,44.22697289283146,19.7,30.0,0.0,20.483175728895739,40.639514447051869,16.0,30.0,0.0,20.63150757098714,0.0,0.0,0.0,19.731902204465649,0.0,0.0,675.7494540852906,842.3304539869855,690.5474668512809,678.3634372275742,756.9781383051859,1151.8395643868783,749.9803298265639,900.1451053112677,783.594636772478,0.0,81.59222204165556,81.59222204165556,270.0,0.0,270.0,270.0,21.0,16.0,19.0,16.0,19.7,12.0,21.0,10.0,1.0,0.0,0.0,0.0,0.0,0.0,0.0,0.0,0.0,0.0,0.0,0.0,0.0,81.59222204165556,81.59222204165556,0.0,0.0,0.0,81.59222204165556,0.0,0.0,0.010725000000000002 
 04/16  20:10:00,11.208333333333333,61.66666666666667,3.253333333333334,0.0,0.0,0.0,0.0,0.0,2.0,0.0,0.0,4.0,0.0,0.0,0.0,163.0,0.0,0.0,0.0,0.0,0.0,0.0,0.0,0.0,0.0,0.0,0.0,21.45385026496738,-78.84079359456882,23.452191117349075,-344.2521388619116,21.328868551493728,35.41697605382342,21.137151321277714,-9.12582066216828,20.795980332710799,10.093731196805408,23.870376521113739,-27.13901430220608,20.748924830100415,0.9532473994554493,19.560783945107759,2.449934810316222,20.45702963174415,-55.83584664904811,332.6923566315563,238.6822364187292,0.0,0.0,0.0,0.0,0.0,0.0,0.0,0.0,0.0,0.0,0.0,0.0,0.0,0.0,0.0,0.0,0.0,0.0,0.0,0.0,0.0,0.0,1.1605132016963423,0.35424700906481756,142.03839481098829,168.58996366070705,2909.6673710377519,0.0,0.0,57.09095668406234,67.22903422577079,1390.5700459542937,1.7712549886511942,0.3347042684526067,156.70051322885855,185.90685027263758,3244.8790785562034,0.2332757274586072,0.04408082529452138,38.32266012182861,45.49401138928618,776.5588837491814,0.0,0.0,4.597037030369296,5.46413599829798,88.5777616397786,0.0,0.0,14.235388178539762,16.691129028295838,365.242155345506,0.0,0.0,94.09585210829964,111.84757797692225,1813.3873671856473,0.0,0.0,22.11113079445212,26.373016271442244,379.09117037179268,0.0,0.0,60.24115678399091,71.68598295245786,1118.4158325076119,28.674466049697516,19.666986316664969,155.45369593639547,185.15559306131946,3392.54681050273,0.0,0.0,76.40681385287411,91.17632338041666,1295.724221855407,0.0,21.319188687013047,36.62722353632891,21.0,30.0,0.0,23.413926469398239,35.11329425669595,21.0,30.0,0.0,21.39984697133749,37.1898171023206,21.0,30.0,0.0,21.227258467119083,37.41095594177886,16.0,30.0,0.0,20.75909995111125,39.88153434918674,12.0,30.0,0.0,24.071980649050709,40.7516046468474,19.0,30.0,0.0,20.760823974668925,39.73457806156293,10.0,30.0,0.0,19.672321283862538,43.696534270797737,12.0,30.0,0.0,20.398532477806936,41.12181575078546,16.0,30.0,0.0,20.356391313480203,0.0,0.0,0.0,19.563717501171646,0.0,0.0,652.3828389645859,798.4319378981819,697.8467723133263,684.31140463661,774.4791690325772,1176.7432011921397,767.7680085467167,831.5327704197947,791.3918406787863,0.0,81.59222204165556,81.59222204165556,570.0,0.0,570.0,570.0,21.0,16.0,19.0,16.0,12.0,12.0,21.0,10.0,1.0,0.0,0.0,0.0,0.0,0.0,0.0,0.0,0.0,0.0,0.0,0.0,0.0,81.59222204165556,81.59222204165556,0.0,0.0,0.0,81.59222204165556,0.0,0.0,0.022704999999999997 
 04/16  20:20:00,11.086666666666668,62.333333333333339,3.326666666666667,0.0,0.0,0.0,0.0,0.0,2.0,0.0,0.0,4.0,0.0,0.0,0.0,328.0,0.0,0.0,0.0,0.0,0.0,0.0,0.0,0.0,0.0,0.0,0.0,21.470356952996917,-35.92906320024076,23.400722482527934,-345.89712046373827,21.198457605938434,-97.2800725344423,21.091894344460927,-19.65979025415436,20.820305175483076,10.332445602239176,23.91180114238839,-32.03548726005778,20.715590086454016,-20.80591141074092,19.515088707668647,-4.974528149748096,20.408200598447477,-78.42378406812122,374.1366121491337,276.3831757989931,0.0,0.0,0.0,0.0,0.0,0.0,0.0,0.0,0.0,0.0,0.0,0.0,0.0,0.0,0.0,0.0,0.0,0.0,0.0,0.0,0.0,0.0,1.158437770313287,0.3536134830016139,158.25987629410919,188.09849729813426,3276.9992731919326,0.0,0.0,58.19490240209399,68.71036249977067,1425.4238329571736,1.7442299440284673,0.32959749509230309,242.14815232394634,288.043326297007,4950.679278575534,0.23520391640620454,0.044445184506085508,120.60533542100784,143.54738716844174,2449.4508185855986,0.0,0.0,4.709103527442251,5.609336293927376,92.06398191452966,0.0,0.0,14.696355457302169,17.2780817757709,382.5141940849423,0.0,0.0,98.73116385175107,117.65299842419988,1914.2139552804463,0.0,0.0,25.14979001691627,30.077711345167658,433.13288440318476,0.0,0.0,64.59956109139165,77.07428049135008,1206.8105494014663,28.850993559760484,19.788061426447528,254.1197184523562,303.1035046738318,5336.4811102407679,0.0,0.0,82.83872828760087,99.13799842717276,1400.9971050920349,0.0,21.35392944097942,37.38722763621249,21.0,30.0,0.0,23.363855443787686,35.39225619151484,21.0,30.0,0.0,21.176476176005598,37.21284143744766,21.0,30.0,0.0,21.16799788234865,37.54324686170223,16.0,30.0,0.0,20.781646828454144,40.08171576978954,12.0,30.0,0.0,24.14595341335952,40.64886954321025,19.0,30.0,0.0,20.698981973026578,40.013221493401008,10.0,30.0,0.0,19.590806832678063,43.71422356893376,12.0,30.0,0.0,20.335894997091317,41.416390400078388,16.0,30.0,0.0,20.450500566196469,0.0,0.0,0.0,19.418627036704913,0.0,0.0,694.5959837264323,808.828159238084,669.5466001425891,684.2460389975909,783.0914710457762,1175.3837408204423,766.6162155660848,812.4469326456921,793.4181612893704,0.0,81.59222204165556,81.59222204165556,570.0,0.0,570.0,570.0,21.0,16.0,19.0,16.0,12.0,12.0,21.0,10.0,1.0,0.0,0.0,0.0,0.0,0.0,0.0,0.0,0.0,0.0,0.0,0.0,0.0,81.59222204165556,81.59222204165556,0.0,0.0,0.0,81.59222204165556,0.0,0.0,0.022926666666666666 
 04/16  20:30:00,10.965,63.0,3.4000000000000005,0.0,0.0,0.0,0.0,0.0,2.0,0.0,0.0,4.0,0.0,0.0,0.0,329.0,0.0,0.0,0.0,0.0,0.0,0.0,0.0,0.0,0.0,0.0,0.0,21.59870656073813,-194.69931555715858,23.346724807770394,-350.35256949445309,21.15820383387304,-138.83082450173607,20.99113389089262,-14.196045571085506,20.845961221799756,9.662014408883423,23.941980750123976,-40.07510799591819,20.68069426920212,-33.16741215144202,19.462287167455544,-12.127399680297515,20.3427209138205,-102.06891351900117,387.4408673263315,307.42574774696757,0.0,0.0,0.0,0.0,0.0,0.0,0.0,0.0,0.0,0.0,0.0,0.0,0.0,0.0,0.0,0.0,0.0,0.0,0.0,0.0,0.0,0.0,1.1506916051290306,0.35124896371460037,218.85391557941996,260.3341970599705,4616.491646288826,0.0,0.0,59.083135138984349,69.75302650098408,1454.9009268571977,1.7062908644254309,0.3224283568453196,345.7157256583354,411.4609214593005,7103.742430220442,0.24559552352039355,0.0464088290854863,164.2579160583562,195.46810211679594,3323.708778348355,0.0,0.0,4.753780658296154,5.663716976897952,94.32892219071067,0.0,0.0,15.44611996330906,18.15467126031315,407.42276224690297,0.0,0.0,103.83392561178877,123.75343162495234,2026.4259964197013,0.0,0.0,26.129299587352734,31.261731307970118,451.678750494893,0.0,0.0,69.88220814267055,83.38115729217194,1309.7766326043328,29.062756561205015,19.93330353992114,359.63346690181768,429.125497390023,7424.040442253019,0.0,0.0,88.8689016809743,106.3840685438534,1499.8520613603258,410.7100944552971,21.508194294154174,37.30835234332251,21.5,30.0,0.0,23.306556068742404,35.57357043979917,21.0,30.0,35.02530719351393,21.13224092944496,37.551614520412559,21.0,30.0,0.0,21.001668020728518,38.32004239961584,16.0,30.0,0.0,20.808375214301277,40.33985049743312,12.0,30.0,0.0,24.20286381352949,40.51532813539531,19.0,30.0,0.0,20.638334887202839,40.64302552611281,10.0,30.0,0.0,19.497400861930506,44.107761353578187,12.0,30.0,0.0,20.24335369806633,41.96075829413428,16.0,30.0,0.0,20.455218293049,0.0,0.0,0.0,19.27520662941501,0.0,0.0,703.9191611588185,809.9042628726717,676.2224159724547,697.0388963078594,793.1556681731952,1170.0346900985338,780.6958598586176,808.3439260037851,799.373400656137,9174.41624536048,81.93865667215269,81.93865667215269,570.0,0.0,570.0,570.0,21.0,16.0,19.0,16.0,12.0,12.0,21.0,10.0,1.0,0.0,410.7100944552971,0.0,35.02530719351393,0.0,0.0,0.0,0.0,0.0,0.0,0.0,0.0,81.93865667215269,81.93865667215269,0.34,0.6954072245202181,0.36028137401965956,81.93865667215269,0.3542647819438875,0.0,0.023148333333333334 
 04/16  20:40:00,10.843333333333334,63.666666666666667,3.4733333333333338,0.0,0.0,0.0,0.0,0.0,2.0,0.0,0.0,4.0,0.0,0.0,0.0,660.0,0.0,0.0,0.0,0.0,0.0,0.0,0.0,0.0,0.0,0.0,0.0,21.85044662882057,-96.66424096056449,23.312443685404064,-288.10328707078215,21.654355235532749,-662.5814454342985,21.117122963604957,286.6613191555789,20.869711195185365,7.916218016382203,23.955743213260356,-48.2769886570122,20.670016441484927,-1.985814499213575,19.422690968305976,-14.090139931352042,20.27843267659774,-108.99027533407662,420.044612033525,341.2478928433975,0.0,0.0,0.0,0.0,0.0,0.0,0.0,0.0,0.0,0.0,0.0,0.0,0.0,0.0,0.0,0.0,0.0,0.0,0.0,0.0,0.0,0.0,1.1676521583843039,0.3564261777729866,160.9516689382148,191.46400728371823,3551.383146652977,0.0,0.0,51.596314759097,61.006848802513278,1281.4457480133345,1.5117006527214905,0.28565771971305578,286.103669432528,340.0653243008461,6387.510150154201,0.27716718651769386,0.052374751798506,229.64667813044887,273.3769087428221,4838.274683788732,0.0,0.0,5.439299397013572,6.484858130520828,109.48928521090221,0.0,0.0,15.220527896626523,17.91468672901501,405.81318494639756,0.0,0.0,114.74348882681481,136.9048976951271,2264.1197297294459,0.0,0.0,26.553436083771574,31.80963690688118,462.24625988204329,0.0,0.0,74.17833969130622,88.63643234242,1396.7814348292155,29.812563706882224,20.447574558904138,295.309808870415,352.64728662431846,6352.5696876070619,0.0,0.0,93.20403045970758,111.75509957604678,1571.6178661852576,0.0,21.781746617275794,36.50650215565046,21.0,30.0,0.0,23.293141352437269,35.978034364660427,21.0,30.0,1180.1594400841614,21.91594777576033,35.93160854333544,21.5,30.0,0.0,21.289201596984716,37.50173975913377,16.0,30.0,0.0,20.830587541031329,40.54640870193673,12.0,30.0,0.0,24.229712248544545,40.52015972466832,19.0,30.0,0.0,20.62598970146622,40.50445583729781,10.0,30.0,0.0,19.436871363106776,44.44033394057473,12.0,30.0,0.0,20.164313899831197,42.373915921492208,16.0,30.0,0.0,20.483478046197136,0.0,0.0,0.0,19.144559132215137,0.0,0.0,692.7312942903525,829.798436550873,678.896365316939,688.2619326019972,801.0234340886377,1169.5967091500809,768.0440064044451,809.5156234559025,803.1625919766054,4209.053040447958,82.03593118010517,82.03593118010517,570.0,0.0,570.0,570.0,21.0,16.0,19.0,16.0,12.0,12.0,21.0,10.0,1.0,0.0,0.0,0.0,1180.1594400841614,0.0,0.0,0.0,0.0,0.0,0.0,0.0,0.0,82.03593118010517,82.03593118010517,0.17,0.384531582196366,0.18014068700982978,82.03593118010517,0.17713239097194376,0.0,0.023370000000000003 
 04/16  20:50:00,10.721666666666668,64.33333333333334,3.546666666666667,0.0,0.0,0.0,0.0,0.0,2.0,0.0,0.0,4.0,0.0,0.0,0.0,330.0,0.0,0.0,0.0,0.0,0.0,0.0,0.0,0.0,0.0,0.0,0.0,21.646495331599973,-88.0747529253033,23.297852017584817,-289.0602587589408,21.278186830422663,-116.30923375513339,21.182613923384858,28.22355008103432,20.893436623830877,8.03972283458694,23.957311211591337,-50.000659025705207,20.67221808408979,-16.9310709387546,19.383075107398676,-16.244821664261168,20.204424334526789,-120.7638893470239,458.9160708770478,391.63827513603158,0.0,0.0,0.0,0.0,0.0,0.0,0.0,0.0,0.0,0.0,0.0,0.0,0.0,0.0,0.0,0.0,0.0,0.0,0.0,0.0,0.0,0.0,1.1649498738332934,0.3556013045889174,157.41154328664946,186.86550601221485,3417.935631961999,0.0,0.0,51.988702616794537,61.36374421824967,1305.191863383215,1.6978161769183349,0.32082694197247466,311.15323906475626,369.96133332861145,6654.801540479639,0.2614213019258267,0.04939933898825143,194.4561182981104,231.348304053351,4177.662589799531,0.0,0.0,5.583991497658873,6.648399887909035,114.04615396534897,0.0,0.0,15.381434148249753,18.074328214018306,414.2188275728919,0.0,0.0,123.88864931714713,147.61967200184379,2476.7718618814858,0.0,0.0,27.27182682911557,32.63297997429812,478.1794784131572,0.0,0.0,81.86822064322787,97.72568322428369,1545.8919565364573,30.124165111841188,20.661292943649657,315.16690678621458,375.7351125380635,6834.941843987058,0.0,0.0,101.77226690744368,121.90986680101185,1720.1524050431549,0.0,21.554503527247719,37.40702905042262,21.0,30.0,0.0,23.30423620213098,36.63553697111999,21.0,30.0,0.0,21.303417048725863,37.50137801768523,21.0,30.0,0.0,21.374414455966538,37.23978993759947,16.0,30.0,0.0,20.854992468680533,40.76401443174294,12.0,30.0,0.0,24.240623614586704,40.66234323749927,19.0,30.0,0.0,20.633372483328345,40.7100364347646,10.0,30.0,0.0,19.374472541152487,44.724773864115679,12.0,30.0,0.0,20.06485433041564,42.71621778220592,16.0,30.0,0.0,20.559809322274288,0.0,0.0,0.0,19.037562223585565,0.0,0.0,710.2004540616017,864.8756209488852,687.6301877321323,682.9363754828173,808.8612256196989,1175.3371688617158,775.0935252864365,808.4368380127628,801.6126729420961,0.0,81.63312948811795,81.63312948811795,570.0,0.0,570.0,570.0,21.0,16.0,19.0,16.0,12.0,12.0,21.0,10.0,1.0,0.0,0.0,0.0,0.0,0.0,0.0,0.0,0.0,0.0,0.0,0.0,0.0,81.63312948811795,81.63312948811795,0.0,0.0,0.0,81.63312948811795,0.0,0.0,0.023306666666666668 
 04/16  21:00:00,10.6,65.0,3.62,0.0,0.0,0.0,0.0,0.0,2.0,0.0,0.0,4.0,0.0,0.0,0.0,330.0,0.0,0.0,0.0,0.0,0.0,0.0,0.0,0.0,0.0,0.0,0.0,21.446617583551867,-71.3214266668756,23.254303120436405,-337.0534724598099,21.198768581595453,-161.58426331738884,21.03357667868203,-22.41310531663612,20.9132697710461,8.508736538481515,23.950966844833837,-48.88822349285073,20.61332667888788,-62.26702677371077,19.352335076487465,-20.611640567839005,20.130409481715789,-145.0016229910559,438.04712107739217,423.1515503752994,0.0,0.0,0.0,0.0,0.0,0.0,0.0,0.0,0.0,0.0,0.0,0.0,0.0,0.0,0.0,0.0,0.0,0.0,0.0,0.0,0.0,0.0,1.2056001087239239,0.368009801197779,229.23052765066269,272.80457621913515,4890.99707550552,0.0,0.0,57.7771446974635,68.20218040139113,1458.6819515604098,1.5979732641153897,0.30196017840426878,346.1077041426296,411.7054509134615,7396.705972974876,0.25104539684281249,0.047438661534922977,156.18178963129385,185.73103983620838,3305.6223463046487,0.0,0.0,5.285487049102635,6.29364140406301,109.44054066221037,0.0,0.0,15.965012756716308,18.75793558597382,433.83129150234915,0.0,0.0,126.2635625668957,150.50901177281467,2528.724925290504,0.0,0.0,26.29336694252396,31.469280383243424,464.96097084571695,0.0,0.0,90.24055919639219,107.75531233311132,1707.6433235840219,30.150486683511063,20.679346147812809,358.7947292963304,427.94586938897046,7720.678185754525,0.0,0.0,110.03251619699391,131.84772899819718,1864.2377985478302,0.0,21.181504048452067,38.54874190669467,21.0,30.0,0.0,23.25274498981635,36.4120799586953,21.0,30.0,0.0,21.188404331759487,38.04972164771612,21.0,30.0,0.0,21.10421344222256,38.56540798680143,16.0,30.0,0.0,20.87572534159522,40.99853950121687,12.0,30.0,0.0,24.242293241524846,40.783544444783668,19.0,30.0,0.0,20.524429905710329,41.411733481794389,10.0,30.0,0.0,19.32539949957119,44.999320648961248,12.0,30.0,0.0,19.959828263392916,43.202299738690999,16.0,30.0,0.0,20.46409097380095,0.0,0.0,0.0,18.934091647983963,0.0,0.0,719.1268554491367,842.8257221610772,697.4365155911762,712.1449721958702,817.34503474445,1178.9165487530782,788.4199735247644,808.6404411262377,804.6472194362987,0.0,81.63312948811795,81.63312948811795,570.0,0.0,570.0,570.0,21.0,16.0,19.0,16.0,12.0,12.0,21.0,10.0,1.0,0.0,0.0,0.0,0.0,0.0,0.0,0.0,0.0,0.0,0.0,0.0,0.0,81.63312948811795,81.63312948811795,0.0,0.0,0.0,81.63312948811795,0.0,0.0,0.02324333333333333 
 04/16  21:10:00,10.483333333333335,65.16666666666667,3.6333333333333339,0.0,0.0,0.0,0.0,0.0,2.0,0.0,0.0,4.0,0.0,0.0,0.0,165.0,0.0,0.0,0.0,0.0,0.0,0.0,0.0,0.0,0.0,0.0,0.0,21.407462935885574,-121.89758586309654,23.211174988122769,-311.55282167133375,21.15151260269428,52.91074377379664,20.916511550665203,-91.29210637926099,20.933442114959037,7.768476726087641,23.94196593673758,-49.51927122044549,20.560486257064718,-43.022720746534108,19.326341679213124,-18.058776677228026,20.063904990805868,-122.90337931724662,427.04460237094647,431.6087671811256,0.0,0.0,0.0,0.0,0.0,0.0,0.0,0.0,0.0,0.0,0.0,0.0,0.0,0.0,0.0,0.0,0.0,0.0,0.0,0.0,0.0,0.0,1.1787319956295182,0.3598083014742119,217.31967667489585,257.9913191465159,4667.483538160689,0.0,0.0,56.998502250220138,67.12723846758699,1447.899636373355,1.9387978464086362,0.36636391655492009,340.24531399287437,403.6804542826774,7340.596909988999,0.24120298552367465,0.04557879545042981,149.23280935447046,177.29876119333373,3133.3103293655356,0.0,0.0,5.52602752494255,6.560280473536533,116.00505020506509,0.0,0.0,15.712884292526816,18.40418996273794,430.7058615451347,0.0,0.0,126.01453577146806,149.8547286525548,2532.9722195444826,0.0,0.0,26.536699465921758,31.678354455013474,473.65560211131239,0.0,0.0,87.24186035678589,103.93814645833668,1657.5354460671427,30.276136186103004,20.76552550487175,341.0599863522503,406.01844599888997,7400.275292667921,0.0,0.0,107.24705653407988,128.23644638184616,1815.0696152477593,0.0,21.108747549911909,37.88998994949149,21.0,30.0,0.0,23.207753949875717,36.45339035288734,21.0,30.0,0.0,21.15476483275426,39.55272311971024,21.0,30.0,0.0,20.90283891536874,38.0800198297134,16.0,30.0,0.0,20.89830278219132,41.25265402985268,12.0,30.0,0.0,24.239679314508238,40.83887694357139,19.0,30.0,0.0,20.43954206928784,41.837029502700968,10.0,30.0,0.0,19.28699177707238,45.37347013159072,12.0,30.0,0.0,19.874597380602777,43.68569784723535,16.0,30.0,0.0,20.38151714291099,0.0,0.0,0.0,18.802549898624777,0.0,0.0,675.7125900697846,837.6307577372407,765.9642937785993,662.3054284396021,826.4527042022596,1177.6544724057183,796.2686237346669,815.3974453683713,812.1568308299853,0.0,81.63312948811795,81.63312948811795,570.0,0.0,570.0,570.0,21.0,16.0,19.0,16.0,12.0,12.0,21.0,10.0,1.0,0.0,0.0,0.0,0.0,0.0,0.0,0.0,0.0,0.0,0.0,0.0,0.0,81.63312948811795,81.63312948811795,0.0,0.0,0.0,81.63312948811795,0.0,0.0,0.02318 
 04/16  21:20:00,10.366666666666668,65.33333333333334,3.646666666666667,0.0,0.0,0.0,0.0,0.0,2.0,0.0,0.0,4.0,0.0,0.0,0.0,332.0,0.0,0.0,0.0,0.0,0.0,0.0,0.0,0.0,0.0,0.0,0.0,21.780849367860797,-327.8012771992926,23.17213002653049,-330.62439048709396,21.072553254858677,-87.80637755494718,20.894129783435756,-3.7602893269677226,20.947225481025265,7.331073270145637,23.93034975819659,-49.60502499541491,20.52606483217692,-54.27180797890833,19.30534366076528,-26.39957754818198,20.01112165572013,-147.9670670999128,413.07941524453966,450.6686825706072,0.0,0.0,0.0,0.0,0.0,0.0,0.0,0.0,0.0,0.0,0.0,0.0,0.0,0.0,0.0,0.0,0.0,0.0,0.0,0.0,0.0,0.0,1.1950223550159845,0.36478093864956798,182.58172384046109,216.48280272580784,4218.812586909278,0.0,0.0,58.257198493728527,68.80114871498427,1488.1970409651813,1.745552556655198,0.3298474218925167,302.64699835095277,360.1246916691489,6506.3217147043,0.25801149050441177,0.048755005764250129,160.4379895843408,191.07733550073889,3411.7757501430698,0.0,0.0,5.40139057049325,6.426629173949806,114.73309688938244,0.0,0.0,15.803368417304034,18.565432333849317,436.45063155240089,0.0,0.0,125.21941317215803,149.28882044001564,2532.9031771543679,0.0,0.0,25.544800221155545,30.56971561277775,460.3220593063354,0.0,0.0,89.28643110454745,106.65799141073859,1705.670799860683,30.41320062126321,20.85953403378822,314.17111597735529,374.84212165603068,6883.658275775604,0.0,0.0,108.63350562649795,130.26403832766449,1837.900356645359,579.4718237285379,21.69617215208551,37.49980024179386,21.5,30.0,0.0,23.166868347741734,36.26203059744378,21.0,30.0,0.0,20.989604062843598,38.57142028336604,21.0,30.0,0.0,20.913153791189019,39.24221063406212,16.0,30.0,0.0,20.91025909053436,41.360946013237867,12.0,30.0,0.0,24.234060896444228,40.87355939505953,19.0,30.0,0.0,20.38867306949617,41.957659887203288,10.0,30.0,0.0,19.25825499511378,45.5588856142885,12.0,30.0,0.0,19.811536167343854,43.96929491099333,16.0,30.0,0.0,20.286905048842834,0.0,0.0,0.0,18.683334301488594,0.0,0.0,721.9095371251765,822.544767287522,697.3187885103644,720.5479236031455,830.1079793907805,1176.8004468920534,792.3190685796145,817.6753889147252,814.8041392003344,8355.033303736689,82.48037181213428,82.48037181213428,570.0,0.0,570.0,570.0,21.0,16.0,19.0,16.0,12.0,12.0,21.0,10.0,1.0,0.0,579.4718237285379,0.0,0.0,0.0,0.0,0.0,0.0,0.0,0.0,0.0,0.0,82.48037181213428,82.48037181213428,0.34,0.77196498694877,0.36028137401965956,82.48037181213428,0.3542647819438875,0.0,0.02343333333333333 
 04/16  21:30:00,10.25,65.5,3.66,0.0,0.0,0.0,0.0,0.0,2.0,0.0,0.0,4.0,0.0,0.0,0.0,664.0,0.0,0.0,0.0,0.0,0.0,0.0,0.0,0.0,0.0,0.0,0.0,21.797145548183445,-138.64815065829158,23.138024842558829,-302.7100890473879,21.562675787679454,-694.6978959817047,20.941816057584697,288.2732349513801,20.95983913364211,5.837149566327028,23.91087643341136,-57.89949881697302,20.525953578034028,-44.63639537989479,19.27804925142348,-31.138948047191179,19.94443157890251,-170.38722469274922,454.93028797464788,494.74155368775907,0.0,0.0,0.0,0.0,0.0,0.0,0.0,0.0,0.0,0.0,0.0,0.0,0.0,0.0,0.0,0.0,0.0,0.0,0.0,0.0,0.0,0.0,1.2127352341469507,0.3701878004111572,205.36152444194199,244.3457372821036,4694.565910741862,0.0,0.0,52.81328090533342,62.44535968891429,1358.5538176299418,1.5417986057546207,0.2913451635968672,328.9283133415444,390.7001865431638,7608.467508814878,0.29011696035315245,0.05482179900853218,230.2313678574152,273.99034848078466,5025.049395382008,0.0,0.0,5.852031214435707,6.9719047746457429,125.75170036305453,0.0,0.0,15.930055546048138,18.743214290148825,442.93300469479495,0.0,0.0,136.88420457762676,163.38798221142884,2802.317945527082,0.0,0.0,25.458340928814459,30.50931794762191,462.8342124188126,0.0,0.0,96.95411016860948,115.9711580560029,1858.9805979634496,30.927703264352567,21.212416505042918,342.1765725397366,408.2865149115428,7635.546576804959,0.0,0.0,116.21284734516078,139.54897678141936,1972.9569094440818,0.0,21.582939112994255,37.03645180151113,21.0,30.0,0.0,23.142228018736163,36.785317237894059,21.0,30.0,1115.7114453081977,21.708794078523665,36.86306175606405,21.5,30.0,0.0,21.048791739487617,38.45469115939103,16.0,30.0,0.0,20.92024159262172,41.47433828788266,12.0,30.0,0.0,24.21511164522949,40.87961299843137,19.0,30.0,0.0,20.39661459781333,41.77984908589521,10.0,30.0,0.0,19.221638351153339,45.77363541745531,12.0,30.0,0.0,19.730602390617315,44.272636942369718,16.0,30.0,0.0,20.35496831027518,0.0,0.0,0.0,18.59529703030527,0.0,0.0,686.8929294569474,848.1293886547087,692.2986090751813,696.4411407514906,833.3845196881275,1173.3340137055716,781.9867028338722,819.3989050521748,814.969541497612,6562.97788108673,82.00205393448185,82.00205393448185,570.0,0.0,570.0,570.0,21.0,16.0,19.0,16.0,12.0,12.0,21.0,10.0,1.0,0.0,0.0,0.0,1115.7114453081977,0.0,0.0,0.0,0.0,0.0,0.0,0.0,0.0,82.00205393448185,82.00205393448185,0.255,0.5762331451052564,0.27021103051474468,82.00205393448185,0.2656985864579156,0.0,0.02368666666666667 
 04/16  21:40:00,10.133333333333333,65.66666666666667,3.673333333333334,0.0,0.0,0.0,0.0,0.0,2.0,0.0,0.0,4.0,0.0,0.0,0.0,332.0,0.0,0.0,0.0,0.0,0.0,0.0,0.0,0.0,0.0,0.0,0.0,21.66094199946039,-141.9149979207159,23.117956153126504,-287.75578072250348,21.218841599855275,-128.47023185058607,21.063450455845829,19.36876829285984,20.971963682839207,5.261779054640826,23.885152900888629,-60.25285410732732,20.504957549750409,-43.56873927710558,19.24886072123497,-32.83435159643716,19.86558382164412,-172.39799454143759,474.3069816641837,530.4074594463582,0.0,0.0,0.0,0.0,0.0,0.0,0.0,0.0,0.0,0.0,0.0,0.0,0.0,0.0,0.0,0.0,0.0,0.0,0.0,0.0,0.0,0.0,1.2067217385669807,0.36835217904974995,173.17814651668966,205.55045807282256,3934.39719087727,0.0,0.0,51.90925664877338,61.28138997155094,1347.1425385334906,1.7487522966748524,0.3304520590844393,318.86269380169838,379.08640076969598,7139.432165893823,0.2765086610433091,0.05225031387817631,189.01318547027183,224.91249136942634,4234.759403445158,0.0,0.0,6.068904928740053,7.219250353089635,131.98892152552197,0.0,0.0,16.047989215580477,18.85254543819562,449.1597243108767,0.0,0.0,143.79214938561638,171.40754189377837,2970.973087548246,0.0,0.0,25.727548908577604,30.790527840084779,471.8283719087176,0.0,0.0,101.79446911487406,121.64172223113411,1955.7072024250488,31.163372339919705,21.374055102825595,324.0843333241369,386.4330296319491,7338.535597422388,0.0,0.0,121.56148740251752,145.81518416048153,2073.672081876222,0.0,21.49562712173762,37.85033846778773,21.0,30.0,0.0,23.13798208062226,37.35801326207484,21.0,30.0,0.0,21.213032025690916,38.21840201690395,21.0,30.0,0.0,21.236456472434957,37.98819060428558,16.0,30.0,0.0,20.931840778076468,41.60064827324483,12.0,30.0,0.0,24.187443325147169,41.036422716586098,19.0,30.0,0.0,20.37187725115139,41.96535177505251,10.0,30.0,0.0,19.181926204819946,45.88118627256151,12.0,30.0,0.0,19.62851244132333,44.52224223905944,16.0,30.0,0.0,20.397363345790958,0.0,0.0,0.0,18.515634284221286,0.0,0.0,717.274774818683,879.2964250009507,703.5733814400351,695.3445990896283,837.0416491771493,1177.8563978141534,785.6276255743519,815.8386077582752,810.6469968062568,0.0,81.35188083869048,81.35188083869048,570.0,0.0,570.0,570.0,21.0,16.0,19.0,16.0,12.0,12.0,21.0,10.0,1.0,0.0,0.0,0.0,0.0,0.0,0.0,0.0,0.0,0.0,0.0,0.0,0.0,81.35188083869048,81.35188083869048,0.0,0.0,0.0,81.35188083869048,0.0,0.0,0.02394 
 04/16  21:50:00,10.016666666666666,65.83333333333333,3.6866666666666667,0.0,0.0,0.0,0.0,0.0,2.0,0.0,0.0,4.0,0.0,0.0,0.0,166.0,0.0,0.0,0.0,0.0,0.0,0.0,0.0,0.0,0.0,0.0,0.0,21.64520673117572,47.44498560679858,23.085596366399366,-306.7030515899728,21.093571484776008,-214.42245745434503,20.98825839486615,66.72409523358965,20.98363370486811,7.016181532321497,23.86239808147304,-51.947840828867359,20.425386537225387,-83.95495399514403,19.223831687261837,-31.31854940592541,19.78905243844572,-175.94553380226444,418.3421116950449,574.3412252132539,0.0,0.0,0.0,0.0,0.0,0.0,0.0,0.0,0.0,0.0,0.0,0.0,0.0,0.0,0.0,0.0,0.0,0.0,0.0,0.0,0.0,0.0,1.291662544253856,0.3942803859138755,95.28905393756758,112.86877834460322,2229.4954615320559,0.0,0.0,57.49396521515509,67.70552845721609,1502.116773694363,1.5809237764749265,0.2987384309287466,189.97211409439383,225.5468821324245,4230.411787717273,0.2574213006484443,0.048643480848156509,146.4251572175489,173.71053607640827,3271.652721331551,0.0,0.0,5.436730686855044,6.449970445300016,119.70042966740367,0.0,0.0,15.97747036994171,18.7105360001459,450.42137725428037,0.0,0.0,145.18372493639846,172.71738686665726,2994.4718325892615,0.0,0.0,24.800850270071068,29.609173323528457,459.17470425433586,0.0,0.0,110.16881224734581,131.3615473191599,2120.498315768689,31.13309702677428,21.3532901418205,207.97155699354986,247.62830287911533,4889.303376943653,0.0,0.0,129.8874994941926,155.42762332324834,2233.0150962442687,0.0,21.51814791868063,38.96411959315608,21.0,30.0,0.0,23.103501512617084,37.000470932482588,21.0,30.0,62.736534519852437,21.00170325805099,37.85969178662663,21.0,30.0,0.0,21.114522680514257,39.163697397484707,16.0,30.0,0.0,20.946154275982939,41.79526983169517,12.0,30.0,0.0,24.166128826819567,41.34209791270144,19.0,30.0,0.0,20.229483822032696,42.336256328619999,10.0,30.0,0.0,19.147988611593396,45.92495057126582,12.0,30.0,0.0,19.522691879587183,44.80241302063735,16.0,30.0,0.0,20.16849277677802,0.0,0.0,0.0,18.46087129060247,0.0,0.0,773.1644980855682,856.7588485473683,663.4568850120447,737.1518457824751,844.5661277927752,1192.2184123477705,784.1697830359592,811.1665627570163,808.0052347607701,10204.921657665105,81.25719527128209,81.25719527128209,570.0,0.0,570.0,570.0,21.0,16.0,19.0,16.0,12.0,12.0,21.0,10.0,1.0,0.0,0.0,0.0,62.736534519852437,0.0,0.0,0.0,0.0,0.0,0.0,0.0,0.0,81.25719527128209,81.25719527128209,0.34,0.6190257613578795,0.36028137401965956,81.25719527128209,0.3542647819438875,0.0,0.02394 
 04/16  22:00:00,9.9,66.0,3.7,0.0,0.0,0.0,0.0,0.0,2.0,0.0,0.0,4.0,0.0,0.0,0.0,668.0,0.0,0.0,0.0,0.0,0.0,0.0,0.0,0.0,0.0,0.0,0.0,21.680856203881157,4.662939994387557,23.064462756657944,-274.1590673346395,21.687065147052758,-942.2770130503648,21.066538891863979,259.1750569607991,20.98940517122964,3.6470008130131577,23.83952110506946,-63.24567108701092,20.407307975929969,-57.596228054675979,19.20462913030513,-36.546545067640128,19.7340639675787,-193.2000583024343,515.1578964424591,560.2773387651332,0.0,0.0,0.0,0.0,0.0,0.0,0.0,0.0,0.0,0.0,0.0,0.0,0.0,0.0,0.0,0.0,0.0,0.0,0.0,0.0,0.0,0.0,1.3059484036598415,0.3986411488583155,198.8257711879181,236.62889279632456,4669.070266823704,0.0,0.0,50.649843323519387,59.880262967261057,1333.6956434191203,1.5351743826723648,0.2900934207619738,358.4625909277675,425.8496640373963,8727.525730911188,0.28329303233810668,0.0535323190359234,225.23990888544385,267.9651537058398,5174.84778385071,0.0,0.0,6.173959949568761,7.351712161956798,137.32198355762663,0.0,0.0,16.279078296126707,19.152321855296174,461.71253551739337,0.0,0.0,148.012524642862,176.71343648393879,3084.344559468546,0.0,0.0,23.633052311137548,28.321276488642597,441.9304857781613,0.0,0.0,107.90982975800577,129.16018479335239,2089.435754651159,31.685086086241748,21.731883461071168,366.73415732382036,437.96333053305997,8476.125167322549,0.0,0.0,126.61112164241968,152.13175349943504,2173.137094964323,0.0,21.560667454474286,37.957352233093839,21.0,30.0,0.0,23.098721349630368,37.22869191347236,21.0,30.0,1404.990094128254,21.94697606520989,36.40566647317783,21.5,30.0,0.0,21.29203167991043,38.0421017525905,16.0,30.0,0.0,20.94875661773665,41.84753650276745,12.0,30.0,0.0,24.145675453241226,41.33048859921855,19.0,30.0,0.0,20.224622842096449,42.57601821447667,10.0,30.0,0.0,19.128262402255304,46.097937745055308,12.0,30.0,0.0,19.467782361103159,45.128128509429128,16.0,30.0,0.0,20.4020480025472,0.0,0.0,0.0,18.331997489709396,0.0,0.0,730.5079506537793,869.3496662275427,697.7854125020922,704.5088356964063,846.0086642230497,1189.2827228574968,792.4281629738601,814.6493660013214,813.5521332492899,4638.931641536733,81.43892498332498,81.43892498332498,570.0,0.0,570.0,570.0,21.0,16.0,19.0,16.0,12.0,12.0,21.0,10.0,1.0,0.0,0.0,0.0,1404.990094128254,0.0,0.0,0.0,0.0,0.0,0.0,0.0,0.0,81.43892498332498,81.43892498332498,0.17,0.3849791423783515,0.18014068700982978,81.43892498332498,0.17713239097194376,0.0,0.02394 
 04/16  22:10:00,9.826666666666667,66.0,3.7800000000000004,0.0,0.0,0.0,0.0,0.0,2.0,0.0,0.0,4.0,0.0,0.0,0.0,334.0,0.0,0.0,0.0,0.0,0.0,0.0,0.0,0.0,0.0,0.0,0.0,21.655078781324965,-86.23177227909719,23.05637830603841,-264.29742749007667,21.22254268224512,-135.11987914672955,21.100751303504656,17.916322562469305,20.9938804792547,3.417753003705741,23.803772475896247,-64.01549123347519,20.395575343341993,-59.803788695727238,19.17696166222729,-39.368230950104308,19.659150194868869,-196.1265879860025,560.119686567883,598.5665301028521,0.0,0.0,0.0,0.0,0.0,0.0,0.0,0.0,0.0,0.0,0.0,0.0,0.0,0.0,0.0,0.0,0.0,0.0,0.0,0.0,0.0,0.0,1.2785356096157937,0.3902733851086061,210.40721771229898,249.7801294357703,4945.994295844601,0.0,0.0,50.66609208926927,59.804118335233457,1343.1424780377395,1.6594628204828528,0.3135795201214765,380.5490854713527,452.43574807486348,8728.696912364863,0.27136909415125878,0.05127911832034366,213.76374292941805,254.13651487517877,4948.5505006592479,0.0,0.0,6.366920549297129,7.571750354603095,142.625446693755,0.0,0.0,16.328075223063818,19.18946028471514,464.27546167328947,0.0,0.0,154.64967521307703,184.41388234068587,3243.849897772121,0.0,0.0,24.226820844815238,28.997785499115204,455.00688771831076,0.0,0.0,112.41256457112692,134.42262836855677,2172.9107669562138,32.00647844024402,21.95231717437862,385.83691690988516,459.84691950508559,8971.034305188721,0.0,0.0,131.85055771442513,158.26650673030975,2263.881514768853,0.0,21.518323435781853,37.84628140135665,21.0,30.0,0.0,23.11136575100049,37.64264651156731,21.0,30.0,0.0,21.191500740857579,38.08086642422727,21.0,30.0,0.0,21.322167167982117,37.93646321401779,16.0,30.0,0.0,20.95217651835943,41.95204285176115,12.0,30.0,0.0,24.103447025975613,39.95791359785774,19.0,30.0,0.0,20.21707547917591,42.59631889310096,10.0,30.0,0.0,19.092164044376817,46.34097465012418,12.0,30.0,0.0,19.372918446721746,45.511773517682659,19.0,30.0,0.0,20.50488131526204,0.0,0.0,0.0,18.257552525026598,0.0,0.0,720.9552435431726,893.7483755942309,696.0005871638427,703.5571114486304,849.2947814705983,1154.7428043987935,791.4417032774038,818.3375357834143,816.7355812872704,0.0,81.00759044722502,81.00759044722502,570.0,0.0,570.0,570.0,21.0,16.0,19.0,19.0,12.0,12.0,21.0,10.0,1.0,0.0,0.0,0.0,0.0,0.0,0.0,0.0,0.0,0.0,0.0,0.0,0.0,81.00759044722502,81.00759044722502,0.0,0.0,0.0,81.00759044722502,0.0,0.0,0.02394 
 04/16  22:20:00,9.753333333333334,66.0,3.8600000000000005,0.0,0.0,0.0,0.0,0.0,2.0,0.0,0.0,4.0,0.0,0.0,0.0,503.0,0.0,0.0,0.0,0.0,0.0,0.0,0.0,0.0,0.0,0.0,0.0,21.882265406243368,-464.37941323191168,23.0313882175926,-299.6620062883097,21.23441898599276,41.84002428794639,20.964555386612447,-1.2217380111356598,20.99687777847358,3.0545534492134238,23.774281580692617,-63.757903631365568,20.363302947223738,-68.16258743142466,19.15385667450441,-41.05290339899146,19.597040289806558,-205.37969787425687,458.96777993742986,624.8002720541357,0.0,0.0,0.0,0.0,0.0,0.0,0.0,0.0,0.0,0.0,0.0,0.0,0.0,0.0,0.0,0.0,0.0,0.0,0.0,0.0,0.0,0.0,1.228136886764725,0.3748891595740918,185.18392591612258,219.7455997727565,4491.613914684029,0.0,0.0,52.34422587982857,61.860575225115528,1392.677206194849,1.8546460923428119,0.3504622245545752,224.6706102398922,267.20131183312699,5246.813949127054,0.27735187000702368,0.05240965041704902,89.43918440284453,106.5488227966393,2043.2947002366287,0.0,0.0,6.381039073422787,7.5944861912471739,143.90767901374682,0.0,0.0,16.232484463079574,19.102993142794309,462.8901163452358,0.0,0.0,160.35339819492953,191.40793051513777,3372.685171808209,0.0,0.0,24.066567154262775,28.834913956980054,454.173200022325,0.0,0.0,117.76584221679869,140.99024861025274,2275.9060574319867,32.188211145415298,22.07696237682805,234.8898719975029,280.45596444211858,5605.047722550655,0.0,0.0,137.31673246934603,165.0181405549285,2361.180797701989,720.2644747913113,21.779888103972973,37.19976468311127,21.666666666666658,29.99999999999999,0.0,23.086567725476777,37.460706180097009,20.999999999999994,29.99999999999999,0.0,21.26954600308624,38.44888676769375,20.999999999999994,29.99999999999999,0.0,21.082814474656339,38.87613763827023,15.999999999999993,29.99999999999999,0.0,20.955379605907429,41.98081761816108,11.999999999999995,29.99999999999999,0.0,24.072167204962346,38.90319791908152,18.999999999999994,29.99999999999999,0.0,20.17100278465606,42.81649200740664,9.999999999999997,29.99999999999999,0.0,19.06347846427073,46.428076716062168,11.999999999999995,29.99999999999999,0.0,19.295710663701425,45.681110182339619,18.999999999999994,29.99999999999999,0.0,20.138104092954984,0.0,0.0,0.0,18.196028798836385,0.0,0.0,720.285719237288,882.6047396516435,723.1002591475588,721.5652157063258,851.3845076032885,1131.6034509775869,795.2821179576304,818.3112459646729,815.170122492779,9869.595816411314,81.4789568563136,81.4789568563136,569.9999999999998,0.0,569.9999999999998,569.9999999999998,21.0,16.0,19.0,19.0,12.0,12.0,21.0,10.0,1.0,0.0,720.2644747913113,0.0,0.0,0.0,0.0,0.0,0.0,0.0,0.0,0.0,0.0,81.4789568563136,81.4789568563136,0.3399999999999999,0.7215383837077194,0.36028137401965945,81.4789568563136,0.35426478194388735,0.0,0.024066666666666675 
 04/16  22:30:00,9.68,66.0,3.94,0.0,0.0,0.0,0.0,0.0,2.0,0.0,0.0,4.0,0.0,0.0,0.0,672.0,0.0,0.0,0.0,0.0,0.0,0.0,0.0,0.0,0.0,0.0,0.0,21.654947460327258,-292.8951517293451,22.989839871980707,-320.14125346224628,21.23173820875831,-41.52796874812725,20.93580491049744,78.90861721870647,20.997984161935276,3.3507403630618315,23.74086699565201,-63.482662197999989,20.33928647660086,-98.13518801199575,19.12966079829244,-41.58805070744444,19.530923964528598,-214.39009900291809,408.38507270086759,656.1095022054396,0.0,0.0,0.0,0.0,0.0,0.0,0.0,0.0,0.0,0.0,0.0,0.0,0.0,0.0,0.0,0.0,0.0,0.0,0.0,0.0,0.0,0.0,1.2739064268564413,0.38886032565825437,160.622585427105,191.20366228159396,3821.4139108773986,0.0,0.0,52.67173378863937,62.273103632934219,1403.9838795016372,1.6149163946153296,0.3051618281586036,161.99779744394639,192.86667943132296,3817.671524469617,0.2792677103761817,0.05277167618597536,161.0486136415022,191.81125796987139,3689.8475670781365,0.0,0.0,6.351843296821198,7.564954838181849,144.18117021098863,0.0,0.0,16.198221252909148,19.077819222260027,463.1573790201078,0.0,0.0,164.5696394836428,196.57818268367624,3473.3359884402627,0.0,0.0,23.369887321875657,28.01874525914294,443.22614893114516,0.0,0.0,123.32294382228588,147.75183795743744,2382.8018287845118,32.50925778821326,22.297158976826663,176.00567114977609,210.54015618064339,4307.447231518108,0.0,0.0,142.68402920885206,171.58454272113989,2458.2721180483988,0.0,21.41208214466984,37.93797918967045,21.0,30.0,0.0,23.03692557300544,37.54888230622731,21.0,30.0,0.0,21.295695584682468,38.14176921683034,21.0,30.0,0.0,21.064602279734147,39.08361772500854,16.0,30.0,0.0,20.955897502451923,41.93233275411268,12.0,30.0,0.0,24.03676922855999,38.17527708516613,19.0,30.0,0.0,20.133169139092858,42.703629223148038,10.0,30.0,0.0,19.03608663174455,46.40446322250682,12.0,30.0,0.0,19.218228241336055,45.761466953829017,19.0,30.0,0.0,19.91489465339622,0.0,0.0,0.0,18.137840721553247,0.0,0.0,717.7052135698433,884.0271158006074,713.8938536211856,730.9306052467115,851.0856652923221,1113.5864180628824,787.8750301886679,815.6880274284016,811.6257158174203,0.0,81.7959648920207,81.7959648920207,570.0,0.0,570.0,570.0,21.0,16.0,19.0,19.0,12.0,12.0,21.0,10.0,1.0,0.0,0.0,0.0,0.0,0.0,0.0,0.0,0.0,0.0,0.0,0.0,0.0,81.7959648920207,81.7959648920207,0.0,0.0,0.0,81.7959648920207,0.0,0.0,0.02419333333333333 
 04/16  22:40:00,9.606666666666668,66.0,4.02,0.0,0.0,0.0,0.0,0.0,2.0,0.0,0.0,0.0,0.0,0.0,0.0,1182.0,0.0,0.0,0.0,0.0,0.0,0.0,0.0,0.0,0.0,0.0,0.0,21.882252905404866,-4.432704804805194,22.491688133412326,-982.5386376462827,21.23621213752475,175.26416697037775,20.92108012101383,71.87909964993036,20.993989931098754,-5.276015510996405,23.59970317472908,-90.19732727619295,20.309112505879669,-54.99200794783251,19.10722114424214,-44.215741908097559,19.470061208416867,-220.69734545229196,507.5772256331421,675.8116044888906,0.0,0.0,0.0,0.0,0.0,0.0,0.0,0.0,0.0,0.0,0.0,0.0,0.0,0.0,0.0,0.0,0.0,0.0,0.0,0.0,0.0,0.0,1.0625402998703753,0.32434075087618327,301.7699452165943,358.81354896624347,7421.967921659937,0.13373801898722965,0.02041178555971152,234.50055275679683,278.5874029905375,5925.78040953988,1.5215476452786155,0.2875184514887789,221.9570104553163,264.2560592805664,5262.109974796059,0.28692994101249127,0.05421956557303316,177.39458024752055,211.33960708890573,4085.4020526666056,0.0,0.0,6.720234775700118,8.00789715607342,153.4244913247834,0.0,0.0,15.68309884674673,18.495688867357317,446.01096556424417,0.0,0.0,177.3949314671298,212.0134307533983,3761.48937027296,0.0,0.0,23.68967462166573,28.4194227055099,451.5804456132164,0.0,0.0,128.12684144685367,153.6298083915505,2475.8545222101467,32.950671924135459,22.59991215647154,269.1060959765496,321.8329687660851,6444.449856975646,0.0,0.0,147.71616139515133,177.76616390638126,2550.2950432374298,130.438176044958,21.83234748921496,37.360589860311758,21.285714285714307,30.000000000000033,0.0,22.153120766044414,36.05711575074217,12.000000000000015,30.000000000000033,0.0,21.341113955193266,38.548935032082187,21.00000000000002,30.000000000000033,0.0,21.051551321895937,39.35386591917853,16.000000000000019,30.000000000000033,0.0,20.94802552057501,41.8041102748326,12.000000000000015,30.000000000000033,0.0,23.87851671069107,37.723744625071329,12.000000000000015,30.000000000000033,0.0,20.108094998202224,42.73116224953691,10.00000000000001,30.000000000000033,0.0,19.01033702303718,46.33378142763831,12.000000000000015,30.000000000000033,0.0,19.144207862194486,45.82794928162509,19.00000000000002,30.000000000000033,0.0,20.160714515233896,0.0,0.0,0.0,18.081007016480464,0.0,0.0,738.9371660596339,710.7093606010778,740.5020210003438,744.8960684813305,846.6278975271324,1087.251490421223,789.5197941761421,812.6214811672529,809.2721113420349,4189.490731032013,81.42801397070949,81.42801397070949,60.000000000000067,0.0,60.000000000000067,60.000000000000067,12.0,16.0,12.0,19.0,12.0,12.0,21.0,10.0,1.0,0.0,130.438176044958,0.0,0.0,0.0,0.0,0.0,0.0,0.0,0.0,0.0,0.0,81.42801397070949,81.42801397070949,0.14571428571428583,0.3088914539294896,0.15440630315128277,81.42801397070949,0.1518277636902376,0.0,0.0025599999999999995 
 04/16  22:50:00,9.533333333333335,66.0,4.1,0.0,0.0,0.0,0.0,0.0,2.0,0.0,0.0,0.0,0.0,0.0,0.0,338.0,0.0,0.0,0.0,0.0,0.0,0.0,0.0,0.0,0.0,0.0,0.0,21.630811169648376,-173.94227270190778,22.11441247483267,-302.4466256413646,21.2307602248668,-51.41741112071804,20.920205158839907,98.67390044208469,20.982163295039123,-6.616327507550807,23.415376399502664,-91.33340463102661,20.29349695275088,-79.35502175178908,19.08077458395586,-43.540412660188568,19.4022005261405,-216.42883067764297,478.18405210895528,701.5452589741162,0.0,0.0,0.0,0.0,0.0,0.0,0.0,0.0,0.0,0.0,0.0,0.0,0.0,0.0,0.0,0.0,0.0,0.0,0.0,0.0,0.0,0.0,1.1428761188857176,0.3488632841531494,198.34174775034564,235.83400999823199,4778.47473954149,0.1920251539533402,0.029307868429996978,103.20765540390025,122.80398755765845,2505.091006288779,1.2945426436070849,0.2446225705984666,211.0520531341047,250.86023116348884,5034.066545034089,0.2809937030188986,0.053097827479005769,196.09194448651236,233.21256481032533,4552.18893458395,0.0,0.0,6.6173416600313559,7.872538327986055,151.84789613244394,0.0,0.0,15.326071300587716,18.05950524453806,430.6515646133457,0.0,0.0,181.27740186721017,216.3042009505892,3864.514439082647,0.0,0.0,23.281951031547707,27.88512727715752,446.0226164435448,0.0,0.0,132.07004441626106,158.12394137349146,2551.5602474609197,33.252558919779108,22.80696770903917,220.82811408813383,263.7060695284132,5364.27383449515,0.0,0.0,151.61448173402057,182.16645057481825,2628.7162393774026,0.0,21.41090264010535,37.705879187693437,21.0,30.0,0.0,21.664029645120594,37.01823758976337,12.0,30.0,0.0,21.33471426716838,38.17192936596582,21.0,30.0,0.0,21.068404492974407,39.19654065652865,16.0,30.0,0.0,20.928748441925359,41.53801395806079,12.0,30.0,0.0,23.618409886247308,37.2530833452678,12.0,30.0,0.0,20.08862966892173,42.627132427393508,10.0,30.0,0.0,18.980266764761539,46.2672619035758,12.0,30.0,0.0,19.063583480944695,45.91945707765958,19.0,30.0,0.0,20.00866547736404,0.0,0.0,0.0,18.040107218628977,0.0,0.0,711.1249648872338,705.9401479276332,724.1734972516488,740.9558962118487,834.6238932126231,1047.9866859760523,784.4512754674465,809.6421067697432,806.1995840791699,0.0,81.34312159002846,81.34312159002846,60.0,0.0,60.0,60.0,12.0,16.0,12.0,19.0,12.0,12.0,21.0,10.0,1.0,0.0,0.0,0.0,0.0,0.0,0.0,0.0,0.0,0.0,0.0,0.0,0.0,81.34312159002846,81.34312159002846,0.0,0.0,0.0,81.34312159002846,0.0,0.0,0.002563333333333333 
 04/16  23:00:00,9.46,66.0,4.18,0.0,0.0,0.0,0.0,0.0,2.0,0.0,0.0,0.0,0.0,0.0,0.0,339.0,0.0,0.0,0.0,0.0,0.0,0.0,0.0,0.0,0.0,0.0,0.0,21.69167406505337,-468.9964218194564,22.02744411529268,-389.6623252902277,21.108655228163394,-125.539946304149,20.883677202939319,25.431209716539344,20.971505362529798,-7.470920746963941,23.287269805986527,-88.53367843834309,20.218029981443629,-113.19240100335583,19.059007962936208,-43.52169612593542,19.351746723536349,-230.508833969252,558.1399852608092,668.2140382388625,0.0,0.0,0.0,0.0,0.0,0.0,0.0,0.0,0.0,0.0,0.0,0.0,0.0,0.0,0.0,0.0,0.0,0.0,0.0,0.0,0.0,0.0,1.2110508059563936,0.36967362819181739,330.9501194057906,393.15956993062277,8031.393575397223,0.19948452360462666,0.030446355861512007,210.705170100161,250.09559009956153,5109.486699452707,1.219581777587711,0.2304576299296507,163.09135067075406,193.95140105195925,3843.5857186324976,0.2532322111852875,0.04785189175836874,137.24293718307164,163.3108385591567,3190.9140633705567,0.0,0.0,6.483179469742928,7.7144405241459979,149.53223039097939,0.0,0.0,14.810873464777968,17.464087724970484,413.447027539456,0.0,0.0,172.58503613341265,206.04776666278833,3664.3989119465998,0.0,0.0,20.943092388606318,25.086898555373499,403.39846317987618,0.0,0.0,128.52320867909126,153.9194393104737,2487.905723570854,33.368879158862188,22.88674839428134,348.0760393333676,415.132138945609,8284.727431771786,0.0,0.0,146.60050803362169,176.22538574479646,2530.2562042353868,595.4831128641818,21.50665310419092,37.09259267637553,21.5,30.0,0.0,21.596891726926715,36.81608750338748,12.0,30.0,25.256967963864097,21.118016982742974,37.960569596034648,21.0,30.0,0.0,21.006605845734037,38.72514614526604,16.0,30.0,0.0,20.91335699232708,41.261490442013,12.0,30.0,0.0,23.44530910868812,37.04083722829089,12.0,30.0,0.0,19.967318570229915,42.52832464473222,10.0,30.0,0.0,18.95754320911089,46.05265170572352,12.0,30.0,24.037713940294993,19.00672189260134,45.70163125209173,19.0,30.0,0.0,20.231642511524869,0.0,0.0,0.0,17.92399872173641,0.0,0.0,695.3114558044784,692.1376318855962,694.517177443782,715.5661121874573,822.4972654324331,1030.3886883311485,770.7902607061981,801.8201529344773,795.1810934478019,7297.909033433998,83.17927609682397,83.17927609682397,60.0,0.0,60.0,60.0,12.0,16.0,12.0,19.0,12.0,12.0,21.0,10.0,1.0,0.0,595.4831128641818,0.0,25.256967963864097,0.0,0.0,0.0,0.0,24.037713940294993,0.0,0.0,0.0,83.17927609682397,83.17927609682397,0.34,0.6937799164888912,0.36028137401965956,83.17927609682397,0.3542647819438875,0.0,0.0025666666666666669 
 04/16  23:10:00,9.39,66.16666666666667,4.238333333333333,0.0,0.0,0.0,0.0,0.0,2.0,0.0,0.0,0.0,0.0,0.0,0.0,850.0,0.0,0.0,0.0,0.0,0.0,0.0,0.0,0.0,0.0,0.0,0.0,21.61856261918031,-319.9517751782147,21.851278397832126,-280.1010670981385,21.054333593908987,47.15950161605923,20.83001820069461,5.585800947865755,20.962434638013634,-8.798530009785573,23.17861348586289,-88.40623376841863,20.17744626509353,-85.19929278615601,19.035781823926827,-45.12792516642608,19.300906441564235,-230.04782810146717,462.4533857082366,674.7728952173417,0.0,0.0,0.0,0.0,0.0,0.0,0.0,0.0,0.0,0.0,0.0,0.0,0.0,0.0,0.0,0.0,0.0,0.0,0.0,0.0,0.0,0.0,1.1663266019796528,0.3560215512758403,228.88329267176776,272.6133168676631,5510.838720869858,0.2060830845851982,0.03145346223827812,135.7688607072522,161.58215162528766,3275.7377346163186,1.268684744670606,0.23973634630963845,157.67679478612843,187.9416094776953,3731.3068949987689,0.25837299763897639,0.04882331777002576,110.37467108080311,131.53612142206382,2566.053474642369,0.0,0.0,6.480373208096867,7.722725794196226,150.21663380665394,0.0,0.0,14.736152662906197,17.41206848747744,410.0040725862754,0.0,0.0,174.57244478052776,208.76230722866618,3714.4130512862827,0.0,0.0,20.978834579283878,25.170515508185355,406.04206582648416,0.0,0.0,128.2006841610236,153.79791693784169,2486.1493759532306,33.5927935057275,23.040324763873465,212.05540373298096,253.7531320417973,5232.371835332828,0.0,0.0,146.31244789705904,176.19413134467247,2525.557201531685,0.0,21.331074257520777,36.968808828730178,21.0,30.0,0.0,21.394897828748947,36.695118078965709,12.000000000000002,30.0,0.0,21.07353173897165,37.794361168416177,22.0,30.0,0.0,20.931488655129713,38.463263663826129,12.000000000000002,30.0,0.0,20.9034999484225,40.9873483470719,12.000000000000002,30.0,0.0,23.327166288702164,36.83059268976254,12.000000000000002,30.0,0.0,19.921203337576978,42.27727577099326,10.0,30.0,0.0,18.935412635893515,45.84175101996733,12.000000000000002,30.0,0.0,18.95491117983267,45.51329592053525,20.0,30.0,0.0,19.893825150158937,0.0,0.0,0.0,17.85594977731648,0.0,0.0,675.0722219161473,669.3499206340609,684.6603916526528,698.4655422743826,811.3377150356125,1015.9416905739802,758.2724526449449,793.8361002463518,784.8727653842899,0.0,82.45049817663328,82.45049817663328,60.0,0.0,60.0,60.0,12.0,12.0,12.0,19.0,12.0,12.0,21.0,10.0,0.0,0.0,0.0,0.0,0.0,0.0,0.0,0.0,0.0,0.0,0.0,0.0,0.0,82.45049817663328,82.45049817663328,0.0,0.0,0.0,82.45049817663328,0.0,0.0,0.0025700000000000004 
 04/16  23:20:00,9.32,66.33333333333334,4.296666666666667,0.0,0.0,0.0,0.0,0.0,2.0,0.0,0.0,0.0,0.0,0.0,0.0,170.0,0.0,0.0,0.0,0.0,0.0,0.0,0.0,0.0,0.0,0.0,0.0,21.466703855452928,-114.12174780658552,21.69038417809029,-356.0303544185008,21.025802397596416,-9.473249515231146,20.774062565221138,29.907173033757318,20.949015191322304,-8.589005480225353,23.057561634638753,-84.698633891609,20.121867358407085,-95.38288350287803,19.009707750297829,-42.91911595413876,19.235728722120159,-217.7024431585296,365.9203179495371,682.4907407662158,0.0,0.0,0.0,0.0,0.0,0.0,0.0,0.0,0.0,0.0,0.0,0.0,0.0,0.0,0.0,0.0,0.0,0.0,0.0,0.0,0.0,0.0,1.1887641044775493,0.3628706057623777,154.24102168615873,183.0752382154775,3686.8701771103994,0.21362021938401933,0.03260381858730454,112.4553888837738,133.47263839061425,2681.3746839409207,1.223602512879894,0.2312174060619604,121.42241686177926,144.15376902373508,2889.343992077133,0.2536308710613936,0.04792722431243264,130.40628612707145,154.90232624680918,3030.541007242706,0.0,0.0,6.316515320906546,7.49775239344662,147.1743374095123,0.0,0.0,14.625430010093674,17.221070568795363,404.699744052534,0.0,0.0,172.46968459538867,205.5028604101743,3670.1619913548208,0.0,0.0,19.984227433320095,23.88419582798557,388.69173325571696,0.0,0.0,128.38423601635064,153.46395586733866,2488.386583913924,33.74641620489162,23.145690126811816,128.11615307566476,152.93902972133643,3321.7937143832484,0.0,0.0,145.98643079833605,175.1655237408124,2520.994429140188,0.0,21.1242911511913,36.9159934117497,21.0,30.0,0.0,21.165030818914326,36.43449017442919,12.0,30.0,0.0,21.04014699314041,37.35520999714891,22.0,30.0,0.0,20.85127200056792,38.22819564831847,12.0,30.0,0.0,20.886051506464939,40.52341303868318,12.0,30.0,0.0,23.165848061644114,36.463504029817048,12.0,30.0,0.0,19.84443322117861,42.11750296284351,10.0,30.0,0.0,18.906365109211789,45.436872180035319,12.0,30.0,0.0,18.871915155245028,45.32108869770123,20.0,30.0,0.0,19.485370510867573,0.0,0.0,0.0,17.782924616084924,0.0,0.0,654.8996434166725,638.6932223328473,665.0906251988257,682.6106852482911,792.0979368368542,993.751221443422,746.262108662805,779.0064023471653,771.7578588778946,0.0,82.45049817663326,82.45049817663326,60.0,0.0,60.0,60.0,12.0,12.0,12.0,19.0,12.0,12.0,21.0,10.0,0.0,0.0,0.0,0.0,0.0,0.0,0.0,0.0,0.0,0.0,0.0,0.0,0.0,82.45049817663326,82.45049817663326,0.0,0.0,0.0,82.45049817663326,0.0,0.0,0.00258 
 04/16  23:30:00,9.25,66.5,4.355,0.0,0.0,0.0,0.0,0.0,2.0,0.0,0.0,0.0,0.0,0.0,0.0,340.0,0.0,0.0,0.0,0.0,0.0,0.0,0.0,0.0,0.0,0.0,0.0,21.367932117342727,-123.47121261019902,21.62230297527907,-340.97270516370716,20.929305123693859,-137.24562860421885,20.73719467386097,11.89926833968093,20.93848939173953,-8.615059490077698,22.979031193292827,-83.15717257647145,20.070814108589759,-117.39474720749058,18.98928529019446,-43.39299727270782,19.187899112707585,-230.98801638391798,413.4308715379816,680.2193215462585,0.0,0.0,0.0,0.0,0.0,0.0,0.0,0.0,0.0,0.0,0.0,0.0,0.0,0.0,0.0,0.0,0.0,0.0,0.0,0.0,0.0,0.0,1.2118450091070244,0.3699160589459781,156.11926699257158,185.66861801026676,3722.287849404058,0.20801218125283989,0.0317478909116056,106.93402065517164,127.02111970344429,2532.810147721162,1.1942188048164265,0.22566492910363318,94.96254104573053,113.13441833557974,2249.3557781330348,0.2422550190294226,0.04577759240918793,100.03738117037848,119.20461910341452,2331.538892116406,0.0,0.0,6.379444386762986,7.591519585650994,149.35349988085143,0.0,0.0,14.513654764520212,17.138157499327776,401.3418242659437,0.0,0.0,169.8447501196007,202.9218533607881,3613.5693304504236,0.0,0.0,18.8443761905803,22.580031911036529,368.4191863104054,0.0,0.0,128.47091054109087,153.97170136333006,2494.862958223286,33.922172797749997,23.266236486796989,165.57410038753216,197.90944581111729,4169.829345959784,0.0,0.0,145.52293823861994,175.08174718361574,2511.542789245344,0.0,20.98749712540165,36.89304707449058,21.0,30.0,0.0,21.133538911481339,36.330630122225809,12.0,30.0,0.0,20.876743838821164,37.237223785696048,22.0,30.0,0.0,20.807655761809266,37.912484657399478,12.0,30.0,0.0,20.87610084479168,40.26975655418427,12.0,30.0,0.0,23.08915583149833,36.28610879611158,12.0,30.0,0.0,19.773662071347496,42.01950683436054,10.0,30.0,0.0,18.889516270832226,45.24593047263789,12.0,30.0,0.0,18.822661449723197,45.17422464003492,20.0,30.0,0.0,19.579709239070497,0.0,0.0,0.0,17.70934912423043,0.0,0.0,642.3341153728054,632.588402033891,646.4802289424379,666.9637631658613,781.5909140395875,983.2050526761223,737.3425552217118,771.7383801378118,762.9985342614718,0.0,82.45049817663326,82.45049817663326,60.0,0.0,60.0,60.0,12.0,12.0,12.0,19.0,12.0,12.0,21.0,10.0,0.0,0.0,0.0,0.0,0.0,0.0,0.0,0.0,0.0,0.0,0.0,0.0,0.0,82.45049817663326,82.45049817663326,0.0,0.0,0.0,82.45049817663326,0.0,0.0,0.00259 
 04/16  23:40:00,9.18,66.66666666666667,4.413333333333333,0.0,0.0,0.0,0.0,0.0,2.0,0.0,0.0,0.0,0.0,0.0,0.0,510.0,0.0,0.0,0.0,0.0,0.0,0.0,0.0,0.0,0.0,0.0,0.0,21.279208964212047,-202.50804891354907,21.495000320513584,-289.42368541219676,20.869536076120658,-124.5247180823903,20.685243302597308,-0.9379436779734847,20.925402022427613,-9.862530343827613,22.89789661428039,-84.05016747398504,20.020598833685328,-116.54276373805723,18.96686218769338,-43.12129301036444,19.133710936513109,-238.42764518389067,436.300948920731,672.93535721871,0.0,0.0,0.0,0.0,0.0,0.0,0.0,0.0,0.0,0.0,0.0,0.0,0.0,0.0,0.0,0.0,0.0,0.0,0.0,0.0,0.0,0.0,1.200899376112678,0.3665749011332964,225.26717083260463,268.2928582836231,5303.456770037868,0.21298863219694975,0.03250742249648198,134.49028295307938,160.12718872975936,3190.5280703420637,1.1897469198116855,0.22481990170288869,135.3659463264892,161.24685316579929,3185.0219324686988,0.23764038147621897,0.044905589848113967,83.5404514319203,99.55086464630085,1946.956470662069,0.0,0.0,6.4637449260278398,7.698670445928414,152.04396630392996,0.0,0.0,14.442666536519776,17.07432330959547,398.99672381793479,0.0,0.0,167.7186608886447,200.58827424269388,3570.948231520276,0.0,0.0,17.90878014322679,21.478435766201103,351.89992901348469,0.0,0.0,127.59548480562923,153.07680654499527,2480.3699324217825,34.11281622434366,23.396993295160287,215.0275122485651,256.9740014978891,5292.34197783779,0.0,0.0,143.59633930955128,172.9532679261242,2474.5983736663995,0.0,20.859068166875646,36.768340929251767,21.33333333333335,30.00000000000002,0.0,20.984699851487635,36.38348722879081,12.00000000000001,30.00000000000002,0.0,20.805282501559899,37.0582174134989,22.000000000000019,30.00000000000002,0.0,20.737462366437364,37.73425918930463,12.00000000000001,30.00000000000002,0.0,20.862771464473803,39.94779684338966,12.00000000000001,30.00000000000002,0.0,23.004361018730454,36.08903659941694,12.00000000000001,30.00000000000002,0.0,19.710848830505726,41.78940513399624,10.000000000000007,30.00000000000002,0.0,18.869388714977306,45.003271773942199,12.00000000000001,30.00000000000002,0.0,18.762102450284109,44.99226367548104,20.000000000000015,30.00000000000002,0.0,19.614061886563627,0.0,0.0,0.0,17.62570217346679,0.0,0.0,627.2573526526537,622.7380182993568,633.9340341024515,654.7480443177904,768.2479581001178,971.4991773987083,724.2414657488873,762.6335353411014,752.354359596721,0.0,82.45049817663332,82.45049817663332,60.00000000000004,0.0,60.00000000000004,60.00000000000004,12.0,12.0,12.0,19.0,12.0,12.0,21.0,10.0,0.0,0.0,0.0,0.0,0.0,0.0,0.0,0.0,0.0,0.0,0.0,0.0,0.0,82.45049817663332,82.45049817663332,0.0,0.0,0.0,82.45049817663332,0.0,0.0,0.0026000000000000005 
 04/16  23:50:00,9.11,66.83333333333333,4.471666666666667,0.0,0.0,0.0,0.0,0.0,2.0,0.0,0.0,0.0,0.0,0.0,0.0,340.0,0.0,0.0,0.0,0.0,0.0,0.0,0.0,0.0,0.0,0.0,0.0,21.154086800017397,-261.5161641722234,21.444351031048279,-156.65174759843365,20.814808453144744,13.021750625427785,20.631193270703699,-16.427839449466349,20.909041602682799,-11.008895076019599,22.813090707356026,-84.54443282835837,19.972890554530168,-103.7409795876556,18.942473315341276,-43.1369081241038,19.07560033157666,-236.66691412496585,341.3499945483684,673.4340249155885,0.0,0.0,0.0,0.0,0.0,0.0,0.0,0.0,0.0,0.0,0.0,0.0,0.0,0.0,0.0,0.0,0.0,0.0,0.0,0.0,0.0,0.0,1.2010590505748109,0.3666236418116028,161.87740039988837,192.82438136549579,3770.75257571003,0.21962725896634967,0.033520643920383039,81.53347247523362,97.16708183909515,1943.162780364625,1.2043622892424102,0.22758168730960139,94.34826293784457,112.32038312414784,2237.812896455854,0.23929252646516609,0.045217786558043458,34.51761170501709,41.19176609239336,808.5825734479129,0.0,0.0,6.5381420500226599,7.781670506916234,154.4989963302928,0.0,0.0,14.385628933563489,16.99893111153724,396.8996339132856,0.0,0.0,168.42904871855417,201.3067384037039,3591.8347042118368,0.0,0.0,17.593137328521743,21.083099012168945,347.4105920591358,0.0,0.0,127.46879029798355,152.840157063912,2479.319442179319,34.316065829240489,23.536396316351508,117.07825377435074,140.0921974255661,3115.0386548391845,0.0,0.0,142.87193489711278,171.99017018504336,2461.4709859318129,0.0,20.67812764543493,36.674911954426708,22.0,30.0,0.0,20.971519973677066,36.09272877600099,12.0,30.0,0.0,20.747602511026704,37.04120457543024,22.0,30.0,0.0,20.663492095350873,37.74682052072195,12.0,30.0,0.0,20.844900009469119,39.57992226275256,12.0,30.0,0.0,22.910798793979845,35.88803347579096,12.0,30.0,0.0,19.655476830123793,41.67568057578269,10.0,30.0,0.0,18.846060715362424,44.71091079046605,12.0,30.0,0.0,18.694655129308989,44.826383495707577,20.0,30.0,0.0,19.25810544770053,0.0,0.0,0.0,17.55072431976602,0.0,0.0,609.3296440948382,611.0830125017158,629.2162438350115,650.1771426665462,752.7350994254694,959.267095301372,715.7845063790098,751.7436564325203,741.5838503286002,0.0,82.45049817663326,82.45049817663326,60.0,0.0,60.0,60.0,12.0,12.0,12.0,19.0,12.0,12.0,21.0,10.0,0.0,0.0,0.0,0.0,0.0,0.0,0.0,0.0,0.0,0.0,0.0,0.0,0.0,82.45049817663326,82.45049817663326,0.0,0.0,0.0,82.45049817663326,0.0,0.0,0.002606666666666667 
 04/16  24:00:00,9.04,67.0,4.53,0.0,0.0,0.0,0.0,0.0,2.0,0.0,0.0,0.0,0.0,0.0,0.0,340.0,0.0,0.0,0.0,0.0,0.0,0.0,0.0,0.0,0.0,0.0,0.0,21.01663813874911,-79.77280903629071,21.422481008891056,-329.3707743083619,20.730509986841047,-216.40979538932698,20.515111026730759,-80.67704304707968,20.890135180610675,-11.563112466607834,22.734160045457196,-81.82735506338998,19.918362422680656,-138.17698448725879,18.918545315326523,-41.50993742856309,19.01582618724222,-254.48599020818166,534.1640391008168,661.8960360564779,0.0,0.0,0.0,0.0,0.0,0.0,0.0,0.0,0.0,0.0,0.0,0.0,0.0,0.0,0.0,0.0,0.0,0.0,0.0,0.0,0.0,0.0,1.1853599754616067,0.36183149434114977,413.75968046827065,493.20222351146369,9593.356330593124,0.19229608745538535,0.02934921969709789,222.91590071457444,265.189432343748,5334.109735795671,1.1786384426814296,0.22272079415748864,353.2518556295838,421.03767957999676,8252.812289572226,0.2320665621456538,0.043852336006359359,183.17243304970669,218.40399256584227,4220.292935020167,0.0,0.0,6.675002765273657,7.945732908962423,158.39348875206736,0.0,0.0,14.391130125242498,17.010140543863174,396.75953636298268,0.0,0.0,162.8848148467126,194.75158997196037,3473.7378731633268,0.0,0.0,15.958718307686969,19.128329913152116,316.7083177867321,0.0,0.0,127.54032300714658,152.96053174119673,2480.6554461856919,34.4311290863306,23.615314874026486,552.4412242801767,660.1579012596718,12756.429400281335,0.0,0.0,141.2346444853289,170.06857879057854,2428.2575385310158,0.0,20.501483860333125,36.99840371201064,22.0,30.0,0.0,20.985776775560983,35.73461346427007,12.0,30.0,0.0,20.607309631043504,36.68642450157816,22.0,30.0,0.0,20.470517405762896,37.202684336401848,12.0,30.0,0.0,20.823941484264535,39.221908197009899,12.0,30.0,0.0,22.827653557680173,35.67949919770187,12.0,30.0,0.0,19.582608356982076,41.332132374614477,10.0,30.0,0.0,18.82452333037613,44.32694028673677,12.0,30.0,0.0,18.623266136019994,44.433588643478248,20.0,30.0,0.0,19.82523618129622,0.0,0.0,0.0,17.459875551939278,0.0,0.0,607.2908923481191,599.5521181935907,604.430820374123,612.969454192897,737.6397064587217,947.3731391213341,699.2590778318213,738.3457185808763,724.1436335567122,0.0,82.45049817663326,82.45049817663326,60.0,0.0,60.0,60.0,12.0,12.0,12.0,19.0,12.0,12.0,21.0,10.0,0.0,0.0,0.0,0.0,0.0,0.0,0.0,0.0,0.0,0.0,0.0,0.0,0.0,82.45049817663326,82.45049817663326,0.0,0.0,0.0,82.45049817663326,0.0,0.0,0.0026133333333333336 
 04/17  00:10:00,8.965,66.83333333333334,4.58,0.0,0.0,0.0,0.0,0.0,2.0,2.0,0.0,0.0,0.0,0.0,0.0,340.0,0.0,0.0,0.0,0.0,0.0,0.0,0.0,0.0,0.0,0.0,0.0,21.08103383206396,-222.39324478911659,21.25617295304942,-241.73309513784535,20.57973402071412,-87.15702165104813,20.47177158819361,-93.70025001987233,20.876302287097567,-7.661914340683438,22.663447245339407,-78.27881117985987,20.001171502216626,31.80544432055399,18.86294572386588,-79.01725949620254,19.095237735853709,-101.09186416589671,533.5705528684484,385.8723861339813,0.0,0.0,0.0,0.0,0.0,0.0,0.0,0.0,0.0,0.0,0.0,0.0,0.0,0.0,0.0,0.0,0.0,0.0,0.0,0.0,0.0,0.0,1.1843427710829675,0.36152099239406829,330.7108641844657,394.0518412404256,7783.488905165159,0.20211660040184949,0.030848076984409266,173.05646827639539,206.3571583517275,4094.162622349495,1.235369608793504,0.23344096915977029,316.6591234791897,377.52688670382119,7318.602158838112,0.244706923896293,0.046240915324318388,181.9473587998028,216.96844570710699,4207.530456307893,0.0,0.0,6.199029794646005,7.378633504177333,147.90791175912956,0.0,0.0,13.956918857152703,16.500987442162374,385.0295502709239,0.0,0.0,70.12941308913725,83.78051894420983,1535.399557385938,0.0,0.0,22.581585302243164,27.073397582569969,447.8265680465407,0.0,0.0,28.02174558487174,33.58567890686571,559.3208009145961,34.68794699530259,23.791458844514815,462.44401386741898,552.72831083906,10837.959385203027,0.0,0.0,60.13012369721972,72.5240499741391,989.7616924838828,0.0,20.64976682018111,36.13202382227318,22.0,30.0,0.0,20.749846112255349,35.57742871127928,12.0,30.0,0.0,20.37325579903584,36.75532067880228,22.0,30.0,0.0,20.43500244878598,37.10389886289712,12.0,30.0,0.0,20.81478038591068,38.7046892498287,12.0,30.0,0.0,22.759639203681858,35.36164410174158,12.0,30.0,0.0,19.791376021954336,39.44709792420093,10.0,30.0,0.0,18.740402900171099,44.01143635806687,12.0,30.0,0.0,18.80616762866295,43.67811781716551,20.0,30.0,0.0,19.781233338868469,0.0,0.0,0.0,17.014171219067764,0.0,0.0,588.7979392463568,575.0361767114537,589.0238593421368,609.6030062632119,719.2611401295428,938.0374837732086,654.8238365293316,725.3555100633953,777.6080161169492,0.0,82.45049817663326,82.45049817663326,60.0,0.0,60.0,60.0,12.0,12.0,12.0,19.0,12.0,12.0,21.0,10.0,0.0,0.0,0.0,0.0,0.0,0.0,0.0,0.0,0.0,0.0,0.0,0.0,0.0,82.45049817663326,82.45049817663326,0.0,0.0,0.0,82.45049817663326,0.0,0.0,0.0026200000000000005 
 04/17  00:20:00,8.89,66.66666666666667,4.630000000000001,0.0,0.0,0.0,0.0,0.0,2.0,2.0,0.0,0.0,0.0,0.0,0.0,340.0,0.0,0.0,0.0,0.0,0.0,0.0,0.0,0.0,0.0,0.0,0.0,20.925106980350756,-90.93899778700052,21.256200057656458,-298.085693504647,20.590187419564175,-184.1104772114977,20.370091848007083,-33.669396280597087,20.859930112373634,-5.699227576409498,22.593619113690047,-70.91911027971776,20.09567159601101,-20.79405693695412,18.790378160690588,-96.48360119852458,19.200123800427514,-105.71737800586544,518.2122181165087,424.14624512162939,0.0,0.0,0.0,0.0,0.0,0.0,0.0,0.0,0.0,0.0,0.0,0.0,0.0,0.0,0.0,0.0,0.0,0.0,0.0,0.0,0.0,0.0,1.1947281020222867,0.3646911178334208,342.62772482730909,408.4659632426861,8000.057404782425,0.19456170379656224,0.029695009736960055,179.531218963102,213.6231070460632,4285.905838667535,1.212423269130832,0.22910492613961309,295.25979376065029,352.0870606120901,6886.493127843749,0.2464779099755801,0.046575568778454288,149.7513451624545,178.5632746358492,3447.6248539505907,0.0,0.0,5.996800364875688,7.13873155488187,143.8155713109099,0.0,0.0,13.642998812663823,16.13322773097775,376.60215395853188,0.0,0.0,67.5148441466239,80.64010955967072,1511.5816928198827,0.0,0.0,27.229039706413567,32.65943168460255,538.2401413598259,0.0,0.0,26.416174618863967,31.64116330977862,541.421483656097,34.854369251629439,23.90560305324379,447.52711748671927,534.9112358032273,10497.292575648245,0.0,0.0,61.55464285385736,74.27805427823472,1007.2996160547486,0.0,20.42133053462305,36.43060546533704,22.0,30.0,0.0,20.819606362197474,35.21696775108177,12.0,30.0,0.0,20.431655191813669,36.21620498806186,22.0,30.0,0.0,20.29316934576167,36.91656099475718,12.0,30.0,0.0,20.801371378762615,38.2163261044493,12.0,30.0,0.0,22.691527315582058,35.08314715711239,12.0,30.0,0.0,19.9767509036099,38.620161564177269,10.0,30.0,0.0,18.630976272197679,43.3670679667697,12.0,30.0,0.0,19.004893852738076,42.584020650822797,20.0,30.0,0.0,19.679966734796524,0.0,0.0,0.0,16.889491975008395,0.0,0.0,583.2171846219806,569.1450605690677,576.3847780304986,595.5488265985799,703.2637170451776,935.4987976343745,652.4789957551002,700.0441699319731,805.4987108879486,0.0,82.45049817663326,82.45049817663326,60.0,0.0,60.0,60.0,12.0,12.0,12.0,19.0,12.0,12.0,21.0,10.0,0.0,0.0,0.0,0.0,0.0,0.0,0.0,0.0,0.0,0.0,0.0,0.0,0.0,82.45049817663326,82.45049817663326,0.0,0.0,0.0,82.45049817663326,0.0,0.0,0.00263 
 04/17  00:30:00,8.815,66.5,4.68,0.0,0.0,0.0,0.0,0.0,2.0,2.0,0.0,0.0,0.0,0.0,0.0,340.0,0.0,0.0,0.0,0.0,0.0,0.0,0.0,0.0,0.0,0.0,0.0,20.963463315505483,-221.28467732566697,21.101027929705553,-238.66171372331019,20.46549355737433,-85.78516819261586,20.35010087334539,-81.82171562192889,20.843540713029275,-5.92371626120736,22.529579362146195,-68.50830042830597,20.09873795969161,-18.902367058126175,18.716401460864597,-106.09191695091704,19.274969871846687,-108.02558221361125,530.4427706226361,442.9475471027479,0.0,0.0,0.0,0.0,0.0,0.0,0.0,0.0,0.0,0.0,0.0,0.0,0.0,0.0,0.0,0.0,0.0,0.0,0.0,0.0,0.0,0.0,1.1967804713434858,0.3653176041952032,336.5829634491899,401.19234948376006,7932.883538922985,0.2045843856940568,0.03122472309127851,182.809595282463,218.0634152595989,4326.70111855455,1.248478207855174,0.23591802869523324,310.82703277031978,370.71242427778727,7200.1846433648829,0.24711376078096607,0.0466957219918681,176.51853702036497,210.58343081785143,4085.749096430435,0.0,0.0,5.971244284573164,7.108238797674682,143.94185072350769,0.0,0.0,13.427167366462582,15.881432470195858,371.1127297451728,0.0,0.0,70.38091311789036,84.02035886158424,1588.30984924533,0.0,0.0,30.400567918266533,36.47442887464688,599.0913448613139,0.0,0.0,25.20276805608444,30.171170622921325,527.1882701673186,35.07259204116004,24.055275748395098,466.10081498782719,557.2726491364875,10959.374094894345,0.0,0.0,62.499044808621139,75.43470496010363,1020.9580843070584,0.0,20.52081530069117,35.678096863171557,22.0,30.0,0.0,20.598536103131154,35.0826040368549,12.0,30.0,0.0,20.243238578668686,36.18548851442705,22.0,30.0,0.0,20.292613638120245,36.637586354630659,12.0,30.0,0.0,20.788773261987609,37.753311849475377,12.0,30.0,0.0,22.632663821707906,34.792854701877747,12.0,30.0,0.0,19.989571653277709,38.039013820186159,10.0,30.0,0.0,18.524237228373946,42.985406817742219,12.0,30.0,0.0,19.143752928004277,41.70583483433278,20.0,30.0,0.0,19.661532816370433,0.0,0.0,0.0,16.798785740427264,0.0,0.0,568.6686340772205,549.5265736440551,563.262597412905,589.4246332203807,689.2910416188644,932.843540159128,640.6756472335019,688.5198164410016,818.7938458179037,0.0,82.45049817663326,82.45049817663326,60.0,0.0,60.0,60.0,12.0,12.0,12.0,19.0,12.0,12.0,21.0,10.0,0.0,0.0,0.0,0.0,0.0,0.0,0.0,0.0,0.0,0.0,0.0,0.0,0.0,82.45049817663326,82.45049817663326,0.0,0.0,0.0,82.45049817663326,0.0,0.0,0.0026400000000000006 
 04/17  00:40:00,8.74,66.33333333333334,4.73,0.0,0.0,0.0,0.0,0.0,2.0,2.0,0.0,0.0,0.0,0.0,0.0,340.0,0.0,0.0,0.0,0.0,0.0,0.0,0.0,0.0,0.0,0.0,0.0,20.80562843621083,-93.61966147452677,21.107849039987568,-285.99004785604168,20.481516912686389,-184.23111637385137,20.261531544840858,-32.77676376206455,20.822904815679857,-6.08679679187162,22.464608312079574,-64.54185035584499,20.106083090156383,-42.853956081728487,18.644019486069916,-111.23465384058068,19.329808996868814,-102.81521432117813,517.3732120131035,443.18946801696668,0.0,0.0,0.0,0.0,0.0,0.0,0.0,0.0,0.0,0.0,0.0,0.0,0.0,0.0,0.0,0.0,0.0,0.0,0.0,0.0,0.0,0.0,1.202054605249242,0.3669275351798663,342.0875994525771,407.99159001315959,8000.350285128014,0.197400448015694,0.030128273506668809,180.17126624150138,214.4866718380443,4308.231991771154,1.2158067204292853,0.2297442782368265,298.179182295985,355.6970813474047,6973.427856916098,0.2467289486938229,0.046623006177971059,151.77465319259984,181.0510945940088,3503.3562621254079,0.0,0.0,5.9388735552188429,7.070500823187238,143.81751793022489,0.0,0.0,13.290921589271893,15.722937966977529,367.725039731901,0.0,0.0,66.22628559601793,79.08762909603252,1507.213220297629,0.0,0.0,31.85920075773553,38.239343415077488,626.3838545577096,0.0,0.0,22.746998535377167,27.22332637111306,483.6689065411513,35.24196223023125,24.171441858869185,451.2554425627559,539.5776811375241,10620.467022490644,0.0,0.0,60.733363236332127,73.33337081435498,989.1243591563348,0.0,20.28883410025818,35.97457899378007,22.0,30.0,0.0,20.679282059892864,34.73878739204093,12.0,30.0,0.0,20.310810392822267,35.6679854333258,22.0,30.0,0.0,20.171115113469257,36.400742848998309,12.0,30.0,0.0,20.769274778385986,37.312139112237428,12.0,30.0,0.0,22.570622073690588,34.5004619382479,12.0,30.0,0.0,20.011760393119795,37.65164454661402,10.0,30.0,0.0,18.424152200761158,42.64470213439735,12.0,30.0,0.0,19.245154746125718,40.96140139566691,20.0,30.0,0.0,19.56429129274894,0.0,0.0,0.0,16.697724045991369,0.0,0.0,564.1431442467106,546.2696817796159,553.5602146342071,576.1098944506919,675.8895995174001,930.2069622897728,636.172402920819,677.3549228405118,825.8818518159368,0.0,82.45049817663326,82.45049817663326,60.0,0.0,60.0,60.0,12.0,12.0,12.0,19.0,12.0,12.0,21.0,10.0,0.0,0.0,0.0,0.0,0.0,0.0,0.0,0.0,0.0,0.0,0.0,0.0,0.0,82.45049817663326,82.45049817663326,0.0,0.0,0.0,82.45049817663326,0.0,0.0,0.00265 
 04/17  00:50:00,8.665,66.16666666666666,4.78,0.0,0.0,0.0,0.0,0.0,2.0,2.0,0.0,0.0,0.0,0.0,0.0,340.0,0.0,0.0,0.0,0.0,0.0,0.0,0.0,0.0,0.0,0.0,0.0,20.84803502207519,-220.00091021701884,20.958298194025404,-234.24057298894832,20.36021022283216,-89.85322985520725,20.248505619267715,-82.19681733050675,20.801447261605419,-6.737260929953791,22.40269680719694,-63.28907260597663,20.073343082317309,-32.51014405565161,18.575806063866748,-117.14969821694399,19.369664824197629,-101.79434412486234,530.7559613411504,450.0881489902947,0.0,0.0,0.0,0.0,0.0,0.0,0.0,0.0,0.0,0.0,0.0,0.0,0.0,0.0,0.0,0.0,0.0,0.0,0.0,0.0,0.0,0.0,1.2024525580922132,0.3670490104066585,338.51261869307816,403.63846963090057,7998.275847461582,0.20618367256455506,0.03146881449397971,185.78146905613313,221.68504145196369,4404.992156853938,1.2506546812280442,0.23632930484279003,310.9185103151027,370.9509855367269,7225.383347059565,0.24680613236399297,0.04663759114965852,175.66822677024462,209.63058440920589,4080.1524966399949,0.0,0.0,5.963361649894213,7.0997490063589618,145.0669587949314,0.0,0.0,13.140538455704146,15.54843824152022,364.0700757727159,0.0,0.0,68.11055788338089,81.31181746435746,1553.8877674125789,0.0,0.0,33.562497107941798,40.293008026989969,658.951380453165,0.0,0.0,21.57757463749896,25.814900329864537,465.06626849544326,35.467473770724939,24.326113697342217,469.2048412231327,561.1684105406114,11073.376381357888,0.0,0.0,60.75515538302136,73.37564693384093,987.5766151575058,0.0,20.397612354116473,35.20149066485388,22.0,30.0,0.0,20.46546162368561,34.59662173856036,12.0,30.0,0.0,20.12781010290282,35.64440438014721,22.0,30.0,0.0,20.181566273672254,36.10235848305403,12.0,30.0,0.0,20.74958256632974,36.8905575382816,12.0,30.0,0.0,22.513586569427937,34.21960597023788,12.0,30.0,0.0,19.964285377835198,37.25283256631691,10.0,30.0,0.0,18.33411438190532,42.38906708285608,12.0,30.0,0.0,19.316954216648136,40.337657825413817,20.0,30.0,0.0,19.546171607223515,0.0,0.0,0.0,16.605633592809619,0.0,0.0,550.7953013944782,529.1737980884883,542.5532283707918,570.2223379128325,662.7723342544251,924.854877353358,624.673767504823,671.154823818742,832.5221721157057,0.0,82.45049817663326,82.45049817663326,60.0,0.0,60.0,60.0,12.0,12.0,12.0,19.0,12.0,12.0,21.0,10.0,0.0,0.0,0.0,0.0,0.0,0.0,0.0,0.0,0.0,0.0,0.0,0.0,0.0,82.45049817663326,82.45049817663326,0.0,0.0,0.0,82.45049817663326,0.0,0.0,0.0026400000000000006 
 04/17  01:00:00,8.59,66.0,4.83,0.0,0.0,0.0,0.0,0.0,2.0,2.0,0.0,0.0,0.0,0.0,0.0,340.0,0.0,0.0,0.0,0.0,0.0,0.0,0.0,0.0,0.0,0.0,0.0,20.690682850669235,-95.83334322552673,20.967464257609146,-277.0808620256789,20.377642267738695,-186.44277265614165,20.16205814065853,-35.57653426781917,20.77624253367397,-7.146962285226124,22.33907332689069,-60.73900864209162,20.061208806564247,-51.0581036323008,18.508465360214055,-120.91095724116701,19.3981576275109,-93.54313510462612,518.8681202636235,445.3000872245867,0.0,0.0,0.0,0.0,0.0,0.0,0.0,0.0,0.0,0.0,0.0,0.0,0.0,0.0,0.0,0.0,0.0,0.0,0.0,0.0,0.0,0.0,1.206988394862122,0.36843357596523876,341.2295297954406,407.1147956675286,8001.157947007858,0.19957015628051823,0.030459425561739658,179.85504707005567,214.20066318745683,4310.2245809511609,1.216237990314847,0.22982577292419643,300.269820544204,358.3081827998377,7046.027073854146,0.2461613508873084,0.04651575035663423,153.45298918186928,183.12190264370447,3555.0332097303887,0.0,0.0,5.969902328874025,7.10835642798166,145.81650296001699,0.0,0.0,13.061553860666667,15.457238302124937,362.27051286762278,0.0,0.0,64.62539505803544,77.18560364738173,1483.2015583320488,0.0,0.0,34.2698818492855,41.1558678863355,672.1734147633813,0.0,0.0,19.30596798271544,23.094614051024274,420.93593913725047,35.643258969977299,24.446679677625043,453.0972567463414,541.9729099953598,10707.137669667725,0.0,0.0,58.72571662771645,70.9541873398114,951.333929240026,0.0,20.1669229242382,35.4926778912635,22.0,30.0,0.0,20.548895277310966,34.274273989989818,12.0,30.0,0.0,20.197989556329877,35.149769234941967,22.0,30.0,0.0,20.06225462556887,35.863724615881348,12.0,30.0,0.0,20.724062778823599,36.48295834509983,12.0,30.0,0.0,22.452301068320567,33.93363396901271,12.0,30.0,0.0,19.957293246782958,36.94393210456529,10.0,30.0,0.0,18.247355427796156,42.104239744293817,12.0,30.0,0.0,19.369627920639119,39.790046835724499,20.0,30.0,0.0,19.4515980777411,0.0,0.0,0.0,16.50147919322127,0.0,0.0,546.9152486908699,527.4877986253731,534.7267053644855,557.9393281090486,649.9167515415434,920.3737042667065,617.9353123560049,660.8584659952967,837.806339621684,0.0,82.45049817663326,82.45049817663326,60.0,0.0,60.0,60.0,12.0,12.0,12.0,19.0,12.0,12.0,21.0,10.0,0.0,0.0,0.0,0.0,0.0,0.0,0.0,0.0,0.0,0.0,0.0,0.0,0.0,82.45049817663326,82.45049817663326,0.0,0.0,0.0,82.45049817663326,0.0,0.0,0.00263 
 04/17  01:10:00,8.51,66.0,4.836666666666667,0.0,0.0,0.0,0.0,0.0,2.0,2.0,0.0,0.0,0.0,0.0,0.0,340.0,0.0,0.0,0.0,0.0,0.0,0.0,0.0,0.0,0.0,0.0,0.0,20.734932547887956,-218.7425730361756,20.822324222802643,-229.6014198396142,20.257707785022519,-93.27731424173453,20.152359514743126,-84.20964402930349,20.75089998104857,-7.612692815288341,22.278492267430197,-59.995037059713528,20.019374098282336,-39.92589036174127,18.44419977852563,-126.28842392681793,19.4206482929907,-91.30871920850461,530.5399488127641,450.2869767634735,0.0,0.0,0.0,0.0,0.0,0.0,0.0,0.0,0.0,0.0,0.0,0.0,0.0,0.0,0.0,0.0,0.0,0.0,0.0,0.0,0.0,0.0,1.2072664165500569,0.368518442170347,338.40801792514858,403.63846159704,8023.383165262489,0.20766076439448445,0.03169425585996405,186.74330103988064,222.898830286901,4440.1321170682299,1.2518973396371032,0.23656412313626297,310.61449087784248,370.69735557881429,7247.14086238289,0.24646785787005494,0.0465736692876143,175.07137411447233,208.9690059253817,4084.406085956767,0.0,0.0,6.052502235307667,7.2065419352614239,148.50129166235673,0.0,0.0,12.962185215455549,15.342544648132293,360.13350356007256,0.0,0.0,65.8540116945434,78.62811375066804,1514.1323252823086,0.0,0.0,35.5249789025292,42.670178652630969,696.845889476625,0.0,0.0,18.329941172096036,21.92049347813313,404.0701751033441,35.73626831532809,24.510472095561114,469.95940131207228,562.2305317251773,11141.75377338625,0.0,0.0,58.636988250765,70.86030779681409,948.3426598790634,0.0,20.280226698948938,34.72724202693689,22.0,30.0,0.0,20.3398801522036,34.1427158422275,12.0,30.0,0.0,20.017289319184706,35.140638112047,22.0,30.0,0.0,20.077434216088933,35.570365256968759,12.0,30.0,0.0,20.699661034585227,36.09549171346866,12.0,30.0,0.0,22.395286464475484,33.669128393367468,12.0,30.0,0.0,19.898063787481286,36.602314771668208,10.0,30.0,0.0,18.16714183228421,41.86446612876242,12.0,30.0,0.0,19.41141694056329,39.294612159059258,20.0,30.0,0.0,19.434578814321215,0.0,0.0,0.0,16.406939554569754,0.0,0.0,534.6949419144085,512.6808324928971,525.3829541498045,552.6534377808453,637.5283023299296,912.8257953352473,607.6412969810351,654.7871114491443,844.8247900962455,0.0,82.45049817663326,82.45049817663326,60.0,0.0,60.0,60.0,12.0,12.0,12.0,19.0,12.0,12.0,21.0,10.0,0.0,0.0,0.0,0.0,0.0,0.0,0.0,0.0,0.0,0.0,0.0,0.0,0.0,82.45049817663326,82.45049817663326,0.0,0.0,0.0,82.45049817663326,0.0,0.0,0.0026200000000000005 
 04/17  01:20:00,8.43,66.0,4.843333333333334,0.0,0.0,0.0,0.0,0.0,2.0,2.0,0.0,0.0,0.0,0.0,0.0,340.0,0.0,0.0,0.0,0.0,0.0,0.0,0.0,0.0,0.0,0.0,0.0,20.578898286939066,-97.0962331643641,20.833313796077616,-269.1191671282402,20.276014943215278,-188.06231266150918,20.06723536132378,-38.56876713467773,20.72250549518007,-7.964040833668832,22.216172789778743,-58.03981403521561,20.00016188076755,-56.663798180858979,18.379297084865926,-129.84979718351043,19.438871000147974,-79.6625389465222,517.2966324362014,442.1398919363601,0.0,0.0,0.0,0.0,0.0,0.0,0.0,0.0,0.0,0.0,0.0,0.0,0.0,0.0,0.0,0.0,0.0,0.0,0.0,0.0,0.0,0.0,1.2118091804436567,0.36990512223554847,338.467808299804,403.92718874245676,7968.460384601179,0.2016620692858597,0.030778704103458445,178.49573648216805,212.65007784668718,4292.144108763361,1.2171610993864093,0.23000020774497538,300.0720402321337,358.15946333614405,7073.275362568433,0.24574349227133628,0.046436789922777058,153.7759919844152,183.55788264494835,3580.1029506803477,0.0,0.0,6.067501732622313,7.225392517965286,149.48555532621024,0.0,0.0,12.90683169726189,15.27888660021701,359.1083651422936,0.0,0.0,62.58523532693992,74.75880787111334,1447.099070529469,0.0,0.0,35.97530561330019,43.222830883879478,705.7643650857108,0.0,0.0,15.965531446974895,19.091513187842489,355.5667183454318,35.777819965126457,24.53897116949689,451.6627391657895,540.3960663801842,10730.219993543687,0.0,0.0,56.31207553347592,68.07773078312741,907.832919180603,0.0,20.052089982926654,35.020829404009557,22.0,30.0,0.0,20.42440386630178,33.84590861124234,12.0,30.0,0.0,20.08922116916552,34.673924806998879,22.0,30.0,0.0,19.958931391850848,35.344767851019,12.0,30.0,0.0,20.670631060413819,35.71704161764799,12.0,30.0,0.0,22.334381040994438,33.391762940308897,12.0,30.0,0.0,19.882569948879718,36.326808950673839,10.0,30.0,0.0,18.086654452187064,41.59602643037006,12.0,30.0,0.0,19.447189923720147,38.839323978912819,20.0,30.0,0.0,19.343282178309225,0.0,0.0,0.0,16.29978071451149,0.0,0.0,531.5154852453212,512.0737151170407,519.0154146331703,541.475574456608,625.811871320047,906.9186759750058,599.269834204087,644.1460302176549,852.5767091581035,0.0,82.45049817663326,82.45049817663326,60.0,0.0,60.0,60.0,12.0,12.0,12.0,19.0,12.0,12.0,21.0,10.0,0.0,0.0,0.0,0.0,0.0,0.0,0.0,0.0,0.0,0.0,0.0,0.0,0.0,82.45049817663326,82.45049817663326,0.0,0.0,0.0,82.45049817663326,0.0,0.0,0.0026166666666666666 
 04/17  01:30:00,8.35,66.0,4.85,0.0,0.0,0.0,0.0,0.0,2.0,2.0,0.0,0.0,0.0,0.0,0.0,340.0,0.0,0.0,0.0,0.0,0.0,0.0,0.0,0.0,0.0,0.0,0.0,20.623120263223649,-217.31042537108989,20.691899232432328,-224.66338456087443,20.15719000229145,-96.1335182099001,20.059367322834456,-86.3263721878975,20.694072339559488,-8.384383432267754,22.156412979903324,-57.45886203803411,19.954571098474724,-45.68698455197682,18.316206448847475,-135.25905084220893,19.455487923333796,-75.50057289403054,528.9783487533405,445.5788341909872,0.0,0.0,0.0,0.0,0.0,0.0,0.0,0.0,0.0,0.0,0.0,0.0,0.0,0.0,0.0,0.0,0.0,0.0,0.0,0.0,0.0,0.0,1.2122225285184412,0.370031296861551,335.2512305725795,399.976779953202,7981.6912034754809,0.20939051089655537,0.03195825868384545,185.2805916555796,221.20700180401088,4421.507948370546,1.2531914994908773,0.23680867337318174,308.10520979264569,367.789045241602,7222.716464632875,0.2462550430204929,0.04653345484136297,173.45530515811738,207.08082121503035,4067.597784985197,0.0,0.0,6.14674467360131,7.319292452080171,152.0737072119765,0.0,0.0,12.810354355589393,15.167194496057349,357.04297705898309,0.0,0.0,63.67539886772511,76.03849022522977,1474.5298582613214,0.0,0.0,37.0879090564732,44.566350090441947,727.9285673010306,0.0,0.0,14.913887852184715,17.82880836152345,335.4730881562686,35.874237269286698,24.605101007741227,466.0455327605218,557.6792744309,11110.717020669803,0.0,0.0,56.08631284641659,67.81751580218779,902.5824978464227,0.0,20.16637993256439,34.279629104954427,22.0,30.0,0.0,20.220370082067548,33.727099505795028,12.0,30.0,0.0,19.910772360304457,34.6801381496044,22.0,30.0,0.0,19.9769517971098,35.0681171389887,12.0,30.0,0.0,20.64276188279753,35.36239842332563,12.0,30.0,0.0,22.277703460463678,33.14495161506717,12.0,30.0,0.0,19.820191705788618,36.001793984642137,10.0,30.0,0.0,18.010240728136549,41.368060873657189,12.0,30.0,0.0,19.4799475534559,38.41239276105532,20.0,30.0,0.0,19.324880698746424,0.0,0.0,0.0,16.20416143662261,0.0,0.0,520.4326274812254,499.13662662655607,510.98935028857798,536.7950115357776,613.7684450191791,898.258750179233,588.7070985504213,637.8288666034237,863.4794817947402,0.0,82.45049817663326,82.45049817663326,60.0,0.0,60.0,60.0,12.0,12.0,12.0,19.0,12.0,12.0,21.0,10.0,0.0,0.0,0.0,0.0,0.0,0.0,0.0,0.0,0.0,0.0,0.0,0.0,0.0,82.45049817663326,82.45049817663326,0.0,0.0,0.0,82.45049817663326,0.0,0.0,0.0026133333333333336 
 04/17  01:40:00,8.27,66.0,4.8566666666666669,0.0,0.0,0.0,0.0,0.0,2.0,2.0,0.0,0.0,0.0,0.0,0.0,340.0,0.0,0.0,0.0,0.0,0.0,0.0,0.0,0.0,0.0,0.0,0.0,20.46835296381048,-98.26398234170665,20.702997321571258,-262.7073239993076,20.17517197236834,-189.7666819060796,19.974869772694729,-41.58543018433056,20.663045678852748,-8.79941859869001,22.094864434350588,-55.76171014085264,19.931229972378256,-61.43361850722215,18.251300361212416,-139.12356383618977,19.472638557905499,-57.442581322905429,516.2488969671194,431.9792130936497,0.0,0.0,0.0,0.0,0.0,0.0,0.0,0.0,0.0,0.0,0.0,0.0,0.0,0.0,0.0,0.0,0.0,0.0,0.0,0.0,0.0,0.0,1.2166676160429418,0.3713881611852692,334.9015830158053,399.767907025343,7918.684053411994,0.20364370677527489,0.031081151827728159,176.69634791564506,210.56816041696426,4264.140563171008,1.2182991114649147,0.23021525159956825,298.11534356146947,355.9040982702445,7060.053398780206,0.24547731106265809,0.04638649113050983,152.61769842529569,182.21949707100397,3571.691788075079,0.0,0.0,6.161395159520887,7.338093255431803,153.0308360590483,0.0,0.0,12.753021423589019,15.101388779688222,355.96334996038106,0.0,0.0,59.85060649960435,71.5034097825992,1393.2314436176817,0.0,0.0,37.47204219677092,45.03966114723784,735.6580569731061,0.0,0.0,12.005655606876016,14.351073028906307,272.7661300835099,35.91803189858723,24.635138476397285,447.89603547259477,536.0175783801237,10701.079327042116,0.0,0.0,53.13106158150483,64.27050473512206,851.6925188761034,0.0,19.94040302266236,34.57526233467511,22.0,30.0,0.0,20.303651876175367,33.45418179735853,12.0,30.0,0.0,19.982549743196036,34.24008759463345,22.0,30.0,0.0,19.858925380668638,34.85366429848917,12.0,30.0,0.0,20.611024504939758,35.012055627695428,12.0,30.0,0.0,22.217194256578006,32.87698341702018,12.0,30.0,0.0,19.800178887273803,35.74676809785156,10.0,30.0,0.0,17.931140026098249,41.11695753814912,12.0,30.0,0.0,19.515452881765819,38.016235921342559,20.0,30.0,0.0,19.234098956359426,0.0,0.0,0.0,16.09142655775083,0.0,0.0,517.7022392378588,499.16006782283946,505.6550676933874,526.2597602081282,602.6959880816355,891.0907487994039,577.32100566693,626.5556166768522,879.4651324728304,0.0,82.45049817663326,82.45049817663326,60.0,0.0,60.0,60.0,12.0,12.0,12.0,19.0,12.0,12.0,21.0,10.0,0.0,0.0,0.0,0.0,0.0,0.0,0.0,0.0,0.0,0.0,0.0,0.0,0.0,82.45049817663326,82.45049817663326,0.0,0.0,0.0,82.45049817663326,0.0,0.0,0.0026099999999999996 
 04/17  01:50:00,8.19,66.0,4.863333333333333,0.0,0.0,0.0,0.0,0.0,2.0,2.0,0.0,0.0,0.0,0.0,0.0,340.0,0.0,0.0,0.0,0.0,0.0,0.0,0.0,0.0,0.0,0.0,0.0,20.511628785931028,-216.13357313728285,20.56443444518675,-219.85437019643178,20.056873549213209,-98.61772234594446,19.967800036065016,-88.95873468120817,20.63170229911361,-9.309984366144349,22.03593630202662,-55.12127256330007,19.883162946594596,-51.05690359717073,18.187126953278367,-145.21790603464195,19.494726698972177,-40.55526325221197,527.7894664765972,424.5829087781693,0.0,0.0,0.0,0.0,0.0,0.0,0.0,0.0,0.0,0.0,0.0,0.0,0.0,0.0,0.0,0.0,0.0,0.0,0.0,0.0,0.0,0.0,1.2170287800798776,0.3714984066177893,330.27403548177758,394.13582743379018,7896.642441074939,0.21122107796591445,0.03223764926219695,182.55034156777027,217.99744307224953,4373.232986209555,1.2545003681826415,0.23705600305794442,304.56794874762655,363.6455875249005,7174.460755608102,0.24607974705662845,0.04650033013163801,171.2396345989319,204.47347741350564,4036.843747214498,0.0,0.0,6.238755693282501,7.4295044956196849,155.55627990525023,0.0,0.0,12.622885498551522,14.949303762580263,352.9544107382527,0.0,0.0,59.90997601994137,71.55479864449268,1396.4601578036678,0.0,0.0,38.59336209666854,46.3945917050588,757.9685878384835,0.0,0.0,9.853796905106332,11.775742179715343,226.27732300518344,36.01613448301224,24.70242419959688,459.7645830682287,550.2886905328994,11025.250057486544,0.0,0.0,51.36331788378388,62.14883603735882,820.3847297107745,0.0,20.05388107816162,33.85951132340371,22.0,30.0,0.0,20.103547032497866,33.34927901491557,12.0,30.0,0.0,19.805470650090329,34.259107820177408,22.0,30.0,0.0,19.878162767388785,34.59234464854201,12.0,30.0,0.0,20.57980484257463,34.68139790783634,12.0,30.0,0.0,22.16116445720719,32.643400299796599,12.0,30.0,0.0,19.735944595561067,35.41200896627289,10.0,30.0,0.0,17.853994727517429,40.906685020990668,12.0,30.0,0.0,19.559364086548976,37.63375653403145,20.0,30.0,0.0,19.214018640101317,0.0,0.0,0.0,15.98121126456126,0.0,0.0,507.58777563377648,487.85756143521669,498.5463731900369,521.9414632762204,589.4639038503369,881.1987420782476,561.7778767949008,619.0599284390469,904.4324739004469,0.0,82.45049817663326,82.45049817663326,60.0,0.0,60.0,60.0,12.0,12.0,12.0,19.0,12.0,12.0,21.0,10.0,0.0,0.0,0.0,0.0,0.0,0.0,0.0,0.0,0.0,0.0,0.0,0.0,0.0,82.45049817663326,82.45049817663326,0.0,0.0,0.0,82.45049817663326,0.0,0.0,0.0026033333333333335 
 04/17  02:00:00,8.11,66.0,4.87,0.0,0.0,0.0,0.0,0.0,2.0,2.0,0.0,0.0,0.0,0.0,0.0,340.0,0.0,0.0,0.0,0.0,0.0,0.0,0.0,0.0,0.0,0.0,0.0,20.357750627685065,-99.20692185590724,20.57498549851912,-257.37229840444777,20.074109559901,-191.57941458099959,19.88332019466004,-44.904825860729037,20.598252346830607,-9.806645979164998,21.975170656566954,-53.53135613607037,19.85542014055506,-66.90236707868906,18.119364603792876,-150.50133832915049,19.519128539749386,-26.861552436877788,515.4480991268938,416.55813015267497,0.0,0.0,0.0,0.0,0.0,0.0,0.0,0.0,0.0,0.0,0.0,0.0,0.0,0.0,0.0,0.0,0.0,0.0,0.0,0.0,0.0,0.0,1.2206648878772904,0.3726083296328725,330.77661706433437,394.9346162700193,7855.712534621089,0.2054068724958868,0.03135025526493999,174.72071406287308,208.27149966530946,4231.947677204551,1.2190882122321814,0.23036436361152336,295.1742301262384,352.4688619612966,7023.305322893285,0.24525092208529099,0.0463437116563286,150.84535993755478,180.1437022409536,3548.9054353710337,0.0,0.0,6.302070564331721,7.506626196252725,157.71448291792385,0.0,0.0,12.563420329250848,14.881294601584042,351.81949672729106,0.0,0.0,55.61165103319361,66.4548784579146,1302.5366520891485,0.0,0.0,39.08043067934559,46.99273245216276,767.4188574158434,0.0,0.0,10.586524498555012,12.649819762262553,245.73199272392379,36.060766996160058,24.73303634853228,442.91786769662726,530.1824810471255,10643.04087628673,0.0,0.0,49.5213857723498,59.94013222916294,788.1861216010482,0.0,19.829616151461104,34.1557166300518,22.0,30.0,0.0,20.1845986291584,33.0951182864213,12.0,30.0,0.0,19.87640152578531,33.84017327283472,22.0,30.0,0.0,19.75984750970015,34.387677717279007,12.0,30.0,0.0,20.545591056767316,34.34722744526036,12.0,30.0,0.0,22.101259287480539,32.37366697310141,12.0,30.0,0.0,19.710232209984587,35.17936866722904,10.0,30.0,0.0,17.770774439752509,40.695573387778399,12.0,30.0,0.0,19.606571293821575,37.164644619427757,20.0,30.0,0.0,19.123378619644133,0.0,0.0,0.0,15.871846109948326,0.0,0.0,504.83379055831059,488.1555443220177,493.62786475295629,511.52774441113919,576.8990002972802,870.2236710057609,545.5591309980659,608.2981944548147,914.8884635900938,0.0,82.45049817663326,82.45049817663326,60.0,0.0,60.0,60.0,12.0,12.0,12.0,19.0,12.0,12.0,21.0,10.0,0.0,0.0,0.0,0.0,0.0,0.0,0.0,0.0,0.0,0.0,0.0,0.0,0.0,82.45049817663326,82.45049817663326,0.0,0.0,0.0,82.45049817663326,0.0,0.0,0.002596666666666667 
 04/17  02:10:00,8.056666666666667,66.33333333333333,4.866666666666667,0.0,0.0,0.0,0.0,0.0,2.0,2.0,0.0,0.0,0.0,0.0,0.0,340.0,0.0,0.0,0.0,0.0,0.0,0.0,0.0,0.0,0.0,0.0,0.0,20.40029732378968,-214.69792885092648,20.439632319192378,-214.86843239910378,19.956452045784834,-100.63888362986563,19.877135775421924,-91.39069332671716,20.564511012331637,-10.036919190087034,21.91663446229755,-53.49068283888795,19.803970899906447,-57.9305186669643,18.05420575405776,-154.62263819150793,19.535721477125408,-30.221508317239228,524.9587597755071,427.55790107292196,0.0,0.0,0.0,0.0,0.0,0.0,0.0,0.0,0.0,0.0,0.0,0.0,0.0,0.0,0.0,0.0,0.0,0.0,0.0,0.0,0.0,0.0,1.2160258958045485,0.37119227588661438,323.48320750238977,386.1255169555586,7750.660496501595,0.21195052313955566,0.03234898094315562,178.67259568233755,213.41526978592527,4287.931536356903,1.2504832371606796,0.23629690800466367,299.83656496838048,358.0730137369425,7081.363477004232,0.2450776797882553,0.04631097501667711,168.12064817183353,200.78694820630606,3975.4487715053357,0.0,0.0,6.460097217149334,7.694191115451012,161.91866116192325,0.0,0.0,12.518919671461447,14.830418802914409,350.56081868343258,0.0,0.0,57.881156890757598,69.14111546392154,1353.8703131251146,0.0,0.0,40.056614218853287,48.17402755560951,784.7091097886503,0.0,0.0,12.06385805701634,14.409362973708938,282.03209399736138,36.14525408546301,24.79098359771126,450.9889977987808,539.9077560148917,10856.213307200833,0.0,0.0,50.53068364795742,61.17162209463783,801.4355847784819,0.0,19.94284899973085,33.470199227242279,22.0,30.0,0.0,19.98873245155901,33.01586587033431,12.0,30.0,0.0,19.70087721487189,33.8837737156492,22.0,30.0,0.0,19.780199008287004,34.143238872222998,12.0,30.0,0.0,20.511895817721578,34.04391129600834,12.0,30.0,0.0,22.046667284553778,32.14053337403364,12.0,30.0,0.0,19.64205061742934,34.9334223922542,10.0,30.0,0.0,17.693250236319139,40.56539140856566,12.0,30.0,0.0,19.637208194209636,36.717262362687289,20.0,30.0,0.0,19.102987156633895,0.0,0.0,0.0,15.789965126661205,0.0,0.0,495.3722130318574,478.1719099234722,487.27410640026388,506.02357361278725,563.8571901351677,856.1945733620275,542.1990121110677,613.2336270542617,913.1821782906209,0.0,82.45049817663326,82.45049817663326,60.0,0.0,60.0,60.0,12.0,12.0,12.0,19.0,12.0,12.0,21.0,10.0,0.0,0.0,0.0,0.0,0.0,0.0,0.0,0.0,0.0,0.0,0.0,0.0,0.0,82.45049817663326,82.45049817663326,0.0,0.0,0.0,82.45049817663326,0.0,0.0,0.00259 
 04/17  02:20:00,8.003333333333334,66.66666666666667,4.863333333333333,0.0,0.0,0.0,0.0,0.0,2.0,2.0,0.0,0.0,0.0,0.0,0.0,340.0,0.0,0.0,0.0,0.0,0.0,0.0,0.0,0.0,0.0,0.0,0.0,20.247908646970595,-99.84587557255145,20.4502416581101,-252.1436949937763,19.9735345507771,-192.35694478093047,19.793686164526745,-47.96625029616007,20.52908825607208,-10.527507687712827,21.85680367533977,-52.65922050029525,19.772261666736627,-72.2971231076375,17.989846410321879,-155.60528849683079,19.543734271012128,-33.02476646845429,511.16884458321149,432.9473046791687,0.0,0.0,0.0,0.0,0.0,0.0,0.0,0.0,0.0,0.0,0.0,0.0,0.0,0.0,0.0,0.0,0.0,0.0,0.0,0.0,0.0,0.0,1.2154170819073676,0.3710064352586593,325.0149258840627,388.1420259137518,7719.562429896782,0.2053195295190578,0.03133692452977073,171.78620213191489,204.82776031820579,4158.359806692548,1.211109778505819,0.228856723073662,289.51714771797949,345.7877372215313,6890.82883945253,0.2433393384506768,0.045982490259009207,147.61894819133475,176.32693864135755,3476.205934436482,0.0,0.0,6.494658810419778,7.736906659672073,163.0130691486214,0.0,0.0,12.51584385899261,14.829103944879853,350.35784795572058,0.0,0.0,55.3008914987054,66.09646852192857,1296.2528566514207,0.0,0.0,40.181257016326387,48.33482923710761,785.4892812604496,0.0,0.0,14.078259282287487,16.814008905689236,331.03337580019129,36.17802574541663,24.81346073073844,434.20317833169238,519.8631635323302,10450.937203596026,0.0,0.0,50.625219899746088,61.302168932435169,800.1557115186297,0.0,19.72144537916832,33.788078488133837,22.0,30.0,0.0,20.06793548370942,32.79952077633919,12.0,30.0,0.0,19.77190792616912,33.511242300893908,22.0,30.0,0.0,19.663013807059309,33.977221495880737,12.0,30.0,0.0,20.475888254499709,33.75436596374101,12.0,30.0,0.0,21.987673426296248,31.88433229696471,12.0,30.0,0.0,19.611593699244716,34.80275640160151,10.0,30.0,0.0,17.617992973180948,40.43850460366299,12.0,30.0,0.0,19.653436326940338,36.22963635814875,20.0,30.0,0.0,19.01382535365825,0.0,0.0,0.0,15.70858614171509,0.0,0.0,492.7133181151439,478.7595586395222,483.7527655966664,497.50421631630959,554.723988690966,843.5556513578451,542.9235815312254,622.5905466844008,894.4516113617694,0.0,82.45049817663326,82.45049817663326,60.0,0.0,60.0,60.0,12.0,12.0,12.0,19.0,12.0,12.0,21.0,10.0,0.0,0.0,0.0,0.0,0.0,0.0,0.0,0.0,0.0,0.0,0.0,0.0,0.0,82.45049817663326,82.45049817663326,0.0,0.0,0.0,82.45049817663326,0.0,0.0,0.00259 
 04/17  02:30:00,7.949999999999999,67.0,4.859999999999999,0.0,0.0,0.0,0.0,0.0,2.0,2.0,0.0,0.0,0.0,0.0,0.0,340.0,0.0,0.0,0.0,0.0,0.0,0.0,0.0,0.0,0.0,0.0,0.0,20.289144837823025,-213.1300566525142,20.31924497245243,-208.26282942856597,19.85762032526999,-101.76605795111937,19.78757274375326,-93.86289799635643,20.4933548703717,-10.693583091697235,21.798912445722388,-53.31200065979138,19.719672403701276,-62.94954651099181,17.92815617592752,-159.03195192279123,19.545858528759696,-35.55728281369193,519.4030865405593,442.4748128672808,0.0,0.0,0.0,0.0,0.0,0.0,0.0,0.0,0.0,0.0,0.0,0.0,0.0,0.0,0.0,0.0,0.0,0.0,0.0,0.0,0.0,0.0,1.2118117736505705,0.3699059138127505,309.9254582315219,370.02639309394888,7425.647256030469,0.2125254238909981,0.03243672525808884,170.3057255767602,203.46414785791382,4087.1778747791825,1.2428212894202103,0.23484907207486978,290.2701787000116,346.7110596981129,6860.313262530836,0.24349536735906775,0.046011974179718,163.34566574019238,195.12098551489016,3866.1377779460956,0.0,0.0,6.62698333592769,7.894106317215606,166.56604724007515,0.0,0.0,12.566747018792143,14.891702760837548,351.7430819394275,0.0,0.0,57.46145293891898,68.65357720001117,1345.1030241431104,0.0,0.0,40.97065561402815,49.29090783734795,799.5986760776136,0.0,0.0,14.654926717554146,17.50310976843452,346.3169723573035,36.26625354559259,24.873973625234979,432.6958633683905,518.1208576820981,10445.27717716225,0.0,0.0,51.45134063472804,62.3109630174009,811.1226489040852,0.0,19.833355316563997,33.1488131006913,22.0,30.0,0.0,19.879418736136793,32.75366119132194,12.0,30.0,0.0,19.600170175121414,33.58606979933616,22.0,30.0,0.0,19.683391814886109,33.77546046346553,12.0,30.0,0.0,20.440257440566986,33.49841519265888,12.0,30.0,0.0,21.931809358433975,31.67254893165351,12.0,30.0,0.0,19.543739453558726,34.588484643036199,10.0,30.0,0.0,17.54788661837597,40.29619191967694,12.0,30.0,0.0,19.660566392546053,35.80065221845375,20.0,30.0,0.0,18.988312073271716,0.0,0.0,0.0,15.634297552508452,0.0,0.0,484.32424905031396,470.4408649985047,479.33060548674725,493.05742934742229,546.3490602678559,830.108673492703,542.6637042955464,627.805650886507,875.3021469408348,0.0,82.45049817663326,82.45049817663326,60.0,0.0,60.0,60.0,12.0,12.0,12.0,19.0,12.0,12.0,21.0,10.0,0.0,0.0,0.0,0.0,0.0,0.0,0.0,0.0,0.0,0.0,0.0,0.0,0.0,82.45049817663326,82.45049817663326,0.0,0.0,0.0,82.45049817663326,0.0,0.0,0.00259 
 04/17  02:40:00,7.8966666666666669,67.33333333333333,4.8566666666666669,0.0,0.0,0.0,0.0,0.0,2.0,2.0,0.0,0.0,0.0,0.0,0.0,340.0,0.0,0.0,0.0,0.0,0.0,0.0,0.0,0.0,0.0,0.0,0.0,20.138728216912197,-100.4706282199295,20.328086409435558,-248.66709284189279,19.873100529264684,-193.1373165523637,19.705598934285008,-50.29195847579513,20.456126547007459,-11.14741765614093,21.73890714255087,-53.686332523426589,19.686163983282275,-76.3483357431054,17.866575935414617,-159.625653290184,19.54303776783795,-37.021824551123078,506.2266583257433,447.0256331083133,0.0,0.0,0.0,0.0,0.0,0.0,0.0,0.0,0.0,0.0,0.0,0.0,0.0,0.0,0.0,0.0,0.0,0.0,0.0,0.0,0.0,0.0,1.2113637619322396,0.36976915809897428,317.23241713977577,378.92034541052979,7537.430335970808,0.20542764223903199,0.03135342525015751,167.75228130020916,200.06445476704534,4058.6893181999178,1.2041093974993454,0.22753389975422259,280.2287290106042,334.7584164867146,6672.647530136557,0.24168808942545012,0.04567046285439343,141.7531036597125,169.34805274342308,3342.1070158697846,0.0,0.0,6.645835153017339,7.917971803879972,167.25191937827166,0.0,0.0,12.828118870002207,15.202983110724674,358.90430208768819,0.0,0.0,55.09901542025379,65.86738528990556,1292.394455835414,0.0,0.0,40.98768396383535,49.32148821705621,798.6952996572346,0.0,0.0,16.370327236342236,19.54777572451193,388.56903753094556,36.30129502380157,24.898007560906437,420.6444074896244,503.72864535947556,10147.951816825287,0.0,0.0,51.439848053143339,62.31194107507379,808.6775031016151,0.0,19.615346933704289,33.48743014586715,22.0,30.0,0.0,19.953868231339784,32.573547284983337,12.0,30.0,0.0,19.668660739899317,33.25909760228306,22.0,30.0,0.0,19.56886183579517,33.64050116855396,12.0,30.0,0.0,20.402565678311079,33.25814937490553,12.0,30.0,0.0,21.87159043063994,31.454600676953587,12.0,30.0,0.0,19.511985987211078,34.4682843020189,10.0,30.0,0.0,17.478384572588696,40.14747890351872,12.0,30.0,0.0,19.66043153545099,35.40454013035715,20.0,30.0,0.0,18.89980463687482,0.0,0.0,0.0,15.558411250359713,0.0,0.0,482.2075869164024,471.5573654579796,476.8896949428075,485.76175523841166,541.6350525586122,820.4038473420014,542.8439059154107,634.1697197120142,857.8742929038974,0.0,82.45049817663326,82.45049817663326,60.0,0.0,60.0,60.0,12.0,12.0,12.0,19.0,12.0,12.0,21.0,10.0,0.0,0.0,0.0,0.0,0.0,0.0,0.0,0.0,0.0,0.0,0.0,0.0,0.0,82.45049817663326,82.45049817663326,0.0,0.0,0.0,82.45049817663326,0.0,0.0,0.00259 
 04/17  02:50:00,7.843333333333334,67.66666666666667,4.8533333333333339,0.0,0.0,0.0,0.0,0.0,2.0,2.0,0.0,0.0,0.0,0.0,0.0,170.0,0.0,0.0,0.0,0.0,0.0,0.0,0.0,0.0,0.0,0.0,0.0,20.093445889166668,-212.24376322010813,20.31725909839551,-46.05066776157537,19.873027807965565,-9.185549777190318,19.660511220164098,-109.77572871853318,20.414755919544406,-10.808929942221085,21.673557970112289,-53.57657204627776,19.64313383944144,-60.28320821627494,17.804911576988034,-156.5030290155005,19.537216508878964,-38.12983016461692,444.7808318750067,457.7998224362991,0.0,0.0,0.0,0.0,0.0,0.0,0.0,0.0,0.0,0.0,0.0,0.0,0.0,0.0,0.0,0.0,0.0,0.0,0.0,0.0,0.0,0.0,1.2022343360285726,0.36698239805511986,203.14053161660349,242.30656671805589,4823.669655974292,0.22130309517492387,0.033776418677491436,34.3692819045045,40.93210686571781,846.5656537790343,1.2692370379632919,0.2398407101215594,247.56311718195514,295.0665978760821,5957.493005243502,0.24473598343275103,0.04624640654435959,93.47074244553649,111.50743473215488,2204.2163404233017,0.0,0.0,6.805954453446656,8.093134234644854,171.44751387710392,0.0,0.0,12.72446782245904,15.053046436456868,355.70045000846309,0.0,0.0,61.16728846504936,72.9630795043128,1435.5198029329725,0.0,0.0,41.63717813529284,50.010249901346579,810.2708081803331,0.0,0.0,15.346981946514167,18.290894750077649,365.8567107628023,36.39335205900801,24.96114681687793,246.89511191443018,295.4447959468569,6180.949565399413,0.0,0.0,52.17122709583808,63.0820891437431,818.9897521791852,0.0,19.55544300836437,33.178560678862179,22.0,30.0,0.0,20.00488766326505,32.35104963390004,12.0,30.0,0.0,19.728933145835975,33.59693269197781,22.0,30.0,0.0,19.511235311487668,33.3315342599846,12.0,30.0,0.0,20.35748239219144,33.041359221068578,12.0,30.0,0.0,21.800385130848058,31.237299643038044,12.0,30.0,0.0,19.465170782450377,34.574982269368017,10.0,30.0,0.0,17.408398600253663,40.14114773081213,12.0,30.0,0.0,19.656220854954595,35.058365603764169,20.0,30.0,0.0,18.64467966474969,0.0,0.0,0.0,15.490844385886883,0.0,0.0,475.84812039728436,472.03630628928689,490.0781603124984,478.7736815763772,537.6350426335337,810.5228107672317,539.4405492617981,637.3073862644543,846.7276573287498,0.0,82.45049817663326,82.45049817663326,60.0,0.0,60.0,60.0,12.0,12.0,12.0,19.0,12.0,12.0,21.0,10.0,0.0,0.0,0.0,0.0,0.0,0.0,0.0,0.0,0.0,0.0,0.0,0.0,0.0,82.45049817663326,82.45049817663326,0.0,0.0,0.0,82.45049817663326,0.0,0.0,0.0025833333333333335 
 04/17  03:00:00,7.79,68.0,4.85,0.0,0.0,0.0,0.0,0.0,2.0,2.0,0.0,0.0,0.0,0.0,0.0,340.0,0.0,0.0,0.0,0.0,0.0,0.0,0.0,0.0,0.0,0.0,0.0,20.13475856707448,-117.11732756013817,20.22299476532828,-236.6740223499512,19.77378860302675,-164.5627768686918,19.653517440080117,-42.46890331597069,20.380934956519899,-10.844323503012959,21.62197438773196,-52.77156896963896,19.601106923541445,-72.21110757947088,17.754551731465264,-161.52069897056595,19.52951274941838,-39.5611437420709,486.16093716981779,462.738286252403,0.0,0.0,0.0,0.0,0.0,0.0,0.0,0.0,0.0,0.0,0.0,0.0,0.0,0.0,0.0,0.0,0.0,0.0,0.0,0.0,0.0,0.0,1.2064365560025663,0.3682651269849103,232.9914233327423,278.2785796793189,5626.73926480373,0.20973857752375023,0.03201138240594478,115.58428004072909,138.1965695702465,2799.9924566061765,1.2253725388200328,0.23155187808390649,230.31725046009437,275.15772845458437,5492.072074144691,0.24699164763299603,0.04667264694501057,124.02322352597708,148.24329862185807,2945.4455473919144,0.0,0.0,6.732572475193032,8.02137116066394,169.86986747528136,0.0,0.0,12.938901120723769,15.338908228770397,361.8403893430698,0.0,0.0,56.04470591268593,66.97586103560764,1315.579234922855,0.0,0.0,41.78374420162589,50.2887989647525,813.3411279351615,0.0,0.0,16.785860625716987,20.045421156636068,401.59681717366319,36.50035780745519,25.034538962589303,307.74201834110758,368.89655224988908,7604.567840730115,0.0,0.0,52.29525809429551,63.364490114739357,819.0423511802809,0.0,19.711650230859644,32.9174536336229,22.0,30.0,0.0,19.84861999676683,32.28759703267839,12.0,30.0,0.0,19.557651849638608,33.22250371067948,22.0,30.0,0.0,19.546916017745415,33.57252830619882,12.0,30.0,0.0,20.32822801256985,32.93564357191147,12.0,30.0,0.0,21.756504238757917,31.14544703362678,12.0,30.0,0.0,19.41694039207399,34.35545077079895,10.0,30.0,0.0,17.360195224440507,40.05068120850072,12.0,30.0,0.0,19.65023475157266,34.88292768178984,20.0,30.0,0.0,18.71432404804343,0.0,0.0,0.0,15.421092187537301,0.0,0.0,474.3067392230889,461.0868472004681,473.45502219184757,482.47207564784108,534.2672168189681,804.5496272709706,541.9724787929874,636.3000275678628,836.6232125216106,0.0,82.45049817663326,82.45049817663326,60.0,0.0,60.0,60.0,12.0,12.0,12.0,19.0,12.0,12.0,21.0,10.0,0.0,0.0,0.0,0.0,0.0,0.0,0.0,0.0,0.0,0.0,0.0,0.0,0.0,82.45049817663326,82.45049817663326,0.0,0.0,0.0,82.45049817663326,0.0,0.0,0.0025766666666666669 
 04/17  03:10:00,7.676666666666668,68.5,4.838333333333334,0.0,0.0,0.0,0.0,0.0,2.0,2.0,0.0,0.0,0.0,0.0,0.0,340.0,0.0,0.0,0.0,0.0,0.0,0.0,0.0,0.0,0.0,0.0,0.0,19.99027471297886,-127.49793132259674,20.196191955450244,-258.8612704559937,19.752103355245369,-187.9334353027516,19.59096614695384,-53.494215212628208,20.341399656320009,-11.509034358158346,21.560638987366983,-53.63265742644296,19.563275397160106,-78.20806092230862,17.691805205764408,-165.3810756951965,19.516871639101298,-42.51904255560561,524.3567342637043,467.720110177689,0.0,0.0,0.0,0.0,0.0,0.0,0.0,0.0,0.0,0.0,0.0,0.0,0.0,0.0,0.0,0.0,0.0,0.0,0.0,0.0,0.0,0.0,1.226201158618648,0.3742982779666203,337.12361533333168,402.79373955145459,8064.238423874647,0.2087205682094035,0.03185600857896879,187.7219453838567,223.94627896608993,4591.225546411473,1.205394348265173,0.22777670980067528,267.2847691258165,319.3201574641055,6424.2765392458099,0.24223610723970299,0.045774018752778328,129.0837671635233,154.21777088965744,3073.6853582552869,0.0,0.0,6.777122233329225,8.076003881360143,172.00421181804763,0.0,0.0,13.15915516825648,15.60180108335601,369.42929564499169,0.0,0.0,55.75118484501669,66.66501140780852,1317.7095907556127,0.0,0.0,42.0739551518468,50.651402148677139,822.7553132870083,0.0,0.0,18.795491770810004,22.44056293204219,453.46782430823728,36.588572267286298,25.095042707329428,428.95048321098849,513.774057835104,10420.518030635802,0.0,0.0,52.5883768585407,63.736258031184309,828.3768608340827,0.0,19.476401949081514,33.19171038152078,22.0,30.0,0.0,19.860803326486974,32.23498043628206,12.0,30.0,0.0,19.56273860323379,32.98494942191162,22.0,30.0,0.0,19.460291619896503,33.32301163775543,12.0,30.0,0.0,20.288253718464767,32.75943984746756,12.0,30.0,0.0,21.696090074413115,30.999499960978363,12.0,30.0,0.0,19.37913704436312,34.09139717860842,10.0,30.0,0.0,17.289177668620824,39.87321513452531,12.0,30.0,0.0,19.63744423957181,34.60045639708164,20.0,30.0,0.0,18.768454742899615,0.0,0.0,0.0,15.350722642160262,0.0,0.0,469.0120247452551,462.72314522816068,469.8762272071565,473.31125685282157,530.6948971503263,798.1318169654222,536.9632491535773,635.8300553267693,821.7230008954778,0.0,82.45049817663326,82.45049817663326,60.0,0.0,60.0,60.0,12.0,12.0,12.0,19.0,12.0,12.0,21.0,10.0,0.0,0.0,0.0,0.0,0.0,0.0,0.0,0.0,0.0,0.0,0.0,0.0,0.0,82.45049817663326,82.45049817663326,0.0,0.0,0.0,82.45049817663326,0.0,0.0,0.00257 
 04/17  03:20:00,7.563333333333334,69.0,4.826666666666666,0.0,0.0,0.0,0.0,0.0,2.0,2.0,0.0,0.0,0.0,0.0,0.0,340.0,0.0,0.0,0.0,0.0,0.0,0.0,0.0,0.0,0.0,0.0,0.0,20.02237694671881,-220.74650677051387,20.062350148542689,-182.15619295681018,19.639270751008906,-94.06785275484845,19.576566121155623,-103.32677163196422,20.301177220980877,-11.71721911077853,21.49936899012647,-54.96167941639996,19.510105800564327,-69.81353398572435,17.630656154532188,-168.57878206042404,19.502050398449464,-44.794572078741,506.2279640462657,476.4777690860632,0.0,0.0,0.0,0.0,0.0,0.0,0.0,0.0,0.0,0.0,0.0,0.0,0.0,0.0,0.0,0.0,0.0,0.0,0.0,0.0,0.0,0.0,1.2270820452461738,0.37456716887856347,242.7121013208909,289.9052303536917,5877.057908727038,0.22127762763926984,0.03377253169097525,126.53112735553757,151.2146245841504,3085.505455004676,1.2509355144192312,0.23638237233923499,242.6115780682452,289.8353890237082,5832.479799853141,0.24629753176046466,0.04654148370379149,140.27311476943943,167.6347451649217,3370.089593978612,0.0,0.0,6.918861970713518,8.245033817608807,176.62020116622908,0.0,0.0,13.172850295104237,15.621703411300525,371.26387723776306,0.0,0.0,59.14296084767521,70.70228754549166,1403.3273037594593,0.0,0.0,42.807077784145139,51.54238463661312,841.1928298895239,0.0,0.0,18.742515498655054,22.38324166842925,455.8738705014289,36.72396624728974,25.187905519403125,336.6266204837259,403.3284107724531,8360.710026774312,0.0,0.0,53.397594186888628,64.72780972601876,846.0922847587269,0.0,19.576511567464679,32.77071350904531,22.0,30.0,0.0,19.673567357392998,32.43727720837157,12.0,30.0,0.0,19.39983497139979,33.15115426002225,22.0,30.0,0.0,19.467183348141356,33.15418253971776,12.0,30.0,0.0,20.24776122328162,32.59041365024649,12.0,30.0,0.0,21.635904457495529,30.86512002567374,12.0,30.0,0.0,19.313678309301279,34.00083344682128,10.0,30.0,0.0,17.221855883384607,39.70767677181604,12.0,30.0,0.0,19.622276294694289,34.30994496398263,20.0,30.0,0.0,18.648720041868296,0.0,0.0,0.0,15.281721077418629,0.0,0.0,464.8185625996939,460.3483495700501,468.1669488018463,469.0821437487308,525.8449182657715,790.3817543040078,535.0064846296341,634.9972051899251,803.7728725973907,0.0,82.45049817663326,82.45049817663326,60.0,0.0,60.0,60.0,12.0,12.0,12.0,19.0,12.0,12.0,21.0,10.0,0.0,0.0,0.0,0.0,0.0,0.0,0.0,0.0,0.0,0.0,0.0,0.0,0.0,82.45049817663326,82.45049817663326,0.0,0.0,0.0,82.45049817663326,0.0,0.0,0.00257 
 04/17  03:30:00,7.45,69.5,4.8149999999999999,0.0,0.0,0.0,0.0,0.0,2.0,2.0,0.0,0.0,0.0,0.0,0.0,340.0,0.0,0.0,0.0,0.0,0.0,0.0,0.0,0.0,0.0,0.0,0.0,19.87073056816079,-96.66936979042203,20.048140008870619,-256.5316802082564,19.63457763629055,-202.40028471064125,19.489332745494026,-54.260911823679638,20.259581003901098,-12.17205132601643,21.436515348113578,-54.852727468205959,19.4703321389186,-84.79601662563596,17.5689241215085,-168.9234157485222,19.484621390386338,-46.74236291838213,516.0344243115224,480.62999862471806,0.0,0.0,0.0,0.0,0.0,0.0,0.0,0.0,0.0,0.0,0.0,0.0,0.0,0.0,0.0,0.0,0.0,0.0,0.0,0.0,0.0,0.0,1.2360610796402137,0.3773080218681971,313.93128078496047,375.16079782912109,7586.743389145002,0.21075075111725176,0.032165865555136109,168.0005783338152,200.47178533531923,4131.236105075966,1.2198539434581024,0.2305090596103747,265.83842305292947,317.7134431143746,6444.859491500165,0.2440295226924749,0.046112910561692147,130.70503107849727,156.21478288014363,3142.1205114695696,0.0,0.0,6.883805508953098,8.204811563141375,176.71918932745309,0.0,0.0,13.433589186058756,15.932987422799826,380.008862804478,0.0,0.0,55.170749826800548,65.98577378228203,1317.5932105046273,0.0,0.0,42.71691560046716,51.445731228269178,843.5079100639875,0.0,0.0,20.545791463377698,24.533066491302177,503.64276827896279,36.788009997276549,25.231831273852238,406.52618628131588,487.08987640710748,9997.200593752586,0.0,0.0,53.29673256841593,64.62229606123141,848.6435532723701,0.0,19.35881631723086,33.14896510662089,22.0,30.0,0.0,19.704094189900404,32.34760752112133,12.0,30.0,0.0,19.431200455344617,32.969648851229049,22.0,30.0,0.0,19.346506269463619,33.203161860927817,12.0,30.0,0.0,20.205300569311587,32.45670120066433,12.0,30.0,0.0,21.572943250429366,30.763751596867168,12.0,30.0,0.0,19.27327228623442,33.92994256105109,10.0,30.0,0.0,17.15403346525039,39.57264522126218,12.0,30.0,0.0,19.603695436592657,34.0678098894449,20.0,30.0,0.0,18.615936102794863,0.0,0.0,0.0,15.205109422217746,0.0,0.0,463.89171737868448,461.55509130927177,466.6809992019156,465.18028841859646,524.1535356151321,786.4217848162057,535.0979567359723,633.9448723456899,791.7196662696407,0.0,82.45049817663326,82.45049817663326,60.0,0.0,60.0,60.0,12.0,12.0,12.0,19.0,12.0,12.0,21.0,10.0,0.0,0.0,0.0,0.0,0.0,0.0,0.0,0.0,0.0,0.0,0.0,0.0,0.0,82.45049817663326,82.45049817663326,0.0,0.0,0.0,82.45049817663326,0.0,0.0,0.00257 
 04/17  03:40:00,7.336666666666668,70.0,4.803333333333333,0.0,0.0,0.0,0.0,0.0,2.0,2.0,0.0,0.0,0.0,0.0,0.0,340.0,0.0,0.0,0.0,0.0,0.0,0.0,0.0,0.0,0.0,0.0,0.0,19.898700388543135,-219.13222908716763,19.915265970994655,-184.72189847388746,19.518831273238086,-98.676468065064,19.47356609971621,-109.67992720582152,20.21761653240688,-12.293739632122993,21.374399419739804,-55.741879436122818,19.415046003818568,-75.13391733447475,17.507899004763766,-172.48376512772917,19.46554945575831,-48.963384170194618,514.0528902302158,489.7504390388357,0.0,0.0,0.0,0.0,0.0,0.0,0.0,0.0,0.0,0.0,0.0,0.0,0.0,0.0,0.0,0.0,0.0,0.0,0.0,0.0,0.0,0.0,1.241886005341852,0.37908608221668257,254.76629827527729,304.41338934891396,6223.780675616333,0.2236780031674775,0.03413888937232562,135.3989628564315,161.8718689988237,3322.4233556120545,1.2614420700435396,0.23836773810346563,249.07832266646978,297.66965703733708,6035.577619043372,0.24701574904762614,0.046677201256165177,143.10472556083784,171.05803095174,3470.15387579469,0.0,0.0,7.0143976153592189,8.360591225602978,181.07851482300635,0.0,0.0,13.402597349987243,15.899707798289818,380.5752312657197,0.0,0.0,58.45944704332938,69.90341338248624,1401.361866056967,0.0,0.0,43.388385362341669,52.262396421867979,861.0008161989854,0.0,0.0,20.505447720650069,24.489952614378418,506.48717175377058,36.924892337803388,25.325714909330178,353.8434791952199,424.0796675970363,8842.883842092346,0.0,0.0,54.04084339868601,65.53668190280706,864.8005603879528,0.0,19.44716225963965,32.76201584538566,22.0,30.0,0.0,19.519077163453667,32.52900760769977,12.0,30.0,0.0,19.26476199746412,33.17892147652947,22.0,30.0,0.0,19.351695215057416,33.10759432152186,12.0,30.0,0.0,20.162876890983698,32.332144709968009,12.0,30.0,0.0,21.511480723179394,30.665154650155686,12.0,30.0,0.0,19.205543948601894,33.86583910536619,10.0,30.0,0.0,17.087538400676686,39.4879704925849,12.0,30.0,0.0,19.58338690313214,33.840639798357759,20.0,30.0,0.0,18.537878366521285,0.0,0.0,0.0,15.129349342448585,0.0,0.0,458.581542013024,457.243505510605,464.8022875815726,464.3280069347715,520.3623968624229,780.2407982323429,531.7064060523408,632.3116579179107,777.3285423029169,0.0,82.45049817663326,82.45049817663326,60.0,0.0,60.0,60.0,12.0,12.0,12.0,19.0,12.0,12.0,21.0,10.0,0.0,0.0,0.0,0.0,0.0,0.0,0.0,0.0,0.0,0.0,0.0,0.0,0.0,82.45049817663326,82.45049817663326,0.0,0.0,0.0,82.45049817663326,0.0,0.0,0.00257 
 04/17  03:50:00,7.223333333333334,70.5,4.791666666666667,0.0,0.0,0.0,0.0,0.0,2.0,2.0,0.0,0.0,0.0,0.0,0.0,340.0,0.0,0.0,0.0,0.0,0.0,0.0,0.0,0.0,0.0,0.0,0.0,19.74646841731315,-99.2858623051643,19.905820755357177,-250.56503570757514,19.517743161247723,-205.37903674191694,19.384359478312818,-59.25807950818671,20.17443781415433,-12.731023776982454,21.31094356182861,-55.6288685561247,19.373632608294846,-88.9669642974651,17.445607571711009,-173.31306719708017,19.444381460481915,-51.1029208527566,514.8893637430456,494.33584024996108,0.0,0.0,0.0,0.0,0.0,0.0,0.0,0.0,0.0,0.0,0.0,0.0,0.0,0.0,0.0,0.0,0.0,0.0,0.0,0.0,0.0,0.0,1.2509004068770767,0.3818377310369586,306.78634211292697,366.73189525640387,7478.614070790374,0.21480201856086585,0.03278419086704301,163.69695425784313,195.40640796864202,4054.5866203963726,1.2295751516205356,0.23234602260403176,260.9656163646124,311.9850571326921,6381.360766685666,0.24546115302366515,0.04638343783515969,128.64463700454975,153.79942136063549,3121.758057609799,0.0,0.0,6.972335306231067,8.312025065669993,180.97753674152455,0.0,0.0,13.630630739453684,16.172310756382744,388.4455751800355,0.0,0.0,54.975435189177449,65.76900107019782,1326.1529506083976,0.0,0.0,43.26918433932532,52.130530336886717,862.733108379261,0.0,0.0,22.073912770801277,26.36029969931096,549.2377129633951,36.90341457909082,25.310983936276295,397.1964659150881,476.06714536584618,9872.659308545986,0.0,0.0,53.89073425285887,65.37280666474422,865.8304338797757,0.0,19.229151896362084,33.16138940634266,22.0,30.0,0.0,19.560022032739299,32.4207330164444,12.0,30.0,0.0,19.30423889787738,32.999919585635527,22.0,30.0,0.0,19.229284079907793,33.18268483955437,12.0,30.0,0.0,20.118738720644314,32.233438164388967,12.0,30.0,0.0,21.44765318103739,30.590995358953223,12.0,30.0,0.0,19.163762849461649,33.829122824906097,10.0,30.0,0.0,17.019175245758406,39.40651201688377,12.0,30.0,0.0,19.560431615344095,33.65614364790514,20.0,30.0,0.0,18.479917615083474,0.0,0.0,0.0,15.04558138663078,0.0,0.0,458.814548232202,458.42348836453808,463.6268454168083,459.8900077735932,519.0851031543934,777.3045661701538,531.8386427528503,630.1160348637725,767.5594052951881,0.0,82.45049817663326,82.45049817663326,60.0,0.0,60.0,60.0,12.0,12.0,12.0,19.0,12.0,12.0,21.0,10.0,0.0,0.0,0.0,0.0,0.0,0.0,0.0,0.0,0.0,0.0,0.0,0.0,0.0,82.45049817663326,82.45049817663326,0.0,0.0,0.0,82.45049817663326,0.0,0.0,0.0025833333333333335 
 04/17  04:00:00,7.11,71.0,4.78,0.0,0.0,0.0,0.0,0.0,2.0,2.0,0.0,0.0,0.0,0.0,0.0,340.0,0.0,0.0,0.0,0.0,0.0,0.0,0.0,0.0,0.0,0.0,0.0,19.77341628915017,-218.33389599712747,19.777462625467856,-180.73258924371044,19.40329408819371,-100.18208298039645,19.36815031961713,-114.5030594377613,20.13098124062105,-12.791555949210164,21.248382006970709,-56.30550314399778,19.317675762959597,-79.38926318166318,17.383450303054916,-177.35827534594194,19.42181184246501,-53.22925681128186,513.0367738439372,503.79211970298709,0.0,0.0,0.0,0.0,0.0,0.0,0.0,0.0,0.0,0.0,0.0,0.0,0.0,0.0,0.0,0.0,0.0,0.0,0.0,0.0,0.0,0.0,1.2565411564661009,0.38355957157084888,252.38041063985293,301.6602854920875,6217.630281370374,0.22700121283051109,0.034646094754351517,134.57040352623745,160.93171171409927,3328.126383693413,1.2723484145667748,0.24042864976696436,247.229203056463,295.54737537145288,6044.660396963091,0.24866188727250339,0.04698826290107772,142.66554355984645,170.57741203691934,3491.7497012464698,0.0,0.0,7.087556344703434,8.449539982305869,184.96487378525945,0.0,0.0,13.579231226477994,16.114744698966946,388.4293949438519,0.0,0.0,58.16200075002932,69.56648755149183,1408.2828282945494,0.0,0.0,43.92693027793423,52.93113018871769,880.0015037234518,0.0,0.0,21.950514897353075,26.21769144409704,550.1034203590673,36.914874866078609,25.31884421541743,351.54464883965059,421.4531278726654,8870.612695369931,0.0,0.0,54.58969781514006,66.2343037371284,880.6661885516832,0.0,19.317139202970396,32.804588846645817,22.0,30.0,0.0,19.383482564738786,32.61204905671812,12.0,30.0,0.0,19.141443949264283,33.21914377731723,22.0,30.0,0.0,19.235097335410754,33.105172578568808,12.0,30.0,0.0,20.07477082826093,32.14443311131269,12.0,30.0,0.0,21.38563512893528,30.519230518292888,12.0,30.0,0.0,19.09630585641213,33.792006154993,10.0,30.0,0.0,16.951102497028495,39.36413135760077,12.0,30.0,0.0,19.536087302129013,33.49033576763331,20.0,30.0,0.0,18.409495858005273,0.0,0.0,0.0,14.962912431787953,0.0,0.0,454.17669017385529,454.6864000267547,461.8728271761538,459.8900422939513,515.704175623538,772.0015142799607,528.3990758977445,628.1953604757634,756.3518275401751,0.0,82.45049817663326,82.45049817663326,60.0,0.0,60.0,60.0,12.0,12.0,12.0,19.0,12.0,12.0,21.0,10.0,0.0,0.0,0.0,0.0,0.0,0.0,0.0,0.0,0.0,0.0,0.0,0.0,0.0,82.45049817663326,82.45049817663326,0.0,0.0,0.0,82.45049817663326,0.0,0.0,0.002596666666666667 
 04/17  04:10:00,7.023333333333333,71.5,4.7666666666666679,0.0,0.0,0.0,0.0,0.0,2.0,2.0,0.0,0.0,0.0,0.0,0.0,340.0,0.0,0.0,0.0,0.0,0.0,0.0,0.0,0.0,0.0,0.0,0.0,19.623011494637475,-99.72427807121676,19.770121506389587,-245.8088620120518,19.402994240240653,-206.73589855792307,19.27868580744027,-63.10835686408791,20.086502295581498,-13.213446296394551,21.18564481901688,-56.13838971925702,19.274803880440289,-92.7445997921102,17.32011985361764,-178.52012573601884,19.39783211371823,-55.58718350579477,512.6420273294916,508.9736622067345,0.0,0.0,0.0,0.0,0.0,0.0,0.0,0.0,0.0,0.0,0.0,0.0,0.0,0.0,0.0,0.0,0.0,0.0,0.0,0.0,0.0,0.0,1.2616275829542752,0.3851122048089973,303.15053059018529,362.4770106170941,7438.291528391761,0.21768357856336069,0.03322398940222233,161.8068842616824,193.20615717640855,4031.2056308839275,1.2367045939117945,0.233693233921352,258.81273754803706,309.48749297607005,6371.560469938181,0.24641418495760687,0.04656352701390906,128.17550377591159,153.2788451741519,3132.4046205179258,0.0,0.0,7.038087167618409,8.39176822196973,184.26725193508998,0.0,0.0,13.789710877861595,16.36590414210627,395.1154043911098,0.0,0.0,54.84399506722254,65.62588666510202,1333.0803788178387,0.0,0.0,43.81373244463138,52.804405597556158,879.3151851252161,0.0,0.0,23.43521265932982,27.987517138275164,590.1288188418978,36.871194013495699,25.28888478291887,393.2390661656366,471.4453259393496,9849.343762182045,0.0,0.0,54.43111046008566,66.05834749808462,877.9879888572718,0.0,19.103301336092039,33.210030123337578,22.0,30.0,0.0,19.426855001338354,32.50374051751696,12.0,30.0,0.0,19.182887741607837,33.052658648630799,22.0,30.0,0.0,19.112449659965809,33.20695745270197,12.0,30.0,0.0,20.029413725613567,32.07554872602857,12.0,30.0,0.0,21.321988430228325,30.466736294141464,12.0,30.0,0.0,19.05320725383016,33.779869892431538,10.0,30.0,0.0,16.88086044699486,39.32302799842375,12.0,30.0,0.0,19.509692983889097,33.35456005562871,20.0,30.0,0.0,18.354897836885749,0.0,0.0,0.0,14.873749243792757,0.0,0.0,454.9785653782417,455.8941700143845,461.0208224467234,455.84922169119548,514.7239282031023,769.8571039077872,528.8220682260613,625.7673307044786,748.6442614338334,0.0,82.45049817663326,82.45049817663326,60.0,0.0,60.0,60.0,12.0,12.0,12.0,19.0,12.0,12.0,21.0,10.0,0.0,0.0,0.0,0.0,0.0,0.0,0.0,0.0,0.0,0.0,0.0,0.0,0.0,82.45049817663326,82.45049817663326,0.0,0.0,0.0,82.45049817663326,0.0,0.0,0.0026099999999999996 
 04/17  04:20:00,6.936666666666667,72.0,4.753333333333334,0.0,0.0,0.0,0.0,0.0,2.0,2.0,0.0,0.0,0.0,0.0,0.0,340.0,0.0,0.0,0.0,0.0,0.0,0.0,0.0,0.0,0.0,0.0,0.0,19.649740755644808,-217.4385424308348,19.64643156636077,-175.70349003348657,19.290966399263547,-100.41074962222774,19.263924590755694,-117.67580923814012,20.041848679637,-13.237165916911153,21.123859119846274,-56.72373033083079,19.218330960078697,-83.20379294637519,17.256872010993939,-182.82361415983793,19.37266287741687,-57.64119416418464,508.520472786131,518.8781402974121,0.0,0.0,0.0,0.0,0.0,0.0,0.0,0.0,0.0,0.0,0.0,0.0,0.0,0.0,0.0,0.0,0.0,0.0,0.0,0.0,0.0,0.0,1.2631885151892695,0.3855886798502044,246.5537150733834,294.75786161859187,6099.722894343063,0.2289175064469281,0.03493856936003177,131.33834124175776,157.0975731968454,3261.7720154606606,1.276043399776731,0.24112687070610953,242.55466116943854,290.00997313770548,5960.0065933012469,0.24914566520454474,0.04707967974386709,140.5627597311401,168.09152385657303,3457.500156907584,0.0,0.0,7.151591568872822,8.526924399952826,187.83918374354927,0.0,0.0,13.730190879705307,16.29790158413296,394.13964133160325,0.0,0.0,58.082564376560117,69.48441104848483,1413.925835980072,0.0,0.0,44.48316633965416,53.61741172980881,894.3493973013069,0.0,0.0,23.244743993766205,27.76346601296033,588.0909802417446,36.89605970981596,25.305939444318228,343.60373598926409,412.01641047907096,8726.352409921332,0.0,0.0,55.13686288659593,66.92642479543813,889.5962278622245,0.0,19.19185799783552,32.88561593869584,22.0,30.0,0.0,19.25769503873129,32.71453823086327,12.0,30.0,0.0,19.02508678205391,33.28536847356665,22.0,30.0,0.0,19.121032265848429,33.1436593409561,12.0,30.0,0.0,19.984378418164306,32.01588937341169,12.0,30.0,0.0,21.260480316285574,30.416658914300347,12.0,30.0,0.0,18.986116970581546,33.76739997809777,10.0,30.0,0.0,16.810921825582999,39.31572313793882,12.0,30.0,0.0,19.482233147906727,33.23546831863797,20.0,30.0,0.0,18.281782466496439,0.0,0.0,0.0,14.787659738309284,0.0,0.0,450.88609014746899,452.6308746206929,459.52739908198819,456.45351492362075,511.703434607808,765.2441257072428,525.4750566262273,624.0131796088572,739.7970847448808,0.0,82.45049817663326,82.45049817663326,60.0,0.0,60.0,60.0,12.0,12.0,12.0,19.0,12.0,12.0,21.0,10.0,0.0,0.0,0.0,0.0,0.0,0.0,0.0,0.0,0.0,0.0,0.0,0.0,0.0,82.45049817663326,82.45049817663326,0.0,0.0,0.0,82.45049817663326,0.0,0.0,0.002596666666666667 
 04/17  04:30:00,6.85,72.5,4.74,0.0,0.0,0.0,0.0,0.0,2.0,2.0,0.0,0.0,0.0,0.0,0.0,340.0,0.0,0.0,0.0,0.0,0.0,0.0,0.0,0.0,0.0,0.0,0.0,19.500983599546776,-99.54871512073987,19.63893091797444,-242.25816807206867,19.289987849838849,-207.67792003454907,19.174504261239684,-66.13580648389052,19.99622788779382,-13.656954649416037,21.06142003881346,-56.5380507220836,19.17405969595393,-96.29912932688785,17.192216319666757,-184.01362186230973,19.346005919805707,-60.17008382389463,510.336274299204,524.3528100871675,0.0,0.0,0.0,0.0,0.0,0.0,0.0,0.0,0.0,0.0,0.0,0.0,0.0,0.0,0.0,0.0,0.0,0.0,0.0,0.0,0.0,0.0,1.2687772108928273,0.3872946309196664,300.07906805262567,358.8722288512081,7396.469892948362,0.21970091216825816,0.033531885251565658,160.39428766385798,191.56162867777804,4012.242082722801,1.2407530294048246,0.2344582444075633,256.1303006558536,306.3359039187679,6335.869733058018,0.24681094044783437,0.04663849970669583,127.1211296011289,152.04753387280744,3122.4454625788409,0.0,0.0,7.099185821958098,8.465613720747495,187.04764684847343,0.0,0.0,13.933615302777718,16.54068357150212,400.667361228076,0.0,0.0,54.830529960643769,65.62104112932485,1339.7489718763278,0.0,0.0,44.37786358352113,53.500267319161768,893.690687761889,0.0,0.0,24.66527046685528,29.457014983997625,626.8580747247559,36.85534174704661,25.27801217218561,389.2286984086901,466.7276829781256,9803.510464776424,0.0,0.0,54.98650433229105,66.76050959631144,886.8756181327477,0.0,18.981449839538649,33.29984248908123,22.0,30.0,0.0,19.300080202442126,32.61788746798221,12.0,30.0,0.0,19.0656463554961,33.141864599537438,22.0,30.0,0.0,18.99922175264854,33.27424036185418,12.0,30.0,0.0,19.938005835014669,31.976041307662507,12.0,30.0,0.0,21.19740497270939,30.38665893600973,12.0,30.0,0.0,18.94163713488856,33.78065861012915,10.0,30.0,0.0,16.73901693791552,39.312583569183228,12.0,30.0,0.0,19.45297012862828,33.14141196341961,20.0,30.0,0.0,18.233399335666129,0.0,0.0,0.0,14.69690169106987,0.0,0.0,452.0757806289862,453.87449029140967,458.9316847438538,452.7922540469491,511.01599761408166,763.6904224961088,526.2839288223102,621.7376725315736,733.6863905799411,0.0,82.45049817663326,82.45049817663326,60.0,0.0,60.0,60.0,12.0,12.0,12.0,19.0,12.0,12.0,21.0,10.0,0.0,0.0,0.0,0.0,0.0,0.0,0.0,0.0,0.0,0.0,0.0,0.0,0.0,82.45049817663326,82.45049817663326,0.0,0.0,0.0,82.45049817663326,0.0,0.0,0.0025833333333333335 
 04/17  04:40:00,6.763333333333334,73.0,4.726666666666667,0.0,0.0,0.0,0.0,0.0,2.0,2.0,0.0,0.0,0.0,0.0,0.0,340.0,0.0,0.0,0.0,0.0,0.0,0.0,0.0,0.0,0.0,0.0,0.0,19.52642404754057,-217.29769547648585,19.518418604525288,-170.24402938222966,19.18018821542735,-99.74962935853637,19.1600321211586,-121.00451264022377,19.95040197671736,-13.655225466729207,20.999785496607104,-57.083795586174577,19.11703753448075,-86.7309899431425,17.12771841084018,-188.36377847902157,19.3182389160428,-62.15011751151121,503.91457163389989,534.4284585888794,0.0,0.0,0.0,0.0,0.0,0.0,0.0,0.0,0.0,0.0,0.0,0.0,0.0,0.0,0.0,0.0,0.0,0.0,0.0,0.0,0.0,0.0,1.2705770743732515,0.38784403979647488,239.23309232116208,286.0609343928471,5943.841507026746,0.23104379712443247,0.03526309479921131,127.13566325388365,152.0969583822593,3171.8351680475409,1.28059725489255,0.24198738754583339,236.6144815014597,282.94902049974845,5845.069896690618,0.24987208551710952,0.04721694737662688,137.8176904449599,164.8344070891775,3407.452102511941,0.0,0.0,7.212851113129692,8.600998227747248,190.6327620516435,0.0,0.0,13.866439762288018,16.4634767282783,399.48138408380989,0.0,0.0,58.20202242578851,69.64004125507623,1424.287296767202,0.0,0.0,45.05424396117472,54.32207951011657,908.7978214132891,0.0,0.0,24.42377512722298,29.171870905841609,623.4881242552062,36.88320581626752,25.297123330773343,333.2343897731512,399.6592444578158,8523.644789190595,0.0,0.0,55.70097528016985,67.63966882467193,898.5308945957634,0.0,19.06813747941949,33.01593242560003,22.0,30.0,0.0,19.136741707063807,32.85496383169085,12.0,30.0,0.0,18.91269094783891,33.38990897100286,22.0,30.0,0.0,19.009000908408596,33.22460879820448,12.0,30.0,0.0,19.891866132533325,31.94537652001173,12.0,30.0,0.0,21.136218766855654,30.35956743565952,12.0,30.0,0.0,18.874747168325919,33.798881023836248,10.0,30.0,0.0,16.667549655575706,39.33988023455791,12.0,30.0,0.0,19.422704095210528,33.06246098910874,20.0,30.0,0.0,18.15184715210598,0.0,0.0,0.0,14.609951133450366,0.0,0.0,448.404476195287,451.02575624436897,457.7349510368477,453.8194846717254,508.35229672031519,759.6256010895627,523.0143762636153,620.2895943167839,726.581074417976,0.0,82.45049817663326,82.45049817663326,60.0,0.0,60.0,60.0,12.0,12.0,12.0,19.0,12.0,12.0,21.0,10.0,0.0,0.0,0.0,0.0,0.0,0.0,0.0,0.0,0.0,0.0,0.0,0.0,0.0,82.45049817663326,82.45049817663326,0.0,0.0,0.0,82.45049817663326,0.0,0.0,0.00257 
 04/17  04:50:00,6.676666666666667,73.5,4.713333333333334,0.0,0.0,0.0,0.0,0.0,2.0,2.0,0.0,0.0,0.0,0.0,0.0,340.0,0.0,0.0,0.0,0.0,0.0,0.0,0.0,0.0,0.0,0.0,0.0,19.379079388268815,-98.54777764853498,19.50988725668406,-239.1977049682157,19.177563141541357,-208.60603394503597,19.070063083984978,-69.00733576807397,19.90363500159433,-14.067948434458714,20.937489241762255,-56.86902274705079,19.071318460710878,-99.75860593493769,17.061951863646017,-189.48030605742759,19.289128056086413,-64.797519078888,508.2903180382373,539.8369732220385,0.0,0.0,0.0,0.0,0.0,0.0,0.0,0.0,0.0,0.0,0.0,0.0,0.0,0.0,0.0,0.0,0.0,0.0,0.0,0.0,0.0,0.0,1.2764089264020667,0.3896242144084452,298.01142390948947,356.4630429744106,7379.450504104243,0.22169565175121778,0.0338363326848623,159.57150634479866,190.61788299777713,4008.742296809586,1.2455141551539613,0.23535792803362844,254.42041601938488,304.3428535180333,6324.684767306395,0.24734133969573206,0.04673872632194482,126.62961056667644,151.48791291215998,3126.280637395871,0.0,0.0,7.151688195933019,8.529210426347277,189.59088294033877,0.0,0.0,14.061280063489658,16.696068460461036,405.7986510020811,0.0,0.0,54.851562442256227,65.65735556229942,1347.1242718571148,0.0,0.0,44.93953786294597,54.19359233097667,907.8544055623517,0.0,0.0,25.795701863717406,30.807728213219364,661.3372210658279,36.79105985581049,25.233923083546299,386.8383188663938,463.9447552715948,9795.480801360998,0.0,0.0,55.52853550379578,67.44681058892454,895.3627240771928,0.0,18.860902928531187,33.435322164644748,22.0,30.0,0.0,19.17643858226546,32.76898185461444,12.0,30.0,0.0,18.950341616262116,33.269830252412109,22.0,30.0,0.0,18.886804263239755,33.38824597218667,12.0,30.0,0.0,19.84441246230986,31.933817455031787,12.0,30.0,0.0,21.07347156251562,30.352542385362296,12.0,30.0,0.0,18.82869413791071,33.834702242687018,10.0,30.0,0.0,16.59442306440424,39.37307000250877,12.0,30.0,0.0,19.390819053385749,33.00527903865141,20.0,30.0,0.0,18.11491815704644,0.0,0.0,0.0,14.51838160758609,0.0,0.0,449.9105831389327,452.32483568091518,457.3214057882792,450.5063468913311,507.9658110222081,758.5748491613563,524.3153830746448,618.275760434537,721.6692023022697,0.0,82.45049817663326,82.45049817663326,60.0,0.0,60.0,60.0,12.0,12.0,12.0,19.0,12.0,12.0,21.0,10.0,0.0,0.0,0.0,0.0,0.0,0.0,0.0,0.0,0.0,0.0,0.0,0.0,0.0,82.45049817663326,82.45049817663326,0.0,0.0,0.0,82.45049817663326,0.0,0.0,0.0025666666666666669 
 04/17  05:00:00,6.59,74.0,4.7,0.0,0.0,0.0,0.0,0.0,2.0,2.0,0.0,0.0,0.0,0.0,0.0,340.0,0.0,0.0,0.0,0.0,0.0,0.0,0.0,0.0,0.0,0.0,0.0,19.403521953122398,-216.8275707517173,19.392039181382758,-164.70132240796102,19.06975302155935,-98.68208903471259,19.05585006915466,-123.87250684704896,19.85666233691007,-14.03259081716564,20.875908123755886,-57.361040224831018,19.01363286595086,-90.11783721372263,16.99637517344234,-193.8465743460472,19.258979345796747,-66.67517499650637,498.1143858520445,549.848025120896,0.0,0.0,0.0,0.0,0.0,0.0,0.0,0.0,0.0,0.0,0.0,0.0,0.0,0.0,0.0,0.0,0.0,0.0,0.0,0.0,0.0,0.0,1.2782061040315079,0.39017280342842128,232.0317876341331,277.4996323381216,5790.216571561386,0.23315521207608617,0.03558534982846248,122.96479921335663,147.13091486088045,3082.307219902269,1.2855551131488019,0.24292424662675783,230.78369484617986,276.01358749486237,5731.979508318389,0.25071237994027575,0.047375733170875979,135.1040848263601,161.61243895371056,3357.715541773986,0.0,0.0,7.2604638884734389,8.658797582275302,193.05354235154204,0.0,0.0,13.981996136269867,16.604378268040344,404.2673994918886,0.0,0.0,58.32367206907424,69.79812024378374,1434.5530967650848,0.0,0.0,45.61054916108165,55.00929995002537,922.8121946257148,0.0,0.0,25.506111380141897,30.465052965875168,656.6799849521835,36.76954652301849,25.21916771126098,323.05437632106119,387.51851458773867,8322.854696529816,0.0,0.0,56.22690859530732,68.30688725998879,906.6724444494688,0.0,18.94607877299785,33.185300125796519,22.0,30.0,0.0,19.018089236152066,33.02803580326278,12.0,30.0,0.0,18.80178931972722,33.53113764206332,22.0,30.0,0.0,18.89771529243365,33.34807250248306,12.0,30.0,0.0,19.797169965049258,31.93042964166529,12.0,30.0,0.0,21.01245836757112,30.347606654902035,12.0,30.0,0.0,18.761731087793966,33.8822570143539,10.0,30.0,0.0,16.52179596252075,39.4332141879819,12.0,30.0,0.0,19.35802599279611,32.96159958412514,20.0,30.0,0.0,18.024306264793297,0.0,0.0,0.0,14.430677299007609,0.0,0.0,446.6055210815836,449.85148860781467,456.4231382762939,451.8497518574487,505.65593442402158,755.0275144348241,521.2293726822793,617.2362469321048,715.9401817770655,0.0,82.45049817663326,82.45049817663326,60.0,0.0,60.0,60.0,12.0,12.0,12.0,19.0,12.0,12.0,21.0,10.0,0.0,0.0,0.0,0.0,0.0,0.0,0.0,0.0,0.0,0.0,0.0,0.0,0.0,82.45049817663326,82.45049817663326,0.0,0.0,0.0,82.45049817663326,0.0,0.0,0.002563333333333333 
 04/17  05:10:00,6.611666666666667,74.5,4.713333333333334,9.333333333333334,216.00000000000004,0.0,0.0,0.0,2.0,2.0,0.0,0.0,0.0,0.0,0.0,340.0,0.0,19.1702504955851,126.02009481389124,322.9194725554533,0.5748198528053514,15.299673011456568,0.0,126.02009481389108,172.27902379307563,0.0,0.0,19.263855516737754,-93.34104775266678,19.395379643507679,-225.03164975326764,19.131210411701596,-207.7962760571745,19.132597794080568,-103.08822913315407,19.810515997532926,-14.476435215119409,20.822267630004708,-57.624423857932018,18.969417810737988,-100.2325839910751,17.018965205262796,-196.10780347697347,19.318179459213434,-70.6614668329131,510.1530615185129,553.2316595029877,0.0,0.0,0.0,0.0,0.0,0.0,0.0,0.0,0.0,0.0,0.0,0.0,0.0,0.0,0.0,0.0,0.0,0.0,0.0,0.0,0.0,0.0,1.2746291785311806,0.3890809458275887,291.3998684054319,348.62683998857247,7196.916770036762,0.22314531425800478,0.03405758764621562,158.58031436593465,189.49234399997034,3972.790497308083,1.2291489579386772,0.23226548713882798,262.6747769834562,314.2783689300887,6524.6242100178,0.24076994908556005,0.045496966947384729,140.50933080801483,168.15193103927988,3467.7239588843769,0.0,0.0,7.219794686369537,8.612612366107216,191.01699067557096,0.0,0.0,14.286101506571157,16.969111545131086,410.8212322756969,0.0,0.0,54.137202497957307,64.82045224919423,1325.1210797186735,0.0,0.0,45.108546933359779,54.412726661873268,908.084480868031,0.0,0.0,27.684365909842499,33.065297967216157,711.9255191061143,36.75950144323464,25.212278081779595,394.8682952800273,473.6862122166789,9967.255898263584,0.0,0.0,55.64817349388306,67.62637202237889,886.1496459114005,0.0,18.754448575721264,33.601823310645517,22.0,30.0,0.0,19.066157084414976,32.94589953039875,12.0,30.0,0.0,18.873718988588224,33.37343039918112,22.0,30.0,0.0,18.82529676173417,33.4556940517285,12.0,30.0,0.0,19.750411007900934,31.946532747495554,12.0,30.0,0.0,20.95279405881189,30.3587530499395,12.0,30.0,0.0,18.719938236820398,33.935821959582657,10.0,30.0,0.0,16.492336706014215,39.39534285759586,12.0,30.0,0.0,19.364665656521639,32.85483654208123,20.0,30.0,0.0,18.036085625390279,0.0,0.0,0.0,14.351879019255773,0.0,0.0,448.4506360421027,451.31883034978497,456.22486375494159,448.79117720229535,505.63081700046237,753.8801196819043,523.0746264108893,616.2584288119233,709.1977037770639,0.0,82.45049817663326,82.45049817663326,60.0,0.0,60.0,60.0,12.0,12.0,12.0,19.0,12.0,12.0,21.0,10.0,0.0,0.0,0.0,0.0,0.0,0.0,0.0,0.0,0.0,0.0,0.0,0.0,0.0,82.45049817663326,82.45049817663326,0.0,0.0,0.0,82.45049817663326,0.0,0.0,0.0025599999999999999 
 04/17  05:20:00,6.633333333333333,75.0,4.726666666666667,11.666666666666668,270.0,0.0,0.0,0.0,2.0,2.0,0.0,0.0,0.0,0.0,0.0,170.0,0.0,26.18073608833584,158.55511158258268,406.28868940530779,0.7850353018266612,20.894769745279889,0.0,158.55511158258265,216.75685835016948,0.0,0.0,19.24268617905426,-190.45208862719393,19.3886946791139,-27.54548535838569,19.166542645340088,-35.341418832353159,19.21932314858755,-178.5714590624334,19.759629353177738,-13.730806701084362,20.763769870006976,-57.027473197939688,18.91939826643652,-85.53145727682068,17.024231476552108,-197.8069236161757,19.359610219619716,-72.8824520065674,430.7551583842451,560.0844981156661,0.0,0.0,0.0,0.0,0.0,0.0,0.0,0.0,0.0,0.0,0.0,0.0,0.0,0.0,0.0,0.0,0.0,0.0,0.0,0.0,0.0,0.0,1.2643712640328469,0.3859497142957408,142.06180902786597,169.75021495185039,3504.506212297002,0.23092269891400905,0.0352446121663628,12.788575967190529,15.261931423295112,327.57998165470419,1.2710219619747028,0.24017799734971716,216.18826988960184,258.1345490468752,5405.280067627663,0.24258783240024754,0.04584048231297193,106.47794862311722,127.17323894692315,2636.882654610461,0.0,0.0,7.326559873032853,8.72555872189909,192.8014466051823,0.0,0.0,14.207229080218913,16.84880045005342,406.25115246764798,0.0,0.0,58.21118015458629,69.57157806943119,1416.5885474965585,0.0,0.0,45.53913390575675,54.83334498658275,914.4947939759456,0.0,0.0,27.192638396067037,32.417085962800729,699.9857531874117,36.75398341472025,25.208493425734063,215.32357961294114,258.16459236447596,5674.052605996852,0.0,0.0,56.102926679107557,68.0649802271121,886.6321707844147,0.0,18.747488909090014,33.59350547956125,22.0,30.0,0.0,19.114768654578055,32.82722132560687,12.0,30.0,0.0,18.957137577849143,33.23165008426324,22.0,30.0,0.0,18.880448744746788,33.30653929251232,12.0,30.0,0.0,19.695315110293025,31.9873446976086,12.0,30.0,0.0,20.885966651274516,30.383714019354775,12.0,30.0,0.0,18.668468569630489,34.029031160038609,10.0,30.0,0.0,16.48650028452143,39.36045581047512,12.0,30.0,0.0,19.397001574762557,32.720539740302687,20.0,30.0,0.0,17.75690864034399,0.0,0.0,0.0,14.311360605838738,0.0,0.0,443.86769997495318,448.5483325588081,459.1454816678963,441.5621822084193,506.0354525959303,752.5478990635589,521.7221117544067,617.574590891383,705.822415429822,0.0,82.45049817663326,82.45049817663326,60.0,0.0,60.0,60.0,12.0,12.0,12.0,19.0,12.0,12.0,21.0,10.0,0.0,0.0,0.0,0.0,0.0,0.0,0.0,0.0,0.0,0.0,0.0,0.0,0.0,82.45049817663326,82.45049817663326,0.0,0.0,0.0,82.45049817663326,0.0,0.0,0.0025533333333333334 
 04/17  05:30:00,6.654999999999999,75.5,4.74,14.0,324.0,0.0,0.0,0.0,2.0,2.0,0.0,0.0,0.0,0.0,0.0,340.0,0.0,33.85843605216261,188.33759325333953,482.6047101774752,1.0152597909751207,27.02239519053881,0.0,188.33759325333947,257.47176874561509,0.0,0.0,19.280016478322226,-97.71802826634894,19.30866644359215,-208.71001326148304,19.130357484955114,-158.28445541544944,19.315949635408008,-142.62478087793057,19.718618582411236,-13.78243971968061,20.719568881210117,-56.7832940322329,18.879165868998155,-88.68909597179106,17.03264329644713,-200.18759281122744,19.397115960395536,-76.7567464325682,473.0438998143204,558.5709459245572,0.0,0.0,0.0,0.0,0.0,0.0,0.0,0.0,0.0,0.0,0.0,0.0,0.0,0.0,0.0,0.0,0.0,0.0,0.0,0.0,0.0,0.0,1.259517939537559,0.3844682355120755,192.85025680489998,230.82887724268535,4799.870435980327,0.22671010393068392,0.03460166421408485,102.82354751067443,123.16500737259739,2552.683504413548,1.2259321641273913,0.23165762738612845,181.08226625834755,216.59762963252187,4495.0648734406199,0.23514125325346686,0.044433343396346709,103.22355638356811,123.4078929994565,2567.8211985823925,0.0,0.0,7.293773969435605,8.703476638346686,191.07846926087692,0.0,0.0,14.476859767371,17.20365538527755,412.12727609648166,0.0,0.0,54.652228846729979,65.43941521251054,1323.5152084267989,0.0,0.0,45.012270192612337,54.29934162125093,901.8856915670626,0.0,0.0,29.277760098657788,34.964739640426397,753.6188671573566,36.78441351743726,25.229364552426114,253.07862529037829,303.9269150151536,6572.057005621467,0.0,0.0,55.52682493952823,67.49569128207517,872.6505041400387,0.0,18.89311588953739,33.33852115446473,22.0,30.0,0.0,18.976833032960898,33.15462007697707,12.0,30.0,0.0,18.866144502463155,33.40728324991092,22.0,30.0,0.0,18.97633837984339,33.17201930258518,12.0,30.0,0.0,19.660141300668898,32.023819907614768,12.0,30.0,0.0,20.846117572898267,30.403176119987877,12.0,30.0,0.0,18.632871560647844,34.07930875290977,10.0,30.0,0.0,16.488569864075143,39.30504940526488,12.0,30.0,0.0,19.422302452746128,32.63040310045222,20.0,30.0,0.0,17.862137392627596,0.0,0.0,0.0,14.291568045277196,0.0,0.0,448.2064091492641,449.65151406984037,456.19114471064429,447.69292855738817,504.9990209546766,749.719606104575,523.0774379729255,617.9878679025098,698.8895783242026,0.0,82.45049817663326,82.45049817663326,60.0,0.0,60.0,60.0,12.0,12.0,12.0,19.0,12.0,12.0,21.0,10.0,0.0,0.0,0.0,0.0,0.0,0.0,0.0,0.0,0.0,0.0,0.0,0.0,0.0,82.45049817663326,82.45049817663326,0.0,0.0,0.0,82.45049817663326,0.0,0.0,0.0025466666666666669 
 04/17  05:40:00,6.676666666666666,76.0,4.753333333333334,20.333333333333333,353.16666666666665,0.0,0.0,0.0,2.0,2.0,0.0,0.0,0.0,0.0,0.0,170.0,0.0,49.351693440886787,205.36516403254226,526.2370246946912,1.479834842447478,39.387586817125328,0.0,205.36516403254218,280.74974894187496,0.0,0.0,19.33098988151589,-22.508122264264786,19.221818269347666,-282.4314937238787,19.143243239262234,-152.80836268240365,19.45728527976686,-18.907368678075217,19.66875675171971,-13.292907163595772,20.668234721511717,-55.79902326602894,18.834351001781209,-89.11652778114854,17.036408305564316,-200.25949642289334,19.435531737337479,-80.56355406721582,395.5228563187129,556.9746085595812,0.0,0.0,0.0,0.0,0.0,0.0,0.0,0.0,0.0,0.0,0.0,0.0,0.0,0.0,0.0,0.0,0.0,0.0,0.0,0.0,0.0,0.0,1.2457658014165714,0.3802703911527996,192.80356983006099,230.15319946994519,4840.176970158349,0.22469147864348486,0.0342935712215331,135.155062381104,161.44483303681384,3324.4752419641456,1.2003573510468253,0.2268248962673518,64.85067886104896,77.45192843776133,1628.1503305006775,0.2333954254941442,0.044103443970926709,7.350608589845927,8.77059266794154,191.07513949954064,0.0,0.0,7.270720862078358,8.662201127449683,189.46839568853145,0.0,0.0,14.597303007169675,17.318583861421084,413.3733631841859,0.0,0.0,53.04532937571874,63.41812604510502,1277.957325673046,0.0,0.0,44.75523894752299,53.891699789952429,895.3681351127037,0.0,0.0,30.235242914838105,36.03871455890596,779.3900458817791,36.72677819454876,25.189834152639759,162.74835146368117,195.23709802884677,4410.882297150459,0.0,0.0,55.236846391272617,67.02227348267199,866.186591997578,0.0,19.04664105713864,33.02362573270538,22.0,30.0,0.0,18.846614059983165,33.51833294095803,12.0,30.0,0.0,18.894831815146135,33.44298121795974,22.0,30.0,0.0,19.17694760606742,32.78400537279318,12.0,30.0,0.0,19.60677258271932,32.0878203248235,12.0,30.0,0.0,20.786081066469618,30.441645582386934,12.0,30.0,0.0,18.587318485492479,34.18926735344472,10.0,30.0,0.0,16.492451490580529,39.24544442367075,12.0,30.0,0.0,19.460375836880627,32.505422931614237,20.0,30.0,0.0,17.597809193061314,0.0,0.0,0.0,14.294216462301828,0.0,0.0,453.41209352105099,450.0486947500269,462.0043293582553,443.60111315183476,503.64987595980758,746.3503323271829,522.8629408161103,619.2598385527186,690.193015004738,0.0,82.45049817663326,82.45049817663326,60.0,0.0,60.0,60.0,12.0,12.0,12.0,19.0,12.0,12.0,21.0,10.0,0.0,0.0,0.0,0.0,0.0,0.0,0.0,0.0,0.0,0.0,0.0,0.0,0.0,82.45049817663326,82.45049817663326,0.0,0.0,0.0,82.45049817663326,0.0,0.0,0.0025399999999999999 
 04/17  05:50:00,6.698333333333332,76.5,4.7666666666666679,26.666666666666666,382.3333333333333,0.0,0.0,0.0,2.0,2.0,0.0,0.0,0.0,0.0,0.0,340.0,0.0,60.37992849848064,221.04759306711606,566.4225003330547,1.810530186070268,48.18931145796866,0.0,221.04759306711584,302.1888183916367,0.0,0.0,19.18761446800609,-153.418565241976,19.229314947883016,-117.14162513120573,19.161733056725006,-143.714401498406,19.44573265709741,-226.84551211490214,19.628020344579249,-13.535311660827432,20.62889609804541,-57.2184495013567,18.807646863013887,-80.60536195773455,17.04049498314741,-198.4915147519156,19.465766904919574,-83.94302631759843,496.19077659474626,553.5709100311943,0.0,0.0,0.0,0.0,0.0,0.0,0.0,0.0,0.0,0.0,0.0,0.0,0.0,0.0,0.0,0.0,0.0,0.0,0.0,0.0,0.0,0.0,1.2679792302662119,0.3870510470898083,223.84604097149265,267.8213965691091,5500.910120232116,0.23978012753425016,0.03659647856139349,126.65628524822631,151.50473940455408,3127.6168230901614,1.1799911052488624,0.22297639932896119,183.30674400965246,219.31925042283735,4555.9398687258949,0.219827143072783,0.04153952061088113,99.08025601961585,118.64765396988162,2460.903014106132,0.0,0.0,7.341035119892674,8.763365940800452,190.44098868806675,0.0,0.0,14.638247786260278,17.401710806960396,412.7607532490264,0.0,0.0,54.159798585718267,64.88215504325004,1301.1920116601555,0.0,0.0,44.51432556796048,53.701057275872148,888.8671456589503,0.0,0.0,31.67810354317443,37.82388593692117,816.4271075517979,36.78573963202142,25.23027409603665,276.2996020876552,331.74719290501596,7090.442186336021,0.0,0.0,54.99636220320213,66.85056712652136,861.9537708853357,0.0,18.785684349217818,33.668806527500468,22.0,30.0,0.0,18.92276823694149,33.37812038143157,12.0,30.0,0.0,18.93861107618656,33.370282745784738,22.0,30.0,0.0,19.04266865148646,33.159317849016108,12.0,30.0,0.0,19.57185862470118,32.14718062272625,12.0,30.0,0.0,20.7492690048862,30.484167115726348,12.0,30.0,0.0,18.577487071871027,34.21117315199267,10.0,30.0,0.0,16.498282956080474,39.19144911239373,12.0,30.0,0.0,19.48362357726819,32.442468166377768,20.0,30.0,0.0,17.89437437618198,0.0,0.0,0.0,14.314253603679323,0.0,0.0,448.00487613249558,452.85170658937445,454.0244611713,442.3624260696567,504.0409543775738,746.036564047747,523.4280237791832,619.7372324751223,684.7866570266788,0.0,82.45049817663326,82.45049817663326,60.0,0.0,60.0,60.0,12.0,12.0,12.0,19.0,12.0,12.0,21.0,10.0,0.0,0.0,0.0,0.0,0.0,0.0,0.0,0.0,0.0,0.0,0.0,0.0,0.0,82.45049817663326,82.45049817663326,0.0,0.0,0.0,82.45049817663326,0.0,0.0,0.00252 
 04/17  06:00:00,6.72,77.0,4.78,33.0,411.5,0.0,0.0,0.0,2.0,2.0,0.0,0.0,0.0,0.0,0.0,170.0,0.0,75.24445156239885,226.58275739777768,580.6061920587142,2.2562562317861625,60.05275271109218,0.0,226.58275739777748,309.75580767877309,0.0,0.0,19.229468553127309,-73.88303922151295,19.265404776139137,-14.800660543894935,19.21402583038499,-11.986592008608568,19.397992085851919,-348.83587107238056,19.578476000112589,-13.039520088571635,20.58282968613547,-56.72719097556171,18.77389139143025,-72.99810188900301,17.042780122082747,-198.63445918763638,19.49583332752165,-86.92414589061036,404.879493008596,549.6750595703682,0.0,0.0,0.0,0.0,0.0,0.0,0.0,0.0,0.0,0.0,0.0,0.0,0.0,0.0,0.0,0.0,0.0,0.0,0.0,0.0,0.0,0.0,1.2570485657392153,0.3837144584063539,47.59896899224391,56.84342390464414,1202.5845420583106,0.2397025780660151,0.03658464256196812,8.33830470348526,9.954329808557583,212.8718602947743,1.2056056721027815,0.22781664249863604,171.0482336978959,204.17991722882403,4285.064809047487,0.21508397306736563,0.04064322998249538,159.18320143750808,190.11569902949104,3915.4358208665587,0.0,0.0,7.374717566368601,8.789135042008095,190.29948127219448,0.0,0.0,14.686931169605974,17.431288073306015,412.0949937662506,0.0,0.0,55.927341875788389,66.87515293750984,1338.7099198292195,0.0,0.0,44.50811414779625,53.594492903606809,887.8031004437875,0.0,0.0,32.2082425630153,38.3849989033602,830.9090190807274,36.72890786941055,25.191294834986669,158.0987653035625,189.66015044632358,4289.377804678099,0.0,0.0,54.993800364653278,66.71767836593107,863.6584130698991,0.0,18.92132856513327,33.5396922099597,22.0,30.0,0.0,19.025469050054555,33.25524857617601,12.0,30.0,0.0,19.056804569379165,33.119841044297078,22.0,30.0,0.0,18.894926331523036,33.60770420604389,12.0,30.0,0.0,19.519088576793317,32.252439025913748,12.0,30.0,0.0,20.694822572791894,30.565960155210143,12.0,30.0,0.0,18.551842574395207,34.23575891315295,10.0,30.0,0.0,16.506916124959507,39.137430322195687,12.0,30.0,0.0,19.515772216160685,32.372448463173778,20.0,30.0,0.0,17.592930610142078,0.0,0.0,0.0,14.350103052742924,0.0,0.0,453.32376094105879,451.18080459832438,450.8012968641455,440.7264636221074,505.45152521793298,745.7280481203859,522.258766550827,620.7858711696865,679.9083910463987,0.0,82.45049817663326,82.45049817663326,60.0,0.0,60.0,60.0,12.0,12.0,12.0,19.0,12.0,12.0,21.0,10.0,0.0,0.0,0.0,0.0,0.0,0.0,0.0,0.0,0.0,0.0,0.0,0.0,0.0,82.45049817663326,82.45049817663326,0.0,0.0,0.0,82.45049817663326,0.0,0.0,0.0025 
 04/17  06:10:00,6.906666666666666,76.66666666666667,4.8100000000000009,39.333333333333339,440.66666666666665,0.0,0.0,0.0,2.0,2.0,0.0,0.0,0.0,0.0,0.0,1710.0,0.0,90.29630973857589,230.45210504103648,590.521333222138,2.7076010318549295,72.06572156598745,0.0,230.4521050410363,315.0454992607475,0.0,0.0,20.343436952740114,-859.954695609229,19.454108351708,681.4515691621398,20.567376688398246,-2434.073394400186,19.76302063435061,790.522232845128,19.54193086346945,-14.39484013909528,20.55533339231895,-57.67692187176533,18.84646046293401,104.88421890188475,17.04055192981687,-200.13916438298987,19.777088036481776,-119.16511260522987,777.6074280510891,581.373939719232,0.0,0.0,0.0,0.0,0.0,0.0,0.0,0.0,0.0,0.0,0.0,0.0,0.0,0.0,0.0,0.0,0.0,0.0,0.0,0.0,0.0,0.0,1.2673701084139069,0.38686511245845758,376.53426923966279,448.03293278190969,10509.226807633207,0.33479573931834086,0.05109825081171259,319.76105340297138,382.15556456565499,8103.46439798291,1.0795526520972785,0.2039970997916249,490.63017296857006,583.1591421388456,14005.168683426713,0.3122887475363063,0.05901147912628614,333.50628075186537,398.34301748999186,8591.854882290625,0.0,0.0,9.288859328068784,11.10537524284204,235.5833864620502,0.0,0.0,15.68447376851301,18.677729135149727,433.27233209051658,0.0,0.0,84.19953527998405,100.90360156057281,2016.5671557495353,0.0,0.0,47.36640217914335,57.219348664576987,926.5205788047396,0.0,0.0,31.20899303896097,37.26820772595244,818.8707351453445,37.7521458296199,25.893104135541785,647.8626929534307,775.9751072442782,16516.84792008465,0.0,0.0,58.15606052283006,70.75890753176455,901.2126060777541,1914.0250493606009,20.61923647577516,30.302676067063105,21.999999999999998,30.0,0.0,19.405823465984225,32.6180357098912,15.999999999999999,30.0,4307.5896696327649,20.983627316622145,29.649739938168375,21.999999999999998,30.0,0.0,19.61250532407522,32.22371095878223,15.999999999999999,30.0,0.0,19.491989280858414,32.32080460370191,12.0,30.0,0.0,20.670932155234206,30.603973100127339,19.0,30.0,0.0,18.735303019795734,33.98062115972823,10.0,30.0,0.0,16.5084343184954,39.12895714623595,15.999999999999999,30.0,353.33426746335979,19.944231007645305,31.52988720082026,19.3,30.0,0.0,18.74892493601663,0.0,0.0,0.0,14.44052269974465,0.0,0.0,451.9389305082716,453.3001434883086,450.9991786967824,450.67475549636739,506.07707086830166,744.7217198821425,505.5237310367583,618.0940129992116,680.3291853290807,10567.834731257128,81.01714563241117,85.28956993534507,60.0,0.0,60.0,60.0,16.0,16.0,19.0,19.0,16.0,12.0,21.0,10.0,1.0,0.0,1914.0250493606009,0.0,4307.5896696327649,0.0,0.0,0.0,0.0,353.33426746335979,6465.650182161497,3879390.1092968976,5057055.4456121,81.01714563241117,85.36212988348419,0.3515216727387166,0.7663658217448313,0.3602813740196596,85.36212988348419,0.3542647819438876,5057055.4456121,0.26544688317182926 
 04/17  06:20:00,7.093333333333334,76.33333333333334,4.84,45.66666666666667,469.83333333333339,0.0,0.0,0.0,2.0,2.0,0.0,0.0,0.0,0.0,0.0,513.0,0.0,105.52560760515736,232.42170614418093,595.5684915813645,3.164267854879227,84.22032035251243,0.0,232.42170614418084,317.7380932935691,0.0,0.0,20.92257234882667,-1352.842095692382,20.003781141130049,565.6348412853972,21.162505211490016,-2628.6487652190987,20.519871185868824,464.2360769797158,19.494552513588915,-10.835215206275976,20.522436472992113,-45.75734152403453,19.131745353750213,130.1952161903162,17.031370572512715,-203.35418595950237,19.733368324294106,-98.28289053842284,943.3716299498892,603.4421071253322,0.0,0.0,0.0,0.0,0.0,0.0,0.0,0.0,0.0,0.0,0.0,0.0,0.0,0.0,0.0,0.0,0.0,0.0,0.0,0.0,0.0,0.0,1.3565208074236322,0.41407839054445408,413.3292682208657,490.3912846638292,12001.423893063245,0.357144251085572,0.054509195831131247,347.2566161363226,413.7547124209933,9237.030955793105,1.1232996193567258,0.21226372247859519,488.34865298474235,578.8236317860854,14380.116302246599,0.31607312648443977,0.059726592306205517,337.16161967966129,401.0974014316438,9246.69884588697,0.0,0.0,9.613357500098353,11.48814405260631,239.40394008781403,0.0,0.0,14.865975533564,17.693024062914274,404.16871221416127,0.0,0.0,97.24693115532577,116.27939352727774,2383.2409357147137,0.0,0.0,50.532859326103849,60.99466781166674,968.3594060155044,0.0,0.0,25.37013510947629,30.282948972392047,650.9723257009152,38.34131614346694,26.297199001006136,675.8636201477953,807.7851718747804,17699.54709900109,0.0,0.0,61.75866049773103,75.0430501175627,949.8613093018153,1794.3427892066698,21.611907622259346,28.538391840397027,21.999999999999994,29.99999999999999,0.0,20.342322470627587,30.834601041699057,15.999999999999993,29.99999999999999,3085.4518756712307,21.824155810894106,28.17903154574754,21.999999999999994,29.99999999999999,0.0,20.770198169633788,30.035958633038768,15.999999999999993,29.99999999999999,0.0,19.446269338966738,32.46440381374266,11.999999999999995,29.99999999999999,0.0,20.636301202989864,30.67841616703641,18.999999999999994,29.99999999999999,0.0,19.23564302891939,33.00193817964187,9.999999999999997,29.99999999999999,0.0,16.498052993112933,39.16527221801961,15.999999999999993,29.99999999999999,0.0,19.83725936462454,31.78153062137171,18.999999999999994,29.99999999999999,0.0,19.42758988317809,0.0,0.0,0.0,14.572653521055294,0.0,0.0,453.27819134489666,455.7269221773356,453.1210694641168,455.04287859843375,504.20101522319109,742.8638708057816,495.0591720678304,598.4682519984282,688.2129436603067,11104.697506738135,80.66204428746789,87.87745831626038,59.99999999999998,0.0,59.99999999999998,59.99999999999998,16.0,16.0,19.0,19.0,16.0,12.0,21.0,10.0,1.0,0.0,1794.3427892066698,0.0,3085.4518756712307,0.0,0.0,0.0,0.0,0.0,10919.252352364874,6551551.411418927,8559364.926697009,80.66204428746789,87.99999999999997,0.3639750784121625,0.7654516385759755,0.36028137401965945,87.99999999999997,0.35426478194388735,8559364.926697009,0.4475636428549111 
 04/17  06:30:00,7.279999999999999,76.0,4.87,52.0,499.0,0.0,0.0,0.0,2.0,2.0,0.0,0.0,0.0,0.0,0.0,686.0,0.0,120.92210797028139,232.33741223867473,595.3526701622416,3.625949715601934,96.50837857162316,0.0,232.3374122386744,317.62285713402016,0.0,0.0,20.83930941442525,-1094.3847615495702,20.227024846783118,359.19693278696539,20.95320641238606,-531.07663344314,20.746744003012596,14.02059658120612,19.45658354955188,-7.763681371848676,20.507490421747805,-31.593034959358776,19.256419483584798,96.98609032349066,17.025503394251634,-196.65636274411254,19.71892475452714,-84.04141199000688,862.5371544095119,634.9220775394995,0.0,0.0,0.0,0.0,0.0,0.0,0.0,0.0,0.0,0.0,0.0,0.0,0.0,0.0,0.0,0.0,0.0,0.0,0.0,0.0,0.0,0.0,1.3918674147057888,0.42486795320689527,350.49717207148196,416.50736088661588,9758.248137794702,0.3168076249560233,0.04835281211172518,253.84576556869028,302.2560009404708,6815.205186084384,1.2927112225242766,0.24427649707563815,194.32653105453154,231.0906828446961,5470.76997963029,0.2746674324127566,0.051902387077240468,134.43522100063644,159.98611214525944,3713.1056940750956,0.0,0.0,8.948952622684216,10.698389024765217,218.9456960933856,0.0,0.0,12.895957666179543,15.35273298131461,345.5992002612072,0.0,0.0,98.68927307008879,117.9679261693946,2418.218604122944,0.0,0.0,53.47505378856354,64.56808071779592,1004.1737297048617,0.0,0.0,20.534152703139559,24.51661626577239,517.547704715225,38.365476764870567,26.3137700719277,365.9168830939059,437.57983270349538,9876.984282870473,0.0,0.0,65.15429628084529,79.15277860194415,997.3151535864174,1024.4345512609523,21.17068417241389,29.45307354732593,21.5,30.0,0.0,20.651730930566477,30.322846360793755,16.0,30.0,839.9273924022763,21.281916097139317,29.196863863381954,21.25,30.0,0.0,20.980558280948804,29.722321854977957,16.0,30.0,0.0,19.415000082488235,32.5702116585486,12.0,30.0,0.0,20.62968833976305,30.730424172185218,19.0,30.0,0.0,19.433477774879365,32.65884492689606,10.0,30.0,0.0,16.495871045541418,39.205431504738957,16.0,30.0,0.0,19.798159211567059,31.885087844204056,19.0,30.0,0.0,19.18646564912558,0.0,0.0,0.0,14.728870254357285,0.0,0.0,455.0669917608901,458.6544286154861,460.92328982862349,460.88223147396379,502.2348536154819,755.4665413343595,491.38526856054,565.6745449695864,701.0127449957915,5526.003639450223,82.63886439629819,82.63886439629819,60.0,0.0,60.0,60.0,16.0,16.0,19.0,19.0,16.0,12.0,21.0,10.0,1.0,0.0,1024.4345512609523,0.0,839.9273924022763,0.0,0.0,0.0,0.0,0.0,0.0,0.0,0.0,82.63886439629819,82.63886439629819,0.255,0.5393189450457747,0.27021103051474468,82.63886439629819,0.2656985864579156,0.0,0.0024733333333333336 
 04/17  06:40:00,7.466666666666667,75.66666666666667,4.9,61.33333333333333,498.33333333333339,0.0,0.0,0.0,2.0,2.0,0.0,0.0,0.0,0.0,0.0,688.0,0.0,139.50137056008092,221.87202493270167,568.5358628388565,4.183062391221284,111.33653533274402,0.0,221.87202493270144,303.31587925599106,0.0,0.0,21.123945998834317,-1401.88138528528,20.395280153579674,475.32702008315649,21.01424505959851,-335.5220768699675,20.773133024348668,170.07385965274143,19.419550223589654,-7.405626111917275,20.498135596428868,-29.542967823347156,19.358841946338644,142.432182377542,17.025190771660456,-185.1607163623989,19.711822956467107,-77.80382405159452,989.5189876072667,649.7953951107633,0.0,0.0,0.0,0.0,0.0,0.0,0.0,0.0,0.0,0.0,0.0,0.0,0.0,0.0,0.0,0.0,0.0,0.0,0.0,0.0,0.0,0.0,1.3933733861130338,0.42532765143865516,428.3043585183111,508.0396741390663,12191.142620062281,0.3199630455932967,0.048834408668085606,276.21794108576298,328.63730108552627,7441.983416417769,1.3424516308396604,0.25367566720326176,220.97516938959019,262.68234593575479,6128.473549064111,0.29018297849260507,0.05483427409157313,176.7281055768808,210.22068246040983,4796.679498662801,0.0,0.0,9.47957858843959,11.334117317047732,227.75948755740354,0.0,0.0,13.890964285086853,16.53788634914982,366.9259220591877,0.0,0.0,106.27198503692293,126.94569263174543,2603.300779777215,0.0,0.0,55.002051139416888,66.40584967645926,1013.9255741602899,0.0,0.0,17.95883469861043,21.443945297192195,445.3045628866888,38.5557304782843,26.444259587300637,462.0429554270342,551.6468299981566,12469.049158451187,0.0,0.0,67.14117101539321,81.52345249454736,1021.3261052483094,1830.4748974907023,21.679180086434145,28.70239571726956,22.000000000000008,30.00000000000001,0.0,20.907330588134099,30.033708604750438,16.000000000000008,30.00000000000001,0.0,21.208693618462769,29.525216724048624,21.000000000000008,30.00000000000001,0.0,20.99506322615285,29.867822975715005,16.000000000000008,30.00000000000001,0.0,19.381850009037515,32.72116310189149,12.000000000000004,30.00000000000001,0.0,20.62446783096284,30.804893091092479,19.000000000000008,30.00000000000001,0.0,19.625921595421507,32.43706625126089,10.000000000000004,30.00000000000001,0.0,16.513889281056878,39.271504534853679,16.000000000000008,30.00000000000001,0.0,19.78123366491824,31.96681038894542,19.000000000000008,30.00000000000001,0.0,19.842088222128035,0.0,0.0,0.0,14.872523612421338,0.0,0.0,461.98921998738799,467.3181959532261,464.0909272742224,469.13898075246876,498.6122297053603,765.427411717239,484.57107360212287,536.890383749616,708.7043370067177,9505.375632697109,81.7198016127919,83.40847258976953,60.00000000000002,0.0,60.00000000000002,60.00000000000002,16.0,16.0,19.0,19.0,16.0,12.0,21.0,10.0,1.0,0.0,1830.4748974907023,0.0,0.0,0.0,0.0,0.0,0.0,0.0,2555.6788561275159,1533407.3136765094,1985726.9665538688,81.7198016127919,83.43715182896152,0.3401892952042507,0.7670352946344691,0.36028137401965967,83.43715182896152,0.35426478194388769,1985726.9665538688,0.10572780226080117 
 04/17  06:50:00,7.653333333333332,75.33333333333333,4.930000000000001,70.66666666666666,497.66666666666665,0.0,0.0,0.0,2.0,2.0,0.0,0.0,0.0,0.0,0.0,172.0,0.0,157.66057911026705,210.61311248371025,539.6856911003148,4.727579839992118,125.82945023422949,0.0,210.61311248371005,287.92409234654226,0.0,0.0,21.088674486080579,-1616.4885509120359,20.472958072903887,308.96453464387198,20.66213436536842,120.052810045765,20.757224313446657,48.80747991536646,19.379699658213448,-5.997576126094941,20.49334516461552,-25.332112882874186,19.420564294245,101.90184100708666,17.02121810045295,-184.5305225135205,19.708178384772027,-75.11486028841057,940.6203095567162,649.371703091404,0.0,0.0,0.0,0.0,0.0,0.0,0.0,0.0,0.0,0.0,0.0,0.0,0.0,0.0,0.0,0.0,0.0,0.0,0.0,0.0,0.0,0.0,1.3604681533133228,0.4152833190822109,445.070162221439,526.8048043379132,12340.548710400486,0.2867328751224594,0.04376264882821419,225.84870567527188,267.79608739330959,6029.3792577456119,1.3798082319564503,0.2607347377090799,160.88716350828833,190.7447514492321,4338.2453534396249,0.2865135178173352,0.054140876382716387,138.78738164069353,164.6054121136432,3689.920468402483,0.0,0.0,9.116322036673857,10.870176311495767,214.96977564801075,0.0,0.0,13.034739089438693,15.47273342103744,339.5457790165777,0.0,0.0,105.41639694685878,125.53448705543897,2560.2111740193415,0.0,0.0,55.75337200405296,67.12489455417755,1008.3909178590253,0.0,0.0,16.46292691473872,19.601133294834978,401.9712092912556,38.29841662357479,26.267775461985459,386.5929616755605,460.2933710047373,10325.057816234576,0.0,0.0,67.94644701740921,82.23093007208009,1027.9791344713706,1784.6290278170866,21.47609115211402,29.187074910874473,22.0,30.0,0.0,20.962720105433858,30.047103877022754,16.0,30.0,17.271170279118189,21.00066553367545,29.971463524556094,21.0,30.0,0.0,20.894465336402719,30.110953319632384,16.0,30.0,0.0,19.340908236202837,32.92225321439922,12.0,30.0,0.0,20.6231300573915,30.906231986265916,19.0,30.0,0.0,19.70640746373405,32.38012135923537,10.0,30.0,0.0,16.52637044490437,39.34945318992762,16.0,30.0,0.0,19.77397165892094,32.05043173563444,19.0,30.0,0.0,19.742635135396708,0.0,0.0,0.0,15.020044793562767,0.0,0.0,463.7132876303423,469.01651458345727,467.80604587595345,477.0005040602403,493.76030666510629,781.5656631478069,482.40674268571828,517.0875351564133,722.2911763506825,11146.234304147283,80.63457689295865,87.87699961891976,60.0,0.0,60.0,60.0,16.0,16.0,19.0,19.0,16.0,12.0,21.0,10.0,1.0,0.0,1784.6290278170866,0.0,17.271170279118189,0.0,0.0,0.0,0.0,0.0,10960.09549757836,6576057.298547016,8530947.412003683,80.63457689295865,88.0,0.36533651658594537,0.7708472436829243,0.36028137401965956,88.0,0.3542647819438875,8530947.412003683,0.4460725987575248 
 04/17  07:00:00,7.84,75.0,4.96,80.0,497.0,0.0,0.0,0.0,2.0,2.0,0.0,0.0,0.0,0.0,0.0,688.0,0.0,175.28746254131779,198.39178186899364,508.3693759040731,5.256135647516304,139.8975206985035,0.0,198.3917818689934,271.21660683905056,0.0,0.0,21.24869397907343,-986.0605535143968,20.530528737557789,388.8638156992836,21.281106955069398,-1064.7315765388394,20.907728114546214,334.50931496679848,19.351709538120749,-5.509569872406885,20.491151913504888,-25.347015703144778,19.435684757385894,115.8241158773344,17.020490429583796,-162.958872947918,19.70550448515579,-73.59640760477018,973.8261307683151,634.8238822150162,0.0,0.0,0.0,0.0,0.0,0.0,0.0,0.0,0.0,0.0,0.0,0.0,0.0,0.0,0.0,0.0,0.0,0.0,0.0,0.0,0.0,0.0,1.377163396320866,0.42037954710649147,391.99943534824168,464.9337902534335,10851.210427353284,0.3106273670143959,0.04740954930012149,257.9926021204362,306.60413864572026,6817.2254664111619,1.2319247511748204,0.23279001344951268,301.82560458343036,357.86575262889365,8494.412418847069,0.2964310118963449,0.05601493044148617,231.55709500616326,275.08610585474886,6208.639200791484,0.0,0.0,9.311956412013343,11.13375620531722,215.63564276752249,0.0,0.0,13.421399826408424,15.974364682186235,344.4203980303474,0.0,0.0,105.75778915478222,126.2734529302571,2531.2109551734445,0.0,0.0,55.3243944961738,66.78536775999771,981.830538138433,0.0,0.0,15.633376928258344,18.665262712571388,375.631472112809,38.4362865126324,26.362336428417295,494.6632589270707,589.9714961305966,13044.54150849272,0.0,0.0,67.62798029927491,82.03791997929342,1012.266315639662,1111.0752399485367,21.686501875452735,28.868287705673603,21.75,30.0,0.0,21.013268617887328,30.04085537972152,16.0,30.0,1687.7186428177,21.853314604211414,28.574293572912027,21.5,30.0,0.0,21.175617867440388,29.73178794757568,16.0,30.0,0.0,19.321310582228933,33.02217054436006,12.0,30.0,0.0,20.62190650925789,30.957519912970008,19.0,30.0,0.0,19.72216226213822,32.44618494692287,10.0,30.0,0.0,16.550268154906058,39.3986880913633,16.0,30.0,0.0,19.772076092429356,32.09589030998278,19.0,30.0,0.0,19.97950850305513,0.0,0.0,0.0,15.133791690319875,0.0,0.0,468.2997096300147,472.1855761391361,469.94094330981627,475.6463037517566,491.3479516361702,786.5348972656991,479.8748675445858,506.66052593274659,725.7092690689648,7476.985219005202,81.9791106691327,85.60898854245696,60.0,0.0,60.0,60.0,16.0,16.0,19.0,19.0,16.0,12.0,21.0,10.0,1.0,0.0,1111.0752399485367,0.0,1687.7186428177,0.0,0.0,0.0,0.0,0.0,5493.127962595754,3295876.777557452,4304206.621105425,81.9791106691327,85.67063591911357,0.2681042654198585,0.573295251935381,0.27021103051474468,85.67063591911357,0.2656985864579156,4304206.621105425,0.22627541096414878 
 04/17  07:10:00,8.106666666666666,74.83333333333333,5.046666666666667,89.33333333333334,496.33333333333339,0.0,0.0,0.0,2.0,2.0,0.0,0.0,0.0,0.0,0.0,1384.0,0.0,192.60931916357883,185.89905693730067,476.35762682290547,5.775545209137106,153.72215071570526,0.0,185.89905693730044,254.13810472455888,0.0,0.0,21.164192194263113,-1248.9912074164059,20.5761224554143,180.61740163699668,20.788095263720686,-49.254673166952787,20.932702133200935,-42.62093979508051,19.32082463693996,-5.386651123502297,20.498118376886155,-21.265152379272686,19.481909233207128,142.01266634266183,18.048466595000546,-239.32632199184585,19.714556684207879,-49.42419514639272,855.7669069079707,525.4191135531488,0.0,0.0,0.0,0.0,0.0,0.0,0.0,0.0,0.0,0.0,0.0,0.0,0.0,0.0,0.0,0.0,0.0,0.0,0.0,0.0,0.0,0.0,1.2997756054976864,0.39675690033506919,351.8234379559709,417.5351004965709,9473.78851966109,0.2674773746419402,0.04082377512850125,180.8880323520229,215.0962414571979,4683.545415229512,1.2733148740720218,0.2406112762796716,174.45145464147465,207.49210126294197,4573.161954976854,0.25790919323945107,0.04873567521531575,57.36515221849622,68.33768931798605,1512.2081187497384,0.0,0.0,8.757168982842228,10.476544214633492,197.61845547252023,0.0,0.0,11.956991060052204,14.236434505470442,300.6425281579511,0.0,0.0,90.17564304836029,107.70870053444414,2122.796081125954,0.0,0.0,41.59559243480332,50.00637552317751,834.7394320766093,0.0,0.0,13.28250234249303,15.863282178180029,312.5398020522112,38.1380942894056,26.15781501330975,331.503688151819,395.8972029519857,8649.79921457767,0.0,0.0,55.343021102919099,67.17906337638842,800.480121327831,1622.7414416630996,21.51581366506707,29.47681211586816,21.875,30.0,0.0,21.019637683163109,30.270163405304367,16.0,30.0,0.0,21.098802473652996,30.11670892299534,21.0,30.0,0.0,21.121959795947288,30.023627594866598,16.0,30.0,0.0,19.29425624824598,33.184401041795968,12.0,30.0,0.0,20.630740830058867,32.383414556574958,19.0,30.0,0.0,19.800506690605997,32.53229623027762,10.0,30.0,1326.0205415155343,18.168474769633709,35.73554607807211,20.7,30.0,0.0,19.79310306015798,33.39276920711057,19.0,30.0,0.0,19.623406477946859,0.0,0.0,0.0,15.14748540897339,0.0,0.0,467.11226578439377,473.3052538357812,470.7669248890781,486.758471675781,487.9787376569198,824.0599088062086,476.26412060615936,499.04121746224367,761.2630648326065,9471.283474476384,81.7422740275383,83.54285833985594,60.0,0.0,60.0,60.0,16.0,16.0,19.0,19.0,19.7,12.0,21.0,10.0,1.0,0.0,1622.7414416630996,0.0,0.0,0.0,0.0,0.0,1326.0205415155343,0.0,2724.8638613227415,1634918.3167936449,2125834.2492028,81.7422740275383,83.57343823900878,0.34582879537742469,0.7684505091288075,0.36028137401965956,83.57343823900878,0.3542647819438875,2125834.2492028,0.11299338095854561 
 04/17  07:20:00,8.373333333333335,74.66666666666667,5.133333333333334,98.66666666666666,495.66666666666665,0.0,0.0,0.0,2.0,2.0,0.0,0.0,0.0,0.0,0.0,1038.0,0.0,197.51256539797297,169.03765930561478,433.1513983050076,5.922589074246344,157.6356233202277,0.0,169.03765930561458,231.0872958193309,0.0,0.0,21.286357113122678,-1611.8033638752946,20.576632837430659,254.89239949016037,20.677960300881037,186.36500719821778,20.831528724003669,1.8575157136097614,19.28870081868297,-5.409041748055538,20.50773923522773,-18.748735134733776,19.615466549884947,202.80808724867735,19.243602441675159,-119.92883595824553,19.708710409845624,-133.2450452977715,879.7513573372411,386.5052407996019,0.0,0.0,0.0,0.0,0.0,0.0,0.0,0.0,0.0,0.0,0.0,0.0,0.0,0.0,0.0,0.0,0.0,0.0,0.0,0.0,0.0,0.0,1.2187631534814978,0.37202782462805186,429.7468471180469,509.8355071096977,11449.174836246439,0.25262372660766976,0.03855673483023043,202.8537118977864,241.22219614564396,5131.561232223428,1.27643024755252,0.24119997119284215,170.44139511467638,202.63159254906223,4355.131336761096,0.2581015569683767,0.04877202512629945,84.80196377147041,100.77987338784657,2141.8386955206858,0.0,0.0,8.949524173354055,10.706494366560693,196.64893247834034,0.0,0.0,12.182537891121067,14.498420977568152,300.20194451962177,0.0,0.0,73.13949127194209,87.2787460932039,1715.1839141315098,0.0,0.0,17.60890450103178,21.02615995324384,414.18241740096269,0.0,0.0,16.600688470557889,19.807962651604116,381.24397980060226,38.05028298379956,26.09758778038379,372.9793903404926,445.2636890016747,9456.450743868652,0.0,0.0,38.11220734202273,46.27246883566628,523.1708262582165,1798.8608165676115,21.674451612734644,29.444576115672548,22.0,30.0,0.0,20.991405048707646,30.644565671838039,16.0,30.0,0.0,21.041631776782056,30.522826728395726,21.0,30.0,0.0,20.957387296596346,30.633010340526324,16.0,30.0,0.0,19.264601854325926,33.428012939208219,12.0,30.0,0.0,20.647009701515985,34.45724045772784,19.0,30.0,0.0,20.03501893974827,32.43601308959368,10.0,30.0,1060.569020694521,20.270734063532815,31.508687873541594,20.7,30.0,0.0,19.783229773629907,35.22473474014408,19.0,30.0,0.0,19.82219732906305,0.0,0.0,0.0,15.047583352583662,0.0,0.0,471.4821335369271,475.63152670562678,470.81755375552538,498.0331579313215,484.3068091358723,876.1100504392086,476.28548257904,500.4766377836819,800.7245139237064,9318.938324563816,81.84308468397964,81.84308468397964,60.0,0.0,60.0,60.0,16.0,16.0,19.0,19.0,19.7,12.0,21.0,10.0,1.0,0.0,1798.8608165676115,0.0,0.0,0.0,0.0,0.0,1060.569020694521,0.0,0.0,0.0,0.0,81.84308468397964,81.84308468397964,0.34,0.7717971895376516,0.36028137401965956,81.84308468397964,0.3542647819438875,0.0,0.00242 
 04/17  07:30:00,8.64,74.5,5.220000000000001,108.0,495.0,0.0,0.0,0.0,2.0,2.0,0.0,0.0,0.0,0.0,0.0,692.0,0.0,213.39146124962816,155.93962150054615,399.58856610999018,6.398731788765111,170.30863768962565,0.0,155.9396215005459,213.181285115288,0.0,0.0,21.334334531132244,-1633.028632927013,20.6131142917226,266.9378330195086,20.660402637074144,216.5592397435796,20.78087499982867,25.506444294849417,19.25770107219894,-4.7245692919631498,20.521672034482536,-17.253784440392523,19.723131815478646,191.77312469299432,19.16774856523064,-49.90882617896118,19.621714404717254,-207.4643745737305,867.3794298307948,413.89492941359699,0.0,0.0,0.0,0.0,0.0,0.0,0.0,0.0,0.0,0.0,0.0,0.0,0.0,0.0,0.0,0.0,0.0,0.0,0.0,0.0,0.0,0.0,1.170519992119965,0.3573015848962043,446.3316966504241,529.3088106945759,11673.505404032752,0.24447153882238135,0.03731250592527188,207.2013969476319,246.2968232597035,5140.826583487696,1.253534151165872,0.23687342236694493,182.43779172725278,216.82783313605027,4564.8737466770439,0.26026609487618648,0.04918104589497097,129.55793619622754,154.03941312931318,3183.3558644779789,0.0,0.0,8.870902528088612,10.610064958341404,189.6649185354715,0.0,0.0,12.169396750156198,14.473087705461606,293.80778657932629,0.0,0.0,73.52008579976033,87.62143516215176,1710.3520721735497,0.0,0.0,10.500022781911376,12.519358722520878,240.16794291757013,0.0,0.0,22.802629884611869,27.216733044720927,505.150184130536,38.00163527459695,26.064221724689277,390.2179743834033,465.63788116659387,9660.40429706781,0.0,0.0,40.542552122258289,49.14998186357867,545.2073559030164,1807.5561899378714,21.699071817947965,29.61722630261128,22.0,30.0,0.0,21.016983619620214,30.836312363858437,16.0,30.0,0.0,21.05296256767235,30.729020976447268,21.0,30.0,0.0,20.88248445471966,31.063258808684667,16.0,30.0,0.0,19.235247299991465,33.739634978635589,12.0,30.0,0.0,20.66424214531412,36.09934622871406,19.0,30.0,0.0,20.206737853303566,32.50994584182875,10.0,30.0,7.52650851480586,20.06337429935678,32.35502816467949,19.7,30.0,0.0,19.636742829276565,36.35703026216385,19.0,30.0,0.0,19.87231689825122,0.0,0.0,0.0,15.17217748787539,0.0,0.0,475.50787606910367,480.5716496368492,475.2859290837503,489.83860977772448,484.2956045592078,920.856585313961,495.47365985782678,521.6839743318212,779.8789249120312,9909.243879272162,81.45271056230169,83.2412730650392,60.0,0.0,60.0,60.0,16.0,16.0,19.0,19.0,19.7,12.0,21.0,10.0,1.0,0.0,1807.5561899378714,0.0,0.0,0.0,0.0,0.0,7.52650851480586,0.0,2706.700211479036,1624020.1268874217,2102667.644570569,81.45271056230169,83.2716487939557,0.3452233403826346,0.7689642271226451,0.36028137401965956,83.2716487939557,0.3542647819438875,2102667.644570569,0.11172871751766959 
 04/17  07:40:00,8.906666666666667,74.33333333333333,5.306666666666667,114.66666666666666,506.0,0.0,0.0,1.0,2.0,0.0,0.0,0.0,0.0,0.0,4.0,692.0,0.0,226.5878671371158,143.49388108498654,367.6972204652593,6.79444309054667,180.84080439070028,0.0,143.49388108498636,196.16701439647023,0.0,0.0,21.414095512324118,-1222.9821317233519,20.71810369561536,419.00132338841288,21.10767646268313,-769.3391751336551,20.82376921019734,267.64118659833459,19.233804152023767,2.551398573462066,20.530987278291805,-29.215969341024477,19.641494823811738,29.086091336156188,19.519717148882259,-34.82818481490034,19.243501753222256,-724.4920169101183,894.3471882978729,1143.8126657940382,0.0,0.0,0.0,0.0,0.0,0.0,0.0,0.0,0.0,0.0,0.0,0.0,0.0,0.0,0.0,0.0,0.0,0.0,0.0,0.0,0.0,0.0,1.077565739813595,0.32892727100537086,341.5673776217256,404.9304597478507,8822.849897368907,0.2653250093159667,0.04049527004211946,272.14272012239459,323.3055953034078,6688.793778139088,1.1779089418852327,0.22258294442275756,233.02125115091367,276.0692527565377,5991.630297487022,0.2869646170326614,0.054226118108968508,239.36703184468883,284.2537889666013,5825.238725406017,0.0,0.0,9.223528549924538,11.031805875827779,191.95838948030196,0.0,0.0,14.26215030096245,16.958847074209005,336.8897366504857,0.0,0.0,196.82178712906527,234.75186608305075,4397.4445546755309,0.0,0.0,21.329182927094949,25.381736419315659,500.78672937886696,0.0,0.0,152.11600586956735,182.07074908699574,3088.367281048139,38.25765580397386,26.2398187955925,504.2498362227532,600.9142179898504,12237.853936648202,0.0,0.0,153.66655456311319,185.50066187022964,2378.4135655841457,1278.9690118949034,21.799105494620304,30.06566775526671,21.75,30.0,0.0,21.17723254385606,31.081668235379426,16.0,30.0,1090.6582057884774,21.661767781580335,31.106483101010125,21.5,30.0,0.0,20.990998360613334,32.27502906775295,19.0,30.0,0.0,19.218727542848499,34.24536226929001,12.0,30.0,0.0,20.67034567397194,37.12701421964155,19.0,30.0,0.0,20.008409693767136,33.45528037608106,10.0,30.0,662.5752156156756,20.623048706380265,32.744538758619558,20.45,30.0,0.0,18.95624868808612,35.952942077432229,12.0,30.0,0.0,20.11969834483057,0.0,0.0,0.0,16.476209901949525,0.0,0.0,495.01210369286448,493.03078490779139,541.7703028272522,542.5509101392488,504.2010409572005,937.3640318520579,533.6214558662998,601.1506834794388,569.133342840613,7226.430896754386,81.82234040273069,83.60509155942009,220.0,0.0,220.0,220.0,16.0,19.0,19.0,12.0,19.7,12.0,21.0,10.0,1.0,0.0,1278.9690118949034,0.0,1090.6582057884774,0.0,0.0,0.0,662.5752156156756,0.0,2697.9147694327709,1618748.8616596626,2101807.160340359,81.82234040273069,83.63536859238835,0.2599304923144257,0.5763863886855275,0.27021103051474468,83.63536859238835,0.2656985864579156,2101807.160340359,0.11794730567103201 
 04/17  07:50:00,9.173333333333332,74.16666666666667,5.3933333333333339,121.33333333333334,517.0,0.0,0.0,1.0,2.0,0.0,0.0,0.0,0.0,0.0,4.0,523.0,0.0,239.68206504029605,130.85701685408845,335.3161328942786,7.187090047080147,191.2914033796992,0.0,130.85701685408825,178.8914629320796,0.0,0.0,21.090833583824798,-189.18716864312428,20.687831301442288,-23.996786979937,20.829968023274576,-414.0210297063105,20.937653959465029,60.70726512064362,19.212469396305875,2.1076842359285989,20.538636502556736,-28.04887227264065,19.40384409690566,-75.16914406923969,19.220472646899034,-19.554028551540055,18.85764629082516,-474.6745943889813,731.086433730199,981.9610817323285,0.0,0.0,0.0,0.0,0.0,0.0,0.0,0.0,0.0,0.0,0.0,0.0,0.0,0.0,0.0,0.0,0.0,0.0,0.0,0.0,0.0,0.0,1.1876086544227854,0.3625179042804598,185.67277902651223,220.87790875439456,4420.515357198616,0.22706173825305898,0.03465533245620561,145.0553554858153,172.52766246141008,3470.4646859518986,0.9467577685346482,0.1789035843791854,161.8505393999746,192.2547741711827,3927.389301540888,0.2124624104046462,0.04014784777109719,160.32897379993325,190.5074062644955,3856.9998098802586,0.0,0.0,7.498262496500922,8.967278572864629,151.81713134321306,0.0,0.0,12.190044863822659,14.490157303747358,281.5301038872525,0.0,0.0,192.4691643656914,229.82105438372828,4034.063347558591,0.0,0.0,21.50361441835454,25.634431200886135,467.39743725962168,0.0,0.0,159.6924920427428,191.4312913395599,2986.871770680392,37.89359991210948,25.990123396508588,288.0470027246574,344.0373013650313,6928.009063782893,0.0,0.0,162.09452308698563,195.3426795341698,2543.5470487095965,592.6740384604507,21.27325126904052,31.336707324893486,21.33333333333335,30.00000000000002,0.0,21.03315479038332,31.8250114574101,16.000000000000015,30.00000000000002,0.0,21.212154442012236,32.90602173166154,21.000000000000015,30.00000000000002,0.0,21.15928767185063,32.37737682325719,19.000000000000015,30.00000000000002,0.0,19.203661546981679,34.6756212237497,12.00000000000001,30.00000000000002,0.0,20.67410836674761,37.899881948863328,19.000000000000015,30.00000000000002,0.0,19.569169657938955,34.558874755889508,10.000000000000007,30.00000000000002,0.0,19.973093183830064,35.28755166136284,19.700000000000018,30.00000000000002,0.0,18.414237830625134,37.15591604641759,12.00000000000001,30.00000000000002,0.0,19.505734636456667,0.0,0.0,0.0,16.863967525478729,0.0,0.0,508.9558927901861,507.98338801693355,577.0325884296998,556.0816387377906,520.4503629930309,946.6034279400392,541.3964342558427,650.2077814736792,553.8118450961665,5997.578607296689,82.1668672193389,82.1668672193389,220.00000000000018,0.0,220.00000000000018,220.00000000000018,16.0,19.0,19.0,12.0,19.7,12.0,21.0,10.0,1.0,0.0,592.6740384604507,0.0,0.0,0.0,0.0,0.0,0.0,0.0,0.0,0.0,0.0,82.1668672193389,82.1668672193389,0.22666666666666686,0.4628701851798706,0.24018758267977323,82.1668672193389,0.23617652129592518,0.0,0.00864111111111111 
 04/17  08:00:00,9.44,74.0,5.48,128.0,528.0,0.0,0.0,1.0,2.0,0.0,0.0,0.0,0.0,0.0,4.0,700.0,0.0,252.6665138764507,118.46216403626075,303.55518777641296,7.576446502043388,201.6544157565136,0.0,118.46216403626059,161.94675941739207,0.0,0.0,21.273214683160864,-887.0141700949496,20.607611643357595,212.38918399078546,21.156417142669448,-828.6990589743734,20.899467767769637,203.5027567103998,19.18866935339551,-0.5045383368909882,20.54355772090335,-45.12185424998283,19.224489380095617,-2.0731055516880589,19.473983568714027,-65.0801217908118,18.685193366584686,-374.2468735875432,829.9705176421026,841.6997739470126,0.0,0.0,0.0,0.0,0.0,0.0,0.0,0.0,0.0,0.0,0.0,0.0,0.0,0.0,0.0,0.0,0.0,0.0,0.0,0.0,0.0,0.0,1.1628909289492096,0.35497281103455727,241.74201341677714,286.65770536974687,5876.134852652978,0.2523921033932272,0.038521383301774608,185.40911407226157,220.3174277172027,4265.15021430896,0.8115734840807807,0.1533585570825361,202.20126575103473,239.3843988472216,4994.122176606683,0.21114947934953164,0.039899750443978,199.17606896179098,236.29883238874636,4680.57002532006,0.0,0.0,8.028134605450426,9.601507960972065,157.90235918046757,0.0,0.0,13.284890937447472,15.790448688140892,299.58782107530728,0.0,0.0,195.05917069733568,233.20473070316525,3875.524269631073,0.0,0.0,26.046914748328235,30.993017379272695,576.1797817120046,0.0,0.0,157.62301114366296,189.1417105088218,2801.241975779785,37.949294929566878,26.028322996959458,376.5133683913726,448.7874341464039,8694.307440733957,0.0,0.0,159.74801809799866,192.53752274361313,2437.866326672015,1023.629243250933,21.539209193893045,31.71870997025227,21.5,30.0,0.0,20.88917459790853,32.59674489291246,16.0,30.0,1093.0759782773653,21.671781202282696,32.65402423997551,21.5,30.0,0.0,21.118572867681288,33.413980243289149,19.0,30.0,0.0,19.183070601138505,35.000851508934399,12.0,30.0,0.0,20.66916965405182,38.53154920471769,19.0,30.0,0.0,19.284755429861748,35.5581929898498,10.0,30.0,692.0133854131149,20.3642083178534,34.84836408643689,20.45,30.0,0.0,18.21203743837964,37.93544819832893,12.0,30.0,0.0,19.799287230399224,0.0,0.0,0.0,16.921774227842137,0.0,0.0,529.4656953303381,520.1021497985906,596.3916848734999,588.5005860521956,529.8010276412376,958.9664272850847,544.1730771568689,661.6763279071455,559.9074807947857,9500.650096582354,81.72288854249996,83.48919494011786,220.0,0.0,220.0,220.0,16.0,19.0,19.0,12.0,19.7,12.0,21.0,10.0,1.0,0.0,1023.629243250933,0.0,1093.0759782773653,0.0,0.0,0.0,692.0133854131149,0.0,2673.05375212773,1603832.2512766382,2082353.7987431254,81.72288854249996,83.51919268648425,0.34410179173759106,0.7685970546348231,0.36028137401965956,83.51919268648425,0.3542647819438875,2082353.7987431254,0.11691128642353142 
 04/17  08:10:00,9.705,73.83333333333334,5.505000000000001,134.66666666666667,539.0,0.0,4.0,0.0,0.0,0.0,0.0,0.0,0.0,0.0,0.0,700.0,0.0,265.5337472090204,106.82011438507722,273.7232599580914,7.962288535803396,211.9238821785748,0.0,106.82011438507709,146.0311949050939,0.0,0.0,21.342103276522523,-1397.0423057153117,20.73605227084468,350.4478067085165,20.92841032745947,79.14980038427325,21.046936591320006,-61.43580418172144,19.164198725139749,0.9812924496787758,20.431514201454985,-151.98990177213603,19.264631382313995,84.59478986912746,19.34703414256243,-49.35975395610188,18.585174993499824,-291.80338156079736,800.2033760054192,846.3352389644374,0.0,0.0,0.0,0.0,0.0,0.0,0.0,0.0,0.0,0.0,0.0,0.0,0.0,0.0,0.0,0.0,0.0,0.0,0.0,0.0,0.0,0.0,1.0861124779733343,0.33153616543752575,410.3414171430665,486.5914323407087,9820.590229058613,0.24524456127158837,0.03743048859456477,239.168828460324,284.11774195157286,5461.318365525973,1.0717171829127128,0.20251647447330183,118.2887171258705,140.40577924420513,2801.1742259575037,0.19819476455259328,0.03745176956776138,11.845837951412767,14.059597213892003,279.7337942595292,0.0,0.0,8.581399113271408,10.264173704068274,163.84224203627799,0.0,0.0,65.99389285129678,78.53351198912628,1426.2502752094929,0.0,0.0,275.2126453166757,328.841321737064,5381.276388240785,0.0,0.0,22.475536110835625,26.78832876287921,469.5600132326121,0.0,0.0,178.06554358979677,213.71878914998869,3036.717180742922,37.93455883350604,26.018215935189333,347.3277936141427,414.11416036098367,7995.20978292465,0.0,0.0,179.9547471535944,216.65201066471409,2750.265936999552,1305.1922706888707,21.64321243144326,32.23129695337681,21.75,30.0,0.0,21.099815249563436,33.24951104971852,16.0,30.0,0.0,21.4202331676597,32.83671524668433,21.0,30.0,0.0,21.31865357728222,35.91868098516359,19.0,30.0,0.0,19.161425605421777,35.68376418344125,12.0,30.0,0.0,20.463264027295993,35.996579805051528,16.0,30.0,0.0,19.398092703441799,36.749713068263229,10.0,30.0,0.0,20.09940808592955,35.185025524030347,16.0,30.0,0.0,18.11894920933272,39.392789124848629,12.0,30.0,0.0,20.002207972287008,0.0,0.0,0.0,17.20386568319008,0.0,0.0,543.7032322890832,551.0187089290168,566.0512383690079,753.977913415045,552.2462695302271,728.9855662143984,603.7718198927644,628.311549088981,600.4301034654941,7655.759543574834,81.60332114245485,83.4201002598839,132.0,0.0,132.0,132.0,16.0,19.0,16.0,12.0,16.0,12.0,21.0,10.0,1.0,0.0,1305.1922706888707,0.0,0.0,0.0,0.0,0.0,0.0,0.0,2749.3563926111389,1649613.8355666833,2134462.880437249,81.60332114245485,83.4509552005906,0.261645213087038,0.5755622659832775,0.27021103051474468,83.4509552005906,0.2656985864579156,2134462.880437249,0.11616206978273697 
 04/17  08:20:00,9.97,73.66666666666667,5.530000000000001,141.33333333333335,550.0,0.0,4.0,0.0,0.0,0.0,0.0,0.0,0.0,0.0,0.0,880.0,0.0,278.27646334145637,96.49428395345491,247.26407108291077,8.34439716693706,222.09397476489037,0.0,96.49428395345479,131.9150018547723,0.0,0.0,21.19759214336701,-975.7693975310712,20.741670635217824,86.78358059229032,20.738637425733456,-0.5436671246818108,21.098109916705618,-81.14015815751016,19.14108593016791,0.6694908504112052,20.293251784376247,-122.60421528045517,19.243029303247448,13.368094866432877,18.97350909161026,-18.824733696703903,18.539888417639529,-237.89307828841667,726.9648811405161,718.895470207578,0.0,0.0,0.0,0.0,0.0,0.0,0.0,0.0,0.0,0.0,0.0,0.0,0.0,0.0,0.0,0.0,0.0,0.0,0.0,0.0,0.0,0.0,1.0735078105703169,0.32768858686517607,337.61281562278597,400.6480663119767,7728.900388509842,0.21940971550571809,0.03348744131650154,174.20501493708577,207.0023190143259,3867.970948901576,1.0327434589726437,0.19515182520269165,126.3706726421541,150.0749359175988,2831.830169984265,0.11016862963892063,0.020817957225797547,17.66968761763224,20.93849205829359,406.1055959646691,0.0,0.0,7.74555182357296,9.265884701052319,143.43558247726816,0.0,0.0,61.920660628481289,73.78453470740097,1280.2030339295398,0.0,0.0,258.8249629243425,309.348186181177,4901.869510838438,0.0,0.0,16.601154839348206,19.842232628696917,318.39671003391347,0.0,0.0,166.24134416287056,199.55510138772616,2741.436632394284,37.48152877869423,25.70749573298645,285.6646263251057,340.81795950888587,6358.49978338204,0.0,0.0,167.572806949626,201.71768667559503,2498.275303524538,1218.8417372257043,21.389532775192018,33.13976936467129,21.800000000000006,30.0,0.0,21.04007863911954,33.77341582527218,16.0,30.0,0.0,21.09402835163967,34.04713397624089,21.0,30.0,0.0,21.386795145098867,39.36294170041292,19.0,30.0,0.0,19.141096635829365,36.31016536133811,12.000000000000002,30.0,0.0,20.24869416524933,35.17204924337754,16.0,30.0,0.0,19.35578278835363,37.097571061696338,10.0,30.0,0.0,19.45270242740779,36.6276219005108,16.0,30.0,0.0,18.105596017054269,39.93205991888983,12.000000000000002,30.0,0.0,19.723706474564115,0.0,0.0,0.0,17.28785151736884,0.0,0.0,547.1676823961088,553.1634469122321,576.4897439998172,956.1979240192344,570.9909852510584,622.9576877868395,600.9287004664602,614.673453310491,611.5882719662985,8849.755073803683,82.15330439468228,83.50793496668614,132.0,0.0,132.0,132.0,16.0,19.0,16.0,12.0,16.0,12.0,21.0,10.0,1.0,0.0,1218.8417372257043,0.0,0.0,0.0,0.0,0.0,0.0,0.0,2050.127869840356,1230076.7219042138,1596212.570299803,82.15330439468228,83.53094109086365,0.34033759566134527,0.7688300084056269,0.36028137401965956,83.53094109086365,0.35426478194388757,1596212.570299803,0.08815838698892309 
 04/17  08:30:00,10.235,73.5,5.555,148.0,561.0,0.0,4.0,0.0,0.0,0.0,0.0,0.0,0.0,0.0,0.0,352.0,0.0,290.88761130813847,88.05978465999969,225.65131278335907,8.72256093073225,232.15906572562606,0.0,88.0597846599996,120.38440186113006,0.0,0.0,21.394916508662737,-1633.8301849560867,20.764829303120686,274.12955907023118,20.6576707841899,224.6603533568582,21.121694448877088,-96.94081310955284,19.117501059948965,1.3170433820307324,20.200020852200198,-104.4810364325865,19.24438310427822,63.69414145008341,18.696761178128815,-8.049542714603206,18.519973433123199,-207.31342352728189,741.5633582690307,638.5957129112308,0.0,0.0,0.0,0.0,0.0,0.0,0.0,0.0,0.0,0.0,0.0,0.0,0.0,0.0,0.0,0.0,0.0,0.0,0.0,0.0,0.0,0.0,1.0363126100715277,0.3163347405590744,429.784014154916,508.72584161900979,9771.844639002244,0.2241816133106302,0.03421575294728788,212.38519960745374,251.82997754329564,4622.885359649159,1.1049290231175384,0.2087923324107216,176.72935618291809,209.48657273413995,3860.547775987461,0.08896872768867929,0.01681192889052896,21.618146354161099,25.579894035641126,485.4432573484438,0.0,0.0,7.968217051811186,9.519178537265095,142.9804877376741,0.0,0.0,59.57418203058042,70.92920371174525,1183.4239370994667,0.0,0.0,256.3668991025581,305.9806110078556,4729.870988085505,0.0,0.0,12.35242199195682,14.767184374615394,218.95795475814433,0.0,0.0,160.78896037000949,192.74692316109117,2570.954892272299,37.29502648370174,25.5795792069285,384.8796073151541,457.9226008081005,8299.317634395547,0.0,0.0,162.30127508155389,195.03317832755605,2371.5861132380489,1808.2786135499198,21.688979229425067,32.8244818220094,22.0,30.0,0.0,21.067084470004987,34.00087349437202,16.0,30.0,0.0,21.037792933866294,34.60845541436229,21.0,30.0,0.0,21.414279949006639,40.87853953311563,19.0,30.0,0.0,19.11879529731285,36.840309342616567,12.0,30.0,0.0,20.10496416574017,35.42143529362552,16.0,30.0,0.0,19.37743357528031,37.147798672292257,10.0,30.0,0.0,18.99503047031741,37.79357300373634,16.0,30.0,0.0,18.122013138233109,40.01846696729598,12.0,30.0,0.0,19.943793137463226,0.0,0.0,0.0,17.40922373112629,0.0,0.0,545.6022116977115,556.0648436973843,589.628932181501,1024.1262896927775,581.8702540714864,602.6722232303482,592.4355983830051,609.0119895712226,604.8595245236209,9590.865088475897,81.66329484066535,81.66329484066536,132.0,0.0,132.0,132.0,16.0,19.0,16.0,12.0,16.0,12.0,21.0,10.0,1.0,0.0,1808.2786135499198,0.0,0.0,0.0,0.0,0.0,0.0,0.0,0.0,0.0,0.0,81.66329484066535,81.66329484066535,0.34,0.7676420163139055,0.36028137401965956,81.66329484066535,0.3542647819438875,0.0,0.005140666666666666 
 04/17  08:40:00,10.5,73.33333333333333,5.58,165.16666666666667,516.6666666666666,0.0,0.0,1.0,2.0,0.0,0.0,0.0,0.0,0.0,0.0,1232.0,0.0,308.7245919713544,83.24095462992455,213.30337456571545,9.257399651646879,246.39463017164594,0.0,83.24095462992446,113.7966958716041,0.0,0.0,21.362694620039428,-798.2030974577408,20.866400516376936,230.98155440388718,21.066186465261397,-566.0651493283441,20.99312691062244,13.901331004208814,19.098880155985527,1.606153132671207,20.243426525606777,-36.62926902604954,19.239838687249298,-0.6814742243446244,19.421483814674717,-64.9285352198761,18.523614962152306,-156.2090234163231,774.0054934546907,630.8742691842922,0.0,0.0,0.0,0.0,0.0,0.0,0.0,0.0,0.0,0.0,0.0,0.0,0.0,0.0,0.0,0.0,0.0,0.0,0.0,0.0,0.0,0.0,0.9409737560405976,0.2872325262639189,307.4452873140374,364.64217113522366,6901.5374915800389,0.2204107969373429,0.03364023152279351,216.93331953965919,257.71777016048017,4650.697569305494,0.8599639434516664,0.16250263481701952,276.00956375230438,327.4410584879762,6156.241001561191,0.1895777726556772,0.03582346422064954,216.32700354139724,256.9517527737297,4647.15298400355,0.0,0.0,8.564888503667002,10.248048911787596,148.83872724339569,0.0,0.0,14.156241291623875,16.872557782398557,275.84420002846806,0.0,0.0,213.05095765095974,254.65367076536257,3810.508375065954,0.0,0.0,22.28627548208008,26.51908518475022,444.0444111108722,0.0,0.0,167.93275214914383,201.5474231629632,2610.598053648692,37.25920653886021,25.55501134352555,445.5116203784782,530.9478376884074,9491.502327379554,0.0,0.0,170.2287595259546,204.6648567145277,2476.4040100395338,905.2174522846133,21.67050017670517,34.107330082626628,21.571428571428588,30.00000000000002,0.0,21.201655342819174,34.7632874230744,16.00000000000001,30.00000000000002,919.7781212479066,21.622175283639657,34.87533829962749,21.2857142857143,30.00000000000002,0.0,21.225496088193827,35.68342891879844,16.00000000000001,30.00000000000002,0.0,19.10442858801814,37.21975297232191,12.00000000000001,30.00000000000002,0.0,20.187247739962069,36.6745584260543,19.000000000000015,30.00000000000002,0.0,19.363684424780414,37.82749359792015,10.000000000000007,30.00000000000002,939.3791348711568,20.24542091032537,35.96913146782374,20.55714285714287,30.00000000000002,0.0,18.1697467940116,40.21195133853213,12.00000000000001,30.00000000000002,0.0,20.247733710959648,0.0,0.0,0.0,17.649083097852626,0.0,0.0,614.1953220243345,602.6274636562048,651.8633675601298,658.9058116323645,586.2009014879592,683.3439308566551,600.4936229801416,659.1652928345216,598.8751175192817,8126.441013623458,81.74672355455773,82.7168523370947,60.00000000000004,0.0,60.00000000000004,60.00000000000004,16.0,16.0,19.0,12.0,19.7,12.0,21.0,10.0,1.0,0.0,905.2174522846133,0.0,919.7781212479066,0.0,0.0,0.0,939.3791348711568,0.0,1468.2105672926855,880926.3403756121,1141825.231391833,81.74672355455773,82.73332834442873,0.2917974951002326,0.6599470667079865,0.3088126063025655,82.73332834442873,0.30365552738047527,1141825.231391833,0.061704912032375307 
 04/17  08:50:00,10.764999999999999,73.16666666666667,5.6049999999999999,182.33333333333332,472.33333333333339,0.0,0.0,1.0,2.0,0.0,0.0,0.0,0.0,0.0,0.0,531.0,0.0,325.3176153762524,81.26253642361567,208.23381628101519,9.754936686825161,259.63738127666996,0.0,81.26253642361562,111.09204819029033,0.0,0.0,21.27554162707269,-949.2609272081561,20.847413744317956,116.83711597346286,20.92647211155937,-94.8057286763576,20.874529572901577,-65.16576149172269,19.07852063736449,0.9753628488051436,20.346129355402434,-37.836045764919308,19.170753495870544,35.00395292284765,19.33771104570088,-54.02235065647446,18.551745350792595,-124.33422989288445,713.6045709764167,518.278935933678,0.0,0.0,0.0,0.0,0.0,0.0,0.0,0.0,0.0,0.0,0.0,0.0,0.0,0.0,0.0,0.0,0.0,0.0,0.0,0.0,0.0,0.0,0.8556024852293038,0.261172919789165,356.73885535920308,422.574006855859,7646.97411824257,0.17997517107460143,0.02746873795399902,208.30868371561824,247.16453800856753,4321.566738758835,0.8600187450041146,0.1625129903635895,191.6820631722709,227.2370820605525,4095.484362250706,0.17616257062321834,0.0332884676158765,122.3877800575119,145.46883173161039,2536.4637668626198,0.0,0.0,8.10272849338308,9.686065608117284,136.1917080246754,0.0,0.0,13.263368892694756,15.777906326276213,255.544799999728,0.0,0.0,198.0495107937769,236.61219927455793,3395.8843076181785,0.0,0.0,25.563721581943847,30.452714769558584,477.59112365539968,0.0,0.0,157.19760792545135,188.48128836254416,2382.958991287837,36.76888063258908,25.218710996288836,385.23940640562275,458.6384518476284,7921.190253057251,0.0,0.0,158.91765384188973,190.83205888258707,2272.008560920272,1173.9125931171453,21.450259776706969,34.66236262349674,21.666666666666687,30.00000000000002,0.0,21.111250008731579,35.388437369297168,16.000000000000015,30.00000000000002,708.0521249049346,21.33872377650406,35.006439577751709,21.33333333333335,30.00000000000002,0.0,21.042589394015999,35.775436690600368,16.000000000000015,30.00000000000002,0.0,19.08538603606288,37.75527847054442,12.00000000000001,30.00000000000002,0.0,20.34496162691221,38.50954261656251,19.000000000000015,30.00000000000002,0.0,19.256386128034664,38.40246004435529,10.000000000000007,30.00000000000002,0.0,20.04415790801523,37.648208220686267,19.700000000000018,30.00000000000002,0.0,18.246949780832464,40.53376064273505,12.00000000000001,30.00000000000002,0.0,20.07076031760847,0.0,0.0,0.0,17.79026429987019,0.0,0.0,600.161910289945,615.3688230109876,618.4480952664417,627.4572108584069,593.0291961640209,804.670176204656,605.4737705765533,695.5921397697246,608.0133897024917,8636.644496222816,82.29421948868105,82.29421948868107,60.00000000000004,0.0,60.00000000000004,60.00000000000004,16.0,16.0,19.0,12.0,19.7,12.0,21.0,10.0,1.0,0.0,1173.9125931171453,0.0,708.0521249049346,0.0,0.0,0.0,0.0,0.0,0.0,0.0,0.0,82.29421948868105,82.29421948868105,0.3400000000000003,0.7683349964075563,0.3602813740196598,82.29421948868105,0.3542647819438878,0.0,0.0023033333333333336 
 04/17  09:00:00,11.03,73.0,5.63,199.5,428.0,0.0,0.0,1.0,2.0,0.0,0.0,0.0,0.0,0.0,0.0,354.0,0.0,351.1481348789738,83.37904389021878,213.65725966636894,10.529452979677667,280.25245161222287,0.0,83.37904389021874,113.98547435962974,0.0,0.0,21.2725954936132,-523.8033065545269,20.845394441420216,71.47404946801362,20.809508326969039,-494.53359217637719,20.803213198368537,115.33558286076914,19.059299864396534,1.120171161265091,20.42910219293063,-39.59343406874217,19.178375096911766,17.32039438205902,19.476762216764038,-50.23078492636546,18.586385539199033,-117.50814857561318,663.7659629307009,451.4521832508267,0.0,0.0,0.0,0.0,0.0,0.0,0.0,0.0,0.0,0.0,0.0,0.0,0.0,0.0,0.0,0.0,0.0,0.0,0.0,0.0,0.0,0.0,0.8061608667546298,0.24608085065770145,216.8063221796748,256.80080511501139,4583.879010903317,0.1703193225372353,0.025995012597258138,140.6636033159544,166.88641302378745,2830.6319123946939,0.7368990241320439,0.13924773698640292,245.03685113759304,290.37015504372598,4973.124527629978,0.1802371482369327,0.03405841803418984,194.64079683177185,230.88322530999182,3876.857657554388,0.0,0.0,7.868962847703434,9.401068597159366,127.79141400988601,0.0,0.0,12.619332174223884,14.992915487666558,239.17330255521078,0.0,0.0,191.14157878298273,228.15438732034267,3181.8961039151124,0.0,0.0,21.089283633771524,25.097875981671096,386.8893957882584,0.0,0.0,150.57731309360126,180.33270551683786,2224.507971144053,36.458553648282428,25.005866699782194,329.14515271418517,391.74386143260167,6604.116412727446,0.0,0.0,151.86414830860549,182.13337153598639,2119.7750822749715,823.2447208746903,21.62603923408909,34.45914374315072,22.0,30.0,0.0,21.064738811445144,35.559141508782428,16.0,30.0,154.17812051704738,21.205688563495117,35.49201211997875,21.0,30.0,0.0,20.9610358727107,35.79949657644504,16.0,30.0,0.0,19.06707018591289,38.19448402917352,12.0,30.0,0.0,20.45778797583012,39.777697011819558,19.0,30.0,0.0,19.274415549613765,38.67932176349541,10.0,30.0,584.6966055198167,20.204636401088448,37.91736623756016,20.2,30.0,0.0,18.3207175680459,40.73519980030542,12.0,30.0,0.0,20.02916584675948,0.0,0.0,0.0,17.893590993447007,0.0,0.0,601.5693959653622,605.5075651644024,601.558567787742,610.2573080712381,597.9496630519116,884.1652650123893,607.64853747978,719.9612578998235,616.0783916925312,8607.3446896002,82.31362509372622,82.31362509372622,60.0,0.0,60.0,60.0,16.0,16.0,19.0,12.0,19.7,12.0,21.0,10.0,1.0,0.0,823.2447208746903,0.0,154.17812051704738,0.0,0.0,0.0,584.6966055198167,0.0,0.0,0.0,0.0,82.31362509372622,82.31362509372622,0.34,0.7695971174278123,0.36028137401965956,82.31362509372622,0.3542647819438875,0.0,0.0022766666666666666 
 04/17  09:10:00,11.293333333333333,72.33333333333334,5.698333333333333,216.66666666666667,383.66666666666665,0.0,0.0,0.0,0.0,0.0,0.0,0.0,0.0,0.0,0.0,1239.0,0.0,382.2609336171789,86.09206646907482,220.60922506267046,11.462353525242389,305.08322745259496,0.0,86.09206646907478,117.69438191206536,0.0,0.0,20.879600482664985,-379.27558506040898,20.798366203355749,-143.46631826107174,20.589628617056016,-19.90014662264035,20.773980865087503,-25.719285825296124,19.045035460564969,2.0163599414767487,20.390050933229764,-141.64313216198307,19.211389098391103,71.40798058791448,19.46971968575891,-55.33052362160973,18.621219579247076,-75.26384546819384,388.0906317817929,429.82777135527467,0.0,0.0,0.0,0.0,0.0,0.0,0.0,0.0,0.0,0.0,0.0,0.0,0.0,0.0,0.0,0.0,0.0,0.0,0.0,0.0,0.0,0.0,0.729750440079201,0.22275654459072073,184.00539763980653,218.84761521968293,3627.6303238288999,0.1394599889218887,0.021285102094305357,85.37583937031956,101.57418827965958,1656.60373984326,0.7360881232311628,0.1390945055236514,73.58084077201684,87.60202583821571,1433.2658684203903,0.15079113038488843,0.028494166739396904,45.79583581775419,54.54153058349669,887.268192527366,0.0,0.0,7.726500823522899,9.24458580448442,121.18287552974954,0.0,0.0,65.2046683778425,77.64385981364453,1187.692249150547,0.0,0.0,239.62133524292478,286.3377301090785,3897.755183118278,0.0,0.0,24.741544997212217,29.480793506767719,444.12981621353546,0.0,0.0,150.8187092231538,180.82906804896934,2167.387329508674,36.01150252318075,24.699247272414789,134.7388368066682,161.1988356355787,2758.8995076423718,0.0,0.0,152.80632465672827,183.39048061148339,2110.9011399262356,0.0,20.973236741052398,36.109962957150809,21.57142857142857,29.999999999999994,0.0,20.930037855893059,36.254719787809317,16.0,29.999999999999994,0.0,20.885274627786168,36.27106273743787,21.999999999999998,29.999999999999994,0.0,20.897696754207904,36.00833303078176,16.0,29.999999999999994,0.0,19.05676418756946,38.631625207169708,12.0,29.999999999999994,0.0,20.349144136049767,38.090828285501938,16.0,29.999999999999994,0.0,19.35365989972165,39.4840955155684,10.0,29.999999999999994,0.0,20.19836009806212,37.592616024601309,12.0,29.999999999999994,0.0,18.38923680886308,41.29789009679037,12.0,29.999999999999994,0.0,18.53774217253303,0.0,0.0,0.0,18.091868067470217,0.0,0.0,593.3275527585919,589.3504097908955,594.2204975580421,603.4830458009351,608.0811688026242,734.9748111931832,653.0442688945793,684.5903595894773,637.7513008863726,0.0,81.94001978764278,81.94001978764278,59.999999999999989,0.0,59.999999999999989,59.999999999999989,16.0,16.0,16.0,12.0,12.0,12.0,21.0,10.0,0.0,0.0,0.0,0.0,0.0,0.0,0.0,0.0,0.0,0.0,0.0,0.0,0.0,81.94001978764278,81.94001978764278,0.0,0.0,0.0,81.94001978764278,0.0,0.0,0.00225 
 04/17  09:20:00,11.556666666666667,71.66666666666667,5.7666666666666679,233.83333333333335,339.3333333333333,0.0,0.0,0.0,0.0,0.0,0.0,0.0,0.0,0.0,0.0,354.0,0.0,425.07818340413669,89.4562818478367,229.22982163648195,12.746203861976289,339.2551739559681,0.0,89.45628184783667,122.29351939199415,0.0,0.0,20.471742768628823,-120.43124184691169,20.599724537342497,-296.82836568215637,20.400331055729894,-92.06220670681569,20.635238897285693,-160.15407613483269,19.03219526609735,2.1110146799986326,20.321526023143876,-109.34611340421498,19.175986538517877,21.03388966198554,19.093390391881198,-15.232141236870575,18.671416104025587,-71.49294193639435,396.88730014537307,362.63592914763469,0.0,0.0,0.0,0.0,0.0,0.0,0.0,0.0,0.0,0.0,0.0,0.0,0.0,0.0,0.0,0.0,0.0,0.0,0.0,0.0,0.0,0.0,0.6778858935010035,0.20692487591605725,239.2470821620858,284.0307307855427,4260.157495505429,0.11122916610017769,0.016976368452408076,103.29750967913958,122.54248699000704,1826.028660562105,0.5981948138528678,0.11303756875526606,108.17671087294346,128.39178985842507,1954.1665611891929,0.11368522151070804,0.02148246816150945,44.27486139517016,52.50081040908682,799.7312344369204,0.0,0.0,6.931078260812815,8.279261397962479,104.8913268579415,0.0,0.0,60.91648151218496,72.45720381729787,1060.1007207304402,0.0,0.0,223.07720945500348,266.176709559242,3486.2446789105108,0.0,0.0,19.786235009692989,23.5997674812797,317.6823546769289,0.0,0.0,142.89368280280173,170.98434560154107,2002.9033521816105,35.76093527802999,24.527390451323734,185.15491002881758,220.54687329346403,3414.538107487012,0.0,0.0,144.54451881187334,173.12423326527773,1948.2163066906449,0.0,20.34472314989948,37.985608090199637,22.0,30.0,0.0,20.516351589362509,37.8969465949442,16.0,30.0,0.0,20.561992507340784,37.26948979904978,22.0,30.0,0.0,20.63832143942642,36.99414867497906,16.0,30.0,0.0,19.045499973592777,39.21641160201797,12.0,30.0,0.0,20.20509459338544,37.517634762471207,16.0,30.0,0.0,19.29479646878253,39.6734837120684,10.0,30.0,0.0,19.494794230890009,39.07067651429958,12.0,30.0,0.0,18.478801463167657,41.537575542765967,12.0,30.0,0.0,19.061633364564228,0.0,0.0,0.0,18.18928539391827,0.0,0.0,567.9134710550386,551.697729142987,579.5079867400687,584.1793933809136,623.7031161245654,657.2597916453675,641.1962136775585,656.1084669307704,652.1142415624247,0.0,81.94001978764278,81.94001978764278,60.0,0.0,60.0,60.0,16.0,16.0,16.0,12.0,12.0,12.0,21.0,10.0,0.0,0.0,0.0,0.0,0.0,0.0,0.0,0.0,0.0,0.0,0.0,0.0,0.0,81.94001978764278,81.94001978764278,0.0,0.0,0.0,81.94001978764278,0.0,0.0,0.0022266666666666669 
 04/17  09:30:00,11.82,71.0,5.835,251.0,295.0,0.0,0.0,0.0,0.0,0.0,0.0,0.0,0.0,0.0,0.0,354.0,0.0,470.49581805730318,92.58686305889961,237.25173077031713,14.108023463145138,375.50243801792558,0.0,92.58686305889957,126.57326125176152,0.0,0.0,20.33310551103493,-150.84024065417817,20.442988972383686,-151.1472682992719,20.165744438215584,-131.88813837867293,20.47575419500028,-173.25761442220847,19.020635431646974,1.3475233954953865,20.309172891710334,-106.30630285160669,19.14698633520869,43.37082489207205,18.900602533283803,-4.684390979628432,18.714628611895728,-60.853316331208137,464.31306841215339,260.54699013926349,0.0,0.0,0.0,0.0,0.0,0.0,0.0,0.0,0.0,0.0,0.0,0.0,0.0,0.0,0.0,0.0,0.0,0.0,0.0,0.0,0.0,0.0,0.600347312940211,0.18325620053119996,242.62465713416908,288.533895512099,4104.221330449942,0.1045346535204493,0.01595461744817602,120.142819511775,142.92261858654474,2023.7736808637693,0.5520970750752263,0.10432673376327033,219.90659876173687,261.40504596047188,3694.243783487148,0.09206416218250929,0.017396856043558063,126.74640995312979,150.513279253254,2165.5923242953715,0.0,0.0,6.485132937604231,7.743494197017117,94.57271610823415,0.0,0.0,57.631785720716809,68.54542484143286,966.9140306457239,0.0,0.0,198.07759028934513,236.31153238744464,2973.9511276811369,0.0,0.0,7.353788942385653,8.773883835618778,108.91881057994928,0.0,0.0,116.48207752120473,139.31462660462678,1587.4674225917648,35.33707229084881,24.236675096604129,317.8308591052492,378.8600868694589,5382.302401657916,0.0,0.0,117.01629349048683,140.13045136976209,1512.8708338375573,0.0,20.20559037232963,38.55231240483276,22.0,30.0,0.0,20.21467887756232,38.844575453747179,16.0,30.0,0.0,20.15514474684246,38.8927932178925,22.0,30.0,0.0,20.371545336803274,38.219493219098229,16.0,30.0,0.0,19.036031327756218,39.57398186596195,12.0,30.0,0.0,20.15707709538046,37.722028974695387,16.0,30.0,0.0,19.25500926546668,40.013807048744499,10.0,30.0,0.0,19.162114995223946,39.93250861854678,12.0,30.0,0.0,18.551125245435999,41.607513581755558,12.0,30.0,0.0,19.39758582369381,0.0,0.0,0.0,18.1826051551905,0.0,0.0,559.1628262774393,542.4699721091874,548.0369794009571,555.9896170044747,627.2078589712157,636.61396255597,623.9997618645847,650.1426554740865,639.2837942470018,0.0,81.94001978764278,81.94001978764278,60.0,0.0,60.0,60.0,16.0,16.0,16.0,12.0,12.0,12.0,21.0,10.0,0.0,0.0,0.0,0.0,0.0,0.0,0.0,0.0,0.0,0.0,0.0,0.0,0.0,81.94001978764278,81.94001978764278,0.0,0.0,0.0,81.94001978764278,0.0,0.0,0.0022033333333333338 
 04/17  09:40:00,12.083333333333333,70.33333333333334,5.903333333333333,253.33333333333335,264.5,0.0,0.0,0.0,0.0,0.0,0.0,0.0,0.0,0.0,0.0,354.0,0.0,499.77868802439988,92.11642038153312,236.04616146357996,14.98604225516159,398.8726340444035,0.0,92.11642038153308,125.93013044530567,0.0,0.0,20.197600281308753,8.414461428801588,20.43009562029559,-250.14131637504853,20.135936442815706,-35.27791978894277,20.34728650232236,-171.15294297314746,19.008812112143894,1.4417970954207534,20.30895693281971,-102.9803213817529,19.149441510147218,36.37278160223195,18.756511748190716,-12.667740995423515,18.752803607267255,-48.34698082936211,283.3447445276108,228.10562856127945,0.0,0.0,0.0,0.0,0.0,0.0,0.0,0.0,0.0,0.0,0.0,0.0,0.0,0.0,0.0,0.0,0.0,0.0,0.0,0.0,0.0,0.0,0.5159559570045209,0.15749571337134339,143.4307292822684,170.49404652682513,2315.1540837221666,0.08885934696684272,0.013562171392985764,91.44454723838028,108.65514695651922,1482.063736018159,0.4931189805542954,0.09318196911456833,77.12039653338715,91.6019656941056,1259.1390295740999,0.08713547657910681,0.016465509557654344,58.35494368857269,69.25584342833356,938.4644299305975,0.0,0.0,6.318071037965769,7.544076973357199,88.66272715910881,0.0,0.0,57.4009456006885,68.27192148330957,929.8684141075436,0.0,0.0,191.81650443211206,228.80485994890729,2783.771976523927,0.0,0.0,10.572579370925297,12.628070497120902,146.36122312733139,0.0,0.0,106.71941050679485,127.58401374692191,1410.6550959427519,35.09504031192044,24.070672367572329,127.35118721820794,151.83308819751393,2253.946429882257,0.0,0.0,113.86812621113435,136.28431620633428,1433.7739606324859,0.0,20.084359933924888,39.216073171634878,22.0,30.0,0.0,20.166836023126899,39.32233874755195,16.0,30.0,0.0,20.157045852958964,38.854405784322988,22.0,30.0,0.0,20.173208804388705,39.16242474601109,16.0,30.0,0.0,19.026930488881399,39.905634660545988,12.0,30.0,0.0,20.132416810507828,37.98655346988141,16.0,30.0,0.0,19.270756287813759,40.21875768016524,10.0,30.0,0.0,18.92856019413372,40.64036485016754,12.0,30.0,0.0,18.61281399434757,41.671509744042058,12.0,30.0,0.0,18.874981298925609,0.0,0.0,0.0,18.281792301801525,0.0,0.0,543.3589319039007,530.3462234544054,552.7301133485673,537.8711975196,624.7289732980505,618.6200442428906,608.1217164046276,640.0271500221546,623.6051809054792,0.0,81.94001978764278,81.94001978764278,60.0,0.0,60.0,60.0,16.0,16.0,16.0,12.0,12.0,12.0,21.0,10.0,0.0,0.0,0.0,0.0,0.0,0.0,0.0,0.0,0.0,0.0,0.0,0.0,0.0,81.94001978764278,81.94001978764278,0.0,0.0,0.0,81.94001978764278,0.0,0.0,0.00218 
 04/17  09:50:00,12.346666666666666,69.66666666666666,5.971666666666667,255.66666666666667,234.0,0.0,0.0,0.0,0.0,0.0,0.0,0.0,0.0,0.0,0.0,354.0,0.0,526.6627255791376,91.5532417660842,234.60295303904099,15.792132077124075,420.3283349933953,0.0,91.55324176608416,125.16022258073882,0.0,0.0,20.141951524420067,-34.35400479444979,20.388897890239279,-139.99703775313993,20.06104964409285,-125.90744857865093,20.223315409396485,-129.61621724566477,18.997924087605989,1.81580961887488,20.325839073677757,-100.29218671569265,19.14714026885531,46.15479095470346,18.648778435439689,-10.603489376083133,18.791172521414376,-34.07795605771457,297.8103499994136,201.89481629298508,0.0,0.0,0.0,0.0,0.0,0.0,0.0,0.0,0.0,0.0,0.0,0.0,0.0,0.0,0.0,0.0,0.0,0.0,0.0,0.0,0.0,0.0,0.45170802810487506,0.1378840134630266,91.69467439234808,109.15712732729102,1428.626040669396,0.07689752421965401,0.011736496370521065,58.44823504640469,69.65901912225121,902.9752002983084,0.4640362228805637,0.08768636108854192,175.55415942802018,208.86779242532334,2731.5733998731877,0.09027608173487985,0.0170589723610884,119.39708646460282,142.03050255287003,1831.629669131234,0.0,0.0,6.293035613543858,7.512976999532279,84.872106164688,0.0,0.0,56.69197685488523,67.4176039669633,888.8067020691237,0.0,0.0,189.68936811132967,226.2305130183894,2653.5815767402239,0.0,0.0,14.499181265036724,17.325430309254185,188.28961005645517,0.0,0.0,99.95857819870003,119.46300018300934,1279.862245567826,34.8159865987109,23.879277502545209,161.55598587833959,192.92295194074138,2633.4198817187245,0.0,0.0,111.61285215017246,133.5193028282683,1370.8455659597885,0.0,20.061457879443439,39.5384910023448,22.0,30.0,0.0,20.077015477873098,40.160338743005898,16.0,30.0,0.0,20.055464406206306,39.57483805633579,22.0,30.0,0.0,19.977919764319883,39.961245534829519,16.0,30.0,0.0,19.01944477854274,40.203928939869509,12.0,30.0,0.0,20.136684608523099,38.2024924687658,16.0,30.0,0.0,19.274729122622316,40.51008832223235,10.0,30.0,0.0,18.764213052413959,41.28351459794031,12.0,30.0,0.0,18.672781097301376,41.77240861010887,12.0,30.0,0.0,18.973760974284283,0.0,0.0,0.0,18.39516447307817,0.0,0.0,536.1957447729706,508.54154619152237,535.2708977387255,528.1804842434208,618.7481130027882,602.9106036131693,591.8266668434633,624.5444499199527,607.5071202494537,0.0,81.94001978764278,81.94001978764278,60.0,0.0,60.0,60.0,16.0,16.0,16.0,12.0,12.0,12.0,21.0,10.0,0.0,0.0,0.0,0.0,0.0,0.0,0.0,0.0,0.0,0.0,0.0,0.0,0.0,81.94001978764278,81.94001978764278,0.0,0.0,0.0,81.94001978764278,0.0,0.0,0.002173333333333333 
 04/17  10:00:00,12.61,69.0,6.04,258.0,203.5,0.0,0.0,0.0,0.0,0.0,0.0,0.0,0.0,0.0,0.0,177.0,0.0,530.7949668927309,91.86784279351002,235.40899764387866,15.916020106154438,423.6260670692065,0.0,91.86784279350997,125.5903060366294,0.0,0.0,20.096292876241014,-0.04198860347241862,20.351687794936553,-281.44187288606829,20.00501068247371,-2.423998699711319,20.248080849520567,-71.58882636977455,18.98483238488796,1.9154476222534243,20.34429497694005,-100.1420314088864,19.145097619620974,43.79473729163328,18.558970727548727,-7.137348744326118,18.826658283241565,-42.48807980966558,248.1477942164629,178.80123285121227,0.0,0.0,0.0,0.0,0.0,0.0,0.0,0.0,0.0,0.0,0.0,0.0,0.0,0.0,0.0,0.0,0.0,0.0,0.0,0.0,0.0,0.0,0.3966974756455772,0.12109202553283799,125.85815543161651,149.2989217686367,1888.533043663225,0.051428669714308847,0.007849308564454953,121.33958624604999,143.95264009589313,1798.3717467502405,0.4161828761395569,0.078643778560007,91.98376145922342,109.15290887577865,1372.615768798816,0.08194379437536602,0.015484466057325395,30.384200257586089,36.04388298083321,455.801896284595,0.0,0.0,6.153238769205465,7.32897585661394,79.61289502101512,0.0,0.0,56.6023819029617,67.14483140091727,859.3603525785296,0.0,0.0,187.62166083642635,223.234645910498,2526.4323638786729,0.0,0.0,15.272808304855774,18.213435178592584,186.16100835456883,0.0,0.0,98.3092694340188,117.19521758738374,1216.6464452431795,34.38793349216266,23.585688266229544,109.77132020478409,130.7344937458198,1814.2116055125574,0.0,0.0,110.8257968633123,132.21368735716954,1325.021051757138,0.0,20.055326962190628,40.06924891849208,22.0,30.0,0.0,19.98190210488847,40.91057802159203,16.0,30.0,0.0,20.002923040865779,39.49971317116529,22.0,30.0,0.0,20.056800308878687,39.96144405211072,16.0,30.0,0.0,19.008847542748318,40.55256988288524,12.0,30.0,0.0,20.15168346162049,38.416419446418597,16.0,30.0,0.0,19.276427971078865,40.532767705189488,10.0,30.0,0.0,18.629089981314928,41.86343707555162,12.0,30.0,0.0,18.723540472741847,41.79748146304926,12.0,30.0,0.0,18.857536176667,0.0,0.0,0.0,18.49754323337376,0.0,0.0,515.6657247788008,490.402652567101,545.9232499141648,522.6330527285653,609.5010960105429,589.0467588724799,589.8510619982956,609.4134446228118,598.206950543569,0.0,81.94001978764278,81.94001978764278,60.0,0.0,60.0,60.0,16.0,16.0,16.0,12.0,12.0,12.0,21.0,10.0,0.0,0.0,0.0,0.0,0.0,0.0,0.0,0.0,0.0,0.0,0.0,0.0,0.0,81.94001978764278,81.94001978764278,0.0,0.0,0.0,81.94001978764278,0.0,0.0,0.0021666666666666667 
 04/17  10:10:00,12.646666666666667,68.33333333333333,6.086666666666666,260.3333333333333,173.0,0.0,0.0,0.0,0.0,0.0,0.0,0.0,0.0,0.0,0.0,354.0,0.0,545.0487955563065,91.3372297056175,234.04922128050655,16.34339752869117,435.00171404863007,0.0,91.33722970561745,124.86491771717961,0.0,0.0,19.969574667212503,-66.24768951772785,20.379592689829953,-164.53836306451837,19.965966783142855,-69.85051929070824,20.215580011168308,-96.77595553842719,18.97407320220517,2.2433694367965417,20.361404020559,-101.4191130440638,19.1439981078615,43.70233159618601,18.512211768749354,-1.34955266767804,18.854620194301036,-22.80221180477224,292.47392265060628,155.623922205104,0.0,0.0,0.0,0.0,0.0,0.0,0.0,0.0,0.0,0.0,0.0,0.0,0.0,0.0,0.0,0.0,0.0,0.0,0.0,0.0,0.0,0.0,0.4034259420774371,0.12314589196502965,169.96989765434339,202.04449611857189,2480.1938662774998,0.06072506234597984,0.009268171908727082,84.22920496638581,99.9761478773658,1246.6780582256252,0.387669616558284,0.07325578544185266,107.64054772303109,128.11454860511388,1590.9679267096686,0.07127310907085099,0.013468085614295349,42.8381294829497,51.05362145032319,632.0958057364111,0.0,0.0,6.129614968923285,7.317518490858231,78.74214830010264,0.0,0.0,57.1064340203005,67.89194017405508,863.8129376354933,0.0,0.0,183.46655515248626,218.7729287262802,2457.4153713307134,0.0,0.0,18.17240653060667,21.722208018727224,218.1688965793842,0.0,0.0,92.52253950054726,110.52733524280299,1145.0745309520099,34.476611471735697,23.646509925744654,161.58699835362254,192.75371321031549,2505.933608303546,0.0,0.0,106.65650762384246,127.48857919420621,1284.529350535504,0.0,19.87134623070738,40.81998172343363,22.0,30.0,0.0,20.042135938853578,40.394782058629818,16.0,30.0,0.0,19.963715036612024,40.15119609993054,22.0,30.0,0.0,20.010974211252365,40.39231388127945,16.0,30.0,0.0,19.00176392185361,40.73085658318047,12.0,30.0,0.0,20.163326965340575,38.488000563457188,16.0,30.0,0.0,19.2799439398745,40.88695690310252,10.0,30.0,0.0,18.575946420108769,42.17241630091135,12.0,30.0,0.0,18.763414050823159,41.84570344295275,12.0,30.0,0.0,18.99441112815461,0.0,0.0,0.0,18.581431916007977,0.0,0.0,507.407335378324,505.9610317895745,524.3168970243253,511.7707571978747,604.4302941523322,583.8113316913739,573.7025715403415,600.027122245232,590.6840890055025,0.0,81.94001978764278,81.94001978764278,60.0,0.0,60.0,60.0,16.0,16.0,16.0,12.0,12.0,12.0,21.0,10.0,0.0,0.0,0.0,0.0,0.0,0.0,0.0,0.0,0.0,0.0,0.0,0.0,0.0,81.94001978764278,81.94001978764278,0.0,0.0,0.0,81.94001978764278,0.0,0.0,0.0021599999999999998 
 04/17  10:20:00,12.683333333333334,67.66666666666667,6.133333333333334,262.6666666666667,142.5,0.0,0.0,0.0,0.0,0.0,0.0,0.0,0.0,0.0,0.0,177.0,0.0,552.7284416484929,90.7287704048106,232.48996164924714,16.57365056343932,441.1305681141424,0.0,90.72877040481056,124.03310772278438,0.0,0.0,19.95742728435064,-2.3511376025285246,20.385672504823888,-157.35597476329986,19.941603489690409,6.104952306038285,20.137102777960484,-194.2089467824053,18.96098392271226,2.327921105951191,20.378847105424854,-105.6194506565721,19.145300793685764,50.75793882715607,18.46444030280805,2.75275057076783,18.89129467414465,-23.483540221902787,283.3192378164831,132.32158123973614,0.0,0.0,0.0,0.0,0.0,0.0,0.0,0.0,0.0,0.0,0.0,0.0,0.0,0.0,0.0,0.0,0.0,0.0,0.0,0.0,0.0,0.0,0.41058197053735837,0.12533027183680049,82.96273554241658,98.45973610347795,1212.9484159852114,0.06939641799827615,0.010591638888625787,76.52577716648035,90.76863374284727,1132.6317944956598,0.3942577914886612,0.07450071645666315,140.73099673072179,166.9883229191749,2063.6122590517959,0.060923264355136678,0.011512332644583647,111.38607915138998,132.19268934544025,1611.0276450004772,0.0,0.0,6.201696986675002,7.386317132059553,79.09192071004516,0.0,0.0,57.672377000880299,68.40141816329617,870.0269282051382,0.0,0.0,180.1357777495636,214.2899102936034,2403.787366920208,0.0,0.0,19.402942387567287,23.145432527180604,229.21302217985278,0.0,0.0,87.49329801319967,104.25754075126004,1086.1181662121906,34.50007036062373,23.66259969864454,148.2070211034576,176.4478089368532,2311.84627182692,0.0,0.0,102.32119592886088,121.99140897977787,1239.308580049401,0.0,19.92147940866144,40.31156324474723,22.0,30.0,0.0,20.04325298210247,40.666593558121508,16.0,30.0,0.0,19.959271507238797,40.44647216026818,22.0,30.0,0.0,19.873923940938125,41.119500645416739,16.0,30.0,0.0,18.98993080677762,41.05054783039651,12.0,30.0,0.0,20.177527430846668,38.696432122205738,16.0,30.0,0.0,19.289835766616109,41.00970556488339,10.0,30.0,0.0,18.513925906512257,42.59202718214276,12.0,30.0,0.0,18.817737201147787,41.925991623100369,12.0,30.0,0.0,18.96734877456205,0.0,0.0,0.0,18.651366512263065,0.0,0.0,523.351779109928,497.4771810761365,514.8645559370549,497.1330909121907,594.3207969263699,572.7593199474667,566.5839127693512,587.0049097630242,580.3890141138669,0.0,81.94001978764278,81.94001978764278,60.0,0.0,60.0,60.0,16.0,16.0,16.0,12.0,12.0,12.0,21.0,10.0,0.0,0.0,0.0,0.0,0.0,0.0,0.0,0.0,0.0,0.0,0.0,0.0,0.0,81.94001978764278,81.94001978764278,0.0,0.0,0.0,81.94001978764278,0.0,0.0,0.00214 
 04/17  10:30:00,12.719999999999999,67.0,6.18,265.0,112.0,0.0,0.0,0.0,0.0,0.0,0.0,0.0,0.0,0.0,0.0,177.0,0.0,553.3053467606524,90.05089089288009,230.75281054375638,16.590930758173,441.59079367902145,0.0,90.05089089288005,123.10639503670694,0.0,0.0,19.933959399765685,13.96562807101509,20.356446339470375,-247.67633936434414,19.841960428790516,-124.34396992978555,20.18192863297692,-15.250741237882267,18.948641208897727,2.6949945779942086,20.393072939243269,-103.79618685643936,19.150293673812734,52.379432870779968,18.43393415348489,7.0760490436560989,18.919659870195824,-18.6072553102058,291.58035421845309,119.24482324649807,0.0,0.0,0.0,0.0,0.0,0.0,0.0,0.0,0.0,0.0,0.0,0.0,0.0,0.0,0.0,0.0,0.0,0.0,0.0,0.0,0.0,0.0,0.38448560672967116,0.11736434881858095,145.79812130002888,173.00353128085357,2119.4491376104635,0.052244577780606,0.007973836657601649,122.81335109579088,145.71306892614263,1790.5332307918382,0.38930090646543166,0.07356404128220555,83.7841953095099,99.47124738809467,1196.63817363844,0.08075349359538857,0.015259541495727239,67.26701893024311,79.80416895695609,986.0915291212417,0.0,0.0,6.127250412202385,7.2975336972267199,77.56522974603446,0.0,0.0,57.68794714047988,68.41410623820365,867.5035695335992,0.0,0.0,176.97783722807504,210.5200457782553,2353.1095107515768,0.0,0.0,20.597238523947074,24.57156641026332,240.46297918928063,0.0,0.0,84.54701544081834,100.72881036487077,1049.7298297186722,34.568907780748087,23.709813292694169,158.28695414148985,188.4267246049036,2433.8601417263387,0.0,0.0,99.98533349674367,119.17393324782549,1217.4729903755,0.0,19.933610621958729,40.78413427139899,22.0,30.0,0.0,19.9716324702748,40.626917431700018,16.0,30.0,0.0,19.78965760632409,40.96009401602104,22.0,30.0,0.0,20.006752272898536,40.31755626456908,16.0,30.0,0.0,18.979641498229787,41.271763238777889,12.0,30.0,0.0,20.190738275447264,38.795944576627089,16.0,30.0,0.0,19.302882172552406,41.01922561195834,10.0,30.0,0.0,18.481201743745925,42.88442892930496,12.0,30.0,0.0,18.856325169371357,41.99647170283574,12.0,30.0,0.0,18.98800837680285,0.0,0.0,0.0,18.72151386743665,0.0,0.0,504.2725624411731,503.3711364262265,509.2621370073985,515.7899077168704,587.0137357933014,565.9821851250313,564.5033972063685,578.2231444890915,573.3403881517137,0.0,81.94001978764278,81.94001978764278,60.0,0.0,60.0,60.0,16.0,16.0,16.0,12.0,12.0,12.0,21.0,10.0,0.0,0.0,0.0,0.0,0.0,0.0,0.0,0.0,0.0,0.0,0.0,0.0,0.0,81.94001978764278,81.94001978764278,0.0,0.0,0.0,81.94001978764278,0.0,0.0,0.00212 
 04/17  10:40:00,12.756666666666668,66.33333333333333,6.226666666666667,258.1666666666667,94.00000000000002,0.0,0.0,0.0,0.0,0.0,0.0,0.0,0.0,0.0,0.0,177.0,0.0,544.2812176543323,87.48991670223529,224.19032645575613,16.320327709619869,434.3885263092784,0.0,87.48991670223525,119.60534915846724,0.0,0.0,19.8069636687883,-57.84321886453472,20.381463839130235,-154.32514478871418,19.86898121981884,25.268441652380717,20.081234682128078,-210.0880754577047,18.935887106566449,3.119748724513329,20.4034205938004,-104.21489880606532,19.158872748730898,56.82816195453597,18.410952881056127,11.491788504182978,18.946352830099607,-13.368851284447374,315.92681518658358,106.62413074813913,0.0,0.0,0.0,0.0,0.0,0.0,0.0,0.0,0.0,0.0,0.0,0.0,0.0,0.0,0.0,0.0,0.0,0.0,0.0,0.0,0.0,0.0,0.3911024277897744,0.11938413546696411,133.56011393683284,158.59371439212917,1878.9746134834755,0.06417113422445563,0.009794129155136696,73.84535912302815,87.59421537918704,1079.966351591889,0.42975451437180497,0.08120833604909395,218.47368934999217,259.2876070873268,3139.196516603856,0.06528791941141178,0.012337097394446667,127.03041138437843,150.7959620928707,1801.982011839425,0.0,0.0,6.250998209184563,7.444870715880421,78.53610991679892,0.0,0.0,57.60085020555783,68.30707408814316,863.1347087367321,0.0,0.0,174.83781975532788,207.9464743941686,2318.4572880978328,0.0,0.0,21.766259017054879,25.96698483216517,251.58607410858876,0.0,0.0,80.46015428839084,95.84457611379385,998.8937274688334,34.62603705858134,23.748996610823974,216.37513328032635,257.51080691447506,3187.1988623516106,0.0,0.0,96.66839671277256,115.19517977728438,1181.0091047825795,0.0,19.730915750914517,41.207022493315438,22.0,30.0,0.0,20.029121103624254,40.59931803187939,16.0,30.0,0.0,19.890647812049328,40.69961709114051,22.0,30.0,0.0,19.80776833159069,41.14260414482539,16.0,30.0,0.0,18.96881637473847,41.45859666362837,12.0,30.0,0.0,20.201262809287859,38.81513802382497,16.0,30.0,0.0,19.322374237155605,41.23419494907787,10.0,30.0,0.0,18.460019949146145,43.09325125093713,12.0,30.0,0.0,18.893220064355174,42.00769365238177,12.0,30.0,0.0,19.065030252880474,0.0,0.0,0.0,18.77955108307744,0.0,0.0,504.66650469643198,497.6000708712746,512.1841220859107,498.495409591554,580.8912786423566,563.5417772281217,553.7379211405619,571.1926636242243,568.022696849325,0.0,81.94001978764278,81.94001978764278,60.0,0.0,60.0,60.0,16.0,16.0,16.0,12.0,12.0,12.0,21.0,10.0,0.0,0.0,0.0,0.0,0.0,0.0,0.0,0.0,0.0,0.0,0.0,0.0,0.0,81.94001978764278,81.94001978764278,0.0,0.0,0.0,81.94001978764278,0.0,0.0,0.0021 
 04/17  10:50:00,12.793333333333333,65.66666666666667,6.273333333333333,251.33333333333335,76.0,0.0,0.0,0.0,0.0,0.0,0.0,0.0,0.0,0.0,0.0,177.0,0.0,496.59156928608237,85.57401273835809,219.28079538507573,14.89035896062126,396.327731839455,0.0,85.57401273835805,116.98616318605943,0.0,0.0,19.843421627461077,42.68877445208636,20.317040176189268,-275.01347022484335,19.750702034405174,-149.99937954650432,20.1283965999502,-14.01301913051384,18.919520400846964,3.325479887732655,20.39941149415577,-100.45591824697249,19.145604412730515,47.23926865621979,18.393416505390506,14.850439222105479,18.971065219701577,-10.66348929950027,322.1911294186848,99.15865856822802,0.0,0.0,0.0,0.0,0.0,0.0,0.0,0.0,0.0,0.0,0.0,0.0,0.0,0.0,0.0,0.0,0.0,0.0,0.0,0.0,0.0,0.0,0.36869405283870107,0.11254397217298568,217.4060400940185,258.02839497085469,3097.907699830899,0.03393260712602838,0.005178969341579423,160.827897902696,190.84597570140356,2303.006088616203,0.36676554169308087,0.06930565791630404,121.57640967502482,144.38751785579309,1688.6442251877764,0.07540531000048126,0.014248924792230014,67.92284339573851,80.59544245005583,977.8737217007533,0.0,0.0,5.886687224761433,7.011021566479898,73.34807797762956,0.0,0.0,57.53601355795678,68.22463228379056,858.5772971483311,0.0,0.0,169.53516838799198,201.65402181307094,2227.6818789324236,0.0,0.0,22.023490910107755,26.274444046717137,252.298483738106,0.0,0.0,79.35438009469739,94.51401163842823,984.4338762395581,34.631635681506327,23.752836544243029,241.1398613239171,286.954168537302,3494.184059485736,0.0,0.0,95.7314042778357,114.0513510478385,1172.3831681235873,0.0,19.869457284875275,40.89678722391786,22.0,30.0,0.0,19.91605738920681,40.83029094435437,16.0,30.0,0.0,19.677068910601994,41.395947639432069,22.0,30.0,0.0,19.94886372306674,40.53425678930866,16.0,30.0,0.0,18.953688889208388,41.668889354396089,12.0,30.0,0.0,20.207025464252817,39.02641378423632,16.0,30.0,0.0,19.298617167719948,41.30291095343877,10.0,30.0,0.0,18.445593141267844,43.22122731210067,12.0,30.0,0.0,18.92603496182317,42.015882160484569,12.0,30.0,0.0,19.088662876799796,0.0,0.0,0.0,18.83192401381051,0.0,0.0,503.30684893550656,497.0333966861765,499.2577322764361,512.5816962677243,574.2086954623018,553.5660871434903,552.0611911076242,567.0455085614835,563.804669573971,0.0,81.94001978764278,81.94001978764278,60.0,0.0,60.0,60.0,16.0,16.0,16.0,12.0,12.0,12.0,21.0,10.0,0.0,0.0,0.0,0.0,0.0,0.0,0.0,0.0,0.0,0.0,0.0,0.0,0.0,81.94001978764278,81.94001978764278,0.0,0.0,0.0,81.94001978764278,0.0,0.0,0.00208 
 04/17  11:00:00,12.83,65.0,6.32,244.5,58.0,0.0,0.0,0.0,0.0,0.0,0.0,0.0,0.0,0.0,0.0,177.0,0.0,474.845573593318,82.8817373614068,212.38185349027465,14.238296576200633,378.9722744414092,0.0,82.88173736140677,113.30561863157162,0.0,0.0,19.739004990442234,-40.23482950772177,20.330341239689923,-152.76218490725206,19.797560430009044,35.967276880621287,20.039459746405286,-196.6920832381138,18.903859992067767,3.5985294094730309,20.39145183997325,-105.18635499419315,19.161758544832929,62.2427773786394,18.3799662339388,18.23225889757805,18.993755896950366,-7.493683580560173,310.1339944179035,84.05080145786497,0.0,0.0,0.0,0.0,0.0,0.0,0.0,0.0,0.0,0.0,0.0,0.0,0.0,0.0,0.0,0.0,0.0,0.0,0.0,0.0,0.0,0.0,0.3761254930181731,0.1148124215562189,144.72557845696375,171.86740066536127,2004.1614655283475,0.057940791428277047,0.008843222134962919,85.71411719721152,101.68984421423792,1231.6601047100376,0.4354816460514814,0.08229056047836007,246.78692807248599,292.9553459216215,3473.915897896674,0.060509339959355468,0.011434115638578126,142.72906083260069,169.4502450845364,1993.2425342250697,0.0,0.0,6.230915289930787,7.421093546382643,76.98513425418614,0.0,0.0,58.329525636807009,69.16615692821583,865.3011343057466,0.0,0.0,167.06226527236144,198.67929376994736,2194.7195331515547,0.0,0.0,22.83854181357833,27.24630499414446,259.53567676076599,0.0,0.0,72.17666691021961,85.95217241623944,894.3487764914311,34.687487078659469,23.791143401001013,244.66143341079605,291.1848471084281,3496.4410938630646,0.0,0.0,88.9288992761154,105.93640683777558,1086.7099110852635,0.0,19.696503708097965,41.34274724891425,22.0,30.0,0.0,19.97563646603048,40.723987815850637,16.0,30.0,0.0,19.818652457372488,40.909580137973758,22.0,30.0,0.0,19.771469525449793,41.2231788067021,16.0,30.0,0.0,18.938133878442885,41.854148309697389,12.0,30.0,0.0,20.199852160731014,39.075076226918948,16.0,30.0,0.0,19.33471511216267,41.37012656193888,10.0,30.0,0.0,18.43655903473611,43.440361853955639,12.0,30.0,0.0,18.956191901092767,42.11297657800868,12.0,30.0,0.0,19.04799617799943,0.0,0.0,0.0,18.855937207168837,0.0,0.0,498.6825766430761,493.4137175086885,509.5732571726468,494.3397685268592,568.2306041529688,551.1406200140865,545.128496392119,559.2567638511404,556.4540561320202,0.0,81.94001978764278,81.94001978764278,60.0,0.0,60.0,60.0,16.0,16.0,16.0,12.0,12.0,12.0,21.0,10.0,0.0,0.0,0.0,0.0,0.0,0.0,0.0,0.0,0.0,0.0,0.0,0.0,0.0,81.94001978764278,81.94001978764278,0.0,0.0,0.0,81.94001978764278,0.0,0.0,0.0020599999999999999 
 04/17  11:10:00,12.751666666666666,65.0,6.261666666666668,237.66666666666667,39.99999999999999,0.0,0.0,0.0,0.0,0.0,0.0,0.0,0.0,0.0,0.0,177.0,0.0,448.402093995276,80.13236348386826,205.33659756460706,13.445382268208182,357.8678035183499,0.0,80.13236348386822,109.54701609787229,0.0,0.0,19.768658419200408,43.76796565912446,20.270221006740046,-261.46849106222546,19.717141078091399,-107.43898760243065,20.083673552633763,-12.862893374453279,18.887693915248798,3.893071691822797,20.380237609089023,-97.44326261889455,19.15089887679604,50.28363483650082,18.36697589901203,19.81045680319562,19.011934756956703,-7.670739273193249,295.57311692268288,84.23414005428549,0.0,0.0,0.0,0.0,0.0,0.0,0.0,0.0,0.0,0.0,0.0,0.0,0.0,0.0,0.0,0.0,0.0,0.0,0.0,0.0,0.0,0.0,0.38597915464156098,0.11782025477459127,199.63208245862854,236.97256476192863,2837.982287339588,0.039071943216436737,0.005963361296769954,157.07370509984086,186.40767525726123,2250.1662215476528,0.3889735675287508,0.07350218585199375,86.68423528558874,102.94429572655823,1212.9902971049156,0.07724539961015965,0.014596636358684738,46.21161705182629,54.83848218372992,665.7399077394146,0.0,0.0,5.8763502958534519,6.998764788957622,73.34003687572555,0.0,0.0,57.242998897366678,67.8739802217634,857.8546561670379,0.0,0.0,162.56058300634224,193.3312607488304,2154.1912792683899,0.0,0.0,22.899440845787269,27.318400289736148,263.4311955506935,0.0,0.0,72.49622799470184,86.3214057105982,913.1054385508054,34.421605014131419,23.608782588567509,200.5968007740674,238.78807045697296,2947.9217795517849,0.0,0.0,89.31146274228517,106.37276037165451,1111.6224409487634,0.0,19.80835295828755,41.065321776728,22.0,30.0,0.0,19.87634296037938,40.958369386241837,16.0,30.0,0.0,19.676898836130474,41.40660319242271,22.0,30.0,0.0,19.907159880446519,40.68619905179097,16.0,30.0,0.0,18.921728703499566,42.03323398505947,12.0,30.0,0.0,20.197126269186478,39.22265230113427,16.0,30.0,0.0,19.312958899344506,41.48709448098879,10.0,30.0,0.0,18.427492729718695,43.55811898617742,12.0,30.0,0.0,18.97980662585408,42.135310481268607,12.0,30.0,0.0,18.981835674727046,0.0,0.0,0.0,18.890891254255665,0.0,0.0,498.6647243152013,489.55966062193405,493.50525030823447,507.86000712513137,562.4940323692296,544.3191459852538,541.2250113734363,554.778963824151,552.1778606716912,0.0,81.94001978764278,81.94001978764278,60.0,0.0,60.0,60.0,16.0,16.0,16.0,12.0,12.0,12.0,21.0,10.0,0.0,0.0,0.0,0.0,0.0,0.0,0.0,0.0,0.0,0.0,0.0,0.0,0.0,81.94001978764278,81.94001978764278,0.0,0.0,0.0,81.94001978764278,0.0,0.0,0.00204 
 04/17  11:20:00,12.673333333333334,65.0,6.203333333333333,230.83333333333335,21.999999999999998,0.0,0.0,0.0,0.0,0.0,0.0,0.0,0.0,0.0,0.0,177.0,0.0,417.53677175961459,77.33388750090977,198.1655183429551,12.519881056714379,333.23430598143877,0.0,77.33388750090974,105.72128726339983,0.0,0.0,19.698958620371394,-14.076653622872073,20.258327169023045,-172.1100678811631,19.74825909805375,28.142735212340996,19.991521037908315,-197.46709980704237,18.870996471974377,4.148274999760446,20.359499487446834,-99.73606117200916,19.161134782004873,61.18091867820749,18.355986847550566,22.217297580441256,19.027874441873136,-6.062580540797626,301.031004211658,74.84496077014956,0.0,0.0,0.0,0.0,0.0,0.0,0.0,0.0,0.0,0.0,0.0,0.0,0.0,0.0,0.0,0.0,0.0,0.0,0.0,0.0,0.0,0.0,0.4233552135482279,0.12922930816490475,122.41116031204419,145.35705844890635,1735.9517319567684,0.06665181928741265,0.010172744091485449,93.2435121153332,110.6445933675016,1355.4850402267467,0.450879131884467,0.08520013830016386,215.26619783397465,255.5551087892091,3081.822787672927,0.06764821530449566,0.012783109467969699,131.89151891104982,156.59862407345984,1872.007028140682,0.0,0.0,6.1359720351353579,7.307975853150861,77.33801324653557,0.0,0.0,57.51335352863911,68.19508323191666,869.1495403080079,0.0,0.0,160.1869098432151,190.48221132104579,2155.347674017903,0.0,0.0,23.405132209615219,27.920664254036429,272.631838130796,0.0,0.0,66.78451093607247,79.51019811742636,854.4421782146052,34.21581306292641,23.467635845628548,213.27521368532323,253.8788650587905,3140.7649832171325,0.0,0.0,83.80186314314364,99.80405433830915,1057.110367139854,0.0,19.69967399889228,41.34305111501762,22.0,30.0,0.0,19.900707585702685,40.88507149071159,16.0,30.0,0.0,19.77818876736996,41.042069062515448,22.0,30.0,0.0,19.727095708452713,41.306453150074379,16.0,30.0,0.0,18.9044610045286,42.20370831202426,12.0,30.0,0.0,20.18135919033753,39.32053306869341,16.0,30.0,0.0,19.336478345554967,41.53629910822312,10.0,30.0,0.0,18.42077322328659,43.70629968918559,12.0,30.0,0.0,19.000747572482366,42.19635335350117,12.0,30.0,0.0,18.976557837324945,0.0,0.0,0.0,18.896094752996129,0.0,0.0,492.27798779806377,486.91283067731106,505.1090701541658,488.02695504108757,556.9307178042583,540.4853232244277,535.9621735728081,549.0881490067103,546.7662031840822,0.0,81.94001978764278,81.94001978764278,60.0,0.0,60.0,60.0,16.0,16.0,16.0,12.0,12.0,12.0,21.0,10.0,0.0,0.0,0.0,0.0,0.0,0.0,0.0,0.0,0.0,0.0,0.0,0.0,0.0,81.94001978764278,81.94001978764278,0.0,0.0,0.0,81.94001978764278,0.0,0.0,0.00207 
 04/17  11:30:00,12.594999999999999,65.0,6.145,224.0,4.0,0.0,0.0,0.0,0.0,0.0,0.0,0.0,0.0,0.0,0.0,177.0,0.0,350.44557329717255,76.32152114104849,195.57124307789685,10.50816580115369,279.68933605288847,0.0,76.32152114104847,104.33730569716295,0.0,0.0,19.701968463221708,34.90772875615403,20.191454864781627,-229.719090348176,19.67081882735515,-101.33654342953105,20.036297344295883,-13.613595668346989,18.851216130332618,4.414835890193245,20.323135339425293,-92.31218773478349,19.153433530964798,53.012048972856977,18.345897937273088,22.888784555780036,19.04155868105537,-7.287324597346014,280.6986183381068,77.22508548830547,0.0,0.0,0.0,0.0,0.0,0.0,0.0,0.0,0.0,0.0,0.0,0.0,0.0,0.0,0.0,0.0,0.0,0.0,0.0,0.0,0.0,0.0,0.42552810469880167,0.12989258385189307,162.07229561204509,192.4164933398748,2336.7786808561488,0.057518571338159577,0.008778780729267336,134.5938063400864,159.74855127347696,1957.413141853644,0.4287098483009195,0.08101093127379434,81.2154234362278,96.45621154036418,1157.20058233698,0.08661420458650256,0.01636700766940713,56.22509953024628,66.72716702192112,822.5374211589043,0.0,0.0,5.914592398760181,7.044400125806083,75.24233849138102,0.0,0.0,56.46002847167783,66.94714085488744,859.8091816530722,0.0,0.0,157.0721827046446,186.77974840050033,2133.4800618829347,0.0,0.0,23.464765018571414,27.991100686301278,276.66898580464996,0.0,0.0,66.9994737135337,79.75764721102648,869.8592371152239,33.95741074493193,23.290405174850439,170.20894731445,202.66819604149377,2588.382734809916,0.0,0.0,84.00519779770485,100.03778331770899,1074.3433180845778,0.0,19.74602010967806,41.215228471547828,22.0,30.0,0.0,19.825858925494964,41.044273459067209,16.0,30.0,0.0,19.64067719099498,41.46611430660022,22.0,30.0,0.0,19.861593918655158,40.81893347327821,16.0,30.0,0.0,18.88412108342108,42.37333180264359,12.0,30.0,0.0,20.160749759495756,39.469629581326667,16.0,30.0,0.0,19.321385634528889,41.63199864929614,10.0,30.0,0.0,18.412998073397917,43.8218397354717,12.0,30.0,0.0,19.016768696975079,42.243498679818198,12.0,30.0,0.0,18.89031482275297,0.0,0.0,0.0,18.904742510853766,0.0,0.0,492.02754580914736,483.57288523855268,488.1180807394636,503.5862756109138,551.6872125257733,535.1549426533514,531.4551569915525,544.3910309848072,542.1284481592652,0.0,81.94001978764278,81.94001978764278,60.0,0.0,60.0,60.0,16.0,16.0,16.0,12.0,12.0,12.0,21.0,10.0,0.0,0.0,0.0,0.0,0.0,0.0,0.0,0.0,0.0,0.0,0.0,0.0,0.0,81.94001978764278,81.94001978764278,0.0,0.0,0.0,81.94001978764278,0.0,0.0,0.0021 
 04/17  11:40:00,12.516666666666666,65.0,6.086666666666666,214.66666666666669,4.833333333333333,0.0,0.0,0.0,0.0,0.0,0.0,0.0,0.0,0.0,0.0,177.0,0.0,338.14249957364128,73.51977344295924,188.39185932317649,10.139255409654013,269.87028916320409,0.0,73.5197734429592,100.50710418006244,0.0,0.0,19.65322400647566,2.758952498950748,20.165497480389896,-180.17132739642694,19.698021010847559,26.188497420303976,19.938111535459674,-204.85122545138985,18.834672145029559,4.580945333233103,20.297229555881289,-91.40282214034187,19.155064549923826,57.408866262834639,18.336205801960039,23.978600901802908,19.05223767315345,-7.53825260372605,295.61259053044526,73.26548605787684,0.0,0.0,0.0,0.0,0.0,0.0,0.0,0.0,0.0,0.0,0.0,0.0,0.0,0.0,0.0,0.0,0.0,0.0,0.0,0.0,0.0,0.0,0.46401821119000205,0.14164170060744875,110.10020438977178,130.74056701656517,1592.6633338159969,0.07433321641662295,0.011345118500705579,96.59527326430833,114.64778699581808,1419.2912973488149,0.4765075361183848,0.09004299624308107,203.67365356313995,241.816060990848,2961.8287866964985,0.07308104834978714,0.013809721910390613,131.20095841525666,155.80145096523058,1888.620192766167,0.0,0.0,6.023546288413866,7.17421873047666,77.36280483731972,0.0,0.0,56.07822865489634,66.4967102138432,860.2423305362755,0.0,0.0,153.95901917381915,183.06504649904142,2117.1642156226018,0.0,0.0,23.791442795621689,28.37998459413872,283.927283749477,0.0,0.0,62.571354558236048,74.47914113602319,823.8200458611718,33.746690916916289,23.14587854383834,201.79523843397647,240.25448993603693,3034.2158425468985,0.0,0.0,79.77317617877988,94.99818097913097,1030.6058933279888,0.0,19.678453790861526,41.365309635323288,22.0,30.0,0.0,19.819754435643337,41.03320014373852,16.0,30.0,0.0,19.731107930077447,41.169022220361018,22.0,30.0,0.0,19.669263283539669,41.40275759520232,16.0,30.0,0.0,18.86605280895879,42.52589299888382,12.0,30.0,0.0,20.137541239723139,39.58145185210954,16.0,30.0,0.0,19.327182207770048,41.69716865791765,10.0,30.0,0.0,18.40559173349266,43.94689432507832,12.0,30.0,0.0,19.029736500369329,42.30103431614796,12.0,30.0,0.0,18.91392527830402,0.0,0.0,0.0,18.89087936613114,0.0,0.0,486.30658610683738,479.75874589349288,500.1796988044353,480.6431093484579,546.5343310169043,530.8620453355122,527.0291827984254,539.4180290086973,537.3164097100832,0.0,81.94001978764278,81.94001978764278,60.0,0.0,60.0,60.0,16.0,16.0,16.0,12.0,12.0,12.0,21.0,10.0,0.0,0.0,0.0,0.0,0.0,0.0,0.0,0.0,0.0,0.0,0.0,0.0,0.0,81.94001978764278,81.94001978764278,0.0,0.0,0.0,81.94001978764278,0.0,0.0,0.00213 
 04/17  11:50:00,12.438333333333333,65.0,6.028333333333332,205.33333333333332,5.666666666666666,0.0,0.0,0.0,0.0,0.0,0.0,0.0,0.0,0.0,0.0,177.0,0.0,325.7204983273277,70.6789463965607,181.11233693093457,9.766779038162774,259.95632752757538,0.0,70.67894639656068,96.623478231032,0.0,0.0,19.638376181401115,25.542726384762319,20.12855447925439,-198.15926780995506,19.617780638902024,-103.84936198553578,19.981361596900088,-13.981812394233657,18.81908508927834,4.662487782221376,20.273405293833969,-86.93480064402502,19.147896826542519,52.77128093949523,18.32584248723756,23.744480514283056,19.059829338178809,-9.524810303744289,266.7719937675756,74.96220448922577,0.0,0.0,0.0,0.0,0.0,0.0,0.0,0.0,0.0,0.0,0.0,0.0,0.0,0.0,0.0,0.0,0.0,0.0,0.0,0.0,0.0,0.0,0.4610400533636563,0.14073261702187313,132.40223688732477,157.2168708509447,1935.8916314046704,0.07187322292116297,0.010969661618004117,113.59847248900978,134.84364953955265,1678.3189612309225,0.46119693426832267,0.08714983640746842,84.34335867567795,100.18444935491931,1219.8047502281507,0.09492600991371086,0.01793764359669517,68.18446334682966,80.93054299373593,1011.3460079356052,0.0,0.0,5.89309407127677,7.0188803063611699,76.42075211670542,0.0,0.0,55.20254423899278,65.4595378327607,853.3475038818687,0.0,0.0,150.88665518870949,179.41191436758593,2094.923828199778,0.0,0.0,23.761556677081737,28.343891041283457,286.86907037943669,0.0,0.0,61.7013360324701,73.43791410421551,823.0958208402445,33.494863181973318,22.973157189282117,151.21025719488316,180.09544280726755,2366.758734181875,0.0,0.0,78.72468767011239,93.74887840700028,1027.5900107124379,0.0,19.68287391510607,41.33468819981998,22.0,30.0,0.0,19.781981206561423,41.06983316577626,16.0,30.0,0.0,19.58761911793351,41.536603016989648,22.0,30.0,0.0,19.80602823738146,40.962156019662469,16.0,30.0,0.0,18.849263753726345,42.6665010619732,12.0,30.0,0.0,20.117921459553075,39.700820320097708,16.0,30.0,0.0,19.31464167063877,41.77781390457073,10.0,30.0,0.0,18.395982502477954,44.05298921558116,12.0,30.0,0.0,19.038098619331,42.35334828525589,12.0,30.0,0.0,18.799508487355028,0.0,0.0,0.0,18.878817732536139,0.0,0.0,484.9317904073934,478.5816227862726,482.76369694454868,498.9034973643089,541.6764372178365,526.2861310983416,522.3278332417337,534.7572181826356,532.7547641960961,0.0,81.94001978764278,81.94001978764278,60.0,0.0,60.0,60.0,16.0,16.0,16.0,12.0,12.0,12.0,21.0,10.0,0.0,0.0,0.0,0.0,0.0,0.0,0.0,0.0,0.0,0.0,0.0,0.0,0.0,81.94001978764278,81.94001978764278,0.0,0.0,0.0,81.94001978764278,0.0,0.0,0.0021333333333333336 
 04/17  12:00:00,12.36,65.0,5.97,196.0,6.5,0.0,0.0,0.0,0.0,0.0,0.0,0.0,0.0,0.0,0.0,177.0,0.0,313.20557457209159,67.80173200961659,173.73957399911689,9.391516430325753,249.96820542642758,0.0,67.80173200961655,92.69010802877844,0.0,0.0,19.611399863548525,19.25383659350973,20.089578784659304,-198.53292345345563,19.644788379017329,25.421874224140994,19.876461040854289,-212.51019494962203,18.80415560566262,4.706566506271429,20.248956263687245,-85.6519888308103,19.14461386872091,53.93693543073368,18.315498572263278,23.8897876636139,19.06513254511424,-10.72675928456647,293.87168335941717,73.41162481311858,0.0,0.0,0.0,0.0,0.0,0.0,0.0,0.0,0.0,0.0,0.0,0.0,0.0,0.0,0.0,0.0,0.0,0.0,0.0,0.0,0.0,0.0,0.5000478336485589,0.15263975386097648,106.20022971683277,126.11266758379188,1566.0441799187796,0.07927153666540173,0.012098830382387321,104.75041647399586,124.35460213630484,1556.2955149049843,0.5063731015795124,0.09568652713142718,200.73598637718204,238.35785379954249,2961.463612896775,0.0788809125686727,0.01490569020572046,132.38750146798689,157.2404279520642,1929.8013866057066,0.0,0.0,5.906891126689758,7.035345533807977,77.34346535110633,0.0,0.0,54.91603779053281,65.12174909009633,855.2413661972241,0.0,0.0,147.91939966660684,175.8781007157792,2075.9761089582009,0.0,0.0,24.00594617953806,28.634995180758226,293.13252950266669,0.0,0.0,58.35540049324434,69.45088929445993,788.3025965236873,33.28649020452168,22.83024019514519,200.67542856764,238.95494572191823,3063.6017531820787,0.0,0.0,75.60580637757768,90.03741882271895,995.6067838198735,0.0,19.65710832467274,41.35072707295319,22.0,30.0,0.0,19.743295944380038,41.123418534466569,16.0,30.0,0.0,19.6769371274834,41.295995921140988,22.0,30.0,0.0,19.601619953492173,41.47672818596793,16.0,30.0,0.0,18.83321883570013,42.794711399597257,12.0,30.0,0.0,20.096613259587686,39.79965888495059,16.0,30.0,0.0,19.31116159900299,41.84025187951193,10.0,30.0,0.0,18.385964080206038,44.16151715538359,12.0,30.0,0.0,19.043798550236596,42.4087410893956,12.0,30.0,0.0,18.862007483473023,0.0,0.0,0.0,18.85746296769086,0.0,0.0,481.3195745054917,472.8873357865107,494.7640076098522,473.5954915845733,536.8677769279875,521.8408780898259,518.3274148346002,530.2398481371201,528.3050247170922,0.0,81.94001978764278,81.94001978764278,60.0,0.0,60.0,60.0,16.0,16.0,16.0,12.0,12.0,12.0,21.0,10.0,0.0,0.0,0.0,0.0,0.0,0.0,0.0,0.0,0.0,0.0,0.0,0.0,0.0,81.94001978764278,81.94001978764278,0.0,0.0,0.0,81.94001978764278,0.0,0.0,0.0021366666666666667 
 04/17  12:10:00,12.276666666666668,65.16666666666667,5.946666666666666,186.66666666666669,7.333333333333334,0.0,0.0,0.0,0.0,0.0,0.0,0.0,0.0,0.0,0.0,177.0,0.0,300.6192051016091,64.89044926067057,166.27951275928764,9.014111553492196,239.92306321789895,0.0,64.89044926067054,88.71016379278382,0.0,0.0,19.580106904978643,15.332769713124435,20.071785780796686,-160.34326172979446,19.563606200192479,-106.80287262281309,19.919903608293504,-14.152778227890395,18.78973086425514,4.754993216113604,20.224086009272307,-82.93205889718138,19.139184442426037,52.312985562108227,18.304500386992499,23.394820320988857,19.067968466642335,-12.483726373579885,246.13980965041356,74.66264019008304,0.0,0.0,0.0,0.0,0.0,0.0,0.0,0.0,0.0,0.0,0.0,0.0,0.0,0.0,0.0,0.0,0.0,0.0,0.0,0.0,0.0,0.0,0.4911333126588211,0.14991859360769878,90.54125431251475,107.53195964742541,1345.1486607029902,0.08369437283098717,0.012773866427195845,90.02887243250815,106.87819097346363,1353.7995593120039,0.49595048173375347,0.09371702224749691,79.17232214783167,94.06007892377642,1162.93111705155,0.10424973729823686,0.019699496843960098,81.5600839083158,96.82520610825137,1225.96189430153,0.0,0.0,5.868806709699534,6.990272413818034,77.65196066777084,0.0,0.0,54.25660612498874,64.34392924739398,851.8465871812407,0.0,0.0,145.87669841074843,173.45350514050669,2069.5133536060918,0.0,0.0,23.985977431545316,28.612052514551889,296.3804252567211,0.0,0.0,57.31608541696316,68.21278368965561,784.1894326392318,33.04245806330724,22.662865612693588,130.02311165160345,154.92281337019925,2105.6752382533179,0.0,0.0,74.30580261802582,88.4949189525706,987.9403850973337,0.0,19.622396261600846,41.39841389586643,22.0,30.0,0.0,19.74837881264701,41.045180674444797,16.0,30.0,0.0,19.53090443647146,41.582248853775499,22.0,30.0,0.0,19.74263707546399,41.11003378978539,16.0,30.0,0.0,18.817706417079088,42.914714690427839,12.0,30.0,0.0,20.075794785360359,39.89906237036024,16.0,30.0,0.0,19.3032200988849,41.896299003988,10.0,30.0,0.0,18.374441321812893,44.259066867697317,12.0,30.0,0.0,19.046445546397874,42.46165442285632,12.0,30.0,0.0,18.684793379976868,0.0,0.0,0.0,18.836719671608735,0.0,0.0,476.1321616185207,473.9352670614276,477.75378999546248,493.9016194499917,532.2751765617989,517.7122786536322,513.9153295411594,525.6954689347595,523.8845311459198,0.0,81.94001978764278,81.94001978764278,60.0,0.0,60.0,60.0,16.0,16.0,16.0,12.0,12.0,12.0,21.0,10.0,0.0,0.0,0.0,0.0,0.0,0.0,0.0,0.0,0.0,0.0,0.0,0.0,0.0,81.94001978764278,81.94001978764278,0.0,0.0,0.0,81.94001978764278,0.0,0.0,0.00214 
 04/17  12:20:00,12.193333333333334,65.33333333333334,5.923333333333334,177.33333333333332,8.166666666666666,0.0,0.0,0.0,0.0,0.0,0.0,0.0,0.0,0.0,0.0,177.0,0.0,287.9792734065729,61.94708371605076,158.7372410930397,8.635100631724383,229.8351734849936,0.0,61.947083716050737,84.68635994275388,0.0,0.0,19.561823124082865,25.316038147688233,20.009860621532384,-228.89800643748823,19.590515513385058,23.849432294313375,19.807699505018016,-221.4265291935635,18.775636233225649,4.720797923221312,20.198632086092738,-80.69153673694473,19.13145583736636,50.27458783365364,18.293389662490463,23.146274040748837,19.068881474630094,-13.81696697935513,301.2806728850546,75.31321446070388,0.0,0.0,0.0,0.0,0.0,0.0,0.0,0.0,0.0,0.0,0.0,0.0,0.0,0.0,0.0,0.0,0.0,0.0,0.0,0.0,0.0,0.0,0.5327459032910566,0.16262084960044466,117.3842497764392,139.4189025018454,1760.0780598705163,0.08212451965289687,0.012534267346290733,116.90503140260427,138.82967042364246,1756.7130296266603,0.5380125515940942,0.10166525918255752,200.11219361009862,237.66798488674804,2997.474293135462,0.08573702286770177,0.016201251486716127,132.05453293382258,156.892278258777,1949.5756580031792,0.0,0.0,5.785545644190057,6.891394603622019,77.34886095098679,0.0,0.0,53.94848764677203,63.98297001197104,853.7958832451819,0.0,0.0,142.9940107546653,170.03253956629534,2049.2925713652018,0.0,0.0,24.17363457666536,28.83685348598989,302.20148327778676,0.0,0.0,55.13004152343505,65.61058369997397,763.6032578035095,32.84531202783561,22.52764885311085,213.0729333030978,253.74897296016796,3290.130128946868,0.0,0.0,72.40935551372349,86.24353031537507,971.2603896735702,0.0,19.613321018747894,41.37004475495056,22.0,30.0,0.0,19.659201485978217,41.19898165114954,16.0,30.0,0.0,19.619629076512188,41.407574307776659,22.0,30.0,0.0,19.525301332989284,41.53794408022949,16.0,30.0,0.0,18.80243706056417,43.023340432674917,12.0,30.0,0.0,20.054504632252607,39.98637818863615,16.0,30.0,0.0,19.291388189214059,41.954987996798809,10.0,30.0,0.0,18.362562022262116,44.3524327179926,12.0,30.0,0.0,19.047019634902815,42.512181406475047,12.0,30.0,0.0,18.835837878982905,0.0,0.0,0.0,18.811225154358494,0.0,0.0,475.96277774046816,465.7188232998075,488.43091611300459,466.39422104281126,527.8076168888624,513.4324064404516,509.5655378882096,521.4425050559333,519.6913300468746,0.0,81.94001978764278,81.94001978764278,60.0,0.0,60.0,60.0,16.0,16.0,16.0,12.0,12.0,12.0,21.0,10.0,0.0,0.0,0.0,0.0,0.0,0.0,0.0,0.0,0.0,0.0,0.0,0.0,0.0,81.94001978764278,81.94001978764278,0.0,0.0,0.0,81.94001978764278,0.0,0.0,0.0021366666666666667 
 04/17  12:30:00,12.11,65.5,5.9,168.0,9.0,0.0,0.0,0.0,0.0,0.0,0.0,0.0,0.0,0.0,0.0,177.0,0.0,275.3008232186873,58.973321777878087,151.11708029065455,8.254934740427105,219.71654243078897,0.0,58.973321777878059,80.62100191824206,0.0,0.0,19.522221978126134,7.596385081028984,20.014416112768548,-114.42194256327685,19.502540908716179,-116.57300194973277,19.852708883565904,-13.28603749884951,18.761883109933757,4.741411338515235,20.171877170995879,-79.35058018979407,19.12579528945743,50.34965179735991,18.28181594285408,22.476522410195686,19.068035355158736,-15.143806340207448,229.9338617234671,75.99125543960236,0.0,0.0,0.0,0.0,0.0,0.0,0.0,0.0,0.0,0.0,0.0,0.0,0.0,0.0,0.0,0.0,0.0,0.0,0.0,0.0,0.0,0.0,0.5193493643433764,0.15853155199736766,65.10381650999816,77.34090907861571,983.4923206763366,0.09396062486881578,0.01434075471135772,64.68119312488229,76.79768839430614,990.7737161925384,0.5241469785077718,0.09904515844818066,92.65540305865236,110.1089679157406,1378.356703857352,0.112473030040342,0.021253407037101658,95.06698803860707,112.88890444179632,1447.81821447712,0.0,0.0,5.811387121839279,6.922476101900265,78.5004772470061,0.0,0.0,53.4387507376127,63.38335985136767,852.2709590279704,0.0,0.0,141.27843916652595,167.99674010537476,2046.3926575627323,0.0,0.0,24.112867475673768,28.76549381012163,304.8863315739789,0.0,0.0,53.66263736336228,63.86425091506463,752.1516620645269,32.59057387116005,22.352931324526794,118.65366390284298,141.4315147778423,1973.8526213789942,0.0,0.0,70.58067308603646,84.07391992033556,954.4419259784456,0.0,19.558694321598876,41.43221313909681,22.0,30.0,0.0,19.71624211025099,41.01877492224303,16.0,30.0,0.0,19.45950184728938,41.66903392041185,22.0,30.0,0.0,19.67324649355185,41.25240163315457,16.0,30.0,0.0,18.787511992334033,43.12193340515027,12.0,30.0,0.0,20.0314784268309,40.06741009223952,16.0,30.0,0.0,19.28409061878908,41.997080287281267,10.0,30.0,0.0,18.349650615749309,44.4358018837243,12.0,30.0,0.0,19.045686860812255,42.55668273387603,12.0,30.0,0.0,18.5841331191781,0.0,0.0,0.0,18.78134647736165,0.0,0.0,469.9918071004156,469.34825066142897,472.6432512229763,487.9219116761917,523.3582650807309,509.1621433036789,505.9722657747741,517.1727235220659,515.4223659762358,0.0,81.94001978764278,81.94001978764278,60.0,0.0,60.0,60.0,16.0,16.0,16.0,12.0,12.0,12.0,21.0,10.0,0.0,0.0,0.0,0.0,0.0,0.0,0.0,0.0,0.0,0.0,0.0,0.0,0.0,81.94001978764278,81.94001978764278,0.0,0.0,0.0,81.94001978764278,0.0,0.0,0.0021333333333333336 
 04/17  12:40:00,12.026666666666668,65.66666666666667,5.876666666666667,162.16666666666667,9.5,0.0,0.0,0.0,0.0,0.0,0.0,0.0,0.0,0.0,0.0,177.0,0.0,267.7143041261308,57.09234537260406,146.29714435310707,8.027451148146307,213.66176241028934,0.0,57.09234537260403,78.04956456646903,0.0,0.0,19.515309866359638,32.09054598656621,19.930084218852988,-260.86534227100858,19.533000695519755,23.334855432194673,19.73591525071243,-229.098072989701,18.74868959958377,4.611336865289701,20.14662472251991,-76.61246844409243,19.11502455330408,46.80497746802848,18.270431087210065,21.816417904529886,19.06605431854566,-16.730559358347138,307.3115250919891,77.92419433111172,0.0,0.0,0.0,0.0,0.0,0.0,0.0,0.0,0.0,0.0,0.0,0.0,0.0,0.0,0.0,0.0,0.0,0.0,0.0,0.0,0.0,0.0,0.5624659692615183,0.17169290880998729,130.58128629662122,155.1202794147667,1990.7986587400656,0.08324757688358187,0.01270567412753081,131.14781711226753,155.7964043665275,1992.5759133286888,0.5720181452881793,0.10809110833109968,206.30989031555849,245.08844691093638,3134.029376856092,0.09254698108571205,0.017488091663966748,133.63552309790348,158.82112074007783,1996.9528081962706,0.0,0.0,5.655631729352192,6.737240027173344,77.18526769011548,0.0,0.0,53.167639416505647,63.06643609595605,854.602666552215,0.0,0.0,138.26652084001536,164.42547093575039,2021.397475466253,0.0,0.0,24.27852473574048,28.96434981073321,310.43344637433969,0.0,0.0,52.02440903023764,61.915109487253918,737.6148945324211,32.4050109064913,22.225659057950144,229.42577716756899,273.2612314040407,3575.558859140676,0.0,0.0,69.2850359518625,82.53943634357,944.2783698201063,0.0,19.57178559239485,41.377737570259288,22.0,30.0,0.0,19.57357320979128,41.25832687312612,16.0,30.0,0.0,19.555737909370355,41.50643366885907,22.0,30.0,0.0,19.445624342577564,41.58682682474055,16.0,30.0,0.0,18.772959225707419,43.209830733375337,12.0,30.0,0.0,20.009852818328655,40.14330475028236,16.0,30.0,0.0,19.267243411746447,42.04223719097424,10.0,30.0,0.0,18.336407607085559,44.509699755079477,12.0,30.0,0.0,19.042620906082456,42.596658075731308,12.0,30.0,0.0,18.805842072706335,0.0,0.0,0.0,18.749903962509018,0.0,0.0,470.8328182435492,458.52036790805746,482.11569215567547,459.18666042716418,519.2009164071692,505.3882008716107,501.7059007059207,512.8795603135917,511.33916302544989,0.0,81.94001978764278,81.94001978764278,60.0,0.0,60.0,60.0,16.0,16.0,16.0,12.0,12.0,12.0,21.0,10.0,0.0,0.0,0.0,0.0,0.0,0.0,0.0,0.0,0.0,0.0,0.0,0.0,0.0,81.94001978764278,81.94001978764278,0.0,0.0,0.0,81.94001978764278,0.0,0.0,0.00213 
 04/17  12:50:00,11.943333333333332,65.83333333333333,5.8533333333333339,156.33333333333335,10.0,0.0,0.0,0.0,0.0,0.0,0.0,0.0,0.0,0.0,0.0,354.0,0.0,260.0603592852929,55.19805308096616,141.4430871002658,7.797945814858547,207.553170479779,0.0,55.19805308096614,75.45992338849595,0.0,0.0,19.463817386737728,-4.999885196073706,19.925814714103426,-152.37297414957787,19.483830858021798,-67.02896698104269,19.73869925928929,-84.42004137675622,18.737274050483614,4.439197801831838,20.123001489565959,-76.49793387550176,19.107224100490315,44.52735347104817,18.259853561234438,19.89129839424328,19.062938977444959,-19.037638618953907,242.45472477663589,77.99865197638406,0.0,0.0,0.0,0.0,0.0,0.0,0.0,0.0,0.0,0.0,0.0,0.0,0.0,0.0,0.0,0.0,0.0,0.0,0.0,0.0,0.0,0.0,0.5475091936573895,0.16712734849126666,84.28061780721885,100.25545885252788,1289.3626066391485,0.09308065563899631,0.014206449273351088,68.81532697567941,81.7676511146165,1057.839843315454,0.5642807563536074,0.10662901669569305,95.70037782512765,114.01276927869307,1457.889147561004,0.11263208738137431,0.021283463223993629,94.91493516291155,113.06989287738515,1446.941488317316,0.0,0.0,5.648048024830981,6.744490707983319,77.87835932768795,0.0,0.0,52.7144884304153,62.67958506484822,853.9453658689396,0.0,0.0,135.76934052873043,161.84444747818217,2004.2098478457434,0.0,0.0,24.22111191954359,28.964715984044998,313.1005401753158,0.0,0.0,50.04263652363665,59.697924170115978,717.252905654037,32.15472755999962,22.05399695473226,141.79120713130019,169.28953170046226,2335.5772817233598,0.0,0.0,66.98993688785818,80.00363783399061,918.8880757394943,0.0,19.490288570147745,41.48939557776308,22.0,30.0,0.0,19.617083677136657,41.06226408990804,16.0,30.0,0.0,19.471882677256834,41.60026051266392,22.0,30.0,0.0,19.509788229532395,41.446594793899958,16.0,30.0,0.0,18.76162530980475,43.27077886363026,12.0,30.0,0.0,19.99139062677162,40.194306474335629,16.0,30.0,0.0,19.25681408869396,42.07912149666964,10.0,30.0,0.0,18.32454250780856,44.5682280148961,12.0,30.0,0.0,19.03836472475158,42.62874867252482,12.0,30.0,0.0,18.579071461454754,0.0,0.0,0.0,18.711615762829355,0.0,0.0,465.9735724581938,455.4971767452407,473.47432938002705,468.2375598816663,515.7767295915005,500.9413241634886,497.72207826579827,509.0528706632607,507.31280332172698,0.0,81.94001978764278,81.94001978764278,60.0,0.0,60.0,60.0,16.0,16.0,16.0,12.0,12.0,12.0,21.0,10.0,0.0,0.0,0.0,0.0,0.0,0.0,0.0,0.0,0.0,0.0,0.0,0.0,0.0,81.94001978764278,81.94001978764278,0.0,0.0,0.0,81.94001978764278,0.0,0.0,0.0021366666666666667 
 04/17  13:00:00,11.86,66.0,5.83,150.5,10.5,0.0,0.0,0.0,0.0,0.0,0.0,0.0,0.0,0.0,0.0,354.0,0.0,252.34108166934278,53.29111273341612,136.5566197986326,7.566481495584229,201.39243699965753,0.0,53.29111273341609,72.8529913591817,0.0,0.0,19.430283632501259,-16.4291275271853,19.870125356932684,-146.82984730107573,19.459926728117528,-79.01250290658095,19.68521467301501,-119.62864000699392,18.724238276851254,4.183195939958466,20.096010138715778,-76.47102322188369,19.093434778551189,42.610407317454249,18.246116917594575,17.699402051561493,19.05734901095657,-20.97838921258335,244.56671141660218,76.41367168586157,0.0,0.0,0.0,0.0,0.0,0.0,0.0,0.0,0.0,0.0,0.0,0.0,0.0,0.0,0.0,0.0,0.0,0.0,0.0,0.0,0.0,0.0,0.5680984934380133,0.17341223853419208,88.8269609635359,105.94912138440778,1369.2216561901549,0.10371851674556834,0.015830054448346819,54.42906921284383,64.96753564122717,837.5312921261945,0.5524093333986488,0.10438573949331992,107.28300859029059,127.78086614265793,1645.6936605817733,0.11004741977752743,0.02079505286801349,107.626284690867,128.19375484842426,1641.765841831133,0.0,0.0,5.604344568151076,6.692163645506609,78.05369807011597,0.0,0.0,52.38191748535803,62.28942583898217,854.798382458592,0.0,0.0,131.75263556295674,157.06433825390753,1961.5320281879149,0.0,0.0,24.12910238442186,28.856558700582789,315.1123481807177,0.0,0.0,46.775877063157199,55.80232151992716,677.5617037443421,31.93594161099277,21.903938004796147,141.18646852096109,168.76896130199072,2342.712201438891,0.0,0.0,63.617809813221608,75.98907486907828,877.7625495946882,0.0,19.44893263333448,41.47191706848524,22.0,30.0,0.0,19.541823201674398,40.97838538315001,16.0,30.0,0.0,19.449283360244068,41.454058159181858,22.0,30.0,0.0,19.427959720975424,41.39731315102078,16.0,30.0,0.0,18.74678416626839,43.33965127957279,12.0,30.0,0.0,19.96668774217899,40.23843050825596,16.0,30.0,0.0,19.235617349356077,42.095604774656809,10.0,30.0,0.0,18.30648382035607,44.63854518183143,12.0,30.0,0.0,19.03049041888245,42.660628153568037,12.0,30.0,0.0,18.56041134360294,0.0,0.0,0.0,18.6671975841923,0.0,0.0,464.79689106250876,446.24925403104728,462.4245846969343,455.3066319478106,510.25942297714087,492.4518051490437,488.8965986240787,502.03659893130819,499.88760738323176,0.0,81.94001978764278,81.94001978764278,60.0,0.0,60.0,60.0,16.0,16.0,16.0,12.0,12.0,12.0,21.0,10.0,0.0,0.0,0.0,0.0,0.0,0.0,0.0,0.0,0.0,0.0,0.0,0.0,0.0,81.94001978764278,81.94001978764278,0.0,0.0,0.0,81.94001978764278,0.0,0.0,0.0021433333333333336 
 04/17  13:10:00,11.808333333333334,65.83333333333333,5.753333333333334,144.66666666666667,11.0,0.0,0.0,0.0,0.0,0.0,0.0,0.0,0.0,0.0,0.0,177.0,0.0,244.5578928109237,51.37210241714907,131.63922375295474,7.333100812595926,195.18069646155483,0.0,51.37210241714905,70.22955876754962,0.0,0.0,19.415131041010328,32.25458259028892,19.813530115617234,-255.68563849518524,19.440351567397184,-0.21021279797923854,19.64987367960166,-164.17091759419373,18.709987611828035,4.173057206717431,20.066475815327533,-73.2884810012306,19.07962405984957,40.8370517566882,18.23235834848571,18.400503597707485,19.05099019565935,-20.54595175213217,278.1771573976321,80.68529086029321,0.0,0.0,0.0,0.0,0.0,0.0,0.0,0.0,0.0,0.0,0.0,0.0,0.0,0.0,0.0,0.0,0.0,0.0,0.0,0.0,0.0,0.0,0.5724449930384037,0.1747390088639816,124.73675916148079,148.24622678912238,1926.8548737940333,0.0899014044326278,0.013721215572745392,127.34143826432686,151.34164833400286,1961.9687233358203,0.5926211902197872,0.11198435189338386,93.82343619241874,111.50375394046162,1450.3033618398277,0.10718409486140267,0.02025398617940337,90.00706369396723,106.99718559234415,1374.3948579008089,0.0,0.0,5.425374473249936,6.463395135540284,75.96106439088627,0.0,0.0,52.47539721458413,62.25729158113546,858.9894329752827,0.0,0.0,129.81845953574467,154.39858728251628,1941.6064776086528,0.0,0.0,24.15694961555649,28.821997975015078,317.23131492856126,0.0,0.0,46.48385681973385,55.32129592574334,677.6044707585519,31.738516321287578,21.768529712817278,182.68836441717517,217.7194785074728,2953.1087862243905,0.0,0.0,63.42914818286182,75.59008808618104,877.1981062201451,0.0,19.448555877748367,41.22576066349307,22.0,30.0,0.0,19.45853700247884,41.054539919995537,16.0,30.0,0.0,19.440310452973347,41.483700694190549,22.0,30.0,0.0,19.38474424711123,41.26886312156694,16.0,30.0,0.0,18.729339506700528,43.404959547861029,12.0,30.0,0.0,19.937248042943833,40.28911253214754,16.0,30.0,0.0,19.215345036064265,42.12387437196269,10.0,30.0,0.0,18.28861034385922,44.67796303419214,12.0,30.0,0.0,19.022253861378336,42.671844739126118,12.0,30.0,0.0,18.64176339703885,0.0,0.0,0.0,18.62866367847754,0.0,0.0,448.18206298775609,441.6061289507403,464.14206552126839,443.5038599061527,504.2436638993457,488.1384963413854,486.78110076372,495.266458676443,494.11135288514427,0.0,81.94001978764278,81.94001978764278,60.0,0.0,60.0,60.0,16.0,16.0,16.0,12.0,12.0,12.0,21.0,10.0,0.0,0.0,0.0,0.0,0.0,0.0,0.0,0.0,0.0,0.0,0.0,0.0,0.0,81.94001978764278,81.94001978764278,0.0,0.0,0.0,81.94001978764278,0.0,0.0,0.00215 
 04/17  13:20:00,11.756666666666668,65.66666666666667,5.676666666666668,138.83333333333335,11.5,0.0,0.0,0.0,0.0,0.0,0.0,0.0,0.0,0.0,0.0,354.0,0.0,236.7116850265323,49.441522071502159,126.69218001881849,7.0978305199468469,188.91866099608817,0.0,49.441522071502138,67.59030906857632,0.0,0.0,19.37127167807583,-5.056523278414261,19.809129508204238,-153.43214504713394,19.40219984372611,-56.67590715732854,19.648063319575507,-102.84551641530516,18.69912361850458,4.000534750889926,20.041704580355387,-73.37663316558963,19.0716177460136,40.20310981290231,18.221260961739504,16.039335836202839,19.045259385091904,-22.17345667686493,226.61202974508206,80.75847268753023,0.0,0.0,0.0,0.0,0.0,0.0,0.0,0.0,0.0,0.0,0.0,0.0,0.0,0.0,0.0,0.0,0.0,0.0,0.0,0.0,0.0,0.0,0.5888643314480827,0.17975101692554419,79.44621913876958,94.52939535235972,1229.4342412774254,0.10167838581266757,0.015518679153337541,66.39615020334304,78.92304302793363,1030.5256422247745,0.5800803812732722,0.10961458451875897,88.08977192559965,104.92904553099189,1360.7940556688093,0.11234616745916651,0.021229434516093438,87.48504415572576,104.20339640274216,1350.6761720036207,0.0,0.0,5.462372643242853,6.522734693348792,76.8995592341702,0.0,0.0,52.07988120784094,61.932622494637488,855.5491026284256,0.0,0.0,127.58164698204354,152.09253229679576,1918.3666248951013,0.0,0.0,24.125169469831606,28.850725385015353,318.58857827107877,0.0,0.0,44.08903018982806,52.59281509650448,646.4740759140707,31.561773780875897,21.64730711994232,132.68238591882062,158.40810069944519,2236.4472472532445,0.0,0.0,60.85919511901845,72.70541577623018,841.8446016324722,0.0,19.380861158426684,41.34595446048972,22.0,30.0,0.0,19.501133481091097,40.84805211031196,16.0,30.0,0.0,19.38184431143726,41.4979032329985,22.0,30.0,0.0,19.422687529209015,41.22290485484267,16.0,30.0,0.0,18.718513824120728,43.43245746579752,12.0,30.0,0.0,19.917495293624623,40.29752822693628,16.0,30.0,0.0,19.206341893604397,42.08441571427491,10.0,30.0,0.0,18.275835334238935,44.70421243473885,12.0,30.0,0.0,19.016059549417866,42.67044820960721,12.0,30.0,0.0,18.45872715951964,0.0,0.0,0.0,18.58029546630867,0.0,0.0,449.39934000331416,440.45928560966697,458.970960189581,450.72880574644116,500.6836554249264,484.17409715636748,480.1654123963579,492.18013602300149,490.7584435831847,0.0,81.94001978764278,81.94001978764278,60.0,0.0,60.0,60.0,16.0,16.0,16.0,12.0,12.0,12.0,21.0,10.0,0.0,0.0,0.0,0.0,0.0,0.0,0.0,0.0,0.0,0.0,0.0,0.0,0.0,81.94001978764278,81.94001978764278,0.0,0.0,0.0,81.94001978764278,0.0,0.0,0.00215 
 04/17  13:30:00,11.705,65.5,5.6,133.0,12.0,0.0,0.0,0.0,0.0,0.0,0.0,0.0,0.0,0.0,0.0,354.0,0.0,228.8029339457642,47.49980355979509,121.71659521120948,6.860684877606242,182.60671018126204,0.0,47.49980355979507,64.93583265216147,0.0,0.0,19.346140067229304,-14.066651104267294,19.759059128000147,-136.45801752791375,19.376461502295578,-93.92736288280776,19.583871415405118,-119.73648258779576,18.686636675756924,3.7487129090413875,20.013680504290514,-72.74932877843048,19.058358839269997,38.49989107505917,18.206455330348875,13.446428080720068,19.037066383473915,-23.6911577511853,273.5587063005041,80.46591466287191,0.0,0.0,0.0,0.0,0.0,0.0,0.0,0.0,0.0,0.0,0.0,0.0,0.0,0.0,0.0,0.0,0.0,0.0,0.0,0.0,0.0,0.0,0.6006923482277822,0.18336152265805318,99.6072746157256,118.73091862679041,1544.0448890696369,0.10589603534671235,0.01616239855719053,83.57839222954643,99.6694064204554,1297.8797447052894,0.582006684274422,0.10997858735344338,159.62458029062533,190.19253517756165,2465.9717390655189,0.11310934706282469,0.021373648348984254,128.14402646935066,152.7037590354758,1966.4993700952946,0.0,0.0,5.425677103419446,6.478278950863681,76.79106886044059,0.0,0.0,51.61522133802971,61.38169060013068,850.6298427739994,0.0,0.0,124.56583858797043,148.49392294954587,1881.1485221417973,0.0,0.0,24.154890558371254,28.8865306704051,320.53240353110189,0.0,0.0,41.52616434626276,49.53379498988166,612.3545053389039,31.39080144198581,21.530042141279716,191.42387526713936,228.7404140028051,3098.226299479128,0.0,0.0,58.23447834702186,69.57867667814083,805.6735133840396,0.0,19.35422486609003,41.30445076539367,22.0,30.0,0.0,19.437832742489115,40.83281442012637,16.0,30.0,0.0,19.353387912065246,41.33501772727578,22.0,30.0,0.0,19.324109231567026,41.260267745136818,16.0,30.0,0.0,18.704353525280895,43.44496061860386,12.0,30.0,0.0,19.891925575361549,40.261851896716169,16.0,30.0,0.0,19.18720100494356,42.01424591999957,10.0,30.0,0.0,18.25601291109761,44.70290943207896,12.0,30.0,0.0,19.006054435715677,42.63133631118666,12.0,30.0,0.0,18.59975849454223,0.0,0.0,0.0,18.52909606961267,0.0,0.0,450.29047583307536,439.96547061182846,451.6089578565327,445.48391634745146,494.90114023885186,475.879097650312,472.4910854072417,485.5083029949274,483.6799026611176,0.0,81.94001978764278,81.94001978764278,60.0,0.0,60.0,60.0,16.0,16.0,16.0,12.0,12.0,12.0,21.0,10.0,0.0,0.0,0.0,0.0,0.0,0.0,0.0,0.0,0.0,0.0,0.0,0.0,0.0,81.94001978764278,81.94001978764278,0.0,0.0,0.0,81.94001978764278,0.0,0.0,0.00215 
 04/17  13:40:00,11.653333333333335,65.33333333333333,5.523333333333333,123.5,11.333333333333333,0.0,0.0,0.0,0.0,0.0,0.0,0.0,0.0,0.0,0.0,177.0,0.0,212.03907190641159,44.26928741328972,113.43850655390573,6.358018652024581,169.2275418797046,0.0,44.269287413289699,60.5194721591017,0.0,0.0,19.334722673522646,30.389213580722755,19.715911243230694,-224.17631455810079,19.355482935717828,-3.2812297898581166,19.565511032162037,-140.07864374604334,18.67214252300908,3.753875955823304,19.979593951037566,-69.20968644680784,19.044480462259064,36.71179762023257,18.191020580953628,14.217351274885346,19.02708407451572,-23.328237367686599,271.97777511868028,85.99008506209066,0.0,0.0,0.0,0.0,0.0,0.0,0.0,0.0,0.0,0.0,0.0,0.0,0.0,0.0,0.0,0.0,0.0,0.0,0.0,0.0,0.0,0.0,0.6147343146095534,0.18764783718240339,127.64624340124456,151.72878229479185,1989.330354971556,0.09537579504356751,0.014556745275269769,131.14188384956123,155.87967484876425,2042.3169205599318,0.6074993938032599,0.11479580381769844,136.4703012974158,162.2174855280196,2121.946122667994,0.11125102962377169,0.02102249237032722,90.52124136837199,107.62082110847975,1398.3545916313,0.0,0.0,5.256139494307521,6.261401416538572,74.77950962492337,0.0,0.0,51.583166140903937,61.20419621473064,852.4864829272389,0.0,0.0,122.92721107451338,146.20071095296377,1864.9723870856088,0.0,0.0,24.17650930108242,28.845037622953418,322.4885959708039,0.0,0.0,41.585094670181359,49.486604969929597,616.7929239249514,31.198102215470408,21.397875319252689,187.96868695303304,224.03892711307993,3056.3443461752169,0.0,0.0,58.39667294517556,69.61551251760905,808.7655747510252,0.0,19.359191637477168,41.10987277927366,22.0,30.0,0.0,19.385815364666084,40.759427269339848,16.0,30.0,0.0,19.343736024068826,41.38855710235257,22.0,30.0,0.0,19.31782358519414,40.965370977122919,16.0,30.0,0.0,18.686933761635765,43.45283799942343,12.0,30.0,0.0,19.86014183868505,40.28205023080915,16.0,30.0,0.0,19.16761132344494,42.048466281271107,10.0,30.0,0.0,18.236297270653006,44.678969752392088,12.0,30.0,0.0,18.99470537078623,42.59287429772823,12.0,30.0,0.0,18.572587944048356,0.0,0.0,0.0,18.481629373929644,0.0,0.0,443.44708673692517,435.21685089149886,453.0020213463211,436.5232475943655,488.6729854166603,471.95794386518778,471.64989418070936,479.1172630792957,478.0266533492828,0.0,81.94001978764278,81.94001978764278,60.0,0.0,60.0,60.0,16.0,16.0,16.0,12.0,12.0,12.0,21.0,10.0,0.0,0.0,0.0,0.0,0.0,0.0,0.0,0.0,0.0,0.0,0.0,0.0,0.0,81.94001978764278,81.94001978764278,0.0,0.0,0.0,81.94001978764278,0.0,0.0,0.00215 
 04/17  13:50:00,11.601666666666669,65.16666666666667,5.446666666666667,114.0,10.666666666666666,0.0,0.0,0.0,0.0,0.0,0.0,0.0,0.0,0.0,0.0,354.0,0.0,195.23248038603595,41.01585629982629,105.10169959886874,5.854071207811416,155.81427167897585,0.0,41.01585629982627,56.0717851689177,0.0,0.0,19.296124791129566,-3.839516815000934,19.703421307114107,-155.57429138505993,19.327335657284324,-46.45717179545545,19.557667392605706,-108.03787373078808,18.660561755532084,3.574885198272966,19.949138169247897,-68.67806673944563,19.03527426409711,35.71001925385781,18.177939622371129,11.383424750604206,19.01771827278094,-25.214375955736388,214.31615344257694,87.60287688023345,0.0,0.0,0.0,0.0,0.0,0.0,0.0,0.0,0.0,0.0,0.0,0.0,0.0,0.0,0.0,0.0,0.0,0.0,0.0,0.0,0.0,0.0,0.6163451645890052,0.18813954963034347,77.48992347863643,92.21355444367411,1211.552649561535,0.10676791576891728,0.016295469439700444,65.61289662310054,78.00915487038187,1027.0783852898899,0.6051689247941372,0.11435542796563444,81.8156913439434,97.44704327524016,1278.2160363268304,0.11613911019470276,0.021946165947600669,81.30737742239589,96.84074327563633,1267.0373015297928,0.0,0.0,5.309824982826347,6.340204462926094,75.94545839941361,0.0,0.0,51.021039028263739,60.678849846344267,845.8937160602955,0.0,0.0,121.78246320346543,145.17737191544019,1857.0307231769724,0.0,0.0,24.211196512308584,28.95346083442844,324.6383672622725,0.0,0.0,40.15616171652498,47.897282589916517,598.8209472112388,31.041885901402876,21.290731070921049,126.01585526007219,150.44497160741666,2163.002904738554,0.0,0.0,56.84636168036462,67.9348137120806,786.63420475049,0.0,19.299630599538959,41.119917197880919,22.0,30.0,0.0,19.414710937005244,40.55138835204187,16.0,30.0,0.0,19.305345508607876,41.29714481960781,22.0,30.0,0.0,19.341902849060543,40.95514012766533,16.0,30.0,0.0,18.675524258027168,43.45499627099508,12.0,30.0,0.0,19.83764026898836,40.28870799925855,16.0,30.0,0.0,19.157285775678067,41.97978387883616,10.0,30.0,0.0,18.22159577515862,44.67519960825207,12.0,30.0,0.0,18.98576153733471,42.573174447552677,12.0,30.0,0.0,18.361419740694666,0.0,0.0,0.0,18.425788218688156,0.0,0.0,441.6009794530536,434.25984705798717,448.55268548819768,441.6430957194555,485.33788423895228,469.4730736292304,466.6442335269915,475.9480172088656,475.0527046947422,0.0,81.94001978764278,81.94001978764278,60.0,0.0,60.0,60.0,16.0,16.0,16.0,12.0,12.0,12.0,21.0,10.0,0.0,0.0,0.0,0.0,0.0,0.0,0.0,0.0,0.0,0.0,0.0,0.0,0.0,81.94001978764278,81.94001978764278,0.0,0.0,0.0,81.94001978764278,0.0,0.0,0.0021533333333333337 
 04/17  14:00:00,11.55,65.0,5.37,104.5,10.0,0.0,0.0,0.0,0.0,0.0,0.0,0.0,0.0,0.0,0.0,177.0,0.0,178.41829224848113,37.73988900458083,96.7071449782783,5.349895987803821,142.39493875429543,0.0,37.73988900458081,51.59328950966258,0.0,0.0,19.279123942340527,5.874262186447595,19.689041952090539,-81.49738763454775,19.262916761907634,-110.95279965378677,19.57612388322295,-13.974846821707616,18.645406162378639,3.602621826451184,19.91059079840506,-66.22301600187939,19.022846524662325,36.46404928655011,18.160211945074765,11.03229081488621,19.004758675969926,-24.88921963541702,197.47002498649273,91.37253639967912,0.0,0.0,0.0,0.0,0.0,0.0,0.0,0.0,0.0,0.0,0.0,0.0,0.0,0.0,0.0,0.0,0.0,0.0,0.0,0.0,0.0,0.0,0.6203956402187093,0.18937595855271958,63.85866855033866,75.9199541851765,1004.206719574829,0.1160502431700421,0.017712186076013753,46.23595791001708,54.941205920520847,735.1488709959061,0.6044189212835244,0.11421370394624425,87.46776950760321,104.01629037370555,1356.3702399854938,0.12274518217079789,0.02319447886825356,69.22912064945742,82.26249944333114,1097.4549796350273,0.0,0.0,5.320468264707828,6.3378633955861149,76.48082707389669,0.0,0.0,50.61323091881189,60.058496736333818,841.0022817485575,0.0,0.0,120.75090239408272,143.61099206700176,1850.4337452693438,0.0,0.0,24.1964172566413,28.868980676873727,325.95226825004365,0.0,0.0,39.32175342774375,46.79127698864435,589.4996786591954,30.848942642941176,21.15839687444526,96.38471693241857,114.9928383166268,1728.8537758530834,0.0,0.0,55.85570632529847,66.60494742139439,772.3099817828867,0.0,19.287037600202895,40.95781039023561,22.0,30.0,0.0,19.433102288316307,40.59608948009089,16.0,30.0,0.0,19.19845928551595,41.33250043741027,22.0,30.0,0.0,19.414779177490034,40.97286534100695,16.0,30.0,0.0,18.657198555056249,43.448946402798828,12.0,30.0,0.0,19.801095867057368,40.295513532102017,16.0,30.0,0.0,19.14075001965199,41.914068373343258,10.0,30.0,0.0,18.198535553535466,44.670439583413358,12.0,30.0,0.0,18.971121747414455,42.542131202355189,12.0,30.0,0.0,18.286677147460215,0.0,0.0,0.0,18.36537038709396,0.0,0.0,439.114648307226,440.0917481176778,444.39958218827027,447.4612253918153,480.12184237579415,465.8711014770251,462.04508505894349,471.7544570471238,470.95745797722909,0.0,81.94001978764278,81.94001978764278,60.0,0.0,60.0,60.0,16.0,16.0,16.0,12.0,12.0,12.0,21.0,10.0,0.0,0.0,0.0,0.0,0.0,0.0,0.0,0.0,0.0,0.0,0.0,0.0,0.0,81.94001978764278,81.94001978764278,0.0,0.0,0.0,81.94001978764278,0.0,0.0,0.0021566666666666667 
 04/17  14:10:00,11.48166666666667,65.16666666666667,5.436666666666667,95.0,9.333333333333333,0.0,0.0,0.0,0.0,0.0,0.0,0.0,0.0,0.0,0.0,177.0,0.0,161.6328808102391,34.441572167130129,88.25532096175141,4.846583629118524,128.99857227194833,0.0,34.441572167130107,47.084240331787849,0.0,0.0,19.28109097173468,27.210718632051795,19.59266969702803,-248.81998040036889,19.300184213593697,20.439826675361475,19.43918322281827,-238.74367648348744,18.631540102298275,3.4346306819724079,19.87316690367959,-63.017453588220408,19.00984616875924,33.86181763748482,18.14358929033377,9.213155898784976,18.991657418656346,-26.004973704734995,297.5512186903579,96.37323816126718,0.0,0.0,0.0,0.0,0.0,0.0,0.0,0.0,0.0,0.0,0.0,0.0,0.0,0.0,0.0,0.0,0.0,0.0,0.0,0.0,0.0,0.0,0.650287397752718,0.19850042666444388,122.50995647593919,145.63905402576757,1941.1454004036926,0.10385227585110638,0.015850469452244565,125.19393313224248,148.86189812834417,1965.654091396364,0.6444323328466397,0.12177481724237338,197.5345699935447,234.82067607412348,3121.291236053179,0.10608054620190813,0.020045454686679535,137.27615817800828,163.29564981884577,2122.819888859652,0.0,0.0,5.205929109627935,6.2019547795217779,75.3944677351303,0.0,0.0,50.25352709725202,59.64024380328544,838.9126943490995,0.0,0.0,118.88387081501216,141.40371116253588,1834.1567597352083,0.0,0.0,24.40885097901498,29.12540723034134,331.2241884497871,0.0,0.0,38.248599155136968,45.51797443304541,577.6729387795931,31.029575877873559,21.282287982080637,230.09013876337634,274.2303401387622,3730.155511232333,0.0,0.0,55.2703588546638,65.92421670883235,764.7920471617945,0.0,19.312134058049315,40.91204609580364,22.0,30.0,0.0,19.274821564700205,40.61266394984424,16.0,30.0,0.0,19.306314037678378,41.15131766542623,22.0,30.0,0.0,19.154407161331699,40.91485925358272,16.0,30.0,0.0,18.64169795499508,43.43953487418028,12.0,30.0,0.0,19.770241087232038,40.30009702703723,16.0,30.0,0.0,19.123345827469604,41.904802887444869,10.0,30.0,0.0,18.178498239864564,44.67185365951304,12.0,30.0,0.0,18.957609630812667,42.51672151213866,12.0,30.0,0.0,18.570329437909498,0.0,0.0,0.0,18.300542850434924,0.0,0.0,440.6621936139137,432.51919978623877,445.3106580285665,432.48731481912486,476.1377930400008,462.2219823993225,460.9123457797103,469.0230645561861,467.8000729479979,0.0,81.94001978764278,81.94001978764278,60.0,0.0,60.0,60.0,16.0,16.0,16.0,12.0,12.0,12.0,21.0,10.0,0.0,0.0,0.0,0.0,0.0,0.0,0.0,0.0,0.0,0.0,0.0,0.0,0.0,81.94001978764278,81.94001978764278,0.0,0.0,0.0,81.94001978764278,0.0,0.0,0.0021599999999999998 
 04/17  14:20:00,11.413333333333334,65.33333333333334,5.503333333333334,85.5,8.666666666666666,0.0,0.0,0.0,0.0,0.0,0.0,0.0,0.0,0.0,0.0,177.0,0.0,145.73150850592445,30.972167387849919,79.3650937826496,4.3697787279119,116.307747720377,0.0,30.9721673878499,42.34130096644196,0.0,0.0,19.14239039246866,-82.97071788216772,19.631717253016427,-12.794597910931316,19.19629841113255,-145.65468880468053,19.485330027610247,-4.516659329857248,18.61756647050957,3.453757273595727,19.83393126310817,-61.275669531564748,18.999885048768769,34.53942939281478,18.125395637304196,7.116670952342247,18.976604724913036,-27.66144193839432,269.92579066209876,101.98232791664009,0.0,0.0,0.0,0.0,0.0,0.0,0.0,0.0,0.0,0.0,0.0,0.0,0.0,0.0,0.0,0.0,0.0,0.0,0.0,0.0,0.0,0.0,0.6383381641364373,0.19485291945556697,90.81341028069298,108.05856600872497,1407.268692490414,0.12278787002285376,0.01874051740275546,57.45475207553542,68.27974360800285,927.4596527636,0.6057634527632401,0.11446777263099779,131.56408535188627,156.51503755504167,2049.6846500510248,0.13779722069623413,0.026038779421057084,132.72087353195665,157.77065333767798,2113.666985789621,0.0,0.0,5.370663501952115,6.398762199528024,78.35839948892195,0.0,0.0,49.282636419545138,58.49677606290313,826.2711754196022,0.0,0.0,120.1252370068732,142.8907676272141,1867.2216750375558,0.0,0.0,24.4143135895963,29.135248677593034,333.6022848602318,0.0,0.0,38.60623700499313,45.947769677082018,587.1935172848153,31.108966205298616,21.336739509807015,182.66277653768777,217.81802035152988,3035.337029336694,0.0,0.0,55.090320332142898,65.7278833382483,762.1844370219924,0.0,19.051425292494768,41.51978501968204,22.0,30.0,0.0,19.418983740127165,40.55251462583887,16.0,30.0,0.0,19.11255623166137,41.358085810302608,22.0,30.0,0.0,19.317273121259747,41.116960234440579,16.0,30.0,0.0,18.626221891578543,43.42582974555103,12.0,30.0,0.0,19.736814814043318,40.32244169565837,16.0,30.0,0.0,19.112092722785794,41.87309927619752,10.0,30.0,0.0,18.156240176589216,44.65803866334446,12.0,30.0,0.0,18.941684583854927,42.49125186003672,12.0,30.0,0.0,18.45644171715345,0.0,0.0,0.0,18.229356838621368,0.0,0.0,441.6926929786642,438.91665882071279,441.46452447246778,445.3901302122896,472.59147611129648,460.52054250140608,458.19930799738315,465.53134188218896,464.865298995518,0.0,81.94001978764278,81.94001978764278,60.0,0.0,60.0,60.0,16.0,16.0,16.0,12.0,12.0,12.0,21.0,10.0,0.0,0.0,0.0,0.0,0.0,0.0,0.0,0.0,0.0,0.0,0.0,0.0,0.0,81.94001978764278,81.94001978764278,0.0,0.0,0.0,81.94001978764278,0.0,0.0,0.0021466666666666667 
 04/17  14:30:00,11.345,65.5,5.57,76.0,8.0,0.0,0.0,0.0,0.0,0.0,0.0,0.0,0.0,0.0,0.0,177.0,0.0,130.0039172777535,27.480887994358853,70.4188142152674,3.898184572520255,103.75561604602722,0.0,27.48088799435884,37.56845734505134,0.0,0.0,19.217814280457455,54.421017330429098,19.50668374091883,-271.98565850885009,19.232647223249619,18.234626945254605,19.383772549362026,-194.33355273139569,18.603054925140805,3.1026524868848357,19.794037129774347,-57.61628060423527,18.971353260663038,22.930767378319616,18.105602601793593,4.786324123486793,18.95972889131928,-29.360996079341704,310.68328720758657,108.8728790895425,0.0,0.0,0.0,0.0,0.0,0.0,0.0,0.0,0.0,0.0,0.0,0.0,0.0,0.0,0.0,0.0,0.0,0.0,0.0,0.0,0.0,0.0,0.6518209061720381,0.19896853057754525,198.64665014189425,236.21885023141628,3169.994749487375,0.08576883381739924,0.01309048135186191,182.89057008239156,217.54296215099289,2892.435352465153,0.6452030717763282,0.12192045951933645,152.60082889789249,181.46511821175489,2431.213290073126,0.10157233487569913,0.019193562901681613,144.78206156023314,172.25373802092063,2271.035790850043,0.0,0.0,4.9060797670247979,5.845770106320156,72.10068120766839,0.0,0.0,49.42345377368904,58.672647724052158,832.2411945881219,0.0,0.0,113.05981421996249,134.51087366560064,1762.8845052391519,0.0,0.0,24.272138647538957,28.96906983579563,333.8436206954438,0.0,0.0,38.71245795580116,46.07875158245546,592.7774750355736,31.18029169063619,21.385659595772429,295.18146110681558,351.8513578062278,4743.258947981012,0.0,0.0,54.93706747982212,65.56462531519648,759.348624836672,0.0,19.24522721414917,40.99419503853861,22.0,30.0,0.0,19.195282780377437,40.644493834520108,16.0,30.0,0.0,19.224214608215119,41.33917467315849,22.0,30.0,0.0,19.127495222348597,40.82222568152779,16.0,30.0,0.0,18.609953965541125,43.411675022711339,12.0,30.0,0.0,19.7037179044912,40.34446871540659,16.0,30.0,0.0,19.0664965354751,41.97130880491482,10.0,30.0,0.0,18.13174754485455,44.656758656195197,12.0,30.0,0.0,18.923618211254973,42.468846458439639,12.0,30.0,0.0,18.556242838793943,0.0,0.0,0.0,18.152639123541176,0.0,0.0,439.2381493554135,430.75087794913488,445.4060528580513,430.86033537466707,469.35689235077146,457.821660970646,458.26683617441315,463.04496297515,461.9837800381308,0.0,81.94001978764278,81.94001978764278,60.0,0.0,60.0,60.0,16.0,16.0,16.0,12.0,12.0,12.0,21.0,10.0,0.0,0.0,0.0,0.0,0.0,0.0,0.0,0.0,0.0,0.0,0.0,0.0,0.0,81.94001978764278,81.94001978764278,0.0,0.0,0.0,81.94001978764278,0.0,0.0,0.0021333333333333336 
 04/17  14:40:00,11.276666666666668,65.66666666666667,5.636666666666667,80.0,10.166666666666666,0.0,0.0,0.0,0.0,0.0,0.0,0.0,0.0,0.0,0.0,177.0,0.0,157.59652510130193,29.28901884206014,75.05208522949315,4.725539869145619,125.77702995719568,0.0,29.289018842060128,40.0403092968544,0.0,0.0,19.084748658631268,-82.87619926134357,19.555237496528279,-13.648649935621961,19.154162287699273,-122.1567786687192,19.426247905326208,-10.44301699382413,18.591934217825874,2.954297851415049,19.7664894475738,-59.82018607476812,18.96478827508533,32.45265591284351,18.086694797411519,2.283975212085693,18.946448069443315,-27.828362024293257,269.7488983970934,107.1331404738612,0.0,0.0,0.0,0.0,0.0,0.0,0.0,0.0,0.0,0.0,0.0,0.0,0.0,0.0,0.0,0.0,0.0,0.0,0.0,0.0,0.0,0.0,0.6552527483854124,0.2000161014607486,101.09528228467004,120.3285507798253,1580.809289665172,0.12726615882775367,0.01942401691510282,68.01279447061238,80.85331413523953,1106.0979162216318,0.6179797789359737,0.11677622428873279,113.73131550291552,135.32509038310179,1797.527394771356,0.13494510336047287,0.02549983056698277,114.09945263385487,135.6660850042863,1837.0624701089774,0.0,0.0,5.3349079066275559,6.357223717606483,79.00388786881566,0.0,0.0,48.77684915537742,57.91306096765064,825.0130991820552,0.0,0.0,116.19635727533044,138.24926916200645,1827.5526586411389,0.0,0.0,24.485911304880334,29.227791724219395,338.9498650812459,0.0,0.0,35.05826754910979,41.732615610736207,540.6825305231134,31.310249218989907,21.474793703010918,174.93173612813255,208.66506387211749,2957.5906530538388,0.0,0.0,51.557483922450348,61.55232042731863,710.4997420636285,0.0,18.986246814653108,41.55470278865712,22.0,30.0,0.0,19.341865719070076,40.66646568142622,16.0,30.0,0.0,19.07983941673663,41.317052276962808,22.0,30.0,0.0,19.26450683605391,41.21614711185499,16.0,30.0,0.0,18.59700951841894,43.396049965025408,12.0,30.0,0.0,19.6716340225489,40.39315501552728,16.0,30.0,0.0,19.065351332240675,41.86944164174314,10.0,30.0,0.0,18.10647271209534,44.66022430087914,12.0,30.0,0.0,18.909396130786459,42.45804360730324,12.0,30.0,0.0,18.387927893869074,0.0,0.0,0.0,18.061526913836226,0.0,0.0,440.22787818560667,437.84575644143089,440.2261796262366,445.1974743261309,466.7326459712829,457.41233695049757,453.9148335814168,460.55573641987845,460.35000233669867,0.0,81.94001978764278,81.94001978764278,60.0,0.0,60.0,60.0,16.0,16.0,16.0,12.0,12.0,12.0,21.0,10.0,0.0,0.0,0.0,0.0,0.0,0.0,0.0,0.0,0.0,0.0,0.0,0.0,0.0,81.94001978764278,81.94001978764278,0.0,0.0,0.0,81.94001978764278,0.0,0.0,0.00212 
 04/17  14:50:00,11.208333333333334,65.83333333333333,5.703333333333333,84.0,12.333333333333333,0.0,0.0,0.0,0.0,0.0,0.0,0.0,0.0,0.0,0.0,177.0,0.0,170.00667001552368,30.741699331925085,78.77453412200882,5.097656924551096,135.68148769841327,0.0,30.74169933192507,42.02623366111376,0.0,0.0,19.15831360524128,48.59692558249208,19.45059315680212,-265.9805075803497,19.189835692585633,16.062519054844416,19.327855538011748,-195.13200366964885,18.580882203940015,2.602270573609502,19.741600239434143,-56.07866884746977,18.937860069566044,20.185693642461957,18.06702327273922,-0.8821504968024101,18.93192613598225,-30.928740074970393,310.15680999880899,116.1415730285953,0.0,0.0,0.0,0.0,0.0,0.0,0.0,0.0,0.0,0.0,0.0,0.0,0.0,0.0,0.0,0.0,0.0,0.0,0.0,0.0,0.0,0.0,0.6602971193435927,0.2015558972355289,209.73212786431095,249.47706406614265,3375.366017765301,0.09215750708875702,0.014065553584975126,176.38350698587127,209.86187511952739,2818.1618481552648,0.6482085559053569,0.1224883892489337,144.8775451686091,172.31410271575909,2337.0965742014616,0.1026397848194904,0.019395273019556005,142.16612300862495,169.18678360189197,2254.0337448561456,0.0,0.0,4.85880636873224,5.79032680280684,72.51013985816975,0.0,0.0,48.778970007455587,57.92270919028026,829.4480802643047,0.0,0.0,109.96037766350797,130.85194556971954,1735.5268688266736,0.0,0.0,24.40382327362504,29.133422321043616,339.88715967548986,0.0,0.0,36.165453352655088,43.05466552371703,561.5256072496666,31.385998199014574,21.526747735949646,286.02219606326266,341.04500435131396,4654.84984061067,0.0,0.0,52.28066765147807,62.43394717911461,720.0915222009697,0.0,19.174602334215288,41.0862437492245,22.0,30.0,0.0,19.136933814521475,40.62356721786339,16.0,30.0,0.0,19.182926650075968,41.41171547428224,22.0,30.0,0.0,19.07280322964237,40.79222549750297,16.0,30.0,0.0,18.585038463047185,43.367823186211129,12.0,30.0,0.0,19.647315138306053,40.37424478501442,16.0,30.0,0.0,19.023060877868557,41.96605942405097,10.0,30.0,0.0,18.07941594221907,44.69057844001164,12.0,30.0,0.0,18.892162117256313,42.43964774308252,12.0,30.0,0.0,18.48261960012539,0.0,0.0,0.0,17.98779696372946,0.0,0.0,438.31195127037815,429.27034893611087,445.1920142425532,429.3820239570858,463.95263519784228,453.98751594920466,454.76323281408346,459.2507157594245,457.9804271107543,0.0,81.94001978764278,81.94001978764278,60.0,0.0,60.0,60.0,16.0,16.0,16.0,12.0,12.0,12.0,21.0,10.0,0.0,0.0,0.0,0.0,0.0,0.0,0.0,0.0,0.0,0.0,0.0,0.0,0.0,81.94001978764278,81.94001978764278,0.0,0.0,0.0,81.94001978764278,0.0,0.0,0.00213 
 04/17  15:00:00,11.14,66.0,5.77,88.0,14.5,0.0,0.0,0.0,0.0,0.0,0.0,0.0,0.0,0.0,0.0,177.0,0.0,182.45858041484008,32.17420362130738,82.44528202381366,5.47102620647875,145.61927703488287,0.0,32.17420362130736,43.98457562965964,0.0,0.0,19.06646439201229,-52.811944409203537,19.500904377466765,-16.770547922934385,19.081046458861633,-157.37348765298794,19.37353900666967,-8.435171569602972,18.570369629538847,2.4578141023640116,19.717286389729475,-58.53121029642989,18.93103624766345,29.46192072480426,18.047606350546784,-3.2480389784793717,18.919578516173613,-28.55654667513636,279.7417267968267,113.34588877837541,0.0,0.0,0.0,0.0,0.0,0.0,0.0,0.0,0.0,0.0,0.0,0.0,0.0,0.0,0.0,0.0,0.0,0.0,0.0,0.0,0.0,0.0,0.6578867092391674,0.20082011881537469,106.84423261571999,127.17060308131413,1702.2159977238874,0.13025362030724237,0.019879978679371546,74.22106355130006,88.25658609195054,1219.06252605797,0.6290067399595342,0.11885992818585306,156.0335491314056,185.7390443596257,2474.1381879371017,0.13719750493769077,0.02592545444778736,118.4244766931943,140.84033512110376,1927.5539632466617,0.0,0.0,5.279353160799596,6.291945008230194,79.40129683716693,0.0,0.0,48.31137419010013,57.37435285293152,825.658939566298,0.0,0.0,113.13483690617902,134.63566434638325,1801.045242738456,0.0,0.0,24.68877068232026,29.477365378126465,345.97995706899646,0.0,0.0,32.65728261598227,38.88114796901523,510.7600882616728,31.508245546463394,21.61059365326708,185.4459075845297,221.25336619221123,3154.762098070874,0.0,0.0,49.22515030130052,58.80295988461682,677.0369324777512,0.0,18.997538778530193,41.56956385183504,22.0,30.0,0.0,19.284423878769,40.72398408894558,16.0,30.0,0.0,18.976434209773566,41.4338100432922,22.0,30.0,0.0,19.213704391631713,41.31044562394979,16.0,30.0,0.0,18.57404001229136,43.344928370201227,12.0,30.0,0.0,19.620905745462378,40.40468531765086,16.0,30.0,0.0,19.02220865866815,41.87324175930647,10.0,30.0,0.0,18.052896187479158,44.69210144346823,12.0,30.0,0.0,18.879633318824234,42.42373190678815,12.0,30.0,0.0,18.349502032174358,0.0,0.0,0.0,17.907713302559129,0.0,0.0,441.1936834174387,437.02914778634689,438.6160495875671,444.9246134416546,461.7911828641973,453.8624935824987,450.81505397779798,456.71978768707859,456.6033242307346,0.0,81.94001978764278,81.94001978764278,60.0,0.0,60.0,60.0,16.0,16.0,16.0,12.0,12.0,12.0,21.0,10.0,0.0,0.0,0.0,0.0,0.0,0.0,0.0,0.0,0.0,0.0,0.0,0.0,0.0,81.94001978764278,81.94001978764278,0.0,0.0,0.0,81.94001978764278,0.0,0.0,0.00214 
 04/17  15:10:00,11.171666666666669,65.83333333333333,5.958333333333334,92.0,16.666666666666669,0.0,0.0,0.0,0.0,0.0,0.0,0.0,0.0,0.0,0.0,1780.0,0.0,194.96006890162335,33.58334412519678,86.05616089172593,5.845881966443821,155.59663306070059,0.0,33.58334412519677,45.9109775321171,0.0,0.0,20.225922555573314,-741.6916879385144,19.668458018034867,618.0976609392909,20.498519874061409,-2170.5871174399869,19.636910467611437,790.196385668062,18.563435445817853,5.046202174767947,19.703865444728526,-46.27727322724518,18.992915181740068,153.98414730421986,18.03299450566272,-7.10829174870197,18.903592353758876,-59.654533809716159,536.6935194751018,174.99579428186088,0.0,0.0,0.0,0.0,0.0,0.0,0.0,0.0,0.0,0.0,0.0,0.0,0.0,0.0,0.0,0.0,0.0,0.0,0.0,0.0,0.0,0.0,0.7146779992722369,0.2181556774335278,367.1490130852232,435.55180244431576,7206.430994354506,0.23724840798610775,0.03621007447895418,318.5241447108104,379.51813599020769,5456.25735219157,0.5032742936853266,0.09510096252557196,490.804537814575,581.6064586218054,9961.867760917958,0.21986433292262826,0.04154654817132052,341.0829451827567,406.2428492280712,5935.387504036595,0.0,0.0,6.976966760956977,8.346643282401099,104.37068914434508,0.0,0.0,45.59483796930433,54.381190492990707,775.1366684036933,0.0,0.0,146.24784227221344,174.6026317980465,2361.0236927956095,0.0,0.0,26.83536261238978,32.170815328688679,373.1613578011235,0.0,0.0,52.59090022625785,62.8285117752869,816.0500074209107,33.04508845310746,22.66466972092419,651.1505777103974,777.1108433918442,11066.96656294736,0.0,0.0,70.13530804926711,84.06932481702919,962.1951414325316,1908.9359165909285,20.770681907341719,37.08955716811564,21.999999999999998,30.0,0.0,19.617670982223595,39.77888347371794,15.999999999999999,30.0,4234.103132097015,21.131740056177354,36.26501810590658,21.999999999999998,30.0,0.0,19.74148153355552,39.51623165107827,15.999999999999999,30.0,0.0,18.570128153691824,43.296505460161828,12.0,30.0,0.0,19.613276591857976,40.34265618818365,15.999999999999999,30.0,0.0,19.157447685640205,41.36142664053474,10.0,30.0,0.0,18.035344403930958,44.67826449433581,12.0,30.0,0.0,18.85860129222111,42.39949680875741,15.999999999999999,30.0,0.0,19.12361281912053,0.0,0.0,0.0,17.91317361922342,0.0,0.0,437.82659828656076,437.14276209757386,437.6109720983108,437.998539074397,459.8388458610315,451.45549197010936,447.8706290192961,455.18296509037068,454.4391625581459,10470.651966619882,81.08143251668709,85.2800138077406,60.0,0.0,60.0,60.0,16.0,16.0,16.0,16.0,12.0,12.0,21.0,10.0,1.0,0.0,1908.9359165909285,0.0,4234.103132097015,0.0,0.0,0.0,0.0,0.0,6354.015915036424,3812409.549021854,4971054.843669796,81.08143251668709,85.35131965639603,0.3478005305012142,0.7660138851394456,0.3602813740196596,85.35131965639603,0.3542647819438876,4971054.843669796,0.2606448518708294 
 04/17  15:20:00,11.203333333333334,65.66666666666667,6.1466666666666669,96.0,18.833333333333333,0.0,0.0,0.0,0.0,0.0,0.0,0.0,0.0,0.0,0.0,534.0,0.0,207.5309914886207,34.965372343621307,89.59756537182899,6.222819571618279,165.6294025858772,0.0,34.96537234362128,47.80031488483281,0.0,0.0,20.670909987578786,-1473.9655248596149,20.160287111509278,418.06479021790667,20.669221868771304,-832.5468398223768,20.139121369368128,190.75333069206764,18.559244057916304,8.357882762831118,19.702163697184689,-23.848967240439597,19.17829196859205,110.39005414313604,18.01645035088371,-2.0497066247326827,18.85310164857445,-91.08631640814017,625.8141837205455,283.3026410018905,0.0,0.0,0.0,0.0,0.0,0.0,0.0,0.0,0.0,0.0,0.0,0.0,0.0,0.0,0.0,0.0,0.0,0.0,0.0,0.0,0.0,0.0,0.7842740791630964,0.23939990206443724,430.3848311057907,509.8915206183002,8740.388709857203,0.22967251400506434,0.03505380250382544,296.01788451404078,351.86792491234396,5473.642579600766,0.7480454511892034,0.14135401571980414,337.9017036764983,400.90430209907609,6681.125609532879,0.21256930670126918,0.0401680473736336,234.00487186244335,278.0945762010659,4374.865441926246,0.0,0.0,7.67351518167449,9.173513190176847,114.31913726433591,0.0,0.0,35.39585611896484,42.18716758385329,600.235120305958,0.0,0.0,176.93903425350963,210.8597202457498,2943.5065587862666,0.0,0.0,29.75510260218583,35.6360961188915,410.7048082163757,0.0,0.0,85.82637876469565,102.47807340855263,1312.6285823789554,33.88981448849205,23.244042859048045,565.1681039706903,673.773636356505,10067.645543948212,0.0,0.0,106.91756528376519,127.97512787695632,1492.4306669729486,1836.1479414813517,21.453763148458834,35.48997741725158,21.999999999999994,29.99999999999999,0.0,20.439626603582434,37.80046058338497,15.999999999999993,29.99999999999999,1243.7752651720473,21.220334509598623,36.0164238233978,21.333333333333326,29.99999999999999,0.0,20.50782107592177,37.64491158707955,15.999999999999993,29.99999999999999,0.0,18.570598490079396,43.155006947463608,11.999999999999995,29.99999999999999,0.0,19.625382457079568,40.18877797541504,15.999999999999993,29.99999999999999,0.0,19.453746586408099,40.51642481605435,9.999999999999997,29.99999999999999,0.0,18.014490511346865,44.57426599333777,11.999999999999995,29.99999999999999,0.0,18.777434453267003,42.434919489409228,15.999999999999993,29.99999999999999,0.0,19.607324440290748,0.0,0.0,0.0,18.060960158773456,0.0,0.0,437.4276933920554,437.8924236308928,437.395501765062,438.09494967684909,455.60861328678529,448.41563058206887,446.02394477222017,451.35523374225257,450.00364733484357,10716.287786052464,80.91895168305897,85.72074354190534,59.99999999999998,0.0,59.99999999999998,59.99999999999998,16.0,16.0,16.0,16.0,12.0,12.0,21.0,10.0,1.0,0.0,1836.1479414813517,0.0,1243.7752651720473,0.0,0.0,0.0,0.0,0.0,7266.67829785271,4360006.978711627,5682520.566364913,80.91895168305897,85.80229390852354,0.355555943261757,0.7671992561904197,0.36028137401965945,85.80229390852354,0.35426478194388735,5682520.566364913,0.2976344027843088 
 04/17  15:30:00,11.235,65.5,6.335,100.0,21.0,0.0,0.0,0.0,0.0,0.0,0.0,0.0,0.0,0.0,0.0,534.0,0.0,220.20667262665007,36.31584849695399,93.05811874738981,6.60289820249946,175.7457776131322,0.0,36.315848496953979,49.646518172455937,0.0,0.0,20.99208840079519,-1508.927447367471,20.43623769998979,553.0892608065149,20.76424636819159,-239.55654432353544,20.283045317333817,357.08070681724396,18.560620586791229,12.556508285192323,19.715580412851055,-9.604069525913659,19.25280711508953,138.2631460372731,18.01831603474524,11.103614950978372,18.806860877643279,-80.37431936877599,789.5844440280619,383.5147100141162,0.0,0.0,0.0,0.0,0.0,0.0,0.0,0.0,0.0,0.0,0.0,0.0,0.0,0.0,0.0,0.0,0.0,0.0,0.0,0.0,0.0,0.0,0.8966114305013846,0.2736909128514604,455.6360033931689,538.6589324014929,9618.264396975785,0.23506511991471058,0.035876849803832499,289.9951576179892,344.0598161007497,5601.867585063493,0.8459477797204188,0.15985407780053266,245.60583693287456,291.08874174973166,4921.594458434368,0.2278413239143431,0.04305391608358711,251.46761574881283,298.5061947521353,4794.826608857408,0.0,0.0,8.465497977070142,10.12032714828301,125.71015237004491,0.0,0.0,26.302445130877247,31.328569746946358,446.18820807225418,0.0,0.0,204.9245578557481,244.15341790319614,3443.8677548739944,0.0,0.0,31.51116135903969,37.74134879920457,433.59028528843,0.0,0.0,117.56788008706417,140.48677762295558,1776.412749933308,34.92252164149336,23.952346804865134,535.4057786178294,636.7796194707182,10217.529816684142,0.0,0.0,141.50373113939518,169.36873555051899,2008.0068034950153,1842.541087393513,21.800129173911509,34.673799192909438,21.999999999999994,29.99999999999999,0.0,20.88697403802773,36.70806071847157,15.999999999999993,29.99999999999999,0.0,21.215338061740263,35.96053054367297,20.999999999999994,29.99999999999999,0.0,20.7488435125404,37.018103596875217,15.999999999999993,29.99999999999999,0.0,18.578826705401356,42.99605870784008,11.999999999999995,29.99999999999999,0.0,19.65855351307028,40.01029866393531,15.999999999999993,29.99999999999999,0.0,19.577504256931819,40.05557843764221,9.999999999999997,29.99999999999999,0.0,18.025236866092553,44.33988224926932,11.999999999999995,29.99999999999999,0.0,18.711134044802355,42.406055658893418,15.999999999999993,29.99999999999999,0.0,20.16380559274031,0.0,0.0,0.0,18.22999436781065,0.0,0.0,437.04219430631096,437.59187542784817,437.3402039554395,437.49735210983547,451.95708815307025,446.2941745441642,442.9483443128245,446.93089076999766,445.4707177641801,9721.363109025511,81.57695567816151,83.87183562163061,59.99999999999998,0.0,59.99999999999998,59.99999999999998,16.0,16.0,16.0,16.0,12.0,12.0,21.0,10.0,1.0,0.0,1842.541087393513,0.0,0.0,0.0,0.0,0.0,0.0,0.0,3473.065795776837,2083839.4774661032,2698249.257524765,81.57695567816151,83.91081030154929,0.3424355265258945,0.7683292919782727,0.36028137401965945,83.91081030154929,0.35426478194388735,2698249.257524765,0.14244562805795447 
 04/17  15:40:00,11.266666666666666,65.33333333333333,6.523333333333333,103.16666666666667,23.333333333333333,0.0,0.0,0.0,0.0,0.0,0.0,0.0,0.0,0.0,0.0,178.0,0.0,231.70535070532089,37.36357395934547,95.74288434221357,6.947684113958331,184.92278972802627,0.0,37.36357395934545,51.07883831259327,0.0,0.0,21.030434755470155,-1546.9383732936186,20.55784948921889,285.82733506098159,20.448628520861527,107.78142765889607,20.274209101693207,165.8956311386064,18.563289121744988,12.385067813600529,19.730326030116986,-9.691554005036324,19.26891917301457,92.12588893438442,18.028029531540207,12.371709304160959,18.77875405352356,-66.32676080181682,721.8024562715364,395.19559785913136,0.0,0.0,0.0,0.0,0.0,0.0,0.0,0.0,0.0,0.0,0.0,0.0,0.0,0.0,0.0,0.0,0.0,0.0,0.0,0.0,0.0,0.0,0.8523287410914843,0.260173608391784,452.8856178267462,534.047086285822,9476.7574654498,0.19375715965385188,0.029572216064385209,225.21719327849469,266.23494055965207,4391.426431710035,0.9221112567308375,0.17424626922351434,207.35799429289473,245.1231142551209,4057.8191062638718,0.22546546692969214,0.042604963516570688,216.8988809445639,256.70946960946989,4080.418601643982,0.0,0.0,8.198422787337068,9.770679662530024,121.38911205460927,0.0,0.0,24.382423214326459,28.94992070025266,413.6909639735169,0.0,0.0,205.3216271574017,243.88725546466064,3437.1204347908385,0.0,0.0,31.656402822929967,37.79856588128087,435.0370241771099,0.0,0.0,120.95728150282251,144.1151482611731,1812.2961588378469,35.07455253696901,24.056620395726353,435.4271094989585,516.4654214526078,8257.472302967622,0.0,0.0,145.2768901539816,173.34350514293184,2059.9732188646814,1824.740466718372,21.73010095119728,34.79218042835859,22.0,30.0,0.0,21.00235993236356,36.38521259111528,16.0,30.0,104.53777369344557,21.002693019013049,36.38017951025434,21.0,30.0,0.0,20.646622078302895,37.23289738885832,16.0,30.0,0.0,18.585970120785544,42.82182506066658,12.0,30.0,0.0,19.688888853792354,39.82723168231156,19.0,30.0,0.0,19.572855579342158,39.996521692795898,10.0,30.0,0.0,18.045912328574788,44.13612600064782,16.0,30.0,0.0,18.675829538260236,42.40130338737465,16.0,30.0,0.0,20.017183917986736,0.0,0.0,0.0,18.254025019187698,0.0,0.0,436.7851688991752,436.92539138258777,436.8590790857131,437.52642249142778,448.14539468060885,444.0441789919133,441.73281061652679,443.9931192737826,443.5062951200454,9921.610929516959,81.44456556298774,81.44456556298775,60.0,0.0,60.0,60.0,16.0,16.0,19.0,16.0,16.0,12.0,21.0,10.0,1.0,0.0,1824.740466718372,0.0,104.53777369344557,0.0,0.0,0.0,0.0,0.0,0.0,0.0,0.0,81.44456556298774,81.44456556298774,0.34,0.762044215667215,0.36028137401965956,81.44456556298774,0.3542647819438875,0.0,0.00213 
 04/17  15:50:00,11.298333333333332,65.16666666666667,6.711666666666667,106.33333333333333,25.666666666666666,0.0,0.0,0.0,0.0,0.0,0.0,0.0,0.0,0.0,0.0,712.0,0.0,243.3330440644022,38.3740845974886,98.33228822476954,7.296338360881098,194.20276620287675,0.0,38.374084597488579,52.46028296655036,0.0,0.0,21.0694276384023,-870.6596085604501,20.616822907597279,354.8691137093624,21.04859412893906,-982.9924173433246,20.448225215890305,469.2489279447118,18.564117457043947,12.43226901981592,19.734574387106144,-13.114745384585263,19.277601036181719,105.10127495714869,18.03059228620953,11.575047817002087,18.765204491118437,-65.07159245047842,771.0791538616904,389.398562408325,0.0,0.0,0.0,0.0,0.0,0.0,0.0,0.0,0.0,0.0,0.0,0.0,0.0,0.0,0.0,0.0,0.0,0.0,0.0,0.0,0.0,0.0,0.8883616977941076,0.27117267942433079,405.64428803923297,480.1299243890692,8366.138911921273,0.22156877048106778,0.03381696741164038,255.73048423617923,303.1919849365014,4996.133192791131,0.754261834054828,0.14252869124240898,347.8557860116341,411.52633787180789,7349.006910940396,0.23619024774487563,0.04463156608935668,285.01182842205949,338.1050278162465,5535.926695058841,0.0,0.0,8.366195178538018,10.004084865983672,123.30915331835206,0.0,0.0,29.249914967799719,34.84503152337804,494.5697590712458,0.0,0.0,210.07695378106207,250.37270599646429,3503.614996718027,0.0,0.0,30.528996154436397,36.5755885647156,417.69964372163289,0.0,0.0,121.36506484359797,145.09785383208567,1807.038173777221,35.68539376161064,24.475578711667116,536.7117202785897,638.3197424355961,10213.141604886989,0.0,0.0,144.90561049014605,173.49637637295528,2039.6942575943163,982.3638641467638,21.665972786690174,34.907576285429,21.75,30.0,0.0,21.05504536804047,36.25848308046008,16.0,30.0,1632.844604090882,21.83786850436858,34.54077396135655,21.5,30.0,0.0,20.968328682865335,36.441773043854379,16.0,30.0,0.0,18.588087148935153,42.749372517105189,12.0,30.0,0.0,19.696109496053088,39.75268596798563,19.0,30.0,0.0,19.577611676037188,39.92490263946939,10.0,30.0,0.0,18.051412551168576,44.053942855457908,16.0,30.0,0.0,18.66470625646628,42.35379550143864,16.0,30.0,0.0,20.19224150383789,0.0,0.0,0.0,18.237580326634367,0.0,0.0,436.58160840469028,436.96474450297776,436.450103389673,436.7534990094211,446.66454314433897,442.9487182443946,440.64670096996209,442.8572857459658,442.1864600228089,7957.14864531438,80.93832210834874,82.86744939722117,60.0,0.0,60.0,60.0,16.0,16.0,19.0,16.0,16.0,12.0,21.0,10.0,1.0,0.0,982.3638641467638,0.0,1632.844604090882,0.0,0.0,0.0,0.0,0.0,2919.183808167216,1751510.2849003296,2267250.3465089017,80.93832210834874,82.9002123828493,0.2673061269389072,0.5774647975514813,0.27021103051474468,82.9002123828493,0.2656985864579156,2267250.3465089017,0.1200303513517962 
 04/17  16:00:00,11.33,65.0,6.9,109.5,28.0,0.0,0.0,0.0,0.0,0.0,0.0,0.0,0.0,0.0,0.0,358.0,0.0,255.17860527854357,39.340887731290219,100.8096932419337,7.651525137193728,203.65661925122959,0.0,39.3408877312902,53.781976148398928,0.0,0.0,21.00805332515286,-569.6740246574054,20.64551276420098,119.16097330068794,20.804037845346849,-538.2965514233902,20.49616557687845,81.56762966967108,18.565603163992046,11.564337784848334,19.74087267513474,-13.301728180062014,19.249490213902747,48.99559277664912,18.033230238077473,11.052148139984979,18.749729537819357,-62.73407625528807,707.9674149963739,394.1967626409469,0.0,0.0,0.0,0.0,0.0,0.0,0.0,0.0,0.0,0.0,0.0,0.0,0.0,0.0,0.0,0.0,0.0,0.0,0.0,0.0,0.0,0.0,0.8485616333959203,0.2590236976178023,278.0286175991786,328.85282462082577,5700.382367570041,0.1851787694858181,0.028262937955710944,138.66577249243069,164.52011387690056,2710.380733385219,0.8329304932762327,0.15739427310586413,362.9409320513888,429.60308060886998,7270.701864096651,0.18998880538547298,0.03590113480451113,231.14708488676923,274.01477098246206,4474.131198440242,0.0,0.0,7.88997530800593,9.425197667590267,115.84168718537342,0.0,0.0,28.353531726599117,33.73938319069575,478.24700094207767,0.0,0.0,207.33362606445793,246.88689003721886,3418.074689384751,0.0,0.0,30.352872151720065,36.32243384959554,413.744871412511,0.0,0.0,121.99284760359453,145.69195327149527,1804.7312774039895,35.845683404790538,24.585516738539469,432.74693915462208,514.5451962421722,8233.471474545262,0.0,0.0,145.8223678268496,174.3972732214257,2042.8953029680968,1038.1828235037365,21.616967009603358,34.98510623610707,21.5,30.0,0.0,21.0339468865594,36.28871229741885,16.0,30.0,1129.9071044786302,21.39046055913805,35.49551769121597,21.5,30.0,0.0,20.95097248238565,36.440000211499498,16.0,30.0,0.0,18.590738310345075,42.64164418608553,12.0,30.0,0.0,19.706485583992959,39.65174418761278,19.0,30.0,0.0,19.510627812823058,40.05492621368384,10.0,30.0,0.0,18.057022091952736,43.95822393910579,16.0,30.0,0.0,18.64744995872376,42.337160107059549,16.0,30.0,0.0,20.049642708123434,0.0,0.0,0.0,18.235319680651317,0.0,0.0,436.280287188232,436.86567419299879,436.2976736602187,436.3167493373936,444.50940076875119,441.53069990163569,440.07987885909417,441.51887918127945,441.1318029567592,10001.138680437081,81.39192493978209,84.91728466554068,60.0,0.0,60.0,60.0,16.0,16.0,19.0,16.0,16.0,12.0,21.0,10.0,1.0,0.0,1038.1828235037365,0.0,1129.9071044786302,0.0,0.0,0.0,0.0,0.0,5335.142277117115,3201085.366270269,4166796.844388777,81.39192493978209,84.97715697707517,0.3478380759039038,0.765471874898134,0.36028137401965956,84.97715697707517,0.3542647819438875,4166796.844388777,0.21881010257488307 
 04/17  16:10:00,11.331666666666667,65.0,6.903333333333334,112.66666666666667,30.333333333333337,0.0,0.0,0.0,2.0,0.0,0.0,0.0,0.0,0.0,4.0,358.0,0.0,267.37036336723636,40.256022860072359,103.15470103589,8.017092317675552,213.38676680418394,0.0,40.256022860072338,55.03303525018877,0.0,0.0,20.631632994145187,-222.89053549690017,20.605634961953564,127.29164571843489,21.21141575352961,-919.2579122515836,20.561127669972735,454.36330309395728,18.56671434012805,11.60050681052897,19.839314304372939,-15.168363719552645,19.202381218410666,46.92797990568806,18.033355371843045,9.54007922764174,18.73458989979069,-64.22660816830148,748.4343002396117,398.98971559448867,0.0,0.0,0.0,0.0,0.0,0.0,0.0,0.0,0.0,0.0,0.0,0.0,0.0,0.0,0.0,0.0,0.0,0.0,0.0,0.0,0.0,0.0,1.0290111378254472,0.3141059639271817,189.32296985543989,224.53321358179776,3688.941510903529,0.21155643248413209,0.032288832796723457,144.83361565063283,171.80176773181109,2798.6629229535985,0.490711727126119,0.09272708373509434,296.7955021290052,350.4907139064759,6260.033107366682,0.19148766675389698,0.03618436635561166,290.4991435164622,343.99760898758179,5678.458486642717,0.0,0.0,8.168085698798823,9.758645973853146,119.93156956135565,0.0,0.0,11.670088712175432,13.880623472433129,199.933413676989,0.0,0.0,190.12774844104229,226.5041857277555,3100.9754489388326,0.0,0.0,28.83581846294673,34.51258917263108,392.96329661317477,0.0,0.0,124.36572795190078,148.55734960497393,1834.8906858942156,35.84518083454118,24.585172040151709,414.48750341168769,492.50023916090398,8059.967771165293,0.0,0.0,147.04000019121222,175.87999115569932,2059.78817942479,228.3161546497584,21.078092240714878,36.162339648412217,21.0,30.0,0.0,20.934982338723356,36.43507430272807,16.0,30.0,0.0,21.89132613112525,35.01203938874948,21.0,30.0,0.0,21.097302137393869,36.66935232442273,16.0,30.0,0.0,18.592777003936605,42.541741205305019,12.0,30.0,0.0,19.848727373263999,41.04536035313939,19.0,30.0,0.0,19.418150911569918,40.18676154222716,10.0,30.0,0.0,18.0570657928832,43.878581786338468,16.0,30.0,0.0,18.629079936140415,42.297372027233539,16.0,30.0,0.0,20.22960809175743,0.0,0.0,0.0,18.233774868192499,0.0,0.0,439.4177123657483,438.5080627151332,472.4659231883071,468.7143860418139,442.7137468785688,551.890452789487,438.7020726926162,440.4626344103961,440.0085946448726,8930.246635680225,82.10013498038096,82.10013498038096,1744.0,0.0,1744.0,1744.0,16.0,16.0,19.0,16.0,16.0,12.0,21.0,10.0,1.0,0.0,228.3161546497584,0.0,0.0,0.0,0.0,0.0,0.0,0.0,0.0,0.0,0.0,82.10013498038096,82.10013498038096,0.34,0.770987374546543,0.36028137401965956,82.10013498038096,0.3542647819438875,0.0,0.06220266666666668 
 04/17  16:20:00,11.333333333333334,65.0,6.906666666666667,115.83333333333334,32.666666666666667,0.0,0.0,0.0,2.0,0.0,0.0,0.0,0.0,0.0,4.0,537.0,0.0,280.0908913910573,41.109596931863638,105.34196119791283,8.398514256569939,223.53891836529415,0.0,41.109596931863617,56.199935719835718,0.0,0.0,21.12589083023242,-921.9712200364429,20.645891153471135,405.0472956826111,21.198896527540449,-879.8703876857176,20.667074364815556,288.7780163879869,18.56599977240181,10.820637744841383,19.933634813980019,-24.02093489520624,19.21434355126897,132.46696484521056,18.032725216551954,5.420838539925851,18.72536785692577,-69.20526829534413,766.0028474550288,349.9576835751145,0.0,0.0,0.0,0.0,0.0,0.0,0.0,0.0,0.0,0.0,0.0,0.0,0.0,0.0,0.0,0.0,0.0,0.0,0.0,0.0,0.0,0.0,0.9442073547203309,0.28821958324796417,313.4241977577133,370.5381117519853,6480.577430326632,0.2417072619127611,0.036890607740042897,250.8661218737869,297.16912551787228,4879.727898971105,0.6315629205663886,0.1193429555114113,265.5758746369213,314.00102302216649,5576.370062078273,0.1979415074966509,0.03740391298122652,264.5523151547279,313.4543866698178,5223.977176063108,0.0,0.0,9.061117831618912,10.83000421945959,132.9832241283869,0.0,0.0,13.764921745618875,16.364631890786407,239.4251170279221,0.0,0.0,183.63007971889264,218.83768640483536,3010.554620737546,0.0,0.0,28.60718206081635,34.25792858190473,389.6248401995624,0.0,0.0,112.83114854638777,134.85931125497982,1662.5030560506594,35.729266726100849,24.50566990816245,508.0325121777417,603.6083365027231,9754.855674045228,0.0,0.0,134.53721588110205,161.06899055788396,1858.2381457423219,1195.3477644045088,21.728946635372347,34.93745136838094,21.666666666666658,29.99999999999999,0.0,20.994719686243973,36.511355530460537,15.999999999999993,29.99999999999999,0.0,21.836627602314537,35.42083287361103,20.999999999999994,29.99999999999999,0.0,21.204895718021917,36.66525320709814,15.999999999999993,29.99999999999999,0.0,18.591426451966539,42.474982330129069,11.999999999999995,29.99999999999999,0.0,19.97660982664455,42.26176025057266,18.999999999999994,29.99999999999999,0.0,19.46365028827704,40.11555187374833,9.999999999999997,29.99999999999999,0.0,18.055285787140684,43.83101926275431,15.999999999999993,29.99999999999999,0.0,18.621565947028154,42.27844760815908,15.999999999999993,29.99999999999999,0.0,20.272491287669707,0.0,0.0,0.0,18.13670880487315,0.0,0.0,451.731612120793,450.4197095596852,492.37406165026439,482.79264195349716,441.7486657198716,648.1448104859128,443.0528238261014,440.3834883829483,440.3518049354718,4775.824193362303,82.8628769847521,82.8628769847521,1743.9999999999996,0.0,1743.9999999999996,1743.9999999999996,16.0,16.0,19.0,16.0,16.0,12.0,21.0,10.0,1.0,0.0,1195.3477644045088,0.0,0.0,0.0,0.0,0.0,0.0,0.0,0.0,0.0,0.0,82.8628769847521,82.8628769847521,0.2266666666666666,0.5120153230732765,0.24018758267977295,82.8628769847521,0.2361765212959249,0.0,0.061912 
 04/17  16:30:00,11.335,65.0,6.91,119.0,35.0,0.0,0.0,0.0,2.0,0.0,0.0,0.0,0.0,0.0,4.0,360.0,0.0,293.59876985349839,41.8891323631455,107.3395006057138,8.803544351741146,234.3194441403034,0.0,41.889132363145488,57.26561975468498,0.0,0.0,20.86893697643818,-365.1980125097243,20.71050885966895,44.856180277490697,21.283332858919537,-863.2319782832819,20.701899185478817,288.2800236274152,18.566389497749115,10.2924652951923,20.018207451431786,-20.368748824440588,19.218070567692846,20.747519164512597,18.028924262310427,5.894073779254768,18.706636125175867,-70.99241579019645,733.2721455981737,384.9356838810695,0.0,0.0,0.0,0.0,0.0,0.0,0.0,0.0,0.0,0.0,0.0,0.0,0.0,0.0,0.0,0.0,0.0,0.0,0.0,0.0,0.0,0.0,1.037708374652691,0.3167607981235321,251.1908562610561,297.5041375334164,5012.197588398425,0.21226424078881798,0.0323968621472555,207.78678264076894,246.25857337199305,4045.706971169294,0.49911349581059907,0.09431471954092957,265.6181961196087,313.66332626954019,5608.231500832374,0.1740841028013267,0.03289571103577601,258.94215559148167,306.5023312951652,5123.198689021121,0.0,0.0,8.003096739896453,9.562940882471889,117.45658679728217,0.0,0.0,11.584661447655826,13.763691430021975,203.88832535876953,0.0,0.0,185.19480363518975,220.59555577590877,3026.262344256158,0.0,0.0,28.28102760333503,33.84897951058855,384.7256859042196,0.0,0.0,121.53395717360667,145.16950574557775,1784.4916444022402,35.45046952555613,24.314450977747698,447.00144862271795,531.0368806321351,8642.923107166302,0.0,0.0,143.8055449164648,172.0114060906459,2000.8556114475626,852.7645432511054,21.42714702728599,35.688271290020427,21.5,30.0,0.0,21.03030184020664,36.57348011122396,16.0,30.0,0.0,21.901657220442979,35.41601514236382,21.0,30.0,0.0,21.225821052087605,36.804278181597698,16.0,30.0,0.0,18.59269230061769,42.43737297255247,12.0,30.0,0.0,20.091343865903484,43.24512346975751,19.0,30.0,0.0,19.439600763510187,40.206989343605368,10.0,30.0,0.0,18.047915852708554,43.84859192576462,16.0,30.0,0.0,18.595939585908945,42.36869713956889,16.0,30.0,0.0,20.26857379383988,0.0,0.0,0.0,18.19074117265965,0.0,0.0,457.3319044342096,459.43603765794526,501.1001550398585,494.2931519942255,442.7805596401196,727.0738313576854,445.51036450593156,442.43251585950767,443.3807735278773,6821.7757961465699,83.49364347789438,83.49364347789438,1744.0,0.0,1744.0,1744.0,16.0,16.0,19.0,16.0,16.0,12.0,21.0,10.0,1.0,0.0,852.7645432511054,0.0,0.0,0.0,0.0,0.0,0.0,0.0,0.0,0.0,0.0,83.49364347789438,83.49364347789438,0.34,0.7712315586736631,0.36028137401965956,83.49364347789438,0.3542647819438875,0.0,0.06162133333333334 
 04/17  16:40:00,11.336666666666666,65.0,6.913333333333334,111.83333333333334,41.5,0.0,0.0,0.0,2.0,0.0,0.0,0.0,0.0,0.0,4.0,360.0,0.0,289.8209304287343,39.59746935621363,101.46720196737386,8.690261811407062,231.30432691215328,0.0,39.597469356213618,54.132742682342009,0.0,0.0,21.267259452366333,-1092.173114377017,20.773909304027094,435.9230064835439,21.37243464432537,-842.0236134418503,20.743928738520844,289.12591664241986,18.566821172153547,13.07020503760737,20.080561742802176,-29.38734791398361,19.24858067199375,132.2625896942132,18.028058159787386,8.022370495395878,18.692335048352999,-63.38231658049065,794.1753544361948,405.411200009347,0.0,0.0,0.0,0.0,0.0,0.0,0.0,0.0,0.0,0.0,0.0,0.0,0.0,0.0,0.0,0.0,0.0,0.0,0.0,0.0,0.0,0.0,0.9215773970674805,0.2813117817666303,342.0729652820711,403.87336816475888,7289.626960425803,0.23854166875303693,0.036407458600890878,274.52433026757606,325.0279962472403,5398.818932642658,0.7658489721500887,0.14471824870561024,262.2866188931501,309.62144218809069,5586.046468699529,0.21765603290083636,0.04112925791776953,264.7672510996869,313.3195704901477,5261.197158519238,0.0,0.0,9.417344651355819,11.249571565056313,138.24555775202544,0.0,0.0,14.542912937829238,17.2626219067292,258.3377678636765,0.0,0.0,201.5700325826162,240.03571409140506,3322.693888783291,0.0,0.0,30.111314574142413,36.03899281289735,409.506431395044,0.0,0.0,127.93493654998093,152.84213634470056,1874.3252569790735,35.57593625268394,24.40050497440601,532.8427489995896,632.3435753958449,10397.497827910223,0.0,0.0,151.4897852170808,181.19932605511753,2118.49727063085,1381.68851536998,21.996591338979614,34.71428245775235,22.000000000000008,30.00000000000001,0.0,21.16211197746691,36.58584965561633,16.000000000000008,30.00000000000001,0.0,21.9866983107375,35.48664222448231,21.000000000000008,30.00000000000001,0.0,21.269583981263854,37.0203436796119,19.000000000000008,30.00000000000001,0.0,18.5958146014583,42.45285577815032,12.000000000000004,30.00000000000001,0.0,20.17152838114765,43.773863952948619,19.000000000000008,30.00000000000001,0.0,19.517004713451315,40.20458992925664,10.000000000000004,30.00000000000001,0.0,18.047541798037224,43.9534241161863,16.000000000000008,30.00000000000001,0.0,18.581124884542189,42.5389921355261,16.000000000000008,30.00000000000001,0.0,20.473864878527338,0.0,0.0,0.0,18.228226096574354,0.0,0.0,475.4680493613486,478.89729433423897,517.3483495573282,513.8127333780715,446.4016693822333,771.8396860941634,458.48838160017069,449.9015878887653,452.49498871515268,8432.800467450958,82.42892714582988,82.42892714582988,1744.0000000000005,0.0,1744.0000000000005,1744.0000000000005,16.0,19.0,19.0,16.0,16.0,12.0,21.0,10.0,1.0,0.0,1381.68851536998,0.0,0.0,0.0,0.0,0.0,0.0,0.0,0.0,0.0,0.0,82.42892714582988,82.42892714582988,0.34000000000000016,0.769725761153812,0.36028137401965967,82.42892714582988,0.3542647819438876,0.0,0.06133066666666667 
 04/17  16:50:00,11.338333333333335,65.0,6.916666666666666,104.66666666666667,48.0,0.0,0.0,0.0,2.0,0.0,0.0,0.0,0.0,0.0,4.0,720.0,0.0,284.9544829279669,37.26653761592918,95.49427701468055,8.54433758062801,227.42039983720225,0.0,37.26653761592917,50.9461822743567,0.0,0.0,20.716172737077526,-195.83448620300784,20.80052083742768,36.69758408579696,21.426389872054615,-919.1362559258346,20.796738864265337,310.39404765386237,18.565856353218487,10.408024399194943,20.125636451986524,-25.3127984740091,19.231438680079998,15.620914597388947,18.030559122186206,8.953792677583494,18.688735844712995,-57.90310002585625,705.7209078860487,386.7345704234124,0.0,0.0,0.0,0.0,0.0,0.0,0.0,0.0,0.0,0.0,0.0,0.0,0.0,0.0,0.0,0.0,0.0,0.0,0.0,0.0,0.0,0.0,1.0703401890982567,0.32672166944391237,165.19202378661456,196.05232310526277,3274.499959626666,0.2166131294561003,0.03306061194384925,121.26726433728909,143.94369451698544,2390.6037868429559,0.4849959464230068,0.09164700423715173,272.4898535864574,322.0559565782378,5803.65842950084,0.17503147787025359,0.03307473126799953,265.3257327677262,314.3216404146731,5303.562603008595,0.0,0.0,8.085778686799618,9.67218755320556,118.64351263080644,0.0,0.0,11.517919350360682,13.692356244400316,205.69470915670639,0.0,0.0,186.67211007379988,222.61957172897349,3052.2811425671027,0.0,0.0,28.023480660853094,33.58012868713419,381.30302842200237,0.0,0.0,123.0718251580422,147.20295808682023,1803.5026791758347,35.203703843166419,24.145201538522927,366.17973493192695,435.58619757411,7207.464401571315,0.0,0.0,145.30333800845879,174.02668953810446,2020.2012296681153,26.71473691437797,21.115166226607554,36.83482927292563,21.0,30.0,0.0,21.130586212589216,36.815223110038939,16.0,30.0,0.0,22.00383003222634,35.706167384784539,21.0,30.0,0.0,21.336977482955743,37.03879951126528,19.0,30.0,0.0,18.59532833056082,42.50722908268492,12.0,30.0,0.0,20.226752509071916,44.20073694404705,19.0,30.0,0.0,19.446979651227247,40.5031963425745,10.0,30.0,0.0,18.053762557992117,44.057037968227017,16.0,30.0,0.0,18.58557872906477,42.667346356549888,16.0,30.0,0.0,20.271793641736548,0.0,0.0,0.0,18.189261072564436,0.0,0.0,486.9921723319934,488.5021901550549,533.9693627334895,524.5133004099718,450.8933467665448,805.8799755521998,465.92434484031858,457.60272451498738,461.2905124013254,2504.0538364583928,81.2956512011692,81.2956512011692,1744.0,0.0,1744.0,1744.0,16.0,19.0,19.0,16.0,16.0,12.0,21.0,10.0,1.0,0.0,26.71473691437797,0.0,0.0,0.0,0.0,0.0,0.0,0.0,0.0,0.0,0.0,81.2956512011692,81.2956512011692,0.085,0.15479162401346484,0.09007034350491489,81.2956512011692,0.08856619548597188,0.0,0.06162133333333334 
 04/17  17:00:00,11.34,65.0,6.92,97.5,54.5,0.0,0.0,0.0,2.0,0.0,0.0,0.0,0.0,0.0,4.0,724.0,0.0,278.92561554963916,34.89616443779336,89.42028316274599,8.363558445638173,222.60875447262078,0.0,34.89616443779334,47.70570243058565,0.0,0.0,21.128742783017829,-902.4460785175461,20.803727215760295,379.5270702325772,21.458284594349786,-884.4450746006837,20.81922102546708,265.6366974151483,18.56205165171336,10.777474665050477,20.164751147705425,-34.45933070747989,19.22757188352216,126.35184009599061,18.026155347023054,3.385302871860972,18.674768209728897,-72.19314513574887,753.4532773917031,369.80091802427139,0.0,0.0,0.0,0.0,0.0,0.0,0.0,0.0,0.0,0.0,0.0,0.0,0.0,0.0,0.0,0.0,0.0,0.0,0.0,0.0,0.0,0.0,0.9831149420092308,0.30009613614445387,328.5406606013944,388.8153634369018,6778.991603432451,0.24841354746568823,0.037914155596106269,264.9416817114873,314.0826220080712,5203.5533282497349,0.6690246138653548,0.12642188470622738,256.3080264484054,302.89519394367769,5461.450119082589,0.19694839046814273,0.03721624914363996,254.7882490202358,301.77193688449526,5097.544174106636,0.0,0.0,9.280835151112875,11.099512458908379,136.06774644519545,0.0,0.0,14.383463517518488,17.087991504560688,258.2497706628843,0.0,0.0,189.67146696405116,226.11371967479199,3110.1512531061168,0.0,0.0,28.650677447803294,34.32585135234966,389.35801353119998,0.0,0.0,118.52586099571706,141.73520019714804,1732.4978884230582,35.19640289598005,24.14019403016465,512.2053942602236,608.6222050505614,9978.624224318317,0.0,0.0,140.6553109270691,168.4488165213184,1938.607804113843,1244.0939048197816,21.688661007507699,36.06436355502836,21.75,30.0,0.0,21.149189659169104,37.24265068798673,16.0,30.0,0.0,22.00043014646792,36.13944761721946,21.0,30.0,0.0,21.34593341635174,37.4865743597778,19.0,30.0,0.0,18.590663801493208,42.666594875465509,12.0,30.0,0.0,20.27466151597825,44.58181372811482,19.0,30.0,0.0,19.475458921540807,40.83037352339619,10.0,30.0,0.0,18.046671454862336,44.354248284293358,16.0,30.0,0.0,18.568458910606876,43.033212563239818,16.0,30.0,0.0,20.441115747447719,0.0,0.0,0.0,18.127607673647895,0.0,0.0,519.3255282093786,517.3003161469748,561.5406721388656,553.716946952257,460.2991043537035,835.6204588417218,489.42217123436645,473.20060996302507,479.45161341340647,7376.354392270409,81.89321717357308,83.64246078907914,1744.0,0.0,1744.0,1744.0,16.0,19.0,19.0,16.0,16.0,12.0,21.0,10.0,1.0,0.0,1244.0939048197816,0.0,0.0,0.0,0.0,0.0,0.0,0.0,2647.2578949201244,1588354.7369520746,2055777.014083276,81.89321717357308,83.6721687527607,0.25824192983067087,0.5758523686544399,0.27021103051474468,83.6721687527607,0.2656985864579156,2055777.014083276,0.16881240473233034 
 04/17  17:10:00,11.271666666666669,65.5,6.846666666666667,90.33333333333333,61.0,0.0,4.0,0.0,0.0,0.0,0.0,0.0,0.0,0.0,0.0,728.0,0.0,271.6666120276318,32.48623258316656,83.2449199638511,8.14589396541367,216.8153471691876,0.0,32.48623258316654,44.411142876920127,0.0,0.0,21.110397529814067,-880.6732694313687,20.828831493190799,155.93986817064764,21.112291592309846,-193.6798059100886,20.87472992160891,-46.15407148441767,18.55898979968574,10.428479356164005,20.091687155519723,-82.26116229652325,19.258049938197705,85.93636701866353,18.02369704205471,7.508174320872342,18.661555791570558,-62.94864519840462,650.9815096779475,405.9420413366802,0.0,0.0,0.0,0.0,0.0,0.0,0.0,0.0,0.0,0.0,0.0,0.0,0.0,0.0,0.0,0.0,0.0,0.0,0.0,0.0,0.0,0.0,0.9773017903898246,0.2983216698381638,392.5480653844144,464.6497600967973,8058.92847295137,0.20962275215051943,0.03199370454067757,179.87754706645047,213.07977090153788,3556.979443443042,0.8618233872929437,0.16285400364568104,177.2682185696383,209.95211469453606,3640.2461801690189,0.14219579183971063,0.02686995310652127,12.951842790147172,15.346813015316585,263.2976180673061,0.0,0.0,8.121591872516437,9.711646083445393,120.14322443068237,0.0,0.0,55.62798731965181,66.13032243531475,993.3698525283244,0.0,0.0,239.75134052944507,285.75826957578888,3977.18026907624,0.0,0.0,29.774601014092935,35.66960065952588,408.70108229625597,0.0,0.0,128.03929622929545,153.119394906659,1886.406442429677,34.7846334794053,23.85777330549061,340.60738417876538,405.0577263349701,6693.331273006177,0.0,0.0,151.87049615348634,181.84650254181174,2127.2210620090788,1032.9139652886893,21.508566016142713,36.58708868349927,21.5,30.0,0.0,21.138204272500656,37.75687254158674,16.0,30.0,0.0,21.506180305236005,36.9544961489146,21.0,30.0,0.0,21.336333273044035,40.744094284665198,19.0,30.0,0.0,18.58790896995246,43.08162093661455,12.0,30.0,0.0,20.156288013205669,42.019503782658997,16.0,30.0,0.0,19.5036435175146,41.70664269717737,10.0,30.0,0.0,18.046188201751595,44.96160827950656,16.0,30.0,0.0,18.55732545764455,43.8492449506294,16.0,30.0,0.0,20.150339116577706,0.0,0.0,0.0,18.174341006450118,0.0,0.0,530.1921524422313,546.3529717029169,548.8758077058457,738.3652119074744,483.5050368882939,661.766622074377,544.03889912816,505.6488652458228,522.4326390121285,7283.408256495826,81.37098044493354,83.14526646896333,162.0,0.0,162.0,162.0,16.0,19.0,16.0,16.0,16.0,12.0,21.0,10.0,1.0,0.0,1032.9139652886893,0.0,0.0,0.0,0.0,0.0,0.0,0.0,2685.1173214447137,1611070.392866828,2085595.8225742134,81.37098044493354,83.17539973587673,0.2595039107148238,0.5781258491824778,0.27021103051474468,83.17539973587673,0.2656985864579156,2085595.8225742134,0.11422898277385911 
 04/17  17:20:00,11.203333333333334,66.0,6.773333333333334,83.16666666666666,67.5,0.0,4.0,0.0,0.0,0.0,0.0,0.0,0.0,0.0,0.0,918.0,0.0,295.27379288967895,31.01378703036028,79.47181019507423,8.853735410150096,235.65589531811103,0.0,31.013787030360267,42.398198173136588,0.0,0.0,21.012243412435834,-598.3594195754594,20.78989606112044,36.15058606988965,21.10947842503421,-396.49826809335857,20.8880826870457,-65.79644351761076,18.556751179783356,9.511165024948458,20.005376858808665,-62.525135510461229,19.24055895494375,39.85250362206352,18.02132949676547,6.317030824510518,18.651377679750305,-62.31757362553199,542.2064832575628,395.2342637829474,0.0,0.0,0.0,0.0,0.0,0.0,0.0,0.0,0.0,0.0,0.0,0.0,0.0,0.0,0.0,0.0,0.0,0.0,0.0,0.0,0.0,0.0,1.000562625794469,0.30542204694580868,274.3346968542644,324.827087375971,5593.813943429406,0.206323341852404,0.0314901315403547,138.29155613736686,163.96794919240686,2725.8586287810796,0.8417167766883777,0.15905456853521889,157.67647969308437,186.38194753210449,3309.772752765569,0.09087825612297636,0.017172761928000065,15.334275533860199,18.148948083181183,311.6158581717693,0.0,0.0,7.605889311510007,9.096866891905848,113.50173527734614,0.0,0.0,50.58404757007091,60.200161426512618,896.8126810480721,0.0,0.0,227.3899693327839,271.14037993531908,3783.7994501411246,0.0,0.0,28.77379977992654,34.47745854127624,398.84634707806426,0.0,0.0,123.06000154226476,147.19617354893243,1827.945026422759,34.442811752419647,23.62332767655669,219.47133197422898,261.21551529231388,4365.272552109333,0.0,0.0,146.1744273544626,175.08456682876659,2059.0154378573195,1073.1916017020299,21.401074735036553,36.87729939537205,21.6,30.0,0.0,21.031851654612038,37.749508558706327,16.0,30.0,935.6637151612345,21.466729257897116,37.07068948991732,21.4,30.0,0.0,21.314934782076614,44.23360954191625,19.0,30.0,0.0,18.584414125673228,43.473232144345477,12.000000000000002,30.0,0.0,20.01856308563456,40.818436604723817,16.0,30.0,0.0,19.459883325854574,41.809876626931337,10.0,30.0,0.0,18.04514203097184,45.53820584432822,16.0,30.0,0.0,18.549342107746356,44.2937569443653,16.0,30.0,0.0,19.536481749553269,0.0,0.0,0.0,18.14484494926462,0.0,0.0,534.7304865887709,536.4499956887632,553.0636589597988,935.4552613788976,504.99061394029567,569.3028324936589,545.042611798326,535.9993360671398,545.5665533508068,7080.655054760829,81.86861874492418,83.24428395426442,162.0,0.0,162.0,162.0,16.0,19.0,16.0,16.0,16.0,12.0,21.0,10.0,1.0,0.0,1073.1916017020299,0.0,935.6637151612345,0.0,0.0,0.0,0.0,0.0,2081.930336048261,1249158.2016289565,1623874.5480849827,81.86861874492418,83.26764731641409,0.2733976778682754,0.5841315897248466,0.28822509921572767,83.26764731641409,0.28341182555511,1623874.5480849827,0.0902914765004191 
 04/17  17:30:00,11.135,66.5,6.7,76.0,74.0,0.0,4.0,0.0,0.0,0.0,0.0,0.0,0.0,0.0,0.0,736.0,0.0,282.9840023335721,28.499203473719896,73.02827791493485,8.485224700134614,225.84746474138277,0.0,28.49920347371988,38.96057180867544,0.0,0.0,20.787027583640119,-231.2834478248742,20.749662734250224,94.72292088243228,20.926560906470635,-439.3369154090051,20.889562368910405,-74.98538240853853,18.552763096716644,9.274808089425406,19.94132180001624,-53.627047400649079,19.214737334084626,46.26748817573207,18.012108343109117,3.9270243223270144,18.634743505903836,-67.39970665372175,516.2762980705574,389.8424767892079,0.0,0.0,0.0,0.0,0.0,0.0,0.0,0.0,0.0,0.0,0.0,0.0,0.0,0.0,0.0,0.0,0.0,0.0,0.0,0.0,0.0,0.0,1.0139281495015254,0.30950187713721785,215.1527294495816,255.10237108387117,4346.473081792209,0.21832570228145949,0.033321993632701388,161.96355107939716,192.20657453572046,3192.458688243966,0.855510405557826,0.1616610743684479,130.13945661874457,154.17280403920808,2659.307504941217,0.06344943839521118,0.011989689795013449,18.090242687108149,21.387898084488449,368.6756583137681,0.0,0.0,7.570498111727124,9.052569302278477,113.9514493900009,0.0,0.0,47.495017760193679,56.52718149674662,840.1765602028735,0.0,0.0,220.85740352131598,263.32105802192418,3684.0644126886274,0.0,0.0,28.21025737122563,33.79225661563563,394.47800188958,0.0,0.0,119.78244361834705,143.23913272195115,1792.1551308938193,34.23559844375709,23.481206065677026,158.88093652328855,189.5894826095906,3191.330747490293,0.0,0.0,142.3962638274443,170.5428695874948,2009.0680562220858,26.850001716324596,21.164135033041615,37.5188470269188,21.0,30.0,0.0,20.968350186447759,38.06769930058405,16.0,30.0,21.96309402527735,21.293178917718199,37.560307303598587,21.0,30.0,0.0,21.29786049258712,46.10326699019742,19.0,30.0,0.0,18.580105061221685,43.72568450827227,12.0,30.0,0.0,19.928535522768045,40.712346251624278,16.0,30.0,0.0,19.411071425128705,41.92573625115199,10.0,30.0,0.0,18.037031743280456,45.713787537585009,16.0,30.0,0.0,18.533995186368587,44.3383989107746,16.0,30.0,0.0,19.257602390182968,0.0,0.0,0.0,18.08700457893497,0.0,0.0,542.2205636890708,547.0183387098656,561.4652441594203,1042.368551833681,519.0102739770392,550.7407029839064,545.1348149613679,544.8086933076953,546.764354407926,2297.2716660173389,81.91842090756313,81.91842090756313,162.0,0.0,162.0,162.0,16.0,19.0,16.0,16.0,16.0,12.0,21.0,10.0,1.0,0.0,26.850001716324596,0.0,21.96309402527735,0.0,0.0,0.0,0.0,0.0,0.0,0.0,0.0,81.91842090756313,81.91842090756313,0.085,0.15452548506337628,0.09007034350491489,81.91842090756313,0.08856619548597188,0.0,0.005922 
 04/17  17:40:00,11.066666666666667,67.0,6.626666666666667,65.83333333333333,67.16666666666667,0.0,4.0,0.0,0.0,0.0,0.0,0.0,0.0,0.0,0.0,740.0,0.0,243.21624541240673,24.81350321486949,63.58378104488325,7.292795207121037,194.10910398432299,0.0,24.813503214869479,33.92194012436852,0.0,0.0,21.238505151507533,-409.9430718079918,21.24653009528175,-357.1829182673766,21.220763175989675,-400.4583050587919,20.902317383667854,-45.4296709934067,18.547017273574576,10.631757846772189,19.891923980689126,-42.757409687598968,19.248751649222546,109.91704000432037,17.999789303905858,1.5361687182323749,18.612687665251707,-75.74276086663827,532.6081881931286,419.44740904110315,0.0,0.0,0.0,0.0,0.0,0.0,0.0,0.0,0.0,0.0,0.0,0.0,0.0,0.0,0.0,0.0,0.0,0.0,0.0,0.0,0.0,0.0,0.9959216442856774,0.30400538592358897,204.95504247976914,242.25376492220256,4412.89772239425,0.1922593217108457,0.02934360831972615,117.45275161380681,138.8517307038786,2508.3823575238559,0.9324326001155643,0.17619663645418832,70.11452007982146,82.90510915825718,1523.5505779113769,0.1807847240781308,0.03416189041536862,11.596879675744886,13.72523504951221,240.938921398601,0.0,0.0,8.170321907694591,9.769295700642254,124.0245370373888,0.0,0.0,42.61474967636789,50.73534181982545,754.6371939060588,0.0,0.0,227.6965484057902,271.35520606383599,3869.8620107554099,0.0,0.0,29.25412600531667,35.040581439502449,412.20739325969347,0.0,0.0,126.2534117961489,150.9602717649686,1899.386301750088,34.60555205115918,23.73494653714622,141.9617624173011,168.9710839762693,3048.956666596017,0.0,0.0,149.3720145987185,178.86628113729027,2125.0945675883597,838.854644803982,21.804086733402856,36.545253812693768,21.5,30.0,1080.3652026397359,21.745555036357709,36.52000794652473,21.75,30.0,970.2037823389437,21.83679036038408,36.31658499155243,21.5,30.0,0.0,21.306841060942824,47.576686868484419,19.0,30.0,0.0,18.575372492403415,43.90665768269471,12.0,30.0,0.0,19.86791942050191,40.83592457773743,16.0,30.0,0.0,19.50233217474542,41.82090568298688,10.0,30.0,0.0,18.02166037412118,45.76786104718563,16.0,30.0,0.0,18.506454036817709,44.416621340274229,16.0,30.0,0.0,19.329216195730795,0.0,0.0,0.0,18.074286700467434,0.0,0.0,571.1430850213667,561.9490427117571,562.8673505957931,1130.2686122751357,529.1614388647583,550.020201622805,553.4721754405634,546.6618672863576,548.2222037599047,6493.940596835468,82.61222945258329,84.59401668712369,162.0,0.0,162.0,162.0,21.0,19.0,16.0,16.0,16.0,12.0,21.0,10.0,1.0,0.0,838.854644803982,1080.3652026397359,970.2037823389437,0.0,0.0,0.0,0.0,0.0,2998.769009627819,1799261.4057766915,2356054.726498048,82.61222945258329,84.6276740134483,0.269958966987594,0.5747921161844012,0.27021103051474468,84.6276740134483,0.2656985864579156,2356054.726498048,0.12850884577789854 
 04/17  17:50:00,10.998333333333333,67.5,6.553333333333334,55.66666666666667,60.333333333333339,0.0,4.0,0.0,0.0,0.0,0.0,0.0,0.0,0.0,0.0,559.0,0.0,204.41821462608227,21.112879621074116,54.10104645533109,6.129442805726081,163.144674863364,0.0,21.112879621074105,28.862907109782858,0.0,0.0,20.72235800978036,-180.53499459538717,20.871120346566295,-233.61797723917747,21.090263022363304,-249.57790968709177,20.911447170178364,-83.49127238909037,18.539770525910514,9.547745376668509,19.843948389773446,-38.14126973353673,19.20603847666037,23.18400441614481,17.989416310938368,3.6145317608976135,18.594377762018988,-67.28881865408468,492.9998089679424,420.66836428409388,0.0,0.0,0.0,0.0,0.0,0.0,0.0,0.0,0.0,0.0,0.0,0.0,0.0,0.0,0.0,0.0,0.0,0.0,0.0,0.0,0.0,0.0,1.0460410267734389,0.3193043427269352,197.6010819407431,234.14114688029714,3986.93040203342,0.1938331081444449,0.029583807714353644,104.65681523773344,123.97055364303462,2113.2843593077266,0.9528656187849085,0.18005775109314244,64.51107195048644,76.38296385656652,1332.4633823561915,0.053888131340196699,0.010182942430120319,19.54615224950818,23.072995357100774,403.50760270317826,0.0,0.0,7.465199451090456,8.922713075453684,114.25050587644563,0.0,0.0,41.32600262108645,49.17118734702966,734.0562957755894,0.0,0.0,220.10175007308835,262.30948904120455,3724.9739165399016,0.0,0.0,28.5158045905294,34.1455902810267,405.2292931769139,0.0,0.0,124.79968105791086,149.19994987000556,1890.5651872225645,33.962945089375249,23.2942010215194,143.4067034244672,170.86635792967548,2981.175074810145,0.0,0.0,147.90479522633337,177.08603422294272,2117.2654345448966,119.55504885202112,21.025615960854706,38.05380569040049,21.000000000000015,30.00000000000002,39.44066771023135,21.133598523823907,37.82181804059929,21.000000000000015,30.00000000000002,769.8213610166582,21.464353426253248,38.2970365394428,21.33333333333335,30.00000000000002,0.0,21.301855538472937,48.47726067692177,19.000000000000015,30.00000000000002,0.0,18.568414404795193,44.063901569200627,12.00000000000001,30.00000000000002,0.0,19.82602351151435,40.974129089486989,16.000000000000015,30.00000000000002,0.0,19.393664577355467,42.12744642114242,10.000000000000007,30.00000000000002,0.0,18.01243069888958,45.87044328064945,16.000000000000015,30.00000000000002,0.0,18.489139253610767,44.54230219407664,16.000000000000015,30.00000000000002,0.0,19.091161401146417,0.0,0.0,0.0,18.050475383186229,0.0,0.0,556.7243387125539,557.7137873856337,628.4225055329818,1182.1326700385428,537.5156739999226,552.5536717092596,555.1656193541265,551.2816993092044,552.8368850020347,5535.865237497734,82.87973921958846,82.87973921958846,162.0000000000001,0.0,162.0000000000001,162.0000000000001,21.0,19.0,16.0,16.0,16.0,12.0,21.0,10.0,1.0,0.0,119.55504885202112,39.44066771023135,769.8213610166582,0.0,0.0,0.0,0.0,0.0,0.0,0.0,0.0,82.87973921958846,82.87973921958846,0.22666666666666686,0.4612776716100686,0.24018758267977323,82.87973921958846,0.23617652129592518,0.0,0.006012 
 04/17  18:00:00,10.93,68.0,6.48,45.5,53.5,0.0,4.0,0.0,0.0,0.0,0.0,0.0,0.0,0.0,0.0,748.0,0.0,166.61009295371736,17.395257262103486,44.57475601011091,4.995772677376455,132.970285249341,0.0,17.395257262103479,23.780635494445428,0.0,0.0,21.297103812344198,-863.7277127348561,21.342723994459595,-211.4529528339367,21.172393675701004,-169.72366466531663,20.910826303978604,-68.99756095080142,18.52912578569562,9.482824630533515,19.788932634799019,-39.93244444348204,19.195951764432427,104.15699327539324,17.975668944823036,-1.2916405167900962,18.573906379450905,-80.80456982448118,666.0466493324325,417.99686085225519,0.0,0.0,0.0,0.0,0.0,0.0,0.0,0.0,0.0,0.0,0.0,0.0,0.0,0.0,0.0,0.0,0.0,0.0,0.0,0.0,0.0,0.0,1.0348258838886833,0.3158809169379375,271.90670420398478,321.3795741346652,5985.790922464299,0.18480504851793928,0.028205898735949223,95.92979733107217,113.3967468849095,2109.7905288768668,1.0286181949617586,0.19437229685596353,178.88936677755886,211.70634905522958,3788.8092342595048,0.11859757499760729,0.022410728457597743,15.439455789970678,18.26494388887185,322.1523656190215,0.0,0.0,7.886771461329835,9.428211751341524,121.59098613742617,0.0,0.0,42.34918504387719,50.42463347284409,753.7496377603624,0.0,0.0,221.90902493664533,264.5108850387427,3790.082272344493,0.0,0.0,28.756413934020168,34.44238226919235,411.69310070318945,0.0,0.0,122.13520162993543,146.05080029456793,1861.278040238643,34.05058963880174,23.354313881208335,215.45555070349449,256.4761267487073,4459.0131628646399,0.0,0.0,144.88671452537936,173.55613048683228,2068.5429540668148,1451.0805150016782,21.941726099445466,36.38353925236026,22.0,30.0,1172.3892945242024,21.847369471155646,36.70125891966184,21.75,30.0,0.0,21.4768432786483,37.84532937549916,21.0,30.0,0.0,21.293710105172765,47.967148391981329,19.0,30.0,0.0,18.556404511848038,44.18729565848516,12.0,30.0,0.0,19.77425630949606,41.13732576736655,16.0,30.0,0.0,19.404043874877844,42.18711141938681,10.0,30.0,0.0,17.99695258764844,45.9545376935622,16.0,30.0,0.0,18.46618738256639,44.64186278635042,16.0,30.0,0.0,19.78538229042789,0.0,0.0,0.0,17.961949222447048,0.0,0.0,579.9653806698375,586.3728135715875,603.7131191845672,1153.1623239012236,543.1036859358487,554.8899612597479,560.2091358201823,553.9087648945989,555.264147313802,9649.552254439577,81.62417551836286,85.41067431617839,162.0,0.0,162.0,162.0,21.0,19.0,16.0,16.0,16.0,12.0,21.0,10.0,1.0,0.0,1451.0805150016782,1172.3892945242024,0.0,0.0,0.0,0.0,0.0,0.0,5729.8221669695999,3437893.30018176,4481528.890797096,81.62417551836286,85.47498163607864,0.36099407223232007,0.7664826225950305,0.36028137401965956,85.47498163607864,0.3542647819438875,4481528.890797096,0.23906950232144898 
 04/17  18:10:00,10.811666666666668,68.83333333333334,6.423333333333334,35.33333333333333,46.666666666666667,0.0,0.0,0.0,0.0,0.0,0.0,4.0,0.0,0.0,0.0,749.0,0.0,129.7634254019862,13.655414877238832,34.99153054971208,3.8909316180863096,103.5632255713274,0.0,13.655414877238825,18.667987419105068,0.0,0.0,21.06392548651359,-382.25070460530608,21.317433161747294,-73.32648141346596,21.05644551437245,-370.9710246871814,20.71120084336636,-133.63356344975296,18.51744242691082,8.491785972326433,19.739056942299759,-24.506470925357577,19.18267802995281,6.1974957270426789,17.95945491438856,-0.1516506436111058,18.54659643244044,-80.12268330704728,659.5482307271423,449.2724716733758,0.0,0.0,0.0,0.0,0.0,0.0,0.0,0.0,0.0,0.0,0.0,0.0,0.0,0.0,0.0,0.0,0.0,0.0,0.0,0.0,0.0,0.0,1.0281856663238554,0.31385398849934539,242.42298599983483,287.0349684496819,5126.119788480908,0.06288446971861506,0.009597751788555412,23.19699533555857,27.417636584476456,510.7316487456644,0.9965039501463426,0.18830384545471333,418.1485924280524,495.6057084428021,8708.806547967699,0.22078628628898015,0.04172076460487152,229.15224101196035,271.7567933280855,4690.514847416987,0.0,0.0,7.141948677613993,8.539006904873457,111.62896994353432,0.0,0.0,36.569236003447787,43.53602742224084,656.8459996051971,0.0,0.0,219.59557658085445,261.80255531633898,3777.4856377388339,0.0,0.0,28.77475234536046,34.47028563142831,417.83930081693867,0.0,0.0,130.26266777656478,155.81257596819337,2008.1366122235714,33.73937737375648,23.140862396266458,410.8181550697667,488.9311458379955,8261.911033618726,0.0,0.0,152.93296796252114,183.22269104797219,2218.1748250395178,527.4286030922028,21.39585035272148,40.14157407209955,21.25,30.0,0.0,21.821940940089385,39.318281862418967,21.0,30.0,877.1508985089788,21.297891901432835,40.300969313651787,21.25,30.0,0.0,20.980899383757739,41.87859047184108,16.0,30.0,0.0,18.54307650371637,44.38836077974792,12.0,30.0,0.0,19.736850088158584,41.5640815755368,16.0,30.0,0.0,19.34532518496705,43.31351145790292,10.0,30.0,0.0,17.97903040942593,46.2141542994916,16.0,30.0,0.0,18.434040008034278,45.05865144618231,16.0,30.0,0.0,20.058719279730619,0.0,0.0,0.0,17.95464028229148,0.0,0.0,721.3761932250319,726.9500545797765,718.0878008059888,762.1709551092034,551.8885334096899,572.1000040926904,609.0423653313748,564.169788185044,571.3916530203715,4266.903152345321,82.338723523921,82.338723523921,240.0,0.0,240.0,240.0,21.0,16.0,16.0,16.0,16.0,12.0,21.0,10.0,1.0,0.0,527.4286030922028,0.0,877.1508985089788,0.0,0.0,0.0,0.0,0.0,0.0,0.0,0.0,82.338723523921,82.338723523921,0.17,0.3470774861786303,0.18014068700982978,82.338723523921,0.17713239097194376,0.0,0.00896 
 04/17  18:20:00,10.693333333333334,69.66666666666667,6.366666666666667,25.166666666666666,39.83333333333333,0.0,0.0,0.0,0.0,0.0,0.0,4.0,0.0,0.0,0.0,376.0,0.0,93.79314846977614,9.881127002271294,25.320043027436225,2.812369046142289,74.8556076206837,0.0,9.88112700227129,13.508249747317706,0.0,0.0,21.448541680232425,-1019.2655778988274,21.280649902039323,-67.23751053858763,21.18099240898759,-168.98695167619145,20.59506580500102,209.02311467730307,18.503763501040795,9.319101612082733,19.67804195353518,-33.160158723771818,19.201951373863417,108.4968062446842,17.941285549798964,-2.943238702778558,18.51897765172352,-84.16309642883062,584.8829046385786,449.8483673510091,0.0,0.0,0.0,0.0,0.0,0.0,0.0,0.0,0.0,0.0,0.0,0.0,0.0,0.0,0.0,0.0,0.0,0.0,0.0,0.0,0.0,0.0,0.9740796289506366,0.29733810407528596,210.43707792645516,248.06919503997353,4793.399846142471,0.1262723620164006,0.019272338525091669,16.39024801951595,19.342879930684448,364.81855536234959,1.0712756430316227,0.20243303912162192,215.777228345515,254.904616344825,4659.806736172648,0.257788730452744,0.04871291202810732,229.08618673584784,271.1022578782604,4681.19687652579,0.0,0.0,7.963970863401974,9.509976315543203,126.14588413825223,0.0,0.0,39.14712221555428,46.56321751999935,708.0821921160351,0.0,0.0,225.89897793437783,268.92017524611046,3970.4512165899679,0.0,0.0,29.289107504491385,35.044176518642007,431.1733803524189,0.0,0.0,127.65787716024008,152.50925179605907,1990.8133798840618,33.855948586596557,23.22081521714442,226.55045368362915,269.29191853608077,4645.978110832851,0.0,0.0,150.33829976354867,179.92887122173728,2188.6148455338936,1340.3503274996193,22.087357231880345,37.22679215882293,22.0,30.0,0.0,21.762282956472384,42.930549970821598,21.0,30.0,0.0,21.476152716124923,38.537339386420317,21.0,30.0,0.0,20.873944675478563,40.783669512630009,16.0,30.0,0.0,18.526540195917535,44.79005020763282,12.0,30.0,0.0,19.67671821943992,42.19139483374677,16.0,30.0,0.0,19.4128312590028,43.01716305757478,10.0,30.0,0.0,17.957761884656564,46.766763791393277,16.0,30.0,0.0,18.401850836988609,45.64654949906087,16.0,30.0,0.0,19.53515061175041,0.0,0.0,0.0,17.86112099388663,0.0,0.0,645.2563791844041,918.7697991513501,640.4779274617522,684.7945554272737,569.5458973315543,596.5076223914714,602.8145878026578,586.9297246824549,594.851004831378,9470.785281910585,81.74264842948705,85.12236734237146,240.0,0.0,240.0,240.0,21.0,16.0,16.0,16.0,16.0,12.0,21.0,10.0,1.0,0.0,1340.3503274996193,0.0,0.0,0.0,0.0,0.0,0.0,0.0,5114.951541042161,3068970.9246252968,3976511.255273054,81.74264842948705,85.17976618940904,0.34049838470140539,0.766652783199654,0.36028137401965956,85.17976618940904,0.3542647819438875,3976511.255273054,0.21571191860753217 
 04/17  18:30:00,10.575,70.5,6.3100000000000009,15.0,33.0,0.0,0.0,0.0,0.0,0.0,0.0,4.0,0.0,0.0,0.0,752.0,0.0,57.24543036038983,6.042705743296305,15.484219892986172,1.7164925816735826,45.687144377852749,0.0,6.0427057432963029,8.260836877335427,0.0,0.0,20.98091403906936,-99.21486095597084,21.247801596621394,-87.18090822431236,21.28399759036715,-1155.9550867985172,20.677885048130738,324.28315089516038,18.49213540820851,8.961214462691885,19.62395330705984,-17.665941109351964,19.199059280794704,1.0412329841083193,17.92244536440017,-3.994231037030687,18.48841294847979,-90.55200058057676,679.8404869403762,495.07059032456757,0.0,0.0,0.0,0.0,0.0,0.0,0.0,0.0,0.0,0.0,0.0,0.0,0.0,0.0,0.0,0.0,0.0,0.0,0.0,0.0,0.0,0.0,1.0782043248360994,0.3291221992784186,233.76236198740856,276.8807778873086,4998.138195563548,0.08062082941703006,0.012304766394540609,23.492661664004524,27.742428718325664,523.9700664497228,0.9785780717824875,0.18491649126653213,391.6795231120784,462.7902097170555,8747.413818648185,0.2524773130974674,0.047709242837767829,269.2633877161845,319.0469911375185,5653.13794942562,0.0,0.0,7.3519421766571428,8.792259254457158,118.01264170974868,0.0,0.0,32.41267470090319,38.6020339601814,591.39992294668,0.0,0.0,220.78574178101645,263.20619648715759,3917.492157163915,0.0,0.0,28.71435053841125,34.404622186202058,428.34789642047459,0.0,0.0,134.27859010025944,160.63843091104239,2116.522599746888,33.790234285946,23.175743680347059,381.72058312178879,453.4928130157886,7968.389094124996,0.0,0.0,156.97544379575127,188.12054450802317,2320.4001113437209,0.0,21.215616594325284,39.81625876470485,21.0,30.0,0.0,21.715617393720025,44.71263882933502,21.0,30.0,1419.4862448146874,21.72233439962261,38.05995723583257,21.5,30.0,0.0,21.054442257046305,39.701972291392717,16.0,30.0,0.0,18.51422800134357,45.08015945793305,12.0,30.0,0.0,19.63747294482876,42.60869296481819,16.0,30.0,0.0,19.37681910016829,43.54012650344159,10.0,30.0,0.0,17.936940982327557,47.182083130194,16.0,30.0,0.0,18.366509256750505,46.07275068506955,16.0,30.0,0.0,20.067561411016244,0.0,0.0,0.0,17.853185657287843,0.0,0.0,674.2636330024559,1011.4978306388159,643.1834740400003,647.1341684051286,581.9731805347115,612.0750841067637,623.4278276084294,603.032442855925,609.8659725562748,6629.895281197956,82.53024825277122,82.53024825277122,240.0,0.0,240.0,240.0,21.0,16.0,16.0,16.0,16.0,12.0,21.0,10.0,1.0,0.0,0.0,0.0,1419.4862448146874,0.0,0.0,0.0,0.0,0.0,0.0,0.0,0.0,82.53024825277122,82.53024825277122,0.255,0.5787422138684701,0.27021103051474468,82.53024825277122,0.2656985864579156,0.0,0.008906666666666667 
 04/17  18:40:00,10.456666666666667,71.33333333333333,6.253333333333334,12.5,27.5,0.0,0.0,0.0,0.0,0.0,0.0,4.0,0.0,0.0,0.0,1701.0,0.0,43.782704051681267,4.9626652064266019,12.716650605702043,1.3128159914884923,34.94265013165176,0.0,4.962665206426599,6.784339580426936,0.0,0.0,21.085638714701589,-507.03990066415448,21.209976059440505,-125.75822030964484,20.829457246130688,-92.25652974191863,20.673425166263557,-17.446210468653697,18.478953379455449,6.97505362104829,19.57331964180237,-24.642792827956208,19.116464145169723,42.20959075144977,18.920637433855558,-39.838636347341317,18.45011122432726,-127.47456096874429,436.4783395127296,462.2112473712808,0.0,0.0,0.0,0.0,0.0,0.0,0.0,0.0,0.0,0.0,0.0,0.0,0.0,0.0,0.0,0.0,0.0,0.0,0.0,0.0,0.0,0.0,1.0606531850873636,0.323764708512627,163.93927632577647,194.0034950601766,3626.4978409868947,0.027916068892872418,0.004260694275468936,27.112213306549529,32.064414672175157,606.4795285992996,1.089497387824357,0.2058763015541118,150.93074101968049,179.0012832301423,3233.84397218092,0.2231761561466579,0.04217236510707829,85.72625233162343,101.70537225349603,1817.477688938077,0.0,0.0,7.106458673584714,8.502857638360253,115.52785311508289,0.0,0.0,37.732026400262778,44.97395930387272,694.033473889292,0.0,0.0,210.82629489010294,251.59277764392818,3739.043070555128,0.0,0.0,18.86682331897367,22.49945200423717,342.8515576750221,0.0,0.0,136.86797202059049,163.8446376698506,2175.8319886451256,33.428256111654949,22.927473327609758,154.80052955631678,184.50003587432358,3450.574399779481,0.0,0.0,144.04556234941487,172.81408857524947,2124.1996746686847,852.4292120653557,21.337089781128709,39.468128062117717,21.444444444444487,30.000000000000065,0.0,21.653068207564045,45.027852759753567,21.000000000000044,30.000000000000065,0.0,21.079310865120207,39.73082175817292,21.000000000000044,30.000000000000065,0.0,21.018570043735367,40.01671009174173,16.000000000000033,30.000000000000065,0.0,18.49764013398201,45.40329727256553,12.000000000000029,30.000000000000065,0.0,19.591801019522817,43.18770371161719,19.000000000000044,30.000000000000065,0.0,19.25316529902088,44.177972701164708,10.000000000000022,30.000000000000065,1288.875415378482,19.488597304540574,43.11664946219868,20.700000000000047,30.000000000000065,0.0,18.315398916648037,46.56564966701688,16.000000000000033,30.000000000000065,0.0,19.33668414890836,0.0,0.0,0.0,17.71465872650872,0.0,0.0,664.5772047696567,1017.7815354507592,647.0395510192957,656.4571328303572,594.9334181844124,634.0154818418217,636.1463978005774,615.0674857269175,624.9625900799239,9487.932247060979,81.73128769938303,83.31744127102377,240.0000000000005,0.0,240.0000000000005,240.0000000000005,21.0,16.0,19.0,16.0,19.7,12.0,21.0,10.0,1.0,0.0,852.4292120653557,0.0,0.0,0.0,0.0,0.0,1288.875415378482,0.0,2400.386593063916,1440231.9558383455,1873864.23441396,81.73128769938303,83.34437942433871,0.3444573308799089,0.7688267442794557,0.36028137401966039,83.34437942433871,0.3542647819438883,1873864.23441396,0.10632094018952593 
 04/17  18:50:00,10.338333333333335,72.16666666666667,6.196666666666666,10.000000000000002,22.000000000000005,0.0,0.0,0.0,0.0,0.0,0.0,4.0,0.0,0.0,0.0,189.0,0.0,32.179928116227589,3.8912897602419957,9.971287197145897,0.9649093372041386,25.682564950178944,0.0,3.891289760241994,5.3196881194266949,0.0,0.0,21.457296916439636,-1412.8382051430218,21.175736697031366,-79.08866124908343,20.86391493050842,266.581066390414,20.481431725381627,54.59820217573906,18.463972110144178,8.743620501637907,19.50437355562903,-24.772732436758589,19.18723836786939,80.3010548067723,19.60107725082062,-99.27098846133208,18.383857234712246,-116.7185805197978,638.5662683004393,537.195138003859,0.0,0.0,0.0,0.0,0.0,0.0,0.0,0.0,0.0,0.0,0.0,0.0,0.0,0.0,0.0,0.0,0.0,0.0,0.0,0.0,0.0,0.0,0.9063665101029372,0.2766686538775755,318.34177351402499,374.6495812959215,7454.148864806666,0.07798706498040466,0.011902787695421956,20.691760248586353,24.339021712427816,467.6340352294675,1.2379405022359587,0.2339267766885788,252.71817821324815,298.19204323932117,5555.990938652251,0.2608778500656877,0.04929664589298708,150.58542052121207,178.01987152636708,3133.851301938432,0.0,0.0,8.008908684400807,9.54249749269984,131.8966833163797,0.0,0.0,37.149552226534158,44.102309332503278,686.7137753367858,0.0,0.0,221.18291620824446,262.6783977332186,4039.2893093307004,0.0,0.0,28.388877726816994,33.5632266570583,591.7877654486869,0.0,0.0,152.26405969006883,181.5634723709178,2429.825949900272,33.481854261763427,22.9642347474372,265.59540937168176,315.0339131162505,5656.736033431459,0.0,0.0,153.9898921850113,183.9230853129542,2317.3789367246,1673.8896366117177,22.047465547408124,37.42696675897733,22.0,30.0,0.0,21.609011325730003,46.182926554984309,21.0,30.0,0.0,21.280921019128575,39.23465953060085,21.0,30.0,0.0,20.708999070640858,40.811739730046237,16.0,30.0,0.0,18.478273190306106,45.867560996468679,12.0,30.0,0.0,19.509773856086129,43.48833671746856,19.0,30.0,0.0,19.39535521844507,43.84784181338188,10.0,30.0,542.9768843625083,20.72690437140828,40.23754206205373,20.7,30.0,0.0,18.217968811913996,47.121560519874559,16.0,30.0,0.0,19.759000674923649,0.0,0.0,0.0,17.74245906715113,0.0,0.0,640.9315292661019,1074.846166739812,642.3133424700466,651.7012842173895,612.8856711489716,635.5258793744371,636.8844976345961,630.8917065247431,635.3075955613463,10891.842186498388,80.80285197848245,87.87980976293253,240.0,0.0,240.0,240.0,21.0,16.0,19.0,16.0,19.7,12.0,21.0,10.0,1.0,0.0,1673.8896366117177,0.0,0.0,0.0,0.0,0.0,542.9768843625083,0.0,10709.951652833803,6425970.991700281,8337889.049064819,80.80285197848245,88.0,0.3569983884277934,0.7706951908194342,0.36028137401965956,88.0,0.3542647819438875,8337889.049064819,0.4424368972180373 
 04/17  19:00:00,10.22,73.0,6.14,0.0,0.0,0.0,0.0,0.0,0.0,0.0,0.0,4.0,0.0,0.0,0.0,189.0,0.0,0.0,0.0,0.0,0.0,0.0,0.0,0.0,0.0,0.0,0.0,21.52274250800535,-1445.4072629537387,21.156573317368463,-75.78591798917558,20.921772582232426,287.71846384769199,20.49488610629343,185.8436794147583,18.453279709765434,10.396313026629003,19.447411804058075,-12.975323846664879,19.20297250114605,67.83204029525769,19.656100481748827,-99.42446330674579,18.342868233380153,-113.76745819962344,616.2791229970317,609.7582240796401,0.0,0.0,0.0,0.0,0.0,0.0,0.0,0.0,0.0,0.0,0.0,0.0,0.0,0.0,0.0,0.0,0.0,0.0,0.0,0.0,0.0,0.0,0.8955693981473418,0.2733728321573083,320.00190230367647,376.61516213407369,7568.36080798808,0.10026047209317897,0.015302269855491297,19.250169960547149,22.640042235801823,439.87641716239735,1.2309361892849862,0.23260321037131266,251.25702781014474,296.33080455635288,5654.063901697494,0.2968422130589362,0.05609263285316253,260.4113612313417,307.77415148333116,5522.109351917768,0.0,0.0,8.278729893598634,9.864230387868436,138.16423063190616,0.0,0.0,26.782073660560397,31.800308773381624,499.07361993332969,0.0,0.0,225.43979053523075,267.7276613461043,4177.059652919866,0.0,0.0,29.440685011224767,34.807395428989419,620.5418324286964,0.0,0.0,166.96419698659384,199.13162705833316,2689.1802685693089,33.51511057460605,22.987044289853267,265.82258507863159,315.51268502152757,5624.55830160276,0.0,0.0,168.94894392658706,201.7586784635871,2599.258861320027,1660.857471067938,22.047077427711128,37.4342905647191,22.0,30.0,0.0,21.598185326177857,47.03729369435235,21.0,30.0,0.0,21.42572510423375,38.89909065432245,21.0,30.0,0.0,20.79624263538853,40.57639215667563,16.0,30.0,0.0,18.4685356025243,46.08470102620352,12.0,30.0,0.0,19.46404192414603,43.63525950089379,19.0,30.0,0.0,19.40954361714711,43.838024018987038,10.0,30.0,482.63638789142507,20.723922116824025,40.339415718633507,20.7,30.0,0.0,18.171576311378705,47.22753656355833,16.0,30.0,0.0,19.572724697724767,0.0,0.0,0.0,17.79121601213531,0.0,0.0,640.1157826736725,1121.3800474540424,642.0517149296865,650.8110605579436,620.9038456826073,636.1626788300405,637.1810546084194,635.1499854651091,632.5069684227947,9765.90346112647,81.54753995479894,81.54753995479894,240.0,0.0,240.0,240.0,21.0,16.0,19.0,16.0,19.7,12.0,21.0,10.0,1.0,0.0,1660.857471067938,0.0,0.0,0.0,0.0,0.0,482.63638789142507,0.0,0.0,0.0,0.0,81.54753995479894,81.54753995479894,0.34,0.7628101431224952,0.36028137401965956,81.54753995479894,0.3542647819438875,0.0,0.008853333333333335 
 04/17  19:10:00,10.061666666666668,73.33333333333334,6.093333333333333,0.0,0.0,0.0,0.0,1.0,2.0,0.0,0.0,4.0,0.0,0.0,0.0,756.0,0.0,0.0,0.0,0.0,0.0,0.0,0.0,0.0,0.0,0.0,0.0,21.086673598718119,-126.13165831925312,21.139783098971387,-88.3469070086094,21.230203278059976,-1213.5092620887322,20.571428753423989,378.952211441434,18.444730523516648,8.195575259383603,19.488582429544495,-9.351006216511934,19.12147675227813,-32.78811176413524,19.400598829444307,-61.70762579598721,18.31860652651101,-105.56610087740319,737.8700207855359,589.2382271481881,0.0,0.0,0.0,0.0,0.0,0.0,0.0,0.0,0.0,0.0,0.0,0.0,0.0,0.0,0.0,0.0,0.0,0.0,0.0,0.0,0.0,0.0,1.0967412028092343,0.3347805869381057,222.90766883006843,264.0402033807711,5012.485470580463,0.08111622383119022,0.012380376042611451,24.335894315392538,28.751196697165523,561.5452725074332,1.022941224848604,0.19329955118076426,399.18548030003367,471.77978760635679,9305.346672833171,0.2681458234241415,0.050670034660646529,286.6651860982548,339.8179876075653,6263.30932397046,0.0,0.0,7.380472730430152,8.827993791830658,125.34161296007922,0.0,0.0,9.506485337823485,11.327128385652584,181.61941569896468,0.0,0.0,197.25949431725224,235.3040877906277,3653.808331330615,0.0,0.0,28.583387555132967,33.979853431759419,582.4201416593779,0.0,0.0,163.77255428894569,196.08755130924824,2683.98993131559,33.528124307070367,22.995970032284214,392.9315413244907,467.07294988188996,8526.498312921514,0.0,0.0,166.0839649734757,199.15489977418103,2581.8237006691795,0.0,21.248245219032968,39.7420683498222,21.0,30.0,0.0,21.580004371952989,46.90377447588355,21.0,30.0,1447.7954181388932,21.699519436589296,38.20643877050847,21.5,30.0,0.0,20.96176664258904,40.06494249203428,16.0,30.0,0.0,18.45964662869032,46.21803370170694,12.0,30.0,0.0,19.54974995135069,45.09867531083927,19.0,30.0,0.0,19.24255704367847,44.43238574890914,10.0,30.0,0.0,20.19553640866738,42.68240655840775,19.7,30.0,0.0,18.15634049022681,47.40520106886976,16.0,30.0,0.0,19.966462294206818,0.0,0.0,0.0,17.711376583744355,0.0,0.0,662.7547915714467,1110.2237337244754,636.4324581104318,642.830014622954,625.3238921409413,740.3728095563249,642.0663335108288,690.0090795906226,637.3698369730789,6723.549420852525,81.72952996792306,81.72952996792306,270.0,0.0,270.0,270.0,21.0,16.0,19.0,16.0,19.7,12.0,21.0,10.0,1.0,0.0,0.0,0.0,1447.7954181388932,0.0,0.0,0.0,0.0,0.0,0.0,0.0,0.0,81.72952996792306,81.72952996792306,0.255,0.5764337265178161,0.27021103051474468,81.72952996792306,0.2656985864579156,0.0,0.009945 
 04/17  19:20:00,9.903333333333335,73.66666666666667,6.046666666666667,0.0,0.0,0.0,0.0,1.0,2.0,0.0,0.0,4.0,0.0,0.0,0.0,570.0,0.0,0.0,0.0,0.0,0.0,0.0,0.0,0.0,0.0,0.0,0.0,21.398865094831913,-825.8121935891828,21.1267491511256,-77.57821487814242,20.974770047806133,-183.41388494142175,20.582849448479285,-2.5369939786912,18.431911288625828,6.921396317834589,19.54258846820862,-14.660338855182085,19.05265211887987,59.55031420665301,19.36438498924634,-49.7508441449732,18.281115994645327,-128.83474357073974,677.0804831189201,536.1760708072116,0.0,0.0,0.0,0.0,0.0,0.0,0.0,0.0,0.0,0.0,0.0,0.0,0.0,0.0,0.0,0.0,0.0,0.0,0.0,0.0,0.0,0.0,1.0507075343523045,0.32072879558983649,265.51146127058396,313.48275841415036,6363.323296917758,0.0738373150647714,0.011269431481192211,24.007232612828348,28.36816157784189,560.8668617972473,1.2028143676636798,0.22728918512163266,346.5798106821998,410.5719398730705,7865.578732446445,0.2547414904027438,0.048137091912838939,187.17637314987156,221.99511130483359,4152.410209551499,0.0,0.0,7.688459962162103,9.190312243583478,132.79218465088355,0.0,0.0,10.321298850619485,12.276991233844799,202.6664371203825,0.0,0.0,191.55991980216516,228.43784813523744,3576.6485885782669,0.0,0.0,23.454577914051027,27.896216610525828,474.8594635822424,0.0,0.0,151.48626196074003,181.32357731647165,2517.7976937962614,33.450781500107748,22.94292283958007,346.8359320481323,412.61022753666489,7678.435979720807,0.0,0.0,152.82555262359967,183.30086962234783,2364.4248701864837,1217.7810925241066,21.804528086156098,38.30019836360409,21.666666666666658,29.99999999999999,0.0,21.566519256599866,46.63913030347083,20.999999999999994,29.99999999999999,711.6246341603601,21.280302330578466,39.511209961300867,21.333333333333326,29.99999999999999,0.0,20.93643153457919,40.32475156165039,15.999999999999993,29.99999999999999,0.0,18.44303154060784,46.478187590465818,11.999999999999995,29.99999999999999,0.0,19.651584439277458,47.15301754847534,18.999999999999994,29.99999999999999,0.0,19.157304384751258,44.86146046875383,9.999999999999997,29.99999999999999,454.3912237099941,19.992173853379787,44.01112312494254,20.033333333333326,29.99999999999999,0.0,18.11060097660678,47.78632279478581,15.999999999999993,29.99999999999999,0.0,19.96196037522035,0.0,0.0,0.0,17.511043949907206,0.0,0.0,655.3129205552849,1092.9592782677513,653.1632688588646,652.6662743523536,634.4903255764159,881.9647607348084,650.3026261744681,737.1574003666447,647.6032489423996,10658.03578940425,80.95749503520496,85.67342963053793,269.9999999999999,0.0,269.9999999999999,269.9999999999999,21.0,16.0,19.0,16.0,19.7,12.0,21.0,10.0,1.0,0.0,1217.7810925241066,0.0,711.6246341603601,0.0,0.0,0.0,454.3912237099941,0.0,7136.885843474752,4282131.506084853,5580228.2166415429,80.95749503520496,85.75352185579513,0.35122952811582505,0.7670343029671992,0.36028137401965945,85.75352185579513,0.35426478194388735,5580228.2166415429,0.30020686726536019 
 04/17  19:30:00,9.745000000000001,74.0,6.0,0.0,0.0,0.0,0.0,1.0,2.0,0.0,0.0,4.0,0.0,0.0,0.0,760.0,0.0,0.0,0.0,0.0,0.0,0.0,0.0,0.0,0.0,0.0,0.0,21.19529876536639,-300.1615858615496,21.112685079640138,-99.08348682805269,20.89019668708154,-494.05550961691099,20.501804076406743,176.35744237685163,18.420099247220464,7.001698905687185,19.569575360092235,-11.558446713040667,19.055230741631818,-27.759966989653095,19.645315530498409,-96.95236812475742,18.22871610801203,-139.68119089732523,629.6535511787147,622.0613983503727,0.0,0.0,0.0,0.0,0.0,0.0,0.0,0.0,0.0,0.0,0.0,0.0,0.0,0.0,0.0,0.0,0.0,0.0,0.0,0.0,0.0,0.0,1.1179339792668995,0.3412496884209095,185.46946269439105,219.91300662781723,4305.116968465697,0.06995573046402766,0.01067700403907626,26.31476028500469,31.086091259520104,622.0293275672789,1.1447776456909076,0.2163223064419705,248.53236115179397,294.648749044605,5727.349518102365,0.2601184679780859,0.049153149655722958,195.69095121414564,232.26343199602014,4359.531650122894,0.0,0.0,7.369149779876458,8.816044730932222,129.4322352233714,0.0,0.0,10.383135397136212,12.357394418386074,208.22379985533625,0.0,0.0,194.70598181727963,232.33009331690324,3692.778514989043,0.0,0.0,31.498404105850129,37.38960218568684,681.535182708642,0.0,0.0,162.3034633083338,194.38665480299188,2727.120123392864,33.39490164000299,22.90459646090741,253.05073621197583,301.5613232490537,5715.028874866962,0.0,0.0,164.88224889022525,197.8140501225023,2610.3707221760625,491.7887168211408,21.426379480508645,39.715508636996037,21.25,30.0,0.0,21.550468724342879,46.710167430861847,21.0,30.0,99.01491581590635,21.24635667406909,39.44968944481348,21.0,30.0,0.0,20.84589485000684,40.775476230977968,16.0,30.0,0.0,18.42925326809763,46.74141037634532,12.0,30.0,0.0,19.70626488278758,48.49552788842111,19.0,30.0,0.0,19.145500993886136,45.0858813486184,10.0,30.0,264.0607572163238,20.532240894793025,42.76536690254435,20.2,30.0,0.0,18.04092608917596,48.314663389880227,16.0,30.0,0.0,19.490915032659104,0.0,0.0,0.0,17.53105948937987,0.0,0.0,685.3721451060317,1095.4546652117074,645.8453645777825,665.0255843238222,644.2735669148329,971.1940397220398,659.3750510922421,746.0616075262916,661.9493133273402,7699.996336951135,82.9134552672283,82.9134552672283,270.0,0.0,270.0,270.0,21.0,16.0,19.0,16.0,19.7,12.0,21.0,10.0,1.0,0.0,491.7887168211408,0.0,99.01491581590635,0.0,0.0,0.0,264.0607572163238,0.0,0.0,0.0,0.0,82.9134552672283,82.9134552672283,0.34,0.7697447381518451,0.36028137401965956,82.9134552672283,0.3542647819438875,0.0,0.010125 
 04/17  19:40:00,9.586666666666666,74.33333333333334,5.953333333333333,0.0,0.0,0.0,0.0,1.0,2.0,0.0,0.0,4.0,0.0,0.0,0.0,760.0,0.0,0.0,0.0,0.0,0.0,0.0,0.0,0.0,0.0,0.0,0.0,21.303933068757546,-75.37984935872604,21.096297692921234,-65.43631315984115,21.34737720431868,-1688.9842782532024,20.628530630852997,465.9765113128194,18.40835469058942,6.817014141645035,19.58604683574889,-19.48195041250883,18.994476252535429,22.08846666405338,19.264853242837064,-49.951186068221449,18.18012528142915,-148.7050850026797,820.919559626235,599.1098653283248,0.0,0.0,0.0,0.0,0.0,0.0,0.0,0.0,0.0,0.0,0.0,0.0,0.0,0.0,0.0,0.0,0.0,0.0,0.0,0.0,0.0,0.0,1.1815368655425483,0.36066448887135196,204.27223648801493,241.71369195614865,4901.15251925353,0.14777062763805863,0.0225535145967733,19.68273951983231,23.265178109484368,473.21431105502816,1.0448346952576975,0.19743663931551365,441.60819201875418,521.9442400055967,10922.947614413633,0.286835244889282,0.05420167136985676,316.81094301250979,375.57120226699626,7308.371427543774,0.0,0.0,7.7936827834268869,9.323418744496644,139.1825991984175,0.0,0.0,10.828134761205544,12.883234392029234,221.37346689327348,0.0,0.0,198.96882218974904,237.48785271646598,3804.196484614395,0.0,0.0,24.559665303482598,29.219696524745119,508.4115326045757,0.0,0.0,162.23838286087406,194.36498587611357,2758.839537881532,33.77271650355091,23.16372874043274,430.7249015176732,512.2862691218488,9811.524775008955,0.0,0.0,164.2422848036986,197.1267124350301,2622.5128510504016,0.0,21.52565218039245,39.798360152761897,21.000000000000008,30.00000000000001,0.0,21.53445619036394,46.97979941200998,21.000000000000008,30.00000000000001,2459.6058271245635,21.966834669571719,37.93922228915222,22.000000000000008,30.00000000000001,0.0,21.119174054018346,40.50115343496914,16.000000000000008,30.00000000000001,0.0,18.415863177454978,47.149548101661569,12.000000000000004,30.00000000000001,0.0,19.742431716073236,49.77235713230655,19.000000000000008,30.00000000000001,0.0,19.062495439092044,45.830618678332218,10.000000000000004,30.00000000000001,1.9182114750236417,19.88415821958629,44.98963652077278,19.700000000000008,30.00000000000001,0.0,17.979959130983344,49.10364934486576,16.000000000000008,30.00000000000001,0.0,20.092435435866184,0.0,0.0,0.0,17.436077289113045,0.0,0.0,705.5585785530268,1109.4771345470136,659.0538605065467,688.515686471083,661.6381803303968,1050.5996846909239,684.8232924596078,770.7877424954179,689.5338629132723,9440.650139512465,81.76258205441433,83.53116235649456,270.0000000000001,0.0,270.0000000000001,270.0000000000001,21.0,16.0,19.0,16.0,19.7,12.0,21.0,10.0,1.0,0.0,0.0,0.0,2459.6058271245635,0.0,0.0,0.0,1.9182114750236417,0.0,2676.4914399084757,1605894.8639450854,2081605.2229488544,81.76258205441433,83.56119872130755,0.34421638133028267,0.7691438985491812,0.36028137401965967,83.56119872130755,0.35426478194388769,2081605.2229488544,0.11845847159334042 
 04/17  19:50:00,9.428333333333333,74.66666666666666,5.906666666666666,0.0,0.0,0.0,0.0,1.0,2.0,0.0,0.0,4.0,0.0,0.0,0.0,760.0,0.0,0.0,0.0,0.0,0.0,0.0,0.0,0.0,0.0,0.0,0.0,21.11183147756106,-152.24884099993847,21.08805787781697,-105.71669081658343,20.928026946557659,-467.46157562458748,20.59108582970348,9.652419815669532,18.395291289429954,5.488011381301341,19.59385860491397,-8.38486114246912,18.9273033642919,-36.41567784875929,19.655199598510188,-119.15586419896045,18.12968049182605,-152.6256031583598,553.5178860451758,632.0424451941246,0.0,0.0,0.0,0.0,0.0,0.0,0.0,0.0,0.0,0.0,0.0,0.0,0.0,0.0,0.0,0.0,0.0,0.0,0.0,0.0,0.0,0.0,1.2127619435433395,0.3701959534625579,142.9834668420853,169.59975321191267,3386.2272755541177,0.07249859078118969,0.011065108483087559,28.980552614700675,34.25602676704583,701.8544385337218,1.1611510029688444,0.21941628929872349,215.3263564725936,255.37353332135732,5139.0672243964249,0.23867881255394675,0.04510181643120685,141.9313063146005,168.37675884988995,3290.9116552165685,0.0,0.0,7.05905044655872,8.444983002108778,128.11508034773267,0.0,0.0,10.931548682280667,13.002478796403086,227.51108509050907,0.0,0.0,187.01006306677798,223.29358489781704,3593.0595192590128,0.0,0.0,35.52169960384028,42.17233008535277,791.9141913120806,0.0,0.0,159.18585288360596,190.73852154570455,2738.314266742914,33.383610483057449,22.89685218316698,215.53569825024264,256.9655697676958,5133.807052725665,0.0,0.0,162.34321231413066,194.87455058473319,2626.499017145038,497.8482032881524,21.303044021310599,40.76085821132166,21.25,30.0,0.0,21.522481945618435,46.77567553398342,21.0,30.0,74.1354251191498,21.246314113853317,39.40199988521209,21.0,30.0,0.0,20.977980973914556,40.6846452283542,16.0,30.0,0.0,18.400548152016986,47.64258951264566,12.0,30.0,0.0,19.766998381066786,51.00103126421553,19.0,30.0,0.0,18.944901715249956,46.63364062354949,10.0,30.0,648.2731501484062,20.539135913778244,43.33513318326349,20.45,30.0,0.0,17.91684957470108,49.82921949991493,16.0,30.0,0.0,19.402413385824958,0.0,0.0,0.0,17.382380699590649,0.0,0.0,730.5712523795155,1097.8356269588692,647.821770135952,681.2839465532095,683.4305697321947,1122.7237241910275,708.7986709494239,779.9716085736582,715.2082139815362,9785.373257818006,81.5346481090628,83.26271882966421,270.0,0.0,270.0,270.0,21.0,16.0,19.0,16.0,19.7,12.0,21.0,10.0,1.0,0.0,497.8482032881524,0.0,74.1354251191498,0.0,0.0,0.0,648.2731501484062,0.0,2615.2475707808905,1569148.542468534,2032742.2409708629,81.5346481090628,83.2920672073011,0.3421749190260297,0.771992323190243,0.36028137401965956,83.2920672073011,0.3542647819438875,2032742.2409708629,0.11582759653048486 
 04/17  20:00:00,9.27,75.0,5.86,0.0,0.0,0.0,0.0,1.0,2.0,0.0,0.0,4.0,0.0,0.0,0.0,760.0,0.0,0.0,0.0,0.0,0.0,0.0,0.0,0.0,0.0,0.0,0.0,21.373362273730657,-460.9651610432786,21.072959576767944,-53.257465554987948,21.34620371426147,-1299.9429743383144,20.640386676010018,432.9204283521576,18.382111291430737,6.402874950550768,19.591423295097039,-27.617846702690359,18.95121682194312,77.90938550788678,19.388217873523318,-69.32888972432349,18.082356739399079,-156.78557071003048,782.9591591374633,638.2715713510843,0.0,0.0,0.0,0.0,0.0,0.0,0.0,0.0,0.0,0.0,0.0,0.0,0.0,0.0,0.0,0.0,0.0,0.0,0.0,0.0,0.0,0.0,1.1742363054558438,0.35843599067638706,168.2148637572222,199.03920043750967,4284.889918240764,0.18184608893853894,0.02775428707853158,14.84727620044126,17.5707604403059,367.31209177280825,1.1393968164430067,0.2153055208698048,358.81097189577226,424.4730634146456,9083.362918315059,0.30679048051684795,0.057972501987310628,317.70019201993787,376.57785292695606,7548.378534578572,0.0,0.0,8.43201254836904,10.086014260418775,155.4993532411955,0.0,0.0,12.560501659565256,14.936334430452183,265.5129863896623,0.0,0.0,206.7282986516397,246.75545747147633,4068.4142176671609,0.0,0.0,26.72253099491838,31.781850787750064,577.4924333848667,0.0,0.0,165.72642108681937,198.60965717262838,2885.420734111254,33.93004635233132,23.271636729994058,363.90370875995606,433.37806692726556,8515.092009392109,0.0,0.0,167.75908733433603,201.41990338833404,2745.992792405703,571.8026729952218,21.910513998660194,38.91145791415868,21.75,30.0,0.0,21.509146518595786,47.490372712625,21.0,30.0,2060.8836485081758,21.95081649320144,38.15244712431203,22.0,30.0,0.0,21.141792237019254,40.813983703621378,16.0,30.0,0.0,18.386156133129128,48.10119778442943,12.0,30.0,0.0,19.770605091230505,51.713040771496398,19.0,30.0,0.0,19.020426390231504,46.67913979892666,10.0,30.0,0.0,20.01877256343054,45.29185540970016,19.7,30.0,0.0,17.859788308682668,50.514651718562927,16.0,30.0,0.0,19.887354939421696,0.0,0.0,0.0,17.31294219348187,0.0,0.0,714.4855398499324,1141.1051336052443,676.5918518578894,715.0742168156987,703.5981735601941,1162.1936346072358,724.4564679240129,808.4232999392438,739.9490640876642,9236.421038282799,81.8976135124779,83.67568025285499,270.0,0.0,270.0,270.0,21.0,16.0,19.0,16.0,19.7,12.0,21.0,10.0,1.0,0.0,571.8026729952218,0.0,2060.8836485081758,0.0,0.0,0.0,0.0,0.0,2690.832950475954,1614499.7702855725,2093081.109891915,81.8976135124779,83.70587772888308,0.34469443168253185,0.7676472137627937,0.36028137401965956,83.70587772888308,0.3542647819438875,2093081.109891915,0.11887521771437959 
 04/17  20:10:00,9.076666666666667,74.66666666666667,5.801666666666667,0.0,0.0,0.0,0.0,0.0,2.0,0.0,0.0,4.0,0.0,0.0,0.0,761.0,0.0,0.0,0.0,0.0,0.0,0.0,0.0,0.0,0.0,0.0,0.0,21.137202337714535,-199.26182340146102,21.06736429458992,-109.69134957446696,20.95117965610769,-512.0504289363696,20.584860342005397,6.742054057450673,18.369295945704346,6.114218606662746,19.67654508649509,-12.062390968118678,18.928019249205584,-52.56286171688748,19.06499608482681,-34.30348449538471,18.036886275295406,-158.68569799652597,648.7354942490288,615.1704358785221,0.0,0.0,0.0,0.0,0.0,0.0,0.0,0.0,0.0,0.0,0.0,0.0,0.0,0.0,0.0,0.0,0.0,0.0,0.0,0.0,0.0,0.0,1.2729091037539618,0.38855589247678937,149.11379919046167,176.78533622826627,3659.7461368067577,0.09097720066937201,0.01388540913757204,29.31237262559837,34.65052641697872,729.8508850844492,1.2359306336805505,0.23354698293283278,222.6447145882823,264.00248926824016,5462.444785861265,0.2547600286115045,0.04814059497571891,142.570229113124,169.126748025095,3406.638758802565,0.0,0.0,7.140756857900982,8.543589924762428,134.29131192517418,0.0,0.0,11.4461005591336,13.607644036392843,248.954225555157,0.0,0.0,196.0794340279539,234.11761291784434,3910.755691237321,0.0,0.0,20.235755975837038,24.113261917981089,423.6501431219712,0.0,0.0,161.10108693802304,193.10675096725388,2851.4195498273359,33.50159592198246,22.977774980783587,219.72420340046774,262.06289981939877,5326.841518193945,0.0,0.0,162.79766578304985,195.55381565703056,2688.8634244666329,466.74278709016599,21.355755119120155,40.77617911790347,21.25,30.0,0.0,21.501118155000165,47.58008519666619,21.0,30.0,102.64180239857251,21.24887795435248,39.60212194105907,21.0,30.0,0.0,20.97788974385332,40.8942055260414,16.0,30.0,0.0,18.37256882493755,48.51101577866758,12.0,30.0,0.0,19.884845639420314,52.02487576715359,19.0,30.0,0.0,18.955644180958318,47.11095257793794,10.0,30.0,0.0,19.470204404302497,46.40914820916398,12.0,30.0,0.0,17.80702132120245,50.7979760125645,16.0,30.0,0.0,19.320635538271586,0.0,0.0,0.0,17.191380946442416,0.0,0.0,748.947952200987,1150.2708567580046,670.9773660655465,702.13240884663,722.2736949857305,1199.188979353381,738.8685353217404,782.4145350044192,746.9375499859259,4475.429815408243,82.56620831376985,82.56620831376985,570.0,0.0,570.0,570.0,21.0,16.0,19.0,16.0,12.0,12.0,21.0,10.0,1.0,0.0,466.74278709016599,0.0,102.64180239857251,0.0,0.0,0.0,0.0,0.0,0.0,0.0,0.0,82.56620831376985,82.56620831376985,0.17,0.3465299412057853,0.18014068700982978,82.56620831376985,0.17713239097194376,0.0,0.020995 
 04/17  20:20:00,8.883333333333333,74.33333333333334,5.743333333333334,0.0,0.0,0.0,0.0,0.0,2.0,0.0,0.0,4.0,0.0,0.0,0.0,764.0,0.0,0.0,0.0,0.0,0.0,0.0,0.0,0.0,0.0,0.0,0.0,21.375197033432508,-470.6442137514689,21.051285273002159,-52.80097868840953,21.362488485027276,-1340.7993492874735,20.630777685772708,434.4465932246112,18.355859565390973,6.324134070399509,19.76859890290806,-35.69069546148506,18.924301617645438,66.59247516282585,18.831116624090538,-16.71912024266659,17.983818845114308,-174.95221367462205,805.2827192867421,650.2072864999479,0.0,0.0,0.0,0.0,0.0,0.0,0.0,0.0,0.0,0.0,0.0,0.0,0.0,0.0,0.0,0.0,0.0,0.0,0.0,0.0,0.0,0.0,1.2471210309492058,0.3806840753813205,170.28572057178818,201.50796059394293,4471.15460196585,0.1976399058202718,0.030164820790639779,14.924416028674232,17.665006749771949,380.65475385959118,1.2067185413692155,0.22802693525495389,360.38001635005608,426.36586422845348,9407.608184349028,0.3188896638041391,0.06025881780123563,318.78613774645239,377.90154302086509,7819.638485832684,0.0,0.0,8.428181041907307,10.082561043417276,161.56553639907788,0.0,0.0,12.889483655860503,15.314738381246463,288.72610084851689,0.0,0.0,212.12031702269733,253.23823349393383,4325.710278104507,0.0,0.0,14.454343287162198,17.24686935702757,297.62402494796387,0.0,0.0,166.16076929165889,199.22434153726548,2983.811736714738,34.04174311924983,23.34824630949921,365.2098785101234,435.0288349635832,8829.45572128629,0.0,0.0,166.91951658293508,200.55428122129033,2801.3844260230036,586.389916593712,21.90796483728816,39.05589408659573,21.75,30.0,0.0,21.487092159039098,47.93856249415671,21.0,30.0,2096.314351398971,21.953597948864638,38.224538396212498,22.0,30.0,0.0,21.13794538042099,40.99090202660544,16.0,30.0,0.0,18.35822753590975,48.87029537990203,12.0,30.0,0.0,20.01885117452965,52.01705359879181,19.0,30.0,0.0,18.9853454807477,47.08141301288194,10.0,30.0,0.0,19.092897164139396,47.1261309542181,12.0,30.0,0.0,17.73879334063148,51.2476173990519,16.0,30.0,0.0,19.850717009566748,0.0,0.0,0.0,17.12400975715068,0.0,0.0,736.9395490469541,1175.627905783515,698.2657033504927,738.0930974487103,738.9642425526085,1221.469087054088,746.4540393556288,761.9837626762154,760.025239327518,8782.06189825852,82.19805126856449,82.19805126856449,570.0,0.0,570.0,570.0,21.0,16.0,19.0,16.0,12.0,12.0,21.0,10.0,1.0,0.0,586.389916593712,0.0,2096.314351398971,0.0,0.0,0.0,0.0,0.0,0.0,0.0,0.0,82.19805126856449,82.19805126856449,0.34,0.7710330699419112,0.36028137401965956,82.19805126856449,0.3542647819438875,0.0,0.021121666666666668 
 04/17  20:30:00,8.69,74.0,5.6850000000000009,0.0,0.0,0.0,0.0,0.0,2.0,0.0,0.0,4.0,0.0,0.0,0.0,765.0,0.0,0.0,0.0,0.0,0.0,0.0,0.0,0.0,0.0,0.0,0.0,21.14702632248769,-225.73314254797072,21.045238576731085,-112.26999618513736,20.95008271013956,-487.1887719118856,20.570628179328826,-0.649222055846451,18.34244675907948,6.429055597145002,19.83440625970735,-18.278770181970729,18.888492783461943,-62.170859975810348,18.6668859139265,-10.163194291365173,17.93617535879278,-168.93837450453749,659.5572247787583,640.1602496578673,0.0,0.0,0.0,0.0,0.0,0.0,0.0,0.0,0.0,0.0,0.0,0.0,0.0,0.0,0.0,0.0,0.0,0.0,0.0,0.0,0.0,0.0,1.326595132407931,0.40494356911109016,148.83511612492607,176.4962154385754,3765.2016709257875,0.10767430315984414,0.016433806953578168,29.746190377157605,35.16871867413086,762.8318189552426,1.2840616778030665,0.24264204040118426,212.78439951867916,252.39033327687685,5386.63697074477,0.2643301269143495,0.0499490035741401,124.67195346456106,147.94492216143716,3076.0713826938765,0.0,0.0,7.16370390700869,8.572156477269547,139.93408454919965,0.0,0.0,12.227822395450297,14.525185531315192,280.9731506015726,0.0,0.0,200.23595479312835,239.14729726208325,4128.180868466389,0.0,0.0,11.656059748275848,13.921016001408047,239.11366041959745,0.0,0.0,161.958614162345,194.23254545124804,2954.699534274618,33.580488553021329,23.03188515296388,214.6965875979184,256.17078459300998,5383.987027752502,0.0,0.0,162.7448263053996,195.61759377350848,2763.274269850603,499.5739266584332,21.351191286596057,40.7154811647673,21.25,30.0,0.0,21.477557698296235,47.75977256944812,21.0,30.0,70.60948806252165,21.237510791574594,39.583962647806739,21.0,30.0,0.0,20.966033335899579,41.061820748327679,16.0,30.0,0.0,18.34423790137938,49.15225713892208,12.0,30.0,0.0,20.117424742735687,52.12922853231931,19.0,30.0,0.0,18.899390991383613,47.4094397556226,10.0,30.0,0.0,18.849627227601425,47.72718524918,12.0,30.0,0.0,17.684547899761733,51.3783702120426,16.0,30.0,0.0,19.211912581646926,0.0,0.0,0.0,17.027379927519364,0.0,0.0,764.8703661200264,1173.573245270384,690.9517868981468,727.3262867510417,753.0844694624274,1243.5046314548814,755.9243772907587,757.8959231817245,763.035904725317,5031.102674592292,81.57985380133533,83.28894558099896,570.0,0.0,570.0,570.0,21.0,16.0,19.0,16.0,12.0,12.0,21.0,10.0,1.0,0.0,499.5739266584332,0.0,70.60948806252165,0.0,0.0,0.0,0.0,0.0,2586.553534875642,1551932.1209253853,2010444.0481115552,81.57985380133533,83.31797163321298,0.1712184511625214,0.3475527546280612,0.18014068700982978,83.31797163321298,0.17713239097194376,2010444.0481115552,0.1257914238351342 
 04/17  20:40:00,8.496666666666667,73.66666666666667,5.626666666666667,0.0,0.0,0.0,0.0,0.0,2.0,0.0,0.0,4.0,0.0,0.0,0.0,960.0,0.0,0.0,0.0,0.0,0.0,0.0,0.0,0.0,0.0,0.0,0.0,21.285893154820806,-498.88228911368216,21.021670985960058,-73.89353045566105,21.358317253461537,-1036.380126088677,20.561086806089464,340.7459408868736,18.32817547590046,5.911908583120374,19.884026526747296,-37.193649863475247,18.874839713236999,40.4091271925181,18.54601099737567,-8.586142203101975,17.888053781145805,-180.9014737383088,773.0926193911978,664.728745366128,0.0,0.0,0.0,0.0,0.0,0.0,0.0,0.0,0.0,0.0,0.0,0.0,0.0,0.0,0.0,0.0,0.0,0.0,0.0,0.0,0.0,0.0,1.297329167759048,0.3960101244685738,177.77533240131846,210.4701019647068,4723.820259233481,0.18724069692286708,0.028577639945492535,18.296959456371185,21.65037185800338,478.4198596342394,1.2827867526226185,0.24240112483420613,299.8043103342131,354.79550382219539,7969.101249725683,0.31095628082323509,0.058759690253823698,267.9631004629874,317.8404183045229,6731.536432737698,0.0,0.0,8.09641689107759,9.69060896359696,161.07416465991776,0.0,0.0,12.607671013028284,14.976907747345456,296.2504187276926,0.0,0.0,209.1329981122164,249.8145203146724,4399.042474143482,0.0,0.0,10.296117449910235,12.313152767792971,211.99694967817607,0.0,0.0,163.1821327751444,195.78023284691484,3022.3940566778326,33.97413157934203,23.30187351120853,298.2288048197678,355.36972129398478,7504.640479622678,0.0,0.0,163.7987638285799,196.9809875454584,2818.4972307584478,475.2356398960523,21.67828272269485,39.161225915947429,21.6,30.0,0.0,21.44945303312729,47.58344579907217,21.0,30.0,1415.034882632337,21.744661388709493,38.31305739841448,21.4,30.0,0.0,21.019098427928286,40.44240896264416,16.0,30.0,0.0,18.32891427120972,49.36131168048829,12.000000000000002,30.0,0.0,20.185344734423795,52.175218308416848,19.0,30.0,0.0,18.91293982349731,47.243093112747278,10.0,30.0,0.0,18.681648823732048,48.195419990349979,12.000000000000002,30.0,0.0,17.62711389266343,51.60166320174249,16.0,30.0,0.0,19.629584383491584,0.0,0.0,0.0,16.943136448604663,0.0,0.0,732.7206889028582,1170.16080886782,698.1530946086966,713.6974503081851,764.1983574731253,1257.4934617821432,756.2637554126113,758.9261733168271,769.1330915703833,5863.732584783838,81.26672730172663,82.70121454349945,570.0,0.0,570.0,570.0,21.0,16.0,19.0,16.0,12.0,12.0,21.0,10.0,1.0,0.0,475.2356398960523,0.0,1415.034882632337,0.0,0.0,0.0,0.0,0.0,2170.858798845247,1302515.2793071483,1686460.3111904206,81.26672730172663,82.72557689903559,0.20836195996150826,0.4617708019605937,0.21616882441179575,82.72557689903559,0.21255886916633252,1686460.3111904206,0.10907093618190188 
 04/17  20:50:00,8.303333333333333,73.33333333333333,5.568333333333333,0.0,0.0,0.0,0.0,0.0,2.0,0.0,0.0,4.0,0.0,0.0,0.0,386.0,0.0,0.0,0.0,0.0,0.0,0.0,0.0,0.0,0.0,0.0,0.0,20.793908760374039,-113.66057985300381,21.015450983460128,-94.20377366681828,21.172894984104205,-563.1699789018867,20.552178617659629,112.74330827966125,18.312802788422944,6.5592605380334849,19.92151479207127,-28.133812109345827,18.838977492283158,-37.20572071379547,18.438567243305195,-8.969352326684686,17.8367504483921,-174.2853430561113,555.3832615142626,697.1501628639103,0.0,0.0,0.0,0.0,0.0,0.0,0.0,0.0,0.0,0.0,0.0,0.0,0.0,0.0,0.0,0.0,0.0,0.0,0.0,0.0,0.0,0.0,1.3452213951307326,0.4106292414928976,92.08089795963008,109.01522326907298,2367.9992344823788,0.14555592528942677,0.02221549531279407,25.521563049396279,30.112282216871859,674.1633136931941,1.3162284982739015,0.24872042673354156,165.8645645878273,196.56217067107478,4351.957326045098,0.28500818030431226,0.053856421070353769,142.91504359165223,169.6445199276281,3658.6048655703655,0.0,0.0,7.384932224115239,8.828491018203433,149.60119791837333,0.0,0.0,12.353278083190619,14.644853157610573,296.4851865976148,0.0,0.0,206.82463100571813,246.7728735127356,4405.005253949155,0.0,0.0,8.670047118994061,10.35658500499766,179.3961588272698,0.0,0.0,165.69956584723043,198.55387578895609,3114.8635539833087,33.727838712454829,23.132948362451875,167.52494180868659,199.9043017429085,4447.2262559331079,0.0,0.0,167.12164024656748,200.70829976862624,2930.8661222388216,83.73499986701711,20.957435568958397,41.50376549311356,21.0,30.0,0.0,21.443994739033536,47.581914420950479,21.0,30.0,1186.1751286106278,21.566795062193557,38.41199872992165,21.5,30.0,0.0,20.97840705956567,40.71968220085317,16.0,30.0,0.0,18.312030015671249,49.494869682555378,12.0,30.0,0.0,20.240548838895717,52.17200767762858,19.0,30.0,0.0,18.845107429375149,47.51492779057523,10.0,30.0,0.0,18.533062925854844,48.62046926280046,12.0,30.0,0.0,17.565646558777723,51.73825894230791,16.0,30.0,0.0,18.94853958482433,0.0,0.0,0.0,16.909769746926963,0.0,0.0,769.2214252340252,1178.7612962493629,687.0673186395899,726.9992339105493,772.3627677756128,1267.8075663644104,762.3587531073187,760.982878792028,770.314852177506,9162.949278024702,81.94616708511143,85.32821030105109,570.0,0.0,570.0,570.0,21.0,16.0,19.0,16.0,12.0,12.0,21.0,10.0,1.0,0.0,83.73499986701711,0.0,1186.1751286106278,0.0,0.0,0.0,0.0,0.0,5118.465737191233,3071079.4423147395,3988746.494425043,81.94616708511143,85.3856486224707,0.3406155245730411,0.7686625307712043,0.36028137401965956,85.3856486224707,0.3542647819438875,3988746.494425043,0.2285364843767689 
 04/17  21:00:00,8.11,73.0,5.51,0.0,0.0,0.0,0.0,0.0,2.0,0.0,0.0,4.0,0.0,0.0,0.0,1158.0,0.0,0.0,0.0,0.0,0.0,0.0,0.0,0.0,0.0,0.0,0.0,21.37662403515923,-1134.2110245342167,20.996957690126615,-80.40389012715534,21.292470380935098,-234.87844281983232,20.470557836225347,189.42455803847413,18.298443542748143,5.379613394191373,19.94532717102201,-44.061170995444019,18.821475604503094,62.588254388533858,18.359065050079218,-19.829929740931648,17.79356599593956,-183.13339208851046,752.4765832510507,702.5520159210722,0.0,0.0,0.0,0.0,0.0,0.0,0.0,0.0,0.0,0.0,0.0,0.0,0.0,0.0,0.0,0.0,0.0,0.0,0.0,0.0,0.0,0.0,1.2555712200189522,0.3832634981742828,265.34227936219477,313.91176515883316,7301.682645802239,0.17856377577266822,0.027253323530626984,18.917143282571979,22.404145125609426,508.0331895261737,1.6989238333004698,0.3210362496788488,254.03193827893376,301.1748402590061,6796.766064377025,0.3148984981474465,0.059504629279562747,242.20431505741937,287.53322023914009,6191.732268069023,0.0,0.0,8.138051014229588,9.743137050831063,167.77532301303058,0.0,0.0,12.593742828120228,14.961357933811878,307.7723098892868,0.0,0.0,213.19386110129606,254.78232710468797,4627.391236142159,0.0,0.0,10.177739675506493,12.176994453515326,212.4644860954673,0.0,0.0,164.0633402822124,196.96854701271278,3132.5161056712588,33.91625709175299,23.26217907527638,264.2896982147483,315.39565862433389,6808.768899174447,0.0,0.0,167.9257723380569,202.08097055917154,2981.5600328505927,1477.414497804854,21.833361056192009,37.93325255880567,21.833333333333305,29.999999999999959,0.0,21.422842957917405,47.23423693083401,20.99999999999997,29.999999999999959,0.0,21.40850392698116,38.735941120173269,20.99999999999997,29.999999999999959,0.0,20.861631656403398,40.4360545514676,15.999999999999977,29.999999999999959,0.0,18.29775562241509,49.55950508825515,11.999999999999983,29.999999999999959,0.0,20.27043416970336,52.17284708168301,18.99999999999997,29.999999999999959,0.0,18.854506856278375,47.09192243250268,9.999999999999986,29.999999999999959,0.0,18.434759957879615,48.918635888108408,11.999999999999983,29.999999999999959,0.0,17.518631854552738,51.83654767456845,15.999999999999977,29.999999999999959,0.0,19.445616510685697,0.0,0.0,0.0,16.821645453537369,0.0,0.0,710.0039347836619,1165.70905192478,699.4139830159327,712.7383798281653,777.1054936732925,1274.2736805456244,755.2331107654466,764.031190879063,774.0233450070425,7700.58424484712,82.04770736512987,83.19596463826693,569.9999999999992,0.0,569.9999999999992,569.9999999999992,21.0,16.0,19.0,16.0,12.0,12.0,21.0,10.0,1.0,0.0,1477.414497804854,0.0,0.0,0.0,0.0,0.0,0.0,0.0,1737.7685556176164,1042661.1333705712,1350392.6786339244,82.04770736512987,83.21546585871733,0.2845922851872536,0.6400056421006896,0.30023447834971586,83.21546585871733,0.29522065161990587,1350392.6786339244,0.09108875262229739 
 04/17  21:10:00,7.959999999999999,73.33333333333334,5.37,0.0,0.0,0.0,0.0,0.0,2.0,0.0,0.0,4.0,0.0,0.0,0.0,388.0,0.0,0.0,0.0,0.0,0.0,0.0,0.0,0.0,0.0,0.0,0.0,21.079114891576226,-519.4579673582921,20.985437379393369,-111.4137200316506,20.928232205310964,-581.4726789397482,20.435769583182834,163.55412183515319,18.281998932447466,7.505192257851235,19.963632904967299,-29.872722425511229,18.807907963749213,-61.43829794467683,18.262640783455404,-25.37521232570623,17.74591327441281,-180.1688739650981,761.4968905272071,758.4190592804771,0.0,0.0,0.0,0.0,0.0,0.0,0.0,0.0,0.0,0.0,0.0,0.0,0.0,0.0,0.0,0.0,0.0,0.0,0.0,0.0,0.0,0.0,1.3736038834092773,0.4192930047036866,238.78508431875683,282.6625404850362,6416.03659662063,0.13876586619254017,0.021179161506797954,27.760163595113494,32.763219676036147,749.8812113928924,1.5575007580354253,0.2943123125539353,297.1743785712363,351.81979233348326,7860.688468071975,0.2968185778101816,0.05608816663079772,219.46551458804326,260.2865026769631,5658.1444720898439,0.0,0.0,7.306568775517576,8.737792388401238,152.64439718211367,0.0,0.0,12.630032498465468,14.972191100592209,313.2385917760438,0.0,0.0,211.43704952788989,252.3614094990539,4634.462848704382,0.0,0.0,10.91543568174166,13.046210414204559,228.44635597486769,0.0,0.0,168.6292525467132,202.16572575534929,3253.6038690025709,33.564547713941887,23.02095179282709,302.5823386409368,360.17551803128796,7839.186247118636,0.0,0.0,174.89886267822073,210.15340722331337,3155.6140359109178,836.5240891130732,21.360712492285044,39.37948827654897,21.5,30.0,0.0,21.406314991515658,47.115829981556448,21.0,30.0,505.3638412671135,21.137910740168679,39.13349755506303,21.0,30.0,0.0,20.809745785818945,40.513646176227158,16.0,30.0,0.0,18.280175436546118,49.5112328572807,12.0,30.0,0.0,20.296976087918524,52.00562114194551,19.0,30.0,0.0,18.8062010835068,47.14103980066692,10.0,30.0,0.0,18.301146169435257,49.28087754391735,12.0,30.0,0.0,17.462870076028403,51.80182681343993,16.0,30.0,0.0,19.537881323652635,0.0,0.0,0.0,16.81041842973311,0.0,0.0,730.4835033206251,1168.4041122634995,693.1621929874036,716.1999450669051,778.9187234371597,1273.7982871386333,754.4818546574538,768.0204154865362,771.3808536931326,9278.607012101555,81.86977036858578,81.86977036858578,570.0,0.0,570.0,570.0,21.0,16.0,19.0,16.0,12.0,12.0,21.0,10.0,1.0,0.0,836.5240891130732,0.0,505.3638412671135,0.0,0.0,0.0,0.0,0.0,0.0,0.0,0.0,81.86977036858578,81.86977036858578,0.34,0.7716272364563716,0.36028137401965956,81.86977036858578,0.3542647819438875,0.0,0.020614999999999999 
 04/17  21:20:00,7.8100000000000009,73.66666666666667,5.23,0.0,0.0,0.0,0.0,0.0,2.0,0.0,0.0,4.0,0.0,0.0,0.0,776.0,0.0,0.0,0.0,0.0,0.0,0.0,0.0,0.0,0.0,0.0,0.0,21.241693632732117,-133.57758708140683,20.969447914787844,-73.80689074498875,21.434594082653683,-1499.2341435359873,20.527230634483034,396.30115062146776,18.26779231811814,5.788740244979721,19.981568498925353,-37.986019290748718,18.737200584641394,8.724147928389357,18.190305640547828,-28.107557758155637,17.704483493620147,-187.85854450605349,794.1567861187482,722.9036882237879,0.0,0.0,0.0,0.0,0.0,0.0,0.0,0.0,0.0,0.0,0.0,0.0,0.0,0.0,0.0,0.0,0.0,0.0,0.0,0.0,0.0,0.0,1.3960957053717152,0.4261586402233563,182.94381654272645,216.9198307175425,5025.018831867681,0.19623586036898395,0.029950528139344316,21.139026568428805,25.02503764838901,579.129650104997,1.5131175081751523,0.2859254550595527,353.4910325048032,418.3600813147861,9926.392743478056,0.31324118189486546,0.059191455384517258,269.07492342019739,319.23973558188239,7138.49084359115,0.0,0.0,7.671231035163424,9.183797513972725,162.3657528956942,0.0,0.0,12.891974692409195,15.306904404797202,324.16537371738039,0.0,0.0,207.88868944430534,248.53661113855424,4580.284162492992,0.0,0.0,10.97275926342142,13.13836409573672,231.08132786432896,0.0,0.0,161.55814714147369,193.99876672803144,3152.108836038281,33.60664558271456,23.049825502547724,347.03248770230899,413.4374268700742,9217.528842781876,0.0,0.0,168.13154717597193,202.41478949002787,3036.6945324751766,0.0,21.411386373068369,39.027416224576388,21.0,30.0,0.0,21.387247380963065,46.522072680051618,21.0,30.0,1919.337929944164,21.805241855337767,37.47593326339322,21.5,30.0,0.0,21.017877561546407,39.56768821300258,16.0,30.0,0.0,18.266323920612466,49.606662395949587,12.0,30.0,0.0,20.32159185245135,52.084862107921207,19.0,30.0,0.0,18.712254757855694,47.22578117750404,10.0,30.0,0.0,18.212756538477973,49.459336277094539,12.0,30.0,0.0,17.419086799493348,51.7475055968634,16.0,30.0,0.0,19.62869411737331,0.0,0.0,0.0,16.666821827491668,0.0,0.0,728.0245092136662,1141.5127409373352,696.0715370895816,705.1928413957345,786.4842992176942,1286.1002849044297,754.6523003093455,769.0501027626245,770.0157430472325,4763.729160516741,81.05375007699445,82.74684248669539,570.0,0.0,570.0,570.0,21.0,16.0,19.0,16.0,12.0,12.0,21.0,10.0,1.0,0.0,0.0,0.0,1919.337929944164,0.0,0.0,0.0,0.0,0.0,2562.363784511492,1537418.2707068953,1994635.8952942808,81.05375007699445,82.77559681649318,0.1704121261503831,0.38567464044079027,0.18014068700982978,82.77559681649318,0.17713239097194376,1994635.8952942808,0.12338606655530259 
 04/17  21:30:00,7.66,74.0,5.09,0.0,0.0,0.0,0.0,0.0,2.0,0.0,0.0,4.0,0.0,0.0,0.0,390.0,0.0,0.0,0.0,0.0,0.0,0.0,0.0,0.0,0.0,0.0,0.0,21.2790080598162,-530.4284739883437,20.970841149881787,-82.45126540114205,21.099971638329924,-770.3152882400436,20.47673905645926,-2.3482724334198794,18.25014099072055,6.283428778015292,19.992085936047503,-35.369099428127189,18.723362219000948,-22.415461495908404,18.113117459625138,-32.90403568450111,17.651864507706529,-193.04766282538595,851.0541642592898,758.6827306747937,0.0,0.0,0.0,0.0,0.0,0.0,0.0,0.0,0.0,0.0,0.0,0.0,0.0,0.0,0.0,0.0,0.0,0.0,0.0,0.0,0.0,0.0,1.3801557335263986,0.42129295895189219,209.55310620359428,247.5771976072015,5929.317351926313,0.16353442607343067,0.024959466738924096,25.065459457788849,29.606357171779459,693.0744026000365,1.8861267075933815,0.35641094247796337,386.0020506441001,456.95842370803339,10625.260063616564,0.28759142887796076,0.05434456328003792,228.42305294904055,270.9270810876284,6073.89046641156,0.0,0.0,7.507986449616681,8.978887733661662,160.94210700512583,0.0,0.0,13.100238140433575,15.53046413762369,333.83866759966119,0.0,0.0,209.9995820672193,250.77039964534368,4686.576920504815,0.0,0.0,12.725394297018865,15.22127497591575,269.3891043854626,0.0,0.0,162.77014065039197,195.25883597204098,3205.3061558967167,33.29496744370249,22.836054488136147,374.8981820359176,446.19969881047606,9942.915641724023,0.0,0.0,171.08260904317633,205.7674375103515,3117.739858636388,912.536717241536,21.645221138387563,38.34829231455471,21.5,30.0,0.0,21.395580577898405,46.529350266396637,21.0,30.0,1253.986262910227,21.36366373433703,38.49169019196438,21.5,30.0,0.0,20.87501938360918,39.74163668310649,16.0,30.0,0.0,18.246687176680639,49.59647915274229,12.0,30.0,0.0,20.33706339366919,51.895041320433389,19.0,30.0,0.0,18.700329662295169,47.23836520217443,10.0,30.0,0.0,18.112041238221566,49.64043150970693,12.0,30.0,0.0,17.354077355391483,51.8573533579101,16.0,30.0,0.0,19.787592363463064,0.0,0.0,0.0,16.59220799112362,0.0,0.0,726.4040097548738,1152.6298845276115,699.289252879665,703.2383385610712,790.0344771259913,1284.0418724475188,757.6874541026144,770.4364594276135,771.2997207010898,8919.961938249016,82.10683018995933,82.10683018995933,570.0,0.0,570.0,570.0,21.0,16.0,19.0,16.0,12.0,12.0,21.0,10.0,1.0,0.0,912.536717241536,0.0,1253.986262910227,0.0,0.0,0.0,0.0,0.0,0.0,0.0,0.0,82.10683018995933,82.10683018995933,0.34,0.7684922779416388,0.36028137401965956,82.10683018995933,0.3542647819438875,0.0,0.018715 
 04/17  21:40:00,7.51,74.33333333333334,4.95,0.0,0.0,0.0,0.0,0.0,2.0,0.0,0.0,4.0,0.0,0.0,0.0,390.0,0.0,0.0,0.0,0.0,0.0,0.0,0.0,0.0,0.0,0.0,0.0,20.88372214237125,-245.3863304924605,20.96685632370098,-80.81989218989782,20.918042069381057,-555.371613761904,20.433328035492165,303.77164799007826,18.23444833658096,7.379914057666866,19.996601078946619,-41.38807189079424,18.70461259157276,-23.191395297314558,18.036423756498754,-42.566009335295778,17.599580413256704,-190.18123335949168,773.3350721683319,855.5211684934616,0.0,0.0,0.0,0.0,0.0,0.0,0.0,0.0,0.0,0.0,0.0,0.0,0.0,0.0,0.0,0.0,0.0,0.0,0.0,0.0,0.0,0.0,1.4010414633617996,0.42766833435952369,103.07529713565475,122.21363780236762,2843.6818420060446,0.1814954159141099,0.02770076555465658,22.982986116052229,27.142004761596576,643.2551040942969,1.907473873388368,0.3604447984482934,234.90823216431228,278.3923754136699,6458.723173733148,0.3112645034880542,0.05881793338776532,234.7022082588211,278.44581338168339,6294.289037856692,0.0,0.0,7.77779933269095,9.304308194791095,168.86305607069617,0.0,0.0,12.90869851389466,15.303808081746884,332.99484900553446,0.0,0.0,228.2705980692631,272.687181821785,5155.492220628261,0.0,0.0,16.486947443869814,19.740075052662179,350.8990323579679,0.0,0.0,175.61798682781694,210.76412219525595,3490.225163272772,33.33437688252894,22.863084281569927,233.66025596091226,278.5543403291831,6418.144223561734,0.0,0.0,187.8576210362202,225.97269935659257,3497.9504466637947,54.360493501257419,21.092571985700585,40.124767626811749,21.0,30.0,0.0,21.393889610034905,46.45253143282383,21.0,30.0,150.86926850071209,21.122839037795538,38.62581252115116,21.0,30.0,0.0,20.8722891408469,39.16862843055843,16.0,30.0,0.0,18.23134886387511,49.47772973429274,12.0,30.0,0.0,20.34193373419626,51.69464303360165,19.0,30.0,0.0,18.67813519567577,46.95070699840882,10.0,30.0,0.0,18.010715241608645,49.76530215977601,12.0,30.0,0.0,17.290966553658039,51.78559701615079,16.0,30.0,0.0,19.419501609549486,0.0,0.0,0.0,16.636361519501649,0.0,0.0,762.5978381333907,1156.3284904471207,689.4149414245376,686.6758200856946,789.9166832504149,1280.2105488297014,753.0362811743813,771.7384812621403,770.1880096771629,4191.628722051747,81.57637174563134,81.57637174563134,570.0,0.0,570.0,570.0,21.0,16.0,19.0,16.0,12.0,12.0,21.0,10.0,1.0,0.0,54.360493501257419,0.0,150.86926850071209,0.0,0.0,0.0,0.0,0.0,0.0,0.0,0.0,81.57637174563134,81.57637174563134,0.17,0.3100642527201189,0.18014068700982978,81.57637174563134,0.17713239097194376,0.0,0.017765000000000004 
 04/17  21:50:00,7.36,74.66666666666666,4.81,0.0,0.0,0.0,0.0,0.0,2.0,0.0,0.0,4.0,0.0,0.0,0.0,784.0,0.0,0.0,0.0,0.0,0.0,0.0,0.0,0.0,0.0,0.0,0.0,21.304678081076703,-555.3022041575825,20.962535074908329,-58.957876365193317,21.446737242750289,-1171.6836503443415,20.510899734183377,398.41867684892056,18.217689064825266,4.935724626880827,19.996197880083785,-53.42298466821555,18.6923554689442,40.58897388515402,17.978560550103155,-40.5262581140545,17.564322597408649,-202.92631149325963,809.1618025296505,814.5705437003044,0.0,0.0,0.0,0.0,0.0,0.0,0.0,0.0,0.0,0.0,0.0,0.0,0.0,0.0,0.0,0.0,0.0,0.0,0.0,0.0,0.0,0.0,1.3800396962429345,0.4212575385356943,184.4856335471231,218.2896254814429,5332.91782374722,0.21830676147857415,0.03331910278977017,15.54697891494275,18.422213579515757,442.2414460366217,1.8929297403935153,0.357696473997263,308.5708922366751,365.1831020815283,8992.438377949207,0.33681239451684227,0.06364557719517047,286.1857000594142,339.5583634394006,7850.833958937359,0.0,0.0,8.231531318202162,9.857894129758903,180.91240705681575,0.0,0.0,13.377728117555212,15.887950201488783,349.0277682298827,0.0,0.0,223.8962616863924,267.74522428457228,5130.033108891576,0.0,0.0,15.604497863816935,18.70474614611148,334.8043301724928,0.0,0.0,168.05095204382639,201.9570263200365,3380.168899056867,33.31822106574045,22.85200347444476,309.2381085602371,368.67221923374935,8495.596028218011,0.0,0.0,178.98719959231114,215.6718181154268,3332.575476210136,863.5643086979907,21.772673471090429,37.565283510267388,21.75,30.0,0.0,21.393358544623469,46.82909779893478,21.0,30.0,1774.2516660613854,21.88684043501555,36.65663258591708,21.5,30.0,0.0,21.014526859673148,38.85758033377874,16.0,30.0,0.0,18.214141397528896,49.35901171770137,12.0,30.0,0.0,20.340763207362146,51.421117049189337,19.0,30.0,0.0,18.692596376509735,46.81614703020974,10.0,30.0,0.0,17.947254325231673,49.76717452623508,12.0,30.0,0.0,17.25950037652919,51.69376778876649,16.0,30.0,0.0,19.576034015668,0.0,0.0,0.0,16.48289164083386,0.0,0.0,720.5089928788634,1185.3381736278428,689.0691802529742,695.5788946232482,788.5259140841523,1270.843647637471,757.4571032860099,770.7127983335249,769.7163155597561,6940.764610818216,82.27307458317248,84.01911204882585,570.0,0.0,570.0,570.0,21.0,16.0,19.0,16.0,12.0,12.0,21.0,10.0,1.0,0.0,863.5643086979907,0.0,1774.2516660613854,0.0,0.0,0.0,0.0,0.0,2642.410719732012,1585446.4318392073,2056793.409005745,82.27307458317248,84.04876556143923,0.25808035732440046,0.5761301656460873,0.27021103051474468,84.04876556143923,0.2656985864579156,2056793.409005745,0.12452825726829876 
 04/17  22:00:00,7.21,75.0,4.67,0.0,0.0,0.0,0.0,0.0,2.0,0.0,0.0,4.0,0.0,0.0,0.0,394.0,0.0,0.0,0.0,0.0,0.0,0.0,0.0,0.0,0.0,0.0,0.0,21.270291190745554,-702.252859400005,20.96437108464771,-86.68574459625762,20.75533176342985,-268.20030960330498,20.465740262179737,-22.219304068356906,18.19820892208781,6.7816979982040099,19.989663730401124,-41.70345117267996,18.68741281826553,-46.51277262877102,17.911457108744587,-43.60399077709866,17.50963361802191,-201.69162595233139,826.4630630406064,870.160127180126,0.0,0.0,0.0,0.0,0.0,0.0,0.0,0.0,0.0,0.0,0.0,0.0,0.0,0.0,0.0,0.0,0.0,0.0,0.0,0.0,0.0,0.0,1.4235837932275722,0.4345493874321038,168.37114549171967,198.85134609438743,4947.467355499192,0.17614532774183068,0.026884207530804444,23.866722048711794,28.178581885790174,682.3460654189205,2.233254019968995,0.42200567270767116,334.4052486753452,396.5428343665893,9224.113314220494,0.30837496287453539,0.0582719128636688,244.86728585681323,290.53975539970147,6745.238014687548,0.0,0.0,7.714953574258791,9.232054188375545,171.62679850992294,0.0,0.0,13.112213918350945,15.550359765948095,345.9536437252493,0.0,0.0,226.66319256812438,270.7939716570619,5252.518714188368,0.0,0.0,17.107560113147096,20.49027530575967,369.55142658130208,0.0,0.0,173.19739870164069,207.9472594044704,3514.729966292066,33.03988161508172,22.661098501427799,337.0859481258189,401.4535999824551,9261.858103837214,0.0,0.0,185.98137608292763,223.84976766885885,3517.1934080585917,1074.9459648448045,21.625937431537247,37.743463238734609,21.5,30.0,0.0,21.3991339533255,47.17376138924054,21.0,30.0,101.02832316335379,20.87482138431217,38.94936859033659,21.0,30.0,0.0,20.88048542286605,38.984927152030468,16.0,30.0,0.0,18.19303727563961,49.17091188886933,12.0,30.0,0.0,20.33271008284878,51.11742191526271,19.0,30.0,0.0,18.670775553253884,46.74119130653608,10.0,30.0,0.0,17.862899898272734,49.85275011716699,12.0,30.0,0.0,17.192798396479654,51.81669643737824,16.0,30.0,0.0,19.65710305605618,0.0,0.0,0.0,16.474526057235797,0.0,0.0,721.1699698676599,1215.8265972153573,691.5953222412825,693.1877166813063,785.1419662571991,1260.6069924603795,756.0087887149086,771.9782115594023,771.6456025075586,8507.65707228825,82.37954698167869,82.37954698167869,570.0,0.0,570.0,570.0,21.0,16.0,19.0,16.0,12.0,12.0,21.0,10.0,1.0,0.0,1074.9459648448045,0.0,101.02832316335379,0.0,0.0,0.0,0.0,0.0,0.0,0.0,0.0,82.37954698167869,82.37954698167869,0.34,0.7712214291972126,0.36028137401965956,82.37954698167869,0.3542647819438875,0.0,0.017384999999999999 
 04/17  22:10:00,7.023333333333333,75.33333333333333,4.58,0.0,0.0,0.0,0.0,0.0,2.0,0.0,0.0,4.0,0.0,0.0,0.0,1970.0,0.0,0.0,0.0,0.0,0.0,0.0,0.0,0.0,0.0,0.0,0.0,21.140468913328705,-327.5905003336536,20.947372683401477,-104.29470215522264,21.014711578161916,-977.0403022029428,20.36992009980043,322.97560676725478,18.180303444599397,1.9717809530554349,19.98998524848915,-24.19633277671071,18.699931845372178,-2.574295397223157,17.837080723424429,-88.80833341936283,18.727980092529493,-305.56807469235278,771.4734043561791,782.9784308421123,0.0,0.0,0.0,0.0,0.0,0.0,0.0,0.0,0.0,0.0,0.0,0.0,0.0,0.0,0.0,0.0,0.0,0.0,0.0,0.0,0.0,0.0,1.4363772060753386,0.4384545806090778,138.3801397735179,164.33499422823634,4012.377494760617,0.18202960498073599,0.027782296242481066,25.452229048017498,30.149995481330046,735.6886705921494,2.1463460813872015,0.4055831597481485,281.5045892683609,334.042990905035,8243.828786515243,0.3273690280265014,0.061861116407124227,230.18449576062205,273.7186751021026,6359.566663347874,0.0,0.0,7.978866888097064,9.566461360031213,180.16787731204259,0.0,0.0,12.50685888480773,14.869874894192547,334.7281066911871,0.0,0.0,164.98022616231808,197.48641146326885,3893.3433121957775,0.0,0.0,27.97724759580349,33.572272047880279,608.7295295957835,0.0,0.0,123.02409788922407,146.97446045858403,3009.6306687198259,32.94248342951521,22.5942959050173,281.57475693206967,336.52960455410075,7864.8938477643009,0.0,0.0,128.61141594862918,155.17938782606428,2442.3501016490547,214.4632250486522,21.327510253132524,38.29210962455027,21.1,30.0,0.0,21.374917442215684,46.052009093366617,21.000000000000005,30.0,1144.7466352676045,21.437721751701539,37.256807342883387,21.300000000000006,30.0,0.0,20.78323709632193,39.08720808572704,15.999999999999999,30.0,0.0,18.17462668334134,49.028724617970599,12.0,30.0,0.0,20.340528249271136,49.94646444041214,19.0,30.0,0.0,18.72895087107587,46.09390568235318,10.0,30.0,0.0,17.763732931108807,49.968020701433918,12.0,30.0,2294.8174553989886,19.099660944763277,45.66562797293711,19.9,30.0,0.0,19.293130557256015,0.0,0.0,0.0,16.219426448311486,0.0,0.0,728.033714931721,1160.265389643746,688.891821394631,699.6737777427711,783.1991832913751,1249.6927513939325,751.3636274946699,772.6359492813077,765.7112617312608,9833.685699597083,81.50267444889545,83.56642562733988,570.0,0.0,570.0,570.0,21.0,16.0,19.0,19.0,12.0,12.0,21.0,10.0,1.0,0.0,214.4632250486522,0.0,1144.7466352676045,0.0,0.0,0.0,0.0,2294.8174553989886,3123.277650759207,1873966.5904555242,2441194.0437461046,81.50267444889545,83.6014749735336,0.342109255025307,0.7686122831619573,0.3602813740196596,83.6014749735336,0.3542647819438876,2441194.0437461046,0.14413709027479749 
 04/17  22:20:00,6.836666666666668,75.66666666666667,4.49,0.0,0.0,0.0,0.0,0.0,2.0,0.0,0.0,4.0,0.0,0.0,0.0,788.0,0.0,0.0,0.0,0.0,0.0,0.0,0.0,0.0,0.0,0.0,0.0,21.333815753251345,-557.9151183671578,20.932747429802157,-54.03700282050137,21.336463784404566,-1052.2327545709919,20.49861940967012,429.29746209917087,18.155050375675324,1.111016521310134,19.988995461984897,-36.22658942267029,18.64272330993775,54.394415593699708,17.724883230073794,-89.36552105517404,18.90919158627785,-207.54688419916978,824.714204205502,790.703829697088,0.0,0.0,0.0,0.0,0.0,0.0,0.0,0.0,0.0,0.0,0.0,0.0,0.0,0.0,0.0,0.0,0.0,0.0,0.0,0.0,0.0,0.0,1.4241154127690675,0.4347116644594224,148.4408893704886,175.5958229862569,4433.190931846095,0.23765140102692815,0.03627158135331627,14.19490339223491,16.819960067974244,419.15400708399076,2.2202538970544927,0.41954911131037289,292.20261873469669,346.02091029238155,8809.573097928544,0.3513169889459067,0.06638643026188709,290.0830337180395,344.38955696125546,8254.785819026463,0.0,0.0,9.442744714067893,11.313395736635343,216.23695275589399,0.0,0.0,11.858752053493462,14.091706060099784,321.9168607075639,0.0,0.0,167.4685546330825,200.32653187940009,3997.431166220715,0.0,0.0,33.14237459041728,39.78509425490815,723.9222267290277,0.0,0.0,133.95839879698307,159.8483941831336,3382.0504601114664,33.27454199644899,22.82204526505418,287.25447398823266,342.84042717497979,8167.09238141267,0.0,0.0,123.43254945961583,148.84318091840778,2381.388319379717,739.7283395052944,21.772802355292183,36.8254280631568,21.75,30.0,0.0,21.362378369742868,46.376823641452798,21.0,30.0,1595.191090545535,21.797696151255026,36.14848223450913,21.5,30.0,0.0,21.027665913643547,38.05563489240143,16.0,30.0,0.0,18.14362087459358,48.67145769875444,12.0,30.0,0.0,20.34370705915844,47.85694831999412,19.0,30.0,0.0,18.64635848598734,46.14291739761849,10.0,30.0,0.0,17.601653713080294,50.2280346375144,12.0,30.0,0.0,19.370574289702739,44.37302798479517,19.0,30.0,0.0,19.483108531390596,0.0,0.0,0.0,16.254819967047778,0.0,0.0,715.0968087804295,1192.2929371602452,682.6781648537623,688.7712637254147,774.1117784718042,1213.9202099453442,754.4196775129015,775.1681689809261,760.6920757525652,7417.056908527265,81.35380900645089,83.07568592176409,570.0,0.0,570.0,570.0,21.0,16.0,19.0,19.0,12.0,12.0,21.0,10.0,1.0,0.0,739.7283395052944,0.0,1595.191090545535,0.0,0.0,0.0,0.0,0.0,2605.883295910332,1563529.9775461993,2023995.555988106,81.35380900645089,83.10492910802518,0.2568627765303444,0.5789908511182262,0.27021103051474468,83.10492910802518,0.2656985864579156,2023995.555988106,0.12241110224471484 
 04/17  22:30:00,6.65,76.0,4.4,0.0,0.0,0.0,0.0,0.0,2.0,0.0,0.0,4.0,0.0,0.0,0.0,396.0,0.0,0.0,0.0,0.0,0.0,0.0,0.0,0.0,0.0,0.0,0.0,21.258587164092327,-701.6861810654623,20.932574590455496,-89.67471513122485,20.723168700236316,-298.42856710780327,20.439867589727656,-26.633188882751257,18.13075395466015,1.169072373573556,19.981792493057886,-22.078576659829396,18.71487966097009,38.965368370408217,17.636832670646819,-89.41251383175529,19.07395360832564,-169.21403985035273,844.286722138525,687.8091555698688,0.0,0.0,0.0,0.0,0.0,0.0,0.0,0.0,0.0,0.0,0.0,0.0,0.0,0.0,0.0,0.0,0.0,0.0,0.0,0.0,0.0,0.0,1.4865926008902264,0.4537828452045868,156.55188802436636,184.88650643076938,4778.945435036068,0.19105323053651969,0.029159528470164787,23.714498188068899,28.00456228384523,703.6801557848005,2.5198447922908935,0.4761611474472589,322.7339498872348,382.7160170200341,9269.640452862528,0.3193318069332235,0.06034236714535589,235.9915720553889,280.0430047817731,6751.621525621839,0.0,0.0,8.38813936571778,10.043146196653558,194.8300252176005,0.0,0.0,11.127199485067476,13.207896504013114,306.1805068856736,0.0,0.0,139.15441469113473,166.30305530797558,3407.4838862196186,0.0,0.0,33.749583544182218,40.48488626866397,742.499187427142,0.0,0.0,109.82889829447092,130.9837815876273,2819.1920574826197,33.09154364220085,22.696531990535566,328.38363565626869,391.21600392405198,9394.70149911605,0.0,0.0,101.09484844124418,121.99948965976012,1918.2165294942188,1067.0446416295895,21.58053673940155,37.19054337513821,21.5,30.0,0.0,21.366142251712334,46.64536617616508,21.0,30.0,140.0353147146895,20.853544354593894,38.28830366491999,21.0,30.0,0.0,20.86101542334841,38.18665876640391,16.0,30.0,0.0,18.115281163594906,48.37393343319128,12.0,30.0,0.0,20.33916241855703,46.36893310954784,19.0,30.0,0.0,18.777520524795088,45.44796769069464,10.0,30.0,0.0,17.485229020409024,50.360226201241889,12.0,30.0,995.620267040707,19.504811747139784,43.762763342881438,19.5,30.0,0.0,19.569701705609615,0.0,0.0,0.0,15.874850167471497,0.0,0.0,719.4555510798199,1219.0633394977129,687.6022033376899,684.3396037768201,767.8170444774132,1192.624321056936,749.3865624948719,775.7074643314234,754.9827433450221,8829.96313832933,82.16630013134844,82.16630013134844,570.0,0.0,570.0,570.0,21.0,16.0,19.0,19.0,12.0,12.0,21.0,10.0,1.0,0.0,1067.0446416295895,0.0,140.0353147146895,0.0,0.0,0.0,0.0,995.620267040707,0.0,0.0,0.0,82.16630013134844,82.16630013134844,0.34,0.7690081901844126,0.36028137401965956,82.16630013134844,0.3542647819438875,0.0,0.017131666666666668 
 04/17  22:40:00,6.463333333333333,76.33333333333333,4.31,0.0,0.0,0.0,0.0,0.0,2.0,0.0,0.0,0.0,0.0,0.0,0.0,1386.0,0.0,0.0,0.0,0.0,0.0,0.0,0.0,0.0,0.0,0.0,0.0,20.81954211458999,-393.2244839687057,20.663205444986148,-372.35596654603338,20.626676640381626,-147.43028681838192,20.223402632387569,79.34549938976697,18.109670716699705,-0.3180205449994007,19.87523261370768,-31.879190174174395,18.583297208302129,-193.25812547103195,17.56058754505736,-98.09882707883368,19.062534246363904,-307.9322694323713,708.5634912473062,1045.5778314307793,0.0,0.0,0.0,0.0,0.0,0.0,0.0,0.0,0.0,0.0,0.0,0.0,0.0,0.0,0.0,0.0,0.0,0.0,0.0,0.0,0.0,0.0,1.423732894358958,0.4345949005979729,278.4166005148117,330.98449110202486,8111.364226034121,0.2496363877215628,0.038100791776795327,149.47943417781418,177.65102189838945,4348.688184837375,2.446530036407453,0.4623072631155435,205.99962536049893,245.02959591120976,5993.065166711888,0.3142833870250838,0.059388395129456528,119.85645184148707,142.67159027652796,3392.2553830293124,0.0,0.0,8.920661835848629,10.699308833618776,210.13467915758936,0.0,0.0,12.120619161037665,14.422502282536179,335.42296373144878,0.0,0.0,183.2992121382065,219.51726346714433,4462.480594763166,0.0,0.0,36.76259563835719,44.19985094625065,815.7674373337711,0.0,0.0,156.3187393053388,186.56137822419505,4108.947484051211,32.723512946719157,22.44411038869629,283.4933228403331,338.8191852444091,8260.35128363537,0.0,0.0,148.04415254232766,178.75337360209535,2917.0541353274995,0.0,20.87134769775259,40.312537671786348,22.000000000000015,30.00000000000002,0.0,20.922911707656799,40.34555920996081,12.00000000000001,30.00000000000002,0.0,20.758516019046185,40.355686593152309,22.000000000000015,30.00000000000002,0.0,20.52274693232871,40.93017972265929,12.00000000000001,30.00000000000002,0.0,18.09370953032547,48.27234174918313,12.00000000000001,30.00000000000002,0.0,20.229611808091958,45.913231776400248,12.00000000000001,30.00000000000002,0.0,18.500618267223758,46.84456406145167,10.000000000000007,30.00000000000002,0.0,17.390973475542258,50.39879449913474,12.00000000000001,30.00000000000002,0.0,19.50938737682083,43.9303569165418,19.000000000000015,30.00000000000002,0.0,19.130877957032028,0.0,0.0,0.0,16.102546919250988,0.0,0.0,813.3791847819738,827.1125509249141,799.882432293354,792.2348475145066,768.9812307664664,1183.4762036794874,788.7808314991611,776.1333822455623,780.1850898973173,0.0,80.56119240391877,80.56119240391877,60.00000000000004,0.0,60.00000000000004,60.00000000000004,12.0,12.0,12.0,19.0,12.0,12.0,21.0,10.0,0.0,0.0,0.0,0.0,0.0,0.0,0.0,0.0,0.0,0.0,0.0,0.0,0.0,80.56119240391877,80.56119240391877,0.0,0.0,0.0,80.56119240391877,0.0,0.0,0.0017999999999999996 
 04/17  22:50:00,6.276666666666666,76.66666666666667,4.22,0.0,0.0,0.0,0.0,0.0,2.0,0.0,0.0,0.0,0.0,0.0,0.0,594.0,0.0,0.0,0.0,0.0,0.0,0.0,0.0,0.0,0.0,0.0,0.0,20.40322356366644,-238.77354470189179,20.35347453332473,-102.16132721928749,20.36732180336455,-135.0121678277805,20.076353981780906,-132.9001681159166,18.08408161831199,-2.4706011614363225,19.749140248029485,-33.21080763384535,18.361693590150915,-120.90517517101802,17.499382142222328,-85.0253336752963,18.68811910950853,-173.50323677433136,510.40300199064657,895.8763105310846,0.0,0.0,0.0,0.0,0.0,0.0,0.0,0.0,0.0,0.0,0.0,0.0,0.0,0.0,0.0,0.0,0.0,0.0,0.0,0.0,0.0,0.0,1.4590333124588142,0.4453703639984174,128.9773836701783,153.49359675426377,3655.0513466915638,0.2722444314363607,0.04155134789932249,35.80182990091411,42.67181106765245,1026.6553626124299,2.2981211426689676,0.43426325447259447,145.58484093536263,173.08030749444777,4175.405589971479,0.28398238429554548,0.05366258206642963,101.23083149924369,120.46683919647491,2851.2046912400185,0.0,0.0,8.384067452058853,10.047163884039652,200.17193573084865,0.0,0.0,11.471277105506044,13.647208770373596,317.75659550206719,0.0,0.0,169.17335542703837,202.69365906897787,4066.6171411983366,0.0,0.0,32.577408845053479,39.14299067109152,730.8059287921125,0.0,0.0,142.03908076206182,169.76703716201897,3611.898687561327,32.30019142458811,22.15376640918254,134.44472968751539,160.89306990473515,4107.354471727181,0.0,0.0,135.31156410899477,163.3711443261144,2667.977781049027,0.0,20.223586910665479,40.35831330204122,22.000000000000019,30.00000000000002,0.0,20.43925964579595,39.42928283807185,12.00000000000001,30.00000000000002,0.0,20.3435567667542,40.626576015402118,22.000000000000019,30.00000000000002,0.0,20.266755731479266,40.701349148060277,12.00000000000001,30.00000000000002,0.0,18.062075517137005,48.270248817676357,12.00000000000001,30.00000000000002,0.0,20.04558018921196,45.231228341048538,12.00000000000001,30.00000000000002,0.0,18.143629864038887,47.69496445482356,10.000000000000007,30.00000000000002,0.0,17.32011023456619,50.5350621335664,12.00000000000001,30.00000000000002,0.0,18.85635441765752,45.761367962211689,19.666666666666683,30.00000000000002,0.0,18.351206746602668,0.0,0.0,0.0,15.908487357466312,0.0,0.0,749.2028216348936,730.1588729316169,768.8626210283396,768.2708340473369,776.362997459989,1156.0052483589209,788.9166500132553,785.6086814126206,790.8995350956404,0.0,80.56119240391878,80.56119240391878,60.00000000000004,0.0,60.00000000000004,60.00000000000004,12.0,12.0,12.0,19.0,12.0,12.0,21.0,10.0,0.0,0.0,0.0,0.0,0.0,0.0,0.0,0.0,0.0,0.0,0.0,0.0,0.0,80.56119240391878,80.56119240391878,0.0,0.0,0.0,80.56119240391878,0.0,0.0,0.001796666666666667 
 04/17  23:00:00,6.09,77.0,4.13,0.0,0.0,0.0,0.0,0.0,2.0,0.0,0.0,0.0,0.0,0.0,0.0,792.0,0.0,0.0,0.0,0.0,0.0,0.0,0.0,0.0,0.0,0.0,0.0,20.171325104700907,-96.5222970824384,20.1274325111856,-281.84839828717869,20.144410402690768,-209.7914926439933,19.875893687741909,-57.90936786711799,18.05834388591778,-4.252121150534805,19.652717860910014,-31.198211956796457,18.24166944604012,-138.4962181689814,17.444509308879799,-90.55970074137602,18.489605698204778,-132.6948250810142,491.5239217928936,735.3778246500336,0.0,0.0,0.0,0.0,0.0,0.0,0.0,0.0,0.0,0.0,0.0,0.0,0.0,0.0,0.0,0.0,0.0,0.0,0.0,0.0,0.0,0.0,1.4392623610740299,0.4393352750531227,147.79727024490169,176.17823023290146,4153.0702250255349,0.2661701222602846,0.040624255534231479,90.46624977413183,107.8352491950398,2554.917949445059,2.2567212976134605,0.42644015449989816,87.0634792634589,103.71683271628078,2495.3898811234828,0.2738155806668776,0.05174141735957625,52.383867404382929,62.395328477375439,1465.4688298747574,0.0,0.0,7.463576556805912,8.948186964246093,180.56781571309603,0.0,0.0,11.212570830510835,13.352949365128377,312.0434696376584,0.0,0.0,146.8421503885273,176.1138020851668,3534.761127543272,0.0,0.0,27.999604184082199,33.66061579125086,635.4392207686119,0.0,0.0,120.88533383527923,144.6933155238042,3044.962767683516,31.769152510687385,21.789542188400135,144.31956503811166,172.9682855822123,4365.9657341493389,0.0,0.0,114.78889759112565,138.813409703743,2224.6283783624637,0.0,19.93336064062018,40.2047092985352,22.0,30.0,0.0,20.086064121109915,39.38838103420725,12.0,30.0,0.0,20.00123245789495,39.89989878959855,22.0,30.0,0.0,19.953707437564164,40.29764594835,12.0,30.0,0.0,18.032281390453904,48.207240153228479,12.0,30.0,0.0,19.91872919917418,44.66266180898898,12.0,30.0,0.0,17.968609022296748,47.553889262582789,10.0,30.0,0.0,17.260898678517458,50.7115977927325,12.0,30.0,0.0,18.54420341064016,46.24513398525293,20.0,30.0,0.0,18.289175081279006,0.0,0.0,0.0,15.554448171479427,0.0,0.0,716.3819789938481,702.9612749335634,713.095932046893,724.2337246050203,779.4158599609326,1138.390029556675,774.8379519164755,795.9853404390287,783.8631653976062,0.0,80.56119240391871,80.56119240391871,60.0,0.0,60.0,60.0,12.0,12.0,12.0,19.0,12.0,12.0,21.0,10.0,0.0,0.0,0.0,0.0,0.0,0.0,0.0,0.0,0.0,0.0,0.0,0.0,0.0,80.56119240391871,80.56119240391871,0.0,0.0,0.0,80.56119240391871,0.0,0.0,0.0017933333333333335 
 04/17  23:10:00,5.953333333333333,77.5,4.086666666666667,0.0,0.0,0.0,0.0,0.0,2.0,0.0,0.0,0.0,0.0,0.0,0.0,594.0,0.0,0.0,0.0,0.0,0.0,0.0,0.0,0.0,0.0,0.0,0.0,20.01307728013306,-58.35579873589563,19.922964864696757,-291.4016914501613,19.979405664422026,-242.08981754344004,19.76753344176693,-1.8866442012540148,18.03093383721069,-4.571991426250766,19.565657787413526,-30.909643308823186,18.1336432273767,-139.83390818591699,17.38442685023943,-92.56864585580448,18.348029151206803,-108.954559630589,319.8742556889555,686.7561565371884,0.0,0.0,0.0,0.0,0.0,0.0,0.0,0.0,0.0,0.0,0.0,0.0,0.0,0.0,0.0,0.0,0.0,0.0,0.0,0.0,0.0,0.0,1.4303383180388883,0.43661120819257889,127.96031866821278,152.47277458329553,3591.0466542779756,0.2667383306547086,0.040710978427153338,66.18942652348027,78.91825058997063,1846.0076450607963,2.2031969818412997,0.4163259602874717,53.06994221703952,63.256570184282967,1532.586937080947,0.2685492180839927,0.05074626192063353,16.03103220692405,19.152799161737148,454.3091880267973,0.0,0.0,7.068811095164768,8.473168484395167,172.5600687200507,0.0,0.0,11.025269659295502,13.131130880092755,307.52906999444635,0.0,0.0,138.1550921088119,165.73102035913323,3322.966922663086,0.0,0.0,25.741574200913435,30.941889795355516,587.879262697932,0.0,0.0,112.40991637586277,134.59950583615919,2817.5982950532268,31.566576661683976,21.650601276875166,90.88009085868548,108.9870352474349,2974.09970982202,0.0,0.0,106.5649053804103,128.92430434272399,2046.6794853716215,0.0,19.74463562013478,40.11000771626409,22.0,30.0,0.0,19.795159004220556,38.49677344923123,12.0,30.0,0.0,19.78105374969513,38.78773042330474,22.0,30.0,0.0,19.805809993542764,40.16224771482023,12.0,30.0,0.0,18.001094229815867,48.01399401738081,12.0,30.0,0.0,19.80753753374693,44.05662314044225,12.0,30.0,0.0,17.815608881296194,47.44671115494775,10.0,30.0,0.0,17.191212332154359,50.72607813448079,12.0,30.0,0.0,18.338022523726754,46.31648641084075,20.0,30.0,0.0,17.654472549644657,0.0,0.0,0.0,15.326019181559032,0.0,0.0,698.6022418697262,651.4729036433973,659.642734811165,706.0040108182467,777.890142948543,1122.6405043389812,762.8625612355418,798.7954851351815,772.3115922300326,0.0,80.56119240391871,80.56119240391871,60.0,0.0,60.0,60.0,12.0,12.0,12.0,19.0,12.0,12.0,21.0,10.0,0.0,0.0,0.0,0.0,0.0,0.0,0.0,0.0,0.0,0.0,0.0,0.0,0.0,80.56119240391871,80.56119240391871,0.0,0.0,0.0,80.56119240391871,0.0,0.0,0.00179 
 04/17  23:20:00,5.816666666666666,78.0,4.043333333333333,0.0,0.0,0.0,0.0,0.0,2.0,0.0,0.0,0.0,0.0,0.0,0.0,792.0,0.0,0.0,0.0,0.0,0.0,0.0,0.0,0.0,0.0,0.0,0.0,19.84831484326545,-162.56733165849983,19.77444761338497,-127.94450217953846,19.806027649602784,-206.3123426459149,19.617918196507526,-170.52483751971966,18.00457821612683,-4.4104185767445049,19.492045819199626,-32.559495263304857,18.025174606848617,-167.55085140197799,17.32932668352734,-92.19673203568834,18.244970932743806,-112.1991599483523,483.79674141801277,677.0897383823909,0.0,0.0,0.0,0.0,0.0,0.0,0.0,0.0,0.0,0.0,0.0,0.0,0.0,0.0,0.0,0.0,0.0,0.0,0.0,0.0,0.0,0.0,1.4176808080767014,0.4327474994129126,135.61394726428,161.83393250630983,3778.516570567481,0.2664002338427859,0.04065937634963155,55.22047428032755,65.86844936145877,1539.1706466690999,2.190714213476557,0.41396716052089146,138.88039321051478,165.7429550458919,3896.795854392366,0.2635032460833022,0.0497927524722793,87.22295527184184,104.11354854830158,2418.6951308745399,0.0,0.0,6.707717255208247,8.045158430698603,165.23840118238059,0.0,0.0,11.11145687885573,13.24455647181766,311.1240174621609,0.0,0.0,136.3546078570091,163.73771380588159,3275.7549701698856,0.0,0.0,23.597746574908148,28.38548795185845,542.7131773572663,0.0,0.0,110.90756888679045,132.92171537298794,2780.5421555442928,31.386535057019999,21.52711595131688,168.7062478307456,202.30533061391106,4987.514936454149,0.0,0.0,105.30705560304273,127.5294188977372,2017.2947844678466,0.0,19.514413769014835,38.948317137258758,22.0,30.0,0.0,19.624630333581224,37.817078969471,12.0,30.0,0.0,19.549458018639827,38.68756014705334,22.0,30.0,0.0,19.56014069077399,38.895132433422769,12.0,30.0,0.0,17.973683795870337,47.719724141918138,12.0,30.0,0.0,19.72106205670834,43.43398785717949,12.0,30.0,0.0,17.659929291537876,46.98393888105721,10.0,30.0,0.0,17.131836067007258,50.50298007414167,12.0,30.0,0.0,18.19984892072557,46.00683414561056,20.0,30.0,0.0,18.14681430624845,0.0,0.0,0.0,15.160887372100206,0.0,0.0,644.4707103218675,616.6600832644585,639.0830921858798,646.156480117582,772.3546660076287,1105.9451833152066,740.8982223356419,793.5993944767645,756.0780983489232,0.0,80.56119240391871,80.56119240391871,60.0,0.0,60.0,60.0,12.0,12.0,12.0,19.0,12.0,12.0,21.0,10.0,0.0,0.0,0.0,0.0,0.0,0.0,0.0,0.0,0.0,0.0,0.0,0.0,0.0,80.56119240391871,80.56119240391871,0.0,0.0,0.0,80.56119240391871,0.0,0.0,0.0018299999999999999 
 04/17  23:30:00,5.68,78.5,4.0,0.0,0.0,0.0,0.0,0.0,2.0,0.0,0.0,0.0,0.0,0.0,0.0,396.0,0.0,0.0,0.0,0.0,0.0,0.0,0.0,0.0,0.0,0.0,0.0,19.688243636069143,-211.7511045643164,19.660447397418264,-95.86386296578849,19.685071216417854,-155.10398763985814,19.515659977621917,-56.04442919608505,17.975408583729285,-4.852485828136963,19.417217511306654,-34.12035795890412,17.90774983428757,-156.4826170369256,17.275653176359996,-88.79869562998954,18.145634223763734,-111.83432789393851,386.37369158032859,693.3563253628349,0.0,0.0,0.0,0.0,0.0,0.0,0.0,0.0,0.0,0.0,0.0,0.0,0.0,0.0,0.0,0.0,0.0,0.0,0.0,0.0,0.0,0.0,1.417944797957393,0.4328280824045766,110.8236125969532,132.21624569334308,3069.121565201637,0.26881104677681758,0.04102732704163883,76.2394942093789,90.92214645349606,2127.346032886876,2.1999503907190629,0.41571246990156149,67.45688109661075,80.43259279927163,1923.2330602934804,0.26816486649384377,0.050673633124309089,61.31871707403063,73.09812061974076,1706.6929781011016,0.0,0.0,6.796750141916811,8.142798714774841,168.92791453227106,0.0,0.0,11.148021071750293,13.279500234567938,313.35402672368238,0.0,0.0,139.45867283219548,167.38287049236838,3344.843259359246,0.0,0.0,22.22085730888235,26.703731766719764,514.8518391303908,0.0,0.0,112.90279576736138,135.23517487203996,2833.1262973450286,31.324662493614065,21.484679350901286,116.42729575255508,139.5929789246098,3630.1759450910956,0.0,0.0,107.03913624561656,129.54518743848207,2055.43205839202,0.0,19.305884421163769,38.60360304806023,22.0,30.0,0.0,19.491960063709038,38.1481685914456,12.0,30.0,0.0,19.41465914528272,38.28100093084241,22.0,30.0,0.0,19.440867063702343,38.684977016474537,12.0,30.0,0.0,17.942064947164995,47.24984041389526,12.0,30.0,0.0,19.630744390523334,42.677231061371127,12.0,30.0,0.0,17.494713781800038,46.88412025296183,10.0,30.0,0.0,17.07517238010214,50.14013904052706,12.0,30.0,0.0,18.06608073647754,45.734011150279147,20.0,30.0,0.0,17.76902587039085,0.0,0.0,0.0,15.04116826062948,0.0,0.0,619.2656904903663,617.8021107948263,617.1410995876462,630.9943674134113,761.4316026839929,1082.8901069205209,727.0176645373533,783.933329844652,740.2470773657385,0.0,80.56119240391871,80.56119240391871,60.0,0.0,60.0,60.0,12.0,12.0,12.0,19.0,12.0,12.0,21.0,10.0,0.0,0.0,0.0,0.0,0.0,0.0,0.0,0.0,0.0,0.0,0.0,0.0,0.0,80.56119240391871,80.56119240391871,0.0,0.0,0.0,80.56119240391871,0.0,0.0,0.0018700000000000002 
 04/17  23:40:00,5.543333333333333,79.0,3.956666666666667,0.0,0.0,0.0,0.0,0.0,2.0,0.0,0.0,0.0,0.0,0.0,0.0,396.0,0.0,0.0,0.0,0.0,0.0,0.0,0.0,0.0,0.0,0.0,0.0,19.52282649788264,-69.1080798971534,19.562108626113333,-240.3570999391527,19.48793244128823,-195.18524781682755,19.412198350571047,-188.92098960698878,17.94307602377259,-8.208116711871228,19.347763775783279,-38.60574938630609,17.754928124691696,-220.11847298336489,17.235616080925298,-76.983427668476,18.040273486458326,-151.62355014279366,572.9009484545322,722.2918954080628,0.0,0.0,0.0,0.0,0.0,0.0,0.0,0.0,0.0,0.0,0.0,0.0,0.0,0.0,0.0,0.0,0.0,0.0,0.0,0.0,0.0,0.0,1.392360679937548,0.4250185225694591,247.89301643062704,296.1053443296057,6812.758818687489,0.2577183028232102,0.039334295302687758,219.18541834583059,261.528127008797,6108.383554966436,2.1714299459729058,0.4103231190424993,265.8162561398004,317.60103023593458,7324.39915760155,0.2601517333126133,0.04915943562218693,225.88807266695219,269.61774524611078,6263.04812593358,0.0,0.0,6.9272034277115559,8.303931418545487,173.60463763708567,0.0,0.0,11.66911574687052,13.904600072921579,329.4029863570523,0.0,0.0,146.6297280383802,176.19813578137895,3491.1972547562556,0.0,0.0,18.107782471149148,21.765173277044533,423.5198622920086,0.0,0.0,120.89704644755716,144.93128539261444,3032.6975833080598,31.13778497837687,21.35650547213778,425.1753830284538,509.24530008311685,11792.35413490728,0.0,0.0,115.5375435494191,139.91595442875014,2230.0043076578115,0.0,19.105319787253383,38.996803906687237,22.0,30.0,0.0,19.37587295657326,37.793584920749598,12.0,30.0,0.0,19.116140713286918,38.727207071610838,22.0,30.0,0.0,19.294475895506289,38.168927255035168,12.0,30.0,0.0,17.905640448631276,46.673372387538339,12.0,30.0,0.0,19.550159694613347,42.09595474870057,12.0,30.0,0.0,17.25746057717833,46.60029909051747,10.0,30.0,0.0,17.045185429654404,49.38704226538347,12.0,30.0,0.0,17.917873882602338,45.05550372873668,20.0,30.0,0.0,18.340765266251134,0.0,0.0,0.0,14.949011590459687,0.0,0.0,617.2811580132835,599.310718274113,609.8351368046134,605.1222125187126,746.8564108053018,1063.1197123236382,705.5390010130334,766.0118493249656,715.0313847470891,0.0,80.56119240391871,80.56119240391871,60.0,0.0,60.0,60.0,12.0,12.0,12.0,19.0,12.0,12.0,21.0,10.0,0.0,0.0,0.0,0.0,0.0,0.0,0.0,0.0,0.0,0.0,0.0,0.0,0.0,80.56119240391871,80.56119240391871,0.0,0.0,0.0,80.56119240391871,0.0,0.0,0.00191 
 04/17  23:50:00,5.406666666666666,79.5,3.913333333333333,0.0,0.0,0.0,0.0,0.0,2.0,0.0,0.0,0.0,0.0,0.0,0.0,396.0,0.0,0.0,0.0,0.0,0.0,0.0,0.0,0.0,0.0,0.0,0.0,19.487839223110784,-166.22249069113333,19.366418066766579,-185.3386817785149,19.445398304571094,-240.25136936850005,19.227674917327968,-113.25124645014467,17.909433723747456,-10.820065282165132,19.282935049161844,-42.211394456722818,17.611321642689597,-209.71180820530209,17.204706023040793,-66.46733634242858,17.94258098436957,-170.01169153132333,547.6517939187206,732.923706863887,0.0,0.0,0.0,0.0,0.0,0.0,0.0,0.0,0.0,0.0,0.0,0.0,0.0,0.0,0.0,0.0,0.0,0.0,0.0,0.0,0.0,0.0,1.3854619587271642,0.4229126858141527,240.64454636444666,287.4564873077942,6690.042015523628,0.26041012959652556,0.039745135774805488,187.8652771344419,224.48422936203014,5189.150102991654,2.14044003962193,0.40446712766854328,212.9172375928631,254.20680573793914,5930.994524764827,0.26818344117587769,0.050677143079341947,183.3568709330106,219.03218391814657,5045.579460832371,0.0,0.0,7.095934703741031,8.504648660160305,179.2818327922534,0.0,0.0,11.937038399308918,14.232315784652347,338.6424659777841,0.0,0.0,151.31498187826714,181.93714818809355,3582.512604515388,0.0,0.0,14.879206028013546,17.890088009960139,351.7307325924853,0.0,0.0,123.35414011690334,147.9349058794952,3097.6430384628267,31.143528729008403,21.360444944450216,351.15724437111376,420.7607058265929,9893.247845057396,0.0,0.0,118.08707588545248,143.061914258145,2286.165910660132,0.0,19.113923240099049,38.65636439982073,22.0,30.0,0.0,19.094116471078235,37.92785403429498,12.0,30.0,0.0,19.1228030202928,38.567699687213877,22.0,30.0,0.0,19.024482198043505,38.41162839927021,12.0,30.0,0.0,17.868602557383178,46.08867573482857,12.0,30.0,0.0,19.478911219620536,41.42915640240431,12.0,30.0,0.0,17.051245589149994,46.39846970841772,10.0,30.0,0.0,17.031135922128173,48.53644765914955,12.0,30.0,0.0,17.790836937098669,44.64723137213545,20.0,30.0,0.0,18.21163891491359,0.0,0.0,0.0,14.836523820269897,0.0,0.0,609.3211619913645,584.3581562912611,607.0607819433151,593.9666632625618,731.7578842271662,1035.5783982936692,688.4137135582632,746.9367676330836,698.6608088067055,0.0,80.56119240391871,80.56119240391871,60.0,0.0,60.0,60.0,12.0,12.0,12.0,19.0,12.0,12.0,21.0,10.0,0.0,0.0,0.0,0.0,0.0,0.0,0.0,0.0,0.0,0.0,0.0,0.0,0.0,80.56119240391871,80.56119240391871,0.0,0.0,0.0,80.56119240391871,0.0,0.0,0.0019133333333333334 
 04/17  24:00:00,5.27,80.0,3.87,0.0,0.0,0.0,0.0,0.0,2.0,0.0,0.0,0.0,0.0,0.0,0.0,198.0,0.0,0.0,0.0,0.0,0.0,0.0,0.0,0.0,0.0,0.0,0.0,19.426387784061178,-48.75589555595252,19.269206952178327,-217.4448073808462,19.395480009940635,-38.258762111727268,19.130820367097159,-179.49522750806137,17.869427091862986,-10.81317741340942,19.210758790107208,-39.64203093345475,17.51582708438961,-193.1863942220998,17.17856101711356,-58.15135292860174,17.841835245038078,-148.9259958212815,501.0915567316715,739.1691424456167,0.0,0.0,0.0,0.0,0.0,0.0,0.0,0.0,0.0,0.0,0.0,0.0,0.0,0.0,0.0,0.0,0.0,0.0,0.0,0.0,0.0,0.0,1.4140458934944307,0.43163794062711566,156.40784084384254,186.43253110651467,4400.811836784406,0.24956070552358795,0.03808924076977838,147.7949722644628,176.3199861656249,4096.654436094717,2.256612068226246,0.42641951402612379,176.76451631022344,210.66587668622157,5001.526761063903,0.2529370714284392,0.04779612082925909,139.50347578840457,166.4799763213148,3842.763909925616,0.0,0.0,6.791859270553912,8.125755978845453,172.91966457731423,0.0,0.0,12.251339203880486,14.579920225549948,349.0311300620462,0.0,0.0,148.26133797167706,177.9761109801011,3520.5967715441568,0.0,0.0,13.282098860125176,15.934177732563024,317.6065530583237,0.0,0.0,121.06998062843006,144.96316758663114,3044.5014813646328,31.122750481387276,21.346193745807466,253.59164720208319,303.53023175409416,7327.1324002149899,0.0,0.0,116.6112020514107,141.04077924414293,2266.4073923185158,0.0,19.09829822083583,38.96766625339551,22.0,30.0,0.0,18.988554921265327,36.97508515181011,12.0,30.0,0.0,19.126052355690726,39.137490666282499,22.0,30.0,0.0,18.897203583758829,37.19433695491439,12.0,30.0,0.0,17.82086083214063,45.49254580221938,12.0,30.0,0.0,19.392986915296676,40.8529355905738,12.0,30.0,0.0,16.939543370028038,46.415248018035729,10.0,30.0,0.0,17.024374424598596,47.87168051372954,12.0,30.0,0.0,17.659766499306718,44.754538354504877,20.0,30.0,0.0,17.994239567798507,0.0,0.0,0.0,14.731158169949799,0.0,0.0,618.1075928462226,548.1597955776988,624.5712111001404,548.4879189785021,716.0564446229331,1010.0908487614635,681.8181645084245,732.4379401547478,693.4115560195372,0.0,80.56119240391871,80.56119240391871,60.0,0.0,60.0,60.0,12.0,12.0,12.0,19.0,12.0,12.0,21.0,10.0,0.0,0.0,0.0,0.0,0.0,0.0,0.0,0.0,0.0,0.0,0.0,0.0,0.0,80.56119240391871,80.56119240391871,0.0,0.0,0.0,80.56119240391871,0.0,0.0,0.0019166666666666666 
 04/18  00:10:00,5.175,80.5,3.855,0.0,0.0,0.0,0.0,0.0,2.0,2.0,0.0,0.0,0.0,0.0,0.0,792.0,0.0,0.0,0.0,0.0,0.0,0.0,0.0,0.0,0.0,0.0,0.0,19.315223143380054,-141.39017277696986,19.231045080929513,-120.41267654239306,19.289589930263767,-192.1995979141317,19.10958695642349,-58.89458330203911,17.84171017782024,-7.647072861753649,19.16114542370066,-38.97358673635431,17.75004554518566,145.3746699564781,17.14398885958636,-82.67768100939469,17.898505603522226,-12.76906018522277,402.5969121691171,192.88169387669914,0.0,0.0,0.0,0.0,0.0,0.0,0.0,0.0,0.0,0.0,0.0,0.0,0.0,0.0,0.0,0.0,0.0,0.0,0.0,0.0,0.0,0.0,1.39317739802998,0.42526782601647747,128.6568641897394,154.01030101856234,3611.519248671053,0.26521132366493507,0.04047791875227947,92.50177123747779,110.72895924885737,2586.090696528695,2.2246495386562175,0.42037973141651888,113.48104256680078,135.94406431841126,3218.7565987245936,0.270153028552938,0.051049325123382078,99.89781286039487,119.64955545659675,2781.09415726692,0.0,0.0,7.090801986154632,8.516012419517955,181.5048765927775,0.0,0.0,12.107642128495453,14.46367189257878,346.0891487033563,0.0,0.0,52.45415139847995,63.073742030284268,1310.1460470794858,0.0,0.0,14.701632514988228,17.690675244832936,353.2640992441715,0.0,0.0,14.24615460502861,17.111629610035537,364.77592647901079,30.783063118295286,21.113212015291699,171.37411766295294,206.1155941724811,5144.359494258509,0.0,0.0,23.205812710180365,28.23070099075135,416.43031107871067,0.0,18.943358961405268,38.22119438185895,22.0,30.0,0.0,19.006664421222199,37.70147724681104,12.0,30.0,0.0,18.978842678985168,37.936042782379157,22.0,30.0,0.0,18.94014206437451,38.310406255939287,12.0,30.0,0.0,17.798888246929889,45.05628102686114,12.0,30.0,0.0,19.34962369730433,40.50595200010125,12.0,30.0,0.0,17.47840812829557,43.09642188037435,10.0,30.0,0.0,16.998601113898109,47.54971998813122,12.0,30.0,0.0,17.809667219954453,44.21564954472896,20.0,30.0,0.0,17.62422703852425,0.0,0.0,0.0,13.88754614308407,0.0,0.0,585.8010488198777,572.8500127999463,579.9802224287168,587.2282683410479,702.9115353393647,994.3468166765173,621.898587181009,725.5366872647787,752.1065231458231,0.0,80.56119240391871,80.56119240391871,60.0,0.0,60.0,60.0,12.0,12.0,12.0,19.0,12.0,12.0,21.0,10.0,0.0,0.0,0.0,0.0,0.0,0.0,0.0,0.0,0.0,0.0,0.0,0.0,0.0,80.56119240391871,80.56119240391871,0.0,0.0,0.0,80.56119240391871,0.0,0.0,0.00192 
 04/18  00:20:00,5.08,81.0,3.8400000000000005,0.0,0.0,0.0,0.0,0.0,2.0,2.0,0.0,0.0,0.0,0.0,0.0,396.0,0.0,0.0,0.0,0.0,0.0,0.0,0.0,0.0,0.0,0.0,0.0,19.228999824736087,-164.39131650975743,19.162995479301409,-80.37620764113672,19.18417978804876,-301.05687251474168,19.098511725350308,0.4363904130851495,17.812304077533434,-3.3372110070595228,19.106827344175707,-27.683125490476898,18.005551947325736,74.80767997197666,17.032829552006569,-138.19999357090902,17.995529653614676,-13.19001715601479,300.60487024297017,281.2113135647523,0.0,0.0,0.0,0.0,0.0,0.0,0.0,0.0,0.0,0.0,0.0,0.0,0.0,0.0,0.0,0.0,0.0,0.0,0.0,0.0,0.0,0.0,1.4258406182321953,0.4352382839536615,113.70610170477647,135.91267601907564,3186.783007216542,0.2739776972465291,0.04181588785813936,87.14732932504137,104.13193532217746,2446.646714328449,2.3156413543996567,0.4375739520785445,76.60729259139765,91.51527990559895,2165.416239406613,0.2703330499150428,0.051083342765503168,45.197756809429439,53.922892898752937,1276.0108164243082,0.0,0.0,6.469133322002384,7.7614768581925699,166.54887626003336,0.0,0.0,10.766050563758168,12.851524678315763,308.7377589398211,0.0,0.0,57.051750420511059,68.41641554777395,1490.6388902294712,0.0,0.0,22.087685765045444,26.573481128895396,527.5740674651178,0.0,0.0,11.860586007803983,14.222235396608781,310.53143567713678,30.49183527142724,20.913467264353398,111.11350352726612,133.30646090356238,3567.204834793043,0.0,0.0,31.978908257168258,38.902959741324149,567.5484980029079,0.0,18.848679639290674,37.61184412080291,22.0,30.0,0.0,18.946213260588153,37.42626218202808,12.0,30.0,0.0,18.848803593621225,37.08313829894968,22.0,30.0,0.0,18.973357917157757,37.82888912741892,12.0,30.0,0.0,17.77362870576623,44.18960877995718,12.0,30.0,0.0,19.295582968967307,39.82339016591897,12.0,30.0,0.0,17.96846959133706,41.190334946232649,10.0,30.0,0.0,16.82586762279037,47.37202088160612,12.0,30.0,0.0,18.00372634887566,43.32989575385386,20.0,30.0,0.0,17.218350661703956,0.0,0.0,0.0,13.680512446363779,0.0,0.0,562.1520156101865,561.7572474199056,548.7173951388577,579.8741768819148,676.266917412539,976.6343100713218,606.0873837784727,720.1516866529476,823.6936703791782,0.0,80.56119240391871,80.56119240391871,60.0,0.0,60.0,60.0,12.0,12.0,12.0,19.0,12.0,12.0,21.0,10.0,0.0,0.0,0.0,0.0,0.0,0.0,0.0,0.0,0.0,0.0,0.0,0.0,0.0,80.56119240391871,80.56119240391871,0.0,0.0,0.0,80.56119240391871,0.0,0.0,0.0019066666666666666 
 04/18  00:30:00,4.984999999999999,81.5,3.825,0.0,0.0,0.0,0.0,0.0,2.0,2.0,0.0,0.0,0.0,0.0,0.0,396.0,0.0,0.0,0.0,0.0,0.0,0.0,0.0,0.0,0.0,0.0,0.0,19.088791317069938,-84.80403422465224,19.1024811715419,-221.44350893204638,19.044619613915509,-84.52928493708123,19.015512701183444,-204.54854957341105,17.782297928373006,-3.3162482231962686,19.062118995513385,-17.80289730219019,18.060654479392939,5.824431516845834,16.87255283118526,-196.07321553313893,18.04699226723316,-17.049180731490368,512.916864650595,399.71084108006655,0.0,0.0,0.0,0.0,0.0,0.0,0.0,0.0,0.0,0.0,0.0,0.0,0.0,0.0,0.0,0.0,0.0,0.0,0.0,0.0,0.0,0.0,1.4485372451293155,0.4421664362421598,253.1085193940418,302.9356959809373,7032.242933913962,0.26178271465087157,0.039954626778216057,210.08756913499719,251.1781655298077,5892.319372870254,2.4693454193737129,0.46661855997235709,226.43873223143036,271.0028273978544,6328.414218021591,0.2701340294480309,0.051045734967503929,218.13470934166649,260.8898549443096,6105.901880420919,0.0,0.0,5.753065822962899,6.905800969808613,148.92933075726524,0.0,0.0,9.65128429675445,11.52149246756288,277.91943372461147,0.0,0.0,57.56529692107946,69.04840692202686,1525.739965680054,0.0,0.0,32.880453469321839,39.61837092716992,775.8223028774067,0.0,0.0,13.302056156884096,15.940723638509212,353.6037520258615,30.03978091385998,20.603416264650197,408.95525734549008,490.695750919132,11496.173914464196,0.0,0.0,43.153946676760728,52.530943946015799,771.5018244131682,0.0,18.661808174966795,37.420222187452697,22.0,30.0,0.0,18.88807181737417,37.25853908304866,12.0,30.0,0.0,18.674640967735898,37.403407325243978,22.0,30.0,0.0,18.846057258268524,37.297103738937199,12.0,30.0,0.0,17.747101773913568,43.52425387713666,12.0,30.0,0.0,19.257901561604613,39.32025589084106,12.0,30.0,0.0,18.064819740152826,40.34452659209229,10.0,30.0,0.0,16.567785098991139,46.71422244277008,12.0,30.0,0.0,18.10588466523933,42.61365979601025,20.0,30.0,0.0,17.931262933125788,0.0,0.0,0.0,13.654865182765107,0.0,0.0,544.9610485593456,554.1254691565756,549.4957716930703,556.7192321598836,658.6285004539993,978.6019279156484,599.9773629866802,696.7323338072476,860.0737399495199,0.0,80.56119240391871,80.56119240391871,60.0,0.0,60.0,60.0,12.0,12.0,12.0,19.0,12.0,12.0,21.0,10.0,0.0,0.0,0.0,0.0,0.0,0.0,0.0,0.0,0.0,0.0,0.0,0.0,0.0,80.56119240391871,80.56119240391871,0.0,0.0,0.0,80.56119240391871,0.0,0.0,0.0018933333333333333 
 04/18  00:40:00,4.890000000000001,82.0,3.8099999999999998,0.0,0.0,0.0,0.0,0.0,2.0,2.0,0.0,0.0,0.0,0.0,0.0,396.0,0.0,0.0,0.0,0.0,0.0,0.0,0.0,0.0,0.0,0.0,0.0,19.078404256970324,-168.4121633998534,18.943105137335935,-158.37822667692218,19.040714572590085,-178.0073478759059,18.86096187194717,-108.54135745533222,17.749634432642624,-3.8611171847518905,19.018033075599285,-19.229959883944646,18.035397400936078,-6.007199824969916,16.725224794239087,-205.50454511331533,18.075587725474628,-26.149825577312585,488.7086292826416,436.5183358537553,0.0,0.0,0.0,0.0,0.0,0.0,0.0,0.0,0.0,0.0,0.0,0.0,0.0,0.0,0.0,0.0,0.0,0.0,0.0,0.0,0.0,0.0,1.4579112228030585,0.4450278457884794,229.45518966875779,274.648401825042,6445.029229676627,0.2741297522175212,0.04183909527129445,175.04550120300136,209.5675989021865,4873.403310574262,2.4768094509115734,0.4680289967708946,163.5888864278196,195.71475647340345,4636.357582340592,0.2780577644395692,0.05254303938767367,163.79217252570818,196.02362891150973,4554.44900598892,0.0,0.0,5.876739891913926,7.051887319731673,152.90698099716534,0.0,0.0,9.795241453919634,11.697127109783678,283.2161410497655,0.0,0.0,60.176706063868,72.16410551207047,1601.4447465263064,0.0,0.0,36.0877132337649,43.52446200188545,843.082404289554,0.0,0.0,15.382224928698073,18.43541692520708,413.55801359362757,29.761496743566167,20.412549206835516,320.09761016059385,384.24558550383679,9163.031524527863,0.0,0.0,46.317838591170588,56.40804333228823,828.3112748506489,0.0,18.70296599130522,37.00898971115693,22.0,30.0,0.0,18.66147188672266,37.12433744739451,12.0,30.0,0.0,18.73277487026406,37.17528826836937,22.0,30.0,0.0,18.627912369866853,37.458209634081999,12.0,30.0,0.0,17.716110818387976,43.0306656477061,12.0,30.0,0.0,19.218990700066724,38.84731073491599,12.0,30.0,0.0,18.021288007291525,39.790581289584398,10.0,30.0,0.0,16.34935006544694,46.267893908958118,12.0,30.0,0.0,18.164623561940084,41.84548101137218,20.0,30.0,0.0,17.832317039391904,0.0,0.0,0.0,13.559307130719434,0.0,0.0,537.9119112554075,536.3185281545118,550.2746561824517,549.7949785426496,646.6276928335004,973.6934169089283,588.2884785219994,683.2286596778922,870.1854257844802,0.0,80.56119240391871,80.56119240391871,60.0,0.0,60.0,60.0,12.0,12.0,12.0,19.0,12.0,12.0,21.0,10.0,0.0,0.0,0.0,0.0,0.0,0.0,0.0,0.0,0.0,0.0,0.0,0.0,0.0,80.56119240391871,80.56119240391871,0.0,0.0,0.0,80.56119240391871,0.0,0.0,0.00188 
 04/18  00:50:00,4.795,82.5,3.795,0.0,0.0,0.0,0.0,0.0,2.0,2.0,0.0,0.0,0.0,0.0,0.0,198.0,0.0,0.0,0.0,0.0,0.0,0.0,0.0,0.0,0.0,0.0,0.0,19.05513134837122,-29.909626405389646,18.866300699651555,-211.8385899540899,19.00909222742333,-36.86798783839731,18.787777942896548,-171.55977571746099,17.711946930221378,-3.641314601259552,18.965846853597776,-17.69220937643786,17.996965864125167,-27.262307830883175,16.59082896941613,-194.9995779931494,18.090956357728524,-27.33962267033735,445.1684907587696,453.15731401853557,0.0,0.0,0.0,0.0,0.0,0.0,0.0,0.0,0.0,0.0,0.0,0.0,0.0,0.0,0.0,0.0,0.0,0.0,0.0,0.0,0.0,0.0,1.4698929663594312,0.44868527666649307,203.63607112459017,243.1994361495417,5778.947647938012,0.2640446276739379,0.04029985159858637,147.16519823719586,175.89701622189149,4105.53897621326,2.5955762378696387,0.49047170027770967,128.13199915562317,153.0008284724359,3683.3160951477436,0.26431065515780119,0.04994532410389287,126.52896792474533,151.25315919894673,3520.8442392877357,0.0,0.0,5.269167713025188,6.312585817857563,137.75325950440499,0.0,0.0,10.135974021529993,12.082262169927822,294.04188451988838,0.0,0.0,54.52757620379142,65.29182836035574,1455.5898145011002,0.0,0.0,36.64983117955084,44.14088857033085,850.0225226077286,0.0,0.0,16.978246709533047,20.303758788891814,461.1073727584953,29.373066928449807,20.14613643926599,243.38127845230268,291.83358796134766,7106.851018870872,0.0,0.0,46.76554767082155,56.86234886925792,834.9199575159361,0.0,18.74976564945579,37.12121742989527,22.0,30.0,0.0,18.57972511941892,36.52356564694638,12.0,30.0,0.0,18.749446471082775,37.89010793373889,22.0,30.0,0.0,18.538603120135965,36.618692583689398,12.0,30.0,0.0,17.67612813243459,42.4766941299077,12.0,30.0,0.0,19.164252526823505,38.339027728924069,12.0,30.0,0.0,17.962090638047266,39.434865818677199,10.0,30.0,0.0,16.160599204666324,46.328249587881668,12.0,30.0,0.0,18.201510027810298,41.07097487263864,20.0,30.0,0.0,17.661912885331206,0.0,0.0,0.0,13.443456847881779,0.0,0.0,544.1390170790581,513.5386488010757,578.3410952125504,513.7863512355204,633.4717935624244,963.6830843765207,581.171524446209,681.3194014259497,868.4665999149694,0.0,80.56119240391871,80.56119240391871,60.0,0.0,60.0,60.0,12.0,12.0,12.0,19.0,12.0,12.0,21.0,10.0,0.0,0.0,0.0,0.0,0.0,0.0,0.0,0.0,0.0,0.0,0.0,0.0,0.0,80.56119240391871,80.56119240391871,0.0,0.0,0.0,80.56119240391871,0.0,0.0,0.0018666666666666667 
 04/18  01:00:00,4.7,83.0,3.78,0.0,0.0,0.0,0.0,0.0,2.0,2.0,0.0,0.0,0.0,0.0,0.0,396.0,0.0,0.0,0.0,0.0,0.0,0.0,0.0,0.0,0.0,0.0,0.0,18.961115278117175,-104.1685721811059,18.848262529405866,-88.07215157842802,18.87465212637302,-201.82752686543064,18.767255837194378,-93.62245887654399,17.679990516830754,-3.98162184471164,18.921796695617105,-20.470565257460807,17.977030001042864,-17.359450090952806,16.495103101277164,-209.40976653198414,18.088126690685159,-35.641193986005649,461.3784095866513,477.241002195952,0.0,0.0,0.0,0.0,0.0,0.0,0.0,0.0,0.0,0.0,0.0,0.0,0.0,0.0,0.0,0.0,0.0,0.0,0.0,0.0,0.0,0.0,1.4798461813935225,0.4517234985938713,152.3991047151959,182.55948809429266,4319.415570818891,0.2824531217636341,0.04310945081862547,130.23411477495933,155.95424999154626,3671.429161163024,2.65375463253488,0.5014653500632806,222.48336645304347,266.4776303227994,6292.177816665553,0.2832315717128969,0.053520705161167209,157.7892732760048,188.96107518976494,4430.39741869677,0.0,0.0,6.036959426156544,7.250108176226411,158.62062961019047,0.0,0.0,10.157273425987182,12.135738265431538,295.7623992766114,0.0,0.0,62.4770298143403,74.97322214255962,1677.7733858304287,0.0,0.0,38.69537636459536,46.72392602122991,896.082674934756,0.0,0.0,17.780749219203057,21.308297315765615,486.29930943900879,29.155184757460178,19.99669736451316,269.4934956537357,323.8357603573726,7848.529489358547,0.0,0.0,48.80010778201299,59.485165800592529,871.0047364477032,0.0,18.61091277518959,37.096620035174108,22.0,30.0,0.0,18.627722775216016,36.80550169091356,12.0,30.0,0.0,18.53627874816581,37.135512953107227,22.0,30.0,0.0,18.573267238022248,37.304378624203199,12.0,30.0,0.0,17.64849543423074,42.11695054908408,12.0,30.0,0.0,19.125458418522834,38.060160758108697,12.0,30.0,0.0,17.948178325188527,39.606450944399217,10.0,30.0,0.0,16.04742449222424,46.25039769341821,12.0,30.0,0.0,18.204845058379897,40.673096725182819,20.0,30.0,0.0,17.67254240347713,0.0,0.0,0.0,13.345503658190186,0.0,0.0,537.9655681494292,526.1089634877221,538.2218596583894,543.9451910479206,625.7344215841947,957.6363369863179,587.4297397178366,684.3302813071114,864.6370345991113,0.0,80.56119240391871,80.56119240391871,60.0,0.0,60.0,60.0,12.0,12.0,12.0,19.0,12.0,12.0,21.0,10.0,0.0,0.0,0.0,0.0,0.0,0.0,0.0,0.0,0.0,0.0,0.0,0.0,0.0,80.56119240391871,80.56119240391871,0.0,0.0,0.0,80.56119240391871,0.0,0.0,0.0018533333333333336 
 04/18  01:10:00,4.626666666666667,83.33333333333334,3.7399999999999999,0.0,0.0,0.0,0.0,0.0,2.0,2.0,0.0,0.0,0.0,0.0,0.0,396.0,0.0,0.0,0.0,0.0,0.0,0.0,0.0,0.0,0.0,0.0,0.0,18.88600878331469,-165.74523576003504,18.74179920268456,-157.65426303699224,18.83610705105341,-174.15929015976008,18.66595827654877,-109.57694336027908,17.64283126989409,-4.247631062341782,18.87271858374193,-20.943056761727207,17.919120888339984,-35.33056488468503,16.380965282591839,-218.56315766737363,18.07853950656792,-42.44174066576056,462.4627783078022,497.4577569221989,0.0,0.0,0.0,0.0,0.0,0.0,0.0,0.0,0.0,0.0,0.0,0.0,0.0,0.0,0.0,0.0,0.0,0.0,0.0,0.0,0.0,0.0,1.491911722186431,0.45540650860391676,235.44145845746605,282.0803852371186,6662.887973239238,0.27852419343330939,0.042509797532556379,178.33022132415028,213.71287093533744,4995.83625085709,2.693236932688725,0.508926102170961,170.47104137857017,204.1538834296597,4862.687157609118,0.2828540582352012,0.05344936852517028,170.7904267926254,204.61602752471453,4773.63654091075,0.0,0.0,5.807265862371056,6.973654252795107,153.03331121237984,0.0,0.0,10.43553860346486,12.472792543266934,304.4527442964966,0.0,0.0,60.60792783878304,72.7406094739328,1626.4577031589825,0.0,0.0,40.50632689756125,48.9464770834482,932.3753497287773,0.0,0.0,20.249462636235078,24.277064161735426,556.5940826205275,28.560519095261289,19.588833398670304,330.98114242889798,397.6608872789535,9498.07267468435,0.0,0.0,50.39864676505142,61.464808663426158,897.529953592742,0.0,18.526981305836558,36.661041997124467,22.0,30.0,0.0,18.476075431393448,36.70626105196489,12.0,30.0,0.0,18.534802614874978,36.988481307776329,22.0,30.0,0.0,18.42832928545726,37.16077895129696,12.0,30.0,0.0,17.611353741343608,41.75371834722134,12.0,30.0,0.0,19.076561539369068,37.73259245658321,12.0,30.0,0.0,17.86026057970406,39.27223234863422,10.0,30.0,0.0,15.898528375238059,46.01265847977422,12.0,30.0,0.0,18.198542484648958,40.10799670026222,20.0,30.0,0.0,17.673981289454255,0.0,0.0,0.0,13.249439487043159,0.0,0.0,521.5386204433315,515.3912210517189,538.1425033174078,531.9349044680839,619.2559697566012,947.8047958451991,583.3429119409663,685.4340099822277,849.365850392162,0.0,80.56119240391871,80.56119240391871,60.0,0.0,60.0,60.0,12.0,12.0,12.0,19.0,12.0,12.0,21.0,10.0,0.0,0.0,0.0,0.0,0.0,0.0,0.0,0.0,0.0,0.0,0.0,0.0,0.0,80.56119240391871,80.56119240391871,0.0,0.0,0.0,80.56119240391871,0.0,0.0,0.00184 
 04/18  01:20:00,4.553333333333334,83.66666666666667,3.7,0.0,0.0,0.0,0.0,0.0,2.0,2.0,0.0,0.0,0.0,0.0,0.0,198.0,0.0,0.0,0.0,0.0,0.0,0.0,0.0,0.0,0.0,0.0,0.0,18.8567370658157,-26.960188808826389,18.675614908865556,-191.25292906240066,18.79782137797129,-37.834082134277199,18.607951925290477,-158.84312773786315,17.6011829497652,-3.9604067423167068,18.81745735303827,-19.584029490888669,17.859801917987768,-45.7386161106474,16.274427302932474,-209.46871207381538,18.062555723443425,-42.456419410366269,408.0432945910252,510.08630547474947,0.0,0.0,0.0,0.0,0.0,0.0,0.0,0.0,0.0,0.0,0.0,0.0,0.0,0.0,0.0,0.0,0.0,0.0,0.0,0.0,0.0,0.0,1.5084593471542676,0.4604576761765164,179.68735574396787,214.81458520853219,5128.295236579304,0.2739969460898941,0.04181882571579581,133.92790284647863,160.22071497727198,3759.5621299744495,2.834281496314431,0.5355785140427877,120.79389613934798,144.39475304530863,3493.564257402166,0.2742260380330985,0.0518189792201622,118.9775921001007,142.35760681598829,3330.237211600165,0.0,0.0,5.328291332278856,6.388818496193773,140.79209104856953,0.0,0.0,10.611042625634374,12.660947579862946,310.01045235361229,0.0,0.0,56.54979151888269,67.77984178585119,1517.2717229793166,0.0,0.0,40.697817599717,49.10524066968579,932.5859390622153,0.0,0.0,21.49046748123057,25.714258296235788,593.4714901546944,28.003776150542959,19.206979527121378,223.9682695092154,268.7897392899082,6607.229418107889,0.0,0.0,50.437917957975468,61.418356481292878,895.3576855894709,0.0,18.559748916228356,36.74606402002807,22.0,30.0,0.0,18.41032384175453,36.23406467441072,12.0,30.0,0.0,18.53656784057904,37.601818011647747,22.0,30.0,0.0,18.364549032826827,36.341337275326477,12.0,30.0,0.0,17.566012282567678,41.35980419531678,12.0,30.0,0.0,19.01543830113547,37.391733320490079,12.0,30.0,0.0,17.777194799443519,39.0884683449537,10.0,30.0,0.0,15.765381724515299,46.04328370414628,12.0,30.0,0.0,18.183023052946866,39.60361272216012,20.0,30.0,0.0,17.492600079258208,0.0,0.0,0.0,13.14202568568849,0.0,0.0,526.1907753533162,496.32130248825208,563.1909241701701,496.67114401249099,612.4249049546282,936.2160144801623,580.7224193340742,686.7316930808436,834.4164821637045,0.0,80.56119240391871,80.56119240391871,60.0,0.0,60.0,60.0,12.0,12.0,12.0,19.0,12.0,12.0,21.0,10.0,0.0,0.0,0.0,0.0,0.0,0.0,0.0,0.0,0.0,0.0,0.0,0.0,0.0,80.56119240391871,80.56119240391871,0.0,0.0,0.0,80.56119240391871,0.0,0.0,0.0018133333333333335 
 04/18  01:30:00,4.48,84.0,3.66,0.0,0.0,0.0,0.0,0.0,2.0,2.0,0.0,0.0,0.0,0.0,0.0,396.0,0.0,0.0,0.0,0.0,0.0,0.0,0.0,0.0,0.0,0.0,0.0,18.762182337073424,-101.92963442684004,18.656541186119889,-88.9624699955998,18.676703200906674,-181.83671050086697,18.58897336227723,-92.68735473638208,17.566790425166095,-4.318454955636696,18.77264405888391,-21.912166932452807,17.829283382126577,-34.827182449775367,16.19276961262478,-220.0891645561088,18.044689767771126,-48.97619416009212,423.67665156606656,521.6500686970352,0.0,0.0,0.0,0.0,0.0,0.0,0.0,0.0,0.0,0.0,0.0,0.0,0.0,0.0,0.0,0.0,0.0,0.0,0.0,0.0,0.0,0.0,1.5230413311318679,0.4649088312368339,145.63307174049829,174.61254299366005,4143.473399303735,0.28924924921936137,0.04414671080881584,124.3509275601103,149.04081254970778,3518.8481121340676,2.907579384229558,0.5494292109277323,201.45463477345764,241.5120616054865,5730.645904067529,0.29064038476765449,0.05492070762805261,147.33069306044548,176.60024214816398,4152.822428743889,0.0,0.0,5.910233980886178,7.103616700956871,156.66725764254776,0.0,0.0,10.550989542499245,12.618054402820654,308.92036684565115,0.0,0.0,62.589187137763378,75.18444050670188,1685.585415674288,0.0,0.0,41.651142185326367,50.37843484974281,953.3842853624682,0.0,0.0,21.15785878099957,25.370017291943044,586.5726020573986,27.594310214653065,18.92613869317769,254.01955387375782,305.47921173692637,7444.833508707965,0.0,0.0,51.300532341954639,62.625041130489439,907.7850481579451,0.0,18.41978272376877,36.79485702488397,22.0,30.0,0.0,18.448015387493244,36.472903496102279,12.0,30.0,0.0,18.34995057517336,36.94210456555594,22.0,30.0,0.0,18.394585395571299,36.991782540435469,12.0,30.0,0.0,17.535817645452533,41.11596358474904,12.0,30.0,0.0,18.974811253252719,37.20782381758657,12.0,30.0,0.0,17.754531737371559,39.20236833760421,10.0,30.0,0.0,15.679257402349699,45.98240593092413,12.0,30.0,0.0,18.16558604774177,39.36578316186791,20.0,30.0,0.0,17.523968224612525,0.0,0.0,0.0,13.040307766567607,0.0,0.0,522.8256238181548,508.5817383284706,527.3082548399436,527.2820982233734,608.7142823012275,931.2856548447173,583.4550277078488,689.0347177407035,831.9011135042185,0.0,80.56119240391871,80.56119240391871,60.0,0.0,60.0,60.0,12.0,12.0,12.0,19.0,12.0,12.0,21.0,10.0,0.0,0.0,0.0,0.0,0.0,0.0,0.0,0.0,0.0,0.0,0.0,0.0,0.0,80.56119240391871,80.56119240391871,0.0,0.0,0.0,80.56119240391871,0.0,0.0,0.0017866666666666665 
 04/18  01:40:00,4.406666666666666,84.33333333333334,3.62,0.0,0.0,0.0,0.0,0.0,2.0,2.0,0.0,0.0,0.0,0.0,0.0,396.0,0.0,0.0,0.0,0.0,0.0,0.0,0.0,0.0,0.0,0.0,0.0,18.700485915207854,-144.2866590942167,18.554897271602628,-148.91778495457357,18.634224994645565,-166.44837013368079,18.49421712673383,-108.80428207762543,17.527355875000184,-4.431340769694643,18.722575926729208,-22.424708705088308,17.768225016300684,-47.346478986967898,16.094278995865726,-227.73423635061148,18.020663942090054,-54.59725542819626,425.3014074172452,533.9313822433497,0.0,0.0,0.0,0.0,0.0,0.0,0.0,0.0,0.0,0.0,0.0,0.0,0.0,0.0,0.0,0.0,0.0,0.0,0.0,0.0,0.0,0.0,1.5300798194406329,0.4670573319415851,224.6210739164411,269.34902887211828,6386.725350299037,0.2877438174029482,0.043916944048069016,168.3518495006013,201.92926475135926,4737.469800412106,2.950807675643383,0.5575978223060061,167.38963539496818,200.65262237127838,4794.199875237819,0.29135859119442356,0.05505642312819793,157.69635848162825,189.10536761813723,4427.900450373734,0.0,0.0,5.715703387109141,6.8693794833447658,151.9245508372049,0.0,0.0,10.713204467342319,12.816538896141477,314.23522394020656,0.0,0.0,61.21051015715735,73.53959921062301,1647.704636831058,0.0,0.0,42.68036465965157,51.653620880933768,973.4203643628682,0.0,0.0,22.742548196553299,27.283000148480136,632.7490359505903,27.06172080970294,18.560851035461555,308.8241473270255,371.3375569138472,8927.908760917904,0.0,0.0,52.12739713215936,63.66534555650439,920.1656260163281,0.0,18.36139303380466,36.511342860664267,22.0,30.0,0.0,18.303340548674137,36.43900241224146,12.0,30.0,0.0,18.337470071682107,36.816968846445828,22.0,30.0,0.0,18.259331626151089,36.845796064498788,12.0,30.0,0.0,17.496243286783967,40.857892568729358,12.0,30.0,0.0,18.92399105894527,36.98594532876483,12.0,30.0,0.0,17.670179810139048,38.95937761840666,10.0,30.0,0.0,15.559871074480533,45.796455558724108,12.0,30.0,0.0,18.13867873623267,39.00561996396265,20.0,30.0,0.0,17.524764272185757,0.0,0.0,0.0,12.942536516223644,0.0,0.0,514.1534332486245,501.05640642222138,527.5058808062231,515.8741243945624,605.4052332714888,923.513431439502,580.9549232388197,688.2539887937994,820.2900561477566,0.0,80.56119240391871,80.56119240391871,60.0,0.0,60.0,60.0,12.0,12.0,12.0,19.0,12.0,12.0,21.0,10.0,0.0,0.0,0.0,0.0,0.0,0.0,0.0,0.0,0.0,0.0,0.0,0.0,0.0,80.56119240391871,80.56119240391871,0.0,0.0,0.0,80.56119240391871,0.0,0.0,0.00176 
 04/18  01:50:00,4.333333333333333,84.66666666666667,3.58,0.0,0.0,0.0,0.0,0.0,2.0,2.0,0.0,0.0,0.0,0.0,0.0,198.0,0.0,0.0,0.0,0.0,0.0,0.0,0.0,0.0,0.0,0.0,0.0,18.673533133257565,-19.015421405552844,18.497749677841424,-171.03050955181244,18.593096560880526,-34.71808358172984,18.441520293669457,-149.37300217885059,17.483434940548244,-4.030601000901839,18.666739630437215,-21.014420012390646,17.709128627754429,-54.1141100269499,15.999207604293236,-219.84985123076559,17.992018117171754,-53.893428430497468,373.9693523891474,546.3644396261909,0.0,0.0,0.0,0.0,0.0,0.0,0.0,0.0,0.0,0.0,0.0,0.0,0.0,0.0,0.0,0.0,0.0,0.0,0.0,0.0,0.0,0.0,1.5604388630842654,0.47632443928091136,122.69325770920226,146.8122186285225,3532.5928632140546,0.2849136601085688,0.04348499085906117,121.14842481528835,145.06079311100135,3419.5626239447249,3.076929548101847,0.5814303756806213,116.04503919544976,138.87021160903445,3372.995966122704,0.2858124895109133,0.05400840693705843,113.7334918300617,136.20480485826008,3200.251476224377,0.0,0.0,5.365015488255418,6.438313570155901,142.96004579887774,0.0,0.0,10.8255271189963,12.929361848295589,317.95212560990719,0.0,0.0,58.25675610799075,69.89421533191161,1568.7556597977417,0.0,0.0,42.87651611599493,51.81320201083256,975.2189902362031,0.0,0.0,23.889841316031949,28.60584211477154,666.9012092585836,26.568293183679093,18.22242330842188,207.29744887818624,248.98350188118693,6171.930450822774,0.0,0.0,52.20306747154534,63.660715775514777,919.49502071637,0.0,18.392111104474265,36.61136164849793,22.0,30.0,0.0,18.25202578177575,36.03268645848464,12.0,30.0,0.0,18.332114361809376,37.278418434005939,22.0,30.0,0.0,18.204077508118698,36.13789644805325,12.0,30.0,0.0,17.44830182787926,40.57026799413864,12.0,30.0,0.0,18.861724994108149,36.76161972657719,12.0,30.0,0.0,17.594301029881235,38.91585358402616,10.0,30.0,0.0,15.447608303513754,45.827178837341609,12.0,30.0,0.0,18.105084193714757,38.69493311574793,20.0,30.0,0.0,17.346590158503675,0.0,0.0,0.0,12.844507811196023,0.0,0.0,517.4801291800332,483.6011602352917,547.0336789020264,483.66507947330009,601.3603710292485,915.3509188257236,582.2907485152418,686.7383129540392,809.9284295862709,0.0,80.56119240391871,80.56119240391871,60.0,0.0,60.0,60.0,12.0,12.0,12.0,19.0,12.0,12.0,21.0,10.0,0.0,0.0,0.0,0.0,0.0,0.0,0.0,0.0,0.0,0.0,0.0,0.0,0.0,80.56119240391871,80.56119240391871,0.0,0.0,0.0,80.56119240391871,0.0,0.0,0.0017566666666666666 
 04/18  02:00:00,4.26,85.0,3.54,0.0,0.0,0.0,0.0,0.0,2.0,2.0,0.0,0.0,0.0,0.0,0.0,396.0,0.0,0.0,0.0,0.0,0.0,0.0,0.0,0.0,0.0,0.0,0.0,18.557605737837159,-113.67647153675944,18.473482589017516,-100.30225476417172,18.499652926244438,-142.54623269206469,18.42354114965174,-87.30257753806882,17.447330899316346,-4.465535430524511,18.622074676003196,-22.627360752633906,17.672747570316454,-48.47812458289127,15.923457067874669,-228.98086636192603,17.967194364095005,-59.01498381218943,393.52540055613147,554.8199410775715,0.0,0.0,0.0,0.0,0.0,0.0,0.0,0.0,0.0,0.0,0.0,0.0,0.0,0.0,0.0,0.0,0.0,0.0,0.0,0.0,0.0,0.0,1.5717987106364629,0.47979203621381658,150.06567230171488,180.08814189164958,4277.300275027279,0.29619015426325537,0.045206067500496858,127.24762399267309,152.6249267694248,3614.5965920912278,3.12551645280454,0.5906115746040327,138.85693672231089,166.63579964222749,4003.589397309889,0.2986579648697889,0.05643574544024733,131.22164138601125,157.43431296910615,3717.926190039007,0.0,0.0,5.7124305739516469,6.871480814951802,152.68384011752824,0.0,0.0,10.750386915693515,12.868021940420015,316.43062465709957,0.0,0.0,61.86153364283902,74.38462836916853,1671.2403951127206,0.0,0.0,43.51690291974589,52.71132086507811,989.5755397553077,0.0,0.0,23.55983871078078,28.269623815430543,659.8981659768501,26.19764229065177,17.9682045889244,241.35507478717126,290.4472289958296,7122.036883496824,0.0,0.0,52.75769938960052,64.49331507860784,926.8670754367798,0.0,18.208568106106364,36.6213686746857,22.0,30.0,0.0,18.27363293209339,36.305408828727717,12.0,30.0,0.0,18.20044830865149,36.824737391662328,22.0,30.0,0.0,18.231875814610207,36.69740042374002,12.0,30.0,0.0,17.41648104065375,40.41654051966384,12.0,30.0,0.0,18.821360566830465,36.650356653965378,12.0,30.0,0.0,17.564650673060244,38.94360763185594,10.0,30.0,0.0,15.37162668703108,45.788553564826489,12.0,30.0,0.0,18.080199970545587,38.54746432605728,20.0,30.0,0.0,17.38917589672831,0.0,0.0,0.0,12.74818763211054,0.0,0.0,510.174095385644,496.9362952697466,523.4935256204417,512.897006065642,599.7664772423561,912.6710968921823,580.2942530839544,687.1779536210988,808.4679109043204,0.0,80.56119240391871,80.56119240391871,60.0,0.0,60.0,60.0,12.0,12.0,12.0,19.0,12.0,12.0,21.0,10.0,0.0,0.0,0.0,0.0,0.0,0.0,0.0,0.0,0.0,0.0,0.0,0.0,0.0,80.56119240391871,80.56119240391871,0.0,0.0,0.0,80.56119240391871,0.0,0.0,0.0017533333333333334 
 04/18  02:10:00,4.16,85.33333333333334,3.5083333333333339,0.0,0.0,0.0,0.0,0.0,2.0,2.0,0.0,0.0,0.0,0.0,0.0,198.0,0.0,0.0,0.0,0.0,0.0,0.0,0.0,0.0,0.0,0.0,0.0,18.442798886562309,-148.34169736194372,18.46299469181874,-7.139651895741281,18.407141578208774,-166.73336280590548,18.421205777283118,-9.70061155707981,17.40194692876244,-4.159513781479575,18.566012741247606,-22.85253801063459,17.621357009508626,-44.384182415531999,15.830207895902273,-225.43285078911209,17.933632936975529,-61.12408498533796,338.08957135111998,564.6138876646521,0.0,0.0,0.0,0.0,0.0,0.0,0.0,0.0,0.0,0.0,0.0,0.0,0.0,0.0,0.0,0.0,0.0,0.0,0.0,0.0,0.0,0.0,1.5939523249766246,0.4865544337535484,108.83852348007626,130.42563773105935,3105.066395795369,0.30476046063890047,0.046514111819124,71.81173208954869,85.96726415289271,2064.715511111488,3.2014934321403247,0.6049685245918983,96.633258109423,115.7847774305761,2814.1261750659557,0.3080557873444609,0.05821160002729796,98.90031752824919,118.39811512705357,2833.949995142976,0.0,0.0,5.865180130515717,7.042110459862331,157.43790384339872,0.0,0.0,10.754230504243792,12.85162154450584,317.52578853947576,0.0,0.0,63.29787918453924,75.97548211003522,1716.0853692778492,0.0,0.0,43.91154220440759,53.109014441600049,998.3295127959365,0.0,0.0,23.79618066952772,28.506427712577837,669.7096079108385,25.776337152511638,17.67924358882829,162.42131790860496,195.2373186511834,4971.565332472789,0.0,0.0,53.06786754553918,64.77204359171785,933.5659269680139,0.0,18.04623763674284,36.5736095219207,22.0,30.0,0.0,18.312326857097536,36.47066088999989,12.0,30.0,0.0,18.082813584551386,36.50001813615255,22.0,30.0,0.0,18.27852591516583,36.997779028091077,12.0,30.0,0.0,17.366713205215289,40.19135299904352,12.0,30.0,0.0,18.758710058599467,36.47112715515214,12.0,30.0,0.0,17.505724827128398,39.02664561432759,10.0,30.0,0.0,15.26122419822215,45.843248697217358,12.0,30.0,0.0,18.039966139589859,38.305326803099628,20.0,30.0,0.0,17.177155139715468,0.0,0.0,0.0,12.654070371730809,0.0,0.0,505.26686175470936,508.4508786663623,509.216538564613,535.8175182482273,597.6133271947418,907.5678824059767,578.7766439878175,686.8947968724738,802.5468080230577,0.0,80.56119240391871,80.56119240391871,60.0,0.0,60.0,60.0,12.0,12.0,12.0,19.0,12.0,12.0,21.0,10.0,0.0,0.0,0.0,0.0,0.0,0.0,0.0,0.0,0.0,0.0,0.0,0.0,0.0,80.56119240391871,80.56119240391871,0.0,0.0,0.0,80.56119240391871,0.0,0.0,0.0017499999999999999 
 04/18  02:20:00,4.0600000000000009,85.66666666666667,3.476666666666667,0.0,0.0,0.0,0.0,0.0,2.0,2.0,0.0,0.0,0.0,0.0,0.0,396.0,0.0,0.0,0.0,0.0,0.0,0.0,0.0,0.0,0.0,0.0,0.0,18.442049542619008,-65.100237513102,18.37095638729067,-160.6851350854772,18.382538626823334,-82.26645354193602,18.328629110114379,-143.93649164577665,17.365012124561276,-4.38000111534501,18.521965329867514,-22.284844559611373,17.567224421626635,-59.58768076050137,15.755699189708079,-234.27581434303023,17.90624564114927,-64.04917008675415,371.4738472371723,574.322715997253,0.0,0.0,0.0,0.0,0.0,0.0,0.0,0.0,0.0,0.0,0.0,0.0,0.0,0.0,0.0,0.0,0.0,0.0,0.0,0.0,0.0,0.0,1.619236736935282,0.4942725082220031,148.50612055449776,178.3134733307259,4277.663181191506,0.2986070403402268,0.045574945106872228,120.6298193901566,144.87904266549519,3449.642422691108,3.309624507301292,0.6254014564061401,133.20979728882194,159.9514862523949,3883.6446668587989,0.3017089145607582,0.05701226654587266,130.5186367095097,156.72506742273789,3721.4960487086739,0.0,0.0,5.475735746422034,6.587781380432132,147.70882198869553,0.0,0.0,10.900091494470676,13.054143537555934,323.14412163168756,0.0,0.0,60.44361632635743,72.70498758857892,1642.967046362674,0.0,0.0,44.483458850821879,53.924363852432268,1013.6524139640167,0.0,0.0,25.19566021395499,30.24839656053919,712.7292212755083,25.33933062488301,17.379513460139248,233.8409851919557,281.627470069634,6956.919983934318,0.0,0.0,53.48886216129208,65.4380208900429,942.0928389201158,0.0,18.126774659708987,36.557562089920939,22.0,30.0,0.0,18.16871545174036,36.20054349794466,12.0,30.0,0.0,18.108201760232825,36.84450369934487,22.0,30.0,0.0,18.12332958219408,36.52345473516823,12.0,30.0,0.0,17.334307920239995,40.11040359839686,12.0,30.0,0.0,18.720153776057324,36.40920935009305,12.0,30.0,0.0,17.44123955438054,38.9092295736535,10.0,30.0,0.0,15.186879237696953,45.798405270085698,12.0,30.0,0.0,18.013494880195446,38.207692003662589,20.0,30.0,0.0,17.270296837317518,0.0,0.0,0.0,12.563764148724474,0.0,0.0,508.4640623053402,489.75042024807439,524.6246696739825,503.1534349829123,596.4799023518592,903.8664380422893,580.3248175334561,685.8209373464717,796.4298947927239,0.0,80.56119240391871,80.56119240391871,60.0,0.0,60.0,60.0,12.0,12.0,12.0,19.0,12.0,12.0,21.0,10.0,0.0,0.0,0.0,0.0,0.0,0.0,0.0,0.0,0.0,0.0,0.0,0.0,0.0,80.56119240391871,80.56119240391871,0.0,0.0,0.0,80.56119240391871,0.0,0.0,0.0017566666666666666 
 04/18  02:30:00,3.96,86.0,3.4450000000000005,0.0,0.0,0.0,0.0,0.0,2.0,2.0,0.0,0.0,0.0,0.0,0.0,198.0,0.0,0.0,0.0,0.0,0.0,0.0,0.0,0.0,0.0,0.0,0.0,18.4442248509763,-12.291886946774867,18.267533657048547,-205.57622639843249,18.35634865373273,-28.256994680560184,18.232244119411669,-175.63883267915254,17.31852334861626,-4.146172363889889,18.466571622502149,-21.722568673435604,17.504592885806099,-60.54993239724081,15.664004230616517,-230.9621211969395,17.86964273585108,-65.26130348505046,351.7628892251505,584.2065795261469,0.0,0.0,0.0,0.0,0.0,0.0,0.0,0.0,0.0,0.0,0.0,0.0,0.0,0.0,0.0,0.0,0.0,0.0,0.0,0.0,0.0,0.0,1.6425734115708626,0.5013960352780411,118.96033099976981,142.4870486884563,3474.7000344140694,0.3014320515969082,0.046006112881091,116.79549710785237,139.99759473010205,3335.5941882130389,3.392746252596785,0.6411085133402846,107.27387875914195,128.51299475948273,3172.519735940937,0.30348702626848897,0.05734826649064415,104.45150609510996,125.21740201085982,2976.494632836095,0.0,0.0,5.359104425823066,6.437317545881181,145.17130527985484,0.0,0.0,10.96128857073811,13.105544816190232,325.9825938040791,0.0,0.0,59.710091604265517,71.71781237976532,1626.5514528697875,0.0,0.0,44.84542731504936,54.28153828531667,1021.8770091625822,0.0,0.0,25.911141871758905,31.052230891338213,736.2695851182726,24.94486653345426,17.10896195710169,195.22929967848234,234.6844286801268,5906.826394097691,0.0,0.0,53.754347238055789,65.66042705006285,948.525679726452,0.0,18.19515497365464,36.40297957708117,22.0,30.0,0.0,18.02657044521603,36.01143677839374,12.0,30.0,0.0,18.12033437948094,36.926117529909969,22.0,30.0,0.0,17.98926646409098,36.09755837826612,12.0,30.0,0.0,17.283310219199835,39.98127034460305,12.0,30.0,0.0,18.658680228853478,36.317842672267619,12.0,30.0,0.0,17.362272934326616,38.79790461189722,10.0,30.0,0.0,15.078813695243122,45.855704803468189,12.0,30.0,0.0,17.969946856117056,38.07264588069174,20.0,30.0,0.0,17.178824174808314,0.0,0.0,0.0,12.47418708284341,0.0,0.0,503.7067897528474,474.5814199745199,529.9805490096088,474.95695535154388,594.6935043377191,898.9009714232998,580.7728879743107,685.0225511362343,789.4676888293064,0.0,80.56119240391871,80.56119240391871,60.0,0.0,60.0,60.0,12.0,12.0,12.0,19.0,12.0,12.0,21.0,10.0,0.0,0.0,0.0,0.0,0.0,0.0,0.0,0.0,0.0,0.0,0.0,0.0,0.0,80.56119240391871,80.56119240391871,0.0,0.0,0.0,80.56119240391871,0.0,0.0,0.0017633333333333334 
 04/18  02:40:00,3.8600000000000005,86.33333333333334,3.4133333333333337,0.0,0.0,0.0,0.0,0.0,2.0,2.0,0.0,0.0,0.0,0.0,0.0,396.0,0.0,0.0,0.0,0.0,0.0,0.0,0.0,0.0,0.0,0.0,0.0,18.30871483797848,-119.85277080357537,18.243411264706177,-85.26352537264666,18.266736446105008,-122.69335290920003,18.216221162525068,-73.00237282366152,17.2806572444288,-4.38198609694291,18.42176949835059,-23.573682685429504,17.464381202236426,-59.50925966506361,15.590853025486851,-238.93945917587917,17.83922678448348,-70.07558609720815,361.39055369378459,590.8793542306471,0.0,0.0,0.0,0.0,0.0,0.0,0.0,0.0,0.0,0.0,0.0,0.0,0.0,0.0,0.0,0.0,0.0,0.0,0.0,0.0,0.0,0.0,1.6563617562606617,0.5056049317034987,174.52615218232649,209.6305694212166,5033.346603310246,0.3137757690244326,0.04789007463742867,125.3251692724813,150.47773335246743,3610.405543985551,3.4397840931097996,0.6499969941628496,126.60588238993947,152.08258556381078,3721.442064428266,0.3156466470778913,0.059646002849185798,121.5496468946641,145.98175434880546,3496.5233871057378,0.0,0.0,5.596625838974802,6.738002367159595,152.3449944928713,0.0,0.0,10.903918847370062,13.064496511272097,325.5457975108045,0.0,0.0,62.083317583779308,74.7307638175571,1699.3931056674915,0.0,0.0,45.33004827254942,54.99216022265661,1035.4891089073427,0.0,0.0,25.746316671069715,30.917258166283835,735.0991024313387,24.5524607557456,16.839822191869417,230.6439118350429,277.82152890202237,6907.499130922439,0.0,0.0,54.1490831421722,66.29604401249165,956.7935944882652,0.0,17.969716339678166,36.59036083856823,22.0,30.0,0.0,18.055485328145229,36.22959189641767,12.0,30.0,0.0,17.995309457129637,36.70775341498155,22.0,30.0,0.0,18.02834096669433,36.50129518009993,12.0,30.0,0.0,17.24999520566847,39.884533716051638,12.0,30.0,0.0,18.61816320181334,36.25941935570938,12.0,30.0,0.0,17.327900458534786,38.825400956081839,10.0,30.0,0.0,15.006673985549782,45.86536516937343,12.0,30.0,0.0,17.939713947585099,37.978204530758187,20.0,30.0,0.0,17.19639308024085,0.0,0.0,0.0,12.385406383247887,0.0,0.0,504.5561372614003,486.69291754213949,517.2102699017748,501.2021877923802,593.5285535167689,897.8271556686841,577.2411211160413,684.1852646854429,788.7084290160528,0.0,80.56119240391871,80.56119240391871,60.0,0.0,60.0,60.0,12.0,12.0,12.0,19.0,12.0,12.0,21.0,10.0,0.0,0.0,0.0,0.0,0.0,0.0,0.0,0.0,0.0,0.0,0.0,0.0,0.0,80.56119240391871,80.56119240391871,0.0,0.0,0.0,80.56119240391871,0.0,0.0,0.00177 
 04/18  02:50:00,3.7600000000000004,86.66666666666666,3.381666666666667,0.0,0.0,0.0,0.0,0.0,2.0,2.0,0.0,0.0,0.0,0.0,0.0,198.0,0.0,0.0,0.0,0.0,0.0,0.0,0.0,0.0,0.0,0.0,0.0,18.22209527065535,-119.43686868209488,18.231839288044008,-6.868376015938566,18.176247706714578,-139.7573632307899,18.216352888374368,-9.971812372532895,17.23338302361941,-3.970445961782076,18.36581435845826,-23.666666888924455,17.404401647893314,-56.919122383093057,15.501613912433623,-234.8426114646561,17.799420317899739,-71.60934101758721,272.7198039496702,598.5747935647598,0.0,0.0,0.0,0.0,0.0,0.0,0.0,0.0,0.0,0.0,0.0,0.0,0.0,0.0,0.0,0.0,0.0,0.0,0.0,0.0,0.0,0.0,1.683636672788574,0.5139306082993206,84.147753608769,100.92386417236695,2453.2958185400786,0.3199101261700137,0.04882633183303017,48.87863492757746,58.57540797779342,1427.4757020507157,3.5061963068940598,0.662546543252846,75.23707288260244,90.2321344762682,2252.8677228513849,0.32106017511558118,0.060668967330986599,77.31783670631067,92.65340193192756,2250.7666586365669,0.0,0.0,5.6547775156205148,6.7955389752564809,154.55502484993495,0.0,0.0,10.973694651690387,13.127055185107747,328.6346596421651,0.0,0.0,62.55118445211397,75.16515541424536,1716.6382659019603,0.0,0.0,45.578658454037988,55.21073893638276,1041.533599193321,0.0,0.0,26.27989165903826,31.507595546012764,753.49730907416,24.171857149046028,16.57877719413308,117.61652014788058,141.57137938862184,3774.0768116999358,0.0,0.0,54.30238570351948,66.3810417374668,961.499637996218,0.0,17.86562489495218,36.53131003502851,22.0,30.0,0.0,18.08972265770693,36.25077461999859,12.0,30.0,0.0,17.879916838455399,36.506055300747799,22.0,30.0,0.0,18.076872123652078,36.65523492744324,12.0,30.0,0.0,17.198342546887799,39.7475854002457,12.0,30.0,0.0,18.555586256033835,36.152278002851,12.0,30.0,0.0,17.256469076928587,38.90419780237545,10.0,30.0,0.0,14.902979095282698,45.93367462163951,12.0,30.0,0.0,17.89220105679642,37.81992892250796,20.0,30.0,0.0,16.860237350080497,0.0,0.0,0.0,12.297879079170534,0.0,0.0,505.73977690088267,495.5834175159854,510.589650568705,520.744163735969,592.347122356029,893.9617608825823,575.4864316898287,682.9755410215964,782.8983699178147,0.0,80.56119240391871,80.56119240391871,60.0,0.0,60.0,60.0,12.0,12.0,12.0,19.0,12.0,12.0,21.0,10.0,0.0,0.0,0.0,0.0,0.0,0.0,0.0,0.0,0.0,0.0,0.0,0.0,0.0,80.56119240391871,80.56119240391871,0.0,0.0,0.0,80.56119240391871,0.0,0.0,0.0017933333333333335 
 04/18  03:00:00,3.66,87.0,3.35,0.0,0.0,0.0,0.0,0.0,2.0,2.0,0.0,0.0,0.0,0.0,0.0,396.0,0.0,0.0,0.0,0.0,0.0,0.0,0.0,0.0,0.0,0.0,0.0,18.204686359793688,-67.50326918717974,18.139206902843946,-158.31751493600474,18.145570991849369,-70.38530424371743,18.116601372916507,-152.2411358199288,17.195004545603934,-4.0814280729626379,18.321652168958125,-23.58082854565515,17.351340419401589,-66.60142169874325,15.429782202754204,-242.7575836397864,17.767453908785119,-74.8132395805593,345.65668839205866,605.9225667544498,0.0,0.0,0.0,0.0,0.0,0.0,0.0,0.0,0.0,0.0,0.0,0.0,0.0,0.0,0.0,0.0,0.0,0.0,0.0,0.0,0.0,0.0,1.706719757049358,0.5209767268160435,138.5583932696072,166.49196894328066,4048.9801696299589,0.3169546330511106,0.048375249244675,112.6547840175925,135.42216641528993,3266.3273115150357,3.6058922202773604,0.6813855291529406,126.75463867312863,152.34025265512526,3759.230194882647,0.3188985490998702,0.06026049680647583,123.27375718774053,148.17035985937003,3565.1449731527529,0.0,0.0,5.405293556446427,6.508692832952015,148.441574374791,0.0,0.0,11.08900384354111,13.293130452709214,333.4169966556416,0.0,0.0,61.14718797601442,73.63207618032658,1683.1918389497103,0.0,0.0,46.045307853088747,55.90075523074386,1054.9921495100458,0.0,0.0,27.200157364277918,32.68034487193741,783.5813783988153,23.819185015225558,16.33688958520272,219.4324044203536,264.49567787425908,6636.808448977072,0.0,0.0,54.63819173095597,66.94323703229108,969.2405013851419,0.0,17.906167538273058,36.493408423574809,22.0,30.0,0.0,17.94527481685532,36.09869162577672,12.0,30.0,0.0,17.890048612413314,36.720922187647719,22.0,30.0,0.0,17.90807881483016,36.34419312841755,12.0,30.0,0.0,17.164839423832779,39.69622708324415,12.0,30.0,0.0,18.51664798426492,36.11566811292202,12.0,30.0,0.0,17.19833012111139,38.82398337892083,10.0,30.0,0.0,14.832844533006833,45.92062845634237,12.0,30.0,0.0,17.861337404400275,37.76095092047773,20.0,30.0,0.0,17.080926074949308,0.0,0.0,0.0,12.213439570121498,0.0,0.0,503.17261117537807,480.7589745347102,517.7156052866951,492.90328489855758,591.3903382863107,891.0254365664777,577.4866204679145,683.2513484465271,778.6339939796501,0.0,80.56119240391871,80.56119240391871,60.0,0.0,60.0,60.0,12.0,12.0,12.0,19.0,12.0,12.0,21.0,10.0,0.0,0.0,0.0,0.0,0.0,0.0,0.0,0.0,0.0,0.0,0.0,0.0,0.0,80.56119240391871,80.56119240391871,0.0,0.0,0.0,80.56119240391871,0.0,0.0,0.0018166666666666668 
 04/18  03:10:00,3.62,86.83333333333333,3.3550000000000006,0.0,0.0,0.0,0.0,0.0,2.0,2.0,0.0,0.0,0.0,0.0,0.0,198.0,0.0,0.0,0.0,0.0,0.0,0.0,0.0,0.0,0.0,0.0,0.0,18.196284541797657,-9.333964402006132,18.041511302147336,-192.93479608287317,18.109768323182608,-27.132258689171068,18.030488016341495,-161.8069531630258,17.147124454827268,-3.6323186532978299,18.267095503129356,-22.909407431546414,17.285779410489697,-69.7682141236387,15.3420243844349,-239.06775081922639,17.72602921746433,-75.54285537603573,326.32305455389999,614.5928354667385,0.0,0.0,0.0,0.0,0.0,0.0,0.0,0.0,0.0,0.0,0.0,0.0,0.0,0.0,0.0,0.0,0.0,0.0,0.0,0.0,0.0,0.0,1.7114802230267766,0.522429860508784,116.87067346997913,140.13792126110298,3443.7617290124069,0.3152419490071368,0.04811385058106484,113.65995790200366,136.37430102973267,3278.6177873764138,3.61650897006977,0.6833917177002591,100.24443634817462,120.2256698980683,3001.599886165475,0.3167895966863193,0.05986197972152668,97.45180746454133,116.93376300871756,2809.207652098457,0.0,0.0,5.2433355804934529,6.303844336216122,143.93995705597988,0.0,0.0,11.184207532208893,13.385341556875633,335.9777039485816,0.0,0.0,59.89490742730074,72.01933534759559,1644.6359854794603,0.0,0.0,46.31196413907058,56.14077852789155,1055.9563852182624,0.0,0.0,27.911772396980028,33.4779962258489,803.9457907559256,23.680831068079838,16.241996617338715,186.4414708349941,224.32557917449197,5703.234674116153,0.0,0.0,54.831704342235969,67.07645367968424,968.4726651914258,0.0,17.95531274761941,36.3084189607027,22.0,30.0,0.0,17.812848630271369,35.930778538539978,12.0,30.0,0.0,17.882008366587617,36.73046319051129,22.0,30.0,0.0,17.795813407216504,35.97442906445657,12.0,30.0,0.0,17.112743755888013,39.6055645432556,12.0,30.0,0.0,18.455537212879798,36.05672109618606,12.0,30.0,0.0,17.116536451694495,38.80385960612147,10.0,30.0,0.0,14.731040794804417,45.99428348293512,12.0,30.0,0.0,17.812142656847909,37.67433214196812,20.0,30.0,0.0,16.98300755037486,0.0,0.0,0.0,12.1311770864244,0.0,0.0,494.4925011215546,467.6035315626478,519.3950576367605,468.24779528241836,589.2358497116181,886.2969979991,582.2389629844438,682.3176484191264,773.1382846058583,0.0,80.56119240391871,80.56119240391871,60.0,0.0,60.0,60.0,12.0,12.0,12.0,19.0,12.0,12.0,21.0,10.0,0.0,0.0,0.0,0.0,0.0,0.0,0.0,0.0,0.0,0.0,0.0,0.0,0.0,80.56119240391871,80.56119240391871,0.0,0.0,0.0,80.56119240391871,0.0,0.0,0.00184 
 04/18  03:20:00,3.58,86.66666666666667,3.3600000000000005,0.0,0.0,0.0,0.0,0.0,2.0,2.0,0.0,0.0,0.0,0.0,0.0,396.0,0.0,0.0,0.0,0.0,0.0,0.0,0.0,0.0,0.0,0.0,0.0,18.068414206877848,-110.53380746810717,18.01520973399778,-87.57811217977974,18.0315067278258,-101.24395023101124,18.01027872616235,-79.33999849734164,17.108141960841416,-3.864250161885593,18.223434183150294,-24.853845001837784,17.2428078620449,-68.31470615245724,15.271643929592962,-246.2060828079325,17.69232607406648,-80.1218661919059,337.58142236969209,620.5158759687793,0.0,0.0,0.0,0.0,0.0,0.0,0.0,0.0,0.0,0.0,0.0,0.0,0.0,0.0,0.0,0.0,0.0,0.0,0.0,0.0,0.0,0.0,1.6947263540640028,0.5173157368937738,170.61700605381768,205.12468284655925,4947.5026490949389,0.3205902158115397,0.04893013061836686,116.20858597546037,139.66510134773359,3365.0860187714699,3.568061315189743,0.6742368320464369,112.52240094866599,135.27851617695928,3340.6690962173418,0.3210142622083418,0.060660291422589138,108.48807844464423,130.40564150193354,3140.3964009185949,0.0,0.0,5.4958510099334119,6.622183291291816,150.92234774295833,0.0,0.0,11.18589591728041,13.415112851049287,335.990758284574,0.0,0.0,62.164724905838138,74.90952117531148,1707.307163162921,0.0,0.0,46.75183516553772,56.799310111165159,1063.26881026258,0.0,0.0,27.839293527535824,33.45843915901074,802.1230991398907,23.8508475786396,16.358606021014823,208.5998165147471,251.50852716194644,6318.327163907668,0.0,0.0,55.275612118986277,67.7715487821148,971.8034940815137,0.0,17.745925685987037,36.542676423297319,22.0,30.0,0.0,17.833515848853854,36.11448547809655,12.0,30.0,0.0,17.780395534224856,36.59396736205308,22.0,30.0,0.0,17.82226588082974,36.284872838020827,12.0,30.0,0.0,17.07873564842931,39.54198666457579,12.0,30.0,0.0,18.415647823660778,36.0188096428068,12.0,30.0,0.0,17.079913652890878,38.77866408025126,10.0,30.0,0.0,14.66286119827078,46.00703042455407,12.0,30.0,0.0,17.778975389171757,37.60713316311467,20.0,30.0,0.0,16.96318562870486,0.0,0.0,0.0,12.051470911104401,0.0,0.0,500.86610498453038,478.4182769758475,511.94850898803557,491.3894666630607,588.6165879154407,885.3461484925829,575.1787968471579,681.2182095351835,772.5127452219365,0.0,80.56119240391871,80.56119240391871,60.0,0.0,60.0,60.0,12.0,12.0,12.0,19.0,12.0,12.0,21.0,10.0,0.0,0.0,0.0,0.0,0.0,0.0,0.0,0.0,0.0,0.0,0.0,0.0,0.0,80.56119240391871,80.56119240391871,0.0,0.0,0.0,80.56119240391871,0.0,0.0,0.0018566666666666667 
 04/18  03:30:00,3.54,86.5,3.365,0.0,0.0,0.0,0.0,0.0,2.0,2.0,0.0,0.0,0.0,0.0,0.0,396.0,0.0,0.0,0.0,0.0,0.0,0.0,0.0,0.0,0.0,0.0,0.0,18.027791354058317,-105.36751576677625,17.91597966607175,-139.61790819218414,17.968057170116965,-136.71640192310634,17.90476977457098,-137.52275319352067,17.06438795237544,-3.638034406739024,18.174074165684524,-26.231769845199609,17.17749152739115,-71.80244168549211,15.18792215584577,-251.0592094641264,17.651944322664599,-85.23205718401323,361.13173919087878,625.3414212291484,0.0,0.0,0.0,0.0,0.0,0.0,0.0,0.0,0.0,0.0,0.0,0.0,0.0,0.0,0.0,0.0,0.0,0.0,0.0,0.0,0.0,0.0,1.6797980703299747,0.5127588737270985,167.87465882427248,201.83824726742325,4875.90111203523,0.31790690515557487,0.04852058991995954,139.140935320231,167.34522016177267,4000.518564743734,3.5319442064946724,0.6674119815749573,159.48576996146304,191.75634528755368,4683.281383378573,0.3189737465516146,0.06027470645344189,148.13460377013338,178.16347679315903,4250.332460706944,0.0,0.0,5.493801618276594,6.6193123248854459,150.84950786854803,0.0,0.0,11.357850437982482,13.625211695423772,340.98094062165759,0.0,0.0,62.66258233863299,75.52256324895473,1716.3780742440268,0.0,0.0,47.24716138943478,57.42475874056751,1069.66470753792,0.0,0.0,28.55669625140449,34.332845138970629,822.6585906257867,23.98297573733893,16.449228900781166,271.1050728201592,326.8173426085608,8057.521664045573,0.0,0.0,55.68717565831986,68.29999383995016,974.8692909218959,0.0,17.73255942453057,36.304348020685939,22.0,30.0,0.0,17.6909654045892,36.06559837825371,12.0,30.0,0.0,17.716724677356355,36.438183207194779,22.0,30.0,0.0,17.65986563635021,36.26065681719113,12.0,30.0,0.0,17.035563249786017,39.44579984090733,12.0,30.0,0.0,18.36481297394969,35.94279956888255,12.0,30.0,0.0,17.000530585364588,38.65949151033831,10.0,30.0,0.0,14.56856339932624,45.94016785237325,12.0,30.0,0.0,17.733620507941919,37.471609087911179,20.0,30.0,0.0,16.985910446215244,0.0,0.0,0.0,11.972638181395049,0.0,0.0,499.9233211050234,475.41575063440947,510.54216792838897,485.75598570658567,586.8775406006079,880.871931470513,575.2745651859348,680.1651435129113,767.1462800008355,0.0,80.56119240391871,80.56119240391871,60.0,0.0,60.0,60.0,12.0,12.0,12.0,19.0,12.0,12.0,21.0,10.0,0.0,0.0,0.0,0.0,0.0,0.0,0.0,0.0,0.0,0.0,0.0,0.0,0.0,80.56119240391871,80.56119240391871,0.0,0.0,0.0,80.56119240391871,0.0,0.0,0.0018733333333333337 
 04/18  03:40:00,3.5,86.33333333333333,3.37,0.0,0.0,0.0,0.0,0.0,2.0,2.0,0.0,0.0,0.0,0.0,0.0,198.0,0.0,0.0,0.0,0.0,0.0,0.0,0.0,0.0,0.0,0.0,0.0,17.994950369502769,-13.78522943302687,17.868918817235504,-139.09713004559354,17.908867628380145,-31.622920376395997,17.86616498496045,-127.51114203574162,17.016223953356737,-2.7410576679563976,18.119638714188807,-24.799353659563168,17.11250638181238,-77.21071250604564,15.105409009513167,-243.31990718439693,17.607512131650155,-83.46687783439859,311.723179525211,634.9198267458535,0.0,0.0,0.0,0.0,0.0,0.0,0.0,0.0,0.0,0.0,0.0,0.0,0.0,0.0,0.0,0.0,0.0,0.0,0.0,0.0,0.0,0.0,1.6785655051176432,0.5123826328197935,105.5322718113544,126.66189288085963,3096.0211262305685,0.3106811527537748,0.04741775835680324,103.32734501896664,124.07192802753174,2975.3819559976388,3.5259602239382534,0.6662812214546966,100.23371387678141,120.32712398725374,2982.001473083853,0.31171764560642009,0.058903561150117158,97.4826980961333,117.06137349055243,2804.229778188911,0.0,0.0,5.1950461887539369,6.2499836138758779,142.59698000610548,0.0,0.0,11.515188366825868,13.791722109516865,345.39124334616687,0.0,0.0,60.21727348816679,72.47162719901208,1645.668593412691,0.0,0.0,47.342578665568378,57.453978702956558,1067.5075768740588,0.0,0.0,29.383254492979405,35.26700861320075,846.157697919906,24.117762603127188,16.54167531078683,175.74930818258103,211.67591348989584,5386.384236579293,0.0,0.0,55.76741524645347,68.29174877337016,973.3245920428424,0.0,17.742974330059746,36.275016977651919,22.0,30.0,0.0,17.65593574113555,35.702392608853539,12.0,30.0,0.0,17.67112078754113,36.648109071546389,22.0,30.0,0.0,17.637992910658359,35.73119718217265,12.0,30.0,0.0,16.98386832450539,39.32187168276962,12.0,30.0,0.0,18.30372123875732,35.86062918366262,12.0,30.0,0.0,16.922377104630596,38.69314099421789,10.0,30.0,0.0,14.477111061713519,46.027192951407837,12.0,30.0,0.0,17.681607664351206,37.368732281864087,20.0,30.0,0.0,16.756684483278727,0.0,0.0,0.0,11.902344874751324,0.0,0.0,493.78411942312729,461.048677969436,516.5351117797034,461.03336014394776,584.0704770594609,875.7223881308619,581.0451319912696,678.5179546817344,762.2403086320099,0.0,80.56119240391871,80.56119240391871,60.0,0.0,60.0,60.0,12.0,12.0,12.0,19.0,12.0,12.0,21.0,10.0,0.0,0.0,0.0,0.0,0.0,0.0,0.0,0.0,0.0,0.0,0.0,0.0,0.0,80.56119240391871,80.56119240391871,0.0,0.0,0.0,80.56119240391871,0.0,0.0,0.0018899999999999998 
 04/18  03:50:00,3.46,86.16666666666667,3.375,0.0,0.0,0.0,0.0,0.0,2.0,2.0,0.0,0.0,0.0,0.0,0.0,396.0,0.0,0.0,0.0,0.0,0.0,0.0,0.0,0.0,0.0,0.0,0.0,17.879691943087999,-103.4469469281612,17.837079863083028,-111.12248091039669,17.849080617499703,-80.72736960266275,17.84238946365292,-95.68397381112118,16.976823474836889,-2.9077403166230626,18.076232913503298,-26.13872624748072,17.06779618659081,-74.86476953490615,15.038527042093783,-248.87851702139825,17.572045968919356,-87.28993597244693,325.6523524646841,638.3350683303369,0.0,0.0,0.0,0.0,0.0,0.0,0.0,0.0,0.0,0.0,0.0,0.0,0.0,0.0,0.0,0.0,0.0,0.0,0.0,0.0,0.0,0.0,1.6666399850501109,0.5087423641789105,168.73587530080779,202.99185855696585,4876.0358067711899,0.3131055586925034,0.04778778368322702,107.46423676370462,129.23352011532715,3100.141694127902,3.47314988373251,0.6563019432601118,99.39240497105414,119.55958423090275,2951.55889195527,0.3137692077628829,0.05929123351528398,97.13710908540354,116.83420423915865,2802.898280041317,0.0,0.0,5.396691810704764,6.506843052532509,148.18174141419213,0.0,0.0,11.546546419524855,13.857599319064274,346.3105788452099,0.0,0.0,62.05046182051112,74.83611803984152,1695.9694613618972,0.0,0.0,47.64498435472733,57.9459812648029,1072.1417196833452,0.0,0.0,29.405046565639048,35.36386111347535,847.012996188826,24.342662260915469,16.69592747662241,187.7953552653944,226.6006265350859,5721.39406749333,0.0,0.0,56.07136038159882,68.81423938308603,974.9577259187934,0.0,17.56163725923537,36.36792859230056,22.0,30.0,0.0,17.654061549847414,35.89924552608626,12.0,30.0,0.0,17.607839268164385,36.42736790684468,22.0,30.0,0.0,17.647533483896923,36.03812267516446,12.0,30.0,0.0,16.949845865022075,39.260667484284628,12.0,30.0,0.0,18.264545763462885,35.80998702609982,12.0,30.0,0.0,16.88463027124287,38.662848776534449,10.0,30.0,0.0,14.415113359543195,46.00984687907389,12.0,30.0,0.0,17.647422181271965,37.305087518760569,20.0,30.0,0.0,16.727162139754907,0.0,0.0,0.0,11.830655046132798,0.0,0.0,497.6217807346827,472.37819306658289,508.8232812697654,483.88890347199836,583.6677051410136,873.7476011486776,573.9548099410524,677.7789553104353,761.0220462393204,0.0,80.56119240391871,80.56119240391871,60.0,0.0,60.0,60.0,12.0,12.0,12.0,19.0,12.0,12.0,21.0,10.0,0.0,0.0,0.0,0.0,0.0,0.0,0.0,0.0,0.0,0.0,0.0,0.0,0.0,80.56119240391871,80.56119240391871,0.0,0.0,0.0,80.56119240391871,0.0,0.0,0.0018899999999999998 
 04/18  04:00:00,3.42,86.0,3.38,0.0,0.0,0.0,0.0,0.0,2.0,2.0,0.0,0.0,0.0,0.0,0.0,198.0,0.0,0.0,0.0,0.0,0.0,0.0,0.0,0.0,0.0,0.0,0.0,17.785106356796029,-120.58462681947549,17.8193832500232,-7.048530992937231,17.755198852703779,-135.69713453299438,17.838676728752817,-10.517449654375014,16.92792601511511,-2.5288358491341968,18.022023451422187,-26.66854436926849,17.00961822884627,-68.91862241606668,14.957458897790549,-244.72980739035985,17.52650746012154,-88.29296104516277,270.04092396434228,643.6715687221185,0.0,0.0,0.0,0.0,0.0,0.0,0.0,0.0,0.0,0.0,0.0,0.0,0.0,0.0,0.0,0.0,0.0,0.0,0.0,0.0,0.0,0.0,1.6642351559507245,0.5080082893622481,88.97048945463046,106.91636200466026,2578.9516248887159,0.3166038850361553,0.04832171627535948,54.11554703687563,64.97530041129873,1573.9317217047065,3.424712050855772,0.6471489136159814,70.54057210399641,84.75659798980789,2110.667083284667,0.3155307411950026,0.05962410075491355,71.94313800460424,86.37248031158785,2091.365148166168,0.0,0.0,5.586733961741148,6.724214418062856,153.327184185834,0.0,0.0,11.597474683344485,13.897162293449677,347.5256056016637,0.0,0.0,63.40288122776098,76.34145480158706,1730.6773076097034,0.0,0.0,47.806603021509179,58.05587528131853,1071.5328306285504,0.0,0.0,29.545735132949106,35.47804457819187,850.6892676498339,24.514514219292399,16.813795760831554,116.63547621120243,140.65285704338067,3747.1088087050127,0.0,0.0,56.24047902397588,68.91471310392963,975.1200285045316,0.0,17.438574838520148,36.38770475761704,22.0,30.0,0.0,17.6774540210921,36.015169455142309,12.0,30.0,0.0,17.48081325530156,36.296880285863348,22.0,30.0,0.0,17.69150246974494,36.202691115125279,12.0,30.0,0.0,16.897145451441575,39.14968448815902,12.0,30.0,0.0,18.203503063910348,35.71077681589023,12.0,30.0,0.0,16.82089349187959,38.69317923645434,10.0,30.0,0.0,14.324956388975622,46.07989107646631,12.0,30.0,0.0,17.594002571255208,37.19151946300131,20.0,30.0,0.0,16.464860511559207,0.0,0.0,0.0,11.762165714022533,0.0,0.0,501.504860179532,486.0669501903781,507.22475495168995,504.87995225151897,582.7447894600725,869.5510104636654,570.0966102986196,677.4528885697285,757.530522303624,0.0,80.56119240391871,80.56119240391871,60.0,0.0,60.0,60.0,12.0,12.0,12.0,19.0,12.0,12.0,21.0,10.0,0.0,0.0,0.0,0.0,0.0,0.0,0.0,0.0,0.0,0.0,0.0,0.0,0.0,80.56119240391871,80.56119240391871,0.0,0.0,0.0,80.56119240391871,0.0,0.0,0.0018899999999999998 
 04/18  04:10:00,3.35,86.16666666666667,3.3683333333333338,0.0,0.0,0.0,0.0,0.0,2.0,2.0,0.0,0.0,0.0,0.0,0.0,396.0,0.0,0.0,0.0,0.0,0.0,0.0,0.0,0.0,0.0,0.0,0.0,17.772276465334707,-59.460770579652038,17.728563161606723,-157.00804707495719,17.721999453163947,-73.33921959496252,17.736951986656508,-157.84984721234333,16.888325981954645,-2.2104377883890438,17.978188784949447,-26.50825024994458,16.954569328254388,-79.232314238517,14.891095286722202,-250.1588855564246,17.489968755572904,-90.89879611247227,342.8742979615936,648.5115349625221,0.0,0.0,0.0,0.0,0.0,0.0,0.0,0.0,0.0,0.0,0.0,0.0,0.0,0.0,0.0,0.0,0.0,0.0,0.0,0.0,0.0,0.0,1.6589445302871616,0.5063933242634804,140.22729509053418,168.85851726891029,4074.282832863486,0.30810606181331337,0.047024734708991659,108.90816279561803,131.1700056398465,3140.785705982664,3.4416533142331069,0.6503502105504739,121.83509962620077,146.71955742959444,3595.316242919871,0.3082514972278497,0.058248582242601969,120.62348327410774,145.25970256739425,3473.964579779821,0.0,0.0,5.342205723485522,6.442500401279647,146.98889756612079,0.0,0.0,11.742765491804939,14.10037793859956,352.6024302526704,0.0,0.0,61.83689541582265,74.60896773236668,1689.3331074340904,0.0,0.0,48.15180633200557,58.60126559775099,1080.1194866940473,0.0,0.0,30.30255668303912,36.46250256789794,874.5917953393952,24.652596320523366,16.90850227745087,212.0693199930308,256.13243013396348,6412.1437213540889,0.0,0.0,56.53349671900269,69.42324004781426,980.7759239363936,0.0,17.48956445721077,36.26799537194219,22.0,30.0,0.0,17.536016387270707,35.801000375774069,12.0,30.0,0.0,17.484923738885496,36.40438310218822,22.0,30.0,0.0,17.518839475983734,35.94533246782716,12.0,30.0,0.0,16.86330073422488,39.1062445352017,12.0,30.0,0.0,18.16530115105489,35.67971228717591,12.0,30.0,0.0,16.762540980605885,38.6358956502508,10.0,30.0,0.0,14.263767727744252,46.051658042931908,12.0,30.0,0.0,17.559814101141336,37.15515883565696,20.0,30.0,0.0,16.64051137049372,0.0,0.0,0.0,11.697079540594146,0.0,0.0,497.5230264042281,470.07813463315417,508.8552449907878,479.03495501803368,581.338283566273,866.2816973080612,574.0177305465388,676.8841878739008,754.3567168656666,0.0,80.56119240391871,80.56119240391871,60.0,0.0,60.0,60.0,12.0,12.0,12.0,19.0,12.0,12.0,21.0,10.0,0.0,0.0,0.0,0.0,0.0,0.0,0.0,0.0,0.0,0.0,0.0,0.0,0.0,80.56119240391871,80.56119240391871,0.0,0.0,0.0,80.56119240391871,0.0,0.0,0.0018899999999999998 
 04/18  04:20:00,3.2800000000000004,86.33333333333334,3.3566666666666666,0.0,0.0,0.0,0.0,0.0,2.0,2.0,0.0,0.0,0.0,0.0,0.0,198.0,0.0,0.0,0.0,0.0,0.0,0.0,0.0,0.0,0.0,0.0,0.0,17.764062845251816,-8.108394631093688,17.62710302307671,-198.4370236521322,17.683809656943084,-26.01669082854187,17.6370919981999,-182.85166151608656,16.838766016359643,-1.6829195517079257,17.923064639234146,-25.956785930380023,16.88994623685488,-79.69210677222623,14.81024815203677,-246.18249868484305,17.443036835623006,-91.05694818445204,337.7869974386813,654.945408911369,0.0,0.0,0.0,0.0,0.0,0.0,0.0,0.0,0.0,0.0,0.0,0.0,0.0,0.0,0.0,0.0,0.0,0.0,0.0,0.0,0.0,0.0,1.6590612433985766,0.5064289509763665,113.6753880874798,136.57600552914696,3336.8387482684327,0.30575827831698906,0.04666640389453435,110.34240272226353,132.6549396964937,3171.202314115136,3.4280337706784356,0.6477766006573009,105.90689225799314,127.26596522384672,3149.6268645066577,0.30579124877260896,0.05778368268567816,103.45221236756304,124.37841440788137,2970.597702700724,0.0,0.0,5.214713834152069,6.279414641215544,143.7322331741956,0.0,0.0,11.838793855418813,14.19357554886686,355.8928992912706,0.0,0.0,61.236174808125117,73.78065503860167,1673.117387836621,0.0,0.0,48.35974891497757,58.76876196209187,1083.522173190366,0.0,0.0,30.774894770155645,36.971402838961,889.6507678358223,24.791384438856459,17.003693030765754,188.21271551624936,226.9098431953256,5753.38123489331,0.0,0.0,56.728437680178178,69.55599358391442,985.3560427728273,0.0,17.537272084791554,36.0346109406112,22.0,30.0,0.0,17.396878436804835,35.62126781593156,12.0,30.0,0.0,17.47256317139559,36.374008204651818,22.0,30.0,0.0,17.38125711765075,35.64607754128502,12.0,30.0,0.0,16.809776966902978,39.02943497035003,12.0,30.0,0.0,18.10443647176015,35.625781671487839,12.0,30.0,0.0,16.68610862978479,38.602321009811358,10.0,30.0,0.0,14.174062698745488,46.10496377854156,12.0,30.0,0.0,17.505500077212834,37.09975278103323,20.0,30.0,0.0,16.55521059602807,0.0,0.0,0.0,11.632666534335782,0.0,0.0,485.64557839675799,456.39901526802916,506.00871493690956,456.3497238461052,579.0774116664212,861.56127268821,577.9574191242539,675.5961779635123,750.7080818191416,0.0,80.56119240391871,80.56119240391871,60.0,0.0,60.0,60.0,12.0,12.0,12.0,19.0,12.0,12.0,21.0,10.0,0.0,0.0,0.0,0.0,0.0,0.0,0.0,0.0,0.0,0.0,0.0,0.0,0.0,80.56119240391871,80.56119240391871,0.0,0.0,0.0,80.56119240391871,0.0,0.0,0.0019033333333333333 
 04/18  04:30:00,3.21,86.5,3.3449999999999999,0.0,0.0,0.0,0.0,0.0,2.0,2.0,0.0,0.0,0.0,0.0,0.0,396.0,0.0,0.0,0.0,0.0,0.0,0.0,0.0,0.0,0.0,0.0,0.0,17.634441595843254,-108.66552557480645,17.599106884911188,-90.34679645368328,17.599949815064006,-107.46827214543123,17.616011750854136,-84.85521216069742,16.79827876918239,-1.6861672805099773,17.878320669125939,-27.758031541391916,16.84573915269271,-78.91960915499897,14.74458845158279,-251.1320979854454,17.40499350101492,-95.12812700864783,347.6760510752115,657.8179815005591,0.0,0.0,0.0,0.0,0.0,0.0,0.0,0.0,0.0,0.0,0.0,0.0,0.0,0.0,0.0,0.0,0.0,0.0,0.0,0.0,0.0,0.0,1.6480244049605677,0.503059952674166,169.2822810502783,203.91213452981786,4898.675633811794,0.3117789133778731,0.047585304239602128,116.60873546623128,140.41639081979265,3370.9583093994726,3.3959029432548837,0.6417050157322155,115.01394309188652,138.53973742708508,3401.1922040993119,0.3120075437807653,0.058958341606342629,110.63606608232084,133.23860512171198,3198.4498469962366,0.0,0.0,5.444119745588238,6.569997221788389,150.4291442527225,0.0,0.0,11.812707034046254,14.191021910363507,355.78907708070337,0.0,0.0,63.08703479412402,76.17072469073215,1727.9418441638459,0.0,0.0,48.66775312581162,59.269456309082418,1091.377787980336,0.0,0.0,30.557307934020608,36.78307379690183,885.3533431820176,24.903785227612766,17.080785478472416,210.1277337211904,253.85011050095239,6369.330178638282,0.0,0.0,57.02954825429707,70.07608110491189,990.9520164091264,0.0,17.324870749670607,36.30948076298089,22.0,30.0,0.0,17.416376860896777,35.82548832714605,12.0,30.0,0.0,17.3599791815114,36.33143554866412,22.0,30.0,0.0,17.412283309808659,35.945547567944377,12.0,30.0,0.0,16.77460510197439,38.9733168401515,12.0,30.0,0.0,18.064250076602997,35.588492970576869,12.0,30.0,0.0,16.64958060243964,38.55638787480518,10.0,30.0,0.0,14.113809681970935,46.094442906529739,12.0,30.0,0.0,17.46925231768548,37.04391589635044,20.0,30.0,0.0,16.529772410167,0.0,0.0,0.0,11.565687549285391,0.0,0.0,494.57926186610407,468.5334072741043,503.7624884023022,479.17514160789838,578.2277120919981,860.5433509849947,569.9375856825466,673.8842505239627,750.5399389807665,0.0,80.56119240391871,80.56119240391871,60.0,0.0,60.0,60.0,12.0,12.0,12.0,19.0,12.0,12.0,21.0,10.0,0.0,0.0,0.0,0.0,0.0,0.0,0.0,0.0,0.0,0.0,0.0,0.0,0.0,80.56119240391871,80.56119240391871,0.0,0.0,0.0,80.56119240391871,0.0,0.0,0.0019166666666666666 
 04/18  04:40:00,3.14,86.66666666666667,3.333333333333333,0.0,0.0,0.0,0.0,0.0,2.0,2.0,0.0,0.0,0.0,0.0,0.0,396.0,0.0,0.0,0.0,0.0,0.0,0.0,0.0,0.0,0.0,0.0,0.0,17.584603956710518,-114.06368683406572,17.493404666869595,-148.60996794794529,17.537695809467924,-133.47138966814328,17.50277335024046,-150.55787972101053,16.75297646152778,-1.6379633807989649,17.82770418264277,-29.139491482892568,16.77940167714167,-81.99553403687276,14.667065753607968,-254.5753356187032,17.36003392806556,-99.71414662385621,370.5899877135562,659.6381581104872,0.0,0.0,0.0,0.0,0.0,0.0,0.0,0.0,0.0,0.0,0.0,0.0,0.0,0.0,0.0,0.0,0.0,0.0,0.0,0.0,0.0,0.0,1.642479540703165,0.5013673811670223,168.49520847369173,203.00327569312635,4888.920621877125,0.31061350140674096,0.0474074330596369,137.56406763853344,165.77789425837455,3954.1770714927336,3.3672429648510766,0.6362892979688356,152.70770261121948,183.97542245016397,4487.288824889021,0.3108401058461078,0.05873773731030002,151.02833657243816,181.99944318229798,4333.7051135594069,0.0,0.0,5.5345292651851569,6.678971453384078,153.236198063448,0.0,0.0,11.95382904466556,14.364851801509723,360.5704648296248,0.0,0.0,63.31653251747519,76.46300433478592,1733.5236869969709,0.0,0.0,48.95489190364997,59.64230598881673,1096.8220571963717,0.0,0.0,31.13676203459544,37.49408116883109,903.6761926969089,24.988963626906967,17.13920687716528,271.3609379589322,327.78535244175228,8082.885430519603,0.0,0.0,57.25732002030752,70.37954303727705,995.0943125059177,0.0,17.293240193738766,36.08873504416098,22.0,30.0,0.0,17.263028858520224,35.79870590520054,12.0,30.0,0.0,17.29995368357487,36.19001539122896,22.0,30.0,0.0,17.237332081215734,35.973392191211107,12.0,30.0,0.0,16.730061185380927,38.87860431422225,12.0,30.0,0.0,18.012669941104386,35.512357409931258,12.0,30.0,0.0,16.57069226407955,38.43946346099645,10.0,30.0,0.0,14.030216268926637,45.99775499823663,12.0,30.0,0.0,17.420068818257247,36.92043508232169,20.0,30.0,0.0,16.54662413122984,0.0,0.0,0.0,11.494753257520046,0.0,0.0,493.33285389609906,466.33197974080886,503.10566605751,475.3860160914062,575.7308085539962,856.2205705246589,570.1278327455466,672.2708243578395,746.0246397648019,0.0,80.56119240391871,80.56119240391871,60.0,0.0,60.0,60.0,12.0,12.0,12.0,19.0,12.0,12.0,21.0,10.0,0.0,0.0,0.0,0.0,0.0,0.0,0.0,0.0,0.0,0.0,0.0,0.0,0.0,80.56119240391871,80.56119240391871,0.0,0.0,0.0,80.56119240391871,0.0,0.0,0.00193 
 04/18  04:50:00,3.07,86.83333333333333,3.3216666666666665,0.0,0.0,0.0,0.0,0.0,2.0,2.0,0.0,0.0,0.0,0.0,0.0,198.0,0.0,0.0,0.0,0.0,0.0,0.0,0.0,0.0,0.0,0.0,0.0,17.54728084830517,-14.859860337482133,17.442665978267884,-145.27792819039088,17.476355270327465,-33.55441957958783,17.466061470409607,-132.64006667400509,16.702288266933267,-1.043243139858106,17.771424677341686,-27.635564858032184,16.710346782161936,-89.01703623841832,14.589904388276836,-246.97914040078423,17.310803529411375,-97.50114249237186,318.83825856793376,668.3201421590698,0.0,0.0,0.0,0.0,0.0,0.0,0.0,0.0,0.0,0.0,0.0,0.0,0.0,0.0,0.0,0.0,0.0,0.0,0.0,0.0,0.0,0.0,1.6396703404214464,0.5005098719235185,142.013880003611,170.8096254010871,4151.616570355775,0.3039151847924232,0.04638510146404506,106.22264560703892,127.8127217300319,3063.343274156244,3.3778536305203268,0.6382943368330174,99.31419702825466,119.46607373312814,2958.34395870681,0.303916833537444,0.05742948479543535,97.09050718999018,116.82489079355848,2800.587862976025,0.0,0.0,5.17859177551482,6.240523294961628,143.6165260881481,0.0,0.0,12.126260139372294,14.54986481625017,366.1491023615083,0.0,0.0,60.29063882392337,72.71122596531619,1649.9941895015834,0.0,0.0,48.961374340584047,59.56313557670001,1096.3778882118882,0.0,0.0,31.993769325332769,38.4651753047632,929.8845238708814,25.064699951697059,17.191152230244904,177.53318157046869,214.277312315843,5462.318813020965,0.0,0.0,57.28125877798269,70.30311600668206,996.7796467702483,0.0,17.297919135019858,36.04004727495646,22.0,30.0,0.0,17.223921275223807,35.448515000396088,12.0,30.0,0.0,17.2500398370156,36.38259608057861,22.0,30.0,0.0,17.22314756478751,35.44452375507889,12.0,30.0,0.0,16.675055095145696,38.763324564018208,12.0,30.0,0.0,17.950179389073197,35.43122850929898,12.0,30.0,0.0,16.4870727147406,38.48550981785132,10.0,30.0,0.0,13.947721614611826,46.06474451572934,12.0,30.0,0.0,17.363479051778083,36.836398953600419,20.0,30.0,0.0,16.307835996659106,0.0,0.0,0.0,11.430884434629764,0.0,0.0,489.4991644464928,451.57793897067469,507.0006367000494,451.71858412296447,572.6816123760347,851.2147167607557,576.6211332469626,670.6216743035118,741.5833088699513,0.0,80.56119240391871,80.56119240391871,60.0,0.0,60.0,60.0,12.0,12.0,12.0,19.0,12.0,12.0,21.0,10.0,0.0,0.0,0.0,0.0,0.0,0.0,0.0,0.0,0.0,0.0,0.0,0.0,0.0,80.56119240391871,80.56119240391871,0.0,0.0,0.0,80.56119240391871,0.0,0.0,0.00192 
 04/18  05:00:00,3.0,87.0,3.31,0.0,0.0,0.0,0.0,0.0,2.0,2.0,0.0,0.0,0.0,0.0,0.0,396.0,0.0,0.0,0.0,0.0,0.0,0.0,0.0,0.0,0.0,0.0,0.0,17.44501428837778,-92.84233808648924,17.409769509976955,-111.7775873410676,17.405642362127375,-93.3071726918406,17.43698344457685,-112.97094409735655,16.660638146114356,-1.7119912194896756,17.726265048813937,-29.179625900811517,16.664977104876756,-83.50011048619388,14.526105133084045,-251.95713362229777,17.271390748845506,-101.0873936584203,333.80477543612008,670.3512872631668,0.0,0.0,0.0,0.0,0.0,0.0,0.0,0.0,0.0,0.0,0.0,0.0,0.0,0.0,0.0,0.0,0.0,0.0,0.0,0.0,0.0,0.0,1.6389867134217434,0.5003011945731817,148.34202362751678,178.81517951284637,4311.5265188807329,0.3083654928630375,0.04706433041255151,103.53696233676925,124.7672846041922,2998.7874132917379,3.356477740592916,0.6342550530220932,105.4291851287222,127.0693285076238,3131.4663898948799,0.30735603139442538,0.05807937101179616,100.5349274978193,121.14628739125883,2912.08768502151,0.0,0.0,5.523329820778816,6.670055068180991,153.53944382250053,0.0,0.0,12.135707566913308,14.590456942500227,367.128324019242,0.0,0.0,62.6978315789037,75.76942395207434,1720.1549364304806,0.0,0.0,49.169761462778058,59.94218533559399,1102.297052029076,0.0,0.0,31.89996836116346,38.428343272677519,929.1930990774373,25.243657617969558,17.31389411383372,186.22888589713276,225.16111625617979,5720.20847746328,0.0,0.0,57.53198708074144,70.76155175233937,1001.1599458195491,0.0,17.143361051330204,36.142254330715129,22.0,30.0,0.0,17.223159404707887,35.65740607287321,12.0,30.0,0.0,17.165928381728265,36.21443509217229,22.0,30.0,0.0,17.224642781762456,35.75412377798598,12.0,30.0,0.0,16.6383071554545,38.70839343182982,12.0,30.0,0.0,17.909677899870937,35.382057718534088,12.0,30.0,0.0,16.45126161641697,38.45070202590473,10.0,30.0,0.0,13.890384497848736,46.03122086780533,12.0,30.0,0.0,17.326366728235088,36.77905578598289,20.0,30.0,0.0,16.27790780364462,0.0,0.0,0.0,11.360819948393428,0.0,0.0,492.384137243586,465.50681177320907,501.4044388136365,473.24288769006,572.6567384512043,849.6996215932659,569.5453314752281,669.9838858510534,740.8593462624433,0.0,80.56119240391871,80.56119240391871,60.0,0.0,60.0,60.0,12.0,12.0,12.0,19.0,12.0,12.0,21.0,10.0,0.0,0.0,0.0,0.0,0.0,0.0,0.0,0.0,0.0,0.0,0.0,0.0,0.0,80.56119240391871,80.56119240391871,0.0,0.0,0.0,80.56119240391871,0.0,0.0,0.00191 
 04/18  05:10:00,3.0483333333333335,86.5,3.3633333333333335,10.666666666666668,206.66666666666669,0.0,0.0,0.0,2.0,2.0,0.0,0.0,0.0,0.0,0.0,198.0,0.0,22.100847096401887,121.91281119192888,312.3948071957835,0.6626948671376188,17.63857816192399,0.0,121.91281119192874,166.66405568915574,0.0,0.0,17.344347186902167,-119.36060955933817,17.401765813059954,-7.183175709263651,17.37657096054066,-137.12984090248848,17.614127307966844,-25.467290265534758,16.610547543522857,-1.7531238254516098,17.679142178223427,-29.41876496893849,16.607045322381038,-78.06267672621016,14.53727533938199,-252.6666985340878,17.31341082645016,-104.65065461466702,263.18197338637267,672.9675067293847,0.0,0.0,0.0,0.0,0.0,0.0,0.0,0.0,0.0,0.0,0.0,0.0,0.0,0.0,0.0,0.0,0.0,0.0,0.0,0.0,0.0,0.0,1.636324370015219,0.4994885134356591,88.3212473461821,106.36205103825832,2553.509010053859,0.31131355686416187,0.047514279130671837,53.65354859464312,64.55745987962955,1557.555772075403,3.3449827844446289,0.6320829146720767,67.68946913395866,81.49515206713073,2026.404400798426,0.3112988250656762,0.05882441894665081,69.36246498186147,83.4242188256182,2025.5280186263254,0.0,0.0,5.654735229782187,6.818006252954682,156.08414227729177,0.0,0.0,12.09662334843315,14.522550519419225,363.5416582893845,0.0,0.0,63.72545025555173,76.89517087863901,1735.038935343526,0.0,0.0,49.28863559172395,59.993963487086258,1096.9253045804097,0.0,0.0,31.816014367946715,38.26620959567618,923.4195682905724,24.944073654579606,17.108418144430464,113.0021231739336,136.56520172795698,3650.6862557805918,0.0,0.0,57.57188012368425,70.70684622157364,989.8305661893218,0.0,17.006937010492928,36.26352498035995,22.0,30.0,0.0,17.25344649054782,35.75704235841313,12.0,30.0,0.0,17.079992428699219,36.11390723791737,22.0,30.0,0.0,17.361671999980879,35.72892982659534,12.0,30.0,0.0,16.583098379068898,38.61365848922022,12.0,30.0,0.0,17.851507421209303,35.2876408446855,12.0,30.0,0.0,16.389956070009803,38.45447232200607,10.0,30.0,0.0,13.854001095876829,45.93989793560106,12.0,30.0,0.0,17.317405552587,36.57801897066999,20.0,30.0,0.0,16.028128657773029,0.0,0.0,0.0,11.30370320135541,0.0,0.0,497.99779177753859,479.033601394831,504.19969740865556,494.7062331174073,572.4002550660139,846.9918521971097,564.6868490544152,669.584411694407,738.9927886774964,0.0,80.56119240391871,80.56119240391871,60.0,0.0,60.0,60.0,12.0,12.0,12.0,19.0,12.0,12.0,21.0,10.0,0.0,0.0,0.0,0.0,0.0,0.0,0.0,0.0,0.0,0.0,0.0,0.0,0.0,80.56119240391871,80.56119240391871,0.0,0.0,0.0,80.56119240391871,0.0,0.0,0.0018999999999999998 
 04/18  05:20:00,3.0966666666666669,86.0,3.416666666666667,13.333333333333334,258.33333333333339,0.0,0.0,0.0,2.0,2.0,0.0,0.0,0.0,0.0,0.0,396.0,0.0,29.795502538504456,154.43069677916825,395.72012865063439,0.8934251246419153,23.779706919955655,0.0,154.4306967791682,211.11847062240825,0.0,0.0,17.357968577777308,-15.745632631402942,17.320737681923548,-155.77112499593819,17.385808609589384,-85.23907341810309,17.613022937528798,-208.61609383210704,16.569901647641666,-1.8819994631046058,17.642226073147535,-29.65624662469574,16.55401452176683,-85.05315671936615,14.533522109947539,-256.49881258070277,17.33500378513446,-108.47463161248618,321.5134764028421,671.4296725982607,0.0,0.0,0.0,0.0,0.0,0.0,0.0,0.0,0.0,0.0,0.0,0.0,0.0,0.0,0.0,0.0,0.0,0.0,0.0,0.0,0.0,0.0,1.6339285307390386,0.49875718276527439,150.5244956026831,181.6246232460026,4334.411069643342,0.30551232555447119,0.04662886531661649,109.34677014410343,131.9564176330257,3123.4431013614346,3.3569445458813287,0.6343432626381953,146.7132819150293,176.98941462479878,4278.946773514076,0.29591201978148476,0.055916859369139208,114.78882752266918,138.53450973827467,3297.0905387745026,0.0,0.0,5.469458587794823,6.607596778561206,150.0281319165153,0.0,0.0,12.363391134635866,14.872998235924694,369.4720152193295,0.0,0.0,60.49854526475635,73.14926057926636,1634.7563703031624,0.0,0.0,48.90358836651758,59.642558424048377,1082.287364480721,0.0,0.0,33.83605871278879,40.77308677062416,979.1166901736515,24.69796433573592,16.939618885964287,205.4894638341613,248.71902652709185,6184.11816608353,0.0,0.0,57.07675730555762,70.24012656557905,972.246737496064,0.0,17.110762032725519,36.1083986752906,22.0,30.0,0.0,17.120837226695998,35.587346149201469,12.0,30.0,0.0,17.117564031302078,36.08158023545536,22.0,30.0,0.0,17.233738381024339,35.32593561146636,12.0,30.0,0.0,16.547816166260696,38.57574132387339,12.0,30.0,0.0,17.817326240022866,35.25230594985154,12.0,30.0,0.0,16.337395603805406,38.4332074224567,10.0,30.0,0.0,13.843424935344658,45.77516880788444,12.0,30.0,0.0,17.325960489005639,36.437457501915378,20.0,30.0,0.0,16.219920176063729,0.0,0.0,0.0,11.276005611566323,0.0,0.0,495.3577012050496,464.1121300836319,500.7536521366244,465.1467412831996,571.3335852105727,843.8888931969574,570.6329923108827,669.6355204530981,733.4693693713059,0.0,80.56119240391871,80.56119240391871,60.0,0.0,60.0,60.0,12.0,12.0,12.0,19.0,12.0,12.0,21.0,10.0,0.0,0.0,0.0,0.0,0.0,0.0,0.0,0.0,0.0,0.0,0.0,0.0,0.0,80.56119240391871,80.56119240391871,0.0,0.0,0.0,80.56119240391871,0.0,0.0,0.0018933333333333333 
 04/18  05:30:00,3.145,85.5,3.4699999999999999,16.0,310.0,0.0,0.0,0.0,2.0,2.0,0.0,0.0,0.0,0.0,0.0,198.0,0.0,38.085715075917189,184.05281375397744,471.62522530730106,1.142015685369785,30.396174083674116,0.0,184.0528137539774,251.61415032048348,0.0,0.0,17.347669283917705,-15.336365980019764,17.281049289401488,-115.04885830101103,17.410778384749958,-14.100772885457446,17.594273825191516,-319.94697625522988,16.519128728894516,-1.840051833955954,17.596544438293785,-29.690942002887029,16.50717431269259,-75.10332975780875,14.529007943580151,-257.2926658062338,17.36060432439932,-111.8907357672781,313.5715182679969,670.4056019465891,0.0,0.0,0.0,0.0,0.0,0.0,0.0,0.0,0.0,0.0,0.0,0.0,0.0,0.0,0.0,0.0,0.0,0.0,0.0,0.0,0.0,0.0,1.637411470322883,0.4998203511364112,64.22869747996923,77.32996778878008,1874.295964169888,0.308111827811143,0.04702561474529045,54.69759230148492,65.87393795840485,1559.9176317042428,3.3927836835080438,0.6411155864527673,168.61668795300768,202.98248346959898,4907.85311335922,0.2936697582485515,0.05549315159647608,146.325234065777,176.21930274820537,4163.1168744383389,0.0,0.0,5.611176851434703,6.769398742309772,152.81791578970829,0.0,0.0,12.3757398801962,14.865953843586145,367.49568052359236,0.0,0.0,61.6151312896737,74.39080169007279,1654.4686591311254,0.0,0.0,48.88127354938857,59.51819199447132,1076.3252932558635,0.0,0.0,34.320610806763337,41.285726154715387,991.2849285498908,24.48687519609835,16.79483895479997,174.7262213377495,211.06860302139126,5296.964282289482,0.0,0.0,57.00092965005899,70.03119147928759,965.3729622325474,0.0,17.142007977811767,35.821242533424,22.0,30.0,0.0,17.092161758120104,35.3169018998002,12.0,30.0,0.0,17.181449730305343,35.751963454508317,22.0,30.0,0.0,17.110297410075675,35.08731048720553,12.0,30.0,0.0,16.49236508279523,38.505917543114488,12.0,30.0,0.0,17.764213351644647,35.20398925042781,12.0,30.0,0.0,16.295642525104158,38.48491065008562,10.0,30.0,0.0,13.83303413602125,45.61322127244629,12.0,30.0,0.0,17.34335477457438,36.215132902035637,20.0,30.0,0.0,16.190564404129998,0.0,0.0,0.0,11.27409619589778,0.0,0.0,489.3305664808496,454.5832065244232,488.61275746842889,447.0820518419554,570.3147778312008,841.6142232388795,574.4103643501982,671.1948983978502,728.5860645013156,0.0,80.56119240391871,80.56119240391871,60.0,0.0,60.0,60.0,12.0,12.0,12.0,19.0,12.0,12.0,21.0,10.0,0.0,0.0,0.0,0.0,0.0,0.0,0.0,0.0,0.0,0.0,0.0,0.0,0.0,80.56119240391871,80.56119240391871,0.0,0.0,0.0,80.56119240391871,0.0,0.0,0.0018866666666666663 
 04/18  05:40:00,3.1933333333333335,85.0,3.5233333333333336,22.166666666666666,341.6666666666667,0.0,0.0,0.0,2.0,2.0,0.0,0.0,0.0,0.0,0.0,396.0,0.0,49.27120127056005,208.09158764370688,533.223352201461,1.4774243077679499,39.32337936362514,0.0,208.09158764370685,284.4769767214724,0.0,0.0,17.282237788239664,-51.66971933194941,17.264689635642996,-78.27966961436255,17.349640872069956,-130.5725379470764,17.683816575687254,-173.0693840066906,16.478725686279448,-1.9288661124196978,17.562991586295,-30.342633472018635,16.471590049064518,-71.97257512568058,14.527418601285606,-255.23029513425105,17.382071411806814,-116.6987896658328,323.115355687215,665.3973254842629,0.0,0.0,0.0,0.0,0.0,0.0,0.0,0.0,0.0,0.0,0.0,0.0,0.0,0.0,0.0,0.0,0.0,0.0,0.0,0.0,0.0,0.0,1.6269875525707916,0.4966384470606813,108.91441873942756,131.4323842265551,3116.219694200806,0.30826012917855685,0.04704824926412651,86.8900851699639,104.8211080376914,2465.673654100542,3.3765593070195618,0.6380497556726309,160.08668344996659,193.11778025891474,4610.77894768931,0.300187414818086,0.05672475714627473,127.48718006454537,153.66956557559159,3644.9142394267366,0.0,0.0,5.6475691150335,6.827442381279827,152.84493737840647,0.0,0.0,12.448828522003645,14.983468825834788,367.62180989104209,0.0,0.0,61.629446029560018,74.55840736710548,1645.8472935069054,0.0,0.0,48.65120881150527,59.35137129762146,1066.2768125062385,0.0,0.0,34.92786111603178,42.092446762336539,1006.0766667097942,24.222132269803227,16.613259444309489,196.21831251767333,237.37618807267917,5863.6171448909,0.0,0.0,56.71022314091476,69.80260864475605,956.4248105291888,0.0,17.059840750846229,35.88269076931971,22.0,30.0,0.0,17.103235920598349,35.45632710254557,12.0,30.0,0.0,17.061535669954148,35.817666260913117,22.0,30.0,0.0,17.2407656126435,35.08164385332451,12.0,30.0,0.0,16.45740393995165,38.48460724913399,12.0,30.0,0.0,17.73247221390455,35.176386151247658,12.0,30.0,0.0,16.273330544294756,38.31612087442336,10.0,30.0,0.0,13.833385065276307,45.44038015492221,12.0,30.0,0.0,17.355787698714015,36.07127875190042,20.0,30.0,0.0,16.242459951124365,0.0,0.0,0.0,11.290046824903229,0.0,0.0,491.216545851311,467.2622281140142,492.1576846318891,464.17293384858899,570.6062451361479,840.901386036402,568.9966425462012,670.7904706392333,727.4563241923648,0.0,80.56119240391871,80.56119240391871,60.0,0.0,60.0,60.0,12.0,12.0,12.0,19.0,12.0,12.0,21.0,10.0,0.0,0.0,0.0,0.0,0.0,0.0,0.0,0.0,0.0,0.0,0.0,0.0,0.0,80.56119240391871,80.56119240391871,0.0,0.0,0.0,80.56119240391871,0.0,0.0,0.00188 
 04/18  05:50:00,3.2416666666666669,84.5,3.576666666666666,28.333333333333333,373.3333333333333,0.0,0.0,0.0,2.0,2.0,0.0,0.0,0.0,0.0,0.0,396.0,0.0,63.62211773879097,218.0780893260598,558.8133340870452,1.9077484591038532,50.776898694603257,0.0,218.07808932605958,298.1292816454171,0.0,0.0,17.253187117160093,-41.74793595934398,17.211730617624469,-86.00292585643206,17.349992651167136,-133.87147162705834,17.687985105249387,-200.34825834041227,16.434019452236904,-2.0364168254400427,17.527725063867007,-31.206216291238407,16.43014909112827,-67.75528853801768,14.526499483648142,-249.3661244161916,17.398563957716836,-120.98558583963166,313.7236295212874,657.0402622014823,0.0,0.0,0.0,0.0,0.0,0.0,0.0,0.0,0.0,0.0,0.0,0.0,0.0,0.0,0.0,0.0,0.0,0.0,0.0,0.0,0.0,0.0,1.6226569198262957,0.4953165200934968,143.97651600736919,173.7556357242102,4090.974706726105,0.3112571008971098,0.04750566253008392,88.99120018108103,107.37051057677374,2505.4039051190968,3.3461724761645934,0.6323077241429695,147.9872818625773,178.5557123052362,4257.983903090091,0.29708557393016946,0.05613861941235248,113.2360363857047,136.66264643848238,3213.1547300713566,0.0,0.0,5.699519640757887,6.8915886755257909,153.21404163811872,0.0,0.0,12.57946840205317,15.145016897181027,369.34294176316225,0.0,0.0,60.83586891893936,73.6120424141547,1614.702484415021,0.0,0.0,48.10114058471575,58.68626375108399,1050.413379111355,0.0,0.0,36.166350605983499,43.591847955684617,1039.226643690163,23.982245594336069,16.448728116828585,183.66469395144743,222.2950376666115,5493.822482276077,0.0,0.0,56.094463383303828,69.04663820548334,943.7832936400089,0.0,17.05765155711824,35.53312795504756,22.0,30.0,0.0,17.03194127519272,35.314614071804289,12.0,30.0,0.0,17.083084214731696,35.44967677259946,22.0,30.0,0.0,17.188880590922325,34.90732276204021,12.0,30.0,0.0,16.41342259257953,38.40917685295863,12.0,30.0,0.0,17.693646242003426,35.105224894965889,12.0,30.0,0.0,16.23875285141741,38.10633402728267,10.0,30.0,0.0,13.842529135696811,45.12022555649621,12.0,30.0,0.0,17.36932379501519,35.81345036473286,20.0,30.0,0.0,16.22462377855848,0.0,0.0,0.0,11.319028695780027,0.0,0.0,485.0136471038896,464.137165800852,488.3815467186819,466.8930687323582,569.7860521301572,838.5460301574275,566.7214797214997,671.9299285524062,722.6029140020196,0.0,80.56119240391871,80.56119240391871,60.0,0.0,60.0,60.0,12.0,12.0,12.0,19.0,12.0,12.0,21.0,10.0,0.0,0.0,0.0,0.0,0.0,0.0,0.0,0.0,0.0,0.0,0.0,0.0,0.0,80.56119240391871,80.56119240391871,0.0,0.0,0.0,80.56119240391871,0.0,0.0,0.0018766666666666665 
 04/18  06:00:00,3.29,84.0,3.63,34.5,405.0,0.0,0.0,0.0,2.0,2.0,0.0,0.0,0.0,0.0,0.0,198.0,0.0,78.21201008383129,224.83061569643054,576.1164481692206,2.345239936036117,62.42116118319857,0.0,224.83061569643037,307.3604971348395,0.0,0.0,17.212654431622089,-12.295770594176702,17.19201377792788,-93.82091818524714,17.366606972480289,1.1353444291744382,17.70126278605921,-322.3698475323399,16.385565004296124,-1.4144399067853045,17.491686425952567,-30.012646124970105,16.386542452358538,-68.09797558167202,14.522035251817663,-249.56115175465676,17.413831047762458,-121.82870393254325,312.7162185365869,651.699125008615,0.0,0.0,0.0,0.0,0.0,0.0,0.0,0.0,0.0,0.0,0.0,0.0,0.0,0.0,0.0,0.0,0.0,0.0,0.0,0.0,0.0,0.0,1.6365216439527884,0.49954873136532,63.57518758014348,76.6030408464147,1823.31335620002,0.30801925056937587,0.04701148512963612,58.08872803019357,70.00148291038761,1631.4284108831749,3.412272399166254,0.6447982613692849,165.67812223719526,199.55298403758304,4764.446052587916,0.28643895450956227,0.05412678656643276,166.08348101533165,200.05433594670414,4692.044471516013,0.0,0.0,5.555485714920186,6.7079412546422019,148.2896521014078,0.0,0.0,12.640908939872931,15.196441721462437,368.9938651753932,0.0,0.0,59.28796821850179,71.6357698568672,1563.610087983104,0.0,0.0,47.98239264360952,58.44427294958564,1043.871591893093,0.0,0.0,36.84778774515004,44.3377463183192,1056.691184161532,23.6892186097989,16.247749389436838,198.2399962798539,239.53815043482184,5854.240362341959,0.0,0.0,55.90282186574062,68.68805184170999,940.4246875957135,0.0,17.033800929119946,35.52401777926606,22.0,30.0,0.0,17.02216146612443,35.07880303732686,12.0,30.0,0.0,17.1458592969883,35.24458420020476,22.0,30.0,0.0,17.15930762507277,34.641071794920687,12.0,30.0,0.0,16.36159694435615,38.295491268894178,12.0,30.0,0.0,17.65078048049573,34.99254478523757,12.0,30.0,0.0,16.19786981213392,38.064166469058999,10.0,30.0,0.0,13.84718008992517,44.9556138017433,12.0,30.0,0.0,17.384989117602353,35.56779757503952,20.0,30.0,0.0,16.23038343307654,0.0,0.0,0.0,11.3645932631873,0.0,0.0,485.0846197829678,456.15203049792367,487.3117105930078,450.12409617568809,567.8778255594443,835.1329659613223,569.3650734298177,671.687900738819,717.9461053999037,0.0,80.56119240391871,80.56119240391871,60.0,0.0,60.0,60.0,12.0,12.0,12.0,19.0,12.0,12.0,21.0,10.0,0.0,0.0,0.0,0.0,0.0,0.0,0.0,0.0,0.0,0.0,0.0,0.0,0.0,80.56119240391871,80.56119240391871,0.0,0.0,0.0,80.56119240391871,0.0,0.0,0.0018733333333333337 
 04/18  06:10:00,3.591666666666667,82.66666666666667,3.6766666666666669,40.66666666666667,436.6666666666667,0.0,0.0,0.0,2.0,2.0,0.0,0.0,0.0,0.0,0.0,1990.0,0.0,93.03071263227197,229.79009633378713,588.8249953354364,2.7895939106107905,74.24805354847668,0.0,229.79009633378699,314.14048316791038,0.0,0.0,18.395675239790714,-836.213803289816,17.405088521356978,855.2315086524725,18.823246765121785,-2464.64172974126,18.07184112266841,807.1329981070612,16.347421789081286,-8.346904614143439,18.492851144872323,-102.76520882821224,16.458844683683446,94.38756555161177,15.624949966630588,-275.97340387438029,18.62696069159464,-277.4983627238446,555.0247542952511,802.0081283677813,0.0,0.0,0.0,0.0,0.0,0.0,0.0,0.0,0.0,0.0,0.0,0.0,0.0,0.0,0.0,0.0,0.0,0.0,0.0,0.0,0.0,0.0,1.5501974039289493,0.47319823074754249,384.9335579021695,461.8934168686891,12050.42233229295,0.3975831018083556,0.060681181594681877,341.7946271962807,412.1788616691082,9704.82635975567,2.8661694136024304,0.5416041975817142,495.1402852139577,593.2675201494053,15943.897422087153,0.35605127885842716,0.06728104286818351,321.49665347455996,387.11575996206798,9404.022346688016,0.0,0.0,9.904303277993869,11.994761248804914,257.5165457881908,0.0,0.0,18.470405403792939,22.155672377985316,580.4340466786648,0.0,0.0,72.3797257398607,87.65845356533859,1892.4405892438807,0.0,0.0,35.482458925687499,43.1547235854109,855.2300884644911,0.0,0.0,50.01889171244759,59.96166035483677,1591.8358392686947,24.56167374901679,16.84614111729547,653.933500386463,789.5563720943842,18764.399452454392,0.0,0.0,53.282584750630018,65.62224224757667,889.3025507784901,2036.189344610515,18.83422116410386,31.466412844064707,21.999999999999998,30.0,0.0,17.472406729292673,34.24199037316518,15.999999999999999,30.0,4571.5886635481069,19.263109814493423,30.59191955758694,21.999999999999998,30.0,0.0,17.878746370761865,33.29907223788949,15.999999999999999,30.0,0.0,16.32988613494578,38.19656711153117,12.0,30.0,1838.8510519984807,19.020673510012406,32.05232108620272,20.0,30.0,0.0,16.388027931862888,37.24144222002775,10.0,30.0,1435.5662440923337,15.560267092646046,40.16896243148953,16.999999999999998,30.0,2148.2017737829348,19.243229080186965,31.5472934106009,19.799999999999998,30.0,0.0,17.049115213231447,0.0,0.0,0.0,11.607810661288398,0.0,0.0,475.47098983419786,474.3538873239229,472.0391726428319,467.96192285263359,566.7967040622785,818.8650585865274,546.8080689649615,675.3615357724184,703.120457481968,12863.967276804204,79.49762445354595,87.85801285043606,60.0,0.0,60.0,60.0,16.0,16.0,19.0,19.0,16.0,12.0,21.0,10.0,1.0,0.0,2036.189344610515,0.0,4571.5886635481069,0.0,1838.8510519984807,0.0,1435.5662440923337,2148.2017737829348,12649.14283912348,7589485.703474089,9885541.367369093,79.49762445354595,87.99999999999999,0.4216380946374494,0.7674600865918557,0.3602813740196596,87.99999999999999,0.3542647819438876,9885541.367369093,0.5159181511031927 
 04/18  06:20:00,3.8933333333333337,81.33333333333334,3.7233333333333338,46.833333333333339,468.33333333333339,0.0,0.0,0.0,2.0,2.0,0.0,0.0,0.0,0.0,0.0,796.0,0.0,108.06819520612703,232.72758021626286,596.3523013188856,3.240509611010651,86.24957057479195,0.0,232.72758021626277,318.1562463398726,0.0,0.0,19.210295308140226,-1312.2841870647918,18.06510727409183,923.1028234235378,19.78032888801782,-3448.3456111360185,18.95213105811935,704.9316173501102,16.29406695841172,-7.590524305166554,18.77098879671963,-120.61281528267563,16.692222474276116,154.79101213098125,16.3775248572712,-172.54312421306816,18.721953118361748,-197.83294374726627,774.4235988415157,703.9562354540886,0.0,0.0,0.0,0.0,0.0,0.0,0.0,0.0,0.0,0.0,0.0,0.0,0.0,0.0,0.0,0.0,0.0,0.0,0.0,0.0,0.0,0.0,1.5822700995624413,0.4829884308798661,454.86135250124758,543.688692992558,14953.847268896185,0.43021580066810358,0.06566175223872156,406.7288476875615,488.7758682808952,12117.870997541077,2.7964032210327849,0.5284208656524538,564.9742226615766,674.2061817808541,19128.483941950282,0.3642565733940395,0.06883155203969,363.5921771573952,435.97041496908619,11296.399668628623,0.0,0.0,11.712703074931082,14.186370872930447,296.1134034160527,0.0,0.0,20.20597105820969,24.201712028377938,638.4926575716727,0.0,0.0,80.00529404283634,96.73562836226978,2104.829365544939,0.0,0.0,20.664151918040326,24.99072515001466,547.4081029824549,0.0,0.0,45.292427746746948,54.30300346177806,1411.9664145129435,25.378493048465736,17.406373832966904,760.0031661543785,915.2274198581421,22451.770557146083,0.0,0.0,44.55156291255658,54.83722848297979,726.3786489606627,1938.684293005119,20.169843453709438,28.876446437277644,22.0,30.0,0.0,18.59992507771478,31.86913578968511,16.0,30.0,4374.142757352787,20.66950674041658,27.976272874400669,22.0,30.0,0.0,19.27459330539631,30.5147602062866,16.0,30.0,0.0,16.272324467056124,37.93725122718298,12.0,30.0,0.0,19.547640482385174,30.809978272170249,19.0,30.0,0.0,16.795649557791234,36.020057461501199,10.0,30.0,365.6004186970822,16.910529246661299,36.58758297266533,16.75,30.0,0.0,19.30691931613447,31.140040008299257,19.0,30.0,0.0,18.00024561718501,0.0,0.0,0.0,11.720874809599519,0.0,0.0,474.8156123760641,477.9088472973939,471.95775914436526,471.6699615669978,563.850325853843,773.2432752504368,535.3261197254998,670.4027109190864,680.8385029636216,11422.12628199967,80.45201500252623,86.19200387916186,60.0,0.0,60.0,60.0,16.0,16.0,19.0,19.0,16.0,12.0,21.0,10.0,1.0,0.0,1938.684293005119,0.0,4374.142757352787,0.0,0.0,0.0,365.6004186970822,0.0,8685.867593138832,5211520.5558833,6786357.192239782,80.45201500252623,86.28948794574247,0.37452891977129446,0.7684017016682421,0.36028137401965956,86.28948794574247,0.3542647819438875,6786357.192239782,0.35474390732980207 
 04/18  06:30:00,4.195,80.0,3.77,53.0,500.0,0.0,0.0,0.0,2.0,2.0,0.0,0.0,0.0,0.0,0.0,597.0,0.0,123.31414702948172,233.48687104262289,598.2981216869816,3.6976778452577179,98.41748303276259,0.0,233.48687104262258,319.1942544649537,0.0,0.0,19.741230989607698,-1294.3365904837163,18.57773950859292,918.4952883805784,20.394189372656798,-3406.3406835515208,19.544258112849623,663.5494357512487,16.250093158533006,-3.396266007449374,18.68878486019382,-92.49878638838558,17.04195495272817,338.33471998650659,16.05571023486719,-240.83437842172882,18.98625451763523,-187.41516072779366,918.2880542260884,666.5512653367773,0.0,0.0,0.0,0.0,0.0,0.0,0.0,0.0,0.0,0.0,0.0,0.0,0.0,0.0,0.0,0.0,0.0,0.0,0.0,0.0,0.0,0.0,1.6418766875993976,0.5011833600730761,462.481468158516,551.3139895942177,15583.347275778216,0.4393200396833812,0.06705128810796415,408.44238127483677,489.41343415058608,12552.483011594111,2.88921078149853,0.5459581975620804,555.9415753783004,661.5493659595688,19323.412314863166,0.3630305839568396,0.06859988358972777,349.49772544579437,417.7714865259396,11220.66707592308,0.0,0.0,12.35808284793848,14.968497135092953,303.83118074901656,0.0,0.0,19.64721907031469,23.549120950552326,599.5508667668414,0.0,0.0,81.20705479837662,97.96126768160099,2186.9295966094998,0.0,0.0,27.358078348292105,33.11939206503051,671.3529760171133,0.0,0.0,40.64599321111245,48.65278591705559,1268.709450062847,25.886087202284036,17.754517971388226,748.5076069412382,898.8698671296965,22814.19028520213,0.0,0.0,42.61839506285605,52.435469934402828,665.0904775127679,1942.9857478164225,20.924079910037237,27.551673589521337,21.999999999999994,29.99999999999999,0.0,19.41275128815578,30.27112970794405,15.999999999999993,29.99999999999999,4382.241802620818,21.458133664720174,26.65222300986759,21.999999999999994,29.99999999999999,0.0,20.135636153840886,28.91524153955055,15.999999999999993,29.99999999999999,0.0,16.22913283018692,37.743423621074487,11.999999999999995,29.99999999999999,605.7920984020429,19.290625106702607,31.117298413340156,19.33333333333333,29.99999999999999,0.0,17.430440248197387,34.452339785069607,9.999999999999997,29.99999999999999,24.938947702626565,16.28290712273662,37.88619785048288,15.999999999999993,29.99999999999999,1058.1691799222845,19.66944885609152,30.322501324709003,19.66666666666666,29.99999999999999,0.0,18.77993492460942,0.0,0.0,0.0,11.677097695383232,0.0,0.0,475.77589732999379,479.8883907655325,474.36442065090338,473.59438866302107,560.8319346001823,748.1046601693644,512.9706905589292,668.9245284572207,680.5049515076328,10964.76801903974,80.75459611029499,85.6534450664989,59.99999999999998,0.0,59.99999999999998,59.99999999999998,16.0,16.0,19.0,19.0,16.0,12.0,21.0,10.0,1.0,0.0,1942.9857478164225,0.0,4382.241802620818,0.0,605.7920984020429,0.0,24.938947702626565,1058.1691799222845,7413.402497982183,4448041.498789312,5793032.524052963,80.75459611029499,85.7366437848377,0.3604467499327394,0.7686535111228748,0.36028137401965945,85.7366437848377,0.35426478194388735,5793032.524052963,0.30307435791742068 
 04/18  06:40:00,4.496666666666666,78.66666666666667,3.8166666666666666,57.333333333333339,527.0,0.0,0.0,0.0,2.0,2.0,0.0,0.0,0.0,0.0,0.0,1393.0,0.0,135.41613325242185,229.28265135570437,587.525215640895,4.060574474075458,108.07621560440184,0.0,229.28265135570414,313.4467674110549,0.0,0.0,20.12757633888372,-1286.7026846527068,18.988051618687075,1048.9927043824133,20.38189215095889,-2171.4942946619478,19.962884117066304,625.1091157430657,16.21996059722724,5.85573572286953,18.938548718311666,-77.21816020037761,17.466378293323147,438.6829476696198,16.488991498549838,-370.93318449747349,18.993379592410635,-122.23976519194795,1039.4648874446364,708.4008484936838,0.0,0.0,0.0,0.0,0.0,0.0,0.0,0.0,0.0,0.0,0.0,0.0,0.0,0.0,0.0,0.0,0.0,0.0,0.0,0.0,0.0,0.0,1.7181167443615653,0.524455660672029,471.1984553237581,561.0909047273575,16069.471917681758,0.44119106054409937,0.0673368529523962,395.6670857852214,473.509168651589,12379.656332376806,3.163663985241458,0.5978201030312667,454.70974229512708,541.2676232834327,15788.47056443182,0.3673988183576398,0.06942532470854879,306.1508712485693,365.63885337849077,9972.077885733997,0.0,0.0,12.704422818400025,15.401880802900929,304.0091079291288,0.0,0.0,17.965455014123337,21.51445407592776,555.0827333932595,0.0,0.0,89.54755471265566,107.83293219543289,2481.7170986680969,0.0,0.0,36.71507031480835,44.41354567765361,923.5472992809703,0.0,0.0,32.69719203178849,39.18600044967693,999.2831848491247,26.295685629706953,18.035449677439638,694.0663619634506,832.3229674070735,21719.639008105893,0.0,0.0,48.28394814786239,59.41767448380518,744.2660052813917,1853.1955833504626,21.45543800348019,26.6501054479734,22.00000000000002,30.000000000000033,0.0,20.02809526724493,29.116802439089065,16.000000000000019,30.000000000000033,2331.834498438248,21.598806500877715,26.420947367280627,21.571428571428596,30.000000000000033,0.0,20.703948668218997,27.911413600995578,16.000000000000019,30.000000000000033,0.0,16.208295350703364,37.59746119446072,12.000000000000015,30.000000000000033,294.6788095561902,19.801717615492409,29.988860355188068,19.28571428571431,30.000000000000033,0.0,18.150900535447066,32.87721653892842,10.00000000000001,30.000000000000033,784.6629609273434,16.848107956370148,36.370914614380158,16.714285714285734,30.000000000000033,0.0,19.615360262418137,30.341393375146799,19.00000000000002,30.000000000000033,0.0,19.453465424463258,0.0,0.0,0.0,11.905800553864547,0.0,0.0,479.27056606329566,482.80425199142788,479.3876664916546,479.43674767408319,555.4984444375342,734.110842221837,512.9561807953429,670.5830541238244,681.4260744369369,9994.105564390886,81.39653130463818,84.51384591731738,60.000000000000067,0.0,60.000000000000067,60.000000000000067,16.0,16.0,19.0,19.0,16.0,12.0,21.0,10.0,1.0,0.0,1853.1955833504626,0.0,2331.834498438248,0.0,294.6788095561902,0.0,784.6629609273434,0.0,4717.4616134528209,2830476.96807169,3687352.76131828,81.39653130463818,84.56678826821498,0.3515344347341419,0.7671947719014628,0.36028137401966,84.56678826821498,0.35426478194388796,3687352.76131828,0.1935623435885506 
 04/18  06:50:00,4.798333333333333,77.33333333333333,3.8633333333333339,61.666666666666667,554.0,0.0,0.0,0.0,2.0,2.0,0.0,0.0,0.0,0.0,0.0,796.0,0.0,147.61578299503024,222.79619054565985,570.9042044139237,4.426400856449887,117.81290720338147,0.0,222.79619054565965,304.57928371429349,0.0,0.0,20.326110036425,-1118.0179616640626,19.266221236143559,820.0913808536707,20.67496038916098,-1960.9188146737029,20.15599208654452,554.8302603610659,16.195403415569179,8.224162485604098,18.638553588328628,-35.35306199740103,17.77349781786031,355.68436319752598,16.364227227790687,-397.5403639093856,18.738148275639565,-73.2510804125468,1050.946212847598,759.0751927912961,0.0,0.0,0.0,0.0,0.0,0.0,0.0,0.0,0.0,0.0,0.0,0.0,0.0,0.0,0.0,0.0,0.0,0.0,0.0,0.0,0.0,0.0,1.7275522793190415,0.527335860597998,432.56210328022589,514.6102693693285,14646.647035377144,0.42922775661986159,0.06551095186505823,369.9580851975947,442.02924118307768,11603.568461291787,3.277095298919094,0.6192545916324821,460.635004568286,547.8478164486327,15707.185026723437,0.3704718804287799,0.0700060242684769,308.19105591288658,367.55704164196416,9969.680441829783,0.0,0.0,11.950453143377113,14.48496253440555,278.2660650242631,0.0,0.0,14.827703661111418,17.78435781256487,434.0534703619936,0.0,0.0,98.10668172892207,117.91194110344842,2748.037766198126,0.0,0.0,43.29115938663464,52.39756177522238,1039.376140199312,0.0,0.0,23.8185224050616,28.58194270464767,693.1176706070319,26.017851972626148,17.84489161359819,670.956837048015,803.4020759472884,20965.968361718893,0.0,0.0,55.1425832854134,67.7874081846102,837.4048539785199,1809.886179890525,21.63959823477127,26.346590385812577,22.0,30.0,0.0,20.37317160817775,28.490198734535857,16.0,30.0,2657.53662905087,21.702676195052964,26.244066091667759,21.75,30.0,0.0,20.886784718686849,27.594173088951917,16.0,30.0,0.0,16.191756602086867,37.49002406423453,12.0,30.0,0.0,19.27278702109667,30.87635026582052,19.0,30.0,0.0,18.620655328826858,31.89868299164569,10.0,30.0,596.5015346325449,16.558791245759193,36.79561815113861,16.25,30.0,0.0,19.175750547536887,31.119403348103178,19.0,30.0,0.0,19.72923108912699,0.0,0.0,0.0,12.098698828359073,0.0,0.0,482.604389776523,486.462625738115,482.307106234872,484.6301184857452,552.6204460678373,742.0997562738645,518.5835922093805,635.6932859360792,703.4995949099026,11218.713512466944,80.58660031549229,86.24017417248588,60.0,0.0,60.0,60.0,16.0,16.0,19.0,19.0,16.0,12.0,21.0,10.0,1.0,0.0,1809.886179890525,0.0,2657.53662905087,0.0,0.0,0.0,596.5015346325449,0.0,8555.28666762065,5133172.00057239,6716422.963718537,80.58660031549229,86.33619062515479,0.3701762222540217,0.7645504254739749,0.36028137401965956,86.33619062515479,0.3542647819438875,6716422.963718537,0.3510573274466973 
 04/18  07:00:00,5.1,76.0,3.91,66.0,581.0,0.0,0.0,0.0,2.0,2.0,0.0,0.0,0.0,0.0,0.0,597.0,0.0,160.08160959457389,214.52503835401888,549.7100309256466,4.800209731298526,127.76204596753044,0.0,214.52503835401866,293.27199159295159,0.0,0.0,20.396784402082468,-1236.815863991564,19.41082484777278,635.4674468846763,20.712723295694127,-1271.0334788708349,20.24234400432602,312.8331175271238,16.172659642344564,9.45712624362097,19.073187849594594,-42.94018967498209,17.926710120251124,297.11416167227278,16.414824419270745,-417.8065668800632,19.069836902128097,-89.16711606389777,1003.4637178067903,810.9226114338411,0.0,0.0,0.0,0.0,0.0,0.0,0.0,0.0,0.0,0.0,0.0,0.0,0.0,0.0,0.0,0.0,0.0,0.0,0.0,0.0,0.0,0.0,1.7478936053408157,0.533545056575341,446.9215114812702,531.6917852277408,14851.992723232099,0.40319115075633979,0.061537110921297339,321.41157096055596,383.8492018618203,9967.360213749878,3.470409780532739,0.6557841610984019,408.8523233552977,486.1294373227547,13669.149739600722,0.3636383286108432,0.06871472573901047,233.93863790415726,278.86407780449607,7452.1375066958039,0.0,0.0,11.485365023462265,13.918927240047932,260.0203579735731,0.0,0.0,13.862596582084724,16.591402046434575,411.202274572276,0.0,0.0,99.51463185134435,119.51719844879917,2764.5890068942228,0.0,0.0,47.08886406248452,56.97857696385021,1103.757174042888,0.0,0.0,22.427585257718677,26.841775876489569,661.067136946158,25.43114236801433,17.442484477376106,616.6347521496032,738.010546473462,19043.766379401273,0.0,0.0,59.287751206137048,72.8053731427333,893.3397403971494,1828.3425651401377,21.684961101597957,26.27421241590592,22.000000000000019,30.00000000000002,0.0,20.50304283382806,28.256455916207778,16.000000000000015,30.00000000000002,2340.0254916341584,21.62617266757743,26.37670963554114,21.666666666666687,30.00000000000002,0.0,20.88779052765027,27.596584210668938,16.000000000000015,30.00000000000002,0.0,16.174855843761333,37.427635709181519,12.00000000000001,30.00000000000002,1197.2190531254256,19.787852770564674,29.8576452833422,19.33333333333335,30.00000000000002,0.0,18.817933942899434,31.473124481936389,10.000000000000007,30.00000000000002,461.9554331853365,16.56859609681606,36.55585721776952,16.000000000000015,30.00000000000002,939.5566953626801,19.67351685812778,30.121951647847607,19.666666666666683,30.00000000000002,0.0,19.827695693755279,0.0,0.0,0.0,12.348017938213062,0.0,0.0,485.6910799025187,489.71983881652718,485.71905309678245,491.2479706650518,547.6090708795596,762.7740410898597,515.3422521528199,590.2446053229263,725.1289373503852,11569.899304535615,80.35428003358264,87.87231874451277,60.00000000000004,0.0,60.00000000000004,60.00000000000004,16.0,16.0,19.0,19.0,16.0,12.0,21.0,10.0,1.0,0.0,1828.3425651401377,0.0,2340.0254916341584,0.0,1197.2190531254256,0.0,461.9554331853365,939.5566953626801,11376.685418132063,6826011.250879234,8910035.35219749,80.35428003358264,88.00000000000007,0.37922284727106878,0.7663550441066916,0.3602813740196598,88.00000000000007,0.3542647819438878,8910035.35219749,0.4651085049809362 
 04/18  07:10:00,5.345,74.83333333333334,4.046666666666667,70.33333333333334,608.0,0.0,0.0,0.0,2.0,2.0,0.0,0.0,0.0,0.0,0.0,995.0,0.0,172.70676944342567,204.20464970136707,523.264812948715,5.178797399240776,137.83836065360058,0.0,204.2046497013668,279.1632378670497,0.0,0.0,20.364129334378704,-797.4333937772692,19.415057682318744,596.0499396406665,20.771687881742069,-1362.8692395765748,20.29802021870225,379.4433863234389,16.153335323857236,11.481538148996958,19.231417483344793,-50.45013139587099,17.95352382387308,301.0499437432343,17.292887901667027,-369.8001377250219,19.106726180843034,-61.00634836037414,917.0819929484777,634.48014688665,0.0,0.0,0.0,0.0,0.0,0.0,0.0,0.0,0.0,0.0,0.0,0.0,0.0,0.0,0.0,0.0,0.0,0.0,0.0,0.0,0.0,0.0,1.7209454176007347,0.5253191140417383,363.320357837614,432.6163609300786,11779.141443994442,0.3996760126106379,0.06100061242531103,308.52363910338519,368.6467936338198,9363.30195061857,3.336747250517947,0.6305266913299223,357.42977731818976,425.38218536528299,11695.48494020814,0.34824576089708078,0.06580607726702206,240.39132273112899,286.6846772007,7539.532877931677,0.0,0.0,11.66269101762555,14.141533788496198,257.90153786534457,0.0,0.0,14.26524846504509,17.060627106538975,424.753714320127,0.0,0.0,81.14085492608541,97.51599923088873,2211.2093034979677,0.0,0.0,33.24846183241216,40.09589084426538,848.1527141891874,0.0,0.0,24.225794239029935,29.021072080351869,702.0735517440693,24.622578571563339,16.887913972265669,542.280319711735,649.3277696017956,16480.473335336363,0.0,0.0,45.02051948445102,55.330571237068038,659.7064514920271,1212.7850156344417,21.40983253402494,26.710917578304814,21.6,30.0,0.0,20.408089527718553,28.425185680833815,16.0,30.0,1579.865453108021,21.55035431960087,26.47912857571634,21.400000000000003,30.0,0.0,20.920716643832205,27.527955038424858,16.0,30.0,0.0,16.161698301986076,37.38115436434589,12.000000000000002,30.0,0.0,20.119942957397308,30.698829310133683,19.0,30.0,0.0,18.80083796642261,31.45493941587597,10.0,30.0,1355.010638375722,18.03833456894325,33.243883432284658,20.7,30.0,0.0,19.692413256318447,31.255118394725036,19.0,30.0,0.0,19.719147138572994,0.0,0.0,0.0,12.372563177817144,0.0,0.0,488.55495880968285,492.48814361537588,487.7500497981912,489.82259337536359,541.3406329046891,797.9796627133605,506.70762195214879,575.1275266901544,738.2472589004087,9797.937479763346,81.52620942116575,84.53645046307705,60.0,0.0,60.0,60.0,16.0,16.0,19.0,19.0,19.7,12.0,21.0,10.0,1.0,0.0,1212.7850156344417,0.0,1579.865453108021,0.0,0.0,0.0,1355.010638375722,0.0,4555.267376863585,2733160.426118151,3562209.737182039,81.52620942116575,84.58757434928315,0.3558422458954528,0.7684057310900975,0.36028137401965956,84.58757434928315,0.35426478194388757,3562209.737182039,0.187004906333466 
 04/18  07:20:00,5.59,73.66666666666667,4.183333333333334,74.66666666666667,635.0,0.0,0.0,0.0,2.0,2.0,0.0,0.0,0.0,0.0,0.0,995.0,0.0,185.48032712687295,191.95932015122237,491.88705049585578,5.561835912417521,148.03312322728824,0.0,191.95932015122214,262.4229439953545,0.0,0.0,20.443840930320194,-1365.2332514972523,19.469549905945969,538.4322249620345,20.708145400557,-657.7901823231639,20.281208572985894,198.62322158709487,16.130797818236798,5.402798876649275,18.93667104676353,-25.5763992049516,18.060669024877336,306.3522662853037,18.432100232154196,-34.65432602353049,18.90895009090162,-35.23941976400337,848.349830957269,250.23736822437764,0.0,0.0,0.0,0.0,0.0,0.0,0.0,0.0,0.0,0.0,0.0,0.0,0.0,0.0,0.0,0.0,0.0,0.0,0.0,0.0,0.0,0.0,1.6969904006024335,0.5180068377907308,414.4160232581648,493.46612188147676,13268.087238444401,0.37586875047654735,0.05736702540850846,282.23637523286888,337.23788638366269,8432.715482329297,3.5304202225374725,0.6671240027470663,240.7221369065407,286.2528588543387,7843.084007850811,0.34442113045707997,0.06508335798508691,186.88184299918439,222.90160379332253,5727.819486280399,0.0,0.0,11.116050908546076,13.480807543951255,239.7818676962424,0.0,0.0,12.201744054585325,14.614930258517589,345.5920558965159,0.0,0.0,64.51258262622008,77.48762372608262,1744.6388700821927,0.0,0.0,15.614886533490586,18.680666018951496,453.6355931623136,0.0,0.0,12.155398363575533,14.574125479188372,338.44147258686777,23.706177375470838,16.2593809159608,475.7396766064405,569.7739528781267,14203.609606744394,0.0,0.0,15.553281631376512,19.14073627524241,204.61577007590206,1833.7859382491516,21.541157683794969,26.516623465759066,22.0,30.0,0.0,20.420760743433776,28.458976706361506,16.0,30.0,1581.4616015514817,21.418329135293374,26.7199603854423,21.4,30.0,0.0,20.807113673240523,27.792276865909625,16.0,30.0,0.0,16.139322254058848,37.402937819566258,12.000000000000002,30.0,0.0,19.61652512292473,33.51315060925877,19.0,30.0,0.0,18.948662698484598,31.11946030417139,10.0,30.0,1291.4427143100825,19.90745702592809,29.633648806901939,20.7,30.0,0.0,19.362885993783878,33.55300836808019,19.0,30.0,0.0,19.67646789714773,0.0,0.0,0.0,11.89663630369888,0.0,0.0,491.8911555965522,497.91607265911775,491.32714440587508,498.07530385982826,536.8959936822618,842.7859790091267,493.3607072887585,563.6798114711161,790.6595943595289,9450.498292108465,81.75607697363987,83.11980860482959,60.0,0.0,60.0,60.0,16.0,16.0,19.0,19.0,19.7,12.0,21.0,10.0,1.0,0.0,1833.7859382491516,0.0,1581.4616015514817,0.0,0.0,0.0,1291.4427143100825,0.0,2063.887954909822,1238332.7729458933,1603670.1659899697,81.75607697363987,83.14296929520552,0.34079626516366076,0.7716451850732216,0.36028137401965956,83.14296929520552,0.35426478194388757,1603670.1659899697,0.08515084863147843 
 04/18  07:30:00,5.835,72.5,4.32,79.0,662.0,0.0,0.0,0.0,2.0,2.0,0.0,0.0,0.0,0.0,0.0,796.0,0.0,198.39006689216684,178.01670875059939,456.1601066578199,5.948958927694507,158.33658377611784,0.0,178.01670875059913,243.36233715504944,0.0,0.0,20.479049188387756,-1537.3978262007423,19.539504963354898,615.3523027359202,20.66974719544163,-364.419016799206,20.26455403407961,162.88812067000095,16.106925234724316,6.593072747537292,18.736533292871266,-16.507376169512967,18.12104426306025,310.8908973218437,18.764858764950384,-62.20827250916028,18.73441055065667,-97.81102739412326,829.4940322499697,349.410741640826,0.0,0.0,0.0,0.0,0.0,0.0,0.0,0.0,0.0,0.0,0.0,0.0,0.0,0.0,0.0,0.0,0.0,0.0,0.0,0.0,0.0,0.0,1.6740119965158984,0.5109926729291509,438.99351482243449,522.6293499108034,13830.159150056315,0.37962610738449967,0.05794049258005184,307.0080090980717,366.8345968256418,9054.96085680669,3.5917238420601165,0.678708209006069,202.76612029077504,241.6578968300201,6412.203587573045,0.3463946057007795,0.06545627469780412,199.14903706655523,237.76501522826605,5987.4885328924979,0.0,0.0,11.108964577439466,13.472661181313315,233.56117456176635,0.0,0.0,12.433679934628476,14.907478159438356,337.81832160749698,0.0,0.0,66.41755931033629,79.75193465209063,1770.8076146359077,0.0,0.0,23.690764877410186,28.30707401046783,694.3353241159722,0.0,0.0,15.264693537742112,18.309602626794807,409.4591303210317,23.008758898651416,15.781041768622377,500.6900667242385,599.7502678250438,14707.637623683313,0.0,0.0,20.410024876950425,25.093221219012056,266.1270539772568,1825.3761531360208,21.50321110228341,26.615741227161018,22.0,30.0,0.0,20.48307494150894,28.4045202068814,16.0,30.0,891.2701427059917,21.358018142585164,26.852023209657618,21.25,30.0,0.0,20.761956104830934,27.934457219854303,16.0,30.0,0.0,16.1148255353076,37.45567408698899,12.0,30.0,0.0,19.267072285629163,35.4679468364388,19.0,30.0,0.0,19.00761172808106,31.04346304971957,10.0,30.0,429.4367374477239,20.392195372847874,28.96973241390444,20.2,30.0,7.682792715923922,19.09742981337034,35.212568456152158,19.0,30.0,0.0,19.7664913995685,0.0,0.0,0.0,12.079280088397918,0.0,0.0,495.1980921702576,501.63966248977479,494.00159474912678,502.3434862199715,533.5653098065903,879.104855180837,496.241864684233,554.0282427743972,834.4220302275774,9464.005901815019,81.74709074842807,83.53770993348137,60.0,0.0,60.0,60.0,16.0,16.0,19.0,19.0,19.7,12.0,21.0,10.0,1.0,0.0,1825.3761531360208,0.0,891.2701427059917,0.0,0.0,0.0,429.4367374477239,7.682792715923922,2709.80939586534,1625885.6375192039,2111815.6163355016,81.74709074842807,83.56812059169131,0.345326979862178,0.7714225567183681,0.36028137401965956,83.56812059169131,0.3542647819438875,2111815.6163355016,0.11156441204944606 
 04/18  07:40:00,6.08,71.33333333333334,4.456666666666667,80.83333333333334,682.3333333333334,0.0,0.0,1.0,2.0,0.0,0.0,0.0,0.0,0.0,4.0,995.0,0.0,206.79648564074106,160.38619764882845,410.98309806109787,6.201047956492989,165.04594720284426,0.0,160.38619764882822,219.26009182606669,0.0,0.0,20.526170641470196,-1335.8250570997889,19.586376410061065,576.3588153859757,20.773991747238076,-703.0283456284599,20.216301556316546,251.8257180353638,16.087001365353957,8.830538945582863,18.79027501883401,-33.279843245506757,17.55146098301462,-436.2325880611785,18.839941620697269,-123.60658479724339,18.529807009593556,-158.37225890660069,810.8748526312782,1329.8250958204345,0.0,0.0,0.0,0.0,0.0,0.0,0.0,0.0,0.0,0.0,0.0,0.0,0.0,0.0,0.0,0.0,0.0,0.0,0.0,0.0,0.0,0.0,1.6393973487230052,0.5004265411242385,366.4520245850113,436.3384168989676,11388.222643439458,0.3775968252132235,0.05763077307894133,309.0580404714845,369.2908787822324,8968.37487225774,3.5423775908502068,0.6693835205688223,226.25079706487237,269.5972487747211,7049.354400252638,0.349672168025574,0.0660756175407358,231.04067565182857,275.94490237619859,6800.288095568553,0.0,0.0,11.095888714281993,13.459285694847165,227.34896760372579,0.0,0.0,13.231595697213374,15.869427577049896,349.79699706876365,0.0,0.0,180.78492242034918,217.984181134767,4278.552607539235,0.0,0.0,29.237171805376165,34.917409877916899,846.3381718319615,0.0,0.0,116.93760017936991,140.48160879100309,2997.0924780609577,22.249287605163909,15.260142390373055,535.0095952146004,640.8031090147774,15436.990043319413,0.0,0.0,119.49117021442314,146.0396829087903,1892.4909670191578,1819.4107709691182,21.517636779030818,26.76998451489294,22.0,30.0,0.0,20.4915729773489,28.52944127193329,16.0,30.0,864.5674190119212,21.39863740985418,27.79561303979871,21.200000000000004,30.0,0.0,20.69675437065277,28.682323131251658,19.0,30.0,0.0,16.09670339818092,37.69635755340302,12.000000000000002,30.0,355.4722208515027,19.140140946677634,36.57657214370642,19.200000000000004,30.0,0.0,17.81374312920143,34.448006516294729,10.0,30.0,1027.9189701430087,20.355816327717926,30.130169684872624,20.5,30.0,0.0,18.759117434643075,33.19768071633315,12.000000000000002,30.0,0.0,19.82941212652099,0.0,0.0,0.0,13.626885196549705,0.0,0.0,507.8568099194139,510.8655575517865,548.800749787305,533.773302479061,544.0922800866139,914.3833893773157,578.6372835981041,620.9640233855296,630.7320506390977,9800.168344791844,81.52482377437937,82.94561448540333,220.0,0.0,220.0,220.0,16.0,19.0,19.0,12.0,19.7,12.0,21.0,10.0,1.0,0.0,1819.4107709691182,0.0,864.5674190119212,0.0,355.4722208515027,0.0,1027.9189701430087,0.0,2150.152761335385,1290091.656801231,1671610.9890982914,81.52482377437937,82.96974422837798,0.3436717587111795,0.7701684194238582,0.36028137401965956,82.96974422837798,0.35426478194388757,1671610.9890982914,0.09330377143311115 
 04/18  07:50:00,6.325,70.16666666666666,4.593333333333334,82.66666666666666,702.6666666666666,0.0,0.0,1.0,2.0,0.0,0.0,0.0,0.0,0.0,4.0,597.0,0.0,215.29847586401517,142.37936039144467,364.8417795624448,6.456003334088949,171.83159265960848,0.0,142.37936039144445,194.64338011128616,0.0,0.0,20.567851406311946,-1396.305098477478,19.65315793605989,574.3046268626426,20.44811414091125,-600.2030078496274,20.19742233237681,257.5818341985249,16.069365056543324,8.167040775488893,19.173789714371368,-88.4893150470892,16.959366803041357,-98.2182428144901,18.60682629945397,-172.32782120093936,18.177009142565006,-324.5207506388399,780.9345627161329,1378.345035694763,0.0,0.0,0.0,0.0,0.0,0.0,0.0,0.0,0.0,0.0,0.0,0.0,0.0,0.0,0.0,0.0,0.0,0.0,0.0,0.0,0.0,0.0,1.6077973333213494,0.4907806267769691,369.5441234783822,439.7942664421077,11323.672483834012,0.37263945310505688,0.05687415340431276,308.5836122544975,368.51099428094246,8836.12101582533,3.5458865338632927,0.6700465861419684,232.11722204915788,276.6856622815003,7010.212608024263,0.34875437706787557,0.06590218765454946,236.75375151149917,282.6598652420129,6840.834511572315,0.0,0.0,11.466489396875348,13.903656332531885,228.88560523090858,0.0,0.0,14.942688300852959,17.86432461090148,410.57754031508008,0.0,0.0,230.2772337977326,278.42154769703418,4951.031063638728,0.0,0.0,37.5542374964018,44.929019526782287,1029.9779055435666,0.0,0.0,153.6631362044248,184.95326633904706,3698.070847390939,21.462668135235889,14.720622863673466,540.5660611036365,647.0833349511418,15344.814447730041,0.0,0.0,165.4686256752674,201.5168953208178,2871.1198558124217,1801.1901459587962,21.548754732846385,26.980614234060647,22.000000000000019,30.00000000000002,0.0,20.54716534340524,28.63010797575877,16.000000000000015,30.00000000000002,123.5990494760242,21.124979308032814,28.55996012049623,21.000000000000015,30.00000000000002,0.0,20.671587270921138,29.109282083989688,19.000000000000015,30.00000000000002,0.0,16.081065971737269,38.220168218024557,12.00000000000001,30.00000000000002,568.2035016168146,19.94230006500713,35.26934476744391,19.666666666666683,30.00000000000002,0.0,16.86556963101964,36.88466330355073,10.000000000000007,30.00000000000002,156.4641598084258,19.92786377426534,31.589179076993945,19.700000000000018,30.00000000000002,0.0,18.18954148873725,33.84004521706038,12.00000000000001,30.00000000000002,0.0,19.876651607899484,0.0,0.0,0.0,14.736881542729148,0.0,0.0,523.6684244080329,522.3599547280196,565.2415968091214,553.2711351513272,570.1565236197469,932.9607236070273,592.1762285500919,657.462957173873,590.6755385979541,8251.618726490322,82.5487283669684,82.54872836696842,220.00000000000018,0.0,220.00000000000018,220.00000000000018,16.0,19.0,19.0,12.0,19.7,12.0,21.0,10.0,1.0,0.0,1801.1901459587962,0.0,123.5990494760242,0.0,568.2035016168146,0.0,156.4641598084258,0.0,0.0,0.0,0.0,82.5487283669684,82.5487283669684,0.3400000000000003,0.7687419008060485,0.3602813740196598,82.5487283669684,0.3542647819438878,0.0,0.006208888888888889 
 04/18  08:00:00,6.57,69.0,4.73,84.5,723.0,0.0,0.0,1.0,2.0,0.0,0.0,0.0,0.0,0.0,4.0,796.0,0.0,223.8870607221668,124.62009169088302,319.33484583348209,6.713555830999982,178.68635513688475,0.0,124.62009169088285,170.3651133830309,0.0,0.0,20.646712477816679,-1372.377692101281,19.712430988291886,563.7569506648533,20.83509876001213,-1070.630381979729,20.287630198969376,492.3773146795402,16.052096188636257,8.69267780067814,18.95420020962255,-81.98523843650216,16.983251093698045,54.958943175764037,18.959583825894023,-263.3628874395151,17.8906160089785,-226.59953298800748,789.8517176650548,1138.0621356287143,0.0,0.0,0.0,0.0,0.0,0.0,0.0,0.0,0.0,0.0,0.0,0.0,0.0,0.0,0.0,0.0,0.0,0.0,0.0,0.0,0.0,0.0,1.6689724337899823,0.509454344868737,366.6621905871194,436.395390081789,11104.833978808494,0.38264460344930409,0.058401191002641048,307.7341621202953,367.53861603590436,8685.38923428495,3.23774048595328,0.6118179300743161,295.75636519147499,351.8370058200699,9089.761272361606,0.34854080793001976,0.06586183067460688,294.61575362813957,351.5040186083397,8487.710513870878,0.0,0.0,11.229640349759768,13.621979125862314,218.19203008210935,0.0,0.0,15.429782111255319,18.48086720933356,403.79685708710789,0.0,0.0,209.12335285089834,252.89381731042813,4442.123689078851,0.0,0.0,44.04927990047643,52.60442709002799,1236.760969618765,0.0,0.0,128.30362014061164,154.74414126032466,2929.028054169831,20.86651709060372,14.311740117012157,597.2033708085771,714.6753723549061,16731.211006972095,0.0,0.0,143.19740920803549,174.49732430860196,2422.7529500855409,1836.778679873094,21.61640285443033,27.20103121895997,22.0,30.0,0.0,20.588844453962915,28.908798807075955,16.0,30.0,1422.487193068384,21.731023263439199,27.650239046189527,21.5,30.0,0.0,20.871489516112179,28.988706780389415,19.0,30.0,0.0,16.0650658012371,38.55780841049082,12.0,30.0,0.0,19.51934948775607,36.52087086157518,19.0,30.0,0.0,16.991486408795664,36.7247369428127,10.0,30.0,1143.3174675500896,20.490020969017203,30.495510622510588,20.7,30.0,0.0,17.789294468357459,34.83695066460551,12.0,30.0,0.0,20.009933782246188,0.0,0.0,0.0,14.773205343441412,0.0,0.0,542.657416329012,541.2864214527083,577.0865505593048,568.5665793149647,582.1595192842121,938.0866751520375,590.3383760957922,655.4712511757674,590.7255609007666,9039.422603270863,82.02786670108333,83.74953579608128,220.0,0.0,220.0,220.0,16.0,19.0,19.0,12.0,19.7,12.0,21.0,10.0,1.0,0.0,1836.778679873094,0.0,1422.487193068384,0.0,0.0,0.0,1143.3174675500896,0.0,2605.569101780938,1563341.461068563,2036008.3012294546,82.02786670108333,83.7787754528635,0.34185230339269798,0.7679804890656543,0.36028137401965956,83.7787754528635,0.3542647819438875,2036008.3012294546,0.1119102094417094 
 04/18  08:10:00,6.756666666666668,67.83333333333333,4.750000000000001,86.33333333333334,743.3333333333334,0.0,4.0,0.0,0.0,0.0,0.0,0.0,0.0,0.0,0.0,1194.0,0.0,244.3006973364554,109.3729916028864,280.26520667743037,7.32567683731258,194.97856634214447,0.0,109.37299160288626,149.52117160759725,0.0,0.0,20.75519961492216,-1298.8419157510369,19.786073134228134,602.4874881356439,20.747606165705,-454.37482730662489,20.356334716766044,-36.875030785818548,16.040551321791918,12.94030232381674,18.612119356216959,-218.2465255593676,17.406497744615593,491.9492291527718,18.5611518883843,-144.68111209520934,17.741820251141065,-292.00000319530968,702.6872502523282,739.6995902156057,0.0,0.0,0.0,0.0,0.0,0.0,0.0,0.0,0.0,0.0,0.0,0.0,0.0,0.0,0.0,0.0,0.0,0.0,0.0,0.0,0.0,0.0,1.636824896954265,0.49964129943658888,427.14784098209045,508.39722261681097,12850.372996892223,0.38493744924861097,0.05875113694270617,319.80562291577976,381.9448377293722,8947.309183746474,3.401321308466367,0.642728894268021,172.82169781878856,205.7626135956177,5239.195918580586,0.34925444803786556,0.06599668330269565,19.675013470819427,23.465935393562938,568.0470133173673,0.0,0.0,10.440718338327664,12.670644022344906,198.7333799764191,0.0,0.0,75.11783425472714,90.25755160591354,1855.2913206583638,0.0,0.0,200.3672030030639,241.7040610970685,4496.059993373807,0.0,0.0,35.24484580496526,42.23461471759353,927.3667094113876,0.0,0.0,77.95988528745753,94.08426449459764,1718.4245235327267,20.803680419680985,14.268642263155682,383.39299122538196,459.3429268444445,10604.677472381649,0.0,0.0,83.8323932784846,102.2855547231087,1330.0658073866947,1801.74988490515,21.736827929277454,27.232803698071139,21.999999999999994,30.0,0.0,20.65369704119809,29.115881954240864,15.999999999999999,30.0,1246.8060394264,21.604624228768168,27.50932511003118,21.499999999999998,30.0,0.0,20.879906629804997,31.87278766006592,18.999999999999998,30.0,0.0,16.05779046328934,38.998792133454049,11.999999999999997,30.0,0.0,18.92035125337194,34.62515302032049,15.999999999999999,30.0,0.0,17.83673483730175,35.87579633555089,9.999999999999999,30.0,0.0,19.710851377697244,31.750612334264188,15.999999999999999,30.0,0.0,17.615116034070505,35.80072904927388,11.999999999999997,30.0,0.0,19.762215191811167,0.0,0.0,0.0,14.350681174434066,0.0,0.0,557.4610903011064,559.4086197035528,557.9268881801443,740.6951489078658,598.7658286567261,720.4406396149275,643.5653397410796,636.9372119853915,618.572700280778,9840.791091326373,81.4979661438266,83.81974416312265,132.0,0.0,132.0,132.0,16.0,19.0,16.0,12.0,16.0,12.0,21.0,10.0,1.0,0.0,1801.74988490515,0.0,1246.8060394264,0.0,0.0,0.0,0.0,0.0,3513.7319141681975,2108239.1485009186,2729281.709187761,81.4979661438266,83.85917566166435,0.34379106380560656,0.7676248154234642,0.3602813740196595,83.85917566166435,0.3542647819438874,2729281.709187761,0.1454426488777636 
 04/18  08:20:00,6.943333333333334,66.66666666666667,4.7700000000000009,88.16666666666666,763.6666666666667,0.0,4.0,0.0,0.0,0.0,0.0,0.0,0.0,0.0,0.0,597.0,0.0,253.09150485649955,94.76405433037357,242.83082717589469,7.589293920646078,201.99473187631618,0.0,94.76405433037343,129.5496467830868,0.0,0.0,20.72425619784218,-1529.3119130802007,19.86081041978,476.1697708272755,20.397911867403825,-17.531702773715887,20.30376427931631,-63.018756610782578,16.035389431436227,19.68920122403579,18.35853201646207,-43.92335337183935,17.797832153137038,208.23569136751758,17.90292809924732,-32.444494199939267,17.370043467260908,-568.9764950285269,714.9757027580555,995.7349860363311,0.0,0.0,0.0,0.0,0.0,0.0,0.0,0.0,0.0,0.0,0.0,0.0,0.0,0.0,0.0,0.0,0.0,0.0,0.0,0.0,0.0,0.0,1.694277004315912,0.5171785727460049,418.4725552488561,497.9364913126176,12359.821139638465,0.37460122830784156,0.05717356964405394,286.6289581048828,342.1804919473242,7950.376641098646,3.7068980486881539,0.700472042458079,101.92866880774051,121.4763733046932,3003.331254421463,0.3317219987011487,0.06268367322395097,14.729516328941607,17.57013248694122,419.20916286686357,0.0,0.0,9.515039819982294,11.539773355751475,177.56911487018528,0.0,0.0,39.62685613007871,47.67897393154955,933.3371083494612,0.0,0.0,217.99252863849774,262.14129476673357,5080.350518486717,0.0,0.0,21.782630097533486,26.193533494250099,516.9609003331319,0.0,0.0,143.7073089506762,173.6262203675086,2934.72897280457,20.583221630110907,14.117435960295549,370.8957442851336,443.98788817283465,10185.257593605036,0.0,0.0,144.6360724765342,175.83499876598214,2445.2730809564038,1851.8190911161492,21.637952280700917,27.48484151576205,21.999999999999994,29.999999999999998,0.0,20.719099697608138,29.113158222246804,15.999999999999997,29.999999999999998,66.6315104441394,21.117335821434638,28.387417933506748,20.999999999999998,29.999999999999998,0.0,20.784475719849639,35.63420400016567,18.999999999999998,29.999999999999998,0.0,16.06093609587598,39.38708370640239,11.999999999999997,29.999999999999998,0.0,18.535040903245269,34.35980545979233,15.999999999999997,29.999999999999998,0.0,18.438789191857095,34.08504372845939,9.999999999999999,29.999999999999998,0.0,18.59429655386116,33.98311218489128,15.999999999999997,29.999999999999998,0.0,17.0104659633911,37.469598895874749,11.999999999999997,29.999999999999998,0.0,19.84242023396218,0.0,0.0,0.0,15.033419468886164,0.0,0.0,562.9913044523021,566.1660027867474,563.0683342106836,954.2583727341223,613.519083670713,646.5447715070454,613.8584545652918,632.0245347075422,629.3189938134468,10192.8053211515,81.26519604887031,83.5881616895032,132.0,0.0,132.0,132.0,16.0,19.0,16.0,12.0,16.0,12.0,21.0,10.0,1.0,0.0,1851.8190911161492,0.0,66.6315104441394,0.0,0.0,0.0,0.0,0.0,3515.5276153184847,2109316.5691910919,2729818.607605796,81.26519604887031,83.62761335779783,0.34385092051061619,0.7694034414572201,0.3602813740196595,83.62761335779783,0.35426478194388746,2729818.607605796,0.1453605675955014 
 04/18  08:30:00,7.130000000000001,65.5,4.79,90.0,784.0,0.0,4.0,0.0,0.0,0.0,0.0,0.0,0.0,0.0,0.0,796.0,0.0,261.91668007347257,82.80704313607159,212.1918619208745,7.853941917211177,209.03833041708766,0.0,82.80704313607147,113.20350596261385,0.0,0.0,20.588468950432188,-1167.5710061078385,19.874584124520699,553.2073791394428,20.832444806285389,-409.16573342375536,20.256221013591266,-60.66950651137677,16.037052374711104,24.70023196040178,18.23788088214987,-23.345495959668314,17.674882225351653,117.20452426304292,17.535348750319398,-11.210322146409894,17.088489153882166,-392.3549991105631,686.73370575337,1003.273289594574,0.0,0.0,0.0,0.0,0.0,0.0,0.0,0.0,0.0,0.0,0.0,0.0,0.0,0.0,0.0,0.0,0.0,0.0,0.0,0.0,0.0,0.0,1.7253956867071177,0.5266775600449077,406.13600774409846,483.5787751461422,11788.152246015416,0.39398852627145738,0.06013255895474015,312.94965660661208,373.6246730094599,8546.635603271996,3.374607119023275,0.6376808614934385,116.1343259985276,138.19290395579905,3567.9977729004829,0.3373485003326581,0.06374688214902835,20.70100997569698,24.673452704664414,574.5217764435773,0.0,0.0,9.316129810248784,11.300585845192517,170.5542198479641,0.0,0.0,34.41369651960135,41.40964869652156,784.7243082561814,0.0,0.0,252.8518253859237,304.5016302248253,5667.601817778712,0.0,0.0,14.024642001864955,16.901568981393966,310.8269425570454,0.0,0.0,182.20313476912848,220.57569277556255,3540.339429828309,20.6070366732983,14.133770009120927,361.1409805227531,432.59638423588356,9734.296790377763,0.0,0.0,182.49281192983657,221.75738604664168,3160.4361446212189,1349.6119630875058,21.54191243592003,27.90865521774966,21.75,30.0,0.0,20.694432349489767,29.349343130505763,16.0,30.0,1262.0422040503505,21.876502705790068,27.136534352557058,21.5,30.0,0.0,20.712677143147034,37.6197489367051,19.0,30.0,0.0,16.073978965997058,39.464704396866029,12.0,30.0,0.0,18.366816645231624,34.42816757730085,16.0,30.0,0.0,18.16588961060704,34.62353889455754,10.0,30.0,0.0,18.018554587385219,35.12416900156496,16.0,30.0,0.0,16.643194148061889,38.21759796536186,12.0,30.0,0.0,19.77547943338582,0.0,0.0,0.0,15.561253254878136,0.0,0.0,579.2781686884846,577.653251299165,565.918174524644,1065.4862319399409,615.0032901726822,626.4380102343087,607.2644237500124,624.0167501059332,616.6800329589837,9346.517822996308,81.82484452933574,83.53611639084879,132.0,0.0,132.0,132.0,16.0,19.0,16.0,12.0,16.0,12.0,21.0,10.0,1.0,0.0,1349.6119630875058,0.0,1262.0422040503505,0.0,0.0,0.0,0.0,0.0,2589.8496224120178,1553909.7734472107,2014225.1349400683,81.82484452933574,83.56517946808998,0.3413283207470673,0.7678404968524013,0.36028137401965956,83.56517946808998,0.3542647819438875,2014225.1349400683,0.10803970701688358 
 04/18  08:40:00,7.316666666666667,64.33333333333333,4.81,93.33333333333333,786.5,0.0,0.0,1.0,2.0,0.0,0.0,0.0,0.0,0.0,0.0,1791.0,0.0,270.5560227949467,74.18170463868172,190.0900668688255,8.11300996770092,215.93353255887275,0.0,74.18170463868164,101.41201430876572,0.0,0.0,20.732925389165126,-1192.657871091697,19.91057623422368,488.89789828432336,20.719336234629844,-878.0315129401236,20.209730388561384,343.34229936234859,16.03840938114272,26.32696312937503,18.976656932125175,-69.04431240666503,17.58403278621545,92.06015935705368,18.308431371893016,-103.81486649827007,16.98056414218288,-274.233482868317,734.3490506663488,940.9189812843781,0.0,0.0,0.0,0.0,0.0,0.0,0.0,0.0,0.0,0.0,0.0,0.0,0.0,0.0,0.0,0.0,0.0,0.0,0.0,0.0,0.0,0.0,1.6154677049406934,0.493122010055158,401.0893758151069,477.47708950198207,11555.368583447469,0.3672330678920679,0.05604900303603004,291.929834080014,348.65040830025137,7862.7129092663139,3.4938880194185835,0.6602207141758493,314.53897562850036,374.50230177803976,9088.147767566355,0.34917903499395977,0.06598243291647024,259.84189880102266,310.1686762995038,7018.54269878944,0.0,0.0,10.055799460314314,12.203292851660042,180.46095136087903,0.0,0.0,15.416076054684842,18.483724454217083,381.0826417524978,0.0,0.0,233.94205911166635,282.0503146111797,5076.790372996251,0.0,0.0,27.045018795679998,32.42103576297562,663.7454494025933,0.0,0.0,188.68258675264,228.61313029287664,3560.7361286618217,20.158324636877397,13.826011410752713,547.8147101678801,655.5963776235082,14541.585326029981,0.0,0.0,190.11313562538965,230.9632641800901,3299.8949649059015,1838.4815181596394,21.626892669210024,28.769082670605664,22.000000000000055,30.000000000000076,0.0,20.694943600120025,30.276783757822629,16.00000000000004,30.000000000000076,1252.2241025670124,21.471253604466008,29.02927090301328,21.333333333333387,30.000000000000076,0.0,20.72222542691968,31.003625852175639,16.00000000000004,30.000000000000076,0.0,16.084013919203309,39.52059277363274,12.000000000000032,30.000000000000076,1223.6626274464184,19.517586259448966,33.071177878982229,19.77777777777783,30.000000000000076,0.0,17.99339488528637,35.362604102792108,10.000000000000025,30.000000000000076,1312.6122554738595,19.25004564770854,33.19557682690979,20.700000000000054,30.000000000000076,0.0,16.552645454148196,38.51066224244983,12.000000000000032,30.000000000000076,0.0,20.01048182408413,0.0,0.0,0.0,15.772066691808197,0.0,0.0,643.3403835225536,633.090258316733,641.3880763679713,678.044063068848,614.2376604728008,698.781832135891,620.633162041937,668.7266016967822,614.891317232732,10109.33661000805,81.32039885395436,83.62645961534712,60.00000000000015,0.0,60.00000000000015,60.00000000000015,16.0,16.0,19.0,12.0,19.7,12.0,21.0,10.0,1.0,0.0,1838.4815181596394,0.0,1252.2241025670124,0.0,1223.6626274464184,0.0,1312.6122554738595,0.0,3489.9689809441808,2093981.3885665024,2734655.4119440645,81.32039885395436,83.66562418267192,0.3429989660314733,0.7684407793044804,0.36028137401966056,83.66562418267192,0.3542647819438884,2734655.4119440645,0.14365208142109135 
 04/18  08:50:00,7.503333333333334,63.16666666666667,4.83,96.66666666666666,789.0,0.0,0.0,1.0,2.0,0.0,0.0,0.0,0.0,0.0,0.0,398.0,0.0,278.95731029997219,69.76823653490665,178.78094947913065,8.364939574258857,222.63874020713679,0.0,69.76823653490659,95.37846880490673,0.0,0.0,20.753975954837224,-1554.5726884096676,19.976955059194986,492.6341485680214,20.22017830424422,36.52782241079785,20.16060301755892,69.13593154219677,16.040134393956828,27.017331242504015,19.01681838502475,-71.47138801822666,17.5580182331055,119.75624778672955,19.137326809748467,-246.17329353658227,16.930972897340604,-217.6656395722298,718.4432100458525,904.4141086212967,0.0,0.0,0.0,0.0,0.0,0.0,0.0,0.0,0.0,0.0,0.0,0.0,0.0,0.0,0.0,0.0,0.0,0.0,0.0,0.0,0.0,0.0,1.5825973745473876,0.48308833166892176,485.484843698169,577.1923405904541,13710.10826099982,0.34943377239126346,0.05333238284359943,283.5868366724808,338.2030888165683,7569.164663569349,3.740562282684092,0.7068333867505845,288.57384384759578,344.026037613618,7829.082642000383,0.34710311673415009,0.0655901581130291,160.18618585534569,191.29317543434343,4269.658616640021,0.0,0.0,10.187676906064143,12.346671113199644,179.1828570875389,0.0,0.0,15.761429335593793,18.867000088460139,383.65689126953296,0.0,0.0,235.1547126688841,283.17111934002437,4990.720917517662,0.0,0.0,38.85302928943338,46.31396808725855,1035.591186882035,0.0,0.0,193.61085912875019,234.27488385440749,3573.9719256867349,19.798846668732677,13.579455877045735,562.8438871861386,672.7900718205856,14742.948386968557,0.0,0.0,196.2355056843362,237.7660356775493,3474.169337118377,1856.483343677424,21.590110771039539,28.92582778085444,22.0,30.0,0.0,20.763903854787217,30.4266145983664,16.0,30.0,178.11643427103636,20.82230002863491,30.351891266342617,21.0,30.0,0.0,20.629339855664669,30.509788159761138,16.0,30.0,0.0,16.093652883266175,39.693300445303318,12.0,30.0,0.0,19.542476527467444,35.02326588711563,19.0,30.0,0.0,17.939736637707634,35.63259791876925,10.0,30.0,973.9086429769239,20.748918217238744,30.847269262895034,20.7,30.0,0.0,16.53372413871243,38.78975206132317,12.0,30.0,0.0,20.069407295833196,0.0,0.0,0.0,16.136002282879447,0.0,0.0,649.2424013837097,650.0757713669209,650.6169949481038,639.7255908580175,618.1258368452875,818.2188880223125,627.3270002605284,693.4227307629054,624.3633170282909,10720.392402665188,80.91625760389764,87.88170360323741,60.0,0.0,60.0,60.0,16.0,16.0,19.0,12.0,19.7,12.0,21.0,10.0,1.0,0.0,1856.483343677424,0.0,178.11643427103636,0.0,0.0,0.0,973.9086429769239,0.0,10541.365029533423,6324819.017720054,8243060.887333445,80.91625760389764,88.0,0.3513788343177807,0.7673606326680207,0.36028137401965956,88.0,0.3542647819438875,8243060.887333445,0.4300458328080059 
 04/18  09:00:00,7.69,62.0,4.85,100.0,791.5,0.0,0.0,1.0,2.0,0.0,0.0,0.0,0.0,0.0,0.0,796.0,0.0,294.344648669476,70.26319350220779,180.0493916775379,8.826341717255522,234.91943189573068,0.0,70.26319350220774,96.05511250424813,0.0,0.0,20.61339302150929,-1009.6255023775279,20.014253965047887,486.04443831644587,20.85579780257921,-1042.0510623869414,20.196843426732938,488.7896311743898,16.04095452764216,28.340981458669974,18.867077117922748,-61.87053523450754,17.554459426850657,140.53371322076237,18.8268538596318,-189.7497253956048,16.955228720664335,-100.99681109309131,715.2584355029885,794.6988306592764,0.0,0.0,0.0,0.0,0.0,0.0,0.0,0.0,0.0,0.0,0.0,0.0,0.0,0.0,0.0,0.0,0.0,0.0,0.0,0.0,0.0,0.0,1.5694880813293,0.4790867159124847,424.11287239479227,505.0029783070447,11788.62093720992,0.35430535957574169,0.05407590958115716,285.1197741175725,340.2656212178234,7508.949878467316,3.341209276344967,0.6313698556963282,360.6888391077176,429.1540147331101,10282.370348694947,0.355570377985131,0.06719016968728853,291.5570032941779,347.9386890962396,7706.897180956606,0.0,0.0,10.133322523566708,12.291643186888545,174.47521935967189,0.0,0.0,15.551544727409754,18.648945507022434,364.49628499142116,0.0,0.0,225.22281352314998,271.477960019768,4690.819482546896,0.0,0.0,41.51738723012337,49.69558386616709,1031.6866372777138,0.0,0.0,186.10805586525684,225.34712522597466,3400.3248520805257,19.731424655268666,13.53321306945725,586.4847640141355,701.6232270449777,15154.771242637888,0.0,0.0,188.93999117737199,229.00267727762836,3348.2504022208315,1276.2352092851182,21.54539519552149,28.863499217313199,21.75,30.0,0.0,20.77073565511371,30.373930608802188,16.0,30.0,1716.0848451972088,21.733747178906414,28.520923850512987,21.5,30.0,0.0,20.77058512555594,30.27517056578967,16.0,30.0,0.0,16.099847176711614,39.84896663547072,12.0,30.0,0.0,19.27250195218082,36.62967179857845,19.0,30.0,0.0,17.932083645117034,35.88371864447978,10.0,30.0,372.624885975556,19.995532024273673,32.50771140407356,19.95,30.0,0.0,16.633377992624149,38.963395588113218,12.0,30.0,0.0,20.099340982090184,0.0,0.0,0.0,16.337579792565845,0.0,0.0,641.051479780868,648.5745931396208,639.7372729922319,641.6536020931595,623.444058384786,874.8050403640523,638.3397991136985,695.0140142483103,642.2190247627101,9745.379271705102,81.56105745675453,83.3431513404418,60.0,0.0,60.0,60.0,16.0,16.0,19.0,12.0,19.7,12.0,21.0,10.0,1.0,0.0,1276.2352092851182,0.0,1716.0848451972088,0.0,0.0,0.0,372.624885975556,0.0,2696.9211276664584,1618152.6765998749,2094342.548217191,81.56105745675453,83.3734172107325,0.3448973709222153,0.7704918035637539,0.36028137401965956,83.3734172107325,0.3542647819438875,2094342.548217191,0.11026914584062726 
 04/18  09:10:00,7.896666666666667,60.833333333333339,4.6850000000000009,103.33333333333334,794.0,0.0,0.0,0.0,0.0,0.0,0.0,0.0,0.0,0.0,0.0,995.0,0.0,329.51423527485766,72.20183749793914,185.01719687228005,9.880903601664628,262.98811042464765,0.0,72.20183749793911,98.70538582423052,0.0,0.0,19.9788048563841,-64.72080300808611,19.93654245422661,-58.246055080385669,20.10708645497109,-183.27579129811188,20.155028837857498,-72.98310008727104,16.042755613220696,24.960135400264656,18.65616844801644,-141.70050866073036,17.563887341421777,82.54216734981456,18.43187579769569,-114.13501584613052,17.003186535637974,-89.58758026626947,456.8394377846779,669.2945324367438,0.0,0.0,0.0,0.0,0.0,0.0,0.0,0.0,0.0,0.0,0.0,0.0,0.0,0.0,0.0,0.0,0.0,0.0,0.0,0.0,0.0,0.0,1.5350160126460915,0.46856410642432586,207.68062660108047,248.32085404679345,5295.341980053692,0.3023728858797373,0.04614970785710276,110.67516874937862,132.35382041605963,2842.067550646546,3.3578389910509669,0.634512280999805,158.05232997782793,188.98704535359014,4145.472437295097,0.29287846362101618,0.05534362502286775,113.43278980131498,135.62225564270276,2935.0079463977929,0.0,0.0,8.916612153817221,10.81932367733744,149.8446508451409,0.0,0.0,65.88308505745988,79.1620714555585,1467.7501296801586,0.0,0.0,261.70516433002,315.50543130345428,5345.517249747669,0.0,0.0,34.843887462118669,41.80256500883892,810.3646647708412,0.0,0.0,175.90400139952818,212.95208198377333,3177.1100112175847,19.32543554798744,13.254756891623762,220.21446759522997,264.2823454164909,5646.603337637012,0.0,0.0,178.5131873555997,216.3397639665835,3118.62426376079,0.0,20.43045104734128,30.804283080381496,22.0,30.0,0.0,20.52245231054982,30.626354706174316,16.0,30.0,0.0,20.578074973992388,30.3979549850986,21.800000000000006,30.0,0.0,20.61479410735793,30.397984938273518,16.0,30.0,0.0,16.104831128112129,40.14292152494906,12.000000000000002,30.0,0.0,18.879390932649025,35.43492213945321,16.0,30.0,0.0,17.937122113569737,36.56260770215732,10.0,30.0,0.0,19.35980766317699,33.51150466573869,12.000000000000002,30.0,0.0,16.74086124507118,39.1543423230886,12.000000000000002,30.0,0.0,19.24012346181272,0.0,0.0,0.0,16.422766926520386,0.0,0.0,637.5623148102902,637.1635331785036,628.9707161253072,633.3274772874511,635.9493048721189,739.9018780249926,677.4868402694322,678.1392588832744,662.9731236631784,0.0,80.77322865169239,80.77322865169239,60.0,0.0,60.0,60.0,16.0,16.0,16.0,12.0,12.0,12.0,21.0,10.0,0.0,0.0,0.0,0.0,0.0,0.0,0.0,0.0,0.0,0.0,0.0,0.0,0.0,80.77322865169239,80.77322865169239,0.0,0.0,0.0,80.77322865169239,0.0,0.0,0.00132 
 04/18  09:20:00,8.103333333333336,59.66666666666667,4.52,106.66666666666667,796.5,0.0,0.0,0.0,0.0,0.0,0.0,0.0,0.0,0.0,0.0,597.0,0.0,382.0502555690983,74.08193403026663,189.8349734358679,11.456188264626312,304.9167406114938,0.0,74.0819340302666,101.27562032297827,0.0,0.0,19.615752381647554,-5.463451899456228,19.666810919029169,-129.9495848020322,19.75299795403374,-104.52771435511412,19.828715259419626,-179.44316590735807,16.04165301708414,21.1496013408297,18.48062618530271,-94.6336795892892,17.480120612189077,77.97389121560775,17.927110893155225,-45.36902782376484,17.038371440382549,-96.2232764503681,410.4606824873816,515.1530340358563,0.0,0.0,0.0,0.0,0.0,0.0,0.0,0.0,0.0,0.0,0.0,0.0,0.0,0.0,0.0,0.0,0.0,0.0,0.0,0.0,0.0,0.0,1.4830474256485542,0.4527006793799005,139.93188402533253,167.5430566849899,3368.456173798185,0.2790763313166825,0.04259406766127631,58.368938914778059,69.8337586830931,1399.0178094739252,3.2587162234750979,0.6157815992961258,117.97702789149325,141.14481617329984,2901.5065442012976,0.2693880895784714,0.05090477883191066,80.90047527997828,96.75424529647927,1942.6819020310659,0.0,0.0,8.067509592469588,9.78347661224431,132.14891096924766,0.0,0.0,57.53130946366395,69.17671411258036,1220.4334458967558,0.0,0.0,235.09094898758799,283.43508532172026,4632.724244730937,0.0,0.0,25.476460583392016,30.649918658289186,536.8988290469376,0.0,0.0,155.7338857533681,188.39441762810936,2770.5938625223677,18.93581080451444,12.987524557280136,142.8660028701533,171.66234564847435,3465.793530526921,0.0,0.0,157.27790990651813,190.53005905039127,2675.622602793192,0.0,19.892312925885699,31.697910868118798,21.999999999999994,29.99999999999999,0.0,19.96078947006302,31.410025622519095,15.999999999999993,29.99999999999999,0.0,19.999445182809326,31.24185013164091,21.999999999999994,29.99999999999999,0.0,20.022082506459886,31.258090153628929,15.999999999999993,29.99999999999999,0.0,16.102623756595919,40.47124751098221,11.999999999999995,29.99999999999999,0.0,18.55419311453445,35.24490722689425,15.999999999999993,29.99999999999999,0.0,17.785759272368698,36.76908782886299,9.999999999999997,29.99999999999999,0.0,18.455032231993714,35.32017201146791,11.999999999999995,29.99999999999999,0.0,16.8158588510463,39.19631681461603,11.999999999999995,29.99999999999999,0.0,18.68159642511671,0.0,0.0,0.0,16.400532817154035,0.0,0.0,630.8822406622433,621.9909675265026,616.3274839326779,620.0819278466547,650.1947113544648,681.8755946031906,668.3226104727955,672.1040667927659,674.2494487492585,0.0,80.77322865169237,80.77322865169237,59.99999999999998,0.0,59.99999999999998,59.99999999999998,16.0,16.0,16.0,12.0,12.0,12.0,21.0,10.0,0.0,0.0,0.0,0.0,0.0,0.0,0.0,0.0,0.0,0.0,0.0,0.0,0.0,80.77322865169237,80.77322865169237,0.0,0.0,0.0,80.77322865169237,0.0,0.0,0.0012733333333333334 
 04/18  09:30:00,8.31,58.5,4.3549999999999999,110.0,799.0,0.0,0.0,0.0,0.0,0.0,0.0,0.0,0.0,0.0,0.0,398.0,0.0,450.33274500989338,75.90391228153267,194.50382088767894,13.503621887626759,359.41244634599448,0.0,75.90391228153263,103.76640272529186,0.0,0.0,19.337606955132807,10.955109770305626,19.48870583293206,-135.1883427930627,19.46638456060621,-174.2003040017296,19.598381897311694,-79.01051629731808,16.04103693033625,18.762969786927756,18.40229252466467,-77.19803214652575,17.432084693376436,75.30733565643277,17.618560965723,-17.99533109066931,17.057794665055356,-96.28226070732944,346.53246175761367,395.005177117544,0.0,0.0,0.0,0.0,0.0,0.0,0.0,0.0,0.0,0.0,0.0,0.0,0.0,0.0,0.0,0.0,0.0,0.0,0.0,0.0,0.0,0.0,1.4072103484059236,0.42955138840229659,148.19623155732047,177.50947508189246,3380.9595257472476,0.26627066016539138,0.04063960014734301,53.73567939962594,64.34739582985677,1229.0634464648506,3.100419352195281,0.585869114171444,99.56672476199646,119.21739288850709,2318.6457304019497,0.26079888685257227,0.049281724650901779,54.78503540037337,65.59057542756294,1259.2470601729197,0.0,0.0,7.563130888614756,9.165891099616977,120.67139579665404,0.0,0.0,52.983879515417147,63.70578315579751,1084.4504030313343,0.0,0.0,216.65731561563383,261.1163632483426,4144.242403285576,0.0,0.0,18.05169274901655,21.74174691486015,354.17038300592778,0.0,0.0,139.9262771624831,169.13149574783956,2442.6203122658628,18.716215319466998,12.836910370004805,123.42475765675622,148.3822823882067,2882.334137772016,0.0,0.0,140.50355448716778,170.07400265888627,2341.5955078111076,0.0,19.504173930774596,32.24351585186245,22.0,30.0,0.0,19.58769684184375,31.858256236454275,16.0,30.0,0.0,19.543874120606327,31.848031034471643,22.0,30.0,0.0,19.645331015062994,31.84745563461906,16.0,30.0,0.0,16.10020194131132,40.64154666697301,12.0,30.0,0.0,18.387859205391459,35.427383722917259,16.0,30.0,0.0,17.704890939683155,36.86411344801395,10.0,30.0,0.0,17.94353474175912,36.443085716100089,12.0,30.0,0.0,16.858091895498704,39.05409663622862,12.0,30.0,0.0,18.27552940876442,0.0,0.0,0.0,16.44298465903012,0.0,0.0,619.6501156500973,608.0188318139933,603.1469703901364,613.4538754035299,657.0186294764706,669.9059997736899,663.0094309697379,670.4994620695154,671.8458372851746,0.0,80.77322865169239,80.77322865169239,60.0,0.0,60.0,60.0,16.0,16.0,16.0,12.0,12.0,12.0,21.0,10.0,0.0,0.0,0.0,0.0,0.0,0.0,0.0,0.0,0.0,0.0,0.0,0.0,0.0,80.77322865169239,80.77322865169239,0.0,0.0,0.0,80.77322865169239,0.0,0.0,0.0012266666666666668 
 04/18  09:40:00,8.516666666666668,57.33333333333333,4.1899999999999999,122.66666666666666,778.3333333333334,0.0,0.0,0.0,0.0,0.0,0.0,0.0,0.0,0.0,0.0,398.0,0.0,538.5202730603213,79.98362815413039,204.9579521382298,16.147891487218723,429.7940759125692,0.0,79.98362815413036,109.34368362578818,0.0,0.0,19.106483668536677,-20.094468883954968,19.379387686349497,-173.7465099944464,19.205362543100287,-64.31505536752101,19.440044532589817,-196.14788658334104,16.04328941751397,16.436063341063254,18.386345050734616,-77.17534146752897,17.381588915046814,64.76307202819636,17.428399611393688,-5.775252859653422,17.08736820478626,-72.24065225198868,364.9581699484189,274.09085336201988,0.0,0.0,0.0,0.0,0.0,0.0,0.0,0.0,0.0,0.0,0.0,0.0,0.0,0.0,0.0,0.0,0.0,0.0,0.0,0.0,0.0,0.0,1.3433816794535443,0.41006766772086225,170.75451591368467,204.83670982950225,3714.0583539186179,0.24641584620846333,0.037609256136822869,102.84574339669624,123.26065400063448,2252.0654293181848,3.0193598837567507,0.5705517543002178,257.70636187258438,309.01052033309727,5607.531796263023,0.2431190550451675,0.04594086452100671,166.98232344683556,200.05477728316806,3661.8014832279338,0.0,0.0,6.9987631114388109,8.481363758938106,108.73350832361609,0.0,0.0,50.649807012729,60.912308455122488,1007.9820000767244,0.0,0.0,192.42968327914367,231.98406347133793,3567.4516413251014,0.0,0.0,9.919867546114059,11.95438176794859,184.56469965859777,0.0,0.0,117.52812787729195,142.0290537685043,2015.476394910026,18.237162303292089,12.50834177180528,292.4376093529134,351.52254468148399,6282.977134882738,0.0,0.0,117.00299302500823,141.59948368893738,1912.8826054490083,0.0,19.18276653027351,32.534973665106168,22.000000000000008,30.00000000000001,0.0,19.33380175475406,32.01170145333164,16.000000000000008,30.00000000000001,0.0,19.14553058798254,32.47751992202697,22.000000000000008,30.00000000000001,0.0,19.386006634127598,32.197161919473547,16.000000000000008,30.00000000000001,0.0,16.101547331276799,40.66616516326846,12.000000000000004,30.00000000000001,0.0,18.313246388489185,35.411985703383667,16.000000000000008,30.00000000000001,0.0,17.619414084171845,36.82404158934631,10.000000000000004,30.00000000000001,0.0,17.659480846683644,37.02924484362258,12.000000000000004,30.00000000000001,0.0,16.914898069222656,38.71853350951418,12.000000000000004,30.00000000000001,0.0,18.50732102271153,0.0,0.0,0.0,16.49722581439324,0.0,0.0,603.0768763545341,591.9177953019386,596.261906484546,606.4680751187123,657.6540183267682,659.4862311786808,650.6359670445331,666.5325917749315,661.3419337115411,0.0,80.77322865169242,80.77322865169242,60.00000000000002,0.0,60.00000000000002,60.00000000000002,16.0,16.0,16.0,12.0,12.0,12.0,21.0,10.0,0.0,0.0,0.0,0.0,0.0,0.0,0.0,0.0,0.0,0.0,0.0,0.0,0.0,80.77322865169242,80.77322865169242,0.0,0.0,0.0,80.77322865169242,0.0,0.0,0.00118 
 04/18  09:50:00,8.723333333333333,56.166666666666667,4.025,135.33333333333332,757.6666666666667,0.0,0.0,0.0,0.0,0.0,0.0,0.0,0.0,0.0,0.0,398.0,0.0,628.8372293827847,80.50286992649999,206.28855908756607,18.856009453328718,501.87516311278838,0.0,80.50286992649994,110.05352649480465,0.0,0.0,18.93635626024333,3.0047169239496727,19.306741232492159,-215.07602876313877,19.119607597437324,-44.59963760352639,19.27506512651887,-151.25844623781325,16.049795699399814,16.25781373100034,18.40630455909197,-77.10556034164279,17.3608825420874,71.19165297913605,17.287099626940959,-2.216296594201026,17.120772407247235,-48.78691549447967,277.30956581370267,206.65059586730559,0.0,0.0,0.0,0.0,0.0,0.0,0.0,0.0,0.0,0.0,0.0,0.0,0.0,0.0,0.0,0.0,0.0,0.0,0.0,0.0,0.0,0.0,1.2840428455215536,0.39195447054992479,171.20291452139976,205.47705460288439,3579.553989134147,0.23650748609149806,0.03609699116170605,101.66799320988693,121.93754100787518,2145.3297490278657,2.851723630719646,0.5388744578079454,101.31492781447405,121.47616411268158,2181.3691828593898,0.23066067751474468,0.04358667375562067,70.64860203448048,84.62894379833742,1481.3342260080115,0.0,0.0,6.832193192255726,8.27958997075898,103.38139033543357,0.0,0.0,50.51362017881431,60.75846975214465,981.6781106613685,0.0,0.0,181.1715302915223,218.4416466482973,3273.9691963404686,0.0,0.0,6.042123816844973,7.286513339589686,107.5432140386204,0.0,0.0,106.41590513291972,128.5765288344111,1793.0133078399909,18.294207816855477,12.547467638446833,175.15218139350746,210.65751413857644,3729.569322641565,0.0,0.0,105.69655995109058,127.85237191590859,1715.8569850658228,0.0,18.981661862237325,32.58128476504069,22.0,30.0,0.0,19.13998276661691,32.14391418225311,16.0,30.0,0.0,19.0755542969457,32.4903219175859,22.0,30.0,0.0,19.14604367731326,32.37497128368682,16.0,30.0,0.0,16.11030732266167,40.58365421848585,12.0,30.0,0.0,18.28844595796923,35.24604406637116,16.0,30.0,0.0,17.595001392536905,36.625283148264688,10.0,30.0,0.0,17.460968840302045,37.40328479367907,12.0,30.0,0.0,16.975965849102218,38.33756056674848,12.0,30.0,0.0,18.20648781630829,0.0,0.0,0.0,16.651639036941356,0.0,0.0,587.0427474209794,581.6794051681113,591.8376519424979,593.1895070268012,654.468160346026,647.7649603694288,638.2525080147339,661.680331214428,649.9724164832212,0.0,80.77322865169239,80.77322865169239,60.0,0.0,60.0,60.0,16.0,16.0,16.0,12.0,12.0,12.0,21.0,10.0,0.0,0.0,0.0,0.0,0.0,0.0,0.0,0.0,0.0,0.0,0.0,0.0,0.0,80.77322865169239,80.77322865169239,0.0,0.0,0.0,80.77322865169239,0.0,0.0,0.00115 
 04/18  10:00:00,8.93,55.0,3.86,148.0,737.0,0.0,0.0,0.0,0.0,0.0,0.0,0.0,0.0,0.0,0.0,199.0,0.0,728.8996845179752,84.05063748684047,215.37958357750163,21.856339689387747,581.734009786107,0.0,84.05063748684043,114.9035937229149,0.0,0.0,18.814787790116776,29.248940956384105,19.308796616219916,-137.38506748164083,18.956088843108874,-127.93316972205685,19.21616312093684,-22.826054127264344,16.06268000831789,15.813560780081275,18.46120620570553,-79.3919018831175,17.351806604640147,77.89501268017193,17.1631725316673,-0.80334198696562,17.15234864538329,-58.10658391785637,282.13630967907377,156.30544401074213,0.0,0.0,0.0,0.0,0.0,0.0,0.0,0.0,0.0,0.0,0.0,0.0,0.0,0.0,0.0,0.0,0.0,0.0,0.0,0.0,0.0,0.0,1.2218812215647879,0.37297961586226738,176.55913783983218,211.61697200852553,3572.9359096126229,0.2275419660522262,0.034728627297348328,88.98110604946676,106.57687985221415,1831.1986880042196,2.6788886541738079,0.5062147872588452,120.6417884586902,144.61985803193415,2473.238042166126,0.22916826938134356,0.04330466163668622,54.030418557871467,64.70462143832545,1115.4317253208317,0.0,0.0,6.797393599480277,8.221973049469371,100.27048455296363,0.0,0.0,50.527309696304609,60.66205322256234,963.1175895133173,0.0,0.0,176.77044254771767,212.75816902355477,3119.2510966828906,0.0,0.0,5.229692892555027,6.300374394849279,89.1282692384218,0.0,0.0,102.13934141649458,123.16656886888686,1688.3523905454875,18.475276549088855,12.671657441076036,185.12448606934738,222.38471574553032,3836.8564077467947,0.0,0.0,101.60241877016574,122.5953186353028,1647.5558481111607,0.0,18.857462422287698,32.92411002416899,22.0,30.0,0.0,19.077569875842256,32.138079253183878,16.0,30.0,0.0,18.836084334285088,32.563340699012368,22.0,30.0,0.0,19.092865803713829,32.583511487887069,16.0,30.0,0.0,16.12924758939349,40.419085596358147,12.0,30.0,0.0,18.3093542936256,35.011323291989729,16.0,30.0,0.0,17.589771042349157,36.494160005335128,10.0,30.0,0.0,17.28415539348458,37.7117770973233,12.0,30.0,0.0,17.02493100414421,38.076023589151947,12.0,30.0,0.0,18.228496128900649,0.0,0.0,0.0,16.85271244606405,0.0,0.0,591.9863228051665,575.9513894993238,573.4051369678084,598.4160625506098,648.9218807126529,638.2486385631295,631.7927980419494,656.0731363358557,643.1426612697216,0.0,80.77322865169239,80.77322865169239,60.0,0.0,60.0,60.0,16.0,16.0,16.0,12.0,12.0,12.0,21.0,10.0,0.0,0.0,0.0,0.0,0.0,0.0,0.0,0.0,0.0,0.0,0.0,0.0,0.0,80.77322865169239,80.77322865169239,0.0,0.0,0.0,80.77322865169239,0.0,0.0,0.00112 
 04/18  10:10:00,9.053333333333333,54.66666666666667,3.868333333333333,160.66666666666669,716.3333333333333,0.0,0.0,0.0,0.0,0.0,0.0,0.0,0.0,0.0,0.0,199.0,0.0,829.3768708297032,87.42546771427831,224.0274567278419,24.869104081908554,661.9238342262232,0.0,87.42546771427827,119.51724250574589,0.0,0.0,18.728634475839074,37.52726552346212,19.322220927401618,-220.42298121071964,18.943766236804416,43.11980732421034,19.075593772559949,-205.92942059133385,16.078459232109034,16.099854036564694,18.539225100079358,-83.46178818758608,17.34558144538927,78.4218516881383,17.0724279091466,-5.050148980552933,17.190723879804496,-29.572879329443368,294.97922410566027,110.87299453687774,0.0,0.0,0.0,0.0,0.0,0.0,0.0,0.0,0.0,0.0,0.0,0.0,0.0,0.0,0.0,0.0,0.0,0.0,0.0,0.0,0.0,0.0,1.2397666149813338,0.37843913766218986,149.60557137087549,179.3653926558963,2973.0198062072388,0.21704903362741677,0.03312714188452637,137.97869021712249,165.30833940925496,2783.1074021279225,2.769102322418424,0.5232619656875331,200.2819344836324,240.00717252962338,4049.1910371855994,0.21334978205815159,0.04031552948944662,158.83572943932917,190.40621469670499,3150.1965748997624,0.0,0.0,6.671013359527635,8.068637959278304,97.02486921938363,0.0,0.0,51.04709016554965,61.27675836340907,965.3818904674996,0.0,0.0,173.41073682438333,208.71927991085136,3015.247513765559,0.0,0.0,8.79101257526456,10.59544475292735,145.54699840688009,0.0,0.0,95.24373724841623,114.82955657922405,1562.4952753754977,18.125631398936286,12.431845952631202,272.48016113320008,327.2385802763678,5448.963813538262,0.0,0.0,100.46127169676108,121.13220348447573,1645.9847953831057,0.0,18.786609463682795,32.80919657302901,22.0,30.0,0.0,19.00650439777314,32.163138592312218,16.0,30.0,0.0,18.905459734118997,32.90168000746085,22.0,30.0,0.0,18.836442749257384,32.535328161085327,16.0,30.0,0.0,16.15178535508216,40.26146835142275,12.0,30.0,0.0,18.360492565727726,34.79695327999152,16.0,30.0,0.0,17.586125127667758,36.45860767831069,10.0,30.0,0.0,17.16513572673115,37.862475485292247,12.0,30.0,0.0,17.088847943978146,37.774966008944,12.0,30.0,0.0,18.30763448413052,0.0,0.0,0.0,17.064644230704397,0.0,0.0,580.2507142432223,571.9052436976012,595.7145678848369,573.3277907165407,644.3859491789154,633.284261905681,629.5650664599748,649.5250425344163,636.502904840585,0.0,80.77322865169239,80.77322865169239,60.0,0.0,60.0,60.0,16.0,16.0,16.0,12.0,12.0,12.0,21.0,10.0,0.0,0.0,0.0,0.0,0.0,0.0,0.0,0.0,0.0,0.0,0.0,0.0,0.0,80.77322865169239,80.77322865169239,0.0,0.0,0.0,80.77322865169239,0.0,0.0,0.00109 
 04/18  10:20:00,9.176666666666668,54.333333333333339,3.876666666666667,173.33333333333332,695.6666666666666,0.0,0.0,0.0,0.0,0.0,0.0,0.0,0.0,0.0,0.0,199.0,0.0,927.8161695647742,90.638897825597,232.26174231770359,27.820762194189866,740.487229102991,0.0,90.63889782559696,123.9102450933319,0.0,0.0,18.658096379531416,47.070054618586258,19.38876300034661,-187.10434913101563,18.805789636392789,-114.25386970792897,19.091242337776135,-21.626464847372519,16.097875897545938,16.618901780664488,18.63275557913157,-92.55889108445536,17.351439966645498,85.81677653559291,17.00155122455325,-0.2732795166825781,17.238892134273777,-5.867492974088236,267.5167883951126,64.60894612449875,0.0,0.0,0.0,0.0,0.0,0.0,0.0,0.0,0.0,0.0,0.0,0.0,0.0,0.0,0.0,0.0,0.0,0.0,0.0,0.0,0.0,0.0,1.191007934638275,0.36355553560386907,191.3514159069425,229.45567343308168,3726.985623497465,0.21505017569663083,0.032822065887764168,123.97742304388105,148.51978681500146,2477.8974022256195,2.6708221916291525,0.5046905124015785,137.8492513531288,165.33533587900667,2708.007973966129,0.23097372475037473,0.043645828562051149,88.73944375581323,106.33175129019091,1756.4086051512384,0.0,0.0,6.639552379473767,8.0299653909194,95.25885790806781,0.0,0.0,52.8261577331213,63.398688470677587,992.8096786989069,0.0,0.0,169.47444058287463,203.97535662425887,2910.592010058646,0.0,0.0,11.274064123970018,13.592687675598116,181.8735835085153,0.0,0.0,87.23607704371563,105.14940440965553,1422.470853203268,17.789848306001333,12.201542048011892,237.7522077501411,285.591072333975,4698.7563437450639,0.0,0.0,95.37615357956716,114.91971255663096,1578.001433651594,0.0,18.734128512963065,32.9445094394922,22.0,30.0,0.0,19.038569489628963,32.03679230659827,16.0,30.0,0.0,18.690638726258795,32.718415244557949,22.0,30.0,0.0,18.930655205925587,32.84396087926418,16.0,30.0,0.0,16.17932186209974,40.1019233349154,12.0,30.0,0.0,18.427920193463458,34.58270745751565,16.0,30.0,0.0,17.60491376894986,36.251713636573807,10.0,30.0,0.0,17.07766415592333,37.919030512968848,12.0,30.0,0.0,17.16556884508502,37.50334743202542,12.0,30.0,0.0,18.250166834778285,0.0,0.0,0.0,17.272748546673517,0.0,0.0,582.3696408033179,568.7633001617504,567.9531435108198,595.7322733384284,640.3602990242309,629.8803238969699,622.2835488153179,642.2702905698404,632.5324299782756,0.0,80.77322865169239,80.77322865169239,60.0,0.0,60.0,60.0,16.0,16.0,16.0,12.0,12.0,12.0,21.0,10.0,0.0,0.0,0.0,0.0,0.0,0.0,0.0,0.0,0.0,0.0,0.0,0.0,0.0,80.77322865169239,80.77322865169239,0.0,0.0,0.0,80.77322865169239,0.0,0.0,0.0010633333333333333 
 04/18  10:30:00,9.3,54.0,3.885,186.0,675.0,0.0,0.0,0.0,0.0,0.0,0.0,0.0,0.0,0.0,0.0,199.0,0.0,1022.3133772877702,93.70306348318612,240.11353763329039,30.6542175376066,815.9044713068347,0.0,93.70306348318607,128.09919185622176,0.0,0.0,18.615238796958069,67.10619555499034,19.436732089250506,-264.9581706230292,18.801394764031707,36.07374701695517,19.00580272437675,-167.83297308874536,16.120321158972215,17.16340989761835,18.739667013019749,-100.37991763903665,17.3638050120259,92.20158594800523,16.94948111010485,7.392349531985985,17.291111895555827,11.95004327117158,262.72529977646448,25.33498517095586,0.0,0.0,0.0,0.0,0.0,0.0,0.0,0.0,0.0,0.0,0.0,0.0,0.0,0.0,0.0,0.0,0.0,0.0,0.0,0.0,0.0,0.0,1.2197199510873423,0.3723198873892986,178.22871157562288,213.73666156755187,3425.8090796072044,0.2036823968265418,0.031087056902707849,169.7257754077836,203.34510726249233,3339.3486452737836,2.7692589065704835,0.52329155452957,213.9215308156333,256.48825099304869,4150.968552154861,0.21422037129659825,0.04048003992755068,152.548469750791,182.91585273651305,2929.544412036538,0.0,0.0,6.577153666982492,7.9538000852806889,93.11717021292687,0.0,0.0,54.928094086321689,65.90465532369648,1027.5698422846297,0.0,0.0,164.34525811717294,197.78537888923,2790.3084994000876,0.0,0.0,14.336999021928908,17.289478150167274,226.03348146661109,0.0,0.0,78.76972808034656,94.92003409602809,1277.0021039290933,17.491389105365046,11.996837520826509,298.8007565525934,358.9064086113484,5748.415546690483,0.0,0.0,89.385243679711,107.62459863844166,1494.518588632259,0.0,18.725902515088057,32.733705463393338,22.0,30.0,0.0,19.012355272746754,32.041633795964369,16.0,30.0,0.0,18.759161588263426,33.08118153156403,22.0,30.0,0.0,18.769993847746908,32.56094808238975,16.0,30.0,0.0,16.210632261671223,39.92045184180935,12.0,30.0,0.0,18.511314451043128,34.252826648085939,16.0,30.0,0.0,17.63266461518326,36.13965909263383,10.0,30.0,0.0,17.019580722550864,37.92603375835501,12.0,30.0,0.0,17.244825245969119,37.24898045625278,12.0,30.0,0.0,18.26904346077762,0.0,0.0,0.0,17.48816875206649,0.0,0.0,571.9716858553322,566.922015418294,590.7102194173768,568.3652156212783,635.9136863107644,622.7718139731182,620.1737390501359,636.0181251054754,629.439477970949,0.0,80.77322865169239,80.77322865169239,60.0,0.0,60.0,60.0,16.0,16.0,16.0,12.0,12.0,12.0,21.0,10.0,0.0,0.0,0.0,0.0,0.0,0.0,0.0,0.0,0.0,0.0,0.0,0.0,0.0,80.77322865169239,80.77322865169239,0.0,0.0,0.0,80.77322865169239,0.0,0.0,0.0010366666666666667 
 04/18  10:40:00,9.423333333333334,53.666666666666667,3.8933333333333337,199.66666666666667,643.3333333333333,0.0,0.0,0.0,0.0,0.0,0.0,0.0,0.0,0.0,0.0,199.0,0.0,1101.534564053179,96.40957233767,247.0488009499303,33.029621156518448,879.130000475132,0.0,96.40957233766994,131.7991946536042,0.0,0.0,18.565910435270358,65.81475431754461,19.512291429414824,-254.75937021797837,18.75477485509252,-13.04446181216258,19.03666398736494,-13.762851170334216,16.144588078899959,18.014212342819634,18.851310129628744,-110.07642179350478,17.38529570466481,101.2613381888832,16.914285268234005,16.789128517163364,17.344778791115595,26.407038094973815,193.2730670105584,-8.324944811524347,0.0,0.0,0.0,0.0,0.0,0.0,0.0,0.0,0.0,0.0,0.0,0.0,0.0,0.0,0.0,0.0,0.0,0.0,0.0,0.0,0.0,0.0,1.1813833257915727,0.3606176208154984,182.06188905257035,218.3573124477895,3441.379669370602,0.2021694849058001,0.030856148489896236,159.07805342677706,190.56654525973497,3102.291562560135,2.6966839125761545,0.5095774589146174,18.08802680652776,21.69185883808489,391.1827173690542,0.22983290524876816,0.043430254204226779,6.94098177319519,8.31952169055163,137.16882529450795,0.0,0.0,6.595200910946001,7.974854842325684,92.15341899945465,0.0,0.0,56.459047269701517,67.7214638569591,1052.2083147029055,0.0,0.0,160.53416653793026,193.17657893245608,2698.7804738369666,0.0,0.0,16.453634918943739,19.84483603091003,254.2137470435941,0.0,0.0,72.7262312540282,87.61600627389825,1172.0422804597536,17.221144820931614,11.811484788018943,140.4327102947366,168.8147307210238,2758.0424987973594,0.0,0.0,84.32107071953354,101.4520340187911,1425.2132029253333,0.0,18.69493575507793,32.7913739880949,22.0,30.0,0.0,19.05071654031339,31.89402410468678,16.0,30.0,0.0,18.715455586609097,32.88412430405137,22.0,30.0,0.0,18.872717363298216,32.50062827039522,16.0,30.0,0.0,16.244248559852719,39.73722606369141,12.0,30.0,0.0,18.602547530219636,33.98928564402387,16.0,30.0,0.0,17.675013679832369,35.9001710086723,10.0,30.0,0.0,16.987208441281209,37.85044804623314,12.0,30.0,0.0,17.323122488197965,36.9457857148884,12.0,30.0,0.0,18.050559574370387,0.0,0.0,0.0,17.70740508298496,0.0,0.0,571.9780338205535,563.7832357287066,578.1871812718077,575.4716859589296,631.7080440467745,619.5673930297485,613.7720185800296,629.1312985849695,624.1913199202409,0.0,80.77322865169239,80.77322865169239,60.0,0.0,60.0,60.0,16.0,16.0,16.0,12.0,12.0,12.0,21.0,10.0,0.0,0.0,0.0,0.0,0.0,0.0,0.0,0.0,0.0,0.0,0.0,0.0,0.0,80.77322865169239,80.77322865169239,0.0,0.0,0.0,80.77322865169239,0.0,0.0,0.00101 
 04/18  10:50:00,9.546666666666667,53.333333333333339,3.901666666666667,213.33333333333332,611.6666666666667,0.0,0.0,0.0,0.0,0.0,0.0,0.0,0.0,0.0,0.0,199.0,0.0,1171.9087862998945,98.96909737872883,253.60741733968536,35.13975185938714,935.2948507660526,0.0,98.96909737872879,135.29825943449297,0.0,0.0,18.544173614684906,86.38666511918746,19.54880153086145,-349.4792636995753,18.730120646417939,21.01919478428499,18.969308690558113,-160.240588312834,16.17039902121693,18.85807798696456,18.967442934580395,-118.69410066757473,17.406948789865387,106.26141797593027,16.89352690056308,26.98256651702161,17.39872693720441,38.41023612846902,244.01080087450829,-36.21871399922111,0.0,0.0,0.0,0.0,0.0,0.0,0.0,0.0,0.0,0.0,0.0,0.0,0.0,0.0,0.0,0.0,0.0,0.0,0.0,0.0,0.0,0.0,1.191958105769303,0.36384557563165539,190.84681339659225,228.8868694972852,3564.8062825975277,0.19687809260436188,0.030048548932289665,179.94801706209823,215.61077627450085,3447.076106480919,2.716981264213712,0.5134129373041786,134.36857784053033,161.1432433331602,2546.107603700807,0.21734717358469159,0.04107089447934458,112.94211168072005,135.44708789554614,2106.480752375805,0.0,0.0,6.562829958500703,7.934919211406723,90.50639486848159,0.0,0.0,58.29405023127534,69.90103481599056,1083.067704884246,0.0,0.0,156.94397164155584,188.83439406198296,2611.0107527633665,0.0,0.0,18.110434292560595,21.84446605255709,274.857892987539,0.0,0.0,67.45321916471413,81.24367989379354,1080.2669253778454,17.02650732073644,11.677988560175887,269.94163733951145,324.2505349178067,5066.431840414704,0.0,0.0,80.1063230561716,96.31069130200604,1368.684519413353,0.0,18.71142398120384,32.638762205754407,22.0,30.0,0.0,19.003489698007603,31.818894891816219,16.0,30.0,0.0,18.716567904574864,32.777518880955359,22.0,30.0,0.0,18.73810218568909,32.39712601354746,16.0,30.0,0.0,16.279262914108246,39.543375106439807,12.0,30.0,0.0,18.700712561840797,33.652819704607598,16.0,30.0,0.0,17.713473257056358,35.74276572282603,10.0,30.0,0.0,16.975970857809125,37.765466595542147,12.0,30.0,0.0,17.398993779714418,36.684780279052898,12.0,30.0,0.0,18.25926015887566,0.0,0.0,0.0,17.92749640244028,0.0,0.0,566.7000491739199,555.9209819899512,573.5840942026574,558.0843191758627,627.2525601536768,613.4639854074283,610.6636346314516,624.2186390898968,620.5091599134016,0.0,80.77322865169239,80.77322865169239,60.0,0.0,60.0,60.0,16.0,16.0,16.0,12.0,12.0,12.0,21.0,10.0,0.0,0.0,0.0,0.0,0.0,0.0,0.0,0.0,0.0,0.0,0.0,0.0,0.0,80.77322865169239,80.77322865169239,0.0,0.0,0.0,80.77322865169239,0.0,0.0,0.0009833333333333333 
 04/18  11:00:00,9.67,53.0,3.91,227.0,580.0,0.0,0.0,0.0,0.0,0.0,0.0,0.0,0.0,0.0,0.0,199.0,0.0,1218.63477751127,100.14379572945545,256.6174847126196,36.5408015577916,972.5862965788274,0.0,100.14379572945539,136.9041611394027,0.0,0.0,18.496552701016129,74.513882782564,19.645764740381524,-274.8356379320221,18.681092511728794,-13.453070101284652,19.007150598013746,-10.935980334847244,16.19619856663666,19.966392797300899,19.078019491863473,-129.10065601549059,17.43694562107789,115.86356305180652,16.884106351652819,37.289480828002528,17.45132328644774,48.06341016410852,182.0008919676593,-60.784414919690338,0.0,0.0,0.0,0.0,0.0,0.0,0.0,0.0,0.0,0.0,0.0,0.0,0.0,0.0,0.0,0.0,0.0,0.0,0.0,0.0,0.0,0.0,1.1588436467834767,0.3537373769180332,165.854929918175,198.95229698719298,3043.4227848211678,0.19760099062360907,0.030158881352809687,159.83231052851367,191.43646539620088,3052.5910212580677,2.722886319582039,0.5145287829898034,7.5378200261215249,9.04182061807848,186.89215430495143,0.22844963708151723,0.04316886566166235,5.390866826339792,6.462504153453232,104.38921508132694,0.0,0.0,6.6275734193353,8.012404976983195,90.18882758919729,0.0,0.0,59.85982211967105,71.75708862135864,1108.114287967295,0.0,0.0,154.4914511971085,185.854757769964,2547.5490088482144,0.0,0.0,19.34072256598503,23.328627962908557,288.86139565042029,0.0,0.0,62.79049794516183,75.61071375524864,998.7860832627603,16.726113574072007,11.471957183862834,141.69982421789005,170.3247134407496,2701.34546450229,0.0,0.0,75.97465664465584,91.27759603934305,1311.2023040051716,0.0,18.66526403614782,32.5698833489987,22.0,30.0,0.0,19.100255806460014,31.83870587413263,16.0,30.0,0.0,18.66101717599843,32.75883047326148,22.0,30.0,0.0,18.845851508966925,32.306790208007807,16.0,30.0,0.0,16.313957337504147,39.35226067666673,12.0,30.0,0.0,18.793596167202716,33.37805339427629,16.0,30.0,0.0,17.76609976009514,35.503633661581918,10.0,30.0,0.0,16.980947934778965,37.62615305123792,12.0,30.0,0.0,17.470977413401699,36.40978880978264,12.0,30.0,0.0,18.07969812707356,0.0,0.0,0.0,18.142101310742559,0.0,0.0,559.2604101589882,565.7811840018873,567.5156776275418,564.1181747604788,622.9001255673142,609.685425012596,605.3330883509635,618.7184544129568,615.7303098618293,0.0,80.77322865169239,80.77322865169239,60.0,0.0,60.0,60.0,16.0,16.0,16.0,12.0,12.0,12.0,21.0,10.0,0.0,0.0,0.0,0.0,0.0,0.0,0.0,0.0,0.0,0.0,0.0,0.0,0.0,80.77322865169239,80.77322865169239,0.0,0.0,0.0,80.77322865169239,0.0,0.0,0.0009566666666666667 
 04/18  11:10:00,9.748333333333333,52.833333333333339,3.851666666666667,240.66666666666669,548.3333333333333,0.0,0.0,0.0,0.0,0.0,0.0,0.0,0.0,0.0,0.0,199.0,0.0,1272.5439603864025,102.39207263882229,262.378528911176,38.1572343286565,1015.6105554896144,0.0,102.39207263882223,139.97772612706798,0.0,0.0,18.508148673398034,116.0589958606597,19.67941602689156,-402.71490439416177,18.66444986533881,30.663148207933774,18.943539811250603,-160.33450541091953,16.223670025779989,20.75254107273085,19.193182831923065,-135.85756279185262,17.461109292858859,117.83427455155652,16.884478954352013,47.16126532203873,17.503848328924695,56.79857805163283,237.78775362532725,-81.51696068078127,0.0,0.0,0.0,0.0,0.0,0.0,0.0,0.0,0.0,0.0,0.0,0.0,0.0,0.0,0.0,0.0,0.0,0.0,0.0,0.0,0.0,0.0,1.152302489419152,0.3517406866358828,208.6753538430872,250.24773854555284,3819.154476138032,0.18054203573542436,0.027555255759374905,204.5586899411247,245.06655256811625,3851.8928345235838,2.708749350516656,0.5118573980568135,131.8171310947678,158.11623211135129,2431.4640605555898,0.2144117975939611,0.04051621269727155,124.70937270489303,149.57596038080789,2267.990754870695,0.0,0.0,6.545568970517977,7.912437604912335,88.48917009451844,0.0,0.0,61.51608311698027,73.7192931619611,1140.8579076459267,0.0,0.0,151.5671349050277,182.31690481226787,2486.3424008004915,0.0,0.0,20.24097922616647,24.413511570413637,299.7671916370887,0.0,0.0,59.50551232639181,71.63911174794635,945.2263279026226,16.934569401831849,11.614931002628158,306.39732642469269,368.0314137486607,5589.792803425186,0.0,0.0,73.4264157715422,88.15454409405489,1285.8055185701367,0.0,18.735248150783485,32.60635694939567,22.0,30.0,0.0,19.04771226706122,31.64259103080573,16.0,30.0,0.0,18.670536294259784,32.63869086531794,22.0,30.0,0.0,18.71169888619135,32.34726543100451,16.0,30.0,0.0,16.349451825360207,39.15735409516585,12.0,30.0,0.0,18.89178655189507,33.06934230344842,16.0,30.0,0.0,17.803331153004274,35.31873221639745,10.0,30.0,0.0,16.99814116907148,37.4814799360356,12.0,30.0,0.0,17.540413003617656,36.15759648751466,12.0,30.0,0.0,18.280670213669376,0.0,0.0,0.0,18.35141876925827,0.0,0.0,567.3639761612058,551.573927835049,562.9383536025641,553.1379772452101,618.5025893860444,604.7158722146439,600.841252510983,614.2878126534425,611.6587316388981,0.0,80.77322865169239,80.77322865169239,60.0,0.0,60.0,60.0,16.0,16.0,16.0,12.0,12.0,12.0,21.0,10.0,0.0,0.0,0.0,0.0,0.0,0.0,0.0,0.0,0.0,0.0,0.0,0.0,0.0,80.77322865169239,80.77322865169239,0.0,0.0,0.0,80.77322865169239,0.0,0.0,0.00093 
 04/18  11:20:00,9.826666666666668,52.66666666666667,3.7933333333333336,254.33333333333335,516.6666666666666,0.0,0.0,0.0,0.0,0.0,0.0,0.0,0.0,0.0,0.0,199.0,0.0,1317.6890545463267,104.52281578457078,267.8383923077301,39.51087946777011,1051.6402810159539,0.0,104.52281578457073,142.89061354907356,0.0,0.0,18.469989411607643,93.72909482281102,19.782402871668745,-316.04827573102377,18.62910476992178,7.360865336965617,18.97847220347471,-26.27645923822513,16.252674958799735,22.138600048356353,19.305073359350616,-147.8882236681011,17.49974578279199,130.18204935845098,16.89257744016117,56.65741405347853,17.554189776078006,61.56114836706206,194.95638252157188,-99.66900588376484,0.0,0.0,0.0,0.0,0.0,0.0,0.0,0.0,0.0,0.0,0.0,0.0,0.0,0.0,0.0,0.0,0.0,0.0,0.0,0.0,0.0,0.0,1.1327971539937905,0.3457866770432816,181.38654891695175,217.56778254905269,3277.5344850332469,0.18390333366388696,0.028068274368725118,176.7880991786794,211.71318775176625,3339.3652430978374,2.6470350475414237,0.5001955872149329,112.7241629270587,135.2306901792012,2058.6309363443208,0.22485661184093884,0.04248991153456893,24.6252455276397,29.525088246910749,451.8063948997419,0.0,0.0,6.728506951113222,8.13268808222676,90.38444667632938,0.0,0.0,63.012554216373718,75.49003885680634,1170.1417581680233,0.0,0.0,150.25161987139976,180.69573222457169,2460.1287707823587,0.0,0.0,20.967649541357785,25.28818139231589,308.2848698203848,0.0,0.0,55.2632021207863,66.51850863734563,875.9781449557231,17.063454975030426,11.703329886852148,173.846669756919,208.9202955075845,3217.5827978052668,0.0,0.0,69.40838647429399,83.2738310460398,1232.2701313812118,0.0,18.691738694682838,32.41107566029162,22.0,30.0,0.0,19.157121119227147,31.509910238050478,16.0,30.0,0.0,18.633811244033276,32.71696981175968,22.0,30.0,0.0,18.80588645998855,32.276814076008097,16.0,30.0,0.0,16.386589561474336,38.95381545629377,12.0,30.0,0.0,18.985102585559923,32.7766249675186,16.0,30.0,0.0,17.868307307715793,35.12327454288755,10.0,30.0,0.0,17.024617981016353,37.305829441691219,12.0,30.0,0.0,17.603927734014808,35.908785520516868,12.0,30.0,0.0,18.140928903310376,0.0,0.0,0.0,18.555503795088805,0.0,0.0,554.2162152703479,555.4784444298128,562.7859949924788,558.7466028377978,613.9266136717987,599.9346791799354,598.4745853843257,609.509576255691,607.1012806174281,0.0,80.77322865169239,80.77322865169239,60.0,0.0,60.0,60.0,16.0,16.0,16.0,12.0,12.0,12.0,21.0,10.0,0.0,0.0,0.0,0.0,0.0,0.0,0.0,0.0,0.0,0.0,0.0,0.0,0.0,80.77322865169239,80.77322865169239,0.0,0.0,0.0,80.77322865169239,0.0,0.0,0.0009033333333333332 
 04/18  11:30:00,9.905000000000002,52.5,3.7350000000000005,268.0,485.0,0.0,0.0,0.0,0.0,0.0,0.0,0.0,0.0,0.0,0.0,199.0,0.0,1354.2652905040182,106.54834548369168,273.02864573867358,40.607590964244717,1080.8312856077887,0.0,106.54834548369162,145.65966621280769,0.0,0.0,18.494986879771539,136.5708022481922,19.817916058538619,-436.95336808814229,18.614385372607019,32.43434805288325,18.944150139684017,-130.93091884578326,16.28221896765485,22.890383206497036,19.417227096726685,-152.5932043336843,17.52675497135281,129.02190309301387,16.90675985269977,65.47266610986856,17.606821671480867,72.12938429336328,233.43994445432328,-118.53825992615475,0.0,0.0,0.0,0.0,0.0,0.0,0.0,0.0,0.0,0.0,0.0,0.0,0.0,0.0,0.0,0.0,0.0,0.0,0.0,0.0,0.0,0.0,1.132838812252846,0.34579939323957456,223.2164422658013,267.66029420658966,4030.1494880559387,0.16648566852466546,0.025409900568477637,220.7000941515163,264.3414775440013,4114.63795097466,2.6082341003480997,0.49286358661150805,185.6494838669474,222.71924117323059,3330.940013357231,0.21229191960065034,0.040115631065882517,110.6740317647174,132.73417595857439,1981.3909092240274,0.0,0.0,6.6105706154371959,7.989258920985863,88.22737292819048,0.0,0.0,64.15679760042667,76.83599137948234,1193.5418575393417,0.0,0.0,149.66575741659288,179.97232066772799,2437.8870234196144,0.0,0.0,21.465369183143904,25.88601992207517,313.5848230588092,0.0,0.0,55.356810166560929,66.61687041781419,876.0257635642711,17.249719954787599,11.831083645258988,307.92379763692119,369.86625607806726,5519.466834696504,0.0,0.0,70.07349864109686,84.01715711584797,1259.5420661822953,0.0,18.775854892660207,32.303544909655787,22.0,30.0,0.0,19.11549496087165,31.52095971351743,16.0,30.0,0.0,18.638251708708656,32.5670976196209,22.0,30.0,0.0,18.72745356423106,32.323910803317257,16.0,30.0,0.0,16.42332645451353,38.764251923745437,12.0,30.0,0.0,19.083133630721066,32.515071094025007,16.0,30.0,0.0,17.90610784959189,34.90831341401176,10.0,30.0,0.0,17.05764146502576,37.1182801206287,12.0,30.0,0.0,17.67133635770663,35.66366315256213,12.0,30.0,0.0,18.282489715333793,0.0,0.0,0.0,18.748673681357194,0.0,0.0,557.0747675949857,551.6759264769871,556.3135730024715,553.089802599447,609.8558925782272,596.9033746458193,592.6592378874397,604.8792058613891,603.0154979096703,0.0,80.77322865169239,80.77322865169239,60.0,0.0,60.0,60.0,16.0,16.0,16.0,12.0,12.0,12.0,21.0,10.0,0.0,0.0,0.0,0.0,0.0,0.0,0.0,0.0,0.0,0.0,0.0,0.0,0.0,80.77322865169239,80.77322865169239,0.0,0.0,0.0,80.77322865169239,0.0,0.0,0.0008766666666666667 
 04/18  11:40:00,9.983333333333335,52.33333333333333,3.6766666666666669,270.5,467.6666666666667,0.0,0.0,0.0,0.0,0.0,0.0,0.0,0.0,0.0,0.0,199.0,0.0,1386.1739435061959,106.33480422962227,272.48139575357927,41.56434597272394,1106.2971280016118,0.0,106.33480422962221,145.36773912891716,0.0,0.0,18.467156668687616,113.04251390092395,19.913843741253808,-363.9870552379916,18.595864669310318,30.831052701306363,18.956305246134158,-64.23221135677068,16.313196092047226,24.257993386407578,19.526489723903354,-164.9419278870564,17.56992042970765,141.55624828719375,16.925031100240333,73.96176546483344,17.654287251532325,72.41022426826726,212.0966942496343,-131.36790540814537,0.0,0.0,0.0,0.0,0.0,0.0,0.0,0.0,0.0,0.0,0.0,0.0,0.0,0.0,0.0,0.0,0.0,0.0,0.0,0.0,0.0,0.0,1.0946984876482909,0.3341570475116883,194.9847663265149,233.83894735330447,3477.5319279208345,0.1698947033392307,0.025930205027355117,191.82556728856299,229.6783161229642,3583.6836584809668,2.5899072805552918,0.4894004687368278,175.16914158813237,210.15306425982815,3114.0353158223467,0.22000817345770538,0.041573728922468879,64.32339239560337,77.13358660537283,1148.1146475178635,0.0,0.0,6.804983207034398,8.223287781526113,90.25020652864677,0.0,0.0,65.69670444206457,78.65734270843224,1223.5210415640843,0.0,0.0,148.30917344289805,178.30065274457969,2412.4923578175769,0.0,0.0,21.971872668517244,26.49377504616108,319.12539078538546,0.0,0.0,51.048742234542597,61.42140209661007,805.4837894259734,17.40425735957207,11.937076378307323,231.69721541258697,278.37201642765367,4157.515836730037,0.0,0.0,65.86196797662022,78.91654132526438,1198.5749643690204,0.0,18.74032081568824,32.30856014194616,22.0,30.0,0.0,19.214751263190697,31.33797247381501,16.0,30.0,0.0,18.62984027879827,32.55911098120601,22.0,30.0,0.0,18.767276325876386,32.2698947308515,16.0,30.0,0.0,16.46136470164506,38.56365212230109,12.0,30.0,0.0,19.174412929607088,32.22623552961005,16.0,30.0,0.0,17.975428045542779,34.69132993839933,10.0,30.0,0.0,17.09538505311461,36.945956626659079,12.0,30.0,0.0,17.72841328167899,35.45053603030225,12.0,30.0,0.0,18.21908039117228,0.0,0.0,0.0,18.94354827548259,0.0,0.0,553.5471459525564,552.1385019871059,554.8949999156517,554.2414406832093,605.4593697290887,591.874563462075,589.6924706947278,601.2938510249512,599.2404675007381,0.0,80.77322865169239,80.77322865169239,60.0,0.0,60.0,60.0,16.0,16.0,16.0,12.0,12.0,12.0,21.0,10.0,0.0,0.0,0.0,0.0,0.0,0.0,0.0,0.0,0.0,0.0,0.0,0.0,0.0,80.77322865169239,80.77322865169239,0.0,0.0,0.0,80.77322865169239,0.0,0.0,0.00085 
 04/18  11:50:00,10.061666666666668,52.16666666666667,3.618333333333333,273.0,450.33333333333339,0.0,0.0,0.0,0.0,0.0,0.0,0.0,0.0,0.0,0.0,199.0,0.0,1412.3102414146593,106.11069170198117,271.9070529848455,42.34801929553313,1127.1561106623693,0.0,106.11069170198111,145.0613603125956,0.0,0.0,18.493782207759549,149.38171927094118,19.961915284921959,-452.5738027987154,18.581158460192769,36.91613074858378,18.94652349447448,-98.50399398066156,16.344868355760704,25.081643425058617,19.636399431895016,-169.18088828216424,17.601034616434658,139.99648855575743,16.946925889814165,81.88376601457367,17.705693694229344,85.16604824472165,228.25052641209005,-149.7807912085559,0.0,0.0,0.0,0.0,0.0,0.0,0.0,0.0,0.0,0.0,0.0,0.0,0.0,0.0,0.0,0.0,0.0,0.0,0.0,0.0,0.0,0.0,1.0890915355743787,0.3324455236796028,227.49662442235027,272.75734651908729,4052.17602554376,0.15367888899913538,0.023455263888756927,226.2416678834069,270.9008718325495,4185.290058699213,2.5491423105843808,0.48169733760097918,196.1788329832547,235.3621121586359,3448.712373382228,0.21327252159365804,0.04030093000636016,93.47790684109762,112.10475764083081,1647.8933480747065,0.0,0.0,6.710722724176266,8.108459359558367,88.43381613370252,0.0,0.0,66.57663145518407,79.68570851313246,1241.9153143409627,0.0,0.0,149.223030457663,179.37598125596868,2415.9607662221067,0.0,0.0,22.257291730739646,26.834649330424619,321.53211862964846,0.0,0.0,52.678346677037577,63.36891079677069,829.6616572293708,17.559495754905698,12.043549900484022,295.36990401667438,354.7901938785393,5213.721328444575,0.0,0.0,67.88873366482163,81.29759082407009,1247.9495991359798,0.0,18.816937798040717,32.15375087031385,22.0,30.0,0.0,19.204334922700878,31.259057797263379,16.0,30.0,0.0,18.626957789473285,32.53577994223072,22.0,30.0,0.0,18.74638627008665,32.20385717064184,16.0,30.0,0.0,16.4992170673961,38.371071531877138,12.0,30.0,0.0,19.270733079464767,31.96373010760895,16.0,30.0,0.0,18.017315171740348,34.52483755694754,10.0,30.0,0.0,17.13638512644482,36.744822769639998,12.0,30.0,0.0,17.794190025482739,35.20916731924874,12.0,30.0,0.0,18.28496769399372,0.0,0.0,0.0,19.118296724011093,0.0,0.0,553.4262797966711,547.025761103043,553.2415029499794,548.8502030637296,601.3467177295198,588.4382362720007,586.2242551750886,596.8179487037762,595.036739561629,0.0,80.77322865169239,80.77322865169239,60.0,0.0,60.0,60.0,16.0,16.0,16.0,12.0,12.0,12.0,21.0,10.0,0.0,0.0,0.0,0.0,0.0,0.0,0.0,0.0,0.0,0.0,0.0,0.0,0.0,80.77322865169239,80.77322865169239,0.0,0.0,0.0,80.77322865169239,0.0,0.0,0.0008433333333333333 
 04/18  12:00:00,10.14,52.0,3.56,275.5,433.0,0.0,0.0,0.0,0.0,0.0,0.0,0.0,0.0,0.0,0.0,199.0,0.0,1432.8846129616059,105.8813632966383,271.3193407423677,42.96492058731933,1143.5761750794916,0.0,105.88136329663826,144.7478509960153,0.0,0.0,18.482362702621474,134.603246168238,20.041652247760504,-415.8633221731461,18.574814773592096,49.19327573911414,18.953348161441999,-74.44434835754828,16.37765739681019,26.304037577710234,19.741273846618645,-180.0578533382386,17.64487173328716,150.37168517330702,16.971804775501007,89.33431571973859,17.75282883507003,84.37413136847363,216.0798412684835,-160.07420189957657,0.0,0.0,0.0,0.0,0.0,0.0,0.0,0.0,0.0,0.0,0.0,0.0,0.0,0.0,0.0,0.0,0.0,0.0,0.0,0.0,0.0,0.0,1.0567201226700168,0.3225641400091626,208.29772672827338,249.75315125097607,3673.4313900499985,0.15531693791729588,0.023705271354898639,206.55958766959658,247.27248310374777,3817.664807109488,2.537315902516323,0.47946256661306199,205.62896409696027,246.69231627967523,3583.931515290774,0.21647922584671976,0.04090688319099011,77.25793117795173,92.64644143792117,1353.2756692812175,0.0,0.0,6.865408962633831,8.294393968394877,89.90429496699393,0.0,0.0,67.88686762158719,81.23026576793234,1267.461149557039,0.0,0.0,148.31399257410477,178.24503582124394,2397.1449118340999,0.0,0.0,22.64050480527254,27.293035295039883,325.4074173938785,0.0,0.0,49.491264394942927,59.52463602310161,776.9957993683187,17.71930173447035,12.153156196481725,258.82628772853419,310.9313210829418,4545.980932358455,0.0,0.0,64.8086537783826,77.56265454149865,1203.808847326191,0.0,18.80570307233992,32.08093191158278,22.0,30.0,0.0,19.275821553528436,31.125050535695153,16.0,30.0,0.0,18.637862518593413,32.47179792942183,22.0,30.0,0.0,18.76544079788197,32.16899598271743,16.0,30.0,0.0,16.537886438099883,38.17973645175161,12.0,30.0,0.0,19.35997533308585,31.71740294530028,16.0,30.0,0.0,18.083886428119344,34.30383720128615,10.0,30.0,0.0,17.17977414682713,36.552504447606889,12.0,30.0,0.0,17.849445787055904,35.00439958831743,12.0,30.0,0.0,18.252661634567209,0.0,0.0,0.0,19.297523429414196,0.0,0.0,548.6127055743675,546.9777558456539,551.0951748827206,548.7484159153657,597.3267591294534,584.966032436995,582.7068669837015,592.8961506419195,591.3355880932513,0.0,80.77322865169239,80.77322865169239,60.0,0.0,60.0,60.0,16.0,16.0,16.0,12.0,12.0,12.0,21.0,10.0,0.0,0.0,0.0,0.0,0.0,0.0,0.0,0.0,0.0,0.0,0.0,0.0,0.0,80.77322865169239,80.77322865169239,0.0,0.0,0.0,80.77322865169239,0.0,0.0,0.0008366666666666668 
 04/18  12:10:00,10.216666666666669,51.66666666666667,3.495,278.0,415.66666666666665,0.0,0.0,0.0,0.0,0.0,0.0,0.0,0.0,0.0,0.0,199.0,0.0,1448.115270199954,105.6517146896299,270.7308043383734,43.42159288275461,1155.7314745379704,0.0,105.65171468962986,144.43390393948216,0.0,0.0,18.504786241698214,158.32679909753825,20.088700984049284,-474.6954591596077,18.565764102478853,49.41399007580276,18.95282902023515,-84.72401747837876,16.411031573730278,27.17345364825195,19.843664460810108,-184.78292931747684,17.68052651059601,150.46027288004098,16.99885214930807,96.31379666221608,17.80358900821989,96.26661649493303,225.8025098552862,-176.69508385070186,0.0,0.0,0.0,0.0,0.0,0.0,0.0,0.0,0.0,0.0,0.0,0.0,0.0,0.0,0.0,0.0,0.0,0.0,0.0,0.0,0.0,0.0,1.0471309595057606,0.31963704502617848,228.4088783684765,273.8089873847646,4016.651302261908,0.14314029243126337,0.02184680897913055,228.09387905575356,273.04735032244727,4180.8356087462,2.4907541226663358,0.47066404434360106,206.83969264886788,248.14300136046445,3572.2062727758554,0.21244659223751517,0.040144858699454857,84.13129673539207,100.8888623402498,1459.9170614612138,0.0,0.0,6.817132551414622,8.235011156865556,88.72682501381725,0.0,0.0,68.73915386894865,82.22484987319209,1284.8766886000186,0.0,0.0,149.53797449651968,179.68703342191896,2407.655257376684,0.0,0.0,22.83153454198912,27.519147227547476,326.6215357948058,0.0,0.0,51.02725863986622,61.35874208948491,799.5893018210647,17.891106592672988,12.270992176044576,287.1452806458451,344.8989405532051,4992.683250397132,0.0,0.0,66.63126385859244,79.7012085501138,1247.869777273212,0.0,18.86376800855647,31.960458223537466,22.0,30.0,0.0,19.278316430244549,31.085329211399473,16.0,30.0,0.0,18.639775466606634,32.409529688468818,22.0,30.0,0.0,18.76401207743958,32.13328911496469,16.0,30.0,0.0,16.57628988737714,37.99410928542097,12.0,30.0,0.0,19.450472619063097,31.468576510857088,16.0,30.0,0.0,18.131411701106317,34.12864471649447,10.0,30.0,0.0,17.2246823745805,36.365493077066179,12.0,30.0,0.0,17.913245596840654,34.78539751004958,12.0,30.0,0.0,18.29564925119729,0.0,0.0,0.0,19.455132124283418,0.0,0.0,548.1632639873457,544.7911784066881,548.1212611417827,546.4752379477446,593.4998107626968,581.4326356574231,579.3162519113427,589.2999386739186,587.7849462278907,0.0,80.77322865169239,80.77322865169239,60.0,0.0,60.0,60.0,16.0,16.0,16.0,12.0,12.0,12.0,21.0,10.0,0.0,0.0,0.0,0.0,0.0,0.0,0.0,0.0,0.0,0.0,0.0,0.0,0.0,80.77322865169239,80.77322865169239,0.0,0.0,0.0,80.77322865169239,0.0,0.0,0.00083 
 04/18  12:20:00,10.293333333333335,51.333333333333339,3.43,280.5,398.3333333333333,0.0,0.0,0.0,0.0,0.0,0.0,0.0,0.0,0.0,0.0,199.0,0.0,1458.221839568348,105.42612606834966,270.1526681816534,43.72462162717815,1163.7972911398543,0.0,105.42612606834962,144.12550719124625,0.0,0.0,18.502705966074506,149.7788447891544,20.154290980159965,-454.77175561611787,18.56504590488761,62.08476100977168,18.95833251628929,-75.3662381934596,16.445219185296297,28.24913154795371,19.940664963748426,-193.458366884292,17.723981652917219,158.0657416983986,17.027783654823027,102.75366968931917,17.85056250655823,95.46213465221968,218.88808734760097,-184.91826545282539,0.0,0.0,0.0,0.0,0.0,0.0,0.0,0.0,0.0,0.0,0.0,0.0,0.0,0.0,0.0,0.0,0.0,0.0,0.0,0.0,0.0,0.0,1.0200664048242727,0.3113755814481907,216.66013281738868,259.7226302472265,3777.1227494192864,0.14282199126767254,0.02179822821545674,216.16577760153224,258.71962753383647,3951.5910355603207,2.473542248823251,0.46741161164460545,219.34401477209549,263.12666835849958,3758.120463966167,0.2131997107980901,0.040287171352624728,79.7633806495895,95.64646776045852,1373.807203641575,0.0,0.0,6.926251913395548,8.365738772880765,89.59785500664465,0.0,0.0,69.7807626171843,83.44693339800381,1304.9991204661929,0.0,0.0,148.78666253989764,178.7461637621365,2390.663016796966,0.0,0.0,23.115425902798504,27.857013522033346,329.17337269133989,0.0,0.0,48.720122508277558,58.57369949368617,761.0686979040099,18.066423858889125,12.391237214601598,270.41758589414817,324.8224650755158,4668.549578536058,0.0,0.0,64.43488884419694,77.03167078275676,1217.06624377421,0.0,18.864783706042908,31.92293692472768,22.0,30.0,0.0,19.332208998961958,30.94100048206422,16.0,30.0,0.0,18.656538963668344,32.35784929114705,22.0,30.0,0.0,18.776187866541116,32.0701987461638,16.0,30.0,0.0,16.615029872046713,37.81017629874886,12.0,30.0,0.0,19.534573730248565,31.239915501536009,16.0,30.0,0.0,18.19367343073522,33.92822182571223,10.0,30.0,0.0,17.270474952658888,36.1777427239485,12.0,30.0,0.0,17.967525645933589,34.590177125831058,12.0,30.0,0.0,18.28106107323323,0.0,0.0,0.0,19.616482602135155,0.0,0.0,546.0236608347892,542.8333134008024,547.0174309899982,544.6203137456729,589.7337941113,578.1382929335484,576.1625321943726,585.7207462030569,584.3030666483271,0.0,80.77322865169239,80.77322865169239,60.0,0.0,60.0,60.0,16.0,16.0,16.0,12.0,12.0,12.0,21.0,10.0,0.0,0.0,0.0,0.0,0.0,0.0,0.0,0.0,0.0,0.0,0.0,0.0,0.0,80.77322865169239,80.77322865169239,0.0,0.0,0.0,80.77322865169239,0.0,0.0,0.0008266666666666667 
 04/18  12:30:00,10.370000000000001,51.0,3.365,283.0,381.0,0.0,0.0,0.0,0.0,0.0,0.0,0.0,0.0,0.0,0.0,199.0,0.0,1405.5405231096425,106.25454034731958,272.27535236232526,42.14498826013406,1121.7527879856908,0.0,106.25454034731952,145.25801231662289,0.0,0.0,18.52202435730562,165.24010496198026,20.177630036590274,-489.18221041343716,18.560674582323295,61.02273192912526,18.964965129804278,-75.47449207891532,16.474085602438728,29.179753131335589,20.01281958725648,-196.63512310816669,17.762081823076139,158.9671761466152,17.05881967220853,108.77030157604043,17.901340190249916,105.48540277930897,224.23744289088246,-198.88565799962545,0.0,0.0,0.0,0.0,0.0,0.0,0.0,0.0,0.0,0.0,0.0,0.0,0.0,0.0,0.0,0.0,0.0,0.0,0.0,0.0,0.0,0.0,1.0078893903407,0.3076585440600428,228.29622067659876,273.6291877414409,3963.047487153524,0.133869580048815,0.020431865086815477,228.81871202513157,273.8601171505406,4148.3834628827139,2.4288081672173447,0.4589584594137085,213.81416636938247,256.48706162561668,3632.2960710278805,0.21067157970519916,0.03980944438873754,77.23701962819166,92.6138401950581,1319.7722580335704,0.0,0.0,6.905086656857912,8.339283037234877,88.68141241494158,0.0,0.0,70.50306207511666,84.28971170939724,1317.6600933741975,0.0,0.0,149.85583666266158,179.99994189383416,2399.088769778423,0.0,0.0,23.252657308817807,28.01795413999159,329.65043782925917,0.0,0.0,49.88782489274229,59.96497934629917,777.6134521945044,18.220136660925257,12.49666437649195,280.39403565299775,336.7696127924083,4802.997557776384,0.0,0.0,65.80848867052973,78.6365656728487,1250.6764046976396,0.0,18.908879426094388,31.790102879350198,22.0,30.0,0.0,19.335182888175429,30.883788740990938,16.0,30.0,0.0,18.661820350800587,32.30919201974265,22.0,30.0,0.0,18.78567216601208,31.9991812531844,16.0,30.0,0.0,16.64684993856734,37.64809034748406,12.0,30.0,0.0,19.607745775385465,31.0348904127883,16.0,30.0,0.0,18.24299575729101,33.7652894084755,10.0,30.0,0.0,17.31714835262974,35.99238219793461,12.0,30.0,0.0,18.02918736747753,34.382669957548539,12.0,30.0,0.0,18.309919314801449,0.0,0.0,0.0,19.75546996052376,0.0,0.0,543.8882553236541,540.1587896006042,544.9713802024559,542.0296208896587,586.1434612191517,574.8995248583314,573.364852338822,582.2709677884722,580.9202042631572,0.0,80.77322865169239,80.77322865169239,60.0,0.0,60.0,60.0,16.0,16.0,16.0,12.0,12.0,12.0,21.0,10.0,0.0,0.0,0.0,0.0,0.0,0.0,0.0,0.0,0.0,0.0,0.0,0.0,0.0,80.77322865169239,80.77322865169239,0.0,0.0,0.0,80.77322865169239,0.0,0.0,0.0008233333333333333 
 04/18  12:40:00,10.446666666666668,50.666666666666667,3.3,285.0,364.3333333333333,0.0,0.0,0.0,0.0,0.0,0.0,0.0,0.0,0.0,0.0,199.0,0.0,1405.4892314855688,105.92741175543742,271.43702048348839,42.14343812074364,1121.7117200113713,0.0,105.92741175543736,144.81080273034625,0.0,0.0,18.523846788033283,158.5592193811044,20.224184816491446,-474.500333347567,18.56237965647988,72.0753936948895,18.9722913319834,-72.49564726079689,16.506383597186394,30.161487033287047,20.09137094719822,-201.68353722045914,17.80353575021748,163.49896310676105,17.090712624821948,114.11923770665737,17.948342855135257,104.60040982395867,219.44347288789505,-205.06094866872764,0.0,0.0,0.0,0.0,0.0,0.0,0.0,0.0,0.0,0.0,0.0,0.0,0.0,0.0,0.0,0.0,0.0,0.0,0.0,0.0,0.0,0.0,0.9854633907999679,0.3008130008546911,219.39457541461844,262.95681913840209,3775.8261824516596,0.13340010118892285,0.020360210804170155,219.87328317411579,263.1166398375163,3968.8235268485648,2.403453762849342,0.4541673777115161,223.4578445362444,268.039794544495,3765.8811292619427,0.20985868588021856,0.03965583633413048,76.96551610513314,92.28384220237438,1304.9115708784933,0.0,0.0,6.975236006807373,8.423027220997547,88.96573905304635,0.0,0.0,71.0477580545154,84.92068413398414,1326.477889662634,0.0,0.0,148.9357289695934,178.86138526993416,2377.2369575568716,0.0,0.0,23.456969866485016,28.259657391966529,331.0496092291423,0.0,0.0,48.16856695032685,57.887898521261629,748.3773593876942,18.37003731503924,12.59947689646039,270.93642993337388,325.4162322494511,4604.698599447664,0.0,0.0,64.19279663957244,76.66954769374729,1227.4167508357689,0.0,18.91177463353944,31.732261977322758,22.0,30.0,0.0,19.3738497742247,30.79129156277931,16.0,30.0,0.0,18.677891664702327,32.229814327345419,22.0,30.0,0.0,18.79736449180368,31.951767203583587,16.0,30.0,0.0,16.680999173055804,37.485398088531528,12.0,30.0,0.0,19.67724818806512,30.84697701140131,16.0,30.0,0.0,18.29768127261436,33.580801487702839,10.0,30.0,0.0,17.363655262779948,35.81148610740193,12.0,30.0,0.0,18.082434867383154,34.19957525629276,12.0,30.0,0.0,18.30368954093836,0.0,0.0,0.0,19.89426772090896,0.0,0.0,541.2628335826374,539.1050869979581,542.753150759013,540.7456872646684,582.7130696276449,572.0545360042384,570.1469676089882,578.9408423491542,577.7441762162915,0.0,80.77322865169239,80.77322865169239,60.0,0.0,60.0,60.0,16.0,16.0,16.0,12.0,12.0,12.0,21.0,10.0,0.0,0.0,0.0,0.0,0.0,0.0,0.0,0.0,0.0,0.0,0.0,0.0,0.0,80.77322865169239,80.77322865169239,0.0,0.0,0.0,80.77322865169239,0.0,0.0,0.00082 
 04/18  12:50:00,10.523333333333334,50.333333333333339,3.235,287.0,347.6666666666667,0.0,0.0,0.0,0.0,0.0,0.0,0.0,0.0,0.0,0.0,199.0,0.0,1401.3623546962602,105.60047134283707,270.59916882647948,42.019683416475519,1118.417969569226,0.0,105.60047134283701,144.36385039941463,0.0,0.0,18.54064205185754,169.16826321032569,20.255759577530449,-500.6552018076163,18.56032598550629,71.54715164826667,18.978781662948358,-72.88091295426193,16.539667348662449,30.882596263678665,20.167009305953806,-204.85849674797465,17.840789629066614,164.2619476139207,17.12324060482185,118.82855618446377,17.99608853472401,110.1240420772915,223.70738151226579,-214.54254807502003,0.0,0.0,0.0,0.0,0.0,0.0,0.0,0.0,0.0,0.0,0.0,0.0,0.0,0.0,0.0,0.0,0.0,0.0,0.0,0.0,0.0,0.0,0.973484933981435,0.2971565732544063,227.65841475826549,272.8278734960404,3896.7703636082667,0.1260864907330729,0.019243969892105148,228.9463142601125,273.96511651955299,4100.652311477054,2.3593679109743554,0.44583671787119358,219.76850749680697,263.6083184036192,3671.5319326525457,0.20713397696029296,0.0391409631444242,75.92507746860629,91.03321828570515,1276.7617060772814,0.0,0.0,6.9563209201077449,8.399185832880925,88.12092065929508,0.0,0.0,71.5555403873004,85.50781347444542,1334.3770464435416,0.0,0.0,148.84271740873468,178.7213939726826,2366.0168856008647,0.0,0.0,23.514641970347243,28.324676645341943,330.32892815094649,0.0,0.0,48.28292798565417,58.014292531217517,747.9262575134799,18.499642834037734,12.688369570670603,278.8925840843907,334.9407470798452,4702.561410175625,0.0,0.0,64.42160921999769,76.91039064888843,1237.371193954024,0.0,18.945345349287178,31.642994718489065,22.0,30.0,0.0,19.382369678890198,30.73209051855444,16.0,30.0,0.0,18.683462856629615,32.17525465529763,22.0,30.0,0.0,18.806185295666677,31.890938813297717,16.0,30.0,0.0,16.715954562292457,37.3241619913813,12.0,30.0,0.0,19.745250995874817,30.656362314675886,16.0,30.0,0.0,18.34343590258558,33.427522139939949,10.0,30.0,0.0,17.40942996955746,35.64060464517867,12.0,30.0,0.0,18.13793104791212,34.0154117633108,12.0,30.0,0.0,18.330037861900605,0.0,0.0,0.0,20.01805305222009,0.0,0.0,540.0254760493747,536.9146501548142,540.598396927476,538.6093065617417,579.3958842508347,568.9270169090614,567.4124062002716,575.9053079113642,574.687271561979,0.0,80.77322865169239,80.77322865169239,60.0,0.0,60.0,60.0,16.0,16.0,16.0,12.0,12.0,12.0,21.0,10.0,0.0,0.0,0.0,0.0,0.0,0.0,0.0,0.0,0.0,0.0,0.0,0.0,0.0,80.77322865169239,80.77322865169239,0.0,0.0,0.0,80.77322865169239,0.0,0.0,0.0008166666666666667 
 04/18  13:00:00,10.6,50.0,3.17,289.0,331.0,0.0,0.0,0.0,0.0,0.0,0.0,0.0,0.0,0.0,0.0,199.0,0.0,1393.4097896245813,105.27578107622549,269.76708148925169,41.78121723589605,1112.07097726594,0.0,105.27578107622543,143.9199741886439,0.0,0.0,18.547127378857323,165.28948447558106,20.294845023341535,-491.19750041513728,18.56326749627395,79.95218932099124,18.986452045447284,-70.56664560951913,16.5732399360884,31.67136552449253,20.238127402393155,-209.37674533098244,17.88092285721401,167.81499521716979,17.156363036167656,123.16940464611457,18.04091669720769,109.03039684270948,219.92444996732776,-219.2221118798093,0.0,0.0,0.0,0.0,0.0,0.0,0.0,0.0,0.0,0.0,0.0,0.0,0.0,0.0,0.0,0.0,0.0,0.0,0.0,0.0,0.0,0.0,0.9531367903504071,0.290945296199758,222.04323681306907,266.09014389659458,3769.6788523646525,0.12440660119038458,0.018987576494258943,223.42239403616379,267.3247034906099,3981.1277976575008,2.3330703769897349,0.44086741817644289,227.44032538556159,272.795033996157,3768.7786405734339,0.20604845733190295,0.038935838498092008,76.10422203576684,91.24431397925525,1269.5109311631537,0.0,0.0,7.00283397336875,8.454369334808769,88.08628288815636,0.0,0.0,72.0817219553515,86.11784135149066,1341.9536831583114,0.0,0.0,148.0004758946217,177.67915267811095,2344.3185307229025,0.0,0.0,23.630367844417227,28.459661874259529,330.38550963322538,0.0,0.0,46.86935904590815,56.306340906167459,723.2694553021986,18.626137418645088,12.775128545024069,273.35329727087835,328.2885329751299,4570.70474547885,0.0,0.0,63.05873364792621,75.25188386924417,1216.4526003905185,0.0,18.953560185063109,31.582579084145264,22.0,30.0,0.0,19.41449006325639,30.627354370412005,16.0,30.0,0.0,18.69804536081173,32.11582618679367,22.0,30.0,0.0,18.816994866044209,31.82414942106056,16.0,30.0,0.0,16.749734259389724,37.16922653132872,12.0,30.0,0.0,19.808680663689523,30.48337462372805,16.0,30.0,0.0,18.393873700437543,33.26382688901528,10.0,30.0,0.0,17.454619316030084,35.46978200721042,12.0,30.0,0.0,18.186965871519467,33.84703354143736,12.0,30.0,0.0,18.328614395600316,0.0,0.0,0.0,20.14022640762406,0.0,0.0,537.8375718840454,534.8830162487225,539.0814010898052,536.540647043306,576.1942449022321,566.1715115802183,564.6229469986075,572.8026632481585,571.6884592253969,0.0,80.77322865169239,80.77322865169239,60.0,0.0,60.0,60.0,16.0,16.0,16.0,12.0,12.0,12.0,21.0,10.0,0.0,0.0,0.0,0.0,0.0,0.0,0.0,0.0,0.0,0.0,0.0,0.0,0.0,80.77322865169239,80.77322865169239,0.0,0.0,0.0,80.77322865169239,0.0,0.0,0.0008133333333333332 
 04/18  13:10:00,10.653333333333335,50.0,3.0966666666666669,291.0,314.3333333333333,0.0,0.0,0.0,0.0,0.0,0.0,0.0,0.0,0.0,0.0,199.0,0.0,1381.887799434736,104.95491244983444,268.94478576224199,41.43572355725567,1102.8752645677005,0.0,104.9549124498344,143.48132244979139,0.0,0.0,18.563851555717329,172.50351223160033,20.321936825557168,-509.21899720228796,18.56366326175346,80.34820425836915,18.994638454883778,-69.33833886106413,16.60714839901962,32.29131906186137,20.3052370088596,-212.05925120999656,17.918188992832279,168.48872647764984,17.18986611474344,127.01821102350903,18.086854740940028,113.95256778375256,222.01082958889493,-227.28649535465639,0.0,0.0,0.0,0.0,0.0,0.0,0.0,0.0,0.0,0.0,0.0,0.0,0.0,0.0,0.0,0.0,0.0,0.0,0.0,0.0,0.0,0.0,0.9464990528511419,0.2889191248019359,227.1928440726973,272.22988578394856,3844.6264196260397,0.11983450512652344,0.018289759634695276,229.20456712955207,274.22811179627316,4063.8933685253134,2.3119091439008074,0.4368686968822389,223.95096564487467,268.5982395197018,3689.8501709153445,0.20494057409542136,0.03872648792430485,73.71230710235733,88.37160617535803,1223.2644285036454,0.0,0.0,6.9866903772637809,8.433777024644926,87.59068564115934,0.0,0.0,72.49029232062199,86.58661314974752,1350.3435431547719,0.0,0.0,148.01422128876983,177.66586813347446,2341.311517370143,0.0,0.0,23.655202942576567,28.48478890307282,330.24103773761297,0.0,0.0,47.07579928138236,56.543379978220098,726.1778147474372,18.662227061427335,12.799881386438506,276.7346485519853,332.3183353494968,4604.084438787556,0.0,0.0,63.33630767734256,75.55421985273529,1228.2437071538519,0.0,18.98196280582447,31.480373421506348,22.0,30.0,0.0,19.424938090755068,30.56572334981868,16.0,30.0,0.0,18.705211303960796,32.05702227312032,22.0,30.0,0.0,18.827851086256279,31.759142114336027,16.0,30.0,0.0,16.783425408083859,37.01776729597413,12.0,30.0,0.0,19.869567510403919,30.314434120582168,16.0,30.0,0.0,18.437867092469316,33.11796594967172,10.0,30.0,0.0,17.498983551048008,35.305547611489988,12.0,30.0,0.0,18.238979707707263,33.67535871409341,12.0,30.0,0.0,18.34911423910647,0.0,0.0,0.0,20.247818879811484,0.0,0.0,535.7146556479173,532.8649865394468,536.9371854800855,534.5116594729723,573.1242820782222,563.3638317796513,562.0475829150569,569.8920177041784,568.8094473590707,0.0,80.77322865169239,80.77322865169239,60.0,0.0,60.0,60.0,16.0,16.0,16.0,12.0,12.0,12.0,21.0,10.0,0.0,0.0,0.0,0.0,0.0,0.0,0.0,0.0,0.0,0.0,0.0,0.0,0.0,80.77322865169239,80.77322865169239,0.0,0.0,0.0,80.77322865169239,0.0,0.0,0.00081 
 04/18  13:20:00,10.706666666666667,50.0,3.0233333333333336,293.0,297.6666666666667,0.0,0.0,0.0,0.0,0.0,0.0,0.0,0.0,0.0,0.0,199.0,0.0,1367.0598387721735,104.63893707827129,268.13502802176546,40.99110199148106,1091.0410923809948,0.0,104.63893707827123,143.04936016126949,0.0,0.0,18.573427210844895,169.8338680339948,20.352290903812169,-503.0307583554986,18.568080362488325,87.29767679229554,19.002981584228388,-68.5934852031487,16.641481262800516,32.91538010051971,20.3674453050806,-215.4136445564459,17.957068396253953,171.00445530295293,17.22368197721473,130.47951950866264,18.130226031701125,112.51730681702816,219.27284345610316,-230.56637286660908,0.0,0.0,0.0,0.0,0.0,0.0,0.0,0.0,0.0,0.0,0.0,0.0,0.0,0.0,0.0,0.0,0.0,0.0,0.0,0.0,0.0,0.0,0.9341310367751375,0.2851437841193949,223.33883909069784,267.59698164513847,3759.9105992362449,0.11902659432945125,0.01816645212598462,225.50425836292087,269.7716142413834,3984.94293490354,2.301227137690691,0.43485017719022908,230.10802576484253,275.9643225097513,3771.3124255143845,0.2045016638714231,0.03864354948439589,74.64226629257941,89.48130515444265,1232.0729773934564,0.0,0.0,7.012851273069199,8.464245033011379,87.62532272536115,0.0,0.0,72.89415164260534,87.0508222824845,1358.0037401839948,0.0,0.0,147.14337429871385,176.58946049306318,2325.12414778408,0.0,0.0,23.72894381702862,28.56885711330771,330.73972275601519,0.0,0.0,45.88835430123362,55.10748432308065,707.0747396712117,18.703083560538177,12.827903676637984,273.89838086226356,328.9018988382072,4530.681432674242,0.0,0.0,62.175850080871409,74.1416834480141,1211.959331353208,0.0,18.99272631557413,31.416548369237704,22.0,30.0,0.0,19.449944521734595,30.49606841701813,16.0,30.0,0.0,18.719270687018896,31.984715811970184,22.0,30.0,0.0,18.838306557024344,31.711294334683318,16.0,30.0,0.0,16.81713078211337,36.86960080981969,12.0,30.0,0.0,19.92588386313013,30.15910055158939,16.0,30.0,0.0,18.484592740209629,32.962964294591497,10.0,30.0,0.0,17.5425463653281,35.14548263956508,12.0,30.0,0.0,18.28530195504225,33.518966758643269,12.0,30.0,0.0,18.3524569556857,0.0,0.0,0.0,20.354635060408169,0.0,0.0,533.6806404513354,531.3891449269864,534.8780956493189,532.8951101711382,570.1705787844784,560.7803906986699,559.3078211677511,567.0508377530331,566.0459289439396,0.0,80.77322865169239,80.77322865169239,60.0,0.0,60.0,60.0,16.0,16.0,16.0,12.0,12.0,12.0,21.0,10.0,0.0,0.0,0.0,0.0,0.0,0.0,0.0,0.0,0.0,0.0,0.0,0.0,0.0,80.77322865169239,80.77322865169239,0.0,0.0,0.0,80.77322865169239,0.0,0.0,0.00083 
 04/18  13:30:00,10.76,50.0,2.95,295.0,281.0,0.0,0.0,0.0,0.0,0.0,0.0,0.0,0.0,0.0,0.0,199.0,0.0,1349.196843092183,104.32841448731605,267.33924244331259,40.45547645734948,1076.78469196047,0.0,104.32841448731601,142.62485223723986,0.0,0.0,18.589713425947548,174.31205237874929,20.373396340180528,-514.4567718978397,18.570932296753307,88.11517898807688,19.011624210331236,-67.78301358680938,16.676111442076157,33.42260965305363,20.42532439327148,-217.33984303776925,17.993735884139228,171.45549319302882,17.257749716690513,133.5880825453571,18.174234351434316,115.90437166468041,220.81164508651819,-236.60762111419673,0.0,0.0,0.0,0.0,0.0,0.0,0.0,0.0,0.0,0.0,0.0,0.0,0.0,0.0,0.0,0.0,0.0,0.0,0.0,0.0,0.0,0.0,0.9263874570749852,0.2827800540521933,226.63251550359309,271.51516769449389,3800.923286314847,0.11519466794797617,0.01758160377716364,229.31146033270157,274.3112185296038,4031.781226600234,2.2798270620127778,0.4308063231316664,228.41827177755455,273.9238894156391,3722.593905617983,0.20328374424425928,0.038413405941847927,73.28831265429416,87.8532250665062,1203.3110892203877,0.0,0.0,6.9986592681116719,8.446009047300653,87.15285369994834,0.0,0.0,73.19675540681982,87.39490143000842,1363.3363326089053,0.0,0.0,146.9594906144799,176.34045505103425,2318.377756604939,0.0,0.0,23.736780420572186,28.573621198104719,330.28180139559108,0.0,0.0,45.90486599854277,55.117281169303797,706.724596410217,18.741272773411393,12.854096552408367,276.3456434406984,331.8131757610613,4547.624855032294,0.0,0.0,62.23730312620819,74.1898653689179,1217.8939861212796,0.0,19.01638239593697,31.34564504278786,22.0,30.0,0.0,19.459931918836145,30.442576593193249,16.0,30.0,0.0,18.728218460931353,31.929792311720875,22.0,30.0,0.0,18.84876610168023,31.655522824175443,16.0,30.0,0.0,16.850657980323395,36.72426958045214,12.0,30.0,0.0,19.979104048858884,30.008491347977178,16.0,30.0,0.0,18.52637277939039,32.82567635266578,10.0,30.0,0.0,17.585336154734227,34.99104281592511,12.0,30.0,0.0,18.333624616426865,33.36025840410886,12.0,30.0,0.0,18.37046508991927,0.0,0.0,0.0,20.44919592111493,0.0,0.0,532.1116628340408,529.3314313684157,532.9840757957445,530.88106206105,567.3035872981551,558.0969008170675,556.8822026989295,564.3611035684984,563.3489587450329,0.0,80.77322865169239,80.77322865169239,60.0,0.0,60.0,60.0,16.0,16.0,16.0,12.0,12.0,12.0,21.0,10.0,0.0,0.0,0.0,0.0,0.0,0.0,0.0,0.0,0.0,0.0,0.0,0.0,0.0,80.77322865169239,80.77322865169239,0.0,0.0,0.0,80.77322865169239,0.0,0.0,0.00085 
 04/18  13:40:00,10.813333333333333,50.0,2.876666666666667,286.0,284.83333333333339,0.0,0.0,0.0,0.0,0.0,0.0,0.0,0.0,0.0,0.0,199.0,0.0,1350.7633073073765,102.14250876299983,261.7379158453676,40.502436381901137,1078.0347642737229,0.0,102.14250876299978,139.6365533881948,0.0,0.0,18.600919064162967,171.8869611493792,20.408675188673557,-511.29583085539528,18.57597436005019,93.26810785042108,19.018542156661668,-66.48859518738891,16.713173987981784,33.88422158941586,20.490654022728444,-220.5074994134502,18.031155343049336,173.02036543291434,17.29110754208286,136.361043212372,18.214945990507265,114.46251837008481,218.47342248106907,-238.9550631773791,0.0,0.0,0.0,0.0,0.0,0.0,0.0,0.0,0.0,0.0,0.0,0.0,0.0,0.0,0.0,0.0,0.0,0.0,0.0,0.0,0.0,0.0,0.9143781903863629,0.27911422172965907,223.4086693570687,267.6374057901785,3727.3846955887045,0.11416020956677076,0.017423719408847798,226.25728173417856,270.62782081143538,3965.2071390666399,2.2649795866510167,0.42800067774962538,232.27667938463339,278.53214077539459,3765.287003857301,0.20257803218474569,0.038280051433247478,73.34206727039302,87.91282518916053,1197.6566460871027,0.0,0.0,7.013626356935674,8.46289280947337,87.07521640663471,0.0,0.0,73.46611495538163,87.69836493636733,1368.3826817929019,0.0,0.0,146.11473358805802,175.2979668714206,2301.551479971152,0.0,0.0,23.77836748805072,28.619131823067915,330.2332458706002,0.0,0.0,44.92200616635779,53.928301892990678,690.5441435690186,18.782756300849078,12.88254890318867,273.2947113951928,328.13750094735937,4472.1247200315879,0.0,0.0,61.26581500837407,73.00730329891845,1203.4198480111414,0.0,19.027298381019248,31.288696585612,22.0,30.0,0.0,19.48610625594214,30.3607767552323,16.0,30.0,0.0,18.7414306948535,31.8761638848901,22.0,30.0,0.0,18.85877508651722,31.601337110912615,16.0,30.0,0.0,16.88644876727308,36.5764047864965,12.0,30.0,0.0,20.034660635595495,29.858924265850768,16.0,30.0,0.0,18.569255339107678,32.68739122692384,10.0,30.0,0.0,17.626869872532443,34.83936840897985,12.0,30.0,0.0,18.376787278748247,33.21428666754453,12.0,30.0,0.0,18.374938014288028,0.0,0.0,0.0,20.54272255007203,0.0,0.0,530.0413082156044,527.4400093074469,531.2879607171791,528.9420185922044,564.5354654891628,555.6496136932829,554.3996135630032,561.6609002331295,560.7234134991375,0.0,80.77322865169239,80.77322865169239,60.0,0.0,60.0,60.0,16.0,16.0,16.0,12.0,12.0,12.0,21.0,10.0,0.0,0.0,0.0,0.0,0.0,0.0,0.0,0.0,0.0,0.0,0.0,0.0,0.0,80.77322865169239,80.77322865169239,0.0,0.0,0.0,80.77322865169239,0.0,0.0,0.00087 
 04/18  13:50:00,10.866666666666666,50.0,2.8033333333333334,277.0,288.66666666666665,0.0,0.0,0.0,0.0,0.0,0.0,0.0,0.0,0.0,0.0,199.0,0.0,1350.1277290386445,99.91002766680093,256.017239768572,40.4833688254775,1077.5274065877448,0.0,99.91002766680089,136.58458247468583,0.0,0.0,18.61942463648591,176.18506016775064,20.43976664535525,-524.9822930056362,18.579480022320018,93.97883716604702,19.025177772434664,-64.76189378419804,16.751651449099457,34.21188289494671,20.55691904283976,-223.78266121199523,18.067741222571894,173.73842810149473,17.324595839528656,138.80481243610257,18.25564321052606,117.08115258543649,219.56890585788825,-243.80902329154515,0.0,0.0,0.0,0.0,0.0,0.0,0.0,0.0,0.0,0.0,0.0,0.0,0.0,0.0,0.0,0.0,0.0,0.0,0.0,0.0,0.0,0.0,0.9060029232008737,0.2765576688647356,226.7169632286919,271.57184696766026,3768.714100656836,0.11011805420229917,0.01680678482941074,230.06540161395004,275.1617907953638,4014.0406309158349,2.2429182286893436,0.4238318648316977,230.0562042441369,275.85530419917708,3708.193237302964,0.2014112813157513,0.038059576968206967,71.27726795813808,85.43298222923218,1157.68327060065,0.0,0.0,6.99975539019793,8.444927214046139,86.6627791754316,0.0,0.0,73.83580109360818,88.12090361942028,1375.5489912990736,0.0,0.0,145.96254588124016,175.0876555479705,2295.0954269451815,0.0,0.0,23.770569860980524,28.605183395886216,329.49701594980049,0.0,0.0,44.89951779407292,53.89218614391379,689.2589626423149,18.82244229410292,12.909768377299676,275.011578082853,330.17150575329858,4477.109022409731,0.0,0.0,61.2663272997094,72.98577228071209,1206.8279731357055,0.0,19.052233315676476,31.20593643506916,22.0,30.0,0.0,19.501849875065618,30.305024693539108,16.0,30.0,0.0,18.750376219303797,31.8237026268309,22.0,30.0,0.0,18.868849102922299,31.553183416409217,16.0,30.0,0.0,16.923900510837318,36.427720002034359,12.0,30.0,0.0,20.091959559095558,29.707486462982659,16.0,30.0,0.0,18.610176890142968,32.55631822053391,10.0,30.0,0.0,17.668378695954645,34.69145430036441,12.0,30.0,0.0,18.421174187289478,33.068573280454689,12.0,30.0,0.0,18.392135316350218,0.0,0.0,0.0,20.626716572115919,0.0,0.0,528.0909788659736,525.6425089002692,529.2725461453522,527.1274023789105,561.8595994035501,553.1650101647377,552.0593356285205,559.1047519069286,558.1850095968624,0.0,80.77322865169239,80.77322865169239,60.0,0.0,60.0,60.0,16.0,16.0,16.0,12.0,12.0,12.0,21.0,10.0,0.0,0.0,0.0,0.0,0.0,0.0,0.0,0.0,0.0,0.0,0.0,0.0,0.0,80.77322865169239,80.77322865169239,0.0,0.0,0.0,80.77322865169239,0.0,0.0,0.0008866666666666667 
 04/18  14:00:00,10.92,50.0,2.73,268.0,292.5,0.0,0.0,0.0,0.0,0.0,0.0,0.0,0.0,0.0,0.0,199.0,0.0,1347.268739276451,97.6278454606698,250.16920464337503,40.39763304348567,1075.2455644667014,0.0,97.62784546066976,133.46466637582206,0.0,0.0,18.634752287993643,174.92733503526507,20.4743433892968,-525.1047767068794,18.585940033651445,99.28093404096399,19.031311111477316,-63.36066254632533,16.791294963022087,34.53985556191731,20.622296221761539,-227.68903336972699,18.105749319017766,175.59659398159875,17.35772866240451,141.04220413765894,18.29482886961194,117.10020495259892,217.44796505104388,-246.60968987710613,0.0,0.0,0.0,0.0,0.0,0.0,0.0,0.0,0.0,0.0,0.0,0.0,0.0,0.0,0.0,0.0,0.0,0.0,0.0,0.0,0.0,0.0,0.8936404056199373,0.2727840065994925,224.84415126841365,269.30738745196416,3720.3358682469595,0.10819595061361956,0.01651342347582716,228.41556757471188,273.1579562382261,3972.059983237816,2.229102712131514,0.42122122300293177,234.03769124397176,280.60970254330757,3752.5514828296275,0.20083833951892847,0.03795131132254883,71.2053465513922,85.341989227529,1150.1079200859406,0.0,0.0,7.01312145238966,8.459781996733936,86.60527523683857,0.0,0.0,74.24373096738448,88.5888803639378,1383.407713240601,0.0,0.0,145.7022521787096,174.74614199316694,2287.733892231186,0.0,0.0,23.80093388988323,28.63720423119503,329.26028079232739,0.0,0.0,44.41423427737614,53.30113034836044,680.6577896065103,18.867114814133389,12.940407965797938,273.19965891093559,327.9813466848902,4422.284515018813,0.0,0.0,60.791812811727847,72.39900766162451,1200.6043383898053,0.0,19.06865013068124,31.14684114493169,22.0,30.0,0.0,19.52762850034891,30.23771948431328,16.0,30.0,0.0,18.76463453509608,31.76380872042264,22.0,30.0,0.0,18.878360457934993,31.51290821187141,16.0,30.0,0.0,16.96261216561075,36.27892138199871,12.0,30.0,0.0,20.14909956006301,29.5600838362411,16.0,30.0,0.0,18.65382024940128,32.41969783487266,10.0,30.0,0.0,17.709270680340358,34.54746506561636,12.0,30.0,0.0,18.46302180109196,32.93084147605552,12.0,30.0,0.0,18.398717964568303,0.0,0.0,0.0,20.708625596387657,0.0,0.0,526.2710608934905,524.0170261607199,527.391695032873,525.4525085582525,559.2653547841308,550.8274287025771,549.6668149829465,556.5969305300679,555.7190505459238,0.0,80.77322865169239,80.77322865169239,60.0,0.0,60.0,60.0,16.0,16.0,16.0,12.0,12.0,12.0,21.0,10.0,0.0,0.0,0.0,0.0,0.0,0.0,0.0,0.0,0.0,0.0,0.0,0.0,0.0,80.77322865169239,80.77322865169239,0.0,0.0,0.0,80.77322865169239,0.0,0.0,0.0009033333333333332 
 04/18  14:10:00,10.948333333333333,49.833333333333339,2.6999999999999999,259.0,296.3333333333333,0.0,0.0,0.0,0.0,0.0,0.0,0.0,0.0,0.0,0.0,199.0,0.0,1342.1661932032062,95.29298652700331,244.1861855818738,40.24462499902774,1071.1731604990496,0.0,95.29298652700325,130.27273719674427,0.0,0.0,18.655005320863564,177.9066041156184,20.50250655604126,-535.7015309295675,18.591115691743313,101.20964073586038,19.036367843948307,-60.65184257309511,16.831685184643609,34.79314291571799,20.684655662080787,-230.8442610908878,18.14349339601553,176.4782272796192,17.38992658135102,143.1182205202632,18.33394257518696,120.5152868048865,217.9387648287502,-251.31152155779729,0.0,0.0,0.0,0.0,0.0,0.0,0.0,0.0,0.0,0.0,0.0,0.0,0.0,0.0,0.0,0.0,0.0,0.0,0.0,0.0,0.0,0.0,0.8920272443437802,0.27229158862752758,226.9906386403718,271.8437325689723,3753.661847136958,0.10632364781431049,0.016227662975322116,230.99517857127578,276.21567076235496,4011.1113043153029,2.231370264208941,0.42164970979004948,232.4635088845461,278.70023840649477,3719.137714982282,0.20144820142064349,0.038066553556433,68.44986984527253,82.033317996112,1103.0902542474344,0.0,0.0,7.004827661034137,8.448335989524957,86.64289783378395,0.0,0.0,74.62571550925738,89.02435660932858,1394.38823616942,0.0,0.0,145.97741274607223,175.0443004173801,2295.7188532362758,0.0,0.0,23.8122794001335,28.645906449346673,329.91243060300016,0.0,0.0,44.71559679487814,53.652837853343509,686.528560366548,18.87231163000425,12.94397231138838,272.9918245173083,327.70219608546798,4410.822594260527,0.0,0.0,61.12994181973915,72.7812042408516,1212.3107063495868,0.0,19.093670958667294,31.076635043194768,22.0,30.0,0.0,19.544528762569589,30.180563464979217,16.0,30.0,0.0,18.775851480344288,31.714457099444215,22.0,30.0,0.0,18.888282752732296,31.467666021044296,16.0,30.0,0.0,17.001875047824904,36.13069590418928,12.0,30.0,0.0,20.205351669519176,29.414685845012174,16.0,30.0,0.0,18.696045556655006,32.2912521920265,10.0,30.0,0.0,17.749101641842583,34.40813557344647,12.0,30.0,0.0,18.50667485320434,32.79081251014085,12.0,30.0,0.0,18.413590904369536,0.0,0.0,0.0,20.78076635217694,0.0,0.0,524.5881778996727,522.1019479050892,525.6197920306856,523.6150394198666,556.738022988104,548.4614368407964,547.4772071616346,554.1788934468166,553.3016570770969,0.0,80.77322865169239,80.77322865169239,60.0,0.0,60.0,60.0,16.0,16.0,16.0,12.0,12.0,12.0,21.0,10.0,0.0,0.0,0.0,0.0,0.0,0.0,0.0,0.0,0.0,0.0,0.0,0.0,0.0,80.77322865169239,80.77322865169239,0.0,0.0,0.0,80.77322865169239,0.0,0.0,0.00092 
 04/18  14:20:00,10.976666666666667,49.66666666666667,2.67,250.0,300.1666666666667,0.0,0.0,0.0,0.0,0.0,0.0,0.0,0.0,0.0,0.0,199.0,0.0,1334.80083065686,92.90266412263526,238.06104168290688,40.023767182105377,1065.2948233175717,0.0,92.90266412263522,127.0049852482681,0.0,0.0,18.672491685090578,176.64129354737998,20.53203995654549,-535.8262193552218,18.59825798469006,106.07253863127335,19.041230424751036,-57.95444360139891,16.87264273959991,35.03553949584099,20.744507977235519,-234.03185454479263,18.181945852383813,177.8980546994435,17.42175618407206,145.05924753841169,18.371825635923039,121.29566240555619,215.85028982158293,-253.5813233350982,0.0,0.0,0.0,0.0,0.0,0.0,0.0,0.0,0.0,0.0,0.0,0.0,0.0,0.0,0.0,0.0,0.0,0.0,0.0,0.0,0.0,0.0,0.8875974141766074,0.27093938161679106,225.13420764118096,269.59330989189109,3717.7097617360789,0.10623350909219612,0.016213905539101973,229.3664117269002,274.2352357241253,3980.085402688905,2.238098366160419,0.4229210820408956,234.39872691045816,280.9947452526502,3742.9516339988028,0.2023682225328254,0.038240404862589828,66.68364537329819,79.9106831527351,1072.1594777103806,0.0,0.0,7.013976349287077,8.457913343767818,86.9009852487089,0.0,0.0,74.97337479107807,89.41914248518097,1404.5094485797725,0.0,0.0,146.00443053020008,175.04416507823493,2300.1264850799618,0.0,0.0,23.871675434488215,28.71248440796652,331.18862471686608,0.0,0.0,44.55884865709724,53.45522143191304,685.1777254227725,18.88082707313681,12.949812807364073,269.4948985197435,323.48466915381706,4344.808084039788,0.0,0.0,61.01017400494692,72.61944809775295,1214.3082122658246,0.0,19.111276329112316,31.015524715056949,22.0,30.0,0.0,19.568009029015735,30.105554241915333,16.0,30.0,0.0,18.790407668117969,31.661823452540284,22.0,30.0,0.0,18.89829720386881,31.416967562241785,16.0,30.0,0.0,17.041477599201405,35.984597120080547,12.0,30.0,0.0,20.259865882188956,29.276959353582546,16.0,30.0,0.0,18.7393797428325,32.16156761471184,10.0,30.0,0.0,17.78802470653382,34.27209446407603,12.0,30.0,0.0,18.54814655917042,32.65772034770661,12.0,30.0,0.0,18.419674043665045,0.0,0.0,0.0,20.847477895602976,0.0,0.0,522.6560751777175,520.3375474960803,523.9050932806216,521.8696901339616,554.2875081160993,546.2534773797479,545.2512519884454,551.7752728696312,550.9462792867635,0.0,80.77322865169239,80.77322865169239,60.0,0.0,60.0,60.0,16.0,16.0,16.0,12.0,12.0,12.0,21.0,10.0,0.0,0.0,0.0,0.0,0.0,0.0,0.0,0.0,0.0,0.0,0.0,0.0,0.0,80.77322865169239,80.77322865169239,0.0,0.0,0.0,80.77322865169239,0.0,0.0,0.0009366666666666668 
 04/18  14:30:00,11.004999999999999,49.5,2.6399999999999999,241.0,304.0,0.0,0.0,0.0,0.0,0.0,0.0,0.0,0.0,0.0,0.0,199.0,0.0,1325.1539808056019,90.45430870308666,231.78718861150944,39.7344997544694,1057.5956519037816,0.0,90.45430870308661,123.65789776828135,0.0,0.0,18.693238441582815,178.4205751341833,20.55686703843839,-544.0346892363832,18.60471168493647,108.05511457089051,19.046277203343679,-54.62477362754589,16.913990103078008,35.19041888083973,20.80193480278505,-236.6173058764125,18.219629238455338,178.5134520486854,17.45306735216669,146.68840338109659,18.409483681963026,124.18938660385834,215.61337674773859,-256.51844905707187,0.0,0.0,0.0,0.0,0.0,0.0,0.0,0.0,0.0,0.0,0.0,0.0,0.0,0.0,0.0,0.0,0.0,0.0,0.0,0.0,0.0,0.0,0.8853214623465321,0.27024464662592559,226.27627450086349,270.92857421103408,3733.7257670053324,0.10481066718966005,0.01599674407656594,230.9029004059484,276.0458320961533,4000.6769114206115,2.239356621998961,0.42315884769443726,232.45010664230174,278.63592490687128,3704.1569473907145,0.2029230413975877,0.0383452459179115,63.4776076162578,76.06282195770648,1018.4334009368863,0.0,0.0,7.0052138634448719,8.445885376095119,86.93869725407609,0.0,0.0,75.2849405625065,89.77115469225719,1413.7700876023612,0.0,0.0,146.29305245770073,175.35862776585408,2308.127860610584,0.0,0.0,23.912452851160674,28.756749371143383,332.15150108960457,0.0,0.0,44.889409225973967,53.84221323817614,691.2918752689484,18.8883892988667,12.954999519112967,267.3133303839762,320.83897834344546,4302.6126648171689,0.0,0.0,61.39026423919706,73.05538943737824,1224.9182829961188,0.0,19.134695248999859,30.93743045213722,22.0,30.0,0.0,19.584281010132455,30.04782350276947,16.0,30.0,0.0,18.802602836358657,31.608609338767747,22.0,30.0,0.0,18.909102291359529,31.368053477320058,16.0,30.0,0.0,17.081193299368356,35.841139836839449,12.0,30.0,0.0,20.312917624080649,29.14274284618829,16.0,30.0,0.0,18.78085800985427,32.03853532204429,10.0,30.0,0.0,17.8257501376524,34.14219464638023,12.0,30.0,0.0,18.58925594372977,32.52814705738363,12.0,30.0,0.0,18.43239816666807,0.0,0.0,0.0,20.90283798427946,0.0,0.0,520.8504839876148,518.6214761610489,522.0374957215213,520.2398626396554,551.9057047268315,544.0333156703284,543.1242220053416,549.4740890122255,548.657165862543,0.0,80.77322865169239,80.77322865169239,60.0,0.0,60.0,60.0,16.0,16.0,16.0,12.0,12.0,12.0,21.0,10.0,0.0,0.0,0.0,0.0,0.0,0.0,0.0,0.0,0.0,0.0,0.0,0.0,0.0,80.77322865169239,80.77322865169239,0.0,0.0,0.0,80.77322865169239,0.0,0.0,0.0009533333333333333 
 04/18  14:40:00,11.033333333333334,49.33333333333333,2.61,232.83333333333335,300.0,0.0,0.0,0.0,0.0,0.0,0.0,0.0,0.0,0.0,0.0,199.0,0.0,1296.6530651663875,87.85385116573166,225.1235511606249,38.87989851505152,1034.8492098827165,0.0,87.85385116573161,120.10287516166859,0.0,0.0,18.71200560773884,177.03601291700398,20.573803457927427,-542.7038076334411,18.61267668113558,112.22342249002759,19.050549874052565,-52.36362839319372,16.95402884673613,35.326206398695607,20.84874617140224,-238.61332368238346,18.257545683283099,179.4142544170263,17.483637377675938,147.96420170216789,18.445929395005977,125.43970891339746,213.8554162252949,-257.6328075423203,0.0,0.0,0.0,0.0,0.0,0.0,0.0,0.0,0.0,0.0,0.0,0.0,0.0,0.0,0.0,0.0,0.0,0.0,0.0,0.0,0.0,0.0,0.8811400227342163,0.26896826090788047,224.6759657138365,268.98531741473786,3702.1438977264544,0.10463895171468464,0.01597053597598972,229.54679525817299,274.39755984731058,3971.484481765617,2.243131051331409,0.42387208075045537,233.87172116347365,280.3148192375175,3719.7768563492047,0.20355746005249099,0.0384651285057617,62.04726368395101,74.34339459042401,993.1438279311642,0.0,0.0,7.0077692773979118,8.447551154648265,87.09259042041387,0.0,0.0,75.57563404983878,90.09997712030493,1421.7541617835103,0.0,0.0,146.49418808126988,175.56812818711519,2314.777328595807,0.0,0.0,23.972616381927936,28.824447728424209,333.31300622548607,0.0,0.0,44.99705428092023,53.96201904468633,693.837824751955,18.89788757375839,12.961514110945402,264.2047213699611,317.0873813317894,4243.667040688985,0.0,0.0,61.5421187680847,73.22173000318017,1229.9566559451744,0.0,19.15247595230052,30.874344837949605,22.0,30.0,0.0,19.601203524658865,29.991017382236469,16.0,30.0,0.0,18.817299201303976,31.54737517809243,22.0,30.0,0.0,18.918812075242565,31.322723733835475,16.0,30.0,0.0,17.119182601737355,35.70435823879096,12.0,30.0,0.0,20.359785749149386,29.022536162100349,16.0,30.0,0.0,18.82239961246643,31.914754375414608,10.0,30.0,0.0,17.861955969202368,34.01797529826182,12.0,30.0,0.0,18.628730460755109,32.404410373193979,12.0,30.0,0.0,18.43972335318013,0.0,0.0,0.0,20.949466355265888,0.0,0.0,519.1097420096711,516.9367661439659,520.2933265945144,518.6032582138544,549.5878132406214,541.9094721967241,541.00106740698,547.2122139188011,546.4225176323049,0.0,80.77322865169239,80.77322865169239,60.0,0.0,60.0,60.0,16.0,16.0,16.0,12.0,12.0,12.0,21.0,10.0,0.0,0.0,0.0,0.0,0.0,0.0,0.0,0.0,0.0,0.0,0.0,0.0,0.0,80.77322865169239,80.77322865169239,0.0,0.0,0.0,80.77322865169239,0.0,0.0,0.00097 
 04/18  14:50:00,11.061666666666668,49.16666666666667,2.58,224.66666666666669,296.0,0.0,0.0,0.0,0.0,0.0,0.0,0.0,0.0,0.0,0.0,199.0,0.0,1266.0831076773616,85.21335418151718,218.35731391175555,37.9632580034253,1010.451486967454,0.0,85.21335418151713,116.49311559561814,0.0,0.0,18.731512355313038,176.74132335841024,20.584415770894866,-544.2450620522268,18.620056750814038,114.06624046891011,19.05483657718335,-49.0200965188742,16.99332407487874,35.39422296143789,20.889064655192099,-239.35938390722687,18.293988337036539,179.32582009404997,17.513317836338467,148.8679289235232,18.48173431187395,127.3169401215589,213.02099281888696,-258.25720004001507,0.0,0.0,0.0,0.0,0.0,0.0,0.0,0.0,0.0,0.0,0.0,0.0,0.0,0.0,0.0,0.0,0.0,0.0,0.0,0.0,0.0,0.0,0.8781307447776743,0.268049677893063,224.34576017633069,268.56198937511018,3691.851303196503,0.10396375545390843,0.015867484043636819,229.53635481951918,274.36398397185726,3962.883775585391,2.2423525789366138,0.42372497712332099,232.01569138824415,278.0669518172545,3682.7791396675086,0.20391142883929576,0.038532016031612947,58.997629422021017,70.68407245187467,942.2582932318154,0.0,0.0,6.997219321778838,8.433462643621385,87.06209963611363,0.0,0.0,75.73006423910569,90.26785386191567,1426.422808857703,0.0,0.0,146.69215282537778,175.77549877527816,2320.4892436301586,0.0,0.0,24.026541890145589,28.88478921636261,334.3040304855984,0.0,0.0,45.321931138347668,54.34233047347104,699.6952550035996,18.905661887793238,12.966846287924036,260.6520656239197,312.8005951610871,4179.853620045236,0.0,0.0,61.91816156070762,73.65778822631126,1238.0047654242645,0.0,19.171109513165736,30.811582749807067,22.0,30.0,0.0,19.612110850717973,29.94062677510491,16.0,30.0,0.0,18.82999280267864,31.493286529060574,22.0,30.0,0.0,18.929103844727437,31.27373596406257,16.0,30.0,0.0,17.155641370670005,35.57320687999461,12.0,30.0,0.0,20.401462658591247,28.911707197539955,16.0,30.0,0.0,18.860839053724157,31.800734289573179,10.0,30.0,0.0,17.89637222089857,33.9001818596546,12.0,30.0,0.0,18.667685787263893,32.28353198881099,12.0,30.0,0.0,18.44980782338118,0.0,0.0,0.0,20.98371443255923,0.0,0.0,517.390567426777,515.1381913017286,518.5870345192985,516.9420578911097,547.3279856643976,539.7980604907426,538.979600810705,545.0143460986112,544.2372075619104,0.0,80.77322865169239,80.77322865169239,60.0,0.0,60.0,60.0,16.0,16.0,16.0,12.0,12.0,12.0,21.0,10.0,0.0,0.0,0.0,0.0,0.0,0.0,0.0,0.0,0.0,0.0,0.0,0.0,0.0,80.77322865169239,80.77322865169239,0.0,0.0,0.0,80.77322865169239,0.0,0.0,0.0010066666666666668 
 04/18  15:00:00,11.09,49.0,2.55,216.5,292.0,0.0,0.0,0.0,0.0,0.0,0.0,0.0,0.0,0.0,0.0,199.0,0.0,1233.5569729690533,82.53229737520124,211.48714357598554,36.98796242710222,984.4925593963033,0.0,82.5322973752012,112.82790767772204,0.0,0.0,18.748992375447857,174.4666225385954,20.59196311184698,-540.5240693474261,18.627829678044159,116.61991713739553,19.05844176449589,-46.64830630922188,17.031953371018987,35.3954066920829,20.923516394629247,-239.61616547260793,18.329369340097377,179.1357080193211,17.541874238526359,149.31206551625884,18.515498971312519,126.85107875423546,211.30162699395806,-256.384795420779,0.0,0.0,0.0,0.0,0.0,0.0,0.0,0.0,0.0,0.0,0.0,0.0,0.0,0.0,0.0,0.0,0.0,0.0,0.0,0.0,0.0,0.0,0.874199461858448,0.2668496525819439,222.32714537166363,266.1225381808246,3651.757054736429,0.10413487612380151,0.01589360136199657,227.73997827353308,272.1955504329115,3923.7640825099699,2.2410685095431499,0.423482333624934,231.7880411697827,277.77056320203607,3671.5753850634539,0.2041120338678407,0.038569923255449858,57.17152582272617,68.49137222465306,910.9110486413614,0.0,0.0,6.990116956700048,8.423567268470912,87.05644021392165,0.0,0.0,75.80954427946318,90.34787232362736,1428.931436322724,0.0,0.0,146.51704673800803,175.53704882361505,2319.716065880304,0.0,0.0,24.086134572844196,28.952137194244885,335.27075970672379,0.0,0.0,45.2577447831216,54.25671950080507,699.2430241866065,18.912751801216204,12.971709054332106,256.68742959060276,308.02373034125255,4108.182014462812,0.0,0.0,61.89088568414965,73.6163094910301,1236.8657321142298,0.0,19.184813827312799,30.75379313689208,22.0,30.0,0.0,19.623508813149873,29.886894931480563,16.0,30.0,0.0,18.842972157630049,31.439470354010724,22.0,30.0,0.0,18.938353576190619,31.223812602030688,16.0,30.0,0.0,17.19082285934381,35.44715845022298,12.0,30.0,0.0,20.438038320955547,28.81240464878252,16.0,30.0,0.0,18.89725668678573,31.691175431746229,10.0,30.0,0.0,17.928604756513644,33.78801435468176,12.0,30.0,0.0,18.70319056061569,32.1712762487084,12.0,30.0,0.0,18.456259291238767,0.0,0.0,0.0,21.008583743138428,0.0,0.0,515.572335168925,513.42630206456,516.8919609725891,515.2992290453835,545.1291065398698,537.7694341554559,536.952144034198,542.8523431521243,542.1069687451227,0.0,80.77322865169239,80.77322865169239,60.0,0.0,60.0,60.0,16.0,16.0,16.0,12.0,12.0,12.0,21.0,10.0,0.0,0.0,0.0,0.0,0.0,0.0,0.0,0.0,0.0,0.0,0.0,0.0,0.0,80.77322865169239,80.77322865169239,0.0,0.0,0.0,80.77322865169239,0.0,0.0,0.0010433333333333335 
 04/18  15:10:00,11.133333333333333,48.833333333333339,2.5733333333333334,208.33333333333332,288.0,0.0,0.0,0.0,0.0,0.0,0.0,0.0,0.0,0.0,0.0,2000.0,0.0,1199.1877865894745,79.81033067527739,204.51214325782665,35.957403817021,957.0627116424191,0.0,79.81033067527734,109.1067728336904,0.0,0.0,19.85580026359213,-669.7019548670708,20.802607529557159,279.21541130297205,20.105908825285668,-1918.2283407224243,19.371061484659408,928.152648362368,17.06624360531509,42.55682241152202,20.95061102413176,-217.83751060048878,18.423640930147977,295.4413102478856,17.56618631737215,157.45433612102293,18.55317273691,181.44147539081917,447.59578137104679,-286.44823928853676,0.0,0.0,0.0,0.0,0.0,0.0,0.0,0.0,0.0,0.0,0.0,0.0,0.0,0.0,0.0,0.0,0.0,0.0,0.0,0.0,0.0,0.0,0.8836062504313689,0.26972107766525307,312.5986187390641,372.88141158484179,6185.116189143657,0.2255011224333336,0.03441714322853077,255.21966267573476,305.26814128398936,4626.968400671323,1.5803991310703319,0.2986392915854748,468.3935108897408,558.0918509810308,9560.503815654907,0.2812951707004225,0.05315479416107756,353.8218991991178,423.8863047580361,6098.177566563008,0.0,0.0,8.501283809834254,10.273430506322875,105.54564985591152,0.0,0.0,72.68821137437785,86.88768786718659,1366.9712459346948,0.0,0.0,174.5713389650086,209.6312707775726,2803.7278170834467,0.0,0.0,25.64261463691881,30.912025580858736,355.7409809951074,0.0,0.0,58.97818734919226,70.88586897764707,911.3333166485323,20.560220246720946,14.101659977174864,600.7687061652828,720.53887170152,10272.371601934059,0.0,0.0,76.16096681546299,90.85351885980519,1508.7068319989185,1945.7020974017765,20.82457434326703,27.738790685205627,21.999999999999998,30.0,0.0,20.046251431390318,29.096388318646296,15.999999999999999,30.0,4278.568541603755,21.074446922637539,27.321497866506389,21.999999999999998,30.0,0.0,19.565896761984175,29.98843977855726,15.999999999999999,30.0,0.0,17.217453087316235,35.342110904657797,12.0,30.0,0.0,20.466097333509056,28.705775050239255,15.999999999999999,30.0,0.0,19.051724591319215,31.269430457924238,10.0,30.0,0.0,17.952347251216819,33.691547968903517,12.0,30.0,0.0,18.746753287899297,32.02859073590649,15.999999999999999,30.0,0.0,19.211450069705387,0.0,0.0,0.0,20.97305260306841,0.0,0.0,511.3879713797624,512.0619023757672,510.86576210301709,512.1922752972864,542.9619635407164,534.338489825226,530.3122068412089,540.5182509837589,539.132222559225,10345.34972866519,81.16430542765252,83.97523670593599,60.0,0.0,60.0,60.0,16.0,16.0,16.0,16.0,12.0,12.0,21.0,10.0,1.0,0.0,1945.7020974017765,0.0,4278.568541603755,0.0,0.0,0.0,0.0,0.0,4253.965199136163,2552379.1194816979,3313460.950948636,81.16430542765252,84.02297565069266,0.34579883997120555,0.7682116234072246,0.3602813740196596,84.02297565069266,0.3542647819438876,3313460.950948636,0.17337996944932908 
 04/18  15:20:00,11.176666666666668,48.66666666666667,2.5966666666666669,200.16666666666667,284.0,0.0,0.0,0.0,0.0,0.0,0.0,0.0,0.0,0.0,0.0,600.0,0.0,1163.0890293666747,77.04726704449979,197.43183382723388,34.87498485690589,928.2525117229325,0.0,77.04726704449975,105.32945536942799,0.0,0.0,20.359042256183714,-1237.226945831662,21.337478243046577,126.87477007010574,20.322236432862643,-657.9798935984088,19.933761975334908,258.01913771019397,17.11956965039925,45.43368988424537,21.00712379173563,-186.54849282599623,18.636811970678907,257.5738818562676,17.613715217080534,167.9281466455808,18.65199079326313,231.0966596762768,475.8384370993291,-304.9536893729865,0.0,0.0,0.0,0.0,0.0,0.0,0.0,0.0,0.0,0.0,0.0,0.0,0.0,0.0,0.0,0.0,0.0,0.0,0.0,0.0,0.0,0.0,0.9482252621443704,0.2894460507156197,356.2519262165423,424.2808548220995,7323.258262987034,0.21728261813453043,0.03316279275557545,190.17881791736677,227.05271406215159,3705.196485578889,2.048645725020876,0.38712126323145798,334.2006669480314,398.56536626039419,6680.058530245586,0.26912399242437609,0.05085487385192288,269.72354628525707,322.3232770117761,5018.553330415365,0.0,0.0,8.797091440749484,10.621841909173439,109.44897731430632,0.0,0.0,67.89098501146398,81.06656601224616,1281.9361417625474,0.0,0.0,193.8706626038412,232.40111533649799,3210.262003671526,0.0,0.0,28.48589426012124,34.30317283176897,396.36296914056347,0.0,0.0,75.48330209617089,90.6098879039763,1182.447262281574,21.200749858138456,14.540980698311698,485.6723907698718,581.9314188781282,8707.570357540668,0.0,0.0,95.44122566769738,113.79397000666552,1869.2934860269284,1816.5293453415507,21.551997916852409,26.49073077495764,21.999999999999994,29.99999999999999,0.0,20.931896976103326,27.53485947849652,15.999999999999993,29.99999999999999,1256.958847096696,21.221043484519258,27.039923029738199,21.333333333333326,29.99999999999999,0.0,20.40218830587723,28.44287685011558,15.999999999999993,29.99999999999999,0.0,17.275970639553994,35.111089497243828,11.999999999999995,29.99999999999999,0.0,20.550635708797537,28.4821942380158,15.999999999999993,29.99999999999999,0.0,19.356919203549447,30.618339041596444,9.999999999999997,29.99999999999999,0.0,18.016705564352067,33.45192674072319,11.999999999999995,29.99999999999999,0.0,18.898677309129856,31.61987187130657,15.999999999999993,29.99999999999999,0.0,19.711912663458226,0.0,0.0,0.0,20.898696024373256,0.0,0.0,510.0876903702539,511.50415887341429,509.65076030307525,511.2349795457406,538.0200171045556,529.805642192196,526.8772202341065,535.1186381594396,533.2724700836427,8060.758943612649,82.67494855557188,82.67494855557188,59.99999999999998,0.0,59.99999999999998,59.99999999999998,16.0,16.0,16.0,16.0,12.0,12.0,21.0,10.0,1.0,0.0,1816.5293453415507,0.0,1256.958847096696,0.0,0.0,0.0,0.0,0.0,0.0,0.0,0.0,82.67494855557188,82.67494855557188,0.3399999999999999,0.7692598149944065,0.36028137401965945,82.67494855557188,0.35426478194388735,0.0,0.0011266666666666669 
 04/18  15:30:00,11.219999999999999,48.5,2.62,192.0,280.0,0.0,0.0,0.0,0.0,0.0,0.0,0.0,0.0,0.0,0.0,600.0,0.0,1125.3746733707872,74.24307269941142,190.24612885733775,33.74412295996447,898.1529197081783,0.0,74.24307269941139,101.49590910038777,0.0,0.0,20.440490924796494,-977.7919917144404,21.651201108894669,201.7667914957155,20.43966213659467,-41.09378761217458,20.103487075996826,425.35747774805216,17.172937791888026,50.448053650876,21.083383546217165,-147.28110069649947,18.79309428998456,313.6903578597799,17.67082271181924,180.75726325330593,18.763973628185974,258.38344529554618,634.9706169319237,-287.16721368558037,0.0,0.0,0.0,0.0,0.0,0.0,0.0,0.0,0.0,0.0,0.0,0.0,0.0,0.0,0.0,0.0,0.0,0.0,0.0,0.0,0.0,0.0,1.0170238700706232,0.3104468467859044,391.5847917587344,465.6900291729237,8170.883879808445,0.21392276415547169,0.03264999452922339,192.3617651635078,229.0242806812493,3938.241334672707,2.274066404900231,0.4297177635865894,259.001799429283,308.58579734719276,5240.101024292517,0.27992929587608519,0.052896692342419688,268.6027932960685,320.61667962473867,5109.568671889949,0.0,0.0,9.144775985798847,11.03875035782161,113.99989623515627,0.0,0.0,63.72174503747071,76.04601241702645,1212.9746490470723,0.0,0.0,209.02061858978323,250.3702702964576,3538.750907812498,0.0,0.0,31.806654440737576,38.29325332498399,444.6355386464537,0.0,0.0,88.1470470208451,105.7760484645292,1400.8468297571879,22.138414373744163,15.184097650030285,457.7799928626804,546.90497937567,8867.062372013384,0.0,0.0,111.05061640153338,132.42812061963478,2166.1778619309818,1208.0334487656706,21.660070112826327,26.263928868378878,21.666666666666658,29.99999999999999,0.0,21.428495122643903,26.658268925787789,15.999999999999993,29.99999999999999,0.0,21.211631387041629,27.004023031746855,20.999999999999994,29.99999999999999,0.0,20.673898956186599,27.912853076411566,15.999999999999993,29.99999999999999,0.0,17.332722664450189,34.885388466977577,11.999999999999995,29.99999999999999,0.0,20.67295530408368,28.17930654325137,15.999999999999993,29.99999999999999,0.0,19.594359244592238,30.06200082651717,9.999999999999997,29.99999999999999,0.0,18.09514297709626,33.15802007584588,11.999999999999995,29.99999999999999,0.0,19.065571057317709,31.168556509025817,15.999999999999993,29.99999999999999,0.0,20.40524149758935,0.0,0.0,0.0,20.901605702986666,0.0,0.0,506.36703215547609,508.3850935604158,507.70983907732008,507.76653959934279,533.0593579053241,524.3283337904013,520.6777537851214,528.3066518818445,526.3619242661326,9902.506730943755,81.45718868701883,81.45718868701883,59.99999999999998,0.0,59.99999999999998,59.99999999999998,16.0,16.0,16.0,16.0,12.0,12.0,21.0,10.0,1.0,0.0,1208.0334487656706,0.0,0.0,0.0,0.0,0.0,0.0,0.0,0.0,0.0,0.0,81.45718868701883,81.45718868701883,0.3399999999999999,0.7696610586770135,0.36028137401965945,81.45718868701883,0.35426478194388735,0.0,0.0011733333333333336 
 04/18  15:40:00,11.263333333333334,48.333333333333339,2.6433333333333337,183.5,268.1666666666667,0.0,0.0,0.0,0.0,0.0,0.0,0.0,0.0,0.0,0.0,400.0,0.0,1067.9671265937093,71.03674282562615,182.02994347913498,32.02276660653067,852.3363615682836,0.0,71.03674282562612,97.1126130758127,0.0,0.0,20.621785860268419,-672.8166141004313,21.7715719332424,-158.41870243168547,20.567704631265149,-272.51189119680387,20.145418884984396,271.14035054867238,17.224349901745755,47.969760733519709,21.140395231272906,-153.85185211749355,18.852313548528124,235.41232226609464,17.724116456822665,174.44341576377316,18.849343434562948,226.1232200779,481.78354339751606,-270.1899187008446,0.0,0.0,0.0,0.0,0.0,0.0,0.0,0.0,0.0,0.0,0.0,0.0,0.0,0.0,0.0,0.0,0.0,0.0,0.0,0.0,0.0,0.0,0.9689397413343635,0.2957691518114663,265.4301656458015,315.52408366982248,5590.957196253841,0.1737025902623891,0.02651138435018149,92.38940149143282,109.84846284116449,1906.63476517635,2.2970787320809356,0.43406627590342719,244.32172242840199,290.41896786223517,5135.67761020475,0.27502702752268856,0.0519703377782858,257.6093236831378,307.2616027030134,4866.9888418753,0.0,0.0,8.740006152233374,10.541963475567883,109.09421453534138,0.0,0.0,62.95176304427119,75.05769989313839,1204.3510817806433,0.0,0.0,200.97179247527539,240.55603127359667,3400.6179439389959,0.0,0.0,31.496374145854938,37.88887835880428,441.71260899518645,0.0,0.0,84.23232082555635,100.98326135293086,1349.443249588899,21.72525374173452,14.900722730956464,290.9919611775149,348.01779049138215,5451.489506204691,0.0,0.0,106.77061523238342,127.25032931829397,2074.026284045231,1357.461642833998,21.77832212177705,26.050211960490658,22.0,30.0,0.0,21.550038453024184,26.41570274988615,16.0,30.0,1256.5566698358173,21.64458057993349,26.261732950138247,21.5,30.0,0.0,20.652011353351118,27.940831192476595,16.0,30.0,0.0,17.384912141952236,34.67951536548205,12.0,30.0,0.0,20.766753367260514,27.968115210207274,19.0,30.0,0.0,19.633827963175539,29.954565558397225,10.0,30.0,0.0,18.162245516174069,32.93492894834193,16.0,30.0,0.0,19.175324938363415,30.89378178369848,16.0,30.0,0.0,19.914426035536616,0.0,0.0,0.0,20.90482410733025,0.0,0.0,505.47692128664178,505.59254247804668,504.9584903176693,507.2729702010457,528.5307689610756,521.3493207496365,518.8004397796549,523.9218848116129,522.9101441284385,10218.188717932535,81.24837369136562,84.8499191327034,60.0,0.0,60.0,60.0,16.0,16.0,19.0,16.0,16.0,12.0,21.0,10.0,1.0,0.0,1357.461642833998,0.0,1256.5566698358173,0.0,0.0,0.0,0.0,0.0,5450.318122099742,3270190.873259845,4238016.715502774,81.24837369136562,84.91108533060766,0.3516772707366581,0.7701857901694409,0.36028137401965956,84.91108533060766,0.3542647819438875,4238016.715502774,0.2215968692061443 
 04/18  15:50:00,11.306666666666667,48.166666666666667,2.6666666666666667,175.0,256.33333333333339,0.0,0.0,0.0,0.0,0.0,0.0,0.0,0.0,0.0,0.0,601.0,0.0,1009.9008129205117,67.81058878929615,173.76296208659839,30.281657809292445,805.9940525201068,0.0,67.81058878929612,92.70221591807499,0.0,0.0,20.494420037067,-224.5065465812903,21.707975609689045,-290.20647714558859,20.58074882557483,-504.48656557953509,20.22322269050286,266.43055650724446,17.26773694763964,46.042734422219158,21.169885101626034,-155.56846709547956,18.877089064130315,211.4311990823964,17.760779140188455,167.6789741070728,18.89602862972082,195.40903511910907,538.2840564834634,-244.34237688414553,0.0,0.0,0.0,0.0,0.0,0.0,0.0,0.0,0.0,0.0,0.0,0.0,0.0,0.0,0.0,0.0,0.0,0.0,0.0,0.0,0.0,0.0,0.9991296160690835,0.3049846202897083,250.70736127201315,298.60012330304127,5035.117937220944,0.16402553824989117,0.02503442280981247,173.78342678674205,206.80039477153785,3514.7156322392959,2.0983370617460719,0.39651116057182048,243.94123284094889,290.6474741018931,4936.319815036759,0.25035120368221988,0.047307483689006047,229.9539586238986,274.4960934628206,4377.460255139156,0.0,0.0,8.403901029307655,10.141203099454892,104.76382136041588,0.0,0.0,65.1124115951147,77.65867596018393,1246.4870923150173,0.0,0.0,189.16690551297726,226.56870815283637,3177.1453534997247,0.0,0.0,30.563110832228224,36.78214425660709,428.0128212952951,0.0,0.0,76.4084111159108,91.64257477015889,1223.6278256769127,21.530179893126197,14.766927224366406,396.7422207768019,474.3158167522237,7492.598941949993,0.0,0.0,98.18370585965029,117.07860731516408,1900.105116607151,591.6629095078027,21.34110223831948,26.742580205319379,21.33333333333335,30.00000000000002,0.0,21.411731846444949,26.600334066675523,16.000000000000015,30.00000000000002,1029.8995246239804,21.44486475716972,26.540731224114059,21.33333333333335,30.00000000000002,0.0,20.75337188783581,27.71285971258473,16.000000000000015,30.00000000000002,0.0,17.422269013672339,34.5338591312608,12.00000000000001,30.00000000000002,0.0,20.81900363214034,27.83370993537072,19.000000000000015,30.00000000000002,0.0,19.61380876897765,29.94986987335706,10.000000000000007,30.00000000000002,0.0,18.19760865786118,32.80746676631947,16.000000000000015,30.00000000000002,0.0,19.217598075070258,30.76446740258424,16.000000000000015,30.00000000000002,0.0,20.19611329634519,0.0,0.0,0.0,20.91384527597939,0.0,0.0,504.00517794534007,503.1117962663179,502.08276212036506,504.02950373224948,525.367290465905,518.6329590697087,516.4392892978301,521.0965159837099,520.2580704839902,4667.268041989563,82.36988671649752,82.36988671649752,60.00000000000004,0.0,60.00000000000004,60.00000000000004,16.0,16.0,19.0,16.0,16.0,12.0,21.0,10.0,1.0,0.0,591.6629095078027,0.0,1029.8995246239804,0.0,0.0,0.0,0.0,0.0,0.0,0.0,0.0,82.36988671649752,82.36988671649752,0.22666666666666686,0.46312636496641459,0.24018758267977323,82.36988671649752,0.23617652129592518,0.0,0.0012433333333333335 
 04/18  16:00:00,11.35,48.0,2.69,166.5,244.5,0.0,0.0,0.0,0.0,0.0,0.0,0.0,0.0,0.0,0.0,402.0,0.0,951.4186712280695,64.5660263286618,165.44881267174478,28.528080998054244,759.3198797731221,0.0,64.56602632866177,88.26665304868307,0.0,0.0,20.36289798886139,-238.1241002569668,21.6560743896625,-95.27710395927079,20.282550057843829,-246.83158063855536,20.22264076678578,245.68191479473809,17.31112631456825,45.84999375449445,21.17925090757093,-169.58334367718408,18.903413336329018,240.19064760428183,17.793026859374146,164.3570020751829,18.923334891860379,173.2455322384235,460.897138455407,-228.07442260952349,0.0,0.0,0.0,0.0,0.0,0.0,0.0,0.0,0.0,0.0,0.0,0.0,0.0,0.0,0.0,0.0,0.0,0.0,0.0,0.0,0.0,0.0,0.9944732438675001,0.3035632612538157,172.17193604379015,204.92373928121737,3390.9261687781729,0.18277106844260089,0.027895462216514179,57.1214883694256,68.01752145392634,1145.9189581279744,2.129036571947444,0.4023122773899177,233.77351115475615,278.54440026728687,4591.322413581852,0.2505822868112934,0.04735115019109851,232.4989092373014,277.3147900013172,4379.128988532179,0.0,0.0,8.612215910510955,10.384071499135083,107.27666526243653,0.0,0.0,65.50242363188065,78.07130469416795,1251.253490357915,0.0,0.0,187.10071253705747,223.93551928347967,3129.1279689511736,0.0,0.0,30.402468986850076,36.561633895784257,424.84926673145216,0.0,0.0,71.119353538853,85.23667412475678,1134.6639198294977,21.431393198886434,14.69917229004557,264.04441859330145,315.78168169531207,4943.6503369878059,0.0,0.0,92.3944436557315,110.11403022044698,1773.9457079057248,229.9573506607507,21.177186596070884,26.969445912544779,21.0,30.0,0.0,21.342238379059198,26.688798185562896,16.0,30.0,102.92512426791895,21.0327400459919,27.20030167912718,21.0,30.0,0.0,20.70742860608665,27.754232770928476,16.0,30.0,0.0,17.460976604242704,34.38483074471348,12.0,30.0,0.0,20.842419998084769,27.75783704637921,19.0,30.0,0.0,19.623543745055924,29.896663772949457,10.0,30.0,0.0,18.226392812534095,32.70054580970809,16.0,30.0,0.0,19.231050865232754,30.697553845407187,16.0,30.0,0.0,19.932480847552104,0.0,0.0,0.0,20.878911647398306,0.0,0.0,502.13347641190446,501.65046639684285,501.63579791969598,501.87514992872607,522.1573695257132,516.4741688388226,514.4953869873993,518.6319752102537,518.0029624802179,4369.334583957821,82.50649535743352,82.50649535743352,60.0,0.0,60.0,60.0,16.0,16.0,19.0,16.0,16.0,12.0,21.0,10.0,1.0,0.0,229.9573506607507,0.0,102.92512426791895,0.0,0.0,0.0,0.0,0.0,0.0,0.0,0.0,82.50649535743352,82.50649535743352,0.17,0.30835026372690046,0.18014068700982978,82.50649535743352,0.17713239097194376,0.0,0.0012666666666666669 
 04/18  16:10:00,11.293333333333333,48.166666666666667,2.7133333333333335,158.0,232.66666666666667,0.0,0.0,0.0,2.0,0.0,0.0,0.0,0.0,0.0,4.0,808.0,0.0,892.7618194191791,61.30449635730182,157.0911877251428,26.769265999938975,712.5062772187241,0.0,61.304496357301797,83.80789430574156,0.0,0.0,20.77996553923291,-667.6556704779648,21.72443729249879,25.144878025402478,20.950628911266,-1055.1186205462637,20.355929559153993,523.503697744354,17.348837788341407,44.66300232660784,21.305453716804214,-37.27216245090948,18.897264706879466,193.61524519851515,17.817327499856306,157.92847483598116,18.93861591168445,153.86528663288289,576.1779110721845,-210.39018269811869,0.0,0.0,0.0,0.0,0.0,0.0,0.0,0.0,0.0,0.0,0.0,0.0,0.0,0.0,0.0,0.0,0.0,0.0,0.0,0.0,0.0,0.0,1.0299995813604,0.31440768661794879,232.40299593462789,276.2381493654828,4910.690487172245,0.21726983657678385,0.0331608419683736,185.77815519907814,221.07378638390675,3800.356571021326,1.8771008196130748,0.3547053702972554,296.02063266669117,351.70292705903958,6355.996245302696,0.2742439498069541,0.0518223639090994,303.8472383171467,362.22032995303888,5911.514014063142,0.0,0.0,8.661166789727109,10.449355468589508,109.36933380299795,0.0,0.0,10.781194866482064,12.844651205522805,212.05339243170418,0.0,0.0,130.36775682996987,156.18411602951938,2181.046414194358,0.0,0.0,29.948796010143896,36.04348484706244,422.77813682560528,0.0,0.0,66.91595577028103,80.26424648945182,1074.7022941889418,22.040591944283969,15.117004077012329,473.1540174864652,565.0706313773998,9089.686216544631,0.0,0.0,87.62927581684574,104.53599472496652,1684.1830235672028,1212.8987592970228,21.798719372279085,26.016218421312169,21.75,30.0,0.0,21.47527003480864,26.460233448139559,16.0,30.0,908.1026795582918,21.985679950976715,26.281095687026914,21.5,30.0,0.0,20.941647523333047,27.758683726601669,16.0,30.0,0.0,17.489530647640217,34.26971733938635,12.0,30.0,0.0,21.066230935504945,28.95941903470799,19.0,30.0,0.0,19.569012589082214,29.90763002659632,10.0,30.0,0.0,18.24160383071627,32.629709571774558,16.0,30.0,0.0,19.228050471378887,30.660880864028518,16.0,30.0,0.0,20.376439111290546,0.0,0.0,0.0,20.832240261743999,0.0,0.0,505.0511754350276,500.91499868128246,539.502667255556,524.8854591346852,519.517704034103,609.5636624511851,509.35973906062056,516.5717060769844,515.6567214048246,7744.918071827844,81.22654622455015,83.20465177446347,1744.0,0.0,1744.0,1744.0,16.0,16.0,19.0,16.0,16.0,12.0,21.0,10.0,1.0,0.0,1212.8987592970228,0.0,908.1026795582918,0.0,0.0,0.0,0.0,0.0,2993.2065990997955,1795923.959459877,2338595.6218850805,81.22654622455015,83.23824657356076,0.26977355330332655,0.5763992306417922,0.27021103051474468,83.23824657356076,0.2656985864579156,2338595.6218850805,0.15910297233802415 
 04/18  16:20:00,11.236666666666669,48.33333333333333,2.736666666666667,149.5,220.83333333333335,0.0,0.0,0.0,2.0,0.0,0.0,0.0,0.0,0.0,4.0,406.0,0.0,834.1689729406096,58.02744908899436,148.69380355612618,25.012370603864797,665.7437613549191,0.0,58.02744908899433,79.32792224143279,0.0,0.0,20.178276202787609,115.70084351510377,21.76127946154839,-256.9364134448492,20.90327253566697,-738.7913255944095,20.536934683224055,341.49045554026727,17.387389191179694,39.41157374605032,21.487411596919978,-28.132171805655646,18.864124088254678,120.12177043106203,17.835717162371297,146.58792408982203,18.951107119253913,151.1806285629691,560.7893590708536,-192.75971625976605,0.0,0.0,0.0,0.0,0.0,0.0,0.0,0.0,0.0,0.0,0.0,0.0,0.0,0.0,0.0,0.0,0.0,0.0,0.0,0.0,0.0,0.0,1.1841880218574053,0.3614737551457281,272.54607331590776,324.69845012054716,5290.2831425301569,0.18890311102504737,0.02883136615156401,237.09791835394817,281.82279910168776,4868.021569664263,1.528009253597487,0.28873946591033408,273.37391096715796,324.88366006187069,5785.591837973058,0.2303660053738955,0.043530991189322649,271.94743302883509,323.8219763614468,5435.982964738696,0.0,0.0,7.5170743725270789,9.06381918786801,96.25101547306135,0.0,0.0,10.37577104030965,12.33647047226886,211.16288476881,0.0,0.0,119.89407977894197,143.58478978421165,1995.496127790832,0.0,0.0,28.36592945578245,34.110437820348938,404.05823574956608,0.0,0.0,66.00524397888859,79.1019617147843,1067.371115167764,22.075698107406354,15.141082378193662,496.3313012626644,592.3229936086345,9587.22117596575,0.0,0.0,86.55058450858077,103.1785707268449,1662.6929367195047,23.5681222446958,20.826618168008545,27.649284855555324,21.0,30.0,0.0,21.52387836614233,26.52606835201496,16.0,30.0,0.0,21.76343262820306,26.89231899507095,21.0,30.0,0.0,21.182791198946384,27.618328332501343,16.0,30.0,0.0,17.521306008598985,34.15473985029493,12.0,30.0,0.0,21.372646517109076,30.658562049408184,19.0,30.0,0.0,19.456317261344,30.15943962113934,10.0,30.0,0.0,18.24738691339933,32.58637487318332,16.0,30.0,0.0,19.225504227606103,30.63266033054022,16.0,30.0,0.0,20.44313532804179,0.0,0.0,0.0,20.76814875227811,0.0,0.0,507.305825344856,509.38561154710137,550.8118437955578,538.9063608999418,517.1314590505311,739.2640775643087,511.4602737923266,514.8594374405332,513.751824339762,4857.266811676142,81.47889778700696,81.47889778700696,1744.0,0.0,1744.0,1744.0,16.0,16.0,19.0,16.0,16.0,12.0,21.0,10.0,1.0,0.0,23.5681222446958,0.0,0.0,0.0,0.0,0.0,0.0,0.0,0.0,0.0,0.0,81.47889778700696,81.47889778700696,0.17,0.3094927117370637,0.18014068700982978,81.47889778700696,0.17713239097194376,0.0,0.03827111111111112 
 04/18  16:30:00,11.18,48.5,2.76,141.0,209.0,0.0,0.0,0.0,2.0,0.0,0.0,0.0,0.0,0.0,4.0,816.0,0.0,775.8759185252347,54.73632813242568,140.26035953578157,23.26446478089249,619.2205112848068,0.0,54.736328132425658,74.82871037827772,0.0,0.0,20.831312056148137,-638.8156973927153,21.683770677241556,34.274385501673808,21.007221232183598,-718.4285900892774,20.545554449165669,323.60832355189316,17.416771060232514,40.19582636137568,21.595846050734584,-48.039576725035079,18.8347694085127,223.97477544255208,17.845274834455155,143.489667465217,18.936755915223224,84.49932784984239,596.2415769125428,-152.45245248117068,0.0,0.0,0.0,0.0,0.0,0.0,0.0,0.0,0.0,0.0,0.0,0.0,0.0,0.0,0.0,0.0,0.0,0.0,0.0,0.0,0.0,0.0,1.1131837007190502,0.33979966444415457,278.2001011100771,330.7276801489097,5950.678153768793,0.22605589167914626,0.03450181496934467,228.63277070582667,272.2019247167794,4700.567279007199,1.796841175601736,0.3395391488287484,259.6651683031848,308.6056811686322,5585.907683706392,0.24367550398106214,0.046046013601863586,263.56933275271106,313.99149887740807,5275.161224917358,0.0,0.0,8.522796415274563,10.279276211390915,110.39709399655462,0.0,0.0,11.392007566999647,13.543267420225927,237.03428861092056,0.0,0.0,107.09693153050758,128.3370272774432,1782.8726973540457,0.0,0.0,28.101845000458206,33.816448126952867,402.94434936938606,0.0,0.0,46.76985648535819,56.08792055163557,756.5868534696211,22.459609001946686,15.404395748934629,483.5768489808729,577.3050315562632,9546.896023748472,0.0,0.0,65.7496239765133,78.43414436367348,1265.5086701834158,1144.9100398749397,21.817134731504667,26.27345599503179,21.75,30.0,0.0,21.43844352234051,26.820019188307375,16.0,30.0,0.0,21.85625507953833,26.97850367703651,21.0,30.0,0.0,21.147615051772328,28.032545137143996,16.0,30.0,0.0,17.537852542795723,34.12823570938349,12.0,30.0,0.0,21.545348881884377,31.615260083361336,19.0,30.0,0.0,19.40050443458057,30.34345402853799,10.0,30.0,0.0,18.238272720249605,32.68820146584244,16.0,30.0,0.0,19.17089160568892,30.78070253967725,16.0,30.0,0.0,20.5760814171772,0.0,0.0,0.0,20.73985736677641,0.0,0.0,521.2280249789859,518.0458057567072,564.0201876914493,556.556438492241,517.4028089105093,810.0299025083527,515.058388975056,518.7040465246646,515.8248220536368,6487.327758947806,81.97842066216912,81.97842066216912,1744.0,0.0,1744.0,1744.0,16.0,16.0,19.0,16.0,16.0,12.0,21.0,10.0,1.0,0.0,1144.9100398749397,0.0,0.0,0.0,0.0,0.0,0.0,0.0,0.0,0.0,0.0,81.97842066216912,81.97842066216912,0.255,0.5771095965842354,0.27021103051474468,81.97842066216912,0.2656985864579156,0.0,0.039046222222222228 
 04/18  16:40:00,11.123333333333333,48.666666666666667,2.783333333333333,129.66666666666667,211.83333333333335,0.0,0.0,0.0,2.0,0.0,0.0,0.0,0.0,0.0,4.0,410.0,0.0,737.5204738682655,50.9180632787603,130.47615998904284,22.114380772217979,588.6092799906436,0.0,50.91806327876028,69.6088528425066,0.0,0.0,20.246046149706765,117.45225501107234,21.738253919377948,-217.75953995232886,21.090129503742536,-741.0491004476899,20.595413596946036,336.96784271364779,17.453538715513259,36.92017935339409,21.688916352921095,-36.8979610045707,18.88101746485892,127.44251147257728,17.858574020645827,135.38527189338499,18.93631301450189,135.41640843754454,568.813427554307,-161.3758625079961,0.0,0.0,0.0,0.0,0.0,0.0,0.0,0.0,0.0,0.0,0.0,0.0,0.0,0.0,0.0,0.0,0.0,0.0,0.0,0.0,0.0,0.0,1.210947811545827,0.3696421891165529,273.11065889252856,325.3275332348959,5374.700185736592,0.20202496558648007,0.030834091206727727,236.23033990249804,280.7632430990058,4910.006897165931,1.4834984543628345,0.2803285061154261,271.4177732791404,322.20337915614268,5891.121013224626,0.22787551624521958,0.043060377219429239,269.1883436982562,320.35139624995659,5445.832057514848,0.0,0.0,7.5827863394561,9.140630251361822,99.53035909464902,0.0,0.0,10.74415602517098,12.75140674325969,227.8524395345063,0.0,0.0,115.85805359384182,138.73177194377008,1946.7557791363366,0.0,0.0,27.362352968141296,32.900581696953967,395.48666558296818,0.0,0.0,62.71360681248014,75.1448553592154,1020.6189887001449,22.503571337156303,15.434548242219691,493.55481152402248,588.6726789711692,9734.615992049701,0.0,0.0,82.55971795728218,98.44115366669232,1578.1450202140057,15.188317346894113,20.860519882462787,27.935679079288258,21.0,30.0,0.0,21.523681140592108,26.88705914295501,16.0,30.0,0.0,21.911678951095735,27.029375312183566,21.0,30.0,0.0,21.201090357436138,28.101652702857554,19.0,30.0,0.0,17.56798014164385,34.12050822383258,12.0,30.0,0.0,21.693943613831494,32.561627489629618,19.0,30.0,0.0,19.432007656676804,30.412658144699877,10.0,30.0,0.0,18.237575338013629,32.87123446244428,16.0,30.0,0.0,19.159714174821116,30.978044384820945,16.0,30.0,0.0,20.52273819840852,0.0,0.0,0.0,20.603767063002409,0.0,0.0,525.3669766606697,528.7548498548421,571.4903494826074,564.9299610341375,519.68775026052,875.7005543882908,521.412666936865,527.1350440310018,524.427888107924,5148.661789211335,81.12661983180476,81.12661983180476,1744.0,0.0,1744.0,1744.0,16.0,19.0,19.0,16.0,16.0,12.0,21.0,10.0,1.0,0.0,15.188317346894113,0.0,0.0,0.0,0.0,0.0,0.0,0.0,0.0,0.0,0.0,81.12661983180476,81.12661983180476,0.17,0.30975753022795718,0.18014068700982978,81.12661983180476,0.17713239097194376,0.0,0.039821333333333337 
 04/18  16:50:00,11.066666666666667,48.833333333333339,2.8066666666666668,118.33333333333334,214.66666666666667,0.0,0.0,0.0,2.0,0.0,0.0,0.0,0.0,0.0,4.0,824.0,0.0,697.476516019871,47.0224136100698,120.49366459389833,20.913667348388267,556.6504624757833,0.0,47.022413610069779,64.2832043976854,0.0,0.0,20.880679664645976,-610.1472115087195,21.673990106424193,39.50679755222154,21.15390613559814,-747.6342254462693,20.63879099323575,327.632650709656,17.483777351252948,37.69565566200485,21.750803068095885,-51.99750988402997,18.86379659892438,216.20966079867083,17.863546865145236,131.54726297095668,18.93809400850143,91.75468486451229,599.9163177916344,-132.69254059436453,0.0,0.0,0.0,0.0,0.0,0.0,0.0,0.0,0.0,0.0,0.0,0.0,0.0,0.0,0.0,0.0,0.0,0.0,0.0,0.0,0.0,0.0,1.1521773134082434,0.35170247662034295,273.95468754516897,325.62567501355349,5926.443609645346,0.23346081137654169,0.03563199196833664,224.3229527532315,267.0171798097821,4669.228744111724,1.7030662267135893,0.32181901487407219,265.33234122471057,315.22463416964475,5808.203542207027,0.24175397719711673,0.045682913302554178,266.83952675278746,317.7583347635125,5450.003880010834,0.0,0.0,8.462204307620468,10.203574638974175,112.37315314985597,0.0,0.0,11.270667370329847,13.38394294907987,242.2540258647768,0.0,0.0,111.11326835886257,133.14103862288583,1873.452581751985,0.0,0.0,27.851009523040444,33.51149820268173,404.8657324583791,0.0,0.0,51.73394897745377,62.04446690180822,845.8093100640509,22.896741384989114,15.704212198209273,482.9640687573533,576.4127556835996,9705.393377623035,0.0,0.0,71.1048917967596,84.87488897876416,1356.0893708507597,1110.4402097918656,21.82474934038519,26.62366088583032,21.75,30.0,0.0,21.451863574266896,27.179808883531324,16.0,30.0,0.0,21.94012657140067,27.21114618483331,21.0,30.0,0.0,21.24329153762819,28.269826970994776,19.0,30.0,0.0,17.586861940133436,34.18785446598005,12.0,30.0,0.0,21.786158805086744,33.110652424514359,19.0,30.0,0.0,19.39509347912687,30.70596222637988,10.0,30.0,0.0,18.222946213304984,33.117914869099369,16.0,30.0,0.0,19.142390307689455,31.186357826436649,16.0,30.0,0.0,20.625985217841824,0.0,0.0,0.0,20.52852086334256,0.0,0.0,540.8850635773422,538.1085986576138,583.7131210945157,577.2404228186208,524.3154615836429,913.0207568367381,531.9910817572169,536.8543501623032,532.7540205250077,6799.03250513666,82.01293594434512,83.71069655499247,1744.0,0.0,1744.0,1744.0,16.0,19.0,19.0,16.0,16.0,12.0,21.0,10.0,1.0,0.0,1110.4402097918656,0.0,0.0,0.0,0.0,0.0,0.0,0.0,2569.4217537561628,1541653.0522536976,2005141.9128849533,82.01293594434512,83.73953016633969,0.2556473917918721,0.5752121202560594,0.27021103051474468,83.73953016633969,0.2656985864579156,2005141.9128849533,0.14457315724779536 
 04/18  17:00:00,11.01,49.0,2.83,107.0,217.5,0.0,0.0,0.0,2.0,0.0,0.0,0.0,0.0,0.0,4.0,414.0,0.0,655.7220778757061,43.04936873587421,110.31284677320845,19.661665844352919,523.3265271142002,0.0,43.04936873587419,58.85175083924029,0.0,0.0,20.307819321165117,112.96556252366827,21.719412913054506,-198.24338519945332,21.23283532269987,-766.6323855680175,20.680113238037124,336.87617905854588,17.519927379324636,34.62857834927111,21.79730157569455,-39.48641911484913,18.913706794975128,121.91847539759601,17.87265836536131,124.6645318137567,18.94243986649515,125.25493735112923,576.2727872609758,-128.01116466853569,0.0,0.0,0.0,0.0,0.0,0.0,0.0,0.0,0.0,0.0,0.0,0.0,0.0,0.0,0.0,0.0,0.0,0.0,0.0,0.0,0.0,0.0,1.2449710659499116,0.3800277979090084,267.6501758894546,318.7565591225873,5339.546273890089,0.21151198481151904,0.03228204896390706,230.8426615467244,274.31467486798899,4854.345598428509,1.4053588834585105,0.2655629031478668,272.2293599993305,323.01209274381679,6017.145063389576,0.22565134182453309,0.04264008726843027,268.3779119132343,319.2391095208177,5535.03488516779,0.0,0.0,7.54428863706157,9.091355087994586,101.49628396036778,0.0,0.0,11.208145786504222,13.289409508804014,243.8794201979969,0.0,0.0,117.72087608050026,140.9411666495058,2005.3873037868612,0.0,0.0,27.37601467666787,32.91376848073638,400.9565857026772,0.0,0.0,64.97819823104452,77.85435846688091,1069.7690196588308,22.955957129002493,15.74482656310185,487.2657377753793,580.9797866636669,9792.054552894888,0.0,0.0,85.07417282262718,101.49614856645907,1611.4659645087286,2.055960847814328,20.88494611808335,28.273427137062538,21.0,30.0,0.0,21.528752925593133,27.239699438757435,16.0,30.0,0.0,22.003806380527757,27.243658459199396,21.0,30.0,0.0,21.287401469842466,28.343285085328369,19.0,30.0,0.0,17.617647929075664,34.292161012936038,12.0,30.0,0.0,21.863033052209237,33.68131234501765,19.0,30.0,0.0,19.43413579859871,30.811688437334405,10.0,30.0,0.0,18.219405783493899,33.40560960614124,16.0,30.0,0.0,19.140821119253248,31.467723849632134,16.0,30.0,0.0,20.57470117632923,0.0,0.0,0.0,20.397274659853083,0.0,0.0,544.7152987289437,547.8334673216074,590.9881612357925,584.8913744816309,531.5035267782,948.8637202332077,540.7016020350558,549.2987179329923,545.8494275714604,4368.857386437427,82.12350686313309,82.12350686313309,1744.0,0.0,1744.0,1744.0,16.0,19.0,19.0,16.0,16.0,12.0,21.0,10.0,1.0,0.0,2.055960847814328,0.0,0.0,0.0,0.0,0.0,0.0,0.0,0.0,0.0,0.0,82.12350686313309,82.12350686313309,0.17,0.3089658823700412,0.18014068700982978,82.12350686313309,0.17713239097194376,0.0,0.040790222222222238 
 04/18  17:10:00,10.908333333333335,49.333333333333339,2.79,95.66666666666666,220.33333333333335,0.0,4.0,0.0,0.0,0.0,0.0,0.0,0.0,0.0,0.0,832.0,0.0,612.2259911108323,38.998814464891,99.93341397100807,18.357441702022244,488.61259889556109,0.0,38.998814464890987,53.31433605903065,0.0,0.0,20.879516037946219,-557.4575501568461,21.646777118344937,-37.97721042595822,20.86514527787537,-120.7689216026123,20.74470509104152,-21.16425266540564,17.555871002094585,43.8100949367832,21.60949865730357,-337.5649174407944,19.083598614378418,348.11937450044777,17.881652721331187,130.57743812779214,18.973091055931165,165.31768450979224,535.3034646178078,-116.66025696294116,0.0,0.0,0.0,0.0,0.0,0.0,0.0,0.0,0.0,0.0,0.0,0.0,0.0,0.0,0.0,0.0,0.0,0.0,0.0,0.0,0.0,0.0,1.1319154299016239,0.3455175304950012,366.66268139780569,436.15034885179809,7958.965153698226,0.2196656944968149,0.033526510149086519,184.49493886262486,219.60994998999929,3899.0716981485477,1.935900683545471,0.3658164556964232,155.32726747576536,184.99102800190176,3334.452259136458,0.21817337079572825,0.04122701640130918,12.199863534520223,14.527860293402278,258.340909766703,0.0,0.0,9.736195199133153,11.738484878008955,133.60171272297468,0.0,0.0,88.34337820217033,105.07725720877721,1884.2705616379124,0.0,0.0,226.24763586221614,270.6726215416411,4052.641183768742,0.0,0.0,31.01971866901573,37.31722232877562,460.6056234252221,0.0,0.0,91.4573173246769,109.63790271408905,1532.8708396195926,23.342822402092567,16.010166256579269,326.1157386082177,389.6969785193014,6671.163343309057,0.0,0.0,114.59732025372915,136.85878441311997,2167.0318990897169,893.119688878558,21.62861296024306,27.266458618195708,21.5,30.0,0.0,21.447963347350006,27.60349253177013,16.0,30.0,0.0,21.434905563776966,27.64532855418642,21.0,30.0,0.0,21.281396025072327,31.664865770635495,19.0,30.0,0.0,17.64983548083196,34.75924609997222,12.0,30.0,0.0,21.52575117093712,29.709638143443976,16.0,30.0,0.0,19.771409492904718,32.18417583246945,10.0,30.0,0.0,18.218294858538493,33.985352294221659,16.0,30.0,0.0,19.186026574509826,32.20426558418286,16.0,30.0,0.0,20.350310027858578,0.0,0.0,0.0,20.278758623479438,0.0,0.0,557.8327746089996,560.0380875049026,561.2247511671529,772.5938539702876,554.7533259111845,687.3955794694582,640.7392609756198,574.9827143039402,585.1908931448746,5214.386680056272,80.92995432595969,82.69347068243147,162.0,0.0,162.0,162.0,16.0,19.0,16.0,16.0,16.0,12.0,21.0,10.0,1.0,0.0,893.119688878558,0.0,0.0,0.0,0.0,0.0,0.0,0.0,2668.8357508135538,1601301.4504881323,2073105.563058274,80.92995432595969,82.72342104463688,0.17396119169378514,0.3841905483372101,0.18014068700982978,82.72342104463688,0.17713239097194376,2073105.563058274,0.11163548927903028 
 04/18  17:20:00,10.806666666666669,49.66666666666667,2.75,84.33333333333333,223.16666666666669,0.0,4.0,0.0,0.0,0.0,0.0,0.0,0.0,0.0,0.0,418.0,0.0,566.9464391900913,34.87038830415366,89.35443737705177,16.999741083034203,452.4753045987383,0.0,34.870388304153639,47.67046450168895,0.0,0.0,20.671855155789357,-346.8316192802122,21.586328241653605,-286.65132659871485,20.93904534685811,-179.9607556279036,20.74600423565856,-35.57955630935331,17.598467816050119,40.580231844781028,21.383988037324973,-212.34307391590893,19.158072190497778,182.26523147174385,17.902347492903567,128.66936305004357,19.02247078737419,161.07354656945314,485.5599734809284,-77.37281760810629,0.0,0.0,0.0,0.0,0.0,0.0,0.0,0.0,0.0,0.0,0.0,0.0,0.0,0.0,0.0,0.0,0.0,0.0,0.0,0.0,0.0,0.0,1.1470305594154962,0.35013142839300867,293.35379880816415,348.52612658251567,6325.988263720446,0.19013924311299139,0.02902003100015131,172.66273212982558,205.23875537313143,3625.966942028016,2.1866800175659635,0.41320484080989497,97.6877939467236,116.05391876601303,2160.5044775689027,0.1488239133516347,0.028122432606129,12.765684720108828,15.146854606127821,270.1603474406392,0.0,0.0,8.767701356254591,10.559607835590777,122.88344694762233,0.0,0.0,76.63785529960919,91.17940308416783,1601.5412566259238,0.0,0.0,217.2555120363472,259.71990691157728,3954.9476022990577,0.0,0.0,31.89337811849634,38.33093628281348,481.4661613903771,0.0,0.0,97.30981442839847,116.54270355615883,1664.4617081144893,23.4385040964943,16.075791561381558,254.62410299003376,304.0342535104925,5164.523783325361,0.0,0.0,121.70960399624701,145.29265864269744,2308.1028287958044,789.9066710973959,21.368443565002865,27.718091163822018,21.5,30.0,0.0,21.351364223070598,27.660850016934977,16.0,30.0,931.8133969449551,21.564856659470715,27.81759586073195,21.5,30.0,0.0,21.240188691928254,36.19695611621371,19.0,30.0,0.0,17.693072672111744,35.37300941422484,12.0,30.0,0.0,21.206487901799414,29.16785404700432,16.0,30.0,0.0,19.817442439924109,31.479969500929618,10.0,30.0,0.0,18.2388966528097,34.852352679535517,16.0,30.0,0.0,19.260458821264764,32.835385626342937,16.0,30.0,0.0,20.041588834741796,0.0,0.0,0.0,20.198727746234348,0.0,0.0,557.975743750932,553.9970242302638,583.6537597993245,1026.1678107822873,585.510366599408,625.3003215744222,610.1899982830621,615.875354034416,622.5888179250185,8638.279707504105,82.2929282439473,85.75580246625953,162.0,0.0,162.0,162.0,16.0,19.0,16.0,16.0,16.0,12.0,21.0,10.0,1.0,0.0,789.9066710973959,0.0,931.8133969449551,0.0,0.0,0.0,0.0,0.0,5240.674250424419,3144404.550254652,4091912.3443367697,82.2929282439473,85.81461356650788,0.344689141680814,0.7673257728965584,0.36028137401965956,85.81461356650788,0.3542647819438875,4091912.3443367697,0.21660444190551207 
 04/18  17:30:00,10.705,50.0,2.71,73.0,226.0,0.0,4.0,0.0,0.0,0.0,0.0,0.0,0.0,0.0,0.0,418.0,0.0,519.7127435626358,30.711252922625275,78.6967687399839,15.583446290020677,414.77842766466247,0.0,30.711252922625257,41.98461111131388,0.0,0.0,20.662336251903754,-23.90876852276142,21.530964534630308,-25.50599140376289,20.831333378104917,-236.38192920897496,20.756259578178729,-29.819217155833657,17.633795938469448,39.680057755871988,21.271590983961425,-161.1240970590477,19.163478463720389,198.65802579188586,17.911815667920409,120.85302476160962,19.040184229064708,132.64681492035857,532.2985870361276,-42.191395172431388,0.0,0.0,0.0,0.0,0.0,0.0,0.0,0.0,0.0,0.0,0.0,0.0,0.0,0.0,0.0,0.0,0.0,0.0,0.0,0.0,0.0,0.0,1.1770989445373617,0.35930981212984178,280.1418183391402,333.3752575401187,5874.078528908371,0.23593086454296056,0.036008984209853569,163.62856980577289,194.6617618102785,3497.814271428461,1.9840892611504666,0.3749223849490679,115.74236220799293,137.59190099214249,2482.2300488098178,0.16353891133676549,0.03090304447028825,10.934965011482908,12.970917440537918,234.28867065636079,0.0,0.0,8.687351421982936,10.460231260781706,124.07949469553833,0.0,0.0,65.67128699737489,78.15584205534035,1369.3620816707763,0.0,0.0,209.6726954163778,250.68157314903278,3846.956191419594,0.0,0.0,32.01696101763383,38.479646988525967,489.9156349484257,0.0,0.0,93.81705975349736,112.36857158206934,1626.541583841194,24.254222456320425,16.635269174431025,230.09980156614513,274.682007765939,4847.64309218856,0.0,0.0,118.26958878110227,141.2507556425946,2247.369823413373,0.0,21.114435875192027,28.31757495733905,21.0,30.0,0.0,21.341727951402448,27.9712753976034,16.0,30.0,0.0,21.32304411465048,28.343710772892054,21.0,30.0,0.0,21.2282047621434,38.75691718749627,19.0,30.0,0.0,17.723600548931367,35.504485199726527,12.0,30.0,0.0,21.080951458763303,29.05621172746113,16.0,30.0,0.0,19.789099219475348,31.36773518706932,10.0,30.0,0.0,18.238878784340927,34.832506618868737,16.0,30.0,0.0,19.274213395973115,32.61102060532889,16.0,30.0,0.0,20.18940337070339,0.0,0.0,0.0,20.11199118067922,0.0,0.0,568.1429321254759,570.8422575182267,589.919237427791,1171.3754993629894,593.9547195912337,606.5988049118705,601.3506636050527,614.5343692936589,612.5911107146047,0.0,80.15147552988812,80.15147552988812,162.0,0.0,162.0,162.0,16.0,19.0,16.0,16.0,16.0,12.0,21.0,10.0,1.0,0.0,0.0,0.0,0.0,0.0,0.0,0.0,0.0,0.0,0.0,0.0,0.0,80.15147552988812,80.15147552988812,0.0,0.0,0.0,80.15147552988812,0.0,0.0,0.0038160000000000005 
 04/18  17:40:00,10.603333333333334,50.333333333333339,2.67,65.0,219.0,0.0,4.0,0.0,0.0,0.0,0.0,0.0,0.0,0.0,0.0,630.0,0.0,467.5810491587563,27.41358531038774,70.2465706787896,14.02028873492476,373.1725247818638,0.0,27.413585310387729,37.4764494735264,0.0,0.0,21.042880614670638,-461.0470657888886,21.466232730780626,-32.93655598729386,21.04787146490103,-371.0674559646527,20.766561141629717,-38.96855870465138,17.662920330952646,37.11250798198865,21.174200774635425,-171.86211759439278,19.163534415106839,206.26317964866684,17.916312710925497,112.89228399307885,19.033942563773939,98.59139981462757,459.2690613533175,-38.13234520422296,0.0,0.0,0.0,0.0,0.0,0.0,0.0,0.0,0.0,0.0,0.0,0.0,0.0,0.0,0.0,0.0,0.0,0.0,0.0,0.0,0.0,0.0,1.170932227914791,0.35742741999841029,247.27484205508925,293.75589942358399,5525.984034636156,0.24378912126005868,0.03720835184066833,169.51281950428032,201.5692703564441,3642.396536034522,2.016212094153973,0.38099245921276939,98.36593257441895,116.8632770158942,2226.7266760756049,0.13366264812800766,0.025257492087680978,17.217481984974737,20.470559143185768,369.43680483634798,0.0,0.0,8.737652743124123,10.524397503110525,126.97589572545023,0.0,0.0,68.52035784899782,81.63350736816575,1427.6688544920788,0.0,0.0,197.21917092498797,235.92215041988269,3647.247551246398,0.0,0.0,31.151150632136529,37.46016493285077,482.570108750897,0.0,0.0,79.264224321514,94.98906479324795,1386.26204862236,24.348692554102735,16.70006348018022,200.29525286077218,239.34453503284647,4239.231542378058,0.0,0.0,102.6130444431229,122.66895643257331,1942.0517404424005,1044.8621767196924,21.70654025419292,27.659049227638165,21.666666666666687,30.00000000000002,0.0,21.25457602275925,28.209235598037176,21.000000000000015,30.00000000000002,1250.9398819834876,21.708053454987657,28.239003096671448,21.666666666666687,30.00000000000002,0.0,21.220712758140214,38.80467697607951,19.000000000000015,30.00000000000002,0.0,17.74546594931637,35.528224663825159,12.00000000000001,30.00000000000002,0.0,20.967138188129299,29.167986167029686,16.000000000000015,30.00000000000002,0.0,19.760377428138577,31.386866092867757,10.000000000000007,30.00000000000002,0.0,18.2314318778685,34.6966176095627,16.000000000000015,30.00000000000002,0.0,19.2480206206001,32.52454006400489,16.000000000000015,30.00000000000002,0.0,19.85440798715733,0.0,0.0,0.0,19.969878757089729,0.0,0.0,588.1385075813334,575.8570548272468,622.0882731389252,1174.0413970613379,596.8940986744844,601.474379857915,599.430007773303,607.3233015649973,605.579061229864,8111.119060427229,82.6416035451541,82.6416035451541,162.0000000000001,0.0,162.0000000000001,162.0000000000001,21.0,19.0,16.0,16.0,16.0,12.0,21.0,10.0,1.0,0.0,1044.8621767196924,0.0,1250.9398819834876,0.0,0.0,0.0,0.0,0.0,0.0,0.0,0.0,82.6416035451541,82.6416035451541,0.3400000000000003,0.7681648804034749,0.3602813740196598,82.6416035451541,0.3542647819438878,0.0,0.0038069999999999998 
 04/18  17:50:00,10.501666666666667,50.666666666666667,2.63,57.0,212.0,0.0,4.0,0.0,0.0,0.0,0.0,0.0,0.0,0.0,0.0,840.0,0.0,452.0250200876145,25.141663282615864,64.42479039443542,13.553833602301676,360.7572585797576,0.0,25.14166328261585,34.37055981635262,0.0,0.0,20.756387599279983,-97.78887408789729,21.515764416916065,-144.92785670494633,20.830278247974439,-260.6044267578103,20.782145879727318,-50.91277420021149,17.696667970926755,35.557604395334028,21.091182795034159,-145.14173528051425,19.204900023889928,154.46719699691904,17.917516503684305,106.70863950400087,19.023733663471547,99.32466164072753,434.9143431137802,-7.158184288521397,0.0,0.0,0.0,0.0,0.0,0.0,0.0,0.0,0.0,0.0,0.0,0.0,0.0,0.0,0.0,0.0,0.0,0.0,0.0,0.0,0.0,0.0,1.1848357698588093,0.361671480420882,195.03776791239319,232.2680509273091,4233.765408926066,0.23271265467312064,0.03551780443728947,107.46603558747313,127.96127546964837,2345.4926900464736,2.057343030644072,0.38876474501966609,90.02781016608575,107.1829745782038,2010.7168183689753,0.13427934096592399,0.025374025125835969,16.25894154479495,19.315518416187304,352.46365293269238,0.0,0.0,8.532439913052855,10.280672014971046,126.17279102319999,0.0,0.0,63.55912412056305,75.7696891640224,1326.4660861723192,0.0,0.0,202.58369719420598,242.40352173321078,3797.2423923594326,0.0,0.0,31.580684006000828,37.99027700489706,494.90813197982728,0.0,0.0,87.94078788946197,105.42543822844708,1551.254613854329,24.728582733927629,16.960619159072455,144.94170124645417,173.50437449530996,3170.38304959513,0.0,0.0,111.91814062600438,133.87960463277566,2116.144092402869,0.0,21.24484138772278,28.57853844567862,21.0,30.0,0.0,21.368951122428997,28.354506796043027,21.0,30.0,0.0,21.35050512693568,28.934195127569646,21.0,30.0,0.0,21.222253184146174,39.647638133773437,19.0,30.0,0.0,17.77143643236745,35.500124893788719,12.0,30.0,0.0,20.87980533648318,29.291655379768338,16.0,30.0,0.0,19.78545826078301,31.3297107138272,10.0,30.0,0.0,18.218793556578029,34.62012186198348,16.0,30.0,0.0,19.220824972259807,32.49356566701406,16.0,30.0,0.0,19.741295765216166,0.0,0.0,0.0,19.856218062010986,0.0,0.0,595.7173416758062,595.4422829154767,626.135557098426,1222.8797444407249,597.9976825755296,599.6166511650579,599.0051353743938,602.427204702784,601.2697673788572,0.0,80.73933319750258,80.73933319750258,162.0,0.0,162.0,162.0,21.0,19.0,16.0,16.0,16.0,12.0,21.0,10.0,1.0,0.0,0.0,0.0,0.0,0.0,0.0,0.0,0.0,0.0,0.0,0.0,0.0,80.73933319750258,80.73933319750258,0.0,0.0,0.0,80.73933319750258,0.0,0.0,0.0038249999999999996 
 04/18  18:00:00,10.4,51.0,2.59,49.0,205.0,0.0,4.0,0.0,0.0,0.0,0.0,0.0,0.0,0.0,0.0,210.0,0.0,398.42761575746979,21.7114338994663,55.63491517242023,11.94672822692989,317.98159670334356,0.0,21.71143389946629,29.681176187590343,0.0,0.0,20.588419013556974,15.357576133340445,21.298162879974894,-306.5883505285792,20.622783649518067,-127.59636165956272,20.77767553392878,-68.84720235604687,17.728554453887179,32.88153613849448,21.004895799898848,-138.46170527021378,19.14633715648211,150.80079555714929,17.9155512484878,103.36162009127748,19.00962782570327,91.17267366962506,436.72315934737255,9.799730788919078,0.0,0.0,0.0,0.0,0.0,0.0,0.0,0.0,0.0,0.0,0.0,0.0,0.0,0.0,0.0,0.0,0.0,0.0,0.0,0.0,0.0,0.0,1.1795987089152574,0.3600728659692483,184.21208678700777,218.8906925176491,3946.5736572153534,0.21506669085147168,0.032824586515792387,112.05944328299762,133.17166376627427,2388.9505397518307,2.150876964729961,0.4064393357388439,58.45979498827337,69.43042393930134,1290.8411907387729,0.09035292955495718,0.017073493869039524,21.20606734249246,25.12278548834144,461.2729655974911,0.0,0.0,8.228565298112887,9.886101769357812,123.89518926988323,0.0,0.0,63.86642119027502,75.95145957534807,1334.8234517547326,0.0,0.0,194.4003360775716,232.07745902008896,3635.2832969508287,0.0,0.0,31.038358177063477,37.23908191749481,491.9519997900013,0.0,0.0,82.86743157811321,99.08690233585887,1474.0391533231028,24.76552019701408,16.985953495894436,137.5749045772843,164.34714504773047,2974.8350983617149,0.0,0.0,106.67065244688594,127.31928511059857,2010.0490018773183,149.8747997809624,21.005170125471805,29.360047538660134,21.0,30.0,14.18414795679209,21.000179903457256,28.93426257316999,21.0,30.0,294.7224452896479,21.00928385591202,31.30622339138136,21.0,30.0,0.0,21.193612687473139,38.40116034027557,19.0,30.0,0.0,17.80016222219788,35.45684785626099,12.0,30.0,0.0,20.78621337754697,29.466724660299144,16.0,30.0,0.0,19.65470065930278,31.629095951178493,10.0,30.0,0.0,18.201866439665495,34.58893734670854,16.0,30.0,0.0,19.188224047054115,32.51920483590715,16.0,30.0,0.0,19.49155214550646,0.0,0.0,0.0,19.71455034311467,0.0,0.0,615.9250402061828,591.6116540967394,725.3650581958843,1148.8203114593692,598.7313173708463,599.9420768498402,601.3007467459635,599.2254182224551,599.2483793960765,4627.806912862568,84.94382997072457,84.94382997072457,162.0,0.0,162.0,162.0,21.0,19.0,16.0,16.0,16.0,12.0,21.0,10.0,1.0,0.0,149.8747997809624,14.18414795679209,294.7224452896479,0.0,0.0,0.0,0.0,0.0,0.0,0.0,0.0,84.94382997072457,84.94382997072457,0.34,0.6200471072837283,0.36028137401965956,84.94382997072457,0.3542647819438875,0.0,0.0038429999999999998 
 04/18  18:10:00,10.168333333333335,51.83333333333333,2.51,41.0,198.0,0.0,0.0,0.0,0.0,0.0,0.0,4.0,0.0,0.0,0.0,844.0,0.0,345.8493648111406,18.255164183130053,46.77831564852206,10.3701820078931,276.01931396204818,0.0,18.25516418313004,24.956193449120418,0.0,0.0,21.152038178300587,-270.52425375995997,21.85774769985369,-31.66878352373263,21.219992099967749,-1125.0039384077318,20.687264009715216,217.41195820548229,17.754087584651218,33.20782907522471,20.931509276793748,-131.03897841393553,19.20182502624101,211.45274167606045,17.911909381569733,92.9994975465707,18.99630141622689,74.55827224027462,587.9420062694539,35.51311179057325,0.0,0.0,0.0,0.0,0.0,0.0,0.0,0.0,0.0,0.0,0.0,0.0,0.0,0.0,0.0,0.0,0.0,0.0,0.0,0.0,0.0,0.0,1.14941135736261,0.3508581676931044,192.15778885539678,228.1438325638968,4553.671971035719,0.2283432200194811,0.034850918806392117,12.09142196169013,14.350708288816613,291.38557907834038,1.7944598044989955,0.33908915428930389,383.42097493588229,455.21438963591216,9028.006607262301,0.2564093668930591,0.048452261317660439,306.5068186151126,364.93649392940019,6733.228480303797,0.0,0.0,8.785605337120839,10.58308361043224,136.6307268237214,0.0,0.0,60.44554394388871,72.09811916061463,1285.0906012327578,0.0,0.0,210.01214047839614,251.2455581378132,4064.9915828131854,0.0,0.0,32.09023127390093,38.60392729690054,522.4043981743347,0.0,0.0,93.29991465980028,111.8388415526436,1697.7003627208142,26.172477603729484,17.95094485852503,365.0432202731372,435.8600229998267,8006.448472374346,0.0,0.0,117.11337503285046,140.17670131557254,2233.7528247525085,827.9218255574459,21.907872928936237,30.891224719425368,21.75,30.0,611.910518534158,21.977667247280296,30.295329008277287,21.75,30.0,1660.1114277482523,21.876116496981056,32.656759674011009,21.5,30.0,0.0,21.10196178783672,33.16740155207786,16.0,30.0,0.0,17.815716062821829,35.5173125540646,12.0,30.0,0.0,20.735569271289284,29.8603571095612,16.0,30.0,0.0,19.7506829877225,32.388837920861018,10.0,30.0,0.0,18.1849609922104,34.670841663867289,16.0,30.0,0.0,19.16205155259764,32.699194531433438,16.0,30.0,0.0,20.242904559190309,0.0,0.0,0.0,19.59413387926705,0.0,0.0,800.6421914128873,776.934861455336,901.6222648373565,842.0999949450389,603.0023033865946,616.5117459965717,650.5748550199578,601.3104382253899,605.5493740705549,7152.351021149793,82.36608470455346,85.93720778926141,240.0,0.0,240.0,240.0,21.0,16.0,16.0,16.0,16.0,12.0,21.0,10.0,1.0,0.0,827.9218255574459,611.910518534158,1660.1114277482523,0.0,0.0,0.0,0.0,0.0,5404.324884131318,3242594.9304787905,4247496.134998802,82.36608470455346,85.99785731455479,0.26514416280437727,0.5723419623751873,0.27021103051474468,85.99785731455479,0.2656985864579156,4247496.134998802,0.22658979901993768 
 04/18  18:20:00,9.936666666666668,52.66666666666667,2.43,33.0,191.0,0.0,0.0,0.0,0.0,0.0,0.0,4.0,0.0,0.0,0.0,636.0,0.0,294.6262522242015,14.774912075408125,37.860265254262248,8.834269288250767,235.13855635220075,0.0,14.774912075408118,20.198424963407164,0.0,0.0,20.942152854821999,-179.77728065859166,21.97646193001934,-104.79775239505315,21.128312424873074,-1035.4375979358147,20.686611434382848,169.71155739614,17.782981484120847,30.71929108982572,20.86040374123477,-99.26100616396673,19.23056857423621,130.55225611663986,17.906092145811635,89.87804596146957,18.98201429679542,74.47710643159565,615.2251117847745,78.64056738747783,0.0,0.0,0.0,0.0,0.0,0.0,0.0,0.0,0.0,0.0,0.0,0.0,0.0,0.0,0.0,0.0,0.0,0.0,0.0,0.0,0.0,0.0,1.2511977786193103,0.38192850385204826,200.7867480924134,238.36255204422748,4701.291503309401,0.10650295350747652,0.016255029534108135,25.004813326430197,29.59953619601036,615.2768466212493,2.012856999174275,0.380358465452433,423.5713352920232,502.7814462817988,10060.11022859783,0.2647036455242723,0.05001958532204688,274.4853887415655,326.55701286428657,6172.793644831438,0.0,0.0,8.179057530587855,9.849796144218346,131.42350581158295,0.0,0.0,59.0565724394548,70.41094674896398,1277.9136904438479,0.0,0.0,211.43236238832146,252.9002961621872,4191.4172751080409,0.0,0.0,32.54652860138615,39.146891898322639,544.0195736358517,0.0,0.0,101.18590445980353,121.29263157254226,1884.1381224452803,26.671990070551688,18.293546001750128,418.04387483416516,498.7102054802763,9222.599311731896,0.0,0.0,125.7993393762141,150.6029721240522,2433.0170961787446,460.48581540457936,21.47659934156981,31.83341520411145,21.333333333333326,29.99999999999999,0.0,22.18713364197953,33.67863873691657,20.999999999999994,29.99999999999999,1678.0743991282184,21.652383505207543,30.808176305815814,21.666666666666658,29.99999999999999,0.0,21.116779165747688,33.225914731038958,15.999999999999993,29.99999999999999,0.0,17.839447656109724,35.887682029168207,11.999999999999995,29.99999999999999,0.0,20.69042845928261,30.848559877259775,15.999999999999993,29.99999999999999,0.0,19.75303679534455,32.85915312945091,9.999999999999997,29.99999999999999,0.0,18.167139106267695,35.356129346670829,15.999999999999993,29.99999999999999,0.0,19.138534477439366,33.50382470844039,15.999999999999993,29.99999999999999,0.0,20.22222384651972,0.0,0.0,0.0,19.492944709400505,0.0,0.0,806.5202552889198,990.1198131613717,766.6681875128179,845.8174931562528,622.3740382048584,666.0482324201856,674.9985519147396,631.6445227035434,643.3009394004678,7594.07386393852,82.98339944725989,82.98339944725989,239.99999999999992,0.0,239.99999999999992,239.99999999999992,21.0,16.0,16.0,16.0,16.0,12.0,21.0,10.0,1.0,0.0,460.48581540457936,0.0,1678.0743991282184,0.0,0.0,0.0,0.0,0.0,0.0,0.0,0.0,82.98339944725989,82.98339944725989,0.3399999999999999,0.7692448286790561,0.36028137401965945,82.98339944725989,0.35426478194388735,0.0,0.005773333333333334 
 04/18  18:30:00,9.705,53.5,2.3499999999999998,25.0,184.0,0.0,0.0,0.0,0.0,0.0,0.0,4.0,0.0,0.0,0.0,636.0,0.0,239.46319489367625,11.27247134750787,28.88536048882823,7.180219797841744,191.11337687620057,0.0,11.272471347507866,15.410322951685359,0.0,0.0,20.684090780016147,-172.04965498963515,21.989873887520259,-146.0693353696304,20.808144491479326,-271.1036173892822,20.6214936383095,87.23874486636203,17.80662202981078,28.26950062669642,20.794328141232186,-90.75808570715189,19.196212561596025,143.60608861101833,17.89469328602977,80.92236564079187,18.95830685292274,52.8552910324124,568.434145242011,108.10694600044306,0.0,0.0,0.0,0.0,0.0,0.0,0.0,0.0,0.0,0.0,0.0,0.0,0.0,0.0,0.0,0.0,0.0,0.0,0.0,0.0,0.0,0.0,1.271859101962177,0.3882353791093336,230.12570388539442,274.0577946521054,5292.264067446327,0.031148098775141389,0.004753983329539282,35.05885867012403,41.522362623201818,877.8120901607758,2.369578583070444,0.44776617215994787,290.4241490078007,345.60388987128177,6797.650110481758,0.2705993802994898,0.051133669746691177,110.43652450123168,131.4338955826527,2522.147353440797,0.0,0.0,7.945785379593169,9.567024884341853,131.66149158954608,0.0,0.0,58.20472139100612,69.3835849683308,1282.3811008199562,0.0,0.0,210.85316915604452,252.25895541822423,4245.35709261515,0.0,0.0,32.93301892073995,39.61161681991669,564.1435274180661,0.0,0.0,102.08844127367193,122.39761368687764,1940.7862848957826,27.123310393745358,18.603093548522194,287.556208191077,343.55974009372258,6573.924365984754,0.0,0.0,127.14153903255812,152.2903426293731,2484.54368207361,31.64687201248622,21.089475838956785,32.63108944724158,20.999999999999994,29.99999999999999,0.0,22.220172462994609,34.83785206855927,20.999999999999994,29.99999999999999,22.252963616706436,21.277476188115388,31.66384498321046,20.999999999999994,29.99999999999999,0.0,21.016969823472097,32.69625995656075,15.999999999999993,29.99999999999999,0.0,17.855138622450668,36.388801607382898,11.999999999999995,29.99999999999999,0.0,20.653769862193728,31.85992975167629,15.999999999999993,29.99999999999999,0.0,19.67279215904524,33.80145882187179,9.999999999999997,29.99999999999999,0.0,18.13912885907863,36.38881837221911,15.999999999999993,29.99999999999999,0.0,19.097763761372247,34.51589239175489,15.999999999999993,29.99999999999999,0.0,19.977608930249344,0.0,0.0,0.0,19.353634216893199,0.0,0.0,805.5011509528903,1050.0682920175964,773.2906687814887,802.2488451336731,646.9436108500918,716.31208446921,714.4100321372845,677.0377297751365,689.2739075064183,2437.453443388081,83.50661117169708,83.50661117169708,239.99999999999992,0.0,239.99999999999992,239.99999999999992,21.0,16.0,16.0,16.0,16.0,12.0,21.0,10.0,1.0,0.0,31.64687201248622,0.0,22.252963616706436,0.0,0.0,0.0,0.0,0.0,0.0,0.0,0.0,83.50661117169708,83.50661117169708,0.1133333333333333,0.20510205563931839,0.12009379133988647,83.50661117169708,0.11808826064796245,0.0,0.0058266666666666679 
 04/18  18:40:00,9.473333333333333,54.33333333333333,2.27,20.833333333333337,153.33333333333335,0.0,0.0,0.0,0.0,0.0,0.0,4.0,0.0,0.0,0.0,1704.0,0.0,172.03966137854696,9.103773432077756,23.32811782869147,5.1585494825949349,137.30328108229265,0.0,9.10377343207775,12.445548481993447,0.0,0.0,21.024241446352574,-282.85294963996469,21.972388422410434,-152.5744638988847,21.050386821130318,-665.8214115947443,20.60633062748,276.9062861165055,17.826648860101537,27.66579446349332,20.707137040146806,-93.76889853204369,19.2159698694285,173.76374072135219,18.893517697578447,-6.00464837757054,18.930144739912707,41.193498753623149,583.8291289566403,135.87363189912038,0.0,0.0,0.0,0.0,0.0,0.0,0.0,0.0,0.0,0.0,0.0,0.0,0.0,0.0,0.0,0.0,0.0,0.0,0.0,0.0,0.0,0.0,1.2516105511100187,0.3820545027808361,113.52744775684823,135.0074446217214,2786.0219198573079,0.05949155415243444,0.009079907532422839,31.737764974624704,37.6298328072148,810.2804324894603,2.2018489524391215,0.4160712306196377,235.3797661827968,279.95851773633776,5808.268806541583,0.2918915134606779,0.055157126504285298,237.03358328915398,282.47347682140846,5512.031734158516,0.0,0.0,8.231889589222507,9.91810102206546,140.45124419934005,0.0,0.0,58.75561176647111,70.12428098862979,1314.5368703824202,0.0,0.0,203.87735688947326,244.05025923496445,4212.278298179377,0.0,0.0,18.484478145711678,22.157809619048103,374.0639282121993,0.0,0.0,109.14199668160578,130.919476652197,2115.9074309497434,27.726038472245994,19.016487292349799,243.86168960659908,291.85861516420308,5666.62080593748,0.0,0.0,119.41860368837152,143.20614667036657,2347.0691895319339,583.7127970979642,21.586764636994965,31.503969635924347,21.375,30.0,0.0,22.22482126384747,35.30822746892673,21.0,30.0,1095.3046835590374,21.618694302744037,30.73441805627328,21.375,30.0,0.0,21.043985000675204,32.054367321149957,16.0,30.0,0.0,17.86709078448954,36.87025704781049,12.0,30.0,0.0,20.58893542509464,32.47307693929477,19.0,30.0,0.0,19.70616476299572,34.24705316634905,10.0,30.0,1301.1403599907392,19.69058619047905,33.50413743237505,20.7,30.0,0.0,19.053513067646038,35.13761165873011,16.0,30.0,0.0,19.790283081004959,0.0,0.0,0.0,19.17546276262229,0.0,0.0,793.5581650232484,1071.4123038317035,755.6517372985367,767.9557552471314,669.9884398070578,741.4535809228734,739.3177436681554,699.5917235981085,714.5696490457319,8926.345575036492,82.10255901140671,83.89625629531841,240.0,0.0,240.0,240.0,21.0,16.0,19.0,16.0,19.7,12.0,21.0,10.0,1.0,0.0,583.7127970979642,0.0,1095.3046835590374,0.0,0.0,0.0,1301.1403599907392,0.0,2714.4530637560148,1628671.838253609,2118282.251547721,82.10255901140671,83.92671922986556,0.34548176879186717,0.7685842478702307,0.36028137401965956,83.92671922986556,0.3542647819438875,2118282.251547721,0.11603067708048151 
 04/18  18:50:00,9.241666666666668,55.16666666666667,2.19,16.666666666666669,122.66666666666669,0.0,0.0,0.0,0.0,0.0,0.0,4.0,0.0,0.0,0.0,213.0,0.0,115.55435764471169,7.011543316259562,17.96683113904648,3.464857917093335,92.22288354223775,0.0,7.011543316259559,9.585311291758451,0.0,0.0,20.641981832463516,7.142828687059136,21.89588363217124,-221.02933525846425,20.681319889476265,-429.0364799146482,20.500559620355888,90.89228340056252,17.84759971775634,25.317234510756124,20.60810623370908,-71.714307543632,19.180516144650068,120.08506242150907,19.478775123690175,-53.53926769590839,18.901233860147309,54.05428388821201,494.3918035469851,206.76371726628168,0.0,0.0,0.0,0.0,0.0,0.0,0.0,0.0,0.0,0.0,0.0,0.0,0.0,0.0,0.0,0.0,0.0,0.0,0.0,0.0,0.0,0.0,1.306768055580898,0.39889134785741706,53.54988179446406,63.56160269153782,1295.6154206589204,0.0,0.0,39.48186991739169,46.64910637092872,1018.0782891959774,2.261929223088227,0.42742426740140357,138.34187602810855,164.31949446223829,3323.0534728422619,0.2614690374293234,0.04940835930259323,136.4172726575226,162.09064336021397,3183.5033399473616,0.0,0.0,7.637668237087299,9.170006004524327,134.2003762255503,0.0,0.0,58.817308240559267,69.96334919353096,1334.2342682005877,0.0,0.0,196.21215433660428,234.14463437044427,4107.870483879482,0.0,0.0,23.95627716180361,28.480226826329124,553.7047585371656,0.0,0.0,122.15452680100134,146.07377320478396,2416.650819508178,27.80491762239516,19.07058821837803,138.5332885911298,165.53407145503312,3367.136422005243,0.0,0.0,125.39869517730274,149.9193461938689,2497.8674519225789,114.95581358232174,21.005263188797849,34.046693105291129,21.0,30.0,0.0,22.13306817708866,34.62014267687844,21.0,30.0,527.1597502793127,21.014868580743607,31.122431408456959,21.0,30.0,0.0,20.836848016018544,32.49386610545714,16.0,30.0,0.0,17.882273857028325,37.551340071381748,12.0,30.0,0.0,20.503263064638224,33.323831781687498,19.0,30.0,0.0,19.601800318124405,34.654025216030309,10.0,30.0,504.0118641049379,20.725572369990695,32.04603764430781,20.7,30.0,0.0,19.010680563158404,35.674599442756989,16.0,30.0,0.0,19.27514462971937,0.0,0.0,0.0,19.066480484640388,0.0,0.0,862.8477569523217,1015.415984805218,711.5101938585514,766.4739838320987,701.874009126261,775.0154089352495,747.4605635463298,733.2638049631913,735.1291589760725,5479.008498705365,84.38141211321288,84.38141211321288,240.0,0.0,240.0,240.0,21.0,16.0,19.0,16.0,19.7,12.0,21.0,10.0,1.0,0.0,114.95581358232174,0.0,527.1597502793127,0.0,0.0,0.0,504.0118641049379,0.0,0.0,0.0,0.0,84.38141211321288,84.38141211321288,0.34,0.7711971005688886,0.36028137401965956,84.38141211321288,0.3542647819438875,0.0,0.005853333333333334 
 04/18  19:00:00,9.01,56.0,2.11,12.5,92.0,0.0,0.0,0.0,0.0,0.0,0.0,4.0,0.0,0.0,0.0,852.0,0.0,70.50069215371636,5.024564410195333,12.875256205578808,2.1139396820355764,56.26596794322302,0.0,5.02456441019533,6.868960484851698,0.0,0.0,21.12059549226357,-437.03603703640126,21.85766339808781,-137.78818564831929,21.32117959648751,-1098.3887468597214,20.59337968562577,420.3438441481742,17.864116111066424,25.452471052579825,20.52297589057288,-88.05791335774905,19.217569995457859,179.6956022665247,19.180304115508116,-24.653717047338917,18.870640196754655,4.857169433551462,679.2152632993523,213.50024666931746,0.0,0.0,0.0,0.0,0.0,0.0,0.0,0.0,0.0,0.0,0.0,0.0,0.0,0.0,0.0,0.0,0.0,0.0,0.0,0.0,0.0,0.0,1.2643764365406114,0.38595129320531487,199.5863536215095,237.0793672515829,5127.466791893276,0.11016624806299264,0.016814140424754675,26.53622843114719,31.479275659989886,698.6954781173718,2.100596268690758,0.3969380704253135,311.8333838962307,370.3149195139245,8092.033878869004,0.30964882471549029,0.05851262749725815,267.05224212397527,317.86573513487317,6500.892253790676,0.0,0.0,8.327145319481899,10.02542388076493,150.2976725653562,0.0,0.0,56.36387406598763,67.27097150791014,1297.481691578254,0.0,0.0,202.28317312613175,242.01149143055026,4355.658907425345,0.0,0.0,19.669219450335519,23.509215038024036,441.68830129573777,0.0,0.0,118.87775231420037,142.58281122254284,2395.028925686286,28.66683580294484,19.661752951265329,318.77637662477778,380.99540033112518,7689.607299048842,0.0,0.0,121.05691813967865,145.23756405092406,2422.1723089503805,832.4231915656693,21.76462567058284,30.921990950777507,21.75,30.0,0.0,22.129266828422293,35.166528318278277,21.0,30.0,1787.7417994326168,21.921148871569007,30.222285437563959,21.5,30.0,0.0,21.077898915334246,31.82387682616651,16.0,30.0,0.0,17.890063207594375,37.815275215144279,12.0,30.0,0.0,20.43959253907773,33.39291684184374,19.0,30.0,0.0,19.67056158111385,34.87063736704493,10.0,30.0,0.0,20.096376034906606,33.52531064211833,19.7,30.0,0.0,18.962048174106394,36.041223116480299,16.0,30.0,0.0,19.811540854740984,0.0,0.0,0.0,18.876684520750314,0.0,0.0,775.6029725331614,1044.4107144723892,753.4197466696758,753.9534782245339,714.1348312340266,771.4800120105228,763.900082347724,743.0467340668782,746.4701460687667,7094.186121196767,81.69481187419774,81.69481187419774,240.0,0.0,240.0,240.0,21.0,16.0,19.0,16.0,19.7,12.0,21.0,10.0,1.0,0.0,832.4231915656693,0.0,1787.7417994326168,0.0,0.0,0.0,0.0,0.0,0.0,0.0,0.0,81.69481187419774,81.69481187419774,0.255,0.5769370505443161,0.27021103051474468,81.69481187419774,0.2656985864579156,0.0,0.005826666666666667 
 04/18  19:10:00,8.788333333333334,57.16666666666667,2.1966666666666669,0.0,0.0,0.0,0.0,1.0,2.0,0.0,0.0,4.0,0.0,0.0,0.0,428.0,0.0,0.0,0.0,0.0,0.0,0.0,0.0,0.0,0.0,0.0,0.0,21.143984723207376,-482.80811837678086,21.825005062549655,-143.34239734602557,20.607656176699828,-175.08250897787549,20.57913130658174,16.87874427281895,17.880579598193998,23.4539225598746,20.530401076691399,-4.719321578304147,19.209298467399756,81.48205853849504,19.305044975900235,-18.908922693721594,18.814156715483116,-3.4179687758082766,677.1385365951092,253.35798265845188,0.0,0.0,0.0,0.0,0.0,0.0,0.0,0.0,0.0,0.0,0.0,0.0,0.0,0.0,0.0,0.0,0.0,0.0,0.0,0.0,0.0,0.0,1.3121291507230729,0.4005278237860418,163.16764617911623,193.37487810230346,4304.921544180626,0.06715172646663909,0.010249042501013292,31.56098620200894,37.34901724227379,844.792123282376,2.4128718747489308,0.4559470662790876,366.4021001445086,436.11034207728877,8961.519113862736,0.2864594461928686,0.05413065876660403,251.65433694263693,299.53400159808026,6200.4653533856749,0.0,0.0,7.645455948864425,9.197069052585587,141.62512055868295,0.0,0.0,9.470666280654808,11.282624436403399,224.09146696028177,0.0,0.0,159.44037582369976,190.6413720357054,3485.7566596880335,0.0,0.0,13.528574968329555,16.150143128895587,309.3393432504395,0.0,0.0,122.20468511333812,146.4855652962189,2497.3679760271418,28.984747626203644,19.879799469275484,358.283206224544,427.8034063545846,8712.427581327882,0.0,0.0,123.94736050805024,148.6623023078702,2493.238203028661,881.8824058864736,21.673286140667885,31.19685931681026,21.5,30.0,0.0,22.146363701000998,35.90748255739388,21.0,30.0,68.9116142751915,20.875103352838609,32.16602087487196,21.0,30.0,0.0,21.008651038293814,31.86359402237376,16.0,30.0,0.0,17.901296162033593,38.2126771713088,12.0,30.0,0.0,20.53727056723948,35.355305352452358,19.0,30.0,0.0,19.609852940471666,35.012890654843037,10.0,30.0,627.6250025691342,20.214192279206875,34.74454488372319,20.2,30.0,0.0,18.877596094139954,36.485563619523308,16.0,30.0,0.0,19.96778778907024,0.0,0.0,0.0,18.699533708028633,0.0,0.0,778.9130588734759,1085.7085021891099,749.9277699971576,747.5357634958818,732.3454097894733,897.7395606630412,763.6016320579188,832.1045319248879,757.3113836936441,9802.020170599906,81.52362652376562,84.92740700965732,270.0,0.0,270.0,270.0,21.0,16.0,19.0,16.0,19.7,12.0,21.0,10.0,1.0,0.0,881.8824058864736,0.0,68.9116142751915,0.0,0.0,0.0,627.6250025691342,0.0,5151.330890899316,3090798.5345395898,4006924.8943013397,81.52362652376562,84.9852145020835,0.3417110296966439,0.7688953663865384,0.36028137401965956,84.9852145020835,0.3542647819438875,4006924.8943013397,0.21488509450366967 
 04/18  19:20:00,8.566666666666667,58.333333333333339,2.283333333333333,0.0,0.0,0.0,0.0,1.0,2.0,0.0,0.0,4.0,0.0,0.0,0.0,856.0,0.0,0.0,0.0,0.0,0.0,0.0,0.0,0.0,0.0,0.0,0.0,21.085381016235865,-103.07622065247506,21.793189190543246,-135.7456230121992,21.2447450054124,-1166.6372600731568,20.52992009881148,391.4178344875128,17.896950454255675,21.162378045028974,20.57650915850462,-5.051850947886024,19.14801593207395,80.68371307682333,19.353824527592474,-33.895684618461277,18.75881501091228,-36.16987880012289,701.9190467689052,289.48089775379938,0.0,0.0,0.0,0.0,0.0,0.0,0.0,0.0,0.0,0.0,0.0,0.0,0.0,0.0,0.0,0.0,0.0,0.0,0.0,0.0,0.0,0.0,1.3398403963647905,0.4089866899770423,223.1681608806207,265.7063045943478,5770.896205704119,0.08845949519209565,0.013501143954837553,32.68669977304217,38.75548851390709,888.6341839687665,2.0827960351448819,0.3935744586441577,392.0106955740355,465.84644521746398,10487.456579500977,0.3070727266748474,0.0580258364842871,237.70980323943167,283.04663015506795,5973.583082236242,0.0,0.0,7.582792225623887,9.129963596775822,143.97023881030109,0.0,0.0,10.539599168478972,12.561491366487435,256.3310432515535,0.0,0.0,154.04685273404574,184.46994458257474,3399.181904547947,0.0,0.0,22.759169063720504,27.178986753349319,534.2892001344035,0.0,0.0,122.42294273174254,146.94695428780595,2536.7269948398954,29.462322876134864,20.20735451038057,392.3209052827735,469.0051626225462,9790.071464943563,0.0,0.0,125.35689923728481,150.60228451908157,2535.609856663329,0.0,21.37321619982498,31.60075569672233,21.0,30.0,0.0,22.12590106411782,35.58800075813784,21.0,30.0,1664.5566437885973,21.793292285954054,30.324591944077576,21.5,30.0,0.0,20.994437887925103,31.936463429737203,16.0,30.0,0.0,17.90835469688302,38.48564573607294,12.0,30.0,0.0,20.64967818082411,37.403098131816609,19.0,30.0,0.0,19.484915681187894,35.32955111779432,10.0,30.0,0.0,20.212953212197744,35.4727603617857,19.7,30.0,0.0,18.794301120169544,36.91126834632475,16.0,30.0,0.0,19.968450470139414,0.0,0.0,0.0,18.527549542250534,0.0,0.0,769.0383349003745,1064.5038282476144,742.5949720429607,748.1701321407529,744.9804491536072,1027.501310662747,764.8893127639769,868.8861498195029,768.3751841982913,4779.238970152635,82.2375576552683,83.93931991875393,270.0,0.0,270.0,270.0,21.0,16.0,19.0,16.0,19.7,12.0,21.0,10.0,1.0,0.0,0.0,0.0,1664.5566437885973,0.0,0.0,0.0,0.0,0.0,2575.4719722296279,1545283.1833377768,2017101.2641717359,82.2375576552683,83.96822149145092,0.1708490657409876,0.38195461463295668,0.18014068700982978,83.96822149145092,0.17713239097194376,2017101.2641717359,0.11127926573693028 
 04/18  19:30:00,8.344999999999999,59.5,2.37,0.0,0.0,0.0,0.0,1.0,2.0,0.0,0.0,4.0,0.0,0.0,0.0,214.0,0.0,0.0,0.0,0.0,0.0,0.0,0.0,0.0,0.0,0.0,0.0,20.721851240836437,-61.056694798477568,21.73679442050247,-191.92262704577525,20.726660096731274,-407.61650415562237,20.483294242044289,105.42109446183167,17.91621754480194,19.287461840460766,20.62115721910886,-2.224502703196208,19.079824944660915,73.94097648184743,19.048297875521056,-17.343517958825716,18.687911593796465,-28.046161339562788,559.8573717769968,303.47346608468436,0.0,0.0,0.0,0.0,0.0,0.0,0.0,0.0,0.0,0.0,0.0,0.0,0.0,0.0,0.0,0.0,0.0,0.0,0.0,0.0,0.0,0.0,1.3670814492420925,0.4173020296831784,51.76365495721248,61.45761490360133,1350.8817192377078,0.04993576955985225,0.007621454450526901,36.90992889839019,43.63096038411361,1013.6186286651627,2.3076611514214595,0.43606597721493958,136.46286605258173,162.13448632315343,3529.5077762104444,0.28016201272383547,0.05294066755930373,151.36177789590065,179.8759140590407,3812.333859920081,0.0,0.0,7.249195602600212,8.701835814079447,141.16159083051267,0.0,0.0,11.194766747766187,13.28495303495582,279.78926557243008,0.0,0.0,149.89044761921586,179.0282534663291,3338.611091363132,0.0,0.0,18.702179110838907,22.301132372878788,429.28460641216148,0.0,0.0,118.2939602789236,141.6149234096126,2480.4893871012488,29.68514888818909,20.36018442262627,149.11426791872897,178.2562681590271,3925.3601017236794,0.0,0.0,121.00138908945495,145.03747476053807,2452.1320629150488,138.33540432651265,21.00623165970431,33.91447880857083,21.0,30.0,0.0,22.048752959628815,34.9723293650549,21.0,30.0,459.2125365847911,21.01211467281747,30.945374528203975,21.0,30.0,0.0,20.85867631334419,32.462739830381739,16.0,30.0,0.0,17.9218319354203,38.92498269825375,12.0,30.0,0.0,20.75960569902547,39.797117824600309,19.0,30.0,0.0,19.356411184916288,35.97454618483366,10.0,30.0,118.57229930331961,19.706092980360965,37.15119935645392,19.7,30.0,0.0,18.686309740470546,37.48142231408346,16.0,30.0,0.0,19.221664965744073,0.0,0.0,0.0,18.312487969256208,0.0,0.0,849.0593696469354,1018.2254470067846,693.6570297080627,760.3854662325364,766.0187744671603,1173.8289529454685,781.9944431507768,901.0062625024858,783.7360312065024,9787.7142221155,81.5331159587103,81.5331159587103,270.0,0.0,270.0,270.0,21.0,16.0,19.0,16.0,19.7,12.0,21.0,10.0,1.0,0.0,138.33540432651265,0.0,459.2125365847911,0.0,0.0,0.0,118.57229930331961,0.0,0.0,0.0,0.0,81.5331159587103,81.5331159587103,0.34,0.6166937405323743,0.36028137401965956,81.5331159587103,0.3542647819438875,0.0,0.006255000000000001 
 04/18  19:40:00,8.123333333333333,60.66666666666667,2.4566666666666667,0.0,0.0,0.0,0.0,1.0,2.0,0.0,0.0,4.0,0.0,0.0,0.0,860.0,0.0,0.0,0.0,0.0,0.0,0.0,0.0,0.0,0.0,0.0,0.0,21.194328293856985,-467.2583813325841,21.707209079095475,-136.555806670283,21.378787031993853,-1160.0992427266327,20.57135251894693,418.6147781168015,17.932585077592799,18.509782422455588,20.619122019039833,-18.719997457422524,19.091116340029886,116.18716561258225,19.542952124311279,-71.51895344484649,18.633818051674589,-81.58597762295949,742.7667292375652,373.1596249745371,0.0,0.0,0.0,0.0,0.0,0.0,0.0,0.0,0.0,0.0,0.0,0.0,0.0,0.0,0.0,0.0,0.0,0.0,0.0,0.0,0.0,0.0,1.3356651364586652,0.4077121906161982,201.44080218212856,239.35994648590435,5538.150358794818,0.14035587714469187,0.021421837171045768,26.54185687696466,31.503490160755715,742.3135519956364,2.090762701406533,0.39507987554923165,314.3465231170705,373.407750136869,8724.921318809886,0.32117470508950637,0.06069060942734434,262.60583276142605,312.6342440191542,6869.325540954331,0.0,0.0,8.017125426520618,9.65118782244823,159.8074188731903,0.0,0.0,11.406301950220089,13.584909667047306,290.39551967811317,0.0,0.0,161.40216839846858,193.32029683995354,3675.942325241723,0.0,0.0,26.227959537384103,31.265456701154208,660.3170872609294,0.0,0.0,127.13129066060775,152.67946245974668,2702.302090902411,30.535994866744976,20.943755052637166,320.42149713145798,383.18345754146005,8341.65622192131,0.0,0.0,130.3811592989615,156.79629212295709,2670.282836485477,833.913222169173,21.76599946281663,30.903737639449486,21.75,30.0,0.0,22.032862162216554,35.4534437363822,21.0,30.0,1845.376416774519,21.935872456930647,30.145768606338746,21.5,30.0,0.0,21.083367917709098,31.787862010262744,16.0,30.0,0.0,17.930650735424778,39.12564370279621,12.0,30.0,0.0,20.77665006083456,40.38401365969321,19.0,30.0,0.0,19.385601233324019,36.103783184182869,10.0,30.0,656.0399576114653,20.60246270651149,35.138972359168459,20.45,30.0,0.0,18.609446005213174,38.013588731495257,16.0,30.0,0.0,19.717359420288014,0.0,0.0,0.0,18.194056645446318,0.0,0.0,766.7822203656616,1042.1289522100636,741.7139281944969,744.295477113892,775.4598546560429,1208.2267303321183,790.071807372583,899.8274174289506,799.8792438178907,7140.263495945023,82.31315174771612,85.76401497480244,270.0,0.0,270.0,270.0,21.0,16.0,19.0,16.0,19.7,12.0,21.0,10.0,1.0,0.0,833.913222169173,0.0,1845.376416774519,0.0,0.0,0.0,656.0399576114653,0.0,5222.515144566618,3133509.086739971,4109112.8235491567,82.31315174771612,85.82262208847807,0.25908383815222066,0.5718260265643476,0.27021103051474468,85.82262208847807,0.2656985864579156,4109112.8235491567,0.21979386682455616 
 04/18  19:50:00,7.901666666666666,61.83333333333333,2.5433333333333336,0.0,0.0,0.0,0.0,1.0,2.0,0.0,0.0,4.0,0.0,0.0,0.0,648.0,0.0,0.0,0.0,0.0,0.0,0.0,0.0,0.0,0.0,0.0,0.0,21.30568562141597,-782.6982935951045,21.69665079622574,-137.53404019768659,20.991947768744656,-219.30297080372675,20.543860794700139,19.678359155584695,17.95313668972123,18.507759580408444,20.61080099308662,-17.326153834967856,19.114293710222016,86.64051035686232,19.25247199781962,-38.72238943365126,18.560127481883975,-79.65397999587525,750.3137648801481,414.9392916925914,0.0,0.0,0.0,0.0,0.0,0.0,0.0,0.0,0.0,0.0,0.0,0.0,0.0,0.0,0.0,0.0,0.0,0.0,0.0,0.0,0.0,0.0,1.327038354385286,0.40507886275497176,211.79387683129858,251.19736721354912,5979.639105770304,0.11282641723159591,0.017220149150121493,30.217936924796928,35.826406223739628,857.91190732324,2.4955953560694548,0.47157886547041907,312.2958385577436,371.6756512300823,8454.086884314378,0.3088385588781234,0.05835951603895003,199.97014958986243,238.3273248152781,5281.015317738775,0.0,0.0,7.994413225258633,9.621389131901435,163.2444767076754,0.0,0.0,11.798901795751462,14.044522380202269,305.94134455187739,0.0,0.0,170.79910690054238,204.52291650429764,3972.0861916319038,0.0,0.0,24.090584550425637,28.792058812188509,587.9943299210212,0.0,0.0,134.96584394579669,162.1130494617656,2902.5973836837986,30.93162017854018,21.215103003114,312.3661390979005,373.63932812473527,8233.123902066913,0.0,0.0,138.02851147907158,166.03272310076427,2857.215242074124,1201.5946417550773,21.76266528375445,30.70513752032992,21.666666666666687,30.00000000000002,0.0,22.039564093097174,36.08256109860699,21.000000000000015,30.00000000000002,694.514834913146,21.315973958641718,31.41524525526124,21.33333333333335,30.00000000000002,0.0,20.97779736493078,32.16763724575637,16.000000000000015,30.00000000000002,0.0,17.948581809881529,39.423952078263528,12.00000000000001,30.00000000000002,0.0,20.78745532500876,41.179856003874579,19.000000000000015,30.00000000000002,0.0,19.404028505465555,36.19563738177038,10.000000000000007,30.00000000000002,0.0,19.977331962022477,36.62543534802174,19.700000000000018,30.00000000000002,0.0,18.50458983912945,38.614611966372319,16.000000000000015,30.00000000000002,0.0,19.809284523806018,0.0,0.0,0.0,18.077914808307719,0.0,0.0,751.8300617558487,1076.1713379022336,745.5347226920835,751.6919466353072,790.1350625540374,1252.9895819771232,796.2580881095449,899.5133331502243,816.050098261066,7564.613710482189,83.00293298444228,83.00293298444228,270.0000000000002,0.0,270.0000000000002,270.0000000000002,21.0,16.0,19.0,16.0,19.7,12.0,21.0,10.0,1.0,0.0,1201.5946417550773,0.0,694.514834913146,0.0,0.0,0.0,0.0,0.0,0.0,0.0,0.0,83.00293298444228,83.00293298444228,0.3400000000000003,0.7698043309092462,0.3602813740196598,83.00293298444228,0.3542647819438878,0.0,0.006 
 04/18  20:00:00,7.68,63.0,2.63,0.0,0.0,0.0,0.0,1.0,2.0,0.0,0.0,4.0,0.0,0.0,0.0,864.0,0.0,0.0,0.0,0.0,0.0,0.0,0.0,0.0,0.0,0.0,0.0,21.17871508551598,-464.35228339254766,21.668198543563176,-169.4614965438987,20.8408931160017,-379.33038713726139,20.436626706649805,179.4130682327129,17.973029580462858,17.00996893200373,20.597754735833548,-11.8815331886247,19.0817299832266,23.23246596275817,19.484002919454246,-62.29446112899555,18.493485533990577,-101.29764008688471,694.1347362118072,466.0848424114638,0.0,0.0,0.0,0.0,0.0,0.0,0.0,0.0,0.0,0.0,0.0,0.0,0.0,0.0,0.0,0.0,0.0,0.0,0.0,0.0,0.0,0.0,1.39124634090885,0.42467837024079677,209.82646758399214,249.73297568819033,5821.824591209467,0.0920276678270464,0.014045736847839804,34.80439184299732,41.284787776689579,1000.4022386875467,2.313014804631004,0.4370776274812934,240.5302727336348,286.61321445160589,6573.876781342068,0.30875868069060588,0.05834442189920744,167.70713967343586,200.08528228584488,4446.533793750087,0.0,0.0,7.58592180600904,9.133618514363655,158.56106604730736,0.0,0.0,12.283309763280308,14.626499077681907,323.99046952624829,0.0,0.0,172.2834742585921,206.46093900732385,4055.916252104951,0.0,0.0,24.03401375945471,28.67148050320448,616.6762987881019,0.0,0.0,140.94263545846696,169.4098299389078,3068.8764695968836,31.2886065653271,21.459949633283338,249.85447256774789,299.3527359398306,6729.736751169907,0.0,0.0,144.30880349619376,173.73006342905985,3014.415548558083,665.6602896324073,21.465309390271697,31.338852417515157,21.25,30.0,0.0,22.00772599408127,35.81902094447643,21.0,30.0,13.147542927344503,21.211492360615617,31.681303278415557,21.0,30.0,0.0,20.833973391646258,32.79752990397775,16.0,30.0,0.0,17.965344910777146,39.71972844158903,12.0,30.0,0.0,20.787907286138183,41.83652526711736,19.0,30.0,0.0,19.31991867154482,36.48412249519717,10.0,30.0,656.2749888153875,20.354704370034978,36.09965419083181,20.45,30.0,0.0,18.411694575380574,38.98943795574867,16.0,30.0,0.0,19.327330467197354,0.0,0.0,0.0,17.944087057867809,0.0,0.0,753.6301134877117,1055.722716047767,746.3791717580207,768.4058350183758,804.8745574625128,1286.9804977720076,799.9964506853497,918.2404629610168,821.4996159665882,8612.099885765696,82.31037730714208,83.99951894702339,270.0,0.0,270.0,270.0,21.0,16.0,19.0,16.0,19.7,12.0,21.0,10.0,1.0,0.0,665.6602896324073,0.0,13.147542927344503,0.0,0.0,0.0,656.2749888153875,0.0,2556.3904686848206,1533834.2812108924,1988098.266963557,82.31037730714208,84.02820617963399,0.34021301562282738,0.7688794811381624,0.36028137401965956,84.02820617963399,0.3542647819438875,1988098.266963557,0.10926110988210497 
 04/18  20:10:00,7.525,63.83333333333333,2.6300000000000005,0.0,0.0,0.0,0.0,0.0,2.0,0.0,0.0,4.0,0.0,0.0,0.0,864.0,0.0,0.0,0.0,0.0,0.0,0.0,0.0,0.0,0.0,0.0,0.0,21.27278066072294,-58.87142087622556,21.63775430078836,-128.04470386561989,21.324021335901194,-1734.234796854843,20.549327557462804,488.1236087964244,17.99222318898129,15.898116019099149,20.67297811171961,-21.982218276448834,19.016446527988327,48.41855004078798,19.38036033582391,-49.61090466081433,18.419453611041996,-115.16877732540115,894.1044418155852,486.91993016489166,0.0,0.0,0.0,0.0,0.0,0.0,0.0,0.0,0.0,0.0,0.0,0.0,0.0,0.0,0.0,0.0,0.0,0.0,0.0,0.0,0.0,0.0,1.4268768559393228,0.4355545958300741,194.52479770547863,231.36753489582137,5504.467470269563,0.1566440651931191,0.023907824357924165,29.210202159732434,34.66112000313748,849.4087006259082,1.941472580702118,0.36686934631559317,429.51508784086857,510.26916338453818,12440.013430662322,0.3299256763777278,0.06234423211975202,313.9341980119624,374.07874577408009,8546.311581355501,0.0,0.0,7.831774292660775,9.427970617875161,166.41527963830596,0.0,0.0,12.587763650938467,14.983037832155226,338.4356993964592,0.0,0.0,175.5103878810593,210.4055041633864,4148.419904482345,0.0,0.0,24.333774280187819,29.072637532003318,617.7314996432184,0.0,0.0,143.46708076523499,172.51433803519093,3139.8734540722559,31.808281962058915,21.81637994654247,427.1705759648046,510.8311250669203,11529.266308959486,0.0,0.0,146.84809401648836,176.8774571832543,3076.938009453504,0.0,21.5284117628642,31.45076959044451,21.0,30.0,0.0,21.97889894337469,36.00306431391023,21.0,30.0,2547.867909604977,21.944384053054124,30.106709524170414,22.0,30.0,0.0,21.081531047772388,31.915376670401377,16.0,30.0,0.0,17.981469224688167,39.98693013143378,12.0,30.0,0.0,20.890890070142768,42.036723968599257,19.0,30.0,0.0,19.208238958717855,36.93984751072956,10.0,30.0,0.0,20.127817801026809,35.687390535719149,12.0,30.0,0.0,18.30716916599464,39.45858951969508,16.0,30.0,0.0,19.978261336916956,0.0,0.0,0.0,17.815693317569666,0.0,0.0,763.5597217312992,1060.6492398676413,731.5501376182783,741.6835581484095,817.8094761794037,1309.8665430355575,807.2183679366975,860.0974253927236,829.2624914946496,9661.728565792628,81.61634652681384,85.10450603998561,570.0,0.0,570.0,570.0,21.0,16.0,19.0,16.0,12.0,12.0,21.0,10.0,1.0,0.0,0.0,0.0,2547.867909604977,0.0,0.0,0.0,0.0,0.0,5278.901789826927,3167341.0738961568,4119989.2489981178,81.61634652681384,85.16374656841414,0.3459633929942309,0.7674386862755758,0.36028137401965956,85.16374656841414,0.3542647819438875,4119989.2489981178,0.22639944094790216 
 04/18  20:20:00,7.37,64.66666666666667,2.63,0.0,0.0,0.0,0.0,0.0,2.0,0.0,0.0,4.0,0.0,0.0,0.0,865.0,0.0,0.0,0.0,0.0,0.0,0.0,0.0,0.0,0.0,0.0,0.0,21.09894866946185,-136.88345856226284,21.620038107466465,-169.82112823918357,20.898610635963096,-449.4325946593991,20.514248337399743,23.41116690965174,18.009859320627024,13.316014054381214,20.754460226577576,-17.195474054642319,18.962007703882536,9.672671529139734,19.01566831972216,-20.594476941139449,18.345654717568946,-136.1556804173897,638.4658778925924,464.92591895846388,0.0,0.0,0.0,0.0,0.0,0.0,0.0,0.0,0.0,0.0,0.0,0.0,0.0,0.0,0.0,0.0,0.0,0.0,0.0,0.0,0.0,0.0,1.4742904536067188,0.4500276109910619,156.10424741045999,186.0645097335146,4358.610760882144,0.09282310761939859,0.014167140967551678,37.14648307389181,44.07705903329635,1087.356457834867,2.2946323134565409,0.433603989693224,227.2846595991896,270.8890058729583,6400.493629189444,0.2889553439971402,0.05460229478404008,128.5472441936907,153.31354402540775,3519.10389094758,0.0,0.0,7.170894675304837,8.632163547545144,154.8261043140755,0.0,0.0,13.27710526303042,15.796038542084564,364.36304955444578,0.0,0.0,169.38019654408283,203.11890879493394,4023.8977372215269,0.0,0.0,16.734745767070959,20.039436434892417,409.96330805989438,0.0,0.0,136.69980131072689,164.4276882052589,3007.2132287025085,31.629286459235855,21.693612111958755,233.72054887532779,280.0874894904979,6546.019142245129,0.0,0.0,139.21199548071184,167.79773419297769,2901.0614593258949,494.59113523856646,21.294071432962693,32.26179487471737,21.25,30.0,0.0,21.960501382976184,35.76389653269666,21.0,30.0,86.68601352924974,21.208701117292255,31.445874000030288,21.0,30.0,0.0,20.94100898033707,32.46911356986574,16.0,30.0,0.0,17.995750943175996,40.25055592199331,12.0,30.0,0.0,21.01907150363152,42.06748282509024,19.0,30.0,0.0,19.107992765926594,37.31711868239277,10.0,30.0,0.0,19.495490628310173,36.65190918692137,12.0,30.0,0.0,18.20435511725811,39.82317813552186,16.0,30.0,0.0,19.25107548136464,0.0,0.0,0.0,17.597402660390775,0.0,0.0,779.5446879245238,1042.026901434043,725.6152434968221,754.727645862474,829.8257998444534,1324.6921646510496,810.836638069507,829.1570853103419,830.5324425044258,3727.160950737963,81.91121336120736,81.91121336120736,570.0,0.0,570.0,570.0,21.0,16.0,19.0,16.0,12.0,12.0,21.0,10.0,1.0,0.0,494.59113523856646,0.0,86.68601352924974,0.0,0.0,0.0,0.0,0.0,0.0,0.0,0.0,81.91121336120736,81.91121336120736,0.17,0.3472504143566143,0.18014068700982978,81.91121336120736,0.17713239097194376,0.0,0.012159999999999999 
 04/18  20:30:00,7.215,65.5,2.63,0.0,0.0,0.0,0.0,0.0,2.0,0.0,0.0,4.0,0.0,0.0,0.0,1085.0,0.0,0.0,0.0,0.0,0.0,0.0,0.0,0.0,0.0,0.0,0.0,21.296553500757505,-459.3005056791494,21.58538010793832,-132.89963292422264,21.312838056719678,-1019.92674976996,20.51362504215511,363.7800419971201,18.02652139299046,13.76798188716532,20.80701163316148,-35.493604415069338,18.977549470317883,85.2929401303547,18.777570399017678,-8.871187808999549,18.27419984111473,-144.89997163884164,804.918932427159,514.7105787049477,0.0,0.0,0.0,0.0,0.0,0.0,0.0,0.0,0.0,0.0,0.0,0.0,0.0,0.0,0.0,0.0,0.0,0.0,0.0,0.0,0.0,0.0,1.4243317221938619,0.43477769297736937,164.93685326786173,196.13974105675704,4833.20864123249,0.17434461171411395,0.02660937297223961,26.663416023396786,31.65692360065301,789.9171480382679,2.236684301702197,0.42265387409338597,292.70278948209457,348.02947033839316,8578.93395014097,0.33618641382628097,0.06352728908281952,269.9271169141925,321.699027773292,7490.550874551663,0.0,0.0,8.090067389913323,9.739156558733014,177.4421688588767,0.0,0.0,13.16746444478341,15.665251389835543,367.41351083488828,0.0,0.0,184.18919564986815,220.8671166044012,4449.118446910528,0.0,0.0,12.292417485936916,14.750380005204282,296.1141603268774,0.0,0.0,142.75861558065584,171.79031601774285,3158.590249398884,32.22316924644987,22.100939126508839,295.4993258831346,353.8431525609446,8225.47279022315,0.0,0.0,144.3403606025724,174.0730141796966,3018.139572565702,450.57671659296838,21.698197470701865,31.130620823134757,21.6,30.0,0.0,21.921279889127,35.985555708123957,21.0,30.0,1423.4380733324752,21.72577996568072,30.44718293175473,21.4,30.0,0.0,21.004257239587113,32.10783578283771,16.0,30.0,0.0,18.010102909355206,40.39175720851277,12.000000000000002,30.0,0.0,21.09744510384035,41.970656249266,19.0,30.0,0.0,19.150419824295683,37.18288481013056,10.0,30.0,0.0,19.0992973165297,37.504586763855467,12.000000000000002,30.0,0.0,18.10955704666658,40.13928734615342,16.0,30.0,0.0,19.561627700374893,0.0,0.0,0.0,17.472163695449646,0.0,0.0,757.8278354486856,1046.7982931314078,721.5975606564018,738.6414888273009,835.6758978573517,1325.0325656474179,805.8392720552976,822.6519633391949,831.0913367393808,5949.54673078178,81.48413831391062,82.83821853007166,570.0,0.0,570.0,570.0,21.0,16.0,19.0,16.0,12.0,12.0,21.0,10.0,1.0,0.0,450.57671659296838,0.0,1423.4380733324752,0.0,0.0,0.0,0.0,0.0,2049.2957482347626,1229577.4489408574,1595271.098401847,81.48413831391062,82.86121530737987,0.2043098582744921,0.46090085979925429,0.21616882441179575,82.86121530737987,0.21255886916633252,1595271.098401847,0.09511409711689607 
 04/18  20:40:00,7.0600000000000009,66.33333333333333,2.63,0.0,0.0,0.0,0.0,0.0,2.0,0.0,0.0,4.0,0.0,0.0,0.0,436.0,0.0,0.0,0.0,0.0,0.0,0.0,0.0,0.0,0.0,0.0,0.0,20.846142037004137,-209.60981086580547,21.5694013184292,-156.33350871601273,21.107697596582044,-532.6317982966589,20.471352263330695,33.69200088653656,18.04534475682692,13.300597977080543,20.843336738465547,-29.61021985323754,18.95737640601532,10.024332222217254,18.589384576893545,-7.58995663279282,18.201986306407926,-139.81342035216495,722.5812618361097,567.3173098022176,0.0,0.0,0.0,0.0,0.0,0.0,0.0,0.0,0.0,0.0,0.0,0.0,0.0,0.0,0.0,0.0,0.0,0.0,0.0,0.0,0.0,0.0,1.4705907314028304,0.4488982696589836,93.71240452049065,111.48470819322285,2661.957547759278,0.13175870002683397,0.020109691701287237,32.967624873816287,39.06225748234958,983.6686254618567,2.3932119400013445,0.4522320370372912,213.89976424454685,254.42537893105868,6213.207513356803,0.31190438666579747,0.058938848576303357,185.65226397818246,221.2446046515176,5195.92962146693,0.0,0.0,7.519886559525897,9.042661990028247,167.61081800319733,0.0,0.0,13.514398136191139,16.04906174027284,382.89205347359816,0.0,0.0,185.87459072337243,222.6759181270511,4529.644102631448,0.0,0.0,9.433160791779429,11.315114053664545,224.47063732414706,0.0,0.0,147.48912106823372,177.33145061548675,3282.7739651980366,32.19442656122047,22.08122535063133,221.51571095155686,265.3272883421292,6300.139927420917,0.0,0.0,150.4919693976912,181.3233512803547,3171.535798853676,182.18038312627869,20.984542453356079,33.10692192996991,21.0,30.0,0.0,21.906260171672998,36.29390603098318,21.0,30.0,1171.519631461237,21.489255977142237,31.06276945817996,21.5,30.0,0.0,20.888718195647376,32.256174828433,16.0,30.0,0.0,18.029757239632688,40.478951892338,12.0,30.0,0.0,21.15531511704392,41.91061291377433,19.0,30.0,0.0,19.098588396090656,37.464219041676759,10.0,30.0,0.0,18.796352302960878,38.22465608770655,12.0,30.0,0.0,18.013487412923234,40.37373073387606,16.0,30.0,0.0,19.324997031821995,0.0,0.0,0.0,17.393795892571995,0.0,0.0,788.0107212058589,1061.0287990046855,730.6073207387312,732.3489229569307,839.1411507927157,1323.6023538409723,812.43617062731,820.5301862462787,828.1582174610327,9550.138336973265,81.6902215751611,81.6902215751611,570.0,0.0,570.0,570.0,21.0,16.0,19.0,16.0,12.0,12.0,21.0,10.0,1.0,0.0,182.18038312627869,0.0,1171.519631461237,0.0,0.0,0.0,0.0,0.0,0.0,0.0,0.0,81.6902215751611,81.6902215751611,0.34,0.7677865940065999,0.36028137401965956,81.6902215751611,0.3542647819438875,0.0,0.012159999999999999 
 04/18  20:50:00,6.904999999999999,67.16666666666667,2.63,0.0,0.0,0.0,0.0,0.0,2.0,0.0,0.0,4.0,0.0,0.0,0.0,1962.0,0.0,0.0,0.0,0.0,0.0,0.0,0.0,0.0,0.0,0.0,0.0,21.300535002164574,-789.1249360703571,21.54387867407311,-151.25547623770829,21.229638284230249,-425.32488898406867,20.385857215254764,256.6583204336236,18.059644392194948,12.727652206104374,20.863243699422179,-39.04680562234286,18.928730837380738,53.01102402547424,18.467880128268364,-24.70558825219092,18.144920172324669,-152.1977523401714,761.488428489465,592.2795973206349,0.0,0.0,0.0,0.0,0.0,0.0,0.0,0.0,0.0,0.0,0.0,0.0,0.0,0.0,0.0,0.0,0.0,0.0,0.0,0.0,0.0,0.0,1.4373887918905193,0.43876336748794989,201.74657327968405,240.0235138138034,6009.529593192331,0.15852292288770859,0.024194585300321895,29.996921891222717,35.627279782878478,903.7738883882923,2.453403447137974,0.4636060935634887,257.38082862115689,306.618303594815,7541.132861203059,0.3429471710117321,0.06480483201279913,255.9946491838249,305.5007777501633,7148.533473681156,0.0,0.0,7.9319891350969728,9.551580321083908,179.44470179122284,0.0,0.0,13.749931189626388,16.360729444165746,394.45602544661747,0.0,0.0,192.84405442423484,231.40547275225189,4747.425524816181,0.0,0.0,11.504974540394372,13.821970616225285,273.0312520058712,0.0,0.0,147.35297971094253,177.49416816443287,3305.6871121312767,32.484588206035578,22.280238824441477,268.66380903687306,322.2193509134059,7588.221464486102,0.0,0.0,155.34456062835879,187.53702772599133,3288.9684903464906,979.4863896713503,21.600073464823568,31.204252836741053,21.555555555555615,30.000000000000087,0.0,21.877959225622964,36.21792007481745,21.000000000000058,30.000000000000087,0.0,21.355221842459007,31.27377752787354,21.000000000000058,30.000000000000087,0.0,20.78676989158657,32.58250365534439,16.000000000000044,30.000000000000087,0.0,18.04195737540967,40.55321881443693,12.000000000000036,30.000000000000087,0.0,21.183373562305556,41.90373595457535,19.000000000000058,30.000000000000087,0.0,19.06725497967344,37.39708090367804,10.000000000000029,30.000000000000087,0.0,18.6215343554084,38.72284861044312,12.000000000000036,30.000000000000087,0.0,17.94532762166456,40.58198505428367,16.000000000000044,30.000000000000087,0.0,19.374464445249715,0.0,0.0,0.0,17.285201725772209,0.0,0.0,746.1889563068146,1052.387665969269,724.771511045318,736.5953912615437,841.8660706102355,1322.426218391237,801.4835386090274,822.523149366333,826.4496729919408,5263.752558071384,82.04350964184224,82.04350964184224,570.0000000000015,0.0,570.0000000000015,570.0000000000015,21.0,16.0,19.0,16.0,12.0,12.0,21.0,10.0,1.0,0.0,979.4863896713503,0.0,0.0,0.0,0.0,0.0,0.0,0.0,0.0,0.0,0.0,82.04350964184224,82.04350964184224,0.18888888888888945,0.42848212710130448,0.20015631889981146,82.04350964184224,0.19681376774660473,0.0,0.01178 
 04/18  21:00:00,6.75,68.0,2.63,0.0,0.0,0.0,0.0,0.0,2.0,0.0,0.0,4.0,0.0,0.0,0.0,218.0,0.0,0.0,0.0,0.0,0.0,0.0,0.0,0.0,0.0,0.0,0.0,20.882077489615129,-300.2469803172262,21.48817451341652,-201.62478005647336,20.80535503273133,-425.3073126621812,20.312755123380528,120.23324865194445,18.077516626095667,12.026157000148089,20.88462780102794,-29.46535260400492,18.846540783899195,-6.913049777766901,18.311176221443433,-24.652059057498435,18.084212936208546,-129.23059744915828,650.799336537144,630.8388534250644,0.0,0.0,0.0,0.0,0.0,0.0,0.0,0.0,0.0,0.0,0.0,0.0,0.0,0.0,0.0,0.0,0.0,0.0,0.0,0.0,0.0,0.0,1.5194595742937074,0.4638154988686531,105.63472046534051,125.47588838583634,3070.346949273351,0.10998060291541906,0.01678580630577214,37.713886217795188,44.63051622118487,1139.51951806652,2.426642789035039,0.45854927986300827,164.05841166703307,194.92699187217179,4769.23454463459,0.314121896057801,0.059357879073658529,180.31281632676224,214.49567130797429,5045.837662635841,0.0,0.0,7.128806069390274,8.551673391117602,163.89778070298329,0.0,0.0,14.094883051435712,16.69095946671809,410.0536203547315,0.0,0.0,189.2163601332462,226.3707781124701,4656.844743301381,0.0,0.0,13.019634586276896,15.603360458006858,307.16741273745836,0.0,0.0,147.4859822595002,177.05932280894403,3335.29191876708,32.370414872502667,22.201930639576596,177.8196806934956,212.78151209579003,5191.625561117856,0.0,0.0,157.84741536860748,189.94369859217248,3360.706913966727,382.1969796534555,21.016403410389875,32.91787986960295,21.0,30.0,0.0,21.78697996508962,35.70314015587826,21.0,30.0,530.566755862003,21.0133760207861,31.8534199671113,21.0,30.0,0.0,20.641292763792906,32.88769868826991,16.0,30.0,0.0,18.06282067937986,40.68743733216268,12.0,30.0,0.0,21.22172900265196,41.93235625274355,19.0,30.0,0.0,18.89664011314029,37.885078736593658,10.0,30.0,0.0,18.371990454556827,39.4038462705315,12.0,30.0,0.0,17.86994423758537,40.66547411838069,16.0,30.0,0.0,18.972348010700477,0.0,0.0,0.0,17.17974371133125,0.0,0.0,774.6451940901021,1009.75645711135,716.8160938578695,734.2131108449622,846.4761864706369,1321.198801743993,803.0217491668294,821.299925734606,817.5686255545136,4993.322579529676,84.70233239381693,84.70233239381693,570.0,0.0,570.0,570.0,21.0,16.0,19.0,16.0,12.0,12.0,21.0,10.0,1.0,0.0,382.1969796534555,0.0,530.566755862003,0.0,0.0,0.0,0.0,0.0,0.0,0.0,0.0,84.70233239381693,84.70233239381693,0.34,0.6172808392132692,0.36028137401965956,84.70233239381693,0.3542647819438875,0.0,0.0114 
 04/18  21:10:00,6.5,69.66666666666667,2.486666666666667,0.0,0.0,0.0,0.0,0.0,2.0,0.0,0.0,4.0,0.0,0.0,0.0,876.0,0.0,0.0,0.0,0.0,0.0,0.0,0.0,0.0,0.0,0.0,0.0,21.330262607637225,-550.5022607094204,21.47424338396371,-121.99257793526579,21.405450228294599,-1242.502053911258,20.43431186706696,455.91668832878897,18.087537955765215,10.528214516917999,20.884879020431094,-49.58875731683872,18.880577592613375,80.00852107142032,18.235917801385054,-35.22408769836579,18.03514372431133,-173.55291725308508,837.3788911302079,642.7878785656026,0.0,0.0,0.0,0.0,0.0,0.0,0.0,0.0,0.0,0.0,0.0,0.0,0.0,0.0,0.0,0.0,0.0,0.0,0.0,0.0,0.0,0.0,1.4834005729436104,0.4528084776995147,183.2107912332864,217.7112315522266,5619.7341482484939,0.20798579669193813,0.031743863963971028,23.97360961353555,28.48404737154169,740.1784159521255,2.383313542815012,0.4503615916128143,320.52326100536126,380.9119438157638,9919.78806050352,0.3618290358155172,0.06837283367640157,299.1361847892635,356.51899360823088,8692.513914151814,0.0,0.0,8.153201490199474,9.809731485711846,191.6094968965283,0.0,0.0,13.875208164124969,16.49695471384735,410.35023487762205,0.0,0.0,198.32124333738018,237.8875129492581,5017.118291039005,0.0,0.0,15.756266148502796,18.94314960907507,376.61272231748378,0.0,0.0,145.41534346758804,175.1335280514627,3344.059545713758,32.83591371558789,22.521202822762619,325.2270553844301,389.44394730698317,9459.861259405025,0.0,0.0,158.1355675186328,190.94896573549779,3404.935381203628,849.4547066105141,21.748300333146149,30.89078743455694,21.75,30.0,0.0,21.79019151875525,36.36367197894093,21.0,30.0,1811.983716485196,21.83990328525017,30.3410915451085,21.5,30.0,0.0,20.924255816528299,32.16391126308632,16.0,30.0,0.0,18.069531217005719,40.64054447558462,12.0,30.0,0.0,21.220363522371455,41.76633102899271,19.0,30.0,0.0,18.991685716030337,37.597751694338317,10.0,30.0,0.0,18.28025683904717,39.68850917310235,12.0,30.0,0.0,17.812103769185716,40.93760269780963,16.0,30.0,0.0,19.491130470593526,0.0,0.0,0.0,17.04591595443903,0.0,0.0,740.0767267284387,1046.7575824161596,717.7254776943237,722.6691857093822,843.1088791178227,1309.5765082421875,796.9252254497218,821.845626488815,820.7985270574626,7080.2783158772349,81.69445182262315,81.69445182262315,570.0,0.0,570.0,570.0,21.0,16.0,19.0,16.0,12.0,12.0,21.0,10.0,1.0,0.0,849.4547066105141,0.0,1811.983716485196,0.0,0.0,0.0,0.0,0.0,0.0,0.0,0.0,81.69445182262315,81.69445182262315,0.255,0.577380301588301,0.27021103051474468,81.69445182262315,0.2656985864579156,0.0,0.011019999999999999 
 04/18  21:20:00,6.250000000000001,71.33333333333334,2.3433333333333334,0.0,0.0,0.0,0.0,0.0,2.0,0.0,0.0,4.0,0.0,0.0,0.0,440.0,0.0,0.0,0.0,0.0,0.0,0.0,0.0,0.0,0.0,0.0,0.0,21.311810068563469,-666.5440642607141,21.479073750349728,-140.94510886746429,20.724893541153187,-286.12512306932788,20.42877753574236,-8.815939270579748,18.099685587945637,11.52075045928072,20.878944973225296,-42.22650135202565,18.887778614185938,-10.899214892804139,18.13675195124193,-37.37814434886394,17.96363619368412,-170.32151275736488,858.6482358952317,722.5150068042394,0.0,0.0,0.0,0.0,0.0,0.0,0.0,0.0,0.0,0.0,0.0,0.0,0.0,0.0,0.0,0.0,0.0,0.0,0.0,0.0,0.0,0.0,1.5573433627015637,0.4753795368441892,161.88569258434797,192.03739335062873,5084.180571841175,0.17423462816735039,0.026592586716628575,30.466460508213286,36.10494354039923,954.917530791383,2.6822018868608046,0.5068408705330321,333.427744569371,397.0840475498533,9867.057888085232,0.3343576229743134,0.06318171258018013,248.76507296961257,296.3975530874127,7339.912328615809,0.0,0.0,7.766291468875143,9.336871329868615,186.65728154882692,0.0,0.0,14.12609291562619,16.773025754698993,424.8015572954486,0.0,0.0,206.14990768555345,247.06910911295675,5313.3875929916389,0.0,0.0,17.87396537962021,21.47989214206095,431.5139846123785,0.0,0.0,154.1852974989036,185.5714753368636,3596.672885820097,32.70397946804295,22.430712941044555,338.04034268532868,404.4179283884967,9946.843451206138,0.0,0.0,169.49510460441923,204.48514805011136,3727.8820778479578,1029.059694480061,21.59994404121806,31.323105797830928,21.5,30.0,0.0,21.812232643024037,36.97890719837374,21.0,30.0,142.59294557565995,20.851397080635267,32.2923899870802,21.0,30.0,0.0,20.850548913351458,32.27625295281359,16.0,30.0,0.0,18.08186041147487,40.56797758653698,12.0,30.0,0.0,21.215047713092284,41.66218788975378,19.0,30.0,0.0,18.979775305496945,37.659568225095,10.0,30.0,0.0,18.138475564144426,40.10234240988598,12.0,30.0,0.0,17.718812671928306,41.16332843781854,16.0,30.0,0.0,19.55505306936933,0.0,0.0,0.0,17.021428412815078,0.0,0.0,745.3595782629735,1082.1358554974918,720.1308875641503,718.6720409705932,837.9690394236297,1299.8066811287577,797.3361760250052,821.0770341692049,817.8835833316822,9411.86642340714,81.7816633712163,81.7816633712163,570.0,0.0,570.0,570.0,21.0,16.0,19.0,16.0,12.0,12.0,21.0,10.0,1.0,0.0,1029.059694480061,0.0,142.59294557565995,0.0,0.0,0.0,0.0,0.0,0.0,0.0,0.0,81.7816633712163,81.7816633712163,0.34,0.7692375425268181,0.36028137401965956,81.7816633712163,0.3542647819438875,0.0,0.010006666666666666 
 04/18  21:30:00,6.0,73.0,2.2,0.0,0.0,0.0,0.0,0.0,2.0,0.0,0.0,4.0,0.0,0.0,0.0,880.0,0.0,0.0,0.0,0.0,0.0,0.0,0.0,0.0,0.0,0.0,0.0,21.272495685716615,-194.8681239469231,21.463396555430898,-127.3120909066107,21.400889356721124,-1434.0612253989289,20.40203902463467,446.79028860281837,18.109177836000215,10.578943749955088,20.87653457374544,-44.955091474876187,18.82477861543432,3.920079828852977,18.066236849859317,-37.32701037493007,17.90748879106861,-176.36635115802666,888.0927065963733,719.2730634581981,0.0,0.0,0.0,0.0,0.0,0.0,0.0,0.0,0.0,0.0,0.0,0.0,0.0,0.0,0.0,0.0,0.0,0.0,0.0,0.0,0.0,0.0,1.6026926397192412,0.4892224174967158,239.54946435161598,285.3178386574618,7417.304701433261,0.1982936323750422,0.030264595905836718,29.833626721656605,35.4256329319376,950.0226360575779,2.483572879593633,0.46930704451882729,394.11321538796849,468.5194584024392,12562.53664576494,0.35932692705950228,0.06790002400973208,240.84062693179758,286.89709968852517,7265.015995682967,0.0,0.0,7.774159721901949,9.354602983938321,190.88571663524949,0.0,0.0,14.357266221195334,17.07000084925843,438.9218058681354,0.0,0.0,204.86171549795467,245.87805793694793,5341.029772252326,0.0,0.0,17.719493390077948,21.326101999052363,433.7257023296835,0.0,0.0,152.70797238239894,184.04126026379132,3620.261130246782,32.81208446641196,22.504859030460886,394.32317050247567,472.04658575936426,11852.873044929469,0.0,0.0,167.8189510550198,202.78341407214794,3733.049864736515,0.0,21.3252197400188,31.81208508902263,21.0,30.0,0.0,21.797501941598136,36.63851617954739,21.0,30.0,1884.0431670616604,21.774755678416054,30.555298905220086,21.5,30.0,0.0,20.88453777973779,32.40503213820607,16.0,30.0,0.0,18.08979720936397,40.621198248987507,12.0,30.0,0.0,21.216857978048027,41.724316903307087,19.0,30.0,0.0,18.872759057075294,37.841104716206277,10.0,30.0,0.0,18.05031801533851,40.312294125681578,12.0,30.0,0.0,17.654590162410977,41.28057253869832,16.0,30.0,0.0,19.606527938105644,0.0,0.0,0.0,16.8920246442027,0.0,0.0,741.4189477753322,1059.2877539467866,717.6069218555803,726.5853930028022,839.2280796373265,1300.3221425815928,790.932860410377,818.1137972297677,813.3465568449245,4047.918698816714,82.82384349907905,82.82384349907905,570.0,0.0,570.0,570.0,21.0,16.0,19.0,16.0,12.0,12.0,21.0,10.0,1.0,0.0,0.0,0.0,1884.0431670616604,0.0,0.0,0.0,0.0,0.0,0.0,0.0,0.0,82.82384349907905,82.82384349907905,0.17,0.3856240696599218,0.18014068700982978,82.82384349907905,0.17713239097194376,0.0,0.008993333333333333 
 04/18  21:40:00,5.75,74.66666666666667,2.0566666666666668,0.0,0.0,0.0,0.0,0.0,2.0,0.0,0.0,4.0,0.0,0.0,0.0,220.0,0.0,0.0,0.0,0.0,0.0,0.0,0.0,0.0,0.0,0.0,0.0,20.90281974341616,-144.08199910298255,21.42788027685922,-182.5978246501204,20.85474490936481,-561.5577116210588,20.359010144975753,104.29389531932429,18.118046654899588,10.184627481667406,20.87126774959303,-39.69068707025133,18.752188957062829,-17.363761633208016,17.98816930396427,-36.1587115210051,17.841295570973366,-166.3705953296485,688.4917708303156,750.4330082476536,0.0,0.0,0.0,0.0,0.0,0.0,0.0,0.0,0.0,0.0,0.0,0.0,0.0,0.0,0.0,0.0,0.0,0.0,0.0,0.0,0.0,0.0,1.6443866780704475,0.5019495354305396,70.09646226639417,83.25403679139355,2198.7449059441566,0.16929733360498196,0.02583903138049175,34.44082790115948,40.762219546191548,1109.0712278762995,2.774897496572036,0.5243570477271423,156.01726468147982,185.40389540763949,4868.501544104939,0.33033154446237536,0.06242092676915632,163.21951089812075,194.0931308002458,4927.888882805192,0.0,0.0,7.353604186599272,8.820444251252863,184.4962502286717,0.0,0.0,14.582178377466292,17.269800371113847,453.35576331498558,0.0,0.0,202.57061587621255,242.4759425640649,5337.60587710113,0.0,0.0,18.056519575868284,21.672061453184339,447.573234510505,0.0,0.0,152.37385685641608,183.12009996425386,3666.2061323789559,32.5986177298336,22.358448374371475,160.684524433181,192.35704574651983,5124.923550662215,0.0,0.0,167.9738387151146,202.42983058229479,3782.029490487006,195.8258707304576,21.00847410819416,33.61504401382222,21.0,30.0,0.0,21.741057637358386,36.081238677984327,21.0,30.0,608.4210162566997,21.015699212185809,31.303130798034379,21.0,30.0,0.0,20.737559746940137,32.96567804612006,16.0,30.0,0.0,18.098244793288744,40.6924669448503,12.0,30.0,0.0,21.21594537454212,41.7718766357654,19.0,30.0,0.0,18.74886345260977,38.30717007294367,10.0,30.0,0.0,17.943086030568158,40.591580166348148,12.0,30.0,0.0,17.569766055411283,41.53454163462687,16.0,30.0,0.0,18.864891549602289,0.0,0.0,0.0,16.765501949113156,0.0,0.0,801.4206154038886,1014.7482452160938,672.2952953798548,739.5589622256375,840.0743078742643,1298.2522406178594,797.010932828966,815.0540532685952,812.2104796702913,9795.880440211893,81.52771548482402,81.52771548482402,570.0,0.0,570.0,570.0,21.0,16.0,19.0,16.0,12.0,12.0,21.0,10.0,1.0,0.0,195.8258707304576,0.0,608.4210162566997,0.0,0.0,0.0,0.0,0.0,0.0,0.0,0.0,81.52771548482402,81.52771548482402,0.34,0.6163683611309826,0.36028137401965956,81.52771548482402,0.3542647819438875,0.0,0.007980000000000001 
 04/18  21:50:00,5.5,76.33333333333333,1.9133333333333334,0.0,0.0,0.0,0.0,0.0,2.0,0.0,0.0,4.0,0.0,0.0,0.0,884.0,0.0,0.0,0.0,0.0,0.0,0.0,0.0,0.0,0.0,0.0,0.0,21.485342238467309,-757.4750849885716,21.417525622757475,-104.36874768259736,21.539880295181257,-1360.3953057790557,20.467477594334946,490.04131034610966,18.122468847301535,8.97804576681473,20.856566021789925,-64.31187068765235,18.79636785665074,72.05373823448622,17.939776570022013,-45.39280776328951,17.78701639271364,-212.37856102127763,907.4496577804941,792.5051355614651,0.0,0.0,0.0,0.0,0.0,0.0,0.0,0.0,0.0,0.0,0.0,0.0,0.0,0.0,0.0,0.0,0.0,0.0,0.0,0.0,0.0,0.0,1.600207000683724,0.48846367542238219,220.98386869801116,262.4025685875153,7366.945268717795,0.25384532591234956,0.038743181610553959,21.77301280277583,25.877035541838408,716.4357398849894,2.7426034974724615,0.5182546291520148,338.38025772743159,401.9585008257347,11211.062859518675,0.387372082159852,0.07319956201055403,303.8540120086735,361.94080248086336,9499.28048833396,0.0,0.0,8.602369146916463,10.348971853425759,220.11979086117874,0.0,0.0,14.894531646944412,17.71086387883825,469.71880762033745,0.0,0.0,217.72097665913817,261.2699971649674,5896.211919713251,0.0,0.0,19.568759607052937,23.560429325041743,492.76156844344316,0.0,0.0,157.6012528660516,190.0123614521378,3850.268988824184,33.141035174349088,22.730476799965083,345.0292778868847,412.987917495479,10803.045673200411,0.0,0.0,174.25043772062643,210.67848619986544,3981.189650917532,1151.3950747533532,21.963278302345559,30.59702621530405,21.75,30.0,0.0,21.747202044959985,36.90859719995108,21.0,30.0,1979.142253352392,21.966963258451519,30.374688645398245,21.5,30.0,0.0,21.004303872311888,32.22365245231542,16.0,30.0,0.0,18.09980773342187,40.655110035991437,12.0,30.0,0.0,21.19668066580772,41.5458036814389,19.0,30.0,0.0,18.864884019059486,37.98752677999032,10.0,30.0,0.0,17.891971091197126,40.74943964890418,12.0,30.0,0.0,17.505889272491744,41.76917672390484,16.0,30.0,0.0,19.472427278998067,0.0,0.0,0.0,16.675850854254859,0.0,0.0,732.6941869173696,1061.1012742612634,719.6724132239431,721.862079463755,836.5725107690001,1281.6473874578654,790.6394649952151,814.3677242232997,812.3174955424372,7036.1543915244769,81.99822107446116,83.95246270325203,570.0,0.0,570.0,570.0,21.0,16.0,19.0,16.0,12.0,12.0,21.0,10.0,1.0,0.0,1151.3950747533532,0.0,1979.142253352392,0.0,0.0,0.0,0.0,0.0,2957.1440419882658,1774286.4251929594,2296904.019100036,81.99822107446116,83.98565221374588,0.2685714680662755,0.5771370705713059,0.27021103051474468,83.98565221374588,0.2656985864579156,2296904.019100036,0.12729234232653523 
 04/18  22:00:00,5.25,78.0,1.77,0.0,0.0,0.0,0.0,0.0,2.0,0.0,0.0,4.0,0.0,0.0,0.0,444.0,0.0,0.0,0.0,0.0,0.0,0.0,0.0,0.0,0.0,0.0,0.0,21.33375549804998,-685.0899455526603,21.4301791099386,-128.3394281394577,20.740224737313925,-300.81758491835446,20.447258784092158,-48.42658590684641,18.127556870664376,9.996250300411049,20.832555365859436,-51.24898082052664,18.79443042668108,-40.12513304849108,17.87480086697995,-45.930219221497228,17.712385796952178,-198.89585434937818,926.7838577280954,873.5050263451963,0.0,0.0,0.0,0.0,0.0,0.0,0.0,0.0,0.0,0.0,0.0,0.0,0.0,0.0,0.0,0.0,0.0,0.0,0.0,0.0,0.0,0.0,1.675571791298626,0.5114688007627064,157.91763992223538,187.28718882134707,5290.949688814944,0.21152463043523365,0.03228397900415654,28.118458592543989,33.31041286987476,937.8824281489428,3.0705791923243379,0.580230384037101,358.2873140667655,426.6683410000036,11320.651994746022,0.355410737003768,0.06716000321310807,275.2851949348557,327.9060435896792,8690.073405336052,0.0,0.0,7.911502645114577,9.511512937507009,206.5454129854822,0.0,0.0,14.417216304514149,17.123000952649428,461.1822116763441,0.0,0.0,224.47968656427333,269.18594761483078,6175.972666572952,0.0,0.0,21.00724982983604,25.276426660619728,536.3429947993675,0.0,0.0,167.1560484371572,201.402500934237,4138.7532419015519,33.04340804812655,22.663517179785019,367.1668551091475,439.22995240241007,11539.386537909513,0.0,0.0,185.74769277560336,224.36294628520057,4341.3083566773279,956.6331710985859,21.58282176191478,31.574222231761156,21.5,30.0,0.0,21.78055683388303,37.88924866661803,21.0,30.0,164.38429770122765,20.815872830806236,32.544627383839728,21.0,30.0,0.0,20.89187744420684,32.4367315206502,16.0,30.0,0.0,18.104625981168497,40.56112233931396,12.0,30.0,0.0,21.166863690881955,41.471746963024028,19.0,30.0,0.0,18.831284477702658,38.092450776674969,10.0,30.0,0.0,17.807814789536509,41.01140697093649,12.0,30.0,0.0,17.411107959748518,42.023308368048137,16.0,30.0,0.0,19.54808993059547,0.0,0.0,0.0,16.68479764094144,0.0,0.0,744.2838002224373,1117.868107430445,715.8490602818895,717.800372498481,829.4235594862209,1271.5765770062608,790.2761436424487,813.0470807634732,809.6731316028186,8421.116296948125,82.43676494037382,82.43676494037382,570.0,0.0,570.0,570.0,21.0,16.0,19.0,16.0,12.0,12.0,21.0,10.0,1.0,0.0,956.6331710985859,0.0,164.38429770122765,0.0,0.0,0.0,0.0,0.0,0.0,0.0,0.0,82.43676494037382,82.43676494037382,0.34,0.7709470104984353,0.36028137401965956,82.43676494037382,0.3542647819438875,0.0,0.0077266666666666659 
 04/18  22:10:00,4.986666666666666,79.33333333333333,1.7616666666666668,0.0,0.0,0.0,0.0,0.0,2.0,0.0,0.0,4.0,0.0,0.0,0.0,2220.0,0.0,0.0,0.0,0.0,0.0,0.0,0.0,0.0,0.0,0.0,0.0,21.24204927771587,-364.7060537021247,21.40624068206714,-158.55821853974929,21.0202618018832,-1000.301805363604,20.3226263816752,346.59972064963616,18.128777636072987,4.120838570365675,20.821236100326609,-34.70252896827222,18.77550784572388,-3.038307726595452,17.80715140239891,-84.66868566475795,18.8473144686824,-281.4848033481025,833.6799570738753,774.5851150606014,0.0,0.0,0.0,0.0,0.0,0.0,0.0,0.0,0.0,0.0,0.0,0.0,0.0,0.0,0.0,0.0,0.0,0.0,0.0,0.0,0.0,0.0,1.701987046801837,0.5195320655683264,139.4252937918221,166.11871206966365,4639.698355196113,0.21034735879700776,0.03210429774069105,31.412307992465395,37.31810649299462,1061.4977513477527,2.9797596293398924,0.5630687130271908,281.4775022388119,335.2477685445272,9440.133782127195,0.3776572520405161,0.07136380424046034,237.10868140526086,283.0326298209101,7528.214200231375,0.0,0.0,8.098364469281793,9.750506824854519,215.663871904973,0.0,0.0,14.01769909423927,16.684376997469536,455.57455031440539,0.0,0.0,162.6812201245851,195.41603886559836,4552.298976122166,0.0,0.0,31.0091509052408,37.37085005825209,802.1312212691843,0.0,0.0,123.48497385139439,148.05009666407919,3563.616900512469,33.12786440846294,22.72144335285525,280.6755084610193,336.8332964994762,9068.504367203232,0.0,0.0,127.72046602860448,154.61911221236745,3003.3947854809368,203.4865682065383,21.340000933982144,32.122350227045888,21.1,30.0,0.0,21.748914153309149,37.22626647300217,21.000000000000005,30.0,1182.757251364834,21.42265671380422,31.358167597110318,21.300000000000006,30.0,0.0,20.75368452594388,32.81731989064008,15.999999999999999,30.0,0.0,18.102433625525796,40.524367130737,12.0,30.0,0.0,21.163815966701458,40.49807535762971,19.0,30.0,0.0,18.829079125735356,38.05253352957819,10.0,30.0,0.0,17.71706838579523,41.258441579369087,12.0,30.0,2066.351726708241,19.219590963180598,37.422140490780247,19.799999999999998,30.0,0.0,19.17899546047901,0.0,0.0,0.0,16.391152591691669,0.0,0.0,743.3465173328385,1073.3017474140903,708.9728767267478,718.8425236067808,824.9937883698027,1256.8001226750806,781.7369796803596,810.8130240222595,798.0244774371807,9953.36942035857,81.42354251215528,82.79999313526247,570.0,0.0,570.0,570.0,21.0,16.0,19.0,19.0,12.0,12.0,21.0,10.0,1.0,0.0,203.4865682065383,0.0,1182.757251364834,0.0,0.0,0.0,0.0,2066.351726708241,2083.1168987911407,1249870.1392746843,1634278.6694017794,81.42354251215528,82.82336983634531,0.3414372299597047,0.7697270920389965,0.3602813740196596,82.82336983634531,0.3542647819438876,1634278.6694017794,0.0925824908088925 
 04/18  22:20:00,4.723333333333334,80.66666666666667,1.7533333333333335,0.0,0.0,0.0,0.0,0.0,2.0,0.0,0.0,4.0,0.0,0.0,0.0,888.0,0.0,0.0,0.0,0.0,0.0,0.0,0.0,0.0,0.0,0.0,0.0,21.416603125937628,-645.4246837185343,21.381808797603655,-111.3145297710995,21.254251384390856,-953.4061913673611,20.445957852892265,410.59833150239958,18.123954885940944,2.955193924976385,20.807400698528285,-40.555022875987507,18.72764761881401,58.086486374605787,17.708455377654148,-88.24765443744309,18.951911446593685,-163.89878040033489,911.4965469187791,745.5503955731138,0.0,0.0,0.0,0.0,0.0,0.0,0.0,0.0,0.0,0.0,0.0,0.0,0.0,0.0,0.0,0.0,0.0,0.0,0.0,0.0,0.0,0.0,1.7020582205009612,0.5195537913617097,145.5167951595002,172.95113695406426,4980.166849581213,0.2611962742443634,0.03986512122166719,22.615296176810995,26.858292835791187,778.991295691525,3.053637650414691,0.5770290344698965,271.4178928835989,322.7588867892898,9335.63026415757,0.39829258316288848,0.07526314874582167,278.6962201523172,332.2374542203034,9113.673751046821,0.0,0.0,9.188352891700193,11.056050047036056,249.42232048835826,0.0,0.0,12.709889062005562,15.121847116825287,419.5628310124665,0.0,0.0,155.1664166527765,186.28878156411688,4412.959818814558,0.0,0.0,35.07105175897405,42.27430073745386,916.8394325239297,0.0,0.0,123.83940613404919,148.3779964575948,3662.232310423106,33.605517254864327,23.049051615133285,282.56393119397407,338.78359705373699,9299.636978297489,0.0,0.0,115.00957697077415,139.24334677928119,2724.4132902646545,735.1190998085228,21.703377326100214,31.253325193768114,21.5,30.0,0.0,21.725827556168647,37.566773625970977,21.0,30.0,1389.0659744709383,21.666349521189379,30.916929937995979,21.5,30.0,0.0,20.983051040597546,32.31160695595145,16.0,30.0,0.0,18.09165086430574,40.342009855585498,12.0,30.0,0.0,21.15378892156032,38.835980187654929,19.0,30.0,0.0,18.763291153559263,38.21419434765636,10.0,30.0,0.0,17.57468345554403,41.69910252972905,12.0,30.0,0.0,19.356880579077285,36.92833347416749,19.0,30.0,0.0,19.25045893859662,0.0,0.0,0.0,16.28334831644861,0.0,0.0,730.8252413169017,1085.3413968751725,707.211663209227,712.3839686553661,811.2129399828264,1222.8577190662564,778.7478112257901,811.4765062858643,786.1148974963272,5441.237528571273,81.26945974618622,83.14141457374537,570.0,0.0,570.0,570.0,21.0,16.0,19.0,19.0,12.0,12.0,21.0,10.0,1.0,0.0,735.1190998085228,0.0,1389.0659744709383,0.0,0.0,0.0,0.0,0.0,2832.763737729215,1699658.242637529,2231539.817423756,81.26945974618622,83.17320658118087,0.17942545792430718,0.38150178694671757,0.18014068700982978,83.17320658118087,0.17713239097194376,2231539.817423756,0.12357673717270199 
 04/18  22:30:00,4.46,82.0,1.745,0.0,0.0,0.0,0.0,0.0,2.0,0.0,0.0,4.0,0.0,0.0,0.0,446.0,0.0,0.0,0.0,0.0,0.0,0.0,0.0,0.0,0.0,0.0,0.0,21.286187009937536,-639.4087980198556,21.365556925044979,-155.96050011361298,20.75071576716725,-218.72379437762084,20.367525455760913,-26.086359602509675,18.119335436744735,2.219812628379202,20.791694111908126,-27.585878739376797,18.79065173498045,50.938800878293708,17.623983117811826,-91.38321147864133,19.12392871640872,-128.5690445799553,906.3867155659564,628.3140482275317,0.0,0.0,0.0,0.0,0.0,0.0,0.0,0.0,0.0,0.0,0.0,0.0,0.0,0.0,0.0,0.0,0.0,0.0,0.0,0.0,0.0,0.0,1.8008870211137218,0.5497213129162766,154.12117990502143,183.126158870503,5330.633823370696,0.22048062420350979,0.033650888919949609,31.618629235189475,37.481804702605327,1100.0365911478235,3.2006160685250197,0.60480273403723,260.7102553791688,310.49373677609318,8702.9142243245,0.36720476576652147,0.06938865566260796,211.7261656703136,252.31665205438163,6986.161401893446,0.0,0.0,8.070095781805059,9.70359606103031,223.26748970469147,0.0,0.0,12.82293173296494,15.240887259367068,429.8636651443584,0.0,0.0,122.97297326975587,147.51825049477427,3586.6704468244317,0.0,0.0,35.08964539110053,42.27179081141535,928.4563051573074,0.0,0.0,96.34432827624235,115.3807576803634,2902.634789407928,33.55121822597529,23.011809482836286,267.40313933546437,320.3353731463918,8954.446577268503,0.0,0.0,89.54650338148952,108.51413642836175,2100.9374802860359,1053.4231342708575,21.495419662640008,31.765538571269706,21.5,30.0,0.0,21.70807526325714,37.55078265541123,21.0,30.0,198.81529234083579,20.875288165355216,32.506760523730779,21.0,30.0,0.0,20.785995499446576,32.646596641374298,16.0,30.0,0.0,18.083147968360558,40.21689453233832,12.0,30.0,0.0,21.142941377824387,37.87282060407344,19.0,30.0,0.0,18.875386496923796,37.7643401211349,10.0,30.0,0.0,17.45967334790327,41.99258319820608,12.0,30.0,920.0506423176678,19.510136708021979,36.511987965558379,19.5,30.0,0.0,19.19686936140898,0.0,0.0,0.0,15.848549117153148,0.0,0.0,734.1430723898495,1079.4678944845194,709.4782412914494,706.7312597416083,801.2288905860162,1208.6946355205687,766.7125946107734,809.898584862126,779.9741982462251,8251.26323184453,82.54888810718023,82.54888810718023,570.0,0.0,570.0,570.0,21.0,16.0,19.0,19.0,12.0,12.0,21.0,10.0,1.0,0.0,1053.4231342708575,0.0,198.81529234083579,0.0,0.0,0.0,0.0,920.0506423176678,0.0,0.0,0.0,82.54888810718023,82.54888810718023,0.34,0.7708230164395948,0.36028137401965956,82.54888810718023,0.3542647819438875,0.0,0.0074733333333333339 
 04/18  22:40:00,4.196666666666666,83.33333333333333,1.7366666666666666,0.0,0.0,0.0,0.0,0.0,2.0,0.0,0.0,0.0,0.0,0.0,0.0,1338.0,0.0,0.0,0.0,0.0,0.0,0.0,0.0,0.0,0.0,0.0,0.0,20.969105887719726,-361.06332209891368,21.013667142162207,-582.936646619865,20.646941115785347,-104.4868472630731,20.172882830954668,112.52858137655754,18.114407644883607,0.7726817670075366,20.670734861013785,-45.58563733757839,18.667180651648154,-182.3660017323424,17.547476405381649,-103.60251699759891,19.127455258250025,-275.2984557085245,875.9215658756584,1032.5049989022303,0.0,0.0,0.0,0.0,0.0,0.0,0.0,0.0,0.0,0.0,0.0,0.0,0.0,0.0,0.0,0.0,0.0,0.0,0.0,0.0,0.0,0.0,1.6980782228975729,0.5183388958783798,308.23022098979126,367.60804014709898,10433.628159949714,0.2937065432532833,0.04482700599103834,195.06635534346169,232.4811373733524,6648.502297532636,3.2479979134413026,0.6137562194711456,229.95215743837268,274.4070201551359,7782.48021626724,0.3731555575579607,0.07051314390739992,156.13815789131585,186.50016051198726,5131.741279634075,0.0,0.0,9.116126624890982,10.97468690569755,256.8889754773549,0.0,0.0,13.415065658702782,15.977533961330533,453.4567511553769,0.0,0.0,176.65111491521896,212.2464613360905,5157.715556553254,0.0,0.0,38.76294155940271,46.780381618617827,1038.7179188039496,0.0,0.0,149.88730378078345,179.51561158233305,4645.86729375889,33.489446179961728,22.96944182439075,317.79522823306879,381.20677752540237,10725.827255090288,0.0,0.0,142.41071654411923,172.58837989496016,3468.4025335940189,0.0,20.946972293894587,34.245022788931539,21.66666666666665,29.99999999999998,0.0,21.11203152672061,33.45980106287894,11.999999999999993,29.99999999999998,0.0,20.768678477797125,34.48074317890086,21.999999999999984,29.99999999999998,0.0,20.491147242054667,35.110795501978468,11.999999999999993,29.99999999999998,0.0,18.07566967927188,40.24737778430388,11.999999999999993,29.99999999999998,0.0,21.016172763941058,37.48480293334019,11.999999999999993,29.99999999999998,0.0,18.6053532561211,39.269269875944477,9.999999999999993,29.99999999999998,0.0,17.360392211849047,42.20247085332338,11.999999999999993,29.99999999999998,0.0,19.547763785089736,36.858558618162387,18.999999999999987,29.99999999999998,0.0,19.052803611716045,0.0,0.0,0.0,16.08628524637025,0.0,0.0,808.8135359308121,782.0855083602004,800.0770798995144,802.8885445380225,799.7794538351644,1189.3396580364134,808.3051181384461,807.1001195617384,801.2928042795777,0.0,84.19786446907416,84.19786446907416,59.99999999999996,0.0,59.99999999999996,59.99999999999996,12.0,12.0,12.0,19.0,12.0,12.0,21.0,10.0,0.0,0.0,0.0,0.0,0.0,0.0,0.0,0.0,0.0,0.0,0.0,0.0,0.0,84.19786446907416,84.19786446907416,0.0,0.0,0.0,84.19786446907416,0.0,0.0,0.0007800000000000001 
 04/18  22:50:00,3.9333333333333337,84.66666666666667,1.7283333333333333,0.0,0.0,0.0,0.0,0.0,2.0,0.0,0.0,0.0,0.0,0.0,0.0,669.0,0.0,0.0,0.0,0.0,0.0,0.0,0.0,0.0,0.0,0.0,0.0,20.624286950447723,-118.47984226111893,20.61961587080025,-416.73259541254699,20.39594666475285,-110.11206567026625,20.049604297455624,-60.92145411844639,18.105632359738914,-1.7802214620696014,20.528987984231667,-47.321865760049679,18.441731342978394,-124.81263266510823,17.488304446245047,-89.3531369809738,18.777799974762617,-168.5117156238207,638.1743356286777,916.5118138192544,0.0,0.0,0.0,0.0,0.0,0.0,0.0,0.0,0.0,0.0,0.0,0.0,0.0,0.0,0.0,0.0,0.0,0.0,0.0,0.0,0.0,0.0,1.737499860555198,0.5303723628068374,140.05277716210495,167.15813978537359,4710.288349718789,0.31725457277264559,0.048421027590452667,97.22838681511993,116.01628632680273,3236.260558868803,3.0945645965100549,0.5847627733390134,124.6612607876001,148.81832689688003,4228.430384153279,0.34597817563830376,0.06537758420980799,110.39863171695279,131.89471018400324,3651.733425846412,0.0,0.0,8.59525424419889,10.340866064589952,246.5951029704901,0.0,0.0,13.096816746180736,15.6004731946418,444.6337189828773,0.0,0.0,166.6834178634313,200.41653883626493,4838.229138630966,0.0,0.0,34.72337283274711,41.887686788131308,944.4180327799099,0.0,0.0,140.02808756588727,167.95755535454499,4256.068335234454,33.26527316991399,22.81568804520852,146.520321411039,176.16159417635275,5207.195094750801,0.0,0.0,134.10259398874468,162.53049724062306,3293.928014475423,0.0,20.421835058636899,34.30714777604161,22.000000000000019,30.00000000000002,0.0,20.488256051315238,33.674514529165609,12.00000000000001,30.00000000000002,0.0,20.364021374059214,34.76948043271454,22.000000000000019,30.00000000000002,0.0,20.27866535953322,35.16210620535696,12.00000000000001,30.00000000000002,0.0,18.062008946076518,40.401697110296698,12.00000000000001,30.00000000000002,0.0,20.81292287395439,36.82831329052587,12.00000000000001,30.00000000000002,0.0,18.23355121783175,40.027219707634909,10.000000000000007,30.00000000000002,0.0,17.290355491407888,42.53785200895908,12.00000000000001,30.00000000000002,0.0,18.940935711746428,38.412624216372687,19.33333333333335,30.00000000000002,0.0,18.149151820245167,0.0,0.0,0.0,15.91540186247811,0.0,0.0,751.5187276969763,721.4773172488438,769.0410414846986,779.4537270342416,803.0328108369255,1146.739341058996,800.2261483671266,812.1048171234955,807.8531969815379,0.0,84.19786446907429,84.19786446907429,60.00000000000004,0.0,60.00000000000004,60.00000000000004,12.0,12.0,12.0,19.0,12.0,12.0,21.0,10.0,0.0,0.0,0.0,0.0,0.0,0.0,0.0,0.0,0.0,0.0,0.0,0.0,0.0,84.19786446907429,84.19786446907429,0.0,0.0,0.0,84.19786446907429,0.0,0.0,0.0007833333333333334 
 04/18  23:00:00,3.67,86.0,1.72,0.0,0.0,0.0,0.0,0.0,2.0,0.0,0.0,0.0,0.0,0.0,0.0,669.0,0.0,0.0,0.0,0.0,0.0,0.0,0.0,0.0,0.0,0.0,0.0,20.33437849116772,-219.9838880099022,20.271714302907477,-372.5053553729198,20.15744978435169,-224.83315082782296,19.769527305910626,-157.73107879756297,18.09388671061781,-4.534209008577414,20.415426264234399,-48.53691365328598,18.273253993575059,-175.1239294119967,17.431044099551579,-98.21211025119738,18.571641498517005,-146.41834124198307,744.7176625820721,744.2952306157813,0.0,0.0,0.0,0.0,0.0,0.0,0.0,0.0,0.0,0.0,0.0,0.0,0.0,0.0,0.0,0.0,0.0,0.0,0.0,0.0,0.0,0.0,1.7239816655719047,0.5262459296617541,268.99978082910777,321.66476753074246,8912.175491523587,0.30874820087109969,0.04712274128069291,203.02232541224138,242.8553036470319,6666.01520803381,2.9632941382056789,0.5599573201446867,157.55357000650543,188.4403701870926,5282.084462179058,0.325834051282235,0.06157106033299986,156.55229249890054,187.3847685458977,5100.897374146234,0.0,0.0,7.320154996772123,8.805182354556326,213.67728178522246,0.0,0.0,12.860057585187905,15.327727719506687,439.7329420386851,0.0,0.0,142.1374754923209,171.03011187305624,4123.803710588915,0.0,0.0,28.76085738944552,34.69686001342066,793.8569289447878,0.0,0.0,118.539818146767,142.3141016359727,3588.9682836618856,32.82196434268119,22.511635351633218,332.3079786459844,399.42911000069008,11008.574881574594,0.0,0.0,113.96905776642798,138.28107173248157,2772.7970909905855,0.0,19.962544680001579,34.598320953500898,22.000000000000019,30.00000000000002,0.0,19.948501194008974,34.38087811366189,12.00000000000001,30.00000000000002,0.0,19.983399136425846,34.78706714916622,22.000000000000019,30.00000000000002,0.0,19.791261948479169,35.17917751546226,12.00000000000001,30.00000000000002,0.0,18.04498628359727,40.4065675358089,12.00000000000001,30.00000000000002,0.0,20.663407551370587,36.316473097363807,12.00000000000001,30.00000000000002,0.0,17.95582447580668,40.27023008500262,10.000000000000007,30.00000000000002,0.0,17.22313236752627,42.80736212341202,12.00000000000001,30.00000000000002,0.0,18.61367667787972,38.8373193014068,20.000000000000015,30.00000000000002,0.0,18.474792188742606,0.0,0.0,0.0,15.52654291248287,0.0,0.0,713.9640150538492,697.811285262379,726.721105804018,723.4753104039241,799.8266178408322,1115.3716532136076,779.2439491668998,816.664705424859,789.5203975403483,0.0,84.19786446907429,84.19786446907429,60.00000000000004,0.0,60.00000000000004,60.00000000000004,12.0,12.0,12.0,19.0,12.0,12.0,21.0,10.0,0.0,0.0,0.0,0.0,0.0,0.0,0.0,0.0,0.0,0.0,0.0,0.0,0.0,84.19786446907429,84.19786446907429,0.0,0.0,0.0,84.19786446907429,0.0,0.0,0.0007866666666666669 
 04/18  23:10:00,3.5100000000000004,86.5,1.6883333333333335,0.0,0.0,0.0,0.0,0.0,2.0,0.0,0.0,0.0,0.0,0.0,0.0,446.0,0.0,0.0,0.0,0.0,0.0,0.0,0.0,0.0,0.0,0.0,0.0,20.178836727942497,-91.24432722290499,20.14503495886169,-286.69028389034079,19.926550520665868,-179.59422907204226,19.634372600164406,-166.33820696232079,18.079766009207057,-5.438807330036127,20.309944145280995,-50.306745972419069,18.15546864007352,-141.74873025910984,17.375622032018606,-94.70424477555867,18.415933808424364,-125.89089565414133,658.8867953782765,766.1196421254022,0.0,0.0,0.0,0.0,0.0,0.0,0.0,0.0,0.0,0.0,0.0,0.0,0.0,0.0,0.0,0.0,0.0,0.0,0.0,0.0,0.0,0.0,1.726181948392728,0.526917566664447,134.7297202979429,160.94863507531043,4482.426017596677,0.3164059373843716,0.048291504484794207,103.58519709827906,123.69808055755489,3402.7321368798159,3.068724269335779,0.5798798694889985,200.3527118368895,239.51496830434173,6619.745616729102,0.3321238834605735,0.06275961516639708,130.5267791791261,156.115875327765,4248.216292171118,0.0,0.0,7.472218228245088,8.984322024668867,220.28884646603204,0.0,0.0,12.90527660285895,15.379437699128769,442.1234786488298,0.0,0.0,147.22920676590929,177.17007515046493,4274.686847206094,0.0,0.0,27.687089413418606,33.38709212722651,769.9014377497069,0.0,0.0,120.87911588494598,145.16414650731449,3646.9977110330148,32.726720263050527,22.446310194136168,210.20877379185783,252.61072152078996,7201.4875043901979,0.0,0.0,115.669849224471,140.34635957042065,2819.138932600261,0.0,19.79053933136868,34.777791017782657,22.0,30.0,0.0,19.83569620530703,34.34943663775471,12.0,30.0,0.0,19.634629417041148,34.96372483140075,22.0,30.0,0.0,19.602870011123277,35.15202135764561,12.0,30.0,0.0,18.02611396246391,40.345727088044409,12.0,30.0,0.0,20.526710896839789,35.89902703687858,12.0,30.0,0.0,17.7937957712266,40.52369501192484,10.0,30.0,0.0,17.15962889924935,42.866715708790099,12.0,30.0,0.0,18.38345503329782,39.2165746594101,20.0,30.0,0.0,18.112626309261619,0.0,0.0,0.0,15.383481666028395,0.0,0.0,704.4533256946611,684.4055537162959,695.6714938763203,701.6395985129299,793.8368097625587,1088.9038560845557,772.2110549680957,812.3524175613943,781.1115062403486,0.0,84.19786446907423,84.19786446907423,60.0,0.0,60.0,60.0,12.0,12.0,12.0,19.0,12.0,12.0,21.0,10.0,0.0,0.0,0.0,0.0,0.0,0.0,0.0,0.0,0.0,0.0,0.0,0.0,0.0,84.19786446907423,84.19786446907423,0.0,0.0,0.0,84.19786446907423,0.0,0.0,0.00079 
 04/18  23:20:00,3.35,87.0,1.6566666666666668,0.0,0.0,0.0,0.0,0.0,2.0,0.0,0.0,0.0,0.0,0.0,0.0,669.0,0.0,0.0,0.0,0.0,0.0,0.0,0.0,0.0,0.0,0.0,0.0,19.973942985867077,-290.5250244138465,19.98352957604846,-194.62649292239869,19.777870434791479,-252.87104853419826,19.489888017126107,-81.64263629067119,18.066308765915595,-5.738736689677928,20.22495533452569,-51.24131561523317,18.073231104284824,-152.84604215975765,17.32642811093516,-98.19819865178454,18.310653353131923,-122.77706246678366,628.2746237886668,726.4967827899966,0.0,0.0,0.0,0.0,0.0,0.0,0.0,0.0,0.0,0.0,0.0,0.0,0.0,0.0,0.0,0.0,0.0,0.0,0.0,0.0,0.0,0.0,1.716344884067507,0.5239147997764062,197.51636889323238,236.44612671429028,6479.3738097111549,0.3167140033659973,0.04833852310225843,56.98641903133864,68.19708029451378,1876.783393407234,3.0950652914508325,0.584857386895471,207.4583296753987,248.29803035551306,6815.799015257215,0.33484763333622988,0.06327430713080681,102.4485458648991,122.56069911035104,3330.762159315598,0.0,0.0,7.146756912483287,8.598996330462573,212.78090617142505,0.0,0.0,12.636576804585744,15.076457449563844,434.6014921977553,0.0,0.0,141.14334347542545,170.02311522516733,4114.652037143562,0.0,0.0,25.884725254760928,31.24097910792179,725.5397016648446,0.0,0.0,114.52076622779063,137.68516304764555,3461.4933420766299,32.48517340151159,22.28064019308065,241.75936727433573,290.6655795554936,8203.518482659349,0.0,0.0,109.05717046181433,132.5132946088998,2645.919348539299,0.0,19.47476266332237,34.84451968219535,21.999999999999994,29.99999999999999,0.0,19.639844392374159,34.21269033700243,11.999999999999995,29.99999999999999,0.0,19.4397502231813,35.023095384286659,21.999999999999994,29.99999999999999,0.0,19.41302016928769,35.162797990551137,11.999999999999995,29.99999999999999,0.0,18.011002229256083,40.25026365435428,11.999999999999995,29.99999999999999,0.0,20.429304996005908,35.59441096469265,11.999999999999995,29.99999999999999,0.0,17.688855969028248,40.441549753425778,9.999999999999997,29.99999999999999,0.0,17.108127961290316,42.80533977802608,11.999999999999995,29.99999999999999,0.0,18.246242743070036,39.29148220076681,19.999999999999994,29.99999999999999,0.0,17.98059149266015,0.0,0.0,0.0,15.162511593510642,0.0,0.0,672.5580789581409,656.8719476027395,678.848365704895,681.6990833070495,787.0712070919998,1070.136317904277,756.4556568885762,804.3072555056156,768.563913634855,0.0,84.1978644690742,84.1978644690742,59.99999999999998,0.0,59.99999999999998,59.99999999999998,12.0,12.0,12.0,19.0,12.0,12.0,21.0,10.0,0.0,0.0,0.0,0.0,0.0,0.0,0.0,0.0,0.0,0.0,0.0,0.0,0.0,84.1978644690742,84.1978644690742,0.0,0.0,0.0,84.1978644690742,0.0,0.0,0.00081 
 04/18  23:30:00,3.19,87.5,1.625,0.0,0.0,0.0,0.0,0.0,2.0,0.0,0.0,0.0,0.0,0.0,0.0,446.0,0.0,0.0,0.0,0.0,0.0,0.0,0.0,0.0,0.0,0.0,0.0,19.859902886112807,-111.41849111705938,19.872707024953756,-209.90351437530758,19.661663154814698,-182.70851453915567,19.418074797973597,0.7047134813748812,18.050824655199379,-5.5907673484515219,20.13861419766641,-51.19208344894096,17.967687238714125,-164.35069424202448,17.2719957110568,-98.2810508031705,18.214433780299208,-116.85847234116045,414.0049672943319,733.3814759350566,0.0,0.0,0.0,0.0,0.0,0.0,0.0,0.0,0.0,0.0,0.0,0.0,0.0,0.0,0.0,0.0,0.0,0.0,0.0,0.0,0.0,0.0,1.722568523352757,0.5258145675679966,94.4107906438276,113.1038776295853,3147.6861851392188,0.320056143811081,0.04884861779778404,67.65699108359208,81.1109276833014,2234.136447607412,3.073617098072237,0.5808044403008765,73.06636380663473,87.46074888188277,2476.6410073910458,0.334285597770144,0.06316810237531062,50.45304286773093,60.2987717523339,1657.6033150716383,0.0,0.0,6.9275206907592719,8.3297159573466,208.29398026818229,0.0,0.0,12.662247745698777,15.103155350647097,437.1506361081533,0.0,0.0,139.6785268402052,168.23060520849368,4078.1958347347256,0.0,0.0,24.657127995278363,29.745839729564638,696.2951726779542,0.0,0.0,113.41056061793091,136.31740963182495,3438.055980484051,32.29377576877181,22.14936609655132,93.32329344831219,112.57713302248455,3579.6550758040859,0.0,0.0,108.19521732278474,131.45091271281354,2626.483553085318,0.0,19.384788493152095,34.686482588293049,22.0,30.0,0.0,19.516399051978494,34.062110205210888,12.0,30.0,0.0,19.31784949220711,34.767311536000708,22.0,30.0,0.0,19.34316899377039,35.090647066300039,12.0,30.0,0.0,17.99403138077323,40.07835510177157,12.0,30.0,0.0,20.327349370058536,35.25533487950288,12.0,30.0,0.0,17.542961921392974,40.52812022269397,10.0,30.0,0.0,17.046957695085064,42.73923619743623,12.0,30.0,0.0,18.12295747089337,39.314551899683269,20.0,30.0,0.0,17.210560960276078,0.0,0.0,0.0,15.001849902145818,0.0,0.0,657.8674930778409,637.1341417566132,654.4662637548188,671.8417592401054,776.6638996400197,1049.2763909007513,744.3689258594366,795.2620569315991,755.7935190751775,0.0,84.19786446907423,84.19786446907423,60.0,0.0,60.0,60.0,12.0,12.0,12.0,19.0,12.0,12.0,21.0,10.0,0.0,0.0,0.0,0.0,0.0,0.0,0.0,0.0,0.0,0.0,0.0,0.0,0.0,84.19786446907423,84.19786446907423,0.0,0.0,0.0,84.19786446907423,0.0,0.0,0.00083 
 04/18  23:40:00,3.0300000000000004,88.0,1.5933333333333333,0.0,0.0,0.0,0.0,0.0,2.0,0.0,0.0,0.0,0.0,0.0,0.0,669.0,0.0,0.0,0.0,0.0,0.0,0.0,0.0,0.0,0.0,0.0,0.0,19.74487358656637,-147.8248002193542,19.745953059566117,-428.4155129913421,19.56235635795678,-161.11647117623364,19.35589860360711,-66.88491939198207,18.03426163661091,-7.091183705671846,20.063926364476239,-52.62984369719662,17.862183006687169,-197.7454944574742,17.22388147458443,-97.54291397779696,18.131658217050274,-131.3270596540976,504.91479053814137,753.146852908852,0.0,0.0,0.0,0.0,0.0,0.0,0.0,0.0,0.0,0.0,0.0,0.0,0.0,0.0,0.0,0.0,0.0,0.0,0.0,0.0,0.0,0.0,1.7290614638186375,0.527796539627179,172.10380639541695,206.12360318287029,5693.688503275598,0.31714569807188205,0.0484044105726316,96.81631944600903,115.97371666651245,3189.7525663519329,3.0834915039680768,0.5826703522237489,105.32734504550112,126.25607933736896,3543.055940995177,0.32955208533912519,0.0622736366853978,26.741985589248949,32.07138655472134,887.4090528929228,0.0,0.0,6.9098158516303009,8.315349965392287,209.7517341578826,0.0,0.0,12.896832782406378,15.398082795536056,447.37790010508419,0.0,0.0,141.85103947869696,171.0601536433813,4146.531490868218,0.0,0.0,23.028605185125778,27.8066657756056,655.5828658171182,0.0,0.0,115.68863530129758,139.201754412635,3521.758371171858,32.218395479585648,22.097664937987426,150.3654592746459,181.17958474374337,5370.535990757573,0.0,0.0,111.16360140283645,135.2117553303633,2706.449904868502,0.0,19.245976495227248,34.50912529200141,22.000000000000008,30.00000000000001,0.0,19.35616176026421,33.81010518278648,12.000000000000006,30.00000000000001,0.0,19.219848278982658,34.606845964137217,22.000000000000008,30.00000000000001,0.0,19.267168074439164,34.83437899519462,12.000000000000006,30.00000000000001,0.0,17.976900366961258,39.904285725747339,12.000000000000006,30.00000000000001,0.0,20.247085225320946,34.98756782815235,12.000000000000006,30.00000000000001,0.0,17.39391858883137,40.49397179807739,10.000000000000004,30.00000000000001,0.0,16.998771386223817,42.600841847176848,12.000000000000006,30.00000000000001,0.0,18.02199946515671,39.23303421138715,20.000000000000008,30.00000000000001,0.0,17.396296820143865,0.0,0.0,0.0,14.872573574457613,0.0,0.0,635.4160973059712,610.8103932399104,638.0160395849968,652.5022810300794,766.6283283465871,1031.7431056956185,728.2381238651166,784.3449279969409,742.060785007489,0.0,84.19786446907426,84.19786446907426,60.00000000000002,0.0,60.00000000000002,60.00000000000002,12.0,12.0,12.0,19.0,12.0,12.0,21.0,10.0,0.0,0.0,0.0,0.0,0.0,0.0,0.0,0.0,0.0,0.0,0.0,0.0,0.0,84.19786446907426,84.19786446907426,0.0,0.0,0.0,84.19786446907426,0.0,0.0,0.0008500000000000001 
 04/18  23:50:00,2.8699999999999998,88.5,1.5616666666666668,0.0,0.0,0.0,0.0,0.0,2.0,0.0,0.0,0.0,0.0,0.0,0.0,446.0,0.0,0.0,0.0,0.0,0.0,0.0,0.0,0.0,0.0,0.0,0.0,19.564931492152675,-314.80576952507138,19.601409584022627,-151.29035451172605,19.47827676986944,-71.47069589913053,19.25023534901731,-124.94737260410466,18.012758816060605,-9.361395812183418,19.98478763271452,-56.862118263084457,17.74343018565942,-186.43720410846027,17.176649258019027,-93.97164746359926,18.04039353131376,-143.0320553611873,544.6042646873593,786.5685254528166,0.0,0.0,0.0,0.0,0.0,0.0,0.0,0.0,0.0,0.0,0.0,0.0,0.0,0.0,0.0,0.0,0.0,0.0,0.0,0.0,0.0,0.0,1.743087887749123,0.5320781098135297,157.6297834459893,188.9442201404542,5149.381346534923,0.3307556857084295,0.05048163701288608,101.14808722149374,121.15453606557601,3349.074597019603,3.122691327315124,0.5900777262500236,86.31389794042198,103.40559788024004,2940.7823830657,0.333069099075156,0.06293822733846484,85.84903211271052,102.85015422382816,2829.4525686799568,0.0,0.0,7.317590737594062,8.800216150186478,224.17542614139414,0.0,0.0,12.897136220182358,15.394534827634118,449.37930797236199,0.0,0.0,148.741328066356,179.35156283863285,4348.707368056066,0.0,0.0,21.672293455605059,26.155785703893167,622.1336512726405,0.0,0.0,120.58367369042036,145.05705432570793,3682.820524915251,32.17037685636395,22.064730354159097,164.57672826664698,198.23981321577933,5853.639305092554,0.0,0.0,115.67329333386928,140.6585806687489,2831.002908878202,0.0,18.974784533979304,34.60584631536462,22.0,30.0,0.0,19.200233729691214,34.04732269578771,12.0,30.0,0.0,19.146306723746187,34.55810085770077,22.0,30.0,0.0,19.115428717520936,34.59156284880548,12.0,30.0,0.0,17.952179454051316,39.66967229780609,12.0,30.0,0.0,20.156787576507076,34.68617391634628,12.0,30.0,0.0,17.227567223218587,40.62102722194624,10.0,30.0,0.0,16.95247703113243,42.40488013837695,12.0,30.0,0.0,17.904183351078865,39.19233415020177,20.0,30.0,0.0,17.488672595708537,0.0,0.0,0.0,14.769495079799736,0.0,0.0,614.5920478986454,609.5060696310736,629.715939092468,627.2344978534188,753.566563066518,1010.6819427596856,716.1922807009682,771.4020792591466,728.6826255168206,0.0,84.19786446907423,84.19786446907423,60.0,0.0,60.0,60.0,12.0,12.0,12.0,19.0,12.0,12.0,21.0,10.0,0.0,0.0,0.0,0.0,0.0,0.0,0.0,0.0,0.0,0.0,0.0,0.0,0.0,84.19786446907423,84.19786446907423,0.0,0.0,0.0,84.19786446907423,0.0,0.0,0.0008900000000000001 
 04/18  24:00:00,2.71,89.0,1.53,0.0,0.0,0.0,0.0,0.0,2.0,0.0,0.0,0.0,0.0,0.0,0.0,446.0,0.0,0.0,0.0,0.0,0.0,0.0,0.0,0.0,0.0,0.0,0.0,19.350966695135818,-124.18301566012542,19.525367687844406,-391.9322480927376,19.36675172334956,-253.77249845449979,19.228958938133876,-16.984255761118477,17.98676441600789,-12.245103417510422,19.90680745579958,-61.27589693388893,17.555519251358004,-283.29851820635579,17.148883828749925,-70.75190493712174,17.925006486623539,-192.19882212807216,616.895488772926,833.0154256358767,0.0,0.0,0.0,0.0,0.0,0.0,0.0,0.0,0.0,0.0,0.0,0.0,0.0,0.0,0.0,0.0,0.0,0.0,0.0,0.0,0.0,0.0,1.7599924191141217,0.5372382231728088,410.8980100735485,492.7970279042069,13414.241732676577,0.31588728407667079,0.04821234494454682,232.87106473476818,278.99427004284908,7712.091513066144,2.9592941660179319,0.5592014675014991,153.226306057714,183.6162217029856,5123.145421097381,0.31447970290119867,0.05942549185585762,7.23678377636673,8.66726354272896,250.72217697264046,0.0,0.0,7.07549754538894,8.513395698760377,218.62401971635027,0.0,0.0,13.85330417732189,16.540577141346945,484.82712786243766,0.0,0.0,155.05322279362128,187.20816646766623,4495.816551216226,0.0,0.0,15.446602425173103,18.644952187103024,448.18926914604097,0.0,0.0,131.74191394573598,158.60180688512356,4024.74896334396,31.934483914885008,21.902938213227036,369.46272408904806,444.78481433616857,12193.277064155285,0.0,0.0,127.5011020337937,155.11070795311003,3143.891227377925,0.0,18.69075638293393,35.03131375572033,22.0,30.0,0.0,19.125859293590353,33.89557113125176,12.0,30.0,0.0,18.998324848942546,34.14669405957508,22.0,30.0,0.0,19.14327537038755,34.61968193154864,12.0,30.0,0.0,17.920915984277497,39.39104610702047,12.0,30.0,0.0,20.06872591934102,34.436401282548789,12.0,30.0,0.0,16.92432069707761,40.93231106211102,10.0,30.0,0.0,16.944827383044215,41.99775009437681,12.0,30.0,0.0,17.739155260656319,39.06226467837189,20.0,30.0,0.0,17.67963918108206,0.0,0.0,0.0,14.694909554520644,0.0,0.0,608.0996348502902,597.4024298035292,597.4363473685745,633.0865990157076,738.8109146239385,989.5393273458612,700.9809362696162,754.647444616719,709.5386635602636,0.0,84.19786446907423,84.19786446907423,60.0,0.0,60.0,60.0,12.0,12.0,12.0,19.0,12.0,12.0,21.0,10.0,0.0,0.0,0.0,0.0,0.0,0.0,0.0,0.0,0.0,0.0,0.0,0.0,0.0,84.19786446907423,84.19786446907423,0.0,0.0,0.0,84.19786446907423,0.0,0.0,0.00093 
 04/19  00:10:00,2.6066666666666666,89.5,1.5683333333333334,0.0,0.0,0.0,0.0,0.0,2.0,2.0,0.0,0.0,0.0,0.0,0.0,892.0,0.0,0.0,0.0,0.0,0.0,0.0,0.0,0.0,0.0,0.0,0.0,19.441224179303853,-166.73183142800543,19.35398185297872,-206.28064731688733,19.27577922283359,-45.02825346445343,19.10705432814695,-209.4318770262897,17.964588342026553,-10.51937610263029,19.83831398062852,-62.36198098179578,17.730112388336698,131.91400926421233,17.12448764105614,-87.40657282372665,17.969406123062514,-13.99182317378785,531.8996001551248,236.7063623751345,0.0,0.0,0.0,0.0,0.0,0.0,0.0,0.0,0.0,0.0,0.0,0.0,0.0,0.0,0.0,0.0,0.0,0.0,0.0,0.0,0.0,0.0,1.7378826484608612,0.5304892089318868,197.12511710731008,236.81982447956984,6563.418582092165,0.3258133017302298,0.04972730490388123,115.15916331711888,138.36170629490287,3804.0048086598028,3.0594220578193118,0.5781220819764386,107.81704416147791,129.47763056246738,3655.544261651691,0.31821229755289806,0.06013081964340474,73.4396872881349,88.21693384278589,2436.838936064768,0.0,0.0,7.370957202859405,8.876537434225212,228.95217322871432,0.0,0.0,14.282425823157972,17.07750458885744,500.8764747641583,0.0,0.0,51.4451041081674,62.068390622814877,1546.0671970206236,0.0,0.0,15.236619764438867,18.397757535894756,444.8890994532402,0.0,0.0,17.47478141831847,21.05239948922725,541.6292642014117,31.93688786916138,21.904587015885729,194.20425308457966,234.4882320102397,6809.54415882346,0.0,0.0,26.117024957464517,31.8940901831581,601.8942055285448,0.0,18.923024382866104,34.245588959027049,22.0,30.0,0.0,18.912689761376155,33.95896373297528,12.0,30.0,0.0,18.91755291320093,34.30621065477278,22.0,30.0,0.0,18.948227448742835,34.032921346186899,12.0,30.0,0.0,17.899635776627997,39.026415228934208,12.0,30.0,0.0,19.9997899227454,34.111410077181037,12.0,30.0,0.0,17.365439051764417,38.46852034441329,10.0,30.0,0.0,16.939526970896947,41.68409557102737,12.0,30.0,0.0,17.873545053411996,38.55522538071563,20.0,30.0,0.0,17.33501161065821,0.0,0.0,0.0,13.772512113271656,0.0,0.0,596.2271723139211,581.3441755089197,598.2250039992289,588.9237266172945,720.017999493443,960.5417280099582,631.5043338870835,744.4777237977851,762.9934717524767,0.0,84.19786446907423,84.19786446907423,60.0,0.0,60.0,60.0,12.0,12.0,12.0,19.0,12.0,12.0,21.0,10.0,0.0,0.0,0.0,0.0,0.0,0.0,0.0,0.0,0.0,0.0,0.0,0.0,0.0,84.19786446907423,84.19786446907423,0.0,0.0,0.0,84.19786446907423,0.0,0.0,0.00097 
 04/19  00:20:00,2.5033333333333336,90.0,1.606666666666667,0.0,0.0,0.0,0.0,0.0,2.0,2.0,0.0,0.0,0.0,0.0,0.0,446.0,0.0,0.0,0.0,0.0,0.0,0.0,0.0,0.0,0.0,0.0,0.0,19.388128989325226,-117.01860913095357,19.285125297430559,-364.3701879902849,19.15008410604156,-356.01900363155809,19.0533429409911,-3.475896490372797,17.94333006840104,-5.207523831638582,19.7693965715219,-46.39843395973665,18.023621000012484,65.50840287498636,17.018010531061117,-150.26052185155499,18.064206430531607,-17.137239334808528,408.6917970629645,320.07116762718558,0.0,0.0,0.0,0.0,0.0,0.0,0.0,0.0,0.0,0.0,0.0,0.0,0.0,0.0,0.0,0.0,0.0,0.0,0.0,0.0,0.0,0.0,1.750028279441073,0.534196666496054,149.17595699839647,178.73742488957266,5013.093389306565,0.32645014215629755,0.049824502771107687,84.37764710525627,101.1468615714033,2784.5119067787957,3.112107871062654,0.58807782899899,74.60993518521545,89.46346881599952,2520.311037875745,0.3288566656338954,0.06214222706611777,35.4433244818712,42.4309310410734,1189.2547678957379,0.0,0.0,6.587787623990577,7.927435050014751,205.7920773603879,0.0,0.0,12.655538502578409,15.122230806561534,444.7983819920538,0.0,0.0,56.54975537797219,68.03762349249763,1772.2917690661089,0.0,0.0,23.31612727423574,28.148270942196409,678.1619300848134,0.0,0.0,13.514832087424546,16.25512523277657,426.8338798423854,31.966786321096579,21.9250934986945,137.1211988177301,165.1269398267673,5072.716044128991,0.0,0.0,34.07203531755747,41.60443125257845,776.6183030399395,0.0,18.889761305602464,33.97953939919958,22.0,30.0,0.0,18.85964310394949,33.31730021296181,12.0,30.0,0.0,18.733745638619906,33.585685732215669,22.0,30.0,0.0,18.93007016707427,33.89470967720578,12.0,30.0,0.0,17.881560899218948,38.428431026657218,12.0,30.0,0.0,19.92956990911692,33.68017846711166,12.0,30.0,0.0,17.933687386305473,36.736562571905,10.0,30.0,0.0,16.774616512388357,41.704509968071707,12.0,30.0,0.0,18.066339559168698,37.84821594679879,20.0,30.0,0.0,16.80755123347778,0.0,0.0,0.0,13.530370092758899,0.0,0.0,582.868014699546,550.7506497145407,553.2766662105967,584.6213977081119,689.32333232465,936.5434786969909,616.1124374424223,741.0084333587904,829.426177237525,0.0,84.19786446907423,84.19786446907423,60.0,0.0,60.0,60.0,12.0,12.0,12.0,19.0,12.0,12.0,21.0,10.0,0.0,0.0,0.0,0.0,0.0,0.0,0.0,0.0,0.0,0.0,0.0,0.0,0.0,84.19786446907423,84.19786446907423,0.0,0.0,0.0,84.19786446907423,0.0,0.0,0.0009566666666666667 
 04/19  00:30:00,2.4,90.5,1.645,0.0,0.0,0.0,0.0,0.0,2.0,2.0,0.0,0.0,0.0,0.0,0.0,892.0,0.0,0.0,0.0,0.0,0.0,0.0,0.0,0.0,0.0,0.0,0.0,19.267625607512046,-220.55006950786686,19.17344332184613,-183.52593327440193,19.055938673373448,-5.39289506874195,18.928185894261355,-194.88848360806245,17.924618766353178,-3.929583555040381,19.717959843346386,-36.04963020081151,18.09455764549555,11.358600010316082,16.880121411052746,-203.8166292386555,18.109221123533574,-20.67089321502769,448.1940208618237,428.1693961711854,0.0,0.0,0.0,0.0,0.0,0.0,0.0,0.0,0.0,0.0,0.0,0.0,0.0,0.0,0.0,0.0,0.0,0.0,0.0,0.0,0.0,0.0,1.770647624912423,0.5404907279952451,122.46348918944935,147.13092999604653,4097.479995844728,0.33107462006541457,0.05053031441779832,59.46879120584482,71.39989685855372,1975.5419225553135,3.216447500395706,0.6077943122440868,109.9784176622917,132.31607253419106,3717.8090921001714,0.33152352811822086,0.06264616933450883,59.4719771156354,71.57429715742024,1973.8484579558438,0.0,0.0,5.977415921546372,7.199219087707398,187.79910346673729,0.0,0.0,11.361771892994371,13.58968057706954,400.7622691201827,0.0,0.0,60.043358371944567,72.28197069979669,1908.2216212361812,0.0,0.0,32.4987780498389,39.31081708412894,938.8681560756274,0.0,0.0,12.051704885336904,14.498059947240432,385.37019407962318,31.853948253298595,21.84770113394966,140.09359683124914,169.36766214972313,5128.682194884657,0.0,0.0,43.662369030247528,53.38881827734575,998.659132792814,0.0,18.7083354006768,33.3944158395784,22.0,30.0,0.0,18.753549912723494,33.05924465702382,12.0,30.0,0.0,18.659604835638914,33.862817362743999,22.0,30.0,0.0,18.725043277381919,33.450225830187878,12.0,30.0,0.0,17.868956856567399,38.08531575901649,12.0,30.0,0.0,19.89031543137613,33.35625790409247,12.0,30.0,0.0,18.058552626331019,36.0179403656568,10.0,30.0,0.0,16.561267132165445,41.62742349072853,12.0,30.0,0.0,18.15843083344162,37.48593021138805,20.0,30.0,0.0,16.920149945068169,0.0,0.0,0.0,13.471122658977688,0.0,0.0,542.7738288203092,531.5972180466622,560.4705445519769,547.7369240856309,673.5436360319322,931.5821151140833,606.8112524464907,725.8460748165792,869.8813149687999,0.0,84.19786446907423,84.19786446907423,60.0,0.0,60.0,60.0,12.0,12.0,12.0,19.0,12.0,12.0,21.0,10.0,0.0,0.0,0.0,0.0,0.0,0.0,0.0,0.0,0.0,0.0,0.0,0.0,0.0,84.19786446907423,84.19786446907423,0.0,0.0,0.0,84.19786446907423,0.0,0.0,0.0009433333333333331 
 04/19  00:40:00,2.2966666666666666,91.0,1.6833333333333336,0.0,0.0,0.0,0.0,0.0,2.0,2.0,0.0,0.0,0.0,0.0,0.0,446.0,0.0,0.0,0.0,0.0,0.0,0.0,0.0,0.0,0.0,0.0,0.0,19.14201998391129,-291.60734896244687,19.13251435005241,-105.87032308093558,19.029392526849266,-148.6404844202009,18.86281137908329,-93.52115961843106,17.90034592515687,-4.2288377200700328,19.66036024920173,-34.70794214072586,18.107338847886675,-0.01773667826205383,16.723435810494736,-211.2440062536195,18.141099341031717,-26.94862086719246,471.89936474988147,471.66336994485018,0.0,0.0,0.0,0.0,0.0,0.0,0.0,0.0,0.0,0.0,0.0,0.0,0.0,0.0,0.0,0.0,0.0,0.0,0.0,0.0,0.0,0.0,1.7806310576920086,0.5435381738986596,119.98429764738158,144.04458836536657,3974.93382285588,0.3383628029349881,0.05164267444062701,77.94155539253224,93.49411252711058,2607.4586893469079,3.221504104848723,0.6087498308482094,94.9648337402484,113.97638857154604,3250.934483101525,0.3402683737063724,0.06429863448722077,79.77486387825749,95.70316547970941,2656.3314497629146,0.0,0.0,6.176804666359276,7.432050271327572,195.10803105349533,0.0,0.0,11.191331442636166,13.375964276036065,395.968420096674,0.0,0.0,63.273797655443278,76.08685290429996,2027.8092848496927,0.0,0.0,35.515514102662709,42.95696779454282,1017.2951258391415,0.0,0.0,13.095549004247776,15.734947664257375,423.2241198841966,31.895748809995369,21.876370925922758,139.7549362543495,168.62677718168937,5126.782601828281,0.0,0.0,46.811331357645688,57.21040616412759,1070.5984031973486,0.0,18.542120408436234,33.45949119356824,22.0,30.0,0.0,18.751878919594767,33.01017311152058,12.0,30.0,0.0,18.66801143558462,33.4063111822404,22.0,30.0,0.0,18.675325438456495,33.39601037324715,12.0,30.0,0.0,17.846446477356957,37.667927195394288,12.0,30.0,0.0,19.836331291246397,32.964052750009788,12.0,30.0,0.0,18.086860843248453,35.54125543425581,10.0,30.0,0.0,16.3234733606975,41.52932013373294,12.0,30.0,0.0,18.226706038482385,37.043632430037479,20.0,30.0,0.0,16.889307814913385,0.0,0.0,0.0,13.361850885041232,0.0,0.0,532.9825677576474,531.1697301677261,544.1789181390798,544.2367555004969,656.2958555241737,924.563245377222,594.0323285948525,703.7599400366453,898.0505750123177,0.0,84.19786446907423,84.19786446907423,60.0,0.0,60.0,60.0,12.0,12.0,12.0,19.0,12.0,12.0,21.0,10.0,0.0,0.0,0.0,0.0,0.0,0.0,0.0,0.0,0.0,0.0,0.0,0.0,0.0,84.19786446907423,84.19786446907423,0.0,0.0,0.0,84.19786446907423,0.0,0.0,0.00093 
 04/19  00:50:00,2.1933333333333335,91.5,1.7216666666666667,0.0,0.0,0.0,0.0,0.0,2.0,2.0,0.0,0.0,0.0,0.0,0.0,446.0,0.0,0.0,0.0,0.0,0.0,0.0,0.0,0.0,0.0,0.0,0.0,18.976153755929518,-103.17277848597769,19.086678730097476,-321.5330218667059,18.872571457235133,-176.90661445428487,18.786189445711586,-212.49522761371464,17.87444477126641,-3.914257845019023,19.602183188910357,-35.537866208935557,18.07114065508524,-45.20177413601118,16.580434541896439,-230.2281563379978,18.148986860009339,-34.33614197992409,652.3469779299376,516.7192826726312,0.0,0.0,0.0,0.0,0.0,0.0,0.0,0.0,0.0,0.0,0.0,0.0,0.0,0.0,0.0,0.0,0.0,0.0,0.0,0.0,0.0,0.0,1.7806730412288772,0.5435509893861041,297.3197553628686,357.15108166416976,9802.331811752074,0.32451899988042218,0.04952976188651132,233.99909805125908,280.78081172314389,7820.4198252144219,3.2127006453901094,0.6070862897562567,208.8733221461449,250.92145770764527,6973.1749089628069,0.33017014114941936,0.06239042727691218,200.42299796713963,240.62836655195435,6654.2500056015,0.0,0.0,5.8335908790932919,7.022543542458656,185.20750586674587,0.0,0.0,11.863741231735343,14.181604145356364,420.95437508703017,0.0,0.0,57.968500581330669,69.75168170556209,1864.045865619446,0.0,0.0,39.47511596969529,47.788054078957518,1123.3206959726345,0.0,0.0,18.904405045959579,22.711778628041125,615.7622425487207,31.771484807290216,21.791141843134587,413.0560681598985,497.82558644141195,13790.240619437103,0.0,0.0,50.606428250518558,61.87612768334346,1158.5017208212503,0.0,18.330728042242794,33.72318767550728,22.0,30.0,0.0,18.71921912930425,32.83897583781068,12.0,30.0,0.0,18.430420284989788,33.658186057268327,22.0,30.0,0.0,18.58267074963686,33.25438059405818,12.0,30.0,0.0,17.82223874938619,37.2667973874005,12.0,30.0,0.0,19.780881899165466,32.65961912750613,12.0,30.0,0.0,18.02645163097721,35.31157973975691,10.0,30.0,0.0,16.11703100619625,41.22496733480977,12.0,30.0,0.0,18.250947308665447,36.44713233114643,20.0,30.0,0.0,17.46534668526847,0.0,0.0,0.0,13.266866522597553,0.0,0.0,527.4037349264349,522.7386500160061,537.8926467224451,532.3645894986044,641.930874255919,914.4749110993433,591.0285632695042,693.0946091499413,882.8355298836186,0.0,84.19786446907423,84.19786446907423,60.0,0.0,60.0,60.0,12.0,12.0,12.0,19.0,12.0,12.0,21.0,10.0,0.0,0.0,0.0,0.0,0.0,0.0,0.0,0.0,0.0,0.0,0.0,0.0,0.0,84.19786446907423,84.19786446907423,0.0,0.0,0.0,84.19786446907423,0.0,0.0,0.00092 
 04/19  01:00:00,2.09,92.0,1.76,0.0,0.0,0.0,0.0,0.0,2.0,2.0,0.0,0.0,0.0,0.0,0.0,446.0,0.0,0.0,0.0,0.0,0.0,0.0,0.0,0.0,0.0,0.0,0.0,19.014146775136767,-236.5468767986158,18.885679328097113,-248.53296106346853,18.856066135355115,-187.15419099948304,18.611807945680718,-133.14109378742206,17.84712078250778,-4.282150891256407,19.543360390031617,-37.89034514697261,18.009237032101138,-34.26555703692361,16.45264343546176,-235.77513652920039,18.145568350764124,-42.532793575245538,635.2306238417277,541.5049814263534,0.0,0.0,0.0,0.0,0.0,0.0,0.0,0.0,0.0,0.0,0.0,0.0,0.0,0.0,0.0,0.0,0.0,0.0,0.0,0.0,0.0,0.0,1.7810111272587177,0.5436541902499139,247.4271826734158,297.1965259856984,8246.525438250797,0.3358403502170593,0.05125768470956339,190.2469501236971,228.58376891279898,6300.676715560721,3.233008827747698,0.6109238147671388,162.8618724986324,195.55474232202983,5500.805175613863,0.3467244079866154,0.06551859561349495,157.4069745827111,189.07555882179995,5194.967425384961,0.0,0.0,6.189268219655906,7.44773221946822,197.47919527380373,0.0,0.0,12.019700027457832,14.372629309072547,427.6851827089431,0.0,0.0,64.40584595400671,77.48320338520901,2071.7878590907268,0.0,0.0,41.2918042569797,50.0182567182535,1169.829821430466,0.0,0.0,19.57786845538665,23.528845670094897,641.9183826313226,31.816308364948389,21.821885023970098,326.60157575269366,393.72649018535869,11119.280111307471,0.0,0.0,52.41498626757567,64.11363515370901,1198.868405207097,0.0,18.458059669138846,33.2290693577329,22.0,30.0,0.0,18.421315032119837,33.096756702610118,12.0,30.0,0.0,18.470921364449994,33.45547373231655,22.0,30.0,0.0,18.330484282161927,33.53335594801345,12.0,30.0,0.0,17.796540384616827,36.9099199684335,12.0,30.0,0.0,19.724244293493876,32.34894944328278,12.0,30.0,0.0,17.93127684223846,35.15164661061381,10.0,30.0,0.0,15.944829600225006,41.13034494751484,12.0,30.0,0.0,18.25660084773984,35.84940364460759,20.0,30.0,0.0,17.35835625160992,0.0,0.0,0.0,13.150014137220002,0.0,0.0,520.7303070796166,509.4198241886295,536.7305823995164,525.4304797073569,629.785109474951,898.7507551378678,583.5607700802973,691.2762974020135,858.1911705298128,0.0,84.19786446907423,84.19786446907423,60.0,0.0,60.0,60.0,12.0,12.0,12.0,19.0,12.0,12.0,21.0,10.0,0.0,0.0,0.0,0.0,0.0,0.0,0.0,0.0,0.0,0.0,0.0,0.0,0.0,84.19786446907423,84.19786446907423,0.0,0.0,0.0,84.19786446907423,0.0,0.0,0.0009099999999999999 
 04/19  01:10:00,2.025,92.16666666666667,1.8066666666666667,0.0,0.0,0.0,0.0,0.0,2.0,2.0,0.0,0.0,0.0,0.0,0.0,446.0,0.0,0.0,0.0,0.0,0.0,0.0,0.0,0.0,0.0,0.0,0.0,18.833362290865208,-122.52137729173319,18.88141025840202,-285.86980991376915,18.707812856535499,-165.58881009567177,18.590883897614803,-186.85758835991784,17.817678841718558,-3.6441208333928047,19.481300580811316,-38.367607410967909,17.96461977006976,-61.60119360272074,16.336380569792057,-239.32647148466118,18.131687784275028,-46.95157428516433,617.8015701689528,559.4720118354081,0.0,0.0,0.0,0.0,0.0,0.0,0.0,0.0,0.0,0.0,0.0,0.0,0.0,0.0,0.0,0.0,0.0,0.0,0.0,0.0,0.0,0.0,1.7833752334390108,0.5443758343830925,245.0807706234886,294.50566308940639,8112.82364473503,0.3234442565373321,0.04936572901973933,190.853626110254,229.15698378093078,6358.105970064411,3.2453477594486808,0.6132554345141121,177.42119755040148,213.23930486317313,5942.27193344335,0.3321121761060309,0.06275740289229606,171.51207040969605,206.0671608614822,5677.149472006129,0.0,0.0,5.766612964556806,6.943026362704445,184.43568719886893,0.0,0.0,12.42531691533236,14.860304273536677,442.2357164538032,0.0,0.0,58.800603935503129,70.78697653184813,1892.9216696214065,0.0,0.0,42.258157972966397,51.21710548347588,1190.550827222874,0.0,0.0,21.713617080714397,26.09036426513095,714.3352306386662,31.680292351573724,21.728595577211068,340.97640522198108,411.18458071012318,11539.669473687973,0.0,0.0,53.1874973632719,65.08954343298973,1210.5632237132323,0.0,18.200407360194839,33.56238453880867,22.0,30.0,0.0,18.490446515203354,32.79096424294215,12.0,30.0,0.0,18.255888979574537,33.67734332105619,22.0,30.0,0.0,18.350918690238644,33.32123634287209,12.0,30.0,0.0,17.768122058330048,36.55381550986382,12.0,30.0,0.0,19.661120861780625,32.08988142870526,12.0,30.0,0.0,17.871150216297808,35.04668037377198,10.0,30.0,0.0,15.796104020216863,41.032136888643567,12.0,30.0,0.0,18.245404121213619,35.403094048389188,20.0,30.0,0.0,17.265240575236775,0.0,0.0,0.0,13.02617775122705,0.0,0.0,515.3739787901997,504.49772701488419,532.2878485441773,521.7582618616027,619.7624802637579,886.8601787391117,584.3553358701731,688.4723932709828,843.5130466413043,0.0,84.19786446907423,84.19786446907423,60.0,0.0,60.0,60.0,12.0,12.0,12.0,19.0,12.0,12.0,21.0,10.0,0.0,0.0,0.0,0.0,0.0,0.0,0.0,0.0,0.0,0.0,0.0,0.0,0.0,84.19786446907423,84.19786446907423,0.0,0.0,0.0,84.19786446907423,0.0,0.0,0.0009 
 04/19  01:20:00,1.96,92.33333333333334,1.8533333333333336,0.0,0.0,0.0,0.0,0.0,2.0,2.0,0.0,0.0,0.0,0.0,0.0,446.0,0.0,0.0,0.0,0.0,0.0,0.0,0.0,0.0,0.0,0.0,0.0,18.853588684274507,-228.00878566218945,18.716931968427049,-222.8404414048846,18.69042049735418,-182.41257621765818,18.444121146027535,-130.16477745290195,17.787556889996308,-3.8311714023921867,19.42023783925081,-40.178587768508467,17.897843211735397,-49.47286886439349,16.22750125622788,-243.75808678502518,18.112586457135504,-53.053045659466707,623.8086593245425,575.6471883900938,0.0,0.0,0.0,0.0,0.0,0.0,0.0,0.0,0.0,0.0,0.0,0.0,0.0,0.0,0.0,0.0,0.0,0.0,0.0,0.0,0.0,0.0,1.77804342462016,0.542748298113602,245.20139076732424,294.6883849712892,8161.310323632101,0.3334707231580451,0.05089602001801666,192.06210082403238,230.91273497143858,6349.228272795106,3.240149764233134,0.6122731980788236,176.31848685461598,211.8614592705543,5935.275951481795,0.3454506590831337,0.06527790232107589,170.29731888259028,204.72159319308248,5601.0296841072099,0.0,0.0,6.064600880798972,7.299572885348038,194.42202157286835,0.0,0.0,12.469010339076903,14.917210079994693,443.97235295092505,0.0,0.0,64.29553622427439,77.39327265571262,2066.0155681649919,0.0,0.0,43.295847665135827,52.50052818909369,1214.1774214458354,0.0,0.0,22.246937506884224,26.74170572358428,733.9819395205645,31.671166569124929,21.722336467163879,341.24878701510786,411.61219793297257,11571.008967030684,0.0,0.0,54.174462253737917,66.32609389094327,1227.3069104153868,0.0,18.29595839938167,33.16402808371059,22.0,30.0,0.0,18.25659375102203,32.98630957547265,12.0,30.0,0.0,18.293085392934694,33.47935881816351,22.0,30.0,0.0,18.141925001811218,33.51492482947212,12.0,30.0,0.0,17.739475960132319,36.26537683094904,12.0,30.0,0.0,19.599953222120186,31.867129924473305,12.0,30.0,0.0,17.776795738423709,34.948888665334397,10.0,30.0,0.0,15.661835426826464,40.981331777214,12.0,30.0,0.0,18.22682637433544,34.99876075643533,20.0,30.0,0.0,17.22952508205625,0.0,0.0,0.0,12.90570403876703,0.0,0.0,510.500729620824,494.9262932167966,531.1913489857338,514.7789107586415,611.0462050700619,873.4512433647925,578.2730780252775,687.6630711795884,823.3040405763633,0.0,84.19786446907423,84.19786446907423,60.0,0.0,60.0,60.0,12.0,12.0,12.0,19.0,12.0,12.0,21.0,10.0,0.0,0.0,0.0,0.0,0.0,0.0,0.0,0.0,0.0,0.0,0.0,0.0,0.0,84.19786446907423,84.19786446907423,0.0,0.0,0.0,84.19786446907423,0.0,0.0,0.0008933333333333332 
 04/19  01:30:00,1.895,92.5,1.9,0.0,0.0,0.0,0.0,0.0,2.0,2.0,0.0,0.0,0.0,0.0,0.0,446.0,0.0,0.0,0.0,0.0,0.0,0.0,0.0,0.0,0.0,0.0,0.0,18.676089362952923,-127.76009500302462,18.716985320607713,-279.013873559089,18.553987277366713,-162.17175894145886,18.436950783049285,-178.8550436386122,17.755554321810359,-2.9910074715968877,19.356913803961825,-40.080079772777569,17.851104425381853,-72.11826193073103,16.12409639673809,-247.40598572583293,18.087525763326459,-56.667152831252,602.9284399322633,590.9686884857731,0.0,0.0,0.0,0.0,0.0,0.0,0.0,0.0,0.0,0.0,0.0,0.0,0.0,0.0,0.0,0.0,0.0,0.0,0.0,0.0,0.0,0.0,1.7809298705886086,0.5436293866265594,245.96637201116335,295.73895572978679,8130.483951051302,0.323313637474627,0.049345793265358216,189.41518610559673,227.55999528856973,6301.578454869688,3.2476101088931816,0.6136829381884321,173.07820065489697,208.13413528024862,5792.78029009179,0.33215923185001847,0.0627662947562393,167.94828288422719,201.90214674424079,5550.7017842816599,0.0,0.0,5.752544120815369,6.927712889866362,184.83134150353733,0.0,0.0,12.748864587494062,15.254805864409566,454.0098106667175,0.0,0.0,58.95089411780818,71.00532806752314,1896.0755086897469,0.0,0.0,43.94704327336362,53.31443183847449,1227.6554965243154,0.0,0.0,24.014777800856235,28.86282890002211,794.1883398901459,31.567906052472524,21.65151306753946,335.75528951459116,405.1034726329583,11365.939088541585,0.0,0.0,54.64415012026508,66.9316093959558,1232.1934111668123,0.0,18.040988666206446,33.49031272139538,22.0,30.0,0.0,18.328505920711643,32.70648547181824,12.0,30.0,0.0,18.099896602730586,33.63563418102633,22.0,30.0,0.0,18.185605240462438,33.28254285866264,12.0,30.0,0.0,17.708390882310718,35.969736987764367,12.0,30.0,0.0,19.5348050910914,31.671399509208479,12.0,30.0,0.0,17.72038671260072,34.86602382768578,10.0,30.0,0.0,15.538151635655879,40.913020406998359,12.0,30.0,0.0,18.1996101227601,34.68340195201024,20.0,30.0,0.0,17.11761698073459,0.0,0.0,0.0,12.785468314339465,0.0,0.0,506.0622176480708,492.2858516985704,526.178400321075,513.0865303930245,603.818493883045,863.8416046611251,578.6783248746738,682.779706686685,812.3185807143606,0.0,84.19786446907423,84.19786446907423,60.0,0.0,60.0,60.0,12.0,12.0,12.0,19.0,12.0,12.0,21.0,10.0,0.0,0.0,0.0,0.0,0.0,0.0,0.0,0.0,0.0,0.0,0.0,0.0,0.0,84.19786446907423,84.19786446907423,0.0,0.0,0.0,84.19786446907423,0.0,0.0,0.0008866666666666667 
 04/19  01:40:00,1.83,92.66666666666667,1.9466666666666668,0.0,0.0,0.0,0.0,0.0,2.0,2.0,0.0,0.0,0.0,0.0,0.0,446.0,0.0,0.0,0.0,0.0,0.0,0.0,0.0,0.0,0.0,0.0,0.0,18.701177112652816,-221.9552757184092,18.55905728991013,-217.16761535171737,18.538086842561378,-178.9596494062339,18.297872669330986,-132.9083590193286,17.723367291073467,-3.137105406818222,19.294980482300404,-41.590902681284578,17.784150972653646,-58.69829875021878,16.02413226984751,-251.72753537408483,18.05979345775117,-61.69040699732625,613.3768199428678,604.0987939961952,0.0,0.0,0.0,0.0,0.0,0.0,0.0,0.0,0.0,0.0,0.0,0.0,0.0,0.0,0.0,0.0,0.0,0.0,0.0,0.0,0.0,0.0,1.7775371541875119,0.5425937589094969,239.2267315339918,287.652085795179,7955.773126350348,0.33320616534650307,0.05085564184165187,190.34075467641623,228.9642524717361,6286.853595270296,3.2489138857217396,0.6139293056919389,179.72871529548883,216.08203955624107,6043.090732548275,0.3450673933226388,0.06520547870798162,172.46257415617027,207.44451233547677,5665.48397500859,0.0,0.0,5.967857715812279,7.185012706676052,192.17554600026427,0.0,0.0,12.74769793322698,15.257971004114797,454.1223419572217,0.0,0.0,64.6571270824958,77.86975452271259,2076.5291187730319,0.0,0.0,44.75357877966686,54.315833377866599,1245.8606831438652,0.0,0.0,24.000185782614318,28.856443512399509,795.462592787123,31.56211401089887,21.647540473867545,341.73971422354739,412.4049571609163,11583.324691122203,0.0,0.0,55.40118487437239,67.88693128329288,1243.8015708808489,0.0,18.14666491783357,33.08615427410716,22.0,30.0,0.0,18.1045946559395,32.89973534460342,12.0,30.0,0.0,18.138907510770915,33.42937983666167,22.0,30.0,0.0,17.986703623729598,33.44946944442703,12.0,30.0,0.0,17.677878533112975,35.73421273636034,12.0,30.0,0.0,19.472292425463189,31.521301290694937,12.0,30.0,0.0,17.63153918281015,34.7775471157696,10.0,30.0,0.0,15.420841462793183,40.87701938649775,12.0,30.0,0.0,18.169397765786085,34.41508802768382,20.0,30.0,0.0,17.094821703415997,0.0,0.0,0.0,12.668582992711614,0.0,0.0,502.0803664780169,484.0730958481417,525.0766434584623,505.92016706929157,596.5979760011173,853.0010355956152,572.2592032535667,680.9572228328019,797.6975083520971,0.0,84.19786446907423,84.19786446907423,60.0,0.0,60.0,60.0,12.0,12.0,12.0,19.0,12.0,12.0,21.0,10.0,0.0,0.0,0.0,0.0,0.0,0.0,0.0,0.0,0.0,0.0,0.0,0.0,0.0,84.19786446907423,84.19786446907423,0.0,0.0,0.0,84.19786446907423,0.0,0.0,0.00088 
 04/19  01:50:00,1.765,92.83333333333333,1.9933333333333335,0.0,0.0,0.0,0.0,0.0,2.0,2.0,0.0,0.0,0.0,0.0,0.0,446.0,0.0,0.0,0.0,0.0,0.0,0.0,0.0,0.0,0.0,0.0,0.0,18.525883211865854,-128.34005421582789,18.56044442998027,-273.96623511905366,18.40734719658928,-159.57816252554995,18.295484718257329,-176.31330814229114,17.689425621728213,-1.8462388477730798,19.231244339703495,-41.243832877978778,17.736077321172929,-80.41963131093576,15.926959595545688,-255.11240668057156,18.02814293280622,-64.88081715920453,590.7825648200187,617.5180751233567,0.0,0.0,0.0,0.0,0.0,0.0,0.0,0.0,0.0,0.0,0.0,0.0,0.0,0.0,0.0,0.0,0.0,0.0,0.0,0.0,0.0,0.0,1.7801036375362447,0.5433771787351175,244.5785262529787,294.2208015976924,8079.832365257579,0.32355856400346197,0.049383175214203597,187.11520707438045,224.91586499918643,6220.106849147649,3.2536816064836016,0.614830235541119,169.4797946178404,203.90750723867348,5672.3132729517169,0.331955667994225,0.0627278284191657,164.68132230078937,198.07507053273953,5439.50908907225,0.0,0.0,5.711327565888801,6.879697016520041,184.3074987311776,0.0,0.0,12.981573468866431,15.540713206832234,462.5159800883264,0.0,0.0,59.320194976739099,71.48560310594834,1907.117825023313,0.0,0.0,45.250538262371119,54.94140199997578,1255.7935810217028,0.0,0.0,25.80468189794687,31.023250945157984,856.871325443738,31.46436614032337,21.58049803863058,329.99591340925249,398.3485675364901,11180.82471906974,0.0,0.0,55.691757129499709,68.27247508122645,1245.0014351954929,0.0,17.89394412656339,33.41855256255259,22.0,30.0,0.0,18.1769616184353,32.640911108230927,12.0,30.0,0.0,17.955762701080098,33.563480881654218,22.0,30.0,0.0,18.038198837336425,33.21743453876588,12.0,30.0,0.0,17.64507247663873,35.48886068653785,12.0,30.0,0.0,19.406607704551399,31.378079921100185,12.0,30.0,0.0,17.577052923700703,34.70927302024876,10.0,30.0,0.0,15.30882439547544,40.83281923857761,12.0,30.0,0.0,18.13389481513495,34.180393035016987,20.0,30.0,0.0,16.975770451804459,0.0,0.0,0.0,12.553298187155509,0.0,0.0,498.8035863571981,483.06050220910699,520.2927425999255,505.67880171713508,590.8488414373277,845.632478573081,572.3967947534018,675.1495922984891,789.1118273988309,0.0,84.19786446907423,84.19786446907423,60.0,0.0,60.0,60.0,12.0,12.0,12.0,19.0,12.0,12.0,21.0,10.0,0.0,0.0,0.0,0.0,0.0,0.0,0.0,0.0,0.0,0.0,0.0,0.0,0.0,84.19786446907423,84.19786446907423,0.0,0.0,0.0,84.19786446907423,0.0,0.0,0.00087 
 04/19  02:00:00,1.7,93.0,2.04,0.0,0.0,0.0,0.0,0.0,2.0,2.0,0.0,0.0,0.0,0.0,0.0,446.0,0.0,0.0,0.0,0.0,0.0,0.0,0.0,0.0,0.0,0.0,0.0,18.55270498588729,-217.19073996519774,18.406459111041383,-212.70984446859939,18.39158144025219,-176.15580883691337,18.159600553709127,-135.12270866739983,17.65597055712668,-1.758459415719713,19.169060722107369,-42.60415683165425,17.668681796879555,-66.49326396520053,15.83152484555649,-259.212508090435,17.994981490997753,-69.18912620931008,603.6668294910905,628.7451794597362,0.0,0.0,0.0,0.0,0.0,0.0,0.0,0.0,0.0,0.0,0.0,0.0,0.0,0.0,0.0,0.0,0.0,0.0,0.0,0.0,0.0,0.0,1.7781453894295392,0.5427794229027898,233.4281019408653,280.81500146169307,7759.320835440134,0.3333994990384276,0.05088514942588943,187.8501820487785,226.0800707557225,6201.607953058381,3.2589808393043597,0.6158316022872943,180.52585094353339,217.15474900141755,6067.488274532236,0.34482572980365647,0.06515981288806809,172.10586239559849,207.12326554596133,5651.119319871926,0.0,0.0,5.882494934455838,7.084131142902336,190.24439361232909,0.0,0.0,12.955670087558609,15.514168433917093,461.7427951545793,0.0,0.0,64.88301020879485,78.18138099262278,2083.2558873139466,0.0,0.0,45.946808744535108,55.80840275104981,1271.4227178844724,0.0,0.0,25.362791545530539,30.503389198909177,843.7528326538575,31.459307651257995,21.577028567392323,338.958467748752,409.2412765791437,11494.687846477453,0.0,0.0,56.32372987460704,69.07423729236892,1254.0769156949987,0.0,18.002877114959188,33.019393264117407,22.0,30.0,0.0,17.958843384958919,32.84083935769226,12.0,30.0,0.0,17.994191168507486,33.35794394259898,22.0,30.0,0.0,17.842990465634494,33.37865955233981,12.0,30.0,0.0,17.61396960226533,35.28933790748713,12.0,30.0,0.0,19.343796439851034,31.27380816238587,12.0,30.0,0.0,17.490998733127733,34.640548053047769,10.0,30.0,0.0,15.199901017982653,40.81661591979386,12.0,30.0,0.0,18.097216092796985,33.99360630565459,20.0,30.0,0.0,16.960163170566767,0.0,0.0,0.0,12.440951760360252,0.0,0.0,495.2850832229436,475.95751852453307,519.1540671651006,498.4576118686811,583.9967244381224,836.8102702438016,566.4862702221519,673.1823561623774,778.2976827195743,0.0,84.19786446907423,84.19786446907423,60.0,0.0,60.0,60.0,12.0,12.0,12.0,19.0,12.0,12.0,21.0,10.0,0.0,0.0,0.0,0.0,0.0,0.0,0.0,0.0,0.0,0.0,0.0,0.0,0.0,84.19786446907423,84.19786446907423,0.0,0.0,0.0,84.19786446907423,0.0,0.0,0.00086 
 04/19  02:10:00,1.7083333333333335,93.0,2.0733333333333339,0.0,0.0,0.0,0.0,0.0,2.0,2.0,0.0,0.0,0.0,0.0,0.0,446.0,0.0,0.0,0.0,0.0,0.0,0.0,0.0,0.0,0.0,0.0,0.0,18.380390478712159,-127.45477428774666,18.409886482876808,-267.7207317471007,18.266073280947944,-156.053040568695,18.161150868483629,-173.25568698426515,17.619970827957187,-1.3039349528441875,19.106278837245477,-42.10227672425012,17.619013762340264,-87.51835505106738,15.738241025591954,-262.1224821743101,17.959299734797538,-72.21662579343229,574.4231029318889,641.024738301938,0.0,0.0,0.0,0.0,0.0,0.0,0.0,0.0,0.0,0.0,0.0,0.0,0.0,0.0,0.0,0.0,0.0,0.0,0.0,0.0,0.0,0.0,1.770713074761448,0.5405107065816386,242.4862317937538,291.8210158157095,7972.549979136529,0.32229453356793216,0.04919025237605803,184.24230101546483,221.55644621463964,6094.317220552242,3.2450434982741704,0.6131979399611056,165.01829459460959,198.61562443670818,5500.46499622179,0.3300484475505485,0.06236743150992978,160.3963871383823,192.9971029694027,5273.379144568791,0.0,0.0,5.776676726882316,6.959309163588477,186.32135457865318,0.0,0.0,13.148871668246788,15.747107730664066,466.7240376214613,0.0,0.0,59.617103546483637,71.87241457400475,1907.1364434575547,0.0,0.0,46.32905569923942,56.289800382322258,1271.5492962726044,0.0,0.0,27.24630422616712,32.764075352354797,903.7286149140466,31.265570718879155,21.44415001294867,322.7909063344749,389.79416293839628,10901.36219076069,0.0,0.0,56.54364618297339,69.36675889348324,1245.516963820499,0.0,17.754647671330028,33.36097432958863,22.0,30.0,0.0,18.032164596427856,32.59903822468854,12.0,30.0,0.0,17.820166434962844,33.487184881305299,22.0,30.0,0.0,17.900152934869419,33.15266047352263,12.0,30.0,0.0,17.578867170520789,35.08333091028925,12.0,30.0,0.0,19.278629617840339,31.16268690732538,12.0,30.0,0.0,17.436593987853479,34.58790805306163,10.0,30.0,0.0,15.094516218663319,40.79548798459274,12.0,30.0,0.0,18.05690181529791,33.80822975223316,20.0,30.0,0.0,16.843768132659727,0.0,0.0,0.0,12.331179911186063,0.0,0.0,493.0171077431951,476.1189125468118,514.7641085026116,499.28847751835476,579.3912160092505,831.286993361286,566.7819452841193,667.7585137488197,771.3734237238959,0.0,84.19786446907423,84.19786446907423,60.0,0.0,60.0,60.0,12.0,12.0,12.0,19.0,12.0,12.0,21.0,10.0,0.0,0.0,0.0,0.0,0.0,0.0,0.0,0.0,0.0,0.0,0.0,0.0,0.0,84.19786446907423,84.19786446907423,0.0,0.0,0.0,84.19786446907423,0.0,0.0,0.00085 
 04/19  02:20:00,1.7166666666666668,93.0,2.106666666666667,0.0,0.0,0.0,0.0,0.0,2.0,2.0,0.0,0.0,0.0,0.0,0.0,446.0,0.0,0.0,0.0,0.0,0.0,0.0,0.0,0.0,0.0,0.0,0.0,18.410123701608155,-210.53244317676946,18.262381856970927,-206.5248386137041,18.25195844138274,-170.82992429469278,18.030672473263789,-134.94954380171658,17.583441904993479,-1.9659149419649112,19.045403635051444,-43.31158138180922,17.551108553491877,-73.35705240286461,15.646232826040978,-265.73581858279376,17.922802966999837,-75.99424408908868,583.6424759857573,651.3379088737439,0.0,0.0,0.0,0.0,0.0,0.0,0.0,0.0,0.0,0.0,0.0,0.0,0.0,0.0,0.0,0.0,0.0,0.0,0.0,0.0,0.0,0.0,1.760986932320963,0.5375417986327726,226.31796574252736,272.3401451109418,7455.381698156425,0.3302368847177825,0.05040245493250649,183.65525727247963,221.09766344251995,6008.127802136747,3.238185588858106,0.6119020387109047,178.5693892536053,214.8717085615599,5948.853894951381,0.3411448404212666,0.06446425555957416,168.92097451791427,203.35340566358577,5497.026852193365,0.0,0.0,5.983271876790839,7.206614598141721,192.4514148632046,0.0,0.0,13.093294163291219,15.683686179634208,462.95400985164317,0.0,0.0,64.78970967933394,78.09611600798564,2060.341024880403,0.0,0.0,46.94640259991256,57.05620992826488,1278.0913383972473,0.0,0.0,26.571636953872628,31.9617884801086,878.7756209828929,31.165221817977629,21.37532360629468,331.6906465449358,400.5671608335776,11162.077540647373,0.0,0.0,57.13309380576213,70.11049956460627,1245.3048384609593,0.0,17.869241845397313,32.97279568126184,22.0,30.0,0.0,17.82324736885361,32.81251909660335,12.0,30.0,0.0,17.86060155563619,33.290534784421598,22.0,30.0,0.0,17.712187492441083,33.31979534172083,12.0,30.0,0.0,17.543546095951976,34.91627130332742,12.0,30.0,0.0,19.216802999210814,31.086688545530224,12.0,30.0,0.0,17.352356089186427,34.5428090997959,10.0,30.0,0.0,14.991324557984921,40.79663002804939,12.0,30.0,0.0,18.0163987880899,33.67013697238915,20.0,30.0,0.0,16.841395571842499,0.0,0.0,0.0,12.224948587948127,0.0,0.0,489.794969005241,469.7952510708769,513.6557244661916,491.93517350726907,573.5083466154399,824.2056951377253,561.7635923331427,666.2141722935296,762.9789386027267,0.0,84.19786446907423,84.19786446907423,60.0,0.0,60.0,60.0,12.0,12.0,12.0,19.0,12.0,12.0,21.0,10.0,0.0,0.0,0.0,0.0,0.0,0.0,0.0,0.0,0.0,0.0,0.0,0.0,0.0,84.19786446907423,84.19786446907423,0.0,0.0,0.0,84.19786446907423,0.0,0.0,0.0008400000000000001 
 04/19  02:30:00,1.725,93.0,2.14,0.0,0.0,0.0,0.0,0.0,2.0,2.0,0.0,0.0,0.0,0.0,0.0,446.0,0.0,0.0,0.0,0.0,0.0,0.0,0.0,0.0,0.0,0.0,0.0,18.241404312736209,-127.02616563709535,18.26648105892197,-261.23904063499097,18.133702880705316,-150.4244683640104,18.034640012631216,-168.8829465908675,17.544585794523923,-2.0762876912714605,18.98334013183146,-42.76186984295376,17.500036868654399,-93.30130926500681,15.555691712280395,-268.10207415811069,17.88408956709637,-78.85485335437198,552.4419871686914,662.7364474612125,0.0,0.0,0.0,0.0,0.0,0.0,0.0,0.0,0.0,0.0,0.0,0.0,0.0,0.0,0.0,0.0,0.0,0.0,0.0,0.0,0.0,0.0,1.753483669669099,0.5352514254179179,239.81708048706515,288.6848313674016,7815.885669510656,0.31957494803471139,0.048775175218973048,179.47321906409534,215.88642551381515,5882.668327913721,3.222445956581925,0.6089278073661992,157.07429509353725,189.09880574786718,5196.607701989042,0.32649258137050565,0.061695499125190008,152.71731883138407,183.8057533462337,4977.542952814911,0.0,0.0,5.8712495199313869,7.073980081639997,188.2976688042632,0.0,0.0,13.276893826658256,15.905097170727855,467.55066048878146,0.0,0.0,59.94271988488971,72.28757378491201,1899.0798042131333,0.0,0.0,47.257716527506349,57.45079867027289,1276.359250364496,0.0,0.0,28.46651608612266,34.23707470859267,938.4711975691271,30.974666670026683,21.24462734569732,310.40345551022235,374.9267810211941,10414.863267623074,0.0,0.0,57.34195253175901,70.38801027371128,1236.8795067773015,0.0,17.626061861961547,33.333363971601219,22.0,30.0,0.0,17.896010592844485,32.60254945643153,12.0,30.0,0.0,17.69957241254452,33.41884541154839,22.0,30.0,0.0,17.772926654499928,33.11526176662904,12.0,30.0,0.0,17.504735596762587,34.75489202172236,12.0,30.0,0.0,19.152748747195156,31.00564061792474,12.0,30.0,0.0,17.29776759147223,34.5133455858573,10.0,30.0,0.0,14.890942375517352,40.79995286197851,12.0,30.0,0.0,17.97305218511571,33.52561922732269,20.0,30.0,0.0,16.717439273033827,0.0,0.0,0.0,12.121149719677787,0.0,0.0,488.3145952838703,470.9725537581303,509.6148097040966,493.79666884502037,570.327674099543,820.1481525900488,562.2072911898773,661.5409711900693,757.2287550979036,0.0,84.19786446907423,84.19786446907423,60.0,0.0,60.0,60.0,12.0,12.0,12.0,19.0,12.0,12.0,21.0,10.0,0.0,0.0,0.0,0.0,0.0,0.0,0.0,0.0,0.0,0.0,0.0,0.0,0.0,84.19786446907423,84.19786446907423,0.0,0.0,0.0,84.19786446907423,0.0,0.0,0.00083 
 04/19  02:40:00,1.7333333333333335,93.0,2.1733333333333335,0.0,0.0,0.0,0.0,0.0,2.0,2.0,0.0,0.0,0.0,0.0,0.0,446.0,0.0,0.0,0.0,0.0,0.0,0.0,0.0,0.0,0.0,0.0,0.0,18.273071789537874,-202.7620083652123,18.125678367394479,-197.89926633954475,18.117430097110437,-169.3966169501159,17.90692770475821,-136.00094989630908,17.505297949287106,-2.701386540062231,18.922998567589329,-43.909206442316989,17.43243081809614,-78.73500578920107,15.465951740769832,-271.4338159528952,17.844792060587698,-82.37046546267726,565.235738559225,672.1906910403398,0.0,0.0,0.0,0.0,0.0,0.0,0.0,0.0,0.0,0.0,0.0,0.0,0.0,0.0,0.0,0.0,0.0,0.0,0.0,0.0,0.0,0.0,1.7411223839393145,0.5314781391756149,215.11760985048148,258.9247217469616,7026.465860448931,0.3273887911068871,0.049967764210452857,176.82019804606,212.91892442559664,5735.676815417031,3.2263912041145805,0.6096733189936852,171.3740474092819,206.26030586934713,5662.83044838537,0.33815447729681399,0.06389918316266324,167.88133428044405,202.15677190269202,5416.089918897876,0.0,0.0,6.058990276806759,7.298919780504067,193.7382261724647,0.0,0.0,13.206274042302813,15.82349062012442,463.26945006609255,0.0,0.0,65.00746921474311,78.38455238788211,2047.5985504452675,0.0,0.0,47.848131808649927,58.184127797708,1282.078315476629,0.0,0.0,27.766809430141007,33.40401687887899,912.5644200731504,30.875714643600788,21.17675901481536,323.7193777620251,391.02529145302619,10815.213357870027,0.0,0.0,57.90846683578882,71.10260616835791,1236.397654257234,0.0,17.744513591694778,32.96326116304452,22.0,30.0,0.0,17.69835440420121,32.83013968317228,12.0,30.0,0.0,17.734525398243315,33.272571863163879,22.0,30.0,0.0,17.588054466356618,33.33001879985915,12.0,30.0,0.0,17.46599679527298,34.625297896456107,12.0,30.0,0.0,19.09169404176867,30.95697572243133,12.0,30.0,0.0,17.216300426868174,34.49632788534454,10.0,30.0,0.0,14.791848944386004,40.82368297818978,12.0,30.0,0.0,17.929748780324667,33.42530275849329,20.0,30.0,0.0,16.726537004765889,0.0,0.0,0.0,12.020867136152504,0.0,0.0,485.46275335744999,465.2743036140928,510.2077299030458,488.3946849649013,565.518216609195,814.4806544624154,557.6819265985259,660.2949485189282,750.2219802189568,0.0,84.19786446907423,84.19786446907423,60.0,0.0,60.0,60.0,12.0,12.0,12.0,19.0,12.0,12.0,21.0,10.0,0.0,0.0,0.0,0.0,0.0,0.0,0.0,0.0,0.0,0.0,0.0,0.0,0.0,84.19786446907423,84.19786446907423,0.0,0.0,0.0,84.19786446907423,0.0,0.0,0.00082 
 04/19  02:50:00,1.7416666666666668,93.0,2.206666666666667,0.0,0.0,0.0,0.0,0.0,2.0,2.0,0.0,0.0,0.0,0.0,0.0,446.0,0.0,0.0,0.0,0.0,0.0,0.0,0.0,0.0,0.0,0.0,0.0,18.10734570940422,-126.33469314590093,18.12900671836787,-255.36253274179809,18.00574108563648,-140.36189238187536,17.91275333652397,-164.85859666596935,17.46403156358393,-2.742593920748419,18.861517471592039,-43.27710293044396,17.380182072494845,-98.19597678272021,15.377453743788909,-273.2805918319243,17.803642637435627,-84.93228761758059,532.2397033556649,682.3388127839372,0.0,0.0,0.0,0.0,0.0,0.0,0.0,0.0,0.0,0.0,0.0,0.0,0.0,0.0,0.0,0.0,0.0,0.0,0.0,0.0,0.0,0.0,1.7376239656415056,0.5304102459223155,238.24658224124756,286.8627027138241,7699.0557640944539,0.31691976992056006,0.04836992825405373,174.30443820850125,209.72357598429483,5663.272465968638,3.2034035052115099,0.6053294605463928,150.0767553075528,180.71249984180523,4929.5780324026659,0.32359523448067609,0.06114800349219122,146.48755360127448,176.350933153482,4734.886016538534,0.0,0.0,5.927680430214531,7.142811717961573,188.95236997862129,0.0,0.0,13.380874703472668,16.034110929728308,467.50670205790916,0.0,0.0,60.34706464851242,72.79693002757566,1893.570432639679,0.0,0.0,48.101380404656428,58.507618410658938,1278.8158541154076,0.0,0.0,29.47103277928126,35.45119304750453,965.3683576099249,30.683141448823535,21.044678634309699,299.0764880390897,361.3259130899287,9970.738669009133,0.0,0.0,58.059628824843738,71.30800545019821,1227.0874678524547,0.0,17.505012594268665,33.34636597817159,22.0,30.0,0.0,17.76755064992408,32.647193951761128,12.0,30.0,0.0,17.586153865622273,33.406106444205608,22.0,30.0,0.0,17.65182338458875,33.13990700889936,12.0,30.0,0.0,17.424405038860234,34.505896126214427,12.0,30.0,0.0,19.02851428736475,30.90546878174257,12.0,30.0,0.0,17.1613090676243,34.48857611177948,10.0,30.0,0.0,14.695191505807629,40.851282828985258,12.0,30.0,0.0,17.884099263328318,33.320473079699,20.0,30.0,0.0,16.596229014650726,0.0,0.0,0.0,11.922375724466273,0.0,0.0,484.64855857973137,466.99604704370696,506.66625771435676,490.8932277241276,563.4048197981222,811.4664607398177,558.2767835153425,655.9316318100437,745.4661107206265,0.0,84.19786446907423,84.19786446907423,60.0,0.0,60.0,60.0,12.0,12.0,12.0,19.0,12.0,12.0,21.0,10.0,0.0,0.0,0.0,0.0,0.0,0.0,0.0,0.0,0.0,0.0,0.0,0.0,0.0,84.19786446907423,84.19786446907423,0.0,0.0,0.0,84.19786446907423,0.0,0.0,0.0008266666666666667 
 04/19  03:00:00,1.75,93.0,2.24,0.0,0.0,0.0,0.0,0.0,2.0,2.0,0.0,0.0,0.0,0.0,0.0,446.0,0.0,0.0,0.0,0.0,0.0,0.0,0.0,0.0,0.0,0.0,0.0,18.1354443846682,-199.49876722201908,17.991888643348319,-192.4071859613323,17.986990928765118,-162.6548896336485,17.785354231144728,-139.89697436595317,17.422596314288208,-3.3504953645558688,18.80161523072455,-44.39828394511807,17.31350371654147,-82.83484985640917,15.289416134163237,-276.41385592437089,17.762118352959719,-88.20975011888732,547.0605100203675,691.226168732452,0.0,0.0,0.0,0.0,0.0,0.0,0.0,0.0,0.0,0.0,0.0,0.0,0.0,0.0,0.0,0.0,0.0,0.0,0.0,0.0,0.0,0.0,1.7317481159549222,0.528616641011881,212.2587743538968,255.5506325244337,6871.921267074632,0.32439169412640159,0.04951033182637388,171.2210525882131,206.22882853282824,5506.791846205735,3.217329524366619,0.6079609834404044,195.1423112430697,234.98760328495414,6384.967682629588,0.3349672839360892,0.06329691684355426,165.8208889640781,199.73714314269467,5303.019633952346,0.0,0.0,6.099713750274056,7.349123586717837,193.82436557236876,0.0,0.0,13.297781957593543,15.937396126017504,462.8110388560396,0.0,0.0,65.44200727069867,78.93334540943958,2041.8731476285303,0.0,0.0,48.69172428241579,59.240629775125189,1284.3860403924433,0.0,0.0,28.74055213288404,34.58060311282769,938.3861002359083,30.579136224114806,20.973344460984099,316.0431928119394,381.8471451511156,10480.96268242755,0.0,0.0,58.62912066065557,72.02523131740503,1226.9115401065984,0.0,17.616453877924337,33.004609479378959,22.0,30.0,0.0,17.57550897865292,32.90134438668697,12.0,30.0,0.0,17.61475626127454,33.202512055579727,22.0,30.0,0.0,17.46558592510801,33.30624187945881,12.0,30.0,0.0,17.383315781151276,34.4104840255616,12.0,30.0,0.0,18.968058437803337,30.881738689144926,12.0,30.0,0.0,17.083397037283079,34.49242309168807,10.0,30.0,0.0,14.599154848376675,40.9012144784342,12.0,30.0,0.0,17.83869951441292,33.255676444496568,20.0,30.0,0.0,16.612267737335359,0.0,0.0,0.0,11.827727199610646,0.0,0.0,482.37352114703676,462.20756567191088,502.1219505609273,480.44829433253048,559.3773033287669,806.8773373436523,553.9981549657858,655.0407015209974,739.999247846577,0.0,84.19786446907423,84.19786446907423,60.0,0.0,60.0,60.0,12.0,12.0,12.0,19.0,12.0,12.0,21.0,10.0,0.0,0.0,0.0,0.0,0.0,0.0,0.0,0.0,0.0,0.0,0.0,0.0,0.0,84.19786446907423,84.19786446907423,0.0,0.0,0.0,84.19786446907423,0.0,0.0,0.0008333333333333334 
 04/19  03:10:00,1.685,93.0,2.2833333333333338,0.0,0.0,0.0,0.0,0.0,2.0,2.0,0.0,0.0,0.0,0.0,0.0,446.0,0.0,0.0,0.0,0.0,0.0,0.0,0.0,0.0,0.0,0.0,0.0,17.96274654676751,-133.08777246869023,17.984574981551448,-274.3698271176877,17.914922288017544,-96.45091444911918,17.799382445232625,-139.10405196431567,17.379268598440164,-3.361132798269608,18.739480558482215,-43.801943584890498,17.25851423450953,-104.09654372790158,15.202465393203369,-277.1206303045607,17.71854875385796,-90.5629060651612,483.8504292523048,699.8252058367784,0.0,0.0,0.0,0.0,0.0,0.0,0.0,0.0,0.0,0.0,0.0,0.0,0.0,0.0,0.0,0.0,0.0,0.0,0.0,0.0,0.0,0.0,1.7359560703164894,0.5299011203652287,264.86764702749886,318.9950412436981,8517.145347214804,0.31703962642628155,0.04838822137153259,169.24340712309584,203.7072575751595,5468.665739472938,3.1655027622507,0.5981675665628687,107.00941687867078,128.84631617578737,3546.3980864819907,0.32124050565552955,0.060703043396736478,102.28593967563305,123.16608144558708,3300.354659949876,0.0,0.0,5.971481883275592,7.196915559517793,190.0319108278241,0.0,0.0,13.505866600648183,16.18911357422777,470.1777392615192,0.0,0.0,59.929837310452217,72.32048804552585,1871.3460860721357,0.0,0.0,48.778253388786087,59.36436351554511,1284.215948227803,0.0,0.0,30.562979622281345,36.77324243214926,999.0495447936143,30.50169383197273,20.920228965687753,253.27276060507396,306.1833446551533,8478.518966296808,0.0,0.0,58.65598275851107,72.0813258716509,1224.2385721627307,0.0,17.362431245265655,33.41677001445593,22.0,30.0,0.0,17.624043233148848,32.76228123901174,12.0,30.0,0.0,17.544344091972538,33.16718140834254,22.0,30.0,0.0,17.547601950903635,33.06195338468996,12.0,30.0,0.0,17.339460671787206,34.32789397632056,12.0,30.0,0.0,18.905000648861809,30.858368350297629,12.0,30.0,0.0,17.02438078380927,34.51020054714542,10.0,30.0,0.0,14.50600929098831,40.953433056407629,12.0,30.0,0.0,17.791069979955326,33.1784924301448,20.0,30.0,0.0,16.35047489889094,0.0,0.0,0.0,11.733235154349716,0.0,0.0,481.57409298024069,464.58778374884869,496.8715056730407,481.9421717525518,557.9245947883992,804.36901026445,555.7893811802683,651.1430569701362,734.7627500431453,0.0,84.19786446907423,84.19786446907423,60.0,0.0,60.0,60.0,12.0,12.0,12.0,19.0,12.0,12.0,21.0,10.0,0.0,0.0,0.0,0.0,0.0,0.0,0.0,0.0,0.0,0.0,0.0,0.0,0.0,84.19786446907423,84.19786446907423,0.0,0.0,0.0,84.19786446907423,0.0,0.0,0.0008400000000000001 
 04/19  03:20:00,1.62,93.0,2.326666666666667,0.0,0.0,0.0,0.0,0.0,2.0,2.0,0.0,0.0,0.0,0.0,0.0,223.0,0.0,0.0,0.0,0.0,0.0,0.0,0.0,0.0,0.0,0.0,0.0,17.919048252356263,-208.34227271206829,17.968558412207849,-17.8720382923766,17.795802074407793,-232.19987055010507,17.800663945713244,-8.103623023826458,17.33113537712306,-3.4736175030076028,18.67115383929857,-44.69820900109016,17.193679262810229,-84.61466742103858,15.116149698370235,-269.05024812934928,17.670859794484664,-90.24981081297551,457.88008830270976,709.4503936668887,0.0,0.0,0.0,0.0,0.0,0.0,0.0,0.0,0.0,0.0,0.0,0.0,0.0,0.0,0.0,0.0,0.0,0.0,0.0,0.0,0.0,0.0,1.744211371938032,0.532421053705138,116.30964055853338,139.95661308859037,3766.5766955233509,0.33419794684425777,0.051007012644117489,80.0101498823501,96.15790962529452,2617.3657970926176,3.182594906639215,0.601397374648378,105.1068203836347,126.45953561733504,3462.8539133972578,0.33396380286462509,0.06310729457003496,105.79384479281302,127.17001306082129,3443.598181143303,0.0,0.0,6.025070057616363,7.2499120441466629,191.95898562921804,0.0,0.0,13.41807646571406,16.061401934536716,467.0519254920959,0.0,0.0,64.89469668363303,78.18283634037114,2025.760839117087,0.0,0.0,48.95917303985298,59.50151560911151,1286.9117736618076,0.0,0.0,29.87528854598448,35.89435197974459,977.5741624795923,30.519180542064093,20.9322225940083,173.92932789548594,210.12686358633139,6069.721457399104,0.0,0.0,58.89176356833447,72.27061809282192,1226.7024970451192,0.0,17.330130264479235,33.33455302445948,22.0,30.0,0.0,17.67996724431086,32.778057675980637,12.0,30.0,0.0,17.36771603205351,33.26515462806265,22.0,30.0,0.0,17.61245662065981,33.10644315910899,12.0,30.0,0.0,17.28677227040458,34.267631705688618,12.0,30.0,0.0,18.829385700879674,30.85385150361939,12.0,30.0,0.0,16.9521537742498,34.63199472603786,10.0,30.0,0.0,14.41375351290337,41.099878176395218,12.0,30.0,0.0,17.736138283853565,33.140534982607217,20.0,30.0,0.0,16.190623691629239,0.0,0.0,0.0,11.64282535256232,0.0,0.0,479.98173997299775,478.78663840562106,484.3228415556791,503.3142630490955,557.5480995963468,801.1828350242563,551.7876632696895,651.917859033228,730.0518962608115,0.0,84.19786446907423,84.19786446907423,60.0,0.0,60.0,60.0,12.0,12.0,12.0,19.0,12.0,12.0,21.0,10.0,0.0,0.0,0.0,0.0,0.0,0.0,0.0,0.0,0.0,0.0,0.0,0.0,0.0,84.19786446907423,84.19786446907423,0.0,0.0,0.0,84.19786446907423,0.0,0.0,0.0009133333333333333 
 04/19  03:30:00,1.5550000000000002,93.0,2.37,0.0,0.0,0.0,0.0,0.0,2.0,2.0,0.0,0.0,0.0,0.0,0.0,446.0,0.0,0.0,0.0,0.0,0.0,0.0,0.0,0.0,0.0,0.0,0.0,17.93275919395422,-122.19171985760886,17.864566511026099,-238.09298886646276,17.794185235191145,-66.94259947412093,17.68630762003829,-188.8422601757336,17.291781001066768,-3.4666219280744317,18.617054896508465,-43.46428391091089,17.138682333710496,-94.8881944327411,15.042124292391371,-278.1290274712288,17.632624680215657,-92.69369687937888,511.201595559809,718.8648681289757,0.0,0.0,0.0,0.0,0.0,0.0,0.0,0.0,0.0,0.0,0.0,0.0,0.0,0.0,0.0,0.0,0.0,0.0,0.0,0.0,0.0,0.0,1.7452666225644436,0.5327431692809658,179.33143342326134,216.07328725405706,5842.4606186923879,0.31928014357541625,0.04873018064337854,132.35765858388644,159.54354740656607,4288.950695787359,3.2617571420162689,0.6163562248707993,139.4351368958877,168.0354706351519,4603.1740121689349,0.32704611943748215,0.06180009815523092,135.8462942745398,163.73392815620128,4380.37424201491,0.0,0.0,5.9631043253793198,7.187772044900287,190.32127481758318,0.0,0.0,13.55059264459025,16.249347935268959,472.1019265217068,0.0,0.0,63.10086365872313,76.15316229724775,1970.5349684039346,0.0,0.0,49.42574963571036,60.181609181697357,1298.633632804937,0.0,0.0,30.60038672790499,36.831900288292107,1002.9686538842436,30.508701708405995,20.92503546529904,246.22764017982377,297.9059189065662,8331.381558576115,0.0,0.0,59.32642328380366,72.94528724804118,1232.9932336373773,0.0,17.443082057363875,33.132575833677368,22.0,30.0,0.0,17.509192040509264,32.84534467439522,12.0,30.0,0.0,17.44720070243305,33.27689089448059,22.0,30.0,0.0,17.41184201170762,33.15325290735281,12.0,30.0,0.0,17.252503536161269,34.250995799020049,12.0,30.0,0.0,18.782597340870177,30.882453000751327,12.0,30.0,0.0,16.89460354901116,34.64944042998426,10.0,30.0,0.0,14.344172027366298,41.1701686933714,12.0,30.0,0.0,17.700641751641905,33.151426555080039,20.0,30.0,0.0,16.303330326553515,0.0,0.0,0.0,11.555222359667756,0.0,0.0,480.3614123696832,460.6660365998265,497.28618855456929,474.08374434636905,555.3356747832218,798.7837895382754,553.5059137413787,651.3315184445717,726.9637884800197,0.0,84.19786446907423,84.19786446907423,60.0,0.0,60.0,60.0,12.0,12.0,12.0,19.0,12.0,12.0,21.0,10.0,0.0,0.0,0.0,0.0,0.0,0.0,0.0,0.0,0.0,0.0,0.0,0.0,0.0,84.19786446907423,84.19786446907423,0.0,0.0,0.0,84.19786446907423,0.0,0.0,0.0009866666666666668 
 04/19  03:40:00,1.4900000000000003,93.0,2.413333333333333,0.0,0.0,0.0,0.0,0.0,2.0,2.0,0.0,0.0,0.0,0.0,0.0,223.0,0.0,0.0,0.0,0.0,0.0,0.0,0.0,0.0,0.0,0.0,0.0,17.969161707697429,-32.605551079761429,17.731623948289824,-339.4396032544146,17.785051107252735,-43.76292361065907,17.627390346908379,-154.38332564573603,17.242087288507137,-2.9117217829614505,18.549582208484148,-42.02488377014504,17.068671182992654,-101.30920779373605,14.950883998694313,-273.8576370202593,17.583388235751394,-92.88099698933934,453.18420584737125,728.8971978899022,0.0,0.0,0.0,0.0,0.0,0.0,0.0,0.0,0.0,0.0,0.0,0.0,0.0,0.0,0.0,0.0,0.0,0.0,0.0,0.0,0.0,0.0,1.7382276369409829,0.5305945167707518,196.24629203320584,235.91454042779263,6465.922618969417,0.3172452131097494,0.04841959907047458,141.90888390265693,170.76620073327136,4570.854164110455,3.2339293985727859,0.6110977699495063,64.27008929857687,77.2847831883132,2192.1587969835798,0.32606305082074135,0.06161433311049532,62.830204208495739,75.5936995446507,2035.3222894749325,0.0,0.0,5.914806400439207,7.119081402262766,188.98421003168597,0.0,0.0,13.628866269021968,16.31954763835936,474.79927139401306,0.0,0.0,61.03656484675166,73.5679409916226,1904.398484055867,0.0,0.0,49.62512280983442,60.344005594346587,1300.7446398104365,0.0,0.0,31.209468676099684,37.50704799764118,1023.8516712467018,30.485513764063794,20.90913152542099,172.71568393717863,208.74721239354967,6028.341621782803,0.0,0.0,59.51160693551999,73.07211763694814,1234.7272113334714,0.0,17.58668009861574,32.82273645472606,22.0,30.0,0.0,17.315339120235543,32.9980718314579,12.0,30.0,0.0,17.490495204818715,33.159721915217328,22.0,30.0,0.0,17.36158418077612,32.97235894685372,12.0,30.0,0.0,17.19829296507046,34.231343530878259,12.0,30.0,0.0,18.708786073375007,30.929602390591684,12.0,30.0,0.0,16.808565486464539,34.70461690454048,10.0,30.0,0.0,14.241223622167395,41.32100350989024,12.0,30.0,0.0,17.643939701496256,33.17594993371605,20.0,30.0,0.0,16.044041028603588,0.0,0.0,0.0,11.467971864038125,0.0,0.0,477.78232053830546,448.16259363645437,504.1568680928434,454.1861768209874,551.6176760299968,795.0424110562631,555.7291616044543,648.0461106644845,723.2151891689796,0.0,84.19786446907423,84.19786446907423,60.0,0.0,60.0,60.0,12.0,12.0,12.0,19.0,12.0,12.0,21.0,10.0,0.0,0.0,0.0,0.0,0.0,0.0,0.0,0.0,0.0,0.0,0.0,0.0,0.0,84.19786446907423,84.19786446907423,0.0,0.0,0.0,84.19786446907423,0.0,0.0,0.00106 
 04/19  03:50:00,1.4250000000000003,93.0,2.456666666666667,0.0,0.0,0.0,0.0,0.0,2.0,2.0,0.0,0.0,0.0,0.0,0.0,669.0,0.0,0.0,0.0,0.0,0.0,0.0,0.0,0.0,0.0,0.0,0.0,17.827492973981806,-156.59580077260518,17.725339820271075,-72.19879504141007,17.690437664919437,-199.43912844840015,17.61491970633532,-50.687266186353749,17.202503607900284,-4.238716780599905,18.497006943395328,-44.886591569574189,17.026407022558059,-94.14849439636608,14.878124708248086,-284.2792833416024,17.544889309676905,-98.27148355442576,405.1298925651945,734.9257492431646,0.0,0.0,0.0,0.0,0.0,0.0,0.0,0.0,0.0,0.0,0.0,0.0,0.0,0.0,0.0,0.0,0.0,0.0,0.0,0.0,0.0,0.0,1.7466617013079922,0.5331690174932826,153.52335143048092,185.27075845548158,5006.556119140016,0.33404737995621827,0.0509840323498502,89.69329847599366,108.25230582014507,2916.83336363686,3.22490904383186,0.6093932433544718,97.96949575012394,118.1557479854571,3272.4125851930705,0.33061233386629659,0.06247398599136371,79.3731140129545,95.74923728828769,2584.158273422439,0.0,0.0,6.173991899562479,7.448547294181489,197.61191035484576,0.0,0.0,13.499514275131896,16.20204110831857,470.7489882386974,0.0,0.0,65.17985719332262,78.74368803998988,2038.0216593678563,0.0,0.0,50.139766905382519,61.117357290732119,1313.8433595212849,0.0,0.0,30.990302613809605,37.32817088532632,1018.2884509361311,30.471588815461148,20.8995808062148,157.2222460417011,190.6070626457002,5575.699983800188,0.0,0.0,60.03761057980945,73.90141937616839,1242.840895993495,0.0,17.343166505075688,33.16771438804759,22.000000000000019,30.00000000000002,0.0,17.399977382792728,32.94140440449688,12.00000000000001,30.00000000000002,0.0,17.356461566291267,33.137503121803977,22.000000000000019,30.00000000000002,0.0,17.401536460299725,33.052530235442628,12.00000000000001,30.00000000000002,0.0,17.164876076961798,34.223379338550497,12.00000000000001,30.00000000000002,0.0,18.664471723092288,30.950828328308654,12.00000000000001,30.00000000000002,0.0,16.779925009355084,34.700326849862978,10.000000000000007,30.00000000000002,0.0,14.174305134368126,41.39691025759409,12.00000000000001,30.00000000000002,0.0,17.60915829923992,33.16844013415327,20.000000000000015,30.00000000000002,0.0,15.817921709203043,0.0,0.0,0.0,11.3811934321795,0.0,0.0,481.80391832805597,460.5891565940934,488.00247330195045,477.30801882880305,550.9938199843432,794.9888368689752,549.0948077470944,645.9404999038125,721.8722204757878,0.0,84.19786446907429,84.19786446907429,60.00000000000004,0.0,60.00000000000004,60.00000000000004,12.0,12.0,12.0,19.0,12.0,12.0,21.0,10.0,0.0,0.0,0.0,0.0,0.0,0.0,0.0,0.0,0.0,0.0,0.0,0.0,0.0,84.19786446907429,84.19786446907429,0.0,0.0,0.0,84.19786446907429,0.0,0.0,0.0010933333333333334 
 04/19  04:00:00,1.36,93.0,2.5,0.0,0.0,0.0,0.0,0.0,2.0,2.0,0.0,0.0,0.0,0.0,0.0,669.0,0.0,0.0,0.0,0.0,0.0,0.0,0.0,0.0,0.0,0.0,0.0,17.767457142235747,-161.44757850605448,17.639916575573375,-263.48381188983418,17.532085447773757,-179.02759017625508,17.552175264049333,-185.65985703200313,17.155455371550685,-4.428831892077268,18.43506712999084,-44.87793421222225,16.954219606003453,-109.68812319159628,14.788302380807054,-288.1091395336469,17.496509706700399,-103.27163735550187,554.6126035426686,742.220195954041,0.0,0.0,0.0,0.0,0.0,0.0,0.0,0.0,0.0,0.0,0.0,0.0,0.0,0.0,0.0,0.0,0.0,0.0,0.0,0.0,0.0,0.0,1.740797766780751,0.5313790496888744,270.5925501962096,326.46325877303198,8817.992681398338,0.31640704397701827,0.048291673378665838,152.78535913889233,184.3399284713206,4944.6663364083419,3.265751556468837,0.6171110272994786,254.30807336671226,307.081585307729,8231.659120045948,0.3266781358926575,0.06173056233799275,155.6732841999438,187.77990061987857,5056.23724718851,0.0,0.0,6.120989795179513,7.385065237320928,196.1526226314203,0.0,0.0,13.783089048717195,16.545797028192209,480.7908991313652,0.0,0.0,61.69646532710886,74.54829174662244,1926.4823722085124,0.0,0.0,50.51792920735459,61.59804357387824,1320.5481197321572,0.0,0.0,32.22263238061647,38.82004722321497,1059.7011524957598,30.358383315618569,20.82193643046543,381.1959004113213,461.55988316812718,12507.243251922562,0.0,0.0,60.35392960032983,74.31138675601662,1246.9080008440176,0.0,17.290733810619274,32.98523911077332,22.000000000000019,30.00000000000002,0.0,17.280224305147624,33.006294841103628,12.00000000000001,30.00000000000002,0.0,17.11656676108535,33.40739709201537,22.000000000000019,30.00000000000002,0.0,17.318326913552068,32.92298080263947,12.00000000000001,30.00000000000002,0.0,17.117444046088989,34.186066818091259,12.00000000000001,30.00000000000002,0.0,18.601959486844224,30.94924230240032,12.00000000000001,30.00000000000002,0.0,16.690164949897704,34.64744030924224,10.000000000000007,30.00000000000002,0.0,14.074625820177085,41.47180098086358,12.00000000000001,30.00000000000002,0.0,17.55588715177844,33.119277573869897,20.000000000000015,30.00000000000002,0.0,16.22728779035723,0.0,0.0,0.0,11.293747273821099,0.0,0.0,468.372130995048,472.2157304859448,478.1748192675581,470.6094610606531,548.1190396041649,791.433267963901,545.2337993217116,643.1595153757735,715.5797361363152,0.0,84.19786446907429,84.19786446907429,60.00000000000004,0.0,60.00000000000004,60.00000000000004,12.0,12.0,12.0,19.0,12.0,12.0,21.0,10.0,0.0,0.0,0.0,0.0,0.0,0.0,0.0,0.0,0.0,0.0,0.0,0.0,0.0,84.19786446907429,84.19786446907429,0.0,0.0,0.0,84.19786446907429,0.0,0.0,0.0011266666666666669 
 04/19  04:10:00,1.4516666666666669,92.83333333333333,2.521666666666667,0.0,0.0,0.0,0.0,0.0,2.0,2.0,0.0,0.0,0.0,0.0,0.0,446.0,0.0,0.0,0.0,0.0,0.0,0.0,0.0,0.0,0.0,0.0,0.0,17.691982683839379,-102.227239138389,17.606968078899347,-183.7807158591728,17.516424541713698,-186.26739227260806,17.449589753105778,-112.35683895309808,17.106348831145764,-4.200508238115958,18.37363868103874,-44.37307726579678,16.894104799310115,-102.10760130590734,14.702953526373899,-283.81503240126178,17.448272599512923,-102.3938613027367,500.45532364117346,750.0198014961916,0.0,0.0,0.0,0.0,0.0,0.0,0.0,0.0,0.0,0.0,0.0,0.0,0.0,0.0,0.0,0.0,0.0,0.0,0.0,0.0,0.0,0.0,1.722437547178146,0.5257745870507161,153.334420660418,184.78279310283424,4971.391044439682,0.3177176382378575,0.048491703027756027,74.3505528944278,89.50985284761694,2393.172205954879,3.248073966832487,0.6137705908602587,181.2160783729058,218.56548079635849,5890.604528499365,0.3275277879985028,0.061891116401833468,114.68731117829828,138.31058099382805,3674.0518979421974,0.0,0.0,6.100771112041566,7.3583257549909029,193.7911505978013,0.0,0.0,13.776357696485292,16.532616800166463,476.3077180093849,0.0,0.0,63.46498994847214,76.66911551190506,1962.5372541282546,0.0,0.0,50.64107479876022,61.73550996998655,1305.1989459201887,0.0,0.0,32.12474580333249,38.68885930434119,1047.297423975075,30.203174642022487,20.71548329356824,231.49603546929405,280.175589432002,7792.2471071382919,0.0,0.0,60.415136935053968,74.3706090720068,1226.4628474809236,0.0,17.219546623108255,33.03850448545433,22.0,30.0,0.0,17.28957152586225,32.91196575242701,12.0,30.0,0.0,17.158424172853509,33.233080528634918,22.0,30.0,0.0,17.184150746062117,33.10277124367223,12.0,30.0,0.0,17.06658115191725,34.147685937098859,12.0,30.0,0.0,18.535733381598229,30.956183397784785,12.0,30.0,0.0,16.629065317557456,34.693183781962307,10.0,30.0,0.0,13.982451489656795,41.604050476105687,12.0,30.0,0.0,17.50224696053242,33.09615251168794,20.0,30.0,0.0,16.0600047188782,0.0,0.0,0.0,11.208259241264188,0.0,0.0,470.89640036550659,471.0968724899151,475.6802239941974,467.7000328783008,545.0124639401722,789.2788608705321,543.6672830281073,642.2377120336279,711.1887972398188,0.0,84.19786446907423,84.19786446907423,60.0,0.0,60.0,60.0,12.0,12.0,12.0,19.0,12.0,12.0,21.0,10.0,0.0,0.0,0.0,0.0,0.0,0.0,0.0,0.0,0.0,0.0,0.0,0.0,0.0,84.19786446907423,84.19786446907423,0.0,0.0,0.0,84.19786446907423,0.0,0.0,0.0011599999999999998 
 04/19  04:20:00,1.5433333333333335,92.66666666666667,2.5433333333333336,0.0,0.0,0.0,0.0,0.0,2.0,2.0,0.0,0.0,0.0,0.0,0.0,446.0,0.0,0.0,0.0,0.0,0.0,0.0,0.0,0.0,0.0,0.0,0.0,17.61192203275087,-222.05722206791052,17.492110726999845,-184.40488666643115,17.382345164619307,-128.30995743077984,17.42180874123115,-174.2111614947239,17.05850876756712,-5.201221605750021,18.316042786429088,-45.44086598967846,16.82396405892757,-104.15341371874888,14.61747626888014,-290.4432482346741,17.40002621888719,-108.09884293255812,555.9103867798094,754.3034667550757,0.0,0.0,0.0,0.0,0.0,0.0,0.0,0.0,0.0,0.0,0.0,0.0,0.0,0.0,0.0,0.0,0.0,0.0,0.0,0.0,0.0,0.0,1.7062123472636044,0.520821839824055,309.65979054656199,373.4636409839365,9851.505759940548,0.31185806046275818,0.04759738407551255,166.2918086459426,200.6443407918436,5267.825206857377,3.2461615642535968,0.6134092147115642,278.97614076997936,336.47785379669156,8864.52679063174,0.319151808753966,0.060308353883969368,152.71809974639465,184.09003751726267,4852.079725494039,0.0,0.0,6.222585218128911,7.506107878646609,195.925754557248,0.0,0.0,13.77761685793506,16.538375585827525,472.2491877527451,0.0,0.0,63.668464411873,76.92429653924515,1946.863883767915,0.0,0.0,51.166130450622009,62.397632351874559,1299.6836705139816,0.0,0.0,32.68360930629151,39.37140997751902,1056.0860352764999,29.95206109630945,20.543251780733514,424.46474427566559,513.3692982450087,13623.163782359556,0.0,0.0,60.819782906404267,74.89239623741148,1212.8077745671224,0.0,17.120163908651795,33.181348773978907,22.0,30.0,0.0,17.125805544175706,33.2169899871643,12.0,30.0,0.0,16.970055769915264,33.568115777743269,22.0,30.0,0.0,17.177795494344797,33.06754867086643,12.0,30.0,0.0,17.018733230912124,34.11347790293807,12.0,30.0,0.0,18.476421254807094,30.956851526415787,12.0,30.0,0.0,16.545832706369809,34.75266823533481,10.0,30.0,0.0,13.888859567435692,41.61367974650734,12.0,30.0,0.0,17.448539020191697,33.06379045851074,20.0,30.0,0.0,16.263126834548737,0.0,0.0,0.0,11.123575128670505,0.0,0.0,469.1505414285759,472.2107884837432,476.60313068525388,469.003807607614,542.3034576040795,786.7338879264999,544.5026663831623,637.7468167782813,707.3891941080133,0.0,84.19786446907423,84.19786446907423,60.0,0.0,60.0,60.0,12.0,12.0,12.0,19.0,12.0,12.0,21.0,10.0,0.0,0.0,0.0,0.0,0.0,0.0,0.0,0.0,0.0,0.0,0.0,0.0,0.0,84.19786446907423,84.19786446907423,0.0,0.0,0.0,84.19786446907423,0.0,0.0,0.0012300000000000002 
 04/19  04:30:00,1.635,92.5,2.565,0.0,0.0,0.0,0.0,0.0,2.0,2.0,0.0,0.0,0.0,0.0,0.0,446.0,0.0,0.0,0.0,0.0,0.0,0.0,0.0,0.0,0.0,0.0,0.0,17.441163315759213,-103.54263256971263,17.48846541285156,-215.54483502871018,17.370857305228325,-214.53994709011296,17.296018903465737,-130.79909652315338,17.00933017600665,-5.323902638193118,18.257728618498125,-45.614933572251349,16.766165712917144,-118.43460658238746,14.533958160775729,-289.09186202157528,17.351188724172944,-110.80894936120854,522.2127322719816,756.3012171517421,0.0,0.0,0.0,0.0,0.0,0.0,0.0,0.0,0.0,0.0,0.0,0.0,0.0,0.0,0.0,0.0,0.0,0.0,0.0,0.0,0.0,0.0,1.6865951405952716,0.5148336815003882,282.17720196811447,340.3944604435088,8832.883417215835,0.3044402563257552,0.04646524058695897,152.55338212046255,183.84176341947916,4812.126722787954,3.1239326611128188,0.590312294239006,250.54762547603179,302.2733863390073,7922.645457931341,0.3144435282665531,0.05941865613502513,135.6787071799346,163.7274188045305,4244.767051908027,0.0,0.0,6.134444325911598,7.402156660616482,191.42721379016013,0.0,0.0,13.924851006086414,16.7183124041561,473.09359716933337,0.0,0.0,60.57856180911533,73.23064770485877,1834.644009659933,0.0,0.0,51.07425612403943,62.30776255020231,1278.8245651715179,0.0,0.0,33.57975250756449,40.45738618342346,1075.3212891331437,29.700955779629394,20.37102591195432,382.2576101033593,462.4218619526898,12193.401894639832,0.0,0.0,60.599037417567377,74.64536981417882,1187.0399983914629,0.0,16.88445812389226,33.645377467162919,22.0,30.0,0.0,17.1769231958285,33.079518978212849,12.0,30.0,0.0,17.009462192037824,33.41645760818713,22.0,30.0,0.0,16.996566237091185,33.37531372396593,12.0,30.0,0.0,16.968956076222836,34.09203536653028,12.0,30.0,0.0,18.415441251032687,30.973995315487906,12.0,30.0,0.0,16.488045896523546,34.80720977941831,10.0,30.0,0.0,13.799933510339136,41.67937725237741,12.0,30.0,0.0,17.39475815190457,33.04637022144198,20.0,30.0,0.0,16.16477617154986,0.0,0.0,0.0,11.042549578292409,0.0,0.0,469.32665904571447,473.37140294735249,475.81536417984776,466.86373280688488,541.879384616363,786.585697593328,547.0171033812768,636.9646770067755,704.5709428238304,0.0,84.19786446907423,84.19786446907423,60.0,0.0,60.0,60.0,12.0,12.0,12.0,19.0,12.0,12.0,21.0,10.0,0.0,0.0,0.0,0.0,0.0,0.0,0.0,0.0,0.0,0.0,0.0,0.0,0.0,84.19786446907423,84.19786446907423,0.0,0.0,0.0,84.19786446907423,0.0,0.0,0.0013 
 04/19  04:40:00,1.7266666666666666,92.33333333333333,2.586666666666667,0.0,0.0,0.0,0.0,0.0,2.0,2.0,0.0,0.0,0.0,0.0,0.0,223.0,0.0,0.0,0.0,0.0,0.0,0.0,0.0,0.0,0.0,0.0,0.0,17.42539959038355,-173.28156583619603,17.452425549851165,-62.554617198647068,17.342242315630455,-25.488976590682797,17.23853539179902,-182.94985490020327,16.955766580521098,-5.241529560031523,18.195026268416777,-45.888743881609,16.701075360825539,-96.54803992623556,14.451003441108533,-282.6454533397198,17.29876052546849,-108.77313688538652,454.4188580099708,765.5256822694798,0.0,0.0,0.0,0.0,0.0,0.0,0.0,0.0,0.0,0.0,0.0,0.0,0.0,0.0,0.0,0.0,0.0,0.0,0.0,0.0,0.0,0.0,1.662571201668679,0.5075003668097311,151.6232619269158,182.71520551592475,4731.538596241287,0.31138432963253068,0.04752508083524583,34.13119872810013,41.09170050380694,1081.0476731275174,3.233015942557358,0.6109251592134087,233.23018718479,280.9196082066311,7358.125687374898,0.31666068980502357,0.05983762090042015,118.71084430345886,143.04181721461556,3680.0664715904579,0.0,0.0,6.205180356719101,7.476610668731132,191.8298494300114,0.0,0.0,13.815010746787264,16.564235550652158,465.06581353679709,0.0,0.0,65.60626082358582,79.18620107139194,1965.9892614117505,0.0,0.0,51.50798715913643,62.75437463318263,1271.3108131059649,0.0,0.0,32.91840067960476,39.606333265542108,1044.4692082076952,29.519470390141004,20.246550336173536,235.27635763103027,284.48224793855828,7666.071907497369,0.0,0.0,61.00838698691496,75.04617673548835,1175.4481984990089,0.0,16.905940011129979,33.48869184473731,22.0,30.0,0.0,17.175828587331336,32.948653613084797,12.0,30.0,0.0,17.035659450030538,33.42100105076052,22.0,30.0,0.0,16.932096685913508,33.398067023708957,12.0,30.0,0.0,16.91087070615816,34.090887472556108,12.0,30.0,0.0,18.345105578709526,31.01073197869732,12.0,30.0,0.0,16.4197288888352,34.950968104089678,10.0,30.0,0.0,13.711364911629575,41.84174504559085,12.0,30.0,0.0,17.33436177660204,33.081625446240199,20.0,30.0,0.0,15.924831300605291,0.0,0.0,0.0,10.97474448531911,0.0,0.0,464.9401315342492,464.72859986994657,480.1993607383046,458.69510269880757,542.0714892360667,786.4893785232398,544.5937016518104,637.6035918548395,705.8793062026506,0.0,84.19786446907423,84.19786446907423,60.0,0.0,60.0,60.0,12.0,12.0,12.0,19.0,12.0,12.0,21.0,10.0,0.0,0.0,0.0,0.0,0.0,0.0,0.0,0.0,0.0,0.0,0.0,0.0,0.0,84.19786446907423,84.19786446907423,0.0,0.0,0.0,84.19786446907423,0.0,0.0,0.00137 
 04/19  04:50:00,1.8183333333333332,92.16666666666667,2.6083333333333336,0.0,0.0,0.0,0.0,0.0,2.0,2.0,0.0,0.0,0.0,0.0,0.0,223.0,0.0,0.0,0.0,0.0,0.0,0.0,0.0,0.0,0.0,0.0,0.0,17.519151752111527,-23.79365445295207,17.31165510877969,-313.7469341112246,17.177493161131168,-261.761697745369,17.27917596788719,-8.298041185037619,16.907677531429806,-4.417577446364618,18.140697554581715,-43.14666470529784,16.632256028423926,-111.9649047509256,14.377446915650932,-281.8912044283027,17.252566905237346,-109.40428841786502,479.16441352589029,767.8538067500167,0.0,0.0,0.0,0.0,0.0,0.0,0.0,0.0,0.0,0.0,0.0,0.0,0.0,0.0,0.0,0.0,0.0,0.0,0.0,0.0,0.0,0.0,1.6365510230867189,0.49955769935492036,200.34666622775689,241.2042177857022,6301.573579729193,0.29503180421052435,0.045029274146905429,152.94290234364858,184.28739178995168,4709.826117119494,3.0855645973142677,0.5830620932188716,142.16464564311119,171.40440208626476,4414.591586129121,0.31780350729376646,0.060053572806834158,95.89518370908528,115.48664602169952,2984.220718947164,0.0,0.0,6.056479337736932,7.298764932222669,185.56059983205499,0.0,0.0,13.883816888697402,16.65014182792011,463.38240345058827,0.0,0.0,61.47444874692004,74.22234922168684,1820.994752084494,0.0,0.0,51.433989589755949,62.68109603874019,1252.5689742323219,0.0,0.0,33.248008784186058,40.010180310765978,1045.6663692860089,29.33448446087689,20.119673841479356,254.41639276055055,307.56005910259656,8198.674083459595,0.0,0.0,60.80890169787337,74.81991879543266,1151.6524563768306,0.0,17.174522533079214,33.00601379263648,22.0,30.0,0.0,16.934004967513784,33.47012463636258,12.0,30.0,0.0,16.756431320453705,33.87211539889297,22.0,30.0,0.0,17.08006134484095,33.31237195765105,12.0,30.0,0.0,16.864240236980974,34.118948927266547,12.0,30.0,0.0,18.291249975370634,31.052475198041198,12.0,30.0,0.0,16.33808515916863,35.00298761103863,10.0,30.0,0.0,13.640055681987457,41.946397112246028,12.0,30.0,0.0,17.286172704534253,33.13557083296388,20.0,30.0,0.0,15.991789986791485,0.0,0.0,0.0,10.906070921553038,0.0,0.0,470.7942886686377,467.5879728722742,474.4627262976193,478.7812434691735,539.6547396827755,783.2942295974295,543.9656754165994,637.1717855626466,703.8111344165773,0.0,84.19786446907423,84.19786446907423,60.0,0.0,60.0,60.0,12.0,12.0,12.0,19.0,12.0,12.0,21.0,10.0,0.0,0.0,0.0,0.0,0.0,0.0,0.0,0.0,0.0,0.0,0.0,0.0,0.0,84.19786446907423,84.19786446907423,0.0,0.0,0.0,84.19786446907423,0.0,0.0,0.0013933333333333335 
 04/19  05:00:00,1.91,92.0,2.63,0.0,0.0,0.0,0.0,0.0,2.0,2.0,0.0,0.0,0.0,0.0,0.0,669.0,0.0,0.0,0.0,0.0,0.0,0.0,0.0,0.0,0.0,0.0,0.0,17.371019135328493,-153.95602654271364,17.2947150343087,-120.24033306834382,17.208110380264814,3.8706548655679144,17.198675755629226,-179.66327622361224,16.865234926536627,-5.746276026878059,18.093789321125926,-46.158030799958819,16.588665980768256,-104.4353993479292,14.31029196069923,-289.9006618729856,17.212745777453365,-113.6896019349308,398.78250447991806,770.7835812319569,0.0,0.0,0.0,0.0,0.0,0.0,0.0,0.0,0.0,0.0,0.0,0.0,0.0,0.0,0.0,0.0,0.0,0.0,0.0,0.0,0.0,0.0,1.6377301929395976,0.4999176413124539,169.72105710960305,205.14835403410238,5215.535598377455,0.3059884772281047,0.046701538038477558,100.19342381858003,120.99198467578315,3079.2210234398746,3.1261087145164998,0.5907234910273059,152.48210247041176,184.33996837238929,4738.666387882491,0.30649493654719248,0.05791665467634026,93.93537389520518,113.53404356345262,2879.6842613860119,0.0,0.0,6.189049670326166,7.475887660776397,187.99083110355194,0.0,0.0,13.747499004829434,16.524605860127158,455.08421935555,0.0,0.0,64.9090558343659,78.55021096652996,1906.5262426636646,0.0,0.0,51.94959959481891,63.460991987155967,1248.8618751807713,0.0,0.0,33.4494765618453,40.34463020922849,1043.1642896778622,29.103610380313016,19.961323991984256,218.03930055113183,264.47759155411998,7047.594820597051,0.0,0.0,61.24931986410667,75.54279819062912,1140.4140166519115,0.0,16.918470024048177,33.51197547165052,22.000000000000019,30.00000000000002,0.0,16.985192180606238,33.3770988947815,12.00000000000001,30.00000000000002,0.0,16.903604155500838,33.604486236097127,22.000000000000019,30.00000000000002,0.0,16.94317131967222,33.437217583382,12.00000000000001,30.00000000000002,0.0,16.829131055501639,34.13915962424425,12.00000000000001,30.00000000000002,0.0,18.25117603899482,31.090309143104734,12.00000000000001,30.00000000000002,0.0,16.309697374072714,35.03911450391885,10.000000000000007,30.00000000000002,0.0,13.5807543433597,42.03960261347384,12.00000000000001,30.00000000000002,0.0,17.25080586147797,33.15899323874275,20.000000000000015,30.00000000000002,0.0,15.719423609006743,0.0,0.0,0.0,10.844672936566586,0.0,0.0,469.5740682983766,467.85309306986627,478.0156228162433,463.82336546892807,539.2141046833895,783.8137483110535,541.7193250916525,636.3066423412579,702.8235676810332,0.0,84.19786446907429,84.19786446907429,60.00000000000004,0.0,60.00000000000004,60.00000000000004,12.0,12.0,12.0,19.0,12.0,12.0,21.0,10.0,0.0,0.0,0.0,0.0,0.0,0.0,0.0,0.0,0.0,0.0,0.0,0.0,0.0,84.19786446907429,84.19786446907429,0.0,0.0,0.0,84.19786446907429,0.0,0.0,0.0014166666666666666 
 04/19  05:10:00,2.0266666666666666,91.5,2.7683333333333337,11.333333333333334,162.66666666666669,0.0,0.0,0.0,2.0,2.0,0.0,0.0,0.0,0.0,0.0,446.0,0.0,21.853527920391739,104.95322110999828,268.93682092585018,0.6552804988789928,17.441210355441226,0.0,104.95322110999817,143.47901026000674,0.0,0.0,17.301953666882093,-214.33682867955123,17.27188318080311,-95.39092256442427,17.258393000687656,-45.444965981595377,17.318526469595655,-72.42038153710263,16.81540896731311,-5.798458234629365,18.044652263293057,-45.67297572976514,16.532149559202226,-97.83164390148113,14.30065990111184,-289.6528822963015,17.237026984906508,-115.77521651298969,345.2833610785767,772.1777541550164,0.0,0.0,0.0,0.0,0.0,0.0,0.0,0.0,0.0,0.0,0.0,0.0,0.0,0.0,0.0,0.0,0.0,0.0,0.0,0.0,0.0,0.0,1.6205067233867779,0.49466017197398595,126.41129332657474,152.56632409360004,3840.3048060172466,0.30638896319996658,0.046762662271057169,84.00401133580795,101.36484910823252,2562.5837134120718,3.070344882956508,0.5801861078904969,55.75105773343887,67.27820063245436,1787.5398577658658,0.30796686625500566,0.058194797100341189,28.85203631395792,34.86467697608011,885.557198029947,0.0,0.0,6.176648154653913,7.458249533741883,185.55821016719126,0.0,0.0,13.698259396153082,16.460803848538434,448.79138885263299,0.0,0.0,65.89137010649663,79.70680662387187,1912.8578298464318,0.0,0.0,52.0222111413888,63.52939870051709,1232.9605710407323,0.0,0.0,33.41963200243009,40.29266508085065,1033.0671861848485,28.85427467452118,19.790311848094093,119.36465535407055,144.74322336222557,4080.199153170921,0.0,0.0,61.22651849636056,75.48967415905205,1119.4183714318688,0.0,16.851307387250935,33.69633883644983,22.0,30.0,0.0,16.978159962194053,33.39408747223231,12.0,30.0,0.0,16.977415656634795,33.434974049837069,22.0,30.0,0.0,17.010691478264265,33.312370739291278,12.0,30.0,0.0,16.777907959398477,34.175655831178428,12.0,30.0,0.0,18.194438319733846,31.148957307100056,12.0,30.0,0.0,16.25467638820912,35.1421773914561,10.0,30.0,0.0,13.529045133135785,42.10128491224293,12.0,30.0,0.0,17.229377722569575,33.14263574254507,20.0,30.0,0.0,15.500861927826108,0.0,0.0,0.0,10.796979986307204,0.0,0.0,470.2670223420191,467.13025296966966,484.08246575255625,463.3042000948146,538.4067879843708,783.7609231819566,542.3570395473005,635.1259186145107,701.460311024762,0.0,84.19786446907423,84.19786446907423,60.0,0.0,60.0,60.0,12.0,12.0,12.0,19.0,12.0,12.0,21.0,10.0,0.0,0.0,0.0,0.0,0.0,0.0,0.0,0.0,0.0,0.0,0.0,0.0,0.0,84.19786446907423,84.19786446907423,0.0,0.0,0.0,84.19786446907423,0.0,0.0,0.0014399999999999999 
 04/19  05:20:00,2.1433333333333337,91.0,2.9066666666666669,14.166666666666668,203.33333333333335,0.0,0.0,0.0,2.0,2.0,0.0,0.0,0.0,0.0,0.0,446.0,0.0,28.86391130066982,132.366905395273,339.1829058976714,0.865492083395466,23.036216806940425,0.0,132.36690539527297,180.9555950397075,0.0,0.0,17.172482300596827,-70.82365019889221,17.250010427156004,-235.38303422873106,17.248465376667,-125.53645811439378,17.38291154695155,-180.77582659188466,16.766214363151947,-6.11430902932338,17.99610532955634,-46.41246668012187,16.476562672580969,-113.95962067871244,14.28052364067042,-288.1577332962929,17.24388963027311,-121.45488720344702,435.08126297920219,764.3612538300633,0.0,0.0,0.0,0.0,0.0,0.0,0.0,0.0,0.0,0.0,0.0,0.0,0.0,0.0,0.0,0.0,0.0,0.0,0.0,0.0,0.0,0.0,1.616841251992494,0.4935412857119945,298.4750919412828,360.32481871421978,8917.62448186637,0.30193630383313899,0.0460830744556073,184.80017303513643,222.97969861728098,5572.532711556458,2.9151180145527828,0.5508537442465578,126.17426789266507,152.19760097574778,3886.6239351944807,0.28900476033164038,0.054611632715729458,73.3672390822801,88.48625342570473,2230.0684414559125,0.0,0.0,6.210637856808239,7.501663494432001,184.53204596107055,0.0,0.0,13.974262250341893,16.795734974303067,453.163546078804,0.0,0.0,60.606588880110027,73.34726302417468,1739.0915784832678,0.0,0.0,51.39281392969983,62.7702955956578,1203.123316871829,0.0,0.0,35.89642199261084,43.279640799233927,1100.758525714997,28.544635976414634,19.577939627170538,286.98502057930099,347.56096981813007,8815.60705734374,0.0,0.0,60.428358035399117,74.51551712428724,1087.5922699616663,0.0,16.692559068837349,34.05598323084671,22.0,30.0,0.0,16.968971757679804,33.444508756065037,12.0,30.0,0.0,16.96675108835011,33.460960828484918,22.0,30.0,0.0,17.046308794727165,33.27729193069473,12.0,30.0,0.0,16.729125151608089,34.228607413675828,12.0,30.0,0.0,18.142604821235574,31.21650333221085,12.0,30.0,0.0,16.199615385160848,35.24372545521949,10.0,30.0,0.0,13.503096610677654,42.06938366735616,12.0,30.0,0.0,17.22335657333643,33.10114957238291,20.0,30.0,0.0,15.838244593518273,0.0,0.0,0.0,10.775344012848575,0.0,0.0,473.2163136092736,469.1760954012939,474.6029645398062,461.2927341671939,539.4175580334913,784.4991461552061,548.3958382807,636.7497058265135,697.0829095408617,0.0,84.19786446907423,84.19786446907423,60.0,0.0,60.0,60.0,12.0,12.0,12.0,19.0,12.0,12.0,21.0,10.0,0.0,0.0,0.0,0.0,0.0,0.0,0.0,0.0,0.0,0.0,0.0,0.0,0.0,84.19786446907423,84.19786446907423,0.0,0.0,0.0,84.19786446907423,0.0,0.0,0.0014399999999999999 
 04/19  05:30:00,2.26,90.5,3.045,17.0,244.0,0.0,0.0,0.0,2.0,2.0,0.0,0.0,0.0,0.0,0.0,223.0,0.0,36.33120427310314,157.43946166913708,403.42999726959297,1.089406092293943,28.99590202629941,0.0,157.43946166913703,215.23168033576543,0.0,0.0,17.17292200327175,-147.85669236026753,17.23533912462907,-10.455952897393673,17.25352970309764,-44.228363482320677,17.383325462323695,-214.73227944312476,16.712630146241023,-5.986274763004332,17.945224053864764,-46.54099191611573,16.41697775965497,-93.26368695081556,14.264363526713705,-287.13443310259279,17.255210025735843,-123.10351321853159,368.2012986097707,761.3507629162659,0.0,0.0,0.0,0.0,0.0,0.0,0.0,0.0,0.0,0.0,0.0,0.0,0.0,0.0,0.0,0.0,0.0,0.0,0.0,0.0,0.0,0.0,1.6125448217596159,0.4922297990719218,89.1114158385334,107.45722187954546,2673.2749546836996,0.3069625822411988,0.04685021096477394,55.58479203102866,66.96797457066474,1675.2982473107566,2.9684943938415566,0.5609399837191151,95.06182471654441,114.53146433523428,2937.281842548527,0.2906406567552704,0.05492075902404957,94.50427699455007,113.86667732331478,2837.0110518287999,0.0,0.0,6.1339035820603728,7.398207491061758,180.16201132333536,0.0,0.0,13.896174752747737,16.679356544697229,445.93094310884336,0.0,0.0,64.14071449282031,77.50515911273166,1817.8476692279426,0.0,0.0,51.52625532167678,62.83787999077985,1192.3881547904576,0.0,0.0,35.54991719988524,42.795875417062529,1082.2497049122438,28.318488028909355,19.42283129554826,143.03842617036083,173.14387826360218,4679.893586668614,0.0,0.0,60.51708013394135,74.50340506683382,1076.5986177583207,0.0,16.739784776865244,33.97712660700149,22.0,30.0,0.0,17.002832524794486,33.381015546288178,12.0,30.0,0.0,16.997133680993856,33.405501292875737,22.0,30.0,0.0,16.978932766344248,33.45275618154353,12.0,30.0,0.0,16.67166068525169,34.30434924969043,12.0,30.0,0.0,18.084526079104074,31.30106701365606,12.0,30.0,0.0,16.140044379706816,35.36119186959555,10.0,30.0,0.0,13.485160625318045,42.08374801928714,12.0,30.0,0.0,17.22692535709871,33.05820315297739,20.0,30.0,0.0,15.639240750047295,0.0,0.0,0.0,10.78986075700198,0.0,0.0,471.0988914075743,474.9767823351015,471.13694453378715,462.58635786396339,541.9177556672943,784.6981270183766,547.9600697758554,638.7894335173488,695.7340671218333,0.0,84.19786446907423,84.19786446907423,60.0,0.0,60.0,60.0,12.0,12.0,12.0,19.0,12.0,12.0,21.0,10.0,0.0,0.0,0.0,0.0,0.0,0.0,0.0,0.0,0.0,0.0,0.0,0.0,0.0,84.19786446907423,84.19786446907423,0.0,0.0,0.0,84.19786446907423,0.0,0.0,0.0014399999999999999 
 04/19  05:40:00,2.3766666666666667,90.0,3.1833333333333337,24.333333333333333,270.66666666666665,0.0,0.0,0.0,2.0,2.0,0.0,0.0,0.0,0.0,0.0,223.0,0.0,51.906669246107288,177.35038931940162,454.45074454848796,1.5564450656615339,41.42669140729391,0.0,177.3503893194016,242.4514279757587,0.0,0.0,17.26279791272907,-9.797661709822933,17.106539918109165,-303.6905349618937,17.114495458931878,-263.54353939355999,17.533495827324328,-23.257788006706507,16.665797007921069,-4.987639259742281,17.90551179850029,-44.018003548587049,16.35874886400154,-103.64903786232139,14.252923814636802,-283.2861041012677,17.26606643687974,-125.73481345384289,410.0250870913969,753.062614311672,0.0,0.0,0.0,0.0,0.0,0.0,0.0,0.0,0.0,0.0,0.0,0.0,0.0,0.0,0.0,0.0,0.0,0.0,0.0,0.0,0.0,0.0,1.5712274172862304,0.4796176487442706,243.58474718543196,293.4888242497748,7285.801557972776,0.28907325994674468,0.044119850419222329,133.46271706229525,160.9348158305056,3914.5405142667634,2.896769083447691,0.5473864481193673,107.48274652420608,129.61989127711946,3224.213405653857,0.2885641902401888,0.05452838061983914,7.234993052962075,8.71031866189345,226.93240898775719,0.0,0.0,6.016270398049601,7.257764643050456,174.7674441652554,0.0,0.0,14.112442902196732,16.94207973079242,448.4272464574998,0.0,0.0,60.15067122280499,72.70214174703261,1683.173377801138,0.0,0.0,51.17498114290248,62.413261970458318,1171.4965286705822,0.0,0.0,36.59615946249965,44.0564029114876,1105.8477196164734,28.096206788790913,19.27037502660557,211.5108691816157,255.90218479345703,6557.427353622055,0.0,0.0,60.05103110205286,73.92395911356415,1057.8968047862116,0.0,16.99302827494351,33.41332952977738,22.0,30.0,0.0,16.75913937707665,33.93316905169513,12.0,30.0,0.0,16.729681790632595,34.01224057812281,22.0,30.0,0.0,17.223140876549896,32.94447115805905,12.0,30.0,0.0,16.627194242974288,34.3680274533464,12.0,30.0,0.0,18.04287529487986,31.36318176949972,12.0,30.0,0.0,16.077143209606019,35.517716690786318,10.0,30.0,0.0,13.480008712614568,42.07027742865676,12.0,30.0,0.0,17.232282223252864,33.02795702368181,20.0,30.0,0.0,15.7901125293632,0.0,0.0,0.0,10.8237607920851,0.0,0.0,475.17181560932837,458.1540986354686,467.47172085246918,461.23329094107239,541.2878034502066,783.2432453034832,548.755212154452,640.3189623792207,693.2486587060747,0.0,84.19786446907423,84.19786446907423,60.0,0.0,60.0,60.0,12.0,12.0,12.0,19.0,12.0,12.0,21.0,10.0,0.0,0.0,0.0,0.0,0.0,0.0,0.0,0.0,0.0,0.0,0.0,0.0,0.0,84.19786446907423,84.19786446907423,0.0,0.0,0.0,84.19786446907423,0.0,0.0,0.0014399999999999999 
 04/19  05:50:00,2.493333333333333,89.5,3.3216666666666665,31.666666666666666,297.3333333333333,0.0,0.0,0.0,2.0,2.0,0.0,0.0,0.0,0.0,0.0,669.0,0.0,67.59648869568878,185.62534432424497,475.6549765940082,2.026914383169209,53.94876200101873,0.0,185.62534432424477,253.76391883105755,0.0,0.0,17.133492971623519,-124.3897739449871,17.116184060669594,-59.115569609771728,17.179292070534147,23.814464536279219,17.466900606299839,-352.14452180403989,16.624956552181869,-6.137463394134012,17.873577170110634,-47.196899364774747,16.32570960392087,-90.71239762450492,14.242712936525165,-275.34111232658128,17.27097010362234,-129.11738648174859,398.0322074235216,742.4313394901056,0.0,0.0,0.0,0.0,0.0,0.0,0.0,0.0,0.0,0.0,0.0,0.0,0.0,0.0,0.0,0.0,0.0,0.0,0.0,0.0,0.0,0.0,1.5800936873757874,0.4823240803955399,187.1703948403997,226.26339213955488,5477.059370166437,0.30112296859077089,0.045958939040105489,84.57421214386989,102.24495507431155,2475.9140613681859,2.950583653867324,0.5575554901487769,174.72061310652107,211.2025652939161,5201.983167337857,0.2729357730691367,0.051575164979050808,152.2633744022848,183.93946271242369,4501.3540369864899,0.0,0.0,6.179772074366356,7.4725750771251289,177.60701729130586,0.0,0.0,14.061474520441625,16.919359294458475,442.5521140521463,0.0,0.0,62.24337317599477,75.40320277223063,1725.014212820774,0.0,0.0,51.006787100158337,62.34466586480752,1155.3543759808529,0.0,0.0,37.53718869974558,45.287426160390868,1125.2235111990654,27.82999369059678,19.087787167761876,235.8968314275334,286.15492533778549,7206.597147063895,0.0,0.0,59.829282744505608,73.79968138767355,1045.4076364483472,0.0,16.77002466933338,33.93383516659635,22.000000000000019,30.00000000000002,0.0,16.84102849866036,33.76892169719538,12.00000000000001,30.00000000000002,0.0,16.90660288092183,33.64229156364402,22.000000000000019,30.00000000000002,0.0,17.009462282879779,33.44018561231276,12.00000000000001,30.00000000000002,0.0,16.59422218054705,34.425338151149109,12.00000000000001,30.00000000000002,0.0,18.01299196574379,31.417063484759788,12.00000000000001,30.00000000000002,0.0,16.065008639780247,35.52954867235224,10.000000000000007,30.00000000000002,0.0,13.482842221446163,42.034353824168487,12.00000000000001,30.00000000000002,0.0,17.234393575229924,33.01472532890228,20.000000000000015,30.00000000000002,0.0,15.778341384613322,0.0,0.0,0.0,10.87528214280648,0.0,0.0,471.1971060532606,466.1310698796224,470.7057752061544,463.24982990178588,541.8656215135624,783.2189018458221,546.8175210059458,641.8421414075219,691.0587890243579,0.0,84.19786446907429,84.19786446907429,60.00000000000004,0.0,60.00000000000004,60.00000000000004,12.0,12.0,12.0,19.0,12.0,12.0,21.0,10.0,0.0,0.0,0.0,0.0,0.0,0.0,0.0,0.0,0.0,0.0,0.0,0.0,0.0,84.19786446907429,84.19786446907429,0.0,0.0,0.0,84.19786446907429,0.0,0.0,0.0014466666666666667 
 04/19  06:00:00,2.61,89.0,3.46,39.0,324.0,0.0,0.0,0.0,2.0,2.0,0.0,0.0,0.0,0.0,0.0,446.0,0.0,83.40135471263297,192.6435479465627,493.6388640161061,2.5008347900622147,66.56266608414608,0.0,192.64354794656257,263.358335266147,0.0,0.0,17.171618237113237,-27.28196681566874,17.132891956006377,-56.86289693454387,17.177752902327897,-135.2738049956497,17.487761807809109,-142.4009964057281,16.576170604190119,-5.971157173567519,17.836895687588119,-46.397452978932708,16.28418002111946,-83.64928209643404,14.235858232473233,-269.38755251025909,17.274473276144055,-131.2317887167884,268.5805204251186,728.5537922180708,0.0,0.0,0.0,0.0,0.0,0.0,0.0,0.0,0.0,0.0,0.0,0.0,0.0,0.0,0.0,0.0,0.0,0.0,0.0,0.0,0.0,0.0,1.554066696622566,0.4743793335233718,124.8224296786027,150.74081777178263,3674.3807419406568,0.29669854930246755,0.04528366137095048,59.08528823047061,71.32190114476663,1725.2180925327617,2.889251524376464,0.5459658965186063,92.26853958888948,111.41295679930805,2769.3460440271717,0.28129665509519399,0.05315507465895576,57.56927934989048,69.57974490511721,1689.7108470326178,0.0,0.0,6.138520613567671,7.419663132912161,174.39825167697968,0.0,0.0,14.08515432786584,16.942129568852925,438.89118704575187,0.0,0.0,62.61517588360829,75.81714234999399,1716.8299257694915,0.0,0.0,50.68297590355012,61.91550320728116,1136.981681171712,0.0,0.0,37.47926689456573,45.195633389301779,1114.8582674872608,27.608076841467378,18.935580824051706,93.82766196557619,113.93010280648866,3169.6986760565316,0.0,0.0,59.44932432342587,73.27693685970941,1032.4149112519716,0.0,16.91003125895027,33.65575634815629,22.0,30.0,0.0,16.89246965015696,33.68944916795465,12.0,30.0,0.0,16.913542591539306,33.67785180836596,22.0,30.0,0.0,17.044490019284539,33.38935709771356,12.0,30.0,0.0,16.545261809981917,34.51242007289905,12.0,30.0,0.0,17.971097076928666,31.49386558284639,12.0,30.0,0.0,16.034035656284563,35.60174528702624,10.0,30.0,0.0,13.492701056991415,41.98767816584423,12.0,30.0,0.0,17.236073009263678,33.00217999275576,20.0,30.0,0.0,15.327835803085858,0.0,0.0,0.0,10.941423351641033,0.0,0.0,475.4311280758434,466.1233138392214,473.945786613284,461.8709987569495,542.4054942166586,782.2939914551172,546.3884757552303,642.6653535672076,690.1757242866886,0.0,84.19786446907423,84.19786446907423,60.0,0.0,60.0,60.0,12.0,12.0,12.0,19.0,12.0,12.0,21.0,10.0,0.0,0.0,0.0,0.0,0.0,0.0,0.0,0.0,0.0,0.0,0.0,0.0,0.0,84.19786446907423,84.19786446907423,0.0,0.0,0.0,84.19786446907423,0.0,0.0,0.0014533333333333334 
 04/19  06:10:00,2.873333333333333,88.16666666666667,3.453333333333333,46.333333333333339,350.6666666666667,0.0,0.0,0.0,2.0,2.0,0.0,0.0,0.0,0.0,0.0,2240.0,0.0,99.3153589825566,198.10696842414465,507.638717104206,2.9780291163244017,79.26368816235252,0.0,198.10696842414454,270.82724526688096,0.0,0.0,18.33253528255803,-895.6170047354287,17.363212203908434,797.4940530023866,18.641339584934749,-2447.4953293890455,17.845267762646964,742.201314275296,16.531141396899529,-11.381723854474407,18.699793487090284,-116.5517618788835,16.37591596407823,111.45569355595343,15.332055567129446,-322.0817168832547,18.544382519379029,-291.565895883889,719.2554320688112,871.3387581642676,0.0,0.0,0.0,0.0,0.0,0.0,0.0,0.0,0.0,0.0,0.0,0.0,0.0,0.0,0.0,0.0,0.0,0.0,0.0,0.0,0.0,0.0,1.5025797675743947,0.45866293271501659,370.9289567478857,445.1020260388129,12047.803320185385,0.3843809293091289,0.058666198002003819,326.1379378782782,393.26084512363436,9668.023539833885,2.425516705769204,0.45833649013023528,481.67222870072,577.2596749962062,16018.396614344825,0.34722769548652829,0.06561369907152839,325.1360205646032,391.63118230572919,9858.972465124498,0.0,0.0,10.031153841767095,12.13886140814219,278.7113326678393,0.0,0.0,18.892134355892418,22.63847766159376,629.317712008981,0.0,0.0,74.22708971727161,89.91101737691001,2030.1418974212816,0.0,0.0,40.05326461361247,48.74514570087628,999.9528686740293,0.0,0.0,50.88469628884788,60.99494884772249,1686.4851287097973,28.83232645182629,19.775258197411728,640.3044718264592,773.5114527392714,19121.509332215646,0.0,0.0,55.658375533982219,68.63080055952925,965.6563892804127,2041.5215589191465,18.668284840242518,30.238274708824464,21.999999999999998,30.0,0.0,17.363552425669917,32.77656171453063,15.999999999999999,30.0,4591.346936938282,19.055355380258346,29.52888468975026,21.999999999999998,30.0,0.0,17.7101570853795,32.089950912430037,15.999999999999999,30.0,0.0,16.50344681273212,34.596671862105498,12.0,30.0,1634.6409110186012,19.283805037099989,29.037457486220327,20.0,30.0,0.0,16.264209749654684,35.126460844495337,10.0,30.0,1443.33587508119,15.202220709042355,37.63935969271066,16.999999999999998,30.0,2349.1233066590236,19.171887107722939,29.270343679790814,19.9,30.0,0.0,16.769006350119399,0.0,0.0,0.0,11.203686886696035,0.0,0.0,471.4357153847699,471.8665636697724,469.0892905641142,467.17030469763247,542.1106793564775,771.9525505489294,530.3313622623023,646.6304199881184,677.7943650599632,12251.698648429172,79.90294624710862,87.20696728241389,60.0,0.0,60.0,60.0,16.0,16.0,19.0,19.0,16.0,12.0,21.0,10.0,1.0,0.0,2041.5215589191465,0.0,4591.346936938282,0.0,1634.6409110186012,0.0,1443.33587508119,2349.1233066590236,11051.519970614116,6630911.982368469,8649120.641194454,79.90294624710862,87.33101380727912,0.4023839990204705,0.7662096832862889,0.3602813740196596,87.33101380727912,0.3542647819438876,8649120.641194454,0.45121427334211158 
 04/19  06:20:00,3.1366666666666669,87.33333333333334,3.446666666666667,53.66666666666667,377.33333333333339,0.0,0.0,0.0,2.0,2.0,0.0,0.0,0.0,0.0,0.0,672.0,0.0,115.33064181348554,201.82868904052999,517.1755721642078,3.4582616753411328,92.04555530786736,0.0,201.82868904052993,275.9151195108127,0.0,0.0,19.079976484311744,-1475.1100509149226,17.992157368662775,746.5115002496681,19.511092378273724,-3433.007088567254,18.65003325833228,583.5714958774247,16.473450554680598,-11.39543200212178,18.860912889556539,-121.96728128869714,16.65984727454297,137.50828652425506,16.288392637954027,-241.84513179734314,18.67665813502045,-218.77265710809253,900.5596288106035,768.1664859150383,0.0,0.0,0.0,0.0,0.0,0.0,0.0,0.0,0.0,0.0,0.0,0.0,0.0,0.0,0.0,0.0,0.0,0.0,0.0,0.0,0.0,0.0,1.524647334313583,0.4653990641982852,438.38221473345257,524.1537734713492,14839.359231168222,0.4108312785779118,0.06270318659614037,388.5348286875071,466.88417894964837,12037.104694470727,2.343405243355466,0.4428203407701183,539.5751903627089,644.193778426348,18726.542271522587,0.3562937519444897,0.06732686166751502,355.0589225199853,425.886243534811,11367.55582992862,0.0,0.0,11.595381846722825,14.028519774762902,314.63717886781446,0.0,0.0,20.118998629020255,24.083400641532938,666.3407102363678,0.0,0.0,78.15597441293497,94.45147418768225,2169.907271150263,0.0,0.0,24.281108638356338,29.353826954943558,679.0710218571877,0.0,0.0,47.4646491112441,56.86991098615552,1551.653219437395,29.680459090671,20.35696782624897,731.8436469662524,881.9745173283818,22326.433636161815,0.0,0.0,46.38762272888641,57.13757141321554,793.7653055971384,1997.604835177553,19.904436115309449,27.990204622298206,21.999999999999994,29.99999999999999,0.0,18.43470715653128,30.667846336936277,15.999999999999993,29.99999999999999,4208.486159128426,20.334083226926209,27.261244535200633,21.999999999999994,29.99999999999999,0.0,18.9849245496286,29.63550373531741,15.999999999999993,29.99999999999999,0.0,16.44077038268636,34.739074636969807,11.999999999999995,29.99999999999999,0.0,19.55468333749746,28.590141230644293,18.999999999999994,29.99999999999999,0.0,16.76100678172211,34.06313669359937,9.999999999999997,29.99999999999999,687.9768144064032,16.920519714726035,33.67488024393967,16.999999999999994,29.99999999999999,0.0,19.31372837263633,29.008436972539319,18.999999999999994,29.99999999999999,0.0,17.600108592450984,0.0,0.0,0.0,11.350519939851458,0.0,0.0,470.9123343672159,473.16821072610676,469.0328705508719,468.6464361122503,540.6307067644548,739.5792568586676,520.2924705077709,649.1207772958384,657.3205513298458,10339.867869008729,81.16789791771717,85.88776897575232,59.99999999999998,0.0,59.99999999999998,59.99999999999998,16.0,16.0,19.0,19.0,16.0,12.0,21.0,10.0,1.0,0.0,1997.604835177553,0.0,4208.486159128426,0.0,0.0,0.0,687.9768144064032,0.0,7142.828442660737,4285697.065596444,5614179.690092983,81.16789791771717,85.96792805521437,0.3514276147553579,0.7628392649066353,0.36028137401965945,85.96792805521437,0.35426478194388735,5614179.690092983,0.2933640105515018 
 04/19  06:30:00,3.4000000000000005,86.5,3.44,61.0,404.0,0.0,0.0,0.0,2.0,2.0,0.0,0.0,0.0,0.0,0.0,672.0,0.0,131.43847605572715,203.67454820173863,521.9056474980857,3.9412707647004545,104.90130222427583,0.0,203.67454820173837,278.4385489275428,0.0,0.0,19.78027580916573,-1176.4537713085709,18.544941133320223,1056.2618006355056,20.292101803795054,-3262.821063434957,19.28645255764891,891.9879259502992,16.428107503198804,-5.308853904042468,18.579705342448795,-69.11723471705524,17.094452812934529,427.7473911863559,15.954598678977512,-377.41616185988189,18.940651793876776,-172.4406917476892,1165.6808522234747,744.5204268513753,0.0,0.0,0.0,0.0,0.0,0.0,0.0,0.0,0.0,0.0,0.0,0.0,0.0,0.0,0.0,0.0,0.0,0.0,0.0,0.0,0.0,0.0,1.6462246534966599,0.5025105779904333,462.043705121696,550.3963051394301,16340.884472237423,0.43563228575916426,0.06648844410243653,400.9220980650524,480.19992630209307,12924.05983315513,2.4427116888939386,0.46158573108351066,564.8428983405148,671.7860994682114,20476.549153497177,0.36936034759556315,0.06979598405055988,359.90424891866015,430.1192477668421,12035.87238873735,0.0,0.0,12.598207193373002,15.244687746328453,334.08106315988018,0.0,0.0,18.689620635408479,22.405719501036449,592.9175907887545,0.0,0.0,89.58944713789697,107.97341883119695,2580.339229256084,0.0,0.0,37.16655505767506,45.0027278613871,971.0081657161065,0.0,0.0,36.052523054165408,43.12438640528822,1185.7966902887068,30.9972939179945,21.260146720160838,752.133020689476,902.7029723533005,24297.078242917596,0.0,0.0,49.13509127125933,60.5044636610104,815.6997859977369,1921.8017007825022,20.96624379724701,26.26266609054526,21.999999999999994,29.99999999999999,0.0,19.35648982027265,28.999357032370424,15.999999999999993,29.99999999999999,4324.915656945052,21.415805453901954,25.553775433180556,21.999999999999994,29.99999999999999,0.0,19.98454623589161,27.89869377843911,15.999999999999993,29.99999999999999,0.0,16.398727980992857,34.85312606014053,11.999999999999995,29.99999999999999,9.410939907714015,19.105009813229917,29.422232681143777,18.999999999999994,29.99999999999999,0.0,17.574945893859174,32.40567313220549,9.999999999999997,29.99999999999999,109.82795371049659,16.20512697672505,35.27155232954041,15.999999999999993,29.99999999999999,1076.518504820231,19.675202728414314,28.392346238272695,19.66666666666666,29.99999999999999,0.0,18.763090200537424,0.0,0.0,0.0,11.362391818548796,0.0,0.0,472.4480232496402,476.24569004697499,472.1642136774516,472.0812623230074,537.3862387116553,725.002127537527,503.8076522968384,649.3263150076314,664.1363420315392,10925.818539568723,80.78036266884762,87.8794341981326,59.99999999999998,0.0,59.99999999999998,59.99999999999998,16.0,16.0,19.0,19.0,16.0,12.0,21.0,10.0,1.0,0.0,1921.8017007825022,0.0,4324.915656945052,0.0,9.410939907714015,0.0,109.82795371049659,1076.518504820231,10743.360610886277,6446016.36653177,8450511.783210334,80.78036266884762,87.99999999999997,0.3581120203628759,0.7628251718403799,0.36028137401965945,87.99999999999997,0.35426478194388735,8450511.783210334,0.44081994606027066 
 04/19  06:40:00,3.6633333333333337,85.66666666666667,3.4333333333333337,70.16666666666666,407.1666666666667,0.0,0.0,0.0,2.0,2.0,0.0,0.0,0.0,0.0,0.0,1568.0,0.0,139.13054914434876,192.57725155938918,493.46959567610647,4.171934984478593,111.04049408435523,0.0,192.57725155938898,263.2677030786363,0.0,0.0,20.17256177876622,-1304.0085805946806,19.000398659990105,1072.8048019733706,20.567871341172379,-2592.385661293694,19.779344609106258,747.2417239268604,16.39495396899905,3.063133930049711,19.224261945421273,-77.61249900399342,17.51250034651171,443.5711124602731,16.384431795342363,-415.620366761681,18.922102694192114,-117.11377541180488,1272.4077058247149,782.0708091166009,0.0,0.0,0.0,0.0,0.0,0.0,0.0,0.0,0.0,0.0,0.0,0.0,0.0,0.0,0.0,0.0,0.0,0.0,0.0,0.0,0.0,0.0,1.6845753468233702,0.514217138834973,474.0549055432515,564.1492676592397,16962.92329963731,0.44060466483893986,0.06724735421839746,402.5497151499179,481.4604178216628,13260.75495948531,2.60720001662603,0.4926681815241937,504.4982734530416,599.9560243701341,18353.293011963906,0.37175090771053917,0.0702477149868744,336.46727165053997,401.62008517565297,11480.080615156434,0.0,0.0,13.051964976771789,15.806293702554053,338.5123855316725,0.0,0.0,17.978659282741288,21.509166344348964,589.8718299537735,0.0,0.0,95.57442984575914,114.99598457069748,2824.538331659491,0.0,0.0,39.294676921150188,47.52291910761215,1049.8426826749704,0.0,0.0,31.2516532826253,37.437979816843938,1005.8387308063551,31.51907048953698,21.618018168406736,730.2942635810975,875.6223166610208,24020.127922138086,0.0,0.0,52.035747106261407,64.0699847510045,861.152446152015,1892.8895720281858,21.475414666968989,25.508009106148156,22.000000000000015,30.00000000000002,0.0,20.025253271899094,27.872740172957024,16.00000000000001,30.00000000000002,2941.507559862778,21.7013492661232,25.16929691615281,21.71428571428573,30.00000000000002,0.0,20.64878765285676,26.826713544879366,16.00000000000001,30.00000000000002,0.0,16.375640808834456,34.93369054958926,12.00000000000001,30.00000000000002,1026.6887281884479,19.96042168877626,27.912115255329434,19.571428571428588,30.00000000000002,0.0,18.24282081649814,31.12129316691189,10.000000000000007,30.00000000000002,808.9579824471692,16.79159803521893,34.00708936901186,16.714285714285727,30.00000000000002,0.0,19.59479265269016,28.566498378809535,19.000000000000015,30.00000000000002,0.0,19.311417327902704,0.0,0.0,0.0,11.618762985535382,0.0,0.0,475.84602026125858,479.1232536618948,475.65967207685528,476.49345962984378,534.8582417757136,716.6521489414406,505.237134784846,630.2864414946953,668.8300152358589,10477.360056284046,81.07697117201836,85.15609573376922,60.00000000000004,0.0,60.00000000000004,60.00000000000004,16.0,16.0,19.0,19.0,16.0,12.0,21.0,10.0,1.0,0.0,1892.8895720281858,0.0,2941.507559862778,0.0,1026.6887281884479,0.0,808.9579824471692,0.0,6173.108850918299,3703865.3105509786,4849357.637973491,81.07697117201836,85.22537281059197,0.35148458074489599,0.7662713586061815,0.3602813740196598,85.22537281059197,0.35426478194388785,4849357.637973491,0.2535265971746215 
 04/19  06:50:00,3.926666666666667,84.83333333333333,3.4266666666666669,79.33333333333333,410.33333333333339,0.0,0.0,0.0,2.0,2.0,0.0,0.0,0.0,0.0,0.0,448.0,0.0,155.29254254123763,184.70028444537719,473.28545778078998,4.656565401201914,123.93943644201927,0.0,184.700284445377,252.49929184345795,0.0,0.0,20.10817417056945,-1480.4100794411916,19.296933185600048,707.7275914709671,20.342554648485426,-896.29599930932,19.857501720745117,184.59876326453583,16.365842186259394,4.814350344465595,18.985755785464236,-47.98895342702485,17.82127558056378,338.38293931170326,16.24161924823225,-452.71958721439037,18.60906396925755,-72.72754464172812,1239.9374871628607,842.0043860099089,0.0,0.0,0.0,0.0,0.0,0.0,0.0,0.0,0.0,0.0,0.0,0.0,0.0,0.0,0.0,0.0,0.0,0.0,0.0,0.0,0.0,0.0,1.6909594876247239,0.5161658997633467,498.96640598060687,593.6835979843531,17290.949323890265,0.4023674468218414,0.06141139298257653,341.32543123827176,407.32917718715626,11308.614921290948,3.0138235875115448,0.5695055909885762,370.2862159904578,440.7968297734209,12901.700703558454,0.3517614130192812,0.06647041062344693,201.93143987386476,240.87153284531605,6818.832595649122,0.0,0.0,12.395968949599182,14.997143166157402,314.375669911444,0.0,0.0,15.80949002425697,18.912603650582065,501.6750853086627,0.0,0.0,102.12796854569992,122.53813484075028,3056.448645905675,0.0,0.0,45.72612781578364,55.26692702977868,1178.0192078513797,0.0,0.0,24.744313003504183,29.662715191516086,758.2508000891686,31.36431072001599,21.511872921821675,632.4661216528269,757.1853637950846,20741.7689748562,0.0,0.0,58.6578615738879,72.06730365648324,967.7720053193931,1842.8276705415952,21.18368635384705,26.004623604375995,22.0,30.0,0.0,20.391613025242117,27.274019890274859,16.0,30.0,1946.1397234140328,21.335582719260917,25.776270735813104,21.5,30.0,0.0,20.585771676157905,26.965591108727979,16.0,30.0,0.0,16.35321127659713,35.024966307171329,12.0,30.0,0.0,19.64795447984379,28.53119253407246,19.0,30.0,0.0,18.713053172007059,30.243346691575167,10.0,30.0,675.4917115494812,16.505154870439477,34.67994442323351,16.5,30.0,7.781992016424512,19.074362792294079,29.52490101194831,19.0,30.0,0.0,19.4342033920529,0.0,0.0,0.0,11.854314798604062,0.0,0.0,476.72950136998386,480.8710859326087,478.92648775569327,482.0575697981749,533.4813943270168,724.7489632481704,508.2826364747842,605.3101812853045,688.8744183879462,11457.608821358128,80.4284778020423,87.87355782523668,60.0,0.0,60.0,60.0,16.0,16.0,19.0,19.0,16.0,12.0,21.0,10.0,1.0,0.0,1842.8276705415952,0.0,1946.1397234140328,0.0,0.0,0.0,675.4917115494812,7.781992016424512,11266.270152714887,6759762.091628932,8822475.486059254,80.4284778020423,88.0,0.37554233842382958,0.7667019975259779,0.36028137401965956,88.0,0.3542647819438875,8822475.486059254,0.4601253919417479 
 04/19  07:00:00,4.19,84.0,3.42,88.5,413.5,0.0,0.0,0.0,2.0,2.0,0.0,0.0,0.0,0.0,0.0,896.0,0.0,171.38766744027005,176.1491106529719,451.3737036927747,5.1391908739107789,136.78501258467549,0.0,176.1491106529717,240.80918896410248,0.0,0.0,20.270091793873499,-1082.1238151401308,19.31837496345542,505.32952435992868,20.658171705785365,-1708.6640426930617,19.80546162814989,548.9929313454359,16.340957306044616,7.044590149831961,18.79232635538083,-36.72749506929436,17.883025857916139,280.8866394059995,16.630785936576119,-442.3415201903249,19.503981156262598,-126.74668437460181,1170.5401299360538,841.7942164079655,0.0,0.0,0.0,0.0,0.0,0.0,0.0,0.0,0.0,0.0,0.0,0.0,0.0,0.0,0.0,0.0,0.0,0.0,0.0,0.0,0.0,0.0,1.6568185702607752,0.505744374316476,378.4401430114979,450.3511000911501,13087.246675298617,0.3772254662810994,0.057574094365247168,294.061163839153,351.23439575136617,9532.935672362086,2.713325374848803,0.5127221040908548,390.4741731234162,464.15245457250537,13705.40243645736,0.36067909383959137,0.06815553549500969,292.1088058073336,348.6006751467182,9579.071938868494,0.0,0.0,11.912507595207094,14.423523259760945,295.28626465605216,0.0,0.0,15.121878399883803,18.120790763113484,461.8228549746857,0.0,0.0,92.52457725919237,111.11848725529785,2725.6147690774366,0.0,0.0,42.71102684989247,51.58569720142293,1121.9449596076575,0.0,0.0,29.16239294009962,34.80909677377043,949.4017773702025,31.142348621614596,21.359635542945548,579.314030066495,694.039547567859,18688.042241072355,0.0,0.0,56.425417929698138,69.34684369867074,923.6943638956308,1854.4280982468893,21.393524455033956,25.733783825802726,22.0,30.0,0.0,20.29655632621448,27.49775063063962,16.0,30.0,2305.736976973989,21.537465142335816,25.527675152644517,21.5,30.0,0.0,20.468954069049194,27.21577438225727,16.0,30.0,0.0,16.335558156220438,35.0973669402031,12.0,30.0,0.0,19.320931205391476,29.136674891324778,19.0,30.0,0.0,18.749061431162415,30.235863648365926,10.0,30.0,666.1267783049816,17.096039652893773,33.43913555117847,16.75,30.0,1559.2262153940185,20.306135467148889,27.370646155888676,19.75,30.0,0.0,19.373982932658433,0.0,0.0,0.0,12.073308531136984,0.0,0.0,480.2590458283512,483.92706150386337,479.6650939016504,482.253150222663,530.5721151997926,740.28931432776,503.55413264205489,573.6630434265417,696.322014205691,10418.711696421886,81.11552962723693,85.08406180669498,60.0,0.0,60.0,60.0,16.0,16.0,19.0,19.0,16.0,12.0,21.0,10.0,1.0,0.0,1854.4280982468893,0.0,2305.736976973989,0.0,0.0,0.0,666.1267783049816,1559.2262153940185,6005.007533157278,3603004.519894367,4678082.859521601,81.11552962723693,85.15146065772487,0.3701669177719093,0.7680463356689524,0.36028137401965956,85.15146065772487,0.3542647819438875,4678082.859521601,0.2446136420284566 
 04/19  07:10:00,4.441666666666667,83.16666666666667,3.538333333333333,97.66666666666667,416.6666666666667,0.0,0.0,0.0,2.0,2.0,0.0,0.0,0.0,0.0,0.0,1120.0,0.0,187.23314673247408,166.840157685735,427.5201834308196,5.614330903791075,149.4313498737835,0.0,166.8401576857348,228.0831445019105,0.0,0.0,20.45570832467083,-1379.4408835341465,19.4007906661857,713.2710248646883,20.682333099432165,-1462.21813838716,20.005412356802528,511.0122881949768,16.32023634982331,10.805622701982282,18.637628173708629,-43.96532372438539,17.984685767862,350.77335114893227,17.183960303454588,-412.8828061156015,19.327222598092747,-99.29057374353656,1175.2660510342126,759.7279732570873,0.0,0.0,0.0,0.0,0.0,0.0,0.0,0.0,0.0,0.0,0.0,0.0,0.0,0.0,0.0,0.0,0.0,0.0,0.0,0.0,0.0,0.0,1.6168577967929326,0.49354633601737876,436.3677284001501,519.0782524291246,15006.894269285927,0.38908846142607125,0.05938468580983994,335.66766314665497,400.87007972574977,10761.16897174858,2.6302736955976857,0.4970282871499786,386.0766533202807,459.1693815561755,13278.515762884013,0.35508377026745277,0.06709821811554284,286.67598681069787,341.8874648077738,9392.92993974759,0.0,0.0,12.401181191162693,15.018585105430299,300.71449187998629,0.0,0.0,16.74775174879852,20.089919118797373,494.796711517504,0.0,0.0,89.16372923715253,107.04537651263888,2602.554621225257,0.0,0.0,35.611215313073547,42.90540416199975,973.060716401563,0.0,0.0,30.242458256610545,36.15144924626144,955.3745937432418,31.253544012833417,21.435901243369977,615.101016567774,736.6625996032365,19638.776710915747,0.0,0.0,50.64829977287836,62.2393607364959,813.9290868286112,1830.9722527728628,21.577885762326358,25.52114495057408,22.0,30.0,0.0,20.373374592509195,27.462159365441975,16.0,30.0,1615.6966161048945,21.485117261085276,25.681287366761358,21.400000000000003,30.0,0.0,20.72514652270799,26.877304814277204,16.0,30.0,0.0,16.322729954711116,35.18290910958934,12.000000000000002,30.0,23.954453594221559,19.05785229749089,30.99382075333787,19.0,30.0,0.0,18.87553080784092,30.083388414082564,10.0,30.0,1323.7734798978868,17.97908432377939,31.70088503708241,20.7,30.0,0.0,20.112916565704326,29.00418307784363,19.0,30.0,0.0,19.507642408886278,0.0,0.0,0.0,12.17200741846652,0.0,0.0,481.88082212686876,487.186897051993,481.85069506630375,483.1445943244335,527.1793363160284,765.9260323143859,497.7546207055906,573.4468216443788,699.547763225689,10003.798749431802,81.39018682471317,82.8250091536524,60.0,0.0,60.0,60.0,16.0,16.0,19.0,19.0,19.7,12.0,21.0,10.0,1.0,0.0,1830.9722527728628,0.0,1615.6966161048945,0.0,23.954453594221559,0.0,1323.7734798978868,0.0,2171.3653697492748,1302819.2218495648,1687006.0474489826,81.39018682471317,82.84937720008102,0.3443788456583092,0.7691403308505158,0.36028137401965956,82.84937720008102,0.35426478194388757,1687006.0474489826,0.08907431446734711 
 04/19  07:20:00,4.693333333333333,82.33333333333334,3.6566666666666669,106.83333333333334,419.8333333333333,0.0,0.0,0.0,2.0,2.0,0.0,0.0,0.0,0.0,0.0,1120.0,0.0,202.82386591051475,156.89512174952626,402.03673651414837,6.081832111190898,161.87436621816208,0.0,156.89512174952609,214.4875263966603,0.0,0.0,20.537675081105975,-1437.3353566026158,19.513127990339826,658.0226514899281,20.68690224051683,-1028.9659474769019,20.103960758921063,368.14650354643029,16.297856160615923,6.594462320001912,19.355526882712618,-41.33978405328275,18.116624767960916,355.27732424665956,18.23646387087774,-51.70819119905237,19.04163222123143,-30.711318449874257,1145.2509120710886,284.9832569164481,0.0,0.0,0.0,0.0,0.0,0.0,0.0,0.0,0.0,0.0,0.0,0.0,0.0,0.0,0.0,0.0,0.0,0.0,0.0,0.0,0.0,0.0,1.5858140830526182,0.48407023292204479,436.03498357555466,518.4987151080702,14786.834808228612,0.37090441721862679,0.0566093432873362,309.41872622592566,369.2895194803787,9823.410603927967,2.6206026599422467,0.495200804977749,325.536996779691,387.11957411998835,11080.146027274335,0.34010760225804195,0.06426825439494366,248.59783264936864,296.3775261761445,8059.846676836414,0.0,0.0,12.088507096616594,14.639167665238184,286.4575431124207,0.0,0.0,13.937157818474228,16.652424453241996,432.2253579869727,0.0,0.0,69.92062578335079,83.87285455557262,2030.0570544659013,0.0,0.0,12.306013372847943,14.725804644497894,373.4664633655324,0.0,0.0,14.46780048876119,17.316797415555845,435.9052992599108,31.239354481996199,21.426169054867086,555.4494419333081,665.0079599799544,17578.867146013043,0.0,0.0,17.611541803786243,21.679495666688653,255.2420147493332,1824.1904555342406,21.618883227800059,25.657999360841754,22.0,30.0,0.0,20.467789200877996,27.52186755475995,16.0,30.0,1530.0706236719264,21.483869352665847,25.87513663144284,21.400000000000003,30.0,0.0,20.80969745952313,26.958913817391207,16.0,30.0,0.0,16.303000198685255,35.3801391420419,12.000000000000002,30.0,1038.1926422542536,20.070693890061699,30.74304386359744,19.8,30.0,0.0,19.054691322218106,29.976611155354634,10.0,30.0,1289.058440631115,19.70416436135578,28.62469697099506,20.7,30.0,0.0,19.628100606328745,31.609250424063864,19.0,30.0,0.0,19.542618419747194,0.0,0.0,0.0,11.644668675017775,0.0,0.0,485.17077760399629,490.18603650936236,485.43518754919026,489.93994203550269,524.5143274933572,808.3200482309624,486.2284475578087,562.4265145591726,751.9312927369215,10749.57200613828,80.89688960113645,86.67441445242719,60.0,0.0,60.0,60.0,16.0,16.0,19.0,19.0,19.7,12.0,21.0,10.0,1.0,0.0,1824.1904555342406,0.0,1530.0706236719264,0.0,1038.1926422542536,0.0,1289.058440631115,0.0,8743.212836559695,5245927.701935817,6844988.746188516,80.89688960113645,86.77253600446832,0.35944042788532318,0.7655921486266016,0.36028137401965956,86.77253600446832,0.35426478194388757,6844988.746188516,0.3572527481351362 
 04/19  07:30:00,4.945,81.5,3.775,116.0,423.0,0.0,0.0,0.0,2.0,2.0,0.0,0.0,0.0,0.0,0.0,448.0,0.0,218.1547635177382,146.4832647309246,375.3570868407703,6.541542706790286,174.11002186181819,0.0,146.48326473092443,200.25372847985325,0.0,0.0,20.461327600590026,-1562.1310077938015,19.625128892053206,547.171885370296,20.52678182239151,-438.06489768145277,20.053785867592905,182.7847306045212,16.272735874253649,5.397683446585347,19.17996877801393,-29.547076875118706,18.23392010830335,330.07804229492219,18.84036799730724,-55.045201201749879,18.817484510361028,-72.73761361189409,1117.8228538996246,321.2274062433446,0.0,0.0,0.0,0.0,0.0,0.0,0.0,0.0,0.0,0.0,0.0,0.0,0.0,0.0,0.0,0.0,0.0,0.0,0.0,0.0,0.0,0.0,1.5298999580978779,0.46700242921180648,445.91588893836708,530.0880710224137,14722.454607339361,0.34896034796718547,0.05326012636861805,293.5257363202786,350.0042196482693,9227.664848009434,2.7226048490837826,0.5144755950649629,232.30615069732375,276.3986958884054,7690.753540940706,0.3231404599757931,0.061062067266778739,165.67777539645429,197.5910848001219,5259.958067308492,0.0,0.0,11.923454965223997,14.427215933765828,275.8728491439226,0.0,0.0,13.426115394714963,16.03675895904817,403.14029065670118,0.0,0.0,69.34150340502183,83.05712627236362,1998.7168824581425,0.0,0.0,17.848192651783326,21.255262534768247,565.7784176273499,0.0,0.0,14.725734802989976,17.62000452309958,425.0366833463344,31.15654215186774,21.36937047453206,508.0091952429915,607.8818800316419,15867.255408820001,0.0,0.0,18.56935358688758,22.815846434281583,262.1859159616479,1913.5760283777577,21.385430020759828,26.085176221422807,22.0,30.0,0.0,20.575213984068705,27.42524206957564,16.0,30.0,1415.1833466218296,21.415881167714994,26.05882798203052,21.5,30.0,0.0,20.660453013967005,27.354970038224097,16.0,30.0,0.0,16.27741483371939,35.6192107318159,12.0,30.0,0.0,19.834765870185806,32.750738149675019,19.0,30.0,0.0,19.211886308360506,29.783386542226219,10.0,30.0,881.0119149609743,20.720723804178989,27.17314468872314,20.7,30.0,0.0,19.24477632709851,33.762443002832487,19.0,30.0,0.0,19.545003057503217,0.0,0.0,0.0,11.699227569655875,0.0,0.0,486.11489971891288,491.5084611921514,485.67397678364639,496.9093290677162,521.7014921804167,843.8394514348347,485.43887638694926,537.8575640076667,807.0448994991032,8531.26613733984,82.36383001240489,82.36383001240489,60.0,0.0,60.0,60.0,16.0,16.0,19.0,19.0,19.7,12.0,21.0,10.0,1.0,0.0,1913.5760283777577,0.0,1415.1833466218296,0.0,0.0,0.0,881.0119149609743,0.0,0.0,0.0,0.0,82.36383001240489,82.36383001240489,0.34,0.7717163662286373,0.36028137401965956,82.36383001240489,0.3542647819438875,0.0,0.0012766666666666667 
 04/19  07:40:00,5.196666666666667,80.66666666666667,3.893333333333333,127.33333333333333,419.8333333333333,0.0,0.0,1.0,2.0,0.0,0.0,0.0,0.0,0.0,4.0,1120.0,0.0,235.3908240877101,135.77739478808909,347.9240431609224,7.058378255682081,187.8661630685341,0.0,135.7773947880889,185.61799260510117,0.0,0.0,20.51722470419383,-1390.462071049708,19.63031176617843,498.7776868921457,20.709883554578015,-1151.4154925967005,20.022492175205124,467.08855599967139,16.252078818993764,7.277117031245496,19.01101156414542,-41.566615059488288,17.61291127763728,-474.00706425557169,18.678260188470053,-90.71234288320166,18.575072810338815,-158.5478025723305,1108.6898868213417,1386.479832037171,0.0,0.0,0.0,0.0,0.0,0.0,0.0,0.0,0.0,0.0,0.0,0.0,0.0,0.0,0.0,0.0,0.0,0.0,0.0,0.0,0.0,0.0,1.520905622455275,0.4642569055113783,350.74064107464019,417.2722586399749,11457.300698300933,0.3488817958608372,0.05324813734139762,289.3905943937888,345.3915448689517,8906.64020479017,2.2263844667404495,0.42070757119056137,284.0019904869321,337.68265602667756,9375.340355176506,0.3316899446211214,0.06267761614155731,284.156151052645,338.94150426164267,8823.12912669947,0.0,0.0,11.729202510517112,14.204884228445492,264.9051624370022,0.0,0.0,14.08001591601796,16.848380275083345,407.27320370181226,0.0,0.0,179.6581061454891,216.3400106489005,4594.134209260067,0.0,0.0,28.272056853117375,33.769143741149807,853.7087328477742,0.0,0.0,116.56833981835321,139.8321771796002,3214.568560016294,31.24334094295586,21.428903253056153,567.072263952233,678.8949485896665,17334.61758160115,0.0,0.0,117.79226926777113,143.94218832825875,2016.5159754667594,1840.5062056475873,21.44080072087114,26.27744133959654,22.0,30.0,0.0,20.501212172280899,27.777596659847377,16.0,30.0,1324.7844796464636,21.54385891602444,26.8216149176465,21.4,30.0,0.0,20.627323740077629,28.124760642077914,19.0,30.0,0.0,16.2596118023582,35.930994745144158,12.000000000000002,30.0,0.0,19.53572035478428,34.29952342754949,19.0,30.0,0.0,17.90813940232237,33.135516278478188,10.0,30.0,506.37704524705387,20.177522606839657,29.513931760583334,19.9,30.0,0.0,18.8700715873899,31.95814788570035,12.000000000000002,30.0,0.0,19.57597089852284,0.0,0.0,0.0,13.357637591530729,0.0,0.0,497.09305244037446,498.61934962702039,531.6811185287679,523.8325023881569,532.4479777143829,876.3048738118125,563.7415106629403,606.4024700588908,617.9962330870161,8989.248113114469,82.06108462264075,82.06108462264075,220.0,0.0,220.0,220.0,16.0,19.0,19.0,12.0,19.7,12.0,21.0,10.0,1.0,0.0,1840.5062056475873,0.0,1324.7844796464636,0.0,0.0,0.0,506.37704524705387,0.0,0.0,0.0,0.0,82.06108462264075,82.06108462264075,0.34,0.7696380382407145,0.36028137401965956,82.06108462264075,0.35426478194388757,0.0,0.004546666666666667 
 04/19  07:50:00,5.448333333333333,79.83333333333334,4.011666666666667,138.66666666666667,416.6666666666667,0.0,0.0,1.0,2.0,0.0,0.0,0.0,0.0,0.0,4.0,896.0,0.0,252.18927243409554,125.35448838407204,321.2160751606613,7.562091870622912,201.27304687365504,0.0,125.35448838407189,171.36908934072495,0.0,0.0,20.51178553495857,-1445.8210869223477,19.66994616470183,497.1495172410214,20.689698976137814,-818.8923569734811,20.089850877925806,231.55091422039414,16.232261431415425,4.875260328707284,18.845525746796324,-70.52467155407024,16.957679615337275,-113.52356486221902,18.80154166977303,-225.84652657618433,18.18186511595984,-365.4615160284509,1069.9996808347397,1508.8620047911125,0.0,0.0,0.0,0.0,0.0,0.0,0.0,0.0,0.0,0.0,0.0,0.0,0.0,0.0,0.0,0.0,0.0,0.0,0.0,0.0,0.0,0.0,1.4299850386264113,0.4365033695440816,357.5331601865671,425.33092884447549,11467.80646757666,0.33414732093847179,0.050999285857520119,292.54502904166278,349.09886741899018,8855.59872651058,2.202079159682659,0.4161147316104799,228.75872958056056,272.2639697149889,7357.5714506041,0.30509296792029896,0.05765173241124317,229.6728664092983,273.94768034784388,7046.521453460856,0.0,0.0,12.115186641096445,14.670069017379506,266.97428534254257,0.0,0.0,15.63660448066743,18.725636128495297,435.4497982917473,0.0,0.0,238.5639008364131,288.2201371248423,5540.438535847525,0.0,0.0,41.809403516962479,49.90005822672063,1252.5759445615773,0.0,0.0,158.4626873388932,190.55140359802764,4102.80425599024,31.27194777745612,21.44852385285057,515.1938439840108,616.8467616128298,15528.394926722174,0.0,0.0,171.3012926600779,208.5692617094612,3222.653205118583,1786.740768966052,21.402548336134698,26.705533972236723,22.0,30.0,0.0,20.501981250443526,28.16110966720367,16.0,30.0,986.0833874436496,21.366081965798047,27.663651945527915,21.25,30.0,0.0,20.698155927134964,28.526132720355024,19.0,30.0,0.0,16.241245975767357,36.518494982199218,12.0,30.0,0.0,19.234984055534797,35.52200825931631,19.0,30.0,0.0,16.852285700370218,35.8323236649513,10.0,30.0,491.91127766514799,20.356758199437885,29.796483483682306,20.2,30.0,0.0,18.228384163794119,32.73132407509141,12.0,30.0,0.0,19.55243203354542,0.0,0.0,0.0,14.574029935282287,0.0,0.0,513.1965150115527,514.7631884570162,555.9206967119517,545.0251618806963,556.7884316068266,897.2016278650038,576.9504952288296,639.2869423765815,576.174823928015,9192.158850951404,81.92685548563969,83.66697016666375,220.0,0.0,220.0,220.0,16.0,19.0,19.0,12.0,19.7,12.0,21.0,10.0,1.0,0.0,1786.740768966052,0.0,986.0833874436496,0.0,0.0,0.0,491.91127766514799,0.0,2633.4563993892336,1580073.83963354,2073874.320902413,81.92685548563969,83.69652309073183,0.34278187997964118,0.7664334753351254,0.36028137401965956,83.69652309073183,0.3542647819438875,2073874.320902413,0.11225368690914769 
 04/19  08:00:00,5.7,79.0,4.13,150.0,413.5,0.0,0.0,1.0,2.0,0.0,0.0,0.0,0.0,0.0,4.0,448.0,0.0,268.5518445301869,115.52971321915402,296.04078224205809,8.052735588965897,214.33205857605956,0.0,115.5297132191539,157.9378768273699,0.0,0.0,20.530152385880723,-1433.9455523431198,19.700323388904267,469.7690650196555,20.37831739027383,-721.177633788554,20.015018550976106,280.8847282006009,16.210378283001988,4.588320648460467,18.721108675593919,-70.7592765796939,16.95927369593248,34.047186662390689,18.670159940625039,-217.23001105091204,17.830353098870249,-258.45237822007996,1061.858429410002,1246.9082563364989,0.0,0.0,0.0,0.0,0.0,0.0,0.0,0.0,0.0,0.0,0.0,0.0,0.0,0.0,0.0,0.0,0.0,0.0,0.0,0.0,0.0,0.0,1.3969052440511132,0.42640575215235446,352.73059045408629,419.2518173294072,11124.76622397315,0.32568059363758708,0.04970705031098703,286.8050760910815,341.9448804875659,8529.783748315698,2.0299526594894017,0.3835889379231674,240.40222842011554,286.07715229938119,7458.8262183234269,0.29961072259350188,0.05661578280300486,242.80717963124799,289.40033784076595,7262.051243024489,0.0,0.0,11.928260138246199,14.431820901128529,256.22245130172879,0.0,0.0,15.90571781192157,19.042239537922457,428.2773295750467,0.0,0.0,226.50484760860284,273.3817561792326,5182.30462592014,0.0,0.0,40.861461982590729,48.79004883021699,1178.845280060969,0.0,0.0,145.36718548718106,174.98938707508544,3547.8288848667618,31.39426862767358,21.53242018358957,522.7975231791381,625.2829305674261,15472.721750720186,0.0,0.0,156.56339134313959,190.48614371765758,2875.514846175768,1806.7650596957333,21.385837310521838,26.97612802506837,22.0,30.0,0.0,20.487811163667005,28.425811810357854,16.0,30.0,252.9507696189168,21.037555467673319,28.44212953057916,21.0,30.0,0.0,20.570559468806409,29.04042456701367,19.0,30.0,0.0,16.218074624200204,36.984511364751629,12.0,30.0,35.77853194696307,19.016258796572424,36.31441446829894,19.0,30.0,0.0,16.94098608981718,35.730888172567649,10.0,30.0,886.6117519183415,20.044563182368117,30.453963614574769,20.2,30.0,0.0,17.70996461032889,33.97179090111074,12.0,30.0,0.0,19.561890778921588,0.0,0.0,0.0,14.60071438359278,0.0,0.0,523.2690607995472,524.2735567226514,564.1235424912395,556.2314221056295,569.4618220449661,907.2076042913517,571.7972057136185,641.0336485081557,576.2637869727178,5958.977447449529,84.06423953429544,84.06423953429544,220.0,0.0,220.0,220.0,16.0,19.0,19.0,12.0,19.7,12.0,21.0,10.0,1.0,0.0,1806.7650596957333,0.0,252.9507696189168,0.0,35.77853194696307,0.0,886.6117519183415,0.0,0.0,0.0,0.0,84.06423953429544,84.06423953429544,0.34,0.7667889307204228,0.36028137401965956,84.06423953429544,0.3542647819438875,0.0,0.004277777777777779 
 04/19  08:10:00,5.945,77.33333333333334,4.305,161.33333333333335,410.33333333333339,0.0,4.0,0.0,0.0,0.0,0.0,0.0,0.0,0.0,0.0,1344.0,0.0,284.4804386238809,106.63859811065972,273.25793803121567,8.530366314795194,227.0447129952122,0.0,106.63859811065959,145.7830483963535,0.0,0.0,20.694414589014838,-1416.2198481345509,19.782033779238085,611.8954111855088,20.75887151560318,-686.3110959045993,20.02448373011648,-16.419086384111698,16.19655284398624,10.066728404875513,18.53137339534817,-175.1230105238717,17.381182784093278,489.658745371952,18.35833764543012,-123.25444264292824,17.67503211820725,-315.9197471514246,959.1008437644331,780.3750690807765,0.0,0.0,0.0,0.0,0.0,0.0,0.0,0.0,0.0,0.0,0.0,0.0,0.0,0.0,0.0,0.0,0.0,0.0,0.0,0.0,0.0,0.0,1.4039141787886496,0.4285452316204669,410.4377436768093,487.9546509968601,12928.62959933771,0.3505144774820625,0.05349732562302541,327.013155255524,390.1587492454769,9622.890072410635,1.571048840740274,0.2968724188851614,140.16421931635603,166.61064144415114,4496.552255646493,0.3476669827787169,0.06569670876392986,26.9379221886727,32.13596874209058,798.6554443623061,0.0,0.0,10.860209304162364,13.155455225442278,227.6399294614806,0.0,0.0,69.86718525157844,83.91660772817306,1803.5736698074748,0.0,0.0,203.88312779600288,245.65257906230213,4887.675166828918,0.0,0.0,33.27773435391817,39.85876493450693,913.5295022747658,0.0,0.0,83.23028423688085,100.34191282794864,1955.7112588688875,32.047434514262729,21.980407760125329,353.1456738874699,423.32748543062089,10300.094642476144,0.0,0.0,87.74449494357218,107.02004414081148,1486.7261690030157,1842.1289283788509,21.630742987137347,27.066020677976988,21.999999999999994,30.0,0.0,20.58176403420884,28.75836651004667,15.999999999999999,30.0,1365.7603046975267,21.7063104349034,26.916465972282987,21.499999999999998,30.0,0.0,20.51765644737686,31.61824991880114,18.999999999999998,30.0,0.0,16.209520879176588,37.40959267670226,11.999999999999997,30.0,0.0,18.677321209199545,34.10685336512792,15.999999999999999,30.0,0.0,17.789045648418555,34.96729830784152,9.999999999999999,30.0,0.0,19.475228370030679,31.330060684159947,15.999999999999999,30.0,0.0,17.535433966040423,34.88452947269682,11.999999999999997,30.0,0.0,19.20455461972785,0.0,0.0,0.0,14.076942513531954,0.0,0.0,542.6900032972584,542.4646619544122,537.789967352052,706.7820728583515,582.5485614507056,700.5039883418642,617.1515411018514,620.8383732943568,599.3951106637621,9544.944731770316,81.69347855797537,84.17906244651022,132.0,0.0,132.0,132.0,16.0,19.0,16.0,12.0,16.0,12.0,21.0,10.0,1.0,0.0,1842.1289283788509,0.0,1365.7603046975267,0.0,0.0,0.0,0.0,0.0,3761.325879952188,2256795.527971313,2932875.7056449849,81.69347855797537,84.22127591250977,0.3520441959984062,0.7677627903722091,0.3602813740196595,84.22127591250977,0.3542647819438874,2932875.7056449849,0.1549955366935392 
 04/19  08:20:00,6.19,75.66666666666667,4.48,172.66666666666669,407.1666666666667,0.0,4.0,0.0,0.0,0.0,0.0,0.0,0.0,0.0,0.0,672.0,0.0,299.97742244989,99.0152738068559,253.72373368796969,8.995055030542176,239.4128996540371,0.0,99.01527380685579,135.36138611259703,0.0,0.0,20.601287766540819,-1392.7592030757683,19.850587514743557,360.63152763865249,20.560082071886258,-215.16295541494538,20.016606503527748,-52.70084864643432,16.19130894560879,18.310343598507204,18.367043784772016,-36.63431033147435,17.77057341037409,182.91455176735205,17.73799692231968,-26.05169374731925,17.278215465122928,-607.6845868356467,938.3344693184528,1079.293830677603,0.0,0.0,0.0,0.0,0.0,0.0,0.0,0.0,0.0,0.0,0.0,0.0,0.0,0.0,0.0,0.0,0.0,0.0,0.0,0.0,0.0,0.0,1.3923418013057368,0.42501275986133599,389.28701527015229,463.11390507333649,11868.721038031019,0.3128103093053255,0.047742721200446498,256.6172995749212,306.077443048492,7452.140808540902,1.9245318814652593,0.36366815598360915,137.7735453139756,164.08977528393565,4171.382269294358,0.30143122560317417,0.05695979319787869,17.739849937487536,21.158028871535359,518.2375340602122,0.0,0.0,10.021691506553922,12.13170124583334,205.18010225476554,0.0,0.0,35.23129776450176,42.35440217131621,875.1512560004366,0.0,0.0,223.01060106159287,267.8769610526189,5507.0430568117449,0.0,0.0,20.131447666294418,24.191667227917216,500.8752693380292,0.0,0.0,149.04024988098144,179.9221756390759,3229.6842826143727,32.30308141954909,22.155748573078939,333.52741850155067,399.64492845644136,9633.12533020834,0.0,0.0,151.31072187175276,183.83887014750577,2729.350907294081,1813.7573044210686,21.424916359616515,27.514025793088345,21.999999999999994,29.999999999999998,0.0,20.620296926497514,28.889926144446866,15.999999999999997,29.999999999999998,1079.491396858722,21.271916898808237,27.745741447859744,21.33333333333333,29.999999999999998,0.0,20.48287219464647,34.91991444662442,18.999999999999998,29.999999999999998,0.0,16.21453823689989,37.857354459745149,11.999999999999997,29.999999999999998,0.0,18.44021210806892,33.64241989746079,15.999999999999997,29.999999999999998,0.0,18.389065132820777,33.34790914135536,9.999999999999999,29.999999999999998,0.0,18.4170784337562,33.40627553046568,15.999999999999997,29.999999999999998,0.0,16.883433927081677,36.68833465772061,11.999999999999997,29.999999999999998,0.0,19.13541143386435,0.0,0.0,0.0,14.83417155150513,0.0,0.0,544.0204030411436,547.7854571291733,540.9126349648368,905.2337852780729,594.6552379161058,625.1632788823613,591.0126843727857,610.2878973236665,606.655088976379,7779.971676893975,82.86057707944684,82.86057707944684,132.0,0.0,132.0,132.0,16.0,19.0,16.0,12.0,16.0,12.0,21.0,10.0,1.0,0.0,1813.7573044210686,0.0,1079.491396858722,0.0,0.0,0.0,0.0,0.0,0.0,0.0,0.0,82.86057707944684,82.86057707944684,0.33999999999999999,0.7697800723153666,0.3602813740196595,82.86057707944684,0.35426478194388746,0.0,0.0024273333333333336 
 04/19  08:30:00,6.4350000000000009,74.0,4.654999999999999,184.0,404.0,0.0,4.0,0.0,0.0,0.0,0.0,0.0,0.0,0.0,0.0,672.0,0.0,315.0458695742152,92.9624075536737,238.21373692440924,9.446893883667237,251.43907140300809,0.0,92.96240755367359,127.08665904793104,0.0,0.0,20.698205341064225,-1462.2937214876234,19.894137857372287,525.7469664727266,20.376617918080517,-283.14855764661146,19.99571498022928,-65.43756118703522,16.195837063267964,25.512949966793039,18.2942225582088,-30.272799196952734,17.63954836248033,118.97345907373222,17.370416113969364,-15.04054049547323,17.002885924152776,-389.4960909367939,961.0148262484013,1094.6538136041195,0.0,0.0,0.0,0.0,0.0,0.0,0.0,0.0,0.0,0.0,0.0,0.0,0.0,0.0,0.0,0.0,0.0,0.0,0.0,0.0,0.0,0.0,1.4114295854107233,0.43083931178593495,403.01686843942067,479.1152336043591,12223.75360388239,0.33394794042765477,0.050968855376626178,296.48494059651548,353.54080340955115,8485.665453342393,1.5931913511123624,0.30105656672569205,105.11086466429099,125.18188064824114,3162.272573947704,0.3217008347036491,0.060790029233493737,24.314022465384889,28.99159423309016,693.2692193891171,0.0,0.0,10.292596809201728,12.458736892822927,206.00250356986494,0.0,0.0,35.62644877367165,42.80844296138881,859.4007392972426,0.0,0.0,269.05742726919149,323.5667109137345,6371.356649291471,0.0,0.0,10.67621254138773,12.851312257389133,246.969942967308,0.0,0.0,190.59376235103378,230.45757899627589,3925.1428498446477,33.12518845867493,22.719607996347688,339.77645773446928,406.99600679766118,9691.357899646233,0.0,0.0,192.76373026204718,234.0164915726136,3535.717638305575,1819.5057952534858,21.550271894511618,27.760184078144208,21.999999999999994,29.99999999999999,0.0,20.669814988063494,29.18437182521571,15.999999999999993,29.99999999999999,52.00430851874124,21.152273252930159,28.392155910893807,20.999999999999994,29.99999999999999,0.0,20.436333338576099,36.31656534393729,18.999999999999994,29.99999999999999,0.0,16.23475503092034,38.00316113315645,11.999999999999995,29.99999999999999,0.0,18.33627044388585,33.63326299657376,15.999999999999993,29.99999999999999,0.0,18.10779709683349,34.04824293605597,9.999999999999997,29.99999999999999,0.0,17.827001841796098,34.60958151646845,15.999999999999993,29.99999999999999,0.0,16.528567183607188,37.53361684790338,11.999999999999995,29.99999999999999,0.0,19.27181698904303,0.0,0.0,0.0,15.373125721258616,0.0,0.0,562.9464576580658,559.5702690231132,561.7460060591518,979.2392172144882,592.5521859325813,600.5856047209869,580.1173371204482,600.9498218929311,586.8486158882201,9555.919148899042,81.68639589611984,81.68639589611985,131.99999999999995,0.0,131.99999999999995,131.99999999999995,16.0,19.0,16.0,12.0,16.0,12.0,21.0,10.0,1.0,0.0,1819.5057952534858,0.0,52.00430851874124,0.0,0.0,0.0,0.0,0.0,0.0,0.0,0.0,81.68639589611984,81.68639589611984,0.3399999999999999,0.7682639291440259,0.36028137401965945,81.68639589611984,0.35426478194388735,0.0,0.002368666666666667 
 04/19  08:40:00,6.68,72.33333333333334,4.83,196.83333333333335,373.83333333333339,0.0,0.0,1.0,2.0,0.0,0.0,0.0,0.0,0.0,0.0,2016.0,0.0,323.1470325703431,85.88429065316599,220.07649884146725,9.689808601550727,257.9045808273975,0.0,85.88429065316592,117.41033661924553,0.0,0.0,20.773628734953506,-1505.528477762701,19.938186226965585,536.7111334815616,20.72032085730519,-1167.778291780462,20.055923887810445,448.3499893260831,16.197524128411574,26.784012584490495,19.064453900297474,-77.60790658229232,17.58511638532214,116.02866905145193,18.177768780539496,-96.05525850928555,16.892079040294726,-299.3503515657984,1073.788057268653,1045.9616930166049,0.0,0.0,0.0,0.0,0.0,0.0,0.0,0.0,0.0,0.0,0.0,0.0,0.0,0.0,0.0,0.0,0.0,0.0,0.0,0.0,0.0,0.0,1.3695870368827577,0.4180668610753238,426.8712596657735,507.44848337705249,12829.044922720721,0.32746689913597828,0.049979685460314258,300.83633255959179,358.87099120914146,8466.470616334418,1.3948389496412768,0.26357500938043845,342.80547820069986,407.65312588276086,10314.616013171995,0.31942961001798889,0.06036084845389067,290.8725527532458,346.9776184958071,8166.977239792033,0.0,0.0,11.233562188449028,13.606765420782308,219.47184832580784,0.0,0.0,17.144275670954888,20.52836863916095,445.46328908840698,0.0,0.0,250.66063862409286,301.7652082863565,5759.127701973728,0.0,0.0,25.835514355657624,30.94011807031203,660.1608772721178,0.0,0.0,197.150328233972,238.63471469564113,3922.10378851768,33.808516516089778,23.188282932846268,585.6264439581147,700.806375504839,16269.960207200484,0.0,0.0,200.36146532886469,243.20866379033942,3665.0436792763769,1820.1401891297408,21.652922081851395,28.5380404082439,22.000000000000047,30.000000000000065,0.0,20.685697975704458,30.101003719713064,16.000000000000033,30.000000000000065,1646.3773708017798,21.54694055006782,28.792250626393146,21.44444444444449,30.000000000000065,0.0,20.639950201917864,30.882820490158957,16.000000000000033,30.000000000000065,0.0,16.24650470964011,38.188297767306419,12.000000000000029,30.000000000000065,1201.3046692898302,19.540335232682783,32.29621554388478,19.77777777777782,30.000000000000065,0.0,18.00237538584357,34.810292250216829,10.000000000000022,30.000000000000065,1313.879134375482,19.11475003068398,32.73622307918757,20.700000000000047,30.000000000000065,0.0,16.42811407733497,38.07299642348549,12.000000000000029,30.000000000000065,0.0,19.71188676814222,0.0,0.0,0.0,15.599542373345102,0.0,0.0,621.9956986400973,613.9252757665352,625.8920875397895,656.9692155190119,590.5219949011703,671.7288424875014,596.3473905900806,645.6235864827057,588.5546474362342,10483.63906038462,81.07277287690094,84.39123955239153,60.00000000000013,0.0,60.00000000000013,60.00000000000013,16.0,16.0,19.0,12.0,19.7,12.0,21.0,10.0,1.0,0.0,1820.1401891297408,0.0,1646.3773708017798,0.0,1201.3046692898302,0.0,1313.879134375482,0.0,5021.692904863154,3013015.7429178885,3922618.9811400754,81.07277287690094,84.44759813309467,0.35627865238432795,0.7693078619467833,0.36028137401966039,84.44759813309467,0.3542647819438883,3922618.9811400754,0.20502618701928386 
 04/19  08:50:00,6.925000000000001,70.66666666666666,5.005,209.66666666666669,343.6666666666667,0.0,0.0,1.0,2.0,0.0,0.0,0.0,0.0,0.0,0.0,672.0,0.0,335.33309513738848,83.90544865345862,215.0058551678901,10.055205317790282,267.63018625551418,0.0,83.90544865345855,114.70510958022618,0.0,0.0,20.76364853837892,-1260.2669585608258,19.998770884503786,396.5580422617832,20.826935727483723,-1278.189818135038,20.100439622203436,379.45766172236167,16.19929485170335,26.62653762138276,19.14463490206367,-80.06933030704139,17.533254834676787,91.13873260233845,19.13310141326381,-261.2438293168643,16.84859553825674,-212.80806522394978,1091.5743868082157,1030.7004890286456,0.0,0.0,0.0,0.0,0.0,0.0,0.0,0.0,0.0,0.0,0.0,0.0,0.0,0.0,0.0,0.0,0.0,0.0,0.0,0.0,0.0,0.0,1.34253746198479,0.40980997008082767,404.7608181340614,480.9548432385322,11926.938997935194,0.30776813250914838,0.04697315819736701,267.9184413133622,319.3098796792966,7428.479262990872,1.311391375763693,0.24780638241944343,369.0463568148276,438.07121494780389,10938.503267028535,0.31211381232164217,0.058978422585344348,278.5685960206231,331.8636449108663,7731.211628982999,0.0,0.0,11.088355812096001,13.420263616098218,211.3524971105178,0.0,0.0,16.878189165415713,20.185158651308535,432.3403629626709,0.0,0.0,247.2645699612318,297.5520714528325,5510.06243999588,0.0,0.0,42.00971484000809,50.0258059163712,1171.739356481952,0.0,0.0,202.44400951627484,244.856223338255,3924.4546449237889,34.45096398651675,23.62891905796762,556.8147043116712,665.8220978552281,15199.721221869724,0.0,0.0,207.5596498341489,251.42819229992512,3843.341846393947,1766.2791103848918,21.648645731389025,28.6023560307572,22.000000000000019,30.00000000000002,0.0,20.719477695463394,30.277640731644369,16.000000000000015,30.00000000000002,2261.330424174873,21.63822222153695,28.65905961367988,21.666666666666687,30.00000000000002,0.0,20.694182177960575,30.334267048171534,16.000000000000015,30.00000000000002,0.0,16.25683333525636,38.5370942795141,12.00000000000001,30.00000000000002,0.0,19.616110864775885,34.0616070709322,19.000000000000015,30.00000000000002,0.0,17.89955932171665,35.27974310222524,10.000000000000007,30.00000000000002,1174.0264446202833,20.769642825986815,30.29148181129999,20.700000000000015,30.00000000000002,0.0,16.42126625733451,38.52958745401909,12.00000000000001,30.00000000000002,0.0,19.684549078210418,0.0,0.0,0.0,15.965944845243154,0.0,0.0,624.2775241921188,626.2965019485248,623.2167676504214,626.4219460735353,594.9633850581554,781.8370430304856,605.2710670172734,668.2133202211653,603.8981373636807,11179.921206808205,80.61225330479665,87.87662682161937,60.00000000000004,0.0,60.00000000000004,60.00000000000004,16.0,16.0,19.0,12.0,19.7,12.0,21.0,10.0,1.0,0.0,1766.2791103848918,0.0,2261.330424174873,0.0,0.0,0.0,1174.0264446202833,0.0,10993.219838957399,6595931.9033744339,8618329.456147964,80.61225330479665,88.00000000000007,0.36644066129858,0.7655482461637538,0.3602813740196598,88.00000000000007,0.3542647819438878,8618329.456147964,0.4491731317196942 
 04/19  09:00:00,7.17,69.0,5.18,222.5,313.5,0.0,0.0,1.0,2.0,0.0,0.0,0.0,0.0,0.0,0.0,1123.0,0.0,354.1227184093916,84.87755925987045,217.496851245274,10.618604815934163,282.6260038070237,0.0,84.87755925987041,116.03405847951768,0.0,0.0,20.651661866704385,-895.6611245728125,19.97313941432098,299.0278316142032,20.829154889811219,-1250.6508967023952,20.153297505302257,278.36464551003828,16.198382475980887,25.443297952626766,19.01040854986433,-68.78832075650044,17.494262324268115,113.6446445850068,18.98895570362218,-238.23044144696378,16.87563869981225,-139.647597781721,1038.4757428413096,907.2939641255382,0.0,0.0,0.0,0.0,0.0,0.0,0.0,0.0,0.0,0.0,0.0,0.0,0.0,0.0,0.0,0.0,0.0,0.0,0.0,0.0,0.0,0.0,1.3532878333775816,0.41309152423003106,327.89755492578879,390.11167689138429,9334.029223507046,0.30227840306364397,0.04613528740287607,239.9183241766035,286.15261543186088,6482.647485456615,1.1927137235378878,0.22538052221048533,334.3591765347723,397.397206440602,9661.05071715552,0.2869850138997152,0.054229972392236428,246.32368482627784,293.6164981057869,6732.367017144347,0.0,0.0,10.82603222758957,13.108312917025789,201.0157403457861,0.0,0.0,16.150572494676458,19.338734501867984,397.5949857829312,0.0,0.0,229.96254455411927,276.9361570521386,4976.632048468782,0.0,0.0,45.87281239572097,54.76817959037695,1215.0651411436484,0.0,0.0,188.68395904672739,228.257482422046,3599.3382539678575,35.16328578720376,24.117479963788598,479.5313039269293,573.9059794326081,12878.55019301984,0.0,0.0,194.22342397802923,235.28476105458209,3554.179513157987,1170.7082608160959,21.321545182732075,29.01839672018904,21.6,30.0,0.0,20.604965928458325,30.420063791122048,16.0,30.0,1662.8893217970158,21.49726233223966,28.750005545580014,21.4,30.0,0.0,20.751607854034874,30.11674733203636,16.0,30.0,0.0,16.260411448406,38.83081008824921,12.000000000000002,30.0,0.0,19.357125414013504,35.79280028118245,19.0,30.0,0.0,17.825551640866288,35.74164477157436,10.0,30.0,512.4693078987147,20.322811650244647,31.46464145911784,19.9,30.0,0.0,16.519345005522049,38.780899515128968,12.000000000000002,30.0,0.0,19.547910188081926,0.0,0.0,0.0,16.107992358404016,0.0,0.0,608.9193382234068,618.419537847103,609.8153462237364,614.9346726153481,601.5702266899107,843.6031349539401,615.0962699347623,669.7284916637011,621.2822007501953,8048.05438373168,81.02089499274826,84.08798367824866,60.0,0.0,60.0,60.0,16.0,16.0,19.0,12.0,19.7,12.0,21.0,10.0,1.0,0.0,1170.7082608160959,0.0,1662.8893217970158,0.0,0.0,0.0,512.4693078987147,0.0,4641.195849484999,2784717.509690999,3626219.0290941365,81.02089499274826,84.14007302616412,0.2907065283161666,0.5855939492403441,0.28822509921572767,84.14007302616412,0.28341182555511,3626219.0290941365,0.18955338951289509 
 04/19  09:10:00,7.365,68.16666666666667,5.131666666666666,235.33333333333335,283.3333333333333,0.0,0.0,0.0,0.0,0.0,0.0,0.0,0.0,0.0,0.0,1575.0,0.0,385.51216431935628,87.53204387899531,224.29882619995559,11.559801913865535,307.67758428524578,0.0,87.53204387899527,119.66294020295973,0.0,0.0,20.199384582250859,-343.8439581165665,19.930859718024438,137.79812564284596,20.321729530538759,-681.3047464734134,20.098069640731205,-6.521431038062147,16.197641862789184,24.54321295967094,18.81531611534007,-170.01174396254138,17.547654359949538,131.8935621281559,18.590976390904449,-153.16905875767854,16.906436484412553,-125.20427253230706,740.5599726685827,809.8803470244541,0.0,0.0,0.0,0.0,0.0,0.0,0.0,0.0,0.0,0.0,0.0,0.0,0.0,0.0,0.0,0.0,0.0,0.0,0.0,0.0,0.0,0.0,1.3049071591918964,0.39832330866663509,221.0922213964775,263.78795321696176,6007.776197686979,0.27518549527499988,0.04200022821657508,147.14843668991586,175.85006227205785,3897.1231214559645,1.1981885992439956,0.22641507922222149,228.9919266725208,273.1028963179153,6291.205332374839,0.2530300910924367,0.04781369824120118,142.28300657647606,169.89918250267938,3814.0072272288346,0.0,0.0,10.040735770442597,12.160530887781137,182.47720957759817,0.0,0.0,69.84966564742348,83.78701682141004,1643.4641346746253,0.0,0.0,279.5111549179396,336.5341850188007,5993.275418113037,0.0,0.0,38.83492574807681,46.47985490426544,967.0607592948426,0.0,0.0,184.33900824285198,222.9662321335214,3472.309778638773,34.5355953985613,23.686965293937804,282.46326737613887,338.9136340357342,7605.3434317544019,0.0,0.0,189.40568544381655,229.4128306471924,3420.652851704054,0.0,20.686181842310409,30.126150798543177,21.999999999999998,29.999999999999994,0.0,20.462457640994147,30.60920293048803,16.0,29.999999999999994,0.0,20.815750276956949,29.85087597102512,21.57142857142857,29.999999999999994,0.0,20.61933068707611,30.255502517996264,16.0,29.999999999999994,0.0,16.262578348559815,39.241616131010619,12.0,29.999999999999994,0.0,18.98913527433467,34.80003399123663,16.0,29.999999999999994,0.0,17.925641249793189,36.19443261953614,10.0,29.999999999999994,0.0,19.666066522227419,32.52312288147232,12.0,29.999999999999994,0.0,16.598990378087146,39.12370500394931,12.0,29.999999999999994,0.0,18.698510232829638,0.0,0.0,0.0,16.189236844661769,0.0,0.0,602.4466864955118,610.048749421626,596.1918472678455,603.4364618868544,614.9344082689607,716.1403419157036,649.7083375179877,652.205503355889,641.2031807097227,0.0,80.81017938941474,80.81017938941474,59.999999999999989,0.0,59.999999999999989,59.999999999999989,16.0,16.0,16.0,12.0,12.0,12.0,21.0,10.0,0.0,0.0,0.0,0.0,0.0,0.0,0.0,0.0,0.0,0.0,0.0,0.0,0.0,80.81017938941474,80.81017938941474,0.0,0.0,0.0,80.81017938941474,0.0,0.0,0.00096 
 04/19  09:20:00,7.5600000000000009,67.33333333333334,5.083333333333334,248.16666666666667,253.16666666666667,0.0,0.0,0.0,0.0,0.0,0.0,0.0,0.0,0.0,0.0,1125.0,0.0,421.5649009285404,90.03144293537825,230.70339367557438,12.640823945436918,336.4508702912002,0.0,90.03144293537821,123.07980820435982,0.0,0.0,19.69095423715485,-65.35322267349858,19.72241400683954,-197.27688689325357,19.81341722018272,-315.0512011029906,19.787439036066098,-149.2468785069906,16.19468328193399,20.300246926587627,18.64267030894974,-118.01052173116742,17.47716262731865,69.15949990517838,18.018909381327818,-60.991464176767347,16.929635258842759,-137.8884241517468,665.3284608797947,647.9180455050752,0.0,0.0,0.0,0.0,0.0,0.0,0.0,0.0,0.0,0.0,0.0,0.0,0.0,0.0,0.0,0.0,0.0,0.0,0.0,0.0,0.0,0.0,1.229418424051345,0.3752803492220223,172.4578902748899,206.2323038537271,4323.754544846247,0.23289730990146513,0.03554598746969859,92.09023332766069,110.13615993552598,2324.831608490043,1.162673898969157,0.219704062541413,127.83197672736157,152.84793471747728,3228.9954640059315,0.22532723804710537,0.04257884316838724,80.25093823851124,95.94315738374064,2026.3014237814883,0.0,0.0,8.985096214359598,10.878711876314567,159.66819830097658,0.0,0.0,61.00720190395295,73.24561626977587,1373.8032924816553,0.0,0.0,253.4464074040264,305.22699436518379,5268.64510751529,0.0,0.0,27.410510023532586,32.92063138531817,616.4247484313798,0.0,0.0,166.07121877108117,200.79215393696905,3080.3387802019326,33.63760267566241,23.07105807658602,164.38788901613243,197.84199843197434,4235.361578547622,0.0,0.0,169.85035242127558,205.73393604887628,2979.269948370743,0.0,19.912741839696378,31.52284411085065,22.0,30.0,0.0,20.00593241566706,31.317643308178913,16.0,30.0,0.0,19.990164562725704,31.250264055721315,22.0,30.0,0.0,20.039627326046064,31.24866164372729,16.0,30.0,0.0,16.25917721255753,39.6161686118554,12.000000000000002,30.0,0.0,18.679411168773887,34.591331670152069,16.0,30.0,0.0,17.792149094041997,36.39006042454887,10.0,30.0,0.0,18.631348590071224,34.5688001564717,12.000000000000002,30.0,0.0,16.65393151116812,39.17843438479474,12.000000000000002,30.0,0.0,17.975597967180314,0.0,0.0,0.0,16.124373838674005,0.0,0.0,593.9539452656584,590.0995509257216,578.1084107755543,589.9734144510679,627.1834537151344,653.1033063020718,637.7357802057511,644.1640952631824,646.3521816551224,0.0,80.81017938941474,80.81017938941474,60.0,0.0,60.0,60.0,16.0,16.0,16.0,12.0,12.0,12.0,21.0,10.0,0.0,0.0,0.0,0.0,0.0,0.0,0.0,0.0,0.0,0.0,0.0,0.0,0.0,80.81017938941474,80.81017938941474,0.0,0.0,0.0,80.81017938941474,0.0,0.0,0.00091 
 04/19  09:30:00,7.755,66.5,5.035,261.0,223.0,0.0,0.0,0.0,0.0,0.0,0.0,0.0,0.0,0.0,0.0,675.0,0.0,449.84915835878379,92.73792699589683,237.638595859289,13.488910906289246,359.0242049365013,0.0,92.73792699589679,126.77977710651193,0.0,0.0,19.38020330368278,-59.27300566489579,19.478420058789895,-249.58147679245324,19.51693029179945,-109.00319917028246,19.500405833149757,-259.2359762425933,16.18846287626376,17.75085460167574,18.54323552674736,-100.31465015660086,17.413825619736686,65.26454956920313,17.667948215066148,-26.1174762079593,16.935535750442776,-140.0466681316805,530.1643299008862,537.8645919640446,0.0,0.0,0.0,0.0,0.0,0.0,0.0,0.0,0.0,0.0,0.0,0.0,0.0,0.0,0.0,0.0,0.0,0.0,0.0,0.0,0.0,0.0,1.1638976771221386,0.35528012122165389,146.12339643468267,174.853038327734,3481.548875286694,0.21575728743430809,0.03292998892465018,84.34028931835749,100.88746257477232,2001.6473210364448,1.116435413907823,0.21096663150185619,98.1332957053165,117.37680659324889,2356.450216359392,0.21254147458339246,0.04016278809209983,82.54810461984738,98.74259357870602,1958.806433315845,0.0,0.0,8.449042550318044,10.224406404052944,146.6528882640492,0.0,0.0,57.46071925408566,68.99475992631806,1251.2014932453943,0.0,0.0,237.26701950888217,285.70416395594239,4786.187829837191,0.0,0.0,19.8721209022314,23.90374734112351,415.36053440255867,0.0,0.0,152.0085774399936,183.67818088988657,2765.500141534945,32.93168637506721,22.586890517878748,135.53251958070786,163.11621874739724,3387.922340444169,0.0,0.0,154.69208034072384,187.29467563721114,2642.4323901112995,0.0,19.478986726015873,32.286758489395158,21.999999999999994,29.99999999999999,0.0,19.532826908851548,32.06897432159443,15.999999999999993,29.99999999999999,0.0,19.551889513349335,32.05489603037792,21.999999999999994,29.99999999999999,0.0,19.53630437578201,32.08533928902108,15.999999999999993,29.99999999999999,0.0,16.250707591439054,39.82301291150187,11.999999999999995,29.99999999999999,0.0,18.500704431868976,34.81465135660087,15.999999999999993,29.99999999999999,0.0,17.679983617332746,36.567994265972618,9.999999999999997,29.99999999999999,0.0,18.03761642363239,35.84853311464118,11.999999999999995,29.99999999999999,0.0,16.67415858086291,39.08143570974532,11.999999999999995,29.99999999999999,0.0,17.625234704646016,0.0,0.0,0.0,16.095674580104256,0.0,0.0,582.37962100094,568.6083230561403,571.20120478673,571.1322691208322,631.1851524519757,638.3594173884494,628.9810208844208,640.0700968365993,640.1378747292807,0.0,80.81017938941472,80.81017938941472,59.99999999999998,0.0,59.99999999999998,59.99999999999998,16.0,16.0,16.0,12.0,12.0,12.0,21.0,10.0,0.0,0.0,0.0,0.0,0.0,0.0,0.0,0.0,0.0,0.0,0.0,0.0,0.0,80.81017938941472,80.81017938941472,0.0,0.0,0.0,80.81017938941472,0.0,0.0,0.0008600000000000001 
 04/19  09:40:00,7.949999999999999,65.66666666666667,4.986666666666666,269.3333333333333,218.16666666666669,0.0,0.0,0.0,0.0,0.0,0.0,0.0,0.0,0.0,0.0,675.0,0.0,488.87646163293808,95.01443957764826,243.4720947271287,14.65913333250848,390.17156390888757,0.0,95.0144395776482,129.8919423990075,0.0,0.0,19.107323716793287,-90.4345151819119,19.279627837504248,-213.1679494704663,19.25937762318105,-240.93540364285534,19.211871360724567,-225.13675974204365,16.181980527775346,15.054241626374436,18.49239668102348,-100.54909722813253,17.35281157792143,54.671826407384319,17.450846471400277,-11.19547737493304,16.94215598787084,-135.24708268222677,553.4686332551021,427.092553998761,0.0,0.0,0.0,0.0,0.0,0.0,0.0,0.0,0.0,0.0,0.0,0.0,0.0,0.0,0.0,0.0,0.0,0.0,0.0,0.0,0.0,0.0,1.0770439952823193,0.32876800832793648,152.23515230019417,182.47565375297328,3451.7604423678337,0.1961505030830491,0.029937500470550855,73.65254899839965,88.31161980237549,1670.4679448935754,1.0684803351353843,0.20190482523344389,259.4478239435976,310.9746176426095,5912.433796877313,0.2059246688829835,0.03891244687887066,151.1705199403074,181.30352225949884,3394.126668373063,0.0,0.0,7.9572758859213998,9.628779207187355,134.8100650458467,0.0,0.0,55.844721220182979,67.07320772501069,1182.8869752101298,0.0,0.0,218.57048364966023,263.27336837913426,4277.396173531708,0.0,0.0,12.789741731304204,15.39685179650868,253.4914755857397,0.0,0.0,134.3494093049261,162.31877022178703,2395.9286453918568,32.13785060154943,22.042421537413895,246.94953408290156,297.37460261162706,5596.5123421003859,0.0,0.0,135.7945296170551,164.42088674381768,2257.063212881873,0.0,19.096067089592294,32.909314974289348,22.000000000000008,30.00000000000001,0.0,19.163752674517018,32.58985333178859,16.000000000000008,30.00000000000001,0.0,19.16615688487029,32.77467771330274,22.000000000000008,30.00000000000001,0.0,19.0539841192082,32.94944084939369,16.000000000000008,30.00000000000001,0.0,16.24162122808717,39.90138351214438,12.000000000000006,30.00000000000001,0.0,18.39985098939944,34.90700479214246,16.000000000000008,30.00000000000001,0.0,17.575453917171016,36.67060862052724,10.000000000000004,30.00000000000001,0.0,17.706608130018169,36.53995216017567,12.000000000000006,30.00000000000001,0.0,16.69288876158607,38.89238507018222,12.000000000000006,30.00000000000001,0.0,17.799774101245686,0.0,0.0,0.0,16.066044277474157,0.0,0.0,563.3419374479415,540.8893004564859,564.057158554333,557.2181776868499,628.6959393895452,624.3052036458595,614.0610354304713,632.9593609439571,625.6609621475848,0.0,80.81017938941477,80.81017938941477,60.00000000000002,0.0,60.00000000000002,60.00000000000002,16.0,16.0,16.0,12.0,12.0,12.0,21.0,10.0,0.0,0.0,0.0,0.0,0.0,0.0,0.0,0.0,0.0,0.0,0.0,0.0,0.0,80.81017938941477,80.81017938941477,0.0,0.0,0.0,80.81017938941477,0.0,0.0,0.00081 
 04/19  09:50:00,8.145,64.83333333333333,4.9383333333333339,277.6666666666667,213.33333333333335,0.0,0.0,0.0,0.0,0.0,0.0,0.0,0.0,0.0,0.0,450.0,0.0,530.1659002395072,97.23499448034147,249.16220268731827,15.89718432941373,423.1243040116029,0.0,97.23499448034142,132.92760930181277,0.0,0.0,18.935044745933039,-4.522215054766093,19.192436693028303,-236.26639330555919,19.0620573742003,-137.0156936519511,19.11858408420039,-176.76863253178886,16.177155455042123,14.651007956971185,18.468042004247729,-95.81406558292793,17.31861763526007,57.93339521115422,17.286527170865257,-5.161923613715601,16.94836407488251,-126.9001497409613,490.79777496458476,381.10692017704016,0.0,0.0,0.0,0.0,0.0,0.0,0.0,0.0,0.0,0.0,0.0,0.0,0.0,0.0,0.0,0.0,0.0,0.0,0.0,0.0,0.0,0.0,1.0492645589786645,0.3202883269165643,122.24436987313203,146.48497736806179,2681.1949919498886,0.19069499195440213,0.029104852251892876,88.28305042322497,105.71909626042249,1935.351080780329,1.0201949137730433,0.19278059595106646,161.308090536122,193.24849302113328,3531.1031604488127,0.19551696778083006,0.036945761107488667,115.42524154135904,138.27581031063455,2518.9492663736575,0.0,0.0,7.801346477428533,9.434687640366854,128.99226149718639,0.0,0.0,55.45824002067031,66.58504933690969,1146.3768386638686,0.0,0.0,213.45583396590738,257.0030150348375,4072.8558989449159,0.0,0.0,11.297862468803388,13.608079569091505,214.35505756285759,0.0,0.0,130.40990473660373,157.45755390432988,2278.046811742649,31.726905855845656,21.760566430621169,182.5263834774313,219.64885697379698,4120.45320405782,0.0,0.0,131.64448701060287,159.2516347891879,2160.040077151467,0.0,18.910728318774916,33.18983484474516,22.0,30.0,0.0,18.996283885146675,32.89483644880873,16.0,30.0,0.0,18.90654008545942,33.185264229167319,22.0,30.0,0.0,18.946838256373089,33.146745550162908,16.0,30.0,0.0,16.236094431079644,39.919964928720208,12.0,30.0,0.0,18.339177535818985,34.95501108179687,16.0,30.0,0.0,17.526802439002649,36.71269063435484,10.0,30.0,0.0,17.466586630986208,37.025047139503858,12.0,30.0,0.0,16.70844479767974,38.78312478774208,12.0,30.0,0.0,17.62786531879761,0.0,0.0,0.0,16.158304576591897,0.0,0.0,550.901127747599,536.1220599410708,549.0316471979497,554.1721592818099,623.6534910360965,614.7897828193842,606.4035483994703,625.1128580897138,618.4745200364057,0.0,80.81017938941474,80.81017938941474,60.0,0.0,60.0,60.0,16.0,16.0,16.0,12.0,12.0,12.0,21.0,10.0,0.0,0.0,0.0,0.0,0.0,0.0,0.0,0.0,0.0,0.0,0.0,0.0,0.0,80.81017938941474,80.81017938941474,0.0,0.0,0.0,80.81017938941474,0.0,0.0,0.0007766666666666666 
 04/19  10:00:00,8.34,64.0,4.89,286.0,208.5,0.0,0.0,0.0,0.0,0.0,0.0,0.0,0.0,0.0,0.0,450.0,0.0,572.8240783778565,99.40071709394614,254.71180354161346,17.17627590206378,457.1694160499193,0.0,99.4007170939461,135.88831630833753,0.0,0.0,18.80178547555964,-24.603041760658017,19.105373665651159,-177.53676015406649,18.931706432235907,-255.77602165849295,18.940347608709929,-173.02052690561005,16.174340982646404,14.015279448594314,18.46739592598663,-97.58005786916113,17.293555225319019,61.939676655960287,17.167076023529235,-5.237685106601248,16.97344180935339,-98.2478277582693,475.47535802586438,314.2616600475667,0.0,0.0,0.0,0.0,0.0,0.0,0.0,0.0,0.0,0.0,0.0,0.0,0.0,0.0,0.0,0.0,0.0,0.0,0.0,0.0,0.0,0.0,0.9946913891016471,0.30362985015312796,123.13662521342798,147.68998737578856,2616.9938660189779,0.18135458103523634,0.027679270609773558,66.36944209934186,79.7052799158771,1404.2023207638243,0.9741022047924114,0.18407071141202037,263.1081985553305,315.4763789341903,5560.036143444687,0.1920984970454305,0.03629979158076917,174.7269771953579,209.5509422057839,3650.201731771929,0.0,0.0,7.572887037353018,9.158039117441117,122.17365248799513,0.0,0.0,55.44452320951293,66.57279915806787,1121.42952139535,0.0,0.0,200.31812975000094,241.20739739442883,3729.463271338815,0.0,0.0,6.793639110887838,8.18608792457165,123.98048333795176,0.0,0.0,117.35586791483788,141.66672078408713,2015.022433639247,31.1926569281439,21.39414055428252,245.00180469198546,294.93358676447556,5212.110482826891,0.0,0.0,119.02212175508723,143.94990715960797,1919.5828481247439,0.0,18.76780962713758,33.47495175169992,22.0,30.0,0.0,18.82413305004321,33.172725008598707,16.0,30.0,0.0,18.752955615684117,33.42076445479566,22.0,30.0,0.0,18.658317446279335,33.659024897049679,16.0,30.0,0.0,16.234102819558765,39.88292020055877,12.0,30.0,0.0,18.313721691351036,34.89369175205984,16.0,30.0,0.0,17.492964181955128,36.65059711956634,10.0,30.0,0.0,17.304301176643663,37.35052519471674,12.0,30.0,0.0,16.75824381698834,38.518788056910228,12.0,30.0,0.0,17.64697135303461,0.0,0.0,0.0,16.217924040186774,0.0,0.0,548.946117595145,526.0762772379724,538.3844722322332,543.1139652523632,616.2532380639643,601.3837110259794,591.0257273984603,619.1235147109519,603.8430237780908,0.0,80.81017938941474,80.81017938941474,60.0,0.0,60.0,60.0,16.0,16.0,16.0,12.0,12.0,12.0,21.0,10.0,0.0,0.0,0.0,0.0,0.0,0.0,0.0,0.0,0.0,0.0,0.0,0.0,0.0,80.81017938941474,80.81017938941474,0.0,0.0,0.0,80.81017938941474,0.0,0.0,0.0007433333333333333 
 04/19  10:10:00,8.516666666666668,63.5,4.925,294.3333333333333,203.66666666666667,0.0,0.0,0.0,0.0,0.0,0.0,0.0,0.0,0.0,0.0,225.0,0.0,616.0706975740511,101.51281617760562,260.1239947271524,18.473011220277159,491.6841525616189,0.0,101.51281617760557,138.77571588397249,0.0,0.0,18.632733762931708,-45.56712429026447,19.069164713211813,-256.6212207678136,18.85718174428248,-6.5628674867984959,18.858054072696086,-221.39266439651875,16.17341471747598,13.805479601847566,18.4815515813249,-96.16453608930783,17.28569626864339,66.91645173619145,17.056643559033526,-6.28145287782317,16.994144439932655,-106.16950146566478,449.92779355321366,280.19012356924579,0.0,0.0,0.0,0.0,0.0,0.0,0.0,0.0,0.0,0.0,0.0,0.0,0.0,0.0,0.0,0.0,0.0,0.0,0.0,0.0,0.0,0.0,0.9486076539580326,0.2895627759334654,162.3967365146821,194.50104347847199,3313.338252705479,0.16544953987263584,0.02525176127482232,110.98373953204646,132.8417530339082,2295.2876769893875,0.9871703897307007,0.1865401341138891,225.6950382398638,270.1273402521668,4679.179020737917,0.1842962875799769,0.034825451167796079,111.92258834333375,134.05027558201267,2274.2134831431719,0.0,0.0,7.523720890670362,9.08175675716572,118.71415563751778,0.0,0.0,55.19022454133759,66.14653416066123,1096.3918846423993,0.0,0.0,197.55743902304133,237.44299041657568,3607.2400000933,0.0,0.0,7.142391443140633,8.594124347587619,125.63358512850921,0.0,0.0,114.46422019279957,137.903205070282,1932.649706614938,31.083407451138929,21.319209500095295,225.0235836501654,270.4024245655831,4711.951337099692,0.0,0.0,117.3504534697484,141.6037857440972,1879.3886237965062,0.0,18.54310041840688,33.78284655468779,22.0,30.0,0.0,18.730805550712615,33.28152680308267,16.0,30.0,0.0,18.72632341933283,33.668942143263148,22.0,30.0,0.0,18.54407975045804,33.70742941100703,16.0,30.0,0.0,16.235193246161676,39.80561422049095,12.0,30.0,0.0,18.3099284568133,34.795977159014629,16.0,30.0,0.0,17.49088075631389,36.65033138711357,10.0,30.0,0.0,17.15093242297769,37.638576182663999,12.0,30.0,0.0,16.793553110178647,38.36079272506336,12.0,30.0,0.0,17.590715793052465,0.0,0.0,0.0,16.340857923982225,0.0,0.0,528.7074426047645,515.5732317144892,561.9391113734785,519.6562731763357,606.2963240565331,589.25520018361,590.7583420678217,611.1740915595835,596.5229645133758,0.0,80.81017938941474,80.81017938941474,60.0,0.0,60.0,60.0,16.0,16.0,16.0,12.0,12.0,12.0,21.0,10.0,0.0,0.0,0.0,0.0,0.0,0.0,0.0,0.0,0.0,0.0,0.0,0.0,0.0,80.81017938941474,80.81017938941474,0.0,0.0,0.0,80.81017938941474,0.0,0.0,0.0007099999999999999 
 04/19  10:20:00,8.693333333333334,63.0,4.96,302.6666666666667,198.83333333333335,0.0,0.0,0.0,0.0,0.0,0.0,0.0,0.0,0.0,0.0,450.0,0.0,659.2636391153315,103.57256370226529,265.4020356640841,19.76813670218962,526.1560458293707,0.0,103.57256370226524,141.5915469094341,0.0,0.0,18.579262714871946,9.547588011776498,19.053396270772596,-233.71128227415489,18.71540929653375,-179.18170835906768,18.853552283614847,-109.09308822723142,16.173987691250436,14.010136831919553,18.507896686695923,-98.5717514676029,17.269052589823646,62.17771690961081,16.98280913034155,-12.563526083760081,17.0200778777448,-69.18563693648003,440.9540562759835,242.66283735367484,0.0,0.0,0.0,0.0,0.0,0.0,0.0,0.0,0.0,0.0,0.0,0.0,0.0,0.0,0.0,0.0,0.0,0.0,0.0,0.0,0.0,0.0,0.9252558792102157,0.28243463956355799,163.65433043093905,196.4246688322994,3281.1484186964514,0.16457862351223508,0.025118837532392414,110.8397067632531,132.9239446169709,2241.8062832046427,0.902511679009083,0.17054264531539749,205.42028468129116,246.48852765371775,4098.075432338865,0.17658974907193437,0.03336918916703218,127.4989014927489,152.94426782339765,2556.727143657691,0.0,0.0,7.356730562987737,8.89584286241745,113.43951933928938,0.0,0.0,56.07851247922262,67.3266681954571,1094.9045255845595,0.0,0.0,192.44099488339013,231.7274623336404,3435.690323948189,0.0,0.0,10.56877545550841,12.74194310277994,180.17694455236629,0.0,0.0,106.71528284084087,128.78390293475918,1772.5174189359455,30.93664918407541,21.218552252452278,242.7735864599482,292.294160194207,4947.985392961736,0.0,0.0,114.74600017787611,138.65514659959445,1822.683718645409,0.0,18.547713583069077,33.76667555113968,22.0,30.0,0.0,18.68394126393306,33.35008256655169,16.0,30.0,0.0,18.51346974722454,33.84751510545975,22.0,30.0,0.0,18.595776188749967,33.77458232044132,16.0,30.0,0.0,16.238328762725616,39.75847507577776,12.0,30.0,0.0,18.321434105296974,34.740026825518068,16.0,30.0,0.0,17.469756560804919,36.579431459792008,10.0,30.0,0.0,17.062775124596276,37.78379054181245,12.0,30.0,0.0,16.839817461055973,38.17795094520127,12.0,30.0,0.0,17.59693538331856,0.0,0.0,0.0,16.458940529142116,0.0,0.0,527.1889599937325,510.00697707775546,527.973241215413,539.8908650471657,601.5209529433236,585.8354604946844,577.4922932971543,604.3774217822943,589.2656838858002,0.0,80.81017938941474,80.81017938941474,60.0,0.0,60.0,60.0,16.0,16.0,16.0,12.0,12.0,12.0,21.0,10.0,0.0,0.0,0.0,0.0,0.0,0.0,0.0,0.0,0.0,0.0,0.0,0.0,0.0,80.81017938941474,80.81017938941474,0.0,0.0,0.0,80.81017938941474,0.0,0.0,0.0006933333333333333 
 04/19  10:30:00,8.870000000000001,62.5,4.994999999999999,311.0,194.0,0.0,0.0,0.0,0.0,0.0,0.0,0.0,0.0,0.0,0.0,450.0,0.0,701.9041540840244,105.58126748003471,270.54927761959217,21.046697634651044,560.1870499888214,0.0,105.58126748003466,144.33759726302766,0.0,0.0,18.50840543211125,6.599051714959387,19.03992282715054,-266.60890845598126,18.66127206507366,-183.66157361869569,18.784480449398737,-136.33458739107096,16.176920768862936,14.607935158238576,18.542463625376514,-100.26882331779507,17.274250956278235,75.17410236795058,16.908651672202454,-10.964967010333567,17.066135755542299,-43.9138334629622,395.4161316919335,203.63624575797486,0.0,0.0,0.0,0.0,0.0,0.0,0.0,0.0,0.0,0.0,0.0,0.0,0.0,0.0,0.0,0.0,0.0,0.0,0.0,0.0,0.0,0.0,0.8948359053663773,0.27314893326201997,161.61546574172497,193.92377714846317,3163.093076367214,0.16331600633884736,0.024926130393596973,94.8781550772344,113.77992747920604,1874.7892580080268,0.8589113759020712,0.16230373694294626,141.29114618099463,169.479980857955,2756.730269037384,0.1696432907364568,0.03205655531679077,116.45655287215326,139.70972156384713,2270.5204906632404,0.0,0.0,7.33337598914771,8.86721024588267,110.5305312882782,0.0,0.0,56.649697931758968,68.00764530695106,1087.974635546706,0.0,0.0,185.40040617746934,223.22392074740794,3250.990834478105,0.0,0.0,13.86519665346161,16.724074154726695,228.8404565815758,0.0,0.0,94.88785904709883,114.46721923297607,1556.8163637164544,30.85890707394191,21.165231189260579,198.04102313613397,238.35321656904604,4002.710153206856,0.0,0.0,107.06235640237361,129.3112480145888,1685.8423414149298,0.0,18.492665289463788,33.82651714156472,22.0,30.0,0.0,18.627771510199865,33.475393159708577,16.0,30.0,0.0,18.488863749313006,33.90285173598207,22.0,30.0,0.0,18.487502911489636,33.86434467366368,16.0,30.0,0.0,16.24499299621747,39.66102669459986,12.0,30.0,0.0,18.34154503773709,34.57749328089815,16.0,30.0,0.0,17.490593482614899,36.41857873605615,10.0,30.0,0.0,16.967719197412728,37.89322713322852,12.0,30.0,0.0,16.918514513395168,37.87323099404161,12.0,30.0,0.0,17.469448434278378,0.0,0.0,0.0,16.571244644166656,0.0,0.0,515.4359914488484,503.1485145227358,523.0301011737238,517.3980618627522,592.3874676499472,571.5258227701377,564.0598230635947,591.8378029753594,576.9738393294198,0.0,80.81017938941474,80.81017938941474,60.0,0.0,60.0,60.0,16.0,16.0,16.0,12.0,12.0,12.0,21.0,10.0,0.0,0.0,0.0,0.0,0.0,0.0,0.0,0.0,0.0,0.0,0.0,0.0,0.0,80.81017938941474,80.81017938941474,0.0,0.0,0.0,80.81017938941474,0.0,0.0,0.0006766666666666667 
 04/19  10:40:00,9.046666666666667,62.0,5.029999999999999,310.6666666666667,181.33333333333335,0.0,0.0,0.0,0.0,0.0,0.0,0.0,0.0,0.0,0.0,225.0,0.0,721.075542493022,105.07567086272376,269.2536616406479,21.621533852730253,575.4874378378571,0.0,105.07567086272371,143.64640835548046,0.0,0.0,18.433339991484539,2.5096937242933565,19.037199987564536,-239.81650483052818,18.627668330790614,-7.595701431354428,18.73187130443605,-202.2349896286678,16.17977324313072,14.508312100097186,18.579696236576639,-102.54015005711949,17.27873974001908,75.99467241241928,16.83832012101464,-9.09521341480189,17.104877681267369,-52.556508193609719,379.04763397848367,174.49672492478295,0.0,0.0,0.0,0.0,0.0,0.0,0.0,0.0,0.0,0.0,0.0,0.0,0.0,0.0,0.0,0.0,0.0,0.0,0.0,0.0,0.0,0.0,0.8652836743107574,0.2641281057114644,130.94878481329463,156.88275947850873,2500.3598816023529,0.14862734132685394,0.022684270654281737,116.14396462560473,139.05989500879879,2248.041758445157,0.8751129341125364,0.16536525587916418,206.2294157761436,246.99256780798909,3964.4020275939549,0.15939846488065916,0.030120647180774584,119.32706745213138,142.9657811638503,2264.3260115777877,0.0,0.0,7.302318968761637,8.813107055798304,107.56079472595964,0.0,0.0,56.59796830613183,67.81241787880586,1070.6289277799374,0.0,0.0,183.77980730185724,220.85390101672037,3162.7585649518075,0.0,0.0,14.867635956112809,17.905135430626438,237.37156439510603,0.0,0.0,92.38703009870003,111.22400239918746,1494.0149284648308,30.74254572062298,21.08542230495404,205.4066172039779,246.90616275136288,4026.9950088237276,0.0,0.0,105.48121759331085,127.11099846438094,1650.5418772291947,0.0,18.420048254248877,33.97355274562051,22.0,30.0,0.0,18.605115197328286,33.50569584775267,16.0,30.0,0.0,18.508503851814969,33.88034385491216,22.0,30.0,0.0,18.410690374898605,33.93412256134105,16.0,30.0,0.0,16.25210074080864,39.54935151024723,12.0,30.0,0.0,18.37434567460255,34.43630011217152,16.0,30.0,0.0,17.505399244506127,36.343780698889627,10.0,30.0,0.0,16.875390358654039,37.99033071470534,12.0,30.0,0.0,16.979355995614897,37.6514414557873,12.0,30.0,0.0,17.454749351858138,0.0,0.0,0.0,16.70121866239398,0.0,0.0,510.4180233432846,498.7440582429915,526.9133316463883,501.31030843149889,581.7921079579786,562.4804210918181,558.6369385178927,578.3657217682284,568.4840544887076,0.0,80.81017938941474,80.81017938941474,60.0,0.0,60.0,60.0,16.0,16.0,16.0,12.0,12.0,12.0,21.0,10.0,0.0,0.0,0.0,0.0,0.0,0.0,0.0,0.0,0.0,0.0,0.0,0.0,0.0,80.81017938941474,80.81017938941474,0.0,0.0,0.0,80.81017938941474,0.0,0.0,0.0006600000000000001 
 04/19  10:50:00,9.223333333333333,61.5,5.0649999999999999,310.3333333333333,168.66666666666667,0.0,0.0,0.0,0.0,0.0,0.0,0.0,0.0,0.0,0.0,225.0,0.0,736.4701675662625,104.52520829864102,267.84307611418549,22.083125359340057,587.7736278448115,0.0,104.52520829864098,142.89388429719546,0.0,0.0,18.393159220394698,26.071162308870045,19.027989975944949,-276.9743957137134,18.485281113670316,-207.380193005627,18.787432568931949,-24.91818187780973,16.182164137347724,14.918550264246818,18.61480534896249,-104.53886065407164,17.27896311073163,76.65146152060697,16.790387026721509,-4.149817389316468,17.13807836875015,-38.41217316079246,387.3545485712075,147.35515878070965,0.0,0.0,0.0,0.0,0.0,0.0,0.0,0.0,0.0,0.0,0.0,0.0,0.0,0.0,0.0,0.0,0.0,0.0,0.0,0.0,0.0,0.0,0.8233809988223438,0.2513373012278217,166.90505115182999,199.95632098065196,3119.0251638292509,0.14265182658004273,0.021772256804035826,122.77427910949675,147.01121728573248,2322.141918108387,0.8072677847138643,0.15254493286354207,127.77292692290252,153.14764519794239,2356.432524697249,0.16525575189496848,0.03122746634447627,95.10539951019494,113.87555070626229,1800.513291326075,0.0,0.0,7.241231076400738,8.73890034504564,104.13021229953948,0.0,0.0,57.147584371637289,68.4613442780919,1063.8161319413783,0.0,0.0,180.58211628070789,216.99914659852048,3044.688656807161,0.0,0.0,16.804803227239498,20.241122158597624,260.49295282813946,0.0,0.0,88.78171166598753,106.86049904800912,1412.8632373216338,30.713640951085396,21.06559736014088,209.98296752568403,252.350387761026,4042.773329063602,0.0,0.0,102.75378757202395,123.76747533276753,1595.5011291061626,0.0,18.412445634857226,33.98101214523125,22.0,30.0,0.0,18.56375849697375,33.63057959584417,16.0,30.0,0.0,18.275146814389506,34.26113841810881,22.0,30.0,0.0,18.567276691760925,33.75834787249363,16.0,30.0,0.0,16.25776866176651,39.474403631982138,12.0,30.0,0.0,18.40353248667054,34.34220958579217,16.0,30.0,0.0,17.51059156159954,36.28596045239528,10.0,30.0,0.0,16.822621843389439,38.03762325285152,12.0,30.0,0.0,17.031204839573375,37.48038645626035,12.0,30.0,0.0,17.506849870618138,0.0,0.0,0.0,16.822309734855563,0.0,0.0,509.23094759649436,498.6921376472125,500.9388289658501,527.0335355980985,574.8979717771192,558.2078335167017,552.4658267484358,569.4487490916656,562.8032181741908,0.0,80.81017938941474,80.81017938941474,60.0,0.0,60.0,60.0,16.0,16.0,16.0,12.0,12.0,12.0,21.0,10.0,0.0,0.0,0.0,0.0,0.0,0.0,0.0,0.0,0.0,0.0,0.0,0.0,0.0,80.81017938941474,80.81017938941474,0.0,0.0,0.0,80.81017938941474,0.0,0.0,0.0006433333333333332 
 04/19  11:00:00,9.4,61.0,5.1,310.0,156.0,0.0,0.0,0.0,0.0,0.0,0.0,0.0,0.0,0.0,0.0,225.0,0.0,748.0571911678742,103.93593472941936,266.3330367580416,22.430547528803357,597.0210088665672,0.0,103.93593472941932,142.08830265243877,0.0,0.0,18.34243613870894,21.761639830320747,19.027853458972538,-272.5481117544805,18.536786086796498,14.974470815228415,18.660551593745404,-260.4839544043325,16.18499942828699,15.426223123719496,18.64852639804789,-108.17343412964329,17.287294011047,82.64272584260744,16.753380251193954,1.3719502449521315,17.173187259627328,-26.311124703006955,382.5171410523599,120.4457732883352,0.0,0.0,0.0,0.0,0.0,0.0,0.0,0.0,0.0,0.0,0.0,0.0,0.0,0.0,0.0,0.0,0.0,0.0,0.0,0.0,0.0,0.0,0.817016296382481,0.2493944738652262,135.40327078968188,162.23037383996718,2473.996111095427,0.13531308489526548,0.02065218023432013,128.73959449852,154.15584182853577,2384.3756037666328,0.8235533451342327,0.1556223252332262,243.16325735685394,291.2556616579614,4469.695126567349,0.13702913910701726,0.02589363928704029,157.51315246823783,188.7605914671374,2844.7040378467265,0.0,0.0,7.255806280854222,8.75599306189275,101.80774727314879,0.0,0.0,57.89406015441309,69.34640239241374,1060.096745568172,0.0,0.0,176.7932720126364,212.42305092291347,2924.345630663689,0.0,0.0,18.641933212324785,22.455926864901973,280.9097479241111,0.0,0.0,83.01105085819539,99.8922418828365,1299.971354071854,30.647720351214529,21.02038432867938,250.11008452358238,300.5389967509797,4625.248468960545,0.0,0.0,98.12612390156505,118.14481663765962,1509.358986796523,0.0,18.373821501585448,34.06301997240428,22.0,30.0,0.0,18.547199582728255,33.661877784089238,16.0,30.0,0.0,18.454238277024325,33.96564103325943,22.0,30.0,0.0,18.314007661651215,34.165049054726718,16.0,30.0,0.0,16.263676021641847,39.40420896429618,12.0,30.0,0.0,18.431082661268975,34.24334831922562,16.0,30.0,0.0,17.5308297458242,36.2041756890921,10.0,30.0,0.0,16.786131449020276,38.07218156511375,12.0,30.0,0.0,17.084853733492165,37.321563882263898,12.0,30.0,0.0,17.525744910484698,0.0,0.0,0.0,16.930581555424366,0.0,0.0,503.1856426236,495.87516213246109,521.3282693440924,497.0760290441609,568.4724702779756,552.4495273466451,548.0282143404853,563.2469539165013,558.7977720987095,0.0,80.81017938941474,80.81017938941474,60.0,0.0,60.0,60.0,16.0,16.0,16.0,12.0,12.0,12.0,21.0,10.0,0.0,0.0,0.0,0.0,0.0,0.0,0.0,0.0,0.0,0.0,0.0,0.0,0.0,80.81017938941474,80.81017938941474,0.0,0.0,0.0,80.81017938941474,0.0,0.0,0.0006266666666666667 
 04/19  11:10:00,9.528333333333335,60.333333333333339,5.13,309.6666666666667,143.33333333333332,0.0,0.0,0.0,0.0,0.0,0.0,0.0,0.0,0.0,0.0,225.0,0.0,755.8969347464392,103.313547945762,264.73814411910868,22.66560910879376,603.2777232263921,0.0,103.31354794576194,141.23745273307825,0.0,0.0,18.301220352167783,28.908348242125613,19.043202741760568,-256.5132418073017,18.40354910014007,-191.22814190252849,18.722754340091354,-21.04099944097834,16.18821237213688,15.914058205160444,18.681951986975716,-109.30559065411762,17.295157534220424,85.04126692105638,16.725126257996437,6.746300099031828,17.20785551996679,-17.683178314352973,369.5210841718608,99.96023544384525,0.0,0.0,0.0,0.0,0.0,0.0,0.0,0.0,0.0,0.0,0.0,0.0,0.0,0.0,0.0,0.0,0.0,0.0,0.0,0.0,0.0,0.0,0.769850702049059,0.23499716179763709,157.87383328779823,189.15011668669784,2832.1032453936438,0.13207782476630423,0.020158398163355349,121.74100474492383,145.75389954024963,2226.265721461381,0.7596591340371366,0.1435485891982496,139.9586561197008,167.75748062007907,2477.9181433134365,0.16042303792524388,0.030314255087914557,114.21503099950762,136.77153281829795,2074.6074148691479,0.0,0.0,7.226246009422448,8.719370445896491,99.57896410469785,0.0,0.0,58.110068214120527,69.59193052755397,1052.1625045054514,0.0,0.0,173.257556357731,208.14366937665728,2826.1591941659378,0.0,0.0,19.653399253352075,23.674224906996636,290.04482940344686,0.0,0.0,79.41912645847836,95.54444778928179,1230.9265755912764,30.526870798289978,20.937497118168716,218.57423903735197,262.63388074158225,4030.6835642601779,0.0,0.0,94.80979089050669,114.09985679388709,1453.386385868036,0.0,18.349157809133897,34.123363324468559,22.0,30.0,0.0,18.560907402073597,33.649579019111268,16.0,30.0,0.0,18.225398000058808,34.375735643856547,22.0,30.0,0.0,18.49529492586257,33.88078068621619,16.0,30.0,0.0,16.269634857179498,39.33676823250899,12.0,30.0,0.0,18.460034343631404,34.145427938743768,16.0,30.0,0.0,17.547475863671257,36.13636291164421,10.0,30.0,0.0,16.761834949043654,38.07939594575027,12.0,30.0,0.0,17.136006533869656,37.157805434545078,12.0,30.0,0.0,17.509897586025148,0.0,0.0,0.0,17.036677524410206,0.0,0.0,504.440772739766,492.8842144877213,494.7875700972233,521.6309727240484,562.5836692177312,547.7391576634624,542.7569983043364,557.1677896347762,553.4873776434914,0.0,80.81017938941474,80.81017938941474,60.0,0.0,60.0,60.0,16.0,16.0,16.0,12.0,12.0,12.0,21.0,10.0,0.0,0.0,0.0,0.0,0.0,0.0,0.0,0.0,0.0,0.0,0.0,0.0,0.0,80.81017938941474,80.81017938941474,0.0,0.0,0.0,80.81017938941474,0.0,0.0,0.00061 
 04/19  11:20:00,9.656666666666667,59.66666666666667,5.16,309.3333333333333,130.66666666666669,0.0,0.0,0.0,0.0,0.0,0.0,0.0,0.0,0.0,0.0,225.0,0.0,760.1121662199073,102.6633893655772,263.07208556635467,22.791991272563558,606.6417510938084,0.0,102.66338936557716,140.34863666235285,0.0,0.0,18.273375702963379,40.420280305879717,19.02863961161802,-309.2506760257438,18.450214089466983,14.057098723524178,18.621609624280454,-237.48045366696807,16.191757123183608,16.325725378838827,18.714237785148744,-110.69821099252022,17.30332367393708,87.53723261758114,16.704308531086313,12.265506623451529,17.241723686088858,-10.107617211651814,372.93509362298757,81.12969703110093,0.0,0.0,0.0,0.0,0.0,0.0,0.0,0.0,0.0,0.0,0.0,0.0,0.0,0.0,0.0,0.0,0.0,0.0,0.0,0.0,0.0,0.0,0.7791316246628927,0.23783016625851426,156.645046511565,187.66228598179718,2768.005760844046,0.12006961064347734,0.01832564265010338,151.7497338771116,181.69439555746218,2720.1854201005219,0.7886505397556997,0.14902693495005668,234.2358897252246,280.5759713351257,4150.531288838823,0.13241513431621677,0.025021756295581393,150.0194369760838,179.76074950382975,2623.303089048821,0.0,0.0,7.18064557553103,8.66339539069983,97.14782049840726,0.0,0.0,58.6101910932817,70.17753773184542,1049.196659582324,0.0,0.0,169.3647276495267,203.4369615768087,2723.6520674576624,0.0,0.0,20.850986804077576,25.115820420408956,301.65209342556735,0.0,0.0,74.80199220266346,89.9666163072269,1146.944922762951,30.38525274892272,20.840365397066348,265.8571562698231,319.3735734663589,4738.754100102619,0.0,0.0,91.03702869444274,109.51239710666961,1389.3491657890086,0.0,18.345323986206315,34.12311749922927,22.0,30.0,0.0,18.512651374416106,33.7400848714295,16.0,30.0,0.0,18.384489696112298,34.09341218157587,22.0,30.0,0.0,18.28822119491406,34.224566975526837,16.0,30.0,0.0,16.27554925924194,39.27525342517451,12.0,30.0,0.0,18.488687887120745,34.05410650405904,16.0,30.0,0.0,17.563493855999899,36.072137435375108,10.0,30.0,0.0,16.747484860797468,38.06842295474083,12.0,30.0,0.0,17.184616734675413,37.00590481009395,12.0,30.0,0.0,17.54902172164403,0.0,0.0,0.0,17.134761110369433,0.0,0.0,496.2676690285008,490.57490064088588,515.9430392458336,491.85234590467527,556.9914348545366,542.3350132601368,539.3583789795935,551.8448317553474,548.7517232363385,0.0,80.81017938941474,80.81017938941474,60.0,0.0,60.0,60.0,16.0,16.0,16.0,12.0,12.0,12.0,21.0,10.0,0.0,0.0,0.0,0.0,0.0,0.0,0.0,0.0,0.0,0.0,0.0,0.0,0.0,80.81017938941474,80.81017938941474,0.0,0.0,0.0,80.81017938941474,0.0,0.0,0.0006000000000000001 
 04/19  11:30:00,9.785,59.0,5.1899999999999999,309.0,118.0,0.0,0.0,0.0,0.0,0.0,0.0,0.0,0.0,0.0,0.0,225.0,0.0,760.8654409424075,101.99043732137146,261.3476180892211,22.81456819962748,607.2428265600462,0.0,101.99043732137142,139.4286601982299,0.0,0.0,18.229036088589447,30.774439770498249,19.05031961229077,-255.10300692130114,18.369891577980419,-125.55022727887126,18.682922134959289,-23.574563627837507,16.195804771391879,16.887203912650877,18.744031910098984,-112.86178634641738,17.3152572714774,91.81060914781665,16.689184417454624,17.190591322255388,17.274310636408317,-4.10659613047801,322.69202714070436,64.7365923557445,0.0,0.0,0.0,0.0,0.0,0.0,0.0,0.0,0.0,0.0,0.0,0.0,0.0,0.0,0.0,0.0,0.0,0.0,0.0,0.0,0.0,0.0,0.7367048673267282,0.22487938563086944,139.5141131416065,167.14789949146874,2417.4687000930828,0.12319524716846946,0.018802693401781056,125.46758867243416,150.19300170351768,2225.419156086145,0.7305585738030705,0.1380496171207617,101.59482912041026,121.73762708773978,1754.320147228535,0.15181435899643773,0.028687520596454589,96.81253859353754,115.92486569637629,1701.0336411680212,0.0,0.0,7.209185766671474,8.696855767583886,95.72891271412074,0.0,0.0,58.8431934871743,70.4436526641861,1041.031391310938,0.0,0.0,166.29238061558554,199.71289554357856,2637.9857238676238,0.0,0.0,21.408306227520276,25.78545583580007,303.77708373350836,0.0,0.0,71.26811418646209,85.69504130318846,1080.478216301231,30.25907263023935,20.753822105788314,175.47925822672014,210.88545161714584,3179.968051271874,0.0,0.0,87.5136931857867,105.23100022211846,1328.5354214714105,0.0,18.302008856486915,34.21032611289063,22.0,30.0,0.0,18.548087670548737,33.666051682637277,16.0,30.0,0.0,18.255055900948176,34.306063819015587,22.0,30.0,0.0,18.457951337545685,33.93682904945791,16.0,30.0,0.0,16.28177393098573,39.217771443485677,12.0,30.0,0.0,18.514983326618844,33.971911007150577,16.0,30.0,0.0,17.58569901754503,35.99121365028519,10.0,30.0,0.0,16.73996908852198,38.049027459912377,12.0,30.0,0.0,17.23000311209163,36.868020301527909,12.0,30.0,0.0,17.408285487724638,0.0,0.0,0.0,17.226574966289946,0.0,0.0,495.95527190127776,488.6096539336463,492.44896442119519,515.6367136346325,551.9098304244725,538.6867011131571,533.1488430170545,546.6037450230264,544.0213132953838,0.0,80.81017938941474,80.81017938941474,60.0,0.0,60.0,60.0,16.0,16.0,16.0,12.0,12.0,12.0,21.0,10.0,0.0,0.0,0.0,0.0,0.0,0.0,0.0,0.0,0.0,0.0,0.0,0.0,0.0,80.81017938941474,80.81017938941474,0.0,0.0,0.0,80.81017938941474,0.0,0.0,0.00059 
 04/19  11:40:00,9.913333333333334,58.333333333333339,5.220000000000001,301.5,115.16666666666667,0.0,0.0,0.0,0.0,0.0,0.0,0.0,0.0,0.0,0.0,225.0,0.0,761.0236282401996,100.00899179477668,256.2702088850272,22.819301629232866,607.3689681080747,0.0,100.00899179477664,136.7198739405697,0.0,0.0,18.21349006304699,51.38414035729329,19.021631482449796,-343.22594208416379,18.39644478717227,7.795154065879615,18.59110356195289,-227.21798682180452,16.200318242511423,17.19964661512992,18.77503631409812,-113.09451002768174,17.322115805354849,91.2795006540573,16.678265534970188,21.96776370734767,17.304573475378228,0.758606748908278,363.2807381422208,51.465820280426218,0.0,0.0,0.0,0.0,0.0,0.0,0.0,0.0,0.0,0.0,0.0,0.0,0.0,0.0,0.0,0.0,0.0,0.0,0.0,0.0,0.0,0.0,0.7449669153727184,0.22740137831890065,162.98702701491656,195.24290859526855,2783.50910172757,0.11147759857716688,0.017014285497125596,159.07504743257759,190.45592524603348,2755.167700826717,0.7347402810099092,0.13883981122636233,183.39041667418025,219.64928216432433,3145.7833215915718,0.12663790804392464,0.023930065767937378,130.64425137003398,156.5244077072624,2211.657417492389,0.0,0.0,7.126170418201604,8.595742919264238,92.84241513287994,0.0,0.0,59.17233973607585,70.82437248093437,1034.651103417336,0.0,0.0,162.51146281901334,195.1467972518229,2538.821786123241,0.0,0.0,22.093651253988143,26.608691297354335,307.60419658371748,0.0,0.0,67.78498859624611,81.48760376724275,1015.4944222085327,30.152321154501647,20.68060435836876,254.43506009200946,305.57783885118166,4411.863325985214,0.0,0.0,84.58434557648393,101.66850980307767,1276.5790786689404,0.0,18.314696819373159,34.17243876466297,22.0,30.0,0.0,18.471273497849177,33.80116909440351,16.0,30.0,0.0,18.357769446688768,34.133805900731918,22.0,30.0,0.0,18.26994653250212,34.23725577407619,16.0,30.0,0.0,16.28797417080536,39.16383844887773,12.0,30.0,0.0,18.542979297694936,33.883606557565588,16.0,30.0,0.0,17.596169523916588,35.945319874362699,10.0,30.0,0.0,16.737677876714444,38.02186101961978,12.0,30.0,0.0,17.271648262904049,36.741814366714937,12.0,30.0,0.0,17.564277670582844,0.0,0.0,0.0,17.314296272991386,0.0,0.0,491.35135495577279,483.35504838497345,510.5094463547551,484.8724138496525,546.7838350044179,532.8006589448226,530.1713128313083,542.3273451419924,539.7948693255961,0.0,80.81017938941474,80.81017938941474,60.0,0.0,60.0,60.0,16.0,16.0,16.0,12.0,12.0,12.0,21.0,10.0,0.0,0.0,0.0,0.0,0.0,0.0,0.0,0.0,0.0,0.0,0.0,0.0,0.0,80.81017938941474,80.81017938941474,0.0,0.0,0.0,80.81017938941474,0.0,0.0,0.0005799999999999999 
 04/19  11:50:00,10.041666666666666,57.666666666666667,5.25,294.0,112.33333333333333,0.0,0.0,0.0,0.0,0.0,0.0,0.0,0.0,0.0,0.0,225.0,0.0,759.2483054223369,97.99081234812879,251.0986700307621,22.766059622822316,605.9519950104667,0.0,97.99081234812874,133.96086962922375,0.0,0.0,18.16703700115776,32.47984733661815,19.060304768402007,-239.4374594061319,18.31446550599759,-120.42908947933711,18.651241639277804,-21.884635284654907,16.205572926530317,17.75684337996151,18.80359075635144,-116.31146818473644,17.335721578868755,96.46568335612847,16.67073441256632,26.25127978669832,17.333099245268529,4.880692519527656,307.56291097183478,38.291469728596897,0.0,0.0,0.0,0.0,0.0,0.0,0.0,0.0,0.0,0.0,0.0,0.0,0.0,0.0,0.0,0.0,0.0,0.0,0.0,0.0,0.0,0.0,0.6976436432188259,0.21295593504848166,137.1491234993,164.3082433483055,2291.945046153052,0.11736111352687584,0.01791225786429729,119.80914970739267,143.39309760864553,2061.952367853379,0.6916099763549951,0.13068971586451159,100.68432070297081,120.63731595621714,1678.4605940190093,0.1432944164350918,0.027077554126056646,91.6382246182546,109.71676202556803,1557.9740399963956,0.0,0.0,7.188796987412844,8.670283804815338,91.86850107628077,0.0,0.0,59.45873733249628,71.15452007855675,1027.0011185308645,0.0,0.0,159.80542871582154,191.86400883202246,2462.1582871742918,0.0,0.0,22.435015334616918,27.017214761795264,306.52570033923748,0.0,0.0,64.25491577592078,77.22659188204072,950.6518213128793,30.010400560331875,20.58326513054313,172.1552513664412,206.85038635609585,3019.8761474304026,0.0,0.0,80.92902311860584,97.23937767300777,1212.8486347814015,0.0,18.257502718177258,34.27911703851893,22.0,30.0,0.0,18.54606339682494,33.64507898599357,16.0,30.0,0.0,18.221919633123937,34.350598592282228,22.0,30.0,0.0,18.434638198609126,33.96647652983436,16.0,30.0,0.0,16.294842080190049,39.11173460457894,12.0,30.0,0.0,18.567543758975057,33.8098086384611,16.0,30.0,0.0,17.619742019309638,35.864548950763907,10.0,30.0,0.0,16.738899128929654,37.98701105830829,12.0,30.0,0.0,17.309982790038516,36.624403118994909,12.0,30.0,0.0,17.410829622619216,0.0,0.0,0.0,17.39323102013859,0.0,0.0,489.4226351638131,485.85115036991217,489.1058293746852,509.73907782311826,542.0319346685084,529.4090865002606,524.8224855324462,537.1042763596452,534.9266459567344,0.0,80.81017938941474,80.81017938941474,60.0,0.0,60.0,60.0,16.0,16.0,16.0,12.0,12.0,12.0,21.0,10.0,0.0,0.0,0.0,0.0,0.0,0.0,0.0,0.0,0.0,0.0,0.0,0.0,0.0,80.81017938941474,80.81017938941474,0.0,0.0,0.0,80.81017938941474,0.0,0.0,0.0005733333333333334 
 04/19  12:00:00,10.17,57.0,5.28,286.5,109.5,0.0,0.0,0.0,0.0,0.0,0.0,0.0,0.0,0.0,0.0,225.0,0.0,755.6259943518759,95.93960158068085,245.84248929443113,22.6574365025234,603.0609595111841,0.0,95.93960158068079,131.15670899808269,0.0,0.0,18.167158518454714,65.00094846337743,19.023953154146218,-362.82133418330798,18.34155171516252,12.489464698547636,18.55831906708287,-225.60573444651983,16.211147751502545,17.912400296874837,18.832119560243009,-115.80733934496812,17.34146508474558,94.0325684429854,16.666034667536665,30.271796379361946,17.359673332854656,8.080872823275968,354.6535614823624,28.862810130335676,0.0,0.0,0.0,0.0,0.0,0.0,0.0,0.0,0.0,0.0,0.0,0.0,0.0,0.0,0.0,0.0,0.0,0.0,0.0,0.0,0.0,0.0,0.7073214525937687,0.21591008931433723,174.43577324974974,208.93196507039708,2879.1514843416177,0.09854591957321379,0.015040586015447772,171.64263563955303,205.47741452295856,2876.5643825712888,0.6986437409603621,0.13201884749817884,184.28379789205895,220.70488437195045,3050.4229842401716,0.11776577963716387,0.02225354868427132,134.71977989701512,161.39188409186077,2202.9673920285788,0.0,0.0,7.0632212894496029,8.517848711362689,88.50235241345189,0.0,0.0,59.81144031945999,71.56343904432407,1020.6080949229108,0.0,0.0,156.36184357275864,187.70794426805089,2370.119228420546,0.0,0.0,22.892030100900788,27.564630114175406,306.94671315022927,0.0,0.0,61.688047536193469,74.12569674427779,900.7888615418078,29.90227753308228,20.50910667563943,271.6782404222386,326.19737906078356,4532.527525412416,0.0,0.0,78.8257261758616,94.67829544006212,1172.6915531574226,0.0,18.294782250622008,34.185848510966099,22.0,30.0,0.0,18.452842903717494,33.79368671816868,16.0,30.0,0.0,18.32095547038089,34.19045088679849,22.0,30.0,0.0,18.24347636176403,34.24625162248928,16.0,30.0,0.0,16.301480631711749,39.06280249092014,12.0,30.0,0.0,18.594181490948448,33.72748756547744,16.0,30.0,0.0,17.625996813421,35.82919411518677,10.0,30.0,0.0,16.74288265006429,37.950167035453777,12.0,30.0,0.0,17.34495058149855,36.518345807324518,12.0,30.0,0.0,17.589595767011134,0.0,0.0,0.0,17.4702313272601,0.0,0.0,487.9528761923483,478.18003225924869,504.7706685225058,479.4090437662706,537.3612035412838,524.3105855757385,521.6484361370322,533.0172405937922,530.8772323124954,0.0,80.81017938941474,80.81017938941474,60.0,0.0,60.0,60.0,16.0,16.0,16.0,12.0,12.0,12.0,21.0,10.0,0.0,0.0,0.0,0.0,0.0,0.0,0.0,0.0,0.0,0.0,0.0,0.0,0.0,80.81017938941474,80.81017938941474,0.0,0.0,0.0,80.81017938941474,0.0,0.0,0.0005666666666666666 
 04/19  12:10:00,10.251666666666667,57.0,5.321666666666667,279.0,106.66666666666666,0.0,0.0,0.0,0.0,0.0,0.0,0.0,0.0,0.0,0.0,225.0,0.0,750.2409158059057,93.85837596731622,240.50939629092864,22.495957593903904,598.7630773861745,0.0,93.85837596731618,128.31151579700538,0.0,0.0,18.12037090814845,35.90706140414841,19.064757998876698,-238.14147868868259,18.279381188281563,-90.91937496553237,18.61618250944741,-21.374154126649047,16.217466887422615,18.508178631066984,18.85591276330311,-119.52479817785889,17.35692486560528,100.38976911207647,16.66301841354975,33.90241072575486,17.383950848119164,10.673398691700186,283.6820174153918,18.618912339406508,0.0,0.0,0.0,0.0,0.0,0.0,0.0,0.0,0.0,0.0,0.0,0.0,0.0,0.0,0.0,0.0,0.0,0.0,0.0,0.0,0.0,0.0,0.664675362317936,0.20289235723990724,129.99613131383397,155.73591501285109,2109.2453848489155,0.10918429092225426,0.016664269066278125,123.07813492432379,147.2908560847985,2064.0651610711317,0.660484028589205,0.12480801749607053,88.38275224169712,105.88528609898757,1436.1128085281974,0.13717837660248168,0.025921839871973098,88.88048584718311,106.41286413340127,1467.8047333698415,0.0,0.0,7.171371680677553,8.647837622119996,88.76731352101779,0.0,0.0,60.10449791028801,71.90706365897813,1018.1237792781982,0.0,0.0,154.30045208661944,185.212148401255,2321.149485203285,0.0,0.0,23.101152186529285,27.81520342256322,306.16058687709497,0.0,0.0,58.366220903106889,70.12469989322887,846.2376654274465,29.822518428315605,20.45440221420824,156.51624648123068,188.06096502807444,2689.757991770633,0.0,0.0,75.27364248638269,90.38864129783002,1117.3283988297492,0.0,18.22855442924418,34.291703762131607,22.0,30.0,0.0,18.54024818119627,33.61855595768308,16.0,30.0,0.0,18.221107692699858,34.322702264027089,22.0,30.0,0.0,18.404499022831407,34.007478716196867,16.0,30.0,0.0,16.30883860462117,39.01674309766035,12.0,30.0,0.0,18.615065384438954,33.664798755465209,16.0,30.0,0.0,17.651887861681055,35.747035396182827,10.0,30.0,0.0,16.74844168330188,37.911708926645797,12.0,30.0,0.0,17.376571663813598,36.42269464062465,12.0,30.0,0.0,17.37295593074136,0.0,0.0,0.0,17.537311243348513,0.0,0.0,482.17085887141459,482.42243834172379,486.5797490391325,503.7320722964476,532.9239857543524,520.8755818814799,517.280319800474,528.373263846374,526.5346754044388,0.0,80.81017938941474,80.81017938941474,60.0,0.0,60.0,60.0,16.0,16.0,16.0,12.0,12.0,12.0,21.0,10.0,0.0,0.0,0.0,0.0,0.0,0.0,0.0,0.0,0.0,0.0,0.0,0.0,0.0,80.81017938941474,80.81017938941474,0.0,0.0,0.0,80.81017938941474,0.0,0.0,0.00056 
 04/19  12:20:00,10.333333333333334,57.00000000000001,5.363333333333333,271.5,103.83333333333333,0.0,0.0,0.0,0.0,0.0,0.0,0.0,0.0,0.0,0.0,225.0,0.0,743.1745579856912,91.74953889995803,235.10554964632426,22.284066287943916,593.1233835757566,0.0,91.74953889995799,125.42857564496325,0.0,0.0,18.12691979451059,71.93592016949788,19.02288186373771,-371.7762443390184,18.299646868289935,15.206368760659644,18.525875694938209,-219.52190558689655,16.22368643785292,18.6061846765611,18.879260099032707,-118.03024293945464,17.361997331789764,96.16255469078715,16.661690441543969,37.258001880265968,17.406557902126865,13.027632437256216,345.60171493464807,12.566118645197549,0.0,0.0,0.0,0.0,0.0,0.0,0.0,0.0,0.0,0.0,0.0,0.0,0.0,0.0,0.0,0.0,0.0,0.0,0.0,0.0,0.0,0.0,0.6560095638509237,0.20024711961261408,173.6110409592345,207.94895205653246,2799.4745884476458,0.09013643298467773,0.01375708684137328,171.6645877482085,205.500733312043,2815.89010629741,0.6781660488379674,0.12814929116363714,134.44829997001117,161.0225981769732,2177.7607938768549,0.11387230645939477,0.02151782057055834,129.37557173637735,154.9934927069358,2066.7173746664996,0.0,0.0,7.033422514554589,8.48108886229364,85.97621063022142,0.0,0.0,60.29209672827224,72.12397328891584,1014.0569319326385,0.0,0.0,151.6082014461745,181.9737218416491,2256.5442591754065,0.0,0.0,23.431548868513969,28.2116358349496,306.9552045563434,0.0,0.0,56.93199292051563,68.39294108140808,819.2545096195077,29.794876006037894,20.435443076843556,266.5929677089169,320.0768469942913,4353.604503087167,0.0,0.0,74.27714295744315,89.16997061054492,1099.6842427819004,0.0,18.272793093296536,34.19679035482235,22.0,30.0,0.0,18.440916883833745,33.79732562610481,16.0,30.0,0.0,18.29929647374384,34.231899668399908,22.0,30.0,0.0,18.220066265094734,34.274880500305268,16.0,30.0,0.0,16.315163106601504,38.97482649950442,12.0,30.0,0.0,18.638166311115655,33.593968547449687,16.0,30.0,0.0,17.655422816126977,35.716273072702929,10.0,30.0,0.0,16.755223279171266,37.873160449172107,12.0,30.0,0.0,17.405583038525618,36.334810939588937,12.0,30.0,0.0,17.58536836175676,0.0,0.0,0.0,17.6018818991843,0.0,0.0,484.2135754859883,473.384290594006,503.3779891878541,474.5971278113272,528.6771013601742,516.6631535898503,513.3916320490826,524.4825844464034,522.6997831854,0.0,80.81017938941474,80.81017938941474,60.0,0.0,60.0,60.0,16.0,16.0,16.0,12.0,12.0,12.0,21.0,10.0,0.0,0.0,0.0,0.0,0.0,0.0,0.0,0.0,0.0,0.0,0.0,0.0,0.0,80.81017938941474,80.81017938941474,0.0,0.0,0.0,80.81017938941474,0.0,0.0,0.0005566666666666667 
 04/19  12:30:00,10.415,57.0,5.405,264.0,101.0,0.0,0.0,0.0,0.0,0.0,0.0,0.0,0.0,0.0,0.0,225.0,0.0,734.505963272143,89.61495375027727,229.6357242167224,22.02413263921549,586.2049610406302,0.0,89.61495375027723,122.51043591230166,0.0,0.0,18.083762664983646,41.410911268056228,19.060186283582874,-243.9502707202646,18.23545488667621,-88.51880886561139,18.583049917070285,-19.8278395322709,16.230698481123786,19.13805437011115,18.89847343544944,-121.61603609632903,17.37725843453539,102.11023219689287,16.661602284958414,40.148661138309879,17.427162587376757,14.279048974156467,280.7981825131583,5.2676310057913728,0.0,0.0,0.0,0.0,0.0,0.0,0.0,0.0,0.0,0.0,0.0,0.0,0.0,0.0,0.0,0.0,0.0,0.0,0.0,0.0,0.0,0.0,0.6326696706110505,0.19312261007663326,133.87274338757687,160.3826805482592,2121.243046164472,0.10147460769794074,0.015487577487475694,127.38404451884824,152.44170362778056,2090.4949082792556,0.6309821565276861,0.11923321173992561,90.20157726245522,108.06857269105696,1429.7461560986172,0.13186054282097496,0.024916958205021716,90.25661230167685,108.06383796599265,1455.8186881804559,0.0,0.0,7.1445811637466349,8.614693356702944,86.24830942412032,0.0,0.0,60.57156126281343,72.4522314491987,1010.7450640952399,0.0,0.0,149.79937069590708,179.78273014526637,2212.036876340829,0.0,0.0,23.528182553519146,28.326546874031249,304.64715003353816,0.0,0.0,53.85459951675107,64.68866531378223,768.7660759578788,29.71010663730652,20.377302220374849,162.30693912694268,194.9932792378849,2714.9089114998789,0.0,0.0,70.89793881234752,85.09561257873138,1045.2803233300679,0.0,18.207796952393026,34.314111110310367,22.0,30.0,0.0,18.52672050328541,33.64977726637166,16.0,30.0,0.0,18.19243489608969,34.379470843812409,22.0,30.0,0.0,18.37830629841363,34.05641300558872,16.0,30.0,0.0,16.32246153507705,38.93062083570842,12.0,30.0,0.0,18.655079060911363,33.53783941683341,16.0,30.0,0.0,17.68000890385008,35.64129319876157,10.0,30.0,0.0,16.762530420534874,37.83220810126042,12.0,30.0,0.0,17.431292443745073,36.253482891680537,12.0,30.0,0.0,17.391299073599833,0.0,0.0,0.0,17.65465418292447,0.0,0.0,477.0506263223183,477.95671613375029,482.2121308110585,501.8738337326653,524.4565204770931,512.7429149030911,510.33991747600217,520.4209490443756,518.7183363041532,0.0,80.81017938941474,80.81017938941474,60.0,0.0,60.0,60.0,16.0,16.0,16.0,12.0,12.0,12.0,21.0,10.0,0.0,0.0,0.0,0.0,0.0,0.0,0.0,0.0,0.0,0.0,0.0,0.0,0.0,80.81017938941474,80.81017938941474,0.0,0.0,0.0,80.81017938941474,0.0,0.0,0.0005533333333333334 
 04/19  12:40:00,10.496666666666667,57.0,5.446666666666667,259.66666666666665,97.16666666666667,0.0,0.0,0.0,0.0,0.0,0.0,0.0,0.0,0.0,0.0,225.0,0.0,728.8705862120944,88.25499068189478,226.15084113706986,21.855150889626989,581.7073427093052,0.0,88.25499068189474,120.65126329255733,0.0,0.0,18.093823072989865,76.50196930202492,19.020898761295656,-368.99823791537167,18.25550428355357,17.510155582825065,18.497722014265439,-211.21083722188997,16.238268499410716,19.133047447171778,18.918690839055367,-119.79843894017177,17.38202344839692,97.42827465874962,16.662919709689456,42.76741816922356,17.44686764648977,15.857410352714624,336.7711979866599,1.5615136770466052,0.0,0.0,0.0,0.0,0.0,0.0,0.0,0.0,0.0,0.0,0.0,0.0,0.0,0.0,0.0,0.0,0.0,0.0,0.0,0.0,0.0,0.0,0.6209319830246697,0.1895396773579578,175.57439608272964,210.30184504759829,2765.4175709006897,0.08134160533775238,0.012414774929449388,174.29958810560127,208.64509045917073,2799.2865684869855,0.6530603172665621,0.12340519978582056,135.5327515375866,162.3299164689879,2141.050168709649,0.10835367838564558,0.020474995915654865,130.23770591227248,156.02544979610193,2032.628670129922,0.0,0.0,7.003410351863604,8.444047415381786,83.47874198686283,0.0,0.0,60.660228899652839,72.5514649827321,1004.5509302611604,0.0,0.0,147.6682177859006,177.21928682303548,2156.5943149162865,0.0,0.0,23.792384808908456,28.643121358998763,304.48253155313287,0.0,0.0,53.08368897925785,63.75576266206974,751.4708921680722,29.67652837719821,20.354271863647616,270.35867315342525,324.57656119818366,4307.758740157964,0.0,0.0,70.54704802979966,84.65768936571881,1035.3794415040994,0.0,18.253581086023,34.23933515860156,22.0,30.0,0.0,18.43530567480942,33.843988295311159,16.0,30.0,0.0,18.266947905649205,34.29487816369956,22.0,30.0,0.0,18.20224293178283,34.34673470547711,16.0,30.0,0.0,16.329740650986698,38.888122555014238,12.0,30.0,0.0,18.674920542598973,33.47823374947545,16.0,30.0,0.0,17.68183375434501,35.61781213395467,10.0,30.0,0.0,16.770432296603596,37.78959310247773,12.0,30.0,0.0,17.455324354307004,36.17671543286002,12.0,30.0,0.0,17.585672664124784,0.0,0.0,0.0,17.704723406147548,0.0,0.0,479.53240897035536,470.1021320136267,501.22768328787256,471.21546665131299,520.5925333088427,509.5406001300528,506.08071411510147,516.4723558202802,515.0198662615272,0.0,80.81017938941474,80.81017938941474,60.0,0.0,60.0,60.0,16.0,16.0,16.0,12.0,12.0,12.0,21.0,10.0,0.0,0.0,0.0,0.0,0.0,0.0,0.0,0.0,0.0,0.0,0.0,0.0,0.0,80.81017938941474,80.81017938941474,0.0,0.0,0.0,80.81017938941474,0.0,0.0,0.00055 
 04/19  12:50:00,10.578333333333335,57.0,5.488333333333333,255.33333333333335,93.33333333333334,0.0,0.0,0.0,0.0,0.0,0.0,0.0,0.0,0.0,0.0,225.0,0.0,721.8430050921372,86.88612724330126,222.64315079896867,21.644424552226306,576.098620865883,0.0,86.88612724330122,118.77992319195514,0.0,0.0,18.05469421361247,45.99109338931612,19.056450148852094,-248.0824907899705,18.190993969979677,-89.08466183907695,18.553917844622334,-18.612354572777805,16.24677008866768,19.56897036230265,18.935452111453026,-123.13445080291649,17.396689022613665,102.8720318348669,16.66511753448703,44.91829705076225,17.46482305006225,15.991266022071159,278.9184870825011,-3.5161089332050325,0.0,0.0,0.0,0.0,0.0,0.0,0.0,0.0,0.0,0.0,0.0,0.0,0.0,0.0,0.0,0.0,0.0,0.0,0.0,0.0,0.0,0.0,0.5884516096337611,0.17962503346573906,132.9368044488849,159.25965218062368,2057.3609069302776,0.09210786622462067,0.01405797714050987,130.8325059341536,156.56294858344828,2101.3302873575919,0.6140178234591003,0.11602755545334477,75.3455321135449,90.2751864547169,1165.0655403831289,0.12624396287079404,0.02385562412524452,79.0260422751347,94.6195866569051,1244.9890137992896,0.0,0.0,7.113989897055083,8.5769042410327,83.73144774581582,0.0,0.0,60.90025654371801,72.83306225256554,1000.1562175027004,0.0,0.0,146.2725097078928,175.5257600606688,2118.48678113622,0.0,0.0,23.853823875791169,28.7155615783309,301.6761228559056,0.0,0.0,50.39910133522682,60.52552269459676,707.1925101180822,29.59693143756476,20.29967862658763,168.5675354579927,202.48343756059698,2745.056495937482,0.0,0.0,67.5325205159485,81.02670561541062,985.3856713834476,0.0,18.191883247075297,34.375870678814369,22.0,30.0,0.0,18.518078482956047,33.69270003755157,16.0,30.0,0.0,18.156319826192996,34.482136532553678,22.0,30.0,0.0,18.354901838070889,34.0998934044082,16.0,30.0,0.0,16.338196516496713,38.84333537579377,12.0,30.0,0.0,18.689182055187147,33.431925742205759,16.0,30.0,0.0,17.70447831762094,35.555393827441289,10.0,30.0,0.0,16.778370342548134,37.74838848434284,12.0,30.0,0.0,17.476315411274123,36.10819221886547,12.0,30.0,0.0,17.41434342571428,0.0,0.0,0.0,17.74559257089279,0.0,0.0,472.5894702767183,473.7937727077661,478.0489656295606,498.6700951699645,516.6512294875835,505.52921978419166,503.5588147980011,512.9945594220206,511.438593761112,0.0,80.81017938941474,80.81017938941474,60.0,0.0,60.0,60.0,16.0,16.0,16.0,12.0,12.0,12.0,21.0,10.0,0.0,0.0,0.0,0.0,0.0,0.0,0.0,0.0,0.0,0.0,0.0,0.0,0.0,80.81017938941474,80.81017938941474,0.0,0.0,0.0,80.81017938941474,0.0,0.0,0.0005466666666666667 
 04/19  13:00:00,10.66,57.0,5.53,251.0,89.5,0.0,0.0,0.0,0.0,0.0,0.0,0.0,0.0,0.0,0.0,225.0,0.0,713.5024211672708,85.50883644359041,219.11386535993405,21.394328449338283,569.4420053102314,0.0,85.50883644359037,116.89706224978726,0.0,0.0,18.070656531675775,82.57365224666228,19.01210723448332,-374.9013418438908,18.212655500197984,17.034898591401544,18.47588483914586,-199.81246024609028,16.255530200164217,19.44825144594867,18.952238208841654,-121.17307087068912,17.401205153317787,97.97670977047165,16.66805213080478,46.807452309275848,17.481943633014926,17.129579319510868,328.08492593492158,-5.835931127810909,0.0,0.0,0.0,0.0,0.0,0.0,0.0,0.0,0.0,0.0,0.0,0.0,0.0,0.0,0.0,0.0,0.0,0.0,0.0,0.0,0.0,0.0,0.6114177531367402,0.18663545578044575,184.5547981712631,221.05070876431726,2841.757052691544,0.07128346546711119,0.010879649796567642,183.88100451130874,220.1096488919192,2886.4775521597655,0.6121805452102869,0.11568037513421903,182.13704763283799,218.16324430298963,2799.823498683375,0.10193043677468483,0.019261231438904914,128.53119775170547,153.9745870432644,1960.9191862851138,0.0,0.0,6.963650126469877,8.395191086906115,80.91606208579324,0.0,0.0,60.97816388599519,72.92000833910457,993.3724150479516,0.0,0.0,144.45141082153416,173.33518512676219,2068.3617516308988,0.0,0.0,24.00557664386201,28.896700684125606,299.9810690100385,0.0,0.0,50.076083912537367,60.13186811439431,696.3346301858678,29.554044103512184,20.270263445481615,278.50463013732539,334.32946266988406,4321.885923017185,0.0,0.0,67.58657264206498,81.07846374766983,980.1812275132086,0.0,18.24501539734725,34.28066039670091,22.0,30.0,0.0,18.419943016908908,33.94695831964081,16.0,30.0,0.0,18.231562211044634,34.346316099445207,22.0,30.0,0.0,18.192835725871139,34.43572038604879,16.0,30.0,0.0,16.34642470092553,38.802170013808417,12.0,30.0,0.0,18.70607953260729,33.385154845889157,16.0,30.0,0.0,17.705235604428546,35.54311967466757,10.0,30.0,0.0,16.78632623204077,37.708384715347197,12.0,30.0,0.0,17.496373970588598,36.04445749628749,12.0,30.0,0.0,17.587605678128477,0.0,0.0,0.0,17.78466895817661,0.0,0.0,475.1208958937249,467.5887207208964,491.34610456514198,468.63613932236168,513.0827661645935,502.7238268285019,499.529079667097,509.20865140556216,507.9575923788991,0.0,80.81017938941474,80.81017938941474,60.0,0.0,60.0,60.0,16.0,16.0,16.0,12.0,12.0,12.0,21.0,10.0,0.0,0.0,0.0,0.0,0.0,0.0,0.0,0.0,0.0,0.0,0.0,0.0,0.0,80.81017938941474,80.81017938941474,0.0,0.0,0.0,80.81017938941474,0.0,0.0,0.0005433333333333333 
 04/19  13:10:00,10.756666666666668,56.83333333333333,5.48,246.66666666666669,85.66666666666666,0.0,0.0,0.0,0.0,0.0,0.0,0.0,0.0,0.0,0.0,225.0,0.0,703.9294491613096,84.12336402982568,215.5636146316504,21.107279785455625,561.801833916541,0.0,84.12336402982564,115.00301642092065,0.0,0.0,18.02994761879046,46.543860952644539,19.050038965936979,-243.2841390431422,18.16727139693307,-63.736906454419798,18.530618134422995,-16.37251735724294,16.265130423700158,19.840495044795916,18.96595848548604,-124.27257772425765,17.415749199059435,103.31004534258409,16.671890222870688,48.50043774898438,17.49767032264799,16.656801112826999,253.90615586972946,-9.409117157365472,0.0,0.0,0.0,0.0,0.0,0.0,0.0,0.0,0.0,0.0,0.0,0.0,0.0,0.0,0.0,0.0,0.0,0.0,0.0,0.0,0.0,0.0,0.54743479770942,0.16710463910543958,131.33507381824718,157.3346025468498,1980.0837102105177,0.0840931877989291,0.012834735622547177,129.58360694808148,155.05762550833968,2032.4245499352037,0.5958163940770593,0.11258813191176484,54.28007353950337,65.02964884562056,821.8239829791075,0.11961283662565074,0.022602576837802477,57.81139623069144,69.21729864136876,888.371810229543,0.0,0.0,7.0843571557052569,8.540027341034059,81.05226675030309,0.0,0.0,61.10271617110195,73.06243060181373,984.8036576545751,0.0,0.0,143.62694852768989,172.32435196120066,2034.5220103316288,0.0,0.0,24.099266447734398,29.007262302207534,296.7928927702733,0.0,0.0,47.81132917408511,57.40610180421275,657.085146614127,29.38523769782866,20.154484017715139,145.85109972946604,175.20737917684134,2347.3668864333346,0.0,0.0,64.98268820835925,77.94240424583529,933.742089966297,0.0,18.17560220028139,34.47586112013914,22.0,30.0,0.0,18.51083830959679,33.769012816825178,16.0,30.0,0.0,18.156349366334636,34.53137001001903,22.0,30.0,0.0,18.33852901661955,34.11975297811159,16.0,30.0,0.0,16.355753504481773,38.75968378085817,12.0,30.0,0.0,18.71757808008314,33.35318746168747,16.0,30.0,0.0,17.72707240202576,35.4852840741317,10.0,30.0,0.0,16.79449193829763,37.67153038348388,12.0,30.0,0.0,17.513784717091139,35.989655185349828,12.0,30.0,0.0,17.366810578263534,0.0,0.0,0.0,17.81656863601548,0.0,0.0,469.77288324362669,470.81760363841326,476.4830437742709,487.83693825892348,509.42774142007365,499.0556350507579,497.22679184794398,506.0192210599761,504.62937012544298,0.0,80.81017938941474,80.81017938941474,60.0,0.0,60.0,60.0,16.0,16.0,16.0,12.0,12.0,12.0,21.0,10.0,0.0,0.0,0.0,0.0,0.0,0.0,0.0,0.0,0.0,0.0,0.0,0.0,0.0,80.81017938941474,80.81017938941474,0.0,0.0,0.0,80.81017938941474,0.0,0.0,0.0005399999999999999 
 04/19  13:20:00,10.853333333333334,56.66666666666667,5.430000000000001,242.33333333333335,81.83333333333333,0.0,0.0,0.0,0.0,0.0,0.0,0.0,0.0,0.0,0.0,225.0,0.0,632.1564193804917,83.42028761497184,213.76196500110687,18.955195096871216,504.52048586706817,0.0,83.4202876149718,114.04185765825003,0.0,0.0,18.04734442367015,84.0147945671988,18.980267630552608,-374.5034906745241,18.185843344556827,19.75937373666784,18.45013620895587,-202.40563389713135,16.26893591100248,19.71541768842104,18.957415404053739,-120.699817352227,17.41946837111309,97.80372529192573,16.676517184545273,49.82017470581593,17.51339642012129,17.66061387610057,317.06149552395439,-10.741122083228675,0.0,0.0,0.0,0.0,0.0,0.0,0.0,0.0,0.0,0.0,0.0,0.0,0.0,0.0,0.0,0.0,0.0,0.0,0.0,0.0,0.0,0.0,0.5488334658277458,0.1675315829755024,179.19400435645088,214.61724235583282,2682.1189184961419,0.06275574493436419,0.009578105148712484,178.96940765182669,214.2194025173345,2731.7075828325635,0.5962224882471896,0.11266486928329361,132.19916010447956,158.3381825198289,1979.0135611280119,0.0976202346710074,0.01844675636262422,126.65839322813857,151.72483293446136,1876.661476110546,0.0,0.0,6.920928045047676,8.342548410719969,77.8473453847937,0.0,0.0,61.120724062066489,73.07935723550803,973.5733194716469,0.0,0.0,142.07210512278349,170.45066643399054,1984.1970045302722,0.0,0.0,24.176601468876098,29.09810865846477,293.371320026328,0.0,0.0,47.96220846681102,57.58096217842235,651.3891322223385,29.265103506626497,20.072087453104598,271.9984162384728,326.47655440459956,4110.21436612096,0.0,0.0,65.43383303829373,78.47138600634176,931.3188655883479,0.0,18.228493233681257,34.37413524783522,22.0,30.0,0.0,18.399140940606939,34.082705238356847,16.0,30.0,0.0,18.218730775605164,34.38119115367442,22.0,30.0,0.0,18.16929780091062,34.57603404496582,16.0,30.0,0.0,16.35797785808175,38.73772783956018,12.0,30.0,0.0,18.721400732855739,33.337529614376588,16.0,30.0,0.0,17.725738230421219,35.49305931036661,10.0,30.0,0.0,16.80262089451584,37.6379923854512,12.0,30.0,0.0,17.531300384642618,35.937456172235147,12.0,30.0,0.0,17.591186419796,0.0,0.0,0.0,17.84713535766479,0.0,0.0,471.9970509177954,464.0012687962512,487.46541724314968,464.90473874315895,506.12793447104476,496.50690723663129,493.8282926784559,502.51198705708529,501.4089167133289,0.0,80.81017938941474,80.81017938941474,60.0,0.0,60.0,60.0,16.0,16.0,16.0,12.0,12.0,12.0,21.0,10.0,0.0,0.0,0.0,0.0,0.0,0.0,0.0,0.0,0.0,0.0,0.0,0.0,0.0,80.81017938941474,80.81017938941474,0.0,0.0,0.0,80.81017938941474,0.0,0.0,0.0005399999999999999 
 04/19  13:30:00,10.95,56.5,5.380000000000001,238.0,78.0,0.0,0.0,0.0,0.0,0.0,0.0,0.0,0.0,0.0,0.0,225.0,0.0,619.8334417958406,81.92225943549322,209.92329602334014,18.585688900407093,494.6855648349794,0.0,81.92225943549318,111.99393956426484,0.0,0.0,18.00680328291464,46.669730790546967,19.007693244248835,-234.22369879645613,18.13692765121477,-65.64421705206269,18.505124427623426,-15.632454345664883,16.275949151701178,20.085027470856717,18.957160048488356,-121.94844352023074,17.431586108952268,101.87949392983956,16.681404074562225,50.97791059186147,17.52729822309736,16.645267141547494,247.76788165788276,-13.252403101568689,0.0,0.0,0.0,0.0,0.0,0.0,0.0,0.0,0.0,0.0,0.0,0.0,0.0,0.0,0.0,0.0,0.0,0.0,0.0,0.0,0.0,0.0,0.5111001792877671,0.15601348574107666,130.17308428394254,155.93392852869088,1905.863107709498,0.07686288570262612,0.011731209661572973,128.7358367527936,154.0382494437134,1962.1499446953824,0.562813033183535,0.10635166915788648,58.6322371263193,70.24101348419518,860.666133060313,0.11378568960527837,0.02150145306222191,62.033335933524167,74.270070000294,925.8438137976203,0.0,0.0,7.027374544197367,8.470314816029854,77.71864682856728,0.0,0.0,60.90112620686641,72.8129978052952,958.1208465920919,0.0,0.0,140.90676774338292,169.03429206996098,1944.8837952448046,0.0,0.0,24.201878554071393,29.12628836797008,289.2942728889983,0.0,0.0,45.74148802163554,54.90933980527535,613.5708752627616,29.08040987038733,19.945411433736174,149.73386391633876,179.83585224757139,2332.7490522994614,0.0,0.0,62.848123068089467,75.36052154630603,885.0769128592032,0.0,18.156478149804096,34.60362547570947,22.0,30.0,0.0,18.485761608771296,33.89239717159649,16.0,30.0,0.0,18.134059253150029,34.636301712950558,22.0,30.0,0.0,18.315693242580254,34.18739950045032,16.0,30.0,0.0,16.362301991948895,38.71540211665332,12.0,30.0,0.0,18.72123520243109,33.34302931950246,16.0,30.0,0.0,17.742441121119258,35.45093665765898,10.0,30.0,0.0,16.81062681590444,37.60738481601795,12.0,30.0,0.0,17.546058237588548,35.89661899747172,12.0,30.0,0.0,17.388836295385944,0.0,0.0,0.0,17.870547403114686,0.0,0.0,466.00332609385637,467.8794731935514,472.6647632613427,484.3135857755427,502.821675790298,493.3050988192517,491.7102920513978,499.5587917985313,498.386577815434,0.0,80.81017938941474,80.81017938941474,60.0,0.0,60.0,60.0,16.0,16.0,16.0,12.0,12.0,12.0,21.0,10.0,0.0,0.0,0.0,0.0,0.0,0.0,0.0,0.0,0.0,0.0,0.0,0.0,0.0,80.81017938941474,80.81017938941474,0.0,0.0,0.0,80.81017938941474,0.0,0.0,0.0005399999999999999 
 04/19  13:40:00,11.046666666666667,56.33333333333333,5.33,235.66666666666669,108.16666666666666,0.0,0.0,0.0,0.0,0.0,0.0,0.0,0.0,0.0,0.0,225.0,0.0,752.8197519407812,82.06594476327122,210.29161013827466,22.57323221171427,600.8206688418504,0.0,82.06594476327119,112.19036830080516,0.0,0.0,18.023610116194669,83.01580009917689,19.017853362931044,-368.6022695713591,18.155502629788744,20.319009370201458,18.432747253192298,-192.8607438247709,16.297576815619299,19.60693483424211,19.018928966676428,-122.31449206127036,17.433289290620885,96.00652593136693,16.687189048195188,51.79512828674467,17.541596179715925,17.003157757937744,303.285792194436,-14.782556022128575,0.0,0.0,0.0,0.0,0.0,0.0,0.0,0.0,0.0,0.0,0.0,0.0,0.0,0.0,0.0,0.0,0.0,0.0,0.0,0.0,0.0,0.0,0.5107154677054834,0.15589605241315122,177.01705375817469,212.00161347869645,2571.4226672089637,0.05482085106875007,0.00836704076140874,177.0789539230656,211.91839168895525,2639.0817558313399,0.5649944234656816,0.10676387442662167,131.1823362812168,157.11658054635894,1905.34374811831,0.09139620647741206,0.017270636144635686,125.57886086570017,150.41783361953888,1809.0458769902007,0.0,0.0,6.861151318279585,8.268973094002684,74.80237826755679,0.0,0.0,60.72509172926891,72.59049803003779,947.449960226702,0.0,0.0,138.81536451777238,166.51915796643199,1887.3146133857595,0.0,0.0,24.22987904862168,29.157701720148663,285.2372400151725,0.0,0.0,45.49851265576423,54.61208354857137,602.7104107702393,28.946681644507416,19.853691114202623,269.44120218180435,323.36888143444465,3953.099509173455,0.0,0.0,62.86770136200058,75.37299072652036,876.4403192103517,0.0,18.20572634495754,34.49172839371443,22.0,30.0,0.0,18.415819386113197,34.141184784074187,16.0,30.0,0.0,18.19432616051218,34.45457472255741,22.0,30.0,0.0,18.160369010638978,34.68837733546005,16.0,30.0,0.0,16.382425885784508,38.65685643883459,12.0,30.0,0.0,18.754733920422046,33.27050944478947,16.0,30.0,0.0,17.737254293119773,35.481116704771668,10.0,30.0,0.0,16.818557102169195,37.58534924442614,12.0,30.0,0.0,17.560976577640866,35.85932455664165,12.0,30.0,0.0,17.59023197755077,0.0,0.0,0.0,17.898207038890527,0.0,0.0,468.9252461314272,461.340917925421,483.85504376640577,462.1730636507327,499.84502622731028,491.04700422808676,488.3352822460027,496.4843415046136,495.55102008492,0.0,80.81017938941474,80.81017938941474,60.0,0.0,60.0,60.0,16.0,16.0,16.0,12.0,12.0,12.0,21.0,10.0,0.0,0.0,0.0,0.0,0.0,0.0,0.0,0.0,0.0,0.0,0.0,0.0,0.0,80.81017938941474,80.81017938941474,0.0,0.0,0.0,80.81017938941474,0.0,0.0,0.0005399999999999999 
 04/19  13:50:00,11.143333333333335,56.16666666666667,5.280000000000001,233.33333333333335,138.33333333333332,0.0,0.0,0.0,0.0,0.0,0.0,0.0,0.0,0.0,0.0,225.0,0.0,824.7974630002334,82.74718220221544,212.0373659176497,24.73146401068296,658.26547800085,0.0,82.7471822022154,113.12167152769075,0.0,0.0,17.997977790229343,57.28689716995359,19.099654504673745,-269.7978473879566,18.146336482838814,-9.854783637512867,18.493133514957419,-4.156171619134369,16.321654984707643,19.593809462572894,19.08305806329444,-131.00531751920244,17.448283921393963,102.69249212984596,16.69405905010627,52.68024889275455,17.555163305903773,15.561921791000032,207.76626945917634,-18.88196984952492,0.0,0.0,0.0,0.0,0.0,0.0,0.0,0.0,0.0,0.0,0.0,0.0,0.0,0.0,0.0,0.0,0.0,0.0,0.0,0.0,0.0,0.0,0.47315565785783106,0.1444309089920119,143.97961930842423,172.4487383059508,2051.3792960465218,0.06321335597645872,0.009647948103855118,143.32654966192696,171.45740136030629,2136.831196070408,0.5330283698414209,0.10072342589596015,7.384264999115496,8.843855855540073,112.81918414329921,0.10892428987996879,0.020582821216925313,5.736582001803625,6.867393887926613,84.72739775492562,0.0,0.0,6.9634553842894209,8.39107491915195,74.9111461747099,0.0,0.0,61.60371765174348,73.62593000082078,954.2762469766766,0.0,0.0,138.08627150819644,165.6231791372131,1856.4733774655013,0.0,0.0,24.20723033845127,29.12809809369411,280.61570592552536,0.0,0.0,43.081638846179419,51.706102793015727,563.3329061987522,28.75618934078617,19.72303795664347,113.34814740991433,136.15952611156207,1772.8926755629528,0.0,0.0,60.03725996311644,71.96618710950553,829.7336897292395,0.0,18.16143793549198,34.683719265189989,22.0,30.0,0.0,18.517136962861306,33.91222314523622,16.0,30.0,0.0,18.186132696579745,34.49531223136052,22.0,30.0,0.0,18.310170833609509,34.34562554249664,16.0,30.0,0.0,16.40881477030421,38.58936180340349,12.0,30.0,0.0,18.797568800962698,33.198438751217107,16.0,30.0,0.0,17.75995582578696,35.42761865885686,10.0,30.0,0.0,16.827151680714267,37.56169714830229,12.0,30.0,0.0,17.57395355681156,35.831848480172869,12.0,30.0,0.0,17.300017046437316,0.0,0.0,0.0,17.936491024050857,0.0,0.0,462.93265955935228,464.49725582576266,482.81796030746428,465.6095312555596,496.7993602077926,487.8332182655732,486.75718487255656,493.85899627242176,492.7743120429982,0.0,80.81017938941474,80.81017938941474,60.0,0.0,60.0,60.0,16.0,16.0,16.0,12.0,12.0,12.0,21.0,10.0,0.0,0.0,0.0,0.0,0.0,0.0,0.0,0.0,0.0,0.0,0.0,0.0,0.0,80.81017938941474,80.81017938941474,0.0,0.0,0.0,80.81017938941474,0.0,0.0,0.0005433333333333333 
 04/19  14:00:00,11.24,56.0,5.23,231.0,168.5,0.0,0.0,0.0,0.0,0.0,0.0,0.0,0.0,0.0,0.0,450.0,0.0,896.8601373816064,83.36374026199772,213.61737839365029,26.892242507166946,715.7780858306411,0.0,83.36374026199768,113.96455313961073,0.0,0.0,18.011903753252136,85.15239145097121,19.13374861186024,-365.32542477377185,18.145171971524979,3.8845705570922748,18.466500749171609,-131.31432464348257,16.345878618584686,19.61152113299019,19.153735545419815,-135.08209462131618,17.460356863371787,104.81046376290988,16.702110772362013,55.54842008617334,17.568878444986014,19.512610506061493,277.4520247758187,-22.697237098058623,0.0,0.0,0.0,0.0,0.0,0.0,0.0,0.0,0.0,0.0,0.0,0.0,0.0,0.0,0.0,0.0,0.0,0.0,0.0,0.0,0.0,0.0,0.4780422439389109,0.14592254088489349,172.18857237211405,206.59240629685579,2430.8032796160707,0.04948476214000714,0.0075526193742379639,172.44260818420507,206.6910297052273,2526.365791952921,0.5219775158071471,0.09863520706862196,84.82668915313684,101.82203035728768,1200.8404079832888,0.09395513958286842,0.017754183594646333,79.64741139956799,95.59460042562673,1128.2962884387465,0.0,0.0,6.895706134747563,8.32310552721102,73.13692763271595,0.0,0.0,62.82079720457915,75.19893723178345,966.143733008846,0.0,0.0,139.28928668990768,167.34592171378868,1848.8679250165688,0.0,0.0,24.28390698943626,29.27004830554181,277.12139876946119,0.0,0.0,44.306360975281979,53.26567473977368,571.6760707653053,28.66260290938383,19.65884973208768,218.74541585064049,263.0814073478658,3163.202917024536,0.0,0.0,61.48119193075857,73.81103253718575,844.0715223220541,0.0,18.200344293228633,34.64458940950565,22.0,30.0,0.0,18.490446826043745,34.062706234911107,16.0,30.0,0.0,18.196087570433109,34.60695407589152,22.0,30.0,0.0,18.24222254437877,34.59066556847152,16.0,30.0,0.0,16.433021825022949,38.53058271411945,12.0,30.0,0.0,18.84268279245846,33.11578666832505,16.0,30.0,0.0,17.7746991809686,35.42565126660513,10.0,30.0,0.0,16.836951187897087,37.54489003890182,12.0,30.0,0.0,17.58749286160804,35.807592037836759,12.0,30.0,0.0,17.54770813350749,0.0,0.0,0.0,17.991452422694903,0.0,0.0,463.3138243292118,462.7395545071554,467.27572149337939,462.760155239268,494.4895858169758,485.30104202588839,483.19103038596259,491.1694720494378,490.1658601519097,0.0,80.81017938941474,80.81017938941474,60.0,0.0,60.0,60.0,16.0,16.0,16.0,12.0,12.0,12.0,21.0,10.0,0.0,0.0,0.0,0.0,0.0,0.0,0.0,0.0,0.0,0.0,0.0,0.0,0.0,80.81017938941474,80.81017938941474,0.0,0.0,0.0,80.81017938941474,0.0,0.0,0.0005466666666666667 
 04/19  14:10:00,11.403333333333335,55.66666666666667,5.145000000000001,228.66666666666667,198.66666666666669,0.0,0.0,0.0,0.0,0.0,0.0,0.0,0.0,0.0,0.0,225.0,0.0,1033.4426500506984,82.64241085226219,211.76912282430386,30.987613412064396,824.7832503769465,0.0,82.64241085226215,112.97844114909053,0.0,0.0,18.02101546783487,84.7781829729447,19.226935658139348,-372.29866086304448,18.13739475116121,-0.0868022043559904,18.460604305530916,-107.37252680724805,16.386593521028816,19.17912299253581,19.2708029048844,-145.78516263386974,17.47888001048221,104.94355404471662,16.71399337594386,56.34876998734069,17.586951044665548,20.45450973422885,267.5272089938817,-29.47260905694975,0.0,0.0,0.0,0.0,0.0,0.0,0.0,0.0,0.0,0.0,0.0,0.0,0.0,0.0,0.0,0.0,0.0,0.0,0.0,0.0,0.0,0.0,0.4451024778536569,0.13586766723249603,173.09120791157913,207.23685497149459,2394.01320041144,0.04103123377741217,0.006262398317675851,173.56750480682295,207.57315205946973,2505.867171892657,0.5076554086600293,0.0959288376152739,78.41954113467752,93.89971519076316,1083.7715451838104,0.09356553559882854,0.017680562282469483,72.70197950336734,87.03704947222522,1006.9817390253264,0.0,0.0,6.875958654789644,8.28220463920548,71.33006337211292,0.0,0.0,63.46980898200296,75.80828731258433,966.6999700304617,0.0,0.0,140.6167657224561,168.60513617078488,1827.6561433514087,0.0,0.0,24.341043598630038,29.28165004732556,270.54815107746318,0.0,0.0,45.26826960782282,54.314860479307558,571.2059766978881,28.223731145069015,19.35784029154254,213.04530061158872,255.63210553942518,3014.587689122229,0.0,0.0,62.356473139513997,74.70166063814371,844.3056466719133,0.0,18.223430463561596,34.60627764366453,22.0,30.0,0.0,18.547177408950025,33.9855620551749,16.0,30.0,0.0,18.19092863884452,34.68199247880527,22.0,30.0,0.0,18.242437513906198,34.62802477759203,16.0,30.0,0.0,16.482236273516344,38.4167265994267,12.0,30.0,0.0,18.933591755281517,32.94573323955189,16.0,30.0,0.0,17.801228182401095,35.40245546588387,10.0,30.0,0.0,16.853589242783728,37.51895483165973,12.0,30.0,0.0,17.609863626690684,35.77110338516552,12.0,30.0,0.0,17.576059766547766,0.0,0.0,0.0,18.061933768294208,0.0,0.0,466.3398495833195,460.35226957593,465.4030723199401,461.506627133416,490.74261875510475,482.44558799464718,480.3592904585706,487.4547218091904,486.5548778090131,0.0,80.81017938941474,80.81017938941474,60.0,0.0,60.0,60.0,16.0,16.0,16.0,12.0,12.0,12.0,21.0,10.0,0.0,0.0,0.0,0.0,0.0,0.0,0.0,0.0,0.0,0.0,0.0,0.0,0.0,80.81017938941474,80.81017938941474,0.0,0.0,0.0,80.81017938941474,0.0,0.0,0.00055 
 04/19  14:20:00,11.566666666666667,55.333333333333339,5.0600000000000009,226.33333333333335,228.83333333333335,0.0,0.0,0.0,0.0,0.0,0.0,0.0,0.0,0.0,0.0,225.0,0.0,1104.3364446032504,83.28499005042252,213.415799077005,33.11334162383701,881.3629659844244,0.0,83.28499005042248,113.85689562995954,0.0,0.0,18.036555152998646,92.10635275608184,19.30928679412836,-386.43163287465816,18.13130233083571,0.9277457337975648,18.47494965323599,-74.40812542219533,16.423580428446266,19.016825903311714,19.376252428602134,-157.88020635459908,17.50164410612012,110.59211419022086,16.726754741372333,58.99847117633067,17.604645741992984,23.586630243674337,255.97167434951826,-37.278921343266578,0.0,0.0,0.0,0.0,0.0,0.0,0.0,0.0,0.0,0.0,0.0,0.0,0.0,0.0,0.0,0.0,0.0,0.0,0.0,0.0,0.0,0.0,0.4488784661201972,0.13702028880347903,185.9421198002989,222.5702469557302,2521.7929141058909,0.02727916227325533,0.0041634863054419,186.89348450575194,223.44378000462448,2654.525588176416,0.4783360377095323,0.09038851808570153,121.61707859869408,145.6095499820948,1635.391530646139,0.09215652883029735,0.01741431005863517,54.89424225365818,65.70232458306701,746.1263316774167,0.0,0.0,6.8617581552307229,8.262940906394363,69.49490334661691,0.0,0.0,65.19999593419714,77.84368708717888,982.1401493823062,0.0,0.0,142.26636255744237,170.5448221303969,1811.465241855904,0.0,0.0,24.378663341282328,29.321971257762657,263.6650035400336,0.0,0.0,45.841304835743539,54.992499174365487,565.0256153753664,27.785126943265675,19.057014364379755,208.750462481425,250.4312273041287,2887.803967350192,0.0,0.0,62.83342329915344,75.24305814068264,840.2084434754039,0.0,18.256729215228064,34.60025398876681,22.0,30.0,0.0,18.597248512591916,33.95566618129553,16.0,30.0,0.0,18.18829018352785,34.70566485316052,22.0,30.0,0.0,18.276821526352479,34.61639770630772,16.0,30.0,0.0,16.525916598916596,38.32203116989948,12.0,30.0,0.0,19.01686766698486,32.804917149594427,16.0,30.0,0.0,17.8353331214892,35.320684478594149,10.0,30.0,0.0,16.870363060862016,37.490625758668468,12.0,30.0,0.0,17.629869764067803,35.74214794126366,12.0,30.0,0.0,17.59939700931631,0.0,0.0,0.0,18.14481108213759,0.0,0.0,461.220083149199,457.84645588761,464.7239637616395,459.44596384432858,487.9761691218177,479.88074326993498,480.1096968204333,484.9095854520591,484.0281265091186,0.0,80.81017938941474,80.81017938941474,60.0,0.0,60.0,60.0,16.0,16.0,16.0,12.0,12.0,12.0,21.0,10.0,0.0,0.0,0.0,0.0,0.0,0.0,0.0,0.0,0.0,0.0,0.0,0.0,0.0,80.81017938941474,80.81017938941474,0.0,0.0,0.0,80.81017938941474,0.0,0.0,0.0005766666666666666 
 04/19  14:30:00,11.73,55.0,4.975,224.0,259.0,0.0,0.0,0.0,0.0,0.0,0.0,0.0,0.0,0.0,0.0,225.0,0.0,1173.67648520702,83.84785119722666,214.85819446111095,35.1924801930376,936.7026352939208,0.0,83.84785119722662,114.62636949082016,0.0,0.0,18.05707780236095,99.70360651163264,19.394997174769324,-411.09089319875786,18.13304643502185,11.262150126198322,18.470571585449105,-100.08152552299953,16.462598116903707,19.062644099128307,19.487370255517548,-168.7869409744285,17.528231427836404,115.09095858209912,16.742622257980309,62.44568368322484,17.625281559117395,29.072204790128127,259.7537603533365,-46.08057695627531,0.0,0.0,0.0,0.0,0.0,0.0,0.0,0.0,0.0,0.0,0.0,0.0,0.0,0.0,0.0,0.0,0.0,0.0,0.0,0.0,0.0,0.0,0.4290894323650364,0.13097968020910759,192.6169036145207,230.49972783194736,2563.050604278597,0.012031658280199916,0.0018363336813491936,193.89169500850617,231.74556657514294,2708.532083910028,0.47515899605187236,0.08978817007782927,159.58928051639615,191.04192112029947,2094.5662269415358,0.08850804097018232,0.0167248754667767,77.04170697317913,92.20358068411253,1019.279489408534,0.0,0.0,6.859869562528824,8.25845299058784,67.81752838965044,0.0,0.0,66.69653607643868,79.59733895026165,994.3477869956728,0.0,0.0,145.4219919311847,174.28409521833107,1814.7118803169699,0.0,0.0,24.544153718064579,29.51549644470169,258.33943143984467,0.0,0.0,47.874954004819809,57.420728061011669,576.5884364070042,27.376891656043239,18.77701759673748,238.13410302795476,285.57737420275677,3191.9085547262018,0.0,0.0,64.92883318508031,77.71875108380624,858.7502249892499,0.0,18.296639644489724,34.58856809112522,22.0,30.0,0.0,18.6471506742175,33.856201009888348,16.0,30.0,0.0,18.19992730929731,34.746306864947879,22.0,30.0,0.0,18.26533326265539,34.665203257691697,16.0,30.0,0.0,16.5716588622267,38.22074962293358,12.0,30.0,0.0,19.106396417670614,32.62739489008668,16.0,30.0,0.0,17.87469048799237,35.265975791442588,10.0,30.0,0.0,16.891895334609964,37.46342005427161,12.0,30.0,0.0,17.655116991749844,35.701889099889317,12.0,30.0,0.0,17.672555255980794,0.0,0.0,0.0,18.238765890405636,0.0,0.0,458.7665333780336,460.4672781165891,460.8905613897203,460.91917686273038,485.74569817973437,479.04520852927996,477.1100998441711,482.4408810975197,482.00856053125946,0.0,80.81017938941474,80.81017938941474,60.0,0.0,60.0,60.0,16.0,16.0,16.0,12.0,12.0,12.0,21.0,10.0,0.0,0.0,0.0,0.0,0.0,0.0,0.0,0.0,0.0,0.0,0.0,0.0,0.0,80.81017938941474,80.81017938941474,0.0,0.0,0.0,80.81017938941474,0.0,0.0,0.0006033333333333332 
 04/19  14:40:00,11.893333333333335,54.66666666666667,4.890000000000001,215.5,281.16666666666665,0.0,0.0,0.0,0.0,0.0,0.0,0.0,0.0,0.0,0.0,225.0,0.0,1206.6481778817136,82.24345266390651,210.74702052351189,36.18112007218491,963.0169887668749,0.0,82.24345266390647,112.4330350586914,0.0,0.0,18.079330636623618,105.46122530092362,19.47966025383161,-416.0953405547016,18.13383976902484,13.691641821043959,18.483946804837417,-69.72564964939511,16.500218979789304,19.254513857225846,19.589247574159058,-178.8514116761553,17.558396884732706,119.85478539636734,16.76058157068693,66.32185784610147,17.648110875727136,35.84151753026322,245.18282840153825,-55.78743455616814,0.0,0.0,0.0,0.0,0.0,0.0,0.0,0.0,0.0,0.0,0.0,0.0,0.0,0.0,0.0,0.0,0.0,0.0,0.0,0.0,0.0,0.0,0.40243109580301297,0.12284221483608454,195.9193635359104,234.39385546709819,2556.947803491204,0.0,0.0,197.62196047383936,236.12354089476336,2720.8364108879948,0.47429348907277277,0.08962462000619293,155.61890653042247,186.2616345139902,1993.4380127943114,0.09185155229261244,0.017356680327402196,58.12655604541916,69.55028226372264,753.8212342273758,0.0,0.0,6.8661702220058828,8.263865190274239,66.19723052600277,0.0,0.0,68.06688420625042,81.19907442291698,1004.0263906906278,0.0,0.0,148.92351331494494,178.4333298063997,1821.9894912701432,0.0,0.0,24.722459421656457,29.724022374226693,253.24836779465367,0.0,0.0,50.30864725586167,60.32669350316468,592.2100842475433,26.95986016295722,18.490987766088634,222.85740762037848,267.21082471804768,2927.0723832766109,0.0,0.0,67.38469898703515,80.62162513773645,882.1852514920754,0.0,18.336538924395627,34.50973348120693,22.0,30.0,0.0,18.713398996384478,33.743329818192169,16.0,30.0,0.0,18.20831398033191,34.776520617878059,22.0,30.0,0.0,18.298016912073483,34.61468755074085,16.0,30.0,0.0,16.615674440538048,38.12861485155396,12.0,30.0,0.0,19.19433391409971,32.47387621394372,16.0,30.0,0.0,17.91875078205008,35.193086154419237,10.0,30.0,0.0,16.917417890552888,37.41362998667009,12.0,30.0,0.0,17.6853267243906,35.649025107974058,12.0,30.0,0.0,17.68621201387138,0.0,0.0,0.0,18.338590181381883,0.0,0.0,461.1505454961528,459.1366242283034,460.0913679687712,460.245404214931,483.4847631409593,476.68442020335206,475.56699213081466,481.0349403429888,480.2451534370038,0.0,80.81017938941474,80.81017938941474,60.0,0.0,60.0,60.0,16.0,16.0,16.0,12.0,12.0,12.0,21.0,10.0,0.0,0.0,0.0,0.0,0.0,0.0,0.0,0.0,0.0,0.0,0.0,0.0,0.0,80.81017938941474,80.81017938941474,0.0,0.0,0.0,80.81017938941474,0.0,0.0,0.00063 
 04/19  14:50:00,12.056666666666667,54.33333333333333,4.805,207.0,303.3333333333333,0.0,0.0,0.0,0.0,0.0,0.0,0.0,0.0,0.0,0.0,225.0,0.0,1237.0864505510759,80.54067910196994,206.383759115467,37.09379566265973,987.3094366871596,0.0,80.5406791019699,110.10521450416542,0.0,0.0,18.109458852201219,115.57281217569016,19.552817091514755,-446.5976444108319,18.14021329236902,23.403251491764423,18.485776625520346,-83.10916205566173,16.5377699859089,19.48774020775079,19.689275208231757,-187.8821443646475,17.590242184810565,124.039209906211,16.780707750726884,70.38738917207798,17.673524829672254,43.038754841142239,245.0751428509393,-65.33089188264558,0.0,0.0,0.0,0.0,0.0,0.0,0.0,0.0,0.0,0.0,0.0,0.0,0.0,0.0,0.0,0.0,0.0,0.0,0.0,0.0,0.0,0.0,0.3817021118790457,0.11651468616576487,204.11254675884624,244.12338329360154,2617.222789704246,0.0,0.0,206.290922857244,246.4134793756973,2789.659098934747,0.47266266373112478,0.08931645195221559,178.4578352175121,213.5603932210341,2232.350213857039,0.09006182383029563,0.017018485228702874,70.3388069427465,84.15112546783537,889.0760041741323,0.0,0.0,6.8552961781793739,8.248627695901718,64.40145286898246,0.0,0.0,69.32404852240454,82.66477846685999,1011.5143883415656,0.0,0.0,151.89256171712234,181.94191916104954,1821.6553958762739,0.0,0.0,24.905381345551818,29.93760711093008,248.2703814189504,0.0,0.0,52.464748841990587,62.89760772226566,603.7605949715699,26.556227840181813,18.214148038533485,243.90896551153248,292.35747450307346,3111.7871456023347,0.0,0.0,69.62366106783668,83.26225149503428,902.2504664640372,0.0,18.38996979806508,34.42225348969451,22.0,30.0,0.0,18.757040594218706,33.73432571216698,16.0,30.0,0.0,18.2268787349902,34.7500445120286,22.0,30.0,0.0,18.30153037903137,34.685116380601979,16.0,30.0,0.0,16.658822526518585,38.042454060733827,12.0,30.0,0.0,19.281427882962956,32.32126724868093,16.0,30.0,0.0,17.964361172485697,35.10769554333763,10.0,30.0,0.0,16.94625632315582,37.3671389970362,12.0,30.0,0.0,17.71975494940356,35.59373140776299,12.0,30.0,0.0,17.74686585543302,0.0,0.0,0.0,18.439082060041185,0.0,0.0,459.78070412654997,455.97663461839218,461.1668412500864,457.2745985324402,481.35541317815889,475.0061155281204,474.6770321385977,478.9046741926785,478.2032920163692,0.0,80.81017938941474,80.81017938941474,60.0,0.0,60.0,60.0,16.0,16.0,16.0,12.0,12.0,12.0,21.0,10.0,0.0,0.0,0.0,0.0,0.0,0.0,0.0,0.0,0.0,0.0,0.0,0.0,0.0,80.81017938941474,80.81017938941474,0.0,0.0,0.0,80.81017938941474,0.0,0.0,0.0006666666666666668 
 04/19  15:00:00,12.22,54.0,4.72,198.5,325.5,0.0,0.0,0.0,0.0,0.0,0.0,0.0,0.0,0.0,0.0,225.0,0.0,1264.6598244574812,78.73447659471161,201.755459512463,37.92056769760342,1009.3154289814265,0.0,78.73447659471157,107.63599873994453,0.0,0.0,18.13418458455999,117.44558699450863,19.633458915627516,-447.93500278025388,18.148713711236238,30.42680864543763,18.496399979140415,-66.13282657982336,16.575606120514764,19.827400124854678,19.787531735526828,-196.73063684293084,17.625226799442289,128.82141276999119,16.80263922746179,74.43874276717532,17.70071482482426,49.895341690890749,233.51767342097447,-74.29389904835216,0.0,0.0,0.0,0.0,0.0,0.0,0.0,0.0,0.0,0.0,0.0,0.0,0.0,0.0,0.0,0.0,0.0,0.0,0.0,0.0,0.0,0.0,0.3517368263514351,0.10736777361154919,203.99804936691238,243.92357263320839,2563.2522267616138,0.0,0.0,206.35872550486139,246.4122356493081,2748.2495525263595,0.4727868028628091,0.08933990983802141,181.8972566195162,217.6351839395195,2222.3829201934356,0.09200960291364309,0.0173865462799779,60.27504484528791,72.09672633967876,745.0154283492877,0.0,0.0,6.874672563028375,8.269802410212688,62.88068300787757,0.0,0.0,70.44101899268229,83.96259724973568,1016.4104996931468,0.0,0.0,154.58294269668932,185.11217871577137,1817.8019714012772,0.0,0.0,25.097817596307256,30.16225392974294,243.4115732073493,0.0,0.0,54.143899634014747,64.89505273558206,609.1095615284802,26.14665991170371,17.933237250825596,233.9236088233101,280.33337004476786,2918.1341940698637,0.0,0.0,71.33618573245474,85.27183610714188,914.716910560166,0.0,18.42849369212387,34.42090584368796,22.0,30.0,0.0,18.820840960072695,33.63163019547778,16.0,30.0,0.0,18.247807202486127,34.74753491393029,22.0,30.0,0.0,18.326298438314216,34.66410373709874,16.0,30.0,0.0,16.701392726836607,37.958576506071739,12.0,30.0,0.0,19.36724537420271,32.168581597354847,16.0,30.0,0.0,18.013786170331369,35.02212266397562,10.0,30.0,0.0,16.977584821188964,37.31849059459553,12.0,30.0,0.0,17.75689749483922,35.533207698319959,12.0,30.0,0.0,17.770569417235458,0.0,0.0,0.0,18.537727000989688,0.0,0.0,456.7183912002565,456.4694623346013,459.3375755687464,457.40944777968368,479.5001497943467,473.81569910003716,472.9839814274031,476.9846379756293,476.48444824791667,0.0,80.81017938941474,80.81017938941474,60.0,0.0,60.0,60.0,16.0,16.0,16.0,12.0,12.0,12.0,21.0,10.0,0.0,0.0,0.0,0.0,0.0,0.0,0.0,0.0,0.0,0.0,0.0,0.0,0.0,80.81017938941474,80.81017938941474,0.0,0.0,0.0,80.81017938941474,0.0,0.0,0.0007033333333333333 
 04/19  15:10:00,12.251666666666667,53.83333333333333,4.76,190.0,347.6666666666667,0.0,0.0,0.0,0.0,0.0,0.0,0.0,0.0,0.0,0.0,2260.0,0.0,1289.0385825070294,76.8202046189921,196.8502303121605,38.65154973629029,1028.7718215795179,0.0,76.82020461899205,105.01904381907703,0.0,0.0,19.294444782270504,-695.4615527432353,19.905521924290015,368.097698380324,19.647130043753387,-2062.5390300926399,18.814109858160245,910.2746998079886,16.608006007288738,27.004659197925617,19.868604058608356,-179.03109834745795,17.732336304821819,270.04262755416667,16.822584229201359,88.98857678145984,17.728850176060754,94.35555772692466,467.26068679429218,-75.02862819496892,0.0,0.0,0.0,0.0,0.0,0.0,0.0,0.0,0.0,0.0,0.0,0.0,0.0,0.0,0.0,0.0,0.0,0.0,0.0,0.0,0.0,0.0,0.4284894186473473,0.1307965258386286,334.0605090633255,397.9515451137273,5411.525191554539,0.16534033264537768,0.025235093505094277,278.77951250555739,333.1787193335879,3987.272045596492,0.2595424199067226,0.0490442970345281,482.29257817976608,573.8008318825371,8150.989373511956,0.20668724802892658,0.03905654724658476,353.5364141340673,422.9409569460331,4860.326240081852,0.0,0.0,8.47068288843116,10.21929553724278,77.43620629003458,0.0,0.0,68.60640166628684,82.02347361151877,992.8766328006036,0.0,0.0,188.91586010600708,226.74008246104678,2284.896567337857,0.0,0.0,27.228644935836717,32.82041522765121,263.7581183652074,0.0,0.0,73.02932682133464,87.76481640027322,822.8400564300528,27.341139690403965,18.752496358301764,624.0965505533225,747.6018377769608,8421.78468340067,0.0,0.0,91.39170619411405,109.52359233646163,1182.4735099384416,1968.4513635743384,20.16303786798539,31.011805679615507,21.999999999999998,30.0,0.0,19.27300841929445,32.73625942330663,15.999999999999999,30.0,4354.922432865532,20.474724724950354,30.43600856386893,21.999999999999998,30.0,0.0,18.96593167319625,33.37562582708523,15.999999999999999,30.0,0.0,16.732136697497539,37.91268488726976,12.0,30.0,0.0,19.426327390993899,32.098915491886547,15.999999999999999,30.0,0.0,18.206063967365819,34.71346210826386,10.0,30.0,0.0,17.005673244787979,37.28491151504841,12.0,30.0,0.0,17.796476952849006,35.489262463999477,15.999999999999999,30.0,0.0,18.559411839401809,0.0,0.0,0.0,18.629034914430386,0.0,0.0,456.2643027192408,456.61399706757609,455.93536703108017,456.57100104423275,477.79206833677469,471.4178543892634,468.5638141151002,475.25789455517829,474.19129825513979,10479.542457574882,81.07554784440062,85.30194788515738,60.0,0.0,60.0,60.0,16.0,16.0,16.0,16.0,12.0,12.0,21.0,10.0,1.0,0.0,1968.4513635743384,0.0,4354.922432865532,0.0,0.0,0.0,0.0,0.0,6396.072735508018,3837643.6413048107,4998110.783398063,81.07554784440062,85.37372618853469,0.34920242451693397,0.7673174164115875,0.3602813740196596,85.37372618853469,0.3542647819438876,4998110.783398063,0.26064176073669928 
 04/19  15:20:00,12.283333333333335,53.66666666666667,4.800000000000001,181.5,369.83333333333339,0.0,0.0,0.0,0.0,0.0,0.0,0.0,0.0,0.0,0.0,678.0,0.0,1377.5855543383432,75.7428064519307,194.0894352119184,41.30658071744956,1099.4401412043574,0.0,75.74280645193068,103.54615884202714,0.0,0.0,20.076558380965517,-1181.461362522397,20.59544411083006,354.0090865618621,20.489897115585387,-3081.0622187446858,19.601990973790046,721.4834730847593,16.66773578087759,31.529796646531574,20.022689323677548,-158.9660579547004,17.98630312342251,261.30799883046157,16.865112725585747,98.67369109479376,17.80004640796219,129.16702078466046,581.0362203987289,-68.6715518605815,0.0,0.0,0.0,0.0,0.0,0.0,0.0,0.0,0.0,0.0,0.0,0.0,0.0,0.0,0.0,0.0,0.0,0.0,0.0,0.0,0.0,0.0,0.5485947143912466,0.16745870402663202,391.2503452843564,464.148215839543,7128.8798058043689,0.22109656824488567,0.03374489747327314,328.80518884854276,391.4693299354045,5314.265864109566,0.30753664468037819,0.058113500506496249,544.7190691848325,645.5143038614472,10296.12280506278,0.22940741504849652,0.043349851672051468,392.59700080199959,467.620939492875,6278.506953402002,0.0,0.0,9.11120378510809,10.980526933038302,84.0044209413405,0.0,0.0,65.28549393829087,77.94205529004768,960.4802109379501,0.0,0.0,214.8322363737186,257.2908611005855,2747.50111703239,0.0,0.0,29.73422300002567,35.7997911001903,290.01578992155768,0.0,0.0,93.73941473335342,112.52013019839476,1070.7766425459129,28.14121126565169,19.301242294685659,715.7585010396088,854.9809678905604,10624.746441049681,0.0,0.0,114.68825243820706,137.2628187499859,1507.4555186134772,1817.4367219755532,21.376964551228597,28.7749920883429,21.999999999999994,29.99999999999999,0.0,20.324325837286655,30.68555420634873,15.999999999999993,29.99999999999999,3938.9012048506567,21.758410699486974,28.125586686585558,21.999999999999994,29.99999999999999,0.0,20.254328035683835,30.8321566631145,15.999999999999993,29.99999999999999,0.0,16.80395841987353,37.81344227339449,11.999999999999995,29.99999999999999,0.0,19.5814116408558,31.859380341442603,15.999999999999993,29.99999999999999,0.0,18.59537738841112,33.9326362359099,9.999999999999997,29.99999999999999,0.0,17.070802610356897,37.21802016163583,11.999999999999995,29.99999999999999,0.0,17.90694398334904,35.33389511316162,15.999999999999993,29.99999999999999,0.0,19.384946507152085,0.0,0.0,0.0,18.764097889411305,0.0,0.0,456.0048295033299,456.4712100945981,455.3631388207833,455.93998737400298,474.08321069589376,468.3626266709841,466.266869747299,471.4349871731021,470.13553540006486,12468.578148619037,79.75963992234395,87.86238843104323,59.99999999999998,0.0,59.99999999999998,59.99999999999998,16.0,16.0,16.0,16.0,12.0,12.0,21.0,10.0,1.0,0.0,1817.4367219755532,0.0,3938.9012048506567,0.0,0.0,0.0,0.0,0.0,12260.35659209463,7356213.955256781,9587883.6754179,79.75963992234395,87.99999999999997,0.408678553069821,0.7672660765507149,0.36028137401965945,87.99999999999997,0.35426478194388735,9587883.6754179,0.4993399511217308 
 04/19  15:30:00,12.315000000000002,53.5,4.84,173.0,392.0,0.0,0.0,0.0,0.0,0.0,0.0,0.0,0.0,0.0,0.0,452.0,0.0,1393.478249306197,73.69522811465935,188.84259976680029,41.78311025232192,1112.1238751727743,0.0,73.69522811465932,100.74696401832927,0.0,0.0,20.277436308700346,-1411.9816305748837,21.10893857204362,265.5109784887127,19.87130550693827,-334.9013125567235,19.873733314884498,214.85964509406223,16.729160679535047,35.27328775697899,20.183724748761575,-140.64866023409219,18.176623110511046,266.68947953989575,16.917589876847317,111.91123027326103,17.88472388797566,155.42699038261709,667.8820133725512,-48.07447881990038,0.0,0.0,0.0,0.0,0.0,0.0,0.0,0.0,0.0,0.0,0.0,0.0,0.0,0.0,0.0,0.0,0.0,0.0,0.0,0.0,0.0,0.0,0.5964280086198895,0.182059831691053,500.3085173854936,592.9147163644851,9103.7207458008,0.1861836999194253,0.028416315616517908,283.7740419367634,336.96794676623485,4952.137399916903,0.6985169413397936,0.13199488687448863,521.9403369406838,620.4651350617204,8712.052478443475,0.2038354380478481,0.03851765647162661,289.37069712709066,344.14651697098295,4842.2754642607819,0.0,0.0,9.359069642258284,11.269285502013926,87.09123994481219,0.0,0.0,61.95454895682731,73.865414113966,930.6482495404418,0.0,0.0,234.2888470935323,280.1541350063529,3111.6905375709245,0.0,0.0,33.067313981652237,39.775263116442989,325.6764915602108,0.0,0.0,110.02461361928235,131.94441697980768,1277.2596488276916,28.34962392733187,19.444186507086337,721.0611966212911,859.1285230264497,11456.459514449292,0.0,0.0,134.3645669970664,160.65280027308848,1793.4491552446457,1809.281821194343,21.483734718124177,28.61368447408674,22.0,30.0,0.0,21.050923447322746,29.351066287305004,16.0,30.0,349.99798735408288,20.64940308648661,30.11162525387674,21.0,30.0,0.0,20.572547517881796,30.251732663415159,16.0,30.0,0.0,16.87932945284631,37.69931788027342,12.0,30.0,0.0,19.770844181721537,31.528930084911538,16.0,30.0,0.0,18.881879277845817,33.371311726013008,10.0,30.0,0.0,17.150411856694416,37.108978217479819,12.0,30.0,0.0,18.03602468202987,35.11229778840824,16.0,30.0,0.0,19.934224798204018,0.0,0.0,0.0,18.90256061340298,0.0,0.0,455.5275787276464,456.2869179827501,455.5995656348947,455.6198811557929,471.00411591734646,466.45417863821629,464.53562339914449,468.27270388584977,467.4432180782907,9051.11515534958,82.02021349751023,82.02021349751023,60.0,0.0,60.0,60.0,16.0,16.0,16.0,16.0,12.0,12.0,21.0,10.0,1.0,0.0,1809.281821194343,0.0,349.99798735408288,0.0,0.0,0.0,0.0,0.0,0.0,0.0,0.0,82.02021349751023,82.02021349751023,0.34,0.7671594479787783,0.36028137401965956,82.02021349751023,0.3542647819438875,0.0,0.0007999999999999999 
 04/19  15:40:00,12.346666666666668,53.33333333333333,4.88,171.66666666666669,348.33333333333339,0.0,0.0,0.0,0.0,0.0,0.0,0.0,0.0,0.0,0.0,904.0,0.0,1212.5974356989537,70.31181323126282,180.17256380593939,36.35946125821809,967.7645444216221,0.0,70.31181323126278,96.12157935995917,0.0,0.0,20.436124687629428,-812.7694842704136,21.286797610790168,138.11032420341463,20.631342299603959,-1058.7899278719975,19.9298120200189,588.0920350671149,16.768908783882595,37.87736463287226,20.25173625617202,-125.45406665086277,18.267374977013647,248.81234358139415,16.96830665314443,121.10686913899854,17.961503900294674,181.8807870892909,685.1890575465984,-21.077681240825098,0.0,0.0,0.0,0.0,0.0,0.0,0.0,0.0,0.0,0.0,0.0,0.0,0.0,0.0,0.0,0.0,0.0,0.0,0.0,0.0,0.0,0.0,0.6957567266436033,0.2123799531879132,375.7634048501006,445.6871657322715,6878.432575909682,0.15816795824889808,0.024140408768146845,178.7764878829197,212.10100214127358,3203.279234242766,0.6407498186877727,0.12107895288884604,382.8293487393945,453.78299406601436,7216.964639621727,0.23087696714453999,0.043627544811893428,293.20019715393456,348.62343445728228,4928.191119451558,0.0,0.0,9.205652819529112,11.09165320459517,85.89924802841242,0.0,0.0,60.31382936975871,71.9331821580626,917.5137049470161,0.0,0.0,238.7014003356287,285.58441225149297,3200.308931303483,0.0,0.0,33.7825700421475,40.66293169006408,335.1912870629968,0.0,0.0,117.06177938080347,140.46112522321273,1376.0446037834607,28.351494221583985,19.445469287780527,525.6032763984829,626.2723853839922,8670.569652937704,0.0,0.0,142.24000736415938,170.15442911108927,1923.8976212620806,1259.4285284784467,21.572858058113469,28.47662971573134,21.750000000000008,30.00000000000001,0.0,21.28005428582532,28.956656904729479,16.000000000000008,30.00000000000001,1765.8378124713009,21.71294910856063,28.250712655472769,21.500000000000008,30.00000000000001,0.0,20.648647880744539,30.131941268799456,16.000000000000008,30.00000000000001,0.0,16.924991090862876,37.64145238585824,12.000000000000004,30.00000000000001,0.0,19.901109586542618,31.317405005623319,19.000000000000008,30.00000000000001,0.0,18.980845150104174,33.213317970462238,10.000000000000004,30.00000000000001,0.0,17.22134478990923,37.00186919217853,16.000000000000008,30.00000000000001,0.0,18.144702142021175,34.930181182188558,16.000000000000008,30.00000000000001,0.0,20.14186092558959,0.0,0.0,0.0,19.02821664335395,0.0,0.0,455.36926228147225,456.06898886653587,454.82388176023655,455.2715814223674,468.8033289243833,464.6142407713213,462.71171243550699,466.0080662476419,465.18512417808457,7263.324635832901,82.07430377816169,85.52753331017348,60.00000000000002,0.0,60.00000000000002,60.00000000000002,16.0,16.0,19.0,16.0,16.0,12.0,21.0,10.0,1.0,0.0,1259.4285284784467,0.0,1765.8378124713009,0.0,0.0,0.0,0.0,0.0,5226.090985585033,3135654.5913510175,4114090.5437427435,82.07430377816169,85.58618061156234,0.25920303285283449,0.5714959771603768,0.27021103051474479,85.58618061156234,0.2656985864579158,4114090.5437427435,0.21476270827462269 
 04/19  15:50:00,12.378333333333334,53.16666666666667,4.92,170.33333333333332,304.6666666666667,0.0,0.0,0.0,0.0,0.0,0.0,0.0,0.0,0.0,0.0,454.0,0.0,1100.2563248652828,68.05537061158199,174.390342404322,32.99094085469311,878.1060086317068,0.0,68.05537061158197,93.03685122721338,0.0,0.0,20.35260179139223,-286.63820970419058,21.310125863714306,-207.48190363560344,20.44394208374588,-479.55785924345266,20.04143562322428,210.17152367906329,16.80675077910614,36.4443201343058,20.305424761607847,-126.48792561374353,18.29451755965802,176.89128832588086,17.02086150196547,119.65648874047634,18.03893382048223,168.76632025598384,604.3283208750709,-19.447257585802619,0.0,0.0,0.0,0.0,0.0,0.0,0.0,0.0,0.0,0.0,0.0,0.0,0.0,0.0,0.0,0.0,0.0,0.0,0.0,0.0,0.0,0.0,0.6945469337058498,0.21201066352437418,237.02881823989848,280.8952516700588,4319.018357570979,0.10841248207511142,0.016546471623185505,198.6263289593873,235.5150918699759,3519.406587258681,0.6936760513691905,0.13108013064421596,270.2984955861119,320.9683349420609,4750.432954087459,0.18875492982907525,0.035667976158177478,190.1733934727053,226.16895817257825,3225.317091795328,0.0,0.0,8.738940321029013,10.518911321348643,81.67738264883937,0.0,0.0,59.80347602026966,71.23115496877483,918.6615621311044,0.0,0.0,231.41697211687626,276.63288522629588,3081.0388035269818,0.0,0.0,33.5012321925069,40.27645741580507,335.0454837427318,0.0,0.0,114.93907506974051,137.7349822082646,1367.6213240171779,27.81218039326709,19.075569542707205,365.60862085854139,435.6852580077409,6033.3170827833569,0.0,0.0,140.08351096689297,167.37985847228013,1903.5963875520484,956.8864268768668,21.455147318321573,28.69000839125046,21.5,30.0,0.0,21.258487990674469,29.042284665905556,16.0,30.0,1408.769284041235,21.41984089527623,28.783152847274189,21.5,30.0,0.0,20.72029003616599,30.00874332606503,16.0,30.0,0.0,16.965052629025938,37.60549183591512,12.0,30.0,0.0,20.00978194759417,31.147895366666697,19.0,30.0,0.0,18.964412587445648,33.27035529059694,10.0,30.0,0.0,17.29315707504191,36.88906490385442,16.0,30.0,0.0,18.24948780940664,34.74441021281091,16.0,30.0,0.0,19.955375403944595,0.0,0.0,0.0,19.09250239488316,0.0,0.0,455.5887475082213,454.74877867435125,454.61505610383298,455.0983641532637,466.4116796265199,462.9164861157391,461.87426209080436,463.99541677872767,463.52164189622547,7921.992061856901,82.76661643196019,82.76661643196019,60.0,0.0,60.0,60.0,16.0,16.0,19.0,16.0,16.0,12.0,21.0,10.0,1.0,0.0,956.8864268768668,0.0,1408.769284041235,0.0,0.0,0.0,0.0,0.0,0.0,0.0,0.0,82.76661643196019,82.76661643196019,0.34,0.77188694318581,0.36028137401965956,82.76661643196019,0.3542647819438875,0.0,0.00087 
 04/19  16:00:00,12.41,53.0,4.96,169.0,261.0,0.0,0.0,0.0,0.0,0.0,0.0,0.0,0.0,0.0,0.0,454.0,0.0,990.6584112382363,65.88350372173119,168.82485378399239,29.704675565422357,790.6368075996642,0.0,65.88350372173116,90.06774452923337,0.0,0.0,20.238115721348135,-185.8574521906071,21.25939459147048,48.17683226794202,20.17923312122242,-277.8013297842199,20.05562426904547,340.9178253624177,16.83687053578854,38.75171103161327,20.32493611270891,-124.45110919623972,18.34480429479271,243.55302752878925,17.06425151355384,122.61538954893422,18.097345585492545,167.0547882029723,644.6078067946,1.03232895581732,0.0,0.0,0.0,0.0,0.0,0.0,0.0,0.0,0.0,0.0,0.0,0.0,0.0,0.0,0.0,0.0,0.0,0.0,0.0,0.0,0.0,0.0,0.7355993899168899,0.22454193831406897,253.43592713095917,300.51033091372207,4441.710932320412,0.14504637150118156,0.02213772458809242,106.1248724109702,125.9064715941926,1869.918287184102,0.716568974339302,0.13540607980712439,311.6665864032052,370.24901554785836,5354.027905499946,0.1892436300096561,0.03576032313107635,206.94057307767049,245.99828270720284,3472.0422193413867,0.0,0.0,8.991624957153129,10.82023430605976,83.9543196268122,0.0,0.0,59.759094528351599,71.14885851379683,921.420300289921,0.0,0.0,233.14119487215283,278.623948569797,3114.0699850363614,0.0,0.0,34.000322072818978,40.866307016702268,341.5182317520435,0.0,0.0,114.12022202543523,136.72976856789234,1366.9638547967207,27.712427984979116,19.0071522530721,339.9247781427781,404.71502936800928,5740.229848405763,0.0,0.0,139.55730714415018,166.7312447697233,1901.7833943152226,276.2864004446534,21.212912176108259,29.194253039142518,21.0,30.0,0.0,21.211685360886209,29.206912366774458,16.0,30.0,245.96053408600768,20.978518825234845,29.612896563260656,21.0,30.0,0.0,20.72719232815632,30.09053009559124,16.0,30.0,0.0,16.992400913740693,37.595252631921429,12.0,30.0,0.0,20.071981787637847,31.08227896686329,19.0,30.0,0.0,19.021952987529418,33.240047002737217,10.0,30.0,0.0,17.34759847823245,36.81954986275148,16.0,30.0,0.0,18.323016894044409,34.64379176504255,16.0,30.0,0.0,20.155324981996765,0.0,0.0,0.0,19.14122462282485,0.0,0.0,453.0061855217848,452.5796350310015,452.9561528064805,452.48604681851216,464.4095324704346,460.8951380442829,459.05473919444418,462.0517520299936,461.438043278729,6037.647070155576,84.01221175601745,84.01221175601745,60.0,0.0,60.0,60.0,16.0,16.0,19.0,16.0,16.0,12.0,21.0,10.0,1.0,0.0,276.2864004446534,0.0,245.96053408600768,0.0,0.0,0.0,0.0,0.0,0.0,0.0,0.0,84.01221175601745,84.01221175601745,0.34,0.7647631359046976,0.36028137401965956,84.01221175601745,0.3542647819438875,0.0,0.0009099999999999999 
 04/19  16:10:00,12.316666666666667,53.66666666666667,5.023333333333333,167.66666666666669,217.33333333333332,0.0,0.0,0.0,2.0,0.0,0.0,0.0,0.0,0.0,4.0,908.0,0.0,884.5801287629843,63.79672318724616,163.4774070504023,26.523946449535516,705.9766056913737,0.0,63.79672318724613,87.21495732983948,0.0,0.0,20.686599351782936,-920.4506092874569,21.30749263428455,139.1077307756044,20.91209694154582,-1253.1629534288803,20.160081158848344,573.2783529156848,16.862045558997406,39.044749288257097,20.42568806934782,-41.02479132568193,18.371117857807449,205.5542788209732,17.097411844089835,115.10678773789982,18.129723494353308,138.05114556582658,639.4173286474072,-13.857384697664429,0.0,0.0,0.0,0.0,0.0,0.0,0.0,0.0,0.0,0.0,0.0,0.0,0.0,0.0,0.0,0.0,0.0,0.0,0.0,0.0,0.0,0.0,0.7660739709752882,0.23384431348452018,233.05206984683427,275.7981237125507,4481.18365094556,0.17643629032376696,0.026928615739280676,167.5365701868079,198.6075465318125,3026.6234920859717,0.5770208334255746,0.10903643866696428,303.7811382996585,359.6211276327535,5844.216707089317,0.22460111699271949,0.04244163208479203,308.6746004307924,366.694275958627,5325.025201731325,0.0,0.0,9.501416367457156,11.442148479343011,90.85904214113546,0.0,0.0,12.667685798266979,15.08158400073491,202.593093038132,0.0,0.0,174.9404555507146,209.2337190291559,2369.118438761145,0.0,0.0,32.98200567556202,39.67149345949333,339.6559705800789,0.0,0.0,102.95082362770593,123.42195613764572,1257.3240470030624,27.86880015286855,19.11440339702919,469.406668331281,558.7437230198362,7920.85416278392,0.0,0.0,126.8630188828331,151.69900563214393,1739.6228676313509,1724.4198972144555,21.88842306388796,28.18327752306726,22.0,30.0,0.0,21.314330555200266,29.075909699323217,16.0,30.0,1068.424703875485,21.993760600415685,28.61387489226216,21.5,30.0,0.0,20.879010033387574,30.314705586464279,16.0,30.0,0.0,17.011172161028889,37.61033382840182,12.0,30.0,0.0,20.26481836801994,32.24723555727581,19.0,30.0,0.0,19.020031427506856,33.31751109322105,10.0,30.0,0.0,17.38072977671469,36.80279387013007,16.0,30.0,0.0,18.346310837426864,34.65527526957146,16.0,30.0,0.0,20.11691282576025,0.0,0.0,0.0,19.093464483043996,0.0,0.0,458.4825036263558,453.8677885483089,493.4991699265365,477.62630319119617,462.569592017579,552.3513974854585,457.3410085463547,460.53851712436707,459.91272413397516,9158.250370816077,81.94924238649348,83.69164458868755,1744.0,0.0,1744.0,1744.0,16.0,16.0,19.0,16.0,16.0,12.0,21.0,10.0,1.0,0.0,1724.4198972144555,0.0,1068.424703875485,0.0,0.0,0.0,0.0,0.0,2636.9147640668877,1582148.8584401326,2073569.0343846747,81.94924238649348,83.72123636245917,0.3428971588022296,0.7668679208848943,0.36028137401965956,83.72123636245917,0.3542647819438875,2073569.0343846747,0.13543892312133644 
 04/19  16:20:00,12.223333333333335,54.333333333333339,5.086666666666667,166.33333333333332,173.66666666666667,0.0,0.0,0.0,2.0,0.0,0.0,0.0,0.0,0.0,4.0,909.0,0.0,732.2570586258795,60.806053139444099,155.81380777493593,21.956593696916188,584.4089731655212,0.0,60.80605313944406,83.12648463758009,0.0,0.0,20.48592559754014,-197.59229228502864,21.248637461070666,-201.78520489158746,20.80838487145135,-795.8467572623695,20.288671784638447,352.53079639723276,16.879773356418654,33.71238476693861,20.53626964689588,-30.512336604263497,18.35066356455213,118.61882923608005,17.122176759428969,107.25819345279717,18.153276870320114,124.09710642368487,643.7444668246126,-4.79212386825543,0.0,0.0,0.0,0.0,0.0,0.0,0.0,0.0,0.0,0.0,0.0,0.0,0.0,0.0,0.0,0.0,0.0,0.0,0.0,0.0,0.0,0.0,0.9180139031540342,0.2802240241617931,202.16079039525756,239.92420753406049,3707.2662686366495,0.1559349567686973,0.023799596576419007,168.0933837886708,199.58747016667417,3031.1529951510208,0.469337335669445,0.08868808308190574,276.58179330111656,327.6914262041416,5252.371083125245,0.176280617389663,0.03331077426108521,273.6235687013932,324.990486487026,4811.6925031016949,0.0,0.0,8.283293924148929,9.975566007233308,80.93135372895356,0.0,0.0,10.41829503341423,12.39307972888923,173.0935675254442,0.0,0.0,160.93405304427973,192.56019442103344,2177.4049700769789,0.0,0.0,31.539246797649477,37.93355679646858,332.02490836462848,0.0,0.0,98.18491129003326,117.71300157972583,1220.4951479254106,27.762084953198508,19.041210530314485,415.6810897691546,495.0615814126034,7145.162043192813,0.0,0.0,121.6323142592295,145.46367660268019,1685.698209747497,491.3607108118033,21.352382415493936,29.562833273713868,21.25,30.0,0.0,21.227629775358169,29.773054740755378,16.0,30.0,0.0,21.721980723788069,29.74834990321723,21.0,30.0,0.0,21.006682227313655,30.864233677068016,16.0,30.0,0.0,17.020886888338806,37.727013509473,12.0,30.0,0.0,20.49588299420051,33.793956960528998,19.0,30.0,0.0,18.91678866966997,33.85033843493769,10.0,30.0,0.0,17.401155578857574,36.96897923483474,16.0,30.0,0.0,18.361345636936635,34.86542434077753,16.0,30.0,0.0,20.26099390454593,0.0,0.0,0.0,19.07099913304295,0.0,0.0,480.1182522511417,477.0016908872967,521.4072787406522,511.06282260858048,462.9059612487299,669.9956380814281,466.67923753893299,462.9932004095738,463.72245456230987,3997.985529719127,82.3430891922098,82.3430891922098,1744.0,0.0,1744.0,1744.0,16.0,16.0,19.0,16.0,16.0,12.0,21.0,10.0,1.0,0.0,491.3607108118033,0.0,0.0,0.0,0.0,0.0,0.0,0.0,0.0,0.0,0.0,82.3430891922098,82.3430891922098,0.17,0.3473005708209608,0.18014068700982978,82.3430891922098,0.17713239097194376,0.0,0.03071377777777778 
 04/19  16:30:00,12.129999999999999,55.0,5.15,165.0,130.0,0.0,0.0,0.0,2.0,0.0,0.0,0.0,0.0,0.0,4.0,228.0,0.0,638.295801612112,58.644691273832567,150.27527811222817,19.139191240740176,509.4192787708891,0.0,58.644691273832538,80.17173910417101,0.0,0.0,20.887793996373885,-1180.3800195641234,21.250663002358765,175.01647805619178,20.80798529096871,-799.3195996771046,20.28791959611038,325.400567218845,16.897688451414628,37.541293708199479,20.613810150483745,-57.04718394392751,18.43360430791929,235.083305932445,17.144800592958263,105.29200172252377,18.157783789949919,100.58193559423353,677.5354187799567,-14.715688889094054,0.0,0.0,0.0,0.0,0.0,0.0,0.0,0.0,0.0,0.0,0.0,0.0,0.0,0.0,0.0,0.0,0.0,0.0,0.0,0.0,0.0,0.0,0.8011856473739865,0.2445621634230728,299.3937307992167,353.3249151832239,5938.575432632654,0.2005643699630244,0.03061116757677418,233.39422903156518,276.1231651427236,4302.607404690007,0.6864119659274792,0.12970747655470134,262.86224031168157,310.5932455628135,4999.411117139329,0.20571271091887476,0.03887239435352885,267.24942747819235,316.5176454820156,4724.360278617005,0.0,0.0,9.865544632612793,11.847200558756889,98.48550737454711,0.0,0.0,13.550539033195733,16.051994740929087,232.152410547676,0.0,0.0,158.45875913964574,188.94172704231804,2222.9590841818578,0.0,0.0,31.916694660812014,38.274595736077049,343.3393578553439,0.0,0.0,85.95657469377375,102.75230548448779,1082.0993202883506,27.949816412532578,19.169970104617688,495.7844189689877,588.4056684000578,8652.209098682119,0.0,0.0,108.55387645845627,129.4759362514209,1506.8402307660113,1654.2955068718655,22.048814435969804,28.784997368770055,22.0,30.0,0.0,21.3430877232559,29.676633702997607,16.0,30.0,0.0,21.627269113670939,30.322634620849944,21.0,30.0,0.0,20.953294453456633,31.386659568590369,16.0,30.0,0.0,17.030594968675428,37.93828887277072,12.0,30.0,0.0,20.65981979144009,35.191812435636567,19.0,30.0,0.0,19.074042240662654,33.733135103873,10.0,30.0,0.0,17.41958006835158,37.24931261289401,16.0,30.0,0.0,18.343597606497544,35.158590456316058,16.0,30.0,0.0,20.37537107688346,0.0,0.0,0.0,18.98540866347228,0.0,0.0,498.58783766636796,483.84131396438547,541.4181810132479,530.0893709813272,466.4740955760142,765.6490012244158,472.82250951959528,472.21339923371138,472.12182321716969,10810.101093014737,80.85692032892773,87.88071268834665,1744.0,0.0,1744.0,1744.0,16.0,16.0,19.0,16.0,16.0,12.0,21.0,10.0,1.0,0.0,1654.2955068718655,0.0,0.0,0.0,0.0,0.0,0.0,0.0,10629.575611364447,6377745.366818668,8294681.728593731,80.85692032892773,88.0,0.3543191870454816,0.7688957304815048,0.36028137401965956,88.0,0.3542647819438875,8294681.728593731,0.46513767210909637 
 04/19  16:40:00,12.036666666666667,55.66666666666667,5.213333333333333,149.33333333333335,165.0,0.0,0.0,0.0,2.0,0.0,0.0,0.0,0.0,0.0,4.0,228.0,0.0,656.1513890974244,54.61782281457286,139.95661061780644,19.674575252562656,523.6695556501823,0.0,54.61782281457283,74.6667046243214,0.0,0.0,20.97383292237954,-1163.9930677686262,21.38512911572773,215.55285971293416,20.90893780443028,-738.2340307915565,20.29069623131893,312.4426040337712,16.929983108676525,40.93842326831572,20.675759430116558,-58.062745746774229,18.52323973987508,221.66008325581789,17.168224279547827,105.85472803694757,18.181564777842917,124.0952367065247,691.6652682730382,35.867935380411839,0.0,0.0,0.0,0.0,0.0,0.0,0.0,0.0,0.0,0.0,0.0,0.0,0.0,0.0,0.0,0.0,0.0,0.0,0.0,0.0,0.0,0.0,0.7176078485654899,0.21905001482463064,326.1670374675628,384.90922124997436,6524.157053444619,0.19462183075494986,0.029704186623160848,251.52997927312499,297.32346031785479,4787.139200867803,0.848424538657253,0.1603220972519375,258.5197203655998,305.3302152799645,5025.125387110673,0.2325944253425499,0.04395208339806308,269.6088593282161,319.32708341811999,4800.011479986802,0.0,0.0,10.152246871363728,12.189577714335107,103.8372869434257,0.0,0.0,14.165506967043005,16.772830048938507,247.45521138162042,0.0,0.0,185.2911041500034,220.83570853562325,2673.427200960787,0.0,0.0,33.84362364338871,40.58016177515716,371.9019422282386,0.0,0.0,109.66947273846225,131.07829703155705,1407.577312515025,28.089430086645796,19.265727082747465,514.9835352253296,610.9766234035159,9173.39208709787,0.0,0.0,134.70521854852769,160.6524893014479,1897.5822493632348,1569.7246818399806,22.04392044317613,28.871124758204095,22.0,30.0,0.0,21.55608288449849,29.718855753045078,16.0,30.0,0.0,21.740678278067909,30.193166059237876,21.0,30.0,0.0,20.921212612986307,31.591265932725024,19.0,30.0,0.0,17.05877417749915,38.0414398378137,12.0,30.0,0.0,20.736748390532147,35.710562651875708,19.0,30.0,0.0,19.1819030214168,33.76645413948584,10.0,30.0,0.0,17.441049742168166,37.33882367145961,16.0,30.0,0.0,18.372790020685377,35.229016136910718,16.0,30.0,0.0,20.47020730313346,0.0,0.0,0.0,18.994641121448895,0.0,0.0,498.4207439501857,502.85965704594,541.7599829502939,538.315750334127,469.79959635705316,799.2039044098063,483.01055132015957,477.4460458282572,477.28680427908258,8403.037146370145,82.44871804146203,82.44871804146203,1744.0,0.0,1744.0,1744.0,16.0,19.0,19.0,16.0,16.0,12.0,21.0,10.0,1.0,0.0,1569.7246818399806,0.0,0.0,0.0,0.0,0.0,0.0,0.0,0.0,0.0,0.0,82.44871804146203,82.44871804146203,0.34,0.7626011516049036,0.36028137401965956,82.44871804146203,0.3542647819438875,0.0,0.036914666666666668 
 04/19  16:50:00,11.943333333333334,56.33333333333333,5.276666666666666,133.66666666666669,200.0,0.0,0.0,0.0,2.0,0.0,0.0,0.0,0.0,0.0,4.0,912.0,0.0,711.1632213342589,51.483280412383447,131.9244657553197,21.324067843336935,567.573799122584,0.0,51.48328041238342,70.38154751596737,0.0,0.0,20.415026128049335,-112.4662706811389,21.354494771217895,-202.5821868205021,20.96006644880041,-812.0496240630509,20.341432487417018,380.62501041396356,16.960756435439337,34.388174347064708,20.747797792697527,-36.22179926380959,18.486767808576056,111.41313153776764,17.186521630753768,100.99349516137284,18.20339728699487,119.80746468863072,643.3548236307452,55.81911334274969,0.0,0.0,0.0,0.0,0.0,0.0,0.0,0.0,0.0,0.0,0.0,0.0,0.0,0.0,0.0,0.0,0.0,0.0,0.0,0.0,0.0,0.0,0.8969960335342839,0.27380831304465327,204.08066908633618,242.30357864315159,3777.2128395501947,0.1606497554292131,0.02451919344157709,169.24229170695097,200.7399156800307,3200.9647336163554,0.6306462731019773,0.11916974170483326,284.69165689344097,337.21356846779909,5579.678269471432,0.20764289947505253,0.039237131420077949,286.9962095842377,340.8393921347533,5197.907066253177,0.0,0.0,8.497756938059937,10.23205445391532,88.77887450795164,0.0,0.0,11.19806329199548,13.301095610722122,198.98492935906058,0.0,0.0,173.09548377349246,206.9914955968721,2486.87745166966,0.0,0.0,32.50959946530568,39.089000935905648,363.92801458438489,0.0,0.0,108.34055697631664,129.85560778031693,1414.1529931766498,27.921791041997375,19.15074831412715,426.6513950319907,507.89615857782698,7632.366734447211,0.0,0.0,132.93832029973388,159.01351064360333,1891.3920400791918,38.53036904646763,21.13894514807862,30.66024541716751,21.0,30.0,0.0,21.394512495523494,30.346509746629896,16.0,30.0,0.0,21.742659317053325,30.4418464465161,21.0,30.0,0.0,20.989711372384919,31.706803880751737,19.0,30.0,0.0,17.076702065176066,38.144797077443417,12.0,30.0,0.0,20.80281408520682,36.18739216906574,19.0,30.0,0.0,19.051188602292006,34.2192261499665,10.0,30.0,0.0,17.45202037911951,37.5427888209153,16.0,30.0,0.0,18.391037555708114,35.46729261294834,16.0,30.0,0.0,20.318639101128374,0.0,0.0,0.0,18.972291562175504,0.0,0.0,507.07129319576657,513.1628985171426,552.9803636307818,546.0348668604858,473.72816433658559,831.3292517835182,489.1846866535718,483.9278822266471,485.8491368025823,2095.416900542672,82.61327343639188,82.61327343639188,1744.0,0.0,1744.0,1744.0,16.0,19.0,19.0,16.0,16.0,12.0,21.0,10.0,1.0,0.0,38.53036904646763,0.0,0.0,0.0,0.0,0.0,0.0,0.0,0.0,0.0,0.0,82.61327343639188,82.61327343639188,0.085,0.15422397957126988,0.09007034350491489,82.61327343639188,0.08856619548597188,0.0,0.03778666666666667 
 04/19  17:00:00,11.85,57.0,5.34,118.0,235.0,0.0,0.0,0.0,2.0,0.0,0.0,0.0,0.0,0.0,4.0,916.0,0.0,713.4079341857639,46.95189770126078,120.3129832481155,21.391364247781099,569.3651692676082,0.0,46.95189770126076,64.1868038041972,0.0,0.0,20.822857013651427,-821.9310831817061,21.342176791599998,215.48589657148137,20.997850955330195,-793.6082882953178,20.377438570867608,328.7906913567904,16.99461826057794,36.92075750148011,20.821200592646908,-59.40568637625361,18.494712965231878,234.45895789231578,17.19839035752411,94.20582575746067,18.207639275200834,90.77008969892973,671.1675193552387,49.11529081184415,0.0,0.0,0.0,0.0,0.0,0.0,0.0,0.0,0.0,0.0,0.0,0.0,0.0,0.0,0.0,0.0,0.0,0.0,0.0,0.0,0.0,0.0,0.8334215224609927,0.25440217413339219,282.86661144639296,335.190299646848,5541.30366149403,0.20470288374464327,0.031242808874335057,215.09415273878734,255.10710300513729,4106.489161435072,0.7753967076693609,0.14652243153238116,267.6514503216498,316.98252464040277,5298.108662111448,0.2240659403161674,0.042340502705247039,275.3028566012042,326.85327992275566,5052.0051348111569,0.0,0.0,9.84563456980638,11.851026303730962,105.28204712851418,0.0,0.0,13.365719019425355,15.866034433235399,242.1226162920707,0.0,0.0,172.19775041665157,205.82234200214556,2512.472563345551,0.0,0.0,32.729368914853697,39.34404044159571,372.6591856870115,0.0,0.0,99.8335209034469,119.61060040628144,1319.531097591661,28.08389493512216,19.26193068252549,484.6794753532922,576.6832669727946,8795.069433386918,0.0,0.0,123.80316820997331,148.06702776931346,1764.0172966477329,1265.6492134960343,21.688498463027658,30.41833168832492,21.75,30.0,0.0,21.392578744528757,30.789014341624616,16.0,30.0,0.0,21.740539666256809,31.080892210324977,21.0,30.0,0.0,21.01529700676846,32.308840506084177,19.0,30.0,0.0,17.104784401539815,38.44308833625071,12.0,30.0,0.0,20.882258769439326,36.76105882363568,19.0,30.0,0.0,19.07507153444194,34.86730838709608,10.0,30.0,0.0,17.45322851959955,38.098891298996949,16.0,30.0,0.0,18.37854030747107,36.06015898895689,16.0,30.0,0.0,20.402107558896917,0.0,0.0,0.0,18.886434176196713,0.0,0.0,536.58383617434,531.738107962494,578.4725204657661,571.4435292379421,484.5591276690392,866.6755176161236,513.3551053532236,502.90528495756589,506.16186805402568,7235.472198961058,81.98286835410716,83.71138338080255,1744.0,0.0,1744.0,1744.0,16.0,19.0,19.0,16.0,16.0,12.0,21.0,10.0,1.0,0.0,1265.6492134960343,0.0,0.0,0.0,0.0,0.0,0.0,0.0,2615.919318017876,1569551.5908107255,2032657.3593234458,81.98286835410716,83.74073930423192,0.25719731060059589,0.5746868362895936,0.27021103051474468,83.74073930423192,0.2656985864579156,2032657.3593234458,0.14435684935148583 
 04/19  17:10:00,11.66,58.166666666666667,5.3116666666666669,102.33333333333332,270.0,0.0,4.0,0.0,0.0,0.0,0.0,0.0,0.0,0.0,0.0,691.0,0.0,708.088737904548,42.18748038031639,108.10434955526395,21.231858900727035,565.1198465394651,0.0,42.187480380316369,57.6734841133391,0.0,0.0,20.661179579320739,-63.69396541316111,21.319127918444936,-253.54507330970714,20.58386901636257,-237.27176571168659,20.417851887720035,-29.558437609353896,17.03560354536713,38.14704076894975,20.70423629200858,-240.67188075831474,18.604526309548555,210.91218748661778,17.213759418679019,97.33448011439357,18.22144001694567,116.11797465592523,506.0765479980646,100.11276129160736,0.0,0.0,0.0,0.0,0.0,0.0,0.0,0.0,0.0,0.0,0.0,0.0,0.0,0.0,0.0,0.0,0.0,0.0,0.0,0.0,0.0,0.0,0.871387997492975,0.26599145222618289,247.82779454541356,294.00516589826267,4756.689648339964,0.1593531433932687,0.024321297831695466,168.0544508807738,199.31487199476389,3235.5928442151446,0.780766297876935,0.1475370933251956,101.86982052489253,120.94206142608224,1955.6575491315476,0.18617084951679858,0.03517967677944039,16.16732586775291,19.201221660081488,304.900911120966,0.0,0.0,9.659878498328116,11.62231412122901,107.80091730206459,0.0,0.0,79.50644159704619,94.48248331202605,1435.2451175598818,0.0,0.0,251.5697383124012,300.4069038767656,3844.0585699325949,0.0,0.0,33.58739081018019,40.357846325218769,396.2368040932903,0.0,0.0,119.61790453276032,143.26092611651786,1631.108861781796,27.684172928223704,18.987772927451105,202.3623749904995,241.2125171151277,3777.4826781475887,0.0,0.0,145.3438406388267,173.75322430042733,2131.861394731698,591.3464327533352,21.336802516795858,31.261126508231336,21.333333333333337,30.0,0.0,21.276368719852714,31.29689317043973,16.0,30.0,61.562617410235208,21.14692535587008,31.614479119358994,21.0,30.0,0.0,20.971448300028415,35.67965429238912,19.0,30.0,0.0,17.146216808766586,38.95030248345973,12.0,30.0,0.0,20.648933601136329,33.45796871910286,16.0,30.0,0.0,19.23227211915262,35.767233734026479,10.0,30.0,0.0,17.46649649768215,38.71005422026564,16.0,30.0,0.0,18.39602469343871,36.747743431953228,16.0,30.0,0.0,19.760223134132248,0.0,0.0,0.0,18.904283528723416,0.0,0.0,543.8386341065601,535.5998920976966,540.4058718888597,760.7223311867599,506.3388752588178,626.2140108285466,581.257520008396,526.6152648279566,536.7147363898287,5988.1696707708019,82.39499640430928,82.39499640430928,162.0,0.0,162.0,162.0,16.0,19.0,16.0,16.0,16.0,12.0,21.0,10.0,1.0,0.0,591.3464327533352,0.0,61.562617410235208,0.0,0.0,0.0,0.0,0.0,0.0,0.0,0.0,82.39499640430928,82.39499640430928,0.22666666666666669,0.46200508761756056,0.24018758267977304,82.39499640430928,0.236176521295925,0.0,0.003672 
 04/19  17:20:00,11.47,59.33333333333334,5.283333333333333,86.66666666666666,305.00000000000008,0.0,4.0,0.0,0.0,0.0,0.0,0.0,0.0,0.0,0.0,924.0,0.0,736.8905693208176,38.50597866051053,98.67061293822003,22.095452667854774,588.1061164739012,0.0,38.505978660510518,52.64059215021728,0.0,0.0,20.750271542707759,-52.898775109989859,21.255788440984238,38.12807714490282,20.95796693793033,-739.4427497635193,20.41631482328362,-20.38607878927489,17.076051740798869,36.53603549402638,20.58436277267633,-183.65739051618164,18.623696761615248,199.3305786584133,17.228940851539109,93.39915937015798,18.238274185893645,103.78585687574514,512.5224875279018,111.99165195548722,0.0,0.0,0.0,0.0,0.0,0.0,0.0,0.0,0.0,0.0,0.0,0.0,0.0,0.0,0.0,0.0,0.0,0.0,0.0,0.0,0.0,0.0,0.9890805575903416,0.30191714212159395,228.9672796503858,271.5392721603095,4537.923957942149,0.20666839579157834,0.0315427954504851,128.9313633811417,152.88341699916294,2509.079487601365,0.7096703537117028,0.13410248558422206,191.13906128256199,226.36060783629206,3934.8753137569417,0.18381550134981113,0.03473459965038002,13.894795076681059,16.483296371578655,266.70347641919786,0.0,0.0,9.369835437887942,11.273055140032352,108.8556509266587,0.0,0.0,69.79360351880048,83.02722655011258,1258.711521873462,0.0,0.0,240.94976365553868,287.841776663671,3767.1759855705056,0.0,0.0,33.163969317766419,39.85560437777835,404.7891958758577,0.0,0.0,115.33101410712273,138.15774819278625,1620.553031433168,27.807233555948299,19.072176650170307,178.71956198190797,213.09184232961474,3424.448896146204,0.0,0.0,140.5836522585767,168.14845700735237,2102.1959821684729,0.0,21.33340047240335,31.373665326657464,21.0,30.0,0.0,21.176667524433257,31.642330486949466,16.0,30.0,1271.389653176667,21.739524801336559,30.75795682123708,21.5,30.0,0.0,20.934968994432866,39.18787518259634,19.0,30.0,0.0,17.182842076998356,39.46684843459374,12.0,30.0,0.0,20.448739106660349,33.071910953448149,16.0,30.0,0.0,19.21960987247533,35.56816387093457,10.0,30.0,0.0,17.47902169977352,39.48570493477455,16.0,30.0,0.0,18.413203959689644,37.38753878724983,16.0,30.0,0.0,19.65566068303879,0.0,0.0,0.0,18.858102178708096,0.0,0.0,538.7003155022014,541.476285250891,542.255845679532,960.7229781908675,530.355649556434,573.5752190851865,560.5664497565357,561.1977943315621,567.570028548955,4564.440889418551,81.53119746293203,81.53119746293203,162.0,0.0,162.0,162.0,16.0,19.0,16.0,16.0,16.0,12.0,21.0,10.0,1.0,0.0,0.0,0.0,1271.389653176667,0.0,0.0,0.0,0.0,0.0,0.0,0.0,0.0,81.53119746293203,81.53119746293203,0.17,0.38589585495703268,0.18014068700982978,81.53119746293203,0.17713239097194376,0.0,0.0037080000000000005 
 04/19  17:30:00,11.280000000000002,60.5,5.255,71.0,340.0,0.0,4.0,0.0,0.0,0.0,0.0,0.0,0.0,0.0,0.0,464.0,0.0,714.3289482396233,33.138567144873579,84.916813980778,21.41893840338975,570.099763425214,0.0,33.13856714487356,45.302933679357938,0.0,0.0,20.844133495963793,-525.039480667775,21.29909542320741,-8.443763558154132,20.762856681535717,-423.42963594726509,20.415574822341207,-41.79307195155684,17.11549665135645,34.31488443974479,20.499611825268276,-156.59206729443418,18.63011921475004,172.92985962041167,17.23857721813843,90.53049143003773,18.242164028111334,93.52394883479838,506.90181866215428,126.1658893574313,0.0,0.0,0.0,0.0,0.0,0.0,0.0,0.0,0.0,0.0,0.0,0.0,0.0,0.0,0.0,0.0,0.0,0.0,0.0,0.0,0.0,0.0,0.9536027216714431,0.2910875218777299,225.6999709657706,267.0752797354146,4688.986446308699,0.1768300120653134,0.02698870758017604,72.10393438930254,85.60110262050407,1438.5676670715353,1.0355938919446733,0.19569045577185824,200.94957250204875,238.01231237942015,4078.44876661483,0.126102762253058,0.02382894222468971,16.059001558625654,19.012276501970669,311.89459749158268,0.0,0.0,9.06536735197995,10.893826667962692,109.51552240918852,0.0,0.0,66.06451620995157,78.54630054998504,1199.9882718000893,0.0,0.0,234.96406876627763,280.41097203522528,3755.5617058562986,0.0,0.0,33.33141305299778,40.012139958513689,420.052354299872,0.0,0.0,112.72512360049407,134.89332769246486,1626.8952758658243,27.53173427360321,18.883219666394525,182.993069862394,218.04938544759743,3503.4515397469328,0.0,0.0,138.21287291743557,165.17572231963147,2102.304504607716,1075.0815348660618,21.621776286862266,31.057535200643856,21.5,30.0,0.0,21.238328772849138,31.719203049265098,16.0,30.0,1120.4710652827365,21.383712632127226,31.781405330157634,21.5,30.0,0.0,20.90809833400084,41.5894482352206,19.0,30.0,0.0,17.22145776373619,39.77837154582903,12.0,30.0,0.0,20.318950963126058,33.239210565023629,16.0,30.0,0.0,19.201268607286346,35.6856685229736,10.0,30.0,0.0,17.484302243086483,39.66707901897311,16.0,30.0,0.0,18.411173268084466,37.44118424582204,16.0,30.0,0.0,19.570013514494755,0.0,0.0,0.0,18.79348589075324,0.0,0.0,544.6777892233541,549.4974552422445,561.6276356370454,1093.6060208874092,544.0095790690748,562.1318719260811,560.360840317308,565.6685769604404,565.2927232886157,8191.277751683629,82.58857705729587,82.58857705729587,162.0,0.0,162.0,162.0,16.0,19.0,16.0,16.0,16.0,12.0,21.0,10.0,1.0,0.0,1075.0815348660618,0.0,1120.4710652827365,0.0,0.0,0.0,0.0,0.0,0.0,0.0,0.0,82.58857705729587,82.58857705729587,0.34,0.7692564930478041,0.36028137401965956,82.58857705729587,0.3542647819438875,0.0,0.003744 
 04/19  17:40:00,11.09,61.66666666666667,5.226666666666667,63.16666666666667,338.33333333333339,0.0,4.0,0.0,0.0,0.0,0.0,0.0,0.0,0.0,0.0,696.0,0.0,654.9229602712957,29.698203123067118,76.10095251200109,19.637663245915296,522.6883085887088,0.0,29.698203123067104,40.59969523119655,0.0,0.0,20.71300217833895,-271.36428230525737,21.261415864159298,-119.60950428356586,20.651388202431698,-291.4724813653936,20.415912712564614,-34.2148355815269,17.145582668771483,32.19581466110576,20.43520941842943,-144.08263507642304,18.63254543479831,155.22462640923986,17.243982005718207,83.70453761621487,18.23918615360198,79.744711984006,536.1869860088165,138.07708338293754,0.0,0.0,0.0,0.0,0.0,0.0,0.0,0.0,0.0,0.0,0.0,0.0,0.0,0.0,0.0,0.0,0.0,0.0,0.0,0.0,0.0,0.0,1.0241119946951574,0.312610498991196,280.4732276247424,332.77357004358307,5681.017178022397,0.19806130908237128,0.030229137527834475,120.90051782478423,143.4876736885376,2448.495260049261,0.855719249577798,0.1617005384689718,134.5188701132018,159.48633762446438,2751.2602981999655,0.13144763461571314,0.024838933222923886,10.742696559510609,12.719561664440726,213.34622393142139,0.0,0.0,8.830186819709159,10.616715369052106,110.48698384387014,0.0,0.0,63.59817901584225,75.67498273892109,1170.9527686223526,0.0,0.0,229.7832108765775,274.43469602012967,3744.835946508303,0.0,0.0,32.644593261195847,39.21456412885334,423.747039703431,0.0,0.0,111.2598295625987,133.23269143807088,1645.365506730928,27.620895606245044,18.94437284378949,226.22156807213663,269.63864486148005,4463.852078682506,0.0,0.0,136.23587329225092,162.96272166493999,2103.133440234291,530.4138458465719,21.317148941672799,31.826959826837017,21.33333333333335,30.00000000000002,0.0,21.183390304265417,32.107653780640877,21.000000000000015,30.00000000000002,4.673577432265559,21.308550487228815,32.22878713096884,21.000000000000015,30.00000000000002,0.0,20.89079851170819,43.60408837130636,19.000000000000015,30.00000000000002,0.0,17.24590932237258,39.93498714817594,12.00000000000001,30.00000000000002,0.0,20.25206796070015,33.43707833137425,16.000000000000015,30.00000000000002,0.0,19.16637396349178,35.87304651227016,10.000000000000007,30.00000000000002,0.0,17.482005180473125,39.706879748919849,16.000000000000015,30.00000000000002,0.0,18.39822677122321,37.50258826501821,16.000000000000015,30.00000000000002,0.0,19.705569015143199,0.0,0.0,0.0,18.714633156693219,0.0,0.0,552.2453122344023,553.0561404579503,573.9447919195167,1206.0230470110242,549.5582738540103,559.7592380472016,559.4636262165518,561.9952685816658,560.9670603783214,2801.4128495527427,83.51033244832164,83.51033244832164,162.0000000000001,0.0,162.0000000000001,162.0000000000001,21.0,19.0,16.0,16.0,16.0,12.0,21.0,10.0,1.0,0.0,530.4138458465719,0.0,4.673577432265559,0.0,0.0,0.0,0.0,0.0,0.0,0.0,0.0,83.51033244832164,83.51033244832164,0.11333333333333343,0.2049138778346919,0.12009379133988661,83.51033244832164,0.11808826064796259,0.0,0.003780000000000001 
 04/19  17:50:00,10.9,62.833333333333339,5.198333333333333,55.333333333333339,336.66666666666665,0.0,4.0,0.0,0.0,0.0,0.0,0.0,0.0,0.0,0.0,1165.0,0.0,594.3452461549538,26.209310081618975,67.16073848833189,17.821254544807187,474.3417126324167,0.0,26.20931008161896,35.83011393396929,0.0,0.0,20.82277458848271,-71.57882463142615,21.227484607733265,50.44714272829124,20.9162013899157,-663.3911509717473,20.425579497601228,-33.45535803540005,17.17232311599274,31.489212819974534,20.369062307438186,-137.33299837886228,18.64473654118987,175.8301915304146,17.243604517609279,77.45635242673107,18.228569489831828,65.65060662439547,490.9670556708244,156.98145280189457,0.0,0.0,0.0,0.0,0.0,0.0,0.0,0.0,0.0,0.0,0.0,0.0,0.0,0.0,0.0,0.0,0.0,0.0,0.0,0.0,0.0,0.0,1.0884270585656413,0.3322426918698539,204.5205186420423,242.56828340015785,4303.557969037463,0.22780716696379148,0.034769103626952308,140.96007455195267,167.31759873600258,2900.9821338210306,0.8331583811378334,0.15743733581591719,153.1422825856382,181.39017378593599,3302.771932130299,0.15483559673610104,0.029258427198809716,13.438434679436114,15.937183366022645,271.8834111238689,0.0,0.0,8.958902509461466,10.775417296842367,115.8899684830095,0.0,0.0,62.65230599785144,74.60271853543169,1169.671802672271,0.0,0.0,232.1761450701926,277.40701709312727,3872.801641393551,0.0,0.0,32.65091230768102,39.2407723556167,435.63085132155808,0.0,0.0,112.50672535326859,134.7902106424571,1701.4888238398949,27.765855137588475,19.043796390664256,153.43073640445429,183.12296670436249,3145.250309381051,0.0,0.0,137.3916634794928,164.4608654624393,2149.393886941946,0.0,21.351552194314285,32.26798036103836,21.0,30.0,0.0,21.178523616547389,32.64138364256033,21.0,30.0,1144.7539447438717,21.662159547184396,31.99990499714857,21.4,30.0,0.0,20.893953368066648,44.51315618072577,19.0,30.0,0.0,17.26592535453958,40.08100559473913,12.000000000000002,30.0,0.0,20.18942209986802,33.70132513338337,16.0,30.0,0.0,19.16866888705711,36.089125630654368,10.0,30.0,0.0,17.47111776675503,39.83631805667193,16.0,30.0,0.0,18.374644265899037,37.68230046071142,16.0,30.0,0.0,19.348473946046604,0.0,0.0,0.0,18.625987218946038,0.0,0.0,570.30362582944,578.25895194834,584.2978089606613,1254.3274004387707,552.9598858000204,559.7042791283579,561.5921090866119,559.8481294885346,559.5088503069989,3557.1231361712086,81.69257906896813,81.69257906896813,162.0,0.0,162.0,162.0,21.0,19.0,16.0,16.0,16.0,12.0,21.0,10.0,1.0,0.0,0.0,0.0,1144.7539447438717,0.0,0.0,0.0,0.0,0.0,0.0,0.0,0.0,81.69257906896813,81.69257906896813,0.136,0.3084842046505577,0.14411254960786383,81.69257906896813,0.141705912777555,0.0,0.0038249999999999996 
 04/19  18:00:00,10.71,64.0,5.17,47.5,335.0,0.0,4.0,0.0,0.0,0.0,0.0,0.0,0.0,0.0,0.0,233.0,0.0,544.7903431658428,24.523046469659609,62.83966143131146,16.335359098234805,434.7923006993103,0.0,24.523046469659599,33.524863732759929,0.0,0.0,20.451864892384465,-37.464518475638218,21.143128629580159,-383.4286878697517,20.501217332461544,-223.25356191559104,20.407415615141308,-78.64775084191501,17.20105042883869,29.705270015323778,20.296034909235876,-126.06020372887451,18.622072436723096,146.30749639299575,17.24342008776587,77.52612068781855,18.21581206433173,68.02130677978767,431.7903762725982,179.42947575541076,0.0,0.0,0.0,0.0,0.0,0.0,0.0,0.0,0.0,0.0,0.0,0.0,0.0,0.0,0.0,0.0,0.0,0.0,0.0,0.0,0.0,0.0,1.0006671392581075,0.305453949712487,154.74646058381667,183.09588090769339,3209.8404973283365,0.18499847105393672,0.028235419880026974,81.75336869454468,96.72725440573709,1688.6475586398595,1.1272887682349562,0.21301752990078547,54.930527203293,64.96220776173618,1155.8203489285527,0.09470753928159659,0.017896360408464958,16.825500500103606,19.864255574824129,343.3868705296787,0.0,0.0,8.643507057021788,10.361249944343533,115.61578810846588,0.0,0.0,61.078583595555098,72.50725046081371,1155.0614288986142,0.0,0.0,229.14785854827148,272.96008086520478,3881.4440575110595,0.0,0.0,32.82203676157421,39.31974426084914,450.1505566004891,0.0,0.0,112.29667066808085,134.11718678694329,1736.6103611531854,27.38521116264441,18.782723705517435,94.21205675916088,112.3042130450988,1991.93749939132,0.0,0.0,137.5712124510046,164.19478840703818,2181.599832088884,235.99125843252339,21.009123784530368,33.26501616168057,21.0,30.0,209.86789898579503,21.008780709418767,33.40573719049761,21.0,30.0,403.00018233931709,21.013061972727639,35.15063440550443,21.0,30.0,0.0,20.841799628887324,44.80320768854435,19.0,30.0,0.0,17.290881577515376,40.31663950448211,12.0,30.0,0.0,20.113570386196718,34.07561472791446,16.0,30.0,0.0,19.101348866015156,36.3992181437245,10.0,30.0,0.0,17.462082439585119,40.125725102456318,16.0,30.0,0.0,18.349490218401333,37.9832244776314,16.0,30.0,0.0,18.845235321901499,0.0,0.0,0.0,18.536165356259074,0.0,0.0,589.3825186267807,567.0310893836424,683.6441505114041,1243.1545416361119,557.0610847560794,561.1536443436038,563.839816434456,561.7201683291771,561.8374467769993,5113.544093286353,84.62289792988384,84.62289792988384,162.0,0.0,162.0,162.0,21.0,19.0,16.0,16.0,16.0,12.0,21.0,10.0,1.0,0.0,235.99125843252339,209.86789898579503,403.00018233931709,0.0,0.0,0.0,0.0,0.0,0.0,0.0,0.0,84.62289792988384,84.62289792988384,0.34,0.6189390151387283,0.36028137401965956,84.62289792988384,0.3542647819438875,0.0,0.00387 
 04/19  18:10:00,10.431666666666667,65.5,5.081666666666667,39.66666666666666,333.33333333333339,0.0,0.0,0.0,0.0,0.0,0.0,4.0,0.0,0.0,0.0,936.0,0.0,481.6741380234196,20.687426810458008,53.01098097671759,14.442835229988653,384.41976484167358,0.0,20.687426810458,28.28128086207047,0.0,0.0,21.026478449971756,-370.01724356621039,21.70002567509036,-41.98739280291569,21.124249863902209,-1356.6866770061034,20.369736354832218,346.16724521096969,17.221197783710904,30.150552972013999,20.235445231813416,-114.69780481120341,18.681721544262744,206.5521433974045,17.24071334844219,69.14957847428406,18.20221608439015,46.18606562038383,627.1581067580937,216.01503675062123,0.0,0.0,0.0,0.0,0.0,0.0,0.0,0.0,0.0,0.0,0.0,0.0,0.0,0.0,0.0,0.0,0.0,0.0,0.0,0.0,0.0,0.0,1.0102955265047476,0.3083930178585921,194.3701883550601,229.88203785836556,4484.126923136576,0.20064951359613049,0.030624162636772056,12.5065860907181,14.78472134931607,292.4900294659275,1.0903608423181238,0.20603946377893496,390.81707404764799,462.1769751754791,8917.03557894333,0.258583280537529,0.04886305376748468,328.4308672391682,389.6525563844042,6887.5621408429319,0.0,0.0,9.051041147505757,10.88129567266369,126.31723020226048,0.0,0.0,57.968640401802819,69.04099509931447,1123.8382847046335,0.0,0.0,241.60492641409184,288.48727557306918,4276.599033978808,0.0,0.0,33.79378379669258,40.60238124744225,481.49452956568629,0.0,0.0,121.92447511101136,146.02846644058449,1947.0613695992743,28.335035949146794,19.43418103508011,370.2735611925351,440.7116397593481,7703.138936640655,0.0,0.0,147.58861648577753,176.6768400633457,2401.379931889453,932.3907133250932,21.8868018861398,34.97234974497097,21.75,30.0,647.5335617428768,21.955440321158315,34.40294424687746,21.75,30.0,1873.7341144575474,21.83879448873818,37.23539024313184,21.5,30.0,0.0,20.86651411526854,38.12388287417898,16.0,30.0,0.0,17.302034757527346,40.50842086964194,12.0,30.0,0.0,20.07508781682887,34.567496796842387,16.0,30.0,0.0,19.20469104210852,37.41516772394286,10.0,30.0,0.0,17.449912339862214,40.31043175173738,16.0,30.0,0.0,18.32471082724106,38.298012161331829,16.0,30.0,0.0,19.93994403768402,0.0,0.0,0.0,18.45929618362437,0.0,0.0,792.1613701944734,750.0668694740975,922.528132636611,841.5722999910537,562.9186358423712,579.4879105741015,620.3831184236883,563.8158577380905,568.5579385126382,7237.302323388819,81.44130197642343,81.44130197642343,240.0,0.0,240.0,240.0,21.0,16.0,16.0,16.0,16.0,12.0,21.0,10.0,1.0,0.0,932.3907133250932,647.5335617428768,1873.7341144575474,0.0,0.0,0.0,0.0,0.0,0.0,0.0,0.0,81.44130197642343,81.44130197642343,0.255,0.5773834541805806,0.27021103051474468,81.44130197642343,0.2656985864579156,0.0,0.0058 
 04/19  18:20:00,10.153333333333335,67.0,4.993333333333334,31.83333333333333,331.66666666666665,0.0,0.0,0.0,0.0,0.0,0.0,4.0,0.0,0.0,0.0,706.0,0.0,418.4318846947132,16.786154011154776,43.01406873481971,12.546531974409664,333.94663242621285,0.0,16.786154011154769,22.947945171385415,0.0,0.0,20.818513755592997,-276.39095871453289,21.768228852965323,-114.34708442717784,20.791462501887854,-384.49137626447756,20.369751365056119,36.143020954010349,17.243258259148349,28.01361944826551,20.175915949529576,-87.14021100997658,18.69921594588144,114.42497871398089,17.237462182651869,69.30861094238705,18.184789268222177,49.293750822918187,595.2743229723926,258.1360224800606,0.0,0.0,0.0,0.0,0.0,0.0,0.0,0.0,0.0,0.0,0.0,0.0,0.0,0.0,0.0,0.0,0.0,0.0,0.0,0.0,0.0,0.0,1.08627899983955,0.3315869962880188,131.02697335231208,155.27756813068155,2925.228094255658,0.0619122909851575,0.009449372860982523,25.605747448335199,30.198959156014597,610.1700121012557,1.6218823204524964,0.30647814067507486,311.13877172802429,369.07854950484696,6834.2920742935689,0.2432270627000067,0.045961274130764669,242.98816389231525,288.3715804645444,5234.066310046763,0.0,0.0,8.443916385441643,10.148051229633753,122.87954184174366,0.0,0.0,56.25405567453267,66.95876196648607,1118.6413579625342,0.0,0.0,241.1565992054065,287.89576732954375,4393.64735106518,0.0,0.0,34.45524184780621,41.38608260339501,509.6812437699114,0.0,0.0,127.22960713816932,152.36644453337594,2097.157017883451,28.257035224241578,19.380682595501768,304.74041642902997,363.03538832631957,6445.209514738892,0.0,0.0,153.85974440164066,184.17204738379506,2572.9749647743835,676.5216534522643,21.432975327459518,36.07823544405494,21.333333333333326,29.99999999999999,0.0,22.08038695526061,37.877370503783499,20.999999999999994,29.99999999999999,1118.4811036058794,21.250902227177059,36.274000686617217,21.333333333333326,29.99999999999999,0.0,20.849901073582989,38.375304004908247,15.999999999999993,29.99999999999999,0.0,17.318404421521664,41.13046991348461,11.999999999999995,29.99999999999999,0.0,20.043698175108408,35.74081337037985,15.999999999999993,29.99999999999999,0.0,19.184364025454714,38.116914615182569,9.999999999999997,29.99999999999999,0.0,17.439734728592656,41.2793850065864,15.999999999999993,29.99999999999999,0.0,18.29895558132163,39.4475101743929,15.999999999999993,29.99999999999999,0.0,19.70963881591559,0.0,0.0,0.0,18.4066080035449,0.0,0.0,790.4664290548409,966.5863647375686,772.9890753278346,850.7543713846837,586.6785153823747,632.2253256693209,648.9063638721613,600.5497737587451,615.2059523872385,6092.343971664097,81.60561515558178,81.60561515558178,239.99999999999992,0.0,239.99999999999992,239.99999999999992,21.0,16.0,16.0,16.0,16.0,12.0,21.0,10.0,1.0,0.0,676.5216534522643,0.0,1118.4811036058794,0.0,0.0,0.0,0.0,0.0,0.0,0.0,0.0,81.60561515558178,81.60561515558178,0.2266666666666666,0.46412810711602328,0.24018758267977295,81.60561515558178,0.2361765212959249,0.0,0.0058266666666666679 
 04/19  18:30:00,9.875,68.5,4.904999999999999,24.0,330.0,0.0,0.0,0.0,0.0,0.0,0.0,4.0,0.0,0.0,0.0,472.0,0.0,353.3594824484823,12.820495275050094,32.85217195910696,10.595352785252576,282.01287974529768,0.0,12.820495275050089,17.526589023688819,0.0,0.0,20.484625462891814,-136.6847128106533,21.735679346831696,-168.8808498055032,20.746852608014874,-837.4099650985822,20.253926375483706,279.61939662736315,17.261493478750887,25.902201577615359,20.108131311784093,-86.39875012930816,18.649309141522964,126.36154525228449,17.230719466300287,61.804401146038347,18.16344567844,33.915593159212679,608.0250720059739,275.60442698926956,0.0,0.0,0.0,0.0,0.0,0.0,0.0,0.0,0.0,0.0,0.0,0.0,0.0,0.0,0.0,0.0,0.0,0.0,0.0,0.0,0.0,0.0,1.1529031344742225,0.35192403372229016,195.50026538520025,231.64336823970948,4364.0783497621409,0.01644791308413076,0.0025103652448307024,33.12937451813924,39.06702984113047,803.6406238298698,1.5766614410515628,0.297933000954566,307.9344835571786,364.34406743610466,6967.743081383491,0.26139408643448916,0.04939419622722772,239.62284618171018,284.0718591258343,5212.194942878644,0.0,0.0,8.253126855836419,9.910395503021296,124.94558756476536,0.0,0.0,57.7213267607663,68.65815621879367,1175.0866402804027,0.0,0.0,234.66885008356798,280.0302291151297,4357.555799367932,0.0,0.0,33.39522069162893,40.08362556218011,511.7735702552551,0.0,0.0,122.4993417075173,146.60110279641783,2080.336207688837,28.39051739162234,19.472234150632614,313.7029471651917,372.850309565715,6822.492280665883,0.0,0.0,148.09343541282528,177.23501303295158,2513.359186857396,21.005580121462566,20.96592083821297,37.00181660012539,21.0,30.0,0.0,22.03655979440039,39.598657489184279,21.0,30.0,602.0320860849688,21.240215805593949,36.541070292825448,21.0,30.0,0.0,20.71055067356349,37.450764999336019,16.0,30.0,0.0,17.329040906063619,41.72284061135645,12.0,30.0,0.0,19.99800893387763,36.58852380057023,16.0,30.0,0.0,19.076510704446468,38.865957587896748,10.0,30.0,0.0,17.422717024265095,42.167952006439268,16.0,30.0,0.0,18.26576615994304,40.16621511295274,16.0,30.0,0.0,19.695091994368437,0.0,0.0,0.0,18.246351443758983,0.0,0.0,774.1172717120455,1045.0234389206704,780.5277506748876,772.4189299521395,609.1770722237386,665.4331510547465,668.2636004429561,634.2022130122123,641.3920135197294,5070.394881274086,82.17632020830122,82.17632020830122,240.0,0.0,240.0,240.0,21.0,16.0,16.0,16.0,16.0,12.0,21.0,10.0,1.0,0.0,21.005580121462566,0.0,602.0320860849688,0.0,0.0,0.0,0.0,0.0,0.0,0.0,0.0,82.17632020830122,82.17632020830122,0.17,0.3081390879605895,0.18014068700982978,82.17632020830122,0.17713239097194376,0.0,0.005853333333333334 
 04/19  18:40:00,9.596666666666666,70.0,4.816666666666666,20.0,275.0,0.0,0.0,0.0,0.0,0.0,0.0,4.0,0.0,0.0,0.0,2133.0,0.0,249.37752634251167,10.24287965080463,26.247063623100688,7.477491992781355,199.02585331507283,0.0,10.242879650804625,14.00279304405083,0.0,0.0,20.886244490481269,-341.8224128555041,21.682376897478745,-133.05287875419209,20.9558904717545,-828.3916109766929,20.340655099537856,331.3877457106366,17.273815839097865,25.240716679524647,20.014000127050886,-88.51276679398072,18.677175716930294,170.4003085721175,18.227479921155728,-15.46097559224954,18.129308041728426,-0.6979954471413982,631.1482278812681,307.2551694767759,0.0,0.0,0.0,0.0,0.0,0.0,0.0,0.0,0.0,0.0,0.0,0.0,0.0,0.0,0.0,0.0,0.0,0.0,0.0,0.0,0.0,0.0,1.1269763632173267,0.34400987888196868,122.8168684724648,145.5339041380838,2962.5101522482698,0.05510638505827859,0.008410620430140226,28.23229895456555,33.36779130039482,699.6844042978431,1.6915660902597667,0.3196458976303424,269.89619699309506,319.9077827846038,6511.012842079337,0.2822144397562382,0.05332850335529833,266.935371740193,317.08988282554648,6038.461190207846,0.0,0.0,8.52063876416673,10.24708973794122,133.83782635103726,0.0,0.0,55.73901606296069,66.42997660100429,1159.0356514407009,0.0,0.0,232.32916006096179,277.61674485195086,4468.319510009304,0.0,0.0,19.01030936450938,22.763863085699389,351.47461403328006,0.0,0.0,134.680986991379,161.42376264181483,2347.628110549156,28.805768393799015,19.757042794100888,275.9075582590724,329.1088542725096,6194.540928240765,0.0,0.0,145.51009452120739,174.48554286965914,2510.853475100973,657.4061217124936,21.54867479075631,35.9110824853096,21.444444444444497,30.000000000000076,0.0,22.004318232352298,40.40588708050436,21.00000000000005,30.000000000000076,1171.6109049429356,21.539955793082606,35.51792648726392,21.333333333333383,30.000000000000076,0.0,20.88772947248794,37.07049611145924,16.00000000000004,30.000000000000076,0.0,17.333120571537039,42.27211854216117,12.000000000000032,30.000000000000076,0.0,19.93609163609284,37.33459518453435,19.00000000000005,30.000000000000076,0.0,19.132405044328796,39.54259925222482,10.000000000000025,30.000000000000076,1299.1781786335656,18.961688903731117,38.75905576333092,20.700000000000054,30.000000000000076,0.0,18.21165124930134,41.080058410326817,16.00000000000004,30.000000000000076,0.0,19.691950061064444,0.0,0.0,0.0,18.106546960090488,0.0,0.0,774.5736339480369,1080.045887067956,745.9697853282319,757.6853911903621,629.206975594564,690.2169933907593,698.5932484791503,651.7064371173478,670.3550664331056,10072.252567400476,81.34488994976609,83.00931381902885,240.0000000000006,0.0,240.0000000000006,240.0000000000006,21.0,16.0,19.0,16.0,19.7,12.0,21.0,10.0,1.0,0.0,657.4061217124936,0.0,1171.6109049429356,0.0,0.0,0.0,1299.1781786335656,0.0,2518.712378475429,1511227.4270852553,1974919.7951842684,81.34488994976609,83.03758126183698,0.34840152372695956,0.769642862380298,0.36028137401966056,83.03758126183698,0.3542647819438884,1974919.7951842684,0.10857582934958199 
 04/19  18:50:00,9.318333333333334,71.5,4.7283333333333339,16.0,220.00000000000004,0.0,0.0,0.0,0.0,0.0,0.0,4.0,0.0,0.0,0.0,711.0,0.0,163.2024434431557,7.820371222046176,20.03942941420609,4.893563943100855,130.25032782233104,0.0,7.820371222046172,10.691040360057452,0.0,0.0,21.003758393504766,-506.2898960907353,21.618067817836079,-136.78393544552945,21.037222533656985,-837.1895181128145,20.33785867483602,337.9143686591133,17.285043060666376,24.54351247992188,19.903311049358149,-79.15447130465576,18.687895090053034,144.90923973144235,19.188741055454668,-86.9551486691679,18.081308157192255,-6.383233630214518,615.1774974483149,387.93612412796667,0.0,0.0,0.0,0.0,0.0,0.0,0.0,0.0,0.0,0.0,0.0,0.0,0.0,0.0,0.0,0.0,0.0,0.0,0.0,0.0,0.0,0.0,1.1378188636833238,0.3473195554588903,121.08859975273062,143.213637945303,3007.7672693838887,0.06819054835072178,0.010407592849621769,27.986821649532318,33.05862288967713,707.0059375976344,1.7325690941269239,0.32739400871635029,244.94816687308396,289.67828210020118,6088.597472662402,0.2872728844587703,0.05428436970120379,260.70079167401669,309.11000975500039,6059.610666189032,0.0,0.0,8.50924064974105,10.2217392185465,138.53451216197605,0.0,0.0,55.221946815344058,65.75441424494652,1169.7968133369919,0.0,0.0,230.16983905010273,274.74898001786655,4551.212067908918,0.0,0.0,23.80484146400623,28.241520147392124,543.0932452180366,0.0,0.0,147.61807494793156,176.81165915054639,2635.4363075095845,28.973962789248529,19.872402461761703,258.38554301413236,307.7198506033143,5948.962863002724,0.0,0.0,150.5038144149832,180.32577816405894,2660.723850323453,1120.6997117207753,21.681809108218159,35.71181269539455,21.666666666666687,30.00000000000002,0.0,21.955309534811698,40.85727180655423,21.000000000000015,30.00000000000002,1706.9166095966935,21.696369716889973,35.14700838569915,21.666666666666687,30.00000000000002,0.0,20.88312663181929,36.99925317607021,16.000000000000015,30.00000000000002,0.0,17.33637030134409,43.02545769904867,12.00000000000001,30.00000000000002,0.0,19.848200285090827,38.123922510888387,19.000000000000015,30.00000000000002,0.0,19.12004836817116,40.05560329064475,10.000000000000007,30.00000000000002,870.1878375712271,20.667408472130086,35.488648363496178,20.700000000000015,30.00000000000002,0.0,18.137885792897739,41.91379234111184,16.000000000000015,30.00000000000002,0.0,19.50555447922498,0.0,0.0,0.0,18.03200410385987,0.0,0.0,766.5779796597385,1087.1106105931727,732.1766808991963,743.9746254945977,655.550073184459,712.22143230654,716.0684364039463,678.5466945145818,692.6633368018236,9486.529064510818,81.73223053928591,84.05196313749755,240.00000000000018,0.0,240.00000000000018,240.00000000000018,21.0,16.0,19.0,16.0,19.7,12.0,21.0,10.0,1.0,0.0,1120.6997117207753,0.0,1706.9166095966935,0.0,0.0,0.0,870.1878375712271,0.0,3510.639753192116,2106383.8519152679,2734240.0333766557,81.73223053928591,84.09135989799892,0.34368799177307077,0.770637334576475,0.3602813740196598,84.09135989799892,0.3542647819438878,2734240.0333766557,0.14800714840225277 
 04/19  19:00:00,9.04,73.0,4.64,12.0,165.0,0.0,0.0,0.0,0.0,0.0,0.0,4.0,0.0,0.0,0.0,949.0,0.0,95.75020226270121,5.566243946538467,14.263282951191395,2.871033447671609,76.41732733629678,0.0,5.5662439465384649,7.609477478333553,0.0,0.0,20.91445716012181,-298.8233036169579,21.548310526758628,-154.05238072957594,20.707789317702365,-492.94200242291347,20.35737255410638,146.20343851644294,17.295273720806649,22.724326011964096,19.79245971754004,-63.922914312125559,18.682544608755717,80.63104867077073,18.852748796940909,-59.43940065695372,18.039998199329639,-17.301731856368634,595.3273578106973,429.91315522102198,0.0,0.0,0.0,0.0,0.0,0.0,0.0,0.0,0.0,0.0,0.0,0.0,0.0,0.0,0.0,0.0,0.0,0.0,0.0,0.0,0.0,0.0,1.1975555268708056,0.3655541901315036,105.87816930020469,125.49098785692357,2628.3976884540836,0.039331628422919397,0.006002995791043864,30.729043330224348,36.28613495423008,789.6697246040212,1.8994904324379279,0.3589362117229646,192.10259976232605,227.88195085863968,4723.277571192029,0.26957418154908988,0.05093994360338053,201.41525589666925,239.18035004516137,4798.720356291147,0.0,0.0,8.124238552325315,9.763542335033378,136.86132261461604,0.0,0.0,51.6105219458951,61.494323708512897,1113.147587777259,0.0,0.0,229.96256396338826,274.66252194566678,4653.369238920385,0.0,0.0,26.027093979489334,31.00120574906609,572.9765984425862,0.0,0.0,153.62215781921567,184.12154474486958,2811.5597437332437,29.04202951803138,19.91908746092688,201.88228950551429,240.9379534327469,4831.093566120646,0.0,0.0,156.36595490591007,187.51501568414734,2814.2345415548008,518.7323971426331,21.403358384212493,36.52667215225814,21.25,30.0,0.0,21.910229809345233,41.257425915277327,21.0,30.0,164.60274020607384,21.166102031285605,36.329007221332677,21.0,30.0,0.0,20.90502922751999,37.050990303144299,16.0,30.0,0.0,17.33786876683701,43.58145282086569,12.0,30.0,0.0,19.758414255702026,38.66110667623768,19.0,30.0,0.0,19.069861782861947,40.41525063279391,10.0,30.0,74.4123857354069,19.952522517497888,37.73073712158746,19.7,30.0,0.0,18.07928543493722,42.4822875064702,16.0,30.0,0.0,19.377093645785867,0.0,0.0,0.0,17.90958184250077,0.0,0.0,771.0415805901761,1094.641294873784,724.8095829257097,739.6269407021085,674.0982845513718,722.520181063811,719.61339593839,702.1028234004316,705.4029726124412,4044.739879493018,81.43664104891768,81.43664104891768,240.0,0.0,240.0,240.0,21.0,16.0,19.0,16.0,19.7,12.0,21.0,10.0,1.0,0.0,518.7323971426331,0.0,164.60274020607384,0.0,0.0,0.0,74.4123857354069,0.0,0.0,0.0,0.0,81.43664104891768,81.43664104891768,0.17,0.3475944248889168,0.18014068700982978,81.43664104891768,0.17713239097194376,0.0,0.0057733333333333338 
 04/19  19:10:00,8.78,74.5,4.578333333333333,0.0,0.0,0.0,0.0,1.0,2.0,0.0,0.0,4.0,0.0,0.0,0.0,952.0,0.0,0.0,0.0,0.0,0.0,0.0,0.0,0.0,0.0,0.0,0.0,21.134299332696029,-407.8311489721749,21.46355876007911,-85.59482590310617,21.161947802428935,-1332.9737002255538,20.40256954795959,520.490190682211,17.302582402659817,24.24989771500674,19.765066887041536,-27.379079724116097,18.64970719727758,129.83122194026147,19.2118812457226,-106.97424215681792,17.97756200818195,-54.627649549752508,732.5746545631964,507.9526865725152,0.0,0.0,0.0,0.0,0.0,0.0,0.0,0.0,0.0,0.0,0.0,0.0,0.0,0.0,0.0,0.0,0.0,0.0,0.0,0.0,0.0,0.0,1.1526887829559905,0.35185860285591899,140.8096991591616,166.67053791306572,3726.869630239164,0.14612212493698327,0.022301911620418697,19.654790766168309,23.230978758692954,517.0320246213851,1.7249537496057855,0.3259549791394153,359.2698615671894,425.12869865994926,9456.500765672472,0.32039397170047659,0.06054307855262216,336.0017527635769,398.5910470945138,8254.251627520161,0.0,0.0,9.08296663947581,10.913668400733496,157.80659977976306,0.0,0.0,11.241668002009054,13.387731540055727,249.4529445842491,0.0,0.0,200.0696371936821,238.9924662849212,4128.910651441872,0.0,0.0,32.97045301120174,39.18401259866055,774.7750734854699,0.0,0.0,161.0174233960906,193.03546914053306,3001.3958245874607,29.837939892679324,20.464979350260174,366.2541834658832,436.29229371483685,8864.939664445923,0.0,0.0,164.23384709445117,197.01302509819034,3004.250456157234,601.3024310805794,21.900655001499389,35.50054916445718,21.75,30.0,0.0,21.870130603377633,41.94320542039109,21.0,30.0,2211.5192736421547,21.942657722646059,34.96341353788514,22.0,30.0,0.0,21.05376296065226,37.32076861154199,16.0,30.0,0.0,17.33775932043826,44.25005884998703,12.0,30.0,0.0,19.806497086712029,40.41450845429656,19.0,30.0,0.0,19.007988090249513,41.22341867453048,10.0,30.0,748.0327301103735,20.49962521244387,37.932604502840337,20.45,30.0,0.0,17.983361566082978,43.598808912100867,16.0,30.0,0.0,19.91081341436828,0.0,0.0,0.0,17.7887398705372,0.0,0.0,764.4396697193645,1118.644292883763,729.949803996194,760.2481047595354,694.1892852784007,828.362740665006,734.3771365535115,775.1262661563346,730.813871583353,9157.18368590065,81.94996757226777,83.72156201355934,270.0,0.0,270.0,270.0,21.0,16.0,19.0,16.0,19.7,12.0,21.0,10.0,1.0,0.0,601.3024310805794,0.0,2211.5192736421547,0.0,0.0,0.0,748.0327301103735,0.0,2681.048202541645,1608628.921524987,2108371.8329844099,81.94996757226777,83.75164956846239,0.34436827341805489,0.7664903765050172,0.36028137401965956,83.75164956846239,0.3542647819438875,2108371.8329844099,0.11607033531518933 
 04/19  19:20:00,8.52,76.0,4.516666666666667,0.0,0.0,0.0,0.0,1.0,2.0,0.0,0.0,4.0,0.0,0.0,0.0,953.0,0.0,0.0,0.0,0.0,0.0,0.0,0.0,0.0,0.0,0.0,0.0,20.901391447357157,-280.30414928674397,21.41495442402703,-149.03586919663014,21.025850321692354,-474.9189849913314,20.34231865284403,44.18200929683803,17.3138737322853,19.34084630505548,19.79408217542813,-5.341137059424824,18.585579176084928,17.50219661407732,19.04495197498185,-68.1571283259351,17.914496174191723,-73.76098172580146,619.377561687171,468.3006821185486,0.0,0.0,0.0,0.0,0.0,0.0,0.0,0.0,0.0,0.0,0.0,0.0,0.0,0.0,0.0,0.0,0.0,0.0,0.0,0.0,0.0,0.0,1.28949779883151,0.39361959671291515,156.10038890194284,185.03647898828303,4005.362066538776,0.030185048239167436,0.004606997594500525,33.85965536836581,40.00978657295653,899.8365951529415,2.0260472446471615,0.38285095325910098,209.95429924684314,248.9908967221694,5427.302804400542,0.2620693720009016,0.04952180120954299,146.47472995122105,173.8712183431896,3633.5340724343229,0.0,0.0,7.795216374431803,9.366910097851172,139.55455181185369,0.0,0.0,10.567290486188167,12.578492308059275,241.96820516232936,0.0,0.0,182.80572220810027,218.4788510044735,3815.1346702330699,0.0,0.0,25.603365448019799,30.479257139599086,589.7163901631477,0.0,0.0,150.29459452670478,180.22641462364013,2853.4997704026789,29.60835572956457,20.30751421780835,215.39673016254617,256.9664737970225,5421.572632816526,0.0,0.0,153.1840391636782,183.9116126964908,2805.7958094976577,535.3443083273176,21.285942566834604,37.319691762711368,21.25,30.0,0.0,21.827635962264968,42.08585503563493,21.0,30.0,816.8345306466939,21.445963695194604,36.13972373525523,21.25,30.0,0.0,20.871773147447017,37.67458981705008,16.0,30.0,0.0,17.33838871622118,44.96903226324154,12.0,30.0,0.0,19.90351286817367,42.79468348502586,19.0,30.0,0.0,18.856715932717266,42.282621651427408,10.0,30.0,333.3565374327117,19.984385339771888,40.353196210153587,19.95,30.0,0.0,17.890811751839537,44.62668755696002,16.0,30.0,0.0,19.344037536059017,0.0,0.0,0.0,17.53494854151791,0.0,0.0,773.6369423068516,1110.620467516046,721.0052171589662,742.8095405017348,716.4379160998371,974.9688950393974,755.8075372878519,827.4424879848381,753.8865037281106,5607.837752209268,81.18577516028,83.21899381551683,270.0,0.0,270.0,270.0,21.0,16.0,19.0,16.0,19.7,12.0,21.0,10.0,1.0,0.0,535.3443083273176,0.0,816.8345306466939,0.0,0.0,0.0,333.3565374327117,0.0,3076.470566091568,1845882.3396549407,2390066.0952824938,81.18577516028,83.25352461810545,0.18754901886971893,0.34765783032719435,0.18014068700982978,83.25352461810545,0.17713239097194376,2390066.0952824938,0.13071843695468969 
 04/19  19:30:00,8.26,77.5,4.455,0.0,0.0,0.0,0.0,1.0,2.0,0.0,0.0,4.0,0.0,0.0,0.0,1435.0,0.0,0.0,0.0,0.0,0.0,0.0,0.0,0.0,0.0,0.0,0.0,21.066785520209515,-603.1193032071467,21.35469984308437,-131.81784350525025,20.819291044815708,-496.58830617670119,20.25772414151838,245.21391588116638,17.32639272427589,19.973479222776346,19.80393351708873,-21.41697337029825,18.562238385961899,80.2005850611174,19.315728107634148,-124.32102034938302,17.848137407235428,-86.77781562983886,721.5712098110234,570.6887869543705,0.0,0.0,0.0,0.0,0.0,0.0,0.0,0.0,0.0,0.0,0.0,0.0,0.0,0.0,0.0,0.0,0.0,0.0,0.0,0.0,0.0,0.0,1.2190408223722436,0.37211258314171088,156.7915739706607,185.796494277423,4208.026966986612,0.10059680685828121,0.015353603000348184,26.776522121412314,31.651477606067816,724.2888927664561,2.079071061985232,0.3928705710478522,242.58427700343638,287.6991151117445,6392.854308633352,0.3017111418400036,0.05701268742252527,247.4303229575188,293.99146351231448,6210.122035207551,0.0,0.0,8.549470908923876,10.27784579549079,157.62759279081906,0.0,0.0,11.504437030048088,13.69558603259225,270.5243880333215,0.0,0.0,193.3423449791896,231.17803425410615,4128.170320098677,0.0,0.0,33.892194506106168,40.2854973438478,831.6975303849463,0.0,0.0,158.80902465115094,190.55684028526395,3068.6946101780674,30.10760702864274,20.64993623363702,249.32733130818728,297.69226247817417,6236.682334685279,0.0,0.0,162.306394209974,194.98879537749338,3025.9004463750577,810.3287972086844,21.584860794878578,36.561768460231878,21.50000000000002,30.00000000000002,0.0,21.76521029023224,42.28426631739782,21.000000000000019,30.00000000000002,92.72180633965299,21.299419422043795,36.622177315988597,21.000000000000019,30.00000000000002,0.0,20.775652304034677,37.955928114490649,16.00000000000001,30.00000000000002,0.0,17.342601189693356,45.61185846467541,12.00000000000001,30.00000000000002,0.0,19.952971399331358,44.54414075767154,19.000000000000015,30.00000000000002,0.0,18.83346756338527,42.70414804150645,10.000000000000007,30.00000000000002,426.0804730679762,20.48726070069042,39.6156146341843,20.200000000000015,30.00000000000002,0.0,17.795071899482897,45.463371051442738,16.00000000000001,30.00000000000002,0.0,19.335619579106539,0.0,0.0,0.0,17.43225226716805,0.0,0.0,758.4569679880934,1102.4183252425469,720.7015761255913,733.8769039424228,736.1639941775106,1075.5502635387398,763.3175059162431,842.3351030730814,771.269097861058,6590.025781433215,82.90137384006097,84.04222862179039,270.0000000000002,0.0,270.0000000000002,270.0000000000002,21.0,16.0,19.0,16.0,19.7,12.0,21.0,10.0,1.0,0.0,810.3287972086844,0.0,92.72180633965299,0.0,0.0,0.0,426.0804730679762,0.0,1726.5767989529427,1035946.0793717648,1349421.1486707526,82.90137384006097,84.0616041233621,0.2842192266317649,0.6138222793264356,0.3002344783497165,84.0616041233621,0.29522065161990648,1349421.1486707526,0.07660489973087917 
 04/19  19:40:00,8.0,79.0,4.393333333333333,0.0,0.0,0.0,0.0,1.0,2.0,0.0,0.0,4.0,0.0,0.0,0.0,960.0,0.0,0.0,0.0,0.0,0.0,0.0,0.0,0.0,0.0,0.0,0.0,21.12032037774592,-554.5231628626204,21.31039960425347,-92.28787382925808,21.26884385189669,-1156.832705989099,20.346682296189174,483.75170395001308,17.34171547294831,19.416677352961686,19.794841901043449,-32.75561102956232,18.555414101047214,110.9219588714841,19.322911038073209,-121.71838764705882,17.782391780849335,-100.51700354980767,773.5796542436574,608.5703925674243,0.0,0.0,0.0,0.0,0.0,0.0,0.0,0.0,0.0,0.0,0.0,0.0,0.0,0.0,0.0,0.0,0.0,0.0,0.0,0.0,0.0,0.0,1.2676730692340619,0.3869575913412887,222.1613484687499,262.9881127290121,6097.683592513585,0.16487038123431589,0.025163367099254563,20.555668867920227,24.313106902301955,567.57612887403,1.882059452564143,0.35564237576797877,351.01817662431076,415.31190407802316,9782.633462718994,0.32428954203506679,0.06127920295447216,308.20050681041905,365.7045548851595,8018.753759061029,0.0,0.0,8.938629198547105,10.73841044858024,169.70467282801784,0.0,0.0,11.65837074808703,13.866357423674027,280.59501772611756,0.0,0.0,199.41216420723206,238.33952264803629,4355.759061507093,0.0,0.0,33.69772418869462,40.04553073087651,841.5024274801616,0.0,0.0,161.81685369583404,194.15013796085393,3182.723589093789,30.718284392575869,21.068782162260548,357.2815173517205,425.6140475626219,9252.053814248717,0.0,0.0,165.28312333557339,198.57914388730166,3124.9572937482978,689.5967246799177,21.690733691519506,36.137647618748108,21.75,30.0,0.0,21.723474262283184,42.996109386951548,21.0,30.0,1806.658444459877,21.87868012023851,35.465200982356517,21.5,30.0,0.0,20.971890714442766,37.53459644842256,16.0,30.0,0.0,17.352009870390135,46.197585104835287,12.0,30.0,0.0,19.966846740606706,45.883415247679739,19.0,30.0,0.0,18.815758832584224,43.0119120592548,10.0,30.0,676.8801018848412,20.433323011858126,40.03014436873081,20.2,30.0,0.0,17.701678411695086,46.167463138957618,16.0,30.0,0.0,19.75625800652201,0.0,0.0,0.0,17.29695493700757,0.0,0.0,741.4849762350449,1130.551922367229,723.2958098486354,728.4623746595726,753.2522400444988,1146.9068127633933,768.4119487653557,847.1554958814304,782.7740783568355,8978.708717908235,82.06806351119065,82.06806351119065,270.0,0.0,270.0,270.0,21.0,16.0,19.0,16.0,19.7,12.0,21.0,10.0,1.0,0.0,689.5967246799177,0.0,1806.658444459877,0.0,0.0,0.0,676.8801018848412,0.0,0.0,0.0,0.0,82.06806351119065,82.06806351119065,0.34,0.7712911288692982,0.36028137401965956,82.06806351119065,0.3542647819438875,0.0,0.006435 
 04/19  19:50:00,7.74,80.5,4.331666666666666,0.0,0.0,0.0,0.0,1.0,2.0,0.0,0.0,4.0,0.0,0.0,0.0,960.0,0.0,0.0,0.0,0.0,0.0,0.0,0.0,0.0,0.0,0.0,0.0,21.112987796171283,-617.6937788920403,21.274119825109357,-126.78683965638862,21.112000973443359,-913.5473144027003,20.316475215848187,207.60957884709,17.357370555817206,17.162636530186988,19.772689780000588,-26.444025747249328,18.538372483031968,53.805964916226,19.13339030212716,-96.87853174516948,17.711675891401734,-118.0555021840853,728.4252893257994,610.4343811248364,0.0,0.0,0.0,0.0,0.0,0.0,0.0,0.0,0.0,0.0,0.0,0.0,0.0,0.0,0.0,0.0,0.0,0.0,0.0,0.0,0.0,0.0,1.2836747988183646,0.39184212418143,189.66530970490505,224.4220511748712,5344.360310701134,0.12448223191643626,0.01899911964536573,26.008204271549177,30.777203868790737,727.5547767924578,2.2021736500772568,0.4161325869382573,283.34704553016658,335.1273804230553,7933.520579429099,0.3062304698679161,0.057866679869220716,209.12805353252984,247.97354678402747,5508.967314256231,0.0,0.0,8.540623841573816,10.25870892145286,166.83169480111736,0.0,0.0,12.11212943304323,14.40677908471576,297.675924583064,0.0,0.0,198.93327408265993,237.79076726239854,4427.852406533571,0.0,0.0,30.617333586654867,36.43830036856846,757.0672932826142,0.0,0.0,162.06819152530833,194.51121226114555,3241.05489143172,30.741458221319815,21.08467642065831,283.1278943935023,337.306924030038,7457.380635359003,0.0,0.0,165.24697574257915,198.64170951513106,3157.8993529474098,1098.409726925795,21.71523762958939,36.61079367865863,21.75,30.0,0.0,21.68400476951487,43.365060080669049,21.0,30.0,1473.097039403464,21.588103217529534,36.41216032464715,21.5,30.0,0.0,20.856108823617939,38.27379102774507,16.0,30.0,0.0,17.362200065414343,46.75134614588021,12.0,30.0,0.0,19.959035388091299,46.913469354495678,19.0,30.0,0.0,18.758372044267369,43.74481903094472,10.0,30.0,0.0,20.03903192624783,41.552400962470859,19.7,30.0,0.0,17.60076537222029,47.03708209176223,16.0,30.0,0.0,19.39878458604393,0.0,0.0,0.0,17.130915696123457,0.0,0.0,763.5459752965099,1138.7596620803889,730.1333780248219,747.5465012773112,769.3382023632106,1194.079310276618,785.3908320265921,863.5146745738047,797.1890898578862,9614.939502051873,81.6473322721121,85.03752293302535,270.0,0.0,270.0,270.0,21.0,16.0,19.0,16.0,19.7,12.0,21.0,10.0,1.0,0.0,1098.409726925795,0.0,1473.097039403464,0.0,0.0,0.0,0.0,0.0,5130.784124336815,3078470.4746020894,4017383.5330646496,81.6473322721121,85.09509962510828,0.34102613747789387,0.7652200289364509,0.36028137401965956,85.09509962510828,0.3542647819438875,4017383.5330646496,0.21535394371936177 
 04/19  20:00:00,7.48,82.0,4.27,0.0,0.0,0.0,0.0,1.0,2.0,0.0,0.0,4.0,0.0,0.0,0.0,960.0,0.0,0.0,0.0,0.0,0.0,0.0,0.0,0.0,0.0,0.0,0.0,21.01703501100949,-509.14034557338439,21.242487768900195,-128.1615952394816,21.111333963630118,-456.7784500843736,20.26593485485396,108.28934356747743,17.374139909984863,16.680341958369526,19.74476093247732,-20.718323677258654,18.505305378537984,-8.786111260413464,19.447370100956556,-131.61773868460083,17.63955653660541,-129.66254416838434,731.2852602286898,698.3733060807415,0.0,0.0,0.0,0.0,0.0,0.0,0.0,0.0,0.0,0.0,0.0,0.0,0.0,0.0,0.0,0.0,0.0,0.0,0.0,0.0,0.0,0.0,1.3560833609649555,0.41394485987941256,224.75145270605149,266.64051982435617,6223.439105856249,0.11192372610672931,0.017082375779415339,29.79582024772594,35.21791329278116,846.6026815294345,2.280565787099105,0.43094591592953637,282.86714984444759,335.465834771263,7947.512908310066,0.2988885714947101,0.05647932189998299,172.79254617222586,205.1030564134657,4613.6287094631,0.0,0.0,8.202511386798017,9.855254332223576,164.75440680751474,0.0,0.0,11.819639774145318,14.059843171036486,296.2141794354334,0.0,0.0,206.35705621193746,246.80248638945293,4670.849271552169,0.0,0.0,32.354627419445048,38.42017390754229,848.4329122674361,0.0,0.0,173.0989898490807,207.85285618762047,3519.1367626445555,30.994259339031634,21.258065390282334,286.26878067061178,341.56653824938646,7725.411270241251,0.0,0.0,176.74732861418296,212.54664122273256,3446.363290436505,689.0801958058532,21.301647330149895,37.911830967902108,21.25,30.0,0.0,21.656364237838916,43.70363230765126,21.0,30.0,801.7435696340411,21.48245760380562,36.84970543716089,21.25,30.0,0.0,20.768601731656866,38.742195973127618,16.0,30.0,0.0,17.3753688513989,47.28007032845211,12.0,30.0,0.0,19.93851791570368,47.80717329381272,19.0,30.0,0.0,18.67853297142119,44.3529111445866,10.0,30.0,982.7547229135448,20.45366670128049,40.91913069218408,20.45,30.0,0.0,17.499365497232149,47.815554400336058,16.0,30.0,0.0,19.36968598941413,0.0,0.0,0.0,17.061290835644497,0.0,0.0,775.1683560864665,1148.4588121394609,734.4732091615537,753.7978737918102,784.3359900796236,1231.4757669502834,794.0134756124189,878.1930749129532,806.1589177890744,9640.946098394972,81.63005971138371,83.55453185839542,270.0,0.0,270.0,270.0,21.0,16.0,19.0,16.0,19.7,12.0,21.0,10.0,1.0,0.0,689.0801958058532,0.0,801.7435696340411,0.0,0.0,0.0,982.7547229135448,0.0,2912.147446709792,1747288.468025875,2264500.751560996,81.63005971138371,83.58721578426077,0.3520715815569931,0.7690982803054232,0.36028137401965956,83.58721578426077,0.3542647819438875,2264500.751560996,0.12421903908117178 
 04/19  20:10:00,7.283333333333334,83.16666666666667,4.191666666666666,0.0,0.0,0.0,0.0,0.0,2.0,0.0,0.0,4.0,0.0,0.0,0.0,1200.0,0.0,0.0,0.0,0.0,0.0,0.0,0.0,0.0,0.0,0.0,0.0,21.02581409498794,-755.6301139265902,21.20483673971062,-111.66257982115553,20.84484158254999,-415.35488185827838,20.22360592705691,269.1424798860073,17.39041937368647,16.373246621532588,19.808980067319948,-34.336006631624368,18.474876231757685,59.354528630435748,19.354049958170159,-137.55655018633093,17.581153080344224,-126.32935560984117,774.6512740277685,735.3741534506339,0.0,0.0,0.0,0.0,0.0,0.0,0.0,0.0,0.0,0.0,0.0,0.0,0.0,0.0,0.0,0.0,0.0,0.0,0.0,0.0,0.0,0.0,1.3129540587387543,0.4007796272096319,186.3917131534328,220.80059417439646,5358.254982338141,0.15431565926492125,0.023552451047759657,23.990493982321014,28.36768978084141,691.0503189759701,2.32110431176494,0.43860625694726787,257.4109627060555,305.29763552551347,7288.543751195212,0.32791061577647637,0.061963457251790688,261.3011460694708,310.48489306538286,7050.153934266009,0.0,0.0,8.799245168572935,10.573751508025257,180.4655619105494,0.0,0.0,12.71563369508264,15.12532225388872,325.7906762854383,0.0,0.0,209.5412769820754,250.6661656917961,4811.429787390223,0.0,0.0,35.55822957669889,42.298236546149187,931.580975460664,0.0,0.0,173.40466045255119,208.30064397026207,3569.1225712795164,31.237330590567767,21.42478092631535,263.7344207477687,314.95866159208028,7124.945752676364,0.0,0.0,177.1400239096351,213.12612066886133,3489.4203513933678,639.9041473783988,21.54131018364698,37.338691033971077,21.4,30.0,0.0,21.6155026104106,43.9617724563879,21.0,30.0,2.7624430838813796,21.284792820104259,37.44804533746593,21.0,30.0,0.0,20.734868720168099,38.859670330228997,16.0,30.0,0.0,17.388079249340174,47.74808535352133,12.000000000000002,30.0,0.0,20.02533535398947,48.21772933268891,19.0,30.0,0.0,18.64583617584044,44.68485943156715,10.0,30.0,0.0,20.30703473688958,40.60055789076293,12.000000000000002,30.0,0.0,17.425403859704625,48.39306237977964,16.0,30.0,0.0,19.262285930503418,0.0,0.0,0.0,16.95953664576075,0.0,0.0,766.7082937122219,1152.0402756684449,737.4045033822343,748.2236068504836,798.2425439482089,1258.5164483110762,799.0492106700407,826.4460692087821,816.4167225223116,5491.236726648103,81.85080987385438,81.85080987385438,570.0,0.0,570.0,570.0,21.0,16.0,19.0,16.0,12.0,12.0,21.0,10.0,1.0,0.0,639.9041473783988,0.0,2.7624430838813796,0.0,0.0,0.0,0.0,0.0,0.0,0.0,0.0,81.85080987385438,81.85080987385438,0.20400000000000002,0.43228702491465367,0.21616882441179575,81.85080987385438,0.21255886916633252,0.0,0.013680000000000002 
 04/19  20:20:00,7.086666666666667,84.33333333333334,4.113333333333333,0.0,0.0,0.0,0.0,0.0,2.0,0.0,0.0,4.0,0.0,0.0,0.0,964.0,0.0,0.0,0.0,0.0,0.0,0.0,0.0,0.0,0.0,0.0,0.0,21.187436061256827,-616.7026949054143,21.17941723294039,-85.44619773791206,21.320811878520446,-1211.8788599541463,20.323296287566288,477.8580408527646,17.40687171037915,15.260403169831122,19.879660259339503,-45.48573083185799,18.473346859458183,83.75330703450459,18.817784461577128,-59.56655153148563,17.520290563841045,-149.35620591843759,884.1316195120257,724.2956004309122,0.0,0.0,0.0,0.0,0.0,0.0,0.0,0.0,0.0,0.0,0.0,0.0,0.0,0.0,0.0,0.0,0.0,0.0,0.0,0.0,0.0,0.0,1.371587556740857,0.418677520372667,217.91274061635853,257.9555179463732,6379.456030224064,0.2007972180314638,0.030646706048758213,19.01709307113651,22.504405011201525,556.7670694145263,2.176378884857938,0.41125829267912686,347.00025560607676,410.6038714703072,10307.397139965182,0.3445768131061467,0.06511277647508439,310.90803584763776,368.97839008914596,8642.206747621538,0.0,0.0,8.993137873129939,10.80115820070736,188.289167550755,0.0,0.0,12.529684238259751,14.890828840601872,328.7487608289397,0.0,0.0,214.57011998023828,256.6022539787001,5012.782934764485,0.0,0.0,27.136807460004119,32.384988833452577,673.7648734291452,0.0,0.0,172.50198695641184,207.229340322157,3592.0060443023114,31.618926400256428,21.68650644736381,353.161777808274,421.00737487205449,9740.323127819222,0.0,0.0,175.2875665559499,210.99094604645746,3458.7635780330285,921.4145669365063,21.691598576543468,36.88002404373267,21.75,30.0,0.0,21.59278736185671,44.638759588611438,21.0,30.0,1827.054808047163,21.858694156784407,36.21665197722798,21.5,30.0,0.0,20.943394875476345,38.36997675303323,16.0,30.0,0.0,17.401745589910474,48.08685569747897,12.0,30.0,0.0,20.13774285619627,48.29852153786511,19.0,30.0,0.0,18.646938424068368,44.786870123329908,10.0,30.0,0.0,19.378779569140673,42.78905737249415,12.0,30.0,0.0,17.343776953221569,48.7670874938039,16.0,30.0,0.0,19.577092775569868,0.0,0.0,0.0,16.772334979875628,0.0,0.0,756.5675507539046,1182.9443680383559,737.1549823902651,742.954843295985,806.3314426670821,1272.5097109805002,797.7879817667374,806.4724273745852,814.6990995974087,7260.567913685589,82.29367462338817,85.90785576394873,570.0,0.0,570.0,570.0,21.0,16.0,19.0,16.0,12.0,12.0,21.0,10.0,1.0,0.0,921.4145669365063,0.0,1827.054808047163,0.0,0.0,0.0,0.0,0.0,5469.406057341292,3281643.6344047749,4268262.802349841,82.29367462338817,85.96923655797343,0.2673135352447097,0.5748354161529486,0.27021103051474468,85.96923655797343,0.2656985864579156,4268262.802349841,0.2354713323888584 
 04/19  20:30:00,6.890000000000001,85.5,4.035,0.0,0.0,0.0,0.0,0.0,2.0,0.0,0.0,4.0,0.0,0.0,0.0,484.0,0.0,0.0,0.0,0.0,0.0,0.0,0.0,0.0,0.0,0.0,0.0,21.21796574974534,-709.5524911614241,21.166313633647456,-105.22328798964975,20.602153554124216,-253.34666434375959,20.272442585223368,17.04284998919502,17.423292547637528,15.036416503668164,19.927082258854499,-37.158329716299679,18.472964441341163,14.508593805753663,18.474427472782847,-25.383332083298798,17.44807892813604,-152.68623682702447,841.8891356730856,757.1584085401523,0.0,0.0,0.0,0.0,0.0,0.0,0.0,0.0,0.0,0.0,0.0,0.0,0.0,0.0,0.0,0.0,0.0,0.0,0.0,0.0,0.0,0.0,1.4127329753271679,0.4312371719557899,192.9842515341535,227.78485031839893,5772.594897536681,0.16175697233023018,0.02468818259008397,25.621008719228038,30.236600742940639,756.9608400500973,2.567689519695742,0.48520210122746468,385.5349996334629,457.0694018660221,10829.228537044564,0.31811976696248647,0.0601133346489959,248.9691543692214,295.37886202394176,6971.388899465652,0.0,0.0,8.51631531809733,10.217417268422896,181.97627107086266,0.0,0.0,12.365458335825125,14.671352702024077,331.2432550398984,0.0,0.0,217.74048790100788,260.128110259997,5161.834233671748,0.0,0.0,20.325359414280564,24.274849796800198,489.5996753215673,0.0,0.0,175.46115744708099,210.60643803868613,3690.1928728698514,31.551080314205146,21.63997278066197,374.07976042142789,445.2657592225702,10397.537761841775,0.0,0.0,177.7223795767992,213.75877248291347,3534.9165314298895,1082.0911561001686,21.627087728000427,37.35002196302701,21.5,30.0,0.0,21.585010444458569,45.08078227380679,21.0,30.0,141.10776126950538,20.80052658742109,38.80127142965547,21.0,30.0,0.0,20.78715356678888,38.75086423288217,16.0,30.0,0.0,17.41659329239665,48.33472664214807,12.0,30.0,0.0,20.21579277706943,48.403474044603,19.0,30.0,0.0,18.61945113872881,45.01283372408979,10.0,30.0,0.0,18.803463778683488,44.389180387247339,12.0,30.0,0.0,17.24423121008444,49.143326265293939,16.0,30.0,0.0,19.645289831590178,0.0,0.0,0.0,16.64754870524836,0.0,0.0,773.3890139747066,1202.6453940837978,745.4020666794643,739.7963291340004,811.0717757478825,1281.2265073850809,802.1543241200736,803.8992716912636,812.4181817131153,8905.978257039955,82.11597251912485,85.60354239468677,570.0,0.0,570.0,570.0,21.0,16.0,19.0,16.0,12.0,12.0,21.0,10.0,1.0,0.0,1082.0911561001686,0.0,141.10776126950538,0.0,0.0,0.0,0.0,0.0,5278.010513439037,3166806.3080634225,4118257.6908645939,82.11597251912485,85.66277290911124,0.34593368378130126,0.7699664096297476,0.36028137401965956,85.66277290911124,0.3542647819438875,4118257.6908645939,0.22751273325829225 
 04/19  20:40:00,6.693333333333333,86.66666666666666,3.9566666666666667,0.0,0.0,0.0,0.0,0.0,2.0,0.0,0.0,4.0,0.0,0.0,0.0,968.0,0.0,0.0,0.0,0.0,0.0,0.0,0.0,0.0,0.0,0.0,0.0,21.253950699012785,-691.0640378895969,21.147311629542175,-81.60883543331377,21.34541872524109,-1199.3635213923167,20.240291830773694,511.11234130775838,17.43730596406315,13.994060766551542,19.95498597560253,-51.57160989452554,18.458132072528096,63.212035089680288,18.288046053447269,-14.38269904623725,17.383579613174868,-177.4499129164742,855.969130373719,770.6716120055469,0.0,0.0,0.0,0.0,0.0,0.0,0.0,0.0,0.0,0.0,0.0,0.0,0.0,0.0,0.0,0.0,0.0,0.0,0.0,0.0,0.0,0.0,1.4150052795926234,0.43193079352644178,255.04899153451189,302.0460518122035,7663.015441080788,0.2079696758940843,0.03174140352473814,19.782031175299179,23.41487757041719,593.9089409515391,2.3841435671042987,0.45051843671660987,378.13286345779627,447.44257700211906,11544.51165111746,0.36257659736689187,0.06851409625224712,273.63599520689015,324.5283264793026,7811.874720929295,0.0,0.0,8.981707873849527,10.786580965518335,195.6705691740498,0.0,0.0,13.005964718357065,15.451126283146057,354.49720811458186,0.0,0.0,224.88688304439374,269.00454820247867,5410.28327265145,0.0,0.0,14.323052104349348,17.14263634182513,342.831435139517,0.0,0.0,177.0441286622652,212.8275150844986,3764.296354542784,31.88350377767562,21.8679724126719,384.98668823510647,458.93934383968488,10906.1426807258,0.0,0.0,178.41527669510334,214.94929091966157,3574.0829167141985,703.9376838632213,21.693045457725089,37.06468477086136,21.75,30.0,0.0,21.567446688107887,45.02971755226412,21.0,30.0,1812.9810555807899,21.874093841631873,36.43424974031211,21.5,30.0,0.0,20.814690532565956,38.974852067761229,16.0,30.0,0.0,17.427530855212419,48.51449733472195,12.0,30.0,0.0,20.257376195987214,48.54692234914555,19.0,30.0,0.0,18.59650903642659,45.107072310150268,10.0,30.0,0.0,18.52726171325637,45.22275637015004,12.0,30.0,0.0,17.159818223076209,49.52702415067503,16.0,30.0,0.0,19.623096047053509,0.0,0.0,0.0,16.51777284303128,0.0,0.0,761.6891141756353,1193.84218762983,746.861528242562,753.900752292144,815.1839545411503,1286.9454579549302,796.4331565184189,803.6528552928321,811.7919433454164,6317.919352639859,82.31187088564714,82.31187088564714,570.0,0.0,570.0,570.0,21.0,16.0,19.0,16.0,12.0,12.0,21.0,10.0,1.0,0.0,703.9376838632213,0.0,1812.9810555807899,0.0,0.0,0.0,0.0,0.0,0.0,0.0,0.0,82.31187088564714,82.31187088564714,0.255,0.5766967914078954,0.27021103051474468,82.31187088564714,0.2656985864579156,0.0,0.013205000000000002 
 04/19  20:50:00,6.496666666666666,87.83333333333334,3.878333333333333,0.0,0.0,0.0,0.0,0.0,2.0,0.0,0.0,4.0,0.0,0.0,0.0,486.0,0.0,0.0,0.0,0.0,0.0,0.0,0.0,0.0,0.0,0.0,0.0,21.257828051226285,-748.7147535079052,21.13473406229904,-103.50438314468988,20.60085006630809,-240.78837076752735,20.251897400791834,26.452289630986344,17.451781590703335,13.978109515865697,19.972285411632809,-43.48834863570147,18.434543375719224,1.3512768071168467,18.124698388793538,-9.017550799782385,17.31253614382661,-171.3775262979375,869.7166863935927,814.9044421236504,0.0,0.0,0.0,0.0,0.0,0.0,0.0,0.0,0.0,0.0,0.0,0.0,0.0,0.0,0.0,0.0,0.0,0.0,0.0,0.0,0.0,0.0,1.4560525138219887,0.4444604743046363,204.4754428676693,241.39085343882324,6257.9881870063259,0.1784858512102837,0.027241430282399834,25.325294285600589,29.892759304560728,767.4948930383405,2.711866787787609,0.512446482953063,411.7592817893143,488.21841093932269,11875.68688141589,0.33445438765456328,0.06319999766715101,265.1071692790623,314.55785210916175,7626.258650599431,0.0,0.0,8.579048741121554,10.291715316438144,190.57064497808845,0.0,0.0,12.887321401119234,15.286924719661484,357.16940778811417,0.0,0.0,225.9078214984684,269.9681142971666,5501.051961133089,0.0,0.0,11.598972878771676,13.877526069130706,276.8026489556565,0.0,0.0,179.828483506674,215.98931701039707,3863.1394744685405,31.84734001680438,21.84316873580548,399.5363148155011,475.6477228855538,11368.147284502043,0.0,0.0,181.2512570121708,218.17099409034297,3674.305956365236,1087.4028926022027,21.6172788283624,37.57568256559558,21.5,30.0,0.0,21.556591600666537,45.436198364494817,21.0,30.0,142.1167503918136,20.77955472997658,39.079710348209157,21.0,30.0,0.0,20.76593184083663,39.069437563788927,16.0,30.0,0.0,17.440724857512487,48.66446915236433,12.0,30.0,0.0,20.28703413651298,48.609888113675598,19.0,30.0,0.0,18.541360257791888,45.434519305538717,10.0,30.0,0.0,18.285404589978705,45.99418166451055,12.0,30.0,0.0,17.066071969142017,49.92329850964312,16.0,30.0,0.0,19.605612127093815,0.0,0.0,0.0,16.434133322263287,0.0,0.0,779.6457846655177,1212.5077423199633,752.45753469176,749.4102105304964,816.8370334498511,1285.7401718812694,802.3060299050758,803.4916886908163,811.5125970653329,8568.432819506825,82.33936435688364,82.33936435688364,570.0,0.0,570.0,570.0,21.0,16.0,19.0,16.0,12.0,12.0,21.0,10.0,1.0,0.0,1087.4028926022027,0.0,142.1167503918136,0.0,0.0,0.0,0.0,0.0,0.0,0.0,0.0,82.33936435688364,82.33936435688364,0.34,0.7675754181416551,0.36028137401965956,82.33936435688364,0.3542647819438875,0.0,0.01292 
 04/19  21:00:00,6.3,89.0,3.8,0.0,0.0,0.0,0.0,0.0,2.0,0.0,0.0,4.0,0.0,0.0,0.0,972.0,0.0,0.0,0.0,0.0,0.0,0.0,0.0,0.0,0.0,0.0,0.0,21.285498906192566,-698.6196441802449,21.116244641447169,-81.45314722891865,21.367203841651525,-1257.5330262424905,20.224221305282155,523.4787022083363,17.463705520311927,12.531978817746279,19.981807400155664,-56.837278174649998,18.41257679493092,46.394675342428858,18.016785899546244,-13.016536623219523,17.253077607129087,-189.846992690364,881.6244232173986,832.1829482446333,0.0,0.0,0.0,0.0,0.0,0.0,0.0,0.0,0.0,0.0,0.0,0.0,0.0,0.0,0.0,0.0,0.0,0.0,0.0,0.0,0.0,0.0,1.4686836919059339,0.4483161452704316,259.98309903153656,307.9171031436488,8010.4944998003979,0.22087575623840623,0.033711196007082767,19.645503697000686,23.25732154365588,604.7392890848668,2.4967346409906217,0.47179414984705639,384.0669508305581,454.4769951716605,12035.937430320333,0.3718151058585056,0.07025984615618017,276.11502759271766,327.49012364169848,8096.0437055249499,0.0,0.0,8.979298542922296,10.783035579631575,203.17696049972899,0.0,0.0,13.38401673397139,15.898392261706187,376.5249367237383,0.0,0.0,230.51362261707136,275.8280829026031,5690.321663401526,0.0,0.0,9.858245158265979,11.811462092896293,236.3212594152909,0.0,0.0,180.7611249359612,217.42954910233258,3928.8064787792957,32.17228099143543,22.066036345291797,390.984661227375,466.1673450407591,11376.369869719867,0.0,0.0,182.8378197650304,220.42963030174463,3739.50118464571,717.8368226559737,21.67802016429932,37.30029751689737,21.75,30.0,0.0,21.537165517349594,45.399525902097099,21.0,30.0,1870.0802295394365,21.879552982134667,36.62158998791786,21.5,30.0,0.0,20.799124070786559,39.238039366730699,16.0,30.0,0.0,17.449918219385677,48.80408746100376,12.0,30.0,0.0,20.30194233505632,48.72452991442208,19.0,30.0,0.0,18.50987194409101,45.58121833050893,10.0,30.0,0.0,18.14283963810489,46.486048769283389,12.0,30.0,0.0,16.992776271867198,50.29934666788748,16.0,30.0,0.0,19.58015819472008,0.0,0.0,0.0,16.323627702218944,0.0,0.0,767.9264926077731,1205.2413366163492,753.3137405518427,760.956355323298,819.7681408358992,1286.7320792952863,798.7580970450762,804.3943966711415,812.5211780913344,7022.07637627581,82.18925913961303,83.95924579510859,570.0,0.0,570.0,570.0,21.0,16.0,19.0,16.0,12.0,12.0,21.0,10.0,1.0,0.0,717.8368226559737,0.0,1870.0802295394365,0.0,0.0,0.0,0.0,0.0,2678.617580049035,1607170.5480294212,2085275.3850295942,82.18925913961303,83.98930604447135,0.25928725266830118,0.5762959893825179,0.27021103051474468,83.98930604447135,0.2656985864579156,2085275.3850295942,0.12106932002153892 
 04/19  21:10:00,6.175,89.33333333333334,3.8366666666666666,0.0,0.0,0.0,0.0,0.0,2.0,0.0,0.0,4.0,0.0,0.0,0.0,488.0,0.0,0.0,0.0,0.0,0.0,0.0,0.0,0.0,0.0,0.0,0.0,21.30446366271576,-768.9522838142816,21.10640512131643,-101.00176286503057,20.602062227005346,-254.22847200260459,20.241190992646219,27.968906953546595,17.475570919092179,12.723845827166514,19.98422961351185,-48.18370410388337,18.38646452814687,-10.603676536889907,17.902698287249927,-23.463818070612946,17.1886021859339,-182.0935422689572,881.4308828804888,878.4182821736058,0.0,0.0,0.0,0.0,0.0,0.0,0.0,0.0,0.0,0.0,0.0,0.0,0.0,0.0,0.0,0.0,0.0,0.0,0.0,0.0,0.0,0.0,1.5025075873273995,0.45864089967258839,213.839734414929,252.43108347579855,6686.839438681412,0.19188974072757793,0.02928720096574755,25.06201739590658,29.58220977273123,774.8061574539115,2.873257780740331,0.5429436471542577,425.87436848148107,504.94437263888349,12544.790059675108,0.343262613594134,0.06486443945467382,270.5698896066466,321.01738355069696,7950.487513691956,0.0,0.0,8.568924053160229,10.277856213415202,196.25645986546159,0.0,0.0,13.195378993696727,15.65001122896647,374.73534451655169,0.0,0.0,230.8511698151427,275.9362328800843,5732.157459575652,0.0,0.0,10.50057392374974,12.568810508074284,250.98401493660414,0.0,0.0,182.7012367559695,219.54070571867977,3988.65810046922,31.751548992354324,21.77746844468747,414.41639570305366,493.31588789787386,12049.202790472918,0.0,0.0,187.70538750879394,226.05105512439759,3863.907657364346,1106.993863485248,21.63398689939745,37.680484257217,21.5,30.0,0.0,21.527605057575948,45.7859594524028,21.0,30.0,152.94357115991824,20.757527293959457,39.30578771691265,21.0,30.0,0.0,20.75566510760833,39.29420858868739,16.0,30.0,0.0,17.46074598890268,48.92061805327007,12.0,30.0,0.0,20.3080126944336,48.77474676536711,19.0,30.0,0.0,18.454148525016998,45.89595733414407,10.0,30.0,0.0,17.97875364409952,47.099691871150678,12.0,30.0,0.0,16.9111887175185,50.67082152955617,16.0,30.0,0.0,19.612610532974079,0.0,0.0,0.0,16.260614451565759,0.0,0.0,783.0312720156576,1223.9313848419302,756.90424643765,755.8345348999833,820.8509934478886,1283.1009738726635,804.2321162881553,806.8891462598695,813.4447007829743,8639.902156976004,82.2919114357158,85.67882467814377,570.0,0.0,570.0,570.0,21.0,16.0,19.0,16.0,12.0,12.0,21.0,10.0,1.0,0.0,1106.993863485248,0.0,152.94357115991824,0.0,0.0,0.0,0.0,0.0,5125.828875202037,3075497.325121222,4000838.8688842069,82.2919114357158,85.73634570878054,0.3408609625067346,0.7652576195320402,0.36028137401965956,85.73634570878054,0.3542647819438875,4000838.8688842069,0.22039362118197876 
 04/19  21:20:00,6.05,89.66666666666667,3.8733333333333337,0.0,0.0,0.0,0.0,0.0,2.0,0.0,0.0,4.0,0.0,0.0,0.0,976.0,0.0,0.0,0.0,0.0,0.0,0.0,0.0,0.0,0.0,0.0,0.0,21.32985451787766,-741.5564768600257,21.09268967352267,-77.92579382729304,21.365265517375336,-1223.4633679237282,20.208399077761098,519.2164694843466,17.485294017257148,11.205419223644512,19.98479816244587,-61.7158921675686,18.369645559493518,37.91048480873269,17.807759761486705,-36.563817161190517,17.13668042219357,-193.1323277065551,879.1907871202939,899.9873995301305,0.0,0.0,0.0,0.0,0.0,0.0,0.0,0.0,0.0,0.0,0.0,0.0,0.0,0.0,0.0,0.0,0.0,0.0,0.0,0.0,0.0,0.0,1.5033348119576047,0.4588934102434691,256.9171718239344,304.2105396258344,8053.980253368281,0.2322834865238319,0.035452302583002439,19.00277496456158,22.49305046413125,594.1618598365208,2.726163722039066,0.5151480956234065,380.733065596712,450.46994722151109,12119.407687181636,0.3812275249852313,0.07203845899191822,277.3557281697682,328.92496589966927,8258.483988700262,0.0,0.0,8.948498661220068,10.743437417468874,207.3024043673679,0.0,0.0,13.518991477577608,16.05548539683131,387.2393345005453,0.0,0.0,236.95966875505648,283.55973374214366,5934.441621416388,0.0,0.0,12.641770351601565,15.155641218984738,302.1473131677268,0.0,0.0,183.14409668827182,220.36308964297073,4022.3947371978836,31.668711909765187,21.720652887356104,387.4050656790604,461.85462857026479,11456.120894360864,0.0,0.0,191.25044728482318,230.64871299067279,3952.3007933888268,748.6488140030364,21.69951211494208,37.38752587127644,21.75,30.0,0.0,21.513071014980765,45.77921522021129,21.0,30.0,1824.1193785715489,21.862494955065889,36.79250687780486,21.5,30.0,0.0,20.778397186656329,39.44365584137314,16.0,30.0,0.0,17.46842714390899,49.026988967099828,12.0,30.0,0.0,20.309533404969913,48.863065634675077,19.0,30.0,0.0,18.43636181883003,45.99452664142112,10.0,30.0,0.0,17.850011088274259,47.62357807578817,12.0,30.0,0.0,16.851559561927105,50.99030739311703,16.0,30.0,0.0,19.56926061916875,0.0,0.0,0.0,16.17469303016772,0.0,0.0,772.228437718832,1220.2211311326069,757.8764485068848,765.8711471096732,822.9144685331173,1282.6397577153164,801.5332517658719,810.1120573467906,814.6386592623716,6402.505509179791,82.23622018562472,82.23622018562472,570.0,0.0,570.0,570.0,21.0,16.0,19.0,16.0,12.0,12.0,21.0,10.0,1.0,0.0,748.6488140030364,0.0,1824.1193785715489,0.0,0.0,0.0,0.0,0.0,0.0,0.0,0.0,82.23622018562472,82.23622018562472,0.255,0.576774608756697,0.27021103051474468,82.23622018562472,0.2656985864579156,0.0,0.011431666666666665 
 04/19  21:30:00,5.925,90.0,3.9099999999999999,0.0,0.0,0.0,0.0,0.0,2.0,0.0,0.0,4.0,0.0,0.0,0.0,490.0,0.0,0.0,0.0,0.0,0.0,0.0,0.0,0.0,0.0,0.0,0.0,21.352570927318788,-827.0975698979787,21.084330280969849,-102.3409084463143,20.619388049729048,-258.97277109771678,20.223438077803587,19.364348900330243,17.494699293182955,11.688659289275649,19.978850715462408,-51.59702825764069,18.338434353820629,-22.84502553735183,17.706925003590777,-41.071979880619839,17.081102689911789,-185.97470799797066,870.5832728343721,938.916485415903,0.0,0.0,0.0,0.0,0.0,0.0,0.0,0.0,0.0,0.0,0.0,0.0,0.0,0.0,0.0,0.0,0.0,0.0,0.0,0.0,0.0,0.0,1.55112864939337,0.47348249370981995,203.57758902818643,240.19977467728257,6491.148633727807,0.20413698921104504,0.031156439134774888,24.833112164070326,29.306899135841513,779.422380982624,3.056381894540813,0.5775475991195793,409.8502622749961,485.8296093917536,12295.324600987627,0.35354734838919235,0.0668078889624324,267.23120213242125,317.0354937068489,7978.051074194203,0.0,0.0,8.512113258787977,10.20726755261376,199.51066566319487,0.0,0.0,13.329218318314002,15.806140531486744,385.0710659147452,0.0,0.0,237.76976763741679,284.232597216723,5985.988140309595,0.0,0.0,14.764423628214484,17.68632727924277,352.59894834810657,0.0,0.0,184.71267712864495,222.01318600446045,4080.3160460612045,31.207297241134684,21.40418192121721,397.7378283871609,473.4503289867336,11756.33468732551,0.0,0.0,195.0360092025413,234.95183191453686,4060.5667002364655,1173.5035411751097,21.650713708634233,37.80961383928121,21.5,30.0,0.0,21.504107603711647,46.12276698986638,21.0,30.0,164.14005968632564,20.769005057867305,39.44045953115557,21.0,30.0,0.0,20.732154181443315,39.484424203044408,16.0,30.0,0.0,17.47732088537449,49.12263038043405,12.0,30.0,0.0,20.30434944177554,48.91895015371209,19.0,30.0,0.0,18.373418812031749,46.33823064217705,10.0,30.0,0.0,17.70773587979745,48.224658763057977,12.0,30.0,0.0,16.78542284897385,51.300569080018849,16.0,30.0,0.0,19.554568708295279,0.0,0.0,0.0,16.122742549814647,0.0,0.0,789.7364874129844,1237.3698379707005,763.2978828868261,760.3575439088078,823.7095744578036,1279.476454540115,807.8203868685257,813.2361070473725,815.5963306429612,9324.449282867747,81.83946827426429,81.83946827426429,570.0,0.0,570.0,570.0,21.0,16.0,19.0,16.0,12.0,12.0,21.0,10.0,1.0,0.0,1173.5035411751097,0.0,164.14005968632564,0.0,0.0,0.0,0.0,0.0,0.0,0.0,0.0,81.83946827426429,81.83946827426429,0.34,0.7692309344400785,0.36028137401965956,81.83946827426429,0.3542647819438875,0.0,0.010513333333333335 
 04/19  21:40:00,5.8,90.33333333333334,3.9466666666666665,0.0,0.0,0.0,0.0,0.0,2.0,0.0,0.0,4.0,0.0,0.0,0.0,980.0,0.0,0.0,0.0,0.0,0.0,0.0,0.0,0.0,0.0,0.0,0.0,21.343740556155728,-725.9995321611655,21.07022134772837,-77.92588119365557,21.386662275604086,-1266.895572573906,20.202219100319945,541.6648224841433,17.502009739125435,9.94366654355241,19.97462700833468,-64.05749930557761,18.315999311408779,27.946231214813908,17.630778225668487,-44.47638512508678,17.033118274115574,-201.02196497636533,879.5821329825099,943.5137686221865,0.0,0.0,0.0,0.0,0.0,0.0,0.0,0.0,0.0,0.0,0.0,0.0,0.0,0.0,0.0,0.0,0.0,0.0,0.0,0.0,0.0,0.0,1.5586125198677692,0.4757669474565841,267.25622244429749,316.4529845245355,8493.234254987972,0.24292178364375578,0.037075974304602538,19.081325274508985,22.585306461696758,605.5381704328936,2.9047812159725998,0.5489004565329932,390.88749133166837,462.3997629940371,12649.971246278836,0.3874262281558148,0.07320979368023709,299.0961451548317,354.79794766280897,9033.069831117275,0.0,0.0,8.858717775950535,10.63306398270592,209.92934865360395,0.0,0.0,13.727704543326514,16.30085832259234,399.81166698896126,0.0,0.0,241.3121530663439,288.80661441846129,6123.21570813958,0.0,0.0,15.74058126135365,18.885333651133796,376.9107111080104,0.0,0.0,184.13313919290455,221.60578141922194,4093.878806328187,31.07867795381081,21.315965674767367,398.62330087202346,475.1220520901989,11982.58953750109,0.0,0.0,195.22243362034625,235.5192036441194,4076.7957372812336,702.498838346102,21.663546317220157,37.577938880996118,21.75,30.0,0.0,21.487880963346698,46.01086379946287,21.0,30.0,1873.2578626291084,21.873116678574008,36.876556220639347,21.5,30.0,0.0,20.780038755215956,39.55879960647355,16.0,30.0,0.0,17.483131817477159,49.2331115222968,12.0,30.0,0.0,20.300745786453587,49.03718700214722,19.0,30.0,0.0,18.348096534188053,46.43650021214644,10.0,30.0,0.0,17.61180416215674,48.64298842816629,12.0,30.0,0.0,16.731811167605966,51.59964388302648,16.0,30.0,0.0,19.58815687370239,0.0,0.0,0.0,16.02777072351283,0.0,0.0,776.5645172659308,1228.1529313242582,762.6635887223193,770.5496249081059,826.5243543705265,1281.0370149379665,805.1805076976225,815.4189278733779,817.6546587260896,6424.065323402412,82.22639450419303,82.22639450419303,570.0,0.0,570.0,570.0,21.0,16.0,19.0,16.0,12.0,12.0,21.0,10.0,1.0,0.0,702.498838346102,0.0,1873.2578626291084,0.0,0.0,0.0,0.0,0.0,0.0,0.0,0.0,82.22639450419303,82.22639450419303,0.255,0.5783538004733755,0.27021103051474468,82.22639450419303,0.2656985864579156,0.0,0.009595000000000001 
 04/19  21:50:00,5.675,90.66666666666667,3.983333333333333,0.0,0.0,0.0,0.0,0.0,2.0,0.0,0.0,4.0,0.0,0.0,0.0,492.0,0.0,0.0,0.0,0.0,0.0,0.0,0.0,0.0,0.0,0.0,0.0,21.400204296578314,-823.6944025046842,21.06526764557252,-96.13709452930169,20.617260643483925,-256.6445881904574,20.221418493071555,30.83750140845723,17.508412360592346,10.599341566140993,19.96359498522456,-54.66553679410259,18.288638920317078,-28.639456523876107,17.551757669620686,-46.65239372762261,16.97785299854737,-194.83889610588177,876.5772050364913,978.7399394787371,0.0,0.0,0.0,0.0,0.0,0.0,0.0,0.0,0.0,0.0,0.0,0.0,0.0,0.0,0.0,0.0,0.0,0.0,0.0,0.0,0.0,0.0,1.601215082389007,0.4887713926706371,219.62678384509807,259.11037734231589,7118.485741395584,0.2179470643505865,0.033264203960712227,24.442030474415547,28.84321302697053,779.0106106839576,3.264871916858951,0.6169448066626893,431.48774563123046,511.4343258132108,13145.263423881559,0.36231908042485208,0.06846543469857369,271.3143012485707,321.8103783364374,8233.312386586489,0.0,0.0,8.461306006096543,10.143860721690326,202.76890952402995,0.0,0.0,13.423921348922307,15.916583976237963,394.0883085944812,0.0,0.0,241.93188902498265,289.23121349521457,6176.04778816617,0.0,0.0,17.030461703641774,20.412243361575535,408.677616253985,0.0,0.0,185.99323357496366,223.60245231677676,4159.018931342698,30.588410713307434,20.979705564682747,420.50333268737247,500.37965883959478,12636.70298610135,0.0,0.0,198.47642683119455,239.16986711450529,4177.412752183185,1174.1793254936966,21.688759257632854,37.76656110153911,21.5,30.0,0.0,21.484696896054819,46.35006743446166,21.0,30.0,163.77279143065909,20.748440876256998,39.56035232352754,21.0,30.0,0.0,20.73710350027608,39.586928965672758,16.0,30.0,0.0,17.489135390525428,49.32401913872347,12.0,30.0,0.0,20.289062154312338,49.09157893766903,19.0,30.0,0.0,18.296577349198885,46.722695058631078,10.0,30.0,0.0,17.507040706597459,49.10565216454473,12.0,30.0,0.0,16.66604984013808,51.90710046267908,16.0,30.0,0.0,19.618908808037224,0.0,0.0,0.0,15.981180030307213,0.0,0.0,791.0651277784776,1246.8802468886993,765.8923643220004,765.626511658651,827.6803210230869,1278.3176379842108,810.5553650045492,817.8193006914596,819.1745882894236,9279.365526285024,81.8692804247265,81.86928042472651,570.0,0.0,570.0,570.0,21.0,16.0,19.0,16.0,12.0,12.0,21.0,10.0,1.0,0.0,1174.1793254936966,0.0,163.77279143065909,0.0,0.0,0.0,0.0,0.0,0.0,0.0,0.0,81.8692804247265,81.8692804247265,0.34,0.7691700112940948,0.36028137401965956,81.8692804247265,0.3542647819438875,0.0,0.009531666666666666 
 04/19  22:00:00,5.55,91.0,4.02,0.0,0.0,0.0,0.0,0.0,2.0,0.0,0.0,4.0,0.0,0.0,0.0,984.0,0.0,0.0,0.0,0.0,0.0,0.0,0.0,0.0,0.0,0.0,0.0,21.383937331132104,-754.3585582801113,21.055602082926517,-73.44410070768004,21.386308603779836,-1236.3678499984445,20.19315169066241,525.9867674253306,17.51311535084476,8.945751731538735,19.954605281952249,-68.00180088814526,18.27362583332097,21.150773551993554,17.48996151758626,-48.79063735512946,16.93130573554023,-206.11425854824643,874.1943523030777,989.4359167717753,0.0,0.0,0.0,0.0,0.0,0.0,0.0,0.0,0.0,0.0,0.0,0.0,0.0,0.0,0.0,0.0,0.0,0.0,0.0,0.0,0.0,0.0,1.6020553064807013,0.48902787133110539,263.223439925713,311.58839354227879,8513.792374030276,0.2562630193028035,0.03911218243327282,18.321087108757099,21.680274102498989,590.8957120100116,3.1287254676726374,0.591217964412819,387.2567783375207,458.03376834398707,12730.880440790033,0.3995555295585587,0.07550180074802696,279.5591010762987,331.43414083529617,8598.940122717524,0.0,0.0,8.833961522678595,10.601249822300954,213.94804303175989,0.0,0.0,13.741360482454642,16.315466137140306,406.4784557980487,0.0,0.0,246.9860743102299,295.60979890727477,6361.462496398939,0.0,0.0,17.59323506749303,21.11791321725757,424.0667099476169,0.0,0.0,187.14484721276478,225.28014781944862,4212.65821283735,30.434411534348265,20.874081985149709,394.68737453564446,470.3661122761316,12059.340377655124,0.0,0.0,199.9660145797369,241.29856433919245,4230.373010011424,720.9812886789122,21.695493583740278,37.57506558081718,21.75,30.0,0.0,21.475329038159204,46.33177111582015,21.0,30.0,1843.398570295526,21.869452000705065,36.95718132652367,21.5,30.0,0.0,20.76839181647641,39.68339309598755,16.0,30.0,0.0,17.492840911565179,49.40733155526456,12.0,30.0,0.0,20.279399348896896,49.16766955716689,19.0,30.0,0.0,18.286670290063677,46.76518670063863,10.0,30.0,0.0,17.434290210158357,49.428808288773897,12.0,30.0,0.0,16.61542562140659,52.1688617770682,16.0,30.0,0.0,19.58824366294585,0.0,0.0,0.0,15.909143624684987,0.0,0.0,780.3011850451617,1244.6560476632529,766.6518903775768,775.2519556322405,829.5722987602641,1278.1729714970757,808.5109065006823,819.54878061794,820.7529735223777,6400.3464141111639,82.25978950208075,82.25978950208075,570.0,0.0,570.0,570.0,21.0,16.0,19.0,16.0,12.0,12.0,21.0,10.0,1.0,0.0,720.9812886789122,0.0,1843.398570295526,0.0,0.0,0.0,0.0,0.0,0.0,0.0,0.0,82.25978950208075,82.25978950208075,0.255,0.57835729170231,0.27021103051474468,82.25978950208075,0.2656985864579156,0.0,0.009468333333333334 
 04/19  22:10:00,5.421666666666667,91.33333333333334,4.003333333333333,0.0,0.0,0.0,0.0,0.0,2.0,0.0,0.0,4.0,0.0,0.0,0.0,2470.0,0.0,0.0,0.0,0.0,0.0,0.0,0.0,0.0,0.0,0.0,0.0,21.29006681192265,-545.4397155446764,21.040174453445297,-110.92814995262835,21.150049885029924,-941.6613192457506,20.283697109923325,348.8291391101652,17.514529291445379,6.5831778975920429,19.94227804587726,-35.630461783876757,18.362498677693809,73.1686624836526,17.40632521381417,-106.94998596653916,18.302078034305376,-337.3662526477958,806.3913032872587,846.5767271225329,0.0,0.0,0.0,0.0,0.0,0.0,0.0,0.0,0.0,0.0,0.0,0.0,0.0,0.0,0.0,0.0,0.0,0.0,0.0,0.0,0.0,0.0,1.6683492646836254,0.5092641223087989,128.75156828078733,152.4512912107633,4195.449070155717,0.24221888337202869,0.036968694043349927,22.40300704697654,26.534589406991619,725.0872647507573,3.201419137530751,0.6049544855500287,256.7219403714843,303.89484051073199,8404.976487000647,0.37691636752802407,0.07122380338775963,254.76393690555273,302.30018122086036,7896.548609511949,0.0,0.0,8.943196571018275,10.737296270153623,218.8669043985745,0.0,0.0,12.426653115468178,14.770891785607727,370.5500534271122,0.0,0.0,172.4619029339953,206.48190302934115,4539.419230710791,0.0,0.0,29.705698383581479,35.67155119166301,715.9175389314492,0.0,0.0,122.65108031027661,146.7410273665255,3265.8516755406437,30.248051803163614,20.746263239481224,262.22634498306908,312.85304610559026,8168.674082239628,0.0,0.0,130.1667280515307,157.33938765166796,2730.1923868938094,828.7221232814927,21.512548837665557,38.26384192798959,21.5,30.0,0.0,21.45240399844286,46.476573829234329,21.000000000000005,30.0,1285.2718563458628,21.51573876951519,37.58753475678944,21.400000000000003,30.0,0.0,20.873234412754156,39.35114025009268,15.999999999999999,30.0,0.0,17.491979559838087,49.44942933292109,12.0,30.0,0.0,20.273244100922143,48.061980407722767,19.0,30.0,0.0,18.470806729500067,46.38944586712067,10.0,30.0,0.0,17.316495749002266,49.96910304377017,12.0,30.0,2816.655304150448,18.64112816282767,46.070987889832178,20.0,30.0,0.0,19.165113606022776,0.0,0.0,0.0,15.579111173714207,0.0,0.0,794.8101100000918,1249.7457976621268,755.7683182721183,770.8973026780694,828.3597094280704,1258.3964103593999,812.929632617998,824.1629021454309,820.1123958359686,10630.017631049996,80.97596805794633,83.3073930900972,570.0,0.0,570.0,570.0,21.0,16.0,19.0,19.0,12.0,12.0,21.0,10.0,1.0,0.0,828.7221232814927,0.0,1285.2718563458628,0.0,0.0,0.0,0.0,2816.655304150448,3527.8933606219,2116736.0163731405,2755352.3829226915,80.97596805794633,83.34698842694307,0.35559644535406345,0.7694463587370148,0.3602813740196596,83.34698842694307,0.3542647819438876,2755352.3829226915,0.15268332391197998 
 04/19  22:20:00,5.293333333333333,91.66666666666667,3.986666666666667,0.0,0.0,0.0,0.0,0.0,2.0,0.0,0.0,4.0,0.0,0.0,0.0,494.0,0.0,0.0,0.0,0.0,0.0,0.0,0.0,0.0,0.0,0.0,0.0,21.240832775805676,-455.3033675757865,21.013265726819556,-128.67674400414144,20.745236441322598,-301.4159431036974,20.230740207244474,49.48590894988797,17.511194960113494,2.965617074775537,19.946400463538283,-17.35574074998013,18.3684541404765,-26.635284772632759,17.250349706373613,-133.87520222757417,18.801590597365107,-158.06208007665487,742.0702337033176,755.5618897752664,0.0,0.0,0.0,0.0,0.0,0.0,0.0,0.0,0.0,0.0,0.0,0.0,0.0,0.0,0.0,0.0,0.0,0.0,0.0,0.0,0.0,0.0,1.7402776785448376,0.5312202925961043,115.65984627296702,136.8771920269241,3764.767626511916,0.2161031234702386,0.03298277220241737,28.99348294238507,34.21955780573204,940.7889036173579,3.323815082537,0.628082971000945,183.03653214962288,217.040921357932,5823.093684073486,0.3558377225247087,0.06724068830776807,167.07738840151269,198.2567136901564,5212.009037810427,0.0,0.0,8.375360238197553,10.039462040354004,207.05423599017434,0.0,0.0,11.84051511869928,14.041215498840032,356.66763065534999,0.0,0.0,132.73669707335919,158.50788436116754,3516.8985208971109,0.0,0.0,36.86443409227362,44.23471340863607,881.2598943849376,0.0,0.0,107.73999246446485,128.22622967044266,3042.0093890323726,29.945938820196998,20.539052688749665,190.65259350594455,227.62520743426689,6049.242664850738,0.0,0.0,99.78313492014243,120.25892537576667,2103.0548771619708,757.8261888900344,21.45323880209817,38.761878250774568,21.5,30.0,0.0,21.413686459446536,45.90208858884351,21.0,30.0,185.7146477933994,20.929513121719908,39.02063394928141,21.0,30.0,0.0,20.746516776029997,39.59716634497404,16.0,30.0,0.0,17.483912165335359,49.46594703660183,12.0,30.0,0.0,20.292911483997679,46.548203309959237,19.0,30.0,0.0,18.46362101220039,46.44898012487518,10.0,30.0,0.0,17.070007784548918,50.99949382676171,12.0,30.0,0.0,19.36434080818077,43.89424459345325,19.0,30.0,0.0,18.750849290770085,0.0,0.0,0.0,15.444701450941079,0.0,0.0,815.1296195034571,1211.58989055534,760.0925614131226,767.0629399836055,824.1431029143296,1249.1329472575538,813.7070327069536,833.7937884772441,814.2952384986174,10033.263102606794,81.37072437945665,81.37072437945665,570.0,0.0,570.0,570.0,21.0,16.0,19.0,19.0,12.0,12.0,21.0,10.0,1.0,0.0,757.8261888900344,0.0,185.7146477933994,0.0,0.0,0.0,0.0,0.0,0.0,0.0,0.0,81.37072437945665,81.37072437945665,0.34,0.7717941484834993,0.36028137401965956,81.37072437945665,0.3542647819438875,0.0,0.009404999999999999 
 04/19  22:30:00,5.165,92.0,3.9699999999999999,0.0,0.0,0.0,0.0,0.0,2.0,0.0,0.0,4.0,0.0,0.0,0.0,988.0,0.0,0.0,0.0,0.0,0.0,0.0,0.0,0.0,0.0,0.0,0.0,21.21382465994631,-250.87189563127004,20.986189347124005,-97.97848272363925,21.36238909159891,-1566.186340066908,20.24695997432152,500.5862145495639,17.50638123573135,2.0044135575175519,19.94397664576694,-38.70488346932541,18.098483099766964,-139.866580444409,17.157316674674008,-88.65398067968443,19.015874745772686,-635.0155411558978,909.8952764885298,1263.8928167278669,0.0,0.0,0.0,0.0,0.0,0.0,0.0,0.0,0.0,0.0,0.0,0.0,0.0,0.0,0.0,0.0,0.0,0.0,0.0,0.0,0.0,0.0,1.740513119756205,0.5312921610977426,237.64886241895784,281.8034838169072,7676.2365183205879,0.25550759018529436,0.0389968849489155,23.615543335642326,27.93726286657448,773.3997642981552,3.1070570484511648,0.5871234029575143,394.410332115512,466.61958099854379,13162.598588805262,0.3747796264783998,0.07082003523779285,262.2925812647613,311.1251486862921,8272.336218787885,0.0,0.0,9.3040491403967,11.163800314128999,232.22236394777213,0.0,0.0,13.608412771625032,16.15774391386136,413.3489996921728,0.0,0.0,214.04503607393353,256.3210517599516,5536.287800013951,0.0,0.0,38.158260519838737,45.86870246051167,913.8710393082545,0.0,0.0,187.3953670234565,223.00050492094298,5500.553353043133,30.120150701851107,20.658539576029573,388.9673350125609,463.46532456475907,12214.30434435131,0.0,0.0,179.71312235092788,216.48608636634797,4039.813482095784,0.0,21.188786998108204,38.806033485418158,21.0,30.0,0.0,21.382946133317373,45.38729528688361,21.0,30.0,1975.5388404437056,21.70663440620806,37.21903759676154,21.5,30.0,0.0,20.85659619844632,39.33823425280221,16.0,30.0,0.0,17.475495685951864,49.492540033430028,12.0,30.0,0.0,20.295136091833638,45.85071701686791,19.0,30.0,0.0,17.96541647206103,47.95502567117095,10.0,30.0,0.0,16.95542780368261,51.377868451830149,12.0,30.0,1544.9524366692472,19.703310806218899,43.08957389768113,19.5,30.0,0.0,19.45776290605913,0.0,0.0,0.0,16.100305026960546,0.0,0.0,783.8189646741702,1178.9481053987334,760.8482719013433,768.1203836345844,822.6721468318447,1241.0057196382418,818.023945164195,834.2756227038007,822.2787993603251,10060.788622339294,81.35231922150975,85.19117822046707,570.0,0.0,570.0,570.0,21.0,16.0,19.0,19.0,12.0,12.0,21.0,10.0,1.0,0.0,0.0,0.0,1975.5388404437056,0.0,0.0,0.0,0.0,1544.9524366692472,5809.039255417501,3485423.5532505006,4562386.475574331,81.35231922150975,85.25637479040664,0.3636346418472501,0.7656053512580962,0.36028137401965956,85.25637479040664,0.3542647819438875,4562386.475574331,0.24664909672986527 
 04/19  22:40:00,5.036666666666667,92.33333333333334,3.953333333333333,0.0,0.0,0.0,0.0,0.0,2.0,0.0,0.0,0.0,0.0,0.0,0.0,1235.0,0.0,0.0,0.0,0.0,0.0,0.0,0.0,0.0,0.0,0.0,0.0,20.71367043330024,-150.29791377289568,20.694569602118109,-416.91514353632626,20.57008751780313,-315.8703345486498,20.204001583581687,-1.4835480035222573,17.50030082348446,1.0278722806168049,19.817998612473816,-49.59327359149931,17.978189408369347,-69.07273791844219,17.13806888198355,-51.816126127453077,18.70890345973585,-522.5467330422375,869.6575741468565,1200.7956338805009,0.0,0.0,0.0,0.0,0.0,0.0,0.0,0.0,0.0,0.0,0.0,0.0,0.0,0.0,0.0,0.0,0.0,0.0,0.0,0.0,0.0,0.0,1.6793841819350735,0.5126325341682154,279.13401970492085,331.41471902501459,8824.808438233425,0.29467125165802707,0.04497424475855114,139.41953793061976,165.451412055458,4434.798923869081,3.2960208525399508,0.622830848930452,239.48633613828725,284.6373346417989,7586.822819701325,0.338201517042095,0.0639080720034193,133.98746896235807,159.2238586573862,4235.030322514199,0.0,0.0,9.381156495253303,11.26086552764517,236.3895264715431,0.0,0.0,13.568265109919683,16.1300082755908,411.8822711285152,0.0,0.0,221.33047027117977,265.3893217399716,5722.655310864791,0.0,0.0,35.80728925772154,43.05618831204987,867.6866887243006,0.0,0.0,192.76432794175225,230.05673151084808,5495.207225325958,29.70739940022012,20.375445404814906,347.10019670987756,414.0974213830418,10964.015440804977,0.0,0.0,186.49894228781998,224.8581351323377,4254.388330963885,0.0,20.687329027535527,41.2262126266845,21.800000000000006,30.0,0.0,20.897821385724098,40.118232857947209,12.000000000000002,30.0,0.0,20.603021524581324,40.739595254147868,21.800000000000006,30.0,0.0,20.70731990201822,40.018104992348437,12.000000000000002,30.0,0.0,17.466363634952434,49.58387900462874,12.000000000000002,30.0,0.0,20.1501238826087,45.23020419748173,12.000000000000002,30.0,0.0,17.805859086724298,48.862469295166267,10.0,30.0,0.0,16.968958139321154,51.28579360450182,12.000000000000002,30.0,0.0,19.155588055311978,44.88857854746734,19.200000000000004,30.0,0.0,19.37011554122285,0.0,0.0,0.0,16.200808306552273,0.0,0.0,850.9723831155383,817.9709824897848,811.9541160657894,786.4499079923414,824.9952627173068,1204.4157980689579,839.239325738143,832.9617150383477,840.2710399058615,0.0,81.95661543068825,81.95661543068825,60.0,0.0,60.0,60.0,12.0,12.0,12.0,19.0,12.0,12.0,21.0,10.0,0.0,0.0,0.0,0.0,0.0,0.0,0.0,0.0,0.0,0.0,0.0,0.0,0.0,81.95661543068825,81.95661543068825,0.0,0.0,0.0,81.95661543068825,0.0,0.0,0.00099 
 04/19  22:50:00,4.908333333333333,92.66666666666666,3.9366666666666667,0.0,0.0,0.0,0.0,0.0,2.0,0.0,0.0,0.0,0.0,0.0,0.0,494.0,0.0,0.0,0.0,0.0,0.0,0.0,0.0,0.0,0.0,0.0,0.0,20.374395068363389,-200.43398542156866,20.36399164987543,-143.0031235383508,20.301772515150206,-155.70232503549233,19.92269456364258,-25.72905515991306,17.492380268810128,0.2178608930002781,19.679860969376173,-44.23480682581754,17.96595342593554,-33.83413653427533,17.118216889957674,-59.085606740827987,18.2405416583535,-190.5151784168188,660.2928535967285,975.6404628668527,0.0,0.0,0.0,0.0,0.0,0.0,0.0,0.0,0.0,0.0,0.0,0.0,0.0,0.0,0.0,0.0,0.0,0.0,0.0,0.0,0.0,0.0,1.6856867064114157,0.5145563816884664,157.67500397845493,187.24462492630765,4869.671667134119,0.31292621739930867,0.04776041169098118,109.55104544609643,130.08228476445573,3407.2199155870878,3.27391235042879,0.6186531274430822,147.9245497888329,175.64400812992646,4645.038537352879,0.3298713077938278,0.062333958388856327,95.46225594360644,113.23350826852749,2935.5994406915158,0.0,0.0,8.970249046562964,10.750541502606853,228.20903465455303,0.0,0.0,12.001476023769515,14.257650443485034,362.9104548612129,0.0,0.0,184.83911332731828,221.30995034554673,4828.9853735679339,0.0,0.0,32.46137748342723,38.9723871486984,795.08105267359,0.0,0.0,154.60913234373184,184.76644834223112,4209.797667748975,29.297079488784765,20.094018853761847,186.71042913466955,222.8062140569291,5992.945971956078,0.0,0.0,147.91271164087366,178.42735923502625,3252.603673613383,0.0,20.138016778335396,41.43601342718581,22.0,30.0,0.0,20.379589703206855,40.46486316460374,12.0,30.0,0.0,20.213559425178894,41.25721516895368,22.0,30.0,0.0,20.204818680355545,41.32361172078666,12.0,30.0,0.0,17.455256509020438,49.76369103897413,12.0,30.0,0.0,19.950298570252078,44.75437146819796,12.0,30.0,0.0,17.816402726282229,48.80033035417439,10.0,30.0,0.0,16.966605686597164,51.44824875363794,12.0,30.0,0.0,18.36658675433577,47.21031169116934,20.0,30.0,0.0,18.673375772478914,0.0,0.0,0.0,15.612957731258132,0.0,0.0,789.2312282874443,768.6067000231408,789.6471796693049,790.6899607946117,831.8066501884725,1175.7683982346892,838.4803688660791,841.8937268210214,843.1673578621195,0.0,81.95661543068825,81.95661543068825,60.0,0.0,60.0,60.0,12.0,12.0,12.0,19.0,12.0,12.0,21.0,10.0,0.0,0.0,0.0,0.0,0.0,0.0,0.0,0.0,0.0,0.0,0.0,0.0,0.0,81.95661543068825,81.95661543068825,0.0,0.0,0.0,81.95661543068825,0.0,0.0,0.00099 
 04/19  23:00:00,4.78,93.0,3.92,0.0,0.0,0.0,0.0,0.0,2.0,0.0,0.0,0.0,0.0,0.0,0.0,741.0,0.0,0.0,0.0,0.0,0.0,0.0,0.0,0.0,0.0,0.0,0.0,20.192429690927754,-51.49784119680048,20.1403063224338,-299.5117470747066,20.081824184205027,-189.6830409929874,19.728697599543076,-121.90882432147714,17.483325870477218,-1.610322633874945,19.58738159355662,-32.95010872080357,17.9684722042853,-45.67675159169725,17.06198023021875,-101.00277826308363,18.07642560208958,-73.16081420890463,570.1653942034886,636.8951744794747,0.0,0.0,0.0,0.0,0.0,0.0,0.0,0.0,0.0,0.0,0.0,0.0,0.0,0.0,0.0,0.0,0.0,0.0,0.0,0.0,0.0,0.0,1.6650870757463668,0.5082683381399171,146.72024720008546,174.60526038297975,4510.848218568302,0.30758970338561777,0.04694592542515538,106.80087721561107,127.08690213072534,3281.446854468109,3.2126212233715338,0.6070712818162392,115.12089650445827,136.77164168040918,3580.920372499114,0.31698480571504819,0.05989886729309303,90.6486393338557,107.67910939742413,2742.986077812715,0.0,0.0,7.791718392243624,9.345125924439376,200.04351381306567,0.0,0.0,10.833990688150842,12.884331924672399,327.95774222041737,0.0,0.0,125.8789148275466,150.80291021348769,3328.8277210565918,0.0,0.0,29.43895419683639,35.37390614584266,724.3554217783401,0.0,0.0,98.96913737719876,118.44199543534072,2675.2540756532764,28.753937725988654,19.721493639224066,180.08281918173604,215.27012905395805,5730.940091694793,0.0,0.0,92.44588902585254,111.8630753834824,1925.9745326015255,0.0,19.917964958258265,41.52351572132581,22.000000000000019,30.00000000000002,0.0,20.036371273186118,40.755920301106318,12.00000000000001,30.00000000000002,0.0,19.89869550177645,41.38870921217426,22.000000000000019,30.00000000000002,0.0,19.883288501942038,41.885198469268058,12.00000000000001,30.00000000000002,0.0,17.44400593377581,49.825096702674198,12.00000000000001,30.00000000000002,0.0,19.83798496066786,44.48114381206296,12.00000000000001,30.00000000000002,0.0,17.843384702469998,48.21938528427107,10.000000000000007,30.00000000000002,0.0,16.89266557213314,51.82147024191953,12.00000000000001,30.00000000000002,0.0,18.14319041049442,47.655795454066538,20.000000000000015,30.00000000000002,0.0,18.36194142628953,0.0,0.0,0.0,14.938728516274157,0.0,0.0,766.0756761041635,742.2335475873613,757.4721329629042,780.0354772525819,833.5814408678541,1170.8568590462706,817.1490434928941,850.4742392154899,832.526285512884,0.0,81.9566154306883,81.9566154306883,60.00000000000004,0.0,60.00000000000004,60.00000000000004,12.0,12.0,12.0,19.0,12.0,12.0,21.0,10.0,0.0,0.0,0.0,0.0,0.0,0.0,0.0,0.0,0.0,0.0,0.0,0.0,0.0,81.9566154306883,81.9566154306883,0.0,0.0,0.0,81.9566154306883,0.0,0.0,0.00099 
 04/19  23:10:00,4.7666666666666679,93.16666666666667,3.9749999999999998,0.0,0.0,0.0,0.0,0.0,2.0,0.0,0.0,0.0,0.0,0.0,0.0,494.0,0.0,0.0,0.0,0.0,0.0,0.0,0.0,0.0,0.0,0.0,0.0,19.952926056190539,-275.090257590221,19.974621672238678,-145.21863733191106,19.94252925748132,-20.931827314891508,19.585276901480535,-12.86467689017779,17.471477879005897,-2.21160434962178,19.503597637700794,-32.07788601097886,17.98759200697846,-4.768068019704742,16.97236863310714,-118.36460161899436,17.974453339533569,-37.460458864619798,371.08079980280106,539.4056813240349,0.0,0.0,0.0,0.0,0.0,0.0,0.0,0.0,0.0,0.0,0.0,0.0,0.0,0.0,0.0,0.0,0.0,0.0,0.0,0.0,0.0,0.0,1.654382638431267,0.5050008053819497,134.03177785878433,159.47937047557125,4013.8194236394144,0.30896886087257138,0.04715641954709575,70.42379885115929,83.80862141379318,2137.3829163704619,3.231477535486821,0.6106344549294827,61.13413143515485,72.68454583142953,1936.3355607759896,0.31504957634677485,0.0595331776921343,4.55672011435975,5.419364410425019,145.9669971107333,0.0,0.0,7.568930306779405,9.0702060092325,194.32936518306799,0.0,0.0,10.64505410417486,12.653897900815864,320.4122886427143,0.0,0.0,105.8511934835654,126.67741715348471,2813.5431545520489,0.0,0.0,29.733840941568638,35.71082513986157,724.7238503589331,0.0,0.0,79.90909564719067,95.59403974765545,2141.7918484660256,28.32541019292965,19.427579007496335,87.04269342606489,104.212154291804,3015.5826176181756,0.0,0.0,73.12688250821654,88.51906403258492,1473.269222668469,0.0,19.535176411620797,41.38098527046787,22.0,30.0,0.0,19.824047103712667,40.98734690577768,12.0,30.0,0.0,19.744452588438816,41.50324052734359,22.0,30.0,0.0,19.68073343951454,42.43156171088822,12.0,30.0,0.0,17.429663504732568,49.7678100974277,12.0,30.0,0.0,19.73316235716413,44.14912386121482,12.0,30.0,0.0,17.902662073467686,47.67475449196404,10.0,30.0,0.0,16.759423285880687,52.25643683622084,12.0,30.0,0.0,18.012165475379008,47.71896260258312,20.0,30.0,0.0,17.672690620388488,0.0,0.0,0.0,14.57929217261259,0.0,0.0,713.6101939133444,728.8946176239176,745.4134660442649,782.0970915506089,830.0059967569499,1163.4595465785272,801.5002372446957,853.7832614298691,818.3728343395344,0.0,81.95661543068825,81.95661543068825,60.0,0.0,60.0,60.0,12.0,12.0,12.0,19.0,12.0,12.0,21.0,10.0,0.0,0.0,0.0,0.0,0.0,0.0,0.0,0.0,0.0,0.0,0.0,0.0,0.0,81.95661543068825,81.95661543068825,0.0,0.0,0.0,81.95661543068825,0.0,0.0,0.00099 
 04/19  23:20:00,4.753333333333334,93.33333333333334,4.03,0.0,0.0,0.0,0.0,0.0,2.0,0.0,0.0,0.0,0.0,0.0,0.0,741.0,0.0,0.0,0.0,0.0,0.0,0.0,0.0,0.0,0.0,0.0,0.0,19.86222082577022,15.785797661200677,19.80342207830543,-291.88552169976847,19.763442157149908,-310.665421661968,19.45697892973528,-98.200405590124,17.45943815530671,-2.6788245264717425,19.437889676976228,-25.869115560990083,18.066881997221274,62.91542502265396,16.880726183701705,-146.90799191121273,17.911482498586485,-26.056696816107235,523.4306151299268,395.6666995842486,0.0,0.0,0.0,0.0,0.0,0.0,0.0,0.0,0.0,0.0,0.0,0.0,0.0,0.0,0.0,0.0,0.0,0.0,0.0,0.0,0.0,0.0,1.6377758670392595,0.4999315833453172,172.34053969588462,205.46342947768378,5152.431085156022,0.3054779650121574,0.04662362103360154,86.44847839616139,103.0926448026732,2584.9173673191337,3.1505358694689464,0.5953393555307911,148.3694612932405,176.640020923923,4475.9681797726639,0.3047519551767818,0.05758729311730568,90.41871499951808,107.55551150891938,2676.512947935141,0.0,0.0,6.812903896284054,8.170801866368234,174.90464732328753,0.0,0.0,10.34457390447101,12.310459856430957,310.17718164529085,0.0,0.0,78.92893030800386,94.45652124507555,2127.1358248465596,0.0,0.0,31.34889894801183,37.69531311194715,756.676472038248,0.0,0.0,42.61996713494743,51.06732828218681,1137.9708505984618,27.895561747815664,19.132758400422266,197.54311695972826,236.4130922293203,6108.4330441873939,0.0,0.0,48.65388968267072,59.01588439122601,943.648665025589,0.0,19.502184650148498,41.653734404209348,21.999999999999994,29.99999999999999,0.0,19.57660425187907,40.64965760988446,11.999999999999995,29.99999999999999,0.0,19.477147579289754,41.46494320523358,21.999999999999994,29.99999999999999,0.0,19.486131557234246,42.14751918571915,11.999999999999995,29.99999999999999,0.0,17.417154829774174,49.61198387708472,11.999999999999995,29.99999999999999,0.0,19.661836393904549,43.81542669721656,11.999999999999995,29.99999999999999,0.0,18.07768908844562,46.32310514511835,9.999999999999997,29.99999999999999,0.0,16.627355015306749,52.50422736492338,11.999999999999995,29.99999999999999,0.0,17.944938262366685,47.59387817349141,19.999999999999994,29.99999999999999,0.0,18.17849287376164,0.0,0.0,0.0,14.189423020761588,0.0,0.0,723.234238936507,683.3858387818285,711.4885516708199,744.8500033845426,822.4888384125404,1154.3873788290965,764.0623594357542,850.2173939931206,805.083227404232,0.0,81.9566154306882,81.9566154306882,59.99999999999998,0.0,59.99999999999998,59.99999999999998,12.0,12.0,12.0,19.0,12.0,12.0,21.0,10.0,0.0,0.0,0.0,0.0,0.0,0.0,0.0,0.0,0.0,0.0,0.0,0.0,0.0,81.9566154306882,81.9566154306882,0.0,0.0,0.0,81.9566154306882,0.0,0.0,0.0010133333333333334 
 04/19  23:30:00,4.74,93.5,4.085,0.0,0.0,0.0,0.0,0.0,2.0,0.0,0.0,0.0,0.0,0.0,0.0,494.0,0.0,0.0,0.0,0.0,0.0,0.0,0.0,0.0,0.0,0.0,0.0,19.805150602019375,-93.61873796641157,19.692086735388174,-236.6235376059442,19.60629595611791,-147.6190353234217,19.323537239952385,-69.4441928493909,17.445340111538394,-2.476606040476611,19.373614887895515,-22.942483909688919,18.148951180893904,43.41804613179829,16.766229382515705,-163.05172461929284,17.806641726662208,-151.4696708126104,409.5625840304592,531.0005971693377,0.0,0.0,0.0,0.0,0.0,0.0,0.0,0.0,0.0,0.0,0.0,0.0,0.0,0.0,0.0,0.0,0.0,0.0,0.0,0.0,0.0,0.0,1.6301048610120575,0.497590006413937,104.04872399740438,123.78007852197637,3127.952871276282,0.300290494807781,0.045831882601920188,67.20644638687398,79.87525140973338,1985.1682837900058,3.2344133243035535,0.6111892147210043,89.20213229820846,106.25171998519048,2705.0648044274487,0.31374089122535928,0.0592858826956461,79.14975361711589,94.22211227309187,2326.2927532779037,0.0,0.0,6.653719530352895,7.97431049119027,170.81953948225243,0.0,0.0,10.070032913941724,11.977109257587795,300.84991936944348,0.0,0.0,101.60374376087623,121.38420995501113,2770.958331626759,0.0,0.0,33.81519105553755,40.651202453613738,805.9352536817452,0.0,0.0,42.05427765864052,50.288337170564869,1107.5327332162959,27.56839687886196,18.908365486187909,133.28061489345809,159.43582733005119,4261.682274090763,0.0,0.0,64.20011582997748,77.73228640937974,1251.896706862196,0.0,19.450348727382548,41.09979470374088,22.0,30.0,0.0,19.468220633599779,40.549849706725307,12.0,30.0,0.0,19.28804607525901,41.58856697856501,22.0,30.0,0.0,19.29447843668187,41.954098844631307,12.0,30.0,0.0,17.402702081893417,49.32649289991225,12.0,30.0,0.0,19.59008699717618,43.413443952124989,12.0,30.0,0.0,18.232065246974544,45.803335176374009,10.0,30.0,0.0,16.456713853672427,52.63867393922119,12.0,30.0,0.0,17.787296705371298,47.83988787237879,20.0,30.0,0.0,17.79950854153642,0.0,0.0,0.0,14.173962441004822,0.0,0.0,691.090501357254,666.2254037028349,695.2726236350543,712.681269804611,809.3541123922006,1142.9922491185278,762.3433492726571,837.8524562471037,800.5976040340721,0.0,81.95661543068825,81.95661543068825,60.0,0.0,60.0,60.0,12.0,12.0,12.0,19.0,12.0,12.0,21.0,10.0,0.0,0.0,0.0,0.0,0.0,0.0,0.0,0.0,0.0,0.0,0.0,0.0,0.0,81.95661543068825,81.95661543068825,0.0,0.0,0.0,81.95661543068825,0.0,0.0,0.0010366666666666667 
 04/19  23:40:00,4.726666666666667,93.66666666666667,4.14,0.0,0.0,0.0,0.0,0.0,2.0,0.0,0.0,0.0,0.0,0.0,0.0,741.0,0.0,0.0,0.0,0.0,0.0,0.0,0.0,0.0,0.0,0.0,0.0,19.654734433504154,-220.75618845825984,19.565439848193546,-122.33458498329338,19.524615941733587,-109.4447313984869,19.240484749062426,-75.26007360306933,17.432078522861479,-0.5468542473457013,19.31774261817612,-25.26294914879309,18.095159595484753,-36.598177364739999,16.68755344202812,-137.06082997156154,17.561189537380785,-404.71312257961236,394.35740930740777,861.1490106668214,0.0,0.0,0.0,0.0,0.0,0.0,0.0,0.0,0.0,0.0,0.0,0.0,0.0,0.0,0.0,0.0,0.0,0.0,0.0,0.0,0.0,0.0,1.6356682555374716,0.49928823429104776,130.90404099299807,156.12793060132518,3867.1514087961729,0.305484070034756,0.046624552813607469,53.88547104530829,64.18974754102197,1587.5237298720506,3.240329755581401,0.612307210049396,92.99180678568874,110.89982587021606,2805.6132995319537,0.3124507550685238,0.059042092794505649,62.34081869512633,74.23735652832613,1822.2549713518866,0.0,0.0,6.315185055663477,7.57474007318984,162.13538338195483,0.0,0.0,10.093515797392679,12.016608778871687,300.66294301329256,0.0,0.0,148.98550686975075,178.22806420849924,4034.3146239322538,0.0,0.0,34.24774929977109,41.225085217591757,810.7924982040288,0.0,0.0,90.76211869029005,108.83414763804845,2323.7378407167227,27.216961740212306,18.667326296441926,131.19608545933307,157.20686951102446,4166.232332125178,0.0,0.0,115.00090374680147,139.2542456247951,2320.60937117586,0.0,19.223311508394536,40.978377296949407,22.000000000000008,30.00000000000001,0.0,19.323681592864497,40.58517977472064,12.000000000000006,30.00000000000001,0.0,19.225991341904874,41.38185947981638,22.000000000000008,30.00000000000001,0.0,19.196783841459309,41.860482957490159,12.000000000000006,30.00000000000001,0.0,17.39185691954674,49.103913265451868,12.000000000000006,30.00000000000001,0.0,19.533123194914724,43.151211575091398,12.000000000000006,30.00000000000001,0.0,18.124914072932876,45.90606328309504,10.000000000000004,30.00000000000001,0.0,16.362229684624209,52.238547808900339,12.000000000000006,30.00000000000001,0.0,17.374386756158658,48.76215190085783,20.000000000000008,30.00000000000001,0.0,17.74215138492184,0.0,0.0,0.0,14.5538221712081,0.0,0.0,658.768397711681,651.2615534370995,678.9651490515591,697.8105919434623,799.8789646003063,1135.6020255052318,759.5996369949213,808.1965194480632,793.439068301001,0.0,81.95661543068828,81.95661543068828,60.00000000000002,0.0,60.00000000000002,60.00000000000002,12.0,12.0,12.0,19.0,12.0,12.0,21.0,10.0,0.0,0.0,0.0,0.0,0.0,0.0,0.0,0.0,0.0,0.0,0.0,0.0,0.0,81.95661543068828,81.95661543068828,0.0,0.0,0.0,81.95661543068828,0.0,0.0,0.0010600000000000002 
 04/19  23:50:00,4.713333333333334,93.83333333333334,4.195,0.0,0.0,0.0,0.0,0.0,2.0,0.0,0.0,0.0,0.0,0.0,0.0,494.0,0.0,0.0,0.0,0.0,0.0,0.0,0.0,0.0,0.0,0.0,0.0,19.510766449029047,-214.44155750878145,19.485487568909585,-133.94312742003729,19.456990271051425,-47.732656574111789,19.147573987665795,-110.27629825866782,17.418133379310747,0.8870773083007748,19.25530192635351,-29.696251416058034,17.969745639348866,-66.04879090836721,16.648352569167714,-112.97193194616512,17.2706566149554,-424.1019184773038,347.58542052685928,957.9556329476552,0.0,0.0,0.0,0.0,0.0,0.0,0.0,0.0,0.0,0.0,0.0,0.0,0.0,0.0,0.0,0.0,0.0,0.0,0.0,0.0,0.0,0.0,1.6350626770122952,0.4991033812613844,130.86140802476326,155.9870426257948,3815.314948956413,0.3068266517281601,0.04682946454947499,66.76995323802777,79.6094138649118,1958.8201349566517,3.2526911601084995,0.6146430763621505,66.09502874103325,78.62489122739845,2020.1508274128328,0.30918648325644546,0.05842526138632754,32.09204058412751,38.186862623138569,933.1438500115122,0.0,0.0,6.128521250315915,7.344435541799905,157.3876181490441,0.0,0.0,10.425714715969744,12.405084426513945,309.449138633561,0.0,0.0,170.77232395627045,204.2934546146942,4557.781188511843,0.0,0.0,31.832418308227177,38.29179773004564,753.1595874299966,0.0,0.0,114.27022677024434,137.1495251791776,2830.050471245948,26.931999460395298,18.47187891659486,111.60123233897062,133.59876498927503,3617.3887427075958,0.0,0.0,137.66264107415959,166.51805837710857,2812.9991317001656,0.0,19.04074904712998,40.970094847415378,22.0,30.0,0.0,19.244491146757896,40.66353391313396,12.0,30.0,0.0,19.180298394569726,41.16346011269613,22.0,30.0,0.0,19.078801807695883,41.640794926001998,12.0,30.0,0.0,17.38090497891641,48.84609760216781,12.0,30.0,0.0,19.462594499097486,42.90792857445394,12.0,30.0,0.0,17.90635999701776,46.279948523881959,10.0,30.0,0.0,16.340832535875515,51.76078557851696,12.0,30.0,0.0,16.91727564016517,49.76076913821569,20.0,30.0,0.0,17.56012056999129,0.0,0.0,0.0,14.678346717667523,0.0,0.0,637.1305625231476,646.2504987687994,664.8288752128071,674.9046531762284,790.6144418684432,1124.4146766196596,750.4952868234376,784.2099394702268,777.24103462356,0.0,81.95661543068825,81.95661543068825,60.0,0.0,60.0,60.0,12.0,12.0,12.0,19.0,12.0,12.0,21.0,10.0,0.0,0.0,0.0,0.0,0.0,0.0,0.0,0.0,0.0,0.0,0.0,0.0,0.0,81.95661543068825,81.95661543068825,0.0,0.0,0.0,81.95661543068825,0.0,0.0,0.0010766666666666668 
 04/19  24:00:00,4.7,94.0,4.25,0.0,0.0,0.0,0.0,0.0,2.0,0.0,0.0,0.0,0.0,0.0,0.0,741.0,0.0,0.0,0.0,0.0,0.0,0.0,0.0,0.0,0.0,0.0,0.0,19.44047390866033,-66.97607120828228,19.38858524148069,-213.1596776433656,19.33572209262742,-197.68661480004313,19.056347984350969,-50.71484031141385,17.404400051426959,2.4762422327186965,19.1960782230511,-35.88080064051611,17.823947489206817,-118.4493920670118,16.629099388273354,-91.00905852320045,17.051516511479354,-425.5826369306295,378.08954288184909,977.4576637988113,0.0,0.0,0.0,0.0,0.0,0.0,0.0,0.0,0.0,0.0,0.0,0.0,0.0,0.0,0.0,0.0,0.0,0.0,0.0,0.0,0.0,0.0,1.6158719535933482,0.4932454070797771,134.8382905203713,161.02391405529529,3930.848379963277,0.29886119216747988,0.045613735068296728,77.96861995262661,93.13965222613209,2270.4459065945559,3.2349965771207955,0.6112994287832199,116.90654531913956,139.57324925786203,3459.713423686038,0.3084962155449832,0.058294825310843418,77.7668728201337,92.78369827250302,2243.145471365237,0.0,0.0,5.8057348182380938,6.963237686886545,149.12058411997149,0.0,0.0,11.025314290513599,13.131912782829105,326.1314059853695,0.0,0.0,183.7704501425245,220.21736664184625,4823.19255618481,0.0,0.0,26.809367667281625,32.275218807790967,635.5407440164148,0.0,0.0,131.55637830993713,158.20932106565463,3183.4667252695169,26.553357102699985,18.212179082784649,152.2092916246185,182.56900742516167,4717.956005221176,0.0,0.0,151.90578939482124,183.92005522558717,3104.1200712930105,0.0,19.01593255889189,40.98541130054603,22.000000000000019,30.00000000000002,0.0,19.126730032168607,40.44946659537371,12.00000000000001,30.00000000000002,0.0,19.01095973649163,40.94647352825456,22.000000000000019,30.00000000000002,0.0,18.97289786977236,41.479516553705519,12.00000000000001,30.00000000000002,0.0,17.37146620641593,48.62340178792831,12.00000000000001,30.00000000000002,0.0,19.398539542402248,42.713326316596148,12.00000000000001,30.00000000000002,0.0,17.662821343758126,46.609159770325408,10.000000000000007,30.00000000000002,0.0,16.35319647275803,51.36776029672491,12.00000000000001,30.00000000000002,0.0,16.60709322905032,50.35664210816572,20.000000000000015,30.00000000000002,0.0,17.666396257003158,0.0,0.0,0.0,14.66996900665044,0.0,0.0,636.153661103307,622.6337514280275,633.8686139615193,655.2111435341944,784.8053070708984,1108.768308443475,735.9794701324557,771.5424045137359,763.7599796957887,0.0,81.9566154306883,81.9566154306883,60.00000000000004,0.0,60.00000000000004,60.00000000000004,12.0,12.0,12.0,19.0,12.0,12.0,21.0,10.0,0.0,0.0,0.0,0.0,0.0,0.0,0.0,0.0,0.0,0.0,0.0,0.0,0.0,81.9566154306883,81.9566154306883,0.0,0.0,0.0,81.9566154306883,0.0,0.0,0.0010933333333333334 
 04/20  00:10:00,4.675000000000001,94.33333333333334,4.308333333333334,0.0,0.0,0.0,0.0,0.0,2.0,2.0,0.0,0.0,0.0,0.0,0.0,741.0,0.0,0.0,0.0,0.0,0.0,0.0,0.0,0.0,0.0,0.0,0.0,19.29640335973346,-155.1044758940728,19.30778975681772,-214.79773720576456,19.242792541894568,-165.33245302109237,18.97808429761374,-103.3687150148359,17.386174634980983,-0.5872325970735044,19.133926941845233,-36.189104071001398,17.844594400988158,34.91710571578126,16.578430408493909,-134.1367966786101,17.043641627334414,-145.4264395977781,458.89387299269586,509.71691120344368,0.0,0.0,0.0,0.0,0.0,0.0,0.0,0.0,0.0,0.0,0.0,0.0,0.0,0.0,0.0,0.0,0.0,0.0,0.0,0.0,0.0,0.0,1.6263250158498433,0.49643620752437225,254.9938319969087,304.609552126259,7296.203542799154,0.3010701285801266,0.04595087432541615,154.57000092580675,184.4845060368983,4480.510448195549,3.233896232204022,0.6110915026840558,174.07833962427356,207.6710922143713,5073.103914699499,0.30299039844919625,0.05725442147566065,81.68348501320821,97.43404550290043,2343.787596817803,0.0,0.0,5.540681728397386,6.645806429587739,142.38237796952346,0.0,0.0,10.593347182338678,12.618826360640949,312.4484700995229,0.0,0.0,79.7018773137309,95.48771569725025,2110.9402710333836,0.0,0.0,28.277510005157525,34.041942922380027,668.6248570703809,0.0,0.0,28.215643408370015,33.92190990723649,688.5039681701157,26.14320058112999,17.930864596111115,289.7187551814853,347.0003264692854,8468.795894396353,0.0,0.0,63.730266756875298,77.34995836743336,1217.4662276576115,0.0,18.799062173466294,40.9398671564468,22.0,30.0,0.0,19.05250404109092,40.22508697495671,12.0,30.0,0.0,18.913881081811725,40.91682700019603,22.0,30.0,0.0,18.877150830635697,41.17943134998809,12.0,30.0,0.0,17.353931116184815,48.202520528331309,12.0,30.0,0.0,19.32999384735186,42.45391632572297,12.0,30.0,0.0,17.76244949244578,45.01423754648634,10.0,30.0,0.0,16.29709790852012,50.89834368060531,12.0,30.0,0.0,16.686169531719395,49.68865755554792,20.0,30.0,0.0,17.921223434546783,0.0,0.0,0.0,13.971416475036336,0.0,0.0,609.1730031721759,604.7726718106535,623.177470473815,634.4346202448039,770.4789671454028,1096.5598342363713,683.4850006640913,752.2456410031684,804.3971296834528,0.0,81.95661543068825,81.95661543068825,60.0,0.0,60.0,60.0,12.0,12.0,12.0,19.0,12.0,12.0,21.0,10.0,0.0,0.0,0.0,0.0,0.0,0.0,0.0,0.0,0.0,0.0,0.0,0.0,0.0,81.95661543068825,81.95661543068825,0.0,0.0,0.0,81.95661543068825,0.0,0.0,0.00111 
 04/20  00:20:00,4.65,94.66666666666667,4.366666666666667,0.0,0.0,0.0,0.0,0.0,2.0,2.0,0.0,0.0,0.0,0.0,0.0,247.0,0.0,0.0,0.0,0.0,0.0,0.0,0.0,0.0,0.0,0.0,0.0,19.385208902230408,-39.79738388596934,19.18750246620469,-183.70999174935015,19.12799251156789,-161.36383856429485,18.92383241894288,-20.68858464413279,17.36245083961414,-0.5667878323843354,19.067014745173414,-34.0081401481566,17.903916114135808,14.194772770047166,16.4956096634181,-136.55810575403417,17.1396168491249,-156.94480955041275,327.85542411981626,549.9821240816966,0.0,0.0,0.0,0.0,0.0,0.0,0.0,0.0,0.0,0.0,0.0,0.0,0.0,0.0,0.0,0.0,0.0,0.0,0.0,0.0,0.0,0.0,1.6201708509791575,0.4945576468190347,85.46948922520814,101.64809780869662,2523.8753741619668,0.30241066014394449,0.046155473159942689,79.11949893527985,94.15443535130915,2279.264069755745,3.314224349541659,0.6262706631786962,72.70256041697692,86.55420085720192,2162.3719985269947,0.3137078330303694,0.059279635871196018,83.28399851752249,99.10432991753534,2389.10052475562,0.0,0.0,5.665033927435478,6.773324019770753,145.6179075460393,0.0,0.0,10.517165717357722,12.49242610407623,309.2456198631178,0.0,0.0,81.44201488708038,97.22172180296096,2182.7613369836888,0.0,0.0,30.13994517589859,36.18455441157314,707.8004763181647,0.0,0.0,28.367507674926249,33.97008990493466,706.091385498876,25.834582253839107,17.71919221799665,116.83493326572808,139.72118515776229,3698.292888776627,0.0,0.0,65.18967797355009,78.9231767438459,1225.5691528904973,0.0,19.04987945142769,40.13168488756556,22.0,30.0,0.0,18.902783627468108,39.97182218712119,12.0,30.0,0.0,18.77105803631955,40.4584945251121,22.0,30.0,0.0,18.839702237905926,41.39626123703321,12.0,30.0,0.0,17.327323271789486,47.6956590483203,12.0,30.0,0.0,19.25111078181161,42.110620910829037,12.0,30.0,0.0,17.89579878838537,44.17299964693904,10.0,30.0,0.0,16.1847948373063,50.41452665068079,12.0,30.0,0.0,16.90770879732934,48.4043475093664,20.0,30.0,0.0,17.470321721677818,0.0,0.0,0.0,13.790233203622897,0.0,0.0,602.8196255938154,574.9151205614405,584.5230685514111,645.349367453325,755.5772800327331,1085.2085363538864,668.3154831896434,725.0330007419791,837.2366256604493,0.0,81.95661543068825,81.95661543068825,60.0,0.0,60.0,60.0,12.0,12.0,12.0,19.0,12.0,12.0,21.0,10.0,0.0,0.0,0.0,0.0,0.0,0.0,0.0,0.0,0.0,0.0,0.0,0.0,0.0,81.95661543068825,81.95661543068825,0.0,0.0,0.0,81.95661543068825,0.0,0.0,0.00107 
 04/20  00:30:00,4.625,95.0,4.425,0.0,0.0,0.0,0.0,0.0,2.0,2.0,0.0,0.0,0.0,0.0,0.0,741.0,0.0,0.0,0.0,0.0,0.0,0.0,0.0,0.0,0.0,0.0,0.0,19.203631531441496,-192.08614416405264,19.140184028314473,-144.40047968315208,19.083651622511224,-98.3983159035742,18.839764902285908,-118.3036348281619,17.34274614826684,-1.9150801088613788,19.02165640135239,-29.51814446559466,17.897679507048769,-3.4812116661832976,16.425251408286788,-161.8197389742288,17.160260676578809,-153.54686097124515,428.5398812186566,574.9194365608693,0.0,0.0,0.0,0.0,0.0,0.0,0.0,0.0,0.0,0.0,0.0,0.0,0.0,0.0,0.0,0.0,0.0,0.0,0.0,0.0,0.0,0.0,1.6345373731799407,0.4989430321062089,207.07474575436573,247.37983081117495,5925.487547197939,0.30218445299567439,0.04612094825941305,107.1902567792173,127.91904899504063,3084.5833081508128,3.368537274550808,0.6365338765213168,175.96436246024343,210.13524402110364,5107.021580688667,0.3114058071783403,0.058844634765370388,82.53616919268819,98.57849330056794,2351.9971495640318,0.0,0.0,5.561575702076293,6.670617590586168,142.96696765166949,0.0,0.0,10.075821521635007,12.005751784155457,295.8840269007915,0.0,0.0,80.37141147755907,96.22730763743519,2157.1533205496577,0.0,0.0,33.518076916140007,40.37095793010493,782.7479082698732,0.0,0.0,26.31104781371925,31.597119039433925,659.1643240263127,25.495667150442704,17.48674015805398,246.47271798092619,295.3371730020577,7260.462869774879,0.0,0.0,65.31902340026312,79.34504883411603,1216.9535154179244,0.0,18.7376284384001,40.61226775896534,21.999999999999994,29.99999999999999,0.0,18.89049010503438,40.06535697455786,11.999999999999995,29.99999999999999,0.0,18.766605892061518,40.729164873819367,21.999999999999994,29.99999999999999,0.0,18.72246185388144,41.046122749159078,11.999999999999995,29.99999999999999,0.0,17.31017243528013,47.42977600827925,11.999999999999995,29.99999999999999,0.0,19.21435860037505,41.93860034749338,11.999999999999995,29.99999999999999,0.0,17.8973483730469,43.867667945992739,9.999999999999997,29.99999999999999,0.0,16.099416812424225,50.28414058388335,11.999999999999995,29.99999999999999,0.0,16.973961658516115,47.898754789139079,19.999999999999994,29.99999999999999,0.0,17.805128455283318,0.0,0.0,0.0,13.68478528595518,0.0,0.0,589.5964718954609,579.7143829762238,600.3606935143419,617.2353997860943,746.4983841363446,1085.0879655071877,663.6442962665096,714.0799526271588,841.5750119825596,0.0,81.9566154306882,81.9566154306882,59.99999999999998,0.0,59.99999999999998,59.99999999999998,12.0,12.0,12.0,19.0,12.0,12.0,21.0,10.0,0.0,0.0,0.0,0.0,0.0,0.0,0.0,0.0,0.0,0.0,0.0,0.0,0.0,81.9566154306882,81.9566154306882,0.0,0.0,0.0,81.9566154306882,0.0,0.0,0.00103 
 04/20  00:40:00,4.6,95.33333333333334,4.483333333333333,0.0,0.0,0.0,0.0,0.0,2.0,2.0,0.0,0.0,0.0,0.0,0.0,494.0,0.0,0.0,0.0,0.0,0.0,0.0,0.0,0.0,0.0,0.0,0.0,19.136561134589117,-204.15935903112905,19.065869152618725,-110.10791886494924,19.038373898419829,-65.95784368305684,18.801907746537755,-16.90512518118287,17.317278348837325,-2.2992000723060368,18.96832419282282,-27.920720615068328,17.87179481501059,-2.226941874918797,16.332830760273997,-166.11263371419683,17.18817109814279,-151.83987767641674,353.4174024984046,582.6369929549576,0.0,0.0,0.0,0.0,0.0,0.0,0.0,0.0,0.0,0.0,0.0,0.0,0.0,0.0,0.0,0.0,0.0,0.0,0.0,0.0,0.0,0.0,1.6445366007458316,0.5019952993729646,165.7554087709405,197.71760561544546,4736.42189786848,0.3068593250334399,0.0468344513176801,91.69125191412187,109.41578187269983,2630.7487945704635,3.4064666448560887,0.6437011800559507,72.82811942101879,86.84119713396211,2172.424627940876,0.31440644723174207,0.059411649136761539,29.664879901045098,35.4482571244189,851.8520231883906,0.0,0.0,5.601665614273816,6.712650900671996,143.98173771954763,0.0,0.0,9.88996165060041,11.776866832556369,289.89117679279038,0.0,0.0,80.6505696863569,96.4777467131911,2164.2321018613949,0.0,0.0,34.837979461080049,41.94243492351653,806.8820419401723,0.0,0.0,25.14519272282069,30.161538625853937,635.0886189630616,25.158550683696157,17.255521730930164,145.68995853417398,174.49355576248503,4465.974402331669,0.0,0.0,64.84825923841278,78.73487069021189,1197.167953349535,0.0,18.68529575813769,40.55926547764197,22.000000000000008,30.00000000000001,0.0,18.816304666334689,40.13028790374965,12.000000000000004,30.00000000000001,0.0,18.749404167415237,40.49647497247639,22.000000000000008,30.00000000000001,0.0,18.716585646282167,41.05122732964435,12.000000000000004,30.00000000000001,0.0,17.283201047480458,47.04390423639386,12.000000000000004,30.00000000000001,0.0,19.160251407349344,41.67260272289846,12.000000000000004,30.00000000000001,0.0,17.869379881374067,43.67647224838561,10.000000000000004,30.00000000000001,0.0,15.975757850107339,50.16552172226688,12.000000000000004,30.00000000000001,0.0,17.052959418574859,47.22067149516283,20.000000000000008,30.00000000000001,0.0,17.53550129034482,0.0,0.0,0.0,13.573898085571223,0.0,0.0,581.9098149205698,575.2938467528386,588.4482875162994,628.4448280862217,733.7160118259108,1083.9450719394673,655.3405979871498,700.7313038763825,844.0556170558214,0.0,81.95661543068828,81.95661543068828,60.00000000000002,0.0,60.00000000000002,60.00000000000002,12.0,12.0,12.0,19.0,12.0,12.0,21.0,10.0,0.0,0.0,0.0,0.0,0.0,0.0,0.0,0.0,0.0,0.0,0.0,0.0,0.0,81.95661543068828,81.95661543068828,0.0,0.0,0.0,81.95661543068828,0.0,0.0,0.00099 
 04/20  00:50:00,4.574999999999999,95.66666666666666,4.541666666666666,0.0,0.0,0.0,0.0,0.0,2.0,2.0,0.0,0.0,0.0,0.0,0.0,494.0,0.0,0.0,0.0,0.0,0.0,0.0,0.0,0.0,0.0,0.0,0.0,18.975989260925997,-99.72079990272505,19.024902195590188,-191.46602661913995,18.95277612610483,-207.64497586742528,18.70434039414215,-106.8999379790489,17.29062765884314,-3.3669183068554959,18.9179214959228,-23.848549868357595,17.83162051275158,-33.21879751245342,16.238549473469044,-179.64819900514864,17.206309646947063,-130.9926056645898,454.60583182092889,563.9792673391029,0.0,0.0,0.0,0.0,0.0,0.0,0.0,0.0,0.0,0.0,0.0,0.0,0.0,0.0,0.0,0.0,0.0,0.0,0.0,0.0,0.0,0.0,1.6541450678989256,0.5049282869044339,335.27948630713589,400.0895371576743,9456.905822285404,0.3000392084212882,0.045793529978829097,183.15642946973407,218.31104309267963,5242.842776587157,3.360275284281323,0.6349726538702427,277.5764677162744,331.13323286121729,7952.664392975386,0.3060482656480014,0.05783224974452028,148.55050823253428,177.28560952042205,4196.099010605214,0.0,0.0,5.182211192785121,6.212383515228719,133.1639630066132,0.0,0.0,9.632151689165316,11.469722324628365,281.8746270962042,0.0,0.0,74.71838284938895,89.41199013599446,2001.3690113108626,0.0,0.0,36.73944865131289,44.25171137243544,843.7188063509418,0.0,0.0,21.338338045843103,25.58791265072349,542.3600961835717,24.683135740925878,16.929448381979346,444.8248053424304,531.9828020144801,12623.048684707112,0.0,0.0,61.74055553400952,74.99370593196332,1126.0505232079095,0.0,18.465937819990825,41.05230210648888,22.0,30.0,0.0,18.797856469350003,40.03489727749185,12.0,30.0,0.0,18.643008627634744,40.60501249252869,22.0,30.0,0.0,18.569309326877538,40.93484322202697,12.0,30.0,0.0,17.25532527993476,46.67126438654518,12.0,30.0,0.0,19.111522356860499,41.4363674401411,12.0,30.0,0.0,17.81591009531005,43.41284331326403,10.0,30.0,0.0,15.850378749016418,49.93837798361365,12.0,30.0,0.0,17.111612664759869,46.5910122097449,20.0,30.0,0.0,17.904410613178685,0.0,0.0,0.0,13.43743295129651,0.0,0.0,584.8359803341857,570.2056605712337,591.2187061494142,602.8409193298214,718.2275899163451,1085.2134488740708,645.4008686994749,686.2011329883685,847.9352774867853,0.0,81.95661543068825,81.95661543068825,60.0,0.0,60.0,60.0,12.0,12.0,12.0,19.0,12.0,12.0,21.0,10.0,0.0,0.0,0.0,0.0,0.0,0.0,0.0,0.0,0.0,0.0,0.0,0.0,0.0,81.95661543068825,81.95661543068825,0.0,0.0,0.0,81.95661543068825,0.0,0.0,0.0009866666666666668 
 04/20  01:00:00,4.55,96.0,4.6,0.0,0.0,0.0,0.0,0.0,2.0,2.0,0.0,0.0,0.0,0.0,0.0,247.0,0.0,0.0,0.0,0.0,0.0,0.0,0.0,0.0,0.0,0.0,0.0,18.95459403920392,-170.28873575318904,18.975409664652557,-30.71811026835269,18.899905210932397,-22.375824300554087,18.618126112862514,-126.58529892604475,17.260660192282648,-3.0226165177262205,18.863360454404256,-24.74314760450693,17.791528286419763,-5.607495747833127,16.145719908530454,-174.9107171566087,17.21769192703018,-132.77197929273383,381.5981204977552,575.9251341268839,0.0,0.0,0.0,0.0,0.0,0.0,0.0,0.0,0.0,0.0,0.0,0.0,0.0,0.0,0.0,0.0,0.0,0.0,0.0,0.0,0.0,0.0,1.652720794713203,0.5044935270797323,168.58677585214827,200.81370817877719,4777.2653199535229,0.30912225492937409,0.047179831338427059,26.821122408644006,31.914309148391813,777.2584968023986,3.5480096450444109,0.6704477787309925,219.38443941114708,261.1481657677848,6321.050124561164,0.3161353322456305,0.059738346985190936,102.40733191792384,121.98744135820424,2879.77315452202,0.0,0.0,5.529591089392059,6.612078329321027,142.04063741008376,0.0,0.0,9.590916849273512,11.396850018730893,280.1354884014105,0.0,0.0,79.2698742251128,94.6311460873496,2120.0585588885285,0.0,0.0,37.464143461319569,45.036919703250088,853.6451726454243,0.0,0.0,21.35362595779127,25.54214834099612,545.6571539342958,24.39497907773294,16.7318100670322,222.15366503722366,265.3867939986749,6525.7957201607919,0.0,0.0,62.24848231041131,75.46009302583512,1126.3146095770008,0.0,18.47470280445041,40.690433540417519,22.0,30.0,0.0,18.78101817509166,39.97491901658242,12.0,30.0,0.0,18.62670268727136,40.97180692125756,22.0,30.0,0.0,18.46017727305116,40.807577012456139,12.0,30.0,0.0,17.222295395680346,46.29574228432159,12.0,30.0,0.0,19.053332144035744,41.162352491950148,12.0,30.0,0.0,17.77024280883222,43.59623193427941,10.0,30.0,0.0,15.730817664775998,49.990105435220289,12.0,30.0,0.0,17.153239600566704,46.058583552674708,20.0,30.0,0.0,17.65691191561977,0.0,0.0,0.0,13.337251972156484,0.0,0.0,566.7249308031499,568.1604191467283,613.9969900370086,578.4233292589685,704.2555168935853,1081.5053041055499,653.2129021506463,678.7761883102114,850.3620706607649,0.0,81.95661543068825,81.95661543068825,60.0,0.0,60.0,60.0,12.0,12.0,12.0,19.0,12.0,12.0,21.0,10.0,0.0,0.0,0.0,0.0,0.0,0.0,0.0,0.0,0.0,0.0,0.0,0.0,0.0,81.95661543068825,81.95661543068825,0.0,0.0,0.0,81.95661543068825,0.0,0.0,0.0009833333333333333 
 04/20  01:10:00,4.591666666666667,96.0,4.706666666666666,0.0,0.0,0.0,0.0,0.0,2.0,2.0,0.0,0.0,0.0,0.0,0.0,494.0,0.0,0.0,0.0,0.0,0.0,0.0,0.0,0.0,0.0,0.0,0.0,18.95669714194524,-101.74152440377202,18.89128609483177,-158.4067222661106,18.78995671354891,-155.04686131060954,18.5904602207696,-53.23057182405864,17.235455245131655,-3.7537375786531159,18.821462169453797,-22.168180270012415,17.750391656208277,-23.460797449005896,16.074121655913573,-185.6661501264465,17.214247271671593,-128.15829868692948,391.1023363478589,580.1003945442235,0.0,0.0,0.0,0.0,0.0,0.0,0.0,0.0,0.0,0.0,0.0,0.0,0.0,0.0,0.0,0.0,0.0,0.0,0.0,0.0,0.0,0.0,1.6460061873351378,0.502443891127942,206.52465511687729,246.4658676039393,5860.154243017483,0.3014982329428096,0.046016213819110137,91.1809471317286,108.95107021680991,2585.7595938698539,3.5247548956227039,0.6660534572227335,204.22361100146106,243.7251301293436,5806.343494427048,0.32062206040705157,0.06058617921524026,113.987749258876,136.08804623194414,3197.5774637339638,0.0,0.0,5.270787294944554,6.31608419099874,134.65276567854847,0.0,0.0,9.461882632196254,11.269391801830798,274.798712127942,0.0,0.0,76.69194523002835,91.75849624685174,2036.0105070778396,0.0,0.0,38.64915250599287,46.57115112676877,870.9743731912073,0.0,0.0,20.248654063548839,24.271634528877386,515.9493462082531,23.850220385249835,16.358175847222115,269.22208099607817,322.2893539770198,7768.705719620615,0.0,0.0,61.70370214668267,74.98080770981028,1098.5751195858002,0.0,18.56215161830993,40.53496667880069,22.0,30.0,0.0,18.6589106518869,39.96244310384044,12.0,30.0,0.0,18.46310729630318,40.74105644154089,22.0,30.0,0.0,18.473826712243758,41.041038058570418,12.0,30.0,0.0,17.19991776338226,46.13344619894529,12.0,30.0,0.0,19.01788322670287,41.02525610636138,12.0,30.0,0.0,17.718378610003925,43.348592733568867,10.0,30.0,0.0,15.652030131468184,50.022580245082099,12.0,30.0,0.0,17.165788490098924,45.80675462935308,20.0,30.0,0.0,17.711752975683607,0.0,0.0,0.0,13.238814944717122,0.0,0.0,573.7275797160769,549.8670048218946,571.9445185687423,600.085656835724,698.6729870174463,1079.4967402791988,637.13465433599,676.9124938745822,852.7704625661039,0.0,81.95661543068825,81.95661543068825,60.0,0.0,60.0,60.0,12.0,12.0,12.0,19.0,12.0,12.0,21.0,10.0,0.0,0.0,0.0,0.0,0.0,0.0,0.0,0.0,0.0,0.0,0.0,0.0,0.0,81.95661543068825,81.95661543068825,0.0,0.0,0.0,81.95661543068825,0.0,0.0,0.00098 
 04/20  01:20:00,4.633333333333334,96.0,4.8133333333333339,0.0,0.0,0.0,0.0,0.0,2.0,2.0,0.0,0.0,0.0,0.0,0.0,247.0,0.0,0.0,0.0,0.0,0.0,0.0,0.0,0.0,0.0,0.0,0.0,18.97886218371109,-22.976972122231019,18.770748251644866,-249.24153948794538,18.708596413384599,-158.66040575970647,18.568707756409976,-7.055157877886813,17.20328146610521,-3.6621008820623617,18.770381761054737,-20.19019907270166,17.697865519177105,-30.340846910530219,15.984646595503659,-183.459790336153,17.21214978289629,-120.90185360564658,350.08201195837958,579.3558244113633,0.0,0.0,0.0,0.0,0.0,0.0,0.0,0.0,0.0,0.0,0.0,0.0,0.0,0.0,0.0,0.0,0.0,0.0,0.0,0.0,0.0,0.0,1.652536051775967,0.5044371342417482,167.47001878426614,199.29108616428293,4780.624170307002,0.29861848770736118,0.04557669226302826,141.9824318326744,169.087422605315,3969.559255699451,3.5364416931910509,0.668261846785913,100.52485836681746,119.7582317982967,2881.1930744162239,0.3200977571184868,0.060487104519744278,87.14633318670477,103.76299310388012,2440.305469829158,0.0,0.0,5.073499592375857,6.066776554158782,128.86369674478574,0.0,0.0,9.407145500770499,11.179992852613588,271.47496960242497,0.0,0.0,74.41590634519109,88.8588227961913,1959.343717167026,0.0,0.0,39.13239682320346,47.06341722010895,870.0614369625498,0.0,0.0,19.102906028762197,22.843057856265206,485.8155863514184,23.276153941307429,15.964440288962577,201.24279355624618,240.38075698791583,5875.518320543127,0.0,0.0,60.597549214172619,73.49280756006277,1061.7088378837376,0.0,18.673672626685975,40.10263452568445,22.0,30.0,0.0,18.48203746561912,40.14890527639977,12.0,30.0,0.0,18.37154600999068,40.52971812434629,22.0,30.0,0.0,18.481873227534725,41.050650299331277,12.0,30.0,0.0,17.164781133205368,45.87736365549181,12.0,30.0,0.0,18.962693629248816,40.820639408462238,12.0,30.0,0.0,17.646602157211079,43.31268100126847,10.0,30.0,0.0,15.538963828877437,50.1360474945939,12.0,30.0,0.0,17.18151243600625,45.48403178113517,20.0,30.0,0.0,17.593113517896329,0.0,0.0,0.0,13.137798953307446,0.0,0.0,564.23486474723,535.7615256325115,545.2928455834884,606.4983672060943,688.6087084097756,1075.467799561834,630.0181879798259,671.781241666511,858.5784658405911,0.0,81.95661543068825,81.95661543068825,60.0,0.0,60.0,60.0,12.0,12.0,12.0,19.0,12.0,12.0,21.0,10.0,0.0,0.0,0.0,0.0,0.0,0.0,0.0,0.0,0.0,0.0,0.0,0.0,0.0,81.95661543068825,81.95661543068825,0.0,0.0,0.0,81.95661543068825,0.0,0.0,0.0009933333333333333 
 04/20  01:30:00,4.675,96.0,4.92,0.0,0.0,0.0,0.0,0.0,2.0,2.0,0.0,0.0,0.0,0.0,0.0,494.0,0.0,0.0,0.0,0.0,0.0,0.0,0.0,0.0,0.0,0.0,0.0,18.80318544878606,-163.44102963999559,18.7485544085999,-99.4032961320031,18.683092224497096,-91.22129934324312,18.502803400822253,-82.67264476928313,17.176366887336387,-4.362644757505095,18.728883222287388,-21.32210838569742,17.667955373219564,-28.940131200121415,15.914709471585159,-193.23580307637395,17.20580969453865,-111.63534849977995,375.56611755146789,572.5780814284008,0.0,0.0,0.0,0.0,0.0,0.0,0.0,0.0,0.0,0.0,0.0,0.0,0.0,0.0,0.0,0.0,0.0,0.0,0.0,0.0,0.0,0.0,1.672134338707889,0.5104195173101005,244.46813738230569,291.8397775292245,6785.669253336811,0.31027521265466487,0.04735580168721992,124.77427015420824,148.79460614954759,3485.1238318478065,3.6049109246573929,0.6812000991416087,185.88694506702334,221.9386183103078,5240.059280594843,0.3171446164541033,0.059929065845446567,90.7562867400296,108.35391361213053,2515.063970672165,0.0,0.0,5.207228368413455,6.241556011469962,131.52011239441374,0.0,0.0,9.13842646692003,10.884666662534624,262.1832207451012,0.0,0.0,74.84873416331428,89.57720734947054,1960.2184846071146,0.0,0.0,40.07002947584556,48.30423240160033,881.2258664863903,0.0,0.0,17.588689960174088,21.078186113932796,445.8376562801818,22.684549388548985,15.558675849484907,295.3586895467461,353.40896362508468,8370.283983786383,0.0,0.0,59.4733954916324,72.30733760636737,1024.6160247148003,0.0,18.36279559542855,40.80192589451744,22.0,30.0,0.0,18.521405432597058,40.202116387336598,12.0,30.0,0.0,18.39562196081534,40.69167417766463,22.0,30.0,0.0,18.38724911651503,40.89786363411531,12.0,30.0,0.0,17.14109007719757,45.720847303015208,12.0,30.0,0.0,18.925917872889444,40.737180220355288,12.0,30.0,0.0,17.622287644151208,43.24137960820285,10.0,30.0,0.0,15.464264006905172,50.169346317978867,12.0,30.0,0.0,17.188680614843415,45.30401518441038,20.0,30.0,0.0,17.71698091060744,0.0,0.0,0.0,13.037865208257396,0.0,0.0,563.4278739350391,546.7807041519392,562.4836792019112,583.4794948223853,679.896320869992,1076.2712835171188,624.0876729045743,666.5456791496337,863.1919273179058,0.0,81.95661543068825,81.95661543068825,60.0,0.0,60.0,60.0,12.0,12.0,12.0,19.0,12.0,12.0,21.0,10.0,0.0,0.0,0.0,0.0,0.0,0.0,0.0,0.0,0.0,0.0,0.0,0.0,0.0,81.95661543068825,81.95661543068825,0.0,0.0,0.0,81.95661543068825,0.0,0.0,0.0010066666666666668 
 04/20  01:40:00,4.716666666666667,96.0,5.026666666666666,0.0,0.0,0.0,0.0,0.0,2.0,2.0,0.0,0.0,0.0,0.0,0.0,247.0,0.0,0.0,0.0,0.0,0.0,0.0,0.0,0.0,0.0,0.0,0.0,18.727711928452636,-153.9647551186972,18.742888907152009,-14.382626390816768,18.65454832247667,-28.715474760208964,18.430810925360487,-101.73585625174565,17.142012224401826,-4.529891323606591,18.678227916634975,-20.559945326853325,17.61824279499981,-23.268305301035526,15.827096843439144,-192.28622973603388,17.203685075216869,-102.97381995220934,294.184531743399,566.6539309096747,0.0,0.0,0.0,0.0,0.0,0.0,0.0,0.0,0.0,0.0,0.0,0.0,0.0,0.0,0.0,0.0,0.0,0.0,0.0,0.0,0.0,0.0,1.6844211113454615,0.5141700584082606,122.59633819255643,146.04938969599747,3398.3167017628209,0.31334416032836029,0.047824200294316287,7.525518865398744,8.956761261265509,218.6165492661775,3.6824556954168785,0.6958533060122599,162.50506073814393,193.5007198573754,4582.84123252654,0.31994405606502337,0.06045806048091898,76.66082349170788,91.32181993395601,2106.5251443009926,0.0,0.0,5.183061667334374,6.197892903061681,130.11670100123653,0.0,0.0,8.968525452071697,10.659932112140642,255.65386516951893,0.0,0.0,74.77096429948824,89.28535880059201,1943.3092947975009,0.0,0.0,40.560444075214189,48.80128307221801,880.0699441658155,0.0,0.0,16.348375566803925,19.543367204338379,413.5775613933037,22.072780479309605,15.139081261529226,165.63473599552516,197.8944028765574,4831.829874191322,0.0,0.0,58.299012260250929,70.73876444767653,988.1154169843056,0.0,18.284293773596663,40.849704703376549,22.0,30.0,0.0,18.56831203007915,39.964141551228447,12.0,30.0,0.0,18.405218593097158,40.82686014158138,22.0,30.0,0.0,18.294905809263974,40.88094333133052,12.0,30.0,0.0,17.10352068837817,45.50947867095756,12.0,30.0,0.0,18.870600036938215,40.597725345032888,12.0,30.0,0.0,17.562042789969504,43.35091363381435,10.0,30.0,0.0,15.355376335599067,50.25658899453843,12.0,30.0,0.0,17.20357467690621,45.02602793048568,20.0,30.0,0.0,17.462804741642647,0.0,0.0,0.0,12.93940434654679,0.0,0.0,558.3212267711276,541.0272401435425,578.6235722439736,571.0062023195803,667.3239352484926,1074.8374217582116,622.3666220385906,658.3878728711327,872.8803772900963,0.0,81.95661543068825,81.95661543068825,60.0,0.0,60.0,60.0,12.0,12.0,12.0,19.0,12.0,12.0,21.0,10.0,0.0,0.0,0.0,0.0,0.0,0.0,0.0,0.0,0.0,0.0,0.0,0.0,0.0,81.95661543068825,81.95661543068825,0.0,0.0,0.0,81.95661543068825,0.0,0.0,0.00102 
 04/20  01:50:00,4.758333333333333,96.0,5.133333333333334,0.0,0.0,0.0,0.0,0.0,2.0,2.0,0.0,0.0,0.0,0.0,0.0,247.0,0.0,0.0,0.0,0.0,0.0,0.0,0.0,0.0,0.0,0.0,0.0,18.806211330651448,-17.191918590201568,18.59996932679335,-263.35603437658576,18.49702273178289,-214.11555816201509,18.430674710245968,2.539483725055561,17.110424663353308,-4.5776428691951029,18.634427653028938,-17.35451617119878,17.55906269462833,-40.615481448803169,15.752285941386568,-194.7243305978268,17.199552019308475,-93.8647845861891,338.59544012681,561.2493858084752,0.0,0.0,0.0,0.0,0.0,0.0,0.0,0.0,0.0,0.0,0.0,0.0,0.0,0.0,0.0,0.0,0.0,0.0,0.0,0.0,0.0,0.0,1.6748035659253036,0.5112342997329987,204.31496121423204,243.16898449749173,5707.9136905626069,0.3019580710099928,0.04608639667429683,152.12055326681424,181.1854008195646,4165.264846732186,3.6688771090861884,0.6932874355794009,142.9373293701611,170.3501614180312,3956.303029267537,0.32518315072414286,0.061448063250971799,102.19160584000263,121.68678344181237,2807.6702599252696,0.0,0.0,4.791207508563249,5.729280924208211,119.56774672621093,0.0,0.0,8.982737227779565,10.677220875106391,254.54457001584906,0.0,0.0,70.71226857118794,84.45255541521313,1820.657884792683,0.0,0.0,41.0141741892172,49.35570234389685,879.567745925039,0.0,0.0,15.092194637740594,18.03890987343914,380.77317737567565,21.44185503985638,14.706347763961859,262.18729838908856,312.9873110624849,7377.899533560462,0.0,0.0,57.019255486850138,69.19750678660857,951.5217158620883,0.0,18.520747979190085,40.21219059576872,22.0,30.0,0.0,18.321551453832674,40.384462653109398,12.0,30.0,0.0,18.143998548949566,40.87090873659092,22.0,30.0,0.0,18.352665464587706,40.966114989824699,12.0,30.0,0.0,17.072342577752058,45.408701811745519,12.0,30.0,0.0,18.82859482911908,40.50337815142446,12.0,30.0,0.0,17.481995785629406,43.38058397278244,10.0,30.0,0.0,15.271660704168948,50.34017383249295,12.0,30.0,0.0,17.21400271680616,44.83167170510491,20.0,30.0,0.0,17.648751707251959,0.0,0.0,0.0,12.852493825404738,0.0,0.0,553.1158357350568,527.3015441511603,531.6806373920831,587.2919406442624,661.6912973869099,1070.836334804988,617.9253543409371,655.7650861613815,882.3926527693233,0.0,81.95661543068825,81.95661543068825,60.0,0.0,60.0,60.0,12.0,12.0,12.0,19.0,12.0,12.0,21.0,10.0,0.0,0.0,0.0,0.0,0.0,0.0,0.0,0.0,0.0,0.0,0.0,0.0,0.0,81.95661543068825,81.95661543068825,0.0,0.0,0.0,81.95661543068825,0.0,0.0,0.0010233333333333334 
 04/20  02:00:00,4.8,96.0,5.24,0.0,0.0,0.0,0.0,0.0,2.0,2.0,0.0,0.0,0.0,0.0,0.0,494.0,0.0,0.0,0.0,0.0,0.0,0.0,0.0,0.0,0.0,0.0,0.0,18.650905417320567,-142.37357320259663,18.583123889886069,-77.05514870668094,18.503835076516589,-26.998936331599454,18.363991960264749,-84.2384540504205,17.081438827950529,-5.0628157837169,18.59402372540507,-19.64139352190523,17.530191274008545,-32.6855678080301,15.683326321464158,-203.94976503900467,17.196100917248587,-79.98385783031194,305.43156251051826,549.9677559377069,0.0,0.0,0.0,0.0,0.0,0.0,0.0,0.0,0.0,0.0,0.0,0.0,0.0,0.0,0.0,0.0,0.0,0.0,0.0,0.0,0.0,0.0,1.7090234422641198,0.5216799274310501,222.04240899347463,265.16023730159295,6055.397415701087,0.31772705410354165,0.04849314012569317,113.50405811612498,135.37568549230907,3109.2627053124444,3.811609476935775,0.7202587824897537,172.51904963592609,206.16991553564686,4776.312843319959,0.3235367380483595,0.061136949744587939,87.85427056058809,104.98458564591312,2387.8225620520954,0.0,0.0,5.110714227081358,6.125731317454877,126.8022304100534,0.0,0.0,8.732031357647588,10.401992779052426,245.984557654439,0.0,0.0,72.0867817455053,86.2836729080659,1846.6969522131327,0.0,0.0,42.00010082466373,50.65836454164366,890.7788799798002,0.0,0.0,13.313006303033902,15.946572779235286,334.87384231735828,20.71831263133536,14.210090967994077,269.831243856655,323.01454856762839,7514.967870335433,0.0,0.0,55.71414634230683,67.77555559922948,914.7054014594463,0.0,18.248869547498303,40.8551315875449,22.0,30.0,0.0,18.37120527929413,40.372440653983378,12.0,30.0,0.0,18.239479364808035,40.903129461978,22.0,30.0,0.0,18.25218655847975,40.93974756977491,12.0,30.0,0.0,17.047129602572423,45.31371048611413,12.0,30.0,0.0,18.79234603072665,40.469070694761757,12.0,30.0,0.0,17.463633135414427,43.29065282386057,10.0,30.0,0.0,15.199501890112887,50.45555162308392,12.0,30.0,0.0,17.225117238139718,44.68887260331338,20.0,30.0,0.0,17.584704035310425,0.0,0.0,0.0,12.763900692288104,0.0,0.0,553.992585088003,536.8077042749721,556.6983571016085,571.3297734565069,654.3865360176955,1071.8553840103992,608.1752396847603,652.7849565133312,893.0955811459821,0.0,81.95661543068825,81.95661543068825,60.0,0.0,60.0,60.0,12.0,12.0,12.0,19.0,12.0,12.0,21.0,10.0,0.0,0.0,0.0,0.0,0.0,0.0,0.0,0.0,0.0,0.0,0.0,0.0,0.0,81.95661543068825,81.95661543068825,0.0,0.0,0.0,81.95661543068825,0.0,0.0,0.0010266666666666669 
 04/20  02:10:00,4.866666666666667,96.0,5.316666666666667,0.0,0.0,0.0,0.0,0.0,2.0,2.0,0.0,0.0,0.0,0.0,0.0,247.0,0.0,0.0,0.0,0.0,0.0,0.0,0.0,0.0,0.0,0.0,0.0,18.56327087693423,-146.9796918868169,18.582539091739254,-14.98102739826993,18.483547331182053,-29.746020751997095,18.304746450414627,-83.7372786061735,17.044831292073277,-4.910815945729524,18.544878271342037,-18.8928864652529,17.47941072138172,-31.030311777119097,15.598013547569665,-202.12253666868879,17.20114328974443,-66.6888878000828,236.7700328242554,539.2733057370506,0.0,0.0,0.0,0.0,0.0,0.0,0.0,0.0,0.0,0.0,0.0,0.0,0.0,0.0,0.0,0.0,0.0,0.0,0.0,0.0,0.0,0.0,1.7102983711813309,0.5220690998722012,108.40832919382589,129.15569622372179,2946.7216044449585,0.3181076860755878,0.04855123413852073,7.508343476436287,8.937075418172596,213.59206534691067,3.806899768298924,0.7193688148713011,130.61295442733303,155.54520702834436,3625.584139760487,0.3253267824215069,0.06147520453921142,56.823268076393677,67.68808766521535,1533.6436003739373,0.0,0.0,5.133646867377616,6.138737456148926,126.30291521980334,0.0,0.0,8.667503204511372,10.303278058653158,242.14742607418527,0.0,0.0,70.89531882164346,84.67171254949443,1798.457932397208,0.0,0.0,42.378656828284487,51.01597766628827,884.5457784678035,0.0,0.0,11.705900562487678,13.98608341135435,293.52473213840917,20.268197984651569,13.90137035984333,133.99579929289457,160.08439697064405,3887.850313947204,0.0,0.0,54.11098406560362,65.6927457937379,871.5448995834762,0.0,18.14399761898933,41.00612239361395,22.0,30.0,0.0,18.420718506343197,40.16201652227861,12.0,30.0,0.0,18.254499052675667,40.89541188536404,22.0,30.0,0.0,18.18378170168099,40.964877195936328,12.0,30.0,0.0,17.007471499141908,45.18683539406781,12.0,30.0,0.0,18.73825027857619,40.401878018569309,12.0,30.0,0.0,17.402905916443915,43.38715436276512,10.0,30.0,0.0,15.095449076661728,50.59357621604646,12.0,30.0,0.0,17.25121403976347,44.460985583324738,20.0,30.0,0.0,17.346892142848234,0.0,0.0,0.0,12.675365383501767,0.0,0.0,548.0198831072592,531.5416687985634,565.0739212416039,565.4220121856076,643.9146091368368,1069.5498761967227,602.7059377161243,645.6529861993583,916.3724465152635,0.0,81.95661543068825,81.95661543068825,60.0,0.0,60.0,60.0,12.0,12.0,12.0,19.0,12.0,12.0,21.0,10.0,0.0,0.0,0.0,0.0,0.0,0.0,0.0,0.0,0.0,0.0,0.0,0.0,0.0,81.95661543068825,81.95661543068825,0.0,0.0,0.0,81.95661543068825,0.0,0.0,0.0010299999999999999 
 04/20  02:20:00,4.933333333333334,96.0,5.393333333333334,0.0,0.0,0.0,0.0,0.0,2.0,2.0,0.0,0.0,0.0,0.0,0.0,247.0,0.0,0.0,0.0,0.0,0.0,0.0,0.0,0.0,0.0,0.0,0.0,18.634966870567597,-13.890476370275792,18.443586133095978,-253.4771203686596,18.34909963885947,-179.62304347351074,18.301036398966209,-0.9066341888114948,17.011044772182907,-5.2273223027879969,18.502718702604257,-15.65759532811876,17.417817091900486,-47.54477103642557,15.525017499221903,-203.99416485084135,17.2096734144274,-46.30852050197643,287.21946300226048,522.2333270868044,0.0,0.0,0.0,0.0,0.0,0.0,0.0,0.0,0.0,0.0,0.0,0.0,0.0,0.0,0.0,0.0,0.0,0.0,0.0,0.0,0.0,0.0,1.6944102314153536,0.5172192403587771,198.6562044123447,236.4608227420374,5418.889349768149,0.305836346201859,0.046678319017377758,150.9873360962712,179.8403953653529,4037.9224844082716,3.783675504825839,0.7149802541243084,114.72776255318172,136.71715159607107,3130.7465219709517,0.3260007041772625,0.06160255180976236,78.02836199938078,92.91675267084793,2098.5234713466227,0.0,0.0,4.689040665574651,5.607012799433558,114.40997344816663,0.0,0.0,8.577546833154847,10.19649614266156,237.77952845835709,0.0,0.0,66.15476249480128,79.02179344874057,1658.5565803734344,0.0,0.0,42.80558173146074,51.53736836872083,880.7745131312629,0.0,0.0,9.39401691181728,11.221102409343601,234.82478846185598,19.77408552177443,13.562472923027736,233.82535727951956,279.1055614158174,6455.125971521079,0.0,0.0,51.770269250911308,62.861695563331647,817.4305592719176,0.0,18.365685205640405,40.3865690021869,22.0,30.0,0.0,18.179621309469419,40.72510508835954,12.0,30.0,0.0,18.038139171194606,41.124492228168438,22.0,30.0,0.0,18.227880643309747,40.96601001678387,12.0,30.0,0.0,16.974073444739969,45.13071243971317,12.0,30.0,0.0,18.697685540164437,40.35121984237487,12.0,30.0,0.0,17.321064406101809,43.485182388001337,10.0,30.0,0.0,15.015423035656417,50.713262573700259,12.0,30.0,0.0,17.282760492697994,44.27458699282722,20.0,30.0,0.0,17.548675733106778,0.0,0.0,0.0,12.586466950062866,0.0,0.0,541.7690037383623,526.9140549954084,532.0153294824871,575.2157044149966,636.792192736308,1064.2768856806077,596.3613742774171,643.2147872780741,944.6844488427696,0.0,81.95661543068825,81.95661543068825,60.0,0.0,60.0,60.0,12.0,12.0,12.0,19.0,12.0,12.0,21.0,10.0,0.0,0.0,0.0,0.0,0.0,0.0,0.0,0.0,0.0,0.0,0.0,0.0,0.0,81.95661543068825,81.95661543068825,0.0,0.0,0.0,81.95661543068825,0.0,0.0,0.0010633333333333333 
 04/20  02:30:00,5.0,96.0,5.470000000000001,0.0,0.0,0.0,0.0,0.0,2.0,2.0,0.0,0.0,0.0,0.0,0.0,494.0,0.0,0.0,0.0,0.0,0.0,0.0,0.0,0.0,0.0,0.0,0.0,18.493890727694578,-130.3139527699318,18.429259491851498,-65.8963586749469,18.352022393404149,-11.588125501720583,18.241287184495787,-73.34010331862511,16.980430804245296,-5.40532820606056,18.463649672913009,-18.52580410169736,17.385763134494235,-39.78751550628658,15.456921104146856,-213.30633799745272,17.212700221706979,-41.10490845479663,248.60071748429119,519.5146288984929,0.0,0.0,0.0,0.0,0.0,0.0,0.0,0.0,0.0,0.0,0.0,0.0,0.0,0.0,0.0,0.0,0.0,0.0,0.0,0.0,0.0,0.0,1.716148817911364,0.5238549505223944,202.93596210716897,242.3425290302249,5404.57193850946,0.32004431929159718,0.048846813078693099,105.63287512856029,125.99390326822456,2821.963901038217,3.8714451660122108,0.731565602043124,136.76204993799974,163.51331543518894,3716.445900673387,0.3241680715700524,0.06125624935186173,62.138150632879099,74.32027324687661,1651.2661485754193,0.0,0.0,5.161218763776359,6.185707489042988,124.91261255510394,0.0,0.0,8.451907786847693,10.068806494940027,232.47704698022756,0.0,0.0,66.92583378925116,80.11742838874395,1665.3412092960157,0.0,0.0,43.808552862573467,52.86439627154055,888.9600414629534,0.0,0.0,11.42282583127571,13.67106006576605,284.2536699518882,19.23026655568256,13.189483234350185,226.77385387861805,271.50479560380378,6211.450770500955,0.0,0.0,51.68161211769652,62.89533058790971,801.6379778511727,0.0,18.12271182495259,41.006131931033298,22.0,30.0,0.0,18.230441691219029,40.642489865160388,12.0,30.0,0.0,18.118728993447069,41.090249257553328,22.0,30.0,0.0,18.1403623170677,41.01120476050326,12.0,30.0,0.0,16.947685779839355,45.07481178549442,12.0,30.0,0.0,18.662223099418385,40.34515909381051,12.0,30.0,0.0,17.298975370306516,43.42719646204165,10.0,30.0,0.0,14.944876763330904,50.837628249764339,12.0,30.0,0.0,17.300290315041587,44.11457262009026,20.0,30.0,0.0,17.449509532762386,0.0,0.0,0.0,12.51939162783873,0.0,0.0,544.3428042840865,532.1083861762224,554.9005166627787,561.9429750260623,630.058539438976,1061.9064387886095,581.4063201746094,641.3662887018569,946.4956749011709,0.0,81.95661543068825,81.95661543068825,60.0,0.0,60.0,60.0,12.0,12.0,12.0,19.0,12.0,12.0,21.0,10.0,0.0,0.0,0.0,0.0,0.0,0.0,0.0,0.0,0.0,0.0,0.0,0.0,0.0,81.95661543068825,81.95661543068825,0.0,0.0,0.0,81.95661543068825,0.0,0.0,0.0010966666666666669 
 04/20  02:40:00,5.066666666666666,96.0,5.546666666666667,0.0,0.0,0.0,0.0,0.0,2.0,2.0,0.0,0.0,0.0,0.0,0.0,247.0,0.0,0.0,0.0,0.0,0.0,0.0,0.0,0.0,0.0,0.0,0.0,18.41583196064834,-129.31062787734255,18.430010109086628,-15.114297458526182,18.325714868789839,-33.0233334690347,18.19007743547128,-71.15454035777316,16.94202597477593,-5.182045900482478,18.415723912520055,-17.851550775865009,17.33160490622353,-39.20108100417019,15.374779281901697,-209.36481133697044,17.212654494127123,-44.024997047127047,184.74168602116016,522.7774452480792,0.0,0.0,0.0,0.0,0.0,0.0,0.0,0.0,0.0,0.0,0.0,0.0,0.0,0.0,0.0,0.0,0.0,0.0,0.0,0.0,0.0,0.0,1.7196816612801696,0.5249333520391238,87.087439431353,103.74675781327659,2320.948306484975,0.3200499756581473,0.04884767638250112,7.330969264875024,8.726145442008243,203.54114819557842,3.868115717763625,0.7309364546038598,98.96002757206203,117.85459072602352,2703.7784126965527,0.32607006537326707,0.06161565861172845,44.36511674637211,52.842612492092,1172.2173695754858,0.0,0.0,5.1625155245004479,6.173059028453061,123.85168186702279,0.0,0.0,8.385432862625109,9.968543918509346,228.71001458452529,0.0,0.0,66.61153754326601,79.56877159962194,1640.3092311808369,0.0,0.0,44.130350515327169,53.14875747997611,881.1738442403948,0.0,0.0,12.870376957314335,15.368116883761952,318.87741567520137,18.755433843089713,12.863809220226145,102.5119908812228,122.46391483035005,2976.490260202906,0.0,0.0,51.85388255371844,62.97213946604815,791.8303683027278,0.0,18.03517187456125,41.167943427633179,22.0,30.0,0.0,18.27874301423395,40.48632073314048,12.0,30.0,0.0,18.117979760343549,41.051464112335839,22.0,30.0,0.0,18.084290223454187,41.075312789284527,12.0,30.0,0.0,16.90630905857419,45.00683386158174,12.0,30.0,0.0,18.609208177152593,40.32538929978092,12.0,30.0,0.0,17.233913606460104,43.565009520829068,10.0,30.0,0.0,14.847287770443929,51.03337701519804,12.0,30.0,0.0,17.311779161888305,43.900215246290709,20.0,30.0,0.0,17.22177302658776,0.0,0.0,0.0,12.466252572919663,0.0,0.0,534.2513547260678,527.9511744946927,556.137850732642,554.4887601591928,619.9030970350825,1052.4888889538186,581.2816158055931,647.4082612520601,934.8994361093882,0.0,81.95661543068825,81.95661543068825,60.0,0.0,60.0,60.0,12.0,12.0,12.0,19.0,12.0,12.0,21.0,10.0,0.0,0.0,0.0,0.0,0.0,0.0,0.0,0.0,0.0,0.0,0.0,0.0,0.0,81.95661543068825,81.95661543068825,0.0,0.0,0.0,81.95661543068825,0.0,0.0,0.00113 
 04/20  02:50:00,5.133333333333334,96.0,5.623333333333333,0.0,0.0,0.0,0.0,0.0,2.0,2.0,0.0,0.0,0.0,0.0,0.0,247.0,0.0,0.0,0.0,0.0,0.0,0.0,0.0,0.0,0.0,0.0,0.0,18.471469192517867,-11.695633279683534,18.297610080918806,-240.47361082555563,18.219386462046097,-136.24275326422913,18.182704396831029,-2.4402110646535677,16.906805631470279,-5.307906781855763,18.37429946722012,-15.413773280935516,17.271513274633184,-52.64987876939358,15.306157761866516,-209.1329321864805,17.20410707355608,-46.805011633002269,236.4366572224617,525.7060606989849,0.0,0.0,0.0,0.0,0.0,0.0,0.0,0.0,0.0,0.0,0.0,0.0,0.0,0.0,0.0,0.0,0.0,0.0,0.0,0.0,0.0,0.0,1.7102224796226336,0.5220459339507428,181.55790644648736,216.11868919224578,4829.339889337856,0.3099797477261107,0.04731070630740396,144.1272111186473,171.6626069552781,3758.7824211862559,3.8778594237436545,0.7327776688858004,78.84466818619339,93.93682562968468,2138.1590654281287,0.3271479323294938,0.06181933717488543,52.22016806657576,62.18114653208636,1374.3004044126965,0.0,0.0,4.83810283968946,5.785052736116147,115.07386014465352,0.0,0.0,8.31838820446473,9.888897402177065,225.08566197646935,0.0,0.0,63.59523857657737,75.97494022960402,1547.693105263043,0.0,0.0,44.450887571667738,53.5404210826716,875.1291172811502,0.0,0.0,13.782047282595308,16.454761953902368,339.45658438247758,18.219008578419947,12.495890657352505,190.62747119513015,227.5284942908628,5182.942785595378,0.0,0.0,51.994222534531399,63.14327432899284,781.9955062345606,0.0,18.219637125990688,40.676639572083498,22.0,30.0,0.0,18.049356800356553,41.12888281891911,12.0,30.0,0.0,17.95779426088487,41.3970688575747,22.0,30.0,0.0,18.116831047235235,41.050014098158509,12.0,30.0,0.0,16.871770745821608,44.98863754183693,12.0,30.0,0.0,18.5688004395084,40.31346882554176,12.0,30.0,0.0,17.15652691819539,43.71844170793025,10.0,30.0,0.0,14.775636370353493,51.18934524745464,12.0,30.0,0.0,17.308088840609448,43.77917094904911,20.0,30.0,0.0,17.434049447709009,0.0,0.0,0.0,12.420749692070663,0.0,0.0,535.3419556416051,530.3965199869285,537.0017764397114,565.0762410509786,614.495286970999,1041.003881116809,580.0078678324493,655.8339260465671,921.0870348425096,0.0,81.95661543068825,81.95661543068825,60.0,0.0,60.0,60.0,12.0,12.0,12.0,19.0,12.0,12.0,21.0,10.0,0.0,0.0,0.0,0.0,0.0,0.0,0.0,0.0,0.0,0.0,0.0,0.0,0.0,81.95661543068825,81.95661543068825,0.0,0.0,0.0,81.95661543068825,0.0,0.0,0.00115 
 04/20  03:00:00,5.2,96.0,5.7,0.0,0.0,0.0,0.0,0.0,2.0,2.0,0.0,0.0,0.0,0.0,0.0,494.0,0.0,0.0,0.0,0.0,0.0,0.0,0.0,0.0,0.0,0.0,0.0,18.340951073742987,-119.43342151257002,18.284693448948283,-56.8338426944199,18.206259326367666,-20.64054832597327,18.128113703276463,-64.33457334125845,16.874979137275934,-5.401390982400514,18.335864647866435,-18.810492292096968,17.23678063351737,-46.26906066298034,15.245210536021947,-212.57851079315027,17.191961007041944,-49.98245902936986,212.24585832416779,527.6934966956873,0.0,0.0,0.0,0.0,0.0,0.0,0.0,0.0,0.0,0.0,0.0,0.0,0.0,0.0,0.0,0.0,0.0,0.0,0.0,0.0,0.0,0.0,1.7352318096867788,0.5296800395869288,185.98939168191994,222.08041309287817,4836.562720629246,0.32459259854405578,0.04954099489378141,99.9277970173439,119.1888370985233,2603.4419351971066,3.9514906180861519,0.7466913488447002,118.0884146358009,141.17226395495767,3147.0330334216585,0.3263919732813695,0.061676487770477978,53.702416488059458,64.22460043571333,1395.5165647674494,0.0,0.0,5.199054104179311,6.230553265690498,122.62617055298591,0.0,0.0,8.399684350452386,10.006292024621182,225.47981924428587,0.0,0.0,65.88535602500498,78.88134276743918,1590.665882477956,0.0,0.0,45.03678743308021,54.36564169806036,875.0594099510385,0.0,0.0,15.255255293674953,18.25053916666374,373.2433441613973,17.63763797718982,12.097145389019085,203.18687014831805,243.19729810190223,5453.692505174731,0.0,0.0,52.44418265174339,63.82649275372427,776.92179367588,0.0,17.99993075397902,41.25653358050395,22.0,30.0,0.0,18.099222202183577,40.99640016752188,12.0,30.0,0.0,17.998993287509795,41.311100779882867,22.0,30.0,0.0,18.03906997864423,41.16637291760104,12.0,30.0,0.0,16.84450576466036,44.97553135484908,12.0,30.0,0.0,18.53346542658916,40.33598542358433,12.0,30.0,0.0,17.131200076306379,43.74196100285171,10.0,30.0,0.0,14.718482846916232,51.31271726035308,12.0,30.0,0.0,17.29907772145841,43.704790220398397,20.0,30.0,0.0,17.389214426433676,0.0,0.0,0.0,12.379912189570632,0.0,0.0,535.5026288320617,531.7756183479329,550.4459571009868,545.7870595958715,610.9102396717706,1035.5552518407292,582.7368236150066,665.6115261288871,908.4749130181513,0.0,81.95661543068825,81.95661543068825,60.0,0.0,60.0,60.0,12.0,12.0,12.0,19.0,12.0,12.0,21.0,10.0,0.0,0.0,0.0,0.0,0.0,0.0,0.0,0.0,0.0,0.0,0.0,0.0,0.0,81.95661543068825,81.95661543068825,0.0,0.0,0.0,81.95661543068825,0.0,0.0,0.00117 
 04/20  03:10:00,5.298333333333334,96.0,5.741666666666667,0.0,0.0,0.0,0.0,0.0,2.0,2.0,0.0,0.0,0.0,0.0,0.0,247.0,0.0,0.0,0.0,0.0,0.0,0.0,0.0,0.0,0.0,0.0,0.0,18.33274655246722,-58.472261427774359,18.240826578983389,-101.2663228500187,18.173186722001238,-29.809598722335069,18.068717571178895,-81.14815222620519,16.835403362969097,-5.13679838290733,18.289701851186643,-18.949976507541579,17.182895553916816,-44.59400078268527,15.17408636264888,-208.10075772939104,17.175253528011237,-51.144065423989108,177.59678203917066,528.2109242494362,0.0,0.0,0.0,0.0,0.0,0.0,0.0,0.0,0.0,0.0,0.0,0.0,0.0,0.0,0.0,0.0,0.0,0.0,0.0,0.0,0.0,0.0,1.7192752302326858,0.5248092888378162,92.39534415368762,110.01388997980375,2417.3664998159285,0.32264014501278806,0.04924300137557815,61.24889143904476,72.928262183895,1581.7438140207142,3.9302282117232196,0.7426735093959224,117.50160458009313,139.93864818134117,3103.662674634495,0.3265348505237175,0.06170348649352181,55.983377733903719,66.67933318997796,1436.7202329823186,0.0,0.0,5.19512506038593,6.211846686245253,121.09306172025015,0.0,0.0,8.61011097985017,10.236105059543265,228.59178160206234,0.0,0.0,65.68621690500086,78.47428164122202,1564.9777974166407,0.0,0.0,45.1712987675304,54.41896308524856,861.7626677666898,0.0,0.0,16.121144483161005,19.244362456190577,390.756797216786,17.290722107454614,11.859205835016886,121.13158632362173,144.61885368919577,3342.5368289308678,0.0,0.0,52.44448977068259,63.69029086845418,762.4503812697727,0.0,18.05020388398348,41.14405843530506,22.0,30.0,0.0,18.052393937969787,41.10006014668831,12.0,30.0,0.0,17.984537829831777,41.331045761947468,22.0,30.0,0.0,17.961524221039935,41.34708152119876,12.0,30.0,0.0,16.802161448563866,44.97578499891479,12.0,30.0,0.0,18.480335806012009,40.375514156893228,12.0,30.0,0.0,17.06825868669289,43.907973852989808,10.0,30.0,0.0,14.639641880795882,51.49454817430534,12.0,30.0,0.0,17.281730641749954,43.62172883571504,20.0,30.0,0.0,17.26381568027004,0.0,0.0,0.0,12.3416000496089,0.0,0.0,531.5808030170215,519.9762848722821,547.653617113862,531.9449903121193,607.6558838314871,1023.9704748221282,589.8664147740074,673.5142063082498,894.3082726805848,0.0,81.95661543068825,81.95661543068825,60.0,0.0,60.0,60.0,12.0,12.0,12.0,19.0,12.0,12.0,21.0,10.0,0.0,0.0,0.0,0.0,0.0,0.0,0.0,0.0,0.0,0.0,0.0,0.0,0.0,81.95661543068825,81.95661543068825,0.0,0.0,0.0,81.95661543068825,0.0,0.0,0.00119 
 04/20  03:20:00,5.396666666666667,96.0,5.783333333333334,0.0,0.0,0.0,0.0,0.0,2.0,2.0,0.0,0.0,0.0,0.0,0.0,247.0,0.0,0.0,0.0,0.0,0.0,0.0,0.0,0.0,0.0,0.0,0.0,18.21862003173925,-120.72954639071759,18.24890290639182,-12.447505906661604,18.13434277713005,-35.0389640536755,18.06169560187952,-3.779510026714206,16.79937449248986,-5.1844013689274679,18.249281258073567,-19.14701488368877,17.14294345324822,-42.99133114077722,15.11284489518781,-207.50302873882516,17.157745292236194,-52.8439612237122,126.37459962500816,529.9384851158256,0.0,0.0,0.0,0.0,0.0,0.0,0.0,0.0,0.0,0.0,0.0,0.0,0.0,0.0,0.0,0.0,0.0,0.0,0.0,0.0,0.0,0.0,1.7145267856694482,0.5233598246854238,96.13118840979857,114.51232275416763,2460.9996365915787,0.3201726153667458,0.048866394286743868,6.964455689287825,8.289536717367538,186.5355285881153,3.936015433952686,0.7437670888043627,65.22619489702594,77.67689219879388,1750.2297871722975,0.32938387545000538,0.06224185099206449,52.07064670119432,62.00284806764595,1329.6780318824952,0.0,0.0,5.23670961628066,6.261537003750825,120.6480364544899,0.0,0.0,8.624372968942028,10.253231885664308,226.53445811088455,0.0,0.0,66.39723236415348,79.32296551479267,1563.730749365375,0.0,0.0,45.51102955634034,54.83257627848587,853.5671571851605,0.0,0.0,16.629803533322208,19.85030099880226,399.15557913642496,16.884567760627694,11.58063632416166,71.40203101211988,85.2850061888605,2084.6309917505775,0.0,0.0,52.683406943316509,63.97843554958777,752.1062511296907,0.0,17.877929197330265,41.65317438644348,22.0,30.0,0.0,18.114068474395347,40.95728539843979,12.0,30.0,0.0,17.95798908030229,41.4288620887934,22.0,30.0,0.0,17.993997438693076,41.30638734623378,12.0,30.0,0.0,16.767191498194664,44.99822084466576,12.0,30.0,0.0,18.43815578361146,40.422450955543087,12.0,30.0,0.0,17.031168747758067,43.994018419997477,10.0,30.0,0.0,14.579064696316474,51.64139118771578,12.0,30.0,0.0,17.263961724881655,43.591066224443768,20.0,30.0,0.0,17.0917360901095,0.0,0.0,0.0,12.312511825001375,0.0,0.0,537.6046429028241,522.408971850069,541.1844065023595,554.574623689718,607.0218785157264,1017.4243539649777,587.3675336777357,679.6481607931985,886.833315174584,0.0,81.95661543068825,81.95661543068825,60.0,0.0,60.0,60.0,12.0,12.0,12.0,19.0,12.0,12.0,21.0,10.0,0.0,0.0,0.0,0.0,0.0,0.0,0.0,0.0,0.0,0.0,0.0,0.0,0.0,81.95661543068825,81.95661543068825,0.0,0.0,0.0,81.95661543068825,0.0,0.0,0.0012333333333333333 
 04/20  03:30:00,5.495,96.0,5.825,0.0,0.0,0.0,0.0,0.0,2.0,2.0,0.0,0.0,0.0,0.0,0.0,247.0,0.0,0.0,0.0,0.0,0.0,0.0,0.0,0.0,0.0,0.0,0.0,18.262727078647357,-8.06989013284965,18.12508524690704,-225.735410259319,18.0910293150724,-36.96856859381296,17.99801613963527,-84.90666036598532,16.763101552869956,-5.1918240358194229,18.210975331323433,-17.404674684813928,17.080891053336516,-58.115880060538987,15.054554618587418,-205.36990537984389,17.138925957090615,-53.88845690284529,192.3921889283256,529.0010350595637,0.0,0.0,0.0,0.0,0.0,0.0,0.0,0.0,0.0,0.0,0.0,0.0,0.0,0.0,0.0,0.0,0.0,0.0,0.0,0.0,0.0,0.0,1.706271078294739,0.5208397674892366,180.9433464301866,215.39484858075438,4613.626454386702,0.31055220964344507,0.0473980783949092,139.15629779245897,165.73045024853253,3484.6564366879595,3.914580971572301,0.7397167368806316,63.76226803763494,75.93158102844979,1694.4150936023653,0.32202021347340206,0.06085038047494368,53.63105690781392,63.87312492564309,1347.9018356938228,0.0,0.0,4.8354174854129,5.781666261148222,110.09492257412789,0.0,0.0,8.862910191579575,10.536852126557906,230.3574595617186,0.0,0.0,62.515606907641799,74.69550268765615,1449.944562337852,0.0,0.0,45.5828566961141,54.92243927704753,840.6516529723227,0.0,0.0,17.197562002981486,20.526747739649108,408.66795349570648,16.49900138225319,11.316187504974757,173.86586651090833,207.46002909872764,4549.452833519356,0.0,0.0,52.57930271522782,63.848953682929707,737.279373470438,0.0,18.038352526697865,41.17692214401329,22.0,30.0,0.0,17.89623244870169,41.60566746844078,12.0,30.0,0.0,17.922830653350784,41.5479915924947,22.0,30.0,0.0,17.894833711148985,41.606236519737,12.0,30.0,0.0,16.73201357530208,45.03877180890336,12.0,30.0,0.0,18.39954009458463,40.467590614120087,12.0,30.0,0.0,16.950820911274179,44.24381398426365,10.0,30.0,0.0,14.523368572976917,51.78152197872331,12.0,30.0,0.0,17.244651069307318,43.58010400271495,20.0,30.0,0.0,17.34380579476305,0.0,0.0,0.0,12.28767694370164,0.0,0.0,529.1922096060599,514.3682928864722,556.4923662354109,525.8701043479896,606.4026120754528,1007.9086829982676,597.1072071644092,682.9120413007455,882.4071873433575,0.0,81.95661543068825,81.95661543068825,60.0,0.0,60.0,60.0,12.0,12.0,12.0,19.0,12.0,12.0,21.0,10.0,0.0,0.0,0.0,0.0,0.0,0.0,0.0,0.0,0.0,0.0,0.0,0.0,0.0,81.95661543068825,81.95661543068825,0.0,0.0,0.0,81.95661543068825,0.0,0.0,0.0012766666666666667 
 04/20  03:40:00,5.593333333333334,96.0,5.866666666666667,0.0,0.0,0.0,0.0,0.0,2.0,2.0,0.0,0.0,0.0,0.0,0.0,494.0,0.0,0.0,0.0,0.0,0.0,0.0,0.0,0.0,0.0,0.0,0.0,18.157479026282276,-97.47499584310481,18.113937798669786,-52.3743921771254,18.04383884932929,-56.646827457836597,17.987542538848247,-1.5499030558196517,16.730499362703215,-5.243594023507441,18.176055933695467,-20.670007985980875,17.046704186569508,-48.53732660541141,15.003224067704103,-205.59812784654174,17.120560288350494,-56.83819985109534,156.65162825356698,525.1560728921913,0.0,0.0,0.0,0.0,0.0,0.0,0.0,0.0,0.0,0.0,0.0,0.0,0.0,0.0,0.0,0.0,0.0,0.0,0.0,0.0,0.0,0.0,1.708746817256233,0.5215954875629527,158.35884680271827,189.0346942220524,3956.4309752280976,0.3224381246579028,0.04921216798808041,87.12273957591974,103.93813600939245,2174.202405005639,3.9195943298554729,0.7406640834949876,50.57865199494,60.386130299179828,1348.9866212502155,0.32402206495337829,0.06122865928824228,27.64084604519765,33.049952579594599,693.5650252991669,0.0,0.0,5.200647348598059,6.232060660464558,117.04510448784895,0.0,0.0,8.829225945288752,10.518793963877913,227.07134886219959,0.0,0.0,65.23522591437527,78.11278923353422,1496.539096016843,0.0,0.0,45.80736637299223,55.31203592375178,831.3348646428992,0.0,0.0,18.07437347319892,21.617847134484778,425.103592566576,16.054318916487959,11.011192672488317,126.1785501930803,150.9519076606922,3344.5940148774627,0.0,0.0,52.68814479044275,64.1143518434706,725.5351642205263,0.0,17.86963378185626,41.70124995442639,22.0,30.0,0.0,17.94218474112045,41.49193533805723,12.0,30.0,0.0,17.880297485110334,41.701841348668029,22.0,30.0,0.0,17.919909742961175,41.55467411884425,12.0,30.0,0.0,16.704406024705894,45.07823816697573,12.0,30.0,0.0,18.366581594145044,40.526380794635297,12.0,30.0,0.0,16.927969564510116,44.28369334611142,10.0,30.0,0.0,14.480300959458898,51.891236802917799,12.0,30.0,0.0,17.227058062842788,43.58677114047708,20.0,30.0,0.0,17.246435201189177,0.0,0.0,0.0,12.265948538764733,0.0,0.0,533.3291151839769,520.0932315856205,542.742853304265,551.4173950462749,607.0087433569574,1005.1901047598615,592.8115626677363,688.5016275243531,877.787656141637,0.0,81.95661543068825,81.95661543068825,60.0,0.0,60.0,60.0,12.0,12.0,12.0,19.0,12.0,12.0,21.0,10.0,0.0,0.0,0.0,0.0,0.0,0.0,0.0,0.0,0.0,0.0,0.0,0.0,0.0,81.95661543068825,81.95661543068825,0.0,0.0,0.0,81.95661543068825,0.0,0.0,0.0013200000000000003 
 04/20  03:50:00,5.691666666666666,96.0,5.908333333333334,0.0,0.0,0.0,0.0,0.0,2.0,2.0,0.0,0.0,0.0,0.0,0.0,247.0,0.0,0.0,0.0,0.0,0.0,0.0,0.0,0.0,0.0,0.0,0.0,18.14554204951402,-42.94202971901359,18.08091811623663,-81.51878339100722,17.993017467090515,-28.476721817537056,17.92846190924291,-82.7101878272997,16.6901092242705,-4.997805417402304,18.133181133616444,-20.284765449927649,16.99619968097918,-47.31581927502566,14.943286873105471,-201.38649230960619,17.096569346062343,-57.42377913191672,148.3347741685061,523.1870515253747,0.0,0.0,0.0,0.0,0.0,0.0,0.0,0.0,0.0,0.0,0.0,0.0,0.0,0.0,0.0,0.0,0.0,0.0,0.0,0.0,0.0,0.0,1.7045549467125536,0.5203159177999248,77.35985993960613,92.10142443284633,1945.4297509503973,0.32054185237814938,0.04892274914196419,55.357382588387277,65.90436244509194,1370.5784746505195,3.9291484815383974,0.7424694787487526,112.30903180338328,133.74609481010899,2843.3258422411865,0.32154547766176719,0.0607606722716869,64.29158721273515,76.56306444550865,1579.8968383259365,0.0,0.0,5.1405346932200139,6.146358794879286,114.25917257218964,0.0,0.0,8.903223148985976,10.584886801514044,226.41827040973474,0.0,0.0,64.69578226838887,77.30027377115147,1464.4389308912928,0.0,0.0,45.87917001365738,55.284582776529969,818.0442371863516,0.0,0.0,18.47897244815758,22.05384289904965,430.0344146464678,15.68376837699649,10.757042782576472,115.99456669666945,138.4207155993139,3062.888465380148,0.0,0.0,52.633270084879999,63.90481156250154,712.8328318887975,0.0,17.908149288784665,41.67194800851523,22.0,30.0,0.0,17.91360733442269,41.70127352690276,12.0,30.0,0.0,17.83331763652085,41.823029079768598,22.0,30.0,0.0,17.828322668300865,41.93399289693307,12.0,30.0,0.0,16.661411712181989,45.15627236137678,12.0,30.0,0.0,18.317633216928024,40.62546896113638,12.0,30.0,0.0,16.87165861945395,44.43335263414803,10.0,30.0,0.0,14.419064899905026,52.062721649629697,12.0,30.0,0.0,17.19925471022984,43.617305567579979,20.0,30.0,0.0,17.222562800965958,0.0,0.0,0.0,12.252219067494672,0.0,0.0,526.4211845757286,517.395618434318,550.2508692775716,527.2200612149026,607.9495095786637,999.1553788412352,597.7167217990558,693.1221531052512,873.3358570875394,0.0,81.95661543068825,81.95661543068825,60.0,0.0,60.0,60.0,12.0,12.0,12.0,19.0,12.0,12.0,21.0,10.0,0.0,0.0,0.0,0.0,0.0,0.0,0.0,0.0,0.0,0.0,0.0,0.0,0.0,81.95661543068825,81.95661543068825,0.0,0.0,0.0,81.95661543068825,0.0,0.0,0.0013599999999999999 
 04/20  04:00:00,5.79,96.0,5.95,0.0,0.0,0.0,0.0,0.0,2.0,2.0,0.0,0.0,0.0,0.0,0.0,247.0,0.0,0.0,0.0,0.0,0.0,0.0,0.0,0.0,0.0,0.0,0.0,18.033783657721693,-106.42634757058613,18.087842492790139,-11.423040762090551,17.94863908514997,-33.867647216213757,17.9210597437104,-2.1626587508452816,16.65345837220816,-4.942192973344845,18.095771768726224,-20.324714536695184,16.95883643451228,-44.23376932156407,14.891259189131615,-199.09090416888194,17.074495255334634,-58.566871313426648,109.33986234284521,521.0524001956544,0.0,0.0,0.0,0.0,0.0,0.0,0.0,0.0,0.0,0.0,0.0,0.0,0.0,0.0,0.0,0.0,0.0,0.0,0.0,0.0,0.0,0.0,1.6988969713047435,0.5185888190795921,97.16524174216255,115.72965544637845,2380.1042219644098,0.3161784772596432,0.0482567883485414,7.160314869980826,8.521734696371853,183.3112256968135,3.9443974859779877,0.7453509988620538,67.49466626777633,80.37510827534038,1727.8970046498417,0.3260880839330552,0.06161906347941329,3.562659285844873,4.241636152030143,94.52727854270451,0.0,0.0,5.170619750776397,6.182255308941395,113.52733630319219,0.0,0.0,8.908419778057916,10.591011084445056,224.09357659559655,0.0,0.0,65.56585794819707,78.33668337089007,1466.8292755843364,0.0,0.0,46.07822871299145,55.52573433235289,807.978494058902,0.0,0.0,18.821932305568447,22.46194469271604,433.36312086608737,15.25459515650223,10.462685292525539,73.54686625046442,87.7904749511655,2025.9777388529195,0.0,0.0,52.73336675102096,64.01916750689955,702.7152714459116,0.0,17.737312467028297,42.24454902517286,22.0,30.0,0.0,17.967282649380988,41.577344978197078,12.0,30.0,0.0,17.79559005038957,42.029093666893917,22.0,30.0,0.0,17.85821350071292,41.858323743136129,12.0,30.0,0.0,16.626000859891165,45.22423877242146,12.0,30.0,0.0,18.27889674191911,40.711191497203738,12.0,30.0,0.0,16.83969345781192,44.575645619644,10.0,30.0,0.0,14.372215523621513,52.21474299806954,12.0,30.0,0.0,17.17580902192277,43.649867895973979,20.0,30.0,0.0,17.09672464179134,0.0,0.0,0.0,12.245354685648568,0.0,0.0,532.1275077678278,519.2234152382329,539.0936870878783,543.6621619054723,609.1924231202073,996.4271426300052,593.5010193862502,696.9710052441793,870.9785567007871,0.0,81.95661543068825,81.95661543068825,60.0,0.0,60.0,60.0,12.0,12.0,12.0,19.0,12.0,12.0,21.0,10.0,0.0,0.0,0.0,0.0,0.0,0.0,0.0,0.0,0.0,0.0,0.0,0.0,0.0,81.95661543068825,81.95661543068825,0.0,0.0,0.0,81.95661543068825,0.0,0.0,0.0014000000000000003 
 04/20  04:10:00,5.88,95.83333333333333,6.006666666666668,0.0,0.0,0.0,0.0,0.0,2.0,2.0,0.0,0.0,0.0,0.0,0.0,247.0,0.0,0.0,0.0,0.0,0.0,0.0,0.0,0.0,0.0,0.0,0.0,18.06717426531486,-2.223258939099651,17.978839050329584,-193.39091175795785,17.902599758418945,-31.351336688434914,17.850382990366684,-91.34661239099478,16.616479703813459,-4.921663792234682,18.058467711769816,-18.30359830343184,16.89858999386867,-59.38408707738972,14.841396970332193,-195.48118306496805,17.051481612124829,-59.06766443890422,163.4377665129996,517.0476937478989,0.0,0.0,0.0,0.0,0.0,0.0,0.0,0.0,0.0,0.0,0.0,0.0,0.0,0.0,0.0,0.0,0.0,0.0,0.0,0.0,0.0,0.0,1.714955513784515,0.5234906940734173,169.9518776501259,202.31006291267125,4146.3941990719799,0.3115032741128475,0.047543234754708108,140.2373245221992,166.98693531923173,3369.4280935271465,3.9887166709317287,0.7537257503650283,84.49618397487628,100.6235872985456,2117.1368517619446,0.3225814715636315,0.06095643831512309,70.94443311636994,84.48700595095237,1703.7380695383316,0.0,0.0,4.7399274546334368,5.667446166486633,102.86596630818396,0.0,0.0,9.028785134176369,10.73436114256767,224.83657909859125,0.0,0.0,61.3681301632067,73.33246453087912,1352.4103720959334,0.0,0.0,46.0160932976784,55.45371521487498,794.4920766949153,0.0,0.0,19.083134150633698,22.77327465267042,434.98961431500819,14.500836385877879,9.945703968366175,194.85337262485164,232.37162126678994,4836.8899899850989,0.0,0.0,52.46015685099777,63.6820620439065,688.7925845708306,0.0,17.873470452733476,41.8310577296688,22.0,30.0,0.0,17.780012514699139,42.214479324852138,12.0,30.0,0.0,17.755802890307505,42.192419363932099,22.0,30.0,0.0,17.745356124414376,42.295713132744378,12.0,30.0,0.0,16.590028063538204,45.314067436917728,12.0,30.0,0.0,18.24274030689218,40.80449901430368,12.0,30.0,0.0,16.762477493649464,44.866955206551669,10.0,30.0,0.0,14.329624179035493,52.33496300065206,12.0,30.0,0.0,17.15210471923074,43.7054796128199,20.0,30.0,0.0,17.340713930066586,0.0,0.0,0.0,12.24042378387095,0.0,0.0,525.9880817922963,526.784294522141,548.5796888265361,529.5228614061336,609.567184678171,990.8898439052559,603.0997583380325,698.1578433916617,870.0901270552232,0.0,81.95661543068825,81.95661543068825,60.0,0.0,60.0,60.0,12.0,12.0,12.0,19.0,12.0,12.0,21.0,10.0,0.0,0.0,0.0,0.0,0.0,0.0,0.0,0.0,0.0,0.0,0.0,0.0,0.0,81.95661543068825,81.95661543068825,0.0,0.0,0.0,81.95661543068825,0.0,0.0,0.0014399999999999999 
 04/20  04:20:00,5.970000000000001,95.66666666666666,6.063333333333334,0.0,0.0,0.0,0.0,0.0,2.0,2.0,0.0,0.0,0.0,0.0,0.0,247.0,0.0,0.0,0.0,0.0,0.0,0.0,0.0,0.0,0.0,0.0,0.0,17.934253729121076,-107.29467777118043,17.987253719676305,-0.5789301554536905,17.857244357842608,-28.504472603553496,17.840712975391264,-2.1556324445838017,16.579339540282903,-4.789003250019363,18.019112210184529,-21.781561948744299,16.87089703615453,-39.5407715213496,14.793283558941507,-192.34341358120674,17.027227511031133,-61.077143916251319,123.88503530380695,510.1535327242734,0.0,0.0,0.0,0.0,0.0,0.0,0.0,0.0,0.0,0.0,0.0,0.0,0.0,0.0,0.0,0.0,0.0,0.0,0.0,0.0,0.0,0.0,1.7177888070780292,0.5243555577161262,150.9040041043792,179.75070685479509,3592.3432490580787,0.3247598346638592,0.04956651933209085,51.54030389287805,61.34939688151915,1241.9362870138162,4.01806179729384,0.7592709367524266,70.3558491484057,83.7865564961289,1760.2928247727937,0.40713888823922508,0.07693478613741968,3.673620064450255,4.373992732449536,97.0385833297209,0.0,0.0,5.223334357502236,6.245594656271495,112.02664227367971,0.0,0.0,8.901582598822147,10.583520520522792,219.33134341164257,0.0,0.0,65.66967617315629,78.46804569535174,1433.810828946792,0.0,0.0,46.06091230110108,55.509884993890157,783.0500451254999,0.0,0.0,19.730301867515974,23.545299386301719,445.125414123895,13.624467148089217,9.34462767358657,122.44723095104082,146.0449370324624,3098.2771773543015,0.0,0.0,52.375437057386118,63.57431310622012,677.0517904916281,0.0,17.649544831534049,42.564909717549777,22.0,30.0,0.0,17.86070866233974,41.90449431716545,12.0,30.0,0.0,17.71711759115224,42.3252662990363,22.0,30.0,0.0,17.774742018290998,42.219981999037809,12.0,30.0,0.0,16.553825527006056,45.422520370983139,12.0,30.0,0.0,18.201627532449764,40.92698725861685,12.0,30.0,0.0,16.752254883916537,44.86082313968458,10.0,30.0,0.0,14.289157305210616,52.48024698753897,12.0,30.0,0.0,17.12630968915852,43.779321133072617,20.0,30.0,0.0,17.262986235893825,0.0,0.0,0.0,12.232019817559215,0.0,0.0,531.7012898992989,526.5988659766521,538.6618429392961,545.9210534904115,611.5041283336813,992.5587448890616,595.0866142938279,702.3820654255355,867.3198518521809,0.0,81.95661543068825,81.95661543068825,60.0,0.0,60.0,60.0,12.0,12.0,12.0,19.0,12.0,12.0,21.0,10.0,0.0,0.0,0.0,0.0,0.0,0.0,0.0,0.0,0.0,0.0,0.0,0.0,0.0,81.95661543068825,81.95661543068825,0.0,0.0,0.0,81.95661543068825,0.0,0.0,0.0015166666666666667 
 04/20  04:30:00,6.0600000000000009,95.5,6.12,0.0,0.0,0.0,0.0,0.0,2.0,2.0,0.0,0.0,0.0,0.0,0.0,247.0,0.0,0.0,0.0,0.0,0.0,0.0,0.0,0.0,0.0,0.0,0.0,17.958913713060168,-3.9988546757394944,17.920086029318087,-130.04155121998066,17.80803422026159,-30.830116502872899,17.789362153096044,-61.868026924383688,16.54202264218348,-4.764963041349631,17.98207855991368,-18.689294796842547,16.80842626793457,-61.68058018476859,14.74676465012443,-189.1364436548879,17.003460248498635,-60.41847875756332,126.95643238467165,507.6340897079813,0.0,0.0,0.0,0.0,0.0,0.0,0.0,0.0,0.0,0.0,0.0,0.0,0.0,0.0,0.0,0.0,0.0,0.0,0.0,0.0,0.0,0.0,1.7355868476455148,0.5297884150322084,168.29147830671847,200.36228723020595,4010.2958866289789,0.317971587488489,0.04853046207089271,130.35021852127827,155.19223320565215,3078.478436337449,4.071194921780957,0.7693112097091758,81.8962466872777,97.53380342929697,2011.1035883993869,0.47805587050415096,0.09033557643691437,71.00010830201194,84.54730868152862,1676.3455534726623,0.0,0.0,4.633531368042948,5.5405055640559779,98.19406888584904,0.0,0.0,8.997954614348555,10.698341161627015,219.42925148345837,0.0,0.0,59.8084271742851,71.47671873964895,1285.1642842610204,0.0,0.0,45.96729738172594,55.3986113342069,769.4432028056162,0.0,0.0,20.056979178608417,23.934736221180044,447.86550612652669,12.73003429380373,8.731162067080751,187.25458325129126,223.2663064659029,4543.867883096147,0.0,0.0,52.061110969121838,63.18734483289765,662.8854314363451,0.0,17.7697359005419,42.16297894952033,22.0,30.0,0.0,17.75584655180485,42.384238541985087,12.0,30.0,0.0,17.670147963345195,42.55745704572748,22.0,30.0,0.0,17.700520331063779,42.53286810981078,12.0,30.0,0.0,16.517316849464135,45.52484625547107,12.0,30.0,0.0,18.16550526426156,41.02487301039032,12.0,30.0,0.0,16.669200685977658,45.17648139024112,10.0,30.0,0.0,14.250626067932986,52.64547016917918,12.0,30.0,0.0,17.102119872521496,43.84495740392537,20.0,30.0,0.0,17.33285218067135,0.0,0.0,0.0,12.228022955412657,0.0,0.0,532.4275050471466,527.8165818475367,550.9204703803613,529.0701945518964,611.87371477281,989.3652940824728,607.0858485913152,705.094322309173,864.8856993827996,0.0,81.95661543068825,81.95661543068825,60.0,0.0,60.0,60.0,12.0,12.0,12.0,19.0,12.0,12.0,21.0,10.0,0.0,0.0,0.0,0.0,0.0,0.0,0.0,0.0,0.0,0.0,0.0,0.0,0.0,81.95661543068825,81.95661543068825,0.0,0.0,0.0,81.95661543068825,0.0,0.0,0.0015933333333333336 
 04/20  04:40:00,6.15,95.33333333333333,6.176666666666667,0.0,0.0,0.0,0.0,0.0,2.0,2.0,0.0,0.0,0.0,0.0,0.0,247.0,0.0,0.0,0.0,0.0,0.0,0.0,0.0,0.0,0.0,0.0,0.0,17.87051155904308,-75.30753132208156,17.921037760124976,-7.140884041717612,17.76096459079146,-24.9022134628417,17.76012797971235,-22.77272290862652,16.50476664245953,-4.548979670448972,17.94372757152821,-21.37911513441628,16.777151764996785,-43.08641814408429,14.701929060438048,-185.70357561446554,16.97848506170623,-62.64194977782779,90.05463245781539,499.3422375953278,0.0,0.0,0.0,0.0,0.0,0.0,0.0,0.0,0.0,0.0,0.0,0.0,0.0,0.0,0.0,0.0,0.0,0.0,0.0,0.0,0.0,0.0,1.7618953073166613,0.5378190803774913,98.18733197494515,116.9363974336458,2313.1887677237175,0.32936690962437739,0.05026967485109545,6.295205483170483,7.492796761207129,155.541877309301,4.157158051649747,0.7855551873865737,104.15713487951207,124.0508702004333,2505.1230901595974,0.7602647132702867,0.14366302215991809,32.89465102107361,39.1693139311496,782.0400102574681,0.0,0.0,4.989842849559918,5.966696120691746,104.47263848143303,0.0,0.0,8.997416352672137,10.698029537223828,217.07547027590128,0.0,0.0,63.52444416317261,75.91496775452278,1351.2044806077245,0.0,0.0,45.867886027168648,55.280242069386428,755.9826076673758,0.0,0.0,20.516379878054904,24.48264343714054,453.2931764706485,11.853004312262176,8.129632587285446,107.29726707041027,127.9501226092262,2667.1314828490687,0.0,0.0,51.79195274299459,62.85665872131171,648.5617615831299,0.0,17.635735604042546,42.702246191777479,22.0,30.0,0.0,17.809440883196065,42.246715444926447,12.0,30.0,0.0,17.62781636732264,42.670112105757237,22.0,30.0,0.0,17.684001907736524,42.589272609122748,12.0,30.0,0.0,16.480956305136325,45.64331511573227,12.0,30.0,0.0,18.12568449388596,41.15349241866939,12.0,30.0,0.0,16.65208752034885,45.19717330916349,10.0,30.0,0.0,14.214232985190727,52.76980431417191,12.0,30.0,0.0,17.075544395372469,43.9379042272084,20.0,30.0,0.0,17.254050435741708,0.0,0.0,0.0,12.2158752578091,0.0,0.0,534.8215567382529,528.1796657151084,539.2213296581747,534.1453488616938,614.1845240852005,990.5085852895812,603.8022421904177,710.0159942467751,864.5948419664424,0.0,81.95661543068825,81.95661543068825,60.0,0.0,60.0,60.0,12.0,12.0,12.0,19.0,12.0,12.0,21.0,10.0,0.0,0.0,0.0,0.0,0.0,0.0,0.0,0.0,0.0,0.0,0.0,0.0,0.0,81.95661543068825,81.95661543068825,0.0,0.0,0.0,81.95661543068825,0.0,0.0,0.00167 
 04/20  04:50:00,6.24,95.16666666666667,6.233333333333333,0.0,0.0,0.0,0.0,0.0,2.0,2.0,0.0,0.0,0.0,0.0,0.0,247.0,0.0,0.0,0.0,0.0,0.0,0.0,0.0,0.0,0.0,0.0,0.0,17.877725529971227,-2.0976440184294917,17.85701369121707,-116.36126114048966,17.707963857323855,-31.241408395840155,17.71172583891383,-48.09074100173348,16.467427259987475,-4.511921027054626,17.90712857050287,-19.262385477637169,16.726789976419604,-54.75462761348717,14.657475492049532,-183.30142697413727,16.953732138272796,-62.5793900674156,99.73046378033723,496.5488836474017,0.0,0.0,0.0,0.0,0.0,0.0,0.0,0.0,0.0,0.0,0.0,0.0,0.0,0.0,0.0,0.0,0.0,0.0,0.0,0.0,0.0,0.0,1.7904030710179213,0.5465210839493044,132.1295182842084,157.3027297045959,3094.431820591353,0.3284205942618026,0.050125243324450948,125.45302203863089,149.35046294359345,2906.3818011343289,4.262805541707059,0.8055188098463834,76.83113767671581,91.51114568173735,1852.094396947787,0.892387665913228,0.16862956649909822,66.02591992183018,78.62736604089975,1534.6059928044188,0.0,0.0,4.628454118202064,5.534696059782466,95.72401142353016,0.0,0.0,9.012107876921166,10.715705120263605,215.14870356206525,0.0,0.0,60.56924022140118,72.38939005896057,1270.2363354618208,0.0,0.0,45.84372339673172,55.252368194019798,743.751122137314,0.0,0.0,20.568262702783735,24.54422026525467,449.63637645609546,10.877366168948685,7.460470623421597,178.49195672887977,212.75518005192277,4241.240749455167,0.0,0.0,51.56755972013313,62.57951569072245,635.4377961676692,0.0,17.711467031108758,42.51066532212049,22.0,30.0,0.0,17.7114317723813,42.635096694319987,12.0,30.0,0.0,17.573103055009864,42.95537442185259,22.0,30.0,0.0,17.62146229893251,42.88381885032217,12.0,30.0,0.0,16.444388130913685,45.75435942736586,12.0,30.0,0.0,18.089514470865283,41.26745492909982,12.0,30.0,0.0,16.593057295113409,45.47042387138941,10.0,30.0,0.0,14.177368471873928,52.92744806014073,12.0,30.0,0.0,17.049964665730657,44.01543981185655,20.0,30.0,0.0,17.355011634768414,0.0,0.0,0.0,12.208886417939106,0.0,0.0,533.5520185341146,537.5225988857117,543.2585558350016,538.0547775343741,615.6396774260633,989.454467452831,610.9277515687812,713.8661460315767,865.8139362748848,0.0,81.95661543068825,81.95661543068825,60.0,0.0,60.0,60.0,12.0,12.0,12.0,19.0,12.0,12.0,21.0,10.0,0.0,0.0,0.0,0.0,0.0,0.0,0.0,0.0,0.0,0.0,0.0,0.0,0.0,81.95661543068825,81.95661543068825,0.0,0.0,0.0,81.95661543068825,0.0,0.0,0.0016800000000000003 
 04/20  05:00:00,6.33,95.0,6.29,0.0,0.0,0.0,0.0,0.0,2.0,2.0,0.0,0.0,0.0,0.0,0.0,247.0,0.0,0.0,0.0,0.0,0.0,0.0,0.0,0.0,0.0,0.0,0.0,17.78509585332766,-67.60000408682345,17.854199281405188,-6.999759191635434,17.66558929220099,-13.146426546029034,17.67969073070757,-21.69697875619545,16.43005143338805,-4.463025739063568,17.869879722988338,-20.99005259348462,16.694902706624484,-42.949687687129429,14.613896174200609,-180.56114157394496,16.928476424434593,-63.83918681010107,70.93239490312317,490.8421409299717,0.0,0.0,0.0,0.0,0.0,0.0,0.0,0.0,0.0,0.0,0.0,0.0,0.0,0.0,0.0,0.0,0.0,0.0,0.0,0.0,0.0,0.0,1.8476944516115315,0.5640092953637154,114.88926113174658,136.82842036131499,2643.890330458894,0.34316715111791709,0.05237593881531091,7.157616292256644,8.518930174124517,172.57265763024825,4.384532582279224,0.8285208961223026,133.3186803513368,158.79257086702527,3111.0657660487875,1.083977243761357,0.20483319043109539,43.98511536947553,52.37894436454243,1023.2351614885732,0.0,0.0,4.85670586071016,5.807764003045906,99.20302024328284,0.0,0.0,8.906536708464902,10.59043161304556,210.33638533826366,0.0,0.0,62.78779118968193,75.03831625751796,1302.6823603940209,0.0,0.0,45.83722157095102,55.24584656210173,731.883453210272,0.0,0.0,20.940137148818914,24.9876049934436,452.837680482187,9.890137240701343,6.7833588756525009,137.4250825014519,163.80552216735067,3261.493435077983,0.0,0.0,51.39867961164444,62.37014720124014,622.6820492696533,0.0,17.569468652847456,42.98320567859834,22.0,30.0,0.0,17.75495853123662,42.51950927288927,12.0,30.0,0.0,17.540691682293799,43.069280039914939,22.0,30.0,0.0,17.598080467123518,42.94124708222814,12.0,30.0,0.0,16.40770505958145,45.88554446869117,12.0,30.0,0.0,18.051164957502217,41.400946833030548,12.0,30.0,0.0,16.572402128844425,45.55660946419906,10.0,30.0,0.0,14.141279598785479,53.05876923912072,12.0,30.0,0.0,17.02343666882707,44.11924017625454,20.0,30.0,0.0,17.317105386129716,0.0,0.0,0.0,12.198057292027232,0.0,0.0,537.4434369310912,536.739121736524,541.2351103123737,537.390071970778,618.0669242849899,992.830758346137,608.9810632692701,717.2972657391258,866.689978139369,0.0,81.95661543068825,81.95661543068825,60.0,0.0,60.0,60.0,12.0,12.0,12.0,19.0,12.0,12.0,21.0,10.0,0.0,0.0,0.0,0.0,0.0,0.0,0.0,0.0,0.0,0.0,0.0,0.0,0.0,81.95661543068825,81.95661543068825,0.0,0.0,0.0,81.95661543068825,0.0,0.0,0.00169 
 04/20  05:10:00,6.356666666666667,95.0,6.28,12.000000000000002,30.66666666666667,0.0,0.0,0.0,2.0,2.0,0.0,0.0,0.0,0.0,0.0,247.0,0.0,19.25148886484917,31.741493375426609,81.33588172510633,0.5772589909201233,15.364543822765743,0.0,31.741493375426577,43.39302791771976,0.0,0.0,17.79103836671154,3.9280599714384154,17.802189383323147,-99.60472050038607,17.625716734386964,-26.133304313080317,17.68686703309632,-29.741990856781969,16.394190750759436,-4.464591013064023,17.840338741436328,-19.0461314068898,16.643399169016179,-55.106991376299678,14.589427249491287,-178.97863316981285,16.92470658946559,-64.31023920442192,75.22869998521765,488.38752869407156,0.0,0.0,0.0,0.0,0.0,0.0,0.0,0.0,0.0,0.0,0.0,0.0,0.0,0.0,0.0,0.0,0.0,0.0,0.0,0.0,0.0,0.0,1.8642694735241503,0.5690688258620728,144.99294602984197,172.6167569374461,3338.4690418583879,0.3387573092881114,0.051702886032984039,138.31790368880164,164.65053446224727,3159.8960922278408,4.405782950836428,0.8325364608534447,114.95955806081962,136.93155575948937,2678.6105272810207,1.1065393437607785,0.2090966258051357,56.57962089023971,67.37121420554833,1304.8420335448259,0.0,0.0,4.512593985691581,5.396298298428006,91.60832805443339,0.0,0.0,8.987292905934178,10.686348893271522,211.18462360940795,0.0,0.0,59.6709726699244,71.31995801696726,1227.4600589942939,0.0,0.0,45.79445846718707,55.1926751062653,726.2754191633618,0.0,0.0,21.004656997888465,25.062923025433159,452.45810650848849,9.48369185248244,6.504589747930345,183.2948496850654,218.43410030965578,4268.420075533809,0.0,0.0,51.26010329346403,62.19522722038044,617.8486255632845,0.0,17.642136210064565,42.82565333911479,22.0,30.0,0.0,17.6713508582833,42.83395659531127,12.0,30.0,0.0,17.49117961709235,43.271533909425297,22.0,30.0,0.0,17.583688764740459,43.08670203365587,12.0,30.0,0.0,16.37225350194414,46.011929355420068,12.0,30.0,0.0,18.019254007280183,41.518832495622458,12.0,30.0,0.0,16.510493641301303,45.78416288760807,10.0,30.0,0.0,14.11534097552138,53.19413181963111,12.0,30.0,0.0,17.00888177709103,44.183156855023657,20.0,30.0,0.0,17.347135163636439,0.0,0.0,0.0,12.19533094628848,0.0,0.0,541.2402556242338,535.0722402994845,543.7403881796633,535.4448000198698,619.8507155916658,992.8585752019538,616.7577341106381,720.362397872169,868.4546773023307,0.0,81.95661543068825,81.95661543068825,60.0,0.0,60.0,60.0,12.0,12.0,12.0,19.0,12.0,12.0,21.0,10.0,0.0,0.0,0.0,0.0,0.0,0.0,0.0,0.0,0.0,0.0,0.0,0.0,0.0,81.95661543068825,81.95661543068825,0.0,0.0,0.0,81.95661543068825,0.0,0.0,0.0017 
 04/20  05:20:00,6.383333333333334,95.0,6.270000000000001,15.0,38.333333333333339,0.0,0.0,0.0,2.0,2.0,0.0,0.0,0.0,0.0,0.0,247.0,0.0,24.61486539253789,38.57462612700867,98.84542963608425,0.7380813446658854,19.645042314087548,0.0,38.574626127008659,52.73443844141103,0.0,0.0,17.730872882339889,-34.45123210368638,17.778723674610924,-47.62448583539481,17.599360889558736,-1.693517786459779,17.678370270162814,-32.00042388795964,16.357774192874666,-4.358274306479984,17.808053142769759,-21.33844316587249,16.612914628343029,-41.84002319115211,14.560593402393725,-176.82439370829435,16.91384923318192,-66.0690281022438,64.8572898374714,482.58091127548507,0.0,0.0,0.0,0.0,0.0,0.0,0.0,0.0,0.0,0.0,0.0,0.0,0.0,0.0,0.0,0.0,0.0,0.0,0.0,0.0,0.0,0.0,1.8657762905422304,0.569528782216798,129.69130803580362,154.4213197839536,2963.4563949649366,0.34887670681887009,0.05324736062559067,72.24606120343005,85.99234535679277,1649.4673030501945,4.464095838584513,0.8435555250537632,175.74877582694936,209.3226939382551,4029.665428868368,1.1625182917217097,0.21967465829964273,70.97276749587002,84.50427423085807,1625.6259868735925,0.0,0.0,4.833303657646417,5.77984578520148,97.50944050396217,0.0,0.0,9.007221710047319,10.710024648448556,210.5512893195769,0.0,0.0,62.156093888694268,74.28585808603008,1272.8762986293203,0.0,0.0,45.74300904121299,55.12866938922946,720.7502288312207,0.0,0.0,21.60731903009013,25.780201532435546,463.63872406700497,9.217861302066364,6.322264267535231,180.1072575662348,214.63384837376248,4168.617559495476,0.0,0.0,51.16699196506489,62.07430139174634,614.119047966192,0.0,17.564363323899966,43.11660019367618,22.0,30.0,0.0,17.665353340587879,42.84190348817159,12.0,30.0,0.0,17.478967664709605,43.349420770449579,22.0,30.0,0.0,17.569407470442728,43.12471349179038,12.0,30.0,0.0,16.336441053358777,46.14701195331494,12.0,30.0,0.0,17.985021390668935,41.64260884536363,12.0,30.0,0.0,16.492242121090134,45.887204218095678,10.0,30.0,0.0,14.091721533062707,53.31319418681571,12.0,30.0,0.0,16.994902470586938,44.255609427152659,20.0,30.0,0.0,17.312541513701924,0.0,0.0,0.0,12.197864033367538,0.0,0.0,541.090266293873,534.4201686269344,543.3602345249169,536.8145739295853,622.6258953894628,995.1914541589109,616.5627102243061,724.6498686930116,868.7417104557325,0.0,81.95661543068825,81.95661543068825,60.0,0.0,60.0,60.0,12.0,12.0,12.0,19.0,12.0,12.0,21.0,10.0,0.0,0.0,0.0,0.0,0.0,0.0,0.0,0.0,0.0,0.0,0.0,0.0,0.0,81.95661543068825,81.95661543068825,0.0,0.0,0.0,81.95661543068825,0.0,0.0,0.0016800000000000003 
 04/20  05:30:00,6.41,95.0,6.26,18.0,46.0,0.0,0.0,0.0,2.0,2.0,0.0,0.0,0.0,0.0,0.0,247.0,0.0,30.00853737533627,45.135493775832987,115.65731640628933,0.8998125117825776,23.949723846344744,0.0,45.13549377583296,61.703641927920617,0.0,0.0,17.705172863707177,-7.260370848697221,17.74399682998041,-67.99380141351867,17.56324409011469,-11.090659139929813,17.66951997775911,-35.31585833181407,16.32137554209443,-4.41231628484897,17.777238243927415,-20.4177292894272,16.571485759848558,-47.763533196766278,14.533226805721922,-174.3515433224245,16.903911461441106,-66.51574422346039,59.998203895312148,479.3372659769291,0.0,0.0,0.0,0.0,0.0,0.0,0.0,0.0,0.0,0.0,0.0,0.0,0.0,0.0,0.0,0.0,0.0,0.0,0.0,0.0,0.0,0.0,1.8915440844213003,0.5773944091640111,113.46791061134086,135.08849626956869,2592.3780808901544,0.34969673411056398,0.05337251741614224,105.42543019375012,125.48557367117829,2389.612424434711,4.4841566394633809,0.8473463037534735,152.85909649578148,182.06014142403169,3498.61004326277,1.186295682506681,0.22416774045855646,72.952677573394,86.85518754506853,1664.4894582686805,0.0,0.0,4.68028917202351,5.596896814907206,93.8311643880285,0.0,0.0,9.02577660956088,10.731966374735393,209.92756951660994,0.0,0.0,60.359376221172727,72.14043159948996,1227.5849643784828,0.0,0.0,45.680748419710479,55.05117106491282,715.270418539376,0.0,0.0,21.7358103928919,25.93149270009855,464.66324546554076,8.838584146340916,6.062129044129573,167.58017127412428,199.6849534595752,3872.498745911069,0.0,0.0,51.052372769762587,61.925520145383959,610.9772492756351,0.0,17.5655880534236,43.11817829177167,22.0,30.0,0.0,17.627166813968257,43.00662542954902,12.0,30.0,0.0,17.443420149302214,43.5010837765897,22.0,30.0,0.0,17.55459207590405,43.23028728266008,12.0,30.0,0.0,16.300509378064427,46.28553843821869,12.0,30.0,0.0,17.953453388413864,41.76067060831962,12.0,30.0,0.0,16.448869167870816,46.0710474171621,10.0,30.0,0.0,14.070349742521469,53.42887328302043,12.0,30.0,0.0,16.982795164633499,44.32566042846392,20.0,30.0,0.0,17.306599492014234,0.0,0.0,0.0,12.208532301309813,0.0,0.0,541.5424959333647,537.6047651246327,544.0765631252094,537.5867559416232,625.0648681158824,996.0962370670222,620.6419569951738,729.2543614670541,869.9556190173782,0.0,81.95661543068825,81.95661543068825,60.0,0.0,60.0,60.0,12.0,12.0,12.0,19.0,12.0,12.0,21.0,10.0,0.0,0.0,0.0,0.0,0.0,0.0,0.0,0.0,0.0,0.0,0.0,0.0,0.0,81.95661543068825,81.95661543068825,0.0,0.0,0.0,81.95661543068825,0.0,0.0,0.00166 
 04/20  05:40:00,6.4366666666666669,95.0,6.25,25.83333333333333,40.333333333333339,0.0,0.0,0.0,2.0,2.0,0.0,0.0,0.0,0.0,0.0,247.0,0.0,41.01623574686821,40.61049882287209,104.06233262103236,1.2298815174441112,32.734943444741407,0.0,40.610498822872077,55.517630765843907,0.0,0.0,17.658141739600575,-18.644082411270575,17.718790786735267,-54.23477892055189,17.52914205353781,-0.1167634813245968,17.645766319200168,-37.12025048182568,16.285599105675368,-4.36239493901985,17.7489640508823,-21.188403409397496,16.536327534095656,-43.41930066693794,14.501433416282393,-170.9472601819425,16.887104379971576,-67.54619249823372,54.286211685793208,474.0185093103262,0.0,0.0,0.0,0.0,0.0,0.0,0.0,0.0,0.0,0.0,0.0,0.0,0.0,0.0,0.0,0.0,0.0,0.0,0.0,0.0,0.0,0.0,1.9036640125104266,0.5810940209128287,116.92761340880147,139.21280605390474,2652.6757901480966,0.3546453972419045,0.05412780788185356,87.20484907023536,103.7922045161128,1969.9086126361765,4.529626272387098,0.85593844905274,175.49732212302278,209.01538097208897,3984.5503878549927,1.2279152718807172,0.23203236430096689,82.11869974732919,97.76362727659509,1862.855649086243,0.0,0.0,4.762338444022881,5.695030354011478,94.87955111371892,0.0,0.0,9.072404046822362,10.787241879666734,209.96723421551585,0.0,0.0,60.66351902245542,72.5030845332129,1226.7752976093862,0.0,0.0,45.580919572917,54.92846288495909,709.1791820407841,0.0,0.0,22.169477983441678,26.447102286779317,472.0202244522659,8.513849353526928,5.8394028487839029,179.94711359513847,214.4046461286693,4121.547491802823,0.0,0.0,50.903206381871687,61.73470300128735,607.4917753529516,0.0,17.517580637738857,43.3188096620462,22.0,30.0,0.0,17.607883432667358,43.10775013309425,12.0,30.0,0.0,17.41954604636048,43.59769742049811,22.0,30.0,0.0,17.53183894187008,43.34322553151776,12.0,30.0,0.0,16.265126280714936,46.4283896158948,12.0,30.0,0.0,17.922916468552235,41.87918418926436,12.0,30.0,0.0,16.41855553900779,46.18149198481281,10.0,30.0,0.0,14.048541024792178,53.549377399321269,12.0,30.0,0.0,16.967277072618395,44.41023370254282,20.0,30.0,0.0,17.293741962508123,0.0,0.0,0.0,12.219787798889739,0.0,0.0,544.6271237739445,537.2963811139482,544.3036572502828,537.0764323549558,627.8400241512961,997.6106139424273,622.1241713219962,733.7692549778432,870.9110195590428,0.0,81.95661543068825,81.95661543068825,60.0,0.0,60.0,60.0,12.0,12.0,12.0,19.0,12.0,12.0,21.0,10.0,0.0,0.0,0.0,0.0,0.0,0.0,0.0,0.0,0.0,0.0,0.0,0.0,0.0,81.95661543068825,81.95661543068825,0.0,0.0,0.0,81.95661543068825,0.0,0.0,0.00164 
 04/20  05:50:00,6.463333333333334,95.0,6.24,33.666666666666667,34.66666666666667,0.0,0.0,0.0,2.0,2.0,0.0,0.0,0.0,0.0,0.0,247.0,0.0,52.745089627407029,41.02899040767349,105.13475294788299,1.5815736883577796,42.095705956954258,0.0,41.02899040767345,56.089740490103967,0.0,0.0,17.623617501613759,-6.6839389572242,17.69158502781673,-59.610576295107879,17.49108861393586,-1.7336314588683309,17.623277747801028,-36.4353755376078,16.250343242125255,-4.326368420073095,17.723167171544384,-21.018488368436637,16.496844709171357,-45.61403426482684,14.470589254400327,-167.46116948734403,16.870702581302174,-67.8303243966219,48.64431861225694,469.44138602188016,0.0,0.0,0.0,0.0,0.0,0.0,0.0,0.0,0.0,0.0,0.0,0.0,0.0,0.0,0.0,0.0,0.0,0.0,0.0,0.0,0.0,0.0,1.9265060822307306,0.5880665696675002,109.64360364298178,130.53365901316614,2480.0824748612019,0.357055024777357,0.054495577652221769,101.17033825174711,120.41102822211423,2272.96141187642,4.564950225276934,0.862613421254145,168.55406593282667,200.74438862545277,3810.5109047460757,1.264535457688546,0.23895227847478185,85.0982702919756,101.30656549672256,1921.5484696550007,0.0,0.0,4.696229162309984,5.615980648825655,92.97982726696626,0.0,0.0,9.11842578577798,10.841698597022815,210.0293436133991,0.0,0.0,59.38331297415108,70.97410331389584,1192.9262799879062,0.0,0.0,45.45997842952404,54.78020123314995,702.8179563648471,0.0,0.0,22.643316006657657,27.01064450167506,480.1200743114709,8.135429396236017,5.57985555297395,176.6691193845359,210.48040120258586,4028.045707986259,0.0,0.0,50.7228535845007,61.505640274704877,603.9347251080826,0.0,17.497980839653306,43.410719639327819,22.0,30.0,0.0,17.579930039256277,43.228938440805098,12.0,30.0,0.0,17.385498588522475,43.75646576176247,22.0,30.0,0.0,17.508696275079318,43.45379631659916,12.0,30.0,0.0,16.230359453336747,46.56631435354306,12.0,30.0,0.0,17.895054863253738,41.98969946183561,12.0,30.0,0.0,16.378637639022445,46.35354216707589,10.0,30.0,0.0,14.02713321627253,53.673977186400858,12.0,30.0,0.0,16.95098096798434,44.49495365976457,20.0,30.0,0.0,17.284929095212964,0.0,0.0,0.0,12.233881858184417,0.0,0.0,545.027072287726,538.5308925649222,545.4611196916875,536.754618334151,630.4949779009626,998.2664038663438,627.3019695544924,738.6996633299119,870.6459918235573,0.0,81.95661543068825,81.95661543068825,60.0,0.0,60.0,60.0,12.0,12.0,12.0,19.0,12.0,12.0,21.0,10.0,0.0,0.0,0.0,0.0,0.0,0.0,0.0,0.0,0.0,0.0,0.0,0.0,0.0,81.95661543068825,81.95661543068825,0.0,0.0,0.0,81.95661543068825,0.0,0.0,0.0016466666666666666 
 04/20  06:00:00,6.49,95.0,6.23,41.5,29.0,0.0,0.0,0.0,2.0,2.0,0.0,0.0,0.0,0.0,0.0,247.0,0.0,61.80060113507566,33.442283967563259,85.69430153250606,1.85310678900915,49.3229002331971,0.0,33.442283967563238,45.71813760219092,0.0,0.0,17.582064909117187,-8.418366744653213,17.66704675707188,-54.78419802296594,17.45242855653762,4.251223630395543,17.590547435953476,-34.749268125039638,16.215398483206174,-4.2619034248845939,17.6982848113901,-21.444763045017625,16.460069340266377,-43.632737201278818,14.4370218777532,-163.61604535207608,16.84884472735254,-68.35446394264693,42.20065571499799,463.7854193390897,0.0,0.0,0.0,0.0,0.0,0.0,0.0,0.0,0.0,0.0,0.0,0.0,0.0,0.0,0.0,0.0,0.0,0.0,0.0,0.0,0.0,0.0,1.9436903867850673,0.5933120838782257,111.55228061302513,132.80635979365057,2508.5392376960837,0.36096574619805235,0.05509245210592985,97.11995107389744,115.58530617557983,2172.7650636112009,4.610497331661504,0.871220206285243,178.18777585177097,212.21493407170667,4002.306136285016,1.3091083588288937,0.24737497332367598,89.12957464348735,106.10333992274991,2002.2322842169493,0.0,0.0,4.711612122293414,5.634370470092403,92.70401710612205,0.0,0.0,9.169737986790504,10.90239327123274,210.22390509505969,0.0,0.0,59.16056574740724,70.70774613342815,1181.1679613889947,0.0,0.0,45.329316093266729,54.62049447620148,696.2550050791974,0.0,0.0,23.08452907377919,27.535496925261137,487.2931516695844,7.7743563979134,5.332206034234158,182.7433907533754,217.70069194439174,4136.695411672603,0.0,0.0,50.53411906567769,61.26634481769694,600.3147566106512,0.0,17.461687052071914,43.55836422223158,22.0,30.0,0.0,17.558043981857759,43.31999778388549,12.0,30.0,0.0,17.354488552585889,43.88461080324799,22.0,30.0,0.0,17.4805876702872,43.56308282933633,12.0,30.0,0.0,16.196045518333745,46.707122027263988,12.0,30.0,0.0,17.868393071671844,42.099320969643319,12.0,30.0,0.0,16.34432227125438,46.49754316609906,10.0,30.0,0.0,14.004876596877767,53.79109843537185,12.0,30.0,0.0,16.93123393919191,44.5951783374542,20.0,30.0,0.0,17.270906986920865,0.0,0.0,0.0,12.248232998623207,0.0,0.0,546.6207951614001,538.990428665156,545.465081733794,537.0983893836216,633.6961844098154,999.2798402423268,629.6946329060838,744.5029181724045,870.8885035148401,0.0,81.95661543068825,81.95661543068825,60.0,0.0,60.0,60.0,12.0,12.0,12.0,19.0,12.0,12.0,21.0,10.0,0.0,0.0,0.0,0.0,0.0,0.0,0.0,0.0,0.0,0.0,0.0,0.0,0.0,81.95661543068825,81.95661543068825,0.0,0.0,0.0,81.95661543068825,0.0,0.0,0.0016533333333333335 
 04/20  06:10:00,6.575000000000001,94.83333333333334,6.510000000000001,49.333333333333339,23.33333333333333,0.0,0.0,0.0,2.0,2.0,0.0,0.0,0.0,0.0,0.0,2480.0,0.0,72.86288479434184,33.66374600628336,86.26184052359989,2.1848115870236088,58.15167374042081,0.0,33.66374600628335,46.020892999211287,0.0,0.0,18.781750980832748,-807.3878428903756,17.85958432893352,812.335252055261,19.003983770106083,-2205.041966715916,17.890689256756049,983.7467658445651,16.187456559698825,-5.074071041546404,18.59212987888396,-94.41135208478458,16.548778410681569,139.70938660424089,15.512032709950354,-221.80624953261455,18.181757948892736,-202.35744395805626,198.54020638689347,600.1796243036697,0.0,0.0,0.0,0.0,0.0,0.0,0.0,0.0,0.0,0.0,0.0,0.0,0.0,0.0,0.0,0.0,0.0,0.0,0.0,0.0,0.0,0.0,1.805567679271393,0.551150085247678,378.0954095798518,448.4139931677248,9815.346290220776,0.4363477292412372,0.06659763877308261,339.66931396928717,404.8330734572583,7841.449432542607,4.066033509491874,0.7683358861473688,508.69467036326628,602.5726191186717,13615.404453713645,1.650921616135356,0.3119655359288276,353.4627156309445,421.07468912960186,8300.03178866459,0.0,0.0,8.991280282350463,10.787701462584194,174.85407860419455,0.0,0.0,16.42532152540135,19.490850884090216,421.1180187522304,0.0,0.0,70.06306414386747,83.97211625363839,1417.2835999061793,0.0,0.0,34.4872319910313,41.5149879109272,627.0118735004894,0.0,0.0,40.38154049234277,47.950212351214059,1020.6317989925642,9.03352660853413,6.195834436580339,691.2839258950553,824.516268654485,15857.594876792678,0.0,0.0,47.68782316168329,57.99208250309385,575.8159698896848,2033.202847368782,19.291745854943753,38.96824309845178,21.999999999999998,30.0,0.0,17.963877720241759,42.29044029970193,15.999999999999999,30.0,4578.515599485895,19.661227689211456,38.11153443801077,21.999999999999998,30.0,0.0,18.107643217673254,41.95417485103607,15.999999999999999,30.0,0.0,16.175162224387245,46.82354423802578,12.0,30.0,1683.1161752907604,19.222298375555444,38.73942721232459,20.0,30.0,0.0,16.56011092371814,46.003262783241279,10.0,30.0,1435.4766125414388,15.695365490145307,48.34700129943531,16.999999999999998,30.0,2540.9310941657915,18.97411041246169,39.348954541940248,19.9,30.0,0.0,17.768861879295508,0.0,0.0,0.0,12.42682698746725,0.0,0.0,547.2388396021411,548.5528157934928,544.8398994793539,543.4764256476957,635.1184991058127,972.4539026835284,616.9622190067225,755.7834705343685,844.9160715326354,12678.568524038557,79.62049659833939,87.8600647788065,60.0,0.0,60.0,60.0,16.0,16.0,19.0,19.0,16.0,12.0,21.0,10.0,1.0,0.0,2033.202847368782,0.0,4578.515599485895,0.0,1683.1161752907604,0.0,1435.4766125414388,2540.9310941657915,12466.840190534145,7480104.114320485,9748698.636630545,79.62049659833939,87.99999999999999,0.4155613396844715,0.7672131418821057,0.3602813740196596,87.99999999999999,0.3542647819438876,9748698.636630545,0.5085923291047881 
 04/20  06:20:00,6.66,94.66666666666667,6.790000000000001,57.16666666666667,17.666666666666666,0.0,0.0,0.0,2.0,2.0,0.0,0.0,0.0,0.0,0.0,744.0,0.0,83.79247081670738,33.941451811465807,86.97349888204229,2.512537205882926,66.8745393559265,0.0,33.94145181146579,46.40053788909299,0.0,0.0,19.530681874926616,-1349.4589016079827,18.469915937609394,807.9197273116179,19.870148232622304,-3319.378521175775,18.68332158165063,805.680314485537,16.151855360534648,-2.111606801983592,18.781264290671424,-104.30009437817901,16.85211524491953,228.21471594469183,16.201366942682108,-206.99858396578143,18.356555242878085,-167.9977101442224,353.64239279339008,547.4377016398512,0.0,0.0,0.0,0.0,0.0,0.0,0.0,0.0,0.0,0.0,0.0,0.0,0.0,0.0,0.0,0.0,0.0,0.0,0.0,0.0,0.0,0.0,1.8028116050224102,0.5503087927418833,447.3320148591306,528.4106651680702,12398.695480360184,0.4619873604777436,0.07051089140380701,402.6703086787363,478.1057041437109,9973.50243709066,3.981897973327243,0.752437258754203,572.268384576701,675.0066458772991,16418.50674428615,1.576612240616669,0.29792370382023206,391.35040613485139,464.09528897205657,10018.414870430854,0.0,0.0,10.63747868363022,12.755664902817904,204.36259255490865,0.0,0.0,18.529665783598476,21.963563996184634,477.51871335903868,0.0,0.0,71.22752459131393,85.1351297492821,1500.638211289011,0.0,0.0,23.328456631420253,27.918591006899747,484.09880274462719,0.0,0.0,40.21760558984529,47.726064485486357,1014.8959795977626,10.005483803877724,6.862471744772101,791.490273746111,941.5142759359335,19006.84327949541,0.0,0.0,40.04967148774296,48.64229268625229,488.0102343179081,1885.4591069833696,20.507836672208926,36.12542926049405,21.999999999999994,29.99999999999999,0.0,19.00518730260005,39.642053832831539,15.999999999999993,29.99999999999999,4260.5084129580959,20.993615950341107,35.073602072919189,21.999999999999994,29.99999999999999,0.0,19.41418482848269,38.67098966898693,15.999999999999993,29.99999999999999,0.0,16.140565624515469,47.06178237926575,11.999999999999995,29.99999999999999,0.0,19.5371483967235,38.08195352445105,18.999999999999994,29.99999999999999,0.0,17.090167556159245,44.58928804157955,9.999999999999997,29.99999999999999,517.6264867699051,16.952704668255117,44.58579254754481,16.999999999999994,29.99999999999999,0.0,19.240805711707777,38.77748448676695,18.999999999999994,29.99999999999999,0.0,18.484977297210035,0.0,0.0,0.0,12.570321982782744,0.0,0.0,548.4376566847142,552.5352279828616,545.9568475262113,545.2819434066735,639.8426027237474,897.5440982019045,606.0253938256102,782.606125601055,797.3971959814053,12148.753532406654,79.97125547944396,87.86592234807523,59.99999999999998,0.0,59.99999999999998,59.99999999999998,16.0,16.0,19.0,19.0,16.0,12.0,21.0,10.0,1.0,0.0,1885.4591069833696,0.0,4260.5084129580959,0.0,0.0,0.0,517.6264867699051,0.0,11945.872952103335,7167523.771262003,9351944.72012012,79.97125547944396,87.99999999999997,0.3981957650701111,0.7664243307255998,0.36028137401965945,87.99999999999997,0.35426478194388735,9351944.72012012,0.48792112544624635 
 04/20  06:30:00,6.745,94.5,7.07,65.0,12.0,0.0,0.0,0.0,2.0,2.0,0.0,0.0,0.0,0.0,0.0,992.0,0.0,92.57219462265094,29.995933578755009,76.86338107818216,2.7758000275503345,73.88162040063327,0.0,29.995933578754984,41.006715336483129,0.0,0.0,20.065977246473815,-1145.840179464656,18.938397145989979,949.5477761772331,20.43746404974489,-3088.6983843759937,19.187546523682515,952.4032691863117,16.126524937308838,4.119835196866887,18.724652400949556,-72.92897564262489,17.207949021086415,355.6325044618677,16.079249096140008,-260.8043590286748,18.771999473348339,-193.75298259927804,558.2897479561234,602.9717173408112,0.0,0.0,0.0,0.0,0.0,0.0,0.0,0.0,0.0,0.0,0.0,0.0,0.0,0.0,0.0,0.0,0.0,0.0,0.0,0.0,0.0,0.0,1.8641982140273883,0.5690470738789342,456.25044792219219,537.7609423876563,13218.449749679447,0.4732282624676787,0.07222653578566524,406.9353737574461,482.11245115325536,10588.490298365032,4.051794020075201,0.7656451285100534,579.1549933344461,681.6004997612122,17325.955062358804,1.453566484046424,0.27467242706848518,383.9367751494585,454.17320253820426,10350.195360080956,0.0,0.0,11.485546597910572,13.778290310663334,218.23742073698743,0.0,0.0,18.311294787264474,21.734358222176199,458.17094677409417,0.0,0.0,77.810654770471,92.8110547116689,1722.109176757212,0.0,0.0,33.0107077704943,39.527496974263318,651.3963199108746,0.0,0.0,40.3331562512138,47.757313313220858,1061.1835931569647,11.244784798810102,7.712472427167424,788.0377686202771,934.9038216903613,20149.136417925638,0.0,0.0,42.9179062843288,52.09807708039431,520.2507516796457,1885.181977597415,21.26653355931687,34.51049014444501,22.0,30.0,0.0,19.758400486121717,37.85560540788493,16.0,30.0,4161.134968987548,21.723081506889643,33.568272992728797,22.0,30.0,0.0,20.21648310140766,36.81977158713555,16.0,30.0,0.0,16.121954111378569,47.218287358251028,12.0,30.0,445.26992801959337,19.236391190463296,38.875885963156537,19.0,30.0,0.0,17.715764127054947,42.920070857346498,10.0,30.0,346.26936662473369,16.51311876991031,45.91309446377115,16.0,30.0,1176.0616848273604,19.90663149040808,37.26255333716512,19.75,30.0,0.0,19.361798690116406,0.0,0.0,0.0,12.617591737361588,0.0,0.0,550.5925466696602,555.30507989928,549.3997365832864,548.7605697892707,644.0376644089473,859.5295311712808,597.5243622071004,801.1755439355719,787.2408829223934,10425.214142539657,81.11146647286084,84.6769200363022,60.0,0.0,60.0,60.0,16.0,16.0,19.0,19.0,16.0,12.0,21.0,10.0,1.0,0.0,1885.181977597415,0.0,4161.134968987548,0.0,445.26992801959337,0.0,346.26936662473369,1176.0616848273604,5395.75188421859,3237451.130531154,4214175.215488098,81.11146647286084,84.73747327430296,0.3498583961406197,0.7655791174758273,0.36028137401965956,84.73747327430296,0.3542647819438875,4214175.215488098,0.22071711120538113 
 04/20  06:40:00,6.83,94.33333333333334,7.3500000000000009,75.0,12.166666666666666,0.0,0.0,0.0,2.0,2.0,0.0,0.0,0.0,0.0,0.0,1736.0,0.0,106.37457867191807,33.61937141570199,86.1483114318311,3.1896681825444279,84.89726909867633,0.0,33.61937141570197,45.96022956963789,0.0,0.0,20.312460508932696,-1265.5513844271007,19.284321976226054,831.2880415489597,20.42797263067815,-1442.1085843108602,19.45799810864465,662.6698453546594,16.10914691123402,8.520228432407939,19.029363990263549,-64.3991457714643,17.544699555877949,371.76953335225996,16.184779261886903,-302.74607563761335,18.48060559806285,-90.04121567259188,616.0288589327415,580.8402829983777,0.0,0.0,0.0,0.0,0.0,0.0,0.0,0.0,0.0,0.0,0.0,0.0,0.0,0.0,0.0,0.0,0.0,0.0,0.0,0.0,0.0,0.0,1.9855419719491239,0.6060872930247638,449.8658774514253,530.0252740664063,13181.782709907782,0.46569328633613057,0.0710765089035609,362.27132345436226,428.6593536202186,9700.517528217593,4.48186679149752,0.8469136038355115,416.59634646088196,490.57824813706108,12305.077942402873,1.481581426933492,0.2799662560342957,319.76774418953598,377.90914054434009,8766.691779149685,0.0,0.0,11.155404484068601,13.389006036545016,209.81729113291287,0.0,0.0,15.496699087683503,18.363810093160259,403.86263395180517,0.0,0.0,84.83194942332189,101.04797571277754,1950.0837135164302,0.0,0.0,37.51367269320526,44.924617893970999,749.5544217324562,0.0,0.0,28.61566166601212,33.97647607016321,718.2225047006416,11.288391847308308,7.742381239580471,680.1030757285353,805.7764861147672,17933.58382091063,0.0,0.0,46.140147135686429,56.024343191281577,560.5584599744861,1830.815309398297,21.532386334143977,34.01021429989263,22.00000000000002,30.000000000000033,0.0,20.24565719998293,36.78598646111801,16.000000000000019,30.000000000000033,1792.8863380781602,21.48046694430814,34.140976678397027,21.428571428571457,30.000000000000033,0.0,20.518223416430616,36.19650993776954,16.000000000000019,30.000000000000033,0.0,16.112889821195944,47.32850916107738,12.000000000000015,30.000000000000033,422.0222129735978,19.86254103418426,37.43205921012195,19.428571428571453,30.000000000000033,0.0,18.259675086220775,41.53077041110954,10.00000000000001,30.000000000000033,345.19538733484458,16.72917491463958,45.40280442313389,16.428571428571446,30.000000000000033,0.0,19.332901722313868,38.66301324172631,19.00000000000002,30.000000000000033,0.0,19.82945782663279,0.0,0.0,0.0,12.734123316524835,0.0,0.0,556.1228879125913,559.8354855535764,556.0987959774386,557.1510293434492,647.2476652644704,846.402572438831,604.777682918213,783.7340667372102,793.895719163157,10192.425631751972,81.26543880228175,84.25135885833382,60.000000000000067,0.0,60.000000000000067,60.000000000000067,16.0,16.0,19.0,19.0,16.0,12.0,21.0,10.0,1.0,0.0,1830.815309398297,0.0,1792.8863380781602,0.0,422.0222129735978,0.0,345.19538733484458,0.0,4518.828957643906,2711297.374586339,3542123.891807939,81.26543880228175,84.30206969345989,0.344913346207178,0.7678394710660151,0.36028137401966,84.30206969345989,0.35426478194388796,3542123.891807939,0.18573044237401285 
 04/20  06:50:00,6.915000000000001,94.16666666666667,7.63,85.0,12.333333333333333,0.0,0.0,0.0,2.0,2.0,0.0,0.0,0.0,0.0,0.0,496.0,0.0,119.98603772127936,37.17240496776023,95.25283481166672,3.597811558662472,95.7605427451698,0.0,37.1724049677602,50.817495807666158,0.0,0.0,20.35889725101372,-1483.041501499294,19.48536672784936,653.3099091985987,20.27467153177067,-451.88609475757678,19.47171753276941,264.67874452751507,16.092643360675408,8.680247943305915,18.741024971190805,-35.30980523332616,17.772163384292499,311.645077698656,16.129276633020923,-338.8707591098739,18.683867110418114,-86.25056357279209,588.652950120073,623.8422778164564,0.0,0.0,0.0,0.0,0.0,0.0,0.0,0.0,0.0,0.0,0.0,0.0,0.0,0.0,0.0,0.0,0.0,0.0,0.0,0.0,0.0,0.0,2.0851831867569867,0.6365028042603744,498.61457774691066,586.4696502282512,14406.039643673597,0.45899217395908467,0.07005375060425591,325.0862151223075,383.79385565038089,8799.90672934811,5.006195970778607,0.9459931917571067,304.8876328540529,359.20061836331419,8771.141748565413,1.574373969948961,0.2975007501793198,179.650017441864,212.33042631458108,4920.716734198603,0.0,0.0,10.632988115660904,12.741938014292187,197.942403857768,0.0,0.0,13.528817543476557,16.034175349832869,336.925493626276,0.0,0.0,92.4944004788666,109.8645812258236,2170.4332865082935,0.0,0.0,43.84282759823112,52.430805500847387,859.1701152128833,0.0,0.0,22.83688449758794,27.059826011799595,572.9620273981711,10.417492441366714,7.145056544147268,606.6652219914699,717.4989999473585,16048.892208881523,0.0,0.0,52.51358216062759,63.6182263643611,644.4313606851948,1854.8273151991244,21.433514127644874,34.238110858462309,22.0,30.0,0.0,20.484319904817519,36.273714447075509,16.0,30.0,1423.1922984270812,21.299878331584467,34.577919397115987,21.5,30.0,0.0,20.40335459403617,36.49183874714938,16.0,30.0,0.0,16.10077873438145,47.44770243804912,12.0,30.0,0.0,19.34064616412492,38.71328031005801,19.0,30.0,0.0,18.597785056751193,40.69042459340285,10.0,30.0,754.413860812181,16.54647894198348,46.06878301964007,16.5,30.0,1064.0791307645123,19.52108451857618,38.26529928132838,19.5,30.0,0.0,19.959044560956984,0.0,0.0,0.0,12.874961590785612,0.0,0.0,558.1241151794553,563.3851618880042,560.5100266029333,568.0120452232258,648.8093085660797,857.6220069879685,609.4622530820628,742.10832523539,820.040779885498,7219.239251249233,83.23125267018529,83.23125267018529,60.0,0.0,60.0,60.0,16.0,16.0,19.0,19.0,16.0,12.0,21.0,10.0,1.0,0.0,1854.8273151991244,0.0,1423.1922984270812,0.0,0.0,0.0,754.413860812181,1064.0791307645123,0.0,0.0,0.0,83.23125267018529,83.23125267018529,0.34,0.7654606502369303,0.36028137401965956,83.23125267018529,0.3542647819438875,0.0,0.0015133333333333334 
 04/20  07:00:00,7.0,94.0,7.91,95.0,12.5,0.0,0.0,0.0,2.0,2.0,0.0,0.0,0.0,0.0,0.0,1736.0,0.0,133.7203797967603,40.402843526086247,103.53072670697093,4.009639523621163,106.72188803717697,0.0,40.40284352608621,55.233750231802407,0.0,0.0,20.509668435558063,-1138.976568885904,19.546309118052329,623.5751211481313,20.537110690843244,-1269.2615893631369,19.47583182046432,772.0708409485238,16.079517721964846,11.074496351990238,18.76392569919357,-30.30903500938215,17.84021877330463,279.631742569575,16.004774160916658,-307.467786438193,18.772938273484465,-101.01336445086629,558.501796888218,668.6726874435636,0.0,0.0,0.0,0.0,0.0,0.0,0.0,0.0,0.0,0.0,0.0,0.0,0.0,0.0,0.0,0.0,0.0,0.0,0.0,0.0,0.0,0.0,2.1019005235856178,0.6416057764302872,415.31696393919,489.01023152085028,12096.671834729495,0.46592605187896227,0.07111203478006149,321.514290910197,379.9601156729401,8651.901340289303,4.833217558367254,0.9133064169250309,414.7123763487367,488.1799280477056,12146.493321667498,1.8393551287563952,0.3475727756531363,342.3756546437874,404.71742972918175,9199.252284539814,0.0,0.0,10.505529082069,12.606723793336745,193.5354585958491,0.0,0.0,13.385665333027843,15.896074526071459,325.31807040906667,0.0,0.0,91.36408263821251,108.66215638186059,2137.6830961365237,0.0,0.0,45.817507264332,54.92615150186145,867.5143454241043,0.0,0.0,27.685057309069849,32.82504421753986,699.165699599021,9.83319070291316,6.744300893630437,663.7397097574394,785.7094672270795,17455.103546115002,0.0,0.0,55.24195327028814,66.98546040993992,688.2060431628343,1815.9239520863358,21.608069305829618,33.94502889982938,22.000000000000037,30.000000000000044,0.0,20.489625072554376,36.3284976322597,16.00000000000002,30.000000000000044,1601.6122038700665,21.555357228523286,34.07758923490185,21.428571428571464,30.000000000000044,0.0,20.401583822573078,36.56295902264776,16.00000000000002,30.000000000000044,0.0,16.092601870209749,47.530693233061899,12.000000000000018,30.000000000000044,0.0,19.128872510662537,39.260393761865689,19.00000000000003,30.000000000000044,0.0,18.655474271679453,40.620999958248209,10.000000000000015,30.000000000000044,19.380131389096719,16.368307468480955,46.699154656400647,16.00000000000002,30.000000000000044,0.0,19.619031506400828,38.0912575294059,19.00000000000003,30.000000000000044,0.0,19.99406900674296,0.0,0.0,0.0,13.062368635847257,0.0,0.0,566.1458472657133,570.7887480208876,565.9150385835849,568.4926511903466,644.9929785461794,869.3959483960805,603.8024856973199,700.2571244724013,818.5814183141372,10268.987733327609,81.21478949519559,84.26644204789672,60.000000000000088,0.0,60.000000000000088,60.000000000000088,16.0,16.0,19.0,19.0,16.0,12.0,21.0,10.0,1.0,0.0,1815.9239520863358,0.0,1601.6122038700665,0.0,0.0,0.0,19.380131389096719,0.0,4618.198204822953,2770918.9228937674,3604705.047349491,81.21478949519559,84.3182692390328,0.3482256544464797,0.7679909233512304,0.3602813740196601,84.3182692390328,0.35426478194388807,3604705.047349491,0.1889313291288402 
 04/20  07:10:00,7.183333333333334,93.33333333333334,7.998333333333333,105.0,12.666666666666668,0.0,0.0,0.0,2.0,2.0,0.0,0.0,0.0,0.0,0.0,1736.0,0.0,147.41834874605252,43.490758269734119,111.4434093798786,4.420376864775279,117.65420439759576,0.0,43.49075826973407,59.45516379586568,0.0,0.0,20.64156706856513,-1336.922358142179,19.646132338817027,630.677038317277,20.542532680795376,-857.9991501655586,19.633986283651838,553.2015274743153,16.06781362771052,10.515131806056023,18.91853531995166,-31.54419778638602,17.944424438454957,329.6174756534729,16.62497869314485,-302.304327352279,18.668627021081947,-39.814275680923277,555.52769940186,539.1408927179438,0.0,0.0,0.0,0.0,0.0,0.0,0.0,0.0,0.0,0.0,0.0,0.0,0.0,0.0,0.0,0.0,0.0,0.0,0.0,0.0,0.0,0.0,2.115660013511713,0.6458058649303154,449.6733598010271,529.3147264359152,13024.427796425507,0.4617864686721608,0.0704802302613188,312.5532865193947,369.18049057895976,8351.806975779258,4.926588270013133,0.9309501644015752,347.20787837515049,408.4497346106464,10087.245424890894,1.7928063805337853,0.33877671589829647,303.34625087816399,358.2486095306091,8132.697865203139,0.0,0.0,10.179907681049049,12.214457762429753,183.57387101465654,0.0,0.0,12.077155344359142,14.314177249052005,299.5898446779831,0.0,0.0,86.99170515963373,103.41623271424725,2025.7958362462915,0.0,0.0,36.176376583182747,43.245131132859459,733.3354819363362,0.0,0.0,16.241779510678158,19.28453502384229,390.0890158250251,9.701577611899469,6.654031283881667,615.8204536546671,728.4949369435169,16111.358535898084,0.0,0.0,45.55002903928629,55.242666847844507,549.2276907132774,1824.8760573837806,21.73194178671378,33.83040096267279,21.999999999999998,29.999999999999994,0.0,20.582655015268874,36.286784849969318,16.0,29.999999999999994,1531.5112221287857,21.52505768780111,34.28836357163314,21.428571428571428,29.999999999999994,0.0,20.55703839567951,36.382355539146448,16.0,29.999999999999994,0.0,16.084041352947314,47.661014905791997,12.0,29.999999999999994,785.458469939945,19.563767117685587,39.57491433410241,19.571428571428574,29.999999999999994,0.0,18.792364833815087,40.44109936532853,10.0,29.999999999999994,1355.2741688336458,17.26835162934067,44.268858074594209,20.699999999999997,29.999999999999994,408.76173566050366,19.179248499395507,40.45925621325747,19.142857142857144,29.999999999999994,0.0,20.102548342567319,0.0,0.0,0.0,13.042300499951273,0.0,0.0,576.8046666390711,582.516999545764,575.8434793237623,579.9873482417369,637.4994616110965,911.6005377629412,598.2276699941682,672.6650306166823,848.8873423084345,10701.291284308869,80.92884997488125,85.1477126198366,59.999999999999989,0.0,59.999999999999989,59.999999999999989,16.0,16.0,19.0,19.0,19.7,12.0,21.0,10.0,1.0,0.0,1824.8760573837806,0.0,1531.5112221287857,0.0,785.458469939945,0.0,1355.2741688336458,408.76173566050366,6384.350750974396,3830610.4505846376,4996851.696951802,80.92884997488125,85.21936291321072,0.3585259774134323,0.7664717400115938,0.3602813740196596,85.21936291321072,0.35426478194388746,4996851.696951802,0.26129628824149378 
 04/20  07:20:00,7.366666666666667,92.66666666666667,8.086666666666668,115.0,12.833333333333334,0.0,0.0,0.0,2.0,2.0,0.0,0.0,0.0,0.0,0.0,1240.0,0.0,161.07881829029038,46.451647251884569,119.03059571451391,4.82998981045744,128.55659294716924,0.0,46.45164725188454,63.50292351353513,0.0,0.0,20.74402681716235,-1329.1708952607447,19.74988080887406,618.6326401485021,20.56558087345366,-748.0341274188636,19.73426303376423,546.275374242006,16.057878935069146,12.497355236488989,18.98187036845335,-31.542460535183424,18.073007913096605,333.6831012855948,17.609858347455004,-235.3989726526055,18.922011875578517,-44.20905396131372,544.3211861603573,388.56708876483739,0.0,0.0,0.0,0.0,0.0,0.0,0.0,0.0,0.0,0.0,0.0,0.0,0.0,0.0,0.0,0.0,0.0,0.0,0.0,0.0,0.0,0.0,2.085075942194263,0.6364700678248665,444.39779543289787,522.7857539748715,12761.955072927347,0.4576701549234361,0.06985197724716669,315.14273405276176,372.0238867792204,8366.048921964148,4.872894031550587,0.920803860837224,343.15442434132367,403.69847556722535,9797.345622966235,1.769367720554322,0.33434764182810308,297.74439028028908,351.41863046758535,7934.822710949305,0.0,0.0,10.754942039873136,12.900096758115798,189.80243745882704,0.0,0.0,13.252196705713424,15.695398025020076,325.3401032598284,0.0,0.0,70.87318966082595,84.19286943449252,1648.0511290797927,0.0,0.0,21.738623153983114,25.866403507754037,495.4097252006362,0.0,0.0,21.655483085123753,25.632763275514905,540.3003791699077,9.450471132100054,6.4818046173525769,612.8395222276568,724.6223750394884,15885.415523147298,0.0,0.0,29.78547407669645,36.15039091717942,341.18564258222849,1810.4185317474347,21.803489079191814,33.76490286775935,22.0,30.0,0.0,20.686368638573943,36.16611908344967,16.0,30.0,1328.6354781182457,21.500058746591767,34.4340554053329,21.400000000000003,30.0,0.0,20.658238933833066,36.26212910070772,16.0,30.0,0.0,16.07726515428213,47.829942344672989,12.000000000000002,30.0,0.0,19.643482186059147,41.34368142971863,19.0,30.0,0.0,18.970695559332169,40.123012293658337,10.0,30.0,1284.3093179331332,18.913708743777126,40.0621566584045,20.7,30.0,503.9979665792023,19.845359168084046,40.35347289873424,19.400000000000003,30.0,0.0,20.175262216418174,0.0,0.0,0.0,12.888392956751194,0.0,0.0,580.0086413290344,586.3832825162492,578.9759555843679,582.7236374498973,630.1841833223564,954.1299240629315,590.2248888792856,660.3424529393146,882.1002511992701,10416.998153940003,81.11691419373287,85.30698994766688,60.0,0.0,60.0,60.0,16.0,16.0,19.0,19.0,19.7,12.0,21.0,10.0,1.0,0.0,1810.4185317474347,0.0,1328.6354781182457,0.0,0.0,0.0,1284.3093179331332,503.9979665792023,6341.152466495811,3804691.479897486,4965863.76174088,81.11691419373287,85.37815134406556,0.3473717488831937,0.7649598869152819,0.36028137401965956,85.37815134406556,0.35426478194388757,4965863.76174088,0.25969158227719249 
 04/20  07:30:00,7.55,92.0,8.175,125.0,13.0,0.0,0.0,0.0,2.0,2.0,0.0,0.0,0.0,0.0,0.0,1240.0,0.0,174.6999859656004,49.29897107973271,126.32677775409757,5.238424313923705,139.42761515061236,0.0,49.29897107973268,67.3954310553591,0.0,0.0,20.652596377872308,-794.5587528394515,19.749677096246086,435.99996866465269,20.606660626990924,-909.015711279354,19.774591585584966,479.24268484116717,16.044282458396937,5.7752490608093709,18.79451322348258,-19.818617630785288,18.036423968297695,146.01458291177853,18.489447573442086,-63.04735930083557,18.634566379954174,-45.04552739676658,494.7498547767838,358.3805893532692,0.0,0.0,0.0,0.0,0.0,0.0,0.0,0.0,0.0,0.0,0.0,0.0,0.0,0.0,0.0,0.0,0.0,0.0,0.0,0.0,0.0,0.0,2.079106264163698,0.6346478217837906,340.4829021195018,400.670029406231,9523.435629542142,0.44362392035048006,0.06770816855166057,265.7011586164513,313.55974961988127,6908.732096257331,4.801715888185363,0.907353720367605,336.98251397700627,396.23741735063705,9513.957181045236,1.6884903580816897,0.3190646935150585,279.325079052501,329.5620208543344,7335.431659803816,0.0,0.0,9.925843778644819,11.903390640527539,171.15539771144277,0.0,0.0,11.187644531435206,13.25744777165569,263.2813809280124,0.0,0.0,64.65154590235677,76.78763821122854,1459.9673812222946,0.0,0.0,24.142463608598058,28.51347151605241,620.5485125760479,0.0,0.0,13.911088632382313,16.490421512941617,328.0942836362226,8.6684049492608,5.945408058477917,544.6338073482382,643.7152779849139,13884.457733799543,0.0,0.0,23.13075101819462,28.047009626239914,250.51243586031186,1197.292220436948,21.520714941290604,34.59121663112617,21.6,30.0,0.0,20.588316430525237,36.64113643825548,16.0,30.0,1529.481381796349,21.514447851327057,34.63077803426144,21.400000000000003,30.0,0.0,20.64565755436593,36.54518540495692,16.0,30.0,0.0,16.060917087838349,48.12053365018386,12.000000000000002,30.0,0.0,19.311429270438546,43.72117843705422,19.0,30.0,0.0,18.822490444519557,40.774934670895948,10.0,30.0,1173.6049319917366,20.403938016182427,36.99671917257552,20.7,30.0,0.0,19.32943809290148,42.998596781069498,19.0,30.0,0.0,20.131545914666995,0.0,0.0,0.0,12.799467213934996,0.0,0.0,584.9703294900119,592.4382373064532,582.9688932122235,587.5646685471928,629.7550836600385,990.7568595269582,597.3887865396283,651.7460759039238,918.6843592018774,10324.3879068108,81.17814391197646,85.44270448668115,60.0,0.0,60.0,60.0,16.0,16.0,19.0,19.0,19.7,12.0,21.0,10.0,1.0,0.0,1197.292220436948,0.0,1529.481381796349,0.0,0.0,0.0,1173.6049319917366,0.0,6453.766498866092,3872259.8993196554,5056006.293725677,81.17814391197646,85.51513088260916,0.3511255499622031,0.7666170344364449,0.36028137401965956,85.51513088260916,0.35426478194388757,5056006.293725677,0.26438566060706855 
 04/20  07:40:00,7.7333333333333329,91.33333333333334,8.263333333333334,133.0,13.833333333333333,0.0,0.0,1.0,2.0,0.0,0.0,0.0,0.0,0.0,4.0,1492.0,0.0,185.8865782482008,51.35187540052941,131.58729198205072,5.573857524783933,148.355609796851,0.0,51.35187540052938,70.20190690232424,0.0,0.0,20.600345512902004,-959.956164851669,19.766311895374796,437.4899163928259,20.6485772333807,-896.5332656298784,19.858021448515609,525.0460660269902,16.03283906336702,8.407923135718282,18.656254510192718,-42.746113689050819,17.328955657204618,-459.5136825668524,18.4308689495984,-115.95122127076755,18.270561738820335,-300.8062720492423,488.45472480818168,1462.9685487155596,0.0,0.0,0.0,0.0,0.0,0.0,0.0,0.0,0.0,0.0,0.0,0.0,0.0,0.0,0.0,0.0,0.0,0.0,0.0,0.0,0.0,0.0,2.1077070916699376,0.6433782331104813,324.64560997103629,382.1527719257876,8897.526591182055,0.4497412006752534,0.0686418193948799,279.182777562131,329.6319226350153,7141.044562798004,4.550300116751531,0.8598450711926549,296.83321656174805,349.0446308585999,8325.031905889224,1.5858377553944383,0.2996669983738543,296.1097561274457,349.29778262484879,7711.660062354376,0.0,0.0,10.161237221381363,12.186818248303503,171.21414981019263,0.0,0.0,12.772864561438983,15.146824976528827,290.0945479709029,0.0,0.0,212.95317933556033,254.17348132139444,4132.787658365396,0.0,0.0,31.32653829616132,37.04805042088837,768.5678194754112,0.0,0.0,148.2177084955098,176.09436164657664,3252.705184990599,8.424622645398756,5.778204832235084,574.3801678245126,678.9280699962425,14471.05435260308,0.0,0.0,156.59774268461156,188.77419561089818,2151.0589603464206,1245.2260937247843,21.435916699859577,35.102274006974308,21.66666666666665,29.99999999999998,0.0,20.561845101480026,36.97200688989313,15.999999999999988,29.99999999999998,1327.243501661469,21.61398171285143,35.36465800166112,21.499999999999987,29.99999999999998,0.0,20.738675577380467,37.04797999898309,18.999999999999987,29.99999999999998,0.0,16.05014638288928,48.543004117788218,11.999999999999993,29.99999999999998,18.147024127867469,19.073837933138806,45.38238795882796,18.999999999999987,29.99999999999998,0.0,17.40887804529504,45.58435020635415,9.999999999999993,29.99999999999998,450.36453175788668,20.03237939662756,39.25691372503717,20.03333333333332,29.99999999999998,0.0,18.699109343722314,42.46600289659645,11.999999999999993,29.99999999999998,0.0,20.18858023552483,0.0,0.0,0.0,14.425078153535278,0.0,0.0,603.5128650336142,604.2819186165856,632.0123331407616,619.8663690788779,644.8499343912573,1022.2988338019216,693.0403510016766,718.5370455984004,726.6098235392602,7331.212971907874,82.27451133549312,82.27451133549312,219.9999999999999,0.0,219.9999999999999,219.9999999999999,16.0,19.0,19.0,12.0,19.7,12.0,21.0,10.0,1.0,0.0,1245.2260937247843,0.0,1327.243501661469,0.0,18.147024127867469,0.0,450.36453175788668,0.0,0.0,0.0,0.0,82.27451133549312,82.27451133549312,0.2833333333333331,0.6167839651037329,0.300234478349716,82.27451133549312,0.29522065161990598,0.0,0.0054266666666666668 
 04/20  07:50:00,7.916666666666666,90.66666666666666,8.351666666666667,141.0,14.666666666666666,0.0,0.0,1.0,2.0,0.0,0.0,0.0,0.0,0.0,4.0,996.0,0.0,197.04951059223866,53.34716810936875,136.7001799334974,5.908581339749382,157.26472208862189,0.0,53.347168109368727,72.92962330793348,0.0,0.0,20.813264774791699,-1386.7418239096929,19.84738710793247,608.171088807333,20.59388350742467,-488.05325340615016,19.85245058999201,219.26252754290977,16.023050855392876,8.721395800564963,19.14140335867817,-87.00154186760246,16.965258375020928,12.427529636413056,18.73586910002483,-260.03379122701048,17.806350783456425,-265.91096753805086,478.0120119744897,1243.308185116266,0.0,0.0,0.0,0.0,0.0,0.0,0.0,0.0,0.0,0.0,0.0,0.0,0.0,0.0,0.0,0.0,0.0,0.0,0.0,0.0,0.0,0.0,1.9887066431811807,0.6070533098843653,379.10796067891826,445.554487413605,10482.58118843193,0.4434394288657524,0.06768001051064597,319.4166706580724,376.85605903885848,8115.66904899875,4.897344998835438,0.9254242250255934,219.84494240307724,258.8854631876483,5981.279739623453,1.6234338456763109,0.3067713238239438,227.4433573174857,268.426331129867,5809.490183475414,0.0,0.0,10.614030669191209,12.724277074813067,174.7156385958683,0.0,0.0,14.642054620743002,17.309934168789029,349.552387000773,0.0,0.0,222.88828933213734,266.3993793832789,4051.2069461590297,0.0,0.0,43.00936760348019,50.74949429867996,1079.886973816553,0.0,0.0,142.75311771196409,170.0420991567165,2881.3535106476908,8.330307298507045,5.713516665642693,546.2355256673635,645.5367477832608,13586.059847890696,0.0,0.0,158.23707451766968,190.41736159046099,2274.2344280728427,1839.2794314230542,21.796063601991386,34.62798397430234,22.0,30.0,0.0,20.66813851684634,37.07228218807157,16.0,30.0,926.1857858320126,21.320448580154598,36.57333568522106,21.25,30.0,0.0,20.645712704436023,37.851189061938388,19.0,30.0,0.0,16.04116390657778,49.171840066014897,12.0,30.0,848.6378759833899,19.856583404704137,43.80370709524629,19.75,30.0,0.0,16.921406323093266,47.30798213987439,10.0,30.0,837.7265452079314,20.512144862399788,38.745405856188089,20.45,30.0,0.0,17.93554730917556,44.27134718793105,12.0,30.0,0.0,20.22141117631623,0.0,0.0,0.0,14.958345186384335,0.0,0.0,618.7660079403738,621.0792488575944,658.9433947756068,647.4300644805539,671.8795037251753,1042.1007442021235,695.0679899853408,757.5101302205742,697.7431546831084,9519.980397872203,81.71005126685003,83.60720698185642,220.0,0.0,220.0,220.0,16.0,19.0,19.0,12.0,19.7,12.0,21.0,10.0,1.0,0.0,1839.2794314230542,0.0,926.1857858320126,0.0,848.6378759833899,0.0,837.7265452079314,0.0,2870.857293758244,1722514.3762549465,2255263.087177395,81.71005126685003,83.63942698402198,0.35069524312527486,0.7674407525718292,0.36028137401965956,83.63942698402198,0.3542647819438875,2255263.087177395,0.12251701386655786 
 04/20  08:00:00,8.1,90.0,8.44,149.0,15.5,0.0,0.0,1.0,2.0,0.0,0.0,0.0,0.0,0.0,4.0,498.0,0.0,208.18614343250509,55.29380872971896,141.68839987008406,6.242516610904829,166.15284539706145,0.0,55.29380872971893,75.59082862003197,0.0,0.0,20.86518820127677,-1394.672960726074,19.965036961224958,558.1568122978597,20.36122974434138,-472.452804898835,19.749046787722557,399.1680135689712,16.014809029788894,9.827502926472392,18.989895602605335,-76.26389708278168,17.115948747005047,116.23626579406573,18.53797571680848,-211.17590914721405,17.539533420158244,-124.6856659961818,473.0592848911656,944.0032355748676,0.0,0.0,0.0,0.0,0.0,0.0,0.0,0.0,0.0,0.0,0.0,0.0,0.0,0.0,0.0,0.0,0.0,0.0,0.0,0.0,0.0,0.0,1.9544028481525524,0.5965820659806327,378.0936089563719,443.8193497593765,10333.357188268059,0.4350302180957336,0.06639655343341478,314.1596009088679,370.0522908988256,7952.904588872225,4.865094209797983,0.919329971617155,268.744942986189,316.1236755339179,7074.36782684481,1.766537846273946,0.33381289612130496,281.55185176970817,331.9308076411743,6970.031943782331,0.0,0.0,10.410995409587195,12.465608165654733,167.38293928508606,0.0,0.0,14.8127379834498,17.50781289576266,338.550680621723,0.0,0.0,188.4724983379569,224.78727802876149,3468.2624284180958,0.0,0.0,40.08111136503179,47.347678187031338,949.7338644132086,0.0,0.0,109.52169072155941,130.49391242610435,2086.6917060374046,8.297878424336446,5.691274639462584,595.3764225402262,702.5555203963838,14598.776379284609,0.0,0.0,120.46679468767374,144.93613235589604,1632.8095697647105,1811.7897276747827,21.820786657203116,34.79432742996151,22.0,30.0,0.0,20.812833943795757,36.93778671238695,16.0,30.0,129.69373123078246,21.120423850846337,37.12202648912054,21.0,30.0,0.0,20.455835261257748,38.56410703191946,19.0,30.0,0.0,16.03411521837733,49.63477588409815,12.0,30.0,0.0,19.522376500409626,45.26708109372386,19.0,30.0,0.0,17.24208948634365,46.46501098047364,10.0,30.0,764.126448776623,20.007272122249647,40.118739845875868,20.2,30.0,0.0,17.550162663604384,45.48394723950099,12.0,30.0,0.0,20.247096163377884,0.0,0.0,0.0,14.677250462471449,0.0,0.0,629.6791483109295,630.2675745032237,662.8501786347372,659.0112902552887,685.9174395225916,1049.9515783158277,687.5713774971755,759.4158114810459,694.1045619648809,9963.49089237898,81.41682048460379,84.93836871637515,220.0,0.0,220.0,220.0,16.0,19.0,19.0,12.0,19.7,12.0,21.0,10.0,1.0,0.0,1811.7897276747827,0.0,129.69373123078246,0.0,0.0,0.0,764.126448776623,0.0,5329.379971650065,3197627.982990039,4185066.734418386,81.41682048460379,84.99817629608846,0.34764599905500218,0.7633669537510087,0.36028137401965956,84.99817629608846,0.3542647819438875,4185066.734418386,0.22268347018975608 
 04/20  08:10:00,8.273333333333334,89.5,8.526666666666668,157.0,16.333333333333337,0.0,4.0,0.0,0.0,0.0,0.0,0.0,0.0,0.0,0.0,1494.0,0.0,219.2937253937267,57.205128401249769,146.58611207311157,6.57558083762877,175.01778385740563,0.0,57.20512840124972,78.20374751724525,0.0,0.0,20.911186995308506,-1291.4686469707795,20.01786706754701,535.0112803434357,20.682709770401535,-192.3354546783205,19.760970684837333,-20.782420477326008,16.01214483453522,15.205181503205454,18.696004101655079,-185.5973263338075,17.537809838974654,413.37981425223838,18.227127037852179,-109.20810342311981,17.303219460941447,-512.6547048950267,460.0479593334396,943.9609701734705,0.0,0.0,0.0,0.0,0.0,0.0,0.0,0.0,0.0,0.0,0.0,0.0,0.0,0.0,0.0,0.0,0.0,0.0,0.0,0.0,0.0,0.0,2.0011778295332789,0.6108601433251765,419.1014672320536,492.6000346024889,11292.924197661563,0.4380056060636883,0.0668506724761429,304.47115783894898,359.04818837082908,7617.034979723418,4.5582818355988039,0.8613533325016636,121.33996917049112,142.75482811115519,3361.044347434588,1.9934038510108779,0.3766825115288884,33.0112180001485,38.979839626381117,842.3670467563156,0.0,0.0,9.61099450098338,11.525208739471966,151.14945661517164,0.0,0.0,71.59202678397928,84.97057517906707,1544.6589957350144,0.0,0.0,229.76690330165523,273.449655604252,4524.856009832341,0.0,0.0,31.876085287790319,37.77789307489062,715.6205721536032,0.0,0.0,125.29521309153094,149.53787761436747,2231.699400157009,8.327690886251077,5.711722144205129,387.31048261483456,457.65245569406496,9434.128701885762,0.0,0.0,125.44671397840119,150.9410433408906,1657.5151208360827,1689.1428103636234,21.82649494854367,35.25655210649625,21.999999999999994,30.0,0.0,20.839454749065046,37.341839421209929,15.999999999999999,30.0,952.4203183444641,21.671663593435718,35.58154676907155,21.333333333333333,30.0,0.0,20.3592760934657,41.1050868196494,18.999999999999998,30.0,0.0,16.036590099795455,50.064940766152279,11.999999999999997,30.0,0.0,19.013279427997217,43.68422873569416,15.999999999999999,30.0,0.0,18.051839609970175,45.28623427679252,9.999999999999999,30.0,0.0,19.433176640159087,41.39237068510766,15.999999999999999,30.0,0.0,17.17306260494344,47.215595826279827,11.999999999999997,30.0,0.0,20.243043645319458,0.0,0.0,0.0,14.663824169458586,0.0,0.0,651.6166409562425,649.9732530721599,640.1342792351013,795.958403187322,701.0223959033044,828.3648603135907,745.9460558449058,744.103514967051,723.8005810603917,9264.630892935507,81.87900290666076,83.02009658885867,132.0,0.0,132.0,132.0,16.0,19.0,16.0,12.0,16.0,12.0,21.0,10.0,1.0,0.0,1689.1428103636234,0.0,952.4203183444641,0.0,0.0,0.0,0.0,0.0,1726.9379948020065,1036162.7968812044,1342674.334717944,81.87900290666076,83.03947614775345,0.34089793316006686,0.7697692424217488,0.3602813740196595,83.03947614775345,0.3542647819438874,1342674.334717944,0.07274506540533309 
 04/20  08:20:00,8.446666666666668,89.0,8.613333333333334,165.0,17.166666666666666,0.0,4.0,0.0,0.0,0.0,0.0,0.0,0.0,0.0,0.0,747.0,0.0,230.36938991952213,59.09808498101721,151.43677008226096,6.907688065520195,183.85724967865969,0.0,59.09808498101717,80.79156267582478,0.0,0.0,20.90691780321555,-1426.1095516425299,20.063144653519524,431.04002704366629,20.54313123446837,19.535010000809934,19.703027828916644,-54.75967879435209,16.01547093065743,18.537635166890405,18.445651255135528,-62.17758301387887,17.67350391360973,116.49505541417057,17.59211550111637,-29.37409109420961,16.878185739962605,-464.3524106739932,449.70489025895338,1099.1672749516934,0.0,0.0,0.0,0.0,0.0,0.0,0.0,0.0,0.0,0.0,0.0,0.0,0.0,0.0,0.0,0.0,0.0,0.0,0.0,0.0,0.0,0.0,2.0566244201918568,0.6277852320487962,458.1246105655524,538.0372678421727,12133.466529305328,0.4303128634900421,0.06567656646673415,271.23034889785608,319.66666227201037,6703.050880709504,4.924339688259082,0.9305252623316482,150.11957795859827,176.43586473629916,3976.643904972394,1.9790392581674073,0.37396811378824759,29.1675087850084,34.42560935325129,729.9601254098218,0.0,0.0,8.64698535061812,10.35896609105956,133.15842679903376,0.0,0.0,51.05272332034661,60.62819876659129,1042.983165388738,0.0,0.0,264.9213027618525,314.93715538464655,5184.220737209836,0.0,0.0,21.8002416299098,25.91651599249547,434.4021672495269,0.0,0.0,183.42198374428728,219.2803299111036,2987.7327610347085,7.7855836825845199,5.339906503830261,423.1219388368666,499.3305691755518,10184.983462917166,0.0,0.0,181.5643649015725,217.95757776507385,2535.5031509644516,1808.0311618667295,21.774116662356219,35.583773672743379,21.999999999999994,29.999999999999998,0.0,20.855241703292788,37.53942026126505,15.999999999999997,29.999999999999998,897.7903313783243,21.33554609741949,36.55152934750567,21.33333333333333,29.999999999999998,0.0,20.20571538936566,43.813798101401378,18.999999999999998,29.999999999999998,0.0,16.047843065157787,50.50195868357223,11.999999999999997,29.999999999999998,0.0,18.61741189714616,43.69013909061702,15.999999999999997,29.999999999999998,0.0,18.189867358417094,44.61678819730355,9.999999999999999,29.999999999999998,0.0,18.32489099206087,44.29546240932381,15.999999999999997,29.999999999999998,0.0,16.51276860778092,49.68375974771743,11.999999999999997,29.999999999999998,0.0,20.309034683280179,0.0,0.0,0.0,15.284742070273122,0.0,0.0,660.1706164130319,659.4958125775509,651.0005645713825,935.3893179265447,715.7397055085083,746.9882605707821,721.7128608391656,736.9536238602166,738.0813928783799,7450.684470541555,83.07827574819464,83.07827574819464,132.0,0.0,132.0,132.0,16.0,19.0,16.0,12.0,16.0,12.0,21.0,10.0,1.0,0.0,1808.0311618667295,0.0,897.7903313783243,0.0,0.0,0.0,0.0,0.0,0.0,0.0,0.0,83.07827574819464,83.07827574819464,0.33999999999999999,0.769500955896946,0.3602813740196595,83.07827574819464,0.35426478194388746,0.0,0.0028013333333333338 
 04/20  08:30:00,8.620000000000001,88.5,8.7,173.0,18.0,0.0,4.0,0.0,0.0,0.0,0.0,0.0,0.0,0.0,0.0,498.0,0.0,241.41014996002964,60.99189876663527,156.28962481300293,7.2387487271160169,192.6688589039195,0.0,60.991898766635227,83.38054969979092,0.0,0.0,20.998192767492009,-1407.812616553926,20.06652919283223,470.8349731713879,20.535002272130528,-1.311542740872369,19.660609839495714,-51.257236072465619,16.019535459621165,19.314696820438713,18.297053477597417,-48.431024472360267,17.537778858271677,103.22747062556846,17.198330159544058,-8.822702587711774,16.68779962755997,-302.7303768251004,421.7200891177263,1043.5649091967753,0.0,0.0,0.0,0.0,0.0,0.0,0.0,0.0,0.0,0.0,0.0,0.0,0.0,0.0,0.0,0.0,0.0,0.0,0.0,0.0,0.0,0.0,2.050333241725254,0.6258648479014819,423.3878774730165,496.70320449848739,11172.408812710943,0.43716943121864407,0.06672305116279673,289.287364874231,340.5530045834659,7023.71159763881,4.768554769405265,0.9010874469775635,78.47687119064001,92.29174776769695,2108.5675778429247,2.0438767209832169,0.38622009088874079,32.69494687189497,38.54545575706442,794.6059471603996,0.0,0.0,8.355743566003819,9.999464294894315,125.93205329310215,0.0,0.0,46.92663500818284,55.7029736490871,920.8950521483087,0.0,0.0,276.9152491336118,329.24591915218698,5183.367419115758,0.0,0.0,15.137228330394774,18.019787896402183,276.20198563300678,0.0,0.0,197.38471332458796,236.02258577506778,3061.0465824493514,7.5302525801170649,5.164782290889621,374.34035104856857,441.57736977754419,8856.918949461233,0.0,0.0,194.809246353132,233.6259770341308,2702.6349052576167,1826.500664645625,21.881049979839554,35.56042485805377,22.0,30.0,0.0,20.812798126095239,37.81474768343263,16.0,30.0,0.0,21.315572449726348,36.768258300254199,21.0,30.0,0.0,20.095394286839367,44.87058656679024,19.0,30.0,0.0,16.058413435374506,50.69866547500118,12.0,30.0,0.0,18.390949202465447,44.113778435191829,16.0,30.0,0.0,17.92331768819163,45.39702981981449,10.0,30.0,0.0,17.661604068709985,46.1600736014206,16.0,30.0,0.0,16.2803350266647,50.380889306233,12.0,30.0,0.0,20.267309743189597,0.0,0.0,0.0,15.436897100440533,0.0,0.0,671.1715199575762,665.4712170271287,654.7366201038606,981.6676228975771,719.167907748918,727.5574501214456,715.7447290556293,731.233832529234,727.2875828004795,10204.002812431476,81.25780289336189,81.25780289336189,132.0,0.0,132.0,132.0,16.0,19.0,16.0,12.0,16.0,12.0,21.0,10.0,1.0,0.0,1826.500664645625,0.0,0.0,0.0,0.0,0.0,0.0,0.0,0.0,0.0,0.0,81.25780289336189,81.25780289336189,0.34,0.7713901405459687,0.36028137401965956,81.25780289336189,0.3542647819438875,0.0,0.0026766666666666668 
 04/20  08:40:00,8.793333333333333,88.0,8.786666666666667,181.5,23.5,0.0,0.0,1.0,2.0,0.0,0.0,0.0,0.0,0.0,0.0,2241.0,0.0,253.70850852671658,63.2601374297462,162.1019438140777,7.607520977509557,202.4841779620329,0.0,63.260137429746169,86.48140391821983,0.0,0.0,20.86804751634765,-1009.1577022380528,20.072925271160238,421.2712058216957,20.689988623791498,-1009.308755004153,19.78095894163733,673.8237345554517,16.021152126329615,18.64150416175606,19.030155110907097,-73.50431660416618,17.44319068766145,44.402414338643207,18.026123401939974,-104.41590168825644,16.612019604321476,-263.4434189918575,388.58041813000389,977.3287630633994,0.0,0.0,0.0,0.0,0.0,0.0,0.0,0.0,0.0,0.0,0.0,0.0,0.0,0.0,0.0,0.0,0.0,0.0,0.0,0.0,0.0,0.0,2.0328424404947587,0.6205257754868023,390.90264582762776,459.647770601655,9977.662227275388,0.4330602805595524,0.06609589141629327,269.5622928027911,317.8086129807238,6427.175400084268,4.7283444955737299,0.8934891337063006,399.53718743975028,469.7809307382016,10282.18631938175,1.9806094309555773,0.3742648206643201,350.49897386289435,413.8485084880456,8143.629165750767,0.0,0.0,8.920252660880678,10.691919713918095,131.3516558290784,0.0,0.0,14.411832605068862,17.06346273771972,310.62378167764816,0.0,0.0,236.23108702428966,281.5370187259912,4252.842655132537,0.0,0.0,26.619633356903475,31.537652615643908,554.0096188441107,0.0,0.0,196.19517133601267,235.04791199773269,2949.4745051598895,6.936461592226365,4.757518238838397,619.5249287610968,731.8751740409416,14224.8065712114,0.0,0.0,194.57771679600445,233.71166351036966,2642.013499315884,1294.1537020543165,21.574784807735523,37.148365755116859,21.666666666666719,30.000000000000076,0.0,20.76463045945415,38.76011950281617,16.00000000000004,30.000000000000076,1645.0509838238959,21.532933994065766,37.07715957395944,21.444444444444497,30.000000000000076,0.0,20.39192006696586,39.88590954472258,16.00000000000004,30.000000000000076,0.0,16.062849499949615,50.84825257419261,12.000000000000032,30.000000000000076,1180.5822529699686,19.546405408629277,42.18259296370571,19.77777777777783,30.000000000000076,0.0,17.736735588362984,46.31044659889421,10.000000000000025,30.000000000000076,1317.3934464338689,18.967781133656389,43.28286146361861,20.700000000000054,30.000000000000076,0.0,16.219807540304666,50.740135276130768,12.000000000000032,30.000000000000076,0.0,20.19102213693057,0.0,0.0,0.0,15.46735240893863,0.0,0.0,721.787499964316,709.6898353365881,706.1252790450559,714.9826241192214,719.3468925417366,805.4285957247737,720.5114882431305,776.2333653910254,722.880331444475,10512.712945940437,81.05350341683683,83.66889714413292,60.00000000000015,0.0,60.00000000000015,60.00000000000015,16.0,16.0,19.0,12.0,19.7,12.0,21.0,10.0,1.0,0.0,1294.1537020543165,0.0,1645.0509838238959,0.0,1180.5822529699686,0.0,1317.3934464338689,0.0,3957.5191317890169,2374511.4790734059,3086178.2317355626,81.05350341683683,83.71331521213372,0.35858397105963465,0.7695004349049326,0.36028137401966056,83.71331521213372,0.3542647819438884,3086178.2317355626,0.16164126805024929 
 04/20  08:50:00,8.966666666666667,87.5,8.873333333333335,190.0,29.0,0.0,0.0,1.0,2.0,0.0,0.0,0.0,0.0,0.0,0.0,747.0,0.0,263.58019768585538,65.2890630958706,167.30103819763819,7.903531039313926,210.36280143299386,0.0,65.28906309587056,89.25509912631212,0.0,0.0,20.716903832684737,-1255.083954553598,20.13544803461103,415.8485850324405,20.557485732998985,-110.33694517107819,19.88646812162549,207.70925888974717,16.02361050831438,19.135174558971145,19.085135300910915,-76.73706752756772,17.39326212631901,64.04483939065909,19.024997174570538,-285.6011812258881,16.55955392688341,-202.1909023670695,388.69802289154088,1017.4949566574917,0.0,0.0,0.0,0.0,0.0,0.0,0.0,0.0,0.0,0.0,0.0,0.0,0.0,0.0,0.0,0.0,0.0,0.0,0.0,0.0,0.0,0.0,2.0390423932130616,0.6224183129466006,466.23171490845467,547.778524181242,11630.514087144633,0.4231890749898356,0.06458929715962088,261.51879790820046,308.0881730277975,6179.671299149864,5.0125236753886679,0.9471889031346699,290.49582108028519,341.86715320889348,7169.0152140531649,1.9280351433482304,0.36433014802498706,248.39704502640257,292.9868176970653,5752.903265175329,0.0,0.0,9.033784013751216,10.816911340664487,129.972514499461,0.0,0.0,14.698239689740373,17.380070117845564,312.33483716711978,0.0,0.0,237.08859434564526,282.3063213536445,4149.974288090229,0.0,0.0,42.04861494824401,49.510851937274697,986.0187267660029,0.0,0.0,202.65864404393393,242.53170341826414,2961.5325743895089,6.470318759093418,4.4378043615181259,560.788119982948,661.8780347609231,12791.65960518768,0.0,0.0,202.5532827394015,242.76326832908868,2791.0531723165888,1387.6111879887524,21.516628645869788,37.2167434429847,21.666666666666687,30.00000000000002,0.0,20.833884052416818,38.83334906943081,16.000000000000015,30.00000000000002,987.4494285597546,21.26344784465408,37.884041256131677,21.33333333333335,30.00000000000002,0.0,20.48751357273366,39.62849942417538,16.000000000000015,30.00000000000002,0.0,16.068755362369996,51.11251736556834,12.00000000000001,30.00000000000002,0.0,19.592450623110975,44.01903687242125,19.000000000000015,30.00000000000002,0.0,17.65901995808186,46.70255432652812,10.000000000000007,30.00000000000002,1225.0757456346444,20.698567434941177,39.47195333150349,20.700000000000015,30.00000000000002,0.0,16.183181579446626,51.19633103005559,12.00000000000001,30.00000000000002,0.0,20.29897787803387,0.0,0.0,0.0,15.744073845126941,0.0,0.0,714.0987034009085,720.4263256452579,713.0885850088101,710.5492864720118,721.0968897113635,920.5075303508988,723.6095873703921,791.9485943100085,731.2351614092602,10566.189431979377,81.01818499719414,85.89084703297319,60.00000000000004,0.0,60.00000000000004,60.00000000000004,16.0,16.0,19.0,12.0,19.7,12.0,21.0,10.0,1.0,0.0,1387.6111879887524,0.0,987.4494285597546,0.0,0.0,0.0,1225.0757456346444,0.0,7373.806306262018,4424283.783757207,5730888.795209521,81.01818499719414,85.97360101046854,0.3591268768754007,0.768854071589072,0.3602813740196598,85.97360101046854,0.3542647819438878,5730888.795209521,0.29908621735089516 
 04/20  09:00:00,9.14,87.0,8.96,198.5,34.5,0.0,0.0,1.0,2.0,0.0,0.0,0.0,0.0,0.0,0.0,996.0,0.0,277.6138483457942,67.35318998604466,172.5903351197235,8.324335527849309,221.56304241885713,0.0,67.35318998604461,92.07691707645245,0.0,0.0,20.898087963049265,-1292.9432748071263,20.13613990799383,386.5133249128821,20.38635068979668,-200.8737904096315,19.846175511107157,345.8049656915291,16.025469647540836,18.83113192213962,18.9286892698063,-67.67650930164237,17.353936914075559,95.21031582339583,18.75796062639857,-242.15849270916193,16.570845028976977,-134.6245501168121,367.04103679927177,931.746806719435,0.0,0.0,0.0,0.0,0.0,0.0,0.0,0.0,0.0,0.0,0.0,0.0,0.0,0.0,0.0,0.0,0.0,0.0,0.0,0.0,0.0,0.0,2.037607710177567,0.6219803755120779,429.91495419986077,504.865863161535,10717.697832025933,0.4232295007392646,0.0645954671457974,258.9324127252135,305.0791715089377,6002.090300574784,4.887935623106383,0.9236461872838975,294.9828060954397,347.25786815647128,7149.264761134305,1.9527085182110127,0.3689925393444845,292.0138801739385,344.5766284156614,6602.958138104913,0.0,0.0,8.917835532035552,10.680135587702417,125.23682815099261,0.0,0.0,14.42908318938567,17.079556219550633,293.53923104368678,0.0,0.0,226.0512845178356,269.29463957674519,3853.2252210958156,0.0,0.0,45.01929036578832,53.19000666337065,981.5488035675996,0.0,0.0,193.73272814825274,231.88826058890442,2787.5174139910307,6.024211619970894,4.131832386811315,550.4375900784959,649.7699687668628,12322.46899077104,0.0,0.0,193.74152357500359,232.2162882206348,2640.263116597734,1837.5870741559552,21.664496007451484,36.89260025860506,22.0,30.0,0.0,20.782333692199115,38.98316940667823,16.0,30.0,51.25522279147406,21.149625446000408,38.111968864031577,21.0,30.0,0.0,20.42242472769961,39.843872307992587,16.0,30.0,0.0,16.072700957715886,51.336321699471749,12.0,30.0,0.0,19.305495179746605,46.05669466425243,19.0,30.0,0.0,17.604199622708348,47.138580800461749,10.0,30.0,334.7568461075905,20.047896289441757,41.35852111385494,19.95,30.0,0.0,16.24871305805677,51.37775996581305,12.0,30.0,0.0,20.27176603233116,0.0,0.0,0.0,15.845733422163612,0.0,0.0,710.7374949857334,717.4111100127744,706.867746554054,708.3919372152932,724.2515060332193,987.0296172429962,730.688834917747,787.8344911329118,742.37101734977,10018.173312742549,81.3806802574459,83.17407525114914,60.0,0.0,60.0,60.0,16.0,16.0,19.0,12.0,19.7,12.0,21.0,10.0,1.0,0.0,1837.5870741559552,0.0,51.25522279147406,0.0,0.0,0.0,334.7568461075905,0.0,2714.0057536059459,1628403.4521635676,2108302.8912250788,81.3806802574459,83.20453305180499,0.3454668584535316,0.7684903641441629,0.36028137401965956,83.20453305180499,0.3542647819438875,2108302.8912250788,0.11063175034370408 
 04/20  09:10:00,9.278333333333335,86.66666666666667,8.991666666666668,207.0,40.00000000000001,0.0,0.0,0.0,0.0,0.0,0.0,0.0,0.0,0.0,0.0,1494.0,0.0,296.0042079143101,70.19219224535655,179.8652078709945,8.875773827041702,236.24032650716033,0.0,70.19219224535651,95.95804840318968,0.0,0.0,20.223186493358975,-292.59689170598286,20.068825894448218,8.917403225973417,20.025978994984766,-106.0933646092071,19.763296338418394,102.92727032298336,16.02785034723631,17.765943393906686,18.694223544705645,-199.40643792278176,17.396720831253736,67.45532879840144,18.28034756431409,-138.59332480687707,16.58323292551175,-143.64608234414025,232.982782320277,844.910907998473,0.0,0.0,0.0,0.0,0.0,0.0,0.0,0.0,0.0,0.0,0.0,0.0,0.0,0.0,0.0,0.0,0.0,0.0,0.0,0.0,0.0,0.0,2.2196112282020277,0.6775370049456739,187.85303315650249,221.78143034751415,4327.140948157839,0.4245265026106131,0.06479342225436707,112.87094872990557,133.23176124960069,2559.5529625633787,5.23405822985469,0.989051063842534,185.76093804392418,219.25425703371026,4293.813443613041,2.0189605475923284,0.38151181927292657,202.03955187779457,238.72683953783298,4458.257170798691,0.0,0.0,8.357823822629124,10.014372189430905,115.08126092432238,0.0,0.0,73.00746458048899,86.61093317551617,1406.6772571613,0.0,0.0,278.5940081645357,331.9008805766279,4708.800019175214,0.0,0.0,36.459839781843978,43.20582248401996,730.011593389071,0.0,0.0,190.67081792581724,228.2418160525229,2706.597323635367,3.3644814458864817,2.3076004429948444,299.84901448566509,354.6505544406666,6493.746226346863,0.0,0.0,189.94364469277864,227.72946438522733,2528.8316096801838,0.0,20.56801831367026,39.597993931967518,21.999999999999994,30.0,0.0,20.592631103175756,39.51094465384669,15.999999999999999,30.0,0.0,20.525762233148475,39.702500792706228,21.999999999999994,30.0,0.0,20.227393675763737,40.40918406178951,15.999999999999999,30.0,0.0,16.076834241634484,51.68059966447759,11.999999999999997,30.0,0.0,18.88128874056163,45.15207480764194,15.999999999999999,30.0,0.0,17.67163083880678,47.76213649883978,9.999999999999999,30.0,0.0,19.2437767429018,43.2678607856068,11.999999999999997,30.0,0.0,16.292999485449124,51.77563772463787,11.999999999999997,30.0,0.0,19.973176748378309,0.0,0.0,0.0,15.829477480298788,0.0,0.0,716.097228415558,715.207201536071,700.2147795665933,703.2959388024137,734.1768470799177,837.9656332658028,773.872744181127,772.7901520609812,760.8162213458346,0.0,82.26286181053234,82.26286181053234,60.0,0.0,60.0,60.0,16.0,16.0,16.0,12.0,12.0,12.0,21.0,10.0,0.0,0.0,0.0,0.0,0.0,0.0,0.0,0.0,0.0,0.0,0.0,0.0,0.0,82.26286181053234,82.26286181053234,0.0,0.0,0.0,82.26286181053234,0.0,0.0,0.00092 
 04/20  09:20:00,9.416666666666668,86.33333333333334,9.023333333333334,215.5,45.5,0.0,0.0,0.0,0.0,0.0,0.0,0.0,0.0,0.0,0.0,747.0,0.0,316.03381626629439,73.01848957838836,187.10752614097997,9.476364310363163,252.22587874508853,0.0,73.01848957838833,99.82181113248118,0.0,0.0,19.767244329254795,-44.10471241918762,19.828241949469608,-74.25818377117762,19.678007471839665,-13.465767235406315,19.56867005221916,19.820608956755238,16.02646691404025,13.697568707562415,18.470348024025854,-137.86445845443857,17.295907699578213,30.941702190904836,17.73695961112711,-58.404907598683688,16.58339765586247,-150.38665161279062,130.65601406541556,707.8953873542022,0.0,0.0,0.0,0.0,0.0,0.0,0.0,0.0,0.0,0.0,0.0,0.0,0.0,0.0,0.0,0.0,0.0,0.0,0.0,0.0,0.0,0.0,2.4722962702458655,0.7546691911617416,153.66018753188406,181.4342371995789,3255.7214712730049,0.9252576728261406,0.1412175935326832,96.66645891554598,113.94709759442523,2068.191671220492,5.670568201345664,1.0715359412973667,115.56041662284176,136.56578523936626,2549.4696840957265,2.228582154157903,0.4211228560389082,122.7067403412274,145.05187476932853,2607.9334706291467,0.0,0.0,7.252018991484591,8.680606537068078,97.78369779135342,0.0,0.0,64.50289058489008,76.55529131076487,1176.5708637351164,0.0,0.0,255.12844413125647,303.8572080768521,4151.64761490892,0.0,0.0,27.476861027554127,32.64557103926222,489.7842330346238,0.0,0.0,175.38730721448324,209.74770988529429,2446.107342735558,0.870755603555145,0.5972260655385084,201.336698406593,237.957731376283,4144.558890941611,0.0,0.0,173.50140754158896,207.89676921113915,2231.8696445541347,0.0,19.888851225104668,41.368640038829,21.999999999999994,29.999999999999998,0.0,20.116006167342254,40.757058312959788,15.999999999999997,29.999999999999998,0.0,19.93717919895663,41.29768917864051,21.999999999999994,29.999999999999998,0.0,19.858108021104195,41.467255199938168,15.999999999999997,29.999999999999998,0.0,16.073343428504257,52.07653341493429,11.999999999999997,29.999999999999998,0.0,18.50209882029984,45.36024475145089,15.999999999999997,29.999999999999998,0.0,17.491882523950893,48.234453090324588,9.999999999999999,29.999999999999998,0.0,18.26264502422314,45.93616786471354,11.999999999999997,29.999999999999998,0.0,16.308587102475234,51.994994637170027,11.999999999999997,29.999999999999998,0.0,19.701005747171565,0.0,0.0,0.0,15.739812717144093,0.0,0.0,711.3054870047015,707.5506525295227,694.8197498132436,698.752031990062,746.9321258150771,775.7438940122199,764.1263633986308,768.1759337495621,770.5594527476974,0.0,82.26286181053234,82.26286181053234,59.99999999999999,0.0,59.99999999999999,59.99999999999999,16.0,16.0,16.0,12.0,12.0,12.0,21.0,10.0,0.0,0.0,0.0,0.0,0.0,0.0,0.0,0.0,0.0,0.0,0.0,0.0,0.0,82.26286181053234,82.26286181053234,0.0,0.0,0.0,82.26286181053234,0.0,0.0,0.0008833333333333334 
 04/20  09:30:00,9.555,86.0,9.055,224.0,51.0,0.0,0.0,0.0,0.0,0.0,0.0,0.0,0.0,0.0,0.0,498.0,0.0,337.9536187104845,75.83073886659797,194.31384815425188,10.133631424722715,269.7199756253948,0.0,75.83073886659793,103.66636911945166,0.0,0.0,19.527464284958446,7.865617162961826,19.652289349811448,-48.38346732726677,19.44427871375511,-2.628189449509591,19.385314961482096,-14.497661541507114,16.022195750637889,10.901874446670647,18.34179929658516,-116.96726642211229,17.22381322627674,31.135663323227619,17.416921985123915,-27.39590739305561,16.571934134575146,-157.96017558732866,86.46351258972118,595.4813739693673,0.0,0.0,0.0,0.0,0.0,0.0,0.0,0.0,0.0,0.0,0.0,0.0,0.0,0.0,0.0,0.0,0.0,0.0,0.0,0.0,0.0,0.0,2.659479473697428,0.811806921153061,156.4762140321581,184.87653196211662,3187.3318372053656,1.4490155299153518,0.221156216409547,131.09339402676614,154.77647930675864,2704.3164588001798,6.048116254078607,1.1428791107480366,69.97423482986004,82.69961196147446,1521.753711242563,2.463009135050048,0.46542122733372018,80.88052603285957,95.58586768837611,1660.502375459092,0.0,0.0,6.596554449791136,7.888098803250848,86.99660370622883,0.0,0.0,60.253313140577969,71.49370289149747,1057.5922772179143,0.0,0.0,238.20691297595739,283.5419711735175,3753.6087182410735,0.0,0.0,20.609409942621928,24.506698134536415,339.44792846859039,0.0,0.0,161.29326462389066,192.70455129780283,2202.0314059040344,0.0448270352703159,0.030745566029023266,186.0082091679992,219.81441188191656,3700.871218883012,0.0,0.0,158.29246504241409,189.53208008534646,1969.2423432845117,0.0,19.586099617407656,42.19093799152481,22.0,30.0,0.0,19.783237011758755,41.65181380609387,16.0,30.0,0.0,19.5727570296526,42.38651443140127,22.0,30.0,0.0,19.529467151578545,42.46233949404953,16.0,30.0,0.0,16.06507559100357,52.32272327979228,12.0,30.0,0.0,18.292682963470953,45.855247999979429,16.0,30.0,0.0,17.372418815830014,48.5841926528034,10.0,30.0,0.0,17.727642004847714,47.511189404617059,12.0,30.0,0.0,16.300427941587598,52.0327678592832,12.0,30.0,0.0,19.523443232734498,0.0,0.0,0.0,15.671576953004254,0.0,0.0,707.7996819141622,703.8315327976991,687.4883189854008,693.4440095303489,752.6994794049829,764.6709316397476,758.8344401716408,766.2803743457466,767.5066788405294,0.0,82.26286181053236,82.26286181053236,60.0,0.0,60.0,60.0,16.0,16.0,16.0,12.0,12.0,12.0,21.0,10.0,0.0,0.0,0.0,0.0,0.0,0.0,0.0,0.0,0.0,0.0,0.0,0.0,0.0,82.26286181053236,82.26286181053236,0.0,0.0,0.0,82.26286181053236,0.0,0.0,0.0008466666666666667 
 04/20  09:40:00,9.693333333333334,85.66666666666667,9.086666666666666,235.5,57.5,0.0,0.0,0.0,0.0,0.0,0.0,0.0,0.0,0.0,0.0,249.0,0.0,366.4520148066099,79.50173836323687,203.7206964700023,10.988158187222558,292.4644184804806,0.0,79.50173836323683,108.68490374728079,0.0,0.0,19.319101359342548,22.780594664222929,19.524540298421259,-42.7627995687699,19.244832121955875,-1.7017604830937224,19.231074501569723,-19.31769121011758,16.017131474972797,8.912080428397222,18.25655913460389,-105.89532391973084,17.169300466007507,30.729475226991796,17.190936672714149,-12.463841462275133,16.551827530551628,-169.77683207370147,56.663843019498958,515.4268906104137,0.0,0.0,0.0,0.0,0.0,0.0,0.0,0.0,0.0,0.0,0.0,0.0,0.0,0.0,0.0,0.0,0.0,0.0,0.0,0.0,0.0,0.0,2.7384825893909836,0.8359226463342444,154.17111762000085,181.82167631074069,3017.704343681772,1.6661885084095858,0.25430227539828856,134.44132424475746,158.43165358211977,2676.5481774411339,6.224602616583872,1.1762287635268097,50.4451933840729,59.49908390553476,1084.2905970976884,2.6015884453152879,0.4916077938993364,66.00284461495507,77.85078633308716,1312.224885724914,0.0,0.0,6.133298339211419,7.3152761999893729,79.08200846523839,0.0,0.0,57.865836058889609,68.51687020223783,984.0063396017023,0.0,0.0,226.70493398271206,269.2338333447152,3471.789495906024,0.0,0.0,16.04247490532724,19.046111506668127,248.4567927623201,0.0,0.0,151.7518892450662,180.85069294166977,2021.6030727397359,0.02948540467408913,0.02022318564752343,179.22584139512763,211.35789287678996,3449.223639164197,0.0,0.0,147.96489623341518,176.70583734655006,1798.7453314962709,0.0,19.319622418278873,42.943833499348709,22.00000000000001,30.000000000000015,0.0,19.543891544239167,42.35448772594202,16.000000000000008,30.000000000000015,0.0,19.268466632363489,43.36764686661268,22.00000000000001,30.000000000000015,0.0,19.26533930366449,43.32287240975815,16.000000000000008,30.000000000000015,0.0,16.05585986850975,52.50482882686397,12.000000000000006,30.000000000000015,0.0,18.152286370293319,46.243157505858068,16.000000000000008,30.000000000000015,0.0,17.286366204773424,48.83248450982064,10.000000000000004,30.000000000000015,0.0,17.374878704166606,48.575693259268579,12.000000000000006,30.000000000000015,0.0,16.272599505672468,52.09421483112091,12.000000000000006,30.000000000000015,0.0,19.334790680203079,0.0,0.0,0.0,15.669449897507456,0.0,0.0,705.4585514820479,701.0607368046,678.1949642319071,685.2814826644508,754.922023322681,758.6146740871732,753.554304584645,762.4961074446817,761.8315958295872,0.0,82.2628618105324,82.2628618105324,60.00000000000003,0.0,60.00000000000003,60.00000000000003,16.0,16.0,16.0,12.0,12.0,12.0,21.0,10.0,0.0,0.0,0.0,0.0,0.0,0.0,0.0,0.0,0.0,0.0,0.0,0.0,0.0,82.2628618105324,82.2628618105324,0.0,0.0,0.0,82.2628618105324,0.0,0.0,0.00081 
 04/20  09:50:00,9.831666666666667,85.33333333333334,9.118333333333334,247.0,64.0,0.0,0.0,0.0,0.0,0.0,0.0,0.0,0.0,0.0,0.0,249.0,0.0,397.52572421758597,83.14270684387189,213.05059304450919,11.91990451704189,317.26419199896687,0.0,83.14270684387185,113.66238369943851,0.0,0.0,19.181419257863579,29.194901901542836,19.459746365057236,-38.366632694034709,19.11460548238938,10.344294908317807,19.12785693530494,-41.79104167612729,16.0140714382635,7.947334249629648,18.215820737251265,-102.31365973245193,17.123746341661005,21.986460063279084,17.05729243856169,-7.234968700716365,16.54652729915525,-151.95106801277053,37.006556445170648,458.65283715260378,0.0,0.0,0.0,0.0,0.0,0.0,0.0,0.0,0.0,0.0,0.0,0.0,0.0,0.0,0.0,0.0,0.0,0.0,0.0,0.0,0.0,0.0,2.7850586399426535,0.850139999982495,167.09855995001522,197.14013458956488,3172.286841263195,1.7814333788265083,0.27189154133493717,148.10625521647925,174.58420703210215,2871.206247574124,6.297008824844808,1.189910964634318,69.85359566701611,82.42905792372544,1411.036814072377,2.6805167516765,0.5065224398481669,10.735700155633975,12.667974600306494,248.64080824384718,0.0,0.0,5.737456776813911,6.842374515264031,72.3136652075769,0.0,0.0,56.28386441925231,66.6511562835722,934.1974506590807,0.0,0.0,220.20705546738899,261.5489712152552,3280.8625319245099,0.0,0.0,12.66600343531149,15.045190703387079,188.09396888050348,0.0,0.0,147.12777293262605,175.3181289946207,1919.501532774632,0.006398205228850246,0.0043883437783609389,151.98018609782677,179.30368818941643,2833.1663551807266,0.0,0.0,142.7672296328407,170.44937708204604,1709.7557736929899,0.0,19.174570825141175,43.38790497045203,22.0,30.0,0.0,19.424215639786607,42.71912280921025,16.0,30.0,0.0,19.100200781637665,43.80881612589814,22.0,30.0,0.0,19.101865999548705,43.9308473232221,16.0,30.0,0.0,16.05116531126933,52.59329336516063,12.0,30.0,0.0,18.086740002836018,46.42068078502159,16.0,30.0,0.0,17.217374257815999,49.04147744165554,10.0,30.0,0.0,17.192535037939654,49.12845380097446,12.0,30.0,0.0,16.275345675142974,52.07682498416969,12.0,30.0,0.0,19.167859472332066,0.0,0.0,0.0,15.72013853632625,0.0,0.0,702.4194114320097,698.7292531227724,684.6279397892251,682.4805276510251,754.9770474674962,755.0029194690237,750.6070697897869,759.7376495252792,757.9927175231428,0.0,82.26286181053236,82.26286181053236,60.0,0.0,60.0,60.0,16.0,16.0,16.0,12.0,12.0,12.0,21.0,10.0,0.0,0.0,0.0,0.0,0.0,0.0,0.0,0.0,0.0,0.0,0.0,0.0,0.0,82.26286181053236,82.26286181053236,0.0,0.0,0.0,82.26286181053236,0.0,0.0,0.0007766666666666666 
 04/20  10:00:00,9.97,85.0,9.15,258.5,70.5,0.0,0.0,0.0,0.0,0.0,0.0,0.0,0.0,0.0,0.0,249.0,0.0,431.188325133089,86.75169810226791,222.29855069093453,12.929277528143146,344.1301325557972,0.0,86.75169810226787,118.5961483644503,0.0,0.0,19.070800624621286,36.040017417501989,19.409363822550345,-58.8543786854043,19.007726591466814,14.19593583613505,19.04917523749007,-38.77002527198738,16.01020968336781,7.040955024868595,18.19227324594886,-103.81406813230615,17.0936155731967,23.3476729910808,16.95422711467225,-4.506443012205807,16.553081503925623,-136.25045150235656,31.617203215459086,402.19081744412417,0.0,0.0,0.0,0.0,0.0,0.0,0.0,0.0,0.0,0.0,0.0,0.0,0.0,0.0,0.0,0.0,0.0,0.0,0.0,0.0,0.0,0.0,2.7764523857358496,0.8475129382588064,176.4518165952518,208.22495576441077,3259.7245993994695,1.820867122442269,0.2779101224728738,158.07583925940197,186.3739576400529,2986.9443951559,6.309952506437609,1.1923568606269109,85.72318039011879,101.18856170669844,1656.4945913200857,2.7139617055621776,0.5128423479898293,10.141998936674824,11.970498488168932,231.74533843488693,0.13505183955664333,0.04218612231048832,5.353915819947131,6.384281293348566,67.5714923999167,0.0,0.0,56.03447279592007,66.3581265187345,909.6446979649542,0.0,0.0,212.52877898990583,252.431624732228,3091.6495294449507,0.0,0.0,10.138655226782018,12.04725645311259,145.0714100112391,0.0,0.0,140.00214710710365,166.79642213398766,1792.9489787984113,0.0,0.0,163.69174413370795,193.18712939310758,2962.3746096975357,0.0,0.0,135.14753858846388,161.31049777207523,1591.6435004496419,0.0,19.067486196665994,43.72361743053867,22.0,30.0,0.0,19.322248880503066,43.12064939432345,16.0,30.0,0.0,18.97002110289891,44.18128602849722,22.0,30.0,0.0,18.984088829521907,44.386989819107757,16.0,30.0,0.0,16.044788137855993,52.690413711703737,12.0,30.0,0.0,18.043135634921204,46.54286147703789,16.0,30.0,0.0,17.180612322335237,49.15919702131861,10.0,30.0,0.0,17.059203225757345,49.53712068116294,12.0,30.0,0.0,16.295976462762427,51.992559103632498,12.0,30.0,0.0,19.03089654816115,0.0,0.0,0.0,15.76168077733229,0.0,0.0,699.9282146663525,688.4722983093469,685.9519617365323,679.3745530689039,752.1966595808209,751.9255732256022,747.1179562756801,757.2785565240943,754.2916660219607,0.0,82.26286181053236,82.26286181053236,60.0,0.0,60.0,60.0,16.0,16.0,16.0,12.0,12.0,12.0,21.0,10.0,0.0,0.0,0.0,0.0,0.0,0.0,0.0,0.0,0.0,0.0,0.0,0.0,0.0,82.26286181053236,82.26286181053236,0.0,0.0,0.0,82.26286181053236,0.0,0.0,0.0007433333333333333 
 04/20  10:10:00,10.136666666666667,84.66666666666667,9.133333333333335,270.0,77.0,0.0,0.0,0.0,0.0,0.0,0.0,0.0,0.0,0.0,0.0,249.0,0.0,467.38313865148157,90.32663556793728,231.4592481671023,14.014577711968335,373.0170051137652,0.0,90.32663556793723,123.4833589130248,0.0,0.0,18.9763839328716,38.590743850538277,19.372498841371823,-76.68672212859201,18.921619280284685,20.89567588697355,18.992216813119084,-33.58808580551431,16.008065977306207,6.745237081319431,18.183533293893654,-103.51363717762274,17.075395591191496,26.596590473304788,16.870904083487184,-2.7849761430947526,16.565202561659598,-125.90031507335607,24.329118122803267,356.0079334809516,0.0,0.0,0.0,0.0,0.0,0.0,0.0,0.0,0.0,0.0,0.0,0.0,0.0,0.0,0.0,0.0,0.0,0.0,0.0,0.0,0.0,0.0,2.7241659947396834,0.8315525014467898,180.3935158780277,212.91567383838686,3237.6517938896306,1.7917838767614405,0.2734712876620025,162.55310858894138,191.68708304746543,2988.874919167533,6.2159202325872979,1.1745881013959372,119.11828072349026,140.63954688488045,2190.46700931112,2.681770426537561,0.5067593398597052,21.6559748374768,25.564981415997818,426.7305140953023,0.1709584402528151,0.053402261636656098,5.212021765639773,6.2144898408550219,64.41781653963864,0.0,0.0,55.57752530416552,65.81657705052531,880.8250488360726,0.0,0.0,206.2656528833989,244.9832006278539,2924.727535156912,0.03561513641149741,0.010741470718255977,7.684308961136791,9.13330333433552,106.28665757234725,0.0,0.0,134.0130358810535,159.63184566657194,1678.0313257149358,0.0,0.0,177.2949920959913,209.2916111022225,3115.2903773182358,0.0,0.0,128.81440284766786,153.70213906341889,1490.2509850626398,0.0,18.97862193885047,44.08927438085789,22.0,30.0,0.0,19.239835109985866,43.386781181004987,16.0,30.0,0.0,18.873525324926253,44.52530112327918,22.0,30.0,0.0,18.90269341115675,44.63116473219431,16.0,30.0,0.0,16.041833325412953,52.76816403407189,12.0,30.0,0.0,18.017826957939766,46.61987694446365,16.0,30.0,0.0,17.164813686141529,49.20878580530017,10.0,30.0,0.0,16.955245087044387,49.86599443812481,12.0,30.0,0.0,16.322434632905389,51.900293148368429,12.0,30.0,0.0,18.9321986837202,0.0,0.0,0.0,15.827216268147114,0.0,0.0,690.4573462746561,688.8964001438641,684.2948746083775,679.1547249242673,748.7726908644582,748.5075507229647,743.7718818547387,754.5783049951708,751.1606574797121,0.0,82.26286181053236,82.26286181053236,60.0,0.0,60.0,60.0,16.0,16.0,16.0,12.0,12.0,12.0,21.0,10.0,0.0,0.0,0.0,0.0,0.0,0.0,0.0,0.0,0.0,0.0,0.0,0.0,0.0,82.26286181053236,82.26286181053236,0.0,0.0,0.0,82.26286181053236,0.0,0.0,0.0007099999999999999 
 04/20  10:20:00,10.303333333333335,84.33333333333334,9.116666666666668,281.5,83.5,0.0,0.0,0.0,0.0,0.0,0.0,0.0,0.0,0.0,0.0,249.0,0.0,506.00394353413557,93.86530378599665,240.52700834356129,15.1726200585077,403.84003543990488,0.0,93.8653037859966,128.3209866503724,0.0,0.0,18.894048336887584,40.61561628131403,19.350840141844445,-88.81133840157145,18.84882458116003,21.730193994711955,18.951251858997403,-30.50127958605708,16.00788681878219,6.66798094498904,18.188281693523657,-102.89893442179755,17.063011947303918,29.410335418912838,16.801411903332885,-2.200157661937226,16.583409712793114,-113.00111912556349,18.664042663740476,316.7774951416304,0.0,0.0,0.0,0.0,0.0,0.0,0.0,0.0,0.0,0.0,0.0,0.0,0.0,0.0,0.0,0.0,0.0,0.0,0.0,0.0,0.0,0.0,2.676418826168088,0.8169776636654726,180.75707206001085,213.37816475258718,3154.9037700258488,1.7717565063170485,0.2704146071912467,163.34054309664539,192.6359813354066,2928.462392130507,6.122738487480965,1.156980061882269,132.1482819434515,156.04715168093927,2349.4083982073977,2.6490695328343256,0.5005800326595473,31.67449136113445,37.395960909390087,586.5526035289466,0.19610848642923005,0.06125837768509891,5.099675009053919,6.079898092595588,61.58935155588859,0.0,0.0,55.107867017985238,65.25632294901132,853.9253950712238,0.0,0.0,201.00273444163597,238.71499825862868,2779.67459083399,0.07452242893291207,0.022475850688522787,4.930076573398286,5.86089037286711,66.37637320667162,0.0,0.0,129.0688920708077,153.70967447063158,1581.4872561852185,0.0,0.0,190.6829482109745,225.12991561104753,3257.9863067478665,0.0,0.0,123.50510914268757,147.3105133672675,1407.6849663220467,0.0,18.90292913212723,44.34350052663246,22.0,30.0,0.0,19.179955310388338,43.57845275274258,16.0,30.0,0.0,18.7957942057515,44.84820276087713,22.0,30.0,0.0,18.846047749773658,44.7549148150034,16.0,30.0,0.0,16.04209560085326,52.82774048326505,12.0,30.0,0.0,18.00891901553888,46.647623275400828,16.0,30.0,0.0,17.157737972151293,49.25414552303413,10.0,30.0,0.0,16.869800814789735,50.14690720885838,12.0,30.0,0.0,16.357358259838084,51.787914700288229,12.0,30.0,0.0,18.854583569268159,0.0,0.0,0.0,15.911322497361667,0.0,0.0,690.4481012109015,688.2514217306166,678.0923800982018,680.7442570027353,745.017796523707,745.1623704587341,739.406605272467,752.0966329481827,747.6435427757289,0.0,82.26286181053236,82.26286181053236,60.0,0.0,60.0,60.0,16.0,16.0,16.0,12.0,12.0,12.0,21.0,10.0,0.0,0.0,0.0,0.0,0.0,0.0,0.0,0.0,0.0,0.0,0.0,0.0,0.0,82.26286181053236,82.26286181053236,0.0,0.0,0.0,82.26286181053236,0.0,0.0,0.0007166666666666667 
 04/20  10:30:00,10.47,84.0,9.100000000000002,293.0,90.0,0.0,0.0,0.0,0.0,0.0,0.0,0.0,0.0,0.0,0.0,249.0,0.0,546.9146083897359,97.3653334700925,249.49575990300984,16.399322717078037,436.49057833477488,0.0,97.36533347009245,133.10579258242087,0.0,0.0,18.825732550825295,45.67104562793884,19.342058872402384,-101.51288586725878,18.786344069208555,21.94290193859797,18.92211158342549,-28.879774212549365,16.00969701167986,6.695754873181897,18.20476721651392,-103.05924544503682,17.055591694289008,32.89145369378002,16.736506338576399,-7.699150367197916,16.608587428800058,-97.67987975301321,14.174728645026335,283.33442768353918,0.0,0.0,0.0,0.0,0.0,0.0,0.0,0.0,0.0,0.0,0.0,0.0,0.0,0.0,0.0,0.0,0.0,0.0,0.0,0.0,0.0,0.0,2.6298922005356775,0.8027753969889125,184.51995715878699,217.84084200134448,3135.492482351738,1.744429098147108,0.26624375734845975,167.54950273892926,197.60631531611723,2931.9530166831889,6.025955310988668,1.1386914797786603,141.2416722704526,166.80469391003764,2434.686475138142,2.6115635706681825,0.4934927382215007,42.18880483677138,49.8116024101468,747.154231349561,0.21728931185274556,0.0678746288586252,4.998521401408962,5.9586192245454729,58.931799134315379,0.0,0.0,54.772744506427248,64.85225229972619,830.8228319923994,0.0,0.0,197.31499788991128,234.31292749162049,2662.403022285818,0.10236465967799398,0.030873024935556636,5.667675079504393,6.739049025061786,73.63574098905954,0.0,0.0,123.57481257678914,147.13017299999383,1483.4611392749924,0.0,0.0,207.69979746581795,245.24514526269534,3454.3764502446508,0.0,0.0,120.52585548629605,143.69285732439537,1357.1631598922864,0.0,18.846008818584929,44.53426039542625,22.0,30.0,0.0,19.137104442587206,43.78924069347464,16.0,30.0,0.0,18.731930721551117,45.06650096566483,22.0,30.0,0.0,18.806559677328239,44.86819061679245,16.0,30.0,0.0,16.045286184094445,52.8756439197686,12.0,30.0,0.0,18.0133359984396,46.6524574247147,16.0,30.0,0.0,17.158023995155739,49.26402337294542,10.0,30.0,0.0,16.786198795951724,50.42852417345256,12.0,30.0,0.0,16.402284697877457,51.64247940128628,12.0,30.0,0.0,18.793037902772583,0.0,0.0,0.0,16.01240437322657,0.0,0.0,689.392793147731,684.012324558036,678.5287397841122,680.125855641375,740.926895562572,741.0427030843159,736.7634979811938,749.0619948074492,744.0426030671118,0.0,82.26286181053236,82.26286181053236,60.0,0.0,60.0,60.0,16.0,16.0,16.0,12.0,12.0,12.0,21.0,10.0,0.0,0.0,0.0,0.0,0.0,0.0,0.0,0.0,0.0,0.0,0.0,0.0,0.0,82.26286181053236,82.26286181053236,0.0,0.0,0.0,82.26286181053236,0.0,0.0,0.0007233333333333333 
 04/20  10:40:00,10.636666666666667,83.66666666666666,9.083333333333334,294.1666666666667,103.83333333333333,0.0,0.0,0.0,0.0,0.0,0.0,0.0,0.0,0.0,0.0,249.0,0.0,610.6695024036343,97.345353901426,249.4446489876342,18.310992178981019,487.37278855706236,0.0,97.34535390142595,133.07847899730769,0.0,0.0,18.769449163008056,51.440190288835768,19.352646764941455,-115.94242956178369,18.73342253010763,25.526504911953454,18.89744746019751,-28.334897070948956,16.01553462091192,6.817702763708809,18.239906756793176,-104.42632002474443,17.05338200981916,37.39067471039107,16.67792222686328,-9.58868620581626,16.637936231614007,-82.00769137948874,10.3164438801723,252.44992646189486,0.0,0.0,0.0,0.0,0.0,0.0,0.0,0.0,0.0,0.0,0.0,0.0,0.0,0.0,0.0,0.0,0.0,0.0,0.0,0.0,0.0,0.0,2.585549473566156,0.7892397660458352,189.52567792751226,223.75720100723647,3138.785153303144,1.7130577688649087,0.2614557034287101,172.96689687679118,203.99054261904414,2958.146914799141,5.936381148999732,1.1217651453136309,158.85420303814252,187.61790003414303,2653.45688709171,2.5738038874207955,0.4863574995126218,58.296818107805567,68.83029557324775,991.2518274061725,0.2324688821301745,0.0726162688869766,4.924431296097738,5.869528402271143,56.60885733286876,0.0,0.0,54.62684808856989,64.66899311260475,812.3753921842241,0.0,0.0,194.25261455921254,230.64783352150878,2558.8898455699516,0.1105857884263257,0.033352504803355487,7.911877561186652,9.408970396888018,98.51263895639326,0.0,0.0,118.24674195186161,140.74757659910183,1391.8067770235048,0.0,0.0,230.3055607010946,271.9573577364912,3730.3791646646147,0.0,0.0,117.65032144894897,140.20189058930718,1308.8093471906216,0.0,18.804408824944795,44.74083500682172,22.0,30.0,0.0,19.111514380174005,43.94585715377837,16.0,30.0,0.0,18.68279829831185,45.234056435569559,22.0,30.0,0.0,18.77668358211405,44.98055456172371,16.0,30.0,0.0,16.0534010115056,52.90476596420375,12.0,30.0,0.0,18.032967737150146,46.60683398092824,16.0,30.0,0.0,17.166275021473976,49.25067863545851,10.0,30.0,0.0,16.712432929344609,50.68210915117446,12.0,30.0,0.0,16.454381057633769,51.49178671199686,12.0,30.0,0.0,18.741968961112467,0.0,0.0,0.0,16.1142660096982,0.0,0.0,685.2801043461341,679.6693162463549,678.1101251088495,677.8449755711326,736.8522567041609,738.0398917049997,733.6982221435526,744.9191713350758,739.8411663392163,0.0,82.26286181053236,82.26286181053236,60.0,0.0,60.0,60.0,16.0,16.0,16.0,12.0,12.0,12.0,21.0,10.0,0.0,0.0,0.0,0.0,0.0,0.0,0.0,0.0,0.0,0.0,0.0,0.0,0.0,82.26286181053236,82.26286181053236,0.0,0.0,0.0,82.26286181053236,0.0,0.0,0.0007300000000000001 
 04/20  10:50:00,10.803333333333335,83.33333333333334,9.066666666666669,295.3333333333333,117.66666666666666,0.0,0.0,0.0,0.0,0.0,0.0,0.0,0.0,0.0,0.0,249.0,0.0,649.9439007911727,98.38960355556246,252.12056665495883,19.488627023211735,518.7173884318338,0.0,98.3896035555624,134.50604744404286,0.0,0.0,18.723785551466955,57.81290730148885,19.366638359262639,-130.92052374983906,18.689233326443806,29.337196304403734,18.87817396544747,-29.36992824213121,16.022073999214727,7.0207621882355799,18.279422983259744,-105.48235858766316,17.05641306292883,42.695876125914768,16.627950486564843,-9.49923436156223,16.671091923873818,-68.15512532807679,7.124425332485771,222.05911464831298,0.0,0.0,0.0,0.0,0.0,0.0,0.0,0.0,0.0,0.0,0.0,0.0,0.0,0.0,0.0,0.0,0.0,0.0,0.0,0.0,0.0,0.0,2.5424812548907536,0.7760931791485817,194.0759952974678,229.1262358590211,3135.749755753566,1.6799703436030016,0.2564057300981382,178.23237533528576,210.1907307475934,2980.9351005416444,5.852771190114087,1.105965833354892,173.98801889423249,205.49641291936573,2822.511154670382,2.538696899065974,0.47972352590059966,69.46005673406856,82.0092004537269,1145.0336839814154,0.2417714917380126,0.07552212361662199,4.876244754529141,5.811300361846178,54.55507943884668,0.0,0.0,54.908636799794908,64.98974882519315,801.3236885204964,0.0,0.0,190.96022425307246,226.70372501579835,2457.2873431597547,0.10456153681574296,0.03153559972325614,9.666844482413085,11.497344255968118,115.51816032201912,0.0,0.0,112.95861860183183,134.41457864847096,1303.9182161995998,0.0,0.0,247.2122436420629,291.9320225975527,3902.0101563082755,0.0,0.0,114.45281367408475,136.32644326730424,1259.6628596157862,0.0,18.775976456121926,44.90467731655842,22.0,30.0,0.0,19.09531353635769,44.03050269453513,16.0,30.0,0.0,18.64545769963242,45.40330103117132,22.0,30.0,0.0,18.752876636399777,45.07400589621749,16.0,30.0,0.0,16.06324284095054,52.92488648078179,12.0,30.0,0.0,18.062576171720424,46.535073974910719,16.0,30.0,0.0,17.182223146970139,49.23196605615449,10.0,30.0,0.0,16.651212540260635,50.89453627952718,12.0,30.0,0.0,16.510041766459485,51.3222284593303,12.0,30.0,0.0,18.701515459347548,0.0,0.0,0.0,16.22473979969939,0.0,0.0,681.049355760417,679.4955483098391,675.4154037004657,677.5452013299081,732.9386787075642,734.6094078005718,730.0348591321173,740.7414083272034,736.9592689962636,0.0,82.26286181053236,82.26286181053236,60.0,0.0,60.0,60.0,16.0,16.0,16.0,12.0,12.0,12.0,21.0,10.0,0.0,0.0,0.0,0.0,0.0,0.0,0.0,0.0,0.0,0.0,0.0,0.0,0.0,82.26286181053236,82.26286181053236,0.0,0.0,0.0,82.26286181053236,0.0,0.0,0.0007133333333333332 
 04/20  11:00:00,10.97,83.0,9.05,296.5,131.5,0.0,0.0,0.0,0.0,0.0,0.0,0.0,0.0,0.0,0.0,249.0,0.0,691.6669290627292,99.43295090401375,254.79417294527367,20.739682852315228,552.0162138229764,0.0,99.43295090401371,135.93238237049835,0.0,0.0,18.685706333294264,63.398197505115607,19.38858377182525,-145.30077013520714,18.65173798556412,32.44840599417603,18.86276051115678,-30.645580058239376,16.030469255906295,7.312833434369168,18.327232524527735,-107.20252203910172,17.063864734956334,48.33901559373953,16.58656987889136,-8.047375034004802,16.70722074573245,-54.59327372192365,-0.8190508347070136,193.902552367314,0.0,0.0,0.0,0.0,0.0,0.0,0.0,0.0,0.0,0.0,0.0,0.0,0.0,0.0,0.0,0.0,0.0,0.0,0.0,0.0,0.0,0.0,2.500288327723208,0.7632137752512845,196.8290091906805,232.3690973595398,3104.2921210616557,1.6495050491035759,0.2517559598753932,181.66918096762394,214.22669155764937,2973.6158749587345,5.770710474465026,1.090459273330504,183.345068321333,216.54669732194786,2894.063038200652,2.505968524194,0.4735390257358275,75.09364690552879,88.65732813359837,1205.2611629642552,0.2476076289529763,0.07734515689909712,4.848451152329279,5.777346080829403,52.72288757943616,0.0,0.0,55.41186255926815,65.57029932575793,794.2215881292324,0.0,0.0,188.17622876145127,223.35982633001997,2366.330593873916,0.09045523859622673,0.02728116173606918,11.132761745760393,13.241806416173029,127.82743256273335,0.0,0.0,108.17115372900972,128.67943923571725,1224.7395397403987,0.0,0.0,256.3679361840466,302.73224167102679,3950.6061206078095,0.0,0.0,111.5731252380679,132.82978097502764,1216.1174701012604,0.0,18.755401656189638,45.0055731718566,22.0,30.0,0.0,19.088391853213254,44.09773800102015,16.0,30.0,0.0,18.616410562630337,45.544892549638927,22.0,30.0,0.0,18.733849864118583,45.170458974654,16.0,30.0,0.0,16.075204917391184,52.93754629942021,12.0,30.0,0.0,18.100767208366944,46.45176986115267,16.0,30.0,0.0,17.204208086233899,49.19024916660623,10.0,30.0,0.0,16.602721277206237,51.06270703435977,12.0,30.0,0.0,16.56864683081542,51.14568907392755,12.0,30.0,0.0,18.681273443181618,0.0,0.0,0.0,16.341416668230033,0.0,0.0,680.5516924576035,678.0309818068538,673.3615152512017,676.3300632107589,729.0988136177148,730.7649426010827,726.8328251134319,736.8880516667281,733.8865986870453,0.0,82.26286181053236,82.26286181053236,60.0,0.0,60.0,60.0,16.0,16.0,16.0,12.0,12.0,12.0,21.0,10.0,0.0,0.0,0.0,0.0,0.0,0.0,0.0,0.0,0.0,0.0,0.0,0.0,0.0,82.26286181053236,82.26286181053236,0.0,0.0,0.0,82.26286181053236,0.0,0.0,0.0006966666666666667 
 04/20  11:10:00,11.191666666666667,82.33333333333334,8.935,297.6666666666667,145.33333333333335,0.0,0.0,0.0,0.0,0.0,0.0,0.0,0.0,0.0,0.0,249.0,0.0,735.6075447979883,100.47449012978407,257.46314641745939,22.05723193177272,587.0848718018639,0.0,100.47449012978402,137.35624545616654,0.0,0.0,18.65561365115589,69.47521758174571,19.42065068133377,-157.81468611699166,18.62039677388099,34.95922345215422,18.85285500423477,-30.4726864750005,16.0403778683676,7.5143899946513958,18.384009575289029,-109.52038050053261,17.07278098210386,52.697376528892167,16.55250828054362,-5.562550391378977,16.74561767089865,-41.285069227222269,-5.161808466576986,167.03433835812258,0.0,0.0,0.0,0.0,0.0,0.0,0.0,0.0,0.0,0.0,0.0,0.0,0.0,0.0,0.0,0.0,0.0,0.0,0.0,0.0,0.0,0.0,2.44908049511857,0.7475825687175123,200.62078532207779,236.8213282125275,3067.760116218884,1.6318034058406895,0.2490542438706791,186.12174157758805,219.44190538434206,2963.763888603628,5.685333613044857,1.0743260795625205,190.76069409621949,225.290814955433,2910.3757622088135,2.4818660755096086,0.4689845191817097,79.37287990100546,93.69993727770022,1232.976539231606,0.3027945720416141,0.09458389380725135,4.758785229409135,5.669435060841855,50.2285901253058,0.0,0.0,55.949505449471839,66.18697386455047,782.067033998719,0.0,0.0,185.03828226794315,219.58920516427913,2252.1310756207187,0.2019292405437945,0.060901550380153147,12.42539013563468,14.77925975398062,137.18865346989129,0.12447729427286322,0.021528414782577514,103.52843346572058,123.11438290801182,1139.3596912231099,0.0,0.0,266.01673005558777,314.10190214294757,3971.0896464750255,0.0,0.0,108.56478393228191,129.1766780604202,1160.7643604668645,0.0,18.744300652931164,45.0846159069696,22.0,30.0,0.0,19.093070582253536,44.15239531724163,16.0,30.0,0.0,18.594529439739384,45.64934747795725,22.0,30.0,0.0,18.72171239388726,45.26784465184815,16.0,30.0,0.0,16.088448839129396,52.960546220524907,12.0,30.0,0.0,18.14730528864695,46.342387925877108,16.0,30.0,0.0,17.226173138164538,49.14160268474836,10.0,30.0,0.0,16.563656944634397,51.236577225866437,12.0,30.0,0.0,16.628241291256584,50.986768351164119,12.0,30.0,0.0,18.662440023004256,0.0,0.0,0.0,16.462904819444913,0.0,0.0,678.9428968989681,674.963705413892,672.8355327277158,673.5793409867835,724.6431911786898,727.2133515475911,724.2650585756178,731.5934245883261,730.0420070139301,0.0,82.26286181053236,82.26286181053236,60.0,0.0,60.0,60.0,16.0,16.0,16.0,12.0,12.0,12.0,21.0,10.0,0.0,0.0,0.0,0.0,0.0,0.0,0.0,0.0,0.0,0.0,0.0,0.0,0.0,82.26286181053236,82.26286181053236,0.0,0.0,0.0,82.26286181053236,0.0,0.0,0.0006799999999999999 
 04/20  11:20:00,11.413333333333334,81.66666666666667,8.82,298.8333333333333,159.16666666666669,0.0,0.0,0.0,0.0,0.0,0.0,0.0,0.0,0.0,0.0,249.0,0.0,781.531039303614,101.5129686389515,260.1242770305672,23.43423659529234,623.7360434225177,0.0,101.51296863895145,138.77592431019114,0.0,0.0,18.632404690475569,76.8269179362187,19.459720165753745,-173.45360926242757,18.594856736902565,38.51247293526558,18.846627024458806,-31.041645817520477,16.052184483812817,7.762259124929756,18.4481596690082,-113.17721620099019,17.085408364797787,58.339489889543077,16.525910069206775,-2.0410796116581766,16.78491163334876,-28.354360586569784,-8.605786129506669,140.15452520371947,0.0,0.0,0.0,0.0,0.0,0.0,0.0,0.0,0.0,0.0,0.0,0.0,0.0,0.0,0.0,0.0,0.0,0.0,0.0,0.0,0.0,0.0,2.4029728061695345,0.733508182591433,205.37566985572333,242.40112743903326,3045.48078113678,1.6152479362957562,0.2465274628046026,191.4898928730273,225.73061751560867,2966.5227785821055,5.61095967933153,1.0602720482485888,200.06220817640068,236.25443302653665,2949.6415846311099,2.4625619105776708,0.4653367177962339,84.29423557436552,99.49819266138411,1266.8848208649034,0.3495939014381069,0.10920259311894216,4.688282388498544,5.584339537716312,47.88692460857656,0.0,0.0,56.718820338726938,67.0757645587667,773.4315020072507,0.0,0.0,181.82333355374085,215.72418578885206,2141.5221980293338,0.2791618238162167,0.08419477947608825,13.998131509895384,16.64923018312221,147.91954326879526,0.27583440093754488,0.04770570752984171,99.43654327099132,118.2081254995751,1063.0270929551555,0.0,0.0,277.0522729907611,327.1021310201041,4005.0323348302724,0.0,0.0,105.15069357025424,125.04360744110534,1103.2003621801364,0.0,18.74196824703582,45.15804634095781,22.0,30.0,0.0,19.104090793212817,44.17458021619093,16.0,30.0,0.0,18.579921412566259,45.74498840864133,22.0,30.0,0.0,18.71392028151,45.343447390905499,16.0,30.0,0.0,16.10373176635989,52.98749750833225,12.0,30.0,0.0,18.20045174475634,46.2123516541783,16.0,30.0,0.0,17.253532924403378,49.090110376874758,10.0,30.0,0.0,16.53529192723501,51.38630112834532,12.0,30.0,0.0,16.687238439568089,50.83267921062765,12.0,30.0,0.0,18.648624090250697,0.0,0.0,0.0,16.588090652851027,0.0,0.0,675.9221106851571,673.369552922954,671.0690830528546,671.8516180212135,719.9543118786758,724.1277836938409,721.0255765579299,726.3485534603916,726.4276507921384,0.0,82.26286181053236,82.26286181053236,60.0,0.0,60.0,60.0,16.0,16.0,16.0,12.0,12.0,12.0,21.0,10.0,0.0,0.0,0.0,0.0,0.0,0.0,0.0,0.0,0.0,0.0,0.0,0.0,0.0,82.26286181053236,82.26286181053236,0.0,0.0,0.0,82.26286181053236,0.0,0.0,0.0006566666666666667 
 04/20  11:30:00,11.635000000000002,81.0,8.705,300.0,173.0,0.0,0.0,0.0,0.0,0.0,0.0,0.0,0.0,0.0,0.0,249.0,0.0,829.2051532918956,102.54678060847331,262.7734496114933,24.863732620368816,661.7843645785936,0.0,102.54678060847326,140.18922365072758,0.0,0.0,18.615365135761555,83.43855006400281,19.50560569428673,-189.23092645696489,18.57447160076815,41.95795604000068,18.843657456017288,-31.586227826068808,16.066211601783416,8.066515221946219,18.51943419765467,-117.20129837485979,17.1007879564604,63.72959379314034,16.506655309032217,2.1721340780651987,16.82547032253533,-16.3336945437959,-11.137038462760757,114.99358219353189,0.0,0.0,0.0,0.0,0.0,0.0,0.0,0.0,0.0,0.0,0.0,0.0,0.0,0.0,0.0,0.0,0.0,0.0,0.0,0.0,0.0,0.0,2.34545655482318,0.715951329311105,208.93736459205028,246.5669241474046,3004.34904985475,1.5848025224475138,0.24188072686927868,195.59854837224024,230.5277940221413,2948.330934342662,5.516942658573898,1.0425061713102609,207.5780392972615,245.10201314622845,2957.714639438207,2.433420883223867,0.459830098870723,86.81321254715714,102.45851150835093,1262.8599875310004,0.3866007873961037,0.12076242838278954,4.6336523247881049,5.51812330468074,45.64647485545295,0.0,0.0,57.404072325896709,67.86293855153717,763.9043898398782,0.0,0.0,179.1498417661412,212.5008526261649,2040.6839991256427,0.3351420058923876,0.10107831684700539,15.252243851645448,18.13944109944627,153.9605917080973,0.37051012471771385,0.0640799247176952,95.98600868942104,114.06745653568753,995.3687006495526,0.0,0.0,284.3457930382839,335.675246467427,3979.1806237000034,0.0,0.0,102.27588369879085,121.55293960951888,1053.9870390513493,0.0,18.745642997419436,45.20131917140416,22.0,30.0,0.0,19.121825590967288,44.16913122065599,16.0,30.0,0.0,18.571488947281499,45.82889457217834,22.0,30.0,0.0,18.710069362958828,45.40139049910065,16.0,30.0,0.0,16.121560971017329,53.013687641490538,12.0,30.0,0.0,18.26018375760214,46.07284157310898,16.0,30.0,0.0,17.283860281758213,49.033579320303669,10.0,30.0,0.0,16.517385270541145,51.498274100012398,12.0,30.0,0.0,16.74625695262448,50.674596248668738,12.0,30.0,0.0,18.640087673500554,0.0,0.0,0.0,16.720248923916249,0.0,0.0,674.2189667072046,672.5935768767462,668.9765915042125,670.9007566591629,715.1937927442857,720.7168080186492,717.7929833486261,721.9072486462388,723.3596969630046,0.0,82.26286181053236,82.26286181053236,60.0,0.0,60.0,60.0,16.0,16.0,16.0,12.0,12.0,12.0,21.0,10.0,0.0,0.0,0.0,0.0,0.0,0.0,0.0,0.0,0.0,0.0,0.0,0.0,0.0,82.26286181053236,82.26286181053236,0.0,0.0,0.0,82.26286181053236,0.0,0.0,0.0006333333333333334 
 04/20  11:40:00,11.856666666666666,80.33333333333334,8.59,301.5,175.66666666666669,0.0,0.0,0.0,0.0,0.0,0.0,0.0,0.0,0.0,0.0,249.0,0.0,860.3815382185296,103.09359873045954,264.1746695486104,25.7985443914124,686.6659382325611,0.0,103.09359873045948,140.93676548036414,0.0,0.0,18.604083450201338,90.26103923573555,19.549501662506079,-204.397131799401,18.558341041462428,45.17070267671352,18.843226978924208,-31.85059564493349,16.080915949547895,8.428615153415393,18.586793086874644,-120.86402224824474,17.11881758928851,69.22045849651113,16.49411714015943,6.926821274769168,16.867333182942717,-4.519627664524705,-12.81137096671955,90.91064641368939,0.0,0.0,0.0,0.0,0.0,0.0,0.0,0.0,0.0,0.0,0.0,0.0,0.0,0.0,0.0,0.0,0.0,0.0,0.0,0.0,0.0,0.0,2.281737471566679,0.6965010596967886,212.650557933724,250.90523070198206,2964.8220478026535,1.5445254028545828,0.23573342534410605,199.86140929688174,235.50240597273914,2929.7345997089466,5.411275831450813,1.0225388948319756,213.244252792135,251.76016927962466,2936.051333701876,2.3983948843930285,0.45321142940155476,87.88978334842148,103.7144155207151,1237.375530896062,0.41798991494428347,0.13056744531787277,4.586748270589394,5.461109475584384,43.44845186366408,0.3226180504144522,0.06008903900436807,58.18602706341668,68.76405932891986,759.0191585022695,0.0,0.0,176.78766172826367,209.64618501922718,1946.4041429274305,0.38115683110112988,0.11495631781475714,16.28319144776981,19.36338686539261,156.86187320520055,0.4440565452701599,0.07679981758390865,92.87603907063516,110.33365786794198,933.2983686259923,0.0,0.0,290.28442708715309,342.641263552295,3931.0944889427466,0.0,0.0,99.62944833092054,118.33550329972288,1009.1515092095057,0.0,18.755624622917627,45.21817472270466,22.0,30.0,0.0,19.141621598460224,44.17078251945905,16.0,30.0,0.0,18.567905753792777,45.88960259371608,22.0,30.0,0.0,18.70974905393765,45.46114246972365,16.0,30.0,0.0,16.140274597693947,53.04354580028653,12.0,30.0,0.0,18.316741688916616,45.97984755451908,16.0,30.0,0.0,17.317148397660515,48.9659917321629,10.0,30.0,0.0,16.509028173486049,51.580493647595627,12.0,30.0,0.0,16.80610258722996,50.52366777668234,12.0,30.0,0.0,18.636507005505,0.0,0.0,0.0,16.85735391875271,0.0,0.0,673.2776087764313,670.5672437396447,667.8630801580617,668.952281984219,710.4227226570083,715.9434505050828,714.9677543723135,717.8154945083102,719.9634662258629,0.0,82.26286181053236,82.26286181053236,60.0,0.0,60.0,60.0,16.0,16.0,16.0,12.0,12.0,12.0,21.0,10.0,0.0,0.0,0.0,0.0,0.0,0.0,0.0,0.0,0.0,0.0,0.0,0.0,0.0,82.26286181053236,82.26286181053236,0.0,0.0,0.0,82.26286181053236,0.0,0.0,0.00061 
 04/20  11:50:00,12.078333333333335,79.66666666666667,8.475,303.0,178.33333333333332,0.0,0.0,0.0,0.0,0.0,0.0,0.0,0.0,0.0,0.0,249.0,0.0,890.9712331775902,103.62793994698386,265.54391679788815,26.71576437953255,711.0792790277499,0.0,103.62793994698382,141.66725043430078,0.0,0.0,18.59664713902796,96.28801465008655,19.595384260036675,-218.34643486407368,18.546246116933724,48.86509693033986,18.845326121502788,-31.922835975518866,16.097005645260599,8.798507218188064,18.655187759948555,-124.41554187254678,17.138881278180663,74.44816772068953,16.487775639196796,12.02291274795914,16.910677563272715,6.862033701426299,-13.883389187465582,68.13064271208714,0.0,0.0,0.0,0.0,0.0,0.0,0.0,0.0,0.0,0.0,0.0,0.0,0.0,0.0,0.0,0.0,0.0,0.0,0.0,0.0,0.0,0.0,2.2261447734779304,0.6795313716355099,215.646424702421,254.3926896242769,2913.926347531389,1.5147302294418297,0.23118593245449174,203.32661201348086,239.53285298923778,2897.731880868449,5.32068794072336,1.0054210016484056,219.06114221935855,258.590417536556,2913.5322837686837,2.3713207986673918,0.44809538901500209,88.91198500198287,104.90466760488147,1210.8995828595528,0.44735279966660215,0.13973952509369076,4.53130599064711,5.393927202254057,41.18865943463093,0.5173419480718566,0.09635722631250822,58.90401018043759,69.58888424819543,751.0764410221459,0.0,0.0,174.43483056935575,206.80211617918273,1854.6560016974482,0.42405941865721927,0.1278956726622758,17.143176031731195,20.383175376797796,157.5001308591803,0.5090781078366364,0.08804533169087449,89.90176392035585,106.76312071179346,874.6420494721338,0.0,0.0,295.26980651001255,348.47684815988358,3867.231557234545,0.0,0.0,97.01501070296918,115.15910495727596,965.9969507718815,0.0,18.768394907383049,45.239194493402198,22.0,30.0,0.0,19.164224938535417,44.16564633143853,16.0,30.0,0.0,18.568876101187496,45.93758856403847,22.0,30.0,0.0,18.71246718713179,45.514459429701258,16.0,30.0,0.0,16.1602075963601,53.074943972929627,12.0,30.0,0.0,18.374109939676605,45.87858236465601,16.0,30.0,0.0,17.35217849594496,48.90918080261564,10.0,30.0,0.0,16.509084239818454,51.63811148548692,12.0,30.0,0.0,16.866876906682419,50.37512564884792,12.0,30.0,0.0,18.636461991648348,0.0,0.0,0.0,16.99659287329247,0.0,0.0,671.2194005032501,668.6175190568661,666.7204448417674,666.971669903154,705.718646191406,711.841135671811,711.6073274786719,713.9330544561726,716.5574865899478,0.0,82.26286181053236,82.26286181053236,60.0,0.0,60.0,60.0,16.0,16.0,16.0,12.0,12.0,12.0,21.0,10.0,0.0,0.0,0.0,0.0,0.0,0.0,0.0,0.0,0.0,0.0,0.0,0.0,0.0,82.26286181053236,82.26286181053236,0.0,0.0,0.0,82.26286181053236,0.0,0.0,0.0006000000000000001 
 04/20  12:00:00,12.3,79.0,8.36,304.5,181.0,0.0,0.0,0.0,0.0,0.0,0.0,0.0,0.0,0.0,0.0,249.0,0.0,920.9276976829085,104.14954271796168,266.8805211074017,27.613997082483068,734.9872434065101,0.0,104.14954271796162,142.3803209674132,0.0,0.0,18.592839917982823,102.09009592481198,19.64344282058328,-231.99862224637037,18.537548585646844,52.23654332339356,18.849801080406203,-31.862941073510684,16.11412713426453,9.12587907637078,18.725490642284698,-128.03697302313777,17.160585588259086,79.59525782798574,16.487004256303814,17.27313227121192,16.95528545477876,17.476022005209417,-14.379178183278782,46.64551018640623,0.0,0.0,0.0,0.0,0.0,0.0,0.0,0.0,0.0,0.0,0.0,0.0,0.0,0.0,0.0,0.0,0.0,0.0,0.0,0.0,0.0,0.0,2.1673936143035248,0.6615975623637133,218.39526158228063,257.58480424974098,2858.6110442807746,1.4805091398421555,0.22596293343134245,206.51755937168393,243.23673769342043,2860.2601121929276,5.223737616093276,0.9871008344847464,223.85041876912488,264.2022533350562,2874.54419330733,2.3408371831153227,0.44233506861589608,89.32940802030962,105.38023249799839,1176.2650685562708,0.5300243775654446,0.16556363314205889,4.450061530337814,5.2960299774242929,39.171811452152699,0.6762230469228832,0.12594953379081454,59.57470290172257,70.3567437143455,741.7278372185715,0.019065132921286637,0.0069479347380782189,172.04946286483196,203.92003626620846,1764.9477067013573,0.4617578457185704,0.13926546065705348,17.865952667558437,21.239025105205223,156.383656181961,0.5648754395821143,0.09769551013180804,87.05957039257173,103.35161801115179,819.1496478453036,0.0,0.0,299.33791675441588,353.2241556398974,3789.287628219178,0.0,0.0,94.44681347340739,112.04078605033118,924.3965371586219,0.0,18.784085844567469,45.253575413987579,22.0,30.0,0.0,19.189489733807809,44.14470191235996,16.0,30.0,0.0,18.57329563077134,45.983317025152427,22.0,30.0,0.0,18.71800930403501,45.553108594023047,16.0,30.0,0.0,16.180594306672515,53.133063316807639,12.0,30.0,0.0,18.433274246621033,45.7799525309175,16.0,30.0,0.0,17.38829759917678,48.85271992916437,10.0,30.0,0.0,16.516408300822694,51.67200236441178,12.0,30.0,0.0,16.92819272092315,50.227737133165799,12.0,30.0,0.0,18.63970905990977,0.0,0.0,0.0,17.136813374850726,0.0,0.0,669.2062436332774,667.5619937867341,664.9425271078247,665.7460074597406,700.3314939338234,707.6607992971289,708.2317999208678,710.3960739725396,713.3443239305972,0.0,82.26286181053236,82.26286181053236,60.0,0.0,60.0,60.0,16.0,16.0,16.0,12.0,12.0,12.0,21.0,10.0,0.0,0.0,0.0,0.0,0.0,0.0,0.0,0.0,0.0,0.0,0.0,0.0,0.0,82.26286181053236,82.26286181053236,0.0,0.0,0.0,82.26286181053236,0.0,0.0,0.00059 
 04/20  12:10:00,12.411666666666669,78.66666666666667,8.421666666666667,306.0,183.66666666666669,0.0,0.0,0.0,0.0,0.0,0.0,0.0,0.0,0.0,0.0,249.0,0.0,950.2067626419807,104.65775498662952,268.1828115507324,28.491918103378447,758.3545803982045,0.0,104.65775498662946,143.07508566867026,0.0,0.0,18.591818555614947,108.13572160233344,19.690276217057009,-244.49446097877809,18.530117016678525,56.48939405907731,18.853632167979634,-31.2530473534016,16.131925667782295,9.52755325309974,18.79476532977493,-131.683488221689,17.183995533350936,84.76882873515933,16.489709943860789,22.576820337110463,16.999445649676198,27.445869292050248,-14.414055167928382,26.61826052176275,0.0,0.0,0.0,0.0,0.0,0.0,0.0,0.0,0.0,0.0,0.0,0.0,0.0,0.0,0.0,0.0,0.0,0.0,0.0,0.0,0.0,0.0,2.1392964493745287,0.6530208941924691,220.84468481130237,260.4325268882256,2847.521248376302,1.474093555216063,0.22498375384860548,209.35645489810259,246.5339319577435,2862.662102019701,5.193817207581708,0.9814469402081841,227.5992710077648,268.5952709608097,2871.3282834842718,2.3405685759379208,0.44228431140172339,89.02842743116956,105.01248015090758,1152.9867403719705,0.6237487952904068,0.19484031506364223,4.393846655223886,5.228155219788271,38.53586165208708,0.8312932160300001,0.15483203874650776,60.258264723515917,71.14216453645617,745.4336255950314,0.04860622397944171,0.017713638476472925,169.6479078291072,201.0275347585379,1714.9832249578872,0.5110727412184748,0.15413875778178588,18.442576154080429,21.921370071257657,157.91344617791257,0.6593666862400993,0.11403782190247304,84.24996470153516,99.98541217526564,784.7705965704288,0.0,0.0,302.5185457695373,356.9340111756078,3765.245207048099,0.0,0.0,91.81792363781521,108.85911481441176,903.2731913078957,0.0,18.80133532464805,45.25724115748324,22.0,30.0,0.0,19.215446408910798,44.1263544124023,16.0,30.0,0.0,18.578414908618965,46.025957319778608,22.0,30.0,0.0,18.724017130636726,45.5934189768087,16.0,30.0,0.0,16.200795373048604,53.21818850630057,12.0,30.0,0.0,18.492531410686849,45.68561324595123,16.0,30.0,0.0,17.425789684351483,48.79898337399962,10.0,30.0,0.0,16.528734714513229,51.700737460396599,12.0,30.0,0.0,16.98850341543225,50.10031839712702,12.0,30.0,0.0,18.645683932971428,0.0,0.0,0.0,17.276221212224248,0.0,0.0,667.9768132606798,666.1977693763417,663.3949360899327,664.2646419790036,694.280195306966,703.540758849145,704.9090032391644,706.6772333076125,709.7223042187336,0.0,82.26286181053236,82.26286181053236,60.0,0.0,60.0,60.0,16.0,16.0,16.0,12.0,12.0,12.0,21.0,10.0,0.0,0.0,0.0,0.0,0.0,0.0,0.0,0.0,0.0,0.0,0.0,0.0,0.0,82.26286181053236,82.26286181053236,0.0,0.0,0.0,82.26286181053236,0.0,0.0,0.0005799999999999999 
 04/20  12:20:00,12.523333333333334,78.33333333333334,8.483333333333335,307.5,186.33333333333332,0.0,0.0,0.0,0.0,0.0,0.0,0.0,0.0,0.0,0.0,249.0,0.0,978.7650289217958,105.15151684952511,269.4480721199777,29.34822613256432,781.1466535326953,0.0,105.15151684952505,143.7500955696827,0.0,0.0,18.593434897344218,113.80202231523981,19.73833973768629,-256.5864981836512,18.524735108943664,60.84286851737488,18.85862539859062,-30.42509126665118,16.15092251798239,9.953128991013756,18.865193828906276,-135.29865691927763,17.20865225953427,89.49446567981886,16.496262679310289,27.824283698613045,17.04381531421194,36.63627761141424,-14.465965952147599,8.528768455786576,0.0,0.0,0.0,0.0,0.0,0.0,0.0,0.0,0.0,0.0,0.0,0.0,0.0,0.0,0.0,0.0,0.0,0.0,0.0,0.0,0.0,0.0,2.1070226224912558,0.6431692986847545,223.2291707113914,263.2011141777262,2835.3817964923398,1.4624944603390436,0.22321344022268675,212.13287874566613,249.75485561476197,2863.7473985933895,5.157025311955052,0.9744945789786572,231.39615556621764,273.042816678776,2867.696869913813,2.3365534313896316,0.4415255917213966,88.72860553975406,104.64566273983185,1130.0020341555383,0.7027247658244107,0.21951002680895788,4.347685991498266,5.17223549774408,37.86064493174807,0.9665713922939901,0.18002819748444594,60.90145903210413,71.87919532191647,748.3397321841109,0.07095570570850235,0.025858493334002309,167.30708029121943,198.20768361610906,1666.4498127105363,0.5567599040397703,0.16791793627418423,18.915014963997498,22.47933470863521,158.48453628321088,0.7539744651809897,0.1304002879939449,81.65358985419117,96.87446185590122,752.7569631139621,0.0,0.0,305.6136893090592,360.5414680072706,3739.2833132386997,0.0,0.0,89.28251830642059,105.79297365967934,882.2291136280674,0.0,18.820241662620825,45.259037355826617,22.0,30.0,0.0,19.24274603877485,44.10995028195423,16.0,30.0,0.0,18.584980100285365,46.060263128200627,22.0,30.0,0.0,18.73111137533121,45.63620148037747,16.0,30.0,0.0,16.22194542864255,53.314428443438469,12.0,30.0,0.0,18.552661425941428,45.59176093322906,16.0,30.0,0.0,17.463797986558818,48.750105451687897,10.0,30.0,0.0,16.545422744842268,51.72121224463203,12.0,30.0,0.0,17.047805250754509,49.98310942057099,12.0,30.0,0.0,18.652437220700816,0.0,0.0,0.0,17.412357402561989,0.0,0.0,666.4680245082132,664.3770965257331,662.17449993048,662.3629870705751,687.9443449617915,699.5429597105382,701.5132557439962,702.8923193080085,706.0084851951127,0.0,82.26286181053236,82.26286181053236,60.0,0.0,60.0,60.0,16.0,16.0,16.0,12.0,12.0,12.0,21.0,10.0,0.0,0.0,0.0,0.0,0.0,0.0,0.0,0.0,0.0,0.0,0.0,0.0,0.0,82.26286181053236,82.26286181053236,0.0,0.0,0.0,82.26286181053236,0.0,0.0,0.00059 
 04/20  12:30:00,12.635000000000002,78.0,8.545,309.0,189.0,0.0,0.0,0.0,0.0,0.0,0.0,0.0,0.0,0.0,0.0,249.0,0.0,1006.5593941264244,105.62934724115822,270.6725076061758,30.181628758322856,803.3290631671157,0.0,105.62934724115816,144.40332594163875,0.0,0.0,18.59776251172896,119.12125104236111,19.78739700720805,-268.9713451625157,18.521363039874957,65.59250332898592,18.864819110040167,-29.73161062876079,16.17137641968434,10.387757695472488,18.93692069129399,-139.09905616538755,17.234337810514629,93.85673891829083,16.505684703280985,32.92639423327546,17.08825311619953,44.846598639428979,-14.412070705910083,-7.099473678367303,0.0,0.0,0.0,0.0,0.0,0.0,0.0,0.0,0.0,0.0,0.0,0.0,0.0,0.0,0.0,0.0,0.0,0.0,0.0,0.0,0.0,0.0,2.059180960000825,0.6285656166058685,225.56450881165129,265.9086471396736,2822.493799375839,1.4313139680168039,0.21845451282307755,214.8683488919442,252.92566691524213,2863.5383158725405,5.093089414193799,0.9624129656450872,235.38687050510684,277.7166448071275,2865.033669068493,2.317672165815165,0.4379577032908474,88.5487452941637,104.42007052394028,1108.6389866468508,0.7684730684448077,0.24004781396651629,4.312329537295986,5.129155751584634,37.17010330647901,1.080492731531354,0.20124655085329747,61.551594193432737,72.62361930652237,751.0495887483908,0.0886789966300748,0.032317418596966029,164.99698458122144,195.42517976523213,1618.9616650103545,0.6641427557515068,0.20030444025882378,19.30078299934214,22.933827579077854,158.7620452426124,0.830810154208024,0.14368906160636869,79.26144845542123,94.00792523966753,722.7928537012443,0.0,0.0,308.79963154200297,364.2538858330632,3713.819556916889,0.25446524418156726,0.03035310361800766,86.77533395878912,102.76591920956195,862.436325783314,0.0,18.841218283177878,45.260211515876687,22.0,30.0,0.0,19.27108491424877,44.08617268264985,16.0,30.0,0.0,18.592737729991759,46.0941010779739,22.0,30.0,0.0,18.739375252830365,45.671648569142949,16.0,30.0,0.0,16.24449538520696,53.413113994470908,12.0,30.0,0.0,18.61392188883147,45.49814660614743,16.0,30.0,0.0,17.502061230419156,48.70500460274826,10.0,30.0,0.0,16.56471058024443,51.756034022391677,12.0,30.0,0.0,17.1059802419279,49.87395088987163,12.0,30.0,0.0,18.660346873259443,0.0,0.0,0.0,17.54074652397854,0.0,0.0,664.5528665612836,662.9252443809608,660.6611076576252,660.7659441383938,681.5860105844633,695.5992184071794,698.0834799381661,698.5653646470862,702.3503155453692,0.0,82.26286181053236,82.26286181053236,60.0,0.0,60.0,60.0,16.0,16.0,16.0,12.0,12.0,12.0,21.0,10.0,0.0,0.0,0.0,0.0,0.0,0.0,0.0,0.0,0.0,0.0,0.0,0.0,0.0,82.26286181053236,82.26286181053236,0.0,0.0,0.0,82.26286181053236,0.0,0.0,0.0006000000000000001 
 04/20  12:40:00,12.746666666666667,77.66666666666666,8.606666666666668,307.5,206.5,0.0,0.0,0.0,0.0,0.0,0.0,0.0,0.0,0.0,0.0,249.0,0.0,1058.3966094503417,106.09237963942099,271.85908014020426,31.7359517944397,844.6998941818961,0.0,106.09237963942093,145.03632633475133,0.0,0.0,18.604179884643469,124.14258246562531,19.849381348261333,-283.32821556233196,18.519973968888004,70.67653030442489,18.872043387526938,-28.998549488593654,16.19580060561301,10.757904481837415,19.021512521721776,-143.88165848835116,17.26187013947877,98.18034069842816,16.517678229963964,37.727239009569419,17.132259359890566,51.68381745896613,-14.380072026287963,-21.213350269959848,0.0,0.0,0.0,0.0,0.0,0.0,0.0,0.0,0.0,0.0,0.0,0.0,0.0,0.0,0.0,0.0,0.0,0.0,0.0,0.0,0.0,0.0,2.030516321571413,0.6198157269754009,227.52170142434,268.1687919837662,2804.853591668964,1.4249544337774345,0.2174838879391689,217.18245255841343,255.59379564508317,2859.98258740864,5.064421687027503,0.9569957836408739,239.2591782260126,282.2480449973856,2860.4473661509025,2.3181203165189037,0.43804238785315627,88.08842676220289,103.86355422792657,1084.3830615598359,0.837120861330222,0.26149131445133957,4.2757290936216549,5.084529408619836,36.52364991585476,1.1973287349849873,0.22300777332557038,62.21477733582965,73.38112915152543,754.6657495764877,0.10677737562758581,0.038913037765155169,162.9293539092933,192.92933629698113,1575.2376832030098,0.7598447665832391,0.2291680204835344,19.64344003884258,23.336660040216814,158.5239928163624,0.909294821618083,0.15726302691423084,76.93942665703085,91.22648172994512,693.6783873862461,0.0,0.0,311.1808210043497,367.0147094924818,3678.111735282496,0.5118325313477566,0.06105236850334068,84.45450706418804,99.96375316561989,843.8042728770406,0.0,18.86321556482383,45.25508963586736,22.0,30.0,0.0,19.30584322250288,44.0432492449632,16.0,30.0,0.0,18.60191665990196,46.12673917323992,22.0,30.0,0.0,18.74849803800653,45.70413010739519,16.0,30.0,0.0,16.271267788080914,53.507444464784587,12.0,30.0,0.0,18.682208580881654,45.388670669010128,16.0,30.0,0.0,17.542573388624758,48.65940647583587,10.0,30.0,0.0,16.58629975472336,51.805519477593048,12.0,30.0,0.0,17.162173612852379,49.79336375954583,12.0,30.0,0.0,18.6692108702256,0.0,0.0,0.0,17.6656115797956,0.0,0.0,662.9602854875683,661.6303349866948,658.9822237774345,659.3038302064963,675.1330089967516,691.6749283144937,694.5402463295849,693.7349891350573,698.1296172949552,0.0,82.26286181053236,82.26286181053236,60.0,0.0,60.0,60.0,16.0,16.0,16.0,12.0,12.0,12.0,21.0,10.0,0.0,0.0,0.0,0.0,0.0,0.0,0.0,0.0,0.0,0.0,0.0,0.0,0.0,82.26286181053236,82.26286181053236,0.0,0.0,0.0,82.26286181053236,0.0,0.0,0.00061 
 04/20  12:50:00,12.858333333333335,77.33333333333334,8.668333333333333,306.0,224.0,0.0,0.0,0.0,0.0,0.0,0.0,0.0,0.0,0.0,0.0,249.0,0.0,1171.8273476351342,104.3409937809318,267.3713277684288,35.13712379362561,935.2278283658307,0.0,104.34099378093174,142.6420490853086,0.0,0.0,18.61499478239201,130.47631118886785,19.938546033682564,-304.570059830281,18.51984995707119,75.76624979628105,18.877694105790249,-27.98668774134103,16.228944407677305,11.0426250117211,19.135271891634646,-150.83782858096084,17.291164021681746,102.59516591447391,16.53115668449167,42.381706196254757,17.174679677231404,58.092902384976699,-14.315641641658658,-34.47687849916883,0.0,0.0,0.0,0.0,0.0,0.0,0.0,0.0,0.0,0.0,0.0,0.0,0.0,0.0,0.0,0.0,0.0,0.0,0.0,0.0,0.0,0.0,2.0072852163514507,0.6127244250157053,230.74604499892878,271.9160622064328,2804.4884442301474,1.4211621145786789,0.2169050846426555,220.8409429900009,259.83166590551306,2878.3499197911608,5.045975960804918,0.9535101966751549,242.66413168783965,286.22592219770606,2849.5940064371986,2.3242438034491905,0.43919950934414017,87.25773785933632,102.87052516624596,1055.9737358003789,0.9041691741535808,0.2824351855956624,4.2389056904703958,5.039477111651377,35.954214692042018,1.3101379897608035,0.2440189960441057,63.02779949595851,74.31040985129312,761.9890158061982,0.12412461398828942,0.04523491763421625,161.30985473256465,190.96345946117189,1537.0012616405555,0.8479158100537999,0.2557301126129887,19.948478775790819,23.694460323233188,157.85601475042453,0.984803643117647,0.17032231807638305,74.9700188771144,88.86511578194863,667.8420848227283,0.0,0.0,314.46869668793308,370.84133207560958,3653.2292665616275,0.724990382418043,0.08647824684416329,82.5047131021263,97.60300462601352,828.5402669147497,0.0,18.891016425264494,45.232415154942987,22.0,30.0,0.0,19.35264570586253,43.97064067946263,16.0,30.0,0.0,18.61225798940442,46.15476702150835,22.0,30.0,0.0,18.75734471683632,45.742418331836159,16.0,30.0,0.0,16.307854758960557,53.57720816820546,12.0,30.0,0.0,18.76735478692596,45.237133579911908,16.0,30.0,0.0,17.585048089412468,48.619680129000787,10.0,30.0,0.0,16.609635951520056,51.86145295288267,12.0,30.0,0.0,17.216279072375288,49.73025666108365,12.0,30.0,0.0,18.68013051699952,0.0,0.0,0.0,17.791729389407274,0.0,0.0,661.5026588982439,660.0244136644557,657.5060479098603,657.5291507079958,668.6269976547222,687.6856708251361,690.7653056327034,688.7181176377001,693.7140908828094,0.0,82.26286181053236,82.26286181053236,60.0,0.0,60.0,60.0,16.0,16.0,16.0,12.0,12.0,12.0,21.0,10.0,0.0,0.0,0.0,0.0,0.0,0.0,0.0,0.0,0.0,0.0,0.0,0.0,0.0,82.26286181053236,82.26286181053236,0.0,0.0,0.0,82.26286181053236,0.0,0.0,0.0006166666666666666 
 04/20  13:00:00,12.97,77.0,8.73,304.5,241.5,0.0,0.0,0.0,0.0,0.0,0.0,0.0,0.0,0.0,0.0,249.0,0.0,1225.9526537078805,104.85183892623322,268.68041200260066,36.7600531810084,978.424750026247,0.0,104.85183892623316,143.34041312853467,0.0,0.0,18.632651924723285,138.77225378350523,20.018594527446468,-327.257881732603,18.52274516481178,81.73046462204002,18.8859921664128,-26.761397594450047,16.262023732395869,11.35656512674771,19.243170675754294,-159.033803520515,17.324166306707647,108.06669347651223,16.547581634967135,47.07906661649008,17.218059092514154,64.6730141828084,-14.021362064107962,-47.347116950406419,0.0,0.0,0.0,0.0,0.0,0.0,0.0,0.0,0.0,0.0,0.0,0.0,0.0,0.0,0.0,0.0,0.0,0.0,0.0,0.0,0.0,0.0,1.9874176917302149,0.6066598570605052,235.6078898680955,277.58111292811557,2827.3450016856174,1.41459299176261,0.21590247127023966,226.23040263014625,266.1045855029696,2917.3032258271239,5.038065872546874,0.952015471002811,246.74156550440163,290.9925742941456,2846.663718094816,2.3366434445595325,0.4415426010127611,85.61742027240064,100.92280935917477,1018.8553643744117,0.967493754285029,0.30221587493284948,4.212526359668432,5.0068326181389539,35.43434304003696,1.4158476801954412,0.2637078934988715,64.26503549980672,75.7378010109836,774.5990291996707,0.14023625359038306,0.05110650641048944,160.5502967463251,190.0124308004904,1509.0336369800078,0.9283940046550311,0.2800022131260775,20.242662309905087,24.038991556853547,157.02078453322157,1.0552322835705757,0.18250298920279754,73.49585323894846,87.09194861758268,646.6826563941572,0.0,0.0,318.5709712648637,375.6251314403456,3637.3480620163,0.9112343249207877,0.10869378242032416,81.06102828986296,95.84217994578822,818.3905463774885,0.0,18.929150500309139,45.18401870969389,22.0,30.0,0.0,19.398068852621063,43.90250084053405,16.0,30.0,0.0,18.625789295763629,46.17429154191742,22.0,30.0,0.0,18.767640339160854,45.78001674175958,16.0,30.0,0.0,16.345654846399904,53.64960956549679,12.0,30.0,0.0,18.856190215433434,45.08393592775723,16.0,30.0,0.0,17.63304975525078,48.570372276374509,10.0,30.0,0.0,16.63556315276676,51.91363864268469,12.0,30.0,0.0,17.27020276974151,49.67354435283994,12.0,30.0,0.0,18.692689505353675,0.0,0.0,0.0,17.920432509166554,0.0,0.0,659.7507554681018,658.3872489856758,656.0083892707908,655.6436645661778,662.1379480826656,683.5570066497196,686.8822183336063,683.7291908534639,689.2617994683218,0.0,82.26286181053236,82.26286181053236,60.0,0.0,60.0,60.0,16.0,16.0,16.0,12.0,12.0,12.0,21.0,10.0,0.0,0.0,0.0,0.0,0.0,0.0,0.0,0.0,0.0,0.0,0.0,0.0,0.0,82.26286181053236,82.26286181053236,0.0,0.0,0.0,82.26286181053236,0.0,0.0,0.0006233333333333334 
 04/20  13:10:00,13.018333333333335,76.83333333333334,8.675,303.0,259.0,0.0,0.0,0.0,0.0,0.0,0.0,0.0,0.0,0.0,0.0,249.0,0.0,1279.875629487242,105.34557502041567,269.94565176575096,38.37691529025358,1021.4601885616664,0.0,105.34557502041561,144.01538780176259,0.0,0.0,18.651634296537986,144.93231601054687,20.101401504465707,-347.2406410375188,18.529054579932955,89.77714626534544,18.895272421678,-25.37988411450533,16.29718314097012,11.77170166750895,19.354896193571404,-167.3717770954322,17.360359895660609,113.58417770045799,16.566779953636869,51.99476207686564,17.262378025377506,71.84748336598386,-13.924417512942455,-60.01763984984382,0.0,0.0,0.0,0.0,0.0,0.0,0.0,0.0,0.0,0.0,0.0,0.0,0.0,0.0,0.0,0.0,0.0,0.0,0.0,0.0,0.0,0.0,1.9859718738222157,0.6062185207027521,237.8614640398271,280.16390031913115,2848.0349006298845,1.4202120187552703,0.21676007612259927,228.8924602626278,269.1561772083083,2950.7030544711535,5.066034778524386,0.9573006006281913,251.19606937760535,296.18887360301218,2881.32215725969,2.361776769597427,0.4462919065754774,82.83514647217976,97.62648515303913,980.4437793473428,1.0052766413702437,0.3140181095492222,4.218146992940473,5.012053174377026,35.631957408683899,1.4767175742717387,0.27504518053114898,65.43545876043653,77.08193469482332,794.7204005652478,0.14934690466032708,0.05442671452635825,160.68930121830909,190.1163498998503,1511.2241274579863,0.9729810787030571,0.2934496065255022,20.5888785497964,24.444180509659235,159.05481909499637,1.096985003903453,0.1897241445699503,72.68805428863937,86.10625475584762,640.8360027438132,0.0,0.0,318.5935538645737,375.5841512504281,3615.3469930212479,0.9923941281697839,0.1183746798079303,80.40720936535954,95.01275823298687,825.8514976161686,0.0,18.966156983416295,45.13846944227235,22.0,30.0,0.0,19.446491220439936,43.824161691322618,16.0,30.0,0.0,18.64382490684111,46.18076388976514,22.0,30.0,0.0,18.77880787212828,45.81373996063577,16.0,30.0,0.0,16.38539085065095,53.70380194786832,12.0,30.0,0.0,18.949017032106715,44.918154749646927,16.0,30.0,0.0,17.68523684746398,48.51364372527528,10.0,30.0,0.0,16.664750046618559,51.94661903435546,12.0,30.0,0.0,17.32523713783692,49.61498363996748,12.0,30.0,0.0,18.706975627144339,0.0,0.0,0.0,18.052478403412036,0.0,0.0,657.9521055109242,656.9063639779935,654.2924343834233,653.8259856514321,655.9899771611129,679.5299203144956,682.8510122781781,679.0155448393241,684.8255343137928,0.0,82.26286181053236,82.26286181053236,60.0,0.0,60.0,60.0,16.0,16.0,16.0,12.0,12.0,12.0,21.0,10.0,0.0,0.0,0.0,0.0,0.0,0.0,0.0,0.0,0.0,0.0,0.0,0.0,0.0,82.26286181053236,82.26286181053236,0.0,0.0,0.0,82.26286181053236,0.0,0.0,0.00063 
 04/20  13:20:00,13.066666666666669,76.66666666666667,8.620000000000001,301.5,276.5,0.0,0.0,0.0,0.0,0.0,0.0,0.0,0.0,0.0,0.0,249.0,0.0,1333.3068755281464,105.81581454556874,271.1506790132564,39.97903257438307,1064.1031768643839,0.0,105.81581454556869,144.65824088374078,0.0,0.0,18.673709164064179,151.81815634471423,20.186252368650167,-368.54911452190938,18.537282702608367,96.46720052383899,18.905850329427204,-23.631591328900869,16.33445797686847,12.197183537512899,19.470349377008739,-175.79026664138883,17.398640284489276,118.7638537554185,16.588798817387955,57.026873493828478,17.30813878639095,79.50891058265597,-13.192115188005119,-72.54574249358848,0.0,0.0,0.0,0.0,0.0,0.0,0.0,0.0,0.0,0.0,0.0,0.0,0.0,0.0,0.0,0.0,0.0,0.0,0.0,0.0,0.0,0.0,1.9852497994534293,0.6059981072812666,240.83359367475979,283.58834200612446,2878.6823779863409,1.423858583504699,0.21731663362403834,232.32989491581385,273.1161801425572,2994.535698338748,5.092203171683843,0.9622454972947552,252.5329281369191,297.70634467387228,2881.212639910618,2.3863154738677525,0.4509288499372169,78.3037903941361,92.26964085791065,922.6805222420543,1.0414716864962137,0.3253243502174761,4.220384574606059,5.0132232374376779,35.815602620559527,1.5344757545713266,0.2858028971077159,66.58739512808866,78.4019644432085,815.2941208420579,0.15806424870587966,0.05760358917852756,161.13205081849893,190.57808828107717,1516.916241186005,1.0151032023672633,0.30615357465585499,20.92619538060441,24.838353113881078,161.11507827452696,1.1365107159840922,0.19656013766587544,72.26843622366701,85.58039153038453,638.5840675312932,0.0,0.0,317.62979693040628,374.3751740312403,3584.840860150603,1.065951437297745,0.1271487370785167,80.15080957145587,94.65279926563946,837.5019689025713,0.0,19.00642329941459,45.083104096872158,22.0,30.0,0.0,19.496109627206918,43.74504092310572,16.0,30.0,0.0,18.66317968812541,46.18510803179821,22.0,30.0,0.0,18.79142948053961,45.849621277267477,16.0,30.0,0.0,16.427176764776467,53.74292099414776,12.0,30.0,0.0,19.045671989058005,44.74637682675671,16.0,30.0,0.0,17.7394650447868,48.4509971604787,10.0,30.0,0.0,16.697164281341146,51.963930162510809,12.0,30.0,0.0,17.38203357342124,49.549652882612658,12.0,30.0,0.0,18.7254659458502,0.0,0.0,0.0,18.186853948916374,0.0,0.0,656.2967292435644,655.3146159617645,652.5360765466922,651.8078228124555,650.1379643464646,675.4414830194176,678.8980712326927,674.5456721540475,680.5297881212476,0.0,82.26286181053236,82.26286181053236,60.0,0.0,60.0,60.0,16.0,16.0,16.0,12.0,12.0,12.0,21.0,10.0,0.0,0.0,0.0,0.0,0.0,0.0,0.0,0.0,0.0,0.0,0.0,0.0,0.0,82.26286181053236,82.26286181053236,0.0,0.0,0.0,82.26286181053236,0.0,0.0,0.00063 
 04/20  13:30:00,13.115,76.5,8.565000000000002,300.0,294.0,0.0,0.0,0.0,0.0,0.0,0.0,0.0,0.0,0.0,0.0,249.0,0.0,1385.9581810681517,106.25596632465853,272.2786038463616,41.55776313003957,1106.1236965185117,0.0,106.25596632465849,145.25996173575536,0.0,0.0,18.698148863419946,158.20238320347927,20.27387179297483,-388.95853027954038,18.547984527739258,103.80797866324247,18.917869032285993,-21.582437407761974,16.373871444037115,12.643442916462363,19.589166187925053,-184.6980510655203,17.439524983515349,124.24695418776355,16.613536532689758,62.12223604137955,17.355337825190327,87.17758477085045,-12.664925157127073,-84.9891499212431,0.0,0.0,0.0,0.0,0.0,0.0,0.0,0.0,0.0,0.0,0.0,0.0,0.0,0.0,0.0,0.0,0.0,0.0,0.0,0.0,0.0,0.0,1.9849674744347459,0.6059119274831337,243.37706299562422,286.5045644348161,2904.929776053443,1.4280860128213929,0.21796184566871078,235.32093193019629,276.5464768253003,3033.952377060764,5.119905330955383,0.9674802212689693,254.04709356633419,299.42927364419065,2884.3400378271719,2.411015230272382,0.455596226430911,73.69933064277164,86.82800165609427,865.0081740682707,1.074622193740332,0.3356795690567467,4.229156095346265,5.022121195487505,36.044226514938717,1.5871687016213008,0.29561719158526747,67.77491347443241,79.76176016196152,836.8773500287264,0.1659922434610417,0.0604928000951318,161.67820781445216,191.15968862926332,1524.5717674488456,1.0532919661978678,0.3176712474709563,21.251087099119095,25.217311353819026,163.16747289160157,1.1726199572924157,0.20280525030999919,71.89827077804275,85.11290639416971,636.9547554608263,0.0,0.0,316.11714885239436,372.51832425945397,3548.9647962735505,1.1303761598254574,0.1348334418590633,79.94324421182212,94.35025326323533,849.8025861607833,0.0,19.048315578607374,45.02538666738866,22.0,30.0,0.0,19.54855290515508,43.65884040090599,16.0,30.0,0.0,18.68530273825369,46.18243441261531,22.0,30.0,0.0,18.80578938942657,45.88279512712836,16.0,30.0,0.0,16.47108600452639,53.76713388909249,12.0,30.0,0.0,19.14547850817331,44.56628970222333,16.0,30.0,0.0,17.796798080146784,48.379953064976849,10.0,30.0,0.0,16.73267118257917,51.97059344900754,12.0,30.0,0.0,17.440444183277845,49.48132534132291,12.0,30.0,0.0,18.745031383336668,0.0,0.0,0.0,18.3231804420034,0.0,0.0,654.5505117574345,653.5688970858307,650.8227877471501,649.6127557769399,644.5748221816247,671.4504228745515,674.996897534292,670.1715700225772,676.2542661938414,0.0,82.26286181053236,82.26286181053236,60.0,0.0,60.0,60.0,16.0,16.0,16.0,12.0,12.0,12.0,21.0,10.0,0.0,0.0,0.0,0.0,0.0,0.0,0.0,0.0,0.0,0.0,0.0,0.0,0.0,82.26286181053236,82.26286181053236,0.0,0.0,0.0,82.26286181053236,0.0,0.0,0.00063 
 04/20  13:40:00,13.163333333333334,76.33333333333333,8.51,286.8333333333333,297.8333333333333,0.0,0.0,0.0,0.0,0.0,0.0,0.0,0.0,0.0,0.0,249.0,0.0,1378.3803264354409,103.0054027145488,263.9491204499891,41.330530952252498,1100.0757402101468,0.0,103.00540271454874,140.8161948400549,0.0,0.0,18.725497104197907,164.7968445076458,20.339109307657809,-405.3499432386616,18.559859803200547,111.30536510167076,18.926809365574948,-19.213055204967988,16.40975377504454,13.153835511574244,19.686672837909478,-192.10732408610193,17.482739115884234,129.70398996620043,16.63921952240326,67.30526970356573,17.40195142875338,95.1863081019037,-11.813606196606998,-96.73275961283571,0.0,0.0,0.0,0.0,0.0,0.0,0.0,0.0,0.0,0.0,0.0,0.0,0.0,0.0,0.0,0.0,0.0,0.0,0.0,0.0,0.0,0.0,1.985219697763313,0.60598891873117,246.09863509160906,289.6258312805992,2934.635833568261,1.4312270030013692,0.21844123977432376,238.4941008652969,280.19701436697019,3071.5649909130318,5.147959488349977,0.9727814603835938,254.34810145545695,299.71982638908249,2874.8327863156289,2.435400587357668,0.4602041926223861,68.17305178486824,80.30257817534862,797.4841624868392,1.105404549482981,0.34529504877644126,4.238942459322801,5.032295261261464,36.219389612143398,1.6357703263975525,0.3046694591912,68.94669547043928,81.10425696378057,857.1963389154366,0.17333074644130709,0.06316718164770664,162.37295290814019,191.9147876645548,1534.4510040468045,1.0884061812448714,0.32826164107113839,21.565386466821854,25.5833217773851,165.1939736871285,1.2059717650318603,0.20857346333999653,71.70104674771327,84.85017061433511,636.9064722186097,0.0,0.0,313.83399648988446,369.7512912739728,3506.1358348549899,1.1873144617253604,0.14162515199205109,79.9104541950524,94.25489746204149,863.4785677944635,0.0,19.093149657016668,44.95978779430278,22.0,30.0,0.0,19.592108775493398,43.59821959314001,16.0,30.0,0.0,18.70931368073342,46.17623740801411,22.0,30.0,0.0,18.819601705835198,45.92303859107294,16.0,30.0,0.0,16.510910468014339,53.79832449220964,12.0,30.0,0.0,19.23615205685396,44.41229456628791,16.0,30.0,0.0,17.856667692014267,48.302221511732458,10.0,30.0,0.0,16.770255742074835,51.96936749066261,12.0,30.0,0.0,17.499598644739078,49.41073498250777,12.0,30.0,0.0,18.766980902292095,0.0,0.0,0.0,18.457358338554049,0.0,0.0,652.6708947577735,651.8125465980857,649.0044667886385,647.274469801151,639.2864396106444,667.5362855121788,671.1351184622281,665.9119857401875,672.06387002468,0.0,82.26286181053236,82.26286181053236,60.0,0.0,60.0,60.0,16.0,16.0,16.0,12.0,12.0,12.0,21.0,10.0,0.0,0.0,0.0,0.0,0.0,0.0,0.0,0.0,0.0,0.0,0.0,0.0,0.0,82.26286181053236,82.26286181053236,0.0,0.0,0.0,82.26286181053236,0.0,0.0,0.00063 
 04/20  13:50:00,13.211666666666666,76.16666666666667,8.455,273.6666666666667,301.6666666666667,0.0,0.0,0.0,0.0,0.0,0.0,0.0,0.0,0.0,0.0,249.0,0.0,1368.2946319833,99.67687734836254,255.4198616395785,41.02810210803331,1092.0263002954558,0.0,99.67687734836248,136.2658483131465,0.0,0.0,18.750814407001067,168.273442101814,20.397887271744325,-415.27375092569675,18.57378791677221,118.72920757234715,18.934895838392998,-16.74761381658527,16.4445777326833,13.70775821461558,19.775729241430314,-197.6685805005368,17.5262459730072,134.06646904695755,16.66639702631521,72.43402172294964,17.448964305595646,103.21390883391541,-11.096089373682844,-106.95356588753885,0.0,0.0,0.0,0.0,0.0,0.0,0.0,0.0,0.0,0.0,0.0,0.0,0.0,0.0,0.0,0.0,0.0,0.0,0.0,0.0,0.0,0.0,1.9850822397574628,0.6059469596329252,246.16826656209936,289.6318356169504,2929.6387035196987,1.4417998124155856,0.22005491642484518,238.88813230304118,280.58294647617648,3072.7942823645755,5.175472578769375,0.9779804570614846,253.70434887571089,298.89404088351906,2856.3942860364807,2.4594760322915349,0.46475359642697169,61.69086296358212,72.65377481282798,719.9320527762175,1.1332355856965338,0.35398862526963767,4.250839344333336,5.045019396360875,36.35942930135082,1.679491243515921,0.3128126734058337,69.77287033048246,82.04114281088238,872.4354750598868,0.17993820672047212,0.06557514822174639,163.06911501803985,192.6719169819601,1543.9228390833346,1.1197246090081928,0.3377072310269003,21.87799034503816,25.94697279456011,167.24332089719753,1.2360010567198426,0.21376704543753756,71.71702886182944,84.83965826777892,638.7751535684799,0.0,0.0,306.72455313223198,361.30046607068337,3409.752917099293,1.2373109583596327,0.14758883024508052,80.10012642729436,94.42498744833485,877.9455416404195,0.0,19.131171563676714,44.915092323100378,22.0,30.0,0.0,19.63383675861726,43.5442893343463,16.0,30.0,0.0,18.736326099038477,46.16238223009221,22.0,30.0,0.0,18.83281138715972,45.973218954709,16.0,30.0,0.0,16.548122749565029,53.83170675992075,12.0,30.0,0.0,19.319763133963087,44.27866005383683,16.0,30.0,0.0,17.915168811377506,48.22886927107808,10.0,30.0,0.0,16.80956835292353,51.96083927207722,12.0,30.0,0.0,17.559354532984515,49.337765121853298,12.0,30.0,0.0,18.788670453127155,0.0,0.0,0.0,18.581927214373644,0.0,0.0,650.780157827757,650.0588603743693,647.078004612576,644.7515854011773,634.2662858471388,663.6924103376018,667.3180037132006,661.7821632489652,667.9734620334704,0.0,82.26286181053236,82.26286181053236,60.0,0.0,60.0,60.0,16.0,16.0,16.0,12.0,12.0,12.0,21.0,10.0,0.0,0.0,0.0,0.0,0.0,0.0,0.0,0.0,0.0,0.0,0.0,0.0,0.0,82.26286181053236,82.26286181053236,0.0,0.0,0.0,82.26286181053236,0.0,0.0,0.0006633333333333333 
 04/20  14:00:00,13.26,76.0,8.4,260.5,305.5,0.0,0.0,0.0,0.0,0.0,0.0,0.0,0.0,0.0,0.0,249.0,0.0,1355.698584513215,96.26674496321778,246.68148659474623,40.65040123469622,1081.973370955956,0.0,96.26674496321773,131.60393880430576,0.0,0.0,18.77664245259576,172.17084835110109,20.450359475357766,-424.96959731842619,18.58713091832139,123.78362122668477,18.942196617720563,-14.224944933478583,16.478785510590833,14.207711498581375,19.857678549568,-202.15133959955575,17.569368380377204,137.7462093675349,16.69423642206345,77.04915905016628,17.4954840626242,109.83557073550537,-9.085814380667216,-115.14289131020269,0.0,0.0,0.0,0.0,0.0,0.0,0.0,0.0,0.0,0.0,0.0,0.0,0.0,0.0,0.0,0.0,0.0,0.0,0.0,0.0,0.0,0.0,1.9846447681911586,0.6058134213037725,247.13123974770478,290.6892658965853,2934.799543035687,1.4499237156839513,0.2212948284010915,240.206633343198,282.0580655701535,3083.817963433828,5.196374596138121,0.981930195793296,249.3383769582682,293.6863981838865,2795.923709761096,2.4800278692075978,0.46863716349349907,53.59245045564743,63.1046095939211,625.1829260951515,1.1616285320372997,0.3628577255426799,4.251003941641927,5.0438490899304,36.40428151139552,1.7238990416720066,0.32108382225218975,70.44964181257463,82.80334540141772,885.0992168390571,0.1867447144061398,0.06805565393809758,163.2814102479826,192.8584653716622,1548.1180992017947,1.1523494456478328,0.34754683190343796,22.13701306537199,26.24685903339112,168.91591364637513,1.2667775106245965,0.21908984964105777,71.4866177037988,84.53813942094274,638.3028222017769,0.0,0.0,298.5780242263092,351.6282882822822,3304.372026519151,1.2898355771963928,0.15385406777555825,80.00801399952809,94.26672871265648,887.5119338535444,0.0,19.16844574170595,44.873845463024817,22.0,30.0,0.0,19.671379481131209,43.50379838981206,16.0,30.0,0.0,18.761097493245438,46.158521095032217,22.0,30.0,0.0,18.845422347202655,46.038971782965678,16.0,30.0,0.0,16.583645931720306,53.86632509578996,12.0,30.0,0.0,19.397262654714056,44.16251022412758,16.0,30.0,0.0,17.971443421113155,48.162494842322129,10.0,30.0,0.0,16.849223970250156,51.951182369020788,12.0,30.0,0.0,17.61781424108978,49.2690807903493,12.0,30.0,0.0,18.81323716424945,0.0,0.0,0.0,18.694546519570957,0.0,0.0,648.9010786236067,648.181942135155,645.0867947291121,641.8009933839088,629.4496604614293,659.8953721217621,663.5757518767313,657.7281891523172,663.949699355489,0.0,82.26286181053236,82.26286181053236,60.0,0.0,60.0,60.0,16.0,16.0,16.0,12.0,12.0,12.0,21.0,10.0,0.0,0.0,0.0,0.0,0.0,0.0,0.0,0.0,0.0,0.0,0.0,0.0,0.0,82.26286181053236,82.26286181053236,0.0,0.0,0.0,82.26286181053236,0.0,0.0,0.0006966666666666667 
 04/20  14:10:00,13.223333333333333,76.33333333333334,8.363333333333334,247.33333333333332,309.3333333333333,0.0,0.0,0.0,0.0,0.0,0.0,0.0,0.0,0.0,0.0,249.0,0.0,1340.5898178142143,92.77147897224347,237.72495860233037,40.197357377868517,1069.9150636928408,0.0,92.77147897224343,126.82564520191264,0.0,0.0,18.80150207834415,175.1927378343753,20.495890729284967,-430.80012235200777,18.59978173618866,129.90164396661749,18.946718940849427,-11.744606123068934,16.51256327813671,14.735878707562393,19.9311202287954,-205.89940958447188,17.612664880435298,141.291953194107,16.72176833552355,81.25864408502423,17.53993955583065,115.05126052897458,-7.927925767207853,-121.67588739508801,0.0,0.0,0.0,0.0,0.0,0.0,0.0,0.0,0.0,0.0,0.0,0.0,0.0,0.0,0.0,0.0,0.0,0.0,0.0,0.0,0.0,0.0,2.0016901844371914,0.6110165398159925,247.371617424396,290.88237674445068,2971.8690115924257,1.458747747212935,0.2226415975599718,240.75421558244637,282.61273923068355,3124.5640453439116,5.2433283787774969,0.9908027926639264,246.12405677630637,289.8208363054327,2790.549724364382,2.5043760892998816,0.47323811211260027,46.57756684859059,54.831570265755058,551.7291728423579,1.1574685611505927,0.36155827607786097,4.277587007722379,5.073745567576349,37.31895385672339,1.7135336775967625,0.3191532273415464,71.03995134513028,83.46020443111822,907.4464049344191,0.18518847407192894,0.06748851095915776,163.4825414784732,193.02056376825483,1579.6149111519176,1.1428935156478615,0.34469493786504309,22.40380503119777,26.554273362552505,174.3149847705519,1.2623700458040599,0.21832757623729844,71.11079337949635,84.06073067148738,648.1003359471769,0.0,0.0,290.3747825447534,341.8754086020396,3246.877054234073,1.2279613101997844,0.14647358623484037,79.86169878885454,94.04319380301867,906.9700341451808,0.0,19.202002530517196,44.843331526394759,22.0,30.0,0.0,19.706449554351477,43.46777521871911,16.0,30.0,0.0,18.78449350828601,46.160171403795278,22.0,30.0,0.0,18.855761420304085,46.11817272130748,16.0,30.0,0.0,16.61787300567306,53.88932574824415,12.0,30.0,0.0,19.468371946512354,44.057906254453438,16.0,30.0,0.0,18.026937920799065,48.09607982345215,10.0,30.0,0.0,16.888382390337747,51.93183757069559,12.0,30.0,0.0,17.67335753853584,49.204521795273198,12.0,30.0,0.0,18.835437070575006,0.0,0.0,0.0,18.795044015150358,0.0,0.0,646.8966935037065,646.2465001489027,643.0339813725522,638.6005051950074,625.1591722636514,656.3305969341451,659.8647571434156,654.0287843307391,660.07658654647,0.0,82.26286181053236,82.26286181053236,60.0,0.0,60.0,60.0,16.0,16.0,16.0,12.0,12.0,12.0,21.0,10.0,0.0,0.0,0.0,0.0,0.0,0.0,0.0,0.0,0.0,0.0,0.0,0.0,0.0,82.26286181053236,82.26286181053236,0.0,0.0,0.0,82.26286181053236,0.0,0.0,0.0007300000000000001 
 04/20  14:20:00,13.186666666666668,76.66666666666667,8.326666666666668,234.16666666666669,313.1666666666667,0.0,0.0,0.0,0.0,0.0,0.0,0.0,0.0,0.0,0.0,249.0,0.0,1322.9657096501822,89.18770425470012,228.54162907939824,39.66889190739154,1055.8492856872902,0.0,89.18770425470008,121.92635346003229,0.0,0.0,18.82627926295834,178.01336645109769,20.535591701246064,-436.2078646191949,18.611907644303245,135.303589916075,18.949162904427504,-9.650535384250361,16.54597213446601,15.201741536480228,19.998051647382839,-208.60998991637553,17.654881188278723,143.84040712817387,16.748995391488998,84.97424810915425,17.58280604315057,119.76773565861595,-6.919929516738193,-126.39512201384423,0.0,0.0,0.0,0.0,0.0,0.0,0.0,0.0,0.0,0.0,0.0,0.0,0.0,0.0,0.0,0.0,0.0,0.0,0.0,0.0,0.0,0.0,2.0182347262701358,0.6160667662607252,247.789416174203,291.2853951817,3010.381521397468,1.4669369980702818,0.22389148322195999,241.4852750580834,283.3859616450537,3165.9525022822547,5.2879996262615809,0.9992440714780012,241.88085263773935,284.74765526538746,2772.034548596825,2.527445268667256,0.47759736747302636,39.02719067056484,45.93243835385552,470.70665578504096,1.1537945562000909,0.3604106277176459,4.295567611367573,5.093450841469178,38.17042681352149,1.7038332175316633,0.3173464737440237,71.48028259193322,83.94191559600017,927.3509491969461,0.183784286426768,0.06697678076777258,163.78686271066807,193.30650577284318,1611.1586504874568,1.1341934464523059,0.3420710102902299,22.651475291378387,26.838970040646438,179.59527365035886,1.258267668040909,0.21761806780368535,71.00965344662646,83.90913352349942,659.8873711998485,0.0,0.0,281.37526876053547,331.1909696161847,3178.1239007343358,1.1689410733389199,0.13943353889651334,79.97809641603569,94.1340006089375,926.9251936255262,0.0,19.23404100795102,44.81724674047036,22.0,30.0,0.0,19.73754604483605,43.445852437219979,16.0,30.0,0.0,18.806199994422476,46.168807339092918,22.0,30.0,0.0,18.863562433436223,46.223849009762847,16.0,30.0,0.0,16.65097508921557,53.90630840370723,12.0,30.0,0.0,19.534012265027465,43.968335673085828,16.0,30.0,0.0,18.079269815244218,48.03634753475347,10.0,30.0,0.0,16.92637347716735,51.908414259593197,12.0,30.0,0.0,17.726266650406858,49.141613135164579,12.0,30.0,0.0,18.8569713941793,0.0,0.0,0.0,18.880348276041177,0.0,0.0,644.8475439025119,644.2468363207588,640.899791081692,634.9168926789884,621.2821145642381,652.8220479097336,656.3359442648897,650.6495440608153,656.4859563031852,0.0,82.26286181053236,82.26286181053236,60.0,0.0,60.0,60.0,16.0,16.0,16.0,12.0,12.0,12.0,21.0,10.0,0.0,0.0,0.0,0.0,0.0,0.0,0.0,0.0,0.0,0.0,0.0,0.0,0.0,82.26286181053236,82.26286181053236,0.0,0.0,0.0,82.26286181053236,0.0,0.0,0.0007633333333333333 
 04/20  14:30:00,13.149999999999999,77.0,8.29,221.0,317.0,0.0,0.0,0.0,0.0,0.0,0.0,0.0,0.0,0.0,0.0,249.0,0.0,1302.8230267795105,85.51221360431208,219.12327972132406,39.06490787344441,1039.7734564948385,0.0,85.51221360431204,116.90167908453238,0.0,0.0,18.850198781409007,179.85766693604274,20.570224215631094,-439.6734172386532,18.62399549079887,140.70057925772563,18.94959399252452,-7.977514709249135,16.579077612212484,15.594746436876136,20.058729467333636,-210.8681782105814,17.696167031104545,146.0097558696807,16.775554388617065,88.05094225713208,17.623609688877246,123.12385781680314,-6.354497761200037,-129.17716000861084,0.0,0.0,0.0,0.0,0.0,0.0,0.0,0.0,0.0,0.0,0.0,0.0,0.0,0.0,0.0,0.0,0.0,0.0,0.0,0.0,0.0,0.0,2.0339308549798407,0.6208580143406107,247.70741452815904,291.1035270410596,3041.446754869307,1.4760120300222249,0.22527656135870345,241.6792271391822,283.53099475260748,3199.156055897157,5.331196790827384,1.0074068009877904,237.42153674255517,279.4234726793064,2749.765997309201,2.549548933373258,0.48177417486267146,31.27129003016963,36.79575454369204,385.8496247848032,1.149855177499282,0.3591800845999422,4.312395435081304,5.111800177555172,39.00536136612438,1.6938399870861499,0.31548519036806668,71.85718067397778,84.35036000083123,945.8136255205365,0.18232128621939687,0.06644361742689388,164.01329262585376,193.5020736237171,1641.2099663948393,1.1254754582923033,0.33944167838312147,22.876412731296946,27.096740801589726,184.67942835387923,1.253924488312401,0.21686691254105856,70.87635042476212,83.72071430448134,670.8209860335589,0.0,0.0,271.11595485703625,319.0314463006322,3092.0615162722044,1.1127013763516263,0.13272515970079633,80.04027180800179,94.16577721260414,943.9180569784513,0.0,19.2631130387571,44.802508398236749,22.0,30.0,0.0,19.765884161414758,43.43507716624272,16.0,30.0,0.0,18.827232405982984,46.179343484169027,22.0,30.0,0.0,18.86870792421329,46.36367357762457,16.0,30.0,0.0,16.68316216157473,53.9184279536044,12.0,30.0,0.0,19.594193521563036,43.89152477702017,16.0,30.0,0.0,18.12912775804414,47.98098689943201,10.0,30.0,0.0,16.962484790497773,51.88795317823188,12.0,30.0,0.0,17.775616473954388,49.087221294235778,12.0,30.0,0.0,18.876840026684396,0.0,0.0,0.0,18.950691766360447,0.0,0.0,642.7520279553443,642.1823779454252,638.7443458864887,630.5612241822988,617.742915054544,649.4766926623104,652.9598878182821,647.4196709810763,653.033251718032,0.0,82.26286181053236,82.26286181053236,60.0,0.0,60.0,60.0,16.0,16.0,16.0,12.0,12.0,12.0,21.0,10.0,0.0,0.0,0.0,0.0,0.0,0.0,0.0,0.0,0.0,0.0,0.0,0.0,0.0,82.26286181053236,82.26286181053236,0.0,0.0,0.0,82.26286181053236,0.0,0.0,0.0007966666666666668 
 04/20  14:40:00,13.113333333333334,77.33333333333334,8.253333333333334,217.66666666666669,285.5,0.0,0.0,0.0,0.0,0.0,0.0,0.0,0.0,0.0,0.0,249.0,0.0,1220.321145375998,83.07589816893926,212.8801579771044,36.5911030499045,973.9293004808806,0.0,83.07589816893922,113.57105117572236,0.0,0.0,18.873634788319138,181.32521150182039,20.57014753074182,-435.93991269743676,18.63620169049792,145.44203795904469,18.949471026880987,-6.887811124370501,16.605907881991194,15.963844026610673,20.084231050150494,-210.33274162198087,17.736113546577234,147.54351185597717,16.801686288945374,90.49688258233062,17.66290686417226,125.50743919265051,-5.653287664797972,-129.96936819549138,0.0,0.0,0.0,0.0,0.0,0.0,0.0,0.0,0.0,0.0,0.0,0.0,0.0,0.0,0.0,0.0,0.0,0.0,0.0,0.0,0.0,0.0,2.048933602854207,0.6254376077088544,247.64744563879644,290.9493072336118,3071.8050139719905,1.4845520367259493,0.2265799811852792,241.87405190696189,283.69297457014309,3224.506318511993,5.372154331999445,1.0151463212395025,231.95534744245362,272.91825512681069,2714.494822779702,2.570356059107712,0.4857059824466574,22.876864739031249,26.91205418147711,292.27960481787309,1.1460932372064666,0.35800496789039967,4.324169544661314,5.124289448432594,39.72517414187309,1.6841268382193378,0.3136760734250955,72.15432675410612,84.67088009452702,960.4107910796818,0.18092734137475895,0.06593562003453313,164.28455268421988,193.75247479944805,1670.775347199052,1.1172128448892947,0.3369496868068647,23.081964816318519,27.331593100631485,189.57662488687536,1.2497025862132425,0.21613673230945039,70.8736267573388,83.6876070062352,682.4660456970127,0.0,0.0,259.34975390035648,305.1061314730823,2986.0807325520488,1.0602295215136273,0.12646621596154673,80.21533458168084,94.33561545924907,959.6746152866382,0.0,19.29026280747021,44.796435079406297,22.0,30.0,0.0,19.777522379387045,43.47123859574422,16.0,30.0,0.0,18.847286885433819,46.193921198435798,22.0,30.0,0.0,18.871743767264158,46.55529325291219,16.0,30.0,0.0,16.7077250911983,53.95039290260858,12.0,30.0,0.0,19.633780114216284,43.86857620987425,16.0,30.0,0.0,18.175891569093396,47.93297590584724,10.0,30.0,0.0,16.99653632340985,51.871960452154137,12.0,30.0,0.0,17.821647104898618,49.040448848251347,12.0,30.0,0.0,18.89612432345631,0.0,0.0,0.0,19.004611075175423,0.0,0.0,640.6090648085697,640.0374011886415,636.5919784402067,624.9992638806332,614.4760223600767,646.2707843764913,649.7166895595494,644.3202367772634,649.7302687477971,0.0,82.26286181053236,82.26286181053236,60.0,0.0,60.0,60.0,16.0,16.0,16.0,12.0,12.0,12.0,21.0,10.0,0.0,0.0,0.0,0.0,0.0,0.0,0.0,0.0,0.0,0.0,0.0,0.0,0.0,82.26286181053236,82.26286181053236,0.0,0.0,0.0,82.26286181053236,0.0,0.0,0.00083 
 04/20  14:50:00,13.076666666666667,77.66666666666666,8.216666666666667,214.33333333333332,254.0,0.0,0.0,0.0,0.0,0.0,0.0,0.0,0.0,0.0,0.0,249.0,0.0,1136.6259569001919,80.67932416419993,206.73887700746048,34.08151836082814,907.1327882431051,0.0,80.67932416419989,110.2947528155751,0.0,0.0,18.89067397823743,178.39805076886297,20.556901166701925,-423.0444130732867,18.64838186885714,149.75870548992863,18.94822723772762,-6.060588452985144,16.62895096911732,16.30290724549951,20.091828083854229,-206.8160557166616,17.772360513342578,147.14790142638959,16.82686114621656,92.24802131086745,17.699965403807938,126.58259486246652,-6.013142891217285,-128.4213566870185,0.0,0.0,0.0,0.0,0.0,0.0,0.0,0.0,0.0,0.0,0.0,0.0,0.0,0.0,0.0,0.0,0.0,0.0,0.0,0.0,0.0,0.0,2.0625791504184569,0.6296029152681493,244.1603721744167,286.78325433770797,3052.946002820887,1.5033297868155753,0.22944593815866536,238.45537925466074,279.6237497946536,3198.759471919805,5.4082781492873439,1.0219724393967019,227.05181930295013,267.0789091538976,2684.0790137965016,2.5878942037798358,0.48902006874146539,25.608652250019654,30.119447357150596,325.93013603763748,1.1419128303785147,0.3566991348537633,4.330729866508446,5.130720720913819,40.33043387330139,1.6738428370020533,0.3117606327066592,71.97152572160032,84.43296527549619,966.390921385983,0.17945649125905528,0.06539959593988894,164.2404035423861,193.63602198010887,1694.6651840704899,1.1087477396685915,0.3343966240078188,23.268630546045878,27.544190011048536,194.25292609749349,1.2451227282980029,0.21534464342753416,70.88402905513061,83.67117596456923,693.6678709046582,0.0,0.0,254.90745981436684,299.8060684149902,2959.9365784915705,1.0111710517870403,0.12061442736172722,80.3914170842734,94.51268609902594,972.5015007003318,0.0,19.30367494128811,44.83128832583972,22.0,30.0,0.0,19.78262118007079,43.52628217330512,16.0,30.0,0.0,18.866511389073965,46.213208188486749,22.0,30.0,0.0,18.87298020764697,46.65997612435617,16.0,30.0,0.0,16.72541579735459,54.0008183564499,12.0,30.0,0.0,19.656774275509159,43.88963278964047,16.0,30.0,0.0,18.214940512186027,47.90620616252151,10.0,30.0,0.0,17.02806286168824,51.86174583171896,12.0,30.0,0.0,17.863759029657954,49.00313620358962,12.0,30.0,0.0,18.909956989442727,0.0,0.0,0.0,19.039541939244225,0.0,0.0,638.3794951139108,637.8441216801411,634.4161866686892,621.9627899267748,611.4346966849404,643.1751034377878,646.5936960419084,641.3460565874499,646.5664414023303,0.0,82.26286181053236,82.26286181053236,60.0,0.0,60.0,60.0,16.0,16.0,16.0,12.0,12.0,12.0,21.0,10.0,0.0,0.0,0.0,0.0,0.0,0.0,0.0,0.0,0.0,0.0,0.0,0.0,0.0,82.26286181053236,82.26286181053236,0.0,0.0,0.0,82.26286181053236,0.0,0.0,0.0008833333333333333 
 04/20  15:00:00,13.04,78.0,8.18,211.0,222.5,0.0,0.0,0.0,0.0,0.0,0.0,0.0,0.0,0.0,0.0,249.0,0.0,1052.3029942654944,78.32590993670523,200.7081967829215,31.55311110797143,839.8352663625447,0.0,78.32590993670519,107.07745714306914,0.0,0.0,18.905043773461224,176.02061434932149,20.531370591888846,-410.62888845199998,18.65768152239698,150.27917736517976,18.94622965860229,-4.994302405684266,16.64923409326354,16.498445886435634,20.084873870411497,-201.66018554524727,17.804108364367484,145.5546472967253,16.850375446500647,92.98868863376015,17.73363057557282,125.19906383051466,-5.440693914080839,-124.33413221829369,0.0,0.0,0.0,0.0,0.0,0.0,0.0,0.0,0.0,0.0,0.0,0.0,0.0,0.0,0.0,0.0,0.0,0.0,0.0,0.0,0.0,0.0,2.0745958845253655,0.6332710270223948,242.08371879536876,284.279932542023,3048.778621445062,1.5180574146843975,0.2316937446099508,236.49221759834345,277.2710887801358,3187.2158672143525,5.4359051373763169,1.027192958687891,215.6951165783667,253.66024114536726,2574.514662556472,2.6011213649739735,0.4915195323080069,33.32618407075427,39.18917677086204,417.86074168222339,1.1413854601250047,0.35653440028894348,4.316182640768053,5.112221763186862,40.76112218822036,1.6694601284420077,0.3109443338502529,71.56740296242335,83.93966057399088,967.4633666079453,0.1789910001583335,0.06522995632592327,163.38297219164739,192.56652279737743,1707.423851261363,1.1060831308455035,0.33359298205856138,23.3780095035446,27.665543619042539,198.21789100618745,1.2448513677699558,0.21529771147871938,70.42726402142786,83.10519768311097,699.5068616028274,0.0,0.0,252.99017420485729,297.4761692394474,2962.5148679576348,0.9761388454353162,0.11643571842730553,80.0354222083291,94.07029884693648,976.1519120914104,0.0,19.312399002566939,44.87987083957484,22.0,30.0,0.0,19.777524214726399,43.62782542673288,16.0,30.0,0.0,18.87932910782702,46.234704644620638,22.0,30.0,0.0,18.873226018351578,46.675040038345247,16.0,30.0,0.0,16.739010721706746,54.06359610061662,12.0,30.0,0.0,19.665656996659153,43.94839109463892,16.0,30.0,0.0,18.245852468091998,47.902596049638407,10.0,30.0,0.0,17.055909582012587,51.863588880661939,12.0,30.0,0.0,17.899947213664388,48.983147170428349,12.0,30.0,0.0,18.923861536031838,0.0,0.0,0.0,19.055838148801564,0.0,0.0,636.1223040701303,635.1493584342704,632.6672453615057,621.4321725659584,608.5191587907746,640.1605821979232,643.5717662523704,638.4328432384497,643.4948032867201,0.0,82.26286181053236,82.26286181053236,60.0,0.0,60.0,60.0,16.0,16.0,16.0,12.0,12.0,12.0,21.0,10.0,0.0,0.0,0.0,0.0,0.0,0.0,0.0,0.0,0.0,0.0,0.0,0.0,0.0,82.26286181053236,82.26286181053236,0.0,0.0,0.0,82.26286181053236,0.0,0.0,0.0009366666666666668 
 04/20  15:10:00,12.958333333333334,78.33333333333333,8.308333333333334,207.66666666666669,191.0,0.0,0.0,0.0,0.0,0.0,0.0,0.0,0.0,0.0,0.0,2500.0,0.0,905.8238682444844,76.21970994449369,195.31099599706574,27.160985024339156,722.9316108161577,0.0,76.21970994449365,104.19812207268169,0.0,0.0,20.01120669858171,-653.2099097807593,20.656293557256775,325.4274668844323,20.112582871161448,-1728.624130896218,19.279010308991248,1024.705086930653,16.66584242926443,23.51017095064543,20.050914801550414,-185.0591748513646,17.896581158513606,256.2953745193616,16.87315891066121,100.99468194209264,17.765210762009546,150.85439720470405,77.42448301916066,-120.919078159931,0.0,0.0,0.0,0.0,0.0,0.0,0.0,0.0,0.0,0.0,0.0,0.0,0.0,0.0,0.0,0.0,0.0,0.0,0.0,0.0,0.0,0.0,2.37133847524713,0.7238517934209798,313.73169712098379,367.5735805673687,5077.34488537687,2.2319054966970834,0.34064491707830948,263.9250188645666,310.07655896871537,3822.7374113518346,5.524425781700942,1.0439202157409194,471.7925499752288,552.1406604005381,7934.407631525368,3.061777115182468,0.5785671041539054,369.569934590108,435.03829459982958,4962.98929348685,0.5796307787041151,0.18105917702127703,6.171551365852117,7.339853275352626,51.670984398828867,0.6399791407782024,0.11919894594490638,68.64066012920873,80.86821767908497,925.9500445975999,0.03714719635298615,0.01353760800035938,189.3448298140647,223.97500495954817,2066.406514172261,0.4110570447338825,0.1239741765559111,25.44880945680118,30.242984394993127,214.79022314846385,0.616783782230593,0.10667308582334709,82.41892154745959,97.64222483555675,829.1645736644705,0.0,0.0,633.9298244834466,746.2055902875604,8423.412711070405,0.06538150706616772,0.00779883188002239,94.16593550677152,111.12793070803447,1151.8276627377905,1929.4784385870995,20.94704704952762,40.930597150677289,21.999999999999998,30.0,0.0,20.121829079737009,43.00446926432494,15.999999999999999,30.0,4117.1631688807669,21.150942151563727,40.46186058011862,21.999999999999998,30.0,0.0,19.54314236853302,44.70613231900969,15.999999999999999,30.0,0.0,16.75186271137041,53.954070732046279,12.0,30.0,0.0,19.66782657982752,44.018519390161049,15.999999999999999,30.0,0.0,18.39943061669232,47.636583075541768,10.0,30.0,0.0,17.082091656969366,51.76501573198854,12.0,30.0,0.0,17.933221134351549,48.94808701519651,15.999999999999999,30.0,0.0,19.53252820785782,0.0,0.0,0.0,19.065798205444755,0.0,0.0,625.7148738785679,626.6862482104045,624.9018889799368,623.5342284312801,609.9227971075784,637.2869413876056,637.0708961730783,638.2346499779487,640.9803575827893,10568.039645539451,81.01701124300861,84.60250981311542,60.0,0.0,60.0,60.0,16.0,16.0,16.0,16.0,12.0,12.0,21.0,10.0,1.0,0.0,1929.4784385870995,0.0,4117.1631688807669,0.0,0.0,0.0,0.0,0.0,5426.053591907743,3255632.1551446455,4232433.969349608,81.01701124300861,84.6634034818742,0.3508684530635914,0.7673808479552728,0.3602813740196596,84.6634034818742,0.3542647819438876,4232433.969349608,0.22107656640617963 
 04/20  15:20:00,12.876666666666667,78.66666666666667,8.436666666666668,204.33333333333332,159.5,0.0,0.0,0.0,0.0,0.0,0.0,0.0,0.0,0.0,0.0,1000.0,0.0,822.981757877178,73.75911046535481,189.0056739217176,24.676982444164346,656.8159635395123,0.0,73.75911046535478,100.83429603495466,0.0,0.0,20.539911455464325,-1227.8551473785297,21.085329169707735,274.2540919672522,20.46860080820764,-896.5679252796931,19.89723132346192,504.8395242376323,16.69849641620103,27.542572382472835,20.044468151866906,-149.32690498767875,18.105315613526359,234.26950262312995,16.920849207953148,109.69955104125083,17.834947378434529,177.11785700304348,177.89327905009123,-97.6860199609722,0.0,0.0,0.0,0.0,0.0,0.0,0.0,0.0,0.0,0.0,0.0,0.0,0.0,0.0,0.0,0.0,0.0,0.0,0.0,0.0,0.0,0.0,2.605614973132952,0.7953647659135996,396.2856406125672,463.28935214796499,6934.492509238734,2.318799221308062,0.35390708505922799,265.9984086122291,311.8203081698418,4253.234563555089,5.971729028815176,1.128444638853964,380.49307478365258,444.99034907453429,6584.313977504635,3.0950690349092078,0.5848580942761161,336.47783339551605,394.8960079520646,5124.221671849058,0.29387079627837278,0.09179637534726344,6.8685552852272508,8.163578307379009,56.49426476811041,0.038743721739660969,0.00721618955851387,63.81373266271094,75.10768512453328,868.6707092062518,0.0,0.0,210.84499889892244,248.96260612472075,2457.3603248578776,0.0525692448870796,0.01585480392693664,28.579804262474469,33.92729708628442,246.39159754026867,0.15179103463569086,0.026252340822499277,100.00891812489329,118.34842525868243,1035.7612685146633,0.0,0.0,604.8030453425977,710.5720736409062,8777.169377375938,0.0,0.0,115.09945400102065,135.71933973487004,1428.0102776809495,1787.9342441593349,21.7392954562889,39.04972363991229,22.0,30.0,0.0,20.896498217886476,41.1247580332482,16.0,30.0,1575.1709414703308,21.49817099749926,39.70651920613854,21.5,30.0,0.0,20.47327040884931,42.26981513684656,16.0,30.0,0.0,16.788287451310393,53.60061453145535,12.0,30.0,0.0,19.708249088952014,43.94892735713426,16.0,30.0,0.0,18.70315071586587,46.80950574347414,10.0,30.0,0.0,17.150966525742697,51.51475360588413,12.0,30.0,0.0,18.031560836637405,48.73156248674053,16.0,30.0,0.0,20.22984523745716,0.0,0.0,0.0,19.075714477325943,0.0,0.0,622.8528391391658,622.6584101854971,620.7956264043437,620.7336385730912,615.2889758233562,635.2654599871949,634.2559236044651,637.9328974803923,637.5928887315478,9778.038222359257,81.539428878769,83.31484895977889,60.0,0.0,60.0,60.0,16.0,16.0,16.0,16.0,12.0,12.0,21.0,10.0,1.0,0.0,1787.9342441593349,0.0,1575.1709414703308,0.0,0.0,0.0,0.0,0.0,2686.831777937406,1612099.0667624437,2086665.8213655614,81.539428878769,83.34500148674461,0.34456105926458027,0.7680515844880965,0.36028137401965956,83.34500148674461,0.3542647819438875,2086665.8213655614,0.10954662271100918 
 04/20  15:30:00,12.795,79.0,8.565,201.0,128.0,0.0,0.0,0.0,0.0,0.0,0.0,0.0,0.0,0.0,0.0,1001.0,0.0,741.4245314852556,71.34629076154906,182.82279285770376,22.231507608091137,591.7257807016986,0.0,71.34629076154903,97.53578857251994,0.0,0.0,20.409784443925678,-191.121415131086,21.22754910813588,-5.294342280764923,20.574530625993896,-313.60706796897036,20.021697522951308,243.9945552086425,16.730263180453144,27.759560101158877,20.048661701624554,-119.84472792295617,18.17930071691923,174.8927444142687,16.970298948967053,111.68376725829978,17.909394034114599,180.31989148247215,215.9253777466538,-60.07442784497766,0.0,0.0,0.0,0.0,0.0,0.0,0.0,0.0,0.0,0.0,0.0,0.0,0.0,0.0,0.0,0.0,0.0,0.0,0.0,0.0,0.0,0.0,2.6016088680766367,0.7941419011222946,243.80892815143759,285.81178236454158,4087.447751851278,1.939385508020265,0.2959990091606021,95.543719573581,111.91511915879403,1605.8056607711774,5.988256264647089,1.1315676992908337,315.8928423765152,369.74549808146778,5469.930710032691,2.8188939894215228,0.532670821886153,201.11188421685484,235.74354945953503,3158.6243426287035,0.22382798462227006,0.06991711306401605,6.50691414974594,7.733534955256663,54.608363908723188,0.0,0.0,58.55771941191117,68.88451535430595,812.9940644934525,0.0,0.0,210.8807934449216,248.95945311413966,2520.5544081648165,0.0,0.0,29.684373714742589,35.23289676416272,264.12147352046488,0.08345881797892044,0.014434247315620965,106.13051476448033,125.58093674744751,1135.801127743609,0.0,0.0,404.44875213996508,474.6653677118178,6244.19910236183,0.0,0.0,122.91924751792473,144.96408944771398,1549.9934185910077,560.9904727716972,21.24852925693131,40.46270444360505,21.25,30.0,0.0,21.13123674461749,40.731981299899619,16.0,30.0,963.262587185787,21.489425374474047,39.91943808220168,21.25,30.0,0.0,20.59036383517893,42.16575949018649,16.0,30.0,0.0,16.820501213482318,53.33342446075582,12.0,30.0,0.0,19.768460847826057,43.85814058237384,16.0,30.0,0.0,18.773472965449206,46.726961436070798,10.0,30.0,0.0,17.218191254059979,51.383628954702889,12.0,30.0,0.0,18.13256771725296,48.544554903133839,16.0,30.0,0.0,20.5831828846079,0.0,0.0,0.0,19.098456517070397,0.0,0.0,615.8783142343365,616.2136411900908,614.1368386871384,614.4039289642241,618.7307935801603,632.1931620146454,629.9772282466687,634.5490774758577,633.125504470456,5361.629537564513,80.4865803920907,83.97023888944656,60.0,0.0,60.0,60.0,16.0,16.0,16.0,16.0,12.0,12.0,21.0,10.0,1.0,0.0,560.9904727716972,0.0,963.262587185787,0.0,0.0,0.0,0.0,0.0,5272.09191470873,3163255.1488252377,4633117.531470325,80.4865803920907,84.0294029756842,0.17573639715695767,0.34610695301303009,0.18014068700982978,84.0294029756842,0.17713239097194376,4633117.531470325,0.24201211163645693 
 04/20  15:40:00,12.713333333333335,79.33333333333333,8.693333333333334,191.83333333333332,145.33333333333332,0.0,0.0,0.0,0.0,0.0,0.0,0.0,0.0,0.0,0.0,753.0,0.0,754.9937492678507,69.05170311604354,176.94301896393967,22.638370221499046,602.5551876573671,0.0,69.0517031160435,94.39891329751602,0.0,0.0,20.75178431934299,-827.1459451399833,21.31616328952564,219.05252897001069,20.467711073440794,-3.1557953409853,20.048065359291706,357.6973274563379,16.767724784026897,30.42591418632077,20.066206163879888,-125.40374278899185,18.257187156457719,251.3846048421703,17.010758531843963,110.03874591515342,17.957833641385319,159.7393496211739,207.61896102907867,-49.28459293633421,0.0,0.0,0.0,0.0,0.0,0.0,0.0,0.0,0.0,0.0,0.0,0.0,0.0,0.0,0.0,0.0,0.0,0.0,0.0,0.0,0.0,0.0,2.5854637288061914,0.789213592431683,383.8849615734963,448.18503366737107,6791.313837309111,1.9847006880649599,0.3029152454311602,193.7892255396457,226.57650246325316,3325.5992655084799,6.004232616324773,1.134586662192891,305.1476187289195,357.1624391413941,5227.487171151513,2.92532957485158,0.5527833663740707,288.08470461897857,337.757218967219,4546.5502588718259,0.026089689266790115,0.008149632215782006,7.3712381873885539,8.752775904591195,61.74818598226402,0.0,0.0,60.23120833384159,70.81741778694642,848.8977947706535,0.0,0.0,216.30645394831169,255.06756463973793,2668.8075272728185,0.0,0.0,30.641706452650618,36.3350652104961,280.60639206394179,0.0,0.0,104.5682289654892,123.59849962490054,1146.026011719281,0.006864687235633105,0.004708290285070722,483.56877537308835,566.8549561075557,7555.136442522555,0.0,0.0,121.93245881263636,143.68976944926443,1548.1018929811795,1092.9722118261546,21.72916764647624,39.36972532230651,21.666666666666687,30.00000000000002,0.0,21.279631120620559,40.46037895667062,16.000000000000015,30.00000000000002,0.0,21.20759132131424,40.68482234868992,21.000000000000015,30.00000000000002,0.0,20.604457744479654,42.219021501646157,16.000000000000015,30.00000000000002,0.0,16.855721801694476,53.09847476706196,12.00000000000001,30.00000000000002,0.0,19.79473089521111,43.85989724626319,19.000000000000015,30.00000000000002,0.0,18.88749101625058,46.481750039861619,10.000000000000007,30.00000000000002,0.0,17.26638363067041,51.30600722141113,16.000000000000015,30.00000000000002,0.0,18.183369386824034,48.45584825849275,16.000000000000015,30.00000000000002,0.0,20.605346602460718,0.0,0.0,0.0,19.05886774042876,0.0,0.0,613.5211563845385,612.9500090143333,611.3242960592671,611.4159386667852,621.1238940640744,629.4251641461275,627.0226208075076,631.8243135669279,630.7963600328451,5769.481536573607,81.95861861789713,81.95861861789713,60.00000000000004,0.0,60.00000000000004,60.00000000000004,16.0,16.0,19.0,16.0,16.0,12.0,21.0,10.0,1.0,0.0,1092.9722118261546,0.0,0.0,0.0,0.0,0.0,0.0,0.0,0.0,0.0,0.0,81.95861861789713,81.95861861789713,0.22666666666666686,0.5122125030268256,0.24018758267977323,81.95861861789713,0.23617652129592518,0.0,0.00114 
 04/20  15:50:00,12.631666666666668,79.66666666666667,8.821666666666666,182.66666666666669,162.66666666666667,0.0,0.0,0.0,0.0,0.0,0.0,0.0,0.0,0.0,0.0,251.0,0.0,766.0909416373087,66.66512224416133,170.82751166940543,22.97110958596921,611.4116890934531,0.0,66.6651222441613,91.13627630761137,0.0,0.0,20.249929354648509,41.79819057373243,21.277976469168274,-192.55514804949417,20.236999439437179,-181.24323546617053,20.007885867862247,233.30067757523103,16.814193498683353,27.141600629924825,20.105852797887388,-109.74499457935917,18.224466648480644,142.51972145624678,17.051868999179978,106.78990223430128,18.013912341456068,164.60226134370033,171.8454035160048,-22.089001570248,0.0,0.0,0.0,0.0,0.0,0.0,0.0,0.0,0.0,0.0,0.0,0.0,0.0,0.0,0.0,0.0,0.0,0.0,0.0,0.0,0.0,0.0,2.4927491024588295,0.7609124244379821,209.79178570958153,244.72731183342456,3517.4698879456229,1.49773191077158,0.22859156147307389,190.00092606511999,221.56435346721009,3209.9771269094806,5.705585168067587,1.0781529040188188,213.96735793966065,249.58650916199015,3642.473944046718,2.642579382997867,0.4993536249051146,228.28386337349117,266.7890246169172,3583.4962444397976,0.0,0.0,6.421442396113779,7.597312972782416,55.302327056207797,0.0,0.0,55.26556527571953,64.72914037282814,794.8341630853812,0.0,0.0,211.11243444834487,248.19584345552668,2583.636153302103,0.0,0.0,30.0753955223463,35.5337985848945,283.38302521907579,0.0,0.0,110.93149035569057,130.6418570245772,1249.636055165638,0.013128836392168043,0.009004688883517178,358.3958696042598,418.8060657666442,5576.684951153753,0.0,0.0,128.64191150467759,151.08274780949194,1653.6953872002158,278.5571151586854,21.009566356691165,41.167757048392697,21.0,30.0,0.0,21.10997698826429,40.92876245479466,16.0,30.0,615.4119010440564,21.015650212526336,41.256140613285008,21.0,30.0,0.0,20.46299863158823,42.66123637271579,16.0,30.0,0.0,16.90563480771906,52.81960584499012,12.0,30.0,0.0,19.856486657761175,43.75993918129958,19.0,30.0,0.0,18.7530839302438,46.90509540287835,10.0,30.0,0.0,17.316460395282787,51.26142103783577,16.0,30.0,0.0,18.25492148127035,48.3383420477862,16.0,30.0,0.0,20.49463072416858,0.0,0.0,0.0,19.056139083239946,0.0,0.0,611.7588572962632,611.1482229942556,608.1390659216462,608.9159539319188,623.3851272044205,626.835799779524,625.8287391737235,628.1474656185004,627.4973431509304,5248.996661888352,84.53339767496476,84.53339767496476,60.0,0.0,60.0,60.0,16.0,16.0,19.0,16.0,16.0,12.0,21.0,10.0,1.0,0.0,278.5571151586854,0.0,615.4119010440564,0.0,0.0,0.0,0.0,0.0,0.0,0.0,0.0,84.53339767496476,84.53339767496476,0.34,0.61909401046742,0.36028137401965956,84.53339767496476,0.3542647819438875,0.0,0.00118 
 04/20  16:00:00,12.55,80.0,8.95,173.5,180.0,0.0,0.0,0.0,0.0,0.0,0.0,0.0,0.0,0.0,0.0,1008.0,0.0,774.4686395822716,64.18484144515588,164.4718974529081,23.222305444714967,618.097782423516,0.0,64.18484144515586,87.74554441349231,0.0,0.0,20.78528473018846,-606.2703611561096,21.345189948964184,177.28663670351399,20.748407470930233,-801.5074520252069,20.16833013629101,547.3429580339971,16.850346185222976,30.550601366267857,20.11990548534068,-131.317416299039,18.319264607602159,258.89716162330867,17.073147092510724,101.23192246126871,18.031417128166575,128.3412801907234,203.25231057545126,-24.947831731278258,0.0,0.0,0.0,0.0,0.0,0.0,0.0,0.0,0.0,0.0,0.0,0.0,0.0,0.0,0.0,0.0,0.0,0.0,0.0,0.0,0.0,0.0,2.179288336358121,0.6652284299017464,301.06814470454017,351.30918756203536,5482.818189948954,1.4284268397636677,0.21801386443279426,215.87532376742048,252.3985449189993,3746.2778842646259,5.017857941942228,0.9481968900117592,340.11817707406279,397.29199102363716,6271.782744441033,2.4476944307118817,0.462527292273598,318.189161033889,372.86713147451357,5224.361451509088,0.0,0.0,7.710629123189342,9.154702452477095,68.07726552065739,0.0,0.0,61.60175670137827,72.42355535576513,895.5578306530466,0.0,0.0,211.6068076274304,249.51118055645726,2695.036386854783,0.0,0.0,30.212322629553364,35.822424494657777,290.18217537231598,0.0,0.0,98.56041171620103,116.47328854227723,1124.7944848236287,0.5166280865922603,0.35434025143502098,527.8249897086005,618.6093006661863,8471.847638678053,0.0,0.0,115.94956621249315,136.67298344622055,1495.3080908509283,1140.731143625298,21.775342765994,39.37757634880446,21.75,30.0,0.0,21.25597604085205,40.631977301507,16.0,30.0,1530.597388871548,21.72956096630859,39.547143717815959,21.5,30.0,0.0,20.766007648313598,41.94105439784654,16.0,30.0,0.0,16.935166127222368,52.697051666202508,12.0,30.0,0.0,19.858838059429965,43.8080149536064,19.0,30.0,0.0,18.924928489313673,46.526889245652458,10.0,30.0,0.0,17.329153297227326,51.25947337400879,16.0,30.0,0.0,18.250535658469109,48.396524851249449,16.0,30.0,0.0,20.63869055781859,0.0,0.0,0.0,18.996672946411857,0.0,0.0,608.424688422259,608.7748023317935,606.4050917078544,606.5548521195838,623.6248406278322,624.8266773797747,621.7654624788552,626.7797649635011,625.9004531770992,7103.775495574872,81.59834919970297,81.59834919970297,60.0,0.0,60.0,60.0,16.0,16.0,19.0,16.0,16.0,12.0,21.0,10.0,1.0,0.0,1140.731143625298,0.0,1530.597388871548,0.0,0.0,0.0,0.0,0.0,0.0,0.0,0.0,81.59834919970297,81.59834919970297,0.255,0.5773461597827874,0.27021103051474468,81.59834919970297,0.2656985864579156,0.0,0.00122 
 04/20  16:10:00,12.548333333333334,79.66666666666667,8.786666666666666,164.33333333333332,197.33333333333335,0.0,0.0,0.0,2.0,0.0,0.0,0.0,0.0,0.0,4.0,506.0,0.0,779.8830042974737,61.60942715958456,157.87250272442399,23.38464639397975,622.4188623233031,0.0,61.60942715958453,84.22475783071582,0.0,0.0,20.58911709586277,-281.9962556732262,21.448156856354907,-92.5051834070382,20.70528831852362,-518.2559313013917,20.295625248060796,340.53794676098917,16.89665060852097,26.159056235048,20.29027206496834,-20.43964524799445,18.31244511567329,90.44892325908995,17.098938881143945,97.54337978295928,18.055354739201929,133.73807048085178,205.90740423838725,-2.1500817772093798,0.0,0.0,0.0,0.0,0.0,0.0,0.0,0.0,0.0,0.0,0.0,0.0,0.0,0.0,0.0,0.0,0.0,0.0,0.0,0.0,0.0,0.0,1.9871588649254984,0.6065808500993586,272.82359172489398,318.5620177686887,4803.051095812765,0.5679498867627337,0.0866834381506004,235.0635922519822,274.46203098789496,4100.845592878739,4.359176611309541,0.8237295183880466,273.79611304838286,319.60465384494946,4947.720853600951,1.9503554999470832,0.36854790248433158,282.24081914059328,330.23781406540265,4699.506405465448,0.0,0.0,6.5322192201276298,7.7483665830676469,58.3012374717913,0.0,0.0,8.430082097451333,9.893099649121167,126.57578269734126,0.0,0.0,160.23489461267693,188.7914514106256,2013.2136121407173,0.0,0.0,29.858526354325087,35.35891710362968,288.2864925782824,0.0,0.0,105.16996915716607,124.13965483167867,1204.8021655893763,1.7269558087718787,1.1844690046446358,511.652576226817,598.9584586546305,8276.219905606387,0.0,0.0,123.27714417563812,145.15833950720416,1586.228722157467,796.1691788980256,21.385793323841687,40.37609641470473,21.5,30.0,0.0,21.371784868066059,40.38127322587958,16.0,30.0,0.0,21.577765316021698,40.63147035982384,21.0,30.0,0.0,20.905885505845686,41.90192857976159,16.0,30.0,0.0,16.983520057945893,52.54148868652053,12.0,30.0,0.0,20.12610777476485,44.99851582927256,19.0,30.0,0.0,18.831809427070075,46.853865294651559,10.0,30.0,0.0,17.35281301729036,51.26784040705457,16.0,30.0,0.0,18.27083722421298,48.4171102976002,16.0,30.0,0.0,20.703462682286287,0.0,0.0,0.0,18.980998276753377,0.0,0.0,608.348051112841,607.3844242735756,644.8031347537801,621.8644100848223,623.4847519334674,738.7923193073789,619.9663202983154,624.2318158357418,623.3096486727257,9947.940208638856,81.42714685395511,81.42714685395511,1744.0,0.0,1744.0,1744.0,16.0,16.0,19.0,16.0,16.0,12.0,21.0,10.0,1.0,0.0,796.1691788980256,0.0,0.0,0.0,0.0,0.0,0.0,0.0,0.0,0.0,0.0,81.42714685395511,81.42714685395511,0.34,0.7727664859752741,0.36028137401965956,81.42714685395511,0.3542647819438875,0.0,0.036624000000000007 
 04/20  16:20:00,12.546666666666669,79.33333333333334,8.623333333333333,155.16666666666667,214.66666666666669,0.0,0.0,0.0,2.0,0.0,0.0,0.0,0.0,0.0,4.0,506.0,0.0,832.484478146033,59.69127828210334,152.95730717711377,24.961867023094336,664.3994403695231,0.0,59.69127828210331,81.60250289121373,0.0,0.0,20.349324702536245,-72.50492730775295,21.485449893622126,6.4077010123651239,20.915977300899834,-606.5851094902982,20.354383432890818,410.78245332211557,16.9424658149154,27.224496456172547,20.497585403862418,-30.141423633688988,18.293192435076404,160.11757576213359,17.118731555771114,94.18060629757253,18.07495012191717,120.90004506045625,280.00077102853359,10.426887161742798,0.0,0.0,0.0,0.0,0.0,0.0,0.0,0.0,0.0,0.0,0.0,0.0,0.0,0.0,0.0,0.0,0.0,0.0,0.0,0.0,0.0,0.0,1.67409392037946,0.5110176802135105,228.67179682300796,267.4099919817286,3854.7391058920968,0.31763339650142527,0.04847884561987566,185.12298748721813,216.16429161123873,3240.7611559616946,3.769470044168636,0.7122959267136503,290.6858851896718,338.8255807397238,5382.757560109032,1.6117768746437718,0.3045685704164345,299.39426586079426,350.02372371169886,5016.241098249867,0.0,0.0,7.085873002443586,8.402155754031128,63.87721183399968,0.0,0.0,9.216016599834802,10.798987340076304,143.5111523511246,0.0,0.0,162.289102766435,191.24856342090795,2025.2829893650274,0.0,0.0,30.070528562553944,35.60659866691442,291.16889090942768,0.0,0.0,104.19956312573442,123.00940133037618,1196.034755346142,5.26353496320757,3.6101062847788558,476.03796107046977,556.9483703065172,7844.748933552187,0.0,0.0,122.78005276894342,144.6046675658642,1573.8672197930635,58.70594658028874,21.00892541612145,41.548252711066137,21.0,30.0,0.0,21.39922274499324,40.632307922418707,16.0,30.0,0.0,21.819790062430508,40.46940055487106,21.0,30.0,0.0,20.97674224141179,42.3212659560123,16.0,30.0,0.0,17.0275031415624,52.4594747240553,12.0,30.0,0.0,20.4050400906145,46.241806629821329,19.0,30.0,0.0,18.787458739123769,47.19616795315385,10.0,30.0,0.0,17.365630429977708,51.42760755614998,16.0,30.0,0.0,18.281043994802706,48.60299846432332,16.0,30.0,0.0,20.795150737332987,0.0,0.0,0.0,18.952718499271833,0.0,0.0,616.3920675243239,620.1140925809236,660.5047589714782,647.5253117966441,622.6636976264845,858.1570611074492,619.7564370666438,624.6431946206915,623.7659915971115,4907.366202350013,81.62143470280643,81.62143470280643,1744.0,0.0,1744.0,1744.0,16.0,16.0,19.0,16.0,16.0,12.0,21.0,10.0,1.0,0.0,58.70594658028874,0.0,0.0,0.0,0.0,0.0,0.0,0.0,0.0,0.0,0.0,81.62143470280643,81.62143470280643,0.17,0.3092038228419876,0.18014068700982978,81.62143470280643,0.17713239097194376,0.0,0.03788355555555556 
 04/20  16:30:00,12.545,79.0,8.459999999999999,146.0,232.0,0.0,0.0,0.0,2.0,0.0,0.0,0.0,0.0,0.0,4.0,1016.0,0.0,829.042033378321,56.99814040906889,146.05623933690627,24.858639294099207,661.6519780707043,0.0,56.99814040906886,77.92077923919031,0.0,0.0,20.873887009638254,-561.3076229395756,21.52736484356169,84.18206094730113,21.02257476092872,-668.9451339354009,20.439597252598554,397.8090211144854,16.983133447116168,27.289951692182187,20.646618886058829,-42.82170445733756,18.3176317672254,209.54179583874157,17.134928843739514,89.38468538250638,18.07930030113331,95.49004161240487,312.9702095255616,-2.382794829241334,0.0,0.0,0.0,0.0,0.0,0.0,0.0,0.0,0.0,0.0,0.0,0.0,0.0,0.0,0.0,0.0,0.0,0.0,0.0,0.0,0.0,0.0,1.5072765491644318,0.46009662672906956,261.43085748211777,305.09870281376217,4802.453968437153,0.3045412529024095,0.046480655204885468,212.62511256917933,248.48128326179615,3734.0444576910388,3.3485746538263525,0.6327616503829089,290.15852335840239,338.59865002770268,5403.580442565906,1.3092530132460274,0.2474023078696196,297.45045871109428,348.0583183134086,5036.1778484901719,0.0,0.0,7.765881047467696,9.212415553304421,70.62164075813729,0.0,0.0,10.782602041735263,12.6250889247405,172.36890452431576,0.0,0.0,150.7347058796678,177.73934066030024,1889.5639596322272,0.0,0.0,29.41898393988384,34.86768410706987,285.29215678552768,0.0,0.0,89.72925929891012,106.0121531769412,1027.2539911038294,7.471361492312358,5.1243905982938,505.6674993005814,592.1519799242384,8407.020194014025,0.0,0.0,107.43303433828628,126.6600942023669,1361.4509829548734,1087.8986558658858,21.812717344059885,40.00271740564688,21.75,30.0,0.0,21.426735638182039,40.90455843096322,16.0,30.0,0.0,21.890420970110485,40.60472127035835,21.0,30.0,0.0,21.077792285742249,42.50449799633631,16.0,30.0,0.0,17.064231857818986,52.43143003566192,12.0,30.0,0.0,20.597056647245503,47.08013951658779,19.0,30.0,0.0,18.816221234558105,47.40980974648102,10.0,30.0,0.0,17.372321456465593,51.605768377917687,16.0,30.0,0.0,18.26551220748948,48.83706603576008,16.0,30.0,0.0,20.837777747324834,0.0,0.0,0.0,18.878512155202406,0.0,0.0,632.9835353260247,633.2964082712481,671.8075951142491,664.5039380043392,622.7716401331567,935.7311945029576,625.5915982169166,626.4830741278513,626.1518395831238,7195.508979470083,82.10313560556318,83.8194839331897,1744.0,0.0,1744.0,1744.0,16.0,16.0,19.0,16.0,16.0,12.0,21.0,10.0,1.0,0.0,1087.8986558658858,0.0,0.0,0.0,0.0,0.0,0.0,0.0,2597.5247043026886,1558514.822581613,2017355.9006958942,82.10313560556318,83.84863322567824,0.2565841568100896,0.5758206173672362,0.27021103051474468,83.84863322567824,0.2656985864579156,2017355.9006958942,0.14404561794729763 
 04/20  16:40:00,12.543333333333333,78.66666666666667,8.296666666666667,134.16666666666667,242.5,0.0,0.0,0.0,2.0,0.0,0.0,0.0,0.0,0.0,4.0,510.0,0.0,802.0492423932751,53.207571860343957,136.3430230192159,24.049260377283355,640.1091753732976,0.0,53.207571860343929,72.73878465206131,0.0,0.0,20.324365677696766,78.8462374153678,21.59685115832991,-122.53031863259048,21.125183226659858,-691.9025236317821,20.51276279492158,387.7807551480182,17.02917844557352,25.063584662780799,20.780788100289244,-31.954357738946756,18.35964269950484,104.66474964347163,17.152851234754367,86.23190546353976,18.08810178045036,106.38469278955108,308.58411755982527,22.624253961482738,0.0,0.0,0.0,0.0,0.0,0.0,0.0,0.0,0.0,0.0,0.0,0.0,0.0,0.0,0.0,0.0,0.0,0.0,0.0,0.0,0.0,0.0,1.4777467574592425,0.4510826487970826,264.78124210419829,309.4972170317139,4406.4705376357819,0.2628070493704989,0.04011096602113842,225.4167469131135,262.9149606959319,3980.606274341708,2.858914855408922,0.5402333438036514,293.45416302331457,341.8075170737163,5505.380151764246,0.9158360510174811,0.17306047827238869,294.75425818341298,344.30073255320806,5035.066448883104,0.0,0.0,6.963377888988667,8.253602944510103,63.99493390412684,0.0,0.0,9.990169900100196,11.679970097535021,163.11789452845646,0.0,0.0,154.55943607563098,182.03271572339157,1942.6513253291367,0.0,0.0,29.109161974560359,34.45697863971942,283.0857100349076,0.0,0.0,100.04084693433939,118.03348924685679,1146.0963716313289,8.818402808189675,6.048287248415416,513.6950832438677,600.7292128246058,8508.931682176899,0.0,0.0,118.35749010092842,139.35211932283534,1499.011598381483,41.08980974013447,20.904719416607088,42.43076131378635,21.0,30.0,0.0,21.500943632948244,41.026280743183267,16.0,30.0,0.0,21.975368365852419,40.61859119346792,21.0,30.0,0.0,21.164829702289528,42.48168165452433,19.0,30.0,0.0,17.113833726119894,52.48048239635304,12.0,30.0,0.0,20.78596516843255,47.780801144741108,19.0,30.0,0.0,18.835109852238863,47.51125092400672,10.0,30.0,0.0,17.384124644920179,51.83929287498199,16.0,30.0,0.0,18.2667308271689,49.098838126001897,16.0,30.0,0.0,20.79138113170687,0.0,0.0,0.0,18.872102192790288,0.0,0.0,638.9486461124161,643.2043797716015,679.7360428973407,672.2220248063259,626.3251920489884,998.9184493692116,630.7680423347619,632.5090952909227,632.9016877869792,3705.517373313951,83.26681860009322,83.26681860009323,1744.0,0.0,1744.0,1744.0,16.0,19.0,19.0,16.0,16.0,12.0,21.0,10.0,1.0,0.0,41.08980974013447,0.0,0.0,0.0,0.0,0.0,0.0,0.0,0.0,0.0,0.0,83.26681860009322,83.26681860009322,0.17,0.3078441923322876,0.18014068700982978,83.26681860009322,0.17713239097194376,0.0,0.04040266666666667 
 04/20  16:50:00,12.541666666666666,78.33333333333333,8.133333333333333,122.33333333333334,253.0,0.0,0.0,0.0,2.0,0.0,0.0,0.0,0.0,0.0,4.0,1024.0,0.0,772.0330977123967,49.3097240623864,126.35490529072134,23.149227152106215,616.1534606609026,0.0,49.30972406238637,67.41013119788144,0.0,0.0,20.92130810978444,-542.396338870748,21.576324765591644,61.90855777506795,21.200338287585774,-708.6434334156602,20.573341201239367,376.3282408482405,17.06505059622858,26.24936894037495,20.877526401900519,-48.26041426929942,18.349354633274105,204.46104500061984,17.166446656353295,84.34856023634947,18.09610287484384,89.46860725605302,356.70117486209076,17.71895862664826,0.0,0.0,0.0,0.0,0.0,0.0,0.0,0.0,0.0,0.0,0.0,0.0,0.0,0.0,0.0,0.0,0.0,0.0,0.0,0.0,0.0,0.0,1.3367601221996566,0.40804643534788057,270.9928998882658,316.2332501674413,4988.640835235563,0.2679324649411998,0.040893233354883987,221.50486945004364,258.8500788658844,3902.1593472195756,2.7297645313780656,0.5158285206685689,286.73879114440458,334.38081190959829,5400.903659518152,0.7071807333201516,0.13363203577478298,290.21961294629969,339.33663330418985,4991.601298291276,0.0,0.0,7.863676395501246,9.323948542806268,72.80880079535022,0.0,0.0,11.26856255821332,13.175933324028831,186.87964581034727,0.0,0.0,151.5632930309991,178.682023000336,1900.3839523213956,0.0,0.0,29.25155600600547,34.6598803138824,284.786640230549,0.0,0.0,91.22708250670969,107.76518797968233,1044.6096770254113,10.714259370671554,7.348600391407104,507.52371286044839,594.1625903081495,8541.895870777695,0.0,0.0,109.35887212657392,128.93147841133237,1374.919019720981,1045.6624121995429,21.836166959081113,40.50757880790928,21.75,30.0,0.0,21.464493503173025,41.389813178446349,16.0,30.0,0.0,22.01788731930973,40.84663418670992,21.0,30.0,0.0,21.232169607392849,42.66727019402539,19.0,30.0,0.0,17.145334458172529,52.587022907931018,12.0,30.0,0.0,20.910569248403239,48.28923834111414,19.0,30.0,0.0,18.815088485607466,47.975616945886709,10.0,30.0,0.0,17.38895577168686,52.13675330712498,16.0,30.0,0.0,18.26382297602135,49.41968627811522,16.0,30.0,0.0,20.891035399059996,0.0,0.0,0.0,18.82417376054093,0.0,0.0,652.6063928221757,653.0893418622518,691.3685166961417,684.4497943641343,631.5350788251071,1040.4284878403983,641.3639817478422,641.1869959684916,642.232205582279,6378.8950498365679,82.9072928842368,82.90729288423681,1744.0,0.0,1744.0,1744.0,16.0,19.0,19.0,16.0,16.0,12.0,21.0,10.0,1.0,0.0,1045.6624121995429,0.0,0.0,0.0,0.0,0.0,0.0,0.0,0.0,0.0,0.0,82.9072928842368,82.9072928842368,0.255,0.5789801371616565,0.27021103051474468,82.9072928842368,0.2656985864579156,0.0,0.04117777777777777 
 04/20  17:00:00,12.54,78.0,7.97,110.5,263.5,0.0,0.0,0.0,2.0,0.0,0.0,0.0,0.0,0.0,4.0,514.0,0.0,738.857785619738,45.30392491529282,116.0901639293771,22.154467315233725,589.6764425070323,0.0,45.3039249152928,61.93390006512763,0.0,0.0,20.377213588371605,89.02838779139438,21.635521003105337,-117.27214000348249,21.28987391268989,-724.769124639708,20.627968197060036,379.39932663329275,17.106514304379084,24.41608591296533,20.957814044550319,-36.97063435601186,18.403446727067597,103.1264678668208,17.183663036047684,81.56780328828217,18.105081428370519,97.56031518270629,349.6500700300385,45.11186565651906,0.0,0.0,0.0,0.0,0.0,0.0,0.0,0.0,0.0,0.0,0.0,0.0,0.0,0.0,0.0,0.0,0.0,0.0,0.0,0.0,0.0,0.0,1.3625974394886654,0.41593328433719947,261.8396254883662,305.95565321343886,4369.102253674087,0.24079864289146125,0.0367519296232389,221.64978582147604,258.4171447304171,3931.5278762121326,2.373105463137998,0.4484326271991683,292.0465483268415,339.9403518285482,5539.321188742513,0.38935326250596116,0.07357393471390042,290.8126739340506,339.4577650774429,5032.662603041505,0.0,0.0,7.131003239365176,8.44812641503128,66.62769776324285,0.0,0.0,10.446131087112912,12.196279012540075,175.36916751753552,0.0,0.0,155.72294159290323,183.34263148523974,1964.758279950023,0.0,0.0,29.06125737945765,34.38972316046715,283.78774488319598,0.0,0.0,100.87027406316514,118.98083389101723,1156.4166553361748,11.814119161989686,8.102962388195947,505.273026976551,590.6145038413581,8478.005438363407,0.0,0.0,119.58241671829325,140.78722544898785,1500.5999335456634,11.639532072698515,20.931262922452196,42.93849869768047,21.0,30.0,0.0,21.540010152953799,41.490550180486319,16.0,30.0,0.0,22.096250935687665,40.86643658515865,21.0,30.0,0.0,21.294335150358678,42.72020644503256,19.0,30.0,0.0,17.188599204321045,52.755006356431959,12.0,30.0,0.0,21.019466430452107,48.72525863843745,19.0,30.0,0.0,18.858026053434189,48.058937989387988,10.0,30.0,0.0,17.401760817751855,52.47435250008567,16.0,30.0,0.0,18.26813939441201,49.75959250614427,16.0,30.0,0.0,20.84735107470589,0.0,0.0,0.0,18.809355417416755,0.0,0.0,657.7042704909809,661.7013671342095,698.5317129636535,692.1130525524494,638.6880286580046,1071.8775930130042,648.9397684602184,652.2314233388033,652.9637576412117,3088.468794340546,84.20310025975837,84.20310025975837,1744.0,0.0,1744.0,1744.0,16.0,19.0,19.0,16.0,16.0,12.0,21.0,10.0,1.0,0.0,11.639532072698515,0.0,0.0,0.0,0.0,0.0,0.0,0.0,0.0,0.0,0.0,84.20310025975837,84.20310025975837,0.17,0.3070325672935324,0.18014068700982978,84.20310025975837,0.17713239097194376,0.0,0.041952888888888897 
 04/20  17:10:00,12.421666666666667,78.33333333333333,7.858333333333333,98.66666666666666,274.0,0.0,4.0,0.0,0.0,0.0,0.0,0.0,0.0,0.0,0.0,1032.0,0.0,702.3800020475834,41.18941439850905,105.54685143681819,21.060683971331984,560.5637515430772,0.0,41.18941439850903,56.309052248081588,0.0,0.0,20.912937211653934,-480.83305139221445,21.60177783229248,-3.1200891162006885,20.903870867713886,-123.36193864297744,20.67578423605068,-38.950190755058887,17.14393834018434,32.067486285688818,20.816977359126427,-298.60530537769548,18.542177832507677,301.03281544213407,17.200051492135395,88.17970293121377,18.122286184969416,115.74305160296717,342.13893616800297,82.76292465286838,0.0,0.0,0.0,0.0,0.0,0.0,0.0,0.0,0.0,0.0,0.0,0.0,0.0,0.0,0.0,0.0,0.0,0.0,0.0,0.0,0.0,0.0,1.1954273951095505,0.36490457726176758,346.3084476855649,404.54070933346886,6405.920077073893,0.23290075781809128,0.03554651370849989,174.98493453993712,204.50886618940096,3134.3661040057497,2.5994457336856029,0.491202897521845,142.1691054993774,166.336864204735,2616.3381238721128,0.24106126574814894,0.04555201544749601,15.132116972940042,17.701092578926685,268.18407911629608,0.0,0.0,9.203167350426324,10.911224496770766,88.83787534286336,0.0,0.0,85.45346869663692,100.0765261147741,1411.3815886355354,0.0,0.0,253.02008022818723,297.8785621359291,3389.5722204392479,0.0,0.0,31.845675307890724,37.720054718482177,319.37657899876,0.0,0.0,118.40989200214944,139.8113688075111,1390.0810651625628,14.061008863216362,9.64403900083427,307.86685757297348,361.01935708750968,5272.241780065082,0.0,0.0,139.6061210741969,164.52476838286445,1787.611555701069,817.4116460492585,21.668474343748828,41.45975648123656,21.5,30.0,0.0,21.495669311222323,41.90432449959646,16.0,30.0,0.0,21.500376907719106,41.88159947341636,21.0,30.0,0.0,21.249442313500184,45.96929125308008,19.0,30.0,0.0,17.225844502192158,53.18390111390676,12.0,30.0,0.0,20.746023386105695,45.20439621688054,16.0,30.0,0.0,19.135931318138025,48.99851836688558,10.0,30.0,0.0,17.41600298089831,53.08054091934394,16.0,30.0,0.0,18.288632991279245,50.56264224130703,16.0,30.0,0.0,20.631882983836584,0.0,0.0,0.0,18.8187429188924,0.0,0.0,669.2751046111519,671.7016024088284,667.4510475227542,871.646236445202,659.4499797152516,798.0850083783582,739.4800686690601,677.0449180191831,690.7674509300005,4550.063635717861,81.54612661203362,81.54612661203362,162.0,0.0,162.0,162.0,16.0,19.0,16.0,16.0,16.0,12.0,21.0,10.0,1.0,0.0,817.4116460492585,0.0,0.0,0.0,0.0,0.0,0.0,0.0,0.0,0.0,0.0,81.54612661203362,81.54612661203362,0.17,0.38513964730837038,0.18014068700982978,81.54612661203362,0.17713239097194376,0.0,0.003969 
 04/20  17:20:00,12.303333333333335,78.66666666666667,7.746666666666666,86.83333333333333,284.5,0.0,4.0,0.0,0.0,0.0,0.0,0.0,0.0,0.0,0.0,518.0,0.0,704.8155666199426,38.28374698727578,98.10112707056494,21.13369625044465,562.5073652279048,0.0,38.28374698727576,52.33678460446574,0.0,0.0,20.72095744014794,-302.3228026832412,21.58177690369941,-203.8438712797149,20.59461121017326,-34.14696577947575,20.646497050066455,-41.751334100125578,17.19023411402325,29.944994307547377,20.646897612110334,-196.14306442616295,18.60398786080571,153.03304698185549,17.227524055920275,88.89766666042977,18.153528031936334,118.35572774318416,326.14829251795666,116.39711121283153,0.0,0.0,0.0,0.0,0.0,0.0,0.0,0.0,0.0,0.0,0.0,0.0,0.0,0.0,0.0,0.0,0.0,0.0,0.0,0.0,0.0,0.0,1.153516303610262,0.3521112037882363,275.18638880607878,320.75347141737657,5032.088267609288,0.1916479257469737,0.029250293917425779,171.02563061997223,199.31706600533074,3064.663918158399,2.679502813697027,0.5063308415905192,73.74465420673278,86.15787802202246,1320.207529252234,0.1725730868821952,0.03261018270638608,12.482095705083012,14.542692453140706,221.2275201795792,0.0,0.0,8.390205444627695,9.932532108371154,83.81187360015716,0.0,0.0,74.19827646885995,86.85718640362012,1203.8092785418344,0.0,0.0,246.3784548034212,289.7064661661244,3371.9630334627024,0.0,0.0,32.51802194131964,38.46110429715449,336.0197359205737,0.0,0.0,124.16228956519214,146.40145744185123,1497.242101735689,15.47881824767136,10.616473420899427,233.46272952424313,273.17153736061177,3973.200850761452,0.0,0.0,146.69784216309894,172.66962064699687,1916.1325518531704,741.407797679271,21.407705550505506,42.24519046397866,21.5,30.0,0.0,21.430149855503758,42.2536716397601,16.0,30.0,109.29829484130736,21.044934101206608,43.63230203505384,21.0,30.0,0.0,21.155471682511963,50.62495321591438,19.0,30.0,0.0,17.27601149260138,53.7440038459561,12.0,30.0,0.0,20.479712964988754,44.90448211265294,16.0,30.0,0.0,19.164024603625458,48.52200544565453,10.0,30.0,0.0,17.450312403570515,53.90980979255585,16.0,30.0,0.0,18.331480528282037,51.165577850790999,16.0,30.0,0.0,20.393279569810095,0.0,0.0,0.0,18.832671542412009,0.0,0.0,666.8953113179287,665.967789993879,688.0106675197715,1124.7777319074708,687.3657165755612,728.8279413157698,713.0174695593191,716.9846807438948,723.6975594716485,6631.1165576904099,83.61972689342159,83.61972689342159,162.0,0.0,162.0,162.0,16.0,19.0,16.0,16.0,16.0,12.0,21.0,10.0,1.0,0.0,741.407797679271,0.0,109.29829484130736,0.0,0.0,0.0,0.0,0.0,0.0,0.0,0.0,83.61972689342159,83.61972689342159,0.34,0.767443123660492,0.36028137401965956,83.61972689342159,0.3542647819438875,0.0,0.004032 
 04/20  17:30:00,12.184999999999999,79.0,7.635,75.0,295.0,0.0,4.0,0.0,0.0,0.0,0.0,0.0,0.0,0.0,0.0,1036.0,0.0,660.0483043621165,33.894277157094297,86.85323817768675,19.791355989716377,526.7789195178782,0.0,33.89427715709428,46.33604656003232,0.0,0.0,20.881582366167323,-11.57725534189035,21.510031307081684,-31.815668105077294,21.010290262939379,-503.2832895378576,20.64523495694013,-34.87642660998392,17.224794007598264,29.166172128473208,20.560010043392866,-178.68688528313113,18.607608031816914,187.2011920148725,17.243335244057968,82.9641323498509,18.166853666612029,98.50562224381838,334.1815456836216,112.14710474099002,0.0,0.0,0.0,0.0,0.0,0.0,0.0,0.0,0.0,0.0,0.0,0.0,0.0,0.0,0.0,0.0,0.0,0.0,0.0,0.0,0.0,0.0,1.1290941720003416,0.344656340659445,215.6016046688414,251.94937747027564,3948.149927410155,0.2236407796504337,0.03413320812735557,116.1175263132332,135.71216206175093,2101.856341217368,2.1669235977528116,0.4094715793183697,193.67116251087294,226.0252135125781,3704.9770078915109,0.16297584419229278,0.0307966447831241,12.87648144325016,15.043798682426785,230.28086489819888,0.0,0.0,8.49718125269731,10.068735527776596,87.40875937841463,0.0,0.0,68.82855820240398,80.70315576720553,1117.8323952395004,0.0,0.0,234.980544099471,276.66605920130265,3257.9685059385685,0.0,0.0,31.553031844565873,37.3653999456494,334.2659511250937,0.0,0.0,114.15132672283149,134.7674177321592,1405.0814776933794,17.39231814369994,11.928887615706408,174.26689542296189,204.4541144680814,3074.8317053778039,0.0,0.0,135.7259326369997,160.00998925726263,1785.3900479932916,0.0,21.4061332396397,42.68355495135076,21.0,30.0,0.0,21.341243732866937,42.81426388058788,16.0,30.0,1072.1872928962089,21.75162840225792,42.079932648574587,21.5,30.0,0.0,21.12675112277558,52.65689910225964,19.0,30.0,0.0,17.30739967888448,53.94140450130909,12.0,30.0,0.0,20.36959038789064,45.085583089769688,16.0,30.0,0.0,19.140274132129347,48.738778893861269,10.0,30.0,0.0,17.463630667393976,54.073913439964439,16.0,30.0,0.0,18.34025447829669,51.20132319994471,16.0,30.0,0.0,20.25916082300685,0.0,0.0,0.0,18.76059825734974,0.0,0.0,677.0072216366954,679.1022022003108,682.8600658477002,1233.319963874018,696.3857492803815,714.5029035078543,710.0582041340341,721.2698346500534,720.0557692966781,3843.4633407782469,82.55810475408781,82.55810475408781,162.0,0.0,162.0,162.0,16.0,19.0,16.0,16.0,16.0,12.0,21.0,10.0,1.0,0.0,0.0,0.0,1072.1872928962089,0.0,0.0,0.0,0.0,0.0,0.0,0.0,0.0,82.55810475408781,82.55810475408781,0.17,0.38267857864627816,0.18014068700982978,82.55810475408781,0.17713239097194376,0.0,0.004095 
 04/20  17:40:00,12.066666666666667,79.33333333333333,7.523333333333333,65.33333333333333,267.3333333333333,0.0,4.0,0.0,0.0,0.0,0.0,0.0,0.0,0.0,0.0,520.0,0.0,566.6402570845219,29.522677188146237,75.65109125438436,16.990540292676259,452.23072540401656,0.0,29.522677188146223,40.359737970704127,0.0,0.0,20.89535404987274,-166.5746032797215,21.475583426525888,-168.85224457731375,20.52417688917443,-119.91772112092485,20.644853730571766,-46.30055569837202,17.256220902925678,27.705044275144787,20.456620234448015,-156.40961184679328,18.619539991781559,153.4494138416976,17.254326893843609,79.78182396853618,18.169675704257654,89.70900037306274,329.1902158558123,130.80193794918706,0.0,0.0,0.0,0.0,0.0,0.0,0.0,0.0,0.0,0.0,0.0,0.0,0.0,0.0,0.0,0.0,0.0,0.0,0.0,0.0,0.0,0.0,1.0814025711123554,0.3300984649305114,204.58864130288624,238.48622998789475,3872.267817665627,0.19586142075521713,0.02989337923614425,127.15184093781949,148.29003304416183,2321.588630308681,2.2695633844680485,0.42886685269615446,180.46916645159349,210.83393043511075,3205.8412737148885,0.1061019346753945,0.02004949634833607,15.194154320650718,17.675772342809578,273.17578823687776,0.0,0.0,8.296485850444763,9.816319651524957,87.82594202636204,0.0,0.0,65.99711904982843,77.30490859795289,1073.4945383199416,0.0,0.0,232.25101021734205,273.0759430951622,3270.7743154694865,0.0,0.0,31.80611765450565,37.609395865318237,344.9929956301306,0.0,0.0,114.06949638912619,134.4851359132377,1430.116752656365,18.59111276395526,12.751106148117467,166.97100240348517,195.58764176806637,2954.1316997922956,0.0,0.0,136.2468398218457,160.43142599530365,1806.9842232335578,663.3744506436954,21.608243693646068,42.3472394465209,21.5,30.0,0.0,21.32131666324506,43.1555244211162,21.0,30.0,163.97698627244248,20.942906461376127,44.78301290453706,21.0,30.0,0.0,21.105200883233317,54.776685649897817,19.0,30.0,0.0,17.338373054340527,54.118988937224049,12.0,30.0,0.0,20.25946145607186,45.46263920314618,16.0,30.0,0.0,19.12989871251031,48.84473421664016,10.0,30.0,0.0,17.47100849576991,54.061615821916209,16.0,30.0,0.0,18.33531945546261,51.216269510531009,16.0,30.0,0.0,20.11650685801141,0.0,0.0,0.0,18.694115572127239,0.0,0.0,684.3831068727322,679.8814684969086,711.5655827937808,1345.811797205288,702.1041102412805,710.4982628738153,707.3099972888028,714.0364656435188,712.4897438832543,8436.087183615062,82.42684750412019,82.42684750412019,162.0,0.0,162.0,162.0,21.0,19.0,16.0,16.0,16.0,12.0,21.0,10.0,1.0,0.0,663.3744506436954,0.0,163.97698627244248,0.0,0.0,0.0,0.0,0.0,0.0,0.0,0.0,82.42684750412019,82.42684750412019,0.34,0.7715053075429315,0.36028137401965956,82.42684750412019,0.3542647819438875,0.0,0.004158 
 04/20  17:50:00,11.948333333333335,79.66666666666667,7.411666666666666,55.66666666666667,239.66666666666669,0.0,4.0,0.0,0.0,0.0,0.0,0.0,0.0,0.0,0.0,1040.0,0.0,477.678882634268,25.176013817108644,64.51285300822279,14.323057209984527,381.23138756768409,0.0,25.17601381710863,34.41751960128157,0.0,0.0,20.85522007963572,-54.543532001644738,21.40689093826179,-0.819469101132654,21.002790966522747,-535.7119165062311,20.64797398575063,-37.674337605470189,17.27923353399813,26.94791791579098,20.368861486540707,-144.9183458519202,18.63279926576938,156.5081600807207,17.25991388936537,73.36532791554942,18.166273051645797,75.8868637374444,387.29578448546888,144.25469638786923,0.0,0.0,0.0,0.0,0.0,0.0,0.0,0.0,0.0,0.0,0.0,0.0,0.0,0.0,0.0,0.0,0.0,0.0,0.0,0.0,0.0,0.0,1.0949812975304383,0.33424337531454159,267.9565448879412,313.37355747842499,4952.4342595771699,0.21422291343054798,0.03269580485814224,86.27061337245803,100.81955937205669,1593.901049240634,1.7574716105819524,0.3320996996564537,222.11382950998564,259.19505827932536,4348.0400832311129,0.12155750792303055,0.022970050627934718,13.493751985832898,15.763263101275843,245.96308208623257,0.0,0.0,8.354012986489803,9.89630145570224,90.67302699366134,0.0,0.0,64.13111426829346,75.2336916823705,1049.0651211214268,0.0,0.0,231.117490858595,272.10844219973668,3304.6840634413949,0.0,0.0,31.371947535694177,37.1476807239071,347.5422591492472,0.0,0.0,114.05778447152048,134.65602793681635,1453.4626396524364,20.061264283289427,13.759440523518128,224.56028017301885,263.53633689189777,4047.267452565851,0.0,0.0,135.97334689050394,160.36569927521129,1814.9633652513908,0.0,21.272964378254316,43.623819995949208,21.0,30.0,0.0,21.28748649281735,43.651195568165849,21.0,30.0,1084.5988032962519,21.755004252148347,42.662315693171027,21.5,30.0,0.0,21.096749828679607,54.94117410548739,19.0,30.0,0.0,17.35547957410649,54.2345134366235,12.0,30.0,0.0,20.187876234647697,45.75684514331031,16.0,30.0,0.0,19.121625774538069,49.0445294437277,10.0,30.0,0.0,17.46971296253474,54.146368796999897,16.0,30.0,0.0,18.32152747434369,51.35732793069516,16.0,30.0,0.0,20.25366303448658,0.0,0.0,0.0,18.618516873111689,0.0,0.0,686.7742706294724,701.7567769544181,700.0388246214563,1343.9605955385037,703.5875157775663,706.797494676809,704.5651485376991,709.7294670806462,707.954697415023,3948.453332723564,82.46227435717616,82.46227435717616,162.0,0.0,162.0,162.0,21.0,19.0,16.0,16.0,16.0,12.0,21.0,10.0,1.0,0.0,0.0,0.0,1084.5988032962519,0.0,0.0,0.0,0.0,0.0,0.0,0.0,0.0,82.46227435717616,82.46227435717616,0.17,0.3850618996983528,0.18014068700982978,82.46227435717616,0.17713239097194376,0.0,0.0041849999999999999 
 04/20  18:00:00,11.83,80.0,7.3,46.0,212.0,0.0,4.0,0.0,0.0,0.0,0.0,0.0,0.0,0.0,0.0,522.0,0.0,393.52370688670296,20.853770975844076,53.437201189519289,11.799686957087479,314.06783985491418,0.0,20.853770975844065,28.5086859474952,0.0,0.0,20.96185785807048,-256.5294219381112,21.345464729157717,-131.8230113538102,20.864517636794049,-314.7165253008284,20.654776959604424,-50.0945926450288,17.300675007030045,25.831189590979194,20.26940569754408,-132.37446779800917,18.628105889344057,142.90177473429049,17.261046922841297,70.42504814905647,18.15658885612622,68.10671210637429,368.0641674915382,163.58969605727089,0.0,0.0,0.0,0.0,0.0,0.0,0.0,0.0,0.0,0.0,0.0,0.0,0.0,0.0,0.0,0.0,0.0,0.0,0.0,0.0,0.0,0.0,1.02177598670585,0.31189743183939258,221.88118400304314,258.5810769986199,4309.739495651791,0.190499724806027,0.029075049573569449,65.52843153367901,76.30632282564757,1213.734140970667,1.9415031210292866,0.366875117352473,196.78348063577725,229.4766010477029,3767.91218567708,0.07344440307485872,0.01387838304513581,17.216886020839554,20.031238498421034,316.5270139139313,0.0,0.0,8.246905148481473,9.754877815557606,91.7415786060713,0.0,0.0,62.6492116643891,73.41255886578954,1028.951409226635,0.0,0.0,229.34787109505676,269.66377071944705,3320.7868752958795,0.0,0.0,31.65730219584872,37.43052934105502,357.8148196796816,0.0,0.0,113.33098941889034,133.62051075391777,1466.4070936823778,21.032710410657164,14.425727304977484,182.51012994763185,213.82059688277705,3308.4174058240598,0.0,0.0,135.74919709696878,159.92201858959545,1820.657961219308,746.7087383904533,21.633324662247938,42.91824886598883,21.5,30.0,0.0,21.237620398874815,44.23438815383856,21.0,30.0,966.4946985975264,21.444492287138105,44.0282635414684,21.5,30.0,0.0,21.096167615042924,55.80297469720587,19.0,30.0,0.0,17.371761823426739,54.38479134515768,12.0,30.0,0.0,20.09887978646063,46.14284126467271,16.0,30.0,0.0,19.09225083832242,49.254191560122439,10.0,30.0,0.0,17.462670222298585,54.30093993150091,16.0,30.0,0.0,18.29987723061237,51.5561281990358,16.0,30.0,0.0,20.044802292029158,0.0,0.0,0.0,18.52909798154494,0.0,0.0,700.5983239595862,715.0543506850074,728.5414260761486,1384.2217860457577,704.1212939678924,704.8158549502649,703.375981380256,706.2262378782714,705.5867274781043,10142.633247533347,81.29831783419454,84.94537077377,162.0,0.0,162.0,162.0,21.0,19.0,16.0,16.0,16.0,12.0,21.0,10.0,1.0,0.0,746.7087383904533,0.0,966.4946985975264,0.0,0.0,0.0,0.0,0.0,5519.112876519294,3311467.7259115769,4293445.005940689,81.29831783419454,85.00730984006884,0.3539704292173098,0.7715966388597195,0.36028137401965956,85.00730984006884,0.3542647819438875,4293445.005940689,0.22747114030891586 
 04/20  18:10:00,11.678333333333335,80.83333333333334,7.18,36.33333333333333,184.33333333333332,0.0,0.0,0.0,0.0,0.0,0.0,4.0,0.0,0.0,0.0,522.0,0.0,314.4170168767282,16.553066218832649,42.41674980062167,9.427694398809824,250.93344903129325,0.0,16.553066218832638,22.629296487787433,0.0,0.0,20.66159830606556,-246.37991873200759,21.44615559960517,-22.29143413826432,20.58293169895439,-423.7954215390264,20.61814235095499,193.30540361845625,17.320845110230438,27.19481971055373,20.188649891805086,-97.6419299884061,18.676581311317379,161.631450295783,17.262647650392624,69.03492548620398,18.147092983073497,68.17345087089189,429.96056783441829,230.74237357007906,0.0,0.0,0.0,0.0,0.0,0.0,0.0,0.0,0.0,0.0,0.0,0.0,0.0,0.0,0.0,0.0,0.0,0.0,0.0,0.0,0.0,0.0,0.8634680246074644,0.26357387808530666,106.02505753208352,123.63191328758754,1988.7541787789808,0.17658219999016479,0.026950885224384124,9.303183936446024,10.854438573976527,182.59875533726589,1.678691055575801,0.3172129734648151,239.43353914574795,279.57430842038959,4441.634975407641,0.23605119810371973,0.044605290646961389,252.95307793219036,295.42201361625828,4733.25409283396,0.0,0.0,8.420245335993087,9.959024086940492,96.48682149126117,0.0,0.0,55.62597472341144,65.18149727929361,924.9192792368453,0.0,0.0,245.19435958329499,288.2090179343828,3655.0354229968704,0.0,0.0,33.46245074988464,39.56828560577765,387.9923842923628,0.0,0.0,130.44471199728586,153.8191581567969,1722.4201645189265,22.798840915575814,15.637065099846242,256.26031775215338,300.2467100239729,4737.968822791623,0.0,0.0,154.30210628885158,181.7993007350213,2112.2075062933688,105.90211824725056,21.131912870668765,46.997196811759398,21.0,30.0,0.0,21.471861121498767,46.69335807310469,21.0,30.0,145.1752524592041,20.99506203805892,49.595611221062927,21.0,30.0,0.0,21.11070792876811,47.690837049196208,16.0,30.0,0.0,17.38754026597283,54.559180071808118,12.0,30.0,0.0,20.04897376110214,46.54049499949962,16.0,30.0,0.0,19.156500525789423,50.104563596904608,10.0,30.0,0.0,17.456929326746584,54.583966253644337,16.0,30.0,0.0,18.280752688014887,51.914058215312618,16.0,30.0,0.0,20.233404385598865,0.0,0.0,0.0,18.514842230446967,0.0,0.0,853.1013189770947,887.9922159957073,967.041096166497,865.2101166114622,704.5169392734131,705.9005547584394,742.8345817423974,704.6160419627538,704.4991235263397,3232.7281497374094,81.98785175030551,81.98785175030551,240.0,0.0,240.0,240.0,21.0,16.0,16.0,16.0,16.0,12.0,21.0,10.0,1.0,0.0,105.90211824725056,0.0,145.1752524592041,0.0,0.0,0.0,0.0,0.0,0.0,0.0,0.0,81.98785175030551,81.98785175030551,0.17,0.3104408412031811,0.18014068700982978,81.98785175030551,0.17713239097194376,0.0,0.00628 
 04/20  18:20:00,11.526666666666668,81.66666666666667,7.0600000000000009,26.666666666666666,156.66666666666667,0.0,0.0,0.0,0.0,0.0,0.0,4.0,0.0,0.0,0.0,1048.0,0.0,240.3144922288542,12.266297405787399,31.43201885224685,7.205750621917609,191.79284360441918,0.0,12.266297405787393,16.768958520031594,0.0,0.0,21.077088736093324,-319.62207997796477,21.579785081073177,-40.33607282726855,21.205858177354217,-998.5119436484495,20.585301480789345,341.60783174599927,17.338658676888273,26.063803879657955,20.10187345567668,-101.82411956068222,18.695736914634197,180.1279943615773,17.26477342164923,64.27358034421803,18.139521141739907,53.357914731536769,412.776419140146,230.99217673242357,0.0,0.0,0.0,0.0,0.0,0.0,0.0,0.0,0.0,0.0,0.0,0.0,0.0,0.0,0.0,0.0,0.0,0.0,0.0,0.0,0.0,0.0,0.9001169342856583,0.27476096895166615,159.9931673681088,186.38408112082844,3242.262565008101,0.14733199493404673,0.022486568213377093,12.12222103772828,14.13290988027163,246.45030140913787,1.510332205970432,0.28539913189161617,270.62484563185276,315.3883510789383,5508.450003309492,0.23845241833308274,0.045059035966190989,233.7474001854555,272.78002290389977,4450.432580740292,0.0,0.0,8.558959929222324,10.135612562489389,100.8544400653206,0.0,0.0,56.75930311360602,66.6236040099406,953.564536643222,0.0,0.0,242.66012797068005,285.564471169966,3699.3304764807755,0.0,0.0,33.24831754227327,39.36439705329886,395.26610962707499,0.0,0.0,125.8798869199492,148.61611332528418,1696.214457959441,24.187902936521007,16.589782535336775,263.37042298200597,308.343975335761,5002.333238972218,0.0,0.0,149.5484201347353,176.4706157944156,2057.3981997994549,769.3107747365664,21.820999792405673,44.79634583635647,21.75,30.0,0.0,21.72311035869491,49.13478635477786,21.0,30.0,1715.2307427442809,21.887878054146804,44.61590400615926,21.5,30.0,0.0,21.091156778287816,47.54919726383541,16.0,30.0,0.0,17.39935331566724,54.88563524462813,12.0,30.0,0.0,19.983387531564067,47.32867233976921,16.0,30.0,0.0,19.17633846983877,50.43864599243708,10.0,30.0,0.0,17.45299172111837,55.05372390099601,16.0,30.0,0.0,18.265669747060366,52.53361463284734,16.0,30.0,0.0,19.956673784608456,0.0,0.0,0.0,18.39657977216117,0.0,0.0,827.5909690940863,1070.5649724860744,792.1009959496405,837.9318891700162,712.5302683532545,728.9892444535138,753.3280798543916,716.2357035341502,723.43012189037,7399.890375156538,81.49668617399594,83.19288729254935,240.0,0.0,240.0,240.0,21.0,16.0,16.0,16.0,16.0,12.0,21.0,10.0,1.0,0.0,769.3107747365664,0.0,1715.2307427442809,0.0,0.0,0.0,0.0,0.0,2567.0639230762237,1540238.3538457342,2019438.090131194,81.49668617399594,83.22169441854365,0.25556879743587415,0.5741281674230407,0.27021103051474468,83.22169441854365,0.2656985864579156,2019438.090131194,0.11135744735348877 
 04/20  18:30:00,11.375,82.5,6.9399999999999999,17.0,129.0,0.0,0.0,0.0,0.0,0.0,0.0,4.0,0.0,0.0,0.0,526.0,0.0,170.4004351279478,7.9752578017219168,20.436354638304203,5.109397360989423,135.99502424006008,0.0,7.975257801721913,10.902782057162125,0.0,0.0,20.980319854881246,-352.36549722959128,21.666703375156609,-90.72396221925215,20.55554877961258,-208.71083427033865,20.541115172555068,51.61886670933927,17.355983241674033,23.905579420410704,20.01113248284104,-73.25968418195044,18.69992799145626,101.31136552949829,17.262480231685396,60.636656349370699,18.122082314102515,47.32658959337277,467.59788601463426,277.9557051038787,0.0,0.0,0.0,0.0,0.0,0.0,0.0,0.0,0.0,0.0,0.0,0.0,0.0,0.0,0.0,0.0,0.0,0.0,0.0,0.0,0.0,0.0,0.9751172594639493,0.29765484110621168,122.6923861091711,142.77993917462664,2514.146090799619,0.06670603898084249,0.010181019380470466,24.77179265163096,28.74827721645544,515.6179447069682,1.6299359035725055,0.30799998177862927,288.3773982767914,336.7744885089675,5464.250837016987,0.21165362582033107,0.039995016216993767,231.8957843187312,270.8730441811268,4429.468884707918,0.0,0.0,7.95863190435689,9.41331599297664,96.40241490509888,0.0,0.0,53.84630858047558,63.12609214432888,913.9979302722325,0.0,0.0,239.36965568287907,281.3557763492918,3705.0806081035436,0.0,0.0,33.416183270610137,39.50909174119066,406.78407705061627,0.0,0.0,129.8701461213734,153.1207189834975,1782.231372551554,25.019457930403445,17.160122037313756,288.358090603897,337.6099453225825,5434.6615829615,0.0,0.0,154.23861762948378,181.7935972487599,2144.3121911710916,764.4660262855077,21.552840665244497,45.815932272211728,21.5,30.0,0.0,21.90232350748886,50.96286942740713,21.0,30.0,152.50282847591775,20.90574872027978,47.14294029205141,21.0,30.0,0.0,20.989906590846748,47.35109332088754,16.0,30.0,0.0,17.41165777316513,55.36410807985946,12.0,30.0,0.0,19.915581848137597,48.255003091444489,16.0,30.0,0.0,19.138529600478685,50.67074157508897,10.0,30.0,0.0,17.442176843106645,55.75459957368787,16.0,30.0,0.0,18.236197133348094,53.198495690556807,16.0,30.0,0.0,20.13664601856039,0.0,0.0,0.0,18.31448187481798,0.0,0.0,814.0598996026602,1187.3508435502964,772.1328166244268,802.2442602519541,725.961101047287,757.4986403021042,751.2953057161082,737.5174876997063,742.8246612020397,8097.81534584563,82.65050129888826,82.65050129888827,240.0,0.0,240.0,240.0,21.0,16.0,16.0,16.0,16.0,12.0,21.0,10.0,1.0,0.0,764.4660262855077,0.0,152.50282847591775,0.0,0.0,0.0,0.0,0.0,0.0,0.0,0.0,82.65050129888826,82.65050129888826,0.34,0.7672925708471141,0.36028137401965956,82.65050129888826,0.3542647819438875,0.0,0.006413333333333334 
 04/20  18:40:00,11.223333333333333,83.33333333333334,6.82,14.166666666666668,107.5,0.0,0.0,0.0,0.0,0.0,0.0,4.0,0.0,0.0,0.0,2367.0,0.0,123.81549811333747,6.474433018769754,16.590521469971884,3.712564634093771,98.8160165002234,0.0,6.4744330187697509,8.851040794204814,0.0,0.0,21.007795198633049,-183.46328344635297,21.680857788675554,-112.0370056917262,20.999540577033295,-751.697820279735,20.453703025738297,278.5693848844228,17.36982925103305,22.210944651734768,19.935462300619137,-79.65881737918628,18.679151330266849,136.77563802241526,18.26783142611911,-14.014410263918937,18.100564017409228,18.851269269032686,477.7197374276203,271.38937758809467,0.0,0.0,0.0,0.0,0.0,0.0,0.0,0.0,0.0,0.0,0.0,0.0,0.0,0.0,0.0,0.0,0.0,0.0,0.0,0.0,0.0,0.0,0.9453222031787831,0.2885598910802153,128.3978116967178,150.19961552785674,2605.9527596653817,0.007652381388704248,0.0011679458773968663,29.23624643644087,34.05542795275661,617.7935391985398,1.4107045513892594,0.2665730444802084,290.694024083014,339.74626442001945,5986.233444484168,0.24000883055378578,0.04535314258385982,236.83125842799024,277.28133755696475,4535.670712353723,0.0,0.0,8.03367901738978,9.521075888383395,99.80161477303283,0.0,0.0,54.35316140526511,63.865210216340077,933.1648178652837,0.0,0.0,227.25483273881506,267.7388950574849,3563.2200571448049,0.0,0.0,18.8885602466241,22.294686079571784,285.42646254829676,0.0,0.0,134.056443102454,158.39338307241986,1869.7583999860968,26.04017128587896,17.860199784553516,293.15039336679009,344.3367730766522,5622.472302029407,0.0,0.0,142.68499126795389,168.6329482615485,1987.1778844686192,0.0,21.369230951822766,46.684074383399707,21.000000000000044,30.000000000000065,0.0,21.9496735484704,50.89779187271396,21.000000000000044,30.000000000000065,1059.2677007999428,21.521584773642784,45.62176066260293,21.333333333333376,30.000000000000065,0.0,20.89379201746478,47.544290274092578,16.000000000000033,30.000000000000065,0.0,17.416882282610968,55.748864386505768,12.000000000000029,30.000000000000065,0.0,19.862893207564615,48.990371946577159,19.000000000000044,30.000000000000065,0.0,19.091109385925909,51.65857529645759,10.000000000000022,30.000000000000065,1289.2841882647134,18.9925074556377,51.01790271938885,20.700000000000047,30.000000000000065,0.0,18.19887243239335,53.93162066224144,16.000000000000033,30.000000000000065,0.0,20.044420364563725,0.0,0.0,0.0,18.173586512613818,0.0,0.0,820.1066776926518,1164.5810790748388,773.14932519179,787.3948871096001,735.5390625804637,774.0187660270863,773.2524253741301,748.8286385381421,757.5593355535186,9805.676132375836,81.5212157024006,82.31430478573869,240.0000000000005,0.0,240.0000000000005,240.0000000000005,21.0,16.0,19.0,16.0,19.7,12.0,21.0,10.0,1.0,0.0,0.0,0.0,1059.2677007999428,0.0,0.0,0.0,1289.2841882647134,0.0,1200.2149812496064,720128.9887497639,932337.4834798686,81.5212157024006,82.32777407124884,0.34222938826387658,0.7699598394893505,0.36028137401966039,82.32777407124884,0.3542647819438883,932337.4834798686,0.05496154914095316 
 04/20  18:50:00,11.071666666666666,84.16666666666667,6.699999999999999,11.333333333333334,86.00000000000002,0.0,0.0,0.0,0.0,0.0,0.0,4.0,0.0,0.0,0.0,789.0,0.0,84.20622414059473,5.030831821021813,12.891328587502516,2.5248946718727067,67.20422092278187,0.0,5.030831821021811,6.877528510613708,0.0,0.0,21.094865267130893,-438.48255966669549,21.673179798684985,-123.01313748541473,21.080322017463844,-763.144126525284,20.462521348772943,305.76220117390337,17.384959816195214,21.64487941980769,19.846093143122464,-74.95251904979696,18.673701459847569,140.77011047245177,19.222988289092834,-87.39294583283942,18.065548511444236,12.990402730684775,465.27476121568159,338.97626101098498,0.0,0.0,0.0,0.0,0.0,0.0,0.0,0.0,0.0,0.0,0.0,0.0,0.0,0.0,0.0,0.0,0.0,0.0,0.0,0.0,0.0,0.0,0.9338688644619351,0.2850637559407619,121.49434976775808,141.46647081872428,2589.1614749663497,0.029798115185754104,0.004547941878167602,28.78519056965297,33.51086360591622,618.6574264667995,1.1911027983180456,0.2250761145725712,249.7121266365715,291.0611316531126,5228.725652142065,0.2482346569273562,0.0469075315433402,251.80102498954529,294.1112556543222,4924.601345217786,0.0,0.0,8.148000150669953,9.641742764988078,103.8547475159466,0.0,0.0,55.125091929155697,64.69802612511293,954.6239911903045,0.0,0.0,224.9927470317553,264.70164973706656,3587.7048042506814,0.0,0.0,24.20425320024691,28.286101821854385,461.79523830335378,0.0,0.0,144.87422329705226,170.99424292747805,2048.7544829425326,26.96591077871177,18.495137708307135,254.47692579425903,298.324444605198,4931.734396158203,0.0,0.0,145.62768211182908,171.88810898081534,2056.4703202513035,987.169142784513,21.690219739745915,45.81700296518511,21.666666666666687,30.00000000000002,0.0,21.975552387459318,50.71500455492476,21.000000000000015,30.00000000000002,1598.5650733339267,21.68294615294613,45.323751470420948,21.666666666666687,30.00000000000002,0.0,20.913849239842976,47.637551897701197,16.000000000000015,30.00000000000002,0.0,17.425338013502448,56.32154499353665,12.00000000000001,30.00000000000002,0.0,19.782265430559325,49.86532852233295,19.000000000000015,30.00000000000002,0.0,19.069915257046607,52.168696865752838,10.000000000000007,30.00000000000002,846.611719207543,20.687179129395348,46.44969446793541,20.700000000000015,30.00000000000002,0.0,18.141352483306066,54.66619678023257,16.000000000000015,30.00000000000002,0.0,19.78288410906864,0.0,0.0,0.0,18.114218077018266,0.0,0.0,809.2739145072151,1132.0984103188,769.4921632880139,790.7193363239275,749.6640312649092,791.3581386631854,785.6331921789038,764.1917772389868,769.9633759883052,7912.346328018439,82.7729789696469,82.7729789696469,240.00000000000018,0.0,240.00000000000018,240.00000000000018,21.0,16.0,19.0,16.0,19.7,12.0,21.0,10.0,1.0,0.0,987.169142784513,0.0,1598.5650733339267,0.0,0.0,0.0,846.611719207543,0.0,0.0,0.0,0.0,82.7729789696469,82.7729789696469,0.3400000000000003,0.7689306632191968,0.3602813740196598,82.7729789696469,0.3542647819438878,0.0,0.006466666666666667 
 04/20  19:00:00,10.92,85.0,6.58,8.5,64.5,1.0,0.0,0.0,0.0,0.0,0.0,4.0,0.0,0.0,0.0,1053.0,0.0,52.347468386461688,3.6508563266110944,9.355180998897476,1.5696210901406296,41.77804073520315,0.0,3.6508563266110927,4.99099738725163,0.0,0.0,21.035470580278515,-262.0290804188721,21.53294821651357,-130.3772902093241,20.750734612731799,-426.7427817334042,20.427523118289309,146.92964657295898,17.398017092730659,20.279175722556844,19.661934561229008,-55.582680982657567,18.684591229830965,78.51534632242692,18.84900118300805,-59.63289274617759,18.007514228787558,4.690196376858239,470.2403804107164,384.55691675988626,0.0,0.0,0.0,0.0,0.0,0.0,0.0,0.0,0.0,0.0,0.0,0.0,0.0,0.0,0.0,0.0,0.0,0.0,0.0,0.0,0.0,0.0,0.9788738884185733,0.29880155324132276,106.29155351408008,124.16494164197303,2216.1164375620558,0.0047929189461968489,0.0007315199856832797,30.71442106797823,35.737956553640319,666.8857527885672,1.1376790380287117,0.21498092177413304,201.318941040973,235.3555249767532,4137.043445821025,0.22888141373739882,0.043250456110619579,206.6445007921215,241.86708211782116,4109.26854841182,0.0,0.0,7.798302706762369,9.23409630202893,101.8224233152618,0.0,0.0,50.16338863564598,58.92793043994534,873.1517527343987,0.0,0.0,225.1710606168381,265.08299566036137,3649.9535252548628,0.0,0.0,26.31591050075589,30.89791458217248,473.8529547839285,0.0,0.0,151.3533156051684,178.78084476540858,2170.4265725943216,27.731630930565463,19.020322997644358,211.40259645576507,248.35439118115424,4228.259882367872,0.0,0.0,152.70677711090932,180.4346509050729,2166.0071500622118,461.12124223662667,21.429167859796789,46.80928316878589,21.25,30.0,0.0,21.94448559760958,51.12861394795016,21.0,30.0,88.34360826768118,21.222546947301816,46.59199933575117,21.0,30.0,0.0,20.950684891754059,47.53682334510216,16.0,30.0,0.0,17.429929740472994,56.78592049616874,12.0,30.0,0.0,19.672085797314968,50.45607485695225,19.0,30.0,0.0,19.050855434609138,52.491365249548447,10.0,30.0,79.20559026570477,19.945711960441949,49.185154450169637,19.7,30.0,0.0,18.087521320501009,55.268477914544238,16.0,30.0,0.0,19.806979882744679,0.0,0.0,0.0,17.99314770671032,0.0,0.0,815.4364322339561,1136.0204346525514,758.140002846187,777.0209661011893,760.6431304635883,794.1997566792331,786.7020712767414,777.4764139923595,779.4091232892614,4894.399439182116,81.24309381400741,82.92878100932625,240.0,0.0,240.0,240.0,21.0,16.0,19.0,16.0,19.7,12.0,21.0,10.0,1.0,0.0,461.12124223662667,0.0,88.34360826768118,0.0,0.0,0.0,79.20559026570477,0.0,2551.1675481309105,1530700.528878546,2470116.57807331,81.24309381400741,82.9574095740002,0.17003891827103036,0.3452872710325047,0.18014068700982978,82.9574095740002,0.17713239097194376,2470116.57807331,0.13489939539314545 
 04/20  19:10:00,10.805,85.83333333333334,6.403333333333333,0.0,0.0,1.0,0.0,1.0,2.0,0.0,0.0,4.0,0.0,0.0,0.0,1056.0,0.0,0.0,0.0,0.0,0.0,0.0,0.0,0.0,0.0,0.0,0.0,21.22237175544864,-502.39971696918158,21.469004138811035,-81.97853774425366,21.06410132772209,-814.1741736500499,20.466815035054336,442.501948976736,17.409487074539635,21.637680525099243,19.640015702311673,-24.73102722894896,18.662526529041423,129.59674962069676,19.21554591241076,-108.65204762331547,17.944194116461156,-40.73300468059006,605.7176600212388,487.1352694989873,0.0,0.0,0.0,0.0,0.0,0.0,0.0,0.0,0.0,0.0,0.0,0.0,0.0,0.0,0.0,0.0,0.0,0.0,0.0,0.0,0.0,0.0,0.9236499480340579,0.2819444285818248,177.7821093767194,207.17400788777764,3857.341862089901,0.08322409961498612,0.012702090905828164,20.25075374266521,23.581192698862706,444.46394459368175,1.032700441060138,0.19514369634545324,330.5875872027714,385.86352350146037,7193.1769853404089,0.28041666340439255,0.052988787491381809,319.22078295732816,373.3653918448718,6487.3798181632569,0.0,0.0,8.782505891189249,10.397258633633492,116.79672664692439,0.0,0.0,11.007795505761179,12.926029514654387,194.74828410568819,0.0,0.0,200.19295488262424,235.69862079845235,3274.3471044834425,0.0,0.0,32.70232539525485,38.30466693569937,628.9059860618784,0.0,0.0,161.6053716525976,190.95328002286187,2322.4596173254087,29.02234425805482,19.905585910874366,336.8376324350759,395.4735429820091,6700.545987495037,0.0,0.0,163.40187052445939,193.16992015018975,2304.1514765561025,553.4148990052084,21.83194975449534,45.69479979692818,21.75,30.0,0.0,21.900473146647529,51.92519252834936,21.0,30.0,1341.9592111445086,21.756618521817708,45.60529305286832,21.5,30.0,0.0,21.08897096184811,47.649309035059797,16.0,30.0,0.0,17.435158998377639,57.36086681299756,12.0,30.0,0.0,19.70008664074463,52.1772626037383,19.0,30.0,0.0,19.00894232314149,53.314307138164547,10.0,30.0,747.1209491813505,20.511560538029216,48.89163067479535,20.45,30.0,0.0,17.984915545026597,56.464208883444118,16.0,30.0,0.0,20.038926604477198,0.0,0.0,0.0,17.829820316658208,0.0,0.0,802.1654977879543,1162.5943406296829,778.0070757402662,792.4459741727709,772.0020874726306,894.6035021738144,795.7497717450725,841.011919879169,796.3157781148399,7058.20767988079,82.11685436069773,83.84670350635811,270.0,0.0,270.0,270.0,21.0,16.0,19.0,16.0,19.7,12.0,21.0,10.0,1.0,0.0,553.4148990052084,0.0,1341.9592111445086,0.0,0.0,0.0,747.1209491813505,0.0,2617.936326748473,1570761.796049084,2036860.705182578,82.11685436069773,83.87608208755647,0.2572645442249491,0.5765064122507101,0.27021103051474468,83.87608208755647,0.2656985864579156,2036860.705182578,0.11316175666949408 
 04/20  19:20:00,10.690000000000002,86.66666666666667,6.2266666666666679,0.0,0.0,1.0,0.0,1.0,2.0,0.0,0.0,4.0,0.0,0.0,0.0,795.0,0.0,0.0,0.0,0.0,0.0,0.0,0.0,0.0,0.0,0.0,0.0,21.226307694505935,-756.1417533400878,21.42695422356998,-109.23453286426136,20.925873929211997,-223.84391573943314,20.394150962757164,99.7426777276382,17.425429541965458,19.121034731359737,19.66248884040461,-17.06183245741582,18.643980033382357,83.01989961524697,18.86748743398958,-59.75656826045908,17.888852250058898,-35.827873339519999,550.3306853037303,479.761982703487,0.0,0.0,0.0,0.0,0.0,0.0,0.0,0.0,0.0,0.0,0.0,0.0,0.0,0.0,0.0,0.0,0.0,0.0,0.0,0.0,0.0,0.0,0.9421838490162178,0.2876019075141079,227.5342812841036,264.9167904424428,4978.929445412738,0.024660044397130908,0.003763743039855144,27.566516950123796,32.08063558823285,607.3120137680946,1.285831361889143,0.24297644782485695,250.78273139678024,292.5621078682584,5361.1340203922259,0.23845644281751966,0.04505979645077844,160.1556638960036,187.44577908226825,3256.089509520913,0.0,0.0,8.237994710467732,9.747526862856854,111.62768010773196,0.0,0.0,10.616134069762453,12.452465273196993,191.88863591332848,0.0,0.0,192.25495920442627,226.28933336798088,3168.559277895889,0.0,0.0,27.882937136138354,32.728381229272439,506.0597974152064,0.0,0.0,155.26059329554887,183.42547760688175,2243.478115491029,29.409809061814145,20.171336805085148,261.32848198289175,306.45604049776,5334.53851659428,0.0,0.0,156.7025454910252,185.31233146058416,2179.247449681501,1171.9314483504557,21.64422794621952,46.28458774657914,21.666666666666658,29.99999999999999,0.0,21.86063880413211,52.48495394827756,20.999999999999994,29.99999999999999,736.4427745515299,21.398334505163456,46.87238116783872,21.333333333333326,29.99999999999999,0.0,20.91404612299138,48.22530029958975,15.999999999999993,29.99999999999999,0.0,17.445081336922969,57.90801285963991,11.999999999999995,29.99999999999999,0.0,19.779204904957923,54.264521364938008,18.999999999999994,29.99999999999999,0.0,18.951452045330844,53.84116823139778,9.999999999999997,29.99999999999999,98.00162905839896,19.805082650118388,52.07120198285112,19.699999999999993,29.99999999999999,0.0,17.90577673276298,57.1740195816556,15.999999999999993,29.99999999999999,0.0,19.923209824585379,0.0,0.0,0.0,17.611972911489539,0.0,0.0,790.6434589971667,1179.9462575224134,786.8061660034387,789.3660294716681,783.35736441963,1028.8028242078629,803.6153215929678,880.2159253025866,804.9273732741978,8513.525233950302,82.37562180361603,82.37562180361604,269.9999999999999,0.0,269.9999999999999,269.9999999999999,21.0,16.0,19.0,16.0,19.7,12.0,21.0,10.0,1.0,0.0,1171.9314483504557,0.0,736.4427745515299,0.0,0.0,0.0,98.00162905839896,0.0,0.0,0.0,0.0,82.37562180361603,82.37562180361603,0.3399999999999999,0.7713903119021983,0.36028137401965945,82.37562180361603,0.35426478194388735,0.0,0.007155000000000002 
 04/20  19:30:00,10.575,87.5,6.05,0.0,0.0,1.0,0.0,1.0,2.0,0.0,0.0,4.0,0.0,0.0,0.0,1060.0,0.0,0.0,0.0,0.0,0.0,0.0,0.0,0.0,0.0,0.0,0.0,21.134694231530493,-436.4944096263762,21.37913674447192,-122.63675214283558,20.756454884137918,-397.6157684937657,20.29365534601381,213.58934410211988,17.44087456602993,17.52961113154221,19.669362557400967,-12.349843704644684,18.603557012629,24.32043253319307,19.292060123614627,-117.04243348694667,17.827229505945355,-65.79414344819725,524.7705364817571,546.0320239359569,0.0,0.0,0.0,0.0,0.0,0.0,0.0,0.0,0.0,0.0,0.0,0.0,0.0,0.0,0.0,0.0,0.0,0.0,0.0,0.0,0.0,0.0,1.0064511580857818,0.3072195232252082,178.50289195080959,208.43900034437918,3855.825107291071,0.007764361161596374,0.001185036807325454,30.23383223362675,35.20592824071436,669.4240808185048,1.0360969295434508,0.19578551200745487,244.33306386797762,285.67743023347836,5158.580570741529,0.2485832205774278,0.046973397690368057,228.68282145921854,267.7353701896017,4621.828426251955,0.0,0.0,7.903078252143226,9.357114772043019,109.05320626551776,0.0,0.0,10.177084692781733,11.939985868902424,187.1432815329469,0.0,0.0,191.78423400653663,225.94115603907256,3168.611375701398,0.0,0.0,32.80944082547286,38.40489467732961,647.1266689015802,0.0,0.0,160.68462796590928,189.97213105087315,2329.0487076217175,29.940585577498234,20.535381054525545,251.49379946821979,295.45492915328659,5153.137049812619,0.0,0.0,162.85008889656039,192.72238993505509,2269.6279191342939,642.0882400031342,21.478016572005016,47.056192035538767,21.25,30.0,0.0,21.806845445621325,52.459637594039339,21.0,30.0,38.45871013390404,21.223193157118769,47.43282820980605,21.0,30.0,0.0,20.774114133361409,48.841341913682828,16.0,30.0,0.0,17.454775634298117,58.38519951769163,12.0,30.0,0.0,19.823390935864244,55.96431263729055,19.0,30.0,0.0,18.85498412344405,54.456087062521749,10.0,30.0,733.965588326041,20.505455512681438,50.23715267472959,20.45,30.0,0.0,17.811576735687205,57.957780353613049,16.0,30.0,0.0,19.71375651378198,0.0,0.0,0.0,17.511032604286549,0.0,0.0,800.765796948208,1158.4523058976654,779.0321730898231,790.6670031819515,795.3559000740935,1128.4472898691643,807.2696520108585,891.6527390478786,814.6027668020324,9382.004702848317,81.80139319769417,81.80139319769417,270.0,0.0,270.0,270.0,21.0,16.0,19.0,16.0,19.7,12.0,21.0,10.0,1.0,0.0,642.0882400031342,0.0,38.45871013390404,0.0,0.0,0.0,733.965588326041,0.0,0.0,0.0,0.0,81.80139319769417,81.80139319769417,0.34,0.7712420354813482,0.36028137401965956,81.80139319769417,0.3542647819438875,0.0,0.007065000000000001 
 04/20  19:40:00,10.46,88.33333333333334,5.873333333333333,0.0,0.0,1.0,0.0,1.0,2.0,0.0,0.0,4.0,0.0,0.0,0.0,1060.0,0.0,0.0,0.0,0.0,0.0,0.0,0.0,0.0,0.0,0.0,0.0,21.23152070441634,-147.50821971351474,21.340800318018834,-82.21492563401611,21.078671534817155,-1135.5421937415509,20.403536330692746,458.0063434415713,17.45755828212194,17.472349536944,19.662535945893134,-27.396460823526465,18.57467213012447,84.83029589196421,19.112359809571229,-75.14012174667798,17.7641309788974,-73.09547221929941,618.0241843569911,537.3454343221995,0.0,0.0,0.0,0.0,0.0,0.0,0.0,0.0,0.0,0.0,0.0,0.0,0.0,0.0,0.0,0.0,0.0,0.0,0.0,0.0,0.0,0.0,1.0026474148369549,0.30605842943741,123.17602881373347,143.64748195267488,2693.3723724844714,0.08502972869151951,0.01297767531921849,22.025308329457446,25.64671372573576,493.05977392012428,0.9921971613165566,0.1874900153659405,344.29631268803987,402.0012257100614,7667.631614839562,0.2782224196904453,0.05257415338065861,307.4968872086298,359.8958603448005,6420.908534350173,0.0,0.0,8.481869124889684,10.042027597378468,119.2135878468035,0.0,0.0,10.865713973710852,12.74839602867424,202.6013799121618,0.0,0.0,203.46321562167,239.74015655456945,3393.0236080915099,0.0,0.0,26.625372498093364,31.24019185804556,503.4074874685923,0.0,0.0,164.86126863015583,194.98784469719198,2398.3932748292838,30.829524358758336,21.145078435362387,329.0088038362613,386.42709267425615,6765.233836416531,0.0,0.0,166.36275898529179,196.9669965386928,2324.9510503442036,0.0,21.52318726249162,47.33796637239932,21.000000000000008,30.00000000000001,0.0,21.771378062522893,53.18685195690213,21.000000000000008,30.00000000000001,1520.5519256258736,21.6521618378502,46.41524482467934,21.500000000000008,30.00000000000001,0.0,21.02117822315471,48.33002056469435,16.000000000000008,30.00000000000001,0.0,17.467653384707189,58.915137293986187,12.000000000000004,30.00000000000001,0.0,19.838238674395229,57.292902310475927,19.000000000000008,30.00000000000001,0.0,18.817220319251363,55.22165169508551,10.000000000000004,30.00000000000001,316.7216627746342,19.987598786327664,52.46111968106267,19.950000000000008,30.00000000000001,0.0,17.71973123561432,59.046259925022678,16.000000000000008,30.00000000000001,0.0,19.902431287972786,0.0,0.0,0.0,17.4116462979913,0.0,0.0,816.8641741441713,1185.4775977987598,774.9055762811066,784.3644097084282,806.8041223994435,1197.5562159741347,820.1083025493714,905.2456979405915,830.1243467281292,7818.696102499514,82.83490103883108,82.83490103883108,270.0000000000001,0.0,270.0000000000001,270.0000000000001,21.0,16.0,19.0,16.0,19.7,12.0,21.0,10.0,1.0,0.0,0.0,0.0,1520.5519256258736,0.0,0.0,0.0,316.7216627746342,0.0,0.0,0.0,0.0,82.83490103883108,82.83490103883108,0.34000000000000016,0.7707727173019927,0.36028137401965967,82.83490103883108,0.35426478194388769,0.0,0.006975 
 04/20  19:50:00,10.345,89.16666666666666,5.696666666666666,0.0,0.0,1.0,0.0,1.0,2.0,0.0,0.0,4.0,0.0,0.0,0.0,530.0,0.0,0.0,0.0,0.0,0.0,0.0,0.0,0.0,0.0,0.0,0.0,21.268634388949175,-690.0986813543339,21.308354840820234,-107.61389101618807,20.929204354368055,-482.0759451673148,20.298359540135448,34.47028132496189,17.475132174151257,16.17091155813364,19.646945890740434,-18.958144125595056,18.54004889714282,48.115332433449569,19.493319825524347,-145.1319216089995,17.710409884613847,-67.46390397326104,610.6155652774241,581.9464697299054,0.0,0.0,0.0,0.0,0.0,0.0,0.0,0.0,0.0,0.0,0.0,0.0,0.0,0.0,0.0,0.0,0.0,0.0,0.0,0.0,0.0,0.0,0.9790827110455445,0.2988652964119489,182.85995271211506,212.4569982484191,4184.302072060359,0.033172720545574459,0.005062991536259838,27.918587494867546,32.461807018105748,627.9272977728241,1.1590550991988716,0.21902023794385337,315.8090976677302,368.0239323345179,6957.316273777762,0.23955586683522749,0.04526754853273382,191.17841714688425,223.60023597544353,3972.991735181863,0.0,0.0,8.163961790198317,9.649974240596917,116.90816434423695,0.0,0.0,10.755579848076053,12.593918694615443,203.06423821108917,0.0,0.0,197.85438034844254,232.81513649646008,3318.742902009985,0.0,0.0,33.48248117887221,39.10921677543715,688.8712825276695,0.0,0.0,164.47019569392229,194.26131390386457,2407.523776670056,30.998137474866895,21.26072529140391,307.4433215218624,360.2620718086343,6377.77255340229,0.0,0.0,166.84500444768373,197.25042488661036,2353.7669428305018,1108.0194879679962,21.713972653267719,46.939884936619908,21.5,30.0,0.0,21.735766587599565,53.36839440637351,21.0,30.0,1019.2023952025662,21.37334335321441,47.57749889997619,21.5,30.0,0.0,20.77126761914121,49.10920519173838,16.0,30.0,0.0,17.483137396626213,59.487643997214309,12.0,30.0,0.0,19.837424737271218,58.62554391652317,19.0,30.0,0.0,18.746161997419337,55.8035891957002,10.0,30.0,677.2024571103024,20.726642443930325,50.43831386240615,20.7,30.0,0.0,17.646298953299224,59.635211743391568,16.0,30.0,0.0,19.845917411519044,0.0,0.0,0.0,17.359694875057835,0.0,0.0,815.3527051613104,1178.4373465459369,794.8188406187682,778.7906187517667,822.3160219781314,1261.1517461420836,832.9044738169157,910.7729028107722,837.2088687533352,9227.166538298705,81.90356164796285,85.53663967975834,270.0,0.0,270.0,270.0,21.0,16.0,19.0,16.0,19.7,12.0,21.0,10.0,1.0,0.0,1108.0194879679962,0.0,1019.2023952025662,0.0,0.0,0.0,677.2024571103024,0.0,5497.98686641729,3298792.119850374,4288650.288231337,81.90356164796285,85.59834140572957,0.35326622888057637,0.7710179853879646,0.36028137401965956,85.59834140572957,0.3542647819438875,4288650.288231337,0.22996981498802958 
 04/20  20:00:00,10.23,90.0,5.52,0.0,0.0,1.0,0.0,1.0,2.0,0.0,0.0,4.0,0.0,0.0,0.0,1061.0,0.0,0.0,0.0,0.0,0.0,0.0,0.0,0.0,0.0,0.0,0.0,21.171100653588725,-485.21649406142685,21.273590407245537,-116.58035866805733,20.78700918275495,-451.48336952313118,20.21179107592049,268.37787630111236,17.490469520437828,14.956301727239449,19.626995567404874,-17.963814444434548,18.51358635851905,32.73853697058894,19.151247268606804,-103.03734096660088,17.67057852200186,-64.92885488724528,559.1876807022579,576.796439240296,0.0,0.0,0.0,0.0,0.0,0.0,0.0,0.0,0.0,0.0,0.0,0.0,0.0,0.0,0.0,0.0,0.0,0.0,0.0,0.0,0.0,0.0,1.0233728911492266,0.31238488740818889,194.3318090905766,227.03699686250745,4313.563557038183,0.027406432924375,0.004182911007993743,28.940382205219927,33.71409098722477,655.0278216432052,1.0652721012262783,0.201298582998163,268.35569929294817,313.85764016543785,5838.619593867963,0.26254839509112778,0.049612319556146578,248.50266379570776,291.09788476049746,5145.762577841029,0.0,0.0,8.009165332451213,9.481912863138755,116.70632482160414,0.0,0.0,11.075115895622862,12.989799159371536,211.37339132234269,0.0,0.0,196.12151568775909,231.20381602635434,3312.0334357523067,0.0,0.0,33.89660218996957,39.778101635758,661.7194414295716,0.0,0.0,164.2084288047558,194.30535164750746,2425.833548683015,31.350796804421436,21.50260411825888,275.4857685872473,323.7996117153142,5782.768651616958,0.0,0.0,166.58652439259559,197.31959983127156,2367.2788830388506,657.9096902458266,21.451905619770988,47.64650576075941,21.25,30.0,0.0,21.696433791228889,53.28083881008536,21.0,30.0,73.66624659736026,21.20268084209956,48.047500086829888,21.0,30.0,0.0,20.676851642671694,49.75873213207741,16.0,30.0,0.0,17.49541144451804,59.89557988048149,12.0,30.0,0.0,19.82717607005812,59.50537121697154,19.0,30.0,0.0,18.687112275413069,56.251186321504309,10.0,30.0,0.0,20.031265617497579,52.86327899627649,19.7,30.0,0.0,17.598159218991193,60.2725601368732,16.0,30.0,0.0,19.628446493847375,0.0,0.0,0.0,17.295378426387538,0.0,0.0,801.8572019576229,1158.0991025948973,781.2728413460458,795.7823070165686,834.4265029972079,1298.6027020887175,834.1510750628527,909.7106957779075,850.7123523014283,3756.336876735514,81.50927787496869,81.50927787496869,270.0,0.0,270.0,270.0,21.0,16.0,19.0,16.0,19.7,12.0,21.0,10.0,1.0,0.0,657.9096902458266,0.0,73.66624659736026,0.0,0.0,0.0,0.0,0.0,0.0,0.0,0.0,81.50927787496869,81.50927787496869,0.17,0.34765059261155409,0.18014068700982978,81.50927787496869,0.17713239097194376,0.0,0.0069450000000000019 
 04/20  20:10:00,10.195,90.33333333333333,5.31,0.0,0.0,1.0,0.0,0.0,2.0,0.0,0.0,4.0,0.0,0.0,0.0,1064.0,0.0,0.0,0.0,0.0,0.0,0.0,0.0,0.0,0.0,0.0,0.0,21.264752906834898,-78.84121945697348,21.245737777425675,-77.72699977088505,21.281476418041384,-1718.4955494301526,20.37439699365592,569.8258345961572,17.506443723024803,15.11957087824193,19.694598736489615,-29.673335128532274,18.510562694950015,64.29411663141741,18.712163584830287,-37.63992746832963,17.622566127993826,-90.95094071570634,719.2574538308618,561.8873004130344,0.0,0.0,0.0,0.0,0.0,0.0,0.0,0.0,0.0,0.0,0.0,0.0,0.0,0.0,0.0,0.0,0.0,0.0,0.0,0.0,0.0,0.0,1.0641150450237245,0.32482144231493428,171.49382393455177,200.1064105274362,3855.7587408703145,0.11157508863275814,0.017029164931739644,21.804559110072338,25.41060018342282,496.0890035403826,0.9616256983133564,0.1817130949193796,444.4367635602789,518.1040932268834,10339.59077687723,0.2849095966293703,0.05383779225800646,342.4096773806237,400.61409630736548,7318.3334404911779,0.0,0.0,8.406897115849415,9.951846839994934,123.33969318456734,0.0,0.0,11.50815362286394,13.494195123829382,222.5031694781607,0.0,0.0,206.90446844769873,243.92435812500478,3508.7276457257369,0.0,0.0,20.491240857610163,24.100913334325428,370.18588166454767,0.0,0.0,166.80533587115247,197.42932532612918,2453.941253936602,31.9166947341931,21.890737129076208,434.81590781128707,510.085226967915,9187.319570167143,0.0,0.0,167.748603235613,198.79057859144735,2353.6676951442634,0.0,21.525524112738098,47.8180985199819,21.0,30.0,0.0,21.67039963332122,53.94964632823022,21.0,30.0,2530.1355311269646,21.97928745308647,45.89149393497897,22.0,30.0,0.0,21.008247473771328,48.94741329068448,16.0,30.0,0.0,17.50991203037216,60.348563067442018,12.0,30.0,0.0,19.92002509646786,59.845061938389829,19.0,30.0,0.0,18.68832508942539,56.68677232523248,10.0,30.0,0.0,19.272418646687773,55.18622972752608,12.0,30.0,0.0,17.53002342271966,61.02444883689766,16.0,30.0,0.0,20.12219344982414,0.0,0.0,0.0,17.166188871903726,0.0,0.0,815.6167276188035,1184.8451995181309,770.0701713364176,788.9713052505247,844.7710444441547,1324.177018912799,837.7230194945094,884.7782791718071,854.2881630238464,9994.339708913054,81.39640933837595,84.91345736874959,570.0,0.0,570.0,570.0,21.0,16.0,19.0,16.0,12.0,12.0,21.0,10.0,1.0,0.0,0.0,0.0,2530.1355311269646,0.0,0.0,0.0,0.0,0.0,5322.570483937657,3193542.2903625939,4140094.548679522,81.39640933837595,84.97318852010352,0.34741901613125528,0.7687814834527135,0.36028137401965956,84.97318852010352,0.3542647819438875,4140094.548679522,0.2299149165313351 
 04/20  20:20:00,10.16,90.66666666666667,5.1,0.0,0.0,1.0,0.0,0.0,2.0,0.0,0.0,4.0,0.0,0.0,0.0,1065.0,0.0,0.0,0.0,0.0,0.0,0.0,0.0,0.0,0.0,0.0,0.0,21.068796295493735,-221.16810249036645,21.22776459205673,-112.57122012239205,20.844861025295196,-441.7859395723658,20.341454993899075,60.22325802904356,17.520294988074004,12.866940427992077,19.774170913831996,-16.61652768370135,18.459727646882123,3.4085503716182758,18.412960285131967,-17.009432824323726,17.571030121816347,-101.76862661420046,514.0701284193019,520.2223769828063,0.0,0.0,0.0,0.0,0.0,0.0,0.0,0.0,0.0,0.0,0.0,0.0,0.0,0.0,0.0,0.0,0.0,0.0,0.0,0.0,0.0,0.0,1.119137191859287,0.3416169694320168,165.7915191483077,193.9292174598549,3637.817117819186,0.013627914031917902,0.0020799624590839289,31.890582064496379,37.17128892175938,723.2404476510944,1.0681219092091193,0.20183709546657589,236.18508831453557,276.3319791801822,5195.609141322766,0.22941483863033297,0.04335125446529344,164.49995131269425,192.4996177662976,3490.6137663811866,0.0,0.0,7.633793748255551,9.036143929069575,112.7125765845021,0.0,0.0,12.083168641124818,14.161415981770844,237.44790850191959,0.0,0.0,194.72898059475433,229.64136140136433,3277.35932800221,0.0,0.0,14.878371024483894,17.53180011093275,255.72434896731643,0.0,0.0,157.3179338966596,186.23874012044028,2303.888594618273,31.615271386535054,21.68399957924216,240.02752788626948,282.11647156102637,5221.102545346859,0.0,0.0,157.68447464181646,186.95276765156783,2177.84401325316,499.61446664009687,21.251163083180633,48.98772124266345,21.25,30.0,0.0,21.651114571961029,53.83004942786964,21.0,30.0,81.46037556122337,21.219344973082696,48.20018560421896,21.0,30.0,0.0,20.859691171554649,49.5268928180845,16.0,30.0,0.0,17.521415218714535,60.84755819581471,12.0,30.0,0.0,20.047991930990564,60.18206223271518,19.0,30.0,0.0,18.58440744590195,57.453018443757418,10.0,30.0,0.0,18.774118645831334,56.7217260914763,12.0,30.0,0.0,17.459501365327165,61.66969318903408,16.0,30.0,0.0,19.672825648931693,0.0,0.0,0.0,17.019119903418777,0.0,0.0,820.7714203215204,1162.6453882621277,764.4581713112162,785.9496269246258,857.1962647871205,1351.12548474287,843.3779111829372,861.6551919287729,856.1111122419278,3848.314052363303,81.70041454805593,81.70041454805593,570.0,0.0,570.0,570.0,21.0,16.0,19.0,16.0,12.0,12.0,21.0,10.0,1.0,0.0,499.61446664009687,0.0,81.46037556122337,0.0,0.0,0.0,0.0,0.0,0.0,0.0,0.0,81.70041454805593,81.70041454805593,0.17,0.34743987431995129,0.18014068700982978,81.70041454805593,0.17713239097194376,0.0,0.014724999999999999 
 04/20  20:30:00,10.125,91.0,4.89,0.0,0.0,0.0,0.0,0.0,2.0,0.0,0.0,4.0,0.0,0.0,0.0,1068.0,0.0,0.0,0.0,0.0,0.0,0.0,0.0,0.0,0.0,0.0,0.0,21.31234240261884,-348.9051591197019,21.332361852716518,-70.53805208708619,21.357357865663667,-1442.7932907413293,20.48367021792175,514.1385343762881,17.53596475311256,14.384635150307844,19.926967894047058,-43.087981873202028,18.50235440631485,94.87928827835845,18.237472726637014,-12.67476170311302,17.5518069234858,-99.63041268776192,706.3582377147891,584.2144324339286,0.0,0.0,0.0,0.0,0.0,0.0,0.0,0.0,0.0,0.0,0.0,0.0,0.0,0.0,0.0,0.0,0.0,0.0,0.0,0.0,0.0,0.0,1.057290954321555,0.32273838654504119,168.43568010179329,196.46530352933088,3880.830138717545,0.13672899347324608,0.02086828349713768,18.670801162986867,21.758840275432158,428.6842390407712,1.018495434877525,0.19245945481434718,392.0537692771576,457.1495055711703,9185.271561970285,0.29500591983436866,0.05574563866862596,339.5944361452954,397.2589225127731,7349.319105232562,0.0,0.0,8.757312691582693,10.36552226968885,130.2201246676635,0.0,0.0,12.477138956757115,14.617924590599431,248.7627474805377,0.0,0.0,214.43213946724965,252.79890985177526,3664.5071781903609,0.0,0.0,9.517284770522526,11.23102662133581,158.60522126384246,0.0,0.0,167.0405650215213,197.7835091817048,2441.1669046615108,32.221994392152627,22.100133327951054,388.4804473619498,455.94175432904719,8286.428989501468,0.0,0.0,167.88526476043575,199.05213459896334,2330.903960980686,413.0787513935663,21.739148960243115,47.60156083080854,21.5,30.0,0.0,21.6783127709154,54.517841535496859,21.0,30.0,2230.0844335154527,21.986240923509624,46.160497280544259,22.0,30.0,0.0,21.072951494588616,49.22143956067825,16.0,30.0,0.0,17.53874922225341,61.18924693143519,12.0,30.0,0.0,20.160648488405316,60.08141490117917,19.0,30.0,0.0,18.682251474082997,57.32114318193831,10.0,30.0,0.0,18.459234779180706,57.942050863832729,12.0,30.0,0.0,17.407519286273229,62.26716205165092,16.0,30.0,0.0,20.05579922797726,0.0,0.0,0.0,17.018192486869766,0.0,0.0,813.1217763129524,1197.8538238716856,761.462325963487,791.0800598821414,860.3437854378564,1351.0094819949687,836.2790236256099,856.013305541298,857.0030280864876,9695.140917371498,81.59426831994989,83.40008006575619,570.0,0.0,570.0,570.0,21.0,16.0,19.0,16.0,12.0,12.0,21.0,10.0,1.0,0.0,413.0787513935663,0.0,2230.0844335154527,0.0,0.0,0.0,0.0,0.0,2732.776746440344,1639666.0478642067,2122319.969899696,81.59426831994989,83.43074874408356,0.34609255821467818,0.7693477540583025,0.36028137401965956,83.43074874408356,0.3542647819438875,2122319.969899696,0.1251806384347842 
 04/20  20:40:00,10.09,91.33333333333333,4.68,0.0,0.0,0.0,0.0,0.0,2.0,0.0,0.0,4.0,0.0,0.0,0.0,1069.0,0.0,0.0,0.0,0.0,0.0,0.0,0.0,0.0,0.0,0.0,0.0,21.103989825195158,-165.02647047708184,21.358830081274914,-121.17335667532797,20.91079659222538,-477.20095915104619,20.448809053625419,39.59241213438099,17.55139587352226,12.68151871015381,20.002911451681777,-20.52729288170339,18.456944503302077,-10.969740980407096,18.094779456873029,-16.737439300323289,17.526416856835593,-93.72192583973788,513.8709516753875,549.4181816214409,0.0,0.0,0.0,0.0,0.0,0.0,0.0,0.0,0.0,0.0,0.0,0.0,0.0,0.0,0.0,0.0,0.0,0.0,0.0,0.0,0.0,0.0,1.1425137014299499,0.34875265611414837,147.65350801144579,172.80385608944727,3261.143804964218,0.01373193617088333,0.0020958388539199224,33.32074662353971,38.833623788628397,764.4423554186731,1.0959065438470528,0.20708740435507434,226.0954791608266,264.54634757585338,5020.2202003859979,0.23203734289329853,0.04384681460568754,158.8052603448231,185.83283276197484,3409.391302016816,0.0,0.0,7.57193615496462,8.962114714059214,113.3812848648031,0.0,0.0,12.68401715188855,14.854302274396443,256.5231976519498,0.0,0.0,197.66643952798629,233.13371992124895,3349.5752400263997,0.0,0.0,8.94850483258153,10.568987439730665,146.08908470841465,0.0,0.0,157.46715288884227,186.47584686359097,2304.2469981197007,31.729971268880765,21.762668908697376,229.79742142205013,270.1392667991799,5058.508013269781,0.0,0.0,160.81337467738229,190.7239801454532,2221.427002199321,470.0331198817219,21.29215265938055,49.46002387741846,21.25,30.0,0.0,21.71508052116739,54.10687598732746,21.0,30.0,86.04264098521893,21.23988785766636,48.33159046538712,21.0,30.0,0.0,20.915268520063127,49.70429850050286,16.0,30.0,0.0,17.555595944818216,61.574344470588027,12.0,30.0,0.0,20.27317850877958,60.26483623747603,19.0,30.0,0.0,18.570413141037073,58.06946898648103,10.0,30.0,0.0,18.246799346547655,58.89339850408275,12.0,30.0,0.0,17.380674098414276,62.65865680915914,16.0,30.0,0.0,19.66360139484584,0.0,0.0,0.0,16.94748047508247,0.0,0.0,832.7349932461814,1168.6770252786033,749.0363813577944,780.1628593545753,867.0811619337726,1363.1926776116935,840.6017039254931,854.2005804399034,855.024530139182,4510.840451199703,82.25708692432068,82.25708692432068,570.0,0.0,570.0,570.0,21.0,16.0,19.0,16.0,12.0,12.0,21.0,10.0,1.0,0.0,470.0331198817219,0.0,86.04264098521893,0.0,0.0,0.0,0.0,0.0,0.0,0.0,0.0,82.25708692432068,82.25708692432068,0.17,0.3469715123340693,0.18014068700982978,82.25708692432068,0.17713239097194376,0.0,0.014915 
 04/20  20:50:00,10.055,91.66666666666667,4.47,0.0,0.0,0.0,0.0,0.0,2.0,0.0,0.0,4.0,0.0,0.0,0.0,1072.0,0.0,0.0,0.0,0.0,0.0,0.0,0.0,0.0,0.0,0.0,0.0,21.374731621319634,-410.3779818700623,21.374854691608055,-67.26210184858485,21.351410104111744,-1332.5352396251279,20.516670043370469,491.38861423371966,17.564699894921874,13.607427378772428,20.057979413755363,-51.50345724930621,18.499143661767755,112.69748496720149,17.971530725604297,-31.641885306419213,17.503446419795769,-88.76353879235694,689.2912358893514,619.5940364116812,0.0,0.0,0.0,0.0,0.0,0.0,0.0,0.0,0.0,0.0,0.0,0.0,0.0,0.0,0.0,0.0,0.0,0.0,0.0,0.0,0.0,0.0,1.047559373949547,0.31976781866591788,129.57134489266785,151.23197116298264,3059.760381189141,0.1455374871490757,0.02221268118880887,17.337858551435418,20.217497842467908,403.0250838273861,1.0671935959955084,0.20166167724782858,355.49281823158847,414.76952253598406,8381.617375036583,0.30425361012652199,0.05749312360667458,340.13782638951155,397.850320929798,7429.335309338285,0.0,0.0,8.834717805859905,10.455426143079017,133.17688958904643,0.0,0.0,12.435488051986141,14.560869850117716,254.03855886663338,0.0,0.0,221.85083994762477,261.5645734384443,3818.503463779284,0.0,0.0,15.297925126605066,18.074361949590914,245.29385999079305,0.0,0.0,165.70206550480129,196.25008584606497,2428.5916403337689,32.265728074775527,22.130128995044954,360.17715404115168,423.0291046173067,7735.438231526692,0.0,0.0,175.76727258594739,208.43209671958148,2454.358538553815,533.2652145978098,21.907703070705926,47.60871881579629,21.75,30.0,0.0,21.744340405028315,54.644891388365767,21.0,30.0,2103.416092652719,21.98704490782341,46.61097251558628,22.0,30.0,0.0,21.10155502219055,49.78752351364369,16.0,30.0,0.0,17.570382345511495,61.87490747758145,12.0,30.0,0.0,20.3432428799093,60.252025404422507,19.0,30.0,0.0,18.672612829554369,57.9954748498605,10.0,30.0,0.0,18.06437588258249,59.949171045470837,12.0,30.0,0.0,17.356265353960486,63.21466931044927,16.0,30.0,0.0,19.991955299528045,0.0,0.0,0.0,16.985135253462948,0.0,0.0,821.9288780195207,1192.7882179550389,766.9336967558397,807.446280299521,868.1570216707323,1358.4484104459448,840.8669860889622,857.4506451394819,861.4965129019755,7717.450348076529,82.90190554849534,82.90190554849535,570.0,0.0,570.0,570.0,21.0,16.0,19.0,16.0,12.0,12.0,21.0,10.0,1.0,0.0,533.2652145978098,0.0,2103.416092652719,0.0,0.0,0.0,0.0,0.0,0.0,0.0,0.0,82.90190554849534,82.90190554849534,0.34,0.7705456701391829,0.36028137401965956,82.90190554849534,0.3542647819438875,0.0,0.014661666666666669 
 04/20  21:00:00,10.02,92.0,4.26,0.0,0.0,0.0,0.0,0.0,2.0,0.0,0.0,4.0,0.0,0.0,0.0,1073.0,0.0,0.0,0.0,0.0,0.0,0.0,0.0,0.0,0.0,0.0,0.0,21.164544209269694,-204.13524097192363,21.390809592696983,-131.92893942356904,20.940352113994885,-498.3398152556647,20.46759957738484,32.46966470459279,17.576445540036553,12.904735123125335,20.101536783624906,-23.5039836148389,18.470272268682675,-25.36896971620172,17.868007684637314,-29.003874088478427,17.490954050152796,-80.89425150369903,560.4077849375599,590.9533978044321,0.0,0.0,0.0,0.0,0.0,0.0,0.0,0.0,0.0,0.0,0.0,0.0,0.0,0.0,0.0,0.0,0.0,0.0,0.0,0.0,0.0,0.0,1.1547995892658123,0.35250292712631639,149.9173684808653,175.38283123219805,3351.667237209943,0.01605595230886402,0.0024505421716825429,33.887456964575708,39.48987195169995,785.2381051781215,1.1256024411839945,0.2126988739954639,228.24579166317444,267.0127074686479,5102.413431191694,0.23800520042692856,0.04497452766948762,160.66271611677798,187.99394332648763,3474.4858742977796,0.0,0.0,7.5791744293245559,8.970291064383713,114.97587749222527,0.0,0.0,12.956096553766795,15.166582366566744,267.1308725176781,0.0,0.0,206.45679191121159,243.50592349674688,3532.3572330583126,0.0,0.0,16.26199210522617,19.225644676853145,257.3237518150454,0.0,0.0,157.82347892574638,186.93009991054147,2322.5650970264916,31.639514750901058,21.70062740116671,226.57027296692935,266.4226051968289,4983.607425741112,0.0,0.0,169.50133695415998,201.04732940013714,2361.998253450943,470.41985468123979,21.36133221943602,49.798268244630019,21.25,30.0,0.0,21.76117906700465,54.49738955829432,21.0,30.0,98.54315992928365,21.252250043948437,48.73074863325119,21.0,30.0,0.0,20.92588175365562,50.22187587247414,16.0,30.0,0.0,17.583183147981729,62.20247459154005,12.0,30.0,0.0,20.40504753437506,60.48445698483337,19.0,30.0,0.0,18.581459139675677,58.68141765184848,10.0,30.0,0.0,17.918136446075399,60.897400727096258,12.0,30.0,0.0,17.35028229178069,63.49421725563512,16.0,30.0,0.0,19.582984994724208,0.0,0.0,0.0,16.93658522341945,0.0,0.0,843.0102222576416,1176.0179437596358,753.7555490822534,790.3202489896264,871.9153194871403,1364.7276514055203,847.9011520654233,859.796960008063,860.8893121127555,3622.552225538431,83.8377861709058,83.8377861709058,570.0,0.0,570.0,570.0,21.0,16.0,19.0,16.0,12.0,12.0,21.0,10.0,1.0,0.0,470.41985468123979,0.0,98.54315992928365,0.0,0.0,0.0,0.0,0.0,0.0,0.0,0.0,83.8377861709058,83.8377861709058,0.17,0.3454754498899053,0.18014068700982978,83.8377861709058,0.17713239097194376,0.0,0.014408333333333332 
 04/20  21:10:00,10.161666666666666,92.5,4.0649999999999999,0.0,0.0,0.0,0.0,0.0,2.0,0.0,0.0,4.0,0.0,0.0,0.0,1076.0,0.0,0.0,0.0,0.0,0.0,0.0,0.0,0.0,0.0,0.0,0.0,21.394283121012486,-405.85822641792586,21.397749304712805,-72.37598178274144,21.36360423090313,-1342.1779860192974,20.531694854822285,479.6523482813227,17.586312271445359,12.67252491202973,20.14038159465764,-50.12998300146647,18.4825317445127,98.12131363540994,17.78447237463775,-31.56953834584874,17.473543297070039,-89.33781526958751,681.8263842896267,630.4346099551913,0.0,0.0,0.0,0.0,0.0,0.0,0.0,0.0,0.0,0.0,0.0,0.0,0.0,0.0,0.0,0.0,0.0,0.0,0.0,0.0,0.0,0.0,1.0524594169252218,0.32126355827998229,148.81127467456103,173.7748798090364,3481.5879210082259,0.1346060386481056,0.020544267192934317,19.008155688208367,22.1720771067998,438.2667918129876,1.04291204234107,0.19707332621713348,368.76083834797319,430.37463356219186,8606.720794461944,0.29819676725819435,0.05634859547584925,336.8749913194886,394.0463817414793,7290.927157910899,0.0,0.0,8.574377176836105,10.146804645443139,127.84009615083508,0.0,0.0,12.42573364053597,14.54551920823912,253.76719149338346,0.0,0.0,221.95020476701155,261.73478914713498,3756.547072736048,0.0,0.0,18.74602119655609,22.169292661786895,287.11105813003067,0.0,0.0,162.99985551927066,193.0835945077025,2346.3019764460107,31.56942323757167,21.65255366088593,375.2269511216788,440.72576197943337,7981.769247471808,0.0,0.0,176.86187501880966,209.77817218097199,2417.4117936526624,504.3874727774655,21.91000371369154,48.11265034639995,21.75,30.0,0.0,21.77188949978105,54.813289944698357,21.0,30.0,2092.047964459799,21.97843158286139,47.17950893133528,22.0,30.0,0.0,21.104671946292,50.36815097218131,16.0,30.0,0.0,17.59393653953733,62.53151359965496,12.0,30.0,0.0,20.448870751442077,60.64623207164942,19.0,30.0,0.0,18.632464080050036,58.78112194201489,10.0,30.0,0.0,17.802865484720209,61.766510557168917,12.0,30.0,0.0,17.33024077503725,64.02491295070564,16.0,30.0,0.0,20.037674489458238,0.0,0.0,0.0,16.941545932045309,0.0,0.0,830.1768918183188,1183.6052197862674,777.5030244329514,819.7250828534695,875.6922179273609,1365.4137387817837,849.2479174123762,864.9692230277246,869.3206759155006,8585.053253432126,82.32833250092739,82.32833250092739,570.0,0.0,570.0,570.0,21.0,16.0,19.0,16.0,12.0,12.0,21.0,10.0,1.0,0.0,504.3874727774655,0.0,2092.047964459799,0.0,0.0,0.0,0.0,0.0,0.0,0.0,0.0,82.32833250092739,82.32833250092739,0.34,0.7708432221317099,0.36028137401965956,82.32833250092739,0.3542647819438875,0.0,0.014155 
 04/20  21:20:00,10.303333333333335,93.0,3.87,0.0,0.0,0.0,0.0,0.0,2.0,0.0,0.0,4.0,0.0,0.0,0.0,1077.0,0.0,0.0,0.0,0.0,0.0,0.0,0.0,0.0,0.0,0.0,0.0,21.17669441402554,-198.9949562530809,21.414218026783954,-130.14651223972164,20.96237018583556,-503.23303082410328,20.486303986098915,35.141784014003409,17.594771769835146,12.279139904190174,20.172825629480835,-25.04806750903775,18.455706804034685,-29.32337059784345,17.717122488146907,-28.17065481471758,17.46064640841343,-83.38583937093154,536.6286498858408,602.6650853260794,0.0,0.0,0.0,0.0,0.0,0.0,0.0,0.0,0.0,0.0,0.0,0.0,0.0,0.0,0.0,0.0,0.0,0.0,0.0,0.0,0.0,0.0,1.1103726390031648,0.33894158699730306,148.55874423261845,173.78890164364786,3243.6127123611006,0.0132497684394662,0.002022247930321459,33.96714546105246,39.58414125528327,769.8146948677932,1.0816525296860982,0.2043939020570859,229.51954524730344,268.4969481937892,5006.665908511046,0.23018806916860427,0.043497367567763459,163.80747173351564,191.6743374728996,3453.937379684215,0.0,0.0,7.432171625939742,8.796519613666387,108.84677100198216,0.0,0.0,12.977901918132327,15.188666758826108,262.4783123111353,0.0,0.0,207.73056789557689,245.05559189805065,3425.846990202608,0.0,0.0,18.63797016285145,22.05128925220573,277.0579124060371,0.0,0.0,156.6369188798784,185.56140068821629,2207.594605225966,30.451501229895159,20.885803312685299,228.53359553568493,268.66781269606136,4888.982218400125,0.0,0.0,170.79108621002747,202.62621385316306,2268.9043805398807,445.6371716243961,21.362405097308245,50.39130908744055,21.25,30.0,0.0,21.78656611369266,54.833414643930669,21.0,30.0,95.51717792724097,21.263970351577073,49.34908174812442,21.0,30.0,0.0,20.93686730082695,50.80306967304919,16.0,30.0,0.0,17.603269485391786,62.86614953693526,12.0,30.0,0.0,20.490889745646727,60.94250839012191,19.0,30.0,0.0,18.552486450933665,59.467209147050947,10.0,30.0,0.0,17.715606042756244,62.482537346886349,12.0,30.0,0.0,17.320507713567989,64.3407999145841,16.0,30.0,0.0,19.673825474371225,0.0,0.0,0.0,16.89321948769908,0.0,0.0,851.2291082018868,1174.1055776025917,763.5757355939355,799.2485232974427,880.3509090589721,1373.3929670777534,856.944075761831,868.7023480963394,869.9422046192428,4663.181350420578,81.8430627771217,81.8430627771217,570.0,0.0,570.0,570.0,21.0,16.0,19.0,16.0,12.0,12.0,21.0,10.0,1.0,0.0,445.6371716243961,0.0,95.51717792724097,0.0,0.0,0.0,0.0,0.0,0.0,0.0,0.0,81.8430627771217,81.8430627771217,0.17,0.3473404668057678,0.18014068700982978,81.8430627771217,0.17713239097194376,0.0,0.01368 
 04/20  21:30:00,10.445,93.5,3.675,0.0,0.0,0.0,0.0,0.0,2.0,0.0,0.0,4.0,0.0,0.0,0.0,1080.0,0.0,0.0,0.0,0.0,0.0,0.0,0.0,0.0,0.0,0.0,0.0,21.38897107060844,-550.94285193778,21.422703883744924,-73.31821109913443,21.241067715274668,-855.1584873353372,20.542840387379444,412.3154823404366,17.60200530896821,12.35257936139567,20.200593931904078,-52.15271654522287,18.477832045000136,98.2680444240425,17.660069527447626,-30.392048662452994,17.44378908136778,-88.64118760750307,626.4224581128297,646.6380838107493,0.0,0.0,0.0,0.0,0.0,0.0,0.0,0.0,0.0,0.0,0.0,0.0,0.0,0.0,0.0,0.0,0.0,0.0,0.0,0.0,0.0,0.0,0.9898051190888106,0.30213831474017419,182.10311046394629,212.32096076785607,4088.0527689813727,0.12053884762016945,0.018397260015288378,19.259982610939166,22.449521217250607,434.1247721785447,1.05532472931667,0.1994188830908296,328.60875353418717,383.79858085466898,7396.590588034331,0.29036784447992017,0.054869207195752087,318.80292718479947,373.0933636184959,6719.685165809518,0.0,0.0,8.51088031197306,10.07256265039711,122.38569638266151,0.0,0.0,12.322294968390854,14.421113327942935,246.42591360793456,0.0,0.0,225.23453728838718,265.6417879488041,3682.639484563286,0.0,0.0,20.862668403894327,24.688034720662058,301.2880191071802,0.0,0.0,163.53351177537236,193.75213406132026,2252.279728823653,30.394380017188057,20.84662552619209,334.24238918373728,392.71607900453309,6924.233291185306,0.0,0.0,179.54776609946726,213.0032232849116,2342.4049450452027,551.78057951156,21.83278958621636,48.865219940846667,21.75,30.0,0.0,21.79917225641092,55.36678964379141,21.0,30.0,1306.3793058509826,21.765288801390235,48.71246930490554,21.5,30.0,0.0,21.09929699080081,50.936122536446209,16.0,30.0,0.0,17.611604122458535,63.20026976741283,12.0,30.0,0.0,20.518185958526656,61.1122073260419,19.0,30.0,0.0,18.62571798145715,59.563099997216038,10.0,30.0,0.0,17.64329781418767,63.192039794470627,12.0,30.0,0.0,17.300818674667356,64.90379412915438,16.0,30.0,0.0,20.007455871008707,0.0,0.0,0.0,16.913826171499037,0.0,0.0,827.5844129257489,1191.8427185955307,802.7842011774018,820.1199614062482,883.9623406545109,1373.293383698843,859.6672381692599,874.5113875045175,878.2240857817028,6869.475686397505,82.37343547461156,84.07431394727105,570.0,0.0,570.0,570.0,21.0,16.0,19.0,16.0,12.0,12.0,21.0,10.0,1.0,0.0,551.78057951156,0.0,1306.3793058509826,0.0,0.0,0.0,0.0,0.0,2574.1357416469147,1544481.4449881488,2002916.295059946,82.37343547461156,84.10320051026584,0.25580452472156386,0.5761934392384406,0.27021103051474468,84.10320051026584,0.2656985864579156,2002916.295059946,0.11735664734311721 
 04/20  21:40:00,10.586666666666666,94.0,3.4799999999999997,0.0,0.0,0.0,0.0,0.0,2.0,0.0,0.0,4.0,0.0,0.0,0.0,542.0,0.0,0.0,0.0,0.0,0.0,0.0,0.0,0.0,0.0,0.0,0.0,21.17456513781845,-326.4836149673174,21.442183900047497,-111.37205109634351,20.81876638282232,-236.66669187325989,20.50530862751048,110.16379237702188,17.608593235677245,12.142445572324164,20.22462208451259,-31.59516410905846,18.45500960058417,-17.267791176093398,17.60991738390242,-26.4545669058773,17.432859549725224,-80.88229896734083,481.5430123919773,643.8624657595942,0.0,0.0,0.0,0.0,0.0,0.0,0.0,0.0,0.0,0.0,0.0,0.0,0.0,0.0,0.0,0.0,0.0,0.0,0.0,0.0,0.0,0.0,1.0661491405966584,0.32544235060948059,150.9311036148119,176.06746225941942,3259.4130894639786,0.051043495777126478,0.007790521333505262,30.522783295170784,35.46879783025168,677.8103802094934,1.0309400425878515,0.1948110435729123,177.2906338124867,207.3465880394263,3699.6011014517519,0.23270064640734934,0.04397215540577272,143.69931942376528,168.30156429749844,2984.826657457345,0.0,0.0,7.495475130512611,8.859790501517605,105.80874496657656,0.0,0.0,12.627359620376677,14.748125200327209,249.8092258379685,0.0,0.0,216.27400973458615,254.74827802940298,3449.403091513262,0.0,0.0,20.416039890399789,24.127621097676895,286.71590420827399,0.0,0.0,162.24928124832509,191.92589918615864,2187.0337714717236,29.399203051803729,20.164062449796803,183.95893475832205,216.14495319611616,3863.865027514855,0.0,0.0,178.20350734608946,211.07073880388857,2274.0671710557846,658.3812356930803,21.476106875412144,50.295114621915207,21.5,30.0,0.0,21.82047501980013,55.64260317859948,21.0,30.0,79.80259392351506,21.048705336006166,50.88775642403557,21.0,30.0,0.0,20.97023091173491,51.60228991990091,16.0,30.0,0.0,17.619843868843348,63.513471305766547,12.0,30.0,0.0,20.54799931972876,61.390122544813667,19.0,30.0,0.0,18.558701594958813,59.93601630786055,10.0,30.0,0.0,17.582082737995927,63.753829854328717,12.0,30.0,0.0,17.293514666173406,65.06247525091473,16.0,30.0,0.0,19.484564437314618,0.0,0.0,0.0,16.913223218383913,0.0,0.0,839.4768121075838,1198.9605814911607,793.6524658006977,831.5592507923876,887.2052460948605,1379.7227249639864,861.4663363921111,877.738513648063,877.179654542792,8725.062425973658,82.23572579238402,82.23572579238403,570.0,0.0,570.0,570.0,21.0,16.0,19.0,16.0,12.0,12.0,21.0,10.0,1.0,0.0,658.3812356930803,0.0,79.80259392351506,0.0,0.0,0.0,0.0,0.0,0.0,0.0,0.0,82.23572579238402,82.23572579238402,0.34,0.7703060284116317,0.36028137401965956,82.23572579238402,0.3542647819438875,0.0,0.012729999999999999 
 04/20  21:50:00,10.728333333333334,94.5,3.285,0.0,0.0,0.0,0.0,0.0,2.0,0.0,0.0,4.0,0.0,0.0,0.0,1084.0,0.0,0.0,0.0,0.0,0.0,0.0,0.0,0.0,0.0,0.0,0.0,21.272654300316277,-148.89190192942079,21.439795243668845,-105.98385071877283,21.359752124359664,-1196.8286839392548,20.523258230715073,367.71469041756679,17.612569390667006,11.069617560579147,20.25369485691445,-34.889788046708108,18.40300164761271,38.562317068726319,17.573344287432925,-26.059074282633646,17.42059156512199,-90.69021401806481,616.5815371260042,590.5400104514854,0.0,0.0,0.0,0.0,0.0,0.0,0.0,0.0,0.0,0.0,0.0,0.0,0.0,0.0,0.0,0.0,0.0,0.0,0.0,0.0,0.0,0.0,1.0329835324333705,0.31531853859382499,205.4298279004982,240.3488912215307,4360.872647866854,0.05528713835204538,0.008438207929188856,28.218635004017324,32.900181580465019,618.1831586779949,1.0187872905088927,0.1925146051604106,369.9522138633523,431.7995545211934,8133.849847482931,0.24450867575691466,0.04620345346880471,247.52260399640955,289.4372657800598,5083.4905345607289,0.0,0.0,7.599078707128339,8.994058103904806,105.17196813614258,0.0,0.0,12.81447127469034,14.994188555389368,250.70307182467475,0.0,0.0,207.18954149866546,244.50897379994377,3214.668676185439,0.0,0.0,19.429398364791667,23.003153834605784,265.8680534687428,0.0,0.0,152.89409634089248,181.1818471069926,2013.5739834011552,28.965518347567348,19.866610663626447,369.93799003746218,434.1683107820774,7503.684452660852,0.0,0.0,167.58514015033044,198.90046220503107,2060.9034010534285,0.0,21.395150029641156,50.61403193366591,21.0,30.0,0.0,21.80898336979484,55.2719210196505,21.0,30.0,1659.3815320610702,21.82508402695577,48.91019142810772,21.5,30.0,0.0,21.039036021987675,51.411100672127407,16.0,30.0,0.0,17.624056259050904,63.82635479669712,12.0,30.0,0.0,20.582371181267015,61.76326545088619,19.0,30.0,0.0,18.4843448391521,60.44570063523793,10.0,30.0,0.0,17.54410368243853,64.08415377969652,12.0,30.0,0.0,17.281244857151078,65.31256426892283,16.0,30.0,0.0,20.083309702881097,0.0,0.0,0.0,16.822533991439028,0.0,0.0,828.4848803801092,1162.4004012412063,802.5974235725256,815.6382446132552,894.6632486942968,1393.2722086359304,860.9532743080014,878.545050827234,878.2479156899393,3932.754717228602,83.28299877942693,83.28299877942693,570.0,0.0,570.0,570.0,21.0,16.0,19.0,16.0,12.0,12.0,21.0,10.0,1.0,0.0,0.0,0.0,1659.3815320610702,0.0,0.0,0.0,0.0,0.0,0.0,0.0,0.0,83.28299877942693,83.28299877942693,0.17,0.38576617143417177,0.18014068700982978,83.28299877942693,0.17713239097194376,0.0,0.012729999999999999 
 04/20  22:00:00,10.87,95.0,3.09,0.0,0.0,0.0,0.0,0.0,2.0,0.0,0.0,4.0,0.0,0.0,0.0,271.0,0.0,0.0,0.0,0.0,0.0,0.0,0.0,0.0,0.0,0.0,0.0,20.890702471168429,-329.69983019410668,21.44312208075636,-130.38255259948415,20.800305039602607,-143.79233757585463,20.426547768468106,80.66785671968228,17.616085145376496,11.081441236931255,20.283603820751435,-31.638718767464014,18.385305222493117,15.078477541904249,17.530051652724237,-25.89412360848894,17.39887764667471,-89.6854738232887,446.306711152557,604.2246827119689,0.0,0.0,0.0,0.0,0.0,0.0,0.0,0.0,0.0,0.0,0.0,0.0,0.0,0.0,0.0,0.0,0.0,0.0,0.0,0.0,0.0,0.0,0.9875724649893412,0.3014567963947928,136.96747822780066,159.4716548454565,2770.709336997375,0.0,0.0,31.655069186403165,36.70256271979512,683.6192534234103,1.0759864521256917,0.20332321468739457,141.49175345102408,164.74962166444144,2860.6029982002089,0.21366130206220344,0.04037439570336421,157.0813834042287,183.03247097873797,3093.832757840424,0.0,0.0,7.36842573779081,8.678692442179888,100.04363400071999,0.0,0.0,12.86544216634443,14.966258276746537,249.30346486731004,0.0,0.0,207.4121948282154,243.60298309675927,3150.349117924474,0.0,0.0,20.112796597567063,23.701493238285197,267.6186185198239,0.0,0.0,153.69670595872646,181.2649489294069,1973.460914626409,28.139468221707938,19.300046791294887,155.0177457023973,181.3714200602877,3189.4125335921278,0.0,0.0,169.02501960494346,199.6463817606528,2026.2002296975985,335.5772597994718,21.01329304688442,51.9287678558226,21.0,30.0,0.0,21.803933508687579,55.07418087970591,21.0,30.0,117.29307131841105,21.003251363111674,51.84775027340013,21.0,30.0,0.0,20.79627603487455,52.471226138943688,16.0,30.0,0.0,17.628899982403714,64.24696928106347,12.0,30.0,0.0,20.62201678656702,62.08364320508781,19.0,30.0,0.0,18.45521562782464,60.981452349950149,10.0,30.0,0.0,17.49020749872506,64.62551995441794,12.0,30.0,0.0,17.25237780917362,65.71374040399043,16.0,30.0,0.0,19.632789636675793,0.0,0.0,0.0,16.804759467653374,0.0,0.0,808.0874426366142,1123.9288691613536,813.3979748491738,825.7433405015892,901.8440267413558,1400.0197700462655,874.5856448067177,881.756661901096,881.4514573393182,8082.871673275262,82.66038973545089,82.66038973545089,570.0,0.0,570.0,570.0,21.0,16.0,19.0,16.0,12.0,12.0,21.0,10.0,1.0,0.0,335.5772597994718,0.0,117.29307131841105,0.0,0.0,0.0,0.0,0.0,0.0,0.0,0.0,82.66038973545089,82.66038973545089,0.34,0.6151717295024947,0.36028137401965956,82.66038973545089,0.3542647819438875,0.0,0.012729999999999999 
 04/20  22:10:00,10.756666666666668,95.33333333333334,2.99,0.0,0.0,0.0,0.0,0.0,2.0,0.0,0.0,4.0,0.0,0.0,0.0,2720.0,0.0,0.0,0.0,0.0,0.0,0.0,0.0,0.0,0.0,0.0,0.0,21.23543396046214,-386.2874561006453,21.44360742935333,-109.07294397743788,21.17804881706981,-712.8700399990692,20.466979090220059,323.28129764632288,17.61577404021337,8.868506083550362,20.290718576252816,-27.732976627331707,18.46814487977833,86.38874267977211,17.489476788761747,-45.950989521180769,18.6388718432706,-280.2582663216643,514.7279065481541,627.6796424457177,0.0,0.0,0.0,0.0,0.0,0.0,0.0,0.0,0.0,0.0,0.0,0.0,0.0,0.0,0.0,0.0,0.0,0.0,0.0,0.0,0.0,0.0,0.9637421924646378,0.29418259843242919,118.28673480160579,138.20644884053378,2552.2351353700848,0.051496708884697209,0.007859693053219964,26.6507152904427,31.09439023689017,582.3682338856869,1.1139305753585077,0.21049330600122979,249.24481152151629,291.4194201459545,5382.222542717464,0.25410533196658888,0.04801688056813848,257.31855224394607,301.5747554504445,5185.0843180190599,0.0,0.0,8.249362883311859,9.772297138902859,113.75319589530145,0.0,0.0,12.15396132951673,14.235623401064105,238.17106356130919,0.0,0.0,164.09514579665447,193.6958963060247,2579.7814267729825,0.0,0.0,32.57212600925274,38.587109710141977,437.1521350813969,0.0,0.0,124.60259465428735,146.6650360941228,2120.9138718942556,28.169164145856266,19.320414366156567,255.19137413096514,300.1555917351601,5130.787636098181,0.0,0.0,126.55035661744984,150.23411773260899,1563.3990942234719,581.7854474922954,21.570775121973019,50.65615765804073,21.400000000000003,30.0,0.0,21.809642476808294,55.52488676096581,21.000000000000005,30.0,1009.3041684557956,21.58105021186205,50.00822707031725,21.300000000000006,30.0,0.0,20.92759514746857,52.145852041933007,15.999999999999999,30.0,0.0,17.627390061819726,64.33742663989303,12.0,30.0,0.0,20.62903893139846,60.914583652148618,19.0,30.0,0.0,18.63772816168912,60.52366095356216,10.0,30.0,0.0,17.44399369352876,65.06064945435769,12.0,30.0,2277.073458092619,19.168573981773294,58.542075304946269,19.9,30.0,0.0,19.842039466745818,0.0,0.0,0.0,16.778481376524256,0.0,0.0,828.2615998849241,1144.0675546634676,787.7993535368635,802.1599094838525,897.9517448104455,1373.2100198066983,862.9981276241508,885.2361387687826,875.1764349756458,9252.485421177791,81.37136039433365,84.25209963582255,570.0,0.0,570.0,570.0,21.0,16.0,19.0,19.0,12.0,12.0,21.0,10.0,1.0,0.0,581.7854474922954,0.0,1009.3041684557956,0.0,0.0,0.0,0.0,2277.073458092619,4359.478400331927,2615687.0401991566,3402237.2098645416,81.37136039433365,84.30102415154099,0.3153159466777309,0.691063862120604,0.3242532366176936,84.30102415154099,0.31883830374949886,3402237.2098645416,0.18964633491295614 
 04/20  22:20:00,10.643333333333335,95.66666666666667,2.89,0.0,0.0,0.0,0.0,0.0,2.0,0.0,0.0,4.0,0.0,0.0,0.0,819.0,0.0,0.0,0.0,0.0,0.0,0.0,0.0,0.0,0.0,0.0,0.0,21.37456531548702,-904.2578125262592,21.442516976026483,-116.79352453169889,21.023184371586696,-150.79951252538189,20.438234009380687,96.62400809165186,17.613179446341318,8.323266902413799,20.303631450564589,-25.45515529513914,18.449604074100578,65.4900621745837,17.43724813729116,-35.50944610743172,18.73893109104682,-195.3835061778554,516.5926071661507,619.4862421040818,0.0,0.0,0.0,0.0,0.0,0.0,0.0,0.0,0.0,0.0,0.0,0.0,0.0,0.0,0.0,0.0,0.0,0.0,0.0,0.0,0.0,0.0,0.9215484515604906,0.28130294614178588,221.71692711755413,258.1679408535231,4902.976405169244,0.031169633475441939,0.004757270066459391,28.639639597061128,33.37018850311221,631.8036905209525,1.6233002107142554,0.30674607156354036,243.8867328956219,284.74053887046758,5213.998526243244,0.24378056120315773,0.04606586568464807,158.75240156104145,185.8971078287995,3222.158272843991,0.0,0.0,8.432483255472122,9.973353917457228,118.14936124162048,0.0,0.0,11.77068653005564,13.766758371860679,233.81635181205383,0.0,0.0,162.33957657551663,191.34436752652582,2578.8872817149206,0.0,0.0,36.05013319459437,42.67691559337852,487.8917327258364,0.0,0.0,134.5765219700201,158.2555556252832,2314.0689518884917,27.841285382656296,19.095531812521466,251.40387613152235,295.0487545177916,5117.283841467691,0.0,0.0,126.46950358181707,149.9050105243245,1608.890275416119,1318.0084204021674,21.693965969679995,50.12389867227016,21.666666666666658,29.99999999999999,0.0,21.80956166065779,55.782398083894637,20.999999999999994,29.99999999999999,739.0865715616492,21.31026645668384,51.281782197081408,21.333333333333326,29.99999999999999,0.0,20.847253824197876,52.68656653937565,15.999999999999993,29.99999999999999,0.0,17.62321213947111,64.4559964511127,11.999999999999995,29.99999999999999,0.0,20.649858581084687,59.268900679556498,18.999999999999994,29.99999999999999,0.0,18.587896946950527,60.93116673651634,9.999999999999997,29.99999999999999,0.0,17.379222231929789,65.6805649742279,11.999999999999995,29.99999999999999,0.0,19.279170017989608,58.3167008087329,18.999999999999994,29.99999999999999,0.0,19.844483111668017,0.0,0.0,0.0,16.937655519771995,0.0,0.0,800.069597886566,1144.6329018840034,806.8639008171958,807.7452158554211,887.7387229899292,1337.800053189323,864.5538334013952,889.9267122337667,870.9924043307648,8147.590477141704,82.61742514960199,82.61742514960199,569.9999999999998,0.0,569.9999999999998,569.9999999999998,21.0,16.0,19.0,19.0,12.0,12.0,21.0,10.0,1.0,0.0,1318.0084204021674,0.0,739.0865715616492,0.0,0.0,0.0,0.0,0.0,0.0,0.0,0.0,82.61742514960199,82.61742514960199,0.3399999999999999,0.7696674972897211,0.36028137401965945,82.61742514960199,0.35426478194388735,0.0,0.012761666666666666 
 04/20  22:30:00,10.53,96.0,2.79,0.0,0.0,0.0,0.0,0.0,2.0,0.0,0.0,4.0,0.0,0.0,0.0,819.0,0.0,0.0,0.0,0.0,0.0,0.0,0.0,0.0,0.0,0.0,0.0,21.506089963913547,-751.8237790405405,21.449918813831233,-82.11565751009566,21.070153199161177,-113.6876859987824,20.42697476319338,263.7003056242777,17.611528432001476,10.192020368391408,20.311847430196477,-26.47391525435907,18.605986846221016,145.3891919857781,17.38081753721083,-68.63432252955383,19.01491945551265,-196.52359036028558,578.5186195790088,503.3048598099522,0.0,0.0,0.0,0.0,0.0,0.0,0.0,0.0,0.0,0.0,0.0,0.0,0.0,0.0,0.0,0.0,0.0,0.0,0.0,0.0,0.0,0.0,0.9409381714100324,0.2872216640445764,327.2733869995244,381.44535566204118,7306.755106851804,0.06769604832229537,0.010332119707310035,23.83064953191942,27.7846195338214,532.5950876931217,1.718181538677392,0.32467527185891767,352.7783020993586,412.3886820162967,7531.274724434147,0.2626783257793638,0.049636871840393729,220.04836094758117,257.44567917787938,4507.619549544219,0.0,0.0,8.800974265903453,10.405114012814462,125.28760369655447,0.0,0.0,10.939278874209395,12.79268966373715,220.0142132417938,0.0,0.0,126.04347916311572,148.2274482623384,2102.5863422459035,0.0,0.0,39.57838234767459,46.852971264437858,538.386945056347,0.0,0.0,95.60011991769952,112.01192154126817,1773.9072864522469,28.005705640306546,19.208302908303528,360.200073809932,422.46597165717949,7495.988656294397,0.0,0.0,89.01268221450742,105.3776232018682,1136.2817037393407,734.721703380756,21.849543810463204,49.845667114818528,21.666666666666658,29.99999999999999,0.0,21.827652314866638,56.408726293072238,20.999999999999994,29.99999999999999,0.0,21.29703005135302,51.57519588692293,20.999999999999994,29.99999999999999,0.0,20.861945142300415,52.86380321370787,15.999999999999993,29.99999999999999,0.0,17.621510507787737,64.61289403521298,11.999999999999995,29.99999999999999,0.0,20.662544652997729,58.36014422961122,18.999999999999994,29.99999999999999,0.0,18.8761332131414,60.13204784354478,9.999999999999997,29.99999999999999,0.0,17.301060599462426,66.28393905822982,11.999999999999995,29.99999999999999,1163.6584010828297,19.674552638100687,57.05174470648475,19.66666666666666,29.99999999999999,0.0,20.234138255181987,0.0,0.0,0.0,16.64597028180432,0.0,0.0,803.9473942608778,1177.8056124307164,811.839946780442,805.0914741144118,880.0760712506905,1321.1984063835762,856.663032074888,892.337025541304,856.5435030313963,10203.58342229467,81.25807666025185,83.51676691075144,569.9999999999998,0.0,569.9999999999998,569.9999999999998,21.0,16.0,19.0,19.0,12.0,12.0,21.0,10.0,1.0,0.0,734.721703380756,0.0,0.0,0.0,0.0,0.0,0.0,1163.6584010828297,3418.350320661686,2051010.1923970124,2656810.4130268238,81.25807666025185,83.55512696954196,0.34061167735538946,0.7686118358301273,0.36028137401965945,83.55512696954196,0.35426478194388735,2656810.4130268238,0.15094747481072813 
 04/20  22:40:00,10.416666666666666,96.33333333333333,2.6900000000000006,0.0,0.0,0.0,0.0,0.0,2.0,0.0,0.0,0.0,0.0,0.0,0.0,1092.0,0.0,0.0,0.0,0.0,0.0,0.0,0.0,0.0,0.0,0.0,0.0,20.902531444527356,-22.08504366733655,21.154860991344685,-415.8878368887272,20.808663079372864,-206.97354964922148,20.401330895907223,144.0574139263378,17.612023047443438,10.715439458951579,20.201938666703968,-31.55421825253032,18.519172271780648,-22.073115520214516,17.33809643012757,-25.78037210613843,18.90752567568586,-214.1256675847717,511.1228585957506,692.2091433619839,0.0,0.0,0.0,0.0,0.0,0.0,0.0,0.0,0.0,0.0,0.0,0.0,0.0,0.0,0.0,0.0,0.0,0.0,0.0,0.0,0.0,0.0,0.9091370872282314,0.277514373390791,230.9343771100112,270.16894830404507,4877.521051490626,0.13918069017972413,0.021242474081154478,161.8312889362416,189.2308231270352,3499.870867750814,1.509117703511631,0.2851696340724927,237.15857673332557,277.43483539696606,5038.312136239074,0.2393130268208244,0.045221660396981177,186.64288651934397,218.7705856452144,3848.7320541380879,0.0,0.0,8.836380966008946,10.459301333941946,127.80539827799176,0.0,0.0,10.722629973460777,12.557708990545472,215.48467899697827,0.0,0.0,166.92816112581094,196.85525853744597,2756.5582548491649,0.0,0.0,39.910888274858688,47.29903064529947,548.8526463215861,0.0,0.0,141.14913959704226,166.02918833142707,2538.643040881426,27.49767808177722,18.85986151013527,272.8530839732691,320.4304640518057,5674.96809941786,0.0,0.0,133.22837389676574,158.0261698107427,1769.7544770500195,0.0,21.033127003048038,54.20063870340043,21.75,30.0,0.0,21.317300986613327,51.97901261678214,12.0,30.0,0.0,21.07715224249808,52.99898269833054,21.25,30.0,0.0,20.79900938147671,53.950547013894247,12.0,30.0,0.0,17.623558153137478,64.83403569277387,12.0,30.0,0.0,20.53738862323854,57.867989029210878,12.0,30.0,0.0,18.675136661630228,61.54114597484825,10.0,30.0,0.0,17.259578939153625,66.55059078443392,12.0,30.0,0.0,19.431836944362784,58.49300370349933,19.0,30.0,0.0,19.879729480080728,0.0,0.0,0.0,17.00144445347634,0.0,0.0,901.7416259615762,823.3742112165404,841.6353492851571,848.9762421117955,876.6595677572937,1291.6178965508464,886.2570087938366,882.9828054341867,880.2172288225818,0.0,81.07781686970478,81.07781686970478,60.0,0.0,60.0,60.0,12.0,12.0,12.0,19.0,12.0,12.0,21.0,10.0,0.0,0.0,0.0,0.0,0.0,0.0,0.0,0.0,0.0,0.0,0.0,0.0,0.0,81.07781686970478,81.07781686970478,0.0,0.0,0.0,81.07781686970478,0.0,0.0,0.0013499999999999999 
 04/20  22:50:00,10.303333333333333,96.66666666666667,2.59,0.0,0.0,0.0,0.0,0.0,2.0,0.0,0.0,0.0,0.0,0.0,0.0,546.0,0.0,0.0,0.0,0.0,0.0,0.0,0.0,0.0,0.0,0.0,0.0,20.664596533257389,-106.05216474470763,20.85342910910793,-186.67984150571056,20.54285226811937,-58.17500980344448,20.292411280649597,56.53275691241291,17.60894920734313,8.843896057630645,20.08673546588249,-30.599278851466239,18.44245867533742,30.820046013249795,17.32835303980049,-23.997032227360479,18.57416491638032,-76.02118520896556,396.0797212548282,565.4389093667473,0.0,0.0,0.0,0.0,0.0,0.0,0.0,0.0,0.0,0.0,0.0,0.0,0.0,0.0,0.0,0.0,0.0,0.0,0.0,0.0,0.0,0.0,0.9626028868030957,0.29383482503147,160.67395026931906,187.86264041093973,3315.805784441245,0.16907839994664376,0.0258056165974731,89.50905760346352,104.80640679328818,1874.8821404074664,1.435124888610757,0.27118762067474636,137.68662936175924,161.08939921628258,2852.0418116534417,0.2085573630708071,0.039409932553062559,89.61975295786061,105.10130284187086,1842.559045843103,0.0,0.0,8.390526172312697,9.914288411233742,123.21881210272074,0.0,0.0,10.145667855549098,11.870625058101912,202.88087054932817,0.0,0.0,143.7908948147001,169.40414489615325,2370.4223537163745,0.0,0.0,36.76181005667891,43.493599972005,514.5852411259726,0.0,0.0,118.0017032182816,138.88675749708527,2016.6518142899759,26.989511160594796,18.51132452715693,155.18292966577196,182.33306667751109,3320.7388610333798,0.0,0.0,111.0658757760026,131.6863040158085,1441.6977375389566,0.0,20.658879993572144,54.01194311784838,22.0,30.0,0.0,20.846733863862604,52.93858077363686,12.0,30.0,0.0,20.646371583800787,54.281277763560698,22.0,30.0,0.0,20.597009749175184,54.59078775374481,12.0,30.0,0.0,17.619139532967883,65.18184837555845,12.0,30.0,0.0,20.365183552555274,57.709669191825138,12.0,30.0,0.0,18.54772103681343,61.95757888829931,10.0,30.0,0.0,17.267073030880256,66.79153081725448,12.0,30.0,0.0,18.84419610667697,60.9150568644977,19.5,30.0,0.0,19.43336211370019,0.0,0.0,0.0,16.70750291599244,0.0,0.0,817.5874681608068,784.9187526679825,833.0317124332005,844.1209581552944,880.6403030031038,1272.976041249538,875.0379905836494,883.3233538301739,888.5245444200548,0.0,81.07781686970478,81.07781686970478,60.0,0.0,60.0,60.0,12.0,12.0,12.0,19.0,12.0,12.0,21.0,10.0,0.0,0.0,0.0,0.0,0.0,0.0,0.0,0.0,0.0,0.0,0.0,0.0,0.0,81.07781686970478,81.07781686970478,0.0,0.0,0.0,81.07781686970478,0.0,0.0,0.0013433333333333334 
 04/20  23:00:00,10.19,97.0,2.49,0.0,0.0,0.0,0.0,0.0,2.0,0.0,0.0,0.0,0.0,0.0,0.0,546.0,0.0,0.0,0.0,0.0,0.0,0.0,0.0,0.0,0.0,0.0,0.0,20.389487695893189,-65.43450021916124,20.68509788388763,-243.53360649430807,20.350218259008714,-210.78738244385023,20.100914525506889,-63.046664242329828,17.601059294887194,4.4082892923733969,20.00337289027173,-21.906264745321694,18.525744981521109,104.04746178707456,17.27597990200271,-66.20732429605164,18.419740932387925,-21.291884939209895,446.39116095757256,241.82786004148557,0.0,0.0,0.0,0.0,0.0,0.0,0.0,0.0,0.0,0.0,0.0,0.0,0.0,0.0,0.0,0.0,0.0,0.0,0.0,0.0,0.0,0.0,0.9586697204196015,0.29263422479230818,335.7108558246187,392.90506697258607,6719.080937435516,0.15459500886367309,0.023595086822904927,173.3928273003379,202.5433432474368,3562.3376592789606,1.3516249122913263,0.25540909151385618,274.5682517853413,321.42084353694289,5557.396937347838,0.1833401267258021,0.034644770734278549,142.16401373638775,166.45944394979586,2841.2960321728517,0.0,0.0,6.973461323214823,8.242386186693644,103.82070771843162,0.0,0.0,9.489631325059542,11.106485755202666,189.84165157864283,0.0,0.0,74.64226706266996,87.85475239276502,1273.9180221344678,0.0,0.0,33.33700224132343,39.44197136520235,469.08884452833538,0.0,0.0,16.840937752630805,19.80654707943244,282.64557348727547,26.228282407550667,17.989219758265209,429.5354337590725,503.8901137933215,8527.495126906226,0.0,0.0,44.74316885595253,53.14045244109708,536.5232948384064,0.0,20.218755276748277,55.207141778813589,22.0,30.0,0.0,20.611301143483396,53.66231130958172,12.0,30.0,0.0,20.341334991556729,54.66810256473603,22.0,30.0,0.0,20.249772273056327,55.19907241036162,12.0,30.0,0.0,17.606626117438169,65.35810491234622,12.0,30.0,0.0,20.253650787770803,57.577355189201437,12.0,30.0,0.0,18.728201770362945,60.822044606309678,10.0,30.0,0.0,17.188489525144687,67.53636525519691,12.0,30.0,0.0,18.594970325270297,61.8284560225464,20.0,30.0,0.0,19.605554961566683,0.0,0.0,0.0,16.1152669713879,0.0,0.0,795.4305850004703,771.3820798806964,780.5953426632393,803.0203519847864,876.5084092689256,1263.4303858152858,829.9724935239071,898.8480506040776,883.1309002333183,0.0,81.07781686970478,81.07781686970478,60.0,0.0,60.0,60.0,12.0,12.0,12.0,19.0,12.0,12.0,21.0,10.0,0.0,0.0,0.0,0.0,0.0,0.0,0.0,0.0,0.0,0.0,0.0,0.0,0.0,81.07781686970478,81.07781686970478,0.0,0.0,0.0,81.07781686970478,0.0,0.0,0.0013366666666666664 
 04/20  23:10:00,10.073333333333335,97.16666666666667,2.461666666666667,0.0,0.0,0.0,0.0,0.0,2.0,0.0,0.0,0.0,0.0,0.0,0.0,546.0,0.0,0.0,0.0,0.0,0.0,0.0,0.0,0.0,0.0,0.0,0.0,20.315324812925945,-150.4163393383169,20.453704794907524,-189.96407914021484,20.134478843486837,-116.5468602594874,19.982678485706303,-81.31395229041527,17.59230539957645,5.290914844446945,19.939479023184654,-22.362444658821347,18.504942969537525,51.9759417266996,17.218377045806628,-61.956037284964398,18.218530960925916,-206.63391113004128,400.7258816793819,475.5144444173907,0.0,0.0,0.0,0.0,0.0,0.0,0.0,0.0,0.0,0.0,0.0,0.0,0.0,0.0,0.0,0.0,0.0,0.0,0.0,0.0,0.0,0.0,0.9471755215959377,0.2891256170927771,276.74220715327467,324.19877450527738,5557.4948165589289,0.1590129756130558,0.024269379672322318,134.1731246053359,157.3923433545189,2710.302035296503,1.474561643000985,0.27863976625113109,256.3704463941794,300.2816951719072,5094.659148453167,0.18886588202372887,0.035688942181354658,143.8217988744508,168.4994262883791,2858.1032019248289,0.0,0.0,6.762400390042194,7.98792149124367,102.099347235254,0.0,0.0,9.498739278475373,11.120626187420868,190.78338361628415,0.0,0.0,129.67908754624097,152.66628593893825,2230.4388704941877,0.0,0.0,33.796833437279968,39.99849196381763,478.0789070244749,0.0,0.0,71.24730631729695,84.01536742418182,1166.2632635282017,26.073785185168629,17.883254585163674,367.6577921917831,431.77952065843575,7333.014685831028,0.0,0.0,93.63092759047319,111.15613541332277,1174.7162877246329,0.0,20.14940403838856,55.06471406639366,22.0,30.0,0.0,20.26087400298168,54.33188795152897,12.0,30.0,0.0,20.012957152916639,55.40437366527725,22.0,30.0,0.0,20.070990356344568,55.55566268486802,12.0,30.0,0.0,17.594808494223487,65.42581560470845,12.0,30.0,0.0,20.1751691125562,57.374147895875129,12.0,30.0,0.0,18.677749513326263,60.99455573754351,10.0,30.0,0.0,17.107220654238476,67.70970231278929,12.0,30.0,0.0,18.242694575818044,62.98057831294226,20.0,30.0,0.0,19.44388534425586,0.0,0.0,0.0,16.274415573080377,0.0,0.0,761.9181955026485,726.3940865161371,750.1877087234205,785.5978795283113,870.28716337316,1249.314736288645,832.6596627202524,878.1445345847558,867.630067014119,0.0,81.07781686970478,81.07781686970478,60.0,0.0,60.0,60.0,12.0,12.0,12.0,19.0,12.0,12.0,21.0,10.0,0.0,0.0,0.0,0.0,0.0,0.0,0.0,0.0,0.0,0.0,0.0,0.0,0.0,81.07781686970478,81.07781686970478,0.0,0.0,0.0,81.07781686970478,0.0,0.0,0.00133 
 04/20  23:20:00,9.956666666666667,97.33333333333334,2.4333333333333337,0.0,0.0,0.0,0.0,0.0,2.0,0.0,0.0,0.0,0.0,0.0,0.0,273.0,0.0,0.0,0.0,0.0,0.0,0.0,0.0,0.0,0.0,0.0,0.0,20.24545467117882,5.4939583192081049,20.315071084999319,-225.49543801838355,20.027227027748184,-153.33632354886323,19.878044642835577,12.196237476326587,17.583298109375634,4.914133576095878,19.872999432611637,-18.981866451798568,18.447061599085587,18.459482358516654,17.17766029948072,-54.22196468987818,18.003725782220167,-201.19456643253535,369.9062642313911,528.3052485331105,0.0,0.0,0.0,0.0,0.0,0.0,0.0,0.0,0.0,0.0,0.0,0.0,0.0,0.0,0.0,0.0,0.0,0.0,0.0,0.0,0.0,0.0,0.9533224777927668,0.2910019773482194,234.51336794241065,273.81674384327257,4754.709548444923,0.15468413098790247,0.023608689100717715,173.64238505536347,202.81340957864667,3493.3065172682488,1.3941928750533688,0.26345292423533059,148.1735249522086,173.17994064205505,2949.9090423615027,0.19024176145144926,0.03594893451463515,101.75086367525458,118.87477115559044,2019.8444102865704,0.0,0.0,6.24951318745188,7.359401113899178,95.71999348431783,0.0,0.0,9.67285190360009,11.290067188269811,195.0311857111733,0.0,0.0,138.59109722740878,162.6596692169283,2388.1799190049957,0.0,0.0,32.211968085326429,38.00019416510517,460.3935288823343,0.0,0.0,84.11241233312694,98.94187447353274,1339.8387496787239,26.001740150210016,17.83384098093966,283.8626730348607,332.40770198276359,5758.8921163584859,0.0,0.0,105.99980217622586,125.38684305794075,1356.5638032776618,0.0,20.125311740188054,55.103757362621667,22.0,30.0,0.0,20.07717523971474,54.52436644696851,12.0,30.0,0.0,19.880605630203769,55.24298309675431,22.0,30.0,0.0,19.927617036229966,56.1097127909968,12.0,30.0,0.0,17.58364667873228,65.44915358354807,12.0,30.0,0.0,20.0900938128571,57.17255205833124,12.0,30.0,0.0,18.569379359984749,61.322904341507307,10.0,30.0,0.0,17.05952077577932,67.78726244268533,12.0,30.0,0.0,17.89822089870328,64.23671809767176,20.0,30.0,0.0,19.299063106352258,0.0,0.0,0.0,16.284139334313428,0.0,0.0,758.1238048471721,692.1134333663052,698.3704399799517,790.2671528469108,861.7614977166177,1231.8453422354094,828.973390684347,865.3230295814227,858.2701912082454,0.0,81.07781686970478,81.07781686970478,60.0,0.0,60.0,60.0,12.0,12.0,12.0,19.0,12.0,12.0,21.0,10.0,0.0,0.0,0.0,0.0,0.0,0.0,0.0,0.0,0.0,0.0,0.0,0.0,0.0,81.07781686970478,81.07781686970478,0.0,0.0,0.0,81.07781686970478,0.0,0.0,0.0013633333333333334 
 04/20  23:30:00,9.84,97.5,2.4050000000000004,0.0,0.0,0.0,0.0,0.0,2.0,0.0,0.0,0.0,0.0,0.0,0.0,546.0,0.0,0.0,0.0,0.0,0.0,0.0,0.0,0.0,0.0,0.0,0.0,20.092991482681023,-106.61931078148473,20.257543971624945,-139.12467613318234,19.976105188481538,-97.67007244543174,19.799108928188077,-48.910823798569939,17.57587693793385,5.385847808750057,19.823898284984695,-26.82449598442878,18.386821834348639,-10.20898545894579,17.15414574787387,-45.456880514987009,17.868846771804514,-227.54979635773749,343.9112749031692,578.8549493702553,0.0,0.0,0.0,0.0,0.0,0.0,0.0,0.0,0.0,0.0,0.0,0.0,0.0,0.0,0.0,0.0,0.0,0.0,0.0,0.0,0.0,0.0,0.961792090202213,0.2935873291215546,214.67850255403529,251.68180421327487,4300.324119143481,0.16844217231577725,0.025708512258207765,100.51325808039263,117.56155102028663,2036.1186175109606,1.5118975980536019,0.2856949353842786,177.49871874658079,208.21841696464873,3568.3745761716907,0.1919450504801936,0.03627079563117792,93.99417579164451,110.17524228973805,1866.156966388001,0.0,0.0,6.454492725589947,7.627241844611293,100.22851398632709,0.0,0.0,9.845154029899155,11.531665148006589,199.67505861625575,0.0,0.0,159.97365451934616,188.43428540126275,2760.4747802425815,0.0,0.0,29.994457203898955,35.5063987841704,434.62656248829168,0.0,0.0,104.73298339894396,123.66934196136723,1653.4261135553884,25.95905116613318,17.804561842341007,251.4440923309793,295.47635275125699,5147.786080250637,0.0,0.0,125.59413234360994,149.02763008504213,1641.5646654154344,0.0,19.878217445506004,55.606438788387539,22.0,30.0,0.0,20.06222366227287,54.57365862496407,12.0,30.0,0.0,19.8650369397015,55.5583687098806,22.0,30.0,0.0,19.81237530686268,56.12034708915293,12.0,30.0,0.0,17.576984983723656,65.43734017644701,12.0,30.0,0.0,20.037221235755664,57.10978448820617,12.0,30.0,0.0,18.46675188550902,61.60336019950365,10.0,30.0,0.0,17.04492533615604,67.70390506274497,12.0,30.0,0.0,17.71174314934823,64.84683591073096,20.0,30.0,0.0,19.16811035543809,0.0,0.0,0.0,16.30654440110547,0.0,0.0,734.1818278045828,697.422532661777,727.0729645121143,759.7151798622368,856.2649614522539,1222.8773438687866,819.7737957158215,852.5496111890318,845.8815133381634,0.0,81.07781686970478,81.07781686970478,60.0,0.0,60.0,60.0,12.0,12.0,12.0,19.0,12.0,12.0,21.0,10.0,0.0,0.0,0.0,0.0,0.0,0.0,0.0,0.0,0.0,0.0,0.0,0.0,0.0,81.07781686970478,81.07781686970478,0.0,0.0,0.0,81.07781686970478,0.0,0.0,0.0013966666666666668 
 04/20  23:40:00,9.723333333333333,97.66666666666666,2.3766666666666667,0.0,0.0,0.0,0.0,0.0,2.0,0.0,0.0,0.0,0.0,0.0,0.0,546.0,0.0,0.0,0.0,0.0,0.0,0.0,0.0,0.0,0.0,0.0,0.0,20.004757593647338,-140.58766680278223,20.1226947609538,-171.20427218086844,19.839027751286119,-126.58067086941947,19.72259461568311,-82.8520844101622,17.56589467234486,4.309202598540779,19.76972034747022,-30.685404939750869,18.274574549051807,-30.291853395491218,17.132928574475089,-40.941984585620279,17.726584062477586,-221.19122102165603,347.7152677738659,558.0513463418747,0.0,0.0,0.0,0.0,0.0,0.0,0.0,0.0,0.0,0.0,0.0,0.0,0.0,0.0,0.0,0.0,0.0,0.0,0.0,0.0,0.0,0.0,0.9587754260451584,0.29266649146677606,265.64709474159909,311.590957105872,5330.606933617872,0.16497851580580687,0.025179871154732429,129.55037574637135,152.1445599687932,2609.963450541492,1.5146538561493213,0.2862157702474153,242.70721440182769,284.6351512208146,4831.472462912277,0.18758949989905156,0.03544775130367564,137.29238776111863,161.0389155040627,2728.4791361768718,0.0,0.0,6.205677610786482,7.330696195266354,97.68024712816946,0.0,0.0,10.149596933578922,11.892265747667486,206.97238826076765,0.0,0.0,163.88058052972594,193.17780387217023,2804.6313403375477,0.0,0.0,26.258782416481517,31.081310058827559,385.98357542957896,0.0,0.0,111.70971566286512,132.03355098623187,1746.321582620952,25.805792797159066,17.699446362934894,351.4413904061365,413.1441863392324,7071.17229421849,0.0,0.0,130.17105316723653,154.5332927369364,1712.021608244596,0.0,19.78129815047383,55.51909704986089,22.0,30.0,0.0,19.873397610892029,54.7136512256806,12.0,30.0,0.0,19.66587414259762,55.72308615539367,22.0,30.0,0.0,19.71085656853218,56.07637058970391,12.0,30.0,0.0,17.566127832437986,65.3900724056192,12.0,30.0,0.0,19.974356519268264,56.96194344702835,12.0,30.0,0.0,18.273419432291399,62.02925446614354,10.0,30.0,0.0,17.032489394715218,67.5280458805365,12.0,30.0,0.0,17.509673413692715,65.41538232765065,20.0,30.0,0.0,19.146193577618015,0.0,0.0,0.0,16.228535893971995,0.0,0.0,708.9422275351222,669.4545927182799,692.9127886867241,733.4274026907629,849.2747384932887,1202.4629818901058,798.173954186723,837.243014761486,828.6990691586191,0.0,81.07781686970478,81.07781686970478,60.0,0.0,60.0,60.0,12.0,12.0,12.0,19.0,12.0,12.0,21.0,10.0,0.0,0.0,0.0,0.0,0.0,0.0,0.0,0.0,0.0,0.0,0.0,0.0,0.0,81.07781686970478,81.07781686970478,0.0,0.0,0.0,81.07781686970478,0.0,0.0,0.0014299999999999999 
 04/20  23:50:00,9.606666666666668,97.83333333333334,2.348333333333333,0.0,0.0,0.0,0.0,0.0,2.0,0.0,0.0,0.0,0.0,0.0,0.0,273.0,0.0,0.0,0.0,0.0,0.0,0.0,0.0,0.0,0.0,0.0,0.0,19.95878978159795,-12.876891679796245,20.03441652197936,-201.78601967359465,19.76715102473987,-143.8706175243542,19.6515149576065,-7.125025377940801,17.553673104309845,4.371066665087028,19.712352698539094,-27.657872567275036,18.198861457316477,-32.29123066759166,17.107520806207764,-41.43203354484467,17.60765831206944,-201.61203088093044,320.19148483751999,574.4242714691536,0.0,0.0,0.0,0.0,0.0,0.0,0.0,0.0,0.0,0.0,0.0,0.0,0.0,0.0,0.0,0.0,0.0,0.0,0.0,0.0,0.0,0.0,0.962246908999138,0.2937261626981496,218.6964757095082,255.659153330807,4445.199029313627,0.1614342404042732,0.02463892558062778,158.67002077060776,185.53585857402568,3210.1443586136895,1.4556641925307675,0.2750688194502585,140.02587978667948,163.8341365774145,2810.080474118966,0.19018667288112188,0.03593852473188243,95.5717930194442,111.77344419657696,1909.3527917670545,0.0,0.0,5.884936916606143,6.930331051291651,93.88408154175991,0.0,0.0,10.30441670966763,12.036179733947585,211.23526388222394,0.0,0.0,162.7218008010234,191.24765208986265,2787.933699904221,0.0,0.0,25.421934089976575,29.994576454704047,378.6917487710432,0.0,0.0,113.3932395439987,133.63591526765613,1763.8970264630937,25.779182440440708,17.68119508946551,262.412796271557,307.6131996297444,5394.711015602814,0.0,0.0,131.4207304727807,155.51741096637577,1744.9366301726805,0.0,19.7874196066197,55.44652807354119,22.0,30.0,0.0,19.774291063183015,54.56970190210397,12.0,30.0,0.0,19.59233236632142,55.256797308090188,22.0,30.0,0.0,19.631823354697706,56.394586507217088,12.0,30.0,0.0,17.551927111940964,65.28767298494891,12.0,30.0,0.0,19.904894917269627,56.797433253836427,12.0,30.0,0.0,18.159114982287038,62.35667415897,10.0,30.0,0.0,17.010241422746689,67.42418968796511,12.0,30.0,0.0,17.347917991351897,65.91797182987969,20.0,30.0,0.0,19.008501769521748,0.0,0.0,0.0,16.171013339158227,0.0,0.0,703.6159483822148,639.1812254439179,645.7087696604333,734.8899409269959,837.9853417238542,1178.817038751698,792.7379134606251,825.7488623368798,819.391039736471,0.0,81.07781686970478,81.07781686970478,60.0,0.0,60.0,60.0,12.0,12.0,12.0,19.0,12.0,12.0,21.0,10.0,0.0,0.0,0.0,0.0,0.0,0.0,0.0,0.0,0.0,0.0,0.0,0.0,0.0,81.07781686970478,81.07781686970478,0.0,0.0,0.0,81.07781686970478,0.0,0.0,0.0014466666666666667 
 04/20  24:00:00,9.49,98.0,2.32,0.0,0.0,0.0,0.0,0.0,2.0,0.0,0.0,0.0,0.0,0.0,0.0,546.0,0.0,0.0,0.0,0.0,0.0,0.0,0.0,0.0,0.0,0.0,0.0,19.839047291519966,-102.47636613956502,19.995176796268724,-131.03523184832319,19.729044407592647,-101.02723076219809,19.586073467871417,-60.160457427169379,17.54284527376319,3.576459532536205,19.66868725634845,-32.36256805116744,18.155995364781437,-35.610346620126168,17.084934799670884,-41.39447353677093,17.530808506619075,-208.47782504990506,308.1008190386565,571.3167260935193,0.0,0.0,0.0,0.0,0.0,0.0,0.0,0.0,0.0,0.0,0.0,0.0,0.0,0.0,0.0,0.0,0.0,0.0,0.0,0.0,0.0,0.0,0.9736268947126492,0.297199906810943,200.6453597320011,235.4319663237074,4053.046579452667,0.17227184242820016,0.026293016243620294,91.06063302373451,106.59219355315261,1859.2451163098027,1.5605618864791545,0.2948907570822289,174.55730927550096,204.96095237019055,3538.9735857872358,0.19208658901670334,0.03629754138637628,95.9344491641829,112.57087886795964,1921.5856998786615,0.0,0.0,6.031473490746413,7.127283326164974,97.45364610409514,0.0,0.0,10.265953912586376,12.032395780449715,211.8468545463599,0.0,0.0,167.8663343993084,197.9747013827702,2897.4941885805085,0.0,0.0,24.01490303271651,28.431140181253043,362.3747077668677,0.0,0.0,117.24713912278486,138.66510960778417,1830.8438939595013,25.800492286286017,17.695810895943777,238.55310159678317,280.5602798951703,4961.824690683153,0.0,0.0,134.35296980477248,159.53881542766838,1795.7292553514404,0.0,19.59890695821102,55.718287840286809,22.0,30.0,0.0,19.7793104846278,54.55095960855317,12.0,30.0,0.0,19.58945504935487,55.63609515215323,22.0,30.0,0.0,19.542837606996728,56.26874613267473,12.0,30.0,0.0,17.54133722938966,65.22386879528642,12.0,30.0,0.0,19.86106897127583,56.73804993845195,12.0,30.0,0.0,18.109389511658458,62.34259769400338,10.0,30.0,0.0,16.99351188318849,67.3248602804405,12.0,30.0,0.0,17.263332063490798,66.07416723376578,20.0,30.0,0.0,18.916973411707319,0.0,0.0,0.0,16.100046816153815,0.0,0.0,684.9799915884223,643.5978506830936,676.0977069156413,710.115917679185,829.9993866398912,1167.9172667362764,779.1650407907273,814.9233239490367,806.8413773079075,0.0,81.07781686970478,81.07781686970478,60.0,0.0,60.0,60.0,12.0,12.0,12.0,19.0,12.0,12.0,21.0,10.0,0.0,0.0,0.0,0.0,0.0,0.0,0.0,0.0,0.0,0.0,0.0,0.0,0.0,81.07781686970478,81.07781686970478,0.0,0.0,0.0,81.07781686970478,0.0,0.0,0.0014633333333333335 
 04/21  00:10:00,9.315000000000002,98.16666666666667,2.296666666666667,0.0,0.0,0.0,0.0,0.0,2.0,2.0,0.0,0.0,0.0,0.0,0.0,546.0,0.0,0.0,0.0,0.0,0.0,0.0,0.0,0.0,0.0,0.0,0.0,19.776873072104899,-131.37515515723499,19.884058114246,-155.9177484749698,19.615721635604076,-116.58057704255634,19.526238671511444,-84.83503351101627,17.52895396885067,2.089174587876059,19.62115282593357,-30.440714883106524,18.202251119361529,69.01570080038164,17.034307426762113,-69.66223598392384,17.578292972025865,-81.91933066763852,327.28666424273799,323.45661599397888,0.0,0.0,0.0,0.0,0.0,0.0,0.0,0.0,0.0,0.0,0.0,0.0,0.0,0.0,0.0,0.0,0.0,0.0,0.0,0.0,0.0,0.0,1.0001355127025305,0.305291670544118,257.2202262120586,301.9871709431441,5252.891463193655,0.17428263336028133,0.026599913516526454,125.48831796729619,147.51178485103027,2571.5729581986659,1.646281853154112,0.311088785554443,240.13763086958938,281.88411715646688,4869.722047590419,0.19443694690353437,0.03674167552976838,138.1523524999049,162.19199090842009,2795.4085622012037,0.0,0.0,5.93426262407751,7.011719361919226,97.78633638110439,0.0,0.0,9.90393616139703,11.612174477782892,206.90338861515927,0.0,0.0,77.17803586996041,90.98547768896072,1378.9285083856594,0.0,0.0,27.691920269268367,32.79527530368294,423.7311301843632,0.0,0.0,25.5646738870528,30.22397360498703,414.8863801793735,25.81767661453045,17.707597129307584,344.92915713282437,405.8346004169771,7092.975160591625,0.0,0.0,59.7560149285681,71.0745863723022,770.023316939052,0.0,19.542158750946855,55.45667987238712,22.0,30.0,0.0,19.629900581893858,54.59680597600628,12.0,30.0,0.0,19.429357284077108,55.6333281399854,22.0,30.0,0.0,19.47615899903024,56.077727677218977,12.0,30.0,0.0,17.525577961164474,65.04945126379767,12.0,30.0,0.0,19.812092295019846,56.57562037723255,12.0,30.0,0.0,18.238824639862949,60.98416307190543,10.0,30.0,0.0,16.92177446641068,67.31502293736996,12.0,30.0,0.0,17.396962460919597,65.36325534908272,20.0,30.0,0.0,18.925718098954364,0.0,0.0,0.0,15.676964617696094,0.0,0.0,663.102911588109,625.2674531334409,648.7860014311966,690.6477655532375,817.4124506972371,1156.2077239942442,729.6558059225165,800.8433422391806,860.5998134554102,0.0,81.07781686970478,81.07781686970478,60.0,0.0,60.0,60.0,12.0,12.0,12.0,19.0,12.0,12.0,21.0,10.0,0.0,0.0,0.0,0.0,0.0,0.0,0.0,0.0,0.0,0.0,0.0,0.0,0.0,81.07781686970478,81.07781686970478,0.0,0.0,0.0,81.07781686970478,0.0,0.0,0.00148 
 04/21  00:20:00,9.14,98.33333333333334,2.2733333333333336,0.0,0.0,0.0,0.0,0.0,2.0,2.0,0.0,0.0,0.0,0.0,0.0,273.0,0.0,0.0,0.0,0.0,0.0,0.0,0.0,0.0,0.0,0.0,0.0,19.74860457599381,-12.671523589209756,19.80982807718262,-190.73036189715914,19.55823863324659,-136.7337115229384,19.468838063882534,-11.072214865390834,17.512844827511587,2.5880576764205047,19.570242116443603,-26.88580636708639,18.241951507900965,30.04597153740997,16.976292099829974,-67.60672749899095,17.66598327696913,-88.54513787563303,303.87541998188137,344.76247193588486,0.0,0.0,0.0,0.0,0.0,0.0,0.0,0.0,0.0,0.0,0.0,0.0,0.0,0.0,0.0,0.0,0.0,0.0,0.0,0.0,0.0,0.0,1.0166476058745516,0.3103319920251989,208.87872588314327,244.43935097659384,4354.636373232086,0.17406254616957907,0.02656632267545468,152.08830745435012,178.03102027689239,3153.7988694590965,1.623474623960144,0.30677902947092686,133.09197066779198,155.88498497282058,2744.9840188856776,0.1994373650096909,0.037686576910372419,90.65613482402789,106.1301624499076,1859.580480961648,0.0,0.0,5.733715129042273,6.754868386673764,96.33004953768419,0.0,0.0,9.982320989585114,11.669498723190536,211.0450278544671,0.0,0.0,74.92418593573103,88.04109061559858,1377.3334389994914,0.0,0.0,28.595459463342047,33.767654177384127,443.34309860566727,0.0,0.0,25.007079281938933,29.454466289691923,423.5856782274984,25.905671335571275,17.767950161571524,248.9782640519789,292.17922902254517,5281.659814371727,0.0,0.0,59.80304527782064,70.942807210671,777.0574014430058,0.0,19.568939515402037,55.273955967197689,22.0,30.0,0.0,19.551688400433986,54.3643503444931,12.0,30.0,0.0,19.37618695704013,55.04058516923862,22.0,30.0,0.0,19.423209709692384,56.29424744707037,12.0,30.0,0.0,17.50651432996267,64.7856119597479,12.0,30.0,0.0,19.7555758661566,56.399786738581948,12.0,30.0,0.0,18.322634083278495,60.463315037701018,10.0,30.0,0.0,16.841499119908958,67.2387161948235,12.0,30.0,0.0,17.57751596923243,64.34404311501443,20.0,30.0,0.0,18.78223855504133,0.0,0.0,0.0,15.549002716314469,0.0,0.0,655.1043143636189,600.8987951048752,608.1261550946025,693.8130972603505,800.7212008459003,1146.0277929669847,726.588488721258,780.3863831802074,899.2994461006013,0.0,81.07781686970478,81.07781686970478,60.0,0.0,60.0,60.0,12.0,12.0,12.0,19.0,12.0,12.0,21.0,10.0,0.0,0.0,0.0,0.0,0.0,0.0,0.0,0.0,0.0,0.0,0.0,0.0,0.0,81.07781686970478,81.07781686970478,0.0,0.0,0.0,81.07781686970478,0.0,0.0,0.0015033333333333336 
 04/21  00:30:00,8.965,98.5,2.25,0.0,0.0,0.0,0.0,0.0,2.0,2.0,0.0,0.0,0.0,0.0,0.0,546.0,0.0,0.0,0.0,0.0,0.0,0.0,0.0,0.0,0.0,0.0,0.0,19.641205173482175,-97.04463544596774,19.776210738622674,-122.64316096917116,19.526565718196467,-96.05730236852287,19.409001548869165,-61.12519679666707,17.499207832779378,1.7094732214377615,19.531439768465455,-25.70639888638493,18.24967974968616,35.54377701216572,16.927703101364853,-80.35110313373417,17.698423166978544,-89.96859408914537,306.715471968585,361.317902085789,0.0,0.0,0.0,0.0,0.0,0.0,0.0,0.0,0.0,0.0,0.0,0.0,0.0,0.0,0.0,0.0,0.0,0.0,0.0,0.0,0.0,0.0,1.044536980428416,0.31884523212100615,197.37504690619725,231.85025632421847,4119.106457486183,0.18685585642905379,0.028518903606387946,91.17658023615351,106.86373719744654,1920.6148084800676,1.7502567765455384,0.3307363523328683,175.50966336820688,206.3150150685824,3676.2132513931567,0.20361945522381237,0.038476843390743069,97.51049865178625,114.56394970663189,2018.5051292454494,0.0,0.0,5.932562723090319,7.0138056357388038,101.55194136457979,0.0,0.0,9.602495259544634,11.264557935696694,205.6524567695647,0.0,0.0,76.75796541337339,90.4971614761251,1441.0981864201022,0.0,0.0,31.29832259251709,37.09088476984854,492.32044009969118,0.0,0.0,23.39580250899181,27.645212170651094,407.40104219532886,26.04476348628875,17.86334944189901,240.8409070084802,283.5880917399067,5187.555250824886,0.0,0.0,60.12824300739466,71.59168547136626,790.8332891124819,0.0,19.396047441811957,55.48439760230193,22.0,30.0,0.0,19.56261605388079,54.346391312477148,12.0,30.0,0.0,19.37919278469157,55.43508359619608,22.0,30.0,0.0,19.34499879309924,56.06112207125442,12.0,30.0,0.0,17.49306589114962,64.62994244203705,12.0,30.0,0.0,19.722149629078289,56.30710130103242,12.0,30.0,0.0,18.348208880061156,60.083226925622799,10.0,30.0,0.0,16.780882228204726,67.14220878921756,12.0,30.0,0.0,17.645923158162345,63.83540082890681,20.0,30.0,0.0,18.720680128832976,0.0,0.0,0.0,15.453343834484784,0.0,0.0,643.5095599170898,607.0298877395283,637.6399601730286,674.1577548927473,790.0222774665041,1146.506299134947,714.6752615728974,764.2603808384952,905.5307878777,0.0,81.07781686970478,81.07781686970478,60.0,0.0,60.0,60.0,12.0,12.0,12.0,19.0,12.0,12.0,21.0,10.0,0.0,0.0,0.0,0.0,0.0,0.0,0.0,0.0,0.0,0.0,0.0,0.0,0.0,81.07781686970478,81.07781686970478,0.0,0.0,0.0,81.07781686970478,0.0,0.0,0.0015266666666666667 
 04/21  00:40:00,8.79,98.66666666666667,2.2266666666666667,0.0,0.0,0.0,0.0,0.0,2.0,2.0,0.0,0.0,0.0,0.0,0.0,273.0,0.0,0.0,0.0,0.0,0.0,0.0,0.0,0.0,0.0,0.0,0.0,19.51791460156285,-141.91973844199584,19.76224755709778,-16.337204263914204,19.50294522472857,-25.312931313666014,19.32641408946553,-95.60771545047055,17.481150665349867,1.6122906738583823,19.484557938392955,-24.640823910020687,18.244079928093869,36.44501105828567,16.86421423588635,-80.96799231279749,17.735228751369129,-89.25260394274597,280.6770691861484,369.99471508907257,0.0,0.0,0.0,0.0,0.0,0.0,0.0,0.0,0.0,0.0,0.0,0.0,0.0,0.0,0.0,0.0,0.0,0.0,0.0,0.0,0.0,0.0,1.0753460886309617,0.3282497218043228,139.58376289599949,163.59876183635687,2919.038263358231,0.19385461104217739,0.029587089597401925,8.34953005228929,9.773862467559555,183.74114044647335,1.8496626829831247,0.3495205372228128,182.41706324658035,213.63798692348477,3889.28667617463,0.20580459609229827,0.03888975738705559,85.22926424680424,99.88260667087704,1776.6700102044648,0.0,0.0,6.009013113238498,7.081827418977593,104.77405395268527,0.0,0.0,9.486350223255743,11.095876597940073,205.66674638535447,0.0,0.0,77.18788040277278,90.71581857177213,1476.971963232638,0.0,0.0,32.45605529424531,38.3564349308181,516.6823912904453,0.0,0.0,22.156338101894396,26.090141087939608,397.1265734350911,26.13862602079342,17.927727037581229,183.70496232929714,215.84030540056265,4089.8082746466927,0.0,0.0,59.664670239816398,70.8441616056021,794.5378877558738,0.0,19.207889313715424,55.784676888818669,22.0,30.0,0.0,19.601343803713477,54.007030015146877,12.0,30.0,0.0,19.392257250172514,55.73394807601577,22.0,30.0,0.0,19.230235434228868,55.81661411001523,12.0,30.0,0.0,17.471751082289033,64.35509415997865,12.0,30.0,0.0,19.672114924932619,56.10903624619933,12.0,30.0,0.0,18.34876038516458,59.82193593285968,10.0,30.0,0.0,16.69351084415132,67.1819636610159,12.0,30.0,0.0,17.722946135859229,63.21494474944216,20.0,30.0,0.0,18.562263337337453,0.0,0.0,0.0,15.35400847503604,0.0,0.0,639.9311759239959,603.3255418542264,659.5349004062784,652.5520805488193,773.6831759721301,1144.7997346030286,700.6913924057867,752.6555084851005,912.6072550087632,0.0,81.07781686970478,81.07781686970478,60.0,0.0,60.0,60.0,12.0,12.0,12.0,19.0,12.0,12.0,21.0,10.0,0.0,0.0,0.0,0.0,0.0,0.0,0.0,0.0,0.0,0.0,0.0,0.0,0.0,81.07781686970478,81.07781686970478,0.0,0.0,0.0,81.07781686970478,0.0,0.0,0.00155 
 04/21  00:50:00,8.615,98.83333333333333,2.2033333333333338,0.0,0.0,0.0,0.0,0.0,2.0,2.0,0.0,0.0,0.0,0.0,0.0,273.0,0.0,0.0,0.0,0.0,0.0,0.0,0.0,0.0,0.0,0.0,0.0,19.60693857276381,8.335251725911803,19.607850580168269,-270.0907944372957,19.33125322652804,-223.24452215058683,19.32444864216575,12.122458550848024,17.464134858450295,1.200996668627539,19.444784050500038,-19.536082735549884,18.199694349032624,9.743307795904457,16.81104774313654,-84.82091965004895,17.75196720576846,-86.6063692380825,342.67651755504996,375.7997356170306,0.0,0.0,0.0,0.0,0.0,0.0,0.0,0.0,0.0,0.0,0.0,0.0,0.0,0.0,0.0,0.0,0.0,0.0,0.0,0.0,0.0,0.0,1.0723481177423398,0.3273345902754395,251.56792996715638,294.6182496562415,5455.08854317348,0.17962772463816993,0.027415708888609576,174.4687215213553,204.45861349657754,3728.619309556686,1.7534664745811235,0.33134287123604008,194.60250446642886,228.2405911251131,4100.884692125296,0.21573448004140223,0.04076615269111908,129.02753293074876,151.17514052687506,2746.889861027534,0.0,0.0,5.621267639398948,6.6260485817823169,99.78862290288483,0.0,0.0,9.586015159134032,11.215403776368979,210.51602010434187,0.0,0.0,72.14829425680907,84.8251361084246,1395.5385509137853,0.0,0.0,33.14910889643883,39.1894232450959,535.121975672145,0.0,0.0,20.660932661039927,24.32893310365409,379.09877532082148,26.26755895187353,18.016158403205446,334.7592543666918,393.0946294746598,7261.164761872445,0.0,0.0,58.459858875767427,69.44556259135115,787.4291375528035,0.0,19.463359642699243,54.81275420851014,22.0,30.0,0.0,19.33694180394035,54.279013034643899,12.0,30.0,0.0,19.09498007400817,55.13235448457032,22.0,30.0,0.0,19.28644206463421,56.11844059512795,12.0,30.0,0.0,17.45330566260135,64.19010086170286,12.0,30.0,0.0,19.636192800715326,55.921489668119779,12.0,30.0,0.0,18.274816816022889,59.83108212281323,10.0,30.0,0.0,16.627441649656466,67.15306859022977,12.0,30.0,0.0,17.76078798078993,62.822269186829007,20.0,30.0,0.0,18.703268771679136,0.0,0.0,0.0,15.251979454369258,0.0,0.0,623.6455430018389,581.0122692221148,584.538234777078,667.4534239271037,765.1004871107457,1137.3096940252474,703.9467617080277,745.9768632226719,917.6407604156507,0.0,81.07781686970478,81.07781686970478,60.0,0.0,60.0,60.0,12.0,12.0,12.0,19.0,12.0,12.0,21.0,10.0,0.0,0.0,0.0,0.0,0.0,0.0,0.0,0.0,0.0,0.0,0.0,0.0,0.0,81.07781686970478,81.07781686970478,0.0,0.0,0.0,81.07781686970478,0.0,0.0,0.00155 
 04/21  01:00:00,8.44,99.0,2.18,0.0,0.0,0.0,0.0,0.0,2.0,2.0,0.0,0.0,0.0,0.0,0.0,546.0,0.0,0.0,0.0,0.0,0.0,0.0,0.0,0.0,0.0,0.0,0.0,19.4623946500092,-113.57969965470966,19.578608148601476,-98.47950632822563,19.34019852804206,-41.06237469569396,19.254609227550277,-78.23455589179616,17.448174959954416,0.43647202305007229,19.40684873500954,-22.30879346068872,18.19194208154832,23.903442230872089,16.761430241159496,-94.70476264231081,17.758858323360326,-83.65629266563906,323.5654544341469,377.0459433857661,0.0,0.0,0.0,0.0,0.0,0.0,0.0,0.0,0.0,0.0,0.0,0.0,0.0,0.0,0.0,0.0,0.0,0.0,0.0,0.0,0.0,0.0,1.1051663150881144,0.337352355033002,231.2496407954082,272.0672939619815,4976.503618141856,0.1990527439574514,0.030380455426961454,112.42651489762128,132.01414842400164,2447.698485002365,1.945008971248102,0.3675375984973739,208.29651966899125,245.2641765999988,4505.134974388655,0.21076634395589667,0.039827351465588928,116.31268457858173,136.9157240614385,2491.2683219161228,0.0,0.0,5.955414293969907,7.044927614378043,107.58400947673907,0.0,0.0,9.337560243888199,10.961978842244325,207.62818736711049,0.0,0.0,74.73386555946556,88.16478227902361,1471.787772350457,0.0,0.0,34.41832796031301,40.83297333311643,563.5743295775908,0.0,0.0,19.10064450949736,22.56697366110052,357.71480802085508,26.332583233196908,18.060756675718048,298.5876932694291,352.1516178867611,6579.6291693584839,0.0,0.0,57.78450582409367,68.8988496675004,785.9528000986718,0.0,19.204799530782464,55.46724334310369,22.0,30.0,0.0,19.369997356444708,54.36423038652174,12.0,30.0,0.0,19.19048025701619,55.40895340988767,22.0,30.0,0.0,19.179769088227248,55.81880066292085,12.0,30.0,0.0,17.437768242584988,64.0241827857382,12.0,30.0,0.0,19.602928496922844,55.844887077589039,12.0,30.0,0.0,18.279017910125405,59.50298142790703,10.0,30.0,0.0,16.569321979650778,67.1576521301204,12.0,30.0,0.0,17.780117361291759,62.56119484709962,20.0,30.0,0.0,18.582539088638208,0.0,0.0,0.0,15.142508904516996,0.0,0.0,625.6893820497962,593.1681351188645,618.6165528349693,647.3286249342374,754.2862985789116,1137.6032227227384,687.8370749399172,737.5713601029484,920.8456547223623,0.0,81.07781686970478,81.07781686970478,60.0,0.0,60.0,60.0,12.0,12.0,12.0,19.0,12.0,12.0,21.0,10.0,0.0,0.0,0.0,0.0,0.0,0.0,0.0,0.0,0.0,0.0,0.0,0.0,0.0,81.07781686970478,81.07781686970478,0.0,0.0,0.0,81.07781686970478,0.0,0.0,0.00155 
 04/21  01:10:00,8.386666666666667,99.0,2.226666666666667,0.0,0.0,0.0,0.0,0.0,2.0,2.0,0.0,0.0,0.0,0.0,0.0,273.0,0.0,0.0,0.0,0.0,0.0,0.0,0.0,0.0,0.0,0.0,0.0,19.344955320730546,-141.04364187240663,19.573878249095914,-16.57119563234386,19.32898359161152,-26.965919037145797,19.174046533336428,-99.61163393789139,17.42725158610105,0.06115436099824478,19.36292355099271,-21.250421740636967,18.164427895390664,23.282741111134329,16.69904060517442,-94.61256215339813,17.76826838174506,-80.5115142552578,275.3128003536158,381.03319266867745,0.0,0.0,0.0,0.0,0.0,0.0,0.0,0.0,0.0,0.0,0.0,0.0,0.0,0.0,0.0,0.0,0.0,0.0,0.0,0.0,0.0,0.0,1.114967520502414,0.3403441759775379,130.30088690572027,152.85914033777628,2788.4373797502264,0.2020461681181577,0.030837327246361069,8.311959532838698,9.738770353026823,186.9495013633296,1.9416691034235212,0.3669064821284055,173.33730401748213,203.18125485590893,3781.6652622851904,0.21202610428633943,0.04006540141465218,83.78097169756657,98.27089696819391,1788.1163953450528,0.0,0.0,5.89963362025615,6.956287965079526,106.97172852458938,0.0,0.0,9.220874707510252,10.79305297351365,205.24767330373096,0.0,0.0,74.26737439670844,87.33810964442911,1466.0067999669623,0.0,0.0,34.90731744618469,41.294691956756349,569.8908028416491,0.0,0.0,18.025648210152374,21.225671770384805,340.5079086923408,26.25841397542226,18.00988612854751,174.7378995523285,205.496811476519,4005.94051396481,0.0,0.0,56.902535885399768,67.65911925464077,767.9836543881125,0.0,19.031216651735766,55.49180959891766,22.0,30.0,0.0,19.416947020603545,53.87626630460915,12.0,30.0,0.0,19.21680723003387,55.63272117862873,22.0,30.0,0.0,19.067873473689347,55.467969028947539,12.0,30.0,0.0,17.413136737157147,63.74191261091141,12.0,30.0,0.0,19.55446737372031,55.65152345180346,12.0,30.0,0.0,18.243838581354966,59.486817972798238,10.0,30.0,0.0,16.485992124509634,67.15305539440218,12.0,30.0,0.0,17.804207058314416,62.164062875827209,20.0,30.0,0.0,18.37238843111255,0.0,0.0,0.0,15.03172030405625,0.0,0.0,618.0128329337812,586.5145810712371,638.53578596851,629.8624746492164,738.194334727537,1133.7637170524902,679.4784325239435,727.0501977054125,926.2722348493396,0.0,81.07781686970478,81.07781686970478,60.0,0.0,60.0,60.0,12.0,12.0,12.0,19.0,12.0,12.0,21.0,10.0,0.0,0.0,0.0,0.0,0.0,0.0,0.0,0.0,0.0,0.0,0.0,0.0,0.0,81.07781686970478,81.07781686970478,0.0,0.0,0.0,81.07781686970478,0.0,0.0,0.00155 
 04/21  01:20:00,8.333333333333333,99.00000000000002,2.2733333333333336,0.0,0.0,0.0,0.0,0.0,2.0,2.0,0.0,0.0,0.0,0.0,0.0,546.0,0.0,0.0,0.0,0.0,0.0,0.0,0.0,0.0,0.0,0.0,0.0,19.35837235085736,-59.21650480594826,19.48847037142785,-160.8934563505521,19.228792045474078,-139.2788574782203,19.14710205480049,-48.75814302079061,17.410283808325976,-0.5259663409265585,19.329091432085105,-19.27625544951735,18.128390443767104,8.010052932019335,16.650497618089653,-103.71419573725359,17.770977124825046,-75.39195957041102,313.96889441769147,379.6650759849416,0.0,0.0,0.0,0.0,0.0,0.0,0.0,0.0,0.0,0.0,0.0,0.0,0.0,0.0,0.0,0.0,0.0,0.0,0.0,0.0,0.0,0.0,1.0996103209116095,0.33565638611465489,205.73226431447746,242.1685060697563,4455.917415088957,0.19192478958654103,0.02929255030319613,91.22650108229,107.57350638282266,1987.8879783868529,1.9099400764568482,0.3609108232155799,214.4966003753052,252.3395415304265,4625.014058479822,0.2145823708509107,0.040548444983165277,120.67189131242694,141.9913640174247,2586.002327270101,0.0,0.0,5.711646071872811,6.755721799616134,103.94306639154775,0.0,0.0,9.273315123439096,10.890712756659319,206.78821120792066,0.0,0.0,71.07594247532292,83.85945965069374,1402.9271451546438,0.0,0.0,35.52786243723506,42.170075690508557,579.6674526189277,0.0,0.0,16.391527393297957,19.36396250277061,311.5899303709514,26.155771598697787,17.939486693208367,285.33032417199567,336.6141130272973,6304.5477436714959,0.0,0.0,55.45409124555006,66.17191233605817,741.7391692734332,0.0,19.132708966935469,55.0030511239289,22.0,30.0,0.0,19.28462356929311,53.77503454009127,12.0,30.0,0.0,19.058451291783,55.13226463967002,22.0,30.0,0.0,19.069797356744734,55.62938470449137,12.0,30.0,0.0,17.397087975880134,63.59444552101602,12.0,30.0,0.0,19.525907244354316,55.514773592985907,12.0,30.0,0.0,18.193052710853455,59.213027633915377,10.0,30.0,0.0,16.430355872668064,67.09497004838605,12.0,30.0,0.0,17.815699499226569,61.92378133280907,20.0,30.0,0.0,18.47024862761836,0.0,0.0,0.0,14.919345813884079,0.0,0.0,608.8412603024847,572.7878255824915,599.7691034896234,633.5650882834293,731.1046172528186,1127.9063981350778,672.5156629520895,722.0327643262381,931.7352501281234,0.0,81.07781686970478,81.07781686970478,60.0,0.0,60.0,60.0,12.0,12.0,12.0,19.0,12.0,12.0,21.0,10.0,0.0,0.0,0.0,0.0,0.0,0.0,0.0,0.0,0.0,0.0,0.0,0.0,0.0,81.07781686970478,81.07781686970478,0.0,0.0,0.0,81.07781686970478,0.0,0.0,0.0015433333333333335 
 04/21  01:30:00,8.28,99.0,2.3200000000000005,0.0,0.0,0.0,0.0,0.0,2.0,2.0,0.0,0.0,0.0,0.0,0.0,273.0,0.0,0.0,0.0,0.0,0.0,0.0,0.0,0.0,0.0,0.0,0.0,19.37109060468896,-4.477571741726933,19.385457154774934,-213.81122237043656,19.157138381460166,-139.19761525169089,19.124183886679299,-4.552165497661463,17.38832583368829,-0.8006009949058637,19.287158082297468,-17.899653822664847,18.088762872380319,4.54683567090342,16.588061234160369,-103.42363982439247,17.776041335054864,-70.66889766074672,291.81791021262236,381.82682853786539,0.0,0.0,0.0,0.0,0.0,0.0,0.0,0.0,0.0,0.0,0.0,0.0,0.0,0.0,0.0,0.0,0.0,0.0,0.0,0.0,0.0,0.0,1.0982270102219119,0.3352341301043687,176.73621354450749,207.2213787059111,3872.5866231598145,0.19137262087352176,0.02920827546909673,143.2481023626796,168.02925946820097,3103.3854543917316,1.890640524712271,0.35726389355863039,112.40979713614611,131.92732431245927,2436.0337104481729,0.2165443048523025,0.04091918081109267,89.6648207611422,105.16149194249101,1932.5696206259045,0.0,0.0,5.5618801481381709,6.559425827755576,101.58263802905872,0.0,0.0,9.21987168607081,10.795617611072843,205.8626913880471,0.0,0.0,69.44939955896979,81.71245988833988,1371.2681201292106,0.0,0.0,35.854024078705219,42.43792535668082,583.3541481001394,0.0,0.0,15.249476932257894,17.95585195974061,292.1291690585663,26.052538222498293,17.868681908435048,214.12065037371176,251.8065254948739,4832.802540591325,0.0,0.0,54.357274494933907,64.68711608859823,721.5380727103125,0.0,19.2120517828102,54.30240927228094,22.0,30.0,0.0,19.138892271497796,53.75013171694884,12.0,30.0,0.0,18.970531233981104,54.47967555478998,22.0,30.0,0.0,19.068313257080619,55.69368306589229,12.0,30.0,0.0,17.371735810039778,63.316823140886828,12.0,30.0,0.0,19.4805173041735,55.28034563880016,12.0,30.0,0.0,18.13693958228174,59.05231512291127,10.0,30.0,0.0,16.348394112509479,67.08416414948974,12.0,30.0,0.0,17.832241109621906,61.561742128883228,20.0,30.0,0.0,18.361855966706409,0.0,0.0,0.0,14.810344166572305,0.0,0.0,588.488530237929,559.6321668220192,570.5675385223398,635.9897405831451,716.9111212727418,1118.5583232967452,669.1244443204537,715.1118439875559,941.9565370928398,0.0,81.07781686970478,81.07781686970478,60.0,0.0,60.0,60.0,12.0,12.0,12.0,19.0,12.0,12.0,21.0,10.0,0.0,0.0,0.0,0.0,0.0,0.0,0.0,0.0,0.0,0.0,0.0,0.0,0.0,81.07781686970478,81.07781686970478,0.0,0.0,0.0,81.07781686970478,0.0,0.0,0.0015366666666666667 
 04/21  01:40:00,8.226666666666667,99.0,2.3666666666666669,0.0,0.0,0.0,0.0,0.0,2.0,2.0,0.0,0.0,0.0,0.0,0.0,546.0,0.0,0.0,0.0,0.0,0.0,0.0,0.0,0.0,0.0,0.0,0.0,19.243934485787887,-108.65916404783047,19.358837590823538,-104.26045010592225,19.138016651078524,-81.42463938680203,19.063925935175626,-73.29383654149683,17.370567163276289,-1.245719306755447,19.252711774705128,-19.431918854128896,18.0691572263444,7.6021522190674208,16.538581985552875,-112.87101129932285,17.777819756910419,-63.19939502277771,310.4058223667653,378.9979475921102,0.0,0.0,0.0,0.0,0.0,0.0,0.0,0.0,0.0,0.0,0.0,0.0,0.0,0.0,0.0,0.0,0.0,0.0,0.0,0.0,0.0,0.0,1.1099464593848836,0.33881149553873127,212.4706356663766,250.06283823391497,4581.107083496484,0.20064579644849374,0.030623595306546668,102.80460543548883,120.7798316196802,2239.4657794904817,1.9489785670328937,0.36828771107953409,191.1193202803807,225.07523596106746,4144.478854811982,0.21175607761528154,0.04001437596660648,105.98472094330359,124.79227127085044,2274.6644317977486,0.0,0.0,5.773485131846506,6.832434501589246,105.82868905531007,0.0,0.0,9.103662231055625,10.694492233437419,203.59363409701767,0.0,0.0,69.66134807067164,82.23418947614498,1380.283475083928,0.0,0.0,36.64403773102815,43.51915290936087,595.8103436052563,0.0,0.0,13.55433715621227,16.01253149190297,261.23001789631629,25.945587731671254,17.795327662325968,272.79980256555748,321.80351463766808,6060.752657050941,0.0,0.0,53.09250155445332,63.40803339887597,698.7912892517708,0.0,18.990400443335998,54.839227888089698,22.0,30.0,0.0,19.159352649442249,53.78723291931872,12.0,30.0,0.0,18.991313672740576,54.79881608033914,22.0,30.0,0.0,18.978567420623209,55.20816291914782,12.0,30.0,0.0,17.355393182691758,63.11764712794987,12.0,30.0,0.0,19.449595783265985,55.1682120969203,12.0,30.0,0.0,18.121932708275723,58.71963279090442,10.0,30.0,0.0,16.292109744988175,66.99230783146806,12.0,30.0,0.0,17.842547198084838,61.331782434934037,20.0,30.0,0.0,18.396752707303869,0.0,0.0,0.0,14.702226514471345,0.0,0.0,593.6689580579864,567.1372867118312,589.7831993817181,615.6992438571087,707.9327603360375,1115.2796859303465,650.7494355609135,705.8756004705285,950.105534717371,0.0,81.07781686970478,81.07781686970478,60.0,0.0,60.0,60.0,12.0,12.0,12.0,19.0,12.0,12.0,21.0,10.0,0.0,0.0,0.0,0.0,0.0,0.0,0.0,0.0,0.0,0.0,0.0,0.0,0.0,81.07781686970478,81.07781686970478,0.0,0.0,0.0,81.07781686970478,0.0,0.0,0.00153 
 04/21  01:50:00,8.173333333333332,99.0,2.4133333333333337,0.0,0.0,0.0,0.0,0.0,2.0,2.0,0.0,0.0,0.0,0.0,0.0,273.0,0.0,0.0,0.0,0.0,0.0,0.0,0.0,0.0,0.0,0.0,0.0,19.14609531851259,-128.6493928985401,19.35225785951146,-15.516871014657227,19.11963060507539,-25.45589055388882,18.99194741982017,-99.12506556755625,17.347815847592618,-1.0754755434242043,19.210141438752815,-19.56085388974111,18.036073119776657,11.50562935233711,16.47504175007161,-113.12655144614223,17.784944982551126,-55.15261243314802,268.8697333357968,377.40407335382749,0.0,0.0,0.0,0.0,0.0,0.0,0.0,0.0,0.0,0.0,0.0,0.0,0.0,0.0,0.0,0.0,0.0,0.0,0.0,0.0,0.0,0.0,1.1214415594749659,0.3423203783501117,129.06634604292757,151.53178592602468,2772.0873333760825,0.20279954277371069,0.030952311168148763,8.553064142393808,10.030364744614932,192.32871831426798,2.0078807842606647,0.37941813761539408,184.78963793732067,216.80200494809467,4033.3918728920828,0.21162667906808295,0.0399899242381109,94.34514513854804,110.75460929014844,2018.6092666002745,0.0,0.0,5.912205058053444,6.974234326616434,108.7546948661797,0.0,0.0,9.103035299480754,10.662596347320193,203.81385110240346,0.0,0.0,69.3832472466725,81.65521084015883,1377.2566518398856,0.0,0.0,37.12516608372288,43.96774511750023,601.8512143960821,0.0,0.0,12.036462034662538,14.171821022822656,233.85300502074026,25.826311254378344,17.713519378860324,186.2578798850582,219.19310730402914,4255.185338821401,0.0,0.0,51.79344214524618,61.68890650699722,676.4959016370033,0.0,18.850196877262929,54.8567400662908,22.0,30.0,0.0,19.200947161517776,53.40797115424402,12.0,30.0,0.0,19.00583401267484,55.08469211140922,22.0,30.0,0.0,18.878878862051136,54.81892781185505,12.0,30.0,0.0,17.329692356580343,62.77506947913388,12.0,30.0,0.0,19.402562407066495,54.9412193001026,12.0,30.0,0.0,18.081652347311605,58.72159773817075,10.0,30.0,0.0,16.20916727849547,66.91168596290886,12.0,30.0,0.0,17.86319833553615,60.95476263597618,20.0,30.0,0.0,18.22198662277965,0.0,0.0,0.0,14.594167433121159,0.0,0.0,590.5731393309769,565.687408759072,607.4800676416643,599.6487528463476,693.8923961530358,1106.484410977739,640.1709009906648,695.0547934179605,968.4554694456291,0.0,81.07781686970478,81.07781686970478,60.0,0.0,60.0,60.0,12.0,12.0,12.0,19.0,12.0,12.0,21.0,10.0,0.0,0.0,0.0,0.0,0.0,0.0,0.0,0.0,0.0,0.0,0.0,0.0,0.0,81.07781686970478,81.07781686970478,0.0,0.0,0.0,81.07781686970478,0.0,0.0,0.0015266666666666667 
 04/21  02:00:00,8.12,99.0,2.46,0.0,0.0,0.0,0.0,0.0,2.0,2.0,0.0,0.0,0.0,0.0,0.0,273.0,0.0,0.0,0.0,0.0,0.0,0.0,0.0,0.0,0.0,0.0,0.0,19.227183290540105,5.5303655527714,19.216383431476556,-247.16343550683906,18.96663158317145,-207.52406695921855,18.99838330178431,8.685891488678863,17.326277590060287,-2.0673068508767757,19.1740228502793,-15.566023658287066,17.984154705775958,-9.350173104664919,16.420504558150968,-116.82214115755915,17.790660932390695,-47.22798309445437,317.9496205603864,375.73016906019236,0.0,0.0,0.0,0.0,0.0,0.0,0.0,0.0,0.0,0.0,0.0,0.0,0.0,0.0,0.0,0.0,0.0,0.0,0.0,0.0,0.0,0.0,1.0986932283251106,0.33537644332268337,238.62621625534397,279.92907480677567,5235.946404085251,0.1873450237391947,0.028593562841757435,166.44014444458549,195.36748303857383,3602.228027630095,1.9044364538899937,0.3598708340684041,182.9695792464417,214.9341095149899,3916.6286926829227,0.21929595486462104,0.04143914491017025,119.55428264386325,140.2914895654583,2584.7335837707516,0.0,0.0,5.380592697603632,6.347812289085178,99.30930812308901,0.0,0.0,9.049073279261896,10.601081513045108,202.9691255608097,0.0,0.0,64.6042687979641,76.05623096709867,1279.5093689940862,0.0,0.0,37.45256935480817,44.36744597189635,606.3938282801473,0.0,0.0,10.603442351038485,12.484086458637153,207.49310954746825,25.724564261170934,17.64373406115977,315.4517448608784,371.01136539981186,6969.818405519334,0.0,0.0,50.359863473408,60.00309753989129,653.0607299675836,0.0,19.080876936681809,54.142811613648969,22.0,30.0,0.0,18.964956533989129,53.585090427421558,12.0,30.0,0.0,18.739428111794916,54.37895727816987,22.0,30.0,0.0,18.944395347843395,55.29426953169788,12.0,30.0,0.0,17.30687493190619,62.59256675847266,12.0,30.0,0.0,19.368497115193585,54.757809544520288,12.0,30.0,0.0,18.003712206979619,58.58125503084525,10.0,30.0,0.0,16.144158893317298,66.81368695767957,12.0,30.0,0.0,17.880616212970794,60.66565233640985,20.0,30.0,0.0,18.356206684809889,0.0,0.0,0.0,14.492531331314924,0.0,0.0,580.6136179406142,548.4537231501694,551.8684783896009,614.8877417509561,684.0722795310868,1096.3817808697027,640.4934595853017,689.9269066309859,986.9765254029609,0.0,81.07781686970478,81.07781686970478,60.0,0.0,60.0,60.0,12.0,12.0,12.0,19.0,12.0,12.0,21.0,10.0,0.0,0.0,0.0,0.0,0.0,0.0,0.0,0.0,0.0,0.0,0.0,0.0,0.0,81.07781686970478,81.07781686970478,0.0,0.0,0.0,81.07781686970478,0.0,0.0,0.0015233333333333334 
 04/21  02:10:00,8.061666666666668,99.0,2.466666666666667,0.0,0.0,0.0,0.0,0.0,2.0,2.0,0.0,0.0,0.0,0.0,0.0,546.0,0.0,0.0,0.0,0.0,0.0,0.0,0.0,0.0,0.0,0.0,0.0,19.097201329950239,-106.66759265752944,19.19407209882111,-89.34640283938598,18.97867780423457,-37.98371441272775,18.937498062792725,-77.53459548622982,17.307248348830265,-2.0038523242271966,19.13963925816858,-19.15651328434754,17.965951616095525,2.221506374736009,16.368554772103527,-127.64422597829173,17.801318771112475,-25.764637293099328,296.7542615357547,360.7255792003157,0.0,0.0,0.0,0.0,0.0,0.0,0.0,0.0,0.0,0.0,0.0,0.0,0.0,0.0,0.0,0.0,0.0,0.0,0.0,0.0,0.0,0.0,1.1178207947887895,0.34121513882441686,222.70772641803678,262.3771544844423,4809.3137934047049,0.2024935371066368,0.030905607006507454,108.56414665647387,127.67068643141872,2368.1996784670175,2.043180293082049,0.3860884907562452,202.96504707013185,239.33143181484486,4405.383933908233,0.21084239508910714,0.03984172242802477,112.49097428423628,132.62485653403003,2421.809100358312,0.0,0.0,5.9030545433338,6.988054523088969,109.397692757118,0.0,0.0,9.010472889411805,10.590383089365963,202.51322471639748,0.0,0.0,65.494742693511,77.3582567343119,1303.3003897172653,0.0,0.0,38.462124746974499,45.71621719973055,622.4983831272347,0.0,0.0,9.164969132183856,10.823180308423522,180.81001979315946,25.636120238995724,17.583072866252217,290.2184933665207,342.73563468118638,6436.2676221695969,0.0,0.0,47.74234318334538,57.08645530557007,613.4758775726106,0.0,18.84852740993204,54.618066288813079,22.0,30.0,0.0,18.998473812302465,53.68019816942642,12.0,30.0,0.0,18.83216378732744,54.68812143704169,22.0,30.0,0.0,18.84826061693574,54.832245763687939,12.0,30.0,0.0,17.28979145653952,62.39343152568433,12.0,30.0,0.0,19.33690267433876,54.659428867026878,12.0,30.0,0.0,17.9957207049493,58.29768130922969,10.0,30.0,0.0,16.08465417005911,66.8238589307035,12.0,30.0,0.0,17.907402818912737,60.38264613395786,20.0,30.0,0.0,18.25808659183299,0.0,0.0,0.0,14.376102253324913,0.0,0.0,580.4763559958017,557.5950754462009,578.5502543847655,597.7813719513134,675.9022763913631,1091.127884101551,618.0142933347736,682.412218267305,1003.2874838710704,0.0,81.07781686970478,81.07781686970478,60.0,0.0,60.0,60.0,12.0,12.0,12.0,19.0,12.0,12.0,21.0,10.0,0.0,0.0,0.0,0.0,0.0,0.0,0.0,0.0,0.0,0.0,0.0,0.0,0.0,81.07781686970478,81.07781686970478,0.0,0.0,0.0,81.07781686970478,0.0,0.0,0.0015199999999999999 
 04/21  02:20:00,8.003333333333334,99.00000000000002,2.4733333333333338,0.0,0.0,0.0,0.0,0.0,2.0,2.0,0.0,0.0,0.0,0.0,0.0,273.0,0.0,0.0,0.0,0.0,0.0,0.0,0.0,0.0,0.0,0.0,0.0,18.995664883576248,-128.67179110013422,19.192340570983104,-15.14713306316088,18.971188741658354,-25.721444651945605,18.863412626114579,-103.60116967675458,17.282919219387165,-1.8518947381927547,19.097091958333654,-18.986324758793104,17.92939098045459,2.422083020563605,16.302207911075457,-127.16917082530972,17.813119896531228,-28.073923566536167,258.5103447958909,369.0611043920592,0.0,0.0,0.0,0.0,0.0,0.0,0.0,0.0,0.0,0.0,0.0,0.0,0.0,0.0,0.0,0.0,0.0,0.0,0.0,0.0,0.0,0.0,1.1281612655258684,0.344371570673342,121.64469818907118,142.91836834113642,2620.607679183826,0.2056195229272343,0.03138271106948021,8.163892374808123,9.580696875816228,184.17487712052404,2.04014625176181,0.38551516473201266,176.17026790102578,206.82724932767293,3858.6776935348145,0.2122491047590333,0.040107540581827898,91.84599509525474,107.89148894604154,1972.5820376500715,0.0,0.0,6.005510921066298,7.087363147933033,111.73288852599703,0.0,0.0,9.001565187638663,10.550012374341316,202.63716907363966,0.0,0.0,65.85508717297452,77.55185287900454,1312.911542511105,0.0,0.0,38.90194977713786,46.11412092911129,627.8894310230891,0.0,0.0,11.03483211742177,12.99155875961807,219.6358905383806,25.596729994319657,17.556056237530635,177.70186385266636,209.25705982854505,4091.680261514933,0.0,0.0,48.15205901791398,57.422681050946199,616.2695058974936,0.0,18.701144391602428,54.52819305863481,22.0,30.0,0.0,19.045234665372534,53.19666736592099,12.0,30.0,0.0,18.860785419649589,54.84171028092538,22.0,30.0,0.0,18.74400289922184,54.425452277044218,12.0,30.0,0.0,17.26260423299343,62.063331236855969,12.0,30.0,0.0,19.289617350238968,54.43540213661766,12.0,30.0,0.0,17.950585599764378,58.37266776493628,10.0,30.0,0.0,15.998152358890782,66.85086023341319,12.0,30.0,0.0,17.933290323782204,59.90306858766434,20.0,30.0,0.0,18.078615857667374,0.0,0.0,0.0,14.287554633692404,0.0,0.0,571.7451499011897,551.810994260678,593.6450439488403,580.7835979917813,662.0408197658629,1076.5737069571458,612.2940954375425,678.0912101759266,1003.6104962512976,0.0,81.07781686970478,81.07781686970478,60.0,0.0,60.0,60.0,12.0,12.0,12.0,19.0,12.0,12.0,21.0,10.0,0.0,0.0,0.0,0.0,0.0,0.0,0.0,0.0,0.0,0.0,0.0,0.0,0.0,81.07781686970478,81.07781686970478,0.0,0.0,0.0,81.07781686970478,0.0,0.0,0.0015066666666666664 
 04/21  02:30:00,7.944999999999999,99.0,2.48,0.0,0.0,0.0,0.0,0.0,2.0,2.0,0.0,0.0,0.0,0.0,0.0,273.0,0.0,0.0,0.0,0.0,0.0,0.0,0.0,0.0,0.0,0.0,0.0,19.076151279034617,5.114625020567473,19.059189003830669,-242.54662305319654,18.81617500960475,-209.0637075415534,18.871834439434158,8.223067670719502,17.259934737866517,-2.7451097658891969,19.060958724027626,-15.31921644517547,17.874056157245307,-18.378553136612937,16.24677516115151,-129.85325927839609,17.815046239497045,-30.358946070748119,311.99606121092986,376.56638176180538,0.0,0.0,0.0,0.0,0.0,0.0,0.0,0.0,0.0,0.0,0.0,0.0,0.0,0.0,0.0,0.0,0.0,0.0,0.0,0.0,0.0,0.0,1.104543707771353,0.33716230395950949,241.09152456181983,283.0259444039874,5304.365579333476,0.18922148580522026,0.028879958150979894,165.14735697582055,193.98635590907944,3583.964587297407,1.935388827351292,0.3657197330595791,185.13886204769407,217.6350852839694,3974.4741572645059,0.21943171176737379,0.041464798141982939,116.67101441417062,136.99897935416795,2533.8864958524879,0.0,0.0,5.494815488809896,6.485627221902796,102.61814954065551,0.0,0.0,8.954837879412719,10.497346774643601,202.0367680683588,0.0,0.0,61.259335857650288,72.16889407661988,1218.7477855640973,0.0,0.0,39.178676752439368,46.45595006335601,631.9876921095669,0.0,0.0,11.60607977178131,13.66475751151881,232.53387258262476,25.544797453329755,17.52043721078859,317.1610448954949,373.2749339954766,7033.890129839104,0.0,0.0,48.368992369666539,57.69955156835378,616.9996048161964,0.0,18.929905604326508,53.928943718510428,22.0,30.0,0.0,18.813312678274433,53.46937887239028,12.0,30.0,0.0,18.588778069498429,54.25085460265581,22.0,30.0,0.0,18.813098197374449,54.988034196458219,12.0,30.0,0.0,17.238540007096505,61.910014696905637,12.0,30.0,0.0,19.255219735004077,54.256281184059698,12.0,30.0,0.0,17.868720129540983,58.16367788320422,10.0,30.0,0.0,15.933302638519658,66.81602533683479,12.0,30.0,0.0,17.940980623063916,59.59110321564193,20.0,30.0,0.0,18.224332195408807,0.0,0.0,0.0,14.206478984990355,0.0,0.0,566.6813720249434,540.4601270325451,543.4143930585252,598.7582270078352,654.2345915040627,1061.3045572784154,610.431325658644,681.7299564966446,994.7940591441069,0.0,81.07781686970478,81.07781686970478,60.0,0.0,60.0,60.0,12.0,12.0,12.0,19.0,12.0,12.0,21.0,10.0,0.0,0.0,0.0,0.0,0.0,0.0,0.0,0.0,0.0,0.0,0.0,0.0,0.0,81.07781686970478,81.07781686970478,0.0,0.0,0.0,81.07781686970478,0.0,0.0,0.0014933333333333335 
 04/21  02:40:00,7.886666666666667,99.0,2.4866666666666665,0.0,0.0,0.0,0.0,0.0,2.0,2.0,0.0,0.0,0.0,0.0,0.0,546.0,0.0,0.0,0.0,0.0,0.0,0.0,0.0,0.0,0.0,0.0,0.0,18.95078792820523,-103.98493692931607,19.037887696531386,-86.35052767101434,18.83121861592914,-33.146714336579638,18.81188647626295,-78.52040145445767,17.23965156046589,-2.5546040529803806,19.026423996085958,-19.368140291313723,17.85315701873115,-6.365300650119025,16.196118940127698,-137.44006394850624,17.811992467684918,-33.26442686155454,288.05227934515599,383.3746316183058,0.0,0.0,0.0,0.0,0.0,0.0,0.0,0.0,0.0,0.0,0.0,0.0,0.0,0.0,0.0,0.0,0.0,0.0,0.0,0.0,0.0,0.0,1.1249736324495512,0.3433985447037702,218.85164727772318,258.00225891671269,4743.718922998029,0.20414902574911943,0.031158276213235568,106.59286539680022,125.43727613141012,2331.6127276029649,2.07956827309255,0.3929645262835508,200.26008925821066,236.3153446929622,4362.051511251386,0.21110407831379364,0.0398911712611099,110.46220615605158,130.3358787673694,2388.874171627742,0.0,0.0,6.013218248217118,7.1213744678155,112.74310729043512,0.0,0.0,9.019801902292489,10.60726075862829,203.90606559673649,0.0,0.0,64.83412724294198,76.62685470236748,1295.6457232401763,0.0,0.0,39.933585664072428,47.5069322997889,644.2577047550276,0.0,0.0,13.50865537199055,15.9551497028291,272.09331777152877,25.459485416153336,17.461924153740289,285.5406146518845,337.44392211113589,6362.265268487216,0.0,0.0,49.094391329135209,58.76276594521629,624.2787428710224,0.0,18.706532424218567,54.33573879237961,22.0,30.0,0.0,18.84679278982656,53.52581951393101,12.0,30.0,0.0,18.686617987485854,54.501939598287837,22.0,30.0,0.0,18.71781610252989,54.44976648132943,12.0,30.0,0.0,17.220548880127717,61.72390323673689,12.0,30.0,0.0,19.223189397900314,54.15220002151499,12.0,30.0,0.0,17.858126593473867,58.01472728831638,10.0,30.0,0.0,15.878104785487809,66.87551260818124,12.0,30.0,0.0,17.940499951301029,59.30458549571685,20.0,30.0,0.0,18.116242047746803,0.0,0.0,0.0,14.12940241310702,0.0,0.0,565.2152043530658,547.4598685033047,567.4628050856676,577.9725962859182,648.5820979382186,1051.7244135571387,606.6649676690327,688.4223345249147,977.7819056048422,0.0,81.07781686970478,81.07781686970478,60.0,0.0,60.0,60.0,12.0,12.0,12.0,19.0,12.0,12.0,21.0,10.0,0.0,0.0,0.0,0.0,0.0,0.0,0.0,0.0,0.0,0.0,0.0,0.0,0.0,81.07781686970478,81.07781686970478,0.0,0.0,0.0,81.07781686970478,0.0,0.0,0.00148 
 04/21  02:50:00,7.828333333333332,99.0,2.493333333333333,0.0,0.0,0.0,0.0,0.0,2.0,2.0,0.0,0.0,0.0,0.0,0.0,273.0,0.0,0.0,0.0,0.0,0.0,0.0,0.0,0.0,0.0,0.0,0.0,18.851707682616828,-125.28484623194436,19.036554818774847,-14.760991891721404,18.82517609592287,-24.59143886917991,18.73825661806987,-106.12659276376189,17.213888080514815,-2.3498294889836588,18.983178143013697,-19.66212695248572,17.815184015610155,-5.361658809543314,16.134080107056705,-135.4152751551212,17.80556524041089,-34.7680369149964,252.3266424909807,389.96885970844689,0.0,0.0,0.0,0.0,0.0,0.0,0.0,0.0,0.0,0.0,0.0,0.0,0.0,0.0,0.0,0.0,0.0,0.0,0.0,0.0,0.0,0.0,1.1359856415356816,0.34675996383873067,117.35550060407596,137.97507494115056,2539.208029622152,0.2076038268368368,0.03168556575653798,8.09127693086569,9.502277154598405,183.0932199681655,2.0743689041221109,0.3919820302573907,173.8375632841893,204.23323875955016,3821.6651084959,0.21306439028594666,0.04026160058313427,92.67580341842053,108.94014958055425,1999.5795903190477,0.0,0.0,6.108353274016946,7.21212073022105,114.95503419771421,0.0,0.0,9.124151393005658,10.700523513411082,206.5691634573146,0.0,0.0,65.30668163803986,76.95773668535581,1307.4720739392479,0.0,0.0,40.16855936131877,47.65702896537674,647.0084810666704,0.0,0.0,14.312179419913765,16.854269049104745,289.93371239581816,25.425252754561439,17.438444961976303,175.42093639726816,206.70445254202068,4060.4461987704446,0.0,0.0,49.302972987139629,58.85408636700842,625.6124857222889,0.0,18.56311685445562,54.18519680007198,22.0,30.0,0.0,18.89278570105084,53.03801327142252,12.0,30.0,0.0,18.716554264037894,54.57003360163923,22.0,30.0,0.0,18.613651785948485,54.01770540102768,12.0,30.0,0.0,17.192029595985223,61.43244683679603,12.0,30.0,0.0,19.17451099732219,53.942644284678348,12.0,30.0,0.0,17.81268171006779,58.14692287719602,10.0,30.0,0.0,15.801135481987603,66.91293092798755,12.0,30.0,0.0,17.935186636198237,58.88696904309456,20.0,30.0,0.0,17.94382872967833,0.0,0.0,0.0,14.053353230837038,0.0,0.0,555.6291617139661,541.6974990175128,578.1525766036632,559.6973395021395,641.9226937939418,1033.6937967187428,608.1401715907565,695.9401469205088,954.7716736264364,0.0,81.07781686970478,81.07781686970478,60.0,0.0,60.0,60.0,12.0,12.0,12.0,19.0,12.0,12.0,21.0,10.0,0.0,0.0,0.0,0.0,0.0,0.0,0.0,0.0,0.0,0.0,0.0,0.0,0.0,81.07781686970478,81.07781686970478,0.0,0.0,0.0,81.07781686970478,0.0,0.0,0.0014666666666666667 
 04/21  03:00:00,7.77,99.0,2.5,0.0,0.0,0.0,0.0,0.0,2.0,2.0,0.0,0.0,0.0,0.0,0.0,273.0,0.0,0.0,0.0,0.0,0.0,0.0,0.0,0.0,0.0,0.0,0.0,18.92814066227812,4.405665668622532,18.906995621968485,-236.4239441232212,18.673566045864328,-204.8113613386804,18.746982297413657,6.320675088364624,17.189624822546365,-3.148888105756015,18.946017255404305,-16.98967638902127,17.75979001710576,-24.931159387542267,16.081631670476889,-137.1285882134548,17.797203750989334,-35.6033150005689,305.8348844435659,395.8802606927327,0.0,0.0,0.0,0.0,0.0,0.0,0.0,0.0,0.0,0.0,0.0,0.0,0.0,0.0,0.0,0.0,0.0,0.0,0.0,0.0,0.0,0.0,1.112638196112928,0.3396331489966203,238.6574502532829,280.36617139636987,5267.176062498256,0.19134804386472227,0.029204524399377639,163.47293505152974,192.15082255361566,3558.99259498977,1.9784753962984317,0.37386156392638555,181.03614485146538,212.95212261792754,3903.5700145597645,0.22027319065122809,0.041623807757223737,112.44501522002688,132.12432553390623,2453.52093171985,0.0,0.0,5.57974201305553,6.588941677484776,105.38838616432735,0.0,0.0,9.394514305135742,11.019787746082687,213.12919814535827,0.0,0.0,60.688433382345959,71.54441119898262,1212.7346773556365,0.0,0.0,40.2778368255812,47.79972625942481,648.897961544308,0.0,0.0,14.59313569914956,17.186757415257355,297.1136261806119,25.366325970657419,17.39802878645914,311.5987874310314,366.9794934119036,6946.82649656265,0.0,0.0,49.3546073331396,58.93280653442963,624.93223774791,0.0,18.782456791164159,53.72627862596675,22.0,30.0,0.0,18.667142979739987,53.33403251939224,12.0,30.0,0.0,18.450463641759926,54.087384379467788,22.0,30.0,0.0,18.68298393747095,54.65110014966192,12.0,30.0,0.0,17.16689174297896,61.31656010360344,12.0,30.0,0.0,19.138156768248665,53.80218593969385,12.0,30.0,0.0,17.732869541786437,57.88919777077922,10.0,30.0,0.0,15.742725061483667,66.85781171132095,12.0,30.0,0.0,17.927503751016645,58.660889230138369,20.0,30.0,0.0,18.09007767923091,0.0,0.0,0.0,13.980000353706718,0.0,0.0,555.1108433948074,533.7049713323294,537.3483232327437,580.3912415149113,639.2528494852713,1018.2105907090847,608.2153036794921,701.3610859910258,944.466473049893,0.0,81.07781686970478,81.07781686970478,60.0,0.0,60.0,60.0,12.0,12.0,12.0,19.0,12.0,12.0,21.0,10.0,0.0,0.0,0.0,0.0,0.0,0.0,0.0,0.0,0.0,0.0,0.0,0.0,0.0,81.07781686970478,81.07781686970478,0.0,0.0,0.0,81.07781686970478,0.0,0.0,0.0014533333333333334 
 04/21  03:10:00,7.744999999999999,99.16666666666666,2.4850000000000005,0.0,0.0,0.0,0.0,0.0,2.0,2.0,0.0,0.0,0.0,0.0,0.0,546.0,0.0,0.0,0.0,0.0,0.0,0.0,0.0,0.0,0.0,0.0,0.0,18.806673229156684,-101.44856170878075,18.887340441018659,-83.86047571221752,18.688816158027099,-31.449071886089997,18.68900219626601,-78.9667271023859,17.168217504512197,-2.9942948423942825,18.911912410934116,-20.978047970384809,17.73780042773462,-13.00869975613682,16.033595875499637,-143.7771924607115,17.78777844674203,-38.40283475280569,279.6159531801022,401.1989396048906,0.0,0.0,0.0,0.0,0.0,0.0,0.0,0.0,0.0,0.0,0.0,0.0,0.0,0.0,0.0,0.0,0.0,0.0,0.0,0.0,0.0,0.0,1.1288682571332145,0.34458738007729386,215.59416911981743,254.3190625124497,4677.292431797783,0.20514460870591365,0.031310227213967287,105.18998635845637,123.86769752506302,2301.271103029965,2.1077331442666917,0.3982866863693675,196.23716219974393,231.72238045038203,4278.789372705549,0.2111372995565981,0.03989744889580461,107.30959083509079,126.70782823556124,2324.6476417635697,0.0,0.0,6.037742252463403,7.1535086908488829,114.07215238203523,0.0,0.0,9.491624174096338,11.168594222378449,215.12075007336035,0.0,0.0,64.13582939481845,75.84962529771738,1283.0308652299155,0.0,0.0,40.85061186611544,48.63684008096385,655.8633814979769,0.0,0.0,15.954998424927869,18.84971556589694,325.212537778821,25.224014387987809,17.300421390938149,280.3770652710628,331.54723699648067,6260.359309084513,0.0,0.0,49.86701301411908,59.74287751724233,626.6726565488024,0.0,18.567133997497295,54.05939116424467,22.0,30.0,0.0,18.700321419019418,53.368572999589328,12.0,30.0,0.0,18.546887047143558,54.29384107402892,22.0,30.0,0.0,18.58998115404528,54.066064445029628,12.0,30.0,0.0,17.14805763212653,61.150966883727438,12.0,30.0,0.0,19.105662590446135,53.71724203644298,12.0,30.0,0.0,17.7219018925345,57.77390786982001,10.0,30.0,0.0,15.692268264941579,66.88518825921952,12.0,30.0,0.0,17.918296960375849,58.431756249124507,20.0,30.0,0.0,17.983402261811,0.0,0.0,0.0,13.909209021824239,0.0,0.0,552.1178768032009,539.3512373579465,557.3288237128925,558.7536385396775,636.9827453072255,1010.3987193589185,605.7225998892806,705.0922712996342,932.6081432021262,0.0,81.07781686970478,81.07781686970478,60.0,0.0,60.0,60.0,12.0,12.0,12.0,19.0,12.0,12.0,21.0,10.0,0.0,0.0,0.0,0.0,0.0,0.0,0.0,0.0,0.0,0.0,0.0,0.0,0.0,81.07781686970478,81.07781686970478,0.0,0.0,0.0,81.07781686970478,0.0,0.0,0.0014399999999999999 
 04/21  03:20:00,7.720000000000001,99.33333333333334,2.47,0.0,0.0,0.0,0.0,0.0,2.0,2.0,0.0,0.0,0.0,0.0,0.0,273.0,0.0,0.0,0.0,0.0,0.0,0.0,0.0,0.0,0.0,0.0,0.0,18.711523330121915,-120.89765604533932,18.88754870314963,-14.328494890765512,18.683551518776775,-23.76609008703963,18.61791776161084,-107.27723506750272,17.141229814986337,-2.770863916552287,18.869396187854166,-21.29139180180499,17.699423803000525,-11.623389013861925,15.974945988705155,-141.67484152400562,17.774362504527138,-39.567587743875268,243.46195568438453,406.5646285332557,0.0,0.0,0.0,0.0,0.0,0.0,0.0,0.0,0.0,0.0,0.0,0.0,0.0,0.0,0.0,0.0,0.0,0.0,0.0,0.0,0.0,0.0,1.1346966822379448,0.34636650861964127,113.2205221417262,133.20338117878357,2446.2893289240807,0.20764959762292885,0.03169255152975105,8.02632886136734,9.432597255783352,181.13202599749523,2.0927906675153755,0.39546308909965535,170.8135161927492,200.82051689470036,3747.5317847433786,0.21231561918982515,0.04012010944630103,92.7455243145514,109.09379846640867,1998.8898260948379,0.0,0.0,6.106356734806606,7.213187342699137,115.37548921259327,0.0,0.0,9.619833389037014,11.289030624033897,217.70705592449625,0.0,0.0,64.66430941279738,76.25166945206826,1291.755024129451,0.0,0.0,41.00814845499963,48.693227778564338,655.0540334888013,0.0,0.0,16.60566899822213,19.562144678002644,338.954613973469,25.13469482316061,17.23915968666709,172.43657923075859,203.31194174733646,3989.4799568515679,0.0,0.0,49.97020085426533,59.70703694258064,623.9482406001755,0.0,18.430837380727956,53.87033807240529,22.0,30.0,0.0,18.74629402237074,52.8810133599946,12.0,30.0,0.0,18.577072968979924,54.2948864408204,22.0,30.0,0.0,18.488661289850645,53.642145556076098,12.0,30.0,0.0,17.11842629221207,60.886174756047918,12.0,30.0,0.0,19.056882284036676,53.54376369630941,12.0,30.0,0.0,17.677293180893146,57.93231830836775,10.0,30.0,0.0,15.621303508013407,66.88321313101895,12.0,30.0,0.0,17.9025051360542,58.092820909362369,20.0,30.0,0.0,17.81874473948473,0.0,0.0,0.0,13.840232190747575,0.0,0.0,542.2030389814225,533.7443350311959,563.9994092455366,541.3916847687558,634.2729827509769,997.0237272867797,607.9549241229132,708.3997133279604,917.798741122456,0.0,81.07781686970478,81.07781686970478,60.0,0.0,60.0,60.0,12.0,12.0,12.0,19.0,12.0,12.0,21.0,10.0,0.0,0.0,0.0,0.0,0.0,0.0,0.0,0.0,0.0,0.0,0.0,0.0,0.0,81.07781686970478,81.07781686970478,0.0,0.0,0.0,81.07781686970478,0.0,0.0,0.00149 
 04/21  03:30:00,7.695,99.5,2.455,0.0,0.0,0.0,0.0,0.0,2.0,2.0,0.0,0.0,0.0,0.0,0.0,273.0,0.0,0.0,0.0,0.0,0.0,0.0,0.0,0.0,0.0,0.0,0.0,18.78369438320491,3.7956718985296904,18.763667386430407,-229.52510823377998,18.53812136364651,-198.3380153632288,18.627779376254506,4.0553478813308179,17.11599108882828,-3.5083712551060275,18.83361358637121,-18.44387480056912,17.644257189209538,-30.360028635586788,15.924899575837248,-143.03678593399696,17.761446286056658,-40.25031918664422,294.28370872380949,411.3971769696868,0.0,0.0,0.0,0.0,0.0,0.0,0.0,0.0,0.0,0.0,0.0,0.0,0.0,0.0,0.0,0.0,0.0,0.0,0.0,0.0,0.0,0.0,1.1062034387258482,0.33766893734000255,234.98342567722779,276.2425362485064,5157.346237187738,0.19062308909725279,0.029093878067346276,161.4840860006764,189.93801158540519,3497.2799383177018,1.9951672124398486,0.37701572419498288,174.7568140313669,205.69415550336019,3753.0178340451295,0.2183181213087766,0.04125436910596684,106.95021780909288,125.75033043968637,2324.2270280298855,0.0,0.0,5.559141409252931,6.567751718354248,105.03785727507717,0.0,0.0,9.777935452019209,11.476777216465133,221.11237634071476,0.0,0.0,59.914701887339557,70.6797782227036,1190.8450471031989,0.0,0.0,41.08028749848334,48.791920349050297,653.8977345175882,0.0,0.0,16.722470233668536,19.701953684954487,341.73502253717995,25.016350210007024,17.157990541842957,303.5100217230907,357.68295623323396,6743.796165724057,0.0,0.0,49.96515385009328,59.71683974155531,619.9854052618809,0.0,18.640149227008768,53.52664993034145,22.0,30.0,0.0,18.529375907756884,53.22013102679598,12.0,30.0,0.0,18.322238849683108,53.94654378532289,22.0,30.0,0.0,18.55808782481038,54.311507584397357,12.0,30.0,0.0,17.09259886508084,60.794134645353597,12.0,30.0,0.0,19.021502767777276,53.43276426285537,12.0,30.0,0.0,17.599332185059969,57.63465357119145,10.0,30.0,0.0,15.566851537647054,66.79284190889968,12.0,30.0,0.0,17.888730550954727,57.92887263927787,20.0,30.0,0.0,17.96607649730981,0.0,0.0,0.0,13.77526818813573,0.0,0.0,545.5179023790005,528.332633938888,532.8173057917774,563.6075149003484,633.691915237656,985.9113041105899,606.3815530851458,710.1376574064881,911.8982938110967,0.0,81.07781686970478,81.07781686970478,60.0,0.0,60.0,60.0,12.0,12.0,12.0,19.0,12.0,12.0,21.0,10.0,0.0,0.0,0.0,0.0,0.0,0.0,0.0,0.0,0.0,0.0,0.0,0.0,0.0,81.07781686970478,81.07781686970478,0.0,0.0,0.0,81.07781686970478,0.0,0.0,0.0015400000000000002 
 04/21  03:40:00,7.67,99.66666666666666,2.4400000000000006,0.0,0.0,0.0,0.0,0.0,2.0,2.0,0.0,0.0,0.0,0.0,0.0,546.0,0.0,0.0,0.0,0.0,0.0,0.0,0.0,0.0,0.0,0.0,0.0,18.667800657900935,-97.56050643130175,18.745151540155,-81.14902559994903,18.55316811029924,-28.357945982759476,18.572142114343614,-78.12024624734022,17.09366555196287,-3.336735422209614,18.80012277992362,-22.229564807484367,17.621359558072855,-18.63839263828436,15.878681292880663,-148.7487427273511,17.748465027515608,-42.92514056006161,267.0050850237267,415.6969097766988,0.0,0.0,0.0,0.0,0.0,0.0,0.0,0.0,0.0,0.0,0.0,0.0,0.0,0.0,0.0,0.0,0.0,0.0,0.0,0.0,0.0,0.0,1.1227879807855852,0.34273137386617377,208.89073775961738,246.55824216566607,4511.657434877756,0.2042725391286896,0.03117712746164371,102.11850321955359,120.32376146503634,2222.510246842747,2.113540485075748,0.39938406747463126,187.5594534906188,221.62977514737998,4072.4097107755439,0.209444789323048,0.0395776245886334,101.46499086666725,119.8976152539297,2189.698894652552,0.0,0.0,6.007244041847491,7.120444921899777,113.53078997169412,0.0,0.0,9.848546276930975,11.595463191677862,222.50712084017386,0.0,0.0,63.249311912008128,74.8488382257538,1258.4596072702703,0.0,0.0,41.57563479025632,49.53809526525019,659.7601007497456,0.0,0.0,18.094215772475438,21.38339052714649,370.05627273044049,24.907480339229413,17.083319848579849,268.5916937831156,317.81193770017895,5983.886235926626,0.0,0.0,50.40612688650545,60.44017927721211,621.5933996807262,0.0,18.436328716996138,53.80973661412209,22.0,30.0,0.0,18.562290710702717,53.23064661556881,12.0,30.0,0.0,18.41645962332688,54.109377342536479,22.0,30.0,0.0,18.469341191865519,53.71569570373266,12.0,30.0,0.0,17.073108848227215,60.640288610337268,12.0,30.0,0.0,18.989834855595868,53.35975610455753,12.0,30.0,0.0,17.587844835028265,57.549287701552277,10.0,30.0,0.0,15.519781621241404,66.8045983986852,12.0,30.0,0.0,17.875639832071728,57.722847552522,20.0,30.0,0.0,17.852739503177057,0.0,0.0,0.0,13.713797096270456,0.0,0.0,541.0215395295413,532.785320194708,548.9616276322017,542.3672425354737,632.3435813351009,980.7825609234749,603.2368790363618,712.1909201927836,902.3385893334726,0.0,81.07781686970478,81.07781686970478,60.0,0.0,60.0,60.0,12.0,12.0,12.0,19.0,12.0,12.0,21.0,10.0,0.0,0.0,0.0,0.0,0.0,0.0,0.0,0.0,0.0,0.0,0.0,0.0,0.0,81.07781686970478,81.07781686970478,0.0,0.0,0.0,81.07781686970478,0.0,0.0,0.00159 
 04/21  03:50:00,7.6450000000000009,99.83333333333334,2.4250000000000004,0.0,0.0,0.0,0.0,0.0,2.0,2.0,0.0,0.0,0.0,0.0,0.0,273.0,0.0,0.0,0.0,0.0,0.0,0.0,0.0,0.0,0.0,0.0,0.0,18.576824369077757,-115.42321929351738,18.74587654407218,-14.182789652857537,18.547844532781377,-23.54495571466032,18.503924730979205,-106.57732594742675,17.065606858314106,-3.0944983666375949,18.758439493300935,-22.433676859577589,17.58287009030849,-16.83499739123954,15.82259551528083,-146.40774516360194,17.730851128744488,-44.33457504505998,231.45084616293208,419.87882466468798,0.0,0.0,0.0,0.0,0.0,0.0,0.0,0.0,0.0,0.0,0.0,0.0,0.0,0.0,0.0,0.0,0.0,0.0,0.0,0.0,0.0,0.0,1.1284361348207304,0.34445547460950257,105.96134513659968,124.7408812513229,2281.5712526206759,0.206493788166984,0.03151614593513187,8.030232639283178,9.443414115335762,180.2413778427802,2.0913739180981145,0.3951953737902712,161.15750724326555,189.59507478021824,3521.4924039699078,0.2107956453830318,0.039832888394374859,89.31029586693721,105.11675797796014,1918.496098530621,0.0,0.0,6.070854434576235,7.174675371807964,114.72723985459717,0.0,0.0,9.947445827922861,11.68064655055208,224.43237493574885,0.0,0.0,63.92653881786835,75.43161739828742,1270.2163316092359,0.0,0.0,41.68639673582985,49.537620226012,658.5002457053086,0.0,0.0,18.2837936764609,21.547661799599387,374.2666522189773,24.848614731087836,17.042945631747494,162.81165674707683,192.08265118264905,3769.8313386269308,0.0,0.0,50.47059696925239,60.356460159062148,619.2569314010457,0.0,18.307427505428035,53.63257419595997,22.0,30.0,0.0,18.60773350852036,52.77178341951001,12.0,30.0,0.0,18.4454579692248,54.016148831205928,22.0,30.0,0.0,18.372648807624296,53.346384268629538,12.0,30.0,0.0,17.042462202601877,60.395683535364,12.0,30.0,0.0,18.942270947732458,53.21052234704639,12.0,30.0,0.0,17.544224840178989,57.71700064091411,10.0,30.0,0.0,15.453549334757579,66.78663908008063,12.0,30.0,0.0,17.854394751529666,57.432888002971989,20.0,30.0,0.0,17.68675676127207,0.0,0.0,0.0,13.65423656610309,0.0,0.0,530.9835479795602,527.3989556966335,551.6171007721688,525.6964387779518,630.4258536576633,971.4441125104715,605.8998903909308,714.2729350555992,891.9932315923048,0.0,81.07781686970478,81.07781686970478,60.0,0.0,60.0,60.0,12.0,12.0,12.0,19.0,12.0,12.0,21.0,10.0,0.0,0.0,0.0,0.0,0.0,0.0,0.0,0.0,0.0,0.0,0.0,0.0,0.0,81.07781686970478,81.07781686970478,0.0,0.0,0.0,81.07781686970478,0.0,0.0,0.00161 
 04/21  04:00:00,7.62,100.0,2.41,0.0,0.0,0.0,0.0,0.0,2.0,2.0,0.0,0.0,0.0,0.0,0.0,273.0,0.0,0.0,0.0,0.0,0.0,0.0,0.0,0.0,0.0,0.0,0.0,18.64350697031447,3.7346116405460636,18.624608889981667,-225.33151567744063,18.409604140726925,-192.21926818123939,18.513001574196588,1.593376337430982,17.039465391688088,-3.732317281190433,18.7232661820792,-19.65147165611421,17.528423337099889,-34.60873330051891,15.774447259646124,-147.3025633441173,17.715095832709794,-44.17964820862437,284.21109006204099,424.096907196546,0.0,0.0,0.0,0.0,0.0,0.0,0.0,0.0,0.0,0.0,0.0,0.0,0.0,0.0,0.0,0.0,0.0,0.0,0.0,0.0,0.0,0.0,1.0997711947556046,0.33570549290464127,229.00947850456383,269.39811373343869,5001.2050295901749,0.18991971549488086,0.028986525563931756,158.98721088142887,187.1183972418607,3426.1610146137006,2.0045698153637008,0.37879248211710156,163.66326618321319,192.74667070748905,3504.986044087177,0.21609496023542502,0.04083427064161469,99.0286866343765,116.50933837940345,2144.67683021958,0.0,0.0,5.545751728238998,6.555061776559469,104.79770409999,0.0,0.0,10.066713815390749,11.822872486503524,226.95993854214187,0.0,0.0,59.14027262526825,69.81145029450819,1169.4386059773693,0.0,0.0,41.75660966672367,49.63368579014065,657.5376706099186,0.0,0.0,18.984055741191154,22.375661462789016,388.94480392791766,24.75574911207124,16.979251791544067,289.7729761815209,341.709723617805,6426.778856471513,0.0,0.0,50.477186875479457,60.37831000678277,616.3585758664955,0.0,18.50409279015325,53.3595813047419,22.0,30.0,0.0,18.395135401726657,53.17961928698568,12.0,30.0,0.0,18.20415798943428,53.85567416344913,22.0,30.0,0.0,18.439398149780606,53.979419497301687,12.0,30.0,0.0,17.015910787225427,60.317875068775609,12.0,30.0,0.0,18.907639381877343,53.12176235509513,12.0,30.0,0.0,17.468720386025617,57.4311267678924,10.0,30.0,0.0,15.402485830336948,66.68417206513068,12.0,30.0,0.0,17.83772432450406,57.27870927174499,20.0,30.0,0.0,17.839017751179467,0.0,0.0,0.0,13.598898343866847,0.0,0.0,537.4376159955161,524.2274895699694,529.5209536715727,549.9200122901322,630.2684734563269,963.2603692283782,603.6505241784471,713.6321568865043,884.0596725151448,0.0,81.07781686970478,81.07781686970478,60.0,0.0,60.0,60.0,12.0,12.0,12.0,19.0,12.0,12.0,21.0,10.0,0.0,0.0,0.0,0.0,0.0,0.0,0.0,0.0,0.0,0.0,0.0,0.0,0.0,81.07781686970478,81.07781686970478,0.0,0.0,0.0,81.07781686970478,0.0,0.0,0.00163 
 04/21  04:10:00,7.591666666666667,100.0,2.416666666666667,0.0,0.0,0.0,0.0,0.0,2.0,2.0,0.0,0.0,0.0,0.0,0.0,546.0,0.0,0.0,0.0,0.0,0.0,0.0,0.0,0.0,0.0,0.0,0.0,18.531268091124085,-94.65594824920118,18.6063785605291,-77.66257901541622,18.427352122821877,-13.575005253889572,18.458865094766855,-75.57048520090554,17.016243960188146,-3.572470957305427,18.68966564585937,-23.248337193961306,17.50497247419816,-23.026974728760139,15.729839281338329,-151.94715282985943,17.69938142740967,-47.33685009025925,245.796286462215,427.11414565555449,0.0,0.0,0.0,0.0,0.0,0.0,0.0,0.0,0.0,0.0,0.0,0.0,0.0,0.0,0.0,0.0,0.0,0.0,0.0,0.0,0.0,0.0,1.118325627751782,0.3413692392404707,203.61447600294509,240.46060871738355,4380.4928168917699,0.2040975986991569,0.03115042715188597,98.75929017136927,116.43676257107495,2139.7160238693429,2.1109616991908775,0.3988967685545877,161.52078060693669,191.06462340919058,3501.345716320878,0.20871330551119678,0.039439400134390917,76.98394828911066,91.13325609433268,1656.0669477730933,0.0,0.0,5.974709574800942,7.084990347043046,112.96227948522518,0.0,0.0,10.115490495527095,11.916588240688057,227.93067564765892,0.0,0.0,62.66151096597547,74.19849954394084,1240.7937999055064,0.0,0.0,42.1745330486417,50.28859165029587,662.626832226106,0.0,0.0,19.764223790038057,23.36500366525857,405.2786024906677,24.645823430506206,16.903856948220999,240.29938091052129,284.59180482562808,5368.769388865733,0.0,0.0,50.84662695434194,61.01480882609907,618.1190144071214,0.0,18.307983322679467,53.63528255271877,22.0,30.0,0.0,18.428151098517448,53.15185602839217,12.0,30.0,0.0,18.30235359756246,54.00605046234041,22.0,30.0,0.0,18.354355256013265,53.2518131268071,12.0,30.0,0.0,16.995647123292046,60.17943557031044,12.0,30.0,0.0,18.876392623037199,53.062643372080739,12.0,30.0,0.0,17.45703437399242,57.358744713950937,10.0,30.0,0.0,15.358646333224524,66.68619287763184,12.0,30.0,0.0,17.821946441532249,57.10651287876151,20.0,30.0,0.0,17.68541951190572,0.0,0.0,0.0,13.545297530869636,0.0,0.0,531.938975600156,527.6013987118085,545.309678311803,523.8572768719944,629.0839747107191,959.9473468943036,600.022098882093,715.2911743708868,877.5766281976517,0.0,81.07781686970478,81.07781686970478,60.0,0.0,60.0,60.0,12.0,12.0,12.0,19.0,12.0,12.0,21.0,10.0,0.0,0.0,0.0,0.0,0.0,0.0,0.0,0.0,0.0,0.0,0.0,0.0,0.0,81.07781686970478,81.07781686970478,0.0,0.0,0.0,81.07781686970478,0.0,0.0,0.00165 
 04/21  04:20:00,7.563333333333334,100.0,2.423333333333334,0.0,0.0,0.0,0.0,0.0,2.0,2.0,0.0,0.0,0.0,0.0,0.0,273.0,0.0,0.0,0.0,0.0,0.0,0.0,0.0,0.0,0.0,0.0,0.0,18.447550506103697,-108.20785611453721,18.60603917151662,-14.790337471045178,18.419039681312048,-27.98743961126138,18.40918069176444,-83.8580029336872,16.987075484376964,-3.3210143747745635,18.647771658233034,-23.347622578683344,17.46580540365111,-21.59192617018971,15.676018460607521,-149.38534624986779,17.678629172454654,-48.373911678819698,190.43069101044103,430.43746065482676,0.0,0.0,0.0,0.0,0.0,0.0,0.0,0.0,0.0,0.0,0.0,0.0,0.0,0.0,0.0,0.0,0.0,0.0,0.0,0.0,0.0,0.0,1.1232176709584064,0.34286253692259047,85.60689225401659,100.83941058816154,1843.0181727470065,0.20663893655351693,0.03153829922977975,7.805568974698945,9.185201126590354,174.54648204762857,2.081418502484937,0.3933141539087184,109.78181473265524,129.24052739578966,2405.0500483691996,0.211963673762471,0.04005360426350547,57.67719627029268,67.91773117746209,1241.4418579741114,0.0,0.0,6.0346069379693489,7.135339914072853,114.11509188131002,0.0,0.0,10.19199355333034,11.975049334695392,229.4113184931536,0.0,0.0,63.04900468127304,74.44500817813246,1247.165844863007,0.0,0.0,42.224932508677387,50.21571446000514,661.0047759454661,0.0,0.0,19.97495041967408,23.550921838798119,409.9661231026726,24.584137221889774,16.861548163161716,111.53038043341089,131.71587299053793,2692.5339524399739,0.0,0.0,50.857491288912637,60.866380062178198,616.1163012467266,0.0,18.193404327428785,53.389067309331277,22.0,30.0,0.0,18.47144394110712,52.71308900401959,12.0,30.0,0.0,18.323004601220459,53.603415270108019,22.0,30.0,0.0,18.294803907899398,52.95759470683979,12.0,30.0,0.0,16.963768207709437,59.95801579093667,12.0,30.0,0.0,18.82913536476533,52.93879854840324,12.0,30.0,0.0,17.413113928353228,57.549165709163798,10.0,30.0,0.0,15.296798807318443,66.65901181452172,12.0,30.0,0.0,17.79727569719587,56.85301853790583,20.0,30.0,0.0,17.442761705099433,0.0,0.0,0.0,13.492490118536667,0.0,0.0,521.5953854238788,522.0793869910191,539.1065453138396,512.1222953528344,626.9977267588479,953.2054398611434,603.9982999650816,715.5577880010449,868.8005119025607,0.0,81.07781686970478,81.07781686970478,60.0,0.0,60.0,60.0,12.0,12.0,12.0,19.0,12.0,12.0,21.0,10.0,0.0,0.0,0.0,0.0,0.0,0.0,0.0,0.0,0.0,0.0,0.0,0.0,0.0,81.07781686970478,81.07781686970478,0.0,0.0,0.0,81.07781686970478,0.0,0.0,0.0016866666666666667 
 04/21  04:30:00,7.535,100.0,2.43,0.0,0.0,0.0,0.0,0.0,2.0,2.0,0.0,0.0,0.0,0.0,0.0,273.0,0.0,0.0,0.0,0.0,0.0,0.0,0.0,0.0,0.0,0.0,0.0,18.506399234064895,3.3796200284159569,18.471541766935589,-244.68410519756345,18.282308564569168,-190.93922466099776,18.411706243405328,-2.5379561042686875,16.959985228108036,-3.8673096215399598,18.612023471581368,-20.71042508321125,17.41364134710186,-37.23186894945684,15.629239264688473,-150.0206351535728,17.66037512292693,-47.920850071718067,270.5752427646439,434.23867876451916,0.0,0.0,0.0,0.0,0.0,0.0,0.0,0.0,0.0,0.0,0.0,0.0,0.0,0.0,0.0,0.0,0.0,0.0,0.0,0.0,0.0,0.0,1.1022205789266873,0.3364531681705395,221.50407141354766,260.74254316823888,4819.632758314424,0.19138461638049815,0.029210106285179818,154.71815237342649,182.22900901938773,3312.567542546708,2.0339637285270766,0.3843468874767719,131.2525912632163,154.6678914509079,2812.3098373697937,0.2122276667925729,0.04010348956775753,69.9925986369392,82.39689635824323,1516.1518843005402,0.0,0.0,5.539941434663432,6.55145541763163,104.78252983346902,0.0,0.0,10.291839859272115,12.094620010358636,231.55549866613073,0.0,0.0,58.77475614162905,69.42503753256627,1157.932173175767,0.0,0.0,42.31768629505325,50.33854965641954,660.8616603923101,0.0,0.0,20.89655630276491,24.64082700613308,429.30706089692418,24.493267142555177,16.799223005867753,253.4186100375886,299.0604423319961,5644.600885584418,0.0,0.0,50.89379219085408,60.9231613856808,614.4350786124334,0.0,18.371881436022215,53.19322378852458,22.0,30.0,0.0,18.233231045479817,53.2309829486581,12.0,30.0,0.0,18.08566361359971,53.770155518186729,22.0,30.0,0.0,18.343329855905269,53.438945532473919,12.0,30.0,0.0,16.93627961638535,59.89795432058194,12.0,30.0,0.0,18.794185754505884,52.87395411525997,12.0,30.0,0.0,17.34251992263376,57.22665151271341,10.0,30.0,0.0,15.248348294804464,66.5609801795825,12.0,30.0,0.0,17.77824425556783,56.718726384836,20.0,30.0,0.0,17.686986366271659,0.0,0.0,0.0,13.442459822986793,0.0,0.0,530.1834446841848,521.0877875858338,528.063864761009,535.607133007788,627.0222909381728,947.0351669081299,599.8320482086733,714.0304632014212,860.2171908621956,0.0,81.07781686970478,81.07781686970478,60.0,0.0,60.0,60.0,12.0,12.0,12.0,19.0,12.0,12.0,21.0,10.0,0.0,0.0,0.0,0.0,0.0,0.0,0.0,0.0,0.0,0.0,0.0,0.0,0.0,81.07781686970478,81.07781686970478,0.0,0.0,0.0,81.07781686970478,0.0,0.0,0.0017233333333333335 
 04/21  04:40:00,7.506666666666668,100.0,2.4366666666666667,0.0,0.0,0.0,0.0,0.0,2.0,2.0,0.0,0.0,0.0,0.0,0.0,546.0,0.0,0.0,0.0,0.0,0.0,0.0,0.0,0.0,0.0,0.0,0.0,18.38703267994931,-98.5003201263421,18.45705508659919,-67.66253081683044,18.296744333751634,-16.48753627669487,18.349445421313889,-84.19631612182032,16.935929328088123,-3.7308552708441455,18.578463878445239,-24.234650317104724,17.388327089328138,-28.140388386774249,15.586150393040964,-153.94751370514747,17.64285147553936,-50.96979293245579,243.91495663701745,436.51982904627246,0.0,0.0,0.0,0.0,0.0,0.0,0.0,0.0,0.0,0.0,0.0,0.0,0.0,0.0,0.0,0.0,0.0,0.0,0.0,0.0,0.0,0.0,1.1215675309153289,0.3423588311707353,207.48441652731308,245.18806945888475,4440.942351102782,0.20635335220223093,0.03149471187457737,103.57576446425009,122.23302315614805,2232.3217364001209,2.118531896076404,0.40032726683227606,161.02535091330763,190.5620887022209,3480.1657120059164,0.20575203712342497,0.038879825609112798,78.33861578315147,92.7828694179261,1681.903213618138,0.0,0.0,5.929516222124464,7.03472071543174,112.20119292817819,0.0,0.0,10.317802944016876,12.161837352771184,232.00882232148138,0.0,0.0,61.666112603043277,73.06527237564447,1216.2233123739655,0.0,0.0,42.63470038608642,50.87346092200993,664.5168211434466,0.0,0.0,21.58649317761271,25.529999944402677,443.79973715439209,24.36205277687376,16.709226870283794,247.8398135002215,293.66366439909907,5506.143441004066,0.0,0.0,51.15746535113171,61.43193684205637,615.1877280790674,0.0,18.162558771403427,53.515300813806828,22.0,30.0,0.0,18.277546980807629,53.15613110014942,12.0,30.0,0.0,18.176791118971925,53.7329677497128,22.0,30.0,0.0,18.243329685262194,52.95490066911421,12.0,30.0,0.0,16.915256863829315,59.769525178761089,12.0,30.0,0.0,18.76291132218173,52.822818711317399,12.0,30.0,0.0,17.327618534435538,57.17613257084738,10.0,30.0,0.0,15.20699387694394,66.55814715635236,12.0,30.0,0.0,17.760894305852035,56.5622555415881,20.0,30.0,0.0,17.579849957490663,0.0,0.0,0.0,13.39213561657908,0.0,0.0,524.0099309392192,524.1159101985461,536.4145729488124,512.5611749002169,625.6966917455608,944.9482999487938,596.6682290495735,715.2425019792197,853.8653711278375,0.0,81.07781686970478,81.07781686970478,60.0,0.0,60.0,60.0,12.0,12.0,12.0,19.0,12.0,12.0,21.0,10.0,0.0,0.0,0.0,0.0,0.0,0.0,0.0,0.0,0.0,0.0,0.0,0.0,0.0,81.07781686970478,81.07781686970478,0.0,0.0,0.0,81.07781686970478,0.0,0.0,0.00176 
 04/21  04:50:00,7.4783333333333339,100.0,2.4433333333333335,0.0,0.0,0.0,0.0,0.0,2.0,2.0,0.0,0.0,0.0,0.0,0.0,273.0,0.0,0.0,0.0,0.0,0.0,0.0,0.0,0.0,0.0,0.0,0.0,18.32072769385499,-93.93871939063684,18.460657039757046,-13.978577527392645,18.285990146145083,-26.45957203513217,18.287090099589144,-99.10710694145792,16.90579301070818,-3.469037111235224,18.536709899983724,-24.21512475102128,17.346867653143876,-26.600354036851515,15.53425521506319,-151.37403465531384,17.62000884689413,-51.824694123461089,188.51664411667708,439.08283352113906,0.0,0.0,0.0,0.0,0.0,0.0,0.0,0.0,0.0,0.0,0.0,0.0,0.0,0.0,0.0,0.0,0.0,0.0,0.0,0.0,0.0,0.0,1.1238100770187048,0.3430433690533287,75.00691909555667,88.40358903383339,1614.8119226164573,0.20679932388490863,0.03156277837071255,7.716519259626101,9.086601993566715,171.76276942369797,2.0981238309147147,0.3964708675197875,112.79950772976948,132.88234671830603,2461.2546324931656,0.20980347947056494,0.03964540428393138,70.75482419270267,83.37317405906814,1515.6528503502028,0.0,0.0,5.966972103103955,7.058895274211586,112.9170179573279,0.0,0.0,10.42188631431513,12.252537283394098,234.10244873175865,0.0,0.0,61.99515675441497,73.24933166535227,1221.0174491154394,0.0,0.0,42.63691652613684,50.7427767823961,662.374663695408,0.0,0.0,21.88092365527509,25.809838530327537,450.15547800030228,24.29617401689894,16.664042535595987,113.93683169936003,134.63256018313593,2730.655129075343,0.0,0.0,51.11366192984468,61.21834480062674,612.736200577977,0.0,18.084240131322465,53.22134032560645,22.0,30.0,0.0,18.326798199681727,52.70676745505265,12.0,30.0,0.0,18.193238824906787,53.3570869568562,22.0,30.0,0.0,18.16053233845903,52.79853527927509,12.0,30.0,0.0,16.882314181489467,59.56367510531033,12.0,30.0,0.0,18.715818539509024,52.709724873565857,12.0,30.0,0.0,17.280338255854724,57.40476159970811,10.0,30.0,0.0,15.14836037781474,66.52237443761696,12.0,30.0,0.0,17.73391133535179,56.326033440265167,20.0,30.0,0.0,17.339993091558875,0.0,0.0,0.0,13.341583346037958,0.0,0.0,516.452695156626,518.9242170625079,528.8022821531506,503.22331137409835,623.3550245113775,939.3446242107627,601.8841556214443,714.7034965956603,845.043932268018,0.0,81.07781686970478,81.07781686970478,60.0,0.0,60.0,60.0,12.0,12.0,12.0,19.0,12.0,12.0,21.0,10.0,0.0,0.0,0.0,0.0,0.0,0.0,0.0,0.0,0.0,0.0,0.0,0.0,0.0,81.07781686970478,81.07781686970478,0.0,0.0,0.0,81.07781686970478,0.0,0.0,0.0017800000000000002 
 04/21  05:00:00,7.45,100.0,2.45,0.0,0.0,0.0,0.0,0.0,2.0,2.0,0.0,0.0,0.0,0.0,0.0,273.0,0.0,0.0,0.0,0.0,0.0,0.0,0.0,0.0,0.0,0.0,0.0,18.36762459497092,1.2245622912114414,18.33794080531144,-227.0130920416359,18.159107924233106,-176.81066872630709,18.29069179108864,-2.8786743066225428,16.877951644835627,-3.931629894060336,18.50093246347993,-21.887890209917488,17.298983447236318,-38.03297712068843,15.488598730758565,-152.0208933835852,17.599597188120634,-52.095997903605738,260.2524812285301,442.3545733289734,0.0,0.0,0.0,0.0,0.0,0.0,0.0,0.0,0.0,0.0,0.0,0.0,0.0,0.0,0.0,0.0,0.0,0.0,0.0,0.0,0.0,0.0,1.1013404052442715,0.33618449488530879,203.335786772878,239.5154853308217,4407.562428468409,0.19272869326177465,0.02941524622432458,146.9649003915037,173.20413962592327,3137.5414596802099,2.067329684285015,0.39065186777872559,122.48523525029224,144.41994873248255,2622.9061467791705,0.2133702325165046,0.04031939389956624,71.91869096453975,84.72046723974585,1552.3268356421186,0.0,0.0,5.55781673434687,6.575881049972001,105.18881268557665,0.0,0.0,10.48795415137743,12.332466573196739,235.47721348362115,0.0,0.0,58.97020940644569,69.69964882318654,1157.805925022646,0.0,0.0,42.75733580086923,50.89839004119542,662.7703150691747,0.0,0.0,22.20327359245852,26.193608319469765,457.1289043712968,24.210632460890918,16.60537205822423,235.63392472210715,278.25374916760748,5256.0030388778109,0.0,0.0,51.19244579942384,61.32567094973067,611.7708412828807,0.0,18.235374635232373,53.099788670889648,22.0,30.0,0.0,18.111620567682068,53.07366476887477,12.0,30.0,0.0,17.975462540554994,53.57705072875293,22.0,30.0,0.0,18.21515984746344,53.20343130447429,12.0,30.0,0.0,16.854156882505469,59.5158729491837,12.0,30.0,0.0,18.68066533682688,52.66374820861145,12.0,30.0,0.0,17.219104855022729,57.06577812681004,10.0,30.0,0.0,15.101555204004855,66.42322728016157,12.0,30.0,0.0,17.712278260251069,56.23935835191375,20.0,30.0,0.0,17.5551789106175,0.0,0.0,0.0,13.29377231412903,0.0,0.0,525.1115739204834,515.7914597516982,523.5747706463732,525.7500452984442,623.4468689833999,934.7063317485535,596.7151874411273,712.645150589678,840.947355352101,0.0,81.07781686970478,81.07781686970478,60.0,0.0,60.0,60.0,12.0,12.0,12.0,19.0,12.0,12.0,21.0,10.0,0.0,0.0,0.0,0.0,0.0,0.0,0.0,0.0,0.0,0.0,0.0,0.0,0.0,81.07781686970478,81.07781686970478,0.0,0.0,0.0,81.07781686970478,0.0,0.0,0.0018 
 04/21  05:10:00,7.548333333333334,99.83333333333334,2.566666666666667,15.333333333333336,86.66666666666667,0.0,0.0,0.0,2.0,2.0,0.0,0.0,0.0,0.0,0.0,546.0,0.0,25.97027426865888,71.15997548131162,182.34355915629448,0.7787232574788063,20.726786631514768,0.0,71.15997548131155,97.28108145898817,0.0,0.0,18.253316721103944,-94.16050064567526,18.334184862190147,-66.7380095796841,18.19836034929162,-23.792023017265366,18.32999225880733,-87.48547385545855,16.855351746080037,-3.872623079938549,18.478375877227984,-24.886746002977618,17.272510978321479,-31.88597742014656,15.491680466120642,-156.76039957341676,17.6294597495016,-55.455105146804388,230.5914893408185,442.5792495636914,0.0,0.0,0.0,0.0,0.0,0.0,0.0,0.0,0.0,0.0,0.0,0.0,0.0,0.0,0.0,0.0,0.0,0.0,0.0,0.0,0.0,0.0,1.109883027282251,0.33879213287004009,202.84264335513417,239.82706438359299,4276.7811159233519,0.20424899423617477,0.0311735339188301,100.81267427883548,119.0368886707209,2140.9246138162654,2.131433605255056,0.4027652315296782,155.87731984636057,184.55774302250956,3323.2056811663699,0.2020666878289537,0.038183425515675297,75.74016653912025,89.74074452940367,1606.633872752894,0.0,0.0,5.838800185685121,6.930306446731983,109.0884368343009,0.0,0.0,10.479760093074379,12.35957759546406,232.6206435912152,0.0,0.0,60.685089909954097,71.94743573112976,1177.0858454924774,0.0,0.0,42.9415929035282,51.27185637061001,655.2555592066659,0.0,0.0,23.125948944028719,27.35990435783051,471.5280029883629,23.7373768562045,16.28077973676578,240.48942658881669,285.0779837130505,5270.573046624844,0.0,0.0,51.20504666205345,61.53048921071745,597.4769404596805,0.0,18.03759312064197,53.372419531549059,22.0,30.0,0.0,18.155713391307548,53.015781431888218,12.0,30.0,0.0,18.065313532153576,53.515396818788619,22.0,30.0,0.0,18.16341221074228,52.67147477990396,12.0,30.0,0.0,16.83446621635006,59.39601006841828,12.0,30.0,0.0,18.6545671329351,52.598816816610327,12.0,30.0,0.0,17.201593512889887,57.03171840021503,10.0,30.0,0.0,15.0828024707752,66.32910620951644,12.0,30.0,0.0,17.71527627710031,56.0259695040846,20.0,30.0,0.0,17.484111957035908,0.0,0.0,0.0,13.25482579824263,0.0,0.0,518.1536340576902,519.1101255582589,529.6755504123273,506.26126925771976,622.0963233360258,933.3058338411845,594.1869098491436,712.3748385288702,835.6307369216563,0.0,81.07781686970478,81.07781686970478,60.0,0.0,60.0,60.0,12.0,12.0,12.0,19.0,12.0,12.0,21.0,10.0,0.0,0.0,0.0,0.0,0.0,0.0,0.0,0.0,0.0,0.0,0.0,0.0,0.0,81.07781686970478,81.07781686970478,0.0,0.0,0.0,81.07781686970478,0.0,0.0,0.0018199999999999998 
 04/21  05:20:00,7.646666666666667,99.66666666666667,2.6833333333333337,19.166666666666669,108.33333333333334,0.0,0.0,0.0,2.0,2.0,0.0,0.0,0.0,0.0,0.0,273.0,0.0,33.58443884681386,89.04904251881493,228.18333811612389,1.007037428918056,26.803648106173264,0.0,89.0490425188149,121.73679235447188,0.0,0.0,18.26125927421261,-27.960006870018789,18.309933523778459,-82.99095524675863,18.216781660581323,-24.08465357278601,18.327705142416354,-141.41987913593904,16.82702615694531,-3.6351917281930925,18.44732122905156,-25.16001580763202,17.231657330450337,-29.570105313194519,15.479547683879123,-156.15612537760036,17.646157326713728,-57.31280848345648,188.46727314976489,440.27426009072976,0.0,0.0,0.0,0.0,0.0,0.0,0.0,0.0,0.0,0.0,0.0,0.0,0.0,0.0,0.0,0.0,0.0,0.0,0.0,0.0,0.0,0.0,1.0971284350886175,0.3348987897095902,67.43893969663039,79.4877173306604,1433.7264528256747,0.20531696094397348,0.03133653250060645,54.43832406002045,64.1636956134048,1146.22185700073,2.1079667354479678,0.3983308268042268,130.9087071226008,154.29453591268342,2784.0786509333909,0.20108856720255334,0.037998595465335089,95.85630307248263,112.99334526482852,2010.4736108201342,0.0,0.0,5.860810910911083,6.936783646698032,108.05062484346282,0.0,0.0,10.586607955181663,12.453265791959609,232.25900480347455,0.0,0.0,60.28582991175678,71.27654242046366,1152.5193162817644,0.0,0.0,42.70814939212429,50.85450672231594,641.8246278001711,0.0,0.0,23.96491438136277,28.275831188027707,484.60790889793807,23.321443389601087,15.995503010700338,132.13510595395034,156.160381731543,3020.3789120681187,0.0,0.0,50.805618630926648,60.88532973280575,581.1920017935687,0.0,18.106394549332899,53.05769176565101,22.0,30.0,0.0,18.136121936850807,52.52652986092021,12.0,30.0,0.0,18.112105979563777,53.02514576554286,22.0,30.0,0.0,18.112096817481576,52.47771221136238,12.0,30.0,0.0,16.80457412378918,59.19825768378261,12.0,30.0,0.0,18.61703367831794,52.464384421570048,12.0,30.0,0.0,17.155580470594136,57.24201270750936,10.0,30.0,0.0,15.062800364552725,66.15098360769103,12.0,30.0,0.0,17.725581422458526,55.664232993028068,20.0,30.0,0.0,17.345506002973126,0.0,0.0,0.0,13.237682650819302,0.0,0.0,526.1917885390835,503.09667032577269,519.8549307340904,497.84819925705656,619.818445453138,928.6556713401664,599.1624203045087,712.7383434924249,824.6354807223914,0.0,81.07781686970478,81.07781686970478,60.0,0.0,60.0,60.0,12.0,12.0,12.0,19.0,12.0,12.0,21.0,10.0,0.0,0.0,0.0,0.0,0.0,0.0,0.0,0.0,0.0,0.0,0.0,0.0,0.0,81.07781686970478,81.07781686970478,0.0,0.0,0.0,81.07781686970478,0.0,0.0,0.0018066666666666665 
 04/21  05:30:00,7.744999999999999,99.5,2.8,23.0,130.0,0.0,0.0,0.0,2.0,2.0,0.0,0.0,0.0,0.0,0.0,273.0,0.0,41.3828622294734,105.73426594047524,270.93834362857538,1.240877689495953,33.02757740157124,0.0,105.73426594047521,144.54675775799047,0.0,0.0,18.21159263985654,-53.86045691544928,18.330480652774534,-10.781780908601093,18.179407708496965,-96.4445378185535,18.414348094671725,-14.383407611971052,16.80115814559269,-3.908760939509648,18.42169490618886,-25.007684104637634,17.20505858175421,-25.82908538181846,15.47248354423516,-156.7730855575869,17.663731695731735,-59.757999788617897,102.83777889390012,437.6992649719639,0.0,0.0,0.0,0.0,0.0,0.0,0.0,0.0,0.0,0.0,0.0,0.0,0.0,0.0,0.0,0.0,0.0,0.0,0.0,0.0,0.0,0.0,1.0847823304601124,0.3311301375030868,36.122020182975,42.58585965194738,766.8349616386322,0.20422001737702653,0.031169111321279996,5.928325388743295,6.985985716590761,128.2510529412042,2.105192483746059,0.397806591788749,49.70513019216137,58.602206374046648,1067.4159407357273,0.2073401227454224,0.039179917374418438,51.533045821363,60.71372810773486,1086.7454419203942,0.0,0.0,5.8896247000585559,6.971974258977739,107.13447841416913,0.0,0.0,10.48703684692343,12.338200791705886,227.4607324782143,0.0,0.0,60.67285657313589,71.74608363122593,1145.6272127624287,0.0,0.0,42.745899374358909,50.90561645208116,633.0662368349733,0.0,0.0,23.72878763671259,27.9979046781151,475.71953563362436,22.853886168075964,15.674819045319597,48.78066205792351,57.719812202312649,1338.2073980239484,0.0,0.0,50.758829680813708,60.831835841985469,571.005602285441,0.0,18.04758769219076,53.2596805299486,22.0,30.0,0.0,18.2049374299973,52.3353942914245,12.0,30.0,0.0,18.04364836422317,53.12503307439962,22.0,30.0,0.0,18.25188557549073,52.447398927197,12.0,30.0,0.0,16.77945811434019,59.13619549752226,12.0,30.0,0.0,18.589087532143116,52.40683679153491,12.0,30.0,0.0,17.135563869056424,57.01833701912199,10.0,30.0,0.0,15.052673238425236,65.9239191124441,12.0,30.0,0.0,17.737386326250197,55.49764274666577,20.0,30.0,0.0,17.061461528130907,0.0,0.0,0.0,13.242405338944808,0.0,0.0,535.4406305913764,505.7233622389237,530.8224789364407,515.1546883058554,619.784852828991,927.3986759655647,598.6980227891796,712.9774644802043,823.9444606983857,0.0,81.07781686970478,81.07781686970478,60.0,0.0,60.0,60.0,12.0,12.0,12.0,19.0,12.0,12.0,21.0,10.0,0.0,0.0,0.0,0.0,0.0,0.0,0.0,0.0,0.0,0.0,0.0,0.0,0.0,81.07781686970478,81.07781686970478,0.0,0.0,0.0,81.07781686970478,0.0,0.0,0.0017933333333333335 
 04/21  05:40:00,7.843333333333334,99.33333333333334,2.9166666666666667,30.833333333333333,145.0,0.0,0.0,0.0,2.0,2.0,0.0,0.0,0.0,0.0,0.0,546.0,0.0,55.299391047925,118.38478010241731,303.35466588821307,1.6581708443326094,44.13435022228207,0.0,118.38478010241727,161.84096971298437,0.0,0.0,18.19108761788097,-38.84891856104582,18.283244653971708,-116.38812783935043,18.185778692587414,-46.485842318963708,18.39104197923588,-151.36488560629915,16.77838275479739,-3.916133175972206,18.403019521484575,-25.135410702358628,17.176370986089457,-28.208748784141677,15.468068243043687,-154.59468676235077,17.679626419532249,-61.15984861252184,196.44450728458242,433.8322228666209,0.0,0.0,0.0,0.0,0.0,0.0,0.0,0.0,0.0,0.0,0.0,0.0,0.0,0.0,0.0,0.0,0.0,0.0,0.0,0.0,0.0,0.0,1.0882357965712193,0.33218430908767379,94.4695944324201,111.75745063650897,1952.0645367892262,0.20139699272433143,0.030738246752797843,74.29649877140023,87.94753073476348,1528.7967104696637,2.1333716053931077,0.40313144470769249,104.3496461206783,123.48393602877948,2179.5429444959329,0.19783722869614746,0.03738420799246927,102.78747127580735,121.62526749047291,2117.4332980388605,0.0,0.0,5.823018173167483,6.91329252038115,104.51120755234598,0.0,0.0,10.645940418765758,12.56227290558947,228.34227052636727,0.0,0.0,59.13950444551591,70.1373318425459,1101.6489824828719,0.0,0.0,42.6056463531958,50.88670370559406,622.0598083978048,0.0,0.0,25.373050588806288,30.024734610637006,504.0236523289864,22.407038721115666,15.36833931489415,161.21815897949888,191.21885978528818,3529.6390837356927,0.0,0.0,50.46635607208669,60.6524866260664,559.5390766640251,0.0,18.05233399967115,52.991641620096078,22.0,30.0,0.0,18.120841091528413,52.15707601602682,12.0,30.0,0.0,18.074748561795276,53.020511760034548,22.0,30.0,0.0,18.145908400962079,52.15868400079589,12.0,30.0,0.0,16.760001909215469,59.06401476746929,12.0,30.0,0.0,18.57017153593487,52.32850999906036,12.0,30.0,0.0,17.109982690605638,56.93700381466551,10.0,30.0,0.0,15.05003290523371,65.78149415370251,12.0,30.0,0.0,17.74826335186014,55.28543154039525,20.0,30.0,0.0,17.402172974436647,0.0,0.0,0.0,13.263579599936716,0.0,0.0,523.049946142218,488.4436499933217,527.4627559341786,492.2334360913056,620.1278569188273,925.1452702417154,599.9029711394853,713.3343889440137,818.0564135571069,0.0,81.07781686970478,81.07781686970478,60.0,0.0,60.0,60.0,12.0,12.0,12.0,19.0,12.0,12.0,21.0,10.0,0.0,0.0,0.0,0.0,0.0,0.0,0.0,0.0,0.0,0.0,0.0,0.0,0.0,81.07781686970478,81.07781686970478,0.0,0.0,0.0,81.07781686970478,0.0,0.0,0.0017800000000000002 
 04/21  05:50:00,7.9416666666666659,99.16666666666666,3.033333333333333,38.666666666666667,160.0,0.0,0.0,0.0,2.0,2.0,0.0,0.0,0.0,0.0,0.0,273.0,0.0,69.24841515819283,124.44577624378005,318.88572456721865,2.0764391858300157,55.267066238994178,0.0,124.44577624377989,170.1268109511586,0.0,0.0,18.173532021793407,-9.59057728681455,18.24375503456463,-131.5578629609754,18.192977946083734,-18.661930282377854,18.38007744864442,-178.11693485293154,16.750839207630859,-3.6935391669134107,18.38160804630241,-24.82870882298488,17.140988611056146,-29.276536629124395,15.463395686840802,-152.82037721235339,17.695603190016059,-62.31800173562385,197.9522700292191,427.58651637400296,0.0,0.0,0.0,0.0,0.0,0.0,0.0,0.0,0.0,0.0,0.0,0.0,0.0,0.0,0.0,0.0,0.0,0.0,0.0,0.0,0.0,0.0,1.0770337053158557,0.32876486731253226,128.66440500402175,151.70797787860659,2626.53389648342,0.2000343801110147,0.030530277794721416,83.33515857142479,98.27396647610668,1691.8466731615714,2.1557567558277666,0.4073614429001828,110.02601543361277,129.71027073290828,2280.417834637167,0.19303607939061516,0.036476961336095067,107.62127049158737,126.89932718358084,2191.1531090101036,0.0,0.0,5.7176666632167809,6.770596353025664,101.21330064056049,0.0,0.0,10.714552444718989,12.609876925177826,227.25615912498572,0.0,0.0,57.59028110329913,68.12512709543816,1057.5455194165264,0.0,0.0,42.3023156813668,50.38491574152994,609.4862895029961,0.0,0.0,26.286218285953927,31.017803769089345,518.0396754500908,21.889773343944197,15.013561964296436,167.6307053084552,198.0701627207197,3606.825232084076,0.0,0.0,50.001357071008829,59.921777878748937,548.0290723110423,0.0,18.06123533570184,52.74121837815624,22.0,30.0,0.0,18.065999382560375,51.98843194862282,12.0,30.0,0.0,18.10447984812921,52.66938803857874,22.0,30.0,0.0,18.1024421668934,51.81123176439396,12.0,30.0,0.0,16.730866238652888,58.9220302753208,12.0,30.0,0.0,18.543106332931179,52.180736534130257,12.0,30.0,0.0,17.070975468405686,56.97320223436132,10.0,30.0,0.0,15.049788314742115,65.57812603917809,12.0,30.0,0.0,17.764237543282716,54.966134593473118,20.0,30.0,0.0,17.444241982860757,0.0,0.0,0.0,13.297586932350253,0.0,0.0,514.4148281729683,472.2798250683862,516.8424180110425,469.2446619261997,619.46806513655,920.3828179894439,604.743417126387,716.5242551535116,808.7358001917419,0.0,81.07781686970478,81.07781686970478,60.0,0.0,60.0,60.0,12.0,12.0,12.0,19.0,12.0,12.0,21.0,10.0,0.0,0.0,0.0,0.0,0.0,0.0,0.0,0.0,0.0,0.0,0.0,0.0,0.0,81.07781686970478,81.07781686970478,0.0,0.0,0.0,81.07781686970478,0.0,0.0,0.0017566666666666666 
 04/21  06:00:00,8.04,99.0,3.15,46.5,175.0,0.0,0.0,0.0,2.0,2.0,0.0,0.0,0.0,0.0,0.0,273.0,0.0,79.53131247436495,118.02469745423844,302.43217401470789,2.384781474448371,63.47389614911043,0.0,118.02469745423834,161.34870943334645,0.0,0.0,18.12552842045109,-38.67396695854541,18.266647000398114,-11.373294725627148,18.107874040762036,-142.37095744643285,18.455685563484246,-18.666314500879709,16.726020175615845,-3.666760853902076,18.363562824859764,-26.231036881146225,17.118676605256547,-21.452365037468327,15.45540605274342,-149.04991117909413,17.701268480320758,-64.95471854307357,160.9204315925681,419.01109584108988,0.0,0.0,0.0,0.0,0.0,0.0,0.0,0.0,0.0,0.0,0.0,0.0,0.0,0.0,0.0,0.0,0.0,0.0,0.0,0.0,0.0,0.0,1.0769164853525069,0.3287290858829386,93.80957263773722,110.63470332216777,1891.1618478257684,0.2075198214005896,0.031672744414009409,60.50955585125822,71.33225199622744,1226.6107360454626,2.1575590543998617,0.407702013303073,112.95403478693335,133.23693473525194,2283.095709251654,0.20248438915775614,0.03826235622784506,57.867259036974797,68.18692350368595,1187.1407634928247,0.0,0.0,5.886514716724682,6.971598097140232,102.7709448193287,0.0,0.0,10.645016215106497,12.529849596714282,223.27080444999499,0.0,0.0,58.59089049307449,69.31781385802299,1062.889091722338,0.0,0.0,42.04969568017025,50.087475343632949,597.6564644002093,0.0,0.0,26.203814811108896,30.92199975503671,511.63715177985378,21.311830323324636,14.617167574296737,110.14747154147583,130.2189099680634,2453.251367358442,0.0,0.0,49.6399501196192,59.48367145237194,538.424753313813,0.0,18.000247219545245,53.09387656582351,22.0,30.0,0.0,18.140838455605026,52.32789973966832,12.0,30.0,0.0,17.950049162738716,53.22015159887074,22.0,30.0,0.0,18.26588306426092,51.99842973692553,12.0,30.0,0.0,16.707176782978846,58.84827676597204,12.0,30.0,0.0,18.522219897803216,52.092477268995768,12.0,30.0,0.0,17.05778427490712,56.78760376838332,10.0,30.0,0.0,15.051551463316845,65.3632170823769,12.0,30.0,0.0,17.771393027982563,54.78636131593979,20.0,30.0,0.0,17.355191543930386,0.0,0.0,0.0,13.340625750296115,0.0,0.0,526.984313815994,505.9048724050021,526.806654485485,508.91431811303849,620.9403019388167,919.4846956876576,594.2942751679426,718.2142353925656,807.5280246751678,0.0,81.07781686970478,81.07781686970478,60.0,0.0,60.0,60.0,12.0,12.0,12.0,19.0,12.0,12.0,21.0,10.0,0.0,0.0,0.0,0.0,0.0,0.0,0.0,0.0,0.0,0.0,0.0,0.0,0.0,81.07781686970478,81.07781686970478,0.0,0.0,0.0,81.07781686970478,0.0,0.0,0.0017333333333333335 
 04/21  06:10:00,8.196666666666666,99.0,3.24,54.333333333333339,190.0,0.0,0.0,0.0,2.0,2.0,0.0,0.0,0.0,0.0,0.0,2740.0,0.0,93.09804116338946,122.60761894304503,314.17576081950986,2.791588540243792,74.30152440966983,0.0,122.60761894304496,167.61391056161029,0.0,0.0,19.335095366591827,-794.2514828956726,18.463933042299034,776.1468157014886,19.65044849757303,-2254.3695406780154,18.76043681139356,810.2325060442713,16.707144269356449,-1.566191994295528,19.06246367939979,-84.4559084371667,17.21264855304726,181.39536908700587,16.290818713879657,-185.00766001999984,18.7805495316814,-168.15214712606773,424.33388332680206,503.3008740795555,0.0,0.0,0.0,0.0,0.0,0.0,0.0,0.0,0.0,0.0,0.0,0.0,0.0,0.0,0.0,0.0,0.0,0.0,0.0,0.0,0.0,0.0,1.0306784771613269,0.3146149197684148,380.7148580125255,447.74137251591238,8984.79059215556,0.30576281565534726,0.04666709640649379,339.4663926510534,401.1781364784372,7069.301775958745,1.5865684650246946,0.2998050765352787,503.4330145985538,591.3465281822535,12266.125561447665,0.2703430341217583,0.051085229425880247,340.96142744759126,402.5994441181357,7300.290799747634,0.0,0.0,9.797384589962734,11.65665618696736,167.6073395287565,0.0,0.0,16.876656460624607,19.875289237012507,386.4027531942635,0.0,0.0,67.72325158050433,80.44601138332132,1236.75584513881,0.0,0.0,31.581311793087587,37.65877816087131,521.108262087306,0.0,0.0,39.46498035399649,46.5109861319146,891.7064190172632,22.589764534241924,15.493665661345635,672.2390346365025,795.3314981721284,14033.142428696807,0.0,0.0,44.16105224927796,53.16737661685533,479.23832060720329,1991.1683080032979,19.841793775158668,47.16946493875867,21.999999999999998,30.0,0.0,18.53840265652465,51.07517629570012,15.999999999999999,30.0,4463.71844166776,20.243688457960745,45.997251052446127,21.999999999999998,30.0,0.0,18.835289365532707,50.10450637579483,15.999999999999999,30.0,0.0,16.694831525270954,58.718316199926729,12.0,30.0,1086.9891561779594,19.618560722512848,48.59311596246739,19.7,30.0,0.0,17.274751721386694,55.77010906036359,10.0,30.0,928.7359326052083,16.486067617057669,59.54743112480607,16.799999999999998,30.0,1759.6322760967199,19.45013072207709,49.20339178054566,19.7,30.0,0.0,18.221976843521437,0.0,0.0,0.0,13.509327226008868,0.0,0.0,513.0628565171905,512.1145438688968,510.27597674737918,506.0843774752453,618.0940295674514,898.022418422711,575.7275067350079,724.5130928889155,785.5593619531748,12282.639301202202,79.88229816662363,86.57400868422238,60.0,0.0,60.0,60.0,16.0,16.0,19.0,19.0,16.0,12.0,21.0,10.0,1.0,0.0,1991.1683080032979,0.0,4463.71844166776,0.0,1086.9891561779594,0.0,928.7359326052083,1759.6322760967199,10124.469788811106,6074681.873286663,7901851.375363185,79.88229816662363,86.68765614376557,0.4054823262937035,0.767461172479162,0.3602813740196596,86.68765614376557,0.3542647819438876,7901851.375363185,0.4126062715188856 
 04/21  06:20:00,8.353333333333334,99.00000000000002,3.33,62.16666666666667,205.0,0.0,0.0,0.0,2.0,2.0,0.0,0.0,0.0,0.0,0.0,822.0,0.0,106.7296694286639,126.11460270542537,323.1623232730627,3.2003423982011536,85.18095714946928,0.0,126.1146027054253,172.40822324589539,0.0,0.0,20.06177851882429,-1316.0880437767283,19.06980652326678,756.1674782616814,20.503276908987606,-3279.557402088044,19.542348461040385,661.081489663848,16.686963202465458,3.140395728511728,19.025320685726613,-71.55648674489795,17.598512698849974,280.90839824813619,16.294689165891023,-196.59907476726534,18.75598626968953,-126.75430047011419,572.0268250585903,487.8698431825245,0.0,0.0,0.0,0.0,0.0,0.0,0.0,0.0,0.0,0.0,0.0,0.0,0.0,0.0,0.0,0.0,0.0,0.0,0.0,0.0,0.0,0.0,1.0870403178551696,0.33181938884467929,449.34246672009547,526.4469893134415,11298.971901766108,0.3426486531339443,0.052296802981371227,397.2359419031843,467.72440240841618,8870.97587049209,1.5649166478328472,0.29571365227378068,557.7386309625722,652.5038178429699,14537.652809789899,0.2862641155855055,0.05409374822099497,370.1437008023313,435.15555155810508,8617.833607128274,0.0,0.0,11.075043443123203,13.168187433924903,185.70654007503144,0.0,0.0,17.442325765502497,20.54068271692497,388.7034888117289,0.0,0.0,78.62717309723793,93.05991801332344,1515.6621278369528,0.0,0.0,35.09185752092739,41.7583800565331,567.2907625823616,0.0,0.0,35.40090233978715,41.727118107378149,776.258752117854,23.479693425293893,16.104042129831205,760.1928642053865,897.0322054076942,16553.936366813257,0.0,0.0,44.70880608184534,53.715500726225609,481.9628089607503,1817.1962709431774,21.018778322062269,43.797470906536819,21.999999999999994,29.99999999999999,0.0,19.562790838478216,47.94146976487208,15.999999999999993,29.99999999999999,4104.205169467918,21.52101893306515,42.46070821828572,21.999999999999994,29.99999999999999,0.0,20.073048255703819,46.41694840039695,15.999999999999993,29.99999999999999,0.0,16.67973950835464,58.39414943099718,11.999999999999995,29.99999999999999,0.0,19.53367762657895,48.673532454839399,18.999999999999994,29.99999999999999,0.0,17.949610811264046,53.24585562899264,9.999999999999997,29.99999999999999,0.0,16.388503389500327,59.72188247071357,15.999999999999993,29.99999999999999,0.0,19.334373532705646,49.284236971901787,18.999999999999994,29.99999999999999,0.0,18.95602839518873,0.0,0.0,0.0,13.627401333282485,0.0,0.0,511.51729208769788,516.8216700307373,510.2548302965913,510.5986703116356,610.0598338152635,842.4556794711073,556.9236664606798,744.5156843295642,755.9435900667231,11726.86441679874,80.25035042846491,87.87058315093587,59.99999999999998,0.0,59.99999999999998,59.99999999999998,16.0,16.0,19.0,19.0,16.0,12.0,21.0,10.0,1.0,0.0,1817.1962709431774,0.0,4104.205169467918,0.0,0.0,0.0,0.0,0.0,11531.029259580997,6918617.5557486009,9038285.929517467,80.25035042846491,87.99999999999997,0.38436764198603326,0.7657077090896194,0.36028137401965945,87.99999999999997,0.35426478194388735,9038285.929517467,0.4716742016682417 
 04/21  06:30:00,8.51,99.0,3.42,70.0,220.0,0.0,0.0,0.0,2.0,2.0,0.0,0.0,0.0,0.0,0.0,2740.0,0.0,120.4187568540857,128.50375727582955,329.2845167633688,3.610819938492501,96.10625611482534,0.0,128.5037572758294,175.67437867680384,0.0,0.0,20.459942327629947,-1354.4440177450907,19.50994775958648,865.8142027823761,20.670169455926506,-1496.3295454898219,19.961673098630663,538.434075585764,16.67651257149945,10.079068733088827,18.880440237766004,-32.01616448366594,17.920893311932596,348.38718386072068,16.34024976340135,-231.48774974078345,18.592971057691935,-71.01547985034913,755.4301518983124,533.3352944468483,0.0,0.0,0.0,0.0,0.0,0.0,0.0,0.0,0.0,0.0,0.0,0.0,0.0,0.0,0.0,0.0,0.0,0.0,0.0,0.0,0.0,0.0,1.207364349739987,0.36854833630646746,467.98746365544846,548.0686505930019,12089.414700772148,0.33616170489424015,0.05130673151621492,367.1533135041102,432.06216862914348,8554.210345830783,2.083410076030288,0.39369049055749985,390.39400111969186,457.6174071581002,10188.696809616755,0.2853767802632244,0.053926073367956229,296.9676490719322,349.13387723451,7146.595019512224,0.0,0.0,11.025798162233143,13.130407371119026,181.36790494095215,0.0,0.0,14.194336266877709,16.75585628086987,305.1865113013323,0.0,0.0,97.62728775162999,115.53195461419763,1949.6818524131145,0.0,0.0,44.33564467818746,52.850960139662827,703.0271289611424,0.0,0.0,22.11331582015259,26.132027102809749,466.1144910501971,24.302798518841855,16.668586089740648,657.9455334664561,775.6912995988232,15236.163906858312,0.0,0.0,54.60343215630284,65.67663399373757,589.0247145386674,1843.8381639941602,21.551786523544299,42.43806481767044,21.999999999999998,30.0,0.0,20.255869716763415,45.958716348837238,15.999999999999999,30.0,1822.597372842314,21.533268290305796,42.49726298654154,21.5,30.0,0.0,20.652232909773575,44.84213203164364,15.999999999999999,30.0,0.0,16.67917325674221,58.1785811426235,12.0,30.0,0.0,19.28592753350493,49.31180299920101,19.0,30.0,0.0,18.493059502138828,51.46535258997198,10.0,30.0,557.295846583898,16.393549974565329,59.418544797560979,16.499999999999998,30.0,5.201063020008843,19.06170012831418,50.047840935754198,19.0,30.0,0.0,19.761148705742117,0.0,0.0,0.0,13.791124583287079,0.0,0.0,518.5902357902074,523.2399975897295,519.4788181197064,521.8554056917996,605.9777004436061,829.914150549837,565.7528683230993,715.6126065459037,769.7407893613007,10026.975735993325,81.37483636365842,83.5544988370219,60.0,0.0,60.0,60.0,16.0,16.0,19.0,19.0,16.0,12.0,21.0,10.0,1.0,0.0,1843.8381639941602,0.0,1822.597372842314,0.0,0.0,0.0,557.295846583898,5.201063020008843,3298.5130448505199,1979107.8269103117,2563721.1876418816,81.37483636365842,83.59151674180241,0.34795043482835066,0.7703153774140108,0.3602813740196596,83.59151674180241,0.3542647819438876,2563721.1876418816,0.1349701684240445 
 04/21  06:40:00,8.666666666666666,99.0,3.51,82.33333333333333,227.0,0.0,0.0,0.0,2.0,2.0,0.0,0.0,0.0,0.0,0.0,1096.0,0.0,139.6819987811313,130.0908193888415,333.3514166600014,4.18843896420587,111.480262955057,0.0,130.0908193888414,177.84401290801493,0.0,0.0,20.667096652108666,-1314.037000504431,19.78957137094135,698.3562937292265,20.749425591487169,-1198.1629469641985,20.14484908377336,515.8709620069269,16.67092970079051,14.045703263492232,18.774784617166789,-30.524780220359966,18.171543141694618,301.46671506011207,16.41054700457996,-239.53292101978898,19.186940685870483,-115.2533371248935,776.958543245539,605.5142400193959,0.0,0.0,0.0,0.0,0.0,0.0,0.0,0.0,0.0,0.0,0.0,0.0,0.0,0.0,0.0,0.0,0.0,0.0,0.0,0.0,0.0,0.0,1.2196395106041265,0.3722953329072427,448.26039294054359,524.0690300803719,11603.393291605851,0.32499445066520518,0.049602327635104598,347.18960778823489,407.59998316733557,8239.138733913825,2.152952210136177,0.40683148339685917,368.5580996028443,431.3104367495157,9537.3899907101,0.28817546860158019,0.05445492603960321,292.4439673735321,343.2112344129486,7069.9767686590389,0.0,0.0,11.189250178973234,13.312746508142176,180.64293966535298,0.0,0.0,15.034024691506307,17.737894198505886,312.87683416219809,0.0,0.0,97.57442112553292,115.2199983806708,1991.630192267265,0.0,0.0,46.966576889586587,55.91208879473528,739.6921055138917,0.0,0.0,27.723511211920294,32.60333193099955,624.60817813158,24.239411125695207,16.62511051145077,635.6988985067815,748.018065167565,14860.95971354379,0.0,0.0,58.79995393614996,70.59861442563227,642.7555025550262,1811.0925798252907,21.748615884481148,41.97138838658397,22.000000000000008,30.00000000000001,0.0,20.62747475130741,44.954270435628348,16.000000000000008,30.00000000000001,1486.7684214863705,21.61690277314649,42.32781323188066,21.500000000000008,30.00000000000001,0.0,20.85762476598493,44.320952152058428,16.000000000000008,30.00000000000001,0.0,16.68233540917586,57.993680699759419,12.000000000000004,30.00000000000001,0.0,19.09414102325631,49.803739918216,19.000000000000008,30.00000000000001,0.0,18.88156867082275,50.21387790085476,10.000000000000004,30.00000000000001,0.0,16.49099720926251,58.73168189493509,16.000000000000008,30.00000000000001,1129.3537229946786,19.98760646701958,47.15976843159608,20.000000000000008,30.00000000000001,0.0,20.010304979146207,0.0,0.0,0.0,14.01879031087001,0.0,0.0,522.9893231851197,528.7548037567401,523.8496936550414,526.133019647596,599.8841801440713,832.5922091501043,560.7928129916138,660.631556874434,777.9385143541103,10857.99429143827,80.82512070547767,84.60299888580963,60.00000000000002,0.0,60.00000000000002,60.00000000000002,16.0,16.0,19.0,19.0,16.0,12.0,21.0,10.0,1.0,0.0,1811.0925798252907,0.0,1486.7684214863705,0.0,0.0,0.0,0.0,1129.3537229946786,5716.750591217484,3430050.35473049,4440038.55089912,80.82512070547767,84.66715979900651,0.3605583530405829,0.7701103194461363,0.36028137401965967,84.66715979900651,0.35426478194388769,4440038.55089912,0.23251200464675426 
 04/21  06:50:00,8.823333333333335,99.0,3.6,94.66666666666666,234.0,0.0,0.0,0.0,2.0,2.0,0.0,0.0,0.0,0.0,0.0,548.0,0.0,158.51648475240575,130.52658080089626,334.4681755590391,4.753202303209842,126.51208806894005,0.0,130.52658080089615,178.43973179543799,0.0,0.0,20.693754476371987,-1492.087762133503,19.942899714217796,507.7352318853573,20.550671101184429,-446.6603477594135,20.14632035561437,143.19369028246593,16.66910071116157,15.41412958618153,19.10826010061299,-41.6661640068059,18.290151414243544,245.84371631209457,16.124293675981339,-195.8919839444642,19.015704572949838,-100.79041696107646,752.5596320594414,646.9955438470627,0.0,0.0,0.0,0.0,0.0,0.0,0.0,0.0,0.0,0.0,0.0,0.0,0.0,0.0,0.0,0.0,0.0,0.0,0.0,0.0,0.0,0.0,1.2109112834281533,0.3696310388974827,481.18850537340099,561.9922819082118,12195.626962883449,0.2895959017519667,0.044199618704512628,294.2087184333634,344.8608240841779,6979.582323598236,2.6099156231410989,0.4931813346827475,331.19923172998497,387.20443790706767,8296.64215558472,0.2762445948852973,0.05220041475534716,192.73036628676807,226.10098203652735,4575.673337227674,0.0,0.0,10.87600520169875,12.924456884177662,172.33830897902304,0.0,0.0,14.447993936091678,17.006696575317858,307.19163669820559,0.0,0.0,101.10473704339043,119.16970918922583,2060.960285341342,0.0,0.0,52.24370049045429,62.214980845348978,758.2955204377648,0.0,0.0,27.777800597858286,32.68670549440656,596.3306717069008,23.78354978178883,16.312448410006064,607.6681308092911,713.6804026641368,14132.184559452151,0.0,0.0,64.84662518578185,77.68508260984089,724.1140173293509,1860.9098961334749,21.638276749993677,42.28847879255875,22.0,30.0,0.0,20.78137317304612,44.55562820313703,16.0,30.0,1256.0410371106326,21.337601004974745,43.111762684843068,21.5,30.0,0.0,20.71099049282229,44.76432101082962,16.0,30.0,0.0,16.68870727917435,57.85114166359604,12.0,30.0,761.6746650363996,19.517221838809808,48.46086423046814,19.5,30.0,0.0,19.02953760089956,49.7483419794378,10.0,30.0,61.86878571786705,16.00986630473819,60.4112083053826,16.0,30.0,0.0,19.584846896586617,48.2948200902677,19.0,30.0,0.0,20.100135245870456,0.0,0.0,0.0,14.298578882144565,0.0,0.0,524.6067141826022,531.6714615870144,526.5750421267962,530.8583474111076,592.7645572616573,827.5018762922632,558.2638304716045,639.2579797529559,760.0724645718952,8841.331008571588,82.15888221292134,82.15888221292134,60.0,0.0,60.0,60.0,16.0,16.0,19.0,19.0,16.0,12.0,21.0,10.0,1.0,0.0,1860.9098961334749,0.0,1256.0410371106326,0.0,761.6746650363996,0.0,61.86878571786705,0.0,0.0,0.0,0.0,82.15888221292134,82.15888221292134,0.34,0.7689233579912138,0.36028137401965956,82.15888221292134,0.3542647819438875,0.0,0.00162 
 04/21  07:00:00,8.98,99.0,3.69,107.0,241.0,0.0,0.0,0.0,2.0,2.0,0.0,0.0,0.0,0.0,0.0,1096.0,0.0,177.3317772401273,129.85353078458633,332.7436697204048,5.317390454353505,141.52859854596577,0.0,129.85353078458619,177.51962139602083,0.0,0.0,20.74456955941125,-1404.598805009236,19.980881808226049,446.4676023979532,20.402268690954459,-254.33074217584363,20.106734449687595,302.3947345226293,16.666655252581564,15.496339356896457,19.2882454747259,-26.142067378049974,18.330743963749645,251.9424317064852,16.62041157809299,-235.93738900733968,18.82477312848654,-55.49027894681268,692.8723974086197,551.4605872337601,0.0,0.0,0.0,0.0,0.0,0.0,0.0,0.0,0.0,0.0,0.0,0.0,0.0,0.0,0.0,0.0,0.0,0.0,0.0,0.0,0.0,0.0,1.1992792243825877,0.36608034932313429,439.22428520506318,513.7830081892535,11010.276776796702,0.2774023577609369,0.042338577191840188,269.73630394376587,316.58174603242539,6300.889726168121,2.500769083564274,0.4725565161686083,249.4223744820472,292.42462211708286,6071.549126960015,0.2895343060068514,0.05471169803606413,250.3615423245743,294.0504054614409,5781.973411677233,0.0,0.0,10.411412722056238,12.389869354731595,161.72504987306295,0.0,0.0,12.258736058360253,14.431485500484055,264.61667798352297,0.0,0.0,97.1452999241426,114.6768924746955,1954.1838562468798,0.0,0.0,46.7636867945584,55.63107301924526,741.7048159212518,0.0,0.0,17.810615891467724,21.0199998275402,365.59889504843457,23.388138944182459,16.041247561167674,515.6744458709542,606.7991453658815,11820.732264498503,0.0,0.0,57.385067985588339,68.85822011883646,628.4501363573178,1789.922027503085,21.645828939523775,42.33667028390482,22.0,30.0,0.0,20.755640563890585,44.68758424542153,16.0,30.0,59.59801021496202,21.151157232779327,43.64774565074791,21.0,30.0,0.0,20.610464262030747,45.096620158425057,16.0,30.0,0.0,16.691127819488984,57.78617146847067,12.0,30.0,0.0,19.82065392570228,47.541000050522679,19.0,30.0,0.0,19.05497742904862,49.69065558946431,10.0,30.0,615.4214108691783,16.86787426099699,57.125214008202998,16.75,30.0,0.0,19.253046832069296,49.25369117070386,19.0,30.0,0.0,20.024210250202637,0.0,0.0,0.0,14.348960532148685,0.0,0.0,527.7705771188832,533.7151066279171,529.5909066966408,534.7463438328382,587.6905109880495,838.6584827054813,554.090825958863,622.0805479407195,769.2012454406865,9168.670032340786,81.94239373906786,83.63935510722871,60.0,0.0,60.0,60.0,16.0,16.0,19.0,19.0,16.0,12.0,21.0,10.0,1.0,0.0,1789.922027503085,0.0,59.59801021496202,0.0,0.0,0.0,615.4214108691783,0.0,2568.213373047977,1540928.023828786,2007276.2487078612,81.94239373906786,83.66817514478521,0.3406071124349326,0.767748162167116,0.36028137401965956,83.66817514478521,0.3542647819438875,2007276.2487078612,0.10598836493280878 
 04/21  07:10:00,9.186666666666668,98.0,3.7816666666666669,119.33333333333334,248.0,0.0,0.0,0.0,2.0,2.0,0.0,0.0,0.0,0.0,0.0,1918.0,0.0,195.93098731185123,128.1683230672741,328.42556876361018,5.8750997890759459,156.3726593215016,0.0,128.16832306727398,175.21581468284655,0.0,0.0,20.820156388245878,-1118.145766324048,20.05195882166391,509.27920459830696,20.762928608920335,-864.8525546192223,20.232514083357644,458.2588127587982,16.664516128407969,15.671906738986689,19.14298572680378,-17.130630287187615,18.43773994555917,305.3921494690137,17.453425890524455,-237.35741250188065,19.02526366405523,-78.48018937395251,705.1584752048158,483.23688854445586,0.0,0.0,0.0,0.0,0.0,0.0,0.0,0.0,0.0,0.0,0.0,0.0,0.0,0.0,0.0,0.0,0.0,0.0,0.0,0.0,0.0,0.0,1.1668153718669015,0.35617074843312016,402.97082331373226,471.7724399163606,9976.886081630679,0.28805670785003559,0.043964699000310688,290.43895910725947,341.04252180347796,6695.671384844537,2.2704656421408546,0.4290373473433211,327.75758940714408,383.862930432118,8142.209480353614,0.2888551764380771,0.05458336667386188,289.20472289711759,339.6666338585582,6656.116205208778,0.0,0.0,10.242635351071938,12.196083511489175,154.85903975769328,0.0,0.0,12.210676463342765,14.395459265665867,252.95870213144426,0.0,0.0,88.68484550934686,104.71001373569631,1773.6008585775588,0.0,0.0,33.1358504157644,39.30804024201198,583.535230704962,0.0,0.0,15.372667471168358,18.1401926478747,308.87934132900656,23.276480060522347,15.964663964692975,575.4857897155395,677.3157984796287,13027.08564949877,0.0,0.0,49.775053593589969,59.759313117925838,527.628124854896,1283.90439293166,21.655296671794284,42.417220396144767,21.71428571428571,29.999999999999994,0.0,20.81150906953214,44.645673239052957,16.0,29.999999999999994,1395.2191034536607,21.591090325697818,42.58275121224001,21.428571428571428,29.999999999999994,0.0,20.791766504261728,44.70766264756604,16.0,29.999999999999994,0.0,16.692304863360684,57.746385404569839,12.0,29.999999999999994,0.0,19.579087852469138,49.664055578161818,19.0,29.999999999999994,0.0,19.212947519614063,49.27227518318717,10.0,29.999999999999994,1326.3703421213832,18.10386426270319,52.831901185379518,20.699999999999997,29.999999999999994,753.9745553653859,19.26726736892562,50.37553241821799,19.28571428571429,29.999999999999994,0.0,20.142556078537419,0.0,0.0,0.0,14.381447700626208,0.0,0.0,533.0719642499797,539.1641270882789,533.0578068496369,539.3181710939068,579.1403515881189,882.3084590650436,548.5185212865536,596.2293834240138,815.6826234508836,10110.308012577927,81.31974713561199,84.29491563686676,59.999999999999989,0.0,59.999999999999989,59.999999999999989,16.0,16.0,19.0,19.0,19.7,12.0,21.0,10.0,1.0,0.0,1283.90439293166,0.0,1395.2191034536607,0.0,0.0,0.0,1326.3703421213832,753.9745553653859,4502.573700814105,2701544.2204884628,3505533.3358695299,81.31974713561199,84.34544387489966,0.3443715043128511,0.768618582740066,0.3602813740196596,84.34544387489966,0.35426478194388746,3505533.3358695299,0.18388773346521554 
 04/21  07:20:00,9.393333333333335,97.00000000000002,3.873333333333334,131.66666666666667,255.0,0.0,0.0,0.0,2.0,2.0,0.0,0.0,0.0,0.0,0.0,1370.0,0.0,214.31411406127428,125.56086293044722,321.7442497864746,6.426330261345749,171.04426946692025,0.0,125.56086293044709,171.65121899185537,0.0,0.0,20.80083727041675,-891.8376196093844,20.096274849100028,467.76947415056727,20.82014518666452,-846.6464327396337,20.34924689702833,398.94416786513468,16.662549860285105,14.942985390486652,19.056479554040235,-19.322443309401707,18.527287217342147,288.2266325257007,18.60355245258269,-100.51971929275746,19.218967756914304,-24.769827370421575,674.339591846805,226.89346268546886,0.0,0.0,0.0,0.0,0.0,0.0,0.0,0.0,0.0,0.0,0.0,0.0,0.0,0.0,0.0,0.0,0.0,0.0,0.0,0.0,0.0,0.0,1.1334798230168666,0.34599506197096049,358.7761816000119,419.74688333274846,8650.156067405856,0.2805251934785034,0.04281520046985706,278.4185234203543,326.600863008028,6305.832573126558,2.1091611362988127,0.3985565261335627,300.04414998555628,351.180640035138,7278.557573474473,0.26687877787956296,0.05043060806492118,261.08678720712995,306.2154721720171,5973.849411007068,0.0,0.0,10.39016173691042,12.365710689558482,152.7877628526781,0.0,0.0,12.114446339700308,14.276989082686829,241.87315788726745,0.0,0.0,66.23214662672553,78.13407942089627,1313.036666694908,0.0,0.0,16.191244021278768,19.072871759381238,338.8788486007224,0.0,0.0,13.894883296671252,16.361661514254878,287.44642187335037,22.918314356499509,15.719008474965373,534.9476872976018,628.9287973040968,11943.807779931645,0.0,0.0,20.993130347768358,25.237363050293696,206.78111078496029,1300.3826367280233,21.569810941362957,42.73867095512576,21.6,30.0,0.0,20.802808872303328,44.80309448037276,16.0,30.0,1452.8645331519475,21.57572158570909,42.74362627118358,21.400000000000003,30.0,0.0,20.914252947613496,44.506045718639999,16.0,30.0,0.0,16.69239508279535,57.75815055933829,12.000000000000002,30.0,0.0,19.40573949469418,52.13847733955441,19.0,30.0,0.0,19.329461746763138,49.006971820458527,10.0,30.0,1285.9102608044046,20.018206041323884,46.90293493305684,20.7,30.0,0.0,19.77462006107485,50.54803966501828,19.0,30.0,0.0,20.126152209620828,0.0,0.0,0.0,14.1508814966634,0.0,0.0,535.2983773580877,543.0851863063489,534.3446633537664,539.7447380985525,569.7986533299791,932.0975707835079,539.0295406480113,579.3186497629056,864.1531223812269,9476.743218295103,81.73874462827883,81.73874462827883,60.0,0.0,60.0,60.0,16.0,16.0,19.0,19.0,19.7,12.0,21.0,10.0,1.0,0.0,1300.3826367280233,0.0,1452.8645331519475,0.0,0.0,0.0,1285.9102608044046,0.0,0.0,0.0,0.0,81.73874462827883,81.73874462827883,0.34,0.771557806629729,0.36028137401965956,81.73874462827883,0.35426478194388757,0.0,0.0015900000000000003 
 04/21  07:30:00,9.600000000000002,96.0,3.965,144.0,262.0,0.0,0.0,0.0,2.0,2.0,0.0,0.0,0.0,0.0,0.0,548.0,0.0,232.4792360896769,122.14915909122786,313.00210335138157,6.971024238942926,185.54189531645518,0.0,122.14915909122775,166.98716118615523,0.0,0.0,20.692542634762483,-506.3114685183409,20.101610221775993,185.9977120555343,20.699166890822796,-297.0522364636913,20.349131828326884,102.34825021633765,16.658714911813406,10.447889177093402,18.99624172551048,-14.493044027186273,18.5603442499754,207.68219639774635,18.54148100413017,-10.746422157302846,19.02541746999846,-2.2441028582102549,550.5760267521609,136.30588057251323,0.0,0.0,0.0,0.0,0.0,0.0,0.0,0.0,0.0,0.0,0.0,0.0,0.0,0.0,0.0,0.0,0.0,0.0,0.0,0.0,0.0,0.0,1.1285716838976914,0.3444968510066213,221.62786868172203,259.58660440474167,5129.233533425616,0.2431256021749076,0.037107082139027417,173.20419559580169,203.2487623247481,3842.2380523488507,2.1539139435080929,0.4070132168382641,177.44678679914839,207.88427980512695,4121.12628308195,0.22731124799367934,0.04295375056569903,174.7587937060216,204.95826528573856,3914.7582955059599,0.0,0.0,9.569351160245205,11.373439589634949,136.6951750813048,0.0,0.0,10.235242654801809,12.050533361262508,197.78426637866313,0.0,0.0,53.78231859849478,63.34699767991875,1045.2185864392005,0.0,0.0,11.951966672339811,14.050397698211313,243.58786016620628,0.0,0.0,10.058788133057054,11.835403899067292,198.08285794840783,22.261803524969677,15.268726697510072,338.2550213617425,397.92985049942066,7459.493629039918,0.0,0.0,11.716275491626258,14.049387693888484,107.14491214440437,1084.491798772993,21.467452677769719,43.093781181210868,21.5,30.0,0.0,20.71838428780305,45.13827199502586,16.0,30.0,1096.921161507513,21.4491822513484,43.15962044494167,21.5,30.0,0.0,20.824170076222339,44.84311601538011,16.0,30.0,0.0,16.688075204314744,57.8358303497519,12.0,30.0,0.0,19.27885265903172,54.029131578839628,19.0,30.0,0.0,19.332708291380258,49.07769288097171,10.0,30.0,121.25617844580495,19.83005560023713,47.60671088869573,19.7,30.0,0.0,19.465403573361749,53.22955560153958,19.0,30.0,0.0,19.83484743815321,0.0,0.0,0.0,14.075712888001818,0.0,0.0,535.4157635227783,546.7626355353315,535.9733664388693,541.719292840696,563.5077444130286,966.1179543169737,535.3112378123428,570.6942917265697,925.1378430855398,7262.679612476855,83.2020837501262,83.20208375012622,60.0,0.0,60.0,60.0,16.0,16.0,19.0,19.0,19.7,12.0,21.0,10.0,1.0,0.0,1084.491798772993,0.0,1096.921161507513,0.0,0.0,0.0,121.25617844580495,0.0,0.0,0.0,0.0,83.2020837501262,83.2020837501262,0.34,0.7680512635898047,0.36028137401965956,83.2020837501262,0.3542647819438875,0.0,0.00158 
 04/21  07:40:00,9.806666666666667,95.0,4.056666666666667,151.16666666666667,262.3333333333333,0.0,0.0,1.0,2.0,0.0,0.0,0.0,0.0,0.0,4.0,1096.0,0.0,243.36359701599225,114.65961847896281,293.81067458205197,7.29740038050015,194.22873885845139,0.0,114.65961847896267,156.74839135150988,0.0,0.0,20.70486882757064,-847.709366192606,20.039798439525243,321.0386338456799,20.553060170252424,-586.4778458326448,20.304222549531745,275.3984442444712,16.653292484993338,12.020618811569719,18.971049083546505,-21.639540030815526,18.051935119499637,-296.5837504716669,19.01393465192281,-90.65849988260385,18.830551270979894,-120.07798746112747,591.6600993982311,941.4468958737365,0.0,0.0,0.0,0.0,0.0,0.0,0.0,0.0,0.0,0.0,0.0,0.0,0.0,0.0,0.0,0.0,0.0,0.0,0.0,0.0,0.0,0.0,1.1164903659006314,0.3408090250001927,292.38480043766017,342.3212905397642,6705.013359100076,0.2605623187917159,0.03976836367394932,244.42097551229745,286.91935801751876,5229.087870812028,1.864049776105456,0.3522391867168285,240.29955461398007,281.58054325041118,5485.3299456242989,0.23193560088773114,0.04382758898105273,238.14577909242753,279.5441674182281,5173.673923375593,0.0,0.0,9.819949900282968,11.68393670491131,136.054905750912,0.0,0.0,11.135897823704007,13.122107115837356,209.19223304771425,0.0,0.0,166.9948663651296,197.53716863381426,2815.885489234295,0.0,0.0,25.206877427816019,29.548288931865323,542.5114157877594,0.0,0.0,112.47571820142969,132.6294617929789,2089.9161876596056,21.987467228138205,15.080567371836907,477.56734351258725,561.759335272983,10170.480083159156,0.0,0.0,114.42974960602166,136.64283351420566,1300.4927721651816,1034.713564731393,21.340117295722938,43.68711606571869,21.5,30.0,0.0,20.57918265824693,45.70684901176155,16.0,30.0,20.2991700830846,21.23276250818317,44.775940764654368,21.0,30.0,0.0,20.755323013724746,45.68749811443443,19.0,30.0,0.0,16.682173382914283,58.10500115362339,12.0,30.0,0.0,19.218540942107027,55.2158483905912,19.0,30.0,0.0,18.282649195145035,53.42247349202308,10.0,30.0,968.3070080388526,20.561221100498316,46.71821693794644,20.7,30.0,0.0,19.13335081018735,51.28887439401843,12.0,30.0,0.0,20.06053366723089,0.0,0.0,0.0,15.345090169721706,0.0,0.0,544.1434867260125,548.6214581761637,583.3669142410175,567.7855913657248,575.4018558217629,1003.2505108352841,625.4229532788536,645.8110553234544,674.2953254202271,9179.203090240968,81.93544176599333,83.66096436996439,220.0,0.0,220.0,220.0,16.0,19.0,19.0,12.0,19.7,12.0,21.0,10.0,1.0,0.0,1034.713564731393,0.0,20.2991700830846,0.0,0.0,0.0,968.3070080388526,0.0,2611.395137821708,1566837.0826930248,2039203.2470105829,81.93544176599333,83.69026947212174,0.342046504594057,0.7682729998104687,0.36028137401965956,83.69026947212174,0.3542647819438875,2039203.2470105829,0.111795235511217 
 04/21  07:50:00,10.013333333333334,94.0,4.148333333333333,158.33333333333335,262.6666666666667,0.0,0.0,1.0,2.0,0.0,0.0,0.0,0.0,0.0,4.0,1096.0,0.0,254.0542865090428,107.37129793639032,275.1348601662066,7.617969275366703,202.7610141719792,0.0,107.3712979363902,146.7847046075843,0.0,0.0,21.022897023860389,-1375.269846020159,20.192382114165445,606.9905375308417,20.894769048302814,-982.2959339437412,20.47203960049041,496.7309591405992,16.65316869285241,14.86724625230849,18.942610953286619,-38.23330871938079,17.814344290233096,107.31219434277591,18.860067658267668,-107.50225218831207,18.533363683966856,-174.2971829777988,666.2059185208991,733.8717119579392,0.0,0.0,0.0,0.0,0.0,0.0,0.0,0.0,0.0,0.0,0.0,0.0,0.0,0.0,0.0,0.0,0.0,0.0,0.0,0.0,0.0,0.0,1.0767568618802246,0.32868036076929926,380.7816989601991,444.9797745448575,8970.147657862455,0.28694159360859347,0.0437945045190161,321.912287885741,377.5844328216202,6903.799360457398,1.6976460279490909,0.32079478986188428,312.19357200777747,365.2184971445205,7300.542179754639,0.26047406238600637,0.04922034436621433,313.19395775995948,367.29571793936426,6850.9352615761149,0.0,0.0,10.755223684542376,12.796705206249399,144.61527217505643,0.0,0.0,14.304394591497923,16.862319774819274,261.0007739493665,0.0,0.0,182.60142129372714,216.2977542746502,2918.638614022975,0.0,0.0,29.814737821157715,35.06576048738291,594.6959302461032,0.0,0.0,114.26967458096982,135.05190939409224,1975.1369775674533,22.367552765646154,15.341257040909575,629.7454466035571,740.175945456697,13314.914394580703,0.0,0.0,116.44798040561668,138.98187757985935,1368.2083042223399,1816.9989807139157,21.91413078917735,42.87556574343105,22.0,30.0,0.0,20.82826767973542,45.779127330456777,16.0,30.0,1257.1447629745274,21.736823584215995,43.95399961859411,21.5,30.0,0.0,21.06284438159507,45.70250708988143,19.0,30.0,0.0,16.685472167405757,58.68229567831797,12.0,30.0,0.0,19.15119624533311,56.02645792382441,19.0,30.0,0.0,17.986510188343475,54.8445958045229,10.0,30.0,321.81736281768408,20.044900806355469,49.368816259768468,19.95,30.0,0.0,18.650507143239748,52.52164579163927,12.0,30.0,0.0,20.314977426787715,0.0,0.0,0.0,15.803900514250506,0.0,0.0,580.2627778344975,583.037949387025,612.7276573309189,609.223947687901,604.0874513988694,1014.322545336744,628.809788940645,705.1679223461235,633.1683773465727,9595.844514250912,81.65995851847673,83.36398206692093,220.0,0.0,220.0,220.0,16.0,19.0,19.0,12.0,19.7,12.0,21.0,10.0,1.0,0.0,1816.9989807139157,0.0,1257.1447629745274,0.0,0.0,0.0,321.81736281768408,0.0,2578.8908335607118,1547334.5001364269,2005033.206118795,81.65995851847673,83.39292204374347,0.3409630277853571,0.7694653636787047,0.36028137401965956,83.39292204374347,0.3542647819438875,2005033.206118795,0.10994506005151067 
 04/21  08:00:00,10.22,93.0,4.24,165.5,263.0,0.0,0.0,1.0,2.0,0.0,0.0,0.0,0.0,0.0,4.0,548.0,0.0,264.5520656024222,100.46803496100087,257.44573326256985,7.932753729889963,211.13932848965494,0.0,100.46803496100078,137.34742075104274,0.0,0.0,20.4304265196331,-365.1482415919859,20.274652043645987,214.8776234876393,20.482731357223824,-189.66832666971619,20.454829887621878,117.12563876171953,16.654636329059579,13.901500369903772,18.92866074714296,-28.73345329767014,17.847705320376077,47.44085048042325,19.224586025440084,-165.88822020488113,18.3543950728409,-66.37374970895712,497.6742108202211,637.2899290018427,0.0,0.0,0.0,0.0,0.0,0.0,0.0,0.0,0.0,0.0,0.0,0.0,0.0,0.0,0.0,0.0,0.0,0.0,0.0,0.0,0.0,0.0,1.0357700639261434,0.31616912818258349,245.32114881437179,287.66499350041877,5230.496282610486,0.23590619646812006,0.03600521924116607,204.30013982569938,239.57337697219894,4349.385984841267,1.9211698146935832,0.3630328448022645,157.34853420821848,184.4864491596137,3404.3826930481316,0.21092573732278983,0.03985747114943117,159.67533625635626,187.2279614227349,3420.968538143366,0.0,0.0,9.734589256437772,11.568320668120045,126.95685722998653,0.0,0.0,12.217917031435743,14.388196326877815,217.0515289250631,0.0,0.0,153.25187514036964,181.2800599907638,2404.991548721031,0.0,0.0,35.36289648033171,41.40583875331963,736.8660986357429,0.0,0.0,87.29946553482229,103.16305905633684,1431.004198002725,21.710656033855135,14.890710585634528,345.1293587832511,405.8591843876037,7255.0796743883679,0.0,0.0,95.06987300367043,113.2952343722435,1091.2107264065226,374.6450226177415,20.95639006390683,45.636103936334908,21.0,30.0,0.0,20.87320837914416,45.91079231679149,16.0,30.0,0.0,21.02432492113513,47.162250658883937,21.0,30.0,0.0,20.939623961293529,46.02301303080572,19.0,30.0,0.0,16.68989708748358,59.101037919659678,12.0,30.0,0.0,19.113388023102709,56.67103934208156,19.0,30.0,0.0,18.039355848728918,54.79695826050491,10.0,30.0,816.7805513584832,20.7142859093301,47.6266217683591,20.7,30.0,0.0,18.400386718354679,53.459408956939068,12.0,30.0,0.0,19.856035143361319,0.0,0.0,0.0,15.873445930003662,0.0,0.0,592.3029945111701,594.6135721617495,677.9599310463318,606.9702747721698,619.4958248372052,1024.7067018487565,628.376214718716,711.2286930637297,629.0043725386142,9763.205513814059,81.54931400467363,81.54931400467363,220.0,0.0,220.0,220.0,16.0,19.0,19.0,12.0,19.7,12.0,21.0,10.0,1.0,0.0,374.6450226177415,0.0,0.0,0.0,0.0,0.0,816.7805513584832,0.0,0.0,0.0,0.0,81.54931400467363,81.54931400467363,0.34,0.7717223441070991,0.36028137401965956,81.54931400467363,0.3542647819438875,0.0,0.00561 
 04/21  08:10:00,10.503333333333334,91.66666666666667,4.348333333333334,172.66666666666669,263.33333333333339,0.0,4.0,0.0,0.0,0.0,0.0,0.0,0.0,0.0,0.0,1370.0,0.0,274.8577072910165,94.15934167353508,241.2801568091444,8.241776909274604,219.36429859249328,0.0,94.15934167353498,128.7229587350474,0.0,0.0,20.915071875402739,-1177.3106445492456,20.20874297288814,387.5639619040136,20.79743951619014,-256.6598348903063,20.42762517015141,-22.24900559279323,16.65415647792132,13.614738974436513,18.831198649077174,-88.0844461481418,17.9947826189294,326.74252027287209,18.794548204933819,-94.3253141698693,18.26406539335099,-126.27708660381802,476.18227246609606,413.863555300703,0.0,0.0,0.0,0.0,0.0,0.0,0.0,0.0,0.0,0.0,0.0,0.0,0.0,0.0,0.0,0.0,0.0,0.0,0.0,0.0,0.0,0.0,1.0163557547882443,0.31024290439201598,352.7479880299086,412.4386166567586,7787.546192735053,0.25138280797954157,0.03836733943521696,254.30374475737,298.102947397749,5164.863685370101,1.7486701725763965,0.3304365405473162,121.8909050229579,142.7877069092744,2669.721952119403,0.22728108560438105,0.042948050945650229,16.889078097248995,19.778937488792076,350.6327752641528,0.0,0.0,9.055575467455068,10.776200935875427,112.92333747029207,0.0,0.0,58.42713891542894,69.00045050566823,985.3692164251987,0.0,0.0,157.43107348141712,186.3001614503778,2471.203034354269,0.0,0.0,30.674997126520024,36.11864970074623,574.8143938428856,0.0,0.0,54.19426846793642,64.12982949641484,843.6781240051682,21.46666268533304,14.723362609967797,307.8349609504303,361.97267606972187,6172.248069679768,0.0,0.0,59.10335753780157,70.55639794634604,632.5075115237253,1801.5908799045986,21.67220078675802,44.454495214566119,22.0,30.0,0.0,20.720334699542243,47.00394145678551,16.0,30.0,1108.1690805971178,21.535124393749898,45.14752357537965,21.400000000000003,30.0,0.0,20.835808266852987,49.261620577874257,19.0,30.0,0.0,16.69013943568857,59.539611126042419,12.000000000000002,30.0,0.0,18.93352512898501,54.49119969397023,16.0,30.0,0.0,18.364890955294283,55.18187197901224,10.0,30.0,0.0,19.84765699381884,49.95552131592554,16.0,30.0,0.0,18.28644687297787,54.41411830307054,12.000000000000002,30.0,0.0,19.814989873823867,0.0,0.0,0.0,15.731216866511275,0.0,0.0,619.3079842500272,622.6915361181004,636.5253153010965,782.0291386170733,637.3345627152087,812.1210983260908,706.0491954583656,689.9815065635061,660.4274110586005,9792.568479252379,81.5297873452628,83.05458030302362,132.0,0.0,132.0,132.0,16.0,19.0,16.0,12.0,16.0,12.0,21.0,10.0,1.0,0.0,1801.5908799045986,0.0,1108.1690805971178,0.0,0.0,0.0,0.0,0.0,2307.3701799328848,1384422.1079597308,1794972.033026067,81.5297873452628,83.08047634941163,0.34891233933109619,0.7698547297617584,0.36028137401965956,83.08047634941163,0.35426478194388757,1794972.033026067,0.09666054571735548 
 04/21  08:20:00,10.786666666666667,90.33333333333334,4.456666666666667,179.83333333333335,263.66666666666665,0.0,4.0,0.0,0.0,0.0,0.0,0.0,0.0,0.0,0.0,822.0,0.0,284.97215562389808,88.66569112773714,227.2030805197679,8.545067107924016,227.43667778045137,0.0,88.66569112773705,121.21272193917699,0.0,0.0,20.931502544325853,-1213.495226305729,20.323122090397726,386.58048404149226,20.58001268751309,-73.98454444464515,20.475499924087218,-41.94000632833263,16.657870443954815,18.9242046520747,18.73830365724305,-19.75544305254301,18.31310139766424,229.77312656240543,18.24774462263693,-17.31622957219504,18.02224602071361,-344.82602297272879,531.1423573078838,577.4604080374979,0.0,0.0,0.0,0.0,0.0,0.0,0.0,0.0,0.0,0.0,0.0,0.0,0.0,0.0,0.0,0.0,0.0,0.0,0.0,0.0,0.0,0.0,1.0046107417001756,0.30665773556171407,402.8709141549444,470.77129152147549,8576.234504478025,0.2524046135415989,0.03852329266507918,278.0099467359216,325.8023511729166,5565.073514033214,1.9962390069185792,0.3772182552756197,140.4800634330727,164.26076320674754,2924.334267539578,0.21105064082520176,0.039881073474149968,14.428949043420353,16.911084518781544,292.74856150708617,0.0,0.0,8.897195857667704,10.57652849465855,106.04203100948536,0.0,0.0,28.89723803571445,34.16184428774088,462.9786487752016,0.0,0.0,175.37924573257977,206.8513035523177,2837.355633647936,0.0,0.0,17.361938862416325,20.50096533478095,283.20221097171045,0.0,0.0,111.47037771612983,131.86967460331418,1577.188704037887,21.37916338551053,14.663349372778143,358.2192840901233,420.59498484992175,7019.251428298973,0.0,0.0,110.68468968368276,131.63632679778858,1234.513392917617,1428.9858321213856,21.590652350983186,44.81286487508122,21.999999999999994,29.99999999999999,0.0,20.876000039429095,46.76889013112948,15.999999999999993,29.99999999999999,0.0,21.206356351176617,45.86281439351999,20.999999999999994,29.99999999999999,0.0,20.883014007219168,52.85727105970257,18.999999999999994,29.99999999999999,0.0,16.698064743401177,60.0784435352259,11.999999999999995,29.99999999999999,0.0,18.79147924953112,53.917170657377777,15.999999999999993,29.99999999999999,0.0,18.88089923233234,52.97802303424395,9.999999999999997,29.99999999999999,0.0,18.893472101544103,53.05697674584648,15.999999999999993,29.99999999999999,0.0,17.879492542478088,56.333359786201139,11.999999999999995,29.99999999999999,0.0,20.03483120248105,0.0,0.0,0.0,16.207545478124556,0.0,0.0,620.5291601786855,625.8229851996322,620.8971747627533,1003.9051186300935,658.1681420777848,723.4666141814747,666.7430430117693,689.0773164927005,681.5777763292892,7839.666592359525,82.82099062463797,82.82099062463797,131.99999999999995,0.0,131.99999999999995,131.99999999999995,16.0,19.0,16.0,12.0,16.0,12.0,21.0,10.0,1.0,0.0,1428.9858321213856,0.0,0.0,0.0,0.0,0.0,0.0,0.0,0.0,0.0,0.0,82.82099062463797,82.82099062463797,0.3399999999999999,0.7685200082237722,0.36028137401965945,82.82099062463797,0.35426478194388735,0.0,0.0032120000000000006 
 04/21  08:30:00,11.07,89.0,4.5649999999999999,187.0,264.0,0.0,4.0,0.0,0.0,0.0,0.0,0.0,0.0,0.0,0.0,548.0,0.0,294.8966515887391,84.19809720608937,215.75521551572806,8.842661524042564,235.35745633964846,0.0,84.19809720608929,115.10518233875038,0.0,0.0,20.979319320309956,-1151.2331895443204,20.34565274308818,224.93293233844089,20.799081368306767,-44.29563565896274,20.50441569620113,-56.201576200187847,16.668563772670248,21.331831028430004,18.703676623954455,-3.0480378250213677,18.264454461608133,103.11999252240503,17.91159029392268,-8.383061994064349,17.787249009578269,-272.3572706002519,515.5048615411097,645.7933622965124,0.0,0.0,0.0,0.0,0.0,0.0,0.0,0.0,0.0,0.0,0.0,0.0,0.0,0.0,0.0,0.0,0.0,0.0,0.0,0.0,0.0,0.0,1.0481338018447349,0.3199431629562683,353.1021773014196,412.41820367118967,7412.037497863221,0.23111728099382163,0.03527431028599231,221.46491443435594,259.35952889466958,4295.726004279219,2.10988213759412,0.3986927697645731,89.54626392646165,104.65945903276315,1891.1295886208705,0.1575964202853729,0.029780124770478618,11.355870844650081,13.25847334496332,224.30443492930528,0.0,0.0,8.364012495357139,9.933598999115516,95.23862112192953,0.0,0.0,21.527627112569655,25.384464254143056,330.1663164508283,0.0,0.0,207.50252664617484,244.6829677385594,3181.4937725625147,0.0,0.0,9.957918871776596,11.7652256446299,145.10097958882055,0.0,0.0,151.4491844525655,179.3160348565659,1967.4958172464613,21.076909257508626,14.45604201475215,306.02773628599268,359.3316600430919,5872.568129291618,0.0,0.0,151.76671683059073,180.18160513619376,1737.9264751774184,1571.5491506612023,21.69751928788458,44.54564376808243,22.0,30.0,0.0,20.84614118760267,47.01106681953844,16.0,30.0,958.6796862566795,21.58674186207379,45.35887158003791,21.5,30.0,0.0,20.9001908469238,56.28673341679149,19.0,30.0,0.0,16.71681452290163,60.306838048376167,12.0,30.0,0.0,18.73628156527505,53.78509925067304,16.0,30.0,0.0,18.737591932854245,53.46646085800427,10.0,30.0,0.0,18.323702509366709,54.91026497538766,16.0,30.0,0.0,17.534855119417825,57.675253433957198,12.0,30.0,0.0,20.108723183799105,0.0,0.0,0.0,16.732974709023709,0.0,0.0,618.6855463112004,629.358663512849,653.8848686289049,1212.0250369551532,664.8338111843307,697.1213262109677,662.2240088996293,681.4879329568339,674.7654146767573,8045.7822535583259,82.68451776898863,86.11229878726326,132.0,0.0,132.0,132.0,16.0,19.0,16.0,12.0,16.0,12.0,21.0,10.0,1.0,0.0,1571.5491506612023,0.0,958.6796862566795,0.0,0.0,0.0,0.0,0.0,5187.61748165644,3112570.488993864,4056865.0385214316,82.68451776898863,86.1705138884056,0.3429205827218813,0.7672338259856419,0.36028137401965956,86.1705138884056,0.3542647819438875,4056865.0385214316,0.21405898200311447 
 04/21  08:40:00,11.353333333333334,87.66666666666667,4.673333333333334,194.0,280.5,0.0,0.0,1.0,2.0,0.0,0.0,0.0,0.0,0.0,0.0,2192.0,0.0,306.8226597956922,81.563163313437,209.00349860964082,9.20027899268048,244.8757150210368,0.0,81.56316331343695,111.50302794062977,0.0,0.0,20.854883438915694,-568.7701620227502,20.333216416102183,238.70999168247105,20.89769674925169,-664.6013357495873,20.439143485924008,136.15162196596882,16.678012085244235,23.581101747969485,19.348234165787816,-43.21844360314376,18.166790105128365,74.02831444154325,18.776761708938069,-80.6079880262746,17.71819045648119,-156.04823276262409,509.73936455804576,583.8861656459859,0.0,0.0,0.0,0.0,0.0,0.0,0.0,0.0,0.0,0.0,0.0,0.0,0.0,0.0,0.0,0.0,0.0,0.0,0.0,0.0,0.0,0.0,0.9300174516897801,0.2838881110164165,302.1673677333479,353.8805396158477,6010.359074309457,0.2274811291417139,0.034719342054596157,234.79442537895253,275.6094621421611,4394.353593019351,1.635145554808773,0.30898442078775026,257.6221444452631,301.4604479124427,5185.076847138267,0.18648132006619079,0.035238344683709527,164.50043338351893,192.71335979445247,3086.939163165659,0.0,0.0,8.928110670106,10.625249456503135,96.80108209834461,0.0,0.0,12.841064996945124,15.121425729799931,214.74831797668316,0.0,0.0,198.20538379132243,234.41308181742577,2853.0744469858957,0.0,0.0,23.726245526913919,27.8856100419409,405.763332515828,0.0,0.0,158.9639508623483,188.67656460822333,1958.3782661210103,20.983178497249964,14.391754799211235,394.22602938913908,463.4299058552181,7245.684911178375,0.0,0.0,159.36279729636025,189.511525650617,1792.8431119970479,718.1530729395875,21.353176549689026,46.8221481790385,21.375000000000008,30.00000000000001,0.0,20.786704355701873,48.082052248180307,16.000000000000008,30.00000000000001,983.0047444913513,21.46431762794112,46.71818253126535,21.250000000000008,30.00000000000001,0.0,20.814958571401769,50.52657626768184,16.000000000000008,30.00000000000001,0.0,16.731217291323927,60.421810470474309,12.000000000000004,30.00000000000001,844.554240419824,19.75039749605437,51.609233543754069,19.625000000000008,30.00000000000001,0.0,18.543504240207605,54.55624004937023,10.000000000000004,30.00000000000001,1300.5240002948427,19.677569032628577,51.275970005479688,20.700000000000008,30.00000000000001,0.0,17.482811916305335,57.960996619593327,12.000000000000004,30.00000000000001,0.0,20.12856589587068,0.0,0.0,0.0,16.924241268086616,0.0,0.0,694.1424286807185,675.9769125541423,704.3584961915695,830.3373676487256,665.120077865758,770.4758424653901,670.8956369968505,728.7787687627515,667.0685973072115,9923.367884010595,81.44337456158006,83.22133192988653,60.00000000000002,0.0,60.00000000000002,60.00000000000002,16.0,16.0,19.0,12.0,19.7,12.0,21.0,10.0,1.0,0.0,718.1530729395875,0.0,983.0047444913513,0.0,844.554240419824,0.0,1300.5240002948427,0.0,2690.6665858807666,1614399.95152846,2105600.4769945435,81.44337456158006,83.25152754841378,0.3446888861960257,0.7701720266513695,0.36028137401965967,83.25152754841378,0.35426478194388769,2105600.4769945435,0.11085122480371625 
 04/21  08:50:00,11.636666666666667,86.33333333333334,4.781666666666666,201.0,297.0,0.0,0.0,1.0,2.0,0.0,0.0,0.0,0.0,0.0,0.0,548.0,0.0,318.7417941921553,80.10925553731487,205.278098036226,9.557690842843368,254.38849311620053,0.0,80.1092555373148,109.51542578301044,0.0,0.0,21.167397985825624,-1464.4544468881096,20.426513282285535,501.2736991375368,20.73742063103316,-65.48204288953457,20.39992497080442,130.344856532005,16.690933099685389,25.77202072340006,19.372280929560409,-49.53353863322661,18.171780991295785,172.2632765749845,19.354946925912935,-166.734322285433,17.691329878944303,-119.14563523318157,531.650064014224,545.3692485488155,0.0,0.0,0.0,0.0,0.0,0.0,0.0,0.0,0.0,0.0,0.0,0.0,0.0,0.0,0.0,0.0,0.0,0.0,0.0,0.0,0.0,0.0,0.8140988287146466,0.24850391596906186,483.67944088780799,563.6584884682634,9708.065502588885,0.22814051233651187,0.034819980515340648,297.933381768279,348.4087609327369,5505.277353264813,1.810008454160498,0.3420272967045538,285.4300019678875,333.81057364052188,5418.29973036345,0.21128376253246107,0.03992512519509846,203.0761983016564,237.8168191603735,3673.9085524627737,0.0,0.0,9.72863402113126,11.548429979446685,100.36809875789018,0.0,0.0,14.665352183193179,17.22119677279474,235.9715946757926,0.0,0.0,201.78165454697746,238.04506653541723,2800.9025841388968,0.0,0.0,33.30947273073395,38.982521084335889,601.2008390163305,0.0,0.0,161.06170052165926,190.74335805542348,1890.2631491134603,21.031967199727917,14.425217558112433,537.520727994683,629.9776921754137,9605.639663022403,0.0,0.0,161.54316831710697,191.5032874698341,1804.1222446630118,1787.2644687117784,21.917260812927027,45.66332899285847,22.0,30.0,0.0,20.928972792706717,48.174533146277898,16.0,30.0,0.0,21.179051924798473,47.61812180547727,21.0,30.0,0.0,20.750647513549919,48.80232915289982,16.0,30.0,0.0,16.75100963311457,60.67534728869389,12.0,30.0,0.0,19.711661823875809,53.776858448373179,19.0,30.0,0.0,18.566683834243315,54.757372560042018,10.0,30.0,644.4218528486163,20.724786815942126,48.85113205705652,20.7,30.0,0.0,17.472741930007755,58.30764066263269,12.0,30.0,0.0,20.300902287728229,0.0,0.0,0.0,17.169793003426184,0.0,0.0,718.757331989307,703.0853333512398,708.1500269115694,705.8686636570553,668.914735693709,888.7332616216963,680.1547542775712,754.1617551987504,676.5674216192263,10353.255936320813,81.15908780530416,84.56664858819949,60.0,0.0,60.0,60.0,16.0,16.0,19.0,12.0,19.7,12.0,21.0,10.0,1.0,0.0,1787.2644687117784,0.0,0.0,0.0,0.0,0.0,644.4218528486163,0.0,5157.046392549174,3094227.8355295045,4004540.3167150148,81.15908780530416,84.6245202826185,0.34190154641830586,0.7701510279167565,0.36028137401965956,84.6245202826185,0.3542647819438875,4004540.3167150148,0.2095860964691808 
 04/21  09:00:00,11.92,85.0,4.89,208.0,313.5,0.0,0.0,1.0,2.0,0.0,0.0,0.0,0.0,0.0,0.0,1096.0,0.0,335.75771345948848,80.9152024573494,207.3434510080636,10.067927543595208,267.9689634729839,0.0,80.91520245734935,110.61721632536518,0.0,0.0,21.07187201027442,-1331.2039536896878,20.554402573032499,259.6523180837569,20.54027705281206,145.61721607086703,20.350481958260848,131.37879980877598,16.704316158297247,27.095773747954199,19.320632499318294,-40.27211744155457,18.222504093560674,121.19715332921237,18.958593707055763,-111.33619456771339,17.713408007434088,-43.15444442522494,502.396691187917,513.8455852586792,0.0,0.0,0.0,0.0,0.0,0.0,0.0,0.0,0.0,0.0,0.0,0.0,0.0,0.0,0.0,0.0,0.0,0.0,0.0,0.0,0.0,0.0,0.7706190279622561,0.2352316935171722,444.2326218421754,519.2096214848507,8584.27898594485,0.1765225019992981,0.02694177380941668,213.27715524534876,249.84410867813586,3865.8980569562556,1.800644154471849,0.34025777673315379,220.1776031284588,257.88365341559,4030.906552958212,0.2223708995350864,0.04202020021449099,226.38226932638148,265.5512403031939,3926.639268180811,0.0,0.0,9.300304612074975,11.057375206733802,90.96308811003569,0.0,0.0,13.49488535010136,15.88108039281607,206.27987978406947,0.0,0.0,204.4393613193647,241.4939929243215,2744.6645450030739,0.0,0.0,33.59244827691076,39.5033725111699,541.0722078198729,0.0,0.0,165.86365200283363,196.67595259149025,1873.927142506293,20.961572628449127,14.376935959155784,441.8568159824563,518.9879861639641,7670.247005088006,0.0,0.0,166.43355641720775,197.45205386285824,1834.26675686974,1675.9597964872447,21.714004237939279,46.02449199151973,22.0,30.0,0.0,21.06397228180656,47.97745817267612,16.0,30.0,0.0,21.096344158293243,47.78825169619952,21.0,30.0,0.0,20.661010093008874,49.07065713878676,16.0,30.0,0.0,16.769540901666298,60.8965711625028,12.0,30.0,0.0,19.583941399719593,55.304346923756238,19.0,30.0,0.0,18.627307245211889,54.942777779289638,10.0,30.0,43.56158599508607,19.978984210808389,51.50839318862192,19.7,30.0,0.0,17.540966913411994,58.60898745875946,12.0,30.0,0.0,20.275097802903948,0.0,0.0,0.0,17.383908194554136,0.0,0.0,699.4809638555548,710.662119833755,699.5512951622989,703.2788340290684,675.1865766940441,946.6649068474283,693.8103439149359,760.9519461826194,695.8716030047876,8069.597593026441,82.66914362397792,82.66914362397792,60.0,0.0,60.0,60.0,16.0,16.0,19.0,12.0,19.7,12.0,21.0,10.0,1.0,0.0,1675.9597964872447,0.0,0.0,0.0,0.0,0.0,43.56158599508607,0.0,0.0,0.0,0.0,82.66914362397792,82.66914362397792,0.34,0.7696671127646831,0.36028137401965956,82.66914362397792,0.3542647819438875,0.0,0.0013399999999999999 
 04/21  09:10:00,12.266666666666666,83.50000000000002,4.946666666666667,215.0,330.0,0.0,0.0,0.0,0.0,0.0,0.0,0.0,0.0,0.0,0.0,1644.0,0.0,367.6563904433486,83.823361899677,214.79560796879407,11.024416287000303,293.42720191796379,0.0,83.82336189967696,114.5928907644197,0.0,0.0,20.50303136736857,-280.27628390251587,20.47678437097173,-72.54808431554402,20.329156686358336,-85.88526404484863,20.302473938041517,48.638756387181199,16.717840039652498,23.900441072530087,19.208147057285275,-98.27604479475359,18.221412515520674,100.81881212411385,18.543558198767778,-41.85060073191343,17.75591159608105,-35.49706870027193,343.08438508360367,400.064803118881,0.0,0.0,0.0,0.0,0.0,0.0,0.0,0.0,0.0,0.0,0.0,0.0,0.0,0.0,0.0,0.0,0.0,0.0,0.0,0.0,0.0,0.0,0.7147437838962139,0.21817575821007746,185.5078008939166,217.87163705612825,3197.6658796936128,0.13425878583373333,0.020491267679141224,101.00097664664202,118.54930675377264,1723.5288000574734,1.4661606400453662,0.2770522751408478,152.540708959306,179.10635990019925,2606.577175915529,0.17668990351227413,0.03338811479823773,164.46150013942202,193.25029934881494,2712.1477807742069,0.0,0.0,8.290676650294375,9.863064510362369,75.57041309320774,0.0,0.0,59.067637519939967,69.63293392268332,836.1933059840093,0.0,0.0,237.26045241725476,280.44404605266058,3013.791984718952,0.0,0.0,22.441202401765048,26.47808714193359,312.6306236099902,0.0,0.0,153.76729013293744,182.38369064967484,1655.0944706268315,20.472217831602685,14.041301667765904,219.5592212509231,258.7232862592073,3640.0158608684289,0.0,0.0,153.38343529803948,182.04217423620984,1598.2266251375295,0.0,20.817904259578325,48.606814129435637,21.999999999999994,30.0,0.0,20.83982064060076,48.57740517601692,15.999999999999999,30.0,0.0,20.761771795777059,48.76370928737968,21.833333333333326,30.0,0.0,20.56156534822368,49.342927031416788,15.999999999999999,30.0,0.0,16.78533683944077,61.269242804316828,11.999999999999997,30.0,0.0,19.352363143243715,54.34727013080995,15.999999999999999,30.0,0.0,18.608942842876407,55.79622530964259,9.999999999999999,30.0,0.0,19.208261616536185,53.8675693034966,11.999999999999997,30.0,0.0,17.622642408883836,58.930127748122909,11.999999999999997,30.0,0.0,19.77505951822647,0.0,0.0,0.0,17.430960383757865,0.0,0.0,696.276366759017,694.2698791037882,686.3983142445267,692.606605795511,688.6233550675682,816.8037827420095,736.3555457907006,747.0310819026611,719.1102390048486,0.0,81.71556035353987,81.71556035353987,60.0,0.0,60.0,60.0,16.0,16.0,16.0,12.0,12.0,12.0,21.0,10.0,0.0,0.0,0.0,0.0,0.0,0.0,0.0,0.0,0.0,0.0,0.0,0.0,0.0,81.71556035353987,81.71556035353987,0.0,0.0,0.0,81.71556035353987,0.0,0.0,0.00133 
 04/21  09:20:00,12.613333333333334,82.0,5.003333333333334,222.0,346.5,0.0,0.0,0.0,0.0,0.0,0.0,0.0,0.0,0.0,0.0,548.0,0.0,408.2425296641006,86.72453761742367,222.22987181123725,12.241394346070955,325.8188112580562,0.0,86.72453761742362,118.55901792250273,0.0,0.0,20.098484717351949,-49.45514196549901,20.275218174585399,-136.32820810560447,20.079973629309394,-28.846361965296184,20.187974228341895,-34.64645084971383,16.729472090633946,21.020268744607426,19.094896850374718,-68.62469608753863,18.147656498440683,82.40504344211924,18.193591639156815,-10.691292877907446,17.79080668236974,-34.48346327302671,303.298437913094,310.86336604959396,0.0,0.0,0.0,0.0,0.0,0.0,0.0,0.0,0.0,0.0,0.0,0.0,0.0,0.0,0.0,0.0,0.0,0.0,0.0,0.0,0.0,0.0,0.664339296243456,0.20278977296808796,181.77212698721395,212.99229614669816,2753.6647774409846,0.10725023941780172,0.01636908416022615,81.9591741204467,95.8480417828239,1252.7238551653819,1.1402142098674178,0.21545997918885458,106.61464434177579,125.11665606829027,1653.620456241039,0.1352078165503901,0.025549474026906668,106.66211325853696,125.20008218266415,1644.2042300586005,0.0,0.0,7.561562891929398,8.977088394719165,63.86503923985903,0.0,0.0,52.99171575784445,62.40332293703967,689.7288200364511,0.0,0.0,217.40052874609686,256.5846143339463,2553.5757638482366,0.0,0.0,16.503547914912685,19.48007725887829,197.67261018896276,0.0,0.0,141.10628953110584,166.9965350957583,1438.419153151433,20.078386167106737,13.771183928056754,173.6548583967464,204.11962497950584,2646.106458002145,0.0,0.0,140.12996627171823,165.93752032196208,1384.4946238059438,0.0,20.212374798328236,50.43649581242207,22.000000000000008,30.000000000000008,0.0,20.409925784900297,49.848225560806628,16.000000000000005,30.000000000000008,0.0,20.331352354535903,50.06867960382216,22.000000000000008,30.000000000000008,0.0,20.33846097677872,50.03634425125989,16.000000000000005,30.000000000000008,0.0,16.797301640954957,61.70658833021484,12.000000000000004,30.000000000000008,0.0,19.122363793216317,54.144667723550259,16.000000000000005,30.000000000000008,0.0,18.471265039002526,56.233114143558569,10.000000000000002,30.000000000000008,0.0,18.570770650458827,55.89629122408202,12.000000000000004,30.000000000000008,0.0,17.684014941530945,59.03738048241192,12.000000000000004,30.000000000000008,0.0,19.485257074278104,0.0,0.0,0.0,17.506913393770707,0.0,0.0,682.3214685611695,673.8811067413013,681.4160657843679,680.8325771474703,705.7833267971273,744.4790464919315,727.4204434016454,736.2751047887857,732.8242881698782,0.0,81.7155603535399,81.7155603535399,60.000000000000017,0.0,60.000000000000017,60.000000000000017,16.0,16.0,16.0,12.0,12.0,12.0,21.0,10.0,0.0,0.0,0.0,0.0,0.0,0.0,0.0,0.0,0.0,0.0,0.0,0.0,0.0,81.7155603535399,81.7155603535399,0.0,0.0,0.0,81.7155603535399,0.0,0.0,0.0013266666666666666 
 04/21  09:30:00,12.96,80.5,5.0600000000000009,229.0,363.0,0.0,0.0,0.0,0.0,0.0,0.0,0.0,0.0,0.0,0.0,274.0,0.0,457.77944309898239,89.61699835037465,229.64180589941618,13.72675693633792,365.3539372577214,0.0,89.6169983503746,122.51323103564562,0.0,0.0,19.91753876472225,-0.6497775900979832,20.139992814372655,-99.07801100068309,19.87691650758444,-94.6630193186852,20.074074858005614,-20.11628750374166,16.74166074218336,18.40550882532429,19.048503817308295,-65.7785127010377,18.11118321011349,95.44446534286363,17.973006626466775,-0.6230816581660292,17.818281362823165,-43.99914454953432,248.85829183381703,205.413463466321,0.0,0.0,0.0,0.0,0.0,0.0,0.0,0.0,0.0,0.0,0.0,0.0,0.0,0.0,0.0,0.0,0.0,0.0,0.0,0.0,0.0,0.0,0.5857474460602972,0.17879958670949243,133.51181146483163,156.2660143920295,1877.3027914505606,0.10737087875586778,0.016387496757611077,69.66899325874525,81.50834022854224,993.4893852078609,0.8360409277880676,0.15798203472941572,82.182673286145,96.19185925365562,1160.7231118273715,0.11020413467734397,0.020824666416731659,41.71557700638213,48.80266757634802,596.3780199574843,0.0,0.0,7.207273291110959,8.52918363165982,56.05679524638159,0.0,0.0,50.90380918661151,59.78229291125522,615.6788693608803,0.0,0.0,194.06491492713216,228.37622879362295,2120.900795645963,0.0,0.0,10.087610123411084,11.87980542827197,106.08827558226195,0.0,0.0,118.03521386797527,139.22926044246098,1132.1167798993097,19.720329206876249,13.525603022548872,123.64583422872971,145.1043863974494,1785.6482635489643,0.0,0.0,116.06422340448128,136.9870372097277,1077.1141459069878,0.0,20.00044800323019,51.0917542025093,22.0,30.0,0.0,20.123536729191519,50.70403779781515,16.0,30.0,0.0,19.991133068212979,51.126986935603969,22.0,30.0,0.0,20.13407344197746,50.686421521479598,16.0,30.0,0.0,16.80931422646045,61.96055038661634,12.0,30.0,0.0,19.003274625333324,54.38451445209637,16.0,30.0,0.0,18.407361248027717,56.50579956785331,10.0,30.0,0.0,18.197346813759663,57.20972425518662,12.0,30.0,0.0,17.726884466696814,58.973196210724648,12.0,30.0,0.0,19.21639011936063,0.0,0.0,0.0,17.555634349331699,0.0,0.0,676.7041856971794,660.3711057741845,659.1830479225969,685.4498171844202,714.0644397235708,726.0508687109816,723.9881563747805,732.0963755165428,733.8939800044288,0.0,81.71556035353989,81.71556035353989,60.0,0.0,60.0,60.0,16.0,16.0,16.0,12.0,12.0,12.0,21.0,10.0,0.0,0.0,0.0,0.0,0.0,0.0,0.0,0.0,0.0,0.0,0.0,0.0,0.0,81.71556035353989,81.71556035353989,0.0,0.0,0.0,81.71556035353989,0.0,0.0,0.0013233333333333338 
 04/21  09:40:00,13.306666666666665,79.0,5.116666666666667,229.83333333333335,384.66666666666665,0.0,0.0,0.0,0.0,0.0,0.0,0.0,0.0,0.0,0.0,274.0,0.0,524.696559610062,91.22707280466405,233.7676781346089,15.733252963043553,418.75998004777,0.0,91.227072804664,124.7143248820579,0.0,0.0,19.775877545696024,0.35508099451180899,20.07834565580454,-159.01368041216939,19.821721791826876,24.72522233438758,19.918626901085383,-156.1525313818338,16.75669018405521,17.455254838461856,19.060418889740185,-60.06890480473112,18.087622090867229,84.17051258643824,17.845571706332615,-3.2749420625549705,17.8441302169525,-28.511533377818524,250.4296331965552,156.16984095360795,0.0,0.0,0.0,0.0,0.0,0.0,0.0,0.0,0.0,0.0,0.0,0.0,0.0,0.0,0.0,0.0,0.0,0.0,0.0,0.0,0.0,0.0,0.5325777848161528,0.16256953138466205,118.74749759471314,139.06848481294058,1550.5620682714273,0.0875365375081294,0.013360277397455647,103.9125930321217,121.64477916869795,1375.556417843996,0.5746745405145881,0.10859307265959718,116.16207788489183,135.98900416516194,1542.4655658754983,0.0871538279385872,0.016468977312658198,111.99524176509398,131.15769316011044,1457.504942435131,0.0,0.0,6.840806073022655,8.095218674707036,48.66160459575137,0.0,0.0,47.538207434856257,55.83698200673306,539.7165544802189,0.0,0.0,184.01522642439023,216.59575967057106,1867.3468870270108,0.0,0.0,5.662398924911538,6.673188822702224,53.45753347750715,0.0,0.0,111.0031649333698,130.92471143389506,996.4329281603889,19.584213989715999,13.43224553478464,186.91275740275592,219.28363902342233,2472.0321225494046,0.0,0.0,110.78765990805198,130.69222844266523,986.1636399566271,0.0,19.83997142291623,51.60687545118405,22.0,30.0,0.0,19.9568299997121,51.290568494881409,16.0,30.0,0.0,19.949997939134545,51.27332162718192,22.0,30.0,0.0,19.842287104506327,51.664334456452028,16.0,30.0,0.0,16.825344039662818,62.05381235246692,12.0,30.0,0.0,18.977271582094816,54.51272841388955,16.0,30.0,0.0,18.36215861762429,56.634779200420407,10.0,30.0,0.0,18.002626055395664,57.9197522078634,12.0,30.0,0.0,17.767058905155939,58.76534219395994,12.0,30.0,0.0,19.322122579581046,0.0,0.0,0.0,17.715439850455149,0.0,0.0,668.0164222848497,648.7765421871425,685.1235489593065,650.9463716844437,717.0092814571915,724.9007978224909,717.3570901495157,731.0911103335806,724.1683372577816,0.0,81.71556035353989,81.71556035353989,60.0,0.0,60.0,60.0,16.0,16.0,16.0,12.0,12.0,12.0,21.0,10.0,0.0,0.0,0.0,0.0,0.0,0.0,0.0,0.0,0.0,0.0,0.0,0.0,0.0,81.71556035353989,81.71556035353989,0.0,0.0,0.0,81.71556035353989,0.0,0.0,0.0013200000000000003 
 04/21  09:50:00,13.653333333333335,77.5,5.173333333333334,230.66666666666669,406.3333333333333,0.0,0.0,0.0,0.0,0.0,0.0,0.0,0.0,0.0,0.0,274.0,0.0,587.9512795531404,92.49991056863253,237.0294025310148,17.629934280363963,469.2431082805683,0.0,92.49991056863247,126.45439060528476,0.0,0.0,19.668990284137246,11.677762662860005,20.082473553833468,-114.14108871982762,19.666109098691295,-113.40343372155894,19.902153517756568,-7.8232109326031609,16.774507270568969,17.247367944511355,19.095174373421224,-64.81283153321101,18.07668477173962,85.30391153940764,17.749826696847554,-2.8952864106393578,17.88127051675964,-6.950831342737274,230.07894556826433,104.0921135514227,0.0,0.0,0.0,0.0,0.0,0.0,0.0,0.0,0.0,0.0,0.0,0.0,0.0,0.0,0.0,0.0,0.0,0.0,0.0,0.0,0.0,0.0,0.46587199653641439,0.14220756915030964,159.00571313806135,186.29401629303244,1928.8175014154745,0.08078076252477523,0.012329176209520029,90.77169147570567,106.28089265068039,1132.3095796294654,0.45053279613579458,0.0851346931473535,139.8957839112109,163.92601273681135,1686.7058195433093,0.09543926144718675,0.018034629903096508,91.66521458415326,107.34955749194903,1133.0240661467195,0.0,0.0,6.702738259355705,7.931496460935391,43.29085276995039,0.0,0.0,48.12735704570287,56.531303964417428,513.5074417375356,0.0,0.0,178.55173921259405,210.18935591831267,1681.9818408962722,0.0,0.0,10.251170468241023,12.087463322206848,86.85321793539839,0.0,0.0,100.25647000197096,118.23033489562758,841.9466004179146,19.572826702731878,13.424435324233116,203.151366774749,238.38480418865084,2491.0652679251809,0.0,0.0,105.238075916941,124.08179628546108,898.1038845971228,0.0,19.729320204192775,52.00359338743601,22.0,30.0,0.0,19.918383136873744,51.40851121368398,16.0,30.0,0.0,19.689859297200536,52.145442984034698,22.0,30.0,0.0,19.859008189643875,51.569361948089298,16.0,30.0,0.0,16.846223064209704,62.08045262220034,12.0,30.0,0.0,18.981035223767937,54.48545618690981,16.0,30.0,0.0,18.34426024144729,56.679822450478358,10.0,30.0,0.0,17.86322060269023,58.44439826715826,12.0,30.0,0.0,17.825422187621034,58.601654163974938,12.0,30.0,0.0,19.272645272157044,0.0,0.0,0.0,17.88093463416551,0.0,0.0,667.4495868841466,645.2689033695148,644.9448401315503,684.9966589986808,717.8232758372111,719.3813192181524,709.9801767001308,728.2430787762689,723.2747555841571,0.0,81.71556035353989,81.71556035353989,60.0,0.0,60.0,60.0,16.0,16.0,16.0,12.0,12.0,12.0,21.0,10.0,0.0,0.0,0.0,0.0,0.0,0.0,0.0,0.0,0.0,0.0,0.0,0.0,0.0,81.71556035353989,81.71556035353989,0.0,0.0,0.0,81.71556035353989,0.0,0.0,0.0013333333333333336 
 04/21  10:00:00,14.0,76.0,5.23,231.5,428.0,0.0,0.0,0.0,0.0,0.0,0.0,0.0,0.0,0.0,0.0,274.0,0.0,659.1737225504753,93.78892144506163,240.3325713142097,19.765523826921269,526.0851906136759,0.0,93.78892144506159,128.21656619940584,0.0,0.0,19.58823340029511,20.880449411589326,20.09047259477246,-165.14367922068869,19.645607392034238,18.862768641999538,19.82334629212233,-114.47291000319092,16.79571151360241,17.199705320133263,19.15170506567833,-69.19279188971177,18.074609009313855,87.128143267817,17.681376275626044,2.8477301422245206,17.92462552205856,9.425210735978908,211.42931872472583,58.155928088332078,0.0,0.0,0.0,0.0,0.0,0.0,0.0,0.0,0.0,0.0,0.0,0.0,0.0,0.0,0.0,0.0,0.0,0.0,0.0,0.0,0.0,0.0,0.41443093060360788,0.1265051680719194,149.79565266122499,175.55442944583718,1692.4607704921385,0.04832156429631957,0.0073750861258119,136.97283219989718,160.4148882137416,1597.6274492287096,0.4126415220153874,0.07797458843828185,163.4495013495612,191.52265418727746,1863.0537731682924,0.063666218486007,0.012030653530991493,116.41293198998439,136.40624482890406,1323.9489174303979,0.0,0.0,6.569526744608082,7.773468132730884,38.190543653397828,0.0,0.0,48.359245672458317,56.80095750818918,485.3831389763304,0.0,0.0,171.4175592491287,201.80165861182165,1495.2053371953182,0.0,0.0,12.872360611084432,15.183785310260335,97.77203205771002,0.0,0.0,89.594388952594,105.63892940952393,701.7237775551605,19.602067925582604,13.444491032635535,225.85511157516994,265.0755283617529,2555.948775213059,0.0,0.0,98.10403165054194,115.60467633648138,804.2650951897468,0.0,19.6582760164189,52.243438560498969,22.0,30.0,0.0,19.85947600161364,51.634547760249407,16.0,30.0,0.0,19.710731120920867,52.05613136497548,22.0,30.0,0.0,19.709187190381916,52.118536501676377,16.0,30.0,0.0,16.871795775374375,62.04924188446868,12.0,30.0,0.0,19.01075109533963,54.37133434240151,16.0,30.0,0.0,18.341722213387258,56.72154240447919,10.0,30.0,0.0,17.770489746941075,58.79035111011041,12.0,30.0,0.0,17.89028274688205,58.347083741283018,12.0,30.0,0.0,19.231127801344639,0.0,0.0,0.0,18.062165017428144,0.0,0.0,651.4668718117023,640.5430326604133,680.566969796845,643.8092062365353,716.434274454183,712.7668590456452,708.1897509139827,723.5127111153249,717.6635990436184,0.0,81.71556035353989,81.71556035353989,60.0,0.0,60.0,60.0,16.0,16.0,16.0,12.0,12.0,12.0,21.0,10.0,0.0,0.0,0.0,0.0,0.0,0.0,0.0,0.0,0.0,0.0,0.0,0.0,0.0,81.71556035353989,81.71556035353989,0.0,0.0,0.0,81.71556035353989,0.0,0.0,0.0013466666666666664 
 04/21  10:10:00,14.275000000000003,74.5,5.298333333333334,232.33333333333335,449.66666666666665,0.0,0.0,0.0,0.0,0.0,0.0,0.0,0.0,0.0,0.0,274.0,0.0,737.5173035600888,95.09319814644087,243.67485908449025,22.114637118870335,588.6105760756929,0.0,95.09319814644083,129.9996113336085,0.0,0.0,19.519992265476437,25.22462746724341,20.129193995232386,-168.4590608385315,19.5994297303555,-20.686658644176988,19.826828167960107,-17.671274943904707,16.82067071269219,17.470340379082076,19.227647817261074,-75.05767871548074,18.08126737618482,91.0538787406158,17.6357675179335,10.785659041991039,17.97154215283029,23.35639010055729,161.85631342073885,18.032821021721703,0.0,0.0,0.0,0.0,0.0,0.0,0.0,0.0,0.0,0.0,0.0,0.0,0.0,0.0,0.0,0.0,0.0,0.0,0.0,0.0,0.0,0.0,0.3374340298243292,0.1030018406057171,163.88019536207785,192.09284044308067,1742.2670570017802,0.03626329558577457,0.005534691023469867,132.84962423191207,155.5865567912972,1474.4665069170547,0.34519229005160975,0.06522907975276074,19.23327810130432,22.54016277601202,209.86823510665148,0.06686129053648826,0.012634408642571474,5.732603104940926,6.716216911503458,63.142553510631639,0.0,0.0,6.50487397240033,7.6959242895412489,34.616451291738339,0.0,0.0,49.09857130344879,57.657926886326148,470.764116458868,0.0,0.0,165.67982449346264,195.03514893259919,1358.0848872473287,0.0,0.0,15.475211670509469,18.257221704283855,107.29363514202746,0.0,0.0,82.24042315205644,96.94384397145949,609.8164674085591,19.43634333097812,13.330825329888974,116.27698996195382,136.59061312778236,1267.217313895591,0.0,0.0,91.91620867923291,108.23698589816354,738.746529889717,0.0,19.6018269678827,52.4546987496289,22.0,30.0,0.0,19.85083890266485,51.6864807248133,16.0,30.0,0.0,19.658046278543684,52.247816339443058,22.0,30.0,0.0,19.744226249590296,51.99947584797163,16.0,30.0,0.0,16.90242320602237,61.9777183683896,12.0,30.0,0.0,19.06162692123949,54.214717614642918,16.0,30.0,0.0,18.354093323733875,56.66585547002963,10.0,30.0,0.0,17.714276566241649,58.98641703474672,12.0,30.0,0.0,17.95786010250472,58.08433743104593,12.0,30.0,0.0,18.962257831044153,0.0,0.0,0.0,18.259552676748755,0.0,0.0,651.0382762468803,633.9034084887408,670.6579758951511,653.59761480434,714.398066011101,709.6914738509605,699.6268708204731,716.93434696308,711.6612318231115,0.0,81.71556035353989,81.71556035353989,60.0,0.0,60.0,60.0,16.0,16.0,16.0,12.0,12.0,12.0,21.0,10.0,0.0,0.0,0.0,0.0,0.0,0.0,0.0,0.0,0.0,0.0,0.0,0.0,0.0,81.71556035353989,81.71556035353989,0.0,0.0,0.0,81.71556035353989,0.0,0.0,0.0013599999999999999 
 04/21  10:20:00,14.55,73.0,5.366666666666667,233.16666666666667,471.33333333333339,0.0,0.0,0.0,0.0,0.0,0.0,0.0,0.0,0.0,0.0,274.0,0.0,822.0396914688062,96.41157064965117,247.05326718679633,24.649018775344808,656.0671998015841,0.0,96.41157064965113,131.801926497584,0.0,0.0,19.474861920497959,38.122980887219458,20.152023878257518,-246.42279803133079,19.57052293465069,0.858728800685185,19.764241601314,-122.60940918641245,16.849512223994247,17.88168349428213,19.322091244059359,-80.84743090933717,18.092003819147963,93.93392455938101,17.608848625151169,19.732960277858639,18.020788376322924,35.61296203342499,187.81414789581869,-17.237314752736439,0.0,0.0,0.0,0.0,0.0,0.0,0.0,0.0,0.0,0.0,0.0,0.0,0.0,0.0,0.0,0.0,0.0,0.0,0.0,0.0,0.0,0.0,0.2887834568524825,0.08815123835545866,181.64718689125733,212.92932181716538,1822.6897663978949,0.015080378608924755,0.0023016450868322279,147.2629035044263,172.49701867922568,1536.3583604986437,0.29600588283490639,0.0559345961517208,98.44667152069008,115.37753071677266,1000.7468725794589,0.045689090000634497,0.008633614890520499,88.13487838982992,103.29785240837845,890.293039314841,0.0,0.0,6.444861714226177,7.623781532689429,31.192976693905515,0.0,0.0,50.43686049505293,59.21400970447187,462.94394735332477,0.0,0.0,160.05449397643526,188.39787527434448,1229.4410665142037,0.0,0.0,17.199997950173964,20.293546596703803,108.8419505383302,0.0,0.0,75.41244598256779,88.87216237705909,527.8890605719257,19.367420945410176,13.28355346050081,209.50431372791005,245.9251737285956,2105.7932124242986,0.0,0.0,86.03530034709304,101.23589068200707,680.3217024174281,0.0,19.579530808511195,52.54900755075506,22.0,30.0,0.0,19.79097574534677,51.912407998069578,16.0,30.0,0.0,19.639142613668793,52.336498594507187,22.0,30.0,0.0,19.619370800120508,52.46086509865917,16.0,30.0,0.0,16.93802427801252,61.8724180509429,12.0,30.0,0.0,19.132508151154267,53.9713474122054,16.0,30.0,0.0,18.37144426914737,56.60918254600702,10.0,30.0,0.0,17.686939196171836,59.094170434645679,12.0,30.0,0.0,18.02642246034768,57.84623969663094,12.0,30.0,0.0,19.17214430947846,0.0,0.0,0.0,18.472662661443608,0.0,0.0,643.7517692411527,619.0785261075005,656.2252220721047,624.6408161664624,711.14939253638,701.7782566496665,696.1622568514835,712.2198780002101,707.9547109503873,0.0,81.71556035353989,81.71556035353989,60.0,0.0,60.0,60.0,16.0,16.0,16.0,12.0,12.0,12.0,21.0,10.0,0.0,0.0,0.0,0.0,0.0,0.0,0.0,0.0,0.0,0.0,0.0,0.0,0.0,81.71556035353989,81.71556035353989,0.0,0.0,0.0,81.71556035353989,0.0,0.0,0.0013599999999999999 
 04/21  10:30:00,14.825,71.5,5.4350000000000009,234.0,493.0,0.0,0.0,0.0,0.0,0.0,0.0,0.0,0.0,0.0,0.0,274.0,0.0,911.7821782241173,97.7426316562937,250.4641889529764,27.339922360325525,727.689926659069,0.0,97.74263165629364,133.62158780772709,0.0,0.0,19.42199326523653,32.78821611355579,20.243007570169007,-191.18954506281444,19.527425334088094,-24.92230845534084,19.785446550790863,-14.414970087467254,16.882469104622197,18.550736573053315,19.432021880358059,-90.14652571889815,18.112435849641466,100.94278332107024,17.5971712371969,29.11164968019864,18.071494082736004,46.28113854225285,143.9898045225409,-49.058098482581957,0.0,0.0,0.0,0.0,0.0,0.0,0.0,0.0,0.0,0.0,0.0,0.0,0.0,0.0,0.0,0.0,0.0,0.0,0.0,0.0,0.0,0.0,0.21914782761442185,0.06689494127424355,168.53597137838535,197.58750151651035,1582.20929793199,0.0,0.0,136.3511645475328,159.67461091785663,1366.7952277223745,0.23488568679282297,0.044385050414365658,23.477622691820679,27.519789974058975,224.8236619944188,0.04972263515624556,0.009395811631943602,6.566878337941941,7.694878641634655,63.99483845381815,0.0,0.0,6.460418601902064,7.640916600978633,28.224574007933684,0.0,0.0,52.2494985053442,61.32289953540456,459.67284322956649,0.0,0.0,155.68301625299859,183.22668053130014,1120.7673011632674,0.0,0.0,18.377735673332006,21.683039409750763,105.98791215762522,0.0,0.0,69.09487266251867,81.40628015669965,454.98120978171866,19.25566022385758,13.206900016363227,125.73887959443425,147.67696936902576,1207.5188772249599,0.0,0.0,80.22770346611329,94.3269264482974,626.1515964334682,0.0,19.53105844596638,52.73784766472684,22.0,30.0,0.0,19.862397991509359,51.64897485063378,16.0,30.0,0.0,19.58491010991726,52.5214722316648,22.0,30.0,0.0,19.682290355570378,52.24174510007432,16.0,30.0,0.0,16.978830581951564,61.7374713561475,12.0,30.0,0.0,19.217760282592829,53.68928496736684,16.0,30.0,0.0,18.405621101694679,56.49781018759158,10.0,30.0,0.0,17.682031512347753,59.11143471800916,12.0,30.0,0.0,18.094813823277165,57.59598953739399,12.0,30.0,0.0,19.00705215279982,0.0,0.0,0.0,18.699333734356985,0.0,0.0,630.3951944040255,637.8162639308002,653.9780043899828,635.6799138364665,707.4272559071113,696.9735838351999,690.0250464992719,705.7538489742651,701.8337678637468,0.0,81.71556035353989,81.71556035353989,60.0,0.0,60.0,60.0,16.0,16.0,16.0,12.0,12.0,12.0,21.0,10.0,0.0,0.0,0.0,0.0,0.0,0.0,0.0,0.0,0.0,0.0,0.0,0.0,0.0,81.71556035353989,81.71556035353989,0.0,0.0,0.0,81.71556035353989,0.0,0.0,0.0013599999999999999 
 04/21  10:40:00,15.100000000000002,70.0,5.503333333333334,228.16666666666667,501.83333333333339,0.0,0.0,0.0,0.0,0.0,0.0,0.0,0.0,0.0,0.0,274.0,0.0,981.1346741309369,96.63941638269086,247.63729999817159,29.4194260188441,783.0394452019762,0.0,96.6394163826908,132.11340888871744,0.0,0.0,19.412835111664216,62.37301549079166,20.291384380139,-290.3435903779209,19.506214193614129,2.1089886324825786,19.740894900427443,-112.07800797820619,16.91690157198682,19.149693107461617,19.547047540689478,-97.17130733083786,18.132356136434795,103.42062268177233,17.596961090627177,38.76577902869576,18.12237066418826,56.72865878275206,168.1234386133674,-76.86319455805415,0.0,0.0,0.0,0.0,0.0,0.0,0.0,0.0,0.0,0.0,0.0,0.0,0.0,0.0,0.0,0.0,0.0,0.0,0.0,0.0,0.0,0.0,0.17287939120449553,0.0527714869366592,197.19277552492694,231.1551464857333,1754.8208188970637,0.0,0.0,174.38838961253493,204.231825532131,1643.271777243473,0.1985580301358346,0.037520413857867477,109.0714832103449,127.85124316503945,974.0476680145549,0.02265996685346158,0.004281928732702489,92.2328875944936,108.10749493466203,825.0223565886391,0.0,0.0,6.387671097191883,7.553582360888481,24.921968510130843,0.0,0.0,54.375124903108687,63.795774467037457,458.5763125174847,0.0,0.0,151.81102075508816,178.64765177400563,1018.2782471612275,0.0,0.0,19.25064971134417,22.711533349209625,100.87814264264286,0.0,0.0,64.44692134925916,75.91075612264665,397.62242889482027,19.249419796128995,13.202619887605625,241.042588599691,282.9049952445259,2124.7614193533215,0.0,0.0,76.12938307556355,89.43364563428544,587.960701640679,0.0,19.563258620160533,52.60944378655271,22.0,30.0,0.0,19.83481407507618,51.76902848606007,16.0,30.0,0.0,19.574947082854309,52.58606538822993,22.0,30.0,0.0,19.589566804819986,52.55868067341043,16.0,30.0,0.0,17.021495641941926,61.590523922746999,12.0,30.0,0.0,19.311522807852446,53.385014262084329,16.0,30.0,0.0,18.43510477477301,56.40124328128226,10.0,30.0,0.0,17.694187934578229,59.06749170028913,12.0,30.0,0.0,18.163117295250097,57.35240537678504,12.0,30.0,0.0,19.20212224249628,0.0,0.0,0.0,18.936735059291153,0.0,0.0,642.6675161464059,614.096434018715,638.1260043417784,618.2802993833539,703.274035664396,690.5667715395999,683.0812282838523,700.5567644950204,697.1378611527744,0.0,81.71556035353989,81.71556035353989,60.0,0.0,60.0,60.0,16.0,16.0,16.0,12.0,12.0,12.0,21.0,10.0,0.0,0.0,0.0,0.0,0.0,0.0,0.0,0.0,0.0,0.0,0.0,0.0,0.0,81.71556035353989,81.71556035353989,0.0,0.0,0.0,81.71556035353989,0.0,0.0,0.0013599999999999999 
 04/21  10:50:00,15.375,68.5,5.571666666666667,222.33333333333335,510.66666666666665,0.0,0.0,0.0,0.0,0.0,0.0,0.0,0.0,0.0,0.0,274.0,0.0,1050.3178478952096,95.52484104540229,244.78129888308613,31.493852256221094,838.2538254197243,0.0,95.52484104540223,130.58969990138895,0.0,0.0,19.381373788010579,53.41771920307929,20.39830138816056,-234.7336057324619,19.474756646644395,-15.979329131455757,19.769045616819576,-11.822676034555969,16.954001249450689,20.150153051110438,19.66788563041427,-108.71947275222283,18.164932983150267,113.53056107991324,17.606609294350933,48.563133678904708,18.17287666778237,64.68474631115896,130.66504751472895,-101.2836230312555,0.0,0.0,0.0,0.0,0.0,0.0,0.0,0.0,0.0,0.0,0.0,0.0,0.0,0.0,0.0,0.0,0.0,0.0,0.0,0.0,0.0,0.0,0.04997741582772406,0.015255621437034208,167.55847786016009,196.42820753530013,1390.3029958502316,0.0,0.0,159.35374984510043,186.55985008260039,1444.6009936388637,0.17449805855604709,0.032973933967507019,9.225680923661344,10.815309025688432,77.97050763797238,0.02932571977204993,0.005541519231301951,5.44832392583217,6.3843591360218829,46.76870927841715,0.0,0.0,6.468295287575126,7.647540083456257,22.252899807662918,0.0,0.0,56.361983492563627,66.10316059979675,455.3363225648029,0.0,0.0,149.18446881850174,175.52157663640515,934.1877238877027,0.0,0.0,19.921414266814986,23.500311052312975,94.43045568897586,0.0,0.0,59.45521416837001,70.01378053960392,341.8629926643706,19.23121203432869,13.190131710787857,138.7342318590957,162.88731904875889,1168.6839796159796,0.0,0.0,71.37023208521555,83.77209311846127,545.7751633832286,0.0,19.5384471480285,52.72171166665118,22.0,30.0,0.0,19.931564189098585,51.437469752605597,16.0,30.0,0.0,19.538263373253348,52.69454566338575,22.0,30.0,0.0,19.662404528880957,52.30895891026046,16.0,30.0,0.0,17.06709040138173,61.4296059536934,12.0,30.0,0.0,19.40989407253607,53.0673100728735,16.0,30.0,0.0,18.48776117716829,56.214011472072268,10.0,30.0,0.0,17.719822505607149,58.97795242181688,12.0,30.0,0.0,18.228924333890526,57.122799711736508,12.0,30.0,0.0,19.092160362855844,0.0,0.0,0.0,19.17682530037887,0.0,0.0,620.017371212654,623.6392934399783,644.420883243574,627.340022401381,698.4140910648234,683.3576804474647,681.4802960751404,695.0228491010157,691.5667227367267,0.0,81.71556035353989,81.71556035353989,60.0,0.0,60.0,60.0,16.0,16.0,16.0,12.0,12.0,12.0,21.0,10.0,0.0,0.0,0.0,0.0,0.0,0.0,0.0,0.0,0.0,0.0,0.0,0.0,0.0,81.71556035353989,81.71556035353989,0.0,0.0,0.0,81.71556035353989,0.0,0.0,0.0013599999999999999 
 04/21  11:00:00,15.65,67.0,5.64,216.5,519.5,0.0,0.0,0.0,0.0,0.0,0.0,0.0,0.0,0.0,0.0,274.0,0.0,1118.7418937978237,94.3994849894052,241.89766988301819,33.54551601989894,892.8623494894392,0.0,94.39948498940515,129.0512528542484,0.0,0.0,19.395360909673195,85.87022968662495,20.469032929156336,-325.55485518522348,19.462987426889286,9.264152092376208,19.733655487823194,-105.44887601871278,16.993529747795326,20.941332962714087,19.79717564499938,-116.4477917453105,18.194253305305286,115.56130972560004,17.624247371916984,58.096636692345558,18.225044539467903,75.00959136242727,153.02721559250677,-123.75339145903763,0.0,0.0,0.0,0.0,0.0,0.0,0.0,0.0,0.0,0.0,0.0,0.0,0.0,0.0,0.0,0.0,0.0,0.0,0.0,0.0,0.0,0.0,0.0,0.0,199.16145330245343,233.42258627871326,1567.4800450048165,0.0,0.0,192.62952747283797,225.51110205080904,1641.9893459596813,0.15195736704230837,0.028714544036717389,111.04157893140548,130.170645510422,861.8288696682232,0.0,0.0,103.91927797254597,121.8039627971245,814.3074043271025,0.0,0.0,6.407490160507583,7.5742266231957109,19.118761359055108,0.0,0.0,58.16805742954234,68.19460757089216,450.5029314911445,0.0,0.0,147.5036901246861,173.5149149404861,854.9315465355602,0.0,0.0,20.409202543686129,24.072243956310126,86.95027073836403,0.0,0.0,57.286772190878568,67.44308760834923,305.58832971043747,19.306727898802547,13.241925856517526,270.66753235956687,317.6064218024834,2079.0840116186466,0.0,0.0,69.56759669120462,81.58834629831618,526.3072863204383,0.0,19.60111819225832,52.49742306272944,22.0,30.0,0.0,19.934429117067489,51.40655934806316,16.0,30.0,0.0,19.54017088931744,52.7024835095102,22.0,30.0,0.0,19.583581879410628,52.53783425345785,16.0,30.0,0.0,17.114997597123176,61.25588162200854,12.0,30.0,0.0,19.51875124556807,52.710177116303139,16.0,30.0,0.0,18.530016799514333,56.07844577291249,10.0,30.0,0.0,17.75561016779275,58.85232211726762,12.0,30.0,0.0,18.29678709552335,56.885680680845677,12.0,30.0,0.0,19.25464655737051,0.0,0.0,0.0,19.41399716095037,0.0,0.0,627.7061865100039,615.2644869478446,630.1786382204876,618.0695559643762,694.0214596179114,680.2478426730662,671.7466633642406,688.8405014688469,686.2642856070913,0.0,81.71556035353989,81.71556035353989,60.0,0.0,60.0,60.0,16.0,16.0,16.0,12.0,12.0,12.0,21.0,10.0,0.0,0.0,0.0,0.0,0.0,0.0,0.0,0.0,0.0,0.0,0.0,0.0,0.0,81.71556035353989,81.71556035353989,0.0,0.0,0.0,81.71556035353989,0.0,0.0,0.0013599999999999999 
 04/21  11:10:00,15.830000000000002,66.33333333333334,5.6866666666666669,210.66666666666669,528.3333333333334,0.0,0.0,0.0,0.0,0.0,0.0,0.0,0.0,0.0,0.0,274.0,0.0,1185.9514460370952,93.26319454511109,238.98601896820788,35.56076336798306,946.5015946008712,0.0,93.26319454511105,127.49785766931785,0.0,0.0,19.38803927341428,81.95367566584992,20.579488201054685,-293.17933954270759,19.44423742098798,1.4019870451556927,19.7491523802663,-34.55541237143916,17.035566081507754,22.015009770358718,19.928818851118476,-128.7677013542566,18.235605982530644,125.95404083659469,17.64716480660121,67.14170389483263,18.27538676917053,80.9852043413714,128.39346784493683,-142.54400981794653,0.0,0.0,0.0,0.0,0.0,0.0,0.0,0.0,0.0,0.0,0.0,0.0,0.0,0.0,0.0,0.0,0.0,0.0,0.0,0.0,0.0,0.0,0.0,0.0,195.05199961069165,228.5899700536902,1468.2020497492593,0.0,0.0,188.7622903245285,220.90269676131624,1575.81107667422,0.10622861786430475,0.020073434970579137,124.66413768391206,146.14131000295448,918.3820097413938,0.021600893872943336,0.0040818015632923909,39.899114887673828,46.756309999543159,302.0576032501161,0.0,0.0,6.495980174343823,7.677104865141448,17.68879911419888,0.0,0.0,60.13234345113584,70.46732124927695,457.1883774109582,0.0,0.0,146.2715332344528,172.0191685498251,813.7973758547304,0.0,0.0,20.749507221316568,24.468839843680656,82.67062957566871,0.0,0.0,53.929512940542128,63.47356374883609,275.08286422017178,19.17336267612917,13.150454510376664,201.62636463763847,236.58917171968163,1499.360320361917,0.0,0.0,66.2596737676391,77.6423602772293,508.18861672528939,0.0,19.608987599169614,52.45026068589581,22.0,30.0,0.0,20.027458469002285,51.11250324922859,16.0,30.0,0.0,19.52417439284524,52.738853616931127,22.0,30.0,0.0,19.628945275716075,52.38715917446941,16.0,30.0,0.0,17.16538719207562,61.070684138085699,12.0,30.0,0.0,19.6291427935612,52.35716715619304,16.0,30.0,0.0,18.59443117275028,55.84925724853461,10.0,30.0,0.0,17.798136446056956,58.696469551409148,12.0,30.0,0.0,18.36063515566432,56.660999827047,12.0,30.0,0.0,19.244342575529424,0.0,0.0,0.0,19.64962647241616,0.0,0.0,619.4260699499849,616.3015562590347,626.895476499447,621.6923792074289,688.7621433949666,671.843675066706,669.9000349075145,684.7410086149444,681.5625161669378,0.0,81.71556035353989,81.71556035353989,60.0,0.0,60.0,60.0,16.0,16.0,16.0,12.0,12.0,12.0,21.0,10.0,0.0,0.0,0.0,0.0,0.0,0.0,0.0,0.0,0.0,0.0,0.0,0.0,0.0,81.71556035353989,81.71556035353989,0.0,0.0,0.0,81.71556035353989,0.0,0.0,0.0013599999999999999 
 04/21  11:20:00,16.01,65.66666666666667,5.733333333333333,204.83333333333335,537.1666666666666,0.0,0.0,0.0,0.0,0.0,0.0,0.0,0.0,0.0,0.0,274.0,0.0,1271.9700097785454,92.59644546729753,237.27753797776396,38.13998852365887,1015.1520977332962,0.0,92.59644546729749,126.58636113052941,0.0,0.0,19.41277221059864,107.49554654966232,20.679235440320299,-352.81383786484,19.437337685274835,14.92426419989988,19.74716788417268,-63.74862219800252,17.08190755199376,22.880303296059624,20.074062329185794,-137.82707697200977,18.274098553251119,129.0894909298404,17.67547265503989,76.02044129155923,18.329039303729503,92.80901467898275,127.46210270374286,-163.19397192797215,0.0,0.0,0.0,0.0,0.0,0.0,0.0,0.0,0.0,0.0,0.0,0.0,0.0,0.0,0.0,0.0,0.0,0.0,0.0,0.0,0.0,0.0,0.0,0.0,217.7807489403281,255.1542021004974,1590.6397764456843,0.0,0.0,212.84564463688143,249.0370816506725,1719.1254339425832,0.09614467863492364,0.01816792869140659,174.18304761988765,204.17829278235824,1222.1057574804884,0.008119542785925849,0.0015343051371741962,80.38359130747033,94.19664476157293,578.1531408861403,0.0,0.0,6.460120533524956,7.632901731016483,15.962573510936215,0.0,0.0,61.787268816077787,72.3730897422914,462.37036496081569,0.0,0.0,146.71227789496658,172.49687000016903,779.3005091147356,0.0,0.0,21.056977478283188,24.826054762378474,78.32452749787281,0.0,0.0,53.81132663207318,63.31625585889699,262.4916739692468,19.08415750397933,13.089271264732055,266.952171248996,313.1530184369432,1879.0720961982027,0.0,0.0,66.38850090950887,77.73041996117473,514.381835395294,0.0,19.677787231654404,52.22816230241097,22.0,30.0,0.0,20.071774420645544,50.96828441309164,16.0,30.0,0.0,19.529483165754333,52.70727654751566,22.0,30.0,0.0,19.620710624987415,52.41234321288929,16.0,30.0,0.0,17.220063238261309,60.86692797411967,12.0,30.0,0.0,19.750699074136528,51.96275434372881,16.0,30.0,0.0,18.648949260102144,55.656896894620448,10.0,30.0,0.0,17.846414812186084,58.52418939717504,12.0,30.0,0.0,18.42986627672629,56.41990914723179,12.0,30.0,0.0,19.31426167701815,0.0,0.0,0.0,19.87217638427145,0.0,0.0,619.7152074860488,611.3370522413867,622.1654841475138,615.0654777752251,683.900990367901,668.5348968106129,663.5739574267753,678.2965679850524,675.8038174521084,0.0,81.71556035353989,81.71556035353989,60.0,0.0,60.0,60.0,16.0,16.0,16.0,12.0,12.0,12.0,21.0,10.0,0.0,0.0,0.0,0.0,0.0,0.0,0.0,0.0,0.0,0.0,0.0,0.0,0.0,81.71556035353989,81.71556035353989,0.0,0.0,0.0,81.71556035353989,0.0,0.0,0.0013633333333333334 
 04/21  11:30:00,16.19,65.0,5.779999999999999,199.0,546.0,0.0,0.0,0.0,0.0,0.0,0.0,0.0,0.0,0.0,0.0,274.0,0.0,1337.8200031779853,91.29413695422109,233.94046801828538,40.114469179132807,1067.7062827272769,0.0,91.29413695422105,124.80600665895438,0.0,0.0,19.4252022660919,109.6290575088442,20.794008434916188,-353.70181122098259,19.436771714519105,25.62575790581559,19.754752540898758,-47.722833038444608,17.129958432844775,23.917482189889513,20.219028754678683,-150.84070366985135,18.32307777359209,138.99245913574033,17.707786856432688,84.3805224659452,18.381383116739259,98.0147158294576,119.4473577219942,-178.88245029426708,0.0,0.0,0.0,0.0,0.0,0.0,0.0,0.0,0.0,0.0,0.0,0.0,0.0,0.0,0.0,0.0,0.0,0.0,0.0,0.0,0.0,0.0,0.0,0.0,214.5268696701954,251.30070568783007,1504.2808380162165,0.0,0.0,209.87674196264084,245.48153501873589,1654.4951579612044,0.10179185788229482,0.019235044951302885,186.19878153754855,218.24219673464317,1244.641711869994,0.01642719160060891,0.003104155631256407,68.33742660123987,80.07201906473165,469.35849360182268,0.0,0.0,6.548418707072422,7.735333865903263,14.556222664888497,0.0,0.0,63.72841736767224,74.6119322199012,469.4052149026369,0.0,0.0,146.69723462562124,172.4276311090464,747.5944540712015,0.0,0.0,21.36086731585362,25.178569140219169,73.97553916086585,0.0,0.0,51.74380174368921,60.86697887135202,240.4461543198959,19.00797268215115,13.037018300515195,251.53366013926709,295.03581383237778,1688.6658422195783,0.0,0.0,64.413363560803,75.35715239439155,504.01421362154408,0.0,19.711717116662926,52.11418253101642,22.0,30.0,0.0,20.155619790436455,50.69726875956644,16.0,30.0,0.0,19.543261357816136,52.66245265629108,22.0,30.0,0.0,19.637709104101896,52.350439963559249,16.0,30.0,0.0,17.27669016020838,60.654067065857457,12.0,30.0,0.0,19.873331726632605,51.567479097259539,16.0,30.0,0.0,18.72173197637453,55.406017326612978,10.0,30.0,0.0,17.898687499040429,58.333922753340299,12.0,30.0,0.0,18.494816458729554,56.19137065361679,12.0,30.0,0.0,19.330155978098298,0.0,0.0,0.0,20.093884864670195,0.0,0.0,614.7599490915602,610.9069480153615,619.4818132802305,614.5304743586711,678.8457106379826,662.7156655315617,659.873871182066,673.6813975611055,671.1398621388789,0.0,81.71556035353989,81.71556035353989,60.0,0.0,60.0,60.0,16.0,16.0,16.0,12.0,12.0,12.0,21.0,10.0,0.0,0.0,0.0,0.0,0.0,0.0,0.0,0.0,0.0,0.0,0.0,0.0,0.0,81.71556035353989,81.71556035353989,0.0,0.0,0.0,81.71556035353989,0.0,0.0,0.0013666666666666667 
 04/21  11:40:00,16.37,64.33333333333334,5.826666666666666,199.83333333333335,536.1666666666666,0.0,0.0,0.0,0.0,0.0,0.0,0.0,0.0,0.0,0.0,274.0,0.0,1382.9432779449438,91.00929506083213,233.2105422853736,41.46746178143319,1103.7186130159146,0.0,91.00929506083209,124.4166061954736,0.0,0.0,19.455177367909444,127.24931998930333,20.8904016057282,-393.395824775831,19.43917304932825,33.10428289736501,19.76452137248729,-46.398012438223307,17.178363362661455,24.88825572771927,20.35884684262328,-160.3159458484388,18.370667546665957,143.5289484652967,17.744207421401435,92.53261423818594,18.43878707902795,111.60783545309482,114.841974137742,-199.0020968485769,0.0,0.0,0.0,0.0,0.0,0.0,0.0,0.0,0.0,0.0,0.0,0.0,0.0,0.0,0.0,0.0,0.0,0.0,0.0,0.0,0.0,0.0,0.0,0.0,227.1806085062745,266.05111327746297,1540.9746136499212,0.0,0.0,223.5470280562554,261.4096990080718,1706.168517948039,0.08918076229616183,0.016851995898745629,194.6815952227737,228.16190456260373,1237.2821514632304,0.01443278604221766,0.0027272838326186045,68.13051311133911,79.82165281548576,445.5024383373813,0.0,0.0,6.550723221581074,7.736169285880792,12.93351261832242,0.0,0.0,65.31193370524679,76.42998945226205,473.46322961388236,0.0,0.0,148.680763054729,174.71073881656279,723.8205410124373,0.0,0.0,21.615161397504556,25.472162227033278,69.47417074223886,0.0,0.0,52.89990244627407,62.20820135881255,234.48669254444216,18.93823290725105,12.989185807442425,264.818371506265,310.55950826272535,1692.0309749140627,0.0,0.0,65.754416693424,76.86929830370105,517.0038928307166,0.0,19.777506734790074,51.89513333607068,22.0,30.0,0.0,20.21019413667947,50.52258758966525,16.0,30.0,0.0,19.55863192020569,52.6074426366883,22.0,30.0,0.0,19.652676610411644,52.29765148422118,16.0,30.0,0.0,17.33304821376383,60.44190441291877,12.0,30.0,0.0,19.996467732099739,51.17653870268217,16.0,30.0,0.0,18.788234903009298,55.174506069832,10.0,30.0,0.0,17.95468048320003,58.128367285536068,12.0,30.0,0.0,18.56824676124565,55.93330060723709,12.0,30.0,0.0,19.370730665996864,0.0,0.0,0.0,20.29591296315314,0.0,0.0,613.8776969927483,607.5948784225177,616.1163298324182,611.6234511825383,674.002129944728,658.5941308476608,655.1297460680855,668.5054189636263,666.2378635194762,0.0,81.71556035353989,81.71556035353989,60.0,0.0,60.0,60.0,16.0,16.0,16.0,12.0,12.0,12.0,21.0,10.0,0.0,0.0,0.0,0.0,0.0,0.0,0.0,0.0,0.0,0.0,0.0,0.0,0.0,81.71556035353989,81.71556035353989,0.0,0.0,0.0,81.71556035353989,0.0,0.0,0.00137 
 04/21  11:50:00,16.55,63.666666666666667,5.873333333333333,200.66666666666669,526.3333333333334,0.0,0.0,0.0,0.0,0.0,0.0,0.0,0.0,0.0,0.0,274.0,0.0,1423.245688513199,90.73017156489775,232.49526490351517,42.675902617805849,1135.8834575333934,0.0,90.7301715648977,124.0350232148521,0.0,0.0,19.477957029335206,131.44906773296499,20.990325194860846,-404.62160480671266,19.44923364182131,46.116176952614299,19.77763532405865,-40.88528133567206,17.227809538186848,25.903692977122348,20.495665384414147,-171.33913749178829,18.424674516244154,151.5386319650761,17.783357049315485,100.03715596451946,18.495784796446026,117.30754444741001,107.6977283479664,-212.7459748506044,0.0,0.0,0.0,0.0,0.0,0.0,0.0,0.0,0.0,0.0,0.0,0.0,0.0,0.0,0.0,0.0,0.0,0.0,0.0,0.0,0.0,0.0,0.0,0.0,226.09656885039787,264.7291117665946,1472.154183683313,0.0,0.0,222.81089466187974,260.474522083056,1651.0201323756936,0.08700378926709183,0.016440625333917586,206.42263667193402,241.88790286594313,1248.9573040838348,0.016294491119405325,0.0030790799545361527,64.20290950652995,75.21121240946556,399.34847639097628,0.0,0.0,6.617810943388939,7.81348690619921,11.425750522620456,0.0,0.0,66.90931291440384,78.26346042764932,476.8315781753346,0.0,0.0,149.26798165958329,175.34626714423076,695.6269118401285,0.0,0.0,21.89827220721259,25.79939230784716,65.01607690473627,0.0,0.0,51.94345903409373,61.06582831171477,218.76352878374829,18.8824012953121,12.950892520790197,259.88587875465,304.73344764581796,1576.3747329632502,0.0,0.0,64.92534682881055,75.8450820430172,512.4910367480267,0.0,19.821454228433795,51.75009418186007,22.0,30.0,0.0,20.27930984853416,50.31039661169812,16.0,30.0,0.0,19.586031215516415,52.512342462991558,22.0,30.0,0.0,19.67267969383263,52.23457716298321,16.0,30.0,0.0,17.38967007612597,60.22837244145571,12.0,30.0,0.0,20.11635122308131,50.79701199131491,16.0,30.0,0.0,18.864707520519916,54.91020416922498,10.0,30.0,0.0,18.012550997795264,57.91769534998943,12.0,30.0,0.0,18.638146747783776,55.689188106719189,12.0,30.0,0.0,19.396367882806513,0.0,0.0,0.0,20.494356944924669,0.0,0.0,610.4964595157647,605.2107946516411,614.4610709579259,609.3820250605908,669.192817914594,653.9476696056186,651.3852108926295,663.8873220748725,661.704332998737,0.0,81.71556035353989,81.71556035353989,60.0,0.0,60.0,60.0,16.0,16.0,16.0,12.0,12.0,12.0,21.0,10.0,0.0,0.0,0.0,0.0,0.0,0.0,0.0,0.0,0.0,0.0,0.0,0.0,0.0,81.71556035353989,81.71556035353989,0.0,0.0,0.0,81.71556035353989,0.0,0.0,0.0013599999999999999 
 04/21  12:00:00,16.73,63.0,5.92,201.5,516.5,0.0,0.0,0.0,0.0,0.0,0.0,0.0,0.0,0.0,0.0,274.0,0.0,1458.823182570422,90.46038751804993,231.80391483760205,43.74266866190452,1164.2773914216883,0.0,90.46038751804989,123.6662079692,0.0,0.0,19.508722595284746,142.72838464145208,21.08323731644394,-431.5010460975718,19.460375191147237,52.76944148623261,19.7936768651861,-35.90112607165338,17.278303152496258,26.854809474702223,20.630839150337317,-180.12870949728586,18.477647962989658,156.0408148622064,17.82516463460896,107.22428438772829,18.55615545297841,128.93977275369753,103.0268930797356,-229.32439893126139,0.0,0.0,0.0,0.0,0.0,0.0,0.0,0.0,0.0,0.0,0.0,0.0,0.0,0.0,0.0,0.0,0.0,0.0,0.0,0.0,0.0,0.0,0.0,0.0,232.51306366756715,272.17548115984058,1456.7015518415536,0.0,0.0,229.95249053769389,268.7581322326818,1647.3142172762696,0.06661722165366613,0.012588288294343567,206.8762504851975,242.38643350198826,1187.8514461283963,0.014325456965383199,0.0027070024499968247,58.13457382300076,68.09363112106073,343.4355672441042,0.0,0.0,6.633140033714651,7.829663993682691,9.813420342410208,0.0,0.0,68.20296843983209,79.74026046325291,477.6301322867433,0.0,0.0,150.97113275746873,177.29478355080316,670.7529807722486,0.0,0.0,22.13049257531367,26.066380223433919,60.353538225790227,0.0,0.0,52.895426287466019,62.16584117223534,211.67729539437912,18.82886132359338,12.91417100383634,260.1715661642385,305.0113761836565,1499.8925858684123,0.0,0.0,66.04043762590345,77.09704759816103,520.7726007182703,0.0,19.878424823095913,51.570745889257768,22.0,30.0,0.0,20.33614419658131,50.13304213172043,16.0,30.0,0.0,19.611674101667096,52.426681149530718,22.0,30.0,0.0,19.69603262718476,52.15812613500317,16.0,30.0,0.0,17.446625361391737,60.01338698178657,12.0,30.0,0.0,20.235800212329158,50.422354407298858,16.0,30.0,0.0,18.936414563024174,54.66338371945595,10.0,30.0,0.0,18.072017091779938,57.70115884752614,12.0,30.0,0.0,18.713691436949728,55.425949517946239,12.0,30.0,0.0,19.436839978696246,0.0,0.0,0.0,20.67299525849552,0.0,0.0,607.9015869205952,602.5976797466304,611.4645072006266,607.3264707117759,664.6000990705302,649.9854773539015,647.3557525496693,659.2766982578493,657.2842022166407,0.0,81.71556035353989,81.71556035353989,60.0,0.0,60.0,60.0,16.0,16.0,16.0,12.0,12.0,12.0,21.0,10.0,0.0,0.0,0.0,0.0,0.0,0.0,0.0,0.0,0.0,0.0,0.0,0.0,0.0,81.71556035353989,81.71556035353989,0.0,0.0,0.0,81.71556035353989,0.0,0.0,0.0013499999999999999 
 04/21  12:10:00,16.85666666666667,62.83333333333333,5.926666666666667,202.33333333333335,506.66666666666665,0.0,0.0,0.0,0.0,0.0,0.0,0.0,0.0,0.0,0.0,274.0,0.0,1489.7799253514209,90.20314579906219,231.14469951707916,44.67088328752192,1188.9835481703136,0.0,90.20314579906214,123.31453903662612,0.0,0.0,19.537156276976739,148.10315444518347,21.177663304873385,-444.47298017198775,19.47609922891347,63.11723668369632,19.81199652114961,-31.37674272557024,17.32987332626082,27.761190850157875,20.763391545597206,-189.791279482145,18.534022190189377,162.435720701249,17.868788262963976,113.70267557566513,18.61575394718378,133.99579819333713,99.36070996550188,-240.56469880171972,0.0,0.0,0.0,0.0,0.0,0.0,0.0,0.0,0.0,0.0,0.0,0.0,0.0,0.0,0.0,0.0,0.0,0.0,0.0,0.0,0.0,0.0,0.0,0.0,233.12634826588804,272.8417719736404,1423.577472776751,0.0,0.0,230.9869554984193,269.9002243483293,1625.9932621265278,0.06606836635415489,0.012484574140996772,212.72533873963557,249.2054200399625,1181.1407622658999,0.01577892772496465,0.002981656788542072,54.54201963414278,63.8783122366994,311.23024707372897,0.0,0.0,6.679579753186879,7.8827064303574,8.95303891176408,0.0,0.0,69.52240534443462,81.24836396181492,485.2938378810597,0.0,0.0,151.5391190955742,177.91039854529664,657.89343500807,0.0,0.0,22.37848945500915,26.352323379729435,58.03927305041078,0.0,0.0,52.351625966107537,61.50995082962583,203.7044798759363,18.773485082051125,12.876190042559074,256.5960832651881,300.7808277435172,1426.3977399194233,0.0,0.0,65.63214314678318,76.57296531549327,523.3928539091369,0.0,19.925902465912527,51.41933714006258,22.0,30.0,0.0,20.40101850760944,49.93210223111934,16.0,30.0,0.0,19.6435770810783,52.32609445402186,22.0,30.0,0.0,19.721702321967105,52.07459850790347,16.0,30.0,0.0,17.50405044086423,59.797994917459558,12.0,30.0,0.0,20.352539162952508,50.05987853016579,16.0,30.0,0.0,19.012806266693919,54.40467583598155,10.0,30.0,0.0,18.132173431146915,57.48378161860642,12.0,30.0,0.0,18.785409534084065,55.17808915569285,12.0,30.0,0.0,19.465371701832177,0.0,0.0,0.0,20.847035515852505,0.0,0.0,605.1800549173978,600.7467857598649,608.9676642802223,605.7373350053501,660.1459006210005,645.9575954022915,643.5578146107577,655.0282560730572,653.1491015339204,0.0,81.71556035353989,81.71556035353989,60.0,0.0,60.0,60.0,16.0,16.0,16.0,12.0,12.0,12.0,21.0,10.0,0.0,0.0,0.0,0.0,0.0,0.0,0.0,0.0,0.0,0.0,0.0,0.0,0.0,81.71556035353989,81.71556035353989,0.0,0.0,0.0,81.71556035353989,0.0,0.0,0.0013399999999999999 
 04/21  12:20:00,16.983333333333336,62.66666666666667,5.933333333333334,203.16666666666667,496.83333333333339,0.0,0.0,0.0,0.0,0.0,0.0,0.0,0.0,0.0,0.0,274.0,0.0,1489.758004767696,89.67232689969187,229.78445403725315,44.67021841259147,1188.9659708676437,0.0,89.67232689969183,122.58886935728262,0.0,0.0,19.570914683253095,156.87499664905227,21.256582157222089,-464.75406529062095,19.49295168691803,70.04359140787892,19.831965340572738,-26.933118524178327,17.37995196263789,28.648536440083406,20.883679018397197,-197.53221291686078,18.59013556200584,166.9031632558408,17.914133156926967,119.85629953818568,18.677206754285487,143.34098178887985,96.9077778379833,-253.945432551232,0.0,0.0,0.0,0.0,0.0,0.0,0.0,0.0,0.0,0.0,0.0,0.0,0.0,0.0,0.0,0.0,0.0,0.0,0.0,0.0,0.0,0.0,0.0,0.0,237.38122068481125,277.7616956402068,1415.5327736467608,0.0,0.0,235.83483108558964,275.5068319387011,1625.072968878604,0.055955620154033377,0.010573624367731178,212.62279562471952,249.05207648154988,1139.9348921381482,0.015644913252845773,0.002956332814218777,49.019792835313797,57.40371011395895,270.0231517832553,0.0,0.0,6.699269067882739,7.904226820534098,8.016957075303458,0.0,0.0,70.66639348500206,82.55193460176372,490.82877583908256,0.0,0.0,152.92902455931745,179.4920663124849,647.583498891552,0.0,0.0,22.58983607840881,26.594912610106623,55.60620808478315,0.0,0.0,53.04343669253456,62.305110374908988,200.85987150493168,18.71830195976716,12.838341536191472,254.61768486573986,298.41371062736996,1367.2362218508895,0.0,0.0,66.474109306562,77.51150544627578,533.936233248102,0.0,19.98109088916242,51.24346989975249,22.0,30.0,0.0,20.453504596753424,49.78900289639691,16.0,30.0,0.0,19.674689468403725,52.22514335022607,22.0,30.0,0.0,19.749195700733638,51.99756226828809,16.0,30.0,0.0,17.559156376811264,59.5919202104855,12.0,30.0,0.0,20.463144512567987,49.720190263483747,16.0,30.0,0.0,19.086458820332273,54.155221888931077,10.0,30.0,0.0,18.193135446261615,57.26409096670142,12.0,30.0,0.0,18.860300617940906,54.92067193748231,12.0,30.0,0.0,19.503054751982938,0.0,0.0,0.0,21.005063009470253,0.0,0.0,603.1371134011552,597.9879842285194,606.4992297796205,603.939691006293,655.8532107470443,642.1285333257724,639.9844804222782,650.9176932622048,649.1277481533352,0.0,81.71556035353989,81.71556035353989,60.0,0.0,60.0,60.0,16.0,16.0,16.0,12.0,12.0,12.0,21.0,10.0,0.0,0.0,0.0,0.0,0.0,0.0,0.0,0.0,0.0,0.0,0.0,0.0,0.0,81.71556035353989,81.71556035353989,0.0,0.0,0.0,81.71556035353989,0.0,0.0,0.0013366666666666664 
 04/21  12:30:00,17.11,62.5,5.9399999999999999,204.0,487.0,0.0,0.0,0.0,0.0,0.0,0.0,0.0,0.0,0.0,0.0,274.0,0.0,1511.2596679936724,89.39475747322314,229.07314231166778,45.314926314174858,1206.1261210640956,0.0,89.3947574732231,122.20941090744208,0.0,0.0,19.601836997683085,160.82862928703254,21.34112583483755,-475.5363544823522,19.513274532414127,79.0995207161086,19.85341052237098,-23.293064030924599,17.43205223344063,29.479716404941969,21.00612836941133,-205.37242121093869,18.647609360972849,171.86568726740007,17.960962158917689,125.39754558295306,18.738364108560306,148.26159352158926,93.28925402694404,-263.6048639140881,0.0,0.0,0.0,0.0,0.0,0.0,0.0,0.0,0.0,0.0,0.0,0.0,0.0,0.0,0.0,0.0,0.0,0.0,0.0,0.0,0.0,0.0,0.0,0.0,237.4669411752939,277.8098397368726,1377.652678539315,0.0,0.0,236.29378496203345,275.97858342170187,1596.1817370692239,0.04746726148907539,0.008969626131722489,216.00856038905756,252.98035709997496,1118.6507445970493,0.01549382096264746,0.0029277817389734425,45.56137419957279,53.34699746689303,242.03624561508148,0.0,0.0,6.733440168757277,7.942794898692017,7.103837504249988,0.0,0.0,71.66130084680545,83.68091721544998,494.9822522064246,0.0,0.0,153.52736886664449,180.1434288182414,634.0188375523394,0.0,0.0,22.808179227939747,26.845590733653084,53.14861134008155,0.0,0.0,52.864107715560127,62.07744520009497,194.37706264197403,18.665385275499014,12.802047514059684,250.46164574715429,293.5008649994237,1295.567670818233,0.0,0.0,66.42361608952439,77.41037700907155,536.6436117919323,0.0,20.026928058795368,51.11617267392733,22.0,30.0,0.0,20.51256618435062,49.62873627194006,16.0,30.0,0.0,19.710093958758678,52.11276460338405,22.0,30.0,0.0,19.777535165823087,51.92134276220889,16.0,30.0,0.0,17.615224304865014,59.38268722452737,12.0,30.0,0.0,20.571799865405994,49.38923306214977,16.0,30.0,0.0,19.161100746406058,53.9041644435136,10.0,30.0,0.0,18.254395482210599,57.04492762977033,12.0,30.0,0.0,18.93243198322752,54.67432180230401,12.0,30.0,0.0,19.53555822560721,0.0,0.0,0.0,21.157622608961089,0.0,0.0,600.3055988468283,595.5632522926379,604.442566486669,602.163526666472,651.7223391343493,638.5009084764992,636.5344753165983,646.938122483384,645.2648828472812,0.0,81.71556035353989,81.71556035353989,60.0,0.0,60.0,60.0,16.0,16.0,16.0,12.0,12.0,12.0,21.0,10.0,0.0,0.0,0.0,0.0,0.0,0.0,0.0,0.0,0.0,0.0,0.0,0.0,0.0,81.71556035353989,81.71556035353989,0.0,0.0,0.0,81.71556035353989,0.0,0.0,0.0013333333333333336 
 04/21  12:40:00,17.236666666666666,62.33333333333333,5.946666666666667,217.0,470.83333333333339,0.0,0.0,0.0,0.0,0.0,0.0,0.0,0.0,0.0,0.0,274.0,0.0,1542.0132081595594,92.18936543074602,236.23416257268796,46.237054229934,1230.6701717155507,0.0,92.18936543074597,126.02985185789066,0.0,0.0,19.637083178768664,167.69591073834455,21.424822653341374,-493.26724595972339,19.535040828732105,84.76696131600875,19.88041234961615,-19.200082486914654,17.486610108819808,30.20142095085987,21.129630448913355,-212.82109150161888,18.704956336535575,175.74831585451285,18.010325698131767,130.47059535346797,18.802104283908137,154.98541801181228,91.03028964149235,-274.06799898083,0.0,0.0,0.0,0.0,0.0,0.0,0.0,0.0,0.0,0.0,0.0,0.0,0.0,0.0,0.0,0.0,0.0,0.0,0.0,0.0,0.0,0.0,0.0,0.0,240.64965648655196,281.47434140853758,1360.1397359465796,0.0,0.0,240.004592111892,280.25165427083729,1586.5722735495527,0.02962282357029348,0.00559766129446211,214.83636218426723,251.57056407323197,1072.709178797224,0.014212107255085139,0.0026855833815353617,40.36280596083246,47.253496757869118,206.79928153228085,0.0,0.0,6.74815584400661,7.9583371376419509,6.19549363652804,0.0,0.0,72.6006124456843,84.74421164035101,498.6219345631857,0.0,0.0,154.41399695236516,181.13375547587558,620.8369250517096,0.0,0.0,22.98132962898624,27.042887494464748,50.576925083760858,0.0,0.0,53.21951206629559,62.47726004178917,190.04278278830564,18.611953047646457,12.765399895505118,247.44031718544046,289.9117152690304,1234.3983654567092,0.0,0.0,66.8960975303911,77.92107540786407,542.321987691296,0.0,20.078921541159287,50.97233735023485,22.0,30.0,0.0,20.567092791723007,49.481289018695047,16.0,30.0,0.0,19.74402760486412,52.02005445163023,22.0,30.0,0.0,19.80959996790305,51.83053343472835,16.0,30.0,0.0,17.673649566532885,59.16524322515734,12.0,30.0,0.0,20.680050307067807,49.062520410552327,16.0,30.0,0.0,19.233577899858447,53.6658531534617,10.0,30.0,0.0,18.316556095594476,56.8232258458435,12.0,30.0,0.0,19.006445775252968,54.42265075886474,12.0,30.0,0.0,19.57502245924439,0.0,0.0,0.0,21.30044465871404,0.0,0.0,597.7583296670051,593.2322844826864,601.7859448443178,600.8861687028701,647.7649418446869,634.9965666974053,633.14172702656,643.1591679490133,641.5793023365548,0.0,81.71556035353989,81.71556035353989,60.0,0.0,60.0,60.0,16.0,16.0,16.0,12.0,12.0,12.0,21.0,10.0,0.0,0.0,0.0,0.0,0.0,0.0,0.0,0.0,0.0,0.0,0.0,0.0,0.0,81.71556035353989,81.71556035353989,0.0,0.0,0.0,81.71556035353989,0.0,0.0,0.00133 
 04/21  12:50:00,17.363333333333335,62.16666666666667,5.953333333333333,230.0,454.66666666666665,0.0,0.0,0.0,0.0,0.0,0.0,0.0,0.0,0.0,0.0,274.0,0.0,1568.0932282541815,94.93657077765141,243.273713474152,47.019048691686737,1251.4843333131265,0.0,94.93657077765137,129.7854898458079,0.0,0.0,19.67219983436165,171.96054660765186,21.509005820640224,-504.6251683865921,19.559906685106634,92.3207122442127,19.909926850648213,-16.490409234954997,17.54276786554053,30.859702032759203,21.251332948456036,-220.5657810710186,18.76403901402729,180.32770896081548,18.06216540291303,135.10281383165626,18.86598064608713,158.7908666775436,88.0099718006386,-282.42908321988537,0.0,0.0,0.0,0.0,0.0,0.0,0.0,0.0,0.0,0.0,0.0,0.0,0.0,0.0,0.0,0.0,0.0,0.0,0.0,0.0,0.0,0.0,0.0,0.0,241.43447481406478,282.33665437825047,1326.842257987742,0.0,0.0,241.17318243365467,281.5508343117524,1561.3605237528776,0.011370973186555344,0.002148709974783701,217.25650947660575,254.36398912581374,1045.9967433193409,0.013046907893347263,0.002465402096248537,37.665532651561537,44.08931271375699,185.99462112727063,0.0,0.0,6.772908303489082,7.985662462204769,5.3123927823798369,0.0,0.0,73.53917965963828,85.80623308859853,501.9376604554768,0.0,0.0,154.9003135190211,181.65288238188638,606.482213512466,0.0,0.0,23.154373196803225,27.23986348179996,48.01082644453773,0.0,0.0,53.040666920013929,62.250198036783697,183.60323035284666,18.56273113142322,12.73164000783486,244.7929421888567,286.76437801318448,1174.2324049527734,0.0,0.0,66.81508628563836,77.78696200489228,543.4491004699534,0.0,20.12743414379292,50.838498637851959,22.0,30.0,0.0,20.625623573214509,49.32659708894335,16.0,30.0,0.0,19.78148451659755,51.91795923913654,22.0,30.0,0.0,19.843383937700719,51.737112306613237,16.0,30.0,0.0,17.73362619121457,58.943635579102799,12.0,30.0,0.0,20.786582116826517,48.746322596769328,16.0,30.0,0.0,19.30793875943009,53.42315567668877,10.0,30.0,0.0,18.379784187407727,56.598729612511828,12.0,30.0,0.0,19.078728112792946,54.17899277668431,12.0,30.0,0.0,19.611077851977908,0.0,0.0,0.0,21.442704971298395,0.0,0.0,595.3389202943777,591.0870524533972,599.4065832742771,599.4755417333861,643.9499805403038,631.5923125339199,629.8429263584062,639.5401617990809,638.036309600045,0.0,81.71556035353989,81.71556035353989,60.0,0.0,60.0,60.0,16.0,16.0,16.0,12.0,12.0,12.0,21.0,10.0,0.0,0.0,0.0,0.0,0.0,0.0,0.0,0.0,0.0,0.0,0.0,0.0,0.0,81.71556035353989,81.71556035353989,0.0,0.0,0.0,81.71556035353989,0.0,0.0,0.0013133333333333335 
 04/21  13:00:00,17.49,62.0,5.96,243.0,438.5,0.0,0.0,0.0,0.0,0.0,0.0,0.0,0.0,0.0,0.0,274.0,0.0,1589.5862843165342,97.64023716358267,250.20169581860757,47.66350509782599,1268.637685937175,0.0,97.64023716358261,133.48160677317785,0.0,0.0,19.710552589558149,177.6546031602811,21.590119901829444,-519.5681155663115,19.586310058361819,98.09622127050534,19.942048324961904,-13.48183109869342,17.600214850752715,31.475523208190567,21.370996400346998,-227.64115931296693,18.823386492961597,184.09170700245978,18.115501339842454,139.49455451692053,18.93243077442841,164.79859923445134,86.00098720626193,-292.1672252576873,0.0,0.0,0.0,0.0,0.0,0.0,0.0,0.0,0.0,0.0,0.0,0.0,0.0,0.0,0.0,0.0,0.0,0.0,0.0,0.0,0.0,0.0,0.0,0.0,243.84204828645904,285.0915653226697,1303.9787428516425,0.0,0.0,244.03825885680394,284.83213101588947,1544.8912457312677,0.0,0.0,217.14457276365727,254.19231280850154,1006.804472986442,0.011665558722830519,0.0022043761758938995,34.04226165402553,39.841929654780219,161.95327941919494,0.0,0.0,6.7846251765223519,7.99757799787372,4.428987822994212,0.0,0.0,74.39905775964455,86.77604412390677,504.43224312063026,0.0,0.0,155.72483384641769,182.5687766362768,593.0226265478935,0.0,0.0,23.298065132629139,27.40202561443108,45.43499243471187,0.0,0.0,53.3770434497862,62.62729472653012,179.15625131937598,18.516796807804885,12.700134984777016,242.65781402040097,284.2130568692034,1119.8419107656733,0.0,0.0,67.24645029265234,78.25052318477457,548.0821556660987,0.0,20.18011596182125,50.69642156052348,22.0,30.0,0.0,20.680589985551764,49.194397129955969,16.0,30.0,0.0,19.819107971470208,51.815084322876298,22.0,30.0,0.0,19.879575040592138,51.63918388970657,16.0,30.0,0.0,17.794662482496237,58.72003384708574,12.0,30.0,0.0,20.89167223392497,48.43787123260084,16.0,30.0,0.0,19.381324815576499,53.18605259551607,10.0,30.0,0.0,18.444952673329074,56.37054381937892,12.0,30.0,0.0,19.15312060772807,53.93140111883189,12.0,30.0,0.0,19.65213659338237,0.0,0.0,0.0,21.57985871782103,0.0,0.0,593.082844505867,588.5851845561609,597.0726689114742,598.2287978714522,640.2706638790834,628.2824671633249,626.7211865507325,636.0408111473362,634.5946969352539,0.0,81.71556035353989,81.71556035353989,60.0,0.0,60.0,60.0,16.0,16.0,16.0,12.0,12.0,12.0,21.0,10.0,0.0,0.0,0.0,0.0,0.0,0.0,0.0,0.0,0.0,0.0,0.0,0.0,0.0,81.71556035353989,81.71556035353989,0.0,0.0,0.0,81.71556035353989,0.0,0.0,0.0012966666666666667 
 04/21  13:10:00,17.486666666666666,61.66666666666667,5.965,256.0,422.33333333333339,0.0,0.0,0.0,0.0,0.0,0.0,0.0,0.0,0.0,0.0,274.0,0.0,1606.5714989711342,100.30273583248952,257.02418620526665,48.17279596006281,1282.193377146073,0.0,100.30273583248946,137.12144431025508,0.0,0.0,19.74905209649211,181.44565949646859,21.668554271033437,-529.4543299195993,19.614705703343888,105.11363675768189,19.97462930205739,-11.349109689512261,17.65862786365679,32.134006822710038,21.486211171273557,-234.50609401205475,18.884314875317938,188.34550094709904,18.169872429154617,143.71257072835284,18.997760703137776,168.22183434566183,87.16310484061433,-300.21945592353679,0.0,0.0,0.0,0.0,0.0,0.0,0.0,0.0,0.0,0.0,0.0,0.0,0.0,0.0,0.0,0.0,0.0,0.0,0.0,0.0,0.0,0.0,0.0,0.0,244.68705305329383,286.01950225198268,1334.2359670605566,0.0,0.0,245.2553810317417,286.1864877993394,1581.2920090583294,0.050388693214799096,0.009521672943083733,219.27789062244495,256.64532220894878,1035.6717942452763,0.019478663244498628,0.0036807753674411604,32.02580965148201,37.47593909727733,154.9214865182396,0.0,0.0,6.822398655217325,8.040151590875486,5.338904784000286,0.0,0.0,75.23739942979572,87.7205866448142,525.6149667686027,0.0,0.0,156.27606416105096,183.16203602036632,619.3606854009895,0.0,0.0,23.454718226970173,27.579132602708627,48.99205246201791,0.0,0.0,53.24380585476272,62.45329619479295,186.80688171919605,18.536557447079546,12.713688235308334,240.77389080238025,281.9677042322952,1129.7070317289786,0.0,0.0,67.26302292973785,78.23092499778763,566.603495212501,0.0,20.230310925069039,50.57335956158566,22.0,30.0,0.0,20.73700457567398,49.05953782479261,16.0,30.0,0.0,19.859155174691936,51.70928781188041,22.0,30.0,0.0,19.91619701131562,51.541967443674497,16.0,30.0,0.0,17.856245511301525,58.49630505461063,12.0,30.0,0.0,20.993671082856929,48.14228631234996,16.0,30.0,0.0,19.45646808700181,52.94648113459779,10.0,30.0,0.0,18.51129827566319,56.14076795854781,12.0,30.0,0.0,19.22661555285078,53.68941363060239,12.0,30.0,0.0,19.683728725555235,0.0,0.0,0.0,21.716966844219184,0.0,0.0,590.5161902745487,586.2951231256769,594.8370730956467,596.8080700015834,636.7157129944109,625.121288637164,623.6052519025936,632.6348232777464,631.2643937193111,0.0,81.71556035353989,81.71556035353989,60.0,0.0,60.0,60.0,16.0,16.0,16.0,12.0,12.0,12.0,21.0,10.0,0.0,0.0,0.0,0.0,0.0,0.0,0.0,0.0,0.0,0.0,0.0,0.0,0.0,81.71556035353989,81.71556035353989,0.0,0.0,0.0,81.71556035353989,0.0,0.0,0.0012799999999999999 
 04/21  13:20:00,17.483333333333336,61.333333333333339,5.970000000000001,269.0,406.16666666666665,0.0,0.0,0.0,0.0,0.0,0.0,0.0,0.0,0.0,0.0,274.0,0.0,1619.1199258621646,102.92479993377943,263.7430637092375,48.54905184613,1292.2081147361124,0.0,102.92479993377938,140.7060047278632,0.0,0.0,19.789334578219675,185.7890761607432,21.742221967231239,-542.7820201007762,19.644323798340815,110.83360916572201,20.009084562341437,-8.568448879572998,17.71743244606938,32.800748951594787,21.598287962863354,-240.4604158244092,18.94527959419873,191.7844801734418,18.225785298659546,147.78848430718916,19.064459689638079,173.3847173254776,88.87198432230253,-309.13152289209759,0.0,0.0,0.0,0.0,0.0,0.0,0.0,0.0,0.0,0.0,0.0,0.0,0.0,0.0,0.0,0.0,0.0,0.0,0.0,0.0,0.0,0.0,0.0,0.0,246.1688264317317,287.6894832108488,1369.0016642942922,0.0,0.0,247.1342088145769,288.3203509335322,1619.6410977917149,0.09501032269878598,0.017953575717835604,219.07071640907925,256.3578866243765,1053.696362650794,0.027188689103276033,0.00513769635360469,28.551177247668958,33.404557455276947,140.5055584826131,0.0,0.0,6.8505377741208639,8.07138810365459,6.230970885295204,0.0,0.0,75.95503181996725,88.52439779373292,545.9100666940243,0.0,0.0,157.04295567049315,184.00822267592998,646.3831524963373,0.0,0.0,23.591034017656584,27.732122628689195,52.59939706625216,0.0,0.0,53.496859997844229,62.731936517784138,196.03208905430726,18.562470286387389,12.731461101774619,237.56073057870104,278.1644091704399,1134.3944159094586,0.0,0.0,67.66372813607146,78.65939269672045,587.6974252566791,0.0,20.28216287203462,50.44708600771606,22.0,30.0,0.0,20.787913958058078,48.903062777395607,16.0,30.0,0.0,19.89936321194732,51.61295402826792,22.0,30.0,0.0,19.95454840486421,51.425798777561499,16.0,30.0,0.0,17.916481456859679,58.279882629580587,12.0,30.0,0.0,21.093291630045909,47.85773549737223,16.0,30.0,0.0,19.5304482874533,52.71542975741066,10.0,30.0,0.0,18.578791345670557,55.90943059702963,12.0,30.0,0.0,19.302052796871864,53.44370014786758,12.0,30.0,0.0,19.717178539495195,0.0,0.0,0.0,21.84830659298517,0.0,0.0,588.14503168899,584.0705867030223,592.2835006810345,595.9344831330758,633.2729216523818,621.9978757243139,620.564270778694,629.3703741592581,628.0439847346138,0.0,81.71556035353989,81.71556035353989,60.0,0.0,60.0,60.0,16.0,16.0,16.0,12.0,12.0,12.0,21.0,10.0,0.0,0.0,0.0,0.0,0.0,0.0,0.0,0.0,0.0,0.0,0.0,0.0,0.0,81.71556035353989,81.71556035353989,0.0,0.0,0.0,81.71556035353989,0.0,0.0,0.0012733333333333334 
 04/21  13:30:00,17.479999999999998,61.0,5.975,282.0,390.0,0.0,0.0,0.0,0.0,0.0,0.0,0.0,0.0,0.0,0.0,274.0,0.0,1564.9546640876925,106.23893022999632,272.23532075216499,46.924932730948977,1248.9793954965435,0.0,106.23893022999626,145.23667210276478,0.0,0.0,19.828394007301406,187.8544500115986,21.791384592259666,-546.3782666809439,19.67584069730256,116.77911052107811,20.04640325048282,-5.657184117557108,17.770787852908599,33.547389730048539,21.684131574418396,-244.53200880308806,19.007199299385719,195.3459877097548,18.283280111317546,151.52578012111838,19.13151979698598,176.13646570033098,89.88682445373706,-315.99498886500489,0.0,0.0,0.0,0.0,0.0,0.0,0.0,0.0,0.0,0.0,0.0,0.0,0.0,0.0,0.0,0.0,0.0,0.0,0.0,0.0,0.0,0.0,0.0,0.0,245.37678321252927,286.7094563463341,1388.7902993591065,0.0,0.0,246.62897041621936,287.67957695964068,1638.8449784185587,0.1324067670898062,0.025020175187038218,218.75660130419994,255.9441211435345,1071.7706929159243,0.03415188829372429,0.006453493630711316,24.947710363576744,29.183569805613556,124.99079681738393,0.0,0.0,6.884807519212565,8.110004566902994,7.048849801415061,0.0,0.0,76.60900800868783,89.25753999110275,563.9890644170896,0.0,0.0,157.38846578144797,184.36000079279527,671.9494241158188,0.0,0.0,23.717710395156574,27.873612515528074,56.259578781597017,0.0,0.0,53.32163060522641,62.508565710392478,203.56970830310477,18.589027720112669,12.749676076894838,231.6370317106527,271.19216963568666,1124.3859126443677,0.0,0.0,67.61827521263288,78.56927529213356,604.8471120547125,0.0,20.329050152167345,50.29878951454374,22.0,30.0,0.0,20.83125293551108,48.774829882522357,16.0,30.0,0.0,19.941061181404483,51.512146475601827,22.0,30.0,0.0,19.99530728521405,51.29953353300976,16.0,30.0,0.0,17.970368985116598,58.08953135564611,12.0,30.0,0.0,21.179392917143788,47.614881842344939,16.0,30.0,0.0,19.60482057112478,52.48611900028888,10.0,30.0,0.0,18.647112377064795,55.678189395184599,12.0,30.0,0.0,19.376299390273368,53.2053714610896,12.0,30.0,0.0,19.746516653229489,0.0,0.0,0.0,21.97853981992322,0.0,0.0,585.8616262017268,581.7983148934071,589.9279995033193,595.5047846333633,629.9256279444231,618.9645777919825,617.5756240984172,626.18007967013,624.8982716481444,0.0,81.71556035353989,81.71556035353989,60.0,0.0,60.0,60.0,16.0,16.0,16.0,12.0,12.0,12.0,21.0,10.0,0.0,0.0,0.0,0.0,0.0,0.0,0.0,0.0,0.0,0.0,0.0,0.0,0.0,81.71556035353989,81.71556035353989,0.0,0.0,0.0,81.71556035353989,0.0,0.0,0.0012666666666666669 
 04/21  13:40:00,17.476666666666668,60.66666666666667,5.98,277.3333333333333,364.16666666666665,0.0,0.0,0.0,0.0,0.0,0.0,0.0,0.0,0.0,0.0,274.0,0.0,1509.5753301327659,103.6884488048812,265.6996629356412,45.26438436312358,1204.781456296402,0.0,103.68844880488116,141.74997063051064,0.0,0.0,19.86561663932563,188.80733727335065,21.826718214547655,-547.2391391249512,19.705579194752649,120.74574322272201,20.07843012592101,-3.308551614027465,17.82120902592873,34.34976582204567,21.755277505244054,-245.75671510717667,19.066871510597009,197.10450885260526,18.339324546163959,154.9940217565778,19.195962084654977,179.98872116857138,91.74701337068109,-322.4530522011796,0.0,0.0,0.0,0.0,0.0,0.0,0.0,0.0,0.0,0.0,0.0,0.0,0.0,0.0,0.0,0.0,0.0,0.0,0.0,0.0,0.0,0.0,0.0,0.0,244.46522398331192,285.5946530647305,1405.3457773793755,0.0,0.0,245.99946175428503,286.9025139393813,1652.702516294017,0.15945609525404012,0.030131537274006079,217.08998159282039,253.9526491075927,1081.869941537711,0.03920549223848325,0.007408445245367203,22.34587390824906,26.135685082732097,113.84487309234686,0.0,0.0,6.902666119222972,8.12942816485418,7.779028512860833,0.0,0.0,76.91586205965977,89.58948096536953,577.8850845688934,0.0,0.0,157.51608385536827,184.4601033711993,694.9726559158165,0.0,0.0,23.80127032939285,27.96442010978916,59.81176422952712,0.0,0.0,53.339770366401847,62.51206964703474,211.73569272792435,18.611401794030685,12.76502180660541,227.13883312685275,265.8880369929993,1121.5593162419185,0.0,0.0,67.75673982479957,78.69561124475955,622.2643595781989,0.0,20.370981652477967,50.17130794617314,22.0,30.0,0.0,20.865436035178175,48.68161504946469,16.0,30.0,0.0,19.980131769811118,51.386591418183908,22.0,30.0,0.0,20.03390955117118,51.184306093172619,16.0,30.0,0.0,18.01870309935094,57.922231939844127,12.0,30.0,0.0,21.25359667153303,47.40977481277704,16.0,30.0,0.0,19.67381607918503,52.26836131028681,10.0,30.0,0.0,18.714716917229614,55.45331304068226,12.0,30.0,0.0,19.44977628914261,52.97334174815729,12.0,30.0,0.0,19.77888208620095,0.0,0.0,0.0,22.098241424869113,0.0,0.0,583.5281603015318,579.1901533074854,587.700173727688,595.0980965650172,626.6728749088217,615.983688435438,614.7027232477309,623.0681995277998,621.8215587161838,0.0,81.71556035353989,81.71556035353989,60.0,0.0,60.0,60.0,16.0,16.0,16.0,12.0,12.0,12.0,21.0,10.0,0.0,0.0,0.0,0.0,0.0,0.0,0.0,0.0,0.0,0.0,0.0,0.0,0.0,81.71556035353989,81.71556035353989,0.0,0.0,0.0,81.71556035353989,0.0,0.0,0.00126 
 04/21  13:50:00,17.473333333333334,60.33333333333333,5.985,272.6666666666667,338.33333333333339,0.0,0.0,0.0,0.0,0.0,0.0,0.0,0.0,0.0,0.0,274.0,0.0,1450.4151259252345,101.14807081098238,259.18989581308827,43.4904687698252,1157.5660484262406,0.0,101.14807081098232,138.27708131471827,0.0,0.0,19.89982840119123,187.96544174176234,21.852222942336547,-542.3864504108133,19.734109330414016,123.78262461462328,20.107580191588715,-2.7636443390961178,17.86975135598469,35.093031135474067,21.813400752995706,-245.60703342290709,19.124541237348987,198.29307185167364,18.39441134115764,157.76055187156818,19.257086975844133,179.68164844262948,93.50701066353031,-324.0661735752101,0.0,0.0,0.0,0.0,0.0,0.0,0.0,0.0,0.0,0.0,0.0,0.0,0.0,0.0,0.0,0.0,0.0,0.0,0.0,0.0,0.0,0.0,0.0,0.0,242.61524204601839,283.3905414572821,1412.8515131669768,0.0,0.0,244.3650494523097,284.9582419721008,1657.6339815653274,0.1821300733579691,0.03441611363529274,217.60733589016756,254.51837107242967,1101.5418850740283,0.043302333753123378,0.008182602750023312,22.277505558218008,26.05184518221028,115.17098256400509,0.0,0.0,6.91645528527103,8.14413873573095,8.464674039009868,0.0,0.0,77.05874165126183,89.7338373110821,588.9095500726292,0.0,0.0,156.73232048298264,183.49583941865326,712.4813829815713,0.0,0.0,23.837636009826299,27.99991564728478,63.1688433720127,0.0,0.0,52.591535310854279,61.618933265614028,216.11574436022466,18.62631821951319,12.775252551106446,225.4066505648364,263.82640628863217,1129.912371335164,0.0,0.0,67.07787178301197,77.87619312634597,630.4784310283033,0.0,20.405771335989077,50.073110841414749,22.0,30.0,0.0,20.89543073135609,48.59664622522641,16.0,30.0,0.0,20.016441722930087,51.27434449261329,22.0,30.0,0.0,20.06824236162951,51.08065903438494,16.0,30.0,0.0,18.063926436397766,57.76706790287989,12.0,30.0,0.0,21.31648938824764,47.234173605237668,16.0,30.0,0.0,19.738322279536079,52.069148604716847,10.0,30.0,0.0,18.78038500041596,55.238561697436939,12.0,30.0,0.0,19.517204566176564,52.76265951647997,12.0,30.0,0.0,19.809235164239376,0.0,0.0,0.0,22.206000083430007,0.0,0.0,580.8870490330143,576.7885559173175,585.5052421243663,593.6270642319722,623.5164411791934,613.0887975684561,611.8152776872863,620.0220623741615,618.8269753331409,0.0,81.71556035353989,81.71556035353989,60.0,0.0,60.0,60.0,16.0,16.0,16.0,12.0,12.0,12.0,21.0,10.0,0.0,0.0,0.0,0.0,0.0,0.0,0.0,0.0,0.0,0.0,0.0,0.0,0.0,81.71556035353989,81.71556035353989,0.0,0.0,0.0,81.71556035353989,0.0,0.0,0.0012766666666666667 
 04/21  14:00:00,17.47,60.0,5.99,268.0,312.5,0.0,0.0,0.0,0.0,0.0,0.0,0.0,0.0,0.0,0.0,274.0,0.0,1387.9370306862773,98.62070915647326,252.7134841713008,41.6170682305097,1107.7026714610707,0.0,98.6207091564732,134.82198632170219,0.0,0.0,19.932728321060759,187.04057610676683,21.868169880695186,-536.4817579756,19.760674601175784,125.19431581681784,20.134547624689774,-1.745373557254311,17.916701535527787,35.721304920889767,21.859916283256128,-244.02408346684207,19.179100768411027,198.2359142387022,18.44804301900962,159.70056136563415,19.31589072422277,180.1341956533456,95.30401470947254,-324.6642992763159,0.0,0.0,0.0,0.0,0.0,0.0,0.0,0.0,0.0,0.0,0.0,0.0,0.0,0.0,0.0,0.0,0.0,0.0,0.0,0.0,0.0,0.0,0.0,0.0,241.1783219499226,281.6728216267274,1421.0192677114608,0.0,0.0,243.15584018099004,283.5181029457617,1662.3132967483417,0.2009455807755631,0.03797157611027271,215.91313229681806,252.50089929955909,1108.1184554061156,0.04682512336935172,0.008848284839257693,21.789443452575424,25.477553507687149,114.16799166207676,0.0,0.0,6.916954525612543,8.143271332584494,9.098644429597118,0.0,0.0,77.02516982992653,89.67575156550548,597.0702100828128,0.0,0.0,155.9637342201666,182.55379632363415,727.8912236058113,0.0,0.0,23.813204525895587,27.964298551105484,66.22405752279808,0.0,0.0,52.097321399530887,61.02455112484719,221.0078044881345,18.632492797562386,12.77948751547489,223.04147747374993,261.02569056405778,1134.2710060437,0.0,0.0,66.61609413981228,77.31472358247368,637.8227800054244,0.0,20.437409905941459,49.98058179780151,22.0,30.0,0.0,20.91923507547751,48.50399933078406,16.0,30.0,0.0,20.04852836274502,51.181851400032709,22.0,30.0,0.0,20.099794706610817,50.98457820237678,16.0,30.0,0.0,18.106500965607017,57.622220574474749,12.0,30.0,0.0,21.36923531570035,47.090069441387189,16.0,30.0,0.0,19.796488228790353,51.89071804928227,10.0,30.0,0.0,18.84307554100749,55.03248308202949,12.0,30.0,0.0,19.58118787731459,52.562697912589687,12.0,30.0,0.0,19.838017256987233,0.0,0.0,0.0,22.293211724266056,0.0,0.0,578.4376264421039,574.6510684537204,582.8766817951613,592.0079388070981,620.4433214484456,610.2084047593909,608.9553511212896,617.0800397790429,615.9078089178856,0.0,81.71556035353989,81.71556035353989,60.0,0.0,60.0,60.0,16.0,16.0,16.0,12.0,12.0,12.0,21.0,10.0,0.0,0.0,0.0,0.0,0.0,0.0,0.0,0.0,0.0,0.0,0.0,0.0,0.0,81.71556035353989,81.71556035353989,0.0,0.0,0.0,81.71556035353989,0.0,0.0,0.0012933333333333335 
 04/21  14:10:00,17.331666666666668,60.666666666666667,6.006666666666667,263.3333333333333,286.66666666666665,0.0,0.0,0.0,0.0,0.0,0.0,0.0,0.0,0.0,0.0,274.0,0.0,1322.608035644726,96.10917237164414,246.27762532291244,39.65818532085693,1055.5640268960565,0.0,96.10917237164409,131.38852512529733,0.0,0.0,19.963105557648878,184.73245032695378,21.87369500320505,-526.5309948684644,19.785171200853186,126.59612781232682,20.157500152688,-1.358959079050237,17.961891543117454,36.15119643166494,21.893008929162329,-241.3901595579464,19.23093809858377,197.68934736826123,18.498635565641516,160.56136202468725,19.370077388794443,177.56299461554318,98.98058364625649,-321.52705852824786,0.0,0.0,0.0,0.0,0.0,0.0,0.0,0.0,0.0,0.0,0.0,0.0,0.0,0.0,0.0,0.0,0.0,0.0,0.0,0.0,0.0,0.0,0.0,0.0,238.65069009006045,278.6893206618765,1483.824540908475,0.0,0.0,240.7661607510711,280.70676565873085,1720.8456073692408,0.25858671598745838,0.0488637029454759,214.87892454828035,251.25918334615666,1174.3793065548983,0.0574560538589146,0.010857153034564358,22.060951017459439,25.791837764205906,122.90677036887031,0.0,0.0,6.899137072119429,8.120939540815975,11.52788145042298,0.0,0.0,76.87482155656721,89.48529881798983,623.1691025170118,0.0,0.0,154.64363421689408,180.9702385412264,780.4197994697174,0.0,0.0,23.740410693356656,27.872419936901495,75.29727674920639,0.0,0.0,51.19136761071588,59.94982299259032,237.00368085896404,18.319947009780578,12.565121405885174,220.97256834018786,258.5792203721483,1197.783199772831,0.0,0.0,65.67893026271212,76.2065150244027,655.7036063988279,0.0,20.4635967065079,49.879168571325738,22.0,30.0,0.0,20.938280723554766,48.42916643893282,16.0,30.0,0.0,20.077342367440229,51.09608875023203,22.0,30.0,0.0,20.12718586585583,50.90263074956809,16.0,30.0,0.0,18.146123268797405,57.488699264346028,12.0,30.0,0.0,21.410981031953705,46.97624687442847,16.0,30.0,0.0,19.84961597405076,51.72853771150293,10.0,30.0,0.0,18.90102531059077,54.843443052629648,12.0,30.0,0.0,19.638200862475995,52.386208218552699,12.0,30.0,0.0,19.856965163137159,0.0,0.0,0.0,22.36367683724866,0.0,0.0,576.2530649872515,572.5043998230024,580.4054181798458,589.7671618392443,617.4427476981257,607.3817180237636,606.1544049924034,614.1851768920546,613.0324020815344,0.0,81.71556035353989,81.71556035353989,60.0,0.0,60.0,60.0,16.0,16.0,16.0,12.0,12.0,12.0,21.0,10.0,0.0,0.0,0.0,0.0,0.0,0.0,0.0,0.0,0.0,0.0,0.0,0.0,0.0,81.71556035353989,81.71556035353989,0.0,0.0,0.0,81.71556035353989,0.0,0.0,0.0013100000000000002 
 04/21  14:20:00,17.193333333333336,61.33333333333334,6.023333333333333,258.6666666666667,260.8333333333333,0.0,0.0,0.0,0.0,0.0,0.0,0.0,0.0,0.0,0.0,274.0,0.0,1254.8980485617495,93.61616592333914,239.88925247269413,37.62791006524567,1001.5251438568301,0.0,93.6161659233391,127.98039630379381,0.0,0.0,19.99206236932897,182.18670737183676,21.86889217552014,-518.1859018194191,19.8076204686667,126.81806089075872,20.177812396575768,-1.0129123819434654,18.005420701829466,36.42241674048964,21.91530865932539,-237.5874242123623,19.27926789271177,196.00412861412679,18.546549764820719,160.65877038003419,19.421128220537818,175.63319804041886,102.71669188360647,-317.58981392224907,0.0,0.0,0.0,0.0,0.0,0.0,0.0,0.0,0.0,0.0,0.0,0.0,0.0,0.0,0.0,0.0,0.0,0.0,0.0,0.0,0.0,0.0,0.0,0.0,236.69304469957917,276.37466039003149,1547.2884662010302,0.0,0.0,238.96328300231517,278.5864410144127,1777.9054793870633,0.3086688417299033,0.05832744552719263,212.7438937461791,248.7354675550577,1231.9098767783578,0.06680770759959419,0.01262428337104954,22.395692632006999,26.18027519111697,132.0407631031724,0.0,0.0,6.8675227663147269,8.08245140894194,13.879370098452507,0.0,0.0,76.58027698493459,89.13005411867946,646.4756659450704,0.0,0.0,153.399800961504,179.4808634903572,830.3558824277754,0.0,0.0,23.638849289652858,27.74727693810769,83.98022589996006,0.0,0.0,50.55622056576223,59.193547053537667,253.20523281345784,17.985671816621236,12.335851726077669,219.51729461680928,256.8521442833036,1262.6452924132762,0.0,0.0,64.99521157983154,75.39843155573226,672.7119602414475,0.0,20.486751819283943,49.79058293366383,22.0,30.0,0.0,20.948010138808877,48.416293324209039,16.0,30.0,0.0,20.10222422928015,50.99968231416733,22.0,30.0,0.0,20.151112976509514,50.83129622996639,16.0,30.0,0.0,18.18309013800358,57.36503182206055,12.0,30.0,0.0,21.442962820224225,46.890311889811659,16.0,30.0,0.0,19.896187264825984,51.581608237702408,10.0,30.0,0.0,18.95413392024099,54.67153513803113,12.0,30.0,0.0,19.690777495962498,52.22455201117352,12.0,30.0,0.0,19.875277857621755,0.0,0.0,0.0,22.412466516763837,0.0,0.0,574.055565160976,570.2570225055902,578.1070271298781,587.2554957694429,614.5126979426905,604.606714644263,603.4705290402727,611.3305337217827,610.196299490121,0.0,81.71556035353989,81.71556035353989,60.0,0.0,60.0,60.0,16.0,16.0,16.0,12.0,12.0,12.0,21.0,10.0,0.0,0.0,0.0,0.0,0.0,0.0,0.0,0.0,0.0,0.0,0.0,0.0,0.0,81.71556035353989,81.71556035353989,0.0,0.0,0.0,81.71556035353989,0.0,0.0,0.0013266666666666666 
 04/21  14:30:00,17.055,62.0,6.04,254.0,235.0,0.0,0.0,0.0,0.0,0.0,0.0,0.0,0.0,0.0,0.0,274.0,0.0,1185.278990136528,91.14428388528154,233.5550133714017,35.540392842686,945.9626579479692,0.0,91.1442838852815,124.60114615264046,0.0,0.0,20.017407459835295,177.80295995065718,21.856084432156736,-505.92497211956109,19.828739277066164,127.01995040136717,20.195929423977675,-0.661535852253337,18.0473803509069,36.526489917329119,21.927329400100829,-233.1562495036378,19.3244746191682,193.9214217213157,18.591643578174634,159.91048310260806,19.467750617530059,170.7321413647469,105.43688778113756,-310.40950293375,0.0,0.0,0.0,0.0,0.0,0.0,0.0,0.0,0.0,0.0,0.0,0.0,0.0,0.0,0.0,0.0,0.0,0.0,0.0,0.0,0.0,0.0,0.0,0.0,233.82781038477394,273.0051592826516,1600.0354897203814,0.0,0.0,236.18113457998607,275.32961113550689,1824.1579891194625,0.35413750459015305,0.06691940751892539,212.58390418557395,248.52305801480476,1299.1158941840334,0.07530139998481909,0.014229289490706551,21.91783110734687,25.619092464349074,136.2279016897954,0.0,0.0,6.8331055927302579,8.040745549043932,16.16878879321562,0.0,0.0,76.20071678528504,88.67886679908099,667.4322072707187,0.0,0.0,151.74643360028709,177.51606403043037,875.4591871193038,0.0,0.0,23.52795161565623,27.611714161700929,92.30821578898363,0.0,0.0,49.54015231378751,57.99314783241946,266.155016222263,17.629281478504887,12.09141390843957,217.10481436331438,254.01140010296235,1318.3466395779406,0.0,0.0,63.90441283510695,74.12275290186415,682.7990956076008,0.0,20.50286030152058,49.75712592356242,22.0,30.0,0.0,20.953034744491707,48.41190690079403,16.0,30.0,0.0,20.12473718646424,50.91384921771637,22.0,30.0,0.0,20.172186590464209,50.76349609517862,16.0,30.0,0.0,18.21766380385329,57.248881801383557,12.0,30.0,0.0,21.46551191149248,46.82925124943667,16.0,30.0,0.0,19.937620720033878,51.45205142045162,10.0,30.0,0.0,19.00215182104751,54.51710244130587,12.0,30.0,0.0,19.73606767575453,52.085337603317707,12.0,30.0,0.0,19.88812741367088,0.0,0.0,0.0,22.444681323719239,0.0,0.0,571.776467177638,568.1927228710079,575.8641777785285,584.813246533635,611.658808628951,601.9319040811694,600.7857827879099,608.5210033694003,607.4245115953722,0.0,81.71556035353989,81.71556035353989,60.0,0.0,60.0,60.0,16.0,16.0,16.0,12.0,12.0,12.0,21.0,10.0,0.0,0.0,0.0,0.0,0.0,0.0,0.0,0.0,0.0,0.0,0.0,0.0,0.0,81.71556035353989,81.71556035353989,0.0,0.0,0.0,81.71556035353989,0.0,0.0,0.0013433333333333334 
 04/21  14:40:00,16.916666666666669,62.66666666666667,6.056666666666667,246.16666666666669,233.66666666666667,0.0,0.0,0.0,0.0,0.0,0.0,0.0,0.0,0.0,0.0,274.0,0.0,1164.8109064857763,88.8641468593049,227.71220111019867,34.926655046460847,929.6271649408791,0.0,88.86414685930486,121.48402597010269,0.0,0.0,20.04038662044247,173.1335584583594,21.85916753506394,-498.14483439962717,19.847783577687573,125.71097873243162,20.212270563804958,-0.4348905885220802,18.09309049830152,36.396388788939308,21.95338267978779,-229.7334380423922,19.36600344703778,190.86749444734415,18.633965748712684,158.4775573171305,19.511348872629605,166.9271123486344,107.7904075130009,-303.417328311401,0.0,0.0,0.0,0.0,0.0,0.0,0.0,0.0,0.0,0.0,0.0,0.0,0.0,0.0,0.0,0.0,0.0,0.0,0.0,0.0,0.0,0.0,0.0,0.0,230.7901096239546,269.43918959186376,1647.8500291853487,0.0,0.0,233.21124768613954,271.85105614963376,1869.5120176065073,0.39384909570372997,0.07442348747236019,211.14889436957587,246.8218543212754,1356.3689619413145,0.08278145574243541,0.015642754297512358,21.795275480714236,25.47351177385108,142.31902517423445,0.0,0.0,6.790464202859183,7.9892697166492498,18.46491157444071,0.0,0.0,75.71043236830779,88.09785581973252,687.6718340915427,0.0,0.0,150.31863853413913,175.81935072298209,918.8827892629931,0.0,0.0,23.395770708321128,27.451716165655787,100.23083564465226,0.0,0.0,48.8657352845012,57.19390235864652,279.92265572687526,17.24848939350485,11.83023963889222,214.52621430146326,250.9776830168093,1370.607769577011,0.0,0.0,63.143487394834249,73.23443562988554,693.6062896518806,0.0,20.514685402740317,49.73142021204743,22.0,30.0,0.0,20.962867685411284,48.37497406594093,16.0,30.0,0.0,20.143289294582137,50.870160828254267,22.0,30.0,0.0,20.19082522862333,50.7012302781533,16.0,30.0,0.0,18.256195977052945,57.11736638813706,12.0,30.0,0.0,21.491685105354465,46.757610999372598,16.0,30.0,0.0,19.97273969261329,51.347848086241679,10.0,30.0,0.0,19.04523382288781,54.37650120076665,12.0,30.0,0.0,19.77724434987975,51.95727174321121,12.0,30.0,0.0,19.899569001740276,0.0,0.0,0.0,22.459035173727817,0.0,0.0,569.6743947161066,566.16014270321,573.5241043893545,582.3889772229532,608.872566150883,599.2846505071299,598.170535096711,605.7981195175094,604.7172599810964,0.0,81.71556035353989,81.71556035353989,60.0,0.0,60.0,60.0,16.0,16.0,16.0,12.0,12.0,12.0,21.0,10.0,0.0,0.0,0.0,0.0,0.0,0.0,0.0,0.0,0.0,0.0,0.0,0.0,0.0,81.71556035353989,81.71556035353989,0.0,0.0,0.0,81.71556035353989,0.0,0.0,0.0013599999999999999 
 04/21  14:50:00,16.778333333333334,63.333333333333339,6.073333333333333,238.33333333333332,232.33333333333332,0.0,0.0,0.0,0.0,0.0,0.0,0.0,0.0,0.0,0.0,274.0,0.0,1142.587353305001,86.54339112260898,221.76530452386639,34.260280250249127,911.8906493175985,0.0,86.54339112260894,118.31137693051412,0.0,0.0,20.064953612580827,170.47379341937086,21.862442537313578,-494.63083000420559,19.864858662608243,123.79144275516046,20.2268764364294,-0.2282283193812873,18.139766932232818,36.03547469755546,21.980011402786887,-227.92046870317427,19.406309087416014,188.6855046866467,18.673452578168069,156.42110132253505,19.551014488115866,161.103604753524,110.17413980782294,-294.7938261552804,0.0,0.0,0.0,0.0,0.0,0.0,0.0,0.0,0.0,0.0,0.0,0.0,0.0,0.0,0.0,0.0,0.0,0.0,0.0,0.0,0.0,0.0,0.0,0.0,229.66953659933376,268.109455914762,1709.811017141732,0.0,0.0,232.23210977845856,270.69434700463958,1929.0558245485595,0.4274618587002955,0.08077510557450787,208.7474038988246,243.9945078122231,1404.776870400171,0.08913865497034791,0.016844039110043064,21.89043563061163,25.582533561659724,149.7229155330583,0.0,0.0,6.743765537213845,7.932995696304183,20.738533684283067,0.0,0.0,75.46907984507983,87.8063538780957,710.0303707154084,0.0,0.0,148.80183218836278,174.01974170492177,960.4393610598717,0.0,0.0,23.259574591211356,27.28752301740638,107.81578837000547,0.0,0.0,47.940994311111648,56.103137881212777,291.11885764825498,16.84055216008401,11.550447297725662,213.96963837182887,250.3062722288305,1434.6152930142578,0.0,0.0,62.11264662443099,72.035298005114,699.8653990320324,0.0,20.53030258932262,49.67632524459379,22.0,30.0,0.0,20.97136719056084,48.34565986092829,16.0,30.0,0.0,20.158364093834697,50.83236897213097,22.0,30.0,0.0,20.2073587700125,50.65253587422437,16.0,30.0,0.0,18.296282749637148,56.98047506029952,12.0,30.0,0.0,21.5185442953103,46.6863334797519,16.0,30.0,0.0,20.006846796414167,51.24490278603471,10.0,30.0,0.0,19.083515319195045,54.25083333805579,12.0,30.0,0.0,19.812453760773044,51.84852707441395,12.0,30.0,0.0,19.913487913056114,0.0,0.0,0.0,22.464694395010814,0.0,0.0,567.5936048184774,564.2110878815225,571.3260455820505,579.9095929920439,606.148745800773,596.6889096747746,595.6303291836787,603.1190287984434,602.0610609173542,0.0,81.71556035353989,81.71556035353989,60.0,0.0,60.0,60.0,16.0,16.0,16.0,12.0,12.0,12.0,21.0,10.0,0.0,0.0,0.0,0.0,0.0,0.0,0.0,0.0,0.0,0.0,0.0,0.0,0.0,81.71556035353989,81.71556035353989,0.0,0.0,0.0,81.71556035353989,0.0,0.0,0.0013966666666666668 
 04/21  15:00:00,16.64,64.0,6.09,230.5,231.0,0.0,0.0,0.0,0.0,0.0,0.0,0.0,0.0,0.0,0.0,274.0,0.0,1118.6751069897594,84.1807551152291,215.7110910142945,33.54327072058176,892.8064047036344,0.0,84.18075511522906,115.08147438575816,0.0,0.0,20.08908648428476,167.01837978364893,21.86547168327463,-489.0021094874555,19.88212707159096,123.70483181756936,20.239875743601276,-0.03787104872083091,18.186934820891325,35.6036621650446,22.00524618791573,-226.39385667136049,19.44561231801896,186.46173775737135,18.710729560601114,154.39168842659104,19.58932318694625,158.67298134424756,111.08377763518365,-288.6181478750286,0.0,0.0,0.0,0.0,0.0,0.0,0.0,0.0,0.0,0.0,0.0,0.0,0.0,0.0,0.0,0.0,0.0,0.0,0.0,0.0,0.0,0.0,0.025434998690211129,0.007764041114228061,227.77500750126058,265.87726328512329,1764.795138316664,0.0,0.0,230.45133291052538,268.600507015004,1981.8172002458026,0.4518991545060176,0.08539288633900562,209.17337404015857,244.47238252007689,1471.895768143554,0.09374215868412773,0.017713937770999188,21.3370485769392,24.93381764328439,152.4799166323745,0.0,0.0,6.701577501764796,7.88202307191333,23.004816169701728,0.0,0.0,75.2780733894311,87.57367868442032,732.636679524066,0.0,0.0,148.15479949609847,173.23845319763425,1006.5317072215962,0.0,0.0,23.161792218818275,27.16874589743405,115.33908590944162,0.0,0.0,47.76482673018301,55.888661336687437,306.4361607557868,16.39771818117587,11.246720288872341,212.6408038851994,248.73583148584,1490.7360853639519,0.0,0.0,61.861871251376509,71.74403449246475,713.0194850031231,0.0,20.544836803968268,49.62813688438194,22.0,30.0,0.0,20.981387318323173,48.334244525993927,16.0,30.0,0.0,20.174358036025404,50.77612805956463,22.0,30.0,0.0,20.222017309869935,50.61150048907312,16.0,30.0,0.0,18.337212836059039,56.840806650222997,12.0,30.0,0.0,21.54486076095032,46.61559132130231,16.0,30.0,0.0,20.03983855586752,51.14310735178936,10.0,30.0,0.0,19.118409185728806,54.13858802648147,12.0,30.0,0.0,19.847226982989615,51.74232456420577,12.0,30.0,0.0,19.922888772280495,0.0,0.0,0.0,22.45754091950641,0.0,0.0,565.5885892061735,562.2937620161655,569.2254348376073,577.5987299701423,603.4863972045678,594.1716843664641,593.1594853419483,600.4932059604256,599.4540625471552,0.0,81.71556035353989,81.71556035353989,60.0,0.0,60.0,60.0,16.0,16.0,16.0,12.0,12.0,12.0,21.0,10.0,0.0,0.0,0.0,0.0,0.0,0.0,0.0,0.0,0.0,0.0,0.0,0.0,0.0,81.71556035353989,81.71556035353989,0.0,0.0,0.0,81.71556035353989,0.0,0.0,0.0014333333333333334 
 04/21  15:10:00,16.435000000000004,65.33333333333334,6.098333333333334,222.66666666666669,229.66666666666667,0.0,0.0,0.0,0.0,0.0,0.0,0.0,0.0,0.0,0.0,1925.0,0.0,1093.1412675294783,81.7751602825921,209.54679692583236,32.77763842699204,872.4279829834634,0.0,81.77516028259206,111.79284386996292,0.0,0.0,20.834746755283466,-500.22176326189426,22.025560682001154,27.153996739326165,20.80703757697184,-799.4773805504041,20.4741626870745,531.4422606557046,18.22864900995678,40.035165277829737,22.02598548892024,-208.07017068301009,19.529800708808418,249.20855989567984,18.741826475703069,157.88696851162275,19.630116242439173,200.7661266176604,218.76342092081436,-312.76275983619225,0.0,0.0,0.0,0.0,0.0,0.0,0.0,0.0,0.0,0.0,0.0,0.0,0.0,0.0,0.0,0.0,0.0,0.0,0.0,0.0,0.0,0.0,0.22608436867403043,0.06901232255007034,236.91527992908227,277.0927464885804,2457.2460623415188,0.07885929473256041,0.01203591189446893,188.54422970965704,220.80976978224084,1807.1793766231188,0.2747965070682995,0.05192677760171951,329.8289718640437,385.4849232055855,3445.9434702733935,0.16884285089069266,0.031905300621824,287.349565573411,336.78762671354897,2450.5357900483065,0.0,0.0,7.7421833974335458,9.151482652935318,30.19260466331183,0.0,0.0,71.8899247539872,84.06836857096356,731.2688818189822,0.0,0.0,167.8075077112704,197.11999455794607,1249.472998613888,0.0,0.0,24.287082261552898,28.631666542066627,131.9557986815218,0.0,0.0,58.209904972143579,68.42575875474467,402.1062834872163,17.357432569753607,11.90496061025625,456.9920923132356,536.2504076306591,3835.7626993518867,0.0,0.0,72.72165480877146,84.76555209107214,857.764220349862,1066.1813456506935,21.624115332376634,46.48413141404248,21.57142857142857,29.999999999999994,0.0,21.30966690014916,47.383499547872009,16.0,29.999999999999994,1860.5072242957793,21.647139131707364,46.42161269743119,21.57142857142857,29.999999999999994,0.0,20.682424159549286,49.23796164726204,16.0,29.999999999999994,0.0,18.367271057797355,56.74129224761239,12.0,29.999999999999994,0.0,21.56717304604526,46.561662148656008,16.0,29.999999999999994,0.0,20.163646497043638,50.774748963771738,10.0,29.999999999999994,0.0,19.142979046917306,54.06349828299519,12.0,29.999999999999994,0.0,19.88957540460128,51.616002345502767,16.0,29.999999999999994,0.0,20.47364562405151,0.0,0.0,0.0,22.396157590283406,0.0,0.0,563.7144495661896,563.1683816764714,563.711172193745,567.1894082362816,601.0180599985614,590.5513997186029,586.6164946074271,597.7752667811753,596.046409932029,5836.079691774662,81.87834288926146,83.95908929567557,59.999999999999989,0.0,59.999999999999989,59.999999999999989,16.0,16.0,16.0,16.0,12.0,12.0,21.0,10.0,1.0,0.0,1066.1813456506935,0.0,1860.5072242957793,0.0,0.0,0.0,0.0,0.0,3148.814578836331,1889288.7473017984,2461127.75754082,81.87834288926146,83.9944272772605,0.20210334310406814,0.43874039018799118,0.20587507086837687,83.9944272772605,0.20243701825365,2461127.75754082,0.1294486433921226 
 04/21  15:20:00,16.230000000000005,66.66666666666667,6.106666666666667,214.83333333333332,228.33333333333335,0.0,0.0,0.0,0.0,0.0,0.0,0.0,0.0,0.0,0.0,552.0,0.0,1066.0534097318264,79.32570187333913,203.27010396504566,31.96540957637212,850.8093149907377,0.0,79.32570187333909,108.44424851942739,0.0,0.0,20.43409046562744,113.63080660200694,22.25088464747291,-319.7312215176903,20.418943858336946,-117.8826543715586,20.72540056791817,109.21543983841866,18.28644322979278,37.49776576605514,22.06773532397105,-195.61559244255933,19.611340377362276,186.3083360756641,18.78600650825058,154.67224535492097,19.71045248541259,201.6786786273958,236.86598875799246,-307.46993337174356,0.0,0.0,0.0,0.0,0.0,0.0,0.0,0.0,0.0,0.0,0.0,0.0,0.0,0.0,0.0,0.0,0.0,0.0,0.0,0.0,0.0,0.0,0.3662841384243898,0.11180834506239007,258.33831787083957,301.8150496396943,2434.450759893167,0.04698051305884888,0.0071704079760147869,238.42552549649327,277.8479897890631,2539.872978580571,0.46942251092592016,0.0887041781795012,258.075110038218,301.97928134961537,2393.8647460482709,0.11760673472689694,0.022223494846352399,237.5418799512305,277.92821903936689,2270.1607618170767,0.0,0.0,7.123676635444415,8.403906016698203,31.487234562285317,0.0,0.0,70.81566485155622,82.60632239724407,757.8020279941754,0.0,0.0,163.90101525375946,192.12303261255659,1311.790309292399,0.0,0.0,24.482405130280385,28.798033110001986,145.25265337390148,0.0,0.0,60.59636735557581,71.08099239986413,455.8124640213593,16.73695147327131,11.4793905852341,461.8578497356895,540.703588821277,4127.773451982143,0.0,0.0,75.87036229302693,88.29092620399053,917.6690372091609,0.0,20.94579009974781,48.46147692042808,21.0,30.0,0.0,21.655282537052995,46.40496544336368,16.0,30.0,189.13390082808554,20.92112656512822,48.53720783852235,21.0,30.0,0.0,21.019908462967025,48.245451127246848,16.0,30.0,0.0,18.424092188206747,56.55471526697322,12.0,30.0,0.0,21.628933685071894,46.39921183433205,16.0,30.0,0.0,20.24218128469143,50.53331214560424,10.0,30.0,0.0,19.188984990254676,53.923994036057568,12.0,30.0,0.0,19.997750669075616,51.28627185025886,16.0,30.0,0.0,20.589235812831278,0.0,0.0,0.0,22.336689362262207,0.0,0.0,563.4897856100449,562.3583316929554,562.521970052813,562.9019424417184,596.2016724153866,586.2975828122262,585.6168387531525,592.6159235987054,590.8300281310965,4448.375420132284,82.41808487395325,82.41808487395325,60.0,0.0,60.0,60.0,16.0,16.0,16.0,16.0,12.0,12.0,21.0,10.0,1.0,0.0,0.0,0.0,189.13390082808554,0.0,0.0,0.0,0.0,0.0,0.0,0.0,0.0,82.41808487395325,82.41808487395325,0.17,0.30840775438841158,0.18014068700982978,82.41808487395325,0.17713239097194376,0.0,0.0015666666666666666 
 04/21  15:30:00,16.025,68.0,6.115,207.0,227.0,0.0,0.0,0.0,0.0,0.0,0.0,0.0,0.0,0.0,0.0,1108.0,0.0,1037.4797931744798,76.83163663458413,196.8791076703251,31.108630908239314,828.0048780681657,0.0,76.83163663458409,105.03467225110679,0.0,0.0,20.968218742622214,-274.74640692406185,22.281458278056755,-130.4982120869463,20.99059974855306,-528.0366038837374,20.787221396297484,323.6560811392793,18.335543613351445,39.352187628371577,22.09788724470404,-196.22980651784406,19.66464076451812,234.36165226375807,18.822567838939919,157.20831668864637,19.75397399488635,179.95394531731103,285.3557552104303,-285.35195043016986,0.0,0.0,0.0,0.0,0.0,0.0,0.0,0.0,0.0,0.0,0.0,0.0,0.0,0.0,0.0,0.0,0.0,0.0,0.0,0.0,0.0,0.0,0.3809594090239933,0.11628797589254986,232.02442138474363,271.04858375962609,2664.749540749058,0.07107695141610623,0.010848130558013774,205.75303838696946,240.51524397041045,2298.8956817152918,0.5891084670092377,0.11132057199721049,257.9486468774847,301.1274523516298,2949.4730318423378,0.15639700690058343,0.0295534782502992,242.05732285782254,283.1316377299088,2463.710236528445,0.0,0.0,7.638334498948578,9.020003081998575,37.51542668723803,0.0,0.0,70.88434240434215,82.80844715087419,792.5095999802443,0.0,0.0,166.44305417831175,195.30270447561774,1421.0685659041365,0.0,0.0,25.31744240447069,29.82033580940285,162.1327010795589,0.0,0.0,57.66057448930772,67.70931972909129,461.45496548644749,16.83805564684542,11.54873501155379,423.4574630303405,496.18358752715946,4184.2064317219769,0.0,0.0,73.0480340589937,85.11663178016586,911.9082058250473,662.1104291856979,21.777929350931918,46.09154762940964,21.25,30.0,0.0,21.710051798361979,46.27287293540578,16.0,30.0,1194.774499320816,21.819136192105476,45.99264331578207,21.5,30.0,0.0,21.11756127635515,47.99081109378459,16.0,30.0,0.0,18.46484389735079,56.421447687227047,12.0,30.0,0.0,21.66918853648302,46.29610808573442,16.0,30.0,0.0,20.307086217273154,50.35428999281806,10.0,30.0,0.0,19.22145239341256,53.828217842929927,12.0,30.0,0.0,20.034357883297159,51.18220387355243,16.0,30.0,0.0,20.817083037656525,0.0,0.0,0.0,22.332969118296018,0.0,0.0,561.0469332784946,560.7107809718726,558.9193394979844,560.1852130969796,593.0129249083348,583.3844083863772,580.38204965192,588.5923485145237,587.1923666421593,3912.0517224905145,83.47758094591765,83.47758094591765,60.0,0.0,60.0,60.0,16.0,16.0,16.0,16.0,12.0,12.0,21.0,10.0,1.0,0.0,662.1104291856979,0.0,1194.774499320816,0.0,0.0,0.0,0.0,0.0,0.0,0.0,0.0,83.47758094591765,83.47758094591765,0.17,0.3853567228811372,0.18014068700982978,83.47758094591765,0.17713239097194376,0.0,0.0016633333333333336 
 04/21  15:40:00,15.82,69.33333333333334,6.123333333333333,197.66666666666667,229.66666666666669,0.0,0.0,0.0,0.0,0.0,0.0,0.0,0.0,0.0,0.0,556.0,0.0,1012.5159195954334,74.00022852062536,189.623692312548,30.360088933579946,808.0813418873191,0.0,74.00022852062532,101.16392269681555,0.0,0.0,20.626657869327678,151.46774366443879,22.3889071813039,-305.9162720218335,20.538459374214776,-21.12102668664511,20.866920061686025,90.41059915208416,18.39177303704675,37.21780969516226,22.130921993283729,-186.7042735067871,19.72457693116324,187.12950433762399,18.86430179981617,153.55173751700915,19.807489917635615,186.90355499844373,258.100190424052,-282.0221315067972,0.0,0.0,0.0,0.0,0.0,0.0,0.0,0.0,0.0,0.0,0.0,0.0,0.0,0.0,0.0,0.0,0.0,0.0,0.0,0.0,0.0,0.0,0.4508187495691002,0.13761256091852876,211.38700081902284,246.5753589280067,2271.800881847539,0.04321919154840808,0.00659633570641149,184.77748801546978,214.98870708003168,2179.4609434863839,1.0151208744548222,0.19182178277679944,215.2430990174674,251.79800201677018,2229.475073646127,0.13133432818799024,0.024817522333331483,209.42311817461639,244.8523335202153,2237.347875399516,0.0,0.0,7.170727026473559,8.456207417212582,38.91176610006802,0.0,0.0,70.19818023388879,81.86171766579645,820.0492054574424,0.0,0.0,164.6051873888004,192.86614781120177,1487.3844415994163,0.0,0.0,25.38404672285919,29.851394500363527,175.07023988066207,0.0,0.0,60.631435783638838,71.09471673129772,517.297677268849,16.11817172410883,11.054987465095224,379.36703504861387,443.62688908642647,3874.341521509471,0.0,0.0,76.50078251174137,89.04092918518211,977.968092669365,0.0,21.177708140253498,47.829412323366209,21.0,30.0,0.0,21.867122646968327,45.87811571220906,16.0,30.0,44.39798942464757,21.021685365547257,48.30614089836452,21.0,30.0,0.0,21.186603831449248,47.828400785381948,16.0,30.0,0.0,18.519075128539855,56.24608544283556,12.0,30.0,0.0,21.7175615968126,46.17542709946328,19.0,30.0,0.0,20.355053963736297,50.21469086005507,10.0,30.0,0.0,19.264108164000374,53.70043443014244,16.0,30.0,0.0,20.097603292706518,50.99724488708269,16.0,30.0,0.0,20.77770712660486,0.0,0.0,0.0,22.274916478736757,0.0,0.0,560.1470057036166,557.1276661665282,557.526112677185,557.0964276839709,588.8864972554536,579.87663970318,578.913195657087,584.74975837721,583.4604584883707,3312.333594278096,83.87403226519514,83.87403226519514,60.0,0.0,60.0,60.0,16.0,16.0,19.0,16.0,16.0,12.0,21.0,10.0,1.0,0.0,0.0,0.0,44.39798942464757,0.0,0.0,0.0,0.0,0.0,0.0,0.0,0.0,83.87403226519514,83.87403226519514,0.17,0.30730789819513518,0.18014068700982978,83.87403226519514,0.17713239097194376,0.0,0.00176 
 04/21  15:50:00,15.615,70.66666666666666,6.131666666666666,188.33333333333335,232.33333333333332,0.0,0.0,0.0,0.0,0.0,0.0,0.0,0.0,0.0,0.0,1116.0,0.0,985.779619680764,71.1045533631226,182.20359436801909,29.558401409882828,786.7432488740845,0.0,71.10455336312256,97.20531522160957,0.0,0.0,20.739036258947054,241.24409659546564,22.321638373450346,-303.5893471303334,21.058100750994386,-653.1800410245405,20.884250644329904,265.6993833826848,18.439205174427117,36.27096583381226,22.15309893882125,-195.3804934062655,19.74017052961142,196.80411921695078,18.892861317890075,146.11579869552157,19.83685591045887,151.76207808270278,285.3348532675732,-250.45871397109364,0.0,0.0,0.0,0.0,0.0,0.0,0.0,0.0,0.0,0.0,0.0,0.0,0.0,0.0,0.0,0.0,0.0,0.0,0.0,0.0,0.0,0.0,0.5510324758758038,0.1682028314639206,286.49444756279788,335.08311504104929,3278.5150846946146,0.0674972226298792,0.010301773905659218,175.79143299643227,205.44883206499083,2122.3113820985574,0.8830679527670057,0.16686847180026569,351.4016815821671,410.36316810913,4326.3846868123969,0.14811841282292524,0.027989118069335827,218.1568333979597,255.16420027250732,2431.904599971208,0.0,0.0,7.162179518236112,8.455156590410942,42.336341804350457,0.0,0.0,71.69066346445087,83.72333549581083,870.236715429417,0.0,0.0,156.96212440541079,184.17629830800505,1478.2874164421954,0.0,0.0,24.56070653789559,28.924701158060956,180.24318347174424,0.0,0.0,53.29406473588589,62.58598387645124,477.8723295451216,15.724611402145623,10.785055831375601,469.685020029426,550.1333177750669,5096.587876777075,0.0,0.0,68.34452972292634,79.67488555303766,900.2685727244668,0.0,21.386221841068925,47.275693550692768,21.0,30.0,0.0,21.735983972146387,46.29947499845299,16.0,30.0,1259.5872763046187,21.815310553057686,46.08004343370149,21.5,30.0,0.0,21.21369188549268,47.786078279289899,16.0,30.0,0.0,18.55693569446327,56.125331340646898,12.0,30.0,0.0,21.746158547738277,46.11151013909987,19.0,30.0,0.0,20.34433204432806,50.272552961322968,10.0,30.0,0.0,19.282088898268236,53.65522975780888,16.0,30.0,0.0,20.113125332225417,50.96222503846321,16.0,30.0,0.0,20.913561810258814,0.0,0.0,0.0,22.269150554968016,0.0,0.0,555.9385065581985,553.3928799277103,554.5493255641895,555.2293645126902,586.1445900700023,577.0645811844725,575.2125665188605,581.7017066523711,580.6668034565697,4626.520591532823,81.9854791803712,81.9854791803712,60.0,0.0,60.0,60.0,16.0,16.0,19.0,16.0,16.0,12.0,21.0,10.0,1.0,0.0,0.0,0.0,1259.5872763046187,0.0,0.0,0.0,0.0,0.0,0.0,0.0,0.0,81.9854791803712,81.9854791803712,0.17,0.3858607047543175,0.18014068700982978,81.9854791803712,0.17713239097194376,0.0,0.0017866666666666665 
 04/21  16:00:00,15.41,72.0,6.14,179.0,235.0,0.0,0.0,0.0,0.0,0.0,0.0,0.0,0.0,0.0,0.0,560.0,0.0,957.2767610777155,68.14410881853159,174.61752664003905,28.703744279907526,763.9952819810594,0.0,68.14410881853157,93.1581630837788,0.0,0.0,20.713589866346675,205.2415838215511,22.34683964084075,-318.2764542365421,20.60948464329106,26.419636160031588,20.92139480014248,89.02219063499024,18.492121635623915,35.261275582206909,22.16611312657048,-194.71644218482039,19.783354936576303,187.3594132980461,18.923143909142625,145.36569978381028,19.860328282019347,155.30582144428946,263.22037009021826,-245.47055619646836,0.0,0.0,0.0,0.0,0.0,0.0,0.0,0.0,0.0,0.0,0.0,0.0,0.0,0.0,0.0,0.0,0.0,0.0,0.0,0.0,0.0,0.0,0.5913961989383566,0.1805238702498036,262.70207783882827,306.86958805224847,3066.6646532463967,0.059593836503712829,0.009095518391897564,196.1543710111285,228.55705332153173,2467.003702550647,1.3923784811163614,0.26311006823816365,320.13435283195568,374.31553691615,3574.1300464081657,0.14288943397210114,0.027001026827683504,187.44320997679717,219.10831773475116,2166.095524582578,0.0,0.0,7.100261082498567,8.368959085641404,45.57421695686898,0.0,0.0,71.63037486786833,83.52073629511293,901.2597499571174,0.0,0.0,158.76830446211154,185.9905557191283,1571.5783449491824,0.0,0.0,24.921031176433588,29.30079582910438,194.27545224950894,0.0,0.0,54.891589159028118,64.35502430057918,516.1469430246791,15.054581505167765,10.325501718222064,419.6542870971853,490.9804261269651,4714.640644107457,0.0,0.0,70.28780905821165,81.82740653403468,945.0383911619442,0.0,21.298670505507475,47.563099339857817,21.0,30.0,0.0,21.781600048552258,46.20367717357158,16.0,30.0,0.0,21.02426409404103,48.38104288630461,21.0,30.0,0.0,21.22606401917503,47.78159337421947,16.0,30.0,0.0,18.60668532457226,55.96900228574752,12.0,30.0,0.0,21.764786482380715,46.07889672050487,19.0,30.0,0.0,20.381296731583136,50.17557497831557,10.0,30.0,0.0,19.30610304122112,53.59201206346961,16.0,30.0,0.0,20.127021086307879,50.93544142793394,16.0,30.0,0.0,20.877544502763095,0.0,0.0,0.0,22.199129036737426,0.0,0.0,553.962273823874,551.9319787940372,553.1871031704236,553.6891991078751,582.6985625193927,574.2298041677809,573.0292965610096,578.8125719070425,577.8560798164651,0.0,82.0842680286224,82.0842680286224,60.0,0.0,60.0,60.0,16.0,16.0,19.0,16.0,16.0,12.0,21.0,10.0,1.0,0.0,0.0,0.0,0.0,0.0,0.0,0.0,0.0,0.0,0.0,0.0,0.0,82.0842680286224,82.0842680286224,0.0,0.0,0.0,82.0842680286224,0.0,0.0,0.0018133333333333335 
 04/21  16:10:00,15.181666666666667,72.66666666666667,6.071666666666666,169.66666666666667,237.66666666666669,0.0,0.0,0.0,2.0,0.0,0.0,0.0,0.0,0.0,4.0,1120.0,0.0,927.0138920632238,65.1185960289711,166.864723357618,27.79631389548949,739.8426673720459,0.0,65.11859602897107,89.02205772194178,0.0,0.0,20.695077427395398,175.4771851455348,22.309462670039467,-376.58368977146758,21.067982468998794,-369.6309971024066,20.866314572518037,158.07401994836483,18.530910451094536,26.94302747980749,22.326585594485374,-15.485589790334203,19.689810308367009,45.746527161408497,18.944714987639018,133.42735930880714,19.858008076523228,65.18231482043436,257.39789078155448,-166.78789416868995,0.0,0.0,0.0,0.0,0.0,0.0,0.0,0.0,0.0,0.0,0.0,0.0,0.0,0.0,0.0,0.0,0.0,0.0,0.0,0.0,0.0,0.0,0.6766212327555041,0.20653883783745548,222.71832550080939,260.53444961406719,2671.820257486177,0.07373782113970334,0.01125424620569343,215.0572673402467,251.17308211437783,2774.4628788120628,1.3123789721017989,0.24799300304266809,213.20907581982915,248.7617488169803,2778.6369227720695,0.15850192371042666,0.029951232749513717,211.354217560657,247.12171245680697,2485.998965241724,0.0,0.0,5.254805747375723,6.202392152953381,36.39037600185279,0.0,0.0,7.78557384683072,9.079418375322194,105.60917993269456,0.0,0.0,72.2313592039014,84.87111547123674,717.7872740263605,0.0,0.0,23.26274696293147,27.398856362067396,192.3181331546615,0.0,0.0,33.02482668339397,38.84106027180833,324.17507150913959,15.078539697922113,10.341933949192125,402.70485127201729,471.5150132318773,4669.508608296087,0.0,0.0,47.70199208514889,55.68291385759762,663.5497744565056,0.0,21.23004398978913,47.83723037507203,21.0,30.0,0.0,21.714287802612966,46.51661143326116,16.0,30.0,0.0,21.699090284308249,47.37009790965473,21.0,30.0,0.0,21.111609734084955,48.761125681192677,16.0,30.0,0.0,18.63329825385032,55.8908038116715,12.0,30.0,0.0,22.0370000465482,47.05817566227344,19.0,30.0,0.0,20.15193201358854,50.96013576115091,10.0,30.0,0.0,19.315897500200088,53.5824616689629,16.0,30.0,0.0,20.09202373305405,51.0649654192203,16.0,30.0,0.0,20.831993804949226,0.0,0.0,0.0,22.234236300679429,0.0,0.0,551.1081209533777,552.27766277709,602.4381635051949,584.6077604419184,580.524048656525,669.3609438418746,566.2603032977589,576.4479966145096,575.3564466269638,0.0,82.0842680286224,82.0842680286224,1744.0,0.0,1744.0,1744.0,16.0,16.0,19.0,16.0,16.0,12.0,21.0,10.0,1.0,0.0,0.0,0.0,0.0,0.0,0.0,0.0,0.0,0.0,0.0,0.0,0.0,82.0842680286224,82.0842680286224,0.0,0.0,0.0,82.0842680286224,0.0,0.0,0.05348266666666667 
 04/21  16:20:00,14.953333333333335,73.33333333333334,6.003333333333334,160.33333333333335,240.33333333333332,0.0,0.0,0.0,2.0,0.0,0.0,0.0,0.0,0.0,4.0,280.0,0.0,894.997909243112,62.02791039508405,158.94491653142715,26.83631705367195,714.2909092164289,0.0,62.02791039508402,84.79685614084717,0.0,0.0,20.68399947785716,187.74460578765867,22.273794567818905,-346.4954473217931,21.407662742907666,-733.2223524669862,21.03005536463777,268.7731240442263,18.57314201630078,25.19251973370598,22.575832293358823,-24.81533916354448,19.56227479445731,64.91609945106893,18.950398946080339,122.01423966282187,19.767361790223604,5.231593750722709,274.8968870943281,-108.07903946398528,0.0,0.0,0.0,0.0,0.0,0.0,0.0,0.0,0.0,0.0,0.0,0.0,0.0,0.0,0.0,0.0,0.0,0.0,0.0,0.0,0.0,0.0,0.8658727778584716,0.26430792974922825,233.66901345827484,272.1296974638104,2891.0719655524555,0.11622480134309696,0.017738828043818219,218.68175958338333,254.2412909570163,2901.6346918518495,0.7481491822515459,0.1413736172055076,281.6517619047255,326.8228866779745,4023.1202254232196,0.16157704332157078,0.030532321111407923,276.34337161757636,321.51035780974237,3534.5112690578559,0.0,0.0,5.20757665005945,6.117762346581397,38.82097935664347,0.0,0.0,8.645918143401211,10.013509485475995,128.24852903667554,0.0,0.0,42.024402179559178,49.16162303122679,413.8205436833792,0.0,0.0,20.193967720262486,23.672186060390659,175.45130202042956,0.0,0.0,5.9578096539584319,6.969771714804253,58.77054248104989,15.401057635133109,10.563139667443837,479.62677040829387,559.0593049053288,5830.262626233275,0.0,0.0,29.648250727126749,34.40042321824517,430.65619204180316,0.0,21.181754738180496,48.2831472382159,21.0,30.0,0.0,21.665318483938298,47.12157362332631,16.0,30.0,0.0,22.17611619951657,46.36756596584532,21.0,30.0,0.0,21.417261150242874,48.31445777004505,16.0,30.0,0.0,18.668409683462856,55.815208036721219,12.0,30.0,0.0,22.462021431733857,48.93436875689739,19.0,30.0,0.0,19.888166987160238,51.933954037939759,10.0,30.0,0.0,19.29607917643016,53.74214247362211,16.0,30.0,0.0,19.897062764296654,51.706011775151498,16.0,30.0,0.0,20.908290462124229,0.0,0.0,0.0,22.289502026137567,0.0,0.0,564.8440592289642,574.8873625343549,613.4748675449927,606.9334139565001,577.0400655013522,834.2342023645088,557.9609717526482,576.2682278251888,574.4257685488906,0.0,82.0842680286224,82.0842680286224,1744.0,0.0,1744.0,1744.0,16.0,16.0,19.0,16.0,16.0,12.0,21.0,10.0,1.0,0.0,0.0,0.0,0.0,0.0,0.0,0.0,0.0,0.0,0.0,0.0,0.0,82.0842680286224,82.0842680286224,0.0,0.0,0.0,82.0842680286224,0.0,0.0,0.05406400000000001 
 04/21  16:30:00,14.725,74.0,5.9350000000000009,151.0,243.0,0.0,0.0,0.0,2.0,0.0,0.0,0.0,0.0,0.0,4.0,280.0,0.0,861.2355189926766,58.872132763863579,150.85831337306278,25.82395484828012,687.3453598708213,0.0,58.87213276386355,80.48266886446402,0.0,0.0,20.692282747068967,183.50895468815726,22.262968451114369,-324.0723078644387,21.542327854585566,-788.7840456216181,21.152092569676936,297.49007808981698,18.61040082472791,22.91440411935767,22.709793490917997,-32.562938222516837,19.523811419361264,68.98463968484907,18.945940225516837,104.73555836177741,19.718884291109089,2.4923819708920975,297.916414078878,-86.67518245896395,0.0,0.0,0.0,0.0,0.0,0.0,0.0,0.0,0.0,0.0,0.0,0.0,0.0,0.0,0.0,0.0,0.0,0.0,0.0,0.0,0.0,0.0,1.002306924885422,0.30595449477576988,234.5892769672883,273.1930327152483,3004.9324801558966,0.14722631927056105,0.02247043944910883,215.38348397880055,250.4056985340464,2956.3194169055025,0.47922133565355787,0.0905558079466285,289.225000979212,335.48898286417599,4317.7684171472669,0.1516023829217598,0.028647464648858608,278.2537922288232,323.49473422390988,3790.1776059359879,0.0,0.0,5.21866198869327,6.130094666906287,41.55345948495121,0.0,0.0,9.659374626647649,11.174527244533403,151.38915760003378,0.0,0.0,39.13373522951073,45.79050545300495,396.6679048961729,0.0,0.0,17.35367306369492,20.344373374663026,157.37707470456619,0.0,0.0,5.22660187686925,6.1163037265047859,52.941038207909347,15.732464528508249,10.790442063448735,484.1012968042976,564.0525476732786,6207.033488707789,0.0,0.0,25.700329495712187,29.820932142992417,382.54346213194358,0.0,21.169506658603177,48.5761075170509,21.0,30.0,0.0,21.66736241960643,47.07863163205949,16.0,30.0,0.0,22.284306499968229,46.02560573895175,21.0,30.0,0.0,21.613969120081419,47.97218361165399,16.0,30.0,0.0,18.69496338181508,55.790402402593098,12.0,30.0,0.0,22.66476333262464,49.931830832982488,19.0,30.0,0.0,19.80385309609379,52.42745956390543,10.0,30.0,0.0,19.258290177850609,54.041031982760127,16.0,30.0,0.0,19.80030761475417,52.04444591337063,16.0,30.0,0.0,21.00553854091629,0.0,0.0,0.0,22.2421829264943,0.0,0.0,575.3278693618246,570.1623476662473,607.8060037826182,612.979700343694,575.0428191459017,913.0266193151215,567.5913973359591,580.4290489148492,574.565611360497,0.0,82.0842680286224,82.0842680286224,1744.0,0.0,1744.0,1744.0,16.0,16.0,19.0,16.0,16.0,12.0,21.0,10.0,1.0,0.0,0.0,0.0,0.0,0.0,0.0,0.0,0.0,0.0,0.0,0.0,0.0,82.0842680286224,82.0842680286224,0.0,0.0,0.0,82.0842680286224,0.0,0.0,0.05464533333333334 
 04/21  16:40:00,14.496666666666667,74.66666666666667,5.866666666666667,138.83333333333335,262.3333333333333,0.0,0.0,0.0,2.0,0.0,0.0,0.0,0.0,0.0,4.0,280.0,0.0,849.0659906235956,55.21148758557343,141.47803812935329,25.459046547105645,677.6328701273953,0.0,55.21148758557341,75.47828937482774,0.0,0.0,20.70926325021906,182.5482773795975,22.278794795882509,-294.5132808603212,21.68987272171819,-764.3892832869406,21.227061924364095,279.5678314549459,18.649566224879444,21.26973447045387,22.82109561253827,-38.161459315326457,19.50621343344241,70.41900250667232,18.942329121496987,97.73789768842721,19.690113350758087,14.28125454832184,312.03839599589267,-83.97119974696943,0.0,0.0,0.0,0.0,0.0,0.0,0.0,0.0,0.0,0.0,0.0,0.0,0.0,0.0,0.0,0.0,0.0,0.0,0.0,0.0,0.0,0.0,1.085827649138851,0.3314492213488556,233.9124359793739,272.40150861481399,3104.9763219839226,0.165850879072884,0.025313015731514657,213.4378865580879,248.09602149401108,3041.844104072401,0.4988838250912917,0.09427131993410655,268.72893699003836,311.52242559599588,4215.553200406006,0.13824732362821436,0.026123832885150096,255.48863279130897,296.9297861962925,3643.8284085860348,0.0,0.0,5.192039475518478,6.09798315603416,44.00940803437938,0.0,0.0,10.33535610315705,11.946520830656587,169.64484849800616,0.0,0.0,48.158441925095228,56.35714108437404,505.7035987765754,0.0,0.0,16.271049489568257,19.075676895339627,153.9162536896132,0.0,0.0,15.132091180963796,17.710424705512314,158.5530215003734,15.976365707374676,10.95772682261638,460.4669519147647,536.3620234257827,6192.380335421724,0.0,0.0,26.69096671137127,30.975160430803638,404.7484902070436,0.0,21.172785813422086,48.5436611326371,21.0,30.0,0.0,21.70534916829831,47.18412539489801,16.0,30.0,0.0,22.442732645262415,45.849071358528387,21.0,30.0,0.0,21.712417386180879,47.64911717135226,19.0,30.0,0.0,18.72465405448138,55.81956760410362,12.0,30.0,0.0,22.81691564863267,50.59483362503586,19.0,30.0,0.0,19.758174961042106,52.69805621447372,10.0,30.0,0.0,19.225634431595379,54.49741634065033,16.0,30.0,0.0,19.746510459401788,52.37999807413445,16.0,30.0,0.0,21.07113794015056,0.0,0.0,0.0,22.153219834671167,0.0,0.0,571.4739678414529,583.6492045132542,624.1347603595559,607.4690718534487,576.4222068272909,964.6637454084417,576.1609274599492,591.8138098794284,575.4975734420342,0.0,82.0842680286224,82.0842680286224,1744.0,0.0,1744.0,1744.0,16.0,19.0,19.0,16.0,16.0,12.0,21.0,10.0,1.0,0.0,0.0,0.0,0.0,0.0,0.0,0.0,0.0,0.0,0.0,0.0,0.0,82.0842680286224,82.0842680286224,0.0,0.0,0.0,82.0842680286224,0.0,0.0,0.05522666666666667 
 04/21  16:50:00,14.268333333333333,75.33333333333333,5.798333333333334,126.66666666666666,281.6666666666667,0.0,0.0,0.0,2.0,0.0,0.0,0.0,0.0,0.0,4.0,280.0,0.0,832.4211662408208,51.411830334611639,131.741544770701,24.959947753580154,664.348684322129,0.0,51.411830334611618,70.28386984268323,0.0,0.0,20.74908405557654,193.11049041307525,22.291350911823103,-292.51078868990228,21.785188711014944,-812.0463148194103,21.314736536643119,312.3148832775787,18.688758779890926,19.72617647480095,22.911130764511257,-41.44402231847562,19.49931479365657,69.02800840477267,18.937554746391898,89.27175486860108,19.67812779181616,26.75050041425652,326.60303933811158,-82.56454803776956,0.0,0.0,0.0,0.0,0.0,0.0,0.0,0.0,0.0,0.0,0.0,0.0,0.0,0.0,0.0,0.0,0.0,0.0,0.0,0.0,0.0,0.0,1.1727276952475819,0.3579754869498113,246.85657323931648,287.41188321936547,3411.552853663406,0.17903956720730308,0.027325941270955904,225.3289384253528,261.8780715741447,3324.620589648945,0.37080170777534268,0.07006834991975487,287.1657863272009,332.8079855850892,4665.687067339032,0.143475768983853,0.027111823315164958,271.7303438887091,315.637709871136,4067.831214908907,0.0,0.0,5.1266680555508918,6.0202997564295359,46.099009292344,0.0,0.0,10.814055030460646,12.491891199376202,184.80986766149315,0.0,0.0,48.955520852688689,57.293807485305638,533.708054565565,0.0,0.0,15.14034538171083,17.75004432814338,149.1255736414393,0.0,0.0,17.169095456535538,20.094660431459375,186.94504135495357,16.270852389054466,11.159706714029129,490.7089690191854,571.472566255198,6877.779779082625,0.0,0.0,28.225601094968686,32.763196245481079,435.06308453900689,0.0,21.219474168774306,48.6234245783369,21.0,30.0,0.0,21.732018119394217,47.315329593738137,16.0,30.0,0.0,22.50473123603671,45.84114433400019,21.0,30.0,0.0,21.845899039879077,47.53812212503314,19.0,30.0,0.0,18.75532374854592,55.887804693044198,12.0,30.0,0.0,22.935238311079304,51.03963866691274,19.0,30.0,0.0,19.73113422730107,52.86210365434141,10.0,30.0,0.0,19.19256362023556,55.08759036094023,16.0,30.0,0.0,19.724279341364438,52.71629894822176,16.0,30.0,0.0,21.131856631824755,0.0,0.0,0.0,22.048574303789466,0.0,0.0,584.7610504188043,590.1796665663021,628.1362318176733,623.762418491992,580.7437294908943,999.9851472984847,577.3315830936895,609.2533743413203,583.2751867942061,0.0,82.0842680286224,82.0842680286224,1744.0,0.0,1744.0,1744.0,16.0,19.0,19.0,16.0,16.0,12.0,21.0,10.0,1.0,0.0,0.0,0.0,0.0,0.0,0.0,0.0,0.0,0.0,0.0,0.0,0.0,82.0842680286224,82.0842680286224,0.0,0.0,0.0,82.0842680286224,0.0,0.0,0.05590488888888889 
 04/21  17:00:00,14.04,76.0,5.73,114.5,301.0,0.0,0.0,0.0,2.0,0.0,0.0,0.0,0.0,0.0,4.0,280.0,0.0,811.0331143749099,47.47186807440914,121.64552015169193,24.31862467367052,647.2789692122901,0.0,47.47186807440911,64.89764272571692,0.0,0.0,20.780143121241826,188.67279168537426,22.307487544481348,-275.6970072641616,21.897085036250688,-793.8792333403908,21.3691304321373,294.58345959222609,18.728138983682304,18.72466346502776,22.983037476848059,-45.07546255865526,19.50580502711655,72.0162058764538,18.937759495142705,86.10643725020032,19.658865685668759,6.172076777039678,340.7510543997814,-57.52095196800201,0.0,0.0,0.0,0.0,0.0,0.0,0.0,0.0,0.0,0.0,0.0,0.0,0.0,0.0,0.0,0.0,0.0,0.0,0.0,0.0,0.0,0.0,1.2143763520017559,0.37068875213728816,243.02999667484759,282.9168344616261,3481.2214962136947,0.18967507849156227,0.028949187803962496,220.92952082759917,256.733117165193,3375.4041037611989,0.5194754137509776,0.09816239866798522,271.3786608985501,314.39142148707517,4591.53052192392,0.13890061068972443,0.026247280931542779,255.47494658330846,296.6770296901095,3970.4934123907339,0.0,0.0,5.23297958134593,6.144159028801633,49.76781012653809,0.0,0.0,11.179123072459547,12.907380336718841,198.03057400780876,0.0,0.0,36.91661084012156,43.20042120336935,419.04330211740696,0.0,0.0,15.039852727705246,17.631111269649453,154.43125041243568,0.0,0.0,4.562232297698156,5.340160632519338,51.39403073254841,16.55016306774865,11.351277824244619,469.7683597151848,546.9439106332177,6870.605872529592,0.0,0.0,24.033624084464898,27.900187484946988,377.85239755492656,0.0,21.243714853660327,48.752152252853459,21.0,30.0,0.0,21.769247579112404,47.17522539705769,16.0,30.0,0.0,22.615069137109935,45.54370015195249,21.0,30.0,0.0,21.908524124409863,47.52897508423634,19.0,30.0,0.0,18.78744019479075,55.971889361865859,12.0,30.0,0.0,23.027048582385335,51.33199416781269,19.0,30.0,0.0,19.728674043080209,53.269604566038768,10.0,30.0,0.0,19.174027746366453,55.68287373696907,16.0,30.0,0.0,19.684663116386397,52.96598875410932,16.0,30.0,0.0,21.188754809835517,0.0,0.0,0.0,21.97430468909227,0.0,0.0,590.7998324760509,586.0922908985398,625.8583865003415,627.8304909320452,586.0892736581866,1022.5029645373854,590.388849916013,629.6599187808594,588.2341767048527,0.0,82.0842680286224,82.0842680286224,1744.0,0.0,1744.0,1744.0,16.0,19.0,19.0,16.0,16.0,12.0,21.0,10.0,1.0,0.0,0.0,0.0,0.0,0.0,0.0,0.0,0.0,0.0,0.0,0.0,0.0,82.0842680286224,82.0842680286224,0.0,0.0,0.0,82.0842680286224,0.0,0.0,0.05658311111111112 
 04/21  17:10:00,13.883333333333333,76.16666666666667,5.636666666666667,102.33333333333333,320.33333333333339,0.0,4.0,0.0,0.0,0.0,0.0,0.0,0.0,0.0,0.0,1120.0,0.0,828.0082528111846,44.820740373562639,114.85205398713,24.827600544492456,660.826478663405,0.0,44.820740373562617,61.273350164065309,0.0,0.0,20.947412200085517,280.6288394044518,22.358190838843045,-209.51183714608454,21.440687593860085,-332.8383765857145,21.44132676879913,-18.63871264174137,18.77337492906743,30.225466273943128,22.75949738478662,-470.29663922720467,19.845975124364537,373.68932121083847,18.96123957819889,111.61814156865825,19.74130519637636,245.31779782683788,284.84966293552909,-224.91995731923658,0.0,0.0,0.0,0.0,0.0,0.0,0.0,0.0,0.0,0.0,0.0,0.0,0.0,0.0,0.0,0.0,0.0,0.0,0.0,0.0,0.0,0.0,0.9994792158618906,0.3050913357331779,319.77624952360068,373.8810541051898,4856.844945952689,0.1836483003642132,0.028029349872437917,130.31753752678726,152.05228857642815,2051.101165175296,1.6451890043057443,0.31088227594590797,185.97294930751469,217.32953598309917,2988.0039587590756,0.13034961677854133,0.024631446859134787,11.99447099733338,13.983716060402554,192.1372639743102,0.0,0.0,8.496872395435317,10.022203734063498,84.07434832509492,0.0,0.0,100.62304054966978,117.14974986430662,1724.6505987646443,0.0,0.0,211.30194912310828,247.6852275225163,2737.910282174363,0.0,0.0,22.833887725861638,26.8733294922187,242.79298269978205,0.0,0.0,84.40121636479337,99.09137750824279,1008.1933319694934,16.652756453930747,11.421643658388718,290.47806405963737,340.37750678010488,4288.745041011672,0.0,0.0,100.22548887745738,116.97433305791458,1522.6367549837883,0.0,21.539577592905244,48.214125226825789,21.0,30.0,0.0,21.85064313214638,47.17774323448346,16.0,30.0,0.0,21.860091386788,47.28114651076675,21.0,30.0,0.0,21.916108691941504,50.85843521202351,19.0,30.0,0.0,18.828551110858613,56.50396289965827,12.0,30.0,0.0,22.557817427851476,47.56951580146952,16.0,30.0,0.0,20.3904765706482,53.96643717916015,10.0,30.0,0.0,19.200812547881868,56.43506893284621,16.0,30.0,0.0,19.850040346373654,54.23058524020153,16.0,30.0,0.0,20.94919868684289,0.0,0.0,0.0,21.590742432630149,0.0,0.0,604.743347605592,596.4133978270018,602.6243691178562,814.3482045161682,611.5170870384134,742.5040396808056,726.6807237131864,662.9614177330285,663.0618288841585,0.0,82.0842680286224,82.0842680286224,162.0,0.0,162.0,162.0,16.0,19.0,16.0,16.0,16.0,12.0,21.0,10.0,1.0,0.0,0.0,0.0,0.0,0.0,0.0,0.0,0.0,0.0,0.0,0.0,0.0,82.0842680286224,82.0842680286224,0.0,0.0,0.0,82.0842680286224,0.0,0.0,0.005319 
 04/21  17:20:00,13.726666666666667,76.33333333333334,5.543333333333334,90.16666666666666,339.6666666666667,0.0,4.0,0.0,0.0,0.0,0.0,0.0,0.0,0.0,0.0,560.0,0.0,794.6175018847541,40.515784686662367,103.82073901581454,23.82638062352889,634.177518290328,0.0,40.51578468666234,55.38814936091628,0.0,0.0,20.912178484963108,174.01010504383886,22.359619777566587,-304.81684056137149,21.12769008897594,-51.16402267352737,21.466045392805115,-39.47934085571512,18.83049444597703,30.04775050062031,22.54353788550097,-290.02543408235536,19.990934151550968,191.9759295671788,19.006641377235256,117.21032381654476,19.88617534953306,211.2588168656248,272.1111287140402,-189.14338423261735,0.0,0.0,0.0,0.0,0.0,0.0,0.0,0.0,0.0,0.0,0.0,0.0,0.0,0.0,0.0,0.0,0.0,0.0,0.0,0.0,0.0,0.0,1.0300710384706402,0.31442949892266189,239.67876040051005,279.83319076106405,3655.043791031434,0.17128935565686607,0.026143064050193233,172.00638956515167,200.32974174851098,2758.2693881615598,2.3417872954371785,0.44251460609168166,76.51159596403726,89.46731112921887,1192.442821630311,0.07117489913579328,0.01344952742550893,19.096853325618974,22.19062076153977,309.54507442487695,0.0,0.0,7.7718724482656509,9.148872583775035,80.36091198056792,0.0,0.0,85.6805963781139,99.70872825795863,1436.737104166621,0.0,0.0,205.1804736617168,240.12577647762059,2795.3564426688665,0.0,0.0,26.447000062315629,31.07808080694313,292.7663314727831,0.0,0.0,89.99413238867737,105.49802422743507,1140.4743867489888,16.53765819043179,11.342701090831135,223.64327626173819,261.54015938045935,3393.4144330451047,0.0,0.0,107.9672272060553,125.9798303885919,1653.03953404601,0.0,21.406216745529208,48.598811434403547,21.0,30.0,0.0,21.848035596210854,47.28034368626433,16.0,30.0,0.0,21.351035086438296,49.82047589643143,21.0,30.0,0.0,21.909330836099664,54.45403693713473,19.0,30.0,0.0,18.89467353534372,57.27269874483713,12.0,30.0,0.0,22.213546628754537,47.73751421053757,16.0,30.0,0.0,20.580774360856674,52.57209001939687,10.0,30.0,0.0,19.266835094538128,57.36642405734203,16.0,30.0,0.0,20.09272726430583,54.71978638341042,16.0,30.0,0.0,20.86718988858935,0.0,0.0,0.0,21.44613192476968,0.0,0.0,601.3679191007423,597.2967755374847,655.5056061447067,1010.5492370728491,650.6419573288838,699.1305984332448,690.0738669175817,708.6125223191116,717.5361281748532,0.0,82.0842680286224,82.0842680286224,162.0,0.0,162.0,162.0,16.0,19.0,16.0,16.0,16.0,12.0,21.0,10.0,1.0,0.0,0.0,0.0,0.0,0.0,0.0,0.0,0.0,0.0,0.0,0.0,0.0,82.0842680286224,82.0842680286224,0.0,0.0,0.0,82.0842680286224,0.0,0.0,0.0052380000000000009 
 04/21  17:30:00,13.57,76.5,5.45,78.0,359.0,0.0,4.0,0.0,0.0,0.0,0.0,0.0,0.0,0.0,0.0,280.0,0.0,756.2772464562154,36.09463736216184,92.49168190353433,22.676751302649117,603.5784011494523,0.0,36.09463736216182,49.34410578012729,0.0,0.0,20.893449592984923,167.41766460002328,22.280999058980976,-364.8439317162847,20.989593854924665,22.083314710717788,21.47929832443824,-55.188605845031137,18.882897055350278,28.210785446651017,22.44785676221536,-229.27238801002933,20.007099792327638,167.6711046214432,19.044805596839944,115.68859124145001,19.945038358470144,159.44048945562555,255.42830773155948,-138.6893533661546,0.0,0.0,0.0,0.0,0.0,0.0,0.0,0.0,0.0,0.0,0.0,0.0,0.0,0.0,0.0,0.0,0.0,0.0,0.0,0.0,0.0,0.0,1.104131615966983,0.3370365128104344,217.21401552009997,252.76613353397969,3351.9141047924424,0.1706309502646886,0.02604257482672293,205.99637074989443,239.40953485245414,3315.8038589733148,2.5347007045935867,0.4789683871114111,49.23625856471128,57.29216518990186,777.6881459728103,0.029967451019191659,0.005662783639303033,25.58898405799011,29.66151903034875,421.184516044146,0.0,0.0,7.221649724751648,8.470561476218805,77.78643704798594,0.0,0.0,77.66699654352873,90.11889358637778,1307.669487920025,0.0,0.0,181.22102926477545,211.37041131399898,2517.266999913039,0.0,0.0,26.75443921370607,31.335949158763275,307.3091417203075,0.0,0.0,75.63314696377457,88.32317607398999,994.4116997627199,16.45581121230662,11.286564617494257,210.3389237574768,245.24331840056358,3224.4124337773148,0.0,0.0,92.49208279467502,107.57033558933894,1436.6160502654662,0.0,21.33200029704663,48.96255538394427,21.0,30.0,0.0,21.71159988838646,47.748067117026348,16.0,30.0,0.0,21.159089896694789,51.971352066099047,21.0,30.0,0.0,21.895227308381477,54.71520967641332,19.0,30.0,0.0,18.952161602474079,57.54953565805546,12.0,30.0,0.0,22.08549827286165,47.966625173746788,16.0,30.0,0.0,20.555107055214717,52.69339040329821,10.0,30.0,0.0,19.317902357579066,57.11363380276504,16.0,30.0,0.0,20.17170211505869,54.343080367062579,16.0,30.0,0.0,20.753023553278689,0.0,0.0,0.0,21.3922483863192,0.0,0.0,606.1886979146584,598.0834356376346,738.0992004473458,1016.8244148766647,668.4192282307979,689.6107100470302,689.6973963704131,703.0272874127402,710.9258993807591,0.0,82.0842680286224,82.0842680286224,162.0,0.0,162.0,162.0,16.0,19.0,16.0,16.0,16.0,12.0,21.0,10.0,1.0,0.0,0.0,0.0,0.0,0.0,0.0,0.0,0.0,0.0,0.0,0.0,0.0,82.0842680286224,82.0842680286224,0.0,0.0,0.0,82.0842680286224,0.0,0.0,0.005157 
 04/21  17:40:00,13.413333333333334,76.66666666666666,5.3566666666666669,69.83333333333333,325.83333333333339,0.0,4.0,0.0,0.0,0.0,0.0,0.0,0.0,0.0,0.0,280.0,0.0,653.1378852219073,32.06490288609165,82.16553551085721,19.58414573348341,521.2637364615509,0.0,32.06490288609164,43.835153238011397,0.0,0.0,20.868793463304195,141.3069570033549,22.208953478284767,-326.12137014990096,20.898596794927994,20.03553045668241,21.492349617414904,-61.943098103643027,18.91938910593639,26.552547850529437,22.357882532846675,-214.68836789813259,20.030303512432036,162.86335956624317,19.06695945900141,108.65960673283178,19.963755704113639,127.730411119785,246.19861958561433,-111.65477789232819,0.0,0.0,0.0,0.0,0.0,0.0,0.0,0.0,0.0,0.0,0.0,0.0,0.0,0.0,0.0,0.0,0.0,0.0,0.0,0.0,0.0,0.0,1.1164338101295826,0.34079176133381647,189.69385314131837,220.8072141001834,2958.906076731073,0.18151895485354439,0.027704358188880404,186.22505723275078,216.4569604949895,3035.8754146004077,2.644695964095487,0.49975358354034168,28.23991939578117,32.86161387498515,466.4727564767564,0.020572758658174058,0.003887520532534779,27.576725352253946,31.967309687415765,462.01854749100837,0.0,0.0,7.097297927479586,8.32347671395053,79.11508656305287,0.0,0.0,75.82467518468228,88.00780850968138,1288.41105753057,0.0,0.0,171.23466258930203,199.7274440393302,2431.787356723794,0.0,0.0,26.571419219344376,31.120347864547779,314.5456453823664,0.0,0.0,67.45498161416437,78.77141459678393,909.0100903993775,16.494770803543437,11.313285873486585,192.14302655370458,224.09786244827826,2992.6395721795636,0.0,0.0,83.59352007877559,97.25686452907506,1308.4656356626034,0.0,21.25083357146925,49.17024903655411,21.0,30.0,0.0,21.65609679096209,48.21943591308245,21.0,30.0,0.0,21.040275989423188,53.851586988909577,21.0,30.0,0.0,21.890899850511237,54.63057660038554,19.0,30.0,0.0,18.98460202871313,57.649312479193088,12.0,30.0,0.0,22.005048519560014,48.1357934501618,16.0,30.0,0.0,20.555193293289073,52.64226350614153,10.0,30.0,0.0,19.33812331645903,56.96550327574342,16.0,30.0,0.0,20.18037170988547,54.31593533467761,16.0,30.0,0.0,20.657697040483599,0.0,0.0,0.0,21.29377216451364,0.0,0.0,601.8659859516099,613.9261650011678,815.6725229103379,1009.0173309170846,675.7490878901584,684.8016943395334,685.8160367993551,698.1381723036736,709.6214567079816,0.0,82.0842680286224,82.0842680286224,162.0,0.0,162.0,162.0,21.0,19.0,16.0,16.0,16.0,12.0,21.0,10.0,1.0,0.0,0.0,0.0,0.0,0.0,0.0,0.0,0.0,0.0,0.0,0.0,0.0,82.0842680286224,82.0842680286224,0.0,0.0,0.0,82.0842680286224,0.0,0.0,0.005076 
 04/21  17:50:00,13.256666666666666,76.83333333333334,5.263333333333334,61.66666666666667,292.6666666666667,0.0,4.0,0.0,0.0,0.0,0.0,0.0,0.0,0.0,0.0,280.0,0.0,555.5630776355062,28.094295537448717,71.99091108595823,16.6583921366368,443.3900994940752,0.0,28.0942955374487,38.40703196179716,0.0,0.0,20.863669159639515,139.97777147178022,22.108824967259474,-344.5114402312138,20.854356258778226,29.37512545241225,21.503278816543394,-68.27765962291119,18.95029627004253,24.958336638287393,22.267751574437367,-198.47946154330658,20.03946255279969,150.30060643339767,19.08049078120733,101.67399243456942,19.972919159557699,116.76916530119797,247.454526628846,-90.96593199842755,0.0,0.0,0.0,0.0,0.0,0.0,0.0,0.0,0.0,0.0,0.0,0.0,0.0,0.0,0.0,0.0,0.0,0.0,0.0,0.0,0.0,0.0,1.149209084880877,0.35079642395631169,220.47418485971284,256.6291885819502,3490.6587845816159,0.1838590046887767,0.028061508652133198,198.46628385293543,230.76233777409599,3258.1978605926849,2.6266083458145759,0.4963356662536993,41.65347923245118,48.483732087989789,679.1852547067123,0.017442348888056234,0.0032959842947952058,28.10513048245571,32.58111959327489,479.37579623730479,0.0,0.0,6.8835733796477,8.072040413523187,79.20392902695116,0.0,0.0,73.86064712772839,85.75057428886446,1267.7531348938897,0.0,0.0,166.47138845323557,194.1898244956687,2408.8487060471604,0.0,0.0,26.196182600652724,30.681224932818407,318.58452947017937,0.0,0.0,66.15301194005873,77.25297258226597,911.7716430534845,16.64758090713957,11.418093900644428,204.76190703208895,238.8505638046229,3226.5359541600898,0.0,0.0,81.62529914521444,95.00688728400235,1284.721267980611,0.0,21.215989254319316,49.88857807283596,21.0,30.0,0.0,21.554872404024338,48.60296395678052,21.0,30.0,32.034976847696707,21.001187819613209,53.46765647663477,21.0,30.0,0.0,21.888334654008756,54.56973063086002,19.0,30.0,0.0,19.008435822989339,57.68791803835257,12.0,30.0,0.0,21.93343738878636,48.322967581087088,16.0,30.0,0.0,20.533368649790835,52.68152965600349,10.0,30.0,0.0,19.344149573051558,56.85553138313725,16.0,30.0,0.0,20.17821364954746,54.29818740638785,16.0,30.0,0.0,20.61543186077607,0.0,0.0,0.0,21.177650056302665,0.0,0.0,633.5752740674539,618.5686816992599,787.7468976937004,1004.3987072942728,679.3530203752271,682.1580048173707,682.8917933620576,692.8875853838327,707.1039441379087,9290.93607613878,81.86163245005625,81.86163245005625,162.0,0.0,162.0,162.0,21.0,19.0,16.0,16.0,16.0,12.0,21.0,10.0,1.0,0.0,0.0,0.0,32.034976847696707,0.0,0.0,0.0,0.0,0.0,0.0,0.0,0.0,81.86163245005625,81.86163245005625,0.34,0.6178268378484593,0.36028137401965956,81.86163245005625,0.3542647819438875,0.0,0.0050669999999999998 
 04/21  18:00:00,13.1,77.0,5.17,53.5,259.5,0.0,4.0,0.0,0.0,0.0,0.0,0.0,0.0,0.0,0.0,1124.0,0.0,464.14051370617428,24.185347402645797,61.97429713367116,13.917112113368756,370.4265194053464,0.0,24.185347402645787,33.06320350558036,0.0,0.0,20.950015948922095,212.82447980221037,22.0654557062223,-185.8772971688294,21.364607365432304,-363.4476222328053,21.522507716675699,-50.245482791155058,18.97594437538958,23.836181576285015,22.180518531237504,-190.28865759747453,20.051757107956463,143.0159055792326,19.084845834390799,88.76837800930554,19.973728260245836,94.57173530770456,273.4701567346924,-74.03820550066917,0.0,0.0,0.0,0.0,0.0,0.0,0.0,0.0,0.0,0.0,0.0,0.0,0.0,0.0,0.0,0.0,0.0,0.0,0.0,0.0,0.0,0.0,1.1859267145408137,0.362004491618075,258.0428883966264,301.58366357157356,4246.178137438484,0.22144128375797163,0.03379750973107015,121.82980153154662,142.37652782309363,2045.3309472616377,2.198462870440514,0.4154313814135515,159.79848882312488,186.38355039909278,2798.0830419896849,0.0723106056608584,0.013664135612407102,20.46165363545333,23.85306934393499,356.697313438699,0.0,0.0,7.04233956916861,8.297117623202979,83.3540840715806,0.0,0.0,71.12545420987104,82.99336906211868,1234.8531291835294,0.0,0.0,166.6149234627718,195.28611060249669,2457.5929637310925,0.0,0.0,25.555829139596285,30.07661343337282,318.0478061688076,0.0,0.0,65.20948888163339,76.52029649008114,916.4587870930418,17.273660633552035,11.847503863890289,236.40041108268412,277.004490895072,3820.9639694949985,0.0,0.0,80.98299485368237,94.7485895992493,1277.7698140526337,0.0,21.365688524562285,50.26097024304254,21.0,30.0,0.0,21.592200241273205,49.246799378406688,21.0,30.0,985.6079048297229,21.883397277738586,49.04796248295315,21.5,30.0,0.0,21.905540537369764,55.38296262426905,19.0,30.0,0.0,19.0215893767526,57.69929722070447,12.0,30.0,0.0,21.881304559483924,48.53482475286529,16.0,30.0,0.0,20.522824416922697,52.890635043249179,10.0,30.0,0.0,19.334196149754506,56.83757719736112,16.0,30.0,0.0,20.162965862609228,54.267414728046208,16.0,30.0,0.0,20.687205967139218,0.0,0.0,0.0,21.04282908977269,0.0,0.0,678.778588493833,660.0232611704937,698.0169892771762,1052.678909017468,680.6415855396158,683.83211708002,689.7008164385527,689.1771245904253,701.7466450872348,4759.202505220813,82.7177074022588,84.49592960104451,162.0,0.0,162.0,162.0,21.0,19.0,16.0,16.0,16.0,12.0,21.0,10.0,1.0,0.0,0.0,0.0,985.6079048297229,0.0,0.0,0.0,0.0,0.0,2691.0679840286686,1614640.7904172012,2105954.6229627255,82.7177074022588,84.52612971727247,0.17470226613428897,0.38241318853956199,0.18014068700982978,84.52612971727247,0.17713239097194376,2105954.6229627255,0.11456764039406173 
 04/21  18:10:00,12.876666666666666,77.83333333333334,5.158333333333333,45.33333333333333,226.33333333333332,0.0,0.0,0.0,0.0,0.0,0.0,4.0,0.0,0.0,0.0,843.0,0.0,379.464583189884,20.340359639793126,52.12159037130352,11.37812814647837,302.8473722728153,0.0,20.340359639793115,27.806813726959413,0.0,0.0,20.934991429297364,70.70446418977736,22.275689932168793,-38.63149967174962,21.052090448334849,-21.41394689824604,21.266185362603275,-189.08503580730395,19.003366721284615,22.83304144345982,22.077404602636919,-173.43595803130743,20.067775261360809,140.17781036665657,19.083515459272588,84.7941645362207,19.96555103699667,86.47524372187915,320.2464796135555,-54.278044583382328,0.0,0.0,0.0,0.0,0.0,0.0,0.0,0.0,0.0,0.0,0.0,0.0,0.0,0.0,0.0,0.0,0.0,0.0,0.0,0.0,0.0,0.0,1.1854273765651127,0.3618520685485692,218.45742460931565,255.22236788437645,3653.066301461411,0.16680034976945669,0.025457928841492167,16.647334177600187,19.362269862725318,305.33640215471805,2.3629258957224037,0.44650905059002346,349.1552976107927,407.39086886423356,5855.019084546173,0.17050298291649114,0.0322190065979764,228.77560802867419,267.08774915448717,3885.4476305002806,0.0,0.0,7.047246749864103,8.298626222422744,86.82503198172549,0.0,0.0,70.15563353747067,81.83822394915986,1238.4508228379849,0.0,0.0,172.7577953049497,202.37564609278216,2623.9454886011296,0.0,0.0,26.261146581256278,30.891110980849285,337.7384482271382,0.0,0.0,68.82913868394441,80.73477080096447,994.5730844264269,17.667666911625714,12.117741365998436,344.20981608345996,402.4511681652533,5736.220470807104,0.0,0.0,85.91719284294546,100.52143514322924,1368.3347121745824,0.0,21.28386852134535,52.550502474358697,21.0,30.0,0.0,22.02886750604587,51.22788405780882,21.0,30.0,0.0,21.332560029284499,54.100610519662499,21.0,30.0,0.0,21.467088539888878,51.81182419426291,16.0,30.0,0.0,19.041209362624657,57.74479372929436,12.0,30.0,0.0,21.80222693184873,48.982787310081977,16.0,30.0,0.0,20.5197230437128,53.38482225877543,10.0,30.0,0.0,19.318634980092026,56.913641767452677,16.0,30.0,0.0,20.13770386425563,54.25148879067221,16.0,30.0,0.0,20.876755970886433,0.0,0.0,0.0,20.889013474839858,0.0,0.0,787.8793388049014,848.1673863925626,879.4423541095134,778.7138871404229,683.6517441044117,693.6990051878095,712.6022800249017,688.0792207928229,695.0032826908657,0.0,83.72432997061816,83.72432997061816,240.0,0.0,240.0,240.0,21.0,16.0,16.0,16.0,16.0,12.0,21.0,10.0,1.0,0.0,0.0,0.0,0.0,0.0,0.0,0.0,0.0,0.0,0.0,0.0,0.0,83.72432997061816,83.72432997061816,0.0,0.0,0.0,83.72432997061816,0.0,0.0,0.007480000000000002 
 04/21  18:20:00,12.653333333333335,78.66666666666667,5.1466666666666669,37.166666666666667,193.16666666666667,0.0,0.0,0.0,0.0,0.0,0.0,4.0,0.0,0.0,0.0,564.0,0.0,302.12276787236427,16.561352073909619,42.43796656891535,9.059055580030876,241.12152092455256,0.0,16.56135207390961,22.640623879867716,0.0,0.0,21.273650572628019,-396.6376410352441,22.48341031609001,-116.56187985559257,20.92349850910177,50.7836304067514,21.076852916760069,-58.65444313380948,19.027425979533157,21.093516296002308,21.981896898348297,-154.10080082001674,20.078382069767235,135.99773743247216,19.083037962308024,81.47169727659781,19.95657312290122,83.02386587470369,242.11836668896377,-33.552492580925449,0.0,0.0,0.0,0.0,0.0,0.0,0.0,0.0,0.0,0.0,0.0,0.0,0.0,0.0,0.0,0.0,0.0,0.0,0.0,0.0,0.0,0.0,1.1752569734218739,0.3587475498845769,189.97589222307836,221.03588099989777,3466.13022651396,0.05506315695054972,0.008404022733600385,31.138615171881626,36.149899937677549,601.7308217045685,2.7582160519096909,0.5212048472996395,202.82134289014364,236.46398700283997,3444.8427206387966,0.23451541973532678,0.04431508309435501,46.54766861256834,54.206071393014479,784.7887247260838,0.0,0.0,6.780575621902237,7.975589940441665,86.80414728462555,0.0,0.0,69.41665871496213,80.90313497500969,1246.4679279023954,0.0,0.0,178.85219685265344,209.29755662568022,2794.0625940719216,0.0,0.0,27.16373040292888,31.921590825684477,360.845759071624,0.0,0.0,74.77766717682955,87.635514430422,1110.7554732710019,17.86416107213468,12.252511023411995,204.23440719193727,238.61107499277589,3467.964092867899,0.0,0.0,92.65434380877291,108.35208954436581,1489.9094871719295,859.9109880352459,21.764755860792535,51.26528640243385,21.5,30.0,0.0,22.435711540308679,52.19881364627631,21.0,30.0,0.0,21.1086599634089,52.550178311436059,21.0,30.0,0.0,21.19229432430502,51.541794101112717,16.0,30.0,0.0,19.058639155351327,57.855389800896038,12.0,30.0,0.0,21.728485975603648,49.70905280024237,16.0,30.0,0.0,20.513244667559478,53.65416723524928,10.0,30.0,0.0,19.30640149020884,57.10950001096999,16.0,30.0,0.0,20.115889591585785,54.40597137035745,16.0,30.0,0.0,20.472044445640188,0.0,0.0,0.0,20.73752155996086,0.0,0.0,800.8532998465786,970.3150524913772,758.3123007852323,719.1338145046852,689.5600617253443,719.8483482975082,724.0645448863953,693.2788410561627,697.4184648425407,7775.711224282153,82.86341586297783,82.86341586297783,240.0,0.0,240.0,240.0,21.0,16.0,16.0,16.0,16.0,12.0,21.0,10.0,1.0,0.0,859.9109880352459,0.0,0.0,0.0,0.0,0.0,0.0,0.0,0.0,0.0,0.0,82.86341586297783,82.86341586297783,0.34,0.769160282237149,0.36028137401965956,82.86341586297783,0.3542647819438875,0.0,0.007533333333333334 
 04/21  18:30:00,12.43,79.5,5.135,29.0,160.0,0.0,0.0,0.0,0.0,0.0,0.0,4.0,0.0,0.0,0.0,282.0,0.0,232.67368408228294,12.849783317034686,32.927163372698029,6.97664423565333,185.69479091231626,0.0,12.849783317034678,17.566627997547454,0.0,0.0,21.49710110425565,-788.0597591346959,22.60513581173013,-137.0855974820763,21.045608690727684,287.9131416164455,20.957879047734847,23.742958246569289,19.054577549710097,21.886282000463497,21.876604386538746,-137.0848250936424,20.149818307473028,157.00640286576164,19.085008464087865,82.296206032609,19.948824728540733,85.25798588593944,298.1514756505676,-4.685946135854465,0.0,0.0,0.0,0.0,0.0,0.0,0.0,0.0,0.0,0.0,0.0,0.0,0.0,0.0,0.0,0.0,0.0,0.0,0.0,0.0,0.0,0.0,1.0888648126356189,0.3323763164333391,302.869608429535,351.4780537673339,5759.100645704519,0.0,0.0,33.48841839844373,38.72076839160422,675.8594623962036,3.187384856539063,0.6023025050149403,265.508047331092,308.7300008763886,4770.295647855687,0.2908861122642678,0.05496714139536427,132.1155797235158,153.76740409036484,2259.7526823390805,0.0,0.0,7.264675194347087,8.51676249494695,96.60068836636234,0.0,0.0,67.15939116523943,78.03074817166855,1225.5171204777412,0.0,0.0,191.208407565339,222.9683439991268,3110.762389731226,0.0,0.0,28.83556225530523,33.779053066420399,395.7831751818917,0.0,0.0,81.96100496935432,95.74765565167609,1251.8929202008356,18.47439629344759,12.6710536992096,281.8853397496491,328.6786301957923,4856.2232860873359,0.0,0.0,100.72480012558694,117.46306755190222,1634.7256027399849,1004.8064885937622,22.02991584207637,48.91105351411799,22.0,30.0,0.0,22.67594553953758,52.310163512897869,21.0,30.0,0.0,21.405808984664956,51.350846844570579,21.0,30.0,0.0,21.047625980323148,53.57432801851757,16.0,30.0,0.0,19.08100622783341,58.10122431136213,12.0,30.0,0.0,21.645163820813356,50.51083439248721,16.0,30.0,0.0,20.614859873416575,53.28155652450571,10.0,30.0,0.0,19.301031974306509,57.43540950357748,16.0,30.0,0.0,20.099658704738457,54.78982938256105,16.0,30.0,0.0,20.591031318692477,0.0,0.0,0.0,20.580744206099764,0.0,0.0,716.0961347885052,1009.4352311997673,746.1166748554864,802.5595688351585,702.5046997895386,748.0395480249299,720.7604775232683,706.0195383899119,712.175849009622,2975.585178312077,86.03544492896086,86.03544492896086,240.0,0.0,240.0,240.0,21.0,16.0,16.0,16.0,16.0,12.0,21.0,10.0,1.0,0.0,1004.8064885937622,0.0,0.0,0.0,0.0,0.0,0.0,0.0,0.0,0.0,0.0,86.03544492896086,86.03544492896086,0.34,0.770656113667328,0.36028137401965956,86.03544492896086,0.3542647819438875,0.0,0.007586666666666666 
 04/21  18:40:00,12.206666666666667,80.33333333333333,5.123333333333333,24.166666666666669,133.33333333333335,0.0,0.0,0.0,0.0,0.0,0.0,4.0,0.0,0.0,0.0,1410.0,0.0,171.75783504893043,10.48008802238373,26.85487509519182,5.150103246753337,137.07840410940526,0.0,10.480088022383726,14.327074871893796,0.0,0.0,21.14001410950401,-192.38657921219957,22.614960677579718,-201.409782166289,20.993417256430115,18.772687192469229,20.946908414238949,90.97977482262978,19.07582073789546,20.46625149212442,21.799213744465779,-109.2022379796823,20.148572458616827,106.51497003039185,19.77176111183631,4.814734860062373,19.942052352217986,69.78317672544091,266.39172221052766,37.35924766757116,0.0,0.0,0.0,0.0,0.0,0.0,0.0,0.0,0.0,0.0,0.0,0.0,0.0,0.0,0.0,0.0,0.0,0.0,0.0,0.0,0.0,0.0,1.2343202025494298,0.3767766186048321,154.71150606376606,181.09082297344248,2838.903268988817,0.0,0.0,43.89729789882995,51.03139183016913,907.5367969531891,2.9293014914552355,0.5535339175085483,158.15913435873427,185.13417840954004,2899.4294912501388,0.2743810191029998,0.05184826513662127,162.4167622766599,190.18562199020213,2857.248212588608,0.0,0.0,6.520245615634559,7.684559563700132,89.67212198376822,0.0,0.0,65.47058856577874,76.47851515921694,1218.762300873243,0.0,0.0,177.49531468553449,208.13265728259416,2948.7376763289228,0.0,0.0,14.064064899477068,16.533642390510498,226.66399010210606,0.0,0.0,93.04101378620232,109.25377648856653,1458.7444787106074,18.572320601445033,12.738217147767518,173.02736970272387,203.21204948171354,3078.4931964368008,0.0,0.0,98.75613862794894,115.85955711374005,1616.5424453406095,0.0,21.351708055795965,52.19273843476585,21.0,30.0,0.0,22.71136277379898,52.15244583744246,21.0,30.0,0.0,21.286722662584955,51.74588347218453,21.0,30.0,0.0,21.083594173653269,52.6066199406867,16.0,30.0,0.0,19.09178904379419,58.24095523103691,12.000000000000002,30.0,0.0,21.613901499658579,50.793928285853549,19.0,30.0,0.0,20.568638001310466,53.824080835168519,10.0,30.0,708.1267620913156,20.477189899009045,53.62289156514369,20.5,30.0,0.0,20.085311307377319,55.12185275946579,16.0,30.0,0.0,20.281110992253976,0.0,0.0,0.0,20.42900018932063,0.0,0.0,780.7777750610884,1004.4159243631232,747.1839117928732,757.8589815218156,709.5899696418408,755.94890922331,739.2411628626692,716.2049843439489,724.7432354939165,4096.549028375712,84.49537968167339,84.49537968167339,240.0,0.0,240.0,240.0,21.0,16.0,19.0,16.0,19.7,12.0,21.0,10.0,1.0,0.0,0.0,0.0,0.0,0.0,0.0,0.0,708.1267620913156,0.0,0.0,0.0,0.0,84.49537968167339,84.49537968167339,0.272,0.6131952680179562,0.28822509921572767,84.49537968167339,0.28341182555511,0.0,0.00764 
 04/21  18:50:00,11.983333333333335,81.16666666666667,5.111666666666666,19.333333333333337,106.66666666666669,0.0,0.0,0.0,0.0,0.0,0.0,4.0,0.0,0.0,0.0,566.0,0.0,117.00788923799542,8.174365660076143,20.94652385210397,3.508445082583775,93.3829722079951,0.0,8.17436566007614,11.17497759484565,0.0,0.0,21.347924265577068,-384.6676173672581,22.59242714110605,-222.26665924564885,20.85879499566277,67.18889939710698,20.91146104225347,42.428122665224808,19.100737869086318,19.551291339005119,21.70679652964502,-104.59344710162577,20.122178364311745,117.56202474592647,19.63713313464896,2.240249016358021,19.92320798038383,56.044151487371667,269.8545744960211,61.61435755316006,0.0,0.0,0.0,0.0,0.0,0.0,0.0,0.0,0.0,0.0,0.0,0.0,0.0,0.0,0.0,0.0,0.0,0.0,0.0,0.0,0.0,0.0,1.2737732878800819,0.38881968494508,163.93624313770213,190.84842639768557,3201.442499337916,0.0,0.0,45.772978214695687,53.123613545852837,966.6380278032897,3.003759404074609,0.567603817852345,154.8928574747635,180.83650076806004,2835.547967014474,0.2714221546475909,0.05128914486915927,81.58373867067543,95.54911165583417,1471.1367499789563,0.0,0.0,6.440995821540905,7.574747129786494,91.72425959483005,0.0,0.0,66.05021232144179,77.02094424518262,1250.437017653794,0.0,0.0,170.53317971650604,199.57479666361429,2889.92220513366,0.0,0.0,7.484981412876035,8.763292586390346,121.15221631175185,0.0,0.0,89.98458989617193,105.49378108652053,1445.5306181401152,18.744435224432935,12.856265586030823,169.44962598233568,198.40700412253217,3089.2221029721429,0.0,0.0,92.51977296083084,108.38247080011067,1521.5322913683872,803.0199460319526,21.72541271021841,50.717885061004498,21.5,30.0,0.0,22.711073318952928,51.634483584737029,21.0,30.0,0.0,21.054323422110849,52.89290610285478,21.0,30.0,0.0,21.046912859840668,52.93060839057772,16.0,30.0,0.0,19.111163296413698,58.557464093261348,12.0,30.0,0.0,21.54507736023322,51.30311471515496,19.0,30.0,0.0,20.510110801912757,54.26112076033159,10.0,30.0,0.0,20.151332847124225,54.86109734976289,19.7,30.0,0.0,20.05218994135362,55.460716566367938,16.0,30.0,0.0,20.256668694847855,0.0,0.0,0.0,20.2364861247845,0.0,0.0,765.2886779509634,973.5207471105457,768.3356641060625,768.0509088289342,725.3837619574724,769.8628770283898,750.4529551962658,722.9451632872213,734.5091163196171,6620.157369803279,83.62725151875014,83.62725151875016,240.0,0.0,240.0,240.0,21.0,16.0,19.0,16.0,19.7,12.0,21.0,10.0,1.0,0.0,803.0199460319526,0.0,0.0,0.0,0.0,0.0,0.0,0.0,0.0,0.0,0.0,83.62725151875014,83.62725151875014,0.34,0.76779160887914,0.36028137401965956,83.62725151875014,0.3542647819438875,0.0,0.00768 
 04/21  19:00:00,11.76,82.0,5.1,14.5,80.0,0.0,0.0,0.0,0.0,0.0,0.0,4.0,0.0,0.0,0.0,566.0,0.0,72.84491352544464,5.947250123796057,15.23960809841104,2.1842330949695194,58.136899528017938,0.0,5.947250123796055,8.130341808534278,0.0,0.0,21.19002814495736,-172.71429421060589,22.57003204806822,-195.82326941387283,20.89371672654735,146.70723760031025,20.8950839839601,99.0517555664942,19.12297329312313,17.827616229233713,21.618188449956038,-88.56952972606314,20.13128152696561,104.18356901398102,19.435847282617745,11.276818157175058,19.88741757980856,28.573968546592825,279.70642756645887,109.33422125101402,0.0,0.0,0.0,0.0,0.0,0.0,0.0,0.0,0.0,0.0,0.0,0.0,0.0,0.0,0.0,0.0,0.0,0.0,0.0,0.0,0.0,0.0,1.2554537088884477,0.38322762786582656,180.22397383076734,210.75172071773208,3396.3707802166525,0.0,0.0,43.0757928211484,49.966786157738869,929.9466125022807,3.0770913120974816,0.5814609433290784,176.185996290232,205.96112852181626,3341.595749840939,0.29273872365097899,0.05531721913283803,175.13919534606749,204.7546874278049,3229.8582588495885,0.0,0.0,6.465660696968191,7.6043376864680429,95.14007429020056,0.0,0.0,61.41581711633992,71.62401740189617,1182.330735092658,0.0,0.0,185.25608761436244,216.8543645120992,3217.476130311731,0.0,0.0,19.629774984436144,23.040815854940136,314.01675601834907,0.0,0.0,94.42725026110915,110.7269456728441,1547.5982047902929,19.226746879503609,13.187069190331698,192.13163927513706,225.26980496889269,3575.115811454926,0.0,0.0,108.00819512503549,126.61506092290199,1792.3923183436462,0.0,21.202369241919226,52.88676402940004,21.0,30.0,0.0,22.726714957475758,51.96331628585655,21.0,30.0,0.0,21.1532646120069,52.183493242132097,21.0,30.0,0.0,21.058731413822579,52.638423561125708,16.0,30.0,0.0,19.126069183053976,58.752333123202138,12.0,30.0,0.0,21.481351966740094,51.63017124817917,19.0,30.0,0.0,20.49718701072578,54.43078142052279,10.0,30.0,0.0,19.77937640615344,56.51302957836539,19.7,30.0,0.0,19.99040786720014,56.00548092722928,16.0,30.0,0.0,20.256851567331034,0.0,0.0,0.0,20.08309025225259,0.0,0.0,792.3827472832363,994.2646794739981,750.2795732805369,757.026341712894,735.3976833401923,775.4160324193031,755.8069532724809,739.0176728801487,748.9455297917377,0.0,83.03424474223248,83.03424474223248,240.0,0.0,240.0,240.0,21.0,16.0,19.0,16.0,19.7,12.0,21.0,10.0,1.0,0.0,0.0,0.0,0.0,0.0,0.0,0.0,0.0,0.0,0.0,0.0,0.0,83.03424474223248,83.03424474223248,0.0,0.0,0.0,83.03424474223248,0.0,0.0,0.00772 
 04/21  19:10:00,11.603333333333334,82.33333333333334,5.115,0.0,0.0,0.0,0.0,1.0,2.0,0.0,0.0,4.0,0.0,0.0,0.0,283.0,0.0,0.0,0.0,0.0,0.0,0.0,0.0,0.0,0.0,0.0,0.0,21.02138651396414,-108.51069901352548,22.49869379407275,-239.17244479771308,20.815991241349616,33.06073210600607,20.822846729674887,17.404858511186377,19.141673054200028,15.24188353420169,21.683097481404248,10.611014586347324,19.988015026883067,22.519927704660405,19.400060746099699,14.009188348772569,19.850667691637534,31.30322934627884,248.3032662140131,121.20410130135906,0.0,0.0,0.0,0.0,0.0,0.0,0.0,0.0,0.0,0.0,0.0,0.0,0.0,0.0,0.0,0.0,0.0,0.0,0.0,0.0,0.0,0.0,1.35655681190626,0.41408938092376687,141.66498910753723,164.9759143493661,2663.5281979861508,0.0,0.0,47.963937451231128,55.48675692664099,1045.2548972664523,3.095624764450306,0.5849631074169137,118.13218548670028,137.54338333495165,2257.247807862692,0.27496314860805207,0.051958266932738469,14.660240801819653,17.07295844132825,276.4719831182848,0.0,0.0,4.894673222668976,5.736909455659985,73.7262246685827,0.0,0.0,9.702596184323273,11.262030145851983,193.66219230830672,0.0,0.0,120.79386579488481,141.05379015462459,2067.5036185733749,0.0,0.0,19.271874454493266,22.537381441046283,311.3006729249838,0.0,0.0,85.94427442714138,100.45846870324866,1426.7233919897249,19.05890197229652,13.071949226540829,132.37493988800723,154.66520829842953,2559.8716364492136,0.0,0.0,99.60407487618966,116.4386862127644,1647.3360599514688,97.39942389398783,21.003967720055287,52.94175518672317,21.0,30.0,0.0,22.664766138583326,51.436589464589527,21.0,30.0,55.02499908540541,21.001906875843166,53.76354292032383,21.0,30.0,0.0,20.945389363273468,53.83417375660987,16.0,30.0,0.0,19.139653321620874,59.06142832057868,12.0,30.0,0.0,21.682440224090489,54.52451072396576,19.0,30.0,0.0,20.201044579599004,55.67837957377583,10.0,30.0,33.383305676309138,19.70206152859422,58.410126192861067,19.7,30.0,0.0,19.93398872163058,56.27442714347267,16.0,30.0,0.0,20.12039795544736,0.0,0.0,0.0,19.88832926747453,0.0,0.0,764.6255538399082,956.5377639439048,803.8339389280808,797.2818740168417,750.1049006842262,970.469924760274,766.7083027452858,835.7410741801609,751.7779271464829,7791.85728547717,82.85277757247855,82.85277757247855,270.0,0.0,270.0,270.0,21.0,16.0,19.0,16.0,19.7,12.0,21.0,10.0,1.0,0.0,97.39942389398783,0.0,55.02499908540541,0.0,0.0,0.0,33.383305676309138,0.0,0.0,0.0,0.0,82.85277757247855,82.85277757247855,0.34,0.6163078031082784,0.36028137401965956,82.85277757247855,0.3542647819438875,0.0,0.008730000000000002 
 04/21  19:20:00,11.446666666666668,82.66666666666667,5.130000000000001,0.0,0.0,0.0,0.0,1.0,2.0,0.0,0.0,4.0,0.0,0.0,0.0,1136.0,0.0,0.0,0.0,0.0,0.0,0.0,0.0,0.0,0.0,0.0,0.0,21.571976024756049,-286.0232424788855,22.474647696402515,-176.84939448190455,21.29595928614096,-422.5643101613973,20.90208356726773,288.6912232173469,19.160134781358118,12.172624308047319,21.716497088127914,-1.4050738339913096,19.991264981293555,90.23224028964035,19.917892785381317,-15.36936470887423,19.813832133291965,-16.578264164160716,327.9734147903948,108.1539348976562,0.0,0.0,0.0,0.0,0.0,0.0,0.0,0.0,0.0,0.0,0.0,0.0,0.0,0.0,0.0,0.0,0.0,0.0,0.0,0.0,0.0,0.0,1.254699818361667,0.3829975025524015,127.09788912251912,148.2359352368027,2633.152945125766,0.04401012340211839,0.006717051801300122,37.37725958149921,43.490989877588429,826.5831753012369,2.9133854073157368,0.5505263430301848,226.77800007310584,264.6588111377627,4683.572212373793,0.3040950787677631,0.0574631668117466,231.45664031650723,270.5687139214135,4469.291244492002,0.0,0.0,5.656252544310284,6.6615328135562079,86.99222217136588,0.0,0.0,9.957321062371746,11.615599967958506,203.25571306395234,0.0,0.0,105.60252531493649,123.88873817839098,1846.119927731871,0.0,0.0,14.607253708714233,17.111702235682608,265.80598687334875,0.0,0.0,76.7526825536383,90.13989570382057,1288.3152594551803,19.729760798809445,13.53207187847013,244.58931443772458,286.8190939661883,4685.308756432524,0.0,0.0,78.83299790956012,92.66226717883349,1292.929667273219,627.6131312883335,21.889023704473006,50.499262114452147,21.5,30.0,0.0,22.668543231310374,51.92703746235642,21.0,30.0,1000.1051271837795,21.786672191641008,50.53628293544658,21.5,30.0,0.0,21.14907094696209,52.732488855245737,16.0,30.0,0.0,19.14700243075975,59.19994768244265,12.0,30.0,0.0,21.76509499675012,55.747407144864357,19.0,30.0,0.0,20.23135436841021,55.64993707548287,10.0,30.0,516.0838249732557,20.60711317919081,55.91302138021671,20.45,30.0,0.0,19.877071107384898,56.72558047001112,16.0,30.0,0.0,20.345316341896465,0.0,0.0,0.0,19.659441170675234,0.0,0.0,785.0866800554678,985.5053415775292,770.6320017906379,778.6804736940352,757.1765498549358,1052.869833481841,771.4067863279804,877.9945336326036,763.7420637621581,7138.678155289467,81.61022169884586,81.61022169884588,270.0,0.0,270.0,270.0,21.0,16.0,19.0,16.0,19.7,12.0,21.0,10.0,1.0,0.0,627.6131312883335,0.0,1000.1051271837795,0.0,0.0,0.0,516.0838249732557,0.0,0.0,0.0,0.0,81.61022169884586,81.61022169884586,0.255,0.5780411945151242,0.27021103051474468,81.61022169884586,0.2656985864579156,0.0,0.00885 
 04/21  19:30:00,11.29,83.0,5.145,0.0,0.0,0.0,0.0,1.0,2.0,0.0,0.0,4.0,0.0,0.0,0.0,570.0,0.0,0.0,0.0,0.0,0.0,0.0,0.0,0.0,0.0,0.0,0.0,21.134023629242429,-54.64322554020737,22.467969319160944,-188.46662290098608,20.97105761077487,-35.584347876414089,20.954997469155587,62.40723690618415,19.18223722689337,12.03881579655011,21.758375658141298,1.59301113399286,19.997074778002415,44.61660432580811,19.781672715232437,-4.135052777782221,19.751925554232029,-25.25269009209751,319.2608470931641,154.01126029723629,0.0,0.0,0.0,0.0,0.0,0.0,0.0,0.0,0.0,0.0,0.0,0.0,0.0,0.0,0.0,0.0,0.0,0.0,0.0,0.0,0.0,0.0,1.3474640450749734,0.41131381107294676,119.88154245827616,140.11476398035263,2372.678191302133,0.025770449155701638,0.0039332187356076989,42.14347767640921,48.89574337348864,946.452257344984,2.9976868350484024,0.5664563180363573,176.98317406763653,206.96918108058146,3533.5343436002337,0.28468968403827479,0.05379623659075486,183.7452587207173,214.85809244544783,3631.723792757853,0.0,0.0,5.305197865092317,6.240662630922855,83.43181479324913,0.0,0.0,10.570200997393192,12.296136700633328,221.2385484852709,0.0,0.0,110.15082621921967,129.06976980274858,1957.1140208515229,0.0,0.0,13.123094551943439,15.372608653243237,235.07939002406375,0.0,0.0,88.28538986636508,103.58256918259932,1493.9051224294697,19.724077532219419,13.528173890411129,192.11581034737555,225.33718594688657,3792.5200378951897,0.0,0.0,88.1324580882752,103.4977433634663,1444.8343267445926,0.0,21.181430238017528,53.07199212988175,21.0,30.0,0.0,22.687091674615755,52.38913358282033,21.0,30.0,0.0,21.19527698705871,52.27722551393392,21.0,30.0,0.0,21.219224895719749,52.364153567246379,16.0,30.0,0.0,19.163103044628547,59.4474831479175,12.0,30.0,0.0,21.86802355210287,57.613596064487698,19.0,30.0,0.0,20.218789030667496,55.78617848723844,10.0,30.0,0.0,20.285441088532985,57.97667250085671,19.7,30.0,0.0,19.781009068660639,57.43199623329143,16.0,30.0,0.0,20.238539259339299,0.0,0.0,0.0,19.49267764349496,0.0,0.0,802.9170387862043,1015.6245528135974,766.4690407523974,773.8186890371321,770.9606595055557,1173.9059534634,776.4073243284354,926.8959111228621,782.5977834484006,0.0,81.30699085802059,81.30699085802059,270.0,0.0,270.0,270.0,21.0,16.0,19.0,16.0,19.7,12.0,21.0,10.0,1.0,0.0,0.0,0.0,0.0,0.0,0.0,0.0,0.0,0.0,0.0,0.0,0.0,81.30699085802059,81.30699085802059,0.0,0.0,0.0,81.30699085802059,0.0,0.0,0.00897 
 04/21  19:40:00,11.133333333333333,83.33333333333334,5.16,0.0,0.0,0.0,0.0,1.0,2.0,0.0,0.0,4.0,0.0,0.0,0.0,285.0,0.0,0.0,0.0,0.0,0.0,0.0,0.0,0.0,0.0,0.0,0.0,21.030365164482249,-112.92880990068079,22.41188445365467,-244.8760323468473,20.857927130850006,36.96499747724829,20.826211596658124,30.486306436631368,19.207673089521149,12.046755854943001,21.787556874876075,6.468594175692829,19.919691058107089,29.206374911200329,19.63147207559417,1.2310917422682338,19.69830376858611,-21.23357478886919,249.49071018470387,161.85034277273554,0.0,0.0,0.0,0.0,0.0,0.0,0.0,0.0,0.0,0.0,0.0,0.0,0.0,0.0,0.0,0.0,0.0,0.0,0.0,0.0,0.0,0.0,1.4039778889097892,0.42856467915439236,125.11564680906062,145.7384703029172,2474.5926481417197,0.0,0.0,47.82224387323147,55.349595975364277,1081.1845846206618,3.1649283142055419,0.5980590162897851,99.94565737097992,116.39469558223138,2017.187034842642,0.2780895169746242,0.052549039488780067,70.04747839212867,81.59133298182364,1373.5412616952283,0.0,0.0,4.933191454358339,5.781429859175236,79.41581253343522,0.0,0.0,10.726742222857478,12.424131233650668,229.57114213065649,0.0,0.0,103.52788149772006,120.96166116591928,1842.2566660949859,0.0,0.0,10.723274027240392,12.523789231238226,189.19012596604049,0.0,0.0,84.10581064564667,98.39471841505636,1436.923442572162,19.523594821355343,13.39066860175264,113.95999600111965,133.23157069785777,2358.138650458919,0.0,0.0,83.7609662026171,98.11231459454358,1370.6622153030383,92.43216118672112,21.003662944541849,53.10056875253998,21.0,30.0,0.0,22.603470380016878,51.641463305627258,21.0,30.0,0.0,21.005631622780596,53.91673643218039,21.0,30.0,0.0,20.989037155772839,53.44573207589538,16.0,30.0,0.0,19.188185916454647,59.86406224042485,12.0,30.0,0.0,21.94637757490507,59.34202948717958,19.0,30.0,0.0,20.066076006487888,56.827863197785067,10.0,30.0,0.0,19.98634603653486,60.01637386231915,19.7,30.0,0.0,19.69800851699268,58.04227770556041,16.0,30.0,0.0,20.02879181359033,0.0,0.0,0.0,19.31157528158117,0.0,0.0,781.4360343139051,967.2330849438486,818.2752959213677,790.7797788286523,794.103932006941,1281.1748030535437,801.8814177907838,980.8151194934866,798.6968357967745,10342.205010297328,81.16639801471539,81.16639801471539,270.0,0.0,270.0,270.0,21.0,16.0,19.0,16.0,19.7,12.0,21.0,10.0,1.0,0.0,92.43216118672112,0.0,0.0,0.0,0.0,0.0,0.0,0.0,0.0,0.0,0.0,81.16639801471539,81.16639801471539,0.34,0.6191000343993184,0.36028137401965956,81.16639801471539,0.3542647819438875,0.0,0.00909 
 04/21  19:50:00,10.976666666666667,83.66666666666666,5.175,0.0,0.0,0.0,0.0,1.0,2.0,0.0,0.0,4.0,0.0,0.0,0.0,1144.0,0.0,0.0,0.0,0.0,0.0,0.0,0.0,0.0,0.0,0.0,0.0,21.561804910146443,-471.5032032613186,22.387433459976927,-193.0848987717635,21.24015346155491,-290.6800598796385,20.795548092212294,150.5867222435253,19.22720866028287,9.645194184304799,21.78459157663048,-5.3171741652770809,19.936914121409587,67.75619173108953,19.57602715854889,0.7692148508493375,19.654810293365175,-60.95607773995425,349.7982567958761,184.36652189335008,0.0,0.0,0.0,0.0,0.0,0.0,0.0,0.0,0.0,0.0,0.0,0.0,0.0,0.0,0.0,0.0,0.0,0.0,0.0,0.0,0.0,0.0,1.3126956363442278,0.40070074369481925,237.46213095144896,277.17607792426818,5080.432848330345,0.030882076510354796,0.004713381640774542,40.66037700398111,47.33001137370888,931.1409418382689,3.2570062562888539,0.6154584762450597,300.2640857494132,350.3094909851314,6393.220392117624,0.3099357160663185,0.05856683977065729,152.0047976199662,177.51348706833955,3028.950589186553,0.0,0.0,5.417354706743762,6.380661716309519,88.97443060881523,0.0,0.0,11.245824440946058,13.103121340578922,244.23530009726103,0.0,0.0,113.20183430450666,132.8956981523416,2058.869559865116,0.0,0.0,7.8647654094032639,9.240998651168268,139.713478645895,0.0,0.0,86.85275305185707,102.12186391607459,1499.7568738005428,19.878897895027209,13.634360696177789,312.1615478753795,365.7334612918339,6226.904547963179,0.0,0.0,85.4933673229649,100.68787412741512,1397.29882238992,799.3997283523656,21.77272346428726,50.575927508818569,21.5,30.0,0.0,22.594838799573986,51.916693421838228,21.0,30.0,1020.6603060946907,21.507283953592269,51.45900260906711,21.5,30.0,0.0,20.96893389105782,53.60238976938995,16.0,30.0,0.0,19.20050296998369,60.02809807219676,12.0,30.0,0.0,21.95884772014938,59.737571886794807,19.0,30.0,0.0,20.11062792652862,56.58282004508381,10.0,30.0,0.0,19.89097604816898,60.95929255271033,19.7,30.0,0.0,19.63878093678123,58.62841905105465,16.0,30.0,0.0,20.34845719671133,0.0,0.0,0.0,19.144040711014804,0.0,0.0,781.6592099338317,984.0348949556429,781.9056591133342,800.0339686444307,803.944648855718,1305.3684288213006,801.6081023891312,1016.2339548532126,816.622672844412,9797.214648135643,81.52676939396429,85.00144573902127,270.0,0.0,270.0,270.0,21.0,16.0,19.0,16.0,19.7,12.0,21.0,10.0,1.0,0.0,799.3997283523656,0.0,1020.6603060946907,0.0,0.0,0.0,0.0,0.0,5258.51599961472,3155109.5997688325,4096132.3980683886,81.52676939396429,85.06045727849417,0.34528386665382407,0.7681711240475539,0.36028137401965956,85.06045727849417,0.3542647819438875,4096132.3980683886,0.2219988846995562 
 04/21  20:00:00,10.82,84.0,5.19,0.0,0.0,0.0,0.0,1.0,2.0,0.0,0.0,4.0,0.0,0.0,0.0,1144.0,0.0,0.0,0.0,0.0,0.0,0.0,0.0,0.0,0.0,0.0,0.0,21.220843920697726,-54.95142274646537,22.382984137341528,-182.9510588830907,21.144053470697246,-267.89047544985649,20.852657453043216,98.90577638613672,19.249682604019058,9.809002771308407,21.778216835467086,-0.6358635869661384,19.921599247865296,13.321158641478406,19.51436739343227,1.4463874741663006,19.586483711358267,-78.70267989604759,337.7633581478965,221.4178747318499,0.0,0.0,0.0,0.0,0.0,0.0,0.0,0.0,0.0,0.0,0.0,0.0,0.0,0.0,0.0,0.0,0.0,0.0,0.0,0.0,0.0,0.0,1.4254121966031995,0.4351075081206348,158.15854807486898,185.22745562788976,3313.6935290173516,0.0,0.0,44.295128038417008,51.541334821522557,1028.862316956337,3.1847325198938059,0.6018013076140979,266.4683325404481,312.01625210433209,5681.058603362973,0.2931452221229106,0.055394032903044319,189.1691507098948,221.55813798027209,3849.3272644219607,0.0,0.0,5.03469030475814,5.930539447127653,84.46175718957848,0.0,0.0,11.409955622527745,13.293121329970824,251.5701688869447,0.0,0.0,117.9812452358454,138.5772482991665,2170.137789585226,0.0,0.0,7.089486100593269,8.329061600476877,126.58992518961103,0.0,0.0,95.50561418740702,112.36773187860026,1660.8456418461879,19.990964691215667,13.71122406804916,278.7843854524623,327.54248316285756,5708.998184337192,0.0,0.0,94.23594493022445,111.06884687042757,1545.8330855316497,0.0,21.298094243152588,52.55369654275481,21.0,30.0,0.0,22.611582879786814,52.21685136782223,21.0,30.0,0.0,21.399754099232358,51.66793848784588,21.0,30.0,0.0,21.07766165870256,52.820823350019228,16.0,30.0,0.0,19.220616044447114,60.335702683764939,12.0,30.0,0.0,21.968679210396318,60.42726587376078,19.0,30.0,0.0,20.058800875189449,57.18644417522455,10.0,30.0,0.0,19.779315975087468,62.300532885037579,19.7,30.0,0.0,19.538103489237899,59.386418213129299,16.0,30.0,0.0,20.354571116011735,0.0,0.0,0.0,19.014480785537594,0.0,0.0,810.5628297230787,1008.0833437991973,783.336575250705,787.6352145069822,822.5637379868781,1345.768257727094,824.8537547610413,1072.8664117837698,837.8702585131794,0.0,80.72520878904432,80.72520878904432,270.0,0.0,270.0,270.0,21.0,16.0,19.0,16.0,19.7,12.0,21.0,10.0,1.0,0.0,0.0,0.0,0.0,0.0,0.0,0.0,0.0,0.0,0.0,0.0,0.0,80.72520878904432,80.72520878904432,0.0,0.0,0.0,80.72520878904432,0.0,0.0,0.00891 
 04/21  20:10:00,10.678333333333335,84.16666666666667,5.138333333333334,0.0,0.0,0.0,0.0,0.0,2.0,0.0,0.0,4.0,0.0,0.0,0.0,286.0,0.0,0.0,0.0,0.0,0.0,0.0,0.0,0.0,0.0,0.0,0.0,21.0551104464725,-80.2535313751896,22.342499964273097,-225.63884558527435,20.92826493617251,23.658845587604448,20.78557117694593,45.190123964244779,19.275562019735987,9.88748022246935,21.891715392560998,-2.208127862661911,19.861575869124999,13.715236708502744,19.39578360948059,4.207160663012644,19.52385236249716,-63.527348641937809,232.0378123340779,237.39102113271884,0.0,0.0,0.0,0.0,0.0,0.0,0.0,0.0,0.0,0.0,0.0,0.0,0.0,0.0,0.0,0.0,0.0,0.0,0.0,0.0,0.0,0.0,1.4580531862404096,0.44507118017106525,111.17287464696266,129.51701691684233,2304.570503305775,0.0,0.0,46.864982879956659,54.261266579308699,1097.2869413493996,3.2482458967392016,0.6138030795047624,84.9569181950237,98.9576346762973,1810.8907264187274,0.28898912254234568,0.05460867772909024,99.0115800048535,115.36858904114763,2023.5270532528014,0.0,0.0,4.882448423941429,5.720366506636965,83.63369367330269,0.0,0.0,11.500374025334779,13.306961125317099,260.88909076591,0.0,0.0,114.61334751986326,133.97559717370329,2117.211805104159,0.0,0.0,7.546337612134507,8.826921864037399,133.80651162682569,0.0,0.0,94.05942252595384,110.12787368801321,1646.6885069791702,19.937910603581775,13.674835804925776,99.24068968850043,116.1023840872409,2183.4685402691077,0.0,0.0,92.95944512459949,109.04786178978709,1525.6560188041897,47.860580838099597,21.002077296559553,53.28862938228921,21.0,30.0,0.0,22.55291842904522,51.804605248991027,21.0,30.0,0.0,21.03817968752803,53.389778524886647,21.0,30.0,0.0,20.95846198607263,53.34780324292407,16.0,30.0,0.0,19.250403712870424,60.7668934084797,12.0,30.0,0.0,22.14587933517313,60.4961850268956,19.0,30.0,0.0,19.946432579810918,57.83662742517589,10.0,30.0,0.0,19.56102929535497,62.10969799673557,12.0,30.0,0.0,19.445616609548748,60.046835960709049,16.0,30.0,0.0,19.897480276828046,0.0,0.0,0.0,18.866329296104074,0.0,0.0,805.965716625749,984.9449657496002,817.1990277902747,799.3394527770087,849.4649284600214,1387.7723485239038,839.0277690323665,1010.4989170298939,854.810757213347,4080.470999790062,85.30550408950754,85.30550408950754,570.0,0.0,570.0,570.0,21.0,16.0,19.0,16.0,12.0,12.0,21.0,10.0,1.0,0.0,47.860580838099597,0.0,0.0,0.0,0.0,0.0,0.0,0.0,0.0,0.0,0.0,85.30550408950754,85.30550408950754,0.34,0.6200708578005844,0.36028137401965956,85.30550408950754,0.3542647819438875,0.0,0.01862 
 04/21  20:20:00,10.536666666666669,84.33333333333334,5.086666666666668,0.0,0.0,0.0,0.0,0.0,2.0,0.0,0.0,4.0,0.0,0.0,0.0,1148.0,0.0,0.0,0.0,0.0,0.0,0.0,0.0,0.0,0.0,0.0,0.0,21.63174169113401,-484.3054699171887,22.320838324544945,-191.64359952784998,21.294421481023464,-321.49491289973619,20.762544029910808,166.78424917235385,19.29332417408998,8.107088504533572,21.94678748573439,-15.358397265647512,19.882270916124143,50.370959609961577,19.322600721537034,-13.208629365346227,19.480847728978035,-89.30188000841793,368.01439125014238,279.0649259118833,0.0,0.0,0.0,0.0,0.0,0.0,0.0,0.0,0.0,0.0,0.0,0.0,0.0,0.0,0.0,0.0,0.0,0.0,0.0,0.0,0.0,0.0,1.3637589469662848,0.4162878348492933,237.56216980709267,277.31294288344346,5291.361538182805,0.05546184276139401,0.008464872216329977,40.248147539047227,46.8631202390495,953.2472069579451,3.3618686130106409,0.6352737363965688,302.9481659403307,353.506283944806,6720.409564973857,0.3219817042420593,0.06084310359827271,160.89057575283295,187.98053017734885,3340.062870074693,0.0,0.0,5.394730163020705,6.3524317236744,93.99484765282952,0.0,0.0,12.085913616989874,14.066803104377563,278.9166390747905,0.0,0.0,127.87659581875633,150.17764954776443,2410.4682104896098,0.0,0.0,10.925512687788532,12.84572522234086,194.18996586654527,0.0,0.0,95.256089641391,112.0957592976861,1683.74042242809,20.377738421231457,13.976500974781523,313.71889257862656,367.6671275851259,6537.0338278482799,0.0,0.0,101.69840007803085,119.92715010222259,1675.354135368651,808.4367967300107,21.785179768240459,50.434661937456,21.5,30.0,0.0,22.541813302602564,52.01835826460504,21.0,30.0,1019.7552937316001,21.518133054343097,51.27581286504678,21.5,30.0,0.0,20.949004603336108,53.60595125107123,16.0,30.0,0.0,19.26311669042147,60.8811030958358,12.0,30.0,0.0,22.216301519631558,60.26560917433064,19.0,30.0,0.0,19.999140131971747,57.655873573005198,10.0,30.0,0.0,19.451455289377333,61.97133227124383,12.0,30.0,0.0,19.395000868435799,60.46459931611662,16.0,30.0,0.0,20.321442996003954,0.0,0.0,0.0,18.75658130174337,0.0,0.0,795.8294168774439,1000.2649123054525,794.1276744334286,815.2459765729759,858.3093954123498,1390.088561958202,845.5973905879992,974.7132585589374,867.5125226713263,7801.78092438121,82.84604689513736,82.84604689513736,570.0,0.0,570.0,570.0,21.0,16.0,19.0,16.0,12.0,12.0,21.0,10.0,1.0,0.0,808.4367967300107,0.0,1019.7552937316001,0.0,0.0,0.0,0.0,0.0,0.0,0.0,0.0,82.84604689513736,82.84604689513736,0.34,0.7693725851555496,0.36028137401965956,82.84604689513736,0.3542647819438875,0.0,0.018809999999999998 
 04/21  20:30:00,10.395,84.5,5.035,0.0,0.0,0.0,0.0,0.0,2.0,0.0,0.0,4.0,0.0,0.0,0.0,1148.0,0.0,0.0,0.0,0.0,0.0,0.0,0.0,0.0,0.0,0.0,0.0,21.260827930218313,-44.67915199725303,22.317314112476248,-181.42714178520169,21.17624889718299,-315.5752881602225,20.821398698683887,100.67978293448755,19.314018182546694,8.968034727637907,22.00264357692196,-12.882453842642605,19.86276347559791,-6.438787541372903,19.23126797719783,-18.32039481741451,19.420407208757064,-98.0219306742016,363.2481294257923,317.6287532234878,0.0,0.0,0.0,0.0,0.0,0.0,0.0,0.0,0.0,0.0,0.0,0.0,0.0,0.0,0.0,0.0,0.0,0.0,0.0,0.0,0.0,0.0,1.4702394045616485,0.4487910270334703,148.8276839186741,174.38714770850283,3249.7315078567546,0.02837584508579839,0.004330867687087667,43.96954136793153,51.17384552837401,1054.2478347283314,3.2832941623505578,0.6204259566044141,268.3570921175896,314.2420857502051,5945.325627878527,0.30353359851794706,0.057357066991297608,190.55019274143127,223.18584941464438,4030.727939868912,0.0,0.0,5.005775833328185,5.894482713131921,88.82794947272768,0.0,0.0,12.411878153217135,14.441876640659425,291.9333069143943,0.0,0.0,133.83291744840569,157.2498125226928,2544.5705892812459,0.0,0.0,14.573921674310027,17.158922948393284,259.2506448298423,0.0,0.0,99.80897581272778,117.51276472613508,1776.9160566629856,20.535069935388017,14.084410106576148,280.2880072564583,329.3723348171365,5969.944304375619,0.0,0.0,110.60647350398824,130.5127920639316,1833.472106872734,0.0,21.309531702982338,52.60463410098735,21.0,30.0,0.0,22.556858438467054,52.26729786436941,21.0,30.0,0.0,21.38478995266781,51.47328212042737,21.0,30.0,0.0,21.056217141402017,52.78572569874288,16.0,30.0,0.0,19.283760120255104,61.09314124573093,12.0,30.0,0.0,22.302535410929406,60.11121018616284,19.0,30.0,0.0,19.941388129298017,58.12500676197778,10.0,30.0,0.0,19.304980017664748,61.766036679745699,12.0,30.0,0.0,19.31357403679328,60.89246281852802,16.0,30.0,0.0,20.288170910283925,0.0,0.0,0.0,18.665920985457,0.0,0.0,834.578166389324,1023.2158851952062,792.5772448246763,802.6702114820068,874.6775485564205,1400.5965483440182,863.5987538655904,928.3947860858118,879.6800523995491,0.0,84.02945182536827,84.02945182536827,570.0,0.0,570.0,570.0,21.0,16.0,19.0,16.0,12.0,12.0,21.0,10.0,1.0,0.0,0.0,0.0,0.0,0.0,0.0,0.0,0.0,0.0,0.0,0.0,0.0,84.02945182536827,84.02945182536827,0.0,0.0,0.0,84.02945182536827,0.0,0.0,0.019 
 04/21  20:40:00,10.253333333333334,84.66666666666667,4.983333333333333,0.0,0.0,0.0,0.0,0.0,2.0,0.0,0.0,4.0,0.0,0.0,0.0,287.0,0.0,0.0,0.0,0.0,0.0,0.0,0.0,0.0,0.0,0.0,0.0,21.1032552242028,-233.3131040824801,22.278690395802167,-222.7091984999247,20.96421923001241,46.67372696251914,20.727763091159838,4.334929366702227,19.33707249786946,8.884573857694165,22.049747288229669,-14.768604523181125,19.812903654156913,3.4727001926767118,19.15198592134557,-15.84071316479367,19.366746793115916,-83.86534406703049,321.25425655818528,331.7240830806686,0.0,0.0,0.0,0.0,0.0,0.0,0.0,0.0,0.0,0.0,0.0,0.0,0.0,0.0,0.0,0.0,0.0,0.0,0.0,0.0,0.0,0.0,1.4820083360472399,0.45238349696191695,175.96121939796789,205.03242172773583,3781.7634380811416,0.006569189289751464,0.0010026235179718352,45.50610169921728,52.7002824975303,1099.0647123757895,3.415281140001557,0.6453668065006724,146.840100308258,171.00839449802076,3213.756907635106,0.3066550966164442,0.05794691923969087,16.00951169751873,18.655967062811159,343.9035039837322,0.0,0.0,4.963554241794934,5.813133977138931,89.82229585455315,0.0,0.0,12.553960920555478,14.513253807993838,300.9961734309303,0.0,0.0,132.03258537764047,154.36564135145057,2526.8481902448068,0.0,0.0,15.372505035053417,18.01245403002925,274.0352455318295,0.0,0.0,97.37505517548465,114.07790509019306,1748.641059739937,20.56519068221669,14.105069055018312,162.05282090854693,189.45874883451217,3579.0997102148664,0.0,0.0,108.76106575054114,127.71903437855862,1807.4849836505744,185.77583759116735,21.007027509715067,52.56016327847013,21.0,30.0,0.0,22.498273363411017,51.852772997465859,21.0,30.0,0.0,21.046233043924045,54.021721515985557,21.0,30.0,0.0,20.883377355832076,54.32290670970552,16.0,30.0,0.0,19.31199957428056,61.380496239200649,12.0,30.0,0.0,22.384120521752139,59.95297567174476,19.0,30.0,0.0,19.85261523329576,58.82508980947259,10.0,30.0,0.0,19.17223650027446,61.88588163183598,12.0,30.0,0.0,19.240352679710769,61.35214178778852,16.0,30.0,0.0,20.122580131028874,0.0,0.0,0.0,18.535259095622476,0.0,0.0,795.4901394880916,1002.7630308487411,865.5125484196943,850.9846645853913,897.05328595816,1410.6279758239778,883.4870164838352,905.8273300404839,891.4823683004139,7736.322377949853,82.8894902066122,82.8894902066122,570.0,0.0,570.0,570.0,21.0,16.0,19.0,16.0,12.0,12.0,21.0,10.0,1.0,0.0,185.77583759116735,0.0,0.0,0.0,0.0,0.0,0.0,0.0,0.0,0.0,0.0,82.8894902066122,82.8894902066122,0.34,0.614760152065643,0.36028137401965956,82.8894902066122,0.3542647819438875,0.0,0.019190000000000003 
 04/21  20:50:00,10.111666666666667,84.83333333333334,4.931666666666667,0.0,0.0,0.0,0.0,0.0,2.0,0.0,0.0,4.0,0.0,0.0,0.0,1152.0,0.0,0.0,0.0,0.0,0.0,0.0,0.0,0.0,0.0,0.0,0.0,21.628364705346838,-491.165025215867,22.264171287900927,-180.2715778321956,21.32462359731001,-382.21029129102706,20.70630032195105,179.33835053083716,19.351905078590556,7.334580860854629,22.06586204420885,-24.113072783490993,19.82578750817342,28.382753519872723,19.10888615652963,-23.80602011681094,19.32420228493269,-113.96456785764735,392.0899917887641,368.7107087750036,0.0,0.0,0.0,0.0,0.0,0.0,0.0,0.0,0.0,0.0,0.0,0.0,0.0,0.0,0.0,0.0,0.0,0.0,0.0,0.0,0.0,0.0,1.4142302601259636,0.43169421859766907,255.72447330227193,298.5630133128027,5912.626856430814,0.07197027495933983,0.010984474200143441,40.00571846701033,46.589633485904418,978.0668487793307,3.4343006900579375,0.6489608257857026,335.69747229468859,391.925298889587,7693.515624354136,0.3318438644634677,0.06270670152370893,176.20703326005003,205.97129190764259,3785.2585282297516,0.0,0.0,5.354871816825946,6.303453928397796,98.45755947900986,0.0,0.0,12.759544965181278,14.841188612512657,309.66690927728498,0.0,0.0,142.3360230351377,167.22888101340565,2773.2742441083407,0.0,0.0,17.89000964881409,21.073448172632295,321.81266800713117,0.0,0.0,102.35704527957117,120.53359125130803,1855.7762516069057,20.947909379068578,14.367564731871458,346.10390937034267,405.7795977308578,7477.830962819473,0.0,0.0,115.1147331082971,135.9050415341038,1922.2746691164803,789.6577774064635,21.76802201002109,50.53682130954592,21.5,30.0,0.0,22.497041841246067,52.051923535998138,21.0,30.0,1059.0748644042408,21.505392051552265,51.343396410049269,21.5,30.0,0.0,20.885317607605903,54.176029190445067,16.0,30.0,0.0,19.323240101346398,61.43594139804774,12.0,30.0,0.0,22.403055615335874,59.792365295434738,19.0,30.0,0.0,19.890643433371069,58.34028953833598,10.0,30.0,0.0,19.117720625856437,62.10197278665866,12.0,30.0,0.0,19.191534203320395,61.69058589804413,16.0,30.0,0.0,20.336598252888466,0.0,0.0,0.0,18.435709719687844,0.0,0.0,818.7688233584336,1018.5751368951169,816.034302728987,850.8541363805039,903.7934591793011,1407.451202502871,873.8169926095069,906.4774805602674,901.1808803162993,9958.079987996005,81.42042763149677,83.15188567102976,570.0,0.0,570.0,570.0,21.0,16.0,19.0,16.0,12.0,12.0,21.0,10.0,1.0,0.0,789.6577774064635,0.0,1059.0748644042408,0.0,0.0,0.0,0.0,0.0,2620.3687806473965,1572221.2683884379,2036231.479253992,81.42042763149677,83.18129157658726,0.3423456260215799,0.7696455858674343,0.36028137401965956,83.18129157658726,0.3542647819438875,2036231.479253992,0.12494737025454092 
 04/21  21:00:00,9.97,85.0,4.88,0.0,0.0,0.0,0.0,0.0,2.0,0.0,0.0,4.0,0.0,0.0,0.0,1152.0,0.0,0.0,0.0,0.0,0.0,0.0,0.0,0.0,0.0,0.0,0.0,21.277419690188883,-58.99943823441669,22.261905253537745,-180.13364125805703,21.200510503465798,-337.8046803320867,20.779449805694179,109.48495569428065,19.36918031996337,8.53656726093395,22.08109487027912,-20.741723111207649,19.799636329080565,-24.115172184458517,19.056903044473967,-24.961977642331733,19.26154135667205,-125.79621519922591,383.79780663998647,399.31514940319928,0.0,0.0,0.0,0.0,0.0,0.0,0.0,0.0,0.0,0.0,0.0,0.0,0.0,0.0,0.0,0.0,0.0,0.0,0.0,0.0,0.0,0.0,1.5127975522412208,0.4617819146035473,153.96321910659189,180.40670660882888,3487.307067739606,0.058357813190522817,0.00890687014507369,43.52922512193675,50.669344385111347,1077.0834378043133,3.3589881827338594,0.634729437402468,275.5875653804382,322.70609659072155,6332.543685089119,0.31306735194954218,0.059158607700215807,196.27183322660833,229.89867928051786,4302.750907302525,0.0,0.0,5.002695507949498,5.889256628292285,93.5673927879163,0.0,0.0,12.982990037859738,15.099961366699385,319.3121007659345,0.0,0.0,145.25880456710474,170.7386710334492,2852.518145173512,0.0,0.0,18.03455916017704,21.253488220560486,326.9902334139353,0.0,0.0,107.76566726867599,126.96673778956489,1967.1155095936918,21.126734896133067,14.490215978143397,287.3070558434757,337.6578714211939,6354.838877071639,0.0,0.0,120.87044018665783,142.77675933635084,2031.452000303679,0.0,21.292140463368179,52.725317572821229,21.0,30.0,0.0,22.510200964241038,52.407073264538897,21.0,30.0,0.0,21.374211457994336,51.514538276664328,21.0,30.0,0.0,21.017098416531156,52.995654718062109,16.0,30.0,0.0,19.341531102005847,61.5469700404729,12.0,30.0,0.0,22.427353173122286,59.72467415551691,19.0,30.0,0.0,19.82655547149598,58.760781568187208,10.0,30.0,0.0,19.044569263498837,62.33105876434695,12.0,30.0,0.0,19.108142296733754,61.96805378499491,16.0,30.0,0.0,20.24371257848998,0.0,0.0,0.0,18.346935280931065,0.0,0.0,858.5128234189185,1046.0837241751274,814.8749639293666,827.4606949640925,916.2828649977208,1412.3138994780955,888.6757059692833,908.1998356305091,906.772787341174,0.0,80.70409894645313,80.70409894645313,570.0,0.0,570.0,570.0,21.0,16.0,19.0,16.0,12.0,12.0,21.0,10.0,1.0,0.0,0.0,0.0,0.0,0.0,0.0,0.0,0.0,0.0,0.0,0.0,0.0,80.70409894645313,80.70409894645313,0.0,0.0,0.0,80.70409894645313,0.0,0.0,0.018936666666666669 
 04/21  21:10:00,9.796666666666667,85.83333333333334,4.663333333333333,0.0,0.0,0.0,0.0,0.0,2.0,0.0,0.0,4.0,0.0,0.0,0.0,288.0,0.0,0.0,0.0,0.0,0.0,0.0,0.0,0.0,0.0,0.0,0.0,21.128493848093997,-261.5182336024609,22.224623338927395,-219.84663204275763,20.983184930671006,42.42508527399332,20.69937841267224,28.356901883081265,19.38839239385173,8.64789112516462,22.09558691486916,-21.143007406877588,19.745936293949876,-12.761388262032597,19.011393515938364,-23.029419903211875,19.20525440572766,-110.7927810849651,334.01689624161647,410.35206862848556,0.0,0.0,0.0,0.0,0.0,0.0,0.0,0.0,0.0,0.0,0.0,0.0,0.0,0.0,0.0,0.0,0.0,0.0,0.0,0.0,0.0,0.0,1.525337900983791,0.4656098598851621,183.515250394952,213.83234966843507,4111.0484281672029,0.039027842530403689,0.005956630422833286,45.32638662982709,52.499818232668719,1132.2168534009389,3.514777776588487,0.6641681361656251,153.14366692784496,178.35074189103447,3489.152605097922,0.31317852714112,0.05917961586188963,76.1345699320506,88.74420965604385,1678.1527605040017,0.0,0.0,4.9517890578486309,5.797353967078322,94.63442406729857,0.0,0.0,13.108042892123054,15.150023083768377,327.7973972304655,0.0,0.0,142.76453733207112,166.96818099267697,2829.5628115205,0.0,0.0,17.987383625237358,21.08981559293859,330.2099808085806,0.0,0.0,105.44921152339795,123.61468769561955,1947.1591250216757,21.17631240885457,14.524219759159518,168.62592592699193,197.16441334280649,3872.4909144647197,0.0,0.0,118.47777291161977,139.2694391622038,2004.873746744031,212.05989945595557,21.007301120147429,52.46108400897968,21.0,30.0,0.0,22.45042500875369,51.938608294115088,21.0,30.0,0.0,21.035613987153626,54.037300474204467,21.0,30.0,0.0,20.86791797209893,53.362050680097677,16.0,30.0,0.0,19.366447050064165,61.719395499773558,12.0,30.0,0.0,22.45352646575342,59.632676982188119,19.0,30.0,0.0,19.734927956920666,59.412522244756299,10.0,30.0,0.0,18.976287675808274,62.64650165459295,12.0,30.0,0.0,19.031949518402354,62.38093143897272,16.0,30.0,0.0,20.0688758282319,0.0,0.0,0.0,18.22138692510964,0.0,0.0,814.2939974211171,1024.2042766081968,885.6157733960274,829.795706699548,934.3707959107209,1418.4047055283577,906.2688109406245,915.6082574015477,915.998789210573,5525.069676237871,84.35097533569982,84.35097533569982,570.0,0.0,570.0,570.0,21.0,16.0,19.0,16.0,12.0,12.0,21.0,10.0,1.0,0.0,212.05989945595557,0.0,0.0,0.0,0.0,0.0,0.0,0.0,0.0,0.0,0.0,84.35097533569982,84.35097533569982,0.34,0.6201063712785626,0.36028137401965956,84.35097533569982,0.3542647819438875,0.0,0.018809999999999998 
 04/21  21:20:00,9.623333333333335,86.66666666666667,4.446666666666667,0.0,0.0,0.0,0.0,0.0,2.0,0.0,0.0,4.0,0.0,0.0,0.0,1156.0,0.0,0.0,0.0,0.0,0.0,0.0,0.0,0.0,0.0,0.0,0.0,21.654177197942994,-511.8318708949005,22.212597728881947,-178.05210046780366,21.34414476484158,-397.45287826462939,20.680839950336578,184.40107661541658,19.399376862579247,7.025789385643769,22.097435888471673,-30.616442783322158,19.759084488352703,14.286257259166405,18.98119704010046,-29.87082558861897,19.16010252132032,-142.82861758883792,413.64380865752039,447.2519936897354,0.0,0.0,0.0,0.0,0.0,0.0,0.0,0.0,0.0,0.0,0.0,0.0,0.0,0.0,0.0,0.0,0.0,0.0,0.0,0.0,0.0,0.0,1.4525154792934208,0.44338079343511019,255.13161342051428,297.85859462676049,6146.608404104473,0.08872039193211395,0.01354096335960225,39.52113132361831,46.029162327629268,1001.1597354279554,3.5033783990823679,0.6620140587835164,339.3341552826238,396.2205762007259,8094.273843540949,0.34149025672855395,0.0645295269706262,182.43579987472146,213.30994156338853,4088.828488783617,0.0,0.0,5.366494781111671,6.3151100928643209,104.40945930788145,0.0,0.0,13.224989153339268,15.378863397909046,334.9355344979499,0.0,0.0,152.81796836123565,179.59940116011505,3092.5644795053556,0.0,0.0,18.758862151829189,22.109553062663968,349.3377120173547,0.0,0.0,111.08936362521864,130.89911489702048,2076.7645719569329,21.688155965395599,14.87527843991468,348.1757653748502,408.30272997089357,7858.1418286044,0.0,0.0,124.50421267723951,147.13139714708579,2127.1628039728454,804.0062963598066,21.769852046570905,50.315822850984599,21.5,30.0,0.0,22.450064462570749,52.13864715881381,21.0,30.0,1072.7031565384683,21.49666521425315,51.21359394573451,21.5,30.0,0.0,20.869605443404827,54.00008336487178,16.0,30.0,0.0,19.37431232943416,61.72503349301667,12.0,30.0,0.0,22.45404181876824,59.49323477147124,19.0,30.0,0.0,19.778135832477873,58.81864000932425,10.0,30.0,0.0,18.942360130797746,62.84075407367925,12.0,30.0,0.0,18.980296111749987,62.66590698375983,16.0,30.0,0.0,20.29345819033055,0.0,0.0,0.0,18.13253158481767,0.0,0.0,830.6800506001871,1039.7617312968646,830.4078647066826,862.463597613417,939.0745900463068,1414.332818544792,894.1714629934163,921.1760225649077,923.583174449251,9359.801948021137,81.81595885057692,83.6211859950668,570.0,0.0,570.0,570.0,21.0,16.0,19.0,16.0,12.0,12.0,21.0,10.0,1.0,0.0,804.0062963598066,0.0,1072.7031565384683,0.0,0.0,0.0,0.0,0.0,2731.892992620244,1639135.7955721466,2121799.469029959,81.81595885057692,83.65184474492307,0.3460630997540082,0.7707985238172148,0.36028137401965956,83.65184474492307,0.3542647819438875,2121799.469029959,0.1284469057228912 
 04/21  21:30:00,9.45,87.5,4.23,0.0,0.0,0.0,0.0,0.0,2.0,0.0,0.0,4.0,0.0,0.0,0.0,1156.0,0.0,0.0,0.0,0.0,0.0,0.0,0.0,0.0,0.0,0.0,0.0,21.28961427264042,-68.88319890991176,22.212526148454609,-179.64067780615972,21.215882549359259,-357.5375991224005,20.752671267304465,109.6635150291579,19.411913618328648,8.85966717910685,22.097191692262166,-26.738962340856007,19.728138452306607,-41.09479109044469,18.94465711997641,-29.873809864756937,19.094672585817926,-153.4567300356482,412.76806541052908,474.6628164132501,0.0,0.0,0.0,0.0,0.0,0.0,0.0,0.0,0.0,0.0,0.0,0.0,0.0,0.0,0.0,0.0,0.0,0.0,0.0,0.0,0.0,0.0,1.5484843430019524,0.4726753183766643,157.11039252882635,184.07980619672166,3716.9044616827416,0.07735946997457984,0.01180700091187116,43.16029887225383,50.242124045003269,1108.7856466899116,3.3932982185218738,0.6412128152913597,277.6296791039205,325.07059812525406,6659.360472975127,0.3199883417342597,0.06046642889914203,197.20876064193457,230.98232131431227,4518.769955366646,0.0,0.0,5.028592784380778,5.917732787694826,99.69203227889764,0.0,0.0,13.466600533047649,15.659359070114388,345.6690695692685,0.0,0.0,155.08398141228646,182.33716473970564,3170.109707097729,0.0,0.0,17.894831628324789,21.096706311168526,337.8299749486242,0.0,0.0,116.53482243856073,137.37994860147576,2199.5306905715094,22.041990367955184,15.117963215332777,289.1351193178109,339.8302966571556,6696.066522950143,0.0,0.0,129.69953044903088,153.34015216005083,2240.6635585618839,0.0,21.276859265813685,52.511905033001259,21.0,30.0,0.0,22.463589670072908,52.393778237726078,21.0,30.0,0.0,21.36050362221643,51.38043602103643,21.0,30.0,0.0,20.996055043741973,52.85103325572484,16.0,30.0,0.0,19.387592905915026,61.754082957979338,12.0,30.0,0.0,22.455246476311474,59.42578955805813,19.0,30.0,0.0,19.708060948420927,59.15432893348071,10.0,30.0,0.0,18.89605918970854,62.94900035825417,12.0,30.0,0.0,18.8939661530932,62.8114228603793,16.0,30.0,0.0,20.17466064522016,0.0,0.0,0.0,18.05409079476929,0.0,0.0,867.7649372632691,1061.5496302576524,827.7845709951486,839.2361451479869,948.2951399512622,1416.9489513854856,905.351282389938,925.0912312593061,924.7950967813769,0.0,80.42327519997711,80.42327519997711,570.0,0.0,570.0,570.0,21.0,16.0,19.0,16.0,12.0,12.0,21.0,10.0,1.0,0.0,0.0,0.0,0.0,0.0,0.0,0.0,0.0,0.0,0.0,0.0,0.0,80.42327519997711,80.42327519997711,0.0,0.0,0.0,80.42327519997711,0.0,0.0,0.017416666666666668 
 04/21  21:40:00,9.276666666666668,88.33333333333334,4.013333333333334,0.0,0.0,0.0,0.0,0.0,2.0,0.0,0.0,4.0,0.0,0.0,0.0,289.0,0.0,0.0,0.0,0.0,0.0,0.0,0.0,0.0,0.0,0.0,0.0,21.148721270375185,-298.03415359429166,22.174434715129644,-221.93044710286655,20.995097779718905,38.942278074547179,20.666885410254204,24.826292386770093,19.425757820922756,9.368681153619292,22.097377171077775,-26.75899676407971,19.6701975358255,-27.599187218939734,18.911240588537554,-28.478114281816376,19.036064690868359,-137.23038473549969,355.5517273011701,482.64979738092009,0.0,0.0,0.0,0.0,0.0,0.0,0.0,0.0,0.0,0.0,0.0,0.0,0.0,0.0,0.0,0.0,0.0,0.0,0.0,0.0,0.0,0.0,1.5509093088478725,0.47341553994135307,185.34124377006899,215.94144825389194,4344.583909993481,0.055700197030992989,0.008501251073106379,45.036307168230639,52.168376446310279,1167.2293666718934,3.522066756579466,0.6655454944405644,153.1998924832987,178.41206722697593,3647.4469842688929,0.3176012268712063,0.06001534899304728,74.81284228535536,87.20573432103751,1721.7786736897318,0.0,0.0,4.989865049000032,5.840004201967074,100.89773458286574,0.0,0.0,13.621836211273067,15.742857143414917,354.7094033502028,0.0,0.0,152.52647547614377,178.43970816971945,3144.7242832256827,0.0,0.0,17.62237460279088,20.668141193066746,337.4859533590625,0.0,0.0,114.21691129152906,133.97587883088097,2179.6152589275454,22.30066757631513,15.2953824254562,168.83491289695835,197.45257939910599,4065.9245234552879,0.0,0.0,127.16246809572358,149.60807636662464,2213.7364828125266,247.64414827938615,21.008584286899138,52.25693115108737,21.0,30.0,0.0,22.400536664042318,51.91268021322465,21.0,30.0,0.0,21.02197595871788,53.835643537016789,21.0,30.0,0.0,20.835341555656976,53.28480823741929,16.0,30.0,0.0,19.405795356163055,61.84410019060774,12.0,30.0,0.0,22.459081741115669,59.295420336913888,19.0,30.0,0.0,19.612884959266954,59.77208834615595,10.0,30.0,0.0,18.850948239334973,63.10498162113218,12.0,30.0,0.0,18.815813802138107,63.17128801839532,16.0,30.0,0.0,19.984900599434206,0.0,0.0,0.0,17.93741848885647,0.0,0.0,825.7173656748728,1037.2116747482283,895.1531508149294,841.9387344273542,962.9704622306289,1419.0373963012738,921.0760147538198,931.4680376663077,931.8488502668914,4763.013325982103,84.85450052556864,84.85450052556864,570.0,0.0,570.0,570.0,21.0,16.0,19.0,16.0,12.0,12.0,21.0,10.0,1.0,0.0,247.64414827938615,0.0,0.0,0.0,0.0,0.0,0.0,0.0,0.0,0.0,0.0,84.85450052556864,84.85450052556864,0.34,0.6205807206545539,0.36028137401965956,84.85450052556864,0.3542647819438875,0.0,0.01672 
 04/21  21:50:00,9.103333333333334,89.16666666666666,3.7966666666666666,0.0,0.0,0.0,0.0,0.0,2.0,0.0,0.0,4.0,0.0,0.0,0.0,1160.0,0.0,0.0,0.0,0.0,0.0,0.0,0.0,0.0,0.0,0.0,0.0,21.674608181776585,-544.7288588576489,22.16275992645462,-177.82417916671495,21.36202833497954,-426.74897057922228,20.649913845473465,192.0348520808513,19.432940308495906,7.70269401801113,22.09117400221134,-36.91072544449244,19.683629286168299,0.968293187914469,18.885819322501953,-34.269087101137078,18.98905268545306,-169.2837124471613,444.0941833352199,520.2617310860767,0.0,0.0,0.0,0.0,0.0,0.0,0.0,0.0,0.0,0.0,0.0,0.0,0.0,0.0,0.0,0.0,0.0,0.0,0.0,0.0,0.0,0.0,1.4705232252854724,0.4488776633960539,257.08530213094249,300.1073018438198,6452.977172936335,0.1033642348217933,0.01577598211565832,38.927562926471718,45.34053569599271,1022.7439843844196,3.489658685681955,0.6594215203480643,341.01265568244437,398.1281214708129,8486.362593730357,0.3465478448506076,0.06548523145325158,184.5630363859189,215.79755531182688,4317.183014987245,0.0,0.0,5.49121367474831,6.460341427651835,112.88926984360984,0.0,0.0,13.72526462979559,15.959815898581909,361.5329997768422,0.0,0.0,163.07609300307548,191.71276382539384,3431.5466753512948,0.0,0.0,17.98612320828128,21.20515044780967,349.47999932691269,0.0,0.0,120.25188457506406,141.7855849341803,2322.0643359140119,23.00620854568899,15.779292555342249,348.13137359497406,408.28971947594757,8218.36043080876,0.0,0.0,133.4754675604105,157.86331595186727,2348.9797223433135,829.1369545727428,21.763950402006658,50.09281928758895,21.5,30.0,0.0,22.40062902673053,52.109411723999269,21.0,30.0,1102.7141194256697,21.4898315923454,51.011600219591318,21.5,30.0,0.0,20.84143090256017,53.901271717261597,16.0,30.0,0.0,19.410724021224426,61.811488663687629,12.0,30.0,0.0,22.450709538860456,59.1474750277359,19.0,30.0,0.0,19.660597295506386,59.122352705253359,10.0,30.0,0.0,18.824915388344349,63.227358342129779,12.0,30.0,0.0,18.763068696499965,63.410756411686509,16.0,30.0,0.0,20.219181266574159,0.0,0.0,0.0,17.862308790008428,0.0,0.0,839.4198903885476,1052.4536504860508,840.0910773845666,874.0387523577875,966.077496782691,1413.3842438699845,907.7175038799821,935.7609804852388,937.7292171818172,7545.239645945256,83.01575072990794,83.01575072990794,570.0,0.0,570.0,570.0,21.0,16.0,19.0,16.0,12.0,12.0,21.0,10.0,1.0,0.0,829.1369545727428,0.0,1102.7141194256697,0.0,0.0,0.0,0.0,0.0,0.0,0.0,0.0,83.01575072990794,83.01575072990794,0.34,0.7690931407835712,0.36028137401965956,83.01575072990794,0.3542647819438875,0.0,0.016466666666666669 
 04/21  22:00:00,8.93,90.0,3.58,0.0,0.0,0.0,0.0,0.0,2.0,0.0,0.0,4.0,0.0,0.0,0.0,1160.0,0.0,0.0,0.0,0.0,0.0,0.0,0.0,0.0,0.0,0.0,0.0,21.29061339531136,-81.44004161558951,22.162777931841015,-182.6803988952854,21.222650218785334,-387.5420253359557,20.723873996499635,108.56905601444987,19.440996968292909,9.551302370342548,22.08202850501236,-32.648637049142397,19.647261814765885,-56.57339234789788,18.855608326493085,-32.82265885433682,18.922579008079965,-177.49992801401869,462.6060249551813,543.458940337473,0.0,0.0,0.0,0.0,0.0,0.0,0.0,0.0,0.0,0.0,0.0,0.0,0.0,0.0,0.0,0.0,0.0,0.0,0.0,0.0,0.0,0.0,1.5627516942080056,0.47703043168742539,161.4509849995195,189.1537842094448,3978.505232235937,0.08742102735635483,0.0133426476429113,42.768814873381838,49.789370644585108,1138.6745260289409,3.3443140386843734,0.6319565454807964,279.90381072896079,327.71717976015176,6991.04836223888,0.3225827252443873,0.06095667521624853,198.14977149505513,232.0762735790267,4734.512937161503,0.0,0.0,5.441467387829622,6.4016665311683849,113.8323678600637,0.0,0.0,13.993296871161327,16.27161304380868,373.086195408522,0.0,0.0,164.5086724573642,193.4798156940156,3493.3277610242059,0.0,0.0,17.062628774668043,20.120683897698578,336.2869089681089,0.0,0.0,125.67615941083656,148.25069264759243,2449.542641788477,23.499905480431658,16.117904993437358,290.92830671185279,342.0147545708082,7028.567441046779,0.0,0.0,138.10329783842344,163.4051095217813,2459.315201227686,0.0,21.251407090520293,52.3312706652201,21.0,30.0,0.0,22.413005816753779,52.344093220224937,21.0,30.0,0.0,21.339904775506754,51.20183570398217,21.0,30.0,0.0,20.969738667658665,52.70868000292141,16.0,30.0,0.0,19.4197280695522,61.777272667901367,12.0,30.0,0.0,22.4404979720081,59.06354640427686,19.0,30.0,0.0,19.58408462371479,59.41682196693607,10.0,30.0,0.0,18.790286564892573,63.22526407948782,12.0,30.0,0.0,18.67718352363729,63.47000039994215,16.0,30.0,0.0,20.04648173776828,0.0,0.0,0.0,17.793338635646195,0.0,0.0,875.4823673198278,1072.6074064392488,836.1583685026549,848.6263484071485,972.7865960998076,1413.8690655576225,916.4008040694582,937.5501839526925,936.0442301835851,0.0,81.62385119342892,81.62385119342892,570.0,0.0,570.0,570.0,21.0,16.0,19.0,16.0,12.0,12.0,21.0,10.0,1.0,0.0,0.0,0.0,0.0,0.0,0.0,0.0,0.0,0.0,0.0,0.0,0.0,81.62385119342892,81.62385119342892,0.0,0.0,0.0,81.62385119342892,0.0,0.0,0.01621333333333333 
 04/21  22:10:00,8.965,90.16666666666667,3.7,0.0,0.0,0.0,0.0,0.0,2.0,0.0,0.0,4.0,0.0,0.0,0.0,1455.0,0.0,0.0,0.0,0.0,0.0,0.0,0.0,0.0,0.0,0.0,0.0,21.269603979917343,69.16768781668962,22.145738636103233,-184.05925658495873,21.488255517177284,-890.7486308315093,20.76368904809827,266.4991384645166,19.4455241204889,4.326712447720047,22.07651442756093,-25.725275277052157,19.59007176058561,-69.70457352219992,18.821334378313229,-52.986541245820877,19.598244458161774,-135.11708446629869,468.775462633598,457.7438535220899,0.0,0.0,0.0,0.0,0.0,0.0,0.0,0.0,0.0,0.0,0.0,0.0,0.0,0.0,0.0,0.0,0.0,0.0,0.0,0.0,0.0,0.0,1.5819767458193244,0.48289888456023336,180.87585937810946,211.4761549690416,4427.36944667442,0.09690788852383144,0.01479058127653105,42.500722134971429,49.51111708361225,1126.6364684949513,3.1865957936500859,0.6021534001606363,333.12444372514667,388.9011824454903,8445.569791474582,0.323658210862091,0.061159903791022488,201.93898928706819,236.21991549032874,4855.931814418831,0.0,0.0,5.110467483012774,6.013809167210026,106.57755127621989,0.0,0.0,13.591467365977027,15.813092938082447,361.2409488360223,0.0,0.0,117.12964022756489,137.85350961854054,2456.897038327425,0.0,0.0,23.139941555915536,27.284201044182465,452.13819414209669,0.0,0.0,91.45354025177044,107.48376719992815,1969.9831291924316,23.043594920939904,15.80493478802463,345.51418085806139,405.19920777355858,8336.682433214191,0.0,0.0,94.660231701744,112.11292089960755,1643.903388804828,0.0,21.223646469508436,52.161600728911718,21.0,30.0,0.0,22.387334615305766,52.132817728374828,21.0,30.0,1231.9251999130534,21.607430884751623,50.120773385734867,21.400000000000003,30.0,0.0,21.05774384502231,52.17911305263883,16.0,30.0,0.0,19.423554754386964,61.69660916060231,12.000000000000002,30.0,0.0,22.435073349662149,57.71053568204558,19.0,30.0,0.0,19.49489865523191,59.76767040865454,10.0,30.0,0.0,18.741911175273019,63.394776813720458,12.000000000000002,30.0,1011.9108975490253,19.831950058492564,58.930107538335629,19.6,30.0,0.0,20.279827974857889,0.0,0.0,0.0,17.564558991477527,0.0,0.0,870.6714080855122,1064.534134127291,831.1939004839712,844.4778361356177,976.335164722469,1388.266148291964,924.8491226486455,943.782329454403,936.6535858297062,5559.360495192379,81.70390194539411,83.0990742516328,570.0,0.0,570.0,570.0,21.0,16.0,19.0,19.0,12.0,12.0,21.0,10.0,1.0,0.0,0.0,0.0,1231.9251999130534,0.0,0.0,0.0,0.0,1011.9108975490253,2111.422447115965,1266853.468269579,1648770.0396288438,81.70390194539411,83.12276890904693,0.20638074823719886,0.4602216972275426,0.21616882441179575,83.12276890904693,0.21255886916633252,1648770.0396288438,0.10169604206069988 
 04/21  22:20:00,9.0,90.33333333333334,3.8200000000000005,0.0,0.0,0.0,0.0,0.0,2.0,0.0,0.0,4.0,0.0,0.0,0.0,584.0,0.0,0.0,0.0,0.0,0.0,0.0,0.0,0.0,0.0,0.0,0.0,21.61016991833082,-378.9554160303146,22.14782396481013,-169.0785628693967,21.023271917731667,-112.81181615076457,20.778039608199028,27.15133380795851,19.443443009815547,1.6981176320590379,22.070821457335474,-25.810217821599964,19.518428275558788,-47.80467085420878,18.76656500699208,-58.72760259689335,19.546457858469869,-45.480908087661877,462.64485842462639,445.71516469452765,0.0,0.0,0.0,0.0,0.0,0.0,0.0,0.0,0.0,0.0,0.0,0.0,0.0,0.0,0.0,0.0,0.0,0.0,0.0,0.0,0.0,0.0,1.5684010282663815,0.4787548926332056,208.73972011104378,243.08633719140546,5322.183675550094,0.09725051766620197,0.014842875101679178,41.820550245083,48.60245387175601,1106.9881870515879,3.485317869754219,0.6586012603466025,350.375160439272,409.484617736435,8394.210693481271,0.32154492806799508,0.060760568417988467,184.81760159163268,216.08864200666563,4425.073157678102,0.0,0.0,5.106731899496099,5.996157914228944,106.1030802062723,0.0,0.0,13.232106258542885,15.364258371526919,350.69974066406646,0.0,0.0,109.64902445406455,128.79248372248083,2271.3271065770006,0.0,0.0,25.132372137392467,29.59000769062436,485.64002358784287,0.0,0.0,89.93955338749677,105.5365301003228,1914.1645231683179,22.56225747966314,15.474799368767592,357.66374302211696,418.9383360261332,8557.646984293178,0.0,0.0,85.88067061199458,101.5480099685773,1453.584358936119,660.4171403095536,21.75389219557113,50.229440865248019,21.5,30.0,0.0,22.398912423470557,52.25547789881596,21.0,30.0,0.0,20.975059250888827,52.072452126327288,21.0,30.0,0.0,21.0502981636403,51.997416669965648,16.0,30.0,0.0,19.41662655087275,61.385846819953908,12.0,30.0,0.0,22.42876175545681,55.87478055236201,19.0,30.0,0.0,19.384135966607066,60.04781098447545,10.0,30.0,0.0,18.66154807135105,63.87893084697889,12.0,30.0,0.0,19.68126669728006,59.191314047297328,19.0,30.0,0.0,20.35294965508284,0.0,0.0,0.0,17.410311682834505,0.0,0.0,859.7279463974292,1077.569894018514,832.2459719144807,839.1617885258415,968.2940082318132,1353.3707752037493,924.785328479181,957.1141561889529,931.1597669902296,8583.669158116789,82.3292287249237,82.32922872492371,570.0,0.0,570.0,570.0,21.0,16.0,19.0,19.0,12.0,12.0,21.0,10.0,1.0,0.0,660.4171403095536,0.0,0.0,0.0,0.0,0.0,0.0,0.0,0.0,0.0,0.0,82.3292287249237,82.3292287249237,0.34,0.7716372591984586,0.36028137401965956,82.3292287249237,0.3542647819438875,0.0,0.015675 
 04/21  22:30:00,9.035,90.5,3.94,0.0,0.0,0.0,0.0,0.0,2.0,0.0,0.0,4.0,0.0,0.0,0.0,1168.0,0.0,0.0,0.0,0.0,0.0,0.0,0.0,0.0,0.0,0.0,0.0,21.510797771711006,-142.17077798307288,22.14812880547081,-167.78105357426723,21.503549638231875,-761.4385901854819,20.73734177679929,289.17033762815125,19.442140462923015,2.3856108435254486,22.065334592350717,-24.095930005407838,19.59171659344239,56.59368114730978,18.72050154617775,-68.58625464078605,19.46435012098754,-18.945822661873139,453.1670254661549,309.76190972741326,0.0,0.0,0.0,0.0,0.0,0.0,0.0,0.0,0.0,0.0,0.0,0.0,0.0,0.0,0.0,0.0,0.0,0.0,0.0,0.0,0.0,0.0,1.5527274065422628,0.47397051481754057,227.6820031314712,266.2357681833616,5617.8390339732909,0.11315005810430667,0.017269544887714696,39.959918224223788,46.51901001634712,1055.585133351265,3.3861532348524885,0.639862667205686,358.60805097380355,418.42095165380808,9055.56042329728,0.3417327761506811,0.06457535452582786,213.21819148828718,249.09559562114775,5086.6000092681529,0.0,0.0,5.1216210617343329,6.025309257890099,105.98701299372522,0.0,0.0,12.470153108626264,14.508979097653676,329.39308020386877,0.0,0.0,79.53630016053141,93.63499400547738,1662.404839698977,0.0,0.0,24.907355428750806,29.383217999185019,476.448547526383,0.0,0.0,58.22791338154463,68.55204073263663,1221.1332321767516,22.20069779436909,15.226816045520647,364.2183992246793,426.83158974308437,8720.291422852824,0.0,0.0,54.573869709908418,64.77650589944162,890.610352111929,0.0,21.42324176775893,50.78487495236508,21.0,30.0,0.0,22.404672302777486,52.24868102458335,21.0,30.0,1216.199036371832,21.693166619021676,49.78795513943473,21.5,30.0,0.0,21.011120483638537,52.13374936191306,16.0,30.0,0.0,19.41353166577573,61.13704852287955,12.0,30.0,0.0,22.4232907475435,55.01861761158584,19.0,30.0,0.0,19.541043331415844,58.70560388692978,10.0,30.0,0.0,18.5997833364258,64.15530955187985,12.0,30.0,0.0,19.55195091561004,59.35007337318684,19.0,30.0,0.0,20.343041701167097,0.0,0.0,0.0,17.106574114490738,0.0,0.0,842.3036516683783,1081.3621546858518,832.4663070494376,842.3238290033163,962.78143677308,1341.695117829418,901.6829524218385,965.5471810399607,923.1682752289343,6314.863515028109,82.79086126290702,82.79086126290702,570.0,0.0,570.0,570.0,21.0,16.0,19.0,19.0,12.0,12.0,21.0,10.0,1.0,0.0,0.0,0.0,1216.199036371832,0.0,0.0,0.0,0.0,0.0,0.0,0.0,0.0,82.79086126290702,82.79086126290702,0.255,0.5775397632799599,0.27021103051474468,82.79086126290702,0.2656985864579156,0.0,0.015389999999999998 
 04/21  22:40:00,9.07,90.66666666666667,4.06,0.0,0.0,0.0,0.0,0.0,2.0,0.0,0.0,0.0,0.0,0.0,0.0,1168.0,0.0,0.0,0.0,0.0,0.0,0.0,0.0,0.0,0.0,0.0,0.0,21.34332170546516,25.700005060350578,21.870048971967234,-457.66149967877007,21.17851331872223,-109.55015724299233,20.791517294045776,41.37481167863871,19.441902989166203,2.042864079797887,21.944184483023525,-41.11759917040608,19.737907872333225,65.98666713010812,18.66119983284372,-79.31155416830092,19.30309350117708,-279.9409665653993,496.42016627797877,580.3896614037392,0.0,0.0,0.0,0.0,0.0,0.0,0.0,0.0,0.0,0.0,0.0,0.0,0.0,0.0,0.0,0.0,0.0,0.0,0.0,0.0,0.0,0.0,1.4728436711937084,0.44958598021785969,405.8763477405647,475.0901330321174,9884.665454480793,0.24503490245516469,0.0373984893857089,241.04551313175888,281.35869074997239,6135.681056245074,3.5132960905442109,0.6638881501406296,303.2300705461536,354.71426898685749,7423.757537174436,0.32752173455898206,0.06188997251681442,139.65731983541347,163.30715718619329,3326.062771207705,0.0,0.0,6.025985968285994,7.091449734776978,124.26678450212417,0.0,0.0,12.024686120027735,14.000149445227369,313.60802994088979,0.0,0.0,140.53017739498848,165.07976359972097,3005.870444705544,0.0,0.0,28.57992981259823,33.726687155498428,539.9368780425996,0.0,0.0,87.4591992258891,102.91663970933485,1776.0056191752638,21.703530248674466,14.885823215826113,493.35271367822306,578.7581257787537,11816.509365739315,0.0,0.0,106.04783303820192,125.6488569833122,1747.1357547005246,0.0,21.37036055588306,51.74748349138986,21.0,30.0,0.0,21.932836769519555,49.842093393108488,12.0,30.0,0.0,21.288414859065669,52.64733493228935,21.0,30.0,0.0,21.070432233087677,53.659986954535508,12.0,30.0,0.0,19.413524267100365,60.78824126138016,12.0,30.0,0.0,22.282143882612595,54.48922767725355,12.0,30.0,0.0,19.81300939129939,58.642784320362299,10.0,30.0,0.0,18.514075638257795,64.08390270891607,12.0,30.0,0.0,19.256439252164179,60.65576949060261,19.0,30.0,0.0,20.613407055989506,0.0,0.0,0.0,17.25031962867105,0.0,0.0,887.6823703761645,881.5612615622729,920.0824766338931,932.3139147344516,957.0728124644822,1318.6794352399443,951.9510027094051,965.58408836427,946.6807239628147,0.0,83.85080197470019,83.85080197470019,60.0,0.0,60.0,60.0,12.0,12.0,12.0,19.0,12.0,12.0,21.0,10.0,0.0,0.0,0.0,0.0,0.0,0.0,0.0,0.0,0.0,0.0,0.0,0.0,0.0,83.85080197470019,83.85080197470019,0.0,0.0,0.0,83.85080197470019,0.0,0.0,0.00159 
 04/21  22:50:00,9.105,90.83333333333334,4.18,0.0,0.0,0.0,0.0,0.0,2.0,0.0,0.0,0.0,0.0,0.0,0.0,584.0,0.0,0.0,0.0,0.0,0.0,0.0,0.0,0.0,0.0,0.0,0.0,21.240863458794779,-99.79573584518494,21.547416972828417,-185.51507759447828,21.030360899848156,59.07088154002713,20.69762170938447,26.02480096151905,19.439635300426514,1.8080556677870306,21.81466205167463,-39.13283439375368,19.727434548782246,5.828807037745719,18.623575864231428,-65.2340001713053,19.094239452980827,-258.15634521609197,437.72387881026318,626.4339681434819,0.0,0.0,0.0,0.0,0.0,0.0,0.0,0.0,0.0,0.0,0.0,0.0,0.0,0.0,0.0,0.0,0.0,0.0,0.0,0.0,0.0,0.0,1.5217502947596625,0.464514741990129,279.2391496029354,325.95666757486068,6701.281595716102,0.26089125047164288,0.03981856692180141,166.39735052184234,194.49382893218707,4051.9260461550295,3.5299683519670825,0.6670386152621095,158.3766900338228,184.9213884714431,3835.6848448203506,0.31778743657471089,0.060050536011850109,80.2872367497761,94.0733811614929,1889.8981952909465,0.0,0.0,5.574348763197795,6.544465408623683,114.57358878788812,0.0,0.0,11.523061674615434,13.4016654582983,295.58503968642307,0.0,0.0,153.78950288941929,180.33963885436556,3269.0793338499809,0.0,0.0,27.292801100035253,32.15387917092702,511.4187113171175,0.0,0.0,102.76452222856668,120.8416507184389,2012.5922241455485,20.961306979774137,14.376753758418478,262.6859523477679,307.6314961608077,6312.876145098715,0.0,0.0,120.98875468888423,143.04475014884486,2007.0484540457933,0.0,21.201662330570899,52.10167797120947,21.0,30.0,0.0,21.415223532530506,50.56439705306333,12.0,30.0,0.0,21.071000858054729,52.274102218737649,21.5,30.0,0.0,20.903511653473929,54.01266910327301,12.0,30.0,0.0,19.41131718771581,60.651801948110577,12.0,30.0,0.0,22.08943064620338,54.02649095071903,12.0,30.0,0.0,19.779760374966594,58.28862359924831,10.0,30.0,0.0,18.46899607801891,64.09867460701888,12.0,30.0,0.0,18.91405519612424,62.23806340247551,19.5,30.0,0.0,20.330971740310937,0.0,0.0,0.0,17.342698600965908,0.0,0.0,879.3693156048528,836.8574164414114,867.3590245980067,923.9778317879783,959.6345257226689,1289.1627568634495,933.5876326541263,967.8394509510923,965.2757267427014,0.0,83.85080197470019,83.85080197470019,60.0,0.0,60.0,60.0,12.0,12.0,12.0,19.0,12.0,12.0,21.0,10.0,0.0,0.0,0.0,0.0,0.0,0.0,0.0,0.0,0.0,0.0,0.0,0.0,0.0,83.85080197470019,83.85080197470019,0.0,0.0,0.0,83.85080197470019,0.0,0.0,0.0015999999999999999 
 04/21  23:00:00,9.14,91.0,4.3,0.0,0.0,0.0,0.0,0.0,2.0,0.0,0.0,0.0,0.0,0.0,0.0,584.0,0.0,0.0,0.0,0.0,0.0,0.0,0.0,0.0,0.0,0.0,0.0,21.00971075704613,-8.959369614017306,21.42947572567973,-256.87706798462207,20.902819709879695,-133.7759583526149,20.581496555980658,-7.893675542337405,19.437864402036035,3.7655437987569515,21.71116007471535,-42.97186556732075,19.598860010409383,-88.28170715907845,18.608447645358603,-48.35493647272557,18.94230113065585,-258.34165485192309,362.53054934253125,629.0608679110251,0.0,0.0,0.0,0.0,0.0,0.0,0.0,0.0,0.0,0.0,0.0,0.0,0.0,0.0,0.0,0.0,0.0,0.0,0.0,0.0,0.0,0.0,1.51172151009301,0.4614534524093437,324.3394036041133,379.01028860587976,7552.913743201772,0.2584002347877085,0.03943837527284929,170.19297873592527,198.38014713169287,4060.380171063949,3.486264908798491,0.6587802170821036,249.64837615034117,291.880528773627,5882.126702409645,0.3049036265745758,0.057615953623313637,120.65375749388754,140.9701645886583,2771.2375533843935,0.0,0.0,4.920219878309308,5.779511495922634,100.77153972933405,0.0,0.0,11.502443211445872,13.383810066381593,291.0847912531443,0.0,0.0,162.78590964851277,191.11676069507184,3372.8949682452814,0.0,0.0,22.011971063785635,25.93214104383204,410.82751697169456,0.0,0.0,120.12292798373417,141.4138924714685,2291.9550341774859,19.741536889825345,13.5401487584536,400.47670594007345,468.91446228446577,9252.774584302246,0.0,0.0,134.90232741655053,159.55153934619418,2225.464555974949,0.0,20.819359847552286,53.022228296072878,22.0,30.0,0.0,21.266776646527853,50.80452071938803,12.0,30.0,0.0,20.86693376863058,52.08139389947613,22.0,30.0,0.0,20.699624693580888,53.66001037803071,12.0,30.0,0.0,19.411528750278273,60.45632231845335,12.0,30.0,0.0,21.94514724600922,53.732506693942827,12.0,30.0,0.0,19.533092581629007,58.971293702134889,10.0,30.0,0.0,18.467420815495026,63.79139027275402,12.0,30.0,0.0,18.68276273843835,62.708464417610418,20.0,30.0,0.0,20.23963741946437,0.0,0.0,0.0,17.336770249185045,0.0,0.0,865.1986359764467,828.9177363692359,829.9433793918195,876.7640702572485,959.4182468208296,1270.776109717772,931.4839892775857,961.9921984582032,955.3882304639849,0.0,83.85080197470019,83.85080197470019,60.0,0.0,60.0,60.0,12.0,12.0,12.0,19.0,12.0,12.0,21.0,10.0,0.0,0.0,0.0,0.0,0.0,0.0,0.0,0.0,0.0,0.0,0.0,0.0,0.0,83.85080197470019,83.85080197470019,0.0,0.0,0.0,83.85080197470019,0.0,0.0,0.00161 
 04/21  23:10:00,9.163333333333334,91.16666666666667,4.316666666666666,0.0,0.0,0.0,0.0,0.0,2.0,0.0,0.0,0.0,0.0,0.0,0.0,584.0,0.0,0.0,0.0,0.0,0.0,0.0,0.0,0.0,0.0,0.0,0.0,20.981966466165198,-133.83713564870869,21.218538560629644,-191.14684500519366,20.73544524641109,-56.07084130528301,20.502090578894739,-50.6917452049679,19.434581659014844,1.9041365708021374,21.62430852701072,-45.68476247857589,19.489402506881289,-66.20597825975028,18.596102820899433,-45.31321963596895,18.8260588774756,-243.30518271464599,329.92691238560476,594.8871616439974,0.0,0.0,0.0,0.0,0.0,0.0,0.0,0.0,0.0,0.0,0.0,0.0,0.0,0.0,0.0,0.0,0.0,0.0,0.0,0.0,0.0,0.0,1.4913931557562009,0.45524821604279638,278.47421626422467,325.59924019197578,6448.873339992685,0.2626627618079364,0.04008894410988041,144.34790204284634,169.02688258110866,3368.560792770347,3.4646021700742466,0.6546867290389735,248.16228762607515,290.18452276260907,5714.824550686066,0.2997135195061977,0.05663520776761103,140.18866971266599,164.0764678562633,3180.1668378105935,0.0,0.0,5.134861101241471,6.027394748512394,104.91555669677214,0.0,0.0,11.483087480808745,13.368606697147986,287.61741451897367,0.0,0.0,160.65160037389385,188.71771597724149,3264.5114620697988,0.0,0.0,19.15893675433825,22.569813589628674,356.70462960577359,0.0,0.0,119.45007847284015,140.72006417322207,2236.271602227459,19.464067600311656,13.34984060378029,369.3040406649483,432.86983641594517,8460.0762915024,0.0,0.0,132.45432032486813,156.7201537720959,2159.0102093684724,0.0,20.797358176786604,52.300940233195877,22.0,30.0,0.0,20.953037102793304,50.740265708103837,12.0,30.0,0.0,20.609474215212026,52.27788639693258,22.0,30.0,0.0,20.575808907331156,53.53555672512333,12.0,30.0,0.0,19.409559774213244,60.263178181939668,12.0,30.0,0.0,21.832757445492093,53.3413506400873,12.0,30.0,0.0,19.3523974749943,59.204170633712738,10.0,30.0,0.0,18.468316012869218,63.458255973216569,12.0,30.0,0.0,18.52100243090576,62.97412131724719,20.0,30.0,0.0,20.134324247405816,0.0,0.0,0.0,17.258795395655008,0.0,0.0,830.717813697581,782.385536392977,802.4976191816305,853.3743613047133,959.9144048986725,1249.667898852526,919.0936269767078,954.8421659909387,947.0961631589273,0.0,83.85080197470019,83.85080197470019,60.0,0.0,60.0,60.0,12.0,12.0,12.0,19.0,12.0,12.0,21.0,10.0,0.0,0.0,0.0,0.0,0.0,0.0,0.0,0.0,0.0,0.0,0.0,0.0,0.0,83.85080197470019,83.85080197470019,0.0,0.0,0.0,83.85080197470019,0.0,0.0,0.00162 
 04/21  23:20:00,9.186666666666668,91.33333333333334,4.333333333333334,0.0,0.0,0.0,0.0,0.0,2.0,0.0,0.0,0.0,0.0,0.0,0.0,292.0,0.0,0.0,0.0,0.0,0.0,0.0,0.0,0.0,0.0,0.0,0.0,20.94882658603995,24.621728328660539,21.10040244114522,-240.8574014819187,20.660127749491588,-85.6802966840678,20.426677216398735,21.254005479914669,19.42823459533172,2.296483352313601,21.537165409814646,-41.80904915960588,19.422542707596699,-73.39626144234626,18.581256018197118,-44.38779725483346,18.730385459187496,-228.85535919978339,290.3364969850154,601.854588102542,0.0,0.0,0.0,0.0,0.0,0.0,0.0,0.0,0.0,0.0,0.0,0.0,0.0,0.0,0.0,0.0,0.0,0.0,0.0,0.0,0.0,0.0,1.4783764833329652,0.4512748728122604,201.74354153036635,235.1431414243886,4682.115606399195,0.2535695657146726,0.03870109366829558,186.0207307650375,216.89469109781479,4286.6950404764579,3.344881209119577,0.6320637205441381,122.57143907314434,143.03952715608799,2830.372696347845,0.2947371157629671,0.05569484424848205,120.80426599030263,140.94070154775094,2711.352169354304,0.0,0.0,4.873201607535939,5.702692612650241,99.32635168894233,0.0,0.0,11.5395171708967,13.39444841073323,286.102525684158,0.0,0.0,157.6333527385922,184.6030641708278,3167.638912241626,0.0,0.0,17.923692270440986,21.04431572269002,332.8407557266701,0.0,0.0,119.82669869855046,140.72932906587503,2209.041039907691,19.31586833739403,13.248195018788776,261.35380197057148,305.4723324374621,6018.357219307023,0.0,0.0,132.11761881709666,155.8055761614651,2136.672518688777,0.0,20.81341851713942,51.69776682957817,22.0,30.0,0.0,20.79999057711778,50.4957923668236,12.0,30.0,0.0,20.51914824077106,51.714267485586109,22.0,30.0,0.0,20.471920257344864,53.5809766030363,12.0,30.0,0.0,19.4032661785393,59.982027990912737,12.0,30.0,0.0,21.71703246542049,52.936999198237469,12.0,30.0,0.0,19.25423227168288,59.48828316984063,10.0,30.0,0.0,18.463113936531923,63.14285268912763,12.0,30.0,0.0,18.393594225464438,63.20327028197266,20.0,30.0,0.0,19.98675333646532,0.0,0.0,0.0,17.214977879322598,0.0,0.0,805.9962324513268,750.3447859701404,765.5297045442039,840.4176248953625,956.7113453960388,1227.6795029390438,917.955389073036,946.7220056391295,940.0744926276502,0.0,83.85080197470019,83.85080197470019,60.0,0.0,60.0,60.0,12.0,12.0,12.0,19.0,12.0,12.0,21.0,10.0,0.0,0.0,0.0,0.0,0.0,0.0,0.0,0.0,0.0,0.0,0.0,0.0,0.0,83.85080197470019,83.85080197470019,0.0,0.0,0.0,83.85080197470019,0.0,0.0,0.0016333333333333335 
 04/21  23:30:00,9.21,91.5,4.35,0.0,0.0,0.0,0.0,0.0,2.0,0.0,0.0,0.0,0.0,0.0,0.0,584.0,0.0,0.0,0.0,0.0,0.0,0.0,0.0,0.0,0.0,0.0,0.0,20.816312117166349,-94.43191589891194,21.057115731006126,-147.1586629140221,20.628591794317324,-32.163861561451088,20.372550910209,-22.045994624138076,19.4208659072018,0.8348716732492392,21.476643721975799,-45.942547138297189,19.38477866116917,-73.3237316345635,18.567492759565455,-40.251608062389667,18.667910221605014,-231.3947732737729,266.6172976294765,588.9950227900481,0.0,0.0,0.0,0.0,0.0,0.0,0.0,0.0,0.0,0.0,0.0,0.0,0.0,0.0,0.0,0.0,0.0,0.0,0.0,0.0,0.0,0.0,1.4641637760283042,0.44693643956907949,202.36689338709989,236.9007390398791,4588.480200081972,0.26330639305892947,0.04018717842779754,104.1635530640192,121.58706935147316,2390.9474708848786,3.3833060058887387,0.6393246420802607,154.03207643715786,180.45084698139017,3532.6915498407176,0.2930206217672646,0.055370487862294887,81.83906629214465,95.69657322265607,1822.1418083416473,0.0,0.0,5.214365021861856,6.1238477831527,105.90689716212759,0.0,0.0,11.381972885047193,13.26053962695895,280.1295070540607,0.0,0.0,161.25261827079948,189.5133743040743,3218.539076816257,0.0,0.0,16.260194787187879,19.158325591084329,300.92958577205629,0.0,0.0,122.7182633571678,144.64112876318007,2239.7295975541007,19.201535111997186,13.169777168722354,222.34524833269405,260.82467725106087,5120.3625664096639,0.0,0.0,133.57961308791375,158.0788403121162,2139.936927936164,0.0,20.574701060126729,52.20441354689054,22.0,30.0,0.0,20.80537726939111,50.592804286757267,12.0,30.0,0.0,20.52021359368655,52.184201265295978,22.0,30.0,0.0,20.39466294151981,53.43817939896043,12.0,30.0,0.0,19.3962475760117,59.82288965070421,12.0,30.0,0.0,21.65285693847671,52.76268231414834,12.0,30.0,0.0,19.213501280771724,59.18641302264385,10.0,30.0,0.0,18.460226567541484,62.90562254752257,12.0,30.0,0.0,18.327826560529169,63.136865203177979,20.0,30.0,0.0,19.88956743716917,0.0,0.0,0.0,17.16519561813047,0.0,0.0,795.3728492605758,755.2763390235125,786.1933374598298,824.2123905515246,953.6980117496573,1218.012209040818,902.2221746973373,939.344462494327,929.8620118918069,0.0,83.85080197470019,83.85080197470019,60.0,0.0,60.0,60.0,12.0,12.0,12.0,19.0,12.0,12.0,21.0,10.0,0.0,0.0,0.0,0.0,0.0,0.0,0.0,0.0,0.0,0.0,0.0,0.0,0.0,83.85080197470019,83.85080197470019,0.0,0.0,0.0,83.85080197470019,0.0,0.0,0.0016466666666666666 
 04/21  23:40:00,9.233333333333333,91.66666666666666,4.366666666666667,0.0,0.0,0.0,0.0,0.0,2.0,0.0,0.0,0.0,0.0,0.0,0.0,292.0,0.0,0.0,0.0,0.0,0.0,0.0,0.0,0.0,0.0,0.0,0.0,20.75270805030855,-87.42337844867234,20.975674483642828,-138.82469811257125,20.596559575954055,11.884871805475996,20.316049475459289,-23.903049132285845,19.410056139002579,0.13675586597889834,21.40404030138526,-46.190530944466107,19.335297132705933,-65.24468273937237,18.55326975152215,-37.433731487015737,18.598242696166268,-217.79262929638754,213.69721437338286,578.3573223686162,0.0,0.0,0.0,0.0,0.0,0.0,0.0,0.0,0.0,0.0,0.0,0.0,0.0,0.0,0.0,0.0,0.0,0.0,0.0,0.0,0.0,0.0,1.4359500033519739,0.4383241768473669,161.71123900955943,188.70323679491984,3645.9150636426609,0.2652385733293671,0.040482077736472398,83.30630449472241,97.13404937321262,1901.7617040008209,3.3675202590660908,0.6363416967245071,125.64291337488919,146.60793469942218,2885.5543077829286,0.291329494911605,0.05505092496440002,10.037289468189512,11.716491411754273,227.27815539362917,0.0,0.0,5.304024845397537,6.207447540047697,107.40763605606455,0.0,0.0,11.325837280133618,13.155472396830599,276.4256600515246,0.0,0.0,160.08438085200246,187.5584540891258,3169.6318972561386,0.0,0.0,15.29955902772577,17.964453174076998,282.44223206742756,0.0,0.0,122.55766316811178,144.0179422691228,2212.3724497834616,19.08828033431756,13.09209899473084,135.84698365865686,159.00559192984779,3217.2276697800546,0.0,0.0,132.09965189257998,155.84113709777552,2097.7045628668445,0.0,20.500026368186206,51.94097381823962,22.0,30.0,0.0,20.714399306163736,51.523823381479797,12.0,30.0,0.0,20.5101987802642,51.951752386978139,22.0,30.0,0.0,20.319923490586889,53.70310147877473,12.0,30.0,0.0,19.384052821551049,59.534100387451207,12.0,30.0,0.0,21.563043689610575,52.46830024302843,12.0,30.0,0.0,19.15028125577786,59.05107560370203,10.0,30.0,0.0,18.45591987667775,62.58179735430125,12.0,30.0,0.0,18.244586309244608,63.13447122306265,20.0,30.0,0.0,19.68302171336922,0.0,0.0,0.0,17.113718391491135,0.0,0.0,773.1919446363966,784.490368642865,775.1606605969306,827.3990213577843,947.0200390985237,1202.0374589614119,889.0334549446916,929.3419734427399,919.9692214829639,0.0,83.85080197470019,83.85080197470019,60.0,0.0,60.0,60.0,12.0,12.0,12.0,19.0,12.0,12.0,21.0,10.0,0.0,0.0,0.0,0.0,0.0,0.0,0.0,0.0,0.0,0.0,0.0,0.0,0.0,83.85080197470019,83.85080197470019,0.0,0.0,0.0,83.85080197470019,0.0,0.0,0.00166 
 04/21  23:50:00,9.256666666666666,91.83333333333333,4.383333333333334,0.0,0.0,0.0,0.0,0.0,2.0,0.0,0.0,0.0,0.0,0.0,0.0,292.0,0.0,0.0,0.0,0.0,0.0,0.0,0.0,0.0,0.0,0.0,0.0,20.78015499841797,-7.009277421637307,20.85274757585845,-252.3212185611428,20.48047107285864,-122.42970493111943,20.29146753800501,14.07381073140823,19.39946431967264,0.32265836951907547,21.345933779404456,-43.929316062819797,19.28085319130703,-78.67211341541679,18.537463324264423,-35.69230687179413,18.540634562068659,-221.98849141500978,255.7984831370486,585.1608845406327,0.0,0.0,0.0,0.0,0.0,0.0,0.0,0.0,0.0,0.0,0.0,0.0,0.0,0.0,0.0,0.0,0.0,0.0,0.0,0.0,0.0,0.0,1.4232539603449557,0.4344487058440036,153.98985854045638,179.60061631945119,3498.7574300452868,0.252865073966004,0.03859357050763187,149.7620378165341,174.77733743497985,3354.331505598313,3.2809721050109799,0.6199871702590667,92.52306238610193,108.0537393621856,2103.719351455565,0.2859469827596107,0.05403382138314638,103.60872245589583,120.96876487378943,2279.1456301810505,0.0,0.0,5.0775430492615369,5.942700951177066,102.480082552781,0.0,0.0,11.31545455827469,13.146685338680575,274.2925967045266,0.0,0.0,159.970856779272,187.47412865195276,3136.341141604605,0.0,0.0,14.385329532657949,16.89148516309348,264.6759104722075,0.0,0.0,125.43969664478274,147.43690958728448,2242.9446369862005,19.056344566492059,13.070195175920484,214.34650024986733,250.70547566293087,4893.953442709463,0.0,0.0,133.95574216505825,158.0512441778018,2113.274792862534,0.0,20.611328301785269,51.955965335542568,22.0,30.0,0.0,20.531847058063648,50.8044041311073,12.0,30.0,0.0,20.321414604089119,51.51504107845339,22.0,30.0,0.0,20.309647965437873,52.79010116415017,12.0,30.0,0.0,19.37380367273003,59.30365656386047,12.0,30.0,0.0,21.500384591656347,52.361784639518209,12.0,30.0,0.0,19.07413679960641,59.13961797578791,10.0,30.0,0.0,18.448544763831188,62.385885374009479,12.0,30.0,0.0,18.180831531532875,63.17955241647378,20.0,30.0,0.0,19.813150907270694,0.0,0.0,0.0,17.08496520125976,0.0,0.0,789.9626198746456,725.0313407030554,727.3623688177247,784.6244891973054,941.2435329176491,1195.0468716242154,883.1448197472489,923.0415411928693,914.5159493331308,0.0,83.85080197470019,83.85080197470019,60.0,0.0,60.0,60.0,12.0,12.0,12.0,19.0,12.0,12.0,21.0,10.0,0.0,0.0,0.0,0.0,0.0,0.0,0.0,0.0,0.0,0.0,0.0,0.0,0.0,83.85080197470019,83.85080197470019,0.0,0.0,0.0,83.85080197470019,0.0,0.0,0.00167 
 04/21  24:00:00,9.28,92.0,4.4,0.0,0.0,0.0,0.0,0.0,2.0,0.0,0.0,0.0,0.0,0.0,0.0,584.0,0.0,0.0,0.0,0.0,0.0,0.0,0.0,0.0,0.0,0.0,0.0,20.634522311347589,-111.96070476927616,20.831760394145875,-117.41317646880361,20.455822848511454,-38.33730268445561,20.243330095568667,-28.893625098749454,19.38821214731534,-0.6711052861005413,21.296244625166375,-46.12788072239414,19.244159669291247,-84.89769671489057,18.521568284648767,-33.78960011440839,18.492147491690966,-227.39997956846083,257.801637393497,576.6460486120786,0.0,0.0,0.0,0.0,0.0,0.0,0.0,0.0,0.0,0.0,0.0,0.0,0.0,0.0,0.0,0.0,0.0,0.0,0.0,0.0,0.0,0.0,1.4237589690012969,0.43460285989050587,232.32439045409195,272.17274706610285,5129.499648207475,0.25757170647316598,0.039311921012387968,122.10358227559758,142.7288532002292,2735.0754274807866,3.2853970467384059,0.6208233270480739,164.5257298889396,192.809581976929,3681.216942391841,0.28325713457482168,0.05352553563394209,79.94781022190225,93.54670733768815,1745.3182490033274,0.0,0.0,5.161617600832553,6.063082551971631,103.77543420282244,0.0,0.0,11.197531923220307,13.055756904388474,269.74659572413887,0.0,0.0,160.8672473943481,189.17585739497668,3132.76593254059,0.0,0.0,13.510762394486962,15.919983604984705,247.62218241739414,0.0,0.0,126.84918518012026,149.61083504654398,2249.514062774106,18.894625991152183,12.959277085838263,264.3722704905069,310.20623914905436,5929.351880211851,0.0,0.0,134.16567470972886,158.8428631531084,2097.580962266665,0.0,20.352490066680035,52.37950624023022,22.0,30.0,0.0,20.572020893645136,50.96389395260861,12.0,30.0,0.0,20.332881722709734,52.00991670335657,22.0,30.0,0.0,20.242419327472434,53.03123080143338,12.0,30.0,0.0,19.36343992940418,59.12687118808834,12.0,30.0,0.0,21.452254371885233,52.268976881833527,12.0,30.0,0.0,19.035132883466355,59.07480796122624,10.0,30.0,0.0,18.44110393956549,62.17726605348812,12.0,30.0,0.0,18.134240823020297,62.98317549808144,20.0,30.0,0.0,19.824985945894789,0.0,0.0,0.0,17.040661671001567,0.0,0.0,771.6323294517309,737.9799202153151,751.4178792600218,785.9491302704141,935.3774989470355,1189.1960816866413,876.9085031376379,915.4330305347606,901.8350477107524,0.0,83.85080197470019,83.85080197470019,60.0,0.0,60.0,60.0,12.0,12.0,12.0,19.0,12.0,12.0,21.0,10.0,0.0,0.0,0.0,0.0,0.0,0.0,0.0,0.0,0.0,0.0,0.0,0.0,0.0,83.85080197470019,83.85080197470019,0.0,0.0,0.0,83.85080197470019,0.0,0.0,0.0016800000000000003 
